iint,T_days,checkpoint,iplast,wc_a_kg,wc_d_kg,wc_tot_kg,bed_a_kg,bed_d_kg,bed_tot_kg,grand_total_kg
        50,      0.676910,CP0_start,   1,    0.0000000000E+00,    2.9197158079E-05,    2.9197158079E-05,    0.0000000000E+00,    0.0000000000E+00,    0.0000000000E+00,    2.9197158079E-05
        50,      0.676910,CP1_after_deposition,   1,    0.0000000000E+00,    2.9197158079E-05,    2.9197158079E-05,    0.0000000000E+00,    0.0000000000E+00,    0.0000000000E+00,    2.9197158079E-05
        50,      0.676910,CP2_after_erosion,   1,    0.0000000000E+00,    2.9197158079E-05,    2.9197158079E-05,    0.0000000000E+00,    0.0000000000E+00,    0.0000000000E+00,    2.9197158079E-05
        50,      0.676910,CP3_after_update_bottom,   1,    0.0000000000E+00,    2.9197158079E-05,    2.9197158079E-05,    0.0000000000E+00,    0.0000000000E+00,    0.0000000000E+00,    2.9197158079E-05
        50,      0.676910,CP4_after_advection,   1,    0.0000000000E+00,    3.0388863868E-05,    3.0388863868E-05,    0.0000000000E+00,    0.0000000000E+00,    0.0000000000E+00,    3.0388863868E-05
        50,      0.676910,CP5_after_vdif,   1,    0.0000000000E+00,    3.0388863868E-05,    3.0388863868E-05,    0.0000000000E+00,    0.0000000000E+00,    0.0000000000E+00,    3.0388863868E-05
        50,      0.676910,CP6_after_kinetics,   1,    0.0000000000E+00,    3.0388863868E-05,    3.0388863868E-05,    0.0000000000E+00,    0.0000000000E+00,    0.0000000000E+00,    3.0388863868E-05
        50,      0.676910,CP7_after_upper_clamp,   1,    0.0000000000E+00,    3.0388863868E-05,    3.0388863868E-05,    0.0000000000E+00,    0.0000000000E+00,    0.0000000000E+00,    3.0388863868E-05
        50,      0.676910,CP8_after_OBC,   1,    0.0000000000E+00,    3.0388863868E-05,    3.0388863868E-05,    0.0000000000E+00,    0.0000000000E+00,    0.0000000000E+00,    3.0388863868E-05
        50,      0.676910,CP9_after_PTsource,   1,    0.0000000000E+00,    3.0388863868E-05,    3.0388863868E-05,    0.0000000000E+00,    0.0000000000E+00,    0.0000000000E+00,    3.0388863868E-05
        50,      0.676910,CP10_after_neg_clamp,   1,    0.0000000000E+00,    3.0388863868E-05,    3.0388863868E-05,    0.0000000000E+00,    0.0000000000E+00,    0.0000000000E+00,    3.0388863868E-05
        50,      0.676910,CP11_after_MPI,   1,    0.0000000000E+00,    3.0388863868E-05,    3.0388863868E-05,    0.0000000000E+00,    0.0000000000E+00,    0.0000000000E+00,    3.0388863868E-05
        50,      0.676910,CP12_end,   1,    0.0000000000E+00,    3.0388863868E-05,    3.0388863868E-05,    0.0000000000E+00,    0.0000000000E+00,    0.0000000000E+00,    3.0388863868E-05
       100,      0.676910,CP0_start,   1,    0.0000000000E+00,    1.1798034397E-04,    1.1798034397E-04,    0.0000000000E+00,    0.0000000000E+00,    0.0000000000E+00,    1.1798034397E-04
       100,      0.676910,CP1_after_deposition,   1,    0.0000000000E+00,    1.1798034397E-04,    1.1798034397E-04,    0.0000000000E+00,    0.0000000000E+00,    0.0000000000E+00,    1.1798034397E-04
       100,      0.676910,CP2_after_erosion,   1,    0.0000000000E+00,    1.1798034397E-04,    1.1798034397E-04,    0.0000000000E+00,    0.0000000000E+00,    0.0000000000E+00,    1.1798034397E-04
       100,      0.676910,CP3_after_update_bottom,   1,    0.0000000000E+00,    1.1798034397E-04,    1.1798034397E-04,    0.0000000000E+00,    0.0000000000E+00,    0.0000000000E+00,    1.1798034397E-04
       100,      0.676910,CP4_after_advection,   1,    0.0000000000E+00,    1.2036373207E-04,    1.2036373207E-04,    0.0000000000E+00,    0.0000000000E+00,    0.0000000000E+00,    1.2036373207E-04
       100,      0.676910,CP5_after_vdif,   1,    0.0000000000E+00,    1.2036373207E-04,    1.2036373207E-04,    0.0000000000E+00,    0.0000000000E+00,    0.0000000000E+00,    1.2036373207E-04
       100,      0.676910,CP6_after_kinetics,   1,    0.0000000000E+00,    1.2036373207E-04,    1.2036373207E-04,    0.0000000000E+00,    0.0000000000E+00,    0.0000000000E+00,    1.2036373207E-04
       100,      0.676910,CP7_after_upper_clamp,   1,    0.0000000000E+00,    1.2036373207E-04,    1.2036373207E-04,    0.0000000000E+00,    0.0000000000E+00,    0.0000000000E+00,    1.2036373207E-04
       100,      0.676910,CP8_after_OBC,   1,    0.0000000000E+00,    1.2036373207E-04,    1.2036373207E-04,    0.0000000000E+00,    0.0000000000E+00,    0.0000000000E+00,    1.2036373207E-04
       100,      0.676910,CP9_after_PTsource,   1,    0.0000000000E+00,    1.2036373207E-04,    1.2036373207E-04,    0.0000000000E+00,    0.0000000000E+00,    0.0000000000E+00,    1.2036373207E-04
       100,      0.676910,CP10_after_neg_clamp,   1,    0.0000000000E+00,    1.2036373207E-04,    1.2036373207E-04,    0.0000000000E+00,    0.0000000000E+00,    0.0000000000E+00,    1.2036373207E-04
       100,      0.676910,CP11_after_MPI,   1,    0.0000000000E+00,    1.2036373207E-04,    1.2036373207E-04,    0.0000000000E+00,    0.0000000000E+00,    0.0000000000E+00,    1.2036373207E-04
       100,      0.676910,CP12_end,   1,    0.0000000000E+00,    1.2036373207E-04,    1.2036373207E-04,    0.0000000000E+00,    0.0000000000E+00,    0.0000000000E+00,    1.2036373207E-04
       150,      0.676910,CP0_start,   1,    0.0000000000E+00,    2.6634956759E-04,    2.6634956759E-04,    0.0000000000E+00,    0.0000000000E+00,    0.0000000000E+00,    2.6634956759E-04
       150,      0.676910,CP1_after_deposition,   1,    0.0000000000E+00,    2.6634956759E-04,    2.6634956759E-04,    0.0000000000E+00,    0.0000000000E+00,    0.0000000000E+00,    2.6634956759E-04
       150,      0.676910,CP2_after_erosion,   1,    0.0000000000E+00,    2.6634956759E-04,    2.6634956759E-04,    0.0000000000E+00,    0.0000000000E+00,    0.0000000000E+00,    2.6634956759E-04
       150,      0.676910,CP3_after_update_bottom,   1,    0.0000000000E+00,    2.6634956759E-04,    2.6634956759E-04,    0.0000000000E+00,    0.0000000000E+00,    0.0000000000E+00,    2.6634956759E-04
       150,      0.676910,CP4_after_advection,   1,    0.0000000000E+00,    2.6992459498E-04,    2.6992459498E-04,    0.0000000000E+00,    0.0000000000E+00,    0.0000000000E+00,    2.6992459498E-04
       150,      0.676910,CP5_after_vdif,   1,    0.0000000000E+00,    2.6992459498E-04,    2.6992459498E-04,    0.0000000000E+00,    0.0000000000E+00,    0.0000000000E+00,    2.6992459498E-04
       150,      0.676910,CP6_after_kinetics,   1,    0.0000000000E+00,    2.6992459498E-04,    2.6992459498E-04,    0.0000000000E+00,    0.0000000000E+00,    0.0000000000E+00,    2.6992459498E-04
       150,      0.676910,CP7_after_upper_clamp,   1,    0.0000000000E+00,    2.6992459498E-04,    2.6992459498E-04,    0.0000000000E+00,    0.0000000000E+00,    0.0000000000E+00,    2.6992459498E-04
       150,      0.676910,CP8_after_OBC,   1,    0.0000000000E+00,    2.6992459498E-04,    2.6992459498E-04,    0.0000000000E+00,    0.0000000000E+00,    0.0000000000E+00,    2.6992459498E-04
       150,      0.676910,CP9_after_PTsource,   1,    0.0000000000E+00,    2.6992459498E-04,    2.6992459498E-04,    0.0000000000E+00,    0.0000000000E+00,    0.0000000000E+00,    2.6992459498E-04
       150,      0.676910,CP10_after_neg_clamp,   1,    0.0000000000E+00,    2.6992459498E-04,    2.6992459498E-04,    0.0000000000E+00,    0.0000000000E+00,    0.0000000000E+00,    2.6992459498E-04
       150,      0.676910,CP11_after_MPI,   1,    0.0000000000E+00,    2.6992459498E-04,    2.6992459498E-04,    0.0000000000E+00,    0.0000000000E+00,    0.0000000000E+00,    2.6992459498E-04
       150,      0.676910,CP12_end,   1,    0.0000000000E+00,    2.6992459498E-04,    2.6992459498E-04,    0.0000000000E+00,    0.0000000000E+00,    0.0000000000E+00,    2.6992459498E-04
       200,      0.676910,CP0_start,   1,    0.0000000000E+00,    4.7430479027E-04,    4.7430479027E-04,    0.0000000000E+00,    0.0000000000E+00,    0.0000000000E+00,    4.7430479027E-04
       200,      0.676910,CP1_after_deposition,   1,    0.0000000000E+00,    4.7430479027E-04,    4.7430479027E-04,    0.0000000000E+00,    0.0000000000E+00,    0.0000000000E+00,    4.7430479027E-04
       200,      0.676910,CP2_after_erosion,   1,    0.0000000000E+00,    4.7430479027E-04,    4.7430479027E-04,    0.0000000000E+00,    0.0000000000E+00,    0.0000000000E+00,    4.7430479027E-04
       200,      0.676910,CP3_after_update_bottom,   1,    0.0000000000E+00,    4.7430479027E-04,    4.7430479027E-04,    0.0000000000E+00,    0.0000000000E+00,    0.0000000000E+00,    4.7430479027E-04
       200,      0.676910,CP4_after_advection,   1,    0.0000000000E+00,    4.7907143655E-04,    4.7907143655E-04,    0.0000000000E+00,    0.0000000000E+00,    0.0000000000E+00,    4.7907143655E-04
       200,      0.676910,CP5_after_vdif,   1,    0.0000000000E+00,    4.7907143655E-04,    4.7907143655E-04,    0.0000000000E+00,    0.0000000000E+00,    0.0000000000E+00,    4.7907143655E-04
       200,      0.676910,CP6_after_kinetics,   1,    0.0000000000E+00,    4.7907143655E-04,    4.7907143655E-04,    0.0000000000E+00,    0.0000000000E+00,    0.0000000000E+00,    4.7907143655E-04
       200,      0.676910,CP7_after_upper_clamp,   1,    0.0000000000E+00,    4.7907143655E-04,    4.7907143655E-04,    0.0000000000E+00,    0.0000000000E+00,    0.0000000000E+00,    4.7907143655E-04
       200,      0.676910,CP8_after_OBC,   1,    0.0000000000E+00,    4.7907143655E-04,    4.7907143655E-04,    0.0000000000E+00,    0.0000000000E+00,    0.0000000000E+00,    4.7907143655E-04
       200,      0.676910,CP9_after_PTsource,   1,    0.0000000000E+00,    4.7907143655E-04,    4.7907143655E-04,    0.0000000000E+00,    0.0000000000E+00,    0.0000000000E+00,    4.7907143655E-04
       200,      0.676910,CP10_after_neg_clamp,   1,    0.0000000000E+00,    4.7907143655E-04,    4.7907143655E-04,    0.0000000000E+00,    0.0000000000E+00,    0.0000000000E+00,    4.7907143655E-04
       200,      0.676910,CP11_after_MPI,   1,    0.0000000000E+00,    4.7907143655E-04,    4.7907143655E-04,    0.0000000000E+00,    0.0000000000E+00,    0.0000000000E+00,    4.7907143655E-04
       200,      0.676910,CP12_end,   1,    0.0000000000E+00,    4.7907143655E-04,    4.7907143655E-04,    0.0000000000E+00,    0.0000000000E+00,    0.0000000000E+00,    4.7907143655E-04
       250,      0.676910,CP0_start,   1,    0.0000000000E+00,    7.4184604303E-04,    7.4184604303E-04,    0.0000000000E+00,    0.0000000000E+00,    0.0000000000E+00,    7.4184604303E-04
       250,      0.676910,CP1_after_deposition,   1,    0.0000000000E+00,    7.4184604303E-04,    7.4184604303E-04,    0.0000000000E+00,    0.0000000000E+00,    0.0000000000E+00,    7.4184604303E-04
       250,      0.676910,CP2_after_erosion,   1,    0.0000000000E+00,    7.4184604303E-04,    7.4184604303E-04,    0.0000000000E+00,    0.0000000000E+00,    0.0000000000E+00,    7.4184604303E-04
       250,      0.676910,CP3_after_update_bottom,   1,    0.0000000000E+00,    7.4184604303E-04,    7.4184604303E-04,    0.0000000000E+00,    0.0000000000E+00,    0.0000000000E+00,    7.4184604303E-04
       250,      0.676910,CP4_after_advection,   1,    0.0000000000E+00,    7.4780423437E-04,    7.4780423437E-04,    0.0000000000E+00,    0.0000000000E+00,    0.0000000000E+00,    7.4780423437E-04
       250,      0.676910,CP5_after_vdif,   1,    0.0000000000E+00,    7.4780423437E-04,    7.4780423437E-04,    0.0000000000E+00,    0.0000000000E+00,    0.0000000000E+00,    7.4780423437E-04
       250,      0.676910,CP6_after_kinetics,   1,    0.0000000000E+00,    7.4780423437E-04,    7.4780423437E-04,    0.0000000000E+00,    0.0000000000E+00,    0.0000000000E+00,    7.4780423437E-04
       250,      0.676910,CP7_after_upper_clamp,   1,    0.0000000000E+00,    7.4780423437E-04,    7.4780423437E-04,    0.0000000000E+00,    0.0000000000E+00,    0.0000000000E+00,    7.4780423437E-04
       250,      0.676910,CP8_after_OBC,   1,    0.0000000000E+00,    7.4780423437E-04,    7.4780423437E-04,    0.0000000000E+00,    0.0000000000E+00,    0.0000000000E+00,    7.4780423437E-04
       250,      0.676910,CP9_after_PTsource,   1,    0.0000000000E+00,    7.4780423437E-04,    7.4780423437E-04,    0.0000000000E+00,    0.0000000000E+00,    0.0000000000E+00,    7.4780423437E-04
       250,      0.676910,CP10_after_neg_clamp,   1,    0.0000000000E+00,    7.4780423437E-04,    7.4780423437E-04,    0.0000000000E+00,    0.0000000000E+00,    0.0000000000E+00,    7.4780423437E-04
       250,      0.676910,CP11_after_MPI,   1,    0.0000000000E+00,    7.4780423437E-04,    7.4780423437E-04,    0.0000000000E+00,    0.0000000000E+00,    0.0000000000E+00,    7.4780423437E-04
       250,      0.676910,CP12_end,   1,    0.0000000000E+00,    7.4780423437E-04,    7.4780423437E-04,    0.0000000000E+00,    0.0000000000E+00,    0.0000000000E+00,    7.4780423437E-04
       300,      0.676910,CP0_start,   1,    0.0000000000E+00,    1.0689732383E-03,    1.0689732383E-03,    0.0000000000E+00,    0.0000000000E+00,    0.0000000000E+00,    1.0689732383E-03
       300,      0.676910,CP1_after_deposition,   1,    0.0000000000E+00,    1.0689732383E-03,    1.0689732383E-03,    0.0000000000E+00,    0.0000000000E+00,    0.0000000000E+00,    1.0689732383E-03
       300,      0.676910,CP2_after_erosion,   1,    0.0000000000E+00,    1.0689732383E-03,    1.0689732383E-03,    0.0000000000E+00,    0.0000000000E+00,    0.0000000000E+00,    1.0689732383E-03
       300,      0.676910,CP3_after_update_bottom,   1,    0.0000000000E+00,    1.0689732383E-03,    1.0689732383E-03,    0.0000000000E+00,    0.0000000000E+00,    0.0000000000E+00,    1.0689732383E-03
       300,      0.676910,CP4_after_advection,   1,    0.0000000000E+00,    1.0761229597E-03,    1.0761229597E-03,    0.0000000000E+00,    0.0000000000E+00,    0.0000000000E+00,    1.0761229597E-03
       300,      0.676910,CP5_after_vdif,   1,    0.0000000000E+00,    1.0761229597E-03,    1.0761229597E-03,    0.0000000000E+00,    0.0000000000E+00,    0.0000000000E+00,    1.0761229597E-03
       300,      0.676910,CP6_after_kinetics,   1,    0.0000000000E+00,    1.0761229597E-03,    1.0761229597E-03,    0.0000000000E+00,    0.0000000000E+00,    0.0000000000E+00,    1.0761229597E-03
       300,      0.676910,CP7_after_upper_clamp,   1,    0.0000000000E+00,    1.0761229597E-03,    1.0761229597E-03,    0.0000000000E+00,    0.0000000000E+00,    0.0000000000E+00,    1.0761229597E-03
       300,      0.676910,CP8_after_OBC,   1,    0.0000000000E+00,    1.0761229597E-03,    1.0761229597E-03,    0.0000000000E+00,    0.0000000000E+00,    0.0000000000E+00,    1.0761229597E-03
       300,      0.676910,CP9_after_PTsource,   1,    0.0000000000E+00,    1.0761229597E-03,    1.0761229597E-03,    0.0000000000E+00,    0.0000000000E+00,    0.0000000000E+00,    1.0761229597E-03
       300,      0.676910,CP10_after_neg_clamp,   1,    0.0000000000E+00,    1.0761229597E-03,    1.0761229597E-03,    0.0000000000E+00,    0.0000000000E+00,    0.0000000000E+00,    1.0761229597E-03
       300,      0.676910,CP11_after_MPI,   1,    0.0000000000E+00,    1.0761229597E-03,    1.0761229597E-03,    0.0000000000E+00,    0.0000000000E+00,    0.0000000000E+00,    1.0761229597E-03
       300,      0.676910,CP12_end,   1,    0.0000000000E+00,    1.0761229597E-03,    1.0761229597E-03,    0.0000000000E+00,    0.0000000000E+00,    0.0000000000E+00,    1.0761229597E-03
       350,      0.676910,CP0_start,   1,    0.0000000000E+00,    1.4556863613E-03,    1.4556863613E-03,    0.0000000000E+00,    0.0000000000E+00,    0.0000000000E+00,    1.4556863613E-03
       350,      0.676910,CP1_after_deposition,   1,    0.0000000000E+00,    1.4556863613E-03,    1.4556863613E-03,    0.0000000000E+00,    0.0000000000E+00,    0.0000000000E+00,    1.4556863613E-03
       350,      0.676910,CP2_after_erosion,   1,    0.0000000000E+00,    1.4556863613E-03,    1.4556863613E-03,    0.0000000000E+00,    0.0000000000E+00,    0.0000000000E+00,    1.4556863613E-03
       350,      0.676910,CP3_after_update_bottom,   1,    0.0000000000E+00,    1.4556863613E-03,    1.4556863613E-03,    0.0000000000E+00,    0.0000000000E+00,    0.0000000000E+00,    1.4556863613E-03
       350,      0.676910,CP4_after_advection,   1,    0.0000000000E+00,    1.4640275772E-03,    1.4640275772E-03,    0.0000000000E+00,    0.0000000000E+00,    0.0000000000E+00,    1.4640275772E-03
       350,      0.676910,CP5_after_vdif,   1,    0.0000000000E+00,    1.4640275772E-03,    1.4640275772E-03,    0.0000000000E+00,    0.0000000000E+00,    0.0000000000E+00,    1.4640275772E-03
       350,      0.676910,CP6_after_kinetics,   1,    0.0000000000E+00,    1.4640275772E-03,    1.4640275772E-03,    0.0000000000E+00,    0.0000000000E+00,    0.0000000000E+00,    1.4640275772E-03
       350,      0.676910,CP7_after_upper_clamp,   1,    0.0000000000E+00,    1.4640275772E-03,    1.4640275772E-03,    0.0000000000E+00,    0.0000000000E+00,    0.0000000000E+00,    1.4640275772E-03
       350,      0.676910,CP8_after_OBC,   1,    0.0000000000E+00,    1.4640275772E-03,    1.4640275772E-03,    0.0000000000E+00,    0.0000000000E+00,    0.0000000000E+00,    1.4640275772E-03
       350,      0.676910,CP9_after_PTsource,   1,    0.0000000000E+00,    1.4640275772E-03,    1.4640275772E-03,    0.0000000000E+00,    0.0000000000E+00,    0.0000000000E+00,    1.4640275772E-03
       350,      0.676910,CP10_after_neg_clamp,   1,    0.0000000000E+00,    1.4640275772E-03,    1.4640275772E-03,    0.0000000000E+00,    0.0000000000E+00,    0.0000000000E+00,    1.4640275772E-03
       350,      0.676910,CP11_after_MPI,   1,    0.0000000000E+00,    1.4640275772E-03,    1.4640275772E-03,    0.0000000000E+00,    0.0000000000E+00,    0.0000000000E+00,    1.4640275772E-03
       350,      0.676910,CP12_end,   1,    0.0000000000E+00,    1.4640275772E-03,    1.4640275772E-03,    0.0000000000E+00,    0.0000000000E+00,    0.0000000000E+00,    1.4640275772E-03
       400,      0.676910,CP0_start,   1,    0.0000000000E+00,    1.9019853008E-03,    1.9019853008E-03,    0.0000000000E+00,    0.0000000000E+00,    0.0000000000E+00,    1.9019853008E-03
       400,      0.676910,CP1_after_deposition,   1,    0.0000000000E+00,    1.9019853008E-03,    1.9019853008E-03,    0.0000000000E+00,    0.0000000000E+00,    0.0000000000E+00,    1.9019853008E-03
       400,      0.676910,CP2_after_erosion,   1,    0.0000000000E+00,    1.9019853008E-03,    1.9019853008E-03,    0.0000000000E+00,    0.0000000000E+00,    0.0000000000E+00,    1.9019853008E-03
       400,      0.676910,CP3_after_update_bottom,   1,    0.0000000000E+00,    1.9019853008E-03,    1.9019853008E-03,    0.0000000000E+00,    0.0000000000E+00,    0.0000000000E+00,    1.9019853008E-03
       400,      0.676910,CP4_after_advection,   1,    0.0000000000E+00,    1.9115180455E-03,    1.9115180455E-03,    0.0000000000E+00,    0.0000000000E+00,    0.0000000000E+00,    1.9115180455E-03
       400,      0.676910,CP5_after_vdif,   1,    0.0000000000E+00,    1.9115180455E-03,    1.9115180455E-03,    0.0000000000E+00,    0.0000000000E+00,    0.0000000000E+00,    1.9115180455E-03
       400,      0.676910,CP6_after_kinetics,   1,    0.0000000000E+00,    1.9115180455E-03,    1.9115180455E-03,    0.0000000000E+00,    0.0000000000E+00,    0.0000000000E+00,    1.9115180455E-03
       400,      0.676910,CP7_after_upper_clamp,   1,    0.0000000000E+00,    1.9115180455E-03,    1.9115180455E-03,    0.0000000000E+00,    0.0000000000E+00,    0.0000000000E+00,    1.9115180455E-03
       400,      0.676910,CP8_after_OBC,   1,    0.0000000000E+00,    1.9115180455E-03,    1.9115180455E-03,    0.0000000000E+00,    0.0000000000E+00,    0.0000000000E+00,    1.9115180455E-03
       400,      0.676910,CP9_after_PTsource,   1,    0.0000000000E+00,    1.9115180455E-03,    1.9115180455E-03,    0.0000000000E+00,    0.0000000000E+00,    0.0000000000E+00,    1.9115180455E-03
       400,      0.676910,CP10_after_neg_clamp,   1,    0.0000000000E+00,    1.9115180455E-03,    1.9115180455E-03,    0.0000000000E+00,    0.0000000000E+00,    0.0000000000E+00,    1.9115180455E-03
       400,      0.676910,CP11_after_MPI,   1,    0.0000000000E+00,    1.9115180455E-03,    1.9115180455E-03,    0.0000000000E+00,    0.0000000000E+00,    0.0000000000E+00,    1.9115180455E-03
       400,      0.676910,CP12_end,   1,    0.0000000000E+00,    1.9115180455E-03,    1.9115180455E-03,    0.0000000000E+00,    0.0000000000E+00,    0.0000000000E+00,    1.9115180455E-03
       450,      0.676910,CP0_start,   1,    0.0000000000E+00,    2.4078700547E-03,    2.4078700547E-03,    0.0000000000E+00,    0.0000000000E+00,    0.0000000000E+00,    2.4078700547E-03
       450,      0.676910,CP1_after_deposition,   1,    0.0000000000E+00,    2.4078700547E-03,    2.4078700547E-03,    0.0000000000E+00,    0.0000000000E+00,    0.0000000000E+00,    2.4078700547E-03
       450,      0.676910,CP2_after_erosion,   1,    0.0000000000E+00,    2.4078700547E-03,    2.4078700547E-03,    0.0000000000E+00,    0.0000000000E+00,    0.0000000000E+00,    2.4078700547E-03
       450,      0.676910,CP3_after_update_bottom,   1,    0.0000000000E+00,    2.4078700547E-03,    2.4078700547E-03,    0.0000000000E+00,    0.0000000000E+00,    0.0000000000E+00,    2.4078700547E-03
       450,      0.676910,CP4_after_advection,   1,    0.0000000000E+00,    2.4185943164E-03,    2.4185943164E-03,    0.0000000000E+00,    0.0000000000E+00,    0.0000000000E+00,    2.4185943164E-03
       450,      0.676910,CP5_after_vdif,   1,    0.0000000000E+00,    2.4185943164E-03,    2.4185943164E-03,    0.0000000000E+00,    0.0000000000E+00,    0.0000000000E+00,    2.4185943164E-03
       450,      0.676910,CP6_after_kinetics,   1,    0.0000000000E+00,    2.4185943164E-03,    2.4185943164E-03,    0.0000000000E+00,    0.0000000000E+00,    0.0000000000E+00,    2.4185943164E-03
       450,      0.676910,CP7_after_upper_clamp,   1,    0.0000000000E+00,    2.4185943164E-03,    2.4185943164E-03,    0.0000000000E+00,    0.0000000000E+00,    0.0000000000E+00,    2.4185943164E-03
       450,      0.676910,CP8_after_OBC,   1,    0.0000000000E+00,    2.4185943164E-03,    2.4185943164E-03,    0.0000000000E+00,    0.0000000000E+00,    0.0000000000E+00,    2.4185943164E-03
       450,      0.676910,CP9_after_PTsource,   1,    0.0000000000E+00,    2.4185943164E-03,    2.4185943164E-03,    0.0000000000E+00,    0.0000000000E+00,    0.0000000000E+00,    2.4185943164E-03
       450,      0.676910,CP10_after_neg_clamp,   1,    0.0000000000E+00,    2.4185943164E-03,    2.4185943164E-03,    0.0000000000E+00,    0.0000000000E+00,    0.0000000000E+00,    2.4185943164E-03
       450,      0.676910,CP11_after_MPI,   1,    0.0000000000E+00,    2.4185943164E-03,    2.4185943164E-03,    0.0000000000E+00,    0.0000000000E+00,    0.0000000000E+00,    2.4185943164E-03
       450,      0.676910,CP12_end,   1,    0.0000000000E+00,    2.4185943164E-03,    2.4185943164E-03,    0.0000000000E+00,    0.0000000000E+00,    0.0000000000E+00,    2.4185943164E-03
       500,      0.676910,CP0_start,   1,    0.0000000000E+00,    2.9733406211E-03,    2.9733406211E-03,    0.0000000000E+00,    0.0000000000E+00,    0.0000000000E+00,    2.9733406211E-03
       500,      0.676910,CP1_after_deposition,   1,    0.0000000000E+00,    2.9733406211E-03,    2.9733406211E-03,    0.0000000000E+00,    0.0000000000E+00,    0.0000000000E+00,    2.9733406211E-03
       500,      0.676910,CP2_after_erosion,   1,    0.0000000000E+00,    2.9733406211E-03,    2.9733406211E-03,    0.0000000000E+00,    0.0000000000E+00,    0.0000000000E+00,    2.9733406211E-03
       500,      0.676910,CP3_after_update_bottom,   1,    0.0000000000E+00,    2.9733406211E-03,    2.9733406211E-03,    0.0000000000E+00,    0.0000000000E+00,    0.0000000000E+00,    2.9733406211E-03
       500,      0.676910,CP4_after_advection,   1,    0.0000000000E+00,    2.9852563358E-03,    2.9852563358E-03,    0.0000000000E+00,    0.0000000000E+00,    0.0000000000E+00,    2.9852563358E-03
       500,      0.676910,CP5_after_vdif,   1,    0.0000000000E+00,    2.9852563358E-03,    2.9852563358E-03,    0.0000000000E+00,    0.0000000000E+00,    0.0000000000E+00,    2.9852563358E-03
       500,      0.676910,CP6_after_kinetics,   1,    0.0000000000E+00,    2.9852563358E-03,    2.9852563358E-03,    0.0000000000E+00,    0.0000000000E+00,    0.0000000000E+00,    2.9852563358E-03
       500,      0.676910,CP7_after_upper_clamp,   1,    0.0000000000E+00,    2.9852563358E-03,    2.9852563358E-03,    0.0000000000E+00,    0.0000000000E+00,    0.0000000000E+00,    2.9852563358E-03
       500,      0.676910,CP8_after_OBC,   1,    0.0000000000E+00,    2.9852563358E-03,    2.9852563358E-03,    0.0000000000E+00,    0.0000000000E+00,    0.0000000000E+00,    2.9852563358E-03
       500,      0.676910,CP9_after_PTsource,   1,    0.0000000000E+00,    2.9852563358E-03,    2.9852563358E-03,    0.0000000000E+00,    0.0000000000E+00,    0.0000000000E+00,    2.9852563358E-03
       500,      0.676910,CP10_after_neg_clamp,   1,    0.0000000000E+00,    2.9852563358E-03,    2.9852563358E-03,    0.0000000000E+00,    0.0000000000E+00,    0.0000000000E+00,    2.9852563358E-03
       500,      0.676910,CP11_after_MPI,   1,    0.0000000000E+00,    2.9852563358E-03,    2.9852563358E-03,    0.0000000000E+00,    0.0000000000E+00,    0.0000000000E+00,    2.9852563358E-03
       500,      0.676910,CP12_end,   1,    0.0000000000E+00,    2.9852563358E-03,    2.9852563358E-03,    0.0000000000E+00,    0.0000000000E+00,    0.0000000000E+00,    2.9852563358E-03
       550,      0.676910,CP0_start,   1,    0.0000000000E+00,    3.5983968304E-03,    3.5983968304E-03,    0.0000000000E+00,    0.0000000000E+00,    0.0000000000E+00,    3.5983968304E-03
       550,      0.676910,CP1_after_deposition,   1,    0.0000000000E+00,    3.5983968304E-03,    3.5983968304E-03,    0.0000000000E+00,    0.0000000000E+00,    0.0000000000E+00,    3.5983968304E-03
       550,      0.676910,CP2_after_erosion,   1,    0.0000000000E+00,    3.5983968304E-03,    3.5983968304E-03,    0.0000000000E+00,    0.0000000000E+00,    0.0000000000E+00,    3.5983968304E-03
       550,      0.676910,CP3_after_update_bottom,   1,    0.0000000000E+00,    3.5983968304E-03,    3.5983968304E-03,    0.0000000000E+00,    0.0000000000E+00,    0.0000000000E+00,    3.5983968304E-03
       550,      0.676910,CP4_after_advection,   1,    0.0000000000E+00,    3.6115040429E-03,    3.6115040429E-03,    0.0000000000E+00,    0.0000000000E+00,    0.0000000000E+00,    3.6115040429E-03
       550,      0.676910,CP5_after_vdif,   1,    0.0000000000E+00,    3.6115040429E-03,    3.6115040429E-03,    0.0000000000E+00,    0.0000000000E+00,    0.0000000000E+00,    3.6115040429E-03
       550,      0.676910,CP6_after_kinetics,   1,    0.0000000000E+00,    3.6115040429E-03,    3.6115040429E-03,    0.0000000000E+00,    0.0000000000E+00,    0.0000000000E+00,    3.6115040429E-03
       550,      0.676910,CP7_after_upper_clamp,   1,    0.0000000000E+00,    3.6115040429E-03,    3.6115040429E-03,    0.0000000000E+00,    0.0000000000E+00,    0.0000000000E+00,    3.6115040429E-03
       550,      0.676910,CP8_after_OBC,   1,    0.0000000000E+00,    3.6115040429E-03,    3.6115040429E-03,    0.0000000000E+00,    0.0000000000E+00,    0.0000000000E+00,    3.6115040429E-03
       550,      0.676910,CP9_after_PTsource,   1,    0.0000000000E+00,    3.6115040429E-03,    3.6115040429E-03,    0.0000000000E+00,    0.0000000000E+00,    0.0000000000E+00,    3.6115040429E-03
       550,      0.676910,CP10_after_neg_clamp,   1,    0.0000000000E+00,    3.6115040429E-03,    3.6115040429E-03,    0.0000000000E+00,    0.0000000000E+00,    0.0000000000E+00,    3.6115040429E-03
       550,      0.676910,CP11_after_MPI,   1,    0.0000000000E+00,    3.6115040429E-03,    3.6115040429E-03,    0.0000000000E+00,    0.0000000000E+00,    0.0000000000E+00,    3.6115040429E-03
       550,      0.676910,CP12_end,   1,    0.0000000000E+00,    3.6115040429E-03,    3.6115040429E-03,    0.0000000000E+00,    0.0000000000E+00,    0.0000000000E+00,    3.6115040429E-03
       600,      0.676910,CP0_start,   1,    0.0000000000E+00,    4.2830386580E-03,    4.2830386580E-03,    0.0000000000E+00,    0.0000000000E+00,    0.0000000000E+00,    4.2830386580E-03
       600,      0.676910,CP1_after_deposition,   1,    0.0000000000E+00,    4.2830386580E-03,    4.2830386580E-03,    0.0000000000E+00,    0.0000000000E+00,    0.0000000000E+00,    4.2830386580E-03
       600,      0.676910,CP2_after_erosion,   1,    0.0000000000E+00,    4.2830386580E-03,    4.2830386580E-03,    0.0000000000E+00,    0.0000000000E+00,    0.0000000000E+00,    4.2830386580E-03
       600,      0.676910,CP3_after_update_bottom,   1,    0.0000000000E+00,    4.2830386580E-03,    4.2830386580E-03,    0.0000000000E+00,    0.0000000000E+00,    0.0000000000E+00,    4.2830386580E-03
       600,      0.676910,CP4_after_advection,   1,    0.0000000000E+00,    4.2973373705E-03,    4.2973373705E-03,    0.0000000000E+00,    0.0000000000E+00,    0.0000000000E+00,    4.2973373705E-03
       600,      0.676910,CP5_after_vdif,   1,    0.0000000000E+00,    4.2973373705E-03,    4.2973373705E-03,    0.0000000000E+00,    0.0000000000E+00,    0.0000000000E+00,    4.2973373705E-03
       600,      0.676910,CP6_after_kinetics,   1,    0.0000000000E+00,    4.2973373705E-03,    4.2973373705E-03,    0.0000000000E+00,    0.0000000000E+00,    0.0000000000E+00,    4.2973373705E-03
       600,      0.676910,CP7_after_upper_clamp,   1,    0.0000000000E+00,    4.2973373705E-03,    4.2973373705E-03,    0.0000000000E+00,    0.0000000000E+00,    0.0000000000E+00,    4.2973373705E-03
       600,      0.676910,CP8_after_OBC,   1,    0.0000000000E+00,    4.2973373705E-03,    4.2973373705E-03,    0.0000000000E+00,    0.0000000000E+00,    0.0000000000E+00,    4.2973373705E-03
       600,      0.676910,CP9_after_PTsource,   1,    0.0000000000E+00,    4.2973373705E-03,    4.2973373705E-03,    0.0000000000E+00,    0.0000000000E+00,    0.0000000000E+00,    4.2973373705E-03
       600,      0.676910,CP10_after_neg_clamp,   1,    0.0000000000E+00,    4.2973373705E-03,    4.2973373705E-03,    0.0000000000E+00,    0.0000000000E+00,    0.0000000000E+00,    4.2973373705E-03
       600,      0.676910,CP11_after_MPI,   1,    0.0000000000E+00,    4.2973373705E-03,    4.2973373705E-03,    0.0000000000E+00,    0.0000000000E+00,    0.0000000000E+00,    4.2973373705E-03
       600,      0.676910,CP12_end,   1,    0.0000000000E+00,    4.2973373705E-03,    4.2973373705E-03,    0.0000000000E+00,    0.0000000000E+00,    0.0000000000E+00,    4.2973373705E-03
       650,      0.676910,CP0_start,   1,    0.0000000000E+00,    5.0272657685E-03,    5.0272657685E-03,    0.0000000000E+00,    0.0000000000E+00,    0.0000000000E+00,    5.0272657685E-03
       650,      0.676910,CP1_after_deposition,   1,    0.0000000000E+00,    5.0272657685E-03,    5.0272657685E-03,    0.0000000000E+00,    0.0000000000E+00,    0.0000000000E+00,    5.0272657685E-03
       650,      0.676910,CP2_after_erosion,   1,    0.0000000000E+00,    5.0272657685E-03,    5.0272657685E-03,    0.0000000000E+00,    0.0000000000E+00,    0.0000000000E+00,    5.0272657685E-03
       650,      0.676910,CP3_after_update_bottom,   1,    0.0000000000E+00,    5.0272657685E-03,    5.0272657685E-03,    0.0000000000E+00,    0.0000000000E+00,    0.0000000000E+00,    5.0272657685E-03
       650,      0.676910,CP4_after_advection,   1,    0.0000000000E+00,    5.0427562452E-03,    5.0427562452E-03,    0.0000000000E+00,    0.0000000000E+00,    0.0000000000E+00,    5.0427562452E-03
       650,      0.676910,CP5_after_vdif,   1,    0.0000000000E+00,    5.0427562452E-03,    5.0427562452E-03,    0.0000000000E+00,    0.0000000000E+00,    0.0000000000E+00,    5.0427562452E-03
       650,      0.676910,CP6_after_kinetics,   1,    0.0000000000E+00,    5.0427562452E-03,    5.0427562452E-03,    0.0000000000E+00,    0.0000000000E+00,    0.0000000000E+00,    5.0427562452E-03
       650,      0.676910,CP7_after_upper_clamp,   1,    0.0000000000E+00,    5.0427562452E-03,    5.0427562452E-03,    0.0000000000E+00,    0.0000000000E+00,    0.0000000000E+00,    5.0427562452E-03
       650,      0.676910,CP8_after_OBC,   1,    0.0000000000E+00,    5.0427562452E-03,    5.0427562452E-03,    0.0000000000E+00,    0.0000000000E+00,    0.0000000000E+00,    5.0427562452E-03
       650,      0.676910,CP9_after_PTsource,   1,    0.0000000000E+00,    5.0427562452E-03,    5.0427562452E-03,    0.0000000000E+00,    0.0000000000E+00,    0.0000000000E+00,    5.0427562452E-03
       650,      0.676910,CP10_after_neg_clamp,   1,    0.0000000000E+00,    5.0427562452E-03,    5.0427562452E-03,    0.0000000000E+00,    0.0000000000E+00,    0.0000000000E+00,    5.0427562452E-03
       650,      0.676910,CP11_after_MPI,   1,    0.0000000000E+00,    5.0427562452E-03,    5.0427562452E-03,    0.0000000000E+00,    0.0000000000E+00,    0.0000000000E+00,    5.0427562452E-03
       650,      0.676910,CP12_end,   1,    0.0000000000E+00,    5.0427562452E-03,    5.0427562452E-03,    0.0000000000E+00,    0.0000000000E+00,    0.0000000000E+00,    5.0427562452E-03
       700,      0.676910,CP0_start,   1,    0.0000000000E+00,    5.8310790687E-03,    5.8310790687E-03,    0.0000000000E+00,    0.0000000000E+00,    0.0000000000E+00,    5.8310790687E-03
       700,      0.676910,CP1_after_deposition,   1,    0.0000000000E+00,    5.8310790687E-03,    5.8310790687E-03,    0.0000000000E+00,    0.0000000000E+00,    0.0000000000E+00,    5.8310790687E-03
       700,      0.676910,CP2_after_erosion,   1,    0.0000000000E+00,    5.8310790687E-03,    5.8310790687E-03,    0.0000000000E+00,    0.0000000000E+00,    0.0000000000E+00,    5.8310790687E-03
       700,      0.676910,CP3_after_update_bottom,   1,    0.0000000000E+00,    5.8310790687E-03,    5.8310790687E-03,    0.0000000000E+00,    0.0000000000E+00,    0.0000000000E+00,    5.8310790687E-03
       700,      0.676910,CP4_after_advection,   1,    0.0000000000E+00,    5.8477605871E-03,    5.8477605871E-03,    0.0000000000E+00,    0.0000000000E+00,    0.0000000000E+00,    5.8477605871E-03
       700,      0.676910,CP5_after_vdif,   1,    0.0000000000E+00,    5.8477605871E-03,    5.8477605871E-03,    0.0000000000E+00,    0.0000000000E+00,    0.0000000000E+00,    5.8477605871E-03
       700,      0.676910,CP6_after_kinetics,   1,    0.0000000000E+00,    5.8477605871E-03,    5.8477605871E-03,    0.0000000000E+00,    0.0000000000E+00,    0.0000000000E+00,    5.8477605871E-03
       700,      0.676910,CP7_after_upper_clamp,   1,    0.0000000000E+00,    5.8477605871E-03,    5.8477605871E-03,    0.0000000000E+00,    0.0000000000E+00,    0.0000000000E+00,    5.8477605871E-03
       700,      0.676910,CP8_after_OBC,   1,    0.0000000000E+00,    5.8477605871E-03,    5.8477605871E-03,    0.0000000000E+00,    0.0000000000E+00,    0.0000000000E+00,    5.8477605871E-03
       700,      0.676910,CP9_after_PTsource,   1,    0.0000000000E+00,    5.8477605871E-03,    5.8477605871E-03,    0.0000000000E+00,    0.0000000000E+00,    0.0000000000E+00,    5.8477605871E-03
       700,      0.676910,CP10_after_neg_clamp,   1,    0.0000000000E+00,    5.8477605871E-03,    5.8477605871E-03,    0.0000000000E+00,    0.0000000000E+00,    0.0000000000E+00,    5.8477605871E-03
       700,      0.676910,CP11_after_MPI,   1,    0.0000000000E+00,    5.8477605871E-03,    5.8477605871E-03,    0.0000000000E+00,    0.0000000000E+00,    0.0000000000E+00,    5.8477605871E-03
       700,      0.676910,CP12_end,   1,    0.0000000000E+00,    5.8477605871E-03,    5.8477605871E-03,    0.0000000000E+00,    0.0000000000E+00,    0.0000000000E+00,    5.8477605871E-03
       750,      0.676910,CP0_start,   1,    0.0000000000E+00,    6.6944777960E-03,    6.6944777960E-03,    0.0000000000E+00,    0.0000000000E+00,    0.0000000000E+00,    6.6944777960E-03
       750,      0.676910,CP1_after_deposition,   1,    0.0000000000E+00,    6.6944777960E-03,    6.6944777960E-03,    0.0000000000E+00,    0.0000000000E+00,    0.0000000000E+00,    6.6944777960E-03
       750,      0.676910,CP2_after_erosion,   1,    0.0000000000E+00,    6.6944777960E-03,    6.6944777960E-03,    0.0000000000E+00,    0.0000000000E+00,    0.0000000000E+00,    6.6944777960E-03
       750,      0.676910,CP3_after_update_bottom,   1,    0.0000000000E+00,    6.6944777960E-03,    6.6944777960E-03,    0.0000000000E+00,    0.0000000000E+00,    0.0000000000E+00,    6.6944777960E-03
       750,      0.676910,CP4_after_advection,   1,    0.0000000000E+00,    6.7123503099E-03,    6.7123503099E-03,    0.0000000000E+00,    0.0000000000E+00,    0.0000000000E+00,    6.7123503099E-03
       750,      0.676910,CP5_after_vdif,   1,    0.0000000000E+00,    6.7123503099E-03,    6.7123503099E-03,    0.0000000000E+00,    0.0000000000E+00,    0.0000000000E+00,    6.7123503099E-03
       750,      0.676910,CP6_after_kinetics,   1,    0.0000000000E+00,    6.7123503099E-03,    6.7123503099E-03,    0.0000000000E+00,    0.0000000000E+00,    0.0000000000E+00,    6.7123503099E-03
       750,      0.676910,CP7_after_upper_clamp,   1,    0.0000000000E+00,    6.7123503099E-03,    6.7123503099E-03,    0.0000000000E+00,    0.0000000000E+00,    0.0000000000E+00,    6.7123503099E-03
       750,      0.676910,CP8_after_OBC,   1,    0.0000000000E+00,    6.7123503099E-03,    6.7123503099E-03,    0.0000000000E+00,    0.0000000000E+00,    0.0000000000E+00,    6.7123503099E-03
       750,      0.676910,CP9_after_PTsource,   1,    0.0000000000E+00,    6.7123503099E-03,    6.7123503099E-03,    0.0000000000E+00,    0.0000000000E+00,    0.0000000000E+00,    6.7123503099E-03
       750,      0.676910,CP10_after_neg_clamp,   1,    0.0000000000E+00,    6.7123503099E-03,    6.7123503099E-03,    0.0000000000E+00,    0.0000000000E+00,    0.0000000000E+00,    6.7123503099E-03
       750,      0.676910,CP11_after_MPI,   1,    0.0000000000E+00,    6.7123503099E-03,    6.7123503099E-03,    0.0000000000E+00,    0.0000000000E+00,    0.0000000000E+00,    6.7123503099E-03
       750,      0.676910,CP12_end,   1,    0.0000000000E+00,    6.7123503099E-03,    6.7123503099E-03,    0.0000000000E+00,    0.0000000000E+00,    0.0000000000E+00,    6.7123503099E-03
       800,      0.676910,CP0_start,   1,    0.0000000000E+00,    7.6174612640E-03,    7.6174612640E-03,    0.0000000000E+00,    0.0000000000E+00,    0.0000000000E+00,    7.6174612640E-03
       800,      0.676910,CP1_after_deposition,   1,    0.0000000000E+00,    7.6174612640E-03,    7.6174612640E-03,    0.0000000000E+00,    0.0000000000E+00,    0.0000000000E+00,    7.6174612640E-03
       800,      0.676910,CP2_after_erosion,   1,    0.0000000000E+00,    7.6174612640E-03,    7.6174612640E-03,    0.0000000000E+00,    0.0000000000E+00,    0.0000000000E+00,    7.6174612640E-03
       800,      0.676910,CP3_after_update_bottom,   1,    0.0000000000E+00,    7.6174612640E-03,    7.6174612640E-03,    0.0000000000E+00,    0.0000000000E+00,    0.0000000000E+00,    7.6174612640E-03
       800,      0.676910,CP4_after_advection,   1,    0.0000000000E+00,    7.6365253209E-03,    7.6365253209E-03,    0.0000000000E+00,    0.0000000000E+00,    0.0000000000E+00,    7.6365253209E-03
       800,      0.676910,CP5_after_vdif,   1,    0.0000000000E+00,    7.6365253209E-03,    7.6365253209E-03,    0.0000000000E+00,    0.0000000000E+00,    0.0000000000E+00,    7.6365253209E-03
       800,      0.676910,CP6_after_kinetics,   1,    0.0000000000E+00,    7.6365253209E-03,    7.6365253209E-03,    0.0000000000E+00,    0.0000000000E+00,    0.0000000000E+00,    7.6365253209E-03
       800,      0.676910,CP7_after_upper_clamp,   1,    0.0000000000E+00,    7.6365253209E-03,    7.6365253209E-03,    0.0000000000E+00,    0.0000000000E+00,    0.0000000000E+00,    7.6365253209E-03
       800,      0.676910,CP8_after_OBC,   1,    0.0000000000E+00,    7.6365253209E-03,    7.6365253209E-03,    0.0000000000E+00,    0.0000000000E+00,    0.0000000000E+00,    7.6365253209E-03
       800,      0.676910,CP9_after_PTsource,   1,    0.0000000000E+00,    7.6365253209E-03,    7.6365253209E-03,    0.0000000000E+00,    0.0000000000E+00,    0.0000000000E+00,    7.6365253209E-03
       800,      0.676910,CP10_after_neg_clamp,   1,    0.0000000000E+00,    7.6365253209E-03,    7.6365253209E-03,    0.0000000000E+00,    0.0000000000E+00,    0.0000000000E+00,    7.6365253209E-03
       800,      0.676910,CP11_after_MPI,   1,    0.0000000000E+00,    7.6365253209E-03,    7.6365253209E-03,    0.0000000000E+00,    0.0000000000E+00,    0.0000000000E+00,    7.6365253209E-03
       800,      0.676910,CP12_end,   1,    0.0000000000E+00,    7.6365253209E-03,    7.6365253209E-03,    0.0000000000E+00,    0.0000000000E+00,    0.0000000000E+00,    7.6365253209E-03
       850,      0.676910,CP0_start,   1,    0.0000000000E+00,    8.6000294691E-03,    8.6000294691E-03,    0.0000000000E+00,    0.0000000000E+00,    0.0000000000E+00,    8.6000294691E-03
       850,      0.676910,CP1_after_deposition,   1,    0.0000000000E+00,    8.6000294691E-03,    8.6000294691E-03,    0.0000000000E+00,    0.0000000000E+00,    0.0000000000E+00,    8.6000294691E-03
       850,      0.676910,CP2_after_erosion,   1,    0.0000000000E+00,    8.6000294691E-03,    8.6000294691E-03,    0.0000000000E+00,    0.0000000000E+00,    0.0000000000E+00,    8.6000294691E-03
       850,      0.676910,CP3_after_update_bottom,   1,    0.0000000000E+00,    8.6000294691E-03,    8.6000294691E-03,    0.0000000000E+00,    0.0000000000E+00,    0.0000000000E+00,    8.6000294691E-03
       850,      0.676910,CP4_after_advection,   1,    0.0000000000E+00,    8.6202855212E-03,    8.6202855212E-03,    0.0000000000E+00,    0.0000000000E+00,    0.0000000000E+00,    8.6202855212E-03
       850,      0.676910,CP5_after_vdif,   1,    0.0000000000E+00,    8.6202855212E-03,    8.6202855212E-03,    0.0000000000E+00,    0.0000000000E+00,    0.0000000000E+00,    8.6202855212E-03
       850,      0.676910,CP6_after_kinetics,   1,    0.0000000000E+00,    8.6202855212E-03,    8.6202855212E-03,    0.0000000000E+00,    0.0000000000E+00,    0.0000000000E+00,    8.6202855212E-03
       850,      0.676910,CP7_after_upper_clamp,   1,    0.0000000000E+00,    8.6202855212E-03,    8.6202855212E-03,    0.0000000000E+00,    0.0000000000E+00,    0.0000000000E+00,    8.6202855212E-03
       850,      0.676910,CP8_after_OBC,   1,    0.0000000000E+00,    8.6202855212E-03,    8.6202855212E-03,    0.0000000000E+00,    0.0000000000E+00,    0.0000000000E+00,    8.6202855212E-03
       850,      0.676910,CP9_after_PTsource,   1,    0.0000000000E+00,    8.6202855212E-03,    8.6202855212E-03,    0.0000000000E+00,    0.0000000000E+00,    0.0000000000E+00,    8.6202855212E-03
       850,      0.676910,CP10_after_neg_clamp,   1,    0.0000000000E+00,    8.6202855212E-03,    8.6202855212E-03,    0.0000000000E+00,    0.0000000000E+00,    0.0000000000E+00,    8.6202855212E-03
       850,      0.676910,CP11_after_MPI,   1,    0.0000000000E+00,    8.6202855212E-03,    8.6202855212E-03,    0.0000000000E+00,    0.0000000000E+00,    0.0000000000E+00,    8.6202855212E-03
       850,      0.676910,CP12_end,   1,    0.0000000000E+00,    8.6202855212E-03,    8.6202855212E-03,    0.0000000000E+00,    0.0000000000E+00,    0.0000000000E+00,    8.6202855212E-03
       900,      0.676910,CP0_start,   1,    0.0000000000E+00,    9.6421830614E-03,    9.6421830614E-03,    0.0000000000E+00,    0.0000000000E+00,    0.0000000000E+00,    9.6421830614E-03
       900,      0.676910,CP1_after_deposition,   1,    0.0000000000E+00,    9.6421830614E-03,    9.6421830614E-03,    0.0000000000E+00,    0.0000000000E+00,    0.0000000000E+00,    9.6421830614E-03
       900,      0.676910,CP2_after_erosion,   1,    0.0000000000E+00,    9.6421830614E-03,    9.6421830614E-03,    0.0000000000E+00,    0.0000000000E+00,    0.0000000000E+00,    9.6421830614E-03
       900,      0.676910,CP3_after_update_bottom,   1,    0.0000000000E+00,    9.6421830614E-03,    9.6421830614E-03,    0.0000000000E+00,    0.0000000000E+00,    0.0000000000E+00,    9.6421830614E-03
       900,      0.676910,CP4_after_advection,   1,    0.0000000000E+00,    9.6636308052E-03,    9.6636308052E-03,    0.0000000000E+00,    0.0000000000E+00,    0.0000000000E+00,    9.6636308052E-03
       900,      0.676910,CP5_after_vdif,   1,    0.0000000000E+00,    9.6636308052E-03,    9.6636308052E-03,    0.0000000000E+00,    0.0000000000E+00,    0.0000000000E+00,    9.6636308052E-03
       900,      0.676910,CP6_after_kinetics,   1,    0.0000000000E+00,    9.6636308052E-03,    9.6636308052E-03,    0.0000000000E+00,    0.0000000000E+00,    0.0000000000E+00,    9.6636308052E-03
       900,      0.676910,CP7_after_upper_clamp,   1,    0.0000000000E+00,    9.6636308052E-03,    9.6636308052E-03,    0.0000000000E+00,    0.0000000000E+00,    0.0000000000E+00,    9.6636308052E-03
       900,      0.676910,CP8_after_OBC,   1,    0.0000000000E+00,    9.6636308052E-03,    9.6636308052E-03,    0.0000000000E+00,    0.0000000000E+00,    0.0000000000E+00,    9.6636308052E-03
       900,      0.676910,CP9_after_PTsource,   1,    0.0000000000E+00,    9.6636308052E-03,    9.6636308052E-03,    0.0000000000E+00,    0.0000000000E+00,    0.0000000000E+00,    9.6636308052E-03
       900,      0.676910,CP10_after_neg_clamp,   1,    0.0000000000E+00,    9.6636308052E-03,    9.6636308052E-03,    0.0000000000E+00,    0.0000000000E+00,    0.0000000000E+00,    9.6636308052E-03
       900,      0.676910,CP11_after_MPI,   1,    0.0000000000E+00,    9.6636308052E-03,    9.6636308052E-03,    0.0000000000E+00,    0.0000000000E+00,    0.0000000000E+00,    9.6636308052E-03
       900,      0.676910,CP12_end,   1,    0.0000000000E+00,    9.6636308052E-03,    9.6636308052E-03,    0.0000000000E+00,    0.0000000000E+00,    0.0000000000E+00,    9.6636308052E-03
       950,      0.676910,CP0_start,   1,    0.0000000000E+00,    1.0733493938E-02,    1.0733493938E-02,    0.0000000000E+00,    0.0000000000E+00,    0.0000000000E+00,    1.0733493938E-02
       950,      0.676910,CP1_after_deposition,   1,    0.0000000000E+00,    1.0733493938E-02,    1.0733493938E-02,    0.0000000000E+00,    0.0000000000E+00,    0.0000000000E+00,    1.0733493938E-02
       950,      0.676910,CP2_after_erosion,   1,    0.0000000000E+00,    1.0733493938E-02,    1.0733493938E-02,    0.0000000000E+00,    0.0000000000E+00,    0.0000000000E+00,    1.0733493938E-02
       950,      0.676910,CP3_after_update_bottom,   1,    0.0000000000E+00,    1.0733493938E-02,    1.0733493938E-02,    0.0000000000E+00,    0.0000000000E+00,    0.0000000000E+00,    1.0733493938E-02
       950,      0.676910,CP4_after_advection,   1,    0.0000000000E+00,    1.0755914981E-02,    1.0755914981E-02,    0.0000000000E+00,    0.0000000000E+00,    0.0000000000E+00,    1.0755914981E-02
       950,      0.676910,CP5_after_vdif,   1,    0.0000000000E+00,    1.0755914981E-02,    1.0755914981E-02,    0.0000000000E+00,    0.0000000000E+00,    0.0000000000E+00,    1.0755914981E-02
       950,      0.676910,CP6_after_kinetics,   1,    0.0000000000E+00,    1.0755914981E-02,    1.0755914981E-02,    0.0000000000E+00,    0.0000000000E+00,    0.0000000000E+00,    1.0755914981E-02
       950,      0.676910,CP7_after_upper_clamp,   1,    0.0000000000E+00,    1.0755914981E-02,    1.0755914981E-02,    0.0000000000E+00,    0.0000000000E+00,    0.0000000000E+00,    1.0755914981E-02
       950,      0.676910,CP8_after_OBC,   1,    0.0000000000E+00,    1.0755914981E-02,    1.0755914981E-02,    0.0000000000E+00,    0.0000000000E+00,    0.0000000000E+00,    1.0755914981E-02
       950,      0.676910,CP9_after_PTsource,   1,    0.0000000000E+00,    1.0755914981E-02,    1.0755914981E-02,    0.0000000000E+00,    0.0000000000E+00,    0.0000000000E+00,    1.0755914981E-02
       950,      0.676910,CP10_after_neg_clamp,   1,    0.0000000000E+00,    1.0755914981E-02,    1.0755914981E-02,    0.0000000000E+00,    0.0000000000E+00,    0.0000000000E+00,    1.0755914981E-02
       950,      0.676910,CP11_after_MPI,   1,    0.0000000000E+00,    1.0755914981E-02,    1.0755914981E-02,    0.0000000000E+00,    0.0000000000E+00,    0.0000000000E+00,    1.0755914981E-02
       950,      0.676910,CP12_end,   1,    0.0000000000E+00,    1.0755914981E-02,    1.0755914981E-02,    0.0000000000E+00,    0.0000000000E+00,    0.0000000000E+00,    1.0755914981E-02
      1000,      0.676910,CP0_start,   1,    0.0000000000E+00,    1.1883606640E-02,    1.1883606640E-02,    0.0000000000E+00,    0.0000000000E+00,    0.0000000000E+00,    1.1883606640E-02
      1000,      0.676910,CP1_after_deposition,   1,    0.0000000000E+00,    1.1883606640E-02,    1.1883606640E-02,    0.0000000000E+00,    0.0000000000E+00,    0.0000000000E+00,    1.1883606640E-02
      1000,      0.676910,CP2_after_erosion,   1,    0.0000000000E+00,    1.1883606640E-02,    1.1883606640E-02,    0.0000000000E+00,    0.0000000000E+00,    0.0000000000E+00,    1.1883606640E-02
      1000,      0.676910,CP3_after_update_bottom,   1,    0.0000000000E+00,    1.1883606640E-02,    1.1883606640E-02,    0.0000000000E+00,    0.0000000000E+00,    0.0000000000E+00,    1.1883606640E-02
      1000,      0.676910,CP4_after_advection,   1,    0.0000000000E+00,    1.1907208865E-02,    1.1907208865E-02,    0.0000000000E+00,    0.0000000000E+00,    0.0000000000E+00,    1.1907208865E-02
      1000,      0.676910,CP5_after_vdif,   1,    0.0000000000E+00,    1.1907208865E-02,    1.1907208865E-02,    0.0000000000E+00,    0.0000000000E+00,    0.0000000000E+00,    1.1907208865E-02
      1000,      0.676910,CP6_after_kinetics,   1,    0.0000000000E+00,    1.1907208865E-02,    1.1907208865E-02,    0.0000000000E+00,    0.0000000000E+00,    0.0000000000E+00,    1.1907208865E-02
      1000,      0.676910,CP7_after_upper_clamp,   1,    0.0000000000E+00,    1.1907208865E-02,    1.1907208865E-02,    0.0000000000E+00,    0.0000000000E+00,    0.0000000000E+00,    1.1907208865E-02
      1000,      0.676910,CP8_after_OBC,   1,    0.0000000000E+00,    1.1907208865E-02,    1.1907208865E-02,    0.0000000000E+00,    0.0000000000E+00,    0.0000000000E+00,    1.1907208865E-02
      1000,      0.676910,CP9_after_PTsource,   1,    0.0000000000E+00,    1.1907208865E-02,    1.1907208865E-02,    0.0000000000E+00,    0.0000000000E+00,    0.0000000000E+00,    1.1907208865E-02
      1000,      0.676910,CP10_after_neg_clamp,   1,    0.0000000000E+00,    1.1907208865E-02,    1.1907208865E-02,    0.0000000000E+00,    0.0000000000E+00,    0.0000000000E+00,    1.1907208865E-02
      1000,      0.676910,CP11_after_MPI,   1,    0.0000000000E+00,    1.1907208865E-02,    1.1907208865E-02,    0.0000000000E+00,    0.0000000000E+00,    0.0000000000E+00,    1.1907208865E-02
      1000,      0.676910,CP12_end,   1,    0.0000000000E+00,    1.1907208865E-02,    1.1907208865E-02,    0.0000000000E+00,    0.0000000000E+00,    0.0000000000E+00,    1.1907208865E-02
      1050,      0.676910,CP0_start,   1,    0.0000000000E+00,    1.3092730960E-02,    1.3092730960E-02,    0.0000000000E+00,    0.0000000000E+00,    0.0000000000E+00,    1.3092730960E-02
      1050,      0.676910,CP1_after_deposition,   1,    0.0000000000E+00,    1.3092730960E-02,    1.3092730960E-02,    0.0000000000E+00,    0.0000000000E+00,    0.0000000000E+00,    1.3092730960E-02
      1050,      0.676910,CP2_after_erosion,   1,    0.0000000000E+00,    1.3092730960E-02,    1.3092730960E-02,    0.0000000000E+00,    0.0000000000E+00,    0.0000000000E+00,    1.3092730960E-02
      1050,      0.676910,CP3_after_update_bottom,   1,    0.0000000000E+00,    1.3092730960E-02,    1.3092730960E-02,    0.0000000000E+00,    0.0000000000E+00,    0.0000000000E+00,    1.3092730960E-02
      1050,      0.676910,CP4_after_advection,   1,    0.0000000000E+00,    1.3117512334E-02,    1.3117512334E-02,    0.0000000000E+00,    0.0000000000E+00,    0.0000000000E+00,    1.3117512334E-02
      1050,      0.676910,CP5_after_vdif,   1,    0.0000000000E+00,    1.3117512334E-02,    1.3117512334E-02,    0.0000000000E+00,    0.0000000000E+00,    0.0000000000E+00,    1.3117512334E-02
      1050,      0.676910,CP6_after_kinetics,   1,    0.0000000000E+00,    1.3117512334E-02,    1.3117512334E-02,    0.0000000000E+00,    0.0000000000E+00,    0.0000000000E+00,    1.3117512334E-02
      1050,      0.676910,CP7_after_upper_clamp,   1,    0.0000000000E+00,    1.3117512334E-02,    1.3117512334E-02,    0.0000000000E+00,    0.0000000000E+00,    0.0000000000E+00,    1.3117512334E-02
      1050,      0.676910,CP8_after_OBC,   1,    0.0000000000E+00,    1.3117512334E-02,    1.3117512334E-02,    0.0000000000E+00,    0.0000000000E+00,    0.0000000000E+00,    1.3117512334E-02
      1050,      0.676910,CP9_after_PTsource,   1,    0.0000000000E+00,    1.3117512334E-02,    1.3117512334E-02,    0.0000000000E+00,    0.0000000000E+00,    0.0000000000E+00,    1.3117512334E-02
      1050,      0.676910,CP10_after_neg_clamp,   1,    0.0000000000E+00,    1.3117512334E-02,    1.3117512334E-02,    0.0000000000E+00,    0.0000000000E+00,    0.0000000000E+00,    1.3117512334E-02
      1050,      0.676910,CP11_after_MPI,   1,    0.0000000000E+00,    1.3117512334E-02,    1.3117512334E-02,    0.0000000000E+00,    0.0000000000E+00,    0.0000000000E+00,    1.3117512334E-02
      1050,      0.676910,CP12_end,   1,    0.0000000000E+00,    1.3117512334E-02,    1.3117512334E-02,    0.0000000000E+00,    0.0000000000E+00,    0.0000000000E+00,    1.3117512334E-02
      1100,      0.676910,CP0_start,   1,    0.0000000000E+00,    1.4360863303E-02,    1.4360863303E-02,    0.0000000000E+00,    0.0000000000E+00,    0.0000000000E+00,    1.4360863303E-02
      1100,      0.676910,CP1_after_deposition,   1,    0.0000000000E+00,    1.4360863303E-02,    1.4360863303E-02,    0.0000000000E+00,    0.0000000000E+00,    0.0000000000E+00,    1.4360863303E-02
      1100,      0.676910,CP2_after_erosion,   1,    0.0000000000E+00,    1.4360863303E-02,    1.4360863303E-02,    0.0000000000E+00,    0.0000000000E+00,    0.0000000000E+00,    1.4360863303E-02
      1100,      0.676910,CP3_after_update_bottom,   1,    0.0000000000E+00,    1.4360863303E-02,    1.4360863303E-02,    0.0000000000E+00,    0.0000000000E+00,    0.0000000000E+00,    1.4360863303E-02
      1100,      0.676910,CP4_after_advection,   1,    0.0000000000E+00,    1.4386825259E-02,    1.4386825259E-02,    0.0000000000E+00,    0.0000000000E+00,    0.0000000000E+00,    1.4386825259E-02
      1100,      0.676910,CP5_after_vdif,   1,    0.0000000000E+00,    1.4386825259E-02,    1.4386825259E-02,    0.0000000000E+00,    0.0000000000E+00,    0.0000000000E+00,    1.4386825259E-02
      1100,      0.676910,CP6_after_kinetics,   1,    0.0000000000E+00,    1.4386825259E-02,    1.4386825259E-02,    0.0000000000E+00,    0.0000000000E+00,    0.0000000000E+00,    1.4386825259E-02
      1100,      0.676910,CP7_after_upper_clamp,   1,    0.0000000000E+00,    1.4386825259E-02,    1.4386825259E-02,    0.0000000000E+00,    0.0000000000E+00,    0.0000000000E+00,    1.4386825259E-02
      1100,      0.676910,CP8_after_OBC,   1,    0.0000000000E+00,    1.4386825259E-02,    1.4386825259E-02,    0.0000000000E+00,    0.0000000000E+00,    0.0000000000E+00,    1.4386825259E-02
      1100,      0.676910,CP9_after_PTsource,   1,    0.0000000000E+00,    1.4386825259E-02,    1.4386825259E-02,    0.0000000000E+00,    0.0000000000E+00,    0.0000000000E+00,    1.4386825259E-02
      1100,      0.676910,CP10_after_neg_clamp,   1,    0.0000000000E+00,    1.4386825259E-02,    1.4386825259E-02,    0.0000000000E+00,    0.0000000000E+00,    0.0000000000E+00,    1.4386825259E-02
      1100,      0.676910,CP11_after_MPI,   1,    0.0000000000E+00,    1.4386825259E-02,    1.4386825259E-02,    0.0000000000E+00,    0.0000000000E+00,    0.0000000000E+00,    1.4386825259E-02
      1100,      0.676910,CP12_end,   1,    0.0000000000E+00,    1.4386825259E-02,    1.4386825259E-02,    0.0000000000E+00,    0.0000000000E+00,    0.0000000000E+00,    1.4386825259E-02
      1150,      0.676910,CP0_start,   1,    0.0000000000E+00,    1.5688005115E-02,    1.5688005115E-02,    0.0000000000E+00,    0.0000000000E+00,    0.0000000000E+00,    1.5688005115E-02
      1150,      0.676910,CP1_after_deposition,   1,    0.0000000000E+00,    1.5688005115E-02,    1.5688005115E-02,    0.0000000000E+00,    0.0000000000E+00,    0.0000000000E+00,    1.5688005115E-02
      1150,      0.676910,CP2_after_erosion,   1,    0.0000000000E+00,    1.5688005115E-02,    1.5688005115E-02,    0.0000000000E+00,    0.0000000000E+00,    0.0000000000E+00,    1.5688005115E-02
      1150,      0.676910,CP3_after_update_bottom,   1,    0.0000000000E+00,    1.5688005115E-02,    1.5688005115E-02,    0.0000000000E+00,    0.0000000000E+00,    0.0000000000E+00,    1.5688005115E-02
      1150,      0.676910,CP4_after_advection,   1,    0.0000000000E+00,    1.5715147503E-02,    1.5715147503E-02,    0.0000000000E+00,    0.0000000000E+00,    0.0000000000E+00,    1.5715147503E-02
      1150,      0.676910,CP5_after_vdif,   1,    0.0000000000E+00,    1.5715147503E-02,    1.5715147503E-02,    0.0000000000E+00,    0.0000000000E+00,    0.0000000000E+00,    1.5715147503E-02
      1150,      0.676910,CP6_after_kinetics,   1,    0.0000000000E+00,    1.5715147503E-02,    1.5715147503E-02,    0.0000000000E+00,    0.0000000000E+00,    0.0000000000E+00,    1.5715147503E-02
      1150,      0.676910,CP7_after_upper_clamp,   1,    0.0000000000E+00,    1.5715147503E-02,    1.5715147503E-02,    0.0000000000E+00,    0.0000000000E+00,    0.0000000000E+00,    1.5715147503E-02
      1150,      0.676910,CP8_after_OBC,   1,    0.0000000000E+00,    1.5715147503E-02,    1.5715147503E-02,    0.0000000000E+00,    0.0000000000E+00,    0.0000000000E+00,    1.5715147503E-02
      1150,      0.676910,CP9_after_PTsource,   1,    0.0000000000E+00,    1.5715147503E-02,    1.5715147503E-02,    0.0000000000E+00,    0.0000000000E+00,    0.0000000000E+00,    1.5715147503E-02
      1150,      0.676910,CP10_after_neg_clamp,   1,    0.0000000000E+00,    1.5715147503E-02,    1.5715147503E-02,    0.0000000000E+00,    0.0000000000E+00,    0.0000000000E+00,    1.5715147503E-02
      1150,      0.676910,CP11_after_MPI,   1,    0.0000000000E+00,    1.5715147503E-02,    1.5715147503E-02,    0.0000000000E+00,    0.0000000000E+00,    0.0000000000E+00,    1.5715147503E-02
      1150,      0.676910,CP12_end,   1,    0.0000000000E+00,    1.5715147503E-02,    1.5715147503E-02,    0.0000000000E+00,    0.0000000000E+00,    0.0000000000E+00,    1.5715147503E-02
      1200,      0.676910,CP0_start,   1,    0.0000000000E+00,    1.7074157454E-02,    1.7074157454E-02,    0.0000000000E+00,    0.0000000000E+00,    0.0000000000E+00,    1.7074157454E-02
      1200,      0.676910,CP1_after_deposition,   1,    0.0000000000E+00,    1.7074157454E-02,    1.7074157454E-02,    0.0000000000E+00,    0.0000000000E+00,    0.0000000000E+00,    1.7074157454E-02
      1200,      0.676910,CP2_after_erosion,   1,    0.0000000000E+00,    1.7074157454E-02,    1.7074157454E-02,    0.0000000000E+00,    0.0000000000E+00,    0.0000000000E+00,    1.7074157454E-02
      1200,      0.676910,CP3_after_update_bottom,   1,    0.0000000000E+00,    1.7074157454E-02,    1.7074157454E-02,    0.0000000000E+00,    0.0000000000E+00,    0.0000000000E+00,    1.7074157454E-02
      1200,      0.676910,CP4_after_advection,   1,    0.0000000000E+00,    1.7102478924E-02,    1.7102478924E-02,    0.0000000000E+00,    0.0000000000E+00,    0.0000000000E+00,    1.7102478924E-02
      1200,      0.676910,CP5_after_vdif,   1,    0.0000000000E+00,    1.7102478924E-02,    1.7102478924E-02,    0.0000000000E+00,    0.0000000000E+00,    0.0000000000E+00,    1.7102478924E-02
      1200,      0.676910,CP6_after_kinetics,   1,    0.0000000000E+00,    1.7102478924E-02,    1.7102478924E-02,    0.0000000000E+00,    0.0000000000E+00,    0.0000000000E+00,    1.7102478924E-02
      1200,      0.676910,CP7_after_upper_clamp,   1,    0.0000000000E+00,    1.7102478924E-02,    1.7102478924E-02,    0.0000000000E+00,    0.0000000000E+00,    0.0000000000E+00,    1.7102478924E-02
      1200,      0.676910,CP8_after_OBC,   1,    0.0000000000E+00,    1.7102478924E-02,    1.7102478924E-02,    0.0000000000E+00,    0.0000000000E+00,    0.0000000000E+00,    1.7102478924E-02
      1200,      0.676910,CP9_after_PTsource,   1,    0.0000000000E+00,    1.7102478924E-02,    1.7102478924E-02,    0.0000000000E+00,    0.0000000000E+00,    0.0000000000E+00,    1.7102478924E-02
      1200,      0.676910,CP10_after_neg_clamp,   1,    0.0000000000E+00,    1.7102478924E-02,    1.7102478924E-02,    0.0000000000E+00,    0.0000000000E+00,    0.0000000000E+00,    1.7102478924E-02
      1200,      0.676910,CP11_after_MPI,   1,    0.0000000000E+00,    1.7102478924E-02,    1.7102478924E-02,    0.0000000000E+00,    0.0000000000E+00,    0.0000000000E+00,    1.7102478924E-02
      1200,      0.676910,CP12_end,   1,    0.0000000000E+00,    1.7102478924E-02,    1.7102478924E-02,    0.0000000000E+00,    0.0000000000E+00,    0.0000000000E+00,    1.7102478924E-02
      1250,      0.676910,CP0_start,   1,    0.0000000000E+00,    1.8519317596E-02,    1.8519317596E-02,    0.0000000000E+00,    0.0000000000E+00,    0.0000000000E+00,    1.8519317596E-02
      1250,      0.676910,CP1_after_deposition,   1,    0.0000000000E+00,    1.8519317596E-02,    1.8519317596E-02,    0.0000000000E+00,    0.0000000000E+00,    0.0000000000E+00,    1.8519317596E-02
      1250,      0.676910,CP2_after_erosion,   1,    0.0000000000E+00,    1.8519317596E-02,    1.8519317596E-02,    0.0000000000E+00,    0.0000000000E+00,    0.0000000000E+00,    1.8519317596E-02
      1250,      0.676910,CP3_after_update_bottom,   1,    0.0000000000E+00,    1.8519317596E-02,    1.8519317596E-02,    0.0000000000E+00,    0.0000000000E+00,    0.0000000000E+00,    1.8519317596E-02
      1250,      0.676910,CP4_after_advection,   1,    0.0000000000E+00,    1.8548819374E-02,    1.8548819374E-02,    0.0000000000E+00,    0.0000000000E+00,    0.0000000000E+00,    1.8548819374E-02
      1250,      0.676910,CP5_after_vdif,   1,    0.0000000000E+00,    1.8548819374E-02,    1.8548819374E-02,    0.0000000000E+00,    0.0000000000E+00,    0.0000000000E+00,    1.8548819374E-02
      1250,      0.676910,CP6_after_kinetics,   1,    0.0000000000E+00,    1.8548819374E-02,    1.8548819374E-02,    0.0000000000E+00,    0.0000000000E+00,    0.0000000000E+00,    1.8548819374E-02
      1250,      0.676910,CP7_after_upper_clamp,   1,    0.0000000000E+00,    1.8548819374E-02,    1.8548819374E-02,    0.0000000000E+00,    0.0000000000E+00,    0.0000000000E+00,    1.8548819374E-02
      1250,      0.676910,CP8_after_OBC,   1,    0.0000000000E+00,    1.8548819374E-02,    1.8548819374E-02,    0.0000000000E+00,    0.0000000000E+00,    0.0000000000E+00,    1.8548819374E-02
      1250,      0.676910,CP9_after_PTsource,   1,    0.0000000000E+00,    1.8548819374E-02,    1.8548819374E-02,    0.0000000000E+00,    0.0000000000E+00,    0.0000000000E+00,    1.8548819374E-02
      1250,      0.676910,CP10_after_neg_clamp,   1,    0.0000000000E+00,    1.8548819374E-02,    1.8548819374E-02,    0.0000000000E+00,    0.0000000000E+00,    0.0000000000E+00,    1.8548819374E-02
      1250,      0.676910,CP11_after_MPI,   1,    0.0000000000E+00,    1.8548819374E-02,    1.8548819374E-02,    0.0000000000E+00,    0.0000000000E+00,    0.0000000000E+00,    1.8548819374E-02
      1250,      0.676910,CP12_end,   1,    0.0000000000E+00,    1.8548819374E-02,    1.8548819374E-02,    0.0000000000E+00,    0.0000000000E+00,    0.0000000000E+00,    1.8548819374E-02
      1300,      0.676910,CP0_start,   1,    0.0000000000E+00,    2.0023486050E-02,    2.0023486050E-02,    0.0000000000E+00,    0.0000000000E+00,    0.0000000000E+00,    2.0023486050E-02
      1300,      0.676910,CP1_after_deposition,   1,    0.0000000000E+00,    2.0023486050E-02,    2.0023486050E-02,    0.0000000000E+00,    0.0000000000E+00,    0.0000000000E+00,    2.0023486050E-02
      1300,      0.676910,CP2_after_erosion,   1,    0.0000000000E+00,    2.0023486050E-02,    2.0023486050E-02,    0.0000000000E+00,    0.0000000000E+00,    0.0000000000E+00,    2.0023486050E-02
      1300,      0.676910,CP3_after_update_bottom,   1,    0.0000000000E+00,    2.0023486050E-02,    2.0023486050E-02,    0.0000000000E+00,    0.0000000000E+00,    0.0000000000E+00,    2.0023486050E-02
      1300,      0.676910,CP4_after_advection,   1,    0.0000000000E+00,    2.0054168696E-02,    2.0054168696E-02,    0.0000000000E+00,    0.0000000000E+00,    0.0000000000E+00,    2.0054168696E-02
      1300,      0.676910,CP5_after_vdif,   1,    0.0000000000E+00,    2.0054168696E-02,    2.0054168696E-02,    0.0000000000E+00,    0.0000000000E+00,    0.0000000000E+00,    2.0054168696E-02
      1300,      0.676910,CP6_after_kinetics,   1,    0.0000000000E+00,    2.0054168696E-02,    2.0054168696E-02,    0.0000000000E+00,    0.0000000000E+00,    0.0000000000E+00,    2.0054168696E-02
      1300,      0.676910,CP7_after_upper_clamp,   1,    0.0000000000E+00,    2.0054168696E-02,    2.0054168696E-02,    0.0000000000E+00,    0.0000000000E+00,    0.0000000000E+00,    2.0054168696E-02
      1300,      0.676910,CP8_after_OBC,   1,    0.0000000000E+00,    2.0054168696E-02,    2.0054168696E-02,    0.0000000000E+00,    0.0000000000E+00,    0.0000000000E+00,    2.0054168696E-02
      1300,      0.676910,CP9_after_PTsource,   1,    0.0000000000E+00,    2.0054168696E-02,    2.0054168696E-02,    0.0000000000E+00,    0.0000000000E+00,    0.0000000000E+00,    2.0054168696E-02
      1300,      0.676910,CP10_after_neg_clamp,   1,    0.0000000000E+00,    2.0054168696E-02,    2.0054168696E-02,    0.0000000000E+00,    0.0000000000E+00,    0.0000000000E+00,    2.0054168696E-02
      1300,      0.676910,CP11_after_MPI,   1,    0.0000000000E+00,    2.0054168696E-02,    2.0054168696E-02,    0.0000000000E+00,    0.0000000000E+00,    0.0000000000E+00,    2.0054168696E-02
      1300,      0.676910,CP12_end,   1,    0.0000000000E+00,    2.0054168696E-02,    2.0054168696E-02,    0.0000000000E+00,    0.0000000000E+00,    0.0000000000E+00,    2.0054168696E-02
      1350,      0.676910,CP0_start,   1,    0.0000000000E+00,    2.1586666417E-02,    2.1586666417E-02,    0.0000000000E+00,    0.0000000000E+00,    0.0000000000E+00,    2.1586666417E-02
      1350,      0.676910,CP1_after_deposition,   1,    0.0000000000E+00,    2.1586666417E-02,    2.1586666417E-02,    0.0000000000E+00,    0.0000000000E+00,    0.0000000000E+00,    2.1586666417E-02
      1350,      0.676910,CP2_after_erosion,   1,    0.0000000000E+00,    2.1586666417E-02,    2.1586666417E-02,    0.0000000000E+00,    0.0000000000E+00,    0.0000000000E+00,    2.1586666417E-02
      1350,      0.676910,CP3_after_update_bottom,   1,    0.0000000000E+00,    2.1586666417E-02,    2.1586666417E-02,    0.0000000000E+00,    0.0000000000E+00,    0.0000000000E+00,    2.1586666417E-02
      1350,      0.676910,CP4_after_advection,   1,    0.0000000000E+00,    2.1618526731E-02,    2.1618526731E-02,    0.0000000000E+00,    0.0000000000E+00,    0.0000000000E+00,    2.1618526731E-02
      1350,      0.676910,CP5_after_vdif,   1,    0.0000000000E+00,    2.1618526731E-02,    2.1618526731E-02,    0.0000000000E+00,    0.0000000000E+00,    0.0000000000E+00,    2.1618526731E-02
      1350,      0.676910,CP6_after_kinetics,   1,    0.0000000000E+00,    2.1618526731E-02,    2.1618526731E-02,    0.0000000000E+00,    0.0000000000E+00,    0.0000000000E+00,    2.1618526731E-02
      1350,      0.676910,CP7_after_upper_clamp,   1,    0.0000000000E+00,    2.1618526731E-02,    2.1618526731E-02,    0.0000000000E+00,    0.0000000000E+00,    0.0000000000E+00,    2.1618526731E-02
      1350,      0.676910,CP8_after_OBC,   1,    0.0000000000E+00,    2.1618526731E-02,    2.1618526731E-02,    0.0000000000E+00,    0.0000000000E+00,    0.0000000000E+00,    2.1618526731E-02
      1350,      0.676910,CP9_after_PTsource,   1,    0.0000000000E+00,    2.1618526731E-02,    2.1618526731E-02,    0.0000000000E+00,    0.0000000000E+00,    0.0000000000E+00,    2.1618526731E-02
      1350,      0.676910,CP10_after_neg_clamp,   1,    0.0000000000E+00,    2.1618526731E-02,    2.1618526731E-02,    0.0000000000E+00,    0.0000000000E+00,    0.0000000000E+00,    2.1618526731E-02
      1350,      0.676910,CP11_after_MPI,   1,    0.0000000000E+00,    2.1618526731E-02,    2.1618526731E-02,    0.0000000000E+00,    0.0000000000E+00,    0.0000000000E+00,    2.1618526731E-02
      1350,      0.676910,CP12_end,   1,    0.0000000000E+00,    2.1618526731E-02,    2.1618526731E-02,    0.0000000000E+00,    0.0000000000E+00,    0.0000000000E+00,    2.1618526731E-02
      1400,      0.676910,CP0_start,   1,    0.0000000000E+00,    2.3208849843E-02,    2.3208849843E-02,    0.0000000000E+00,    0.0000000000E+00,    0.0000000000E+00,    2.3208849843E-02
      1400,      0.676910,CP1_after_deposition,   1,    0.0000000000E+00,    2.3208849843E-02,    2.3208849843E-02,    0.0000000000E+00,    0.0000000000E+00,    0.0000000000E+00,    2.3208849843E-02
      1400,      0.676910,CP2_after_erosion,   1,    0.0000000000E+00,    2.3208849843E-02,    2.3208849843E-02,    0.0000000000E+00,    0.0000000000E+00,    0.0000000000E+00,    2.3208849843E-02
      1400,      0.676910,CP3_after_update_bottom,   1,    0.0000000000E+00,    2.3208849843E-02,    2.3208849843E-02,    0.0000000000E+00,    0.0000000000E+00,    0.0000000000E+00,    2.3208849843E-02
      1400,      0.676910,CP4_after_advection,   1,    0.0000000000E+00,    2.3241893311E-02,    2.3241893311E-02,    0.0000000000E+00,    0.0000000000E+00,    0.0000000000E+00,    2.3241893311E-02
      1400,      0.676910,CP5_after_vdif,   1,    0.0000000000E+00,    2.3241893311E-02,    2.3241893311E-02,    0.0000000000E+00,    0.0000000000E+00,    0.0000000000E+00,    2.3241893311E-02
      1400,      0.676910,CP6_after_kinetics,   1,    0.0000000000E+00,    2.3241893311E-02,    2.3241893311E-02,    0.0000000000E+00,    0.0000000000E+00,    0.0000000000E+00,    2.3241893311E-02
      1400,      0.676910,CP7_after_upper_clamp,   1,    0.0000000000E+00,    2.3241893311E-02,    2.3241893311E-02,    0.0000000000E+00,    0.0000000000E+00,    0.0000000000E+00,    2.3241893311E-02
      1400,      0.676910,CP8_after_OBC,   1,    0.0000000000E+00,    2.3241893311E-02,    2.3241893311E-02,    0.0000000000E+00,    0.0000000000E+00,    0.0000000000E+00,    2.3241893311E-02
      1400,      0.676910,CP9_after_PTsource,   1,    0.0000000000E+00,    2.3241893311E-02,    2.3241893311E-02,    0.0000000000E+00,    0.0000000000E+00,    0.0000000000E+00,    2.3241893311E-02
      1400,      0.676910,CP10_after_neg_clamp,   1,    0.0000000000E+00,    2.3241893311E-02,    2.3241893311E-02,    0.0000000000E+00,    0.0000000000E+00,    0.0000000000E+00,    2.3241893311E-02
      1400,      0.676910,CP11_after_MPI,   1,    0.0000000000E+00,    2.3241893311E-02,    2.3241893311E-02,    0.0000000000E+00,    0.0000000000E+00,    0.0000000000E+00,    2.3241893311E-02
      1400,      0.676910,CP12_end,   1,    0.0000000000E+00,    2.3241893311E-02,    2.3241893311E-02,    0.0000000000E+00,    0.0000000000E+00,    0.0000000000E+00,    2.3241893311E-02
      1450,      0.676910,CP0_start,   1,    0.0000000000E+00,    2.4890047642E-02,    2.4890047642E-02,    0.0000000000E+00,    0.0000000000E+00,    0.0000000000E+00,    2.4890047642E-02
      1450,      0.676910,CP1_after_deposition,   1,    0.0000000000E+00,    2.4890047642E-02,    2.4890047642E-02,    0.0000000000E+00,    0.0000000000E+00,    0.0000000000E+00,    2.4890047642E-02
      1450,      0.676910,CP2_after_erosion,   1,    0.0000000000E+00,    2.4890047642E-02,    2.4890047642E-02,    0.0000000000E+00,    0.0000000000E+00,    0.0000000000E+00,    2.4890047642E-02
      1450,      0.676910,CP3_after_update_bottom,   1,    0.0000000000E+00,    2.4890047642E-02,    2.4890047642E-02,    0.0000000000E+00,    0.0000000000E+00,    0.0000000000E+00,    2.4890047642E-02
      1450,      0.676910,CP4_after_advection,   1,    0.0000000000E+00,    2.4924268260E-02,    2.4924268260E-02,    0.0000000000E+00,    0.0000000000E+00,    0.0000000000E+00,    2.4924268260E-02
      1450,      0.676910,CP5_after_vdif,   1,    0.0000000000E+00,    2.4924268260E-02,    2.4924268260E-02,    0.0000000000E+00,    0.0000000000E+00,    0.0000000000E+00,    2.4924268260E-02
      1450,      0.676910,CP6_after_kinetics,   1,    0.0000000000E+00,    2.4924268260E-02,    2.4924268260E-02,    0.0000000000E+00,    0.0000000000E+00,    0.0000000000E+00,    2.4924268260E-02
      1450,      0.676910,CP7_after_upper_clamp,   1,    0.0000000000E+00,    2.4924268260E-02,    2.4924268260E-02,    0.0000000000E+00,    0.0000000000E+00,    0.0000000000E+00,    2.4924268260E-02
      1450,      0.676910,CP8_after_OBC,   1,    0.0000000000E+00,    2.4924268260E-02,    2.4924268260E-02,    0.0000000000E+00,    0.0000000000E+00,    0.0000000000E+00,    2.4924268260E-02
      1450,      0.676910,CP9_after_PTsource,   1,    0.0000000000E+00,    2.4924268260E-02,    2.4924268260E-02,    0.0000000000E+00,    0.0000000000E+00,    0.0000000000E+00,    2.4924268260E-02
      1450,      0.676910,CP10_after_neg_clamp,   1,    0.0000000000E+00,    2.4924268260E-02,    2.4924268260E-02,    0.0000000000E+00,    0.0000000000E+00,    0.0000000000E+00,    2.4924268260E-02
      1450,      0.676910,CP11_after_MPI,   1,    0.0000000000E+00,    2.4924268260E-02,    2.4924268260E-02,    0.0000000000E+00,    0.0000000000E+00,    0.0000000000E+00,    2.4924268260E-02
      1450,      0.676910,CP12_end,   1,    0.0000000000E+00,    2.4924268260E-02,    2.4924268260E-02,    0.0000000000E+00,    0.0000000000E+00,    0.0000000000E+00,    2.4924268260E-02
      1500,      0.676910,CP0_start,   1,    0.0000000000E+00,    2.6630249926E-02,    2.6630249926E-02,    0.0000000000E+00,    0.0000000000E+00,    0.0000000000E+00,    2.6630249926E-02
      1500,      0.676910,CP1_after_deposition,   1,    0.0000000000E+00,    2.6630249926E-02,    2.6630249926E-02,    0.0000000000E+00,    0.0000000000E+00,    0.0000000000E+00,    2.6630249926E-02
      1500,      0.676910,CP2_after_erosion,   1,    0.0000000000E+00,    2.6630249926E-02,    2.6630249926E-02,    0.0000000000E+00,    0.0000000000E+00,    0.0000000000E+00,    2.6630249926E-02
      1500,      0.676910,CP3_after_update_bottom,   1,    0.0000000000E+00,    2.6630249926E-02,    2.6630249926E-02,    0.0000000000E+00,    0.0000000000E+00,    0.0000000000E+00,    2.6630249926E-02
      1500,      0.676910,CP4_after_advection,   1,    0.0000000000E+00,    2.6665651400E-02,    2.6665651400E-02,    0.0000000000E+00,    0.0000000000E+00,    0.0000000000E+00,    2.6665651400E-02
      1500,      0.676910,CP5_after_vdif,   1,    0.0000000000E+00,    2.6665651400E-02,    2.6665651400E-02,    0.0000000000E+00,    0.0000000000E+00,    0.0000000000E+00,    2.6665651400E-02
      1500,      0.676910,CP6_after_kinetics,   1,    0.0000000000E+00,    2.6665651400E-02,    2.6665651400E-02,    0.0000000000E+00,    0.0000000000E+00,    0.0000000000E+00,    2.6665651400E-02
      1500,      0.676910,CP7_after_upper_clamp,   1,    0.0000000000E+00,    2.6665651400E-02,    2.6665651400E-02,    0.0000000000E+00,    0.0000000000E+00,    0.0000000000E+00,    2.6665651400E-02
      1500,      0.676910,CP8_after_OBC,   1,    0.0000000000E+00,    2.6665651400E-02,    2.6665651400E-02,    0.0000000000E+00,    0.0000000000E+00,    0.0000000000E+00,    2.6665651400E-02
      1500,      0.676910,CP9_after_PTsource,   1,    0.0000000000E+00,    2.6665651400E-02,    2.6665651400E-02,    0.0000000000E+00,    0.0000000000E+00,    0.0000000000E+00,    2.6665651400E-02
      1500,      0.676910,CP10_after_neg_clamp,   1,    0.0000000000E+00,    2.6665651400E-02,    2.6665651400E-02,    0.0000000000E+00,    0.0000000000E+00,    0.0000000000E+00,    2.6665651400E-02
      1500,      0.676910,CP11_after_MPI,   1,    0.0000000000E+00,    2.6665651400E-02,    2.6665651400E-02,    0.0000000000E+00,    0.0000000000E+00,    0.0000000000E+00,    2.6665651400E-02
      1500,      0.676910,CP12_end,   1,    0.0000000000E+00,    2.6665651400E-02,    2.6665651400E-02,    0.0000000000E+00,    0.0000000000E+00,    0.0000000000E+00,    2.6665651400E-02
      1550,      0.676910,CP0_start,   1,    0.0000000000E+00,    2.8429459476E-02,    2.8429459476E-02,    0.0000000000E+00,    0.0000000000E+00,    0.0000000000E+00,    2.8429459476E-02
      1550,      0.676910,CP1_after_deposition,   1,    0.0000000000E+00,    2.8429459476E-02,    2.8429459476E-02,    0.0000000000E+00,    0.0000000000E+00,    0.0000000000E+00,    2.8429459476E-02
      1550,      0.676910,CP2_after_erosion,   1,    0.0000000000E+00,    2.8429459476E-02,    2.8429459476E-02,    0.0000000000E+00,    0.0000000000E+00,    0.0000000000E+00,    2.8429459476E-02
      1550,      0.676910,CP3_after_update_bottom,   1,    0.0000000000E+00,    2.8429459476E-02,    2.8429459476E-02,    0.0000000000E+00,    0.0000000000E+00,    0.0000000000E+00,    2.8429459476E-02
      1550,      0.676910,CP4_after_advection,   1,    0.0000000000E+00,    2.8466042544E-02,    2.8466042544E-02,    0.0000000000E+00,    0.0000000000E+00,    0.0000000000E+00,    2.8466042544E-02
      1550,      0.676910,CP5_after_vdif,   1,    0.0000000000E+00,    2.8466042544E-02,    2.8466042544E-02,    0.0000000000E+00,    0.0000000000E+00,    0.0000000000E+00,    2.8466042544E-02
      1550,      0.676910,CP6_after_kinetics,   1,    0.0000000000E+00,    2.8466042544E-02,    2.8466042544E-02,    0.0000000000E+00,    0.0000000000E+00,    0.0000000000E+00,    2.8466042544E-02
      1550,      0.676910,CP7_after_upper_clamp,   1,    0.0000000000E+00,    2.8466042544E-02,    2.8466042544E-02,    0.0000000000E+00,    0.0000000000E+00,    0.0000000000E+00,    2.8466042544E-02
      1550,      0.676910,CP8_after_OBC,   1,    0.0000000000E+00,    2.8466042544E-02,    2.8466042544E-02,    0.0000000000E+00,    0.0000000000E+00,    0.0000000000E+00,    2.8466042544E-02
      1550,      0.676910,CP9_after_PTsource,   1,    0.0000000000E+00,    2.8466042544E-02,    2.8466042544E-02,    0.0000000000E+00,    0.0000000000E+00,    0.0000000000E+00,    2.8466042544E-02
      1550,      0.676910,CP10_after_neg_clamp,   1,    0.0000000000E+00,    2.8466042544E-02,    2.8466042544E-02,    0.0000000000E+00,    0.0000000000E+00,    0.0000000000E+00,    2.8466042544E-02
      1550,      0.676910,CP11_after_MPI,   1,    0.0000000000E+00,    2.8466042544E-02,    2.8466042544E-02,    0.0000000000E+00,    0.0000000000E+00,    0.0000000000E+00,    2.8466042544E-02
      1550,      0.676910,CP12_end,   1,    0.0000000000E+00,    2.8466042544E-02,    2.8466042544E-02,    0.0000000000E+00,    0.0000000000E+00,    0.0000000000E+00,    2.8466042544E-02
      1600,      0.676910,CP0_start,   1,    0.0000000000E+00,    3.0287681141E-02,    3.0287681141E-02,    0.0000000000E+00,    0.0000000000E+00,    0.0000000000E+00,    3.0287681141E-02
      1600,      0.676910,CP1_after_deposition,   1,    0.0000000000E+00,    3.0287681141E-02,    3.0287681141E-02,    0.0000000000E+00,    0.0000000000E+00,    0.0000000000E+00,    3.0287681141E-02
      1600,      0.676910,CP2_after_erosion,   1,    0.0000000000E+00,    3.0287681141E-02,    3.0287681141E-02,    0.0000000000E+00,    0.0000000000E+00,    0.0000000000E+00,    3.0287681141E-02
      1600,      0.676910,CP3_after_update_bottom,   1,    0.0000000000E+00,    3.0287681141E-02,    3.0287681141E-02,    0.0000000000E+00,    0.0000000000E+00,    0.0000000000E+00,    3.0287681141E-02
      1600,      0.676910,CP4_after_advection,   1,    0.0000000000E+00,    3.0325441498E-02,    3.0325441498E-02,    0.0000000000E+00,    0.0000000000E+00,    0.0000000000E+00,    3.0325441498E-02
      1600,      0.676910,CP5_after_vdif,   1,    0.0000000000E+00,    3.0325441498E-02,    3.0325441498E-02,    0.0000000000E+00,    0.0000000000E+00,    0.0000000000E+00,    3.0325441498E-02
      1600,      0.676910,CP6_after_kinetics,   1,    0.0000000000E+00,    3.0325441498E-02,    3.0325441498E-02,    0.0000000000E+00,    0.0000000000E+00,    0.0000000000E+00,    3.0325441498E-02
      1600,      0.676910,CP7_after_upper_clamp,   1,    0.0000000000E+00,    3.0325441498E-02,    3.0325441498E-02,    0.0000000000E+00,    0.0000000000E+00,    0.0000000000E+00,    3.0325441498E-02
      1600,      0.676910,CP8_after_OBC,   1,    0.0000000000E+00,    3.0325441498E-02,    3.0325441498E-02,    0.0000000000E+00,    0.0000000000E+00,    0.0000000000E+00,    3.0325441498E-02
      1600,      0.676910,CP9_after_PTsource,   1,    0.0000000000E+00,    3.0325441498E-02,    3.0325441498E-02,    0.0000000000E+00,    0.0000000000E+00,    0.0000000000E+00,    3.0325441498E-02
      1600,      0.676910,CP10_after_neg_clamp,   1,    0.0000000000E+00,    3.0325441498E-02,    3.0325441498E-02,    0.0000000000E+00,    0.0000000000E+00,    0.0000000000E+00,    3.0325441498E-02
      1600,      0.676910,CP11_after_MPI,   1,    0.0000000000E+00,    3.0325441498E-02,    3.0325441498E-02,    0.0000000000E+00,    0.0000000000E+00,    0.0000000000E+00,    3.0325441498E-02
      1600,      0.676910,CP12_end,   1,    0.0000000000E+00,    3.0325441498E-02,    3.0325441498E-02,    0.0000000000E+00,    0.0000000000E+00,    0.0000000000E+00,    3.0325441498E-02
      1650,      0.676910,CP0_start,   1,    0.0000000000E+00,    3.2204904124E-02,    3.2204904124E-02,    0.0000000000E+00,    0.0000000000E+00,    0.0000000000E+00,    3.2204904124E-02
      1650,      0.676910,CP1_after_deposition,   1,    0.0000000000E+00,    3.2204904124E-02,    3.2204904124E-02,    0.0000000000E+00,    0.0000000000E+00,    0.0000000000E+00,    3.2204904124E-02
      1650,      0.676910,CP2_after_erosion,   1,    0.0000000000E+00,    3.2204904124E-02,    3.2204904124E-02,    0.0000000000E+00,    0.0000000000E+00,    0.0000000000E+00,    3.2204904124E-02
      1650,      0.676910,CP3_after_update_bottom,   1,    0.0000000000E+00,    3.2204904124E-02,    3.2204904124E-02,    0.0000000000E+00,    0.0000000000E+00,    0.0000000000E+00,    3.2204904124E-02
      1650,      0.676910,CP4_after_advection,   1,    0.0000000000E+00,    3.2243848063E-02,    3.2243848063E-02,    0.0000000000E+00,    0.0000000000E+00,    0.0000000000E+00,    3.2243848063E-02
      1650,      0.676910,CP5_after_vdif,   1,    0.0000000000E+00,    3.2243848063E-02,    3.2243848063E-02,    0.0000000000E+00,    0.0000000000E+00,    0.0000000000E+00,    3.2243848063E-02
      1650,      0.676910,CP6_after_kinetics,   1,    0.0000000000E+00,    3.2243848063E-02,    3.2243848063E-02,    0.0000000000E+00,    0.0000000000E+00,    0.0000000000E+00,    3.2243848063E-02
      1650,      0.676910,CP7_after_upper_clamp,   1,    0.0000000000E+00,    3.2243848063E-02,    3.2243848063E-02,    0.0000000000E+00,    0.0000000000E+00,    0.0000000000E+00,    3.2243848063E-02
      1650,      0.676910,CP8_after_OBC,   1,    0.0000000000E+00,    3.2243848063E-02,    3.2243848063E-02,    0.0000000000E+00,    0.0000000000E+00,    0.0000000000E+00,    3.2243848063E-02
      1650,      0.676910,CP9_after_PTsource,   1,    0.0000000000E+00,    3.2243848063E-02,    3.2243848063E-02,    0.0000000000E+00,    0.0000000000E+00,    0.0000000000E+00,    3.2243848063E-02
      1650,      0.676910,CP10_after_neg_clamp,   1,    0.0000000000E+00,    3.2243848063E-02,    3.2243848063E-02,    0.0000000000E+00,    0.0000000000E+00,    0.0000000000E+00,    3.2243848063E-02
      1650,      0.676910,CP11_after_MPI,   1,    0.0000000000E+00,    3.2243848063E-02,    3.2243848063E-02,    0.0000000000E+00,    0.0000000000E+00,    0.0000000000E+00,    3.2243848063E-02
      1650,      0.676910,CP12_end,   1,    0.0000000000E+00,    3.2243848063E-02,    3.2243848063E-02,    0.0000000000E+00,    0.0000000000E+00,    0.0000000000E+00,    3.2243848063E-02
      1700,      0.676910,CP0_start,   1,    0.0000000000E+00,    3.4181136890E-02,    3.4181136890E-02,    0.0000000000E+00,    0.0000000000E+00,    0.0000000000E+00,    3.4181136890E-02
      1700,      0.676910,CP1_after_deposition,   1,    0.0000000000E+00,    3.4181136890E-02,    3.4181136890E-02,    0.0000000000E+00,    0.0000000000E+00,    0.0000000000E+00,    3.4181136890E-02
      1700,      0.676910,CP2_after_erosion,   1,    0.0000000000E+00,    3.4181136890E-02,    3.4181136890E-02,    0.0000000000E+00,    0.0000000000E+00,    0.0000000000E+00,    3.4181136890E-02
      1700,      0.676910,CP3_after_update_bottom,   1,    0.0000000000E+00,    3.4181136890E-02,    3.4181136890E-02,    0.0000000000E+00,    0.0000000000E+00,    0.0000000000E+00,    3.4181136890E-02
      1700,      0.676910,CP4_after_advection,   1,    0.0000000000E+00,    3.4221262034E-02,    3.4221262034E-02,    0.0000000000E+00,    0.0000000000E+00,    0.0000000000E+00,    3.4221262034E-02
      1700,      0.676910,CP5_after_vdif,   1,    0.0000000000E+00,    3.4221262034E-02,    3.4221262034E-02,    0.0000000000E+00,    0.0000000000E+00,    0.0000000000E+00,    3.4221262034E-02
      1700,      0.676910,CP6_after_kinetics,   1,    0.0000000000E+00,    3.4221262034E-02,    3.4221262034E-02,    0.0000000000E+00,    0.0000000000E+00,    0.0000000000E+00,    3.4221262034E-02
      1700,      0.676910,CP7_after_upper_clamp,   1,    0.0000000000E+00,    3.4221262034E-02,    3.4221262034E-02,    0.0000000000E+00,    0.0000000000E+00,    0.0000000000E+00,    3.4221262034E-02
      1700,      0.676910,CP8_after_OBC,   1,    0.0000000000E+00,    3.4221262034E-02,    3.4221262034E-02,    0.0000000000E+00,    0.0000000000E+00,    0.0000000000E+00,    3.4221262034E-02
      1700,      0.676910,CP9_after_PTsource,   1,    0.0000000000E+00,    3.4221262034E-02,    3.4221262034E-02,    0.0000000000E+00,    0.0000000000E+00,    0.0000000000E+00,    3.4221262034E-02
      1700,      0.676910,CP10_after_neg_clamp,   1,    0.0000000000E+00,    3.4221262034E-02,    3.4221262034E-02,    0.0000000000E+00,    0.0000000000E+00,    0.0000000000E+00,    3.4221262034E-02
      1700,      0.676910,CP11_after_MPI,   1,    0.0000000000E+00,    3.4221262034E-02,    3.4221262034E-02,    0.0000000000E+00,    0.0000000000E+00,    0.0000000000E+00,    3.4221262034E-02
      1700,      0.676910,CP12_end,   1,    0.0000000000E+00,    3.4221262034E-02,    3.4221262034E-02,    0.0000000000E+00,    0.0000000000E+00,    0.0000000000E+00,    3.4221262034E-02
      1750,      0.676910,CP0_start,   1,    0.0000000000E+00,    3.6216377475E-02,    3.6216377475E-02,    0.0000000000E+00,    0.0000000000E+00,    0.0000000000E+00,    3.6216377475E-02
      1750,      0.676910,CP1_after_deposition,   1,    0.0000000000E+00,    3.6216377475E-02,    3.6216377475E-02,    0.0000000000E+00,    0.0000000000E+00,    0.0000000000E+00,    3.6216377475E-02
      1750,      0.676910,CP2_after_erosion,   1,    0.0000000000E+00,    3.6216377475E-02,    3.6216377475E-02,    0.0000000000E+00,    0.0000000000E+00,    0.0000000000E+00,    3.6216377475E-02
      1750,      0.676910,CP3_after_update_bottom,   1,    0.0000000000E+00,    3.6216377475E-02,    3.6216377475E-02,    0.0000000000E+00,    0.0000000000E+00,    0.0000000000E+00,    3.6216377475E-02
      1750,      0.676910,CP4_after_advection,   1,    0.0000000000E+00,    3.6257683199E-02,    3.6257683199E-02,    0.0000000000E+00,    0.0000000000E+00,    0.0000000000E+00,    3.6257683199E-02
      1750,      0.676910,CP5_after_vdif,   1,    0.0000000000E+00,    3.6257683199E-02,    3.6257683199E-02,    0.0000000000E+00,    0.0000000000E+00,    0.0000000000E+00,    3.6257683199E-02
      1750,      0.676910,CP6_after_kinetics,   1,    0.0000000000E+00,    3.6257683199E-02,    3.6257683199E-02,    0.0000000000E+00,    0.0000000000E+00,    0.0000000000E+00,    3.6257683199E-02
      1750,      0.676910,CP7_after_upper_clamp,   1,    0.0000000000E+00,    3.6257683199E-02,    3.6257683199E-02,    0.0000000000E+00,    0.0000000000E+00,    0.0000000000E+00,    3.6257683199E-02
      1750,      0.676910,CP8_after_OBC,   1,    0.0000000000E+00,    3.6257683199E-02,    3.6257683199E-02,    0.0000000000E+00,    0.0000000000E+00,    0.0000000000E+00,    3.6257683199E-02
      1750,      0.676910,CP9_after_PTsource,   1,    0.0000000000E+00,    3.6257683199E-02,    3.6257683199E-02,    0.0000000000E+00,    0.0000000000E+00,    0.0000000000E+00,    3.6257683199E-02
      1750,      0.676910,CP10_after_neg_clamp,   1,    0.0000000000E+00,    3.6257683199E-02,    3.6257683199E-02,    0.0000000000E+00,    0.0000000000E+00,    0.0000000000E+00,    3.6257683199E-02
      1750,      0.676910,CP11_after_MPI,   1,    0.0000000000E+00,    3.6257683199E-02,    3.6257683199E-02,    0.0000000000E+00,    0.0000000000E+00,    0.0000000000E+00,    3.6257683199E-02
      1750,      0.676910,CP12_end,   1,    0.0000000000E+00,    3.6257683199E-02,    3.6257683199E-02,    0.0000000000E+00,    0.0000000000E+00,    0.0000000000E+00,    3.6257683199E-02
      1800,      0.676910,CP0_start,   1,    0.0000000000E+00,    3.8310621260E-02,    3.8310621260E-02,    0.0000000000E+00,    0.0000000000E+00,    0.0000000000E+00,    3.8310621260E-02
      1800,      0.676910,CP1_after_deposition,   1,    0.0000000000E+00,    3.8310621260E-02,    3.8310621260E-02,    0.0000000000E+00,    0.0000000000E+00,    0.0000000000E+00,    3.8310621260E-02
      1800,      0.676910,CP2_after_erosion,   1,    0.0000000000E+00,    3.8310621260E-02,    3.8310621260E-02,    0.0000000000E+00,    0.0000000000E+00,    0.0000000000E+00,    3.8310621260E-02
      1800,      0.676910,CP3_after_update_bottom,   1,    0.0000000000E+00,    3.8310621260E-02,    3.8310621260E-02,    0.0000000000E+00,    0.0000000000E+00,    0.0000000000E+00,    3.8310621260E-02
      1800,      0.676910,CP4_after_advection,   1,    0.0000000000E+00,    3.8353111340E-02,    3.8353111340E-02,    0.0000000000E+00,    0.0000000000E+00,    0.0000000000E+00,    3.8353111340E-02
      1800,      0.676910,CP5_after_vdif,   1,    0.0000000000E+00,    3.8353111340E-02,    3.8353111340E-02,    0.0000000000E+00,    0.0000000000E+00,    0.0000000000E+00,    3.8353111340E-02
      1800,      0.676910,CP6_after_kinetics,   1,    0.0000000000E+00,    3.8353111340E-02,    3.8353111340E-02,    0.0000000000E+00,    0.0000000000E+00,    0.0000000000E+00,    3.8353111340E-02
      1800,      0.676910,CP7_after_upper_clamp,   1,    0.0000000000E+00,    3.8353111340E-02,    3.8353111340E-02,    0.0000000000E+00,    0.0000000000E+00,    0.0000000000E+00,    3.8353111340E-02
      1800,      0.676910,CP8_after_OBC,   1,    0.0000000000E+00,    3.8353111340E-02,    3.8353111340E-02,    0.0000000000E+00,    0.0000000000E+00,    0.0000000000E+00,    3.8353111340E-02
      1800,      0.676910,CP9_after_PTsource,   1,    0.0000000000E+00,    3.8353111340E-02,    3.8353111340E-02,    0.0000000000E+00,    0.0000000000E+00,    0.0000000000E+00,    3.8353111340E-02
      1800,      0.676910,CP10_after_neg_clamp,   1,    0.0000000000E+00,    3.8353111340E-02,    3.8353111340E-02,    0.0000000000E+00,    0.0000000000E+00,    0.0000000000E+00,    3.8353111340E-02
      1800,      0.676910,CP11_after_MPI,   1,    0.0000000000E+00,    3.8353111340E-02,    3.8353111340E-02,    0.0000000000E+00,    0.0000000000E+00,    0.0000000000E+00,    3.8353111340E-02
      1800,      0.676910,CP12_end,   1,    0.0000000000E+00,    3.8353111340E-02,    3.8353111340E-02,    0.0000000000E+00,    0.0000000000E+00,    0.0000000000E+00,    3.8353111340E-02
      1850,      0.676910,CP0_start,   1,    0.0000000000E+00,    4.0463882819E-02,    4.0463882819E-02,    0.0000000000E+00,    0.0000000000E+00,    0.0000000000E+00,    4.0463882819E-02
      1850,      0.676910,CP1_after_deposition,   1,    0.0000000000E+00,    4.0463882819E-02,    4.0463882819E-02,    0.0000000000E+00,    0.0000000000E+00,    0.0000000000E+00,    4.0463882819E-02
      1850,      0.676910,CP2_after_erosion,   1,    0.0000000000E+00,    4.0463882819E-02,    4.0463882819E-02,    0.0000000000E+00,    0.0000000000E+00,    0.0000000000E+00,    4.0463882819E-02
      1850,      0.676910,CP3_after_update_bottom,   1,    0.0000000000E+00,    4.0463882819E-02,    4.0463882819E-02,    0.0000000000E+00,    0.0000000000E+00,    0.0000000000E+00,    4.0463882819E-02
      1850,      0.676910,CP4_after_advection,   1,    0.0000000000E+00,    4.0507546232E-02,    4.0507546232E-02,    0.0000000000E+00,    0.0000000000E+00,    0.0000000000E+00,    4.0507546232E-02
      1850,      0.676910,CP5_after_vdif,   1,    0.0000000000E+00,    4.0507546232E-02,    4.0507546232E-02,    0.0000000000E+00,    0.0000000000E+00,    0.0000000000E+00,    4.0507546232E-02
      1850,      0.676910,CP6_after_kinetics,   1,    0.0000000000E+00,    4.0507546232E-02,    4.0507546232E-02,    0.0000000000E+00,    0.0000000000E+00,    0.0000000000E+00,    4.0507546232E-02
      1850,      0.676910,CP7_after_upper_clamp,   1,    0.0000000000E+00,    4.0507546232E-02,    4.0507546232E-02,    0.0000000000E+00,    0.0000000000E+00,    0.0000000000E+00,    4.0507546232E-02
      1850,      0.676910,CP8_after_OBC,   1,    0.0000000000E+00,    4.0507546232E-02,    4.0507546232E-02,    0.0000000000E+00,    0.0000000000E+00,    0.0000000000E+00,    4.0507546232E-02
      1850,      0.676910,CP9_after_PTsource,   1,    0.0000000000E+00,    4.0507546232E-02,    4.0507546232E-02,    0.0000000000E+00,    0.0000000000E+00,    0.0000000000E+00,    4.0507546232E-02
      1850,      0.676910,CP10_after_neg_clamp,   1,    0.0000000000E+00,    4.0507546232E-02,    4.0507546232E-02,    0.0000000000E+00,    0.0000000000E+00,    0.0000000000E+00,    4.0507546232E-02
      1850,      0.676910,CP11_after_MPI,   1,    0.0000000000E+00,    4.0507546232E-02,    4.0507546232E-02,    0.0000000000E+00,    0.0000000000E+00,    0.0000000000E+00,    4.0507546232E-02
      1850,      0.676910,CP12_end,   1,    0.0000000000E+00,    4.0507546232E-02,    4.0507546232E-02,    0.0000000000E+00,    0.0000000000E+00,    0.0000000000E+00,    4.0507546232E-02
      1900,      0.676910,CP0_start,   1,    0.0000000000E+00,    4.2676141122E-02,    4.2676141122E-02,    0.0000000000E+00,    0.0000000000E+00,    0.0000000000E+00,    4.2676141122E-02
      1900,      0.676910,CP1_after_deposition,   1,    0.0000000000E+00,    4.2676141122E-02,    4.2676141122E-02,    0.0000000000E+00,    0.0000000000E+00,    0.0000000000E+00,    4.2676141122E-02
      1900,      0.676910,CP2_after_erosion,   1,    0.0000000000E+00,    4.2676141122E-02,    4.2676141122E-02,    0.0000000000E+00,    0.0000000000E+00,    0.0000000000E+00,    4.2676141122E-02
      1900,      0.676910,CP3_after_update_bottom,   1,    0.0000000000E+00,    4.2676141122E-02,    4.2676141122E-02,    0.0000000000E+00,    0.0000000000E+00,    0.0000000000E+00,    4.2676141122E-02
      1900,      0.676910,CP4_after_advection,   1,    0.0000000000E+00,    4.2720987644E-02,    4.2720987644E-02,    0.0000000000E+00,    0.0000000000E+00,    0.0000000000E+00,    4.2720987644E-02
      1900,      0.676910,CP5_after_vdif,   1,    0.0000000000E+00,    4.2720987644E-02,    4.2720987644E-02,    0.0000000000E+00,    0.0000000000E+00,    0.0000000000E+00,    4.2720987644E-02
      1900,      0.676910,CP6_after_kinetics,   1,    0.0000000000E+00,    4.2720987644E-02,    4.2720987644E-02,    0.0000000000E+00,    0.0000000000E+00,    0.0000000000E+00,    4.2720987644E-02
      1900,      0.676910,CP7_after_upper_clamp,   1,    0.0000000000E+00,    4.2720987644E-02,    4.2720987644E-02,    0.0000000000E+00,    0.0000000000E+00,    0.0000000000E+00,    4.2720987644E-02
      1900,      0.676910,CP8_after_OBC,   1,    0.0000000000E+00,    4.2720987644E-02,    4.2720987644E-02,    0.0000000000E+00,    0.0000000000E+00,    0.0000000000E+00,    4.2720987644E-02
      1900,      0.676910,CP9_after_PTsource,   1,    0.0000000000E+00,    4.2720987644E-02,    4.2720987644E-02,    0.0000000000E+00,    0.0000000000E+00,    0.0000000000E+00,    4.2720987644E-02
      1900,      0.676910,CP10_after_neg_clamp,   1,    0.0000000000E+00,    4.2720987644E-02,    4.2720987644E-02,    0.0000000000E+00,    0.0000000000E+00,    0.0000000000E+00,    4.2720987644E-02
      1900,      0.676910,CP11_after_MPI,   1,    0.0000000000E+00,    4.2720987644E-02,    4.2720987644E-02,    0.0000000000E+00,    0.0000000000E+00,    0.0000000000E+00,    4.2720987644E-02
      1900,      0.676910,CP12_end,   1,    0.0000000000E+00,    4.2720987644E-02,    4.2720987644E-02,    0.0000000000E+00,    0.0000000000E+00,    0.0000000000E+00,    4.2720987644E-02
      1950,      0.676910,CP0_start,   1,    0.0000000000E+00,    4.4947406244E-02,    4.4947406244E-02,    0.0000000000E+00,    0.0000000000E+00,    0.0000000000E+00,    4.4947406244E-02
      1950,      0.676910,CP1_after_deposition,   1,    0.0000000000E+00,    4.4947406244E-02,    4.4947406244E-02,    0.0000000000E+00,    0.0000000000E+00,    0.0000000000E+00,    4.4947406244E-02
      1950,      0.676910,CP2_after_erosion,   1,    0.0000000000E+00,    4.4947406244E-02,    4.4947406244E-02,    0.0000000000E+00,    0.0000000000E+00,    0.0000000000E+00,    4.4947406244E-02
      1950,      0.676910,CP3_after_update_bottom,   1,    0.0000000000E+00,    4.4947406244E-02,    4.4947406244E-02,    0.0000000000E+00,    0.0000000000E+00,    0.0000000000E+00,    4.4947406244E-02
      1950,      0.676910,CP4_after_advection,   1,    0.0000000000E+00,    4.4993435339E-02,    4.4993435339E-02,    0.0000000000E+00,    0.0000000000E+00,    0.0000000000E+00,    4.4993435339E-02
      1950,      0.676910,CP5_after_vdif,   1,    0.0000000000E+00,    4.4993435339E-02,    4.4993435339E-02,    0.0000000000E+00,    0.0000000000E+00,    0.0000000000E+00,    4.4993435339E-02
      1950,      0.676910,CP6_after_kinetics,   1,    0.0000000000E+00,    4.4993435339E-02,    4.4993435339E-02,    0.0000000000E+00,    0.0000000000E+00,    0.0000000000E+00,    4.4993435339E-02
      1950,      0.676910,CP7_after_upper_clamp,   1,    0.0000000000E+00,    4.4993435339E-02,    4.4993435339E-02,    0.0000000000E+00,    0.0000000000E+00,    0.0000000000E+00,    4.4993435339E-02
      1950,      0.676910,CP8_after_OBC,   1,    0.0000000000E+00,    4.4993435339E-02,    4.4993435339E-02,    0.0000000000E+00,    0.0000000000E+00,    0.0000000000E+00,    4.4993435339E-02
      1950,      0.676910,CP9_after_PTsource,   1,    0.0000000000E+00,    4.4993435339E-02,    4.4993435339E-02,    0.0000000000E+00,    0.0000000000E+00,    0.0000000000E+00,    4.4993435339E-02
      1950,      0.676910,CP10_after_neg_clamp,   1,    0.0000000000E+00,    4.4993435339E-02,    4.4993435339E-02,    0.0000000000E+00,    0.0000000000E+00,    0.0000000000E+00,    4.4993435339E-02
      1950,      0.676910,CP11_after_MPI,   1,    0.0000000000E+00,    4.4993435339E-02,    4.4993435339E-02,    0.0000000000E+00,    0.0000000000E+00,    0.0000000000E+00,    4.4993435339E-02
      1950,      0.676910,CP12_end,   1,    0.0000000000E+00,    4.4993435339E-02,    4.4993435339E-02,    0.0000000000E+00,    0.0000000000E+00,    0.0000000000E+00,    4.4993435339E-02
      2000,      0.676910,CP0_start,   1,    0.0000000000E+00,    4.7277680660E-02,    4.7277680660E-02,    0.0000000000E+00,    0.0000000000E+00,    0.0000000000E+00,    4.7277680660E-02
      2000,      0.676910,CP1_after_deposition,   1,    0.0000000000E+00,    4.7277680660E-02,    4.7277680660E-02,    0.0000000000E+00,    0.0000000000E+00,    0.0000000000E+00,    4.7277680660E-02
      2000,      0.676910,CP2_after_erosion,   1,    0.0000000000E+00,    4.7277680660E-02,    4.7277680660E-02,    0.0000000000E+00,    0.0000000000E+00,    0.0000000000E+00,    4.7277680660E-02
      2000,      0.676910,CP3_after_update_bottom,   1,    0.0000000000E+00,    4.7277680660E-02,    4.7277680660E-02,    0.0000000000E+00,    0.0000000000E+00,    0.0000000000E+00,    4.7277680660E-02
      2000,      0.676910,CP4_after_advection,   1,    0.0000000000E+00,    4.7324889074E-02,    4.7324889074E-02,    0.0000000000E+00,    0.0000000000E+00,    0.0000000000E+00,    4.7324889074E-02
      2000,      0.676910,CP5_after_vdif,   1,    0.0000000000E+00,    4.7324889074E-02,    4.7324889074E-02,    0.0000000000E+00,    0.0000000000E+00,    0.0000000000E+00,    4.7324889074E-02
      2000,      0.676910,CP6_after_kinetics,   1,    0.0000000000E+00,    4.7324889074E-02,    4.7324889074E-02,    0.0000000000E+00,    0.0000000000E+00,    0.0000000000E+00,    4.7324889074E-02
      2000,      0.676910,CP7_after_upper_clamp,   1,    0.0000000000E+00,    4.7324889074E-02,    4.7324889074E-02,    0.0000000000E+00,    0.0000000000E+00,    0.0000000000E+00,    4.7324889074E-02
      2000,      0.676910,CP8_after_OBC,   1,    0.0000000000E+00,    4.7324889074E-02,    4.7324889074E-02,    0.0000000000E+00,    0.0000000000E+00,    0.0000000000E+00,    4.7324889074E-02
      2000,      0.676910,CP9_after_PTsource,   1,    0.0000000000E+00,    4.7324889074E-02,    4.7324889074E-02,    0.0000000000E+00,    0.0000000000E+00,    0.0000000000E+00,    4.7324889074E-02
      2000,      0.676910,CP10_after_neg_clamp,   1,    0.0000000000E+00,    4.7324889074E-02,    4.7324889074E-02,    0.0000000000E+00,    0.0000000000E+00,    0.0000000000E+00,    4.7324889074E-02
      2000,      0.676910,CP11_after_MPI,   1,    0.0000000000E+00,    4.7324889074E-02,    4.7324889074E-02,    0.0000000000E+00,    0.0000000000E+00,    0.0000000000E+00,    4.7324889074E-02
      2000,      0.676910,CP12_end,   1,    0.0000000000E+00,    4.7324889074E-02,    4.7324889074E-02,    0.0000000000E+00,    0.0000000000E+00,    0.0000000000E+00,    4.7324889074E-02
      2050,      0.676910,CP0_start,   1,    0.0000000000E+00,    4.9666959183E-02,    4.9666959183E-02,    0.0000000000E+00,    0.0000000000E+00,    0.0000000000E+00,    4.9666959183E-02
      2050,      0.676910,CP1_after_deposition,   1,    0.0000000000E+00,    4.9666959183E-02,    4.9666959183E-02,    0.0000000000E+00,    0.0000000000E+00,    0.0000000000E+00,    4.9666959183E-02
      2050,      0.676910,CP2_after_erosion,   1,    0.0000000000E+00,    4.9666959183E-02,    4.9666959183E-02,    0.0000000000E+00,    0.0000000000E+00,    0.0000000000E+00,    4.9666959183E-02
      2050,      0.676910,CP3_after_update_bottom,   1,    0.0000000000E+00,    4.9666959183E-02,    4.9666959183E-02,    0.0000000000E+00,    0.0000000000E+00,    0.0000000000E+00,    4.9666959183E-02
      2050,      0.676910,CP4_after_advection,   1,    0.0000000000E+00,    4.9715348598E-02,    4.9715348598E-02,    0.0000000000E+00,    0.0000000000E+00,    0.0000000000E+00,    4.9715348598E-02
      2050,      0.676910,CP5_after_vdif,   1,    0.0000000000E+00,    4.9715348598E-02,    4.9715348598E-02,    0.0000000000E+00,    0.0000000000E+00,    0.0000000000E+00,    4.9715348598E-02
      2050,      0.676910,CP6_after_kinetics,   1,    0.0000000000E+00,    4.9715348598E-02,    4.9715348598E-02,    0.0000000000E+00,    0.0000000000E+00,    0.0000000000E+00,    4.9715348598E-02
      2050,      0.676910,CP7_after_upper_clamp,   1,    0.0000000000E+00,    4.9715348598E-02,    4.9715348598E-02,    0.0000000000E+00,    0.0000000000E+00,    0.0000000000E+00,    4.9715348598E-02
      2050,      0.676910,CP8_after_OBC,   1,    0.0000000000E+00,    4.9715348598E-02,    4.9715348598E-02,    0.0000000000E+00,    0.0000000000E+00,    0.0000000000E+00,    4.9715348598E-02
      2050,      0.676910,CP9_after_PTsource,   1,    0.0000000000E+00,    4.9715348598E-02,    4.9715348598E-02,    0.0000000000E+00,    0.0000000000E+00,    0.0000000000E+00,    4.9715348598E-02
      2050,      0.676910,CP10_after_neg_clamp,   1,    0.0000000000E+00,    4.9715348598E-02,    4.9715348598E-02,    0.0000000000E+00,    0.0000000000E+00,    0.0000000000E+00,    4.9715348598E-02
      2050,      0.676910,CP11_after_MPI,   1,    0.0000000000E+00,    4.9715348598E-02,    4.9715348598E-02,    0.0000000000E+00,    0.0000000000E+00,    0.0000000000E+00,    4.9715348598E-02
      2050,      0.676910,CP12_end,   1,    0.0000000000E+00,    4.9715348598E-02,    4.9715348598E-02,    0.0000000000E+00,    0.0000000000E+00,    0.0000000000E+00,    4.9715348598E-02
      2100,      0.676910,CP0_start,   1,    0.0000000000E+00,    5.2115258120E-02,    5.2115258120E-02,    0.0000000000E+00,    0.0000000000E+00,    0.0000000000E+00,    5.2115258120E-02
      2100,      0.676910,CP1_after_deposition,   1,    0.0000000000E+00,    5.2115258120E-02,    5.2115258120E-02,    0.0000000000E+00,    0.0000000000E+00,    0.0000000000E+00,    5.2115258120E-02
      2100,      0.676910,CP2_after_erosion,   1,    0.0000000000E+00,    5.2115258120E-02,    5.2115258120E-02,    0.0000000000E+00,    0.0000000000E+00,    0.0000000000E+00,    5.2115258120E-02
      2100,      0.676910,CP3_after_update_bottom,   1,    0.0000000000E+00,    5.2115258120E-02,    5.2115258120E-02,    0.0000000000E+00,    0.0000000000E+00,    0.0000000000E+00,    5.2115258120E-02
      2100,      0.676910,CP4_after_advection,   1,    0.0000000000E+00,    5.2164813656E-02,    5.2164813656E-02,    0.0000000000E+00,    0.0000000000E+00,    0.0000000000E+00,    5.2164813656E-02
      2100,      0.676910,CP5_after_vdif,   1,    0.0000000000E+00,    5.2164813656E-02,    5.2164813656E-02,    0.0000000000E+00,    0.0000000000E+00,    0.0000000000E+00,    5.2164813656E-02
      2100,      0.676910,CP6_after_kinetics,   1,    0.0000000000E+00,    5.2164813656E-02,    5.2164813656E-02,    0.0000000000E+00,    0.0000000000E+00,    0.0000000000E+00,    5.2164813656E-02
      2100,      0.676910,CP7_after_upper_clamp,   1,    0.0000000000E+00,    5.2164813656E-02,    5.2164813656E-02,    0.0000000000E+00,    0.0000000000E+00,    0.0000000000E+00,    5.2164813656E-02
      2100,      0.676910,CP8_after_OBC,   1,    0.0000000000E+00,    5.2164813656E-02,    5.2164813656E-02,    0.0000000000E+00,    0.0000000000E+00,    0.0000000000E+00,    5.2164813656E-02
      2100,      0.676910,CP9_after_PTsource,   1,    0.0000000000E+00,    5.2164813656E-02,    5.2164813656E-02,    0.0000000000E+00,    0.0000000000E+00,    0.0000000000E+00,    5.2164813656E-02
      2100,      0.676910,CP10_after_neg_clamp,   1,    0.0000000000E+00,    5.2164813656E-02,    5.2164813656E-02,    0.0000000000E+00,    0.0000000000E+00,    0.0000000000E+00,    5.2164813656E-02
      2100,      0.676910,CP11_after_MPI,   1,    0.0000000000E+00,    5.2164813656E-02,    5.2164813656E-02,    0.0000000000E+00,    0.0000000000E+00,    0.0000000000E+00,    5.2164813656E-02
      2100,      0.676910,CP12_end,   1,    0.0000000000E+00,    5.2164813656E-02,    5.2164813656E-02,    0.0000000000E+00,    0.0000000000E+00,    0.0000000000E+00,    5.2164813656E-02
      2150,      0.676910,CP0_start,   1,    0.0000000000E+00,    5.4622538398E-02,    5.4622538398E-02,    0.0000000000E+00,    0.0000000000E+00,    0.0000000000E+00,    5.4622538398E-02
      2150,      0.676910,CP1_after_deposition,   1,    0.0000000000E+00,    5.4622538398E-02,    5.4622538398E-02,    0.0000000000E+00,    0.0000000000E+00,    0.0000000000E+00,    5.4622538398E-02
      2150,      0.676910,CP2_after_erosion,   1,    0.0000000000E+00,    5.4622538398E-02,    5.4622538398E-02,    0.0000000000E+00,    0.0000000000E+00,    0.0000000000E+00,    5.4622538398E-02
      2150,      0.676910,CP3_after_update_bottom,   1,    0.0000000000E+00,    5.4622538398E-02,    5.4622538398E-02,    0.0000000000E+00,    0.0000000000E+00,    0.0000000000E+00,    5.4622538398E-02
      2150,      0.676910,CP4_after_advection,   1,    0.0000000000E+00,    5.4673283985E-02,    5.4673283985E-02,    0.0000000000E+00,    0.0000000000E+00,    0.0000000000E+00,    5.4673283985E-02
      2150,      0.676910,CP5_after_vdif,   1,    0.0000000000E+00,    5.4673283985E-02,    5.4673283985E-02,    0.0000000000E+00,    0.0000000000E+00,    0.0000000000E+00,    5.4673283985E-02
      2150,      0.676910,CP6_after_kinetics,   1,    0.0000000000E+00,    5.4673283985E-02,    5.4673283985E-02,    0.0000000000E+00,    0.0000000000E+00,    0.0000000000E+00,    5.4673283985E-02
      2150,      0.676910,CP7_after_upper_clamp,   1,    0.0000000000E+00,    5.4673283985E-02,    5.4673283985E-02,    0.0000000000E+00,    0.0000000000E+00,    0.0000000000E+00,    5.4673283985E-02
      2150,      0.676910,CP8_after_OBC,   1,    0.0000000000E+00,    5.4673283985E-02,    5.4673283985E-02,    0.0000000000E+00,    0.0000000000E+00,    0.0000000000E+00,    5.4673283985E-02
      2150,      0.676910,CP9_after_PTsource,   1,    0.0000000000E+00,    5.4673283985E-02,    5.4673283985E-02,    0.0000000000E+00,    0.0000000000E+00,    0.0000000000E+00,    5.4673283985E-02
      2150,      0.676910,CP10_after_neg_clamp,   1,    0.0000000000E+00,    5.4673283985E-02,    5.4673283985E-02,    0.0000000000E+00,    0.0000000000E+00,    0.0000000000E+00,    5.4673283985E-02
      2150,      0.676910,CP11_after_MPI,   1,    0.0000000000E+00,    5.4673283985E-02,    5.4673283985E-02,    0.0000000000E+00,    0.0000000000E+00,    0.0000000000E+00,    5.4673283985E-02
      2150,      0.676910,CP12_end,   1,    0.0000000000E+00,    5.4673283985E-02,    5.4673283985E-02,    0.0000000000E+00,    0.0000000000E+00,    0.0000000000E+00,    5.4673283985E-02
      2200,      0.676910,CP0_start,   1,    0.0000000000E+00,    5.7188840860E-02,    5.7188840860E-02,    0.0000000000E+00,    0.0000000000E+00,    0.0000000000E+00,    5.7188840860E-02
      2200,      0.676910,CP1_after_deposition,   1,    0.0000000000E+00,    5.7188840860E-02,    5.7188840860E-02,    0.0000000000E+00,    0.0000000000E+00,    0.0000000000E+00,    5.7188840860E-02
      2200,      0.676910,CP2_after_erosion,   1,    0.0000000000E+00,    5.7188840860E-02,    5.7188840860E-02,    0.0000000000E+00,    0.0000000000E+00,    0.0000000000E+00,    5.7188840860E-02
      2200,      0.676910,CP3_after_update_bottom,   1,    0.0000000000E+00,    5.7188840860E-02,    5.7188840860E-02,    0.0000000000E+00,    0.0000000000E+00,    0.0000000000E+00,    5.7188840860E-02
      2200,      0.676910,CP4_after_advection,   1,    0.0000000000E+00,    5.7240759316E-02,    5.7240759316E-02,    0.0000000000E+00,    0.0000000000E+00,    0.0000000000E+00,    5.7240759316E-02
      2200,      0.676910,CP5_after_vdif,   1,    0.0000000000E+00,    5.7240759316E-02,    5.7240759316E-02,    0.0000000000E+00,    0.0000000000E+00,    0.0000000000E+00,    5.7240759316E-02
      2200,      0.676910,CP6_after_kinetics,   1,    0.0000000000E+00,    5.7240759316E-02,    5.7240759316E-02,    0.0000000000E+00,    0.0000000000E+00,    0.0000000000E+00,    5.7240759316E-02
      2200,      0.676910,CP7_after_upper_clamp,   1,    0.0000000000E+00,    5.7240759316E-02,    5.7240759316E-02,    0.0000000000E+00,    0.0000000000E+00,    0.0000000000E+00,    5.7240759316E-02
      2200,      0.676910,CP8_after_OBC,   1,    0.0000000000E+00,    5.7240759316E-02,    5.7240759316E-02,    0.0000000000E+00,    0.0000000000E+00,    0.0000000000E+00,    5.7240759316E-02
      2200,      0.676910,CP9_after_PTsource,   1,    0.0000000000E+00,    5.7240759316E-02,    5.7240759316E-02,    0.0000000000E+00,    0.0000000000E+00,    0.0000000000E+00,    5.7240759316E-02
      2200,      0.676910,CP10_after_neg_clamp,   1,    0.0000000000E+00,    5.7240759316E-02,    5.7240759316E-02,    0.0000000000E+00,    0.0000000000E+00,    0.0000000000E+00,    5.7240759316E-02
      2200,      0.676910,CP11_after_MPI,   1,    0.0000000000E+00,    5.7240759316E-02,    5.7240759316E-02,    0.0000000000E+00,    0.0000000000E+00,    0.0000000000E+00,    5.7240759316E-02
      2200,      0.676910,CP12_end,   1,    0.0000000000E+00,    5.7240759316E-02,    5.7240759316E-02,    0.0000000000E+00,    0.0000000000E+00,    0.0000000000E+00,    5.7240759316E-02
      2250,      0.676910,CP0_start,   1,    0.0000000000E+00,    5.9814139981E-02,    5.9814139981E-02,    0.0000000000E+00,    0.0000000000E+00,    0.0000000000E+00,    5.9814139981E-02
      2250,      0.676910,CP1_after_deposition,   1,    0.0000000000E+00,    5.9814139981E-02,    5.9814139981E-02,    0.0000000000E+00,    0.0000000000E+00,    0.0000000000E+00,    5.9814139981E-02
      2250,      0.676910,CP2_after_erosion,   1,    0.0000000000E+00,    5.9814139981E-02,    5.9814139981E-02,    0.0000000000E+00,    0.0000000000E+00,    0.0000000000E+00,    5.9814139981E-02
      2250,      0.676910,CP3_after_update_bottom,   1,    0.0000000000E+00,    5.9814139981E-02,    5.9814139981E-02,    0.0000000000E+00,    0.0000000000E+00,    0.0000000000E+00,    5.9814139981E-02
      2250,      0.676910,CP4_after_advection,   1,    0.0000000000E+00,    5.9867239375E-02,    5.9867239375E-02,    0.0000000000E+00,    0.0000000000E+00,    0.0000000000E+00,    5.9867239375E-02
      2250,      0.676910,CP5_after_vdif,   1,    0.0000000000E+00,    5.9867239375E-02,    5.9867239375E-02,    0.0000000000E+00,    0.0000000000E+00,    0.0000000000E+00,    5.9867239375E-02
      2250,      0.676910,CP6_after_kinetics,   1,    0.0000000000E+00,    5.9867239375E-02,    5.9867239375E-02,    0.0000000000E+00,    0.0000000000E+00,    0.0000000000E+00,    5.9867239375E-02
      2250,      0.676910,CP7_after_upper_clamp,   1,    0.0000000000E+00,    5.9867239375E-02,    5.9867239375E-02,    0.0000000000E+00,    0.0000000000E+00,    0.0000000000E+00,    5.9867239375E-02
      2250,      0.676910,CP8_after_OBC,   1,    0.0000000000E+00,    5.9867239375E-02,    5.9867239375E-02,    0.0000000000E+00,    0.0000000000E+00,    0.0000000000E+00,    5.9867239375E-02
      2250,      0.676910,CP9_after_PTsource,   1,    0.0000000000E+00,    5.9867239375E-02,    5.9867239375E-02,    0.0000000000E+00,    0.0000000000E+00,    0.0000000000E+00,    5.9867239375E-02
      2250,      0.676910,CP10_after_neg_clamp,   1,    0.0000000000E+00,    5.9867239375E-02,    5.9867239375E-02,    0.0000000000E+00,    0.0000000000E+00,    0.0000000000E+00,    5.9867239375E-02
      2250,      0.676910,CP11_after_MPI,   1,    0.0000000000E+00,    5.9867239375E-02,    5.9867239375E-02,    0.0000000000E+00,    0.0000000000E+00,    0.0000000000E+00,    5.9867239375E-02
      2250,      0.676910,CP12_end,   1,    0.0000000000E+00,    5.9867239375E-02,    5.9867239375E-02,    0.0000000000E+00,    0.0000000000E+00,    0.0000000000E+00,    5.9867239375E-02
      2300,      0.676910,CP0_start,   1,    0.0000000000E+00,    6.2498442741E-02,    6.2498442741E-02,    0.0000000000E+00,    0.0000000000E+00,    0.0000000000E+00,    6.2498442741E-02
      2300,      0.676910,CP1_after_deposition,   1,    0.0000000000E+00,    6.2498442741E-02,    6.2498442741E-02,    0.0000000000E+00,    0.0000000000E+00,    0.0000000000E+00,    6.2498442741E-02
      2300,      0.676910,CP2_after_erosion,   1,    0.0000000000E+00,    6.2498442741E-02,    6.2498442741E-02,    0.0000000000E+00,    0.0000000000E+00,    0.0000000000E+00,    6.2498442741E-02
      2300,      0.676910,CP3_after_update_bottom,   1,    0.0000000000E+00,    6.2498442741E-02,    6.2498442741E-02,    0.0000000000E+00,    0.0000000000E+00,    0.0000000000E+00,    6.2498442741E-02
      2300,      0.676910,CP4_after_advection,   1,    0.0000000000E+00,    6.2552723879E-02,    6.2552723879E-02,    0.0000000000E+00,    0.0000000000E+00,    0.0000000000E+00,    6.2552723879E-02
      2300,      0.676910,CP5_after_vdif,   1,    0.0000000000E+00,    6.2552723879E-02,    6.2552723879E-02,    0.0000000000E+00,    0.0000000000E+00,    0.0000000000E+00,    6.2552723879E-02
      2300,      0.676910,CP6_after_kinetics,   1,    0.0000000000E+00,    6.2552723879E-02,    6.2552723879E-02,    0.0000000000E+00,    0.0000000000E+00,    0.0000000000E+00,    6.2552723879E-02
      2300,      0.676910,CP7_after_upper_clamp,   1,    0.0000000000E+00,    6.2552723879E-02,    6.2552723879E-02,    0.0000000000E+00,    0.0000000000E+00,    0.0000000000E+00,    6.2552723879E-02
      2300,      0.676910,CP8_after_OBC,   1,    0.0000000000E+00,    6.2552723879E-02,    6.2552723879E-02,    0.0000000000E+00,    0.0000000000E+00,    0.0000000000E+00,    6.2552723879E-02
      2300,      0.676910,CP9_after_PTsource,   1,    0.0000000000E+00,    6.2552723879E-02,    6.2552723879E-02,    0.0000000000E+00,    0.0000000000E+00,    0.0000000000E+00,    6.2552723879E-02
      2300,      0.676910,CP10_after_neg_clamp,   1,    0.0000000000E+00,    6.2552723879E-02,    6.2552723879E-02,    0.0000000000E+00,    0.0000000000E+00,    0.0000000000E+00,    6.2552723879E-02
      2300,      0.676910,CP11_after_MPI,   1,    0.0000000000E+00,    6.2552723879E-02,    6.2552723879E-02,    0.0000000000E+00,    0.0000000000E+00,    0.0000000000E+00,    6.2552723879E-02
      2300,      0.676910,CP12_end,   1,    0.0000000000E+00,    6.2552723879E-02,    6.2552723879E-02,    0.0000000000E+00,    0.0000000000E+00,    0.0000000000E+00,    6.2552723879E-02
      2350,      0.676910,CP0_start,   1,    0.0000000000E+00,    6.5241766893E-02,    6.5241766893E-02,    0.0000000000E+00,    0.0000000000E+00,    0.0000000000E+00,    6.5241766893E-02
      2350,      0.676910,CP1_after_deposition,   1,    0.0000000000E+00,    6.5241766893E-02,    6.5241766893E-02,    0.0000000000E+00,    0.0000000000E+00,    0.0000000000E+00,    6.5241766893E-02
      2350,      0.676910,CP2_after_erosion,   1,    0.0000000000E+00,    6.5241766893E-02,    6.5241766893E-02,    0.0000000000E+00,    0.0000000000E+00,    0.0000000000E+00,    6.5241766893E-02
      2350,      0.676910,CP3_after_update_bottom,   1,    0.0000000000E+00,    6.5241766893E-02,    6.5241766893E-02,    0.0000000000E+00,    0.0000000000E+00,    0.0000000000E+00,    6.5241766893E-02
      2350,      0.676910,CP4_after_advection,   1,    0.0000000000E+00,    6.5297212541E-02,    6.5297212541E-02,    0.0000000000E+00,    0.0000000000E+00,    0.0000000000E+00,    6.5297212541E-02
      2350,      0.676910,CP5_after_vdif,   1,    0.0000000000E+00,    6.5297212541E-02,    6.5297212541E-02,    0.0000000000E+00,    0.0000000000E+00,    0.0000000000E+00,    6.5297212541E-02
      2350,      0.676910,CP6_after_kinetics,   1,    0.0000000000E+00,    6.5297212541E-02,    6.5297212541E-02,    0.0000000000E+00,    0.0000000000E+00,    0.0000000000E+00,    6.5297212541E-02
      2350,      0.676910,CP7_after_upper_clamp,   1,    0.0000000000E+00,    6.5297212541E-02,    6.5297212541E-02,    0.0000000000E+00,    0.0000000000E+00,    0.0000000000E+00,    6.5297212541E-02
      2350,      0.676910,CP8_after_OBC,   1,    0.0000000000E+00,    6.5297212541E-02,    6.5297212541E-02,    0.0000000000E+00,    0.0000000000E+00,    0.0000000000E+00,    6.5297212541E-02
      2350,      0.676910,CP9_after_PTsource,   1,    0.0000000000E+00,    6.5297212541E-02,    6.5297212541E-02,    0.0000000000E+00,    0.0000000000E+00,    0.0000000000E+00,    6.5297212541E-02
      2350,      0.676910,CP10_after_neg_clamp,   1,    0.0000000000E+00,    6.5297212541E-02,    6.5297212541E-02,    0.0000000000E+00,    0.0000000000E+00,    0.0000000000E+00,    6.5297212541E-02
      2350,      0.676910,CP11_after_MPI,   1,    0.0000000000E+00,    6.5297212541E-02,    6.5297212541E-02,    0.0000000000E+00,    0.0000000000E+00,    0.0000000000E+00,    6.5297212541E-02
      2350,      0.676910,CP12_end,   1,    0.0000000000E+00,    6.5297212541E-02,    6.5297212541E-02,    0.0000000000E+00,    0.0000000000E+00,    0.0000000000E+00,    6.5297212541E-02
      2400,      0.676910,CP0_start,   1,    0.0000000000E+00,    6.8044075232E-02,    6.8044075232E-02,    0.0000000000E+00,    0.0000000000E+00,    0.0000000000E+00,    6.8044075232E-02
      2400,      0.676910,CP1_after_deposition,   1,    0.0000000000E+00,    6.8044075232E-02,    6.8044075232E-02,    0.0000000000E+00,    0.0000000000E+00,    0.0000000000E+00,    6.8044075232E-02
      2400,      0.676910,CP2_after_erosion,   1,    0.0000000000E+00,    6.8044075232E-02,    6.8044075232E-02,    0.0000000000E+00,    0.0000000000E+00,    0.0000000000E+00,    6.8044075232E-02
      2400,      0.676910,CP3_after_update_bottom,   1,    0.0000000000E+00,    6.8044075232E-02,    6.8044075232E-02,    0.0000000000E+00,    0.0000000000E+00,    0.0000000000E+00,    6.8044075232E-02
      2400,      0.676910,CP4_after_advection,   1,    0.0000000000E+00,    6.8100705066E-02,    6.8100705066E-02,    0.0000000000E+00,    0.0000000000E+00,    0.0000000000E+00,    6.8100705066E-02
      2400,      0.676910,CP5_after_vdif,   1,    0.0000000000E+00,    6.8100705066E-02,    6.8100705066E-02,    0.0000000000E+00,    0.0000000000E+00,    0.0000000000E+00,    6.8100705066E-02
      2400,      0.676910,CP6_after_kinetics,   1,    0.0000000000E+00,    6.8100705066E-02,    6.8100705066E-02,    0.0000000000E+00,    0.0000000000E+00,    0.0000000000E+00,    6.8100705066E-02
      2400,      0.676910,CP7_after_upper_clamp,   1,    0.0000000000E+00,    6.8100705066E-02,    6.8100705066E-02,    0.0000000000E+00,    0.0000000000E+00,    0.0000000000E+00,    6.8100705066E-02
      2400,      0.676910,CP8_after_OBC,   1,    0.0000000000E+00,    6.8100705066E-02,    6.8100705066E-02,    0.0000000000E+00,    0.0000000000E+00,    0.0000000000E+00,    6.8100705066E-02
      2400,      0.676910,CP9_after_PTsource,   1,    0.0000000000E+00,    6.8100705066E-02,    6.8100705066E-02,    0.0000000000E+00,    0.0000000000E+00,    0.0000000000E+00,    6.8100705066E-02
      2400,      0.676910,CP10_after_neg_clamp,   1,    0.0000000000E+00,    6.8100705066E-02,    6.8100705066E-02,    0.0000000000E+00,    0.0000000000E+00,    0.0000000000E+00,    6.8100705066E-02
      2400,      0.676910,CP11_after_MPI,   1,    0.0000000000E+00,    6.8100705066E-02,    6.8100705066E-02,    0.0000000000E+00,    0.0000000000E+00,    0.0000000000E+00,    6.8100705066E-02
      2400,      0.676910,CP12_end,   1,    0.0000000000E+00,    6.8100705066E-02,    6.8100705066E-02,    0.0000000000E+00,    0.0000000000E+00,    0.0000000000E+00,    6.8100705066E-02
      2450,      0.676910,CP0_start,   1,    0.0000000000E+00,    7.0905390444E-02,    7.0905390444E-02,    0.0000000000E+00,    0.0000000000E+00,    0.0000000000E+00,    7.0905390444E-02
      2450,      0.676910,CP1_after_deposition,   1,    0.0000000000E+00,    7.0905390444E-02,    7.0905390444E-02,    0.0000000000E+00,    0.0000000000E+00,    0.0000000000E+00,    7.0905390444E-02
      2450,      0.676910,CP2_after_erosion,   1,    0.0000000000E+00,    7.0905390444E-02,    7.0905390444E-02,    0.0000000000E+00,    0.0000000000E+00,    0.0000000000E+00,    7.0905390444E-02
      2450,      0.676910,CP3_after_update_bottom,   1,    0.0000000000E+00,    7.0905390444E-02,    7.0905390444E-02,    0.0000000000E+00,    0.0000000000E+00,    0.0000000000E+00,    7.0905390444E-02
      2450,      0.676910,CP4_after_advection,   1,    0.0000000000E+00,    7.0963201156E-02,    7.0963201156E-02,    0.0000000000E+00,    0.0000000000E+00,    0.0000000000E+00,    7.0963201156E-02
      2450,      0.676910,CP5_after_vdif,   1,    0.0000000000E+00,    7.0963201156E-02,    7.0963201156E-02,    0.0000000000E+00,    0.0000000000E+00,    0.0000000000E+00,    7.0963201156E-02
      2450,      0.676910,CP6_after_kinetics,   1,    0.0000000000E+00,    7.0963201156E-02,    7.0963201156E-02,    0.0000000000E+00,    0.0000000000E+00,    0.0000000000E+00,    7.0963201156E-02
      2450,      0.676910,CP7_after_upper_clamp,   1,    0.0000000000E+00,    7.0963201156E-02,    7.0963201156E-02,    0.0000000000E+00,    0.0000000000E+00,    0.0000000000E+00,    7.0963201156E-02
      2450,      0.676910,CP8_after_OBC,   1,    0.0000000000E+00,    7.0963201156E-02,    7.0963201156E-02,    0.0000000000E+00,    0.0000000000E+00,    0.0000000000E+00,    7.0963201156E-02
      2450,      0.676910,CP9_after_PTsource,   1,    0.0000000000E+00,    7.0963201156E-02,    7.0963201156E-02,    0.0000000000E+00,    0.0000000000E+00,    0.0000000000E+00,    7.0963201156E-02
      2450,      0.676910,CP10_after_neg_clamp,   1,    0.0000000000E+00,    7.0963201156E-02,    7.0963201156E-02,    0.0000000000E+00,    0.0000000000E+00,    0.0000000000E+00,    7.0963201156E-02
      2450,      0.676910,CP11_after_MPI,   1,    0.0000000000E+00,    7.0963201156E-02,    7.0963201156E-02,    0.0000000000E+00,    0.0000000000E+00,    0.0000000000E+00,    7.0963201156E-02
      2450,      0.676910,CP12_end,   1,    0.0000000000E+00,    7.0963201156E-02,    7.0963201156E-02,    0.0000000000E+00,    0.0000000000E+00,    0.0000000000E+00,    7.0963201156E-02
      2500,      0.676910,CP0_start,   1,    0.0000000000E+00,    7.3825716384E-02,    7.3825716384E-02,    0.0000000000E+00,    0.0000000000E+00,    0.0000000000E+00,    7.3825716384E-02
      2500,      0.676910,CP1_after_deposition,   1,    0.0000000000E+00,    7.3825716384E-02,    7.3825716384E-02,    0.0000000000E+00,    0.0000000000E+00,    0.0000000000E+00,    7.3825716384E-02
      2500,      0.676910,CP2_after_erosion,   1,    0.0000000000E+00,    7.3825716384E-02,    7.3825716384E-02,    0.0000000000E+00,    0.0000000000E+00,    0.0000000000E+00,    7.3825716384E-02
      2500,      0.676910,CP3_after_update_bottom,   1,    0.0000000000E+00,    7.3825716384E-02,    7.3825716384E-02,    0.0000000000E+00,    0.0000000000E+00,    0.0000000000E+00,    7.3825716384E-02
      2500,      0.676910,CP4_after_advection,   1,    0.0000000000E+00,    7.3884700502E-02,    7.3884700502E-02,    0.0000000000E+00,    0.0000000000E+00,    0.0000000000E+00,    7.3884700502E-02
      2500,      0.676910,CP5_after_vdif,   1,    0.0000000000E+00,    7.3884700502E-02,    7.3884700502E-02,    0.0000000000E+00,    0.0000000000E+00,    0.0000000000E+00,    7.3884700502E-02
      2500,      0.676910,CP6_after_kinetics,   1,    0.0000000000E+00,    7.3884700502E-02,    7.3884700502E-02,    0.0000000000E+00,    0.0000000000E+00,    0.0000000000E+00,    7.3884700502E-02
      2500,      0.676910,CP7_after_upper_clamp,   1,    0.0000000000E+00,    7.3884700502E-02,    7.3884700502E-02,    0.0000000000E+00,    0.0000000000E+00,    0.0000000000E+00,    7.3884700502E-02
      2500,      0.676910,CP8_after_OBC,   1,    0.0000000000E+00,    7.3884700502E-02,    7.3884700502E-02,    0.0000000000E+00,    0.0000000000E+00,    0.0000000000E+00,    7.3884700502E-02
      2500,      0.676910,CP9_after_PTsource,   1,    0.0000000000E+00,    7.3884700502E-02,    7.3884700502E-02,    0.0000000000E+00,    0.0000000000E+00,    0.0000000000E+00,    7.3884700502E-02
      2500,      0.676910,CP10_after_neg_clamp,   1,    0.0000000000E+00,    7.3884700502E-02,    7.3884700502E-02,    0.0000000000E+00,    0.0000000000E+00,    0.0000000000E+00,    7.3884700502E-02
      2500,      0.676910,CP11_after_MPI,   1,    0.0000000000E+00,    7.3884700502E-02,    7.3884700502E-02,    0.0000000000E+00,    0.0000000000E+00,    0.0000000000E+00,    7.3884700502E-02
      2500,      0.676910,CP12_end,   1,    0.0000000000E+00,    7.3884700502E-02,    7.3884700502E-02,    0.0000000000E+00,    0.0000000000E+00,    0.0000000000E+00,    7.3884700502E-02
      2550,      0.676910,CP0_start,   1,    0.0000000000E+00,    7.6805029258E-02,    7.6805029258E-02,    0.0000000000E+00,    0.0000000000E+00,    0.0000000000E+00,    7.6805029258E-02
      2550,      0.676910,CP1_after_deposition,   1,    0.0000000000E+00,    7.6805029258E-02,    7.6805029258E-02,    0.0000000000E+00,    0.0000000000E+00,    0.0000000000E+00,    7.6805029258E-02
      2550,      0.676910,CP2_after_erosion,   1,    0.0000000000E+00,    7.6805029258E-02,    7.6805029258E-02,    0.0000000000E+00,    0.0000000000E+00,    0.0000000000E+00,    7.6805029258E-02
      2550,      0.676910,CP3_after_update_bottom,   1,    0.0000000000E+00,    7.6805029258E-02,    7.6805029258E-02,    0.0000000000E+00,    0.0000000000E+00,    0.0000000000E+00,    7.6805029258E-02
      2550,      0.676910,CP4_after_advection,   1,    0.0000000000E+00,    7.6865202791E-02,    7.6865202791E-02,    0.0000000000E+00,    0.0000000000E+00,    0.0000000000E+00,    7.6865202791E-02
      2550,      0.676910,CP5_after_vdif,   1,    0.0000000000E+00,    7.6865202791E-02,    7.6865202791E-02,    0.0000000000E+00,    0.0000000000E+00,    0.0000000000E+00,    7.6865202791E-02
      2550,      0.676910,CP6_after_kinetics,   1,    0.0000000000E+00,    7.6865202791E-02,    7.6865202791E-02,    0.0000000000E+00,    0.0000000000E+00,    0.0000000000E+00,    7.6865202791E-02
      2550,      0.676910,CP7_after_upper_clamp,   1,    0.0000000000E+00,    7.6865202791E-02,    7.6865202791E-02,    0.0000000000E+00,    0.0000000000E+00,    0.0000000000E+00,    7.6865202791E-02
      2550,      0.676910,CP8_after_OBC,   1,    0.0000000000E+00,    7.6865202791E-02,    7.6865202791E-02,    0.0000000000E+00,    0.0000000000E+00,    0.0000000000E+00,    7.6865202791E-02
      2550,      0.676910,CP9_after_PTsource,   1,    0.0000000000E+00,    7.6865202791E-02,    7.6865202791E-02,    0.0000000000E+00,    0.0000000000E+00,    0.0000000000E+00,    7.6865202791E-02
      2550,      0.676910,CP10_after_neg_clamp,   1,    0.0000000000E+00,    7.6865202791E-02,    7.6865202791E-02,    0.0000000000E+00,    0.0000000000E+00,    0.0000000000E+00,    7.6865202791E-02
      2550,      0.676910,CP11_after_MPI,   1,    0.0000000000E+00,    7.6865202791E-02,    7.6865202791E-02,    0.0000000000E+00,    0.0000000000E+00,    0.0000000000E+00,    7.6865202791E-02
      2550,      0.676910,CP12_end,   1,    0.0000000000E+00,    7.6865202791E-02,    7.6865202791E-02,    0.0000000000E+00,    0.0000000000E+00,    0.0000000000E+00,    7.6865202791E-02
      2600,      0.676910,CP0_start,   1,    0.0000000000E+00,    7.9843351912E-02,    7.9843351912E-02,    0.0000000000E+00,    0.0000000000E+00,    0.0000000000E+00,    7.9843351912E-02
      2600,      0.676910,CP1_after_deposition,   1,    0.0000000000E+00,    7.9843351912E-02,    7.9843351912E-02,    0.0000000000E+00,    0.0000000000E+00,    0.0000000000E+00,    7.9843351912E-02
      2600,      0.676910,CP2_after_erosion,   1,    0.0000000000E+00,    7.9843351912E-02,    7.9843351912E-02,    0.0000000000E+00,    0.0000000000E+00,    0.0000000000E+00,    7.9843351912E-02
      2600,      0.676910,CP3_after_update_bottom,   1,    0.0000000000E+00,    7.9843351912E-02,    7.9843351912E-02,    0.0000000000E+00,    0.0000000000E+00,    0.0000000000E+00,    7.9843351912E-02
      2600,      0.676910,CP4_after_advection,   1,    0.0000000000E+00,    7.9904707705E-02,    7.9904707705E-02,    0.0000000000E+00,    0.0000000000E+00,    0.0000000000E+00,    7.9904707705E-02
      2600,      0.676910,CP5_after_vdif,   1,    0.0000000000E+00,    7.9904707705E-02,    7.9904707705E-02,    0.0000000000E+00,    0.0000000000E+00,    0.0000000000E+00,    7.9904707705E-02
      2600,      0.676910,CP6_after_kinetics,   1,    0.0000000000E+00,    7.9904707705E-02,    7.9904707705E-02,    0.0000000000E+00,    0.0000000000E+00,    0.0000000000E+00,    7.9904707705E-02
      2600,      0.676910,CP7_after_upper_clamp,   1,    0.0000000000E+00,    7.9904707705E-02,    7.9904707705E-02,    0.0000000000E+00,    0.0000000000E+00,    0.0000000000E+00,    7.9904707705E-02
      2600,      0.676910,CP8_after_OBC,   1,    0.0000000000E+00,    7.9904707705E-02,    7.9904707705E-02,    0.0000000000E+00,    0.0000000000E+00,    0.0000000000E+00,    7.9904707705E-02
      2600,      0.676910,CP9_after_PTsource,   1,    0.0000000000E+00,    7.9904707705E-02,    7.9904707705E-02,    0.0000000000E+00,    0.0000000000E+00,    0.0000000000E+00,    7.9904707705E-02
      2600,      0.676910,CP10_after_neg_clamp,   1,    0.0000000000E+00,    7.9904707705E-02,    7.9904707705E-02,    0.0000000000E+00,    0.0000000000E+00,    0.0000000000E+00,    7.9904707705E-02
      2600,      0.676910,CP11_after_MPI,   1,    0.0000000000E+00,    7.9904707705E-02,    7.9904707705E-02,    0.0000000000E+00,    0.0000000000E+00,    0.0000000000E+00,    7.9904707705E-02
      2600,      0.676910,CP12_end,   1,    0.0000000000E+00,    7.9904707705E-02,    7.9904707705E-02,    0.0000000000E+00,    0.0000000000E+00,    0.0000000000E+00,    7.9904707705E-02
      2650,      0.676910,CP0_start,   1,    0.0000000000E+00,    8.2940683524E-02,    8.2940683524E-02,    0.0000000000E+00,    0.0000000000E+00,    0.0000000000E+00,    8.2940683524E-02
      2650,      0.676910,CP1_after_deposition,   1,    0.0000000000E+00,    8.2940683524E-02,    8.2940683524E-02,    0.0000000000E+00,    0.0000000000E+00,    0.0000000000E+00,    8.2940683524E-02
      2650,      0.676910,CP2_after_erosion,   1,    0.0000000000E+00,    8.2940683524E-02,    8.2940683524E-02,    0.0000000000E+00,    0.0000000000E+00,    0.0000000000E+00,    8.2940683524E-02
      2650,      0.676910,CP3_after_update_bottom,   1,    0.0000000000E+00,    8.2940683524E-02,    8.2940683524E-02,    0.0000000000E+00,    0.0000000000E+00,    0.0000000000E+00,    8.2940683524E-02
      2650,      0.676910,CP4_after_advection,   1,    0.0000000000E+00,    8.3003214918E-02,    8.3003214918E-02,    0.0000000000E+00,    0.0000000000E+00,    0.0000000000E+00,    8.3003214918E-02
      2650,      0.676910,CP5_after_vdif,   1,    0.0000000000E+00,    8.3003214918E-02,    8.3003214918E-02,    0.0000000000E+00,    0.0000000000E+00,    0.0000000000E+00,    8.3003214918E-02
      2650,      0.676910,CP6_after_kinetics,   1,    0.0000000000E+00,    8.3003214918E-02,    8.3003214918E-02,    0.0000000000E+00,    0.0000000000E+00,    0.0000000000E+00,    8.3003214918E-02
      2650,      0.676910,CP7_after_upper_clamp,   1,    0.0000000000E+00,    8.3003214918E-02,    8.3003214918E-02,    0.0000000000E+00,    0.0000000000E+00,    0.0000000000E+00,    8.3003214918E-02
      2650,      0.676910,CP8_after_OBC,   1,    0.0000000000E+00,    8.3003214918E-02,    8.3003214918E-02,    0.0000000000E+00,    0.0000000000E+00,    0.0000000000E+00,    8.3003214918E-02
      2650,      0.676910,CP9_after_PTsource,   1,    0.0000000000E+00,    8.3003214918E-02,    8.3003214918E-02,    0.0000000000E+00,    0.0000000000E+00,    0.0000000000E+00,    8.3003214918E-02
      2650,      0.676910,CP10_after_neg_clamp,   1,    0.0000000000E+00,    8.3003214918E-02,    8.3003214918E-02,    0.0000000000E+00,    0.0000000000E+00,    0.0000000000E+00,    8.3003214918E-02
      2650,      0.676910,CP11_after_MPI,   1,    0.0000000000E+00,    8.3003214918E-02,    8.3003214918E-02,    0.0000000000E+00,    0.0000000000E+00,    0.0000000000E+00,    8.3003214918E-02
      2650,      0.676910,CP12_end,   1,    0.0000000000E+00,    8.3003214918E-02,    8.3003214918E-02,    0.0000000000E+00,    0.0000000000E+00,    0.0000000000E+00,    8.3003214918E-02
      2700,      0.676910,CP0_start,   1,    0.0000000000E+00,    8.6097009599E-02,    8.6097009599E-02,    0.0000000000E+00,    0.0000000000E+00,    0.0000000000E+00,    8.6097009599E-02
      2700,      0.676910,CP1_after_deposition,   1,    0.0000000000E+00,    8.6097009599E-02,    8.6097009599E-02,    0.0000000000E+00,    0.0000000000E+00,    0.0000000000E+00,    8.6097009599E-02
      2700,      0.676910,CP2_after_erosion,   1,    0.0000000000E+00,    8.6097009599E-02,    8.6097009599E-02,    0.0000000000E+00,    0.0000000000E+00,    0.0000000000E+00,    8.6097009599E-02
      2700,      0.676910,CP3_after_update_bottom,   1,    0.0000000000E+00,    8.6097009599E-02,    8.6097009599E-02,    0.0000000000E+00,    0.0000000000E+00,    0.0000000000E+00,    8.6097009599E-02
      2700,      0.676910,CP4_after_advection,   1,    0.0000000000E+00,    8.6160724097E-02,    8.6160724097E-02,    0.0000000000E+00,    0.0000000000E+00,    0.0000000000E+00,    8.6160724097E-02
      2700,      0.676910,CP5_after_vdif,   1,    0.0000000000E+00,    8.6160724097E-02,    8.6160724097E-02,    0.0000000000E+00,    0.0000000000E+00,    0.0000000000E+00,    8.6160724097E-02
      2700,      0.676910,CP6_after_kinetics,   1,    0.0000000000E+00,    8.6160724097E-02,    8.6160724097E-02,    0.0000000000E+00,    0.0000000000E+00,    0.0000000000E+00,    8.6160724097E-02
      2700,      0.676910,CP7_after_upper_clamp,   1,    0.0000000000E+00,    8.6160724097E-02,    8.6160724097E-02,    0.0000000000E+00,    0.0000000000E+00,    0.0000000000E+00,    8.6160724097E-02
      2700,      0.676910,CP8_after_OBC,   1,    0.0000000000E+00,    8.6160724097E-02,    8.6160724097E-02,    0.0000000000E+00,    0.0000000000E+00,    0.0000000000E+00,    8.6160724097E-02
      2700,      0.676910,CP9_after_PTsource,   1,    0.0000000000E+00,    8.6160724097E-02,    8.6160724097E-02,    0.0000000000E+00,    0.0000000000E+00,    0.0000000000E+00,    8.6160724097E-02
      2700,      0.676910,CP10_after_neg_clamp,   1,    0.0000000000E+00,    8.6160724097E-02,    8.6160724097E-02,    0.0000000000E+00,    0.0000000000E+00,    0.0000000000E+00,    8.6160724097E-02
      2700,      0.676910,CP11_after_MPI,   1,    0.0000000000E+00,    8.6160724097E-02,    8.6160724097E-02,    0.0000000000E+00,    0.0000000000E+00,    0.0000000000E+00,    8.6160724097E-02
      2700,      0.676910,CP12_end,   1,    0.0000000000E+00,    8.6160724097E-02,    8.6160724097E-02,    0.0000000000E+00,    0.0000000000E+00,    0.0000000000E+00,    8.6160724097E-02
      2750,      0.676910,CP0_start,   1,    0.0000000000E+00,    8.9269304569E-02,    8.9269304569E-02,    0.0000000000E+00,    0.0000000000E+00,    0.0000000000E+00,    8.9269304569E-02
      2750,      0.676910,CP1_after_deposition,   1,    0.0000000000E+00,    8.9269304569E-02,    8.9269304569E-02,    0.0000000000E+00,    0.0000000000E+00,    0.0000000000E+00,    8.9269304569E-02
      2750,      0.676910,CP2_after_erosion,   1,    0.0000000000E+00,    8.9269304569E-02,    8.9269304569E-02,    0.0000000000E+00,    0.0000000000E+00,    0.0000000000E+00,    8.9269304569E-02
      2750,      0.676910,CP3_after_update_bottom,   1,    0.0000000000E+00,    8.9269304569E-02,    8.9269304569E-02,    0.0000000000E+00,    0.0000000000E+00,    0.0000000000E+00,    8.9269304569E-02
      2750,      0.676910,CP4_after_advection,   1,    0.0000000000E+00,    8.9333344989E-02,    8.9333344989E-02,    0.0000000000E+00,    0.0000000000E+00,    0.0000000000E+00,    8.9333344989E-02
      2750,      0.676910,CP5_after_vdif,   1,    0.0000000000E+00,    8.9333344989E-02,    8.9333344989E-02,    0.0000000000E+00,    0.0000000000E+00,    0.0000000000E+00,    8.9333344989E-02
      2750,      0.676910,CP6_after_kinetics,   1,    0.0000000000E+00,    8.9333344989E-02,    8.9333344989E-02,    0.0000000000E+00,    0.0000000000E+00,    0.0000000000E+00,    8.9333344989E-02
      2750,      0.676910,CP7_after_upper_clamp,   1,    0.0000000000E+00,    8.9333344989E-02,    8.9333344989E-02,    0.0000000000E+00,    0.0000000000E+00,    0.0000000000E+00,    8.9333344989E-02
      2750,      0.676910,CP8_after_OBC,   1,    0.0000000000E+00,    8.9333344989E-02,    8.9333344989E-02,    0.0000000000E+00,    0.0000000000E+00,    0.0000000000E+00,    8.9333344989E-02
      2750,      0.676910,CP9_after_PTsource,   1,    0.0000000000E+00,    8.9333344989E-02,    8.9333344989E-02,    0.0000000000E+00,    0.0000000000E+00,    0.0000000000E+00,    8.9333344989E-02
      2750,      0.676910,CP10_after_neg_clamp,   1,    0.0000000000E+00,    8.9333344989E-02,    8.9333344989E-02,    0.0000000000E+00,    0.0000000000E+00,    0.0000000000E+00,    8.9333344989E-02
      2750,      0.676910,CP11_after_MPI,   1,    0.0000000000E+00,    8.9333344989E-02,    8.9333344989E-02,    0.0000000000E+00,    0.0000000000E+00,    0.0000000000E+00,    8.9333344989E-02
      2750,      0.676910,CP12_end,   1,    0.0000000000E+00,    8.9333344989E-02,    8.9333344989E-02,    0.0000000000E+00,    0.0000000000E+00,    0.0000000000E+00,    8.9333344989E-02
      2800,      0.676910,CP0_start,   1,    0.0000000000E+00,    9.2498969304E-02,    9.2498969304E-02,    0.0000000000E+00,    0.0000000000E+00,    0.0000000000E+00,    9.2498969304E-02
      2800,      0.676910,CP1_after_deposition,   1,    0.0000000000E+00,    9.2498969304E-02,    9.2498969304E-02,    0.0000000000E+00,    0.0000000000E+00,    0.0000000000E+00,    9.2498969304E-02
      2800,      0.676910,CP2_after_erosion,   1,    0.0000000000E+00,    9.2498969304E-02,    9.2498969304E-02,    0.0000000000E+00,    0.0000000000E+00,    0.0000000000E+00,    9.2498969304E-02
      2800,      0.676910,CP3_after_update_bottom,   1,    0.0000000000E+00,    9.2498969304E-02,    9.2498969304E-02,    0.0000000000E+00,    0.0000000000E+00,    0.0000000000E+00,    9.2498969304E-02
      2800,      0.676910,CP4_after_advection,   1,    0.0000000000E+00,    9.2564162081E-02,    9.2564162081E-02,    0.0000000000E+00,    0.0000000000E+00,    0.0000000000E+00,    9.2564162081E-02
      2800,      0.676910,CP5_after_vdif,   1,    0.0000000000E+00,    9.2564162081E-02,    9.2564162081E-02,    0.0000000000E+00,    0.0000000000E+00,    0.0000000000E+00,    9.2564162081E-02
      2800,      0.676910,CP6_after_kinetics,   1,    0.0000000000E+00,    9.2564162081E-02,    9.2564162081E-02,    0.0000000000E+00,    0.0000000000E+00,    0.0000000000E+00,    9.2564162081E-02
      2800,      0.676910,CP7_after_upper_clamp,   1,    0.0000000000E+00,    9.2564162081E-02,    9.2564162081E-02,    0.0000000000E+00,    0.0000000000E+00,    0.0000000000E+00,    9.2564162081E-02
      2800,      0.676910,CP8_after_OBC,   1,    0.0000000000E+00,    9.2564162081E-02,    9.2564162081E-02,    0.0000000000E+00,    0.0000000000E+00,    0.0000000000E+00,    9.2564162081E-02
      2800,      0.676910,CP9_after_PTsource,   1,    0.0000000000E+00,    9.2564162081E-02,    9.2564162081E-02,    0.0000000000E+00,    0.0000000000E+00,    0.0000000000E+00,    9.2564162081E-02
      2800,      0.676910,CP10_after_neg_clamp,   1,    0.0000000000E+00,    9.2564162081E-02,    9.2564162081E-02,    0.0000000000E+00,    0.0000000000E+00,    0.0000000000E+00,    9.2564162081E-02
      2800,      0.676910,CP11_after_MPI,   1,    0.0000000000E+00,    9.2564162081E-02,    9.2564162081E-02,    0.0000000000E+00,    0.0000000000E+00,    0.0000000000E+00,    9.2564162081E-02
      2800,      0.676910,CP12_end,   1,    0.0000000000E+00,    9.2564162081E-02,    9.2564162081E-02,    0.0000000000E+00,    0.0000000000E+00,    0.0000000000E+00,    9.2564162081E-02
      2850,      0.676910,CP0_start,   1,    0.0000000000E+00,    9.5786817981E-02,    9.5786817981E-02,    0.0000000000E+00,    0.0000000000E+00,    0.0000000000E+00,    9.5786817981E-02
      2850,      0.676910,CP1_after_deposition,   1,    0.0000000000E+00,    9.5786817981E-02,    9.5786817981E-02,    0.0000000000E+00,    0.0000000000E+00,    0.0000000000E+00,    9.5786817981E-02
      2850,      0.676910,CP2_after_erosion,   1,    0.0000000000E+00,    9.5786817981E-02,    9.5786817981E-02,    0.0000000000E+00,    0.0000000000E+00,    0.0000000000E+00,    9.5786817981E-02
      2850,      0.676910,CP3_after_update_bottom,   1,    0.0000000000E+00,    9.5786817981E-02,    9.5786817981E-02,    0.0000000000E+00,    0.0000000000E+00,    0.0000000000E+00,    9.5786817981E-02
      2850,      0.676910,CP4_after_advection,   1,    0.0000000000E+00,    9.5853175027E-02,    9.5853175027E-02,    0.0000000000E+00,    0.0000000000E+00,    0.0000000000E+00,    9.5853175027E-02
      2850,      0.676910,CP5_after_vdif,   1,    0.0000000000E+00,    9.5853175027E-02,    9.5853175027E-02,    0.0000000000E+00,    0.0000000000E+00,    0.0000000000E+00,    9.5853175027E-02
      2850,      0.676910,CP6_after_kinetics,   1,    0.0000000000E+00,    9.5853175027E-02,    9.5853175027E-02,    0.0000000000E+00,    0.0000000000E+00,    0.0000000000E+00,    9.5853175027E-02
      2850,      0.676910,CP7_after_upper_clamp,   1,    0.0000000000E+00,    9.5853175027E-02,    9.5853175027E-02,    0.0000000000E+00,    0.0000000000E+00,    0.0000000000E+00,    9.5853175027E-02
      2850,      0.676910,CP8_after_OBC,   1,    0.0000000000E+00,    9.5853175027E-02,    9.5853175027E-02,    0.0000000000E+00,    0.0000000000E+00,    0.0000000000E+00,    9.5853175027E-02
      2850,      0.676910,CP9_after_PTsource,   1,    0.0000000000E+00,    9.5853175027E-02,    9.5853175027E-02,    0.0000000000E+00,    0.0000000000E+00,    0.0000000000E+00,    9.5853175027E-02
      2850,      0.676910,CP10_after_neg_clamp,   1,    0.0000000000E+00,    9.5853175027E-02,    9.5853175027E-02,    0.0000000000E+00,    0.0000000000E+00,    0.0000000000E+00,    9.5853175027E-02
      2850,      0.676910,CP11_after_MPI,   1,    0.0000000000E+00,    9.5853175027E-02,    9.5853175027E-02,    0.0000000000E+00,    0.0000000000E+00,    0.0000000000E+00,    9.5853175027E-02
      2850,      0.676910,CP12_end,   1,    0.0000000000E+00,    9.5853175027E-02,    9.5853175027E-02,    0.0000000000E+00,    0.0000000000E+00,    0.0000000000E+00,    9.5853175027E-02
      2900,      0.676910,CP0_start,   1,    0.0000000000E+00,    9.9132859430E-02,    9.9132859430E-02,    0.0000000000E+00,    0.0000000000E+00,    0.0000000000E+00,    9.9132859430E-02
      2900,      0.676910,CP1_after_deposition,   1,    0.0000000000E+00,    9.9132859430E-02,    9.9132859430E-02,    0.0000000000E+00,    0.0000000000E+00,    0.0000000000E+00,    9.9132859430E-02
      2900,      0.676910,CP2_after_erosion,   1,    0.0000000000E+00,    9.9132859430E-02,    9.9132859430E-02,    0.0000000000E+00,    0.0000000000E+00,    0.0000000000E+00,    9.9132859430E-02
      2900,      0.676910,CP3_after_update_bottom,   1,    0.0000000000E+00,    9.9132859430E-02,    9.9132859430E-02,    0.0000000000E+00,    0.0000000000E+00,    0.0000000000E+00,    9.9132859430E-02
      2900,      0.676910,CP4_after_advection,   1,    0.0000000000E+00,    9.9200383473E-02,    9.9200383473E-02,    0.0000000000E+00,    0.0000000000E+00,    0.0000000000E+00,    9.9200383473E-02
      2900,      0.676910,CP5_after_vdif,   1,    0.0000000000E+00,    9.9200383473E-02,    9.9200383473E-02,    0.0000000000E+00,    0.0000000000E+00,    0.0000000000E+00,    9.9200383473E-02
      2900,      0.676910,CP6_after_kinetics,   1,    0.0000000000E+00,    9.9200383473E-02,    9.9200383473E-02,    0.0000000000E+00,    0.0000000000E+00,    0.0000000000E+00,    9.9200383473E-02
      2900,      0.676910,CP7_after_upper_clamp,   1,    0.0000000000E+00,    9.9200383473E-02,    9.9200383473E-02,    0.0000000000E+00,    0.0000000000E+00,    0.0000000000E+00,    9.9200383473E-02
      2900,      0.676910,CP8_after_OBC,   1,    0.0000000000E+00,    9.9200383473E-02,    9.9200383473E-02,    0.0000000000E+00,    0.0000000000E+00,    0.0000000000E+00,    9.9200383473E-02
      2900,      0.676910,CP9_after_PTsource,   1,    0.0000000000E+00,    9.9200383473E-02,    9.9200383473E-02,    0.0000000000E+00,    0.0000000000E+00,    0.0000000000E+00,    9.9200383473E-02
      2900,      0.676910,CP10_after_neg_clamp,   1,    0.0000000000E+00,    9.9200383473E-02,    9.9200383473E-02,    0.0000000000E+00,    0.0000000000E+00,    0.0000000000E+00,    9.9200383473E-02
      2900,      0.676910,CP11_after_MPI,   1,    0.0000000000E+00,    9.9200383473E-02,    9.9200383473E-02,    0.0000000000E+00,    0.0000000000E+00,    0.0000000000E+00,    9.9200383473E-02
      2900,      0.676910,CP12_end,   1,    0.0000000000E+00,    9.9200383473E-02,    9.9200383473E-02,    0.0000000000E+00,    0.0000000000E+00,    0.0000000000E+00,    9.9200383473E-02
      2950,      0.676911,CP0_start,   1,    0.0000000000E+00,    1.0253707125E-01,    1.0253707125E-01,    0.0000000000E+00,    0.0000000000E+00,    0.0000000000E+00,    1.0253707125E-01
      2950,      0.676911,CP1_after_deposition,   1,    0.0000000000E+00,    1.0253707125E-01,    1.0253707125E-01,    0.0000000000E+00,    0.0000000000E+00,    0.0000000000E+00,    1.0253707125E-01
      2950,      0.676911,CP2_after_erosion,   1,    0.0000000000E+00,    1.0253707125E-01,    1.0253707125E-01,    0.0000000000E+00,    0.0000000000E+00,    0.0000000000E+00,    1.0253707125E-01
      2950,      0.676911,CP3_after_update_bottom,   1,    0.0000000000E+00,    1.0253707125E-01,    1.0253707125E-01,    0.0000000000E+00,    0.0000000000E+00,    0.0000000000E+00,    1.0253707125E-01
      2950,      0.676911,CP4_after_advection,   1,    0.0000000000E+00,    1.0260578706E-01,    1.0260578706E-01,    0.0000000000E+00,    0.0000000000E+00,    0.0000000000E+00,    1.0260578706E-01
      2950,      0.676911,CP5_after_vdif,   1,    0.0000000000E+00,    1.0260578706E-01,    1.0260578706E-01,    0.0000000000E+00,    0.0000000000E+00,    0.0000000000E+00,    1.0260578706E-01
      2950,      0.676911,CP6_after_kinetics,   1,    0.0000000000E+00,    1.0260578706E-01,    1.0260578706E-01,    0.0000000000E+00,    0.0000000000E+00,    0.0000000000E+00,    1.0260578706E-01
      2950,      0.676911,CP7_after_upper_clamp,   1,    0.0000000000E+00,    1.0260578706E-01,    1.0260578706E-01,    0.0000000000E+00,    0.0000000000E+00,    0.0000000000E+00,    1.0260578706E-01
      2950,      0.676911,CP8_after_OBC,   1,    0.0000000000E+00,    1.0260578706E-01,    1.0260578706E-01,    0.0000000000E+00,    0.0000000000E+00,    0.0000000000E+00,    1.0260578706E-01
      2950,      0.676911,CP9_after_PTsource,   1,    0.0000000000E+00,    1.0260578706E-01,    1.0260578706E-01,    0.0000000000E+00,    0.0000000000E+00,    0.0000000000E+00,    1.0260578706E-01
      2950,      0.676911,CP10_after_neg_clamp,   1,    0.0000000000E+00,    1.0260578706E-01,    1.0260578706E-01,    0.0000000000E+00,    0.0000000000E+00,    0.0000000000E+00,    1.0260578706E-01
      2950,      0.676911,CP11_after_MPI,   1,    0.0000000000E+00,    1.0260578706E-01,    1.0260578706E-01,    0.0000000000E+00,    0.0000000000E+00,    0.0000000000E+00,    1.0260578706E-01
      2950,      0.676911,CP12_end,   1,    0.0000000000E+00,    1.0260578706E-01,    1.0260578706E-01,    0.0000000000E+00,    0.0000000000E+00,    0.0000000000E+00,    1.0260578706E-01
      3000,      0.676911,CP0_start,   1,    0.0000000000E+00,    1.0599953237E-01,    1.0599953237E-01,    0.0000000000E+00,    0.0000000000E+00,    0.0000000000E+00,    1.0599953237E-01
      3000,      0.676911,CP1_after_deposition,   1,    0.0000000000E+00,    1.0599953237E-01,    1.0599953237E-01,    0.0000000000E+00,    0.0000000000E+00,    0.0000000000E+00,    1.0599953237E-01
      3000,      0.676911,CP2_after_erosion,   1,    0.0000000000E+00,    1.0599953237E-01,    1.0599953237E-01,    0.0000000000E+00,    0.0000000000E+00,    0.0000000000E+00,    1.0599953237E-01
      3000,      0.676911,CP3_after_update_bottom,   1,    0.0000000000E+00,    1.0599953237E-01,    1.0599953237E-01,    0.0000000000E+00,    0.0000000000E+00,    0.0000000000E+00,    1.0599953237E-01
      3000,      0.676911,CP4_after_advection,   1,    0.0000000000E+00,    1.0606938543E-01,    1.0606938543E-01,    0.0000000000E+00,    0.0000000000E+00,    0.0000000000E+00,    1.0606938543E-01
      3000,      0.676911,CP5_after_vdif,   1,    0.0000000000E+00,    1.0606938543E-01,    1.0606938543E-01,    0.0000000000E+00,    0.0000000000E+00,    0.0000000000E+00,    1.0606938543E-01
      3000,      0.676911,CP6_after_kinetics,   1,    0.0000000000E+00,    1.0606938543E-01,    1.0606938543E-01,    0.0000000000E+00,    0.0000000000E+00,    0.0000000000E+00,    1.0606938543E-01
      3000,      0.676911,CP7_after_upper_clamp,   1,    0.0000000000E+00,    1.0606938543E-01,    1.0606938543E-01,    0.0000000000E+00,    0.0000000000E+00,    0.0000000000E+00,    1.0606938543E-01
      3000,      0.676911,CP8_after_OBC,   1,    0.0000000000E+00,    1.0606938543E-01,    1.0606938543E-01,    0.0000000000E+00,    0.0000000000E+00,    0.0000000000E+00,    1.0606938543E-01
      3000,      0.676911,CP9_after_PTsource,   1,    0.0000000000E+00,    1.0606938543E-01,    1.0606938543E-01,    0.0000000000E+00,    0.0000000000E+00,    0.0000000000E+00,    1.0606938543E-01
      3000,      0.676911,CP10_after_neg_clamp,   1,    0.0000000000E+00,    1.0606938543E-01,    1.0606938543E-01,    0.0000000000E+00,    0.0000000000E+00,    0.0000000000E+00,    1.0606938543E-01
      3000,      0.676911,CP11_after_MPI,   1,    0.0000000000E+00,    1.0606938543E-01,    1.0606938543E-01,    0.0000000000E+00,    0.0000000000E+00,    0.0000000000E+00,    1.0606938543E-01
      3000,      0.676911,CP12_end,   1,    0.0000000000E+00,    1.0606938543E-01,    1.0606938543E-01,    0.0000000000E+00,    0.0000000000E+00,    0.0000000000E+00,    1.0606938543E-01
      3050,      0.676911,CP0_start,   1,    0.0000000000E+00,    1.0952016556E-01,    1.0952016556E-01,    0.0000000000E+00,    0.0000000000E+00,    0.0000000000E+00,    1.0952016556E-01
      3050,      0.676911,CP1_after_deposition,   1,    0.0000000000E+00,    1.0952016556E-01,    1.0952016556E-01,    0.0000000000E+00,    0.0000000000E+00,    0.0000000000E+00,    1.0952016556E-01
      3050,      0.676911,CP2_after_erosion,   1,    0.0000000000E+00,    1.0952016556E-01,    1.0952016556E-01,    0.0000000000E+00,    0.0000000000E+00,    0.0000000000E+00,    1.0952016556E-01
      3050,      0.676911,CP3_after_update_bottom,   1,    0.0000000000E+00,    1.0952016556E-01,    1.0952016556E-01,    0.0000000000E+00,    0.0000000000E+00,    0.0000000000E+00,    1.0952016556E-01
      3050,      0.676911,CP4_after_advection,   1,    0.0000000000E+00,    1.0959117820E-01,    1.0959117820E-01,    0.0000000000E+00,    0.0000000000E+00,    0.0000000000E+00,    1.0959117820E-01
      3050,      0.676911,CP5_after_vdif,   1,    0.0000000000E+00,    1.0959117820E-01,    1.0959117820E-01,    0.0000000000E+00,    0.0000000000E+00,    0.0000000000E+00,    1.0959117820E-01
      3050,      0.676911,CP6_after_kinetics,   1,    0.0000000000E+00,    1.0959117820E-01,    1.0959117820E-01,    0.0000000000E+00,    0.0000000000E+00,    0.0000000000E+00,    1.0959117820E-01
      3050,      0.676911,CP7_after_upper_clamp,   1,    0.0000000000E+00,    1.0959117820E-01,    1.0959117820E-01,    0.0000000000E+00,    0.0000000000E+00,    0.0000000000E+00,    1.0959117820E-01
      3050,      0.676911,CP8_after_OBC,   1,    0.0000000000E+00,    1.0959117820E-01,    1.0959117820E-01,    0.0000000000E+00,    0.0000000000E+00,    0.0000000000E+00,    1.0959117820E-01
      3050,      0.676911,CP9_after_PTsource,   1,    0.0000000000E+00,    1.0959117820E-01,    1.0959117820E-01,    0.0000000000E+00,    0.0000000000E+00,    0.0000000000E+00,    1.0959117820E-01
      3050,      0.676911,CP10_after_neg_clamp,   1,    0.0000000000E+00,    1.0959117820E-01,    1.0959117820E-01,    0.0000000000E+00,    0.0000000000E+00,    0.0000000000E+00,    1.0959117820E-01
      3050,      0.676911,CP11_after_MPI,   1,    0.0000000000E+00,    1.0959117820E-01,    1.0959117820E-01,    0.0000000000E+00,    0.0000000000E+00,    0.0000000000E+00,    1.0959117820E-01
      3050,      0.676911,CP12_end,   1,    0.0000000000E+00,    1.0959117820E-01,    1.0959117820E-01,    0.0000000000E+00,    0.0000000000E+00,    0.0000000000E+00,    1.0959117820E-01
      3100,      0.676911,CP0_start,   1,    0.0000000000E+00,    1.1309900147E-01,    1.1309900147E-01,    0.0000000000E+00,    0.0000000000E+00,    0.0000000000E+00,    1.1309900147E-01
      3100,      0.676911,CP1_after_deposition,   1,    0.0000000000E+00,    1.1309900147E-01,    1.1309900147E-01,    0.0000000000E+00,    0.0000000000E+00,    0.0000000000E+00,    1.1309900147E-01
      3100,      0.676911,CP2_after_erosion,   1,    0.0000000000E+00,    1.1309900147E-01,    1.1309900147E-01,    0.0000000000E+00,    0.0000000000E+00,    0.0000000000E+00,    1.1309900147E-01
      3100,      0.676911,CP3_after_update_bottom,   1,    0.0000000000E+00,    1.1309900147E-01,    1.1309900147E-01,    0.0000000000E+00,    0.0000000000E+00,    0.0000000000E+00,    1.1309900147E-01
      3100,      0.676911,CP4_after_advection,   1,    0.0000000000E+00,    1.1317116500E-01,    1.1317116500E-01,    0.0000000000E+00,    0.0000000000E+00,    0.0000000000E+00,    1.1317116500E-01
      3100,      0.676911,CP5_after_vdif,   1,    0.0000000000E+00,    1.1317116500E-01,    1.1317116500E-01,    0.0000000000E+00,    0.0000000000E+00,    0.0000000000E+00,    1.1317116500E-01
      3100,      0.676911,CP6_after_kinetics,   1,    0.0000000000E+00,    1.1317116500E-01,    1.1317116500E-01,    0.0000000000E+00,    0.0000000000E+00,    0.0000000000E+00,    1.1317116500E-01
      3100,      0.676911,CP7_after_upper_clamp,   1,    0.0000000000E+00,    1.1317116500E-01,    1.1317116500E-01,    0.0000000000E+00,    0.0000000000E+00,    0.0000000000E+00,    1.1317116500E-01
      3100,      0.676911,CP8_after_OBC,   1,    0.0000000000E+00,    1.1317116500E-01,    1.1317116500E-01,    0.0000000000E+00,    0.0000000000E+00,    0.0000000000E+00,    1.1317116500E-01
      3100,      0.676911,CP9_after_PTsource,   1,    0.0000000000E+00,    1.1317116500E-01,    1.1317116500E-01,    0.0000000000E+00,    0.0000000000E+00,    0.0000000000E+00,    1.1317116500E-01
      3100,      0.676911,CP10_after_neg_clamp,   1,    0.0000000000E+00,    1.1317116500E-01,    1.1317116500E-01,    0.0000000000E+00,    0.0000000000E+00,    0.0000000000E+00,    1.1317116500E-01
      3100,      0.676911,CP11_after_MPI,   1,    0.0000000000E+00,    1.1317116500E-01,    1.1317116500E-01,    0.0000000000E+00,    0.0000000000E+00,    0.0000000000E+00,    1.1317116500E-01
      3100,      0.676911,CP12_end,   1,    0.0000000000E+00,    1.1317116500E-01,    1.1317116500E-01,    0.0000000000E+00,    0.0000000000E+00,    0.0000000000E+00,    1.1317116500E-01
      3150,      0.676911,CP0_start,   1,    0.0000000000E+00,    1.1673602836E-01,    1.1673602836E-01,    0.0000000000E+00,    0.0000000000E+00,    0.0000000000E+00,    1.1673602836E-01
      3150,      0.676911,CP1_after_deposition,   1,    0.0000000000E+00,    1.1673602836E-01,    1.1673602836E-01,    0.0000000000E+00,    0.0000000000E+00,    0.0000000000E+00,    1.1673602836E-01
      3150,      0.676911,CP2_after_erosion,   1,    0.0000000000E+00,    1.1673602836E-01,    1.1673602836E-01,    0.0000000000E+00,    0.0000000000E+00,    0.0000000000E+00,    1.1673602836E-01
      3150,      0.676911,CP3_after_update_bottom,   1,    0.0000000000E+00,    1.1673602836E-01,    1.1673602836E-01,    0.0000000000E+00,    0.0000000000E+00,    0.0000000000E+00,    1.1673602836E-01
      3150,      0.676911,CP4_after_advection,   1,    0.0000000000E+00,    1.1680934545E-01,    1.1680934545E-01,    0.0000000000E+00,    0.0000000000E+00,    0.0000000000E+00,    1.1680934545E-01
      3150,      0.676911,CP5_after_vdif,   1,    0.0000000000E+00,    1.1680934545E-01,    1.1680934545E-01,    0.0000000000E+00,    0.0000000000E+00,    0.0000000000E+00,    1.1680934545E-01
      3150,      0.676911,CP6_after_kinetics,   1,    0.0000000000E+00,    1.1680934545E-01,    1.1680934545E-01,    0.0000000000E+00,    0.0000000000E+00,    0.0000000000E+00,    1.1680934545E-01
      3150,      0.676911,CP7_after_upper_clamp,   1,    0.0000000000E+00,    1.1680934545E-01,    1.1680934545E-01,    0.0000000000E+00,    0.0000000000E+00,    0.0000000000E+00,    1.1680934545E-01
      3150,      0.676911,CP8_after_OBC,   1,    0.0000000000E+00,    1.1680934545E-01,    1.1680934545E-01,    0.0000000000E+00,    0.0000000000E+00,    0.0000000000E+00,    1.1680934545E-01
      3150,      0.676911,CP9_after_PTsource,   1,    0.0000000000E+00,    1.1680934545E-01,    1.1680934545E-01,    0.0000000000E+00,    0.0000000000E+00,    0.0000000000E+00,    1.1680934545E-01
      3150,      0.676911,CP10_after_neg_clamp,   1,    0.0000000000E+00,    1.1680934545E-01,    1.1680934545E-01,    0.0000000000E+00,    0.0000000000E+00,    0.0000000000E+00,    1.1680934545E-01
      3150,      0.676911,CP11_after_MPI,   1,    0.0000000000E+00,    1.1680934545E-01,    1.1680934545E-01,    0.0000000000E+00,    0.0000000000E+00,    0.0000000000E+00,    1.1680934545E-01
      3150,      0.676911,CP12_end,   1,    0.0000000000E+00,    1.1680934545E-01,    1.1680934545E-01,    0.0000000000E+00,    0.0000000000E+00,    0.0000000000E+00,    1.1680934545E-01
      3200,      0.676911,CP0_start,   1,    0.0000000000E+00,    1.2043119501E-01,    1.2043119501E-01,    0.0000000000E+00,    0.0000000000E+00,    0.0000000000E+00,    1.2043119501E-01
      3200,      0.676911,CP1_after_deposition,   1,    0.0000000000E+00,    1.2043119501E-01,    1.2043119501E-01,    0.0000000000E+00,    0.0000000000E+00,    0.0000000000E+00,    1.2043119501E-01
      3200,      0.676911,CP2_after_erosion,   1,    0.0000000000E+00,    1.2043119501E-01,    1.2043119501E-01,    0.0000000000E+00,    0.0000000000E+00,    0.0000000000E+00,    1.2043119501E-01
      3200,      0.676911,CP3_after_update_bottom,   1,    0.0000000000E+00,    1.2043119501E-01,    1.2043119501E-01,    0.0000000000E+00,    0.0000000000E+00,    0.0000000000E+00,    1.2043119501E-01
      3200,      0.676911,CP4_after_advection,   1,    0.0000000000E+00,    1.2050571915E-01,    1.2050571915E-01,    0.0000000000E+00,    0.0000000000E+00,    0.0000000000E+00,    1.2050571915E-01
      3200,      0.676911,CP5_after_vdif,   1,    0.0000000000E+00,    1.2050571915E-01,    1.2050571915E-01,    0.0000000000E+00,    0.0000000000E+00,    0.0000000000E+00,    1.2050571915E-01
      3200,      0.676911,CP6_after_kinetics,   1,    0.0000000000E+00,    1.2050571915E-01,    1.2050571915E-01,    0.0000000000E+00,    0.0000000000E+00,    0.0000000000E+00,    1.2050571915E-01
      3200,      0.676911,CP7_after_upper_clamp,   1,    0.0000000000E+00,    1.2050571915E-01,    1.2050571915E-01,    0.0000000000E+00,    0.0000000000E+00,    0.0000000000E+00,    1.2050571915E-01
      3200,      0.676911,CP8_after_OBC,   1,    0.0000000000E+00,    1.2050571915E-01,    1.2050571915E-01,    0.0000000000E+00,    0.0000000000E+00,    0.0000000000E+00,    1.2050571915E-01
      3200,      0.676911,CP9_after_PTsource,   1,    0.0000000000E+00,    1.2050571915E-01,    1.2050571915E-01,    0.0000000000E+00,    0.0000000000E+00,    0.0000000000E+00,    1.2050571915E-01
      3200,      0.676911,CP10_after_neg_clamp,   1,    0.0000000000E+00,    1.2050571915E-01,    1.2050571915E-01,    0.0000000000E+00,    0.0000000000E+00,    0.0000000000E+00,    1.2050571915E-01
      3200,      0.676911,CP11_after_MPI,   1,    0.0000000000E+00,    1.2050571915E-01,    1.2050571915E-01,    0.0000000000E+00,    0.0000000000E+00,    0.0000000000E+00,    1.2050571915E-01
      3200,      0.676911,CP12_end,   1,    0.0000000000E+00,    1.2050571915E-01,    1.2050571915E-01,    0.0000000000E+00,    0.0000000000E+00,    0.0000000000E+00,    1.2050571915E-01
      3250,      0.676911,CP0_start,   1,    0.0000000000E+00,    1.2418464898E-01,    1.2418464898E-01,    0.0000000000E+00,    0.0000000000E+00,    0.0000000000E+00,    1.2418464898E-01
      3250,      0.676911,CP1_after_deposition,   1,    0.0000000000E+00,    1.2418464898E-01,    1.2418464898E-01,    0.0000000000E+00,    0.0000000000E+00,    0.0000000000E+00,    1.2418464898E-01
      3250,      0.676911,CP2_after_erosion,   1,    0.0000000000E+00,    1.2418464898E-01,    1.2418464898E-01,    0.0000000000E+00,    0.0000000000E+00,    0.0000000000E+00,    1.2418464898E-01
      3250,      0.676911,CP3_after_update_bottom,   1,    0.0000000000E+00,    1.2418464898E-01,    1.2418464898E-01,    0.0000000000E+00,    0.0000000000E+00,    0.0000000000E+00,    1.2418464898E-01
      3250,      0.676911,CP4_after_advection,   1,    0.0000000000E+00,    1.2426028571E-01,    1.2426028571E-01,    0.0000000000E+00,    0.0000000000E+00,    0.0000000000E+00,    1.2426028571E-01
      3250,      0.676911,CP5_after_vdif,   1,    0.0000000000E+00,    1.2426028571E-01,    1.2426028571E-01,    0.0000000000E+00,    0.0000000000E+00,    0.0000000000E+00,    1.2426028571E-01
      3250,      0.676911,CP6_after_kinetics,   1,    0.0000000000E+00,    1.2426028571E-01,    1.2426028571E-01,    0.0000000000E+00,    0.0000000000E+00,    0.0000000000E+00,    1.2426028571E-01
      3250,      0.676911,CP7_after_upper_clamp,   1,    0.0000000000E+00,    1.2426028571E-01,    1.2426028571E-01,    0.0000000000E+00,    0.0000000000E+00,    0.0000000000E+00,    1.2426028571E-01
      3250,      0.676911,CP8_after_OBC,   1,    0.0000000000E+00,    1.2426028571E-01,    1.2426028571E-01,    0.0000000000E+00,    0.0000000000E+00,    0.0000000000E+00,    1.2426028571E-01
      3250,      0.676911,CP9_after_PTsource,   1,    0.0000000000E+00,    1.2426028571E-01,    1.2426028571E-01,    0.0000000000E+00,    0.0000000000E+00,    0.0000000000E+00,    1.2426028571E-01
      3250,      0.676911,CP10_after_neg_clamp,   1,    0.0000000000E+00,    1.2426028571E-01,    1.2426028571E-01,    0.0000000000E+00,    0.0000000000E+00,    0.0000000000E+00,    1.2426028571E-01
      3250,      0.676911,CP11_after_MPI,   1,    0.0000000000E+00,    1.2426028571E-01,    1.2426028571E-01,    0.0000000000E+00,    0.0000000000E+00,    0.0000000000E+00,    1.2426028571E-01
      3250,      0.676911,CP12_end,   1,    0.0000000000E+00,    1.2426028571E-01,    1.2426028571E-01,    0.0000000000E+00,    0.0000000000E+00,    0.0000000000E+00,    1.2426028571E-01
      3300,      0.676911,CP0_start,   1,    0.0000000000E+00,    1.2799621383E-01,    1.2799621383E-01,    0.0000000000E+00,    0.0000000000E+00,    0.0000000000E+00,    1.2799621383E-01
      3300,      0.676911,CP1_after_deposition,   1,    0.0000000000E+00,    1.2799621383E-01,    1.2799621383E-01,    0.0000000000E+00,    0.0000000000E+00,    0.0000000000E+00,    1.2799621383E-01
      3300,      0.676911,CP2_after_erosion,   1,    0.0000000000E+00,    1.2799621383E-01,    1.2799621383E-01,    0.0000000000E+00,    0.0000000000E+00,    0.0000000000E+00,    1.2799621383E-01
      3300,      0.676911,CP3_after_update_bottom,   1,    0.0000000000E+00,    1.2799621383E-01,    1.2799621383E-01,    0.0000000000E+00,    0.0000000000E+00,    0.0000000000E+00,    1.2799621383E-01
      3300,      0.676911,CP4_after_advection,   1,    0.0000000000E+00,    1.2807304473E-01,    1.2807304473E-01,    0.0000000000E+00,    0.0000000000E+00,    0.0000000000E+00,    1.2807304473E-01
      3300,      0.676911,CP5_after_vdif,   1,    0.0000000000E+00,    1.2807304473E-01,    1.2807304473E-01,    0.0000000000E+00,    0.0000000000E+00,    0.0000000000E+00,    1.2807304473E-01
      3300,      0.676911,CP6_after_kinetics,   1,    0.0000000000E+00,    1.2807304473E-01,    1.2807304473E-01,    0.0000000000E+00,    0.0000000000E+00,    0.0000000000E+00,    1.2807304473E-01
      3300,      0.676911,CP7_after_upper_clamp,   1,    0.0000000000E+00,    1.2807304473E-01,    1.2807304473E-01,    0.0000000000E+00,    0.0000000000E+00,    0.0000000000E+00,    1.2807304473E-01
      3300,      0.676911,CP8_after_OBC,   1,    0.0000000000E+00,    1.2807304473E-01,    1.2807304473E-01,    0.0000000000E+00,    0.0000000000E+00,    0.0000000000E+00,    1.2807304473E-01
      3300,      0.676911,CP9_after_PTsource,   1,    0.0000000000E+00,    1.2807304473E-01,    1.2807304473E-01,    0.0000000000E+00,    0.0000000000E+00,    0.0000000000E+00,    1.2807304473E-01
      3300,      0.676911,CP10_after_neg_clamp,   1,    0.0000000000E+00,    1.2807304473E-01,    1.2807304473E-01,    0.0000000000E+00,    0.0000000000E+00,    0.0000000000E+00,    1.2807304473E-01
      3300,      0.676911,CP11_after_MPI,   1,    0.0000000000E+00,    1.2807304473E-01,    1.2807304473E-01,    0.0000000000E+00,    0.0000000000E+00,    0.0000000000E+00,    1.2807304473E-01
      3300,      0.676911,CP12_end,   1,    0.0000000000E+00,    1.2807304473E-01,    1.2807304473E-01,    0.0000000000E+00,    0.0000000000E+00,    0.0000000000E+00,    1.2807304473E-01
      3350,      0.676911,CP0_start,   1,    0.0000000000E+00,    1.3186599787E-01,    1.3186599787E-01,    0.0000000000E+00,    0.0000000000E+00,    0.0000000000E+00,    1.3186599787E-01
      3350,      0.676911,CP1_after_deposition,   1,    0.0000000000E+00,    1.3186599787E-01,    1.3186599787E-01,    0.0000000000E+00,    0.0000000000E+00,    0.0000000000E+00,    1.3186599787E-01
      3350,      0.676911,CP2_after_erosion,   1,    0.0000000000E+00,    1.3186599787E-01,    1.3186599787E-01,    0.0000000000E+00,    0.0000000000E+00,    0.0000000000E+00,    1.3186599787E-01
      3350,      0.676911,CP3_after_update_bottom,   1,    0.0000000000E+00,    1.3186599787E-01,    1.3186599787E-01,    0.0000000000E+00,    0.0000000000E+00,    0.0000000000E+00,    1.3186599787E-01
      3350,      0.676911,CP4_after_advection,   1,    0.0000000000E+00,    1.3194399580E-01,    1.3194399580E-01,    0.0000000000E+00,    0.0000000000E+00,    0.0000000000E+00,    1.3194399580E-01
      3350,      0.676911,CP5_after_vdif,   1,    0.0000000000E+00,    1.3194399580E-01,    1.3194399580E-01,    0.0000000000E+00,    0.0000000000E+00,    0.0000000000E+00,    1.3194399580E-01
      3350,      0.676911,CP6_after_kinetics,   1,    0.0000000000E+00,    1.3194399580E-01,    1.3194399580E-01,    0.0000000000E+00,    0.0000000000E+00,    0.0000000000E+00,    1.3194399580E-01
      3350,      0.676911,CP7_after_upper_clamp,   1,    0.0000000000E+00,    1.3194399580E-01,    1.3194399580E-01,    0.0000000000E+00,    0.0000000000E+00,    0.0000000000E+00,    1.3194399580E-01
      3350,      0.676911,CP8_after_OBC,   1,    0.0000000000E+00,    1.3194399580E-01,    1.3194399580E-01,    0.0000000000E+00,    0.0000000000E+00,    0.0000000000E+00,    1.3194399580E-01
      3350,      0.676911,CP9_after_PTsource,   1,    0.0000000000E+00,    1.3194399580E-01,    1.3194399580E-01,    0.0000000000E+00,    0.0000000000E+00,    0.0000000000E+00,    1.3194399580E-01
      3350,      0.676911,CP10_after_neg_clamp,   1,    0.0000000000E+00,    1.3194399580E-01,    1.3194399580E-01,    0.0000000000E+00,    0.0000000000E+00,    0.0000000000E+00,    1.3194399580E-01
      3350,      0.676911,CP11_after_MPI,   1,    0.0000000000E+00,    1.3194399580E-01,    1.3194399580E-01,    0.0000000000E+00,    0.0000000000E+00,    0.0000000000E+00,    1.3194399580E-01
      3350,      0.676911,CP12_end,   1,    0.0000000000E+00,    1.3194399580E-01,    1.3194399580E-01,    0.0000000000E+00,    0.0000000000E+00,    0.0000000000E+00,    1.3194399580E-01
      3400,      0.676911,CP0_start,   1,    0.0000000000E+00,    1.3579400856E-01,    1.3579400856E-01,    0.0000000000E+00,    0.0000000000E+00,    0.0000000000E+00,    1.3579400856E-01
      3400,      0.676911,CP1_after_deposition,   1,    0.0000000000E+00,    1.3579400856E-01,    1.3579400856E-01,    0.0000000000E+00,    0.0000000000E+00,    0.0000000000E+00,    1.3579400856E-01
      3400,      0.676911,CP2_after_erosion,   1,    0.0000000000E+00,    1.3579400856E-01,    1.3579400856E-01,    0.0000000000E+00,    0.0000000000E+00,    0.0000000000E+00,    1.3579400856E-01
      3400,      0.676911,CP3_after_update_bottom,   1,    0.0000000000E+00,    1.3579400856E-01,    1.3579400856E-01,    0.0000000000E+00,    0.0000000000E+00,    0.0000000000E+00,    1.3579400856E-01
      3400,      0.676911,CP4_after_advection,   1,    0.0000000000E+00,    1.3587313851E-01,    1.3587313851E-01,    0.0000000000E+00,    0.0000000000E+00,    0.0000000000E+00,    1.3587313851E-01
      3400,      0.676911,CP5_after_vdif,   1,    0.0000000000E+00,    1.3587313851E-01,    1.3587313851E-01,    0.0000000000E+00,    0.0000000000E+00,    0.0000000000E+00,    1.3587313851E-01
      3400,      0.676911,CP6_after_kinetics,   1,    0.0000000000E+00,    1.3587313851E-01,    1.3587313851E-01,    0.0000000000E+00,    0.0000000000E+00,    0.0000000000E+00,    1.3587313851E-01
      3400,      0.676911,CP7_after_upper_clamp,   1,    0.0000000000E+00,    1.3587313851E-01,    1.3587313851E-01,    0.0000000000E+00,    0.0000000000E+00,    0.0000000000E+00,    1.3587313851E-01
      3400,      0.676911,CP8_after_OBC,   1,    0.0000000000E+00,    1.3587313851E-01,    1.3587313851E-01,    0.0000000000E+00,    0.0000000000E+00,    0.0000000000E+00,    1.3587313851E-01
      3400,      0.676911,CP9_after_PTsource,   1,    0.0000000000E+00,    1.3587313851E-01,    1.3587313851E-01,    0.0000000000E+00,    0.0000000000E+00,    0.0000000000E+00,    1.3587313851E-01
      3400,      0.676911,CP10_after_neg_clamp,   1,    0.0000000000E+00,    1.3587313851E-01,    1.3587313851E-01,    0.0000000000E+00,    0.0000000000E+00,    0.0000000000E+00,    1.3587313851E-01
      3400,      0.676911,CP11_after_MPI,   1,    0.0000000000E+00,    1.3587313851E-01,    1.3587313851E-01,    0.0000000000E+00,    0.0000000000E+00,    0.0000000000E+00,    1.3587313851E-01
      3400,      0.676911,CP12_end,   1,    0.0000000000E+00,    1.3587313851E-01,    1.3587313851E-01,    0.0000000000E+00,    0.0000000000E+00,    0.0000000000E+00,    1.3587313851E-01
      3450,      0.676911,CP0_start,   1,    0.0000000000E+00,    1.3978013261E-01,    1.3978013261E-01,    0.0000000000E+00,    0.0000000000E+00,    0.0000000000E+00,    1.3978013261E-01
      3450,      0.676911,CP1_after_deposition,   1,    0.0000000000E+00,    1.3978013261E-01,    1.3978013261E-01,    0.0000000000E+00,    0.0000000000E+00,    0.0000000000E+00,    1.3978013261E-01
      3450,      0.676911,CP2_after_erosion,   1,    0.0000000000E+00,    1.3978013261E-01,    1.3978013261E-01,    0.0000000000E+00,    0.0000000000E+00,    0.0000000000E+00,    1.3978013261E-01
      3450,      0.676911,CP3_after_update_bottom,   1,    0.0000000000E+00,    1.3978013261E-01,    1.3978013261E-01,    0.0000000000E+00,    0.0000000000E+00,    0.0000000000E+00,    1.3978013261E-01
      3450,      0.676911,CP4_after_advection,   1,    0.0000000000E+00,    1.3986047242E-01,    1.3986047242E-01,    0.0000000000E+00,    0.0000000000E+00,    0.0000000000E+00,    1.3986047242E-01
      3450,      0.676911,CP5_after_vdif,   1,    0.0000000000E+00,    1.3986047242E-01,    1.3986047242E-01,    0.0000000000E+00,    0.0000000000E+00,    0.0000000000E+00,    1.3986047242E-01
      3450,      0.676911,CP6_after_kinetics,   1,    0.0000000000E+00,    1.3986047242E-01,    1.3986047242E-01,    0.0000000000E+00,    0.0000000000E+00,    0.0000000000E+00,    1.3986047242E-01
      3450,      0.676911,CP7_after_upper_clamp,   1,    0.0000000000E+00,    1.3986047242E-01,    1.3986047242E-01,    0.0000000000E+00,    0.0000000000E+00,    0.0000000000E+00,    1.3986047242E-01
      3450,      0.676911,CP8_after_OBC,   1,    0.0000000000E+00,    1.3986047242E-01,    1.3986047242E-01,    0.0000000000E+00,    0.0000000000E+00,    0.0000000000E+00,    1.3986047242E-01
      3450,      0.676911,CP9_after_PTsource,   1,    0.0000000000E+00,    1.3986047242E-01,    1.3986047242E-01,    0.0000000000E+00,    0.0000000000E+00,    0.0000000000E+00,    1.3986047242E-01
      3450,      0.676911,CP10_after_neg_clamp,   1,    0.0000000000E+00,    1.3986047242E-01,    1.3986047242E-01,    0.0000000000E+00,    0.0000000000E+00,    0.0000000000E+00,    1.3986047242E-01
      3450,      0.676911,CP11_after_MPI,   1,    0.0000000000E+00,    1.3986047242E-01,    1.3986047242E-01,    0.0000000000E+00,    0.0000000000E+00,    0.0000000000E+00,    1.3986047242E-01
      3450,      0.676911,CP12_end,   1,    0.0000000000E+00,    1.3986047242E-01,    1.3986047242E-01,    0.0000000000E+00,    0.0000000000E+00,    0.0000000000E+00,    1.3986047242E-01
      3500,      0.676911,CP0_start,   1,    0.0000000000E+00,    1.4382453980E-01,    1.4382453980E-01,    0.0000000000E+00,    0.0000000000E+00,    0.0000000000E+00,    1.4382453980E-01
      3500,      0.676911,CP1_after_deposition,   1,    0.0000000000E+00,    1.4382453980E-01,    1.4382453980E-01,    0.0000000000E+00,    0.0000000000E+00,    0.0000000000E+00,    1.4382453980E-01
      3500,      0.676911,CP2_after_erosion,   1,    0.0000000000E+00,    1.4382453980E-01,    1.4382453980E-01,    0.0000000000E+00,    0.0000000000E+00,    0.0000000000E+00,    1.4382453980E-01
      3500,      0.676911,CP3_after_update_bottom,   1,    0.0000000000E+00,    1.4382453980E-01,    1.4382453980E-01,    0.0000000000E+00,    0.0000000000E+00,    0.0000000000E+00,    1.4382453980E-01
      3500,      0.676911,CP4_after_advection,   1,    0.0000000000E+00,    1.4390599712E-01,    1.4390599712E-01,    0.0000000000E+00,    0.0000000000E+00,    0.0000000000E+00,    1.4390599712E-01
      3500,      0.676911,CP5_after_vdif,   1,    0.0000000000E+00,    1.4390599712E-01,    1.4390599712E-01,    0.0000000000E+00,    0.0000000000E+00,    0.0000000000E+00,    1.4390599712E-01
      3500,      0.676911,CP6_after_kinetics,   1,    0.0000000000E+00,    1.4390599712E-01,    1.4390599712E-01,    0.0000000000E+00,    0.0000000000E+00,    0.0000000000E+00,    1.4390599712E-01
      3500,      0.676911,CP7_after_upper_clamp,   1,    0.0000000000E+00,    1.4390599712E-01,    1.4390599712E-01,    0.0000000000E+00,    0.0000000000E+00,    0.0000000000E+00,    1.4390599712E-01
      3500,      0.676911,CP8_after_OBC,   1,    0.0000000000E+00,    1.4390599712E-01,    1.4390599712E-01,    0.0000000000E+00,    0.0000000000E+00,    0.0000000000E+00,    1.4390599712E-01
      3500,      0.676911,CP9_after_PTsource,   1,    0.0000000000E+00,    1.4390599712E-01,    1.4390599712E-01,    0.0000000000E+00,    0.0000000000E+00,    0.0000000000E+00,    1.4390599712E-01
      3500,      0.676911,CP10_after_neg_clamp,   1,    0.0000000000E+00,    1.4390599712E-01,    1.4390599712E-01,    0.0000000000E+00,    0.0000000000E+00,    0.0000000000E+00,    1.4390599712E-01
      3500,      0.676911,CP11_after_MPI,   1,    0.0000000000E+00,    1.4390599712E-01,    1.4390599712E-01,    0.0000000000E+00,    0.0000000000E+00,    0.0000000000E+00,    1.4390599712E-01
      3500,      0.676911,CP12_end,   1,    0.0000000000E+00,    1.4390599712E-01,    1.4390599712E-01,    0.0000000000E+00,    0.0000000000E+00,    0.0000000000E+00,    1.4390599712E-01
      3550,      0.676911,CP0_start,   1,    0.0000000000E+00,    1.4792710224E-01,    1.4792710224E-01,    0.0000000000E+00,    0.0000000000E+00,    0.0000000000E+00,    1.4792710224E-01
      3550,      0.676911,CP1_after_deposition,   1,    0.0000000000E+00,    1.4792710224E-01,    1.4792710224E-01,    0.0000000000E+00,    0.0000000000E+00,    0.0000000000E+00,    1.4792710224E-01
      3550,      0.676911,CP2_after_erosion,   1,    0.0000000000E+00,    1.4792710224E-01,    1.4792710224E-01,    0.0000000000E+00,    0.0000000000E+00,    0.0000000000E+00,    1.4792710224E-01
      3550,      0.676911,CP3_after_update_bottom,   1,    0.0000000000E+00,    1.4792710224E-01,    1.4792710224E-01,    0.0000000000E+00,    0.0000000000E+00,    0.0000000000E+00,    1.4792710224E-01
      3550,      0.676911,CP4_after_advection,   1,    0.0000000000E+00,    1.4800971218E-01,    1.4800971218E-01,    0.0000000000E+00,    0.0000000000E+00,    0.0000000000E+00,    1.4800971218E-01
      3550,      0.676911,CP5_after_vdif,   1,    0.0000000000E+00,    1.4800971218E-01,    1.4800971218E-01,    0.0000000000E+00,    0.0000000000E+00,    0.0000000000E+00,    1.4800971218E-01
      3550,      0.676911,CP6_after_kinetics,   1,    0.0000000000E+00,    1.4800971218E-01,    1.4800971218E-01,    0.0000000000E+00,    0.0000000000E+00,    0.0000000000E+00,    1.4800971218E-01
      3550,      0.676911,CP7_after_upper_clamp,   1,    0.0000000000E+00,    1.4800971218E-01,    1.4800971218E-01,    0.0000000000E+00,    0.0000000000E+00,    0.0000000000E+00,    1.4800971218E-01
      3550,      0.676911,CP8_after_OBC,   1,    0.0000000000E+00,    1.4800971218E-01,    1.4800971218E-01,    0.0000000000E+00,    0.0000000000E+00,    0.0000000000E+00,    1.4800971218E-01
      3550,      0.676911,CP9_after_PTsource,   1,    0.0000000000E+00,    1.4800971218E-01,    1.4800971218E-01,    0.0000000000E+00,    0.0000000000E+00,    0.0000000000E+00,    1.4800971218E-01
      3550,      0.676911,CP10_after_neg_clamp,   1,    0.0000000000E+00,    1.4800971218E-01,    1.4800971218E-01,    0.0000000000E+00,    0.0000000000E+00,    0.0000000000E+00,    1.4800971218E-01
      3550,      0.676911,CP11_after_MPI,   1,    0.0000000000E+00,    1.4800971218E-01,    1.4800971218E-01,    0.0000000000E+00,    0.0000000000E+00,    0.0000000000E+00,    1.4800971218E-01
      3550,      0.676911,CP12_end,   1,    0.0000000000E+00,    1.4800971218E-01,    1.4800971218E-01,    0.0000000000E+00,    0.0000000000E+00,    0.0000000000E+00,    1.4800971218E-01
      3600,      0.676911,CP0_start,   1,    0.0000000000E+00,    1.5208782616E-01,    1.5208782616E-01,    0.0000000000E+00,    0.0000000000E+00,    0.0000000000E+00,    1.5208782616E-01
      3600,      0.676911,CP1_after_deposition,   1,    0.0000000000E+00,    1.5208782616E-01,    1.5208782616E-01,    0.0000000000E+00,    0.0000000000E+00,    0.0000000000E+00,    1.5208782616E-01
      3600,      0.676911,CP2_after_erosion,   1,    0.0000000000E+00,    1.5208782616E-01,    1.5208782616E-01,    0.0000000000E+00,    0.0000000000E+00,    0.0000000000E+00,    1.5208782616E-01
      3600,      0.676911,CP3_after_update_bottom,   1,    0.0000000000E+00,    1.5208782616E-01,    1.5208782616E-01,    0.0000000000E+00,    0.0000000000E+00,    0.0000000000E+00,    1.5208782616E-01
      3600,      0.676911,CP4_after_advection,   1,    0.0000000000E+00,    1.5217161714E-01,    1.5217161714E-01,    0.0000000000E+00,    0.0000000000E+00,    0.0000000000E+00,    1.5217161714E-01
      3600,      0.676911,CP5_after_vdif,   1,    0.0000000000E+00,    1.5217161714E-01,    1.5217161714E-01,    0.0000000000E+00,    0.0000000000E+00,    0.0000000000E+00,    1.5217161714E-01
      3600,      0.676911,CP6_after_kinetics,   1,    0.0000000000E+00,    1.5217161714E-01,    1.5217161714E-01,    0.0000000000E+00,    0.0000000000E+00,    0.0000000000E+00,    1.5217161714E-01
      3600,      0.676911,CP7_after_upper_clamp,   1,    0.0000000000E+00,    1.5217161714E-01,    1.5217161714E-01,    0.0000000000E+00,    0.0000000000E+00,    0.0000000000E+00,    1.5217161714E-01
      3600,      0.676911,CP8_after_OBC,   1,    0.0000000000E+00,    1.5217161714E-01,    1.5217161714E-01,    0.0000000000E+00,    0.0000000000E+00,    0.0000000000E+00,    1.5217161714E-01
      3600,      0.676911,CP9_after_PTsource,   1,    0.0000000000E+00,    1.5217161714E-01,    1.5217161714E-01,    0.0000000000E+00,    0.0000000000E+00,    0.0000000000E+00,    1.5217161714E-01
      3600,      0.676911,CP10_after_neg_clamp,   1,    0.0000000000E+00,    1.5217161714E-01,    1.5217161714E-01,    0.0000000000E+00,    0.0000000000E+00,    0.0000000000E+00,    1.5217161714E-01
      3600,      0.676911,CP11_after_MPI,   1,    0.0000000000E+00,    1.5217161714E-01,    1.5217161714E-01,    0.0000000000E+00,    0.0000000000E+00,    0.0000000000E+00,    1.5217161714E-01
      3600,      0.676911,CP12_end,   1,    0.0000000000E+00,    1.5217161714E-01,    1.5217161714E-01,    0.0000000000E+00,    0.0000000000E+00,    0.0000000000E+00,    1.5217161714E-01
      3650,      0.676911,CP0_start,   1,    0.0000000000E+00,    1.5630679850E-01,    1.5630679850E-01,    0.0000000000E+00,    0.0000000000E+00,    0.0000000000E+00,    1.5630679850E-01
      3650,      0.676911,CP1_after_deposition,   1,    0.0000000000E+00,    1.5630679850E-01,    1.5630679850E-01,    0.0000000000E+00,    0.0000000000E+00,    0.0000000000E+00,    1.5630679850E-01
      3650,      0.676911,CP2_after_erosion,   1,    0.0000000000E+00,    1.5630679850E-01,    1.5630679850E-01,    0.0000000000E+00,    0.0000000000E+00,    0.0000000000E+00,    1.5630679850E-01
      3650,      0.676911,CP3_after_update_bottom,   1,    0.0000000000E+00,    1.5630679850E-01,    1.5630679850E-01,    0.0000000000E+00,    0.0000000000E+00,    0.0000000000E+00,    1.5630679850E-01
      3650,      0.676911,CP4_after_advection,   1,    0.0000000000E+00,    1.5639171158E-01,    1.5639171158E-01,    0.0000000000E+00,    0.0000000000E+00,    0.0000000000E+00,    1.5639171158E-01
      3650,      0.676911,CP5_after_vdif,   1,    0.0000000000E+00,    1.5639171158E-01,    1.5639171158E-01,    0.0000000000E+00,    0.0000000000E+00,    0.0000000000E+00,    1.5639171158E-01
      3650,      0.676911,CP6_after_kinetics,   1,    0.0000000000E+00,    1.5639171158E-01,    1.5639171158E-01,    0.0000000000E+00,    0.0000000000E+00,    0.0000000000E+00,    1.5639171158E-01
      3650,      0.676911,CP7_after_upper_clamp,   1,    0.0000000000E+00,    1.5639171158E-01,    1.5639171158E-01,    0.0000000000E+00,    0.0000000000E+00,    0.0000000000E+00,    1.5639171158E-01
      3650,      0.676911,CP8_after_OBC,   1,    0.0000000000E+00,    1.5639171158E-01,    1.5639171158E-01,    0.0000000000E+00,    0.0000000000E+00,    0.0000000000E+00,    1.5639171158E-01
      3650,      0.676911,CP9_after_PTsource,   1,    0.0000000000E+00,    1.5639171158E-01,    1.5639171158E-01,    0.0000000000E+00,    0.0000000000E+00,    0.0000000000E+00,    1.5639171158E-01
      3650,      0.676911,CP10_after_neg_clamp,   1,    0.0000000000E+00,    1.5639171158E-01,    1.5639171158E-01,    0.0000000000E+00,    0.0000000000E+00,    0.0000000000E+00,    1.5639171158E-01
      3650,      0.676911,CP11_after_MPI,   1,    0.0000000000E+00,    1.5639171158E-01,    1.5639171158E-01,    0.0000000000E+00,    0.0000000000E+00,    0.0000000000E+00,    1.5639171158E-01
      3650,      0.676911,CP12_end,   1,    0.0000000000E+00,    1.5639171158E-01,    1.5639171158E-01,    0.0000000000E+00,    0.0000000000E+00,    0.0000000000E+00,    1.5639171158E-01
      3700,      0.676911,CP0_start,   1,    0.0000000000E+00,    1.6058386113E-01,    1.6058386113E-01,    0.0000000000E+00,    0.0000000000E+00,    0.0000000000E+00,    1.6058386113E-01
      3700,      0.676911,CP1_after_deposition,   1,    0.0000000000E+00,    1.6058386113E-01,    1.6058386113E-01,    0.0000000000E+00,    0.0000000000E+00,    0.0000000000E+00,    1.6058386113E-01
      3700,      0.676911,CP2_after_erosion,   1,    0.0000000000E+00,    1.6058386113E-01,    1.6058386113E-01,    0.0000000000E+00,    0.0000000000E+00,    0.0000000000E+00,    1.6058386113E-01
      3700,      0.676911,CP3_after_update_bottom,   1,    0.0000000000E+00,    1.6058386113E-01,    1.6058386113E-01,    0.0000000000E+00,    0.0000000000E+00,    0.0000000000E+00,    1.6058386113E-01
      3700,      0.676911,CP4_after_advection,   1,    0.0000000000E+00,    1.6066999503E-01,    1.6066999503E-01,    0.0000000000E+00,    0.0000000000E+00,    0.0000000000E+00,    1.6066999503E-01
      3700,      0.676911,CP5_after_vdif,   1,    0.0000000000E+00,    1.6066999503E-01,    1.6066999503E-01,    0.0000000000E+00,    0.0000000000E+00,    0.0000000000E+00,    1.6066999503E-01
      3700,      0.676911,CP6_after_kinetics,   1,    0.0000000000E+00,    1.6066999503E-01,    1.6066999503E-01,    0.0000000000E+00,    0.0000000000E+00,    0.0000000000E+00,    1.6066999503E-01
      3700,      0.676911,CP7_after_upper_clamp,   1,    0.0000000000E+00,    1.6066999503E-01,    1.6066999503E-01,    0.0000000000E+00,    0.0000000000E+00,    0.0000000000E+00,    1.6066999503E-01
      3700,      0.676911,CP8_after_OBC,   1,    0.0000000000E+00,    1.6066999503E-01,    1.6066999503E-01,    0.0000000000E+00,    0.0000000000E+00,    0.0000000000E+00,    1.6066999503E-01
      3700,      0.676911,CP9_after_PTsource,   1,    0.0000000000E+00,    1.6066999503E-01,    1.6066999503E-01,    0.0000000000E+00,    0.0000000000E+00,    0.0000000000E+00,    1.6066999503E-01
      3700,      0.676911,CP10_after_neg_clamp,   1,    0.0000000000E+00,    1.6066999503E-01,    1.6066999503E-01,    0.0000000000E+00,    0.0000000000E+00,    0.0000000000E+00,    1.6066999503E-01
      3700,      0.676911,CP11_after_MPI,   1,    0.0000000000E+00,    1.6066999503E-01,    1.6066999503E-01,    0.0000000000E+00,    0.0000000000E+00,    0.0000000000E+00,    1.6066999503E-01
      3700,      0.676911,CP12_end,   1,    0.0000000000E+00,    1.6066999503E-01,    1.6066999503E-01,    0.0000000000E+00,    0.0000000000E+00,    0.0000000000E+00,    1.6066999503E-01
      3750,      0.676911,CP0_start,   1,    0.0000000000E+00,    1.6491918574E-01,    1.6491918574E-01,    0.0000000000E+00,    0.0000000000E+00,    0.0000000000E+00,    1.6491918574E-01
      3750,      0.676911,CP1_after_deposition,   1,    0.0000000000E+00,    1.6491918574E-01,    1.6491918574E-01,    0.0000000000E+00,    0.0000000000E+00,    0.0000000000E+00,    1.6491918574E-01
      3750,      0.676911,CP2_after_erosion,   1,    0.0000000000E+00,    1.6491918574E-01,    1.6491918574E-01,    0.0000000000E+00,    0.0000000000E+00,    0.0000000000E+00,    1.6491918574E-01
      3750,      0.676911,CP3_after_update_bottom,   1,    0.0000000000E+00,    1.6491918574E-01,    1.6491918574E-01,    0.0000000000E+00,    0.0000000000E+00,    0.0000000000E+00,    1.6491918574E-01
      3750,      0.676911,CP4_after_advection,   1,    0.0000000000E+00,    1.6500646703E-01,    1.6500646703E-01,    0.0000000000E+00,    0.0000000000E+00,    0.0000000000E+00,    1.6500646703E-01
      3750,      0.676911,CP5_after_vdif,   1,    0.0000000000E+00,    1.6500646703E-01,    1.6500646703E-01,    0.0000000000E+00,    0.0000000000E+00,    0.0000000000E+00,    1.6500646703E-01
      3750,      0.676911,CP6_after_kinetics,   1,    0.0000000000E+00,    1.6500646703E-01,    1.6500646703E-01,    0.0000000000E+00,    0.0000000000E+00,    0.0000000000E+00,    1.6500646703E-01
      3750,      0.676911,CP7_after_upper_clamp,   1,    0.0000000000E+00,    1.6500646703E-01,    1.6500646703E-01,    0.0000000000E+00,    0.0000000000E+00,    0.0000000000E+00,    1.6500646703E-01
      3750,      0.676911,CP8_after_OBC,   1,    0.0000000000E+00,    1.6500646703E-01,    1.6500646703E-01,    0.0000000000E+00,    0.0000000000E+00,    0.0000000000E+00,    1.6500646703E-01
      3750,      0.676911,CP9_after_PTsource,   1,    0.0000000000E+00,    1.6500646703E-01,    1.6500646703E-01,    0.0000000000E+00,    0.0000000000E+00,    0.0000000000E+00,    1.6500646703E-01
      3750,      0.676911,CP10_after_neg_clamp,   1,    0.0000000000E+00,    1.6500646703E-01,    1.6500646703E-01,    0.0000000000E+00,    0.0000000000E+00,    0.0000000000E+00,    1.6500646703E-01
      3750,      0.676911,CP11_after_MPI,   1,    0.0000000000E+00,    1.6500646703E-01,    1.6500646703E-01,    0.0000000000E+00,    0.0000000000E+00,    0.0000000000E+00,    1.6500646703E-01
      3750,      0.676911,CP12_end,   1,    0.0000000000E+00,    1.6500646703E-01,    1.6500646703E-01,    0.0000000000E+00,    0.0000000000E+00,    0.0000000000E+00,    1.6500646703E-01
      3800,      0.676911,CP0_start,   1,    0.0000000000E+00,    1.6931270250E-01,    1.6931270250E-01,    0.0000000000E+00,    0.0000000000E+00,    0.0000000000E+00,    1.6931270250E-01
      3800,      0.676911,CP1_after_deposition,   1,    0.0000000000E+00,    1.6931270250E-01,    1.6931270250E-01,    0.0000000000E+00,    0.0000000000E+00,    0.0000000000E+00,    1.6931270250E-01
      3800,      0.676911,CP2_after_erosion,   1,    0.0000000000E+00,    1.6931270250E-01,    1.6931270250E-01,    0.0000000000E+00,    0.0000000000E+00,    0.0000000000E+00,    1.6931270250E-01
      3800,      0.676911,CP3_after_update_bottom,   1,    0.0000000000E+00,    1.6931270250E-01,    1.6931270250E-01,    0.0000000000E+00,    0.0000000000E+00,    0.0000000000E+00,    1.6931270250E-01
      3800,      0.676911,CP4_after_advection,   1,    0.0000000000E+00,    1.6940112713E-01,    1.6940112713E-01,    0.0000000000E+00,    0.0000000000E+00,    0.0000000000E+00,    1.6940112713E-01
      3800,      0.676911,CP5_after_vdif,   1,    0.0000000000E+00,    1.6940112713E-01,    1.6940112713E-01,    0.0000000000E+00,    0.0000000000E+00,    0.0000000000E+00,    1.6940112713E-01
      3800,      0.676911,CP6_after_kinetics,   1,    0.0000000000E+00,    1.6940112713E-01,    1.6940112713E-01,    0.0000000000E+00,    0.0000000000E+00,    0.0000000000E+00,    1.6940112713E-01
      3800,      0.676911,CP7_after_upper_clamp,   1,    0.0000000000E+00,    1.6940112713E-01,    1.6940112713E-01,    0.0000000000E+00,    0.0000000000E+00,    0.0000000000E+00,    1.6940112713E-01
      3800,      0.676911,CP8_after_OBC,   1,    0.0000000000E+00,    1.6940112713E-01,    1.6940112713E-01,    0.0000000000E+00,    0.0000000000E+00,    0.0000000000E+00,    1.6940112713E-01
      3800,      0.676911,CP9_after_PTsource,   1,    0.0000000000E+00,    1.6940112713E-01,    1.6940112713E-01,    0.0000000000E+00,    0.0000000000E+00,    0.0000000000E+00,    1.6940112713E-01
      3800,      0.676911,CP10_after_neg_clamp,   1,    0.0000000000E+00,    1.6940112713E-01,    1.6940112713E-01,    0.0000000000E+00,    0.0000000000E+00,    0.0000000000E+00,    1.6940112713E-01
      3800,      0.676911,CP11_after_MPI,   1,    0.0000000000E+00,    1.6940112713E-01,    1.6940112713E-01,    0.0000000000E+00,    0.0000000000E+00,    0.0000000000E+00,    1.6940112713E-01
      3800,      0.676911,CP12_end,   1,    0.0000000000E+00,    1.6940112713E-01,    1.6940112713E-01,    0.0000000000E+00,    0.0000000000E+00,    0.0000000000E+00,    1.6940112713E-01
      3850,      0.676911,CP0_start,   1,    0.0000000000E+00,    1.7376431305E-01,    1.7376431305E-01,    0.0000000000E+00,    0.0000000000E+00,    0.0000000000E+00,    1.7376431305E-01
      3850,      0.676911,CP1_after_deposition,   1,    0.0000000000E+00,    1.7376431305E-01,    1.7376431305E-01,    0.0000000000E+00,    0.0000000000E+00,    0.0000000000E+00,    1.7376431305E-01
      3850,      0.676911,CP2_after_erosion,   1,    0.0000000000E+00,    1.7376431305E-01,    1.7376431305E-01,    0.0000000000E+00,    0.0000000000E+00,    0.0000000000E+00,    1.7376431305E-01
      3850,      0.676911,CP3_after_update_bottom,   1,    0.0000000000E+00,    1.7376431305E-01,    1.7376431305E-01,    0.0000000000E+00,    0.0000000000E+00,    0.0000000000E+00,    1.7376431305E-01
      3850,      0.676911,CP4_after_advection,   1,    0.0000000000E+00,    1.7385397485E-01,    1.7385397485E-01,    0.0000000000E+00,    0.0000000000E+00,    0.0000000000E+00,    1.7385397485E-01
      3850,      0.676911,CP5_after_vdif,   1,    0.0000000000E+00,    1.7385397485E-01,    1.7385397485E-01,    0.0000000000E+00,    0.0000000000E+00,    0.0000000000E+00,    1.7385397485E-01
      3850,      0.676911,CP6_after_kinetics,   1,    0.0000000000E+00,    1.7385397485E-01,    1.7385397485E-01,    0.0000000000E+00,    0.0000000000E+00,    0.0000000000E+00,    1.7385397485E-01
      3850,      0.676911,CP7_after_upper_clamp,   1,    0.0000000000E+00,    1.7385397485E-01,    1.7385397485E-01,    0.0000000000E+00,    0.0000000000E+00,    0.0000000000E+00,    1.7385397485E-01
      3850,      0.676911,CP8_after_OBC,   1,    0.0000000000E+00,    1.7385397485E-01,    1.7385397485E-01,    0.0000000000E+00,    0.0000000000E+00,    0.0000000000E+00,    1.7385397485E-01
      3850,      0.676911,CP9_after_PTsource,   1,    0.0000000000E+00,    1.7385397485E-01,    1.7385397485E-01,    0.0000000000E+00,    0.0000000000E+00,    0.0000000000E+00,    1.7385397485E-01
      3850,      0.676911,CP10_after_neg_clamp,   1,    0.0000000000E+00,    1.7385397485E-01,    1.7385397485E-01,    0.0000000000E+00,    0.0000000000E+00,    0.0000000000E+00,    1.7385397485E-01
      3850,      0.676911,CP11_after_MPI,   1,    0.0000000000E+00,    1.7385397485E-01,    1.7385397485E-01,    0.0000000000E+00,    0.0000000000E+00,    0.0000000000E+00,    1.7385397485E-01
      3850,      0.676911,CP12_end,   1,    0.0000000000E+00,    1.7385397485E-01,    1.7385397485E-01,    0.0000000000E+00,    0.0000000000E+00,    0.0000000000E+00,    1.7385397485E-01
      3900,      0.676911,CP0_start,   1,    0.0000000000E+00,    1.7827426515E-01,    1.7827426515E-01,    0.0000000000E+00,    0.0000000000E+00,    0.0000000000E+00,    1.7827426515E-01
      3900,      0.676911,CP1_after_deposition,   1,    0.0000000000E+00,    1.7827426515E-01,    1.7827426515E-01,    0.0000000000E+00,    0.0000000000E+00,    0.0000000000E+00,    1.7827426515E-01
      3900,      0.676911,CP2_after_erosion,   1,    0.0000000000E+00,    1.7827426515E-01,    1.7827426515E-01,    0.0000000000E+00,    0.0000000000E+00,    0.0000000000E+00,    1.7827426515E-01
      3900,      0.676911,CP3_after_update_bottom,   1,    0.0000000000E+00,    1.7827426515E-01,    1.7827426515E-01,    0.0000000000E+00,    0.0000000000E+00,    0.0000000000E+00,    1.7827426515E-01
      3900,      0.676911,CP4_after_advection,   1,    0.0000000000E+00,    1.7836500971E-01,    1.7836500971E-01,    0.0000000000E+00,    0.0000000000E+00,    0.0000000000E+00,    1.7836500971E-01
      3900,      0.676911,CP5_after_vdif,   1,    0.0000000000E+00,    1.7836500971E-01,    1.7836500971E-01,    0.0000000000E+00,    0.0000000000E+00,    0.0000000000E+00,    1.7836500971E-01
      3900,      0.676911,CP6_after_kinetics,   1,    0.0000000000E+00,    1.7836500971E-01,    1.7836500971E-01,    0.0000000000E+00,    0.0000000000E+00,    0.0000000000E+00,    1.7836500971E-01
      3900,      0.676911,CP7_after_upper_clamp,   1,    0.0000000000E+00,    1.7836500971E-01,    1.7836500971E-01,    0.0000000000E+00,    0.0000000000E+00,    0.0000000000E+00,    1.7836500971E-01
      3900,      0.676911,CP8_after_OBC,   1,    0.0000000000E+00,    1.7836500971E-01,    1.7836500971E-01,    0.0000000000E+00,    0.0000000000E+00,    0.0000000000E+00,    1.7836500971E-01
      3900,      0.676911,CP9_after_PTsource,   1,    0.0000000000E+00,    1.7836500971E-01,    1.7836500971E-01,    0.0000000000E+00,    0.0000000000E+00,    0.0000000000E+00,    1.7836500971E-01
      3900,      0.676911,CP10_after_neg_clamp,   1,    0.0000000000E+00,    1.7836500971E-01,    1.7836500971E-01,    0.0000000000E+00,    0.0000000000E+00,    0.0000000000E+00,    1.7836500971E-01
      3900,      0.676911,CP11_after_MPI,   1,    0.0000000000E+00,    1.7836500971E-01,    1.7836500971E-01,    0.0000000000E+00,    0.0000000000E+00,    0.0000000000E+00,    1.7836500971E-01
      3900,      0.676911,CP12_end,   1,    0.0000000000E+00,    1.7836500971E-01,    1.7836500971E-01,    0.0000000000E+00,    0.0000000000E+00,    0.0000000000E+00,    1.7836500971E-01
      3950,      0.676911,CP0_start,   1,    0.0000000000E+00,    1.8284225596E-01,    1.8284225596E-01,    0.0000000000E+00,    0.0000000000E+00,    0.0000000000E+00,    1.8284225596E-01
      3950,      0.676911,CP1_after_deposition,   1,    0.0000000000E+00,    1.8284225596E-01,    1.8284225596E-01,    0.0000000000E+00,    0.0000000000E+00,    0.0000000000E+00,    1.8284225596E-01
      3950,      0.676911,CP2_after_erosion,   1,    0.0000000000E+00,    1.8284225596E-01,    1.8284225596E-01,    0.0000000000E+00,    0.0000000000E+00,    0.0000000000E+00,    1.8284225596E-01
      3950,      0.676911,CP3_after_update_bottom,   1,    0.0000000000E+00,    1.8284225596E-01,    1.8284225596E-01,    0.0000000000E+00,    0.0000000000E+00,    0.0000000000E+00,    1.8284225596E-01
      3950,      0.676911,CP4_after_advection,   1,    0.0000000000E+00,    1.8293423123E-01,    1.8293423123E-01,    0.0000000000E+00,    0.0000000000E+00,    0.0000000000E+00,    1.8293423123E-01
      3950,      0.676911,CP5_after_vdif,   1,    0.0000000000E+00,    1.8293423123E-01,    1.8293423123E-01,    0.0000000000E+00,    0.0000000000E+00,    0.0000000000E+00,    1.8293423123E-01
      3950,      0.676911,CP6_after_kinetics,   1,    0.0000000000E+00,    1.8293423123E-01,    1.8293423123E-01,    0.0000000000E+00,    0.0000000000E+00,    0.0000000000E+00,    1.8293423123E-01
      3950,      0.676911,CP7_after_upper_clamp,   1,    0.0000000000E+00,    1.8293423123E-01,    1.8293423123E-01,    0.0000000000E+00,    0.0000000000E+00,    0.0000000000E+00,    1.8293423123E-01
      3950,      0.676911,CP8_after_OBC,   1,    0.0000000000E+00,    1.8293423123E-01,    1.8293423123E-01,    0.0000000000E+00,    0.0000000000E+00,    0.0000000000E+00,    1.8293423123E-01
      3950,      0.676911,CP9_after_PTsource,   1,    0.0000000000E+00,    1.8293423123E-01,    1.8293423123E-01,    0.0000000000E+00,    0.0000000000E+00,    0.0000000000E+00,    1.8293423123E-01
      3950,      0.676911,CP10_after_neg_clamp,   1,    0.0000000000E+00,    1.8293423123E-01,    1.8293423123E-01,    0.0000000000E+00,    0.0000000000E+00,    0.0000000000E+00,    1.8293423123E-01
      3950,      0.676911,CP11_after_MPI,   1,    0.0000000000E+00,    1.8293423123E-01,    1.8293423123E-01,    0.0000000000E+00,    0.0000000000E+00,    0.0000000000E+00,    1.8293423123E-01
      3950,      0.676911,CP12_end,   1,    0.0000000000E+00,    1.8293423123E-01,    1.8293423123E-01,    0.0000000000E+00,    0.0000000000E+00,    0.0000000000E+00,    1.8293423123E-01
      4000,      0.676911,CP0_start,   1,    0.0000000000E+00,    1.8746853528E-01,    1.8746853528E-01,    0.0000000000E+00,    0.0000000000E+00,    0.0000000000E+00,    1.8746853528E-01
      4000,      0.676911,CP1_after_deposition,   1,    0.0000000000E+00,    1.8746853528E-01,    1.8746853528E-01,    0.0000000000E+00,    0.0000000000E+00,    0.0000000000E+00,    1.8746853528E-01
      4000,      0.676911,CP2_after_erosion,   1,    0.0000000000E+00,    1.8746853528E-01,    1.8746853528E-01,    0.0000000000E+00,    0.0000000000E+00,    0.0000000000E+00,    1.8746853528E-01
      4000,      0.676911,CP3_after_update_bottom,   1,    0.0000000000E+00,    1.8746853528E-01,    1.8746853528E-01,    0.0000000000E+00,    0.0000000000E+00,    0.0000000000E+00,    1.8746853528E-01
      4000,      0.676911,CP4_after_advection,   1,    0.0000000000E+00,    1.8756163893E-01,    1.8756163893E-01,    0.0000000000E+00,    0.0000000000E+00,    0.0000000000E+00,    1.8756163893E-01
      4000,      0.676911,CP5_after_vdif,   1,    0.0000000000E+00,    1.8756163893E-01,    1.8756163893E-01,    0.0000000000E+00,    0.0000000000E+00,    0.0000000000E+00,    1.8756163893E-01
      4000,      0.676911,CP6_after_kinetics,   1,    0.0000000000E+00,    1.8756163893E-01,    1.8756163893E-01,    0.0000000000E+00,    0.0000000000E+00,    0.0000000000E+00,    1.8756163893E-01
      4000,      0.676911,CP7_after_upper_clamp,   1,    0.0000000000E+00,    1.8756163893E-01,    1.8756163893E-01,    0.0000000000E+00,    0.0000000000E+00,    0.0000000000E+00,    1.8756163893E-01
      4000,      0.676911,CP8_after_OBC,   1,    0.0000000000E+00,    1.8756163893E-01,    1.8756163893E-01,    0.0000000000E+00,    0.0000000000E+00,    0.0000000000E+00,    1.8756163893E-01
      4000,      0.676911,CP9_after_PTsource,   1,    0.0000000000E+00,    1.8756163893E-01,    1.8756163893E-01,    0.0000000000E+00,    0.0000000000E+00,    0.0000000000E+00,    1.8756163893E-01
      4000,      0.676911,CP10_after_neg_clamp,   1,    0.0000000000E+00,    1.8756163893E-01,    1.8756163893E-01,    0.0000000000E+00,    0.0000000000E+00,    0.0000000000E+00,    1.8756163893E-01
      4000,      0.676911,CP11_after_MPI,   1,    0.0000000000E+00,    1.8756163893E-01,    1.8756163893E-01,    0.0000000000E+00,    0.0000000000E+00,    0.0000000000E+00,    1.8756163893E-01
      4000,      0.676911,CP12_end,   1,    0.0000000000E+00,    1.8756163893E-01,    1.8756163893E-01,    0.0000000000E+00,    0.0000000000E+00,    0.0000000000E+00,    1.8756163893E-01
      4050,      0.676911,CP0_start,   1,    0.0000000000E+00,    1.9215294058E-01,    1.9215294058E-01,    0.0000000000E+00,    0.0000000000E+00,    0.0000000000E+00,    1.9215294058E-01
      4050,      0.676911,CP1_after_deposition,   1,    0.0000000000E+00,    1.9215294058E-01,    1.9215294058E-01,    0.0000000000E+00,    0.0000000000E+00,    0.0000000000E+00,    1.9215294058E-01
      4050,      0.676911,CP2_after_erosion,   1,    0.0000000000E+00,    1.9215294058E-01,    1.9215294058E-01,    0.0000000000E+00,    0.0000000000E+00,    0.0000000000E+00,    1.9215294058E-01
      4050,      0.676911,CP3_after_update_bottom,   1,    0.0000000000E+00,    1.9215294058E-01,    1.9215294058E-01,    0.0000000000E+00,    0.0000000000E+00,    0.0000000000E+00,    1.9215294058E-01
      4050,      0.676911,CP4_after_advection,   1,    0.0000000000E+00,    1.9224723229E-01,    1.9224723229E-01,    0.0000000000E+00,    0.0000000000E+00,    0.0000000000E+00,    1.9224723229E-01
      4050,      0.676911,CP5_after_vdif,   1,    0.0000000000E+00,    1.9224723229E-01,    1.9224723229E-01,    0.0000000000E+00,    0.0000000000E+00,    0.0000000000E+00,    1.9224723229E-01
      4050,      0.676911,CP6_after_kinetics,   1,    0.0000000000E+00,    1.9224723229E-01,    1.9224723229E-01,    0.0000000000E+00,    0.0000000000E+00,    0.0000000000E+00,    1.9224723229E-01
      4050,      0.676911,CP7_after_upper_clamp,   1,    0.0000000000E+00,    1.9224723229E-01,    1.9224723229E-01,    0.0000000000E+00,    0.0000000000E+00,    0.0000000000E+00,    1.9224723229E-01
      4050,      0.676911,CP8_after_OBC,   1,    0.0000000000E+00,    1.9224723229E-01,    1.9224723229E-01,    0.0000000000E+00,    0.0000000000E+00,    0.0000000000E+00,    1.9224723229E-01
      4050,      0.676911,CP9_after_PTsource,   1,    0.0000000000E+00,    1.9224723229E-01,    1.9224723229E-01,    0.0000000000E+00,    0.0000000000E+00,    0.0000000000E+00,    1.9224723229E-01
      4050,      0.676911,CP10_after_neg_clamp,   1,    0.0000000000E+00,    1.9224723229E-01,    1.9224723229E-01,    0.0000000000E+00,    0.0000000000E+00,    0.0000000000E+00,    1.9224723229E-01
      4050,      0.676911,CP11_after_MPI,   1,    0.0000000000E+00,    1.9224723229E-01,    1.9224723229E-01,    0.0000000000E+00,    0.0000000000E+00,    0.0000000000E+00,    1.9224723229E-01
      4050,      0.676911,CP12_end,   1,    0.0000000000E+00,    1.9224723229E-01,    1.9224723229E-01,    0.0000000000E+00,    0.0000000000E+00,    0.0000000000E+00,    1.9224723229E-01
      4100,      0.676911,CP0_start,   1,    0.0000000000E+00,    1.9689554222E-01,    1.9689554222E-01,    0.0000000000E+00,    0.0000000000E+00,    0.0000000000E+00,    1.9689554222E-01
      4100,      0.676911,CP1_after_deposition,   1,    0.0000000000E+00,    1.9689554222E-01,    1.9689554222E-01,    0.0000000000E+00,    0.0000000000E+00,    0.0000000000E+00,    1.9689554222E-01
      4100,      0.676911,CP2_after_erosion,   1,    0.0000000000E+00,    1.9689554222E-01,    1.9689554222E-01,    0.0000000000E+00,    0.0000000000E+00,    0.0000000000E+00,    1.9689554222E-01
      4100,      0.676911,CP3_after_update_bottom,   1,    0.0000000000E+00,    1.9689554222E-01,    1.9689554222E-01,    0.0000000000E+00,    0.0000000000E+00,    0.0000000000E+00,    1.9689554222E-01
      4100,      0.676911,CP4_after_advection,   1,    0.0000000000E+00,    1.9699101084E-01,    1.9699101084E-01,    0.0000000000E+00,    0.0000000000E+00,    0.0000000000E+00,    1.9699101084E-01
      4100,      0.676911,CP5_after_vdif,   1,    0.0000000000E+00,    1.9699101084E-01,    1.9699101084E-01,    0.0000000000E+00,    0.0000000000E+00,    0.0000000000E+00,    1.9699101084E-01
      4100,      0.676911,CP6_after_kinetics,   1,    0.0000000000E+00,    1.9699101084E-01,    1.9699101084E-01,    0.0000000000E+00,    0.0000000000E+00,    0.0000000000E+00,    1.9699101084E-01
      4100,      0.676911,CP7_after_upper_clamp,   1,    0.0000000000E+00,    1.9699101084E-01,    1.9699101084E-01,    0.0000000000E+00,    0.0000000000E+00,    0.0000000000E+00,    1.9699101084E-01
      4100,      0.676911,CP8_after_OBC,   1,    0.0000000000E+00,    1.9699101084E-01,    1.9699101084E-01,    0.0000000000E+00,    0.0000000000E+00,    0.0000000000E+00,    1.9699101084E-01
      4100,      0.676911,CP9_after_PTsource,   1,    0.0000000000E+00,    1.9699101084E-01,    1.9699101084E-01,    0.0000000000E+00,    0.0000000000E+00,    0.0000000000E+00,    1.9699101084E-01
      4100,      0.676911,CP10_after_neg_clamp,   1,    0.0000000000E+00,    1.9699101084E-01,    1.9699101084E-01,    0.0000000000E+00,    0.0000000000E+00,    0.0000000000E+00,    1.9699101084E-01
      4100,      0.676911,CP11_after_MPI,   1,    0.0000000000E+00,    1.9699101084E-01,    1.9699101084E-01,    0.0000000000E+00,    0.0000000000E+00,    0.0000000000E+00,    1.9699101084E-01
      4100,      0.676911,CP12_end,   1,    0.0000000000E+00,    1.9699101084E-01,    1.9699101084E-01,    0.0000000000E+00,    0.0000000000E+00,    0.0000000000E+00,    1.9699101084E-01
      4150,      0.676911,CP0_start,   1,    0.0000000000E+00,    2.0169638307E-01,    2.0169638307E-01,    0.0000000000E+00,    0.0000000000E+00,    0.0000000000E+00,    2.0169638307E-01
      4150,      0.676911,CP1_after_deposition,   1,    0.0000000000E+00,    2.0169638307E-01,    2.0169638307E-01,    0.0000000000E+00,    0.0000000000E+00,    0.0000000000E+00,    2.0169638307E-01
      4150,      0.676911,CP2_after_erosion,   1,    0.0000000000E+00,    2.0169638307E-01,    2.0169638307E-01,    0.0000000000E+00,    0.0000000000E+00,    0.0000000000E+00,    2.0169638307E-01
      4150,      0.676911,CP3_after_update_bottom,   1,    0.0000000000E+00,    2.0169638307E-01,    2.0169638307E-01,    0.0000000000E+00,    0.0000000000E+00,    0.0000000000E+00,    2.0169638307E-01
      4150,      0.676911,CP4_after_advection,   1,    0.0000000000E+00,    2.0179297405E-01,    2.0179297405E-01,    0.0000000000E+00,    0.0000000000E+00,    0.0000000000E+00,    2.0179297405E-01
      4150,      0.676911,CP5_after_vdif,   1,    0.0000000000E+00,    2.0179297405E-01,    2.0179297405E-01,    0.0000000000E+00,    0.0000000000E+00,    0.0000000000E+00,    2.0179297405E-01
      4150,      0.676911,CP6_after_kinetics,   1,    0.0000000000E+00,    2.0179297405E-01,    2.0179297405E-01,    0.0000000000E+00,    0.0000000000E+00,    0.0000000000E+00,    2.0179297405E-01
      4150,      0.676911,CP7_after_upper_clamp,   1,    0.0000000000E+00,    2.0179297405E-01,    2.0179297405E-01,    0.0000000000E+00,    0.0000000000E+00,    0.0000000000E+00,    2.0179297405E-01
      4150,      0.676911,CP8_after_OBC,   1,    0.0000000000E+00,    2.0179297405E-01,    2.0179297405E-01,    0.0000000000E+00,    0.0000000000E+00,    0.0000000000E+00,    2.0179297405E-01
      4150,      0.676911,CP9_after_PTsource,   1,    0.0000000000E+00,    2.0179297405E-01,    2.0179297405E-01,    0.0000000000E+00,    0.0000000000E+00,    0.0000000000E+00,    2.0179297405E-01
      4150,      0.676911,CP10_after_neg_clamp,   1,    0.0000000000E+00,    2.0179297405E-01,    2.0179297405E-01,    0.0000000000E+00,    0.0000000000E+00,    0.0000000000E+00,    2.0179297405E-01
      4150,      0.676911,CP11_after_MPI,   1,    0.0000000000E+00,    2.0179297405E-01,    2.0179297405E-01,    0.0000000000E+00,    0.0000000000E+00,    0.0000000000E+00,    2.0179297405E-01
      4150,      0.676911,CP12_end,   1,    0.0000000000E+00,    2.0179297405E-01,    2.0179297405E-01,    0.0000000000E+00,    0.0000000000E+00,    0.0000000000E+00,    2.0179297405E-01
      4200,      0.676911,CP0_start,   1,    0.0000000000E+00,    2.0655534436E-01,    2.0655534436E-01,    0.0000000000E+00,    0.0000000000E+00,    0.0000000000E+00,    2.0655534436E-01
      4200,      0.676911,CP1_after_deposition,   1,    0.0000000000E+00,    2.0655534436E-01,    2.0655534436E-01,    0.0000000000E+00,    0.0000000000E+00,    0.0000000000E+00,    2.0655534436E-01
      4200,      0.676911,CP2_after_erosion,   1,    0.0000000000E+00,    2.0655534436E-01,    2.0655534436E-01,    0.0000000000E+00,    0.0000000000E+00,    0.0000000000E+00,    2.0655534436E-01
      4200,      0.676911,CP3_after_update_bottom,   1,    0.0000000000E+00,    2.0655534436E-01,    2.0655534436E-01,    0.0000000000E+00,    0.0000000000E+00,    0.0000000000E+00,    2.0655534436E-01
      4200,      0.676911,CP4_after_advection,   1,    0.0000000000E+00,    2.0665312140E-01,    2.0665312140E-01,    0.0000000000E+00,    0.0000000000E+00,    0.0000000000E+00,    2.0665312140E-01
      4200,      0.676911,CP5_after_vdif,   1,    0.0000000000E+00,    2.0665312140E-01,    2.0665312140E-01,    0.0000000000E+00,    0.0000000000E+00,    0.0000000000E+00,    2.0665312140E-01
      4200,      0.676911,CP6_after_kinetics,   1,    0.0000000000E+00,    2.0665312140E-01,    2.0665312140E-01,    0.0000000000E+00,    0.0000000000E+00,    0.0000000000E+00,    2.0665312140E-01
      4200,      0.676911,CP7_after_upper_clamp,   1,    0.0000000000E+00,    2.0665312140E-01,    2.0665312140E-01,    0.0000000000E+00,    0.0000000000E+00,    0.0000000000E+00,    2.0665312140E-01
      4200,      0.676911,CP8_after_OBC,   1,    0.0000000000E+00,    2.0665312140E-01,    2.0665312140E-01,    0.0000000000E+00,    0.0000000000E+00,    0.0000000000E+00,    2.0665312140E-01
      4200,      0.676911,CP9_after_PTsource,   1,    0.0000000000E+00,    2.0665312140E-01,    2.0665312140E-01,    0.0000000000E+00,    0.0000000000E+00,    0.0000000000E+00,    2.0665312140E-01
      4200,      0.676911,CP10_after_neg_clamp,   1,    0.0000000000E+00,    2.0665312140E-01,    2.0665312140E-01,    0.0000000000E+00,    0.0000000000E+00,    0.0000000000E+00,    2.0665312140E-01
      4200,      0.676911,CP11_after_MPI,   1,    0.0000000000E+00,    2.0665312140E-01,    2.0665312140E-01,    0.0000000000E+00,    0.0000000000E+00,    0.0000000000E+00,    2.0665312140E-01
      4200,      0.676911,CP12_end,   1,    0.0000000000E+00,    2.0665312140E-01,    2.0665312140E-01,    0.0000000000E+00,    0.0000000000E+00,    0.0000000000E+00,    2.0665312140E-01
      4250,      0.676911,CP0_start,   1,    0.0000000000E+00,    2.1147252794E-01,    2.1147252794E-01,    0.0000000000E+00,    0.0000000000E+00,    0.0000000000E+00,    2.1147252794E-01
      4250,      0.676911,CP1_after_deposition,   1,    0.0000000000E+00,    2.1147252794E-01,    2.1147252794E-01,    0.0000000000E+00,    0.0000000000E+00,    0.0000000000E+00,    2.1147252794E-01
      4250,      0.676911,CP2_after_erosion,   1,    0.0000000000E+00,    2.1147252794E-01,    2.1147252794E-01,    0.0000000000E+00,    0.0000000000E+00,    0.0000000000E+00,    2.1147252794E-01
      4250,      0.676911,CP3_after_update_bottom,   1,    0.0000000000E+00,    2.1147252794E-01,    2.1147252794E-01,    0.0000000000E+00,    0.0000000000E+00,    0.0000000000E+00,    2.1147252794E-01
      4250,      0.676911,CP4_after_advection,   1,    0.0000000000E+00,    2.1157145239E-01,    2.1157145239E-01,    0.0000000000E+00,    0.0000000000E+00,    0.0000000000E+00,    2.1157145239E-01
      4250,      0.676911,CP5_after_vdif,   1,    0.0000000000E+00,    2.1157145239E-01,    2.1157145239E-01,    0.0000000000E+00,    0.0000000000E+00,    0.0000000000E+00,    2.1157145239E-01
      4250,      0.676911,CP6_after_kinetics,   1,    0.0000000000E+00,    2.1157145239E-01,    2.1157145239E-01,    0.0000000000E+00,    0.0000000000E+00,    0.0000000000E+00,    2.1157145239E-01
      4250,      0.676911,CP7_after_upper_clamp,   1,    0.0000000000E+00,    2.1157145239E-01,    2.1157145239E-01,    0.0000000000E+00,    0.0000000000E+00,    0.0000000000E+00,    2.1157145239E-01
      4250,      0.676911,CP8_after_OBC,   1,    0.0000000000E+00,    2.1157145239E-01,    2.1157145239E-01,    0.0000000000E+00,    0.0000000000E+00,    0.0000000000E+00,    2.1157145239E-01
      4250,      0.676911,CP9_after_PTsource,   1,    0.0000000000E+00,    2.1157145239E-01,    2.1157145239E-01,    0.0000000000E+00,    0.0000000000E+00,    0.0000000000E+00,    2.1157145239E-01
      4250,      0.676911,CP10_after_neg_clamp,   1,    0.0000000000E+00,    2.1157145239E-01,    2.1157145239E-01,    0.0000000000E+00,    0.0000000000E+00,    0.0000000000E+00,    2.1157145239E-01
      4250,      0.676911,CP11_after_MPI,   1,    0.0000000000E+00,    2.1157145239E-01,    2.1157145239E-01,    0.0000000000E+00,    0.0000000000E+00,    0.0000000000E+00,    2.1157145239E-01
      4250,      0.676911,CP12_end,   1,    0.0000000000E+00,    2.1157145239E-01,    2.1157145239E-01,    0.0000000000E+00,    0.0000000000E+00,    0.0000000000E+00,    2.1157145239E-01
      4300,      0.676911,CP0_start,   1,    0.0000000000E+00,    2.1644789408E-01,    2.1644789408E-01,    0.0000000000E+00,    0.0000000000E+00,    0.0000000000E+00,    2.1644789408E-01
      4300,      0.676911,CP1_after_deposition,   1,    0.0000000000E+00,    2.1644789408E-01,    2.1644789408E-01,    0.0000000000E+00,    0.0000000000E+00,    0.0000000000E+00,    2.1644789408E-01
      4300,      0.676911,CP2_after_erosion,   1,    0.0000000000E+00,    2.1644789408E-01,    2.1644789408E-01,    0.0000000000E+00,    0.0000000000E+00,    0.0000000000E+00,    2.1644789408E-01
      4300,      0.676911,CP3_after_update_bottom,   1,    0.0000000000E+00,    2.1644789408E-01,    2.1644789408E-01,    0.0000000000E+00,    0.0000000000E+00,    0.0000000000E+00,    2.1644789408E-01
      4300,      0.676911,CP4_after_advection,   1,    0.0000000000E+00,    2.1654796649E-01,    2.1654796649E-01,    0.0000000000E+00,    0.0000000000E+00,    0.0000000000E+00,    2.1654796649E-01
      4300,      0.676911,CP5_after_vdif,   1,    0.0000000000E+00,    2.1654796649E-01,    2.1654796649E-01,    0.0000000000E+00,    0.0000000000E+00,    0.0000000000E+00,    2.1654796649E-01
      4300,      0.676911,CP6_after_kinetics,   1,    0.0000000000E+00,    2.1654796649E-01,    2.1654796649E-01,    0.0000000000E+00,    0.0000000000E+00,    0.0000000000E+00,    2.1654796649E-01
      4300,      0.676911,CP7_after_upper_clamp,   1,    0.0000000000E+00,    2.1654796649E-01,    2.1654796649E-01,    0.0000000000E+00,    0.0000000000E+00,    0.0000000000E+00,    2.1654796649E-01
      4300,      0.676911,CP8_after_OBC,   1,    0.0000000000E+00,    2.1654796649E-01,    2.1654796649E-01,    0.0000000000E+00,    0.0000000000E+00,    0.0000000000E+00,    2.1654796649E-01
      4300,      0.676911,CP9_after_PTsource,   1,    0.0000000000E+00,    2.1654796649E-01,    2.1654796649E-01,    0.0000000000E+00,    0.0000000000E+00,    0.0000000000E+00,    2.1654796649E-01
      4300,      0.676911,CP10_after_neg_clamp,   1,    0.0000000000E+00,    2.1654796649E-01,    2.1654796649E-01,    0.0000000000E+00,    0.0000000000E+00,    0.0000000000E+00,    2.1654796649E-01
      4300,      0.676911,CP11_after_MPI,   1,    0.0000000000E+00,    2.1654796649E-01,    2.1654796649E-01,    0.0000000000E+00,    0.0000000000E+00,    0.0000000000E+00,    2.1654796649E-01
      4300,      0.676911,CP12_end,   1,    0.0000000000E+00,    2.1654796649E-01,    2.1654796649E-01,    0.0000000000E+00,    0.0000000000E+00,    0.0000000000E+00,    2.1654796649E-01
      4350,      0.676911,CP0_start,   1,    0.0000000000E+00,    2.2148138875E-01,    2.2148138875E-01,    0.0000000000E+00,    0.0000000000E+00,    0.0000000000E+00,    2.2148138875E-01
      4350,      0.676911,CP1_after_deposition,   1,    0.0000000000E+00,    2.2148138875E-01,    2.2148138875E-01,    0.0000000000E+00,    0.0000000000E+00,    0.0000000000E+00,    2.2148138875E-01
      4350,      0.676911,CP2_after_erosion,   1,    0.0000000000E+00,    2.2148138875E-01,    2.2148138875E-01,    0.0000000000E+00,    0.0000000000E+00,    0.0000000000E+00,    2.2148138875E-01
      4350,      0.676911,CP3_after_update_bottom,   1,    0.0000000000E+00,    2.2148138875E-01,    2.2148138875E-01,    0.0000000000E+00,    0.0000000000E+00,    0.0000000000E+00,    2.2148138875E-01
      4350,      0.676911,CP4_after_advection,   1,    0.0000000000E+00,    2.2158266315E-01,    2.2158266315E-01,    0.0000000000E+00,    0.0000000000E+00,    0.0000000000E+00,    2.2158266315E-01
      4350,      0.676911,CP5_after_vdif,   1,    0.0000000000E+00,    2.2158266315E-01,    2.2158266315E-01,    0.0000000000E+00,    0.0000000000E+00,    0.0000000000E+00,    2.2158266315E-01
      4350,      0.676911,CP6_after_kinetics,   1,    0.0000000000E+00,    2.2158266315E-01,    2.2158266315E-01,    0.0000000000E+00,    0.0000000000E+00,    0.0000000000E+00,    2.2158266315E-01
      4350,      0.676911,CP7_after_upper_clamp,   1,    0.0000000000E+00,    2.2158266315E-01,    2.2158266315E-01,    0.0000000000E+00,    0.0000000000E+00,    0.0000000000E+00,    2.2158266315E-01
      4350,      0.676911,CP8_after_OBC,   1,    0.0000000000E+00,    2.2158266315E-01,    2.2158266315E-01,    0.0000000000E+00,    0.0000000000E+00,    0.0000000000E+00,    2.2158266315E-01
      4350,      0.676911,CP9_after_PTsource,   1,    0.0000000000E+00,    2.2158266315E-01,    2.2158266315E-01,    0.0000000000E+00,    0.0000000000E+00,    0.0000000000E+00,    2.2158266315E-01
      4350,      0.676911,CP10_after_neg_clamp,   1,    0.0000000000E+00,    2.2158266315E-01,    2.2158266315E-01,    0.0000000000E+00,    0.0000000000E+00,    0.0000000000E+00,    2.2158266315E-01
      4350,      0.676911,CP11_after_MPI,   1,    0.0000000000E+00,    2.2158266315E-01,    2.2158266315E-01,    0.0000000000E+00,    0.0000000000E+00,    0.0000000000E+00,    2.2158266315E-01
      4350,      0.676911,CP12_end,   1,    0.0000000000E+00,    2.2158266315E-01,    2.2158266315E-01,    0.0000000000E+00,    0.0000000000E+00,    0.0000000000E+00,    2.2158266315E-01
      4400,      0.676911,CP0_start,   1,    0.0000000000E+00,    2.2657314540E-01,    2.2657314540E-01,    0.0000000000E+00,    0.0000000000E+00,    0.0000000000E+00,    2.2657314540E-01
      4400,      0.676911,CP1_after_deposition,   1,    0.0000000000E+00,    2.2657314540E-01,    2.2657314540E-01,    0.0000000000E+00,    0.0000000000E+00,    0.0000000000E+00,    2.2657314540E-01
      4400,      0.676911,CP2_after_erosion,   1,    0.0000000000E+00,    2.2657314540E-01,    2.2657314540E-01,    0.0000000000E+00,    0.0000000000E+00,    0.0000000000E+00,    2.2657314540E-01
      4400,      0.676911,CP3_after_update_bottom,   1,    0.0000000000E+00,    2.2657314540E-01,    2.2657314540E-01,    0.0000000000E+00,    0.0000000000E+00,    0.0000000000E+00,    2.2657314540E-01
      4400,      0.676911,CP4_after_advection,   1,    0.0000000000E+00,    2.2667554184E-01,    2.2667554184E-01,    0.0000000000E+00,    0.0000000000E+00,    0.0000000000E+00,    2.2667554184E-01
      4400,      0.676911,CP5_after_vdif,   1,    0.0000000000E+00,    2.2667554184E-01,    2.2667554184E-01,    0.0000000000E+00,    0.0000000000E+00,    0.0000000000E+00,    2.2667554184E-01
      4400,      0.676911,CP6_after_kinetics,   1,    0.0000000000E+00,    2.2667554184E-01,    2.2667554184E-01,    0.0000000000E+00,    0.0000000000E+00,    0.0000000000E+00,    2.2667554184E-01
      4400,      0.676911,CP7_after_upper_clamp,   1,    0.0000000000E+00,    2.2667554184E-01,    2.2667554184E-01,    0.0000000000E+00,    0.0000000000E+00,    0.0000000000E+00,    2.2667554184E-01
      4400,      0.676911,CP8_after_OBC,   1,    0.0000000000E+00,    2.2667554184E-01,    2.2667554184E-01,    0.0000000000E+00,    0.0000000000E+00,    0.0000000000E+00,    2.2667554184E-01
      4400,      0.676911,CP9_after_PTsource,   1,    0.0000000000E+00,    2.2667554184E-01,    2.2667554184E-01,    0.0000000000E+00,    0.0000000000E+00,    0.0000000000E+00,    2.2667554184E-01
      4400,      0.676911,CP10_after_neg_clamp,   1,    0.0000000000E+00,    2.2667554184E-01,    2.2667554184E-01,    0.0000000000E+00,    0.0000000000E+00,    0.0000000000E+00,    2.2667554184E-01
      4400,      0.676911,CP11_after_MPI,   1,    0.0000000000E+00,    2.2667554184E-01,    2.2667554184E-01,    0.0000000000E+00,    0.0000000000E+00,    0.0000000000E+00,    2.2667554184E-01
      4400,      0.676911,CP12_end,   1,    0.0000000000E+00,    2.2667554184E-01,    2.2667554184E-01,    0.0000000000E+00,    0.0000000000E+00,    0.0000000000E+00,    2.2667554184E-01
      4450,      0.676911,CP0_start,   1,    0.0000000000E+00,    2.3172300447E-01,    2.3172300447E-01,    0.0000000000E+00,    0.0000000000E+00,    0.0000000000E+00,    2.3172300447E-01
      4450,      0.676911,CP1_after_deposition,   1,    0.0000000000E+00,    2.3172300447E-01,    2.3172300447E-01,    0.0000000000E+00,    0.0000000000E+00,    0.0000000000E+00,    2.3172300447E-01
      4450,      0.676911,CP2_after_erosion,   1,    0.0000000000E+00,    2.3172300447E-01,    2.3172300447E-01,    0.0000000000E+00,    0.0000000000E+00,    0.0000000000E+00,    2.3172300447E-01
      4450,      0.676911,CP3_after_update_bottom,   1,    0.0000000000E+00,    2.3172300447E-01,    2.3172300447E-01,    0.0000000000E+00,    0.0000000000E+00,    0.0000000000E+00,    2.3172300447E-01
      4450,      0.676911,CP4_after_advection,   1,    0.0000000000E+00,    2.3182660202E-01,    2.3182660202E-01,    0.0000000000E+00,    0.0000000000E+00,    0.0000000000E+00,    2.3182660202E-01
      4450,      0.676911,CP5_after_vdif,   1,    0.0000000000E+00,    2.3182660202E-01,    2.3182660202E-01,    0.0000000000E+00,    0.0000000000E+00,    0.0000000000E+00,    2.3182660202E-01
      4450,      0.676911,CP6_after_kinetics,   1,    0.0000000000E+00,    2.3182660202E-01,    2.3182660202E-01,    0.0000000000E+00,    0.0000000000E+00,    0.0000000000E+00,    2.3182660202E-01
      4450,      0.676911,CP7_after_upper_clamp,   1,    0.0000000000E+00,    2.3182660202E-01,    2.3182660202E-01,    0.0000000000E+00,    0.0000000000E+00,    0.0000000000E+00,    2.3182660202E-01
      4450,      0.676911,CP8_after_OBC,   1,    0.0000000000E+00,    2.3182660202E-01,    2.3182660202E-01,    0.0000000000E+00,    0.0000000000E+00,    0.0000000000E+00,    2.3182660202E-01
      4450,      0.676911,CP9_after_PTsource,   1,    0.0000000000E+00,    2.3182660202E-01,    2.3182660202E-01,    0.0000000000E+00,    0.0000000000E+00,    0.0000000000E+00,    2.3182660202E-01
      4450,      0.676911,CP10_after_neg_clamp,   1,    0.0000000000E+00,    2.3182660202E-01,    2.3182660202E-01,    0.0000000000E+00,    0.0000000000E+00,    0.0000000000E+00,    2.3182660202E-01
      4450,      0.676911,CP11_after_MPI,   1,    0.0000000000E+00,    2.3182660202E-01,    2.3182660202E-01,    0.0000000000E+00,    0.0000000000E+00,    0.0000000000E+00,    2.3182660202E-01
      4450,      0.676911,CP12_end,   1,    0.0000000000E+00,    2.3182660202E-01,    2.3182660202E-01,    0.0000000000E+00,    0.0000000000E+00,    0.0000000000E+00,    2.3182660202E-01
      4500,      0.676911,CP0_start,   1,    0.0000000000E+00,    2.3693106731E-01,    2.3693106731E-01,    0.0000000000E+00,    0.0000000000E+00,    0.0000000000E+00,    2.3693106731E-01
      4500,      0.676911,CP1_after_deposition,   1,    0.0000000000E+00,    2.3693106731E-01,    2.3693106731E-01,    0.0000000000E+00,    0.0000000000E+00,    0.0000000000E+00,    2.3693106731E-01
      4500,      0.676911,CP2_after_erosion,   1,    0.0000000000E+00,    2.3693106731E-01,    2.3693106731E-01,    0.0000000000E+00,    0.0000000000E+00,    0.0000000000E+00,    2.3693106731E-01
      4500,      0.676911,CP3_after_update_bottom,   1,    0.0000000000E+00,    2.3693106731E-01,    2.3693106731E-01,    0.0000000000E+00,    0.0000000000E+00,    0.0000000000E+00,    2.3693106731E-01
      4500,      0.676911,CP4_after_advection,   1,    0.0000000000E+00,    2.3703584313E-01,    2.3703584313E-01,    0.0000000000E+00,    0.0000000000E+00,    0.0000000000E+00,    2.3703584313E-01
      4500,      0.676911,CP5_after_vdif,   1,    0.0000000000E+00,    2.3703584313E-01,    2.3703584313E-01,    0.0000000000E+00,    0.0000000000E+00,    0.0000000000E+00,    2.3703584313E-01
      4500,      0.676911,CP6_after_kinetics,   1,    0.0000000000E+00,    2.3703584313E-01,    2.3703584313E-01,    0.0000000000E+00,    0.0000000000E+00,    0.0000000000E+00,    2.3703584313E-01
      4500,      0.676911,CP7_after_upper_clamp,   1,    0.0000000000E+00,    2.3703584313E-01,    2.3703584313E-01,    0.0000000000E+00,    0.0000000000E+00,    0.0000000000E+00,    2.3703584313E-01
      4500,      0.676911,CP8_after_OBC,   1,    0.0000000000E+00,    2.3703584313E-01,    2.3703584313E-01,    0.0000000000E+00,    0.0000000000E+00,    0.0000000000E+00,    2.3703584313E-01
      4500,      0.676911,CP9_after_PTsource,   1,    0.0000000000E+00,    2.3703584313E-01,    2.3703584313E-01,    0.0000000000E+00,    0.0000000000E+00,    0.0000000000E+00,    2.3703584313E-01
      4500,      0.676911,CP10_after_neg_clamp,   1,    0.0000000000E+00,    2.3703584313E-01,    2.3703584313E-01,    0.0000000000E+00,    0.0000000000E+00,    0.0000000000E+00,    2.3703584313E-01
      4500,      0.676911,CP11_after_MPI,   1,    0.0000000000E+00,    2.3703584313E-01,    2.3703584313E-01,    0.0000000000E+00,    0.0000000000E+00,    0.0000000000E+00,    2.3703584313E-01
      4500,      0.676911,CP12_end,   1,    0.0000000000E+00,    2.3703584313E-01,    2.3703584313E-01,    0.0000000000E+00,    0.0000000000E+00,    0.0000000000E+00,    2.3703584313E-01
      4550,      0.676911,CP0_start,   1,    0.0000000000E+00,    2.4214639032E-01,    2.4214639032E-01,    0.0000000000E+00,    0.0000000000E+00,    0.0000000000E+00,    2.4214639032E-01
      4550,      0.676911,CP1_after_deposition,   1,    0.0000000000E+00,    2.4214639032E-01,    2.4214639032E-01,    0.0000000000E+00,    0.0000000000E+00,    0.0000000000E+00,    2.4214639032E-01
      4550,      0.676911,CP2_after_erosion,   1,    0.0000000000E+00,    2.4214639032E-01,    2.4214639032E-01,    0.0000000000E+00,    0.0000000000E+00,    0.0000000000E+00,    2.4214639032E-01
      4550,      0.676911,CP3_after_update_bottom,   1,    0.0000000000E+00,    2.4214639032E-01,    2.4214639032E-01,    0.0000000000E+00,    0.0000000000E+00,    0.0000000000E+00,    2.4214639032E-01
      4550,      0.676911,CP4_after_advection,   1,    0.0000000000E+00,    2.4225121483E-01,    2.4225121483E-01,    0.0000000000E+00,    0.0000000000E+00,    0.0000000000E+00,    2.4225121483E-01
      4550,      0.676911,CP5_after_vdif,   1,    0.0000000000E+00,    2.4225121483E-01,    2.4225121483E-01,    0.0000000000E+00,    0.0000000000E+00,    0.0000000000E+00,    2.4225121483E-01
      4550,      0.676911,CP6_after_kinetics,   1,    0.0000000000E+00,    2.4225121483E-01,    2.4225121483E-01,    0.0000000000E+00,    0.0000000000E+00,    0.0000000000E+00,    2.4225121483E-01
      4550,      0.676911,CP7_after_upper_clamp,   1,    0.0000000000E+00,    2.4225121483E-01,    2.4225121483E-01,    0.0000000000E+00,    0.0000000000E+00,    0.0000000000E+00,    2.4225121483E-01
      4550,      0.676911,CP8_after_OBC,   1,    0.0000000000E+00,    2.4225121483E-01,    2.4225121483E-01,    0.0000000000E+00,    0.0000000000E+00,    0.0000000000E+00,    2.4225121483E-01
      4550,      0.676911,CP9_after_PTsource,   1,    0.0000000000E+00,    2.4225121483E-01,    2.4225121483E-01,    0.0000000000E+00,    0.0000000000E+00,    0.0000000000E+00,    2.4225121483E-01
      4550,      0.676911,CP10_after_neg_clamp,   1,    0.0000000000E+00,    2.4225121483E-01,    2.4225121483E-01,    0.0000000000E+00,    0.0000000000E+00,    0.0000000000E+00,    2.4225121483E-01
      4550,      0.676911,CP11_after_MPI,   1,    0.0000000000E+00,    2.4225121483E-01,    2.4225121483E-01,    0.0000000000E+00,    0.0000000000E+00,    0.0000000000E+00,    2.4225121483E-01
      4550,      0.676911,CP12_end,   1,    0.0000000000E+00,    2.4225121483E-01,    2.4225121483E-01,    0.0000000000E+00,    0.0000000000E+00,    0.0000000000E+00,    2.4225121483E-01
      4600,      0.676911,CP0_start,   1,    0.0000000000E+00,    2.4741814227E-01,    2.4741814227E-01,    0.0000000000E+00,    0.0000000000E+00,    0.0000000000E+00,    2.4741814227E-01
      4600,      0.676911,CP1_after_deposition,   1,    0.0000000000E+00,    2.4741814227E-01,    2.4741814227E-01,    0.0000000000E+00,    0.0000000000E+00,    0.0000000000E+00,    2.4741814227E-01
      4600,      0.676911,CP2_after_erosion,   1,    0.0000000000E+00,    2.4741814227E-01,    2.4741814227E-01,    0.0000000000E+00,    0.0000000000E+00,    0.0000000000E+00,    2.4741814227E-01
      4600,      0.676911,CP3_after_update_bottom,   1,    0.0000000000E+00,    2.4741814227E-01,    2.4741814227E-01,    0.0000000000E+00,    0.0000000000E+00,    0.0000000000E+00,    2.4741814227E-01
      4600,      0.676911,CP4_after_advection,   1,    0.0000000000E+00,    2.4752419143E-01,    2.4752419143E-01,    0.0000000000E+00,    0.0000000000E+00,    0.0000000000E+00,    2.4752419143E-01
      4600,      0.676911,CP5_after_vdif,   1,    0.0000000000E+00,    2.4752419143E-01,    2.4752419143E-01,    0.0000000000E+00,    0.0000000000E+00,    0.0000000000E+00,    2.4752419143E-01
      4600,      0.676911,CP6_after_kinetics,   1,    0.0000000000E+00,    2.4752419143E-01,    2.4752419143E-01,    0.0000000000E+00,    0.0000000000E+00,    0.0000000000E+00,    2.4752419143E-01
      4600,      0.676911,CP7_after_upper_clamp,   1,    0.0000000000E+00,    2.4752419143E-01,    2.4752419143E-01,    0.0000000000E+00,    0.0000000000E+00,    0.0000000000E+00,    2.4752419143E-01
      4600,      0.676911,CP8_after_OBC,   1,    0.0000000000E+00,    2.4752419143E-01,    2.4752419143E-01,    0.0000000000E+00,    0.0000000000E+00,    0.0000000000E+00,    2.4752419143E-01
      4600,      0.676911,CP9_after_PTsource,   1,    0.0000000000E+00,    2.4752419143E-01,    2.4752419143E-01,    0.0000000000E+00,    0.0000000000E+00,    0.0000000000E+00,    2.4752419143E-01
      4600,      0.676911,CP10_after_neg_clamp,   1,    0.0000000000E+00,    2.4752419143E-01,    2.4752419143E-01,    0.0000000000E+00,    0.0000000000E+00,    0.0000000000E+00,    2.4752419143E-01
      4600,      0.676911,CP11_after_MPI,   1,    0.0000000000E+00,    2.4752419143E-01,    2.4752419143E-01,    0.0000000000E+00,    0.0000000000E+00,    0.0000000000E+00,    2.4752419143E-01
      4600,      0.676911,CP12_end,   1,    0.0000000000E+00,    2.4752419143E-01,    2.4752419143E-01,    0.0000000000E+00,    0.0000000000E+00,    0.0000000000E+00,    2.4752419143E-01
      4650,      0.676911,CP0_start,   1,    0.0000000000E+00,    2.5274763511E-01,    2.5274763511E-01,    0.0000000000E+00,    0.0000000000E+00,    0.0000000000E+00,    2.5274763511E-01
      4650,      0.676911,CP1_after_deposition,   1,    0.0000000000E+00,    2.5274763511E-01,    2.5274763511E-01,    0.0000000000E+00,    0.0000000000E+00,    0.0000000000E+00,    2.5274763511E-01
      4650,      0.676911,CP2_after_erosion,   1,    0.0000000000E+00,    2.5274763511E-01,    2.5274763511E-01,    0.0000000000E+00,    0.0000000000E+00,    0.0000000000E+00,    2.5274763511E-01
      4650,      0.676911,CP3_after_update_bottom,   1,    0.0000000000E+00,    2.5274763511E-01,    2.5274763511E-01,    0.0000000000E+00,    0.0000000000E+00,    0.0000000000E+00,    2.5274763511E-01
      4650,      0.676911,CP4_after_advection,   1,    0.0000000000E+00,    2.5285477238E-01,    2.5285477238E-01,    0.0000000000E+00,    0.0000000000E+00,    0.0000000000E+00,    2.5285477238E-01
      4650,      0.676911,CP5_after_vdif,   1,    0.0000000000E+00,    2.5285477238E-01,    2.5285477238E-01,    0.0000000000E+00,    0.0000000000E+00,    0.0000000000E+00,    2.5285477238E-01
      4650,      0.676911,CP6_after_kinetics,   1,    0.0000000000E+00,    2.5285477238E-01,    2.5285477238E-01,    0.0000000000E+00,    0.0000000000E+00,    0.0000000000E+00,    2.5285477238E-01
      4650,      0.676911,CP7_after_upper_clamp,   1,    0.0000000000E+00,    2.5285477238E-01,    2.5285477238E-01,    0.0000000000E+00,    0.0000000000E+00,    0.0000000000E+00,    2.5285477238E-01
      4650,      0.676911,CP8_after_OBC,   1,    0.0000000000E+00,    2.5285477238E-01,    2.5285477238E-01,    0.0000000000E+00,    0.0000000000E+00,    0.0000000000E+00,    2.5285477238E-01
      4650,      0.676911,CP9_after_PTsource,   1,    0.0000000000E+00,    2.5285477238E-01,    2.5285477238E-01,    0.0000000000E+00,    0.0000000000E+00,    0.0000000000E+00,    2.5285477238E-01
      4650,      0.676911,CP10_after_neg_clamp,   1,    0.0000000000E+00,    2.5285477238E-01,    2.5285477238E-01,    0.0000000000E+00,    0.0000000000E+00,    0.0000000000E+00,    2.5285477238E-01
      4650,      0.676911,CP11_after_MPI,   1,    0.0000000000E+00,    2.5285477238E-01,    2.5285477238E-01,    0.0000000000E+00,    0.0000000000E+00,    0.0000000000E+00,    2.5285477238E-01
      4650,      0.676911,CP12_end,   1,    0.0000000000E+00,    2.5285477238E-01,    2.5285477238E-01,    0.0000000000E+00,    0.0000000000E+00,    0.0000000000E+00,    2.5285477238E-01
      4700,      0.676911,CP0_start,   1,    0.0000000000E+00,    2.5813466411E-01,    2.5813466411E-01,    0.0000000000E+00,    0.0000000000E+00,    0.0000000000E+00,    2.5813466411E-01
      4700,      0.676911,CP1_after_deposition,   1,    0.0000000000E+00,    2.5813466411E-01,    2.5813466411E-01,    0.0000000000E+00,    0.0000000000E+00,    0.0000000000E+00,    2.5813466411E-01
      4700,      0.676911,CP2_after_erosion,   1,    0.0000000000E+00,    2.5813466411E-01,    2.5813466411E-01,    0.0000000000E+00,    0.0000000000E+00,    0.0000000000E+00,    2.5813466411E-01
      4700,      0.676911,CP3_after_update_bottom,   1,    0.0000000000E+00,    2.5813466411E-01,    2.5813466411E-01,    0.0000000000E+00,    0.0000000000E+00,    0.0000000000E+00,    2.5813466411E-01
      4700,      0.676911,CP4_after_advection,   1,    0.0000000000E+00,    2.5824295710E-01,    2.5824295710E-01,    0.0000000000E+00,    0.0000000000E+00,    0.0000000000E+00,    2.5824295710E-01
      4700,      0.676911,CP5_after_vdif,   1,    0.0000000000E+00,    2.5824295710E-01,    2.5824295710E-01,    0.0000000000E+00,    0.0000000000E+00,    0.0000000000E+00,    2.5824295710E-01
      4700,      0.676911,CP6_after_kinetics,   1,    0.0000000000E+00,    2.5824295710E-01,    2.5824295710E-01,    0.0000000000E+00,    0.0000000000E+00,    0.0000000000E+00,    2.5824295710E-01
      4700,      0.676911,CP7_after_upper_clamp,   1,    0.0000000000E+00,    2.5824295710E-01,    2.5824295710E-01,    0.0000000000E+00,    0.0000000000E+00,    0.0000000000E+00,    2.5824295710E-01
      4700,      0.676911,CP8_after_OBC,   1,    0.0000000000E+00,    2.5824295710E-01,    2.5824295710E-01,    0.0000000000E+00,    0.0000000000E+00,    0.0000000000E+00,    2.5824295710E-01
      4700,      0.676911,CP9_after_PTsource,   1,    0.0000000000E+00,    2.5824295710E-01,    2.5824295710E-01,    0.0000000000E+00,    0.0000000000E+00,    0.0000000000E+00,    2.5824295710E-01
      4700,      0.676911,CP10_after_neg_clamp,   1,    0.0000000000E+00,    2.5824295710E-01,    2.5824295710E-01,    0.0000000000E+00,    0.0000000000E+00,    0.0000000000E+00,    2.5824295710E-01
      4700,      0.676911,CP11_after_MPI,   1,    0.0000000000E+00,    2.5824295710E-01,    2.5824295710E-01,    0.0000000000E+00,    0.0000000000E+00,    0.0000000000E+00,    2.5824295710E-01
      4700,      0.676911,CP12_end,   1,    0.0000000000E+00,    2.5824295710E-01,    2.5824295710E-01,    0.0000000000E+00,    0.0000000000E+00,    0.0000000000E+00,    2.5824295710E-01
      4750,      0.676911,CP0_start,   1,    0.0000000000E+00,    2.6357921227E-01,    2.6357921227E-01,    0.0000000000E+00,    0.0000000000E+00,    0.0000000000E+00,    2.6357921227E-01
      4750,      0.676911,CP1_after_deposition,   1,    0.0000000000E+00,    2.6357921227E-01,    2.6357921227E-01,    0.0000000000E+00,    0.0000000000E+00,    0.0000000000E+00,    2.6357921227E-01
      4750,      0.676911,CP2_after_erosion,   1,    0.0000000000E+00,    2.6357921227E-01,    2.6357921227E-01,    0.0000000000E+00,    0.0000000000E+00,    0.0000000000E+00,    2.6357921227E-01
      4750,      0.676911,CP3_after_update_bottom,   1,    0.0000000000E+00,    2.6357921227E-01,    2.6357921227E-01,    0.0000000000E+00,    0.0000000000E+00,    0.0000000000E+00,    2.6357921227E-01
      4750,      0.676911,CP4_after_advection,   1,    0.0000000000E+00,    2.6368874503E-01,    2.6368874503E-01,    0.0000000000E+00,    0.0000000000E+00,    0.0000000000E+00,    2.6368874503E-01
      4750,      0.676911,CP5_after_vdif,   1,    0.0000000000E+00,    2.6368874503E-01,    2.6368874503E-01,    0.0000000000E+00,    0.0000000000E+00,    0.0000000000E+00,    2.6368874503E-01
      4750,      0.676911,CP6_after_kinetics,   1,    0.0000000000E+00,    2.6368874503E-01,    2.6368874503E-01,    0.0000000000E+00,    0.0000000000E+00,    0.0000000000E+00,    2.6368874503E-01
      4750,      0.676911,CP7_after_upper_clamp,   1,    0.0000000000E+00,    2.6368874503E-01,    2.6368874503E-01,    0.0000000000E+00,    0.0000000000E+00,    0.0000000000E+00,    2.6368874503E-01
      4750,      0.676911,CP8_after_OBC,   1,    0.0000000000E+00,    2.6368874503E-01,    2.6368874503E-01,    0.0000000000E+00,    0.0000000000E+00,    0.0000000000E+00,    2.6368874503E-01
      4750,      0.676911,CP9_after_PTsource,   1,    0.0000000000E+00,    2.6368874503E-01,    2.6368874503E-01,    0.0000000000E+00,    0.0000000000E+00,    0.0000000000E+00,    2.6368874503E-01
      4750,      0.676911,CP10_after_neg_clamp,   1,    0.0000000000E+00,    2.6368874503E-01,    2.6368874503E-01,    0.0000000000E+00,    0.0000000000E+00,    0.0000000000E+00,    2.6368874503E-01
      4750,      0.676911,CP11_after_MPI,   1,    0.0000000000E+00,    2.6368874503E-01,    2.6368874503E-01,    0.0000000000E+00,    0.0000000000E+00,    0.0000000000E+00,    2.6368874503E-01
      4750,      0.676911,CP12_end,   1,    0.0000000000E+00,    2.6368874503E-01,    2.6368874503E-01,    0.0000000000E+00,    0.0000000000E+00,    0.0000000000E+00,    2.6368874503E-01
      4800,      0.676911,CP0_start,   1,    0.0000000000E+00,    2.6908155982E-01,    2.6908155982E-01,    0.0000000000E+00,    0.0000000000E+00,    0.0000000000E+00,    2.6908155982E-01
      4800,      0.676911,CP1_after_deposition,   1,    0.0000000000E+00,    2.6908155982E-01,    2.6908155982E-01,    0.0000000000E+00,    0.0000000000E+00,    0.0000000000E+00,    2.6908155982E-01
      4800,      0.676911,CP2_after_erosion,   1,    0.0000000000E+00,    2.6908155982E-01,    2.6908155982E-01,    0.0000000000E+00,    0.0000000000E+00,    0.0000000000E+00,    2.6908155982E-01
      4800,      0.676911,CP3_after_update_bottom,   1,    0.0000000000E+00,    2.6908155982E-01,    2.6908155982E-01,    0.0000000000E+00,    0.0000000000E+00,    0.0000000000E+00,    2.6908155982E-01
      4800,      0.676911,CP4_after_advection,   1,    0.0000000000E+00,    2.6919213556E-01,    2.6919213556E-01,    0.0000000000E+00,    0.0000000000E+00,    0.0000000000E+00,    2.6919213556E-01
      4800,      0.676911,CP5_after_vdif,   1,    0.0000000000E+00,    2.6919213556E-01,    2.6919213556E-01,    0.0000000000E+00,    0.0000000000E+00,    0.0000000000E+00,    2.6919213556E-01
      4800,      0.676911,CP6_after_kinetics,   1,    0.0000000000E+00,    2.6919213556E-01,    2.6919213556E-01,    0.0000000000E+00,    0.0000000000E+00,    0.0000000000E+00,    2.6919213556E-01
      4800,      0.676911,CP7_after_upper_clamp,   1,    0.0000000000E+00,    2.6919213556E-01,    2.6919213556E-01,    0.0000000000E+00,    0.0000000000E+00,    0.0000000000E+00,    2.6919213556E-01
      4800,      0.676911,CP8_after_OBC,   1,    0.0000000000E+00,    2.6919213556E-01,    2.6919213556E-01,    0.0000000000E+00,    0.0000000000E+00,    0.0000000000E+00,    2.6919213556E-01
      4800,      0.676911,CP9_after_PTsource,   1,    0.0000000000E+00,    2.6919213556E-01,    2.6919213556E-01,    0.0000000000E+00,    0.0000000000E+00,    0.0000000000E+00,    2.6919213556E-01
      4800,      0.676911,CP10_after_neg_clamp,   1,    0.0000000000E+00,    2.6919213556E-01,    2.6919213556E-01,    0.0000000000E+00,    0.0000000000E+00,    0.0000000000E+00,    2.6919213556E-01
      4800,      0.676911,CP11_after_MPI,   1,    0.0000000000E+00,    2.6919213556E-01,    2.6919213556E-01,    0.0000000000E+00,    0.0000000000E+00,    0.0000000000E+00,    2.6919213556E-01
      4800,      0.676911,CP12_end,   1,    0.0000000000E+00,    2.6919213556E-01,    2.6919213556E-01,    0.0000000000E+00,    0.0000000000E+00,    0.0000000000E+00,    2.6919213556E-01
      4850,      0.676911,CP0_start,   1,    0.0000000000E+00,    2.7464133916E-01,    2.7464133916E-01,    0.0000000000E+00,    0.0000000000E+00,    0.0000000000E+00,    2.7464133916E-01
      4850,      0.676911,CP1_after_deposition,   1,    0.0000000000E+00,    2.7464133916E-01,    2.7464133916E-01,    0.0000000000E+00,    0.0000000000E+00,    0.0000000000E+00,    2.7464133916E-01
      4850,      0.676911,CP2_after_erosion,   1,    0.0000000000E+00,    2.7464133916E-01,    2.7464133916E-01,    0.0000000000E+00,    0.0000000000E+00,    0.0000000000E+00,    2.7464133916E-01
      4850,      0.676911,CP3_after_update_bottom,   1,    0.0000000000E+00,    2.7464133916E-01,    2.7464133916E-01,    0.0000000000E+00,    0.0000000000E+00,    0.0000000000E+00,    2.7464133916E-01
      4850,      0.676911,CP4_after_advection,   1,    0.0000000000E+00,    2.7475312812E-01,    2.7475312812E-01,    0.0000000000E+00,    0.0000000000E+00,    0.0000000000E+00,    2.7475312812E-01
      4850,      0.676911,CP5_after_vdif,   1,    0.0000000000E+00,    2.7475312812E-01,    2.7475312812E-01,    0.0000000000E+00,    0.0000000000E+00,    0.0000000000E+00,    2.7475312812E-01
      4850,      0.676911,CP6_after_kinetics,   1,    0.0000000000E+00,    2.7475312812E-01,    2.7475312812E-01,    0.0000000000E+00,    0.0000000000E+00,    0.0000000000E+00,    2.7475312812E-01
      4850,      0.676911,CP7_after_upper_clamp,   1,    0.0000000000E+00,    2.7475312812E-01,    2.7475312812E-01,    0.0000000000E+00,    0.0000000000E+00,    0.0000000000E+00,    2.7475312812E-01
      4850,      0.676911,CP8_after_OBC,   1,    0.0000000000E+00,    2.7475312812E-01,    2.7475312812E-01,    0.0000000000E+00,    0.0000000000E+00,    0.0000000000E+00,    2.7475312812E-01
      4850,      0.676911,CP9_after_PTsource,   1,    0.0000000000E+00,    2.7475312812E-01,    2.7475312812E-01,    0.0000000000E+00,    0.0000000000E+00,    0.0000000000E+00,    2.7475312812E-01
      4850,      0.676911,CP10_after_neg_clamp,   1,    0.0000000000E+00,    2.7475312812E-01,    2.7475312812E-01,    0.0000000000E+00,    0.0000000000E+00,    0.0000000000E+00,    2.7475312812E-01
      4850,      0.676911,CP11_after_MPI,   1,    0.0000000000E+00,    2.7475312812E-01,    2.7475312812E-01,    0.0000000000E+00,    0.0000000000E+00,    0.0000000000E+00,    2.7475312812E-01
      4850,      0.676911,CP12_end,   1,    0.0000000000E+00,    2.7475312812E-01,    2.7475312812E-01,    0.0000000000E+00,    0.0000000000E+00,    0.0000000000E+00,    2.7475312812E-01
      4900,      0.676911,CP0_start,   1,    0.0000000000E+00,    2.8025880287E-01,    2.8025880287E-01,    0.0000000000E+00,    0.0000000000E+00,    0.0000000000E+00,    2.8025880287E-01
      4900,      0.676911,CP1_after_deposition,   1,    0.0000000000E+00,    2.8025880287E-01,    2.8025880287E-01,    0.0000000000E+00,    0.0000000000E+00,    0.0000000000E+00,    2.8025880287E-01
      4900,      0.676911,CP2_after_erosion,   1,    0.0000000000E+00,    2.8025880287E-01,    2.8025880287E-01,    0.0000000000E+00,    0.0000000000E+00,    0.0000000000E+00,    2.8025880287E-01
      4900,      0.676911,CP3_after_update_bottom,   1,    0.0000000000E+00,    2.8025880287E-01,    2.8025880287E-01,    0.0000000000E+00,    0.0000000000E+00,    0.0000000000E+00,    2.8025880287E-01
      4900,      0.676911,CP4_after_advection,   1,    0.0000000000E+00,    2.8037172211E-01,    2.8037172211E-01,    0.0000000000E+00,    0.0000000000E+00,    0.0000000000E+00,    2.8037172211E-01
      4900,      0.676911,CP5_after_vdif,   1,    0.0000000000E+00,    2.8037172211E-01,    2.8037172211E-01,    0.0000000000E+00,    0.0000000000E+00,    0.0000000000E+00,    2.8037172211E-01
      4900,      0.676911,CP6_after_kinetics,   1,    0.0000000000E+00,    2.8037172211E-01,    2.8037172211E-01,    0.0000000000E+00,    0.0000000000E+00,    0.0000000000E+00,    2.8037172211E-01
      4900,      0.676911,CP7_after_upper_clamp,   1,    0.0000000000E+00,    2.8037172211E-01,    2.8037172211E-01,    0.0000000000E+00,    0.0000000000E+00,    0.0000000000E+00,    2.8037172211E-01
      4900,      0.676911,CP8_after_OBC,   1,    0.0000000000E+00,    2.8037172211E-01,    2.8037172211E-01,    0.0000000000E+00,    0.0000000000E+00,    0.0000000000E+00,    2.8037172211E-01
      4900,      0.676911,CP9_after_PTsource,   1,    0.0000000000E+00,    2.8037172211E-01,    2.8037172211E-01,    0.0000000000E+00,    0.0000000000E+00,    0.0000000000E+00,    2.8037172211E-01
      4900,      0.676911,CP10_after_neg_clamp,   1,    0.0000000000E+00,    2.8037172211E-01,    2.8037172211E-01,    0.0000000000E+00,    0.0000000000E+00,    0.0000000000E+00,    2.8037172211E-01
      4900,      0.676911,CP11_after_MPI,   1,    0.0000000000E+00,    2.8037172211E-01,    2.8037172211E-01,    0.0000000000E+00,    0.0000000000E+00,    0.0000000000E+00,    2.8037172211E-01
      4900,      0.676911,CP12_end,   1,    0.0000000000E+00,    2.8037172211E-01,    2.8037172211E-01,    0.0000000000E+00,    0.0000000000E+00,    0.0000000000E+00,    2.8037172211E-01
      4950,      0.676911,CP0_start,   1,    0.0000000000E+00,    2.8593393145E-01,    2.8593393145E-01,    0.0000000000E+00,    0.0000000000E+00,    0.0000000000E+00,    2.8593393145E-01
      4950,      0.676911,CP1_after_deposition,   1,    0.0000000000E+00,    2.8593393145E-01,    2.8593393145E-01,    0.0000000000E+00,    0.0000000000E+00,    0.0000000000E+00,    2.8593393145E-01
      4950,      0.676911,CP2_after_erosion,   1,    0.0000000000E+00,    2.8593393145E-01,    2.8593393145E-01,    0.0000000000E+00,    0.0000000000E+00,    0.0000000000E+00,    2.8593393145E-01
      4950,      0.676911,CP3_after_update_bottom,   1,    0.0000000000E+00,    2.8593393145E-01,    2.8593393145E-01,    0.0000000000E+00,    0.0000000000E+00,    0.0000000000E+00,    2.8593393145E-01
      4950,      0.676911,CP4_after_advection,   1,    0.0000000000E+00,    2.8604791692E-01,    2.8604791692E-01,    0.0000000000E+00,    0.0000000000E+00,    0.0000000000E+00,    2.8604791692E-01
      4950,      0.676911,CP5_after_vdif,   1,    0.0000000000E+00,    2.8604791692E-01,    2.8604791692E-01,    0.0000000000E+00,    0.0000000000E+00,    0.0000000000E+00,    2.8604791692E-01
      4950,      0.676911,CP6_after_kinetics,   1,    0.0000000000E+00,    2.8604791692E-01,    2.8604791692E-01,    0.0000000000E+00,    0.0000000000E+00,    0.0000000000E+00,    2.8604791692E-01
      4950,      0.676911,CP7_after_upper_clamp,   1,    0.0000000000E+00,    2.8604791692E-01,    2.8604791692E-01,    0.0000000000E+00,    0.0000000000E+00,    0.0000000000E+00,    2.8604791692E-01
      4950,      0.676911,CP8_after_OBC,   1,    0.0000000000E+00,    2.8604791692E-01,    2.8604791692E-01,    0.0000000000E+00,    0.0000000000E+00,    0.0000000000E+00,    2.8604791692E-01
      4950,      0.676911,CP9_after_PTsource,   1,    0.0000000000E+00,    2.8604791692E-01,    2.8604791692E-01,    0.0000000000E+00,    0.0000000000E+00,    0.0000000000E+00,    2.8604791692E-01
      4950,      0.676911,CP10_after_neg_clamp,   1,    0.0000000000E+00,    2.8604791692E-01,    2.8604791692E-01,    0.0000000000E+00,    0.0000000000E+00,    0.0000000000E+00,    2.8604791692E-01
      4950,      0.676911,CP11_after_MPI,   1,    0.0000000000E+00,    2.8604791692E-01,    2.8604791692E-01,    0.0000000000E+00,    0.0000000000E+00,    0.0000000000E+00,    2.8604791692E-01
      4950,      0.676911,CP12_end,   1,    0.0000000000E+00,    2.8604791692E-01,    2.8604791692E-01,    0.0000000000E+00,    0.0000000000E+00,    0.0000000000E+00,    2.8604791692E-01
      5000,      0.676911,CP0_start,   1,    0.0000000000E+00,    2.9166643814E-01,    2.9166643814E-01,    0.0000000000E+00,    0.0000000000E+00,    0.0000000000E+00,    2.9166643814E-01
      5000,      0.676911,CP1_after_deposition,   1,    0.0000000000E+00,    2.9166643814E-01,    2.9166643814E-01,    0.0000000000E+00,    0.0000000000E+00,    0.0000000000E+00,    2.9166643814E-01
      5000,      0.676911,CP2_after_erosion,   1,    0.0000000000E+00,    2.9166643814E-01,    2.9166643814E-01,    0.0000000000E+00,    0.0000000000E+00,    0.0000000000E+00,    2.9166643814E-01
      5000,      0.676911,CP3_after_update_bottom,   1,    0.0000000000E+00,    2.9166643814E-01,    2.9166643814E-01,    0.0000000000E+00,    0.0000000000E+00,    0.0000000000E+00,    2.9166643814E-01
      5000,      0.676911,CP4_after_advection,   1,    0.0000000000E+00,    2.9178171195E-01,    2.9178171195E-01,    0.0000000000E+00,    0.0000000000E+00,    0.0000000000E+00,    2.9178171195E-01
      5000,      0.676911,CP5_after_vdif,   1,    0.0000000000E+00,    2.9178171195E-01,    2.9178171195E-01,    0.0000000000E+00,    0.0000000000E+00,    0.0000000000E+00,    2.9178171195E-01
      5000,      0.676911,CP6_after_kinetics,   1,    0.0000000000E+00,    2.9178171195E-01,    2.9178171195E-01,    0.0000000000E+00,    0.0000000000E+00,    0.0000000000E+00,    2.9178171195E-01
      5000,      0.676911,CP7_after_upper_clamp,   1,    0.0000000000E+00,    2.9178171195E-01,    2.9178171195E-01,    0.0000000000E+00,    0.0000000000E+00,    0.0000000000E+00,    2.9178171195E-01
      5000,      0.676911,CP8_after_OBC,   1,    0.0000000000E+00,    2.9178171195E-01,    2.9178171195E-01,    0.0000000000E+00,    0.0000000000E+00,    0.0000000000E+00,    2.9178171195E-01
      5000,      0.676911,CP9_after_PTsource,   1,    0.0000000000E+00,    2.9178171195E-01,    2.9178171195E-01,    0.0000000000E+00,    0.0000000000E+00,    0.0000000000E+00,    2.9178171195E-01
      5000,      0.676911,CP10_after_neg_clamp,   1,    0.0000000000E+00,    2.9178171195E-01,    2.9178171195E-01,    0.0000000000E+00,    0.0000000000E+00,    0.0000000000E+00,    2.9178171195E-01
      5000,      0.676911,CP11_after_MPI,   1,    0.0000000000E+00,    2.9178171195E-01,    2.9178171195E-01,    0.0000000000E+00,    0.0000000000E+00,    0.0000000000E+00,    2.9178171195E-01
      5000,      0.676911,CP12_end,   1,    0.0000000000E+00,    2.9178171195E-01,    2.9178171195E-01,    0.0000000000E+00,    0.0000000000E+00,    0.0000000000E+00,    2.9178171195E-01
      5050,      0.676911,CP0_start,   1,    0.0000000000E+00,    2.9745688424E-01,    2.9745688424E-01,    0.0000000000E+00,    0.0000000000E+00,    0.0000000000E+00,    2.9745688424E-01
      5050,      0.676911,CP1_after_deposition,   1,    0.0000000000E+00,    2.9745688424E-01,    2.9745688424E-01,    0.0000000000E+00,    0.0000000000E+00,    0.0000000000E+00,    2.9745688424E-01
      5050,      0.676911,CP2_after_erosion,   1,    0.0000000000E+00,    2.9745688424E-01,    2.9745688424E-01,    0.0000000000E+00,    0.0000000000E+00,    0.0000000000E+00,    2.9745688424E-01
      5050,      0.676911,CP3_after_update_bottom,   1,    0.0000000000E+00,    2.9745688424E-01,    2.9745688424E-01,    0.0000000000E+00,    0.0000000000E+00,    0.0000000000E+00,    2.9745688424E-01
      5050,      0.676911,CP4_after_advection,   1,    0.0000000000E+00,    2.9757310659E-01,    2.9757310659E-01,    0.0000000000E+00,    0.0000000000E+00,    0.0000000000E+00,    2.9757310659E-01
      5050,      0.676911,CP5_after_vdif,   1,    0.0000000000E+00,    2.9757310659E-01,    2.9757310659E-01,    0.0000000000E+00,    0.0000000000E+00,    0.0000000000E+00,    2.9757310659E-01
      5050,      0.676911,CP6_after_kinetics,   1,    0.0000000000E+00,    2.9757310659E-01,    2.9757310659E-01,    0.0000000000E+00,    0.0000000000E+00,    0.0000000000E+00,    2.9757310659E-01
      5050,      0.676911,CP7_after_upper_clamp,   1,    0.0000000000E+00,    2.9757310659E-01,    2.9757310659E-01,    0.0000000000E+00,    0.0000000000E+00,    0.0000000000E+00,    2.9757310659E-01
      5050,      0.676911,CP8_after_OBC,   1,    0.0000000000E+00,    2.9757310659E-01,    2.9757310659E-01,    0.0000000000E+00,    0.0000000000E+00,    0.0000000000E+00,    2.9757310659E-01
      5050,      0.676911,CP9_after_PTsource,   1,    0.0000000000E+00,    2.9757310659E-01,    2.9757310659E-01,    0.0000000000E+00,    0.0000000000E+00,    0.0000000000E+00,    2.9757310659E-01
      5050,      0.676911,CP10_after_neg_clamp,   1,    0.0000000000E+00,    2.9757310659E-01,    2.9757310659E-01,    0.0000000000E+00,    0.0000000000E+00,    0.0000000000E+00,    2.9757310659E-01
      5050,      0.676911,CP11_after_MPI,   1,    0.0000000000E+00,    2.9757310659E-01,    2.9757310659E-01,    0.0000000000E+00,    0.0000000000E+00,    0.0000000000E+00,    2.9757310659E-01
      5050,      0.676911,CP12_end,   1,    0.0000000000E+00,    2.9757310659E-01,    2.9757310659E-01,    0.0000000000E+00,    0.0000000000E+00,    0.0000000000E+00,    2.9757310659E-01
      5100,      0.676911,CP0_start,   1,    0.0000000000E+00,    3.0330460861E-01,    3.0330460861E-01,    0.0000000000E+00,    0.0000000000E+00,    0.0000000000E+00,    3.0330460861E-01
      5100,      0.676911,CP1_after_deposition,   1,    0.0000000000E+00,    3.0330460861E-01,    3.0330460861E-01,    0.0000000000E+00,    0.0000000000E+00,    0.0000000000E+00,    3.0330460861E-01
      5100,      0.676911,CP2_after_erosion,   1,    0.0000000000E+00,    3.0330460861E-01,    3.0330460861E-01,    0.0000000000E+00,    0.0000000000E+00,    0.0000000000E+00,    3.0330460861E-01
      5100,      0.676911,CP3_after_update_bottom,   1,    0.0000000000E+00,    3.0330460861E-01,    3.0330460861E-01,    0.0000000000E+00,    0.0000000000E+00,    0.0000000000E+00,    3.0330460861E-01
      5100,      0.676911,CP4_after_advection,   1,    0.0000000000E+00,    3.0342210021E-01,    3.0342210021E-01,    0.0000000000E+00,    0.0000000000E+00,    0.0000000000E+00,    3.0342210021E-01
      5100,      0.676911,CP5_after_vdif,   1,    0.0000000000E+00,    3.0342210021E-01,    3.0342210021E-01,    0.0000000000E+00,    0.0000000000E+00,    0.0000000000E+00,    3.0342210021E-01
      5100,      0.676911,CP6_after_kinetics,   1,    0.0000000000E+00,    3.0342210021E-01,    3.0342210021E-01,    0.0000000000E+00,    0.0000000000E+00,    0.0000000000E+00,    3.0342210021E-01
      5100,      0.676911,CP7_after_upper_clamp,   1,    0.0000000000E+00,    3.0342210021E-01,    3.0342210021E-01,    0.0000000000E+00,    0.0000000000E+00,    0.0000000000E+00,    3.0342210021E-01
      5100,      0.676911,CP8_after_OBC,   1,    0.0000000000E+00,    3.0342210021E-01,    3.0342210021E-01,    0.0000000000E+00,    0.0000000000E+00,    0.0000000000E+00,    3.0342210021E-01
      5100,      0.676911,CP9_after_PTsource,   1,    0.0000000000E+00,    3.0342210021E-01,    3.0342210021E-01,    0.0000000000E+00,    0.0000000000E+00,    0.0000000000E+00,    3.0342210021E-01
      5100,      0.676911,CP10_after_neg_clamp,   1,    0.0000000000E+00,    3.0342210021E-01,    3.0342210021E-01,    0.0000000000E+00,    0.0000000000E+00,    0.0000000000E+00,    3.0342210021E-01
      5100,      0.676911,CP11_after_MPI,   1,    0.0000000000E+00,    3.0342210021E-01,    3.0342210021E-01,    0.0000000000E+00,    0.0000000000E+00,    0.0000000000E+00,    3.0342210021E-01
      5100,      0.676911,CP12_end,   1,    0.0000000000E+00,    3.0342210021E-01,    3.0342210021E-01,    0.0000000000E+00,    0.0000000000E+00,    0.0000000000E+00,    3.0342210021E-01
      5150,      0.676911,CP0_start,   1,    0.0000000000E+00,    3.0921001736E-01,    3.0921001736E-01,    0.0000000000E+00,    0.0000000000E+00,    0.0000000000E+00,    3.0921001736E-01
      5150,      0.676911,CP1_after_deposition,   1,    0.0000000000E+00,    3.0921001736E-01,    3.0921001736E-01,    0.0000000000E+00,    0.0000000000E+00,    0.0000000000E+00,    3.0921001736E-01
      5150,      0.676911,CP2_after_erosion,   1,    0.0000000000E+00,    3.0921001736E-01,    3.0921001736E-01,    0.0000000000E+00,    0.0000000000E+00,    0.0000000000E+00,    3.0921001736E-01
      5150,      0.676911,CP3_after_update_bottom,   1,    0.0000000000E+00,    3.0921001736E-01,    3.0921001736E-01,    0.0000000000E+00,    0.0000000000E+00,    0.0000000000E+00,    3.0921001736E-01
      5150,      0.676911,CP4_after_advection,   1,    0.0000000000E+00,    3.0932869219E-01,    3.0932869219E-01,    0.0000000000E+00,    0.0000000000E+00,    0.0000000000E+00,    3.0932869219E-01
      5150,      0.676911,CP5_after_vdif,   1,    0.0000000000E+00,    3.0932869219E-01,    3.0932869219E-01,    0.0000000000E+00,    0.0000000000E+00,    0.0000000000E+00,    3.0932869219E-01
      5150,      0.676911,CP6_after_kinetics,   1,    0.0000000000E+00,    3.0932869219E-01,    3.0932869219E-01,    0.0000000000E+00,    0.0000000000E+00,    0.0000000000E+00,    3.0932869219E-01
      5150,      0.676911,CP7_after_upper_clamp,   1,    0.0000000000E+00,    3.0932869219E-01,    3.0932869219E-01,    0.0000000000E+00,    0.0000000000E+00,    0.0000000000E+00,    3.0932869219E-01
      5150,      0.676911,CP8_after_OBC,   1,    0.0000000000E+00,    3.0932869219E-01,    3.0932869219E-01,    0.0000000000E+00,    0.0000000000E+00,    0.0000000000E+00,    3.0932869219E-01
      5150,      0.676911,CP9_after_PTsource,   1,    0.0000000000E+00,    3.0932869219E-01,    3.0932869219E-01,    0.0000000000E+00,    0.0000000000E+00,    0.0000000000E+00,    3.0932869219E-01
      5150,      0.676911,CP10_after_neg_clamp,   1,    0.0000000000E+00,    3.0932869219E-01,    3.0932869219E-01,    0.0000000000E+00,    0.0000000000E+00,    0.0000000000E+00,    3.0932869219E-01
      5150,      0.676911,CP11_after_MPI,   1,    0.0000000000E+00,    3.0932869219E-01,    3.0932869219E-01,    0.0000000000E+00,    0.0000000000E+00,    0.0000000000E+00,    3.0932869219E-01
      5150,      0.676911,CP12_end,   1,    0.0000000000E+00,    3.0932869219E-01,    3.0932869219E-01,    0.0000000000E+00,    0.0000000000E+00,    0.0000000000E+00,    3.0932869219E-01
      5200,      0.676911,CP0_start,   1,    0.0000000000E+00,    3.1517316474E-01,    3.1517316474E-01,    0.0000000000E+00,    0.0000000000E+00,    0.0000000000E+00,    3.1517316474E-01
      5200,      0.676911,CP1_after_deposition,   1,    0.0000000000E+00,    3.1517316474E-01,    3.1517316474E-01,    0.0000000000E+00,    0.0000000000E+00,    0.0000000000E+00,    3.1517316474E-01
      5200,      0.676911,CP2_after_erosion,   1,    0.0000000000E+00,    3.1517316474E-01,    3.1517316474E-01,    0.0000000000E+00,    0.0000000000E+00,    0.0000000000E+00,    3.1517316474E-01
      5200,      0.676911,CP3_after_update_bottom,   1,    0.0000000000E+00,    3.1517316474E-01,    3.1517316474E-01,    0.0000000000E+00,    0.0000000000E+00,    0.0000000000E+00,    3.1517316474E-01
      5200,      0.676911,CP4_after_advection,   1,    0.0000000000E+00,    3.1529288190E-01,    3.1529288190E-01,    0.0000000000E+00,    0.0000000000E+00,    0.0000000000E+00,    3.1529288190E-01
      5200,      0.676911,CP5_after_vdif,   1,    0.0000000000E+00,    3.1529288190E-01,    3.1529288190E-01,    0.0000000000E+00,    0.0000000000E+00,    0.0000000000E+00,    3.1529288190E-01
      5200,      0.676911,CP6_after_kinetics,   1,    0.0000000000E+00,    3.1529288190E-01,    3.1529288190E-01,    0.0000000000E+00,    0.0000000000E+00,    0.0000000000E+00,    3.1529288190E-01
      5200,      0.676911,CP7_after_upper_clamp,   1,    0.0000000000E+00,    3.1529288190E-01,    3.1529288190E-01,    0.0000000000E+00,    0.0000000000E+00,    0.0000000000E+00,    3.1529288190E-01
      5200,      0.676911,CP8_after_OBC,   1,    0.0000000000E+00,    3.1529288190E-01,    3.1529288190E-01,    0.0000000000E+00,    0.0000000000E+00,    0.0000000000E+00,    3.1529288190E-01
      5200,      0.676911,CP9_after_PTsource,   1,    0.0000000000E+00,    3.1529288190E-01,    3.1529288190E-01,    0.0000000000E+00,    0.0000000000E+00,    0.0000000000E+00,    3.1529288190E-01
      5200,      0.676911,CP10_after_neg_clamp,   1,    0.0000000000E+00,    3.1529288190E-01,    3.1529288190E-01,    0.0000000000E+00,    0.0000000000E+00,    0.0000000000E+00,    3.1529288190E-01
      5200,      0.676911,CP11_after_MPI,   1,    0.0000000000E+00,    3.1529288190E-01,    3.1529288190E-01,    0.0000000000E+00,    0.0000000000E+00,    0.0000000000E+00,    3.1529288190E-01
      5200,      0.676911,CP12_end,   1,    0.0000000000E+00,    3.1529288190E-01,    3.1529288190E-01,    0.0000000000E+00,    0.0000000000E+00,    0.0000000000E+00,    3.1529288190E-01
      5250,      0.676911,CP0_start,   1,    0.0000000000E+00,    3.2119360155E-01,    3.2119360155E-01,    0.0000000000E+00,    0.0000000000E+00,    0.0000000000E+00,    3.2119360155E-01
      5250,      0.676911,CP1_after_deposition,   1,    0.0000000000E+00,    3.2119360155E-01,    3.2119360155E-01,    0.0000000000E+00,    0.0000000000E+00,    0.0000000000E+00,    3.2119360155E-01
      5250,      0.676911,CP2_after_erosion,   1,    0.0000000000E+00,    3.2119360155E-01,    3.2119360155E-01,    0.0000000000E+00,    0.0000000000E+00,    0.0000000000E+00,    3.2119360155E-01
      5250,      0.676911,CP3_after_update_bottom,   1,    0.0000000000E+00,    3.2119360155E-01,    3.2119360155E-01,    0.0000000000E+00,    0.0000000000E+00,    0.0000000000E+00,    3.2119360155E-01
      5250,      0.676911,CP4_after_advection,   1,    0.0000000000E+00,    3.2131466869E-01,    3.2131466869E-01,    0.0000000000E+00,    0.0000000000E+00,    0.0000000000E+00,    3.2131466869E-01
      5250,      0.676911,CP5_after_vdif,   1,    0.0000000000E+00,    3.2131466869E-01,    3.2131466869E-01,    0.0000000000E+00,    0.0000000000E+00,    0.0000000000E+00,    3.2131466869E-01
      5250,      0.676911,CP6_after_kinetics,   1,    0.0000000000E+00,    3.2131466869E-01,    3.2131466869E-01,    0.0000000000E+00,    0.0000000000E+00,    0.0000000000E+00,    3.2131466869E-01
      5250,      0.676911,CP7_after_upper_clamp,   1,    0.0000000000E+00,    3.2131466869E-01,    3.2131466869E-01,    0.0000000000E+00,    0.0000000000E+00,    0.0000000000E+00,    3.2131466869E-01
      5250,      0.676911,CP8_after_OBC,   1,    0.0000000000E+00,    3.2131466869E-01,    3.2131466869E-01,    0.0000000000E+00,    0.0000000000E+00,    0.0000000000E+00,    3.2131466869E-01
      5250,      0.676911,CP9_after_PTsource,   1,    0.0000000000E+00,    3.2131466869E-01,    3.2131466869E-01,    0.0000000000E+00,    0.0000000000E+00,    0.0000000000E+00,    3.2131466869E-01
      5250,      0.676911,CP10_after_neg_clamp,   1,    0.0000000000E+00,    3.2131466869E-01,    3.2131466869E-01,    0.0000000000E+00,    0.0000000000E+00,    0.0000000000E+00,    3.2131466869E-01
      5250,      0.676911,CP11_after_MPI,   1,    0.0000000000E+00,    3.2131466869E-01,    3.2131466869E-01,    0.0000000000E+00,    0.0000000000E+00,    0.0000000000E+00,    3.2131466869E-01
      5250,      0.676911,CP12_end,   1,    0.0000000000E+00,    3.2131466869E-01,    3.2131466869E-01,    0.0000000000E+00,    0.0000000000E+00,    0.0000000000E+00,    3.2131466869E-01
      5300,      0.676911,CP0_start,   1,    0.0000000000E+00,    3.2727204127E-01,    3.2727204127E-01,    0.0000000000E+00,    0.0000000000E+00,    0.0000000000E+00,    3.2727204127E-01
      5300,      0.676911,CP1_after_deposition,   1,    0.0000000000E+00,    3.2727204127E-01,    3.2727204127E-01,    0.0000000000E+00,    0.0000000000E+00,    0.0000000000E+00,    3.2727204127E-01
      5300,      0.676911,CP2_after_erosion,   1,    0.0000000000E+00,    3.2727204127E-01,    3.2727204127E-01,    0.0000000000E+00,    0.0000000000E+00,    0.0000000000E+00,    3.2727204127E-01
      5300,      0.676911,CP3_after_update_bottom,   1,    0.0000000000E+00,    3.2727204127E-01,    3.2727204127E-01,    0.0000000000E+00,    0.0000000000E+00,    0.0000000000E+00,    3.2727204127E-01
      5300,      0.676911,CP4_after_advection,   1,    0.0000000000E+00,    3.2739405192E-01,    3.2739405192E-01,    0.0000000000E+00,    0.0000000000E+00,    0.0000000000E+00,    3.2739405192E-01
      5300,      0.676911,CP5_after_vdif,   1,    0.0000000000E+00,    3.2739405192E-01,    3.2739405192E-01,    0.0000000000E+00,    0.0000000000E+00,    0.0000000000E+00,    3.2739405192E-01
      5300,      0.676911,CP6_after_kinetics,   1,    0.0000000000E+00,    3.2739405192E-01,    3.2739405192E-01,    0.0000000000E+00,    0.0000000000E+00,    0.0000000000E+00,    3.2739405192E-01
      5300,      0.676911,CP7_after_upper_clamp,   1,    0.0000000000E+00,    3.2739405192E-01,    3.2739405192E-01,    0.0000000000E+00,    0.0000000000E+00,    0.0000000000E+00,    3.2739405192E-01
      5300,      0.676911,CP8_after_OBC,   1,    0.0000000000E+00,    3.2739405192E-01,    3.2739405192E-01,    0.0000000000E+00,    0.0000000000E+00,    0.0000000000E+00,    3.2739405192E-01
      5300,      0.676911,CP9_after_PTsource,   1,    0.0000000000E+00,    3.2739405192E-01,    3.2739405192E-01,    0.0000000000E+00,    0.0000000000E+00,    0.0000000000E+00,    3.2739405192E-01
      5300,      0.676911,CP10_after_neg_clamp,   1,    0.0000000000E+00,    3.2739405192E-01,    3.2739405192E-01,    0.0000000000E+00,    0.0000000000E+00,    0.0000000000E+00,    3.2739405192E-01
      5300,      0.676911,CP11_after_MPI,   1,    0.0000000000E+00,    3.2739405192E-01,    3.2739405192E-01,    0.0000000000E+00,    0.0000000000E+00,    0.0000000000E+00,    3.2739405192E-01
      5300,      0.676911,CP12_end,   1,    0.0000000000E+00,    3.2739405192E-01,    3.2739405192E-01,    0.0000000000E+00,    0.0000000000E+00,    0.0000000000E+00,    3.2739405192E-01
      5350,      0.676911,CP0_start,   1,    0.0000000000E+00,    3.3340771909E-01,    3.3340771909E-01,    0.0000000000E+00,    0.0000000000E+00,    0.0000000000E+00,    3.3340771909E-01
      5350,      0.676911,CP1_after_deposition,   1,    0.0000000000E+00,    3.3340771909E-01,    3.3340771909E-01,    0.0000000000E+00,    0.0000000000E+00,    0.0000000000E+00,    3.3340771909E-01
      5350,      0.676911,CP2_after_erosion,   1,    0.0000000000E+00,    3.3340771909E-01,    3.3340771909E-01,    0.0000000000E+00,    0.0000000000E+00,    0.0000000000E+00,    3.3340771909E-01
      5350,      0.676911,CP3_after_update_bottom,   1,    0.0000000000E+00,    3.3340771909E-01,    3.3340771909E-01,    0.0000000000E+00,    0.0000000000E+00,    0.0000000000E+00,    3.3340771909E-01
      5350,      0.676911,CP4_after_advection,   1,    0.0000000000E+00,    3.3353103094E-01,    3.3353103094E-01,    0.0000000000E+00,    0.0000000000E+00,    0.0000000000E+00,    3.3353103094E-01
      5350,      0.676911,CP5_after_vdif,   1,    0.0000000000E+00,    3.3353103094E-01,    3.3353103094E-01,    0.0000000000E+00,    0.0000000000E+00,    0.0000000000E+00,    3.3353103094E-01
      5350,      0.676911,CP6_after_kinetics,   1,    0.0000000000E+00,    3.3353103094E-01,    3.3353103094E-01,    0.0000000000E+00,    0.0000000000E+00,    0.0000000000E+00,    3.3353103094E-01
      5350,      0.676911,CP7_after_upper_clamp,   1,    0.0000000000E+00,    3.3353103094E-01,    3.3353103094E-01,    0.0000000000E+00,    0.0000000000E+00,    0.0000000000E+00,    3.3353103094E-01
      5350,      0.676911,CP8_after_OBC,   1,    0.0000000000E+00,    3.3353103094E-01,    3.3353103094E-01,    0.0000000000E+00,    0.0000000000E+00,    0.0000000000E+00,    3.3353103094E-01
      5350,      0.676911,CP9_after_PTsource,   1,    0.0000000000E+00,    3.3353103094E-01,    3.3353103094E-01,    0.0000000000E+00,    0.0000000000E+00,    0.0000000000E+00,    3.3353103094E-01
      5350,      0.676911,CP10_after_neg_clamp,   1,    0.0000000000E+00,    3.3353103094E-01,    3.3353103094E-01,    0.0000000000E+00,    0.0000000000E+00,    0.0000000000E+00,    3.3353103094E-01
      5350,      0.676911,CP11_after_MPI,   1,    0.0000000000E+00,    3.3353103094E-01,    3.3353103094E-01,    0.0000000000E+00,    0.0000000000E+00,    0.0000000000E+00,    3.3353103094E-01
      5350,      0.676911,CP12_end,   1,    0.0000000000E+00,    3.3353103094E-01,    3.3353103094E-01,    0.0000000000E+00,    0.0000000000E+00,    0.0000000000E+00,    3.3353103094E-01
      5400,      0.676911,CP0_start,   1,    0.0000000000E+00,    3.3960114257E-01,    3.3960114257E-01,    0.0000000000E+00,    0.0000000000E+00,    0.0000000000E+00,    3.3960114257E-01
      5400,      0.676911,CP1_after_deposition,   1,    0.0000000000E+00,    3.3960114257E-01,    3.3960114257E-01,    0.0000000000E+00,    0.0000000000E+00,    0.0000000000E+00,    3.3960114257E-01
      5400,      0.676911,CP2_after_erosion,   1,    0.0000000000E+00,    3.3960114257E-01,    3.3960114257E-01,    0.0000000000E+00,    0.0000000000E+00,    0.0000000000E+00,    3.3960114257E-01
      5400,      0.676911,CP3_after_update_bottom,   1,    0.0000000000E+00,    3.3960114257E-01,    3.3960114257E-01,    0.0000000000E+00,    0.0000000000E+00,    0.0000000000E+00,    3.3960114257E-01
      5400,      0.676911,CP4_after_advection,   1,    0.0000000000E+00,    3.3972560510E-01,    3.3972560510E-01,    0.0000000000E+00,    0.0000000000E+00,    0.0000000000E+00,    3.3972560510E-01
      5400,      0.676911,CP5_after_vdif,   1,    0.0000000000E+00,    3.3972560510E-01,    3.3972560510E-01,    0.0000000000E+00,    0.0000000000E+00,    0.0000000000E+00,    3.3972560510E-01
      5400,      0.676911,CP6_after_kinetics,   1,    0.0000000000E+00,    3.3972560510E-01,    3.3972560510E-01,    0.0000000000E+00,    0.0000000000E+00,    0.0000000000E+00,    3.3972560510E-01
      5400,      0.676911,CP7_after_upper_clamp,   1,    0.0000000000E+00,    3.3972560510E-01,    3.3972560510E-01,    0.0000000000E+00,    0.0000000000E+00,    0.0000000000E+00,    3.3972560510E-01
      5400,      0.676911,CP8_after_OBC,   1,    0.0000000000E+00,    3.3972560510E-01,    3.3972560510E-01,    0.0000000000E+00,    0.0000000000E+00,    0.0000000000E+00,    3.3972560510E-01
      5400,      0.676911,CP9_after_PTsource,   1,    0.0000000000E+00,    3.3972560510E-01,    3.3972560510E-01,    0.0000000000E+00,    0.0000000000E+00,    0.0000000000E+00,    3.3972560510E-01
      5400,      0.676911,CP10_after_neg_clamp,   1,    0.0000000000E+00,    3.3972560510E-01,    3.3972560510E-01,    0.0000000000E+00,    0.0000000000E+00,    0.0000000000E+00,    3.3972560510E-01
      5400,      0.676911,CP11_after_MPI,   1,    0.0000000000E+00,    3.3972560510E-01,    3.3972560510E-01,    0.0000000000E+00,    0.0000000000E+00,    0.0000000000E+00,    3.3972560510E-01
      5400,      0.676911,CP12_end,   1,    0.0000000000E+00,    3.3972560510E-01,    3.3972560510E-01,    0.0000000000E+00,    0.0000000000E+00,    0.0000000000E+00,    3.3972560510E-01
      5450,      0.676911,CP0_start,   1,    0.0000000000E+00,    3.4585229398E-01,    3.4585229398E-01,    0.0000000000E+00,    0.0000000000E+00,    0.0000000000E+00,    3.4585229398E-01
      5450,      0.676911,CP1_after_deposition,   1,    0.0000000000E+00,    3.4585229398E-01,    3.4585229398E-01,    0.0000000000E+00,    0.0000000000E+00,    0.0000000000E+00,    3.4585229398E-01
      5450,      0.676911,CP2_after_erosion,   1,    0.0000000000E+00,    3.4585229398E-01,    3.4585229398E-01,    0.0000000000E+00,    0.0000000000E+00,    0.0000000000E+00,    3.4585229398E-01
      5450,      0.676911,CP3_after_update_bottom,   1,    0.0000000000E+00,    3.4585229398E-01,    3.4585229398E-01,    0.0000000000E+00,    0.0000000000E+00,    0.0000000000E+00,    3.4585229398E-01
      5450,      0.676911,CP4_after_advection,   1,    0.0000000000E+00,    3.4597777372E-01,    3.4597777372E-01,    0.0000000000E+00,    0.0000000000E+00,    0.0000000000E+00,    3.4597777372E-01
      5450,      0.676911,CP5_after_vdif,   1,    0.0000000000E+00,    3.4597777372E-01,    3.4597777372E-01,    0.0000000000E+00,    0.0000000000E+00,    0.0000000000E+00,    3.4597777372E-01
      5450,      0.676911,CP6_after_kinetics,   1,    0.0000000000E+00,    3.4597777372E-01,    3.4597777372E-01,    0.0000000000E+00,    0.0000000000E+00,    0.0000000000E+00,    3.4597777372E-01
      5450,      0.676911,CP7_after_upper_clamp,   1,    0.0000000000E+00,    3.4597777372E-01,    3.4597777372E-01,    0.0000000000E+00,    0.0000000000E+00,    0.0000000000E+00,    3.4597777372E-01
      5450,      0.676911,CP8_after_OBC,   1,    0.0000000000E+00,    3.4597777372E-01,    3.4597777372E-01,    0.0000000000E+00,    0.0000000000E+00,    0.0000000000E+00,    3.4597777372E-01
      5450,      0.676911,CP9_after_PTsource,   1,    0.0000000000E+00,    3.4597777372E-01,    3.4597777372E-01,    0.0000000000E+00,    0.0000000000E+00,    0.0000000000E+00,    3.4597777372E-01
      5450,      0.676911,CP10_after_neg_clamp,   1,    0.0000000000E+00,    3.4597777372E-01,    3.4597777372E-01,    0.0000000000E+00,    0.0000000000E+00,    0.0000000000E+00,    3.4597777372E-01
      5450,      0.676911,CP11_after_MPI,   1,    0.0000000000E+00,    3.4597777372E-01,    3.4597777372E-01,    0.0000000000E+00,    0.0000000000E+00,    0.0000000000E+00,    3.4597777372E-01
      5450,      0.676911,CP12_end,   1,    0.0000000000E+00,    3.4597777372E-01,    3.4597777372E-01,    0.0000000000E+00,    0.0000000000E+00,    0.0000000000E+00,    3.4597777372E-01
      5500,      0.676911,CP0_start,   1,    0.0000000000E+00,    3.5216079023E-01,    3.5216079023E-01,    0.0000000000E+00,    0.0000000000E+00,    0.0000000000E+00,    3.5216079023E-01
      5500,      0.676911,CP1_after_deposition,   1,    0.0000000000E+00,    3.5216079023E-01,    3.5216079023E-01,    0.0000000000E+00,    0.0000000000E+00,    0.0000000000E+00,    3.5216079023E-01
      5500,      0.676911,CP2_after_erosion,   1,    0.0000000000E+00,    3.5216079023E-01,    3.5216079023E-01,    0.0000000000E+00,    0.0000000000E+00,    0.0000000000E+00,    3.5216079023E-01
      5500,      0.676911,CP3_after_update_bottom,   1,    0.0000000000E+00,    3.5216079023E-01,    3.5216079023E-01,    0.0000000000E+00,    0.0000000000E+00,    0.0000000000E+00,    3.5216079023E-01
      5500,      0.676911,CP4_after_advection,   1,    0.0000000000E+00,    3.5228753614E-01,    3.5228753614E-01,    0.0000000000E+00,    0.0000000000E+00,    0.0000000000E+00,    3.5228753614E-01
      5500,      0.676911,CP5_after_vdif,   1,    0.0000000000E+00,    3.5228753614E-01,    3.5228753614E-01,    0.0000000000E+00,    0.0000000000E+00,    0.0000000000E+00,    3.5228753614E-01
      5500,      0.676911,CP6_after_kinetics,   1,    0.0000000000E+00,    3.5228753614E-01,    3.5228753614E-01,    0.0000000000E+00,    0.0000000000E+00,    0.0000000000E+00,    3.5228753614E-01
      5500,      0.676911,CP7_after_upper_clamp,   1,    0.0000000000E+00,    3.5228753614E-01,    3.5228753614E-01,    0.0000000000E+00,    0.0000000000E+00,    0.0000000000E+00,    3.5228753614E-01
      5500,      0.676911,CP8_after_OBC,   1,    0.0000000000E+00,    3.5228753614E-01,    3.5228753614E-01,    0.0000000000E+00,    0.0000000000E+00,    0.0000000000E+00,    3.5228753614E-01
      5500,      0.676911,CP9_after_PTsource,   1,    0.0000000000E+00,    3.5228753614E-01,    3.5228753614E-01,    0.0000000000E+00,    0.0000000000E+00,    0.0000000000E+00,    3.5228753614E-01
      5500,      0.676911,CP10_after_neg_clamp,   1,    0.0000000000E+00,    3.5228753614E-01,    3.5228753614E-01,    0.0000000000E+00,    0.0000000000E+00,    0.0000000000E+00,    3.5228753614E-01
      5500,      0.676911,CP11_after_MPI,   1,    0.0000000000E+00,    3.5228753614E-01,    3.5228753614E-01,    0.0000000000E+00,    0.0000000000E+00,    0.0000000000E+00,    3.5228753614E-01
      5500,      0.676911,CP12_end,   1,    0.0000000000E+00,    3.5228753614E-01,    3.5228753614E-01,    0.0000000000E+00,    0.0000000000E+00,    0.0000000000E+00,    3.5228753614E-01
      5550,      0.676911,CP0_start,   1,    0.0000000000E+00,    3.5852709709E-01,    3.5852709709E-01,    0.0000000000E+00,    0.0000000000E+00,    0.0000000000E+00,    3.5852709709E-01
      5550,      0.676911,CP1_after_deposition,   1,    0.0000000000E+00,    3.5852709709E-01,    3.5852709709E-01,    0.0000000000E+00,    0.0000000000E+00,    0.0000000000E+00,    3.5852709709E-01
      5550,      0.676911,CP2_after_erosion,   1,    0.0000000000E+00,    3.5852709709E-01,    3.5852709709E-01,    0.0000000000E+00,    0.0000000000E+00,    0.0000000000E+00,    3.5852709709E-01
      5550,      0.676911,CP3_after_update_bottom,   1,    0.0000000000E+00,    3.5852709709E-01,    3.5852709709E-01,    0.0000000000E+00,    0.0000000000E+00,    0.0000000000E+00,    3.5852709709E-01
      5550,      0.676911,CP4_after_advection,   1,    0.0000000000E+00,    3.5865489169E-01,    3.5865489169E-01,    0.0000000000E+00,    0.0000000000E+00,    0.0000000000E+00,    3.5865489169E-01
      5550,      0.676911,CP5_after_vdif,   1,    0.0000000000E+00,    3.5865489169E-01,    3.5865489169E-01,    0.0000000000E+00,    0.0000000000E+00,    0.0000000000E+00,    3.5865489169E-01
      5550,      0.676911,CP6_after_kinetics,   1,    0.0000000000E+00,    3.5865489169E-01,    3.5865489169E-01,    0.0000000000E+00,    0.0000000000E+00,    0.0000000000E+00,    3.5865489169E-01
      5550,      0.676911,CP7_after_upper_clamp,   1,    0.0000000000E+00,    3.5865489169E-01,    3.5865489169E-01,    0.0000000000E+00,    0.0000000000E+00,    0.0000000000E+00,    3.5865489169E-01
      5550,      0.676911,CP8_after_OBC,   1,    0.0000000000E+00,    3.5865489169E-01,    3.5865489169E-01,    0.0000000000E+00,    0.0000000000E+00,    0.0000000000E+00,    3.5865489169E-01
      5550,      0.676911,CP9_after_PTsource,   1,    0.0000000000E+00,    3.5865489169E-01,    3.5865489169E-01,    0.0000000000E+00,    0.0000000000E+00,    0.0000000000E+00,    3.5865489169E-01
      5550,      0.676911,CP10_after_neg_clamp,   1,    0.0000000000E+00,    3.5865489169E-01,    3.5865489169E-01,    0.0000000000E+00,    0.0000000000E+00,    0.0000000000E+00,    3.5865489169E-01
      5550,      0.676911,CP11_after_MPI,   1,    0.0000000000E+00,    3.5865489169E-01,    3.5865489169E-01,    0.0000000000E+00,    0.0000000000E+00,    0.0000000000E+00,    3.5865489169E-01
      5550,      0.676911,CP12_end,   1,    0.0000000000E+00,    3.5865489169E-01,    3.5865489169E-01,    0.0000000000E+00,    0.0000000000E+00,    0.0000000000E+00,    3.5865489169E-01
      5600,      0.676911,CP0_start,   1,    0.0000000000E+00,    3.6495094958E-01,    3.6495094958E-01,    0.0000000000E+00,    0.0000000000E+00,    0.0000000000E+00,    3.6495094958E-01
      5600,      0.676911,CP1_after_deposition,   1,    0.0000000000E+00,    3.6495094958E-01,    3.6495094958E-01,    0.0000000000E+00,    0.0000000000E+00,    0.0000000000E+00,    3.6495094958E-01
      5600,      0.676911,CP2_after_erosion,   1,    0.0000000000E+00,    3.6495094958E-01,    3.6495094958E-01,    0.0000000000E+00,    0.0000000000E+00,    0.0000000000E+00,    3.6495094958E-01
      5600,      0.676911,CP3_after_update_bottom,   1,    0.0000000000E+00,    3.6495094958E-01,    3.6495094958E-01,    0.0000000000E+00,    0.0000000000E+00,    0.0000000000E+00,    3.6495094958E-01
      5600,      0.676911,CP4_after_advection,   1,    0.0000000000E+00,    3.6507983968E-01,    3.6507983968E-01,    0.0000000000E+00,    0.0000000000E+00,    0.0000000000E+00,    3.6507983968E-01
      5600,      0.676911,CP5_after_vdif,   1,    0.0000000000E+00,    3.6507983968E-01,    3.6507983968E-01,    0.0000000000E+00,    0.0000000000E+00,    0.0000000000E+00,    3.6507983968E-01
      5600,      0.676911,CP6_after_kinetics,   1,    0.0000000000E+00,    3.6507983968E-01,    3.6507983968E-01,    0.0000000000E+00,    0.0000000000E+00,    0.0000000000E+00,    3.6507983968E-01
      5600,      0.676911,CP7_after_upper_clamp,   1,    0.0000000000E+00,    3.6507983968E-01,    3.6507983968E-01,    0.0000000000E+00,    0.0000000000E+00,    0.0000000000E+00,    3.6507983968E-01
      5600,      0.676911,CP8_after_OBC,   1,    0.0000000000E+00,    3.6507983968E-01,    3.6507983968E-01,    0.0000000000E+00,    0.0000000000E+00,    0.0000000000E+00,    3.6507983968E-01
      5600,      0.676911,CP9_after_PTsource,   1,    0.0000000000E+00,    3.6507983968E-01,    3.6507983968E-01,    0.0000000000E+00,    0.0000000000E+00,    0.0000000000E+00,    3.6507983968E-01
      5600,      0.676911,CP10_after_neg_clamp,   1,    0.0000000000E+00,    3.6507983968E-01,    3.6507983968E-01,    0.0000000000E+00,    0.0000000000E+00,    0.0000000000E+00,    3.6507983968E-01
      5600,      0.676911,CP11_after_MPI,   1,    0.0000000000E+00,    3.6507983968E-01,    3.6507983968E-01,    0.0000000000E+00,    0.0000000000E+00,    0.0000000000E+00,    3.6507983968E-01
      5600,      0.676911,CP12_end,   1,    0.0000000000E+00,    3.6507983968E-01,    3.6507983968E-01,    0.0000000000E+00,    0.0000000000E+00,    0.0000000000E+00,    3.6507983968E-01
      5650,      0.676911,CP0_start,   1,    0.0000000000E+00,    3.7143217291E-01,    3.7143217291E-01,    0.0000000000E+00,    0.0000000000E+00,    0.0000000000E+00,    3.7143217291E-01
      5650,      0.676911,CP1_after_deposition,   1,    0.0000000000E+00,    3.7143217291E-01,    3.7143217291E-01,    0.0000000000E+00,    0.0000000000E+00,    0.0000000000E+00,    3.7143217291E-01
      5650,      0.676911,CP2_after_erosion,   1,    0.0000000000E+00,    3.7143217291E-01,    3.7143217291E-01,    0.0000000000E+00,    0.0000000000E+00,    0.0000000000E+00,    3.7143217291E-01
      5650,      0.676911,CP3_after_update_bottom,   1,    0.0000000000E+00,    3.7143217291E-01,    3.7143217291E-01,    0.0000000000E+00,    0.0000000000E+00,    0.0000000000E+00,    3.7143217291E-01
      5650,      0.676911,CP4_after_advection,   1,    0.0000000000E+00,    3.7156237943E-01,    3.7156237943E-01,    0.0000000000E+00,    0.0000000000E+00,    0.0000000000E+00,    3.7156237943E-01
      5650,      0.676911,CP5_after_vdif,   1,    0.0000000000E+00,    3.7156237943E-01,    3.7156237943E-01,    0.0000000000E+00,    0.0000000000E+00,    0.0000000000E+00,    3.7156237943E-01
      5650,      0.676911,CP6_after_kinetics,   1,    0.0000000000E+00,    3.7156237943E-01,    3.7156237943E-01,    0.0000000000E+00,    0.0000000000E+00,    0.0000000000E+00,    3.7156237943E-01
      5650,      0.676911,CP7_after_upper_clamp,   1,    0.0000000000E+00,    3.7156237943E-01,    3.7156237943E-01,    0.0000000000E+00,    0.0000000000E+00,    0.0000000000E+00,    3.7156237943E-01
      5650,      0.676911,CP8_after_OBC,   1,    0.0000000000E+00,    3.7156237943E-01,    3.7156237943E-01,    0.0000000000E+00,    0.0000000000E+00,    0.0000000000E+00,    3.7156237943E-01
      5650,      0.676911,CP9_after_PTsource,   1,    0.0000000000E+00,    3.7156237943E-01,    3.7156237943E-01,    0.0000000000E+00,    0.0000000000E+00,    0.0000000000E+00,    3.7156237943E-01
      5650,      0.676911,CP10_after_neg_clamp,   1,    0.0000000000E+00,    3.7156237943E-01,    3.7156237943E-01,    0.0000000000E+00,    0.0000000000E+00,    0.0000000000E+00,    3.7156237943E-01
      5650,      0.676911,CP11_after_MPI,   1,    0.0000000000E+00,    3.7156237943E-01,    3.7156237943E-01,    0.0000000000E+00,    0.0000000000E+00,    0.0000000000E+00,    3.7156237943E-01
      5650,      0.676911,CP12_end,   1,    0.0000000000E+00,    3.7156237943E-01,    3.7156237943E-01,    0.0000000000E+00,    0.0000000000E+00,    0.0000000000E+00,    3.7156237943E-01
      5700,      0.676911,CP0_start,   1,    0.0000000000E+00,    3.7797143354E-01,    3.7797143354E-01,    0.0000000000E+00,    0.0000000000E+00,    0.0000000000E+00,    3.7797143354E-01
      5700,      0.676911,CP1_after_deposition,   1,    0.0000000000E+00,    3.7797143354E-01,    3.7797143354E-01,    0.0000000000E+00,    0.0000000000E+00,    0.0000000000E+00,    3.7797143354E-01
      5700,      0.676911,CP2_after_erosion,   1,    0.0000000000E+00,    3.7797143354E-01,    3.7797143354E-01,    0.0000000000E+00,    0.0000000000E+00,    0.0000000000E+00,    3.7797143354E-01
      5700,      0.676911,CP3_after_update_bottom,   1,    0.0000000000E+00,    3.7797143354E-01,    3.7797143354E-01,    0.0000000000E+00,    0.0000000000E+00,    0.0000000000E+00,    3.7797143354E-01
      5700,      0.676911,CP4_after_advection,   1,    0.0000000000E+00,    3.7810251023E-01,    3.7810251023E-01,    0.0000000000E+00,    0.0000000000E+00,    0.0000000000E+00,    3.7810251023E-01
      5700,      0.676911,CP5_after_vdif,   1,    0.0000000000E+00,    3.7810251023E-01,    3.7810251023E-01,    0.0000000000E+00,    0.0000000000E+00,    0.0000000000E+00,    3.7810251023E-01
      5700,      0.676911,CP6_after_kinetics,   1,    0.0000000000E+00,    3.7810251023E-01,    3.7810251023E-01,    0.0000000000E+00,    0.0000000000E+00,    0.0000000000E+00,    3.7810251023E-01
      5700,      0.676911,CP7_after_upper_clamp,   1,    0.0000000000E+00,    3.7810251023E-01,    3.7810251023E-01,    0.0000000000E+00,    0.0000000000E+00,    0.0000000000E+00,    3.7810251023E-01
      5700,      0.676911,CP8_after_OBC,   1,    0.0000000000E+00,    3.7810251023E-01,    3.7810251023E-01,    0.0000000000E+00,    0.0000000000E+00,    0.0000000000E+00,    3.7810251023E-01
      5700,      0.676911,CP9_after_PTsource,   1,    0.0000000000E+00,    3.7810251023E-01,    3.7810251023E-01,    0.0000000000E+00,    0.0000000000E+00,    0.0000000000E+00,    3.7810251023E-01
      5700,      0.676911,CP10_after_neg_clamp,   1,    0.0000000000E+00,    3.7810251023E-01,    3.7810251023E-01,    0.0000000000E+00,    0.0000000000E+00,    0.0000000000E+00,    3.7810251023E-01
      5700,      0.676911,CP11_after_MPI,   1,    0.0000000000E+00,    3.7810251023E-01,    3.7810251023E-01,    0.0000000000E+00,    0.0000000000E+00,    0.0000000000E+00,    3.7810251023E-01
      5700,      0.676911,CP12_end,   1,    0.0000000000E+00,    3.7810251023E-01,    3.7810251023E-01,    0.0000000000E+00,    0.0000000000E+00,    0.0000000000E+00,    3.7810251023E-01
      5750,      0.676911,CP0_start,   1,    0.0000000000E+00,    3.8456781071E-01,    3.8456781071E-01,    0.0000000000E+00,    0.0000000000E+00,    0.0000000000E+00,    3.8456781071E-01
      5750,      0.676911,CP1_after_deposition,   1,    0.0000000000E+00,    3.8456781071E-01,    3.8456781071E-01,    0.0000000000E+00,    0.0000000000E+00,    0.0000000000E+00,    3.8456781071E-01
      5750,      0.676911,CP2_after_erosion,   1,    0.0000000000E+00,    3.8456781071E-01,    3.8456781071E-01,    0.0000000000E+00,    0.0000000000E+00,    0.0000000000E+00,    3.8456781071E-01
      5750,      0.676911,CP3_after_update_bottom,   1,    0.0000000000E+00,    3.8456781071E-01,    3.8456781071E-01,    0.0000000000E+00,    0.0000000000E+00,    0.0000000000E+00,    3.8456781071E-01
      5750,      0.676911,CP4_after_advection,   1,    0.0000000000E+00,    3.8470023140E-01,    3.8470023140E-01,    0.0000000000E+00,    0.0000000000E+00,    0.0000000000E+00,    3.8470023140E-01
      5750,      0.676911,CP5_after_vdif,   1,    0.0000000000E+00,    3.8470023140E-01,    3.8470023140E-01,    0.0000000000E+00,    0.0000000000E+00,    0.0000000000E+00,    3.8470023140E-01
      5750,      0.676911,CP6_after_kinetics,   1,    0.0000000000E+00,    3.8470023140E-01,    3.8470023140E-01,    0.0000000000E+00,    0.0000000000E+00,    0.0000000000E+00,    3.8470023140E-01
      5750,      0.676911,CP7_after_upper_clamp,   1,    0.0000000000E+00,    3.8470023140E-01,    3.8470023140E-01,    0.0000000000E+00,    0.0000000000E+00,    0.0000000000E+00,    3.8470023140E-01
      5750,      0.676911,CP8_after_OBC,   1,    0.0000000000E+00,    3.8470023140E-01,    3.8470023140E-01,    0.0000000000E+00,    0.0000000000E+00,    0.0000000000E+00,    3.8470023140E-01
      5750,      0.676911,CP9_after_PTsource,   1,    0.0000000000E+00,    3.8470023140E-01,    3.8470023140E-01,    0.0000000000E+00,    0.0000000000E+00,    0.0000000000E+00,    3.8470023140E-01
      5750,      0.676911,CP10_after_neg_clamp,   1,    0.0000000000E+00,    3.8470023140E-01,    3.8470023140E-01,    0.0000000000E+00,    0.0000000000E+00,    0.0000000000E+00,    3.8470023140E-01
      5750,      0.676911,CP11_after_MPI,   1,    0.0000000000E+00,    3.8470023140E-01,    3.8470023140E-01,    0.0000000000E+00,    0.0000000000E+00,    0.0000000000E+00,    3.8470023140E-01
      5750,      0.676911,CP12_end,   1,    0.0000000000E+00,    3.8470023140E-01,    3.8470023140E-01,    0.0000000000E+00,    0.0000000000E+00,    0.0000000000E+00,    3.8470023140E-01
      5800,      0.676911,CP0_start,   1,    0.0000000000E+00,    3.9122214875E-01,    3.9122214875E-01,    0.0000000000E+00,    0.0000000000E+00,    0.0000000000E+00,    3.9122214875E-01
      5800,      0.676911,CP1_after_deposition,   1,    0.0000000000E+00,    3.9122214875E-01,    3.9122214875E-01,    0.0000000000E+00,    0.0000000000E+00,    0.0000000000E+00,    3.9122214875E-01
      5800,      0.676911,CP2_after_erosion,   1,    0.0000000000E+00,    3.9122214875E-01,    3.9122214875E-01,    0.0000000000E+00,    0.0000000000E+00,    0.0000000000E+00,    3.9122214875E-01
      5800,      0.676911,CP3_after_update_bottom,   1,    0.0000000000E+00,    3.9122214875E-01,    3.9122214875E-01,    0.0000000000E+00,    0.0000000000E+00,    0.0000000000E+00,    3.9122214875E-01
      5800,      0.676911,CP4_after_advection,   1,    0.0000000000E+00,    3.9135554222E-01,    3.9135554222E-01,    0.0000000000E+00,    0.0000000000E+00,    0.0000000000E+00,    3.9135554222E-01
      5800,      0.676911,CP5_after_vdif,   1,    0.0000000000E+00,    3.9135554222E-01,    3.9135554222E-01,    0.0000000000E+00,    0.0000000000E+00,    0.0000000000E+00,    3.9135554222E-01
      5800,      0.676911,CP6_after_kinetics,   1,    0.0000000000E+00,    3.9135554222E-01,    3.9135554222E-01,    0.0000000000E+00,    0.0000000000E+00,    0.0000000000E+00,    3.9135554222E-01
      5800,      0.676911,CP7_after_upper_clamp,   1,    0.0000000000E+00,    3.9135554222E-01,    3.9135554222E-01,    0.0000000000E+00,    0.0000000000E+00,    0.0000000000E+00,    3.9135554222E-01
      5800,      0.676911,CP8_after_OBC,   1,    0.0000000000E+00,    3.9135554222E-01,    3.9135554222E-01,    0.0000000000E+00,    0.0000000000E+00,    0.0000000000E+00,    3.9135554222E-01
      5800,      0.676911,CP9_after_PTsource,   1,    0.0000000000E+00,    3.9135554222E-01,    3.9135554222E-01,    0.0000000000E+00,    0.0000000000E+00,    0.0000000000E+00,    3.9135554222E-01
      5800,      0.676911,CP10_after_neg_clamp,   1,    0.0000000000E+00,    3.9135554222E-01,    3.9135554222E-01,    0.0000000000E+00,    0.0000000000E+00,    0.0000000000E+00,    3.9135554222E-01
      5800,      0.676911,CP11_after_MPI,   1,    0.0000000000E+00,    3.9135554222E-01,    3.9135554222E-01,    0.0000000000E+00,    0.0000000000E+00,    0.0000000000E+00,    3.9135554222E-01
      5800,      0.676911,CP12_end,   1,    0.0000000000E+00,    3.9135554222E-01,    3.9135554222E-01,    0.0000000000E+00,    0.0000000000E+00,    0.0000000000E+00,    3.9135554222E-01
      5850,      0.676911,CP0_start,   1,    0.0000000000E+00,    3.9793380469E-01,    3.9793380469E-01,    0.0000000000E+00,    0.0000000000E+00,    0.0000000000E+00,    3.9793380469E-01
      5850,      0.676911,CP1_after_deposition,   1,    0.0000000000E+00,    3.9793380469E-01,    3.9793380469E-01,    0.0000000000E+00,    0.0000000000E+00,    0.0000000000E+00,    3.9793380469E-01
      5850,      0.676911,CP2_after_erosion,   1,    0.0000000000E+00,    3.9793380469E-01,    3.9793380469E-01,    0.0000000000E+00,    0.0000000000E+00,    0.0000000000E+00,    3.9793380469E-01
      5850,      0.676911,CP3_after_update_bottom,   1,    0.0000000000E+00,    3.9793380469E-01,    3.9793380469E-01,    0.0000000000E+00,    0.0000000000E+00,    0.0000000000E+00,    3.9793380469E-01
      5850,      0.676911,CP4_after_advection,   1,    0.0000000000E+00,    3.9806844197E-01,    3.9806844197E-01,    0.0000000000E+00,    0.0000000000E+00,    0.0000000000E+00,    3.9806844197E-01
      5850,      0.676911,CP5_after_vdif,   1,    0.0000000000E+00,    3.9806844197E-01,    3.9806844197E-01,    0.0000000000E+00,    0.0000000000E+00,    0.0000000000E+00,    3.9806844197E-01
      5850,      0.676911,CP6_after_kinetics,   1,    0.0000000000E+00,    3.9806844197E-01,    3.9806844197E-01,    0.0000000000E+00,    0.0000000000E+00,    0.0000000000E+00,    3.9806844197E-01
      5850,      0.676911,CP7_after_upper_clamp,   1,    0.0000000000E+00,    3.9806844197E-01,    3.9806844197E-01,    0.0000000000E+00,    0.0000000000E+00,    0.0000000000E+00,    3.9806844197E-01
      5850,      0.676911,CP8_after_OBC,   1,    0.0000000000E+00,    3.9806844197E-01,    3.9806844197E-01,    0.0000000000E+00,    0.0000000000E+00,    0.0000000000E+00,    3.9806844197E-01
      5850,      0.676911,CP9_after_PTsource,   1,    0.0000000000E+00,    3.9806844197E-01,    3.9806844197E-01,    0.0000000000E+00,    0.0000000000E+00,    0.0000000000E+00,    3.9806844197E-01
      5850,      0.676911,CP10_after_neg_clamp,   1,    0.0000000000E+00,    3.9806844197E-01,    3.9806844197E-01,    0.0000000000E+00,    0.0000000000E+00,    0.0000000000E+00,    3.9806844197E-01
      5850,      0.676911,CP11_after_MPI,   1,    0.0000000000E+00,    3.9806844197E-01,    3.9806844197E-01,    0.0000000000E+00,    0.0000000000E+00,    0.0000000000E+00,    3.9806844197E-01
      5850,      0.676911,CP12_end,   1,    0.0000000000E+00,    3.9806844197E-01,    3.9806844197E-01,    0.0000000000E+00,    0.0000000000E+00,    0.0000000000E+00,    3.9806844197E-01
      5900,      0.676911,CP0_start,   1,    0.0000000000E+00,    4.0470303878E-01,    4.0470303878E-01,    0.0000000000E+00,    0.0000000000E+00,    0.0000000000E+00,    4.0470303878E-01
      5900,      0.676911,CP1_after_deposition,   1,    0.0000000000E+00,    4.0470303878E-01,    4.0470303878E-01,    0.0000000000E+00,    0.0000000000E+00,    0.0000000000E+00,    4.0470303878E-01
      5900,      0.676911,CP2_after_erosion,   1,    0.0000000000E+00,    4.0470303878E-01,    4.0470303878E-01,    0.0000000000E+00,    0.0000000000E+00,    0.0000000000E+00,    4.0470303878E-01
      5900,      0.676911,CP3_after_update_bottom,   1,    0.0000000000E+00,    4.0470303878E-01,    4.0470303878E-01,    0.0000000000E+00,    0.0000000000E+00,    0.0000000000E+00,    4.0470303878E-01
      5900,      0.676911,CP4_after_advection,   1,    0.0000000000E+00,    4.0483892995E-01,    4.0483892995E-01,    0.0000000000E+00,    0.0000000000E+00,    0.0000000000E+00,    4.0483892995E-01
      5900,      0.676911,CP5_after_vdif,   1,    0.0000000000E+00,    4.0483892995E-01,    4.0483892995E-01,    0.0000000000E+00,    0.0000000000E+00,    0.0000000000E+00,    4.0483892995E-01
      5900,      0.676911,CP6_after_kinetics,   1,    0.0000000000E+00,    4.0483892995E-01,    4.0483892995E-01,    0.0000000000E+00,    0.0000000000E+00,    0.0000000000E+00,    4.0483892995E-01
      5900,      0.676911,CP7_after_upper_clamp,   1,    0.0000000000E+00,    4.0483892995E-01,    4.0483892995E-01,    0.0000000000E+00,    0.0000000000E+00,    0.0000000000E+00,    4.0483892995E-01
      5900,      0.676911,CP8_after_OBC,   1,    0.0000000000E+00,    4.0483892995E-01,    4.0483892995E-01,    0.0000000000E+00,    0.0000000000E+00,    0.0000000000E+00,    4.0483892995E-01
      5900,      0.676911,CP9_after_PTsource,   1,    0.0000000000E+00,    4.0483892995E-01,    4.0483892995E-01,    0.0000000000E+00,    0.0000000000E+00,    0.0000000000E+00,    4.0483892995E-01
      5900,      0.676911,CP10_after_neg_clamp,   1,    0.0000000000E+00,    4.0483892995E-01,    4.0483892995E-01,    0.0000000000E+00,    0.0000000000E+00,    0.0000000000E+00,    4.0483892995E-01
      5900,      0.676911,CP11_after_MPI,   1,    0.0000000000E+00,    4.0483892995E-01,    4.0483892995E-01,    0.0000000000E+00,    0.0000000000E+00,    0.0000000000E+00,    4.0483892995E-01
      5900,      0.676911,CP12_end,   1,    0.0000000000E+00,    4.0483892995E-01,    4.0483892995E-01,    0.0000000000E+00,    0.0000000000E+00,    0.0000000000E+00,    4.0483892995E-01
      5950,      0.676911,CP0_start,   1,    0.0000000000E+00,    4.1153009128E-01,    4.1153009128E-01,    0.0000000000E+00,    0.0000000000E+00,    0.0000000000E+00,    4.1153009128E-01
      5950,      0.676911,CP1_after_deposition,   1,    0.0000000000E+00,    4.1153009128E-01,    4.1153009128E-01,    0.0000000000E+00,    0.0000000000E+00,    0.0000000000E+00,    4.1153009128E-01
      5950,      0.676911,CP2_after_erosion,   1,    0.0000000000E+00,    4.1153009128E-01,    4.1153009128E-01,    0.0000000000E+00,    0.0000000000E+00,    0.0000000000E+00,    4.1153009128E-01
      5950,      0.676911,CP3_after_update_bottom,   1,    0.0000000000E+00,    4.1153009128E-01,    4.1153009128E-01,    0.0000000000E+00,    0.0000000000E+00,    0.0000000000E+00,    4.1153009128E-01
      5950,      0.676911,CP4_after_advection,   1,    0.0000000000E+00,    4.1166700543E-01,    4.1166700543E-01,    0.0000000000E+00,    0.0000000000E+00,    0.0000000000E+00,    4.1166700543E-01
      5950,      0.676911,CP5_after_vdif,   1,    0.0000000000E+00,    4.1166700543E-01,    4.1166700543E-01,    0.0000000000E+00,    0.0000000000E+00,    0.0000000000E+00,    4.1166700543E-01
      5950,      0.676911,CP6_after_kinetics,   1,    0.0000000000E+00,    4.1166700543E-01,    4.1166700543E-01,    0.0000000000E+00,    0.0000000000E+00,    0.0000000000E+00,    4.1166700543E-01
      5950,      0.676911,CP7_after_upper_clamp,   1,    0.0000000000E+00,    4.1166700543E-01,    4.1166700543E-01,    0.0000000000E+00,    0.0000000000E+00,    0.0000000000E+00,    4.1166700543E-01
      5950,      0.676911,CP8_after_OBC,   1,    0.0000000000E+00,    4.1166700543E-01,    4.1166700543E-01,    0.0000000000E+00,    0.0000000000E+00,    0.0000000000E+00,    4.1166700543E-01
      5950,      0.676911,CP9_after_PTsource,   1,    0.0000000000E+00,    4.1166700543E-01,    4.1166700543E-01,    0.0000000000E+00,    0.0000000000E+00,    0.0000000000E+00,    4.1166700543E-01
      5950,      0.676911,CP10_after_neg_clamp,   1,    0.0000000000E+00,    4.1166700543E-01,    4.1166700543E-01,    0.0000000000E+00,    0.0000000000E+00,    0.0000000000E+00,    4.1166700543E-01
      5950,      0.676911,CP11_after_MPI,   1,    0.0000000000E+00,    4.1166700543E-01,    4.1166700543E-01,    0.0000000000E+00,    0.0000000000E+00,    0.0000000000E+00,    4.1166700543E-01
      5950,      0.676911,CP12_end,   1,    0.0000000000E+00,    4.1166700543E-01,    4.1166700543E-01,    0.0000000000E+00,    0.0000000000E+00,    0.0000000000E+00,    4.1166700543E-01
      6000,      0.676911,CP0_start,   1,    0.0000000000E+00,    4.1841450603E-01,    4.1841450603E-01,    0.0000000000E+00,    0.0000000000E+00,    0.0000000000E+00,    4.1841450603E-01
      6000,      0.676911,CP1_after_deposition,   1,    0.0000000000E+00,    4.1841450603E-01,    4.1841450603E-01,    0.0000000000E+00,    0.0000000000E+00,    0.0000000000E+00,    4.1841450603E-01
      6000,      0.676911,CP2_after_erosion,   1,    0.0000000000E+00,    4.1841450603E-01,    4.1841450603E-01,    0.0000000000E+00,    0.0000000000E+00,    0.0000000000E+00,    4.1841450603E-01
      6000,      0.676911,CP3_after_update_bottom,   1,    0.0000000000E+00,    4.1841450603E-01,    4.1841450603E-01,    0.0000000000E+00,    0.0000000000E+00,    0.0000000000E+00,    4.1841450603E-01
      6000,      0.676911,CP4_after_advection,   1,    0.0000000000E+00,    4.1855266767E-01,    4.1855266767E-01,    0.0000000000E+00,    0.0000000000E+00,    0.0000000000E+00,    4.1855266767E-01
      6000,      0.676911,CP5_after_vdif,   1,    0.0000000000E+00,    4.1855266767E-01,    4.1855266767E-01,    0.0000000000E+00,    0.0000000000E+00,    0.0000000000E+00,    4.1855266767E-01
      6000,      0.676911,CP6_after_kinetics,   1,    0.0000000000E+00,    4.1855266767E-01,    4.1855266767E-01,    0.0000000000E+00,    0.0000000000E+00,    0.0000000000E+00,    4.1855266767E-01
      6000,      0.676911,CP7_after_upper_clamp,   1,    0.0000000000E+00,    4.1855266767E-01,    4.1855266767E-01,    0.0000000000E+00,    0.0000000000E+00,    0.0000000000E+00,    4.1855266767E-01
      6000,      0.676911,CP8_after_OBC,   1,    0.0000000000E+00,    4.1855266767E-01,    4.1855266767E-01,    0.0000000000E+00,    0.0000000000E+00,    0.0000000000E+00,    4.1855266767E-01
      6000,      0.676911,CP9_after_PTsource,   1,    0.0000000000E+00,    4.1855266767E-01,    4.1855266767E-01,    0.0000000000E+00,    0.0000000000E+00,    0.0000000000E+00,    4.1855266767E-01
      6000,      0.676911,CP10_after_neg_clamp,   1,    0.0000000000E+00,    4.1855266767E-01,    4.1855266767E-01,    0.0000000000E+00,    0.0000000000E+00,    0.0000000000E+00,    4.1855266767E-01
      6000,      0.676911,CP11_after_MPI,   1,    0.0000000000E+00,    4.1855266767E-01,    4.1855266767E-01,    0.0000000000E+00,    0.0000000000E+00,    0.0000000000E+00,    4.1855266767E-01
      6000,      0.676911,CP12_end,   1,    0.0000000000E+00,    4.1855266767E-01,    4.1855266767E-01,    0.0000000000E+00,    0.0000000000E+00,    0.0000000000E+00,    4.1855266767E-01
      6050,      0.676911,CP0_start,   1,    0.0000000000E+00,    4.2535664756E-01,    4.2535664756E-01,    0.0000000000E+00,    0.0000000000E+00,    0.0000000000E+00,    4.2535664756E-01
      6050,      0.676911,CP1_after_deposition,   1,    0.0000000000E+00,    4.2535664756E-01,    4.2535664756E-01,    0.0000000000E+00,    0.0000000000E+00,    0.0000000000E+00,    4.2535664756E-01
      6050,      0.676911,CP2_after_erosion,   1,    0.0000000000E+00,    4.2535664756E-01,    4.2535664756E-01,    0.0000000000E+00,    0.0000000000E+00,    0.0000000000E+00,    4.2535664756E-01
      6050,      0.676911,CP3_after_update_bottom,   1,    0.0000000000E+00,    4.2535664756E-01,    4.2535664756E-01,    0.0000000000E+00,    0.0000000000E+00,    0.0000000000E+00,    4.2535664756E-01
      6050,      0.676911,CP4_after_advection,   1,    0.0000000000E+00,    4.2549591593E-01,    4.2549591593E-01,    0.0000000000E+00,    0.0000000000E+00,    0.0000000000E+00,    4.2549591593E-01
      6050,      0.676911,CP5_after_vdif,   1,    0.0000000000E+00,    4.2549591593E-01,    4.2549591593E-01,    0.0000000000E+00,    0.0000000000E+00,    0.0000000000E+00,    4.2549591593E-01
      6050,      0.676911,CP6_after_kinetics,   1,    0.0000000000E+00,    4.2549591593E-01,    4.2549591593E-01,    0.0000000000E+00,    0.0000000000E+00,    0.0000000000E+00,    4.2549591593E-01
      6050,      0.676911,CP7_after_upper_clamp,   1,    0.0000000000E+00,    4.2549591593E-01,    4.2549591593E-01,    0.0000000000E+00,    0.0000000000E+00,    0.0000000000E+00,    4.2549591593E-01
      6050,      0.676911,CP8_after_OBC,   1,    0.0000000000E+00,    4.2549591593E-01,    4.2549591593E-01,    0.0000000000E+00,    0.0000000000E+00,    0.0000000000E+00,    4.2549591593E-01
      6050,      0.676911,CP9_after_PTsource,   1,    0.0000000000E+00,    4.2549591593E-01,    4.2549591593E-01,    0.0000000000E+00,    0.0000000000E+00,    0.0000000000E+00,    4.2549591593E-01
      6050,      0.676911,CP10_after_neg_clamp,   1,    0.0000000000E+00,    4.2549591593E-01,    4.2549591593E-01,    0.0000000000E+00,    0.0000000000E+00,    0.0000000000E+00,    4.2549591593E-01
      6050,      0.676911,CP11_after_MPI,   1,    0.0000000000E+00,    4.2549591593E-01,    4.2549591593E-01,    0.0000000000E+00,    0.0000000000E+00,    0.0000000000E+00,    4.2549591593E-01
      6050,      0.676911,CP12_end,   1,    0.0000000000E+00,    4.2549591593E-01,    4.2549591593E-01,    0.0000000000E+00,    0.0000000000E+00,    0.0000000000E+00,    4.2549591593E-01
      6100,      0.676911,CP0_start,   1,    0.0000000000E+00,    4.3235639852E-01,    4.3235639852E-01,    0.0000000000E+00,    0.0000000000E+00,    0.0000000000E+00,    4.3235639852E-01
      6100,      0.676911,CP1_after_deposition,   1,    0.0000000000E+00,    4.3235639852E-01,    4.3235639852E-01,    0.0000000000E+00,    0.0000000000E+00,    0.0000000000E+00,    4.3235639852E-01
      6100,      0.676911,CP2_after_erosion,   1,    0.0000000000E+00,    4.3235639852E-01,    4.3235639852E-01,    0.0000000000E+00,    0.0000000000E+00,    0.0000000000E+00,    4.3235639852E-01
      6100,      0.676911,CP3_after_update_bottom,   1,    0.0000000000E+00,    4.3235639852E-01,    4.3235639852E-01,    0.0000000000E+00,    0.0000000000E+00,    0.0000000000E+00,    4.3235639852E-01
      6100,      0.676911,CP4_after_advection,   1,    0.0000000000E+00,    4.3249674949E-01,    4.3249674949E-01,    0.0000000000E+00,    0.0000000000E+00,    0.0000000000E+00,    4.3249674949E-01
      6100,      0.676911,CP5_after_vdif,   1,    0.0000000000E+00,    4.3249674949E-01,    4.3249674949E-01,    0.0000000000E+00,    0.0000000000E+00,    0.0000000000E+00,    4.3249674949E-01
      6100,      0.676911,CP6_after_kinetics,   1,    0.0000000000E+00,    4.3249674949E-01,    4.3249674949E-01,    0.0000000000E+00,    0.0000000000E+00,    0.0000000000E+00,    4.3249674949E-01
      6100,      0.676911,CP7_after_upper_clamp,   1,    0.0000000000E+00,    4.3249674949E-01,    4.3249674949E-01,    0.0000000000E+00,    0.0000000000E+00,    0.0000000000E+00,    4.3249674949E-01
      6100,      0.676911,CP8_after_OBC,   1,    0.0000000000E+00,    4.3249674949E-01,    4.3249674949E-01,    0.0000000000E+00,    0.0000000000E+00,    0.0000000000E+00,    4.3249674949E-01
      6100,      0.676911,CP9_after_PTsource,   1,    0.0000000000E+00,    4.3249674949E-01,    4.3249674949E-01,    0.0000000000E+00,    0.0000000000E+00,    0.0000000000E+00,    4.3249674949E-01
      6100,      0.676911,CP10_after_neg_clamp,   1,    0.0000000000E+00,    4.3249674949E-01,    4.3249674949E-01,    0.0000000000E+00,    0.0000000000E+00,    0.0000000000E+00,    4.3249674949E-01
      6100,      0.676911,CP11_after_MPI,   1,    0.0000000000E+00,    4.3249674949E-01,    4.3249674949E-01,    0.0000000000E+00,    0.0000000000E+00,    0.0000000000E+00,    4.3249674949E-01
      6100,      0.676911,CP12_end,   1,    0.0000000000E+00,    4.3249674949E-01,    4.3249674949E-01,    0.0000000000E+00,    0.0000000000E+00,    0.0000000000E+00,    4.3249674949E-01
      6150,      0.676911,CP0_start,   1,    0.0000000000E+00,    4.3941347810E-01,    4.3941347810E-01,    0.0000000000E+00,    0.0000000000E+00,    0.0000000000E+00,    4.3941347810E-01
      6150,      0.676911,CP1_after_deposition,   1,    0.0000000000E+00,    4.3941347810E-01,    4.3941347810E-01,    0.0000000000E+00,    0.0000000000E+00,    0.0000000000E+00,    4.3941347810E-01
      6150,      0.676911,CP2_after_erosion,   1,    0.0000000000E+00,    4.3941347810E-01,    4.3941347810E-01,    0.0000000000E+00,    0.0000000000E+00,    0.0000000000E+00,    4.3941347810E-01
      6150,      0.676911,CP3_after_update_bottom,   1,    0.0000000000E+00,    4.3941347810E-01,    4.3941347810E-01,    0.0000000000E+00,    0.0000000000E+00,    0.0000000000E+00,    4.3941347810E-01
      6150,      0.676911,CP4_after_advection,   1,    0.0000000000E+00,    4.3955516757E-01,    4.3955516757E-01,    0.0000000000E+00,    0.0000000000E+00,    0.0000000000E+00,    4.3955516757E-01
      6150,      0.676911,CP5_after_vdif,   1,    0.0000000000E+00,    4.3955516757E-01,    4.3955516757E-01,    0.0000000000E+00,    0.0000000000E+00,    0.0000000000E+00,    4.3955516757E-01
      6150,      0.676911,CP6_after_kinetics,   1,    0.0000000000E+00,    4.3955516757E-01,    4.3955516757E-01,    0.0000000000E+00,    0.0000000000E+00,    0.0000000000E+00,    4.3955516757E-01
      6150,      0.676911,CP7_after_upper_clamp,   1,    0.0000000000E+00,    4.3955516757E-01,    4.3955516757E-01,    0.0000000000E+00,    0.0000000000E+00,    0.0000000000E+00,    4.3955516757E-01
      6150,      0.676911,CP8_after_OBC,   1,    0.0000000000E+00,    4.3955516757E-01,    4.3955516757E-01,    0.0000000000E+00,    0.0000000000E+00,    0.0000000000E+00,    4.3955516757E-01
      6150,      0.676911,CP9_after_PTsource,   1,    0.0000000000E+00,    4.3955516757E-01,    4.3955516757E-01,    0.0000000000E+00,    0.0000000000E+00,    0.0000000000E+00,    4.3955516757E-01
      6150,      0.676911,CP10_after_neg_clamp,   1,    0.0000000000E+00,    4.3955516757E-01,    4.3955516757E-01,    0.0000000000E+00,    0.0000000000E+00,    0.0000000000E+00,    4.3955516757E-01
      6150,      0.676911,CP11_after_MPI,   1,    0.0000000000E+00,    4.3955516757E-01,    4.3955516757E-01,    0.0000000000E+00,    0.0000000000E+00,    0.0000000000E+00,    4.3955516757E-01
      6150,      0.676911,CP12_end,   1,    0.0000000000E+00,    4.3955516757E-01,    4.3955516757E-01,    0.0000000000E+00,    0.0000000000E+00,    0.0000000000E+00,    4.3955516757E-01
      6200,      0.676911,CP0_start,   1,    0.0000000000E+00,    4.4652845331E-01,    4.4652845331E-01,    0.0000000000E+00,    0.0000000000E+00,    0.0000000000E+00,    4.4652845331E-01
      6200,      0.676911,CP1_after_deposition,   1,    0.0000000000E+00,    4.4652845331E-01,    4.4652845331E-01,    0.0000000000E+00,    0.0000000000E+00,    0.0000000000E+00,    4.4652845331E-01
      6200,      0.676911,CP2_after_erosion,   1,    0.0000000000E+00,    4.4652845331E-01,    4.4652845331E-01,    0.0000000000E+00,    0.0000000000E+00,    0.0000000000E+00,    4.4652845331E-01
      6200,      0.676911,CP3_after_update_bottom,   1,    0.0000000000E+00,    4.4652845331E-01,    4.4652845331E-01,    0.0000000000E+00,    0.0000000000E+00,    0.0000000000E+00,    4.4652845331E-01
      6200,      0.676911,CP4_after_advection,   1,    0.0000000000E+00,    4.4667116944E-01,    4.4667116944E-01,    0.0000000000E+00,    0.0000000000E+00,    0.0000000000E+00,    4.4667116944E-01
      6200,      0.676911,CP5_after_vdif,   1,    0.0000000000E+00,    4.4667116944E-01,    4.4667116944E-01,    0.0000000000E+00,    0.0000000000E+00,    0.0000000000E+00,    4.4667116944E-01
      6200,      0.676911,CP6_after_kinetics,   1,    0.0000000000E+00,    4.4667116944E-01,    4.4667116944E-01,    0.0000000000E+00,    0.0000000000E+00,    0.0000000000E+00,    4.4667116944E-01
      6200,      0.676911,CP7_after_upper_clamp,   1,    0.0000000000E+00,    4.4667116944E-01,    4.4667116944E-01,    0.0000000000E+00,    0.0000000000E+00,    0.0000000000E+00,    4.4667116944E-01
      6200,      0.676911,CP8_after_OBC,   1,    0.0000000000E+00,    4.4667116944E-01,    4.4667116944E-01,    0.0000000000E+00,    0.0000000000E+00,    0.0000000000E+00,    4.4667116944E-01
      6200,      0.676911,CP9_after_PTsource,   1,    0.0000000000E+00,    4.4667116944E-01,    4.4667116944E-01,    0.0000000000E+00,    0.0000000000E+00,    0.0000000000E+00,    4.4667116944E-01
      6200,      0.676911,CP10_after_neg_clamp,   1,    0.0000000000E+00,    4.4667116944E-01,    4.4667116944E-01,    0.0000000000E+00,    0.0000000000E+00,    0.0000000000E+00,    4.4667116944E-01
      6200,      0.676911,CP11_after_MPI,   1,    0.0000000000E+00,    4.4667116944E-01,    4.4667116944E-01,    0.0000000000E+00,    0.0000000000E+00,    0.0000000000E+00,    4.4667116944E-01
      6200,      0.676911,CP12_end,   1,    0.0000000000E+00,    4.4667116944E-01,    4.4667116944E-01,    0.0000000000E+00,    0.0000000000E+00,    0.0000000000E+00,    4.4667116944E-01
      6250,      0.676911,CP0_start,   1,    0.0000000000E+00,    4.5370077798E-01,    4.5370077798E-01,    0.0000000000E+00,    0.0000000000E+00,    0.0000000000E+00,    4.5370077798E-01
      6250,      0.676911,CP1_after_deposition,   1,    0.0000000000E+00,    4.5370077798E-01,    4.5370077798E-01,    0.0000000000E+00,    0.0000000000E+00,    0.0000000000E+00,    4.5370077798E-01
      6250,      0.676911,CP2_after_erosion,   1,    0.0000000000E+00,    4.5370077798E-01,    4.5370077798E-01,    0.0000000000E+00,    0.0000000000E+00,    0.0000000000E+00,    4.5370077798E-01
      6250,      0.676911,CP3_after_update_bottom,   1,    0.0000000000E+00,    4.5370077798E-01,    4.5370077798E-01,    0.0000000000E+00,    0.0000000000E+00,    0.0000000000E+00,    4.5370077798E-01
      6250,      0.676911,CP4_after_advection,   1,    0.0000000000E+00,    4.5384475432E-01,    4.5384475432E-01,    0.0000000000E+00,    0.0000000000E+00,    0.0000000000E+00,    4.5384475432E-01
      6250,      0.676911,CP5_after_vdif,   1,    0.0000000000E+00,    4.5384475432E-01,    4.5384475432E-01,    0.0000000000E+00,    0.0000000000E+00,    0.0000000000E+00,    4.5384475432E-01
      6250,      0.676911,CP6_after_kinetics,   1,    0.0000000000E+00,    4.5384475432E-01,    4.5384475432E-01,    0.0000000000E+00,    0.0000000000E+00,    0.0000000000E+00,    4.5384475432E-01
      6250,      0.676911,CP7_after_upper_clamp,   1,    0.0000000000E+00,    4.5384475432E-01,    4.5384475432E-01,    0.0000000000E+00,    0.0000000000E+00,    0.0000000000E+00,    4.5384475432E-01
      6250,      0.676911,CP8_after_OBC,   1,    0.0000000000E+00,    4.5384475432E-01,    4.5384475432E-01,    0.0000000000E+00,    0.0000000000E+00,    0.0000000000E+00,    4.5384475432E-01
      6250,      0.676911,CP9_after_PTsource,   1,    0.0000000000E+00,    4.5384475432E-01,    4.5384475432E-01,    0.0000000000E+00,    0.0000000000E+00,    0.0000000000E+00,    4.5384475432E-01
      6250,      0.676911,CP10_after_neg_clamp,   1,    0.0000000000E+00,    4.5384475432E-01,    4.5384475432E-01,    0.0000000000E+00,    0.0000000000E+00,    0.0000000000E+00,    4.5384475432E-01
      6250,      0.676911,CP11_after_MPI,   1,    0.0000000000E+00,    4.5384475432E-01,    4.5384475432E-01,    0.0000000000E+00,    0.0000000000E+00,    0.0000000000E+00,    4.5384475432E-01
      6250,      0.676911,CP12_end,   1,    0.0000000000E+00,    4.5384475432E-01,    4.5384475432E-01,    0.0000000000E+00,    0.0000000000E+00,    0.0000000000E+00,    4.5384475432E-01
      6300,      0.676911,CP0_start,   1,    0.0000000000E+00,    4.6093076546E-01,    4.6093076546E-01,    0.0000000000E+00,    0.0000000000E+00,    0.0000000000E+00,    4.6093076546E-01
      6300,      0.676911,CP1_after_deposition,   1,    0.0000000000E+00,    4.6093076546E-01,    4.6093076546E-01,    0.0000000000E+00,    0.0000000000E+00,    0.0000000000E+00,    4.6093076546E-01
      6300,      0.676911,CP2_after_erosion,   1,    0.0000000000E+00,    4.6093076546E-01,    4.6093076546E-01,    0.0000000000E+00,    0.0000000000E+00,    0.0000000000E+00,    4.6093076546E-01
      6300,      0.676911,CP3_after_update_bottom,   1,    0.0000000000E+00,    4.6093076546E-01,    4.6093076546E-01,    0.0000000000E+00,    0.0000000000E+00,    0.0000000000E+00,    4.6093076546E-01
      6300,      0.676911,CP4_after_advection,   1,    0.0000000000E+00,    4.6107592145E-01,    4.6107592145E-01,    0.0000000000E+00,    0.0000000000E+00,    0.0000000000E+00,    4.6107592145E-01
      6300,      0.676911,CP5_after_vdif,   1,    0.0000000000E+00,    4.6107592145E-01,    4.6107592145E-01,    0.0000000000E+00,    0.0000000000E+00,    0.0000000000E+00,    4.6107592145E-01
      6300,      0.676911,CP6_after_kinetics,   1,    0.0000000000E+00,    4.6107592145E-01,    4.6107592145E-01,    0.0000000000E+00,    0.0000000000E+00,    0.0000000000E+00,    4.6107592145E-01
      6300,      0.676911,CP7_after_upper_clamp,   1,    0.0000000000E+00,    4.6107592145E-01,    4.6107592145E-01,    0.0000000000E+00,    0.0000000000E+00,    0.0000000000E+00,    4.6107592145E-01
      6300,      0.676911,CP8_after_OBC,   1,    0.0000000000E+00,    4.6107592145E-01,    4.6107592145E-01,    0.0000000000E+00,    0.0000000000E+00,    0.0000000000E+00,    4.6107592145E-01
      6300,      0.676911,CP9_after_PTsource,   1,    0.0000000000E+00,    4.6107592145E-01,    4.6107592145E-01,    0.0000000000E+00,    0.0000000000E+00,    0.0000000000E+00,    4.6107592145E-01
      6300,      0.676911,CP10_after_neg_clamp,   1,    0.0000000000E+00,    4.6107592145E-01,    4.6107592145E-01,    0.0000000000E+00,    0.0000000000E+00,    0.0000000000E+00,    4.6107592145E-01
      6300,      0.676911,CP11_after_MPI,   1,    0.0000000000E+00,    4.6107592145E-01,    4.6107592145E-01,    0.0000000000E+00,    0.0000000000E+00,    0.0000000000E+00,    4.6107592145E-01
      6300,      0.676911,CP12_end,   1,    0.0000000000E+00,    4.6107592145E-01,    4.6107592145E-01,    0.0000000000E+00,    0.0000000000E+00,    0.0000000000E+00,    4.6107592145E-01
      6350,      0.676911,CP0_start,   1,    0.0000000000E+00,    4.6814713529E-01,    4.6814713529E-01,    0.0000000000E+00,    0.0000000000E+00,    0.0000000000E+00,    4.6814713529E-01
      6350,      0.676911,CP1_after_deposition,   1,    0.0000000000E+00,    4.6814713529E-01,    4.6814713529E-01,    0.0000000000E+00,    0.0000000000E+00,    0.0000000000E+00,    4.6814713529E-01
      6350,      0.676911,CP2_after_erosion,   1,    0.0000000000E+00,    4.6814713529E-01,    4.6814713529E-01,    0.0000000000E+00,    0.0000000000E+00,    0.0000000000E+00,    4.6814713529E-01
      6350,      0.676911,CP3_after_update_bottom,   1,    0.0000000000E+00,    4.6814713529E-01,    4.6814713529E-01,    0.0000000000E+00,    0.0000000000E+00,    0.0000000000E+00,    4.6814713529E-01
      6350,      0.676911,CP4_after_advection,   1,    0.0000000000E+00,    4.6829192804E-01,    4.6829192804E-01,    0.0000000000E+00,    0.0000000000E+00,    0.0000000000E+00,    4.6829192804E-01
      6350,      0.676911,CP5_after_vdif,   1,    0.0000000000E+00,    4.6829192804E-01,    4.6829192804E-01,    0.0000000000E+00,    0.0000000000E+00,    0.0000000000E+00,    4.6829192804E-01
      6350,      0.676911,CP6_after_kinetics,   1,    0.0000000000E+00,    4.6829192804E-01,    4.6829192804E-01,    0.0000000000E+00,    0.0000000000E+00,    0.0000000000E+00,    4.6829192804E-01
      6350,      0.676911,CP7_after_upper_clamp,   1,    0.0000000000E+00,    4.6829192804E-01,    4.6829192804E-01,    0.0000000000E+00,    0.0000000000E+00,    0.0000000000E+00,    4.6829192804E-01
      6350,      0.676911,CP8_after_OBC,   1,    0.0000000000E+00,    4.6829192804E-01,    4.6829192804E-01,    0.0000000000E+00,    0.0000000000E+00,    0.0000000000E+00,    4.6829192804E-01
      6350,      0.676911,CP9_after_PTsource,   1,    0.0000000000E+00,    4.6829192804E-01,    4.6829192804E-01,    0.0000000000E+00,    0.0000000000E+00,    0.0000000000E+00,    4.6829192804E-01
      6350,      0.676911,CP10_after_neg_clamp,   1,    0.0000000000E+00,    4.6829192804E-01,    4.6829192804E-01,    0.0000000000E+00,    0.0000000000E+00,    0.0000000000E+00,    4.6829192804E-01
      6350,      0.676911,CP11_after_MPI,   1,    0.0000000000E+00,    4.6829192804E-01,    4.6829192804E-01,    0.0000000000E+00,    0.0000000000E+00,    0.0000000000E+00,    4.6829192804E-01
      6350,      0.676911,CP12_end,   1,    0.0000000000E+00,    4.6829192804E-01,    4.6829192804E-01,    0.0000000000E+00,    0.0000000000E+00,    0.0000000000E+00,    4.6829192804E-01
      6400,      0.676911,CP0_start,   1,    0.0000000000E+00,    4.7541888511E-01,    4.7541888511E-01,    0.0000000000E+00,    0.0000000000E+00,    0.0000000000E+00,    4.7541888511E-01
      6400,      0.676911,CP1_after_deposition,   1,    0.0000000000E+00,    4.7541888511E-01,    4.7541888511E-01,    0.0000000000E+00,    0.0000000000E+00,    0.0000000000E+00,    4.7541888511E-01
      6400,      0.676911,CP2_after_erosion,   1,    0.0000000000E+00,    4.7541888511E-01,    4.7541888511E-01,    0.0000000000E+00,    0.0000000000E+00,    0.0000000000E+00,    4.7541888511E-01
      6400,      0.676911,CP3_after_update_bottom,   1,    0.0000000000E+00,    4.7541888511E-01,    4.7541888511E-01,    0.0000000000E+00,    0.0000000000E+00,    0.0000000000E+00,    4.7541888511E-01
      6400,      0.676911,CP4_after_advection,   1,    0.0000000000E+00,    4.7556494067E-01,    4.7556494067E-01,    0.0000000000E+00,    0.0000000000E+00,    0.0000000000E+00,    4.7556494067E-01
      6400,      0.676911,CP5_after_vdif,   1,    0.0000000000E+00,    4.7556494067E-01,    4.7556494067E-01,    0.0000000000E+00,    0.0000000000E+00,    0.0000000000E+00,    4.7556494067E-01
      6400,      0.676911,CP6_after_kinetics,   1,    0.0000000000E+00,    4.7556494067E-01,    4.7556494067E-01,    0.0000000000E+00,    0.0000000000E+00,    0.0000000000E+00,    4.7556494067E-01
      6400,      0.676911,CP7_after_upper_clamp,   1,    0.0000000000E+00,    4.7556494067E-01,    4.7556494067E-01,    0.0000000000E+00,    0.0000000000E+00,    0.0000000000E+00,    4.7556494067E-01
      6400,      0.676911,CP8_after_OBC,   1,    0.0000000000E+00,    4.7556494067E-01,    4.7556494067E-01,    0.0000000000E+00,    0.0000000000E+00,    0.0000000000E+00,    4.7556494067E-01
      6400,      0.676911,CP9_after_PTsource,   1,    0.0000000000E+00,    4.7556494067E-01,    4.7556494067E-01,    0.0000000000E+00,    0.0000000000E+00,    0.0000000000E+00,    4.7556494067E-01
      6400,      0.676911,CP10_after_neg_clamp,   1,    0.0000000000E+00,    4.7556494067E-01,    4.7556494067E-01,    0.0000000000E+00,    0.0000000000E+00,    0.0000000000E+00,    4.7556494067E-01
      6400,      0.676911,CP11_after_MPI,   1,    0.0000000000E+00,    4.7556494067E-01,    4.7556494067E-01,    0.0000000000E+00,    0.0000000000E+00,    0.0000000000E+00,    4.7556494067E-01
      6400,      0.676911,CP12_end,   1,    0.0000000000E+00,    4.7556494067E-01,    4.7556494067E-01,    0.0000000000E+00,    0.0000000000E+00,    0.0000000000E+00,    4.7556494067E-01
      6450,      0.676911,CP0_start,   1,    0.0000000000E+00,    4.8274801089E-01,    4.8274801089E-01,    0.0000000000E+00,    0.0000000000E+00,    0.0000000000E+00,    4.8274801089E-01
      6450,      0.676911,CP1_after_deposition,   1,    0.0000000000E+00,    4.8274801089E-01,    4.8274801089E-01,    0.0000000000E+00,    0.0000000000E+00,    0.0000000000E+00,    4.8274801089E-01
      6450,      0.676911,CP2_after_erosion,   1,    0.0000000000E+00,    4.8274801089E-01,    4.8274801089E-01,    0.0000000000E+00,    0.0000000000E+00,    0.0000000000E+00,    4.8274801089E-01
      6450,      0.676911,CP3_after_update_bottom,   1,    0.0000000000E+00,    4.8274801089E-01,    4.8274801089E-01,    0.0000000000E+00,    0.0000000000E+00,    0.0000000000E+00,    4.8274801089E-01
      6450,      0.676911,CP4_after_advection,   1,    0.0000000000E+00,    4.8289495856E-01,    4.8289495856E-01,    0.0000000000E+00,    0.0000000000E+00,    0.0000000000E+00,    4.8289495856E-01
      6450,      0.676911,CP5_after_vdif,   1,    0.0000000000E+00,    4.8289495856E-01,    4.8289495856E-01,    0.0000000000E+00,    0.0000000000E+00,    0.0000000000E+00,    4.8289495856E-01
      6450,      0.676911,CP6_after_kinetics,   1,    0.0000000000E+00,    4.8289495856E-01,    4.8289495856E-01,    0.0000000000E+00,    0.0000000000E+00,    0.0000000000E+00,    4.8289495856E-01
      6450,      0.676911,CP7_after_upper_clamp,   1,    0.0000000000E+00,    4.8289495856E-01,    4.8289495856E-01,    0.0000000000E+00,    0.0000000000E+00,    0.0000000000E+00,    4.8289495856E-01
      6450,      0.676911,CP8_after_OBC,   1,    0.0000000000E+00,    4.8289495856E-01,    4.8289495856E-01,    0.0000000000E+00,    0.0000000000E+00,    0.0000000000E+00,    4.8289495856E-01
      6450,      0.676911,CP9_after_PTsource,   1,    0.0000000000E+00,    4.8289495856E-01,    4.8289495856E-01,    0.0000000000E+00,    0.0000000000E+00,    0.0000000000E+00,    4.8289495856E-01
      6450,      0.676911,CP10_after_neg_clamp,   1,    0.0000000000E+00,    4.8289495856E-01,    4.8289495856E-01,    0.0000000000E+00,    0.0000000000E+00,    0.0000000000E+00,    4.8289495856E-01
      6450,      0.676911,CP11_after_MPI,   1,    0.0000000000E+00,    4.8289495856E-01,    4.8289495856E-01,    0.0000000000E+00,    0.0000000000E+00,    0.0000000000E+00,    4.8289495856E-01
      6450,      0.676911,CP12_end,   1,    0.0000000000E+00,    4.8289495856E-01,    4.8289495856E-01,    0.0000000000E+00,    0.0000000000E+00,    0.0000000000E+00,    4.8289495856E-01
      6500,      0.676911,CP0_start,   1,    0.0000000000E+00,    4.9013374079E-01,    4.9013374079E-01,    0.0000000000E+00,    0.0000000000E+00,    0.0000000000E+00,    4.9013374079E-01
      6500,      0.676911,CP1_after_deposition,   1,    0.0000000000E+00,    4.9013374079E-01,    4.9013374079E-01,    0.0000000000E+00,    0.0000000000E+00,    0.0000000000E+00,    4.9013374079E-01
      6500,      0.676911,CP2_after_erosion,   1,    0.0000000000E+00,    4.9013374079E-01,    4.9013374079E-01,    0.0000000000E+00,    0.0000000000E+00,    0.0000000000E+00,    4.9013374079E-01
      6500,      0.676911,CP3_after_update_bottom,   1,    0.0000000000E+00,    4.9013374079E-01,    4.9013374079E-01,    0.0000000000E+00,    0.0000000000E+00,    0.0000000000E+00,    4.9013374079E-01
      6500,      0.676911,CP4_after_advection,   1,    0.0000000000E+00,    4.9028198092E-01,    4.9028198092E-01,    0.0000000000E+00,    0.0000000000E+00,    0.0000000000E+00,    4.9028198092E-01
      6500,      0.676911,CP5_after_vdif,   1,    0.0000000000E+00,    4.9028198092E-01,    4.9028198092E-01,    0.0000000000E+00,    0.0000000000E+00,    0.0000000000E+00,    4.9028198092E-01
      6500,      0.676911,CP6_after_kinetics,   1,    0.0000000000E+00,    4.9028198092E-01,    4.9028198092E-01,    0.0000000000E+00,    0.0000000000E+00,    0.0000000000E+00,    4.9028198092E-01
      6500,      0.676911,CP7_after_upper_clamp,   1,    0.0000000000E+00,    4.9028198092E-01,    4.9028198092E-01,    0.0000000000E+00,    0.0000000000E+00,    0.0000000000E+00,    4.9028198092E-01
      6500,      0.676911,CP8_after_OBC,   1,    0.0000000000E+00,    4.9028198092E-01,    4.9028198092E-01,    0.0000000000E+00,    0.0000000000E+00,    0.0000000000E+00,    4.9028198092E-01
      6500,      0.676911,CP9_after_PTsource,   1,    0.0000000000E+00,    4.9028198092E-01,    4.9028198092E-01,    0.0000000000E+00,    0.0000000000E+00,    0.0000000000E+00,    4.9028198092E-01
      6500,      0.676911,CP10_after_neg_clamp,   1,    0.0000000000E+00,    4.9028198092E-01,    4.9028198092E-01,    0.0000000000E+00,    0.0000000000E+00,    0.0000000000E+00,    4.9028198092E-01
      6500,      0.676911,CP11_after_MPI,   1,    0.0000000000E+00,    4.9028198092E-01,    4.9028198092E-01,    0.0000000000E+00,    0.0000000000E+00,    0.0000000000E+00,    4.9028198092E-01
      6500,      0.676911,CP12_end,   1,    0.0000000000E+00,    4.9028198092E-01,    4.9028198092E-01,    0.0000000000E+00,    0.0000000000E+00,    0.0000000000E+00,    4.9028198092E-01
      6550,      0.676911,CP0_start,   1,    0.0000000000E+00,    4.9757648645E-01,    4.9757648645E-01,    0.0000000000E+00,    0.0000000000E+00,    0.0000000000E+00,    4.9757648645E-01
      6550,      0.676911,CP1_after_deposition,   1,    0.0000000000E+00,    4.9757648645E-01,    4.9757648645E-01,    0.0000000000E+00,    0.0000000000E+00,    0.0000000000E+00,    4.9757648645E-01
      6550,      0.676911,CP2_after_erosion,   1,    0.0000000000E+00,    4.9757648645E-01,    4.9757648645E-01,    0.0000000000E+00,    0.0000000000E+00,    0.0000000000E+00,    4.9757648645E-01
      6550,      0.676911,CP3_after_update_bottom,   1,    0.0000000000E+00,    4.9757648645E-01,    4.9757648645E-01,    0.0000000000E+00,    0.0000000000E+00,    0.0000000000E+00,    4.9757648645E-01
      6550,      0.676911,CP4_after_advection,   1,    0.0000000000E+00,    4.9772600696E-01,    4.9772600696E-01,    0.0000000000E+00,    0.0000000000E+00,    0.0000000000E+00,    4.9772600696E-01
      6550,      0.676911,CP5_after_vdif,   1,    0.0000000000E+00,    4.9772600696E-01,    4.9772600696E-01,    0.0000000000E+00,    0.0000000000E+00,    0.0000000000E+00,    4.9772600696E-01
      6550,      0.676911,CP6_after_kinetics,   1,    0.0000000000E+00,    4.9772600696E-01,    4.9772600696E-01,    0.0000000000E+00,    0.0000000000E+00,    0.0000000000E+00,    4.9772600696E-01
      6550,      0.676911,CP7_after_upper_clamp,   1,    0.0000000000E+00,    4.9772600696E-01,    4.9772600696E-01,    0.0000000000E+00,    0.0000000000E+00,    0.0000000000E+00,    4.9772600696E-01
      6550,      0.676911,CP8_after_OBC,   1,    0.0000000000E+00,    4.9772600696E-01,    4.9772600696E-01,    0.0000000000E+00,    0.0000000000E+00,    0.0000000000E+00,    4.9772600696E-01
      6550,      0.676911,CP9_after_PTsource,   1,    0.0000000000E+00,    4.9772600696E-01,    4.9772600696E-01,    0.0000000000E+00,    0.0000000000E+00,    0.0000000000E+00,    4.9772600696E-01
      6550,      0.676911,CP10_after_neg_clamp,   1,    0.0000000000E+00,    4.9772600696E-01,    4.9772600696E-01,    0.0000000000E+00,    0.0000000000E+00,    0.0000000000E+00,    4.9772600696E-01
      6550,      0.676911,CP11_after_MPI,   1,    0.0000000000E+00,    4.9772600696E-01,    4.9772600696E-01,    0.0000000000E+00,    0.0000000000E+00,    0.0000000000E+00,    4.9772600696E-01
      6550,      0.676911,CP12_end,   1,    0.0000000000E+00,    4.9772600696E-01,    4.9772600696E-01,    0.0000000000E+00,    0.0000000000E+00,    0.0000000000E+00,    4.9772600696E-01
      6600,      0.676911,CP0_start,   1,    0.0000000000E+00,    5.0507655875E-01,    5.0507655875E-01,    0.0000000000E+00,    0.0000000000E+00,    0.0000000000E+00,    5.0507655875E-01
      6600,      0.676911,CP1_after_deposition,   1,    0.0000000000E+00,    5.0507655875E-01,    5.0507655875E-01,    0.0000000000E+00,    0.0000000000E+00,    0.0000000000E+00,    5.0507655875E-01
      6600,      0.676911,CP2_after_erosion,   1,    0.0000000000E+00,    5.0507655875E-01,    5.0507655875E-01,    0.0000000000E+00,    0.0000000000E+00,    0.0000000000E+00,    5.0507655875E-01
      6600,      0.676911,CP3_after_update_bottom,   1,    0.0000000000E+00,    5.0507655875E-01,    5.0507655875E-01,    0.0000000000E+00,    0.0000000000E+00,    0.0000000000E+00,    5.0507655875E-01
      6600,      0.676911,CP4_after_advection,   1,    0.0000000000E+00,    5.0522703588E-01,    5.0522703588E-01,    0.0000000000E+00,    0.0000000000E+00,    0.0000000000E+00,    5.0522703588E-01
      6600,      0.676911,CP5_after_vdif,   1,    0.0000000000E+00,    5.0522703588E-01,    5.0522703588E-01,    0.0000000000E+00,    0.0000000000E+00,    0.0000000000E+00,    5.0522703588E-01
      6600,      0.676911,CP6_after_kinetics,   1,    0.0000000000E+00,    5.0522703588E-01,    5.0522703588E-01,    0.0000000000E+00,    0.0000000000E+00,    0.0000000000E+00,    5.0522703588E-01
      6600,      0.676911,CP7_after_upper_clamp,   1,    0.0000000000E+00,    5.0522703588E-01,    5.0522703588E-01,    0.0000000000E+00,    0.0000000000E+00,    0.0000000000E+00,    5.0522703588E-01
      6600,      0.676911,CP8_after_OBC,   1,    0.0000000000E+00,    5.0522703588E-01,    5.0522703588E-01,    0.0000000000E+00,    0.0000000000E+00,    0.0000000000E+00,    5.0522703588E-01
      6600,      0.676911,CP9_after_PTsource,   1,    0.0000000000E+00,    5.0522703588E-01,    5.0522703588E-01,    0.0000000000E+00,    0.0000000000E+00,    0.0000000000E+00,    5.0522703588E-01
      6600,      0.676911,CP10_after_neg_clamp,   1,    0.0000000000E+00,    5.0522703588E-01,    5.0522703588E-01,    0.0000000000E+00,    0.0000000000E+00,    0.0000000000E+00,    5.0522703588E-01
      6600,      0.676911,CP11_after_MPI,   1,    0.0000000000E+00,    5.0522703588E-01,    5.0522703588E-01,    0.0000000000E+00,    0.0000000000E+00,    0.0000000000E+00,    5.0522703588E-01
      6600,      0.676911,CP12_end,   1,    0.0000000000E+00,    5.0522703588E-01,    5.0522703588E-01,    0.0000000000E+00,    0.0000000000E+00,    0.0000000000E+00,    5.0522703588E-01
      6650,      0.676912,CP0_start,   1,    0.0000000000E+00,    5.1263324770E-01,    5.1263324770E-01,    0.0000000000E+00,    0.0000000000E+00,    0.0000000000E+00,    5.1263324770E-01
      6650,      0.676912,CP1_after_deposition,   1,    0.0000000000E+00,    5.1263324770E-01,    5.1263324770E-01,    0.0000000000E+00,    0.0000000000E+00,    0.0000000000E+00,    5.1263324770E-01
      6650,      0.676912,CP2_after_erosion,   1,    0.0000000000E+00,    5.1263324770E-01,    5.1263324770E-01,    0.0000000000E+00,    0.0000000000E+00,    0.0000000000E+00,    5.1263324770E-01
      6650,      0.676912,CP3_after_update_bottom,   1,    0.0000000000E+00,    5.1263324770E-01,    5.1263324770E-01,    0.0000000000E+00,    0.0000000000E+00,    0.0000000000E+00,    5.1263324770E-01
      6650,      0.676912,CP4_after_advection,   1,    0.0000000000E+00,    5.1278506689E-01,    5.1278506689E-01,    0.0000000000E+00,    0.0000000000E+00,    0.0000000000E+00,    5.1278506689E-01
      6650,      0.676912,CP5_after_vdif,   1,    0.0000000000E+00,    5.1278506689E-01,    5.1278506689E-01,    0.0000000000E+00,    0.0000000000E+00,    0.0000000000E+00,    5.1278506689E-01
      6650,      0.676912,CP6_after_kinetics,   1,    0.0000000000E+00,    5.1278506689E-01,    5.1278506689E-01,    0.0000000000E+00,    0.0000000000E+00,    0.0000000000E+00,    5.1278506689E-01
      6650,      0.676912,CP7_after_upper_clamp,   1,    0.0000000000E+00,    5.1278506689E-01,    5.1278506689E-01,    0.0000000000E+00,    0.0000000000E+00,    0.0000000000E+00,    5.1278506689E-01
      6650,      0.676912,CP8_after_OBC,   1,    0.0000000000E+00,    5.1278506689E-01,    5.1278506689E-01,    0.0000000000E+00,    0.0000000000E+00,    0.0000000000E+00,    5.1278506689E-01
      6650,      0.676912,CP9_after_PTsource,   1,    0.0000000000E+00,    5.1278506689E-01,    5.1278506689E-01,    0.0000000000E+00,    0.0000000000E+00,    0.0000000000E+00,    5.1278506689E-01
      6650,      0.676912,CP10_after_neg_clamp,   1,    0.0000000000E+00,    5.1278506689E-01,    5.1278506689E-01,    0.0000000000E+00,    0.0000000000E+00,    0.0000000000E+00,    5.1278506689E-01
      6650,      0.676912,CP11_after_MPI,   1,    0.0000000000E+00,    5.1278506689E-01,    5.1278506689E-01,    0.0000000000E+00,    0.0000000000E+00,    0.0000000000E+00,    5.1278506689E-01
      6650,      0.676912,CP12_end,   1,    0.0000000000E+00,    5.1278506689E-01,    5.1278506689E-01,    0.0000000000E+00,    0.0000000000E+00,    0.0000000000E+00,    5.1278506689E-01
      6700,      0.676912,CP0_start,   1,    0.0000000000E+00,    5.2024720167E-01,    5.2024720167E-01,    0.0000000000E+00,    0.0000000000E+00,    0.0000000000E+00,    5.2024720167E-01
      6700,      0.676912,CP1_after_deposition,   1,    0.0000000000E+00,    5.2024720167E-01,    5.2024720167E-01,    0.0000000000E+00,    0.0000000000E+00,    0.0000000000E+00,    5.2024720167E-01
      6700,      0.676912,CP2_after_erosion,   1,    0.0000000000E+00,    5.2024720167E-01,    5.2024720167E-01,    0.0000000000E+00,    0.0000000000E+00,    0.0000000000E+00,    5.2024720167E-01
      6700,      0.676912,CP3_after_update_bottom,   1,    0.0000000000E+00,    5.2024720167E-01,    5.2024720167E-01,    0.0000000000E+00,    0.0000000000E+00,    0.0000000000E+00,    5.2024720167E-01
      6700,      0.676912,CP4_after_advection,   1,    0.0000000000E+00,    5.2040009917E-01,    5.2040009917E-01,    0.0000000000E+00,    0.0000000000E+00,    0.0000000000E+00,    5.2040009917E-01
      6700,      0.676912,CP5_after_vdif,   1,    0.0000000000E+00,    5.2040009917E-01,    5.2040009917E-01,    0.0000000000E+00,    0.0000000000E+00,    0.0000000000E+00,    5.2040009917E-01
      6700,      0.676912,CP6_after_kinetics,   1,    0.0000000000E+00,    5.2040009917E-01,    5.2040009917E-01,    0.0000000000E+00,    0.0000000000E+00,    0.0000000000E+00,    5.2040009917E-01
      6700,      0.676912,CP7_after_upper_clamp,   1,    0.0000000000E+00,    5.2040009917E-01,    5.2040009917E-01,    0.0000000000E+00,    0.0000000000E+00,    0.0000000000E+00,    5.2040009917E-01
      6700,      0.676912,CP8_after_OBC,   1,    0.0000000000E+00,    5.2040009917E-01,    5.2040009917E-01,    0.0000000000E+00,    0.0000000000E+00,    0.0000000000E+00,    5.2040009917E-01
      6700,      0.676912,CP9_after_PTsource,   1,    0.0000000000E+00,    5.2040009917E-01,    5.2040009917E-01,    0.0000000000E+00,    0.0000000000E+00,    0.0000000000E+00,    5.2040009917E-01
      6700,      0.676912,CP10_after_neg_clamp,   1,    0.0000000000E+00,    5.2040009917E-01,    5.2040009917E-01,    0.0000000000E+00,    0.0000000000E+00,    0.0000000000E+00,    5.2040009917E-01
      6700,      0.676912,CP11_after_MPI,   1,    0.0000000000E+00,    5.2040009917E-01,    5.2040009917E-01,    0.0000000000E+00,    0.0000000000E+00,    0.0000000000E+00,    5.2040009917E-01
      6700,      0.676912,CP12_end,   1,    0.0000000000E+00,    5.2040009917E-01,    5.2040009917E-01,    0.0000000000E+00,    0.0000000000E+00,    0.0000000000E+00,    5.2040009917E-01
      6750,      0.676912,CP0_start,   1,    0.0000000000E+00,    5.2791826489E-01,    5.2791826489E-01,    0.0000000000E+00,    0.0000000000E+00,    0.0000000000E+00,    5.2791826489E-01
      6750,      0.676912,CP1_after_deposition,   1,    0.0000000000E+00,    5.2791826489E-01,    5.2791826489E-01,    0.0000000000E+00,    0.0000000000E+00,    0.0000000000E+00,    5.2791826489E-01
      6750,      0.676912,CP2_after_erosion,   1,    0.0000000000E+00,    5.2791826489E-01,    5.2791826489E-01,    0.0000000000E+00,    0.0000000000E+00,    0.0000000000E+00,    5.2791826489E-01
      6750,      0.676912,CP3_after_update_bottom,   1,    0.0000000000E+00,    5.2791826489E-01,    5.2791826489E-01,    0.0000000000E+00,    0.0000000000E+00,    0.0000000000E+00,    5.2791826489E-01
      6750,      0.676912,CP4_after_advection,   1,    0.0000000000E+00,    5.2807213191E-01,    5.2807213191E-01,    0.0000000000E+00,    0.0000000000E+00,    0.0000000000E+00,    5.2807213191E-01
      6750,      0.676912,CP5_after_vdif,   1,    0.0000000000E+00,    5.2807213191E-01,    5.2807213191E-01,    0.0000000000E+00,    0.0000000000E+00,    0.0000000000E+00,    5.2807213191E-01
      6750,      0.676912,CP6_after_kinetics,   1,    0.0000000000E+00,    5.2807213191E-01,    5.2807213191E-01,    0.0000000000E+00,    0.0000000000E+00,    0.0000000000E+00,    5.2807213191E-01
      6750,      0.676912,CP7_after_upper_clamp,   1,    0.0000000000E+00,    5.2807213191E-01,    5.2807213191E-01,    0.0000000000E+00,    0.0000000000E+00,    0.0000000000E+00,    5.2807213191E-01
      6750,      0.676912,CP8_after_OBC,   1,    0.0000000000E+00,    5.2807213191E-01,    5.2807213191E-01,    0.0000000000E+00,    0.0000000000E+00,    0.0000000000E+00,    5.2807213191E-01
      6750,      0.676912,CP9_after_PTsource,   1,    0.0000000000E+00,    5.2807213191E-01,    5.2807213191E-01,    0.0000000000E+00,    0.0000000000E+00,    0.0000000000E+00,    5.2807213191E-01
      6750,      0.676912,CP10_after_neg_clamp,   1,    0.0000000000E+00,    5.2807213191E-01,    5.2807213191E-01,    0.0000000000E+00,    0.0000000000E+00,    0.0000000000E+00,    5.2807213191E-01
      6750,      0.676912,CP11_after_MPI,   1,    0.0000000000E+00,    5.2807213191E-01,    5.2807213191E-01,    0.0000000000E+00,    0.0000000000E+00,    0.0000000000E+00,    5.2807213191E-01
      6750,      0.676912,CP12_end,   1,    0.0000000000E+00,    5.2807213191E-01,    5.2807213191E-01,    0.0000000000E+00,    0.0000000000E+00,    0.0000000000E+00,    5.2807213191E-01
      6800,      0.676912,CP0_start,   1,    0.0000000000E+00,    5.3564588787E-01,    5.3564588787E-01,    0.0000000000E+00,    0.0000000000E+00,    0.0000000000E+00,    5.3564588787E-01
      6800,      0.676912,CP1_after_deposition,   1,    0.0000000000E+00,    5.3564588787E-01,    5.3564588787E-01,    0.0000000000E+00,    0.0000000000E+00,    0.0000000000E+00,    5.3564588787E-01
      6800,      0.676912,CP2_after_erosion,   1,    0.0000000000E+00,    5.3564588787E-01,    5.3564588787E-01,    0.0000000000E+00,    0.0000000000E+00,    0.0000000000E+00,    5.3564588787E-01
      6800,      0.676912,CP3_after_update_bottom,   1,    0.0000000000E+00,    5.3564588787E-01,    5.3564588787E-01,    0.0000000000E+00,    0.0000000000E+00,    0.0000000000E+00,    5.3564588787E-01
      6800,      0.676912,CP4_after_advection,   1,    0.0000000000E+00,    5.3580116428E-01,    5.3580116428E-01,    0.0000000000E+00,    0.0000000000E+00,    0.0000000000E+00,    5.3580116428E-01
      6800,      0.676912,CP5_after_vdif,   1,    0.0000000000E+00,    5.3580116428E-01,    5.3580116428E-01,    0.0000000000E+00,    0.0000000000E+00,    0.0000000000E+00,    5.3580116428E-01
      6800,      0.676912,CP6_after_kinetics,   1,    0.0000000000E+00,    5.3580116428E-01,    5.3580116428E-01,    0.0000000000E+00,    0.0000000000E+00,    0.0000000000E+00,    5.3580116428E-01
      6800,      0.676912,CP7_after_upper_clamp,   1,    0.0000000000E+00,    5.3580116428E-01,    5.3580116428E-01,    0.0000000000E+00,    0.0000000000E+00,    0.0000000000E+00,    5.3580116428E-01
      6800,      0.676912,CP8_after_OBC,   1,    0.0000000000E+00,    5.3580116428E-01,    5.3580116428E-01,    0.0000000000E+00,    0.0000000000E+00,    0.0000000000E+00,    5.3580116428E-01
      6800,      0.676912,CP9_after_PTsource,   1,    0.0000000000E+00,    5.3580116428E-01,    5.3580116428E-01,    0.0000000000E+00,    0.0000000000E+00,    0.0000000000E+00,    5.3580116428E-01
      6800,      0.676912,CP10_after_neg_clamp,   1,    0.0000000000E+00,    5.3580116428E-01,    5.3580116428E-01,    0.0000000000E+00,    0.0000000000E+00,    0.0000000000E+00,    5.3580116428E-01
      6800,      0.676912,CP11_after_MPI,   1,    0.0000000000E+00,    5.3580116428E-01,    5.3580116428E-01,    0.0000000000E+00,    0.0000000000E+00,    0.0000000000E+00,    5.3580116428E-01
      6800,      0.676912,CP12_end,   1,    0.0000000000E+00,    5.3580116428E-01,    5.3580116428E-01,    0.0000000000E+00,    0.0000000000E+00,    0.0000000000E+00,    5.3580116428E-01
      6850,      0.676912,CP0_start,   1,    0.0000000000E+00,    5.4343116066E-01,    5.4343116066E-01,    0.0000000000E+00,    0.0000000000E+00,    0.0000000000E+00,    5.4343116066E-01
      6850,      0.676912,CP1_after_deposition,   1,    0.0000000000E+00,    5.4343116066E-01,    5.4343116066E-01,    0.0000000000E+00,    0.0000000000E+00,    0.0000000000E+00,    5.4343116066E-01
      6850,      0.676912,CP2_after_erosion,   1,    0.0000000000E+00,    5.4343116066E-01,    5.4343116066E-01,    0.0000000000E+00,    0.0000000000E+00,    0.0000000000E+00,    5.4343116066E-01
      6850,      0.676912,CP3_after_update_bottom,   1,    0.0000000000E+00,    5.4343116066E-01,    5.4343116066E-01,    0.0000000000E+00,    0.0000000000E+00,    0.0000000000E+00,    5.4343116066E-01
      6850,      0.676912,CP4_after_advection,   1,    0.0000000000E+00,    5.4358719546E-01,    5.4358719546E-01,    0.0000000000E+00,    0.0000000000E+00,    0.0000000000E+00,    5.4358719546E-01
      6850,      0.676912,CP5_after_vdif,   1,    0.0000000000E+00,    5.4358719546E-01,    5.4358719546E-01,    0.0000000000E+00,    0.0000000000E+00,    0.0000000000E+00,    5.4358719546E-01
      6850,      0.676912,CP6_after_kinetics,   1,    0.0000000000E+00,    5.4358719546E-01,    5.4358719546E-01,    0.0000000000E+00,    0.0000000000E+00,    0.0000000000E+00,    5.4358719546E-01
      6850,      0.676912,CP7_after_upper_clamp,   1,    0.0000000000E+00,    5.4358719546E-01,    5.4358719546E-01,    0.0000000000E+00,    0.0000000000E+00,    0.0000000000E+00,    5.4358719546E-01
      6850,      0.676912,CP8_after_OBC,   1,    0.0000000000E+00,    5.4358719546E-01,    5.4358719546E-01,    0.0000000000E+00,    0.0000000000E+00,    0.0000000000E+00,    5.4358719546E-01
      6850,      0.676912,CP9_after_PTsource,   1,    0.0000000000E+00,    5.4358719546E-01,    5.4358719546E-01,    0.0000000000E+00,    0.0000000000E+00,    0.0000000000E+00,    5.4358719546E-01
      6850,      0.676912,CP10_after_neg_clamp,   1,    0.0000000000E+00,    5.4358719546E-01,    5.4358719546E-01,    0.0000000000E+00,    0.0000000000E+00,    0.0000000000E+00,    5.4358719546E-01
      6850,      0.676912,CP11_after_MPI,   1,    0.0000000000E+00,    5.4358719546E-01,    5.4358719546E-01,    0.0000000000E+00,    0.0000000000E+00,    0.0000000000E+00,    5.4358719546E-01
      6850,      0.676912,CP12_end,   1,    0.0000000000E+00,    5.4358719546E-01,    5.4358719546E-01,    0.0000000000E+00,    0.0000000000E+00,    0.0000000000E+00,    5.4358719546E-01
      6900,      0.676912,CP0_start,   1,    0.0000000000E+00,    5.5127281739E-01,    5.5127281739E-01,    0.0000000000E+00,    0.0000000000E+00,    0.0000000000E+00,    5.5127281739E-01
      6900,      0.676912,CP1_after_deposition,   1,    0.0000000000E+00,    5.5127281739E-01,    5.5127281739E-01,    0.0000000000E+00,    0.0000000000E+00,    0.0000000000E+00,    5.5127281739E-01
      6900,      0.676912,CP2_after_erosion,   1,    0.0000000000E+00,    5.5127281739E-01,    5.5127281739E-01,    0.0000000000E+00,    0.0000000000E+00,    0.0000000000E+00,    5.5127281739E-01
      6900,      0.676912,CP3_after_update_bottom,   1,    0.0000000000E+00,    5.5127281739E-01,    5.5127281739E-01,    0.0000000000E+00,    0.0000000000E+00,    0.0000000000E+00,    5.5127281739E-01
      6900,      0.676912,CP4_after_advection,   1,    0.0000000000E+00,    5.5143022461E-01,    5.5143022461E-01,    0.0000000000E+00,    0.0000000000E+00,    0.0000000000E+00,    5.5143022461E-01
      6900,      0.676912,CP5_after_vdif,   1,    0.0000000000E+00,    5.5143022461E-01,    5.5143022461E-01,    0.0000000000E+00,    0.0000000000E+00,    0.0000000000E+00,    5.5143022461E-01
      6900,      0.676912,CP6_after_kinetics,   1,    0.0000000000E+00,    5.5143022461E-01,    5.5143022461E-01,    0.0000000000E+00,    0.0000000000E+00,    0.0000000000E+00,    5.5143022461E-01
      6900,      0.676912,CP7_after_upper_clamp,   1,    0.0000000000E+00,    5.5143022461E-01,    5.5143022461E-01,    0.0000000000E+00,    0.0000000000E+00,    0.0000000000E+00,    5.5143022461E-01
      6900,      0.676912,CP8_after_OBC,   1,    0.0000000000E+00,    5.5143022461E-01,    5.5143022461E-01,    0.0000000000E+00,    0.0000000000E+00,    0.0000000000E+00,    5.5143022461E-01
      6900,      0.676912,CP9_after_PTsource,   1,    0.0000000000E+00,    5.5143022461E-01,    5.5143022461E-01,    0.0000000000E+00,    0.0000000000E+00,    0.0000000000E+00,    5.5143022461E-01
      6900,      0.676912,CP10_after_neg_clamp,   1,    0.0000000000E+00,    5.5143022461E-01,    5.5143022461E-01,    0.0000000000E+00,    0.0000000000E+00,    0.0000000000E+00,    5.5143022461E-01
      6900,      0.676912,CP11_after_MPI,   1,    0.0000000000E+00,    5.5143022461E-01,    5.5143022461E-01,    0.0000000000E+00,    0.0000000000E+00,    0.0000000000E+00,    5.5143022461E-01
      6900,      0.676912,CP12_end,   1,    0.0000000000E+00,    5.5143022461E-01,    5.5143022461E-01,    0.0000000000E+00,    0.0000000000E+00,    0.0000000000E+00,    5.5143022461E-01
      6950,      0.676912,CP0_start,   1,    0.0000000000E+00,    5.5917165407E-01,    5.5917165407E-01,    0.0000000000E+00,    0.0000000000E+00,    0.0000000000E+00,    5.5917165407E-01
      6950,      0.676912,CP1_after_deposition,   1,    0.0000000000E+00,    5.5917165407E-01,    5.5917165407E-01,    0.0000000000E+00,    0.0000000000E+00,    0.0000000000E+00,    5.5917165407E-01
      6950,      0.676912,CP2_after_erosion,   1,    0.0000000000E+00,    5.5917165407E-01,    5.5917165407E-01,    0.0000000000E+00,    0.0000000000E+00,    0.0000000000E+00,    5.5917165407E-01
      6950,      0.676912,CP3_after_update_bottom,   1,    0.0000000000E+00,    5.5917165407E-01,    5.5917165407E-01,    0.0000000000E+00,    0.0000000000E+00,    0.0000000000E+00,    5.5917165407E-01
      6950,      0.676912,CP4_after_advection,   1,    0.0000000000E+00,    5.5933025090E-01,    5.5933025090E-01,    0.0000000000E+00,    0.0000000000E+00,    0.0000000000E+00,    5.5933025090E-01
      6950,      0.676912,CP5_after_vdif,   1,    0.0000000000E+00,    5.5933025090E-01,    5.5933025090E-01,    0.0000000000E+00,    0.0000000000E+00,    0.0000000000E+00,    5.5933025090E-01
      6950,      0.676912,CP6_after_kinetics,   1,    0.0000000000E+00,    5.5933025090E-01,    5.5933025090E-01,    0.0000000000E+00,    0.0000000000E+00,    0.0000000000E+00,    5.5933025090E-01
      6950,      0.676912,CP7_after_upper_clamp,   1,    0.0000000000E+00,    5.5933025090E-01,    5.5933025090E-01,    0.0000000000E+00,    0.0000000000E+00,    0.0000000000E+00,    5.5933025090E-01
      6950,      0.676912,CP8_after_OBC,   1,    0.0000000000E+00,    5.5933025090E-01,    5.5933025090E-01,    0.0000000000E+00,    0.0000000000E+00,    0.0000000000E+00,    5.5933025090E-01
      6950,      0.676912,CP9_after_PTsource,   1,    0.0000000000E+00,    5.5933025090E-01,    5.5933025090E-01,    0.0000000000E+00,    0.0000000000E+00,    0.0000000000E+00,    5.5933025090E-01
      6950,      0.676912,CP10_after_neg_clamp,   1,    0.0000000000E+00,    5.5933025090E-01,    5.5933025090E-01,    0.0000000000E+00,    0.0000000000E+00,    0.0000000000E+00,    5.5933025090E-01
      6950,      0.676912,CP11_after_MPI,   1,    0.0000000000E+00,    5.5933025090E-01,    5.5933025090E-01,    0.0000000000E+00,    0.0000000000E+00,    0.0000000000E+00,    5.5933025090E-01
      6950,      0.676912,CP12_end,   1,    0.0000000000E+00,    5.5933025090E-01,    5.5933025090E-01,    0.0000000000E+00,    0.0000000000E+00,    0.0000000000E+00,    5.5933025090E-01
      7000,      0.676912,CP0_start,   1,    0.0000000000E+00,    5.6712771248E-01,    5.6712771248E-01,    0.0000000000E+00,    0.0000000000E+00,    0.0000000000E+00,    5.6712771248E-01
      7000,      0.676912,CP1_after_deposition,   1,    0.0000000000E+00,    5.6712771248E-01,    5.6712771248E-01,    0.0000000000E+00,    0.0000000000E+00,    0.0000000000E+00,    5.6712771248E-01
      7000,      0.676912,CP2_after_erosion,   1,    0.0000000000E+00,    5.6712771248E-01,    5.6712771248E-01,    0.0000000000E+00,    0.0000000000E+00,    0.0000000000E+00,    5.6712771248E-01
      7000,      0.676912,CP3_after_update_bottom,   1,    0.0000000000E+00,    5.6712771248E-01,    5.6712771248E-01,    0.0000000000E+00,    0.0000000000E+00,    0.0000000000E+00,    5.6712771248E-01
      7000,      0.676912,CP4_after_advection,   1,    0.0000000000E+00,    5.6728727348E-01,    5.6728727348E-01,    0.0000000000E+00,    0.0000000000E+00,    0.0000000000E+00,    5.6728727348E-01
      7000,      0.676912,CP5_after_vdif,   1,    0.0000000000E+00,    5.6728727348E-01,    5.6728727348E-01,    0.0000000000E+00,    0.0000000000E+00,    0.0000000000E+00,    5.6728727348E-01
      7000,      0.676912,CP6_after_kinetics,   1,    0.0000000000E+00,    5.6728727348E-01,    5.6728727348E-01,    0.0000000000E+00,    0.0000000000E+00,    0.0000000000E+00,    5.6728727348E-01
      7000,      0.676912,CP7_after_upper_clamp,   1,    0.0000000000E+00,    5.6728727348E-01,    5.6728727348E-01,    0.0000000000E+00,    0.0000000000E+00,    0.0000000000E+00,    5.6728727348E-01
      7000,      0.676912,CP8_after_OBC,   1,    0.0000000000E+00,    5.6728727348E-01,    5.6728727348E-01,    0.0000000000E+00,    0.0000000000E+00,    0.0000000000E+00,    5.6728727348E-01
      7000,      0.676912,CP9_after_PTsource,   1,    0.0000000000E+00,    5.6728727348E-01,    5.6728727348E-01,    0.0000000000E+00,    0.0000000000E+00,    0.0000000000E+00,    5.6728727348E-01
      7000,      0.676912,CP10_after_neg_clamp,   1,    0.0000000000E+00,    5.6728727348E-01,    5.6728727348E-01,    0.0000000000E+00,    0.0000000000E+00,    0.0000000000E+00,    5.6728727348E-01
      7000,      0.676912,CP11_after_MPI,   1,    0.0000000000E+00,    5.6728727348E-01,    5.6728727348E-01,    0.0000000000E+00,    0.0000000000E+00,    0.0000000000E+00,    5.6728727348E-01
      7000,      0.676912,CP12_end,   1,    0.0000000000E+00,    5.6728727348E-01,    5.6728727348E-01,    0.0000000000E+00,    0.0000000000E+00,    0.0000000000E+00,    5.6728727348E-01
      7050,      0.676912,CP0_start,   1,    0.0000000000E+00,    5.7514031351E-01,    5.7514031351E-01,    0.0000000000E+00,    0.0000000000E+00,    0.0000000000E+00,    5.7514031351E-01
      7050,      0.676912,CP1_after_deposition,   1,    0.0000000000E+00,    5.7514031351E-01,    5.7514031351E-01,    0.0000000000E+00,    0.0000000000E+00,    0.0000000000E+00,    5.7514031351E-01
      7050,      0.676912,CP2_after_erosion,   1,    0.0000000000E+00,    5.7514031351E-01,    5.7514031351E-01,    0.0000000000E+00,    0.0000000000E+00,    0.0000000000E+00,    5.7514031351E-01
      7050,      0.676912,CP3_after_update_bottom,   1,    0.0000000000E+00,    5.7514031351E-01,    5.7514031351E-01,    0.0000000000E+00,    0.0000000000E+00,    0.0000000000E+00,    5.7514031351E-01
      7050,      0.676912,CP4_after_advection,   1,    0.0000000000E+00,    5.7530129150E-01,    5.7530129150E-01,    0.0000000000E+00,    0.0000000000E+00,    0.0000000000E+00,    5.7530129150E-01
      7050,      0.676912,CP5_after_vdif,   1,    0.0000000000E+00,    5.7530129150E-01,    5.7530129150E-01,    0.0000000000E+00,    0.0000000000E+00,    0.0000000000E+00,    5.7530129150E-01
      7050,      0.676912,CP6_after_kinetics,   1,    0.0000000000E+00,    5.7530129150E-01,    5.7530129150E-01,    0.0000000000E+00,    0.0000000000E+00,    0.0000000000E+00,    5.7530129150E-01
      7050,      0.676912,CP7_after_upper_clamp,   1,    0.0000000000E+00,    5.7530129150E-01,    5.7530129150E-01,    0.0000000000E+00,    0.0000000000E+00,    0.0000000000E+00,    5.7530129150E-01
      7050,      0.676912,CP8_after_OBC,   1,    0.0000000000E+00,    5.7530129150E-01,    5.7530129150E-01,    0.0000000000E+00,    0.0000000000E+00,    0.0000000000E+00,    5.7530129150E-01
      7050,      0.676912,CP9_after_PTsource,   1,    0.0000000000E+00,    5.7530129150E-01,    5.7530129150E-01,    0.0000000000E+00,    0.0000000000E+00,    0.0000000000E+00,    5.7530129150E-01
      7050,      0.676912,CP10_after_neg_clamp,   1,    0.0000000000E+00,    5.7530129150E-01,    5.7530129150E-01,    0.0000000000E+00,    0.0000000000E+00,    0.0000000000E+00,    5.7530129150E-01
      7050,      0.676912,CP11_after_MPI,   1,    0.0000000000E+00,    5.7530129150E-01,    5.7530129150E-01,    0.0000000000E+00,    0.0000000000E+00,    0.0000000000E+00,    5.7530129150E-01
      7050,      0.676912,CP12_end,   1,    0.0000000000E+00,    5.7530129150E-01,    5.7530129150E-01,    0.0000000000E+00,    0.0000000000E+00,    0.0000000000E+00,    5.7530129150E-01
      7100,      0.676912,CP0_start,   1,    0.0000000000E+00,    5.8321052658E-01,    5.8321052658E-01,    0.0000000000E+00,    0.0000000000E+00,    0.0000000000E+00,    5.8321052658E-01
      7100,      0.676912,CP1_after_deposition,   1,    0.0000000000E+00,    5.8321052658E-01,    5.8321052658E-01,    0.0000000000E+00,    0.0000000000E+00,    0.0000000000E+00,    5.8321052658E-01
      7100,      0.676912,CP2_after_erosion,   1,    0.0000000000E+00,    5.8321052658E-01,    5.8321052658E-01,    0.0000000000E+00,    0.0000000000E+00,    0.0000000000E+00,    5.8321052658E-01
      7100,      0.676912,CP3_after_update_bottom,   1,    0.0000000000E+00,    5.8321052658E-01,    5.8321052658E-01,    0.0000000000E+00,    0.0000000000E+00,    0.0000000000E+00,    5.8321052658E-01
      7100,      0.676912,CP4_after_advection,   1,    0.0000000000E+00,    5.8337230409E-01,    5.8337230409E-01,    0.0000000000E+00,    0.0000000000E+00,    0.0000000000E+00,    5.8337230409E-01
      7100,      0.676912,CP5_after_vdif,   1,    0.0000000000E+00,    5.8337230409E-01,    5.8337230409E-01,    0.0000000000E+00,    0.0000000000E+00,    0.0000000000E+00,    5.8337230409E-01
      7100,      0.676912,CP6_after_kinetics,   1,    0.0000000000E+00,    5.8337230409E-01,    5.8337230409E-01,    0.0000000000E+00,    0.0000000000E+00,    0.0000000000E+00,    5.8337230409E-01
      7100,      0.676912,CP7_after_upper_clamp,   1,    0.0000000000E+00,    5.8337230409E-01,    5.8337230409E-01,    0.0000000000E+00,    0.0000000000E+00,    0.0000000000E+00,    5.8337230409E-01
      7100,      0.676912,CP8_after_OBC,   1,    0.0000000000E+00,    5.8337230409E-01,    5.8337230409E-01,    0.0000000000E+00,    0.0000000000E+00,    0.0000000000E+00,    5.8337230409E-01
      7100,      0.676912,CP9_after_PTsource,   1,    0.0000000000E+00,    5.8337230409E-01,    5.8337230409E-01,    0.0000000000E+00,    0.0000000000E+00,    0.0000000000E+00,    5.8337230409E-01
      7100,      0.676912,CP10_after_neg_clamp,   1,    0.0000000000E+00,    5.8337230409E-01,    5.8337230409E-01,    0.0000000000E+00,    0.0000000000E+00,    0.0000000000E+00,    5.8337230409E-01
      7100,      0.676912,CP11_after_MPI,   1,    0.0000000000E+00,    5.8337230409E-01,    5.8337230409E-01,    0.0000000000E+00,    0.0000000000E+00,    0.0000000000E+00,    5.8337230409E-01
      7100,      0.676912,CP12_end,   1,    0.0000000000E+00,    5.8337230409E-01,    5.8337230409E-01,    0.0000000000E+00,    0.0000000000E+00,    0.0000000000E+00,    5.8337230409E-01
      7150,      0.676912,CP0_start,   1,    0.0000000000E+00,    5.9133727263E-01,    5.9133727263E-01,    0.0000000000E+00,    0.0000000000E+00,    0.0000000000E+00,    5.9133727263E-01
      7150,      0.676912,CP1_after_deposition,   1,    0.0000000000E+00,    5.9133727263E-01,    5.9133727263E-01,    0.0000000000E+00,    0.0000000000E+00,    0.0000000000E+00,    5.9133727263E-01
      7150,      0.676912,CP2_after_erosion,   1,    0.0000000000E+00,    5.9133727263E-01,    5.9133727263E-01,    0.0000000000E+00,    0.0000000000E+00,    0.0000000000E+00,    5.9133727263E-01
      7150,      0.676912,CP3_after_update_bottom,   1,    0.0000000000E+00,    5.9133727263E-01,    5.9133727263E-01,    0.0000000000E+00,    0.0000000000E+00,    0.0000000000E+00,    5.9133727263E-01
      7150,      0.676912,CP4_after_advection,   1,    0.0000000000E+00,    5.9150031040E-01,    5.9150031040E-01,    0.0000000000E+00,    0.0000000000E+00,    0.0000000000E+00,    5.9150031040E-01
      7150,      0.676912,CP5_after_vdif,   1,    0.0000000000E+00,    5.9150031040E-01,    5.9150031040E-01,    0.0000000000E+00,    0.0000000000E+00,    0.0000000000E+00,    5.9150031040E-01
      7150,      0.676912,CP6_after_kinetics,   1,    0.0000000000E+00,    5.9150031040E-01,    5.9150031040E-01,    0.0000000000E+00,    0.0000000000E+00,    0.0000000000E+00,    5.9150031040E-01
      7150,      0.676912,CP7_after_upper_clamp,   1,    0.0000000000E+00,    5.9150031040E-01,    5.9150031040E-01,    0.0000000000E+00,    0.0000000000E+00,    0.0000000000E+00,    5.9150031040E-01
      7150,      0.676912,CP8_after_OBC,   1,    0.0000000000E+00,    5.9150031040E-01,    5.9150031040E-01,    0.0000000000E+00,    0.0000000000E+00,    0.0000000000E+00,    5.9150031040E-01
      7150,      0.676912,CP9_after_PTsource,   1,    0.0000000000E+00,    5.9150031040E-01,    5.9150031040E-01,    0.0000000000E+00,    0.0000000000E+00,    0.0000000000E+00,    5.9150031040E-01
      7150,      0.676912,CP10_after_neg_clamp,   1,    0.0000000000E+00,    5.9150031040E-01,    5.9150031040E-01,    0.0000000000E+00,    0.0000000000E+00,    0.0000000000E+00,    5.9150031040E-01
      7150,      0.676912,CP11_after_MPI,   1,    0.0000000000E+00,    5.9150031040E-01,    5.9150031040E-01,    0.0000000000E+00,    0.0000000000E+00,    0.0000000000E+00,    5.9150031040E-01
      7150,      0.676912,CP12_end,   1,    0.0000000000E+00,    5.9150031040E-01,    5.9150031040E-01,    0.0000000000E+00,    0.0000000000E+00,    0.0000000000E+00,    5.9150031040E-01
      7200,      0.676912,CP0_start,   1,    0.0000000000E+00,    5.9952100756E-01,    5.9952100756E-01,    0.0000000000E+00,    0.0000000000E+00,    0.0000000000E+00,    5.9952100756E-01
      7200,      0.676912,CP1_after_deposition,   1,    0.0000000000E+00,    5.9952100756E-01,    5.9952100756E-01,    0.0000000000E+00,    0.0000000000E+00,    0.0000000000E+00,    5.9952100756E-01
      7200,      0.676912,CP2_after_erosion,   1,    0.0000000000E+00,    5.9952100756E-01,    5.9952100756E-01,    0.0000000000E+00,    0.0000000000E+00,    0.0000000000E+00,    5.9952100756E-01
      7200,      0.676912,CP3_after_update_bottom,   1,    0.0000000000E+00,    5.9952100756E-01,    5.9952100756E-01,    0.0000000000E+00,    0.0000000000E+00,    0.0000000000E+00,    5.9952100756E-01
      7200,      0.676912,CP4_after_advection,   1,    0.0000000000E+00,    5.9968530956E-01,    5.9968530956E-01,    0.0000000000E+00,    0.0000000000E+00,    0.0000000000E+00,    5.9968530956E-01
      7200,      0.676912,CP5_after_vdif,   1,    0.0000000000E+00,    5.9968530956E-01,    5.9968530956E-01,    0.0000000000E+00,    0.0000000000E+00,    0.0000000000E+00,    5.9968530956E-01
      7200,      0.676912,CP6_after_kinetics,   1,    0.0000000000E+00,    5.9968530956E-01,    5.9968530956E-01,    0.0000000000E+00,    0.0000000000E+00,    0.0000000000E+00,    5.9968530956E-01
      7200,      0.676912,CP7_after_upper_clamp,   1,    0.0000000000E+00,    5.9968530956E-01,    5.9968530956E-01,    0.0000000000E+00,    0.0000000000E+00,    0.0000000000E+00,    5.9968530956E-01
      7200,      0.676912,CP8_after_OBC,   1,    0.0000000000E+00,    5.9968530956E-01,    5.9968530956E-01,    0.0000000000E+00,    0.0000000000E+00,    0.0000000000E+00,    5.9968530956E-01
      7200,      0.676912,CP9_after_PTsource,   1,    0.0000000000E+00,    5.9968530956E-01,    5.9968530956E-01,    0.0000000000E+00,    0.0000000000E+00,    0.0000000000E+00,    5.9968530956E-01
      7200,      0.676912,CP10_after_neg_clamp,   1,    0.0000000000E+00,    5.9968530956E-01,    5.9968530956E-01,    0.0000000000E+00,    0.0000000000E+00,    0.0000000000E+00,    5.9968530956E-01
      7200,      0.676912,CP11_after_MPI,   1,    0.0000000000E+00,    5.9968530956E-01,    5.9968530956E-01,    0.0000000000E+00,    0.0000000000E+00,    0.0000000000E+00,    5.9968530956E-01
      7200,      0.676912,CP12_end,   1,    0.0000000000E+00,    5.9968530956E-01,    5.9968530956E-01,    0.0000000000E+00,    0.0000000000E+00,    0.0000000000E+00,    5.9968530956E-01
      7250,      0.676912,CP0_start,   1,    0.0000000000E+00,    6.0776202505E-01,    6.0776202505E-01,    0.0000000000E+00,    0.0000000000E+00,    0.0000000000E+00,    6.0776202505E-01
      7250,      0.676912,CP1_after_deposition,   1,    0.0000000000E+00,    6.0776202505E-01,    6.0776202505E-01,    0.0000000000E+00,    0.0000000000E+00,    0.0000000000E+00,    6.0776202505E-01
      7250,      0.676912,CP2_after_erosion,   1,    0.0000000000E+00,    6.0776202505E-01,    6.0776202505E-01,    0.0000000000E+00,    0.0000000000E+00,    0.0000000000E+00,    6.0776202505E-01
      7250,      0.676912,CP3_after_update_bottom,   1,    0.0000000000E+00,    6.0776202505E-01,    6.0776202505E-01,    0.0000000000E+00,    0.0000000000E+00,    0.0000000000E+00,    6.0776202505E-01
      7250,      0.676912,CP4_after_advection,   1,    0.0000000000E+00,    6.0792730068E-01,    6.0792730068E-01,    0.0000000000E+00,    0.0000000000E+00,    0.0000000000E+00,    6.0792730068E-01
      7250,      0.676912,CP5_after_vdif,   1,    0.0000000000E+00,    6.0792730068E-01,    6.0792730068E-01,    0.0000000000E+00,    0.0000000000E+00,    0.0000000000E+00,    6.0792730068E-01
      7250,      0.676912,CP6_after_kinetics,   1,    0.0000000000E+00,    6.0792730068E-01,    6.0792730068E-01,    0.0000000000E+00,    0.0000000000E+00,    0.0000000000E+00,    6.0792730068E-01
      7250,      0.676912,CP7_after_upper_clamp,   1,    0.0000000000E+00,    6.0792730068E-01,    6.0792730068E-01,    0.0000000000E+00,    0.0000000000E+00,    0.0000000000E+00,    6.0792730068E-01
      7250,      0.676912,CP8_after_OBC,   1,    0.0000000000E+00,    6.0792730068E-01,    6.0792730068E-01,    0.0000000000E+00,    0.0000000000E+00,    0.0000000000E+00,    6.0792730068E-01
      7250,      0.676912,CP9_after_PTsource,   1,    0.0000000000E+00,    6.0792730068E-01,    6.0792730068E-01,    0.0000000000E+00,    0.0000000000E+00,    0.0000000000E+00,    6.0792730068E-01
      7250,      0.676912,CP10_after_neg_clamp,   1,    0.0000000000E+00,    6.0792730068E-01,    6.0792730068E-01,    0.0000000000E+00,    0.0000000000E+00,    0.0000000000E+00,    6.0792730068E-01
      7250,      0.676912,CP11_after_MPI,   1,    0.0000000000E+00,    6.0792730068E-01,    6.0792730068E-01,    0.0000000000E+00,    0.0000000000E+00,    0.0000000000E+00,    6.0792730068E-01
      7250,      0.676912,CP12_end,   1,    0.0000000000E+00,    6.0792730068E-01,    6.0792730068E-01,    0.0000000000E+00,    0.0000000000E+00,    0.0000000000E+00,    6.0792730068E-01
      7300,      0.676912,CP0_start,   1,    0.0000000000E+00,    6.1605964068E-01,    6.1605964068E-01,    0.0000000000E+00,    0.0000000000E+00,    0.0000000000E+00,    6.1605964068E-01
      7300,      0.676912,CP1_after_deposition,   1,    0.0000000000E+00,    6.1605964068E-01,    6.1605964068E-01,    0.0000000000E+00,    0.0000000000E+00,    0.0000000000E+00,    6.1605964068E-01
      7300,      0.676912,CP2_after_erosion,   1,    0.0000000000E+00,    6.1605964068E-01,    6.1605964068E-01,    0.0000000000E+00,    0.0000000000E+00,    0.0000000000E+00,    6.1605964068E-01
      7300,      0.676912,CP3_after_update_bottom,   1,    0.0000000000E+00,    6.1605964068E-01,    6.1605964068E-01,    0.0000000000E+00,    0.0000000000E+00,    0.0000000000E+00,    6.1605964068E-01
      7300,      0.676912,CP4_after_advection,   1,    0.0000000000E+00,    6.1622628289E-01,    6.1622628289E-01,    0.0000000000E+00,    0.0000000000E+00,    0.0000000000E+00,    6.1622628289E-01
      7300,      0.676912,CP5_after_vdif,   1,    0.0000000000E+00,    6.1622628289E-01,    6.1622628289E-01,    0.0000000000E+00,    0.0000000000E+00,    0.0000000000E+00,    6.1622628289E-01
      7300,      0.676912,CP6_after_kinetics,   1,    0.0000000000E+00,    6.1622628289E-01,    6.1622628289E-01,    0.0000000000E+00,    0.0000000000E+00,    0.0000000000E+00,    6.1622628289E-01
      7300,      0.676912,CP7_after_upper_clamp,   1,    0.0000000000E+00,    6.1622628289E-01,    6.1622628289E-01,    0.0000000000E+00,    0.0000000000E+00,    0.0000000000E+00,    6.1622628289E-01
      7300,      0.676912,CP8_after_OBC,   1,    0.0000000000E+00,    6.1622628289E-01,    6.1622628289E-01,    0.0000000000E+00,    0.0000000000E+00,    0.0000000000E+00,    6.1622628289E-01
      7300,      0.676912,CP9_after_PTsource,   1,    0.0000000000E+00,    6.1622628289E-01,    6.1622628289E-01,    0.0000000000E+00,    0.0000000000E+00,    0.0000000000E+00,    6.1622628289E-01
      7300,      0.676912,CP10_after_neg_clamp,   1,    0.0000000000E+00,    6.1622628289E-01,    6.1622628289E-01,    0.0000000000E+00,    0.0000000000E+00,    0.0000000000E+00,    6.1622628289E-01
      7300,      0.676912,CP11_after_MPI,   1,    0.0000000000E+00,    6.1622628289E-01,    6.1622628289E-01,    0.0000000000E+00,    0.0000000000E+00,    0.0000000000E+00,    6.1622628289E-01
      7300,      0.676912,CP12_end,   1,    0.0000000000E+00,    6.1622628289E-01,    6.1622628289E-01,    0.0000000000E+00,    0.0000000000E+00,    0.0000000000E+00,    6.1622628289E-01
      7350,      0.676912,CP0_start,   1,    0.0000000000E+00,    6.2441463083E-01,    6.2441463083E-01,    0.0000000000E+00,    0.0000000000E+00,    0.0000000000E+00,    6.2441463083E-01
      7350,      0.676912,CP1_after_deposition,   1,    0.0000000000E+00,    6.2441463083E-01,    6.2441463083E-01,    0.0000000000E+00,    0.0000000000E+00,    0.0000000000E+00,    6.2441463083E-01
      7350,      0.676912,CP2_after_erosion,   1,    0.0000000000E+00,    6.2441463083E-01,    6.2441463083E-01,    0.0000000000E+00,    0.0000000000E+00,    0.0000000000E+00,    6.2441463083E-01
      7350,      0.676912,CP3_after_update_bottom,   1,    0.0000000000E+00,    6.2441463083E-01,    6.2441463083E-01,    0.0000000000E+00,    0.0000000000E+00,    0.0000000000E+00,    6.2441463083E-01
      7350,      0.676912,CP4_after_advection,   1,    0.0000000000E+00,    6.2458225530E-01,    6.2458225530E-01,    0.0000000000E+00,    0.0000000000E+00,    0.0000000000E+00,    6.2458225530E-01
      7350,      0.676912,CP5_after_vdif,   1,    0.0000000000E+00,    6.2458225530E-01,    6.2458225530E-01,    0.0000000000E+00,    0.0000000000E+00,    0.0000000000E+00,    6.2458225530E-01
      7350,      0.676912,CP6_after_kinetics,   1,    0.0000000000E+00,    6.2458225530E-01,    6.2458225530E-01,    0.0000000000E+00,    0.0000000000E+00,    0.0000000000E+00,    6.2458225530E-01
      7350,      0.676912,CP7_after_upper_clamp,   1,    0.0000000000E+00,    6.2458225530E-01,    6.2458225530E-01,    0.0000000000E+00,    0.0000000000E+00,    0.0000000000E+00,    6.2458225530E-01
      7350,      0.676912,CP8_after_OBC,   1,    0.0000000000E+00,    6.2458225530E-01,    6.2458225530E-01,    0.0000000000E+00,    0.0000000000E+00,    0.0000000000E+00,    6.2458225530E-01
      7350,      0.676912,CP9_after_PTsource,   1,    0.0000000000E+00,    6.2458225530E-01,    6.2458225530E-01,    0.0000000000E+00,    0.0000000000E+00,    0.0000000000E+00,    6.2458225530E-01
      7350,      0.676912,CP10_after_neg_clamp,   1,    0.0000000000E+00,    6.2458225530E-01,    6.2458225530E-01,    0.0000000000E+00,    0.0000000000E+00,    0.0000000000E+00,    6.2458225530E-01
      7350,      0.676912,CP11_after_MPI,   1,    0.0000000000E+00,    6.2458225530E-01,    6.2458225530E-01,    0.0000000000E+00,    0.0000000000E+00,    0.0000000000E+00,    6.2458225530E-01
      7350,      0.676912,CP12_end,   1,    0.0000000000E+00,    6.2458225530E-01,    6.2458225530E-01,    0.0000000000E+00,    0.0000000000E+00,    0.0000000000E+00,    6.2458225530E-01
      7400,      0.676912,CP0_start,   1,    0.0000000000E+00,    6.3282645003E-01,    6.3282645003E-01,    0.0000000000E+00,    0.0000000000E+00,    0.0000000000E+00,    6.3282645003E-01
      7400,      0.676912,CP1_after_deposition,   1,    0.0000000000E+00,    6.3282645003E-01,    6.3282645003E-01,    0.0000000000E+00,    0.0000000000E+00,    0.0000000000E+00,    6.3282645003E-01
      7400,      0.676912,CP2_after_erosion,   1,    0.0000000000E+00,    6.3282645003E-01,    6.3282645003E-01,    0.0000000000E+00,    0.0000000000E+00,    0.0000000000E+00,    6.3282645003E-01
      7400,      0.676912,CP3_after_update_bottom,   1,    0.0000000000E+00,    6.3282645003E-01,    6.3282645003E-01,    0.0000000000E+00,    0.0000000000E+00,    0.0000000000E+00,    6.3282645003E-01
      7400,      0.676912,CP4_after_advection,   1,    0.0000000000E+00,    6.3299521701E-01,    6.3299521701E-01,    0.0000000000E+00,    0.0000000000E+00,    0.0000000000E+00,    6.3299521701E-01
      7400,      0.676912,CP5_after_vdif,   1,    0.0000000000E+00,    6.3299521701E-01,    6.3299521701E-01,    0.0000000000E+00,    0.0000000000E+00,    0.0000000000E+00,    6.3299521701E-01
      7400,      0.676912,CP6_after_kinetics,   1,    0.0000000000E+00,    6.3299521701E-01,    6.3299521701E-01,    0.0000000000E+00,    0.0000000000E+00,    0.0000000000E+00,    6.3299521701E-01
      7400,      0.676912,CP7_after_upper_clamp,   1,    0.0000000000E+00,    6.3299521701E-01,    6.3299521701E-01,    0.0000000000E+00,    0.0000000000E+00,    0.0000000000E+00,    6.3299521701E-01
      7400,      0.676912,CP8_after_OBC,   1,    0.0000000000E+00,    6.3299521701E-01,    6.3299521701E-01,    0.0000000000E+00,    0.0000000000E+00,    0.0000000000E+00,    6.3299521701E-01
      7400,      0.676912,CP9_after_PTsource,   1,    0.0000000000E+00,    6.3299521701E-01,    6.3299521701E-01,    0.0000000000E+00,    0.0000000000E+00,    0.0000000000E+00,    6.3299521701E-01
      7400,      0.676912,CP10_after_neg_clamp,   1,    0.0000000000E+00,    6.3299521701E-01,    6.3299521701E-01,    0.0000000000E+00,    0.0000000000E+00,    0.0000000000E+00,    6.3299521701E-01
      7400,      0.676912,CP11_after_MPI,   1,    0.0000000000E+00,    6.3299521701E-01,    6.3299521701E-01,    0.0000000000E+00,    0.0000000000E+00,    0.0000000000E+00,    6.3299521701E-01
      7400,      0.676912,CP12_end,   1,    0.0000000000E+00,    6.3299521701E-01,    6.3299521701E-01,    0.0000000000E+00,    0.0000000000E+00,    0.0000000000E+00,    6.3299521701E-01
      7450,      0.676912,CP0_start,   1,    0.0000000000E+00,    6.4129499025E-01,    6.4129499025E-01,    0.0000000000E+00,    0.0000000000E+00,    0.0000000000E+00,    6.4129499025E-01
      7450,      0.676912,CP1_after_deposition,   1,    0.0000000000E+00,    6.4129499025E-01,    6.4129499025E-01,    0.0000000000E+00,    0.0000000000E+00,    0.0000000000E+00,    6.4129499025E-01
      7450,      0.676912,CP2_after_erosion,   1,    0.0000000000E+00,    6.4129499025E-01,    6.4129499025E-01,    0.0000000000E+00,    0.0000000000E+00,    0.0000000000E+00,    6.4129499025E-01
      7450,      0.676912,CP3_after_update_bottom,   1,    0.0000000000E+00,    6.4129499025E-01,    6.4129499025E-01,    0.0000000000E+00,    0.0000000000E+00,    0.0000000000E+00,    6.4129499025E-01
      7450,      0.676912,CP4_after_advection,   1,    0.0000000000E+00,    6.4146516713E-01,    6.4146516713E-01,    0.0000000000E+00,    0.0000000000E+00,    0.0000000000E+00,    6.4146516713E-01
      7450,      0.676912,CP5_after_vdif,   1,    0.0000000000E+00,    6.4146516713E-01,    6.4146516713E-01,    0.0000000000E+00,    0.0000000000E+00,    0.0000000000E+00,    6.4146516713E-01
      7450,      0.676912,CP6_after_kinetics,   1,    0.0000000000E+00,    6.4146516713E-01,    6.4146516713E-01,    0.0000000000E+00,    0.0000000000E+00,    0.0000000000E+00,    6.4146516713E-01
      7450,      0.676912,CP7_after_upper_clamp,   1,    0.0000000000E+00,    6.4146516713E-01,    6.4146516713E-01,    0.0000000000E+00,    0.0000000000E+00,    0.0000000000E+00,    6.4146516713E-01
      7450,      0.676912,CP8_after_OBC,   1,    0.0000000000E+00,    6.4146516713E-01,    6.4146516713E-01,    0.0000000000E+00,    0.0000000000E+00,    0.0000000000E+00,    6.4146516713E-01
      7450,      0.676912,CP9_after_PTsource,   1,    0.0000000000E+00,    6.4146516713E-01,    6.4146516713E-01,    0.0000000000E+00,    0.0000000000E+00,    0.0000000000E+00,    6.4146516713E-01
      7450,      0.676912,CP10_after_neg_clamp,   1,    0.0000000000E+00,    6.4146516713E-01,    6.4146516713E-01,    0.0000000000E+00,    0.0000000000E+00,    0.0000000000E+00,    6.4146516713E-01
      7450,      0.676912,CP11_after_MPI,   1,    0.0000000000E+00,    6.4146516713E-01,    6.4146516713E-01,    0.0000000000E+00,    0.0000000000E+00,    0.0000000000E+00,    6.4146516713E-01
      7450,      0.676912,CP12_end,   1,    0.0000000000E+00,    6.4146516713E-01,    6.4146516713E-01,    0.0000000000E+00,    0.0000000000E+00,    0.0000000000E+00,    6.4146516713E-01
      7500,      0.676912,CP0_start,   1,    0.0000000000E+00,    6.4982126381E-01,    6.4982126381E-01,    0.0000000000E+00,    0.0000000000E+00,    0.0000000000E+00,    6.4982126381E-01
      7500,      0.676912,CP1_after_deposition,   1,    0.0000000000E+00,    6.4982126381E-01,    6.4982126381E-01,    0.0000000000E+00,    0.0000000000E+00,    0.0000000000E+00,    6.4982126381E-01
      7500,      0.676912,CP2_after_erosion,   1,    0.0000000000E+00,    6.4982126381E-01,    6.4982126381E-01,    0.0000000000E+00,    0.0000000000E+00,    0.0000000000E+00,    6.4982126381E-01
      7500,      0.676912,CP3_after_update_bottom,   1,    0.0000000000E+00,    6.4982126381E-01,    6.4982126381E-01,    0.0000000000E+00,    0.0000000000E+00,    0.0000000000E+00,    6.4982126381E-01
      7500,      0.676912,CP4_after_advection,   1,    0.0000000000E+00,    6.4999210474E-01,    6.4999210474E-01,    0.0000000000E+00,    0.0000000000E+00,    0.0000000000E+00,    6.4999210474E-01
      7500,      0.676912,CP5_after_vdif,   1,    0.0000000000E+00,    6.4999210474E-01,    6.4999210474E-01,    0.0000000000E+00,    0.0000000000E+00,    0.0000000000E+00,    6.4999210474E-01
      7500,      0.676912,CP6_after_kinetics,   1,    0.0000000000E+00,    6.4999210474E-01,    6.4999210474E-01,    0.0000000000E+00,    0.0000000000E+00,    0.0000000000E+00,    6.4999210474E-01
      7500,      0.676912,CP7_after_upper_clamp,   1,    0.0000000000E+00,    6.4999210474E-01,    6.4999210474E-01,    0.0000000000E+00,    0.0000000000E+00,    0.0000000000E+00,    6.4999210474E-01
      7500,      0.676912,CP8_after_OBC,   1,    0.0000000000E+00,    6.4999210474E-01,    6.4999210474E-01,    0.0000000000E+00,    0.0000000000E+00,    0.0000000000E+00,    6.4999210474E-01
      7500,      0.676912,CP9_after_PTsource,   1,    0.0000000000E+00,    6.4999210474E-01,    6.4999210474E-01,    0.0000000000E+00,    0.0000000000E+00,    0.0000000000E+00,    6.4999210474E-01
      7500,      0.676912,CP10_after_neg_clamp,   1,    0.0000000000E+00,    6.4999210474E-01,    6.4999210474E-01,    0.0000000000E+00,    0.0000000000E+00,    0.0000000000E+00,    6.4999210474E-01
      7500,      0.676912,CP11_after_MPI,   1,    0.0000000000E+00,    6.4999210474E-01,    6.4999210474E-01,    0.0000000000E+00,    0.0000000000E+00,    0.0000000000E+00,    6.4999210474E-01
      7500,      0.676912,CP12_end,   1,    0.0000000000E+00,    6.4999210474E-01,    6.4999210474E-01,    0.0000000000E+00,    0.0000000000E+00,    0.0000000000E+00,    6.4999210474E-01
      7550,      0.676912,CP0_start,   1,    0.0000000000E+00,    6.5840376601E-01,    6.5840376601E-01,    0.0000000000E+00,    0.0000000000E+00,    0.0000000000E+00,    6.5840376601E-01
      7550,      0.676912,CP1_after_deposition,   1,    0.0000000000E+00,    6.5840376601E-01,    6.5840376601E-01,    0.0000000000E+00,    0.0000000000E+00,    0.0000000000E+00,    6.5840376601E-01
      7550,      0.676912,CP2_after_erosion,   1,    0.0000000000E+00,    6.5840376601E-01,    6.5840376601E-01,    0.0000000000E+00,    0.0000000000E+00,    0.0000000000E+00,    6.5840376601E-01
      7550,      0.676912,CP3_after_update_bottom,   1,    0.0000000000E+00,    6.5840376601E-01,    6.5840376601E-01,    0.0000000000E+00,    0.0000000000E+00,    0.0000000000E+00,    6.5840376601E-01
      7550,      0.676912,CP4_after_advection,   1,    0.0000000000E+00,    6.5857602894E-01,    6.5857602894E-01,    0.0000000000E+00,    0.0000000000E+00,    0.0000000000E+00,    6.5857602894E-01
      7550,      0.676912,CP5_after_vdif,   1,    0.0000000000E+00,    6.5857602894E-01,    6.5857602894E-01,    0.0000000000E+00,    0.0000000000E+00,    0.0000000000E+00,    6.5857602894E-01
      7550,      0.676912,CP6_after_kinetics,   1,    0.0000000000E+00,    6.5857602894E-01,    6.5857602894E-01,    0.0000000000E+00,    0.0000000000E+00,    0.0000000000E+00,    6.5857602894E-01
      7550,      0.676912,CP7_after_upper_clamp,   1,    0.0000000000E+00,    6.5857602894E-01,    6.5857602894E-01,    0.0000000000E+00,    0.0000000000E+00,    0.0000000000E+00,    6.5857602894E-01
      7550,      0.676912,CP8_after_OBC,   1,    0.0000000000E+00,    6.5857602894E-01,    6.5857602894E-01,    0.0000000000E+00,    0.0000000000E+00,    0.0000000000E+00,    6.5857602894E-01
      7550,      0.676912,CP9_after_PTsource,   1,    0.0000000000E+00,    6.5857602894E-01,    6.5857602894E-01,    0.0000000000E+00,    0.0000000000E+00,    0.0000000000E+00,    6.5857602894E-01
      7550,      0.676912,CP10_after_neg_clamp,   1,    0.0000000000E+00,    6.5857602894E-01,    6.5857602894E-01,    0.0000000000E+00,    0.0000000000E+00,    0.0000000000E+00,    6.5857602894E-01
      7550,      0.676912,CP11_after_MPI,   1,    0.0000000000E+00,    6.5857602894E-01,    6.5857602894E-01,    0.0000000000E+00,    0.0000000000E+00,    0.0000000000E+00,    6.5857602894E-01
      7550,      0.676912,CP12_end,   1,    0.0000000000E+00,    6.5857602894E-01,    6.5857602894E-01,    0.0000000000E+00,    0.0000000000E+00,    0.0000000000E+00,    6.5857602894E-01
      7600,      0.676912,CP0_start,   1,    0.0000000000E+00,    6.6704379367E-01,    6.6704379367E-01,    0.0000000000E+00,    0.0000000000E+00,    0.0000000000E+00,    6.6704379367E-01
      7600,      0.676912,CP1_after_deposition,   1,    0.0000000000E+00,    6.6704379367E-01,    6.6704379367E-01,    0.0000000000E+00,    0.0000000000E+00,    0.0000000000E+00,    6.6704379367E-01
      7600,      0.676912,CP2_after_erosion,   1,    0.0000000000E+00,    6.6704379367E-01,    6.6704379367E-01,    0.0000000000E+00,    0.0000000000E+00,    0.0000000000E+00,    6.6704379367E-01
      7600,      0.676912,CP3_after_update_bottom,   1,    0.0000000000E+00,    6.6704379367E-01,    6.6704379367E-01,    0.0000000000E+00,    0.0000000000E+00,    0.0000000000E+00,    6.6704379367E-01
      7600,      0.676912,CP4_after_advection,   1,    0.0000000000E+00,    6.6721693880E-01,    6.6721693880E-01,    0.0000000000E+00,    0.0000000000E+00,    0.0000000000E+00,    6.6721693880E-01
      7600,      0.676912,CP5_after_vdif,   1,    0.0000000000E+00,    6.6721693880E-01,    6.6721693880E-01,    0.0000000000E+00,    0.0000000000E+00,    0.0000000000E+00,    6.6721693880E-01
      7600,      0.676912,CP6_after_kinetics,   1,    0.0000000000E+00,    6.6721693880E-01,    6.6721693880E-01,    0.0000000000E+00,    0.0000000000E+00,    0.0000000000E+00,    6.6721693880E-01
      7600,      0.676912,CP7_after_upper_clamp,   1,    0.0000000000E+00,    6.6721693880E-01,    6.6721693880E-01,    0.0000000000E+00,    0.0000000000E+00,    0.0000000000E+00,    6.6721693880E-01
      7600,      0.676912,CP8_after_OBC,   1,    0.0000000000E+00,    6.6721693880E-01,    6.6721693880E-01,    0.0000000000E+00,    0.0000000000E+00,    0.0000000000E+00,    6.6721693880E-01
      7600,      0.676912,CP9_after_PTsource,   1,    0.0000000000E+00,    6.6721693880E-01,    6.6721693880E-01,    0.0000000000E+00,    0.0000000000E+00,    0.0000000000E+00,    6.6721693880E-01
      7600,      0.676912,CP10_after_neg_clamp,   1,    0.0000000000E+00,    6.6721693880E-01,    6.6721693880E-01,    0.0000000000E+00,    0.0000000000E+00,    0.0000000000E+00,    6.6721693880E-01
      7600,      0.676912,CP11_after_MPI,   1,    0.0000000000E+00,    6.6721693880E-01,    6.6721693880E-01,    0.0000000000E+00,    0.0000000000E+00,    0.0000000000E+00,    6.6721693880E-01
      7600,      0.676912,CP12_end,   1,    0.0000000000E+00,    6.6721693880E-01,    6.6721693880E-01,    0.0000000000E+00,    0.0000000000E+00,    0.0000000000E+00,    6.6721693880E-01
      7650,      0.676912,CP0_start,   1,    0.0000000000E+00,    6.7574024866E-01,    6.7574024866E-01,    0.0000000000E+00,    0.0000000000E+00,    0.0000000000E+00,    6.7574024866E-01
      7650,      0.676912,CP1_after_deposition,   1,    0.0000000000E+00,    6.7574024866E-01,    6.7574024866E-01,    0.0000000000E+00,    0.0000000000E+00,    0.0000000000E+00,    6.7574024866E-01
      7650,      0.676912,CP2_after_erosion,   1,    0.0000000000E+00,    6.7574024866E-01,    6.7574024866E-01,    0.0000000000E+00,    0.0000000000E+00,    0.0000000000E+00,    6.7574024866E-01
      7650,      0.676912,CP3_after_update_bottom,   1,    0.0000000000E+00,    6.7574024866E-01,    6.7574024866E-01,    0.0000000000E+00,    0.0000000000E+00,    0.0000000000E+00,    6.7574024866E-01
      7650,      0.676912,CP4_after_advection,   1,    0.0000000000E+00,    6.7591483341E-01,    6.7591483341E-01,    0.0000000000E+00,    0.0000000000E+00,    0.0000000000E+00,    6.7591483341E-01
      7650,      0.676912,CP5_after_vdif,   1,    0.0000000000E+00,    6.7591483341E-01,    6.7591483341E-01,    0.0000000000E+00,    0.0000000000E+00,    0.0000000000E+00,    6.7591483341E-01
      7650,      0.676912,CP6_after_kinetics,   1,    0.0000000000E+00,    6.7591483341E-01,    6.7591483341E-01,    0.0000000000E+00,    0.0000000000E+00,    0.0000000000E+00,    6.7591483341E-01
      7650,      0.676912,CP7_after_upper_clamp,   1,    0.0000000000E+00,    6.7591483341E-01,    6.7591483341E-01,    0.0000000000E+00,    0.0000000000E+00,    0.0000000000E+00,    6.7591483341E-01
      7650,      0.676912,CP8_after_OBC,   1,    0.0000000000E+00,    6.7591483341E-01,    6.7591483341E-01,    0.0000000000E+00,    0.0000000000E+00,    0.0000000000E+00,    6.7591483341E-01
      7650,      0.676912,CP9_after_PTsource,   1,    0.0000000000E+00,    6.7591483341E-01,    6.7591483341E-01,    0.0000000000E+00,    0.0000000000E+00,    0.0000000000E+00,    6.7591483341E-01
      7650,      0.676912,CP10_after_neg_clamp,   1,    0.0000000000E+00,    6.7591483341E-01,    6.7591483341E-01,    0.0000000000E+00,    0.0000000000E+00,    0.0000000000E+00,    6.7591483341E-01
      7650,      0.676912,CP11_after_MPI,   1,    0.0000000000E+00,    6.7591483341E-01,    6.7591483341E-01,    0.0000000000E+00,    0.0000000000E+00,    0.0000000000E+00,    6.7591483341E-01
      7650,      0.676912,CP12_end,   1,    0.0000000000E+00,    6.7591483341E-01,    6.7591483341E-01,    0.0000000000E+00,    0.0000000000E+00,    0.0000000000E+00,    6.7591483341E-01
      7700,      0.676912,CP0_start,   1,    0.0000000000E+00,    6.8449397092E-01,    6.8449397092E-01,    0.0000000000E+00,    0.0000000000E+00,    0.0000000000E+00,    6.8449397092E-01
      7700,      0.676912,CP1_after_deposition,   1,    0.0000000000E+00,    6.8449397092E-01,    6.8449397092E-01,    0.0000000000E+00,    0.0000000000E+00,    0.0000000000E+00,    6.8449397092E-01
      7700,      0.676912,CP2_after_erosion,   1,    0.0000000000E+00,    6.8449397092E-01,    6.8449397092E-01,    0.0000000000E+00,    0.0000000000E+00,    0.0000000000E+00,    6.8449397092E-01
      7700,      0.676912,CP3_after_update_bottom,   1,    0.0000000000E+00,    6.8449397092E-01,    6.8449397092E-01,    0.0000000000E+00,    0.0000000000E+00,    0.0000000000E+00,    6.8449397092E-01
      7700,      0.676912,CP4_after_advection,   1,    0.0000000000E+00,    6.8466971182E-01,    6.8466971182E-01,    0.0000000000E+00,    0.0000000000E+00,    0.0000000000E+00,    6.8466971182E-01
      7700,      0.676912,CP5_after_vdif,   1,    0.0000000000E+00,    6.8466971182E-01,    6.8466971182E-01,    0.0000000000E+00,    0.0000000000E+00,    0.0000000000E+00,    6.8466971182E-01
      7700,      0.676912,CP6_after_kinetics,   1,    0.0000000000E+00,    6.8466971182E-01,    6.8466971182E-01,    0.0000000000E+00,    0.0000000000E+00,    0.0000000000E+00,    6.8466971182E-01
      7700,      0.676912,CP7_after_upper_clamp,   1,    0.0000000000E+00,    6.8466971182E-01,    6.8466971182E-01,    0.0000000000E+00,    0.0000000000E+00,    0.0000000000E+00,    6.8466971182E-01
      7700,      0.676912,CP8_after_OBC,   1,    0.0000000000E+00,    6.8466971182E-01,    6.8466971182E-01,    0.0000000000E+00,    0.0000000000E+00,    0.0000000000E+00,    6.8466971182E-01
      7700,      0.676912,CP9_after_PTsource,   1,    0.0000000000E+00,    6.8466971182E-01,    6.8466971182E-01,    0.0000000000E+00,    0.0000000000E+00,    0.0000000000E+00,    6.8466971182E-01
      7700,      0.676912,CP10_after_neg_clamp,   1,    0.0000000000E+00,    6.8466971182E-01,    6.8466971182E-01,    0.0000000000E+00,    0.0000000000E+00,    0.0000000000E+00,    6.8466971182E-01
      7700,      0.676912,CP11_after_MPI,   1,    0.0000000000E+00,    6.8466971182E-01,    6.8466971182E-01,    0.0000000000E+00,    0.0000000000E+00,    0.0000000000E+00,    6.8466971182E-01
      7700,      0.676912,CP12_end,   1,    0.0000000000E+00,    6.8466971182E-01,    6.8466971182E-01,    0.0000000000E+00,    0.0000000000E+00,    0.0000000000E+00,    6.8466971182E-01
      7750,      0.676912,CP0_start,   1,    0.0000000000E+00,    6.9330498025E-01,    6.9330498025E-01,    0.0000000000E+00,    0.0000000000E+00,    0.0000000000E+00,    6.9330498025E-01
      7750,      0.676912,CP1_after_deposition,   1,    0.0000000000E+00,    6.9330498025E-01,    6.9330498025E-01,    0.0000000000E+00,    0.0000000000E+00,    0.0000000000E+00,    6.9330498025E-01
      7750,      0.676912,CP2_after_erosion,   1,    0.0000000000E+00,    6.9330498025E-01,    6.9330498025E-01,    0.0000000000E+00,    0.0000000000E+00,    0.0000000000E+00,    6.9330498025E-01
      7750,      0.676912,CP3_after_update_bottom,   1,    0.0000000000E+00,    6.9330498025E-01,    6.9330498025E-01,    0.0000000000E+00,    0.0000000000E+00,    0.0000000000E+00,    6.9330498025E-01
      7750,      0.676912,CP4_after_advection,   1,    0.0000000000E+00,    6.9348157310E-01,    6.9348157310E-01,    0.0000000000E+00,    0.0000000000E+00,    0.0000000000E+00,    6.9348157310E-01
      7750,      0.676912,CP5_after_vdif,   1,    0.0000000000E+00,    6.9348157310E-01,    6.9348157310E-01,    0.0000000000E+00,    0.0000000000E+00,    0.0000000000E+00,    6.9348157310E-01
      7750,      0.676912,CP6_after_kinetics,   1,    0.0000000000E+00,    6.9348157310E-01,    6.9348157310E-01,    0.0000000000E+00,    0.0000000000E+00,    0.0000000000E+00,    6.9348157310E-01
      7750,      0.676912,CP7_after_upper_clamp,   1,    0.0000000000E+00,    6.9348157310E-01,    6.9348157310E-01,    0.0000000000E+00,    0.0000000000E+00,    0.0000000000E+00,    6.9348157310E-01
      7750,      0.676912,CP8_after_OBC,   1,    0.0000000000E+00,    6.9348157310E-01,    6.9348157310E-01,    0.0000000000E+00,    0.0000000000E+00,    0.0000000000E+00,    6.9348157310E-01
      7750,      0.676912,CP9_after_PTsource,   1,    0.0000000000E+00,    6.9348157310E-01,    6.9348157310E-01,    0.0000000000E+00,    0.0000000000E+00,    0.0000000000E+00,    6.9348157310E-01
      7750,      0.676912,CP10_after_neg_clamp,   1,    0.0000000000E+00,    6.9348157310E-01,    6.9348157310E-01,    0.0000000000E+00,    0.0000000000E+00,    0.0000000000E+00,    6.9348157310E-01
      7750,      0.676912,CP11_after_MPI,   1,    0.0000000000E+00,    6.9348157310E-01,    6.9348157310E-01,    0.0000000000E+00,    0.0000000000E+00,    0.0000000000E+00,    6.9348157310E-01
      7750,      0.676912,CP12_end,   1,    0.0000000000E+00,    6.9348157310E-01,    6.9348157310E-01,    0.0000000000E+00,    0.0000000000E+00,    0.0000000000E+00,    6.9348157310E-01
      7800,      0.676912,CP0_start,   1,    0.0000000000E+00,    7.0217253957E-01,    7.0217253957E-01,    0.0000000000E+00,    0.0000000000E+00,    0.0000000000E+00,    7.0217253957E-01
      7800,      0.676912,CP1_after_deposition,   1,    0.0000000000E+00,    7.0217253957E-01,    7.0217253957E-01,    0.0000000000E+00,    0.0000000000E+00,    0.0000000000E+00,    7.0217253957E-01
      7800,      0.676912,CP2_after_erosion,   1,    0.0000000000E+00,    7.0217253957E-01,    7.0217253957E-01,    0.0000000000E+00,    0.0000000000E+00,    0.0000000000E+00,    7.0217253957E-01
      7800,      0.676912,CP3_after_update_bottom,   1,    0.0000000000E+00,    7.0217253957E-01,    7.0217253957E-01,    0.0000000000E+00,    0.0000000000E+00,    0.0000000000E+00,    7.0217253957E-01
      7800,      0.676912,CP4_after_advection,   1,    0.0000000000E+00,    7.0235041631E-01,    7.0235041631E-01,    0.0000000000E+00,    0.0000000000E+00,    0.0000000000E+00,    7.0235041631E-01
      7800,      0.676912,CP5_after_vdif,   1,    0.0000000000E+00,    7.0235041631E-01,    7.0235041631E-01,    0.0000000000E+00,    0.0000000000E+00,    0.0000000000E+00,    7.0235041631E-01
      7800,      0.676912,CP6_after_kinetics,   1,    0.0000000000E+00,    7.0235041631E-01,    7.0235041631E-01,    0.0000000000E+00,    0.0000000000E+00,    0.0000000000E+00,    7.0235041631E-01
      7800,      0.676912,CP7_after_upper_clamp,   1,    0.0000000000E+00,    7.0235041631E-01,    7.0235041631E-01,    0.0000000000E+00,    0.0000000000E+00,    0.0000000000E+00,    7.0235041631E-01
      7800,      0.676912,CP8_after_OBC,   1,    0.0000000000E+00,    7.0235041631E-01,    7.0235041631E-01,    0.0000000000E+00,    0.0000000000E+00,    0.0000000000E+00,    7.0235041631E-01
      7800,      0.676912,CP9_after_PTsource,   1,    0.0000000000E+00,    7.0235041631E-01,    7.0235041631E-01,    0.0000000000E+00,    0.0000000000E+00,    0.0000000000E+00,    7.0235041631E-01
      7800,      0.676912,CP10_after_neg_clamp,   1,    0.0000000000E+00,    7.0235041631E-01,    7.0235041631E-01,    0.0000000000E+00,    0.0000000000E+00,    0.0000000000E+00,    7.0235041631E-01
      7800,      0.676912,CP11_after_MPI,   1,    0.0000000000E+00,    7.0235041631E-01,    7.0235041631E-01,    0.0000000000E+00,    0.0000000000E+00,    0.0000000000E+00,    7.0235041631E-01
      7800,      0.676912,CP12_end,   1,    0.0000000000E+00,    7.0235041631E-01,    7.0235041631E-01,    0.0000000000E+00,    0.0000000000E+00,    0.0000000000E+00,    7.0235041631E-01
      7850,      0.676912,CP0_start,   1,    0.0000000000E+00,    7.1109736168E-01,    7.1109736168E-01,    0.0000000000E+00,    0.0000000000E+00,    0.0000000000E+00,    7.1109736168E-01
      7850,      0.676912,CP1_after_deposition,   1,    0.0000000000E+00,    7.1109736168E-01,    7.1109736168E-01,    0.0000000000E+00,    0.0000000000E+00,    0.0000000000E+00,    7.1109736168E-01
      7850,      0.676912,CP2_after_erosion,   1,    0.0000000000E+00,    7.1109736168E-01,    7.1109736168E-01,    0.0000000000E+00,    0.0000000000E+00,    0.0000000000E+00,    7.1109736168E-01
      7850,      0.676912,CP3_after_update_bottom,   1,    0.0000000000E+00,    7.1109736168E-01,    7.1109736168E-01,    0.0000000000E+00,    0.0000000000E+00,    0.0000000000E+00,    7.1109736168E-01
      7850,      0.676912,CP4_after_advection,   1,    0.0000000000E+00,    7.1127624051E-01,    7.1127624051E-01,    0.0000000000E+00,    0.0000000000E+00,    0.0000000000E+00,    7.1127624051E-01
      7850,      0.676912,CP5_after_vdif,   1,    0.0000000000E+00,    7.1127624051E-01,    7.1127624051E-01,    0.0000000000E+00,    0.0000000000E+00,    0.0000000000E+00,    7.1127624051E-01
      7850,      0.676912,CP6_after_kinetics,   1,    0.0000000000E+00,    7.1127624051E-01,    7.1127624051E-01,    0.0000000000E+00,    0.0000000000E+00,    0.0000000000E+00,    7.1127624051E-01
      7850,      0.676912,CP7_after_upper_clamp,   1,    0.0000000000E+00,    7.1127624051E-01,    7.1127624051E-01,    0.0000000000E+00,    0.0000000000E+00,    0.0000000000E+00,    7.1127624051E-01
      7850,      0.676912,CP8_after_OBC,   1,    0.0000000000E+00,    7.1127624051E-01,    7.1127624051E-01,    0.0000000000E+00,    0.0000000000E+00,    0.0000000000E+00,    7.1127624051E-01
      7850,      0.676912,CP9_after_PTsource,   1,    0.0000000000E+00,    7.1127624051E-01,    7.1127624051E-01,    0.0000000000E+00,    0.0000000000E+00,    0.0000000000E+00,    7.1127624051E-01
      7850,      0.676912,CP10_after_neg_clamp,   1,    0.0000000000E+00,    7.1127624051E-01,    7.1127624051E-01,    0.0000000000E+00,    0.0000000000E+00,    0.0000000000E+00,    7.1127624051E-01
      7850,      0.676912,CP11_after_MPI,   1,    0.0000000000E+00,    7.1127624051E-01,    7.1127624051E-01,    0.0000000000E+00,    0.0000000000E+00,    0.0000000000E+00,    7.1127624051E-01
      7850,      0.676912,CP12_end,   1,    0.0000000000E+00,    7.1127624051E-01,    7.1127624051E-01,    0.0000000000E+00,    0.0000000000E+00,    0.0000000000E+00,    7.1127624051E-01
      7900,      0.676912,CP0_start,   1,    0.0000000000E+00,    7.2007913761E-01,    7.2007913761E-01,    0.0000000000E+00,    0.0000000000E+00,    0.0000000000E+00,    7.2007913761E-01
      7900,      0.676912,CP1_after_deposition,   1,    0.0000000000E+00,    7.2007913761E-01,    7.2007913761E-01,    0.0000000000E+00,    0.0000000000E+00,    0.0000000000E+00,    7.2007913761E-01
      7900,      0.676912,CP2_after_erosion,   1,    0.0000000000E+00,    7.2007913761E-01,    7.2007913761E-01,    0.0000000000E+00,    0.0000000000E+00,    0.0000000000E+00,    7.2007913761E-01
      7900,      0.676912,CP3_after_update_bottom,   1,    0.0000000000E+00,    7.2007913761E-01,    7.2007913761E-01,    0.0000000000E+00,    0.0000000000E+00,    0.0000000000E+00,    7.2007913761E-01
      7900,      0.676912,CP4_after_advection,   1,    0.0000000000E+00,    7.2025904473E-01,    7.2025904473E-01,    0.0000000000E+00,    0.0000000000E+00,    0.0000000000E+00,    7.2025904473E-01
      7900,      0.676912,CP5_after_vdif,   1,    0.0000000000E+00,    7.2025904473E-01,    7.2025904473E-01,    0.0000000000E+00,    0.0000000000E+00,    0.0000000000E+00,    7.2025904473E-01
      7900,      0.676912,CP6_after_kinetics,   1,    0.0000000000E+00,    7.2025904473E-01,    7.2025904473E-01,    0.0000000000E+00,    0.0000000000E+00,    0.0000000000E+00,    7.2025904473E-01
      7900,      0.676912,CP7_after_upper_clamp,   1,    0.0000000000E+00,    7.2025904473E-01,    7.2025904473E-01,    0.0000000000E+00,    0.0000000000E+00,    0.0000000000E+00,    7.2025904473E-01
      7900,      0.676912,CP8_after_OBC,   1,    0.0000000000E+00,    7.2025904473E-01,    7.2025904473E-01,    0.0000000000E+00,    0.0000000000E+00,    0.0000000000E+00,    7.2025904473E-01
      7900,      0.676912,CP9_after_PTsource,   1,    0.0000000000E+00,    7.2025904473E-01,    7.2025904473E-01,    0.0000000000E+00,    0.0000000000E+00,    0.0000000000E+00,    7.2025904473E-01
      7900,      0.676912,CP10_after_neg_clamp,   1,    0.0000000000E+00,    7.2025904473E-01,    7.2025904473E-01,    0.0000000000E+00,    0.0000000000E+00,    0.0000000000E+00,    7.2025904473E-01
      7900,      0.676912,CP11_after_MPI,   1,    0.0000000000E+00,    7.2025904473E-01,    7.2025904473E-01,    0.0000000000E+00,    0.0000000000E+00,    0.0000000000E+00,    7.2025904473E-01
      7900,      0.676912,CP12_end,   1,    0.0000000000E+00,    7.2025904473E-01,    7.2025904473E-01,    0.0000000000E+00,    0.0000000000E+00,    0.0000000000E+00,    7.2025904473E-01
      7950,      0.676912,CP0_start,   1,    0.0000000000E+00,    7.2911749715E-01,    7.2911749715E-01,    0.0000000000E+00,    0.0000000000E+00,    0.0000000000E+00,    7.2911749715E-01
      7950,      0.676912,CP1_after_deposition,   1,    0.0000000000E+00,    7.2911749715E-01,    7.2911749715E-01,    0.0000000000E+00,    0.0000000000E+00,    0.0000000000E+00,    7.2911749715E-01
      7950,      0.676912,CP2_after_erosion,   1,    0.0000000000E+00,    7.2911749715E-01,    7.2911749715E-01,    0.0000000000E+00,    0.0000000000E+00,    0.0000000000E+00,    7.2911749715E-01
      7950,      0.676912,CP3_after_update_bottom,   1,    0.0000000000E+00,    7.2911749715E-01,    7.2911749715E-01,    0.0000000000E+00,    0.0000000000E+00,    0.0000000000E+00,    7.2911749715E-01
      7950,      0.676912,CP4_after_advection,   1,    0.0000000000E+00,    7.2929882801E-01,    7.2929882801E-01,    0.0000000000E+00,    0.0000000000E+00,    0.0000000000E+00,    7.2929882801E-01
      7950,      0.676912,CP5_after_vdif,   1,    0.0000000000E+00,    7.2929882801E-01,    7.2929882801E-01,    0.0000000000E+00,    0.0000000000E+00,    0.0000000000E+00,    7.2929882801E-01
      7950,      0.676912,CP6_after_kinetics,   1,    0.0000000000E+00,    7.2929882801E-01,    7.2929882801E-01,    0.0000000000E+00,    0.0000000000E+00,    0.0000000000E+00,    7.2929882801E-01
      7950,      0.676912,CP7_after_upper_clamp,   1,    0.0000000000E+00,    7.2929882801E-01,    7.2929882801E-01,    0.0000000000E+00,    0.0000000000E+00,    0.0000000000E+00,    7.2929882801E-01
      7950,      0.676912,CP8_after_OBC,   1,    0.0000000000E+00,    7.2929882801E-01,    7.2929882801E-01,    0.0000000000E+00,    0.0000000000E+00,    0.0000000000E+00,    7.2929882801E-01
      7950,      0.676912,CP9_after_PTsource,   1,    0.0000000000E+00,    7.2929882801E-01,    7.2929882801E-01,    0.0000000000E+00,    0.0000000000E+00,    0.0000000000E+00,    7.2929882801E-01
      7950,      0.676912,CP10_after_neg_clamp,   1,    0.0000000000E+00,    7.2929882801E-01,    7.2929882801E-01,    0.0000000000E+00,    0.0000000000E+00,    0.0000000000E+00,    7.2929882801E-01
      7950,      0.676912,CP11_after_MPI,   1,    0.0000000000E+00,    7.2929882801E-01,    7.2929882801E-01,    0.0000000000E+00,    0.0000000000E+00,    0.0000000000E+00,    7.2929882801E-01
      7950,      0.676912,CP12_end,   1,    0.0000000000E+00,    7.2929882801E-01,    7.2929882801E-01,    0.0000000000E+00,    0.0000000000E+00,    0.0000000000E+00,    7.2929882801E-01
      8000,      0.676912,CP0_start,   1,    0.0000000000E+00,    7.3821335625E-01,    7.3821335625E-01,    0.0000000000E+00,    0.0000000000E+00,    0.0000000000E+00,    7.3821335625E-01
      8000,      0.676912,CP1_after_deposition,   1,    0.0000000000E+00,    7.3821335625E-01,    7.3821335625E-01,    0.0000000000E+00,    0.0000000000E+00,    0.0000000000E+00,    7.3821335625E-01
      8000,      0.676912,CP2_after_erosion,   1,    0.0000000000E+00,    7.3821335625E-01,    7.3821335625E-01,    0.0000000000E+00,    0.0000000000E+00,    0.0000000000E+00,    7.3821335625E-01
      8000,      0.676912,CP3_after_update_bottom,   1,    0.0000000000E+00,    7.3821335625E-01,    7.3821335625E-01,    0.0000000000E+00,    0.0000000000E+00,    0.0000000000E+00,    7.3821335625E-01
      8000,      0.676912,CP4_after_advection,   1,    0.0000000000E+00,    7.3839558938E-01,    7.3839558938E-01,    0.0000000000E+00,    0.0000000000E+00,    0.0000000000E+00,    7.3839558938E-01
      8000,      0.676912,CP5_after_vdif,   1,    0.0000000000E+00,    7.3839558938E-01,    7.3839558938E-01,    0.0000000000E+00,    0.0000000000E+00,    0.0000000000E+00,    7.3839558938E-01
      8000,      0.676912,CP6_after_kinetics,   1,    0.0000000000E+00,    7.3839558938E-01,    7.3839558938E-01,    0.0000000000E+00,    0.0000000000E+00,    0.0000000000E+00,    7.3839558938E-01
      8000,      0.676912,CP7_after_upper_clamp,   1,    0.0000000000E+00,    7.3839558938E-01,    7.3839558938E-01,    0.0000000000E+00,    0.0000000000E+00,    0.0000000000E+00,    7.3839558938E-01
      8000,      0.676912,CP8_after_OBC,   1,    0.0000000000E+00,    7.3839558938E-01,    7.3839558938E-01,    0.0000000000E+00,    0.0000000000E+00,    0.0000000000E+00,    7.3839558938E-01
      8000,      0.676912,CP9_after_PTsource,   1,    0.0000000000E+00,    7.3839558938E-01,    7.3839558938E-01,    0.0000000000E+00,    0.0000000000E+00,    0.0000000000E+00,    7.3839558938E-01
      8000,      0.676912,CP10_after_neg_clamp,   1,    0.0000000000E+00,    7.3839558938E-01,    7.3839558938E-01,    0.0000000000E+00,    0.0000000000E+00,    0.0000000000E+00,    7.3839558938E-01
      8000,      0.676912,CP11_after_MPI,   1,    0.0000000000E+00,    7.3839558938E-01,    7.3839558938E-01,    0.0000000000E+00,    0.0000000000E+00,    0.0000000000E+00,    7.3839558938E-01
      8000,      0.676912,CP12_end,   1,    0.0000000000E+00,    7.3839558938E-01,    7.3839558938E-01,    0.0000000000E+00,    0.0000000000E+00,    0.0000000000E+00,    7.3839558938E-01
      8050,      0.676912,CP0_start,   1,    0.0000000000E+00,    7.4736588276E-01,    7.4736588276E-01,    0.0000000000E+00,    0.0000000000E+00,    0.0000000000E+00,    7.4736588276E-01
      8050,      0.676912,CP1_after_deposition,   1,    0.0000000000E+00,    7.4736588276E-01,    7.4736588276E-01,    0.0000000000E+00,    0.0000000000E+00,    0.0000000000E+00,    7.4736588276E-01
      8050,      0.676912,CP2_after_erosion,   1,    0.0000000000E+00,    7.4736588276E-01,    7.4736588276E-01,    0.0000000000E+00,    0.0000000000E+00,    0.0000000000E+00,    7.4736588276E-01
      8050,      0.676912,CP3_after_update_bottom,   1,    0.0000000000E+00,    7.4736588276E-01,    7.4736588276E-01,    0.0000000000E+00,    0.0000000000E+00,    0.0000000000E+00,    7.4736588276E-01
      8050,      0.676912,CP4_after_advection,   1,    0.0000000000E+00,    7.4754932788E-01,    7.4754932788E-01,    0.0000000000E+00,    0.0000000000E+00,    0.0000000000E+00,    7.4754932788E-01
      8050,      0.676912,CP5_after_vdif,   1,    0.0000000000E+00,    7.4754932788E-01,    7.4754932788E-01,    0.0000000000E+00,    0.0000000000E+00,    0.0000000000E+00,    7.4754932788E-01
      8050,      0.676912,CP6_after_kinetics,   1,    0.0000000000E+00,    7.4754932788E-01,    7.4754932788E-01,    0.0000000000E+00,    0.0000000000E+00,    0.0000000000E+00,    7.4754932788E-01
      8050,      0.676912,CP7_after_upper_clamp,   1,    0.0000000000E+00,    7.4754932788E-01,    7.4754932788E-01,    0.0000000000E+00,    0.0000000000E+00,    0.0000000000E+00,    7.4754932788E-01
      8050,      0.676912,CP8_after_OBC,   1,    0.0000000000E+00,    7.4754932788E-01,    7.4754932788E-01,    0.0000000000E+00,    0.0000000000E+00,    0.0000000000E+00,    7.4754932788E-01
      8050,      0.676912,CP9_after_PTsource,   1,    0.0000000000E+00,    7.4754932788E-01,    7.4754932788E-01,    0.0000000000E+00,    0.0000000000E+00,    0.0000000000E+00,    7.4754932788E-01
      8050,      0.676912,CP10_after_neg_clamp,   1,    0.0000000000E+00,    7.4754932788E-01,    7.4754932788E-01,    0.0000000000E+00,    0.0000000000E+00,    0.0000000000E+00,    7.4754932788E-01
      8050,      0.676912,CP11_after_MPI,   1,    0.0000000000E+00,    7.4754932788E-01,    7.4754932788E-01,    0.0000000000E+00,    0.0000000000E+00,    0.0000000000E+00,    7.4754932788E-01
      8050,      0.676912,CP12_end,   1,    0.0000000000E+00,    7.4754932788E-01,    7.4754932788E-01,    0.0000000000E+00,    0.0000000000E+00,    0.0000000000E+00,    7.4754932788E-01
      8100,      0.676912,CP0_start,   1,    0.0000000000E+00,    7.5657538421E-01,    7.5657538421E-01,    0.0000000000E+00,    0.0000000000E+00,    0.0000000000E+00,    7.5657538421E-01
      8100,      0.676912,CP1_after_deposition,   1,    0.0000000000E+00,    7.5657538421E-01,    7.5657538421E-01,    0.0000000000E+00,    0.0000000000E+00,    0.0000000000E+00,    7.5657538421E-01
      8100,      0.676912,CP2_after_erosion,   1,    0.0000000000E+00,    7.5657538421E-01,    7.5657538421E-01,    0.0000000000E+00,    0.0000000000E+00,    0.0000000000E+00,    7.5657538421E-01
      8100,      0.676912,CP3_after_update_bottom,   1,    0.0000000000E+00,    7.5657538421E-01,    7.5657538421E-01,    0.0000000000E+00,    0.0000000000E+00,    0.0000000000E+00,    7.5657538421E-01
      8100,      0.676912,CP4_after_advection,   1,    0.0000000000E+00,    7.5676004252E-01,    7.5676004252E-01,    0.0000000000E+00,    0.0000000000E+00,    0.0000000000E+00,    7.5676004252E-01
      8100,      0.676912,CP5_after_vdif,   1,    0.0000000000E+00,    7.5676004252E-01,    7.5676004252E-01,    0.0000000000E+00,    0.0000000000E+00,    0.0000000000E+00,    7.5676004252E-01
      8100,      0.676912,CP6_after_kinetics,   1,    0.0000000000E+00,    7.5676004252E-01,    7.5676004252E-01,    0.0000000000E+00,    0.0000000000E+00,    0.0000000000E+00,    7.5676004252E-01
      8100,      0.676912,CP7_after_upper_clamp,   1,    0.0000000000E+00,    7.5676004252E-01,    7.5676004252E-01,    0.0000000000E+00,    0.0000000000E+00,    0.0000000000E+00,    7.5676004252E-01
      8100,      0.676912,CP8_after_OBC,   1,    0.0000000000E+00,    7.5676004252E-01,    7.5676004252E-01,    0.0000000000E+00,    0.0000000000E+00,    0.0000000000E+00,    7.5676004252E-01
      8100,      0.676912,CP9_after_PTsource,   1,    0.0000000000E+00,    7.5676004252E-01,    7.5676004252E-01,    0.0000000000E+00,    0.0000000000E+00,    0.0000000000E+00,    7.5676004252E-01
      8100,      0.676912,CP10_after_neg_clamp,   1,    0.0000000000E+00,    7.5676004252E-01,    7.5676004252E-01,    0.0000000000E+00,    0.0000000000E+00,    0.0000000000E+00,    7.5676004252E-01
      8100,      0.676912,CP11_after_MPI,   1,    0.0000000000E+00,    7.5676004252E-01,    7.5676004252E-01,    0.0000000000E+00,    0.0000000000E+00,    0.0000000000E+00,    7.5676004252E-01
      8100,      0.676912,CP12_end,   1,    0.0000000000E+00,    7.5676004252E-01,    7.5676004252E-01,    0.0000000000E+00,    0.0000000000E+00,    0.0000000000E+00,    7.5676004252E-01
      8150,      0.676912,CP0_start,   1,    0.0000000000E+00,    7.6576885008E-01,    7.6576885008E-01,    0.0000000000E+00,    0.0000000000E+00,    0.0000000000E+00,    7.6576885008E-01
      8150,      0.676912,CP1_after_deposition,   1,    0.0000000000E+00,    7.6576885008E-01,    7.6576885008E-01,    0.0000000000E+00,    0.0000000000E+00,    0.0000000000E+00,    7.6576885008E-01
      8150,      0.676912,CP2_after_erosion,   1,    0.0000000000E+00,    7.6576885008E-01,    7.6576885008E-01,    0.0000000000E+00,    0.0000000000E+00,    0.0000000000E+00,    7.6576885008E-01
      8150,      0.676912,CP3_after_update_bottom,   1,    0.0000000000E+00,    7.6576885008E-01,    7.6576885008E-01,    0.0000000000E+00,    0.0000000000E+00,    0.0000000000E+00,    7.6576885008E-01
      8150,      0.676912,CP4_after_advection,   1,    0.0000000000E+00,    7.6595299318E-01,    7.6595299318E-01,    0.0000000000E+00,    0.0000000000E+00,    0.0000000000E+00,    7.6595299318E-01
      8150,      0.676912,CP5_after_vdif,   1,    0.0000000000E+00,    7.6595299318E-01,    7.6595299318E-01,    0.0000000000E+00,    0.0000000000E+00,    0.0000000000E+00,    7.6595299318E-01
      8150,      0.676912,CP6_after_kinetics,   1,    0.0000000000E+00,    7.6595299318E-01,    7.6595299318E-01,    0.0000000000E+00,    0.0000000000E+00,    0.0000000000E+00,    7.6595299318E-01
      8150,      0.676912,CP7_after_upper_clamp,   1,    0.0000000000E+00,    7.6595299318E-01,    7.6595299318E-01,    0.0000000000E+00,    0.0000000000E+00,    0.0000000000E+00,    7.6595299318E-01
      8150,      0.676912,CP8_after_OBC,   1,    0.0000000000E+00,    7.6595299318E-01,    7.6595299318E-01,    0.0000000000E+00,    0.0000000000E+00,    0.0000000000E+00,    7.6595299318E-01
      8150,      0.676912,CP9_after_PTsource,   1,    0.0000000000E+00,    7.6595299318E-01,    7.6595299318E-01,    0.0000000000E+00,    0.0000000000E+00,    0.0000000000E+00,    7.6595299318E-01
      8150,      0.676912,CP10_after_neg_clamp,   1,    0.0000000000E+00,    7.6595299318E-01,    7.6595299318E-01,    0.0000000000E+00,    0.0000000000E+00,    0.0000000000E+00,    7.6595299318E-01
      8150,      0.676912,CP11_after_MPI,   1,    0.0000000000E+00,    7.6595299318E-01,    7.6595299318E-01,    0.0000000000E+00,    0.0000000000E+00,    0.0000000000E+00,    7.6595299318E-01
      8150,      0.676912,CP12_end,   1,    0.0000000000E+00,    7.6595299318E-01,    7.6595299318E-01,    0.0000000000E+00,    0.0000000000E+00,    0.0000000000E+00,    7.6595299318E-01
      8200,      0.676912,CP0_start,   1,    0.0000000000E+00,    7.7501694978E-01,    7.7501694978E-01,    0.0000000000E+00,    0.0000000000E+00,    0.0000000000E+00,    7.7501694978E-01
      8200,      0.676912,CP1_after_deposition,   1,    0.0000000000E+00,    7.7501694978E-01,    7.7501694978E-01,    0.0000000000E+00,    0.0000000000E+00,    0.0000000000E+00,    7.7501694978E-01
      8200,      0.676912,CP2_after_erosion,   1,    0.0000000000E+00,    7.7501694978E-01,    7.7501694978E-01,    0.0000000000E+00,    0.0000000000E+00,    0.0000000000E+00,    7.7501694978E-01
      8200,      0.676912,CP3_after_update_bottom,   1,    0.0000000000E+00,    7.7501694978E-01,    7.7501694978E-01,    0.0000000000E+00,    0.0000000000E+00,    0.0000000000E+00,    7.7501694978E-01
      8200,      0.676912,CP4_after_advection,   1,    0.0000000000E+00,    7.7520245854E-01,    7.7520245854E-01,    0.0000000000E+00,    0.0000000000E+00,    0.0000000000E+00,    7.7520245854E-01
      8200,      0.676912,CP5_after_vdif,   1,    0.0000000000E+00,    7.7520245854E-01,    7.7520245854E-01,    0.0000000000E+00,    0.0000000000E+00,    0.0000000000E+00,    7.7520245854E-01
      8200,      0.676912,CP6_after_kinetics,   1,    0.0000000000E+00,    7.7520245854E-01,    7.7520245854E-01,    0.0000000000E+00,    0.0000000000E+00,    0.0000000000E+00,    7.7520245854E-01
      8200,      0.676912,CP7_after_upper_clamp,   1,    0.0000000000E+00,    7.7520245854E-01,    7.7520245854E-01,    0.0000000000E+00,    0.0000000000E+00,    0.0000000000E+00,    7.7520245854E-01
      8200,      0.676912,CP8_after_OBC,   1,    0.0000000000E+00,    7.7520245854E-01,    7.7520245854E-01,    0.0000000000E+00,    0.0000000000E+00,    0.0000000000E+00,    7.7520245854E-01
      8200,      0.676912,CP9_after_PTsource,   1,    0.0000000000E+00,    7.7520245854E-01,    7.7520245854E-01,    0.0000000000E+00,    0.0000000000E+00,    0.0000000000E+00,    7.7520245854E-01
      8200,      0.676912,CP10_after_neg_clamp,   1,    0.0000000000E+00,    7.7520245854E-01,    7.7520245854E-01,    0.0000000000E+00,    0.0000000000E+00,    0.0000000000E+00,    7.7520245854E-01
      8200,      0.676912,CP11_after_MPI,   1,    0.0000000000E+00,    7.7520245854E-01,    7.7520245854E-01,    0.0000000000E+00,    0.0000000000E+00,    0.0000000000E+00,    7.7520245854E-01
      8200,      0.676912,CP12_end,   1,    0.0000000000E+00,    7.7520245854E-01,    7.7520245854E-01,    0.0000000000E+00,    0.0000000000E+00,    0.0000000000E+00,    7.7520245854E-01
      8250,      0.676912,CP0_start,   1,    0.0000000000E+00,    7.8432212527E-01,    7.8432212527E-01,    0.0000000000E+00,    0.0000000000E+00,    0.0000000000E+00,    7.8432212527E-01
      8250,      0.676912,CP1_after_deposition,   1,    0.0000000000E+00,    7.8432212527E-01,    7.8432212527E-01,    0.0000000000E+00,    0.0000000000E+00,    0.0000000000E+00,    7.8432212527E-01
      8250,      0.676912,CP2_after_erosion,   1,    0.0000000000E+00,    7.8432212527E-01,    7.8432212527E-01,    0.0000000000E+00,    0.0000000000E+00,    0.0000000000E+00,    7.8432212527E-01
      8250,      0.676912,CP3_after_update_bottom,   1,    0.0000000000E+00,    7.8432212527E-01,    7.8432212527E-01,    0.0000000000E+00,    0.0000000000E+00,    0.0000000000E+00,    7.8432212527E-01
      8250,      0.676912,CP4_after_advection,   1,    0.0000000000E+00,    7.8450843760E-01,    7.8450843760E-01,    0.0000000000E+00,    0.0000000000E+00,    0.0000000000E+00,    7.8450843760E-01
      8250,      0.676912,CP5_after_vdif,   1,    0.0000000000E+00,    7.8450843760E-01,    7.8450843760E-01,    0.0000000000E+00,    0.0000000000E+00,    0.0000000000E+00,    7.8450843760E-01
      8250,      0.676912,CP6_after_kinetics,   1,    0.0000000000E+00,    7.8450843760E-01,    7.8450843760E-01,    0.0000000000E+00,    0.0000000000E+00,    0.0000000000E+00,    7.8450843760E-01
      8250,      0.676912,CP7_after_upper_clamp,   1,    0.0000000000E+00,    7.8450843760E-01,    7.8450843760E-01,    0.0000000000E+00,    0.0000000000E+00,    0.0000000000E+00,    7.8450843760E-01
      8250,      0.676912,CP8_after_OBC,   1,    0.0000000000E+00,    7.8450843760E-01,    7.8450843760E-01,    0.0000000000E+00,    0.0000000000E+00,    0.0000000000E+00,    7.8450843760E-01
      8250,      0.676912,CP9_after_PTsource,   1,    0.0000000000E+00,    7.8450843760E-01,    7.8450843760E-01,    0.0000000000E+00,    0.0000000000E+00,    0.0000000000E+00,    7.8450843760E-01
      8250,      0.676912,CP10_after_neg_clamp,   1,    0.0000000000E+00,    7.8450843760E-01,    7.8450843760E-01,    0.0000000000E+00,    0.0000000000E+00,    0.0000000000E+00,    7.8450843760E-01
      8250,      0.676912,CP11_after_MPI,   1,    0.0000000000E+00,    7.8450843760E-01,    7.8450843760E-01,    0.0000000000E+00,    0.0000000000E+00,    0.0000000000E+00,    7.8450843760E-01
      8250,      0.676912,CP12_end,   1,    0.0000000000E+00,    7.8450843760E-01,    7.8450843760E-01,    0.0000000000E+00,    0.0000000000E+00,    0.0000000000E+00,    7.8450843760E-01
      8300,      0.676912,CP0_start,   1,    0.0000000000E+00,    7.9368326746E-01,    7.9368326746E-01,    0.0000000000E+00,    0.0000000000E+00,    0.0000000000E+00,    7.9368326746E-01
      8300,      0.676912,CP1_after_deposition,   1,    0.0000000000E+00,    7.9368326746E-01,    7.9368326746E-01,    0.0000000000E+00,    0.0000000000E+00,    0.0000000000E+00,    7.9368326746E-01
      8300,      0.676912,CP2_after_erosion,   1,    0.0000000000E+00,    7.9368326746E-01,    7.9368326746E-01,    0.0000000000E+00,    0.0000000000E+00,    0.0000000000E+00,    7.9368326746E-01
      8300,      0.676912,CP3_after_update_bottom,   1,    0.0000000000E+00,    7.9368326746E-01,    7.9368326746E-01,    0.0000000000E+00,    0.0000000000E+00,    0.0000000000E+00,    7.9368326746E-01
      8300,      0.676912,CP4_after_advection,   1,    0.0000000000E+00,    7.9387092937E-01,    7.9387092937E-01,    0.0000000000E+00,    0.0000000000E+00,    0.0000000000E+00,    7.9387092937E-01
      8300,      0.676912,CP5_after_vdif,   1,    0.0000000000E+00,    7.9387092937E-01,    7.9387092937E-01,    0.0000000000E+00,    0.0000000000E+00,    0.0000000000E+00,    7.9387092937E-01
      8300,      0.676912,CP6_after_kinetics,   1,    0.0000000000E+00,    7.9387092937E-01,    7.9387092937E-01,    0.0000000000E+00,    0.0000000000E+00,    0.0000000000E+00,    7.9387092937E-01
      8300,      0.676912,CP7_after_upper_clamp,   1,    0.0000000000E+00,    7.9387092937E-01,    7.9387092937E-01,    0.0000000000E+00,    0.0000000000E+00,    0.0000000000E+00,    7.9387092937E-01
      8300,      0.676912,CP8_after_OBC,   1,    0.0000000000E+00,    7.9387092937E-01,    7.9387092937E-01,    0.0000000000E+00,    0.0000000000E+00,    0.0000000000E+00,    7.9387092937E-01
      8300,      0.676912,CP9_after_PTsource,   1,    0.0000000000E+00,    7.9387092937E-01,    7.9387092937E-01,    0.0000000000E+00,    0.0000000000E+00,    0.0000000000E+00,    7.9387092937E-01
      8300,      0.676912,CP10_after_neg_clamp,   1,    0.0000000000E+00,    7.9387092937E-01,    7.9387092937E-01,    0.0000000000E+00,    0.0000000000E+00,    0.0000000000E+00,    7.9387092937E-01
      8300,      0.676912,CP11_after_MPI,   1,    0.0000000000E+00,    7.9387092937E-01,    7.9387092937E-01,    0.0000000000E+00,    0.0000000000E+00,    0.0000000000E+00,    7.9387092937E-01
      8300,      0.676912,CP12_end,   1,    0.0000000000E+00,    7.9387092937E-01,    7.9387092937E-01,    0.0000000000E+00,    0.0000000000E+00,    0.0000000000E+00,    7.9387092937E-01
      8350,      0.676912,CP0_start,   1,    0.0000000000E+00,    8.0310089111E-01,    8.0310089111E-01,    0.0000000000E+00,    0.0000000000E+00,    0.0000000000E+00,    8.0310089111E-01
      8350,      0.676912,CP1_after_deposition,   1,    0.0000000000E+00,    8.0310089111E-01,    8.0310089111E-01,    0.0000000000E+00,    0.0000000000E+00,    0.0000000000E+00,    8.0310089111E-01
      8350,      0.676912,CP2_after_erosion,   1,    0.0000000000E+00,    8.0310089111E-01,    8.0310089111E-01,    0.0000000000E+00,    0.0000000000E+00,    0.0000000000E+00,    8.0310089111E-01
      8350,      0.676912,CP3_after_update_bottom,   1,    0.0000000000E+00,    8.0310089111E-01,    8.0310089111E-01,    0.0000000000E+00,    0.0000000000E+00,    0.0000000000E+00,    8.0310089111E-01
      8350,      0.676912,CP4_after_advection,   1,    0.0000000000E+00,    8.0328993286E-01,    8.0328993286E-01,    0.0000000000E+00,    0.0000000000E+00,    0.0000000000E+00,    8.0328993286E-01
      8350,      0.676912,CP5_after_vdif,   1,    0.0000000000E+00,    8.0328993286E-01,    8.0328993286E-01,    0.0000000000E+00,    0.0000000000E+00,    0.0000000000E+00,    8.0328993286E-01
      8350,      0.676912,CP6_after_kinetics,   1,    0.0000000000E+00,    8.0328993286E-01,    8.0328993286E-01,    0.0000000000E+00,    0.0000000000E+00,    0.0000000000E+00,    8.0328993286E-01
      8350,      0.676912,CP7_after_upper_clamp,   1,    0.0000000000E+00,    8.0328993286E-01,    8.0328993286E-01,    0.0000000000E+00,    0.0000000000E+00,    0.0000000000E+00,    8.0328993286E-01
      8350,      0.676912,CP8_after_OBC,   1,    0.0000000000E+00,    8.0328993286E-01,    8.0328993286E-01,    0.0000000000E+00,    0.0000000000E+00,    0.0000000000E+00,    8.0328993286E-01
      8350,      0.676912,CP9_after_PTsource,   1,    0.0000000000E+00,    8.0328993286E-01,    8.0328993286E-01,    0.0000000000E+00,    0.0000000000E+00,    0.0000000000E+00,    8.0328993286E-01
      8350,      0.676912,CP10_after_neg_clamp,   1,    0.0000000000E+00,    8.0328993286E-01,    8.0328993286E-01,    0.0000000000E+00,    0.0000000000E+00,    0.0000000000E+00,    8.0328993286E-01
      8350,      0.676912,CP11_after_MPI,   1,    0.0000000000E+00,    8.0328993286E-01,    8.0328993286E-01,    0.0000000000E+00,    0.0000000000E+00,    0.0000000000E+00,    8.0328993286E-01
      8350,      0.676912,CP12_end,   1,    0.0000000000E+00,    8.0328993286E-01,    8.0328993286E-01,    0.0000000000E+00,    0.0000000000E+00,    0.0000000000E+00,    8.0328993286E-01
      8400,      0.676912,CP0_start,   1,    0.0000000000E+00,    8.1257568302E-01,    8.1257568302E-01,    0.0000000000E+00,    0.0000000000E+00,    0.0000000000E+00,    8.1257568302E-01
      8400,      0.676912,CP1_after_deposition,   1,    0.0000000000E+00,    8.1257568302E-01,    8.1257568302E-01,    0.0000000000E+00,    0.0000000000E+00,    0.0000000000E+00,    8.1257568302E-01
      8400,      0.676912,CP2_after_erosion,   1,    0.0000000000E+00,    8.1257568302E-01,    8.1257568302E-01,    0.0000000000E+00,    0.0000000000E+00,    0.0000000000E+00,    8.1257568302E-01
      8400,      0.676912,CP3_after_update_bottom,   1,    0.0000000000E+00,    8.1257568302E-01,    8.1257568302E-01,    0.0000000000E+00,    0.0000000000E+00,    0.0000000000E+00,    8.1257568302E-01
      8400,      0.676912,CP4_after_advection,   1,    0.0000000000E+00,    8.1276544704E-01,    8.1276544704E-01,    0.0000000000E+00,    0.0000000000E+00,    0.0000000000E+00,    8.1276544704E-01
      8400,      0.676912,CP5_after_vdif,   1,    0.0000000000E+00,    8.1276544704E-01,    8.1276544704E-01,    0.0000000000E+00,    0.0000000000E+00,    0.0000000000E+00,    8.1276544704E-01
      8400,      0.676912,CP6_after_kinetics,   1,    0.0000000000E+00,    8.1276544704E-01,    8.1276544704E-01,    0.0000000000E+00,    0.0000000000E+00,    0.0000000000E+00,    8.1276544704E-01
      8400,      0.676912,CP7_after_upper_clamp,   1,    0.0000000000E+00,    8.1276544704E-01,    8.1276544704E-01,    0.0000000000E+00,    0.0000000000E+00,    0.0000000000E+00,    8.1276544704E-01
      8400,      0.676912,CP8_after_OBC,   1,    0.0000000000E+00,    8.1276544704E-01,    8.1276544704E-01,    0.0000000000E+00,    0.0000000000E+00,    0.0000000000E+00,    8.1276544704E-01
      8400,      0.676912,CP9_after_PTsource,   1,    0.0000000000E+00,    8.1276544704E-01,    8.1276544704E-01,    0.0000000000E+00,    0.0000000000E+00,    0.0000000000E+00,    8.1276544704E-01
      8400,      0.676912,CP10_after_neg_clamp,   1,    0.0000000000E+00,    8.1276544704E-01,    8.1276544704E-01,    0.0000000000E+00,    0.0000000000E+00,    0.0000000000E+00,    8.1276544704E-01
      8400,      0.676912,CP11_after_MPI,   1,    0.0000000000E+00,    8.1276544704E-01,    8.1276544704E-01,    0.0000000000E+00,    0.0000000000E+00,    0.0000000000E+00,    8.1276544704E-01
      8400,      0.676912,CP12_end,   1,    0.0000000000E+00,    8.1276544704E-01,    8.1276544704E-01,    0.0000000000E+00,    0.0000000000E+00,    0.0000000000E+00,    8.1276544704E-01
      8450,      0.676912,CP0_start,   1,    0.0000000000E+00,    8.2210633470E-01,    8.2210633470E-01,    0.0000000000E+00,    0.0000000000E+00,    0.0000000000E+00,    8.2210633470E-01
      8450,      0.676912,CP1_after_deposition,   1,    0.0000000000E+00,    8.2210633470E-01,    8.2210633470E-01,    0.0000000000E+00,    0.0000000000E+00,    0.0000000000E+00,    8.2210633470E-01
      8450,      0.676912,CP2_after_erosion,   1,    0.0000000000E+00,    8.2210633470E-01,    8.2210633470E-01,    0.0000000000E+00,    0.0000000000E+00,    0.0000000000E+00,    8.2210633470E-01
      8450,      0.676912,CP3_after_update_bottom,   1,    0.0000000000E+00,    8.2210633470E-01,    8.2210633470E-01,    0.0000000000E+00,    0.0000000000E+00,    0.0000000000E+00,    8.2210633470E-01
      8450,      0.676912,CP4_after_advection,   1,    0.0000000000E+00,    8.2229747092E-01,    8.2229747092E-01,    0.0000000000E+00,    0.0000000000E+00,    0.0000000000E+00,    8.2229747092E-01
      8450,      0.676912,CP5_after_vdif,   1,    0.0000000000E+00,    8.2229747092E-01,    8.2229747092E-01,    0.0000000000E+00,    0.0000000000E+00,    0.0000000000E+00,    8.2229747092E-01
      8450,      0.676912,CP6_after_kinetics,   1,    0.0000000000E+00,    8.2229747092E-01,    8.2229747092E-01,    0.0000000000E+00,    0.0000000000E+00,    0.0000000000E+00,    8.2229747092E-01
      8450,      0.676912,CP7_after_upper_clamp,   1,    0.0000000000E+00,    8.2229747092E-01,    8.2229747092E-01,    0.0000000000E+00,    0.0000000000E+00,    0.0000000000E+00,    8.2229747092E-01
      8450,      0.676912,CP8_after_OBC,   1,    0.0000000000E+00,    8.2229747092E-01,    8.2229747092E-01,    0.0000000000E+00,    0.0000000000E+00,    0.0000000000E+00,    8.2229747092E-01
      8450,      0.676912,CP9_after_PTsource,   1,    0.0000000000E+00,    8.2229747092E-01,    8.2229747092E-01,    0.0000000000E+00,    0.0000000000E+00,    0.0000000000E+00,    8.2229747092E-01
      8450,      0.676912,CP10_after_neg_clamp,   1,    0.0000000000E+00,    8.2229747092E-01,    8.2229747092E-01,    0.0000000000E+00,    0.0000000000E+00,    0.0000000000E+00,    8.2229747092E-01
      8450,      0.676912,CP11_after_MPI,   1,    0.0000000000E+00,    8.2229747092E-01,    8.2229747092E-01,    0.0000000000E+00,    0.0000000000E+00,    0.0000000000E+00,    8.2229747092E-01
      8450,      0.676912,CP12_end,   1,    0.0000000000E+00,    8.2229747092E-01,    8.2229747092E-01,    0.0000000000E+00,    0.0000000000E+00,    0.0000000000E+00,    8.2229747092E-01
      8500,      0.676912,CP0_start,   1,    0.0000000000E+00,    8.3169393703E-01,    8.3169393703E-01,    0.0000000000E+00,    0.0000000000E+00,    0.0000000000E+00,    8.3169393703E-01
      8500,      0.676912,CP1_after_deposition,   1,    0.0000000000E+00,    8.3169393703E-01,    8.3169393703E-01,    0.0000000000E+00,    0.0000000000E+00,    0.0000000000E+00,    8.3169393703E-01
      8500,      0.676912,CP2_after_erosion,   1,    0.0000000000E+00,    8.3169393703E-01,    8.3169393703E-01,    0.0000000000E+00,    0.0000000000E+00,    0.0000000000E+00,    8.3169393703E-01
      8500,      0.676912,CP3_after_update_bottom,   1,    0.0000000000E+00,    8.3169393703E-01,    8.3169393703E-01,    0.0000000000E+00,    0.0000000000E+00,    0.0000000000E+00,    8.3169393703E-01
      8500,      0.676912,CP4_after_advection,   1,    0.0000000000E+00,    8.3188600346E-01,    8.3188600346E-01,    0.0000000000E+00,    0.0000000000E+00,    0.0000000000E+00,    8.3188600346E-01
      8500,      0.676912,CP5_after_vdif,   1,    0.0000000000E+00,    8.3188600346E-01,    8.3188600346E-01,    0.0000000000E+00,    0.0000000000E+00,    0.0000000000E+00,    8.3188600346E-01
      8500,      0.676912,CP6_after_kinetics,   1,    0.0000000000E+00,    8.3188600346E-01,    8.3188600346E-01,    0.0000000000E+00,    0.0000000000E+00,    0.0000000000E+00,    8.3188600346E-01
      8500,      0.676912,CP7_after_upper_clamp,   1,    0.0000000000E+00,    8.3188600346E-01,    8.3188600346E-01,    0.0000000000E+00,    0.0000000000E+00,    0.0000000000E+00,    8.3188600346E-01
      8500,      0.676912,CP8_after_OBC,   1,    0.0000000000E+00,    8.3188600346E-01,    8.3188600346E-01,    0.0000000000E+00,    0.0000000000E+00,    0.0000000000E+00,    8.3188600346E-01
      8500,      0.676912,CP9_after_PTsource,   1,    0.0000000000E+00,    8.3188600346E-01,    8.3188600346E-01,    0.0000000000E+00,    0.0000000000E+00,    0.0000000000E+00,    8.3188600346E-01
      8500,      0.676912,CP10_after_neg_clamp,   1,    0.0000000000E+00,    8.3188600346E-01,    8.3188600346E-01,    0.0000000000E+00,    0.0000000000E+00,    0.0000000000E+00,    8.3188600346E-01
      8500,      0.676912,CP11_after_MPI,   1,    0.0000000000E+00,    8.3188600346E-01,    8.3188600346E-01,    0.0000000000E+00,    0.0000000000E+00,    0.0000000000E+00,    8.3188600346E-01
      8500,      0.676912,CP12_end,   1,    0.0000000000E+00,    8.3188600346E-01,    8.3188600346E-01,    0.0000000000E+00,    0.0000000000E+00,    0.0000000000E+00,    8.3188600346E-01
      8550,      0.676912,CP0_start,   1,    0.0000000000E+00,    8.4133804537E-01,    8.4133804537E-01,    0.0000000000E+00,    0.0000000000E+00,    0.0000000000E+00,    8.4133804537E-01
      8550,      0.676912,CP1_after_deposition,   1,    0.0000000000E+00,    8.4133804537E-01,    8.4133804537E-01,    0.0000000000E+00,    0.0000000000E+00,    0.0000000000E+00,    8.4133804537E-01
      8550,      0.676912,CP2_after_erosion,   1,    0.0000000000E+00,    8.4133804537E-01,    8.4133804537E-01,    0.0000000000E+00,    0.0000000000E+00,    0.0000000000E+00,    8.4133804537E-01
      8550,      0.676912,CP3_after_update_bottom,   1,    0.0000000000E+00,    8.4133804537E-01,    8.4133804537E-01,    0.0000000000E+00,    0.0000000000E+00,    0.0000000000E+00,    8.4133804537E-01
      8550,      0.676912,CP4_after_advection,   1,    0.0000000000E+00,    8.4153104365E-01,    8.4153104365E-01,    0.0000000000E+00,    0.0000000000E+00,    0.0000000000E+00,    8.4153104365E-01
      8550,      0.676912,CP5_after_vdif,   1,    0.0000000000E+00,    8.4153104365E-01,    8.4153104365E-01,    0.0000000000E+00,    0.0000000000E+00,    0.0000000000E+00,    8.4153104365E-01
      8550,      0.676912,CP6_after_kinetics,   1,    0.0000000000E+00,    8.4153104365E-01,    8.4153104365E-01,    0.0000000000E+00,    0.0000000000E+00,    0.0000000000E+00,    8.4153104365E-01
      8550,      0.676912,CP7_after_upper_clamp,   1,    0.0000000000E+00,    8.4153104365E-01,    8.4153104365E-01,    0.0000000000E+00,    0.0000000000E+00,    0.0000000000E+00,    8.4153104365E-01
      8550,      0.676912,CP8_after_OBC,   1,    0.0000000000E+00,    8.4153104365E-01,    8.4153104365E-01,    0.0000000000E+00,    0.0000000000E+00,    0.0000000000E+00,    8.4153104365E-01
      8550,      0.676912,CP9_after_PTsource,   1,    0.0000000000E+00,    8.4153104365E-01,    8.4153104365E-01,    0.0000000000E+00,    0.0000000000E+00,    0.0000000000E+00,    8.4153104365E-01
      8550,      0.676912,CP10_after_neg_clamp,   1,    0.0000000000E+00,    8.4153104365E-01,    8.4153104365E-01,    0.0000000000E+00,    0.0000000000E+00,    0.0000000000E+00,    8.4153104365E-01
      8550,      0.676912,CP11_after_MPI,   1,    0.0000000000E+00,    8.4153104365E-01,    8.4153104365E-01,    0.0000000000E+00,    0.0000000000E+00,    0.0000000000E+00,    8.4153104365E-01
      8550,      0.676912,CP12_end,   1,    0.0000000000E+00,    8.4153104365E-01,    8.4153104365E-01,    0.0000000000E+00,    0.0000000000E+00,    0.0000000000E+00,    8.4153104365E-01
      8600,      0.676912,CP0_start,   1,    0.0000000000E+00,    8.5103809364E-01,    8.5103809364E-01,    0.0000000000E+00,    0.0000000000E+00,    0.0000000000E+00,    8.5103809364E-01
      8600,      0.676912,CP1_after_deposition,   1,    0.0000000000E+00,    8.5103809364E-01,    8.5103809364E-01,    0.0000000000E+00,    0.0000000000E+00,    0.0000000000E+00,    8.5103809364E-01
      8600,      0.676912,CP2_after_erosion,   1,    0.0000000000E+00,    8.5103809364E-01,    8.5103809364E-01,    0.0000000000E+00,    0.0000000000E+00,    0.0000000000E+00,    8.5103809364E-01
      8600,      0.676912,CP3_after_update_bottom,   1,    0.0000000000E+00,    8.5103809364E-01,    8.5103809364E-01,    0.0000000000E+00,    0.0000000000E+00,    0.0000000000E+00,    8.5103809364E-01
      8600,      0.676912,CP4_after_advection,   1,    0.0000000000E+00,    8.5123259045E-01,    8.5123259045E-01,    0.0000000000E+00,    0.0000000000E+00,    0.0000000000E+00,    8.5123259045E-01
      8600,      0.676912,CP5_after_vdif,   1,    0.0000000000E+00,    8.5123259045E-01,    8.5123259045E-01,    0.0000000000E+00,    0.0000000000E+00,    0.0000000000E+00,    8.5123259045E-01
      8600,      0.676912,CP6_after_kinetics,   1,    0.0000000000E+00,    8.5123259045E-01,    8.5123259045E-01,    0.0000000000E+00,    0.0000000000E+00,    0.0000000000E+00,    8.5123259045E-01
      8600,      0.676912,CP7_after_upper_clamp,   1,    0.0000000000E+00,    8.5123259045E-01,    8.5123259045E-01,    0.0000000000E+00,    0.0000000000E+00,    0.0000000000E+00,    8.5123259045E-01
      8600,      0.676912,CP8_after_OBC,   1,    0.0000000000E+00,    8.5123259045E-01,    8.5123259045E-01,    0.0000000000E+00,    0.0000000000E+00,    0.0000000000E+00,    8.5123259045E-01
      8600,      0.676912,CP9_after_PTsource,   1,    0.0000000000E+00,    8.5123259045E-01,    8.5123259045E-01,    0.0000000000E+00,    0.0000000000E+00,    0.0000000000E+00,    8.5123259045E-01
      8600,      0.676912,CP10_after_neg_clamp,   1,    0.0000000000E+00,    8.5123259045E-01,    8.5123259045E-01,    0.0000000000E+00,    0.0000000000E+00,    0.0000000000E+00,    8.5123259045E-01
      8600,      0.676912,CP11_after_MPI,   1,    0.0000000000E+00,    8.5123259045E-01,    8.5123259045E-01,    0.0000000000E+00,    0.0000000000E+00,    0.0000000000E+00,    8.5123259045E-01
      8600,      0.676912,CP12_end,   1,    0.0000000000E+00,    8.5123259045E-01,    8.5123259045E-01,    0.0000000000E+00,    0.0000000000E+00,    0.0000000000E+00,    8.5123259045E-01
      8650,      0.676912,CP0_start,   1,    0.0000000000E+00,    8.6079553686E-01,    8.6079553686E-01,    0.0000000000E+00,    0.0000000000E+00,    0.0000000000E+00,    8.6079553686E-01
      8650,      0.676912,CP1_after_deposition,   1,    0.0000000000E+00,    8.6079553686E-01,    8.6079553686E-01,    0.0000000000E+00,    0.0000000000E+00,    0.0000000000E+00,    8.6079553686E-01
      8650,      0.676912,CP2_after_erosion,   1,    0.0000000000E+00,    8.6079553686E-01,    8.6079553686E-01,    0.0000000000E+00,    0.0000000000E+00,    0.0000000000E+00,    8.6079553686E-01
      8650,      0.676912,CP3_after_update_bottom,   1,    0.0000000000E+00,    8.6079553686E-01,    8.6079553686E-01,    0.0000000000E+00,    0.0000000000E+00,    0.0000000000E+00,    8.6079553686E-01
      8650,      0.676912,CP4_after_advection,   1,    0.0000000000E+00,    8.6099064282E-01,    8.6099064282E-01,    0.0000000000E+00,    0.0000000000E+00,    0.0000000000E+00,    8.6099064282E-01
      8650,      0.676912,CP5_after_vdif,   1,    0.0000000000E+00,    8.6099064282E-01,    8.6099064282E-01,    0.0000000000E+00,    0.0000000000E+00,    0.0000000000E+00,    8.6099064282E-01
      8650,      0.676912,CP6_after_kinetics,   1,    0.0000000000E+00,    8.6099064282E-01,    8.6099064282E-01,    0.0000000000E+00,    0.0000000000E+00,    0.0000000000E+00,    8.6099064282E-01
      8650,      0.676912,CP7_after_upper_clamp,   1,    0.0000000000E+00,    8.6099064282E-01,    8.6099064282E-01,    0.0000000000E+00,    0.0000000000E+00,    0.0000000000E+00,    8.6099064282E-01
      8650,      0.676912,CP8_after_OBC,   1,    0.0000000000E+00,    8.6099064282E-01,    8.6099064282E-01,    0.0000000000E+00,    0.0000000000E+00,    0.0000000000E+00,    8.6099064282E-01
      8650,      0.676912,CP9_after_PTsource,   1,    0.0000000000E+00,    8.6099064282E-01,    8.6099064282E-01,    0.0000000000E+00,    0.0000000000E+00,    0.0000000000E+00,    8.6099064282E-01
      8650,      0.676912,CP10_after_neg_clamp,   1,    0.0000000000E+00,    8.6099064282E-01,    8.6099064282E-01,    0.0000000000E+00,    0.0000000000E+00,    0.0000000000E+00,    8.6099064282E-01
      8650,      0.676912,CP11_after_MPI,   1,    0.0000000000E+00,    8.6099064282E-01,    8.6099064282E-01,    0.0000000000E+00,    0.0000000000E+00,    0.0000000000E+00,    8.6099064282E-01
      8650,      0.676912,CP12_end,   1,    0.0000000000E+00,    8.6099064282E-01,    8.6099064282E-01,    0.0000000000E+00,    0.0000000000E+00,    0.0000000000E+00,    8.6099064282E-01
      8700,      0.676912,CP0_start,   1,    0.0000000000E+00,    8.7060863467E-01,    8.7060863467E-01,    0.0000000000E+00,    0.0000000000E+00,    0.0000000000E+00,    8.7060863467E-01
      8700,      0.676912,CP1_after_deposition,   1,    0.0000000000E+00,    8.7060863467E-01,    8.7060863467E-01,    0.0000000000E+00,    0.0000000000E+00,    0.0000000000E+00,    8.7060863467E-01
      8700,      0.676912,CP2_after_erosion,   1,    0.0000000000E+00,    8.7060863467E-01,    8.7060863467E-01,    0.0000000000E+00,    0.0000000000E+00,    0.0000000000E+00,    8.7060863467E-01
      8700,      0.676912,CP3_after_update_bottom,   1,    0.0000000000E+00,    8.7060863467E-01,    8.7060863467E-01,    0.0000000000E+00,    0.0000000000E+00,    0.0000000000E+00,    8.7060863467E-01
      8700,      0.676912,CP4_after_advection,   1,    0.0000000000E+00,    8.7080519971E-01,    8.7080519971E-01,    0.0000000000E+00,    0.0000000000E+00,    0.0000000000E+00,    8.7080519971E-01
      8700,      0.676912,CP5_after_vdif,   1,    0.0000000000E+00,    8.7080519971E-01,    8.7080519971E-01,    0.0000000000E+00,    0.0000000000E+00,    0.0000000000E+00,    8.7080519971E-01
      8700,      0.676912,CP6_after_kinetics,   1,    0.0000000000E+00,    8.7080519971E-01,    8.7080519971E-01,    0.0000000000E+00,    0.0000000000E+00,    0.0000000000E+00,    8.7080519971E-01
      8700,      0.676912,CP7_after_upper_clamp,   1,    0.0000000000E+00,    8.7080519971E-01,    8.7080519971E-01,    0.0000000000E+00,    0.0000000000E+00,    0.0000000000E+00,    8.7080519971E-01
      8700,      0.676912,CP8_after_OBC,   1,    0.0000000000E+00,    8.7080519971E-01,    8.7080519971E-01,    0.0000000000E+00,    0.0000000000E+00,    0.0000000000E+00,    8.7080519971E-01
      8700,      0.676912,CP9_after_PTsource,   1,    0.0000000000E+00,    8.7080519971E-01,    8.7080519971E-01,    0.0000000000E+00,    0.0000000000E+00,    0.0000000000E+00,    8.7080519971E-01
      8700,      0.676912,CP10_after_neg_clamp,   1,    0.0000000000E+00,    8.7080519971E-01,    8.7080519971E-01,    0.0000000000E+00,    0.0000000000E+00,    0.0000000000E+00,    8.7080519971E-01
      8700,      0.676912,CP11_after_MPI,   1,    0.0000000000E+00,    8.7080519971E-01,    8.7080519971E-01,    0.0000000000E+00,    0.0000000000E+00,    0.0000000000E+00,    8.7080519971E-01
      8700,      0.676912,CP12_end,   1,    0.0000000000E+00,    8.7080519971E-01,    8.7080519971E-01,    0.0000000000E+00,    0.0000000000E+00,    0.0000000000E+00,    8.7080519971E-01
      8750,      0.676912,CP0_start,   1,    0.0000000000E+00,    8.8047861032E-01,    8.8047861032E-01,    0.0000000000E+00,    0.0000000000E+00,    0.0000000000E+00,    8.8047861032E-01
      8750,      0.676912,CP1_after_deposition,   1,    0.0000000000E+00,    8.8047861032E-01,    8.8047861032E-01,    0.0000000000E+00,    0.0000000000E+00,    0.0000000000E+00,    8.8047861032E-01
      8750,      0.676912,CP2_after_erosion,   1,    0.0000000000E+00,    8.8047861032E-01,    8.8047861032E-01,    0.0000000000E+00,    0.0000000000E+00,    0.0000000000E+00,    8.8047861032E-01
      8750,      0.676912,CP3_after_update_bottom,   1,    0.0000000000E+00,    8.8047861032E-01,    8.8047861032E-01,    0.0000000000E+00,    0.0000000000E+00,    0.0000000000E+00,    8.8047861032E-01
      8750,      0.676912,CP4_after_advection,   1,    0.0000000000E+00,    8.8067626009E-01,    8.8067626009E-01,    0.0000000000E+00,    0.0000000000E+00,    0.0000000000E+00,    8.8067626009E-01
      8750,      0.676912,CP5_after_vdif,   1,    0.0000000000E+00,    8.8067626009E-01,    8.8067626009E-01,    0.0000000000E+00,    0.0000000000E+00,    0.0000000000E+00,    8.8067626009E-01
      8750,      0.676912,CP6_after_kinetics,   1,    0.0000000000E+00,    8.8067626009E-01,    8.8067626009E-01,    0.0000000000E+00,    0.0000000000E+00,    0.0000000000E+00,    8.8067626009E-01
      8750,      0.676912,CP7_after_upper_clamp,   1,    0.0000000000E+00,    8.8067626009E-01,    8.8067626009E-01,    0.0000000000E+00,    0.0000000000E+00,    0.0000000000E+00,    8.8067626009E-01
      8750,      0.676912,CP8_after_OBC,   1,    0.0000000000E+00,    8.8067626009E-01,    8.8067626009E-01,    0.0000000000E+00,    0.0000000000E+00,    0.0000000000E+00,    8.8067626009E-01
      8750,      0.676912,CP9_after_PTsource,   1,    0.0000000000E+00,    8.8067626009E-01,    8.8067626009E-01,    0.0000000000E+00,    0.0000000000E+00,    0.0000000000E+00,    8.8067626009E-01
      8750,      0.676912,CP10_after_neg_clamp,   1,    0.0000000000E+00,    8.8067626009E-01,    8.8067626009E-01,    0.0000000000E+00,    0.0000000000E+00,    0.0000000000E+00,    8.8067626009E-01
      8750,      0.676912,CP11_after_MPI,   1,    0.0000000000E+00,    8.8067626009E-01,    8.8067626009E-01,    0.0000000000E+00,    0.0000000000E+00,    0.0000000000E+00,    8.8067626009E-01
      8750,      0.676912,CP12_end,   1,    0.0000000000E+00,    8.8067626009E-01,    8.8067626009E-01,    0.0000000000E+00,    0.0000000000E+00,    0.0000000000E+00,    8.8067626009E-01
      8800,      0.676912,CP0_start,   1,    0.0000000000E+00,    8.9040533531E-01,    8.9040533531E-01,    0.0000000000E+00,    0.0000000000E+00,    0.0000000000E+00,    8.9040533531E-01
      8800,      0.676912,CP1_after_deposition,   1,    0.0000000000E+00,    8.9040533531E-01,    8.9040533531E-01,    0.0000000000E+00,    0.0000000000E+00,    0.0000000000E+00,    8.9040533531E-01
      8800,      0.676912,CP2_after_erosion,   1,    0.0000000000E+00,    8.9040533531E-01,    8.9040533531E-01,    0.0000000000E+00,    0.0000000000E+00,    0.0000000000E+00,    8.9040533531E-01
      8800,      0.676912,CP3_after_update_bottom,   1,    0.0000000000E+00,    8.9040533531E-01,    8.9040533531E-01,    0.0000000000E+00,    0.0000000000E+00,    0.0000000000E+00,    8.9040533531E-01
      8800,      0.676912,CP4_after_advection,   1,    0.0000000000E+00,    8.9060382289E-01,    8.9060382289E-01,    0.0000000000E+00,    0.0000000000E+00,    0.0000000000E+00,    8.9060382289E-01
      8800,      0.676912,CP5_after_vdif,   1,    0.0000000000E+00,    8.9060382289E-01,    8.9060382289E-01,    0.0000000000E+00,    0.0000000000E+00,    0.0000000000E+00,    8.9060382289E-01
      8800,      0.676912,CP6_after_kinetics,   1,    0.0000000000E+00,    8.9060382289E-01,    8.9060382289E-01,    0.0000000000E+00,    0.0000000000E+00,    0.0000000000E+00,    8.9060382289E-01
      8800,      0.676912,CP7_after_upper_clamp,   1,    0.0000000000E+00,    8.9060382289E-01,    8.9060382289E-01,    0.0000000000E+00,    0.0000000000E+00,    0.0000000000E+00,    8.9060382289E-01
      8800,      0.676912,CP8_after_OBC,   1,    0.0000000000E+00,    8.9060382289E-01,    8.9060382289E-01,    0.0000000000E+00,    0.0000000000E+00,    0.0000000000E+00,    8.9060382289E-01
      8800,      0.676912,CP9_after_PTsource,   1,    0.0000000000E+00,    8.9060382289E-01,    8.9060382289E-01,    0.0000000000E+00,    0.0000000000E+00,    0.0000000000E+00,    8.9060382289E-01
      8800,      0.676912,CP10_after_neg_clamp,   1,    0.0000000000E+00,    8.9060382289E-01,    8.9060382289E-01,    0.0000000000E+00,    0.0000000000E+00,    0.0000000000E+00,    8.9060382289E-01
      8800,      0.676912,CP11_after_MPI,   1,    0.0000000000E+00,    8.9060382289E-01,    8.9060382289E-01,    0.0000000000E+00,    0.0000000000E+00,    0.0000000000E+00,    8.9060382289E-01
      8800,      0.676912,CP12_end,   1,    0.0000000000E+00,    8.9060382289E-01,    8.9060382289E-01,    0.0000000000E+00,    0.0000000000E+00,    0.0000000000E+00,    8.9060382289E-01
      8850,      0.676912,CP0_start,   1,    0.0000000000E+00,    9.0038781339E-01,    9.0038781339E-01,    0.0000000000E+00,    0.0000000000E+00,    0.0000000000E+00,    9.0038781339E-01
      8850,      0.676912,CP1_after_deposition,   1,    0.0000000000E+00,    9.0038781339E-01,    9.0038781339E-01,    0.0000000000E+00,    0.0000000000E+00,    0.0000000000E+00,    9.0038781339E-01
      8850,      0.676912,CP2_after_erosion,   1,    0.0000000000E+00,    9.0038781339E-01,    9.0038781339E-01,    0.0000000000E+00,    0.0000000000E+00,    0.0000000000E+00,    9.0038781339E-01
      8850,      0.676912,CP3_after_update_bottom,   1,    0.0000000000E+00,    9.0038781339E-01,    9.0038781339E-01,    0.0000000000E+00,    0.0000000000E+00,    0.0000000000E+00,    9.0038781339E-01
      8850,      0.676912,CP4_after_advection,   1,    0.0000000000E+00,    9.0058788705E-01,    9.0058788705E-01,    0.0000000000E+00,    0.0000000000E+00,    0.0000000000E+00,    9.0058788705E-01
      8850,      0.676912,CP5_after_vdif,   1,    0.0000000000E+00,    9.0058788705E-01,    9.0058788705E-01,    0.0000000000E+00,    0.0000000000E+00,    0.0000000000E+00,    9.0058788705E-01
      8850,      0.676912,CP6_after_kinetics,   1,    0.0000000000E+00,    9.0058788705E-01,    9.0058788705E-01,    0.0000000000E+00,    0.0000000000E+00,    0.0000000000E+00,    9.0058788705E-01
      8850,      0.676912,CP7_after_upper_clamp,   1,    0.0000000000E+00,    9.0058788705E-01,    9.0058788705E-01,    0.0000000000E+00,    0.0000000000E+00,    0.0000000000E+00,    9.0058788705E-01
      8850,      0.676912,CP8_after_OBC,   1,    0.0000000000E+00,    9.0058788705E-01,    9.0058788705E-01,    0.0000000000E+00,    0.0000000000E+00,    0.0000000000E+00,    9.0058788705E-01
      8850,      0.676912,CP9_after_PTsource,   1,    0.0000000000E+00,    9.0058788705E-01,    9.0058788705E-01,    0.0000000000E+00,    0.0000000000E+00,    0.0000000000E+00,    9.0058788705E-01
      8850,      0.676912,CP10_after_neg_clamp,   1,    0.0000000000E+00,    9.0058788705E-01,    9.0058788705E-01,    0.0000000000E+00,    0.0000000000E+00,    0.0000000000E+00,    9.0058788705E-01
      8850,      0.676912,CP11_after_MPI,   1,    0.0000000000E+00,    9.0058788705E-01,    9.0058788705E-01,    0.0000000000E+00,    0.0000000000E+00,    0.0000000000E+00,    9.0058788705E-01
      8850,      0.676912,CP12_end,   1,    0.0000000000E+00,    9.0058788705E-01,    9.0058788705E-01,    0.0000000000E+00,    0.0000000000E+00,    0.0000000000E+00,    9.0058788705E-01
      8900,      0.676912,CP0_start,   1,    0.0000000000E+00,    9.1042766320E-01,    9.1042766320E-01,    0.0000000000E+00,    0.0000000000E+00,    0.0000000000E+00,    9.1042766320E-01
      8900,      0.676912,CP1_after_deposition,   1,    0.0000000000E+00,    9.1042766320E-01,    9.1042766320E-01,    0.0000000000E+00,    0.0000000000E+00,    0.0000000000E+00,    9.1042766320E-01
      8900,      0.676912,CP2_after_erosion,   1,    0.0000000000E+00,    9.1042766320E-01,    9.1042766320E-01,    0.0000000000E+00,    0.0000000000E+00,    0.0000000000E+00,    9.1042766320E-01
      8900,      0.676912,CP3_after_update_bottom,   1,    0.0000000000E+00,    9.1042766320E-01,    9.1042766320E-01,    0.0000000000E+00,    0.0000000000E+00,    0.0000000000E+00,    9.1042766320E-01
      8900,      0.676912,CP4_after_advection,   1,    0.0000000000E+00,    9.1062845149E-01,    9.1062845149E-01,    0.0000000000E+00,    0.0000000000E+00,    0.0000000000E+00,    9.1062845149E-01
      8900,      0.676912,CP5_after_vdif,   1,    0.0000000000E+00,    9.1062845149E-01,    9.1062845149E-01,    0.0000000000E+00,    0.0000000000E+00,    0.0000000000E+00,    9.1062845149E-01
      8900,      0.676912,CP6_after_kinetics,   1,    0.0000000000E+00,    9.1062845149E-01,    9.1062845149E-01,    0.0000000000E+00,    0.0000000000E+00,    0.0000000000E+00,    9.1062845149E-01
      8900,      0.676912,CP7_after_upper_clamp,   1,    0.0000000000E+00,    9.1062845149E-01,    9.1062845149E-01,    0.0000000000E+00,    0.0000000000E+00,    0.0000000000E+00,    9.1062845149E-01
      8900,      0.676912,CP8_after_OBC,   1,    0.0000000000E+00,    9.1062845149E-01,    9.1062845149E-01,    0.0000000000E+00,    0.0000000000E+00,    0.0000000000E+00,    9.1062845149E-01
      8900,      0.676912,CP9_after_PTsource,   1,    0.0000000000E+00,    9.1062845149E-01,    9.1062845149E-01,    0.0000000000E+00,    0.0000000000E+00,    0.0000000000E+00,    9.1062845149E-01
      8900,      0.676912,CP10_after_neg_clamp,   1,    0.0000000000E+00,    9.1062845149E-01,    9.1062845149E-01,    0.0000000000E+00,    0.0000000000E+00,    0.0000000000E+00,    9.1062845149E-01
      8900,      0.676912,CP11_after_MPI,   1,    0.0000000000E+00,    9.1062845149E-01,    9.1062845149E-01,    0.0000000000E+00,    0.0000000000E+00,    0.0000000000E+00,    9.1062845149E-01
      8900,      0.676912,CP12_end,   1,    0.0000000000E+00,    9.1062845149E-01,    9.1062845149E-01,    0.0000000000E+00,    0.0000000000E+00,    0.0000000000E+00,    9.1062845149E-01
      8950,      0.676912,CP0_start,   1,    0.0000000000E+00,    9.2052340453E-01,    9.2052340453E-01,    0.0000000000E+00,    0.0000000000E+00,    0.0000000000E+00,    9.2052340453E-01
      8950,      0.676912,CP1_after_deposition,   1,    0.0000000000E+00,    9.2052340453E-01,    9.2052340453E-01,    0.0000000000E+00,    0.0000000000E+00,    0.0000000000E+00,    9.2052340453E-01
      8950,      0.676912,CP2_after_erosion,   1,    0.0000000000E+00,    9.2052340453E-01,    9.2052340453E-01,    0.0000000000E+00,    0.0000000000E+00,    0.0000000000E+00,    9.2052340453E-01
      8950,      0.676912,CP3_after_update_bottom,   1,    0.0000000000E+00,    9.2052340453E-01,    9.2052340453E-01,    0.0000000000E+00,    0.0000000000E+00,    0.0000000000E+00,    9.2052340453E-01
      8950,      0.676912,CP4_after_advection,   1,    0.0000000000E+00,    9.2072551516E-01,    9.2072551516E-01,    0.0000000000E+00,    0.0000000000E+00,    0.0000000000E+00,    9.2072551516E-01
      8950,      0.676912,CP5_after_vdif,   1,    0.0000000000E+00,    9.2072551516E-01,    9.2072551516E-01,    0.0000000000E+00,    0.0000000000E+00,    0.0000000000E+00,    9.2072551516E-01
      8950,      0.676912,CP6_after_kinetics,   1,    0.0000000000E+00,    9.2072551516E-01,    9.2072551516E-01,    0.0000000000E+00,    0.0000000000E+00,    0.0000000000E+00,    9.2072551516E-01
      8950,      0.676912,CP7_after_upper_clamp,   1,    0.0000000000E+00,    9.2072551516E-01,    9.2072551516E-01,    0.0000000000E+00,    0.0000000000E+00,    0.0000000000E+00,    9.2072551516E-01
      8950,      0.676912,CP8_after_OBC,   1,    0.0000000000E+00,    9.2072551516E-01,    9.2072551516E-01,    0.0000000000E+00,    0.0000000000E+00,    0.0000000000E+00,    9.2072551516E-01
      8950,      0.676912,CP9_after_PTsource,   1,    0.0000000000E+00,    9.2072551516E-01,    9.2072551516E-01,    0.0000000000E+00,    0.0000000000E+00,    0.0000000000E+00,    9.2072551516E-01
      8950,      0.676912,CP10_after_neg_clamp,   1,    0.0000000000E+00,    9.2072551516E-01,    9.2072551516E-01,    0.0000000000E+00,    0.0000000000E+00,    0.0000000000E+00,    9.2072551516E-01
      8950,      0.676912,CP11_after_MPI,   1,    0.0000000000E+00,    9.2072551516E-01,    9.2072551516E-01,    0.0000000000E+00,    0.0000000000E+00,    0.0000000000E+00,    9.2072551516E-01
      8950,      0.676912,CP12_end,   1,    0.0000000000E+00,    9.2072551516E-01,    9.2072551516E-01,    0.0000000000E+00,    0.0000000000E+00,    0.0000000000E+00,    9.2072551516E-01
      9000,      0.676912,CP0_start,   1,    0.0000000000E+00,    9.3067578631E-01,    9.3067578631E-01,    0.0000000000E+00,    0.0000000000E+00,    0.0000000000E+00,    9.3067578631E-01
      9000,      0.676912,CP1_after_deposition,   1,    0.0000000000E+00,    9.3067578631E-01,    9.3067578631E-01,    0.0000000000E+00,    0.0000000000E+00,    0.0000000000E+00,    9.3067578631E-01
      9000,      0.676912,CP2_after_erosion,   1,    0.0000000000E+00,    9.3067578631E-01,    9.3067578631E-01,    0.0000000000E+00,    0.0000000000E+00,    0.0000000000E+00,    9.3067578631E-01
      9000,      0.676912,CP3_after_update_bottom,   1,    0.0000000000E+00,    9.3067578631E-01,    9.3067578631E-01,    0.0000000000E+00,    0.0000000000E+00,    0.0000000000E+00,    9.3067578631E-01
      9000,      0.676912,CP4_after_advection,   1,    0.0000000000E+00,    9.3087907697E-01,    9.3087907697E-01,    0.0000000000E+00,    0.0000000000E+00,    0.0000000000E+00,    9.3087907697E-01
      9000,      0.676912,CP5_after_vdif,   1,    0.0000000000E+00,    9.3087907697E-01,    9.3087907697E-01,    0.0000000000E+00,    0.0000000000E+00,    0.0000000000E+00,    9.3087907697E-01
      9000,      0.676912,CP6_after_kinetics,   1,    0.0000000000E+00,    9.3087907697E-01,    9.3087907697E-01,    0.0000000000E+00,    0.0000000000E+00,    0.0000000000E+00,    9.3087907697E-01
      9000,      0.676912,CP7_after_upper_clamp,   1,    0.0000000000E+00,    9.3087907697E-01,    9.3087907697E-01,    0.0000000000E+00,    0.0000000000E+00,    0.0000000000E+00,    9.3087907697E-01
      9000,      0.676912,CP8_after_OBC,   1,    0.0000000000E+00,    9.3087907697E-01,    9.3087907697E-01,    0.0000000000E+00,    0.0000000000E+00,    0.0000000000E+00,    9.3087907697E-01
      9000,      0.676912,CP9_after_PTsource,   1,    0.0000000000E+00,    9.3087907697E-01,    9.3087907697E-01,    0.0000000000E+00,    0.0000000000E+00,    0.0000000000E+00,    9.3087907697E-01
      9000,      0.676912,CP10_after_neg_clamp,   1,    0.0000000000E+00,    9.3087907697E-01,    9.3087907697E-01,    0.0000000000E+00,    0.0000000000E+00,    0.0000000000E+00,    9.3087907697E-01
      9000,      0.676912,CP11_after_MPI,   1,    0.0000000000E+00,    9.3087907697E-01,    9.3087907697E-01,    0.0000000000E+00,    0.0000000000E+00,    0.0000000000E+00,    9.3087907697E-01
      9000,      0.676912,CP12_end,   1,    0.0000000000E+00,    9.3087907697E-01,    9.3087907697E-01,    0.0000000000E+00,    0.0000000000E+00,    0.0000000000E+00,    9.3087907697E-01
      9050,      0.676912,CP0_start,   1,    0.0000000000E+00,    9.4088496842E-01,    9.4088496842E-01,    0.0000000000E+00,    0.0000000000E+00,    0.0000000000E+00,    9.4088496842E-01
      9050,      0.676912,CP1_after_deposition,   1,    0.0000000000E+00,    9.4088496842E-01,    9.4088496842E-01,    0.0000000000E+00,    0.0000000000E+00,    0.0000000000E+00,    9.4088496842E-01
      9050,      0.676912,CP2_after_erosion,   1,    0.0000000000E+00,    9.4088496842E-01,    9.4088496842E-01,    0.0000000000E+00,    0.0000000000E+00,    0.0000000000E+00,    9.4088496842E-01
      9050,      0.676912,CP3_after_update_bottom,   1,    0.0000000000E+00,    9.4088496842E-01,    9.4088496842E-01,    0.0000000000E+00,    0.0000000000E+00,    0.0000000000E+00,    9.4088496842E-01
      9050,      0.676912,CP4_after_advection,   1,    0.0000000000E+00,    9.4108913582E-01,    9.4108913582E-01,    0.0000000000E+00,    0.0000000000E+00,    0.0000000000E+00,    9.4108913582E-01
      9050,      0.676912,CP5_after_vdif,   1,    0.0000000000E+00,    9.4108913582E-01,    9.4108913582E-01,    0.0000000000E+00,    0.0000000000E+00,    0.0000000000E+00,    9.4108913582E-01
      9050,      0.676912,CP6_after_kinetics,   1,    0.0000000000E+00,    9.4108913582E-01,    9.4108913582E-01,    0.0000000000E+00,    0.0000000000E+00,    0.0000000000E+00,    9.4108913582E-01
      9050,      0.676912,CP7_after_upper_clamp,   1,    0.0000000000E+00,    9.4108913582E-01,    9.4108913582E-01,    0.0000000000E+00,    0.0000000000E+00,    0.0000000000E+00,    9.4108913582E-01
      9050,      0.676912,CP8_after_OBC,   1,    0.0000000000E+00,    9.4108913582E-01,    9.4108913582E-01,    0.0000000000E+00,    0.0000000000E+00,    0.0000000000E+00,    9.4108913582E-01
      9050,      0.676912,CP9_after_PTsource,   1,    0.0000000000E+00,    9.4108913582E-01,    9.4108913582E-01,    0.0000000000E+00,    0.0000000000E+00,    0.0000000000E+00,    9.4108913582E-01
      9050,      0.676912,CP10_after_neg_clamp,   1,    0.0000000000E+00,    9.4108913582E-01,    9.4108913582E-01,    0.0000000000E+00,    0.0000000000E+00,    0.0000000000E+00,    9.4108913582E-01
      9050,      0.676912,CP11_after_MPI,   1,    0.0000000000E+00,    9.4108913582E-01,    9.4108913582E-01,    0.0000000000E+00,    0.0000000000E+00,    0.0000000000E+00,    9.4108913582E-01
      9050,      0.676912,CP12_end,   1,    0.0000000000E+00,    9.4108913582E-01,    9.4108913582E-01,    0.0000000000E+00,    0.0000000000E+00,    0.0000000000E+00,    9.4108913582E-01
      9100,      0.676912,CP0_start,   1,    0.0000000000E+00,    9.5115003919E-01,    9.5115003919E-01,    0.0000000000E+00,    0.0000000000E+00,    0.0000000000E+00,    9.5115003919E-01
      9100,      0.676912,CP1_after_deposition,   1,    0.0000000000E+00,    9.5115003919E-01,    9.5115003919E-01,    0.0000000000E+00,    0.0000000000E+00,    0.0000000000E+00,    9.5115003919E-01
      9100,      0.676912,CP2_after_erosion,   1,    0.0000000000E+00,    9.5115003919E-01,    9.5115003919E-01,    0.0000000000E+00,    0.0000000000E+00,    0.0000000000E+00,    9.5115003919E-01
      9100,      0.676912,CP3_after_update_bottom,   1,    0.0000000000E+00,    9.5115003919E-01,    9.5115003919E-01,    0.0000000000E+00,    0.0000000000E+00,    0.0000000000E+00,    9.5115003919E-01
      9100,      0.676912,CP4_after_advection,   1,    0.0000000000E+00,    9.5135569063E-01,    9.5135569063E-01,    0.0000000000E+00,    0.0000000000E+00,    0.0000000000E+00,    9.5135569063E-01
      9100,      0.676912,CP5_after_vdif,   1,    0.0000000000E+00,    9.5135569063E-01,    9.5135569063E-01,    0.0000000000E+00,    0.0000000000E+00,    0.0000000000E+00,    9.5135569063E-01
      9100,      0.676912,CP6_after_kinetics,   1,    0.0000000000E+00,    9.5135569063E-01,    9.5135569063E-01,    0.0000000000E+00,    0.0000000000E+00,    0.0000000000E+00,    9.5135569063E-01
      9100,      0.676912,CP7_after_upper_clamp,   1,    0.0000000000E+00,    9.5135569063E-01,    9.5135569063E-01,    0.0000000000E+00,    0.0000000000E+00,    0.0000000000E+00,    9.5135569063E-01
      9100,      0.676912,CP8_after_OBC,   1,    0.0000000000E+00,    9.5135569063E-01,    9.5135569063E-01,    0.0000000000E+00,    0.0000000000E+00,    0.0000000000E+00,    9.5135569063E-01
      9100,      0.676912,CP9_after_PTsource,   1,    0.0000000000E+00,    9.5135569063E-01,    9.5135569063E-01,    0.0000000000E+00,    0.0000000000E+00,    0.0000000000E+00,    9.5135569063E-01
      9100,      0.676912,CP10_after_neg_clamp,   1,    0.0000000000E+00,    9.5135569063E-01,    9.5135569063E-01,    0.0000000000E+00,    0.0000000000E+00,    0.0000000000E+00,    9.5135569063E-01
      9100,      0.676912,CP11_after_MPI,   1,    0.0000000000E+00,    9.5135569063E-01,    9.5135569063E-01,    0.0000000000E+00,    0.0000000000E+00,    0.0000000000E+00,    9.5135569063E-01
      9100,      0.676912,CP12_end,   1,    0.0000000000E+00,    9.5135569063E-01,    9.5135569063E-01,    0.0000000000E+00,    0.0000000000E+00,    0.0000000000E+00,    9.5135569063E-01
      9150,      0.676912,CP0_start,   1,    0.0000000000E+00,    9.6147226485E-01,    9.6147226485E-01,    0.0000000000E+00,    0.0000000000E+00,    0.0000000000E+00,    9.6147226485E-01
      9150,      0.676912,CP1_after_deposition,   1,    0.0000000000E+00,    9.6147226485E-01,    9.6147226485E-01,    0.0000000000E+00,    0.0000000000E+00,    0.0000000000E+00,    9.6147226485E-01
      9150,      0.676912,CP2_after_erosion,   1,    0.0000000000E+00,    9.6147226485E-01,    9.6147226485E-01,    0.0000000000E+00,    0.0000000000E+00,    0.0000000000E+00,    9.6147226485E-01
      9150,      0.676912,CP3_after_update_bottom,   1,    0.0000000000E+00,    9.6147226485E-01,    9.6147226485E-01,    0.0000000000E+00,    0.0000000000E+00,    0.0000000000E+00,    9.6147226485E-01
      9150,      0.676912,CP4_after_advection,   1,    0.0000000000E+00,    9.6167874031E-01,    9.6167874031E-01,    0.0000000000E+00,    0.0000000000E+00,    0.0000000000E+00,    9.6167874031E-01
      9150,      0.676912,CP5_after_vdif,   1,    0.0000000000E+00,    9.6167874031E-01,    9.6167874031E-01,    0.0000000000E+00,    0.0000000000E+00,    0.0000000000E+00,    9.6167874031E-01
      9150,      0.676912,CP6_after_kinetics,   1,    0.0000000000E+00,    9.6167874031E-01,    9.6167874031E-01,    0.0000000000E+00,    0.0000000000E+00,    0.0000000000E+00,    9.6167874031E-01
      9150,      0.676912,CP7_after_upper_clamp,   1,    0.0000000000E+00,    9.6167874031E-01,    9.6167874031E-01,    0.0000000000E+00,    0.0000000000E+00,    0.0000000000E+00,    9.6167874031E-01
      9150,      0.676912,CP8_after_OBC,   1,    0.0000000000E+00,    9.6167874031E-01,    9.6167874031E-01,    0.0000000000E+00,    0.0000000000E+00,    0.0000000000E+00,    9.6167874031E-01
      9150,      0.676912,CP9_after_PTsource,   1,    0.0000000000E+00,    9.6167874031E-01,    9.6167874031E-01,    0.0000000000E+00,    0.0000000000E+00,    0.0000000000E+00,    9.6167874031E-01
      9150,      0.676912,CP10_after_neg_clamp,   1,    0.0000000000E+00,    9.6167874031E-01,    9.6167874031E-01,    0.0000000000E+00,    0.0000000000E+00,    0.0000000000E+00,    9.6167874031E-01
      9150,      0.676912,CP11_after_MPI,   1,    0.0000000000E+00,    9.6167874031E-01,    9.6167874031E-01,    0.0000000000E+00,    0.0000000000E+00,    0.0000000000E+00,    9.6167874031E-01
      9150,      0.676912,CP12_end,   1,    0.0000000000E+00,    9.6167874031E-01,    9.6167874031E-01,    0.0000000000E+00,    0.0000000000E+00,    0.0000000000E+00,    9.6167874031E-01
      9200,      0.676912,CP0_start,   1,    0.0000000000E+00,    9.7185078073E-01,    9.7185078073E-01,    0.0000000000E+00,    0.0000000000E+00,    0.0000000000E+00,    9.7185078073E-01
      9200,      0.676912,CP1_after_deposition,   1,    0.0000000000E+00,    9.7185078073E-01,    9.7185078073E-01,    0.0000000000E+00,    0.0000000000E+00,    0.0000000000E+00,    9.7185078073E-01
      9200,      0.676912,CP2_after_erosion,   1,    0.0000000000E+00,    9.7185078073E-01,    9.7185078073E-01,    0.0000000000E+00,    0.0000000000E+00,    0.0000000000E+00,    9.7185078073E-01
      9200,      0.676912,CP3_after_update_bottom,   1,    0.0000000000E+00,    9.7185078073E-01,    9.7185078073E-01,    0.0000000000E+00,    0.0000000000E+00,    0.0000000000E+00,    9.7185078073E-01
      9200,      0.676912,CP4_after_advection,   1,    0.0000000000E+00,    9.7205828374E-01,    9.7205828374E-01,    0.0000000000E+00,    0.0000000000E+00,    0.0000000000E+00,    9.7205828374E-01
      9200,      0.676912,CP5_after_vdif,   1,    0.0000000000E+00,    9.7205828374E-01,    9.7205828374E-01,    0.0000000000E+00,    0.0000000000E+00,    0.0000000000E+00,    9.7205828374E-01
      9200,      0.676912,CP6_after_kinetics,   1,    0.0000000000E+00,    9.7205828374E-01,    9.7205828374E-01,    0.0000000000E+00,    0.0000000000E+00,    0.0000000000E+00,    9.7205828374E-01
      9200,      0.676912,CP7_after_upper_clamp,   1,    0.0000000000E+00,    9.7205828374E-01,    9.7205828374E-01,    0.0000000000E+00,    0.0000000000E+00,    0.0000000000E+00,    9.7205828374E-01
      9200,      0.676912,CP8_after_OBC,   1,    0.0000000000E+00,    9.7205828374E-01,    9.7205828374E-01,    0.0000000000E+00,    0.0000000000E+00,    0.0000000000E+00,    9.7205828374E-01
      9200,      0.676912,CP9_after_PTsource,   1,    0.0000000000E+00,    9.7205828374E-01,    9.7205828374E-01,    0.0000000000E+00,    0.0000000000E+00,    0.0000000000E+00,    9.7205828374E-01
      9200,      0.676912,CP10_after_neg_clamp,   1,    0.0000000000E+00,    9.7205828374E-01,    9.7205828374E-01,    0.0000000000E+00,    0.0000000000E+00,    0.0000000000E+00,    9.7205828374E-01
      9200,      0.676912,CP11_after_MPI,   1,    0.0000000000E+00,    9.7205828374E-01,    9.7205828374E-01,    0.0000000000E+00,    0.0000000000E+00,    0.0000000000E+00,    9.7205828374E-01
      9200,      0.676912,CP12_end,   1,    0.0000000000E+00,    9.7205828374E-01,    9.7205828374E-01,    0.0000000000E+00,    0.0000000000E+00,    0.0000000000E+00,    9.7205828374E-01
      9250,      0.676912,CP0_start,   1,    0.0000000000E+00,    9.8228521051E-01,    9.8228521051E-01,    0.0000000000E+00,    0.0000000000E+00,    0.0000000000E+00,    9.8228521051E-01
      9250,      0.676912,CP1_after_deposition,   1,    0.0000000000E+00,    9.8228521051E-01,    9.8228521051E-01,    0.0000000000E+00,    0.0000000000E+00,    0.0000000000E+00,    9.8228521051E-01
      9250,      0.676912,CP2_after_erosion,   1,    0.0000000000E+00,    9.8228521051E-01,    9.8228521051E-01,    0.0000000000E+00,    0.0000000000E+00,    0.0000000000E+00,    9.8228521051E-01
      9250,      0.676912,CP3_after_update_bottom,   1,    0.0000000000E+00,    9.8228521051E-01,    9.8228521051E-01,    0.0000000000E+00,    0.0000000000E+00,    0.0000000000E+00,    9.8228521051E-01
      9250,      0.676912,CP4_after_advection,   1,    0.0000000000E+00,    9.8249431981E-01,    9.8249431981E-01,    0.0000000000E+00,    0.0000000000E+00,    0.0000000000E+00,    9.8249431981E-01
      9250,      0.676912,CP5_after_vdif,   1,    0.0000000000E+00,    9.8249431981E-01,    9.8249431981E-01,    0.0000000000E+00,    0.0000000000E+00,    0.0000000000E+00,    9.8249431981E-01
      9250,      0.676912,CP6_after_kinetics,   1,    0.0000000000E+00,    9.8249431981E-01,    9.8249431981E-01,    0.0000000000E+00,    0.0000000000E+00,    0.0000000000E+00,    9.8249431981E-01
      9250,      0.676912,CP7_after_upper_clamp,   1,    0.0000000000E+00,    9.8249431981E-01,    9.8249431981E-01,    0.0000000000E+00,    0.0000000000E+00,    0.0000000000E+00,    9.8249431981E-01
      9250,      0.676912,CP8_after_OBC,   1,    0.0000000000E+00,    9.8249431981E-01,    9.8249431981E-01,    0.0000000000E+00,    0.0000000000E+00,    0.0000000000E+00,    9.8249431981E-01
      9250,      0.676912,CP9_after_PTsource,   1,    0.0000000000E+00,    9.8249431981E-01,    9.8249431981E-01,    0.0000000000E+00,    0.0000000000E+00,    0.0000000000E+00,    9.8249431981E-01
      9250,      0.676912,CP10_after_neg_clamp,   1,    0.0000000000E+00,    9.8249431981E-01,    9.8249431981E-01,    0.0000000000E+00,    0.0000000000E+00,    0.0000000000E+00,    9.8249431981E-01
      9250,      0.676912,CP11_after_MPI,   1,    0.0000000000E+00,    9.8249431981E-01,    9.8249431981E-01,    0.0000000000E+00,    0.0000000000E+00,    0.0000000000E+00,    9.8249431981E-01
      9250,      0.676912,CP12_end,   1,    0.0000000000E+00,    9.8249431981E-01,    9.8249431981E-01,    0.0000000000E+00,    0.0000000000E+00,    0.0000000000E+00,    9.8249431981E-01
      9300,      0.676912,CP0_start,   1,    0.0000000000E+00,    9.9277698861E-01,    9.9277698861E-01,    0.0000000000E+00,    0.0000000000E+00,    0.0000000000E+00,    9.9277698861E-01
      9300,      0.676912,CP1_after_deposition,   1,    0.0000000000E+00,    9.9277698861E-01,    9.9277698861E-01,    0.0000000000E+00,    0.0000000000E+00,    0.0000000000E+00,    9.9277698861E-01
      9300,      0.676912,CP2_after_erosion,   1,    0.0000000000E+00,    9.9277698861E-01,    9.9277698861E-01,    0.0000000000E+00,    0.0000000000E+00,    0.0000000000E+00,    9.9277698861E-01
      9300,      0.676912,CP3_after_update_bottom,   1,    0.0000000000E+00,    9.9277698861E-01,    9.9277698861E-01,    0.0000000000E+00,    0.0000000000E+00,    0.0000000000E+00,    9.9277698861E-01
      9300,      0.676912,CP4_after_advection,   1,    0.0000000000E+00,    9.9298684742E-01,    9.9298684742E-01,    0.0000000000E+00,    0.0000000000E+00,    0.0000000000E+00,    9.9298684742E-01
      9300,      0.676912,CP5_after_vdif,   1,    0.0000000000E+00,    9.9298684742E-01,    9.9298684742E-01,    0.0000000000E+00,    0.0000000000E+00,    0.0000000000E+00,    9.9298684742E-01
      9300,      0.676912,CP6_after_kinetics,   1,    0.0000000000E+00,    9.9298684742E-01,    9.9298684742E-01,    0.0000000000E+00,    0.0000000000E+00,    0.0000000000E+00,    9.9298684742E-01
      9300,      0.676912,CP7_after_upper_clamp,   1,    0.0000000000E+00,    9.9298684742E-01,    9.9298684742E-01,    0.0000000000E+00,    0.0000000000E+00,    0.0000000000E+00,    9.9298684742E-01
      9300,      0.676912,CP8_after_OBC,   1,    0.0000000000E+00,    9.9298684742E-01,    9.9298684742E-01,    0.0000000000E+00,    0.0000000000E+00,    0.0000000000E+00,    9.9298684742E-01
      9300,      0.676912,CP9_after_PTsource,   1,    0.0000000000E+00,    9.9298684742E-01,    9.9298684742E-01,    0.0000000000E+00,    0.0000000000E+00,    0.0000000000E+00,    9.9298684742E-01
      9300,      0.676912,CP10_after_neg_clamp,   1,    0.0000000000E+00,    9.9298684742E-01,    9.9298684742E-01,    0.0000000000E+00,    0.0000000000E+00,    0.0000000000E+00,    9.9298684742E-01
      9300,      0.676912,CP11_after_MPI,   1,    0.0000000000E+00,    9.9298684742E-01,    9.9298684742E-01,    0.0000000000E+00,    0.0000000000E+00,    0.0000000000E+00,    9.9298684742E-01
      9300,      0.676912,CP12_end,   1,    0.0000000000E+00,    9.9298684742E-01,    9.9298684742E-01,    0.0000000000E+00,    0.0000000000E+00,    0.0000000000E+00,    9.9298684742E-01
      9350,      0.676912,CP0_start,   1,    0.0000000000E+00,    1.0033244502E+00,    1.0033244502E+00,    0.0000000000E+00,    0.0000000000E+00,    0.0000000000E+00,    1.0033244502E+00
      9350,      0.676912,CP1_after_deposition,   1,    0.0000000000E+00,    1.0033244502E+00,    1.0033244502E+00,    0.0000000000E+00,    0.0000000000E+00,    0.0000000000E+00,    1.0033244502E+00
      9350,      0.676912,CP2_after_erosion,   1,    0.0000000000E+00,    1.0033244502E+00,    1.0033244502E+00,    0.0000000000E+00,    0.0000000000E+00,    0.0000000000E+00,    1.0033244502E+00
      9350,      0.676912,CP3_after_update_bottom,   1,    0.0000000000E+00,    1.0033244502E+00,    1.0033244502E+00,    0.0000000000E+00,    0.0000000000E+00,    0.0000000000E+00,    1.0033244502E+00
      9350,      0.676912,CP4_after_advection,   1,    0.0000000000E+00,    1.0035358654E+00,    1.0035358654E+00,    0.0000000000E+00,    0.0000000000E+00,    0.0000000000E+00,    1.0035358654E+00
      9350,      0.676912,CP5_after_vdif,   1,    0.0000000000E+00,    1.0035358654E+00,    1.0035358654E+00,    0.0000000000E+00,    0.0000000000E+00,    0.0000000000E+00,    1.0035358654E+00
      9350,      0.676912,CP6_after_kinetics,   1,    0.0000000000E+00,    1.0035358654E+00,    1.0035358654E+00,    0.0000000000E+00,    0.0000000000E+00,    0.0000000000E+00,    1.0035358654E+00
      9350,      0.676912,CP7_after_upper_clamp,   1,    0.0000000000E+00,    1.0035358654E+00,    1.0035358654E+00,    0.0000000000E+00,    0.0000000000E+00,    0.0000000000E+00,    1.0035358654E+00
      9350,      0.676912,CP8_after_OBC,   1,    0.0000000000E+00,    1.0035358654E+00,    1.0035358654E+00,    0.0000000000E+00,    0.0000000000E+00,    0.0000000000E+00,    1.0035358654E+00
      9350,      0.676912,CP9_after_PTsource,   1,    0.0000000000E+00,    1.0035358654E+00,    1.0035358654E+00,    0.0000000000E+00,    0.0000000000E+00,    0.0000000000E+00,    1.0035358654E+00
      9350,      0.676912,CP10_after_neg_clamp,   1,    0.0000000000E+00,    1.0035358654E+00,    1.0035358654E+00,    0.0000000000E+00,    0.0000000000E+00,    0.0000000000E+00,    1.0035358654E+00
      9350,      0.676912,CP11_after_MPI,   1,    0.0000000000E+00,    1.0035358654E+00,    1.0035358654E+00,    0.0000000000E+00,    0.0000000000E+00,    0.0000000000E+00,    1.0035358654E+00
      9350,      0.676912,CP12_end,   1,    0.0000000000E+00,    1.0035358654E+00,    1.0035358654E+00,    0.0000000000E+00,    0.0000000000E+00,    0.0000000000E+00,    1.0035358654E+00
      9400,      0.676912,CP0_start,   1,    0.0000000000E+00,    1.0139291108E+00,    1.0139291108E+00,    0.0000000000E+00,    0.0000000000E+00,    0.0000000000E+00,    1.0139291108E+00
      9400,      0.676912,CP1_after_deposition,   1,    0.0000000000E+00,    1.0139291108E+00,    1.0139291108E+00,    0.0000000000E+00,    0.0000000000E+00,    0.0000000000E+00,    1.0139291108E+00
      9400,      0.676912,CP2_after_erosion,   1,    0.0000000000E+00,    1.0139291108E+00,    1.0139291108E+00,    0.0000000000E+00,    0.0000000000E+00,    0.0000000000E+00,    1.0139291108E+00
      9400,      0.676912,CP3_after_update_bottom,   1,    0.0000000000E+00,    1.0139291108E+00,    1.0139291108E+00,    0.0000000000E+00,    0.0000000000E+00,    0.0000000000E+00,    1.0139291108E+00
      9400,      0.676912,CP4_after_advection,   1,    0.0000000000E+00,    1.0141413727E+00,    1.0141413727E+00,    0.0000000000E+00,    0.0000000000E+00,    0.0000000000E+00,    1.0141413727E+00
      9400,      0.676912,CP5_after_vdif,   1,    0.0000000000E+00,    1.0141413727E+00,    1.0141413727E+00,    0.0000000000E+00,    0.0000000000E+00,    0.0000000000E+00,    1.0141413727E+00
      9400,      0.676912,CP6_after_kinetics,   1,    0.0000000000E+00,    1.0141413727E+00,    1.0141413727E+00,    0.0000000000E+00,    0.0000000000E+00,    0.0000000000E+00,    1.0141413727E+00
      9400,      0.676912,CP7_after_upper_clamp,   1,    0.0000000000E+00,    1.0141413727E+00,    1.0141413727E+00,    0.0000000000E+00,    0.0000000000E+00,    0.0000000000E+00,    1.0141413727E+00
      9400,      0.676912,CP8_after_OBC,   1,    0.0000000000E+00,    1.0141413727E+00,    1.0141413727E+00,    0.0000000000E+00,    0.0000000000E+00,    0.0000000000E+00,    1.0141413727E+00
      9400,      0.676912,CP9_after_PTsource,   1,    0.0000000000E+00,    1.0141413727E+00,    1.0141413727E+00,    0.0000000000E+00,    0.0000000000E+00,    0.0000000000E+00,    1.0141413727E+00
      9400,      0.676912,CP10_after_neg_clamp,   1,    0.0000000000E+00,    1.0141413727E+00,    1.0141413727E+00,    0.0000000000E+00,    0.0000000000E+00,    0.0000000000E+00,    1.0141413727E+00
      9400,      0.676912,CP11_after_MPI,   1,    0.0000000000E+00,    1.0141413727E+00,    1.0141413727E+00,    0.0000000000E+00,    0.0000000000E+00,    0.0000000000E+00,    1.0141413727E+00
      9400,      0.676912,CP12_end,   1,    0.0000000000E+00,    1.0141413727E+00,    1.0141413727E+00,    0.0000000000E+00,    0.0000000000E+00,    0.0000000000E+00,    1.0141413727E+00
      9450,      0.676912,CP0_start,   1,    0.0000000000E+00,    1.0245895825E+00,    1.0245895825E+00,    0.0000000000E+00,    0.0000000000E+00,    0.0000000000E+00,    1.0245895825E+00
      9450,      0.676912,CP1_after_deposition,   1,    0.0000000000E+00,    1.0245895825E+00,    1.0245895825E+00,    0.0000000000E+00,    0.0000000000E+00,    0.0000000000E+00,    1.0245895825E+00
      9450,      0.676912,CP2_after_erosion,   1,    0.0000000000E+00,    1.0245895825E+00,    1.0245895825E+00,    0.0000000000E+00,    0.0000000000E+00,    0.0000000000E+00,    1.0245895825E+00
      9450,      0.676912,CP3_after_update_bottom,   1,    0.0000000000E+00,    1.0245895825E+00,    1.0245895825E+00,    0.0000000000E+00,    0.0000000000E+00,    0.0000000000E+00,    1.0245895825E+00
      9450,      0.676912,CP4_after_advection,   1,    0.0000000000E+00,    1.0248033682E+00,    1.0248033682E+00,    0.0000000000E+00,    0.0000000000E+00,    0.0000000000E+00,    1.0248033682E+00
      9450,      0.676912,CP5_after_vdif,   1,    0.0000000000E+00,    1.0248033682E+00,    1.0248033682E+00,    0.0000000000E+00,    0.0000000000E+00,    0.0000000000E+00,    1.0248033682E+00
      9450,      0.676912,CP6_after_kinetics,   1,    0.0000000000E+00,    1.0248033682E+00,    1.0248033682E+00,    0.0000000000E+00,    0.0000000000E+00,    0.0000000000E+00,    1.0248033682E+00
      9450,      0.676912,CP7_after_upper_clamp,   1,    0.0000000000E+00,    1.0248033682E+00,    1.0248033682E+00,    0.0000000000E+00,    0.0000000000E+00,    0.0000000000E+00,    1.0248033682E+00
      9450,      0.676912,CP8_after_OBC,   1,    0.0000000000E+00,    1.0248033682E+00,    1.0248033682E+00,    0.0000000000E+00,    0.0000000000E+00,    0.0000000000E+00,    1.0248033682E+00
      9450,      0.676912,CP9_after_PTsource,   1,    0.0000000000E+00,    1.0248033682E+00,    1.0248033682E+00,    0.0000000000E+00,    0.0000000000E+00,    0.0000000000E+00,    1.0248033682E+00
      9450,      0.676912,CP10_after_neg_clamp,   1,    0.0000000000E+00,    1.0248033682E+00,    1.0248033682E+00,    0.0000000000E+00,    0.0000000000E+00,    0.0000000000E+00,    1.0248033682E+00
      9450,      0.676912,CP11_after_MPI,   1,    0.0000000000E+00,    1.0248033682E+00,    1.0248033682E+00,    0.0000000000E+00,    0.0000000000E+00,    0.0000000000E+00,    1.0248033682E+00
      9450,      0.676912,CP12_end,   1,    0.0000000000E+00,    1.0248033682E+00,    1.0248033682E+00,    0.0000000000E+00,    0.0000000000E+00,    0.0000000000E+00,    1.0248033682E+00
      9500,      0.676912,CP0_start,   1,    0.0000000000E+00,    1.0353067827E+00,    1.0353067827E+00,    0.0000000000E+00,    0.0000000000E+00,    0.0000000000E+00,    1.0353067827E+00
      9500,      0.676912,CP1_after_deposition,   1,    0.0000000000E+00,    1.0353067827E+00,    1.0353067827E+00,    0.0000000000E+00,    0.0000000000E+00,    0.0000000000E+00,    1.0353067827E+00
      9500,      0.676912,CP2_after_erosion,   1,    0.0000000000E+00,    1.0353067827E+00,    1.0353067827E+00,    0.0000000000E+00,    0.0000000000E+00,    0.0000000000E+00,    1.0353067827E+00
      9500,      0.676912,CP3_after_update_bottom,   1,    0.0000000000E+00,    1.0353067827E+00,    1.0353067827E+00,    0.0000000000E+00,    0.0000000000E+00,    0.0000000000E+00,    1.0353067827E+00
      9500,      0.676912,CP4_after_advection,   1,    0.0000000000E+00,    1.0355218506E+00,    1.0355218506E+00,    0.0000000000E+00,    0.0000000000E+00,    0.0000000000E+00,    1.0355218506E+00
      9500,      0.676912,CP5_after_vdif,   1,    0.0000000000E+00,    1.0355218506E+00,    1.0355218506E+00,    0.0000000000E+00,    0.0000000000E+00,    0.0000000000E+00,    1.0355218506E+00
      9500,      0.676912,CP6_after_kinetics,   1,    0.0000000000E+00,    1.0355218506E+00,    1.0355218506E+00,    0.0000000000E+00,    0.0000000000E+00,    0.0000000000E+00,    1.0355218506E+00
      9500,      0.676912,CP7_after_upper_clamp,   1,    0.0000000000E+00,    1.0355218506E+00,    1.0355218506E+00,    0.0000000000E+00,    0.0000000000E+00,    0.0000000000E+00,    1.0355218506E+00
      9500,      0.676912,CP8_after_OBC,   1,    0.0000000000E+00,    1.0355218506E+00,    1.0355218506E+00,    0.0000000000E+00,    0.0000000000E+00,    0.0000000000E+00,    1.0355218506E+00
      9500,      0.676912,CP9_after_PTsource,   1,    0.0000000000E+00,    1.0355218506E+00,    1.0355218506E+00,    0.0000000000E+00,    0.0000000000E+00,    0.0000000000E+00,    1.0355218506E+00
      9500,      0.676912,CP10_after_neg_clamp,   1,    0.0000000000E+00,    1.0355218506E+00,    1.0355218506E+00,    0.0000000000E+00,    0.0000000000E+00,    0.0000000000E+00,    1.0355218506E+00
      9500,      0.676912,CP11_after_MPI,   1,    0.0000000000E+00,    1.0355218506E+00,    1.0355218506E+00,    0.0000000000E+00,    0.0000000000E+00,    0.0000000000E+00,    1.0355218506E+00
      9500,      0.676912,CP12_end,   1,    0.0000000000E+00,    1.0355218506E+00,    1.0355218506E+00,    0.0000000000E+00,    0.0000000000E+00,    0.0000000000E+00,    1.0355218506E+00
      9550,      0.676912,CP0_start,   1,    0.0000000000E+00,    1.0460811561E+00,    1.0460811561E+00,    0.0000000000E+00,    0.0000000000E+00,    0.0000000000E+00,    1.0460811561E+00
      9550,      0.676912,CP1_after_deposition,   1,    0.0000000000E+00,    1.0460811561E+00,    1.0460811561E+00,    0.0000000000E+00,    0.0000000000E+00,    0.0000000000E+00,    1.0460811561E+00
      9550,      0.676912,CP2_after_erosion,   1,    0.0000000000E+00,    1.0460811561E+00,    1.0460811561E+00,    0.0000000000E+00,    0.0000000000E+00,    0.0000000000E+00,    1.0460811561E+00
      9550,      0.676912,CP3_after_update_bottom,   1,    0.0000000000E+00,    1.0460811561E+00,    1.0460811561E+00,    0.0000000000E+00,    0.0000000000E+00,    0.0000000000E+00,    1.0460811561E+00
      9550,      0.676912,CP4_after_advection,   1,    0.0000000000E+00,    1.0462968189E+00,    1.0462968189E+00,    0.0000000000E+00,    0.0000000000E+00,    0.0000000000E+00,    1.0462968189E+00
      9550,      0.676912,CP5_after_vdif,   1,    0.0000000000E+00,    1.0462968189E+00,    1.0462968189E+00,    0.0000000000E+00,    0.0000000000E+00,    0.0000000000E+00,    1.0462968189E+00
      9550,      0.676912,CP6_after_kinetics,   1,    0.0000000000E+00,    1.0462968189E+00,    1.0462968189E+00,    0.0000000000E+00,    0.0000000000E+00,    0.0000000000E+00,    1.0462968189E+00
      9550,      0.676912,CP7_after_upper_clamp,   1,    0.0000000000E+00,    1.0462968189E+00,    1.0462968189E+00,    0.0000000000E+00,    0.0000000000E+00,    0.0000000000E+00,    1.0462968189E+00
      9550,      0.676912,CP8_after_OBC,   1,    0.0000000000E+00,    1.0462968189E+00,    1.0462968189E+00,    0.0000000000E+00,    0.0000000000E+00,    0.0000000000E+00,    1.0462968189E+00
      9550,      0.676912,CP9_after_PTsource,   1,    0.0000000000E+00,    1.0462968189E+00,    1.0462968189E+00,    0.0000000000E+00,    0.0000000000E+00,    0.0000000000E+00,    1.0462968189E+00
      9550,      0.676912,CP10_after_neg_clamp,   1,    0.0000000000E+00,    1.0462968189E+00,    1.0462968189E+00,    0.0000000000E+00,    0.0000000000E+00,    0.0000000000E+00,    1.0462968189E+00
      9550,      0.676912,CP11_after_MPI,   1,    0.0000000000E+00,    1.0462968189E+00,    1.0462968189E+00,    0.0000000000E+00,    0.0000000000E+00,    0.0000000000E+00,    1.0462968189E+00
      9550,      0.676912,CP12_end,   1,    0.0000000000E+00,    1.0462968189E+00,    1.0462968189E+00,    0.0000000000E+00,    0.0000000000E+00,    0.0000000000E+00,    1.0462968189E+00
      9600,      0.676912,CP0_start,   1,    0.0000000000E+00,    1.0569112206E+00,    1.0569112206E+00,    0.0000000000E+00,    0.0000000000E+00,    0.0000000000E+00,    1.0569112206E+00
      9600,      0.676912,CP1_after_deposition,   1,    0.0000000000E+00,    1.0569112206E+00,    1.0569112206E+00,    0.0000000000E+00,    0.0000000000E+00,    0.0000000000E+00,    1.0569112206E+00
      9600,      0.676912,CP2_after_erosion,   1,    0.0000000000E+00,    1.0569112206E+00,    1.0569112206E+00,    0.0000000000E+00,    0.0000000000E+00,    0.0000000000E+00,    1.0569112206E+00
      9600,      0.676912,CP3_after_update_bottom,   1,    0.0000000000E+00,    1.0569112206E+00,    1.0569112206E+00,    0.0000000000E+00,    0.0000000000E+00,    0.0000000000E+00,    1.0569112206E+00
      9600,      0.676912,CP4_after_advection,   1,    0.0000000000E+00,    1.0571282719E+00,    1.0571282719E+00,    0.0000000000E+00,    0.0000000000E+00,    0.0000000000E+00,    1.0571282719E+00
      9600,      0.676912,CP5_after_vdif,   1,    0.0000000000E+00,    1.0571282719E+00,    1.0571282719E+00,    0.0000000000E+00,    0.0000000000E+00,    0.0000000000E+00,    1.0571282719E+00
      9600,      0.676912,CP6_after_kinetics,   1,    0.0000000000E+00,    1.0571282719E+00,    1.0571282719E+00,    0.0000000000E+00,    0.0000000000E+00,    0.0000000000E+00,    1.0571282719E+00
      9600,      0.676912,CP7_after_upper_clamp,   1,    0.0000000000E+00,    1.0571282719E+00,    1.0571282719E+00,    0.0000000000E+00,    0.0000000000E+00,    0.0000000000E+00,    1.0571282719E+00
      9600,      0.676912,CP8_after_OBC,   1,    0.0000000000E+00,    1.0571282719E+00,    1.0571282719E+00,    0.0000000000E+00,    0.0000000000E+00,    0.0000000000E+00,    1.0571282719E+00
      9600,      0.676912,CP9_after_PTsource,   1,    0.0000000000E+00,    1.0571282719E+00,    1.0571282719E+00,    0.0000000000E+00,    0.0000000000E+00,    0.0000000000E+00,    1.0571282719E+00
      9600,      0.676912,CP10_after_neg_clamp,   1,    0.0000000000E+00,    1.0571282719E+00,    1.0571282719E+00,    0.0000000000E+00,    0.0000000000E+00,    0.0000000000E+00,    1.0571282719E+00
      9600,      0.676912,CP11_after_MPI,   1,    0.0000000000E+00,    1.0571282719E+00,    1.0571282719E+00,    0.0000000000E+00,    0.0000000000E+00,    0.0000000000E+00,    1.0571282719E+00
      9600,      0.676912,CP12_end,   1,    0.0000000000E+00,    1.0571282719E+00,    1.0571282719E+00,    0.0000000000E+00,    0.0000000000E+00,    0.0000000000E+00,    1.0571282719E+00
      9650,      0.676912,CP0_start,   1,    0.0000000000E+00,    1.0677981254E+00,    1.0677981254E+00,    0.0000000000E+00,    0.0000000000E+00,    0.0000000000E+00,    1.0677981254E+00
      9650,      0.676912,CP1_after_deposition,   1,    0.0000000000E+00,    1.0677981254E+00,    1.0677981254E+00,    0.0000000000E+00,    0.0000000000E+00,    0.0000000000E+00,    1.0677981254E+00
      9650,      0.676912,CP2_after_erosion,   1,    0.0000000000E+00,    1.0677981254E+00,    1.0677981254E+00,    0.0000000000E+00,    0.0000000000E+00,    0.0000000000E+00,    1.0677981254E+00
      9650,      0.676912,CP3_after_update_bottom,   1,    0.0000000000E+00,    1.0677981254E+00,    1.0677981254E+00,    0.0000000000E+00,    0.0000000000E+00,    0.0000000000E+00,    1.0677981254E+00
      9650,      0.676912,CP4_after_advection,   1,    0.0000000000E+00,    1.0680162084E+00,    1.0680162084E+00,    0.0000000000E+00,    0.0000000000E+00,    0.0000000000E+00,    1.0680162084E+00
      9650,      0.676912,CP5_after_vdif,   1,    0.0000000000E+00,    1.0680162084E+00,    1.0680162084E+00,    0.0000000000E+00,    0.0000000000E+00,    0.0000000000E+00,    1.0680162084E+00
      9650,      0.676912,CP6_after_kinetics,   1,    0.0000000000E+00,    1.0680162084E+00,    1.0680162084E+00,    0.0000000000E+00,    0.0000000000E+00,    0.0000000000E+00,    1.0680162084E+00
      9650,      0.676912,CP7_after_upper_clamp,   1,    0.0000000000E+00,    1.0680162084E+00,    1.0680162084E+00,    0.0000000000E+00,    0.0000000000E+00,    0.0000000000E+00,    1.0680162084E+00
      9650,      0.676912,CP8_after_OBC,   1,    0.0000000000E+00,    1.0680162084E+00,    1.0680162084E+00,    0.0000000000E+00,    0.0000000000E+00,    0.0000000000E+00,    1.0680162084E+00
      9650,      0.676912,CP9_after_PTsource,   1,    0.0000000000E+00,    1.0680162084E+00,    1.0680162084E+00,    0.0000000000E+00,    0.0000000000E+00,    0.0000000000E+00,    1.0680162084E+00
      9650,      0.676912,CP10_after_neg_clamp,   1,    0.0000000000E+00,    1.0680162084E+00,    1.0680162084E+00,    0.0000000000E+00,    0.0000000000E+00,    0.0000000000E+00,    1.0680162084E+00
      9650,      0.676912,CP11_after_MPI,   1,    0.0000000000E+00,    1.0680162084E+00,    1.0680162084E+00,    0.0000000000E+00,    0.0000000000E+00,    0.0000000000E+00,    1.0680162084E+00
      9650,      0.676912,CP12_end,   1,    0.0000000000E+00,    1.0680162084E+00,    1.0680162084E+00,    0.0000000000E+00,    0.0000000000E+00,    0.0000000000E+00,    1.0680162084E+00
      9700,      0.676912,CP0_start,   1,    0.0000000000E+00,    1.0787414740E+00,    1.0787414740E+00,    0.0000000000E+00,    0.0000000000E+00,    0.0000000000E+00,    1.0787414740E+00
      9700,      0.676912,CP1_after_deposition,   1,    0.0000000000E+00,    1.0787414740E+00,    1.0787414740E+00,    0.0000000000E+00,    0.0000000000E+00,    0.0000000000E+00,    1.0787414740E+00
      9700,      0.676912,CP2_after_erosion,   1,    0.0000000000E+00,    1.0787414740E+00,    1.0787414740E+00,    0.0000000000E+00,    0.0000000000E+00,    0.0000000000E+00,    1.0787414740E+00
      9700,      0.676912,CP3_after_update_bottom,   1,    0.0000000000E+00,    1.0787414740E+00,    1.0787414740E+00,    0.0000000000E+00,    0.0000000000E+00,    0.0000000000E+00,    1.0787414740E+00
      9700,      0.676912,CP4_after_advection,   1,    0.0000000000E+00,    1.0789606274E+00,    1.0789606274E+00,    0.0000000000E+00,    0.0000000000E+00,    0.0000000000E+00,    1.0789606274E+00
      9700,      0.676912,CP5_after_vdif,   1,    0.0000000000E+00,    1.0789606274E+00,    1.0789606274E+00,    0.0000000000E+00,    0.0000000000E+00,    0.0000000000E+00,    1.0789606274E+00
      9700,      0.676912,CP6_after_kinetics,   1,    0.0000000000E+00,    1.0789606274E+00,    1.0789606274E+00,    0.0000000000E+00,    0.0000000000E+00,    0.0000000000E+00,    1.0789606274E+00
      9700,      0.676912,CP7_after_upper_clamp,   1,    0.0000000000E+00,    1.0789606274E+00,    1.0789606274E+00,    0.0000000000E+00,    0.0000000000E+00,    0.0000000000E+00,    1.0789606274E+00
      9700,      0.676912,CP8_after_OBC,   1,    0.0000000000E+00,    1.0789606274E+00,    1.0789606274E+00,    0.0000000000E+00,    0.0000000000E+00,    0.0000000000E+00,    1.0789606274E+00
      9700,      0.676912,CP9_after_PTsource,   1,    0.0000000000E+00,    1.0789606274E+00,    1.0789606274E+00,    0.0000000000E+00,    0.0000000000E+00,    0.0000000000E+00,    1.0789606274E+00
      9700,      0.676912,CP10_after_neg_clamp,   1,    0.0000000000E+00,    1.0789606274E+00,    1.0789606274E+00,    0.0000000000E+00,    0.0000000000E+00,    0.0000000000E+00,    1.0789606274E+00
      9700,      0.676912,CP11_after_MPI,   1,    0.0000000000E+00,    1.0789606274E+00,    1.0789606274E+00,    0.0000000000E+00,    0.0000000000E+00,    0.0000000000E+00,    1.0789606274E+00
      9700,      0.676912,CP12_end,   1,    0.0000000000E+00,    1.0789606274E+00,    1.0789606274E+00,    0.0000000000E+00,    0.0000000000E+00,    0.0000000000E+00,    1.0789606274E+00
      9750,      0.676912,CP0_start,   1,    0.0000000000E+00,    1.0897408400E+00,    1.0897408400E+00,    0.0000000000E+00,    0.0000000000E+00,    0.0000000000E+00,    1.0897408400E+00
      9750,      0.676912,CP1_after_deposition,   1,    0.0000000000E+00,    1.0897408400E+00,    1.0897408400E+00,    0.0000000000E+00,    0.0000000000E+00,    0.0000000000E+00,    1.0897408400E+00
      9750,      0.676912,CP2_after_erosion,   1,    0.0000000000E+00,    1.0897408400E+00,    1.0897408400E+00,    0.0000000000E+00,    0.0000000000E+00,    0.0000000000E+00,    1.0897408400E+00
      9750,      0.676912,CP3_after_update_bottom,   1,    0.0000000000E+00,    1.0897408400E+00,    1.0897408400E+00,    0.0000000000E+00,    0.0000000000E+00,    0.0000000000E+00,    1.0897408400E+00
      9750,      0.676912,CP4_after_advection,   1,    0.0000000000E+00,    1.0899615275E+00,    1.0899615275E+00,    0.0000000000E+00,    0.0000000000E+00,    0.0000000000E+00,    1.0899615275E+00
      9750,      0.676912,CP5_after_vdif,   1,    0.0000000000E+00,    1.0899615275E+00,    1.0899615275E+00,    0.0000000000E+00,    0.0000000000E+00,    0.0000000000E+00,    1.0899615275E+00
      9750,      0.676912,CP6_after_kinetics,   1,    0.0000000000E+00,    1.0899615275E+00,    1.0899615275E+00,    0.0000000000E+00,    0.0000000000E+00,    0.0000000000E+00,    1.0899615275E+00
      9750,      0.676912,CP7_after_upper_clamp,   1,    0.0000000000E+00,    1.0899615275E+00,    1.0899615275E+00,    0.0000000000E+00,    0.0000000000E+00,    0.0000000000E+00,    1.0899615275E+00
      9750,      0.676912,CP8_after_OBC,   1,    0.0000000000E+00,    1.0899615275E+00,    1.0899615275E+00,    0.0000000000E+00,    0.0000000000E+00,    0.0000000000E+00,    1.0899615275E+00
      9750,      0.676912,CP9_after_PTsource,   1,    0.0000000000E+00,    1.0899615275E+00,    1.0899615275E+00,    0.0000000000E+00,    0.0000000000E+00,    0.0000000000E+00,    1.0899615275E+00
      9750,      0.676912,CP10_after_neg_clamp,   1,    0.0000000000E+00,    1.0899615275E+00,    1.0899615275E+00,    0.0000000000E+00,    0.0000000000E+00,    0.0000000000E+00,    1.0899615275E+00
      9750,      0.676912,CP11_after_MPI,   1,    0.0000000000E+00,    1.0899615275E+00,    1.0899615275E+00,    0.0000000000E+00,    0.0000000000E+00,    0.0000000000E+00,    1.0899615275E+00
      9750,      0.676912,CP12_end,   1,    0.0000000000E+00,    1.0899615275E+00,    1.0899615275E+00,    0.0000000000E+00,    0.0000000000E+00,    0.0000000000E+00,    1.0899615275E+00
      9800,      0.676912,CP0_start,   1,    0.0000000000E+00,    1.1007974380E+00,    1.1007974380E+00,    0.0000000000E+00,    0.0000000000E+00,    0.0000000000E+00,    1.1007974380E+00
      9800,      0.676912,CP1_after_deposition,   1,    0.0000000000E+00,    1.1007974380E+00,    1.1007974380E+00,    0.0000000000E+00,    0.0000000000E+00,    0.0000000000E+00,    1.1007974380E+00
      9800,      0.676912,CP2_after_erosion,   1,    0.0000000000E+00,    1.1007974380E+00,    1.1007974380E+00,    0.0000000000E+00,    0.0000000000E+00,    0.0000000000E+00,    1.1007974380E+00
      9800,      0.676912,CP3_after_update_bottom,   1,    0.0000000000E+00,    1.1007974380E+00,    1.1007974380E+00,    0.0000000000E+00,    0.0000000000E+00,    0.0000000000E+00,    1.1007974380E+00
      9800,      0.676912,CP4_after_advection,   1,    0.0000000000E+00,    1.1010189077E+00,    1.1010189077E+00,    0.0000000000E+00,    0.0000000000E+00,    0.0000000000E+00,    1.1010189077E+00
      9800,      0.676912,CP5_after_vdif,   1,    0.0000000000E+00,    1.1010189077E+00,    1.1010189077E+00,    0.0000000000E+00,    0.0000000000E+00,    0.0000000000E+00,    1.1010189077E+00
      9800,      0.676912,CP6_after_kinetics,   1,    0.0000000000E+00,    1.1010189077E+00,    1.1010189077E+00,    0.0000000000E+00,    0.0000000000E+00,    0.0000000000E+00,    1.1010189077E+00
      9800,      0.676912,CP7_after_upper_clamp,   1,    0.0000000000E+00,    1.1010189077E+00,    1.1010189077E+00,    0.0000000000E+00,    0.0000000000E+00,    0.0000000000E+00,    1.1010189077E+00
      9800,      0.676912,CP8_after_OBC,   1,    0.0000000000E+00,    1.1010189077E+00,    1.1010189077E+00,    0.0000000000E+00,    0.0000000000E+00,    0.0000000000E+00,    1.1010189077E+00
      9800,      0.676912,CP9_after_PTsource,   1,    0.0000000000E+00,    1.1010189077E+00,    1.1010189077E+00,    0.0000000000E+00,    0.0000000000E+00,    0.0000000000E+00,    1.1010189077E+00
      9800,      0.676912,CP10_after_neg_clamp,   1,    0.0000000000E+00,    1.1010189077E+00,    1.1010189077E+00,    0.0000000000E+00,    0.0000000000E+00,    0.0000000000E+00,    1.1010189077E+00
      9800,      0.676912,CP11_after_MPI,   1,    0.0000000000E+00,    1.1010189077E+00,    1.1010189077E+00,    0.0000000000E+00,    0.0000000000E+00,    0.0000000000E+00,    1.1010189077E+00
      9800,      0.676912,CP12_end,   1,    0.0000000000E+00,    1.1010189077E+00,    1.1010189077E+00,    0.0000000000E+00,    0.0000000000E+00,    0.0000000000E+00,    1.1010189077E+00
      9850,      0.676912,CP0_start,   1,    0.0000000000E+00,    1.1119100421E+00,    1.1119100421E+00,    0.0000000000E+00,    0.0000000000E+00,    0.0000000000E+00,    1.1119100421E+00
      9850,      0.676912,CP1_after_deposition,   1,    0.0000000000E+00,    1.1119100421E+00,    1.1119100421E+00,    0.0000000000E+00,    0.0000000000E+00,    0.0000000000E+00,    1.1119100421E+00
      9850,      0.676912,CP2_after_erosion,   1,    0.0000000000E+00,    1.1119100421E+00,    1.1119100421E+00,    0.0000000000E+00,    0.0000000000E+00,    0.0000000000E+00,    1.1119100421E+00
      9850,      0.676912,CP3_after_update_bottom,   1,    0.0000000000E+00,    1.1119100421E+00,    1.1119100421E+00,    0.0000000000E+00,    0.0000000000E+00,    0.0000000000E+00,    1.1119100421E+00
      9850,      0.676912,CP4_after_advection,   1,    0.0000000000E+00,    1.1121327667E+00,    1.1121327667E+00,    0.0000000000E+00,    0.0000000000E+00,    0.0000000000E+00,    1.1121327667E+00
      9850,      0.676912,CP5_after_vdif,   1,    0.0000000000E+00,    1.1121327667E+00,    1.1121327667E+00,    0.0000000000E+00,    0.0000000000E+00,    0.0000000000E+00,    1.1121327667E+00
      9850,      0.676912,CP6_after_kinetics,   1,    0.0000000000E+00,    1.1121327667E+00,    1.1121327667E+00,    0.0000000000E+00,    0.0000000000E+00,    0.0000000000E+00,    1.1121327667E+00
      9850,      0.676912,CP7_after_upper_clamp,   1,    0.0000000000E+00,    1.1121327667E+00,    1.1121327667E+00,    0.0000000000E+00,    0.0000000000E+00,    0.0000000000E+00,    1.1121327667E+00
      9850,      0.676912,CP8_after_OBC,   1,    0.0000000000E+00,    1.1121327667E+00,    1.1121327667E+00,    0.0000000000E+00,    0.0000000000E+00,    0.0000000000E+00,    1.1121327667E+00
      9850,      0.676912,CP9_after_PTsource,   1,    0.0000000000E+00,    1.1121327667E+00,    1.1121327667E+00,    0.0000000000E+00,    0.0000000000E+00,    0.0000000000E+00,    1.1121327667E+00
      9850,      0.676912,CP10_after_neg_clamp,   1,    0.0000000000E+00,    1.1121327667E+00,    1.1121327667E+00,    0.0000000000E+00,    0.0000000000E+00,    0.0000000000E+00,    1.1121327667E+00
      9850,      0.676912,CP11_after_MPI,   1,    0.0000000000E+00,    1.1121327667E+00,    1.1121327667E+00,    0.0000000000E+00,    0.0000000000E+00,    0.0000000000E+00,    1.1121327667E+00
      9850,      0.676912,CP12_end,   1,    0.0000000000E+00,    1.1121327667E+00,    1.1121327667E+00,    0.0000000000E+00,    0.0000000000E+00,    0.0000000000E+00,    1.1121327667E+00
      9900,      0.676912,CP0_start,   1,    0.0000000000E+00,    1.1230792492E+00,    1.1230792492E+00,    0.0000000000E+00,    0.0000000000E+00,    0.0000000000E+00,    1.1230792492E+00
      9900,      0.676912,CP1_after_deposition,   1,    0.0000000000E+00,    1.1230792492E+00,    1.1230792492E+00,    0.0000000000E+00,    0.0000000000E+00,    0.0000000000E+00,    1.1230792492E+00
      9900,      0.676912,CP2_after_erosion,   1,    0.0000000000E+00,    1.1230792492E+00,    1.1230792492E+00,    0.0000000000E+00,    0.0000000000E+00,    0.0000000000E+00,    1.1230792492E+00
      9900,      0.676912,CP3_after_update_bottom,   1,    0.0000000000E+00,    1.1230792492E+00,    1.1230792492E+00,    0.0000000000E+00,    0.0000000000E+00,    0.0000000000E+00,    1.1230792492E+00
      9900,      0.676912,CP4_after_advection,   1,    0.0000000000E+00,    1.1233031034E+00,    1.1233031034E+00,    0.0000000000E+00,    0.0000000000E+00,    0.0000000000E+00,    1.1233031034E+00
      9900,      0.676912,CP5_after_vdif,   1,    0.0000000000E+00,    1.1233031034E+00,    1.1233031034E+00,    0.0000000000E+00,    0.0000000000E+00,    0.0000000000E+00,    1.1233031034E+00
      9900,      0.676912,CP6_after_kinetics,   1,    0.0000000000E+00,    1.1233031034E+00,    1.1233031034E+00,    0.0000000000E+00,    0.0000000000E+00,    0.0000000000E+00,    1.1233031034E+00
      9900,      0.676912,CP7_after_upper_clamp,   1,    0.0000000000E+00,    1.1233031034E+00,    1.1233031034E+00,    0.0000000000E+00,    0.0000000000E+00,    0.0000000000E+00,    1.1233031034E+00
      9900,      0.676912,CP8_after_OBC,   1,    0.0000000000E+00,    1.1233031034E+00,    1.1233031034E+00,    0.0000000000E+00,    0.0000000000E+00,    0.0000000000E+00,    1.1233031034E+00
      9900,      0.676912,CP9_after_PTsource,   1,    0.0000000000E+00,    1.1233031034E+00,    1.1233031034E+00,    0.0000000000E+00,    0.0000000000E+00,    0.0000000000E+00,    1.1233031034E+00
      9900,      0.676912,CP10_after_neg_clamp,   1,    0.0000000000E+00,    1.1233031034E+00,    1.1233031034E+00,    0.0000000000E+00,    0.0000000000E+00,    0.0000000000E+00,    1.1233031034E+00
      9900,      0.676912,CP11_after_MPI,   1,    0.0000000000E+00,    1.1233031034E+00,    1.1233031034E+00,    0.0000000000E+00,    0.0000000000E+00,    0.0000000000E+00,    1.1233031034E+00
      9900,      0.676912,CP12_end,   1,    0.0000000000E+00,    1.1233031034E+00,    1.1233031034E+00,    0.0000000000E+00,    0.0000000000E+00,    0.0000000000E+00,    1.1233031034E+00
      9950,      0.676912,CP0_start,   1,    0.0000000000E+00,    1.1342379516E+00,    1.1342379516E+00,    0.0000000000E+00,    0.0000000000E+00,    0.0000000000E+00,    1.1342379516E+00
      9950,      0.676912,CP1_after_deposition,   1,    0.0000000000E+00,    1.1342379516E+00,    1.1342379516E+00,    0.0000000000E+00,    0.0000000000E+00,    0.0000000000E+00,    1.1342379516E+00
      9950,      0.676912,CP2_after_erosion,   1,    0.0000000000E+00,    1.1342379516E+00,    1.1342379516E+00,    0.0000000000E+00,    0.0000000000E+00,    0.0000000000E+00,    1.1342379516E+00
      9950,      0.676912,CP3_after_update_bottom,   1,    0.0000000000E+00,    1.1342379516E+00,    1.1342379516E+00,    0.0000000000E+00,    0.0000000000E+00,    0.0000000000E+00,    1.1342379516E+00
      9950,      0.676912,CP4_after_advection,   1,    0.0000000000E+00,    1.1344614600E+00,    1.1344614600E+00,    0.0000000000E+00,    0.0000000000E+00,    0.0000000000E+00,    1.1344614600E+00
      9950,      0.676912,CP5_after_vdif,   1,    0.0000000000E+00,    1.1344614600E+00,    1.1344614600E+00,    0.0000000000E+00,    0.0000000000E+00,    0.0000000000E+00,    1.1344614600E+00
      9950,      0.676912,CP6_after_kinetics,   1,    0.0000000000E+00,    1.1344614600E+00,    1.1344614600E+00,    0.0000000000E+00,    0.0000000000E+00,    0.0000000000E+00,    1.1344614600E+00
      9950,      0.676912,CP7_after_upper_clamp,   1,    0.0000000000E+00,    1.1344614600E+00,    1.1344614600E+00,    0.0000000000E+00,    0.0000000000E+00,    0.0000000000E+00,    1.1344614600E+00
      9950,      0.676912,CP8_after_OBC,   1,    0.0000000000E+00,    1.1344614600E+00,    1.1344614600E+00,    0.0000000000E+00,    0.0000000000E+00,    0.0000000000E+00,    1.1344614600E+00
      9950,      0.676912,CP9_after_PTsource,   1,    0.0000000000E+00,    1.1344614600E+00,    1.1344614600E+00,    0.0000000000E+00,    0.0000000000E+00,    0.0000000000E+00,    1.1344614600E+00
      9950,      0.676912,CP10_after_neg_clamp,   1,    0.0000000000E+00,    1.1344614600E+00,    1.1344614600E+00,    0.0000000000E+00,    0.0000000000E+00,    0.0000000000E+00,    1.1344614600E+00
      9950,      0.676912,CP11_after_MPI,   1,    0.0000000000E+00,    1.1344614600E+00,    1.1344614600E+00,    0.0000000000E+00,    0.0000000000E+00,    0.0000000000E+00,    1.1344614600E+00
      9950,      0.676912,CP12_end,   1,    0.0000000000E+00,    1.1344614600E+00,    1.1344614600E+00,    0.0000000000E+00,    0.0000000000E+00,    0.0000000000E+00,    1.1344614600E+00
     10000,      0.676912,CP0_start,   1,    0.0000000000E+00,    1.1454510706E+00,    1.1454510706E+00,    0.0000000000E+00,    0.0000000000E+00,    0.0000000000E+00,    1.1454510706E+00
     10000,      0.676912,CP1_after_deposition,   1,    0.0000000000E+00,    1.1454510706E+00,    1.1454510706E+00,    0.0000000000E+00,    0.0000000000E+00,    0.0000000000E+00,    1.1454510706E+00
     10000,      0.676912,CP2_after_erosion,   1,    0.0000000000E+00,    1.1454510706E+00,    1.1454510706E+00,    0.0000000000E+00,    0.0000000000E+00,    0.0000000000E+00,    1.1454510706E+00
     10000,      0.676912,CP3_after_update_bottom,   1,    0.0000000000E+00,    1.1454510706E+00,    1.1454510706E+00,    0.0000000000E+00,    0.0000000000E+00,    0.0000000000E+00,    1.1454510706E+00
     10000,      0.676912,CP4_after_advection,   1,    0.0000000000E+00,    1.1456759475E+00,    1.1456759475E+00,    0.0000000000E+00,    0.0000000000E+00,    0.0000000000E+00,    1.1456759475E+00
     10000,      0.676912,CP5_after_vdif,   1,    0.0000000000E+00,    1.1456759475E+00,    1.1456759475E+00,    0.0000000000E+00,    0.0000000000E+00,    0.0000000000E+00,    1.1456759475E+00
     10000,      0.676912,CP6_after_kinetics,   1,    0.0000000000E+00,    1.1456759475E+00,    1.1456759475E+00,    0.0000000000E+00,    0.0000000000E+00,    0.0000000000E+00,    1.1456759475E+00
     10000,      0.676912,CP7_after_upper_clamp,   1,    0.0000000000E+00,    1.1456759475E+00,    1.1456759475E+00,    0.0000000000E+00,    0.0000000000E+00,    0.0000000000E+00,    1.1456759475E+00
     10000,      0.676912,CP8_after_OBC,   1,    0.0000000000E+00,    1.1456759475E+00,    1.1456759475E+00,    0.0000000000E+00,    0.0000000000E+00,    0.0000000000E+00,    1.1456759475E+00
     10000,      0.676912,CP9_after_PTsource,   1,    0.0000000000E+00,    1.1456759475E+00,    1.1456759475E+00,    0.0000000000E+00,    0.0000000000E+00,    0.0000000000E+00,    1.1456759475E+00
     10000,      0.676912,CP10_after_neg_clamp,   1,    0.0000000000E+00,    1.1456759475E+00,    1.1456759475E+00,    0.0000000000E+00,    0.0000000000E+00,    0.0000000000E+00,    1.1456759475E+00
     10000,      0.676912,CP11_after_MPI,   1,    0.0000000000E+00,    1.1456759475E+00,    1.1456759475E+00,    0.0000000000E+00,    0.0000000000E+00,    0.0000000000E+00,    1.1456759475E+00
     10000,      0.676912,CP12_end,   1,    0.0000000000E+00,    1.1456759475E+00,    1.1456759475E+00,    0.0000000000E+00,    0.0000000000E+00,    0.0000000000E+00,    1.1456759475E+00
     10050,      0.676912,CP0_start,   1,    0.0000000000E+00,    1.1567207897E+00,    1.1567207897E+00,    0.0000000000E+00,    0.0000000000E+00,    0.0000000000E+00,    1.1567207897E+00
     10050,      0.676912,CP1_after_deposition,   1,    0.0000000000E+00,    1.1567207897E+00,    1.1567207897E+00,    0.0000000000E+00,    0.0000000000E+00,    0.0000000000E+00,    1.1567207897E+00
     10050,      0.676912,CP2_after_erosion,   1,    0.0000000000E+00,    1.1567207897E+00,    1.1567207897E+00,    0.0000000000E+00,    0.0000000000E+00,    0.0000000000E+00,    1.1567207897E+00
     10050,      0.676912,CP3_after_update_bottom,   1,    0.0000000000E+00,    1.1567207897E+00,    1.1567207897E+00,    0.0000000000E+00,    0.0000000000E+00,    0.0000000000E+00,    1.1567207897E+00
     10050,      0.676912,CP4_after_advection,   1,    0.0000000000E+00,    1.1569465647E+00,    1.1569465647E+00,    0.0000000000E+00,    0.0000000000E+00,    0.0000000000E+00,    1.1569465647E+00
     10050,      0.676912,CP5_after_vdif,   1,    0.0000000000E+00,    1.1569465647E+00,    1.1569465647E+00,    0.0000000000E+00,    0.0000000000E+00,    0.0000000000E+00,    1.1569465647E+00
     10050,      0.676912,CP6_after_kinetics,   1,    0.0000000000E+00,    1.1569465647E+00,    1.1569465647E+00,    0.0000000000E+00,    0.0000000000E+00,    0.0000000000E+00,    1.1569465647E+00
     10050,      0.676912,CP7_after_upper_clamp,   1,    0.0000000000E+00,    1.1569465647E+00,    1.1569465647E+00,    0.0000000000E+00,    0.0000000000E+00,    0.0000000000E+00,    1.1569465647E+00
     10050,      0.676912,CP8_after_OBC,   1,    0.0000000000E+00,    1.1569465647E+00,    1.1569465647E+00,    0.0000000000E+00,    0.0000000000E+00,    0.0000000000E+00,    1.1569465647E+00
     10050,      0.676912,CP9_after_PTsource,   1,    0.0000000000E+00,    1.1569465647E+00,    1.1569465647E+00,    0.0000000000E+00,    0.0000000000E+00,    0.0000000000E+00,    1.1569465647E+00
     10050,      0.676912,CP10_after_neg_clamp,   1,    0.0000000000E+00,    1.1569465647E+00,    1.1569465647E+00,    0.0000000000E+00,    0.0000000000E+00,    0.0000000000E+00,    1.1569465647E+00
     10050,      0.676912,CP11_after_MPI,   1,    0.0000000000E+00,    1.1569465647E+00,    1.1569465647E+00,    0.0000000000E+00,    0.0000000000E+00,    0.0000000000E+00,    1.1569465647E+00
     10050,      0.676912,CP12_end,   1,    0.0000000000E+00,    1.1569465647E+00,    1.1569465647E+00,    0.0000000000E+00,    0.0000000000E+00,    0.0000000000E+00,    1.1569465647E+00
     10100,      0.676912,CP0_start,   1,    0.0000000000E+00,    1.1680462786E+00,    1.1680462786E+00,    0.0000000000E+00,    0.0000000000E+00,    0.0000000000E+00,    1.1680462786E+00
     10100,      0.676912,CP1_after_deposition,   1,    0.0000000000E+00,    1.1680462786E+00,    1.1680462786E+00,    0.0000000000E+00,    0.0000000000E+00,    0.0000000000E+00,    1.1680462786E+00
     10100,      0.676912,CP2_after_erosion,   1,    0.0000000000E+00,    1.1680462786E+00,    1.1680462786E+00,    0.0000000000E+00,    0.0000000000E+00,    0.0000000000E+00,    1.1680462786E+00
     10100,      0.676912,CP3_after_update_bottom,   1,    0.0000000000E+00,    1.1680462786E+00,    1.1680462786E+00,    0.0000000000E+00,    0.0000000000E+00,    0.0000000000E+00,    1.1680462786E+00
     10100,      0.676912,CP4_after_advection,   1,    0.0000000000E+00,    1.1682733105E+00,    1.1682733105E+00,    0.0000000000E+00,    0.0000000000E+00,    0.0000000000E+00,    1.1682733105E+00
     10100,      0.676912,CP5_after_vdif,   1,    0.0000000000E+00,    1.1682733105E+00,    1.1682733105E+00,    0.0000000000E+00,    0.0000000000E+00,    0.0000000000E+00,    1.1682733105E+00
     10100,      0.676912,CP6_after_kinetics,   1,    0.0000000000E+00,    1.1682733105E+00,    1.1682733105E+00,    0.0000000000E+00,    0.0000000000E+00,    0.0000000000E+00,    1.1682733105E+00
     10100,      0.676912,CP7_after_upper_clamp,   1,    0.0000000000E+00,    1.1682733105E+00,    1.1682733105E+00,    0.0000000000E+00,    0.0000000000E+00,    0.0000000000E+00,    1.1682733105E+00
     10100,      0.676912,CP8_after_OBC,   1,    0.0000000000E+00,    1.1682733105E+00,    1.1682733105E+00,    0.0000000000E+00,    0.0000000000E+00,    0.0000000000E+00,    1.1682733105E+00
     10100,      0.676912,CP9_after_PTsource,   1,    0.0000000000E+00,    1.1682733105E+00,    1.1682733105E+00,    0.0000000000E+00,    0.0000000000E+00,    0.0000000000E+00,    1.1682733105E+00
     10100,      0.676912,CP10_after_neg_clamp,   1,    0.0000000000E+00,    1.1682733105E+00,    1.1682733105E+00,    0.0000000000E+00,    0.0000000000E+00,    0.0000000000E+00,    1.1682733105E+00
     10100,      0.676912,CP11_after_MPI,   1,    0.0000000000E+00,    1.1682733105E+00,    1.1682733105E+00,    0.0000000000E+00,    0.0000000000E+00,    0.0000000000E+00,    1.1682733105E+00
     10100,      0.676912,CP12_end,   1,    0.0000000000E+00,    1.1682733105E+00,    1.1682733105E+00,    0.0000000000E+00,    0.0000000000E+00,    0.0000000000E+00,    1.1682733105E+00
     10150,      0.676912,CP0_start,   1,    0.0000000000E+00,    1.1794277775E+00,    1.1794277775E+00,    0.0000000000E+00,    0.0000000000E+00,    0.0000000000E+00,    1.1794277775E+00
     10150,      0.676912,CP1_after_deposition,   1,    0.0000000000E+00,    1.1794277775E+00,    1.1794277775E+00,    0.0000000000E+00,    0.0000000000E+00,    0.0000000000E+00,    1.1794277775E+00
     10150,      0.676912,CP2_after_erosion,   1,    0.0000000000E+00,    1.1794277775E+00,    1.1794277775E+00,    0.0000000000E+00,    0.0000000000E+00,    0.0000000000E+00,    1.1794277775E+00
     10150,      0.676912,CP3_after_update_bottom,   1,    0.0000000000E+00,    1.1794277775E+00,    1.1794277775E+00,    0.0000000000E+00,    0.0000000000E+00,    0.0000000000E+00,    1.1794277775E+00
     10150,      0.676912,CP4_after_advection,   1,    0.0000000000E+00,    1.1796561835E+00,    1.1796561835E+00,    0.0000000000E+00,    0.0000000000E+00,    0.0000000000E+00,    1.1796561835E+00
     10150,      0.676912,CP5_after_vdif,   1,    0.0000000000E+00,    1.1796561835E+00,    1.1796561835E+00,    0.0000000000E+00,    0.0000000000E+00,    0.0000000000E+00,    1.1796561835E+00
     10150,      0.676912,CP6_after_kinetics,   1,    0.0000000000E+00,    1.1796561835E+00,    1.1796561835E+00,    0.0000000000E+00,    0.0000000000E+00,    0.0000000000E+00,    1.1796561835E+00
     10150,      0.676912,CP7_after_upper_clamp,   1,    0.0000000000E+00,    1.1796561835E+00,    1.1796561835E+00,    0.0000000000E+00,    0.0000000000E+00,    0.0000000000E+00,    1.1796561835E+00
     10150,      0.676912,CP8_after_OBC,   1,    0.0000000000E+00,    1.1796561835E+00,    1.1796561835E+00,    0.0000000000E+00,    0.0000000000E+00,    0.0000000000E+00,    1.1796561835E+00
     10150,      0.676912,CP9_after_PTsource,   1,    0.0000000000E+00,    1.1796561835E+00,    1.1796561835E+00,    0.0000000000E+00,    0.0000000000E+00,    0.0000000000E+00,    1.1796561835E+00
     10150,      0.676912,CP10_after_neg_clamp,   1,    0.0000000000E+00,    1.1796561835E+00,    1.1796561835E+00,    0.0000000000E+00,    0.0000000000E+00,    0.0000000000E+00,    1.1796561835E+00
     10150,      0.676912,CP11_after_MPI,   1,    0.0000000000E+00,    1.1796561835E+00,    1.1796561835E+00,    0.0000000000E+00,    0.0000000000E+00,    0.0000000000E+00,    1.1796561835E+00
     10150,      0.676912,CP12_end,   1,    0.0000000000E+00,    1.1796561835E+00,    1.1796561835E+00,    0.0000000000E+00,    0.0000000000E+00,    0.0000000000E+00,    1.1796561835E+00
     10200,      0.676912,CP0_start,   1,    0.0000000000E+00,    1.1908663126E+00,    1.1908663126E+00,    0.0000000000E+00,    0.0000000000E+00,    0.0000000000E+00,    1.1908663126E+00
     10200,      0.676912,CP1_after_deposition,   1,    0.0000000000E+00,    1.1908663126E+00,    1.1908663126E+00,    0.0000000000E+00,    0.0000000000E+00,    0.0000000000E+00,    1.1908663126E+00
     10200,      0.676912,CP2_after_erosion,   1,    0.0000000000E+00,    1.1908663126E+00,    1.1908663126E+00,    0.0000000000E+00,    0.0000000000E+00,    0.0000000000E+00,    1.1908663126E+00
     10200,      0.676912,CP3_after_update_bottom,   1,    0.0000000000E+00,    1.1908663126E+00,    1.1908663126E+00,    0.0000000000E+00,    0.0000000000E+00,    0.0000000000E+00,    1.1908663126E+00
     10200,      0.676912,CP4_after_advection,   1,    0.0000000000E+00,    1.1910951825E+00,    1.1910951825E+00,    0.0000000000E+00,    0.0000000000E+00,    0.0000000000E+00,    1.1910951825E+00
     10200,      0.676912,CP5_after_vdif,   1,    0.0000000000E+00,    1.1910951825E+00,    1.1910951825E+00,    0.0000000000E+00,    0.0000000000E+00,    0.0000000000E+00,    1.1910951825E+00
     10200,      0.676912,CP6_after_kinetics,   1,    0.0000000000E+00,    1.1910951825E+00,    1.1910951825E+00,    0.0000000000E+00,    0.0000000000E+00,    0.0000000000E+00,    1.1910951825E+00
     10200,      0.676912,CP7_after_upper_clamp,   1,    0.0000000000E+00,    1.1910951825E+00,    1.1910951825E+00,    0.0000000000E+00,    0.0000000000E+00,    0.0000000000E+00,    1.1910951825E+00
     10200,      0.676912,CP8_after_OBC,   1,    0.0000000000E+00,    1.1910951825E+00,    1.1910951825E+00,    0.0000000000E+00,    0.0000000000E+00,    0.0000000000E+00,    1.1910951825E+00
     10200,      0.676912,CP9_after_PTsource,   1,    0.0000000000E+00,    1.1910951825E+00,    1.1910951825E+00,    0.0000000000E+00,    0.0000000000E+00,    0.0000000000E+00,    1.1910951825E+00
     10200,      0.676912,CP10_after_neg_clamp,   1,    0.0000000000E+00,    1.1910951825E+00,    1.1910951825E+00,    0.0000000000E+00,    0.0000000000E+00,    0.0000000000E+00,    1.1910951825E+00
     10200,      0.676912,CP11_after_MPI,   1,    0.0000000000E+00,    1.1910951825E+00,    1.1910951825E+00,    0.0000000000E+00,    0.0000000000E+00,    0.0000000000E+00,    1.1910951825E+00
     10200,      0.676912,CP12_end,   1,    0.0000000000E+00,    1.1910951825E+00,    1.1910951825E+00,    0.0000000000E+00,    0.0000000000E+00,    0.0000000000E+00,    1.1910951825E+00
     10250,      0.676912,CP0_start,   1,    0.0000000000E+00,    1.2023599353E+00,    1.2023599353E+00,    0.0000000000E+00,    0.0000000000E+00,    0.0000000000E+00,    1.2023599353E+00
     10250,      0.676912,CP1_after_deposition,   1,    0.0000000000E+00,    1.2023599353E+00,    1.2023599353E+00,    0.0000000000E+00,    0.0000000000E+00,    0.0000000000E+00,    1.2023599353E+00
     10250,      0.676912,CP2_after_erosion,   1,    0.0000000000E+00,    1.2023599353E+00,    1.2023599353E+00,    0.0000000000E+00,    0.0000000000E+00,    0.0000000000E+00,    1.2023599353E+00
     10250,      0.676912,CP3_after_update_bottom,   1,    0.0000000000E+00,    1.2023599353E+00,    1.2023599353E+00,    0.0000000000E+00,    0.0000000000E+00,    0.0000000000E+00,    1.2023599353E+00
     10250,      0.676912,CP4_after_advection,   1,    0.0000000000E+00,    1.2025903065E+00,    1.2025903065E+00,    0.0000000000E+00,    0.0000000000E+00,    0.0000000000E+00,    1.2025903065E+00
     10250,      0.676912,CP5_after_vdif,   1,    0.0000000000E+00,    1.2025903065E+00,    1.2025903065E+00,    0.0000000000E+00,    0.0000000000E+00,    0.0000000000E+00,    1.2025903065E+00
     10250,      0.676912,CP6_after_kinetics,   1,    0.0000000000E+00,    1.2025903065E+00,    1.2025903065E+00,    0.0000000000E+00,    0.0000000000E+00,    0.0000000000E+00,    1.2025903065E+00
     10250,      0.676912,CP7_after_upper_clamp,   1,    0.0000000000E+00,    1.2025903065E+00,    1.2025903065E+00,    0.0000000000E+00,    0.0000000000E+00,    0.0000000000E+00,    1.2025903065E+00
     10250,      0.676912,CP8_after_OBC,   1,    0.0000000000E+00,    1.2025903065E+00,    1.2025903065E+00,    0.0000000000E+00,    0.0000000000E+00,    0.0000000000E+00,    1.2025903065E+00
     10250,      0.676912,CP9_after_PTsource,   1,    0.0000000000E+00,    1.2025903065E+00,    1.2025903065E+00,    0.0000000000E+00,    0.0000000000E+00,    0.0000000000E+00,    1.2025903065E+00
     10250,      0.676912,CP10_after_neg_clamp,   1,    0.0000000000E+00,    1.2025903065E+00,    1.2025903065E+00,    0.0000000000E+00,    0.0000000000E+00,    0.0000000000E+00,    1.2025903065E+00
     10250,      0.676912,CP11_after_MPI,   1,    0.0000000000E+00,    1.2025903065E+00,    1.2025903065E+00,    0.0000000000E+00,    0.0000000000E+00,    0.0000000000E+00,    1.2025903065E+00
     10250,      0.676912,CP12_end,   1,    0.0000000000E+00,    1.2025903065E+00,    1.2025903065E+00,    0.0000000000E+00,    0.0000000000E+00,    0.0000000000E+00,    1.2025903065E+00
     10300,      0.676912,CP0_start,   1,    0.0000000000E+00,    1.2139103798E+00,    1.2139103798E+00,    0.0000000000E+00,    0.0000000000E+00,    0.0000000000E+00,    1.2139103798E+00
     10300,      0.676912,CP1_after_deposition,   1,    0.0000000000E+00,    1.2139103798E+00,    1.2139103798E+00,    0.0000000000E+00,    0.0000000000E+00,    0.0000000000E+00,    1.2139103798E+00
     10300,      0.676912,CP2_after_erosion,   1,    0.0000000000E+00,    1.2139103798E+00,    1.2139103798E+00,    0.0000000000E+00,    0.0000000000E+00,    0.0000000000E+00,    1.2139103798E+00
     10300,      0.676912,CP3_after_update_bottom,   1,    0.0000000000E+00,    1.2139103798E+00,    1.2139103798E+00,    0.0000000000E+00,    0.0000000000E+00,    0.0000000000E+00,    1.2139103798E+00
     10300,      0.676912,CP4_after_advection,   1,    0.0000000000E+00,    1.2141415540E+00,    1.2141415540E+00,    0.0000000000E+00,    0.0000000000E+00,    0.0000000000E+00,    1.2141415540E+00
     10300,      0.676912,CP5_after_vdif,   1,    0.0000000000E+00,    1.2141415540E+00,    1.2141415540E+00,    0.0000000000E+00,    0.0000000000E+00,    0.0000000000E+00,    1.2141415540E+00
     10300,      0.676912,CP6_after_kinetics,   1,    0.0000000000E+00,    1.2141415540E+00,    1.2141415540E+00,    0.0000000000E+00,    0.0000000000E+00,    0.0000000000E+00,    1.2141415540E+00
     10300,      0.676912,CP7_after_upper_clamp,   1,    0.0000000000E+00,    1.2141415540E+00,    1.2141415540E+00,    0.0000000000E+00,    0.0000000000E+00,    0.0000000000E+00,    1.2141415540E+00
     10300,      0.676912,CP8_after_OBC,   1,    0.0000000000E+00,    1.2141415540E+00,    1.2141415540E+00,    0.0000000000E+00,    0.0000000000E+00,    0.0000000000E+00,    1.2141415540E+00
     10300,      0.676912,CP9_after_PTsource,   1,    0.0000000000E+00,    1.2141415540E+00,    1.2141415540E+00,    0.0000000000E+00,    0.0000000000E+00,    0.0000000000E+00,    1.2141415540E+00
     10300,      0.676912,CP10_after_neg_clamp,   1,    0.0000000000E+00,    1.2141415540E+00,    1.2141415540E+00,    0.0000000000E+00,    0.0000000000E+00,    0.0000000000E+00,    1.2141415540E+00
     10300,      0.676912,CP11_after_MPI,   1,    0.0000000000E+00,    1.2141415540E+00,    1.2141415540E+00,    0.0000000000E+00,    0.0000000000E+00,    0.0000000000E+00,    1.2141415540E+00
     10300,      0.676912,CP12_end,   1,    0.0000000000E+00,    1.2141415540E+00,    1.2141415540E+00,    0.0000000000E+00,    0.0000000000E+00,    0.0000000000E+00,    1.2141415540E+00
     10350,      0.676912,CP0_start,   1,    0.0000000000E+00,    1.2255168772E+00,    1.2255168772E+00,    0.0000000000E+00,    0.0000000000E+00,    0.0000000000E+00,    1.2255168772E+00
     10350,      0.676912,CP1_after_deposition,   1,    0.0000000000E+00,    1.2255168772E+00,    1.2255168772E+00,    0.0000000000E+00,    0.0000000000E+00,    0.0000000000E+00,    1.2255168772E+00
     10350,      0.676912,CP2_after_erosion,   1,    0.0000000000E+00,    1.2255168772E+00,    1.2255168772E+00,    0.0000000000E+00,    0.0000000000E+00,    0.0000000000E+00,    1.2255168772E+00
     10350,      0.676912,CP3_after_update_bottom,   1,    0.0000000000E+00,    1.2255168772E+00,    1.2255168772E+00,    0.0000000000E+00,    0.0000000000E+00,    0.0000000000E+00,    1.2255168772E+00
     10350,      0.676912,CP4_after_advection,   1,    0.0000000000E+00,    1.2257489240E+00,    1.2257489240E+00,    0.0000000000E+00,    0.0000000000E+00,    0.0000000000E+00,    1.2257489240E+00
     10350,      0.676912,CP5_after_vdif,   1,    0.0000000000E+00,    1.2257489240E+00,    1.2257489240E+00,    0.0000000000E+00,    0.0000000000E+00,    0.0000000000E+00,    1.2257489240E+00
     10350,      0.676912,CP6_after_kinetics,   1,    0.0000000000E+00,    1.2257489240E+00,    1.2257489240E+00,    0.0000000000E+00,    0.0000000000E+00,    0.0000000000E+00,    1.2257489240E+00
     10350,      0.676912,CP7_after_upper_clamp,   1,    0.0000000000E+00,    1.2257489240E+00,    1.2257489240E+00,    0.0000000000E+00,    0.0000000000E+00,    0.0000000000E+00,    1.2257489240E+00
     10350,      0.676912,CP8_after_OBC,   1,    0.0000000000E+00,    1.2257489240E+00,    1.2257489240E+00,    0.0000000000E+00,    0.0000000000E+00,    0.0000000000E+00,    1.2257489240E+00
     10350,      0.676912,CP9_after_PTsource,   1,    0.0000000000E+00,    1.2257489240E+00,    1.2257489240E+00,    0.0000000000E+00,    0.0000000000E+00,    0.0000000000E+00,    1.2257489240E+00
     10350,      0.676912,CP10_after_neg_clamp,   1,    0.0000000000E+00,    1.2257489240E+00,    1.2257489240E+00,    0.0000000000E+00,    0.0000000000E+00,    0.0000000000E+00,    1.2257489240E+00
     10350,      0.676912,CP11_after_MPI,   1,    0.0000000000E+00,    1.2257489240E+00,    1.2257489240E+00,    0.0000000000E+00,    0.0000000000E+00,    0.0000000000E+00,    1.2257489240E+00
     10350,      0.676912,CP12_end,   1,    0.0000000000E+00,    1.2257489240E+00,    1.2257489240E+00,    0.0000000000E+00,    0.0000000000E+00,    0.0000000000E+00,    1.2257489240E+00
     10400,      0.676913,CP0_start,   1,    0.0000000000E+00,    1.2371788885E+00,    1.2371788885E+00,    0.0000000000E+00,    0.0000000000E+00,    0.0000000000E+00,    1.2371788885E+00
     10400,      0.676913,CP1_after_deposition,   1,    0.0000000000E+00,    1.2371788885E+00,    1.2371788885E+00,    0.0000000000E+00,    0.0000000000E+00,    0.0000000000E+00,    1.2371788885E+00
     10400,      0.676913,CP2_after_erosion,   1,    0.0000000000E+00,    1.2371788885E+00,    1.2371788885E+00,    0.0000000000E+00,    0.0000000000E+00,    0.0000000000E+00,    1.2371788885E+00
     10400,      0.676913,CP3_after_update_bottom,   1,    0.0000000000E+00,    1.2371788885E+00,    1.2371788885E+00,    0.0000000000E+00,    0.0000000000E+00,    0.0000000000E+00,    1.2371788885E+00
     10400,      0.676913,CP4_after_advection,   1,    0.0000000000E+00,    1.2374124150E+00,    1.2374124150E+00,    0.0000000000E+00,    0.0000000000E+00,    0.0000000000E+00,    1.2374124150E+00
     10400,      0.676913,CP5_after_vdif,   1,    0.0000000000E+00,    1.2374124150E+00,    1.2374124150E+00,    0.0000000000E+00,    0.0000000000E+00,    0.0000000000E+00,    1.2374124150E+00
     10400,      0.676913,CP6_after_kinetics,   1,    0.0000000000E+00,    1.2374124150E+00,    1.2374124150E+00,    0.0000000000E+00,    0.0000000000E+00,    0.0000000000E+00,    1.2374124150E+00
     10400,      0.676913,CP7_after_upper_clamp,   1,    0.0000000000E+00,    1.2374124150E+00,    1.2374124150E+00,    0.0000000000E+00,    0.0000000000E+00,    0.0000000000E+00,    1.2374124150E+00
     10400,      0.676913,CP8_after_OBC,   1,    0.0000000000E+00,    1.2374124150E+00,    1.2374124150E+00,    0.0000000000E+00,    0.0000000000E+00,    0.0000000000E+00,    1.2374124150E+00
     10400,      0.676913,CP9_after_PTsource,   1,    0.0000000000E+00,    1.2374124150E+00,    1.2374124150E+00,    0.0000000000E+00,    0.0000000000E+00,    0.0000000000E+00,    1.2374124150E+00
     10400,      0.676913,CP10_after_neg_clamp,   1,    0.0000000000E+00,    1.2374124150E+00,    1.2374124150E+00,    0.0000000000E+00,    0.0000000000E+00,    0.0000000000E+00,    1.2374124150E+00
     10400,      0.676913,CP11_after_MPI,   1,    0.0000000000E+00,    1.2374124150E+00,    1.2374124150E+00,    0.0000000000E+00,    0.0000000000E+00,    0.0000000000E+00,    1.2374124150E+00
     10400,      0.676913,CP12_end,   1,    0.0000000000E+00,    1.2374124150E+00,    1.2374124150E+00,    0.0000000000E+00,    0.0000000000E+00,    0.0000000000E+00,    1.2374124150E+00
     10450,      0.676913,CP0_start,   1,    0.0000000000E+00,    1.2488979943E+00,    1.2488979943E+00,    0.0000000000E+00,    0.0000000000E+00,    0.0000000000E+00,    1.2488979943E+00
     10450,      0.676913,CP1_after_deposition,   1,    0.0000000000E+00,    1.2488979943E+00,    1.2488979943E+00,    0.0000000000E+00,    0.0000000000E+00,    0.0000000000E+00,    1.2488979943E+00
     10450,      0.676913,CP2_after_erosion,   1,    0.0000000000E+00,    1.2488979943E+00,    1.2488979943E+00,    0.0000000000E+00,    0.0000000000E+00,    0.0000000000E+00,    1.2488979943E+00
     10450,      0.676913,CP3_after_update_bottom,   1,    0.0000000000E+00,    1.2488979943E+00,    1.2488979943E+00,    0.0000000000E+00,    0.0000000000E+00,    0.0000000000E+00,    1.2488979943E+00
     10450,      0.676913,CP4_after_advection,   1,    0.0000000000E+00,    1.2491320260E+00,    1.2491320260E+00,    0.0000000000E+00,    0.0000000000E+00,    0.0000000000E+00,    1.2491320260E+00
     10450,      0.676913,CP5_after_vdif,   1,    0.0000000000E+00,    1.2491320260E+00,    1.2491320260E+00,    0.0000000000E+00,    0.0000000000E+00,    0.0000000000E+00,    1.2491320260E+00
     10450,      0.676913,CP6_after_kinetics,   1,    0.0000000000E+00,    1.2491320260E+00,    1.2491320260E+00,    0.0000000000E+00,    0.0000000000E+00,    0.0000000000E+00,    1.2491320260E+00
     10450,      0.676913,CP7_after_upper_clamp,   1,    0.0000000000E+00,    1.2491320260E+00,    1.2491320260E+00,    0.0000000000E+00,    0.0000000000E+00,    0.0000000000E+00,    1.2491320260E+00
     10450,      0.676913,CP8_after_OBC,   1,    0.0000000000E+00,    1.2491320260E+00,    1.2491320260E+00,    0.0000000000E+00,    0.0000000000E+00,    0.0000000000E+00,    1.2491320260E+00
     10450,      0.676913,CP9_after_PTsource,   1,    0.0000000000E+00,    1.2491320260E+00,    1.2491320260E+00,    0.0000000000E+00,    0.0000000000E+00,    0.0000000000E+00,    1.2491320260E+00
     10450,      0.676913,CP10_after_neg_clamp,   1,    0.0000000000E+00,    1.2491320260E+00,    1.2491320260E+00,    0.0000000000E+00,    0.0000000000E+00,    0.0000000000E+00,    1.2491320260E+00
     10450,      0.676913,CP11_after_MPI,   1,    0.0000000000E+00,    1.2491320260E+00,    1.2491320260E+00,    0.0000000000E+00,    0.0000000000E+00,    0.0000000000E+00,    1.2491320260E+00
     10450,      0.676913,CP12_end,   1,    0.0000000000E+00,    1.2491320260E+00,    1.2491320260E+00,    0.0000000000E+00,    0.0000000000E+00,    0.0000000000E+00,    1.2491320260E+00
     10500,      0.676913,CP0_start,   1,    0.0000000000E+00,    1.2606722085E+00,    1.2606722085E+00,    0.0000000000E+00,    0.0000000000E+00,    0.0000000000E+00,    1.2606722085E+00
     10500,      0.676913,CP1_after_deposition,   1,    0.0000000000E+00,    1.2606722085E+00,    1.2606722085E+00,    0.0000000000E+00,    0.0000000000E+00,    0.0000000000E+00,    1.2606722085E+00
     10500,      0.676913,CP2_after_erosion,   1,    0.0000000000E+00,    1.2606722085E+00,    1.2606722085E+00,    0.0000000000E+00,    0.0000000000E+00,    0.0000000000E+00,    1.2606722085E+00
     10500,      0.676913,CP3_after_update_bottom,   1,    0.0000000000E+00,    1.2606722085E+00,    1.2606722085E+00,    0.0000000000E+00,    0.0000000000E+00,    0.0000000000E+00,    1.2606722085E+00
     10500,      0.676913,CP4_after_advection,   1,    0.0000000000E+00,    1.2609077556E+00,    1.2609077556E+00,    0.0000000000E+00,    0.0000000000E+00,    0.0000000000E+00,    1.2609077556E+00
     10500,      0.676913,CP5_after_vdif,   1,    0.0000000000E+00,    1.2609077556E+00,    1.2609077556E+00,    0.0000000000E+00,    0.0000000000E+00,    0.0000000000E+00,    1.2609077556E+00
     10500,      0.676913,CP6_after_kinetics,   1,    0.0000000000E+00,    1.2609077556E+00,    1.2609077556E+00,    0.0000000000E+00,    0.0000000000E+00,    0.0000000000E+00,    1.2609077556E+00
     10500,      0.676913,CP7_after_upper_clamp,   1,    0.0000000000E+00,    1.2609077556E+00,    1.2609077556E+00,    0.0000000000E+00,    0.0000000000E+00,    0.0000000000E+00,    1.2609077556E+00
     10500,      0.676913,CP8_after_OBC,   1,    0.0000000000E+00,    1.2609077556E+00,    1.2609077556E+00,    0.0000000000E+00,    0.0000000000E+00,    0.0000000000E+00,    1.2609077556E+00
     10500,      0.676913,CP9_after_PTsource,   1,    0.0000000000E+00,    1.2609077556E+00,    1.2609077556E+00,    0.0000000000E+00,    0.0000000000E+00,    0.0000000000E+00,    1.2609077556E+00
     10500,      0.676913,CP10_after_neg_clamp,   1,    0.0000000000E+00,    1.2609077556E+00,    1.2609077556E+00,    0.0000000000E+00,    0.0000000000E+00,    0.0000000000E+00,    1.2609077556E+00
     10500,      0.676913,CP11_after_MPI,   1,    0.0000000000E+00,    1.2609077556E+00,    1.2609077556E+00,    0.0000000000E+00,    0.0000000000E+00,    0.0000000000E+00,    1.2609077556E+00
     10500,      0.676913,CP12_end,   1,    0.0000000000E+00,    1.2609077556E+00,    1.2609077556E+00,    0.0000000000E+00,    0.0000000000E+00,    0.0000000000E+00,    1.2609077556E+00
     10550,      0.676913,CP0_start,   1,    0.0000000000E+00,    1.2725030235E+00,    1.2725030235E+00,    0.0000000000E+00,    0.0000000000E+00,    0.0000000000E+00,    1.2725030235E+00
     10550,      0.676913,CP1_after_deposition,   1,    0.0000000000E+00,    1.2725030235E+00,    1.2725030235E+00,    0.0000000000E+00,    0.0000000000E+00,    0.0000000000E+00,    1.2725030235E+00
     10550,      0.676913,CP2_after_erosion,   1,    0.0000000000E+00,    1.2725030235E+00,    1.2725030235E+00,    0.0000000000E+00,    0.0000000000E+00,    0.0000000000E+00,    1.2725030235E+00
     10550,      0.676913,CP3_after_update_bottom,   1,    0.0000000000E+00,    1.2725030235E+00,    1.2725030235E+00,    0.0000000000E+00,    0.0000000000E+00,    0.0000000000E+00,    1.2725030235E+00
     10550,      0.676913,CP4_after_advection,   1,    0.0000000000E+00,    1.2727396026E+00,    1.2727396026E+00,    0.0000000000E+00,    0.0000000000E+00,    0.0000000000E+00,    1.2727396026E+00
     10550,      0.676913,CP5_after_vdif,   1,    0.0000000000E+00,    1.2727396026E+00,    1.2727396026E+00,    0.0000000000E+00,    0.0000000000E+00,    0.0000000000E+00,    1.2727396026E+00
     10550,      0.676913,CP6_after_kinetics,   1,    0.0000000000E+00,    1.2727396026E+00,    1.2727396026E+00,    0.0000000000E+00,    0.0000000000E+00,    0.0000000000E+00,    1.2727396026E+00
     10550,      0.676913,CP7_after_upper_clamp,   1,    0.0000000000E+00,    1.2727396026E+00,    1.2727396026E+00,    0.0000000000E+00,    0.0000000000E+00,    0.0000000000E+00,    1.2727396026E+00
     10550,      0.676913,CP8_after_OBC,   1,    0.0000000000E+00,    1.2727396026E+00,    1.2727396026E+00,    0.0000000000E+00,    0.0000000000E+00,    0.0000000000E+00,    1.2727396026E+00
     10550,      0.676913,CP9_after_PTsource,   1,    0.0000000000E+00,    1.2727396026E+00,    1.2727396026E+00,    0.0000000000E+00,    0.0000000000E+00,    0.0000000000E+00,    1.2727396026E+00
     10550,      0.676913,CP10_after_neg_clamp,   1,    0.0000000000E+00,    1.2727396026E+00,    1.2727396026E+00,    0.0000000000E+00,    0.0000000000E+00,    0.0000000000E+00,    1.2727396026E+00
     10550,      0.676913,CP11_after_MPI,   1,    0.0000000000E+00,    1.2727396026E+00,    1.2727396026E+00,    0.0000000000E+00,    0.0000000000E+00,    0.0000000000E+00,    1.2727396026E+00
     10550,      0.676913,CP12_end,   1,    0.0000000000E+00,    1.2727396026E+00,    1.2727396026E+00,    0.0000000000E+00,    0.0000000000E+00,    0.0000000000E+00,    1.2727396026E+00
     10600,      0.676913,CP0_start,   1,    0.0000000000E+00,    1.2843900484E+00,    1.2843900484E+00,    0.0000000000E+00,    0.0000000000E+00,    0.0000000000E+00,    1.2843900484E+00
     10600,      0.676913,CP1_after_deposition,   1,    0.0000000000E+00,    1.2843900484E+00,    1.2843900484E+00,    0.0000000000E+00,    0.0000000000E+00,    0.0000000000E+00,    1.2843900484E+00
     10600,      0.676913,CP2_after_erosion,   1,    0.0000000000E+00,    1.2843900484E+00,    1.2843900484E+00,    0.0000000000E+00,    0.0000000000E+00,    0.0000000000E+00,    1.2843900484E+00
     10600,      0.676913,CP3_after_update_bottom,   1,    0.0000000000E+00,    1.2843900484E+00,    1.2843900484E+00,    0.0000000000E+00,    0.0000000000E+00,    0.0000000000E+00,    1.2843900484E+00
     10600,      0.676913,CP4_after_advection,   1,    0.0000000000E+00,    1.2846275657E+00,    1.2846275657E+00,    0.0000000000E+00,    0.0000000000E+00,    0.0000000000E+00,    1.2846275657E+00
     10600,      0.676913,CP5_after_vdif,   1,    0.0000000000E+00,    1.2846275657E+00,    1.2846275657E+00,    0.0000000000E+00,    0.0000000000E+00,    0.0000000000E+00,    1.2846275657E+00
     10600,      0.676913,CP6_after_kinetics,   1,    0.0000000000E+00,    1.2846275657E+00,    1.2846275657E+00,    0.0000000000E+00,    0.0000000000E+00,    0.0000000000E+00,    1.2846275657E+00
     10600,      0.676913,CP7_after_upper_clamp,   1,    0.0000000000E+00,    1.2846275657E+00,    1.2846275657E+00,    0.0000000000E+00,    0.0000000000E+00,    0.0000000000E+00,    1.2846275657E+00
     10600,      0.676913,CP8_after_OBC,   1,    0.0000000000E+00,    1.2846275657E+00,    1.2846275657E+00,    0.0000000000E+00,    0.0000000000E+00,    0.0000000000E+00,    1.2846275657E+00
     10600,      0.676913,CP9_after_PTsource,   1,    0.0000000000E+00,    1.2846275657E+00,    1.2846275657E+00,    0.0000000000E+00,    0.0000000000E+00,    0.0000000000E+00,    1.2846275657E+00
     10600,      0.676913,CP10_after_neg_clamp,   1,    0.0000000000E+00,    1.2846275657E+00,    1.2846275657E+00,    0.0000000000E+00,    0.0000000000E+00,    0.0000000000E+00,    1.2846275657E+00
     10600,      0.676913,CP11_after_MPI,   1,    0.0000000000E+00,    1.2846275657E+00,    1.2846275657E+00,    0.0000000000E+00,    0.0000000000E+00,    0.0000000000E+00,    1.2846275657E+00
     10600,      0.676913,CP12_end,   1,    0.0000000000E+00,    1.2846275657E+00,    1.2846275657E+00,    0.0000000000E+00,    0.0000000000E+00,    0.0000000000E+00,    1.2846275657E+00
     10650,      0.676913,CP0_start,   1,    0.0000000000E+00,    1.2963324944E+00,    1.2963324944E+00,    0.0000000000E+00,    0.0000000000E+00,    0.0000000000E+00,    1.2963324944E+00
     10650,      0.676913,CP1_after_deposition,   1,    0.0000000000E+00,    1.2963324944E+00,    1.2963324944E+00,    0.0000000000E+00,    0.0000000000E+00,    0.0000000000E+00,    1.2963324944E+00
     10650,      0.676913,CP2_after_erosion,   1,    0.0000000000E+00,    1.2963324944E+00,    1.2963324944E+00,    0.0000000000E+00,    0.0000000000E+00,    0.0000000000E+00,    1.2963324944E+00
     10650,      0.676913,CP3_after_update_bottom,   1,    0.0000000000E+00,    1.2963324944E+00,    1.2963324944E+00,    0.0000000000E+00,    0.0000000000E+00,    0.0000000000E+00,    1.2963324944E+00
     10650,      0.676913,CP4_after_advection,   1,    0.0000000000E+00,    1.2965716437E+00,    1.2965716437E+00,    0.0000000000E+00,    0.0000000000E+00,    0.0000000000E+00,    1.2965716437E+00
     10650,      0.676913,CP5_after_vdif,   1,    0.0000000000E+00,    1.2965716437E+00,    1.2965716437E+00,    0.0000000000E+00,    0.0000000000E+00,    0.0000000000E+00,    1.2965716437E+00
     10650,      0.676913,CP6_after_kinetics,   1,    0.0000000000E+00,    1.2965716437E+00,    1.2965716437E+00,    0.0000000000E+00,    0.0000000000E+00,    0.0000000000E+00,    1.2965716437E+00
     10650,      0.676913,CP7_after_upper_clamp,   1,    0.0000000000E+00,    1.2965716437E+00,    1.2965716437E+00,    0.0000000000E+00,    0.0000000000E+00,    0.0000000000E+00,    1.2965716437E+00
     10650,      0.676913,CP8_after_OBC,   1,    0.0000000000E+00,    1.2965716437E+00,    1.2965716437E+00,    0.0000000000E+00,    0.0000000000E+00,    0.0000000000E+00,    1.2965716437E+00
     10650,      0.676913,CP9_after_PTsource,   1,    0.0000000000E+00,    1.2965716437E+00,    1.2965716437E+00,    0.0000000000E+00,    0.0000000000E+00,    0.0000000000E+00,    1.2965716437E+00
     10650,      0.676913,CP10_after_neg_clamp,   1,    0.0000000000E+00,    1.2965716437E+00,    1.2965716437E+00,    0.0000000000E+00,    0.0000000000E+00,    0.0000000000E+00,    1.2965716437E+00
     10650,      0.676913,CP11_after_MPI,   1,    0.0000000000E+00,    1.2965716437E+00,    1.2965716437E+00,    0.0000000000E+00,    0.0000000000E+00,    0.0000000000E+00,    1.2965716437E+00
     10650,      0.676913,CP12_end,   1,    0.0000000000E+00,    1.2965716437E+00,    1.2965716437E+00,    0.0000000000E+00,    0.0000000000E+00,    0.0000000000E+00,    1.2965716437E+00
     10700,      0.676913,CP0_start,   1,    0.0000000000E+00,    1.3083320231E+00,    1.3083320231E+00,    0.0000000000E+00,    0.0000000000E+00,    0.0000000000E+00,    1.3083320231E+00
     10700,      0.676913,CP1_after_deposition,   1,    0.0000000000E+00,    1.3083320231E+00,    1.3083320231E+00,    0.0000000000E+00,    0.0000000000E+00,    0.0000000000E+00,    1.3083320231E+00
     10700,      0.676913,CP2_after_erosion,   1,    0.0000000000E+00,    1.3083320231E+00,    1.3083320231E+00,    0.0000000000E+00,    0.0000000000E+00,    0.0000000000E+00,    1.3083320231E+00
     10700,      0.676913,CP3_after_update_bottom,   1,    0.0000000000E+00,    1.3083320231E+00,    1.3083320231E+00,    0.0000000000E+00,    0.0000000000E+00,    0.0000000000E+00,    1.3083320231E+00
     10700,      0.676913,CP4_after_advection,   1,    0.0000000000E+00,    1.3085718352E+00,    1.3085718352E+00,    0.0000000000E+00,    0.0000000000E+00,    0.0000000000E+00,    1.3085718352E+00
     10700,      0.676913,CP5_after_vdif,   1,    0.0000000000E+00,    1.3085718352E+00,    1.3085718352E+00,    0.0000000000E+00,    0.0000000000E+00,    0.0000000000E+00,    1.3085718352E+00
     10700,      0.676913,CP6_after_kinetics,   1,    0.0000000000E+00,    1.3085718352E+00,    1.3085718352E+00,    0.0000000000E+00,    0.0000000000E+00,    0.0000000000E+00,    1.3085718352E+00
     10700,      0.676913,CP7_after_upper_clamp,   1,    0.0000000000E+00,    1.3085718352E+00,    1.3085718352E+00,    0.0000000000E+00,    0.0000000000E+00,    0.0000000000E+00,    1.3085718352E+00
     10700,      0.676913,CP8_after_OBC,   1,    0.0000000000E+00,    1.3085718352E+00,    1.3085718352E+00,    0.0000000000E+00,    0.0000000000E+00,    0.0000000000E+00,    1.3085718352E+00
     10700,      0.676913,CP9_after_PTsource,   1,    0.0000000000E+00,    1.3085718352E+00,    1.3085718352E+00,    0.0000000000E+00,    0.0000000000E+00,    0.0000000000E+00,    1.3085718352E+00
     10700,      0.676913,CP10_after_neg_clamp,   1,    0.0000000000E+00,    1.3085718352E+00,    1.3085718352E+00,    0.0000000000E+00,    0.0000000000E+00,    0.0000000000E+00,    1.3085718352E+00
     10700,      0.676913,CP11_after_MPI,   1,    0.0000000000E+00,    1.3085718352E+00,    1.3085718352E+00,    0.0000000000E+00,    0.0000000000E+00,    0.0000000000E+00,    1.3085718352E+00
     10700,      0.676913,CP12_end,   1,    0.0000000000E+00,    1.3085718352E+00,    1.3085718352E+00,    0.0000000000E+00,    0.0000000000E+00,    0.0000000000E+00,    1.3085718352E+00
     10750,      0.676913,CP0_start,   1,    0.0000000000E+00,    1.3203870171E+00,    1.3203870171E+00,    0.0000000000E+00,    0.0000000000E+00,    0.0000000000E+00,    1.3203870171E+00
     10750,      0.676913,CP1_after_deposition,   1,    0.0000000000E+00,    1.3203870171E+00,    1.3203870171E+00,    0.0000000000E+00,    0.0000000000E+00,    0.0000000000E+00,    1.3203870171E+00
     10750,      0.676913,CP2_after_erosion,   1,    0.0000000000E+00,    1.3203870171E+00,    1.3203870171E+00,    0.0000000000E+00,    0.0000000000E+00,    0.0000000000E+00,    1.3203870171E+00
     10750,      0.676913,CP3_after_update_bottom,   1,    0.0000000000E+00,    1.3203870171E+00,    1.3203870171E+00,    0.0000000000E+00,    0.0000000000E+00,    0.0000000000E+00,    1.3203870171E+00
     10750,      0.676913,CP4_after_advection,   1,    0.0000000000E+00,    1.3206281391E+00,    1.3206281391E+00,    0.0000000000E+00,    0.0000000000E+00,    0.0000000000E+00,    1.3206281391E+00
     10750,      0.676913,CP5_after_vdif,   1,    0.0000000000E+00,    1.3206281391E+00,    1.3206281391E+00,    0.0000000000E+00,    0.0000000000E+00,    0.0000000000E+00,    1.3206281391E+00
     10750,      0.676913,CP6_after_kinetics,   1,    0.0000000000E+00,    1.3206281391E+00,    1.3206281391E+00,    0.0000000000E+00,    0.0000000000E+00,    0.0000000000E+00,    1.3206281391E+00
     10750,      0.676913,CP7_after_upper_clamp,   1,    0.0000000000E+00,    1.3206281391E+00,    1.3206281391E+00,    0.0000000000E+00,    0.0000000000E+00,    0.0000000000E+00,    1.3206281391E+00
     10750,      0.676913,CP8_after_OBC,   1,    0.0000000000E+00,    1.3206281391E+00,    1.3206281391E+00,    0.0000000000E+00,    0.0000000000E+00,    0.0000000000E+00,    1.3206281391E+00
     10750,      0.676913,CP9_after_PTsource,   1,    0.0000000000E+00,    1.3206281391E+00,    1.3206281391E+00,    0.0000000000E+00,    0.0000000000E+00,    0.0000000000E+00,    1.3206281391E+00
     10750,      0.676913,CP10_after_neg_clamp,   1,    0.0000000000E+00,    1.3206281391E+00,    1.3206281391E+00,    0.0000000000E+00,    0.0000000000E+00,    0.0000000000E+00,    1.3206281391E+00
     10750,      0.676913,CP11_after_MPI,   1,    0.0000000000E+00,    1.3206281391E+00,    1.3206281391E+00,    0.0000000000E+00,    0.0000000000E+00,    0.0000000000E+00,    1.3206281391E+00
     10750,      0.676913,CP12_end,   1,    0.0000000000E+00,    1.3206281391E+00,    1.3206281391E+00,    0.0000000000E+00,    0.0000000000E+00,    0.0000000000E+00,    1.3206281391E+00
     10800,      0.676913,CP0_start,   1,    0.0000000000E+00,    1.3324981489E+00,    1.3324981489E+00,    0.0000000000E+00,    0.0000000000E+00,    0.0000000000E+00,    1.3324981489E+00
     10800,      0.676913,CP1_after_deposition,   1,    0.0000000000E+00,    1.3324981489E+00,    1.3324981489E+00,    0.0000000000E+00,    0.0000000000E+00,    0.0000000000E+00,    1.3324981489E+00
     10800,      0.676913,CP2_after_erosion,   1,    0.0000000000E+00,    1.3324981489E+00,    1.3324981489E+00,    0.0000000000E+00,    0.0000000000E+00,    0.0000000000E+00,    1.3324981489E+00
     10800,      0.676913,CP3_after_update_bottom,   1,    0.0000000000E+00,    1.3324981489E+00,    1.3324981489E+00,    0.0000000000E+00,    0.0000000000E+00,    0.0000000000E+00,    1.3324981489E+00
     10800,      0.676913,CP4_after_advection,   1,    0.0000000000E+00,    1.3327405539E+00,    1.3327405539E+00,    0.0000000000E+00,    0.0000000000E+00,    0.0000000000E+00,    1.3327405539E+00
     10800,      0.676913,CP5_after_vdif,   1,    0.0000000000E+00,    1.3327405539E+00,    1.3327405539E+00,    0.0000000000E+00,    0.0000000000E+00,    0.0000000000E+00,    1.3327405539E+00
     10800,      0.676913,CP6_after_kinetics,   1,    0.0000000000E+00,    1.3327405539E+00,    1.3327405539E+00,    0.0000000000E+00,    0.0000000000E+00,    0.0000000000E+00,    1.3327405539E+00
     10800,      0.676913,CP7_after_upper_clamp,   1,    0.0000000000E+00,    1.3327405539E+00,    1.3327405539E+00,    0.0000000000E+00,    0.0000000000E+00,    0.0000000000E+00,    1.3327405539E+00
     10800,      0.676913,CP8_after_OBC,   1,    0.0000000000E+00,    1.3327405539E+00,    1.3327405539E+00,    0.0000000000E+00,    0.0000000000E+00,    0.0000000000E+00,    1.3327405539E+00
     10800,      0.676913,CP9_after_PTsource,   1,    0.0000000000E+00,    1.3327405539E+00,    1.3327405539E+00,    0.0000000000E+00,    0.0000000000E+00,    0.0000000000E+00,    1.3327405539E+00
     10800,      0.676913,CP10_after_neg_clamp,   1,    0.0000000000E+00,    1.3327405539E+00,    1.3327405539E+00,    0.0000000000E+00,    0.0000000000E+00,    0.0000000000E+00,    1.3327405539E+00
     10800,      0.676913,CP11_after_MPI,   1,    0.0000000000E+00,    1.3327405539E+00,    1.3327405539E+00,    0.0000000000E+00,    0.0000000000E+00,    0.0000000000E+00,    1.3327405539E+00
     10800,      0.676913,CP12_end,   1,    0.0000000000E+00,    1.3327405539E+00,    1.3327405539E+00,    0.0000000000E+00,    0.0000000000E+00,    0.0000000000E+00,    1.3327405539E+00
     10850,      0.676913,CP0_start,   1,    0.0000000000E+00,    1.3446657269E+00,    1.3446657269E+00,    0.0000000000E+00,    0.0000000000E+00,    0.0000000000E+00,    1.3446657269E+00
     10850,      0.676913,CP1_after_deposition,   1,    0.0000000000E+00,    1.3446657269E+00,    1.3446657269E+00,    0.0000000000E+00,    0.0000000000E+00,    0.0000000000E+00,    1.3446657269E+00
     10850,      0.676913,CP2_after_erosion,   1,    0.0000000000E+00,    1.3446657269E+00,    1.3446657269E+00,    0.0000000000E+00,    0.0000000000E+00,    0.0000000000E+00,    1.3446657269E+00
     10850,      0.676913,CP3_after_update_bottom,   1,    0.0000000000E+00,    1.3446657269E+00,    1.3446657269E+00,    0.0000000000E+00,    0.0000000000E+00,    0.0000000000E+00,    1.3446657269E+00
     10850,      0.676913,CP4_after_advection,   1,    0.0000000000E+00,    1.3449090784E+00,    1.3449090784E+00,    0.0000000000E+00,    0.0000000000E+00,    0.0000000000E+00,    1.3449090784E+00
     10850,      0.676913,CP5_after_vdif,   1,    0.0000000000E+00,    1.3449090784E+00,    1.3449090784E+00,    0.0000000000E+00,    0.0000000000E+00,    0.0000000000E+00,    1.3449090784E+00
     10850,      0.676913,CP6_after_kinetics,   1,    0.0000000000E+00,    1.3449090784E+00,    1.3449090784E+00,    0.0000000000E+00,    0.0000000000E+00,    0.0000000000E+00,    1.3449090784E+00
     10850,      0.676913,CP7_after_upper_clamp,   1,    0.0000000000E+00,    1.3449090784E+00,    1.3449090784E+00,    0.0000000000E+00,    0.0000000000E+00,    0.0000000000E+00,    1.3449090784E+00
     10850,      0.676913,CP8_after_OBC,   1,    0.0000000000E+00,    1.3449090784E+00,    1.3449090784E+00,    0.0000000000E+00,    0.0000000000E+00,    0.0000000000E+00,    1.3449090784E+00
     10850,      0.676913,CP9_after_PTsource,   1,    0.0000000000E+00,    1.3449090784E+00,    1.3449090784E+00,    0.0000000000E+00,    0.0000000000E+00,    0.0000000000E+00,    1.3449090784E+00
     10850,      0.676913,CP10_after_neg_clamp,   1,    0.0000000000E+00,    1.3449090784E+00,    1.3449090784E+00,    0.0000000000E+00,    0.0000000000E+00,    0.0000000000E+00,    1.3449090784E+00
     10850,      0.676913,CP11_after_MPI,   1,    0.0000000000E+00,    1.3449090784E+00,    1.3449090784E+00,    0.0000000000E+00,    0.0000000000E+00,    0.0000000000E+00,    1.3449090784E+00
     10850,      0.676913,CP12_end,   1,    0.0000000000E+00,    1.3449090784E+00,    1.3449090784E+00,    0.0000000000E+00,    0.0000000000E+00,    0.0000000000E+00,    1.3449090784E+00
     10900,      0.676913,CP0_start,   1,    0.0000000000E+00,    1.3568887357E+00,    1.3568887357E+00,    0.0000000000E+00,    0.0000000000E+00,    0.0000000000E+00,    1.3568887357E+00
     10900,      0.676913,CP1_after_deposition,   1,    0.0000000000E+00,    1.3568887357E+00,    1.3568887357E+00,    0.0000000000E+00,    0.0000000000E+00,    0.0000000000E+00,    1.3568887357E+00
     10900,      0.676913,CP2_after_erosion,   1,    0.0000000000E+00,    1.3568887357E+00,    1.3568887357E+00,    0.0000000000E+00,    0.0000000000E+00,    0.0000000000E+00,    1.3568887357E+00
     10900,      0.676913,CP3_after_update_bottom,   1,    0.0000000000E+00,    1.3568887357E+00,    1.3568887357E+00,    0.0000000000E+00,    0.0000000000E+00,    0.0000000000E+00,    1.3568887357E+00
     10900,      0.676913,CP4_after_advection,   1,    0.0000000000E+00,    1.3571337114E+00,    1.3571337114E+00,    0.0000000000E+00,    0.0000000000E+00,    0.0000000000E+00,    1.3571337114E+00
     10900,      0.676913,CP5_after_vdif,   1,    0.0000000000E+00,    1.3571337114E+00,    1.3571337114E+00,    0.0000000000E+00,    0.0000000000E+00,    0.0000000000E+00,    1.3571337114E+00
     10900,      0.676913,CP6_after_kinetics,   1,    0.0000000000E+00,    1.3571337114E+00,    1.3571337114E+00,    0.0000000000E+00,    0.0000000000E+00,    0.0000000000E+00,    1.3571337114E+00
     10900,      0.676913,CP7_after_upper_clamp,   1,    0.0000000000E+00,    1.3571337114E+00,    1.3571337114E+00,    0.0000000000E+00,    0.0000000000E+00,    0.0000000000E+00,    1.3571337114E+00
     10900,      0.676913,CP8_after_OBC,   1,    0.0000000000E+00,    1.3571337114E+00,    1.3571337114E+00,    0.0000000000E+00,    0.0000000000E+00,    0.0000000000E+00,    1.3571337114E+00
     10900,      0.676913,CP9_after_PTsource,   1,    0.0000000000E+00,    1.3571337114E+00,    1.3571337114E+00,    0.0000000000E+00,    0.0000000000E+00,    0.0000000000E+00,    1.3571337114E+00
     10900,      0.676913,CP10_after_neg_clamp,   1,    0.0000000000E+00,    1.3571337114E+00,    1.3571337114E+00,    0.0000000000E+00,    0.0000000000E+00,    0.0000000000E+00,    1.3571337114E+00
     10900,      0.676913,CP11_after_MPI,   1,    0.0000000000E+00,    1.3571337114E+00,    1.3571337114E+00,    0.0000000000E+00,    0.0000000000E+00,    0.0000000000E+00,    1.3571337114E+00
     10900,      0.676913,CP12_end,   1,    0.0000000000E+00,    1.3571337114E+00,    1.3571337114E+00,    0.0000000000E+00,    0.0000000000E+00,    0.0000000000E+00,    1.3571337114E+00
     10950,      0.676913,CP0_start,   1,    0.0000000000E+00,    1.3691687128E+00,    1.3691687128E+00,    0.0000000000E+00,    0.0000000000E+00,    0.0000000000E+00,    1.3691687128E+00
     10950,      0.676913,CP1_after_deposition,   1,    0.0000000000E+00,    1.3691687128E+00,    1.3691687128E+00,    0.0000000000E+00,    0.0000000000E+00,    0.0000000000E+00,    1.3691687128E+00
     10950,      0.676913,CP2_after_erosion,   1,    0.0000000000E+00,    1.3691687128E+00,    1.3691687128E+00,    0.0000000000E+00,    0.0000000000E+00,    0.0000000000E+00,    1.3691687128E+00
     10950,      0.676913,CP3_after_update_bottom,   1,    0.0000000000E+00,    1.3691687128E+00,    1.3691687128E+00,    0.0000000000E+00,    0.0000000000E+00,    0.0000000000E+00,    1.3691687128E+00
     10950,      0.676913,CP4_after_advection,   1,    0.0000000000E+00,    1.3694144514E+00,    1.3694144514E+00,    0.0000000000E+00,    0.0000000000E+00,    0.0000000000E+00,    1.3694144514E+00
     10950,      0.676913,CP5_after_vdif,   1,    0.0000000000E+00,    1.3694144514E+00,    1.3694144514E+00,    0.0000000000E+00,    0.0000000000E+00,    0.0000000000E+00,    1.3694144514E+00
     10950,      0.676913,CP6_after_kinetics,   1,    0.0000000000E+00,    1.3694144514E+00,    1.3694144514E+00,    0.0000000000E+00,    0.0000000000E+00,    0.0000000000E+00,    1.3694144514E+00
     10950,      0.676913,CP7_after_upper_clamp,   1,    0.0000000000E+00,    1.3694144514E+00,    1.3694144514E+00,    0.0000000000E+00,    0.0000000000E+00,    0.0000000000E+00,    1.3694144514E+00
     10950,      0.676913,CP8_after_OBC,   1,    0.0000000000E+00,    1.3694144514E+00,    1.3694144514E+00,    0.0000000000E+00,    0.0000000000E+00,    0.0000000000E+00,    1.3694144514E+00
     10950,      0.676913,CP9_after_PTsource,   1,    0.0000000000E+00,    1.3694144514E+00,    1.3694144514E+00,    0.0000000000E+00,    0.0000000000E+00,    0.0000000000E+00,    1.3694144514E+00
     10950,      0.676913,CP10_after_neg_clamp,   1,    0.0000000000E+00,    1.3694144514E+00,    1.3694144514E+00,    0.0000000000E+00,    0.0000000000E+00,    0.0000000000E+00,    1.3694144514E+00
     10950,      0.676913,CP11_after_MPI,   1,    0.0000000000E+00,    1.3694144514E+00,    1.3694144514E+00,    0.0000000000E+00,    0.0000000000E+00,    0.0000000000E+00,    1.3694144514E+00
     10950,      0.676913,CP12_end,   1,    0.0000000000E+00,    1.3694144514E+00,    1.3694144514E+00,    0.0000000000E+00,    0.0000000000E+00,    0.0000000000E+00,    1.3694144514E+00
     11000,      0.676913,CP0_start,   1,    0.0000000000E+00,    1.3815043391E+00,    1.3815043391E+00,    0.0000000000E+00,    0.0000000000E+00,    0.0000000000E+00,    1.3815043391E+00
     11000,      0.676913,CP1_after_deposition,   1,    0.0000000000E+00,    1.3815043391E+00,    1.3815043391E+00,    0.0000000000E+00,    0.0000000000E+00,    0.0000000000E+00,    1.3815043391E+00
     11000,      0.676913,CP2_after_erosion,   1,    0.0000000000E+00,    1.3815043391E+00,    1.3815043391E+00,    0.0000000000E+00,    0.0000000000E+00,    0.0000000000E+00,    1.3815043391E+00
     11000,      0.676913,CP3_after_update_bottom,   1,    0.0000000000E+00,    1.3815043391E+00,    1.3815043391E+00,    0.0000000000E+00,    0.0000000000E+00,    0.0000000000E+00,    1.3815043391E+00
     11000,      0.676913,CP4_after_advection,   1,    0.0000000000E+00,    1.3817512972E+00,    1.3817512972E+00,    0.0000000000E+00,    0.0000000000E+00,    0.0000000000E+00,    1.3817512972E+00
     11000,      0.676913,CP5_after_vdif,   1,    0.0000000000E+00,    1.3817512972E+00,    1.3817512972E+00,    0.0000000000E+00,    0.0000000000E+00,    0.0000000000E+00,    1.3817512972E+00
     11000,      0.676913,CP6_after_kinetics,   1,    0.0000000000E+00,    1.3817512972E+00,    1.3817512972E+00,    0.0000000000E+00,    0.0000000000E+00,    0.0000000000E+00,    1.3817512972E+00
     11000,      0.676913,CP7_after_upper_clamp,   1,    0.0000000000E+00,    1.3817512972E+00,    1.3817512972E+00,    0.0000000000E+00,    0.0000000000E+00,    0.0000000000E+00,    1.3817512972E+00
     11000,      0.676913,CP8_after_OBC,   1,    0.0000000000E+00,    1.3817512972E+00,    1.3817512972E+00,    0.0000000000E+00,    0.0000000000E+00,    0.0000000000E+00,    1.3817512972E+00
     11000,      0.676913,CP9_after_PTsource,   1,    0.0000000000E+00,    1.3817512972E+00,    1.3817512972E+00,    0.0000000000E+00,    0.0000000000E+00,    0.0000000000E+00,    1.3817512972E+00
     11000,      0.676913,CP10_after_neg_clamp,   1,    0.0000000000E+00,    1.3817512972E+00,    1.3817512972E+00,    0.0000000000E+00,    0.0000000000E+00,    0.0000000000E+00,    1.3817512972E+00
     11000,      0.676913,CP11_after_MPI,   1,    0.0000000000E+00,    1.3817512972E+00,    1.3817512972E+00,    0.0000000000E+00,    0.0000000000E+00,    0.0000000000E+00,    1.3817512972E+00
     11000,      0.676913,CP12_end,   1,    0.0000000000E+00,    1.3817512972E+00,    1.3817512972E+00,    0.0000000000E+00,    0.0000000000E+00,    0.0000000000E+00,    1.3817512972E+00
     11050,      0.676913,CP0_start,   1,    0.0000000000E+00,    1.3938959584E+00,    1.3938959584E+00,    0.0000000000E+00,    0.0000000000E+00,    0.0000000000E+00,    1.3938959584E+00
     11050,      0.676913,CP1_after_deposition,   1,    0.0000000000E+00,    1.3938959584E+00,    1.3938959584E+00,    0.0000000000E+00,    0.0000000000E+00,    0.0000000000E+00,    1.3938959584E+00
     11050,      0.676913,CP2_after_erosion,   1,    0.0000000000E+00,    1.3938959584E+00,    1.3938959584E+00,    0.0000000000E+00,    0.0000000000E+00,    0.0000000000E+00,    1.3938959584E+00
     11050,      0.676913,CP3_after_update_bottom,   1,    0.0000000000E+00,    1.3938959584E+00,    1.3938959584E+00,    0.0000000000E+00,    0.0000000000E+00,    0.0000000000E+00,    1.3938959584E+00
     11050,      0.676913,CP4_after_advection,   1,    0.0000000000E+00,    1.3941442475E+00,    1.3941442475E+00,    0.0000000000E+00,    0.0000000000E+00,    0.0000000000E+00,    1.3941442475E+00
     11050,      0.676913,CP5_after_vdif,   1,    0.0000000000E+00,    1.3941442475E+00,    1.3941442475E+00,    0.0000000000E+00,    0.0000000000E+00,    0.0000000000E+00,    1.3941442475E+00
     11050,      0.676913,CP6_after_kinetics,   1,    0.0000000000E+00,    1.3941442475E+00,    1.3941442475E+00,    0.0000000000E+00,    0.0000000000E+00,    0.0000000000E+00,    1.3941442475E+00
     11050,      0.676913,CP7_after_upper_clamp,   1,    0.0000000000E+00,    1.3941442475E+00,    1.3941442475E+00,    0.0000000000E+00,    0.0000000000E+00,    0.0000000000E+00,    1.3941442475E+00
     11050,      0.676913,CP8_after_OBC,   1,    0.0000000000E+00,    1.3941442475E+00,    1.3941442475E+00,    0.0000000000E+00,    0.0000000000E+00,    0.0000000000E+00,    1.3941442475E+00
     11050,      0.676913,CP9_after_PTsource,   1,    0.0000000000E+00,    1.3941442475E+00,    1.3941442475E+00,    0.0000000000E+00,    0.0000000000E+00,    0.0000000000E+00,    1.3941442475E+00
     11050,      0.676913,CP10_after_neg_clamp,   1,    0.0000000000E+00,    1.3941442475E+00,    1.3941442475E+00,    0.0000000000E+00,    0.0000000000E+00,    0.0000000000E+00,    1.3941442475E+00
     11050,      0.676913,CP11_after_MPI,   1,    0.0000000000E+00,    1.3941442475E+00,    1.3941442475E+00,    0.0000000000E+00,    0.0000000000E+00,    0.0000000000E+00,    1.3941442475E+00
     11050,      0.676913,CP12_end,   1,    0.0000000000E+00,    1.3941442475E+00,    1.3941442475E+00,    0.0000000000E+00,    0.0000000000E+00,    0.0000000000E+00,    1.3941442475E+00
     11100,      0.676913,CP0_start,   1,    0.0000000000E+00,    1.4063442449E+00,    1.4063442449E+00,    0.0000000000E+00,    0.0000000000E+00,    0.0000000000E+00,    1.4063442449E+00
     11100,      0.676913,CP1_after_deposition,   1,    0.0000000000E+00,    1.4063442449E+00,    1.4063442449E+00,    0.0000000000E+00,    0.0000000000E+00,    0.0000000000E+00,    1.4063442449E+00
     11100,      0.676913,CP2_after_erosion,   1,    0.0000000000E+00,    1.4063442449E+00,    1.4063442449E+00,    0.0000000000E+00,    0.0000000000E+00,    0.0000000000E+00,    1.4063442449E+00
     11100,      0.676913,CP3_after_update_bottom,   1,    0.0000000000E+00,    1.4063442449E+00,    1.4063442449E+00,    0.0000000000E+00,    0.0000000000E+00,    0.0000000000E+00,    1.4063442449E+00
     11100,      0.676913,CP4_after_advection,   1,    0.0000000000E+00,    1.4065933009E+00,    1.4065933009E+00,    0.0000000000E+00,    0.0000000000E+00,    0.0000000000E+00,    1.4065933009E+00
     11100,      0.676913,CP5_after_vdif,   1,    0.0000000000E+00,    1.4065933009E+00,    1.4065933009E+00,    0.0000000000E+00,    0.0000000000E+00,    0.0000000000E+00,    1.4065933009E+00
     11100,      0.676913,CP6_after_kinetics,   1,    0.0000000000E+00,    1.4065933009E+00,    1.4065933009E+00,    0.0000000000E+00,    0.0000000000E+00,    0.0000000000E+00,    1.4065933009E+00
     11100,      0.676913,CP7_after_upper_clamp,   1,    0.0000000000E+00,    1.4065933009E+00,    1.4065933009E+00,    0.0000000000E+00,    0.0000000000E+00,    0.0000000000E+00,    1.4065933009E+00
     11100,      0.676913,CP8_after_OBC,   1,    0.0000000000E+00,    1.4065933009E+00,    1.4065933009E+00,    0.0000000000E+00,    0.0000000000E+00,    0.0000000000E+00,    1.4065933009E+00
     11100,      0.676913,CP9_after_PTsource,   1,    0.0000000000E+00,    1.4065933009E+00,    1.4065933009E+00,    0.0000000000E+00,    0.0000000000E+00,    0.0000000000E+00,    1.4065933009E+00
     11100,      0.676913,CP10_after_neg_clamp,   1,    0.0000000000E+00,    1.4065933009E+00,    1.4065933009E+00,    0.0000000000E+00,    0.0000000000E+00,    0.0000000000E+00,    1.4065933009E+00
     11100,      0.676913,CP11_after_MPI,   1,    0.0000000000E+00,    1.4065933009E+00,    1.4065933009E+00,    0.0000000000E+00,    0.0000000000E+00,    0.0000000000E+00,    1.4065933009E+00
     11100,      0.676913,CP12_end,   1,    0.0000000000E+00,    1.4065933009E+00,    1.4065933009E+00,    0.0000000000E+00,    0.0000000000E+00,    0.0000000000E+00,    1.4065933009E+00
     11150,      0.676913,CP0_start,   1,    0.0000000000E+00,    1.4188479992E+00,    1.4188479992E+00,    0.0000000000E+00,    0.0000000000E+00,    0.0000000000E+00,    1.4188479992E+00
     11150,      0.676913,CP1_after_deposition,   1,    0.0000000000E+00,    1.4188479992E+00,    1.4188479992E+00,    0.0000000000E+00,    0.0000000000E+00,    0.0000000000E+00,    1.4188479992E+00
     11150,      0.676913,CP2_after_erosion,   1,    0.0000000000E+00,    1.4188479992E+00,    1.4188479992E+00,    0.0000000000E+00,    0.0000000000E+00,    0.0000000000E+00,    1.4188479992E+00
     11150,      0.676913,CP3_after_update_bottom,   1,    0.0000000000E+00,    1.4188479992E+00,    1.4188479992E+00,    0.0000000000E+00,    0.0000000000E+00,    0.0000000000E+00,    1.4188479992E+00
     11150,      0.676913,CP4_after_advection,   1,    0.0000000000E+00,    1.4190984562E+00,    1.4190984562E+00,    0.0000000000E+00,    0.0000000000E+00,    0.0000000000E+00,    1.4190984562E+00
     11150,      0.676913,CP5_after_vdif,   1,    0.0000000000E+00,    1.4190984562E+00,    1.4190984562E+00,    0.0000000000E+00,    0.0000000000E+00,    0.0000000000E+00,    1.4190984562E+00
     11150,      0.676913,CP6_after_kinetics,   1,    0.0000000000E+00,    1.4190984562E+00,    1.4190984562E+00,    0.0000000000E+00,    0.0000000000E+00,    0.0000000000E+00,    1.4190984562E+00
     11150,      0.676913,CP7_after_upper_clamp,   1,    0.0000000000E+00,    1.4190984562E+00,    1.4190984562E+00,    0.0000000000E+00,    0.0000000000E+00,    0.0000000000E+00,    1.4190984562E+00
     11150,      0.676913,CP8_after_OBC,   1,    0.0000000000E+00,    1.4190984562E+00,    1.4190984562E+00,    0.0000000000E+00,    0.0000000000E+00,    0.0000000000E+00,    1.4190984562E+00
     11150,      0.676913,CP9_after_PTsource,   1,    0.0000000000E+00,    1.4190984562E+00,    1.4190984562E+00,    0.0000000000E+00,    0.0000000000E+00,    0.0000000000E+00,    1.4190984562E+00
     11150,      0.676913,CP10_after_neg_clamp,   1,    0.0000000000E+00,    1.4190984562E+00,    1.4190984562E+00,    0.0000000000E+00,    0.0000000000E+00,    0.0000000000E+00,    1.4190984562E+00
     11150,      0.676913,CP11_after_MPI,   1,    0.0000000000E+00,    1.4190984562E+00,    1.4190984562E+00,    0.0000000000E+00,    0.0000000000E+00,    0.0000000000E+00,    1.4190984562E+00
     11150,      0.676913,CP12_end,   1,    0.0000000000E+00,    1.4190984562E+00,    1.4190984562E+00,    0.0000000000E+00,    0.0000000000E+00,    0.0000000000E+00,    1.4190984562E+00
     11200,      0.676913,CP0_start,   1,    0.0000000000E+00,    1.4314084486E+00,    1.4314084486E+00,    0.0000000000E+00,    0.0000000000E+00,    0.0000000000E+00,    1.4314084486E+00
     11200,      0.676913,CP1_after_deposition,   1,    0.0000000000E+00,    1.4314084486E+00,    1.4314084486E+00,    0.0000000000E+00,    0.0000000000E+00,    0.0000000000E+00,    1.4314084486E+00
     11200,      0.676913,CP2_after_erosion,   1,    0.0000000000E+00,    1.4314084486E+00,    1.4314084486E+00,    0.0000000000E+00,    0.0000000000E+00,    0.0000000000E+00,    1.4314084486E+00
     11200,      0.676913,CP3_after_update_bottom,   1,    0.0000000000E+00,    1.4314084486E+00,    1.4314084486E+00,    0.0000000000E+00,    0.0000000000E+00,    0.0000000000E+00,    1.4314084486E+00
     11200,      0.676913,CP4_after_advection,   1,    0.0000000000E+00,    1.4316597119E+00,    1.4316597119E+00,    0.0000000000E+00,    0.0000000000E+00,    0.0000000000E+00,    1.4316597119E+00
     11200,      0.676913,CP5_after_vdif,   1,    0.0000000000E+00,    1.4316597119E+00,    1.4316597119E+00,    0.0000000000E+00,    0.0000000000E+00,    0.0000000000E+00,    1.4316597119E+00
     11200,      0.676913,CP6_after_kinetics,   1,    0.0000000000E+00,    1.4316597119E+00,    1.4316597119E+00,    0.0000000000E+00,    0.0000000000E+00,    0.0000000000E+00,    1.4316597119E+00
     11200,      0.676913,CP7_after_upper_clamp,   1,    0.0000000000E+00,    1.4316597119E+00,    1.4316597119E+00,    0.0000000000E+00,    0.0000000000E+00,    0.0000000000E+00,    1.4316597119E+00
     11200,      0.676913,CP8_after_OBC,   1,    0.0000000000E+00,    1.4316597119E+00,    1.4316597119E+00,    0.0000000000E+00,    0.0000000000E+00,    0.0000000000E+00,    1.4316597119E+00
     11200,      0.676913,CP9_after_PTsource,   1,    0.0000000000E+00,    1.4316597119E+00,    1.4316597119E+00,    0.0000000000E+00,    0.0000000000E+00,    0.0000000000E+00,    1.4316597119E+00
     11200,      0.676913,CP10_after_neg_clamp,   1,    0.0000000000E+00,    1.4316597119E+00,    1.4316597119E+00,    0.0000000000E+00,    0.0000000000E+00,    0.0000000000E+00,    1.4316597119E+00
     11200,      0.676913,CP11_after_MPI,   1,    0.0000000000E+00,    1.4316597119E+00,    1.4316597119E+00,    0.0000000000E+00,    0.0000000000E+00,    0.0000000000E+00,    1.4316597119E+00
     11200,      0.676913,CP12_end,   1,    0.0000000000E+00,    1.4316597119E+00,    1.4316597119E+00,    0.0000000000E+00,    0.0000000000E+00,    0.0000000000E+00,    1.4316597119E+00
     11250,      0.676913,CP0_start,   1,    0.0000000000E+00,    1.4440241897E+00,    1.4440241897E+00,    0.0000000000E+00,    0.0000000000E+00,    0.0000000000E+00,    1.4440241897E+00
     11250,      0.676913,CP1_after_deposition,   1,    0.0000000000E+00,    1.4440241897E+00,    1.4440241897E+00,    0.0000000000E+00,    0.0000000000E+00,    0.0000000000E+00,    1.4440241897E+00
     11250,      0.676913,CP2_after_erosion,   1,    0.0000000000E+00,    1.4440241897E+00,    1.4440241897E+00,    0.0000000000E+00,    0.0000000000E+00,    0.0000000000E+00,    1.4440241897E+00
     11250,      0.676913,CP3_after_update_bottom,   1,    0.0000000000E+00,    1.4440241897E+00,    1.4440241897E+00,    0.0000000000E+00,    0.0000000000E+00,    0.0000000000E+00,    1.4440241897E+00
     11250,      0.676913,CP4_after_advection,   1,    0.0000000000E+00,    1.4442770667E+00,    1.4442770667E+00,    0.0000000000E+00,    0.0000000000E+00,    0.0000000000E+00,    1.4442770667E+00
     11250,      0.676913,CP5_after_vdif,   1,    0.0000000000E+00,    1.4442770667E+00,    1.4442770667E+00,    0.0000000000E+00,    0.0000000000E+00,    0.0000000000E+00,    1.4442770667E+00
     11250,      0.676913,CP6_after_kinetics,   1,    0.0000000000E+00,    1.4442770667E+00,    1.4442770667E+00,    0.0000000000E+00,    0.0000000000E+00,    0.0000000000E+00,    1.4442770667E+00
     11250,      0.676913,CP7_after_upper_clamp,   1,    0.0000000000E+00,    1.4442770667E+00,    1.4442770667E+00,    0.0000000000E+00,    0.0000000000E+00,    0.0000000000E+00,    1.4442770667E+00
     11250,      0.676913,CP8_after_OBC,   1,    0.0000000000E+00,    1.4442770667E+00,    1.4442770667E+00,    0.0000000000E+00,    0.0000000000E+00,    0.0000000000E+00,    1.4442770667E+00
     11250,      0.676913,CP9_after_PTsource,   1,    0.0000000000E+00,    1.4442770667E+00,    1.4442770667E+00,    0.0000000000E+00,    0.0000000000E+00,    0.0000000000E+00,    1.4442770667E+00
     11250,      0.676913,CP10_after_neg_clamp,   1,    0.0000000000E+00,    1.4442770667E+00,    1.4442770667E+00,    0.0000000000E+00,    0.0000000000E+00,    0.0000000000E+00,    1.4442770667E+00
     11250,      0.676913,CP11_after_MPI,   1,    0.0000000000E+00,    1.4442770667E+00,    1.4442770667E+00,    0.0000000000E+00,    0.0000000000E+00,    0.0000000000E+00,    1.4442770667E+00
     11250,      0.676913,CP12_end,   1,    0.0000000000E+00,    1.4442770667E+00,    1.4442770667E+00,    0.0000000000E+00,    0.0000000000E+00,    0.0000000000E+00,    1.4442770667E+00
     11300,      0.676913,CP0_start,   1,    0.0000000000E+00,    1.4566963538E+00,    1.4566963538E+00,    0.0000000000E+00,    0.0000000000E+00,    0.0000000000E+00,    1.4566963538E+00
     11300,      0.676913,CP1_after_deposition,   1,    0.0000000000E+00,    1.4566963538E+00,    1.4566963538E+00,    0.0000000000E+00,    0.0000000000E+00,    0.0000000000E+00,    1.4566963538E+00
     11300,      0.676913,CP2_after_erosion,   1,    0.0000000000E+00,    1.4566963538E+00,    1.4566963538E+00,    0.0000000000E+00,    0.0000000000E+00,    0.0000000000E+00,    1.4566963538E+00
     11300,      0.676913,CP3_after_update_bottom,   1,    0.0000000000E+00,    1.4566963538E+00,    1.4566963538E+00,    0.0000000000E+00,    0.0000000000E+00,    0.0000000000E+00,    1.4566963538E+00
     11300,      0.676913,CP4_after_advection,   1,    0.0000000000E+00,    1.4569505194E+00,    1.4569505194E+00,    0.0000000000E+00,    0.0000000000E+00,    0.0000000000E+00,    1.4569505194E+00
     11300,      0.676913,CP5_after_vdif,   1,    0.0000000000E+00,    1.4569505194E+00,    1.4569505194E+00,    0.0000000000E+00,    0.0000000000E+00,    0.0000000000E+00,    1.4569505194E+00
     11300,      0.676913,CP6_after_kinetics,   1,    0.0000000000E+00,    1.4569505194E+00,    1.4569505194E+00,    0.0000000000E+00,    0.0000000000E+00,    0.0000000000E+00,    1.4569505194E+00
     11300,      0.676913,CP7_after_upper_clamp,   1,    0.0000000000E+00,    1.4569505194E+00,    1.4569505194E+00,    0.0000000000E+00,    0.0000000000E+00,    0.0000000000E+00,    1.4569505194E+00
     11300,      0.676913,CP8_after_OBC,   1,    0.0000000000E+00,    1.4569505194E+00,    1.4569505194E+00,    0.0000000000E+00,    0.0000000000E+00,    0.0000000000E+00,    1.4569505194E+00
     11300,      0.676913,CP9_after_PTsource,   1,    0.0000000000E+00,    1.4569505194E+00,    1.4569505194E+00,    0.0000000000E+00,    0.0000000000E+00,    0.0000000000E+00,    1.4569505194E+00
     11300,      0.676913,CP10_after_neg_clamp,   1,    0.0000000000E+00,    1.4569505194E+00,    1.4569505194E+00,    0.0000000000E+00,    0.0000000000E+00,    0.0000000000E+00,    1.4569505194E+00
     11300,      0.676913,CP11_after_MPI,   1,    0.0000000000E+00,    1.4569505194E+00,    1.4569505194E+00,    0.0000000000E+00,    0.0000000000E+00,    0.0000000000E+00,    1.4569505194E+00
     11300,      0.676913,CP12_end,   1,    0.0000000000E+00,    1.4569505194E+00,    1.4569505194E+00,    0.0000000000E+00,    0.0000000000E+00,    0.0000000000E+00,    1.4569505194E+00
     11350,      0.676913,CP0_start,   1,    0.0000000000E+00,    1.4694254109E+00,    1.4694254109E+00,    0.0000000000E+00,    0.0000000000E+00,    0.0000000000E+00,    1.4694254109E+00
     11350,      0.676913,CP1_after_deposition,   1,    0.0000000000E+00,    1.4694254109E+00,    1.4694254109E+00,    0.0000000000E+00,    0.0000000000E+00,    0.0000000000E+00,    1.4694254109E+00
     11350,      0.676913,CP2_after_erosion,   1,    0.0000000000E+00,    1.4694254109E+00,    1.4694254109E+00,    0.0000000000E+00,    0.0000000000E+00,    0.0000000000E+00,    1.4694254109E+00
     11350,      0.676913,CP3_after_update_bottom,   1,    0.0000000000E+00,    1.4694254109E+00,    1.4694254109E+00,    0.0000000000E+00,    0.0000000000E+00,    0.0000000000E+00,    1.4694254109E+00
     11350,      0.676913,CP4_after_advection,   1,    0.0000000000E+00,    1.4696800684E+00,    1.4696800684E+00,    0.0000000000E+00,    0.0000000000E+00,    0.0000000000E+00,    1.4696800684E+00
     11350,      0.676913,CP5_after_vdif,   1,    0.0000000000E+00,    1.4696800684E+00,    1.4696800684E+00,    0.0000000000E+00,    0.0000000000E+00,    0.0000000000E+00,    1.4696800684E+00
     11350,      0.676913,CP6_after_kinetics,   1,    0.0000000000E+00,    1.4696800684E+00,    1.4696800684E+00,    0.0000000000E+00,    0.0000000000E+00,    0.0000000000E+00,    1.4696800684E+00
     11350,      0.676913,CP7_after_upper_clamp,   1,    0.0000000000E+00,    1.4696800684E+00,    1.4696800684E+00,    0.0000000000E+00,    0.0000000000E+00,    0.0000000000E+00,    1.4696800684E+00
     11350,      0.676913,CP8_after_OBC,   1,    0.0000000000E+00,    1.4696800684E+00,    1.4696800684E+00,    0.0000000000E+00,    0.0000000000E+00,    0.0000000000E+00,    1.4696800684E+00
     11350,      0.676913,CP9_after_PTsource,   1,    0.0000000000E+00,    1.4696800684E+00,    1.4696800684E+00,    0.0000000000E+00,    0.0000000000E+00,    0.0000000000E+00,    1.4696800684E+00
     11350,      0.676913,CP10_after_neg_clamp,   1,    0.0000000000E+00,    1.4696800684E+00,    1.4696800684E+00,    0.0000000000E+00,    0.0000000000E+00,    0.0000000000E+00,    1.4696800684E+00
     11350,      0.676913,CP11_after_MPI,   1,    0.0000000000E+00,    1.4696800684E+00,    1.4696800684E+00,    0.0000000000E+00,    0.0000000000E+00,    0.0000000000E+00,    1.4696800684E+00
     11350,      0.676913,CP12_end,   1,    0.0000000000E+00,    1.4696800684E+00,    1.4696800684E+00,    0.0000000000E+00,    0.0000000000E+00,    0.0000000000E+00,    1.4696800684E+00
     11400,      0.676913,CP0_start,   1,    0.0000000000E+00,    1.4822096667E+00,    1.4822096667E+00,    0.0000000000E+00,    0.0000000000E+00,    0.0000000000E+00,    1.4822096667E+00
     11400,      0.676913,CP1_after_deposition,   1,    0.0000000000E+00,    1.4822096667E+00,    1.4822096667E+00,    0.0000000000E+00,    0.0000000000E+00,    0.0000000000E+00,    1.4822096667E+00
     11400,      0.676913,CP2_after_erosion,   1,    0.0000000000E+00,    1.4822096667E+00,    1.4822096667E+00,    0.0000000000E+00,    0.0000000000E+00,    0.0000000000E+00,    1.4822096667E+00
     11400,      0.676913,CP3_after_update_bottom,   1,    0.0000000000E+00,    1.4822096667E+00,    1.4822096667E+00,    0.0000000000E+00,    0.0000000000E+00,    0.0000000000E+00,    1.4822096667E+00
     11400,      0.676913,CP4_after_advection,   1,    0.0000000000E+00,    1.4824657125E+00,    1.4824657125E+00,    0.0000000000E+00,    0.0000000000E+00,    0.0000000000E+00,    1.4824657125E+00
     11400,      0.676913,CP5_after_vdif,   1,    0.0000000000E+00,    1.4824657125E+00,    1.4824657125E+00,    0.0000000000E+00,    0.0000000000E+00,    0.0000000000E+00,    1.4824657125E+00
     11400,      0.676913,CP6_after_kinetics,   1,    0.0000000000E+00,    1.4824657125E+00,    1.4824657125E+00,    0.0000000000E+00,    0.0000000000E+00,    0.0000000000E+00,    1.4824657125E+00
     11400,      0.676913,CP7_after_upper_clamp,   1,    0.0000000000E+00,    1.4824657125E+00,    1.4824657125E+00,    0.0000000000E+00,    0.0000000000E+00,    0.0000000000E+00,    1.4824657125E+00
     11400,      0.676913,CP8_after_OBC,   1,    0.0000000000E+00,    1.4824657125E+00,    1.4824657125E+00,    0.0000000000E+00,    0.0000000000E+00,    0.0000000000E+00,    1.4824657125E+00
     11400,      0.676913,CP9_after_PTsource,   1,    0.0000000000E+00,    1.4824657125E+00,    1.4824657125E+00,    0.0000000000E+00,    0.0000000000E+00,    0.0000000000E+00,    1.4824657125E+00
     11400,      0.676913,CP10_after_neg_clamp,   1,    0.0000000000E+00,    1.4824657125E+00,    1.4824657125E+00,    0.0000000000E+00,    0.0000000000E+00,    0.0000000000E+00,    1.4824657125E+00
     11400,      0.676913,CP11_after_MPI,   1,    0.0000000000E+00,    1.4824657125E+00,    1.4824657125E+00,    0.0000000000E+00,    0.0000000000E+00,    0.0000000000E+00,    1.4824657125E+00
     11400,      0.676913,CP12_end,   1,    0.0000000000E+00,    1.4824657125E+00,    1.4824657125E+00,    0.0000000000E+00,    0.0000000000E+00,    0.0000000000E+00,    1.4824657125E+00
     11450,      0.676913,CP0_start,   1,    0.0000000000E+00,    1.4950504484E+00,    1.4950504484E+00,    0.0000000000E+00,    0.0000000000E+00,    0.0000000000E+00,    1.4950504484E+00
     11450,      0.676913,CP1_after_deposition,   1,    0.0000000000E+00,    1.4950504484E+00,    1.4950504484E+00,    0.0000000000E+00,    0.0000000000E+00,    0.0000000000E+00,    1.4950504484E+00
     11450,      0.676913,CP2_after_erosion,   1,    0.0000000000E+00,    1.4950504484E+00,    1.4950504484E+00,    0.0000000000E+00,    0.0000000000E+00,    0.0000000000E+00,    1.4950504484E+00
     11450,      0.676913,CP3_after_update_bottom,   1,    0.0000000000E+00,    1.4950504484E+00,    1.4950504484E+00,    0.0000000000E+00,    0.0000000000E+00,    0.0000000000E+00,    1.4950504484E+00
     11450,      0.676913,CP4_after_advection,   1,    0.0000000000E+00,    1.4953074504E+00,    1.4953074504E+00,    0.0000000000E+00,    0.0000000000E+00,    0.0000000000E+00,    1.4953074504E+00
     11450,      0.676913,CP5_after_vdif,   1,    0.0000000000E+00,    1.4953074504E+00,    1.4953074504E+00,    0.0000000000E+00,    0.0000000000E+00,    0.0000000000E+00,    1.4953074504E+00
     11450,      0.676913,CP6_after_kinetics,   1,    0.0000000000E+00,    1.4953074504E+00,    1.4953074504E+00,    0.0000000000E+00,    0.0000000000E+00,    0.0000000000E+00,    1.4953074504E+00
     11450,      0.676913,CP7_after_upper_clamp,   1,    0.0000000000E+00,    1.4953074504E+00,    1.4953074504E+00,    0.0000000000E+00,    0.0000000000E+00,    0.0000000000E+00,    1.4953074504E+00
     11450,      0.676913,CP8_after_OBC,   1,    0.0000000000E+00,    1.4953074504E+00,    1.4953074504E+00,    0.0000000000E+00,    0.0000000000E+00,    0.0000000000E+00,    1.4953074504E+00
     11450,      0.676913,CP9_after_PTsource,   1,    0.0000000000E+00,    1.4953074504E+00,    1.4953074504E+00,    0.0000000000E+00,    0.0000000000E+00,    0.0000000000E+00,    1.4953074504E+00
     11450,      0.676913,CP10_after_neg_clamp,   1,    0.0000000000E+00,    1.4953074504E+00,    1.4953074504E+00,    0.0000000000E+00,    0.0000000000E+00,    0.0000000000E+00,    1.4953074504E+00
     11450,      0.676913,CP11_after_MPI,   1,    0.0000000000E+00,    1.4953074504E+00,    1.4953074504E+00,    0.0000000000E+00,    0.0000000000E+00,    0.0000000000E+00,    1.4953074504E+00
     11450,      0.676913,CP12_end,   1,    0.0000000000E+00,    1.4953074504E+00,    1.4953074504E+00,    0.0000000000E+00,    0.0000000000E+00,    0.0000000000E+00,    1.4953074504E+00
     11500,      0.676913,CP0_start,   1,    0.0000000000E+00,    1.5079471274E+00,    1.5079471274E+00,    0.0000000000E+00,    0.0000000000E+00,    0.0000000000E+00,    1.5079471274E+00
     11500,      0.676913,CP1_after_deposition,   1,    0.0000000000E+00,    1.5079471274E+00,    1.5079471274E+00,    0.0000000000E+00,    0.0000000000E+00,    0.0000000000E+00,    1.5079471274E+00
     11500,      0.676913,CP2_after_erosion,   1,    0.0000000000E+00,    1.5079471274E+00,    1.5079471274E+00,    0.0000000000E+00,    0.0000000000E+00,    0.0000000000E+00,    1.5079471274E+00
     11500,      0.676913,CP3_after_update_bottom,   1,    0.0000000000E+00,    1.5079471274E+00,    1.5079471274E+00,    0.0000000000E+00,    0.0000000000E+00,    0.0000000000E+00,    1.5079471274E+00
     11500,      0.676913,CP4_after_advection,   1,    0.0000000000E+00,    1.5082052805E+00,    1.5082052805E+00,    0.0000000000E+00,    0.0000000000E+00,    0.0000000000E+00,    1.5082052805E+00
     11500,      0.676913,CP5_after_vdif,   1,    0.0000000000E+00,    1.5082052805E+00,    1.5082052805E+00,    0.0000000000E+00,    0.0000000000E+00,    0.0000000000E+00,    1.5082052805E+00
     11500,      0.676913,CP6_after_kinetics,   1,    0.0000000000E+00,    1.5082052805E+00,    1.5082052805E+00,    0.0000000000E+00,    0.0000000000E+00,    0.0000000000E+00,    1.5082052805E+00
     11500,      0.676913,CP7_after_upper_clamp,   1,    0.0000000000E+00,    1.5082052805E+00,    1.5082052805E+00,    0.0000000000E+00,    0.0000000000E+00,    0.0000000000E+00,    1.5082052805E+00
     11500,      0.676913,CP8_after_OBC,   1,    0.0000000000E+00,    1.5082052805E+00,    1.5082052805E+00,    0.0000000000E+00,    0.0000000000E+00,    0.0000000000E+00,    1.5082052805E+00
     11500,      0.676913,CP9_after_PTsource,   1,    0.0000000000E+00,    1.5082052805E+00,    1.5082052805E+00,    0.0000000000E+00,    0.0000000000E+00,    0.0000000000E+00,    1.5082052805E+00
     11500,      0.676913,CP10_after_neg_clamp,   1,    0.0000000000E+00,    1.5082052805E+00,    1.5082052805E+00,    0.0000000000E+00,    0.0000000000E+00,    0.0000000000E+00,    1.5082052805E+00
     11500,      0.676913,CP11_after_MPI,   1,    0.0000000000E+00,    1.5082052805E+00,    1.5082052805E+00,    0.0000000000E+00,    0.0000000000E+00,    0.0000000000E+00,    1.5082052805E+00
     11500,      0.676913,CP12_end,   1,    0.0000000000E+00,    1.5082052805E+00,    1.5082052805E+00,    0.0000000000E+00,    0.0000000000E+00,    0.0000000000E+00,    1.5082052805E+00
     11550,      0.676913,CP0_start,   1,    0.0000000000E+00,    1.5208994797E+00,    1.5208994797E+00,    0.0000000000E+00,    0.0000000000E+00,    0.0000000000E+00,    1.5208994797E+00
     11550,      0.676913,CP1_after_deposition,   1,    0.0000000000E+00,    1.5208994797E+00,    1.5208994797E+00,    0.0000000000E+00,    0.0000000000E+00,    0.0000000000E+00,    1.5208994797E+00
     11550,      0.676913,CP2_after_erosion,   1,    0.0000000000E+00,    1.5208994797E+00,    1.5208994797E+00,    0.0000000000E+00,    0.0000000000E+00,    0.0000000000E+00,    1.5208994797E+00
     11550,      0.676913,CP3_after_update_bottom,   1,    0.0000000000E+00,    1.5208994797E+00,    1.5208994797E+00,    0.0000000000E+00,    0.0000000000E+00,    0.0000000000E+00,    1.5208994797E+00
     11550,      0.676913,CP4_after_advection,   1,    0.0000000000E+00,    1.5211592016E+00,    1.5211592016E+00,    0.0000000000E+00,    0.0000000000E+00,    0.0000000000E+00,    1.5211592016E+00
     11550,      0.676913,CP5_after_vdif,   1,    0.0000000000E+00,    1.5211592016E+00,    1.5211592016E+00,    0.0000000000E+00,    0.0000000000E+00,    0.0000000000E+00,    1.5211592016E+00
     11550,      0.676913,CP6_after_kinetics,   1,    0.0000000000E+00,    1.5211592016E+00,    1.5211592016E+00,    0.0000000000E+00,    0.0000000000E+00,    0.0000000000E+00,    1.5211592016E+00
     11550,      0.676913,CP7_after_upper_clamp,   1,    0.0000000000E+00,    1.5211592016E+00,    1.5211592016E+00,    0.0000000000E+00,    0.0000000000E+00,    0.0000000000E+00,    1.5211592016E+00
     11550,      0.676913,CP8_after_OBC,   1,    0.0000000000E+00,    1.5211592016E+00,    1.5211592016E+00,    0.0000000000E+00,    0.0000000000E+00,    0.0000000000E+00,    1.5211592016E+00
     11550,      0.676913,CP9_after_PTsource,   1,    0.0000000000E+00,    1.5211592016E+00,    1.5211592016E+00,    0.0000000000E+00,    0.0000000000E+00,    0.0000000000E+00,    1.5211592016E+00
     11550,      0.676913,CP10_after_neg_clamp,   1,    0.0000000000E+00,    1.5211592016E+00,    1.5211592016E+00,    0.0000000000E+00,    0.0000000000E+00,    0.0000000000E+00,    1.5211592016E+00
     11550,      0.676913,CP11_after_MPI,   1,    0.0000000000E+00,    1.5211592016E+00,    1.5211592016E+00,    0.0000000000E+00,    0.0000000000E+00,    0.0000000000E+00,    1.5211592016E+00
     11550,      0.676913,CP12_end,   1,    0.0000000000E+00,    1.5211592016E+00,    1.5211592016E+00,    0.0000000000E+00,    0.0000000000E+00,    0.0000000000E+00,    1.5211592016E+00
     11600,      0.676913,CP0_start,   1,    0.0000000000E+00,    1.5339086871E+00,    1.5339086871E+00,    0.0000000000E+00,    0.0000000000E+00,    0.0000000000E+00,    1.5339086871E+00
     11600,      0.676913,CP1_after_deposition,   1,    0.0000000000E+00,    1.5339086871E+00,    1.5339086871E+00,    0.0000000000E+00,    0.0000000000E+00,    0.0000000000E+00,    1.5339086871E+00
     11600,      0.676913,CP2_after_erosion,   1,    0.0000000000E+00,    1.5339086871E+00,    1.5339086871E+00,    0.0000000000E+00,    0.0000000000E+00,    0.0000000000E+00,    1.5339086871E+00
     11600,      0.676913,CP3_after_update_bottom,   1,    0.0000000000E+00,    1.5339086871E+00,    1.5339086871E+00,    0.0000000000E+00,    0.0000000000E+00,    0.0000000000E+00,    1.5339086871E+00
     11600,      0.676913,CP4_after_advection,   1,    0.0000000000E+00,    1.5341692123E+00,    1.5341692123E+00,    0.0000000000E+00,    0.0000000000E+00,    0.0000000000E+00,    1.5341692123E+00
     11600,      0.676913,CP5_after_vdif,   1,    0.0000000000E+00,    1.5341692123E+00,    1.5341692123E+00,    0.0000000000E+00,    0.0000000000E+00,    0.0000000000E+00,    1.5341692123E+00
     11600,      0.676913,CP6_after_kinetics,   1,    0.0000000000E+00,    1.5341692123E+00,    1.5341692123E+00,    0.0000000000E+00,    0.0000000000E+00,    0.0000000000E+00,    1.5341692123E+00
     11600,      0.676913,CP7_after_upper_clamp,   1,    0.0000000000E+00,    1.5341692123E+00,    1.5341692123E+00,    0.0000000000E+00,    0.0000000000E+00,    0.0000000000E+00,    1.5341692123E+00
     11600,      0.676913,CP8_after_OBC,   1,    0.0000000000E+00,    1.5341692123E+00,    1.5341692123E+00,    0.0000000000E+00,    0.0000000000E+00,    0.0000000000E+00,    1.5341692123E+00
     11600,      0.676913,CP9_after_PTsource,   1,    0.0000000000E+00,    1.5341692123E+00,    1.5341692123E+00,    0.0000000000E+00,    0.0000000000E+00,    0.0000000000E+00,    1.5341692123E+00
     11600,      0.676913,CP10_after_neg_clamp,   1,    0.0000000000E+00,    1.5341692123E+00,    1.5341692123E+00,    0.0000000000E+00,    0.0000000000E+00,    0.0000000000E+00,    1.5341692123E+00
     11600,      0.676913,CP11_after_MPI,   1,    0.0000000000E+00,    1.5341692123E+00,    1.5341692123E+00,    0.0000000000E+00,    0.0000000000E+00,    0.0000000000E+00,    1.5341692123E+00
     11600,      0.676913,CP12_end,   1,    0.0000000000E+00,    1.5341692123E+00,    1.5341692123E+00,    0.0000000000E+00,    0.0000000000E+00,    0.0000000000E+00,    1.5341692123E+00
     11650,      0.676913,CP0_start,   1,    0.0000000000E+00,    1.5469733336E+00,    1.5469733336E+00,    0.0000000000E+00,    0.0000000000E+00,    0.0000000000E+00,    1.5469733336E+00
     11650,      0.676913,CP1_after_deposition,   1,    0.0000000000E+00,    1.5469733336E+00,    1.5469733336E+00,    0.0000000000E+00,    0.0000000000E+00,    0.0000000000E+00,    1.5469733336E+00
     11650,      0.676913,CP2_after_erosion,   1,    0.0000000000E+00,    1.5469733336E+00,    1.5469733336E+00,    0.0000000000E+00,    0.0000000000E+00,    0.0000000000E+00,    1.5469733336E+00
     11650,      0.676913,CP3_after_update_bottom,   1,    0.0000000000E+00,    1.5469733336E+00,    1.5469733336E+00,    0.0000000000E+00,    0.0000000000E+00,    0.0000000000E+00,    1.5469733336E+00
     11650,      0.676913,CP4_after_advection,   1,    0.0000000000E+00,    1.5472353112E+00,    1.5472353112E+00,    0.0000000000E+00,    0.0000000000E+00,    0.0000000000E+00,    1.5472353112E+00
     11650,      0.676913,CP5_after_vdif,   1,    0.0000000000E+00,    1.5472353112E+00,    1.5472353112E+00,    0.0000000000E+00,    0.0000000000E+00,    0.0000000000E+00,    1.5472353112E+00
     11650,      0.676913,CP6_after_kinetics,   1,    0.0000000000E+00,    1.5472353112E+00,    1.5472353112E+00,    0.0000000000E+00,    0.0000000000E+00,    0.0000000000E+00,    1.5472353112E+00
     11650,      0.676913,CP7_after_upper_clamp,   1,    0.0000000000E+00,    1.5472353112E+00,    1.5472353112E+00,    0.0000000000E+00,    0.0000000000E+00,    0.0000000000E+00,    1.5472353112E+00
     11650,      0.676913,CP8_after_OBC,   1,    0.0000000000E+00,    1.5472353112E+00,    1.5472353112E+00,    0.0000000000E+00,    0.0000000000E+00,    0.0000000000E+00,    1.5472353112E+00
     11650,      0.676913,CP9_after_PTsource,   1,    0.0000000000E+00,    1.5472353112E+00,    1.5472353112E+00,    0.0000000000E+00,    0.0000000000E+00,    0.0000000000E+00,    1.5472353112E+00
     11650,      0.676913,CP10_after_neg_clamp,   1,    0.0000000000E+00,    1.5472353112E+00,    1.5472353112E+00,    0.0000000000E+00,    0.0000000000E+00,    0.0000000000E+00,    1.5472353112E+00
     11650,      0.676913,CP11_after_MPI,   1,    0.0000000000E+00,    1.5472353112E+00,    1.5472353112E+00,    0.0000000000E+00,    0.0000000000E+00,    0.0000000000E+00,    1.5472353112E+00
     11650,      0.676913,CP12_end,   1,    0.0000000000E+00,    1.5472353112E+00,    1.5472353112E+00,    0.0000000000E+00,    0.0000000000E+00,    0.0000000000E+00,    1.5472353112E+00
     11700,      0.676913,CP0_start,   1,    0.0000000000E+00,    1.5600942997E+00,    1.5600942997E+00,    0.0000000000E+00,    0.0000000000E+00,    0.0000000000E+00,    1.5600942997E+00
     11700,      0.676913,CP1_after_deposition,   1,    0.0000000000E+00,    1.5600942997E+00,    1.5600942997E+00,    0.0000000000E+00,    0.0000000000E+00,    0.0000000000E+00,    1.5600942997E+00
     11700,      0.676913,CP2_after_erosion,   1,    0.0000000000E+00,    1.5600942997E+00,    1.5600942997E+00,    0.0000000000E+00,    0.0000000000E+00,    0.0000000000E+00,    1.5600942997E+00
     11700,      0.676913,CP3_after_update_bottom,   1,    0.0000000000E+00,    1.5600942997E+00,    1.5600942997E+00,    0.0000000000E+00,    0.0000000000E+00,    0.0000000000E+00,    1.5600942997E+00
     11700,      0.676913,CP4_after_advection,   1,    0.0000000000E+00,    1.5603574968E+00,    1.5603574968E+00,    0.0000000000E+00,    0.0000000000E+00,    0.0000000000E+00,    1.5603574968E+00
     11700,      0.676913,CP5_after_vdif,   1,    0.0000000000E+00,    1.5603574968E+00,    1.5603574968E+00,    0.0000000000E+00,    0.0000000000E+00,    0.0000000000E+00,    1.5603574968E+00
     11700,      0.676913,CP6_after_kinetics,   1,    0.0000000000E+00,    1.5603574968E+00,    1.5603574968E+00,    0.0000000000E+00,    0.0000000000E+00,    0.0000000000E+00,    1.5603574968E+00
     11700,      0.676913,CP7_after_upper_clamp,   1,    0.0000000000E+00,    1.5603574968E+00,    1.5603574968E+00,    0.0000000000E+00,    0.0000000000E+00,    0.0000000000E+00,    1.5603574968E+00
     11700,      0.676913,CP8_after_OBC,   1,    0.0000000000E+00,    1.5603574968E+00,    1.5603574968E+00,    0.0000000000E+00,    0.0000000000E+00,    0.0000000000E+00,    1.5603574968E+00
     11700,      0.676913,CP9_after_PTsource,   1,    0.0000000000E+00,    1.5603574968E+00,    1.5603574968E+00,    0.0000000000E+00,    0.0000000000E+00,    0.0000000000E+00,    1.5603574968E+00
     11700,      0.676913,CP10_after_neg_clamp,   1,    0.0000000000E+00,    1.5603574968E+00,    1.5603574968E+00,    0.0000000000E+00,    0.0000000000E+00,    0.0000000000E+00,    1.5603574968E+00
     11700,      0.676913,CP11_after_MPI,   1,    0.0000000000E+00,    1.5603574968E+00,    1.5603574968E+00,    0.0000000000E+00,    0.0000000000E+00,    0.0000000000E+00,    1.5603574968E+00
     11700,      0.676913,CP12_end,   1,    0.0000000000E+00,    1.5603574968E+00,    1.5603574968E+00,    0.0000000000E+00,    0.0000000000E+00,    0.0000000000E+00,    1.5603574968E+00
     11750,      0.676913,CP0_start,   1,    0.0000000000E+00,    1.5730857541E+00,    1.5730857541E+00,    0.0000000000E+00,    0.0000000000E+00,    0.0000000000E+00,    1.5730857541E+00
     11750,      0.676913,CP1_after_deposition,   1,    0.0000000000E+00,    1.5730857541E+00,    1.5730857541E+00,    0.0000000000E+00,    0.0000000000E+00,    0.0000000000E+00,    1.5730857541E+00
     11750,      0.676913,CP2_after_erosion,   1,    0.0000000000E+00,    1.5730857541E+00,    1.5730857541E+00,    0.0000000000E+00,    0.0000000000E+00,    0.0000000000E+00,    1.5730857541E+00
     11750,      0.676913,CP3_after_update_bottom,   1,    0.0000000000E+00,    1.5730857541E+00,    1.5730857541E+00,    0.0000000000E+00,    0.0000000000E+00,    0.0000000000E+00,    1.5730857541E+00
     11750,      0.676913,CP4_after_advection,   1,    0.0000000000E+00,    1.5733471218E+00,    1.5733471218E+00,    0.0000000000E+00,    0.0000000000E+00,    0.0000000000E+00,    1.5733471218E+00
     11750,      0.676913,CP5_after_vdif,   1,    0.0000000000E+00,    1.5733471218E+00,    1.5733471218E+00,    0.0000000000E+00,    0.0000000000E+00,    0.0000000000E+00,    1.5733471218E+00
     11750,      0.676913,CP6_after_kinetics,   1,    0.0000000000E+00,    1.5733471218E+00,    1.5733471218E+00,    0.0000000000E+00,    0.0000000000E+00,    0.0000000000E+00,    1.5733471218E+00
     11750,      0.676913,CP7_after_upper_clamp,   1,    0.0000000000E+00,    1.5733471218E+00,    1.5733471218E+00,    0.0000000000E+00,    0.0000000000E+00,    0.0000000000E+00,    1.5733471218E+00
     11750,      0.676913,CP8_after_OBC,   1,    0.0000000000E+00,    1.5733471218E+00,    1.5733471218E+00,    0.0000000000E+00,    0.0000000000E+00,    0.0000000000E+00,    1.5733471218E+00
     11750,      0.676913,CP9_after_PTsource,   1,    0.0000000000E+00,    1.5733471218E+00,    1.5733471218E+00,    0.0000000000E+00,    0.0000000000E+00,    0.0000000000E+00,    1.5733471218E+00
     11750,      0.676913,CP10_after_neg_clamp,   1,    0.0000000000E+00,    1.5733471218E+00,    1.5733471218E+00,    0.0000000000E+00,    0.0000000000E+00,    0.0000000000E+00,    1.5733471218E+00
     11750,      0.676913,CP11_after_MPI,   1,    0.0000000000E+00,    1.5733471218E+00,    1.5733471218E+00,    0.0000000000E+00,    0.0000000000E+00,    0.0000000000E+00,    1.5733471218E+00
     11750,      0.676913,CP12_end,   1,    0.0000000000E+00,    1.5733471218E+00,    1.5733471218E+00,    0.0000000000E+00,    0.0000000000E+00,    0.0000000000E+00,    1.5733471218E+00
     11800,      0.676913,CP0_start,   1,    0.0000000000E+00,    1.5861299131E+00,    1.5861299131E+00,    0.0000000000E+00,    0.0000000000E+00,    0.0000000000E+00,    1.5861299131E+00
     11800,      0.676913,CP1_after_deposition,   1,    0.0000000000E+00,    1.5861299131E+00,    1.5861299131E+00,    0.0000000000E+00,    0.0000000000E+00,    0.0000000000E+00,    1.5861299131E+00
     11800,      0.676913,CP2_after_erosion,   1,    0.0000000000E+00,    1.5861299131E+00,    1.5861299131E+00,    0.0000000000E+00,    0.0000000000E+00,    0.0000000000E+00,    1.5861299131E+00
     11800,      0.676913,CP3_after_update_bottom,   1,    0.0000000000E+00,    1.5861299131E+00,    1.5861299131E+00,    0.0000000000E+00,    0.0000000000E+00,    0.0000000000E+00,    1.5861299131E+00
     11800,      0.676913,CP4_after_advection,   1,    0.0000000000E+00,    1.5863920279E+00,    1.5863920279E+00,    0.0000000000E+00,    0.0000000000E+00,    0.0000000000E+00,    1.5863920279E+00
     11800,      0.676913,CP5_after_vdif,   1,    0.0000000000E+00,    1.5863920279E+00,    1.5863920279E+00,    0.0000000000E+00,    0.0000000000E+00,    0.0000000000E+00,    1.5863920279E+00
     11800,      0.676913,CP6_after_kinetics,   1,    0.0000000000E+00,    1.5863920279E+00,    1.5863920279E+00,    0.0000000000E+00,    0.0000000000E+00,    0.0000000000E+00,    1.5863920279E+00
     11800,      0.676913,CP7_after_upper_clamp,   1,    0.0000000000E+00,    1.5863920279E+00,    1.5863920279E+00,    0.0000000000E+00,    0.0000000000E+00,    0.0000000000E+00,    1.5863920279E+00
     11800,      0.676913,CP8_after_OBC,   1,    0.0000000000E+00,    1.5863920279E+00,    1.5863920279E+00,    0.0000000000E+00,    0.0000000000E+00,    0.0000000000E+00,    1.5863920279E+00
     11800,      0.676913,CP9_after_PTsource,   1,    0.0000000000E+00,    1.5863920279E+00,    1.5863920279E+00,    0.0000000000E+00,    0.0000000000E+00,    0.0000000000E+00,    1.5863920279E+00
     11800,      0.676913,CP10_after_neg_clamp,   1,    0.0000000000E+00,    1.5863920279E+00,    1.5863920279E+00,    0.0000000000E+00,    0.0000000000E+00,    0.0000000000E+00,    1.5863920279E+00
     11800,      0.676913,CP11_after_MPI,   1,    0.0000000000E+00,    1.5863920279E+00,    1.5863920279E+00,    0.0000000000E+00,    0.0000000000E+00,    0.0000000000E+00,    1.5863920279E+00
     11800,      0.676913,CP12_end,   1,    0.0000000000E+00,    1.5863920279E+00,    1.5863920279E+00,    0.0000000000E+00,    0.0000000000E+00,    0.0000000000E+00,    1.5863920279E+00
     11850,      0.676913,CP0_start,   1,    0.0000000000E+00,    1.5992290970E+00,    1.5992290970E+00,    0.0000000000E+00,    0.0000000000E+00,    0.0000000000E+00,    1.5992290970E+00
     11850,      0.676913,CP1_after_deposition,   1,    0.0000000000E+00,    1.5992290970E+00,    1.5992290970E+00,    0.0000000000E+00,    0.0000000000E+00,    0.0000000000E+00,    1.5992290970E+00
     11850,      0.676913,CP2_after_erosion,   1,    0.0000000000E+00,    1.5992290970E+00,    1.5992290970E+00,    0.0000000000E+00,    0.0000000000E+00,    0.0000000000E+00,    1.5992290970E+00
     11850,      0.676913,CP3_after_update_bottom,   1,    0.0000000000E+00,    1.5992290970E+00,    1.5992290970E+00,    0.0000000000E+00,    0.0000000000E+00,    0.0000000000E+00,    1.5992290970E+00
     11850,      0.676913,CP4_after_advection,   1,    0.0000000000E+00,    1.5994922137E+00,    1.5994922137E+00,    0.0000000000E+00,    0.0000000000E+00,    0.0000000000E+00,    1.5994922137E+00
     11850,      0.676913,CP5_after_vdif,   1,    0.0000000000E+00,    1.5994922137E+00,    1.5994922137E+00,    0.0000000000E+00,    0.0000000000E+00,    0.0000000000E+00,    1.5994922137E+00
     11850,      0.676913,CP6_after_kinetics,   1,    0.0000000000E+00,    1.5994922137E+00,    1.5994922137E+00,    0.0000000000E+00,    0.0000000000E+00,    0.0000000000E+00,    1.5994922137E+00
     11850,      0.676913,CP7_after_upper_clamp,   1,    0.0000000000E+00,    1.5994922137E+00,    1.5994922137E+00,    0.0000000000E+00,    0.0000000000E+00,    0.0000000000E+00,    1.5994922137E+00
     11850,      0.676913,CP8_after_OBC,   1,    0.0000000000E+00,    1.5994922137E+00,    1.5994922137E+00,    0.0000000000E+00,    0.0000000000E+00,    0.0000000000E+00,    1.5994922137E+00
     11850,      0.676913,CP9_after_PTsource,   1,    0.0000000000E+00,    1.5994922137E+00,    1.5994922137E+00,    0.0000000000E+00,    0.0000000000E+00,    0.0000000000E+00,    1.5994922137E+00
     11850,      0.676913,CP10_after_neg_clamp,   1,    0.0000000000E+00,    1.5994922137E+00,    1.5994922137E+00,    0.0000000000E+00,    0.0000000000E+00,    0.0000000000E+00,    1.5994922137E+00
     11850,      0.676913,CP11_after_MPI,   1,    0.0000000000E+00,    1.5994922137E+00,    1.5994922137E+00,    0.0000000000E+00,    0.0000000000E+00,    0.0000000000E+00,    1.5994922137E+00
     11850,      0.676913,CP12_end,   1,    0.0000000000E+00,    1.5994922137E+00,    1.5994922137E+00,    0.0000000000E+00,    0.0000000000E+00,    0.0000000000E+00,    1.5994922137E+00
     11900,      0.676913,CP0_start,   1,    0.0000000000E+00,    1.6123833930E+00,    1.6123833930E+00,    0.0000000000E+00,    0.0000000000E+00,    0.0000000000E+00,    1.6123833930E+00
     11900,      0.676913,CP1_after_deposition,   1,    0.0000000000E+00,    1.6123833930E+00,    1.6123833930E+00,    0.0000000000E+00,    0.0000000000E+00,    0.0000000000E+00,    1.6123833930E+00
     11900,      0.676913,CP2_after_erosion,   1,    0.0000000000E+00,    1.6123833930E+00,    1.6123833930E+00,    0.0000000000E+00,    0.0000000000E+00,    0.0000000000E+00,    1.6123833930E+00
     11900,      0.676913,CP3_after_update_bottom,   1,    0.0000000000E+00,    1.6123833930E+00,    1.6123833930E+00,    0.0000000000E+00,    0.0000000000E+00,    0.0000000000E+00,    1.6123833930E+00
     11900,      0.676913,CP4_after_advection,   1,    0.0000000000E+00,    1.6126476779E+00,    1.6126476779E+00,    0.0000000000E+00,    0.0000000000E+00,    0.0000000000E+00,    1.6126476779E+00
     11900,      0.676913,CP5_after_vdif,   1,    0.0000000000E+00,    1.6126476779E+00,    1.6126476779E+00,    0.0000000000E+00,    0.0000000000E+00,    0.0000000000E+00,    1.6126476779E+00
     11900,      0.676913,CP6_after_kinetics,   1,    0.0000000000E+00,    1.6126476779E+00,    1.6126476779E+00,    0.0000000000E+00,    0.0000000000E+00,    0.0000000000E+00,    1.6126476779E+00
     11900,      0.676913,CP7_after_upper_clamp,   1,    0.0000000000E+00,    1.6126476779E+00,    1.6126476779E+00,    0.0000000000E+00,    0.0000000000E+00,    0.0000000000E+00,    1.6126476779E+00
     11900,      0.676913,CP8_after_OBC,   1,    0.0000000000E+00,    1.6126476779E+00,    1.6126476779E+00,    0.0000000000E+00,    0.0000000000E+00,    0.0000000000E+00,    1.6126476779E+00
     11900,      0.676913,CP9_after_PTsource,   1,    0.0000000000E+00,    1.6126476779E+00,    1.6126476779E+00,    0.0000000000E+00,    0.0000000000E+00,    0.0000000000E+00,    1.6126476779E+00
     11900,      0.676913,CP10_after_neg_clamp,   1,    0.0000000000E+00,    1.6126476779E+00,    1.6126476779E+00,    0.0000000000E+00,    0.0000000000E+00,    0.0000000000E+00,    1.6126476779E+00
     11900,      0.676913,CP11_after_MPI,   1,    0.0000000000E+00,    1.6126476779E+00,    1.6126476779E+00,    0.0000000000E+00,    0.0000000000E+00,    0.0000000000E+00,    1.6126476779E+00
     11900,      0.676913,CP12_end,   1,    0.0000000000E+00,    1.6126476779E+00,    1.6126476779E+00,    0.0000000000E+00,    0.0000000000E+00,    0.0000000000E+00,    1.6126476779E+00
     11950,      0.676913,CP0_start,   1,    0.0000000000E+00,    1.6255925746E+00,    1.6255925746E+00,    0.0000000000E+00,    0.0000000000E+00,    0.0000000000E+00,    1.6255925746E+00
     11950,      0.676913,CP1_after_deposition,   1,    0.0000000000E+00,    1.6255925746E+00,    1.6255925746E+00,    0.0000000000E+00,    0.0000000000E+00,    0.0000000000E+00,    1.6255925746E+00
     11950,      0.676913,CP2_after_erosion,   1,    0.0000000000E+00,    1.6255925746E+00,    1.6255925746E+00,    0.0000000000E+00,    0.0000000000E+00,    0.0000000000E+00,    1.6255925746E+00
     11950,      0.676913,CP3_after_update_bottom,   1,    0.0000000000E+00,    1.6255925746E+00,    1.6255925746E+00,    0.0000000000E+00,    0.0000000000E+00,    0.0000000000E+00,    1.6255925746E+00
     11950,      0.676913,CP4_after_advection,   1,    0.0000000000E+00,    1.6258584190E+00,    1.6258584190E+00,    0.0000000000E+00,    0.0000000000E+00,    0.0000000000E+00,    1.6258584190E+00
     11950,      0.676913,CP5_after_vdif,   1,    0.0000000000E+00,    1.6258584190E+00,    1.6258584190E+00,    0.0000000000E+00,    0.0000000000E+00,    0.0000000000E+00,    1.6258584190E+00
     11950,      0.676913,CP6_after_kinetics,   1,    0.0000000000E+00,    1.6258584190E+00,    1.6258584190E+00,    0.0000000000E+00,    0.0000000000E+00,    0.0000000000E+00,    1.6258584190E+00
     11950,      0.676913,CP7_after_upper_clamp,   1,    0.0000000000E+00,    1.6258584190E+00,    1.6258584190E+00,    0.0000000000E+00,    0.0000000000E+00,    0.0000000000E+00,    1.6258584190E+00
     11950,      0.676913,CP8_after_OBC,   1,    0.0000000000E+00,    1.6258584190E+00,    1.6258584190E+00,    0.0000000000E+00,    0.0000000000E+00,    0.0000000000E+00,    1.6258584190E+00
     11950,      0.676913,CP9_after_PTsource,   1,    0.0000000000E+00,    1.6258584190E+00,    1.6258584190E+00,    0.0000000000E+00,    0.0000000000E+00,    0.0000000000E+00,    1.6258584190E+00
     11950,      0.676913,CP10_after_neg_clamp,   1,    0.0000000000E+00,    1.6258584190E+00,    1.6258584190E+00,    0.0000000000E+00,    0.0000000000E+00,    0.0000000000E+00,    1.6258584190E+00
     11950,      0.676913,CP11_after_MPI,   1,    0.0000000000E+00,    1.6258584190E+00,    1.6258584190E+00,    0.0000000000E+00,    0.0000000000E+00,    0.0000000000E+00,    1.6258584190E+00
     11950,      0.676913,CP12_end,   1,    0.0000000000E+00,    1.6258584190E+00,    1.6258584190E+00,    0.0000000000E+00,    0.0000000000E+00,    0.0000000000E+00,    1.6258584190E+00
     12000,      0.676913,CP0_start,   1,    0.0000000000E+00,    1.6388584603E+00,    1.6388584603E+00,    0.0000000000E+00,    0.0000000000E+00,    0.0000000000E+00,    1.6388584603E+00
     12000,      0.676913,CP1_after_deposition,   1,    0.0000000000E+00,    1.6388584603E+00,    1.6388584603E+00,    0.0000000000E+00,    0.0000000000E+00,    0.0000000000E+00,    1.6388584603E+00
     12000,      0.676913,CP2_after_erosion,   1,    0.0000000000E+00,    1.6388584603E+00,    1.6388584603E+00,    0.0000000000E+00,    0.0000000000E+00,    0.0000000000E+00,    1.6388584603E+00
     12000,      0.676913,CP3_after_update_bottom,   1,    0.0000000000E+00,    1.6388584603E+00,    1.6388584603E+00,    0.0000000000E+00,    0.0000000000E+00,    0.0000000000E+00,    1.6388584603E+00
     12000,      0.676913,CP4_after_advection,   1,    0.0000000000E+00,    1.6391244357E+00,    1.6391244357E+00,    0.0000000000E+00,    0.0000000000E+00,    0.0000000000E+00,    1.6391244357E+00
     12000,      0.676913,CP5_after_vdif,   1,    0.0000000000E+00,    1.6391244357E+00,    1.6391244357E+00,    0.0000000000E+00,    0.0000000000E+00,    0.0000000000E+00,    1.6391244357E+00
     12000,      0.676913,CP6_after_kinetics,   1,    0.0000000000E+00,    1.6391244357E+00,    1.6391244357E+00,    0.0000000000E+00,    0.0000000000E+00,    0.0000000000E+00,    1.6391244357E+00
     12000,      0.676913,CP7_after_upper_clamp,   1,    0.0000000000E+00,    1.6391244357E+00,    1.6391244357E+00,    0.0000000000E+00,    0.0000000000E+00,    0.0000000000E+00,    1.6391244357E+00
     12000,      0.676913,CP8_after_OBC,   1,    0.0000000000E+00,    1.6391244357E+00,    1.6391244357E+00,    0.0000000000E+00,    0.0000000000E+00,    0.0000000000E+00,    1.6391244357E+00
     12000,      0.676913,CP9_after_PTsource,   1,    0.0000000000E+00,    1.6391244357E+00,    1.6391244357E+00,    0.0000000000E+00,    0.0000000000E+00,    0.0000000000E+00,    1.6391244357E+00
     12000,      0.676913,CP10_after_neg_clamp,   1,    0.0000000000E+00,    1.6391244357E+00,    1.6391244357E+00,    0.0000000000E+00,    0.0000000000E+00,    0.0000000000E+00,    1.6391244357E+00
     12000,      0.676913,CP11_after_MPI,   1,    0.0000000000E+00,    1.6391244357E+00,    1.6391244357E+00,    0.0000000000E+00,    0.0000000000E+00,    0.0000000000E+00,    1.6391244357E+00
     12000,      0.676913,CP12_end,   1,    0.0000000000E+00,    1.6391244357E+00,    1.6391244357E+00,    0.0000000000E+00,    0.0000000000E+00,    0.0000000000E+00,    1.6391244357E+00
     12050,      0.676913,CP0_start,   1,    0.0000000000E+00,    1.6521779859E+00,    1.6521779859E+00,    0.0000000000E+00,    0.0000000000E+00,    0.0000000000E+00,    1.6521779859E+00
     12050,      0.676913,CP1_after_deposition,   1,    0.0000000000E+00,    1.6521779859E+00,    1.6521779859E+00,    0.0000000000E+00,    0.0000000000E+00,    0.0000000000E+00,    1.6521779859E+00
     12050,      0.676913,CP2_after_erosion,   1,    0.0000000000E+00,    1.6521779859E+00,    1.6521779859E+00,    0.0000000000E+00,    0.0000000000E+00,    0.0000000000E+00,    1.6521779859E+00
     12050,      0.676913,CP3_after_update_bottom,   1,    0.0000000000E+00,    1.6521779859E+00,    1.6521779859E+00,    0.0000000000E+00,    0.0000000000E+00,    0.0000000000E+00,    1.6521779859E+00
     12050,      0.676913,CP4_after_advection,   1,    0.0000000000E+00,    1.6524457264E+00,    1.6524457264E+00,    0.0000000000E+00,    0.0000000000E+00,    0.0000000000E+00,    1.6524457264E+00
     12050,      0.676913,CP5_after_vdif,   1,    0.0000000000E+00,    1.6524457264E+00,    1.6524457264E+00,    0.0000000000E+00,    0.0000000000E+00,    0.0000000000E+00,    1.6524457264E+00
     12050,      0.676913,CP6_after_kinetics,   1,    0.0000000000E+00,    1.6524457264E+00,    1.6524457264E+00,    0.0000000000E+00,    0.0000000000E+00,    0.0000000000E+00,    1.6524457264E+00
     12050,      0.676913,CP7_after_upper_clamp,   1,    0.0000000000E+00,    1.6524457264E+00,    1.6524457264E+00,    0.0000000000E+00,    0.0000000000E+00,    0.0000000000E+00,    1.6524457264E+00
     12050,      0.676913,CP8_after_OBC,   1,    0.0000000000E+00,    1.6524457264E+00,    1.6524457264E+00,    0.0000000000E+00,    0.0000000000E+00,    0.0000000000E+00,    1.6524457264E+00
     12050,      0.676913,CP9_after_PTsource,   1,    0.0000000000E+00,    1.6524457264E+00,    1.6524457264E+00,    0.0000000000E+00,    0.0000000000E+00,    0.0000000000E+00,    1.6524457264E+00
     12050,      0.676913,CP10_after_neg_clamp,   1,    0.0000000000E+00,    1.6524457264E+00,    1.6524457264E+00,    0.0000000000E+00,    0.0000000000E+00,    0.0000000000E+00,    1.6524457264E+00
     12050,      0.676913,CP11_after_MPI,   1,    0.0000000000E+00,    1.6524457264E+00,    1.6524457264E+00,    0.0000000000E+00,    0.0000000000E+00,    0.0000000000E+00,    1.6524457264E+00
     12050,      0.676913,CP12_end,   1,    0.0000000000E+00,    1.6524457264E+00,    1.6524457264E+00,    0.0000000000E+00,    0.0000000000E+00,    0.0000000000E+00,    1.6524457264E+00
     12100,      0.676913,CP0_start,   1,    0.0000000000E+00,    1.6655538430E+00,    1.6655538430E+00,    0.0000000000E+00,    0.0000000000E+00,    0.0000000000E+00,    1.6655538430E+00
     12100,      0.676913,CP1_after_deposition,   1,    0.0000000000E+00,    1.6655538430E+00,    1.6655538430E+00,    0.0000000000E+00,    0.0000000000E+00,    0.0000000000E+00,    1.6655538430E+00
     12100,      0.676913,CP2_after_erosion,   1,    0.0000000000E+00,    1.6655538430E+00,    1.6655538430E+00,    0.0000000000E+00,    0.0000000000E+00,    0.0000000000E+00,    1.6655538430E+00
     12100,      0.676913,CP3_after_update_bottom,   1,    0.0000000000E+00,    1.6655538430E+00,    1.6655538430E+00,    0.0000000000E+00,    0.0000000000E+00,    0.0000000000E+00,    1.6655538430E+00
     12100,      0.676913,CP4_after_advection,   1,    0.0000000000E+00,    1.6658222898E+00,    1.6658222898E+00,    0.0000000000E+00,    0.0000000000E+00,    0.0000000000E+00,    1.6658222898E+00
     12100,      0.676913,CP5_after_vdif,   1,    0.0000000000E+00,    1.6658222898E+00,    1.6658222898E+00,    0.0000000000E+00,    0.0000000000E+00,    0.0000000000E+00,    1.6658222898E+00
     12100,      0.676913,CP6_after_kinetics,   1,    0.0000000000E+00,    1.6658222898E+00,    1.6658222898E+00,    0.0000000000E+00,    0.0000000000E+00,    0.0000000000E+00,    1.6658222898E+00
     12100,      0.676913,CP7_after_upper_clamp,   1,    0.0000000000E+00,    1.6658222898E+00,    1.6658222898E+00,    0.0000000000E+00,    0.0000000000E+00,    0.0000000000E+00,    1.6658222898E+00
     12100,      0.676913,CP8_after_OBC,   1,    0.0000000000E+00,    1.6658222898E+00,    1.6658222898E+00,    0.0000000000E+00,    0.0000000000E+00,    0.0000000000E+00,    1.6658222898E+00
     12100,      0.676913,CP9_after_PTsource,   1,    0.0000000000E+00,    1.6658222898E+00,    1.6658222898E+00,    0.0000000000E+00,    0.0000000000E+00,    0.0000000000E+00,    1.6658222898E+00
     12100,      0.676913,CP10_after_neg_clamp,   1,    0.0000000000E+00,    1.6658222898E+00,    1.6658222898E+00,    0.0000000000E+00,    0.0000000000E+00,    0.0000000000E+00,    1.6658222898E+00
     12100,      0.676913,CP11_after_MPI,   1,    0.0000000000E+00,    1.6658222898E+00,    1.6658222898E+00,    0.0000000000E+00,    0.0000000000E+00,    0.0000000000E+00,    1.6658222898E+00
     12100,      0.676913,CP12_end,   1,    0.0000000000E+00,    1.6658222898E+00,    1.6658222898E+00,    0.0000000000E+00,    0.0000000000E+00,    0.0000000000E+00,    1.6658222898E+00
     12150,      0.676913,CP0_start,   1,    0.0000000000E+00,    1.6789849347E+00,    1.6789849347E+00,    0.0000000000E+00,    0.0000000000E+00,    0.0000000000E+00,    1.6789849347E+00
     12150,      0.676913,CP1_after_deposition,   1,    0.0000000000E+00,    1.6789849347E+00,    1.6789849347E+00,    0.0000000000E+00,    0.0000000000E+00,    0.0000000000E+00,    1.6789849347E+00
     12150,      0.676913,CP2_after_erosion,   1,    0.0000000000E+00,    1.6789849347E+00,    1.6789849347E+00,    0.0000000000E+00,    0.0000000000E+00,    0.0000000000E+00,    1.6789849347E+00
     12150,      0.676913,CP3_after_update_bottom,   1,    0.0000000000E+00,    1.6789849347E+00,    1.6789849347E+00,    0.0000000000E+00,    0.0000000000E+00,    0.0000000000E+00,    1.6789849347E+00
     12150,      0.676913,CP4_after_advection,   1,    0.0000000000E+00,    1.6792541245E+00,    1.6792541245E+00,    0.0000000000E+00,    0.0000000000E+00,    0.0000000000E+00,    1.6792541245E+00
     12150,      0.676913,CP5_after_vdif,   1,    0.0000000000E+00,    1.6792541245E+00,    1.6792541245E+00,    0.0000000000E+00,    0.0000000000E+00,    0.0000000000E+00,    1.6792541245E+00
     12150,      0.676913,CP6_after_kinetics,   1,    0.0000000000E+00,    1.6792541245E+00,    1.6792541245E+00,    0.0000000000E+00,    0.0000000000E+00,    0.0000000000E+00,    1.6792541245E+00
     12150,      0.676913,CP7_after_upper_clamp,   1,    0.0000000000E+00,    1.6792541245E+00,    1.6792541245E+00,    0.0000000000E+00,    0.0000000000E+00,    0.0000000000E+00,    1.6792541245E+00
     12150,      0.676913,CP8_after_OBC,   1,    0.0000000000E+00,    1.6792541245E+00,    1.6792541245E+00,    0.0000000000E+00,    0.0000000000E+00,    0.0000000000E+00,    1.6792541245E+00
     12150,      0.676913,CP9_after_PTsource,   1,    0.0000000000E+00,    1.6792541245E+00,    1.6792541245E+00,    0.0000000000E+00,    0.0000000000E+00,    0.0000000000E+00,    1.6792541245E+00
     12150,      0.676913,CP10_after_neg_clamp,   1,    0.0000000000E+00,    1.6792541245E+00,    1.6792541245E+00,    0.0000000000E+00,    0.0000000000E+00,    0.0000000000E+00,    1.6792541245E+00
     12150,      0.676913,CP11_after_MPI,   1,    0.0000000000E+00,    1.6792541245E+00,    1.6792541245E+00,    0.0000000000E+00,    0.0000000000E+00,    0.0000000000E+00,    1.6792541245E+00
     12150,      0.676913,CP12_end,   1,    0.0000000000E+00,    1.6792541245E+00,    1.6792541245E+00,    0.0000000000E+00,    0.0000000000E+00,    0.0000000000E+00,    1.6792541245E+00
     12200,      0.676913,CP0_start,   1,    0.0000000000E+00,    1.6924705198E+00,    1.6924705198E+00,    0.0000000000E+00,    0.0000000000E+00,    0.0000000000E+00,    1.6924705198E+00
     12200,      0.676913,CP1_after_deposition,   1,    0.0000000000E+00,    1.6924705198E+00,    1.6924705198E+00,    0.0000000000E+00,    0.0000000000E+00,    0.0000000000E+00,    1.6924705198E+00
     12200,      0.676913,CP2_after_erosion,   1,    0.0000000000E+00,    1.6924705198E+00,    1.6924705198E+00,    0.0000000000E+00,    0.0000000000E+00,    0.0000000000E+00,    1.6924705198E+00
     12200,      0.676913,CP3_after_update_bottom,   1,    0.0000000000E+00,    1.6924705198E+00,    1.6924705198E+00,    0.0000000000E+00,    0.0000000000E+00,    0.0000000000E+00,    1.6924705198E+00
     12200,      0.676913,CP4_after_advection,   1,    0.0000000000E+00,    1.6927412290E+00,    1.6927412290E+00,    0.0000000000E+00,    0.0000000000E+00,    0.0000000000E+00,    1.6927412290E+00
     12200,      0.676913,CP5_after_vdif,   1,    0.0000000000E+00,    1.6927412290E+00,    1.6927412290E+00,    0.0000000000E+00,    0.0000000000E+00,    0.0000000000E+00,    1.6927412290E+00
     12200,      0.676913,CP6_after_kinetics,   1,    0.0000000000E+00,    1.6927412290E+00,    1.6927412290E+00,    0.0000000000E+00,    0.0000000000E+00,    0.0000000000E+00,    1.6927412290E+00
     12200,      0.676913,CP7_after_upper_clamp,   1,    0.0000000000E+00,    1.6927412290E+00,    1.6927412290E+00,    0.0000000000E+00,    0.0000000000E+00,    0.0000000000E+00,    1.6927412290E+00
     12200,      0.676913,CP8_after_OBC,   1,    0.0000000000E+00,    1.6927412290E+00,    1.6927412290E+00,    0.0000000000E+00,    0.0000000000E+00,    0.0000000000E+00,    1.6927412290E+00
     12200,      0.676913,CP9_after_PTsource,   1,    0.0000000000E+00,    1.6927412290E+00,    1.6927412290E+00,    0.0000000000E+00,    0.0000000000E+00,    0.0000000000E+00,    1.6927412290E+00
     12200,      0.676913,CP10_after_neg_clamp,   1,    0.0000000000E+00,    1.6927412290E+00,    1.6927412290E+00,    0.0000000000E+00,    0.0000000000E+00,    0.0000000000E+00,    1.6927412290E+00
     12200,      0.676913,CP11_after_MPI,   1,    0.0000000000E+00,    1.6927412290E+00,    1.6927412290E+00,    0.0000000000E+00,    0.0000000000E+00,    0.0000000000E+00,    1.6927412290E+00
     12200,      0.676913,CP12_end,   1,    0.0000000000E+00,    1.6927412290E+00,    1.6927412290E+00,    0.0000000000E+00,    0.0000000000E+00,    0.0000000000E+00,    1.6927412290E+00
     12250,      0.676913,CP0_start,   1,    0.0000000000E+00,    1.7060124898E+00,    1.7060124898E+00,    0.0000000000E+00,    0.0000000000E+00,    0.0000000000E+00,    1.7060124898E+00
     12250,      0.676913,CP1_after_deposition,   1,    0.0000000000E+00,    1.7060124898E+00,    1.7060124898E+00,    0.0000000000E+00,    0.0000000000E+00,    0.0000000000E+00,    1.7060124898E+00
     12250,      0.676913,CP2_after_erosion,   1,    0.0000000000E+00,    1.7060124898E+00,    1.7060124898E+00,    0.0000000000E+00,    0.0000000000E+00,    0.0000000000E+00,    1.7060124898E+00
     12250,      0.676913,CP3_after_update_bottom,   1,    0.0000000000E+00,    1.7060124898E+00,    1.7060124898E+00,    0.0000000000E+00,    0.0000000000E+00,    0.0000000000E+00,    1.7060124898E+00
     12250,      0.676913,CP4_after_advection,   1,    0.0000000000E+00,    1.7062836019E+00,    1.7062836019E+00,    0.0000000000E+00,    0.0000000000E+00,    0.0000000000E+00,    1.7062836019E+00
     12250,      0.676913,CP5_after_vdif,   1,    0.0000000000E+00,    1.7062836019E+00,    1.7062836019E+00,    0.0000000000E+00,    0.0000000000E+00,    0.0000000000E+00,    1.7062836019E+00
     12250,      0.676913,CP6_after_kinetics,   1,    0.0000000000E+00,    1.7062836019E+00,    1.7062836019E+00,    0.0000000000E+00,    0.0000000000E+00,    0.0000000000E+00,    1.7062836019E+00
     12250,      0.676913,CP7_after_upper_clamp,   1,    0.0000000000E+00,    1.7062836019E+00,    1.7062836019E+00,    0.0000000000E+00,    0.0000000000E+00,    0.0000000000E+00,    1.7062836019E+00
     12250,      0.676913,CP8_after_OBC,   1,    0.0000000000E+00,    1.7062836019E+00,    1.7062836019E+00,    0.0000000000E+00,    0.0000000000E+00,    0.0000000000E+00,    1.7062836019E+00
     12250,      0.676913,CP9_after_PTsource,   1,    0.0000000000E+00,    1.7062836019E+00,    1.7062836019E+00,    0.0000000000E+00,    0.0000000000E+00,    0.0000000000E+00,    1.7062836019E+00
     12250,      0.676913,CP10_after_neg_clamp,   1,    0.0000000000E+00,    1.7062836019E+00,    1.7062836019E+00,    0.0000000000E+00,    0.0000000000E+00,    0.0000000000E+00,    1.7062836019E+00
     12250,      0.676913,CP11_after_MPI,   1,    0.0000000000E+00,    1.7062836019E+00,    1.7062836019E+00,    0.0000000000E+00,    0.0000000000E+00,    0.0000000000E+00,    1.7062836019E+00
     12250,      0.676913,CP12_end,   1,    0.0000000000E+00,    1.7062836019E+00,    1.7062836019E+00,    0.0000000000E+00,    0.0000000000E+00,    0.0000000000E+00,    1.7062836019E+00
     12300,      0.676913,CP0_start,   1,    0.0000000000E+00,    1.7196082791E+00,    1.7196082791E+00,    0.0000000000E+00,    0.0000000000E+00,    0.0000000000E+00,    1.7196082791E+00
     12300,      0.676913,CP1_after_deposition,   1,    0.0000000000E+00,    1.7196082791E+00,    1.7196082791E+00,    0.0000000000E+00,    0.0000000000E+00,    0.0000000000E+00,    1.7196082791E+00
     12300,      0.676913,CP2_after_erosion,   1,    0.0000000000E+00,    1.7196082791E+00,    1.7196082791E+00,    0.0000000000E+00,    0.0000000000E+00,    0.0000000000E+00,    1.7196082791E+00
     12300,      0.676913,CP3_after_update_bottom,   1,    0.0000000000E+00,    1.7196082791E+00,    1.7196082791E+00,    0.0000000000E+00,    0.0000000000E+00,    0.0000000000E+00,    1.7196082791E+00
     12300,      0.676913,CP4_after_advection,   1,    0.0000000000E+00,    1.7198812417E+00,    1.7198812417E+00,    0.0000000000E+00,    0.0000000000E+00,    0.0000000000E+00,    1.7198812417E+00
     12300,      0.676913,CP5_after_vdif,   1,    0.0000000000E+00,    1.7198812417E+00,    1.7198812417E+00,    0.0000000000E+00,    0.0000000000E+00,    0.0000000000E+00,    1.7198812417E+00
     12300,      0.676913,CP6_after_kinetics,   1,    0.0000000000E+00,    1.7198812417E+00,    1.7198812417E+00,    0.0000000000E+00,    0.0000000000E+00,    0.0000000000E+00,    1.7198812417E+00
     12300,      0.676913,CP7_after_upper_clamp,   1,    0.0000000000E+00,    1.7198812417E+00,    1.7198812417E+00,    0.0000000000E+00,    0.0000000000E+00,    0.0000000000E+00,    1.7198812417E+00
     12300,      0.676913,CP8_after_OBC,   1,    0.0000000000E+00,    1.7198812417E+00,    1.7198812417E+00,    0.0000000000E+00,    0.0000000000E+00,    0.0000000000E+00,    1.7198812417E+00
     12300,      0.676913,CP9_after_PTsource,   1,    0.0000000000E+00,    1.7198812417E+00,    1.7198812417E+00,    0.0000000000E+00,    0.0000000000E+00,    0.0000000000E+00,    1.7198812417E+00
     12300,      0.676913,CP10_after_neg_clamp,   1,    0.0000000000E+00,    1.7198812417E+00,    1.7198812417E+00,    0.0000000000E+00,    0.0000000000E+00,    0.0000000000E+00,    1.7198812417E+00
     12300,      0.676913,CP11_after_MPI,   1,    0.0000000000E+00,    1.7198812417E+00,    1.7198812417E+00,    0.0000000000E+00,    0.0000000000E+00,    0.0000000000E+00,    1.7198812417E+00
     12300,      0.676913,CP12_end,   1,    0.0000000000E+00,    1.7198812417E+00,    1.7198812417E+00,    0.0000000000E+00,    0.0000000000E+00,    0.0000000000E+00,    1.7198812417E+00
     12350,      0.676913,CP0_start,   1,    0.0000000000E+00,    1.7332600159E+00,    1.7332600159E+00,    0.0000000000E+00,    0.0000000000E+00,    0.0000000000E+00,    1.7332600159E+00
     12350,      0.676913,CP1_after_deposition,   1,    0.0000000000E+00,    1.7332600159E+00,    1.7332600159E+00,    0.0000000000E+00,    0.0000000000E+00,    0.0000000000E+00,    1.7332600159E+00
     12350,      0.676913,CP2_after_erosion,   1,    0.0000000000E+00,    1.7332600159E+00,    1.7332600159E+00,    0.0000000000E+00,    0.0000000000E+00,    0.0000000000E+00,    1.7332600159E+00
     12350,      0.676913,CP3_after_update_bottom,   1,    0.0000000000E+00,    1.7332600159E+00,    1.7332600159E+00,    0.0000000000E+00,    0.0000000000E+00,    0.0000000000E+00,    1.7332600159E+00
     12350,      0.676913,CP4_after_advection,   1,    0.0000000000E+00,    1.7335341469E+00,    1.7335341469E+00,    0.0000000000E+00,    0.0000000000E+00,    0.0000000000E+00,    1.7335341469E+00
     12350,      0.676913,CP5_after_vdif,   1,    0.0000000000E+00,    1.7335341469E+00,    1.7335341469E+00,    0.0000000000E+00,    0.0000000000E+00,    0.0000000000E+00,    1.7335341469E+00
     12350,      0.676913,CP6_after_kinetics,   1,    0.0000000000E+00,    1.7335341469E+00,    1.7335341469E+00,    0.0000000000E+00,    0.0000000000E+00,    0.0000000000E+00,    1.7335341469E+00
     12350,      0.676913,CP7_after_upper_clamp,   1,    0.0000000000E+00,    1.7335341469E+00,    1.7335341469E+00,    0.0000000000E+00,    0.0000000000E+00,    0.0000000000E+00,    1.7335341469E+00
     12350,      0.676913,CP8_after_OBC,   1,    0.0000000000E+00,    1.7335341469E+00,    1.7335341469E+00,    0.0000000000E+00,    0.0000000000E+00,    0.0000000000E+00,    1.7335341469E+00
     12350,      0.676913,CP9_after_PTsource,   1,    0.0000000000E+00,    1.7335341469E+00,    1.7335341469E+00,    0.0000000000E+00,    0.0000000000E+00,    0.0000000000E+00,    1.7335341469E+00
     12350,      0.676913,CP10_after_neg_clamp,   1,    0.0000000000E+00,    1.7335341469E+00,    1.7335341469E+00,    0.0000000000E+00,    0.0000000000E+00,    0.0000000000E+00,    1.7335341469E+00
     12350,      0.676913,CP11_after_MPI,   1,    0.0000000000E+00,    1.7335341469E+00,    1.7335341469E+00,    0.0000000000E+00,    0.0000000000E+00,    0.0000000000E+00,    1.7335341469E+00
     12350,      0.676913,CP12_end,   1,    0.0000000000E+00,    1.7335341469E+00,    1.7335341469E+00,    0.0000000000E+00,    0.0000000000E+00,    0.0000000000E+00,    1.7335341469E+00
     12400,      0.676913,CP0_start,   1,    0.0000000000E+00,    1.7469675813E+00,    1.7469675813E+00,    0.0000000000E+00,    0.0000000000E+00,    0.0000000000E+00,    1.7469675813E+00
     12400,      0.676913,CP1_after_deposition,   1,    0.0000000000E+00,    1.7469675813E+00,    1.7469675813E+00,    0.0000000000E+00,    0.0000000000E+00,    0.0000000000E+00,    1.7469675813E+00
     12400,      0.676913,CP2_after_erosion,   1,    0.0000000000E+00,    1.7469675813E+00,    1.7469675813E+00,    0.0000000000E+00,    0.0000000000E+00,    0.0000000000E+00,    1.7469675813E+00
     12400,      0.676913,CP3_after_update_bottom,   1,    0.0000000000E+00,    1.7469675813E+00,    1.7469675813E+00,    0.0000000000E+00,    0.0000000000E+00,    0.0000000000E+00,    1.7469675813E+00
     12400,      0.676913,CP4_after_advection,   1,    0.0000000000E+00,    1.7472423162E+00,    1.7472423162E+00,    0.0000000000E+00,    0.0000000000E+00,    0.0000000000E+00,    1.7472423162E+00
     12400,      0.676913,CP5_after_vdif,   1,    0.0000000000E+00,    1.7472423162E+00,    1.7472423162E+00,    0.0000000000E+00,    0.0000000000E+00,    0.0000000000E+00,    1.7472423162E+00
     12400,      0.676913,CP6_after_kinetics,   1,    0.0000000000E+00,    1.7472423162E+00,    1.7472423162E+00,    0.0000000000E+00,    0.0000000000E+00,    0.0000000000E+00,    1.7472423162E+00
     12400,      0.676913,CP7_after_upper_clamp,   1,    0.0000000000E+00,    1.7472423162E+00,    1.7472423162E+00,    0.0000000000E+00,    0.0000000000E+00,    0.0000000000E+00,    1.7472423162E+00
     12400,      0.676913,CP8_after_OBC,   1,    0.0000000000E+00,    1.7472423162E+00,    1.7472423162E+00,    0.0000000000E+00,    0.0000000000E+00,    0.0000000000E+00,    1.7472423162E+00
     12400,      0.676913,CP9_after_PTsource,   1,    0.0000000000E+00,    1.7472423162E+00,    1.7472423162E+00,    0.0000000000E+00,    0.0000000000E+00,    0.0000000000E+00,    1.7472423162E+00
     12400,      0.676913,CP10_after_neg_clamp,   1,    0.0000000000E+00,    1.7472423162E+00,    1.7472423162E+00,    0.0000000000E+00,    0.0000000000E+00,    0.0000000000E+00,    1.7472423162E+00
     12400,      0.676913,CP11_after_MPI,   1,    0.0000000000E+00,    1.7472423162E+00,    1.7472423162E+00,    0.0000000000E+00,    0.0000000000E+00,    0.0000000000E+00,    1.7472423162E+00
     12400,      0.676913,CP12_end,   1,    0.0000000000E+00,    1.7472423162E+00,    1.7472423162E+00,    0.0000000000E+00,    0.0000000000E+00,    0.0000000000E+00,    1.7472423162E+00
     12450,      0.676913,CP0_start,   1,    0.0000000000E+00,    1.7607292911E+00,    1.7607292911E+00,    0.0000000000E+00,    0.0000000000E+00,    0.0000000000E+00,    1.7607292911E+00
     12450,      0.676913,CP1_after_deposition,   1,    0.0000000000E+00,    1.7607292911E+00,    1.7607292911E+00,    0.0000000000E+00,    0.0000000000E+00,    0.0000000000E+00,    1.7607292911E+00
     12450,      0.676913,CP2_after_erosion,   1,    0.0000000000E+00,    1.7607292911E+00,    1.7607292911E+00,    0.0000000000E+00,    0.0000000000E+00,    0.0000000000E+00,    1.7607292911E+00
     12450,      0.676913,CP3_after_update_bottom,   1,    0.0000000000E+00,    1.7607292911E+00,    1.7607292911E+00,    0.0000000000E+00,    0.0000000000E+00,    0.0000000000E+00,    1.7607292911E+00
     12450,      0.676913,CP4_after_advection,   1,    0.0000000000E+00,    1.7610057481E+00,    1.7610057481E+00,    0.0000000000E+00,    0.0000000000E+00,    0.0000000000E+00,    1.7610057481E+00
     12450,      0.676913,CP5_after_vdif,   1,    0.0000000000E+00,    1.7610057481E+00,    1.7610057481E+00,    0.0000000000E+00,    0.0000000000E+00,    0.0000000000E+00,    1.7610057481E+00
     12450,      0.676913,CP6_after_kinetics,   1,    0.0000000000E+00,    1.7610057481E+00,    1.7610057481E+00,    0.0000000000E+00,    0.0000000000E+00,    0.0000000000E+00,    1.7610057481E+00
     12450,      0.676913,CP7_after_upper_clamp,   1,    0.0000000000E+00,    1.7610057481E+00,    1.7610057481E+00,    0.0000000000E+00,    0.0000000000E+00,    0.0000000000E+00,    1.7610057481E+00
     12450,      0.676913,CP8_after_OBC,   1,    0.0000000000E+00,    1.7610057481E+00,    1.7610057481E+00,    0.0000000000E+00,    0.0000000000E+00,    0.0000000000E+00,    1.7610057481E+00
     12450,      0.676913,CP9_after_PTsource,   1,    0.0000000000E+00,    1.7610057481E+00,    1.7610057481E+00,    0.0000000000E+00,    0.0000000000E+00,    0.0000000000E+00,    1.7610057481E+00
     12450,      0.676913,CP10_after_neg_clamp,   1,    0.0000000000E+00,    1.7610057481E+00,    1.7610057481E+00,    0.0000000000E+00,    0.0000000000E+00,    0.0000000000E+00,    1.7610057481E+00
     12450,      0.676913,CP11_after_MPI,   1,    0.0000000000E+00,    1.7610057481E+00,    1.7610057481E+00,    0.0000000000E+00,    0.0000000000E+00,    0.0000000000E+00,    1.7610057481E+00
     12450,      0.676913,CP12_end,   1,    0.0000000000E+00,    1.7610057481E+00,    1.7610057481E+00,    0.0000000000E+00,    0.0000000000E+00,    0.0000000000E+00,    1.7610057481E+00
     12500,      0.676913,CP0_start,   1,    0.0000000000E+00,    1.7745477645E+00,    1.7745477645E+00,    0.0000000000E+00,    0.0000000000E+00,    0.0000000000E+00,    1.7745477645E+00
     12500,      0.676913,CP1_after_deposition,   1,    0.0000000000E+00,    1.7745477645E+00,    1.7745477645E+00,    0.0000000000E+00,    0.0000000000E+00,    0.0000000000E+00,    1.7745477645E+00
     12500,      0.676913,CP2_after_erosion,   1,    0.0000000000E+00,    1.7745477645E+00,    1.7745477645E+00,    0.0000000000E+00,    0.0000000000E+00,    0.0000000000E+00,    1.7745477645E+00
     12500,      0.676913,CP3_after_update_bottom,   1,    0.0000000000E+00,    1.7745477645E+00,    1.7745477645E+00,    0.0000000000E+00,    0.0000000000E+00,    0.0000000000E+00,    1.7745477645E+00
     12500,      0.676913,CP4_after_advection,   1,    0.0000000000E+00,    1.7748244410E+00,    1.7748244410E+00,    0.0000000000E+00,    0.0000000000E+00,    0.0000000000E+00,    1.7748244410E+00
     12500,      0.676913,CP5_after_vdif,   1,    0.0000000000E+00,    1.7748244410E+00,    1.7748244410E+00,    0.0000000000E+00,    0.0000000000E+00,    0.0000000000E+00,    1.7748244410E+00
     12500,      0.676913,CP6_after_kinetics,   1,    0.0000000000E+00,    1.7748244410E+00,    1.7748244410E+00,    0.0000000000E+00,    0.0000000000E+00,    0.0000000000E+00,    1.7748244410E+00
     12500,      0.676913,CP7_after_upper_clamp,   1,    0.0000000000E+00,    1.7748244410E+00,    1.7748244410E+00,    0.0000000000E+00,    0.0000000000E+00,    0.0000000000E+00,    1.7748244410E+00
     12500,      0.676913,CP8_after_OBC,   1,    0.0000000000E+00,    1.7748244410E+00,    1.7748244410E+00,    0.0000000000E+00,    0.0000000000E+00,    0.0000000000E+00,    1.7748244410E+00
     12500,      0.676913,CP9_after_PTsource,   1,    0.0000000000E+00,    1.7748244410E+00,    1.7748244410E+00,    0.0000000000E+00,    0.0000000000E+00,    0.0000000000E+00,    1.7748244410E+00
     12500,      0.676913,CP10_after_neg_clamp,   1,    0.0000000000E+00,    1.7748244410E+00,    1.7748244410E+00,    0.0000000000E+00,    0.0000000000E+00,    0.0000000000E+00,    1.7748244410E+00
     12500,      0.676913,CP11_after_MPI,   1,    0.0000000000E+00,    1.7748244410E+00,    1.7748244410E+00,    0.0000000000E+00,    0.0000000000E+00,    0.0000000000E+00,    1.7748244410E+00
     12500,      0.676913,CP12_end,   1,    0.0000000000E+00,    1.7748244410E+00,    1.7748244410E+00,    0.0000000000E+00,    0.0000000000E+00,    0.0000000000E+00,    1.7748244410E+00
     12550,      0.676913,CP0_start,   1,    0.0000000000E+00,    1.7884206213E+00,    1.7884206213E+00,    0.0000000000E+00,    0.0000000000E+00,    0.0000000000E+00,    1.7884206213E+00
     12550,      0.676913,CP1_after_deposition,   1,    0.0000000000E+00,    1.7884206213E+00,    1.7884206213E+00,    0.0000000000E+00,    0.0000000000E+00,    0.0000000000E+00,    1.7884206213E+00
     12550,      0.676913,CP2_after_erosion,   1,    0.0000000000E+00,    1.7884206213E+00,    1.7884206213E+00,    0.0000000000E+00,    0.0000000000E+00,    0.0000000000E+00,    1.7884206213E+00
     12550,      0.676913,CP3_after_update_bottom,   1,    0.0000000000E+00,    1.7884206213E+00,    1.7884206213E+00,    0.0000000000E+00,    0.0000000000E+00,    0.0000000000E+00,    1.7884206213E+00
     12550,      0.676913,CP4_after_advection,   1,    0.0000000000E+00,    1.7886983935E+00,    1.7886983935E+00,    0.0000000000E+00,    0.0000000000E+00,    0.0000000000E+00,    1.7886983935E+00
     12550,      0.676913,CP5_after_vdif,   1,    0.0000000000E+00,    1.7886983935E+00,    1.7886983935E+00,    0.0000000000E+00,    0.0000000000E+00,    0.0000000000E+00,    1.7886983935E+00
     12550,      0.676913,CP6_after_kinetics,   1,    0.0000000000E+00,    1.7886983935E+00,    1.7886983935E+00,    0.0000000000E+00,    0.0000000000E+00,    0.0000000000E+00,    1.7886983935E+00
     12550,      0.676913,CP7_after_upper_clamp,   1,    0.0000000000E+00,    1.7886983935E+00,    1.7886983935E+00,    0.0000000000E+00,    0.0000000000E+00,    0.0000000000E+00,    1.7886983935E+00
     12550,      0.676913,CP8_after_OBC,   1,    0.0000000000E+00,    1.7886983935E+00,    1.7886983935E+00,    0.0000000000E+00,    0.0000000000E+00,    0.0000000000E+00,    1.7886983935E+00
     12550,      0.676913,CP9_after_PTsource,   1,    0.0000000000E+00,    1.7886983935E+00,    1.7886983935E+00,    0.0000000000E+00,    0.0000000000E+00,    0.0000000000E+00,    1.7886983935E+00
     12550,      0.676913,CP10_after_neg_clamp,   1,    0.0000000000E+00,    1.7886983935E+00,    1.7886983935E+00,    0.0000000000E+00,    0.0000000000E+00,    0.0000000000E+00,    1.7886983935E+00
     12550,      0.676913,CP11_after_MPI,   1,    0.0000000000E+00,    1.7886983935E+00,    1.7886983935E+00,    0.0000000000E+00,    0.0000000000E+00,    0.0000000000E+00,    1.7886983935E+00
     12550,      0.676913,CP12_end,   1,    0.0000000000E+00,    1.7886983935E+00,    1.7886983935E+00,    0.0000000000E+00,    0.0000000000E+00,    0.0000000000E+00,    1.7886983935E+00
     12600,      0.676913,CP0_start,   1,    0.0000000000E+00,    1.8023486097E+00,    1.8023486097E+00,    0.0000000000E+00,    0.0000000000E+00,    0.0000000000E+00,    1.8023486097E+00
     12600,      0.676913,CP1_after_deposition,   1,    0.0000000000E+00,    1.8023486097E+00,    1.8023486097E+00,    0.0000000000E+00,    0.0000000000E+00,    0.0000000000E+00,    1.8023486097E+00
     12600,      0.676913,CP2_after_erosion,   1,    0.0000000000E+00,    1.8023486097E+00,    1.8023486097E+00,    0.0000000000E+00,    0.0000000000E+00,    0.0000000000E+00,    1.8023486097E+00
     12600,      0.676913,CP3_after_update_bottom,   1,    0.0000000000E+00,    1.8023486097E+00,    1.8023486097E+00,    0.0000000000E+00,    0.0000000000E+00,    0.0000000000E+00,    1.8023486097E+00
     12600,      0.676913,CP4_after_advection,   1,    0.0000000000E+00,    1.8026276042E+00,    1.8026276042E+00,    0.0000000000E+00,    0.0000000000E+00,    0.0000000000E+00,    1.8026276042E+00
     12600,      0.676913,CP5_after_vdif,   1,    0.0000000000E+00,    1.8026276042E+00,    1.8026276042E+00,    0.0000000000E+00,    0.0000000000E+00,    0.0000000000E+00,    1.8026276042E+00
     12600,      0.676913,CP6_after_kinetics,   1,    0.0000000000E+00,    1.8026276042E+00,    1.8026276042E+00,    0.0000000000E+00,    0.0000000000E+00,    0.0000000000E+00,    1.8026276042E+00
     12600,      0.676913,CP7_after_upper_clamp,   1,    0.0000000000E+00,    1.8026276042E+00,    1.8026276042E+00,    0.0000000000E+00,    0.0000000000E+00,    0.0000000000E+00,    1.8026276042E+00
     12600,      0.676913,CP8_after_OBC,   1,    0.0000000000E+00,    1.8026276042E+00,    1.8026276042E+00,    0.0000000000E+00,    0.0000000000E+00,    0.0000000000E+00,    1.8026276042E+00
     12600,      0.676913,CP9_after_PTsource,   1,    0.0000000000E+00,    1.8026276042E+00,    1.8026276042E+00,    0.0000000000E+00,    0.0000000000E+00,    0.0000000000E+00,    1.8026276042E+00
     12600,      0.676913,CP10_after_neg_clamp,   1,    0.0000000000E+00,    1.8026276042E+00,    1.8026276042E+00,    0.0000000000E+00,    0.0000000000E+00,    0.0000000000E+00,    1.8026276042E+00
     12600,      0.676913,CP11_after_MPI,   1,    0.0000000000E+00,    1.8026276042E+00,    1.8026276042E+00,    0.0000000000E+00,    0.0000000000E+00,    0.0000000000E+00,    1.8026276042E+00
     12600,      0.676913,CP12_end,   1,    0.0000000000E+00,    1.8026276042E+00,    1.8026276042E+00,    0.0000000000E+00,    0.0000000000E+00,    0.0000000000E+00,    1.8026276042E+00
     12650,      0.676913,CP0_start,   1,    0.0000000000E+00,    1.8163322189E+00,    1.8163322189E+00,    0.0000000000E+00,    0.0000000000E+00,    0.0000000000E+00,    1.8163322189E+00
     12650,      0.676913,CP1_after_deposition,   1,    0.0000000000E+00,    1.8163322189E+00,    1.8163322189E+00,    0.0000000000E+00,    0.0000000000E+00,    0.0000000000E+00,    1.8163322189E+00
     12650,      0.676913,CP2_after_erosion,   1,    0.0000000000E+00,    1.8163322189E+00,    1.8163322189E+00,    0.0000000000E+00,    0.0000000000E+00,    0.0000000000E+00,    1.8163322189E+00
     12650,      0.676913,CP3_after_update_bottom,   1,    0.0000000000E+00,    1.8163322189E+00,    1.8163322189E+00,    0.0000000000E+00,    0.0000000000E+00,    0.0000000000E+00,    1.8163322189E+00
     12650,      0.676913,CP4_after_advection,   1,    0.0000000000E+00,    1.8166120715E+00,    1.8166120715E+00,    0.0000000000E+00,    0.0000000000E+00,    0.0000000000E+00,    1.8166120715E+00
     12650,      0.676913,CP5_after_vdif,   1,    0.0000000000E+00,    1.8166120715E+00,    1.8166120715E+00,    0.0000000000E+00,    0.0000000000E+00,    0.0000000000E+00,    1.8166120715E+00
     12650,      0.676913,CP6_after_kinetics,   1,    0.0000000000E+00,    1.8166120715E+00,    1.8166120715E+00,    0.0000000000E+00,    0.0000000000E+00,    0.0000000000E+00,    1.8166120715E+00
     12650,      0.676913,CP7_after_upper_clamp,   1,    0.0000000000E+00,    1.8166120715E+00,    1.8166120715E+00,    0.0000000000E+00,    0.0000000000E+00,    0.0000000000E+00,    1.8166120715E+00
     12650,      0.676913,CP8_after_OBC,   1,    0.0000000000E+00,    1.8166120715E+00,    1.8166120715E+00,    0.0000000000E+00,    0.0000000000E+00,    0.0000000000E+00,    1.8166120715E+00
     12650,      0.676913,CP9_after_PTsource,   1,    0.0000000000E+00,    1.8166120715E+00,    1.8166120715E+00,    0.0000000000E+00,    0.0000000000E+00,    0.0000000000E+00,    1.8166120715E+00
     12650,      0.676913,CP10_after_neg_clamp,   1,    0.0000000000E+00,    1.8166120715E+00,    1.8166120715E+00,    0.0000000000E+00,    0.0000000000E+00,    0.0000000000E+00,    1.8166120715E+00
     12650,      0.676913,CP11_after_MPI,   1,    0.0000000000E+00,    1.8166120715E+00,    1.8166120715E+00,    0.0000000000E+00,    0.0000000000E+00,    0.0000000000E+00,    1.8166120715E+00
     12650,      0.676913,CP12_end,   1,    0.0000000000E+00,    1.8166120715E+00,    1.8166120715E+00,    0.0000000000E+00,    0.0000000000E+00,    0.0000000000E+00,    1.8166120715E+00
     12700,      0.676913,CP0_start,   1,    0.0000000000E+00,    1.8303701210E+00,    1.8303701210E+00,    0.0000000000E+00,    0.0000000000E+00,    0.0000000000E+00,    1.8303701210E+00
     12700,      0.676913,CP1_after_deposition,   1,    0.0000000000E+00,    1.8303701210E+00,    1.8303701210E+00,    0.0000000000E+00,    0.0000000000E+00,    0.0000000000E+00,    1.8303701210E+00
     12700,      0.676913,CP2_after_erosion,   1,    0.0000000000E+00,    1.8303701210E+00,    1.8303701210E+00,    0.0000000000E+00,    0.0000000000E+00,    0.0000000000E+00,    1.8303701210E+00
     12700,      0.676913,CP3_after_update_bottom,   1,    0.0000000000E+00,    1.8303701210E+00,    1.8303701210E+00,    0.0000000000E+00,    0.0000000000E+00,    0.0000000000E+00,    1.8303701210E+00
     12700,      0.676913,CP4_after_advection,   1,    0.0000000000E+00,    1.8306517940E+00,    1.8306517940E+00,    0.0000000000E+00,    0.0000000000E+00,    0.0000000000E+00,    1.8306517940E+00
     12700,      0.676913,CP5_after_vdif,   1,    0.0000000000E+00,    1.8306517940E+00,    1.8306517940E+00,    0.0000000000E+00,    0.0000000000E+00,    0.0000000000E+00,    1.8306517940E+00
     12700,      0.676913,CP6_after_kinetics,   1,    0.0000000000E+00,    1.8306517940E+00,    1.8306517940E+00,    0.0000000000E+00,    0.0000000000E+00,    0.0000000000E+00,    1.8306517940E+00
     12700,      0.676913,CP7_after_upper_clamp,   1,    0.0000000000E+00,    1.8306517940E+00,    1.8306517940E+00,    0.0000000000E+00,    0.0000000000E+00,    0.0000000000E+00,    1.8306517940E+00
     12700,      0.676913,CP8_after_OBC,   1,    0.0000000000E+00,    1.8306517940E+00,    1.8306517940E+00,    0.0000000000E+00,    0.0000000000E+00,    0.0000000000E+00,    1.8306517940E+00
     12700,      0.676913,CP9_after_PTsource,   1,    0.0000000000E+00,    1.8306517940E+00,    1.8306517940E+00,    0.0000000000E+00,    0.0000000000E+00,    0.0000000000E+00,    1.8306517940E+00
     12700,      0.676913,CP10_after_neg_clamp,   1,    0.0000000000E+00,    1.8306517940E+00,    1.8306517940E+00,    0.0000000000E+00,    0.0000000000E+00,    0.0000000000E+00,    1.8306517940E+00
     12700,      0.676913,CP11_after_MPI,   1,    0.0000000000E+00,    1.8306517940E+00,    1.8306517940E+00,    0.0000000000E+00,    0.0000000000E+00,    0.0000000000E+00,    1.8306517940E+00
     12700,      0.676913,CP12_end,   1,    0.0000000000E+00,    1.8306517940E+00,    1.8306517940E+00,    0.0000000000E+00,    0.0000000000E+00,    0.0000000000E+00,    1.8306517940E+00
     12750,      0.676913,CP0_start,   1,    0.0000000000E+00,    1.8444646333E+00,    1.8444646333E+00,    0.0000000000E+00,    0.0000000000E+00,    0.0000000000E+00,    1.8444646333E+00
     12750,      0.676913,CP1_after_deposition,   1,    0.0000000000E+00,    1.8444646333E+00,    1.8444646333E+00,    0.0000000000E+00,    0.0000000000E+00,    0.0000000000E+00,    1.8444646333E+00
     12750,      0.676913,CP2_after_erosion,   1,    0.0000000000E+00,    1.8444646333E+00,    1.8444646333E+00,    0.0000000000E+00,    0.0000000000E+00,    0.0000000000E+00,    1.8444646333E+00
     12750,      0.676913,CP3_after_update_bottom,   1,    0.0000000000E+00,    1.8444646333E+00,    1.8444646333E+00,    0.0000000000E+00,    0.0000000000E+00,    0.0000000000E+00,    1.8444646333E+00
     12750,      0.676913,CP4_after_advection,   1,    0.0000000000E+00,    1.8447467700E+00,    1.8447467700E+00,    0.0000000000E+00,    0.0000000000E+00,    0.0000000000E+00,    1.8447467700E+00
     12750,      0.676913,CP5_after_vdif,   1,    0.0000000000E+00,    1.8447467700E+00,    1.8447467700E+00,    0.0000000000E+00,    0.0000000000E+00,    0.0000000000E+00,    1.8447467700E+00
     12750,      0.676913,CP6_after_kinetics,   1,    0.0000000000E+00,    1.8447467700E+00,    1.8447467700E+00,    0.0000000000E+00,    0.0000000000E+00,    0.0000000000E+00,    1.8447467700E+00
     12750,      0.676913,CP7_after_upper_clamp,   1,    0.0000000000E+00,    1.8447467700E+00,    1.8447467700E+00,    0.0000000000E+00,    0.0000000000E+00,    0.0000000000E+00,    1.8447467700E+00
     12750,      0.676913,CP8_after_OBC,   1,    0.0000000000E+00,    1.8447467700E+00,    1.8447467700E+00,    0.0000000000E+00,    0.0000000000E+00,    0.0000000000E+00,    1.8447467700E+00
     12750,      0.676913,CP9_after_PTsource,   1,    0.0000000000E+00,    1.8447467700E+00,    1.8447467700E+00,    0.0000000000E+00,    0.0000000000E+00,    0.0000000000E+00,    1.8447467700E+00
     12750,      0.676913,CP10_after_neg_clamp,   1,    0.0000000000E+00,    1.8447467700E+00,    1.8447467700E+00,    0.0000000000E+00,    0.0000000000E+00,    0.0000000000E+00,    1.8447467700E+00
     12750,      0.676913,CP11_after_MPI,   1,    0.0000000000E+00,    1.8447467700E+00,    1.8447467700E+00,    0.0000000000E+00,    0.0000000000E+00,    0.0000000000E+00,    1.8447467700E+00
     12750,      0.676913,CP12_end,   1,    0.0000000000E+00,    1.8447467700E+00,    1.8447467700E+00,    0.0000000000E+00,    0.0000000000E+00,    0.0000000000E+00,    1.8447467700E+00
     12800,      0.676913,CP0_start,   1,    0.0000000000E+00,    1.8586134551E+00,    1.8586134551E+00,    0.0000000000E+00,    0.0000000000E+00,    0.0000000000E+00,    1.8586134551E+00
     12800,      0.676913,CP1_after_deposition,   1,    0.0000000000E+00,    1.8586134551E+00,    1.8586134551E+00,    0.0000000000E+00,    0.0000000000E+00,    0.0000000000E+00,    1.8586134551E+00
     12800,      0.676913,CP2_after_erosion,   1,    0.0000000000E+00,    1.8586134551E+00,    1.8586134551E+00,    0.0000000000E+00,    0.0000000000E+00,    0.0000000000E+00,    1.8586134551E+00
     12800,      0.676913,CP3_after_update_bottom,   1,    0.0000000000E+00,    1.8586134551E+00,    1.8586134551E+00,    0.0000000000E+00,    0.0000000000E+00,    0.0000000000E+00,    1.8586134551E+00
     12800,      0.676913,CP4_after_advection,   1,    0.0000000000E+00,    1.8588969983E+00,    1.8588969983E+00,    0.0000000000E+00,    0.0000000000E+00,    0.0000000000E+00,    1.8588969983E+00
     12800,      0.676913,CP5_after_vdif,   1,    0.0000000000E+00,    1.8588969983E+00,    1.8588969983E+00,    0.0000000000E+00,    0.0000000000E+00,    0.0000000000E+00,    1.8588969983E+00
     12800,      0.676913,CP6_after_kinetics,   1,    0.0000000000E+00,    1.8588969983E+00,    1.8588969983E+00,    0.0000000000E+00,    0.0000000000E+00,    0.0000000000E+00,    1.8588969983E+00
     12800,      0.676913,CP7_after_upper_clamp,   1,    0.0000000000E+00,    1.8588969983E+00,    1.8588969983E+00,    0.0000000000E+00,    0.0000000000E+00,    0.0000000000E+00,    1.8588969983E+00
     12800,      0.676913,CP8_after_OBC,   1,    0.0000000000E+00,    1.8588969983E+00,    1.8588969983E+00,    0.0000000000E+00,    0.0000000000E+00,    0.0000000000E+00,    1.8588969983E+00
     12800,      0.676913,CP9_after_PTsource,   1,    0.0000000000E+00,    1.8588969983E+00,    1.8588969983E+00,    0.0000000000E+00,    0.0000000000E+00,    0.0000000000E+00,    1.8588969983E+00
     12800,      0.676913,CP10_after_neg_clamp,   1,    0.0000000000E+00,    1.8588969983E+00,    1.8588969983E+00,    0.0000000000E+00,    0.0000000000E+00,    0.0000000000E+00,    1.8588969983E+00
     12800,      0.676913,CP11_after_MPI,   1,    0.0000000000E+00,    1.8588969983E+00,    1.8588969983E+00,    0.0000000000E+00,    0.0000000000E+00,    0.0000000000E+00,    1.8588969983E+00
     12800,      0.676913,CP12_end,   1,    0.0000000000E+00,    1.8588969983E+00,    1.8588969983E+00,    0.0000000000E+00,    0.0000000000E+00,    0.0000000000E+00,    1.8588969983E+00
     12850,      0.676913,CP0_start,   1,    0.0000000000E+00,    1.8728172772E+00,    1.8728172772E+00,    0.0000000000E+00,    0.0000000000E+00,    0.0000000000E+00,    1.8728172772E+00
     12850,      0.676913,CP1_after_deposition,   1,    0.0000000000E+00,    1.8728172772E+00,    1.8728172772E+00,    0.0000000000E+00,    0.0000000000E+00,    0.0000000000E+00,    1.8728172772E+00
     12850,      0.676913,CP2_after_erosion,   1,    0.0000000000E+00,    1.8728172772E+00,    1.8728172772E+00,    0.0000000000E+00,    0.0000000000E+00,    0.0000000000E+00,    1.8728172772E+00
     12850,      0.676913,CP3_after_update_bottom,   1,    0.0000000000E+00,    1.8728172772E+00,    1.8728172772E+00,    0.0000000000E+00,    0.0000000000E+00,    0.0000000000E+00,    1.8728172772E+00
     12850,      0.676913,CP4_after_advection,   1,    0.0000000000E+00,    1.8731024771E+00,    1.8731024771E+00,    0.0000000000E+00,    0.0000000000E+00,    0.0000000000E+00,    1.8731024771E+00
     12850,      0.676913,CP5_after_vdif,   1,    0.0000000000E+00,    1.8731024771E+00,    1.8731024771E+00,    0.0000000000E+00,    0.0000000000E+00,    0.0000000000E+00,    1.8731024771E+00
     12850,      0.676913,CP6_after_kinetics,   1,    0.0000000000E+00,    1.8731024771E+00,    1.8731024771E+00,    0.0000000000E+00,    0.0000000000E+00,    0.0000000000E+00,    1.8731024771E+00
     12850,      0.676913,CP7_after_upper_clamp,   1,    0.0000000000E+00,    1.8731024771E+00,    1.8731024771E+00,    0.0000000000E+00,    0.0000000000E+00,    0.0000000000E+00,    1.8731024771E+00
     12850,      0.676913,CP8_after_OBC,   1,    0.0000000000E+00,    1.8731024771E+00,    1.8731024771E+00,    0.0000000000E+00,    0.0000000000E+00,    0.0000000000E+00,    1.8731024771E+00
     12850,      0.676913,CP9_after_PTsource,   1,    0.0000000000E+00,    1.8731024771E+00,    1.8731024771E+00,    0.0000000000E+00,    0.0000000000E+00,    0.0000000000E+00,    1.8731024771E+00
     12850,      0.676913,CP10_after_neg_clamp,   1,    0.0000000000E+00,    1.8731024771E+00,    1.8731024771E+00,    0.0000000000E+00,    0.0000000000E+00,    0.0000000000E+00,    1.8731024771E+00
     12850,      0.676913,CP11_after_MPI,   1,    0.0000000000E+00,    1.8731024771E+00,    1.8731024771E+00,    0.0000000000E+00,    0.0000000000E+00,    0.0000000000E+00,    1.8731024771E+00
     12850,      0.676913,CP12_end,   1,    0.0000000000E+00,    1.8731024771E+00,    1.8731024771E+00,    0.0000000000E+00,    0.0000000000E+00,    0.0000000000E+00,    1.8731024771E+00
     12900,      0.676913,CP0_start,   1,    0.0000000000E+00,    1.8870772760E+00,    1.8870772760E+00,    0.0000000000E+00,    0.0000000000E+00,    0.0000000000E+00,    1.8870772760E+00
     12900,      0.676913,CP1_after_deposition,   1,    0.0000000000E+00,    1.8870772760E+00,    1.8870772760E+00,    0.0000000000E+00,    0.0000000000E+00,    0.0000000000E+00,    1.8870772760E+00
     12900,      0.676913,CP2_after_erosion,   1,    0.0000000000E+00,    1.8870772760E+00,    1.8870772760E+00,    0.0000000000E+00,    0.0000000000E+00,    0.0000000000E+00,    1.8870772760E+00
     12900,      0.676913,CP3_after_update_bottom,   1,    0.0000000000E+00,    1.8870772760E+00,    1.8870772760E+00,    0.0000000000E+00,    0.0000000000E+00,    0.0000000000E+00,    1.8870772760E+00
     12900,      0.676913,CP4_after_advection,   1,    0.0000000000E+00,    1.8873632051E+00,    1.8873632051E+00,    0.0000000000E+00,    0.0000000000E+00,    0.0000000000E+00,    1.8873632051E+00
     12900,      0.676913,CP5_after_vdif,   1,    0.0000000000E+00,    1.8873632051E+00,    1.8873632051E+00,    0.0000000000E+00,    0.0000000000E+00,    0.0000000000E+00,    1.8873632051E+00
     12900,      0.676913,CP6_after_kinetics,   1,    0.0000000000E+00,    1.8873632051E+00,    1.8873632051E+00,    0.0000000000E+00,    0.0000000000E+00,    0.0000000000E+00,    1.8873632051E+00
     12900,      0.676913,CP7_after_upper_clamp,   1,    0.0000000000E+00,    1.8873632051E+00,    1.8873632051E+00,    0.0000000000E+00,    0.0000000000E+00,    0.0000000000E+00,    1.8873632051E+00
     12900,      0.676913,CP8_after_OBC,   1,    0.0000000000E+00,    1.8873632051E+00,    1.8873632051E+00,    0.0000000000E+00,    0.0000000000E+00,    0.0000000000E+00,    1.8873632051E+00
     12900,      0.676913,CP9_after_PTsource,   1,    0.0000000000E+00,    1.8873632051E+00,    1.8873632051E+00,    0.0000000000E+00,    0.0000000000E+00,    0.0000000000E+00,    1.8873632051E+00
     12900,      0.676913,CP10_after_neg_clamp,   1,    0.0000000000E+00,    1.8873632051E+00,    1.8873632051E+00,    0.0000000000E+00,    0.0000000000E+00,    0.0000000000E+00,    1.8873632051E+00
     12900,      0.676913,CP11_after_MPI,   1,    0.0000000000E+00,    1.8873632051E+00,    1.8873632051E+00,    0.0000000000E+00,    0.0000000000E+00,    0.0000000000E+00,    1.8873632051E+00
     12900,      0.676913,CP12_end,   1,    0.0000000000E+00,    1.8873632051E+00,    1.8873632051E+00,    0.0000000000E+00,    0.0000000000E+00,    0.0000000000E+00,    1.8873632051E+00
     12950,      0.676913,CP0_start,   1,    0.0000000000E+00,    1.9013919127E+00,    1.9013919127E+00,    0.0000000000E+00,    0.0000000000E+00,    0.0000000000E+00,    1.9013919127E+00
     12950,      0.676913,CP1_after_deposition,   1,    0.0000000000E+00,    1.9013919127E+00,    1.9013919127E+00,    0.0000000000E+00,    0.0000000000E+00,    0.0000000000E+00,    1.9013919127E+00
     12950,      0.676913,CP2_after_erosion,   1,    0.0000000000E+00,    1.9013919127E+00,    1.9013919127E+00,    0.0000000000E+00,    0.0000000000E+00,    0.0000000000E+00,    1.9013919127E+00
     12950,      0.676913,CP3_after_update_bottom,   1,    0.0000000000E+00,    1.9013919127E+00,    1.9013919127E+00,    0.0000000000E+00,    0.0000000000E+00,    0.0000000000E+00,    1.9013919127E+00
     12950,      0.676913,CP4_after_advection,   1,    0.0000000000E+00,    1.9016791807E+00,    1.9016791807E+00,    0.0000000000E+00,    0.0000000000E+00,    0.0000000000E+00,    1.9016791807E+00
     12950,      0.676913,CP5_after_vdif,   1,    0.0000000000E+00,    1.9016791807E+00,    1.9016791807E+00,    0.0000000000E+00,    0.0000000000E+00,    0.0000000000E+00,    1.9016791807E+00
     12950,      0.676913,CP6_after_kinetics,   1,    0.0000000000E+00,    1.9016791807E+00,    1.9016791807E+00,    0.0000000000E+00,    0.0000000000E+00,    0.0000000000E+00,    1.9016791807E+00
     12950,      0.676913,CP7_after_upper_clamp,   1,    0.0000000000E+00,    1.9016791807E+00,    1.9016791807E+00,    0.0000000000E+00,    0.0000000000E+00,    0.0000000000E+00,    1.9016791807E+00
     12950,      0.676913,CP8_after_OBC,   1,    0.0000000000E+00,    1.9016791807E+00,    1.9016791807E+00,    0.0000000000E+00,    0.0000000000E+00,    0.0000000000E+00,    1.9016791807E+00
     12950,      0.676913,CP9_after_PTsource,   1,    0.0000000000E+00,    1.9016791807E+00,    1.9016791807E+00,    0.0000000000E+00,    0.0000000000E+00,    0.0000000000E+00,    1.9016791807E+00
     12950,      0.676913,CP10_after_neg_clamp,   1,    0.0000000000E+00,    1.9016791807E+00,    1.9016791807E+00,    0.0000000000E+00,    0.0000000000E+00,    0.0000000000E+00,    1.9016791807E+00
     12950,      0.676913,CP11_after_MPI,   1,    0.0000000000E+00,    1.9016791807E+00,    1.9016791807E+00,    0.0000000000E+00,    0.0000000000E+00,    0.0000000000E+00,    1.9016791807E+00
     12950,      0.676913,CP12_end,   1,    0.0000000000E+00,    1.9016791807E+00,    1.9016791807E+00,    0.0000000000E+00,    0.0000000000E+00,    0.0000000000E+00,    1.9016791807E+00
     13000,      0.676913,CP0_start,   1,    0.0000000000E+00,    1.9157621806E+00,    1.9157621806E+00,    0.0000000000E+00,    0.0000000000E+00,    0.0000000000E+00,    1.9157621806E+00
     13000,      0.676913,CP1_after_deposition,   1,    0.0000000000E+00,    1.9157621806E+00,    1.9157621806E+00,    0.0000000000E+00,    0.0000000000E+00,    0.0000000000E+00,    1.9157621806E+00
     13000,      0.676913,CP2_after_erosion,   1,    0.0000000000E+00,    1.9157621806E+00,    1.9157621806E+00,    0.0000000000E+00,    0.0000000000E+00,    0.0000000000E+00,    1.9157621806E+00
     13000,      0.676913,CP3_after_update_bottom,   1,    0.0000000000E+00,    1.9157621806E+00,    1.9157621806E+00,    0.0000000000E+00,    0.0000000000E+00,    0.0000000000E+00,    1.9157621806E+00
     13000,      0.676913,CP4_after_advection,   1,    0.0000000000E+00,    1.9160504023E+00,    1.9160504023E+00,    0.0000000000E+00,    0.0000000000E+00,    0.0000000000E+00,    1.9160504023E+00
     13000,      0.676913,CP5_after_vdif,   1,    0.0000000000E+00,    1.9160504023E+00,    1.9160504023E+00,    0.0000000000E+00,    0.0000000000E+00,    0.0000000000E+00,    1.9160504023E+00
     13000,      0.676913,CP6_after_kinetics,   1,    0.0000000000E+00,    1.9160504023E+00,    1.9160504023E+00,    0.0000000000E+00,    0.0000000000E+00,    0.0000000000E+00,    1.9160504023E+00
     13000,      0.676913,CP7_after_upper_clamp,   1,    0.0000000000E+00,    1.9160504023E+00,    1.9160504023E+00,    0.0000000000E+00,    0.0000000000E+00,    0.0000000000E+00,    1.9160504023E+00
     13000,      0.676913,CP8_after_OBC,   1,    0.0000000000E+00,    1.9160504023E+00,    1.9160504023E+00,    0.0000000000E+00,    0.0000000000E+00,    0.0000000000E+00,    1.9160504023E+00
     13000,      0.676913,CP9_after_PTsource,   1,    0.0000000000E+00,    1.9160504023E+00,    1.9160504023E+00,    0.0000000000E+00,    0.0000000000E+00,    0.0000000000E+00,    1.9160504023E+00
     13000,      0.676913,CP10_after_neg_clamp,   1,    0.0000000000E+00,    1.9160504023E+00,    1.9160504023E+00,    0.0000000000E+00,    0.0000000000E+00,    0.0000000000E+00,    1.9160504023E+00
     13000,      0.676913,CP11_after_MPI,   1,    0.0000000000E+00,    1.9160504023E+00,    1.9160504023E+00,    0.0000000000E+00,    0.0000000000E+00,    0.0000000000E+00,    1.9160504023E+00
     13000,      0.676913,CP12_end,   1,    0.0000000000E+00,    1.9160504023E+00,    1.9160504023E+00,    0.0000000000E+00,    0.0000000000E+00,    0.0000000000E+00,    1.9160504023E+00
     13050,      0.676913,CP0_start,   1,    0.0000000000E+00,    1.9301869443E+00,    1.9301869443E+00,    0.0000000000E+00,    0.0000000000E+00,    0.0000000000E+00,    1.9301869443E+00
     13050,      0.676913,CP1_after_deposition,   1,    0.0000000000E+00,    1.9301869443E+00,    1.9301869443E+00,    0.0000000000E+00,    0.0000000000E+00,    0.0000000000E+00,    1.9301869443E+00
     13050,      0.676913,CP2_after_erosion,   1,    0.0000000000E+00,    1.9301869443E+00,    1.9301869443E+00,    0.0000000000E+00,    0.0000000000E+00,    0.0000000000E+00,    1.9301869443E+00
     13050,      0.676913,CP3_after_update_bottom,   1,    0.0000000000E+00,    1.9301869443E+00,    1.9301869443E+00,    0.0000000000E+00,    0.0000000000E+00,    0.0000000000E+00,    1.9301869443E+00
     13050,      0.676913,CP4_after_advection,   1,    0.0000000000E+00,    1.9304768685E+00,    1.9304768685E+00,    0.0000000000E+00,    0.0000000000E+00,    0.0000000000E+00,    1.9304768685E+00
     13050,      0.676913,CP5_after_vdif,   1,    0.0000000000E+00,    1.9304768685E+00,    1.9304768685E+00,    0.0000000000E+00,    0.0000000000E+00,    0.0000000000E+00,    1.9304768685E+00
     13050,      0.676913,CP6_after_kinetics,   1,    0.0000000000E+00,    1.9304768685E+00,    1.9304768685E+00,    0.0000000000E+00,    0.0000000000E+00,    0.0000000000E+00,    1.9304768685E+00
     13050,      0.676913,CP7_after_upper_clamp,   1,    0.0000000000E+00,    1.9304768685E+00,    1.9304768685E+00,    0.0000000000E+00,    0.0000000000E+00,    0.0000000000E+00,    1.9304768685E+00
     13050,      0.676913,CP8_after_OBC,   1,    0.0000000000E+00,    1.9304768685E+00,    1.9304768685E+00,    0.0000000000E+00,    0.0000000000E+00,    0.0000000000E+00,    1.9304768685E+00
     13050,      0.676913,CP9_after_PTsource,   1,    0.0000000000E+00,    1.9304768685E+00,    1.9304768685E+00,    0.0000000000E+00,    0.0000000000E+00,    0.0000000000E+00,    1.9304768685E+00
     13050,      0.676913,CP10_after_neg_clamp,   1,    0.0000000000E+00,    1.9304768685E+00,    1.9304768685E+00,    0.0000000000E+00,    0.0000000000E+00,    0.0000000000E+00,    1.9304768685E+00
     13050,      0.676913,CP11_after_MPI,   1,    0.0000000000E+00,    1.9304768685E+00,    1.9304768685E+00,    0.0000000000E+00,    0.0000000000E+00,    0.0000000000E+00,    1.9304768685E+00
     13050,      0.676913,CP12_end,   1,    0.0000000000E+00,    1.9304768685E+00,    1.9304768685E+00,    0.0000000000E+00,    0.0000000000E+00,    0.0000000000E+00,    1.9304768685E+00
     13100,      0.676913,CP0_start,   1,    0.0000000000E+00,    1.9446672305E+00,    1.9446672305E+00,    0.0000000000E+00,    0.0000000000E+00,    0.0000000000E+00,    1.9446672305E+00
     13100,      0.676913,CP1_after_deposition,   1,    0.0000000000E+00,    1.9446672305E+00,    1.9446672305E+00,    0.0000000000E+00,    0.0000000000E+00,    0.0000000000E+00,    1.9446672305E+00
     13100,      0.676913,CP2_after_erosion,   1,    0.0000000000E+00,    1.9446672305E+00,    1.9446672305E+00,    0.0000000000E+00,    0.0000000000E+00,    0.0000000000E+00,    1.9446672305E+00
     13100,      0.676913,CP3_after_update_bottom,   1,    0.0000000000E+00,    1.9446672305E+00,    1.9446672305E+00,    0.0000000000E+00,    0.0000000000E+00,    0.0000000000E+00,    1.9446672305E+00
     13100,      0.676913,CP4_after_advection,   1,    0.0000000000E+00,    1.9449585776E+00,    1.9449585776E+00,    0.0000000000E+00,    0.0000000000E+00,    0.0000000000E+00,    1.9449585776E+00
     13100,      0.676913,CP5_after_vdif,   1,    0.0000000000E+00,    1.9449585776E+00,    1.9449585776E+00,    0.0000000000E+00,    0.0000000000E+00,    0.0000000000E+00,    1.9449585776E+00
     13100,      0.676913,CP6_after_kinetics,   1,    0.0000000000E+00,    1.9449585776E+00,    1.9449585776E+00,    0.0000000000E+00,    0.0000000000E+00,    0.0000000000E+00,    1.9449585776E+00
     13100,      0.676913,CP7_after_upper_clamp,   1,    0.0000000000E+00,    1.9449585776E+00,    1.9449585776E+00,    0.0000000000E+00,    0.0000000000E+00,    0.0000000000E+00,    1.9449585776E+00
     13100,      0.676913,CP8_after_OBC,   1,    0.0000000000E+00,    1.9449585776E+00,    1.9449585776E+00,    0.0000000000E+00,    0.0000000000E+00,    0.0000000000E+00,    1.9449585776E+00
     13100,      0.676913,CP9_after_PTsource,   1,    0.0000000000E+00,    1.9449585776E+00,    1.9449585776E+00,    0.0000000000E+00,    0.0000000000E+00,    0.0000000000E+00,    1.9449585776E+00
     13100,      0.676913,CP10_after_neg_clamp,   1,    0.0000000000E+00,    1.9449585776E+00,    1.9449585776E+00,    0.0000000000E+00,    0.0000000000E+00,    0.0000000000E+00,    1.9449585776E+00
     13100,      0.676913,CP11_after_MPI,   1,    0.0000000000E+00,    1.9449585776E+00,    1.9449585776E+00,    0.0000000000E+00,    0.0000000000E+00,    0.0000000000E+00,    1.9449585776E+00
     13100,      0.676913,CP12_end,   1,    0.0000000000E+00,    1.9449585776E+00,    1.9449585776E+00,    0.0000000000E+00,    0.0000000000E+00,    0.0000000000E+00,    1.9449585776E+00
     13150,      0.676913,CP0_start,   1,    0.0000000000E+00,    1.9592038954E+00,    1.9592038954E+00,    0.0000000000E+00,    0.0000000000E+00,    0.0000000000E+00,    1.9592038954E+00
     13150,      0.676913,CP1_after_deposition,   1,    0.0000000000E+00,    1.9592038954E+00,    1.9592038954E+00,    0.0000000000E+00,    0.0000000000E+00,    0.0000000000E+00,    1.9592038954E+00
     13150,      0.676913,CP2_after_erosion,   1,    0.0000000000E+00,    1.9592038954E+00,    1.9592038954E+00,    0.0000000000E+00,    0.0000000000E+00,    0.0000000000E+00,    1.9592038954E+00
     13150,      0.676913,CP3_after_update_bottom,   1,    0.0000000000E+00,    1.9592038954E+00,    1.9592038954E+00,    0.0000000000E+00,    0.0000000000E+00,    0.0000000000E+00,    1.9592038954E+00
     13150,      0.676913,CP4_after_advection,   1,    0.0000000000E+00,    1.9594955282E+00,    1.9594955282E+00,    0.0000000000E+00,    0.0000000000E+00,    0.0000000000E+00,    1.9594955282E+00
     13150,      0.676913,CP5_after_vdif,   1,    0.0000000000E+00,    1.9594955282E+00,    1.9594955282E+00,    0.0000000000E+00,    0.0000000000E+00,    0.0000000000E+00,    1.9594955282E+00
     13150,      0.676913,CP6_after_kinetics,   1,    0.0000000000E+00,    1.9594955282E+00,    1.9594955282E+00,    0.0000000000E+00,    0.0000000000E+00,    0.0000000000E+00,    1.9594955282E+00
     13150,      0.676913,CP7_after_upper_clamp,   1,    0.0000000000E+00,    1.9594955282E+00,    1.9594955282E+00,    0.0000000000E+00,    0.0000000000E+00,    0.0000000000E+00,    1.9594955282E+00
     13150,      0.676913,CP8_after_OBC,   1,    0.0000000000E+00,    1.9594955282E+00,    1.9594955282E+00,    0.0000000000E+00,    0.0000000000E+00,    0.0000000000E+00,    1.9594955282E+00
     13150,      0.676913,CP9_after_PTsource,   1,    0.0000000000E+00,    1.9594955282E+00,    1.9594955282E+00,    0.0000000000E+00,    0.0000000000E+00,    0.0000000000E+00,    1.9594955282E+00
     13150,      0.676913,CP10_after_neg_clamp,   1,    0.0000000000E+00,    1.9594955282E+00,    1.9594955282E+00,    0.0000000000E+00,    0.0000000000E+00,    0.0000000000E+00,    1.9594955282E+00
     13150,      0.676913,CP11_after_MPI,   1,    0.0000000000E+00,    1.9594955282E+00,    1.9594955282E+00,    0.0000000000E+00,    0.0000000000E+00,    0.0000000000E+00,    1.9594955282E+00
     13150,      0.676913,CP12_end,   1,    0.0000000000E+00,    1.9594955282E+00,    1.9594955282E+00,    0.0000000000E+00,    0.0000000000E+00,    0.0000000000E+00,    1.9594955282E+00
     13200,      0.676913,CP0_start,   1,    0.0000000000E+00,    1.9737946768E+00,    1.9737946768E+00,    0.0000000000E+00,    0.0000000000E+00,    0.0000000000E+00,    1.9737946768E+00
     13200,      0.676913,CP1_after_deposition,   1,    0.0000000000E+00,    1.9737946768E+00,    1.9737946768E+00,    0.0000000000E+00,    0.0000000000E+00,    0.0000000000E+00,    1.9737946768E+00
     13200,      0.676913,CP2_after_erosion,   1,    0.0000000000E+00,    1.9737946768E+00,    1.9737946768E+00,    0.0000000000E+00,    0.0000000000E+00,    0.0000000000E+00,    1.9737946768E+00
     13200,      0.676913,CP3_after_update_bottom,   1,    0.0000000000E+00,    1.9737946768E+00,    1.9737946768E+00,    0.0000000000E+00,    0.0000000000E+00,    0.0000000000E+00,    1.9737946768E+00
     13200,      0.676913,CP4_after_advection,   1,    0.0000000000E+00,    1.9740877186E+00,    1.9740877186E+00,    0.0000000000E+00,    0.0000000000E+00,    0.0000000000E+00,    1.9740877186E+00
     13200,      0.676913,CP5_after_vdif,   1,    0.0000000000E+00,    1.9740877186E+00,    1.9740877186E+00,    0.0000000000E+00,    0.0000000000E+00,    0.0000000000E+00,    1.9740877186E+00
     13200,      0.676913,CP6_after_kinetics,   1,    0.0000000000E+00,    1.9740877186E+00,    1.9740877186E+00,    0.0000000000E+00,    0.0000000000E+00,    0.0000000000E+00,    1.9740877186E+00
     13200,      0.676913,CP7_after_upper_clamp,   1,    0.0000000000E+00,    1.9740877186E+00,    1.9740877186E+00,    0.0000000000E+00,    0.0000000000E+00,    0.0000000000E+00,    1.9740877186E+00
     13200,      0.676913,CP8_after_OBC,   1,    0.0000000000E+00,    1.9740877186E+00,    1.9740877186E+00,    0.0000000000E+00,    0.0000000000E+00,    0.0000000000E+00,    1.9740877186E+00
     13200,      0.676913,CP9_after_PTsource,   1,    0.0000000000E+00,    1.9740877186E+00,    1.9740877186E+00,    0.0000000000E+00,    0.0000000000E+00,    0.0000000000E+00,    1.9740877186E+00
     13200,      0.676913,CP10_after_neg_clamp,   1,    0.0000000000E+00,    1.9740877186E+00,    1.9740877186E+00,    0.0000000000E+00,    0.0000000000E+00,    0.0000000000E+00,    1.9740877186E+00
     13200,      0.676913,CP11_after_MPI,   1,    0.0000000000E+00,    1.9740877186E+00,    1.9740877186E+00,    0.0000000000E+00,    0.0000000000E+00,    0.0000000000E+00,    1.9740877186E+00
     13200,      0.676913,CP12_end,   1,    0.0000000000E+00,    1.9740877186E+00,    1.9740877186E+00,    0.0000000000E+00,    0.0000000000E+00,    0.0000000000E+00,    1.9740877186E+00
     13250,      0.676913,CP0_start,   1,    0.0000000000E+00,    1.9884413840E+00,    1.9884413840E+00,    0.0000000000E+00,    0.0000000000E+00,    0.0000000000E+00,    1.9884413840E+00
     13250,      0.676913,CP1_after_deposition,   1,    0.0000000000E+00,    1.9884413840E+00,    1.9884413840E+00,    0.0000000000E+00,    0.0000000000E+00,    0.0000000000E+00,    1.9884413840E+00
     13250,      0.676913,CP2_after_erosion,   1,    0.0000000000E+00,    1.9884413840E+00,    1.9884413840E+00,    0.0000000000E+00,    0.0000000000E+00,    0.0000000000E+00,    1.9884413840E+00
     13250,      0.676913,CP3_after_update_bottom,   1,    0.0000000000E+00,    1.9884413840E+00,    1.9884413840E+00,    0.0000000000E+00,    0.0000000000E+00,    0.0000000000E+00,    1.9884413840E+00
     13250,      0.676913,CP4_after_advection,   1,    0.0000000000E+00,    1.9887351474E+00,    1.9887351474E+00,    0.0000000000E+00,    0.0000000000E+00,    0.0000000000E+00,    1.9887351474E+00
     13250,      0.676913,CP5_after_vdif,   1,    0.0000000000E+00,    1.9887351474E+00,    1.9887351474E+00,    0.0000000000E+00,    0.0000000000E+00,    0.0000000000E+00,    1.9887351474E+00
     13250,      0.676913,CP6_after_kinetics,   1,    0.0000000000E+00,    1.9887351474E+00,    1.9887351474E+00,    0.0000000000E+00,    0.0000000000E+00,    0.0000000000E+00,    1.9887351474E+00
     13250,      0.676913,CP7_after_upper_clamp,   1,    0.0000000000E+00,    1.9887351474E+00,    1.9887351474E+00,    0.0000000000E+00,    0.0000000000E+00,    0.0000000000E+00,    1.9887351474E+00
     13250,      0.676913,CP8_after_OBC,   1,    0.0000000000E+00,    1.9887351474E+00,    1.9887351474E+00,    0.0000000000E+00,    0.0000000000E+00,    0.0000000000E+00,    1.9887351474E+00
     13250,      0.676913,CP9_after_PTsource,   1,    0.0000000000E+00,    1.9887351474E+00,    1.9887351474E+00,    0.0000000000E+00,    0.0000000000E+00,    0.0000000000E+00,    1.9887351474E+00
     13250,      0.676913,CP10_after_neg_clamp,   1,    0.0000000000E+00,    1.9887351474E+00,    1.9887351474E+00,    0.0000000000E+00,    0.0000000000E+00,    0.0000000000E+00,    1.9887351474E+00
     13250,      0.676913,CP11_after_MPI,   1,    0.0000000000E+00,    1.9887351474E+00,    1.9887351474E+00,    0.0000000000E+00,    0.0000000000E+00,    0.0000000000E+00,    1.9887351474E+00
     13250,      0.676913,CP12_end,   1,    0.0000000000E+00,    1.9887351474E+00,    1.9887351474E+00,    0.0000000000E+00,    0.0000000000E+00,    0.0000000000E+00,    1.9887351474E+00
     13300,      0.676913,CP0_start,   1,    0.0000000000E+00,    2.0031428771E+00,    2.0031428771E+00,    0.0000000000E+00,    0.0000000000E+00,    0.0000000000E+00,    2.0031428771E+00
     13300,      0.676913,CP1_after_deposition,   1,    0.0000000000E+00,    2.0031428771E+00,    2.0031428771E+00,    0.0000000000E+00,    0.0000000000E+00,    0.0000000000E+00,    2.0031428771E+00
     13300,      0.676913,CP2_after_erosion,   1,    0.0000000000E+00,    2.0031428771E+00,    2.0031428771E+00,    0.0000000000E+00,    0.0000000000E+00,    0.0000000000E+00,    2.0031428771E+00
     13300,      0.676913,CP3_after_update_bottom,   1,    0.0000000000E+00,    2.0031428771E+00,    2.0031428771E+00,    0.0000000000E+00,    0.0000000000E+00,    0.0000000000E+00,    2.0031428771E+00
     13300,      0.676913,CP4_after_advection,   1,    0.0000000000E+00,    2.0034378130E+00,    2.0034378130E+00,    0.0000000000E+00,    0.0000000000E+00,    0.0000000000E+00,    2.0034378130E+00
     13300,      0.676913,CP5_after_vdif,   1,    0.0000000000E+00,    2.0034378130E+00,    2.0034378130E+00,    0.0000000000E+00,    0.0000000000E+00,    0.0000000000E+00,    2.0034378130E+00
     13300,      0.676913,CP6_after_kinetics,   1,    0.0000000000E+00,    2.0034378130E+00,    2.0034378130E+00,    0.0000000000E+00,    0.0000000000E+00,    0.0000000000E+00,    2.0034378130E+00
     13300,      0.676913,CP7_after_upper_clamp,   1,    0.0000000000E+00,    2.0034378130E+00,    2.0034378130E+00,    0.0000000000E+00,    0.0000000000E+00,    0.0000000000E+00,    2.0034378130E+00
     13300,      0.676913,CP8_after_OBC,   1,    0.0000000000E+00,    2.0034378130E+00,    2.0034378130E+00,    0.0000000000E+00,    0.0000000000E+00,    0.0000000000E+00,    2.0034378130E+00
     13300,      0.676913,CP9_after_PTsource,   1,    0.0000000000E+00,    2.0034378130E+00,    2.0034378130E+00,    0.0000000000E+00,    0.0000000000E+00,    0.0000000000E+00,    2.0034378130E+00
     13300,      0.676913,CP10_after_neg_clamp,   1,    0.0000000000E+00,    2.0034378130E+00,    2.0034378130E+00,    0.0000000000E+00,    0.0000000000E+00,    0.0000000000E+00,    2.0034378130E+00
     13300,      0.676913,CP11_after_MPI,   1,    0.0000000000E+00,    2.0034378130E+00,    2.0034378130E+00,    0.0000000000E+00,    0.0000000000E+00,    0.0000000000E+00,    2.0034378130E+00
     13300,      0.676913,CP12_end,   1,    0.0000000000E+00,    2.0034378130E+00,    2.0034378130E+00,    0.0000000000E+00,    0.0000000000E+00,    0.0000000000E+00,    2.0034378130E+00
     13350,      0.676913,CP0_start,   1,    0.0000000000E+00,    2.0178989481E+00,    2.0178989481E+00,    0.0000000000E+00,    0.0000000000E+00,    0.0000000000E+00,    2.0178989481E+00
     13350,      0.676913,CP1_after_deposition,   1,    0.0000000000E+00,    2.0178989481E+00,    2.0178989481E+00,    0.0000000000E+00,    0.0000000000E+00,    0.0000000000E+00,    2.0178989481E+00
     13350,      0.676913,CP2_after_erosion,   1,    0.0000000000E+00,    2.0178989481E+00,    2.0178989481E+00,    0.0000000000E+00,    0.0000000000E+00,    0.0000000000E+00,    2.0178989481E+00
     13350,      0.676913,CP3_after_update_bottom,   1,    0.0000000000E+00,    2.0178989481E+00,    2.0178989481E+00,    0.0000000000E+00,    0.0000000000E+00,    0.0000000000E+00,    2.0178989481E+00
     13350,      0.676913,CP4_after_advection,   1,    0.0000000000E+00,    2.0181957137E+00,    2.0181957137E+00,    0.0000000000E+00,    0.0000000000E+00,    0.0000000000E+00,    2.0181957137E+00
     13350,      0.676913,CP5_after_vdif,   1,    0.0000000000E+00,    2.0181957137E+00,    2.0181957137E+00,    0.0000000000E+00,    0.0000000000E+00,    0.0000000000E+00,    2.0181957137E+00
     13350,      0.676913,CP6_after_kinetics,   1,    0.0000000000E+00,    2.0181957137E+00,    2.0181957137E+00,    0.0000000000E+00,    0.0000000000E+00,    0.0000000000E+00,    2.0181957137E+00
     13350,      0.676913,CP7_after_upper_clamp,   1,    0.0000000000E+00,    2.0181957137E+00,    2.0181957137E+00,    0.0000000000E+00,    0.0000000000E+00,    0.0000000000E+00,    2.0181957137E+00
     13350,      0.676913,CP8_after_OBC,   1,    0.0000000000E+00,    2.0181957137E+00,    2.0181957137E+00,    0.0000000000E+00,    0.0000000000E+00,    0.0000000000E+00,    2.0181957137E+00
     13350,      0.676913,CP9_after_PTsource,   1,    0.0000000000E+00,    2.0181957137E+00,    2.0181957137E+00,    0.0000000000E+00,    0.0000000000E+00,    0.0000000000E+00,    2.0181957137E+00
     13350,      0.676913,CP10_after_neg_clamp,   1,    0.0000000000E+00,    2.0181957137E+00,    2.0181957137E+00,    0.0000000000E+00,    0.0000000000E+00,    0.0000000000E+00,    2.0181957137E+00
     13350,      0.676913,CP11_after_MPI,   1,    0.0000000000E+00,    2.0181957137E+00,    2.0181957137E+00,    0.0000000000E+00,    0.0000000000E+00,    0.0000000000E+00,    2.0181957137E+00
     13350,      0.676913,CP12_end,   1,    0.0000000000E+00,    2.0181957137E+00,    2.0181957137E+00,    0.0000000000E+00,    0.0000000000E+00,    0.0000000000E+00,    2.0181957137E+00
     13400,      0.676913,CP0_start,   1,    0.0000000000E+00,    2.0327115331E+00,    2.0327115331E+00,    0.0000000000E+00,    0.0000000000E+00,    0.0000000000E+00,    2.0327115331E+00
     13400,      0.676913,CP1_after_deposition,   1,    0.0000000000E+00,    2.0327115331E+00,    2.0327115331E+00,    0.0000000000E+00,    0.0000000000E+00,    0.0000000000E+00,    2.0327115331E+00
     13400,      0.676913,CP2_after_erosion,   1,    0.0000000000E+00,    2.0327115331E+00,    2.0327115331E+00,    0.0000000000E+00,    0.0000000000E+00,    0.0000000000E+00,    2.0327115331E+00
     13400,      0.676913,CP3_after_update_bottom,   1,    0.0000000000E+00,    2.0327115331E+00,    2.0327115331E+00,    0.0000000000E+00,    0.0000000000E+00,    0.0000000000E+00,    2.0327115331E+00
     13400,      0.676913,CP4_after_advection,   1,    0.0000000000E+00,    2.0330088481E+00,    2.0330088481E+00,    0.0000000000E+00,    0.0000000000E+00,    0.0000000000E+00,    2.0330088481E+00
     13400,      0.676913,CP5_after_vdif,   1,    0.0000000000E+00,    2.0330088481E+00,    2.0330088481E+00,    0.0000000000E+00,    0.0000000000E+00,    0.0000000000E+00,    2.0330088481E+00
     13400,      0.676913,CP6_after_kinetics,   1,    0.0000000000E+00,    2.0330088481E+00,    2.0330088481E+00,    0.0000000000E+00,    0.0000000000E+00,    0.0000000000E+00,    2.0330088481E+00
     13400,      0.676913,CP7_after_upper_clamp,   1,    0.0000000000E+00,    2.0330088481E+00,    2.0330088481E+00,    0.0000000000E+00,    0.0000000000E+00,    0.0000000000E+00,    2.0330088481E+00
     13400,      0.676913,CP8_after_OBC,   1,    0.0000000000E+00,    2.0330088481E+00,    2.0330088481E+00,    0.0000000000E+00,    0.0000000000E+00,    0.0000000000E+00,    2.0330088481E+00
     13400,      0.676913,CP9_after_PTsource,   1,    0.0000000000E+00,    2.0330088481E+00,    2.0330088481E+00,    0.0000000000E+00,    0.0000000000E+00,    0.0000000000E+00,    2.0330088481E+00
     13400,      0.676913,CP10_after_neg_clamp,   1,    0.0000000000E+00,    2.0330088481E+00,    2.0330088481E+00,    0.0000000000E+00,    0.0000000000E+00,    0.0000000000E+00,    2.0330088481E+00
     13400,      0.676913,CP11_after_MPI,   1,    0.0000000000E+00,    2.0330088481E+00,    2.0330088481E+00,    0.0000000000E+00,    0.0000000000E+00,    0.0000000000E+00,    2.0330088481E+00
     13400,      0.676913,CP12_end,   1,    0.0000000000E+00,    2.0330088481E+00,    2.0330088481E+00,    0.0000000000E+00,    0.0000000000E+00,    0.0000000000E+00,    2.0330088481E+00
     13450,      0.676913,CP0_start,   1,    0.0000000000E+00,    2.0475785144E+00,    2.0475785144E+00,    0.0000000000E+00,    0.0000000000E+00,    0.0000000000E+00,    2.0475785144E+00
     13450,      0.676913,CP1_after_deposition,   1,    0.0000000000E+00,    2.0475785144E+00,    2.0475785144E+00,    0.0000000000E+00,    0.0000000000E+00,    0.0000000000E+00,    2.0475785144E+00
     13450,      0.676913,CP2_after_erosion,   1,    0.0000000000E+00,    2.0475785144E+00,    2.0475785144E+00,    0.0000000000E+00,    0.0000000000E+00,    0.0000000000E+00,    2.0475785144E+00
     13450,      0.676913,CP3_after_update_bottom,   1,    0.0000000000E+00,    2.0475785144E+00,    2.0475785144E+00,    0.0000000000E+00,    0.0000000000E+00,    0.0000000000E+00,    2.0475785144E+00
     13450,      0.676913,CP4_after_advection,   1,    0.0000000000E+00,    2.0478772145E+00,    2.0478772145E+00,    0.0000000000E+00,    0.0000000000E+00,    0.0000000000E+00,    2.0478772145E+00
     13450,      0.676913,CP5_after_vdif,   1,    0.0000000000E+00,    2.0478772145E+00,    2.0478772145E+00,    0.0000000000E+00,    0.0000000000E+00,    0.0000000000E+00,    2.0478772145E+00
     13450,      0.676913,CP6_after_kinetics,   1,    0.0000000000E+00,    2.0478772145E+00,    2.0478772145E+00,    0.0000000000E+00,    0.0000000000E+00,    0.0000000000E+00,    2.0478772145E+00
     13450,      0.676913,CP7_after_upper_clamp,   1,    0.0000000000E+00,    2.0478772145E+00,    2.0478772145E+00,    0.0000000000E+00,    0.0000000000E+00,    0.0000000000E+00,    2.0478772145E+00
     13450,      0.676913,CP8_after_OBC,   1,    0.0000000000E+00,    2.0478772145E+00,    2.0478772145E+00,    0.0000000000E+00,    0.0000000000E+00,    0.0000000000E+00,    2.0478772145E+00
     13450,      0.676913,CP9_after_PTsource,   1,    0.0000000000E+00,    2.0478772145E+00,    2.0478772145E+00,    0.0000000000E+00,    0.0000000000E+00,    0.0000000000E+00,    2.0478772145E+00
     13450,      0.676913,CP10_after_neg_clamp,   1,    0.0000000000E+00,    2.0478772145E+00,    2.0478772145E+00,    0.0000000000E+00,    0.0000000000E+00,    0.0000000000E+00,    2.0478772145E+00
     13450,      0.676913,CP11_after_MPI,   1,    0.0000000000E+00,    2.0478772145E+00,    2.0478772145E+00,    0.0000000000E+00,    0.0000000000E+00,    0.0000000000E+00,    2.0478772145E+00
     13450,      0.676913,CP12_end,   1,    0.0000000000E+00,    2.0478772145E+00,    2.0478772145E+00,    0.0000000000E+00,    0.0000000000E+00,    0.0000000000E+00,    2.0478772145E+00
     13500,      0.676913,CP0_start,   1,    0.0000000000E+00,    2.0625008872E+00,    2.0625008872E+00,    0.0000000000E+00,    0.0000000000E+00,    0.0000000000E+00,    2.0625008872E+00
     13500,      0.676913,CP1_after_deposition,   1,    0.0000000000E+00,    2.0625008872E+00,    2.0625008872E+00,    0.0000000000E+00,    0.0000000000E+00,    0.0000000000E+00,    2.0625008872E+00
     13500,      0.676913,CP2_after_erosion,   1,    0.0000000000E+00,    2.0625008872E+00,    2.0625008872E+00,    0.0000000000E+00,    0.0000000000E+00,    0.0000000000E+00,    2.0625008872E+00
     13500,      0.676913,CP3_after_update_bottom,   1,    0.0000000000E+00,    2.0625008872E+00,    2.0625008872E+00,    0.0000000000E+00,    0.0000000000E+00,    0.0000000000E+00,    2.0625008872E+00
     13500,      0.676913,CP4_after_advection,   1,    0.0000000000E+00,    2.0628008114E+00,    2.0628008114E+00,    0.0000000000E+00,    0.0000000000E+00,    0.0000000000E+00,    2.0628008114E+00
     13500,      0.676913,CP5_after_vdif,   1,    0.0000000000E+00,    2.0628008114E+00,    2.0628008114E+00,    0.0000000000E+00,    0.0000000000E+00,    0.0000000000E+00,    2.0628008114E+00
     13500,      0.676913,CP6_after_kinetics,   1,    0.0000000000E+00,    2.0628008114E+00,    2.0628008114E+00,    0.0000000000E+00,    0.0000000000E+00,    0.0000000000E+00,    2.0628008114E+00
     13500,      0.676913,CP7_after_upper_clamp,   1,    0.0000000000E+00,    2.0628008114E+00,    2.0628008114E+00,    0.0000000000E+00,    0.0000000000E+00,    0.0000000000E+00,    2.0628008114E+00
     13500,      0.676913,CP8_after_OBC,   1,    0.0000000000E+00,    2.0628008114E+00,    2.0628008114E+00,    0.0000000000E+00,    0.0000000000E+00,    0.0000000000E+00,    2.0628008114E+00
     13500,      0.676913,CP9_after_PTsource,   1,    0.0000000000E+00,    2.0628008114E+00,    2.0628008114E+00,    0.0000000000E+00,    0.0000000000E+00,    0.0000000000E+00,    2.0628008114E+00
     13500,      0.676913,CP10_after_neg_clamp,   1,    0.0000000000E+00,    2.0628008114E+00,    2.0628008114E+00,    0.0000000000E+00,    0.0000000000E+00,    0.0000000000E+00,    2.0628008114E+00
     13500,      0.676913,CP11_after_MPI,   1,    0.0000000000E+00,    2.0628008114E+00,    2.0628008114E+00,    0.0000000000E+00,    0.0000000000E+00,    0.0000000000E+00,    2.0628008114E+00
     13500,      0.676913,CP12_end,   1,    0.0000000000E+00,    2.0628008114E+00,    2.0628008114E+00,    0.0000000000E+00,    0.0000000000E+00,    0.0000000000E+00,    2.0628008114E+00
     13550,      0.676913,CP0_start,   1,    0.0000000000E+00,    2.0773869966E+00,    2.0773869966E+00,    0.0000000000E+00,    0.0000000000E+00,    0.0000000000E+00,    2.0773869966E+00
     13550,      0.676913,CP1_after_deposition,   1,    0.0000000000E+00,    2.0773869966E+00,    2.0773869966E+00,    0.0000000000E+00,    0.0000000000E+00,    0.0000000000E+00,    2.0773869966E+00
     13550,      0.676913,CP2_after_erosion,   1,    0.0000000000E+00,    2.0773869966E+00,    2.0773869966E+00,    0.0000000000E+00,    0.0000000000E+00,    0.0000000000E+00,    2.0773869966E+00
     13550,      0.676913,CP3_after_update_bottom,   1,    0.0000000000E+00,    2.0773869966E+00,    2.0773869966E+00,    0.0000000000E+00,    0.0000000000E+00,    0.0000000000E+00,    2.0773869966E+00
     13550,      0.676913,CP4_after_advection,   1,    0.0000000000E+00,    2.0776864079E+00,    2.0776864079E+00,    0.0000000000E+00,    0.0000000000E+00,    0.0000000000E+00,    2.0776864079E+00
     13550,      0.676913,CP5_after_vdif,   1,    0.0000000000E+00,    2.0776864079E+00,    2.0776864079E+00,    0.0000000000E+00,    0.0000000000E+00,    0.0000000000E+00,    2.0776864079E+00
     13550,      0.676913,CP6_after_kinetics,   1,    0.0000000000E+00,    2.0776864079E+00,    2.0776864079E+00,    0.0000000000E+00,    0.0000000000E+00,    0.0000000000E+00,    2.0776864079E+00
     13550,      0.676913,CP7_after_upper_clamp,   1,    0.0000000000E+00,    2.0776864079E+00,    2.0776864079E+00,    0.0000000000E+00,    0.0000000000E+00,    0.0000000000E+00,    2.0776864079E+00
     13550,      0.676913,CP8_after_OBC,   1,    0.0000000000E+00,    2.0776864079E+00,    2.0776864079E+00,    0.0000000000E+00,    0.0000000000E+00,    0.0000000000E+00,    2.0776864079E+00
     13550,      0.676913,CP9_after_PTsource,   1,    0.0000000000E+00,    2.0776864079E+00,    2.0776864079E+00,    0.0000000000E+00,    0.0000000000E+00,    0.0000000000E+00,    2.0776864079E+00
     13550,      0.676913,CP10_after_neg_clamp,   1,    0.0000000000E+00,    2.0776864079E+00,    2.0776864079E+00,    0.0000000000E+00,    0.0000000000E+00,    0.0000000000E+00,    2.0776864079E+00
     13550,      0.676913,CP11_after_MPI,   1,    0.0000000000E+00,    2.0776864079E+00,    2.0776864079E+00,    0.0000000000E+00,    0.0000000000E+00,    0.0000000000E+00,    2.0776864079E+00
     13550,      0.676913,CP12_end,   1,    0.0000000000E+00,    2.0776864079E+00,    2.0776864079E+00,    0.0000000000E+00,    0.0000000000E+00,    0.0000000000E+00,    2.0776864079E+00
     13600,      0.676913,CP0_start,   1,    0.0000000000E+00,    2.0923262491E+00,    2.0923262491E+00,    0.0000000000E+00,    0.0000000000E+00,    0.0000000000E+00,    2.0923262491E+00
     13600,      0.676913,CP1_after_deposition,   1,    0.0000000000E+00,    2.0923262491E+00,    2.0923262491E+00,    0.0000000000E+00,    0.0000000000E+00,    0.0000000000E+00,    2.0923262491E+00
     13600,      0.676913,CP2_after_erosion,   1,    0.0000000000E+00,    2.0923262491E+00,    2.0923262491E+00,    0.0000000000E+00,    0.0000000000E+00,    0.0000000000E+00,    2.0923262491E+00
     13600,      0.676913,CP3_after_update_bottom,   1,    0.0000000000E+00,    2.0923262491E+00,    2.0923262491E+00,    0.0000000000E+00,    0.0000000000E+00,    0.0000000000E+00,    2.0923262491E+00
     13600,      0.676913,CP4_after_advection,   1,    0.0000000000E+00,    2.0926268879E+00,    2.0926268879E+00,    0.0000000000E+00,    0.0000000000E+00,    0.0000000000E+00,    2.0926268879E+00
     13600,      0.676913,CP5_after_vdif,   1,    0.0000000000E+00,    2.0926268879E+00,    2.0926268879E+00,    0.0000000000E+00,    0.0000000000E+00,    0.0000000000E+00,    2.0926268879E+00
     13600,      0.676913,CP6_after_kinetics,   1,    0.0000000000E+00,    2.0926268879E+00,    2.0926268879E+00,    0.0000000000E+00,    0.0000000000E+00,    0.0000000000E+00,    2.0926268879E+00
     13600,      0.676913,CP7_after_upper_clamp,   1,    0.0000000000E+00,    2.0926268879E+00,    2.0926268879E+00,    0.0000000000E+00,    0.0000000000E+00,    0.0000000000E+00,    2.0926268879E+00
     13600,      0.676913,CP8_after_OBC,   1,    0.0000000000E+00,    2.0926268879E+00,    2.0926268879E+00,    0.0000000000E+00,    0.0000000000E+00,    0.0000000000E+00,    2.0926268879E+00
     13600,      0.676913,CP9_after_PTsource,   1,    0.0000000000E+00,    2.0926268879E+00,    2.0926268879E+00,    0.0000000000E+00,    0.0000000000E+00,    0.0000000000E+00,    2.0926268879E+00
     13600,      0.676913,CP10_after_neg_clamp,   1,    0.0000000000E+00,    2.0926268879E+00,    2.0926268879E+00,    0.0000000000E+00,    0.0000000000E+00,    0.0000000000E+00,    2.0926268879E+00
     13600,      0.676913,CP11_after_MPI,   1,    0.0000000000E+00,    2.0926268879E+00,    2.0926268879E+00,    0.0000000000E+00,    0.0000000000E+00,    0.0000000000E+00,    2.0926268879E+00
     13600,      0.676913,CP12_end,   1,    0.0000000000E+00,    2.0926268879E+00,    2.0926268879E+00,    0.0000000000E+00,    0.0000000000E+00,    0.0000000000E+00,    2.0926268879E+00
     13650,      0.676913,CP0_start,   1,    0.0000000000E+00,    2.1073204284E+00,    2.1073204284E+00,    0.0000000000E+00,    0.0000000000E+00,    0.0000000000E+00,    2.1073204284E+00
     13650,      0.676913,CP1_after_deposition,   1,    0.0000000000E+00,    2.1073204284E+00,    2.1073204284E+00,    0.0000000000E+00,    0.0000000000E+00,    0.0000000000E+00,    2.1073204284E+00
     13650,      0.676913,CP2_after_erosion,   1,    0.0000000000E+00,    2.1073204284E+00,    2.1073204284E+00,    0.0000000000E+00,    0.0000000000E+00,    0.0000000000E+00,    2.1073204284E+00
     13650,      0.676913,CP3_after_update_bottom,   1,    0.0000000000E+00,    2.1073204284E+00,    2.1073204284E+00,    0.0000000000E+00,    0.0000000000E+00,    0.0000000000E+00,    2.1073204284E+00
     13650,      0.676913,CP4_after_advection,   1,    0.0000000000E+00,    2.1076222498E+00,    2.1076222498E+00,    0.0000000000E+00,    0.0000000000E+00,    0.0000000000E+00,    2.1076222498E+00
     13650,      0.676913,CP5_after_vdif,   1,    0.0000000000E+00,    2.1076222498E+00,    2.1076222498E+00,    0.0000000000E+00,    0.0000000000E+00,    0.0000000000E+00,    2.1076222498E+00
     13650,      0.676913,CP6_after_kinetics,   1,    0.0000000000E+00,    2.1076222498E+00,    2.1076222498E+00,    0.0000000000E+00,    0.0000000000E+00,    0.0000000000E+00,    2.1076222498E+00
     13650,      0.676913,CP7_after_upper_clamp,   1,    0.0000000000E+00,    2.1076222498E+00,    2.1076222498E+00,    0.0000000000E+00,    0.0000000000E+00,    0.0000000000E+00,    2.1076222498E+00
     13650,      0.676913,CP8_after_OBC,   1,    0.0000000000E+00,    2.1076222498E+00,    2.1076222498E+00,    0.0000000000E+00,    0.0000000000E+00,    0.0000000000E+00,    2.1076222498E+00
     13650,      0.676913,CP9_after_PTsource,   1,    0.0000000000E+00,    2.1076222498E+00,    2.1076222498E+00,    0.0000000000E+00,    0.0000000000E+00,    0.0000000000E+00,    2.1076222498E+00
     13650,      0.676913,CP10_after_neg_clamp,   1,    0.0000000000E+00,    2.1076222498E+00,    2.1076222498E+00,    0.0000000000E+00,    0.0000000000E+00,    0.0000000000E+00,    2.1076222498E+00
     13650,      0.676913,CP11_after_MPI,   1,    0.0000000000E+00,    2.1076222498E+00,    2.1076222498E+00,    0.0000000000E+00,    0.0000000000E+00,    0.0000000000E+00,    2.1076222498E+00
     13650,      0.676913,CP12_end,   1,    0.0000000000E+00,    2.1076222498E+00,    2.1076222498E+00,    0.0000000000E+00,    0.0000000000E+00,    0.0000000000E+00,    2.1076222498E+00
     13700,      0.676913,CP0_start,   1,    0.0000000000E+00,    2.1223689125E+00,    2.1223689125E+00,    0.0000000000E+00,    0.0000000000E+00,    0.0000000000E+00,    2.1223689125E+00
     13700,      0.676913,CP1_after_deposition,   1,    0.0000000000E+00,    2.1223689125E+00,    2.1223689125E+00,    0.0000000000E+00,    0.0000000000E+00,    0.0000000000E+00,    2.1223689125E+00
     13700,      0.676913,CP2_after_erosion,   1,    0.0000000000E+00,    2.1223689125E+00,    2.1223689125E+00,    0.0000000000E+00,    0.0000000000E+00,    0.0000000000E+00,    2.1223689125E+00
     13700,      0.676913,CP3_after_update_bottom,   1,    0.0000000000E+00,    2.1223689125E+00,    2.1223689125E+00,    0.0000000000E+00,    0.0000000000E+00,    0.0000000000E+00,    2.1223689125E+00
     13700,      0.676913,CP4_after_advection,   1,    0.0000000000E+00,    2.1226724921E+00,    2.1226724921E+00,    0.0000000000E+00,    0.0000000000E+00,    0.0000000000E+00,    2.1226724921E+00
     13700,      0.676913,CP5_after_vdif,   1,    0.0000000000E+00,    2.1226724921E+00,    2.1226724921E+00,    0.0000000000E+00,    0.0000000000E+00,    0.0000000000E+00,    2.1226724921E+00
     13700,      0.676913,CP6_after_kinetics,   1,    0.0000000000E+00,    2.1226724921E+00,    2.1226724921E+00,    0.0000000000E+00,    0.0000000000E+00,    0.0000000000E+00,    2.1226724921E+00
     13700,      0.676913,CP7_after_upper_clamp,   1,    0.0000000000E+00,    2.1226724921E+00,    2.1226724921E+00,    0.0000000000E+00,    0.0000000000E+00,    0.0000000000E+00,    2.1226724921E+00
     13700,      0.676913,CP8_after_OBC,   1,    0.0000000000E+00,    2.1226724921E+00,    2.1226724921E+00,    0.0000000000E+00,    0.0000000000E+00,    0.0000000000E+00,    2.1226724921E+00
     13700,      0.676913,CP9_after_PTsource,   1,    0.0000000000E+00,    2.1226724921E+00,    2.1226724921E+00,    0.0000000000E+00,    0.0000000000E+00,    0.0000000000E+00,    2.1226724921E+00
     13700,      0.676913,CP10_after_neg_clamp,   1,    0.0000000000E+00,    2.1226724921E+00,    2.1226724921E+00,    0.0000000000E+00,    0.0000000000E+00,    0.0000000000E+00,    2.1226724921E+00
     13700,      0.676913,CP11_after_MPI,   1,    0.0000000000E+00,    2.1226724921E+00,    2.1226724921E+00,    0.0000000000E+00,    0.0000000000E+00,    0.0000000000E+00,    2.1226724921E+00
     13700,      0.676913,CP12_end,   1,    0.0000000000E+00,    2.1226724921E+00,    2.1226724921E+00,    0.0000000000E+00,    0.0000000000E+00,    0.0000000000E+00,    2.1226724921E+00
     13750,      0.676913,CP0_start,   1,    0.0000000000E+00,    2.1374717324E+00,    2.1374717324E+00,    0.0000000000E+00,    0.0000000000E+00,    0.0000000000E+00,    2.1374717324E+00
     13750,      0.676913,CP1_after_deposition,   1,    0.0000000000E+00,    2.1374717324E+00,    2.1374717324E+00,    0.0000000000E+00,    0.0000000000E+00,    0.0000000000E+00,    2.1374717324E+00
     13750,      0.676913,CP2_after_erosion,   1,    0.0000000000E+00,    2.1374717324E+00,    2.1374717324E+00,    0.0000000000E+00,    0.0000000000E+00,    0.0000000000E+00,    2.1374717324E+00
     13750,      0.676913,CP3_after_update_bottom,   1,    0.0000000000E+00,    2.1374717324E+00,    2.1374717324E+00,    0.0000000000E+00,    0.0000000000E+00,    0.0000000000E+00,    2.1374717324E+00
     13750,      0.676913,CP4_after_advection,   1,    0.0000000000E+00,    2.1377776131E+00,    2.1377776131E+00,    0.0000000000E+00,    0.0000000000E+00,    0.0000000000E+00,    2.1377776131E+00
     13750,      0.676913,CP5_after_vdif,   1,    0.0000000000E+00,    2.1377776131E+00,    2.1377776131E+00,    0.0000000000E+00,    0.0000000000E+00,    0.0000000000E+00,    2.1377776131E+00
     13750,      0.676913,CP6_after_kinetics,   1,    0.0000000000E+00,    2.1377776131E+00,    2.1377776131E+00,    0.0000000000E+00,    0.0000000000E+00,    0.0000000000E+00,    2.1377776131E+00
     13750,      0.676913,CP7_after_upper_clamp,   1,    0.0000000000E+00,    2.1377776131E+00,    2.1377776131E+00,    0.0000000000E+00,    0.0000000000E+00,    0.0000000000E+00,    2.1377776131E+00
     13750,      0.676913,CP8_after_OBC,   1,    0.0000000000E+00,    2.1377776131E+00,    2.1377776131E+00,    0.0000000000E+00,    0.0000000000E+00,    0.0000000000E+00,    2.1377776131E+00
     13750,      0.676913,CP9_after_PTsource,   1,    0.0000000000E+00,    2.1377776131E+00,    2.1377776131E+00,    0.0000000000E+00,    0.0000000000E+00,    0.0000000000E+00,    2.1377776131E+00
     13750,      0.676913,CP10_after_neg_clamp,   1,    0.0000000000E+00,    2.1377776131E+00,    2.1377776131E+00,    0.0000000000E+00,    0.0000000000E+00,    0.0000000000E+00,    2.1377776131E+00
     13750,      0.676913,CP11_after_MPI,   1,    0.0000000000E+00,    2.1377776131E+00,    2.1377776131E+00,    0.0000000000E+00,    0.0000000000E+00,    0.0000000000E+00,    2.1377776131E+00
     13750,      0.676913,CP12_end,   1,    0.0000000000E+00,    2.1377776131E+00,    2.1377776131E+00,    0.0000000000E+00,    0.0000000000E+00,    0.0000000000E+00,    2.1377776131E+00
     13800,      0.676913,CP0_start,   1,    0.0000000000E+00,    2.1526318861E+00,    2.1526318861E+00,    0.0000000000E+00,    0.0000000000E+00,    0.0000000000E+00,    2.1526318861E+00
     13800,      0.676913,CP1_after_deposition,   1,    0.0000000000E+00,    2.1526318861E+00,    2.1526318861E+00,    0.0000000000E+00,    0.0000000000E+00,    0.0000000000E+00,    2.1526318861E+00
     13800,      0.676913,CP2_after_erosion,   1,    0.0000000000E+00,    2.1526318861E+00,    2.1526318861E+00,    0.0000000000E+00,    0.0000000000E+00,    0.0000000000E+00,    2.1526318861E+00
     13800,      0.676913,CP3_after_update_bottom,   1,    0.0000000000E+00,    2.1526318861E+00,    2.1526318861E+00,    0.0000000000E+00,    0.0000000000E+00,    0.0000000000E+00,    2.1526318861E+00
     13800,      0.676913,CP4_after_advection,   1,    0.0000000000E+00,    2.1529376112E+00,    2.1529376112E+00,    0.0000000000E+00,    0.0000000000E+00,    0.0000000000E+00,    2.1529376112E+00
     13800,      0.676913,CP5_after_vdif,   1,    0.0000000000E+00,    2.1529376112E+00,    2.1529376112E+00,    0.0000000000E+00,    0.0000000000E+00,    0.0000000000E+00,    2.1529376112E+00
     13800,      0.676913,CP6_after_kinetics,   1,    0.0000000000E+00,    2.1529376112E+00,    2.1529376112E+00,    0.0000000000E+00,    0.0000000000E+00,    0.0000000000E+00,    2.1529376112E+00
     13800,      0.676913,CP7_after_upper_clamp,   1,    0.0000000000E+00,    2.1529376112E+00,    2.1529376112E+00,    0.0000000000E+00,    0.0000000000E+00,    0.0000000000E+00,    2.1529376112E+00
     13800,      0.676913,CP8_after_OBC,   1,    0.0000000000E+00,    2.1529376112E+00,    2.1529376112E+00,    0.0000000000E+00,    0.0000000000E+00,    0.0000000000E+00,    2.1529376112E+00
     13800,      0.676913,CP9_after_PTsource,   1,    0.0000000000E+00,    2.1529376112E+00,    2.1529376112E+00,    0.0000000000E+00,    0.0000000000E+00,    0.0000000000E+00,    2.1529376112E+00
     13800,      0.676913,CP10_after_neg_clamp,   1,    0.0000000000E+00,    2.1529376112E+00,    2.1529376112E+00,    0.0000000000E+00,    0.0000000000E+00,    0.0000000000E+00,    2.1529376112E+00
     13800,      0.676913,CP11_after_MPI,   1,    0.0000000000E+00,    2.1529376112E+00,    2.1529376112E+00,    0.0000000000E+00,    0.0000000000E+00,    0.0000000000E+00,    2.1529376112E+00
     13800,      0.676913,CP12_end,   1,    0.0000000000E+00,    2.1529376112E+00,    2.1529376112E+00,    0.0000000000E+00,    0.0000000000E+00,    0.0000000000E+00,    2.1529376112E+00
     13850,      0.676913,CP0_start,   1,    0.0000000000E+00,    2.1678448598E+00,    2.1678448598E+00,    0.0000000000E+00,    0.0000000000E+00,    0.0000000000E+00,    2.1678448598E+00
     13850,      0.676913,CP1_after_deposition,   1,    0.0000000000E+00,    2.1678448598E+00,    2.1678448598E+00,    0.0000000000E+00,    0.0000000000E+00,    0.0000000000E+00,    2.1678448598E+00
     13850,      0.676913,CP2_after_erosion,   1,    0.0000000000E+00,    2.1678448598E+00,    2.1678448598E+00,    0.0000000000E+00,    0.0000000000E+00,    0.0000000000E+00,    2.1678448598E+00
     13850,      0.676913,CP3_after_update_bottom,   1,    0.0000000000E+00,    2.1678448598E+00,    2.1678448598E+00,    0.0000000000E+00,    0.0000000000E+00,    0.0000000000E+00,    2.1678448598E+00
     13850,      0.676913,CP4_after_advection,   1,    0.0000000000E+00,    2.1681524848E+00,    2.1681524848E+00,    0.0000000000E+00,    0.0000000000E+00,    0.0000000000E+00,    2.1681524848E+00
     13850,      0.676913,CP5_after_vdif,   1,    0.0000000000E+00,    2.1681524848E+00,    2.1681524848E+00,    0.0000000000E+00,    0.0000000000E+00,    0.0000000000E+00,    2.1681524848E+00
     13850,      0.676913,CP6_after_kinetics,   1,    0.0000000000E+00,    2.1681524848E+00,    2.1681524848E+00,    0.0000000000E+00,    0.0000000000E+00,    0.0000000000E+00,    2.1681524848E+00
     13850,      0.676913,CP7_after_upper_clamp,   1,    0.0000000000E+00,    2.1681524848E+00,    2.1681524848E+00,    0.0000000000E+00,    0.0000000000E+00,    0.0000000000E+00,    2.1681524848E+00
     13850,      0.676913,CP8_after_OBC,   1,    0.0000000000E+00,    2.1681524848E+00,    2.1681524848E+00,    0.0000000000E+00,    0.0000000000E+00,    0.0000000000E+00,    2.1681524848E+00
     13850,      0.676913,CP9_after_PTsource,   1,    0.0000000000E+00,    2.1681524848E+00,    2.1681524848E+00,    0.0000000000E+00,    0.0000000000E+00,    0.0000000000E+00,    2.1681524848E+00
     13850,      0.676913,CP10_after_neg_clamp,   1,    0.0000000000E+00,    2.1681524848E+00,    2.1681524848E+00,    0.0000000000E+00,    0.0000000000E+00,    0.0000000000E+00,    2.1681524848E+00
     13850,      0.676913,CP11_after_MPI,   1,    0.0000000000E+00,    2.1681524848E+00,    2.1681524848E+00,    0.0000000000E+00,    0.0000000000E+00,    0.0000000000E+00,    2.1681524848E+00
     13850,      0.676913,CP12_end,   1,    0.0000000000E+00,    2.1681524848E+00,    2.1681524848E+00,    0.0000000000E+00,    0.0000000000E+00,    0.0000000000E+00,    2.1681524848E+00
     13900,      0.676913,CP0_start,   1,    0.0000000000E+00,    2.1831141079E+00,    2.1831141079E+00,    0.0000000000E+00,    0.0000000000E+00,    0.0000000000E+00,    2.1831141079E+00
     13900,      0.676913,CP1_after_deposition,   1,    0.0000000000E+00,    2.1831141079E+00,    2.1831141079E+00,    0.0000000000E+00,    0.0000000000E+00,    0.0000000000E+00,    2.1831141079E+00
     13900,      0.676913,CP2_after_erosion,   1,    0.0000000000E+00,    2.1831141079E+00,    2.1831141079E+00,    0.0000000000E+00,    0.0000000000E+00,    0.0000000000E+00,    2.1831141079E+00
     13900,      0.676913,CP3_after_update_bottom,   1,    0.0000000000E+00,    2.1831141079E+00,    2.1831141079E+00,    0.0000000000E+00,    0.0000000000E+00,    0.0000000000E+00,    2.1831141079E+00
     13900,      0.676913,CP4_after_advection,   1,    0.0000000000E+00,    2.1834222322E+00,    2.1834222322E+00,    0.0000000000E+00,    0.0000000000E+00,    0.0000000000E+00,    2.1834222322E+00
     13900,      0.676913,CP5_after_vdif,   1,    0.0000000000E+00,    2.1834222322E+00,    2.1834222322E+00,    0.0000000000E+00,    0.0000000000E+00,    0.0000000000E+00,    2.1834222322E+00
     13900,      0.676913,CP6_after_kinetics,   1,    0.0000000000E+00,    2.1834222322E+00,    2.1834222322E+00,    0.0000000000E+00,    0.0000000000E+00,    0.0000000000E+00,    2.1834222322E+00
     13900,      0.676913,CP7_after_upper_clamp,   1,    0.0000000000E+00,    2.1834222322E+00,    2.1834222322E+00,    0.0000000000E+00,    0.0000000000E+00,    0.0000000000E+00,    2.1834222322E+00
     13900,      0.676913,CP8_after_OBC,   1,    0.0000000000E+00,    2.1834222322E+00,    2.1834222322E+00,    0.0000000000E+00,    0.0000000000E+00,    0.0000000000E+00,    2.1834222322E+00
     13900,      0.676913,CP9_after_PTsource,   1,    0.0000000000E+00,    2.1834222322E+00,    2.1834222322E+00,    0.0000000000E+00,    0.0000000000E+00,    0.0000000000E+00,    2.1834222322E+00
     13900,      0.676913,CP10_after_neg_clamp,   1,    0.0000000000E+00,    2.1834222322E+00,    2.1834222322E+00,    0.0000000000E+00,    0.0000000000E+00,    0.0000000000E+00,    2.1834222322E+00
     13900,      0.676913,CP11_after_MPI,   1,    0.0000000000E+00,    2.1834222322E+00,    2.1834222322E+00,    0.0000000000E+00,    0.0000000000E+00,    0.0000000000E+00,    2.1834222322E+00
     13900,      0.676913,CP12_end,   1,    0.0000000000E+00,    2.1834222322E+00,    2.1834222322E+00,    0.0000000000E+00,    0.0000000000E+00,    0.0000000000E+00,    2.1834222322E+00
     13950,      0.676913,CP0_start,   1,    0.0000000000E+00,    2.1984376751E+00,    2.1984376751E+00,    0.0000000000E+00,    0.0000000000E+00,    0.0000000000E+00,    2.1984376751E+00
     13950,      0.676913,CP1_after_deposition,   1,    0.0000000000E+00,    2.1984376751E+00,    2.1984376751E+00,    0.0000000000E+00,    0.0000000000E+00,    0.0000000000E+00,    2.1984376751E+00
     13950,      0.676913,CP2_after_erosion,   1,    0.0000000000E+00,    2.1984376751E+00,    2.1984376751E+00,    0.0000000000E+00,    0.0000000000E+00,    0.0000000000E+00,    2.1984376751E+00
     13950,      0.676913,CP3_after_update_bottom,   1,    0.0000000000E+00,    2.1984376751E+00,    2.1984376751E+00,    0.0000000000E+00,    0.0000000000E+00,    0.0000000000E+00,    2.1984376751E+00
     13950,      0.676913,CP4_after_advection,   1,    0.0000000000E+00,    2.1987468519E+00,    2.1987468519E+00,    0.0000000000E+00,    0.0000000000E+00,    0.0000000000E+00,    2.1987468519E+00
     13950,      0.676913,CP5_after_vdif,   1,    0.0000000000E+00,    2.1987468519E+00,    2.1987468519E+00,    0.0000000000E+00,    0.0000000000E+00,    0.0000000000E+00,    2.1987468519E+00
     13950,      0.676913,CP6_after_kinetics,   1,    0.0000000000E+00,    2.1987468519E+00,    2.1987468519E+00,    0.0000000000E+00,    0.0000000000E+00,    0.0000000000E+00,    2.1987468519E+00
     13950,      0.676913,CP7_after_upper_clamp,   1,    0.0000000000E+00,    2.1987468519E+00,    2.1987468519E+00,    0.0000000000E+00,    0.0000000000E+00,    0.0000000000E+00,    2.1987468519E+00
     13950,      0.676913,CP8_after_OBC,   1,    0.0000000000E+00,    2.1987468519E+00,    2.1987468519E+00,    0.0000000000E+00,    0.0000000000E+00,    0.0000000000E+00,    2.1987468519E+00
     13950,      0.676913,CP9_after_PTsource,   1,    0.0000000000E+00,    2.1987468519E+00,    2.1987468519E+00,    0.0000000000E+00,    0.0000000000E+00,    0.0000000000E+00,    2.1987468519E+00
     13950,      0.676913,CP10_after_neg_clamp,   1,    0.0000000000E+00,    2.1987468519E+00,    2.1987468519E+00,    0.0000000000E+00,    0.0000000000E+00,    0.0000000000E+00,    2.1987468519E+00
     13950,      0.676913,CP11_after_MPI,   1,    0.0000000000E+00,    2.1987468519E+00,    2.1987468519E+00,    0.0000000000E+00,    0.0000000000E+00,    0.0000000000E+00,    2.1987468519E+00
     13950,      0.676913,CP12_end,   1,    0.0000000000E+00,    2.1987468519E+00,    2.1987468519E+00,    0.0000000000E+00,    0.0000000000E+00,    0.0000000000E+00,    2.1987468519E+00
     14000,      0.676913,CP0_start,   1,    0.0000000000E+00,    2.2138152231E+00,    2.2138152231E+00,    0.0000000000E+00,    0.0000000000E+00,    0.0000000000E+00,    2.2138152231E+00
     14000,      0.676913,CP1_after_deposition,   1,    0.0000000000E+00,    2.2138152231E+00,    2.2138152231E+00,    0.0000000000E+00,    0.0000000000E+00,    0.0000000000E+00,    2.2138152231E+00
     14000,      0.676913,CP2_after_erosion,   1,    0.0000000000E+00,    2.2138152231E+00,    2.2138152231E+00,    0.0000000000E+00,    0.0000000000E+00,    0.0000000000E+00,    2.2138152231E+00
     14000,      0.676913,CP3_after_update_bottom,   1,    0.0000000000E+00,    2.2138152231E+00,    2.2138152231E+00,    0.0000000000E+00,    0.0000000000E+00,    0.0000000000E+00,    2.2138152231E+00
     14000,      0.676913,CP4_after_advection,   1,    0.0000000000E+00,    2.2141263422E+00,    2.2141263422E+00,    0.0000000000E+00,    0.0000000000E+00,    0.0000000000E+00,    2.2141263422E+00
     14000,      0.676913,CP5_after_vdif,   1,    0.0000000000E+00,    2.2141263422E+00,    2.2141263422E+00,    0.0000000000E+00,    0.0000000000E+00,    0.0000000000E+00,    2.2141263422E+00
     14000,      0.676913,CP6_after_kinetics,   1,    0.0000000000E+00,    2.2141263422E+00,    2.2141263422E+00,    0.0000000000E+00,    0.0000000000E+00,    0.0000000000E+00,    2.2141263422E+00
     14000,      0.676913,CP7_after_upper_clamp,   1,    0.0000000000E+00,    2.2141263422E+00,    2.2141263422E+00,    0.0000000000E+00,    0.0000000000E+00,    0.0000000000E+00,    2.2141263422E+00
     14000,      0.676913,CP8_after_OBC,   1,    0.0000000000E+00,    2.2141263422E+00,    2.2141263422E+00,    0.0000000000E+00,    0.0000000000E+00,    0.0000000000E+00,    2.2141263422E+00
     14000,      0.676913,CP9_after_PTsource,   1,    0.0000000000E+00,    2.2141263422E+00,    2.2141263422E+00,    0.0000000000E+00,    0.0000000000E+00,    0.0000000000E+00,    2.2141263422E+00
     14000,      0.676913,CP10_after_neg_clamp,   1,    0.0000000000E+00,    2.2141263422E+00,    2.2141263422E+00,    0.0000000000E+00,    0.0000000000E+00,    0.0000000000E+00,    2.2141263422E+00
     14000,      0.676913,CP11_after_MPI,   1,    0.0000000000E+00,    2.2141263422E+00,    2.2141263422E+00,    0.0000000000E+00,    0.0000000000E+00,    0.0000000000E+00,    2.2141263422E+00
     14000,      0.676913,CP12_end,   1,    0.0000000000E+00,    2.2141263422E+00,    2.2141263422E+00,    0.0000000000E+00,    0.0000000000E+00,    0.0000000000E+00,    2.2141263422E+00
     14050,      0.676913,CP0_start,   1,    0.0000000000E+00,    2.2292488907E+00,    2.2292488907E+00,    0.0000000000E+00,    0.0000000000E+00,    0.0000000000E+00,    2.2292488907E+00
     14050,      0.676913,CP1_after_deposition,   1,    0.0000000000E+00,    2.2292488907E+00,    2.2292488907E+00,    0.0000000000E+00,    0.0000000000E+00,    0.0000000000E+00,    2.2292488907E+00
     14050,      0.676913,CP2_after_erosion,   1,    0.0000000000E+00,    2.2292488907E+00,    2.2292488907E+00,    0.0000000000E+00,    0.0000000000E+00,    0.0000000000E+00,    2.2292488907E+00
     14050,      0.676913,CP3_after_update_bottom,   1,    0.0000000000E+00,    2.2292488907E+00,    2.2292488907E+00,    0.0000000000E+00,    0.0000000000E+00,    0.0000000000E+00,    2.2292488907E+00
     14050,      0.676913,CP4_after_advection,   1,    0.0000000000E+00,    2.2295607015E+00,    2.2295607015E+00,    0.0000000000E+00,    0.0000000000E+00,    0.0000000000E+00,    2.2295607015E+00
     14050,      0.676913,CP5_after_vdif,   1,    0.0000000000E+00,    2.2295607015E+00,    2.2295607015E+00,    0.0000000000E+00,    0.0000000000E+00,    0.0000000000E+00,    2.2295607015E+00
     14050,      0.676913,CP6_after_kinetics,   1,    0.0000000000E+00,    2.2295607015E+00,    2.2295607015E+00,    0.0000000000E+00,    0.0000000000E+00,    0.0000000000E+00,    2.2295607015E+00
     14050,      0.676913,CP7_after_upper_clamp,   1,    0.0000000000E+00,    2.2295607015E+00,    2.2295607015E+00,    0.0000000000E+00,    0.0000000000E+00,    0.0000000000E+00,    2.2295607015E+00
     14050,      0.676913,CP8_after_OBC,   1,    0.0000000000E+00,    2.2295607015E+00,    2.2295607015E+00,    0.0000000000E+00,    0.0000000000E+00,    0.0000000000E+00,    2.2295607015E+00
     14050,      0.676913,CP9_after_PTsource,   1,    0.0000000000E+00,    2.2295607015E+00,    2.2295607015E+00,    0.0000000000E+00,    0.0000000000E+00,    0.0000000000E+00,    2.2295607015E+00
     14050,      0.676913,CP10_after_neg_clamp,   1,    0.0000000000E+00,    2.2295607015E+00,    2.2295607015E+00,    0.0000000000E+00,    0.0000000000E+00,    0.0000000000E+00,    2.2295607015E+00
     14050,      0.676913,CP11_after_MPI,   1,    0.0000000000E+00,    2.2295607015E+00,    2.2295607015E+00,    0.0000000000E+00,    0.0000000000E+00,    0.0000000000E+00,    2.2295607015E+00
     14050,      0.676913,CP12_end,   1,    0.0000000000E+00,    2.2295607015E+00,    2.2295607015E+00,    0.0000000000E+00,    0.0000000000E+00,    0.0000000000E+00,    2.2295607015E+00
     14100,      0.676913,CP0_start,   1,    0.0000000000E+00,    2.2447361624E+00,    2.2447361624E+00,    0.0000000000E+00,    0.0000000000E+00,    0.0000000000E+00,    2.2447361624E+00
     14100,      0.676913,CP1_after_deposition,   1,    0.0000000000E+00,    2.2447361624E+00,    2.2447361624E+00,    0.0000000000E+00,    0.0000000000E+00,    0.0000000000E+00,    2.2447361624E+00
     14100,      0.676913,CP2_after_erosion,   1,    0.0000000000E+00,    2.2447361624E+00,    2.2447361624E+00,    0.0000000000E+00,    0.0000000000E+00,    0.0000000000E+00,    2.2447361624E+00
     14100,      0.676913,CP3_after_update_bottom,   1,    0.0000000000E+00,    2.2447361624E+00,    2.2447361624E+00,    0.0000000000E+00,    0.0000000000E+00,    0.0000000000E+00,    2.2447361624E+00
     14100,      0.676913,CP4_after_advection,   1,    0.0000000000E+00,    2.2450499280E+00,    2.2450499280E+00,    0.0000000000E+00,    0.0000000000E+00,    0.0000000000E+00,    2.2450499280E+00
     14100,      0.676913,CP5_after_vdif,   1,    0.0000000000E+00,    2.2450499280E+00,    2.2450499280E+00,    0.0000000000E+00,    0.0000000000E+00,    0.0000000000E+00,    2.2450499280E+00
     14100,      0.676913,CP6_after_kinetics,   1,    0.0000000000E+00,    2.2450499280E+00,    2.2450499280E+00,    0.0000000000E+00,    0.0000000000E+00,    0.0000000000E+00,    2.2450499280E+00
     14100,      0.676913,CP7_after_upper_clamp,   1,    0.0000000000E+00,    2.2450499280E+00,    2.2450499280E+00,    0.0000000000E+00,    0.0000000000E+00,    0.0000000000E+00,    2.2450499280E+00
     14100,      0.676913,CP8_after_OBC,   1,    0.0000000000E+00,    2.2450499280E+00,    2.2450499280E+00,    0.0000000000E+00,    0.0000000000E+00,    0.0000000000E+00,    2.2450499280E+00
     14100,      0.676913,CP9_after_PTsource,   1,    0.0000000000E+00,    2.2450499280E+00,    2.2450499280E+00,    0.0000000000E+00,    0.0000000000E+00,    0.0000000000E+00,    2.2450499280E+00
     14100,      0.676913,CP10_after_neg_clamp,   1,    0.0000000000E+00,    2.2450499280E+00,    2.2450499280E+00,    0.0000000000E+00,    0.0000000000E+00,    0.0000000000E+00,    2.2450499280E+00
     14100,      0.676913,CP11_after_MPI,   1,    0.0000000000E+00,    2.2450499280E+00,    2.2450499280E+00,    0.0000000000E+00,    0.0000000000E+00,    0.0000000000E+00,    2.2450499280E+00
     14100,      0.676913,CP12_end,   1,    0.0000000000E+00,    2.2450499280E+00,    2.2450499280E+00,    0.0000000000E+00,    0.0000000000E+00,    0.0000000000E+00,    2.2450499280E+00
     14150,      0.676914,CP0_start,   1,    0.0000000000E+00,    2.2602796213E+00,    2.2602796213E+00,    0.0000000000E+00,    0.0000000000E+00,    0.0000000000E+00,    2.2602796213E+00
     14150,      0.676914,CP1_after_deposition,   1,    0.0000000000E+00,    2.2602796213E+00,    2.2602796213E+00,    0.0000000000E+00,    0.0000000000E+00,    0.0000000000E+00,    2.2602796213E+00
     14150,      0.676914,CP2_after_erosion,   1,    0.0000000000E+00,    2.2602796213E+00,    2.2602796213E+00,    0.0000000000E+00,    0.0000000000E+00,    0.0000000000E+00,    2.2602796213E+00
     14150,      0.676914,CP3_after_update_bottom,   1,    0.0000000000E+00,    2.2602796213E+00,    2.2602796213E+00,    0.0000000000E+00,    0.0000000000E+00,    0.0000000000E+00,    2.2602796213E+00
     14150,      0.676914,CP4_after_advection,   1,    0.0000000000E+00,    2.2605940202E+00,    2.2605940202E+00,    0.0000000000E+00,    0.0000000000E+00,    0.0000000000E+00,    2.2605940202E+00
     14150,      0.676914,CP5_after_vdif,   1,    0.0000000000E+00,    2.2605940202E+00,    2.2605940202E+00,    0.0000000000E+00,    0.0000000000E+00,    0.0000000000E+00,    2.2605940202E+00
     14150,      0.676914,CP6_after_kinetics,   1,    0.0000000000E+00,    2.2605940202E+00,    2.2605940202E+00,    0.0000000000E+00,    0.0000000000E+00,    0.0000000000E+00,    2.2605940202E+00
     14150,      0.676914,CP7_after_upper_clamp,   1,    0.0000000000E+00,    2.2605940202E+00,    2.2605940202E+00,    0.0000000000E+00,    0.0000000000E+00,    0.0000000000E+00,    2.2605940202E+00
     14150,      0.676914,CP8_after_OBC,   1,    0.0000000000E+00,    2.2605940202E+00,    2.2605940202E+00,    0.0000000000E+00,    0.0000000000E+00,    0.0000000000E+00,    2.2605940202E+00
     14150,      0.676914,CP9_after_PTsource,   1,    0.0000000000E+00,    2.2605940202E+00,    2.2605940202E+00,    0.0000000000E+00,    0.0000000000E+00,    0.0000000000E+00,    2.2605940202E+00
     14150,      0.676914,CP10_after_neg_clamp,   1,    0.0000000000E+00,    2.2605940202E+00,    2.2605940202E+00,    0.0000000000E+00,    0.0000000000E+00,    0.0000000000E+00,    2.2605940202E+00
     14150,      0.676914,CP11_after_MPI,   1,    0.0000000000E+00,    2.2605940202E+00,    2.2605940202E+00,    0.0000000000E+00,    0.0000000000E+00,    0.0000000000E+00,    2.2605940202E+00
     14150,      0.676914,CP12_end,   1,    0.0000000000E+00,    2.2605940202E+00,    2.2605940202E+00,    0.0000000000E+00,    0.0000000000E+00,    0.0000000000E+00,    2.2605940202E+00
     14200,      0.676914,CP0_start,   1,    0.0000000000E+00,    2.2758780893E+00,    2.2758780893E+00,    0.0000000000E+00,    0.0000000000E+00,    0.0000000000E+00,    2.2758780893E+00
     14200,      0.676914,CP1_after_deposition,   1,    0.0000000000E+00,    2.2758780893E+00,    2.2758780893E+00,    0.0000000000E+00,    0.0000000000E+00,    0.0000000000E+00,    2.2758780893E+00
     14200,      0.676914,CP2_after_erosion,   1,    0.0000000000E+00,    2.2758780893E+00,    2.2758780893E+00,    0.0000000000E+00,    0.0000000000E+00,    0.0000000000E+00,    2.2758780893E+00
     14200,      0.676914,CP3_after_update_bottom,   1,    0.0000000000E+00,    2.2758780893E+00,    2.2758780893E+00,    0.0000000000E+00,    0.0000000000E+00,    0.0000000000E+00,    2.2758780893E+00
     14200,      0.676914,CP4_after_advection,   1,    0.0000000000E+00,    2.2761929764E+00,    2.2761929764E+00,    0.0000000000E+00,    0.0000000000E+00,    0.0000000000E+00,    2.2761929764E+00
     14200,      0.676914,CP5_after_vdif,   1,    0.0000000000E+00,    2.2761929764E+00,    2.2761929764E+00,    0.0000000000E+00,    0.0000000000E+00,    0.0000000000E+00,    2.2761929764E+00
     14200,      0.676914,CP6_after_kinetics,   1,    0.0000000000E+00,    2.2761929764E+00,    2.2761929764E+00,    0.0000000000E+00,    0.0000000000E+00,    0.0000000000E+00,    2.2761929764E+00
     14200,      0.676914,CP7_after_upper_clamp,   1,    0.0000000000E+00,    2.2761929764E+00,    2.2761929764E+00,    0.0000000000E+00,    0.0000000000E+00,    0.0000000000E+00,    2.2761929764E+00
     14200,      0.676914,CP8_after_OBC,   1,    0.0000000000E+00,    2.2761929764E+00,    2.2761929764E+00,    0.0000000000E+00,    0.0000000000E+00,    0.0000000000E+00,    2.2761929764E+00
     14200,      0.676914,CP9_after_PTsource,   1,    0.0000000000E+00,    2.2761929764E+00,    2.2761929764E+00,    0.0000000000E+00,    0.0000000000E+00,    0.0000000000E+00,    2.2761929764E+00
     14200,      0.676914,CP10_after_neg_clamp,   1,    0.0000000000E+00,    2.2761929764E+00,    2.2761929764E+00,    0.0000000000E+00,    0.0000000000E+00,    0.0000000000E+00,    2.2761929764E+00
     14200,      0.676914,CP11_after_MPI,   1,    0.0000000000E+00,    2.2761929764E+00,    2.2761929764E+00,    0.0000000000E+00,    0.0000000000E+00,    0.0000000000E+00,    2.2761929764E+00
     14200,      0.676914,CP12_end,   1,    0.0000000000E+00,    2.2761929764E+00,    2.2761929764E+00,    0.0000000000E+00,    0.0000000000E+00,    0.0000000000E+00,    2.2761929764E+00
     14250,      0.676914,CP0_start,   1,    0.0000000000E+00,    2.2915298469E+00,    2.2915298469E+00,    0.0000000000E+00,    0.0000000000E+00,    0.0000000000E+00,    2.2915298469E+00
     14250,      0.676914,CP1_after_deposition,   1,    0.0000000000E+00,    2.2915298469E+00,    2.2915298469E+00,    0.0000000000E+00,    0.0000000000E+00,    0.0000000000E+00,    2.2915298469E+00
     14250,      0.676914,CP2_after_erosion,   1,    0.0000000000E+00,    2.2915298469E+00,    2.2915298469E+00,    0.0000000000E+00,    0.0000000000E+00,    0.0000000000E+00,    2.2915298469E+00
     14250,      0.676914,CP3_after_update_bottom,   1,    0.0000000000E+00,    2.2915298469E+00,    2.2915298469E+00,    0.0000000000E+00,    0.0000000000E+00,    0.0000000000E+00,    2.2915298469E+00
     14250,      0.676914,CP4_after_advection,   1,    0.0000000000E+00,    2.2918467950E+00,    2.2918467950E+00,    0.0000000000E+00,    0.0000000000E+00,    0.0000000000E+00,    2.2918467950E+00
     14250,      0.676914,CP5_after_vdif,   1,    0.0000000000E+00,    2.2918467950E+00,    2.2918467950E+00,    0.0000000000E+00,    0.0000000000E+00,    0.0000000000E+00,    2.2918467950E+00
     14250,      0.676914,CP6_after_kinetics,   1,    0.0000000000E+00,    2.2918467950E+00,    2.2918467950E+00,    0.0000000000E+00,    0.0000000000E+00,    0.0000000000E+00,    2.2918467950E+00
     14250,      0.676914,CP7_after_upper_clamp,   1,    0.0000000000E+00,    2.2918467950E+00,    2.2918467950E+00,    0.0000000000E+00,    0.0000000000E+00,    0.0000000000E+00,    2.2918467950E+00
     14250,      0.676914,CP8_after_OBC,   1,    0.0000000000E+00,    2.2918467950E+00,    2.2918467950E+00,    0.0000000000E+00,    0.0000000000E+00,    0.0000000000E+00,    2.2918467950E+00
     14250,      0.676914,CP9_after_PTsource,   1,    0.0000000000E+00,    2.2918467950E+00,    2.2918467950E+00,    0.0000000000E+00,    0.0000000000E+00,    0.0000000000E+00,    2.2918467950E+00
     14250,      0.676914,CP10_after_neg_clamp,   1,    0.0000000000E+00,    2.2918467950E+00,    2.2918467950E+00,    0.0000000000E+00,    0.0000000000E+00,    0.0000000000E+00,    2.2918467950E+00
     14250,      0.676914,CP11_after_MPI,   1,    0.0000000000E+00,    2.2918467950E+00,    2.2918467950E+00,    0.0000000000E+00,    0.0000000000E+00,    0.0000000000E+00,    2.2918467950E+00
     14250,      0.676914,CP12_end,   1,    0.0000000000E+00,    2.2918467950E+00,    2.2918467950E+00,    0.0000000000E+00,    0.0000000000E+00,    0.0000000000E+00,    2.2918467950E+00
     14300,      0.676914,CP0_start,   1,    0.0000000000E+00,    2.3072378679E+00,    2.3072378679E+00,    0.0000000000E+00,    0.0000000000E+00,    0.0000000000E+00,    2.3072378679E+00
     14300,      0.676914,CP1_after_deposition,   1,    0.0000000000E+00,    2.3072378679E+00,    2.3072378679E+00,    0.0000000000E+00,    0.0000000000E+00,    0.0000000000E+00,    2.3072378679E+00
     14300,      0.676914,CP2_after_erosion,   1,    0.0000000000E+00,    2.3072378679E+00,    2.3072378679E+00,    0.0000000000E+00,    0.0000000000E+00,    0.0000000000E+00,    2.3072378679E+00
     14300,      0.676914,CP3_after_update_bottom,   1,    0.0000000000E+00,    2.3072378679E+00,    2.3072378679E+00,    0.0000000000E+00,    0.0000000000E+00,    0.0000000000E+00,    2.3072378679E+00
     14300,      0.676914,CP4_after_advection,   1,    0.0000000000E+00,    2.3075554742E+00,    2.3075554742E+00,    0.0000000000E+00,    0.0000000000E+00,    0.0000000000E+00,    2.3075554742E+00
     14300,      0.676914,CP5_after_vdif,   1,    0.0000000000E+00,    2.3075554742E+00,    2.3075554742E+00,    0.0000000000E+00,    0.0000000000E+00,    0.0000000000E+00,    2.3075554742E+00
     14300,      0.676914,CP6_after_kinetics,   1,    0.0000000000E+00,    2.3075554742E+00,    2.3075554742E+00,    0.0000000000E+00,    0.0000000000E+00,    0.0000000000E+00,    2.3075554742E+00
     14300,      0.676914,CP7_after_upper_clamp,   1,    0.0000000000E+00,    2.3075554742E+00,    2.3075554742E+00,    0.0000000000E+00,    0.0000000000E+00,    0.0000000000E+00,    2.3075554742E+00
     14300,      0.676914,CP8_after_OBC,   1,    0.0000000000E+00,    2.3075554742E+00,    2.3075554742E+00,    0.0000000000E+00,    0.0000000000E+00,    0.0000000000E+00,    2.3075554742E+00
     14300,      0.676914,CP9_after_PTsource,   1,    0.0000000000E+00,    2.3075554742E+00,    2.3075554742E+00,    0.0000000000E+00,    0.0000000000E+00,    0.0000000000E+00,    2.3075554742E+00
     14300,      0.676914,CP10_after_neg_clamp,   1,    0.0000000000E+00,    2.3075554742E+00,    2.3075554742E+00,    0.0000000000E+00,    0.0000000000E+00,    0.0000000000E+00,    2.3075554742E+00
     14300,      0.676914,CP11_after_MPI,   1,    0.0000000000E+00,    2.3075554742E+00,    2.3075554742E+00,    0.0000000000E+00,    0.0000000000E+00,    0.0000000000E+00,    2.3075554742E+00
     14300,      0.676914,CP12_end,   1,    0.0000000000E+00,    2.3075554742E+00,    2.3075554742E+00,    0.0000000000E+00,    0.0000000000E+00,    0.0000000000E+00,    2.3075554742E+00
     14350,      0.676914,CP0_start,   1,    0.0000000000E+00,    2.3229997859E+00,    2.3229997859E+00,    0.0000000000E+00,    0.0000000000E+00,    0.0000000000E+00,    2.3229997859E+00
     14350,      0.676914,CP1_after_deposition,   1,    0.0000000000E+00,    2.3229997859E+00,    2.3229997859E+00,    0.0000000000E+00,    0.0000000000E+00,    0.0000000000E+00,    2.3229997859E+00
     14350,      0.676914,CP2_after_erosion,   1,    0.0000000000E+00,    2.3229997859E+00,    2.3229997859E+00,    0.0000000000E+00,    0.0000000000E+00,    0.0000000000E+00,    2.3229997859E+00
     14350,      0.676914,CP3_after_update_bottom,   1,    0.0000000000E+00,    2.3229997859E+00,    2.3229997859E+00,    0.0000000000E+00,    0.0000000000E+00,    0.0000000000E+00,    2.3229997859E+00
     14350,      0.676914,CP4_after_advection,   1,    0.0000000000E+00,    2.3233190124E+00,    2.3233190124E+00,    0.0000000000E+00,    0.0000000000E+00,    0.0000000000E+00,    2.3233190124E+00
     14350,      0.676914,CP5_after_vdif,   1,    0.0000000000E+00,    2.3233190124E+00,    2.3233190124E+00,    0.0000000000E+00,    0.0000000000E+00,    0.0000000000E+00,    2.3233190124E+00
     14350,      0.676914,CP6_after_kinetics,   1,    0.0000000000E+00,    2.3233190124E+00,    2.3233190124E+00,    0.0000000000E+00,    0.0000000000E+00,    0.0000000000E+00,    2.3233190124E+00
     14350,      0.676914,CP7_after_upper_clamp,   1,    0.0000000000E+00,    2.3233190124E+00,    2.3233190124E+00,    0.0000000000E+00,    0.0000000000E+00,    0.0000000000E+00,    2.3233190124E+00
     14350,      0.676914,CP8_after_OBC,   1,    0.0000000000E+00,    2.3233190124E+00,    2.3233190124E+00,    0.0000000000E+00,    0.0000000000E+00,    0.0000000000E+00,    2.3233190124E+00
     14350,      0.676914,CP9_after_PTsource,   1,    0.0000000000E+00,    2.3233190124E+00,    2.3233190124E+00,    0.0000000000E+00,    0.0000000000E+00,    0.0000000000E+00,    2.3233190124E+00
     14350,      0.676914,CP10_after_neg_clamp,   1,    0.0000000000E+00,    2.3233190124E+00,    2.3233190124E+00,    0.0000000000E+00,    0.0000000000E+00,    0.0000000000E+00,    2.3233190124E+00
     14350,      0.676914,CP11_after_MPI,   1,    0.0000000000E+00,    2.3233190124E+00,    2.3233190124E+00,    0.0000000000E+00,    0.0000000000E+00,    0.0000000000E+00,    2.3233190124E+00
     14350,      0.676914,CP12_end,   1,    0.0000000000E+00,    2.3233190124E+00,    2.3233190124E+00,    0.0000000000E+00,    0.0000000000E+00,    0.0000000000E+00,    2.3233190124E+00
     14400,      0.676914,CP0_start,   1,    0.0000000000E+00,    2.3388169574E+00,    2.3388169574E+00,    0.0000000000E+00,    0.0000000000E+00,    0.0000000000E+00,    2.3388169574E+00
     14400,      0.676914,CP1_after_deposition,   1,    0.0000000000E+00,    2.3388169574E+00,    2.3388169574E+00,    0.0000000000E+00,    0.0000000000E+00,    0.0000000000E+00,    2.3388169574E+00
     14400,      0.676914,CP2_after_erosion,   1,    0.0000000000E+00,    2.3388169574E+00,    2.3388169574E+00,    0.0000000000E+00,    0.0000000000E+00,    0.0000000000E+00,    2.3388169574E+00
     14400,      0.676914,CP3_after_update_bottom,   1,    0.0000000000E+00,    2.3388169574E+00,    2.3388169574E+00,    0.0000000000E+00,    0.0000000000E+00,    0.0000000000E+00,    2.3388169574E+00
     14400,      0.676914,CP4_after_advection,   1,    0.0000000000E+00,    2.3391374079E+00,    2.3391374079E+00,    0.0000000000E+00,    0.0000000000E+00,    0.0000000000E+00,    2.3391374079E+00
     14400,      0.676914,CP5_after_vdif,   1,    0.0000000000E+00,    2.3391374079E+00,    2.3391374079E+00,    0.0000000000E+00,    0.0000000000E+00,    0.0000000000E+00,    2.3391374079E+00
     14400,      0.676914,CP6_after_kinetics,   1,    0.0000000000E+00,    2.3391374079E+00,    2.3391374079E+00,    0.0000000000E+00,    0.0000000000E+00,    0.0000000000E+00,    2.3391374079E+00
     14400,      0.676914,CP7_after_upper_clamp,   1,    0.0000000000E+00,    2.3391374079E+00,    2.3391374079E+00,    0.0000000000E+00,    0.0000000000E+00,    0.0000000000E+00,    2.3391374079E+00
     14400,      0.676914,CP8_after_OBC,   1,    0.0000000000E+00,    2.3391374079E+00,    2.3391374079E+00,    0.0000000000E+00,    0.0000000000E+00,    0.0000000000E+00,    2.3391374079E+00
     14400,      0.676914,CP9_after_PTsource,   1,    0.0000000000E+00,    2.3391374079E+00,    2.3391374079E+00,    0.0000000000E+00,    0.0000000000E+00,    0.0000000000E+00,    2.3391374079E+00
     14400,      0.676914,CP10_after_neg_clamp,   1,    0.0000000000E+00,    2.3391374079E+00,    2.3391374079E+00,    0.0000000000E+00,    0.0000000000E+00,    0.0000000000E+00,    2.3391374079E+00
     14400,      0.676914,CP11_after_MPI,   1,    0.0000000000E+00,    2.3391374079E+00,    2.3391374079E+00,    0.0000000000E+00,    0.0000000000E+00,    0.0000000000E+00,    2.3391374079E+00
     14400,      0.676914,CP12_end,   1,    0.0000000000E+00,    2.3391374079E+00,    2.3391374079E+00,    0.0000000000E+00,    0.0000000000E+00,    0.0000000000E+00,    2.3391374079E+00
     14450,      0.676914,CP0_start,   1,    0.0000000000E+00,    2.3546894171E+00,    2.3546894171E+00,    0.0000000000E+00,    0.0000000000E+00,    0.0000000000E+00,    2.3546894171E+00
     14450,      0.676914,CP1_after_deposition,   1,    0.0000000000E+00,    2.3546894171E+00,    2.3546894171E+00,    0.0000000000E+00,    0.0000000000E+00,    0.0000000000E+00,    2.3546894171E+00
     14450,      0.676914,CP2_after_erosion,   1,    0.0000000000E+00,    2.3546894171E+00,    2.3546894171E+00,    0.0000000000E+00,    0.0000000000E+00,    0.0000000000E+00,    2.3546894171E+00
     14450,      0.676914,CP3_after_update_bottom,   1,    0.0000000000E+00,    2.3546894171E+00,    2.3546894171E+00,    0.0000000000E+00,    0.0000000000E+00,    0.0000000000E+00,    2.3546894171E+00
     14450,      0.676914,CP4_after_advection,   1,    0.0000000000E+00,    2.3550106590E+00,    2.3550106590E+00,    0.0000000000E+00,    0.0000000000E+00,    0.0000000000E+00,    2.3550106590E+00
     14450,      0.676914,CP5_after_vdif,   1,    0.0000000000E+00,    2.3550106590E+00,    2.3550106590E+00,    0.0000000000E+00,    0.0000000000E+00,    0.0000000000E+00,    2.3550106590E+00
     14450,      0.676914,CP6_after_kinetics,   1,    0.0000000000E+00,    2.3550106590E+00,    2.3550106590E+00,    0.0000000000E+00,    0.0000000000E+00,    0.0000000000E+00,    2.3550106590E+00
     14450,      0.676914,CP7_after_upper_clamp,   1,    0.0000000000E+00,    2.3550106590E+00,    2.3550106590E+00,    0.0000000000E+00,    0.0000000000E+00,    0.0000000000E+00,    2.3550106590E+00
     14450,      0.676914,CP8_after_OBC,   1,    0.0000000000E+00,    2.3550106590E+00,    2.3550106590E+00,    0.0000000000E+00,    0.0000000000E+00,    0.0000000000E+00,    2.3550106590E+00
     14450,      0.676914,CP9_after_PTsource,   1,    0.0000000000E+00,    2.3550106590E+00,    2.3550106590E+00,    0.0000000000E+00,    0.0000000000E+00,    0.0000000000E+00,    2.3550106590E+00
     14450,      0.676914,CP10_after_neg_clamp,   1,    0.0000000000E+00,    2.3550106590E+00,    2.3550106590E+00,    0.0000000000E+00,    0.0000000000E+00,    0.0000000000E+00,    2.3550106590E+00
     14450,      0.676914,CP11_after_MPI,   1,    0.0000000000E+00,    2.3550106590E+00,    2.3550106590E+00,    0.0000000000E+00,    0.0000000000E+00,    0.0000000000E+00,    2.3550106590E+00
     14450,      0.676914,CP12_end,   1,    0.0000000000E+00,    2.3550106590E+00,    2.3550106590E+00,    0.0000000000E+00,    0.0000000000E+00,    0.0000000000E+00,    2.3550106590E+00
     14500,      0.676914,CP0_start,   1,    0.0000000000E+00,    2.3706155390E+00,    2.3706155390E+00,    0.0000000000E+00,    0.0000000000E+00,    0.0000000000E+00,    2.3706155390E+00
     14500,      0.676914,CP1_after_deposition,   1,    0.0000000000E+00,    2.3706155390E+00,    2.3706155390E+00,    0.0000000000E+00,    0.0000000000E+00,    0.0000000000E+00,    2.3706155390E+00
     14500,      0.676914,CP2_after_erosion,   1,                 NaN,                 NaN,                 NaN,    0.0000000000E+00,    0.0000000000E+00,    0.0000000000E+00,                 NaN
     14500,      0.676914,CP3_after_update_bottom,   1,                 NaN,                 NaN,                 NaN,    0.0000000000E+00,    0.0000000000E+00,    0.0000000000E+00,                 NaN
     14500,      0.676914,CP4_after_advection,   1,                 NaN,                 NaN,                 NaN,    0.0000000000E+00,    0.0000000000E+00,    0.0000000000E+00,                 NaN
     14500,      0.676914,CP5_after_vdif,   1,                 NaN,                 NaN,                 NaN,    0.0000000000E+00,    0.0000000000E+00,    0.0000000000E+00,                 NaN
     14500,      0.676914,CP6_after_kinetics,   1,                 NaN,                 NaN,                 NaN,    0.0000000000E+00,    0.0000000000E+00,    0.0000000000E+00,                 NaN
     14500,      0.676914,CP7_after_upper_clamp,   1,                 NaN,                 NaN,                 NaN,    0.0000000000E+00,    0.0000000000E+00,    0.0000000000E+00,                 NaN
     14500,      0.676914,CP8_after_OBC,   1,                 NaN,                 NaN,                 NaN,    0.0000000000E+00,    0.0000000000E+00,    0.0000000000E+00,                 NaN
     14500,      0.676914,CP9_after_PTsource,   1,                 NaN,                 NaN,                 NaN,    0.0000000000E+00,    0.0000000000E+00,    0.0000000000E+00,                 NaN
     14500,      0.676914,CP10_after_neg_clamp,   1,    0.0000000000E+00,    2.3709387641E+00,    2.3709387641E+00,    0.0000000000E+00,    0.0000000000E+00,    0.0000000000E+00,    2.3709387641E+00
     14500,      0.676914,CP11_after_MPI,   1,    0.0000000000E+00,    2.3709387641E+00,    2.3709387641E+00,    0.0000000000E+00,    0.0000000000E+00,    0.0000000000E+00,    2.3709387641E+00
     14500,      0.676914,CP12_end,   1,    0.0000000000E+00,    2.3709387641E+00,    2.3709387641E+00,    0.0000000000E+00,    0.0000000000E+00,    0.0000000000E+00,    2.3709387641E+00
     14550,      0.676914,CP0_start,   1,    0.0000000000E+00,    2.3865986609E+00,    2.3865986609E+00,    0.0000000000E+00,    0.0000000000E+00,    0.0000000000E+00,    2.3865986609E+00
     14550,      0.676914,CP1_after_deposition,   1,    0.0000000000E+00,    2.3865986609E+00,    2.3865986609E+00,    0.0000000000E+00,    0.0000000000E+00,    0.0000000000E+00,    2.3865986609E+00
     14550,      0.676914,CP2_after_erosion,   1,    0.0000000000E+00,    2.3865986609E+00,    2.3865986609E+00,    0.0000000000E+00,    0.0000000000E+00,    0.0000000000E+00,    2.3865986609E+00
     14550,      0.676914,CP3_after_update_bottom,   1,    0.0000000000E+00,    2.3865986609E+00,    2.3865986609E+00,    0.0000000000E+00,    0.0000000000E+00,    0.0000000000E+00,    2.3865986609E+00
     14550,      0.676914,CP4_after_advection,   1,    0.0000000000E+00,    2.3869217214E+00,    2.3869217214E+00,    0.0000000000E+00,    0.0000000000E+00,    0.0000000000E+00,    2.3869217214E+00
     14550,      0.676914,CP5_after_vdif,   1,    0.0000000000E+00,    2.3869217214E+00,    2.3869217214E+00,    0.0000000000E+00,    0.0000000000E+00,    0.0000000000E+00,    2.3869217214E+00
     14550,      0.676914,CP6_after_kinetics,   1,    0.0000000000E+00,    2.3869217214E+00,    2.3869217214E+00,    0.0000000000E+00,    0.0000000000E+00,    0.0000000000E+00,    2.3869217214E+00
     14550,      0.676914,CP7_after_upper_clamp,   1,    0.0000000000E+00,    2.3869217214E+00,    2.3869217214E+00,    0.0000000000E+00,    0.0000000000E+00,    0.0000000000E+00,    2.3869217214E+00
     14550,      0.676914,CP8_after_OBC,   1,    0.0000000000E+00,    2.3869217214E+00,    2.3869217214E+00,    0.0000000000E+00,    0.0000000000E+00,    0.0000000000E+00,    2.3869217214E+00
     14550,      0.676914,CP9_after_PTsource,   1,    0.0000000000E+00,    2.3869217214E+00,    2.3869217214E+00,    0.0000000000E+00,    0.0000000000E+00,    0.0000000000E+00,    2.3869217214E+00
     14550,      0.676914,CP10_after_neg_clamp,   1,    0.0000000000E+00,    2.3869217214E+00,    2.3869217214E+00,    0.0000000000E+00,    0.0000000000E+00,    0.0000000000E+00,    2.3869217214E+00
     14550,      0.676914,CP11_after_MPI,   1,    0.0000000000E+00,    2.3869217214E+00,    2.3869217214E+00,    0.0000000000E+00,    0.0000000000E+00,    0.0000000000E+00,    2.3869217214E+00
     14550,      0.676914,CP12_end,   1,    0.0000000000E+00,    2.3869217214E+00,    2.3869217214E+00,    0.0000000000E+00,    0.0000000000E+00,    0.0000000000E+00,    2.3869217214E+00
     14600,      0.676914,CP0_start,   1,    0.0000000000E+00,    2.4026350492E+00,    2.4026350492E+00,    0.0000000000E+00,    0.0000000000E+00,    0.0000000000E+00,    2.4026350492E+00
     14600,      0.676914,CP1_after_deposition,   1,    0.0000000000E+00,    2.4026350492E+00,    2.4026350492E+00,    0.0000000000E+00,    0.0000000000E+00,    0.0000000000E+00,    2.4026350492E+00
     14600,      0.676914,CP2_after_erosion,   1,    0.0000000000E+00,    2.4026350492E+00,    2.4026350492E+00,    0.0000000000E+00,    0.0000000000E+00,    0.0000000000E+00,    2.4026350492E+00
     14600,      0.676914,CP3_after_update_bottom,   1,    0.0000000000E+00,    2.4026350492E+00,    2.4026350492E+00,    0.0000000000E+00,    0.0000000000E+00,    0.0000000000E+00,    2.4026350492E+00
     14600,      0.676914,CP4_after_advection,   1,    0.0000000000E+00,    2.4029595292E+00,    2.4029595292E+00,    0.0000000000E+00,    0.0000000000E+00,    0.0000000000E+00,    2.4029595292E+00
     14600,      0.676914,CP5_after_vdif,   1,    0.0000000000E+00,    2.4029595292E+00,    2.4029595292E+00,    0.0000000000E+00,    0.0000000000E+00,    0.0000000000E+00,    2.4029595292E+00
     14600,      0.676914,CP6_after_kinetics,   1,    0.0000000000E+00,    2.4029595292E+00,    2.4029595292E+00,    0.0000000000E+00,    0.0000000000E+00,    0.0000000000E+00,    2.4029595292E+00
     14600,      0.676914,CP7_after_upper_clamp,   1,    0.0000000000E+00,    2.4029595292E+00,    2.4029595292E+00,    0.0000000000E+00,    0.0000000000E+00,    0.0000000000E+00,    2.4029595292E+00
     14600,      0.676914,CP8_after_OBC,   1,    0.0000000000E+00,    2.4029595292E+00,    2.4029595292E+00,    0.0000000000E+00,    0.0000000000E+00,    0.0000000000E+00,    2.4029595292E+00
     14600,      0.676914,CP9_after_PTsource,   1,    0.0000000000E+00,    2.4029595292E+00,    2.4029595292E+00,    0.0000000000E+00,    0.0000000000E+00,    0.0000000000E+00,    2.4029595292E+00
     14600,      0.676914,CP10_after_neg_clamp,   1,    0.0000000000E+00,    2.4029595292E+00,    2.4029595292E+00,    0.0000000000E+00,    0.0000000000E+00,    0.0000000000E+00,    2.4029595292E+00
     14600,      0.676914,CP11_after_MPI,   1,    0.0000000000E+00,    2.4029595292E+00,    2.4029595292E+00,    0.0000000000E+00,    0.0000000000E+00,    0.0000000000E+00,    2.4029595292E+00
     14600,      0.676914,CP12_end,   1,    0.0000000000E+00,    2.4029595292E+00,    2.4029595292E+00,    0.0000000000E+00,    0.0000000000E+00,    0.0000000000E+00,    2.4029595292E+00
     14650,      0.676914,CP0_start,   1,    0.0000000000E+00,    2.4187266756E+00,    2.4187266756E+00,    0.0000000000E+00,    0.0000000000E+00,    0.0000000000E+00,    2.4187266756E+00
     14650,      0.676914,CP1_after_deposition,   1,    0.0000000000E+00,    2.4187266756E+00,    2.4187266756E+00,    0.0000000000E+00,    0.0000000000E+00,    0.0000000000E+00,    2.4187266756E+00
     14650,      0.676914,CP2_after_erosion,   1,    0.0000000000E+00,    2.4187266756E+00,    2.4187266756E+00,    0.0000000000E+00,    0.0000000000E+00,    0.0000000000E+00,    2.4187266756E+00
     14650,      0.676914,CP3_after_update_bottom,   1,    0.0000000000E+00,    2.4187266756E+00,    2.4187266756E+00,    0.0000000000E+00,    0.0000000000E+00,    0.0000000000E+00,    2.4187266756E+00
     14650,      0.676914,CP4_after_advection,   1,    0.0000000000E+00,    2.4190521858E+00,    2.4190521858E+00,    0.0000000000E+00,    0.0000000000E+00,    0.0000000000E+00,    2.4190521858E+00
     14650,      0.676914,CP5_after_vdif,   1,    0.0000000000E+00,    2.4190521858E+00,    2.4190521858E+00,    0.0000000000E+00,    0.0000000000E+00,    0.0000000000E+00,    2.4190521858E+00
     14650,      0.676914,CP6_after_kinetics,   1,    0.0000000000E+00,    2.4190521858E+00,    2.4190521858E+00,    0.0000000000E+00,    0.0000000000E+00,    0.0000000000E+00,    2.4190521858E+00
     14650,      0.676914,CP7_after_upper_clamp,   1,    0.0000000000E+00,    2.4190521858E+00,    2.4190521858E+00,    0.0000000000E+00,    0.0000000000E+00,    0.0000000000E+00,    2.4190521858E+00
     14650,      0.676914,CP8_after_OBC,   1,    0.0000000000E+00,    2.4190521858E+00,    2.4190521858E+00,    0.0000000000E+00,    0.0000000000E+00,    0.0000000000E+00,    2.4190521858E+00
     14650,      0.676914,CP9_after_PTsource,   1,    0.0000000000E+00,    2.4190521858E+00,    2.4190521858E+00,    0.0000000000E+00,    0.0000000000E+00,    0.0000000000E+00,    2.4190521858E+00
     14650,      0.676914,CP10_after_neg_clamp,   1,    0.0000000000E+00,    2.4190521858E+00,    2.4190521858E+00,    0.0000000000E+00,    0.0000000000E+00,    0.0000000000E+00,    2.4190521858E+00
     14650,      0.676914,CP11_after_MPI,   1,    0.0000000000E+00,    2.4190521858E+00,    2.4190521858E+00,    0.0000000000E+00,    0.0000000000E+00,    0.0000000000E+00,    2.4190521858E+00
     14650,      0.676914,CP12_end,   1,    0.0000000000E+00,    2.4190521858E+00,    2.4190521858E+00,    0.0000000000E+00,    0.0000000000E+00,    0.0000000000E+00,    2.4190521858E+00
     14700,      0.676914,CP0_start,   1,    0.0000000000E+00,    2.4348730927E+00,    2.4348730927E+00,    0.0000000000E+00,    0.0000000000E+00,    0.0000000000E+00,    2.4348730927E+00
     14700,      0.676914,CP1_after_deposition,   1,    0.0000000000E+00,    2.4348730927E+00,    2.4348730927E+00,    0.0000000000E+00,    0.0000000000E+00,    0.0000000000E+00,    2.4348730927E+00
     14700,      0.676914,CP2_after_erosion,   1,    0.0000000000E+00,    2.4348730927E+00,    2.4348730927E+00,    0.0000000000E+00,    0.0000000000E+00,    0.0000000000E+00,    2.4348730927E+00
     14700,      0.676914,CP3_after_update_bottom,   1,    0.0000000000E+00,    2.4348730927E+00,    2.4348730927E+00,    0.0000000000E+00,    0.0000000000E+00,    0.0000000000E+00,    2.4348730927E+00
     14700,      0.676914,CP4_after_advection,   1,    0.0000000000E+00,    2.4351996895E+00,    2.4351996895E+00,    0.0000000000E+00,    0.0000000000E+00,    0.0000000000E+00,    2.4351996895E+00
     14700,      0.676914,CP5_after_vdif,   1,    0.0000000000E+00,    2.4351996895E+00,    2.4351996895E+00,    0.0000000000E+00,    0.0000000000E+00,    0.0000000000E+00,    2.4351996895E+00
     14700,      0.676914,CP6_after_kinetics,   1,    0.0000000000E+00,    2.4351996895E+00,    2.4351996895E+00,    0.0000000000E+00,    0.0000000000E+00,    0.0000000000E+00,    2.4351996895E+00
     14700,      0.676914,CP7_after_upper_clamp,   1,    0.0000000000E+00,    2.4351996895E+00,    2.4351996895E+00,    0.0000000000E+00,    0.0000000000E+00,    0.0000000000E+00,    2.4351996895E+00
     14700,      0.676914,CP8_after_OBC,   1,    0.0000000000E+00,    2.4351996895E+00,    2.4351996895E+00,    0.0000000000E+00,    0.0000000000E+00,    0.0000000000E+00,    2.4351996895E+00
     14700,      0.676914,CP9_after_PTsource,   1,    0.0000000000E+00,    2.4351996895E+00,    2.4351996895E+00,    0.0000000000E+00,    0.0000000000E+00,    0.0000000000E+00,    2.4351996895E+00
     14700,      0.676914,CP10_after_neg_clamp,   1,    0.0000000000E+00,    2.4351996895E+00,    2.4351996895E+00,    0.0000000000E+00,    0.0000000000E+00,    0.0000000000E+00,    2.4351996895E+00
     14700,      0.676914,CP11_after_MPI,   1,    0.0000000000E+00,    2.4351996895E+00,    2.4351996895E+00,    0.0000000000E+00,    0.0000000000E+00,    0.0000000000E+00,    2.4351996895E+00
     14700,      0.676914,CP12_end,   1,    0.0000000000E+00,    2.4351996895E+00,    2.4351996895E+00,    0.0000000000E+00,    0.0000000000E+00,    0.0000000000E+00,    2.4351996895E+00
     14750,      0.676914,CP0_start,   1,    0.0000000000E+00,    2.4510740486E+00,    2.4510740486E+00,    0.0000000000E+00,    0.0000000000E+00,    0.0000000000E+00,    2.4510740486E+00
     14750,      0.676914,CP1_after_deposition,   1,    0.0000000000E+00,    2.4510740486E+00,    2.4510740486E+00,    0.0000000000E+00,    0.0000000000E+00,    0.0000000000E+00,    2.4510740486E+00
     14750,      0.676914,CP2_after_erosion,   1,    0.0000000000E+00,    2.4510740486E+00,    2.4510740486E+00,    0.0000000000E+00,    0.0000000000E+00,    0.0000000000E+00,    2.4510740486E+00
     14750,      0.676914,CP3_after_update_bottom,   1,    0.0000000000E+00,    2.4510740486E+00,    2.4510740486E+00,    0.0000000000E+00,    0.0000000000E+00,    0.0000000000E+00,    2.4510740486E+00
     14750,      0.676914,CP4_after_advection,   1,    0.0000000000E+00,    2.4514020386E+00,    2.4514020386E+00,    0.0000000000E+00,    0.0000000000E+00,    0.0000000000E+00,    2.4514020386E+00
     14750,      0.676914,CP5_after_vdif,   1,    0.0000000000E+00,    2.4514020386E+00,    2.4514020386E+00,    0.0000000000E+00,    0.0000000000E+00,    0.0000000000E+00,    2.4514020386E+00
     14750,      0.676914,CP6_after_kinetics,   1,    0.0000000000E+00,    2.4514020386E+00,    2.4514020386E+00,    0.0000000000E+00,    0.0000000000E+00,    0.0000000000E+00,    2.4514020386E+00
     14750,      0.676914,CP7_after_upper_clamp,   1,    0.0000000000E+00,    2.4514020386E+00,    2.4514020386E+00,    0.0000000000E+00,    0.0000000000E+00,    0.0000000000E+00,    2.4514020386E+00
     14750,      0.676914,CP8_after_OBC,   1,    0.0000000000E+00,    2.4514020386E+00,    2.4514020386E+00,    0.0000000000E+00,    0.0000000000E+00,    0.0000000000E+00,    2.4514020386E+00
     14750,      0.676914,CP9_after_PTsource,   1,    0.0000000000E+00,    2.4514020386E+00,    2.4514020386E+00,    0.0000000000E+00,    0.0000000000E+00,    0.0000000000E+00,    2.4514020386E+00
     14750,      0.676914,CP10_after_neg_clamp,   1,    0.0000000000E+00,    2.4514020386E+00,    2.4514020386E+00,    0.0000000000E+00,    0.0000000000E+00,    0.0000000000E+00,    2.4514020386E+00
     14750,      0.676914,CP11_after_MPI,   1,    0.0000000000E+00,    2.4514020386E+00,    2.4514020386E+00,    0.0000000000E+00,    0.0000000000E+00,    0.0000000000E+00,    2.4514020386E+00
     14750,      0.676914,CP12_end,   1,    0.0000000000E+00,    2.4514020386E+00,    2.4514020386E+00,    0.0000000000E+00,    0.0000000000E+00,    0.0000000000E+00,    2.4514020386E+00
     14800,      0.676914,CP0_start,   1,    0.0000000000E+00,    2.4673307661E+00,    2.4673307661E+00,    0.0000000000E+00,    0.0000000000E+00,    0.0000000000E+00,    2.4673307661E+00
     14800,      0.676914,CP1_after_deposition,   1,    0.0000000000E+00,    2.4673307661E+00,    2.4673307661E+00,    0.0000000000E+00,    0.0000000000E+00,    0.0000000000E+00,    2.4673307661E+00
     14800,      0.676914,CP2_after_erosion,   1,    0.0000000000E+00,    2.4673307661E+00,    2.4673307661E+00,    0.0000000000E+00,    0.0000000000E+00,    0.0000000000E+00,    2.4673307661E+00
     14800,      0.676914,CP3_after_update_bottom,   1,    0.0000000000E+00,    2.4673307661E+00,    2.4673307661E+00,    0.0000000000E+00,    0.0000000000E+00,    0.0000000000E+00,    2.4673307661E+00
     14800,      0.676914,CP4_after_advection,   1,    0.0000000000E+00,    2.4676592313E+00,    2.4676592313E+00,    0.0000000000E+00,    0.0000000000E+00,    0.0000000000E+00,    2.4676592313E+00
     14800,      0.676914,CP5_after_vdif,   1,    0.0000000000E+00,    2.4676592313E+00,    2.4676592313E+00,    0.0000000000E+00,    0.0000000000E+00,    0.0000000000E+00,    2.4676592313E+00
     14800,      0.676914,CP6_after_kinetics,   1,    0.0000000000E+00,    2.4676592313E+00,    2.4676592313E+00,    0.0000000000E+00,    0.0000000000E+00,    0.0000000000E+00,    2.4676592313E+00
     14800,      0.676914,CP7_after_upper_clamp,   1,    0.0000000000E+00,    2.4676592313E+00,    2.4676592313E+00,    0.0000000000E+00,    0.0000000000E+00,    0.0000000000E+00,    2.4676592313E+00
     14800,      0.676914,CP8_after_OBC,   1,    0.0000000000E+00,    2.4676592313E+00,    2.4676592313E+00,    0.0000000000E+00,    0.0000000000E+00,    0.0000000000E+00,    2.4676592313E+00
     14800,      0.676914,CP9_after_PTsource,   1,    0.0000000000E+00,    2.4676592313E+00,    2.4676592313E+00,    0.0000000000E+00,    0.0000000000E+00,    0.0000000000E+00,    2.4676592313E+00
     14800,      0.676914,CP10_after_neg_clamp,   1,    0.0000000000E+00,    2.4676592313E+00,    2.4676592313E+00,    0.0000000000E+00,    0.0000000000E+00,    0.0000000000E+00,    2.4676592313E+00
     14800,      0.676914,CP11_after_MPI,   1,    0.0000000000E+00,    2.4676592313E+00,    2.4676592313E+00,    0.0000000000E+00,    0.0000000000E+00,    0.0000000000E+00,    2.4676592313E+00
     14800,      0.676914,CP12_end,   1,    0.0000000000E+00,    2.4676592313E+00,    2.4676592313E+00,    0.0000000000E+00,    0.0000000000E+00,    0.0000000000E+00,    2.4676592313E+00
     14850,      0.676914,CP0_start,   1,    0.0000000000E+00,    2.4836409792E+00,    2.4836409792E+00,    0.0000000000E+00,    0.0000000000E+00,    0.0000000000E+00,    2.4836409792E+00
     14850,      0.676914,CP1_after_deposition,   1,    0.0000000000E+00,    2.4836409792E+00,    2.4836409792E+00,    0.0000000000E+00,    0.0000000000E+00,    0.0000000000E+00,    2.4836409792E+00
     14850,      0.676914,CP2_after_erosion,   1,    0.0000000000E+00,    2.4836409792E+00,    2.4836409792E+00,    0.0000000000E+00,    0.0000000000E+00,    0.0000000000E+00,    2.4836409792E+00
     14850,      0.676914,CP3_after_update_bottom,   1,    0.0000000000E+00,    2.4836409792E+00,    2.4836409792E+00,    0.0000000000E+00,    0.0000000000E+00,    0.0000000000E+00,    2.4836409792E+00
     14850,      0.676914,CP4_after_advection,   1,    0.0000000000E+00,    2.4839712659E+00,    2.4839712659E+00,    0.0000000000E+00,    0.0000000000E+00,    0.0000000000E+00,    2.4839712659E+00
     14850,      0.676914,CP5_after_vdif,   1,    0.0000000000E+00,    2.4839712659E+00,    2.4839712659E+00,    0.0000000000E+00,    0.0000000000E+00,    0.0000000000E+00,    2.4839712659E+00
     14850,      0.676914,CP6_after_kinetics,   1,    0.0000000000E+00,    2.4839712659E+00,    2.4839712659E+00,    0.0000000000E+00,    0.0000000000E+00,    0.0000000000E+00,    2.4839712659E+00
     14850,      0.676914,CP7_after_upper_clamp,   1,    0.0000000000E+00,    2.4839712659E+00,    2.4839712659E+00,    0.0000000000E+00,    0.0000000000E+00,    0.0000000000E+00,    2.4839712659E+00
     14850,      0.676914,CP8_after_OBC,   1,    0.0000000000E+00,    2.4839712659E+00,    2.4839712659E+00,    0.0000000000E+00,    0.0000000000E+00,    0.0000000000E+00,    2.4839712659E+00
     14850,      0.676914,CP9_after_PTsource,   1,    0.0000000000E+00,    2.4839712659E+00,    2.4839712659E+00,    0.0000000000E+00,    0.0000000000E+00,    0.0000000000E+00,    2.4839712659E+00
     14850,      0.676914,CP10_after_neg_clamp,   1,    0.0000000000E+00,    2.4839712659E+00,    2.4839712659E+00,    0.0000000000E+00,    0.0000000000E+00,    0.0000000000E+00,    2.4839712659E+00
     14850,      0.676914,CP11_after_MPI,   1,    0.0000000000E+00,    2.4839712659E+00,    2.4839712659E+00,    0.0000000000E+00,    0.0000000000E+00,    0.0000000000E+00,    2.4839712659E+00
     14850,      0.676914,CP12_end,   1,    0.0000000000E+00,    2.4839712659E+00,    2.4839712659E+00,    0.0000000000E+00,    0.0000000000E+00,    0.0000000000E+00,    2.4839712659E+00
     14900,      0.676914,CP0_start,   1,    0.0000000000E+00,    2.5000066046E+00,    2.5000066046E+00,    0.0000000000E+00,    0.0000000000E+00,    0.0000000000E+00,    2.5000066046E+00
     14900,      0.676914,CP1_after_deposition,   1,    0.0000000000E+00,    2.5000066046E+00,    2.5000066046E+00,    0.0000000000E+00,    0.0000000000E+00,    0.0000000000E+00,    2.5000066046E+00
     14900,      0.676914,CP2_after_erosion,   1,    0.0000000000E+00,    2.5000066046E+00,    2.5000066046E+00,    0.0000000000E+00,    0.0000000000E+00,    0.0000000000E+00,    2.5000066046E+00
     14900,      0.676914,CP3_after_update_bottom,   1,    0.0000000000E+00,    2.5000066046E+00,    2.5000066046E+00,    0.0000000000E+00,    0.0000000000E+00,    0.0000000000E+00,    2.5000066046E+00
     14900,      0.676914,CP4_after_advection,   1,    0.0000000000E+00,    2.5003381407E+00,    2.5003381407E+00,    0.0000000000E+00,    0.0000000000E+00,    0.0000000000E+00,    2.5003381407E+00
     14900,      0.676914,CP5_after_vdif,   1,    0.0000000000E+00,    2.5003381407E+00,    2.5003381407E+00,    0.0000000000E+00,    0.0000000000E+00,    0.0000000000E+00,    2.5003381407E+00
     14900,      0.676914,CP6_after_kinetics,   1,    0.0000000000E+00,    2.5003381407E+00,    2.5003381407E+00,    0.0000000000E+00,    0.0000000000E+00,    0.0000000000E+00,    2.5003381407E+00
     14900,      0.676914,CP7_after_upper_clamp,   1,    0.0000000000E+00,    2.5003381407E+00,    2.5003381407E+00,    0.0000000000E+00,    0.0000000000E+00,    0.0000000000E+00,    2.5003381407E+00
     14900,      0.676914,CP8_after_OBC,   1,    0.0000000000E+00,    2.5003381407E+00,    2.5003381407E+00,    0.0000000000E+00,    0.0000000000E+00,    0.0000000000E+00,    2.5003381407E+00
     14900,      0.676914,CP9_after_PTsource,   1,    0.0000000000E+00,    2.5003381407E+00,    2.5003381407E+00,    0.0000000000E+00,    0.0000000000E+00,    0.0000000000E+00,    2.5003381407E+00
     14900,      0.676914,CP10_after_neg_clamp,   1,    0.0000000000E+00,    2.5003381407E+00,    2.5003381407E+00,    0.0000000000E+00,    0.0000000000E+00,    0.0000000000E+00,    2.5003381407E+00
     14900,      0.676914,CP11_after_MPI,   1,    0.0000000000E+00,    2.5003381407E+00,    2.5003381407E+00,    0.0000000000E+00,    0.0000000000E+00,    0.0000000000E+00,    2.5003381407E+00
     14900,      0.676914,CP12_end,   1,    0.0000000000E+00,    2.5003381407E+00,    2.5003381407E+00,    0.0000000000E+00,    0.0000000000E+00,    0.0000000000E+00,    2.5003381407E+00
     14950,      0.676914,CP0_start,   1,    0.0000000000E+00,    2.5164283987E+00,    2.5164283987E+00,    0.0000000000E+00,    0.0000000000E+00,    0.0000000000E+00,    2.5164283987E+00
     14950,      0.676914,CP1_after_deposition,   1,    0.0000000000E+00,    2.5164283987E+00,    2.5164283987E+00,    0.0000000000E+00,    0.0000000000E+00,    0.0000000000E+00,    2.5164283987E+00
     14950,      0.676914,CP2_after_erosion,   1,    0.0000000000E+00,    2.5164283987E+00,    2.5164283987E+00,    0.0000000000E+00,    0.0000000000E+00,    0.0000000000E+00,    2.5164283987E+00
     14950,      0.676914,CP3_after_update_bottom,   1,    0.0000000000E+00,    2.5164283987E+00,    2.5164283987E+00,    0.0000000000E+00,    0.0000000000E+00,    0.0000000000E+00,    2.5164283987E+00
     14950,      0.676914,CP4_after_advection,   1,    0.0000000000E+00,    2.5167598539E+00,    2.5167598539E+00,    0.0000000000E+00,    0.0000000000E+00,    0.0000000000E+00,    2.5167598539E+00
     14950,      0.676914,CP5_after_vdif,   1,    0.0000000000E+00,    2.5167598539E+00,    2.5167598539E+00,    0.0000000000E+00,    0.0000000000E+00,    0.0000000000E+00,    2.5167598539E+00
     14950,      0.676914,CP6_after_kinetics,   1,    0.0000000000E+00,    2.5167598539E+00,    2.5167598539E+00,    0.0000000000E+00,    0.0000000000E+00,    0.0000000000E+00,    2.5167598539E+00
     14950,      0.676914,CP7_after_upper_clamp,   1,    0.0000000000E+00,    2.5167598539E+00,    2.5167598539E+00,    0.0000000000E+00,    0.0000000000E+00,    0.0000000000E+00,    2.5167598539E+00
     14950,      0.676914,CP8_after_OBC,   1,    0.0000000000E+00,    2.5167598539E+00,    2.5167598539E+00,    0.0000000000E+00,    0.0000000000E+00,    0.0000000000E+00,    2.5167598539E+00
     14950,      0.676914,CP9_after_PTsource,   1,    0.0000000000E+00,    2.5167598539E+00,    2.5167598539E+00,    0.0000000000E+00,    0.0000000000E+00,    0.0000000000E+00,    2.5167598539E+00
     14950,      0.676914,CP10_after_neg_clamp,   1,    0.0000000000E+00,    2.5167598539E+00,    2.5167598539E+00,    0.0000000000E+00,    0.0000000000E+00,    0.0000000000E+00,    2.5167598539E+00
     14950,      0.676914,CP11_after_MPI,   1,    0.0000000000E+00,    2.5167598539E+00,    2.5167598539E+00,    0.0000000000E+00,    0.0000000000E+00,    0.0000000000E+00,    2.5167598539E+00
     14950,      0.676914,CP12_end,   1,    0.0000000000E+00,    2.5167598539E+00,    2.5167598539E+00,    0.0000000000E+00,    0.0000000000E+00,    0.0000000000E+00,    2.5167598539E+00
     15000,      0.676914,CP0_start,   1,    0.0000000000E+00,    2.5329031450E+00,    2.5329031450E+00,    0.0000000000E+00,    0.0000000000E+00,    0.0000000000E+00,    2.5329031450E+00
     15000,      0.676914,CP1_after_deposition,   1,    0.0000000000E+00,    2.5329031450E+00,    2.5329031450E+00,    0.0000000000E+00,    0.0000000000E+00,    0.0000000000E+00,    2.5329031450E+00
     15000,      0.676914,CP2_after_erosion,   1,    0.0000000000E+00,    2.5329031450E+00,    2.5329031450E+00,    0.0000000000E+00,    0.0000000000E+00,    0.0000000000E+00,    2.5329031450E+00
     15000,      0.676914,CP3_after_update_bottom,   1,    0.0000000000E+00,    2.5329031450E+00,    2.5329031450E+00,    0.0000000000E+00,    0.0000000000E+00,    0.0000000000E+00,    2.5329031450E+00
     15000,      0.676914,CP4_after_advection,   1,    0.0000000000E+00,    2.5332364038E+00,    2.5332364038E+00,    0.0000000000E+00,    0.0000000000E+00,    0.0000000000E+00,    2.5332364038E+00
     15000,      0.676914,CP5_after_vdif,   1,    0.0000000000E+00,    2.5332364038E+00,    2.5332364038E+00,    0.0000000000E+00,    0.0000000000E+00,    0.0000000000E+00,    2.5332364038E+00
     15000,      0.676914,CP6_after_kinetics,   1,    0.0000000000E+00,    2.5332364038E+00,    2.5332364038E+00,    0.0000000000E+00,    0.0000000000E+00,    0.0000000000E+00,    2.5332364038E+00
     15000,      0.676914,CP7_after_upper_clamp,   1,    0.0000000000E+00,    2.5332364038E+00,    2.5332364038E+00,    0.0000000000E+00,    0.0000000000E+00,    0.0000000000E+00,    2.5332364038E+00
     15000,      0.676914,CP8_after_OBC,   1,    0.0000000000E+00,    2.5332364038E+00,    2.5332364038E+00,    0.0000000000E+00,    0.0000000000E+00,    0.0000000000E+00,    2.5332364038E+00
     15000,      0.676914,CP9_after_PTsource,   1,    0.0000000000E+00,    2.5332364038E+00,    2.5332364038E+00,    0.0000000000E+00,    0.0000000000E+00,    0.0000000000E+00,    2.5332364038E+00
     15000,      0.676914,CP10_after_neg_clamp,   1,    0.0000000000E+00,    2.5332364038E+00,    2.5332364038E+00,    0.0000000000E+00,    0.0000000000E+00,    0.0000000000E+00,    2.5332364038E+00
     15000,      0.676914,CP11_after_MPI,   1,    0.0000000000E+00,    2.5332364038E+00,    2.5332364038E+00,    0.0000000000E+00,    0.0000000000E+00,    0.0000000000E+00,    2.5332364038E+00
     15000,      0.676914,CP12_end,   1,    0.0000000000E+00,    2.5332364038E+00,    2.5332364038E+00,    0.0000000000E+00,    0.0000000000E+00,    0.0000000000E+00,    2.5332364038E+00
     15050,      0.676914,CP0_start,   1,    0.0000000000E+00,    2.5494339959E+00,    2.5494339959E+00,    0.0000000000E+00,    0.0000000000E+00,    0.0000000000E+00,    2.5494339959E+00
     15050,      0.676914,CP1_after_deposition,   1,    0.0000000000E+00,    2.5494339959E+00,    2.5494339959E+00,    0.0000000000E+00,    0.0000000000E+00,    0.0000000000E+00,    2.5494339959E+00
     15050,      0.676914,CP2_after_erosion,   1,    0.0000000000E+00,    2.5494339959E+00,    2.5494339959E+00,    0.0000000000E+00,    0.0000000000E+00,    0.0000000000E+00,    2.5494339959E+00
     15050,      0.676914,CP3_after_update_bottom,   1,    0.0000000000E+00,    2.5494339959E+00,    2.5494339959E+00,    0.0000000000E+00,    0.0000000000E+00,    0.0000000000E+00,    2.5494339959E+00
     15050,      0.676914,CP4_after_advection,   1,    0.0000000000E+00,    2.5497677886E+00,    2.5497677886E+00,    0.0000000000E+00,    0.0000000000E+00,    0.0000000000E+00,    2.5497677886E+00
     15050,      0.676914,CP5_after_vdif,   1,    0.0000000000E+00,    2.5497677886E+00,    2.5497677886E+00,    0.0000000000E+00,    0.0000000000E+00,    0.0000000000E+00,    2.5497677886E+00
     15050,      0.676914,CP6_after_kinetics,   1,    0.0000000000E+00,    2.5497677886E+00,    2.5497677886E+00,    0.0000000000E+00,    0.0000000000E+00,    0.0000000000E+00,    2.5497677886E+00
     15050,      0.676914,CP7_after_upper_clamp,   1,    0.0000000000E+00,    2.5497677886E+00,    2.5497677886E+00,    0.0000000000E+00,    0.0000000000E+00,    0.0000000000E+00,    2.5497677886E+00
     15050,      0.676914,CP8_after_OBC,   1,    0.0000000000E+00,    2.5497677886E+00,    2.5497677886E+00,    0.0000000000E+00,    0.0000000000E+00,    0.0000000000E+00,    2.5497677886E+00
     15050,      0.676914,CP9_after_PTsource,   1,    0.0000000000E+00,    2.5497677886E+00,    2.5497677886E+00,    0.0000000000E+00,    0.0000000000E+00,    0.0000000000E+00,    2.5497677886E+00
     15050,      0.676914,CP10_after_neg_clamp,   1,    0.0000000000E+00,    2.5497677886E+00,    2.5497677886E+00,    0.0000000000E+00,    0.0000000000E+00,    0.0000000000E+00,    2.5497677886E+00
     15050,      0.676914,CP11_after_MPI,   1,    0.0000000000E+00,    2.5497677886E+00,    2.5497677886E+00,    0.0000000000E+00,    0.0000000000E+00,    0.0000000000E+00,    2.5497677886E+00
     15050,      0.676914,CP12_end,   1,    0.0000000000E+00,    2.5497677886E+00,    2.5497677886E+00,    0.0000000000E+00,    0.0000000000E+00,    0.0000000000E+00,    2.5497677886E+00
     15100,      0.676914,CP0_start,   1,    0.0000000000E+00,    2.5660184273E+00,    2.5660184273E+00,    0.0000000000E+00,    0.0000000000E+00,    0.0000000000E+00,    2.5660184273E+00
     15100,      0.676914,CP1_after_deposition,   1,    0.0000000000E+00,    2.5660184273E+00,    2.5660184273E+00,    0.0000000000E+00,    0.0000000000E+00,    0.0000000000E+00,    2.5660184273E+00
     15100,      0.676914,CP2_after_erosion,   1,    0.0000000000E+00,    2.5660184273E+00,    2.5660184273E+00,    0.0000000000E+00,    0.0000000000E+00,    0.0000000000E+00,    2.5660184273E+00
     15100,      0.676914,CP3_after_update_bottom,   1,    0.0000000000E+00,    2.5660184273E+00,    2.5660184273E+00,    0.0000000000E+00,    0.0000000000E+00,    0.0000000000E+00,    2.5660184273E+00
     15100,      0.676914,CP4_after_advection,   1,    0.0000000000E+00,    2.5663540066E+00,    2.5663540066E+00,    0.0000000000E+00,    0.0000000000E+00,    0.0000000000E+00,    2.5663540066E+00
     15100,      0.676914,CP5_after_vdif,   1,    0.0000000000E+00,    2.5663540066E+00,    2.5663540066E+00,    0.0000000000E+00,    0.0000000000E+00,    0.0000000000E+00,    2.5663540066E+00
     15100,      0.676914,CP6_after_kinetics,   1,    0.0000000000E+00,    2.5663540066E+00,    2.5663540066E+00,    0.0000000000E+00,    0.0000000000E+00,    0.0000000000E+00,    2.5663540066E+00
     15100,      0.676914,CP7_after_upper_clamp,   1,    0.0000000000E+00,    2.5663540066E+00,    2.5663540066E+00,    0.0000000000E+00,    0.0000000000E+00,    0.0000000000E+00,    2.5663540066E+00
     15100,      0.676914,CP8_after_OBC,   1,    0.0000000000E+00,    2.5663540066E+00,    2.5663540066E+00,    0.0000000000E+00,    0.0000000000E+00,    0.0000000000E+00,    2.5663540066E+00
     15100,      0.676914,CP9_after_PTsource,   1,    0.0000000000E+00,    2.5663540066E+00,    2.5663540066E+00,    0.0000000000E+00,    0.0000000000E+00,    0.0000000000E+00,    2.5663540066E+00
     15100,      0.676914,CP10_after_neg_clamp,   1,    0.0000000000E+00,    2.5663540066E+00,    2.5663540066E+00,    0.0000000000E+00,    0.0000000000E+00,    0.0000000000E+00,    2.5663540066E+00
     15100,      0.676914,CP11_after_MPI,   1,    0.0000000000E+00,    2.5663540066E+00,    2.5663540066E+00,    0.0000000000E+00,    0.0000000000E+00,    0.0000000000E+00,    2.5663540066E+00
     15100,      0.676914,CP12_end,   1,    0.0000000000E+00,    2.5663540066E+00,    2.5663540066E+00,    0.0000000000E+00,    0.0000000000E+00,    0.0000000000E+00,    2.5663540066E+00
     15150,      0.676914,CP0_start,   1,    0.0000000000E+00,    2.5826578633E+00,    2.5826578633E+00,    0.0000000000E+00,    0.0000000000E+00,    0.0000000000E+00,    2.5826578633E+00
     15150,      0.676914,CP1_after_deposition,   1,    0.0000000000E+00,    2.5826578633E+00,    2.5826578633E+00,    0.0000000000E+00,    0.0000000000E+00,    0.0000000000E+00,    2.5826578633E+00
     15150,      0.676914,CP2_after_erosion,   1,    0.0000000000E+00,    2.5826578633E+00,    2.5826578633E+00,    0.0000000000E+00,    0.0000000000E+00,    0.0000000000E+00,    2.5826578633E+00
     15150,      0.676914,CP3_after_update_bottom,   1,    0.0000000000E+00,    2.5826578633E+00,    2.5826578633E+00,    0.0000000000E+00,    0.0000000000E+00,    0.0000000000E+00,    2.5826578633E+00
     15150,      0.676914,CP4_after_advection,   1,    0.0000000000E+00,    2.5829950559E+00,    2.5829950559E+00,    0.0000000000E+00,    0.0000000000E+00,    0.0000000000E+00,    2.5829950559E+00
     15150,      0.676914,CP5_after_vdif,   1,    0.0000000000E+00,    2.5829950559E+00,    2.5829950559E+00,    0.0000000000E+00,    0.0000000000E+00,    0.0000000000E+00,    2.5829950559E+00
     15150,      0.676914,CP6_after_kinetics,   1,    0.0000000000E+00,    2.5829950559E+00,    2.5829950559E+00,    0.0000000000E+00,    0.0000000000E+00,    0.0000000000E+00,    2.5829950559E+00
     15150,      0.676914,CP7_after_upper_clamp,   1,    0.0000000000E+00,    2.5829950559E+00,    2.5829950559E+00,    0.0000000000E+00,    0.0000000000E+00,    0.0000000000E+00,    2.5829950559E+00
     15150,      0.676914,CP8_after_OBC,   1,    0.0000000000E+00,    2.5829950559E+00,    2.5829950559E+00,    0.0000000000E+00,    0.0000000000E+00,    0.0000000000E+00,    2.5829950559E+00
     15150,      0.676914,CP9_after_PTsource,   1,    0.0000000000E+00,    2.5829950559E+00,    2.5829950559E+00,    0.0000000000E+00,    0.0000000000E+00,    0.0000000000E+00,    2.5829950559E+00
     15150,      0.676914,CP10_after_neg_clamp,   1,    0.0000000000E+00,    2.5829950559E+00,    2.5829950559E+00,    0.0000000000E+00,    0.0000000000E+00,    0.0000000000E+00,    2.5829950559E+00
     15150,      0.676914,CP11_after_MPI,   1,    0.0000000000E+00,    2.5829950559E+00,    2.5829950559E+00,    0.0000000000E+00,    0.0000000000E+00,    0.0000000000E+00,    2.5829950559E+00
     15150,      0.676914,CP12_end,   1,    0.0000000000E+00,    2.5829950559E+00,    2.5829950559E+00,    0.0000000000E+00,    0.0000000000E+00,    0.0000000000E+00,    2.5829950559E+00
     15200,      0.676914,CP0_start,   1,    0.0000000000E+00,    2.5993529092E+00,    2.5993529092E+00,    0.0000000000E+00,    0.0000000000E+00,    0.0000000000E+00,    2.5993529092E+00
     15200,      0.676914,CP1_after_deposition,   1,    0.0000000000E+00,    2.5993529092E+00,    2.5993529092E+00,    0.0000000000E+00,    0.0000000000E+00,    0.0000000000E+00,    2.5993529092E+00
     15200,      0.676914,CP2_after_erosion,   1,    0.0000000000E+00,    2.5993529092E+00,    2.5993529092E+00,    0.0000000000E+00,    0.0000000000E+00,    0.0000000000E+00,    2.5993529092E+00
     15200,      0.676914,CP3_after_update_bottom,   1,    0.0000000000E+00,    2.5993529092E+00,    2.5993529092E+00,    0.0000000000E+00,    0.0000000000E+00,    0.0000000000E+00,    2.5993529092E+00
     15200,      0.676914,CP4_after_advection,   1,    0.0000000000E+00,    2.5996909349E+00,    2.5996909349E+00,    0.0000000000E+00,    0.0000000000E+00,    0.0000000000E+00,    2.5996909349E+00
     15200,      0.676914,CP5_after_vdif,   1,    0.0000000000E+00,    2.5996909349E+00,    2.5996909349E+00,    0.0000000000E+00,    0.0000000000E+00,    0.0000000000E+00,    2.5996909349E+00
     15200,      0.676914,CP6_after_kinetics,   1,    0.0000000000E+00,    2.5996909349E+00,    2.5996909349E+00,    0.0000000000E+00,    0.0000000000E+00,    0.0000000000E+00,    2.5996909349E+00
     15200,      0.676914,CP7_after_upper_clamp,   1,    0.0000000000E+00,    2.5996909349E+00,    2.5996909349E+00,    0.0000000000E+00,    0.0000000000E+00,    0.0000000000E+00,    2.5996909349E+00
     15200,      0.676914,CP8_after_OBC,   1,    0.0000000000E+00,    2.5996909349E+00,    2.5996909349E+00,    0.0000000000E+00,    0.0000000000E+00,    0.0000000000E+00,    2.5996909349E+00
     15200,      0.676914,CP9_after_PTsource,   1,    0.0000000000E+00,    2.5996909349E+00,    2.5996909349E+00,    0.0000000000E+00,    0.0000000000E+00,    0.0000000000E+00,    2.5996909349E+00
     15200,      0.676914,CP10_after_neg_clamp,   1,    0.0000000000E+00,    2.5996909349E+00,    2.5996909349E+00,    0.0000000000E+00,    0.0000000000E+00,    0.0000000000E+00,    2.5996909349E+00
     15200,      0.676914,CP11_after_MPI,   1,    0.0000000000E+00,    2.5996909349E+00,    2.5996909349E+00,    0.0000000000E+00,    0.0000000000E+00,    0.0000000000E+00,    2.5996909349E+00
     15200,      0.676914,CP12_end,   1,    0.0000000000E+00,    2.5996909349E+00,    2.5996909349E+00,    0.0000000000E+00,    0.0000000000E+00,    0.0000000000E+00,    2.5996909349E+00
     15250,      0.676914,CP0_start,   1,    0.0000000000E+00,    2.6161020816E+00,    2.6161020816E+00,    0.0000000000E+00,    0.0000000000E+00,    0.0000000000E+00,    2.6161020816E+00
     15250,      0.676914,CP1_after_deposition,   1,    0.0000000000E+00,    2.6161020816E+00,    2.6161020816E+00,    0.0000000000E+00,    0.0000000000E+00,    0.0000000000E+00,    2.6161020816E+00
     15250,      0.676914,CP2_after_erosion,   1,    0.0000000000E+00,    2.6161020816E+00,    2.6161020816E+00,    0.0000000000E+00,    0.0000000000E+00,    0.0000000000E+00,    2.6161020816E+00
     15250,      0.676914,CP3_after_update_bottom,   1,    0.0000000000E+00,    2.6161020816E+00,    2.6161020816E+00,    0.0000000000E+00,    0.0000000000E+00,    0.0000000000E+00,    2.6161020816E+00
     15250,      0.676914,CP4_after_advection,   1,    0.0000000000E+00,    2.6164416416E+00,    2.6164416416E+00,    0.0000000000E+00,    0.0000000000E+00,    0.0000000000E+00,    2.6164416416E+00
     15250,      0.676914,CP5_after_vdif,   1,    0.0000000000E+00,    2.6164416416E+00,    2.6164416416E+00,    0.0000000000E+00,    0.0000000000E+00,    0.0000000000E+00,    2.6164416416E+00
     15250,      0.676914,CP6_after_kinetics,   1,    0.0000000000E+00,    2.6164416416E+00,    2.6164416416E+00,    0.0000000000E+00,    0.0000000000E+00,    0.0000000000E+00,    2.6164416416E+00
     15250,      0.676914,CP7_after_upper_clamp,   1,    0.0000000000E+00,    2.6164416416E+00,    2.6164416416E+00,    0.0000000000E+00,    0.0000000000E+00,    0.0000000000E+00,    2.6164416416E+00
     15250,      0.676914,CP8_after_OBC,   1,    0.0000000000E+00,    2.6164416416E+00,    2.6164416416E+00,    0.0000000000E+00,    0.0000000000E+00,    0.0000000000E+00,    2.6164416416E+00
     15250,      0.676914,CP9_after_PTsource,   1,    0.0000000000E+00,    2.6164416416E+00,    2.6164416416E+00,    0.0000000000E+00,    0.0000000000E+00,    0.0000000000E+00,    2.6164416416E+00
     15250,      0.676914,CP10_after_neg_clamp,   1,    0.0000000000E+00,    2.6164416416E+00,    2.6164416416E+00,    0.0000000000E+00,    0.0000000000E+00,    0.0000000000E+00,    2.6164416416E+00
     15250,      0.676914,CP11_after_MPI,   1,    0.0000000000E+00,    2.6164416416E+00,    2.6164416416E+00,    0.0000000000E+00,    0.0000000000E+00,    0.0000000000E+00,    2.6164416416E+00
     15250,      0.676914,CP12_end,   1,    0.0000000000E+00,    2.6164416416E+00,    2.6164416416E+00,    0.0000000000E+00,    0.0000000000E+00,    0.0000000000E+00,    2.6164416416E+00
     15300,      0.676914,CP0_start,   1,    0.0000000000E+00,    2.6329073371E+00,    2.6329073371E+00,    0.0000000000E+00,    0.0000000000E+00,    0.0000000000E+00,    2.6329073371E+00
     15300,      0.676914,CP1_after_deposition,   1,    0.0000000000E+00,    2.6329073371E+00,    2.6329073371E+00,    0.0000000000E+00,    0.0000000000E+00,    0.0000000000E+00,    2.6329073371E+00
     15300,      0.676914,CP2_after_erosion,   1,    0.0000000000E+00,    2.6329073371E+00,    2.6329073371E+00,    0.0000000000E+00,    0.0000000000E+00,    0.0000000000E+00,    2.6329073371E+00
     15300,      0.676914,CP3_after_update_bottom,   1,    0.0000000000E+00,    2.6329073371E+00,    2.6329073371E+00,    0.0000000000E+00,    0.0000000000E+00,    0.0000000000E+00,    2.6329073371E+00
     15300,      0.676914,CP4_after_advection,   1,    0.0000000000E+00,    2.6332471744E+00,    2.6332471744E+00,    0.0000000000E+00,    0.0000000000E+00,    0.0000000000E+00,    2.6332471744E+00
     15300,      0.676914,CP5_after_vdif,   1,    0.0000000000E+00,    2.6332471744E+00,    2.6332471744E+00,    0.0000000000E+00,    0.0000000000E+00,    0.0000000000E+00,    2.6332471744E+00
     15300,      0.676914,CP6_after_kinetics,   1,    0.0000000000E+00,    2.6332471744E+00,    2.6332471744E+00,    0.0000000000E+00,    0.0000000000E+00,    0.0000000000E+00,    2.6332471744E+00
     15300,      0.676914,CP7_after_upper_clamp,   1,    0.0000000000E+00,    2.6332471744E+00,    2.6332471744E+00,    0.0000000000E+00,    0.0000000000E+00,    0.0000000000E+00,    2.6332471744E+00
     15300,      0.676914,CP8_after_OBC,   1,    0.0000000000E+00,    2.6332471744E+00,    2.6332471744E+00,    0.0000000000E+00,    0.0000000000E+00,    0.0000000000E+00,    2.6332471744E+00
     15300,      0.676914,CP9_after_PTsource,   1,    0.0000000000E+00,    2.6332471744E+00,    2.6332471744E+00,    0.0000000000E+00,    0.0000000000E+00,    0.0000000000E+00,    2.6332471744E+00
     15300,      0.676914,CP10_after_neg_clamp,   1,    0.0000000000E+00,    2.6332471744E+00,    2.6332471744E+00,    0.0000000000E+00,    0.0000000000E+00,    0.0000000000E+00,    2.6332471744E+00
     15300,      0.676914,CP11_after_MPI,   1,    0.0000000000E+00,    2.6332471744E+00,    2.6332471744E+00,    0.0000000000E+00,    0.0000000000E+00,    0.0000000000E+00,    2.6332471744E+00
     15300,      0.676914,CP12_end,   1,    0.0000000000E+00,    2.6332471744E+00,    2.6332471744E+00,    0.0000000000E+00,    0.0000000000E+00,    0.0000000000E+00,    2.6332471744E+00
     15350,      0.676914,CP0_start,   1,    0.0000000000E+00,    2.6496620837E+00,    2.6496620837E+00,    0.0000000000E+00,    0.0000000000E+00,    0.0000000000E+00,    2.6496620837E+00
     15350,      0.676914,CP1_after_deposition,   1,    0.0000000000E+00,    2.6496620837E+00,    2.6496620837E+00,    0.0000000000E+00,    0.0000000000E+00,    0.0000000000E+00,    2.6496620837E+00
     15350,      0.676914,CP2_after_erosion,   1,    0.0000000000E+00,    2.6496620837E+00,    2.6496620837E+00,    0.0000000000E+00,    0.0000000000E+00,    0.0000000000E+00,    2.6496620837E+00
     15350,      0.676914,CP3_after_update_bottom,   1,    0.0000000000E+00,    2.6496620837E+00,    2.6496620837E+00,    0.0000000000E+00,    0.0000000000E+00,    0.0000000000E+00,    2.6496620837E+00
     15350,      0.676914,CP4_after_advection,   1,    0.0000000000E+00,    2.6500019343E+00,    2.6500019343E+00,    0.0000000000E+00,    0.0000000000E+00,    0.0000000000E+00,    2.6500019343E+00
     15350,      0.676914,CP5_after_vdif,   1,    0.0000000000E+00,    2.6500019343E+00,    2.6500019343E+00,    0.0000000000E+00,    0.0000000000E+00,    0.0000000000E+00,    2.6500019343E+00
     15350,      0.676914,CP6_after_kinetics,   1,    0.0000000000E+00,    2.6500019343E+00,    2.6500019343E+00,    0.0000000000E+00,    0.0000000000E+00,    0.0000000000E+00,    2.6500019343E+00
     15350,      0.676914,CP7_after_upper_clamp,   1,    0.0000000000E+00,    2.6500019343E+00,    2.6500019343E+00,    0.0000000000E+00,    0.0000000000E+00,    0.0000000000E+00,    2.6500019343E+00
     15350,      0.676914,CP8_after_OBC,   1,    0.0000000000E+00,    2.6500019343E+00,    2.6500019343E+00,    0.0000000000E+00,    0.0000000000E+00,    0.0000000000E+00,    2.6500019343E+00
     15350,      0.676914,CP9_after_PTsource,   1,    0.0000000000E+00,    2.6500019343E+00,    2.6500019343E+00,    0.0000000000E+00,    0.0000000000E+00,    0.0000000000E+00,    2.6500019343E+00
     15350,      0.676914,CP10_after_neg_clamp,   1,    0.0000000000E+00,    2.6500019343E+00,    2.6500019343E+00,    0.0000000000E+00,    0.0000000000E+00,    0.0000000000E+00,    2.6500019343E+00
     15350,      0.676914,CP11_after_MPI,   1,    0.0000000000E+00,    2.6500019343E+00,    2.6500019343E+00,    0.0000000000E+00,    0.0000000000E+00,    0.0000000000E+00,    2.6500019343E+00
     15350,      0.676914,CP12_end,   1,    0.0000000000E+00,    2.6500019343E+00,    2.6500019343E+00,    0.0000000000E+00,    0.0000000000E+00,    0.0000000000E+00,    2.6500019343E+00
     15400,      0.676914,CP0_start,   1,    0.0000000000E+00,    2.6664706567E+00,    2.6664706567E+00,    0.0000000000E+00,    0.0000000000E+00,    0.0000000000E+00,    2.6664706567E+00
     15400,      0.676914,CP1_after_deposition,   1,    0.0000000000E+00,    2.6664706567E+00,    2.6664706567E+00,    0.0000000000E+00,    0.0000000000E+00,    0.0000000000E+00,    2.6664706567E+00
     15400,      0.676914,CP2_after_erosion,   1,    0.0000000000E+00,    2.6664706567E+00,    2.6664706567E+00,    0.0000000000E+00,    0.0000000000E+00,    0.0000000000E+00,    2.6664706567E+00
     15400,      0.676914,CP3_after_update_bottom,   1,    0.0000000000E+00,    2.6664706567E+00,    2.6664706567E+00,    0.0000000000E+00,    0.0000000000E+00,    0.0000000000E+00,    2.6664706567E+00
     15400,      0.676914,CP4_after_advection,   1,    0.0000000000E+00,    2.6668111732E+00,    2.6668111732E+00,    0.0000000000E+00,    0.0000000000E+00,    0.0000000000E+00,    2.6668111732E+00
     15400,      0.676914,CP5_after_vdif,   1,    0.0000000000E+00,    2.6668111732E+00,    2.6668111732E+00,    0.0000000000E+00,    0.0000000000E+00,    0.0000000000E+00,    2.6668111732E+00
     15400,      0.676914,CP6_after_kinetics,   1,    0.0000000000E+00,    2.6668111732E+00,    2.6668111732E+00,    0.0000000000E+00,    0.0000000000E+00,    0.0000000000E+00,    2.6668111732E+00
     15400,      0.676914,CP7_after_upper_clamp,   1,    0.0000000000E+00,    2.6668111732E+00,    2.6668111732E+00,    0.0000000000E+00,    0.0000000000E+00,    0.0000000000E+00,    2.6668111732E+00
     15400,      0.676914,CP8_after_OBC,   1,    0.0000000000E+00,    2.6668111732E+00,    2.6668111732E+00,    0.0000000000E+00,    0.0000000000E+00,    0.0000000000E+00,    2.6668111732E+00
     15400,      0.676914,CP9_after_PTsource,   1,    0.0000000000E+00,    2.6668111732E+00,    2.6668111732E+00,    0.0000000000E+00,    0.0000000000E+00,    0.0000000000E+00,    2.6668111732E+00
     15400,      0.676914,CP10_after_neg_clamp,   1,    0.0000000000E+00,    2.6668111732E+00,    2.6668111732E+00,    0.0000000000E+00,    0.0000000000E+00,    0.0000000000E+00,    2.6668111732E+00
     15400,      0.676914,CP11_after_MPI,   1,    0.0000000000E+00,    2.6668111732E+00,    2.6668111732E+00,    0.0000000000E+00,    0.0000000000E+00,    0.0000000000E+00,    2.6668111732E+00
     15400,      0.676914,CP12_end,   1,    0.0000000000E+00,    2.6668111732E+00,    2.6668111732E+00,    0.0000000000E+00,    0.0000000000E+00,    0.0000000000E+00,    2.6668111732E+00
     15450,      0.676914,CP0_start,   1,    0.0000000000E+00,    2.6833334316E+00,    2.6833334316E+00,    0.0000000000E+00,    0.0000000000E+00,    0.0000000000E+00,    2.6833334316E+00
     15450,      0.676914,CP1_after_deposition,   1,    0.0000000000E+00,    2.6833334316E+00,    2.6833334316E+00,    0.0000000000E+00,    0.0000000000E+00,    0.0000000000E+00,    2.6833334316E+00
     15450,      0.676914,CP2_after_erosion,   1,    0.0000000000E+00,    2.6833334316E+00,    2.6833334316E+00,    0.0000000000E+00,    0.0000000000E+00,    0.0000000000E+00,    2.6833334316E+00
     15450,      0.676914,CP3_after_update_bottom,   1,    0.0000000000E+00,    2.6833334316E+00,    2.6833334316E+00,    0.0000000000E+00,    0.0000000000E+00,    0.0000000000E+00,    2.6833334316E+00
     15450,      0.676914,CP4_after_advection,   1,    0.0000000000E+00,    2.6836748894E+00,    2.6836748894E+00,    0.0000000000E+00,    0.0000000000E+00,    0.0000000000E+00,    2.6836748894E+00
     15450,      0.676914,CP5_after_vdif,   1,    0.0000000000E+00,    2.6836748894E+00,    2.6836748894E+00,    0.0000000000E+00,    0.0000000000E+00,    0.0000000000E+00,    2.6836748894E+00
     15450,      0.676914,CP6_after_kinetics,   1,    0.0000000000E+00,    2.6836748894E+00,    2.6836748894E+00,    0.0000000000E+00,    0.0000000000E+00,    0.0000000000E+00,    2.6836748894E+00
     15450,      0.676914,CP7_after_upper_clamp,   1,    0.0000000000E+00,    2.6836748894E+00,    2.6836748894E+00,    0.0000000000E+00,    0.0000000000E+00,    0.0000000000E+00,    2.6836748894E+00
     15450,      0.676914,CP8_after_OBC,   1,    0.0000000000E+00,    2.6836748894E+00,    2.6836748894E+00,    0.0000000000E+00,    0.0000000000E+00,    0.0000000000E+00,    2.6836748894E+00
     15450,      0.676914,CP9_after_PTsource,   1,    0.0000000000E+00,    2.6836748894E+00,    2.6836748894E+00,    0.0000000000E+00,    0.0000000000E+00,    0.0000000000E+00,    2.6836748894E+00
     15450,      0.676914,CP10_after_neg_clamp,   1,    0.0000000000E+00,    2.6836748894E+00,    2.6836748894E+00,    0.0000000000E+00,    0.0000000000E+00,    0.0000000000E+00,    2.6836748894E+00
     15450,      0.676914,CP11_after_MPI,   1,    0.0000000000E+00,    2.6836748894E+00,    2.6836748894E+00,    0.0000000000E+00,    0.0000000000E+00,    0.0000000000E+00,    2.6836748894E+00
     15450,      0.676914,CP12_end,   1,    0.0000000000E+00,    2.6836748894E+00,    2.6836748894E+00,    0.0000000000E+00,    0.0000000000E+00,    0.0000000000E+00,    2.6836748894E+00
     15500,      0.676914,CP0_start,   1,    0.0000000000E+00,    2.7002500201E+00,    2.7002500201E+00,    0.0000000000E+00,    0.0000000000E+00,    0.0000000000E+00,    2.7002500201E+00
     15500,      0.676914,CP1_after_deposition,   1,    0.0000000000E+00,    2.7002500201E+00,    2.7002500201E+00,    0.0000000000E+00,    0.0000000000E+00,    0.0000000000E+00,    2.7002500201E+00
     15500,      0.676914,CP2_after_erosion,   1,    0.0000000000E+00,    2.7002500201E+00,    2.7002500201E+00,    0.0000000000E+00,    0.0000000000E+00,    0.0000000000E+00,    2.7002500201E+00
     15500,      0.676914,CP3_after_update_bottom,   1,    0.0000000000E+00,    2.7002500201E+00,    2.7002500201E+00,    0.0000000000E+00,    0.0000000000E+00,    0.0000000000E+00,    2.7002500201E+00
     15500,      0.676914,CP4_after_advection,   1,    0.0000000000E+00,    2.7005930811E+00,    2.7005930811E+00,    0.0000000000E+00,    0.0000000000E+00,    0.0000000000E+00,    2.7005930811E+00
     15500,      0.676914,CP5_after_vdif,   1,    0.0000000000E+00,    2.7005930811E+00,    2.7005930811E+00,    0.0000000000E+00,    0.0000000000E+00,    0.0000000000E+00,    2.7005930811E+00
     15500,      0.676914,CP6_after_kinetics,   1,    0.0000000000E+00,    2.7005930811E+00,    2.7005930811E+00,    0.0000000000E+00,    0.0000000000E+00,    0.0000000000E+00,    2.7005930811E+00
     15500,      0.676914,CP7_after_upper_clamp,   1,    0.0000000000E+00,    2.7005930811E+00,    2.7005930811E+00,    0.0000000000E+00,    0.0000000000E+00,    0.0000000000E+00,    2.7005930811E+00
     15500,      0.676914,CP8_after_OBC,   1,    0.0000000000E+00,    2.7005930811E+00,    2.7005930811E+00,    0.0000000000E+00,    0.0000000000E+00,    0.0000000000E+00,    2.7005930811E+00
     15500,      0.676914,CP9_after_PTsource,   1,    0.0000000000E+00,    2.7005930811E+00,    2.7005930811E+00,    0.0000000000E+00,    0.0000000000E+00,    0.0000000000E+00,    2.7005930811E+00
     15500,      0.676914,CP10_after_neg_clamp,   1,    0.0000000000E+00,    2.7005930811E+00,    2.7005930811E+00,    0.0000000000E+00,    0.0000000000E+00,    0.0000000000E+00,    2.7005930811E+00
     15500,      0.676914,CP11_after_MPI,   1,    0.0000000000E+00,    2.7005930811E+00,    2.7005930811E+00,    0.0000000000E+00,    0.0000000000E+00,    0.0000000000E+00,    2.7005930811E+00
     15500,      0.676914,CP12_end,   1,    0.0000000000E+00,    2.7005930811E+00,    2.7005930811E+00,    0.0000000000E+00,    0.0000000000E+00,    0.0000000000E+00,    2.7005930811E+00
     15550,      0.676914,CP0_start,   1,    0.0000000000E+00,    2.7172216301E+00,    2.7172216301E+00,    0.0000000000E+00,    0.0000000000E+00,    0.0000000000E+00,    2.7172216301E+00
     15550,      0.676914,CP1_after_deposition,   1,    0.0000000000E+00,    2.7172216301E+00,    2.7172216301E+00,    0.0000000000E+00,    0.0000000000E+00,    0.0000000000E+00,    2.7172216301E+00
     15550,      0.676914,CP2_after_erosion,   1,    0.0000000000E+00,    2.7172216301E+00,    2.7172216301E+00,    0.0000000000E+00,    0.0000000000E+00,    0.0000000000E+00,    2.7172216301E+00
     15550,      0.676914,CP3_after_update_bottom,   1,    0.0000000000E+00,    2.7172216301E+00,    2.7172216301E+00,    0.0000000000E+00,    0.0000000000E+00,    0.0000000000E+00,    2.7172216301E+00
     15550,      0.676914,CP4_after_advection,   1,    0.0000000000E+00,    2.7175657465E+00,    2.7175657465E+00,    0.0000000000E+00,    0.0000000000E+00,    0.0000000000E+00,    2.7175657465E+00
     15550,      0.676914,CP5_after_vdif,   1,    0.0000000000E+00,    2.7175657465E+00,    2.7175657465E+00,    0.0000000000E+00,    0.0000000000E+00,    0.0000000000E+00,    2.7175657465E+00
     15550,      0.676914,CP6_after_kinetics,   1,    0.0000000000E+00,    2.7175657465E+00,    2.7175657465E+00,    0.0000000000E+00,    0.0000000000E+00,    0.0000000000E+00,    2.7175657465E+00
     15550,      0.676914,CP7_after_upper_clamp,   1,    0.0000000000E+00,    2.7175657465E+00,    2.7175657465E+00,    0.0000000000E+00,    0.0000000000E+00,    0.0000000000E+00,    2.7175657465E+00
     15550,      0.676914,CP8_after_OBC,   1,    0.0000000000E+00,    2.7175657465E+00,    2.7175657465E+00,    0.0000000000E+00,    0.0000000000E+00,    0.0000000000E+00,    2.7175657465E+00
     15550,      0.676914,CP9_after_PTsource,   1,    0.0000000000E+00,    2.7175657465E+00,    2.7175657465E+00,    0.0000000000E+00,    0.0000000000E+00,    0.0000000000E+00,    2.7175657465E+00
     15550,      0.676914,CP10_after_neg_clamp,   1,    0.0000000000E+00,    2.7175657465E+00,    2.7175657465E+00,    0.0000000000E+00,    0.0000000000E+00,    0.0000000000E+00,    2.7175657465E+00
     15550,      0.676914,CP11_after_MPI,   1,    0.0000000000E+00,    2.7175657465E+00,    2.7175657465E+00,    0.0000000000E+00,    0.0000000000E+00,    0.0000000000E+00,    2.7175657465E+00
     15550,      0.676914,CP12_end,   1,    0.0000000000E+00,    2.7175657465E+00,    2.7175657465E+00,    0.0000000000E+00,    0.0000000000E+00,    0.0000000000E+00,    2.7175657465E+00
     15600,      0.676914,CP0_start,   1,    0.0000000000E+00,    2.7342486189E+00,    2.7342486189E+00,    0.0000000000E+00,    0.0000000000E+00,    0.0000000000E+00,    2.7342486189E+00
     15600,      0.676914,CP1_after_deposition,   1,    0.0000000000E+00,    2.7342486189E+00,    2.7342486189E+00,    0.0000000000E+00,    0.0000000000E+00,    0.0000000000E+00,    2.7342486189E+00
     15600,      0.676914,CP2_after_erosion,   1,    0.0000000000E+00,    2.7342486189E+00,    2.7342486189E+00,    0.0000000000E+00,    0.0000000000E+00,    0.0000000000E+00,    2.7342486189E+00
     15600,      0.676914,CP3_after_update_bottom,   1,    0.0000000000E+00,    2.7342486189E+00,    2.7342486189E+00,    0.0000000000E+00,    0.0000000000E+00,    0.0000000000E+00,    2.7342486189E+00
     15600,      0.676914,CP4_after_advection,   1,    0.0000000000E+00,    2.7345928838E+00,    2.7345928838E+00,    0.0000000000E+00,    0.0000000000E+00,    0.0000000000E+00,    2.7345928838E+00
     15600,      0.676914,CP5_after_vdif,   1,    0.0000000000E+00,    2.7345928838E+00,    2.7345928838E+00,    0.0000000000E+00,    0.0000000000E+00,    0.0000000000E+00,    2.7345928838E+00
     15600,      0.676914,CP6_after_kinetics,   1,    0.0000000000E+00,    2.7345928838E+00,    2.7345928838E+00,    0.0000000000E+00,    0.0000000000E+00,    0.0000000000E+00,    2.7345928838E+00
     15600,      0.676914,CP7_after_upper_clamp,   1,    0.0000000000E+00,    2.7345928838E+00,    2.7345928838E+00,    0.0000000000E+00,    0.0000000000E+00,    0.0000000000E+00,    2.7345928838E+00
     15600,      0.676914,CP8_after_OBC,   1,    0.0000000000E+00,    2.7345928838E+00,    2.7345928838E+00,    0.0000000000E+00,    0.0000000000E+00,    0.0000000000E+00,    2.7345928838E+00
     15600,      0.676914,CP9_after_PTsource,   1,    0.0000000000E+00,    2.7345928838E+00,    2.7345928838E+00,    0.0000000000E+00,    0.0000000000E+00,    0.0000000000E+00,    2.7345928838E+00
     15600,      0.676914,CP10_after_neg_clamp,   1,    0.0000000000E+00,    2.7345928838E+00,    2.7345928838E+00,    0.0000000000E+00,    0.0000000000E+00,    0.0000000000E+00,    2.7345928838E+00
     15600,      0.676914,CP11_after_MPI,   1,    0.0000000000E+00,    2.7345928838E+00,    2.7345928838E+00,    0.0000000000E+00,    0.0000000000E+00,    0.0000000000E+00,    2.7345928838E+00
     15600,      0.676914,CP12_end,   1,    0.0000000000E+00,    2.7345928838E+00,    2.7345928838E+00,    0.0000000000E+00,    0.0000000000E+00,    0.0000000000E+00,    2.7345928838E+00
     15650,      0.676914,CP0_start,   1,    0.0000000000E+00,    2.7513287429E+00,    2.7513287429E+00,    0.0000000000E+00,    0.0000000000E+00,    0.0000000000E+00,    2.7513287429E+00
     15650,      0.676914,CP1_after_deposition,   1,    0.0000000000E+00,    2.7513287429E+00,    2.7513287429E+00,    0.0000000000E+00,    0.0000000000E+00,    0.0000000000E+00,    2.7513287429E+00
     15650,      0.676914,CP2_after_erosion,   1,    0.0000000000E+00,    2.7513287429E+00,    2.7513287429E+00,    0.0000000000E+00,    0.0000000000E+00,    0.0000000000E+00,    2.7513287429E+00
     15650,      0.676914,CP3_after_update_bottom,   1,    0.0000000000E+00,    2.7513287429E+00,    2.7513287429E+00,    0.0000000000E+00,    0.0000000000E+00,    0.0000000000E+00,    2.7513287429E+00
     15650,      0.676914,CP4_after_advection,   1,    0.0000000000E+00,    2.7516744912E+00,    2.7516744912E+00,    0.0000000000E+00,    0.0000000000E+00,    0.0000000000E+00,    2.7516744912E+00
     15650,      0.676914,CP5_after_vdif,   1,    0.0000000000E+00,    2.7516744912E+00,    2.7516744912E+00,    0.0000000000E+00,    0.0000000000E+00,    0.0000000000E+00,    2.7516744912E+00
     15650,      0.676914,CP6_after_kinetics,   1,    0.0000000000E+00,    2.7516744912E+00,    2.7516744912E+00,    0.0000000000E+00,    0.0000000000E+00,    0.0000000000E+00,    2.7516744912E+00
     15650,      0.676914,CP7_after_upper_clamp,   1,    0.0000000000E+00,    2.7516744912E+00,    2.7516744912E+00,    0.0000000000E+00,    0.0000000000E+00,    0.0000000000E+00,    2.7516744912E+00
     15650,      0.676914,CP8_after_OBC,   1,    0.0000000000E+00,    2.7516744912E+00,    2.7516744912E+00,    0.0000000000E+00,    0.0000000000E+00,    0.0000000000E+00,    2.7516744912E+00
     15650,      0.676914,CP9_after_PTsource,   1,    0.0000000000E+00,    2.7516744912E+00,    2.7516744912E+00,    0.0000000000E+00,    0.0000000000E+00,    0.0000000000E+00,    2.7516744912E+00
     15650,      0.676914,CP10_after_neg_clamp,   1,    0.0000000000E+00,    2.7516744912E+00,    2.7516744912E+00,    0.0000000000E+00,    0.0000000000E+00,    0.0000000000E+00,    2.7516744912E+00
     15650,      0.676914,CP11_after_MPI,   1,    0.0000000000E+00,    2.7516744912E+00,    2.7516744912E+00,    0.0000000000E+00,    0.0000000000E+00,    0.0000000000E+00,    2.7516744912E+00
     15650,      0.676914,CP12_end,   1,    0.0000000000E+00,    2.7516744912E+00,    2.7516744912E+00,    0.0000000000E+00,    0.0000000000E+00,    0.0000000000E+00,    2.7516744912E+00
     15700,      0.676914,CP0_start,   1,    0.0000000000E+00,    2.7684642319E+00,    2.7684642319E+00,    0.0000000000E+00,    0.0000000000E+00,    0.0000000000E+00,    2.7684642319E+00
     15700,      0.676914,CP1_after_deposition,   1,    0.0000000000E+00,    2.7684642319E+00,    2.7684642319E+00,    0.0000000000E+00,    0.0000000000E+00,    0.0000000000E+00,    2.7684642319E+00
     15700,      0.676914,CP2_after_erosion,   1,    0.0000000000E+00,    2.7684642319E+00,    2.7684642319E+00,    0.0000000000E+00,    0.0000000000E+00,    0.0000000000E+00,    2.7684642319E+00
     15700,      0.676914,CP3_after_update_bottom,   1,    0.0000000000E+00,    2.7684642319E+00,    2.7684642319E+00,    0.0000000000E+00,    0.0000000000E+00,    0.0000000000E+00,    2.7684642319E+00
     15700,      0.676914,CP4_after_advection,   1,    0.0000000000E+00,    2.7688105669E+00,    2.7688105669E+00,    0.0000000000E+00,    0.0000000000E+00,    0.0000000000E+00,    2.7688105669E+00
     15700,      0.676914,CP5_after_vdif,   1,    0.0000000000E+00,    2.7688105669E+00,    2.7688105669E+00,    0.0000000000E+00,    0.0000000000E+00,    0.0000000000E+00,    2.7688105669E+00
     15700,      0.676914,CP6_after_kinetics,   1,    0.0000000000E+00,    2.7688105669E+00,    2.7688105669E+00,    0.0000000000E+00,    0.0000000000E+00,    0.0000000000E+00,    2.7688105669E+00
     15700,      0.676914,CP7_after_upper_clamp,   1,    0.0000000000E+00,    2.7688105669E+00,    2.7688105669E+00,    0.0000000000E+00,    0.0000000000E+00,    0.0000000000E+00,    2.7688105669E+00
     15700,      0.676914,CP8_after_OBC,   1,    0.0000000000E+00,    2.7688105669E+00,    2.7688105669E+00,    0.0000000000E+00,    0.0000000000E+00,    0.0000000000E+00,    2.7688105669E+00
     15700,      0.676914,CP9_after_PTsource,   1,    0.0000000000E+00,    2.7688105669E+00,    2.7688105669E+00,    0.0000000000E+00,    0.0000000000E+00,    0.0000000000E+00,    2.7688105669E+00
     15700,      0.676914,CP10_after_neg_clamp,   1,    0.0000000000E+00,    2.7688105669E+00,    2.7688105669E+00,    0.0000000000E+00,    0.0000000000E+00,    0.0000000000E+00,    2.7688105669E+00
     15700,      0.676914,CP11_after_MPI,   1,    0.0000000000E+00,    2.7688105669E+00,    2.7688105669E+00,    0.0000000000E+00,    0.0000000000E+00,    0.0000000000E+00,    2.7688105669E+00
     15700,      0.676914,CP12_end,   1,    0.0000000000E+00,    2.7688105669E+00,    2.7688105669E+00,    0.0000000000E+00,    0.0000000000E+00,    0.0000000000E+00,    2.7688105669E+00
     15750,      0.676914,CP0_start,   1,    0.0000000000E+00,    2.7856530101E+00,    2.7856530101E+00,    0.0000000000E+00,    0.0000000000E+00,    0.0000000000E+00,    2.7856530101E+00
     15750,      0.676914,CP1_after_deposition,   1,    0.0000000000E+00,    2.7856530101E+00,    2.7856530101E+00,    0.0000000000E+00,    0.0000000000E+00,    0.0000000000E+00,    2.7856530101E+00
     15750,      0.676914,CP2_after_erosion,   1,    0.0000000000E+00,    2.7856530101E+00,    2.7856530101E+00,    0.0000000000E+00,    0.0000000000E+00,    0.0000000000E+00,    2.7856530101E+00
     15750,      0.676914,CP3_after_update_bottom,   1,    0.0000000000E+00,    2.7856530101E+00,    2.7856530101E+00,    0.0000000000E+00,    0.0000000000E+00,    0.0000000000E+00,    2.7856530101E+00
     15750,      0.676914,CP4_after_advection,   1,    0.0000000000E+00,    2.7860011090E+00,    2.7860011090E+00,    0.0000000000E+00,    0.0000000000E+00,    0.0000000000E+00,    2.7860011090E+00
     15750,      0.676914,CP5_after_vdif,   1,    0.0000000000E+00,    2.7860011090E+00,    2.7860011090E+00,    0.0000000000E+00,    0.0000000000E+00,    0.0000000000E+00,    2.7860011090E+00
     15750,      0.676914,CP6_after_kinetics,   1,    0.0000000000E+00,    2.7860011090E+00,    2.7860011090E+00,    0.0000000000E+00,    0.0000000000E+00,    0.0000000000E+00,    2.7860011090E+00
     15750,      0.676914,CP7_after_upper_clamp,   1,    0.0000000000E+00,    2.7860011090E+00,    2.7860011090E+00,    0.0000000000E+00,    0.0000000000E+00,    0.0000000000E+00,    2.7860011090E+00
     15750,      0.676914,CP8_after_OBC,   1,    0.0000000000E+00,    2.7860011090E+00,    2.7860011090E+00,    0.0000000000E+00,    0.0000000000E+00,    0.0000000000E+00,    2.7860011090E+00
     15750,      0.676914,CP9_after_PTsource,   1,    0.0000000000E+00,    2.7860011090E+00,    2.7860011090E+00,    0.0000000000E+00,    0.0000000000E+00,    0.0000000000E+00,    2.7860011090E+00
     15750,      0.676914,CP10_after_neg_clamp,   1,    0.0000000000E+00,    2.7860011090E+00,    2.7860011090E+00,    0.0000000000E+00,    0.0000000000E+00,    0.0000000000E+00,    2.7860011090E+00
     15750,      0.676914,CP11_after_MPI,   1,    0.0000000000E+00,    2.7860011090E+00,    2.7860011090E+00,    0.0000000000E+00,    0.0000000000E+00,    0.0000000000E+00,    2.7860011090E+00
     15750,      0.676914,CP12_end,   1,    0.0000000000E+00,    2.7860011090E+00,    2.7860011090E+00,    0.0000000000E+00,    0.0000000000E+00,    0.0000000000E+00,    2.7860011090E+00
     15800,      0.676914,CP0_start,   1,    0.0000000000E+00,    2.8028972622E+00,    2.8028972622E+00,    0.0000000000E+00,    0.0000000000E+00,    0.0000000000E+00,    2.8028972622E+00
     15800,      0.676914,CP1_after_deposition,   1,    0.0000000000E+00,    2.8028972622E+00,    2.8028972622E+00,    0.0000000000E+00,    0.0000000000E+00,    0.0000000000E+00,    2.8028972622E+00
     15800,      0.676914,CP2_after_erosion,   1,    0.0000000000E+00,    2.8028972622E+00,    2.8028972622E+00,    0.0000000000E+00,    0.0000000000E+00,    0.0000000000E+00,    2.8028972622E+00
     15800,      0.676914,CP3_after_update_bottom,   1,    0.0000000000E+00,    2.8028972622E+00,    2.8028972622E+00,    0.0000000000E+00,    0.0000000000E+00,    0.0000000000E+00,    2.8028972622E+00
     15800,      0.676914,CP4_after_advection,   1,    0.0000000000E+00,    2.8032461156E+00,    2.8032461156E+00,    0.0000000000E+00,    0.0000000000E+00,    0.0000000000E+00,    2.8032461156E+00
     15800,      0.676914,CP5_after_vdif,   1,    0.0000000000E+00,    2.8032461156E+00,    2.8032461156E+00,    0.0000000000E+00,    0.0000000000E+00,    0.0000000000E+00,    2.8032461156E+00
     15800,      0.676914,CP6_after_kinetics,   1,    0.0000000000E+00,    2.8032461156E+00,    2.8032461156E+00,    0.0000000000E+00,    0.0000000000E+00,    0.0000000000E+00,    2.8032461156E+00
     15800,      0.676914,CP7_after_upper_clamp,   1,    0.0000000000E+00,    2.8032461156E+00,    2.8032461156E+00,    0.0000000000E+00,    0.0000000000E+00,    0.0000000000E+00,    2.8032461156E+00
     15800,      0.676914,CP8_after_OBC,   1,    0.0000000000E+00,    2.8032461156E+00,    2.8032461156E+00,    0.0000000000E+00,    0.0000000000E+00,    0.0000000000E+00,    2.8032461156E+00
     15800,      0.676914,CP9_after_PTsource,   1,    0.0000000000E+00,    2.8032461156E+00,    2.8032461156E+00,    0.0000000000E+00,    0.0000000000E+00,    0.0000000000E+00,    2.8032461156E+00
     15800,      0.676914,CP10_after_neg_clamp,   1,    0.0000000000E+00,    2.8032461156E+00,    2.8032461156E+00,    0.0000000000E+00,    0.0000000000E+00,    0.0000000000E+00,    2.8032461156E+00
     15800,      0.676914,CP11_after_MPI,   1,    0.0000000000E+00,    2.8032461156E+00,    2.8032461156E+00,    0.0000000000E+00,    0.0000000000E+00,    0.0000000000E+00,    2.8032461156E+00
     15800,      0.676914,CP12_end,   1,    0.0000000000E+00,    2.8032461156E+00,    2.8032461156E+00,    0.0000000000E+00,    0.0000000000E+00,    0.0000000000E+00,    2.8032461156E+00
     15850,      0.676914,CP0_start,   1,    0.0000000000E+00,    2.8201952270E+00,    2.8201952270E+00,    0.0000000000E+00,    0.0000000000E+00,    0.0000000000E+00,    2.8201952270E+00
     15850,      0.676914,CP1_after_deposition,   1,    0.0000000000E+00,    2.8201952270E+00,    2.8201952270E+00,    0.0000000000E+00,    0.0000000000E+00,    0.0000000000E+00,    2.8201952270E+00
     15850,      0.676914,CP2_after_erosion,   1,    0.0000000000E+00,    2.8201952270E+00,    2.8201952270E+00,    0.0000000000E+00,    0.0000000000E+00,    0.0000000000E+00,    2.8201952270E+00
     15850,      0.676914,CP3_after_update_bottom,   1,    0.0000000000E+00,    2.8201952270E+00,    2.8201952270E+00,    0.0000000000E+00,    0.0000000000E+00,    0.0000000000E+00,    2.8201952270E+00
     15850,      0.676914,CP4_after_advection,   1,    0.0000000000E+00,    2.8205455851E+00,    2.8205455851E+00,    0.0000000000E+00,    0.0000000000E+00,    0.0000000000E+00,    2.8205455851E+00
     15850,      0.676914,CP5_after_vdif,   1,    0.0000000000E+00,    2.8205455851E+00,    2.8205455851E+00,    0.0000000000E+00,    0.0000000000E+00,    0.0000000000E+00,    2.8205455851E+00
     15850,      0.676914,CP6_after_kinetics,   1,    0.0000000000E+00,    2.8205455851E+00,    2.8205455851E+00,    0.0000000000E+00,    0.0000000000E+00,    0.0000000000E+00,    2.8205455851E+00
     15850,      0.676914,CP7_after_upper_clamp,   1,    0.0000000000E+00,    2.8205455851E+00,    2.8205455851E+00,    0.0000000000E+00,    0.0000000000E+00,    0.0000000000E+00,    2.8205455851E+00
     15850,      0.676914,CP8_after_OBC,   1,    0.0000000000E+00,    2.8205455851E+00,    2.8205455851E+00,    0.0000000000E+00,    0.0000000000E+00,    0.0000000000E+00,    2.8205455851E+00
     15850,      0.676914,CP9_after_PTsource,   1,    0.0000000000E+00,    2.8205455851E+00,    2.8205455851E+00,    0.0000000000E+00,    0.0000000000E+00,    0.0000000000E+00,    2.8205455851E+00
     15850,      0.676914,CP10_after_neg_clamp,   1,    0.0000000000E+00,    2.8205455851E+00,    2.8205455851E+00,    0.0000000000E+00,    0.0000000000E+00,    0.0000000000E+00,    2.8205455851E+00
     15850,      0.676914,CP11_after_MPI,   1,    0.0000000000E+00,    2.8205455851E+00,    2.8205455851E+00,    0.0000000000E+00,    0.0000000000E+00,    0.0000000000E+00,    2.8205455851E+00
     15850,      0.676914,CP12_end,   1,    0.0000000000E+00,    2.8205455851E+00,    2.8205455851E+00,    0.0000000000E+00,    0.0000000000E+00,    0.0000000000E+00,    2.8205455851E+00
     15900,      0.676914,CP0_start,   1,    0.0000000000E+00,    2.8375478751E+00,    2.8375478751E+00,    0.0000000000E+00,    0.0000000000E+00,    0.0000000000E+00,    2.8375478751E+00
     15900,      0.676914,CP1_after_deposition,   1,    0.0000000000E+00,    2.8375478751E+00,    2.8375478751E+00,    0.0000000000E+00,    0.0000000000E+00,    0.0000000000E+00,    2.8375478751E+00
     15900,      0.676914,CP2_after_erosion,   1,    0.0000000000E+00,    2.8375478751E+00,    2.8375478751E+00,    0.0000000000E+00,    0.0000000000E+00,    0.0000000000E+00,    2.8375478751E+00
     15900,      0.676914,CP3_after_update_bottom,   1,    0.0000000000E+00,    2.8375478751E+00,    2.8375478751E+00,    0.0000000000E+00,    0.0000000000E+00,    0.0000000000E+00,    2.8375478751E+00
     15900,      0.676914,CP4_after_advection,   1,    0.0000000000E+00,    2.8378995154E+00,    2.8378995154E+00,    0.0000000000E+00,    0.0000000000E+00,    0.0000000000E+00,    2.8378995154E+00
     15900,      0.676914,CP5_after_vdif,   1,    0.0000000000E+00,    2.8378995154E+00,    2.8378995154E+00,    0.0000000000E+00,    0.0000000000E+00,    0.0000000000E+00,    2.8378995154E+00
     15900,      0.676914,CP6_after_kinetics,   1,    0.0000000000E+00,    2.8378995154E+00,    2.8378995154E+00,    0.0000000000E+00,    0.0000000000E+00,    0.0000000000E+00,    2.8378995154E+00
     15900,      0.676914,CP7_after_upper_clamp,   1,    0.0000000000E+00,    2.8378995154E+00,    2.8378995154E+00,    0.0000000000E+00,    0.0000000000E+00,    0.0000000000E+00,    2.8378995154E+00
     15900,      0.676914,CP8_after_OBC,   1,    0.0000000000E+00,    2.8378995154E+00,    2.8378995154E+00,    0.0000000000E+00,    0.0000000000E+00,    0.0000000000E+00,    2.8378995154E+00
     15900,      0.676914,CP9_after_PTsource,   1,    0.0000000000E+00,    2.8378995154E+00,    2.8378995154E+00,    0.0000000000E+00,    0.0000000000E+00,    0.0000000000E+00,    2.8378995154E+00
     15900,      0.676914,CP10_after_neg_clamp,   1,    0.0000000000E+00,    2.8378995154E+00,    2.8378995154E+00,    0.0000000000E+00,    0.0000000000E+00,    0.0000000000E+00,    2.8378995154E+00
     15900,      0.676914,CP11_after_MPI,   1,    0.0000000000E+00,    2.8378995154E+00,    2.8378995154E+00,    0.0000000000E+00,    0.0000000000E+00,    0.0000000000E+00,    2.8378995154E+00
     15900,      0.676914,CP12_end,   1,    0.0000000000E+00,    2.8378995154E+00,    2.8378995154E+00,    0.0000000000E+00,    0.0000000000E+00,    0.0000000000E+00,    2.8378995154E+00
     15950,      0.676914,CP0_start,   1,    0.0000000000E+00,    2.8549556109E+00,    2.8549556109E+00,    0.0000000000E+00,    0.0000000000E+00,    0.0000000000E+00,    2.8549556109E+00
     15950,      0.676914,CP1_after_deposition,   1,    0.0000000000E+00,    2.8549556109E+00,    2.8549556109E+00,    0.0000000000E+00,    0.0000000000E+00,    0.0000000000E+00,    2.8549556109E+00
     15950,      0.676914,CP2_after_erosion,   1,    0.0000000000E+00,    2.8549556109E+00,    2.8549556109E+00,    0.0000000000E+00,    0.0000000000E+00,    0.0000000000E+00,    2.8549556109E+00
     15950,      0.676914,CP3_after_update_bottom,   1,    0.0000000000E+00,    2.8549556109E+00,    2.8549556109E+00,    0.0000000000E+00,    0.0000000000E+00,    0.0000000000E+00,    2.8549556109E+00
     15950,      0.676914,CP4_after_advection,   1,    0.0000000000E+00,    2.8553079048E+00,    2.8553079048E+00,    0.0000000000E+00,    0.0000000000E+00,    0.0000000000E+00,    2.8553079048E+00
     15950,      0.676914,CP5_after_vdif,   1,    0.0000000000E+00,    2.8553079048E+00,    2.8553079048E+00,    0.0000000000E+00,    0.0000000000E+00,    0.0000000000E+00,    2.8553079048E+00
     15950,      0.676914,CP6_after_kinetics,   1,    0.0000000000E+00,    2.8553079048E+00,    2.8553079048E+00,    0.0000000000E+00,    0.0000000000E+00,    0.0000000000E+00,    2.8553079048E+00
     15950,      0.676914,CP7_after_upper_clamp,   1,    0.0000000000E+00,    2.8553079048E+00,    2.8553079048E+00,    0.0000000000E+00,    0.0000000000E+00,    0.0000000000E+00,    2.8553079048E+00
     15950,      0.676914,CP8_after_OBC,   1,    0.0000000000E+00,    2.8553079048E+00,    2.8553079048E+00,    0.0000000000E+00,    0.0000000000E+00,    0.0000000000E+00,    2.8553079048E+00
     15950,      0.676914,CP9_after_PTsource,   1,    0.0000000000E+00,    2.8553079048E+00,    2.8553079048E+00,    0.0000000000E+00,    0.0000000000E+00,    0.0000000000E+00,    2.8553079048E+00
     15950,      0.676914,CP10_after_neg_clamp,   1,    0.0000000000E+00,    2.8553079048E+00,    2.8553079048E+00,    0.0000000000E+00,    0.0000000000E+00,    0.0000000000E+00,    2.8553079048E+00
     15950,      0.676914,CP11_after_MPI,   1,    0.0000000000E+00,    2.8553079048E+00,    2.8553079048E+00,    0.0000000000E+00,    0.0000000000E+00,    0.0000000000E+00,    2.8553079048E+00
     15950,      0.676914,CP12_end,   1,    0.0000000000E+00,    2.8553079048E+00,    2.8553079048E+00,    0.0000000000E+00,    0.0000000000E+00,    0.0000000000E+00,    2.8553079048E+00
     16000,      0.676914,CP0_start,   1,    0.0000000000E+00,    2.8724175797E+00,    2.8724175797E+00,    0.0000000000E+00,    0.0000000000E+00,    0.0000000000E+00,    2.8724175797E+00
     16000,      0.676914,CP1_after_deposition,   1,    0.0000000000E+00,    2.8724175797E+00,    2.8724175797E+00,    0.0000000000E+00,    0.0000000000E+00,    0.0000000000E+00,    2.8724175797E+00
     16000,      0.676914,CP2_after_erosion,   1,    0.0000000000E+00,    2.8724175797E+00,    2.8724175797E+00,    0.0000000000E+00,    0.0000000000E+00,    0.0000000000E+00,    2.8724175797E+00
     16000,      0.676914,CP3_after_update_bottom,   1,    0.0000000000E+00,    2.8724175797E+00,    2.8724175797E+00,    0.0000000000E+00,    0.0000000000E+00,    0.0000000000E+00,    2.8724175797E+00
     16000,      0.676914,CP4_after_advection,   1,    0.0000000000E+00,    2.8727707514E+00,    2.8727707514E+00,    0.0000000000E+00,    0.0000000000E+00,    0.0000000000E+00,    2.8727707514E+00
     16000,      0.676914,CP5_after_vdif,   1,    0.0000000000E+00,    2.8727707514E+00,    2.8727707514E+00,    0.0000000000E+00,    0.0000000000E+00,    0.0000000000E+00,    2.8727707514E+00
     16000,      0.676914,CP6_after_kinetics,   1,    0.0000000000E+00,    2.8727707514E+00,    2.8727707514E+00,    0.0000000000E+00,    0.0000000000E+00,    0.0000000000E+00,    2.8727707514E+00
     16000,      0.676914,CP7_after_upper_clamp,   1,    0.0000000000E+00,    2.8727707514E+00,    2.8727707514E+00,    0.0000000000E+00,    0.0000000000E+00,    0.0000000000E+00,    2.8727707514E+00
     16000,      0.676914,CP8_after_OBC,   1,    0.0000000000E+00,    2.8727707514E+00,    2.8727707514E+00,    0.0000000000E+00,    0.0000000000E+00,    0.0000000000E+00,    2.8727707514E+00
     16000,      0.676914,CP9_after_PTsource,   1,    0.0000000000E+00,    2.8727707514E+00,    2.8727707514E+00,    0.0000000000E+00,    0.0000000000E+00,    0.0000000000E+00,    2.8727707514E+00
     16000,      0.676914,CP10_after_neg_clamp,   1,    0.0000000000E+00,    2.8727707514E+00,    2.8727707514E+00,    0.0000000000E+00,    0.0000000000E+00,    0.0000000000E+00,    2.8727707514E+00
     16000,      0.676914,CP11_after_MPI,   1,    0.0000000000E+00,    2.8727707514E+00,    2.8727707514E+00,    0.0000000000E+00,    0.0000000000E+00,    0.0000000000E+00,    2.8727707514E+00
     16000,      0.676914,CP12_end,   1,    0.0000000000E+00,    2.8727707514E+00,    2.8727707514E+00,    0.0000000000E+00,    0.0000000000E+00,    0.0000000000E+00,    2.8727707514E+00
     16050,      0.676914,CP0_start,   1,    0.0000000000E+00,    2.8899335581E+00,    2.8899335581E+00,    0.0000000000E+00,    0.0000000000E+00,    0.0000000000E+00,    2.8899335581E+00
     16050,      0.676914,CP1_after_deposition,   1,    0.0000000000E+00,    2.8899335581E+00,    2.8899335581E+00,    0.0000000000E+00,    0.0000000000E+00,    0.0000000000E+00,    2.8899335581E+00
     16050,      0.676914,CP2_after_erosion,   1,    0.0000000000E+00,    2.8899335581E+00,    2.8899335581E+00,    0.0000000000E+00,    0.0000000000E+00,    0.0000000000E+00,    2.8899335581E+00
     16050,      0.676914,CP3_after_update_bottom,   1,    0.0000000000E+00,    2.8899335581E+00,    2.8899335581E+00,    0.0000000000E+00,    0.0000000000E+00,    0.0000000000E+00,    2.8899335581E+00
     16050,      0.676914,CP4_after_advection,   1,    0.0000000000E+00,    2.8902880534E+00,    2.8902880534E+00,    0.0000000000E+00,    0.0000000000E+00,    0.0000000000E+00,    2.8902880534E+00
     16050,      0.676914,CP5_after_vdif,   1,    0.0000000000E+00,    2.8902880534E+00,    2.8902880534E+00,    0.0000000000E+00,    0.0000000000E+00,    0.0000000000E+00,    2.8902880534E+00
     16050,      0.676914,CP6_after_kinetics,   1,    0.0000000000E+00,    2.8902880534E+00,    2.8902880534E+00,    0.0000000000E+00,    0.0000000000E+00,    0.0000000000E+00,    2.8902880534E+00
     16050,      0.676914,CP7_after_upper_clamp,   1,    0.0000000000E+00,    2.8902880534E+00,    2.8902880534E+00,    0.0000000000E+00,    0.0000000000E+00,    0.0000000000E+00,    2.8902880534E+00
     16050,      0.676914,CP8_after_OBC,   1,    0.0000000000E+00,    2.8902880534E+00,    2.8902880534E+00,    0.0000000000E+00,    0.0000000000E+00,    0.0000000000E+00,    2.8902880534E+00
     16050,      0.676914,CP9_after_PTsource,   1,    0.0000000000E+00,    2.8902880534E+00,    2.8902880534E+00,    0.0000000000E+00,    0.0000000000E+00,    0.0000000000E+00,    2.8902880534E+00
     16050,      0.676914,CP10_after_neg_clamp,   1,    0.0000000000E+00,    2.8902880534E+00,    2.8902880534E+00,    0.0000000000E+00,    0.0000000000E+00,    0.0000000000E+00,    2.8902880534E+00
     16050,      0.676914,CP11_after_MPI,   1,    0.0000000000E+00,    2.8902880534E+00,    2.8902880534E+00,    0.0000000000E+00,    0.0000000000E+00,    0.0000000000E+00,    2.8902880534E+00
     16050,      0.676914,CP12_end,   1,    0.0000000000E+00,    2.8902880534E+00,    2.8902880534E+00,    0.0000000000E+00,    0.0000000000E+00,    0.0000000000E+00,    2.8902880534E+00
     16100,      0.676914,CP0_start,   1,    0.0000000000E+00,    2.9075041926E+00,    2.9075041926E+00,    0.0000000000E+00,    0.0000000000E+00,    0.0000000000E+00,    2.9075041926E+00
     16100,      0.676914,CP1_after_deposition,   1,    0.0000000000E+00,    2.9075041926E+00,    2.9075041926E+00,    0.0000000000E+00,    0.0000000000E+00,    0.0000000000E+00,    2.9075041926E+00
     16100,      0.676914,CP2_after_erosion,   1,    0.0000000000E+00,    2.9075041926E+00,    2.9075041926E+00,    0.0000000000E+00,    0.0000000000E+00,    0.0000000000E+00,    2.9075041926E+00
     16100,      0.676914,CP3_after_update_bottom,   1,    0.0000000000E+00,    2.9075041926E+00,    2.9075041926E+00,    0.0000000000E+00,    0.0000000000E+00,    0.0000000000E+00,    2.9075041926E+00
     16100,      0.676914,CP4_after_advection,   1,    0.0000000000E+00,    2.9078598088E+00,    2.9078598088E+00,    0.0000000000E+00,    0.0000000000E+00,    0.0000000000E+00,    2.9078598088E+00
     16100,      0.676914,CP5_after_vdif,   1,    0.0000000000E+00,    2.9078598088E+00,    2.9078598088E+00,    0.0000000000E+00,    0.0000000000E+00,    0.0000000000E+00,    2.9078598088E+00
     16100,      0.676914,CP6_after_kinetics,   1,    0.0000000000E+00,    2.9078598088E+00,    2.9078598088E+00,    0.0000000000E+00,    0.0000000000E+00,    0.0000000000E+00,    2.9078598088E+00
     16100,      0.676914,CP7_after_upper_clamp,   1,    0.0000000000E+00,    2.9078598088E+00,    2.9078598088E+00,    0.0000000000E+00,    0.0000000000E+00,    0.0000000000E+00,    2.9078598088E+00
     16100,      0.676914,CP8_after_OBC,   1,    0.0000000000E+00,    2.9078598088E+00,    2.9078598088E+00,    0.0000000000E+00,    0.0000000000E+00,    0.0000000000E+00,    2.9078598088E+00
     16100,      0.676914,CP9_after_PTsource,   1,    0.0000000000E+00,    2.9078598088E+00,    2.9078598088E+00,    0.0000000000E+00,    0.0000000000E+00,    0.0000000000E+00,    2.9078598088E+00
     16100,      0.676914,CP10_after_neg_clamp,   1,    0.0000000000E+00,    2.9078598088E+00,    2.9078598088E+00,    0.0000000000E+00,    0.0000000000E+00,    0.0000000000E+00,    2.9078598088E+00
     16100,      0.676914,CP11_after_MPI,   1,    0.0000000000E+00,    2.9078598088E+00,    2.9078598088E+00,    0.0000000000E+00,    0.0000000000E+00,    0.0000000000E+00,    2.9078598088E+00
     16100,      0.676914,CP12_end,   1,    0.0000000000E+00,    2.9078598088E+00,    2.9078598088E+00,    0.0000000000E+00,    0.0000000000E+00,    0.0000000000E+00,    2.9078598088E+00
     16150,      0.676914,CP0_start,   1,    0.0000000000E+00,    2.9251288434E+00,    2.9251288434E+00,    0.0000000000E+00,    0.0000000000E+00,    0.0000000000E+00,    2.9251288434E+00
     16150,      0.676914,CP1_after_deposition,   1,    0.0000000000E+00,    2.9251288434E+00,    2.9251288434E+00,    0.0000000000E+00,    0.0000000000E+00,    0.0000000000E+00,    2.9251288434E+00
     16150,      0.676914,CP2_after_erosion,   1,    0.0000000000E+00,    2.9251288434E+00,    2.9251288434E+00,    0.0000000000E+00,    0.0000000000E+00,    0.0000000000E+00,    2.9251288434E+00
     16150,      0.676914,CP3_after_update_bottom,   1,    0.0000000000E+00,    2.9251288434E+00,    2.9251288434E+00,    0.0000000000E+00,    0.0000000000E+00,    0.0000000000E+00,    2.9251288434E+00
     16150,      0.676914,CP4_after_advection,   1,    0.0000000000E+00,    2.9254860159E+00,    2.9254860159E+00,    0.0000000000E+00,    0.0000000000E+00,    0.0000000000E+00,    2.9254860159E+00
     16150,      0.676914,CP5_after_vdif,   1,    0.0000000000E+00,    2.9254860159E+00,    2.9254860159E+00,    0.0000000000E+00,    0.0000000000E+00,    0.0000000000E+00,    2.9254860159E+00
     16150,      0.676914,CP6_after_kinetics,   1,    0.0000000000E+00,    2.9254860159E+00,    2.9254860159E+00,    0.0000000000E+00,    0.0000000000E+00,    0.0000000000E+00,    2.9254860159E+00
     16150,      0.676914,CP7_after_upper_clamp,   1,    0.0000000000E+00,    2.9254860159E+00,    2.9254860159E+00,    0.0000000000E+00,    0.0000000000E+00,    0.0000000000E+00,    2.9254860159E+00
     16150,      0.676914,CP8_after_OBC,   1,    0.0000000000E+00,    2.9254860159E+00,    2.9254860159E+00,    0.0000000000E+00,    0.0000000000E+00,    0.0000000000E+00,    2.9254860159E+00
     16150,      0.676914,CP9_after_PTsource,   1,    0.0000000000E+00,    2.9254860159E+00,    2.9254860159E+00,    0.0000000000E+00,    0.0000000000E+00,    0.0000000000E+00,    2.9254860159E+00
     16150,      0.676914,CP10_after_neg_clamp,   1,    0.0000000000E+00,    2.9254860159E+00,    2.9254860159E+00,    0.0000000000E+00,    0.0000000000E+00,    0.0000000000E+00,    2.9254860159E+00
     16150,      0.676914,CP11_after_MPI,   1,    0.0000000000E+00,    2.9254860159E+00,    2.9254860159E+00,    0.0000000000E+00,    0.0000000000E+00,    0.0000000000E+00,    2.9254860159E+00
     16150,      0.676914,CP12_end,   1,    0.0000000000E+00,    2.9254860159E+00,    2.9254860159E+00,    0.0000000000E+00,    0.0000000000E+00,    0.0000000000E+00,    2.9254860159E+00
     16200,      0.676914,CP0_start,   1,    0.0000000000E+00,    2.9428087904E+00,    2.9428087904E+00,    0.0000000000E+00,    0.0000000000E+00,    0.0000000000E+00,    2.9428087904E+00
     16200,      0.676914,CP1_after_deposition,   1,    0.0000000000E+00,    2.9428087904E+00,    2.9428087904E+00,    0.0000000000E+00,    0.0000000000E+00,    0.0000000000E+00,    2.9428087904E+00
     16200,      0.676914,CP2_after_erosion,   1,    0.0000000000E+00,    2.9428087904E+00,    2.9428087904E+00,    0.0000000000E+00,    0.0000000000E+00,    0.0000000000E+00,    2.9428087904E+00
     16200,      0.676914,CP3_after_update_bottom,   1,    0.0000000000E+00,    2.9428087904E+00,    2.9428087904E+00,    0.0000000000E+00,    0.0000000000E+00,    0.0000000000E+00,    2.9428087904E+00
     16200,      0.676914,CP4_after_advection,   1,    0.0000000000E+00,    2.9431666726E+00,    2.9431666726E+00,    0.0000000000E+00,    0.0000000000E+00,    0.0000000000E+00,    2.9431666726E+00
     16200,      0.676914,CP5_after_vdif,   1,    0.0000000000E+00,    2.9431666726E+00,    2.9431666726E+00,    0.0000000000E+00,    0.0000000000E+00,    0.0000000000E+00,    2.9431666726E+00
     16200,      0.676914,CP6_after_kinetics,   1,    0.0000000000E+00,    2.9431666726E+00,    2.9431666726E+00,    0.0000000000E+00,    0.0000000000E+00,    0.0000000000E+00,    2.9431666726E+00
     16200,      0.676914,CP7_after_upper_clamp,   1,    0.0000000000E+00,    2.9431666726E+00,    2.9431666726E+00,    0.0000000000E+00,    0.0000000000E+00,    0.0000000000E+00,    2.9431666726E+00
     16200,      0.676914,CP8_after_OBC,   1,    0.0000000000E+00,    2.9431666726E+00,    2.9431666726E+00,    0.0000000000E+00,    0.0000000000E+00,    0.0000000000E+00,    2.9431666726E+00
     16200,      0.676914,CP9_after_PTsource,   1,    0.0000000000E+00,    2.9431666726E+00,    2.9431666726E+00,    0.0000000000E+00,    0.0000000000E+00,    0.0000000000E+00,    2.9431666726E+00
     16200,      0.676914,CP10_after_neg_clamp,   1,    0.0000000000E+00,    2.9431666726E+00,    2.9431666726E+00,    0.0000000000E+00,    0.0000000000E+00,    0.0000000000E+00,    2.9431666726E+00
     16200,      0.676914,CP11_after_MPI,   1,    0.0000000000E+00,    2.9431666726E+00,    2.9431666726E+00,    0.0000000000E+00,    0.0000000000E+00,    0.0000000000E+00,    2.9431666726E+00
     16200,      0.676914,CP12_end,   1,    0.0000000000E+00,    2.9431666726E+00,    2.9431666726E+00,    0.0000000000E+00,    0.0000000000E+00,    0.0000000000E+00,    2.9431666726E+00
     16250,      0.676914,CP0_start,   1,    0.0000000000E+00,    2.9605417632E+00,    2.9605417632E+00,    0.0000000000E+00,    0.0000000000E+00,    0.0000000000E+00,    2.9605417632E+00
     16250,      0.676914,CP1_after_deposition,   1,    0.0000000000E+00,    2.9605417632E+00,    2.9605417632E+00,    0.0000000000E+00,    0.0000000000E+00,    0.0000000000E+00,    2.9605417632E+00
     16250,      0.676914,CP2_after_erosion,   1,    0.0000000000E+00,    2.9605417632E+00,    2.9605417632E+00,    0.0000000000E+00,    0.0000000000E+00,    0.0000000000E+00,    2.9605417632E+00
     16250,      0.676914,CP3_after_update_bottom,   1,    0.0000000000E+00,    2.9605417632E+00,    2.9605417632E+00,    0.0000000000E+00,    0.0000000000E+00,    0.0000000000E+00,    2.9605417632E+00
     16250,      0.676914,CP4_after_advection,   1,    0.0000000000E+00,    2.9609017773E+00,    2.9609017773E+00,    0.0000000000E+00,    0.0000000000E+00,    0.0000000000E+00,    2.9609017773E+00
     16250,      0.676914,CP5_after_vdif,   1,    0.0000000000E+00,    2.9609017773E+00,    2.9609017773E+00,    0.0000000000E+00,    0.0000000000E+00,    0.0000000000E+00,    2.9609017773E+00
     16250,      0.676914,CP6_after_kinetics,   1,    0.0000000000E+00,    2.9609017773E+00,    2.9609017773E+00,    0.0000000000E+00,    0.0000000000E+00,    0.0000000000E+00,    2.9609017773E+00
     16250,      0.676914,CP7_after_upper_clamp,   1,    0.0000000000E+00,    2.9609017773E+00,    2.9609017773E+00,    0.0000000000E+00,    0.0000000000E+00,    0.0000000000E+00,    2.9609017773E+00
     16250,      0.676914,CP8_after_OBC,   1,    0.0000000000E+00,    2.9609017773E+00,    2.9609017773E+00,    0.0000000000E+00,    0.0000000000E+00,    0.0000000000E+00,    2.9609017773E+00
     16250,      0.676914,CP9_after_PTsource,   1,    0.0000000000E+00,    2.9609017773E+00,    2.9609017773E+00,    0.0000000000E+00,    0.0000000000E+00,    0.0000000000E+00,    2.9609017773E+00
     16250,      0.676914,CP10_after_neg_clamp,   1,    0.0000000000E+00,    2.9609017773E+00,    2.9609017773E+00,    0.0000000000E+00,    0.0000000000E+00,    0.0000000000E+00,    2.9609017773E+00
     16250,      0.676914,CP11_after_MPI,   1,    0.0000000000E+00,    2.9609017773E+00,    2.9609017773E+00,    0.0000000000E+00,    0.0000000000E+00,    0.0000000000E+00,    2.9609017773E+00
     16250,      0.676914,CP12_end,   1,    0.0000000000E+00,    2.9609017773E+00,    2.9609017773E+00,    0.0000000000E+00,    0.0000000000E+00,    0.0000000000E+00,    2.9609017773E+00
     16300,      0.676914,CP0_start,   1,    0.0000000000E+00,    2.9783299428E+00,    2.9783299428E+00,    0.0000000000E+00,    0.0000000000E+00,    0.0000000000E+00,    2.9783299428E+00
     16300,      0.676914,CP1_after_deposition,   1,    0.0000000000E+00,    2.9783299428E+00,    2.9783299428E+00,    0.0000000000E+00,    0.0000000000E+00,    0.0000000000E+00,    2.9783299428E+00
     16300,      0.676914,CP2_after_erosion,   1,    0.0000000000E+00,    2.9783299428E+00,    2.9783299428E+00,    0.0000000000E+00,    0.0000000000E+00,    0.0000000000E+00,    2.9783299428E+00
     16300,      0.676914,CP3_after_update_bottom,   1,    0.0000000000E+00,    2.9783299428E+00,    2.9783299428E+00,    0.0000000000E+00,    0.0000000000E+00,    0.0000000000E+00,    2.9783299428E+00
     16300,      0.676914,CP4_after_advection,   1,    0.0000000000E+00,    2.9786913278E+00,    2.9786913278E+00,    0.0000000000E+00,    0.0000000000E+00,    0.0000000000E+00,    2.9786913278E+00
     16300,      0.676914,CP5_after_vdif,   1,    0.0000000000E+00,    2.9786913278E+00,    2.9786913278E+00,    0.0000000000E+00,    0.0000000000E+00,    0.0000000000E+00,    2.9786913278E+00
     16300,      0.676914,CP6_after_kinetics,   1,    0.0000000000E+00,    2.9786913278E+00,    2.9786913278E+00,    0.0000000000E+00,    0.0000000000E+00,    0.0000000000E+00,    2.9786913278E+00
     16300,      0.676914,CP7_after_upper_clamp,   1,    0.0000000000E+00,    2.9786913278E+00,    2.9786913278E+00,    0.0000000000E+00,    0.0000000000E+00,    0.0000000000E+00,    2.9786913278E+00
     16300,      0.676914,CP8_after_OBC,   1,    0.0000000000E+00,    2.9786913278E+00,    2.9786913278E+00,    0.0000000000E+00,    0.0000000000E+00,    0.0000000000E+00,    2.9786913278E+00
     16300,      0.676914,CP9_after_PTsource,   1,    0.0000000000E+00,    2.9786913278E+00,    2.9786913278E+00,    0.0000000000E+00,    0.0000000000E+00,    0.0000000000E+00,    2.9786913278E+00
     16300,      0.676914,CP10_after_neg_clamp,   1,    0.0000000000E+00,    2.9786913278E+00,    2.9786913278E+00,    0.0000000000E+00,    0.0000000000E+00,    0.0000000000E+00,    2.9786913278E+00
     16300,      0.676914,CP11_after_MPI,   1,    0.0000000000E+00,    2.9786913278E+00,    2.9786913278E+00,    0.0000000000E+00,    0.0000000000E+00,    0.0000000000E+00,    2.9786913278E+00
     16300,      0.676914,CP12_end,   1,    0.0000000000E+00,    2.9786913278E+00,    2.9786913278E+00,    0.0000000000E+00,    0.0000000000E+00,    0.0000000000E+00,    2.9786913278E+00
     16350,      0.676914,CP0_start,   1,    0.0000000000E+00,    2.9961725415E+00,    2.9961725415E+00,    0.0000000000E+00,    0.0000000000E+00,    0.0000000000E+00,    2.9961725415E+00
     16350,      0.676914,CP1_after_deposition,   1,    0.0000000000E+00,    2.9961725415E+00,    2.9961725415E+00,    0.0000000000E+00,    0.0000000000E+00,    0.0000000000E+00,    2.9961725415E+00
     16350,      0.676914,CP2_after_erosion,   1,    0.0000000000E+00,    2.9961725415E+00,    2.9961725415E+00,    0.0000000000E+00,    0.0000000000E+00,    0.0000000000E+00,    2.9961725415E+00
     16350,      0.676914,CP3_after_update_bottom,   1,    0.0000000000E+00,    2.9961725415E+00,    2.9961725415E+00,    0.0000000000E+00,    0.0000000000E+00,    0.0000000000E+00,    2.9961725415E+00
     16350,      0.676914,CP4_after_advection,   1,    0.0000000000E+00,    2.9965353225E+00,    2.9965353225E+00,    0.0000000000E+00,    0.0000000000E+00,    0.0000000000E+00,    2.9965353225E+00
     16350,      0.676914,CP5_after_vdif,   1,    0.0000000000E+00,    2.9965353225E+00,    2.9965353225E+00,    0.0000000000E+00,    0.0000000000E+00,    0.0000000000E+00,    2.9965353225E+00
     16350,      0.676914,CP6_after_kinetics,   1,    0.0000000000E+00,    2.9965353225E+00,    2.9965353225E+00,    0.0000000000E+00,    0.0000000000E+00,    0.0000000000E+00,    2.9965353225E+00
     16350,      0.676914,CP7_after_upper_clamp,   1,    0.0000000000E+00,    2.9965353225E+00,    2.9965353225E+00,    0.0000000000E+00,    0.0000000000E+00,    0.0000000000E+00,    2.9965353225E+00
     16350,      0.676914,CP8_after_OBC,   1,    0.0000000000E+00,    2.9965353225E+00,    2.9965353225E+00,    0.0000000000E+00,    0.0000000000E+00,    0.0000000000E+00,    2.9965353225E+00
     16350,      0.676914,CP9_after_PTsource,   1,    0.0000000000E+00,    2.9965353225E+00,    2.9965353225E+00,    0.0000000000E+00,    0.0000000000E+00,    0.0000000000E+00,    2.9965353225E+00
     16350,      0.676914,CP10_after_neg_clamp,   1,    0.0000000000E+00,    2.9965353225E+00,    2.9965353225E+00,    0.0000000000E+00,    0.0000000000E+00,    0.0000000000E+00,    2.9965353225E+00
     16350,      0.676914,CP11_after_MPI,   1,    0.0000000000E+00,    2.9965353225E+00,    2.9965353225E+00,    0.0000000000E+00,    0.0000000000E+00,    0.0000000000E+00,    2.9965353225E+00
     16350,      0.676914,CP12_end,   1,    0.0000000000E+00,    2.9965353225E+00,    2.9965353225E+00,    0.0000000000E+00,    0.0000000000E+00,    0.0000000000E+00,    2.9965353225E+00
     16400,      0.676914,CP0_start,   1,    0.0000000000E+00,    3.0140694132E+00,    3.0140694132E+00,    0.0000000000E+00,    0.0000000000E+00,    0.0000000000E+00,    3.0140694132E+00
     16400,      0.676914,CP1_after_deposition,   1,    0.0000000000E+00,    3.0140694132E+00,    3.0140694132E+00,    0.0000000000E+00,    0.0000000000E+00,    0.0000000000E+00,    3.0140694132E+00
     16400,      0.676914,CP2_after_erosion,   1,    0.0000000000E+00,    3.0140694132E+00,    3.0140694132E+00,    0.0000000000E+00,    0.0000000000E+00,    0.0000000000E+00,    3.0140694132E+00
     16400,      0.676914,CP3_after_update_bottom,   1,    0.0000000000E+00,    3.0140694132E+00,    3.0140694132E+00,    0.0000000000E+00,    0.0000000000E+00,    0.0000000000E+00,    3.0140694132E+00
     16400,      0.676914,CP4_after_advection,   1,    0.0000000000E+00,    3.0144337593E+00,    3.0144337593E+00,    0.0000000000E+00,    0.0000000000E+00,    0.0000000000E+00,    3.0144337593E+00
     16400,      0.676914,CP5_after_vdif,   1,    0.0000000000E+00,    3.0144337593E+00,    3.0144337593E+00,    0.0000000000E+00,    0.0000000000E+00,    0.0000000000E+00,    3.0144337593E+00
     16400,      0.676914,CP6_after_kinetics,   1,    0.0000000000E+00,    3.0144337593E+00,    3.0144337593E+00,    0.0000000000E+00,    0.0000000000E+00,    0.0000000000E+00,    3.0144337593E+00
     16400,      0.676914,CP7_after_upper_clamp,   1,    0.0000000000E+00,    3.0144337593E+00,    3.0144337593E+00,    0.0000000000E+00,    0.0000000000E+00,    0.0000000000E+00,    3.0144337593E+00
     16400,      0.676914,CP8_after_OBC,   1,    0.0000000000E+00,    3.0144337593E+00,    3.0144337593E+00,    0.0000000000E+00,    0.0000000000E+00,    0.0000000000E+00,    3.0144337593E+00
     16400,      0.676914,CP9_after_PTsource,   1,    0.0000000000E+00,    3.0144337593E+00,    3.0144337593E+00,    0.0000000000E+00,    0.0000000000E+00,    0.0000000000E+00,    3.0144337593E+00
     16400,      0.676914,CP10_after_neg_clamp,   1,    0.0000000000E+00,    3.0144337593E+00,    3.0144337593E+00,    0.0000000000E+00,    0.0000000000E+00,    0.0000000000E+00,    3.0144337593E+00
     16400,      0.676914,CP11_after_MPI,   1,    0.0000000000E+00,    3.0144337593E+00,    3.0144337593E+00,    0.0000000000E+00,    0.0000000000E+00,    0.0000000000E+00,    3.0144337593E+00
     16400,      0.676914,CP12_end,   1,    0.0000000000E+00,    3.0144337593E+00,    3.0144337593E+00,    0.0000000000E+00,    0.0000000000E+00,    0.0000000000E+00,    3.0144337593E+00
     16450,      0.676914,CP0_start,   1,    0.0000000000E+00,    3.0320211674E+00,    3.0320211674E+00,    0.0000000000E+00,    0.0000000000E+00,    0.0000000000E+00,    3.0320211674E+00
     16450,      0.676914,CP1_after_deposition,   1,    0.0000000000E+00,    3.0320211674E+00,    3.0320211674E+00,    0.0000000000E+00,    0.0000000000E+00,    0.0000000000E+00,    3.0320211674E+00
     16450,      0.676914,CP2_after_erosion,   1,    0.0000000000E+00,    3.0320211674E+00,    3.0320211674E+00,    0.0000000000E+00,    0.0000000000E+00,    0.0000000000E+00,    3.0320211674E+00
     16450,      0.676914,CP3_after_update_bottom,   1,    0.0000000000E+00,    3.0320211674E+00,    3.0320211674E+00,    0.0000000000E+00,    0.0000000000E+00,    0.0000000000E+00,    3.0320211674E+00
     16450,      0.676914,CP4_after_advection,   1,    0.0000000000E+00,    3.0323866363E+00,    3.0323866363E+00,    0.0000000000E+00,    0.0000000000E+00,    0.0000000000E+00,    3.0323866363E+00
     16450,      0.676914,CP5_after_vdif,   1,    0.0000000000E+00,    3.0323866363E+00,    3.0323866363E+00,    0.0000000000E+00,    0.0000000000E+00,    0.0000000000E+00,    3.0323866363E+00
     16450,      0.676914,CP6_after_kinetics,   1,    0.0000000000E+00,    3.0323866363E+00,    3.0323866363E+00,    0.0000000000E+00,    0.0000000000E+00,    0.0000000000E+00,    3.0323866363E+00
     16450,      0.676914,CP7_after_upper_clamp,   1,    0.0000000000E+00,    3.0323866363E+00,    3.0323866363E+00,    0.0000000000E+00,    0.0000000000E+00,    0.0000000000E+00,    3.0323866363E+00
     16450,      0.676914,CP8_after_OBC,   1,    0.0000000000E+00,    3.0323866363E+00,    3.0323866363E+00,    0.0000000000E+00,    0.0000000000E+00,    0.0000000000E+00,    3.0323866363E+00
     16450,      0.676914,CP9_after_PTsource,   1,    0.0000000000E+00,    3.0323866363E+00,    3.0323866363E+00,    0.0000000000E+00,    0.0000000000E+00,    0.0000000000E+00,    3.0323866363E+00
     16450,      0.676914,CP10_after_neg_clamp,   1,    0.0000000000E+00,    3.0323866363E+00,    3.0323866363E+00,    0.0000000000E+00,    0.0000000000E+00,    0.0000000000E+00,    3.0323866363E+00
     16450,      0.676914,CP11_after_MPI,   1,    0.0000000000E+00,    3.0323866363E+00,    3.0323866363E+00,    0.0000000000E+00,    0.0000000000E+00,    0.0000000000E+00,    3.0323866363E+00
     16450,      0.676914,CP12_end,   1,    0.0000000000E+00,    3.0323866363E+00,    3.0323866363E+00,    0.0000000000E+00,    0.0000000000E+00,    0.0000000000E+00,    3.0323866363E+00
     16500,      0.676914,CP0_start,   1,    0.0000000000E+00,    3.0500263677E+00,    3.0500263677E+00,    0.0000000000E+00,    0.0000000000E+00,    0.0000000000E+00,    3.0500263677E+00
     16500,      0.676914,CP1_after_deposition,   1,    0.0000000000E+00,    3.0500263677E+00,    3.0500263677E+00,    0.0000000000E+00,    0.0000000000E+00,    0.0000000000E+00,    3.0500263677E+00
     16500,      0.676914,CP2_after_erosion,   1,    0.0000000000E+00,    3.0500263677E+00,    3.0500263677E+00,    0.0000000000E+00,    0.0000000000E+00,    0.0000000000E+00,    3.0500263677E+00
     16500,      0.676914,CP3_after_update_bottom,   1,    0.0000000000E+00,    3.0500263677E+00,    3.0500263677E+00,    0.0000000000E+00,    0.0000000000E+00,    0.0000000000E+00,    3.0500263677E+00
     16500,      0.676914,CP4_after_advection,   1,    0.0000000000E+00,    3.0503939517E+00,    3.0503939517E+00,    0.0000000000E+00,    0.0000000000E+00,    0.0000000000E+00,    3.0503939517E+00
     16500,      0.676914,CP5_after_vdif,   1,    0.0000000000E+00,    3.0503939517E+00,    3.0503939517E+00,    0.0000000000E+00,    0.0000000000E+00,    0.0000000000E+00,    3.0503939517E+00
     16500,      0.676914,CP6_after_kinetics,   1,    0.0000000000E+00,    3.0503939517E+00,    3.0503939517E+00,    0.0000000000E+00,    0.0000000000E+00,    0.0000000000E+00,    3.0503939517E+00
     16500,      0.676914,CP7_after_upper_clamp,   1,    0.0000000000E+00,    3.0503939517E+00,    3.0503939517E+00,    0.0000000000E+00,    0.0000000000E+00,    0.0000000000E+00,    3.0503939517E+00
     16500,      0.676914,CP8_after_OBC,   1,    0.0000000000E+00,    3.0503939517E+00,    3.0503939517E+00,    0.0000000000E+00,    0.0000000000E+00,    0.0000000000E+00,    3.0503939517E+00
     16500,      0.676914,CP9_after_PTsource,   1,    0.0000000000E+00,    3.0503939517E+00,    3.0503939517E+00,    0.0000000000E+00,    0.0000000000E+00,    0.0000000000E+00,    3.0503939517E+00
     16500,      0.676914,CP10_after_neg_clamp,   1,    0.0000000000E+00,    3.0503939517E+00,    3.0503939517E+00,    0.0000000000E+00,    0.0000000000E+00,    0.0000000000E+00,    3.0503939517E+00
     16500,      0.676914,CP11_after_MPI,   1,    0.0000000000E+00,    3.0503939517E+00,    3.0503939517E+00,    0.0000000000E+00,    0.0000000000E+00,    0.0000000000E+00,    3.0503939517E+00
     16500,      0.676914,CP12_end,   1,    0.0000000000E+00,    3.0503939517E+00,    3.0503939517E+00,    0.0000000000E+00,    0.0000000000E+00,    0.0000000000E+00,    3.0503939517E+00
     16550,      0.676914,CP0_start,   1,    0.0000000000E+00,    3.0680868694E+00,    3.0680868694E+00,    0.0000000000E+00,    0.0000000000E+00,    0.0000000000E+00,    3.0680868694E+00
     16550,      0.676914,CP1_after_deposition,   1,    0.0000000000E+00,    3.0680868694E+00,    3.0680868694E+00,    0.0000000000E+00,    0.0000000000E+00,    0.0000000000E+00,    3.0680868694E+00
     16550,      0.676914,CP2_after_erosion,   1,    0.0000000000E+00,    3.0680868694E+00,    3.0680868694E+00,    0.0000000000E+00,    0.0000000000E+00,    0.0000000000E+00,    3.0680868694E+00
     16550,      0.676914,CP3_after_update_bottom,   1,    0.0000000000E+00,    3.0680868694E+00,    3.0680868694E+00,    0.0000000000E+00,    0.0000000000E+00,    0.0000000000E+00,    3.0680868694E+00
     16550,      0.676914,CP4_after_advection,   1,    0.0000000000E+00,    3.0684557035E+00,    3.0684557035E+00,    0.0000000000E+00,    0.0000000000E+00,    0.0000000000E+00,    3.0684557035E+00
     16550,      0.676914,CP5_after_vdif,   1,    0.0000000000E+00,    3.0684557035E+00,    3.0684557035E+00,    0.0000000000E+00,    0.0000000000E+00,    0.0000000000E+00,    3.0684557035E+00
     16550,      0.676914,CP6_after_kinetics,   1,    0.0000000000E+00,    3.0684557035E+00,    3.0684557035E+00,    0.0000000000E+00,    0.0000000000E+00,    0.0000000000E+00,    3.0684557035E+00
     16550,      0.676914,CP7_after_upper_clamp,   1,    0.0000000000E+00,    3.0684557035E+00,    3.0684557035E+00,    0.0000000000E+00,    0.0000000000E+00,    0.0000000000E+00,    3.0684557035E+00
     16550,      0.676914,CP8_after_OBC,   1,    0.0000000000E+00,    3.0684557035E+00,    3.0684557035E+00,    0.0000000000E+00,    0.0000000000E+00,    0.0000000000E+00,    3.0684557035E+00
     16550,      0.676914,CP9_after_PTsource,   1,    0.0000000000E+00,    3.0684557035E+00,    3.0684557035E+00,    0.0000000000E+00,    0.0000000000E+00,    0.0000000000E+00,    3.0684557035E+00
     16550,      0.676914,CP10_after_neg_clamp,   1,    0.0000000000E+00,    3.0684557035E+00,    3.0684557035E+00,    0.0000000000E+00,    0.0000000000E+00,    0.0000000000E+00,    3.0684557035E+00
     16550,      0.676914,CP11_after_MPI,   1,    0.0000000000E+00,    3.0684557035E+00,    3.0684557035E+00,    0.0000000000E+00,    0.0000000000E+00,    0.0000000000E+00,    3.0684557035E+00
     16550,      0.676914,CP12_end,   1,    0.0000000000E+00,    3.0684557035E+00,    3.0684557035E+00,    0.0000000000E+00,    0.0000000000E+00,    0.0000000000E+00,    3.0684557035E+00
     16600,      0.676914,CP0_start,   1,    0.0000000000E+00,    3.0862016297E+00,    3.0862016297E+00,    0.0000000000E+00,    0.0000000000E+00,    0.0000000000E+00,    3.0862016297E+00
     16600,      0.676914,CP1_after_deposition,   1,    0.0000000000E+00,    3.0862016297E+00,    3.0862016297E+00,    0.0000000000E+00,    0.0000000000E+00,    0.0000000000E+00,    3.0862016297E+00
     16600,      0.676914,CP2_after_erosion,   1,    0.0000000000E+00,    3.0862016297E+00,    3.0862016297E+00,    0.0000000000E+00,    0.0000000000E+00,    0.0000000000E+00,    3.0862016297E+00
     16600,      0.676914,CP3_after_update_bottom,   1,    0.0000000000E+00,    3.0862016297E+00,    3.0862016297E+00,    0.0000000000E+00,    0.0000000000E+00,    0.0000000000E+00,    3.0862016297E+00
     16600,      0.676914,CP4_after_advection,   1,    0.0000000000E+00,    3.0865718898E+00,    3.0865718898E+00,    0.0000000000E+00,    0.0000000000E+00,    0.0000000000E+00,    3.0865718898E+00
     16600,      0.676914,CP5_after_vdif,   1,    0.0000000000E+00,    3.0865718898E+00,    3.0865718898E+00,    0.0000000000E+00,    0.0000000000E+00,    0.0000000000E+00,    3.0865718898E+00
     16600,      0.676914,CP6_after_kinetics,   1,    0.0000000000E+00,    3.0865718898E+00,    3.0865718898E+00,    0.0000000000E+00,    0.0000000000E+00,    0.0000000000E+00,    3.0865718898E+00
     16600,      0.676914,CP7_after_upper_clamp,   1,    0.0000000000E+00,    3.0865718898E+00,    3.0865718898E+00,    0.0000000000E+00,    0.0000000000E+00,    0.0000000000E+00,    3.0865718898E+00
     16600,      0.676914,CP8_after_OBC,   1,    0.0000000000E+00,    3.0865718898E+00,    3.0865718898E+00,    0.0000000000E+00,    0.0000000000E+00,    0.0000000000E+00,    3.0865718898E+00
     16600,      0.676914,CP9_after_PTsource,   1,    0.0000000000E+00,    3.0865718898E+00,    3.0865718898E+00,    0.0000000000E+00,    0.0000000000E+00,    0.0000000000E+00,    3.0865718898E+00
     16600,      0.676914,CP10_after_neg_clamp,   1,    0.0000000000E+00,    3.0865718898E+00,    3.0865718898E+00,    0.0000000000E+00,    0.0000000000E+00,    0.0000000000E+00,    3.0865718898E+00
     16600,      0.676914,CP11_after_MPI,   1,    0.0000000000E+00,    3.0865718898E+00,    3.0865718898E+00,    0.0000000000E+00,    0.0000000000E+00,    0.0000000000E+00,    3.0865718898E+00
     16600,      0.676914,CP12_end,   1,    0.0000000000E+00,    3.0865718898E+00,    3.0865718898E+00,    0.0000000000E+00,    0.0000000000E+00,    0.0000000000E+00,    3.0865718898E+00
     16650,      0.676914,CP0_start,   1,    0.0000000000E+00,    3.1043701772E+00,    3.1043701772E+00,    0.0000000000E+00,    0.0000000000E+00,    0.0000000000E+00,    3.1043701772E+00
     16650,      0.676914,CP1_after_deposition,   1,    0.0000000000E+00,    3.1043701772E+00,    3.1043701772E+00,    0.0000000000E+00,    0.0000000000E+00,    0.0000000000E+00,    3.1043701772E+00
     16650,      0.676914,CP2_after_erosion,   1,    0.0000000000E+00,    3.1043701772E+00,    3.1043701772E+00,    0.0000000000E+00,    0.0000000000E+00,    0.0000000000E+00,    3.1043701772E+00
     16650,      0.676914,CP3_after_update_bottom,   1,    0.0000000000E+00,    3.1043701772E+00,    3.1043701772E+00,    0.0000000000E+00,    0.0000000000E+00,    0.0000000000E+00,    3.1043701772E+00
     16650,      0.676914,CP4_after_advection,   1,    0.0000000000E+00,    3.1047425086E+00,    3.1047425086E+00,    0.0000000000E+00,    0.0000000000E+00,    0.0000000000E+00,    3.1047425086E+00
     16650,      0.676914,CP5_after_vdif,   1,    0.0000000000E+00,    3.1047425086E+00,    3.1047425086E+00,    0.0000000000E+00,    0.0000000000E+00,    0.0000000000E+00,    3.1047425086E+00
     16650,      0.676914,CP6_after_kinetics,   1,    0.0000000000E+00,    3.1047425086E+00,    3.1047425086E+00,    0.0000000000E+00,    0.0000000000E+00,    0.0000000000E+00,    3.1047425086E+00
     16650,      0.676914,CP7_after_upper_clamp,   1,    0.0000000000E+00,    3.1047425086E+00,    3.1047425086E+00,    0.0000000000E+00,    0.0000000000E+00,    0.0000000000E+00,    3.1047425086E+00
     16650,      0.676914,CP8_after_OBC,   1,    0.0000000000E+00,    3.1047425086E+00,    3.1047425086E+00,    0.0000000000E+00,    0.0000000000E+00,    0.0000000000E+00,    3.1047425086E+00
     16650,      0.676914,CP9_after_PTsource,   1,    0.0000000000E+00,    3.1047425086E+00,    3.1047425086E+00,    0.0000000000E+00,    0.0000000000E+00,    0.0000000000E+00,    3.1047425086E+00
     16650,      0.676914,CP10_after_neg_clamp,   1,    0.0000000000E+00,    3.1047425086E+00,    3.1047425086E+00,    0.0000000000E+00,    0.0000000000E+00,    0.0000000000E+00,    3.1047425086E+00
     16650,      0.676914,CP11_after_MPI,   1,    0.0000000000E+00,    3.1047425086E+00,    3.1047425086E+00,    0.0000000000E+00,    0.0000000000E+00,    0.0000000000E+00,    3.1047425086E+00
     16650,      0.676914,CP12_end,   1,    0.0000000000E+00,    3.1047425086E+00,    3.1047425086E+00,    0.0000000000E+00,    0.0000000000E+00,    0.0000000000E+00,    3.1047425086E+00
     16700,      0.676914,CP0_start,   1,    0.0000000000E+00,    3.1225936631E+00,    3.1225936631E+00,    0.0000000000E+00,    0.0000000000E+00,    0.0000000000E+00,    3.1225936631E+00
     16700,      0.676914,CP1_after_deposition,   1,    0.0000000000E+00,    3.1225936631E+00,    3.1225936631E+00,    0.0000000000E+00,    0.0000000000E+00,    0.0000000000E+00,    3.1225936631E+00
     16700,      0.676914,CP2_after_erosion,   1,    0.0000000000E+00,    3.1225936631E+00,    3.1225936631E+00,    0.0000000000E+00,    0.0000000000E+00,    0.0000000000E+00,    3.1225936631E+00
     16700,      0.676914,CP3_after_update_bottom,   1,    0.0000000000E+00,    3.1225936631E+00,    3.1225936631E+00,    0.0000000000E+00,    0.0000000000E+00,    0.0000000000E+00,    3.1225936631E+00
     16700,      0.676914,CP4_after_advection,   1,    0.0000000000E+00,    3.1229675581E+00,    3.1229675581E+00,    0.0000000000E+00,    0.0000000000E+00,    0.0000000000E+00,    3.1229675581E+00
     16700,      0.676914,CP5_after_vdif,   1,    0.0000000000E+00,    3.1229675581E+00,    3.1229675581E+00,    0.0000000000E+00,    0.0000000000E+00,    0.0000000000E+00,    3.1229675581E+00
     16700,      0.676914,CP6_after_kinetics,   1,    0.0000000000E+00,    3.1229675581E+00,    3.1229675581E+00,    0.0000000000E+00,    0.0000000000E+00,    0.0000000000E+00,    3.1229675581E+00
     16700,      0.676914,CP7_after_upper_clamp,   1,    0.0000000000E+00,    3.1229675581E+00,    3.1229675581E+00,    0.0000000000E+00,    0.0000000000E+00,    0.0000000000E+00,    3.1229675581E+00
     16700,      0.676914,CP8_after_OBC,   1,    0.0000000000E+00,    3.1229675581E+00,    3.1229675581E+00,    0.0000000000E+00,    0.0000000000E+00,    0.0000000000E+00,    3.1229675581E+00
     16700,      0.676914,CP9_after_PTsource,   1,    0.0000000000E+00,    3.1229675581E+00,    3.1229675581E+00,    0.0000000000E+00,    0.0000000000E+00,    0.0000000000E+00,    3.1229675581E+00
     16700,      0.676914,CP10_after_neg_clamp,   1,    0.0000000000E+00,    3.1229675581E+00,    3.1229675581E+00,    0.0000000000E+00,    0.0000000000E+00,    0.0000000000E+00,    3.1229675581E+00
     16700,      0.676914,CP11_after_MPI,   1,    0.0000000000E+00,    3.1229675581E+00,    3.1229675581E+00,    0.0000000000E+00,    0.0000000000E+00,    0.0000000000E+00,    3.1229675581E+00
     16700,      0.676914,CP12_end,   1,    0.0000000000E+00,    3.1229675581E+00,    3.1229675581E+00,    0.0000000000E+00,    0.0000000000E+00,    0.0000000000E+00,    3.1229675581E+00
     16750,      0.676914,CP0_start,   1,    0.0000000000E+00,    3.1408720706E+00,    3.1408720706E+00,    0.0000000000E+00,    0.0000000000E+00,    0.0000000000E+00,    3.1408720706E+00
     16750,      0.676914,CP1_after_deposition,   1,    0.0000000000E+00,    3.1408720706E+00,    3.1408720706E+00,    0.0000000000E+00,    0.0000000000E+00,    0.0000000000E+00,    3.1408720706E+00
     16750,      0.676914,CP2_after_erosion,   1,    0.0000000000E+00,    3.1408720706E+00,    3.1408720706E+00,    0.0000000000E+00,    0.0000000000E+00,    0.0000000000E+00,    3.1408720706E+00
     16750,      0.676914,CP3_after_update_bottom,   1,    0.0000000000E+00,    3.1408720706E+00,    3.1408720706E+00,    0.0000000000E+00,    0.0000000000E+00,    0.0000000000E+00,    3.1408720706E+00
     16750,      0.676914,CP4_after_advection,   1,    0.0000000000E+00,    3.1412470363E+00,    3.1412470363E+00,    0.0000000000E+00,    0.0000000000E+00,    0.0000000000E+00,    3.1412470363E+00
     16750,      0.676914,CP5_after_vdif,   1,    0.0000000000E+00,    3.1412470363E+00,    3.1412470363E+00,    0.0000000000E+00,    0.0000000000E+00,    0.0000000000E+00,    3.1412470363E+00
     16750,      0.676914,CP6_after_kinetics,   1,    0.0000000000E+00,    3.1412470363E+00,    3.1412470363E+00,    0.0000000000E+00,    0.0000000000E+00,    0.0000000000E+00,    3.1412470363E+00
     16750,      0.676914,CP7_after_upper_clamp,   1,    0.0000000000E+00,    3.1412470363E+00,    3.1412470363E+00,    0.0000000000E+00,    0.0000000000E+00,    0.0000000000E+00,    3.1412470363E+00
     16750,      0.676914,CP8_after_OBC,   1,    0.0000000000E+00,    3.1412470363E+00,    3.1412470363E+00,    0.0000000000E+00,    0.0000000000E+00,    0.0000000000E+00,    3.1412470363E+00
     16750,      0.676914,CP9_after_PTsource,   1,    0.0000000000E+00,    3.1412470363E+00,    3.1412470363E+00,    0.0000000000E+00,    0.0000000000E+00,    0.0000000000E+00,    3.1412470363E+00
     16750,      0.676914,CP10_after_neg_clamp,   1,    0.0000000000E+00,    3.1412470363E+00,    3.1412470363E+00,    0.0000000000E+00,    0.0000000000E+00,    0.0000000000E+00,    3.1412470363E+00
     16750,      0.676914,CP11_after_MPI,   1,    0.0000000000E+00,    3.1412470363E+00,    3.1412470363E+00,    0.0000000000E+00,    0.0000000000E+00,    0.0000000000E+00,    3.1412470363E+00
     16750,      0.676914,CP12_end,   1,    0.0000000000E+00,    3.1412470363E+00,    3.1412470363E+00,    0.0000000000E+00,    0.0000000000E+00,    0.0000000000E+00,    3.1412470363E+00
     16800,      0.676914,CP0_start,   1,    0.0000000000E+00,    3.1592053894E+00,    3.1592053894E+00,    0.0000000000E+00,    0.0000000000E+00,    0.0000000000E+00,    3.1592053894E+00
     16800,      0.676914,CP1_after_deposition,   1,    0.0000000000E+00,    3.1592053894E+00,    3.1592053894E+00,    0.0000000000E+00,    0.0000000000E+00,    0.0000000000E+00,    3.1592053894E+00
     16800,      0.676914,CP2_after_erosion,   1,    0.0000000000E+00,    3.1592053894E+00,    3.1592053894E+00,    0.0000000000E+00,    0.0000000000E+00,    0.0000000000E+00,    3.1592053894E+00
     16800,      0.676914,CP3_after_update_bottom,   1,    0.0000000000E+00,    3.1592053894E+00,    3.1592053894E+00,    0.0000000000E+00,    0.0000000000E+00,    0.0000000000E+00,    3.1592053894E+00
     16800,      0.676914,CP4_after_advection,   1,    0.0000000000E+00,    3.1595810696E+00,    3.1595810696E+00,    0.0000000000E+00,    0.0000000000E+00,    0.0000000000E+00,    3.1595810696E+00
     16800,      0.676914,CP5_after_vdif,   1,    0.0000000000E+00,    3.1595810696E+00,    3.1595810696E+00,    0.0000000000E+00,    0.0000000000E+00,    0.0000000000E+00,    3.1595810696E+00
     16800,      0.676914,CP6_after_kinetics,   1,    0.0000000000E+00,    3.1595810696E+00,    3.1595810696E+00,    0.0000000000E+00,    0.0000000000E+00,    0.0000000000E+00,    3.1595810696E+00
     16800,      0.676914,CP7_after_upper_clamp,   1,    0.0000000000E+00,    3.1595810696E+00,    3.1595810696E+00,    0.0000000000E+00,    0.0000000000E+00,    0.0000000000E+00,    3.1595810696E+00
     16800,      0.676914,CP8_after_OBC,   1,    0.0000000000E+00,    3.1595810696E+00,    3.1595810696E+00,    0.0000000000E+00,    0.0000000000E+00,    0.0000000000E+00,    3.1595810696E+00
     16800,      0.676914,CP9_after_PTsource,   1,    0.0000000000E+00,    3.1595810696E+00,    3.1595810696E+00,    0.0000000000E+00,    0.0000000000E+00,    0.0000000000E+00,    3.1595810696E+00
     16800,      0.676914,CP10_after_neg_clamp,   1,    0.0000000000E+00,    3.1595810696E+00,    3.1595810696E+00,    0.0000000000E+00,    0.0000000000E+00,    0.0000000000E+00,    3.1595810696E+00
     16800,      0.676914,CP11_after_MPI,   1,    0.0000000000E+00,    3.1595810696E+00,    3.1595810696E+00,    0.0000000000E+00,    0.0000000000E+00,    0.0000000000E+00,    3.1595810696E+00
     16800,      0.676914,CP12_end,   1,    0.0000000000E+00,    3.1595810696E+00,    3.1595810696E+00,    0.0000000000E+00,    0.0000000000E+00,    0.0000000000E+00,    3.1595810696E+00
     16850,      0.676914,CP0_start,   1,    0.0000000000E+00,    3.1775958330E+00,    3.1775958330E+00,    0.0000000000E+00,    0.0000000000E+00,    0.0000000000E+00,    3.1775958330E+00
     16850,      0.676914,CP1_after_deposition,   1,    0.0000000000E+00,    3.1775958330E+00,    3.1775958330E+00,    0.0000000000E+00,    0.0000000000E+00,    0.0000000000E+00,    3.1775958330E+00
     16850,      0.676914,CP2_after_erosion,   1,    0.0000000000E+00,    3.1775958330E+00,    3.1775958330E+00,    0.0000000000E+00,    0.0000000000E+00,    0.0000000000E+00,    3.1775958330E+00
     16850,      0.676914,CP3_after_update_bottom,   1,    0.0000000000E+00,    3.1775958330E+00,    3.1775958330E+00,    0.0000000000E+00,    0.0000000000E+00,    0.0000000000E+00,    3.1775958330E+00
     16850,      0.676914,CP4_after_advection,   1,    0.0000000000E+00,    3.1779729769E+00,    3.1779729769E+00,    0.0000000000E+00,    0.0000000000E+00,    0.0000000000E+00,    3.1779729769E+00
     16850,      0.676914,CP5_after_vdif,   1,    0.0000000000E+00,    3.1779729769E+00,    3.1779729769E+00,    0.0000000000E+00,    0.0000000000E+00,    0.0000000000E+00,    3.1779729769E+00
     16850,      0.676914,CP6_after_kinetics,   1,    0.0000000000E+00,    3.1779729769E+00,    3.1779729769E+00,    0.0000000000E+00,    0.0000000000E+00,    0.0000000000E+00,    3.1779729769E+00
     16850,      0.676914,CP7_after_upper_clamp,   1,    0.0000000000E+00,    3.1779729769E+00,    3.1779729769E+00,    0.0000000000E+00,    0.0000000000E+00,    0.0000000000E+00,    3.1779729769E+00
     16850,      0.676914,CP8_after_OBC,   1,    0.0000000000E+00,    3.1779729769E+00,    3.1779729769E+00,    0.0000000000E+00,    0.0000000000E+00,    0.0000000000E+00,    3.1779729769E+00
     16850,      0.676914,CP9_after_PTsource,   1,    0.0000000000E+00,    3.1779729769E+00,    3.1779729769E+00,    0.0000000000E+00,    0.0000000000E+00,    0.0000000000E+00,    3.1779729769E+00
     16850,      0.676914,CP10_after_neg_clamp,   1,    0.0000000000E+00,    3.1779729769E+00,    3.1779729769E+00,    0.0000000000E+00,    0.0000000000E+00,    0.0000000000E+00,    3.1779729769E+00
     16850,      0.676914,CP11_after_MPI,   1,    0.0000000000E+00,    3.1779729769E+00,    3.1779729769E+00,    0.0000000000E+00,    0.0000000000E+00,    0.0000000000E+00,    3.1779729769E+00
     16850,      0.676914,CP12_end,   1,    0.0000000000E+00,    3.1779729769E+00,    3.1779729769E+00,    0.0000000000E+00,    0.0000000000E+00,    0.0000000000E+00,    3.1779729769E+00
     16900,      0.676914,CP0_start,   1,    0.0000000000E+00,    3.1960558036E+00,    3.1960558036E+00,    0.0000000000E+00,    0.0000000000E+00,    0.0000000000E+00,    3.1960558036E+00
     16900,      0.676914,CP1_after_deposition,   1,    0.0000000000E+00,    3.1960558036E+00,    3.1960558036E+00,    0.0000000000E+00,    0.0000000000E+00,    0.0000000000E+00,    3.1960558036E+00
     16900,      0.676914,CP2_after_erosion,   1,    0.0000000000E+00,    3.1960558036E+00,    3.1960558036E+00,    0.0000000000E+00,    0.0000000000E+00,    0.0000000000E+00,    3.1960558036E+00
     16900,      0.676914,CP3_after_update_bottom,   1,    0.0000000000E+00,    3.1960558036E+00,    3.1960558036E+00,    0.0000000000E+00,    0.0000000000E+00,    0.0000000000E+00,    3.1960558036E+00
     16900,      0.676914,CP4_after_advection,   1,    0.0000000000E+00,    3.1964356107E+00,    3.1964356107E+00,    0.0000000000E+00,    0.0000000000E+00,    0.0000000000E+00,    3.1964356107E+00
     16900,      0.676914,CP5_after_vdif,   1,    0.0000000000E+00,    3.1964356107E+00,    3.1964356107E+00,    0.0000000000E+00,    0.0000000000E+00,    0.0000000000E+00,    3.1964356107E+00
     16900,      0.676914,CP6_after_kinetics,   1,    0.0000000000E+00,    3.1964356107E+00,    3.1964356107E+00,    0.0000000000E+00,    0.0000000000E+00,    0.0000000000E+00,    3.1964356107E+00
     16900,      0.676914,CP7_after_upper_clamp,   1,    0.0000000000E+00,    3.1964356107E+00,    3.1964356107E+00,    0.0000000000E+00,    0.0000000000E+00,    0.0000000000E+00,    3.1964356107E+00
     16900,      0.676914,CP8_after_OBC,   1,    0.0000000000E+00,    3.1964356107E+00,    3.1964356107E+00,    0.0000000000E+00,    0.0000000000E+00,    0.0000000000E+00,    3.1964356107E+00
     16900,      0.676914,CP9_after_PTsource,   1,    0.0000000000E+00,    3.1964356107E+00,    3.1964356107E+00,    0.0000000000E+00,    0.0000000000E+00,    0.0000000000E+00,    3.1964356107E+00
     16900,      0.676914,CP10_after_neg_clamp,   1,    0.0000000000E+00,    3.1964356107E+00,    3.1964356107E+00,    0.0000000000E+00,    0.0000000000E+00,    0.0000000000E+00,    3.1964356107E+00
     16900,      0.676914,CP11_after_MPI,   1,    0.0000000000E+00,    3.1964356107E+00,    3.1964356107E+00,    0.0000000000E+00,    0.0000000000E+00,    0.0000000000E+00,    3.1964356107E+00
     16900,      0.676914,CP12_end,   1,    0.0000000000E+00,    3.1964356107E+00,    3.1964356107E+00,    0.0000000000E+00,    0.0000000000E+00,    0.0000000000E+00,    3.1964356107E+00
     16950,      0.676914,CP0_start,   1,    0.0000000000E+00,    3.2145979428E+00,    3.2145979428E+00,    0.0000000000E+00,    0.0000000000E+00,    0.0000000000E+00,    3.2145979428E+00
     16950,      0.676914,CP1_after_deposition,   1,    0.0000000000E+00,    3.2145979428E+00,    3.2145979428E+00,    0.0000000000E+00,    0.0000000000E+00,    0.0000000000E+00,    3.2145979428E+00
     16950,      0.676914,CP2_after_erosion,   1,    0.0000000000E+00,    3.2145979428E+00,    3.2145979428E+00,    0.0000000000E+00,    0.0000000000E+00,    0.0000000000E+00,    3.2145979428E+00
     16950,      0.676914,CP3_after_update_bottom,   1,    0.0000000000E+00,    3.2145979428E+00,    3.2145979428E+00,    0.0000000000E+00,    0.0000000000E+00,    0.0000000000E+00,    3.2145979428E+00
     16950,      0.676914,CP4_after_advection,   1,    0.0000000000E+00,    3.2149794849E+00,    3.2149794849E+00,    0.0000000000E+00,    0.0000000000E+00,    0.0000000000E+00,    3.2149794849E+00
     16950,      0.676914,CP5_after_vdif,   1,    0.0000000000E+00,    3.2149794849E+00,    3.2149794849E+00,    0.0000000000E+00,    0.0000000000E+00,    0.0000000000E+00,    3.2149794849E+00
     16950,      0.676914,CP6_after_kinetics,   1,    0.0000000000E+00,    3.2149794849E+00,    3.2149794849E+00,    0.0000000000E+00,    0.0000000000E+00,    0.0000000000E+00,    3.2149794849E+00
     16950,      0.676914,CP7_after_upper_clamp,   1,    0.0000000000E+00,    3.2149794849E+00,    3.2149794849E+00,    0.0000000000E+00,    0.0000000000E+00,    0.0000000000E+00,    3.2149794849E+00
     16950,      0.676914,CP8_after_OBC,   1,    0.0000000000E+00,    3.2149794849E+00,    3.2149794849E+00,    0.0000000000E+00,    0.0000000000E+00,    0.0000000000E+00,    3.2149794849E+00
     16950,      0.676914,CP9_after_PTsource,   1,    0.0000000000E+00,    3.2149794849E+00,    3.2149794849E+00,    0.0000000000E+00,    0.0000000000E+00,    0.0000000000E+00,    3.2149794849E+00
     16950,      0.676914,CP10_after_neg_clamp,   1,    0.0000000000E+00,    3.2149794849E+00,    3.2149794849E+00,    0.0000000000E+00,    0.0000000000E+00,    0.0000000000E+00,    3.2149794849E+00
     16950,      0.676914,CP11_after_MPI,   1,    0.0000000000E+00,    3.2149794849E+00,    3.2149794849E+00,    0.0000000000E+00,    0.0000000000E+00,    0.0000000000E+00,    3.2149794849E+00
     16950,      0.676914,CP12_end,   1,    0.0000000000E+00,    3.2149794849E+00,    3.2149794849E+00,    0.0000000000E+00,    0.0000000000E+00,    0.0000000000E+00,    3.2149794849E+00
     17000,      0.676914,CP0_start,   1,    0.0000000000E+00,    3.2332310868E+00,    3.2332310868E+00,    0.0000000000E+00,    0.0000000000E+00,    0.0000000000E+00,    3.2332310868E+00
     17000,      0.676914,CP1_after_deposition,   1,    0.0000000000E+00,    3.2332310868E+00,    3.2332310868E+00,    0.0000000000E+00,    0.0000000000E+00,    0.0000000000E+00,    3.2332310868E+00
     17000,      0.676914,CP2_after_erosion,   1,    0.0000000000E+00,    3.2332310868E+00,    3.2332310868E+00,    0.0000000000E+00,    0.0000000000E+00,    0.0000000000E+00,    3.2332310868E+00
     17000,      0.676914,CP3_after_update_bottom,   1,    0.0000000000E+00,    3.2332310868E+00,    3.2332310868E+00,    0.0000000000E+00,    0.0000000000E+00,    0.0000000000E+00,    3.2332310868E+00
     17000,      0.676914,CP4_after_advection,   1,    0.0000000000E+00,    3.2336154726E+00,    3.2336154726E+00,    0.0000000000E+00,    0.0000000000E+00,    0.0000000000E+00,    3.2336154726E+00
     17000,      0.676914,CP5_after_vdif,   1,    0.0000000000E+00,    3.2336154726E+00,    3.2336154726E+00,    0.0000000000E+00,    0.0000000000E+00,    0.0000000000E+00,    3.2336154726E+00
     17000,      0.676914,CP6_after_kinetics,   1,    0.0000000000E+00,    3.2336154726E+00,    3.2336154726E+00,    0.0000000000E+00,    0.0000000000E+00,    0.0000000000E+00,    3.2336154726E+00
     17000,      0.676914,CP7_after_upper_clamp,   1,    0.0000000000E+00,    3.2336154726E+00,    3.2336154726E+00,    0.0000000000E+00,    0.0000000000E+00,    0.0000000000E+00,    3.2336154726E+00
     17000,      0.676914,CP8_after_OBC,   1,    0.0000000000E+00,    3.2336154726E+00,    3.2336154726E+00,    0.0000000000E+00,    0.0000000000E+00,    0.0000000000E+00,    3.2336154726E+00
     17000,      0.676914,CP9_after_PTsource,   1,    0.0000000000E+00,    3.2336154726E+00,    3.2336154726E+00,    0.0000000000E+00,    0.0000000000E+00,    0.0000000000E+00,    3.2336154726E+00
     17000,      0.676914,CP10_after_neg_clamp,   1,    0.0000000000E+00,    3.2336154726E+00,    3.2336154726E+00,    0.0000000000E+00,    0.0000000000E+00,    0.0000000000E+00,    3.2336154726E+00
     17000,      0.676914,CP11_after_MPI,   1,    0.0000000000E+00,    3.2336154726E+00,    3.2336154726E+00,    0.0000000000E+00,    0.0000000000E+00,    0.0000000000E+00,    3.2336154726E+00
     17000,      0.676914,CP12_end,   1,    0.0000000000E+00,    3.2336154726E+00,    3.2336154726E+00,    0.0000000000E+00,    0.0000000000E+00,    0.0000000000E+00,    3.2336154726E+00
     17050,      0.676914,CP0_start,   1,    0.0000000000E+00,    3.2519685987E+00,    3.2519685987E+00,    0.0000000000E+00,    0.0000000000E+00,    0.0000000000E+00,    3.2519685987E+00
     17050,      0.676914,CP1_after_deposition,   1,    0.0000000000E+00,    3.2519685987E+00,    3.2519685987E+00,    0.0000000000E+00,    0.0000000000E+00,    0.0000000000E+00,    3.2519685987E+00
     17050,      0.676914,CP2_after_erosion,   1,    0.0000000000E+00,    3.2519685987E+00,    3.2519685987E+00,    0.0000000000E+00,    0.0000000000E+00,    0.0000000000E+00,    3.2519685987E+00
     17050,      0.676914,CP3_after_update_bottom,   1,    0.0000000000E+00,    3.2519685987E+00,    3.2519685987E+00,    0.0000000000E+00,    0.0000000000E+00,    0.0000000000E+00,    3.2519685987E+00
     17050,      0.676914,CP4_after_advection,   1,    0.0000000000E+00,    3.2523552626E+00,    3.2523552626E+00,    0.0000000000E+00,    0.0000000000E+00,    0.0000000000E+00,    3.2523552626E+00
     17050,      0.676914,CP5_after_vdif,   1,    0.0000000000E+00,    3.2523552626E+00,    3.2523552626E+00,    0.0000000000E+00,    0.0000000000E+00,    0.0000000000E+00,    3.2523552626E+00
     17050,      0.676914,CP6_after_kinetics,   1,    0.0000000000E+00,    3.2523552626E+00,    3.2523552626E+00,    0.0000000000E+00,    0.0000000000E+00,    0.0000000000E+00,    3.2523552626E+00
     17050,      0.676914,CP7_after_upper_clamp,   1,    0.0000000000E+00,    3.2523552626E+00,    3.2523552626E+00,    0.0000000000E+00,    0.0000000000E+00,    0.0000000000E+00,    3.2523552626E+00
     17050,      0.676914,CP8_after_OBC,   1,    0.0000000000E+00,    3.2523552626E+00,    3.2523552626E+00,    0.0000000000E+00,    0.0000000000E+00,    0.0000000000E+00,    3.2523552626E+00
     17050,      0.676914,CP9_after_PTsource,   1,    0.0000000000E+00,    3.2523552626E+00,    3.2523552626E+00,    0.0000000000E+00,    0.0000000000E+00,    0.0000000000E+00,    3.2523552626E+00
     17050,      0.676914,CP10_after_neg_clamp,   1,    0.0000000000E+00,    3.2523552626E+00,    3.2523552626E+00,    0.0000000000E+00,    0.0000000000E+00,    0.0000000000E+00,    3.2523552626E+00
     17050,      0.676914,CP11_after_MPI,   1,    0.0000000000E+00,    3.2523552626E+00,    3.2523552626E+00,    0.0000000000E+00,    0.0000000000E+00,    0.0000000000E+00,    3.2523552626E+00
     17050,      0.676914,CP12_end,   1,    0.0000000000E+00,    3.2523552626E+00,    3.2523552626E+00,    0.0000000000E+00,    0.0000000000E+00,    0.0000000000E+00,    3.2523552626E+00
     17100,      0.676914,CP0_start,   1,    0.0000000000E+00,    3.2708228926E+00,    3.2708228926E+00,    0.0000000000E+00,    0.0000000000E+00,    0.0000000000E+00,    3.2708228926E+00
     17100,      0.676914,CP1_after_deposition,   1,    0.0000000000E+00,    3.2708228926E+00,    3.2708228926E+00,    0.0000000000E+00,    0.0000000000E+00,    0.0000000000E+00,    3.2708228926E+00
     17100,      0.676914,CP2_after_erosion,   1,    0.0000000000E+00,    3.2708228926E+00,    3.2708228926E+00,    0.0000000000E+00,    0.0000000000E+00,    0.0000000000E+00,    3.2708228926E+00
     17100,      0.676914,CP3_after_update_bottom,   1,    0.0000000000E+00,    3.2708228926E+00,    3.2708228926E+00,    0.0000000000E+00,    0.0000000000E+00,    0.0000000000E+00,    3.2708228926E+00
     17100,      0.676914,CP4_after_advection,   1,    0.0000000000E+00,    3.2712129565E+00,    3.2712129565E+00,    0.0000000000E+00,    0.0000000000E+00,    0.0000000000E+00,    3.2712129565E+00
     17100,      0.676914,CP5_after_vdif,   1,    0.0000000000E+00,    3.2712129565E+00,    3.2712129565E+00,    0.0000000000E+00,    0.0000000000E+00,    0.0000000000E+00,    3.2712129565E+00
     17100,      0.676914,CP6_after_kinetics,   1,    0.0000000000E+00,    3.2712129565E+00,    3.2712129565E+00,    0.0000000000E+00,    0.0000000000E+00,    0.0000000000E+00,    3.2712129565E+00
     17100,      0.676914,CP7_after_upper_clamp,   1,    0.0000000000E+00,    3.2712129565E+00,    3.2712129565E+00,    0.0000000000E+00,    0.0000000000E+00,    0.0000000000E+00,    3.2712129565E+00
     17100,      0.676914,CP8_after_OBC,   1,    0.0000000000E+00,    3.2712129565E+00,    3.2712129565E+00,    0.0000000000E+00,    0.0000000000E+00,    0.0000000000E+00,    3.2712129565E+00
     17100,      0.676914,CP9_after_PTsource,   1,    0.0000000000E+00,    3.2712129565E+00,    3.2712129565E+00,    0.0000000000E+00,    0.0000000000E+00,    0.0000000000E+00,    3.2712129565E+00
     17100,      0.676914,CP10_after_neg_clamp,   1,    0.0000000000E+00,    3.2712129565E+00,    3.2712129565E+00,    0.0000000000E+00,    0.0000000000E+00,    0.0000000000E+00,    3.2712129565E+00
     17100,      0.676914,CP11_after_MPI,   1,    0.0000000000E+00,    3.2712129565E+00,    3.2712129565E+00,    0.0000000000E+00,    0.0000000000E+00,    0.0000000000E+00,    3.2712129565E+00
     17100,      0.676914,CP12_end,   1,    0.0000000000E+00,    3.2712129565E+00,    3.2712129565E+00,    0.0000000000E+00,    0.0000000000E+00,    0.0000000000E+00,    3.2712129565E+00
     17150,      0.676914,CP0_start,   1,    0.0000000000E+00,    3.2896932314E+00,    3.2896932314E+00,    0.0000000000E+00,    0.0000000000E+00,    0.0000000000E+00,    3.2896932314E+00
     17150,      0.676914,CP1_after_deposition,   1,    0.0000000000E+00,    3.2896932314E+00,    3.2896932314E+00,    0.0000000000E+00,    0.0000000000E+00,    0.0000000000E+00,    3.2896932314E+00
     17150,      0.676914,CP2_after_erosion,   1,    0.0000000000E+00,    3.2896932314E+00,    3.2896932314E+00,    0.0000000000E+00,    0.0000000000E+00,    0.0000000000E+00,    3.2896932314E+00
     17150,      0.676914,CP3_after_update_bottom,   1,    0.0000000000E+00,    3.2896932314E+00,    3.2896932314E+00,    0.0000000000E+00,    0.0000000000E+00,    0.0000000000E+00,    3.2896932314E+00
     17150,      0.676914,CP4_after_advection,   1,    0.0000000000E+00,    3.2900846152E+00,    3.2900846152E+00,    0.0000000000E+00,    0.0000000000E+00,    0.0000000000E+00,    3.2900846152E+00
     17150,      0.676914,CP5_after_vdif,   1,    0.0000000000E+00,    3.2900846152E+00,    3.2900846152E+00,    0.0000000000E+00,    0.0000000000E+00,    0.0000000000E+00,    3.2900846152E+00
     17150,      0.676914,CP6_after_kinetics,   1,    0.0000000000E+00,    3.2900846152E+00,    3.2900846152E+00,    0.0000000000E+00,    0.0000000000E+00,    0.0000000000E+00,    3.2900846152E+00
     17150,      0.676914,CP7_after_upper_clamp,   1,    0.0000000000E+00,    3.2900846152E+00,    3.2900846152E+00,    0.0000000000E+00,    0.0000000000E+00,    0.0000000000E+00,    3.2900846152E+00
     17150,      0.676914,CP8_after_OBC,   1,    0.0000000000E+00,    3.2900846152E+00,    3.2900846152E+00,    0.0000000000E+00,    0.0000000000E+00,    0.0000000000E+00,    3.2900846152E+00
     17150,      0.676914,CP9_after_PTsource,   1,    0.0000000000E+00,    3.2900846152E+00,    3.2900846152E+00,    0.0000000000E+00,    0.0000000000E+00,    0.0000000000E+00,    3.2900846152E+00
     17150,      0.676914,CP10_after_neg_clamp,   1,    0.0000000000E+00,    3.2900846152E+00,    3.2900846152E+00,    0.0000000000E+00,    0.0000000000E+00,    0.0000000000E+00,    3.2900846152E+00
     17150,      0.676914,CP11_after_MPI,   1,    0.0000000000E+00,    3.2900846152E+00,    3.2900846152E+00,    0.0000000000E+00,    0.0000000000E+00,    0.0000000000E+00,    3.2900846152E+00
     17150,      0.676914,CP12_end,   1,    0.0000000000E+00,    3.2900846152E+00,    3.2900846152E+00,    0.0000000000E+00,    0.0000000000E+00,    0.0000000000E+00,    3.2900846152E+00
     17200,      0.676914,CP0_start,   1,    0.0000000000E+00,    3.3086981206E+00,    3.3086981206E+00,    0.0000000000E+00,    0.0000000000E+00,    0.0000000000E+00,    3.3086981206E+00
     17200,      0.676914,CP1_after_deposition,   1,    0.0000000000E+00,    3.3086981206E+00,    3.3086981206E+00,    0.0000000000E+00,    0.0000000000E+00,    0.0000000000E+00,    3.3086981206E+00
     17200,      0.676914,CP2_after_erosion,   1,    0.0000000000E+00,    3.3086981206E+00,    3.3086981206E+00,    0.0000000000E+00,    0.0000000000E+00,    0.0000000000E+00,    3.3086981206E+00
     17200,      0.676914,CP3_after_update_bottom,   1,    0.0000000000E+00,    3.3086981206E+00,    3.3086981206E+00,    0.0000000000E+00,    0.0000000000E+00,    0.0000000000E+00,    3.3086981206E+00
     17200,      0.676914,CP4_after_advection,   1,    0.0000000000E+00,    3.3090923293E+00,    3.3090923293E+00,    0.0000000000E+00,    0.0000000000E+00,    0.0000000000E+00,    3.3090923293E+00
     17200,      0.676914,CP5_after_vdif,   1,    0.0000000000E+00,    3.3090923293E+00,    3.3090923293E+00,    0.0000000000E+00,    0.0000000000E+00,    0.0000000000E+00,    3.3090923293E+00
     17200,      0.676914,CP6_after_kinetics,   1,    0.0000000000E+00,    3.3090923293E+00,    3.3090923293E+00,    0.0000000000E+00,    0.0000000000E+00,    0.0000000000E+00,    3.3090923293E+00
     17200,      0.676914,CP7_after_upper_clamp,   1,    0.0000000000E+00,    3.3090923293E+00,    3.3090923293E+00,    0.0000000000E+00,    0.0000000000E+00,    0.0000000000E+00,    3.3090923293E+00
     17200,      0.676914,CP8_after_OBC,   1,    0.0000000000E+00,    3.3090923293E+00,    3.3090923293E+00,    0.0000000000E+00,    0.0000000000E+00,    0.0000000000E+00,    3.3090923293E+00
     17200,      0.676914,CP9_after_PTsource,   1,    0.0000000000E+00,    3.3090923293E+00,    3.3090923293E+00,    0.0000000000E+00,    0.0000000000E+00,    0.0000000000E+00,    3.3090923293E+00
     17200,      0.676914,CP10_after_neg_clamp,   1,    0.0000000000E+00,    3.3090923293E+00,    3.3090923293E+00,    0.0000000000E+00,    0.0000000000E+00,    0.0000000000E+00,    3.3090923293E+00
     17200,      0.676914,CP11_after_MPI,   1,    0.0000000000E+00,    3.3090923293E+00,    3.3090923293E+00,    0.0000000000E+00,    0.0000000000E+00,    0.0000000000E+00,    3.3090923293E+00
     17200,      0.676914,CP12_end,   1,    0.0000000000E+00,    3.3090923293E+00,    3.3090923293E+00,    0.0000000000E+00,    0.0000000000E+00,    0.0000000000E+00,    3.3090923293E+00
     17250,      0.676914,CP0_start,   1,    0.0000000000E+00,    3.3278510343E+00,    3.3278510343E+00,    0.0000000000E+00,    0.0000000000E+00,    0.0000000000E+00,    3.3278510343E+00
     17250,      0.676914,CP1_after_deposition,   1,    0.0000000000E+00,    3.3278510343E+00,    3.3278510343E+00,    0.0000000000E+00,    0.0000000000E+00,    0.0000000000E+00,    3.3278510343E+00
     17250,      0.676914,CP2_after_erosion,   1,    0.0000000000E+00,    3.3278510343E+00,    3.3278510343E+00,    0.0000000000E+00,    0.0000000000E+00,    0.0000000000E+00,    3.3278510343E+00
     17250,      0.676914,CP3_after_update_bottom,   1,    0.0000000000E+00,    3.3278510343E+00,    3.3278510343E+00,    0.0000000000E+00,    0.0000000000E+00,    0.0000000000E+00,    3.3278510343E+00
     17250,      0.676914,CP4_after_advection,   1,    0.0000000000E+00,    3.3282498519E+00,    3.3282498519E+00,    0.0000000000E+00,    0.0000000000E+00,    0.0000000000E+00,    3.3282498519E+00
     17250,      0.676914,CP5_after_vdif,   1,    0.0000000000E+00,    3.3282498519E+00,    3.3282498519E+00,    0.0000000000E+00,    0.0000000000E+00,    0.0000000000E+00,    3.3282498519E+00
     17250,      0.676914,CP6_after_kinetics,   1,    0.0000000000E+00,    3.3282498519E+00,    3.3282498519E+00,    0.0000000000E+00,    0.0000000000E+00,    0.0000000000E+00,    3.3282498519E+00
     17250,      0.676914,CP7_after_upper_clamp,   1,    0.0000000000E+00,    3.3282498519E+00,    3.3282498519E+00,    0.0000000000E+00,    0.0000000000E+00,    0.0000000000E+00,    3.3282498519E+00
     17250,      0.676914,CP8_after_OBC,   1,    0.0000000000E+00,    3.3282498519E+00,    3.3282498519E+00,    0.0000000000E+00,    0.0000000000E+00,    0.0000000000E+00,    3.3282498519E+00
     17250,      0.676914,CP9_after_PTsource,   1,    0.0000000000E+00,    3.3282498519E+00,    3.3282498519E+00,    0.0000000000E+00,    0.0000000000E+00,    0.0000000000E+00,    3.3282498519E+00
     17250,      0.676914,CP10_after_neg_clamp,   1,    0.0000000000E+00,    3.3282498519E+00,    3.3282498519E+00,    0.0000000000E+00,    0.0000000000E+00,    0.0000000000E+00,    3.3282498519E+00
     17250,      0.676914,CP11_after_MPI,   1,    0.0000000000E+00,    3.3282498519E+00,    3.3282498519E+00,    0.0000000000E+00,    0.0000000000E+00,    0.0000000000E+00,    3.3282498519E+00
     17250,      0.676914,CP12_end,   1,    0.0000000000E+00,    3.3282498519E+00,    3.3282498519E+00,    0.0000000000E+00,    0.0000000000E+00,    0.0000000000E+00,    3.3282498519E+00
     17300,      0.676914,CP0_start,   1,    0.0000000000E+00,    3.3471629255E+00,    3.3471629255E+00,    0.0000000000E+00,    0.0000000000E+00,    0.0000000000E+00,    3.3471629255E+00
     17300,      0.676914,CP1_after_deposition,   1,    0.0000000000E+00,    3.3471629255E+00,    3.3471629255E+00,    0.0000000000E+00,    0.0000000000E+00,    0.0000000000E+00,    3.3471629255E+00
     17300,      0.676914,CP2_after_erosion,   1,    0.0000000000E+00,    3.3471629255E+00,    3.3471629255E+00,    0.0000000000E+00,    0.0000000000E+00,    0.0000000000E+00,    3.3471629255E+00
     17300,      0.676914,CP3_after_update_bottom,   1,    0.0000000000E+00,    3.3471629255E+00,    3.3471629255E+00,    0.0000000000E+00,    0.0000000000E+00,    0.0000000000E+00,    3.3471629255E+00
     17300,      0.676914,CP4_after_advection,   1,    0.0000000000E+00,    3.3475658576E+00,    3.3475658576E+00,    0.0000000000E+00,    0.0000000000E+00,    0.0000000000E+00,    3.3475658576E+00
     17300,      0.676914,CP5_after_vdif,   1,    0.0000000000E+00,    3.3475658576E+00,    3.3475658576E+00,    0.0000000000E+00,    0.0000000000E+00,    0.0000000000E+00,    3.3475658576E+00
     17300,      0.676914,CP6_after_kinetics,   1,    0.0000000000E+00,    3.3475658576E+00,    3.3475658576E+00,    0.0000000000E+00,    0.0000000000E+00,    0.0000000000E+00,    3.3475658576E+00
     17300,      0.676914,CP7_after_upper_clamp,   1,    0.0000000000E+00,    3.3475658576E+00,    3.3475658576E+00,    0.0000000000E+00,    0.0000000000E+00,    0.0000000000E+00,    3.3475658576E+00
     17300,      0.676914,CP8_after_OBC,   1,    0.0000000000E+00,    3.3475658576E+00,    3.3475658576E+00,    0.0000000000E+00,    0.0000000000E+00,    0.0000000000E+00,    3.3475658576E+00
     17300,      0.676914,CP9_after_PTsource,   1,    0.0000000000E+00,    3.3475658576E+00,    3.3475658576E+00,    0.0000000000E+00,    0.0000000000E+00,    0.0000000000E+00,    3.3475658576E+00
     17300,      0.676914,CP10_after_neg_clamp,   1,    0.0000000000E+00,    3.3475658576E+00,    3.3475658576E+00,    0.0000000000E+00,    0.0000000000E+00,    0.0000000000E+00,    3.3475658576E+00
     17300,      0.676914,CP11_after_MPI,   1,    0.0000000000E+00,    3.3475658576E+00,    3.3475658576E+00,    0.0000000000E+00,    0.0000000000E+00,    0.0000000000E+00,    3.3475658576E+00
     17300,      0.676914,CP12_end,   1,    0.0000000000E+00,    3.3475658576E+00,    3.3475658576E+00,    0.0000000000E+00,    0.0000000000E+00,    0.0000000000E+00,    3.3475658576E+00
     17350,      0.676914,CP0_start,   1,    0.0000000000E+00,    3.3666378640E+00,    3.3666378640E+00,    0.0000000000E+00,    0.0000000000E+00,    0.0000000000E+00,    3.3666378640E+00
     17350,      0.676914,CP1_after_deposition,   1,    0.0000000000E+00,    3.3666378640E+00,    3.3666378640E+00,    0.0000000000E+00,    0.0000000000E+00,    0.0000000000E+00,    3.3666378640E+00
     17350,      0.676914,CP2_after_erosion,   1,    0.0000000000E+00,    3.3666378640E+00,    3.3666378640E+00,    0.0000000000E+00,    0.0000000000E+00,    0.0000000000E+00,    3.3666378640E+00
     17350,      0.676914,CP3_after_update_bottom,   1,    0.0000000000E+00,    3.3666378640E+00,    3.3666378640E+00,    0.0000000000E+00,    0.0000000000E+00,    0.0000000000E+00,    3.3666378640E+00
     17350,      0.676914,CP4_after_advection,   1,    0.0000000000E+00,    3.3670457207E+00,    3.3670457207E+00,    0.0000000000E+00,    0.0000000000E+00,    0.0000000000E+00,    3.3670457207E+00
     17350,      0.676914,CP5_after_vdif,   1,    0.0000000000E+00,    3.3670457207E+00,    3.3670457207E+00,    0.0000000000E+00,    0.0000000000E+00,    0.0000000000E+00,    3.3670457207E+00
     17350,      0.676914,CP6_after_kinetics,   1,    0.0000000000E+00,    3.3670457207E+00,    3.3670457207E+00,    0.0000000000E+00,    0.0000000000E+00,    0.0000000000E+00,    3.3670457207E+00
     17350,      0.676914,CP7_after_upper_clamp,   1,    0.0000000000E+00,    3.3670457207E+00,    3.3670457207E+00,    0.0000000000E+00,    0.0000000000E+00,    0.0000000000E+00,    3.3670457207E+00
     17350,      0.676914,CP8_after_OBC,   1,    0.0000000000E+00,    3.3670457207E+00,    3.3670457207E+00,    0.0000000000E+00,    0.0000000000E+00,    0.0000000000E+00,    3.3670457207E+00
     17350,      0.676914,CP9_after_PTsource,   1,    0.0000000000E+00,    3.3670457207E+00,    3.3670457207E+00,    0.0000000000E+00,    0.0000000000E+00,    0.0000000000E+00,    3.3670457207E+00
     17350,      0.676914,CP10_after_neg_clamp,   1,    0.0000000000E+00,    3.3670457207E+00,    3.3670457207E+00,    0.0000000000E+00,    0.0000000000E+00,    0.0000000000E+00,    3.3670457207E+00
     17350,      0.676914,CP11_after_MPI,   1,    0.0000000000E+00,    3.3670457207E+00,    3.3670457207E+00,    0.0000000000E+00,    0.0000000000E+00,    0.0000000000E+00,    3.3670457207E+00
     17350,      0.676914,CP12_end,   1,    0.0000000000E+00,    3.3670457207E+00,    3.3670457207E+00,    0.0000000000E+00,    0.0000000000E+00,    0.0000000000E+00,    3.3670457207E+00
     17400,      0.676914,CP0_start,   1,    0.0000000000E+00,    3.3862797076E+00,    3.3862797076E+00,    0.0000000000E+00,    0.0000000000E+00,    0.0000000000E+00,    3.3862797076E+00
     17400,      0.676914,CP1_after_deposition,   1,    0.0000000000E+00,    3.3862797076E+00,    3.3862797076E+00,    0.0000000000E+00,    0.0000000000E+00,    0.0000000000E+00,    3.3862797076E+00
     17400,      0.676914,CP2_after_erosion,   1,    0.0000000000E+00,    3.3862797076E+00,    3.3862797076E+00,    0.0000000000E+00,    0.0000000000E+00,    0.0000000000E+00,    3.3862797076E+00
     17400,      0.676914,CP3_after_update_bottom,   1,    0.0000000000E+00,    3.3862797076E+00,    3.3862797076E+00,    0.0000000000E+00,    0.0000000000E+00,    0.0000000000E+00,    3.3862797076E+00
     17400,      0.676914,CP4_after_advection,   1,    0.0000000000E+00,    3.3866900755E+00,    3.3866900755E+00,    0.0000000000E+00,    0.0000000000E+00,    0.0000000000E+00,    3.3866900755E+00
     17400,      0.676914,CP5_after_vdif,   1,    0.0000000000E+00,    3.3866900755E+00,    3.3866900755E+00,    0.0000000000E+00,    0.0000000000E+00,    0.0000000000E+00,    3.3866900755E+00
     17400,      0.676914,CP6_after_kinetics,   1,    0.0000000000E+00,    3.3866900755E+00,    3.3866900755E+00,    0.0000000000E+00,    0.0000000000E+00,    0.0000000000E+00,    3.3866900755E+00
     17400,      0.676914,CP7_after_upper_clamp,   1,    0.0000000000E+00,    3.3866900755E+00,    3.3866900755E+00,    0.0000000000E+00,    0.0000000000E+00,    0.0000000000E+00,    3.3866900755E+00
     17400,      0.676914,CP8_after_OBC,   1,    0.0000000000E+00,    3.3866900755E+00,    3.3866900755E+00,    0.0000000000E+00,    0.0000000000E+00,    0.0000000000E+00,    3.3866900755E+00
     17400,      0.676914,CP9_after_PTsource,   1,    0.0000000000E+00,    3.3866900755E+00,    3.3866900755E+00,    0.0000000000E+00,    0.0000000000E+00,    0.0000000000E+00,    3.3866900755E+00
     17400,      0.676914,CP10_after_neg_clamp,   1,    0.0000000000E+00,    3.3866900755E+00,    3.3866900755E+00,    0.0000000000E+00,    0.0000000000E+00,    0.0000000000E+00,    3.3866900755E+00
     17400,      0.676914,CP11_after_MPI,   1,    0.0000000000E+00,    3.3866900755E+00,    3.3866900755E+00,    0.0000000000E+00,    0.0000000000E+00,    0.0000000000E+00,    3.3866900755E+00
     17400,      0.676914,CP12_end,   1,    0.0000000000E+00,    3.3866900755E+00,    3.3866900755E+00,    0.0000000000E+00,    0.0000000000E+00,    0.0000000000E+00,    3.3866900755E+00
     17450,      0.676914,CP0_start,   1,    0.0000000000E+00,    3.4060809678E+00,    3.4060809678E+00,    0.0000000000E+00,    0.0000000000E+00,    0.0000000000E+00,    3.4060809678E+00
     17450,      0.676914,CP1_after_deposition,   1,    0.0000000000E+00,    3.4060809678E+00,    3.4060809678E+00,    0.0000000000E+00,    0.0000000000E+00,    0.0000000000E+00,    3.4060809678E+00
     17450,      0.676914,CP2_after_erosion,   1,    0.0000000000E+00,    3.4060809678E+00,    3.4060809678E+00,    0.0000000000E+00,    0.0000000000E+00,    0.0000000000E+00,    3.4060809678E+00
     17450,      0.676914,CP3_after_update_bottom,   1,    0.0000000000E+00,    3.4060809678E+00,    3.4060809678E+00,    0.0000000000E+00,    0.0000000000E+00,    0.0000000000E+00,    3.4060809678E+00
     17450,      0.676914,CP4_after_advection,   1,    0.0000000000E+00,    3.4064958173E+00,    3.4064958173E+00,    0.0000000000E+00,    0.0000000000E+00,    0.0000000000E+00,    3.4064958173E+00
     17450,      0.676914,CP5_after_vdif,   1,    0.0000000000E+00,    3.4064958173E+00,    3.4064958173E+00,    0.0000000000E+00,    0.0000000000E+00,    0.0000000000E+00,    3.4064958173E+00
     17450,      0.676914,CP6_after_kinetics,   1,    0.0000000000E+00,    3.4064958173E+00,    3.4064958173E+00,    0.0000000000E+00,    0.0000000000E+00,    0.0000000000E+00,    3.4064958173E+00
     17450,      0.676914,CP7_after_upper_clamp,   1,    0.0000000000E+00,    3.4064958173E+00,    3.4064958173E+00,    0.0000000000E+00,    0.0000000000E+00,    0.0000000000E+00,    3.4064958173E+00
     17450,      0.676914,CP8_after_OBC,   1,    0.0000000000E+00,    3.4064958173E+00,    3.4064958173E+00,    0.0000000000E+00,    0.0000000000E+00,    0.0000000000E+00,    3.4064958173E+00
     17450,      0.676914,CP9_after_PTsource,   1,    0.0000000000E+00,    3.4064958173E+00,    3.4064958173E+00,    0.0000000000E+00,    0.0000000000E+00,    0.0000000000E+00,    3.4064958173E+00
     17450,      0.676914,CP10_after_neg_clamp,   1,    0.0000000000E+00,    3.4064958173E+00,    3.4064958173E+00,    0.0000000000E+00,    0.0000000000E+00,    0.0000000000E+00,    3.4064958173E+00
     17450,      0.676914,CP11_after_MPI,   1,    0.0000000000E+00,    3.4064958173E+00,    3.4064958173E+00,    0.0000000000E+00,    0.0000000000E+00,    0.0000000000E+00,    3.4064958173E+00
     17450,      0.676914,CP12_end,   1,    0.0000000000E+00,    3.4064958173E+00,    3.4064958173E+00,    0.0000000000E+00,    0.0000000000E+00,    0.0000000000E+00,    3.4064958173E+00
     17500,      0.676914,CP0_start,   1,    0.0000000000E+00,    3.4260369720E+00,    3.4260369720E+00,    0.0000000000E+00,    0.0000000000E+00,    0.0000000000E+00,    3.4260369720E+00
     17500,      0.676914,CP1_after_deposition,   1,    0.0000000000E+00,    3.4260369720E+00,    3.4260369720E+00,    0.0000000000E+00,    0.0000000000E+00,    0.0000000000E+00,    3.4260369720E+00
     17500,      0.676914,CP2_after_erosion,   1,    0.0000000000E+00,    3.4260369720E+00,    3.4260369720E+00,    0.0000000000E+00,    0.0000000000E+00,    0.0000000000E+00,    3.4260369720E+00
     17500,      0.676914,CP3_after_update_bottom,   1,    0.0000000000E+00,    3.4260369720E+00,    3.4260369720E+00,    0.0000000000E+00,    0.0000000000E+00,    0.0000000000E+00,    3.4260369720E+00
     17500,      0.676914,CP4_after_advection,   1,    0.0000000000E+00,    3.4264548615E+00,    3.4264548615E+00,    0.0000000000E+00,    0.0000000000E+00,    0.0000000000E+00,    3.4264548615E+00
     17500,      0.676914,CP5_after_vdif,   1,    0.0000000000E+00,    3.4264548615E+00,    3.4264548615E+00,    0.0000000000E+00,    0.0000000000E+00,    0.0000000000E+00,    3.4264548615E+00
     17500,      0.676914,CP6_after_kinetics,   1,    0.0000000000E+00,    3.4264548615E+00,    3.4264548615E+00,    0.0000000000E+00,    0.0000000000E+00,    0.0000000000E+00,    3.4264548615E+00
     17500,      0.676914,CP7_after_upper_clamp,   1,    0.0000000000E+00,    3.4264548615E+00,    3.4264548615E+00,    0.0000000000E+00,    0.0000000000E+00,    0.0000000000E+00,    3.4264548615E+00
     17500,      0.676914,CP8_after_OBC,   1,    0.0000000000E+00,    3.4264548615E+00,    3.4264548615E+00,    0.0000000000E+00,    0.0000000000E+00,    0.0000000000E+00,    3.4264548615E+00
     17500,      0.676914,CP9_after_PTsource,   1,    0.0000000000E+00,    3.4264548615E+00,    3.4264548615E+00,    0.0000000000E+00,    0.0000000000E+00,    0.0000000000E+00,    3.4264548615E+00
     17500,      0.676914,CP10_after_neg_clamp,   1,    0.0000000000E+00,    3.4264548615E+00,    3.4264548615E+00,    0.0000000000E+00,    0.0000000000E+00,    0.0000000000E+00,    3.4264548615E+00
     17500,      0.676914,CP11_after_MPI,   1,    0.0000000000E+00,    3.4264548615E+00,    3.4264548615E+00,    0.0000000000E+00,    0.0000000000E+00,    0.0000000000E+00,    3.4264548615E+00
     17500,      0.676914,CP12_end,   1,    0.0000000000E+00,    3.4264548615E+00,    3.4264548615E+00,    0.0000000000E+00,    0.0000000000E+00,    0.0000000000E+00,    3.4264548615E+00
     17550,      0.676914,CP0_start,   1,    0.0000000000E+00,    3.4461339549E+00,    3.4461339549E+00,    0.0000000000E+00,    0.0000000000E+00,    0.0000000000E+00,    3.4461339549E+00
     17550,      0.676914,CP1_after_deposition,   1,    0.0000000000E+00,    3.4461339549E+00,    3.4461339549E+00,    0.0000000000E+00,    0.0000000000E+00,    0.0000000000E+00,    3.4461339549E+00
     17550,      0.676914,CP2_after_erosion,   1,    0.0000000000E+00,    3.4461339549E+00,    3.4461339549E+00,    0.0000000000E+00,    0.0000000000E+00,    0.0000000000E+00,    3.4461339549E+00
     17550,      0.676914,CP3_after_update_bottom,   1,    0.0000000000E+00,    3.4461339549E+00,    3.4461339549E+00,    0.0000000000E+00,    0.0000000000E+00,    0.0000000000E+00,    3.4461339549E+00
     17550,      0.676914,CP4_after_advection,   1,    0.0000000000E+00,    3.4465544142E+00,    3.4465544142E+00,    0.0000000000E+00,    0.0000000000E+00,    0.0000000000E+00,    3.4465544142E+00
     17550,      0.676914,CP5_after_vdif,   1,    0.0000000000E+00,    3.4465544142E+00,    3.4465544142E+00,    0.0000000000E+00,    0.0000000000E+00,    0.0000000000E+00,    3.4465544142E+00
     17550,      0.676914,CP6_after_kinetics,   1,    0.0000000000E+00,    3.4465544142E+00,    3.4465544142E+00,    0.0000000000E+00,    0.0000000000E+00,    0.0000000000E+00,    3.4465544142E+00
     17550,      0.676914,CP7_after_upper_clamp,   1,    0.0000000000E+00,    3.4465544142E+00,    3.4465544142E+00,    0.0000000000E+00,    0.0000000000E+00,    0.0000000000E+00,    3.4465544142E+00
     17550,      0.676914,CP8_after_OBC,   1,    0.0000000000E+00,    3.4465544142E+00,    3.4465544142E+00,    0.0000000000E+00,    0.0000000000E+00,    0.0000000000E+00,    3.4465544142E+00
     17550,      0.676914,CP9_after_PTsource,   1,    0.0000000000E+00,    3.4465544142E+00,    3.4465544142E+00,    0.0000000000E+00,    0.0000000000E+00,    0.0000000000E+00,    3.4465544142E+00
     17550,      0.676914,CP10_after_neg_clamp,   1,    0.0000000000E+00,    3.4465544142E+00,    3.4465544142E+00,    0.0000000000E+00,    0.0000000000E+00,    0.0000000000E+00,    3.4465544142E+00
     17550,      0.676914,CP11_after_MPI,   1,    0.0000000000E+00,    3.4465544142E+00,    3.4465544142E+00,    0.0000000000E+00,    0.0000000000E+00,    0.0000000000E+00,    3.4465544142E+00
     17550,      0.676914,CP12_end,   1,    0.0000000000E+00,    3.4465544142E+00,    3.4465544142E+00,    0.0000000000E+00,    0.0000000000E+00,    0.0000000000E+00,    3.4465544142E+00
     17600,      0.676914,CP0_start,   1,    0.0000000000E+00,    3.4663608632E+00,    3.4663608632E+00,    0.0000000000E+00,    0.0000000000E+00,    0.0000000000E+00,    3.4663608632E+00
     17600,      0.676914,CP1_after_deposition,   1,    0.0000000000E+00,    3.4663608632E+00,    3.4663608632E+00,    0.0000000000E+00,    0.0000000000E+00,    0.0000000000E+00,    3.4663608632E+00
     17600,      0.676914,CP2_after_erosion,   1,    0.0000000000E+00,    3.4663608632E+00,    3.4663608632E+00,    0.0000000000E+00,    0.0000000000E+00,    0.0000000000E+00,    3.4663608632E+00
     17600,      0.676914,CP3_after_update_bottom,   1,    0.0000000000E+00,    3.4663608632E+00,    3.4663608632E+00,    0.0000000000E+00,    0.0000000000E+00,    0.0000000000E+00,    3.4663608632E+00
     17600,      0.676914,CP4_after_advection,   1,    0.0000000000E+00,    3.4667846019E+00,    3.4667846019E+00,    0.0000000000E+00,    0.0000000000E+00,    0.0000000000E+00,    3.4667846019E+00
     17600,      0.676914,CP5_after_vdif,   1,    0.0000000000E+00,    3.4667846019E+00,    3.4667846019E+00,    0.0000000000E+00,    0.0000000000E+00,    0.0000000000E+00,    3.4667846019E+00
     17600,      0.676914,CP6_after_kinetics,   1,    0.0000000000E+00,    3.4667846019E+00,    3.4667846019E+00,    0.0000000000E+00,    0.0000000000E+00,    0.0000000000E+00,    3.4667846019E+00
     17600,      0.676914,CP7_after_upper_clamp,   1,    0.0000000000E+00,    3.4667846019E+00,    3.4667846019E+00,    0.0000000000E+00,    0.0000000000E+00,    0.0000000000E+00,    3.4667846019E+00
     17600,      0.676914,CP8_after_OBC,   1,    0.0000000000E+00,    3.4667846019E+00,    3.4667846019E+00,    0.0000000000E+00,    0.0000000000E+00,    0.0000000000E+00,    3.4667846019E+00
     17600,      0.676914,CP9_after_PTsource,   1,    0.0000000000E+00,    3.4667846019E+00,    3.4667846019E+00,    0.0000000000E+00,    0.0000000000E+00,    0.0000000000E+00,    3.4667846019E+00
     17600,      0.676914,CP10_after_neg_clamp,   1,    0.0000000000E+00,    3.4667846019E+00,    3.4667846019E+00,    0.0000000000E+00,    0.0000000000E+00,    0.0000000000E+00,    3.4667846019E+00
     17600,      0.676914,CP11_after_MPI,   1,    0.0000000000E+00,    3.4667846019E+00,    3.4667846019E+00,    0.0000000000E+00,    0.0000000000E+00,    0.0000000000E+00,    3.4667846019E+00
     17600,      0.676914,CP12_end,   1,    0.0000000000E+00,    3.4667846019E+00,    3.4667846019E+00,    0.0000000000E+00,    0.0000000000E+00,    0.0000000000E+00,    3.4667846019E+00
     17650,      0.676914,CP0_start,   1,    0.0000000000E+00,    3.4867101075E+00,    3.4867101075E+00,    0.0000000000E+00,    0.0000000000E+00,    0.0000000000E+00,    3.4867101075E+00
     17650,      0.676914,CP1_after_deposition,   1,    0.0000000000E+00,    3.4867101075E+00,    3.4867101075E+00,    0.0000000000E+00,    0.0000000000E+00,    0.0000000000E+00,    3.4867101075E+00
     17650,      0.676914,CP2_after_erosion,   1,    0.0000000000E+00,    3.4867101075E+00,    3.4867101075E+00,    0.0000000000E+00,    0.0000000000E+00,    0.0000000000E+00,    3.4867101075E+00
     17650,      0.676914,CP3_after_update_bottom,   1,    0.0000000000E+00,    3.4867101075E+00,    3.4867101075E+00,    0.0000000000E+00,    0.0000000000E+00,    0.0000000000E+00,    3.4867101075E+00
     17650,      0.676914,CP4_after_advection,   1,    0.0000000000E+00,    3.4871370215E+00,    3.4871370215E+00,    0.0000000000E+00,    0.0000000000E+00,    0.0000000000E+00,    3.4871370215E+00
     17650,      0.676914,CP5_after_vdif,   1,    0.0000000000E+00,    3.4871370215E+00,    3.4871370215E+00,    0.0000000000E+00,    0.0000000000E+00,    0.0000000000E+00,    3.4871370215E+00
     17650,      0.676914,CP6_after_kinetics,   1,    0.0000000000E+00,    3.4871370215E+00,    3.4871370215E+00,    0.0000000000E+00,    0.0000000000E+00,    0.0000000000E+00,    3.4871370215E+00
     17650,      0.676914,CP7_after_upper_clamp,   1,    0.0000000000E+00,    3.4871370215E+00,    3.4871370215E+00,    0.0000000000E+00,    0.0000000000E+00,    0.0000000000E+00,    3.4871370215E+00
     17650,      0.676914,CP8_after_OBC,   1,    0.0000000000E+00,    3.4871370215E+00,    3.4871370215E+00,    0.0000000000E+00,    0.0000000000E+00,    0.0000000000E+00,    3.4871370215E+00
     17650,      0.676914,CP9_after_PTsource,   1,    0.0000000000E+00,    3.4871370215E+00,    3.4871370215E+00,    0.0000000000E+00,    0.0000000000E+00,    0.0000000000E+00,    3.4871370215E+00
     17650,      0.676914,CP10_after_neg_clamp,   1,    0.0000000000E+00,    3.4871370215E+00,    3.4871370215E+00,    0.0000000000E+00,    0.0000000000E+00,    0.0000000000E+00,    3.4871370215E+00
     17650,      0.676914,CP11_after_MPI,   1,    0.0000000000E+00,    3.4871370215E+00,    3.4871370215E+00,    0.0000000000E+00,    0.0000000000E+00,    0.0000000000E+00,    3.4871370215E+00
     17650,      0.676914,CP12_end,   1,    0.0000000000E+00,    3.4871370215E+00,    3.4871370215E+00,    0.0000000000E+00,    0.0000000000E+00,    0.0000000000E+00,    3.4871370215E+00
     17700,      0.676914,CP0_start,   1,    0.0000000000E+00,    3.5071739381E+00,    3.5071739381E+00,    0.0000000000E+00,    0.0000000000E+00,    0.0000000000E+00,    3.5071739381E+00
     17700,      0.676914,CP1_after_deposition,   1,    0.0000000000E+00,    3.5071739381E+00,    3.5071739381E+00,    0.0000000000E+00,    0.0000000000E+00,    0.0000000000E+00,    3.5071739381E+00
     17700,      0.676914,CP2_after_erosion,   1,    0.0000000000E+00,    3.5071739381E+00,    3.5071739381E+00,    0.0000000000E+00,    0.0000000000E+00,    0.0000000000E+00,    3.5071739381E+00
     17700,      0.676914,CP3_after_update_bottom,   1,    0.0000000000E+00,    3.5071739381E+00,    3.5071739381E+00,    0.0000000000E+00,    0.0000000000E+00,    0.0000000000E+00,    3.5071739381E+00
     17700,      0.676914,CP4_after_advection,   1,    0.0000000000E+00,    3.5076045095E+00,    3.5076045095E+00,    0.0000000000E+00,    0.0000000000E+00,    0.0000000000E+00,    3.5076045095E+00
     17700,      0.676914,CP5_after_vdif,   1,    0.0000000000E+00,    3.5076045095E+00,    3.5076045095E+00,    0.0000000000E+00,    0.0000000000E+00,    0.0000000000E+00,    3.5076045095E+00
     17700,      0.676914,CP6_after_kinetics,   1,    0.0000000000E+00,    3.5076045095E+00,    3.5076045095E+00,    0.0000000000E+00,    0.0000000000E+00,    0.0000000000E+00,    3.5076045095E+00
     17700,      0.676914,CP7_after_upper_clamp,   1,    0.0000000000E+00,    3.5076045095E+00,    3.5076045095E+00,    0.0000000000E+00,    0.0000000000E+00,    0.0000000000E+00,    3.5076045095E+00
     17700,      0.676914,CP8_after_OBC,   1,    0.0000000000E+00,    3.5076045095E+00,    3.5076045095E+00,    0.0000000000E+00,    0.0000000000E+00,    0.0000000000E+00,    3.5076045095E+00
     17700,      0.676914,CP9_after_PTsource,   1,    0.0000000000E+00,    3.5076045095E+00,    3.5076045095E+00,    0.0000000000E+00,    0.0000000000E+00,    0.0000000000E+00,    3.5076045095E+00
     17700,      0.676914,CP10_after_neg_clamp,   1,    0.0000000000E+00,    3.5076045095E+00,    3.5076045095E+00,    0.0000000000E+00,    0.0000000000E+00,    0.0000000000E+00,    3.5076045095E+00
     17700,      0.676914,CP11_after_MPI,   1,    0.0000000000E+00,    3.5076045095E+00,    3.5076045095E+00,    0.0000000000E+00,    0.0000000000E+00,    0.0000000000E+00,    3.5076045095E+00
     17700,      0.676914,CP12_end,   1,    0.0000000000E+00,    3.5076045095E+00,    3.5076045095E+00,    0.0000000000E+00,    0.0000000000E+00,    0.0000000000E+00,    3.5076045095E+00
     17750,      0.676914,CP0_start,   1,    0.0000000000E+00,    3.5277474448E+00,    3.5277474448E+00,    0.0000000000E+00,    0.0000000000E+00,    0.0000000000E+00,    3.5277474448E+00
     17750,      0.676914,CP1_after_deposition,   1,    0.0000000000E+00,    3.5277474448E+00,    3.5277474448E+00,    0.0000000000E+00,    0.0000000000E+00,    0.0000000000E+00,    3.5277474448E+00
     17750,      0.676914,CP2_after_erosion,   1,    0.0000000000E+00,    3.5277474448E+00,    3.5277474448E+00,    0.0000000000E+00,    0.0000000000E+00,    0.0000000000E+00,    3.5277474448E+00
     17750,      0.676914,CP3_after_update_bottom,   1,    0.0000000000E+00,    3.5277474448E+00,    3.5277474448E+00,    0.0000000000E+00,    0.0000000000E+00,    0.0000000000E+00,    3.5277474448E+00
     17750,      0.676914,CP4_after_advection,   1,    0.0000000000E+00,    3.5281803460E+00,    3.5281803460E+00,    0.0000000000E+00,    0.0000000000E+00,    0.0000000000E+00,    3.5281803460E+00
     17750,      0.676914,CP5_after_vdif,   1,    0.0000000000E+00,    3.5281803460E+00,    3.5281803460E+00,    0.0000000000E+00,    0.0000000000E+00,    0.0000000000E+00,    3.5281803460E+00
     17750,      0.676914,CP6_after_kinetics,   1,    0.0000000000E+00,    3.5281803460E+00,    3.5281803460E+00,    0.0000000000E+00,    0.0000000000E+00,    0.0000000000E+00,    3.5281803460E+00
     17750,      0.676914,CP7_after_upper_clamp,   1,    0.0000000000E+00,    3.5281803460E+00,    3.5281803460E+00,    0.0000000000E+00,    0.0000000000E+00,    0.0000000000E+00,    3.5281803460E+00
     17750,      0.676914,CP8_after_OBC,   1,    0.0000000000E+00,    3.5281803460E+00,    3.5281803460E+00,    0.0000000000E+00,    0.0000000000E+00,    0.0000000000E+00,    3.5281803460E+00
     17750,      0.676914,CP9_after_PTsource,   1,    0.0000000000E+00,    3.5281803460E+00,    3.5281803460E+00,    0.0000000000E+00,    0.0000000000E+00,    0.0000000000E+00,    3.5281803460E+00
     17750,      0.676914,CP10_after_neg_clamp,   1,    0.0000000000E+00,    3.5281803460E+00,    3.5281803460E+00,    0.0000000000E+00,    0.0000000000E+00,    0.0000000000E+00,    3.5281803460E+00
     17750,      0.676914,CP11_after_MPI,   1,    0.0000000000E+00,    3.5281803460E+00,    3.5281803460E+00,    0.0000000000E+00,    0.0000000000E+00,    0.0000000000E+00,    3.5281803460E+00
     17750,      0.676914,CP12_end,   1,    0.0000000000E+00,    3.5281803460E+00,    3.5281803460E+00,    0.0000000000E+00,    0.0000000000E+00,    0.0000000000E+00,    3.5281803460E+00
     17800,      0.676914,CP0_start,   1,    0.0000000000E+00,    3.5484239115E+00,    3.5484239115E+00,    0.0000000000E+00,    0.0000000000E+00,    0.0000000000E+00,    3.5484239115E+00
     17800,      0.676914,CP1_after_deposition,   1,    0.0000000000E+00,    3.5484239115E+00,    3.5484239115E+00,    0.0000000000E+00,    0.0000000000E+00,    0.0000000000E+00,    3.5484239115E+00
     17800,      0.676914,CP2_after_erosion,   1,    0.0000000000E+00,    3.5484239115E+00,    3.5484239115E+00,    0.0000000000E+00,    0.0000000000E+00,    0.0000000000E+00,    3.5484239115E+00
     17800,      0.676914,CP3_after_update_bottom,   1,    0.0000000000E+00,    3.5484239115E+00,    3.5484239115E+00,    0.0000000000E+00,    0.0000000000E+00,    0.0000000000E+00,    3.5484239115E+00
     17800,      0.676914,CP4_after_advection,   1,    0.0000000000E+00,    3.5488587176E+00,    3.5488587176E+00,    0.0000000000E+00,    0.0000000000E+00,    0.0000000000E+00,    3.5488587176E+00
     17800,      0.676914,CP5_after_vdif,   1,    0.0000000000E+00,    3.5488587176E+00,    3.5488587176E+00,    0.0000000000E+00,    0.0000000000E+00,    0.0000000000E+00,    3.5488587176E+00
     17800,      0.676914,CP6_after_kinetics,   1,    0.0000000000E+00,    3.5488587176E+00,    3.5488587176E+00,    0.0000000000E+00,    0.0000000000E+00,    0.0000000000E+00,    3.5488587176E+00
     17800,      0.676914,CP7_after_upper_clamp,   1,    0.0000000000E+00,    3.5488587176E+00,    3.5488587176E+00,    0.0000000000E+00,    0.0000000000E+00,    0.0000000000E+00,    3.5488587176E+00
     17800,      0.676914,CP8_after_OBC,   1,    0.0000000000E+00,    3.5488587176E+00,    3.5488587176E+00,    0.0000000000E+00,    0.0000000000E+00,    0.0000000000E+00,    3.5488587176E+00
     17800,      0.676914,CP9_after_PTsource,   1,    0.0000000000E+00,    3.5488587176E+00,    3.5488587176E+00,    0.0000000000E+00,    0.0000000000E+00,    0.0000000000E+00,    3.5488587176E+00
     17800,      0.676914,CP10_after_neg_clamp,   1,    0.0000000000E+00,    3.5488587176E+00,    3.5488587176E+00,    0.0000000000E+00,    0.0000000000E+00,    0.0000000000E+00,    3.5488587176E+00
     17800,      0.676914,CP11_after_MPI,   1,    0.0000000000E+00,    3.5488587176E+00,    3.5488587176E+00,    0.0000000000E+00,    0.0000000000E+00,    0.0000000000E+00,    3.5488587176E+00
     17800,      0.676914,CP12_end,   1,    0.0000000000E+00,    3.5488587176E+00,    3.5488587176E+00,    0.0000000000E+00,    0.0000000000E+00,    0.0000000000E+00,    3.5488587176E+00
     17850,      0.676915,CP0_start,   1,    0.0000000000E+00,    3.5692018554E+00,    3.5692018554E+00,    0.0000000000E+00,    0.0000000000E+00,    0.0000000000E+00,    3.5692018554E+00
     17850,      0.676915,CP1_after_deposition,   1,    0.0000000000E+00,    3.5692018554E+00,    3.5692018554E+00,    0.0000000000E+00,    0.0000000000E+00,    0.0000000000E+00,    3.5692018554E+00
     17850,      0.676915,CP2_after_erosion,   1,    0.0000000000E+00,    3.5692018554E+00,    3.5692018554E+00,    0.0000000000E+00,    0.0000000000E+00,    0.0000000000E+00,    3.5692018554E+00
     17850,      0.676915,CP3_after_update_bottom,   1,    0.0000000000E+00,    3.5692018554E+00,    3.5692018554E+00,    0.0000000000E+00,    0.0000000000E+00,    0.0000000000E+00,    3.5692018554E+00
     17850,      0.676915,CP4_after_advection,   1,    0.0000000000E+00,    3.5696399638E+00,    3.5696399638E+00,    0.0000000000E+00,    0.0000000000E+00,    0.0000000000E+00,    3.5696399638E+00
     17850,      0.676915,CP5_after_vdif,   1,    0.0000000000E+00,    3.5696399638E+00,    3.5696399638E+00,    0.0000000000E+00,    0.0000000000E+00,    0.0000000000E+00,    3.5696399638E+00
     17850,      0.676915,CP6_after_kinetics,   1,    0.0000000000E+00,    3.5696399638E+00,    3.5696399638E+00,    0.0000000000E+00,    0.0000000000E+00,    0.0000000000E+00,    3.5696399638E+00
     17850,      0.676915,CP7_after_upper_clamp,   1,    0.0000000000E+00,    3.5696399638E+00,    3.5696399638E+00,    0.0000000000E+00,    0.0000000000E+00,    0.0000000000E+00,    3.5696399638E+00
     17850,      0.676915,CP8_after_OBC,   1,    0.0000000000E+00,    3.5696399638E+00,    3.5696399638E+00,    0.0000000000E+00,    0.0000000000E+00,    0.0000000000E+00,    3.5696399638E+00
     17850,      0.676915,CP9_after_PTsource,   1,    0.0000000000E+00,    3.5696399638E+00,    3.5696399638E+00,    0.0000000000E+00,    0.0000000000E+00,    0.0000000000E+00,    3.5696399638E+00
     17850,      0.676915,CP10_after_neg_clamp,   1,    0.0000000000E+00,    3.5696399638E+00,    3.5696399638E+00,    0.0000000000E+00,    0.0000000000E+00,    0.0000000000E+00,    3.5696399638E+00
     17850,      0.676915,CP11_after_MPI,   1,    0.0000000000E+00,    3.5696399638E+00,    3.5696399638E+00,    0.0000000000E+00,    0.0000000000E+00,    0.0000000000E+00,    3.5696399638E+00
     17850,      0.676915,CP12_end,   1,    0.0000000000E+00,    3.5696399638E+00,    3.5696399638E+00,    0.0000000000E+00,    0.0000000000E+00,    0.0000000000E+00,    3.5696399638E+00
     17900,      0.676915,CP0_start,   1,    0.0000000000E+00,    3.5900820728E+00,    3.5900820728E+00,    0.0000000000E+00,    0.0000000000E+00,    0.0000000000E+00,    3.5900820728E+00
     17900,      0.676915,CP1_after_deposition,   1,    0.0000000000E+00,    3.5900820728E+00,    3.5900820728E+00,    0.0000000000E+00,    0.0000000000E+00,    0.0000000000E+00,    3.5900820728E+00
     17900,      0.676915,CP2_after_erosion,   1,    0.0000000000E+00,    3.5900820728E+00,    3.5900820728E+00,    0.0000000000E+00,    0.0000000000E+00,    0.0000000000E+00,    3.5900820728E+00
     17900,      0.676915,CP3_after_update_bottom,   1,    0.0000000000E+00,    3.5900820728E+00,    3.5900820728E+00,    0.0000000000E+00,    0.0000000000E+00,    0.0000000000E+00,    3.5900820728E+00
     17900,      0.676915,CP4_after_advection,   1,    0.0000000000E+00,    3.5905223546E+00,    3.5905223546E+00,    0.0000000000E+00,    0.0000000000E+00,    0.0000000000E+00,    3.5905223546E+00
     17900,      0.676915,CP5_after_vdif,   1,    0.0000000000E+00,    3.5905223546E+00,    3.5905223546E+00,    0.0000000000E+00,    0.0000000000E+00,    0.0000000000E+00,    3.5905223546E+00
     17900,      0.676915,CP6_after_kinetics,   1,    0.0000000000E+00,    3.5905223546E+00,    3.5905223546E+00,    0.0000000000E+00,    0.0000000000E+00,    0.0000000000E+00,    3.5905223546E+00
     17900,      0.676915,CP7_after_upper_clamp,   1,    0.0000000000E+00,    3.5905223546E+00,    3.5905223546E+00,    0.0000000000E+00,    0.0000000000E+00,    0.0000000000E+00,    3.5905223546E+00
     17900,      0.676915,CP8_after_OBC,   1,    0.0000000000E+00,    3.5905223546E+00,    3.5905223546E+00,    0.0000000000E+00,    0.0000000000E+00,    0.0000000000E+00,    3.5905223546E+00
     17900,      0.676915,CP9_after_PTsource,   1,    0.0000000000E+00,    3.5905223546E+00,    3.5905223546E+00,    0.0000000000E+00,    0.0000000000E+00,    0.0000000000E+00,    3.5905223546E+00
     17900,      0.676915,CP10_after_neg_clamp,   1,    0.0000000000E+00,    3.5905223546E+00,    3.5905223546E+00,    0.0000000000E+00,    0.0000000000E+00,    0.0000000000E+00,    3.5905223546E+00
     17900,      0.676915,CP11_after_MPI,   1,    0.0000000000E+00,    3.5905223546E+00,    3.5905223546E+00,    0.0000000000E+00,    0.0000000000E+00,    0.0000000000E+00,    3.5905223546E+00
     17900,      0.676915,CP12_end,   1,    0.0000000000E+00,    3.5905223546E+00,    3.5905223546E+00,    0.0000000000E+00,    0.0000000000E+00,    0.0000000000E+00,    3.5905223546E+00
     17950,      0.676915,CP0_start,   1,    0.0000000000E+00,    3.6110567012E+00,    3.6110567012E+00,    0.0000000000E+00,    0.0000000000E+00,    0.0000000000E+00,    3.6110567012E+00
     17950,      0.676915,CP1_after_deposition,   1,    0.0000000000E+00,    3.6110567012E+00,    3.6110567012E+00,    0.0000000000E+00,    0.0000000000E+00,    0.0000000000E+00,    3.6110567012E+00
     17950,      0.676915,CP2_after_erosion,   1,    0.0000000000E+00,    3.6110567012E+00,    3.6110567012E+00,    0.0000000000E+00,    0.0000000000E+00,    0.0000000000E+00,    3.6110567012E+00
     17950,      0.676915,CP3_after_update_bottom,   1,    0.0000000000E+00,    3.6110567012E+00,    3.6110567012E+00,    0.0000000000E+00,    0.0000000000E+00,    0.0000000000E+00,    3.6110567012E+00
     17950,      0.676915,CP4_after_advection,   1,    0.0000000000E+00,    3.6115001223E+00,    3.6115001223E+00,    0.0000000000E+00,    0.0000000000E+00,    0.0000000000E+00,    3.6115001223E+00
     17950,      0.676915,CP5_after_vdif,   1,    0.0000000000E+00,    3.6115001223E+00,    3.6115001223E+00,    0.0000000000E+00,    0.0000000000E+00,    0.0000000000E+00,    3.6115001223E+00
     17950,      0.676915,CP6_after_kinetics,   1,    0.0000000000E+00,    3.6115001223E+00,    3.6115001223E+00,    0.0000000000E+00,    0.0000000000E+00,    0.0000000000E+00,    3.6115001223E+00
     17950,      0.676915,CP7_after_upper_clamp,   1,    0.0000000000E+00,    3.6115001223E+00,    3.6115001223E+00,    0.0000000000E+00,    0.0000000000E+00,    0.0000000000E+00,    3.6115001223E+00
     17950,      0.676915,CP8_after_OBC,   1,    0.0000000000E+00,    3.6115001223E+00,    3.6115001223E+00,    0.0000000000E+00,    0.0000000000E+00,    0.0000000000E+00,    3.6115001223E+00
     17950,      0.676915,CP9_after_PTsource,   1,    0.0000000000E+00,    3.6115001223E+00,    3.6115001223E+00,    0.0000000000E+00,    0.0000000000E+00,    0.0000000000E+00,    3.6115001223E+00
     17950,      0.676915,CP10_after_neg_clamp,   1,    0.0000000000E+00,    3.6115001223E+00,    3.6115001223E+00,    0.0000000000E+00,    0.0000000000E+00,    0.0000000000E+00,    3.6115001223E+00
     17950,      0.676915,CP11_after_MPI,   1,    0.0000000000E+00,    3.6115001223E+00,    3.6115001223E+00,    0.0000000000E+00,    0.0000000000E+00,    0.0000000000E+00,    3.6115001223E+00
     17950,      0.676915,CP12_end,   1,    0.0000000000E+00,    3.6115001223E+00,    3.6115001223E+00,    0.0000000000E+00,    0.0000000000E+00,    0.0000000000E+00,    3.6115001223E+00
     18000,      0.676915,CP0_start,   1,    0.0000000000E+00,    3.6321243526E+00,    3.6321243526E+00,    0.0000000000E+00,    0.0000000000E+00,    0.0000000000E+00,    3.6321243526E+00
     18000,      0.676915,CP1_after_deposition,   1,    0.0000000000E+00,    3.6321243526E+00,    3.6321243526E+00,    0.0000000000E+00,    0.0000000000E+00,    0.0000000000E+00,    3.6321243526E+00
     18000,      0.676915,CP2_after_erosion,   1,    0.0000000000E+00,    3.6321243526E+00,    3.6321243526E+00,    0.0000000000E+00,    0.0000000000E+00,    0.0000000000E+00,    3.6321243526E+00
     18000,      0.676915,CP3_after_update_bottom,   1,    0.0000000000E+00,    3.6321243526E+00,    3.6321243526E+00,    0.0000000000E+00,    0.0000000000E+00,    0.0000000000E+00,    3.6321243526E+00
     18000,      0.676915,CP4_after_advection,   1,    0.0000000000E+00,    3.6325693006E+00,    3.6325693006E+00,    0.0000000000E+00,    0.0000000000E+00,    0.0000000000E+00,    3.6325693006E+00
     18000,      0.676915,CP5_after_vdif,   1,    0.0000000000E+00,    3.6325693006E+00,    3.6325693006E+00,    0.0000000000E+00,    0.0000000000E+00,    0.0000000000E+00,    3.6325693006E+00
     18000,      0.676915,CP6_after_kinetics,   1,    0.0000000000E+00,    3.6325693006E+00,    3.6325693006E+00,    0.0000000000E+00,    0.0000000000E+00,    0.0000000000E+00,    3.6325693006E+00
     18000,      0.676915,CP7_after_upper_clamp,   1,    0.0000000000E+00,    3.6325693006E+00,    3.6325693006E+00,    0.0000000000E+00,    0.0000000000E+00,    0.0000000000E+00,    3.6325693006E+00
     18000,      0.676915,CP8_after_OBC,   1,    0.0000000000E+00,    3.6325693006E+00,    3.6325693006E+00,    0.0000000000E+00,    0.0000000000E+00,    0.0000000000E+00,    3.6325693006E+00
     18000,      0.676915,CP9_after_PTsource,   1,    0.0000000000E+00,    3.6325693006E+00,    3.6325693006E+00,    0.0000000000E+00,    0.0000000000E+00,    0.0000000000E+00,    3.6325693006E+00
     18000,      0.676915,CP10_after_neg_clamp,   1,    0.0000000000E+00,    3.6325693006E+00,    3.6325693006E+00,    0.0000000000E+00,    0.0000000000E+00,    0.0000000000E+00,    3.6325693006E+00
     18000,      0.676915,CP11_after_MPI,   1,    0.0000000000E+00,    3.6325693006E+00,    3.6325693006E+00,    0.0000000000E+00,    0.0000000000E+00,    0.0000000000E+00,    3.6325693006E+00
     18000,      0.676915,CP12_end,   1,    0.0000000000E+00,    3.6325693006E+00,    3.6325693006E+00,    0.0000000000E+00,    0.0000000000E+00,    0.0000000000E+00,    3.6325693006E+00
     18050,      0.676915,CP0_start,   1,    0.0000000000E+00,    3.6532766283E+00,    3.6532766283E+00,    0.0000000000E+00,    0.0000000000E+00,    0.0000000000E+00,    3.6532766283E+00
     18050,      0.676915,CP1_after_deposition,   1,    0.0000000000E+00,    3.6532766283E+00,    3.6532766283E+00,    0.0000000000E+00,    0.0000000000E+00,    0.0000000000E+00,    3.6532766283E+00
     18050,      0.676915,CP2_after_erosion,   1,    0.0000000000E+00,    3.6532766283E+00,    3.6532766283E+00,    0.0000000000E+00,    0.0000000000E+00,    0.0000000000E+00,    3.6532766283E+00
     18050,      0.676915,CP3_after_update_bottom,   1,    0.0000000000E+00,    3.6532766283E+00,    3.6532766283E+00,    0.0000000000E+00,    0.0000000000E+00,    0.0000000000E+00,    3.6532766283E+00
     18050,      0.676915,CP4_after_advection,   1,    0.0000000000E+00,    3.6537240537E+00,    3.6537240537E+00,    0.0000000000E+00,    0.0000000000E+00,    0.0000000000E+00,    3.6537240537E+00
     18050,      0.676915,CP5_after_vdif,   1,    0.0000000000E+00,    3.6537240537E+00,    3.6537240537E+00,    0.0000000000E+00,    0.0000000000E+00,    0.0000000000E+00,    3.6537240537E+00
     18050,      0.676915,CP6_after_kinetics,   1,    0.0000000000E+00,    3.6537240537E+00,    3.6537240537E+00,    0.0000000000E+00,    0.0000000000E+00,    0.0000000000E+00,    3.6537240537E+00
     18050,      0.676915,CP7_after_upper_clamp,   1,    0.0000000000E+00,    3.6537240537E+00,    3.6537240537E+00,    0.0000000000E+00,    0.0000000000E+00,    0.0000000000E+00,    3.6537240537E+00
     18050,      0.676915,CP8_after_OBC,   1,    0.0000000000E+00,    3.6537240537E+00,    3.6537240537E+00,    0.0000000000E+00,    0.0000000000E+00,    0.0000000000E+00,    3.6537240537E+00
     18050,      0.676915,CP9_after_PTsource,   1,    0.0000000000E+00,    3.6537240537E+00,    3.6537240537E+00,    0.0000000000E+00,    0.0000000000E+00,    0.0000000000E+00,    3.6537240537E+00
     18050,      0.676915,CP10_after_neg_clamp,   1,    0.0000000000E+00,    3.6537240537E+00,    3.6537240537E+00,    0.0000000000E+00,    0.0000000000E+00,    0.0000000000E+00,    3.6537240537E+00
     18050,      0.676915,CP11_after_MPI,   1,    0.0000000000E+00,    3.6537240537E+00,    3.6537240537E+00,    0.0000000000E+00,    0.0000000000E+00,    0.0000000000E+00,    3.6537240537E+00
     18050,      0.676915,CP12_end,   1,    0.0000000000E+00,    3.6537240537E+00,    3.6537240537E+00,    0.0000000000E+00,    0.0000000000E+00,    0.0000000000E+00,    3.6537240537E+00
     18100,      0.676915,CP0_start,   1,    0.0000000000E+00,    3.6745034673E+00,    3.6745034673E+00,    0.0000000000E+00,    0.0000000000E+00,    0.0000000000E+00,    3.6745034673E+00
     18100,      0.676915,CP1_after_deposition,   1,    0.0000000000E+00,    3.6745034673E+00,    3.6745034673E+00,    0.0000000000E+00,    0.0000000000E+00,    0.0000000000E+00,    3.6745034673E+00
     18100,      0.676915,CP2_after_erosion,   1,    0.0000000000E+00,    3.6745034673E+00,    3.6745034673E+00,    0.0000000000E+00,    0.0000000000E+00,    0.0000000000E+00,    3.6745034673E+00
     18100,      0.676915,CP3_after_update_bottom,   1,    0.0000000000E+00,    3.6745034673E+00,    3.6745034673E+00,    0.0000000000E+00,    0.0000000000E+00,    0.0000000000E+00,    3.6745034673E+00
     18100,      0.676915,CP4_after_advection,   1,    0.0000000000E+00,    3.6749531787E+00,    3.6749531787E+00,    0.0000000000E+00,    0.0000000000E+00,    0.0000000000E+00,    3.6749531787E+00
     18100,      0.676915,CP5_after_vdif,   1,    0.0000000000E+00,    3.6749531787E+00,    3.6749531787E+00,    0.0000000000E+00,    0.0000000000E+00,    0.0000000000E+00,    3.6749531787E+00
     18100,      0.676915,CP6_after_kinetics,   1,    0.0000000000E+00,    3.6749531787E+00,    3.6749531787E+00,    0.0000000000E+00,    0.0000000000E+00,    0.0000000000E+00,    3.6749531787E+00
     18100,      0.676915,CP7_after_upper_clamp,   1,    0.0000000000E+00,    3.6749531787E+00,    3.6749531787E+00,    0.0000000000E+00,    0.0000000000E+00,    0.0000000000E+00,    3.6749531787E+00
     18100,      0.676915,CP8_after_OBC,   1,    0.0000000000E+00,    3.6749531787E+00,    3.6749531787E+00,    0.0000000000E+00,    0.0000000000E+00,    0.0000000000E+00,    3.6749531787E+00
     18100,      0.676915,CP9_after_PTsource,   1,    0.0000000000E+00,    3.6749531787E+00,    3.6749531787E+00,    0.0000000000E+00,    0.0000000000E+00,    0.0000000000E+00,    3.6749531787E+00
     18100,      0.676915,CP10_after_neg_clamp,   1,    0.0000000000E+00,    3.6749531787E+00,    3.6749531787E+00,    0.0000000000E+00,    0.0000000000E+00,    0.0000000000E+00,    3.6749531787E+00
     18100,      0.676915,CP11_after_MPI,   1,    0.0000000000E+00,    3.6749531787E+00,    3.6749531787E+00,    0.0000000000E+00,    0.0000000000E+00,    0.0000000000E+00,    3.6749531787E+00
     18100,      0.676915,CP12_end,   1,    0.0000000000E+00,    3.6749531787E+00,    3.6749531787E+00,    0.0000000000E+00,    0.0000000000E+00,    0.0000000000E+00,    3.6749531787E+00
     18150,      0.676915,CP0_start,   1,    0.0000000000E+00,    3.6957933529E+00,    3.6957933529E+00,    0.0000000000E+00,    0.0000000000E+00,    0.0000000000E+00,    3.6957933529E+00
     18150,      0.676915,CP1_after_deposition,   1,    0.0000000000E+00,    3.6957933529E+00,    3.6957933529E+00,    0.0000000000E+00,    0.0000000000E+00,    0.0000000000E+00,    3.6957933529E+00
     18150,      0.676915,CP2_after_erosion,   1,    0.0000000000E+00,    3.6957933529E+00,    3.6957933529E+00,    0.0000000000E+00,    0.0000000000E+00,    0.0000000000E+00,    3.6957933529E+00
     18150,      0.676915,CP3_after_update_bottom,   1,    0.0000000000E+00,    3.6957933529E+00,    3.6957933529E+00,    0.0000000000E+00,    0.0000000000E+00,    0.0000000000E+00,    3.6957933529E+00
     18150,      0.676915,CP4_after_advection,   1,    0.0000000000E+00,    3.6962441704E+00,    3.6962441704E+00,    0.0000000000E+00,    0.0000000000E+00,    0.0000000000E+00,    3.6962441704E+00
     18150,      0.676915,CP5_after_vdif,   1,    0.0000000000E+00,    3.6962441704E+00,    3.6962441704E+00,    0.0000000000E+00,    0.0000000000E+00,    0.0000000000E+00,    3.6962441704E+00
     18150,      0.676915,CP6_after_kinetics,   1,    0.0000000000E+00,    3.6962441704E+00,    3.6962441704E+00,    0.0000000000E+00,    0.0000000000E+00,    0.0000000000E+00,    3.6962441704E+00
     18150,      0.676915,CP7_after_upper_clamp,   1,    0.0000000000E+00,    3.6962441704E+00,    3.6962441704E+00,    0.0000000000E+00,    0.0000000000E+00,    0.0000000000E+00,    3.6962441704E+00
     18150,      0.676915,CP8_after_OBC,   1,    0.0000000000E+00,    3.6962441704E+00,    3.6962441704E+00,    0.0000000000E+00,    0.0000000000E+00,    0.0000000000E+00,    3.6962441704E+00
     18150,      0.676915,CP9_after_PTsource,   1,    0.0000000000E+00,    3.6962441704E+00,    3.6962441704E+00,    0.0000000000E+00,    0.0000000000E+00,    0.0000000000E+00,    3.6962441704E+00
     18150,      0.676915,CP10_after_neg_clamp,   1,    0.0000000000E+00,    3.6962441704E+00,    3.6962441704E+00,    0.0000000000E+00,    0.0000000000E+00,    0.0000000000E+00,    3.6962441704E+00
     18150,      0.676915,CP11_after_MPI,   1,    0.0000000000E+00,    3.6962441704E+00,    3.6962441704E+00,    0.0000000000E+00,    0.0000000000E+00,    0.0000000000E+00,    3.6962441704E+00
     18150,      0.676915,CP12_end,   1,    0.0000000000E+00,    3.6962441704E+00,    3.6962441704E+00,    0.0000000000E+00,    0.0000000000E+00,    0.0000000000E+00,    3.6962441704E+00
     18200,      0.676915,CP0_start,   1,    0.0000000000E+00,    3.7171362017E+00,    3.7171362017E+00,    0.0000000000E+00,    0.0000000000E+00,    0.0000000000E+00,    3.7171362017E+00
     18200,      0.676915,CP1_after_deposition,   1,    0.0000000000E+00,    3.7171362017E+00,    3.7171362017E+00,    0.0000000000E+00,    0.0000000000E+00,    0.0000000000E+00,    3.7171362017E+00
     18200,      0.676915,CP2_after_erosion,   1,    0.0000000000E+00,    3.7171362017E+00,    3.7171362017E+00,    0.0000000000E+00,    0.0000000000E+00,    0.0000000000E+00,    3.7171362017E+00
     18200,      0.676915,CP3_after_update_bottom,   1,    0.0000000000E+00,    3.7171362017E+00,    3.7171362017E+00,    0.0000000000E+00,    0.0000000000E+00,    0.0000000000E+00,    3.7171362017E+00
     18200,      0.676915,CP4_after_advection,   1,    0.0000000000E+00,    3.7175887944E+00,    3.7175887944E+00,    0.0000000000E+00,    0.0000000000E+00,    0.0000000000E+00,    3.7175887944E+00
     18200,      0.676915,CP5_after_vdif,   1,    0.0000000000E+00,    3.7175887944E+00,    3.7175887944E+00,    0.0000000000E+00,    0.0000000000E+00,    0.0000000000E+00,    3.7175887944E+00
     18200,      0.676915,CP6_after_kinetics,   1,    0.0000000000E+00,    3.7175887944E+00,    3.7175887944E+00,    0.0000000000E+00,    0.0000000000E+00,    0.0000000000E+00,    3.7175887944E+00
     18200,      0.676915,CP7_after_upper_clamp,   1,    0.0000000000E+00,    3.7175887944E+00,    3.7175887944E+00,    0.0000000000E+00,    0.0000000000E+00,    0.0000000000E+00,    3.7175887944E+00
     18200,      0.676915,CP8_after_OBC,   1,    0.0000000000E+00,    3.7175887944E+00,    3.7175887944E+00,    0.0000000000E+00,    0.0000000000E+00,    0.0000000000E+00,    3.7175887944E+00
     18200,      0.676915,CP9_after_PTsource,   1,    0.0000000000E+00,    3.7175887944E+00,    3.7175887944E+00,    0.0000000000E+00,    0.0000000000E+00,    0.0000000000E+00,    3.7175887944E+00
     18200,      0.676915,CP10_after_neg_clamp,   1,    0.0000000000E+00,    3.7175887944E+00,    3.7175887944E+00,    0.0000000000E+00,    0.0000000000E+00,    0.0000000000E+00,    3.7175887944E+00
     18200,      0.676915,CP11_after_MPI,   1,    0.0000000000E+00,    3.7175887944E+00,    3.7175887944E+00,    0.0000000000E+00,    0.0000000000E+00,    0.0000000000E+00,    3.7175887944E+00
     18200,      0.676915,CP12_end,   1,    0.0000000000E+00,    3.7175887944E+00,    3.7175887944E+00,    0.0000000000E+00,    0.0000000000E+00,    0.0000000000E+00,    3.7175887944E+00
     18250,      0.676915,CP0_start,   1,    0.0000000000E+00,    3.7385239852E+00,    3.7385239852E+00,    0.0000000000E+00,    0.0000000000E+00,    0.0000000000E+00,    3.7385239852E+00
     18250,      0.676915,CP1_after_deposition,   1,    0.0000000000E+00,    3.7385239852E+00,    3.7385239852E+00,    0.0000000000E+00,    0.0000000000E+00,    0.0000000000E+00,    3.7385239852E+00
     18250,      0.676915,CP2_after_erosion,   1,    0.0000000000E+00,    3.7385239852E+00,    3.7385239852E+00,    0.0000000000E+00,    0.0000000000E+00,    0.0000000000E+00,    3.7385239852E+00
     18250,      0.676915,CP3_after_update_bottom,   1,    0.0000000000E+00,    3.7385239852E+00,    3.7385239852E+00,    0.0000000000E+00,    0.0000000000E+00,    0.0000000000E+00,    3.7385239852E+00
     18250,      0.676915,CP4_after_advection,   1,    0.0000000000E+00,    3.7389772958E+00,    3.7389772958E+00,    0.0000000000E+00,    0.0000000000E+00,    0.0000000000E+00,    3.7389772958E+00
     18250,      0.676915,CP5_after_vdif,   1,    0.0000000000E+00,    3.7389772958E+00,    3.7389772958E+00,    0.0000000000E+00,    0.0000000000E+00,    0.0000000000E+00,    3.7389772958E+00
     18250,      0.676915,CP6_after_kinetics,   1,    0.0000000000E+00,    3.7389772958E+00,    3.7389772958E+00,    0.0000000000E+00,    0.0000000000E+00,    0.0000000000E+00,    3.7389772958E+00
     18250,      0.676915,CP7_after_upper_clamp,   1,    0.0000000000E+00,    3.7389772958E+00,    3.7389772958E+00,    0.0000000000E+00,    0.0000000000E+00,    0.0000000000E+00,    3.7389772958E+00
     18250,      0.676915,CP8_after_OBC,   1,    0.0000000000E+00,    3.7389772958E+00,    3.7389772958E+00,    0.0000000000E+00,    0.0000000000E+00,    0.0000000000E+00,    3.7389772958E+00
     18250,      0.676915,CP9_after_PTsource,   1,    0.0000000000E+00,    3.7389772958E+00,    3.7389772958E+00,    0.0000000000E+00,    0.0000000000E+00,    0.0000000000E+00,    3.7389772958E+00
     18250,      0.676915,CP10_after_neg_clamp,   1,    0.0000000000E+00,    3.7389772958E+00,    3.7389772958E+00,    0.0000000000E+00,    0.0000000000E+00,    0.0000000000E+00,    3.7389772958E+00
     18250,      0.676915,CP11_after_MPI,   1,    0.0000000000E+00,    3.7389772958E+00,    3.7389772958E+00,    0.0000000000E+00,    0.0000000000E+00,    0.0000000000E+00,    3.7389772958E+00
     18250,      0.676915,CP12_end,   1,    0.0000000000E+00,    3.7389772958E+00,    3.7389772958E+00,    0.0000000000E+00,    0.0000000000E+00,    0.0000000000E+00,    3.7389772958E+00
     18300,      0.676915,CP0_start,   1,    0.0000000000E+00,    3.7599477802E+00,    3.7599477802E+00,    0.0000000000E+00,    0.0000000000E+00,    0.0000000000E+00,    3.7599477802E+00
     18300,      0.676915,CP1_after_deposition,   1,    0.0000000000E+00,    3.7599477802E+00,    3.7599477802E+00,    0.0000000000E+00,    0.0000000000E+00,    0.0000000000E+00,    3.7599477802E+00
     18300,      0.676915,CP2_after_erosion,   1,    0.0000000000E+00,    3.7599477802E+00,    3.7599477802E+00,    0.0000000000E+00,    0.0000000000E+00,    0.0000000000E+00,    3.7599477802E+00
     18300,      0.676915,CP3_after_update_bottom,   1,    0.0000000000E+00,    3.7599477802E+00,    3.7599477802E+00,    0.0000000000E+00,    0.0000000000E+00,    0.0000000000E+00,    3.7599477802E+00
     18300,      0.676915,CP4_after_advection,   1,    0.0000000000E+00,    3.7604023852E+00,    3.7604023852E+00,    0.0000000000E+00,    0.0000000000E+00,    0.0000000000E+00,    3.7604023852E+00
     18300,      0.676915,CP5_after_vdif,   1,    0.0000000000E+00,    3.7604023852E+00,    3.7604023852E+00,    0.0000000000E+00,    0.0000000000E+00,    0.0000000000E+00,    3.7604023852E+00
     18300,      0.676915,CP6_after_kinetics,   1,    0.0000000000E+00,    3.7604023852E+00,    3.7604023852E+00,    0.0000000000E+00,    0.0000000000E+00,    0.0000000000E+00,    3.7604023852E+00
     18300,      0.676915,CP7_after_upper_clamp,   1,    0.0000000000E+00,    3.7604023852E+00,    3.7604023852E+00,    0.0000000000E+00,    0.0000000000E+00,    0.0000000000E+00,    3.7604023852E+00
     18300,      0.676915,CP8_after_OBC,   1,    0.0000000000E+00,    3.7604023852E+00,    3.7604023852E+00,    0.0000000000E+00,    0.0000000000E+00,    0.0000000000E+00,    3.7604023852E+00
     18300,      0.676915,CP9_after_PTsource,   1,    0.0000000000E+00,    3.7604023852E+00,    3.7604023852E+00,    0.0000000000E+00,    0.0000000000E+00,    0.0000000000E+00,    3.7604023852E+00
     18300,      0.676915,CP10_after_neg_clamp,   1,    0.0000000000E+00,    3.7604023852E+00,    3.7604023852E+00,    0.0000000000E+00,    0.0000000000E+00,    0.0000000000E+00,    3.7604023852E+00
     18300,      0.676915,CP11_after_MPI,   1,    0.0000000000E+00,    3.7604023852E+00,    3.7604023852E+00,    0.0000000000E+00,    0.0000000000E+00,    0.0000000000E+00,    3.7604023852E+00
     18300,      0.676915,CP12_end,   1,    0.0000000000E+00,    3.7604023852E+00,    3.7604023852E+00,    0.0000000000E+00,    0.0000000000E+00,    0.0000000000E+00,    3.7604023852E+00
     18350,      0.676915,CP0_start,   1,    0.0000000000E+00,    3.7814018020E+00,    3.7814018020E+00,    0.0000000000E+00,    0.0000000000E+00,    0.0000000000E+00,    3.7814018020E+00
     18350,      0.676915,CP1_after_deposition,   1,    0.0000000000E+00,    3.7814018020E+00,    3.7814018020E+00,    0.0000000000E+00,    0.0000000000E+00,    0.0000000000E+00,    3.7814018020E+00
     18350,      0.676915,CP2_after_erosion,   1,    0.0000000000E+00,    3.7814018020E+00,    3.7814018020E+00,    0.0000000000E+00,    0.0000000000E+00,    0.0000000000E+00,    3.7814018020E+00
     18350,      0.676915,CP3_after_update_bottom,   1,    0.0000000000E+00,    3.7814018020E+00,    3.7814018020E+00,    0.0000000000E+00,    0.0000000000E+00,    0.0000000000E+00,    3.7814018020E+00
     18350,      0.676915,CP4_after_advection,   1,    0.0000000000E+00,    3.7818572172E+00,    3.7818572172E+00,    0.0000000000E+00,    0.0000000000E+00,    0.0000000000E+00,    3.7818572172E+00
     18350,      0.676915,CP5_after_vdif,   1,    0.0000000000E+00,    3.7818572172E+00,    3.7818572172E+00,    0.0000000000E+00,    0.0000000000E+00,    0.0000000000E+00,    3.7818572172E+00
     18350,      0.676915,CP6_after_kinetics,   1,    0.0000000000E+00,    3.7818572172E+00,    3.7818572172E+00,    0.0000000000E+00,    0.0000000000E+00,    0.0000000000E+00,    3.7818572172E+00
     18350,      0.676915,CP7_after_upper_clamp,   1,    0.0000000000E+00,    3.7818572172E+00,    3.7818572172E+00,    0.0000000000E+00,    0.0000000000E+00,    0.0000000000E+00,    3.7818572172E+00
     18350,      0.676915,CP8_after_OBC,   1,    0.0000000000E+00,    3.7818572172E+00,    3.7818572172E+00,    0.0000000000E+00,    0.0000000000E+00,    0.0000000000E+00,    3.7818572172E+00
     18350,      0.676915,CP9_after_PTsource,   1,    0.0000000000E+00,    3.7818572172E+00,    3.7818572172E+00,    0.0000000000E+00,    0.0000000000E+00,    0.0000000000E+00,    3.7818572172E+00
     18350,      0.676915,CP10_after_neg_clamp,   1,    0.0000000000E+00,    3.7818572172E+00,    3.7818572172E+00,    0.0000000000E+00,    0.0000000000E+00,    0.0000000000E+00,    3.7818572172E+00
     18350,      0.676915,CP11_after_MPI,   1,    0.0000000000E+00,    3.7818572172E+00,    3.7818572172E+00,    0.0000000000E+00,    0.0000000000E+00,    0.0000000000E+00,    3.7818572172E+00
     18350,      0.676915,CP12_end,   1,    0.0000000000E+00,    3.7818572172E+00,    3.7818572172E+00,    0.0000000000E+00,    0.0000000000E+00,    0.0000000000E+00,    3.7818572172E+00
     18400,      0.676915,CP0_start,   1,    0.0000000000E+00,    3.8028799531E+00,    3.8028799531E+00,    0.0000000000E+00,    0.0000000000E+00,    0.0000000000E+00,    3.8028799531E+00
     18400,      0.676915,CP1_after_deposition,   1,    0.0000000000E+00,    3.8028799531E+00,    3.8028799531E+00,    0.0000000000E+00,    0.0000000000E+00,    0.0000000000E+00,    3.8028799531E+00
     18400,      0.676915,CP2_after_erosion,   1,    0.0000000000E+00,    3.8028799531E+00,    3.8028799531E+00,    0.0000000000E+00,    0.0000000000E+00,    0.0000000000E+00,    3.8028799531E+00
     18400,      0.676915,CP3_after_update_bottom,   1,    0.0000000000E+00,    3.8028799531E+00,    3.8028799531E+00,    0.0000000000E+00,    0.0000000000E+00,    0.0000000000E+00,    3.8028799531E+00
     18400,      0.676915,CP4_after_advection,   1,    0.0000000000E+00,    3.8033359490E+00,    3.8033359490E+00,    0.0000000000E+00,    0.0000000000E+00,    0.0000000000E+00,    3.8033359490E+00
     18400,      0.676915,CP5_after_vdif,   1,    0.0000000000E+00,    3.8033359490E+00,    3.8033359490E+00,    0.0000000000E+00,    0.0000000000E+00,    0.0000000000E+00,    3.8033359490E+00
     18400,      0.676915,CP6_after_kinetics,   1,    0.0000000000E+00,    3.8033359490E+00,    3.8033359490E+00,    0.0000000000E+00,    0.0000000000E+00,    0.0000000000E+00,    3.8033359490E+00
     18400,      0.676915,CP7_after_upper_clamp,   1,    0.0000000000E+00,    3.8033359490E+00,    3.8033359490E+00,    0.0000000000E+00,    0.0000000000E+00,    0.0000000000E+00,    3.8033359490E+00
     18400,      0.676915,CP8_after_OBC,   1,    0.0000000000E+00,    3.8033359490E+00,    3.8033359490E+00,    0.0000000000E+00,    0.0000000000E+00,    0.0000000000E+00,    3.8033359490E+00
     18400,      0.676915,CP9_after_PTsource,   1,    0.0000000000E+00,    3.8033359490E+00,    3.8033359490E+00,    0.0000000000E+00,    0.0000000000E+00,    0.0000000000E+00,    3.8033359490E+00
     18400,      0.676915,CP10_after_neg_clamp,   1,    0.0000000000E+00,    3.8033359490E+00,    3.8033359490E+00,    0.0000000000E+00,    0.0000000000E+00,    0.0000000000E+00,    3.8033359490E+00
     18400,      0.676915,CP11_after_MPI,   1,    0.0000000000E+00,    3.8033359490E+00,    3.8033359490E+00,    0.0000000000E+00,    0.0000000000E+00,    0.0000000000E+00,    3.8033359490E+00
     18400,      0.676915,CP12_end,   1,    0.0000000000E+00,    3.8033359490E+00,    3.8033359490E+00,    0.0000000000E+00,    0.0000000000E+00,    0.0000000000E+00,    3.8033359490E+00
     18450,      0.676915,CP0_start,   1,    0.0000000000E+00,    3.8243742103E+00,    3.8243742103E+00,    0.0000000000E+00,    0.0000000000E+00,    0.0000000000E+00,    3.8243742103E+00
     18450,      0.676915,CP1_after_deposition,   1,    0.0000000000E+00,    3.8243742103E+00,    3.8243742103E+00,    0.0000000000E+00,    0.0000000000E+00,    0.0000000000E+00,    3.8243742103E+00
     18450,      0.676915,CP2_after_erosion,   1,    0.0000000000E+00,    3.8243742103E+00,    3.8243742103E+00,    0.0000000000E+00,    0.0000000000E+00,    0.0000000000E+00,    3.8243742103E+00
     18450,      0.676915,CP3_after_update_bottom,   1,    0.0000000000E+00,    3.8243742103E+00,    3.8243742103E+00,    0.0000000000E+00,    0.0000000000E+00,    0.0000000000E+00,    3.8243742103E+00
     18450,      0.676915,CP4_after_advection,   1,    0.0000000000E+00,    3.8248314594E+00,    3.8248314594E+00,    0.0000000000E+00,    0.0000000000E+00,    0.0000000000E+00,    3.8248314594E+00
     18450,      0.676915,CP5_after_vdif,   1,    0.0000000000E+00,    3.8248314594E+00,    3.8248314594E+00,    0.0000000000E+00,    0.0000000000E+00,    0.0000000000E+00,    3.8248314594E+00
     18450,      0.676915,CP6_after_kinetics,   1,    0.0000000000E+00,    3.8248314594E+00,    3.8248314594E+00,    0.0000000000E+00,    0.0000000000E+00,    0.0000000000E+00,    3.8248314594E+00
     18450,      0.676915,CP7_after_upper_clamp,   1,    0.0000000000E+00,    3.8248314594E+00,    3.8248314594E+00,    0.0000000000E+00,    0.0000000000E+00,    0.0000000000E+00,    3.8248314594E+00
     18450,      0.676915,CP8_after_OBC,   1,    0.0000000000E+00,    3.8248314594E+00,    3.8248314594E+00,    0.0000000000E+00,    0.0000000000E+00,    0.0000000000E+00,    3.8248314594E+00
     18450,      0.676915,CP9_after_PTsource,   1,    0.0000000000E+00,    3.8248314594E+00,    3.8248314594E+00,    0.0000000000E+00,    0.0000000000E+00,    0.0000000000E+00,    3.8248314594E+00
     18450,      0.676915,CP10_after_neg_clamp,   1,    0.0000000000E+00,    3.8248314594E+00,    3.8248314594E+00,    0.0000000000E+00,    0.0000000000E+00,    0.0000000000E+00,    3.8248314594E+00
     18450,      0.676915,CP11_after_MPI,   1,    0.0000000000E+00,    3.8248314594E+00,    3.8248314594E+00,    0.0000000000E+00,    0.0000000000E+00,    0.0000000000E+00,    3.8248314594E+00
     18450,      0.676915,CP12_end,   1,    0.0000000000E+00,    3.8248314594E+00,    3.8248314594E+00,    0.0000000000E+00,    0.0000000000E+00,    0.0000000000E+00,    3.8248314594E+00
     18500,      0.676915,CP0_start,   1,    0.0000000000E+00,    3.8458802591E+00,    3.8458802591E+00,    0.0000000000E+00,    0.0000000000E+00,    0.0000000000E+00,    3.8458802591E+00
     18500,      0.676915,CP1_after_deposition,   1,    0.0000000000E+00,    3.8458802591E+00,    3.8458802591E+00,    0.0000000000E+00,    0.0000000000E+00,    0.0000000000E+00,    3.8458802591E+00
     18500,      0.676915,CP2_after_erosion,   1,    0.0000000000E+00,    3.8458802591E+00,    3.8458802591E+00,    0.0000000000E+00,    0.0000000000E+00,    0.0000000000E+00,    3.8458802591E+00
     18500,      0.676915,CP3_after_update_bottom,   1,    0.0000000000E+00,    3.8458802591E+00,    3.8458802591E+00,    0.0000000000E+00,    0.0000000000E+00,    0.0000000000E+00,    3.8458802591E+00
     18500,      0.676915,CP4_after_advection,   1,    0.0000000000E+00,    3.8463378297E+00,    3.8463378297E+00,    0.0000000000E+00,    0.0000000000E+00,    0.0000000000E+00,    3.8463378297E+00
     18500,      0.676915,CP5_after_vdif,   1,    0.0000000000E+00,    3.8463378297E+00,    3.8463378297E+00,    0.0000000000E+00,    0.0000000000E+00,    0.0000000000E+00,    3.8463378297E+00
     18500,      0.676915,CP6_after_kinetics,   1,    0.0000000000E+00,    3.8463378297E+00,    3.8463378297E+00,    0.0000000000E+00,    0.0000000000E+00,    0.0000000000E+00,    3.8463378297E+00
     18500,      0.676915,CP7_after_upper_clamp,   1,    0.0000000000E+00,    3.8463378297E+00,    3.8463378297E+00,    0.0000000000E+00,    0.0000000000E+00,    0.0000000000E+00,    3.8463378297E+00
     18500,      0.676915,CP8_after_OBC,   1,    0.0000000000E+00,    3.8463378297E+00,    3.8463378297E+00,    0.0000000000E+00,    0.0000000000E+00,    0.0000000000E+00,    3.8463378297E+00
     18500,      0.676915,CP9_after_PTsource,   1,    0.0000000000E+00,    3.8463378297E+00,    3.8463378297E+00,    0.0000000000E+00,    0.0000000000E+00,    0.0000000000E+00,    3.8463378297E+00
     18500,      0.676915,CP10_after_neg_clamp,   1,    0.0000000000E+00,    3.8463378297E+00,    3.8463378297E+00,    0.0000000000E+00,    0.0000000000E+00,    0.0000000000E+00,    3.8463378297E+00
     18500,      0.676915,CP11_after_MPI,   1,    0.0000000000E+00,    3.8463378297E+00,    3.8463378297E+00,    0.0000000000E+00,    0.0000000000E+00,    0.0000000000E+00,    3.8463378297E+00
     18500,      0.676915,CP12_end,   1,    0.0000000000E+00,    3.8463378297E+00,    3.8463378297E+00,    0.0000000000E+00,    0.0000000000E+00,    0.0000000000E+00,    3.8463378297E+00
     18550,      0.676915,CP0_start,   1,    0.0000000000E+00,    3.8673923951E+00,    3.8673923951E+00,    0.0000000000E+00,    0.0000000000E+00,    0.0000000000E+00,    3.8673923951E+00
     18550,      0.676915,CP1_after_deposition,   1,    0.0000000000E+00,    3.8673923951E+00,    3.8673923951E+00,    0.0000000000E+00,    0.0000000000E+00,    0.0000000000E+00,    3.8673923951E+00
     18550,      0.676915,CP2_after_erosion,   1,    0.0000000000E+00,    3.8673923951E+00,    3.8673923951E+00,    0.0000000000E+00,    0.0000000000E+00,    0.0000000000E+00,    3.8673923951E+00
     18550,      0.676915,CP3_after_update_bottom,   1,    0.0000000000E+00,    3.8673923951E+00,    3.8673923951E+00,    0.0000000000E+00,    0.0000000000E+00,    0.0000000000E+00,    3.8673923951E+00
     18550,      0.676915,CP4_after_advection,   1,    0.0000000000E+00,    3.8678504223E+00,    3.8678504223E+00,    0.0000000000E+00,    0.0000000000E+00,    0.0000000000E+00,    3.8678504223E+00
     18550,      0.676915,CP5_after_vdif,   1,    0.0000000000E+00,    3.8678504223E+00,    3.8678504223E+00,    0.0000000000E+00,    0.0000000000E+00,    0.0000000000E+00,    3.8678504223E+00
     18550,      0.676915,CP6_after_kinetics,   1,    0.0000000000E+00,    3.8678504223E+00,    3.8678504223E+00,    0.0000000000E+00,    0.0000000000E+00,    0.0000000000E+00,    3.8678504223E+00
     18550,      0.676915,CP7_after_upper_clamp,   1,    0.0000000000E+00,    3.8678504223E+00,    3.8678504223E+00,    0.0000000000E+00,    0.0000000000E+00,    0.0000000000E+00,    3.8678504223E+00
     18550,      0.676915,CP8_after_OBC,   1,    0.0000000000E+00,    3.8678504223E+00,    3.8678504223E+00,    0.0000000000E+00,    0.0000000000E+00,    0.0000000000E+00,    3.8678504223E+00
     18550,      0.676915,CP9_after_PTsource,   1,    0.0000000000E+00,    3.8678504223E+00,    3.8678504223E+00,    0.0000000000E+00,    0.0000000000E+00,    0.0000000000E+00,    3.8678504223E+00
     18550,      0.676915,CP10_after_neg_clamp,   1,    0.0000000000E+00,    3.8678504223E+00,    3.8678504223E+00,    0.0000000000E+00,    0.0000000000E+00,    0.0000000000E+00,    3.8678504223E+00
     18550,      0.676915,CP11_after_MPI,   1,    0.0000000000E+00,    3.8678504223E+00,    3.8678504223E+00,    0.0000000000E+00,    0.0000000000E+00,    0.0000000000E+00,    3.8678504223E+00
     18550,      0.676915,CP12_end,   1,    0.0000000000E+00,    3.8678504223E+00,    3.8678504223E+00,    0.0000000000E+00,    0.0000000000E+00,    0.0000000000E+00,    3.8678504223E+00
     18600,      0.676915,CP0_start,   1,    0.0000000000E+00,    3.8889076228E+00,    3.8889076228E+00,    0.0000000000E+00,    0.0000000000E+00,    0.0000000000E+00,    3.8889076228E+00
     18600,      0.676915,CP1_after_deposition,   1,    0.0000000000E+00,    3.8889076228E+00,    3.8889076228E+00,    0.0000000000E+00,    0.0000000000E+00,    0.0000000000E+00,    3.8889076228E+00
     18600,      0.676915,CP2_after_erosion,   1,    0.0000000000E+00,    3.8889076228E+00,    3.8889076228E+00,    0.0000000000E+00,    0.0000000000E+00,    0.0000000000E+00,    3.8889076228E+00
     18600,      0.676915,CP3_after_update_bottom,   1,    0.0000000000E+00,    3.8889076228E+00,    3.8889076228E+00,    0.0000000000E+00,    0.0000000000E+00,    0.0000000000E+00,    3.8889076228E+00
     18600,      0.676915,CP4_after_advection,   1,    0.0000000000E+00,    3.8893655093E+00,    3.8893655093E+00,    0.0000000000E+00,    0.0000000000E+00,    0.0000000000E+00,    3.8893655093E+00
     18600,      0.676915,CP5_after_vdif,   1,    0.0000000000E+00,    3.8893655093E+00,    3.8893655093E+00,    0.0000000000E+00,    0.0000000000E+00,    0.0000000000E+00,    3.8893655093E+00
     18600,      0.676915,CP6_after_kinetics,   1,    0.0000000000E+00,    3.8893655093E+00,    3.8893655093E+00,    0.0000000000E+00,    0.0000000000E+00,    0.0000000000E+00,    3.8893655093E+00
     18600,      0.676915,CP7_after_upper_clamp,   1,    0.0000000000E+00,    3.8893655093E+00,    3.8893655093E+00,    0.0000000000E+00,    0.0000000000E+00,    0.0000000000E+00,    3.8893655093E+00
     18600,      0.676915,CP8_after_OBC,   1,    0.0000000000E+00,    3.8893655093E+00,    3.8893655093E+00,    0.0000000000E+00,    0.0000000000E+00,    0.0000000000E+00,    3.8893655093E+00
     18600,      0.676915,CP9_after_PTsource,   1,    0.0000000000E+00,    3.8893655093E+00,    3.8893655093E+00,    0.0000000000E+00,    0.0000000000E+00,    0.0000000000E+00,    3.8893655093E+00
     18600,      0.676915,CP10_after_neg_clamp,   1,    0.0000000000E+00,    3.8893655093E+00,    3.8893655093E+00,    0.0000000000E+00,    0.0000000000E+00,    0.0000000000E+00,    3.8893655093E+00
     18600,      0.676915,CP11_after_MPI,   1,    0.0000000000E+00,    3.8893655093E+00,    3.8893655093E+00,    0.0000000000E+00,    0.0000000000E+00,    0.0000000000E+00,    3.8893655093E+00
     18600,      0.676915,CP12_end,   1,    0.0000000000E+00,    3.8893655093E+00,    3.8893655093E+00,    0.0000000000E+00,    0.0000000000E+00,    0.0000000000E+00,    3.8893655093E+00
     18650,      0.676915,CP0_start,   1,    0.0000000000E+00,    3.9104230497E+00,    3.9104230497E+00,    0.0000000000E+00,    0.0000000000E+00,    0.0000000000E+00,    3.9104230497E+00
     18650,      0.676915,CP1_after_deposition,   1,    0.0000000000E+00,    3.9104230497E+00,    3.9104230497E+00,    0.0000000000E+00,    0.0000000000E+00,    0.0000000000E+00,    3.9104230497E+00
     18650,      0.676915,CP2_after_erosion,   1,                 NaN,                 NaN,                 NaN,    0.0000000000E+00,    0.0000000000E+00,    0.0000000000E+00,                 NaN
     18650,      0.676915,CP3_after_update_bottom,   1,                 NaN,                 NaN,                 NaN,    0.0000000000E+00,    0.0000000000E+00,    0.0000000000E+00,                 NaN
     18650,      0.676915,CP4_after_advection,   1,                 NaN,                 NaN,                 NaN,    0.0000000000E+00,    0.0000000000E+00,    0.0000000000E+00,                 NaN
     18650,      0.676915,CP5_after_vdif,   1,                 NaN,                 NaN,                 NaN,    0.0000000000E+00,    0.0000000000E+00,    0.0000000000E+00,                 NaN
     18650,      0.676915,CP6_after_kinetics,   1,                 NaN,                 NaN,                 NaN,    0.0000000000E+00,    0.0000000000E+00,    0.0000000000E+00,                 NaN
     18650,      0.676915,CP7_after_upper_clamp,   1,                 NaN,                 NaN,                 NaN,    0.0000000000E+00,    0.0000000000E+00,    0.0000000000E+00,                 NaN
     18650,      0.676915,CP8_after_OBC,   1,                 NaN,                 NaN,                 NaN,    0.0000000000E+00,    0.0000000000E+00,    0.0000000000E+00,                 NaN
     18650,      0.676915,CP9_after_PTsource,   1,                 NaN,                 NaN,                 NaN,    0.0000000000E+00,    0.0000000000E+00,    0.0000000000E+00,                 NaN
     18650,      0.676915,CP10_after_neg_clamp,   1,    0.0000000000E+00,    3.9108801507E+00,    3.9108801507E+00,    0.0000000000E+00,    0.0000000000E+00,    0.0000000000E+00,    3.9108801507E+00
     18650,      0.676915,CP11_after_MPI,   1,    0.0000000000E+00,    3.9108801507E+00,    3.9108801507E+00,    0.0000000000E+00,    0.0000000000E+00,    0.0000000000E+00,    3.9108801507E+00
     18650,      0.676915,CP12_end,   1,    0.0000000000E+00,    3.9108801507E+00,    3.9108801507E+00,    0.0000000000E+00,    0.0000000000E+00,    0.0000000000E+00,    3.9108801507E+00
     18700,      0.676915,CP0_start,   1,    0.0000000000E+00,    3.9319351630E+00,    3.9319351630E+00,    0.0000000000E+00,    0.0000000000E+00,    0.0000000000E+00,    3.9319351630E+00
     18700,      0.676915,CP1_after_deposition,   1,    0.0000000000E+00,    3.9319351630E+00,    3.9319351630E+00,    0.0000000000E+00,    0.0000000000E+00,    0.0000000000E+00,    3.9319351630E+00
     18700,      0.676915,CP2_after_erosion,   1,    0.0000000000E+00,    3.9319351630E+00,    3.9319351630E+00,    0.0000000000E+00,    0.0000000000E+00,    0.0000000000E+00,    3.9319351630E+00
     18700,      0.676915,CP3_after_update_bottom,   1,    0.0000000000E+00,    3.9319351630E+00,    3.9319351630E+00,    0.0000000000E+00,    0.0000000000E+00,    0.0000000000E+00,    3.9319351630E+00
     18700,      0.676915,CP4_after_advection,   1,    0.0000000000E+00,    3.9323928768E+00,    3.9323928768E+00,    0.0000000000E+00,    0.0000000000E+00,    0.0000000000E+00,    3.9323928768E+00
     18700,      0.676915,CP5_after_vdif,   1,    0.0000000000E+00,    3.9323928768E+00,    3.9323928768E+00,    0.0000000000E+00,    0.0000000000E+00,    0.0000000000E+00,    3.9323928768E+00
     18700,      0.676915,CP6_after_kinetics,   1,    0.0000000000E+00,    3.9323928768E+00,    3.9323928768E+00,    0.0000000000E+00,    0.0000000000E+00,    0.0000000000E+00,    3.9323928768E+00
     18700,      0.676915,CP7_after_upper_clamp,   1,    0.0000000000E+00,    3.9323928768E+00,    3.9323928768E+00,    0.0000000000E+00,    0.0000000000E+00,    0.0000000000E+00,    3.9323928768E+00
     18700,      0.676915,CP8_after_OBC,   1,    0.0000000000E+00,    3.9323928768E+00,    3.9323928768E+00,    0.0000000000E+00,    0.0000000000E+00,    0.0000000000E+00,    3.9323928768E+00
     18700,      0.676915,CP9_after_PTsource,   1,    0.0000000000E+00,    3.9323928768E+00,    3.9323928768E+00,    0.0000000000E+00,    0.0000000000E+00,    0.0000000000E+00,    3.9323928768E+00
     18700,      0.676915,CP10_after_neg_clamp,   1,    0.0000000000E+00,    3.9323928768E+00,    3.9323928768E+00,    0.0000000000E+00,    0.0000000000E+00,    0.0000000000E+00,    3.9323928768E+00
     18700,      0.676915,CP11_after_MPI,   1,    0.0000000000E+00,    3.9323928768E+00,    3.9323928768E+00,    0.0000000000E+00,    0.0000000000E+00,    0.0000000000E+00,    3.9323928768E+00
     18700,      0.676915,CP12_end,   1,    0.0000000000E+00,    3.9323928768E+00,    3.9323928768E+00,    0.0000000000E+00,    0.0000000000E+00,    0.0000000000E+00,    3.9323928768E+00
     18750,      0.676915,CP0_start,   1,    0.0000000000E+00,    3.9534467369E+00,    3.9534467369E+00,    0.0000000000E+00,    0.0000000000E+00,    0.0000000000E+00,    3.9534467369E+00
     18750,      0.676915,CP1_after_deposition,   1,    0.0000000000E+00,    3.9534467369E+00,    3.9534467369E+00,    0.0000000000E+00,    0.0000000000E+00,    0.0000000000E+00,    3.9534467369E+00
     18750,      0.676915,CP2_after_erosion,   1,    0.0000000000E+00,    3.9534467369E+00,    3.9534467369E+00,    0.0000000000E+00,    0.0000000000E+00,    0.0000000000E+00,    3.9534467369E+00
     18750,      0.676915,CP3_after_update_bottom,   1,    0.0000000000E+00,    3.9534467369E+00,    3.9534467369E+00,    0.0000000000E+00,    0.0000000000E+00,    0.0000000000E+00,    3.9534467369E+00
     18750,      0.676915,CP4_after_advection,   1,    0.0000000000E+00,    3.9539044278E+00,    3.9539044278E+00,    0.0000000000E+00,    0.0000000000E+00,    0.0000000000E+00,    3.9539044278E+00
     18750,      0.676915,CP5_after_vdif,   1,    0.0000000000E+00,    3.9539044278E+00,    3.9539044278E+00,    0.0000000000E+00,    0.0000000000E+00,    0.0000000000E+00,    3.9539044278E+00
     18750,      0.676915,CP6_after_kinetics,   1,    0.0000000000E+00,    3.9539044278E+00,    3.9539044278E+00,    0.0000000000E+00,    0.0000000000E+00,    0.0000000000E+00,    3.9539044278E+00
     18750,      0.676915,CP7_after_upper_clamp,   1,    0.0000000000E+00,    3.9539044278E+00,    3.9539044278E+00,    0.0000000000E+00,    0.0000000000E+00,    0.0000000000E+00,    3.9539044278E+00
     18750,      0.676915,CP8_after_OBC,   1,    0.0000000000E+00,    3.9539044278E+00,    3.9539044278E+00,    0.0000000000E+00,    0.0000000000E+00,    0.0000000000E+00,    3.9539044278E+00
     18750,      0.676915,CP9_after_PTsource,   1,    0.0000000000E+00,    3.9539044278E+00,    3.9539044278E+00,    0.0000000000E+00,    0.0000000000E+00,    0.0000000000E+00,    3.9539044278E+00
     18750,      0.676915,CP10_after_neg_clamp,   1,    0.0000000000E+00,    3.9539044278E+00,    3.9539044278E+00,    0.0000000000E+00,    0.0000000000E+00,    0.0000000000E+00,    3.9539044278E+00
     18750,      0.676915,CP11_after_MPI,   1,    0.0000000000E+00,    3.9539044278E+00,    3.9539044278E+00,    0.0000000000E+00,    0.0000000000E+00,    0.0000000000E+00,    3.9539044278E+00
     18750,      0.676915,CP12_end,   1,    0.0000000000E+00,    3.9539044278E+00,    3.9539044278E+00,    0.0000000000E+00,    0.0000000000E+00,    0.0000000000E+00,    3.9539044278E+00
     18800,      0.676915,CP0_start,   1,    0.0000000000E+00,    3.9749560893E+00,    3.9749560893E+00,    0.0000000000E+00,    0.0000000000E+00,    0.0000000000E+00,    3.9749560893E+00
     18800,      0.676915,CP1_after_deposition,   1,    0.0000000000E+00,    3.9749560893E+00,    3.9749560893E+00,    0.0000000000E+00,    0.0000000000E+00,    0.0000000000E+00,    3.9749560893E+00
     18800,      0.676915,CP2_after_erosion,   1,    0.0000000000E+00,    3.9749560893E+00,    3.9749560893E+00,    0.0000000000E+00,    0.0000000000E+00,    0.0000000000E+00,    3.9749560893E+00
     18800,      0.676915,CP3_after_update_bottom,   1,    0.0000000000E+00,    3.9749560893E+00,    3.9749560893E+00,    0.0000000000E+00,    0.0000000000E+00,    0.0000000000E+00,    3.9749560893E+00
     18800,      0.676915,CP4_after_advection,   1,    0.0000000000E+00,    3.9754145653E+00,    3.9754145653E+00,    0.0000000000E+00,    0.0000000000E+00,    0.0000000000E+00,    3.9754145653E+00
     18800,      0.676915,CP5_after_vdif,   1,    0.0000000000E+00,    3.9754145653E+00,    3.9754145653E+00,    0.0000000000E+00,    0.0000000000E+00,    0.0000000000E+00,    3.9754145653E+00
     18800,      0.676915,CP6_after_kinetics,   1,    0.0000000000E+00,    3.9754145653E+00,    3.9754145653E+00,    0.0000000000E+00,    0.0000000000E+00,    0.0000000000E+00,    3.9754145653E+00
     18800,      0.676915,CP7_after_upper_clamp,   1,    0.0000000000E+00,    3.9754145653E+00,    3.9754145653E+00,    0.0000000000E+00,    0.0000000000E+00,    0.0000000000E+00,    3.9754145653E+00
     18800,      0.676915,CP8_after_OBC,   1,    0.0000000000E+00,    3.9754145653E+00,    3.9754145653E+00,    0.0000000000E+00,    0.0000000000E+00,    0.0000000000E+00,    3.9754145653E+00
     18800,      0.676915,CP9_after_PTsource,   1,    0.0000000000E+00,    3.9754145653E+00,    3.9754145653E+00,    0.0000000000E+00,    0.0000000000E+00,    0.0000000000E+00,    3.9754145653E+00
     18800,      0.676915,CP10_after_neg_clamp,   1,    0.0000000000E+00,    3.9754145653E+00,    3.9754145653E+00,    0.0000000000E+00,    0.0000000000E+00,    0.0000000000E+00,    3.9754145653E+00
     18800,      0.676915,CP11_after_MPI,   1,    0.0000000000E+00,    3.9754145653E+00,    3.9754145653E+00,    0.0000000000E+00,    0.0000000000E+00,    0.0000000000E+00,    3.9754145653E+00
     18800,      0.676915,CP12_end,   1,    0.0000000000E+00,    3.9754145653E+00,    3.9754145653E+00,    0.0000000000E+00,    0.0000000000E+00,    0.0000000000E+00,    3.9754145653E+00
     18850,      0.676915,CP0_start,   1,    0.0000000000E+00,    3.9964660387E+00,    3.9964660387E+00,    0.0000000000E+00,    0.0000000000E+00,    0.0000000000E+00,    3.9964660387E+00
     18850,      0.676915,CP1_after_deposition,   1,    0.0000000000E+00,    3.9964660387E+00,    3.9964660387E+00,    0.0000000000E+00,    0.0000000000E+00,    0.0000000000E+00,    3.9964660387E+00
     18850,      0.676915,CP2_after_erosion,   1,    0.0000000000E+00,    3.9964660387E+00,    3.9964660387E+00,    0.0000000000E+00,    0.0000000000E+00,    0.0000000000E+00,    3.9964660387E+00
     18850,      0.676915,CP3_after_update_bottom,   1,    0.0000000000E+00,    3.9964660387E+00,    3.9964660387E+00,    0.0000000000E+00,    0.0000000000E+00,    0.0000000000E+00,    3.9964660387E+00
     18850,      0.676915,CP4_after_advection,   1,    0.0000000000E+00,    3.9969241786E+00,    3.9969241786E+00,    0.0000000000E+00,    0.0000000000E+00,    0.0000000000E+00,    3.9969241786E+00
     18850,      0.676915,CP5_after_vdif,   1,    0.0000000000E+00,    3.9969241786E+00,    3.9969241786E+00,    0.0000000000E+00,    0.0000000000E+00,    0.0000000000E+00,    3.9969241786E+00
     18850,      0.676915,CP6_after_kinetics,   1,    0.0000000000E+00,    3.9969241786E+00,    3.9969241786E+00,    0.0000000000E+00,    0.0000000000E+00,    0.0000000000E+00,    3.9969241786E+00
     18850,      0.676915,CP7_after_upper_clamp,   1,    0.0000000000E+00,    3.9969241786E+00,    3.9969241786E+00,    0.0000000000E+00,    0.0000000000E+00,    0.0000000000E+00,    3.9969241786E+00
     18850,      0.676915,CP8_after_OBC,   1,    0.0000000000E+00,    3.9969241786E+00,    3.9969241786E+00,    0.0000000000E+00,    0.0000000000E+00,    0.0000000000E+00,    3.9969241786E+00
     18850,      0.676915,CP9_after_PTsource,   1,    0.0000000000E+00,    3.9969241786E+00,    3.9969241786E+00,    0.0000000000E+00,    0.0000000000E+00,    0.0000000000E+00,    3.9969241786E+00
     18850,      0.676915,CP10_after_neg_clamp,   1,    0.0000000000E+00,    3.9969241786E+00,    3.9969241786E+00,    0.0000000000E+00,    0.0000000000E+00,    0.0000000000E+00,    3.9969241786E+00
     18850,      0.676915,CP11_after_MPI,   1,    0.0000000000E+00,    3.9969241786E+00,    3.9969241786E+00,    0.0000000000E+00,    0.0000000000E+00,    0.0000000000E+00,    3.9969241786E+00
     18850,      0.676915,CP12_end,   1,    0.0000000000E+00,    3.9969241786E+00,    3.9969241786E+00,    0.0000000000E+00,    0.0000000000E+00,    0.0000000000E+00,    3.9969241786E+00
     18900,      0.676915,CP0_start,   1,    0.0000000000E+00,    4.0179782812E+00,    4.0179782812E+00,    0.0000000000E+00,    0.0000000000E+00,    0.0000000000E+00,    4.0179782812E+00
     18900,      0.676915,CP1_after_deposition,   1,    0.0000000000E+00,    4.0179782812E+00,    4.0179782812E+00,    0.0000000000E+00,    0.0000000000E+00,    0.0000000000E+00,    4.0179782812E+00
     18900,      0.676915,CP2_after_erosion,   1,    0.0000000000E+00,    4.0179782812E+00,    4.0179782812E+00,    0.0000000000E+00,    0.0000000000E+00,    0.0000000000E+00,    4.0179782812E+00
     18900,      0.676915,CP3_after_update_bottom,   1,    0.0000000000E+00,    4.0179782812E+00,    4.0179782812E+00,    0.0000000000E+00,    0.0000000000E+00,    0.0000000000E+00,    4.0179782812E+00
     18900,      0.676915,CP4_after_advection,   1,    0.0000000000E+00,    4.0184360031E+00,    4.0184360031E+00,    0.0000000000E+00,    0.0000000000E+00,    0.0000000000E+00,    4.0184360031E+00
     18900,      0.676915,CP5_after_vdif,   1,    0.0000000000E+00,    4.0184360031E+00,    4.0184360031E+00,    0.0000000000E+00,    0.0000000000E+00,    0.0000000000E+00,    4.0184360031E+00
     18900,      0.676915,CP6_after_kinetics,   1,    0.0000000000E+00,    4.0184360031E+00,    4.0184360031E+00,    0.0000000000E+00,    0.0000000000E+00,    0.0000000000E+00,    4.0184360031E+00
     18900,      0.676915,CP7_after_upper_clamp,   1,    0.0000000000E+00,    4.0184360031E+00,    4.0184360031E+00,    0.0000000000E+00,    0.0000000000E+00,    0.0000000000E+00,    4.0184360031E+00
     18900,      0.676915,CP8_after_OBC,   1,    0.0000000000E+00,    4.0184360031E+00,    4.0184360031E+00,    0.0000000000E+00,    0.0000000000E+00,    0.0000000000E+00,    4.0184360031E+00
     18900,      0.676915,CP9_after_PTsource,   1,    0.0000000000E+00,    4.0184360031E+00,    4.0184360031E+00,    0.0000000000E+00,    0.0000000000E+00,    0.0000000000E+00,    4.0184360031E+00
     18900,      0.676915,CP10_after_neg_clamp,   1,    0.0000000000E+00,    4.0184360031E+00,    4.0184360031E+00,    0.0000000000E+00,    0.0000000000E+00,    0.0000000000E+00,    4.0184360031E+00
     18900,      0.676915,CP11_after_MPI,   1,    0.0000000000E+00,    4.0184360031E+00,    4.0184360031E+00,    0.0000000000E+00,    0.0000000000E+00,    0.0000000000E+00,    4.0184360031E+00
     18900,      0.676915,CP12_end,   1,    0.0000000000E+00,    4.0184360031E+00,    4.0184360031E+00,    0.0000000000E+00,    0.0000000000E+00,    0.0000000000E+00,    4.0184360031E+00
     18950,      0.676915,CP0_start,   1,    0.0000000000E+00,    4.0394526577E+00,    4.0394526577E+00,    0.0000000000E+00,    0.0000000000E+00,    0.0000000000E+00,    4.0394526577E+00
     18950,      0.676915,CP1_after_deposition,   1,    0.0000000000E+00,    4.0394526577E+00,    4.0394526577E+00,    0.0000000000E+00,    0.0000000000E+00,    0.0000000000E+00,    4.0394526577E+00
     18950,      0.676915,CP2_after_erosion,   1,    0.0000000000E+00,    4.0394526577E+00,    4.0394526577E+00,    0.0000000000E+00,    0.0000000000E+00,    0.0000000000E+00,    4.0394526577E+00
     18950,      0.676915,CP3_after_update_bottom,   1,    0.0000000000E+00,    4.0394526577E+00,    4.0394526577E+00,    0.0000000000E+00,    0.0000000000E+00,    0.0000000000E+00,    4.0394526577E+00
     18950,      0.676915,CP4_after_advection,   1,    0.0000000000E+00,    4.0399093254E+00,    4.0399093254E+00,    0.0000000000E+00,    0.0000000000E+00,    0.0000000000E+00,    4.0399093254E+00
     18950,      0.676915,CP5_after_vdif,   1,    0.0000000000E+00,    4.0399093254E+00,    4.0399093254E+00,    0.0000000000E+00,    0.0000000000E+00,    0.0000000000E+00,    4.0399093254E+00
     18950,      0.676915,CP6_after_kinetics,   1,    0.0000000000E+00,    4.0399093254E+00,    4.0399093254E+00,    0.0000000000E+00,    0.0000000000E+00,    0.0000000000E+00,    4.0399093254E+00
     18950,      0.676915,CP7_after_upper_clamp,   1,    0.0000000000E+00,    4.0399093254E+00,    4.0399093254E+00,    0.0000000000E+00,    0.0000000000E+00,    0.0000000000E+00,    4.0399093254E+00
     18950,      0.676915,CP8_after_OBC,   1,    0.0000000000E+00,    4.0399093254E+00,    4.0399093254E+00,    0.0000000000E+00,    0.0000000000E+00,    0.0000000000E+00,    4.0399093254E+00
     18950,      0.676915,CP9_after_PTsource,   1,    0.0000000000E+00,    4.0399093254E+00,    4.0399093254E+00,    0.0000000000E+00,    0.0000000000E+00,    0.0000000000E+00,    4.0399093254E+00
     18950,      0.676915,CP10_after_neg_clamp,   1,    0.0000000000E+00,    4.0399093254E+00,    4.0399093254E+00,    0.0000000000E+00,    0.0000000000E+00,    0.0000000000E+00,    4.0399093254E+00
     18950,      0.676915,CP11_after_MPI,   1,    0.0000000000E+00,    4.0399093254E+00,    4.0399093254E+00,    0.0000000000E+00,    0.0000000000E+00,    0.0000000000E+00,    4.0399093254E+00
     18950,      0.676915,CP12_end,   1,    0.0000000000E+00,    4.0399093254E+00,    4.0399093254E+00,    0.0000000000E+00,    0.0000000000E+00,    0.0000000000E+00,    4.0399093254E+00
     19000,      0.676915,CP0_start,   1,    0.0000000000E+00,    4.0609342957E+00,    4.0609342957E+00,    0.0000000000E+00,    0.0000000000E+00,    0.0000000000E+00,    4.0609342957E+00
     19000,      0.676915,CP1_after_deposition,   1,    0.0000000000E+00,    4.0609342957E+00,    4.0609342957E+00,    0.0000000000E+00,    0.0000000000E+00,    0.0000000000E+00,    4.0609342957E+00
     19000,      0.676915,CP2_after_erosion,   1,    0.0000000000E+00,    4.0609342957E+00,    4.0609342957E+00,    0.0000000000E+00,    0.0000000000E+00,    0.0000000000E+00,    4.0609342957E+00
     19000,      0.676915,CP3_after_update_bottom,   1,    0.0000000000E+00,    4.0609342957E+00,    4.0609342957E+00,    0.0000000000E+00,    0.0000000000E+00,    0.0000000000E+00,    4.0609342957E+00
     19000,      0.676915,CP4_after_advection,   1,    0.0000000000E+00,    4.0613889198E+00,    4.0613889198E+00,    0.0000000000E+00,    0.0000000000E+00,    0.0000000000E+00,    4.0613889198E+00
     19000,      0.676915,CP5_after_vdif,   1,    0.0000000000E+00,    4.0613889198E+00,    4.0613889198E+00,    0.0000000000E+00,    0.0000000000E+00,    0.0000000000E+00,    4.0613889198E+00
     19000,      0.676915,CP6_after_kinetics,   1,    0.0000000000E+00,    4.0613889198E+00,    4.0613889198E+00,    0.0000000000E+00,    0.0000000000E+00,    0.0000000000E+00,    4.0613889198E+00
     19000,      0.676915,CP7_after_upper_clamp,   1,    0.0000000000E+00,    4.0613889198E+00,    4.0613889198E+00,    0.0000000000E+00,    0.0000000000E+00,    0.0000000000E+00,    4.0613889198E+00
     19000,      0.676915,CP8_after_OBC,   1,    0.0000000000E+00,    4.0613889198E+00,    4.0613889198E+00,    0.0000000000E+00,    0.0000000000E+00,    0.0000000000E+00,    4.0613889198E+00
     19000,      0.676915,CP9_after_PTsource,   1,    0.0000000000E+00,    4.0613889198E+00,    4.0613889198E+00,    0.0000000000E+00,    0.0000000000E+00,    0.0000000000E+00,    4.0613889198E+00
     19000,      0.676915,CP10_after_neg_clamp,   1,    0.0000000000E+00,    4.0613889198E+00,    4.0613889198E+00,    0.0000000000E+00,    0.0000000000E+00,    0.0000000000E+00,    4.0613889198E+00
     19000,      0.676915,CP11_after_MPI,   1,    0.0000000000E+00,    4.0613889198E+00,    4.0613889198E+00,    0.0000000000E+00,    0.0000000000E+00,    0.0000000000E+00,    4.0613889198E+00
     19000,      0.676915,CP12_end,   1,    0.0000000000E+00,    4.0613889198E+00,    4.0613889198E+00,    0.0000000000E+00,    0.0000000000E+00,    0.0000000000E+00,    4.0613889198E+00
     19050,      0.676915,CP0_start,   1,    0.0000000000E+00,    4.0824236044E+00,    4.0824236044E+00,    0.0000000000E+00,    0.0000000000E+00,    0.0000000000E+00,    4.0824236044E+00
     19050,      0.676915,CP1_after_deposition,   1,    0.0000000000E+00,    4.0824236044E+00,    4.0824236044E+00,    0.0000000000E+00,    0.0000000000E+00,    0.0000000000E+00,    4.0824236044E+00
     19050,      0.676915,CP2_after_erosion,   1,    0.0000000000E+00,    4.0824236044E+00,    4.0824236044E+00,    0.0000000000E+00,    0.0000000000E+00,    0.0000000000E+00,    4.0824236044E+00
     19050,      0.676915,CP3_after_update_bottom,   1,    0.0000000000E+00,    4.0824236044E+00,    4.0824236044E+00,    0.0000000000E+00,    0.0000000000E+00,    0.0000000000E+00,    4.0824236044E+00
     19050,      0.676915,CP4_after_advection,   1,    0.0000000000E+00,    4.0828790340E+00,    4.0828790340E+00,    0.0000000000E+00,    0.0000000000E+00,    0.0000000000E+00,    4.0828790340E+00
     19050,      0.676915,CP5_after_vdif,   1,    0.0000000000E+00,    4.0828790340E+00,    4.0828790340E+00,    0.0000000000E+00,    0.0000000000E+00,    0.0000000000E+00,    4.0828790340E+00
     19050,      0.676915,CP6_after_kinetics,   1,    0.0000000000E+00,    4.0828790340E+00,    4.0828790340E+00,    0.0000000000E+00,    0.0000000000E+00,    0.0000000000E+00,    4.0828790340E+00
     19050,      0.676915,CP7_after_upper_clamp,   1,    0.0000000000E+00,    4.0828790340E+00,    4.0828790340E+00,    0.0000000000E+00,    0.0000000000E+00,    0.0000000000E+00,    4.0828790340E+00
     19050,      0.676915,CP8_after_OBC,   1,    0.0000000000E+00,    4.0828790340E+00,    4.0828790340E+00,    0.0000000000E+00,    0.0000000000E+00,    0.0000000000E+00,    4.0828790340E+00
     19050,      0.676915,CP9_after_PTsource,   1,    0.0000000000E+00,    4.0828790340E+00,    4.0828790340E+00,    0.0000000000E+00,    0.0000000000E+00,    0.0000000000E+00,    4.0828790340E+00
     19050,      0.676915,CP10_after_neg_clamp,   1,    0.0000000000E+00,    4.0828790340E+00,    4.0828790340E+00,    0.0000000000E+00,    0.0000000000E+00,    0.0000000000E+00,    4.0828790340E+00
     19050,      0.676915,CP11_after_MPI,   1,    0.0000000000E+00,    4.0828790340E+00,    4.0828790340E+00,    0.0000000000E+00,    0.0000000000E+00,    0.0000000000E+00,    4.0828790340E+00
     19050,      0.676915,CP12_end,   1,    0.0000000000E+00,    4.0828790340E+00,    4.0828790340E+00,    0.0000000000E+00,    0.0000000000E+00,    0.0000000000E+00,    4.0828790340E+00
     19100,      0.676915,CP0_start,   1,    0.0000000000E+00,    4.1039278184E+00,    4.1039278184E+00,    0.0000000000E+00,    0.0000000000E+00,    0.0000000000E+00,    4.1039278184E+00
     19100,      0.676915,CP1_after_deposition,   1,    0.0000000000E+00,    4.1039278184E+00,    4.1039278184E+00,    0.0000000000E+00,    0.0000000000E+00,    0.0000000000E+00,    4.1039278184E+00
     19100,      0.676915,CP2_after_erosion,   1,    0.0000000000E+00,    4.1039278184E+00,    4.1039278184E+00,    0.0000000000E+00,    0.0000000000E+00,    0.0000000000E+00,    4.1039278184E+00
     19100,      0.676915,CP3_after_update_bottom,   1,    0.0000000000E+00,    4.1039278184E+00,    4.1039278184E+00,    0.0000000000E+00,    0.0000000000E+00,    0.0000000000E+00,    4.1039278184E+00
     19100,      0.676915,CP4_after_advection,   1,    0.0000000000E+00,    4.1043844835E+00,    4.1043844835E+00,    0.0000000000E+00,    0.0000000000E+00,    0.0000000000E+00,    4.1043844835E+00
     19100,      0.676915,CP5_after_vdif,   1,    0.0000000000E+00,    4.1043844835E+00,    4.1043844835E+00,    0.0000000000E+00,    0.0000000000E+00,    0.0000000000E+00,    4.1043844835E+00
     19100,      0.676915,CP6_after_kinetics,   1,    0.0000000000E+00,    4.1043844835E+00,    4.1043844835E+00,    0.0000000000E+00,    0.0000000000E+00,    0.0000000000E+00,    4.1043844835E+00
     19100,      0.676915,CP7_after_upper_clamp,   1,    0.0000000000E+00,    4.1043844835E+00,    4.1043844835E+00,    0.0000000000E+00,    0.0000000000E+00,    0.0000000000E+00,    4.1043844835E+00
     19100,      0.676915,CP8_after_OBC,   1,    0.0000000000E+00,    4.1043844835E+00,    4.1043844835E+00,    0.0000000000E+00,    0.0000000000E+00,    0.0000000000E+00,    4.1043844835E+00
     19100,      0.676915,CP9_after_PTsource,   1,    0.0000000000E+00,    4.1043844835E+00,    4.1043844835E+00,    0.0000000000E+00,    0.0000000000E+00,    0.0000000000E+00,    4.1043844835E+00
     19100,      0.676915,CP10_after_neg_clamp,   1,    0.0000000000E+00,    4.1043844835E+00,    4.1043844835E+00,    0.0000000000E+00,    0.0000000000E+00,    0.0000000000E+00,    4.1043844835E+00
     19100,      0.676915,CP11_after_MPI,   1,    0.0000000000E+00,    4.1043844835E+00,    4.1043844835E+00,    0.0000000000E+00,    0.0000000000E+00,    0.0000000000E+00,    4.1043844835E+00
     19100,      0.676915,CP12_end,   1,    0.0000000000E+00,    4.1043844835E+00,    4.1043844835E+00,    0.0000000000E+00,    0.0000000000E+00,    0.0000000000E+00,    4.1043844835E+00
     19150,      0.676915,CP0_start,   1,    0.0000000000E+00,    4.1254453213E+00,    4.1254453213E+00,    0.0000000000E+00,    0.0000000000E+00,    0.0000000000E+00,    4.1254453213E+00
     19150,      0.676915,CP1_after_deposition,   1,    0.0000000000E+00,    4.1254453213E+00,    4.1254453213E+00,    0.0000000000E+00,    0.0000000000E+00,    0.0000000000E+00,    4.1254453213E+00
     19150,      0.676915,CP2_after_erosion,   1,    0.0000000000E+00,    4.1254453213E+00,    4.1254453213E+00,    0.0000000000E+00,    0.0000000000E+00,    0.0000000000E+00,    4.1254453213E+00
     19150,      0.676915,CP3_after_update_bottom,   1,    0.0000000000E+00,    4.1254453213E+00,    4.1254453213E+00,    0.0000000000E+00,    0.0000000000E+00,    0.0000000000E+00,    4.1254453213E+00
     19150,      0.676915,CP4_after_advection,   1,    0.0000000000E+00,    4.1259034349E+00,    4.1259034349E+00,    0.0000000000E+00,    0.0000000000E+00,    0.0000000000E+00,    4.1259034349E+00
     19150,      0.676915,CP5_after_vdif,   1,    0.0000000000E+00,    4.1259034349E+00,    4.1259034349E+00,    0.0000000000E+00,    0.0000000000E+00,    0.0000000000E+00,    4.1259034349E+00
     19150,      0.676915,CP6_after_kinetics,   1,    0.0000000000E+00,    4.1259034349E+00,    4.1259034349E+00,    0.0000000000E+00,    0.0000000000E+00,    0.0000000000E+00,    4.1259034349E+00
     19150,      0.676915,CP7_after_upper_clamp,   1,    0.0000000000E+00,    4.1259034349E+00,    4.1259034349E+00,    0.0000000000E+00,    0.0000000000E+00,    0.0000000000E+00,    4.1259034349E+00
     19150,      0.676915,CP8_after_OBC,   1,    0.0000000000E+00,    4.1259034349E+00,    4.1259034349E+00,    0.0000000000E+00,    0.0000000000E+00,    0.0000000000E+00,    4.1259034349E+00
     19150,      0.676915,CP9_after_PTsource,   1,    0.0000000000E+00,    4.1259034349E+00,    4.1259034349E+00,    0.0000000000E+00,    0.0000000000E+00,    0.0000000000E+00,    4.1259034349E+00
     19150,      0.676915,CP10_after_neg_clamp,   1,    0.0000000000E+00,    4.1259034349E+00,    4.1259034349E+00,    0.0000000000E+00,    0.0000000000E+00,    0.0000000000E+00,    4.1259034349E+00
     19150,      0.676915,CP11_after_MPI,   1,    0.0000000000E+00,    4.1259034349E+00,    4.1259034349E+00,    0.0000000000E+00,    0.0000000000E+00,    0.0000000000E+00,    4.1259034349E+00
     19150,      0.676915,CP12_end,   1,    0.0000000000E+00,    4.1259034349E+00,    4.1259034349E+00,    0.0000000000E+00,    0.0000000000E+00,    0.0000000000E+00,    4.1259034349E+00
     19200,      0.676915,CP0_start,   1,    0.0000000000E+00,    4.1469856547E+00,    4.1469856547E+00,    0.0000000000E+00,    0.0000000000E+00,    0.0000000000E+00,    4.1469856547E+00
     19200,      0.676915,CP1_after_deposition,   1,    0.0000000000E+00,    4.1469856547E+00,    4.1469856547E+00,    0.0000000000E+00,    0.0000000000E+00,    0.0000000000E+00,    4.1469856547E+00
     19200,      0.676915,CP2_after_erosion,   1,    0.0000000000E+00,    4.1469856547E+00,    4.1469856547E+00,    0.0000000000E+00,    0.0000000000E+00,    0.0000000000E+00,    4.1469856547E+00
     19200,      0.676915,CP3_after_update_bottom,   1,    0.0000000000E+00,    4.1469856547E+00,    4.1469856547E+00,    0.0000000000E+00,    0.0000000000E+00,    0.0000000000E+00,    4.1469856547E+00
     19200,      0.676915,CP4_after_advection,   1,    0.0000000000E+00,    4.1474430732E+00,    4.1474430732E+00,    0.0000000000E+00,    0.0000000000E+00,    0.0000000000E+00,    4.1474430732E+00
     19200,      0.676915,CP5_after_vdif,   1,    0.0000000000E+00,    4.1474430732E+00,    4.1474430732E+00,    0.0000000000E+00,    0.0000000000E+00,    0.0000000000E+00,    4.1474430732E+00
     19200,      0.676915,CP6_after_kinetics,   1,    0.0000000000E+00,    4.1474430732E+00,    4.1474430732E+00,    0.0000000000E+00,    0.0000000000E+00,    0.0000000000E+00,    4.1474430732E+00
     19200,      0.676915,CP7_after_upper_clamp,   1,    0.0000000000E+00,    4.1474430732E+00,    4.1474430732E+00,    0.0000000000E+00,    0.0000000000E+00,    0.0000000000E+00,    4.1474430732E+00
     19200,      0.676915,CP8_after_OBC,   1,    0.0000000000E+00,    4.1474430732E+00,    4.1474430732E+00,    0.0000000000E+00,    0.0000000000E+00,    0.0000000000E+00,    4.1474430732E+00
     19200,      0.676915,CP9_after_PTsource,   1,    0.0000000000E+00,    4.1474430732E+00,    4.1474430732E+00,    0.0000000000E+00,    0.0000000000E+00,    0.0000000000E+00,    4.1474430732E+00
     19200,      0.676915,CP10_after_neg_clamp,   1,    0.0000000000E+00,    4.1474430732E+00,    4.1474430732E+00,    0.0000000000E+00,    0.0000000000E+00,    0.0000000000E+00,    4.1474430732E+00
     19200,      0.676915,CP11_after_MPI,   1,    0.0000000000E+00,    4.1474430732E+00,    4.1474430732E+00,    0.0000000000E+00,    0.0000000000E+00,    0.0000000000E+00,    4.1474430732E+00
     19200,      0.676915,CP12_end,   1,    0.0000000000E+00,    4.1474430732E+00,    4.1474430732E+00,    0.0000000000E+00,    0.0000000000E+00,    0.0000000000E+00,    4.1474430732E+00
     19250,      0.676915,CP0_start,   1,    0.0000000000E+00,    4.1685471179E+00,    4.1685471179E+00,    0.0000000000E+00,    0.0000000000E+00,    0.0000000000E+00,    4.1685471179E+00
     19250,      0.676915,CP1_after_deposition,   1,    0.0000000000E+00,    4.1685471179E+00,    4.1685471179E+00,    0.0000000000E+00,    0.0000000000E+00,    0.0000000000E+00,    4.1685471179E+00
     19250,      0.676915,CP2_after_erosion,   1,    0.0000000000E+00,    4.1685471179E+00,    4.1685471179E+00,    0.0000000000E+00,    0.0000000000E+00,    0.0000000000E+00,    4.1685471179E+00
     19250,      0.676915,CP3_after_update_bottom,   1,    0.0000000000E+00,    4.1685471179E+00,    4.1685471179E+00,    0.0000000000E+00,    0.0000000000E+00,    0.0000000000E+00,    4.1685471179E+00
     19250,      0.676915,CP4_after_advection,   1,    0.0000000000E+00,    4.1690053290E+00,    4.1690053290E+00,    0.0000000000E+00,    0.0000000000E+00,    0.0000000000E+00,    4.1690053290E+00
     19250,      0.676915,CP5_after_vdif,   1,    0.0000000000E+00,    4.1690053290E+00,    4.1690053290E+00,    0.0000000000E+00,    0.0000000000E+00,    0.0000000000E+00,    4.1690053290E+00
     19250,      0.676915,CP6_after_kinetics,   1,    0.0000000000E+00,    4.1690053290E+00,    4.1690053290E+00,    0.0000000000E+00,    0.0000000000E+00,    0.0000000000E+00,    4.1690053290E+00
     19250,      0.676915,CP7_after_upper_clamp,   1,    0.0000000000E+00,    4.1690053290E+00,    4.1690053290E+00,    0.0000000000E+00,    0.0000000000E+00,    0.0000000000E+00,    4.1690053290E+00
     19250,      0.676915,CP8_after_OBC,   1,    0.0000000000E+00,    4.1690053290E+00,    4.1690053290E+00,    0.0000000000E+00,    0.0000000000E+00,    0.0000000000E+00,    4.1690053290E+00
     19250,      0.676915,CP9_after_PTsource,   1,    0.0000000000E+00,    4.1690053290E+00,    4.1690053290E+00,    0.0000000000E+00,    0.0000000000E+00,    0.0000000000E+00,    4.1690053290E+00
     19250,      0.676915,CP10_after_neg_clamp,   1,    0.0000000000E+00,    4.1690053290E+00,    4.1690053290E+00,    0.0000000000E+00,    0.0000000000E+00,    0.0000000000E+00,    4.1690053290E+00
     19250,      0.676915,CP11_after_MPI,   1,    0.0000000000E+00,    4.1690053290E+00,    4.1690053290E+00,    0.0000000000E+00,    0.0000000000E+00,    0.0000000000E+00,    4.1690053290E+00
     19250,      0.676915,CP12_end,   1,    0.0000000000E+00,    4.1690053290E+00,    4.1690053290E+00,    0.0000000000E+00,    0.0000000000E+00,    0.0000000000E+00,    4.1690053290E+00
     19300,      0.676915,CP0_start,   1,    0.0000000000E+00,    4.1901336433E+00,    4.1901336433E+00,    0.0000000000E+00,    0.0000000000E+00,    0.0000000000E+00,    4.1901336433E+00
     19300,      0.676915,CP1_after_deposition,   1,    0.0000000000E+00,    4.1901336433E+00,    4.1901336433E+00,    0.0000000000E+00,    0.0000000000E+00,    0.0000000000E+00,    4.1901336433E+00
     19300,      0.676915,CP2_after_erosion,   1,    0.0000000000E+00,    4.1901336433E+00,    4.1901336433E+00,    0.0000000000E+00,    0.0000000000E+00,    0.0000000000E+00,    4.1901336433E+00
     19300,      0.676915,CP3_after_update_bottom,   1,    0.0000000000E+00,    4.1901336433E+00,    4.1901336433E+00,    0.0000000000E+00,    0.0000000000E+00,    0.0000000000E+00,    4.1901336433E+00
     19300,      0.676915,CP4_after_advection,   1,    0.0000000000E+00,    4.1905921020E+00,    4.1905921020E+00,    0.0000000000E+00,    0.0000000000E+00,    0.0000000000E+00,    4.1905921020E+00
     19300,      0.676915,CP5_after_vdif,   1,    0.0000000000E+00,    4.1905921020E+00,    4.1905921020E+00,    0.0000000000E+00,    0.0000000000E+00,    0.0000000000E+00,    4.1905921020E+00
     19300,      0.676915,CP6_after_kinetics,   1,    0.0000000000E+00,    4.1905921020E+00,    4.1905921020E+00,    0.0000000000E+00,    0.0000000000E+00,    0.0000000000E+00,    4.1905921020E+00
     19300,      0.676915,CP7_after_upper_clamp,   1,    0.0000000000E+00,    4.1905921020E+00,    4.1905921020E+00,    0.0000000000E+00,    0.0000000000E+00,    0.0000000000E+00,    4.1905921020E+00
     19300,      0.676915,CP8_after_OBC,   1,    0.0000000000E+00,    4.1905921020E+00,    4.1905921020E+00,    0.0000000000E+00,    0.0000000000E+00,    0.0000000000E+00,    4.1905921020E+00
     19300,      0.676915,CP9_after_PTsource,   1,    0.0000000000E+00,    4.1905921020E+00,    4.1905921020E+00,    0.0000000000E+00,    0.0000000000E+00,    0.0000000000E+00,    4.1905921020E+00
     19300,      0.676915,CP10_after_neg_clamp,   1,    0.0000000000E+00,    4.1905921020E+00,    4.1905921020E+00,    0.0000000000E+00,    0.0000000000E+00,    0.0000000000E+00,    4.1905921020E+00
     19300,      0.676915,CP11_after_MPI,   1,    0.0000000000E+00,    4.1905921020E+00,    4.1905921020E+00,    0.0000000000E+00,    0.0000000000E+00,    0.0000000000E+00,    4.1905921020E+00
     19300,      0.676915,CP12_end,   1,    0.0000000000E+00,    4.1905921020E+00,    4.1905921020E+00,    0.0000000000E+00,    0.0000000000E+00,    0.0000000000E+00,    4.1905921020E+00
     19350,      0.676915,CP0_start,   1,    0.0000000000E+00,    4.2117486975E+00,    4.2117486975E+00,    0.0000000000E+00,    0.0000000000E+00,    0.0000000000E+00,    4.2117486975E+00
     19350,      0.676915,CP1_after_deposition,   1,    0.0000000000E+00,    4.2117486975E+00,    4.2117486975E+00,    0.0000000000E+00,    0.0000000000E+00,    0.0000000000E+00,    4.2117486975E+00
     19350,      0.676915,CP2_after_erosion,   1,    0.0000000000E+00,    4.2117486975E+00,    4.2117486975E+00,    0.0000000000E+00,    0.0000000000E+00,    0.0000000000E+00,    4.2117486975E+00
     19350,      0.676915,CP3_after_update_bottom,   1,    0.0000000000E+00,    4.2117486975E+00,    4.2117486975E+00,    0.0000000000E+00,    0.0000000000E+00,    0.0000000000E+00,    4.2117486975E+00
     19350,      0.676915,CP4_after_advection,   1,    0.0000000000E+00,    4.2122071389E+00,    4.2122071389E+00,    0.0000000000E+00,    0.0000000000E+00,    0.0000000000E+00,    4.2122071389E+00
     19350,      0.676915,CP5_after_vdif,   1,    0.0000000000E+00,    4.2122071389E+00,    4.2122071389E+00,    0.0000000000E+00,    0.0000000000E+00,    0.0000000000E+00,    4.2122071389E+00
     19350,      0.676915,CP6_after_kinetics,   1,    0.0000000000E+00,    4.2122071389E+00,    4.2122071389E+00,    0.0000000000E+00,    0.0000000000E+00,    0.0000000000E+00,    4.2122071389E+00
     19350,      0.676915,CP7_after_upper_clamp,   1,    0.0000000000E+00,    4.2122071389E+00,    4.2122071389E+00,    0.0000000000E+00,    0.0000000000E+00,    0.0000000000E+00,    4.2122071389E+00
     19350,      0.676915,CP8_after_OBC,   1,    0.0000000000E+00,    4.2122071389E+00,    4.2122071389E+00,    0.0000000000E+00,    0.0000000000E+00,    0.0000000000E+00,    4.2122071389E+00
     19350,      0.676915,CP9_after_PTsource,   1,    0.0000000000E+00,    4.2122071389E+00,    4.2122071389E+00,    0.0000000000E+00,    0.0000000000E+00,    0.0000000000E+00,    4.2122071389E+00
     19350,      0.676915,CP10_after_neg_clamp,   1,    0.0000000000E+00,    4.2122071389E+00,    4.2122071389E+00,    0.0000000000E+00,    0.0000000000E+00,    0.0000000000E+00,    4.2122071389E+00
     19350,      0.676915,CP11_after_MPI,   1,    0.0000000000E+00,    4.2122071389E+00,    4.2122071389E+00,    0.0000000000E+00,    0.0000000000E+00,    0.0000000000E+00,    4.2122071389E+00
     19350,      0.676915,CP12_end,   1,    0.0000000000E+00,    4.2122071389E+00,    4.2122071389E+00,    0.0000000000E+00,    0.0000000000E+00,    0.0000000000E+00,    4.2122071389E+00
     19400,      0.676915,CP0_start,   1,    0.0000000000E+00,    4.2333956476E+00,    4.2333956476E+00,    0.0000000000E+00,    0.0000000000E+00,    0.0000000000E+00,    4.2333956476E+00
     19400,      0.676915,CP1_after_deposition,   1,    0.0000000000E+00,    4.2333956476E+00,    4.2333956476E+00,    0.0000000000E+00,    0.0000000000E+00,    0.0000000000E+00,    4.2333956476E+00
     19400,      0.676915,CP2_after_erosion,   1,    0.0000000000E+00,    4.2333956476E+00,    4.2333956476E+00,    0.0000000000E+00,    0.0000000000E+00,    0.0000000000E+00,    4.2333956476E+00
     19400,      0.676915,CP3_after_update_bottom,   1,    0.0000000000E+00,    4.2333956476E+00,    4.2333956476E+00,    0.0000000000E+00,    0.0000000000E+00,    0.0000000000E+00,    4.2333956476E+00
     19400,      0.676915,CP4_after_advection,   1,    0.0000000000E+00,    4.2338541780E+00,    4.2338541780E+00,    0.0000000000E+00,    0.0000000000E+00,    0.0000000000E+00,    4.2338541780E+00
     19400,      0.676915,CP5_after_vdif,   1,    0.0000000000E+00,    4.2338541780E+00,    4.2338541780E+00,    0.0000000000E+00,    0.0000000000E+00,    0.0000000000E+00,    4.2338541780E+00
     19400,      0.676915,CP6_after_kinetics,   1,    0.0000000000E+00,    4.2338541780E+00,    4.2338541780E+00,    0.0000000000E+00,    0.0000000000E+00,    0.0000000000E+00,    4.2338541780E+00
     19400,      0.676915,CP7_after_upper_clamp,   1,    0.0000000000E+00,    4.2338541780E+00,    4.2338541780E+00,    0.0000000000E+00,    0.0000000000E+00,    0.0000000000E+00,    4.2338541780E+00
     19400,      0.676915,CP8_after_OBC,   1,    0.0000000000E+00,    4.2338541780E+00,    4.2338541780E+00,    0.0000000000E+00,    0.0000000000E+00,    0.0000000000E+00,    4.2338541780E+00
     19400,      0.676915,CP9_after_PTsource,   1,    0.0000000000E+00,    4.2338541780E+00,    4.2338541780E+00,    0.0000000000E+00,    0.0000000000E+00,    0.0000000000E+00,    4.2338541780E+00
     19400,      0.676915,CP10_after_neg_clamp,   1,    0.0000000000E+00,    4.2338541780E+00,    4.2338541780E+00,    0.0000000000E+00,    0.0000000000E+00,    0.0000000000E+00,    4.2338541780E+00
     19400,      0.676915,CP11_after_MPI,   1,    0.0000000000E+00,    4.2338541780E+00,    4.2338541780E+00,    0.0000000000E+00,    0.0000000000E+00,    0.0000000000E+00,    4.2338541780E+00
     19400,      0.676915,CP12_end,   1,    0.0000000000E+00,    4.2338541780E+00,    4.2338541780E+00,    0.0000000000E+00,    0.0000000000E+00,    0.0000000000E+00,    4.2338541780E+00
     19450,      0.676915,CP0_start,   1,    0.0000000000E+00,    4.2550799395E+00,    4.2550799395E+00,    0.0000000000E+00,    0.0000000000E+00,    0.0000000000E+00,    4.2550799395E+00
     19450,      0.676915,CP1_after_deposition,   1,    0.0000000000E+00,    4.2550799395E+00,    4.2550799395E+00,    0.0000000000E+00,    0.0000000000E+00,    0.0000000000E+00,    4.2550799395E+00
     19450,      0.676915,CP2_after_erosion,   1,    0.0000000000E+00,    4.2550799395E+00,    4.2550799395E+00,    0.0000000000E+00,    0.0000000000E+00,    0.0000000000E+00,    4.2550799395E+00
     19450,      0.676915,CP3_after_update_bottom,   1,    0.0000000000E+00,    4.2550799395E+00,    4.2550799395E+00,    0.0000000000E+00,    0.0000000000E+00,    0.0000000000E+00,    4.2550799395E+00
     19450,      0.676915,CP4_after_advection,   1,    0.0000000000E+00,    4.2555390311E+00,    4.2555390311E+00,    0.0000000000E+00,    0.0000000000E+00,    0.0000000000E+00,    4.2555390311E+00
     19450,      0.676915,CP5_after_vdif,   1,    0.0000000000E+00,    4.2555390311E+00,    4.2555390311E+00,    0.0000000000E+00,    0.0000000000E+00,    0.0000000000E+00,    4.2555390311E+00
     19450,      0.676915,CP6_after_kinetics,   1,    0.0000000000E+00,    4.2555390311E+00,    4.2555390311E+00,    0.0000000000E+00,    0.0000000000E+00,    0.0000000000E+00,    4.2555390311E+00
     19450,      0.676915,CP7_after_upper_clamp,   1,    0.0000000000E+00,    4.2555390311E+00,    4.2555390311E+00,    0.0000000000E+00,    0.0000000000E+00,    0.0000000000E+00,    4.2555390311E+00
     19450,      0.676915,CP8_after_OBC,   1,    0.0000000000E+00,    4.2555390311E+00,    4.2555390311E+00,    0.0000000000E+00,    0.0000000000E+00,    0.0000000000E+00,    4.2555390311E+00
     19450,      0.676915,CP9_after_PTsource,   1,    0.0000000000E+00,    4.2555390311E+00,    4.2555390311E+00,    0.0000000000E+00,    0.0000000000E+00,    0.0000000000E+00,    4.2555390311E+00
     19450,      0.676915,CP10_after_neg_clamp,   1,    0.0000000000E+00,    4.2555390311E+00,    4.2555390311E+00,    0.0000000000E+00,    0.0000000000E+00,    0.0000000000E+00,    4.2555390311E+00
     19450,      0.676915,CP11_after_MPI,   1,    0.0000000000E+00,    4.2555390311E+00,    4.2555390311E+00,    0.0000000000E+00,    0.0000000000E+00,    0.0000000000E+00,    4.2555390311E+00
     19450,      0.676915,CP12_end,   1,    0.0000000000E+00,    4.2555390311E+00,    4.2555390311E+00,    0.0000000000E+00,    0.0000000000E+00,    0.0000000000E+00,    4.2555390311E+00
     19500,      0.676915,CP0_start,   1,    0.0000000000E+00,    4.2768052797E+00,    4.2768052797E+00,    0.0000000000E+00,    0.0000000000E+00,    0.0000000000E+00,    4.2768052797E+00
     19500,      0.676915,CP1_after_deposition,   1,    0.0000000000E+00,    4.2768052797E+00,    4.2768052797E+00,    0.0000000000E+00,    0.0000000000E+00,    0.0000000000E+00,    4.2768052797E+00
     19500,      0.676915,CP2_after_erosion,   1,    0.0000000000E+00,    4.2768052797E+00,    4.2768052797E+00,    0.0000000000E+00,    0.0000000000E+00,    0.0000000000E+00,    4.2768052797E+00
     19500,      0.676915,CP3_after_update_bottom,   1,    0.0000000000E+00,    4.2768052797E+00,    4.2768052797E+00,    0.0000000000E+00,    0.0000000000E+00,    0.0000000000E+00,    4.2768052797E+00
     19500,      0.676915,CP4_after_advection,   1,    0.0000000000E+00,    4.2772661023E+00,    4.2772661023E+00,    0.0000000000E+00,    0.0000000000E+00,    0.0000000000E+00,    4.2772661023E+00
     19500,      0.676915,CP5_after_vdif,   1,    0.0000000000E+00,    4.2772661023E+00,    4.2772661023E+00,    0.0000000000E+00,    0.0000000000E+00,    0.0000000000E+00,    4.2772661023E+00
     19500,      0.676915,CP6_after_kinetics,   1,    0.0000000000E+00,    4.2772661023E+00,    4.2772661023E+00,    0.0000000000E+00,    0.0000000000E+00,    0.0000000000E+00,    4.2772661023E+00
     19500,      0.676915,CP7_after_upper_clamp,   1,    0.0000000000E+00,    4.2772661023E+00,    4.2772661023E+00,    0.0000000000E+00,    0.0000000000E+00,    0.0000000000E+00,    4.2772661023E+00
     19500,      0.676915,CP8_after_OBC,   1,    0.0000000000E+00,    4.2772661023E+00,    4.2772661023E+00,    0.0000000000E+00,    0.0000000000E+00,    0.0000000000E+00,    4.2772661023E+00
     19500,      0.676915,CP9_after_PTsource,   1,    0.0000000000E+00,    4.2772661023E+00,    4.2772661023E+00,    0.0000000000E+00,    0.0000000000E+00,    0.0000000000E+00,    4.2772661023E+00
     19500,      0.676915,CP10_after_neg_clamp,   1,    0.0000000000E+00,    4.2772661023E+00,    4.2772661023E+00,    0.0000000000E+00,    0.0000000000E+00,    0.0000000000E+00,    4.2772661023E+00
     19500,      0.676915,CP11_after_MPI,   1,    0.0000000000E+00,    4.2772661023E+00,    4.2772661023E+00,    0.0000000000E+00,    0.0000000000E+00,    0.0000000000E+00,    4.2772661023E+00
     19500,      0.676915,CP12_end,   1,    0.0000000000E+00,    4.2772661023E+00,    4.2772661023E+00,    0.0000000000E+00,    0.0000000000E+00,    0.0000000000E+00,    4.2772661023E+00
     19550,      0.676915,CP0_start,   1,    0.0000000000E+00,    4.2985785156E+00,    4.2985785156E+00,    0.0000000000E+00,    0.0000000000E+00,    0.0000000000E+00,    4.2985785156E+00
     19550,      0.676915,CP1_after_deposition,   1,    0.0000000000E+00,    4.2985785156E+00,    4.2985785156E+00,    0.0000000000E+00,    0.0000000000E+00,    0.0000000000E+00,    4.2985785156E+00
     19550,      0.676915,CP2_after_erosion,   1,    0.0000000000E+00,    4.2985785156E+00,    4.2985785156E+00,    0.0000000000E+00,    0.0000000000E+00,    0.0000000000E+00,    4.2985785156E+00
     19550,      0.676915,CP3_after_update_bottom,   1,    0.0000000000E+00,    4.2985785156E+00,    4.2985785156E+00,    0.0000000000E+00,    0.0000000000E+00,    0.0000000000E+00,    4.2985785156E+00
     19550,      0.676915,CP4_after_advection,   1,    0.0000000000E+00,    4.2990401586E+00,    4.2990401586E+00,    0.0000000000E+00,    0.0000000000E+00,    0.0000000000E+00,    4.2990401586E+00
     19550,      0.676915,CP5_after_vdif,   1,    0.0000000000E+00,    4.2990401586E+00,    4.2990401586E+00,    0.0000000000E+00,    0.0000000000E+00,    0.0000000000E+00,    4.2990401586E+00
     19550,      0.676915,CP6_after_kinetics,   1,    0.0000000000E+00,    4.2990401586E+00,    4.2990401586E+00,    0.0000000000E+00,    0.0000000000E+00,    0.0000000000E+00,    4.2990401586E+00
     19550,      0.676915,CP7_after_upper_clamp,   1,    0.0000000000E+00,    4.2990401586E+00,    4.2990401586E+00,    0.0000000000E+00,    0.0000000000E+00,    0.0000000000E+00,    4.2990401586E+00
     19550,      0.676915,CP8_after_OBC,   1,    0.0000000000E+00,    4.2990401586E+00,    4.2990401586E+00,    0.0000000000E+00,    0.0000000000E+00,    0.0000000000E+00,    4.2990401586E+00
     19550,      0.676915,CP9_after_PTsource,   1,    0.0000000000E+00,    4.2990401586E+00,    4.2990401586E+00,    0.0000000000E+00,    0.0000000000E+00,    0.0000000000E+00,    4.2990401586E+00
     19550,      0.676915,CP10_after_neg_clamp,   1,    0.0000000000E+00,    4.2990401586E+00,    4.2990401586E+00,    0.0000000000E+00,    0.0000000000E+00,    0.0000000000E+00,    4.2990401586E+00
     19550,      0.676915,CP11_after_MPI,   1,    0.0000000000E+00,    4.2990401586E+00,    4.2990401586E+00,    0.0000000000E+00,    0.0000000000E+00,    0.0000000000E+00,    4.2990401586E+00
     19550,      0.676915,CP12_end,   1,    0.0000000000E+00,    4.2990401586E+00,    4.2990401586E+00,    0.0000000000E+00,    0.0000000000E+00,    0.0000000000E+00,    4.2990401586E+00
     19600,      0.676915,CP0_start,   1,    0.0000000000E+00,    4.3204019285E+00,    4.3204019285E+00,    0.0000000000E+00,    0.0000000000E+00,    0.0000000000E+00,    4.3204019285E+00
     19600,      0.676915,CP1_after_deposition,   1,    0.0000000000E+00,    4.3204019285E+00,    4.3204019285E+00,    0.0000000000E+00,    0.0000000000E+00,    0.0000000000E+00,    4.3204019285E+00
     19600,      0.676915,CP2_after_erosion,   1,    0.0000000000E+00,    4.3204019285E+00,    4.3204019285E+00,    0.0000000000E+00,    0.0000000000E+00,    0.0000000000E+00,    4.3204019285E+00
     19600,      0.676915,CP3_after_update_bottom,   1,    0.0000000000E+00,    4.3204019285E+00,    4.3204019285E+00,    0.0000000000E+00,    0.0000000000E+00,    0.0000000000E+00,    4.3204019285E+00
     19600,      0.676915,CP4_after_advection,   1,    0.0000000000E+00,    4.3208638929E+00,    4.3208638929E+00,    0.0000000000E+00,    0.0000000000E+00,    0.0000000000E+00,    4.3208638929E+00
     19600,      0.676915,CP5_after_vdif,   1,    0.0000000000E+00,    4.3208638929E+00,    4.3208638929E+00,    0.0000000000E+00,    0.0000000000E+00,    0.0000000000E+00,    4.3208638929E+00
     19600,      0.676915,CP6_after_kinetics,   1,    0.0000000000E+00,    4.3208638929E+00,    4.3208638929E+00,    0.0000000000E+00,    0.0000000000E+00,    0.0000000000E+00,    4.3208638929E+00
     19600,      0.676915,CP7_after_upper_clamp,   1,    0.0000000000E+00,    4.3208638929E+00,    4.3208638929E+00,    0.0000000000E+00,    0.0000000000E+00,    0.0000000000E+00,    4.3208638929E+00
     19600,      0.676915,CP8_after_OBC,   1,    0.0000000000E+00,    4.3208638929E+00,    4.3208638929E+00,    0.0000000000E+00,    0.0000000000E+00,    0.0000000000E+00,    4.3208638929E+00
     19600,      0.676915,CP9_after_PTsource,   1,    0.0000000000E+00,    4.3208638929E+00,    4.3208638929E+00,    0.0000000000E+00,    0.0000000000E+00,    0.0000000000E+00,    4.3208638929E+00
     19600,      0.676915,CP10_after_neg_clamp,   1,    0.0000000000E+00,    4.3208638929E+00,    4.3208638929E+00,    0.0000000000E+00,    0.0000000000E+00,    0.0000000000E+00,    4.3208638929E+00
     19600,      0.676915,CP11_after_MPI,   1,    0.0000000000E+00,    4.3208638929E+00,    4.3208638929E+00,    0.0000000000E+00,    0.0000000000E+00,    0.0000000000E+00,    4.3208638929E+00
     19600,      0.676915,CP12_end,   1,    0.0000000000E+00,    4.3208638929E+00,    4.3208638929E+00,    0.0000000000E+00,    0.0000000000E+00,    0.0000000000E+00,    4.3208638929E+00
     19650,      0.676915,CP0_start,   1,    0.0000000000E+00,    4.3422752870E+00,    4.3422752870E+00,    0.0000000000E+00,    0.0000000000E+00,    0.0000000000E+00,    4.3422752870E+00
     19650,      0.676915,CP1_after_deposition,   1,    0.0000000000E+00,    4.3422752870E+00,    4.3422752870E+00,    0.0000000000E+00,    0.0000000000E+00,    0.0000000000E+00,    4.3422752870E+00
     19650,      0.676915,CP2_after_erosion,   1,    0.0000000000E+00,    4.3422752870E+00,    4.3422752870E+00,    0.0000000000E+00,    0.0000000000E+00,    0.0000000000E+00,    4.3422752870E+00
     19650,      0.676915,CP3_after_update_bottom,   1,    0.0000000000E+00,    4.3422752870E+00,    4.3422752870E+00,    0.0000000000E+00,    0.0000000000E+00,    0.0000000000E+00,    4.3422752870E+00
     19650,      0.676915,CP4_after_advection,   1,    0.0000000000E+00,    4.3427387559E+00,    4.3427387559E+00,    0.0000000000E+00,    0.0000000000E+00,    0.0000000000E+00,    4.3427387559E+00
     19650,      0.676915,CP5_after_vdif,   1,    0.0000000000E+00,    4.3427387559E+00,    4.3427387559E+00,    0.0000000000E+00,    0.0000000000E+00,    0.0000000000E+00,    4.3427387559E+00
     19650,      0.676915,CP6_after_kinetics,   1,    0.0000000000E+00,    4.3427387559E+00,    4.3427387559E+00,    0.0000000000E+00,    0.0000000000E+00,    0.0000000000E+00,    4.3427387559E+00
     19650,      0.676915,CP7_after_upper_clamp,   1,    0.0000000000E+00,    4.3427387559E+00,    4.3427387559E+00,    0.0000000000E+00,    0.0000000000E+00,    0.0000000000E+00,    4.3427387559E+00
     19650,      0.676915,CP8_after_OBC,   1,    0.0000000000E+00,    4.3427387559E+00,    4.3427387559E+00,    0.0000000000E+00,    0.0000000000E+00,    0.0000000000E+00,    4.3427387559E+00
     19650,      0.676915,CP9_after_PTsource,   1,    0.0000000000E+00,    4.3427387559E+00,    4.3427387559E+00,    0.0000000000E+00,    0.0000000000E+00,    0.0000000000E+00,    4.3427387559E+00
     19650,      0.676915,CP10_after_neg_clamp,   1,    0.0000000000E+00,    4.3427387559E+00,    4.3427387559E+00,    0.0000000000E+00,    0.0000000000E+00,    0.0000000000E+00,    4.3427387559E+00
     19650,      0.676915,CP11_after_MPI,   1,    0.0000000000E+00,    4.3427387559E+00,    4.3427387559E+00,    0.0000000000E+00,    0.0000000000E+00,    0.0000000000E+00,    4.3427387559E+00
     19650,      0.676915,CP12_end,   1,    0.0000000000E+00,    4.3427387559E+00,    4.3427387559E+00,    0.0000000000E+00,    0.0000000000E+00,    0.0000000000E+00,    4.3427387559E+00
     19700,      0.676915,CP0_start,   1,    0.0000000000E+00,    4.3641952913E+00,    4.3641952913E+00,    0.0000000000E+00,    0.0000000000E+00,    0.0000000000E+00,    4.3641952913E+00
     19700,      0.676915,CP1_after_deposition,   1,    0.0000000000E+00,    4.3641952913E+00,    4.3641952913E+00,    0.0000000000E+00,    0.0000000000E+00,    0.0000000000E+00,    4.3641952913E+00
     19700,      0.676915,CP2_after_erosion,   1,    0.0000000000E+00,    4.3641952913E+00,    4.3641952913E+00,    0.0000000000E+00,    0.0000000000E+00,    0.0000000000E+00,    4.3641952913E+00
     19700,      0.676915,CP3_after_update_bottom,   1,    0.0000000000E+00,    4.3641952913E+00,    4.3641952913E+00,    0.0000000000E+00,    0.0000000000E+00,    0.0000000000E+00,    4.3641952913E+00
     19700,      0.676915,CP4_after_advection,   1,    0.0000000000E+00,    4.3646594886E+00,    4.3646594886E+00,    0.0000000000E+00,    0.0000000000E+00,    0.0000000000E+00,    4.3646594886E+00
     19700,      0.676915,CP5_after_vdif,   1,    0.0000000000E+00,    4.3646594886E+00,    4.3646594886E+00,    0.0000000000E+00,    0.0000000000E+00,    0.0000000000E+00,    4.3646594886E+00
     19700,      0.676915,CP6_after_kinetics,   1,    0.0000000000E+00,    4.3646594886E+00,    4.3646594886E+00,    0.0000000000E+00,    0.0000000000E+00,    0.0000000000E+00,    4.3646594886E+00
     19700,      0.676915,CP7_after_upper_clamp,   1,    0.0000000000E+00,    4.3646594886E+00,    4.3646594886E+00,    0.0000000000E+00,    0.0000000000E+00,    0.0000000000E+00,    4.3646594886E+00
     19700,      0.676915,CP8_after_OBC,   1,    0.0000000000E+00,    4.3646594886E+00,    4.3646594886E+00,    0.0000000000E+00,    0.0000000000E+00,    0.0000000000E+00,    4.3646594886E+00
     19700,      0.676915,CP9_after_PTsource,   1,    0.0000000000E+00,    4.3646594886E+00,    4.3646594886E+00,    0.0000000000E+00,    0.0000000000E+00,    0.0000000000E+00,    4.3646594886E+00
     19700,      0.676915,CP10_after_neg_clamp,   1,    0.0000000000E+00,    4.3646594886E+00,    4.3646594886E+00,    0.0000000000E+00,    0.0000000000E+00,    0.0000000000E+00,    4.3646594886E+00
     19700,      0.676915,CP11_after_MPI,   1,    0.0000000000E+00,    4.3646594886E+00,    4.3646594886E+00,    0.0000000000E+00,    0.0000000000E+00,    0.0000000000E+00,    4.3646594886E+00
     19700,      0.676915,CP12_end,   1,    0.0000000000E+00,    4.3646594886E+00,    4.3646594886E+00,    0.0000000000E+00,    0.0000000000E+00,    0.0000000000E+00,    4.3646594886E+00
     19750,      0.676915,CP0_start,   1,    0.0000000000E+00,    4.3861618364E+00,    4.3861618364E+00,    0.0000000000E+00,    0.0000000000E+00,    0.0000000000E+00,    4.3861618364E+00
     19750,      0.676915,CP1_after_deposition,   1,    0.0000000000E+00,    4.3861618364E+00,    4.3861618364E+00,    0.0000000000E+00,    0.0000000000E+00,    0.0000000000E+00,    4.3861618364E+00
     19750,      0.676915,CP2_after_erosion,   1,    0.0000000000E+00,    4.3861618364E+00,    4.3861618364E+00,    0.0000000000E+00,    0.0000000000E+00,    0.0000000000E+00,    4.3861618364E+00
     19750,      0.676915,CP3_after_update_bottom,   1,    0.0000000000E+00,    4.3861618364E+00,    4.3861618364E+00,    0.0000000000E+00,    0.0000000000E+00,    0.0000000000E+00,    4.3861618364E+00
     19750,      0.676915,CP4_after_advection,   1,    0.0000000000E+00,    4.3866272320E+00,    4.3866272320E+00,    0.0000000000E+00,    0.0000000000E+00,    0.0000000000E+00,    4.3866272320E+00
     19750,      0.676915,CP5_after_vdif,   1,    0.0000000000E+00,    4.3866272320E+00,    4.3866272320E+00,    0.0000000000E+00,    0.0000000000E+00,    0.0000000000E+00,    4.3866272320E+00
     19750,      0.676915,CP6_after_kinetics,   1,    0.0000000000E+00,    4.3866272320E+00,    4.3866272320E+00,    0.0000000000E+00,    0.0000000000E+00,    0.0000000000E+00,    4.3866272320E+00
     19750,      0.676915,CP7_after_upper_clamp,   1,    0.0000000000E+00,    4.3866272320E+00,    4.3866272320E+00,    0.0000000000E+00,    0.0000000000E+00,    0.0000000000E+00,    4.3866272320E+00
     19750,      0.676915,CP8_after_OBC,   1,    0.0000000000E+00,    4.3866272320E+00,    4.3866272320E+00,    0.0000000000E+00,    0.0000000000E+00,    0.0000000000E+00,    4.3866272320E+00
     19750,      0.676915,CP9_after_PTsource,   1,    0.0000000000E+00,    4.3866272320E+00,    4.3866272320E+00,    0.0000000000E+00,    0.0000000000E+00,    0.0000000000E+00,    4.3866272320E+00
     19750,      0.676915,CP10_after_neg_clamp,   1,    0.0000000000E+00,    4.3866272320E+00,    4.3866272320E+00,    0.0000000000E+00,    0.0000000000E+00,    0.0000000000E+00,    4.3866272320E+00
     19750,      0.676915,CP11_after_MPI,   1,    0.0000000000E+00,    4.3866272320E+00,    4.3866272320E+00,    0.0000000000E+00,    0.0000000000E+00,    0.0000000000E+00,    4.3866272320E+00
     19750,      0.676915,CP12_end,   1,    0.0000000000E+00,    4.3866272320E+00,    4.3866272320E+00,    0.0000000000E+00,    0.0000000000E+00,    0.0000000000E+00,    4.3866272320E+00
     19800,      0.676915,CP0_start,   1,    0.0000000000E+00,    4.4081739686E+00,    4.4081739686E+00,    0.0000000000E+00,    0.0000000000E+00,    0.0000000000E+00,    4.4081739686E+00
     19800,      0.676915,CP1_after_deposition,   1,    0.0000000000E+00,    4.4081739686E+00,    4.4081739686E+00,    0.0000000000E+00,    0.0000000000E+00,    0.0000000000E+00,    4.4081739686E+00
     19800,      0.676915,CP2_after_erosion,   1,    0.0000000000E+00,    4.4081739686E+00,    4.4081739686E+00,    0.0000000000E+00,    0.0000000000E+00,    0.0000000000E+00,    4.4081739686E+00
     19800,      0.676915,CP3_after_update_bottom,   1,    0.0000000000E+00,    4.4081739686E+00,    4.4081739686E+00,    0.0000000000E+00,    0.0000000000E+00,    0.0000000000E+00,    4.4081739686E+00
     19800,      0.676915,CP4_after_advection,   1,    0.0000000000E+00,    4.4086390150E+00,    4.4086390150E+00,    0.0000000000E+00,    0.0000000000E+00,    0.0000000000E+00,    4.4086390150E+00
     19800,      0.676915,CP5_after_vdif,   1,    0.0000000000E+00,    4.4086390150E+00,    4.4086390150E+00,    0.0000000000E+00,    0.0000000000E+00,    0.0000000000E+00,    4.4086390150E+00
     19800,      0.676915,CP6_after_kinetics,   1,    0.0000000000E+00,    4.4086390150E+00,    4.4086390150E+00,    0.0000000000E+00,    0.0000000000E+00,    0.0000000000E+00,    4.4086390150E+00
     19800,      0.676915,CP7_after_upper_clamp,   1,    0.0000000000E+00,    4.4086390150E+00,    4.4086390150E+00,    0.0000000000E+00,    0.0000000000E+00,    0.0000000000E+00,    4.4086390150E+00
     19800,      0.676915,CP8_after_OBC,   1,    0.0000000000E+00,    4.4086390150E+00,    4.4086390150E+00,    0.0000000000E+00,    0.0000000000E+00,    0.0000000000E+00,    4.4086390150E+00
     19800,      0.676915,CP9_after_PTsource,   1,    0.0000000000E+00,    4.4086390150E+00,    4.4086390150E+00,    0.0000000000E+00,    0.0000000000E+00,    0.0000000000E+00,    4.4086390150E+00
     19800,      0.676915,CP10_after_neg_clamp,   1,    0.0000000000E+00,    4.4086390150E+00,    4.4086390150E+00,    0.0000000000E+00,    0.0000000000E+00,    0.0000000000E+00,    4.4086390150E+00
     19800,      0.676915,CP11_after_MPI,   1,    0.0000000000E+00,    4.4086390150E+00,    4.4086390150E+00,    0.0000000000E+00,    0.0000000000E+00,    0.0000000000E+00,    4.4086390150E+00
     19800,      0.676915,CP12_end,   1,    0.0000000000E+00,    4.4086390150E+00,    4.4086390150E+00,    0.0000000000E+00,    0.0000000000E+00,    0.0000000000E+00,    4.4086390150E+00
     19850,      0.676915,CP0_start,   1,    0.0000000000E+00,    4.4302288524E+00,    4.4302288524E+00,    0.0000000000E+00,    0.0000000000E+00,    0.0000000000E+00,    4.4302288524E+00
     19850,      0.676915,CP1_after_deposition,   1,    0.0000000000E+00,    4.4302288524E+00,    4.4302288524E+00,    0.0000000000E+00,    0.0000000000E+00,    0.0000000000E+00,    4.4302288524E+00
     19850,      0.676915,CP2_after_erosion,   1,    0.0000000000E+00,    4.4302288524E+00,    4.4302288524E+00,    0.0000000000E+00,    0.0000000000E+00,    0.0000000000E+00,    4.4302288524E+00
     19850,      0.676915,CP3_after_update_bottom,   1,    0.0000000000E+00,    4.4302288524E+00,    4.4302288524E+00,    0.0000000000E+00,    0.0000000000E+00,    0.0000000000E+00,    4.4302288524E+00
     19850,      0.676915,CP4_after_advection,   1,    0.0000000000E+00,    4.4306942973E+00,    4.4306942973E+00,    0.0000000000E+00,    0.0000000000E+00,    0.0000000000E+00,    4.4306942973E+00
     19850,      0.676915,CP5_after_vdif,   1,    0.0000000000E+00,    4.4306942973E+00,    4.4306942973E+00,    0.0000000000E+00,    0.0000000000E+00,    0.0000000000E+00,    4.4306942973E+00
     19850,      0.676915,CP6_after_kinetics,   1,    0.0000000000E+00,    4.4306942973E+00,    4.4306942973E+00,    0.0000000000E+00,    0.0000000000E+00,    0.0000000000E+00,    4.4306942973E+00
     19850,      0.676915,CP7_after_upper_clamp,   1,    0.0000000000E+00,    4.4306942973E+00,    4.4306942973E+00,    0.0000000000E+00,    0.0000000000E+00,    0.0000000000E+00,    4.4306942973E+00
     19850,      0.676915,CP8_after_OBC,   1,    0.0000000000E+00,    4.4306942973E+00,    4.4306942973E+00,    0.0000000000E+00,    0.0000000000E+00,    0.0000000000E+00,    4.4306942973E+00
     19850,      0.676915,CP9_after_PTsource,   1,    0.0000000000E+00,    4.4306942973E+00,    4.4306942973E+00,    0.0000000000E+00,    0.0000000000E+00,    0.0000000000E+00,    4.4306942973E+00
     19850,      0.676915,CP10_after_neg_clamp,   1,    0.0000000000E+00,    4.4306942973E+00,    4.4306942973E+00,    0.0000000000E+00,    0.0000000000E+00,    0.0000000000E+00,    4.4306942973E+00
     19850,      0.676915,CP11_after_MPI,   1,    0.0000000000E+00,    4.4306942973E+00,    4.4306942973E+00,    0.0000000000E+00,    0.0000000000E+00,    0.0000000000E+00,    4.4306942973E+00
     19850,      0.676915,CP12_end,   1,    0.0000000000E+00,    4.4306942973E+00,    4.4306942973E+00,    0.0000000000E+00,    0.0000000000E+00,    0.0000000000E+00,    4.4306942973E+00
     19900,      0.676915,CP0_start,   1,    0.0000000000E+00,    4.4523312707E+00,    4.4523312707E+00,    0.0000000000E+00,    0.0000000000E+00,    0.0000000000E+00,    4.4523312707E+00
     19900,      0.676915,CP1_after_deposition,   1,    0.0000000000E+00,    4.4523312707E+00,    4.4523312707E+00,    0.0000000000E+00,    0.0000000000E+00,    0.0000000000E+00,    4.4523312707E+00
     19900,      0.676915,CP2_after_erosion,   1,    0.0000000000E+00,    4.4523312707E+00,    4.4523312707E+00,    0.0000000000E+00,    0.0000000000E+00,    0.0000000000E+00,    4.4523312707E+00
     19900,      0.676915,CP3_after_update_bottom,   1,    0.0000000000E+00,    4.4523312707E+00,    4.4523312707E+00,    0.0000000000E+00,    0.0000000000E+00,    0.0000000000E+00,    4.4523312707E+00
     19900,      0.676915,CP4_after_advection,   1,    0.0000000000E+00,    4.4527978929E+00,    4.4527978929E+00,    0.0000000000E+00,    0.0000000000E+00,    0.0000000000E+00,    4.4527978929E+00
     19900,      0.676915,CP5_after_vdif,   1,    0.0000000000E+00,    4.4527978929E+00,    4.4527978929E+00,    0.0000000000E+00,    0.0000000000E+00,    0.0000000000E+00,    4.4527978929E+00
     19900,      0.676915,CP6_after_kinetics,   1,    0.0000000000E+00,    4.4527978929E+00,    4.4527978929E+00,    0.0000000000E+00,    0.0000000000E+00,    0.0000000000E+00,    4.4527978929E+00
     19900,      0.676915,CP7_after_upper_clamp,   1,    0.0000000000E+00,    4.4527978929E+00,    4.4527978929E+00,    0.0000000000E+00,    0.0000000000E+00,    0.0000000000E+00,    4.4527978929E+00
     19900,      0.676915,CP8_after_OBC,   1,    0.0000000000E+00,    4.4527978929E+00,    4.4527978929E+00,    0.0000000000E+00,    0.0000000000E+00,    0.0000000000E+00,    4.4527978929E+00
     19900,      0.676915,CP9_after_PTsource,   1,    0.0000000000E+00,    4.4527978929E+00,    4.4527978929E+00,    0.0000000000E+00,    0.0000000000E+00,    0.0000000000E+00,    4.4527978929E+00
     19900,      0.676915,CP10_after_neg_clamp,   1,    0.0000000000E+00,    4.4527978929E+00,    4.4527978929E+00,    0.0000000000E+00,    0.0000000000E+00,    0.0000000000E+00,    4.4527978929E+00
     19900,      0.676915,CP11_after_MPI,   1,    0.0000000000E+00,    4.4527978929E+00,    4.4527978929E+00,    0.0000000000E+00,    0.0000000000E+00,    0.0000000000E+00,    4.4527978929E+00
     19900,      0.676915,CP12_end,   1,    0.0000000000E+00,    4.4527978929E+00,    4.4527978929E+00,    0.0000000000E+00,    0.0000000000E+00,    0.0000000000E+00,    4.4527978929E+00
     19950,      0.676915,CP0_start,   1,    0.0000000000E+00,    4.4744901956E+00,    4.4744901956E+00,    0.0000000000E+00,    0.0000000000E+00,    0.0000000000E+00,    4.4744901956E+00
     19950,      0.676915,CP1_after_deposition,   1,    0.0000000000E+00,    4.4744901956E+00,    4.4744901956E+00,    0.0000000000E+00,    0.0000000000E+00,    0.0000000000E+00,    4.4744901956E+00
     19950,      0.676915,CP2_after_erosion,   1,    0.0000000000E+00,    4.4744901956E+00,    4.4744901956E+00,    0.0000000000E+00,    0.0000000000E+00,    0.0000000000E+00,    4.4744901956E+00
     19950,      0.676915,CP3_after_update_bottom,   1,    0.0000000000E+00,    4.4744901956E+00,    4.4744901956E+00,    0.0000000000E+00,    0.0000000000E+00,    0.0000000000E+00,    4.4744901956E+00
     19950,      0.676915,CP4_after_advection,   1,    0.0000000000E+00,    4.4749571122E+00,    4.4749571122E+00,    0.0000000000E+00,    0.0000000000E+00,    0.0000000000E+00,    4.4749571122E+00
     19950,      0.676915,CP5_after_vdif,   1,    0.0000000000E+00,    4.4749571122E+00,    4.4749571122E+00,    0.0000000000E+00,    0.0000000000E+00,    0.0000000000E+00,    4.4749571122E+00
     19950,      0.676915,CP6_after_kinetics,   1,    0.0000000000E+00,    4.4749571122E+00,    4.4749571122E+00,    0.0000000000E+00,    0.0000000000E+00,    0.0000000000E+00,    4.4749571122E+00
     19950,      0.676915,CP7_after_upper_clamp,   1,    0.0000000000E+00,    4.4749571122E+00,    4.4749571122E+00,    0.0000000000E+00,    0.0000000000E+00,    0.0000000000E+00,    4.4749571122E+00
     19950,      0.676915,CP8_after_OBC,   1,    0.0000000000E+00,    4.4749571122E+00,    4.4749571122E+00,    0.0000000000E+00,    0.0000000000E+00,    0.0000000000E+00,    4.4749571122E+00
     19950,      0.676915,CP9_after_PTsource,   1,    0.0000000000E+00,    4.4749571122E+00,    4.4749571122E+00,    0.0000000000E+00,    0.0000000000E+00,    0.0000000000E+00,    4.4749571122E+00
     19950,      0.676915,CP10_after_neg_clamp,   1,    0.0000000000E+00,    4.4749571122E+00,    4.4749571122E+00,    0.0000000000E+00,    0.0000000000E+00,    0.0000000000E+00,    4.4749571122E+00
     19950,      0.676915,CP11_after_MPI,   1,    0.0000000000E+00,    4.4749571122E+00,    4.4749571122E+00,    0.0000000000E+00,    0.0000000000E+00,    0.0000000000E+00,    4.4749571122E+00
     19950,      0.676915,CP12_end,   1,    0.0000000000E+00,    4.4749571122E+00,    4.4749571122E+00,    0.0000000000E+00,    0.0000000000E+00,    0.0000000000E+00,    4.4749571122E+00
     20000,      0.676915,CP0_start,   1,    0.0000000000E+00,    4.4967088485E+00,    4.4967088485E+00,    0.0000000000E+00,    0.0000000000E+00,    0.0000000000E+00,    4.4967088485E+00
     20000,      0.676915,CP1_after_deposition,   1,    0.0000000000E+00,    4.4967088485E+00,    4.4967088485E+00,    0.0000000000E+00,    0.0000000000E+00,    0.0000000000E+00,    4.4967088485E+00
     20000,      0.676915,CP2_after_erosion,   1,    0.0000000000E+00,    4.4967088485E+00,    4.4967088485E+00,    0.0000000000E+00,    0.0000000000E+00,    0.0000000000E+00,    4.4967088485E+00
     20000,      0.676915,CP3_after_update_bottom,   1,    0.0000000000E+00,    4.4967088485E+00,    4.4967088485E+00,    0.0000000000E+00,    0.0000000000E+00,    0.0000000000E+00,    4.4967088485E+00
     20000,      0.676915,CP4_after_advection,   1,    0.0000000000E+00,    4.4971769411E+00,    4.4971769411E+00,    0.0000000000E+00,    0.0000000000E+00,    0.0000000000E+00,    4.4971769411E+00
     20000,      0.676915,CP5_after_vdif,   1,    0.0000000000E+00,    4.4971769411E+00,    4.4971769411E+00,    0.0000000000E+00,    0.0000000000E+00,    0.0000000000E+00,    4.4971769411E+00
     20000,      0.676915,CP6_after_kinetics,   1,    0.0000000000E+00,    4.4971769411E+00,    4.4971769411E+00,    0.0000000000E+00,    0.0000000000E+00,    0.0000000000E+00,    4.4971769411E+00
     20000,      0.676915,CP7_after_upper_clamp,   1,    0.0000000000E+00,    4.4971769411E+00,    4.4971769411E+00,    0.0000000000E+00,    0.0000000000E+00,    0.0000000000E+00,    4.4971769411E+00
     20000,      0.676915,CP8_after_OBC,   1,    0.0000000000E+00,    4.4971769411E+00,    4.4971769411E+00,    0.0000000000E+00,    0.0000000000E+00,    0.0000000000E+00,    4.4971769411E+00
     20000,      0.676915,CP9_after_PTsource,   1,    0.0000000000E+00,    4.4971769411E+00,    4.4971769411E+00,    0.0000000000E+00,    0.0000000000E+00,    0.0000000000E+00,    4.4971769411E+00
     20000,      0.676915,CP10_after_neg_clamp,   1,    0.0000000000E+00,    4.4971769411E+00,    4.4971769411E+00,    0.0000000000E+00,    0.0000000000E+00,    0.0000000000E+00,    4.4971769411E+00
     20000,      0.676915,CP11_after_MPI,   1,    0.0000000000E+00,    4.4971769411E+00,    4.4971769411E+00,    0.0000000000E+00,    0.0000000000E+00,    0.0000000000E+00,    4.4971769411E+00
     20000,      0.676915,CP12_end,   1,    0.0000000000E+00,    4.4971769411E+00,    4.4971769411E+00,    0.0000000000E+00,    0.0000000000E+00,    0.0000000000E+00,    4.4971769411E+00
     20050,      0.676915,CP0_start,   1,    0.0000000000E+00,    4.5189904639E+00,    4.5189904639E+00,    0.0000000000E+00,    0.0000000000E+00,    0.0000000000E+00,    4.5189904639E+00
     20050,      0.676915,CP1_after_deposition,   1,    0.0000000000E+00,    4.5189904639E+00,    4.5189904639E+00,    0.0000000000E+00,    0.0000000000E+00,    0.0000000000E+00,    4.5189904639E+00
     20050,      0.676915,CP2_after_erosion,   1,    0.0000000000E+00,    4.5189904639E+00,    4.5189904639E+00,    0.0000000000E+00,    0.0000000000E+00,    0.0000000000E+00,    4.5189904639E+00
     20050,      0.676915,CP3_after_update_bottom,   1,    0.0000000000E+00,    4.5189904639E+00,    4.5189904639E+00,    0.0000000000E+00,    0.0000000000E+00,    0.0000000000E+00,    4.5189904639E+00
     20050,      0.676915,CP4_after_advection,   1,    0.0000000000E+00,    4.5194588629E+00,    4.5194588629E+00,    0.0000000000E+00,    0.0000000000E+00,    0.0000000000E+00,    4.5194588629E+00
     20050,      0.676915,CP5_after_vdif,   1,    0.0000000000E+00,    4.5194588629E+00,    4.5194588629E+00,    0.0000000000E+00,    0.0000000000E+00,    0.0000000000E+00,    4.5194588629E+00
     20050,      0.676915,CP6_after_kinetics,   1,    0.0000000000E+00,    4.5194588629E+00,    4.5194588629E+00,    0.0000000000E+00,    0.0000000000E+00,    0.0000000000E+00,    4.5194588629E+00
     20050,      0.676915,CP7_after_upper_clamp,   1,    0.0000000000E+00,    4.5194588629E+00,    4.5194588629E+00,    0.0000000000E+00,    0.0000000000E+00,    0.0000000000E+00,    4.5194588629E+00
     20050,      0.676915,CP8_after_OBC,   1,    0.0000000000E+00,    4.5194588629E+00,    4.5194588629E+00,    0.0000000000E+00,    0.0000000000E+00,    0.0000000000E+00,    4.5194588629E+00
     20050,      0.676915,CP9_after_PTsource,   1,    0.0000000000E+00,    4.5194588629E+00,    4.5194588629E+00,    0.0000000000E+00,    0.0000000000E+00,    0.0000000000E+00,    4.5194588629E+00
     20050,      0.676915,CP10_after_neg_clamp,   1,    0.0000000000E+00,    4.5194588629E+00,    4.5194588629E+00,    0.0000000000E+00,    0.0000000000E+00,    0.0000000000E+00,    4.5194588629E+00
     20050,      0.676915,CP11_after_MPI,   1,    0.0000000000E+00,    4.5194588629E+00,    4.5194588629E+00,    0.0000000000E+00,    0.0000000000E+00,    0.0000000000E+00,    4.5194588629E+00
     20050,      0.676915,CP12_end,   1,    0.0000000000E+00,    4.5194588629E+00,    4.5194588629E+00,    0.0000000000E+00,    0.0000000000E+00,    0.0000000000E+00,    4.5194588629E+00
     20100,      0.676915,CP0_start,   1,    0.0000000000E+00,    4.5413340075E+00,    4.5413340075E+00,    0.0000000000E+00,    0.0000000000E+00,    0.0000000000E+00,    4.5413340075E+00
     20100,      0.676915,CP1_after_deposition,   1,    0.0000000000E+00,    4.5413340075E+00,    4.5413340075E+00,    0.0000000000E+00,    0.0000000000E+00,    0.0000000000E+00,    4.5413340075E+00
     20100,      0.676915,CP2_after_erosion,   1,    0.0000000000E+00,    4.5413340075E+00,    4.5413340075E+00,    0.0000000000E+00,    0.0000000000E+00,    0.0000000000E+00,    4.5413340075E+00
     20100,      0.676915,CP3_after_update_bottom,   1,    0.0000000000E+00,    4.5413340075E+00,    4.5413340075E+00,    0.0000000000E+00,    0.0000000000E+00,    0.0000000000E+00,    4.5413340075E+00
     20100,      0.676915,CP4_after_advection,   1,    0.0000000000E+00,    4.5418033450E+00,    4.5418033450E+00,    0.0000000000E+00,    0.0000000000E+00,    0.0000000000E+00,    4.5418033450E+00
     20100,      0.676915,CP5_after_vdif,   1,    0.0000000000E+00,    4.5418033450E+00,    4.5418033450E+00,    0.0000000000E+00,    0.0000000000E+00,    0.0000000000E+00,    4.5418033450E+00
     20100,      0.676915,CP6_after_kinetics,   1,    0.0000000000E+00,    4.5418033450E+00,    4.5418033450E+00,    0.0000000000E+00,    0.0000000000E+00,    0.0000000000E+00,    4.5418033450E+00
     20100,      0.676915,CP7_after_upper_clamp,   1,    0.0000000000E+00,    4.5418033450E+00,    4.5418033450E+00,    0.0000000000E+00,    0.0000000000E+00,    0.0000000000E+00,    4.5418033450E+00
     20100,      0.676915,CP8_after_OBC,   1,    0.0000000000E+00,    4.5418033450E+00,    4.5418033450E+00,    0.0000000000E+00,    0.0000000000E+00,    0.0000000000E+00,    4.5418033450E+00
     20100,      0.676915,CP9_after_PTsource,   1,    0.0000000000E+00,    4.5418033450E+00,    4.5418033450E+00,    0.0000000000E+00,    0.0000000000E+00,    0.0000000000E+00,    4.5418033450E+00
     20100,      0.676915,CP10_after_neg_clamp,   1,    0.0000000000E+00,    4.5418033450E+00,    4.5418033450E+00,    0.0000000000E+00,    0.0000000000E+00,    0.0000000000E+00,    4.5418033450E+00
     20100,      0.676915,CP11_after_MPI,   1,    0.0000000000E+00,    4.5418033450E+00,    4.5418033450E+00,    0.0000000000E+00,    0.0000000000E+00,    0.0000000000E+00,    4.5418033450E+00
     20100,      0.676915,CP12_end,   1,    0.0000000000E+00,    4.5418033450E+00,    4.5418033450E+00,    0.0000000000E+00,    0.0000000000E+00,    0.0000000000E+00,    4.5418033450E+00
     20150,      0.676915,CP0_start,   1,    0.0000000000E+00,    4.5637378975E+00,    4.5637378975E+00,    0.0000000000E+00,    0.0000000000E+00,    0.0000000000E+00,    4.5637378975E+00
     20150,      0.676915,CP1_after_deposition,   1,    0.0000000000E+00,    4.5637378975E+00,    4.5637378975E+00,    0.0000000000E+00,    0.0000000000E+00,    0.0000000000E+00,    4.5637378975E+00
     20150,      0.676915,CP2_after_erosion,   1,    0.0000000000E+00,    4.5637378975E+00,    4.5637378975E+00,    0.0000000000E+00,    0.0000000000E+00,    0.0000000000E+00,    4.5637378975E+00
     20150,      0.676915,CP3_after_update_bottom,   1,    0.0000000000E+00,    4.5637378975E+00,    4.5637378975E+00,    0.0000000000E+00,    0.0000000000E+00,    0.0000000000E+00,    4.5637378975E+00
     20150,      0.676915,CP4_after_advection,   1,    0.0000000000E+00,    4.5642076700E+00,    4.5642076700E+00,    0.0000000000E+00,    0.0000000000E+00,    0.0000000000E+00,    4.5642076700E+00
     20150,      0.676915,CP5_after_vdif,   1,    0.0000000000E+00,    4.5642076700E+00,    4.5642076700E+00,    0.0000000000E+00,    0.0000000000E+00,    0.0000000000E+00,    4.5642076700E+00
     20150,      0.676915,CP6_after_kinetics,   1,    0.0000000000E+00,    4.5642076700E+00,    4.5642076700E+00,    0.0000000000E+00,    0.0000000000E+00,    0.0000000000E+00,    4.5642076700E+00
     20150,      0.676915,CP7_after_upper_clamp,   1,    0.0000000000E+00,    4.5642076700E+00,    4.5642076700E+00,    0.0000000000E+00,    0.0000000000E+00,    0.0000000000E+00,    4.5642076700E+00
     20150,      0.676915,CP8_after_OBC,   1,    0.0000000000E+00,    4.5642076700E+00,    4.5642076700E+00,    0.0000000000E+00,    0.0000000000E+00,    0.0000000000E+00,    4.5642076700E+00
     20150,      0.676915,CP9_after_PTsource,   1,    0.0000000000E+00,    4.5642076700E+00,    4.5642076700E+00,    0.0000000000E+00,    0.0000000000E+00,    0.0000000000E+00,    4.5642076700E+00
     20150,      0.676915,CP10_after_neg_clamp,   1,    0.0000000000E+00,    4.5642076700E+00,    4.5642076700E+00,    0.0000000000E+00,    0.0000000000E+00,    0.0000000000E+00,    4.5642076700E+00
     20150,      0.676915,CP11_after_MPI,   1,    0.0000000000E+00,    4.5642076700E+00,    4.5642076700E+00,    0.0000000000E+00,    0.0000000000E+00,    0.0000000000E+00,    4.5642076700E+00
     20150,      0.676915,CP12_end,   1,    0.0000000000E+00,    4.5642076700E+00,    4.5642076700E+00,    0.0000000000E+00,    0.0000000000E+00,    0.0000000000E+00,    4.5642076700E+00
     20200,      0.676915,CP0_start,   1,    0.0000000000E+00,    4.5862035143E+00,    4.5862035143E+00,    0.0000000000E+00,    0.0000000000E+00,    0.0000000000E+00,    4.5862035143E+00
     20200,      0.676915,CP1_after_deposition,   1,    0.0000000000E+00,    4.5862035143E+00,    4.5862035143E+00,    0.0000000000E+00,    0.0000000000E+00,    0.0000000000E+00,    4.5862035143E+00
     20200,      0.676915,CP2_after_erosion,   1,    0.0000000000E+00,    4.5862035143E+00,    4.5862035143E+00,    0.0000000000E+00,    0.0000000000E+00,    0.0000000000E+00,    4.5862035143E+00
     20200,      0.676915,CP3_after_update_bottom,   1,    0.0000000000E+00,    4.5862035143E+00,    4.5862035143E+00,    0.0000000000E+00,    0.0000000000E+00,    0.0000000000E+00,    4.5862035143E+00
     20200,      0.676915,CP4_after_advection,   1,    0.0000000000E+00,    4.5866731445E+00,    4.5866731445E+00,    0.0000000000E+00,    0.0000000000E+00,    0.0000000000E+00,    4.5866731445E+00
     20200,      0.676915,CP5_after_vdif,   1,    0.0000000000E+00,    4.5866731445E+00,    4.5866731445E+00,    0.0000000000E+00,    0.0000000000E+00,    0.0000000000E+00,    4.5866731445E+00
     20200,      0.676915,CP6_after_kinetics,   1,    0.0000000000E+00,    4.5866731445E+00,    4.5866731445E+00,    0.0000000000E+00,    0.0000000000E+00,    0.0000000000E+00,    4.5866731445E+00
     20200,      0.676915,CP7_after_upper_clamp,   1,    0.0000000000E+00,    4.5866731445E+00,    4.5866731445E+00,    0.0000000000E+00,    0.0000000000E+00,    0.0000000000E+00,    4.5866731445E+00
     20200,      0.676915,CP8_after_OBC,   1,    0.0000000000E+00,    4.5866731445E+00,    4.5866731445E+00,    0.0000000000E+00,    0.0000000000E+00,    0.0000000000E+00,    4.5866731445E+00
     20200,      0.676915,CP9_after_PTsource,   1,    0.0000000000E+00,    4.5866731445E+00,    4.5866731445E+00,    0.0000000000E+00,    0.0000000000E+00,    0.0000000000E+00,    4.5866731445E+00
     20200,      0.676915,CP10_after_neg_clamp,   1,    0.0000000000E+00,    4.5866731445E+00,    4.5866731445E+00,    0.0000000000E+00,    0.0000000000E+00,    0.0000000000E+00,    4.5866731445E+00
     20200,      0.676915,CP11_after_MPI,   1,    0.0000000000E+00,    4.5866731445E+00,    4.5866731445E+00,    0.0000000000E+00,    0.0000000000E+00,    0.0000000000E+00,    4.5866731445E+00
     20200,      0.676915,CP12_end,   1,    0.0000000000E+00,    4.5866731445E+00,    4.5866731445E+00,    0.0000000000E+00,    0.0000000000E+00,    0.0000000000E+00,    4.5866731445E+00
     20250,      0.676915,CP0_start,   1,    0.0000000000E+00,    4.6087359245E+00,    4.6087359245E+00,    0.0000000000E+00,    0.0000000000E+00,    0.0000000000E+00,    4.6087359245E+00
     20250,      0.676915,CP1_after_deposition,   1,    0.0000000000E+00,    4.6087359245E+00,    4.6087359245E+00,    0.0000000000E+00,    0.0000000000E+00,    0.0000000000E+00,    4.6087359245E+00
     20250,      0.676915,CP2_after_erosion,   1,    0.0000000000E+00,    4.6087359245E+00,    4.6087359245E+00,    0.0000000000E+00,    0.0000000000E+00,    0.0000000000E+00,    4.6087359245E+00
     20250,      0.676915,CP3_after_update_bottom,   1,    0.0000000000E+00,    4.6087359245E+00,    4.6087359245E+00,    0.0000000000E+00,    0.0000000000E+00,    0.0000000000E+00,    4.6087359245E+00
     20250,      0.676915,CP4_after_advection,   1,    0.0000000000E+00,    4.6092065371E+00,    4.6092065371E+00,    0.0000000000E+00,    0.0000000000E+00,    0.0000000000E+00,    4.6092065371E+00
     20250,      0.676915,CP5_after_vdif,   1,    0.0000000000E+00,    4.6092065371E+00,    4.6092065371E+00,    0.0000000000E+00,    0.0000000000E+00,    0.0000000000E+00,    4.6092065371E+00
     20250,      0.676915,CP6_after_kinetics,   1,    0.0000000000E+00,    4.6092065371E+00,    4.6092065371E+00,    0.0000000000E+00,    0.0000000000E+00,    0.0000000000E+00,    4.6092065371E+00
     20250,      0.676915,CP7_after_upper_clamp,   1,    0.0000000000E+00,    4.6092065371E+00,    4.6092065371E+00,    0.0000000000E+00,    0.0000000000E+00,    0.0000000000E+00,    4.6092065371E+00
     20250,      0.676915,CP8_after_OBC,   1,    0.0000000000E+00,    4.6092065371E+00,    4.6092065371E+00,    0.0000000000E+00,    0.0000000000E+00,    0.0000000000E+00,    4.6092065371E+00
     20250,      0.676915,CP9_after_PTsource,   1,    0.0000000000E+00,    4.6092065371E+00,    4.6092065371E+00,    0.0000000000E+00,    0.0000000000E+00,    0.0000000000E+00,    4.6092065371E+00
     20250,      0.676915,CP10_after_neg_clamp,   1,    0.0000000000E+00,    4.6092065371E+00,    4.6092065371E+00,    0.0000000000E+00,    0.0000000000E+00,    0.0000000000E+00,    4.6092065371E+00
     20250,      0.676915,CP11_after_MPI,   1,    0.0000000000E+00,    4.6092065371E+00,    4.6092065371E+00,    0.0000000000E+00,    0.0000000000E+00,    0.0000000000E+00,    4.6092065371E+00
     20250,      0.676915,CP12_end,   1,    0.0000000000E+00,    4.6092065371E+00,    4.6092065371E+00,    0.0000000000E+00,    0.0000000000E+00,    0.0000000000E+00,    4.6092065371E+00
     20300,      0.676915,CP0_start,   1,    0.0000000000E+00,    4.6313359750E+00,    4.6313359750E+00,    0.0000000000E+00,    0.0000000000E+00,    0.0000000000E+00,    4.6313359750E+00
     20300,      0.676915,CP1_after_deposition,   1,    0.0000000000E+00,    4.6313359750E+00,    4.6313359750E+00,    0.0000000000E+00,    0.0000000000E+00,    0.0000000000E+00,    4.6313359750E+00
     20300,      0.676915,CP2_after_erosion,   1,    0.0000000000E+00,    4.6313359750E+00,    4.6313359750E+00,    0.0000000000E+00,    0.0000000000E+00,    0.0000000000E+00,    4.6313359750E+00
     20300,      0.676915,CP3_after_update_bottom,   1,    0.0000000000E+00,    4.6313359750E+00,    4.6313359750E+00,    0.0000000000E+00,    0.0000000000E+00,    0.0000000000E+00,    4.6313359750E+00
     20300,      0.676915,CP4_after_advection,   1,    0.0000000000E+00,    4.6318078665E+00,    4.6318078665E+00,    0.0000000000E+00,    0.0000000000E+00,    0.0000000000E+00,    4.6318078665E+00
     20300,      0.676915,CP5_after_vdif,   1,    0.0000000000E+00,    4.6318078665E+00,    4.6318078665E+00,    0.0000000000E+00,    0.0000000000E+00,    0.0000000000E+00,    4.6318078665E+00
     20300,      0.676915,CP6_after_kinetics,   1,    0.0000000000E+00,    4.6318078665E+00,    4.6318078665E+00,    0.0000000000E+00,    0.0000000000E+00,    0.0000000000E+00,    4.6318078665E+00
     20300,      0.676915,CP7_after_upper_clamp,   1,    0.0000000000E+00,    4.6318078665E+00,    4.6318078665E+00,    0.0000000000E+00,    0.0000000000E+00,    0.0000000000E+00,    4.6318078665E+00
     20300,      0.676915,CP8_after_OBC,   1,    0.0000000000E+00,    4.6318078665E+00,    4.6318078665E+00,    0.0000000000E+00,    0.0000000000E+00,    0.0000000000E+00,    4.6318078665E+00
     20300,      0.676915,CP9_after_PTsource,   1,    0.0000000000E+00,    4.6318078665E+00,    4.6318078665E+00,    0.0000000000E+00,    0.0000000000E+00,    0.0000000000E+00,    4.6318078665E+00
     20300,      0.676915,CP10_after_neg_clamp,   1,    0.0000000000E+00,    4.6318078665E+00,    4.6318078665E+00,    0.0000000000E+00,    0.0000000000E+00,    0.0000000000E+00,    4.6318078665E+00
     20300,      0.676915,CP11_after_MPI,   1,    0.0000000000E+00,    4.6318078665E+00,    4.6318078665E+00,    0.0000000000E+00,    0.0000000000E+00,    0.0000000000E+00,    4.6318078665E+00
     20300,      0.676915,CP12_end,   1,    0.0000000000E+00,    4.6318078665E+00,    4.6318078665E+00,    0.0000000000E+00,    0.0000000000E+00,    0.0000000000E+00,    4.6318078665E+00
     20350,      0.676915,CP0_start,   1,    0.0000000000E+00,    4.6540020717E+00,    4.6540020717E+00,    0.0000000000E+00,    0.0000000000E+00,    0.0000000000E+00,    4.6540020717E+00
     20350,      0.676915,CP1_after_deposition,   1,    0.0000000000E+00,    4.6540020717E+00,    4.6540020717E+00,    0.0000000000E+00,    0.0000000000E+00,    0.0000000000E+00,    4.6540020717E+00
     20350,      0.676915,CP2_after_erosion,   1,    0.0000000000E+00,    4.6540020717E+00,    4.6540020717E+00,    0.0000000000E+00,    0.0000000000E+00,    0.0000000000E+00,    4.6540020717E+00
     20350,      0.676915,CP3_after_update_bottom,   1,    0.0000000000E+00,    4.6540020717E+00,    4.6540020717E+00,    0.0000000000E+00,    0.0000000000E+00,    0.0000000000E+00,    4.6540020717E+00
     20350,      0.676915,CP4_after_advection,   1,    0.0000000000E+00,    4.6544740072E+00,    4.6544740072E+00,    0.0000000000E+00,    0.0000000000E+00,    0.0000000000E+00,    4.6544740072E+00
     20350,      0.676915,CP5_after_vdif,   1,    0.0000000000E+00,    4.6544740072E+00,    4.6544740072E+00,    0.0000000000E+00,    0.0000000000E+00,    0.0000000000E+00,    4.6544740072E+00
     20350,      0.676915,CP6_after_kinetics,   1,    0.0000000000E+00,    4.6544740072E+00,    4.6544740072E+00,    0.0000000000E+00,    0.0000000000E+00,    0.0000000000E+00,    4.6544740072E+00
     20350,      0.676915,CP7_after_upper_clamp,   1,    0.0000000000E+00,    4.6544740072E+00,    4.6544740072E+00,    0.0000000000E+00,    0.0000000000E+00,    0.0000000000E+00,    4.6544740072E+00
     20350,      0.676915,CP8_after_OBC,   1,    0.0000000000E+00,    4.6544740072E+00,    4.6544740072E+00,    0.0000000000E+00,    0.0000000000E+00,    0.0000000000E+00,    4.6544740072E+00
     20350,      0.676915,CP9_after_PTsource,   1,    0.0000000000E+00,    4.6544740072E+00,    4.6544740072E+00,    0.0000000000E+00,    0.0000000000E+00,    0.0000000000E+00,    4.6544740072E+00
     20350,      0.676915,CP10_after_neg_clamp,   1,    0.0000000000E+00,    4.6544740072E+00,    4.6544740072E+00,    0.0000000000E+00,    0.0000000000E+00,    0.0000000000E+00,    4.6544740072E+00
     20350,      0.676915,CP11_after_MPI,   1,    0.0000000000E+00,    4.6544740072E+00,    4.6544740072E+00,    0.0000000000E+00,    0.0000000000E+00,    0.0000000000E+00,    4.6544740072E+00
     20350,      0.676915,CP12_end,   1,    0.0000000000E+00,    4.6544740072E+00,    4.6544740072E+00,    0.0000000000E+00,    0.0000000000E+00,    0.0000000000E+00,    4.6544740072E+00
     20400,      0.676915,CP0_start,   1,    0.0000000000E+00,    4.6767310260E+00,    4.6767310260E+00,    0.0000000000E+00,    0.0000000000E+00,    0.0000000000E+00,    4.6767310260E+00
     20400,      0.676915,CP1_after_deposition,   1,    0.0000000000E+00,    4.6767310260E+00,    4.6767310260E+00,    0.0000000000E+00,    0.0000000000E+00,    0.0000000000E+00,    4.6767310260E+00
     20400,      0.676915,CP2_after_erosion,   1,    0.0000000000E+00,    4.6767310260E+00,    4.6767310260E+00,    0.0000000000E+00,    0.0000000000E+00,    0.0000000000E+00,    4.6767310260E+00
     20400,      0.676915,CP3_after_update_bottom,   1,    0.0000000000E+00,    4.6767310260E+00,    4.6767310260E+00,    0.0000000000E+00,    0.0000000000E+00,    0.0000000000E+00,    4.6767310260E+00
     20400,      0.676915,CP4_after_advection,   1,    0.0000000000E+00,    4.6772027748E+00,    4.6772027748E+00,    0.0000000000E+00,    0.0000000000E+00,    0.0000000000E+00,    4.6772027748E+00
     20400,      0.676915,CP5_after_vdif,   1,    0.0000000000E+00,    4.6772027748E+00,    4.6772027748E+00,    0.0000000000E+00,    0.0000000000E+00,    0.0000000000E+00,    4.6772027748E+00
     20400,      0.676915,CP6_after_kinetics,   1,    0.0000000000E+00,    4.6772027748E+00,    4.6772027748E+00,    0.0000000000E+00,    0.0000000000E+00,    0.0000000000E+00,    4.6772027748E+00
     20400,      0.676915,CP7_after_upper_clamp,   1,    0.0000000000E+00,    4.6772027748E+00,    4.6772027748E+00,    0.0000000000E+00,    0.0000000000E+00,    0.0000000000E+00,    4.6772027748E+00
     20400,      0.676915,CP8_after_OBC,   1,    0.0000000000E+00,    4.6772027748E+00,    4.6772027748E+00,    0.0000000000E+00,    0.0000000000E+00,    0.0000000000E+00,    4.6772027748E+00
     20400,      0.676915,CP9_after_PTsource,   1,    0.0000000000E+00,    4.6772027748E+00,    4.6772027748E+00,    0.0000000000E+00,    0.0000000000E+00,    0.0000000000E+00,    4.6772027748E+00
     20400,      0.676915,CP10_after_neg_clamp,   1,    0.0000000000E+00,    4.6772027748E+00,    4.6772027748E+00,    0.0000000000E+00,    0.0000000000E+00,    0.0000000000E+00,    4.6772027748E+00
     20400,      0.676915,CP11_after_MPI,   1,    0.0000000000E+00,    4.6772027748E+00,    4.6772027748E+00,    0.0000000000E+00,    0.0000000000E+00,    0.0000000000E+00,    4.6772027748E+00
     20400,      0.676915,CP12_end,   1,    0.0000000000E+00,    4.6772027748E+00,    4.6772027748E+00,    0.0000000000E+00,    0.0000000000E+00,    0.0000000000E+00,    4.6772027748E+00
     20450,      0.676915,CP0_start,   1,    0.0000000000E+00,    4.6995185109E+00,    4.6995185109E+00,    0.0000000000E+00,    0.0000000000E+00,    0.0000000000E+00,    4.6995185109E+00
     20450,      0.676915,CP1_after_deposition,   1,    0.0000000000E+00,    4.6995185109E+00,    4.6995185109E+00,    0.0000000000E+00,    0.0000000000E+00,    0.0000000000E+00,    4.6995185109E+00
     20450,      0.676915,CP2_after_erosion,   1,    0.0000000000E+00,    4.6995185109E+00,    4.6995185109E+00,    0.0000000000E+00,    0.0000000000E+00,    0.0000000000E+00,    4.6995185109E+00
     20450,      0.676915,CP3_after_update_bottom,   1,    0.0000000000E+00,    4.6995185109E+00,    4.6995185109E+00,    0.0000000000E+00,    0.0000000000E+00,    0.0000000000E+00,    4.6995185109E+00
     20450,      0.676915,CP4_after_advection,   1,    0.0000000000E+00,    4.6999898104E+00,    4.6999898104E+00,    0.0000000000E+00,    0.0000000000E+00,    0.0000000000E+00,    4.6999898104E+00
     20450,      0.676915,CP5_after_vdif,   1,    0.0000000000E+00,    4.6999898104E+00,    4.6999898104E+00,    0.0000000000E+00,    0.0000000000E+00,    0.0000000000E+00,    4.6999898104E+00
     20450,      0.676915,CP6_after_kinetics,   1,    0.0000000000E+00,    4.6999898104E+00,    4.6999898104E+00,    0.0000000000E+00,    0.0000000000E+00,    0.0000000000E+00,    4.6999898104E+00
     20450,      0.676915,CP7_after_upper_clamp,   1,    0.0000000000E+00,    4.6999898104E+00,    4.6999898104E+00,    0.0000000000E+00,    0.0000000000E+00,    0.0000000000E+00,    4.6999898104E+00
     20450,      0.676915,CP8_after_OBC,   1,    0.0000000000E+00,    4.6999898104E+00,    4.6999898104E+00,    0.0000000000E+00,    0.0000000000E+00,    0.0000000000E+00,    4.6999898104E+00
     20450,      0.676915,CP9_after_PTsource,   1,    0.0000000000E+00,    4.6999898104E+00,    4.6999898104E+00,    0.0000000000E+00,    0.0000000000E+00,    0.0000000000E+00,    4.6999898104E+00
     20450,      0.676915,CP10_after_neg_clamp,   1,    0.0000000000E+00,    4.6999898104E+00,    4.6999898104E+00,    0.0000000000E+00,    0.0000000000E+00,    0.0000000000E+00,    4.6999898104E+00
     20450,      0.676915,CP11_after_MPI,   1,    0.0000000000E+00,    4.6999898104E+00,    4.6999898104E+00,    0.0000000000E+00,    0.0000000000E+00,    0.0000000000E+00,    4.6999898104E+00
     20450,      0.676915,CP12_end,   1,    0.0000000000E+00,    4.6999898104E+00,    4.6999898104E+00,    0.0000000000E+00,    0.0000000000E+00,    0.0000000000E+00,    4.6999898104E+00
     20500,      0.676915,CP0_start,   1,    0.0000000000E+00,    4.7223560278E+00,    4.7223560278E+00,    0.0000000000E+00,    0.0000000000E+00,    0.0000000000E+00,    4.7223560278E+00
     20500,      0.676915,CP1_after_deposition,   1,    0.0000000000E+00,    4.7223560278E+00,    4.7223560278E+00,    0.0000000000E+00,    0.0000000000E+00,    0.0000000000E+00,    4.7223560278E+00
     20500,      0.676915,CP2_after_erosion,   1,    0.0000000000E+00,    4.7223560278E+00,    4.7223560278E+00,    0.0000000000E+00,    0.0000000000E+00,    0.0000000000E+00,    4.7223560278E+00
     20500,      0.676915,CP3_after_update_bottom,   1,    0.0000000000E+00,    4.7223560278E+00,    4.7223560278E+00,    0.0000000000E+00,    0.0000000000E+00,    0.0000000000E+00,    4.7223560278E+00
     20500,      0.676915,CP4_after_advection,   1,    0.0000000000E+00,    4.7228285078E+00,    4.7228285078E+00,    0.0000000000E+00,    0.0000000000E+00,    0.0000000000E+00,    4.7228285078E+00
     20500,      0.676915,CP5_after_vdif,   1,    0.0000000000E+00,    4.7228285078E+00,    4.7228285078E+00,    0.0000000000E+00,    0.0000000000E+00,    0.0000000000E+00,    4.7228285078E+00
     20500,      0.676915,CP6_after_kinetics,   1,    0.0000000000E+00,    4.7228285078E+00,    4.7228285078E+00,    0.0000000000E+00,    0.0000000000E+00,    0.0000000000E+00,    4.7228285078E+00
     20500,      0.676915,CP7_after_upper_clamp,   1,    0.0000000000E+00,    4.7228285078E+00,    4.7228285078E+00,    0.0000000000E+00,    0.0000000000E+00,    0.0000000000E+00,    4.7228285078E+00
     20500,      0.676915,CP8_after_OBC,   1,    0.0000000000E+00,    4.7228285078E+00,    4.7228285078E+00,    0.0000000000E+00,    0.0000000000E+00,    0.0000000000E+00,    4.7228285078E+00
     20500,      0.676915,CP9_after_PTsource,   1,    0.0000000000E+00,    4.7228285078E+00,    4.7228285078E+00,    0.0000000000E+00,    0.0000000000E+00,    0.0000000000E+00,    4.7228285078E+00
     20500,      0.676915,CP10_after_neg_clamp,   1,    0.0000000000E+00,    4.7228285078E+00,    4.7228285078E+00,    0.0000000000E+00,    0.0000000000E+00,    0.0000000000E+00,    4.7228285078E+00
     20500,      0.676915,CP11_after_MPI,   1,    0.0000000000E+00,    4.7228285078E+00,    4.7228285078E+00,    0.0000000000E+00,    0.0000000000E+00,    0.0000000000E+00,    4.7228285078E+00
     20500,      0.676915,CP12_end,   1,    0.0000000000E+00,    4.7228285078E+00,    4.7228285078E+00,    0.0000000000E+00,    0.0000000000E+00,    0.0000000000E+00,    4.7228285078E+00
     20550,      0.676915,CP0_start,   1,    0.0000000000E+00,    4.7452382735E+00,    4.7452382735E+00,    0.0000000000E+00,    0.0000000000E+00,    0.0000000000E+00,    4.7452382735E+00
     20550,      0.676915,CP1_after_deposition,   1,    0.0000000000E+00,    4.7452382735E+00,    4.7452382735E+00,    0.0000000000E+00,    0.0000000000E+00,    0.0000000000E+00,    4.7452382735E+00
     20550,      0.676915,CP2_after_erosion,   1,    0.0000000000E+00,    4.7452382735E+00,    4.7452382735E+00,    0.0000000000E+00,    0.0000000000E+00,    0.0000000000E+00,    4.7452382735E+00
     20550,      0.676915,CP3_after_update_bottom,   1,    0.0000000000E+00,    4.7452382735E+00,    4.7452382735E+00,    0.0000000000E+00,    0.0000000000E+00,    0.0000000000E+00,    4.7452382735E+00
     20550,      0.676915,CP4_after_advection,   1,    0.0000000000E+00,    4.7457114281E+00,    4.7457114281E+00,    0.0000000000E+00,    0.0000000000E+00,    0.0000000000E+00,    4.7457114281E+00
     20550,      0.676915,CP5_after_vdif,   1,    0.0000000000E+00,    4.7457114281E+00,    4.7457114281E+00,    0.0000000000E+00,    0.0000000000E+00,    0.0000000000E+00,    4.7457114281E+00
     20550,      0.676915,CP6_after_kinetics,   1,    0.0000000000E+00,    4.7457114281E+00,    4.7457114281E+00,    0.0000000000E+00,    0.0000000000E+00,    0.0000000000E+00,    4.7457114281E+00
     20550,      0.676915,CP7_after_upper_clamp,   1,    0.0000000000E+00,    4.7457114281E+00,    4.7457114281E+00,    0.0000000000E+00,    0.0000000000E+00,    0.0000000000E+00,    4.7457114281E+00
     20550,      0.676915,CP8_after_OBC,   1,    0.0000000000E+00,    4.7457114281E+00,    4.7457114281E+00,    0.0000000000E+00,    0.0000000000E+00,    0.0000000000E+00,    4.7457114281E+00
     20550,      0.676915,CP9_after_PTsource,   1,    0.0000000000E+00,    4.7457114281E+00,    4.7457114281E+00,    0.0000000000E+00,    0.0000000000E+00,    0.0000000000E+00,    4.7457114281E+00
     20550,      0.676915,CP10_after_neg_clamp,   1,    0.0000000000E+00,    4.7457114281E+00,    4.7457114281E+00,    0.0000000000E+00,    0.0000000000E+00,    0.0000000000E+00,    4.7457114281E+00
     20550,      0.676915,CP11_after_MPI,   1,    0.0000000000E+00,    4.7457114281E+00,    4.7457114281E+00,    0.0000000000E+00,    0.0000000000E+00,    0.0000000000E+00,    4.7457114281E+00
     20550,      0.676915,CP12_end,   1,    0.0000000000E+00,    4.7457114281E+00,    4.7457114281E+00,    0.0000000000E+00,    0.0000000000E+00,    0.0000000000E+00,    4.7457114281E+00
     20600,      0.676915,CP0_start,   1,    0.0000000000E+00,    4.7681582712E+00,    4.7681582712E+00,    0.0000000000E+00,    0.0000000000E+00,    0.0000000000E+00,    4.7681582712E+00
     20600,      0.676915,CP1_after_deposition,   1,    0.0000000000E+00,    4.7681582712E+00,    4.7681582712E+00,    0.0000000000E+00,    0.0000000000E+00,    0.0000000000E+00,    4.7681582712E+00
     20600,      0.676915,CP2_after_erosion,   1,    0.0000000000E+00,    4.7681582712E+00,    4.7681582712E+00,    0.0000000000E+00,    0.0000000000E+00,    0.0000000000E+00,    4.7681582712E+00
     20600,      0.676915,CP3_after_update_bottom,   1,    0.0000000000E+00,    4.7681582712E+00,    4.7681582712E+00,    0.0000000000E+00,    0.0000000000E+00,    0.0000000000E+00,    4.7681582712E+00
     20600,      0.676915,CP4_after_advection,   1,    0.0000000000E+00,    4.7686325228E+00,    4.7686325228E+00,    0.0000000000E+00,    0.0000000000E+00,    0.0000000000E+00,    4.7686325228E+00
     20600,      0.676915,CP5_after_vdif,   1,    0.0000000000E+00,    4.7686325228E+00,    4.7686325228E+00,    0.0000000000E+00,    0.0000000000E+00,    0.0000000000E+00,    4.7686325228E+00
     20600,      0.676915,CP6_after_kinetics,   1,    0.0000000000E+00,    4.7686325228E+00,    4.7686325228E+00,    0.0000000000E+00,    0.0000000000E+00,    0.0000000000E+00,    4.7686325228E+00
     20600,      0.676915,CP7_after_upper_clamp,   1,    0.0000000000E+00,    4.7686325228E+00,    4.7686325228E+00,    0.0000000000E+00,    0.0000000000E+00,    0.0000000000E+00,    4.7686325228E+00
     20600,      0.676915,CP8_after_OBC,   1,    0.0000000000E+00,    4.7686325228E+00,    4.7686325228E+00,    0.0000000000E+00,    0.0000000000E+00,    0.0000000000E+00,    4.7686325228E+00
     20600,      0.676915,CP9_after_PTsource,   1,    0.0000000000E+00,    4.7686325228E+00,    4.7686325228E+00,    0.0000000000E+00,    0.0000000000E+00,    0.0000000000E+00,    4.7686325228E+00
     20600,      0.676915,CP10_after_neg_clamp,   1,    0.0000000000E+00,    4.7686325228E+00,    4.7686325228E+00,    0.0000000000E+00,    0.0000000000E+00,    0.0000000000E+00,    4.7686325228E+00
     20600,      0.676915,CP11_after_MPI,   1,    0.0000000000E+00,    4.7686325228E+00,    4.7686325228E+00,    0.0000000000E+00,    0.0000000000E+00,    0.0000000000E+00,    4.7686325228E+00
     20600,      0.676915,CP12_end,   1,    0.0000000000E+00,    4.7686325228E+00,    4.7686325228E+00,    0.0000000000E+00,    0.0000000000E+00,    0.0000000000E+00,    4.7686325228E+00
     20650,      0.676915,CP0_start,   1,    0.0000000000E+00,    4.7911139676E+00,    4.7911139676E+00,    0.0000000000E+00,    0.0000000000E+00,    0.0000000000E+00,    4.7911139676E+00
     20650,      0.676915,CP1_after_deposition,   1,    0.0000000000E+00,    4.7911139676E+00,    4.7911139676E+00,    0.0000000000E+00,    0.0000000000E+00,    0.0000000000E+00,    4.7911139676E+00
     20650,      0.676915,CP2_after_erosion,   1,    0.0000000000E+00,    4.7911139676E+00,    4.7911139676E+00,    0.0000000000E+00,    0.0000000000E+00,    0.0000000000E+00,    4.7911139676E+00
     20650,      0.676915,CP3_after_update_bottom,   1,    0.0000000000E+00,    4.7911139676E+00,    4.7911139676E+00,    0.0000000000E+00,    0.0000000000E+00,    0.0000000000E+00,    4.7911139676E+00
     20650,      0.676915,CP4_after_advection,   1,    0.0000000000E+00,    4.7915884436E+00,    4.7915884436E+00,    0.0000000000E+00,    0.0000000000E+00,    0.0000000000E+00,    4.7915884436E+00
     20650,      0.676915,CP5_after_vdif,   1,    0.0000000000E+00,    4.7915884436E+00,    4.7915884436E+00,    0.0000000000E+00,    0.0000000000E+00,    0.0000000000E+00,    4.7915884436E+00
     20650,      0.676915,CP6_after_kinetics,   1,    0.0000000000E+00,    4.7915884436E+00,    4.7915884436E+00,    0.0000000000E+00,    0.0000000000E+00,    0.0000000000E+00,    4.7915884436E+00
     20650,      0.676915,CP7_after_upper_clamp,   1,    0.0000000000E+00,    4.7915884436E+00,    4.7915884436E+00,    0.0000000000E+00,    0.0000000000E+00,    0.0000000000E+00,    4.7915884436E+00
     20650,      0.676915,CP8_after_OBC,   1,    0.0000000000E+00,    4.7915884436E+00,    4.7915884436E+00,    0.0000000000E+00,    0.0000000000E+00,    0.0000000000E+00,    4.7915884436E+00
     20650,      0.676915,CP9_after_PTsource,   1,    0.0000000000E+00,    4.7915884436E+00,    4.7915884436E+00,    0.0000000000E+00,    0.0000000000E+00,    0.0000000000E+00,    4.7915884436E+00
     20650,      0.676915,CP10_after_neg_clamp,   1,    0.0000000000E+00,    4.7915884436E+00,    4.7915884436E+00,    0.0000000000E+00,    0.0000000000E+00,    0.0000000000E+00,    4.7915884436E+00
     20650,      0.676915,CP11_after_MPI,   1,    0.0000000000E+00,    4.7915884436E+00,    4.7915884436E+00,    0.0000000000E+00,    0.0000000000E+00,    0.0000000000E+00,    4.7915884436E+00
     20650,      0.676915,CP12_end,   1,    0.0000000000E+00,    4.7915884436E+00,    4.7915884436E+00,    0.0000000000E+00,    0.0000000000E+00,    0.0000000000E+00,    4.7915884436E+00
     20700,      0.676915,CP0_start,   1,    0.0000000000E+00,    4.8141023020E+00,    4.8141023020E+00,    0.0000000000E+00,    0.0000000000E+00,    0.0000000000E+00,    4.8141023020E+00
     20700,      0.676915,CP1_after_deposition,   1,    0.0000000000E+00,    4.8141023020E+00,    4.8141023020E+00,    0.0000000000E+00,    0.0000000000E+00,    0.0000000000E+00,    4.8141023020E+00
     20700,      0.676915,CP2_after_erosion,   1,    0.0000000000E+00,    4.8141023020E+00,    4.8141023020E+00,    0.0000000000E+00,    0.0000000000E+00,    0.0000000000E+00,    4.8141023020E+00
     20700,      0.676915,CP3_after_update_bottom,   1,    0.0000000000E+00,    4.8141023020E+00,    4.8141023020E+00,    0.0000000000E+00,    0.0000000000E+00,    0.0000000000E+00,    4.8141023020E+00
     20700,      0.676915,CP4_after_advection,   1,    0.0000000000E+00,    4.8145766155E+00,    4.8145766155E+00,    0.0000000000E+00,    0.0000000000E+00,    0.0000000000E+00,    4.8145766155E+00
     20700,      0.676915,CP5_after_vdif,   1,    0.0000000000E+00,    4.8145766155E+00,    4.8145766155E+00,    0.0000000000E+00,    0.0000000000E+00,    0.0000000000E+00,    4.8145766155E+00
     20700,      0.676915,CP6_after_kinetics,   1,    0.0000000000E+00,    4.8145766155E+00,    4.8145766155E+00,    0.0000000000E+00,    0.0000000000E+00,    0.0000000000E+00,    4.8145766155E+00
     20700,      0.676915,CP7_after_upper_clamp,   1,    0.0000000000E+00,    4.8145766155E+00,    4.8145766155E+00,    0.0000000000E+00,    0.0000000000E+00,    0.0000000000E+00,    4.8145766155E+00
     20700,      0.676915,CP8_after_OBC,   1,    0.0000000000E+00,    4.8145766155E+00,    4.8145766155E+00,    0.0000000000E+00,    0.0000000000E+00,    0.0000000000E+00,    4.8145766155E+00
     20700,      0.676915,CP9_after_PTsource,   1,    0.0000000000E+00,    4.8145766155E+00,    4.8145766155E+00,    0.0000000000E+00,    0.0000000000E+00,    0.0000000000E+00,    4.8145766155E+00
     20700,      0.676915,CP10_after_neg_clamp,   1,    0.0000000000E+00,    4.8145766155E+00,    4.8145766155E+00,    0.0000000000E+00,    0.0000000000E+00,    0.0000000000E+00,    4.8145766155E+00
     20700,      0.676915,CP11_after_MPI,   1,    0.0000000000E+00,    4.8145766155E+00,    4.8145766155E+00,    0.0000000000E+00,    0.0000000000E+00,    0.0000000000E+00,    4.8145766155E+00
     20700,      0.676915,CP12_end,   1,    0.0000000000E+00,    4.8145766155E+00,    4.8145766155E+00,    0.0000000000E+00,    0.0000000000E+00,    0.0000000000E+00,    4.8145766155E+00
     20750,      0.676915,CP0_start,   1,    0.0000000000E+00,    4.8371698636E+00,    4.8371698636E+00,    0.0000000000E+00,    0.0000000000E+00,    0.0000000000E+00,    4.8371698636E+00
     20750,      0.676915,CP1_after_deposition,   1,    0.0000000000E+00,    4.8371698636E+00,    4.8371698636E+00,    0.0000000000E+00,    0.0000000000E+00,    0.0000000000E+00,    4.8371698636E+00
     20750,      0.676915,CP2_after_erosion,   1,    0.0000000000E+00,    4.8371698636E+00,    4.8371698636E+00,    0.0000000000E+00,    0.0000000000E+00,    0.0000000000E+00,    4.8371698636E+00
     20750,      0.676915,CP3_after_update_bottom,   1,    0.0000000000E+00,    4.8371698636E+00,    4.8371698636E+00,    0.0000000000E+00,    0.0000000000E+00,    0.0000000000E+00,    4.8371698636E+00
     20750,      0.676915,CP4_after_advection,   1,    0.0000000000E+00,    4.8376440333E+00,    4.8376440333E+00,    0.0000000000E+00,    0.0000000000E+00,    0.0000000000E+00,    4.8376440333E+00
     20750,      0.676915,CP5_after_vdif,   1,    0.0000000000E+00,    4.8376440333E+00,    4.8376440333E+00,    0.0000000000E+00,    0.0000000000E+00,    0.0000000000E+00,    4.8376440333E+00
     20750,      0.676915,CP6_after_kinetics,   1,    0.0000000000E+00,    4.8376440333E+00,    4.8376440333E+00,    0.0000000000E+00,    0.0000000000E+00,    0.0000000000E+00,    4.8376440333E+00
     20750,      0.676915,CP7_after_upper_clamp,   1,    0.0000000000E+00,    4.8376440333E+00,    4.8376440333E+00,    0.0000000000E+00,    0.0000000000E+00,    0.0000000000E+00,    4.8376440333E+00
     20750,      0.676915,CP8_after_OBC,   1,    0.0000000000E+00,    4.8376440333E+00,    4.8376440333E+00,    0.0000000000E+00,    0.0000000000E+00,    0.0000000000E+00,    4.8376440333E+00
     20750,      0.676915,CP9_after_PTsource,   1,    0.0000000000E+00,    4.8376440333E+00,    4.8376440333E+00,    0.0000000000E+00,    0.0000000000E+00,    0.0000000000E+00,    4.8376440333E+00
     20750,      0.676915,CP10_after_neg_clamp,   1,    0.0000000000E+00,    4.8376440333E+00,    4.8376440333E+00,    0.0000000000E+00,    0.0000000000E+00,    0.0000000000E+00,    4.8376440333E+00
     20750,      0.676915,CP11_after_MPI,   1,    0.0000000000E+00,    4.8376440333E+00,    4.8376440333E+00,    0.0000000000E+00,    0.0000000000E+00,    0.0000000000E+00,    4.8376440333E+00
     20750,      0.676915,CP12_end,   1,    0.0000000000E+00,    4.8376440333E+00,    4.8376440333E+00,    0.0000000000E+00,    0.0000000000E+00,    0.0000000000E+00,    4.8376440333E+00
     20800,      0.676915,CP0_start,   1,    0.0000000000E+00,    4.8602681713E+00,    4.8602681713E+00,    0.0000000000E+00,    0.0000000000E+00,    0.0000000000E+00,    4.8602681713E+00
     20800,      0.676915,CP1_after_deposition,   1,    0.0000000000E+00,    4.8602681713E+00,    4.8602681713E+00,    0.0000000000E+00,    0.0000000000E+00,    0.0000000000E+00,    4.8602681713E+00
     20800,      0.676915,CP2_after_erosion,   1,    0.0000000000E+00,    4.8602681713E+00,    4.8602681713E+00,    0.0000000000E+00,    0.0000000000E+00,    0.0000000000E+00,    4.8602681713E+00
     20800,      0.676915,CP3_after_update_bottom,   1,    0.0000000000E+00,    4.8602681713E+00,    4.8602681713E+00,    0.0000000000E+00,    0.0000000000E+00,    0.0000000000E+00,    4.8602681713E+00
     20800,      0.676915,CP4_after_advection,   1,    0.0000000000E+00,    4.8607415639E+00,    4.8607415639E+00,    0.0000000000E+00,    0.0000000000E+00,    0.0000000000E+00,    4.8607415639E+00
     20800,      0.676915,CP5_after_vdif,   1,    0.0000000000E+00,    4.8607415639E+00,    4.8607415639E+00,    0.0000000000E+00,    0.0000000000E+00,    0.0000000000E+00,    4.8607415639E+00
     20800,      0.676915,CP6_after_kinetics,   1,    0.0000000000E+00,    4.8607415639E+00,    4.8607415639E+00,    0.0000000000E+00,    0.0000000000E+00,    0.0000000000E+00,    4.8607415639E+00
     20800,      0.676915,CP7_after_upper_clamp,   1,    0.0000000000E+00,    4.8607415639E+00,    4.8607415639E+00,    0.0000000000E+00,    0.0000000000E+00,    0.0000000000E+00,    4.8607415639E+00
     20800,      0.676915,CP8_after_OBC,   1,    0.0000000000E+00,    4.8607415639E+00,    4.8607415639E+00,    0.0000000000E+00,    0.0000000000E+00,    0.0000000000E+00,    4.8607415639E+00
     20800,      0.676915,CP9_after_PTsource,   1,    0.0000000000E+00,    4.8607415639E+00,    4.8607415639E+00,    0.0000000000E+00,    0.0000000000E+00,    0.0000000000E+00,    4.8607415639E+00
     20800,      0.676915,CP10_after_neg_clamp,   1,    0.0000000000E+00,    4.8607415639E+00,    4.8607415639E+00,    0.0000000000E+00,    0.0000000000E+00,    0.0000000000E+00,    4.8607415639E+00
     20800,      0.676915,CP11_after_MPI,   1,    0.0000000000E+00,    4.8607415639E+00,    4.8607415639E+00,    0.0000000000E+00,    0.0000000000E+00,    0.0000000000E+00,    4.8607415639E+00
     20800,      0.676915,CP12_end,   1,    0.0000000000E+00,    4.8607415639E+00,    4.8607415639E+00,    0.0000000000E+00,    0.0000000000E+00,    0.0000000000E+00,    4.8607415639E+00
     20850,      0.676915,CP0_start,   1,    0.0000000000E+00,    4.8833992779E+00,    4.8833992779E+00,    0.0000000000E+00,    0.0000000000E+00,    0.0000000000E+00,    4.8833992779E+00
     20850,      0.676915,CP1_after_deposition,   1,    0.0000000000E+00,    4.8833992779E+00,    4.8833992779E+00,    0.0000000000E+00,    0.0000000000E+00,    0.0000000000E+00,    4.8833992779E+00
     20850,      0.676915,CP2_after_erosion,   1,    0.0000000000E+00,    4.8833992779E+00,    4.8833992779E+00,    0.0000000000E+00,    0.0000000000E+00,    0.0000000000E+00,    4.8833992779E+00
     20850,      0.676915,CP3_after_update_bottom,   1,    0.0000000000E+00,    4.8833992779E+00,    4.8833992779E+00,    0.0000000000E+00,    0.0000000000E+00,    0.0000000000E+00,    4.8833992779E+00
     20850,      0.676915,CP4_after_advection,   1,    0.0000000000E+00,    4.8838729159E+00,    4.8838729159E+00,    0.0000000000E+00,    0.0000000000E+00,    0.0000000000E+00,    4.8838729159E+00
     20850,      0.676915,CP5_after_vdif,   1,    0.0000000000E+00,    4.8838729159E+00,    4.8838729159E+00,    0.0000000000E+00,    0.0000000000E+00,    0.0000000000E+00,    4.8838729159E+00
     20850,      0.676915,CP6_after_kinetics,   1,    0.0000000000E+00,    4.8838729159E+00,    4.8838729159E+00,    0.0000000000E+00,    0.0000000000E+00,    0.0000000000E+00,    4.8838729159E+00
     20850,      0.676915,CP7_after_upper_clamp,   1,    0.0000000000E+00,    4.8838729159E+00,    4.8838729159E+00,    0.0000000000E+00,    0.0000000000E+00,    0.0000000000E+00,    4.8838729159E+00
     20850,      0.676915,CP8_after_OBC,   1,    0.0000000000E+00,    4.8838729159E+00,    4.8838729159E+00,    0.0000000000E+00,    0.0000000000E+00,    0.0000000000E+00,    4.8838729159E+00
     20850,      0.676915,CP9_after_PTsource,   1,    0.0000000000E+00,    4.8838729159E+00,    4.8838729159E+00,    0.0000000000E+00,    0.0000000000E+00,    0.0000000000E+00,    4.8838729159E+00
     20850,      0.676915,CP10_after_neg_clamp,   1,    0.0000000000E+00,    4.8838729159E+00,    4.8838729159E+00,    0.0000000000E+00,    0.0000000000E+00,    0.0000000000E+00,    4.8838729159E+00
     20850,      0.676915,CP11_after_MPI,   1,    0.0000000000E+00,    4.8838729159E+00,    4.8838729159E+00,    0.0000000000E+00,    0.0000000000E+00,    0.0000000000E+00,    4.8838729159E+00
     20850,      0.676915,CP12_end,   1,    0.0000000000E+00,    4.8838729159E+00,    4.8838729159E+00,    0.0000000000E+00,    0.0000000000E+00,    0.0000000000E+00,    4.8838729159E+00
     20900,      0.676915,CP0_start,   1,    0.0000000000E+00,    4.9065643661E+00,    4.9065643661E+00,    0.0000000000E+00,    0.0000000000E+00,    0.0000000000E+00,    4.9065643661E+00
     20900,      0.676915,CP1_after_deposition,   1,    0.0000000000E+00,    4.9065643661E+00,    4.9065643661E+00,    0.0000000000E+00,    0.0000000000E+00,    0.0000000000E+00,    4.9065643661E+00
     20900,      0.676915,CP2_after_erosion,   1,    0.0000000000E+00,    4.9065643661E+00,    4.9065643661E+00,    0.0000000000E+00,    0.0000000000E+00,    0.0000000000E+00,    4.9065643661E+00
     20900,      0.676915,CP3_after_update_bottom,   1,    0.0000000000E+00,    4.9065643661E+00,    4.9065643661E+00,    0.0000000000E+00,    0.0000000000E+00,    0.0000000000E+00,    4.9065643661E+00
     20900,      0.676915,CP4_after_advection,   1,    0.0000000000E+00,    4.9070395924E+00,    4.9070395924E+00,    0.0000000000E+00,    0.0000000000E+00,    0.0000000000E+00,    4.9070395924E+00
     20900,      0.676915,CP5_after_vdif,   1,    0.0000000000E+00,    4.9070395924E+00,    4.9070395924E+00,    0.0000000000E+00,    0.0000000000E+00,    0.0000000000E+00,    4.9070395924E+00
     20900,      0.676915,CP6_after_kinetics,   1,    0.0000000000E+00,    4.9070395924E+00,    4.9070395924E+00,    0.0000000000E+00,    0.0000000000E+00,    0.0000000000E+00,    4.9070395924E+00
     20900,      0.676915,CP7_after_upper_clamp,   1,    0.0000000000E+00,    4.9070395924E+00,    4.9070395924E+00,    0.0000000000E+00,    0.0000000000E+00,    0.0000000000E+00,    4.9070395924E+00
     20900,      0.676915,CP8_after_OBC,   1,    0.0000000000E+00,    4.9070395924E+00,    4.9070395924E+00,    0.0000000000E+00,    0.0000000000E+00,    0.0000000000E+00,    4.9070395924E+00
     20900,      0.676915,CP9_after_PTsource,   1,    0.0000000000E+00,    4.9070395924E+00,    4.9070395924E+00,    0.0000000000E+00,    0.0000000000E+00,    0.0000000000E+00,    4.9070395924E+00
     20900,      0.676915,CP10_after_neg_clamp,   1,    0.0000000000E+00,    4.9070395924E+00,    4.9070395924E+00,    0.0000000000E+00,    0.0000000000E+00,    0.0000000000E+00,    4.9070395924E+00
     20900,      0.676915,CP11_after_MPI,   1,    0.0000000000E+00,    4.9070395924E+00,    4.9070395924E+00,    0.0000000000E+00,    0.0000000000E+00,    0.0000000000E+00,    4.9070395924E+00
     20900,      0.676915,CP12_end,   1,    0.0000000000E+00,    4.9070395924E+00,    4.9070395924E+00,    0.0000000000E+00,    0.0000000000E+00,    0.0000000000E+00,    4.9070395924E+00
     20950,      0.676915,CP0_start,   1,    0.0000000000E+00,    4.9297607534E+00,    4.9297607534E+00,    0.0000000000E+00,    0.0000000000E+00,    0.0000000000E+00,    4.9297607534E+00
     20950,      0.676915,CP1_after_deposition,   1,    0.0000000000E+00,    4.9297607534E+00,    4.9297607534E+00,    0.0000000000E+00,    0.0000000000E+00,    0.0000000000E+00,    4.9297607534E+00
     20950,      0.676915,CP2_after_erosion,   1,    0.0000000000E+00,    4.9297607534E+00,    4.9297607534E+00,    0.0000000000E+00,    0.0000000000E+00,    0.0000000000E+00,    4.9297607534E+00
     20950,      0.676915,CP3_after_update_bottom,   1,    0.0000000000E+00,    4.9297607534E+00,    4.9297607534E+00,    0.0000000000E+00,    0.0000000000E+00,    0.0000000000E+00,    4.9297607534E+00
     20950,      0.676915,CP4_after_advection,   1,    0.0000000000E+00,    4.9302368116E+00,    4.9302368116E+00,    0.0000000000E+00,    0.0000000000E+00,    0.0000000000E+00,    4.9302368116E+00
     20950,      0.676915,CP5_after_vdif,   1,    0.0000000000E+00,    4.9302368116E+00,    4.9302368116E+00,    0.0000000000E+00,    0.0000000000E+00,    0.0000000000E+00,    4.9302368116E+00
     20950,      0.676915,CP6_after_kinetics,   1,    0.0000000000E+00,    4.9302368116E+00,    4.9302368116E+00,    0.0000000000E+00,    0.0000000000E+00,    0.0000000000E+00,    4.9302368116E+00
     20950,      0.676915,CP7_after_upper_clamp,   1,    0.0000000000E+00,    4.9302368116E+00,    4.9302368116E+00,    0.0000000000E+00,    0.0000000000E+00,    0.0000000000E+00,    4.9302368116E+00
     20950,      0.676915,CP8_after_OBC,   1,    0.0000000000E+00,    4.9302368116E+00,    4.9302368116E+00,    0.0000000000E+00,    0.0000000000E+00,    0.0000000000E+00,    4.9302368116E+00
     20950,      0.676915,CP9_after_PTsource,   1,    0.0000000000E+00,    4.9302368116E+00,    4.9302368116E+00,    0.0000000000E+00,    0.0000000000E+00,    0.0000000000E+00,    4.9302368116E+00
     20950,      0.676915,CP10_after_neg_clamp,   1,    0.0000000000E+00,    4.9302368116E+00,    4.9302368116E+00,    0.0000000000E+00,    0.0000000000E+00,    0.0000000000E+00,    4.9302368116E+00
     20950,      0.676915,CP11_after_MPI,   1,    0.0000000000E+00,    4.9302368116E+00,    4.9302368116E+00,    0.0000000000E+00,    0.0000000000E+00,    0.0000000000E+00,    4.9302368116E+00
     20950,      0.676915,CP12_end,   1,    0.0000000000E+00,    4.9302368116E+00,    4.9302368116E+00,    0.0000000000E+00,    0.0000000000E+00,    0.0000000000E+00,    4.9302368116E+00
     21000,      0.676915,CP0_start,   1,    0.0000000000E+00,    4.9529943124E+00,    4.9529943124E+00,    0.0000000000E+00,    0.0000000000E+00,    0.0000000000E+00,    4.9529943124E+00
     21000,      0.676915,CP1_after_deposition,   1,    0.0000000000E+00,    4.9529943124E+00,    4.9529943124E+00,    0.0000000000E+00,    0.0000000000E+00,    0.0000000000E+00,    4.9529943124E+00
     21000,      0.676915,CP2_after_erosion,   1,    0.0000000000E+00,    4.9529943124E+00,    4.9529943124E+00,    0.0000000000E+00,    0.0000000000E+00,    0.0000000000E+00,    4.9529943124E+00
     21000,      0.676915,CP3_after_update_bottom,   1,    0.0000000000E+00,    4.9529943124E+00,    4.9529943124E+00,    0.0000000000E+00,    0.0000000000E+00,    0.0000000000E+00,    4.9529943124E+00
     21000,      0.676915,CP4_after_advection,   1,    0.0000000000E+00,    4.9534699630E+00,    4.9534699630E+00,    0.0000000000E+00,    0.0000000000E+00,    0.0000000000E+00,    4.9534699630E+00
     21000,      0.676915,CP5_after_vdif,   1,    0.0000000000E+00,    4.9534699630E+00,    4.9534699630E+00,    0.0000000000E+00,    0.0000000000E+00,    0.0000000000E+00,    4.9534699630E+00
     21000,      0.676915,CP6_after_kinetics,   1,    0.0000000000E+00,    4.9534699630E+00,    4.9534699630E+00,    0.0000000000E+00,    0.0000000000E+00,    0.0000000000E+00,    4.9534699630E+00
     21000,      0.676915,CP7_after_upper_clamp,   1,    0.0000000000E+00,    4.9534699630E+00,    4.9534699630E+00,    0.0000000000E+00,    0.0000000000E+00,    0.0000000000E+00,    4.9534699630E+00
     21000,      0.676915,CP8_after_OBC,   1,    0.0000000000E+00,    4.9534699630E+00,    4.9534699630E+00,    0.0000000000E+00,    0.0000000000E+00,    0.0000000000E+00,    4.9534699630E+00
     21000,      0.676915,CP9_after_PTsource,   1,    0.0000000000E+00,    4.9534699630E+00,    4.9534699630E+00,    0.0000000000E+00,    0.0000000000E+00,    0.0000000000E+00,    4.9534699630E+00
     21000,      0.676915,CP10_after_neg_clamp,   1,    0.0000000000E+00,    4.9534699630E+00,    4.9534699630E+00,    0.0000000000E+00,    0.0000000000E+00,    0.0000000000E+00,    4.9534699630E+00
     21000,      0.676915,CP11_after_MPI,   1,    0.0000000000E+00,    4.9534699630E+00,    4.9534699630E+00,    0.0000000000E+00,    0.0000000000E+00,    0.0000000000E+00,    4.9534699630E+00
     21000,      0.676915,CP12_end,   1,    0.0000000000E+00,    4.9534699630E+00,    4.9534699630E+00,    0.0000000000E+00,    0.0000000000E+00,    0.0000000000E+00,    4.9534699630E+00
     21050,      0.676915,CP0_start,   1,    0.0000000000E+00,    4.9762655555E+00,    4.9762655555E+00,    0.0000000000E+00,    0.0000000000E+00,    0.0000000000E+00,    4.9762655555E+00
     21050,      0.676915,CP1_after_deposition,   1,    0.0000000000E+00,    4.9762655555E+00,    4.9762655555E+00,    0.0000000000E+00,    0.0000000000E+00,    0.0000000000E+00,    4.9762655555E+00
     21050,      0.676915,CP2_after_erosion,   1,    0.0000000000E+00,    4.9762655555E+00,    4.9762655555E+00,    0.0000000000E+00,    0.0000000000E+00,    0.0000000000E+00,    4.9762655555E+00
     21050,      0.676915,CP3_after_update_bottom,   1,    0.0000000000E+00,    4.9762655555E+00,    4.9762655555E+00,    0.0000000000E+00,    0.0000000000E+00,    0.0000000000E+00,    4.9762655555E+00
     21050,      0.676915,CP4_after_advection,   1,    0.0000000000E+00,    4.9767409509E+00,    4.9767409509E+00,    0.0000000000E+00,    0.0000000000E+00,    0.0000000000E+00,    4.9767409509E+00
     21050,      0.676915,CP5_after_vdif,   1,    0.0000000000E+00,    4.9767409509E+00,    4.9767409509E+00,    0.0000000000E+00,    0.0000000000E+00,    0.0000000000E+00,    4.9767409509E+00
     21050,      0.676915,CP6_after_kinetics,   1,    0.0000000000E+00,    4.9767409509E+00,    4.9767409509E+00,    0.0000000000E+00,    0.0000000000E+00,    0.0000000000E+00,    4.9767409509E+00
     21050,      0.676915,CP7_after_upper_clamp,   1,    0.0000000000E+00,    4.9767409509E+00,    4.9767409509E+00,    0.0000000000E+00,    0.0000000000E+00,    0.0000000000E+00,    4.9767409509E+00
     21050,      0.676915,CP8_after_OBC,   1,    0.0000000000E+00,    4.9767409509E+00,    4.9767409509E+00,    0.0000000000E+00,    0.0000000000E+00,    0.0000000000E+00,    4.9767409509E+00
     21050,      0.676915,CP9_after_PTsource,   1,    0.0000000000E+00,    4.9767409509E+00,    4.9767409509E+00,    0.0000000000E+00,    0.0000000000E+00,    0.0000000000E+00,    4.9767409509E+00
     21050,      0.676915,CP10_after_neg_clamp,   1,    0.0000000000E+00,    4.9767409509E+00,    4.9767409509E+00,    0.0000000000E+00,    0.0000000000E+00,    0.0000000000E+00,    4.9767409509E+00
     21050,      0.676915,CP11_after_MPI,   1,    0.0000000000E+00,    4.9767409509E+00,    4.9767409509E+00,    0.0000000000E+00,    0.0000000000E+00,    0.0000000000E+00,    4.9767409509E+00
     21050,      0.676915,CP12_end,   1,    0.0000000000E+00,    4.9767409509E+00,    4.9767409509E+00,    0.0000000000E+00,    0.0000000000E+00,    0.0000000000E+00,    4.9767409509E+00
     21100,      0.676915,CP0_start,   1,    0.0000000000E+00,    4.9995778769E+00,    4.9995778769E+00,    0.0000000000E+00,    0.0000000000E+00,    0.0000000000E+00,    4.9995778769E+00
     21100,      0.676915,CP1_after_deposition,   1,    0.0000000000E+00,    4.9995778769E+00,    4.9995778769E+00,    0.0000000000E+00,    0.0000000000E+00,    0.0000000000E+00,    4.9995778769E+00
     21100,      0.676915,CP2_after_erosion,   1,    0.0000000000E+00,    4.9995778769E+00,    4.9995778769E+00,    0.0000000000E+00,    0.0000000000E+00,    0.0000000000E+00,    4.9995778769E+00
     21100,      0.676915,CP3_after_update_bottom,   1,    0.0000000000E+00,    4.9995778769E+00,    4.9995778769E+00,    0.0000000000E+00,    0.0000000000E+00,    0.0000000000E+00,    4.9995778769E+00
     21100,      0.676915,CP4_after_advection,   1,    0.0000000000E+00,    5.0000529180E+00,    5.0000529180E+00,    0.0000000000E+00,    0.0000000000E+00,    0.0000000000E+00,    5.0000529180E+00
     21100,      0.676915,CP5_after_vdif,   1,    0.0000000000E+00,    5.0000529180E+00,    5.0000529180E+00,    0.0000000000E+00,    0.0000000000E+00,    0.0000000000E+00,    5.0000529180E+00
     21100,      0.676915,CP6_after_kinetics,   1,    0.0000000000E+00,    5.0000529180E+00,    5.0000529180E+00,    0.0000000000E+00,    0.0000000000E+00,    0.0000000000E+00,    5.0000529180E+00
     21100,      0.676915,CP7_after_upper_clamp,   1,    0.0000000000E+00,    5.0000529180E+00,    5.0000529180E+00,    0.0000000000E+00,    0.0000000000E+00,    0.0000000000E+00,    5.0000529180E+00
     21100,      0.676915,CP8_after_OBC,   1,    0.0000000000E+00,    5.0000529180E+00,    5.0000529180E+00,    0.0000000000E+00,    0.0000000000E+00,    0.0000000000E+00,    5.0000529180E+00
     21100,      0.676915,CP9_after_PTsource,   1,    0.0000000000E+00,    5.0000529180E+00,    5.0000529180E+00,    0.0000000000E+00,    0.0000000000E+00,    0.0000000000E+00,    5.0000529180E+00
     21100,      0.676915,CP10_after_neg_clamp,   1,    0.0000000000E+00,    5.0000529180E+00,    5.0000529180E+00,    0.0000000000E+00,    0.0000000000E+00,    0.0000000000E+00,    5.0000529180E+00
     21100,      0.676915,CP11_after_MPI,   1,    0.0000000000E+00,    5.0000529180E+00,    5.0000529180E+00,    0.0000000000E+00,    0.0000000000E+00,    0.0000000000E+00,    5.0000529180E+00
     21100,      0.676915,CP12_end,   1,    0.0000000000E+00,    5.0000529180E+00,    5.0000529180E+00,    0.0000000000E+00,    0.0000000000E+00,    0.0000000000E+00,    5.0000529180E+00
     21150,      0.676915,CP0_start,   1,    0.0000000000E+00,    5.0229330651E+00,    5.0229330651E+00,    0.0000000000E+00,    0.0000000000E+00,    0.0000000000E+00,    5.0229330651E+00
     21150,      0.676915,CP1_after_deposition,   1,    0.0000000000E+00,    5.0229330651E+00,    5.0229330651E+00,    0.0000000000E+00,    0.0000000000E+00,    0.0000000000E+00,    5.0229330651E+00
     21150,      0.676915,CP2_after_erosion,   1,    0.0000000000E+00,    5.0229330651E+00,    5.0229330651E+00,    0.0000000000E+00,    0.0000000000E+00,    0.0000000000E+00,    5.0229330651E+00
     21150,      0.676915,CP3_after_update_bottom,   1,    0.0000000000E+00,    5.0229330651E+00,    5.0229330651E+00,    0.0000000000E+00,    0.0000000000E+00,    0.0000000000E+00,    5.0229330651E+00
     21150,      0.676915,CP4_after_advection,   1,    0.0000000000E+00,    5.0234079461E+00,    5.0234079461E+00,    0.0000000000E+00,    0.0000000000E+00,    0.0000000000E+00,    5.0234079461E+00
     21150,      0.676915,CP5_after_vdif,   1,    0.0000000000E+00,    5.0234079461E+00,    5.0234079461E+00,    0.0000000000E+00,    0.0000000000E+00,    0.0000000000E+00,    5.0234079461E+00
     21150,      0.676915,CP6_after_kinetics,   1,    0.0000000000E+00,    5.0234079461E+00,    5.0234079461E+00,    0.0000000000E+00,    0.0000000000E+00,    0.0000000000E+00,    5.0234079461E+00
     21150,      0.676915,CP7_after_upper_clamp,   1,    0.0000000000E+00,    5.0234079461E+00,    5.0234079461E+00,    0.0000000000E+00,    0.0000000000E+00,    0.0000000000E+00,    5.0234079461E+00
     21150,      0.676915,CP8_after_OBC,   1,    0.0000000000E+00,    5.0234079461E+00,    5.0234079461E+00,    0.0000000000E+00,    0.0000000000E+00,    0.0000000000E+00,    5.0234079461E+00
     21150,      0.676915,CP9_after_PTsource,   1,    0.0000000000E+00,    5.0234079461E+00,    5.0234079461E+00,    0.0000000000E+00,    0.0000000000E+00,    0.0000000000E+00,    5.0234079461E+00
     21150,      0.676915,CP10_after_neg_clamp,   1,    0.0000000000E+00,    5.0234079461E+00,    5.0234079461E+00,    0.0000000000E+00,    0.0000000000E+00,    0.0000000000E+00,    5.0234079461E+00
     21150,      0.676915,CP11_after_MPI,   1,    0.0000000000E+00,    5.0234079461E+00,    5.0234079461E+00,    0.0000000000E+00,    0.0000000000E+00,    0.0000000000E+00,    5.0234079461E+00
     21150,      0.676915,CP12_end,   1,    0.0000000000E+00,    5.0234079461E+00,    5.0234079461E+00,    0.0000000000E+00,    0.0000000000E+00,    0.0000000000E+00,    5.0234079461E+00
     21200,      0.676915,CP0_start,   1,    0.0000000000E+00,    5.0463323227E+00,    5.0463323227E+00,    0.0000000000E+00,    0.0000000000E+00,    0.0000000000E+00,    5.0463323227E+00
     21200,      0.676915,CP1_after_deposition,   1,    0.0000000000E+00,    5.0463323227E+00,    5.0463323227E+00,    0.0000000000E+00,    0.0000000000E+00,    0.0000000000E+00,    5.0463323227E+00
     21200,      0.676915,CP2_after_erosion,   1,    0.0000000000E+00,    5.0463323227E+00,    5.0463323227E+00,    0.0000000000E+00,    0.0000000000E+00,    0.0000000000E+00,    5.0463323227E+00
     21200,      0.676915,CP3_after_update_bottom,   1,    0.0000000000E+00,    5.0463323227E+00,    5.0463323227E+00,    0.0000000000E+00,    0.0000000000E+00,    0.0000000000E+00,    5.0463323227E+00
     21200,      0.676915,CP4_after_advection,   1,    0.0000000000E+00,    5.0468067720E+00,    5.0468067720E+00,    0.0000000000E+00,    0.0000000000E+00,    0.0000000000E+00,    5.0468067720E+00
     21200,      0.676915,CP5_after_vdif,   1,    0.0000000000E+00,    5.0468067720E+00,    5.0468067720E+00,    0.0000000000E+00,    0.0000000000E+00,    0.0000000000E+00,    5.0468067720E+00
     21200,      0.676915,CP6_after_kinetics,   1,    0.0000000000E+00,    5.0468067720E+00,    5.0468067720E+00,    0.0000000000E+00,    0.0000000000E+00,    0.0000000000E+00,    5.0468067720E+00
     21200,      0.676915,CP7_after_upper_clamp,   1,    0.0000000000E+00,    5.0468067720E+00,    5.0468067720E+00,    0.0000000000E+00,    0.0000000000E+00,    0.0000000000E+00,    5.0468067720E+00
     21200,      0.676915,CP8_after_OBC,   1,    0.0000000000E+00,    5.0468067720E+00,    5.0468067720E+00,    0.0000000000E+00,    0.0000000000E+00,    0.0000000000E+00,    5.0468067720E+00
     21200,      0.676915,CP9_after_PTsource,   1,    0.0000000000E+00,    5.0468067720E+00,    5.0468067720E+00,    0.0000000000E+00,    0.0000000000E+00,    0.0000000000E+00,    5.0468067720E+00
     21200,      0.676915,CP10_after_neg_clamp,   1,    0.0000000000E+00,    5.0468067720E+00,    5.0468067720E+00,    0.0000000000E+00,    0.0000000000E+00,    0.0000000000E+00,    5.0468067720E+00
     21200,      0.676915,CP11_after_MPI,   1,    0.0000000000E+00,    5.0468067720E+00,    5.0468067720E+00,    0.0000000000E+00,    0.0000000000E+00,    0.0000000000E+00,    5.0468067720E+00
     21200,      0.676915,CP12_end,   1,    0.0000000000E+00,    5.0468067720E+00,    5.0468067720E+00,    0.0000000000E+00,    0.0000000000E+00,    0.0000000000E+00,    5.0468067720E+00
     21250,      0.676915,CP0_start,   1,    0.0000000000E+00,    5.0697782562E+00,    5.0697782562E+00,    0.0000000000E+00,    0.0000000000E+00,    0.0000000000E+00,    5.0697782562E+00
     21250,      0.676915,CP1_after_deposition,   1,    0.0000000000E+00,    5.0697782562E+00,    5.0697782562E+00,    0.0000000000E+00,    0.0000000000E+00,    0.0000000000E+00,    5.0697782562E+00
     21250,      0.676915,CP2_after_erosion,   1,    0.0000000000E+00,    5.0697782562E+00,    5.0697782562E+00,    0.0000000000E+00,    0.0000000000E+00,    0.0000000000E+00,    5.0697782562E+00
     21250,      0.676915,CP3_after_update_bottom,   1,    0.0000000000E+00,    5.0697782562E+00,    5.0697782562E+00,    0.0000000000E+00,    0.0000000000E+00,    0.0000000000E+00,    5.0697782562E+00
     21250,      0.676915,CP4_after_advection,   1,    0.0000000000E+00,    5.0702527455E+00,    5.0702527455E+00,    0.0000000000E+00,    0.0000000000E+00,    0.0000000000E+00,    5.0702527455E+00
     21250,      0.676915,CP5_after_vdif,   1,    0.0000000000E+00,    5.0702527455E+00,    5.0702527455E+00,    0.0000000000E+00,    0.0000000000E+00,    0.0000000000E+00,    5.0702527455E+00
     21250,      0.676915,CP6_after_kinetics,   1,    0.0000000000E+00,    5.0702527455E+00,    5.0702527455E+00,    0.0000000000E+00,    0.0000000000E+00,    0.0000000000E+00,    5.0702527455E+00
     21250,      0.676915,CP7_after_upper_clamp,   1,    0.0000000000E+00,    5.0702527455E+00,    5.0702527455E+00,    0.0000000000E+00,    0.0000000000E+00,    0.0000000000E+00,    5.0702527455E+00
     21250,      0.676915,CP8_after_OBC,   1,    0.0000000000E+00,    5.0702527455E+00,    5.0702527455E+00,    0.0000000000E+00,    0.0000000000E+00,    0.0000000000E+00,    5.0702527455E+00
     21250,      0.676915,CP9_after_PTsource,   1,    0.0000000000E+00,    5.0702527455E+00,    5.0702527455E+00,    0.0000000000E+00,    0.0000000000E+00,    0.0000000000E+00,    5.0702527455E+00
     21250,      0.676915,CP10_after_neg_clamp,   1,    0.0000000000E+00,    5.0702527455E+00,    5.0702527455E+00,    0.0000000000E+00,    0.0000000000E+00,    0.0000000000E+00,    5.0702527455E+00
     21250,      0.676915,CP11_after_MPI,   1,    0.0000000000E+00,    5.0702527455E+00,    5.0702527455E+00,    0.0000000000E+00,    0.0000000000E+00,    0.0000000000E+00,    5.0702527455E+00
     21250,      0.676915,CP12_end,   1,    0.0000000000E+00,    5.0702527455E+00,    5.0702527455E+00,    0.0000000000E+00,    0.0000000000E+00,    0.0000000000E+00,    5.0702527455E+00
     21300,      0.676915,CP0_start,   1,    0.0000000000E+00,    5.0932712619E+00,    5.0932712619E+00,    0.0000000000E+00,    0.0000000000E+00,    0.0000000000E+00,    5.0932712619E+00
     21300,      0.676915,CP1_after_deposition,   1,    0.0000000000E+00,    5.0932712619E+00,    5.0932712619E+00,    0.0000000000E+00,    0.0000000000E+00,    0.0000000000E+00,    5.0932712619E+00
     21300,      0.676915,CP2_after_erosion,   1,    0.0000000000E+00,    5.0932712619E+00,    5.0932712619E+00,    0.0000000000E+00,    0.0000000000E+00,    0.0000000000E+00,    5.0932712619E+00
     21300,      0.676915,CP3_after_update_bottom,   1,    0.0000000000E+00,    5.0932712619E+00,    5.0932712619E+00,    0.0000000000E+00,    0.0000000000E+00,    0.0000000000E+00,    5.0932712619E+00
     21300,      0.676915,CP4_after_advection,   1,    0.0000000000E+00,    5.0937462807E+00,    5.0937462807E+00,    0.0000000000E+00,    0.0000000000E+00,    0.0000000000E+00,    5.0937462807E+00
     21300,      0.676915,CP5_after_vdif,   1,    0.0000000000E+00,    5.0937462807E+00,    5.0937462807E+00,    0.0000000000E+00,    0.0000000000E+00,    0.0000000000E+00,    5.0937462807E+00
     21300,      0.676915,CP6_after_kinetics,   1,    0.0000000000E+00,    5.0937462807E+00,    5.0937462807E+00,    0.0000000000E+00,    0.0000000000E+00,    0.0000000000E+00,    5.0937462807E+00
     21300,      0.676915,CP7_after_upper_clamp,   1,    0.0000000000E+00,    5.0937462807E+00,    5.0937462807E+00,    0.0000000000E+00,    0.0000000000E+00,    0.0000000000E+00,    5.0937462807E+00
     21300,      0.676915,CP8_after_OBC,   1,    0.0000000000E+00,    5.0937462807E+00,    5.0937462807E+00,    0.0000000000E+00,    0.0000000000E+00,    0.0000000000E+00,    5.0937462807E+00
     21300,      0.676915,CP9_after_PTsource,   1,    0.0000000000E+00,    5.0937462807E+00,    5.0937462807E+00,    0.0000000000E+00,    0.0000000000E+00,    0.0000000000E+00,    5.0937462807E+00
     21300,      0.676915,CP10_after_neg_clamp,   1,    0.0000000000E+00,    5.0937462807E+00,    5.0937462807E+00,    0.0000000000E+00,    0.0000000000E+00,    0.0000000000E+00,    5.0937462807E+00
     21300,      0.676915,CP11_after_MPI,   1,    0.0000000000E+00,    5.0937462807E+00,    5.0937462807E+00,    0.0000000000E+00,    0.0000000000E+00,    0.0000000000E+00,    5.0937462807E+00
     21300,      0.676915,CP12_end,   1,    0.0000000000E+00,    5.0937462807E+00,    5.0937462807E+00,    0.0000000000E+00,    0.0000000000E+00,    0.0000000000E+00,    5.0937462807E+00
     21350,      0.676915,CP0_start,   1,    0.0000000000E+00,    5.1168115738E+00,    5.1168115738E+00,    0.0000000000E+00,    0.0000000000E+00,    0.0000000000E+00,    5.1168115738E+00
     21350,      0.676915,CP1_after_deposition,   1,    0.0000000000E+00,    5.1168115738E+00,    5.1168115738E+00,    0.0000000000E+00,    0.0000000000E+00,    0.0000000000E+00,    5.1168115738E+00
     21350,      0.676915,CP2_after_erosion,   1,    0.0000000000E+00,    5.1168115738E+00,    5.1168115738E+00,    0.0000000000E+00,    0.0000000000E+00,    0.0000000000E+00,    5.1168115738E+00
     21350,      0.676915,CP3_after_update_bottom,   1,    0.0000000000E+00,    5.1168115738E+00,    5.1168115738E+00,    0.0000000000E+00,    0.0000000000E+00,    0.0000000000E+00,    5.1168115738E+00
     21350,      0.676915,CP4_after_advection,   1,    0.0000000000E+00,    5.1172870742E+00,    5.1172870742E+00,    0.0000000000E+00,    0.0000000000E+00,    0.0000000000E+00,    5.1172870742E+00
     21350,      0.676915,CP5_after_vdif,   1,    0.0000000000E+00,    5.1172870742E+00,    5.1172870742E+00,    0.0000000000E+00,    0.0000000000E+00,    0.0000000000E+00,    5.1172870742E+00
     21350,      0.676915,CP6_after_kinetics,   1,    0.0000000000E+00,    5.1172870742E+00,    5.1172870742E+00,    0.0000000000E+00,    0.0000000000E+00,    0.0000000000E+00,    5.1172870742E+00
     21350,      0.676915,CP7_after_upper_clamp,   1,    0.0000000000E+00,    5.1172870742E+00,    5.1172870742E+00,    0.0000000000E+00,    0.0000000000E+00,    0.0000000000E+00,    5.1172870742E+00
     21350,      0.676915,CP8_after_OBC,   1,    0.0000000000E+00,    5.1172870742E+00,    5.1172870742E+00,    0.0000000000E+00,    0.0000000000E+00,    0.0000000000E+00,    5.1172870742E+00
     21350,      0.676915,CP9_after_PTsource,   1,    0.0000000000E+00,    5.1172870742E+00,    5.1172870742E+00,    0.0000000000E+00,    0.0000000000E+00,    0.0000000000E+00,    5.1172870742E+00
     21350,      0.676915,CP10_after_neg_clamp,   1,    0.0000000000E+00,    5.1172870742E+00,    5.1172870742E+00,    0.0000000000E+00,    0.0000000000E+00,    0.0000000000E+00,    5.1172870742E+00
     21350,      0.676915,CP11_after_MPI,   1,    0.0000000000E+00,    5.1172870742E+00,    5.1172870742E+00,    0.0000000000E+00,    0.0000000000E+00,    0.0000000000E+00,    5.1172870742E+00
     21350,      0.676915,CP12_end,   1,    0.0000000000E+00,    5.1172870742E+00,    5.1172870742E+00,    0.0000000000E+00,    0.0000000000E+00,    0.0000000000E+00,    5.1172870742E+00
     21400,      0.676915,CP0_start,   1,    0.0000000000E+00,    5.1404015637E+00,    5.1404015637E+00,    0.0000000000E+00,    0.0000000000E+00,    0.0000000000E+00,    5.1404015637E+00
     21400,      0.676915,CP1_after_deposition,   1,    0.0000000000E+00,    5.1404015637E+00,    5.1404015637E+00,    0.0000000000E+00,    0.0000000000E+00,    0.0000000000E+00,    5.1404015637E+00
     21400,      0.676915,CP2_after_erosion,   1,    0.0000000000E+00,    5.1404015637E+00,    5.1404015637E+00,    0.0000000000E+00,    0.0000000000E+00,    0.0000000000E+00,    5.1404015637E+00
     21400,      0.676915,CP3_after_update_bottom,   1,    0.0000000000E+00,    5.1404015637E+00,    5.1404015637E+00,    0.0000000000E+00,    0.0000000000E+00,    0.0000000000E+00,    5.1404015637E+00
     21400,      0.676915,CP4_after_advection,   1,    0.0000000000E+00,    5.1408768576E+00,    5.1408768576E+00,    0.0000000000E+00,    0.0000000000E+00,    0.0000000000E+00,    5.1408768576E+00
     21400,      0.676915,CP5_after_vdif,   1,    0.0000000000E+00,    5.1408768576E+00,    5.1408768576E+00,    0.0000000000E+00,    0.0000000000E+00,    0.0000000000E+00,    5.1408768576E+00
     21400,      0.676915,CP6_after_kinetics,   1,    0.0000000000E+00,    5.1408768576E+00,    5.1408768576E+00,    0.0000000000E+00,    0.0000000000E+00,    0.0000000000E+00,    5.1408768576E+00
     21400,      0.676915,CP7_after_upper_clamp,   1,    0.0000000000E+00,    5.1408768576E+00,    5.1408768576E+00,    0.0000000000E+00,    0.0000000000E+00,    0.0000000000E+00,    5.1408768576E+00
     21400,      0.676915,CP8_after_OBC,   1,    0.0000000000E+00,    5.1408768576E+00,    5.1408768576E+00,    0.0000000000E+00,    0.0000000000E+00,    0.0000000000E+00,    5.1408768576E+00
     21400,      0.676915,CP9_after_PTsource,   1,    0.0000000000E+00,    5.1408768576E+00,    5.1408768576E+00,    0.0000000000E+00,    0.0000000000E+00,    0.0000000000E+00,    5.1408768576E+00
     21400,      0.676915,CP10_after_neg_clamp,   1,    0.0000000000E+00,    5.1408768576E+00,    5.1408768576E+00,    0.0000000000E+00,    0.0000000000E+00,    0.0000000000E+00,    5.1408768576E+00
     21400,      0.676915,CP11_after_MPI,   1,    0.0000000000E+00,    5.1408768576E+00,    5.1408768576E+00,    0.0000000000E+00,    0.0000000000E+00,    0.0000000000E+00,    5.1408768576E+00
     21400,      0.676915,CP12_end,   1,    0.0000000000E+00,    5.1408768576E+00,    5.1408768576E+00,    0.0000000000E+00,    0.0000000000E+00,    0.0000000000E+00,    5.1408768576E+00
     21450,      0.676915,CP0_start,   1,    0.0000000000E+00,    5.1640416155E+00,    5.1640416155E+00,    0.0000000000E+00,    0.0000000000E+00,    0.0000000000E+00,    5.1640416155E+00
     21450,      0.676915,CP1_after_deposition,   1,    0.0000000000E+00,    5.1640416155E+00,    5.1640416155E+00,    0.0000000000E+00,    0.0000000000E+00,    0.0000000000E+00,    5.1640416155E+00
     21450,      0.676915,CP2_after_erosion,   1,    0.0000000000E+00,    5.1640416155E+00,    5.1640416155E+00,    0.0000000000E+00,    0.0000000000E+00,    0.0000000000E+00,    5.1640416155E+00
     21450,      0.676915,CP3_after_update_bottom,   1,    0.0000000000E+00,    5.1640416155E+00,    5.1640416155E+00,    0.0000000000E+00,    0.0000000000E+00,    0.0000000000E+00,    5.1640416155E+00
     21450,      0.676915,CP4_after_advection,   1,    0.0000000000E+00,    5.1645170592E+00,    5.1645170592E+00,    0.0000000000E+00,    0.0000000000E+00,    0.0000000000E+00,    5.1645170592E+00
     21450,      0.676915,CP5_after_vdif,   1,    0.0000000000E+00,    5.1645170592E+00,    5.1645170592E+00,    0.0000000000E+00,    0.0000000000E+00,    0.0000000000E+00,    5.1645170592E+00
     21450,      0.676915,CP6_after_kinetics,   1,    0.0000000000E+00,    5.1645170592E+00,    5.1645170592E+00,    0.0000000000E+00,    0.0000000000E+00,    0.0000000000E+00,    5.1645170592E+00
     21450,      0.676915,CP7_after_upper_clamp,   1,    0.0000000000E+00,    5.1645170592E+00,    5.1645170592E+00,    0.0000000000E+00,    0.0000000000E+00,    0.0000000000E+00,    5.1645170592E+00
     21450,      0.676915,CP8_after_OBC,   1,    0.0000000000E+00,    5.1645170592E+00,    5.1645170592E+00,    0.0000000000E+00,    0.0000000000E+00,    0.0000000000E+00,    5.1645170592E+00
     21450,      0.676915,CP9_after_PTsource,   1,    0.0000000000E+00,    5.1645170592E+00,    5.1645170592E+00,    0.0000000000E+00,    0.0000000000E+00,    0.0000000000E+00,    5.1645170592E+00
     21450,      0.676915,CP10_after_neg_clamp,   1,    0.0000000000E+00,    5.1645170592E+00,    5.1645170592E+00,    0.0000000000E+00,    0.0000000000E+00,    0.0000000000E+00,    5.1645170592E+00
     21450,      0.676915,CP11_after_MPI,   1,    0.0000000000E+00,    5.1645170592E+00,    5.1645170592E+00,    0.0000000000E+00,    0.0000000000E+00,    0.0000000000E+00,    5.1645170592E+00
     21450,      0.676915,CP12_end,   1,    0.0000000000E+00,    5.1645170592E+00,    5.1645170592E+00,    0.0000000000E+00,    0.0000000000E+00,    0.0000000000E+00,    5.1645170592E+00
     21500,      0.676915,CP0_start,   1,    0.0000000000E+00,    5.1877293527E+00,    5.1877293527E+00,    0.0000000000E+00,    0.0000000000E+00,    0.0000000000E+00,    5.1877293527E+00
     21500,      0.676915,CP1_after_deposition,   1,    0.0000000000E+00,    5.1877293527E+00,    5.1877293527E+00,    0.0000000000E+00,    0.0000000000E+00,    0.0000000000E+00,    5.1877293527E+00
     21500,      0.676915,CP2_after_erosion,   1,    0.0000000000E+00,    5.1877293527E+00,    5.1877293527E+00,    0.0000000000E+00,    0.0000000000E+00,    0.0000000000E+00,    5.1877293527E+00
     21500,      0.676915,CP3_after_update_bottom,   1,    0.0000000000E+00,    5.1877293527E+00,    5.1877293527E+00,    0.0000000000E+00,    0.0000000000E+00,    0.0000000000E+00,    5.1877293527E+00
     21500,      0.676915,CP4_after_advection,   1,    0.0000000000E+00,    5.1882049153E+00,    5.1882049153E+00,    0.0000000000E+00,    0.0000000000E+00,    0.0000000000E+00,    5.1882049153E+00
     21500,      0.676915,CP5_after_vdif,   1,    0.0000000000E+00,    5.1882049153E+00,    5.1882049153E+00,    0.0000000000E+00,    0.0000000000E+00,    0.0000000000E+00,    5.1882049153E+00
     21500,      0.676915,CP6_after_kinetics,   1,    0.0000000000E+00,    5.1882049153E+00,    5.1882049153E+00,    0.0000000000E+00,    0.0000000000E+00,    0.0000000000E+00,    5.1882049153E+00
     21500,      0.676915,CP7_after_upper_clamp,   1,    0.0000000000E+00,    5.1882049153E+00,    5.1882049153E+00,    0.0000000000E+00,    0.0000000000E+00,    0.0000000000E+00,    5.1882049153E+00
     21500,      0.676915,CP8_after_OBC,   1,    0.0000000000E+00,    5.1882049153E+00,    5.1882049153E+00,    0.0000000000E+00,    0.0000000000E+00,    0.0000000000E+00,    5.1882049153E+00
     21500,      0.676915,CP9_after_PTsource,   1,    0.0000000000E+00,    5.1882049153E+00,    5.1882049153E+00,    0.0000000000E+00,    0.0000000000E+00,    0.0000000000E+00,    5.1882049153E+00
     21500,      0.676915,CP10_after_neg_clamp,   1,    0.0000000000E+00,    5.1882049153E+00,    5.1882049153E+00,    0.0000000000E+00,    0.0000000000E+00,    0.0000000000E+00,    5.1882049153E+00
     21500,      0.676915,CP11_after_MPI,   1,    0.0000000000E+00,    5.1882049153E+00,    5.1882049153E+00,    0.0000000000E+00,    0.0000000000E+00,    0.0000000000E+00,    5.1882049153E+00
     21500,      0.676915,CP12_end,   1,    0.0000000000E+00,    5.1882049153E+00,    5.1882049153E+00,    0.0000000000E+00,    0.0000000000E+00,    0.0000000000E+00,    5.1882049153E+00
     21550,      0.676915,CP0_start,   1,    0.0000000000E+00,    5.2114675073E+00,    5.2114675073E+00,    0.0000000000E+00,    0.0000000000E+00,    0.0000000000E+00,    5.2114675073E+00
     21550,      0.676915,CP1_after_deposition,   1,    0.0000000000E+00,    5.2114675073E+00,    5.2114675073E+00,    0.0000000000E+00,    0.0000000000E+00,    0.0000000000E+00,    5.2114675073E+00
     21550,      0.676915,CP2_after_erosion,   1,    0.0000000000E+00,    5.2114675073E+00,    5.2114675073E+00,    0.0000000000E+00,    0.0000000000E+00,    0.0000000000E+00,    5.2114675073E+00
     21550,      0.676915,CP3_after_update_bottom,   1,    0.0000000000E+00,    5.2114675073E+00,    5.2114675073E+00,    0.0000000000E+00,    0.0000000000E+00,    0.0000000000E+00,    5.2114675073E+00
     21550,      0.676915,CP4_after_advection,   1,    0.0000000000E+00,    5.2119427240E+00,    5.2119427240E+00,    0.0000000000E+00,    0.0000000000E+00,    0.0000000000E+00,    5.2119427240E+00
     21550,      0.676915,CP5_after_vdif,   1,    0.0000000000E+00,    5.2119427240E+00,    5.2119427240E+00,    0.0000000000E+00,    0.0000000000E+00,    0.0000000000E+00,    5.2119427240E+00
     21550,      0.676915,CP6_after_kinetics,   1,    0.0000000000E+00,    5.2119427240E+00,    5.2119427240E+00,    0.0000000000E+00,    0.0000000000E+00,    0.0000000000E+00,    5.2119427240E+00
     21550,      0.676915,CP7_after_upper_clamp,   1,    0.0000000000E+00,    5.2119427240E+00,    5.2119427240E+00,    0.0000000000E+00,    0.0000000000E+00,    0.0000000000E+00,    5.2119427240E+00
     21550,      0.676915,CP8_after_OBC,   1,    0.0000000000E+00,    5.2119427240E+00,    5.2119427240E+00,    0.0000000000E+00,    0.0000000000E+00,    0.0000000000E+00,    5.2119427240E+00
     21550,      0.676915,CP9_after_PTsource,   1,    0.0000000000E+00,    5.2119427240E+00,    5.2119427240E+00,    0.0000000000E+00,    0.0000000000E+00,    0.0000000000E+00,    5.2119427240E+00
     21550,      0.676915,CP10_after_neg_clamp,   1,    0.0000000000E+00,    5.2119427240E+00,    5.2119427240E+00,    0.0000000000E+00,    0.0000000000E+00,    0.0000000000E+00,    5.2119427240E+00
     21550,      0.676915,CP11_after_MPI,   1,    0.0000000000E+00,    5.2119427240E+00,    5.2119427240E+00,    0.0000000000E+00,    0.0000000000E+00,    0.0000000000E+00,    5.2119427240E+00
     21550,      0.676915,CP12_end,   1,    0.0000000000E+00,    5.2119427240E+00,    5.2119427240E+00,    0.0000000000E+00,    0.0000000000E+00,    0.0000000000E+00,    5.2119427240E+00
     21600,      0.676916,CP0_start,   1,    0.0000000000E+00,    5.2352558167E+00,    5.2352558167E+00,    0.0000000000E+00,    0.0000000000E+00,    0.0000000000E+00,    5.2352558167E+00
     21600,      0.676916,CP1_after_deposition,   1,    0.0000000000E+00,    5.2352558167E+00,    5.2352558167E+00,    0.0000000000E+00,    0.0000000000E+00,    0.0000000000E+00,    5.2352558167E+00
     21600,      0.676916,CP2_after_erosion,   1,    0.0000000000E+00,    5.2352558167E+00,    5.2352558167E+00,    0.0000000000E+00,    0.0000000000E+00,    0.0000000000E+00,    5.2352558167E+00
     21600,      0.676916,CP3_after_update_bottom,   1,    0.0000000000E+00,    5.2352558167E+00,    5.2352558167E+00,    0.0000000000E+00,    0.0000000000E+00,    0.0000000000E+00,    5.2352558167E+00
     21600,      0.676916,CP4_after_advection,   1,    0.0000000000E+00,    5.2357302770E+00,    5.2357302770E+00,    0.0000000000E+00,    0.0000000000E+00,    0.0000000000E+00,    5.2357302770E+00
     21600,      0.676916,CP5_after_vdif,   1,    0.0000000000E+00,    5.2357302770E+00,    5.2357302770E+00,    0.0000000000E+00,    0.0000000000E+00,    0.0000000000E+00,    5.2357302770E+00
     21600,      0.676916,CP6_after_kinetics,   1,    0.0000000000E+00,    5.2357302770E+00,    5.2357302770E+00,    0.0000000000E+00,    0.0000000000E+00,    0.0000000000E+00,    5.2357302770E+00
     21600,      0.676916,CP7_after_upper_clamp,   1,    0.0000000000E+00,    5.2357302770E+00,    5.2357302770E+00,    0.0000000000E+00,    0.0000000000E+00,    0.0000000000E+00,    5.2357302770E+00
     21600,      0.676916,CP8_after_OBC,   1,    0.0000000000E+00,    5.2357302770E+00,    5.2357302770E+00,    0.0000000000E+00,    0.0000000000E+00,    0.0000000000E+00,    5.2357302770E+00
     21600,      0.676916,CP9_after_PTsource,   1,    0.0000000000E+00,    5.2357302770E+00,    5.2357302770E+00,    0.0000000000E+00,    0.0000000000E+00,    0.0000000000E+00,    5.2357302770E+00
     21600,      0.676916,CP10_after_neg_clamp,   1,    0.0000000000E+00,    5.2357302770E+00,    5.2357302770E+00,    0.0000000000E+00,    0.0000000000E+00,    0.0000000000E+00,    5.2357302770E+00
     21600,      0.676916,CP11_after_MPI,   1,    0.0000000000E+00,    5.2357302770E+00,    5.2357302770E+00,    0.0000000000E+00,    0.0000000000E+00,    0.0000000000E+00,    5.2357302770E+00
     21600,      0.676916,CP12_end,   1,    0.0000000000E+00,    5.2357302770E+00,    5.2357302770E+00,    0.0000000000E+00,    0.0000000000E+00,    0.0000000000E+00,    5.2357302770E+00
     21650,      0.676916,CP0_start,   1,    0.0000000000E+00,    5.2590902608E+00,    5.2590902608E+00,    0.0000000000E+00,    0.0000000000E+00,    0.0000000000E+00,    5.2590902608E+00
     21650,      0.676916,CP1_after_deposition,   1,    0.0000000000E+00,    5.2590902608E+00,    5.2590902608E+00,    0.0000000000E+00,    0.0000000000E+00,    0.0000000000E+00,    5.2590902608E+00
     21650,      0.676916,CP2_after_erosion,   1,    0.0000000000E+00,    5.2590902608E+00,    5.2590902608E+00,    0.0000000000E+00,    0.0000000000E+00,    0.0000000000E+00,    5.2590902608E+00
     21650,      0.676916,CP3_after_update_bottom,   1,    0.0000000000E+00,    5.2590902608E+00,    5.2590902608E+00,    0.0000000000E+00,    0.0000000000E+00,    0.0000000000E+00,    5.2590902608E+00
     21650,      0.676916,CP4_after_advection,   1,    0.0000000000E+00,    5.2595641448E+00,    5.2595641448E+00,    0.0000000000E+00,    0.0000000000E+00,    0.0000000000E+00,    5.2595641448E+00
     21650,      0.676916,CP5_after_vdif,   1,    0.0000000000E+00,    5.2595641448E+00,    5.2595641448E+00,    0.0000000000E+00,    0.0000000000E+00,    0.0000000000E+00,    5.2595641448E+00
     21650,      0.676916,CP6_after_kinetics,   1,    0.0000000000E+00,    5.2595641448E+00,    5.2595641448E+00,    0.0000000000E+00,    0.0000000000E+00,    0.0000000000E+00,    5.2595641448E+00
     21650,      0.676916,CP7_after_upper_clamp,   1,    0.0000000000E+00,    5.2595641448E+00,    5.2595641448E+00,    0.0000000000E+00,    0.0000000000E+00,    0.0000000000E+00,    5.2595641448E+00
     21650,      0.676916,CP8_after_OBC,   1,    0.0000000000E+00,    5.2595641448E+00,    5.2595641448E+00,    0.0000000000E+00,    0.0000000000E+00,    0.0000000000E+00,    5.2595641448E+00
     21650,      0.676916,CP9_after_PTsource,   1,    0.0000000000E+00,    5.2595641448E+00,    5.2595641448E+00,    0.0000000000E+00,    0.0000000000E+00,    0.0000000000E+00,    5.2595641448E+00
     21650,      0.676916,CP10_after_neg_clamp,   1,    0.0000000000E+00,    5.2595641448E+00,    5.2595641448E+00,    0.0000000000E+00,    0.0000000000E+00,    0.0000000000E+00,    5.2595641448E+00
     21650,      0.676916,CP11_after_MPI,   1,    0.0000000000E+00,    5.2595641448E+00,    5.2595641448E+00,    0.0000000000E+00,    0.0000000000E+00,    0.0000000000E+00,    5.2595641448E+00
     21650,      0.676916,CP12_end,   1,    0.0000000000E+00,    5.2595641448E+00,    5.2595641448E+00,    0.0000000000E+00,    0.0000000000E+00,    0.0000000000E+00,    5.2595641448E+00
     21700,      0.676916,CP0_start,   1,    0.0000000000E+00,    5.2829727206E+00,    5.2829727206E+00,    0.0000000000E+00,    0.0000000000E+00,    0.0000000000E+00,    5.2829727206E+00
     21700,      0.676916,CP1_after_deposition,   1,    0.0000000000E+00,    5.2829727206E+00,    5.2829727206E+00,    0.0000000000E+00,    0.0000000000E+00,    0.0000000000E+00,    5.2829727206E+00
     21700,      0.676916,CP2_after_erosion,   1,    0.0000000000E+00,    5.2829727206E+00,    5.2829727206E+00,    0.0000000000E+00,    0.0000000000E+00,    0.0000000000E+00,    5.2829727206E+00
     21700,      0.676916,CP3_after_update_bottom,   1,    0.0000000000E+00,    5.2829727206E+00,    5.2829727206E+00,    0.0000000000E+00,    0.0000000000E+00,    0.0000000000E+00,    5.2829727206E+00
     21700,      0.676916,CP4_after_advection,   1,    0.0000000000E+00,    5.2834461337E+00,    5.2834461337E+00,    0.0000000000E+00,    0.0000000000E+00,    0.0000000000E+00,    5.2834461337E+00
     21700,      0.676916,CP5_after_vdif,   1,    0.0000000000E+00,    5.2834461337E+00,    5.2834461337E+00,    0.0000000000E+00,    0.0000000000E+00,    0.0000000000E+00,    5.2834461337E+00
     21700,      0.676916,CP6_after_kinetics,   1,    0.0000000000E+00,    5.2834461337E+00,    5.2834461337E+00,    0.0000000000E+00,    0.0000000000E+00,    0.0000000000E+00,    5.2834461337E+00
     21700,      0.676916,CP7_after_upper_clamp,   1,    0.0000000000E+00,    5.2834461337E+00,    5.2834461337E+00,    0.0000000000E+00,    0.0000000000E+00,    0.0000000000E+00,    5.2834461337E+00
     21700,      0.676916,CP8_after_OBC,   1,    0.0000000000E+00,    5.2834461337E+00,    5.2834461337E+00,    0.0000000000E+00,    0.0000000000E+00,    0.0000000000E+00,    5.2834461337E+00
     21700,      0.676916,CP9_after_PTsource,   1,    0.0000000000E+00,    5.2834461337E+00,    5.2834461337E+00,    0.0000000000E+00,    0.0000000000E+00,    0.0000000000E+00,    5.2834461337E+00
     21700,      0.676916,CP10_after_neg_clamp,   1,    0.0000000000E+00,    5.2834461337E+00,    5.2834461337E+00,    0.0000000000E+00,    0.0000000000E+00,    0.0000000000E+00,    5.2834461337E+00
     21700,      0.676916,CP11_after_MPI,   1,    0.0000000000E+00,    5.2834461337E+00,    5.2834461337E+00,    0.0000000000E+00,    0.0000000000E+00,    0.0000000000E+00,    5.2834461337E+00
     21700,      0.676916,CP12_end,   1,    0.0000000000E+00,    5.2834461337E+00,    5.2834461337E+00,    0.0000000000E+00,    0.0000000000E+00,    0.0000000000E+00,    5.2834461337E+00
     21750,      0.676916,CP0_start,   1,    0.0000000000E+00,    5.3069055817E+00,    5.3069055817E+00,    0.0000000000E+00,    0.0000000000E+00,    0.0000000000E+00,    5.3069055817E+00
     21750,      0.676916,CP1_after_deposition,   1,    0.0000000000E+00,    5.3069055817E+00,    5.3069055817E+00,    0.0000000000E+00,    0.0000000000E+00,    0.0000000000E+00,    5.3069055817E+00
     21750,      0.676916,CP2_after_erosion,   1,    0.0000000000E+00,    5.3069055817E+00,    5.3069055817E+00,    0.0000000000E+00,    0.0000000000E+00,    0.0000000000E+00,    5.3069055817E+00
     21750,      0.676916,CP3_after_update_bottom,   1,    0.0000000000E+00,    5.3069055817E+00,    5.3069055817E+00,    0.0000000000E+00,    0.0000000000E+00,    0.0000000000E+00,    5.3069055817E+00
     21750,      0.676916,CP4_after_advection,   1,    0.0000000000E+00,    5.3073783773E+00,    5.3073783773E+00,    0.0000000000E+00,    0.0000000000E+00,    0.0000000000E+00,    5.3073783773E+00
     21750,      0.676916,CP5_after_vdif,   1,    0.0000000000E+00,    5.3073783773E+00,    5.3073783773E+00,    0.0000000000E+00,    0.0000000000E+00,    0.0000000000E+00,    5.3073783773E+00
     21750,      0.676916,CP6_after_kinetics,   1,    0.0000000000E+00,    5.3073783773E+00,    5.3073783773E+00,    0.0000000000E+00,    0.0000000000E+00,    0.0000000000E+00,    5.3073783773E+00
     21750,      0.676916,CP7_after_upper_clamp,   1,    0.0000000000E+00,    5.3073783773E+00,    5.3073783773E+00,    0.0000000000E+00,    0.0000000000E+00,    0.0000000000E+00,    5.3073783773E+00
     21750,      0.676916,CP8_after_OBC,   1,    0.0000000000E+00,    5.3073783773E+00,    5.3073783773E+00,    0.0000000000E+00,    0.0000000000E+00,    0.0000000000E+00,    5.3073783773E+00
     21750,      0.676916,CP9_after_PTsource,   1,    0.0000000000E+00,    5.3073783773E+00,    5.3073783773E+00,    0.0000000000E+00,    0.0000000000E+00,    0.0000000000E+00,    5.3073783773E+00
     21750,      0.676916,CP10_after_neg_clamp,   1,    0.0000000000E+00,    5.3073783773E+00,    5.3073783773E+00,    0.0000000000E+00,    0.0000000000E+00,    0.0000000000E+00,    5.3073783773E+00
     21750,      0.676916,CP11_after_MPI,   1,    0.0000000000E+00,    5.3073783773E+00,    5.3073783773E+00,    0.0000000000E+00,    0.0000000000E+00,    0.0000000000E+00,    5.3073783773E+00
     21750,      0.676916,CP12_end,   1,    0.0000000000E+00,    5.3073783773E+00,    5.3073783773E+00,    0.0000000000E+00,    0.0000000000E+00,    0.0000000000E+00,    5.3073783773E+00
     21800,      0.676916,CP0_start,   1,    0.0000000000E+00,    5.3308866257E+00,    5.3308866257E+00,    0.0000000000E+00,    0.0000000000E+00,    0.0000000000E+00,    5.3308866257E+00
     21800,      0.676916,CP1_after_deposition,   1,    0.0000000000E+00,    5.3308866257E+00,    5.3308866257E+00,    0.0000000000E+00,    0.0000000000E+00,    0.0000000000E+00,    5.3308866257E+00
     21800,      0.676916,CP2_after_erosion,   1,    0.0000000000E+00,    5.3308866257E+00,    5.3308866257E+00,    0.0000000000E+00,    0.0000000000E+00,    0.0000000000E+00,    5.3308866257E+00
     21800,      0.676916,CP3_after_update_bottom,   1,    0.0000000000E+00,    5.3308866257E+00,    5.3308866257E+00,    0.0000000000E+00,    0.0000000000E+00,    0.0000000000E+00,    5.3308866257E+00
     21800,      0.676916,CP4_after_advection,   1,    0.0000000000E+00,    5.3313589148E+00,    5.3313589148E+00,    0.0000000000E+00,    0.0000000000E+00,    0.0000000000E+00,    5.3313589148E+00
     21800,      0.676916,CP5_after_vdif,   1,    0.0000000000E+00,    5.3313589148E+00,    5.3313589148E+00,    0.0000000000E+00,    0.0000000000E+00,    0.0000000000E+00,    5.3313589148E+00
     21800,      0.676916,CP6_after_kinetics,   1,    0.0000000000E+00,    5.3313589148E+00,    5.3313589148E+00,    0.0000000000E+00,    0.0000000000E+00,    0.0000000000E+00,    5.3313589148E+00
     21800,      0.676916,CP7_after_upper_clamp,   1,    0.0000000000E+00,    5.3313589148E+00,    5.3313589148E+00,    0.0000000000E+00,    0.0000000000E+00,    0.0000000000E+00,    5.3313589148E+00
     21800,      0.676916,CP8_after_OBC,   1,    0.0000000000E+00,    5.3313589148E+00,    5.3313589148E+00,    0.0000000000E+00,    0.0000000000E+00,    0.0000000000E+00,    5.3313589148E+00
     21800,      0.676916,CP9_after_PTsource,   1,    0.0000000000E+00,    5.3313589148E+00,    5.3313589148E+00,    0.0000000000E+00,    0.0000000000E+00,    0.0000000000E+00,    5.3313589148E+00
     21800,      0.676916,CP10_after_neg_clamp,   1,    0.0000000000E+00,    5.3313589148E+00,    5.3313589148E+00,    0.0000000000E+00,    0.0000000000E+00,    0.0000000000E+00,    5.3313589148E+00
     21800,      0.676916,CP11_after_MPI,   1,    0.0000000000E+00,    5.3313589148E+00,    5.3313589148E+00,    0.0000000000E+00,    0.0000000000E+00,    0.0000000000E+00,    5.3313589148E+00
     21800,      0.676916,CP12_end,   1,    0.0000000000E+00,    5.3313589148E+00,    5.3313589148E+00,    0.0000000000E+00,    0.0000000000E+00,    0.0000000000E+00,    5.3313589148E+00
     21850,      0.676916,CP0_start,   1,    0.0000000000E+00,    5.3549153347E+00,    5.3549153347E+00,    0.0000000000E+00,    0.0000000000E+00,    0.0000000000E+00,    5.3549153347E+00
     21850,      0.676916,CP1_after_deposition,   1,    0.0000000000E+00,    5.3549153347E+00,    5.3549153347E+00,    0.0000000000E+00,    0.0000000000E+00,    0.0000000000E+00,    5.3549153347E+00
     21850,      0.676916,CP2_after_erosion,   1,    0.0000000000E+00,    5.3549153347E+00,    5.3549153347E+00,    0.0000000000E+00,    0.0000000000E+00,    0.0000000000E+00,    5.3549153347E+00
     21850,      0.676916,CP3_after_update_bottom,   1,    0.0000000000E+00,    5.3549153347E+00,    5.3549153347E+00,    0.0000000000E+00,    0.0000000000E+00,    0.0000000000E+00,    5.3549153347E+00
     21850,      0.676916,CP4_after_advection,   1,    0.0000000000E+00,    5.3553871055E+00,    5.3553871055E+00,    0.0000000000E+00,    0.0000000000E+00,    0.0000000000E+00,    5.3553871055E+00
     21850,      0.676916,CP5_after_vdif,   1,    0.0000000000E+00,    5.3553871055E+00,    5.3553871055E+00,    0.0000000000E+00,    0.0000000000E+00,    0.0000000000E+00,    5.3553871055E+00
     21850,      0.676916,CP6_after_kinetics,   1,    0.0000000000E+00,    5.3553871055E+00,    5.3553871055E+00,    0.0000000000E+00,    0.0000000000E+00,    0.0000000000E+00,    5.3553871055E+00
     21850,      0.676916,CP7_after_upper_clamp,   1,    0.0000000000E+00,    5.3553871055E+00,    5.3553871055E+00,    0.0000000000E+00,    0.0000000000E+00,    0.0000000000E+00,    5.3553871055E+00
     21850,      0.676916,CP8_after_OBC,   1,    0.0000000000E+00,    5.3553871055E+00,    5.3553871055E+00,    0.0000000000E+00,    0.0000000000E+00,    0.0000000000E+00,    5.3553871055E+00
     21850,      0.676916,CP9_after_PTsource,   1,    0.0000000000E+00,    5.3553871055E+00,    5.3553871055E+00,    0.0000000000E+00,    0.0000000000E+00,    0.0000000000E+00,    5.3553871055E+00
     21850,      0.676916,CP10_after_neg_clamp,   1,    0.0000000000E+00,    5.3553871055E+00,    5.3553871055E+00,    0.0000000000E+00,    0.0000000000E+00,    0.0000000000E+00,    5.3553871055E+00
     21850,      0.676916,CP11_after_MPI,   1,    0.0000000000E+00,    5.3553871055E+00,    5.3553871055E+00,    0.0000000000E+00,    0.0000000000E+00,    0.0000000000E+00,    5.3553871055E+00
     21850,      0.676916,CP12_end,   1,    0.0000000000E+00,    5.3553871055E+00,    5.3553871055E+00,    0.0000000000E+00,    0.0000000000E+00,    0.0000000000E+00,    5.3553871055E+00
     21900,      0.676916,CP0_start,   1,    0.0000000000E+00,    5.3789938557E+00,    5.3789938557E+00,    0.0000000000E+00,    0.0000000000E+00,    0.0000000000E+00,    5.3789938557E+00
     21900,      0.676916,CP1_after_deposition,   1,    0.0000000000E+00,    5.3789938557E+00,    5.3789938557E+00,    0.0000000000E+00,    0.0000000000E+00,    0.0000000000E+00,    5.3789938557E+00
     21900,      0.676916,CP2_after_erosion,   1,    0.0000000000E+00,    5.3789938557E+00,    5.3789938557E+00,    0.0000000000E+00,    0.0000000000E+00,    0.0000000000E+00,    5.3789938557E+00
     21900,      0.676916,CP3_after_update_bottom,   1,    0.0000000000E+00,    5.3789938557E+00,    5.3789938557E+00,    0.0000000000E+00,    0.0000000000E+00,    0.0000000000E+00,    5.3789938557E+00
     21900,      0.676916,CP4_after_advection,   1,    0.0000000000E+00,    5.3794649968E+00,    5.3794649968E+00,    0.0000000000E+00,    0.0000000000E+00,    0.0000000000E+00,    5.3794649968E+00
     21900,      0.676916,CP5_after_vdif,   1,    0.0000000000E+00,    5.3794649968E+00,    5.3794649968E+00,    0.0000000000E+00,    0.0000000000E+00,    0.0000000000E+00,    5.3794649968E+00
     21900,      0.676916,CP6_after_kinetics,   1,    0.0000000000E+00,    5.3794649968E+00,    5.3794649968E+00,    0.0000000000E+00,    0.0000000000E+00,    0.0000000000E+00,    5.3794649968E+00
     21900,      0.676916,CP7_after_upper_clamp,   1,    0.0000000000E+00,    5.3794649968E+00,    5.3794649968E+00,    0.0000000000E+00,    0.0000000000E+00,    0.0000000000E+00,    5.3794649968E+00
     21900,      0.676916,CP8_after_OBC,   1,    0.0000000000E+00,    5.3794649968E+00,    5.3794649968E+00,    0.0000000000E+00,    0.0000000000E+00,    0.0000000000E+00,    5.3794649968E+00
     21900,      0.676916,CP9_after_PTsource,   1,    0.0000000000E+00,    5.3794649968E+00,    5.3794649968E+00,    0.0000000000E+00,    0.0000000000E+00,    0.0000000000E+00,    5.3794649968E+00
     21900,      0.676916,CP10_after_neg_clamp,   1,    0.0000000000E+00,    5.3794649968E+00,    5.3794649968E+00,    0.0000000000E+00,    0.0000000000E+00,    0.0000000000E+00,    5.3794649968E+00
     21900,      0.676916,CP11_after_MPI,   1,    0.0000000000E+00,    5.3794649968E+00,    5.3794649968E+00,    0.0000000000E+00,    0.0000000000E+00,    0.0000000000E+00,    5.3794649968E+00
     21900,      0.676916,CP12_end,   1,    0.0000000000E+00,    5.3794649968E+00,    5.3794649968E+00,    0.0000000000E+00,    0.0000000000E+00,    0.0000000000E+00,    5.3794649968E+00
     21950,      0.676916,CP0_start,   1,    0.0000000000E+00,    5.4031205071E+00,    5.4031205071E+00,    0.0000000000E+00,    0.0000000000E+00,    0.0000000000E+00,    5.4031205071E+00
     21950,      0.676916,CP1_after_deposition,   1,    0.0000000000E+00,    5.4031205071E+00,    5.4031205071E+00,    0.0000000000E+00,    0.0000000000E+00,    0.0000000000E+00,    5.4031205071E+00
     21950,      0.676916,CP2_after_erosion,   1,    0.0000000000E+00,    5.4031205071E+00,    5.4031205071E+00,    0.0000000000E+00,    0.0000000000E+00,    0.0000000000E+00,    5.4031205071E+00
     21950,      0.676916,CP3_after_update_bottom,   1,    0.0000000000E+00,    5.4031205071E+00,    5.4031205071E+00,    0.0000000000E+00,    0.0000000000E+00,    0.0000000000E+00,    5.4031205071E+00
     21950,      0.676916,CP4_after_advection,   1,    0.0000000000E+00,    5.4035908648E+00,    5.4035908648E+00,    0.0000000000E+00,    0.0000000000E+00,    0.0000000000E+00,    5.4035908648E+00
     21950,      0.676916,CP5_after_vdif,   1,    0.0000000000E+00,    5.4035908648E+00,    5.4035908648E+00,    0.0000000000E+00,    0.0000000000E+00,    0.0000000000E+00,    5.4035908648E+00
     21950,      0.676916,CP6_after_kinetics,   1,    0.0000000000E+00,    5.4035908648E+00,    5.4035908648E+00,    0.0000000000E+00,    0.0000000000E+00,    0.0000000000E+00,    5.4035908648E+00
     21950,      0.676916,CP7_after_upper_clamp,   1,    0.0000000000E+00,    5.4035908648E+00,    5.4035908648E+00,    0.0000000000E+00,    0.0000000000E+00,    0.0000000000E+00,    5.4035908648E+00
     21950,      0.676916,CP8_after_OBC,   1,    0.0000000000E+00,    5.4035908648E+00,    5.4035908648E+00,    0.0000000000E+00,    0.0000000000E+00,    0.0000000000E+00,    5.4035908648E+00
     21950,      0.676916,CP9_after_PTsource,   1,    0.0000000000E+00,    5.4035908648E+00,    5.4035908648E+00,    0.0000000000E+00,    0.0000000000E+00,    0.0000000000E+00,    5.4035908648E+00
     21950,      0.676916,CP10_after_neg_clamp,   1,    0.0000000000E+00,    5.4035908648E+00,    5.4035908648E+00,    0.0000000000E+00,    0.0000000000E+00,    0.0000000000E+00,    5.4035908648E+00
     21950,      0.676916,CP11_after_MPI,   1,    0.0000000000E+00,    5.4035908648E+00,    5.4035908648E+00,    0.0000000000E+00,    0.0000000000E+00,    0.0000000000E+00,    5.4035908648E+00
     21950,      0.676916,CP12_end,   1,    0.0000000000E+00,    5.4035908648E+00,    5.4035908648E+00,    0.0000000000E+00,    0.0000000000E+00,    0.0000000000E+00,    5.4035908648E+00
     22000,      0.676916,CP0_start,   1,    0.0000000000E+00,    5.4272956895E+00,    5.4272956895E+00,    0.0000000000E+00,    0.0000000000E+00,    0.0000000000E+00,    5.4272956895E+00
     22000,      0.676916,CP1_after_deposition,   1,    0.0000000000E+00,    5.4272956895E+00,    5.4272956895E+00,    0.0000000000E+00,    0.0000000000E+00,    0.0000000000E+00,    5.4272956895E+00
     22000,      0.676916,CP2_after_erosion,   1,    0.0000000000E+00,    5.4272956895E+00,    5.4272956895E+00,    0.0000000000E+00,    0.0000000000E+00,    0.0000000000E+00,    5.4272956895E+00
     22000,      0.676916,CP3_after_update_bottom,   1,    0.0000000000E+00,    5.4272956895E+00,    5.4272956895E+00,    0.0000000000E+00,    0.0000000000E+00,    0.0000000000E+00,    5.4272956895E+00
     22000,      0.676916,CP4_after_advection,   1,    0.0000000000E+00,    5.4277651893E+00,    5.4277651893E+00,    0.0000000000E+00,    0.0000000000E+00,    0.0000000000E+00,    5.4277651893E+00
     22000,      0.676916,CP5_after_vdif,   1,    0.0000000000E+00,    5.4277651893E+00,    5.4277651893E+00,    0.0000000000E+00,    0.0000000000E+00,    0.0000000000E+00,    5.4277651893E+00
     22000,      0.676916,CP6_after_kinetics,   1,    0.0000000000E+00,    5.4277651893E+00,    5.4277651893E+00,    0.0000000000E+00,    0.0000000000E+00,    0.0000000000E+00,    5.4277651893E+00
     22000,      0.676916,CP7_after_upper_clamp,   1,    0.0000000000E+00,    5.4277651893E+00,    5.4277651893E+00,    0.0000000000E+00,    0.0000000000E+00,    0.0000000000E+00,    5.4277651893E+00
     22000,      0.676916,CP8_after_OBC,   1,    0.0000000000E+00,    5.4277651893E+00,    5.4277651893E+00,    0.0000000000E+00,    0.0000000000E+00,    0.0000000000E+00,    5.4277651893E+00
     22000,      0.676916,CP9_after_PTsource,   1,    0.0000000000E+00,    5.4277651893E+00,    5.4277651893E+00,    0.0000000000E+00,    0.0000000000E+00,    0.0000000000E+00,    5.4277651893E+00
     22000,      0.676916,CP10_after_neg_clamp,   1,    0.0000000000E+00,    5.4277651893E+00,    5.4277651893E+00,    0.0000000000E+00,    0.0000000000E+00,    0.0000000000E+00,    5.4277651893E+00
     22000,      0.676916,CP11_after_MPI,   1,    0.0000000000E+00,    5.4277651893E+00,    5.4277651893E+00,    0.0000000000E+00,    0.0000000000E+00,    0.0000000000E+00,    5.4277651893E+00
     22000,      0.676916,CP12_end,   1,    0.0000000000E+00,    5.4277651893E+00,    5.4277651893E+00,    0.0000000000E+00,    0.0000000000E+00,    0.0000000000E+00,    5.4277651893E+00
     22050,      0.676916,CP0_start,   1,    0.0000000000E+00,    5.4515210825E+00,    5.4515210825E+00,    0.0000000000E+00,    0.0000000000E+00,    0.0000000000E+00,    5.4515210825E+00
     22050,      0.676916,CP1_after_deposition,   1,    0.0000000000E+00,    5.4515210825E+00,    5.4515210825E+00,    0.0000000000E+00,    0.0000000000E+00,    0.0000000000E+00,    5.4515210825E+00
     22050,      0.676916,CP2_after_erosion,   1,    0.0000000000E+00,    5.4515210825E+00,    5.4515210825E+00,    0.0000000000E+00,    0.0000000000E+00,    0.0000000000E+00,    5.4515210825E+00
     22050,      0.676916,CP3_after_update_bottom,   1,    0.0000000000E+00,    5.4515210825E+00,    5.4515210825E+00,    0.0000000000E+00,    0.0000000000E+00,    0.0000000000E+00,    5.4515210825E+00
     22050,      0.676916,CP4_after_advection,   1,    0.0000000000E+00,    5.4519894915E+00,    5.4519894915E+00,    0.0000000000E+00,    0.0000000000E+00,    0.0000000000E+00,    5.4519894915E+00
     22050,      0.676916,CP5_after_vdif,   1,    0.0000000000E+00,    5.4519894915E+00,    5.4519894915E+00,    0.0000000000E+00,    0.0000000000E+00,    0.0000000000E+00,    5.4519894915E+00
     22050,      0.676916,CP6_after_kinetics,   1,    0.0000000000E+00,    5.4519894915E+00,    5.4519894915E+00,    0.0000000000E+00,    0.0000000000E+00,    0.0000000000E+00,    5.4519894915E+00
     22050,      0.676916,CP7_after_upper_clamp,   1,    0.0000000000E+00,    5.4519894915E+00,    5.4519894915E+00,    0.0000000000E+00,    0.0000000000E+00,    0.0000000000E+00,    5.4519894915E+00
     22050,      0.676916,CP8_after_OBC,   1,    0.0000000000E+00,    5.4519894915E+00,    5.4519894915E+00,    0.0000000000E+00,    0.0000000000E+00,    0.0000000000E+00,    5.4519894915E+00
     22050,      0.676916,CP9_after_PTsource,   1,    0.0000000000E+00,    5.4519894915E+00,    5.4519894915E+00,    0.0000000000E+00,    0.0000000000E+00,    0.0000000000E+00,    5.4519894915E+00
     22050,      0.676916,CP10_after_neg_clamp,   1,    0.0000000000E+00,    5.4519894915E+00,    5.4519894915E+00,    0.0000000000E+00,    0.0000000000E+00,    0.0000000000E+00,    5.4519894915E+00
     22050,      0.676916,CP11_after_MPI,   1,    0.0000000000E+00,    5.4519894915E+00,    5.4519894915E+00,    0.0000000000E+00,    0.0000000000E+00,    0.0000000000E+00,    5.4519894915E+00
     22050,      0.676916,CP12_end,   1,    0.0000000000E+00,    5.4519894915E+00,    5.4519894915E+00,    0.0000000000E+00,    0.0000000000E+00,    0.0000000000E+00,    5.4519894915E+00
     22100,      0.676916,CP0_start,   1,    0.0000000000E+00,    5.4757953919E+00,    5.4757953919E+00,    0.0000000000E+00,    0.0000000000E+00,    0.0000000000E+00,    5.4757953919E+00
     22100,      0.676916,CP1_after_deposition,   1,    0.0000000000E+00,    5.4757953919E+00,    5.4757953919E+00,    0.0000000000E+00,    0.0000000000E+00,    0.0000000000E+00,    5.4757953919E+00
     22100,      0.676916,CP2_after_erosion,   1,    0.0000000000E+00,    5.4757953919E+00,    5.4757953919E+00,    0.0000000000E+00,    0.0000000000E+00,    0.0000000000E+00,    5.4757953919E+00
     22100,      0.676916,CP3_after_update_bottom,   1,    0.0000000000E+00,    5.4757953919E+00,    5.4757953919E+00,    0.0000000000E+00,    0.0000000000E+00,    0.0000000000E+00,    5.4757953919E+00
     22100,      0.676916,CP4_after_advection,   1,    0.0000000000E+00,    5.4762627777E+00,    5.4762627777E+00,    0.0000000000E+00,    0.0000000000E+00,    0.0000000000E+00,    5.4762627777E+00
     22100,      0.676916,CP5_after_vdif,   1,    0.0000000000E+00,    5.4762627777E+00,    5.4762627777E+00,    0.0000000000E+00,    0.0000000000E+00,    0.0000000000E+00,    5.4762627777E+00
     22100,      0.676916,CP6_after_kinetics,   1,    0.0000000000E+00,    5.4762627777E+00,    5.4762627777E+00,    0.0000000000E+00,    0.0000000000E+00,    0.0000000000E+00,    5.4762627777E+00
     22100,      0.676916,CP7_after_upper_clamp,   1,    0.0000000000E+00,    5.4762627777E+00,    5.4762627777E+00,    0.0000000000E+00,    0.0000000000E+00,    0.0000000000E+00,    5.4762627777E+00
     22100,      0.676916,CP8_after_OBC,   1,    0.0000000000E+00,    5.4762627777E+00,    5.4762627777E+00,    0.0000000000E+00,    0.0000000000E+00,    0.0000000000E+00,    5.4762627777E+00
     22100,      0.676916,CP9_after_PTsource,   1,    0.0000000000E+00,    5.4762627777E+00,    5.4762627777E+00,    0.0000000000E+00,    0.0000000000E+00,    0.0000000000E+00,    5.4762627777E+00
     22100,      0.676916,CP10_after_neg_clamp,   1,    0.0000000000E+00,    5.4762627777E+00,    5.4762627777E+00,    0.0000000000E+00,    0.0000000000E+00,    0.0000000000E+00,    5.4762627777E+00
     22100,      0.676916,CP11_after_MPI,   1,    0.0000000000E+00,    5.4762627777E+00,    5.4762627777E+00,    0.0000000000E+00,    0.0000000000E+00,    0.0000000000E+00,    5.4762627777E+00
     22100,      0.676916,CP12_end,   1,    0.0000000000E+00,    5.4762627777E+00,    5.4762627777E+00,    0.0000000000E+00,    0.0000000000E+00,    0.0000000000E+00,    5.4762627777E+00
     22150,      0.676916,CP0_start,   1,    0.0000000000E+00,    5.5001185457E+00,    5.5001185457E+00,    0.0000000000E+00,    0.0000000000E+00,    0.0000000000E+00,    5.5001185457E+00
     22150,      0.676916,CP1_after_deposition,   1,    0.0000000000E+00,    5.5001185457E+00,    5.5001185457E+00,    0.0000000000E+00,    0.0000000000E+00,    0.0000000000E+00,    5.5001185457E+00
     22150,      0.676916,CP2_after_erosion,   1,    0.0000000000E+00,    5.5001185457E+00,    5.5001185457E+00,    0.0000000000E+00,    0.0000000000E+00,    0.0000000000E+00,    5.5001185457E+00
     22150,      0.676916,CP3_after_update_bottom,   1,    0.0000000000E+00,    5.5001185457E+00,    5.5001185457E+00,    0.0000000000E+00,    0.0000000000E+00,    0.0000000000E+00,    5.5001185457E+00
     22150,      0.676916,CP4_after_advection,   1,    0.0000000000E+00,    5.5005839821E+00,    5.5005839821E+00,    0.0000000000E+00,    0.0000000000E+00,    0.0000000000E+00,    5.5005839821E+00
     22150,      0.676916,CP5_after_vdif,   1,    0.0000000000E+00,    5.5005839821E+00,    5.5005839821E+00,    0.0000000000E+00,    0.0000000000E+00,    0.0000000000E+00,    5.5005839821E+00
     22150,      0.676916,CP6_after_kinetics,   1,    0.0000000000E+00,    5.5005839821E+00,    5.5005839821E+00,    0.0000000000E+00,    0.0000000000E+00,    0.0000000000E+00,    5.5005839821E+00
     22150,      0.676916,CP7_after_upper_clamp,   1,    0.0000000000E+00,    5.5005839821E+00,    5.5005839821E+00,    0.0000000000E+00,    0.0000000000E+00,    0.0000000000E+00,    5.5005839821E+00
     22150,      0.676916,CP8_after_OBC,   1,    0.0000000000E+00,    5.5005839821E+00,    5.5005839821E+00,    0.0000000000E+00,    0.0000000000E+00,    0.0000000000E+00,    5.5005839821E+00
     22150,      0.676916,CP9_after_PTsource,   1,    0.0000000000E+00,    5.5005839821E+00,    5.5005839821E+00,    0.0000000000E+00,    0.0000000000E+00,    0.0000000000E+00,    5.5005839821E+00
     22150,      0.676916,CP10_after_neg_clamp,   1,    0.0000000000E+00,    5.5005839821E+00,    5.5005839821E+00,    0.0000000000E+00,    0.0000000000E+00,    0.0000000000E+00,    5.5005839821E+00
     22150,      0.676916,CP11_after_MPI,   1,    0.0000000000E+00,    5.5005839821E+00,    5.5005839821E+00,    0.0000000000E+00,    0.0000000000E+00,    0.0000000000E+00,    5.5005839821E+00
     22150,      0.676916,CP12_end,   1,    0.0000000000E+00,    5.5005839821E+00,    5.5005839821E+00,    0.0000000000E+00,    0.0000000000E+00,    0.0000000000E+00,    5.5005839821E+00
     22200,      0.676916,CP0_start,   1,    0.0000000000E+00,    5.5244926948E+00,    5.5244926948E+00,    0.0000000000E+00,    0.0000000000E+00,    0.0000000000E+00,    5.5244926948E+00
     22200,      0.676916,CP1_after_deposition,   1,    0.0000000000E+00,    5.5244926948E+00,    5.5244926948E+00,    0.0000000000E+00,    0.0000000000E+00,    0.0000000000E+00,    5.5244926948E+00
     22200,      0.676916,CP2_after_erosion,   1,                 NaN,                 NaN,                 NaN,    0.0000000000E+00,    0.0000000000E+00,    0.0000000000E+00,                 NaN
     22200,      0.676916,CP3_after_update_bottom,   1,                 NaN,                 NaN,                 NaN,    0.0000000000E+00,    0.0000000000E+00,    0.0000000000E+00,                 NaN
     22200,      0.676916,CP4_after_advection,   1,                 NaN,                 NaN,                 NaN,    0.0000000000E+00,    0.0000000000E+00,    0.0000000000E+00,                 NaN
     22200,      0.676916,CP5_after_vdif,   1,                 NaN,                 NaN,                 NaN,    0.0000000000E+00,    0.0000000000E+00,    0.0000000000E+00,                 NaN
     22200,      0.676916,CP6_after_kinetics,   1,                 NaN,                 NaN,                 NaN,    0.0000000000E+00,    0.0000000000E+00,    0.0000000000E+00,                 NaN
     22200,      0.676916,CP7_after_upper_clamp,   1,                 NaN,                 NaN,                 NaN,    0.0000000000E+00,    0.0000000000E+00,    0.0000000000E+00,                 NaN
     22200,      0.676916,CP8_after_OBC,   1,                 NaN,                 NaN,                 NaN,    0.0000000000E+00,    0.0000000000E+00,    0.0000000000E+00,                 NaN
     22200,      0.676916,CP9_after_PTsource,   1,                 NaN,                 NaN,                 NaN,    0.0000000000E+00,    0.0000000000E+00,    0.0000000000E+00,                 NaN
     22200,      0.676916,CP10_after_neg_clamp,   1,    0.0000000000E+00,    5.5249557816E+00,    5.5249557816E+00,    0.0000000000E+00,    0.0000000000E+00,    0.0000000000E+00,    5.5249557816E+00
     22200,      0.676916,CP11_after_MPI,   1,    0.0000000000E+00,    5.5249557816E+00,    5.5249557816E+00,    0.0000000000E+00,    0.0000000000E+00,    0.0000000000E+00,    5.5249557816E+00
     22200,      0.676916,CP12_end,   1,    0.0000000000E+00,    5.5249557816E+00,    5.5249557816E+00,    0.0000000000E+00,    0.0000000000E+00,    0.0000000000E+00,    5.5249557816E+00
     22250,      0.676916,CP0_start,   1,    0.0000000000E+00,    5.5489140284E+00,    5.5489140284E+00,    0.0000000000E+00,    0.0000000000E+00,    0.0000000000E+00,    5.5489140284E+00
     22250,      0.676916,CP1_after_deposition,   1,    0.0000000000E+00,    5.5489140284E+00,    5.5489140284E+00,    0.0000000000E+00,    0.0000000000E+00,    0.0000000000E+00,    5.5489140284E+00
     22250,      0.676916,CP2_after_erosion,   1,    0.0000000000E+00,    5.5489140284E+00,    5.5489140284E+00,    0.0000000000E+00,    0.0000000000E+00,    0.0000000000E+00,    5.5489140284E+00
     22250,      0.676916,CP3_after_update_bottom,   1,    0.0000000000E+00,    5.5489140284E+00,    5.5489140284E+00,    0.0000000000E+00,    0.0000000000E+00,    0.0000000000E+00,    5.5489140284E+00
     22250,      0.676916,CP4_after_advection,   1,    0.0000000000E+00,    5.5493754811E+00,    5.5493754811E+00,    0.0000000000E+00,    0.0000000000E+00,    0.0000000000E+00,    5.5493754811E+00
     22250,      0.676916,CP5_after_vdif,   1,    0.0000000000E+00,    5.5493754811E+00,    5.5493754811E+00,    0.0000000000E+00,    0.0000000000E+00,    0.0000000000E+00,    5.5493754811E+00
     22250,      0.676916,CP6_after_kinetics,   1,    0.0000000000E+00,    5.5493754811E+00,    5.5493754811E+00,    0.0000000000E+00,    0.0000000000E+00,    0.0000000000E+00,    5.5493754811E+00
     22250,      0.676916,CP7_after_upper_clamp,   1,    0.0000000000E+00,    5.5493754811E+00,    5.5493754811E+00,    0.0000000000E+00,    0.0000000000E+00,    0.0000000000E+00,    5.5493754811E+00
     22250,      0.676916,CP8_after_OBC,   1,    0.0000000000E+00,    5.5493754811E+00,    5.5493754811E+00,    0.0000000000E+00,    0.0000000000E+00,    0.0000000000E+00,    5.5493754811E+00
     22250,      0.676916,CP9_after_PTsource,   1,    0.0000000000E+00,    5.5493754811E+00,    5.5493754811E+00,    0.0000000000E+00,    0.0000000000E+00,    0.0000000000E+00,    5.5493754811E+00
     22250,      0.676916,CP10_after_neg_clamp,   1,    0.0000000000E+00,    5.5493754811E+00,    5.5493754811E+00,    0.0000000000E+00,    0.0000000000E+00,    0.0000000000E+00,    5.5493754811E+00
     22250,      0.676916,CP11_after_MPI,   1,    0.0000000000E+00,    5.5493754811E+00,    5.5493754811E+00,    0.0000000000E+00,    0.0000000000E+00,    0.0000000000E+00,    5.5493754811E+00
     22250,      0.676916,CP12_end,   1,    0.0000000000E+00,    5.5493754811E+00,    5.5493754811E+00,    0.0000000000E+00,    0.0000000000E+00,    0.0000000000E+00,    5.5493754811E+00
     22300,      0.676916,CP0_start,   1,    0.0000000000E+00,    5.5733817846E+00,    5.5733817846E+00,    0.0000000000E+00,    0.0000000000E+00,    0.0000000000E+00,    5.5733817846E+00
     22300,      0.676916,CP1_after_deposition,   1,    0.0000000000E+00,    5.5733817846E+00,    5.5733817846E+00,    0.0000000000E+00,    0.0000000000E+00,    0.0000000000E+00,    5.5733817846E+00
     22300,      0.676916,CP2_after_erosion,   1,    0.0000000000E+00,    5.5733817846E+00,    5.5733817846E+00,    0.0000000000E+00,    0.0000000000E+00,    0.0000000000E+00,    5.5733817846E+00
     22300,      0.676916,CP3_after_update_bottom,   1,    0.0000000000E+00,    5.5733817846E+00,    5.5733817846E+00,    0.0000000000E+00,    0.0000000000E+00,    0.0000000000E+00,    5.5733817846E+00
     22300,      0.676916,CP4_after_advection,   1,    0.0000000000E+00,    5.5738424275E+00,    5.5738424275E+00,    0.0000000000E+00,    0.0000000000E+00,    0.0000000000E+00,    5.5738424275E+00
     22300,      0.676916,CP5_after_vdif,   1,    0.0000000000E+00,    5.5738424275E+00,    5.5738424275E+00,    0.0000000000E+00,    0.0000000000E+00,    0.0000000000E+00,    5.5738424275E+00
     22300,      0.676916,CP6_after_kinetics,   1,    0.0000000000E+00,    5.5738424275E+00,    5.5738424275E+00,    0.0000000000E+00,    0.0000000000E+00,    0.0000000000E+00,    5.5738424275E+00
     22300,      0.676916,CP7_after_upper_clamp,   1,    0.0000000000E+00,    5.5738424275E+00,    5.5738424275E+00,    0.0000000000E+00,    0.0000000000E+00,    0.0000000000E+00,    5.5738424275E+00
     22300,      0.676916,CP8_after_OBC,   1,    0.0000000000E+00,    5.5738424275E+00,    5.5738424275E+00,    0.0000000000E+00,    0.0000000000E+00,    0.0000000000E+00,    5.5738424275E+00
     22300,      0.676916,CP9_after_PTsource,   1,    0.0000000000E+00,    5.5738424275E+00,    5.5738424275E+00,    0.0000000000E+00,    0.0000000000E+00,    0.0000000000E+00,    5.5738424275E+00
     22300,      0.676916,CP10_after_neg_clamp,   1,    0.0000000000E+00,    5.5738424275E+00,    5.5738424275E+00,    0.0000000000E+00,    0.0000000000E+00,    0.0000000000E+00,    5.5738424275E+00
     22300,      0.676916,CP11_after_MPI,   1,    0.0000000000E+00,    5.5738424275E+00,    5.5738424275E+00,    0.0000000000E+00,    0.0000000000E+00,    0.0000000000E+00,    5.5738424275E+00
     22300,      0.676916,CP12_end,   1,    0.0000000000E+00,    5.5738424275E+00,    5.5738424275E+00,    0.0000000000E+00,    0.0000000000E+00,    0.0000000000E+00,    5.5738424275E+00
     22350,      0.676916,CP0_start,   1,    0.0000000000E+00,    5.5979008424E+00,    5.5979008424E+00,    0.0000000000E+00,    0.0000000000E+00,    0.0000000000E+00,    5.5979008424E+00
     22350,      0.676916,CP1_after_deposition,   1,    0.0000000000E+00,    5.5979008424E+00,    5.5979008424E+00,    0.0000000000E+00,    0.0000000000E+00,    0.0000000000E+00,    5.5979008424E+00
     22350,      0.676916,CP2_after_erosion,   1,    0.0000000000E+00,    5.5979008424E+00,    5.5979008424E+00,    0.0000000000E+00,    0.0000000000E+00,    0.0000000000E+00,    5.5979008424E+00
     22350,      0.676916,CP3_after_update_bottom,   1,    0.0000000000E+00,    5.5979008424E+00,    5.5979008424E+00,    0.0000000000E+00,    0.0000000000E+00,    0.0000000000E+00,    5.5979008424E+00
     22350,      0.676916,CP4_after_advection,   1,    0.0000000000E+00,    5.5983602490E+00,    5.5983602490E+00,    0.0000000000E+00,    0.0000000000E+00,    0.0000000000E+00,    5.5983602490E+00
     22350,      0.676916,CP5_after_vdif,   1,    0.0000000000E+00,    5.5983602490E+00,    5.5983602490E+00,    0.0000000000E+00,    0.0000000000E+00,    0.0000000000E+00,    5.5983602490E+00
     22350,      0.676916,CP6_after_kinetics,   1,    0.0000000000E+00,    5.5983602490E+00,    5.5983602490E+00,    0.0000000000E+00,    0.0000000000E+00,    0.0000000000E+00,    5.5983602490E+00
     22350,      0.676916,CP7_after_upper_clamp,   1,    0.0000000000E+00,    5.5983602490E+00,    5.5983602490E+00,    0.0000000000E+00,    0.0000000000E+00,    0.0000000000E+00,    5.5983602490E+00
     22350,      0.676916,CP8_after_OBC,   1,    0.0000000000E+00,    5.5983602490E+00,    5.5983602490E+00,    0.0000000000E+00,    0.0000000000E+00,    0.0000000000E+00,    5.5983602490E+00
     22350,      0.676916,CP9_after_PTsource,   1,    0.0000000000E+00,    5.5983602490E+00,    5.5983602490E+00,    0.0000000000E+00,    0.0000000000E+00,    0.0000000000E+00,    5.5983602490E+00
     22350,      0.676916,CP10_after_neg_clamp,   1,    0.0000000000E+00,    5.5983602490E+00,    5.5983602490E+00,    0.0000000000E+00,    0.0000000000E+00,    0.0000000000E+00,    5.5983602490E+00
     22350,      0.676916,CP11_after_MPI,   1,    0.0000000000E+00,    5.5983602490E+00,    5.5983602490E+00,    0.0000000000E+00,    0.0000000000E+00,    0.0000000000E+00,    5.5983602490E+00
     22350,      0.676916,CP12_end,   1,    0.0000000000E+00,    5.5983602490E+00,    5.5983602490E+00,    0.0000000000E+00,    0.0000000000E+00,    0.0000000000E+00,    5.5983602490E+00
     22400,      0.676916,CP0_start,   1,    0.0000000000E+00,    5.6224698628E+00,    5.6224698628E+00,    0.0000000000E+00,    0.0000000000E+00,    0.0000000000E+00,    5.6224698628E+00
     22400,      0.676916,CP1_after_deposition,   1,    0.0000000000E+00,    5.6224698628E+00,    5.6224698628E+00,    0.0000000000E+00,    0.0000000000E+00,    0.0000000000E+00,    5.6224698628E+00
     22400,      0.676916,CP2_after_erosion,   1,    0.0000000000E+00,    5.6224698628E+00,    5.6224698628E+00,    0.0000000000E+00,    0.0000000000E+00,    0.0000000000E+00,    5.6224698628E+00
     22400,      0.676916,CP3_after_update_bottom,   1,    0.0000000000E+00,    5.6224698628E+00,    5.6224698628E+00,    0.0000000000E+00,    0.0000000000E+00,    0.0000000000E+00,    5.6224698628E+00
     22400,      0.676916,CP4_after_advection,   1,    0.0000000000E+00,    5.6229275054E+00,    5.6229275054E+00,    0.0000000000E+00,    0.0000000000E+00,    0.0000000000E+00,    5.6229275054E+00
     22400,      0.676916,CP5_after_vdif,   1,    0.0000000000E+00,    5.6229275054E+00,    5.6229275054E+00,    0.0000000000E+00,    0.0000000000E+00,    0.0000000000E+00,    5.6229275054E+00
     22400,      0.676916,CP6_after_kinetics,   1,    0.0000000000E+00,    5.6229275054E+00,    5.6229275054E+00,    0.0000000000E+00,    0.0000000000E+00,    0.0000000000E+00,    5.6229275054E+00
     22400,      0.676916,CP7_after_upper_clamp,   1,    0.0000000000E+00,    5.6229275054E+00,    5.6229275054E+00,    0.0000000000E+00,    0.0000000000E+00,    0.0000000000E+00,    5.6229275054E+00
     22400,      0.676916,CP8_after_OBC,   1,    0.0000000000E+00,    5.6229275054E+00,    5.6229275054E+00,    0.0000000000E+00,    0.0000000000E+00,    0.0000000000E+00,    5.6229275054E+00
     22400,      0.676916,CP9_after_PTsource,   1,    0.0000000000E+00,    5.6229275054E+00,    5.6229275054E+00,    0.0000000000E+00,    0.0000000000E+00,    0.0000000000E+00,    5.6229275054E+00
     22400,      0.676916,CP10_after_neg_clamp,   1,    0.0000000000E+00,    5.6229275054E+00,    5.6229275054E+00,    0.0000000000E+00,    0.0000000000E+00,    0.0000000000E+00,    5.6229275054E+00
     22400,      0.676916,CP11_after_MPI,   1,    0.0000000000E+00,    5.6229275054E+00,    5.6229275054E+00,    0.0000000000E+00,    0.0000000000E+00,    0.0000000000E+00,    5.6229275054E+00
     22400,      0.676916,CP12_end,   1,    0.0000000000E+00,    5.6229275054E+00,    5.6229275054E+00,    0.0000000000E+00,    0.0000000000E+00,    0.0000000000E+00,    5.6229275054E+00
     22450,      0.676916,CP0_start,   1,    0.0000000000E+00,    5.6470909876E+00,    5.6470909876E+00,    0.0000000000E+00,    0.0000000000E+00,    0.0000000000E+00,    5.6470909876E+00
     22450,      0.676916,CP1_after_deposition,   1,    0.0000000000E+00,    5.6470909876E+00,    5.6470909876E+00,    0.0000000000E+00,    0.0000000000E+00,    0.0000000000E+00,    5.6470909876E+00
     22450,      0.676916,CP2_after_erosion,   1,    0.0000000000E+00,    5.6470909876E+00,    5.6470909876E+00,    0.0000000000E+00,    0.0000000000E+00,    0.0000000000E+00,    5.6470909876E+00
     22450,      0.676916,CP3_after_update_bottom,   1,    0.0000000000E+00,    5.6470909876E+00,    5.6470909876E+00,    0.0000000000E+00,    0.0000000000E+00,    0.0000000000E+00,    5.6470909876E+00
     22450,      0.676916,CP4_after_advection,   1,    0.0000000000E+00,    5.6475463924E+00,    5.6475463924E+00,    0.0000000000E+00,    0.0000000000E+00,    0.0000000000E+00,    5.6475463924E+00
     22450,      0.676916,CP5_after_vdif,   1,    0.0000000000E+00,    5.6475463924E+00,    5.6475463924E+00,    0.0000000000E+00,    0.0000000000E+00,    0.0000000000E+00,    5.6475463924E+00
     22450,      0.676916,CP6_after_kinetics,   1,    0.0000000000E+00,    5.6475463924E+00,    5.6475463924E+00,    0.0000000000E+00,    0.0000000000E+00,    0.0000000000E+00,    5.6475463924E+00
     22450,      0.676916,CP7_after_upper_clamp,   1,    0.0000000000E+00,    5.6475463924E+00,    5.6475463924E+00,    0.0000000000E+00,    0.0000000000E+00,    0.0000000000E+00,    5.6475463924E+00
     22450,      0.676916,CP8_after_OBC,   1,    0.0000000000E+00,    5.6475463924E+00,    5.6475463924E+00,    0.0000000000E+00,    0.0000000000E+00,    0.0000000000E+00,    5.6475463924E+00
     22450,      0.676916,CP9_after_PTsource,   1,    0.0000000000E+00,    5.6475463924E+00,    5.6475463924E+00,    0.0000000000E+00,    0.0000000000E+00,    0.0000000000E+00,    5.6475463924E+00
     22450,      0.676916,CP10_after_neg_clamp,   1,    0.0000000000E+00,    5.6475463924E+00,    5.6475463924E+00,    0.0000000000E+00,    0.0000000000E+00,    0.0000000000E+00,    5.6475463924E+00
     22450,      0.676916,CP11_after_MPI,   1,    0.0000000000E+00,    5.6475463924E+00,    5.6475463924E+00,    0.0000000000E+00,    0.0000000000E+00,    0.0000000000E+00,    5.6475463924E+00
     22450,      0.676916,CP12_end,   1,    0.0000000000E+00,    5.6475463924E+00,    5.6475463924E+00,    0.0000000000E+00,    0.0000000000E+00,    0.0000000000E+00,    5.6475463924E+00
     22500,      0.676916,CP0_start,   1,    0.0000000000E+00,    5.6717621233E+00,    5.6717621233E+00,    0.0000000000E+00,    0.0000000000E+00,    0.0000000000E+00,    5.6717621233E+00
     22500,      0.676916,CP1_after_deposition,   1,    0.0000000000E+00,    5.6717621233E+00,    5.6717621233E+00,    0.0000000000E+00,    0.0000000000E+00,    0.0000000000E+00,    5.6717621233E+00
     22500,      0.676916,CP2_after_erosion,   1,    0.0000000000E+00,    5.6717621233E+00,    5.6717621233E+00,    0.0000000000E+00,    0.0000000000E+00,    0.0000000000E+00,    5.6717621233E+00
     22500,      0.676916,CP3_after_update_bottom,   1,    0.0000000000E+00,    5.6717621233E+00,    5.6717621233E+00,    0.0000000000E+00,    0.0000000000E+00,    0.0000000000E+00,    5.6717621233E+00
     22500,      0.676916,CP4_after_advection,   1,    0.0000000000E+00,    5.6722153493E+00,    5.6722153493E+00,    0.0000000000E+00,    0.0000000000E+00,    0.0000000000E+00,    5.6722153493E+00
     22500,      0.676916,CP5_after_vdif,   1,    0.0000000000E+00,    5.6722153493E+00,    5.6722153493E+00,    0.0000000000E+00,    0.0000000000E+00,    0.0000000000E+00,    5.6722153493E+00
     22500,      0.676916,CP6_after_kinetics,   1,    0.0000000000E+00,    5.6722153493E+00,    5.6722153493E+00,    0.0000000000E+00,    0.0000000000E+00,    0.0000000000E+00,    5.6722153493E+00
     22500,      0.676916,CP7_after_upper_clamp,   1,    0.0000000000E+00,    5.6722153493E+00,    5.6722153493E+00,    0.0000000000E+00,    0.0000000000E+00,    0.0000000000E+00,    5.6722153493E+00
     22500,      0.676916,CP8_after_OBC,   1,    0.0000000000E+00,    5.6722153493E+00,    5.6722153493E+00,    0.0000000000E+00,    0.0000000000E+00,    0.0000000000E+00,    5.6722153493E+00
     22500,      0.676916,CP9_after_PTsource,   1,    0.0000000000E+00,    5.6722153493E+00,    5.6722153493E+00,    0.0000000000E+00,    0.0000000000E+00,    0.0000000000E+00,    5.6722153493E+00
     22500,      0.676916,CP10_after_neg_clamp,   1,    0.0000000000E+00,    5.6722153493E+00,    5.6722153493E+00,    0.0000000000E+00,    0.0000000000E+00,    0.0000000000E+00,    5.6722153493E+00
     22500,      0.676916,CP11_after_MPI,   1,    0.0000000000E+00,    5.6722153493E+00,    5.6722153493E+00,    0.0000000000E+00,    0.0000000000E+00,    0.0000000000E+00,    5.6722153493E+00
     22500,      0.676916,CP12_end,   1,    0.0000000000E+00,    5.6722153493E+00,    5.6722153493E+00,    0.0000000000E+00,    0.0000000000E+00,    0.0000000000E+00,    5.6722153493E+00
     22550,      0.676916,CP0_start,   1,    0.0000000000E+00,    5.6964834038E+00,    5.6964834038E+00,    0.0000000000E+00,    0.0000000000E+00,    0.0000000000E+00,    5.6964834038E+00
     22550,      0.676916,CP1_after_deposition,   1,    0.0000000000E+00,    5.6964834038E+00,    5.6964834038E+00,    0.0000000000E+00,    0.0000000000E+00,    0.0000000000E+00,    5.6964834038E+00
     22550,      0.676916,CP2_after_erosion,   1,    0.0000000000E+00,    5.6964834038E+00,    5.6964834038E+00,    0.0000000000E+00,    0.0000000000E+00,    0.0000000000E+00,    5.6964834038E+00
     22550,      0.676916,CP3_after_update_bottom,   1,    0.0000000000E+00,    5.6964834038E+00,    5.6964834038E+00,    0.0000000000E+00,    0.0000000000E+00,    0.0000000000E+00,    5.6964834038E+00
     22550,      0.676916,CP4_after_advection,   1,    0.0000000000E+00,    5.6969344645E+00,    5.6969344645E+00,    0.0000000000E+00,    0.0000000000E+00,    0.0000000000E+00,    5.6969344645E+00
     22550,      0.676916,CP5_after_vdif,   1,    0.0000000000E+00,    5.6969344645E+00,    5.6969344645E+00,    0.0000000000E+00,    0.0000000000E+00,    0.0000000000E+00,    5.6969344645E+00
     22550,      0.676916,CP6_after_kinetics,   1,    0.0000000000E+00,    5.6969344645E+00,    5.6969344645E+00,    0.0000000000E+00,    0.0000000000E+00,    0.0000000000E+00,    5.6969344645E+00
     22550,      0.676916,CP7_after_upper_clamp,   1,    0.0000000000E+00,    5.6969344645E+00,    5.6969344645E+00,    0.0000000000E+00,    0.0000000000E+00,    0.0000000000E+00,    5.6969344645E+00
     22550,      0.676916,CP8_after_OBC,   1,    0.0000000000E+00,    5.6969344645E+00,    5.6969344645E+00,    0.0000000000E+00,    0.0000000000E+00,    0.0000000000E+00,    5.6969344645E+00
     22550,      0.676916,CP9_after_PTsource,   1,    0.0000000000E+00,    5.6969344645E+00,    5.6969344645E+00,    0.0000000000E+00,    0.0000000000E+00,    0.0000000000E+00,    5.6969344645E+00
     22550,      0.676916,CP10_after_neg_clamp,   1,    0.0000000000E+00,    5.6969344645E+00,    5.6969344645E+00,    0.0000000000E+00,    0.0000000000E+00,    0.0000000000E+00,    5.6969344645E+00
     22550,      0.676916,CP11_after_MPI,   1,    0.0000000000E+00,    5.6969344645E+00,    5.6969344645E+00,    0.0000000000E+00,    0.0000000000E+00,    0.0000000000E+00,    5.6969344645E+00
     22550,      0.676916,CP12_end,   1,    0.0000000000E+00,    5.6969344645E+00,    5.6969344645E+00,    0.0000000000E+00,    0.0000000000E+00,    0.0000000000E+00,    5.6969344645E+00
     22600,      0.676916,CP0_start,   1,    0.0000000000E+00,    5.7212547313E+00,    5.7212547313E+00,    0.0000000000E+00,    0.0000000000E+00,    0.0000000000E+00,    5.7212547313E+00
     22600,      0.676916,CP1_after_deposition,   1,    0.0000000000E+00,    5.7212547313E+00,    5.7212547313E+00,    0.0000000000E+00,    0.0000000000E+00,    0.0000000000E+00,    5.7212547313E+00
     22600,      0.676916,CP2_after_erosion,   1,    0.0000000000E+00,    5.7212547313E+00,    5.7212547313E+00,    0.0000000000E+00,    0.0000000000E+00,    0.0000000000E+00,    5.7212547313E+00
     22600,      0.676916,CP3_after_update_bottom,   1,    0.0000000000E+00,    5.7212547313E+00,    5.7212547313E+00,    0.0000000000E+00,    0.0000000000E+00,    0.0000000000E+00,    5.7212547313E+00
     22600,      0.676916,CP4_after_advection,   1,    0.0000000000E+00,    5.7217030448E+00,    5.7217030448E+00,    0.0000000000E+00,    0.0000000000E+00,    0.0000000000E+00,    5.7217030448E+00
     22600,      0.676916,CP5_after_vdif,   1,    0.0000000000E+00,    5.7217030448E+00,    5.7217030448E+00,    0.0000000000E+00,    0.0000000000E+00,    0.0000000000E+00,    5.7217030448E+00
     22600,      0.676916,CP6_after_kinetics,   1,    0.0000000000E+00,    5.7217030448E+00,    5.7217030448E+00,    0.0000000000E+00,    0.0000000000E+00,    0.0000000000E+00,    5.7217030448E+00
     22600,      0.676916,CP7_after_upper_clamp,   1,    0.0000000000E+00,    5.7217030448E+00,    5.7217030448E+00,    0.0000000000E+00,    0.0000000000E+00,    0.0000000000E+00,    5.7217030448E+00
     22600,      0.676916,CP8_after_OBC,   1,    0.0000000000E+00,    5.7217030448E+00,    5.7217030448E+00,    0.0000000000E+00,    0.0000000000E+00,    0.0000000000E+00,    5.7217030448E+00
     22600,      0.676916,CP9_after_PTsource,   1,    0.0000000000E+00,    5.7217030448E+00,    5.7217030448E+00,    0.0000000000E+00,    0.0000000000E+00,    0.0000000000E+00,    5.7217030448E+00
     22600,      0.676916,CP10_after_neg_clamp,   1,    0.0000000000E+00,    5.7217030448E+00,    5.7217030448E+00,    0.0000000000E+00,    0.0000000000E+00,    0.0000000000E+00,    5.7217030448E+00
     22600,      0.676916,CP11_after_MPI,   1,    0.0000000000E+00,    5.7217030448E+00,    5.7217030448E+00,    0.0000000000E+00,    0.0000000000E+00,    0.0000000000E+00,    5.7217030448E+00
     22600,      0.676916,CP12_end,   1,    0.0000000000E+00,    5.7217030448E+00,    5.7217030448E+00,    0.0000000000E+00,    0.0000000000E+00,    0.0000000000E+00,    5.7217030448E+00
     22650,      0.676916,CP0_start,   1,    0.0000000000E+00,    5.7460802551E+00,    5.7460802551E+00,    0.0000000000E+00,    0.0000000000E+00,    0.0000000000E+00,    5.7460802551E+00
     22650,      0.676916,CP1_after_deposition,   1,    0.0000000000E+00,    5.7460802551E+00,    5.7460802551E+00,    0.0000000000E+00,    0.0000000000E+00,    0.0000000000E+00,    5.7460802551E+00
     22650,      0.676916,CP2_after_erosion,   1,    0.0000000000E+00,    5.7460802551E+00,    5.7460802551E+00,    0.0000000000E+00,    0.0000000000E+00,    0.0000000000E+00,    5.7460802551E+00
     22650,      0.676916,CP3_after_update_bottom,   1,    0.0000000000E+00,    5.7460802551E+00,    5.7460802551E+00,    0.0000000000E+00,    0.0000000000E+00,    0.0000000000E+00,    5.7460802551E+00
     22650,      0.676916,CP4_after_advection,   1,    0.0000000000E+00,    5.7465265097E+00,    5.7465265097E+00,    0.0000000000E+00,    0.0000000000E+00,    0.0000000000E+00,    5.7465265097E+00
     22650,      0.676916,CP5_after_vdif,   1,    0.0000000000E+00,    5.7465265097E+00,    5.7465265097E+00,    0.0000000000E+00,    0.0000000000E+00,    0.0000000000E+00,    5.7465265097E+00
     22650,      0.676916,CP6_after_kinetics,   1,    0.0000000000E+00,    5.7465265097E+00,    5.7465265097E+00,    0.0000000000E+00,    0.0000000000E+00,    0.0000000000E+00,    5.7465265097E+00
     22650,      0.676916,CP7_after_upper_clamp,   1,    0.0000000000E+00,    5.7465265097E+00,    5.7465265097E+00,    0.0000000000E+00,    0.0000000000E+00,    0.0000000000E+00,    5.7465265097E+00
     22650,      0.676916,CP8_after_OBC,   1,    0.0000000000E+00,    5.7465265097E+00,    5.7465265097E+00,    0.0000000000E+00,    0.0000000000E+00,    0.0000000000E+00,    5.7465265097E+00
     22650,      0.676916,CP9_after_PTsource,   1,    0.0000000000E+00,    5.7465265097E+00,    5.7465265097E+00,    0.0000000000E+00,    0.0000000000E+00,    0.0000000000E+00,    5.7465265097E+00
     22650,      0.676916,CP10_after_neg_clamp,   1,    0.0000000000E+00,    5.7465265097E+00,    5.7465265097E+00,    0.0000000000E+00,    0.0000000000E+00,    0.0000000000E+00,    5.7465265097E+00
     22650,      0.676916,CP11_after_MPI,   1,    0.0000000000E+00,    5.7465265097E+00,    5.7465265097E+00,    0.0000000000E+00,    0.0000000000E+00,    0.0000000000E+00,    5.7465265097E+00
     22650,      0.676916,CP12_end,   1,    0.0000000000E+00,    5.7465265097E+00,    5.7465265097E+00,    0.0000000000E+00,    0.0000000000E+00,    0.0000000000E+00,    5.7465265097E+00
     22700,      0.676916,CP0_start,   1,    0.0000000000E+00,    5.7709609462E+00,    5.7709609462E+00,    0.0000000000E+00,    0.0000000000E+00,    0.0000000000E+00,    5.7709609462E+00
     22700,      0.676916,CP1_after_deposition,   1,    0.0000000000E+00,    5.7709609462E+00,    5.7709609462E+00,    0.0000000000E+00,    0.0000000000E+00,    0.0000000000E+00,    5.7709609462E+00
     22700,      0.676916,CP2_after_erosion,   1,    0.0000000000E+00,    5.7709609462E+00,    5.7709609462E+00,    0.0000000000E+00,    0.0000000000E+00,    0.0000000000E+00,    5.7709609462E+00
     22700,      0.676916,CP3_after_update_bottom,   1,    0.0000000000E+00,    5.7709609462E+00,    5.7709609462E+00,    0.0000000000E+00,    0.0000000000E+00,    0.0000000000E+00,    5.7709609462E+00
     22700,      0.676916,CP4_after_advection,   1,    0.0000000000E+00,    5.7714055284E+00,    5.7714055284E+00,    0.0000000000E+00,    0.0000000000E+00,    0.0000000000E+00,    5.7714055284E+00
     22700,      0.676916,CP5_after_vdif,   1,    0.0000000000E+00,    5.7714055284E+00,    5.7714055284E+00,    0.0000000000E+00,    0.0000000000E+00,    0.0000000000E+00,    5.7714055284E+00
     22700,      0.676916,CP6_after_kinetics,   1,    0.0000000000E+00,    5.7714055284E+00,    5.7714055284E+00,    0.0000000000E+00,    0.0000000000E+00,    0.0000000000E+00,    5.7714055284E+00
     22700,      0.676916,CP7_after_upper_clamp,   1,    0.0000000000E+00,    5.7714055284E+00,    5.7714055284E+00,    0.0000000000E+00,    0.0000000000E+00,    0.0000000000E+00,    5.7714055284E+00
     22700,      0.676916,CP8_after_OBC,   1,    0.0000000000E+00,    5.7714055284E+00,    5.7714055284E+00,    0.0000000000E+00,    0.0000000000E+00,    0.0000000000E+00,    5.7714055284E+00
     22700,      0.676916,CP9_after_PTsource,   1,    0.0000000000E+00,    5.7714055284E+00,    5.7714055284E+00,    0.0000000000E+00,    0.0000000000E+00,    0.0000000000E+00,    5.7714055284E+00
     22700,      0.676916,CP10_after_neg_clamp,   1,    0.0000000000E+00,    5.7714055284E+00,    5.7714055284E+00,    0.0000000000E+00,    0.0000000000E+00,    0.0000000000E+00,    5.7714055284E+00
     22700,      0.676916,CP11_after_MPI,   1,    0.0000000000E+00,    5.7714055284E+00,    5.7714055284E+00,    0.0000000000E+00,    0.0000000000E+00,    0.0000000000E+00,    5.7714055284E+00
     22700,      0.676916,CP12_end,   1,    0.0000000000E+00,    5.7714055284E+00,    5.7714055284E+00,    0.0000000000E+00,    0.0000000000E+00,    0.0000000000E+00,    5.7714055284E+00
     22750,      0.676916,CP0_start,   1,    0.0000000000E+00,    5.7958894800E+00,    5.7958894800E+00,    0.0000000000E+00,    0.0000000000E+00,    0.0000000000E+00,    5.7958894800E+00
     22750,      0.676916,CP1_after_deposition,   1,    0.0000000000E+00,    5.7958894800E+00,    5.7958894800E+00,    0.0000000000E+00,    0.0000000000E+00,    0.0000000000E+00,    5.7958894800E+00
     22750,      0.676916,CP2_after_erosion,   1,    0.0000000000E+00,    5.7958894800E+00,    5.7958894800E+00,    0.0000000000E+00,    0.0000000000E+00,    0.0000000000E+00,    5.7958894800E+00
     22750,      0.676916,CP3_after_update_bottom,   1,    0.0000000000E+00,    5.7958894800E+00,    5.7958894800E+00,    0.0000000000E+00,    0.0000000000E+00,    0.0000000000E+00,    5.7958894800E+00
     22750,      0.676916,CP4_after_advection,   1,    0.0000000000E+00,    5.7963328858E+00,    5.7963328858E+00,    0.0000000000E+00,    0.0000000000E+00,    0.0000000000E+00,    5.7963328858E+00
     22750,      0.676916,CP5_after_vdif,   1,    0.0000000000E+00,    5.7963328858E+00,    5.7963328858E+00,    0.0000000000E+00,    0.0000000000E+00,    0.0000000000E+00,    5.7963328858E+00
     22750,      0.676916,CP6_after_kinetics,   1,    0.0000000000E+00,    5.7963328858E+00,    5.7963328858E+00,    0.0000000000E+00,    0.0000000000E+00,    0.0000000000E+00,    5.7963328858E+00
     22750,      0.676916,CP7_after_upper_clamp,   1,    0.0000000000E+00,    5.7963328858E+00,    5.7963328858E+00,    0.0000000000E+00,    0.0000000000E+00,    0.0000000000E+00,    5.7963328858E+00
     22750,      0.676916,CP8_after_OBC,   1,    0.0000000000E+00,    5.7963328858E+00,    5.7963328858E+00,    0.0000000000E+00,    0.0000000000E+00,    0.0000000000E+00,    5.7963328858E+00
     22750,      0.676916,CP9_after_PTsource,   1,    0.0000000000E+00,    5.7963328858E+00,    5.7963328858E+00,    0.0000000000E+00,    0.0000000000E+00,    0.0000000000E+00,    5.7963328858E+00
     22750,      0.676916,CP10_after_neg_clamp,   1,    0.0000000000E+00,    5.7963328858E+00,    5.7963328858E+00,    0.0000000000E+00,    0.0000000000E+00,    0.0000000000E+00,    5.7963328858E+00
     22750,      0.676916,CP11_after_MPI,   1,    0.0000000000E+00,    5.7963328858E+00,    5.7963328858E+00,    0.0000000000E+00,    0.0000000000E+00,    0.0000000000E+00,    5.7963328858E+00
     22750,      0.676916,CP12_end,   1,    0.0000000000E+00,    5.7963328858E+00,    5.7963328858E+00,    0.0000000000E+00,    0.0000000000E+00,    0.0000000000E+00,    5.7963328858E+00
     22800,      0.676916,CP0_start,   1,    0.0000000000E+00,    5.8208732254E+00,    5.8208732254E+00,    0.0000000000E+00,    0.0000000000E+00,    0.0000000000E+00,    5.8208732254E+00
     22800,      0.676916,CP1_after_deposition,   1,    0.0000000000E+00,    5.8208732254E+00,    5.8208732254E+00,    0.0000000000E+00,    0.0000000000E+00,    0.0000000000E+00,    5.8208732254E+00
     22800,      0.676916,CP2_after_erosion,   1,    0.0000000000E+00,    5.8208732254E+00,    5.8208732254E+00,    0.0000000000E+00,    0.0000000000E+00,    0.0000000000E+00,    5.8208732254E+00
     22800,      0.676916,CP3_after_update_bottom,   1,    0.0000000000E+00,    5.8208732254E+00,    5.8208732254E+00,    0.0000000000E+00,    0.0000000000E+00,    0.0000000000E+00,    5.8208732254E+00
     22800,      0.676916,CP4_after_advection,   1,    0.0000000000E+00,    5.8213142720E+00,    5.8213142720E+00,    0.0000000000E+00,    0.0000000000E+00,    0.0000000000E+00,    5.8213142720E+00
     22800,      0.676916,CP5_after_vdif,   1,    0.0000000000E+00,    5.8213142720E+00,    5.8213142720E+00,    0.0000000000E+00,    0.0000000000E+00,    0.0000000000E+00,    5.8213142720E+00
     22800,      0.676916,CP6_after_kinetics,   1,    0.0000000000E+00,    5.8213142720E+00,    5.8213142720E+00,    0.0000000000E+00,    0.0000000000E+00,    0.0000000000E+00,    5.8213142720E+00
     22800,      0.676916,CP7_after_upper_clamp,   1,    0.0000000000E+00,    5.8213142720E+00,    5.8213142720E+00,    0.0000000000E+00,    0.0000000000E+00,    0.0000000000E+00,    5.8213142720E+00
     22800,      0.676916,CP8_after_OBC,   1,    0.0000000000E+00,    5.8213142720E+00,    5.8213142720E+00,    0.0000000000E+00,    0.0000000000E+00,    0.0000000000E+00,    5.8213142720E+00
     22800,      0.676916,CP9_after_PTsource,   1,    0.0000000000E+00,    5.8213142720E+00,    5.8213142720E+00,    0.0000000000E+00,    0.0000000000E+00,    0.0000000000E+00,    5.8213142720E+00
     22800,      0.676916,CP10_after_neg_clamp,   1,    0.0000000000E+00,    5.8213142720E+00,    5.8213142720E+00,    0.0000000000E+00,    0.0000000000E+00,    0.0000000000E+00,    5.8213142720E+00
     22800,      0.676916,CP11_after_MPI,   1,    0.0000000000E+00,    5.8213142720E+00,    5.8213142720E+00,    0.0000000000E+00,    0.0000000000E+00,    0.0000000000E+00,    5.8213142720E+00
     22800,      0.676916,CP12_end,   1,    0.0000000000E+00,    5.8213142720E+00,    5.8213142720E+00,    0.0000000000E+00,    0.0000000000E+00,    0.0000000000E+00,    5.8213142720E+00
     22850,      0.676916,CP0_start,   1,    0.0000000000E+00,    5.8459082411E+00,    5.8459082411E+00,    0.0000000000E+00,    0.0000000000E+00,    0.0000000000E+00,    5.8459082411E+00
     22850,      0.676916,CP1_after_deposition,   1,    0.0000000000E+00,    5.8459082411E+00,    5.8459082411E+00,    0.0000000000E+00,    0.0000000000E+00,    0.0000000000E+00,    5.8459082411E+00
     22850,      0.676916,CP2_after_erosion,   1,    0.0000000000E+00,    5.8459082411E+00,    5.8459082411E+00,    0.0000000000E+00,    0.0000000000E+00,    0.0000000000E+00,    5.8459082411E+00
     22850,      0.676916,CP3_after_update_bottom,   1,    0.0000000000E+00,    5.8459082411E+00,    5.8459082411E+00,    0.0000000000E+00,    0.0000000000E+00,    0.0000000000E+00,    5.8459082411E+00
     22850,      0.676916,CP4_after_advection,   1,    0.0000000000E+00,    5.8463469183E+00,    5.8463469183E+00,    0.0000000000E+00,    0.0000000000E+00,    0.0000000000E+00,    5.8463469183E+00
     22850,      0.676916,CP5_after_vdif,   1,    0.0000000000E+00,    5.8463469183E+00,    5.8463469183E+00,    0.0000000000E+00,    0.0000000000E+00,    0.0000000000E+00,    5.8463469183E+00
     22850,      0.676916,CP6_after_kinetics,   1,    0.0000000000E+00,    5.8463469183E+00,    5.8463469183E+00,    0.0000000000E+00,    0.0000000000E+00,    0.0000000000E+00,    5.8463469183E+00
     22850,      0.676916,CP7_after_upper_clamp,   1,    0.0000000000E+00,    5.8463469183E+00,    5.8463469183E+00,    0.0000000000E+00,    0.0000000000E+00,    0.0000000000E+00,    5.8463469183E+00
     22850,      0.676916,CP8_after_OBC,   1,    0.0000000000E+00,    5.8463469183E+00,    5.8463469183E+00,    0.0000000000E+00,    0.0000000000E+00,    0.0000000000E+00,    5.8463469183E+00
     22850,      0.676916,CP9_after_PTsource,   1,    0.0000000000E+00,    5.8463469183E+00,    5.8463469183E+00,    0.0000000000E+00,    0.0000000000E+00,    0.0000000000E+00,    5.8463469183E+00
     22850,      0.676916,CP10_after_neg_clamp,   1,    0.0000000000E+00,    5.8463469183E+00,    5.8463469183E+00,    0.0000000000E+00,    0.0000000000E+00,    0.0000000000E+00,    5.8463469183E+00
     22850,      0.676916,CP11_after_MPI,   1,    0.0000000000E+00,    5.8463469183E+00,    5.8463469183E+00,    0.0000000000E+00,    0.0000000000E+00,    0.0000000000E+00,    5.8463469183E+00
     22850,      0.676916,CP12_end,   1,    0.0000000000E+00,    5.8463469183E+00,    5.8463469183E+00,    0.0000000000E+00,    0.0000000000E+00,    0.0000000000E+00,    5.8463469183E+00
     22900,      0.676916,CP0_start,   1,    0.0000000000E+00,    5.8709975332E+00,    5.8709975332E+00,    0.0000000000E+00,    0.0000000000E+00,    0.0000000000E+00,    5.8709975332E+00
     22900,      0.676916,CP1_after_deposition,   1,    0.0000000000E+00,    5.8709975332E+00,    5.8709975332E+00,    0.0000000000E+00,    0.0000000000E+00,    0.0000000000E+00,    5.8709975332E+00
     22900,      0.676916,CP2_after_erosion,   1,    0.0000000000E+00,    5.8709975332E+00,    5.8709975332E+00,    0.0000000000E+00,    0.0000000000E+00,    0.0000000000E+00,    5.8709975332E+00
     22900,      0.676916,CP3_after_update_bottom,   1,    0.0000000000E+00,    5.8709975332E+00,    5.8709975332E+00,    0.0000000000E+00,    0.0000000000E+00,    0.0000000000E+00,    5.8709975332E+00
     22900,      0.676916,CP4_after_advection,   1,    0.0000000000E+00,    5.8714332934E+00,    5.8714332934E+00,    0.0000000000E+00,    0.0000000000E+00,    0.0000000000E+00,    5.8714332934E+00
     22900,      0.676916,CP5_after_vdif,   1,    0.0000000000E+00,    5.8714332934E+00,    5.8714332934E+00,    0.0000000000E+00,    0.0000000000E+00,    0.0000000000E+00,    5.8714332934E+00
     22900,      0.676916,CP6_after_kinetics,   1,    0.0000000000E+00,    5.8714332934E+00,    5.8714332934E+00,    0.0000000000E+00,    0.0000000000E+00,    0.0000000000E+00,    5.8714332934E+00
     22900,      0.676916,CP7_after_upper_clamp,   1,    0.0000000000E+00,    5.8714332934E+00,    5.8714332934E+00,    0.0000000000E+00,    0.0000000000E+00,    0.0000000000E+00,    5.8714332934E+00
     22900,      0.676916,CP8_after_OBC,   1,    0.0000000000E+00,    5.8714332934E+00,    5.8714332934E+00,    0.0000000000E+00,    0.0000000000E+00,    0.0000000000E+00,    5.8714332934E+00
     22900,      0.676916,CP9_after_PTsource,   1,    0.0000000000E+00,    5.8714332934E+00,    5.8714332934E+00,    0.0000000000E+00,    0.0000000000E+00,    0.0000000000E+00,    5.8714332934E+00
     22900,      0.676916,CP10_after_neg_clamp,   1,    0.0000000000E+00,    5.8714332934E+00,    5.8714332934E+00,    0.0000000000E+00,    0.0000000000E+00,    0.0000000000E+00,    5.8714332934E+00
     22900,      0.676916,CP11_after_MPI,   1,    0.0000000000E+00,    5.8714332934E+00,    5.8714332934E+00,    0.0000000000E+00,    0.0000000000E+00,    0.0000000000E+00,    5.8714332934E+00
     22900,      0.676916,CP12_end,   1,    0.0000000000E+00,    5.8714332934E+00,    5.8714332934E+00,    0.0000000000E+00,    0.0000000000E+00,    0.0000000000E+00,    5.8714332934E+00
     22950,      0.676916,CP0_start,   1,    0.0000000000E+00,    5.8961408204E+00,    5.8961408204E+00,    0.0000000000E+00,    0.0000000000E+00,    0.0000000000E+00,    5.8961408204E+00
     22950,      0.676916,CP1_after_deposition,   1,    0.0000000000E+00,    5.8961408204E+00,    5.8961408204E+00,    0.0000000000E+00,    0.0000000000E+00,    0.0000000000E+00,    5.8961408204E+00
     22950,      0.676916,CP2_after_erosion,   1,    0.0000000000E+00,    5.8961408204E+00,    5.8961408204E+00,    0.0000000000E+00,    0.0000000000E+00,    0.0000000000E+00,    5.8961408204E+00
     22950,      0.676916,CP3_after_update_bottom,   1,    0.0000000000E+00,    5.8961408204E+00,    5.8961408204E+00,    0.0000000000E+00,    0.0000000000E+00,    0.0000000000E+00,    5.8961408204E+00
     22950,      0.676916,CP4_after_advection,   1,    0.0000000000E+00,    5.8965731854E+00,    5.8965731854E+00,    0.0000000000E+00,    0.0000000000E+00,    0.0000000000E+00,    5.8965731854E+00
     22950,      0.676916,CP5_after_vdif,   1,    0.0000000000E+00,    5.8965731854E+00,    5.8965731854E+00,    0.0000000000E+00,    0.0000000000E+00,    0.0000000000E+00,    5.8965731854E+00
     22950,      0.676916,CP6_after_kinetics,   1,    0.0000000000E+00,    5.8965731854E+00,    5.8965731854E+00,    0.0000000000E+00,    0.0000000000E+00,    0.0000000000E+00,    5.8965731854E+00
     22950,      0.676916,CP7_after_upper_clamp,   1,    0.0000000000E+00,    5.8965731854E+00,    5.8965731854E+00,    0.0000000000E+00,    0.0000000000E+00,    0.0000000000E+00,    5.8965731854E+00
     22950,      0.676916,CP8_after_OBC,   1,    0.0000000000E+00,    5.8965731854E+00,    5.8965731854E+00,    0.0000000000E+00,    0.0000000000E+00,    0.0000000000E+00,    5.8965731854E+00
     22950,      0.676916,CP9_after_PTsource,   1,    0.0000000000E+00,    5.8965731854E+00,    5.8965731854E+00,    0.0000000000E+00,    0.0000000000E+00,    0.0000000000E+00,    5.8965731854E+00
     22950,      0.676916,CP10_after_neg_clamp,   1,    0.0000000000E+00,    5.8965731854E+00,    5.8965731854E+00,    0.0000000000E+00,    0.0000000000E+00,    0.0000000000E+00,    5.8965731854E+00
     22950,      0.676916,CP11_after_MPI,   1,    0.0000000000E+00,    5.8965731854E+00,    5.8965731854E+00,    0.0000000000E+00,    0.0000000000E+00,    0.0000000000E+00,    5.8965731854E+00
     22950,      0.676916,CP12_end,   1,    0.0000000000E+00,    5.8965731854E+00,    5.8965731854E+00,    0.0000000000E+00,    0.0000000000E+00,    0.0000000000E+00,    5.8965731854E+00
     23000,      0.676916,CP0_start,   1,    0.0000000000E+00,    5.9213353350E+00,    5.9213353350E+00,    0.0000000000E+00,    0.0000000000E+00,    0.0000000000E+00,    5.9213353350E+00
     23000,      0.676916,CP1_after_deposition,   1,    0.0000000000E+00,    5.9213353350E+00,    5.9213353350E+00,    0.0000000000E+00,    0.0000000000E+00,    0.0000000000E+00,    5.9213353350E+00
     23000,      0.676916,CP2_after_erosion,   1,    0.0000000000E+00,    5.9213353350E+00,    5.9213353350E+00,    0.0000000000E+00,    0.0000000000E+00,    0.0000000000E+00,    5.9213353350E+00
     23000,      0.676916,CP3_after_update_bottom,   1,    0.0000000000E+00,    5.9213353350E+00,    5.9213353350E+00,    0.0000000000E+00,    0.0000000000E+00,    0.0000000000E+00,    5.9213353350E+00
     23000,      0.676916,CP4_after_advection,   1,    0.0000000000E+00,    5.9217646490E+00,    5.9217646490E+00,    0.0000000000E+00,    0.0000000000E+00,    0.0000000000E+00,    5.9217646490E+00
     23000,      0.676916,CP5_after_vdif,   1,    0.0000000000E+00,    5.9217646490E+00,    5.9217646490E+00,    0.0000000000E+00,    0.0000000000E+00,    0.0000000000E+00,    5.9217646490E+00
     23000,      0.676916,CP6_after_kinetics,   1,    0.0000000000E+00,    5.9217646490E+00,    5.9217646490E+00,    0.0000000000E+00,    0.0000000000E+00,    0.0000000000E+00,    5.9217646490E+00
     23000,      0.676916,CP7_after_upper_clamp,   1,    0.0000000000E+00,    5.9217646490E+00,    5.9217646490E+00,    0.0000000000E+00,    0.0000000000E+00,    0.0000000000E+00,    5.9217646490E+00
     23000,      0.676916,CP8_after_OBC,   1,    0.0000000000E+00,    5.9217646490E+00,    5.9217646490E+00,    0.0000000000E+00,    0.0000000000E+00,    0.0000000000E+00,    5.9217646490E+00
     23000,      0.676916,CP9_after_PTsource,   1,    0.0000000000E+00,    5.9217646490E+00,    5.9217646490E+00,    0.0000000000E+00,    0.0000000000E+00,    0.0000000000E+00,    5.9217646490E+00
     23000,      0.676916,CP10_after_neg_clamp,   1,    0.0000000000E+00,    5.9217646490E+00,    5.9217646490E+00,    0.0000000000E+00,    0.0000000000E+00,    0.0000000000E+00,    5.9217646490E+00
     23000,      0.676916,CP11_after_MPI,   1,    0.0000000000E+00,    5.9217646490E+00,    5.9217646490E+00,    0.0000000000E+00,    0.0000000000E+00,    0.0000000000E+00,    5.9217646490E+00
     23000,      0.676916,CP12_end,   1,    0.0000000000E+00,    5.9217646490E+00,    5.9217646490E+00,    0.0000000000E+00,    0.0000000000E+00,    0.0000000000E+00,    5.9217646490E+00
     23050,      0.676916,CP0_start,   1,    0.0000000000E+00,    5.9465830781E+00,    5.9465830781E+00,    0.0000000000E+00,    0.0000000000E+00,    0.0000000000E+00,    5.9465830781E+00
     23050,      0.676916,CP1_after_deposition,   1,    0.0000000000E+00,    5.9465830781E+00,    5.9465830781E+00,    0.0000000000E+00,    0.0000000000E+00,    0.0000000000E+00,    5.9465830781E+00
     23050,      0.676916,CP2_after_erosion,   1,    0.0000000000E+00,    5.9465830781E+00,    5.9465830781E+00,    0.0000000000E+00,    0.0000000000E+00,    0.0000000000E+00,    5.9465830781E+00
     23050,      0.676916,CP3_after_update_bottom,   1,    0.0000000000E+00,    5.9465830781E+00,    5.9465830781E+00,    0.0000000000E+00,    0.0000000000E+00,    0.0000000000E+00,    5.9465830781E+00
     23050,      0.676916,CP4_after_advection,   1,    0.0000000000E+00,    5.9470097200E+00,    5.9470097200E+00,    0.0000000000E+00,    0.0000000000E+00,    0.0000000000E+00,    5.9470097200E+00
     23050,      0.676916,CP5_after_vdif,   1,    0.0000000000E+00,    5.9470097200E+00,    5.9470097200E+00,    0.0000000000E+00,    0.0000000000E+00,    0.0000000000E+00,    5.9470097200E+00
     23050,      0.676916,CP6_after_kinetics,   1,    0.0000000000E+00,    5.9470097200E+00,    5.9470097200E+00,    0.0000000000E+00,    0.0000000000E+00,    0.0000000000E+00,    5.9470097200E+00
     23050,      0.676916,CP7_after_upper_clamp,   1,    0.0000000000E+00,    5.9470097200E+00,    5.9470097200E+00,    0.0000000000E+00,    0.0000000000E+00,    0.0000000000E+00,    5.9470097200E+00
     23050,      0.676916,CP8_after_OBC,   1,    0.0000000000E+00,    5.9470097200E+00,    5.9470097200E+00,    0.0000000000E+00,    0.0000000000E+00,    0.0000000000E+00,    5.9470097200E+00
     23050,      0.676916,CP9_after_PTsource,   1,    0.0000000000E+00,    5.9470097200E+00,    5.9470097200E+00,    0.0000000000E+00,    0.0000000000E+00,    0.0000000000E+00,    5.9470097200E+00
     23050,      0.676916,CP10_after_neg_clamp,   1,    0.0000000000E+00,    5.9470097200E+00,    5.9470097200E+00,    0.0000000000E+00,    0.0000000000E+00,    0.0000000000E+00,    5.9470097200E+00
     23050,      0.676916,CP11_after_MPI,   1,    0.0000000000E+00,    5.9470097200E+00,    5.9470097200E+00,    0.0000000000E+00,    0.0000000000E+00,    0.0000000000E+00,    5.9470097200E+00
     23050,      0.676916,CP12_end,   1,    0.0000000000E+00,    5.9470097200E+00,    5.9470097200E+00,    0.0000000000E+00,    0.0000000000E+00,    0.0000000000E+00,    5.9470097200E+00
     23100,      0.676916,CP0_start,   1,    0.0000000000E+00,    5.9718844037E+00,    5.9718844037E+00,    0.0000000000E+00,    0.0000000000E+00,    0.0000000000E+00,    5.9718844037E+00
     23100,      0.676916,CP1_after_deposition,   1,    0.0000000000E+00,    5.9718844037E+00,    5.9718844037E+00,    0.0000000000E+00,    0.0000000000E+00,    0.0000000000E+00,    5.9718844037E+00
     23100,      0.676916,CP2_after_erosion,   1,    0.0000000000E+00,    5.9718844037E+00,    5.9718844037E+00,    0.0000000000E+00,    0.0000000000E+00,    0.0000000000E+00,    5.9718844037E+00
     23100,      0.676916,CP3_after_update_bottom,   1,    0.0000000000E+00,    5.9718844037E+00,    5.9718844037E+00,    0.0000000000E+00,    0.0000000000E+00,    0.0000000000E+00,    5.9718844037E+00
     23100,      0.676916,CP4_after_advection,   1,    0.0000000000E+00,    5.9723091162E+00,    5.9723091162E+00,    0.0000000000E+00,    0.0000000000E+00,    0.0000000000E+00,    5.9723091162E+00
     23100,      0.676916,CP5_after_vdif,   1,    0.0000000000E+00,    5.9723091162E+00,    5.9723091162E+00,    0.0000000000E+00,    0.0000000000E+00,    0.0000000000E+00,    5.9723091162E+00
     23100,      0.676916,CP6_after_kinetics,   1,    0.0000000000E+00,    5.9723091162E+00,    5.9723091162E+00,    0.0000000000E+00,    0.0000000000E+00,    0.0000000000E+00,    5.9723091162E+00
     23100,      0.676916,CP7_after_upper_clamp,   1,    0.0000000000E+00,    5.9723091162E+00,    5.9723091162E+00,    0.0000000000E+00,    0.0000000000E+00,    0.0000000000E+00,    5.9723091162E+00
     23100,      0.676916,CP8_after_OBC,   1,    0.0000000000E+00,    5.9723091162E+00,    5.9723091162E+00,    0.0000000000E+00,    0.0000000000E+00,    0.0000000000E+00,    5.9723091162E+00
     23100,      0.676916,CP9_after_PTsource,   1,    0.0000000000E+00,    5.9723091162E+00,    5.9723091162E+00,    0.0000000000E+00,    0.0000000000E+00,    0.0000000000E+00,    5.9723091162E+00
     23100,      0.676916,CP10_after_neg_clamp,   1,    0.0000000000E+00,    5.9723091162E+00,    5.9723091162E+00,    0.0000000000E+00,    0.0000000000E+00,    0.0000000000E+00,    5.9723091162E+00
     23100,      0.676916,CP11_after_MPI,   1,    0.0000000000E+00,    5.9723091162E+00,    5.9723091162E+00,    0.0000000000E+00,    0.0000000000E+00,    0.0000000000E+00,    5.9723091162E+00
     23100,      0.676916,CP12_end,   1,    0.0000000000E+00,    5.9723091162E+00,    5.9723091162E+00,    0.0000000000E+00,    0.0000000000E+00,    0.0000000000E+00,    5.9723091162E+00
     23150,      0.676916,CP0_start,   1,    0.0000000000E+00,    5.9972389548E+00,    5.9972389548E+00,    0.0000000000E+00,    0.0000000000E+00,    0.0000000000E+00,    5.9972389548E+00
     23150,      0.676916,CP1_after_deposition,   1,    0.0000000000E+00,    5.9972389548E+00,    5.9972389548E+00,    0.0000000000E+00,    0.0000000000E+00,    0.0000000000E+00,    5.9972389548E+00
     23150,      0.676916,CP2_after_erosion,   1,    0.0000000000E+00,    5.9972389548E+00,    5.9972389548E+00,    0.0000000000E+00,    0.0000000000E+00,    0.0000000000E+00,    5.9972389548E+00
     23150,      0.676916,CP3_after_update_bottom,   1,    0.0000000000E+00,    5.9972389548E+00,    5.9972389548E+00,    0.0000000000E+00,    0.0000000000E+00,    0.0000000000E+00,    5.9972389548E+00
     23150,      0.676916,CP4_after_advection,   1,    0.0000000000E+00,    5.9976613914E+00,    5.9976613914E+00,    0.0000000000E+00,    0.0000000000E+00,    0.0000000000E+00,    5.9976613914E+00
     23150,      0.676916,CP5_after_vdif,   1,    0.0000000000E+00,    5.9976613914E+00,    5.9976613914E+00,    0.0000000000E+00,    0.0000000000E+00,    0.0000000000E+00,    5.9976613914E+00
     23150,      0.676916,CP6_after_kinetics,   1,    0.0000000000E+00,    5.9976613914E+00,    5.9976613914E+00,    0.0000000000E+00,    0.0000000000E+00,    0.0000000000E+00,    5.9976613914E+00
     23150,      0.676916,CP7_after_upper_clamp,   1,    0.0000000000E+00,    5.9976613914E+00,    5.9976613914E+00,    0.0000000000E+00,    0.0000000000E+00,    0.0000000000E+00,    5.9976613914E+00
     23150,      0.676916,CP8_after_OBC,   1,    0.0000000000E+00,    5.9976613914E+00,    5.9976613914E+00,    0.0000000000E+00,    0.0000000000E+00,    0.0000000000E+00,    5.9976613914E+00
     23150,      0.676916,CP9_after_PTsource,   1,    0.0000000000E+00,    5.9976613914E+00,    5.9976613914E+00,    0.0000000000E+00,    0.0000000000E+00,    0.0000000000E+00,    5.9976613914E+00
     23150,      0.676916,CP10_after_neg_clamp,   1,    0.0000000000E+00,    5.9976613914E+00,    5.9976613914E+00,    0.0000000000E+00,    0.0000000000E+00,    0.0000000000E+00,    5.9976613914E+00
     23150,      0.676916,CP11_after_MPI,   1,    0.0000000000E+00,    5.9976613914E+00,    5.9976613914E+00,    0.0000000000E+00,    0.0000000000E+00,    0.0000000000E+00,    5.9976613914E+00
     23150,      0.676916,CP12_end,   1,    0.0000000000E+00,    5.9976613914E+00,    5.9976613914E+00,    0.0000000000E+00,    0.0000000000E+00,    0.0000000000E+00,    5.9976613914E+00
     23200,      0.676916,CP0_start,   1,    0.0000000000E+00,    6.0226483220E+00,    6.0226483220E+00,    0.0000000000E+00,    0.0000000000E+00,    0.0000000000E+00,    6.0226483220E+00
     23200,      0.676916,CP1_after_deposition,   1,    0.0000000000E+00,    6.0226483220E+00,    6.0226483220E+00,    0.0000000000E+00,    0.0000000000E+00,    0.0000000000E+00,    6.0226483220E+00
     23200,      0.676916,CP2_after_erosion,   1,    0.0000000000E+00,    6.0226483220E+00,    6.0226483220E+00,    0.0000000000E+00,    0.0000000000E+00,    0.0000000000E+00,    6.0226483220E+00
     23200,      0.676916,CP3_after_update_bottom,   1,    0.0000000000E+00,    6.0226483220E+00,    6.0226483220E+00,    0.0000000000E+00,    0.0000000000E+00,    0.0000000000E+00,    6.0226483220E+00
     23200,      0.676916,CP4_after_advection,   1,    0.0000000000E+00,    6.0230677715E+00,    6.0230677715E+00,    0.0000000000E+00,    0.0000000000E+00,    0.0000000000E+00,    6.0230677715E+00
     23200,      0.676916,CP5_after_vdif,   1,    0.0000000000E+00,    6.0230677715E+00,    6.0230677715E+00,    0.0000000000E+00,    0.0000000000E+00,    0.0000000000E+00,    6.0230677715E+00
     23200,      0.676916,CP6_after_kinetics,   1,    0.0000000000E+00,    6.0230677715E+00,    6.0230677715E+00,    0.0000000000E+00,    0.0000000000E+00,    0.0000000000E+00,    6.0230677715E+00
     23200,      0.676916,CP7_after_upper_clamp,   1,    0.0000000000E+00,    6.0230677715E+00,    6.0230677715E+00,    0.0000000000E+00,    0.0000000000E+00,    0.0000000000E+00,    6.0230677715E+00
     23200,      0.676916,CP8_after_OBC,   1,    0.0000000000E+00,    6.0230677715E+00,    6.0230677715E+00,    0.0000000000E+00,    0.0000000000E+00,    0.0000000000E+00,    6.0230677715E+00
     23200,      0.676916,CP9_after_PTsource,   1,    0.0000000000E+00,    6.0230677715E+00,    6.0230677715E+00,    0.0000000000E+00,    0.0000000000E+00,    0.0000000000E+00,    6.0230677715E+00
     23200,      0.676916,CP10_after_neg_clamp,   1,    0.0000000000E+00,    6.0230677715E+00,    6.0230677715E+00,    0.0000000000E+00,    0.0000000000E+00,    0.0000000000E+00,    6.0230677715E+00
     23200,      0.676916,CP11_after_MPI,   1,    0.0000000000E+00,    6.0230677715E+00,    6.0230677715E+00,    0.0000000000E+00,    0.0000000000E+00,    0.0000000000E+00,    6.0230677715E+00
     23200,      0.676916,CP12_end,   1,    0.0000000000E+00,    6.0230677715E+00,    6.0230677715E+00,    0.0000000000E+00,    0.0000000000E+00,    0.0000000000E+00,    6.0230677715E+00
     23250,      0.676916,CP0_start,   1,    0.0000000000E+00,    6.0481122377E+00,    6.0481122377E+00,    0.0000000000E+00,    0.0000000000E+00,    0.0000000000E+00,    6.0481122377E+00
     23250,      0.676916,CP1_after_deposition,   1,    0.0000000000E+00,    6.0481122377E+00,    6.0481122377E+00,    0.0000000000E+00,    0.0000000000E+00,    0.0000000000E+00,    6.0481122377E+00
     23250,      0.676916,CP2_after_erosion,   1,    0.0000000000E+00,    6.0481122377E+00,    6.0481122377E+00,    0.0000000000E+00,    0.0000000000E+00,    0.0000000000E+00,    6.0481122377E+00
     23250,      0.676916,CP3_after_update_bottom,   1,    0.0000000000E+00,    6.0481122377E+00,    6.0481122377E+00,    0.0000000000E+00,    0.0000000000E+00,    0.0000000000E+00,    6.0481122377E+00
     23250,      0.676916,CP4_after_advection,   1,    0.0000000000E+00,    6.0485292658E+00,    6.0485292658E+00,    0.0000000000E+00,    0.0000000000E+00,    0.0000000000E+00,    6.0485292658E+00
     23250,      0.676916,CP5_after_vdif,   1,    0.0000000000E+00,    6.0485292658E+00,    6.0485292658E+00,    0.0000000000E+00,    0.0000000000E+00,    0.0000000000E+00,    6.0485292658E+00
     23250,      0.676916,CP6_after_kinetics,   1,    0.0000000000E+00,    6.0485292658E+00,    6.0485292658E+00,    0.0000000000E+00,    0.0000000000E+00,    0.0000000000E+00,    6.0485292658E+00
     23250,      0.676916,CP7_after_upper_clamp,   1,    0.0000000000E+00,    6.0485292658E+00,    6.0485292658E+00,    0.0000000000E+00,    0.0000000000E+00,    0.0000000000E+00,    6.0485292658E+00
     23250,      0.676916,CP8_after_OBC,   1,    0.0000000000E+00,    6.0485292658E+00,    6.0485292658E+00,    0.0000000000E+00,    0.0000000000E+00,    0.0000000000E+00,    6.0485292658E+00
     23250,      0.676916,CP9_after_PTsource,   1,    0.0000000000E+00,    6.0485292658E+00,    6.0485292658E+00,    0.0000000000E+00,    0.0000000000E+00,    0.0000000000E+00,    6.0485292658E+00
     23250,      0.676916,CP10_after_neg_clamp,   1,    0.0000000000E+00,    6.0485292658E+00,    6.0485292658E+00,    0.0000000000E+00,    0.0000000000E+00,    0.0000000000E+00,    6.0485292658E+00
     23250,      0.676916,CP11_after_MPI,   1,    0.0000000000E+00,    6.0485292658E+00,    6.0485292658E+00,    0.0000000000E+00,    0.0000000000E+00,    0.0000000000E+00,    6.0485292658E+00
     23250,      0.676916,CP12_end,   1,    0.0000000000E+00,    6.0485292658E+00,    6.0485292658E+00,    0.0000000000E+00,    0.0000000000E+00,    0.0000000000E+00,    6.0485292658E+00
     23300,      0.676916,CP0_start,   1,    0.0000000000E+00,    6.0736281807E+00,    6.0736281807E+00,    0.0000000000E+00,    0.0000000000E+00,    0.0000000000E+00,    6.0736281807E+00
     23300,      0.676916,CP1_after_deposition,   1,    0.0000000000E+00,    6.0736281807E+00,    6.0736281807E+00,    0.0000000000E+00,    0.0000000000E+00,    0.0000000000E+00,    6.0736281807E+00
     23300,      0.676916,CP2_after_erosion,   1,    0.0000000000E+00,    6.0736281807E+00,    6.0736281807E+00,    0.0000000000E+00,    0.0000000000E+00,    0.0000000000E+00,    6.0736281807E+00
     23300,      0.676916,CP3_after_update_bottom,   1,    0.0000000000E+00,    6.0736281807E+00,    6.0736281807E+00,    0.0000000000E+00,    0.0000000000E+00,    0.0000000000E+00,    6.0736281807E+00
     23300,      0.676916,CP4_after_advection,   1,    0.0000000000E+00,    6.0740429013E+00,    6.0740429013E+00,    0.0000000000E+00,    0.0000000000E+00,    0.0000000000E+00,    6.0740429013E+00
     23300,      0.676916,CP5_after_vdif,   1,    0.0000000000E+00,    6.0740429013E+00,    6.0740429013E+00,    0.0000000000E+00,    0.0000000000E+00,    0.0000000000E+00,    6.0740429013E+00
     23300,      0.676916,CP6_after_kinetics,   1,    0.0000000000E+00,    6.0740429013E+00,    6.0740429013E+00,    0.0000000000E+00,    0.0000000000E+00,    0.0000000000E+00,    6.0740429013E+00
     23300,      0.676916,CP7_after_upper_clamp,   1,    0.0000000000E+00,    6.0740429013E+00,    6.0740429013E+00,    0.0000000000E+00,    0.0000000000E+00,    0.0000000000E+00,    6.0740429013E+00
     23300,      0.676916,CP8_after_OBC,   1,    0.0000000000E+00,    6.0740429013E+00,    6.0740429013E+00,    0.0000000000E+00,    0.0000000000E+00,    0.0000000000E+00,    6.0740429013E+00
     23300,      0.676916,CP9_after_PTsource,   1,    0.0000000000E+00,    6.0740429013E+00,    6.0740429013E+00,    0.0000000000E+00,    0.0000000000E+00,    0.0000000000E+00,    6.0740429013E+00
     23300,      0.676916,CP10_after_neg_clamp,   1,    0.0000000000E+00,    6.0740429013E+00,    6.0740429013E+00,    0.0000000000E+00,    0.0000000000E+00,    0.0000000000E+00,    6.0740429013E+00
     23300,      0.676916,CP11_after_MPI,   1,    0.0000000000E+00,    6.0740429013E+00,    6.0740429013E+00,    0.0000000000E+00,    0.0000000000E+00,    0.0000000000E+00,    6.0740429013E+00
     23300,      0.676916,CP12_end,   1,    0.0000000000E+00,    6.0740429013E+00,    6.0740429013E+00,    0.0000000000E+00,    0.0000000000E+00,    0.0000000000E+00,    6.0740429013E+00
     23350,      0.676916,CP0_start,   1,    0.0000000000E+00,    6.0991983131E+00,    6.0991983131E+00,    0.0000000000E+00,    0.0000000000E+00,    0.0000000000E+00,    6.0991983131E+00
     23350,      0.676916,CP1_after_deposition,   1,    0.0000000000E+00,    6.0991983131E+00,    6.0991983131E+00,    0.0000000000E+00,    0.0000000000E+00,    0.0000000000E+00,    6.0991983131E+00
     23350,      0.676916,CP2_after_erosion,   1,    0.0000000000E+00,    6.0991983131E+00,    6.0991983131E+00,    0.0000000000E+00,    0.0000000000E+00,    0.0000000000E+00,    6.0991983131E+00
     23350,      0.676916,CP3_after_update_bottom,   1,    0.0000000000E+00,    6.0991983131E+00,    6.0991983131E+00,    0.0000000000E+00,    0.0000000000E+00,    0.0000000000E+00,    6.0991983131E+00
     23350,      0.676916,CP4_after_advection,   1,    0.0000000000E+00,    6.0996105905E+00,    6.0996105905E+00,    0.0000000000E+00,    0.0000000000E+00,    0.0000000000E+00,    6.0996105905E+00
     23350,      0.676916,CP5_after_vdif,   1,    0.0000000000E+00,    6.0996105905E+00,    6.0996105905E+00,    0.0000000000E+00,    0.0000000000E+00,    0.0000000000E+00,    6.0996105905E+00
     23350,      0.676916,CP6_after_kinetics,   1,    0.0000000000E+00,    6.0996105905E+00,    6.0996105905E+00,    0.0000000000E+00,    0.0000000000E+00,    0.0000000000E+00,    6.0996105905E+00
     23350,      0.676916,CP7_after_upper_clamp,   1,    0.0000000000E+00,    6.0996105905E+00,    6.0996105905E+00,    0.0000000000E+00,    0.0000000000E+00,    0.0000000000E+00,    6.0996105905E+00
     23350,      0.676916,CP8_after_OBC,   1,    0.0000000000E+00,    6.0996105905E+00,    6.0996105905E+00,    0.0000000000E+00,    0.0000000000E+00,    0.0000000000E+00,    6.0996105905E+00
     23350,      0.676916,CP9_after_PTsource,   1,    0.0000000000E+00,    6.0996105905E+00,    6.0996105905E+00,    0.0000000000E+00,    0.0000000000E+00,    0.0000000000E+00,    6.0996105905E+00
     23350,      0.676916,CP10_after_neg_clamp,   1,    0.0000000000E+00,    6.0996105905E+00,    6.0996105905E+00,    0.0000000000E+00,    0.0000000000E+00,    0.0000000000E+00,    6.0996105905E+00
     23350,      0.676916,CP11_after_MPI,   1,    0.0000000000E+00,    6.0996105905E+00,    6.0996105905E+00,    0.0000000000E+00,    0.0000000000E+00,    0.0000000000E+00,    6.0996105905E+00
     23350,      0.676916,CP12_end,   1,    0.0000000000E+00,    6.0996105905E+00,    6.0996105905E+00,    0.0000000000E+00,    0.0000000000E+00,    0.0000000000E+00,    6.0996105905E+00
     23400,      0.676916,CP0_start,   1,    0.0000000000E+00,    6.1248235097E+00,    6.1248235097E+00,    0.0000000000E+00,    0.0000000000E+00,    0.0000000000E+00,    6.1248235097E+00
     23400,      0.676916,CP1_after_deposition,   1,    0.0000000000E+00,    6.1248235097E+00,    6.1248235097E+00,    0.0000000000E+00,    0.0000000000E+00,    0.0000000000E+00,    6.1248235097E+00
     23400,      0.676916,CP2_after_erosion,   1,    0.0000000000E+00,    6.1248235097E+00,    6.1248235097E+00,    0.0000000000E+00,    0.0000000000E+00,    0.0000000000E+00,    6.1248235097E+00
     23400,      0.676916,CP3_after_update_bottom,   1,    0.0000000000E+00,    6.1248235097E+00,    6.1248235097E+00,    0.0000000000E+00,    0.0000000000E+00,    0.0000000000E+00,    6.1248235097E+00
     23400,      0.676916,CP4_after_advection,   1,    0.0000000000E+00,    6.1252334862E+00,    6.1252334862E+00,    0.0000000000E+00,    0.0000000000E+00,    0.0000000000E+00,    6.1252334862E+00
     23400,      0.676916,CP5_after_vdif,   1,    0.0000000000E+00,    6.1252334862E+00,    6.1252334862E+00,    0.0000000000E+00,    0.0000000000E+00,    0.0000000000E+00,    6.1252334862E+00
     23400,      0.676916,CP6_after_kinetics,   1,    0.0000000000E+00,    6.1252334862E+00,    6.1252334862E+00,    0.0000000000E+00,    0.0000000000E+00,    0.0000000000E+00,    6.1252334862E+00
     23400,      0.676916,CP7_after_upper_clamp,   1,    0.0000000000E+00,    6.1252334862E+00,    6.1252334862E+00,    0.0000000000E+00,    0.0000000000E+00,    0.0000000000E+00,    6.1252334862E+00
     23400,      0.676916,CP8_after_OBC,   1,    0.0000000000E+00,    6.1252334862E+00,    6.1252334862E+00,    0.0000000000E+00,    0.0000000000E+00,    0.0000000000E+00,    6.1252334862E+00
     23400,      0.676916,CP9_after_PTsource,   1,    0.0000000000E+00,    6.1252334862E+00,    6.1252334862E+00,    0.0000000000E+00,    0.0000000000E+00,    0.0000000000E+00,    6.1252334862E+00
     23400,      0.676916,CP10_after_neg_clamp,   1,    0.0000000000E+00,    6.1252334862E+00,    6.1252334862E+00,    0.0000000000E+00,    0.0000000000E+00,    0.0000000000E+00,    6.1252334862E+00
     23400,      0.676916,CP11_after_MPI,   1,    0.0000000000E+00,    6.1252334862E+00,    6.1252334862E+00,    0.0000000000E+00,    0.0000000000E+00,    0.0000000000E+00,    6.1252334862E+00
     23400,      0.676916,CP12_end,   1,    0.0000000000E+00,    6.1252334862E+00,    6.1252334862E+00,    0.0000000000E+00,    0.0000000000E+00,    0.0000000000E+00,    6.1252334862E+00
     23450,      0.676916,CP0_start,   1,    0.0000000000E+00,    6.1504999805E+00,    6.1504999805E+00,    0.0000000000E+00,    0.0000000000E+00,    0.0000000000E+00,    6.1504999805E+00
     23450,      0.676916,CP1_after_deposition,   1,    0.0000000000E+00,    6.1504999805E+00,    6.1504999805E+00,    0.0000000000E+00,    0.0000000000E+00,    0.0000000000E+00,    6.1504999805E+00
     23450,      0.676916,CP2_after_erosion,   1,    0.0000000000E+00,    6.1504999805E+00,    6.1504999805E+00,    0.0000000000E+00,    0.0000000000E+00,    0.0000000000E+00,    6.1504999805E+00
     23450,      0.676916,CP3_after_update_bottom,   1,    0.0000000000E+00,    6.1504999805E+00,    6.1504999805E+00,    0.0000000000E+00,    0.0000000000E+00,    0.0000000000E+00,    6.1504999805E+00
     23450,      0.676916,CP4_after_advection,   1,    0.0000000000E+00,    6.1509069364E+00,    6.1509069364E+00,    0.0000000000E+00,    0.0000000000E+00,    0.0000000000E+00,    6.1509069364E+00
     23450,      0.676916,CP5_after_vdif,   1,    0.0000000000E+00,    6.1509069364E+00,    6.1509069364E+00,    0.0000000000E+00,    0.0000000000E+00,    0.0000000000E+00,    6.1509069364E+00
     23450,      0.676916,CP6_after_kinetics,   1,    0.0000000000E+00,    6.1509069364E+00,    6.1509069364E+00,    0.0000000000E+00,    0.0000000000E+00,    0.0000000000E+00,    6.1509069364E+00
     23450,      0.676916,CP7_after_upper_clamp,   1,    0.0000000000E+00,    6.1509069364E+00,    6.1509069364E+00,    0.0000000000E+00,    0.0000000000E+00,    0.0000000000E+00,    6.1509069364E+00
     23450,      0.676916,CP8_after_OBC,   1,    0.0000000000E+00,    6.1509069364E+00,    6.1509069364E+00,    0.0000000000E+00,    0.0000000000E+00,    0.0000000000E+00,    6.1509069364E+00
     23450,      0.676916,CP9_after_PTsource,   1,    0.0000000000E+00,    6.1509069364E+00,    6.1509069364E+00,    0.0000000000E+00,    0.0000000000E+00,    0.0000000000E+00,    6.1509069364E+00
     23450,      0.676916,CP10_after_neg_clamp,   1,    0.0000000000E+00,    6.1509069364E+00,    6.1509069364E+00,    0.0000000000E+00,    0.0000000000E+00,    0.0000000000E+00,    6.1509069364E+00
     23450,      0.676916,CP11_after_MPI,   1,    0.0000000000E+00,    6.1509069364E+00,    6.1509069364E+00,    0.0000000000E+00,    0.0000000000E+00,    0.0000000000E+00,    6.1509069364E+00
     23450,      0.676916,CP12_end,   1,    0.0000000000E+00,    6.1509069364E+00,    6.1509069364E+00,    0.0000000000E+00,    0.0000000000E+00,    0.0000000000E+00,    6.1509069364E+00
     23500,      0.676916,CP0_start,   1,    0.0000000000E+00,    6.1762302485E+00,    6.1762302485E+00,    0.0000000000E+00,    0.0000000000E+00,    0.0000000000E+00,    6.1762302485E+00
     23500,      0.676916,CP1_after_deposition,   1,    0.0000000000E+00,    6.1762302485E+00,    6.1762302485E+00,    0.0000000000E+00,    0.0000000000E+00,    0.0000000000E+00,    6.1762302485E+00
     23500,      0.676916,CP2_after_erosion,   1,    0.0000000000E+00,    6.1762302485E+00,    6.1762302485E+00,    0.0000000000E+00,    0.0000000000E+00,    0.0000000000E+00,    6.1762302485E+00
     23500,      0.676916,CP3_after_update_bottom,   1,    0.0000000000E+00,    6.1762302485E+00,    6.1762302485E+00,    0.0000000000E+00,    0.0000000000E+00,    0.0000000000E+00,    6.1762302485E+00
     23500,      0.676916,CP4_after_advection,   1,    0.0000000000E+00,    6.1766351237E+00,    6.1766351237E+00,    0.0000000000E+00,    0.0000000000E+00,    0.0000000000E+00,    6.1766351237E+00
     23500,      0.676916,CP5_after_vdif,   1,    0.0000000000E+00,    6.1766351237E+00,    6.1766351237E+00,    0.0000000000E+00,    0.0000000000E+00,    0.0000000000E+00,    6.1766351237E+00
     23500,      0.676916,CP6_after_kinetics,   1,    0.0000000000E+00,    6.1766351237E+00,    6.1766351237E+00,    0.0000000000E+00,    0.0000000000E+00,    0.0000000000E+00,    6.1766351237E+00
     23500,      0.676916,CP7_after_upper_clamp,   1,    0.0000000000E+00,    6.1766351237E+00,    6.1766351237E+00,    0.0000000000E+00,    0.0000000000E+00,    0.0000000000E+00,    6.1766351237E+00
     23500,      0.676916,CP8_after_OBC,   1,    0.0000000000E+00,    6.1766351237E+00,    6.1766351237E+00,    0.0000000000E+00,    0.0000000000E+00,    0.0000000000E+00,    6.1766351237E+00
     23500,      0.676916,CP9_after_PTsource,   1,    0.0000000000E+00,    6.1766351237E+00,    6.1766351237E+00,    0.0000000000E+00,    0.0000000000E+00,    0.0000000000E+00,    6.1766351237E+00
     23500,      0.676916,CP10_after_neg_clamp,   1,    0.0000000000E+00,    6.1766351237E+00,    6.1766351237E+00,    0.0000000000E+00,    0.0000000000E+00,    0.0000000000E+00,    6.1766351237E+00
     23500,      0.676916,CP11_after_MPI,   1,    0.0000000000E+00,    6.1766351237E+00,    6.1766351237E+00,    0.0000000000E+00,    0.0000000000E+00,    0.0000000000E+00,    6.1766351237E+00
     23500,      0.676916,CP12_end,   1,    0.0000000000E+00,    6.1766351237E+00,    6.1766351237E+00,    0.0000000000E+00,    0.0000000000E+00,    0.0000000000E+00,    6.1766351237E+00
     23550,      0.676916,CP0_start,   1,    0.0000000000E+00,    6.2020152597E+00,    6.2020152597E+00,    0.0000000000E+00,    0.0000000000E+00,    0.0000000000E+00,    6.2020152597E+00
     23550,      0.676916,CP1_after_deposition,   1,    0.0000000000E+00,    6.2020152597E+00,    6.2020152597E+00,    0.0000000000E+00,    0.0000000000E+00,    0.0000000000E+00,    6.2020152597E+00
     23550,      0.676916,CP2_after_erosion,   1,    0.0000000000E+00,    6.2020152597E+00,    6.2020152597E+00,    0.0000000000E+00,    0.0000000000E+00,    0.0000000000E+00,    6.2020152597E+00
     23550,      0.676916,CP3_after_update_bottom,   1,    0.0000000000E+00,    6.2020152597E+00,    6.2020152597E+00,    0.0000000000E+00,    0.0000000000E+00,    0.0000000000E+00,    6.2020152597E+00
     23550,      0.676916,CP4_after_advection,   1,    0.0000000000E+00,    6.2024186324E+00,    6.2024186324E+00,    0.0000000000E+00,    0.0000000000E+00,    0.0000000000E+00,    6.2024186324E+00
     23550,      0.676916,CP5_after_vdif,   1,    0.0000000000E+00,    6.2024186324E+00,    6.2024186324E+00,    0.0000000000E+00,    0.0000000000E+00,    0.0000000000E+00,    6.2024186324E+00
     23550,      0.676916,CP6_after_kinetics,   1,    0.0000000000E+00,    6.2024186324E+00,    6.2024186324E+00,    0.0000000000E+00,    0.0000000000E+00,    0.0000000000E+00,    6.2024186324E+00
     23550,      0.676916,CP7_after_upper_clamp,   1,    0.0000000000E+00,    6.2024186324E+00,    6.2024186324E+00,    0.0000000000E+00,    0.0000000000E+00,    0.0000000000E+00,    6.2024186324E+00
     23550,      0.676916,CP8_after_OBC,   1,    0.0000000000E+00,    6.2024186324E+00,    6.2024186324E+00,    0.0000000000E+00,    0.0000000000E+00,    0.0000000000E+00,    6.2024186324E+00
     23550,      0.676916,CP9_after_PTsource,   1,    0.0000000000E+00,    6.2024186324E+00,    6.2024186324E+00,    0.0000000000E+00,    0.0000000000E+00,    0.0000000000E+00,    6.2024186324E+00
     23550,      0.676916,CP10_after_neg_clamp,   1,    0.0000000000E+00,    6.2024186324E+00,    6.2024186324E+00,    0.0000000000E+00,    0.0000000000E+00,    0.0000000000E+00,    6.2024186324E+00
     23550,      0.676916,CP11_after_MPI,   1,    0.0000000000E+00,    6.2024186324E+00,    6.2024186324E+00,    0.0000000000E+00,    0.0000000000E+00,    0.0000000000E+00,    6.2024186324E+00
     23550,      0.676916,CP12_end,   1,    0.0000000000E+00,    6.2024186324E+00,    6.2024186324E+00,    0.0000000000E+00,    0.0000000000E+00,    0.0000000000E+00,    6.2024186324E+00
     23600,      0.676916,CP0_start,   1,    0.0000000000E+00,    6.2278539299E+00,    6.2278539299E+00,    0.0000000000E+00,    0.0000000000E+00,    0.0000000000E+00,    6.2278539299E+00
     23600,      0.676916,CP1_after_deposition,   1,    0.0000000000E+00,    6.2278539299E+00,    6.2278539299E+00,    0.0000000000E+00,    0.0000000000E+00,    0.0000000000E+00,    6.2278539299E+00
     23600,      0.676916,CP2_after_erosion,   1,    0.0000000000E+00,    6.2278539299E+00,    6.2278539299E+00,    0.0000000000E+00,    0.0000000000E+00,    0.0000000000E+00,    6.2278539299E+00
     23600,      0.676916,CP3_after_update_bottom,   1,    0.0000000000E+00,    6.2278539299E+00,    6.2278539299E+00,    0.0000000000E+00,    0.0000000000E+00,    0.0000000000E+00,    6.2278539299E+00
     23600,      0.676916,CP4_after_advection,   1,    0.0000000000E+00,    6.2282557842E+00,    6.2282557842E+00,    0.0000000000E+00,    0.0000000000E+00,    0.0000000000E+00,    6.2282557842E+00
     23600,      0.676916,CP5_after_vdif,   1,    0.0000000000E+00,    6.2282557842E+00,    6.2282557842E+00,    0.0000000000E+00,    0.0000000000E+00,    0.0000000000E+00,    6.2282557842E+00
     23600,      0.676916,CP6_after_kinetics,   1,    0.0000000000E+00,    6.2282557842E+00,    6.2282557842E+00,    0.0000000000E+00,    0.0000000000E+00,    0.0000000000E+00,    6.2282557842E+00
     23600,      0.676916,CP7_after_upper_clamp,   1,    0.0000000000E+00,    6.2282557842E+00,    6.2282557842E+00,    0.0000000000E+00,    0.0000000000E+00,    0.0000000000E+00,    6.2282557842E+00
     23600,      0.676916,CP8_after_OBC,   1,    0.0000000000E+00,    6.2282557842E+00,    6.2282557842E+00,    0.0000000000E+00,    0.0000000000E+00,    0.0000000000E+00,    6.2282557842E+00
     23600,      0.676916,CP9_after_PTsource,   1,    0.0000000000E+00,    6.2282557842E+00,    6.2282557842E+00,    0.0000000000E+00,    0.0000000000E+00,    0.0000000000E+00,    6.2282557842E+00
     23600,      0.676916,CP10_after_neg_clamp,   1,    0.0000000000E+00,    6.2282557842E+00,    6.2282557842E+00,    0.0000000000E+00,    0.0000000000E+00,    0.0000000000E+00,    6.2282557842E+00
     23600,      0.676916,CP11_after_MPI,   1,    0.0000000000E+00,    6.2282557842E+00,    6.2282557842E+00,    0.0000000000E+00,    0.0000000000E+00,    0.0000000000E+00,    6.2282557842E+00
     23600,      0.676916,CP12_end,   1,    0.0000000000E+00,    6.2282557842E+00,    6.2282557842E+00,    0.0000000000E+00,    0.0000000000E+00,    0.0000000000E+00,    6.2282557842E+00
     23650,      0.676916,CP0_start,   1,    0.0000000000E+00,    6.2537458194E+00,    6.2537458194E+00,    0.0000000000E+00,    0.0000000000E+00,    0.0000000000E+00,    6.2537458194E+00
     23650,      0.676916,CP1_after_deposition,   1,    0.0000000000E+00,    6.2537458194E+00,    6.2537458194E+00,    0.0000000000E+00,    0.0000000000E+00,    0.0000000000E+00,    6.2537458194E+00
     23650,      0.676916,CP2_after_erosion,   1,    0.0000000000E+00,    6.2537458194E+00,    6.2537458194E+00,    0.0000000000E+00,    0.0000000000E+00,    0.0000000000E+00,    6.2537458194E+00
     23650,      0.676916,CP3_after_update_bottom,   1,    0.0000000000E+00,    6.2537458194E+00,    6.2537458194E+00,    0.0000000000E+00,    0.0000000000E+00,    0.0000000000E+00,    6.2537458194E+00
     23650,      0.676916,CP4_after_advection,   1,    0.0000000000E+00,    6.2541463765E+00,    6.2541463765E+00,    0.0000000000E+00,    0.0000000000E+00,    0.0000000000E+00,    6.2541463765E+00
     23650,      0.676916,CP5_after_vdif,   1,    0.0000000000E+00,    6.2541463765E+00,    6.2541463765E+00,    0.0000000000E+00,    0.0000000000E+00,    0.0000000000E+00,    6.2541463765E+00
     23650,      0.676916,CP6_after_kinetics,   1,    0.0000000000E+00,    6.2541463765E+00,    6.2541463765E+00,    0.0000000000E+00,    0.0000000000E+00,    0.0000000000E+00,    6.2541463765E+00
     23650,      0.676916,CP7_after_upper_clamp,   1,    0.0000000000E+00,    6.2541463765E+00,    6.2541463765E+00,    0.0000000000E+00,    0.0000000000E+00,    0.0000000000E+00,    6.2541463765E+00
     23650,      0.676916,CP8_after_OBC,   1,    0.0000000000E+00,    6.2541463765E+00,    6.2541463765E+00,    0.0000000000E+00,    0.0000000000E+00,    0.0000000000E+00,    6.2541463765E+00
     23650,      0.676916,CP9_after_PTsource,   1,    0.0000000000E+00,    6.2541463765E+00,    6.2541463765E+00,    0.0000000000E+00,    0.0000000000E+00,    0.0000000000E+00,    6.2541463765E+00
     23650,      0.676916,CP10_after_neg_clamp,   1,    0.0000000000E+00,    6.2541463765E+00,    6.2541463765E+00,    0.0000000000E+00,    0.0000000000E+00,    0.0000000000E+00,    6.2541463765E+00
     23650,      0.676916,CP11_after_MPI,   1,    0.0000000000E+00,    6.2541463765E+00,    6.2541463765E+00,    0.0000000000E+00,    0.0000000000E+00,    0.0000000000E+00,    6.2541463765E+00
     23650,      0.676916,CP12_end,   1,    0.0000000000E+00,    6.2541463765E+00,    6.2541463765E+00,    0.0000000000E+00,    0.0000000000E+00,    0.0000000000E+00,    6.2541463765E+00
     23700,      0.676916,CP0_start,   1,    0.0000000000E+00,    6.2796926371E+00,    6.2796926371E+00,    0.0000000000E+00,    0.0000000000E+00,    0.0000000000E+00,    6.2796926371E+00
     23700,      0.676916,CP1_after_deposition,   1,    0.0000000000E+00,    6.2796926371E+00,    6.2796926371E+00,    0.0000000000E+00,    0.0000000000E+00,    0.0000000000E+00,    6.2796926371E+00
     23700,      0.676916,CP2_after_erosion,   1,    0.0000000000E+00,    6.2796926371E+00,    6.2796926371E+00,    0.0000000000E+00,    0.0000000000E+00,    0.0000000000E+00,    6.2796926371E+00
     23700,      0.676916,CP3_after_update_bottom,   1,    0.0000000000E+00,    6.2796926371E+00,    6.2796926371E+00,    0.0000000000E+00,    0.0000000000E+00,    0.0000000000E+00,    6.2796926371E+00
     23700,      0.676916,CP4_after_advection,   1,    0.0000000000E+00,    6.2800917721E+00,    6.2800917721E+00,    0.0000000000E+00,    0.0000000000E+00,    0.0000000000E+00,    6.2800917721E+00
     23700,      0.676916,CP5_after_vdif,   1,    0.0000000000E+00,    6.2800917721E+00,    6.2800917721E+00,    0.0000000000E+00,    0.0000000000E+00,    0.0000000000E+00,    6.2800917721E+00
     23700,      0.676916,CP6_after_kinetics,   1,    0.0000000000E+00,    6.2800917721E+00,    6.2800917721E+00,    0.0000000000E+00,    0.0000000000E+00,    0.0000000000E+00,    6.2800917721E+00
     23700,      0.676916,CP7_after_upper_clamp,   1,    0.0000000000E+00,    6.2800917721E+00,    6.2800917721E+00,    0.0000000000E+00,    0.0000000000E+00,    0.0000000000E+00,    6.2800917721E+00
     23700,      0.676916,CP8_after_OBC,   1,    0.0000000000E+00,    6.2800917721E+00,    6.2800917721E+00,    0.0000000000E+00,    0.0000000000E+00,    0.0000000000E+00,    6.2800917721E+00
     23700,      0.676916,CP9_after_PTsource,   1,    0.0000000000E+00,    6.2800917721E+00,    6.2800917721E+00,    0.0000000000E+00,    0.0000000000E+00,    0.0000000000E+00,    6.2800917721E+00
     23700,      0.676916,CP10_after_neg_clamp,   1,    0.0000000000E+00,    6.2800917721E+00,    6.2800917721E+00,    0.0000000000E+00,    0.0000000000E+00,    0.0000000000E+00,    6.2800917721E+00
     23700,      0.676916,CP11_after_MPI,   1,    0.0000000000E+00,    6.2800917721E+00,    6.2800917721E+00,    0.0000000000E+00,    0.0000000000E+00,    0.0000000000E+00,    6.2800917721E+00
     23700,      0.676916,CP12_end,   1,    0.0000000000E+00,    6.2800917721E+00,    6.2800917721E+00,    0.0000000000E+00,    0.0000000000E+00,    0.0000000000E+00,    6.2800917721E+00
     23750,      0.676916,CP0_start,   1,    0.0000000000E+00,    6.3056920720E+00,    6.3056920720E+00,    0.0000000000E+00,    0.0000000000E+00,    0.0000000000E+00,    6.3056920720E+00
     23750,      0.676916,CP1_after_deposition,   1,    0.0000000000E+00,    6.3056920720E+00,    6.3056920720E+00,    0.0000000000E+00,    0.0000000000E+00,    0.0000000000E+00,    6.3056920720E+00
     23750,      0.676916,CP2_after_erosion,   1,    0.0000000000E+00,    6.3056920720E+00,    6.3056920720E+00,    0.0000000000E+00,    0.0000000000E+00,    0.0000000000E+00,    6.3056920720E+00
     23750,      0.676916,CP3_after_update_bottom,   1,    0.0000000000E+00,    6.3056920720E+00,    6.3056920720E+00,    0.0000000000E+00,    0.0000000000E+00,    0.0000000000E+00,    6.3056920720E+00
     23750,      0.676916,CP4_after_advection,   1,    0.0000000000E+00,    6.3060899074E+00,    6.3060899074E+00,    0.0000000000E+00,    0.0000000000E+00,    0.0000000000E+00,    6.3060899074E+00
     23750,      0.676916,CP5_after_vdif,   1,    0.0000000000E+00,    6.3060899074E+00,    6.3060899074E+00,    0.0000000000E+00,    0.0000000000E+00,    0.0000000000E+00,    6.3060899074E+00
     23750,      0.676916,CP6_after_kinetics,   1,    0.0000000000E+00,    6.3060899074E+00,    6.3060899074E+00,    0.0000000000E+00,    0.0000000000E+00,    0.0000000000E+00,    6.3060899074E+00
     23750,      0.676916,CP7_after_upper_clamp,   1,    0.0000000000E+00,    6.3060899074E+00,    6.3060899074E+00,    0.0000000000E+00,    0.0000000000E+00,    0.0000000000E+00,    6.3060899074E+00
     23750,      0.676916,CP8_after_OBC,   1,    0.0000000000E+00,    6.3060899074E+00,    6.3060899074E+00,    0.0000000000E+00,    0.0000000000E+00,    0.0000000000E+00,    6.3060899074E+00
     23750,      0.676916,CP9_after_PTsource,   1,    0.0000000000E+00,    6.3060899074E+00,    6.3060899074E+00,    0.0000000000E+00,    0.0000000000E+00,    0.0000000000E+00,    6.3060899074E+00
     23750,      0.676916,CP10_after_neg_clamp,   1,    0.0000000000E+00,    6.3060899074E+00,    6.3060899074E+00,    0.0000000000E+00,    0.0000000000E+00,    0.0000000000E+00,    6.3060899074E+00
     23750,      0.676916,CP11_after_MPI,   1,    0.0000000000E+00,    6.3060899074E+00,    6.3060899074E+00,    0.0000000000E+00,    0.0000000000E+00,    0.0000000000E+00,    6.3060899074E+00
     23750,      0.676916,CP12_end,   1,    0.0000000000E+00,    6.3060899074E+00,    6.3060899074E+00,    0.0000000000E+00,    0.0000000000E+00,    0.0000000000E+00,    6.3060899074E+00
     23800,      0.676916,CP0_start,   1,    0.0000000000E+00,    6.3317456263E+00,    6.3317456263E+00,    0.0000000000E+00,    0.0000000000E+00,    0.0000000000E+00,    6.3317456263E+00
     23800,      0.676916,CP1_after_deposition,   1,    0.0000000000E+00,    6.3317456263E+00,    6.3317456263E+00,    0.0000000000E+00,    0.0000000000E+00,    0.0000000000E+00,    6.3317456263E+00
     23800,      0.676916,CP2_after_erosion,   1,    0.0000000000E+00,    6.3317456263E+00,    6.3317456263E+00,    0.0000000000E+00,    0.0000000000E+00,    0.0000000000E+00,    6.3317456263E+00
     23800,      0.676916,CP3_after_update_bottom,   1,    0.0000000000E+00,    6.3317456263E+00,    6.3317456263E+00,    0.0000000000E+00,    0.0000000000E+00,    0.0000000000E+00,    6.3317456263E+00
     23800,      0.676916,CP4_after_advection,   1,    0.0000000000E+00,    6.3321427783E+00,    6.3321427783E+00,    0.0000000000E+00,    0.0000000000E+00,    0.0000000000E+00,    6.3321427783E+00
     23800,      0.676916,CP5_after_vdif,   1,    0.0000000000E+00,    6.3321427783E+00,    6.3321427783E+00,    0.0000000000E+00,    0.0000000000E+00,    0.0000000000E+00,    6.3321427783E+00
     23800,      0.676916,CP6_after_kinetics,   1,    0.0000000000E+00,    6.3321427783E+00,    6.3321427783E+00,    0.0000000000E+00,    0.0000000000E+00,    0.0000000000E+00,    6.3321427783E+00
     23800,      0.676916,CP7_after_upper_clamp,   1,    0.0000000000E+00,    6.3321427783E+00,    6.3321427783E+00,    0.0000000000E+00,    0.0000000000E+00,    0.0000000000E+00,    6.3321427783E+00
     23800,      0.676916,CP8_after_OBC,   1,    0.0000000000E+00,    6.3321427783E+00,    6.3321427783E+00,    0.0000000000E+00,    0.0000000000E+00,    0.0000000000E+00,    6.3321427783E+00
     23800,      0.676916,CP9_after_PTsource,   1,    0.0000000000E+00,    6.3321427783E+00,    6.3321427783E+00,    0.0000000000E+00,    0.0000000000E+00,    0.0000000000E+00,    6.3321427783E+00
     23800,      0.676916,CP10_after_neg_clamp,   1,    0.0000000000E+00,    6.3321427783E+00,    6.3321427783E+00,    0.0000000000E+00,    0.0000000000E+00,    0.0000000000E+00,    6.3321427783E+00
     23800,      0.676916,CP11_after_MPI,   1,    0.0000000000E+00,    6.3321427783E+00,    6.3321427783E+00,    0.0000000000E+00,    0.0000000000E+00,    0.0000000000E+00,    6.3321427783E+00
     23800,      0.676916,CP12_end,   1,    0.0000000000E+00,    6.3321427783E+00,    6.3321427783E+00,    0.0000000000E+00,    0.0000000000E+00,    0.0000000000E+00,    6.3321427783E+00
     23850,      0.676916,CP0_start,   1,    0.0000000000E+00,    6.3578546019E+00,    6.3578546019E+00,    0.0000000000E+00,    0.0000000000E+00,    0.0000000000E+00,    6.3578546019E+00
     23850,      0.676916,CP1_after_deposition,   1,    0.0000000000E+00,    6.3578546019E+00,    6.3578546019E+00,    0.0000000000E+00,    0.0000000000E+00,    0.0000000000E+00,    6.3578546019E+00
     23850,      0.676916,CP2_after_erosion,   1,    0.0000000000E+00,    6.3578546019E+00,    6.3578546019E+00,    0.0000000000E+00,    0.0000000000E+00,    0.0000000000E+00,    6.3578546019E+00
     23850,      0.676916,CP3_after_update_bottom,   1,    0.0000000000E+00,    6.3578546019E+00,    6.3578546019E+00,    0.0000000000E+00,    0.0000000000E+00,    0.0000000000E+00,    6.3578546019E+00
     23850,      0.676916,CP4_after_advection,   1,    0.0000000000E+00,    6.3582507869E+00,    6.3582507869E+00,    0.0000000000E+00,    0.0000000000E+00,    0.0000000000E+00,    6.3582507869E+00
     23850,      0.676916,CP5_after_vdif,   1,    0.0000000000E+00,    6.3582507869E+00,    6.3582507869E+00,    0.0000000000E+00,    0.0000000000E+00,    0.0000000000E+00,    6.3582507869E+00
     23850,      0.676916,CP6_after_kinetics,   1,    0.0000000000E+00,    6.3582507869E+00,    6.3582507869E+00,    0.0000000000E+00,    0.0000000000E+00,    0.0000000000E+00,    6.3582507869E+00
     23850,      0.676916,CP7_after_upper_clamp,   1,    0.0000000000E+00,    6.3582507869E+00,    6.3582507869E+00,    0.0000000000E+00,    0.0000000000E+00,    0.0000000000E+00,    6.3582507869E+00
     23850,      0.676916,CP8_after_OBC,   1,    0.0000000000E+00,    6.3582507869E+00,    6.3582507869E+00,    0.0000000000E+00,    0.0000000000E+00,    0.0000000000E+00,    6.3582507869E+00
     23850,      0.676916,CP9_after_PTsource,   1,    0.0000000000E+00,    6.3582507869E+00,    6.3582507869E+00,    0.0000000000E+00,    0.0000000000E+00,    0.0000000000E+00,    6.3582507869E+00
     23850,      0.676916,CP10_after_neg_clamp,   1,    0.0000000000E+00,    6.3582507869E+00,    6.3582507869E+00,    0.0000000000E+00,    0.0000000000E+00,    0.0000000000E+00,    6.3582507869E+00
     23850,      0.676916,CP11_after_MPI,   1,    0.0000000000E+00,    6.3582507869E+00,    6.3582507869E+00,    0.0000000000E+00,    0.0000000000E+00,    0.0000000000E+00,    6.3582507869E+00
     23850,      0.676916,CP12_end,   1,    0.0000000000E+00,    6.3582507869E+00,    6.3582507869E+00,    0.0000000000E+00,    0.0000000000E+00,    0.0000000000E+00,    6.3582507869E+00
     23900,      0.676916,CP0_start,   1,    0.0000000000E+00,    6.3840173423E+00,    6.3840173423E+00,    0.0000000000E+00,    0.0000000000E+00,    0.0000000000E+00,    6.3840173423E+00
     23900,      0.676916,CP1_after_deposition,   1,    0.0000000000E+00,    6.3840173423E+00,    6.3840173423E+00,    0.0000000000E+00,    0.0000000000E+00,    0.0000000000E+00,    6.3840173423E+00
     23900,      0.676916,CP2_after_erosion,   1,    0.0000000000E+00,    6.3840173423E+00,    6.3840173423E+00,    0.0000000000E+00,    0.0000000000E+00,    0.0000000000E+00,    6.3840173423E+00
     23900,      0.676916,CP3_after_update_bottom,   1,    0.0000000000E+00,    6.3840173423E+00,    6.3840173423E+00,    0.0000000000E+00,    0.0000000000E+00,    0.0000000000E+00,    6.3840173423E+00
     23900,      0.676916,CP4_after_advection,   1,    0.0000000000E+00,    6.3844125803E+00,    6.3844125803E+00,    0.0000000000E+00,    0.0000000000E+00,    0.0000000000E+00,    6.3844125803E+00
     23900,      0.676916,CP5_after_vdif,   1,    0.0000000000E+00,    6.3844125803E+00,    6.3844125803E+00,    0.0000000000E+00,    0.0000000000E+00,    0.0000000000E+00,    6.3844125803E+00
     23900,      0.676916,CP6_after_kinetics,   1,    0.0000000000E+00,    6.3844125803E+00,    6.3844125803E+00,    0.0000000000E+00,    0.0000000000E+00,    0.0000000000E+00,    6.3844125803E+00
     23900,      0.676916,CP7_after_upper_clamp,   1,    0.0000000000E+00,    6.3844125803E+00,    6.3844125803E+00,    0.0000000000E+00,    0.0000000000E+00,    0.0000000000E+00,    6.3844125803E+00
     23900,      0.676916,CP8_after_OBC,   1,    0.0000000000E+00,    6.3844125803E+00,    6.3844125803E+00,    0.0000000000E+00,    0.0000000000E+00,    0.0000000000E+00,    6.3844125803E+00
     23900,      0.676916,CP9_after_PTsource,   1,    0.0000000000E+00,    6.3844125803E+00,    6.3844125803E+00,    0.0000000000E+00,    0.0000000000E+00,    0.0000000000E+00,    6.3844125803E+00
     23900,      0.676916,CP10_after_neg_clamp,   1,    0.0000000000E+00,    6.3844125803E+00,    6.3844125803E+00,    0.0000000000E+00,    0.0000000000E+00,    0.0000000000E+00,    6.3844125803E+00
     23900,      0.676916,CP11_after_MPI,   1,    0.0000000000E+00,    6.3844125803E+00,    6.3844125803E+00,    0.0000000000E+00,    0.0000000000E+00,    0.0000000000E+00,    6.3844125803E+00
     23900,      0.676916,CP12_end,   1,    0.0000000000E+00,    6.3844125803E+00,    6.3844125803E+00,    0.0000000000E+00,    0.0000000000E+00,    0.0000000000E+00,    6.3844125803E+00
     23950,      0.676916,CP0_start,   1,    0.0000000000E+00,    6.4102334187E+00,    6.4102334187E+00,    0.0000000000E+00,    0.0000000000E+00,    0.0000000000E+00,    6.4102334187E+00
     23950,      0.676916,CP1_after_deposition,   1,    0.0000000000E+00,    6.4102334187E+00,    6.4102334187E+00,    0.0000000000E+00,    0.0000000000E+00,    0.0000000000E+00,    6.4102334187E+00
     23950,      0.676916,CP2_after_erosion,   1,    0.0000000000E+00,    6.4102334187E+00,    6.4102334187E+00,    0.0000000000E+00,    0.0000000000E+00,    0.0000000000E+00,    6.4102334187E+00
     23950,      0.676916,CP3_after_update_bottom,   1,    0.0000000000E+00,    6.4102334187E+00,    6.4102334187E+00,    0.0000000000E+00,    0.0000000000E+00,    0.0000000000E+00,    6.4102334187E+00
     23950,      0.676916,CP4_after_advection,   1,    0.0000000000E+00,    6.4106275172E+00,    6.4106275172E+00,    0.0000000000E+00,    0.0000000000E+00,    0.0000000000E+00,    6.4106275172E+00
     23950,      0.676916,CP5_after_vdif,   1,    0.0000000000E+00,    6.4106275172E+00,    6.4106275172E+00,    0.0000000000E+00,    0.0000000000E+00,    0.0000000000E+00,    6.4106275172E+00
     23950,      0.676916,CP6_after_kinetics,   1,    0.0000000000E+00,    6.4106275172E+00,    6.4106275172E+00,    0.0000000000E+00,    0.0000000000E+00,    0.0000000000E+00,    6.4106275172E+00
     23950,      0.676916,CP7_after_upper_clamp,   1,    0.0000000000E+00,    6.4106275172E+00,    6.4106275172E+00,    0.0000000000E+00,    0.0000000000E+00,    0.0000000000E+00,    6.4106275172E+00
     23950,      0.676916,CP8_after_OBC,   1,    0.0000000000E+00,    6.4106275172E+00,    6.4106275172E+00,    0.0000000000E+00,    0.0000000000E+00,    0.0000000000E+00,    6.4106275172E+00
     23950,      0.676916,CP9_after_PTsource,   1,    0.0000000000E+00,    6.4106275172E+00,    6.4106275172E+00,    0.0000000000E+00,    0.0000000000E+00,    0.0000000000E+00,    6.4106275172E+00
     23950,      0.676916,CP10_after_neg_clamp,   1,    0.0000000000E+00,    6.4106275172E+00,    6.4106275172E+00,    0.0000000000E+00,    0.0000000000E+00,    0.0000000000E+00,    6.4106275172E+00
     23950,      0.676916,CP11_after_MPI,   1,    0.0000000000E+00,    6.4106275172E+00,    6.4106275172E+00,    0.0000000000E+00,    0.0000000000E+00,    0.0000000000E+00,    6.4106275172E+00
     23950,      0.676916,CP12_end,   1,    0.0000000000E+00,    6.4106275172E+00,    6.4106275172E+00,    0.0000000000E+00,    0.0000000000E+00,    0.0000000000E+00,    6.4106275172E+00
     24000,      0.676916,CP0_start,   1,    0.0000000000E+00,    6.4365042951E+00,    6.4365042951E+00,    0.0000000000E+00,    0.0000000000E+00,    0.0000000000E+00,    6.4365042951E+00
     24000,      0.676916,CP1_after_deposition,   1,    0.0000000000E+00,    6.4365042951E+00,    6.4365042951E+00,    0.0000000000E+00,    0.0000000000E+00,    0.0000000000E+00,    6.4365042951E+00
     24000,      0.676916,CP2_after_erosion,   1,    0.0000000000E+00,    6.4365042951E+00,    6.4365042951E+00,    0.0000000000E+00,    0.0000000000E+00,    0.0000000000E+00,    6.4365042951E+00
     24000,      0.676916,CP3_after_update_bottom,   1,    0.0000000000E+00,    6.4365042951E+00,    6.4365042951E+00,    0.0000000000E+00,    0.0000000000E+00,    0.0000000000E+00,    6.4365042951E+00
     24000,      0.676916,CP4_after_advection,   1,    0.0000000000E+00,    6.4368977522E+00,    6.4368977522E+00,    0.0000000000E+00,    0.0000000000E+00,    0.0000000000E+00,    6.4368977522E+00
     24000,      0.676916,CP5_after_vdif,   1,    0.0000000000E+00,    6.4368977522E+00,    6.4368977522E+00,    0.0000000000E+00,    0.0000000000E+00,    0.0000000000E+00,    6.4368977522E+00
     24000,      0.676916,CP6_after_kinetics,   1,    0.0000000000E+00,    6.4368977522E+00,    6.4368977522E+00,    0.0000000000E+00,    0.0000000000E+00,    0.0000000000E+00,    6.4368977522E+00
     24000,      0.676916,CP7_after_upper_clamp,   1,    0.0000000000E+00,    6.4368977522E+00,    6.4368977522E+00,    0.0000000000E+00,    0.0000000000E+00,    0.0000000000E+00,    6.4368977522E+00
     24000,      0.676916,CP8_after_OBC,   1,    0.0000000000E+00,    6.4368977522E+00,    6.4368977522E+00,    0.0000000000E+00,    0.0000000000E+00,    0.0000000000E+00,    6.4368977522E+00
     24000,      0.676916,CP9_after_PTsource,   1,    0.0000000000E+00,    6.4368977522E+00,    6.4368977522E+00,    0.0000000000E+00,    0.0000000000E+00,    0.0000000000E+00,    6.4368977522E+00
     24000,      0.676916,CP10_after_neg_clamp,   1,    0.0000000000E+00,    6.4368977522E+00,    6.4368977522E+00,    0.0000000000E+00,    0.0000000000E+00,    0.0000000000E+00,    6.4368977522E+00
     24000,      0.676916,CP11_after_MPI,   1,    0.0000000000E+00,    6.4368977522E+00,    6.4368977522E+00,    0.0000000000E+00,    0.0000000000E+00,    0.0000000000E+00,    6.4368977522E+00
     24000,      0.676916,CP12_end,   1,    0.0000000000E+00,    6.4368977522E+00,    6.4368977522E+00,    0.0000000000E+00,    0.0000000000E+00,    0.0000000000E+00,    6.4368977522E+00
     24050,      0.676916,CP0_start,   1,    0.0000000000E+00,    6.4628258956E+00,    6.4628258956E+00,    0.0000000000E+00,    0.0000000000E+00,    0.0000000000E+00,    6.4628258956E+00
     24050,      0.676916,CP1_after_deposition,   1,    0.0000000000E+00,    6.4628258956E+00,    6.4628258956E+00,    0.0000000000E+00,    0.0000000000E+00,    0.0000000000E+00,    6.4628258956E+00
     24050,      0.676916,CP2_after_erosion,   1,    0.0000000000E+00,    6.4628258956E+00,    6.4628258956E+00,    0.0000000000E+00,    0.0000000000E+00,    0.0000000000E+00,    6.4628258956E+00
     24050,      0.676916,CP3_after_update_bottom,   1,    0.0000000000E+00,    6.4628258956E+00,    6.4628258956E+00,    0.0000000000E+00,    0.0000000000E+00,    0.0000000000E+00,    6.4628258956E+00
     24050,      0.676916,CP4_after_advection,   1,    0.0000000000E+00,    6.4632197054E+00,    6.4632197054E+00,    0.0000000000E+00,    0.0000000000E+00,    0.0000000000E+00,    6.4632197054E+00
     24050,      0.676916,CP5_after_vdif,   1,    0.0000000000E+00,    6.4632197054E+00,    6.4632197054E+00,    0.0000000000E+00,    0.0000000000E+00,    0.0000000000E+00,    6.4632197054E+00
     24050,      0.676916,CP6_after_kinetics,   1,    0.0000000000E+00,    6.4632197054E+00,    6.4632197054E+00,    0.0000000000E+00,    0.0000000000E+00,    0.0000000000E+00,    6.4632197054E+00
     24050,      0.676916,CP7_after_upper_clamp,   1,    0.0000000000E+00,    6.4632197054E+00,    6.4632197054E+00,    0.0000000000E+00,    0.0000000000E+00,    0.0000000000E+00,    6.4632197054E+00
     24050,      0.676916,CP8_after_OBC,   1,    0.0000000000E+00,    6.4632197054E+00,    6.4632197054E+00,    0.0000000000E+00,    0.0000000000E+00,    0.0000000000E+00,    6.4632197054E+00
     24050,      0.676916,CP9_after_PTsource,   1,    0.0000000000E+00,    6.4632197054E+00,    6.4632197054E+00,    0.0000000000E+00,    0.0000000000E+00,    0.0000000000E+00,    6.4632197054E+00
     24050,      0.676916,CP10_after_neg_clamp,   1,    0.0000000000E+00,    6.4632197054E+00,    6.4632197054E+00,    0.0000000000E+00,    0.0000000000E+00,    0.0000000000E+00,    6.4632197054E+00
     24050,      0.676916,CP11_after_MPI,   1,    0.0000000000E+00,    6.4632197054E+00,    6.4632197054E+00,    0.0000000000E+00,    0.0000000000E+00,    0.0000000000E+00,    6.4632197054E+00
     24050,      0.676916,CP12_end,   1,    0.0000000000E+00,    6.4632197054E+00,    6.4632197054E+00,    0.0000000000E+00,    0.0000000000E+00,    0.0000000000E+00,    6.4632197054E+00
     24100,      0.676916,CP0_start,   1,    0.0000000000E+00,    6.4892006867E+00,    6.4892006867E+00,    0.0000000000E+00,    0.0000000000E+00,    0.0000000000E+00,    6.4892006867E+00
     24100,      0.676916,CP1_after_deposition,   1,    0.0000000000E+00,    6.4892006867E+00,    6.4892006867E+00,    0.0000000000E+00,    0.0000000000E+00,    0.0000000000E+00,    6.4892006867E+00
     24100,      0.676916,CP2_after_erosion,   1,    0.0000000000E+00,    6.4892006867E+00,    6.4892006867E+00,    0.0000000000E+00,    0.0000000000E+00,    0.0000000000E+00,    6.4892006867E+00
     24100,      0.676916,CP3_after_update_bottom,   1,    0.0000000000E+00,    6.4892006867E+00,    6.4892006867E+00,    0.0000000000E+00,    0.0000000000E+00,    0.0000000000E+00,    6.4892006867E+00
     24100,      0.676916,CP4_after_advection,   1,    0.0000000000E+00,    6.4895951734E+00,    6.4895951734E+00,    0.0000000000E+00,    0.0000000000E+00,    0.0000000000E+00,    6.4895951734E+00
     24100,      0.676916,CP5_after_vdif,   1,    0.0000000000E+00,    6.4895951734E+00,    6.4895951734E+00,    0.0000000000E+00,    0.0000000000E+00,    0.0000000000E+00,    6.4895951734E+00
     24100,      0.676916,CP6_after_kinetics,   1,    0.0000000000E+00,    6.4895951734E+00,    6.4895951734E+00,    0.0000000000E+00,    0.0000000000E+00,    0.0000000000E+00,    6.4895951734E+00
     24100,      0.676916,CP7_after_upper_clamp,   1,    0.0000000000E+00,    6.4895951734E+00,    6.4895951734E+00,    0.0000000000E+00,    0.0000000000E+00,    0.0000000000E+00,    6.4895951734E+00
     24100,      0.676916,CP8_after_OBC,   1,    0.0000000000E+00,    6.4895951734E+00,    6.4895951734E+00,    0.0000000000E+00,    0.0000000000E+00,    0.0000000000E+00,    6.4895951734E+00
     24100,      0.676916,CP9_after_PTsource,   1,    0.0000000000E+00,    6.4895951734E+00,    6.4895951734E+00,    0.0000000000E+00,    0.0000000000E+00,    0.0000000000E+00,    6.4895951734E+00
     24100,      0.676916,CP10_after_neg_clamp,   1,    0.0000000000E+00,    6.4895951734E+00,    6.4895951734E+00,    0.0000000000E+00,    0.0000000000E+00,    0.0000000000E+00,    6.4895951734E+00
     24100,      0.676916,CP11_after_MPI,   1,    0.0000000000E+00,    6.4895951734E+00,    6.4895951734E+00,    0.0000000000E+00,    0.0000000000E+00,    0.0000000000E+00,    6.4895951734E+00
     24100,      0.676916,CP12_end,   1,    0.0000000000E+00,    6.4895951734E+00,    6.4895951734E+00,    0.0000000000E+00,    0.0000000000E+00,    0.0000000000E+00,    6.4895951734E+00
     24150,      0.676916,CP0_start,   1,    0.0000000000E+00,    6.5156307428E+00,    6.5156307428E+00,    0.0000000000E+00,    0.0000000000E+00,    0.0000000000E+00,    6.5156307428E+00
     24150,      0.676916,CP1_after_deposition,   1,    0.0000000000E+00,    6.5156307428E+00,    6.5156307428E+00,    0.0000000000E+00,    0.0000000000E+00,    0.0000000000E+00,    6.5156307428E+00
     24150,      0.676916,CP2_after_erosion,   1,    0.0000000000E+00,    6.5156307428E+00,    6.5156307428E+00,    0.0000000000E+00,    0.0000000000E+00,    0.0000000000E+00,    6.5156307428E+00
     24150,      0.676916,CP3_after_update_bottom,   1,    0.0000000000E+00,    6.5156307428E+00,    6.5156307428E+00,    0.0000000000E+00,    0.0000000000E+00,    0.0000000000E+00,    6.5156307428E+00
     24150,      0.676916,CP4_after_advection,   1,    0.0000000000E+00,    6.5160256008E+00,    6.5160256008E+00,    0.0000000000E+00,    0.0000000000E+00,    0.0000000000E+00,    6.5160256008E+00
     24150,      0.676916,CP5_after_vdif,   1,    0.0000000000E+00,    6.5160256008E+00,    6.5160256008E+00,    0.0000000000E+00,    0.0000000000E+00,    0.0000000000E+00,    6.5160256008E+00
     24150,      0.676916,CP6_after_kinetics,   1,    0.0000000000E+00,    6.5160256008E+00,    6.5160256008E+00,    0.0000000000E+00,    0.0000000000E+00,    0.0000000000E+00,    6.5160256008E+00
     24150,      0.676916,CP7_after_upper_clamp,   1,    0.0000000000E+00,    6.5160256008E+00,    6.5160256008E+00,    0.0000000000E+00,    0.0000000000E+00,    0.0000000000E+00,    6.5160256008E+00
     24150,      0.676916,CP8_after_OBC,   1,    0.0000000000E+00,    6.5160256008E+00,    6.5160256008E+00,    0.0000000000E+00,    0.0000000000E+00,    0.0000000000E+00,    6.5160256008E+00
     24150,      0.676916,CP9_after_PTsource,   1,    0.0000000000E+00,    6.5160256008E+00,    6.5160256008E+00,    0.0000000000E+00,    0.0000000000E+00,    0.0000000000E+00,    6.5160256008E+00
     24150,      0.676916,CP10_after_neg_clamp,   1,    0.0000000000E+00,    6.5160256008E+00,    6.5160256008E+00,    0.0000000000E+00,    0.0000000000E+00,    0.0000000000E+00,    6.5160256008E+00
     24150,      0.676916,CP11_after_MPI,   1,    0.0000000000E+00,    6.5160256008E+00,    6.5160256008E+00,    0.0000000000E+00,    0.0000000000E+00,    0.0000000000E+00,    6.5160256008E+00
     24150,      0.676916,CP12_end,   1,    0.0000000000E+00,    6.5160256008E+00,    6.5160256008E+00,    0.0000000000E+00,    0.0000000000E+00,    0.0000000000E+00,    6.5160256008E+00
     24200,      0.676916,CP0_start,   1,    0.0000000000E+00,    6.5421142414E+00,    6.5421142414E+00,    0.0000000000E+00,    0.0000000000E+00,    0.0000000000E+00,    6.5421142414E+00
     24200,      0.676916,CP1_after_deposition,   1,    0.0000000000E+00,    6.5421142414E+00,    6.5421142414E+00,    0.0000000000E+00,    0.0000000000E+00,    0.0000000000E+00,    6.5421142414E+00
     24200,      0.676916,CP2_after_erosion,   1,    0.0000000000E+00,    6.5421142414E+00,    6.5421142414E+00,    0.0000000000E+00,    0.0000000000E+00,    0.0000000000E+00,    6.5421142414E+00
     24200,      0.676916,CP3_after_update_bottom,   1,    0.0000000000E+00,    6.5421142414E+00,    6.5421142414E+00,    0.0000000000E+00,    0.0000000000E+00,    0.0000000000E+00,    6.5421142414E+00
     24200,      0.676916,CP4_after_advection,   1,    0.0000000000E+00,    6.5425097635E+00,    6.5425097635E+00,    0.0000000000E+00,    0.0000000000E+00,    0.0000000000E+00,    6.5425097635E+00
     24200,      0.676916,CP5_after_vdif,   1,    0.0000000000E+00,    6.5425097635E+00,    6.5425097635E+00,    0.0000000000E+00,    0.0000000000E+00,    0.0000000000E+00,    6.5425097635E+00
     24200,      0.676916,CP6_after_kinetics,   1,    0.0000000000E+00,    6.5425097635E+00,    6.5425097635E+00,    0.0000000000E+00,    0.0000000000E+00,    0.0000000000E+00,    6.5425097635E+00
     24200,      0.676916,CP7_after_upper_clamp,   1,    0.0000000000E+00,    6.5425097635E+00,    6.5425097635E+00,    0.0000000000E+00,    0.0000000000E+00,    0.0000000000E+00,    6.5425097635E+00
     24200,      0.676916,CP8_after_OBC,   1,    0.0000000000E+00,    6.5425097635E+00,    6.5425097635E+00,    0.0000000000E+00,    0.0000000000E+00,    0.0000000000E+00,    6.5425097635E+00
     24200,      0.676916,CP9_after_PTsource,   1,    0.0000000000E+00,    6.5425097635E+00,    6.5425097635E+00,    0.0000000000E+00,    0.0000000000E+00,    0.0000000000E+00,    6.5425097635E+00
     24200,      0.676916,CP10_after_neg_clamp,   1,    0.0000000000E+00,    6.5425097635E+00,    6.5425097635E+00,    0.0000000000E+00,    0.0000000000E+00,    0.0000000000E+00,    6.5425097635E+00
     24200,      0.676916,CP11_after_MPI,   1,    0.0000000000E+00,    6.5425097635E+00,    6.5425097635E+00,    0.0000000000E+00,    0.0000000000E+00,    0.0000000000E+00,    6.5425097635E+00
     24200,      0.676916,CP12_end,   1,    0.0000000000E+00,    6.5425097635E+00,    6.5425097635E+00,    0.0000000000E+00,    0.0000000000E+00,    0.0000000000E+00,    6.5425097635E+00
     24250,      0.676916,CP0_start,   1,    0.0000000000E+00,    6.5686548774E+00,    6.5686548774E+00,    0.0000000000E+00,    0.0000000000E+00,    0.0000000000E+00,    6.5686548774E+00
     24250,      0.676916,CP1_after_deposition,   1,    0.0000000000E+00,    6.5686548774E+00,    6.5686548774E+00,    0.0000000000E+00,    0.0000000000E+00,    0.0000000000E+00,    6.5686548774E+00
     24250,      0.676916,CP2_after_erosion,   1,    0.0000000000E+00,    6.5686548774E+00,    6.5686548774E+00,    0.0000000000E+00,    0.0000000000E+00,    0.0000000000E+00,    6.5686548774E+00
     24250,      0.676916,CP3_after_update_bottom,   1,    0.0000000000E+00,    6.5686548774E+00,    6.5686548774E+00,    0.0000000000E+00,    0.0000000000E+00,    0.0000000000E+00,    6.5686548774E+00
     24250,      0.676916,CP4_after_advection,   1,    0.0000000000E+00,    6.5690510403E+00,    6.5690510403E+00,    0.0000000000E+00,    0.0000000000E+00,    0.0000000000E+00,    6.5690510403E+00
     24250,      0.676916,CP5_after_vdif,   1,    0.0000000000E+00,    6.5690510403E+00,    6.5690510403E+00,    0.0000000000E+00,    0.0000000000E+00,    0.0000000000E+00,    6.5690510403E+00
     24250,      0.676916,CP6_after_kinetics,   1,    0.0000000000E+00,    6.5690510403E+00,    6.5690510403E+00,    0.0000000000E+00,    0.0000000000E+00,    0.0000000000E+00,    6.5690510403E+00
     24250,      0.676916,CP7_after_upper_clamp,   1,    0.0000000000E+00,    6.5690510403E+00,    6.5690510403E+00,    0.0000000000E+00,    0.0000000000E+00,    0.0000000000E+00,    6.5690510403E+00
     24250,      0.676916,CP8_after_OBC,   1,    0.0000000000E+00,    6.5690510403E+00,    6.5690510403E+00,    0.0000000000E+00,    0.0000000000E+00,    0.0000000000E+00,    6.5690510403E+00
     24250,      0.676916,CP9_after_PTsource,   1,    0.0000000000E+00,    6.5690510403E+00,    6.5690510403E+00,    0.0000000000E+00,    0.0000000000E+00,    0.0000000000E+00,    6.5690510403E+00
     24250,      0.676916,CP10_after_neg_clamp,   1,    0.0000000000E+00,    6.5690510403E+00,    6.5690510403E+00,    0.0000000000E+00,    0.0000000000E+00,    0.0000000000E+00,    6.5690510403E+00
     24250,      0.676916,CP11_after_MPI,   1,    0.0000000000E+00,    6.5690510403E+00,    6.5690510403E+00,    0.0000000000E+00,    0.0000000000E+00,    0.0000000000E+00,    6.5690510403E+00
     24250,      0.676916,CP12_end,   1,    0.0000000000E+00,    6.5690510403E+00,    6.5690510403E+00,    0.0000000000E+00,    0.0000000000E+00,    0.0000000000E+00,    6.5690510403E+00
     24300,      0.676916,CP0_start,   1,    0.0000000000E+00,    6.5952493900E+00,    6.5952493900E+00,    0.0000000000E+00,    0.0000000000E+00,    0.0000000000E+00,    6.5952493900E+00
     24300,      0.676916,CP1_after_deposition,   1,    0.0000000000E+00,    6.5952493900E+00,    6.5952493900E+00,    0.0000000000E+00,    0.0000000000E+00,    0.0000000000E+00,    6.5952493900E+00
     24300,      0.676916,CP2_after_erosion,   1,    0.0000000000E+00,    6.5952493900E+00,    6.5952493900E+00,    0.0000000000E+00,    0.0000000000E+00,    0.0000000000E+00,    6.5952493900E+00
     24300,      0.676916,CP3_after_update_bottom,   1,    0.0000000000E+00,    6.5952493900E+00,    6.5952493900E+00,    0.0000000000E+00,    0.0000000000E+00,    0.0000000000E+00,    6.5952493900E+00
     24300,      0.676916,CP4_after_advection,   1,    0.0000000000E+00,    6.5956464602E+00,    6.5956464602E+00,    0.0000000000E+00,    0.0000000000E+00,    0.0000000000E+00,    6.5956464602E+00
     24300,      0.676916,CP5_after_vdif,   1,    0.0000000000E+00,    6.5956464602E+00,    6.5956464602E+00,    0.0000000000E+00,    0.0000000000E+00,    0.0000000000E+00,    6.5956464602E+00
     24300,      0.676916,CP6_after_kinetics,   1,    0.0000000000E+00,    6.5956464602E+00,    6.5956464602E+00,    0.0000000000E+00,    0.0000000000E+00,    0.0000000000E+00,    6.5956464602E+00
     24300,      0.676916,CP7_after_upper_clamp,   1,    0.0000000000E+00,    6.5956464602E+00,    6.5956464602E+00,    0.0000000000E+00,    0.0000000000E+00,    0.0000000000E+00,    6.5956464602E+00
     24300,      0.676916,CP8_after_OBC,   1,    0.0000000000E+00,    6.5956464602E+00,    6.5956464602E+00,    0.0000000000E+00,    0.0000000000E+00,    0.0000000000E+00,    6.5956464602E+00
     24300,      0.676916,CP9_after_PTsource,   1,    0.0000000000E+00,    6.5956464602E+00,    6.5956464602E+00,    0.0000000000E+00,    0.0000000000E+00,    0.0000000000E+00,    6.5956464602E+00
     24300,      0.676916,CP10_after_neg_clamp,   1,    0.0000000000E+00,    6.5956464602E+00,    6.5956464602E+00,    0.0000000000E+00,    0.0000000000E+00,    0.0000000000E+00,    6.5956464602E+00
     24300,      0.676916,CP11_after_MPI,   1,    0.0000000000E+00,    6.5956464602E+00,    6.5956464602E+00,    0.0000000000E+00,    0.0000000000E+00,    0.0000000000E+00,    6.5956464602E+00
     24300,      0.676916,CP12_end,   1,    0.0000000000E+00,    6.5956464602E+00,    6.5956464602E+00,    0.0000000000E+00,    0.0000000000E+00,    0.0000000000E+00,    6.5956464602E+00
     24350,      0.676916,CP0_start,   1,    0.0000000000E+00,    6.6218967247E+00,    6.6218967247E+00,    0.0000000000E+00,    0.0000000000E+00,    0.0000000000E+00,    6.6218967247E+00
     24350,      0.676916,CP1_after_deposition,   1,    0.0000000000E+00,    6.6218967247E+00,    6.6218967247E+00,    0.0000000000E+00,    0.0000000000E+00,    0.0000000000E+00,    6.6218967247E+00
     24350,      0.676916,CP2_after_erosion,   1,    0.0000000000E+00,    6.6218967247E+00,    6.6218967247E+00,    0.0000000000E+00,    0.0000000000E+00,    0.0000000000E+00,    6.6218967247E+00
     24350,      0.676916,CP3_after_update_bottom,   1,    0.0000000000E+00,    6.6218967247E+00,    6.6218967247E+00,    0.0000000000E+00,    0.0000000000E+00,    0.0000000000E+00,    6.6218967247E+00
     24350,      0.676916,CP4_after_advection,   1,    0.0000000000E+00,    6.6222944866E+00,    6.6222944866E+00,    0.0000000000E+00,    0.0000000000E+00,    0.0000000000E+00,    6.6222944866E+00
     24350,      0.676916,CP5_after_vdif,   1,    0.0000000000E+00,    6.6222944866E+00,    6.6222944866E+00,    0.0000000000E+00,    0.0000000000E+00,    0.0000000000E+00,    6.6222944866E+00
     24350,      0.676916,CP6_after_kinetics,   1,    0.0000000000E+00,    6.6222944866E+00,    6.6222944866E+00,    0.0000000000E+00,    0.0000000000E+00,    0.0000000000E+00,    6.6222944866E+00
     24350,      0.676916,CP7_after_upper_clamp,   1,    0.0000000000E+00,    6.6222944866E+00,    6.6222944866E+00,    0.0000000000E+00,    0.0000000000E+00,    0.0000000000E+00,    6.6222944866E+00
     24350,      0.676916,CP8_after_OBC,   1,    0.0000000000E+00,    6.6222944866E+00,    6.6222944866E+00,    0.0000000000E+00,    0.0000000000E+00,    0.0000000000E+00,    6.6222944866E+00
     24350,      0.676916,CP9_after_PTsource,   1,    0.0000000000E+00,    6.6222944866E+00,    6.6222944866E+00,    0.0000000000E+00,    0.0000000000E+00,    0.0000000000E+00,    6.6222944866E+00
     24350,      0.676916,CP10_after_neg_clamp,   1,    0.0000000000E+00,    6.6222944866E+00,    6.6222944866E+00,    0.0000000000E+00,    0.0000000000E+00,    0.0000000000E+00,    6.6222944866E+00
     24350,      0.676916,CP11_after_MPI,   1,    0.0000000000E+00,    6.6222944866E+00,    6.6222944866E+00,    0.0000000000E+00,    0.0000000000E+00,    0.0000000000E+00,    6.6222944866E+00
     24350,      0.676916,CP12_end,   1,    0.0000000000E+00,    6.6222944866E+00,    6.6222944866E+00,    0.0000000000E+00,    0.0000000000E+00,    0.0000000000E+00,    6.6222944866E+00
     24400,      0.676916,CP0_start,   1,    0.0000000000E+00,    6.6485974699E+00,    6.6485974699E+00,    0.0000000000E+00,    0.0000000000E+00,    0.0000000000E+00,    6.6485974699E+00
     24400,      0.676916,CP1_after_deposition,   1,    0.0000000000E+00,    6.6485974699E+00,    6.6485974699E+00,    0.0000000000E+00,    0.0000000000E+00,    0.0000000000E+00,    6.6485974699E+00
     24400,      0.676916,CP2_after_erosion,   1,    0.0000000000E+00,    6.6485974699E+00,    6.6485974699E+00,    0.0000000000E+00,    0.0000000000E+00,    0.0000000000E+00,    6.6485974699E+00
     24400,      0.676916,CP3_after_update_bottom,   1,    0.0000000000E+00,    6.6485974699E+00,    6.6485974699E+00,    0.0000000000E+00,    0.0000000000E+00,    0.0000000000E+00,    6.6485974699E+00
     24400,      0.676916,CP4_after_advection,   1,    0.0000000000E+00,    6.6489952890E+00,    6.6489952890E+00,    0.0000000000E+00,    0.0000000000E+00,    0.0000000000E+00,    6.6489952890E+00
     24400,      0.676916,CP5_after_vdif,   1,    0.0000000000E+00,    6.6489952890E+00,    6.6489952890E+00,    0.0000000000E+00,    0.0000000000E+00,    0.0000000000E+00,    6.6489952890E+00
     24400,      0.676916,CP6_after_kinetics,   1,    0.0000000000E+00,    6.6489952890E+00,    6.6489952890E+00,    0.0000000000E+00,    0.0000000000E+00,    0.0000000000E+00,    6.6489952890E+00
     24400,      0.676916,CP7_after_upper_clamp,   1,    0.0000000000E+00,    6.6489952890E+00,    6.6489952890E+00,    0.0000000000E+00,    0.0000000000E+00,    0.0000000000E+00,    6.6489952890E+00
     24400,      0.676916,CP8_after_OBC,   1,    0.0000000000E+00,    6.6489952890E+00,    6.6489952890E+00,    0.0000000000E+00,    0.0000000000E+00,    0.0000000000E+00,    6.6489952890E+00
     24400,      0.676916,CP9_after_PTsource,   1,    0.0000000000E+00,    6.6489952890E+00,    6.6489952890E+00,    0.0000000000E+00,    0.0000000000E+00,    0.0000000000E+00,    6.6489952890E+00
     24400,      0.676916,CP10_after_neg_clamp,   1,    0.0000000000E+00,    6.6489952890E+00,    6.6489952890E+00,    0.0000000000E+00,    0.0000000000E+00,    0.0000000000E+00,    6.6489952890E+00
     24400,      0.676916,CP11_after_MPI,   1,    0.0000000000E+00,    6.6489952890E+00,    6.6489952890E+00,    0.0000000000E+00,    0.0000000000E+00,    0.0000000000E+00,    6.6489952890E+00
     24400,      0.676916,CP12_end,   1,    0.0000000000E+00,    6.6489952890E+00,    6.6489952890E+00,    0.0000000000E+00,    0.0000000000E+00,    0.0000000000E+00,    6.6489952890E+00
     24450,      0.676916,CP0_start,   1,    0.0000000000E+00,    6.6753586152E+00,    6.6753586152E+00,    0.0000000000E+00,    0.0000000000E+00,    0.0000000000E+00,    6.6753586152E+00
     24450,      0.676916,CP1_after_deposition,   1,    0.0000000000E+00,    6.6753586152E+00,    6.6753586152E+00,    0.0000000000E+00,    0.0000000000E+00,    0.0000000000E+00,    6.6753586152E+00
     24450,      0.676916,CP2_after_erosion,   1,    0.0000000000E+00,    6.6753586152E+00,    6.6753586152E+00,    0.0000000000E+00,    0.0000000000E+00,    0.0000000000E+00,    6.6753586152E+00
     24450,      0.676916,CP3_after_update_bottom,   1,    0.0000000000E+00,    6.6753586152E+00,    6.6753586152E+00,    0.0000000000E+00,    0.0000000000E+00,    0.0000000000E+00,    6.6753586152E+00
     24450,      0.676916,CP4_after_advection,   1,    0.0000000000E+00,    6.6757562879E+00,    6.6757562879E+00,    0.0000000000E+00,    0.0000000000E+00,    0.0000000000E+00,    6.6757562879E+00
     24450,      0.676916,CP5_after_vdif,   1,    0.0000000000E+00,    6.6757562879E+00,    6.6757562879E+00,    0.0000000000E+00,    0.0000000000E+00,    0.0000000000E+00,    6.6757562879E+00
     24450,      0.676916,CP6_after_kinetics,   1,    0.0000000000E+00,    6.6757562879E+00,    6.6757562879E+00,    0.0000000000E+00,    0.0000000000E+00,    0.0000000000E+00,    6.6757562879E+00
     24450,      0.676916,CP7_after_upper_clamp,   1,    0.0000000000E+00,    6.6757562879E+00,    6.6757562879E+00,    0.0000000000E+00,    0.0000000000E+00,    0.0000000000E+00,    6.6757562879E+00
     24450,      0.676916,CP8_after_OBC,   1,    0.0000000000E+00,    6.6757562879E+00,    6.6757562879E+00,    0.0000000000E+00,    0.0000000000E+00,    0.0000000000E+00,    6.6757562879E+00
     24450,      0.676916,CP9_after_PTsource,   1,    0.0000000000E+00,    6.6757562879E+00,    6.6757562879E+00,    0.0000000000E+00,    0.0000000000E+00,    0.0000000000E+00,    6.6757562879E+00
     24450,      0.676916,CP10_after_neg_clamp,   1,    0.0000000000E+00,    6.6757562879E+00,    6.6757562879E+00,    0.0000000000E+00,    0.0000000000E+00,    0.0000000000E+00,    6.6757562879E+00
     24450,      0.676916,CP11_after_MPI,   1,    0.0000000000E+00,    6.6757562879E+00,    6.6757562879E+00,    0.0000000000E+00,    0.0000000000E+00,    0.0000000000E+00,    6.6757562879E+00
     24450,      0.676916,CP12_end,   1,    0.0000000000E+00,    6.6757562879E+00,    6.6757562879E+00,    0.0000000000E+00,    0.0000000000E+00,    0.0000000000E+00,    6.6757562879E+00
     24500,      0.676916,CP0_start,   1,    0.0000000000E+00,    6.7021749615E+00,    6.7021749615E+00,    0.0000000000E+00,    0.0000000000E+00,    0.0000000000E+00,    6.7021749615E+00
     24500,      0.676916,CP1_after_deposition,   1,    0.0000000000E+00,    6.7021749615E+00,    6.7021749615E+00,    0.0000000000E+00,    0.0000000000E+00,    0.0000000000E+00,    6.7021749615E+00
     24500,      0.676916,CP2_after_erosion,   1,    0.0000000000E+00,    6.7021749615E+00,    6.7021749615E+00,    0.0000000000E+00,    0.0000000000E+00,    0.0000000000E+00,    6.7021749615E+00
     24500,      0.676916,CP3_after_update_bottom,   1,    0.0000000000E+00,    6.7021749615E+00,    6.7021749615E+00,    0.0000000000E+00,    0.0000000000E+00,    0.0000000000E+00,    6.7021749615E+00
     24500,      0.676916,CP4_after_advection,   1,    0.0000000000E+00,    6.7025740230E+00,    6.7025740230E+00,    0.0000000000E+00,    0.0000000000E+00,    0.0000000000E+00,    6.7025740230E+00
     24500,      0.676916,CP5_after_vdif,   1,    0.0000000000E+00,    6.7025740230E+00,    6.7025740230E+00,    0.0000000000E+00,    0.0000000000E+00,    0.0000000000E+00,    6.7025740230E+00
     24500,      0.676916,CP6_after_kinetics,   1,    0.0000000000E+00,    6.7025740230E+00,    6.7025740230E+00,    0.0000000000E+00,    0.0000000000E+00,    0.0000000000E+00,    6.7025740230E+00
     24500,      0.676916,CP7_after_upper_clamp,   1,    0.0000000000E+00,    6.7025740230E+00,    6.7025740230E+00,    0.0000000000E+00,    0.0000000000E+00,    0.0000000000E+00,    6.7025740230E+00
     24500,      0.676916,CP8_after_OBC,   1,    0.0000000000E+00,    6.7025740230E+00,    6.7025740230E+00,    0.0000000000E+00,    0.0000000000E+00,    0.0000000000E+00,    6.7025740230E+00
     24500,      0.676916,CP9_after_PTsource,   1,    0.0000000000E+00,    6.7025740230E+00,    6.7025740230E+00,    0.0000000000E+00,    0.0000000000E+00,    0.0000000000E+00,    6.7025740230E+00
     24500,      0.676916,CP10_after_neg_clamp,   1,    0.0000000000E+00,    6.7025740230E+00,    6.7025740230E+00,    0.0000000000E+00,    0.0000000000E+00,    0.0000000000E+00,    6.7025740230E+00
     24500,      0.676916,CP11_after_MPI,   1,    0.0000000000E+00,    6.7025740230E+00,    6.7025740230E+00,    0.0000000000E+00,    0.0000000000E+00,    0.0000000000E+00,    6.7025740230E+00
     24500,      0.676916,CP12_end,   1,    0.0000000000E+00,    6.7025740230E+00,    6.7025740230E+00,    0.0000000000E+00,    0.0000000000E+00,    0.0000000000E+00,    6.7025740230E+00
     24550,      0.676916,CP0_start,   1,    0.0000000000E+00,    6.7290406654E+00,    6.7290406654E+00,    0.0000000000E+00,    0.0000000000E+00,    0.0000000000E+00,    6.7290406654E+00
     24550,      0.676916,CP1_after_deposition,   1,    0.0000000000E+00,    6.7290406654E+00,    6.7290406654E+00,    0.0000000000E+00,    0.0000000000E+00,    0.0000000000E+00,    6.7290406654E+00
     24550,      0.676916,CP2_after_erosion,   1,    0.0000000000E+00,    6.7290406654E+00,    6.7290406654E+00,    0.0000000000E+00,    0.0000000000E+00,    0.0000000000E+00,    6.7290406654E+00
     24550,      0.676916,CP3_after_update_bottom,   1,    0.0000000000E+00,    6.7290406654E+00,    6.7290406654E+00,    0.0000000000E+00,    0.0000000000E+00,    0.0000000000E+00,    6.7290406654E+00
     24550,      0.676916,CP4_after_advection,   1,    0.0000000000E+00,    6.7294417590E+00,    6.7294417590E+00,    0.0000000000E+00,    0.0000000000E+00,    0.0000000000E+00,    6.7294417590E+00
     24550,      0.676916,CP5_after_vdif,   1,    0.0000000000E+00,    6.7294417590E+00,    6.7294417590E+00,    0.0000000000E+00,    0.0000000000E+00,    0.0000000000E+00,    6.7294417590E+00
     24550,      0.676916,CP6_after_kinetics,   1,    0.0000000000E+00,    6.7294417590E+00,    6.7294417590E+00,    0.0000000000E+00,    0.0000000000E+00,    0.0000000000E+00,    6.7294417590E+00
     24550,      0.676916,CP7_after_upper_clamp,   1,    0.0000000000E+00,    6.7294417590E+00,    6.7294417590E+00,    0.0000000000E+00,    0.0000000000E+00,    0.0000000000E+00,    6.7294417590E+00
     24550,      0.676916,CP8_after_OBC,   1,    0.0000000000E+00,    6.7294417590E+00,    6.7294417590E+00,    0.0000000000E+00,    0.0000000000E+00,    0.0000000000E+00,    6.7294417590E+00
     24550,      0.676916,CP9_after_PTsource,   1,    0.0000000000E+00,    6.7294417590E+00,    6.7294417590E+00,    0.0000000000E+00,    0.0000000000E+00,    0.0000000000E+00,    6.7294417590E+00
     24550,      0.676916,CP10_after_neg_clamp,   1,    0.0000000000E+00,    6.7294417590E+00,    6.7294417590E+00,    0.0000000000E+00,    0.0000000000E+00,    0.0000000000E+00,    6.7294417590E+00
     24550,      0.676916,CP11_after_MPI,   1,    0.0000000000E+00,    6.7294417590E+00,    6.7294417590E+00,    0.0000000000E+00,    0.0000000000E+00,    0.0000000000E+00,    6.7294417590E+00
     24550,      0.676916,CP12_end,   1,    0.0000000000E+00,    6.7294417590E+00,    6.7294417590E+00,    0.0000000000E+00,    0.0000000000E+00,    0.0000000000E+00,    6.7294417590E+00
     24600,      0.676916,CP0_start,   1,    0.0000000000E+00,    6.7559603249E+00,    6.7559603249E+00,    0.0000000000E+00,    0.0000000000E+00,    0.0000000000E+00,    6.7559603249E+00
     24600,      0.676916,CP1_after_deposition,   1,    0.0000000000E+00,    6.7559603249E+00,    6.7559603249E+00,    0.0000000000E+00,    0.0000000000E+00,    0.0000000000E+00,    6.7559603249E+00
     24600,      0.676916,CP2_after_erosion,   1,    0.0000000000E+00,    6.7559603249E+00,    6.7559603249E+00,    0.0000000000E+00,    0.0000000000E+00,    0.0000000000E+00,    6.7559603249E+00
     24600,      0.676916,CP3_after_update_bottom,   1,    0.0000000000E+00,    6.7559603249E+00,    6.7559603249E+00,    0.0000000000E+00,    0.0000000000E+00,    0.0000000000E+00,    6.7559603249E+00
     24600,      0.676916,CP4_after_advection,   1,    0.0000000000E+00,    6.7563638801E+00,    6.7563638801E+00,    0.0000000000E+00,    0.0000000000E+00,    0.0000000000E+00,    6.7563638801E+00
     24600,      0.676916,CP5_after_vdif,   1,    0.0000000000E+00,    6.7563638801E+00,    6.7563638801E+00,    0.0000000000E+00,    0.0000000000E+00,    0.0000000000E+00,    6.7563638801E+00
     24600,      0.676916,CP6_after_kinetics,   1,    0.0000000000E+00,    6.7563638801E+00,    6.7563638801E+00,    0.0000000000E+00,    0.0000000000E+00,    0.0000000000E+00,    6.7563638801E+00
     24600,      0.676916,CP7_after_upper_clamp,   1,    0.0000000000E+00,    6.7563638801E+00,    6.7563638801E+00,    0.0000000000E+00,    0.0000000000E+00,    0.0000000000E+00,    6.7563638801E+00
     24600,      0.676916,CP8_after_OBC,   1,    0.0000000000E+00,    6.7563638801E+00,    6.7563638801E+00,    0.0000000000E+00,    0.0000000000E+00,    0.0000000000E+00,    6.7563638801E+00
     24600,      0.676916,CP9_after_PTsource,   1,    0.0000000000E+00,    6.7563638801E+00,    6.7563638801E+00,    0.0000000000E+00,    0.0000000000E+00,    0.0000000000E+00,    6.7563638801E+00
     24600,      0.676916,CP10_after_neg_clamp,   1,    0.0000000000E+00,    6.7563638801E+00,    6.7563638801E+00,    0.0000000000E+00,    0.0000000000E+00,    0.0000000000E+00,    6.7563638801E+00
     24600,      0.676916,CP11_after_MPI,   1,    0.0000000000E+00,    6.7563638801E+00,    6.7563638801E+00,    0.0000000000E+00,    0.0000000000E+00,    0.0000000000E+00,    6.7563638801E+00
     24600,      0.676916,CP12_end,   1,    0.0000000000E+00,    6.7563638801E+00,    6.7563638801E+00,    0.0000000000E+00,    0.0000000000E+00,    0.0000000000E+00,    6.7563638801E+00
     24650,      0.676916,CP0_start,   1,    0.0000000000E+00,    6.7829350114E+00,    6.7829350114E+00,    0.0000000000E+00,    0.0000000000E+00,    0.0000000000E+00,    6.7829350114E+00
     24650,      0.676916,CP1_after_deposition,   1,    0.0000000000E+00,    6.7829350114E+00,    6.7829350114E+00,    0.0000000000E+00,    0.0000000000E+00,    0.0000000000E+00,    6.7829350114E+00
     24650,      0.676916,CP2_after_erosion,   1,    0.0000000000E+00,    6.7829350114E+00,    6.7829350114E+00,    0.0000000000E+00,    0.0000000000E+00,    0.0000000000E+00,    6.7829350114E+00
     24650,      0.676916,CP3_after_update_bottom,   1,    0.0000000000E+00,    6.7829350114E+00,    6.7829350114E+00,    0.0000000000E+00,    0.0000000000E+00,    0.0000000000E+00,    6.7829350114E+00
     24650,      0.676916,CP4_after_advection,   1,    0.0000000000E+00,    6.7833390017E+00,    6.7833390017E+00,    0.0000000000E+00,    0.0000000000E+00,    0.0000000000E+00,    6.7833390017E+00
     24650,      0.676916,CP5_after_vdif,   1,    0.0000000000E+00,    6.7833390017E+00,    6.7833390017E+00,    0.0000000000E+00,    0.0000000000E+00,    0.0000000000E+00,    6.7833390017E+00
     24650,      0.676916,CP6_after_kinetics,   1,    0.0000000000E+00,    6.7833390017E+00,    6.7833390017E+00,    0.0000000000E+00,    0.0000000000E+00,    0.0000000000E+00,    6.7833390017E+00
     24650,      0.676916,CP7_after_upper_clamp,   1,    0.0000000000E+00,    6.7833390017E+00,    6.7833390017E+00,    0.0000000000E+00,    0.0000000000E+00,    0.0000000000E+00,    6.7833390017E+00
     24650,      0.676916,CP8_after_OBC,   1,    0.0000000000E+00,    6.7833390017E+00,    6.7833390017E+00,    0.0000000000E+00,    0.0000000000E+00,    0.0000000000E+00,    6.7833390017E+00
     24650,      0.676916,CP9_after_PTsource,   1,    0.0000000000E+00,    6.7833390017E+00,    6.7833390017E+00,    0.0000000000E+00,    0.0000000000E+00,    0.0000000000E+00,    6.7833390017E+00
     24650,      0.676916,CP10_after_neg_clamp,   1,    0.0000000000E+00,    6.7833390017E+00,    6.7833390017E+00,    0.0000000000E+00,    0.0000000000E+00,    0.0000000000E+00,    6.7833390017E+00
     24650,      0.676916,CP11_after_MPI,   1,    0.0000000000E+00,    6.7833390017E+00,    6.7833390017E+00,    0.0000000000E+00,    0.0000000000E+00,    0.0000000000E+00,    6.7833390017E+00
     24650,      0.676916,CP12_end,   1,    0.0000000000E+00,    6.7833390017E+00,    6.7833390017E+00,    0.0000000000E+00,    0.0000000000E+00,    0.0000000000E+00,    6.7833390017E+00
     24700,      0.676916,CP0_start,   1,    0.0000000000E+00,    6.8099641456E+00,    6.8099641456E+00,    0.0000000000E+00,    0.0000000000E+00,    0.0000000000E+00,    6.8099641456E+00
     24700,      0.676916,CP1_after_deposition,   1,    0.0000000000E+00,    6.8099641456E+00,    6.8099641456E+00,    0.0000000000E+00,    0.0000000000E+00,    0.0000000000E+00,    6.8099641456E+00
     24700,      0.676916,CP2_after_erosion,   1,    0.0000000000E+00,    6.8099641456E+00,    6.8099641456E+00,    0.0000000000E+00,    0.0000000000E+00,    0.0000000000E+00,    6.8099641456E+00
     24700,      0.676916,CP3_after_update_bottom,   1,    0.0000000000E+00,    6.8099641456E+00,    6.8099641456E+00,    0.0000000000E+00,    0.0000000000E+00,    0.0000000000E+00,    6.8099641456E+00
     24700,      0.676916,CP4_after_advection,   1,    0.0000000000E+00,    6.8103676919E+00,    6.8103676919E+00,    0.0000000000E+00,    0.0000000000E+00,    0.0000000000E+00,    6.8103676919E+00
     24700,      0.676916,CP5_after_vdif,   1,    0.0000000000E+00,    6.8103676919E+00,    6.8103676919E+00,    0.0000000000E+00,    0.0000000000E+00,    0.0000000000E+00,    6.8103676919E+00
     24700,      0.676916,CP6_after_kinetics,   1,    0.0000000000E+00,    6.8103676919E+00,    6.8103676919E+00,    0.0000000000E+00,    0.0000000000E+00,    0.0000000000E+00,    6.8103676919E+00
     24700,      0.676916,CP7_after_upper_clamp,   1,    0.0000000000E+00,    6.8103676919E+00,    6.8103676919E+00,    0.0000000000E+00,    0.0000000000E+00,    0.0000000000E+00,    6.8103676919E+00
     24700,      0.676916,CP8_after_OBC,   1,    0.0000000000E+00,    6.8103676919E+00,    6.8103676919E+00,    0.0000000000E+00,    0.0000000000E+00,    0.0000000000E+00,    6.8103676919E+00
     24700,      0.676916,CP9_after_PTsource,   1,    0.0000000000E+00,    6.8103676919E+00,    6.8103676919E+00,    0.0000000000E+00,    0.0000000000E+00,    0.0000000000E+00,    6.8103676919E+00
     24700,      0.676916,CP10_after_neg_clamp,   1,    0.0000000000E+00,    6.8103676919E+00,    6.8103676919E+00,    0.0000000000E+00,    0.0000000000E+00,    0.0000000000E+00,    6.8103676919E+00
     24700,      0.676916,CP11_after_MPI,   1,    0.0000000000E+00,    6.8103676919E+00,    6.8103676919E+00,    0.0000000000E+00,    0.0000000000E+00,    0.0000000000E+00,    6.8103676919E+00
     24700,      0.676916,CP12_end,   1,    0.0000000000E+00,    6.8103676919E+00,    6.8103676919E+00,    0.0000000000E+00,    0.0000000000E+00,    0.0000000000E+00,    6.8103676919E+00
     24750,      0.676916,CP0_start,   1,    0.0000000000E+00,    6.8370460201E+00,    6.8370460201E+00,    0.0000000000E+00,    0.0000000000E+00,    0.0000000000E+00,    6.8370460201E+00
     24750,      0.676916,CP1_after_deposition,   1,    0.0000000000E+00,    6.8370460201E+00,    6.8370460201E+00,    0.0000000000E+00,    0.0000000000E+00,    0.0000000000E+00,    6.8370460201E+00
     24750,      0.676916,CP2_after_erosion,   1,    0.0000000000E+00,    6.8370460201E+00,    6.8370460201E+00,    0.0000000000E+00,    0.0000000000E+00,    0.0000000000E+00,    6.8370460201E+00
     24750,      0.676916,CP3_after_update_bottom,   1,    0.0000000000E+00,    6.8370460201E+00,    6.8370460201E+00,    0.0000000000E+00,    0.0000000000E+00,    0.0000000000E+00,    6.8370460201E+00
     24750,      0.676916,CP4_after_advection,   1,    0.0000000000E+00,    6.8374501549E+00,    6.8374501549E+00,    0.0000000000E+00,    0.0000000000E+00,    0.0000000000E+00,    6.8374501549E+00
     24750,      0.676916,CP5_after_vdif,   1,    0.0000000000E+00,    6.8374501549E+00,    6.8374501549E+00,    0.0000000000E+00,    0.0000000000E+00,    0.0000000000E+00,    6.8374501549E+00
     24750,      0.676916,CP6_after_kinetics,   1,    0.0000000000E+00,    6.8374501549E+00,    6.8374501549E+00,    0.0000000000E+00,    0.0000000000E+00,    0.0000000000E+00,    6.8374501549E+00
     24750,      0.676916,CP7_after_upper_clamp,   1,    0.0000000000E+00,    6.8374501549E+00,    6.8374501549E+00,    0.0000000000E+00,    0.0000000000E+00,    0.0000000000E+00,    6.8374501549E+00
     24750,      0.676916,CP8_after_OBC,   1,    0.0000000000E+00,    6.8374501549E+00,    6.8374501549E+00,    0.0000000000E+00,    0.0000000000E+00,    0.0000000000E+00,    6.8374501549E+00
     24750,      0.676916,CP9_after_PTsource,   1,    0.0000000000E+00,    6.8374501549E+00,    6.8374501549E+00,    0.0000000000E+00,    0.0000000000E+00,    0.0000000000E+00,    6.8374501549E+00
     24750,      0.676916,CP10_after_neg_clamp,   1,    0.0000000000E+00,    6.8374501549E+00,    6.8374501549E+00,    0.0000000000E+00,    0.0000000000E+00,    0.0000000000E+00,    6.8374501549E+00
     24750,      0.676916,CP11_after_MPI,   1,    0.0000000000E+00,    6.8374501549E+00,    6.8374501549E+00,    0.0000000000E+00,    0.0000000000E+00,    0.0000000000E+00,    6.8374501549E+00
     24750,      0.676916,CP12_end,   1,    0.0000000000E+00,    6.8374501549E+00,    6.8374501549E+00,    0.0000000000E+00,    0.0000000000E+00,    0.0000000000E+00,    6.8374501549E+00
     24800,      0.676916,CP0_start,   1,    0.0000000000E+00,    6.8641804351E+00,    6.8641804351E+00,    0.0000000000E+00,    0.0000000000E+00,    0.0000000000E+00,    6.8641804351E+00
     24800,      0.676916,CP1_after_deposition,   1,    0.0000000000E+00,    6.8641804351E+00,    6.8641804351E+00,    0.0000000000E+00,    0.0000000000E+00,    0.0000000000E+00,    6.8641804351E+00
     24800,      0.676916,CP2_after_erosion,   1,    0.0000000000E+00,    6.8641804351E+00,    6.8641804351E+00,    0.0000000000E+00,    0.0000000000E+00,    0.0000000000E+00,    6.8641804351E+00
     24800,      0.676916,CP3_after_update_bottom,   1,    0.0000000000E+00,    6.8641804351E+00,    6.8641804351E+00,    0.0000000000E+00,    0.0000000000E+00,    0.0000000000E+00,    6.8641804351E+00
     24800,      0.676916,CP4_after_advection,   1,    0.0000000000E+00,    6.8645850488E+00,    6.8645850488E+00,    0.0000000000E+00,    0.0000000000E+00,    0.0000000000E+00,    6.8645850488E+00
     24800,      0.676916,CP5_after_vdif,   1,    0.0000000000E+00,    6.8645850488E+00,    6.8645850488E+00,    0.0000000000E+00,    0.0000000000E+00,    0.0000000000E+00,    6.8645850488E+00
     24800,      0.676916,CP6_after_kinetics,   1,    0.0000000000E+00,    6.8645850488E+00,    6.8645850488E+00,    0.0000000000E+00,    0.0000000000E+00,    0.0000000000E+00,    6.8645850488E+00
     24800,      0.676916,CP7_after_upper_clamp,   1,    0.0000000000E+00,    6.8645850488E+00,    6.8645850488E+00,    0.0000000000E+00,    0.0000000000E+00,    0.0000000000E+00,    6.8645850488E+00
     24800,      0.676916,CP8_after_OBC,   1,    0.0000000000E+00,    6.8645850488E+00,    6.8645850488E+00,    0.0000000000E+00,    0.0000000000E+00,    0.0000000000E+00,    6.8645850488E+00
     24800,      0.676916,CP9_after_PTsource,   1,    0.0000000000E+00,    6.8645850488E+00,    6.8645850488E+00,    0.0000000000E+00,    0.0000000000E+00,    0.0000000000E+00,    6.8645850488E+00
     24800,      0.676916,CP10_after_neg_clamp,   1,    0.0000000000E+00,    6.8645850488E+00,    6.8645850488E+00,    0.0000000000E+00,    0.0000000000E+00,    0.0000000000E+00,    6.8645850488E+00
     24800,      0.676916,CP11_after_MPI,   1,    0.0000000000E+00,    6.8645850488E+00,    6.8645850488E+00,    0.0000000000E+00,    0.0000000000E+00,    0.0000000000E+00,    6.8645850488E+00
     24800,      0.676916,CP12_end,   1,    0.0000000000E+00,    6.8645850488E+00,    6.8645850488E+00,    0.0000000000E+00,    0.0000000000E+00,    0.0000000000E+00,    6.8645850488E+00
     24850,      0.676916,CP0_start,   1,    0.0000000000E+00,    6.8913701646E+00,    6.8913701646E+00,    0.0000000000E+00,    0.0000000000E+00,    0.0000000000E+00,    6.8913701646E+00
     24850,      0.676916,CP1_after_deposition,   1,    0.0000000000E+00,    6.8913701646E+00,    6.8913701646E+00,    0.0000000000E+00,    0.0000000000E+00,    0.0000000000E+00,    6.8913701646E+00
     24850,      0.676916,CP2_after_erosion,   1,    0.0000000000E+00,    6.8913701646E+00,    6.8913701646E+00,    0.0000000000E+00,    0.0000000000E+00,    0.0000000000E+00,    6.8913701646E+00
     24850,      0.676916,CP3_after_update_bottom,   1,    0.0000000000E+00,    6.8913701646E+00,    6.8913701646E+00,    0.0000000000E+00,    0.0000000000E+00,    0.0000000000E+00,    6.8913701646E+00
     24850,      0.676916,CP4_after_advection,   1,    0.0000000000E+00,    6.8917771703E+00,    6.8917771703E+00,    0.0000000000E+00,    0.0000000000E+00,    0.0000000000E+00,    6.8917771703E+00
     24850,      0.676916,CP5_after_vdif,   1,    0.0000000000E+00,    6.8917771703E+00,    6.8917771703E+00,    0.0000000000E+00,    0.0000000000E+00,    0.0000000000E+00,    6.8917771703E+00
     24850,      0.676916,CP6_after_kinetics,   1,    0.0000000000E+00,    6.8917771703E+00,    6.8917771703E+00,    0.0000000000E+00,    0.0000000000E+00,    0.0000000000E+00,    6.8917771703E+00
     24850,      0.676916,CP7_after_upper_clamp,   1,    0.0000000000E+00,    6.8917771703E+00,    6.8917771703E+00,    0.0000000000E+00,    0.0000000000E+00,    0.0000000000E+00,    6.8917771703E+00
     24850,      0.676916,CP8_after_OBC,   1,    0.0000000000E+00,    6.8917771703E+00,    6.8917771703E+00,    0.0000000000E+00,    0.0000000000E+00,    0.0000000000E+00,    6.8917771703E+00
     24850,      0.676916,CP9_after_PTsource,   1,    0.0000000000E+00,    6.8917771703E+00,    6.8917771703E+00,    0.0000000000E+00,    0.0000000000E+00,    0.0000000000E+00,    6.8917771703E+00
     24850,      0.676916,CP10_after_neg_clamp,   1,    0.0000000000E+00,    6.8917771703E+00,    6.8917771703E+00,    0.0000000000E+00,    0.0000000000E+00,    0.0000000000E+00,    6.8917771703E+00
     24850,      0.676916,CP11_after_MPI,   1,    0.0000000000E+00,    6.8917771703E+00,    6.8917771703E+00,    0.0000000000E+00,    0.0000000000E+00,    0.0000000000E+00,    6.8917771703E+00
     24850,      0.676916,CP12_end,   1,    0.0000000000E+00,    6.8917771703E+00,    6.8917771703E+00,    0.0000000000E+00,    0.0000000000E+00,    0.0000000000E+00,    6.8917771703E+00
     24900,      0.676916,CP0_start,   1,    0.0000000000E+00,    6.9186128301E+00,    6.9186128301E+00,    0.0000000000E+00,    0.0000000000E+00,    0.0000000000E+00,    6.9186128301E+00
     24900,      0.676916,CP1_after_deposition,   1,    0.0000000000E+00,    6.9186128301E+00,    6.9186128301E+00,    0.0000000000E+00,    0.0000000000E+00,    0.0000000000E+00,    6.9186128301E+00
     24900,      0.676916,CP2_after_erosion,   1,    0.0000000000E+00,    6.9186128301E+00,    6.9186128301E+00,    0.0000000000E+00,    0.0000000000E+00,    0.0000000000E+00,    6.9186128301E+00
     24900,      0.676916,CP3_after_update_bottom,   1,    0.0000000000E+00,    6.9186128301E+00,    6.9186128301E+00,    0.0000000000E+00,    0.0000000000E+00,    0.0000000000E+00,    6.9186128301E+00
     24900,      0.676916,CP4_after_advection,   1,    0.0000000000E+00,    6.9190208526E+00,    6.9190208526E+00,    0.0000000000E+00,    0.0000000000E+00,    0.0000000000E+00,    6.9190208526E+00
     24900,      0.676916,CP5_after_vdif,   1,    0.0000000000E+00,    6.9190208526E+00,    6.9190208526E+00,    0.0000000000E+00,    0.0000000000E+00,    0.0000000000E+00,    6.9190208526E+00
     24900,      0.676916,CP6_after_kinetics,   1,    0.0000000000E+00,    6.9190208526E+00,    6.9190208526E+00,    0.0000000000E+00,    0.0000000000E+00,    0.0000000000E+00,    6.9190208526E+00
     24900,      0.676916,CP7_after_upper_clamp,   1,    0.0000000000E+00,    6.9190208526E+00,    6.9190208526E+00,    0.0000000000E+00,    0.0000000000E+00,    0.0000000000E+00,    6.9190208526E+00
     24900,      0.676916,CP8_after_OBC,   1,    0.0000000000E+00,    6.9190208526E+00,    6.9190208526E+00,    0.0000000000E+00,    0.0000000000E+00,    0.0000000000E+00,    6.9190208526E+00
     24900,      0.676916,CP9_after_PTsource,   1,    0.0000000000E+00,    6.9190208526E+00,    6.9190208526E+00,    0.0000000000E+00,    0.0000000000E+00,    0.0000000000E+00,    6.9190208526E+00
     24900,      0.676916,CP10_after_neg_clamp,   1,    0.0000000000E+00,    6.9190208526E+00,    6.9190208526E+00,    0.0000000000E+00,    0.0000000000E+00,    0.0000000000E+00,    6.9190208526E+00
     24900,      0.676916,CP11_after_MPI,   1,    0.0000000000E+00,    6.9190208526E+00,    6.9190208526E+00,    0.0000000000E+00,    0.0000000000E+00,    0.0000000000E+00,    6.9190208526E+00
     24900,      0.676916,CP12_end,   1,    0.0000000000E+00,    6.9190208526E+00,    6.9190208526E+00,    0.0000000000E+00,    0.0000000000E+00,    0.0000000000E+00,    6.9190208526E+00
     24950,      0.676916,CP0_start,   1,    0.0000000000E+00,    6.9459096991E+00,    6.9459096991E+00,    0.0000000000E+00,    0.0000000000E+00,    0.0000000000E+00,    6.9459096991E+00
     24950,      0.676916,CP1_after_deposition,   1,    0.0000000000E+00,    6.9459096991E+00,    6.9459096991E+00,    0.0000000000E+00,    0.0000000000E+00,    0.0000000000E+00,    6.9459096991E+00
     24950,      0.676916,CP2_after_erosion,   1,    0.0000000000E+00,    6.9459096991E+00,    6.9459096991E+00,    0.0000000000E+00,    0.0000000000E+00,    0.0000000000E+00,    6.9459096991E+00
     24950,      0.676916,CP3_after_update_bottom,   1,    0.0000000000E+00,    6.9459096991E+00,    6.9459096991E+00,    0.0000000000E+00,    0.0000000000E+00,    0.0000000000E+00,    6.9459096991E+00
     24950,      0.676916,CP4_after_advection,   1,    0.0000000000E+00,    6.9463193177E+00,    6.9463193177E+00,    0.0000000000E+00,    0.0000000000E+00,    0.0000000000E+00,    6.9463193177E+00
     24950,      0.676916,CP5_after_vdif,   1,    0.0000000000E+00,    6.9463193177E+00,    6.9463193177E+00,    0.0000000000E+00,    0.0000000000E+00,    0.0000000000E+00,    6.9463193177E+00
     24950,      0.676916,CP6_after_kinetics,   1,    0.0000000000E+00,    6.9463193177E+00,    6.9463193177E+00,    0.0000000000E+00,    0.0000000000E+00,    0.0000000000E+00,    6.9463193177E+00
     24950,      0.676916,CP7_after_upper_clamp,   1,    0.0000000000E+00,    6.9463193177E+00,    6.9463193177E+00,    0.0000000000E+00,    0.0000000000E+00,    0.0000000000E+00,    6.9463193177E+00
     24950,      0.676916,CP8_after_OBC,   1,    0.0000000000E+00,    6.9463193177E+00,    6.9463193177E+00,    0.0000000000E+00,    0.0000000000E+00,    0.0000000000E+00,    6.9463193177E+00
     24950,      0.676916,CP9_after_PTsource,   1,    0.0000000000E+00,    6.9463193177E+00,    6.9463193177E+00,    0.0000000000E+00,    0.0000000000E+00,    0.0000000000E+00,    6.9463193177E+00
     24950,      0.676916,CP10_after_neg_clamp,   1,    0.0000000000E+00,    6.9463193177E+00,    6.9463193177E+00,    0.0000000000E+00,    0.0000000000E+00,    0.0000000000E+00,    6.9463193177E+00
     24950,      0.676916,CP11_after_MPI,   1,    0.0000000000E+00,    6.9463193177E+00,    6.9463193177E+00,    0.0000000000E+00,    0.0000000000E+00,    0.0000000000E+00,    6.9463193177E+00
     24950,      0.676916,CP12_end,   1,    0.0000000000E+00,    6.9463193177E+00,    6.9463193177E+00,    0.0000000000E+00,    0.0000000000E+00,    0.0000000000E+00,    6.9463193177E+00
     25000,      0.676916,CP0_start,   1,    0.0000000000E+00,    6.9732607199E+00,    6.9732607199E+00,    0.0000000000E+00,    0.0000000000E+00,    0.0000000000E+00,    6.9732607199E+00
     25000,      0.676916,CP1_after_deposition,   1,    0.0000000000E+00,    6.9732607199E+00,    6.9732607199E+00,    0.0000000000E+00,    0.0000000000E+00,    0.0000000000E+00,    6.9732607199E+00
     25000,      0.676916,CP2_after_erosion,   1,    0.0000000000E+00,    6.9732607199E+00,    6.9732607199E+00,    0.0000000000E+00,    0.0000000000E+00,    0.0000000000E+00,    6.9732607199E+00
     25000,      0.676916,CP3_after_update_bottom,   1,    0.0000000000E+00,    6.9732607199E+00,    6.9732607199E+00,    0.0000000000E+00,    0.0000000000E+00,    0.0000000000E+00,    6.9732607199E+00
     25000,      0.676916,CP4_after_advection,   1,    0.0000000000E+00,    6.9736715445E+00,    6.9736715445E+00,    0.0000000000E+00,    0.0000000000E+00,    0.0000000000E+00,    6.9736715445E+00
     25000,      0.676916,CP5_after_vdif,   1,    0.0000000000E+00,    6.9736715445E+00,    6.9736715445E+00,    0.0000000000E+00,    0.0000000000E+00,    0.0000000000E+00,    6.9736715445E+00
     25000,      0.676916,CP6_after_kinetics,   1,    0.0000000000E+00,    6.9736715445E+00,    6.9736715445E+00,    0.0000000000E+00,    0.0000000000E+00,    0.0000000000E+00,    6.9736715445E+00
     25000,      0.676916,CP7_after_upper_clamp,   1,    0.0000000000E+00,    6.9736715445E+00,    6.9736715445E+00,    0.0000000000E+00,    0.0000000000E+00,    0.0000000000E+00,    6.9736715445E+00
     25000,      0.676916,CP8_after_OBC,   1,    0.0000000000E+00,    6.9736715445E+00,    6.9736715445E+00,    0.0000000000E+00,    0.0000000000E+00,    0.0000000000E+00,    6.9736715445E+00
     25000,      0.676916,CP9_after_PTsource,   1,    0.0000000000E+00,    6.9736715445E+00,    6.9736715445E+00,    0.0000000000E+00,    0.0000000000E+00,    0.0000000000E+00,    6.9736715445E+00
     25000,      0.676916,CP10_after_neg_clamp,   1,    0.0000000000E+00,    6.9736715445E+00,    6.9736715445E+00,    0.0000000000E+00,    0.0000000000E+00,    0.0000000000E+00,    6.9736715445E+00
     25000,      0.676916,CP11_after_MPI,   1,    0.0000000000E+00,    6.9736715445E+00,    6.9736715445E+00,    0.0000000000E+00,    0.0000000000E+00,    0.0000000000E+00,    6.9736715445E+00
     25000,      0.676916,CP12_end,   1,    0.0000000000E+00,    6.9736715445E+00,    6.9736715445E+00,    0.0000000000E+00,    0.0000000000E+00,    0.0000000000E+00,    6.9736715445E+00
     25050,      0.676916,CP0_start,   1,    0.0000000000E+00,    7.0006651624E+00,    7.0006651624E+00,    0.0000000000E+00,    0.0000000000E+00,    0.0000000000E+00,    7.0006651624E+00
     25050,      0.676916,CP1_after_deposition,   1,    0.0000000000E+00,    7.0006651624E+00,    7.0006651624E+00,    0.0000000000E+00,    0.0000000000E+00,    0.0000000000E+00,    7.0006651624E+00
     25050,      0.676916,CP2_after_erosion,   1,    0.0000000000E+00,    7.0006651624E+00,    7.0006651624E+00,    0.0000000000E+00,    0.0000000000E+00,    0.0000000000E+00,    7.0006651624E+00
     25050,      0.676916,CP3_after_update_bottom,   1,    0.0000000000E+00,    7.0006651624E+00,    7.0006651624E+00,    0.0000000000E+00,    0.0000000000E+00,    0.0000000000E+00,    7.0006651624E+00
     25050,      0.676916,CP4_after_advection,   1,    0.0000000000E+00,    7.0010775832E+00,    7.0010775832E+00,    0.0000000000E+00,    0.0000000000E+00,    0.0000000000E+00,    7.0010775832E+00
     25050,      0.676916,CP5_after_vdif,   1,    0.0000000000E+00,    7.0010775832E+00,    7.0010775832E+00,    0.0000000000E+00,    0.0000000000E+00,    0.0000000000E+00,    7.0010775832E+00
     25050,      0.676916,CP6_after_kinetics,   1,    0.0000000000E+00,    7.0010775832E+00,    7.0010775832E+00,    0.0000000000E+00,    0.0000000000E+00,    0.0000000000E+00,    7.0010775832E+00
     25050,      0.676916,CP7_after_upper_clamp,   1,    0.0000000000E+00,    7.0010775832E+00,    7.0010775832E+00,    0.0000000000E+00,    0.0000000000E+00,    0.0000000000E+00,    7.0010775832E+00
     25050,      0.676916,CP8_after_OBC,   1,    0.0000000000E+00,    7.0010775832E+00,    7.0010775832E+00,    0.0000000000E+00,    0.0000000000E+00,    0.0000000000E+00,    7.0010775832E+00
     25050,      0.676916,CP9_after_PTsource,   1,    0.0000000000E+00,    7.0010775832E+00,    7.0010775832E+00,    0.0000000000E+00,    0.0000000000E+00,    0.0000000000E+00,    7.0010775832E+00
     25050,      0.676916,CP10_after_neg_clamp,   1,    0.0000000000E+00,    7.0010775832E+00,    7.0010775832E+00,    0.0000000000E+00,    0.0000000000E+00,    0.0000000000E+00,    7.0010775832E+00
     25050,      0.676916,CP11_after_MPI,   1,    0.0000000000E+00,    7.0010775832E+00,    7.0010775832E+00,    0.0000000000E+00,    0.0000000000E+00,    0.0000000000E+00,    7.0010775832E+00
     25050,      0.676916,CP12_end,   1,    0.0000000000E+00,    7.0010775832E+00,    7.0010775832E+00,    0.0000000000E+00,    0.0000000000E+00,    0.0000000000E+00,    7.0010775832E+00
     25100,      0.676916,CP0_start,   1,    0.0000000000E+00,    7.0281226383E+00,    7.0281226383E+00,    0.0000000000E+00,    0.0000000000E+00,    0.0000000000E+00,    7.0281226383E+00
     25100,      0.676916,CP1_after_deposition,   1,    0.0000000000E+00,    7.0281226383E+00,    7.0281226383E+00,    0.0000000000E+00,    0.0000000000E+00,    0.0000000000E+00,    7.0281226383E+00
     25100,      0.676916,CP2_after_erosion,   1,    0.0000000000E+00,    7.0281226383E+00,    7.0281226383E+00,    0.0000000000E+00,    0.0000000000E+00,    0.0000000000E+00,    7.0281226383E+00
     25100,      0.676916,CP3_after_update_bottom,   1,    0.0000000000E+00,    7.0281226383E+00,    7.0281226383E+00,    0.0000000000E+00,    0.0000000000E+00,    0.0000000000E+00,    7.0281226383E+00
     25100,      0.676916,CP4_after_advection,   1,    0.0000000000E+00,    7.0285360907E+00,    7.0285360907E+00,    0.0000000000E+00,    0.0000000000E+00,    0.0000000000E+00,    7.0285360907E+00
     25100,      0.676916,CP5_after_vdif,   1,    0.0000000000E+00,    7.0285360907E+00,    7.0285360907E+00,    0.0000000000E+00,    0.0000000000E+00,    0.0000000000E+00,    7.0285360907E+00
     25100,      0.676916,CP6_after_kinetics,   1,    0.0000000000E+00,    7.0285360907E+00,    7.0285360907E+00,    0.0000000000E+00,    0.0000000000E+00,    0.0000000000E+00,    7.0285360907E+00
     25100,      0.676916,CP7_after_upper_clamp,   1,    0.0000000000E+00,    7.0285360907E+00,    7.0285360907E+00,    0.0000000000E+00,    0.0000000000E+00,    0.0000000000E+00,    7.0285360907E+00
     25100,      0.676916,CP8_after_OBC,   1,    0.0000000000E+00,    7.0285360907E+00,    7.0285360907E+00,    0.0000000000E+00,    0.0000000000E+00,    0.0000000000E+00,    7.0285360907E+00
     25100,      0.676916,CP9_after_PTsource,   1,    0.0000000000E+00,    7.0285360907E+00,    7.0285360907E+00,    0.0000000000E+00,    0.0000000000E+00,    0.0000000000E+00,    7.0285360907E+00
     25100,      0.676916,CP10_after_neg_clamp,   1,    0.0000000000E+00,    7.0285360907E+00,    7.0285360907E+00,    0.0000000000E+00,    0.0000000000E+00,    0.0000000000E+00,    7.0285360907E+00
     25100,      0.676916,CP11_after_MPI,   1,    0.0000000000E+00,    7.0285360907E+00,    7.0285360907E+00,    0.0000000000E+00,    0.0000000000E+00,    0.0000000000E+00,    7.0285360907E+00
     25100,      0.676916,CP12_end,   1,    0.0000000000E+00,    7.0285360907E+00,    7.0285360907E+00,    0.0000000000E+00,    0.0000000000E+00,    0.0000000000E+00,    7.0285360907E+00
     25150,      0.676916,CP0_start,   1,    0.0000000000E+00,    7.0556358182E+00,    7.0556358182E+00,    0.0000000000E+00,    0.0000000000E+00,    0.0000000000E+00,    7.0556358182E+00
     25150,      0.676916,CP1_after_deposition,   1,    0.0000000000E+00,    7.0556358182E+00,    7.0556358182E+00,    0.0000000000E+00,    0.0000000000E+00,    0.0000000000E+00,    7.0556358182E+00
     25150,      0.676916,CP2_after_erosion,   1,    0.0000000000E+00,    7.0556358182E+00,    7.0556358182E+00,    0.0000000000E+00,    0.0000000000E+00,    0.0000000000E+00,    7.0556358182E+00
     25150,      0.676916,CP3_after_update_bottom,   1,    0.0000000000E+00,    7.0556358182E+00,    7.0556358182E+00,    0.0000000000E+00,    0.0000000000E+00,    0.0000000000E+00,    7.0556358182E+00
     25150,      0.676916,CP4_after_advection,   1,    0.0000000000E+00,    7.0560500129E+00,    7.0560500129E+00,    0.0000000000E+00,    0.0000000000E+00,    0.0000000000E+00,    7.0560500129E+00
     25150,      0.676916,CP5_after_vdif,   1,    0.0000000000E+00,    7.0560500129E+00,    7.0560500129E+00,    0.0000000000E+00,    0.0000000000E+00,    0.0000000000E+00,    7.0560500129E+00
     25150,      0.676916,CP6_after_kinetics,   1,    0.0000000000E+00,    7.0560500129E+00,    7.0560500129E+00,    0.0000000000E+00,    0.0000000000E+00,    0.0000000000E+00,    7.0560500129E+00
     25150,      0.676916,CP7_after_upper_clamp,   1,    0.0000000000E+00,    7.0560500129E+00,    7.0560500129E+00,    0.0000000000E+00,    0.0000000000E+00,    0.0000000000E+00,    7.0560500129E+00
     25150,      0.676916,CP8_after_OBC,   1,    0.0000000000E+00,    7.0560500129E+00,    7.0560500129E+00,    0.0000000000E+00,    0.0000000000E+00,    0.0000000000E+00,    7.0560500129E+00
     25150,      0.676916,CP9_after_PTsource,   1,    0.0000000000E+00,    7.0560500129E+00,    7.0560500129E+00,    0.0000000000E+00,    0.0000000000E+00,    0.0000000000E+00,    7.0560500129E+00
     25150,      0.676916,CP10_after_neg_clamp,   1,    0.0000000000E+00,    7.0560500129E+00,    7.0560500129E+00,    0.0000000000E+00,    0.0000000000E+00,    0.0000000000E+00,    7.0560500129E+00
     25150,      0.676916,CP11_after_MPI,   1,    0.0000000000E+00,    7.0560500129E+00,    7.0560500129E+00,    0.0000000000E+00,    0.0000000000E+00,    0.0000000000E+00,    7.0560500129E+00
     25150,      0.676916,CP12_end,   1,    0.0000000000E+00,    7.0560500129E+00,    7.0560500129E+00,    0.0000000000E+00,    0.0000000000E+00,    0.0000000000E+00,    7.0560500129E+00
     25200,      0.676916,CP0_start,   1,    0.0000000000E+00,    7.0832016075E+00,    7.0832016075E+00,    0.0000000000E+00,    0.0000000000E+00,    0.0000000000E+00,    7.0832016075E+00
     25200,      0.676916,CP1_after_deposition,   1,    0.0000000000E+00,    7.0832016075E+00,    7.0832016075E+00,    0.0000000000E+00,    0.0000000000E+00,    0.0000000000E+00,    7.0832016075E+00
     25200,      0.676916,CP2_after_erosion,   1,    0.0000000000E+00,    7.0832016075E+00,    7.0832016075E+00,    0.0000000000E+00,    0.0000000000E+00,    0.0000000000E+00,    7.0832016075E+00
     25200,      0.676916,CP3_after_update_bottom,   1,    0.0000000000E+00,    7.0832016075E+00,    7.0832016075E+00,    0.0000000000E+00,    0.0000000000E+00,    0.0000000000E+00,    7.0832016075E+00
     25200,      0.676916,CP4_after_advection,   1,    0.0000000000E+00,    7.0836163153E+00,    7.0836163153E+00,    0.0000000000E+00,    0.0000000000E+00,    0.0000000000E+00,    7.0836163153E+00
     25200,      0.676916,CP5_after_vdif,   1,    0.0000000000E+00,    7.0836163153E+00,    7.0836163153E+00,    0.0000000000E+00,    0.0000000000E+00,    0.0000000000E+00,    7.0836163153E+00
     25200,      0.676916,CP6_after_kinetics,   1,    0.0000000000E+00,    7.0836163153E+00,    7.0836163153E+00,    0.0000000000E+00,    0.0000000000E+00,    0.0000000000E+00,    7.0836163153E+00
     25200,      0.676916,CP7_after_upper_clamp,   1,    0.0000000000E+00,    7.0836163153E+00,    7.0836163153E+00,    0.0000000000E+00,    0.0000000000E+00,    0.0000000000E+00,    7.0836163153E+00
     25200,      0.676916,CP8_after_OBC,   1,    0.0000000000E+00,    7.0836163153E+00,    7.0836163153E+00,    0.0000000000E+00,    0.0000000000E+00,    0.0000000000E+00,    7.0836163153E+00
     25200,      0.676916,CP9_after_PTsource,   1,    0.0000000000E+00,    7.0836163153E+00,    7.0836163153E+00,    0.0000000000E+00,    0.0000000000E+00,    0.0000000000E+00,    7.0836163153E+00
     25200,      0.676916,CP10_after_neg_clamp,   1,    0.0000000000E+00,    7.0836163153E+00,    7.0836163153E+00,    0.0000000000E+00,    0.0000000000E+00,    0.0000000000E+00,    7.0836163153E+00
     25200,      0.676916,CP11_after_MPI,   1,    0.0000000000E+00,    7.0836163153E+00,    7.0836163153E+00,    0.0000000000E+00,    0.0000000000E+00,    0.0000000000E+00,    7.0836163153E+00
     25200,      0.676916,CP12_end,   1,    0.0000000000E+00,    7.0836163153E+00,    7.0836163153E+00,    0.0000000000E+00,    0.0000000000E+00,    0.0000000000E+00,    7.0836163153E+00
     25250,      0.676916,CP0_start,   1,    0.0000000000E+00,    7.1108186438E+00,    7.1108186438E+00,    0.0000000000E+00,    0.0000000000E+00,    0.0000000000E+00,    7.1108186438E+00
     25250,      0.676916,CP1_after_deposition,   1,    0.0000000000E+00,    7.1108186438E+00,    7.1108186438E+00,    0.0000000000E+00,    0.0000000000E+00,    0.0000000000E+00,    7.1108186438E+00
     25250,      0.676916,CP2_after_erosion,   1,    0.0000000000E+00,    7.1108186438E+00,    7.1108186438E+00,    0.0000000000E+00,    0.0000000000E+00,    0.0000000000E+00,    7.1108186438E+00
     25250,      0.676916,CP3_after_update_bottom,   1,    0.0000000000E+00,    7.1108186438E+00,    7.1108186438E+00,    0.0000000000E+00,    0.0000000000E+00,    0.0000000000E+00,    7.1108186438E+00
     25250,      0.676916,CP4_after_advection,   1,    0.0000000000E+00,    7.1112347211E+00,    7.1112347211E+00,    0.0000000000E+00,    0.0000000000E+00,    0.0000000000E+00,    7.1112347211E+00
     25250,      0.676916,CP5_after_vdif,   1,    0.0000000000E+00,    7.1112347211E+00,    7.1112347211E+00,    0.0000000000E+00,    0.0000000000E+00,    0.0000000000E+00,    7.1112347211E+00
     25250,      0.676916,CP6_after_kinetics,   1,    0.0000000000E+00,    7.1112347211E+00,    7.1112347211E+00,    0.0000000000E+00,    0.0000000000E+00,    0.0000000000E+00,    7.1112347211E+00
     25250,      0.676916,CP7_after_upper_clamp,   1,    0.0000000000E+00,    7.1112347211E+00,    7.1112347211E+00,    0.0000000000E+00,    0.0000000000E+00,    0.0000000000E+00,    7.1112347211E+00
     25250,      0.676916,CP8_after_OBC,   1,    0.0000000000E+00,    7.1112347211E+00,    7.1112347211E+00,    0.0000000000E+00,    0.0000000000E+00,    0.0000000000E+00,    7.1112347211E+00
     25250,      0.676916,CP9_after_PTsource,   1,    0.0000000000E+00,    7.1112347211E+00,    7.1112347211E+00,    0.0000000000E+00,    0.0000000000E+00,    0.0000000000E+00,    7.1112347211E+00
     25250,      0.676916,CP10_after_neg_clamp,   1,    0.0000000000E+00,    7.1112347211E+00,    7.1112347211E+00,    0.0000000000E+00,    0.0000000000E+00,    0.0000000000E+00,    7.1112347211E+00
     25250,      0.676916,CP11_after_MPI,   1,    0.0000000000E+00,    7.1112347211E+00,    7.1112347211E+00,    0.0000000000E+00,    0.0000000000E+00,    0.0000000000E+00,    7.1112347211E+00
     25250,      0.676916,CP12_end,   1,    0.0000000000E+00,    7.1112347211E+00,    7.1112347211E+00,    0.0000000000E+00,    0.0000000000E+00,    0.0000000000E+00,    7.1112347211E+00
     25300,      0.676917,CP0_start,   1,    0.0000000000E+00,    7.1384880262E+00,    7.1384880262E+00,    0.0000000000E+00,    0.0000000000E+00,    0.0000000000E+00,    7.1384880262E+00
     25300,      0.676917,CP1_after_deposition,   1,    0.0000000000E+00,    7.1384880262E+00,    7.1384880262E+00,    0.0000000000E+00,    0.0000000000E+00,    0.0000000000E+00,    7.1384880262E+00
     25300,      0.676917,CP2_after_erosion,   1,    0.0000000000E+00,    7.1384880262E+00,    7.1384880262E+00,    0.0000000000E+00,    0.0000000000E+00,    0.0000000000E+00,    7.1384880262E+00
     25300,      0.676917,CP3_after_update_bottom,   1,    0.0000000000E+00,    7.1384880262E+00,    7.1384880262E+00,    0.0000000000E+00,    0.0000000000E+00,    0.0000000000E+00,    7.1384880262E+00
     25300,      0.676917,CP4_after_advection,   1,    0.0000000000E+00,    7.1389058964E+00,    7.1389058964E+00,    0.0000000000E+00,    0.0000000000E+00,    0.0000000000E+00,    7.1389058964E+00
     25300,      0.676917,CP5_after_vdif,   1,    0.0000000000E+00,    7.1389058964E+00,    7.1389058964E+00,    0.0000000000E+00,    0.0000000000E+00,    0.0000000000E+00,    7.1389058964E+00
     25300,      0.676917,CP6_after_kinetics,   1,    0.0000000000E+00,    7.1389058964E+00,    7.1389058964E+00,    0.0000000000E+00,    0.0000000000E+00,    0.0000000000E+00,    7.1389058964E+00
     25300,      0.676917,CP7_after_upper_clamp,   1,    0.0000000000E+00,    7.1389058964E+00,    7.1389058964E+00,    0.0000000000E+00,    0.0000000000E+00,    0.0000000000E+00,    7.1389058964E+00
     25300,      0.676917,CP8_after_OBC,   1,    0.0000000000E+00,    7.1389058964E+00,    7.1389058964E+00,    0.0000000000E+00,    0.0000000000E+00,    0.0000000000E+00,    7.1389058964E+00
     25300,      0.676917,CP9_after_PTsource,   1,    0.0000000000E+00,    7.1389058964E+00,    7.1389058964E+00,    0.0000000000E+00,    0.0000000000E+00,    0.0000000000E+00,    7.1389058964E+00
     25300,      0.676917,CP10_after_neg_clamp,   1,    0.0000000000E+00,    7.1389058964E+00,    7.1389058964E+00,    0.0000000000E+00,    0.0000000000E+00,    0.0000000000E+00,    7.1389058964E+00
     25300,      0.676917,CP11_after_MPI,   1,    0.0000000000E+00,    7.1389058964E+00,    7.1389058964E+00,    0.0000000000E+00,    0.0000000000E+00,    0.0000000000E+00,    7.1389058964E+00
     25300,      0.676917,CP12_end,   1,    0.0000000000E+00,    7.1389058964E+00,    7.1389058964E+00,    0.0000000000E+00,    0.0000000000E+00,    0.0000000000E+00,    7.1389058964E+00
     25350,      0.676917,CP0_start,   1,    0.0000000000E+00,    7.1662118586E+00,    7.1662118586E+00,    0.0000000000E+00,    0.0000000000E+00,    0.0000000000E+00,    7.1662118586E+00
     25350,      0.676917,CP1_after_deposition,   1,    0.0000000000E+00,    7.1662118586E+00,    7.1662118586E+00,    0.0000000000E+00,    0.0000000000E+00,    0.0000000000E+00,    7.1662118586E+00
     25350,      0.676917,CP2_after_erosion,   1,    0.0000000000E+00,    7.1662118586E+00,    7.1662118586E+00,    0.0000000000E+00,    0.0000000000E+00,    0.0000000000E+00,    7.1662118586E+00
     25350,      0.676917,CP3_after_update_bottom,   1,    0.0000000000E+00,    7.1662118586E+00,    7.1662118586E+00,    0.0000000000E+00,    0.0000000000E+00,    0.0000000000E+00,    7.1662118586E+00
     25350,      0.676917,CP4_after_advection,   1,    0.0000000000E+00,    7.1666311219E+00,    7.1666311219E+00,    0.0000000000E+00,    0.0000000000E+00,    0.0000000000E+00,    7.1666311219E+00
     25350,      0.676917,CP5_after_vdif,   1,    0.0000000000E+00,    7.1666311219E+00,    7.1666311219E+00,    0.0000000000E+00,    0.0000000000E+00,    0.0000000000E+00,    7.1666311219E+00
     25350,      0.676917,CP6_after_kinetics,   1,    0.0000000000E+00,    7.1666311219E+00,    7.1666311219E+00,    0.0000000000E+00,    0.0000000000E+00,    0.0000000000E+00,    7.1666311219E+00
     25350,      0.676917,CP7_after_upper_clamp,   1,    0.0000000000E+00,    7.1666311219E+00,    7.1666311219E+00,    0.0000000000E+00,    0.0000000000E+00,    0.0000000000E+00,    7.1666311219E+00
     25350,      0.676917,CP8_after_OBC,   1,    0.0000000000E+00,    7.1666311219E+00,    7.1666311219E+00,    0.0000000000E+00,    0.0000000000E+00,    0.0000000000E+00,    7.1666311219E+00
     25350,      0.676917,CP9_after_PTsource,   1,    0.0000000000E+00,    7.1666311219E+00,    7.1666311219E+00,    0.0000000000E+00,    0.0000000000E+00,    0.0000000000E+00,    7.1666311219E+00
     25350,      0.676917,CP10_after_neg_clamp,   1,    0.0000000000E+00,    7.1666311219E+00,    7.1666311219E+00,    0.0000000000E+00,    0.0000000000E+00,    0.0000000000E+00,    7.1666311219E+00
     25350,      0.676917,CP11_after_MPI,   1,    0.0000000000E+00,    7.1666311219E+00,    7.1666311219E+00,    0.0000000000E+00,    0.0000000000E+00,    0.0000000000E+00,    7.1666311219E+00
     25350,      0.676917,CP12_end,   1,    0.0000000000E+00,    7.1666311219E+00,    7.1666311219E+00,    0.0000000000E+00,    0.0000000000E+00,    0.0000000000E+00,    7.1666311219E+00
     25400,      0.676917,CP0_start,   1,    0.0000000000E+00,    7.1939861809E+00,    7.1939861809E+00,    0.0000000000E+00,    0.0000000000E+00,    0.0000000000E+00,    7.1939861809E+00
     25400,      0.676917,CP1_after_deposition,   1,    0.0000000000E+00,    7.1939861809E+00,    7.1939861809E+00,    0.0000000000E+00,    0.0000000000E+00,    0.0000000000E+00,    7.1939861809E+00
     25400,      0.676917,CP2_after_erosion,   1,    0.0000000000E+00,    7.1939861809E+00,    7.1939861809E+00,    0.0000000000E+00,    0.0000000000E+00,    0.0000000000E+00,    7.1939861809E+00
     25400,      0.676917,CP3_after_update_bottom,   1,    0.0000000000E+00,    7.1939861809E+00,    7.1939861809E+00,    0.0000000000E+00,    0.0000000000E+00,    0.0000000000E+00,    7.1939861809E+00
     25400,      0.676917,CP4_after_advection,   1,    0.0000000000E+00,    7.1944066564E+00,    7.1944066564E+00,    0.0000000000E+00,    0.0000000000E+00,    0.0000000000E+00,    7.1944066564E+00
     25400,      0.676917,CP5_after_vdif,   1,    0.0000000000E+00,    7.1944066564E+00,    7.1944066564E+00,    0.0000000000E+00,    0.0000000000E+00,    0.0000000000E+00,    7.1944066564E+00
     25400,      0.676917,CP6_after_kinetics,   1,    0.0000000000E+00,    7.1944066564E+00,    7.1944066564E+00,    0.0000000000E+00,    0.0000000000E+00,    0.0000000000E+00,    7.1944066564E+00
     25400,      0.676917,CP7_after_upper_clamp,   1,    0.0000000000E+00,    7.1944066564E+00,    7.1944066564E+00,    0.0000000000E+00,    0.0000000000E+00,    0.0000000000E+00,    7.1944066564E+00
     25400,      0.676917,CP8_after_OBC,   1,    0.0000000000E+00,    7.1944066564E+00,    7.1944066564E+00,    0.0000000000E+00,    0.0000000000E+00,    0.0000000000E+00,    7.1944066564E+00
     25400,      0.676917,CP9_after_PTsource,   1,    0.0000000000E+00,    7.1944066564E+00,    7.1944066564E+00,    0.0000000000E+00,    0.0000000000E+00,    0.0000000000E+00,    7.1944066564E+00
     25400,      0.676917,CP10_after_neg_clamp,   1,    0.0000000000E+00,    7.1944066564E+00,    7.1944066564E+00,    0.0000000000E+00,    0.0000000000E+00,    0.0000000000E+00,    7.1944066564E+00
     25400,      0.676917,CP11_after_MPI,   1,    0.0000000000E+00,    7.1944066564E+00,    7.1944066564E+00,    0.0000000000E+00,    0.0000000000E+00,    0.0000000000E+00,    7.1944066564E+00
     25400,      0.676917,CP12_end,   1,    0.0000000000E+00,    7.1944066564E+00,    7.1944066564E+00,    0.0000000000E+00,    0.0000000000E+00,    0.0000000000E+00,    7.1944066564E+00
     25450,      0.676917,CP0_start,   1,    0.0000000000E+00,    7.2218157544E+00,    7.2218157544E+00,    0.0000000000E+00,    0.0000000000E+00,    0.0000000000E+00,    7.2218157544E+00
     25450,      0.676917,CP1_after_deposition,   1,    0.0000000000E+00,    7.2218157544E+00,    7.2218157544E+00,    0.0000000000E+00,    0.0000000000E+00,    0.0000000000E+00,    7.2218157544E+00
     25450,      0.676917,CP2_after_erosion,   1,    0.0000000000E+00,    7.2218157544E+00,    7.2218157544E+00,    0.0000000000E+00,    0.0000000000E+00,    0.0000000000E+00,    7.2218157544E+00
     25450,      0.676917,CP3_after_update_bottom,   1,    0.0000000000E+00,    7.2218157544E+00,    7.2218157544E+00,    0.0000000000E+00,    0.0000000000E+00,    0.0000000000E+00,    7.2218157544E+00
     25450,      0.676917,CP4_after_advection,   1,    0.0000000000E+00,    7.2222368400E+00,    7.2222368400E+00,    0.0000000000E+00,    0.0000000000E+00,    0.0000000000E+00,    7.2222368400E+00
     25450,      0.676917,CP5_after_vdif,   1,    0.0000000000E+00,    7.2222368400E+00,    7.2222368400E+00,    0.0000000000E+00,    0.0000000000E+00,    0.0000000000E+00,    7.2222368400E+00
     25450,      0.676917,CP6_after_kinetics,   1,    0.0000000000E+00,    7.2222368400E+00,    7.2222368400E+00,    0.0000000000E+00,    0.0000000000E+00,    0.0000000000E+00,    7.2222368400E+00
     25450,      0.676917,CP7_after_upper_clamp,   1,    0.0000000000E+00,    7.2222368400E+00,    7.2222368400E+00,    0.0000000000E+00,    0.0000000000E+00,    0.0000000000E+00,    7.2222368400E+00
     25450,      0.676917,CP8_after_OBC,   1,    0.0000000000E+00,    7.2222368400E+00,    7.2222368400E+00,    0.0000000000E+00,    0.0000000000E+00,    0.0000000000E+00,    7.2222368400E+00
     25450,      0.676917,CP9_after_PTsource,   1,    0.0000000000E+00,    7.2222368400E+00,    7.2222368400E+00,    0.0000000000E+00,    0.0000000000E+00,    0.0000000000E+00,    7.2222368400E+00
     25450,      0.676917,CP10_after_neg_clamp,   1,    0.0000000000E+00,    7.2222368400E+00,    7.2222368400E+00,    0.0000000000E+00,    0.0000000000E+00,    0.0000000000E+00,    7.2222368400E+00
     25450,      0.676917,CP11_after_MPI,   1,    0.0000000000E+00,    7.2222368400E+00,    7.2222368400E+00,    0.0000000000E+00,    0.0000000000E+00,    0.0000000000E+00,    7.2222368400E+00
     25450,      0.676917,CP12_end,   1,    0.0000000000E+00,    7.2222368400E+00,    7.2222368400E+00,    0.0000000000E+00,    0.0000000000E+00,    0.0000000000E+00,    7.2222368400E+00
     25500,      0.676917,CP0_start,   1,    0.0000000000E+00,    7.2496974173E+00,    7.2496974173E+00,    0.0000000000E+00,    0.0000000000E+00,    0.0000000000E+00,    7.2496974173E+00
     25500,      0.676917,CP1_after_deposition,   1,    0.0000000000E+00,    7.2496974173E+00,    7.2496974173E+00,    0.0000000000E+00,    0.0000000000E+00,    0.0000000000E+00,    7.2496974173E+00
     25500,      0.676917,CP2_after_erosion,   1,    0.0000000000E+00,    7.2496974173E+00,    7.2496974173E+00,    0.0000000000E+00,    0.0000000000E+00,    0.0000000000E+00,    7.2496974173E+00
     25500,      0.676917,CP3_after_update_bottom,   1,    0.0000000000E+00,    7.2496974173E+00,    7.2496974173E+00,    0.0000000000E+00,    0.0000000000E+00,    0.0000000000E+00,    7.2496974173E+00
     25500,      0.676917,CP4_after_advection,   1,    0.0000000000E+00,    7.2501205584E+00,    7.2501205584E+00,    0.0000000000E+00,    0.0000000000E+00,    0.0000000000E+00,    7.2501205584E+00
     25500,      0.676917,CP5_after_vdif,   1,    0.0000000000E+00,    7.2501205584E+00,    7.2501205584E+00,    0.0000000000E+00,    0.0000000000E+00,    0.0000000000E+00,    7.2501205584E+00
     25500,      0.676917,CP6_after_kinetics,   1,    0.0000000000E+00,    7.2501205584E+00,    7.2501205584E+00,    0.0000000000E+00,    0.0000000000E+00,    0.0000000000E+00,    7.2501205584E+00
     25500,      0.676917,CP7_after_upper_clamp,   1,    0.0000000000E+00,    7.2501205584E+00,    7.2501205584E+00,    0.0000000000E+00,    0.0000000000E+00,    0.0000000000E+00,    7.2501205584E+00
     25500,      0.676917,CP8_after_OBC,   1,    0.0000000000E+00,    7.2501205584E+00,    7.2501205584E+00,    0.0000000000E+00,    0.0000000000E+00,    0.0000000000E+00,    7.2501205584E+00
     25500,      0.676917,CP9_after_PTsource,   1,    0.0000000000E+00,    7.2501205584E+00,    7.2501205584E+00,    0.0000000000E+00,    0.0000000000E+00,    0.0000000000E+00,    7.2501205584E+00
     25500,      0.676917,CP10_after_neg_clamp,   1,    0.0000000000E+00,    7.2501205584E+00,    7.2501205584E+00,    0.0000000000E+00,    0.0000000000E+00,    0.0000000000E+00,    7.2501205584E+00
     25500,      0.676917,CP11_after_MPI,   1,    0.0000000000E+00,    7.2501205584E+00,    7.2501205584E+00,    0.0000000000E+00,    0.0000000000E+00,    0.0000000000E+00,    7.2501205584E+00
     25500,      0.676917,CP12_end,   1,    0.0000000000E+00,    7.2501205584E+00,    7.2501205584E+00,    0.0000000000E+00,    0.0000000000E+00,    0.0000000000E+00,    7.2501205584E+00
     25550,      0.676917,CP0_start,   1,    0.0000000000E+00,    7.2776300795E+00,    7.2776300795E+00,    0.0000000000E+00,    0.0000000000E+00,    0.0000000000E+00,    7.2776300795E+00
     25550,      0.676917,CP1_after_deposition,   1,    0.0000000000E+00,    7.2776300795E+00,    7.2776300795E+00,    0.0000000000E+00,    0.0000000000E+00,    0.0000000000E+00,    7.2776300795E+00
     25550,      0.676917,CP2_after_erosion,   1,    0.0000000000E+00,    7.2776300795E+00,    7.2776300795E+00,    0.0000000000E+00,    0.0000000000E+00,    0.0000000000E+00,    7.2776300795E+00
     25550,      0.676917,CP3_after_update_bottom,   1,    0.0000000000E+00,    7.2776300795E+00,    7.2776300795E+00,    0.0000000000E+00,    0.0000000000E+00,    0.0000000000E+00,    7.2776300795E+00
     25550,      0.676917,CP4_after_advection,   1,    0.0000000000E+00,    7.2780547422E+00,    7.2780547422E+00,    0.0000000000E+00,    0.0000000000E+00,    0.0000000000E+00,    7.2780547422E+00
     25550,      0.676917,CP5_after_vdif,   1,    0.0000000000E+00,    7.2780547422E+00,    7.2780547422E+00,    0.0000000000E+00,    0.0000000000E+00,    0.0000000000E+00,    7.2780547422E+00
     25550,      0.676917,CP6_after_kinetics,   1,    0.0000000000E+00,    7.2780547422E+00,    7.2780547422E+00,    0.0000000000E+00,    0.0000000000E+00,    0.0000000000E+00,    7.2780547422E+00
     25550,      0.676917,CP7_after_upper_clamp,   1,    0.0000000000E+00,    7.2780547422E+00,    7.2780547422E+00,    0.0000000000E+00,    0.0000000000E+00,    0.0000000000E+00,    7.2780547422E+00
     25550,      0.676917,CP8_after_OBC,   1,    0.0000000000E+00,    7.2780547422E+00,    7.2780547422E+00,    0.0000000000E+00,    0.0000000000E+00,    0.0000000000E+00,    7.2780547422E+00
     25550,      0.676917,CP9_after_PTsource,   1,    0.0000000000E+00,    7.2780547422E+00,    7.2780547422E+00,    0.0000000000E+00,    0.0000000000E+00,    0.0000000000E+00,    7.2780547422E+00
     25550,      0.676917,CP10_after_neg_clamp,   1,    0.0000000000E+00,    7.2780547422E+00,    7.2780547422E+00,    0.0000000000E+00,    0.0000000000E+00,    0.0000000000E+00,    7.2780547422E+00
     25550,      0.676917,CP11_after_MPI,   1,    0.0000000000E+00,    7.2780547422E+00,    7.2780547422E+00,    0.0000000000E+00,    0.0000000000E+00,    0.0000000000E+00,    7.2780547422E+00
     25550,      0.676917,CP12_end,   1,    0.0000000000E+00,    7.2780547422E+00,    7.2780547422E+00,    0.0000000000E+00,    0.0000000000E+00,    0.0000000000E+00,    7.2780547422E+00
     25600,      0.676917,CP0_start,   1,    0.0000000000E+00,    7.3056183726E+00,    7.3056183726E+00,    0.0000000000E+00,    0.0000000000E+00,    0.0000000000E+00,    7.3056183726E+00
     25600,      0.676917,CP1_after_deposition,   1,    0.0000000000E+00,    7.3056183726E+00,    7.3056183726E+00,    0.0000000000E+00,    0.0000000000E+00,    0.0000000000E+00,    7.3056183726E+00
     25600,      0.676917,CP2_after_erosion,   1,    0.0000000000E+00,    7.3056183726E+00,    7.3056183726E+00,    0.0000000000E+00,    0.0000000000E+00,    0.0000000000E+00,    7.3056183726E+00
     25600,      0.676917,CP3_after_update_bottom,   1,    0.0000000000E+00,    7.3056183726E+00,    7.3056183726E+00,    0.0000000000E+00,    0.0000000000E+00,    0.0000000000E+00,    7.3056183726E+00
     25600,      0.676917,CP4_after_advection,   1,    0.0000000000E+00,    7.3060441776E+00,    7.3060441776E+00,    0.0000000000E+00,    0.0000000000E+00,    0.0000000000E+00,    7.3060441776E+00
     25600,      0.676917,CP5_after_vdif,   1,    0.0000000000E+00,    7.3060441776E+00,    7.3060441776E+00,    0.0000000000E+00,    0.0000000000E+00,    0.0000000000E+00,    7.3060441776E+00
     25600,      0.676917,CP6_after_kinetics,   1,    0.0000000000E+00,    7.3060441776E+00,    7.3060441776E+00,    0.0000000000E+00,    0.0000000000E+00,    0.0000000000E+00,    7.3060441776E+00
     25600,      0.676917,CP7_after_upper_clamp,   1,    0.0000000000E+00,    7.3060441776E+00,    7.3060441776E+00,    0.0000000000E+00,    0.0000000000E+00,    0.0000000000E+00,    7.3060441776E+00
     25600,      0.676917,CP8_after_OBC,   1,    0.0000000000E+00,    7.3060441776E+00,    7.3060441776E+00,    0.0000000000E+00,    0.0000000000E+00,    0.0000000000E+00,    7.3060441776E+00
     25600,      0.676917,CP9_after_PTsource,   1,    0.0000000000E+00,    7.3060441776E+00,    7.3060441776E+00,    0.0000000000E+00,    0.0000000000E+00,    0.0000000000E+00,    7.3060441776E+00
     25600,      0.676917,CP10_after_neg_clamp,   1,    0.0000000000E+00,    7.3060441776E+00,    7.3060441776E+00,    0.0000000000E+00,    0.0000000000E+00,    0.0000000000E+00,    7.3060441776E+00
     25600,      0.676917,CP11_after_MPI,   1,    0.0000000000E+00,    7.3060441776E+00,    7.3060441776E+00,    0.0000000000E+00,    0.0000000000E+00,    0.0000000000E+00,    7.3060441776E+00
     25600,      0.676917,CP12_end,   1,    0.0000000000E+00,    7.3060441776E+00,    7.3060441776E+00,    0.0000000000E+00,    0.0000000000E+00,    0.0000000000E+00,    7.3060441776E+00
     25650,      0.676917,CP0_start,   1,    0.0000000000E+00,    7.3336564107E+00,    7.3336564107E+00,    0.0000000000E+00,    0.0000000000E+00,    0.0000000000E+00,    7.3336564107E+00
     25650,      0.676917,CP1_after_deposition,   1,    0.0000000000E+00,    7.3336564107E+00,    7.3336564107E+00,    0.0000000000E+00,    0.0000000000E+00,    0.0000000000E+00,    7.3336564107E+00
     25650,      0.676917,CP2_after_erosion,   1,    0.0000000000E+00,    7.3336564107E+00,    7.3336564107E+00,    0.0000000000E+00,    0.0000000000E+00,    0.0000000000E+00,    7.3336564107E+00
     25650,      0.676917,CP3_after_update_bottom,   1,    0.0000000000E+00,    7.3336564107E+00,    7.3336564107E+00,    0.0000000000E+00,    0.0000000000E+00,    0.0000000000E+00,    7.3336564107E+00
     25650,      0.676917,CP4_after_advection,   1,    0.0000000000E+00,    7.3340835870E+00,    7.3340835870E+00,    0.0000000000E+00,    0.0000000000E+00,    0.0000000000E+00,    7.3340835870E+00
     25650,      0.676917,CP5_after_vdif,   1,    0.0000000000E+00,    7.3340835870E+00,    7.3340835870E+00,    0.0000000000E+00,    0.0000000000E+00,    0.0000000000E+00,    7.3340835870E+00
     25650,      0.676917,CP6_after_kinetics,   1,    0.0000000000E+00,    7.3340835870E+00,    7.3340835870E+00,    0.0000000000E+00,    0.0000000000E+00,    0.0000000000E+00,    7.3340835870E+00
     25650,      0.676917,CP7_after_upper_clamp,   1,    0.0000000000E+00,    7.3340835870E+00,    7.3340835870E+00,    0.0000000000E+00,    0.0000000000E+00,    0.0000000000E+00,    7.3340835870E+00
     25650,      0.676917,CP8_after_OBC,   1,    0.0000000000E+00,    7.3340835870E+00,    7.3340835870E+00,    0.0000000000E+00,    0.0000000000E+00,    0.0000000000E+00,    7.3340835870E+00
     25650,      0.676917,CP9_after_PTsource,   1,    0.0000000000E+00,    7.3340835870E+00,    7.3340835870E+00,    0.0000000000E+00,    0.0000000000E+00,    0.0000000000E+00,    7.3340835870E+00
     25650,      0.676917,CP10_after_neg_clamp,   1,    0.0000000000E+00,    7.3340835870E+00,    7.3340835870E+00,    0.0000000000E+00,    0.0000000000E+00,    0.0000000000E+00,    7.3340835870E+00
     25650,      0.676917,CP11_after_MPI,   1,    0.0000000000E+00,    7.3340835870E+00,    7.3340835870E+00,    0.0000000000E+00,    0.0000000000E+00,    0.0000000000E+00,    7.3340835870E+00
     25650,      0.676917,CP12_end,   1,    0.0000000000E+00,    7.3340835870E+00,    7.3340835870E+00,    0.0000000000E+00,    0.0000000000E+00,    0.0000000000E+00,    7.3340835870E+00
     25700,      0.676917,CP0_start,   1,    0.0000000000E+00,    7.3617440769E+00,    7.3617440769E+00,    0.0000000000E+00,    0.0000000000E+00,    0.0000000000E+00,    7.3617440769E+00
     25700,      0.676917,CP1_after_deposition,   1,    0.0000000000E+00,    7.3617440769E+00,    7.3617440769E+00,    0.0000000000E+00,    0.0000000000E+00,    0.0000000000E+00,    7.3617440769E+00
     25700,      0.676917,CP2_after_erosion,   1,    0.0000000000E+00,    7.3617440769E+00,    7.3617440769E+00,    0.0000000000E+00,    0.0000000000E+00,    0.0000000000E+00,    7.3617440769E+00
     25700,      0.676917,CP3_after_update_bottom,   1,    0.0000000000E+00,    7.3617440769E+00,    7.3617440769E+00,    0.0000000000E+00,    0.0000000000E+00,    0.0000000000E+00,    7.3617440769E+00
     25700,      0.676917,CP4_after_advection,   1,    0.0000000000E+00,    7.3621736479E+00,    7.3621736479E+00,    0.0000000000E+00,    0.0000000000E+00,    0.0000000000E+00,    7.3621736479E+00
     25700,      0.676917,CP5_after_vdif,   1,    0.0000000000E+00,    7.3621736479E+00,    7.3621736479E+00,    0.0000000000E+00,    0.0000000000E+00,    0.0000000000E+00,    7.3621736479E+00
     25700,      0.676917,CP6_after_kinetics,   1,    0.0000000000E+00,    7.3621736479E+00,    7.3621736479E+00,    0.0000000000E+00,    0.0000000000E+00,    0.0000000000E+00,    7.3621736479E+00
     25700,      0.676917,CP7_after_upper_clamp,   1,    0.0000000000E+00,    7.3621736479E+00,    7.3621736479E+00,    0.0000000000E+00,    0.0000000000E+00,    0.0000000000E+00,    7.3621736479E+00
     25700,      0.676917,CP8_after_OBC,   1,    0.0000000000E+00,    7.3621736479E+00,    7.3621736479E+00,    0.0000000000E+00,    0.0000000000E+00,    0.0000000000E+00,    7.3621736479E+00
     25700,      0.676917,CP9_after_PTsource,   1,    0.0000000000E+00,    7.3621736479E+00,    7.3621736479E+00,    0.0000000000E+00,    0.0000000000E+00,    0.0000000000E+00,    7.3621736479E+00
     25700,      0.676917,CP10_after_neg_clamp,   1,    0.0000000000E+00,    7.3621736479E+00,    7.3621736479E+00,    0.0000000000E+00,    0.0000000000E+00,    0.0000000000E+00,    7.3621736479E+00
     25700,      0.676917,CP11_after_MPI,   1,    0.0000000000E+00,    7.3621736479E+00,    7.3621736479E+00,    0.0000000000E+00,    0.0000000000E+00,    0.0000000000E+00,    7.3621736479E+00
     25700,      0.676917,CP12_end,   1,    0.0000000000E+00,    7.3621736479E+00,    7.3621736479E+00,    0.0000000000E+00,    0.0000000000E+00,    0.0000000000E+00,    7.3621736479E+00
     25750,      0.676917,CP0_start,   1,    0.0000000000E+00,    7.3898861037E+00,    7.3898861037E+00,    0.0000000000E+00,    0.0000000000E+00,    0.0000000000E+00,    7.3898861037E+00
     25750,      0.676917,CP1_after_deposition,   1,    0.0000000000E+00,    7.3898861037E+00,    7.3898861037E+00,    0.0000000000E+00,    0.0000000000E+00,    0.0000000000E+00,    7.3898861037E+00
     25750,      0.676917,CP2_after_erosion,   1,    0.0000000000E+00,    7.3898861037E+00,    7.3898861037E+00,    0.0000000000E+00,    0.0000000000E+00,    0.0000000000E+00,    7.3898861037E+00
     25750,      0.676917,CP3_after_update_bottom,   1,    0.0000000000E+00,    7.3898861037E+00,    7.3898861037E+00,    0.0000000000E+00,    0.0000000000E+00,    0.0000000000E+00,    7.3898861037E+00
     25750,      0.676917,CP4_after_advection,   1,    0.0000000000E+00,    7.3903173498E+00,    7.3903173498E+00,    0.0000000000E+00,    0.0000000000E+00,    0.0000000000E+00,    7.3903173498E+00
     25750,      0.676917,CP5_after_vdif,   1,    0.0000000000E+00,    7.3903173498E+00,    7.3903173498E+00,    0.0000000000E+00,    0.0000000000E+00,    0.0000000000E+00,    7.3903173498E+00
     25750,      0.676917,CP6_after_kinetics,   1,    0.0000000000E+00,    7.3903173498E+00,    7.3903173498E+00,    0.0000000000E+00,    0.0000000000E+00,    0.0000000000E+00,    7.3903173498E+00
     25750,      0.676917,CP7_after_upper_clamp,   1,    0.0000000000E+00,    7.3903173498E+00,    7.3903173498E+00,    0.0000000000E+00,    0.0000000000E+00,    0.0000000000E+00,    7.3903173498E+00
     25750,      0.676917,CP8_after_OBC,   1,    0.0000000000E+00,    7.3903173498E+00,    7.3903173498E+00,    0.0000000000E+00,    0.0000000000E+00,    0.0000000000E+00,    7.3903173498E+00
     25750,      0.676917,CP9_after_PTsource,   1,    0.0000000000E+00,    7.3903173498E+00,    7.3903173498E+00,    0.0000000000E+00,    0.0000000000E+00,    0.0000000000E+00,    7.3903173498E+00
     25750,      0.676917,CP10_after_neg_clamp,   1,    0.0000000000E+00,    7.3903173498E+00,    7.3903173498E+00,    0.0000000000E+00,    0.0000000000E+00,    0.0000000000E+00,    7.3903173498E+00
     25750,      0.676917,CP11_after_MPI,   1,    0.0000000000E+00,    7.3903173498E+00,    7.3903173498E+00,    0.0000000000E+00,    0.0000000000E+00,    0.0000000000E+00,    7.3903173498E+00
     25750,      0.676917,CP12_end,   1,    0.0000000000E+00,    7.3903173498E+00,    7.3903173498E+00,    0.0000000000E+00,    0.0000000000E+00,    0.0000000000E+00,    7.3903173498E+00
     25800,      0.676917,CP0_start,   1,    0.0000000000E+00,    7.4180799304E+00,    7.4180799304E+00,    0.0000000000E+00,    0.0000000000E+00,    0.0000000000E+00,    7.4180799304E+00
     25800,      0.676917,CP1_after_deposition,   1,    0.0000000000E+00,    7.4180799304E+00,    7.4180799304E+00,    0.0000000000E+00,    0.0000000000E+00,    0.0000000000E+00,    7.4180799304E+00
     25800,      0.676917,CP2_after_erosion,   1,    0.0000000000E+00,    7.4180799304E+00,    7.4180799304E+00,    0.0000000000E+00,    0.0000000000E+00,    0.0000000000E+00,    7.4180799304E+00
     25800,      0.676917,CP3_after_update_bottom,   1,    0.0000000000E+00,    7.4180799304E+00,    7.4180799304E+00,    0.0000000000E+00,    0.0000000000E+00,    0.0000000000E+00,    7.4180799304E+00
     25800,      0.676917,CP4_after_advection,   1,    0.0000000000E+00,    7.4185122817E+00,    7.4185122817E+00,    0.0000000000E+00,    0.0000000000E+00,    0.0000000000E+00,    7.4185122817E+00
     25800,      0.676917,CP5_after_vdif,   1,    0.0000000000E+00,    7.4185122817E+00,    7.4185122817E+00,    0.0000000000E+00,    0.0000000000E+00,    0.0000000000E+00,    7.4185122817E+00
     25800,      0.676917,CP6_after_kinetics,   1,    0.0000000000E+00,    7.4185122817E+00,    7.4185122817E+00,    0.0000000000E+00,    0.0000000000E+00,    0.0000000000E+00,    7.4185122817E+00
     25800,      0.676917,CP7_after_upper_clamp,   1,    0.0000000000E+00,    7.4185122817E+00,    7.4185122817E+00,    0.0000000000E+00,    0.0000000000E+00,    0.0000000000E+00,    7.4185122817E+00
     25800,      0.676917,CP8_after_OBC,   1,    0.0000000000E+00,    7.4185122817E+00,    7.4185122817E+00,    0.0000000000E+00,    0.0000000000E+00,    0.0000000000E+00,    7.4185122817E+00
     25800,      0.676917,CP9_after_PTsource,   1,    0.0000000000E+00,    7.4185122817E+00,    7.4185122817E+00,    0.0000000000E+00,    0.0000000000E+00,    0.0000000000E+00,    7.4185122817E+00
     25800,      0.676917,CP10_after_neg_clamp,   1,    0.0000000000E+00,    7.4185122817E+00,    7.4185122817E+00,    0.0000000000E+00,    0.0000000000E+00,    0.0000000000E+00,    7.4185122817E+00
     25800,      0.676917,CP11_after_MPI,   1,    0.0000000000E+00,    7.4185122817E+00,    7.4185122817E+00,    0.0000000000E+00,    0.0000000000E+00,    0.0000000000E+00,    7.4185122817E+00
     25800,      0.676917,CP12_end,   1,    0.0000000000E+00,    7.4185122817E+00,    7.4185122817E+00,    0.0000000000E+00,    0.0000000000E+00,    0.0000000000E+00,    7.4185122817E+00
     25850,      0.676917,CP0_start,   1,    0.0000000000E+00,    7.4463224160E+00,    7.4463224160E+00,    0.0000000000E+00,    0.0000000000E+00,    0.0000000000E+00,    7.4463224160E+00
     25850,      0.676917,CP1_after_deposition,   1,    0.0000000000E+00,    7.4463224160E+00,    7.4463224160E+00,    0.0000000000E+00,    0.0000000000E+00,    0.0000000000E+00,    7.4463224160E+00
     25850,      0.676917,CP2_after_erosion,   1,    0.0000000000E+00,    7.4463224160E+00,    7.4463224160E+00,    0.0000000000E+00,    0.0000000000E+00,    0.0000000000E+00,    7.4463224160E+00
     25850,      0.676917,CP3_after_update_bottom,   1,    0.0000000000E+00,    7.4463224160E+00,    7.4463224160E+00,    0.0000000000E+00,    0.0000000000E+00,    0.0000000000E+00,    7.4463224160E+00
     25850,      0.676917,CP4_after_advection,   1,    0.0000000000E+00,    7.4467564917E+00,    7.4467564917E+00,    0.0000000000E+00,    0.0000000000E+00,    0.0000000000E+00,    7.4467564917E+00
     25850,      0.676917,CP5_after_vdif,   1,    0.0000000000E+00,    7.4467564917E+00,    7.4467564917E+00,    0.0000000000E+00,    0.0000000000E+00,    0.0000000000E+00,    7.4467564917E+00
     25850,      0.676917,CP6_after_kinetics,   1,    0.0000000000E+00,    7.4467564917E+00,    7.4467564917E+00,    0.0000000000E+00,    0.0000000000E+00,    0.0000000000E+00,    7.4467564917E+00
     25850,      0.676917,CP7_after_upper_clamp,   1,    0.0000000000E+00,    7.4467564917E+00,    7.4467564917E+00,    0.0000000000E+00,    0.0000000000E+00,    0.0000000000E+00,    7.4467564917E+00
     25850,      0.676917,CP8_after_OBC,   1,    0.0000000000E+00,    7.4467564917E+00,    7.4467564917E+00,    0.0000000000E+00,    0.0000000000E+00,    0.0000000000E+00,    7.4467564917E+00
     25850,      0.676917,CP9_after_PTsource,   1,    0.0000000000E+00,    7.4467564917E+00,    7.4467564917E+00,    0.0000000000E+00,    0.0000000000E+00,    0.0000000000E+00,    7.4467564917E+00
     25850,      0.676917,CP10_after_neg_clamp,   1,    0.0000000000E+00,    7.4467564917E+00,    7.4467564917E+00,    0.0000000000E+00,    0.0000000000E+00,    0.0000000000E+00,    7.4467564917E+00
     25850,      0.676917,CP11_after_MPI,   1,    0.0000000000E+00,    7.4467564917E+00,    7.4467564917E+00,    0.0000000000E+00,    0.0000000000E+00,    0.0000000000E+00,    7.4467564917E+00
     25850,      0.676917,CP12_end,   1,    0.0000000000E+00,    7.4467564917E+00,    7.4467564917E+00,    0.0000000000E+00,    0.0000000000E+00,    0.0000000000E+00,    7.4467564917E+00
     25900,      0.676917,CP0_start,   1,    0.0000000000E+00,    7.4746194806E+00,    7.4746194806E+00,    0.0000000000E+00,    0.0000000000E+00,    0.0000000000E+00,    7.4746194806E+00
     25900,      0.676917,CP1_after_deposition,   1,    0.0000000000E+00,    7.4746194806E+00,    7.4746194806E+00,    0.0000000000E+00,    0.0000000000E+00,    0.0000000000E+00,    7.4746194806E+00
     25900,      0.676917,CP2_after_erosion,   1,    0.0000000000E+00,    7.4746194806E+00,    7.4746194806E+00,    0.0000000000E+00,    0.0000000000E+00,    0.0000000000E+00,    7.4746194806E+00
     25900,      0.676917,CP3_after_update_bottom,   1,    0.0000000000E+00,    7.4746194806E+00,    7.4746194806E+00,    0.0000000000E+00,    0.0000000000E+00,    0.0000000000E+00,    7.4746194806E+00
     25900,      0.676917,CP4_after_advection,   1,    0.0000000000E+00,    7.4750562761E+00,    7.4750562761E+00,    0.0000000000E+00,    0.0000000000E+00,    0.0000000000E+00,    7.4750562761E+00
     25900,      0.676917,CP5_after_vdif,   1,    0.0000000000E+00,    7.4750562761E+00,    7.4750562761E+00,    0.0000000000E+00,    0.0000000000E+00,    0.0000000000E+00,    7.4750562761E+00
     25900,      0.676917,CP6_after_kinetics,   1,    0.0000000000E+00,    7.4750562761E+00,    7.4750562761E+00,    0.0000000000E+00,    0.0000000000E+00,    0.0000000000E+00,    7.4750562761E+00
     25900,      0.676917,CP7_after_upper_clamp,   1,    0.0000000000E+00,    7.4750562761E+00,    7.4750562761E+00,    0.0000000000E+00,    0.0000000000E+00,    0.0000000000E+00,    7.4750562761E+00
     25900,      0.676917,CP8_after_OBC,   1,    0.0000000000E+00,    7.4750562761E+00,    7.4750562761E+00,    0.0000000000E+00,    0.0000000000E+00,    0.0000000000E+00,    7.4750562761E+00
     25900,      0.676917,CP9_after_PTsource,   1,    0.0000000000E+00,    7.4750562761E+00,    7.4750562761E+00,    0.0000000000E+00,    0.0000000000E+00,    0.0000000000E+00,    7.4750562761E+00
     25900,      0.676917,CP10_after_neg_clamp,   1,    0.0000000000E+00,    7.4750562761E+00,    7.4750562761E+00,    0.0000000000E+00,    0.0000000000E+00,    0.0000000000E+00,    7.4750562761E+00
     25900,      0.676917,CP11_after_MPI,   1,    0.0000000000E+00,    7.4750562761E+00,    7.4750562761E+00,    0.0000000000E+00,    0.0000000000E+00,    0.0000000000E+00,    7.4750562761E+00
     25900,      0.676917,CP12_end,   1,    0.0000000000E+00,    7.4750562761E+00,    7.4750562761E+00,    0.0000000000E+00,    0.0000000000E+00,    0.0000000000E+00,    7.4750562761E+00
     25950,      0.676917,CP0_start,   1,    0.0000000000E+00,    7.5029704725E+00,    7.5029704725E+00,    0.0000000000E+00,    0.0000000000E+00,    0.0000000000E+00,    7.5029704725E+00
     25950,      0.676917,CP1_after_deposition,   1,    0.0000000000E+00,    7.5029704725E+00,    7.5029704725E+00,    0.0000000000E+00,    0.0000000000E+00,    0.0000000000E+00,    7.5029704725E+00
     25950,      0.676917,CP2_after_erosion,   1,    0.0000000000E+00,    7.5029704725E+00,    7.5029704725E+00,    0.0000000000E+00,    0.0000000000E+00,    0.0000000000E+00,    7.5029704725E+00
     25950,      0.676917,CP3_after_update_bottom,   1,    0.0000000000E+00,    7.5029704725E+00,    7.5029704725E+00,    0.0000000000E+00,    0.0000000000E+00,    0.0000000000E+00,    7.5029704725E+00
     25950,      0.676917,CP4_after_advection,   1,    0.0000000000E+00,    7.5034104229E+00,    7.5034104229E+00,    0.0000000000E+00,    0.0000000000E+00,    0.0000000000E+00,    7.5034104229E+00
     25950,      0.676917,CP5_after_vdif,   1,    0.0000000000E+00,    7.5034104229E+00,    7.5034104229E+00,    0.0000000000E+00,    0.0000000000E+00,    0.0000000000E+00,    7.5034104229E+00
     25950,      0.676917,CP6_after_kinetics,   1,    0.0000000000E+00,    7.5034104229E+00,    7.5034104229E+00,    0.0000000000E+00,    0.0000000000E+00,    0.0000000000E+00,    7.5034104229E+00
     25950,      0.676917,CP7_after_upper_clamp,   1,    0.0000000000E+00,    7.5034104229E+00,    7.5034104229E+00,    0.0000000000E+00,    0.0000000000E+00,    0.0000000000E+00,    7.5034104229E+00
     25950,      0.676917,CP8_after_OBC,   1,    0.0000000000E+00,    7.5034104229E+00,    7.5034104229E+00,    0.0000000000E+00,    0.0000000000E+00,    0.0000000000E+00,    7.5034104229E+00
     25950,      0.676917,CP9_after_PTsource,   1,    0.0000000000E+00,    7.5034104229E+00,    7.5034104229E+00,    0.0000000000E+00,    0.0000000000E+00,    0.0000000000E+00,    7.5034104229E+00
     25950,      0.676917,CP10_after_neg_clamp,   1,    0.0000000000E+00,    7.5034104229E+00,    7.5034104229E+00,    0.0000000000E+00,    0.0000000000E+00,    0.0000000000E+00,    7.5034104229E+00
     25950,      0.676917,CP11_after_MPI,   1,    0.0000000000E+00,    7.5034104229E+00,    7.5034104229E+00,    0.0000000000E+00,    0.0000000000E+00,    0.0000000000E+00,    7.5034104229E+00
     25950,      0.676917,CP12_end,   1,    0.0000000000E+00,    7.5034104229E+00,    7.5034104229E+00,    0.0000000000E+00,    0.0000000000E+00,    0.0000000000E+00,    7.5034104229E+00
     26000,      0.676917,CP0_start,   1,    0.0000000000E+00,    7.5313846720E+00,    7.5313846720E+00,    0.0000000000E+00,    0.0000000000E+00,    0.0000000000E+00,    7.5313846720E+00
     26000,      0.676917,CP1_after_deposition,   1,    0.0000000000E+00,    7.5313846720E+00,    7.5313846720E+00,    0.0000000000E+00,    0.0000000000E+00,    0.0000000000E+00,    7.5313846720E+00
     26000,      0.676917,CP2_after_erosion,   1,    0.0000000000E+00,    7.5313846720E+00,    7.5313846720E+00,    0.0000000000E+00,    0.0000000000E+00,    0.0000000000E+00,    7.5313846720E+00
     26000,      0.676917,CP3_after_update_bottom,   1,    0.0000000000E+00,    7.5313846720E+00,    7.5313846720E+00,    0.0000000000E+00,    0.0000000000E+00,    0.0000000000E+00,    7.5313846720E+00
     26000,      0.676917,CP4_after_advection,   1,    0.0000000000E+00,    7.5318270627E+00,    7.5318270627E+00,    0.0000000000E+00,    0.0000000000E+00,    0.0000000000E+00,    7.5318270627E+00
     26000,      0.676917,CP5_after_vdif,   1,    0.0000000000E+00,    7.5318270627E+00,    7.5318270627E+00,    0.0000000000E+00,    0.0000000000E+00,    0.0000000000E+00,    7.5318270627E+00
     26000,      0.676917,CP6_after_kinetics,   1,    0.0000000000E+00,    7.5318270627E+00,    7.5318270627E+00,    0.0000000000E+00,    0.0000000000E+00,    0.0000000000E+00,    7.5318270627E+00
     26000,      0.676917,CP7_after_upper_clamp,   1,    0.0000000000E+00,    7.5318270627E+00,    7.5318270627E+00,    0.0000000000E+00,    0.0000000000E+00,    0.0000000000E+00,    7.5318270627E+00
     26000,      0.676917,CP8_after_OBC,   1,    0.0000000000E+00,    7.5318270627E+00,    7.5318270627E+00,    0.0000000000E+00,    0.0000000000E+00,    0.0000000000E+00,    7.5318270627E+00
     26000,      0.676917,CP9_after_PTsource,   1,    0.0000000000E+00,    7.5318270627E+00,    7.5318270627E+00,    0.0000000000E+00,    0.0000000000E+00,    0.0000000000E+00,    7.5318270627E+00
     26000,      0.676917,CP10_after_neg_clamp,   1,    0.0000000000E+00,    7.5318270627E+00,    7.5318270627E+00,    0.0000000000E+00,    0.0000000000E+00,    0.0000000000E+00,    7.5318270627E+00
     26000,      0.676917,CP11_after_MPI,   1,    0.0000000000E+00,    7.5318270627E+00,    7.5318270627E+00,    0.0000000000E+00,    0.0000000000E+00,    0.0000000000E+00,    7.5318270627E+00
     26000,      0.676917,CP12_end,   1,    0.0000000000E+00,    7.5318270627E+00,    7.5318270627E+00,    0.0000000000E+00,    0.0000000000E+00,    0.0000000000E+00,    7.5318270627E+00
     26050,      0.676917,CP0_start,   1,    0.0000000000E+00,    7.5598550462E+00,    7.5598550462E+00,    0.0000000000E+00,    0.0000000000E+00,    0.0000000000E+00,    7.5598550462E+00
     26050,      0.676917,CP1_after_deposition,   1,    0.0000000000E+00,    7.5598550462E+00,    7.5598550462E+00,    0.0000000000E+00,    0.0000000000E+00,    0.0000000000E+00,    7.5598550462E+00
     26050,      0.676917,CP2_after_erosion,   1,    0.0000000000E+00,    7.5598550462E+00,    7.5598550462E+00,    0.0000000000E+00,    0.0000000000E+00,    0.0000000000E+00,    7.5598550462E+00
     26050,      0.676917,CP3_after_update_bottom,   1,    0.0000000000E+00,    7.5598550462E+00,    7.5598550462E+00,    0.0000000000E+00,    0.0000000000E+00,    0.0000000000E+00,    7.5598550462E+00
     26050,      0.676917,CP4_after_advection,   1,    0.0000000000E+00,    7.5603004317E+00,    7.5603004317E+00,    0.0000000000E+00,    0.0000000000E+00,    0.0000000000E+00,    7.5603004317E+00
     26050,      0.676917,CP5_after_vdif,   1,    0.0000000000E+00,    7.5603004317E+00,    7.5603004317E+00,    0.0000000000E+00,    0.0000000000E+00,    0.0000000000E+00,    7.5603004317E+00
     26050,      0.676917,CP6_after_kinetics,   1,    0.0000000000E+00,    7.5603004317E+00,    7.5603004317E+00,    0.0000000000E+00,    0.0000000000E+00,    0.0000000000E+00,    7.5603004317E+00
     26050,      0.676917,CP7_after_upper_clamp,   1,    0.0000000000E+00,    7.5603004317E+00,    7.5603004317E+00,    0.0000000000E+00,    0.0000000000E+00,    0.0000000000E+00,    7.5603004317E+00
     26050,      0.676917,CP8_after_OBC,   1,    0.0000000000E+00,    7.5603004317E+00,    7.5603004317E+00,    0.0000000000E+00,    0.0000000000E+00,    0.0000000000E+00,    7.5603004317E+00
     26050,      0.676917,CP9_after_PTsource,   1,    0.0000000000E+00,    7.5603004317E+00,    7.5603004317E+00,    0.0000000000E+00,    0.0000000000E+00,    0.0000000000E+00,    7.5603004317E+00
     26050,      0.676917,CP10_after_neg_clamp,   1,    0.0000000000E+00,    7.5603004317E+00,    7.5603004317E+00,    0.0000000000E+00,    0.0000000000E+00,    0.0000000000E+00,    7.5603004317E+00
     26050,      0.676917,CP11_after_MPI,   1,    0.0000000000E+00,    7.5603004317E+00,    7.5603004317E+00,    0.0000000000E+00,    0.0000000000E+00,    0.0000000000E+00,    7.5603004317E+00
     26050,      0.676917,CP12_end,   1,    0.0000000000E+00,    7.5603004317E+00,    7.5603004317E+00,    0.0000000000E+00,    0.0000000000E+00,    0.0000000000E+00,    7.5603004317E+00
     26100,      0.676917,CP0_start,   1,    0.0000000000E+00,    7.5883889214E+00,    7.5883889214E+00,    0.0000000000E+00,    0.0000000000E+00,    0.0000000000E+00,    7.5883889214E+00
     26100,      0.676917,CP1_after_deposition,   1,    0.0000000000E+00,    7.5883889214E+00,    7.5883889214E+00,    0.0000000000E+00,    0.0000000000E+00,    0.0000000000E+00,    7.5883889214E+00
     26100,      0.676917,CP2_after_erosion,   1,    0.0000000000E+00,    7.5883889214E+00,    7.5883889214E+00,    0.0000000000E+00,    0.0000000000E+00,    0.0000000000E+00,    7.5883889214E+00
     26100,      0.676917,CP3_after_update_bottom,   1,    0.0000000000E+00,    7.5883889214E+00,    7.5883889214E+00,    0.0000000000E+00,    0.0000000000E+00,    0.0000000000E+00,    7.5883889214E+00
     26100,      0.676917,CP4_after_advection,   1,    0.0000000000E+00,    7.5888371031E+00,    7.5888371031E+00,    0.0000000000E+00,    0.0000000000E+00,    0.0000000000E+00,    7.5888371031E+00
     26100,      0.676917,CP5_after_vdif,   1,    0.0000000000E+00,    7.5888371031E+00,    7.5888371031E+00,    0.0000000000E+00,    0.0000000000E+00,    0.0000000000E+00,    7.5888371031E+00
     26100,      0.676917,CP6_after_kinetics,   1,    0.0000000000E+00,    7.5888371031E+00,    7.5888371031E+00,    0.0000000000E+00,    0.0000000000E+00,    0.0000000000E+00,    7.5888371031E+00
     26100,      0.676917,CP7_after_upper_clamp,   1,    0.0000000000E+00,    7.5888371031E+00,    7.5888371031E+00,    0.0000000000E+00,    0.0000000000E+00,    0.0000000000E+00,    7.5888371031E+00
     26100,      0.676917,CP8_after_OBC,   1,    0.0000000000E+00,    7.5888371031E+00,    7.5888371031E+00,    0.0000000000E+00,    0.0000000000E+00,    0.0000000000E+00,    7.5888371031E+00
     26100,      0.676917,CP9_after_PTsource,   1,    0.0000000000E+00,    7.5888371031E+00,    7.5888371031E+00,    0.0000000000E+00,    0.0000000000E+00,    0.0000000000E+00,    7.5888371031E+00
     26100,      0.676917,CP10_after_neg_clamp,   1,    0.0000000000E+00,    7.5888371031E+00,    7.5888371031E+00,    0.0000000000E+00,    0.0000000000E+00,    0.0000000000E+00,    7.5888371031E+00
     26100,      0.676917,CP11_after_MPI,   1,    0.0000000000E+00,    7.5888371031E+00,    7.5888371031E+00,    0.0000000000E+00,    0.0000000000E+00,    0.0000000000E+00,    7.5888371031E+00
     26100,      0.676917,CP12_end,   1,    0.0000000000E+00,    7.5888371031E+00,    7.5888371031E+00,    0.0000000000E+00,    0.0000000000E+00,    0.0000000000E+00,    7.5888371031E+00
     26150,      0.676917,CP0_start,   1,    0.0000000000E+00,    7.6170475625E+00,    7.6170475625E+00,    0.0000000000E+00,    0.0000000000E+00,    0.0000000000E+00,    7.6170475625E+00
     26150,      0.676917,CP1_after_deposition,   1,    0.0000000000E+00,    7.6170475625E+00,    7.6170475625E+00,    0.0000000000E+00,    0.0000000000E+00,    0.0000000000E+00,    7.6170475625E+00
     26150,      0.676917,CP2_after_erosion,   1,    0.0000000000E+00,    7.6170475625E+00,    7.6170475625E+00,    0.0000000000E+00,    0.0000000000E+00,    0.0000000000E+00,    7.6170475625E+00
     26150,      0.676917,CP3_after_update_bottom,   1,    0.0000000000E+00,    7.6170475625E+00,    7.6170475625E+00,    0.0000000000E+00,    0.0000000000E+00,    0.0000000000E+00,    7.6170475625E+00
     26150,      0.676917,CP4_after_advection,   1,    0.0000000000E+00,    7.6174983057E+00,    7.6174983057E+00,    0.0000000000E+00,    0.0000000000E+00,    0.0000000000E+00,    7.6174983057E+00
     26150,      0.676917,CP5_after_vdif,   1,    0.0000000000E+00,    7.6174983057E+00,    7.6174983057E+00,    0.0000000000E+00,    0.0000000000E+00,    0.0000000000E+00,    7.6174983057E+00
     26150,      0.676917,CP6_after_kinetics,   1,    0.0000000000E+00,    7.6174983057E+00,    7.6174983057E+00,    0.0000000000E+00,    0.0000000000E+00,    0.0000000000E+00,    7.6174983057E+00
     26150,      0.676917,CP7_after_upper_clamp,   1,    0.0000000000E+00,    7.6174983057E+00,    7.6174983057E+00,    0.0000000000E+00,    0.0000000000E+00,    0.0000000000E+00,    7.6174983057E+00
     26150,      0.676917,CP8_after_OBC,   1,    0.0000000000E+00,    7.6174983057E+00,    7.6174983057E+00,    0.0000000000E+00,    0.0000000000E+00,    0.0000000000E+00,    7.6174983057E+00
     26150,      0.676917,CP9_after_PTsource,   1,    0.0000000000E+00,    7.6174983057E+00,    7.6174983057E+00,    0.0000000000E+00,    0.0000000000E+00,    0.0000000000E+00,    7.6174983057E+00
     26150,      0.676917,CP10_after_neg_clamp,   1,    0.0000000000E+00,    7.6174983057E+00,    7.6174983057E+00,    0.0000000000E+00,    0.0000000000E+00,    0.0000000000E+00,    7.6174983057E+00
     26150,      0.676917,CP11_after_MPI,   1,    0.0000000000E+00,    7.6174983057E+00,    7.6174983057E+00,    0.0000000000E+00,    0.0000000000E+00,    0.0000000000E+00,    7.6174983057E+00
     26150,      0.676917,CP12_end,   1,    0.0000000000E+00,    7.6174983057E+00,    7.6174983057E+00,    0.0000000000E+00,    0.0000000000E+00,    0.0000000000E+00,    7.6174983057E+00
     26200,      0.676917,CP0_start,   1,    0.0000000000E+00,    7.6457768603E+00,    7.6457768603E+00,    0.0000000000E+00,    0.0000000000E+00,    0.0000000000E+00,    7.6457768603E+00
     26200,      0.676917,CP1_after_deposition,   1,    0.0000000000E+00,    7.6457768603E+00,    7.6457768603E+00,    0.0000000000E+00,    0.0000000000E+00,    0.0000000000E+00,    7.6457768603E+00
     26200,      0.676917,CP2_after_erosion,   1,    0.0000000000E+00,    7.6457768603E+00,    7.6457768603E+00,    0.0000000000E+00,    0.0000000000E+00,    0.0000000000E+00,    7.6457768603E+00
     26200,      0.676917,CP3_after_update_bottom,   1,    0.0000000000E+00,    7.6457768603E+00,    7.6457768603E+00,    0.0000000000E+00,    0.0000000000E+00,    0.0000000000E+00,    7.6457768603E+00
     26200,      0.676917,CP4_after_advection,   1,    0.0000000000E+00,    7.6462301709E+00,    7.6462301709E+00,    0.0000000000E+00,    0.0000000000E+00,    0.0000000000E+00,    7.6462301709E+00
     26200,      0.676917,CP5_after_vdif,   1,    0.0000000000E+00,    7.6462301709E+00,    7.6462301709E+00,    0.0000000000E+00,    0.0000000000E+00,    0.0000000000E+00,    7.6462301709E+00
     26200,      0.676917,CP6_after_kinetics,   1,    0.0000000000E+00,    7.6462301709E+00,    7.6462301709E+00,    0.0000000000E+00,    0.0000000000E+00,    0.0000000000E+00,    7.6462301709E+00
     26200,      0.676917,CP7_after_upper_clamp,   1,    0.0000000000E+00,    7.6462301709E+00,    7.6462301709E+00,    0.0000000000E+00,    0.0000000000E+00,    0.0000000000E+00,    7.6462301709E+00
     26200,      0.676917,CP8_after_OBC,   1,    0.0000000000E+00,    7.6462301709E+00,    7.6462301709E+00,    0.0000000000E+00,    0.0000000000E+00,    0.0000000000E+00,    7.6462301709E+00
     26200,      0.676917,CP9_after_PTsource,   1,    0.0000000000E+00,    7.6462301709E+00,    7.6462301709E+00,    0.0000000000E+00,    0.0000000000E+00,    0.0000000000E+00,    7.6462301709E+00
     26200,      0.676917,CP10_after_neg_clamp,   1,    0.0000000000E+00,    7.6462301709E+00,    7.6462301709E+00,    0.0000000000E+00,    0.0000000000E+00,    0.0000000000E+00,    7.6462301709E+00
     26200,      0.676917,CP11_after_MPI,   1,    0.0000000000E+00,    7.6462301709E+00,    7.6462301709E+00,    0.0000000000E+00,    0.0000000000E+00,    0.0000000000E+00,    7.6462301709E+00
     26200,      0.676917,CP12_end,   1,    0.0000000000E+00,    7.6462301709E+00,    7.6462301709E+00,    0.0000000000E+00,    0.0000000000E+00,    0.0000000000E+00,    7.6462301709E+00
     26250,      0.676917,CP0_start,   1,    0.0000000000E+00,    7.6745854317E+00,    7.6745854317E+00,    0.0000000000E+00,    0.0000000000E+00,    0.0000000000E+00,    7.6745854317E+00
     26250,      0.676917,CP1_after_deposition,   1,    0.0000000000E+00,    7.6745854317E+00,    7.6745854317E+00,    0.0000000000E+00,    0.0000000000E+00,    0.0000000000E+00,    7.6745854317E+00
     26250,      0.676917,CP2_after_erosion,   1,    0.0000000000E+00,    7.6745854317E+00,    7.6745854317E+00,    0.0000000000E+00,    0.0000000000E+00,    0.0000000000E+00,    7.6745854317E+00
     26250,      0.676917,CP3_after_update_bottom,   1,    0.0000000000E+00,    7.6745854317E+00,    7.6745854317E+00,    0.0000000000E+00,    0.0000000000E+00,    0.0000000000E+00,    7.6745854317E+00
     26250,      0.676917,CP4_after_advection,   1,    0.0000000000E+00,    7.6750406869E+00,    7.6750406869E+00,    0.0000000000E+00,    0.0000000000E+00,    0.0000000000E+00,    7.6750406869E+00
     26250,      0.676917,CP5_after_vdif,   1,    0.0000000000E+00,    7.6750406869E+00,    7.6750406869E+00,    0.0000000000E+00,    0.0000000000E+00,    0.0000000000E+00,    7.6750406869E+00
     26250,      0.676917,CP6_after_kinetics,   1,    0.0000000000E+00,    7.6750406869E+00,    7.6750406869E+00,    0.0000000000E+00,    0.0000000000E+00,    0.0000000000E+00,    7.6750406869E+00
     26250,      0.676917,CP7_after_upper_clamp,   1,    0.0000000000E+00,    7.6750406869E+00,    7.6750406869E+00,    0.0000000000E+00,    0.0000000000E+00,    0.0000000000E+00,    7.6750406869E+00
     26250,      0.676917,CP8_after_OBC,   1,    0.0000000000E+00,    7.6750406869E+00,    7.6750406869E+00,    0.0000000000E+00,    0.0000000000E+00,    0.0000000000E+00,    7.6750406869E+00
     26250,      0.676917,CP9_after_PTsource,   1,    0.0000000000E+00,    7.6750406869E+00,    7.6750406869E+00,    0.0000000000E+00,    0.0000000000E+00,    0.0000000000E+00,    7.6750406869E+00
     26250,      0.676917,CP10_after_neg_clamp,   1,    0.0000000000E+00,    7.6750406869E+00,    7.6750406869E+00,    0.0000000000E+00,    0.0000000000E+00,    0.0000000000E+00,    7.6750406869E+00
     26250,      0.676917,CP11_after_MPI,   1,    0.0000000000E+00,    7.6750406869E+00,    7.6750406869E+00,    0.0000000000E+00,    0.0000000000E+00,    0.0000000000E+00,    7.6750406869E+00
     26250,      0.676917,CP12_end,   1,    0.0000000000E+00,    7.6750406869E+00,    7.6750406869E+00,    0.0000000000E+00,    0.0000000000E+00,    0.0000000000E+00,    7.6750406869E+00
     26300,      0.676917,CP0_start,   1,    0.0000000000E+00,    7.7034774314E+00,    7.7034774314E+00,    0.0000000000E+00,    0.0000000000E+00,    0.0000000000E+00,    7.7034774314E+00
     26300,      0.676917,CP1_after_deposition,   1,    0.0000000000E+00,    7.7034774314E+00,    7.7034774314E+00,    0.0000000000E+00,    0.0000000000E+00,    0.0000000000E+00,    7.7034774314E+00
     26300,      0.676917,CP2_after_erosion,   1,    0.0000000000E+00,    7.7034774314E+00,    7.7034774314E+00,    0.0000000000E+00,    0.0000000000E+00,    0.0000000000E+00,    7.7034774314E+00
     26300,      0.676917,CP3_after_update_bottom,   1,    0.0000000000E+00,    7.7034774314E+00,    7.7034774314E+00,    0.0000000000E+00,    0.0000000000E+00,    0.0000000000E+00,    7.7034774314E+00
     26300,      0.676917,CP4_after_advection,   1,    0.0000000000E+00,    7.7039361288E+00,    7.7039361288E+00,    0.0000000000E+00,    0.0000000000E+00,    0.0000000000E+00,    7.7039361288E+00
     26300,      0.676917,CP5_after_vdif,   1,    0.0000000000E+00,    7.7039361288E+00,    7.7039361288E+00,    0.0000000000E+00,    0.0000000000E+00,    0.0000000000E+00,    7.7039361288E+00
     26300,      0.676917,CP6_after_kinetics,   1,    0.0000000000E+00,    7.7039361288E+00,    7.7039361288E+00,    0.0000000000E+00,    0.0000000000E+00,    0.0000000000E+00,    7.7039361288E+00
     26300,      0.676917,CP7_after_upper_clamp,   1,    0.0000000000E+00,    7.7039361288E+00,    7.7039361288E+00,    0.0000000000E+00,    0.0000000000E+00,    0.0000000000E+00,    7.7039361288E+00
     26300,      0.676917,CP8_after_OBC,   1,    0.0000000000E+00,    7.7039361288E+00,    7.7039361288E+00,    0.0000000000E+00,    0.0000000000E+00,    0.0000000000E+00,    7.7039361288E+00
     26300,      0.676917,CP9_after_PTsource,   1,    0.0000000000E+00,    7.7039361288E+00,    7.7039361288E+00,    0.0000000000E+00,    0.0000000000E+00,    0.0000000000E+00,    7.7039361288E+00
     26300,      0.676917,CP10_after_neg_clamp,   1,    0.0000000000E+00,    7.7039361288E+00,    7.7039361288E+00,    0.0000000000E+00,    0.0000000000E+00,    0.0000000000E+00,    7.7039361288E+00
     26300,      0.676917,CP11_after_MPI,   1,    0.0000000000E+00,    7.7039361288E+00,    7.7039361288E+00,    0.0000000000E+00,    0.0000000000E+00,    0.0000000000E+00,    7.7039361288E+00
     26300,      0.676917,CP12_end,   1,    0.0000000000E+00,    7.7039361288E+00,    7.7039361288E+00,    0.0000000000E+00,    0.0000000000E+00,    0.0000000000E+00,    7.7039361288E+00
     26350,      0.676917,CP0_start,   1,    0.0000000000E+00,    7.7324478153E+00,    7.7324478153E+00,    0.0000000000E+00,    0.0000000000E+00,    0.0000000000E+00,    7.7324478153E+00
     26350,      0.676917,CP1_after_deposition,   1,    0.0000000000E+00,    7.7324478153E+00,    7.7324478153E+00,    0.0000000000E+00,    0.0000000000E+00,    0.0000000000E+00,    7.7324478153E+00
     26350,      0.676917,CP2_after_erosion,   1,    0.0000000000E+00,    7.7324478153E+00,    7.7324478153E+00,    0.0000000000E+00,    0.0000000000E+00,    0.0000000000E+00,    7.7324478153E+00
     26350,      0.676917,CP3_after_update_bottom,   1,    0.0000000000E+00,    7.7324478153E+00,    7.7324478153E+00,    0.0000000000E+00,    0.0000000000E+00,    0.0000000000E+00,    7.7324478153E+00
     26350,      0.676917,CP4_after_advection,   1,    0.0000000000E+00,    7.7329094896E+00,    7.7329094896E+00,    0.0000000000E+00,    0.0000000000E+00,    0.0000000000E+00,    7.7329094896E+00
     26350,      0.676917,CP5_after_vdif,   1,    0.0000000000E+00,    7.7329094896E+00,    7.7329094896E+00,    0.0000000000E+00,    0.0000000000E+00,    0.0000000000E+00,    7.7329094896E+00
     26350,      0.676917,CP6_after_kinetics,   1,    0.0000000000E+00,    7.7329094896E+00,    7.7329094896E+00,    0.0000000000E+00,    0.0000000000E+00,    0.0000000000E+00,    7.7329094896E+00
     26350,      0.676917,CP7_after_upper_clamp,   1,    0.0000000000E+00,    7.7329094896E+00,    7.7329094896E+00,    0.0000000000E+00,    0.0000000000E+00,    0.0000000000E+00,    7.7329094896E+00
     26350,      0.676917,CP8_after_OBC,   1,    0.0000000000E+00,    7.7329094896E+00,    7.7329094896E+00,    0.0000000000E+00,    0.0000000000E+00,    0.0000000000E+00,    7.7329094896E+00
     26350,      0.676917,CP9_after_PTsource,   1,    0.0000000000E+00,    7.7329094896E+00,    7.7329094896E+00,    0.0000000000E+00,    0.0000000000E+00,    0.0000000000E+00,    7.7329094896E+00
     26350,      0.676917,CP10_after_neg_clamp,   1,    0.0000000000E+00,    7.7329094896E+00,    7.7329094896E+00,    0.0000000000E+00,    0.0000000000E+00,    0.0000000000E+00,    7.7329094896E+00
     26350,      0.676917,CP11_after_MPI,   1,    0.0000000000E+00,    7.7329094896E+00,    7.7329094896E+00,    0.0000000000E+00,    0.0000000000E+00,    0.0000000000E+00,    7.7329094896E+00
     26350,      0.676917,CP12_end,   1,    0.0000000000E+00,    7.7329094896E+00,    7.7329094896E+00,    0.0000000000E+00,    0.0000000000E+00,    0.0000000000E+00,    7.7329094896E+00
     26400,      0.676917,CP0_start,   1,    0.0000000000E+00,    7.7615146162E+00,    7.7615146162E+00,    0.0000000000E+00,    0.0000000000E+00,    0.0000000000E+00,    7.7615146162E+00
     26400,      0.676917,CP1_after_deposition,   1,    0.0000000000E+00,    7.7615146162E+00,    7.7615146162E+00,    0.0000000000E+00,    0.0000000000E+00,    0.0000000000E+00,    7.7615146162E+00
     26400,      0.676917,CP2_after_erosion,   1,    0.0000000000E+00,    7.7615146162E+00,    7.7615146162E+00,    0.0000000000E+00,    0.0000000000E+00,    0.0000000000E+00,    7.7615146162E+00
     26400,      0.676917,CP3_after_update_bottom,   1,    0.0000000000E+00,    7.7615146162E+00,    7.7615146162E+00,    0.0000000000E+00,    0.0000000000E+00,    0.0000000000E+00,    7.7615146162E+00
     26400,      0.676917,CP4_after_advection,   1,    0.0000000000E+00,    7.7619802336E+00,    7.7619802336E+00,    0.0000000000E+00,    0.0000000000E+00,    0.0000000000E+00,    7.7619802336E+00
     26400,      0.676917,CP5_after_vdif,   1,    0.0000000000E+00,    7.7619802336E+00,    7.7619802336E+00,    0.0000000000E+00,    0.0000000000E+00,    0.0000000000E+00,    7.7619802336E+00
     26400,      0.676917,CP6_after_kinetics,   1,    0.0000000000E+00,    7.7619802336E+00,    7.7619802336E+00,    0.0000000000E+00,    0.0000000000E+00,    0.0000000000E+00,    7.7619802336E+00
     26400,      0.676917,CP7_after_upper_clamp,   1,    0.0000000000E+00,    7.7619802336E+00,    7.7619802336E+00,    0.0000000000E+00,    0.0000000000E+00,    0.0000000000E+00,    7.7619802336E+00
     26400,      0.676917,CP8_after_OBC,   1,    0.0000000000E+00,    7.7619802336E+00,    7.7619802336E+00,    0.0000000000E+00,    0.0000000000E+00,    0.0000000000E+00,    7.7619802336E+00
     26400,      0.676917,CP9_after_PTsource,   1,    0.0000000000E+00,    7.7619802336E+00,    7.7619802336E+00,    0.0000000000E+00,    0.0000000000E+00,    0.0000000000E+00,    7.7619802336E+00
     26400,      0.676917,CP10_after_neg_clamp,   1,    0.0000000000E+00,    7.7619802336E+00,    7.7619802336E+00,    0.0000000000E+00,    0.0000000000E+00,    0.0000000000E+00,    7.7619802336E+00
     26400,      0.676917,CP11_after_MPI,   1,    0.0000000000E+00,    7.7619802336E+00,    7.7619802336E+00,    0.0000000000E+00,    0.0000000000E+00,    0.0000000000E+00,    7.7619802336E+00
     26400,      0.676917,CP12_end,   1,    0.0000000000E+00,    7.7619802336E+00,    7.7619802336E+00,    0.0000000000E+00,    0.0000000000E+00,    0.0000000000E+00,    7.7619802336E+00
     26450,      0.676917,CP0_start,   1,    0.0000000000E+00,    7.7906880744E+00,    7.7906880744E+00,    0.0000000000E+00,    0.0000000000E+00,    0.0000000000E+00,    7.7906880744E+00
     26450,      0.676917,CP1_after_deposition,   1,    0.0000000000E+00,    7.7906880744E+00,    7.7906880744E+00,    0.0000000000E+00,    0.0000000000E+00,    0.0000000000E+00,    7.7906880744E+00
     26450,      0.676917,CP2_after_erosion,   1,    0.0000000000E+00,    7.7906880744E+00,    7.7906880744E+00,    0.0000000000E+00,    0.0000000000E+00,    0.0000000000E+00,    7.7906880744E+00
     26450,      0.676917,CP3_after_update_bottom,   1,    0.0000000000E+00,    7.7906880744E+00,    7.7906880744E+00,    0.0000000000E+00,    0.0000000000E+00,    0.0000000000E+00,    7.7906880744E+00
     26450,      0.676917,CP4_after_advection,   1,    0.0000000000E+00,    7.7911549541E+00,    7.7911549541E+00,    0.0000000000E+00,    0.0000000000E+00,    0.0000000000E+00,    7.7911549541E+00
     26450,      0.676917,CP5_after_vdif,   1,    0.0000000000E+00,    7.7911549541E+00,    7.7911549541E+00,    0.0000000000E+00,    0.0000000000E+00,    0.0000000000E+00,    7.7911549541E+00
     26450,      0.676917,CP6_after_kinetics,   1,    0.0000000000E+00,    7.7911549541E+00,    7.7911549541E+00,    0.0000000000E+00,    0.0000000000E+00,    0.0000000000E+00,    7.7911549541E+00
     26450,      0.676917,CP7_after_upper_clamp,   1,    0.0000000000E+00,    7.7911549541E+00,    7.7911549541E+00,    0.0000000000E+00,    0.0000000000E+00,    0.0000000000E+00,    7.7911549541E+00
     26450,      0.676917,CP8_after_OBC,   1,    0.0000000000E+00,    7.7911549541E+00,    7.7911549541E+00,    0.0000000000E+00,    0.0000000000E+00,    0.0000000000E+00,    7.7911549541E+00
     26450,      0.676917,CP9_after_PTsource,   1,    0.0000000000E+00,    7.7911549541E+00,    7.7911549541E+00,    0.0000000000E+00,    0.0000000000E+00,    0.0000000000E+00,    7.7911549541E+00
     26450,      0.676917,CP10_after_neg_clamp,   1,    0.0000000000E+00,    7.7911549541E+00,    7.7911549541E+00,    0.0000000000E+00,    0.0000000000E+00,    0.0000000000E+00,    7.7911549541E+00
     26450,      0.676917,CP11_after_MPI,   1,    0.0000000000E+00,    7.7911549541E+00,    7.7911549541E+00,    0.0000000000E+00,    0.0000000000E+00,    0.0000000000E+00,    7.7911549541E+00
     26450,      0.676917,CP12_end,   1,    0.0000000000E+00,    7.7911549541E+00,    7.7911549541E+00,    0.0000000000E+00,    0.0000000000E+00,    0.0000000000E+00,    7.7911549541E+00
     26500,      0.676917,CP0_start,   1,    0.0000000000E+00,    7.8199628505E+00,    7.8199628505E+00,    0.0000000000E+00,    0.0000000000E+00,    0.0000000000E+00,    7.8199628505E+00
     26500,      0.676917,CP1_after_deposition,   1,    0.0000000000E+00,    7.8199628505E+00,    7.8199628505E+00,    0.0000000000E+00,    0.0000000000E+00,    0.0000000000E+00,    7.8199628505E+00
     26500,      0.676917,CP2_after_erosion,   1,    0.0000000000E+00,    7.8199628505E+00,    7.8199628505E+00,    0.0000000000E+00,    0.0000000000E+00,    0.0000000000E+00,    7.8199628505E+00
     26500,      0.676917,CP3_after_update_bottom,   1,    0.0000000000E+00,    7.8199628505E+00,    7.8199628505E+00,    0.0000000000E+00,    0.0000000000E+00,    0.0000000000E+00,    7.8199628505E+00
     26500,      0.676917,CP4_after_advection,   1,    0.0000000000E+00,    7.8204327795E+00,    7.8204327795E+00,    0.0000000000E+00,    0.0000000000E+00,    0.0000000000E+00,    7.8204327795E+00
     26500,      0.676917,CP5_after_vdif,   1,    0.0000000000E+00,    7.8204327795E+00,    7.8204327795E+00,    0.0000000000E+00,    0.0000000000E+00,    0.0000000000E+00,    7.8204327795E+00
     26500,      0.676917,CP6_after_kinetics,   1,    0.0000000000E+00,    7.8204327795E+00,    7.8204327795E+00,    0.0000000000E+00,    0.0000000000E+00,    0.0000000000E+00,    7.8204327795E+00
     26500,      0.676917,CP7_after_upper_clamp,   1,    0.0000000000E+00,    7.8204327795E+00,    7.8204327795E+00,    0.0000000000E+00,    0.0000000000E+00,    0.0000000000E+00,    7.8204327795E+00
     26500,      0.676917,CP8_after_OBC,   1,    0.0000000000E+00,    7.8204327795E+00,    7.8204327795E+00,    0.0000000000E+00,    0.0000000000E+00,    0.0000000000E+00,    7.8204327795E+00
     26500,      0.676917,CP9_after_PTsource,   1,    0.0000000000E+00,    7.8204327795E+00,    7.8204327795E+00,    0.0000000000E+00,    0.0000000000E+00,    0.0000000000E+00,    7.8204327795E+00
     26500,      0.676917,CP10_after_neg_clamp,   1,    0.0000000000E+00,    7.8204327795E+00,    7.8204327795E+00,    0.0000000000E+00,    0.0000000000E+00,    0.0000000000E+00,    7.8204327795E+00
     26500,      0.676917,CP11_after_MPI,   1,    0.0000000000E+00,    7.8204327795E+00,    7.8204327795E+00,    0.0000000000E+00,    0.0000000000E+00,    0.0000000000E+00,    7.8204327795E+00
     26500,      0.676917,CP12_end,   1,    0.0000000000E+00,    7.8204327795E+00,    7.8204327795E+00,    0.0000000000E+00,    0.0000000000E+00,    0.0000000000E+00,    7.8204327795E+00
     26550,      0.676917,CP0_start,   1,    0.0000000000E+00,    7.8493434489E+00,    7.8493434489E+00,    0.0000000000E+00,    0.0000000000E+00,    0.0000000000E+00,    7.8493434489E+00
     26550,      0.676917,CP1_after_deposition,   1,    0.0000000000E+00,    7.8493434489E+00,    7.8493434489E+00,    0.0000000000E+00,    0.0000000000E+00,    0.0000000000E+00,    7.8493434489E+00
     26550,      0.676917,CP2_after_erosion,   1,    0.0000000000E+00,    7.8493434489E+00,    7.8493434489E+00,    0.0000000000E+00,    0.0000000000E+00,    0.0000000000E+00,    7.8493434489E+00
     26550,      0.676917,CP3_after_update_bottom,   1,    0.0000000000E+00,    7.8493434489E+00,    7.8493434489E+00,    0.0000000000E+00,    0.0000000000E+00,    0.0000000000E+00,    7.8493434489E+00
     26550,      0.676917,CP4_after_advection,   1,    0.0000000000E+00,    7.8498162666E+00,    7.8498162666E+00,    0.0000000000E+00,    0.0000000000E+00,    0.0000000000E+00,    7.8498162666E+00
     26550,      0.676917,CP5_after_vdif,   1,    0.0000000000E+00,    7.8498162666E+00,    7.8498162666E+00,    0.0000000000E+00,    0.0000000000E+00,    0.0000000000E+00,    7.8498162666E+00
     26550,      0.676917,CP6_after_kinetics,   1,    0.0000000000E+00,    7.8498162666E+00,    7.8498162666E+00,    0.0000000000E+00,    0.0000000000E+00,    0.0000000000E+00,    7.8498162666E+00
     26550,      0.676917,CP7_after_upper_clamp,   1,    0.0000000000E+00,    7.8498162666E+00,    7.8498162666E+00,    0.0000000000E+00,    0.0000000000E+00,    0.0000000000E+00,    7.8498162666E+00
     26550,      0.676917,CP8_after_OBC,   1,    0.0000000000E+00,    7.8498162666E+00,    7.8498162666E+00,    0.0000000000E+00,    0.0000000000E+00,    0.0000000000E+00,    7.8498162666E+00
     26550,      0.676917,CP9_after_PTsource,   1,    0.0000000000E+00,    7.8498162666E+00,    7.8498162666E+00,    0.0000000000E+00,    0.0000000000E+00,    0.0000000000E+00,    7.8498162666E+00
     26550,      0.676917,CP10_after_neg_clamp,   1,    0.0000000000E+00,    7.8498162666E+00,    7.8498162666E+00,    0.0000000000E+00,    0.0000000000E+00,    0.0000000000E+00,    7.8498162666E+00
     26550,      0.676917,CP11_after_MPI,   1,    0.0000000000E+00,    7.8498162666E+00,    7.8498162666E+00,    0.0000000000E+00,    0.0000000000E+00,    0.0000000000E+00,    7.8498162666E+00
     26550,      0.676917,CP12_end,   1,    0.0000000000E+00,    7.8498162666E+00,    7.8498162666E+00,    0.0000000000E+00,    0.0000000000E+00,    0.0000000000E+00,    7.8498162666E+00
     26600,      0.676917,CP0_start,   1,    0.0000000000E+00,    7.8788384513E+00,    7.8788384513E+00,    0.0000000000E+00,    0.0000000000E+00,    0.0000000000E+00,    7.8788384513E+00
     26600,      0.676917,CP1_after_deposition,   1,    0.0000000000E+00,    7.8788384513E+00,    7.8788384513E+00,    0.0000000000E+00,    0.0000000000E+00,    0.0000000000E+00,    7.8788384513E+00
     26600,      0.676917,CP2_after_erosion,   1,    0.0000000000E+00,    7.8788384513E+00,    7.8788384513E+00,    0.0000000000E+00,    0.0000000000E+00,    0.0000000000E+00,    7.8788384513E+00
     26600,      0.676917,CP3_after_update_bottom,   1,    0.0000000000E+00,    7.8788384513E+00,    7.8788384513E+00,    0.0000000000E+00,    0.0000000000E+00,    0.0000000000E+00,    7.8788384513E+00
     26600,      0.676917,CP4_after_advection,   1,    0.0000000000E+00,    7.8793148946E+00,    7.8793148946E+00,    0.0000000000E+00,    0.0000000000E+00,    0.0000000000E+00,    7.8793148946E+00
     26600,      0.676917,CP5_after_vdif,   1,    0.0000000000E+00,    7.8793148946E+00,    7.8793148946E+00,    0.0000000000E+00,    0.0000000000E+00,    0.0000000000E+00,    7.8793148946E+00
     26600,      0.676917,CP6_after_kinetics,   1,    0.0000000000E+00,    7.8793148946E+00,    7.8793148946E+00,    0.0000000000E+00,    0.0000000000E+00,    0.0000000000E+00,    7.8793148946E+00
     26600,      0.676917,CP7_after_upper_clamp,   1,    0.0000000000E+00,    7.8793148946E+00,    7.8793148946E+00,    0.0000000000E+00,    0.0000000000E+00,    0.0000000000E+00,    7.8793148946E+00
     26600,      0.676917,CP8_after_OBC,   1,    0.0000000000E+00,    7.8793148946E+00,    7.8793148946E+00,    0.0000000000E+00,    0.0000000000E+00,    0.0000000000E+00,    7.8793148946E+00
     26600,      0.676917,CP9_after_PTsource,   1,    0.0000000000E+00,    7.8793148946E+00,    7.8793148946E+00,    0.0000000000E+00,    0.0000000000E+00,    0.0000000000E+00,    7.8793148946E+00
     26600,      0.676917,CP10_after_neg_clamp,   1,    0.0000000000E+00,    7.8793148946E+00,    7.8793148946E+00,    0.0000000000E+00,    0.0000000000E+00,    0.0000000000E+00,    7.8793148946E+00
     26600,      0.676917,CP11_after_MPI,   1,    0.0000000000E+00,    7.8793148946E+00,    7.8793148946E+00,    0.0000000000E+00,    0.0000000000E+00,    0.0000000000E+00,    7.8793148946E+00
     26600,      0.676917,CP12_end,   1,    0.0000000000E+00,    7.8793148946E+00,    7.8793148946E+00,    0.0000000000E+00,    0.0000000000E+00,    0.0000000000E+00,    7.8793148946E+00
     26650,      0.676917,CP0_start,   1,    0.0000000000E+00,    7.9084432953E+00,    7.9084432953E+00,    0.0000000000E+00,    0.0000000000E+00,    0.0000000000E+00,    7.9084432953E+00
     26650,      0.676917,CP1_after_deposition,   1,    0.0000000000E+00,    7.9084432953E+00,    7.9084432953E+00,    0.0000000000E+00,    0.0000000000E+00,    0.0000000000E+00,    7.9084432953E+00
     26650,      0.676917,CP2_after_erosion,   1,    0.0000000000E+00,    7.9084432953E+00,    7.9084432953E+00,    0.0000000000E+00,    0.0000000000E+00,    0.0000000000E+00,    7.9084432953E+00
     26650,      0.676917,CP3_after_update_bottom,   1,    0.0000000000E+00,    7.9084432953E+00,    7.9084432953E+00,    0.0000000000E+00,    0.0000000000E+00,    0.0000000000E+00,    7.9084432953E+00
     26650,      0.676917,CP4_after_advection,   1,    0.0000000000E+00,    7.9089236324E+00,    7.9089236324E+00,    0.0000000000E+00,    0.0000000000E+00,    0.0000000000E+00,    7.9089236324E+00
     26650,      0.676917,CP5_after_vdif,   1,    0.0000000000E+00,    7.9089236324E+00,    7.9089236324E+00,    0.0000000000E+00,    0.0000000000E+00,    0.0000000000E+00,    7.9089236324E+00
     26650,      0.676917,CP6_after_kinetics,   1,    0.0000000000E+00,    7.9089236324E+00,    7.9089236324E+00,    0.0000000000E+00,    0.0000000000E+00,    0.0000000000E+00,    7.9089236324E+00
     26650,      0.676917,CP7_after_upper_clamp,   1,    0.0000000000E+00,    7.9089236324E+00,    7.9089236324E+00,    0.0000000000E+00,    0.0000000000E+00,    0.0000000000E+00,    7.9089236324E+00
     26650,      0.676917,CP8_after_OBC,   1,    0.0000000000E+00,    7.9089236324E+00,    7.9089236324E+00,    0.0000000000E+00,    0.0000000000E+00,    0.0000000000E+00,    7.9089236324E+00
     26650,      0.676917,CP9_after_PTsource,   1,    0.0000000000E+00,    7.9089236324E+00,    7.9089236324E+00,    0.0000000000E+00,    0.0000000000E+00,    0.0000000000E+00,    7.9089236324E+00
     26650,      0.676917,CP10_after_neg_clamp,   1,    0.0000000000E+00,    7.9089236324E+00,    7.9089236324E+00,    0.0000000000E+00,    0.0000000000E+00,    0.0000000000E+00,    7.9089236324E+00
     26650,      0.676917,CP11_after_MPI,   1,    0.0000000000E+00,    7.9089236324E+00,    7.9089236324E+00,    0.0000000000E+00,    0.0000000000E+00,    0.0000000000E+00,    7.9089236324E+00
     26650,      0.676917,CP12_end,   1,    0.0000000000E+00,    7.9089236324E+00,    7.9089236324E+00,    0.0000000000E+00,    0.0000000000E+00,    0.0000000000E+00,    7.9089236324E+00
     26700,      0.676917,CP0_start,   1,    0.0000000000E+00,    7.9381589465E+00,    7.9381589465E+00,    0.0000000000E+00,    0.0000000000E+00,    0.0000000000E+00,    7.9381589465E+00
     26700,      0.676917,CP1_after_deposition,   1,    0.0000000000E+00,    7.9381589465E+00,    7.9381589465E+00,    0.0000000000E+00,    0.0000000000E+00,    0.0000000000E+00,    7.9381589465E+00
     26700,      0.676917,CP2_after_erosion,   1,    0.0000000000E+00,    7.9381589465E+00,    7.9381589465E+00,    0.0000000000E+00,    0.0000000000E+00,    0.0000000000E+00,    7.9381589465E+00
     26700,      0.676917,CP3_after_update_bottom,   1,    0.0000000000E+00,    7.9381589465E+00,    7.9381589465E+00,    0.0000000000E+00,    0.0000000000E+00,    0.0000000000E+00,    7.9381589465E+00
     26700,      0.676917,CP4_after_advection,   1,    0.0000000000E+00,    7.9386426634E+00,    7.9386426634E+00,    0.0000000000E+00,    0.0000000000E+00,    0.0000000000E+00,    7.9386426634E+00
     26700,      0.676917,CP5_after_vdif,   1,    0.0000000000E+00,    7.9386426634E+00,    7.9386426634E+00,    0.0000000000E+00,    0.0000000000E+00,    0.0000000000E+00,    7.9386426634E+00
     26700,      0.676917,CP6_after_kinetics,   1,    0.0000000000E+00,    7.9386426634E+00,    7.9386426634E+00,    0.0000000000E+00,    0.0000000000E+00,    0.0000000000E+00,    7.9386426634E+00
     26700,      0.676917,CP7_after_upper_clamp,   1,    0.0000000000E+00,    7.9386426634E+00,    7.9386426634E+00,    0.0000000000E+00,    0.0000000000E+00,    0.0000000000E+00,    7.9386426634E+00
     26700,      0.676917,CP8_after_OBC,   1,    0.0000000000E+00,    7.9386426634E+00,    7.9386426634E+00,    0.0000000000E+00,    0.0000000000E+00,    0.0000000000E+00,    7.9386426634E+00
     26700,      0.676917,CP9_after_PTsource,   1,    0.0000000000E+00,    7.9386426634E+00,    7.9386426634E+00,    0.0000000000E+00,    0.0000000000E+00,    0.0000000000E+00,    7.9386426634E+00
     26700,      0.676917,CP10_after_neg_clamp,   1,    0.0000000000E+00,    7.9386426634E+00,    7.9386426634E+00,    0.0000000000E+00,    0.0000000000E+00,    0.0000000000E+00,    7.9386426634E+00
     26700,      0.676917,CP11_after_MPI,   1,    0.0000000000E+00,    7.9386426634E+00,    7.9386426634E+00,    0.0000000000E+00,    0.0000000000E+00,    0.0000000000E+00,    7.9386426634E+00
     26700,      0.676917,CP12_end,   1,    0.0000000000E+00,    7.9386426634E+00,    7.9386426634E+00,    0.0000000000E+00,    0.0000000000E+00,    0.0000000000E+00,    7.9386426634E+00
     26750,      0.676917,CP0_start,   1,    0.0000000000E+00,    7.9679910755E+00,    7.9679910755E+00,    0.0000000000E+00,    0.0000000000E+00,    0.0000000000E+00,    7.9679910755E+00
     26750,      0.676917,CP1_after_deposition,   1,    0.0000000000E+00,    7.9679910755E+00,    7.9679910755E+00,    0.0000000000E+00,    0.0000000000E+00,    0.0000000000E+00,    7.9679910755E+00
     26750,      0.676917,CP2_after_erosion,   1,    0.0000000000E+00,    7.9679910755E+00,    7.9679910755E+00,    0.0000000000E+00,    0.0000000000E+00,    0.0000000000E+00,    7.9679910755E+00
     26750,      0.676917,CP3_after_update_bottom,   1,    0.0000000000E+00,    7.9679910755E+00,    7.9679910755E+00,    0.0000000000E+00,    0.0000000000E+00,    0.0000000000E+00,    7.9679910755E+00
     26750,      0.676917,CP4_after_advection,   1,    0.0000000000E+00,    7.9684791109E+00,    7.9684791109E+00,    0.0000000000E+00,    0.0000000000E+00,    0.0000000000E+00,    7.9684791109E+00
     26750,      0.676917,CP5_after_vdif,   1,    0.0000000000E+00,    7.9684791109E+00,    7.9684791109E+00,    0.0000000000E+00,    0.0000000000E+00,    0.0000000000E+00,    7.9684791109E+00
     26750,      0.676917,CP6_after_kinetics,   1,    0.0000000000E+00,    7.9684791109E+00,    7.9684791109E+00,    0.0000000000E+00,    0.0000000000E+00,    0.0000000000E+00,    7.9684791109E+00
     26750,      0.676917,CP7_after_upper_clamp,   1,    0.0000000000E+00,    7.9684791109E+00,    7.9684791109E+00,    0.0000000000E+00,    0.0000000000E+00,    0.0000000000E+00,    7.9684791109E+00
     26750,      0.676917,CP8_after_OBC,   1,    0.0000000000E+00,    7.9684791109E+00,    7.9684791109E+00,    0.0000000000E+00,    0.0000000000E+00,    0.0000000000E+00,    7.9684791109E+00
     26750,      0.676917,CP9_after_PTsource,   1,    0.0000000000E+00,    7.9684791109E+00,    7.9684791109E+00,    0.0000000000E+00,    0.0000000000E+00,    0.0000000000E+00,    7.9684791109E+00
     26750,      0.676917,CP10_after_neg_clamp,   1,    0.0000000000E+00,    7.9684791109E+00,    7.9684791109E+00,    0.0000000000E+00,    0.0000000000E+00,    0.0000000000E+00,    7.9684791109E+00
     26750,      0.676917,CP11_after_MPI,   1,    0.0000000000E+00,    7.9684791109E+00,    7.9684791109E+00,    0.0000000000E+00,    0.0000000000E+00,    0.0000000000E+00,    7.9684791109E+00
     26750,      0.676917,CP12_end,   1,    0.0000000000E+00,    7.9684791109E+00,    7.9684791109E+00,    0.0000000000E+00,    0.0000000000E+00,    0.0000000000E+00,    7.9684791109E+00
     26800,      0.676917,CP0_start,   1,    0.0000000000E+00,    7.9979326982E+00,    7.9979326982E+00,    0.0000000000E+00,    0.0000000000E+00,    0.0000000000E+00,    7.9979326982E+00
     26800,      0.676917,CP1_after_deposition,   1,    0.0000000000E+00,    7.9979326982E+00,    7.9979326982E+00,    0.0000000000E+00,    0.0000000000E+00,    0.0000000000E+00,    7.9979326982E+00
     26800,      0.676917,CP2_after_erosion,   1,    0.0000000000E+00,    7.9979326982E+00,    7.9979326982E+00,    0.0000000000E+00,    0.0000000000E+00,    0.0000000000E+00,    7.9979326982E+00
     26800,      0.676917,CP3_after_update_bottom,   1,    0.0000000000E+00,    7.9979326982E+00,    7.9979326982E+00,    0.0000000000E+00,    0.0000000000E+00,    0.0000000000E+00,    7.9979326982E+00
     26800,      0.676917,CP4_after_advection,   1,    0.0000000000E+00,    7.9984241400E+00,    7.9984241400E+00,    0.0000000000E+00,    0.0000000000E+00,    0.0000000000E+00,    7.9984241400E+00
     26800,      0.676917,CP5_after_vdif,   1,    0.0000000000E+00,    7.9984241400E+00,    7.9984241400E+00,    0.0000000000E+00,    0.0000000000E+00,    0.0000000000E+00,    7.9984241400E+00
     26800,      0.676917,CP6_after_kinetics,   1,    0.0000000000E+00,    7.9984241400E+00,    7.9984241400E+00,    0.0000000000E+00,    0.0000000000E+00,    0.0000000000E+00,    7.9984241400E+00
     26800,      0.676917,CP7_after_upper_clamp,   1,    0.0000000000E+00,    7.9984241400E+00,    7.9984241400E+00,    0.0000000000E+00,    0.0000000000E+00,    0.0000000000E+00,    7.9984241400E+00
     26800,      0.676917,CP8_after_OBC,   1,    0.0000000000E+00,    7.9984241400E+00,    7.9984241400E+00,    0.0000000000E+00,    0.0000000000E+00,    0.0000000000E+00,    7.9984241400E+00
     26800,      0.676917,CP9_after_PTsource,   1,    0.0000000000E+00,    7.9984241400E+00,    7.9984241400E+00,    0.0000000000E+00,    0.0000000000E+00,    0.0000000000E+00,    7.9984241400E+00
     26800,      0.676917,CP10_after_neg_clamp,   1,    0.0000000000E+00,    7.9984241400E+00,    7.9984241400E+00,    0.0000000000E+00,    0.0000000000E+00,    0.0000000000E+00,    7.9984241400E+00
     26800,      0.676917,CP11_after_MPI,   1,    0.0000000000E+00,    7.9984241400E+00,    7.9984241400E+00,    0.0000000000E+00,    0.0000000000E+00,    0.0000000000E+00,    7.9984241400E+00
     26800,      0.676917,CP12_end,   1,    0.0000000000E+00,    7.9984241400E+00,    7.9984241400E+00,    0.0000000000E+00,    0.0000000000E+00,    0.0000000000E+00,    7.9984241400E+00
     26850,      0.676917,CP0_start,   1,    0.0000000000E+00,    8.0279847190E+00,    8.0279847190E+00,    0.0000000000E+00,    0.0000000000E+00,    0.0000000000E+00,    8.0279847190E+00
     26850,      0.676917,CP1_after_deposition,   1,    0.0000000000E+00,    8.0279847190E+00,    8.0279847190E+00,    0.0000000000E+00,    0.0000000000E+00,    0.0000000000E+00,    8.0279847190E+00
     26850,      0.676917,CP2_after_erosion,   1,    0.0000000000E+00,    8.0279847190E+00,    8.0279847190E+00,    0.0000000000E+00,    0.0000000000E+00,    0.0000000000E+00,    8.0279847190E+00
     26850,      0.676917,CP3_after_update_bottom,   1,    0.0000000000E+00,    8.0279847190E+00,    8.0279847190E+00,    0.0000000000E+00,    0.0000000000E+00,    0.0000000000E+00,    8.0279847190E+00
     26850,      0.676917,CP4_after_advection,   1,    0.0000000000E+00,    8.0284791754E+00,    8.0284791754E+00,    0.0000000000E+00,    0.0000000000E+00,    0.0000000000E+00,    8.0284791754E+00
     26850,      0.676917,CP5_after_vdif,   1,    0.0000000000E+00,    8.0284791754E+00,    8.0284791754E+00,    0.0000000000E+00,    0.0000000000E+00,    0.0000000000E+00,    8.0284791754E+00
     26850,      0.676917,CP6_after_kinetics,   1,    0.0000000000E+00,    8.0284791754E+00,    8.0284791754E+00,    0.0000000000E+00,    0.0000000000E+00,    0.0000000000E+00,    8.0284791754E+00
     26850,      0.676917,CP7_after_upper_clamp,   1,    0.0000000000E+00,    8.0284791754E+00,    8.0284791754E+00,    0.0000000000E+00,    0.0000000000E+00,    0.0000000000E+00,    8.0284791754E+00
     26850,      0.676917,CP8_after_OBC,   1,    0.0000000000E+00,    8.0284791754E+00,    8.0284791754E+00,    0.0000000000E+00,    0.0000000000E+00,    0.0000000000E+00,    8.0284791754E+00
     26850,      0.676917,CP9_after_PTsource,   1,    0.0000000000E+00,    8.0284791754E+00,    8.0284791754E+00,    0.0000000000E+00,    0.0000000000E+00,    0.0000000000E+00,    8.0284791754E+00
     26850,      0.676917,CP10_after_neg_clamp,   1,    0.0000000000E+00,    8.0284791754E+00,    8.0284791754E+00,    0.0000000000E+00,    0.0000000000E+00,    0.0000000000E+00,    8.0284791754E+00
     26850,      0.676917,CP11_after_MPI,   1,    0.0000000000E+00,    8.0284791754E+00,    8.0284791754E+00,    0.0000000000E+00,    0.0000000000E+00,    0.0000000000E+00,    8.0284791754E+00
     26850,      0.676917,CP12_end,   1,    0.0000000000E+00,    8.0284791754E+00,    8.0284791754E+00,    0.0000000000E+00,    0.0000000000E+00,    0.0000000000E+00,    8.0284791754E+00
     26900,      0.676917,CP0_start,   1,    0.0000000000E+00,    8.0581520372E+00,    8.0581520372E+00,    0.0000000000E+00,    0.0000000000E+00,    0.0000000000E+00,    8.0581520372E+00
     26900,      0.676917,CP1_after_deposition,   1,    0.0000000000E+00,    8.0581520372E+00,    8.0581520372E+00,    0.0000000000E+00,    0.0000000000E+00,    0.0000000000E+00,    8.0581520372E+00
     26900,      0.676917,CP2_after_erosion,   1,    0.0000000000E+00,    8.0581520372E+00,    8.0581520372E+00,    0.0000000000E+00,    0.0000000000E+00,    0.0000000000E+00,    8.0581520372E+00
     26900,      0.676917,CP3_after_update_bottom,   1,    0.0000000000E+00,    8.0581520372E+00,    8.0581520372E+00,    0.0000000000E+00,    0.0000000000E+00,    0.0000000000E+00,    8.0581520372E+00
     26900,      0.676917,CP4_after_advection,   1,    0.0000000000E+00,    8.0586503942E+00,    8.0586503942E+00,    0.0000000000E+00,    0.0000000000E+00,    0.0000000000E+00,    8.0586503942E+00
     26900,      0.676917,CP5_after_vdif,   1,    0.0000000000E+00,    8.0586503942E+00,    8.0586503942E+00,    0.0000000000E+00,    0.0000000000E+00,    0.0000000000E+00,    8.0586503942E+00
     26900,      0.676917,CP6_after_kinetics,   1,    0.0000000000E+00,    8.0586503942E+00,    8.0586503942E+00,    0.0000000000E+00,    0.0000000000E+00,    0.0000000000E+00,    8.0586503942E+00
     26900,      0.676917,CP7_after_upper_clamp,   1,    0.0000000000E+00,    8.0586503942E+00,    8.0586503942E+00,    0.0000000000E+00,    0.0000000000E+00,    0.0000000000E+00,    8.0586503942E+00
     26900,      0.676917,CP8_after_OBC,   1,    0.0000000000E+00,    8.0586503942E+00,    8.0586503942E+00,    0.0000000000E+00,    0.0000000000E+00,    0.0000000000E+00,    8.0586503942E+00
     26900,      0.676917,CP9_after_PTsource,   1,    0.0000000000E+00,    8.0586503942E+00,    8.0586503942E+00,    0.0000000000E+00,    0.0000000000E+00,    0.0000000000E+00,    8.0586503942E+00
     26900,      0.676917,CP10_after_neg_clamp,   1,    0.0000000000E+00,    8.0586503942E+00,    8.0586503942E+00,    0.0000000000E+00,    0.0000000000E+00,    0.0000000000E+00,    8.0586503942E+00
     26900,      0.676917,CP11_after_MPI,   1,    0.0000000000E+00,    8.0586503942E+00,    8.0586503942E+00,    0.0000000000E+00,    0.0000000000E+00,    0.0000000000E+00,    8.0586503942E+00
     26900,      0.676917,CP12_end,   1,    0.0000000000E+00,    8.0586503942E+00,    8.0586503942E+00,    0.0000000000E+00,    0.0000000000E+00,    0.0000000000E+00,    8.0586503942E+00
     26950,      0.676917,CP0_start,   1,    0.0000000000E+00,    8.0884365228E+00,    8.0884365228E+00,    0.0000000000E+00,    0.0000000000E+00,    0.0000000000E+00,    8.0884365228E+00
     26950,      0.676917,CP1_after_deposition,   1,    0.0000000000E+00,    8.0884365228E+00,    8.0884365228E+00,    0.0000000000E+00,    0.0000000000E+00,    0.0000000000E+00,    8.0884365228E+00
     26950,      0.676917,CP2_after_erosion,   1,    0.0000000000E+00,    8.0884365228E+00,    8.0884365228E+00,    0.0000000000E+00,    0.0000000000E+00,    0.0000000000E+00,    8.0884365228E+00
     26950,      0.676917,CP3_after_update_bottom,   1,    0.0000000000E+00,    8.0884365228E+00,    8.0884365228E+00,    0.0000000000E+00,    0.0000000000E+00,    0.0000000000E+00,    8.0884365228E+00
     26950,      0.676917,CP4_after_advection,   1,    0.0000000000E+00,    8.0889385800E+00,    8.0889385800E+00,    0.0000000000E+00,    0.0000000000E+00,    0.0000000000E+00,    8.0889385800E+00
     26950,      0.676917,CP5_after_vdif,   1,    0.0000000000E+00,    8.0889385800E+00,    8.0889385800E+00,    0.0000000000E+00,    0.0000000000E+00,    0.0000000000E+00,    8.0889385800E+00
     26950,      0.676917,CP6_after_kinetics,   1,    0.0000000000E+00,    8.0889385800E+00,    8.0889385800E+00,    0.0000000000E+00,    0.0000000000E+00,    0.0000000000E+00,    8.0889385800E+00
     26950,      0.676917,CP7_after_upper_clamp,   1,    0.0000000000E+00,    8.0889385800E+00,    8.0889385800E+00,    0.0000000000E+00,    0.0000000000E+00,    0.0000000000E+00,    8.0889385800E+00
     26950,      0.676917,CP8_after_OBC,   1,    0.0000000000E+00,    8.0889385800E+00,    8.0889385800E+00,    0.0000000000E+00,    0.0000000000E+00,    0.0000000000E+00,    8.0889385800E+00
     26950,      0.676917,CP9_after_PTsource,   1,    0.0000000000E+00,    8.0889385800E+00,    8.0889385800E+00,    0.0000000000E+00,    0.0000000000E+00,    0.0000000000E+00,    8.0889385800E+00
     26950,      0.676917,CP10_after_neg_clamp,   1,    0.0000000000E+00,    8.0889385800E+00,    8.0889385800E+00,    0.0000000000E+00,    0.0000000000E+00,    0.0000000000E+00,    8.0889385800E+00
     26950,      0.676917,CP11_after_MPI,   1,    0.0000000000E+00,    8.0889385800E+00,    8.0889385800E+00,    0.0000000000E+00,    0.0000000000E+00,    0.0000000000E+00,    8.0889385800E+00
     26950,      0.676917,CP12_end,   1,    0.0000000000E+00,    8.0889385800E+00,    8.0889385800E+00,    0.0000000000E+00,    0.0000000000E+00,    0.0000000000E+00,    8.0889385800E+00
     27000,      0.676917,CP0_start,   1,    0.0000000000E+00,    8.1188384947E+00,    8.1188384947E+00,    0.0000000000E+00,    0.0000000000E+00,    0.0000000000E+00,    8.1188384947E+00
     27000,      0.676917,CP1_after_deposition,   1,    0.0000000000E+00,    8.1188384947E+00,    8.1188384947E+00,    0.0000000000E+00,    0.0000000000E+00,    0.0000000000E+00,    8.1188384947E+00
     27000,      0.676917,CP2_after_erosion,   1,    0.0000000000E+00,    8.1188384947E+00,    8.1188384947E+00,    0.0000000000E+00,    0.0000000000E+00,    0.0000000000E+00,    8.1188384947E+00
     27000,      0.676917,CP3_after_update_bottom,   1,    0.0000000000E+00,    8.1188384947E+00,    8.1188384947E+00,    0.0000000000E+00,    0.0000000000E+00,    0.0000000000E+00,    8.1188384947E+00
     27000,      0.676917,CP4_after_advection,   1,    0.0000000000E+00,    8.1193432131E+00,    8.1193432131E+00,    0.0000000000E+00,    0.0000000000E+00,    0.0000000000E+00,    8.1193432131E+00
     27000,      0.676917,CP5_after_vdif,   1,    0.0000000000E+00,    8.1193432131E+00,    8.1193432131E+00,    0.0000000000E+00,    0.0000000000E+00,    0.0000000000E+00,    8.1193432131E+00
     27000,      0.676917,CP6_after_kinetics,   1,    0.0000000000E+00,    8.1193432131E+00,    8.1193432131E+00,    0.0000000000E+00,    0.0000000000E+00,    0.0000000000E+00,    8.1193432131E+00
     27000,      0.676917,CP7_after_upper_clamp,   1,    0.0000000000E+00,    8.1193432131E+00,    8.1193432131E+00,    0.0000000000E+00,    0.0000000000E+00,    0.0000000000E+00,    8.1193432131E+00
     27000,      0.676917,CP8_after_OBC,   1,    0.0000000000E+00,    8.1193432131E+00,    8.1193432131E+00,    0.0000000000E+00,    0.0000000000E+00,    0.0000000000E+00,    8.1193432131E+00
     27000,      0.676917,CP9_after_PTsource,   1,    0.0000000000E+00,    8.1193432131E+00,    8.1193432131E+00,    0.0000000000E+00,    0.0000000000E+00,    0.0000000000E+00,    8.1193432131E+00
     27000,      0.676917,CP10_after_neg_clamp,   1,    0.0000000000E+00,    8.1193432131E+00,    8.1193432131E+00,    0.0000000000E+00,    0.0000000000E+00,    0.0000000000E+00,    8.1193432131E+00
     27000,      0.676917,CP11_after_MPI,   1,    0.0000000000E+00,    8.1193432131E+00,    8.1193432131E+00,    0.0000000000E+00,    0.0000000000E+00,    0.0000000000E+00,    8.1193432131E+00
     27000,      0.676917,CP12_end,   1,    0.0000000000E+00,    8.1193432131E+00,    8.1193432131E+00,    0.0000000000E+00,    0.0000000000E+00,    0.0000000000E+00,    8.1193432131E+00
     27050,      0.676917,CP0_start,   1,    0.0000000000E+00,    8.1493592443E+00,    8.1493592443E+00,    0.0000000000E+00,    0.0000000000E+00,    0.0000000000E+00,    8.1493592443E+00
     27050,      0.676917,CP1_after_deposition,   1,    0.0000000000E+00,    8.1493592443E+00,    8.1493592443E+00,    0.0000000000E+00,    0.0000000000E+00,    0.0000000000E+00,    8.1493592443E+00
     27050,      0.676917,CP2_after_erosion,   1,    0.0000000000E+00,    8.1493592443E+00,    8.1493592443E+00,    0.0000000000E+00,    0.0000000000E+00,    0.0000000000E+00,    8.1493592443E+00
     27050,      0.676917,CP3_after_update_bottom,   1,    0.0000000000E+00,    8.1493592443E+00,    8.1493592443E+00,    0.0000000000E+00,    0.0000000000E+00,    0.0000000000E+00,    8.1493592443E+00
     27050,      0.676917,CP4_after_advection,   1,    0.0000000000E+00,    8.1498681454E+00,    8.1498681454E+00,    0.0000000000E+00,    0.0000000000E+00,    0.0000000000E+00,    8.1498681454E+00
     27050,      0.676917,CP5_after_vdif,   1,    0.0000000000E+00,    8.1498681454E+00,    8.1498681454E+00,    0.0000000000E+00,    0.0000000000E+00,    0.0000000000E+00,    8.1498681454E+00
     27050,      0.676917,CP6_after_kinetics,   1,    0.0000000000E+00,    8.1498681454E+00,    8.1498681454E+00,    0.0000000000E+00,    0.0000000000E+00,    0.0000000000E+00,    8.1498681454E+00
     27050,      0.676917,CP7_after_upper_clamp,   1,    0.0000000000E+00,    8.1498681454E+00,    8.1498681454E+00,    0.0000000000E+00,    0.0000000000E+00,    0.0000000000E+00,    8.1498681454E+00
     27050,      0.676917,CP8_after_OBC,   1,    0.0000000000E+00,    8.1498681454E+00,    8.1498681454E+00,    0.0000000000E+00,    0.0000000000E+00,    0.0000000000E+00,    8.1498681454E+00
     27050,      0.676917,CP9_after_PTsource,   1,    0.0000000000E+00,    8.1498681454E+00,    8.1498681454E+00,    0.0000000000E+00,    0.0000000000E+00,    0.0000000000E+00,    8.1498681454E+00
     27050,      0.676917,CP10_after_neg_clamp,   1,    0.0000000000E+00,    8.1498681454E+00,    8.1498681454E+00,    0.0000000000E+00,    0.0000000000E+00,    0.0000000000E+00,    8.1498681454E+00
     27050,      0.676917,CP11_after_MPI,   1,    0.0000000000E+00,    8.1498681454E+00,    8.1498681454E+00,    0.0000000000E+00,    0.0000000000E+00,    0.0000000000E+00,    8.1498681454E+00
     27050,      0.676917,CP12_end,   1,    0.0000000000E+00,    8.1498681454E+00,    8.1498681454E+00,    0.0000000000E+00,    0.0000000000E+00,    0.0000000000E+00,    8.1498681454E+00
     27100,      0.676917,CP0_start,   1,    0.0000000000E+00,    8.1800036656E+00,    8.1800036656E+00,    0.0000000000E+00,    0.0000000000E+00,    0.0000000000E+00,    8.1800036656E+00
     27100,      0.676917,CP1_after_deposition,   1,    0.0000000000E+00,    8.1800036656E+00,    8.1800036656E+00,    0.0000000000E+00,    0.0000000000E+00,    0.0000000000E+00,    8.1800036656E+00
     27100,      0.676917,CP2_after_erosion,   1,    0.0000000000E+00,    8.1800036656E+00,    8.1800036656E+00,    0.0000000000E+00,    0.0000000000E+00,    0.0000000000E+00,    8.1800036656E+00
     27100,      0.676917,CP3_after_update_bottom,   1,    0.0000000000E+00,    8.1800036656E+00,    8.1800036656E+00,    0.0000000000E+00,    0.0000000000E+00,    0.0000000000E+00,    8.1800036656E+00
     27100,      0.676917,CP4_after_advection,   1,    0.0000000000E+00,    8.1805160078E+00,    8.1805160078E+00,    0.0000000000E+00,    0.0000000000E+00,    0.0000000000E+00,    8.1805160078E+00
     27100,      0.676917,CP5_after_vdif,   1,    0.0000000000E+00,    8.1805160078E+00,    8.1805160078E+00,    0.0000000000E+00,    0.0000000000E+00,    0.0000000000E+00,    8.1805160078E+00
     27100,      0.676917,CP6_after_kinetics,   1,    0.0000000000E+00,    8.1805160078E+00,    8.1805160078E+00,    0.0000000000E+00,    0.0000000000E+00,    0.0000000000E+00,    8.1805160078E+00
     27100,      0.676917,CP7_after_upper_clamp,   1,    0.0000000000E+00,    8.1805160078E+00,    8.1805160078E+00,    0.0000000000E+00,    0.0000000000E+00,    0.0000000000E+00,    8.1805160078E+00
     27100,      0.676917,CP8_after_OBC,   1,    0.0000000000E+00,    8.1805160078E+00,    8.1805160078E+00,    0.0000000000E+00,    0.0000000000E+00,    0.0000000000E+00,    8.1805160078E+00
     27100,      0.676917,CP9_after_PTsource,   1,    0.0000000000E+00,    8.1805160078E+00,    8.1805160078E+00,    0.0000000000E+00,    0.0000000000E+00,    0.0000000000E+00,    8.1805160078E+00
     27100,      0.676917,CP10_after_neg_clamp,   1,    0.0000000000E+00,    8.1805160078E+00,    8.1805160078E+00,    0.0000000000E+00,    0.0000000000E+00,    0.0000000000E+00,    8.1805160078E+00
     27100,      0.676917,CP11_after_MPI,   1,    0.0000000000E+00,    8.1805160078E+00,    8.1805160078E+00,    0.0000000000E+00,    0.0000000000E+00,    0.0000000000E+00,    8.1805160078E+00
     27100,      0.676917,CP12_end,   1,    0.0000000000E+00,    8.1805160078E+00,    8.1805160078E+00,    0.0000000000E+00,    0.0000000000E+00,    0.0000000000E+00,    8.1805160078E+00
     27150,      0.676917,CP0_start,   1,    0.0000000000E+00,    8.2107648499E+00,    8.2107648499E+00,    0.0000000000E+00,    0.0000000000E+00,    0.0000000000E+00,    8.2107648499E+00
     27150,      0.676917,CP1_after_deposition,   1,    0.0000000000E+00,    8.2107648499E+00,    8.2107648499E+00,    0.0000000000E+00,    0.0000000000E+00,    0.0000000000E+00,    8.2107648499E+00
     27150,      0.676917,CP2_after_erosion,   1,    0.0000000000E+00,    8.2107648499E+00,    8.2107648499E+00,    0.0000000000E+00,    0.0000000000E+00,    0.0000000000E+00,    8.2107648499E+00
     27150,      0.676917,CP3_after_update_bottom,   1,    0.0000000000E+00,    8.2107648499E+00,    8.2107648499E+00,    0.0000000000E+00,    0.0000000000E+00,    0.0000000000E+00,    8.2107648499E+00
     27150,      0.676917,CP4_after_advection,   1,    0.0000000000E+00,    8.2112811929E+00,    8.2112811929E+00,    0.0000000000E+00,    0.0000000000E+00,    0.0000000000E+00,    8.2112811929E+00
     27150,      0.676917,CP5_after_vdif,   1,    0.0000000000E+00,    8.2112811929E+00,    8.2112811929E+00,    0.0000000000E+00,    0.0000000000E+00,    0.0000000000E+00,    8.2112811929E+00
     27150,      0.676917,CP6_after_kinetics,   1,    0.0000000000E+00,    8.2112811929E+00,    8.2112811929E+00,    0.0000000000E+00,    0.0000000000E+00,    0.0000000000E+00,    8.2112811929E+00
     27150,      0.676917,CP7_after_upper_clamp,   1,    0.0000000000E+00,    8.2112811929E+00,    8.2112811929E+00,    0.0000000000E+00,    0.0000000000E+00,    0.0000000000E+00,    8.2112811929E+00
     27150,      0.676917,CP8_after_OBC,   1,    0.0000000000E+00,    8.2112811929E+00,    8.2112811929E+00,    0.0000000000E+00,    0.0000000000E+00,    0.0000000000E+00,    8.2112811929E+00
     27150,      0.676917,CP9_after_PTsource,   1,    0.0000000000E+00,    8.2112811929E+00,    8.2112811929E+00,    0.0000000000E+00,    0.0000000000E+00,    0.0000000000E+00,    8.2112811929E+00
     27150,      0.676917,CP10_after_neg_clamp,   1,    0.0000000000E+00,    8.2112811929E+00,    8.2112811929E+00,    0.0000000000E+00,    0.0000000000E+00,    0.0000000000E+00,    8.2112811929E+00
     27150,      0.676917,CP11_after_MPI,   1,    0.0000000000E+00,    8.2112811929E+00,    8.2112811929E+00,    0.0000000000E+00,    0.0000000000E+00,    0.0000000000E+00,    8.2112811929E+00
     27150,      0.676917,CP12_end,   1,    0.0000000000E+00,    8.2112811929E+00,    8.2112811929E+00,    0.0000000000E+00,    0.0000000000E+00,    0.0000000000E+00,    8.2112811929E+00
     27200,      0.676917,CP0_start,   1,    0.0000000000E+00,    8.2416459581E+00,    8.2416459581E+00,    0.0000000000E+00,    0.0000000000E+00,    0.0000000000E+00,    8.2416459581E+00
     27200,      0.676917,CP1_after_deposition,   1,    0.0000000000E+00,    8.2416459581E+00,    8.2416459581E+00,    0.0000000000E+00,    0.0000000000E+00,    0.0000000000E+00,    8.2416459581E+00
     27200,      0.676917,CP2_after_erosion,   1,    0.0000000000E+00,    8.2416459581E+00,    8.2416459581E+00,    0.0000000000E+00,    0.0000000000E+00,    0.0000000000E+00,    8.2416459581E+00
     27200,      0.676917,CP3_after_update_bottom,   1,    0.0000000000E+00,    8.2416459581E+00,    8.2416459581E+00,    0.0000000000E+00,    0.0000000000E+00,    0.0000000000E+00,    8.2416459581E+00
     27200,      0.676917,CP4_after_advection,   1,    0.0000000000E+00,    8.2421659539E+00,    8.2421659539E+00,    0.0000000000E+00,    0.0000000000E+00,    0.0000000000E+00,    8.2421659539E+00
     27200,      0.676917,CP5_after_vdif,   1,    0.0000000000E+00,    8.2421659539E+00,    8.2421659539E+00,    0.0000000000E+00,    0.0000000000E+00,    0.0000000000E+00,    8.2421659539E+00
     27200,      0.676917,CP6_after_kinetics,   1,    0.0000000000E+00,    8.2421659539E+00,    8.2421659539E+00,    0.0000000000E+00,    0.0000000000E+00,    0.0000000000E+00,    8.2421659539E+00
     27200,      0.676917,CP7_after_upper_clamp,   1,    0.0000000000E+00,    8.2421659539E+00,    8.2421659539E+00,    0.0000000000E+00,    0.0000000000E+00,    0.0000000000E+00,    8.2421659539E+00
     27200,      0.676917,CP8_after_OBC,   1,    0.0000000000E+00,    8.2421659539E+00,    8.2421659539E+00,    0.0000000000E+00,    0.0000000000E+00,    0.0000000000E+00,    8.2421659539E+00
     27200,      0.676917,CP9_after_PTsource,   1,    0.0000000000E+00,    8.2421659539E+00,    8.2421659539E+00,    0.0000000000E+00,    0.0000000000E+00,    0.0000000000E+00,    8.2421659539E+00
     27200,      0.676917,CP10_after_neg_clamp,   1,    0.0000000000E+00,    8.2421659539E+00,    8.2421659539E+00,    0.0000000000E+00,    0.0000000000E+00,    0.0000000000E+00,    8.2421659539E+00
     27200,      0.676917,CP11_after_MPI,   1,    0.0000000000E+00,    8.2421659539E+00,    8.2421659539E+00,    0.0000000000E+00,    0.0000000000E+00,    0.0000000000E+00,    8.2421659539E+00
     27200,      0.676917,CP12_end,   1,    0.0000000000E+00,    8.2421659539E+00,    8.2421659539E+00,    0.0000000000E+00,    0.0000000000E+00,    0.0000000000E+00,    8.2421659539E+00
     27250,      0.676917,CP0_start,   1,    0.0000000000E+00,    8.2726502946E+00,    8.2726502946E+00,    0.0000000000E+00,    0.0000000000E+00,    0.0000000000E+00,    8.2726502946E+00
     27250,      0.676917,CP1_after_deposition,   1,    0.0000000000E+00,    8.2726502946E+00,    8.2726502946E+00,    0.0000000000E+00,    0.0000000000E+00,    0.0000000000E+00,    8.2726502946E+00
     27250,      0.676917,CP2_after_erosion,   1,    0.0000000000E+00,    8.2726502946E+00,    8.2726502946E+00,    0.0000000000E+00,    0.0000000000E+00,    0.0000000000E+00,    8.2726502946E+00
     27250,      0.676917,CP3_after_update_bottom,   1,    0.0000000000E+00,    8.2726502946E+00,    8.2726502946E+00,    0.0000000000E+00,    0.0000000000E+00,    0.0000000000E+00,    8.2726502946E+00
     27250,      0.676917,CP4_after_advection,   1,    0.0000000000E+00,    8.2731739820E+00,    8.2731739820E+00,    0.0000000000E+00,    0.0000000000E+00,    0.0000000000E+00,    8.2731739820E+00
     27250,      0.676917,CP5_after_vdif,   1,    0.0000000000E+00,    8.2731739820E+00,    8.2731739820E+00,    0.0000000000E+00,    0.0000000000E+00,    0.0000000000E+00,    8.2731739820E+00
     27250,      0.676917,CP6_after_kinetics,   1,    0.0000000000E+00,    8.2731739820E+00,    8.2731739820E+00,    0.0000000000E+00,    0.0000000000E+00,    0.0000000000E+00,    8.2731739820E+00
     27250,      0.676917,CP7_after_upper_clamp,   1,    0.0000000000E+00,    8.2731739820E+00,    8.2731739820E+00,    0.0000000000E+00,    0.0000000000E+00,    0.0000000000E+00,    8.2731739820E+00
     27250,      0.676917,CP8_after_OBC,   1,    0.0000000000E+00,    8.2731739820E+00,    8.2731739820E+00,    0.0000000000E+00,    0.0000000000E+00,    0.0000000000E+00,    8.2731739820E+00
     27250,      0.676917,CP9_after_PTsource,   1,    0.0000000000E+00,    8.2731739820E+00,    8.2731739820E+00,    0.0000000000E+00,    0.0000000000E+00,    0.0000000000E+00,    8.2731739820E+00
     27250,      0.676917,CP10_after_neg_clamp,   1,    0.0000000000E+00,    8.2731739820E+00,    8.2731739820E+00,    0.0000000000E+00,    0.0000000000E+00,    0.0000000000E+00,    8.2731739820E+00
     27250,      0.676917,CP11_after_MPI,   1,    0.0000000000E+00,    8.2731739820E+00,    8.2731739820E+00,    0.0000000000E+00,    0.0000000000E+00,    0.0000000000E+00,    8.2731739820E+00
     27250,      0.676917,CP12_end,   1,    0.0000000000E+00,    8.2731739820E+00,    8.2731739820E+00,    0.0000000000E+00,    0.0000000000E+00,    0.0000000000E+00,    8.2731739820E+00
     27300,      0.676917,CP0_start,   1,    0.0000000000E+00,    8.3037730301E+00,    8.3037730301E+00,    0.0000000000E+00,    0.0000000000E+00,    0.0000000000E+00,    8.3037730301E+00
     27300,      0.676917,CP1_after_deposition,   1,    0.0000000000E+00,    8.3037730301E+00,    8.3037730301E+00,    0.0000000000E+00,    0.0000000000E+00,    0.0000000000E+00,    8.3037730301E+00
     27300,      0.676917,CP2_after_erosion,   1,    0.0000000000E+00,    8.3037730301E+00,    8.3037730301E+00,    0.0000000000E+00,    0.0000000000E+00,    0.0000000000E+00,    8.3037730301E+00
     27300,      0.676917,CP3_after_update_bottom,   1,    0.0000000000E+00,    8.3037730301E+00,    8.3037730301E+00,    0.0000000000E+00,    0.0000000000E+00,    0.0000000000E+00,    8.3037730301E+00
     27300,      0.676917,CP4_after_advection,   1,    0.0000000000E+00,    8.3043001541E+00,    8.3043001541E+00,    0.0000000000E+00,    0.0000000000E+00,    0.0000000000E+00,    8.3043001541E+00
     27300,      0.676917,CP5_after_vdif,   1,    0.0000000000E+00,    8.3043001541E+00,    8.3043001541E+00,    0.0000000000E+00,    0.0000000000E+00,    0.0000000000E+00,    8.3043001541E+00
     27300,      0.676917,CP6_after_kinetics,   1,    0.0000000000E+00,    8.3043001541E+00,    8.3043001541E+00,    0.0000000000E+00,    0.0000000000E+00,    0.0000000000E+00,    8.3043001541E+00
     27300,      0.676917,CP7_after_upper_clamp,   1,    0.0000000000E+00,    8.3043001541E+00,    8.3043001541E+00,    0.0000000000E+00,    0.0000000000E+00,    0.0000000000E+00,    8.3043001541E+00
     27300,      0.676917,CP8_after_OBC,   1,    0.0000000000E+00,    8.3043001541E+00,    8.3043001541E+00,    0.0000000000E+00,    0.0000000000E+00,    0.0000000000E+00,    8.3043001541E+00
     27300,      0.676917,CP9_after_PTsource,   1,    0.0000000000E+00,    8.3043001541E+00,    8.3043001541E+00,    0.0000000000E+00,    0.0000000000E+00,    0.0000000000E+00,    8.3043001541E+00
     27300,      0.676917,CP10_after_neg_clamp,   1,    0.0000000000E+00,    8.3043001541E+00,    8.3043001541E+00,    0.0000000000E+00,    0.0000000000E+00,    0.0000000000E+00,    8.3043001541E+00
     27300,      0.676917,CP11_after_MPI,   1,    0.0000000000E+00,    8.3043001541E+00,    8.3043001541E+00,    0.0000000000E+00,    0.0000000000E+00,    0.0000000000E+00,    8.3043001541E+00
     27300,      0.676917,CP12_end,   1,    0.0000000000E+00,    8.3043001541E+00,    8.3043001541E+00,    0.0000000000E+00,    0.0000000000E+00,    0.0000000000E+00,    8.3043001541E+00
     27350,      0.676917,CP0_start,   1,    0.0000000000E+00,    8.3350065597E+00,    8.3350065597E+00,    0.0000000000E+00,    0.0000000000E+00,    0.0000000000E+00,    8.3350065597E+00
     27350,      0.676917,CP1_after_deposition,   1,    0.0000000000E+00,    8.3350065597E+00,    8.3350065597E+00,    0.0000000000E+00,    0.0000000000E+00,    0.0000000000E+00,    8.3350065597E+00
     27350,      0.676917,CP2_after_erosion,   1,    0.0000000000E+00,    8.3350065597E+00,    8.3350065597E+00,    0.0000000000E+00,    0.0000000000E+00,    0.0000000000E+00,    8.3350065597E+00
     27350,      0.676917,CP3_after_update_bottom,   1,    0.0000000000E+00,    8.3350065597E+00,    8.3350065597E+00,    0.0000000000E+00,    0.0000000000E+00,    0.0000000000E+00,    8.3350065597E+00
     27350,      0.676917,CP4_after_advection,   1,    0.0000000000E+00,    8.3355373052E+00,    8.3355373052E+00,    0.0000000000E+00,    0.0000000000E+00,    0.0000000000E+00,    8.3355373052E+00
     27350,      0.676917,CP5_after_vdif,   1,    0.0000000000E+00,    8.3355373052E+00,    8.3355373052E+00,    0.0000000000E+00,    0.0000000000E+00,    0.0000000000E+00,    8.3355373052E+00
     27350,      0.676917,CP6_after_kinetics,   1,    0.0000000000E+00,    8.3355373052E+00,    8.3355373052E+00,    0.0000000000E+00,    0.0000000000E+00,    0.0000000000E+00,    8.3355373052E+00
     27350,      0.676917,CP7_after_upper_clamp,   1,    0.0000000000E+00,    8.3355373052E+00,    8.3355373052E+00,    0.0000000000E+00,    0.0000000000E+00,    0.0000000000E+00,    8.3355373052E+00
     27350,      0.676917,CP8_after_OBC,   1,    0.0000000000E+00,    8.3355373052E+00,    8.3355373052E+00,    0.0000000000E+00,    0.0000000000E+00,    0.0000000000E+00,    8.3355373052E+00
     27350,      0.676917,CP9_after_PTsource,   1,    0.0000000000E+00,    8.3355373052E+00,    8.3355373052E+00,    0.0000000000E+00,    0.0000000000E+00,    0.0000000000E+00,    8.3355373052E+00
     27350,      0.676917,CP10_after_neg_clamp,   1,    0.0000000000E+00,    8.3355373052E+00,    8.3355373052E+00,    0.0000000000E+00,    0.0000000000E+00,    0.0000000000E+00,    8.3355373052E+00
     27350,      0.676917,CP11_after_MPI,   1,    0.0000000000E+00,    8.3355373052E+00,    8.3355373052E+00,    0.0000000000E+00,    0.0000000000E+00,    0.0000000000E+00,    8.3355373052E+00
     27350,      0.676917,CP12_end,   1,    0.0000000000E+00,    8.3355373052E+00,    8.3355373052E+00,    0.0000000000E+00,    0.0000000000E+00,    0.0000000000E+00,    8.3355373052E+00
     27400,      0.676917,CP0_start,   1,    0.0000000000E+00,    8.3663627284E+00,    8.3663627284E+00,    0.0000000000E+00,    0.0000000000E+00,    0.0000000000E+00,    8.3663627284E+00
     27400,      0.676917,CP1_after_deposition,   1,    0.0000000000E+00,    8.3663627284E+00,    8.3663627284E+00,    0.0000000000E+00,    0.0000000000E+00,    0.0000000000E+00,    8.3663627284E+00
     27400,      0.676917,CP2_after_erosion,   1,    0.0000000000E+00,    8.3663627284E+00,    8.3663627284E+00,    0.0000000000E+00,    0.0000000000E+00,    0.0000000000E+00,    8.3663627284E+00
     27400,      0.676917,CP3_after_update_bottom,   1,    0.0000000000E+00,    8.3663627284E+00,    8.3663627284E+00,    0.0000000000E+00,    0.0000000000E+00,    0.0000000000E+00,    8.3663627284E+00
     27400,      0.676917,CP4_after_advection,   1,    0.0000000000E+00,    8.3668966104E+00,    8.3668966104E+00,    0.0000000000E+00,    0.0000000000E+00,    0.0000000000E+00,    8.3668966104E+00
     27400,      0.676917,CP5_after_vdif,   1,    0.0000000000E+00,    8.3668966104E+00,    8.3668966104E+00,    0.0000000000E+00,    0.0000000000E+00,    0.0000000000E+00,    8.3668966104E+00
     27400,      0.676917,CP6_after_kinetics,   1,    0.0000000000E+00,    8.3668966104E+00,    8.3668966104E+00,    0.0000000000E+00,    0.0000000000E+00,    0.0000000000E+00,    8.3668966104E+00
     27400,      0.676917,CP7_after_upper_clamp,   1,    0.0000000000E+00,    8.3668966104E+00,    8.3668966104E+00,    0.0000000000E+00,    0.0000000000E+00,    0.0000000000E+00,    8.3668966104E+00
     27400,      0.676917,CP8_after_OBC,   1,    0.0000000000E+00,    8.3668966104E+00,    8.3668966104E+00,    0.0000000000E+00,    0.0000000000E+00,    0.0000000000E+00,    8.3668966104E+00
     27400,      0.676917,CP9_after_PTsource,   1,    0.0000000000E+00,    8.3668966104E+00,    8.3668966104E+00,    0.0000000000E+00,    0.0000000000E+00,    0.0000000000E+00,    8.3668966104E+00
     27400,      0.676917,CP10_after_neg_clamp,   1,    0.0000000000E+00,    8.3668966104E+00,    8.3668966104E+00,    0.0000000000E+00,    0.0000000000E+00,    0.0000000000E+00,    8.3668966104E+00
     27400,      0.676917,CP11_after_MPI,   1,    0.0000000000E+00,    8.3668966104E+00,    8.3668966104E+00,    0.0000000000E+00,    0.0000000000E+00,    0.0000000000E+00,    8.3668966104E+00
     27400,      0.676917,CP12_end,   1,    0.0000000000E+00,    8.3668966104E+00,    8.3668966104E+00,    0.0000000000E+00,    0.0000000000E+00,    0.0000000000E+00,    8.3668966104E+00
     27450,      0.676917,CP0_start,   1,    0.0000000000E+00,    8.3978350012E+00,    8.3978350012E+00,    0.0000000000E+00,    0.0000000000E+00,    0.0000000000E+00,    8.3978350012E+00
     27450,      0.676917,CP1_after_deposition,   1,    0.0000000000E+00,    8.3978350012E+00,    8.3978350012E+00,    0.0000000000E+00,    0.0000000000E+00,    0.0000000000E+00,    8.3978350012E+00
     27450,      0.676917,CP2_after_erosion,   1,    0.0000000000E+00,    8.3978350012E+00,    8.3978350012E+00,    0.0000000000E+00,    0.0000000000E+00,    0.0000000000E+00,    8.3978350012E+00
     27450,      0.676917,CP3_after_update_bottom,   1,    0.0000000000E+00,    8.3978350012E+00,    8.3978350012E+00,    0.0000000000E+00,    0.0000000000E+00,    0.0000000000E+00,    8.3978350012E+00
     27450,      0.676917,CP4_after_advection,   1,    0.0000000000E+00,    8.3983719591E+00,    8.3983719591E+00,    0.0000000000E+00,    0.0000000000E+00,    0.0000000000E+00,    8.3983719591E+00
     27450,      0.676917,CP5_after_vdif,   1,    0.0000000000E+00,    8.3983719591E+00,    8.3983719591E+00,    0.0000000000E+00,    0.0000000000E+00,    0.0000000000E+00,    8.3983719591E+00
     27450,      0.676917,CP6_after_kinetics,   1,    0.0000000000E+00,    8.3983719591E+00,    8.3983719591E+00,    0.0000000000E+00,    0.0000000000E+00,    0.0000000000E+00,    8.3983719591E+00
     27450,      0.676917,CP7_after_upper_clamp,   1,    0.0000000000E+00,    8.3983719591E+00,    8.3983719591E+00,    0.0000000000E+00,    0.0000000000E+00,    0.0000000000E+00,    8.3983719591E+00
     27450,      0.676917,CP8_after_OBC,   1,    0.0000000000E+00,    8.3983719591E+00,    8.3983719591E+00,    0.0000000000E+00,    0.0000000000E+00,    0.0000000000E+00,    8.3983719591E+00
     27450,      0.676917,CP9_after_PTsource,   1,    0.0000000000E+00,    8.3983719591E+00,    8.3983719591E+00,    0.0000000000E+00,    0.0000000000E+00,    0.0000000000E+00,    8.3983719591E+00
     27450,      0.676917,CP10_after_neg_clamp,   1,    0.0000000000E+00,    8.3983719591E+00,    8.3983719591E+00,    0.0000000000E+00,    0.0000000000E+00,    0.0000000000E+00,    8.3983719591E+00
     27450,      0.676917,CP11_after_MPI,   1,    0.0000000000E+00,    8.3983719591E+00,    8.3983719591E+00,    0.0000000000E+00,    0.0000000000E+00,    0.0000000000E+00,    8.3983719591E+00
     27450,      0.676917,CP12_end,   1,    0.0000000000E+00,    8.3983719591E+00,    8.3983719591E+00,    0.0000000000E+00,    0.0000000000E+00,    0.0000000000E+00,    8.3983719591E+00
     27500,      0.676917,CP0_start,   1,    0.0000000000E+00,    8.4294167932E+00,    8.4294167932E+00,    0.0000000000E+00,    0.0000000000E+00,    0.0000000000E+00,    8.4294167932E+00
     27500,      0.676917,CP1_after_deposition,   1,    0.0000000000E+00,    8.4294167932E+00,    8.4294167932E+00,    0.0000000000E+00,    0.0000000000E+00,    0.0000000000E+00,    8.4294167932E+00
     27500,      0.676917,CP2_after_erosion,   1,    0.0000000000E+00,    8.4294167932E+00,    8.4294167932E+00,    0.0000000000E+00,    0.0000000000E+00,    0.0000000000E+00,    8.4294167932E+00
     27500,      0.676917,CP3_after_update_bottom,   1,    0.0000000000E+00,    8.4294167932E+00,    8.4294167932E+00,    0.0000000000E+00,    0.0000000000E+00,    0.0000000000E+00,    8.4294167932E+00
     27500,      0.676917,CP4_after_advection,   1,    0.0000000000E+00,    8.4299569050E+00,    8.4299569050E+00,    0.0000000000E+00,    0.0000000000E+00,    0.0000000000E+00,    8.4299569050E+00
     27500,      0.676917,CP5_after_vdif,   1,    0.0000000000E+00,    8.4299569050E+00,    8.4299569050E+00,    0.0000000000E+00,    0.0000000000E+00,    0.0000000000E+00,    8.4299569050E+00
     27500,      0.676917,CP6_after_kinetics,   1,    0.0000000000E+00,    8.4299569050E+00,    8.4299569050E+00,    0.0000000000E+00,    0.0000000000E+00,    0.0000000000E+00,    8.4299569050E+00
     27500,      0.676917,CP7_after_upper_clamp,   1,    0.0000000000E+00,    8.4299569050E+00,    8.4299569050E+00,    0.0000000000E+00,    0.0000000000E+00,    0.0000000000E+00,    8.4299569050E+00
     27500,      0.676917,CP8_after_OBC,   1,    0.0000000000E+00,    8.4299569050E+00,    8.4299569050E+00,    0.0000000000E+00,    0.0000000000E+00,    0.0000000000E+00,    8.4299569050E+00
     27500,      0.676917,CP9_after_PTsource,   1,    0.0000000000E+00,    8.4299569050E+00,    8.4299569050E+00,    0.0000000000E+00,    0.0000000000E+00,    0.0000000000E+00,    8.4299569050E+00
     27500,      0.676917,CP10_after_neg_clamp,   1,    0.0000000000E+00,    8.4299569050E+00,    8.4299569050E+00,    0.0000000000E+00,    0.0000000000E+00,    0.0000000000E+00,    8.4299569050E+00
     27500,      0.676917,CP11_after_MPI,   1,    0.0000000000E+00,    8.4299569050E+00,    8.4299569050E+00,    0.0000000000E+00,    0.0000000000E+00,    0.0000000000E+00,    8.4299569050E+00
     27500,      0.676917,CP12_end,   1,    0.0000000000E+00,    8.4299569050E+00,    8.4299569050E+00,    0.0000000000E+00,    0.0000000000E+00,    0.0000000000E+00,    8.4299569050E+00
     27550,      0.676917,CP0_start,   1,    0.0000000000E+00,    8.4611119493E+00,    8.4611119493E+00,    0.0000000000E+00,    0.0000000000E+00,    0.0000000000E+00,    8.4611119493E+00
     27550,      0.676917,CP1_after_deposition,   1,    0.0000000000E+00,    8.4611119493E+00,    8.4611119493E+00,    0.0000000000E+00,    0.0000000000E+00,    0.0000000000E+00,    8.4611119493E+00
     27550,      0.676917,CP2_after_erosion,   1,    0.0000000000E+00,    8.4611119493E+00,    8.4611119493E+00,    0.0000000000E+00,    0.0000000000E+00,    0.0000000000E+00,    8.4611119493E+00
     27550,      0.676917,CP3_after_update_bottom,   1,    0.0000000000E+00,    8.4611119493E+00,    8.4611119493E+00,    0.0000000000E+00,    0.0000000000E+00,    0.0000000000E+00,    8.4611119493E+00
     27550,      0.676917,CP4_after_advection,   1,    0.0000000000E+00,    8.4616555590E+00,    8.4616555590E+00,    0.0000000000E+00,    0.0000000000E+00,    0.0000000000E+00,    8.4616555590E+00
     27550,      0.676917,CP5_after_vdif,   1,    0.0000000000E+00,    8.4616555590E+00,    8.4616555590E+00,    0.0000000000E+00,    0.0000000000E+00,    0.0000000000E+00,    8.4616555590E+00
     27550,      0.676917,CP6_after_kinetics,   1,    0.0000000000E+00,    8.4616555590E+00,    8.4616555590E+00,    0.0000000000E+00,    0.0000000000E+00,    0.0000000000E+00,    8.4616555590E+00
     27550,      0.676917,CP7_after_upper_clamp,   1,    0.0000000000E+00,    8.4616555590E+00,    8.4616555590E+00,    0.0000000000E+00,    0.0000000000E+00,    0.0000000000E+00,    8.4616555590E+00
     27550,      0.676917,CP8_after_OBC,   1,    0.0000000000E+00,    8.4616555590E+00,    8.4616555590E+00,    0.0000000000E+00,    0.0000000000E+00,    0.0000000000E+00,    8.4616555590E+00
     27550,      0.676917,CP9_after_PTsource,   1,    0.0000000000E+00,    8.4616555590E+00,    8.4616555590E+00,    0.0000000000E+00,    0.0000000000E+00,    0.0000000000E+00,    8.4616555590E+00
     27550,      0.676917,CP10_after_neg_clamp,   1,    0.0000000000E+00,    8.4616555590E+00,    8.4616555590E+00,    0.0000000000E+00,    0.0000000000E+00,    0.0000000000E+00,    8.4616555590E+00
     27550,      0.676917,CP11_after_MPI,   1,    0.0000000000E+00,    8.4616555590E+00,    8.4616555590E+00,    0.0000000000E+00,    0.0000000000E+00,    0.0000000000E+00,    8.4616555590E+00
     27550,      0.676917,CP12_end,   1,    0.0000000000E+00,    8.4616555590E+00,    8.4616555590E+00,    0.0000000000E+00,    0.0000000000E+00,    0.0000000000E+00,    8.4616555590E+00
     27600,      0.676917,CP0_start,   1,    0.0000000000E+00,    8.4929172052E+00,    8.4929172052E+00,    0.0000000000E+00,    0.0000000000E+00,    0.0000000000E+00,    8.4929172052E+00
     27600,      0.676917,CP1_after_deposition,   1,    0.0000000000E+00,    8.4929172052E+00,    8.4929172052E+00,    0.0000000000E+00,    0.0000000000E+00,    0.0000000000E+00,    8.4929172052E+00
     27600,      0.676917,CP2_after_erosion,   1,    0.0000000000E+00,    8.4929172052E+00,    8.4929172052E+00,    0.0000000000E+00,    0.0000000000E+00,    0.0000000000E+00,    8.4929172052E+00
     27600,      0.676917,CP3_after_update_bottom,   1,    0.0000000000E+00,    8.4929172052E+00,    8.4929172052E+00,    0.0000000000E+00,    0.0000000000E+00,    0.0000000000E+00,    8.4929172052E+00
     27600,      0.676917,CP4_after_advection,   1,    0.0000000000E+00,    8.4934635647E+00,    8.4934635647E+00,    0.0000000000E+00,    0.0000000000E+00,    0.0000000000E+00,    8.4934635647E+00
     27600,      0.676917,CP5_after_vdif,   1,    0.0000000000E+00,    8.4934635647E+00,    8.4934635647E+00,    0.0000000000E+00,    0.0000000000E+00,    0.0000000000E+00,    8.4934635647E+00
     27600,      0.676917,CP6_after_kinetics,   1,    0.0000000000E+00,    8.4934635647E+00,    8.4934635647E+00,    0.0000000000E+00,    0.0000000000E+00,    0.0000000000E+00,    8.4934635647E+00
     27600,      0.676917,CP7_after_upper_clamp,   1,    0.0000000000E+00,    8.4934635647E+00,    8.4934635647E+00,    0.0000000000E+00,    0.0000000000E+00,    0.0000000000E+00,    8.4934635647E+00
     27600,      0.676917,CP8_after_OBC,   1,    0.0000000000E+00,    8.4934635647E+00,    8.4934635647E+00,    0.0000000000E+00,    0.0000000000E+00,    0.0000000000E+00,    8.4934635647E+00
     27600,      0.676917,CP9_after_PTsource,   1,    0.0000000000E+00,    8.4934635647E+00,    8.4934635647E+00,    0.0000000000E+00,    0.0000000000E+00,    0.0000000000E+00,    8.4934635647E+00
     27600,      0.676917,CP10_after_neg_clamp,   1,    0.0000000000E+00,    8.4934635647E+00,    8.4934635647E+00,    0.0000000000E+00,    0.0000000000E+00,    0.0000000000E+00,    8.4934635647E+00
     27600,      0.676917,CP11_after_MPI,   1,    0.0000000000E+00,    8.4934635647E+00,    8.4934635647E+00,    0.0000000000E+00,    0.0000000000E+00,    0.0000000000E+00,    8.4934635647E+00
     27600,      0.676917,CP12_end,   1,    0.0000000000E+00,    8.4934635647E+00,    8.4934635647E+00,    0.0000000000E+00,    0.0000000000E+00,    0.0000000000E+00,    8.4934635647E+00
     27650,      0.676917,CP0_start,   1,    0.0000000000E+00,    8.5248212175E+00,    8.5248212175E+00,    0.0000000000E+00,    0.0000000000E+00,    0.0000000000E+00,    8.5248212175E+00
     27650,      0.676917,CP1_after_deposition,   1,    0.0000000000E+00,    8.5248212175E+00,    8.5248212175E+00,    0.0000000000E+00,    0.0000000000E+00,    0.0000000000E+00,    8.5248212175E+00
     27650,      0.676917,CP2_after_erosion,   1,    0.0000000000E+00,    8.5248212175E+00,    8.5248212175E+00,    0.0000000000E+00,    0.0000000000E+00,    0.0000000000E+00,    8.5248212175E+00
     27650,      0.676917,CP3_after_update_bottom,   1,    0.0000000000E+00,    8.5248212175E+00,    8.5248212175E+00,    0.0000000000E+00,    0.0000000000E+00,    0.0000000000E+00,    8.5248212175E+00
     27650,      0.676917,CP4_after_advection,   1,    0.0000000000E+00,    8.5253711359E+00,    8.5253711359E+00,    0.0000000000E+00,    0.0000000000E+00,    0.0000000000E+00,    8.5253711359E+00
     27650,      0.676917,CP5_after_vdif,   1,    0.0000000000E+00,    8.5253711359E+00,    8.5253711359E+00,    0.0000000000E+00,    0.0000000000E+00,    0.0000000000E+00,    8.5253711359E+00
     27650,      0.676917,CP6_after_kinetics,   1,    0.0000000000E+00,    8.5253711359E+00,    8.5253711359E+00,    0.0000000000E+00,    0.0000000000E+00,    0.0000000000E+00,    8.5253711359E+00
     27650,      0.676917,CP7_after_upper_clamp,   1,    0.0000000000E+00,    8.5253711359E+00,    8.5253711359E+00,    0.0000000000E+00,    0.0000000000E+00,    0.0000000000E+00,    8.5253711359E+00
     27650,      0.676917,CP8_after_OBC,   1,    0.0000000000E+00,    8.5253711359E+00,    8.5253711359E+00,    0.0000000000E+00,    0.0000000000E+00,    0.0000000000E+00,    8.5253711359E+00
     27650,      0.676917,CP9_after_PTsource,   1,    0.0000000000E+00,    8.5253711359E+00,    8.5253711359E+00,    0.0000000000E+00,    0.0000000000E+00,    0.0000000000E+00,    8.5253711359E+00
     27650,      0.676917,CP10_after_neg_clamp,   1,    0.0000000000E+00,    8.5253711359E+00,    8.5253711359E+00,    0.0000000000E+00,    0.0000000000E+00,    0.0000000000E+00,    8.5253711359E+00
     27650,      0.676917,CP11_after_MPI,   1,    0.0000000000E+00,    8.5253711359E+00,    8.5253711359E+00,    0.0000000000E+00,    0.0000000000E+00,    0.0000000000E+00,    8.5253711359E+00
     27650,      0.676917,CP12_end,   1,    0.0000000000E+00,    8.5253711359E+00,    8.5253711359E+00,    0.0000000000E+00,    0.0000000000E+00,    0.0000000000E+00,    8.5253711359E+00
     27700,      0.676917,CP0_start,   1,    0.0000000000E+00,    8.5568261502E+00,    8.5568261502E+00,    0.0000000000E+00,    0.0000000000E+00,    0.0000000000E+00,    8.5568261502E+00
     27700,      0.676917,CP1_after_deposition,   1,    0.0000000000E+00,    8.5568261502E+00,    8.5568261502E+00,    0.0000000000E+00,    0.0000000000E+00,    0.0000000000E+00,    8.5568261502E+00
     27700,      0.676917,CP2_after_erosion,   1,    0.0000000000E+00,    8.5568261502E+00,    8.5568261502E+00,    0.0000000000E+00,    0.0000000000E+00,    0.0000000000E+00,    8.5568261502E+00
     27700,      0.676917,CP3_after_update_bottom,   1,    0.0000000000E+00,    8.5568261502E+00,    8.5568261502E+00,    0.0000000000E+00,    0.0000000000E+00,    0.0000000000E+00,    8.5568261502E+00
     27700,      0.676917,CP4_after_advection,   1,    0.0000000000E+00,    8.5573799927E+00,    8.5573799927E+00,    0.0000000000E+00,    0.0000000000E+00,    0.0000000000E+00,    8.5573799927E+00
     27700,      0.676917,CP5_after_vdif,   1,    0.0000000000E+00,    8.5573799927E+00,    8.5573799927E+00,    0.0000000000E+00,    0.0000000000E+00,    0.0000000000E+00,    8.5573799927E+00
     27700,      0.676917,CP6_after_kinetics,   1,    0.0000000000E+00,    8.5573799927E+00,    8.5573799927E+00,    0.0000000000E+00,    0.0000000000E+00,    0.0000000000E+00,    8.5573799927E+00
     27700,      0.676917,CP7_after_upper_clamp,   1,    0.0000000000E+00,    8.5573799927E+00,    8.5573799927E+00,    0.0000000000E+00,    0.0000000000E+00,    0.0000000000E+00,    8.5573799927E+00
     27700,      0.676917,CP8_after_OBC,   1,    0.0000000000E+00,    8.5573799927E+00,    8.5573799927E+00,    0.0000000000E+00,    0.0000000000E+00,    0.0000000000E+00,    8.5573799927E+00
     27700,      0.676917,CP9_after_PTsource,   1,    0.0000000000E+00,    8.5573799927E+00,    8.5573799927E+00,    0.0000000000E+00,    0.0000000000E+00,    0.0000000000E+00,    8.5573799927E+00
     27700,      0.676917,CP10_after_neg_clamp,   1,    0.0000000000E+00,    8.5573799927E+00,    8.5573799927E+00,    0.0000000000E+00,    0.0000000000E+00,    0.0000000000E+00,    8.5573799927E+00
     27700,      0.676917,CP11_after_MPI,   1,    0.0000000000E+00,    8.5573799927E+00,    8.5573799927E+00,    0.0000000000E+00,    0.0000000000E+00,    0.0000000000E+00,    8.5573799927E+00
     27700,      0.676917,CP12_end,   1,    0.0000000000E+00,    8.5573799927E+00,    8.5573799927E+00,    0.0000000000E+00,    0.0000000000E+00,    0.0000000000E+00,    8.5573799927E+00
     27750,      0.676917,CP0_start,   1,    0.0000000000E+00,    8.5889308640E+00,    8.5889308640E+00,    0.0000000000E+00,    0.0000000000E+00,    0.0000000000E+00,    8.5889308640E+00
     27750,      0.676917,CP1_after_deposition,   1,    0.0000000000E+00,    8.5889308640E+00,    8.5889308640E+00,    0.0000000000E+00,    0.0000000000E+00,    0.0000000000E+00,    8.5889308640E+00
     27750,      0.676917,CP2_after_erosion,   1,    0.0000000000E+00,    8.5889308640E+00,    8.5889308640E+00,    0.0000000000E+00,    0.0000000000E+00,    0.0000000000E+00,    8.5889308640E+00
     27750,      0.676917,CP3_after_update_bottom,   1,    0.0000000000E+00,    8.5889308640E+00,    8.5889308640E+00,    0.0000000000E+00,    0.0000000000E+00,    0.0000000000E+00,    8.5889308640E+00
     27750,      0.676917,CP4_after_advection,   1,    0.0000000000E+00,    8.5894883546E+00,    8.5894883546E+00,    0.0000000000E+00,    0.0000000000E+00,    0.0000000000E+00,    8.5894883546E+00
     27750,      0.676917,CP5_after_vdif,   1,    0.0000000000E+00,    8.5894883546E+00,    8.5894883546E+00,    0.0000000000E+00,    0.0000000000E+00,    0.0000000000E+00,    8.5894883546E+00
     27750,      0.676917,CP6_after_kinetics,   1,    0.0000000000E+00,    8.5894883546E+00,    8.5894883546E+00,    0.0000000000E+00,    0.0000000000E+00,    0.0000000000E+00,    8.5894883546E+00
     27750,      0.676917,CP7_after_upper_clamp,   1,    0.0000000000E+00,    8.5894883546E+00,    8.5894883546E+00,    0.0000000000E+00,    0.0000000000E+00,    0.0000000000E+00,    8.5894883546E+00
     27750,      0.676917,CP8_after_OBC,   1,    0.0000000000E+00,    8.5894883546E+00,    8.5894883546E+00,    0.0000000000E+00,    0.0000000000E+00,    0.0000000000E+00,    8.5894883546E+00
     27750,      0.676917,CP9_after_PTsource,   1,    0.0000000000E+00,    8.5894883546E+00,    8.5894883546E+00,    0.0000000000E+00,    0.0000000000E+00,    0.0000000000E+00,    8.5894883546E+00
     27750,      0.676917,CP10_after_neg_clamp,   1,    0.0000000000E+00,    8.5894883546E+00,    8.5894883546E+00,    0.0000000000E+00,    0.0000000000E+00,    0.0000000000E+00,    8.5894883546E+00
     27750,      0.676917,CP11_after_MPI,   1,    0.0000000000E+00,    8.5894883546E+00,    8.5894883546E+00,    0.0000000000E+00,    0.0000000000E+00,    0.0000000000E+00,    8.5894883546E+00
     27750,      0.676917,CP12_end,   1,    0.0000000000E+00,    8.5894883546E+00,    8.5894883546E+00,    0.0000000000E+00,    0.0000000000E+00,    0.0000000000E+00,    8.5894883546E+00
     27800,      0.676917,CP0_start,   1,    0.0000000000E+00,    8.6211245866E+00,    8.6211245866E+00,    0.0000000000E+00,    0.0000000000E+00,    0.0000000000E+00,    8.6211245866E+00
     27800,      0.676917,CP1_after_deposition,   1,    0.0000000000E+00,    8.6211245866E+00,    8.6211245866E+00,    0.0000000000E+00,    0.0000000000E+00,    0.0000000000E+00,    8.6211245866E+00
     27800,      0.676917,CP2_after_erosion,   1,    0.0000000000E+00,    8.6211245866E+00,    8.6211245866E+00,    0.0000000000E+00,    0.0000000000E+00,    0.0000000000E+00,    8.6211245866E+00
     27800,      0.676917,CP3_after_update_bottom,   1,    0.0000000000E+00,    8.6211245866E+00,    8.6211245866E+00,    0.0000000000E+00,    0.0000000000E+00,    0.0000000000E+00,    8.6211245866E+00
     27800,      0.676917,CP4_after_advection,   1,    0.0000000000E+00,    8.6216854614E+00,    8.6216854614E+00,    0.0000000000E+00,    0.0000000000E+00,    0.0000000000E+00,    8.6216854614E+00
     27800,      0.676917,CP5_after_vdif,   1,    0.0000000000E+00,    8.6216854614E+00,    8.6216854614E+00,    0.0000000000E+00,    0.0000000000E+00,    0.0000000000E+00,    8.6216854614E+00
     27800,      0.676917,CP6_after_kinetics,   1,    0.0000000000E+00,    8.6216854614E+00,    8.6216854614E+00,    0.0000000000E+00,    0.0000000000E+00,    0.0000000000E+00,    8.6216854614E+00
     27800,      0.676917,CP7_after_upper_clamp,   1,    0.0000000000E+00,    8.6216854614E+00,    8.6216854614E+00,    0.0000000000E+00,    0.0000000000E+00,    0.0000000000E+00,    8.6216854614E+00
     27800,      0.676917,CP8_after_OBC,   1,    0.0000000000E+00,    8.6216854614E+00,    8.6216854614E+00,    0.0000000000E+00,    0.0000000000E+00,    0.0000000000E+00,    8.6216854614E+00
     27800,      0.676917,CP9_after_PTsource,   1,    0.0000000000E+00,    8.6216854614E+00,    8.6216854614E+00,    0.0000000000E+00,    0.0000000000E+00,    0.0000000000E+00,    8.6216854614E+00
     27800,      0.676917,CP10_after_neg_clamp,   1,    0.0000000000E+00,    8.6216854614E+00,    8.6216854614E+00,    0.0000000000E+00,    0.0000000000E+00,    0.0000000000E+00,    8.6216854614E+00
     27800,      0.676917,CP11_after_MPI,   1,    0.0000000000E+00,    8.6216854614E+00,    8.6216854614E+00,    0.0000000000E+00,    0.0000000000E+00,    0.0000000000E+00,    8.6216854614E+00
     27800,      0.676917,CP12_end,   1,    0.0000000000E+00,    8.6216854614E+00,    8.6216854614E+00,    0.0000000000E+00,    0.0000000000E+00,    0.0000000000E+00,    8.6216854614E+00
     27850,      0.676917,CP0_start,   1,    0.0000000000E+00,    8.6534055181E+00,    8.6534055181E+00,    0.0000000000E+00,    0.0000000000E+00,    0.0000000000E+00,    8.6534055181E+00
     27850,      0.676917,CP1_after_deposition,   1,    0.0000000000E+00,    8.6534055181E+00,    8.6534055181E+00,    0.0000000000E+00,    0.0000000000E+00,    0.0000000000E+00,    8.6534055181E+00
     27850,      0.676917,CP2_after_erosion,   1,    0.0000000000E+00,    8.6534055181E+00,    8.6534055181E+00,    0.0000000000E+00,    0.0000000000E+00,    0.0000000000E+00,    8.6534055181E+00
     27850,      0.676917,CP3_after_update_bottom,   1,    0.0000000000E+00,    8.6534055181E+00,    8.6534055181E+00,    0.0000000000E+00,    0.0000000000E+00,    0.0000000000E+00,    8.6534055181E+00
     27850,      0.676917,CP4_after_advection,   1,    0.0000000000E+00,    8.6539690423E+00,    8.6539690423E+00,    0.0000000000E+00,    0.0000000000E+00,    0.0000000000E+00,    8.6539690423E+00
     27850,      0.676917,CP5_after_vdif,   1,    0.0000000000E+00,    8.6539690423E+00,    8.6539690423E+00,    0.0000000000E+00,    0.0000000000E+00,    0.0000000000E+00,    8.6539690423E+00
     27850,      0.676917,CP6_after_kinetics,   1,    0.0000000000E+00,    8.6539690423E+00,    8.6539690423E+00,    0.0000000000E+00,    0.0000000000E+00,    0.0000000000E+00,    8.6539690423E+00
     27850,      0.676917,CP7_after_upper_clamp,   1,    0.0000000000E+00,    8.6539690423E+00,    8.6539690423E+00,    0.0000000000E+00,    0.0000000000E+00,    0.0000000000E+00,    8.6539690423E+00
     27850,      0.676917,CP8_after_OBC,   1,    0.0000000000E+00,    8.6539690423E+00,    8.6539690423E+00,    0.0000000000E+00,    0.0000000000E+00,    0.0000000000E+00,    8.6539690423E+00
     27850,      0.676917,CP9_after_PTsource,   1,    0.0000000000E+00,    8.6539690423E+00,    8.6539690423E+00,    0.0000000000E+00,    0.0000000000E+00,    0.0000000000E+00,    8.6539690423E+00
     27850,      0.676917,CP10_after_neg_clamp,   1,    0.0000000000E+00,    8.6539690423E+00,    8.6539690423E+00,    0.0000000000E+00,    0.0000000000E+00,    0.0000000000E+00,    8.6539690423E+00
     27850,      0.676917,CP11_after_MPI,   1,    0.0000000000E+00,    8.6539690423E+00,    8.6539690423E+00,    0.0000000000E+00,    0.0000000000E+00,    0.0000000000E+00,    8.6539690423E+00
     27850,      0.676917,CP12_end,   1,    0.0000000000E+00,    8.6539690423E+00,    8.6539690423E+00,    0.0000000000E+00,    0.0000000000E+00,    0.0000000000E+00,    8.6539690423E+00
     27900,      0.676917,CP0_start,   1,    0.0000000000E+00,    8.6857661975E+00,    8.6857661975E+00,    0.0000000000E+00,    0.0000000000E+00,    0.0000000000E+00,    8.6857661975E+00
     27900,      0.676917,CP1_after_deposition,   1,    0.0000000000E+00,    8.6857661975E+00,    8.6857661975E+00,    0.0000000000E+00,    0.0000000000E+00,    0.0000000000E+00,    8.6857661975E+00
     27900,      0.676917,CP2_after_erosion,   1,    0.0000000000E+00,    8.6857661975E+00,    8.6857661975E+00,    0.0000000000E+00,    0.0000000000E+00,    0.0000000000E+00,    8.6857661975E+00
     27900,      0.676917,CP3_after_update_bottom,   1,    0.0000000000E+00,    8.6857661975E+00,    8.6857661975E+00,    0.0000000000E+00,    0.0000000000E+00,    0.0000000000E+00,    8.6857661975E+00
     27900,      0.676917,CP4_after_advection,   1,    0.0000000000E+00,    8.6863340426E+00,    8.6863340426E+00,    0.0000000000E+00,    0.0000000000E+00,    0.0000000000E+00,    8.6863340426E+00
     27900,      0.676917,CP5_after_vdif,   1,    0.0000000000E+00,    8.6863340426E+00,    8.6863340426E+00,    0.0000000000E+00,    0.0000000000E+00,    0.0000000000E+00,    8.6863340426E+00
     27900,      0.676917,CP6_after_kinetics,   1,    0.0000000000E+00,    8.6863340426E+00,    8.6863340426E+00,    0.0000000000E+00,    0.0000000000E+00,    0.0000000000E+00,    8.6863340426E+00
     27900,      0.676917,CP7_after_upper_clamp,   1,    0.0000000000E+00,    8.6863340426E+00,    8.6863340426E+00,    0.0000000000E+00,    0.0000000000E+00,    0.0000000000E+00,    8.6863340426E+00
     27900,      0.676917,CP8_after_OBC,   1,    0.0000000000E+00,    8.6863340426E+00,    8.6863340426E+00,    0.0000000000E+00,    0.0000000000E+00,    0.0000000000E+00,    8.6863340426E+00
     27900,      0.676917,CP9_after_PTsource,   1,    0.0000000000E+00,    8.6863340426E+00,    8.6863340426E+00,    0.0000000000E+00,    0.0000000000E+00,    0.0000000000E+00,    8.6863340426E+00
     27900,      0.676917,CP10_after_neg_clamp,   1,    0.0000000000E+00,    8.6863340426E+00,    8.6863340426E+00,    0.0000000000E+00,    0.0000000000E+00,    0.0000000000E+00,    8.6863340426E+00
     27900,      0.676917,CP11_after_MPI,   1,    0.0000000000E+00,    8.6863340426E+00,    8.6863340426E+00,    0.0000000000E+00,    0.0000000000E+00,    0.0000000000E+00,    8.6863340426E+00
     27900,      0.676917,CP12_end,   1,    0.0000000000E+00,    8.6863340426E+00,    8.6863340426E+00,    0.0000000000E+00,    0.0000000000E+00,    0.0000000000E+00,    8.6863340426E+00
     27950,      0.676917,CP0_start,   1,    0.0000000000E+00,    8.7183280097E+00,    8.7183280097E+00,    0.0000000000E+00,    0.0000000000E+00,    0.0000000000E+00,    8.7183280097E+00
     27950,      0.676917,CP1_after_deposition,   1,    0.0000000000E+00,    8.7183280097E+00,    8.7183280097E+00,    0.0000000000E+00,    0.0000000000E+00,    0.0000000000E+00,    8.7183280097E+00
     27950,      0.676917,CP2_after_erosion,   1,    0.0000000000E+00,    8.7183280097E+00,    8.7183280097E+00,    0.0000000000E+00,    0.0000000000E+00,    0.0000000000E+00,    8.7183280097E+00
     27950,      0.676917,CP3_after_update_bottom,   1,    0.0000000000E+00,    8.7183280097E+00,    8.7183280097E+00,    0.0000000000E+00,    0.0000000000E+00,    0.0000000000E+00,    8.7183280097E+00
     27950,      0.676917,CP4_after_advection,   1,    0.0000000000E+00,    8.7188992554E+00,    8.7188992554E+00,    0.0000000000E+00,    0.0000000000E+00,    0.0000000000E+00,    8.7188992554E+00
     27950,      0.676917,CP5_after_vdif,   1,    0.0000000000E+00,    8.7188992554E+00,    8.7188992554E+00,    0.0000000000E+00,    0.0000000000E+00,    0.0000000000E+00,    8.7188992554E+00
     27950,      0.676917,CP6_after_kinetics,   1,    0.0000000000E+00,    8.7188992554E+00,    8.7188992554E+00,    0.0000000000E+00,    0.0000000000E+00,    0.0000000000E+00,    8.7188992554E+00
     27950,      0.676917,CP7_after_upper_clamp,   1,    0.0000000000E+00,    8.7188992554E+00,    8.7188992554E+00,    0.0000000000E+00,    0.0000000000E+00,    0.0000000000E+00,    8.7188992554E+00
     27950,      0.676917,CP8_after_OBC,   1,    0.0000000000E+00,    8.7188992554E+00,    8.7188992554E+00,    0.0000000000E+00,    0.0000000000E+00,    0.0000000000E+00,    8.7188992554E+00
     27950,      0.676917,CP9_after_PTsource,   1,    0.0000000000E+00,    8.7188992554E+00,    8.7188992554E+00,    0.0000000000E+00,    0.0000000000E+00,    0.0000000000E+00,    8.7188992554E+00
     27950,      0.676917,CP10_after_neg_clamp,   1,    0.0000000000E+00,    8.7188992554E+00,    8.7188992554E+00,    0.0000000000E+00,    0.0000000000E+00,    0.0000000000E+00,    8.7188992554E+00
     27950,      0.676917,CP11_after_MPI,   1,    0.0000000000E+00,    8.7188992554E+00,    8.7188992554E+00,    0.0000000000E+00,    0.0000000000E+00,    0.0000000000E+00,    8.7188992554E+00
     27950,      0.676917,CP12_end,   1,    0.0000000000E+00,    8.7188992554E+00,    8.7188992554E+00,    0.0000000000E+00,    0.0000000000E+00,    0.0000000000E+00,    8.7188992554E+00
     28000,      0.676917,CP0_start,   1,    0.0000000000E+00,    8.7509634433E+00,    8.7509634433E+00,    0.0000000000E+00,    0.0000000000E+00,    0.0000000000E+00,    8.7509634433E+00
     28000,      0.676917,CP1_after_deposition,   1,    0.0000000000E+00,    8.7509634433E+00,    8.7509634433E+00,    0.0000000000E+00,    0.0000000000E+00,    0.0000000000E+00,    8.7509634433E+00
     28000,      0.676917,CP2_after_erosion,   1,    0.0000000000E+00,    8.7509634433E+00,    8.7509634433E+00,    0.0000000000E+00,    0.0000000000E+00,    0.0000000000E+00,    8.7509634433E+00
     28000,      0.676917,CP3_after_update_bottom,   1,    0.0000000000E+00,    8.7509634433E+00,    8.7509634433E+00,    0.0000000000E+00,    0.0000000000E+00,    0.0000000000E+00,    8.7509634433E+00
     28000,      0.676917,CP4_after_advection,   1,    0.0000000000E+00,    8.7515378767E+00,    8.7515378767E+00,    0.0000000000E+00,    0.0000000000E+00,    0.0000000000E+00,    8.7515378767E+00
     28000,      0.676917,CP5_after_vdif,   1,    0.0000000000E+00,    8.7515378767E+00,    8.7515378767E+00,    0.0000000000E+00,    0.0000000000E+00,    0.0000000000E+00,    8.7515378767E+00
     28000,      0.676917,CP6_after_kinetics,   1,    0.0000000000E+00,    8.7515378767E+00,    8.7515378767E+00,    0.0000000000E+00,    0.0000000000E+00,    0.0000000000E+00,    8.7515378767E+00
     28000,      0.676917,CP7_after_upper_clamp,   1,    0.0000000000E+00,    8.7515378767E+00,    8.7515378767E+00,    0.0000000000E+00,    0.0000000000E+00,    0.0000000000E+00,    8.7515378767E+00
     28000,      0.676917,CP8_after_OBC,   1,    0.0000000000E+00,    8.7515378767E+00,    8.7515378767E+00,    0.0000000000E+00,    0.0000000000E+00,    0.0000000000E+00,    8.7515378767E+00
     28000,      0.676917,CP9_after_PTsource,   1,    0.0000000000E+00,    8.7515378767E+00,    8.7515378767E+00,    0.0000000000E+00,    0.0000000000E+00,    0.0000000000E+00,    8.7515378767E+00
     28000,      0.676917,CP10_after_neg_clamp,   1,    0.0000000000E+00,    8.7515378767E+00,    8.7515378767E+00,    0.0000000000E+00,    0.0000000000E+00,    0.0000000000E+00,    8.7515378767E+00
     28000,      0.676917,CP11_after_MPI,   1,    0.0000000000E+00,    8.7515378767E+00,    8.7515378767E+00,    0.0000000000E+00,    0.0000000000E+00,    0.0000000000E+00,    8.7515378767E+00
     28000,      0.676917,CP12_end,   1,    0.0000000000E+00,    8.7515378767E+00,    8.7515378767E+00,    0.0000000000E+00,    0.0000000000E+00,    0.0000000000E+00,    8.7515378767E+00
     28050,      0.676917,CP0_start,   1,    0.0000000000E+00,    8.7836794988E+00,    8.7836794988E+00,    0.0000000000E+00,    0.0000000000E+00,    0.0000000000E+00,    8.7836794988E+00
     28050,      0.676917,CP1_after_deposition,   1,    0.0000000000E+00,    8.7836794988E+00,    8.7836794988E+00,    0.0000000000E+00,    0.0000000000E+00,    0.0000000000E+00,    8.7836794988E+00
     28050,      0.676917,CP2_after_erosion,   1,    0.0000000000E+00,    8.7836794988E+00,    8.7836794988E+00,    0.0000000000E+00,    0.0000000000E+00,    0.0000000000E+00,    8.7836794988E+00
     28050,      0.676917,CP3_after_update_bottom,   1,    0.0000000000E+00,    8.7836794988E+00,    8.7836794988E+00,    0.0000000000E+00,    0.0000000000E+00,    0.0000000000E+00,    8.7836794988E+00
     28050,      0.676917,CP4_after_advection,   1,    0.0000000000E+00,    8.7842563998E+00,    8.7842563998E+00,    0.0000000000E+00,    0.0000000000E+00,    0.0000000000E+00,    8.7842563998E+00
     28050,      0.676917,CP5_after_vdif,   1,    0.0000000000E+00,    8.7842563998E+00,    8.7842563998E+00,    0.0000000000E+00,    0.0000000000E+00,    0.0000000000E+00,    8.7842563998E+00
     28050,      0.676917,CP6_after_kinetics,   1,    0.0000000000E+00,    8.7842563998E+00,    8.7842563998E+00,    0.0000000000E+00,    0.0000000000E+00,    0.0000000000E+00,    8.7842563998E+00
     28050,      0.676917,CP7_after_upper_clamp,   1,    0.0000000000E+00,    8.7842563998E+00,    8.7842563998E+00,    0.0000000000E+00,    0.0000000000E+00,    0.0000000000E+00,    8.7842563998E+00
     28050,      0.676917,CP8_after_OBC,   1,    0.0000000000E+00,    8.7842563998E+00,    8.7842563998E+00,    0.0000000000E+00,    0.0000000000E+00,    0.0000000000E+00,    8.7842563998E+00
     28050,      0.676917,CP9_after_PTsource,   1,    0.0000000000E+00,    8.7842563998E+00,    8.7842563998E+00,    0.0000000000E+00,    0.0000000000E+00,    0.0000000000E+00,    8.7842563998E+00
     28050,      0.676917,CP10_after_neg_clamp,   1,    0.0000000000E+00,    8.7842563998E+00,    8.7842563998E+00,    0.0000000000E+00,    0.0000000000E+00,    0.0000000000E+00,    8.7842563998E+00
     28050,      0.676917,CP11_after_MPI,   1,    0.0000000000E+00,    8.7842563998E+00,    8.7842563998E+00,    0.0000000000E+00,    0.0000000000E+00,    0.0000000000E+00,    8.7842563998E+00
     28050,      0.676917,CP12_end,   1,    0.0000000000E+00,    8.7842563998E+00,    8.7842563998E+00,    0.0000000000E+00,    0.0000000000E+00,    0.0000000000E+00,    8.7842563998E+00
     28100,      0.676917,CP0_start,   1,    0.0000000000E+00,    8.8164510793E+00,    8.8164510793E+00,    0.0000000000E+00,    0.0000000000E+00,    0.0000000000E+00,    8.8164510793E+00
     28100,      0.676917,CP1_after_deposition,   1,    0.0000000000E+00,    8.8164510793E+00,    8.8164510793E+00,    0.0000000000E+00,    0.0000000000E+00,    0.0000000000E+00,    8.8164510793E+00
     28100,      0.676917,CP2_after_erosion,   1,    0.0000000000E+00,    8.8164510793E+00,    8.8164510793E+00,    0.0000000000E+00,    0.0000000000E+00,    0.0000000000E+00,    8.8164510793E+00
     28100,      0.676917,CP3_after_update_bottom,   1,    0.0000000000E+00,    8.8164510793E+00,    8.8164510793E+00,    0.0000000000E+00,    0.0000000000E+00,    0.0000000000E+00,    8.8164510793E+00
     28100,      0.676917,CP4_after_advection,   1,    0.0000000000E+00,    8.8170307626E+00,    8.8170307626E+00,    0.0000000000E+00,    0.0000000000E+00,    0.0000000000E+00,    8.8170307626E+00
     28100,      0.676917,CP5_after_vdif,   1,    0.0000000000E+00,    8.8170307626E+00,    8.8170307626E+00,    0.0000000000E+00,    0.0000000000E+00,    0.0000000000E+00,    8.8170307626E+00
     28100,      0.676917,CP6_after_kinetics,   1,    0.0000000000E+00,    8.8170307626E+00,    8.8170307626E+00,    0.0000000000E+00,    0.0000000000E+00,    0.0000000000E+00,    8.8170307626E+00
     28100,      0.676917,CP7_after_upper_clamp,   1,    0.0000000000E+00,    8.8170307626E+00,    8.8170307626E+00,    0.0000000000E+00,    0.0000000000E+00,    0.0000000000E+00,    8.8170307626E+00
     28100,      0.676917,CP8_after_OBC,   1,    0.0000000000E+00,    8.8170307626E+00,    8.8170307626E+00,    0.0000000000E+00,    0.0000000000E+00,    0.0000000000E+00,    8.8170307626E+00
     28100,      0.676917,CP9_after_PTsource,   1,    0.0000000000E+00,    8.8170307626E+00,    8.8170307626E+00,    0.0000000000E+00,    0.0000000000E+00,    0.0000000000E+00,    8.8170307626E+00
     28100,      0.676917,CP10_after_neg_clamp,   1,    0.0000000000E+00,    8.8170307626E+00,    8.8170307626E+00,    0.0000000000E+00,    0.0000000000E+00,    0.0000000000E+00,    8.8170307626E+00
     28100,      0.676917,CP11_after_MPI,   1,    0.0000000000E+00,    8.8170307626E+00,    8.8170307626E+00,    0.0000000000E+00,    0.0000000000E+00,    0.0000000000E+00,    8.8170307626E+00
     28100,      0.676917,CP12_end,   1,    0.0000000000E+00,    8.8170307626E+00,    8.8170307626E+00,    0.0000000000E+00,    0.0000000000E+00,    0.0000000000E+00,    8.8170307626E+00
     28150,      0.676917,CP0_start,   1,    0.0000000000E+00,    8.8492643381E+00,    8.8492643381E+00,    0.0000000000E+00,    0.0000000000E+00,    0.0000000000E+00,    8.8492643381E+00
     28150,      0.676917,CP1_after_deposition,   1,    0.0000000000E+00,    8.8492643381E+00,    8.8492643381E+00,    0.0000000000E+00,    0.0000000000E+00,    0.0000000000E+00,    8.8492643381E+00
     28150,      0.676917,CP2_after_erosion,   1,    0.0000000000E+00,    8.8492643381E+00,    8.8492643381E+00,    0.0000000000E+00,    0.0000000000E+00,    0.0000000000E+00,    8.8492643381E+00
     28150,      0.676917,CP3_after_update_bottom,   1,    0.0000000000E+00,    8.8492643381E+00,    8.8492643381E+00,    0.0000000000E+00,    0.0000000000E+00,    0.0000000000E+00,    8.8492643381E+00
     28150,      0.676917,CP4_after_advection,   1,    0.0000000000E+00,    8.8498472891E+00,    8.8498472891E+00,    0.0000000000E+00,    0.0000000000E+00,    0.0000000000E+00,    8.8498472891E+00
     28150,      0.676917,CP5_after_vdif,   1,    0.0000000000E+00,    8.8498472891E+00,    8.8498472891E+00,    0.0000000000E+00,    0.0000000000E+00,    0.0000000000E+00,    8.8498472891E+00
     28150,      0.676917,CP6_after_kinetics,   1,    0.0000000000E+00,    8.8498472891E+00,    8.8498472891E+00,    0.0000000000E+00,    0.0000000000E+00,    0.0000000000E+00,    8.8498472891E+00
     28150,      0.676917,CP7_after_upper_clamp,   1,    0.0000000000E+00,    8.8498472891E+00,    8.8498472891E+00,    0.0000000000E+00,    0.0000000000E+00,    0.0000000000E+00,    8.8498472891E+00
     28150,      0.676917,CP8_after_OBC,   1,    0.0000000000E+00,    8.8498472891E+00,    8.8498472891E+00,    0.0000000000E+00,    0.0000000000E+00,    0.0000000000E+00,    8.8498472891E+00
     28150,      0.676917,CP9_after_PTsource,   1,    0.0000000000E+00,    8.8498472891E+00,    8.8498472891E+00,    0.0000000000E+00,    0.0000000000E+00,    0.0000000000E+00,    8.8498472891E+00
     28150,      0.676917,CP10_after_neg_clamp,   1,    0.0000000000E+00,    8.8498472891E+00,    8.8498472891E+00,    0.0000000000E+00,    0.0000000000E+00,    0.0000000000E+00,    8.8498472891E+00
     28150,      0.676917,CP11_after_MPI,   1,    0.0000000000E+00,    8.8498472891E+00,    8.8498472891E+00,    0.0000000000E+00,    0.0000000000E+00,    0.0000000000E+00,    8.8498472891E+00
     28150,      0.676917,CP12_end,   1,    0.0000000000E+00,    8.8498472891E+00,    8.8498472891E+00,    0.0000000000E+00,    0.0000000000E+00,    0.0000000000E+00,    8.8498472891E+00
     28200,      0.676917,CP0_start,   1,    0.0000000000E+00,    8.8821365371E+00,    8.8821365371E+00,    0.0000000000E+00,    0.0000000000E+00,    0.0000000000E+00,    8.8821365371E+00
     28200,      0.676917,CP1_after_deposition,   1,    0.0000000000E+00,    8.8821365371E+00,    8.8821365371E+00,    0.0000000000E+00,    0.0000000000E+00,    0.0000000000E+00,    8.8821365371E+00
     28200,      0.676917,CP2_after_erosion,   1,    0.0000000000E+00,    8.8821365371E+00,    8.8821365371E+00,    0.0000000000E+00,    0.0000000000E+00,    0.0000000000E+00,    8.8821365371E+00
     28200,      0.676917,CP3_after_update_bottom,   1,    0.0000000000E+00,    8.8821365371E+00,    8.8821365371E+00,    0.0000000000E+00,    0.0000000000E+00,    0.0000000000E+00,    8.8821365371E+00
     28200,      0.676917,CP4_after_advection,   1,    0.0000000000E+00,    8.8827241330E+00,    8.8827241330E+00,    0.0000000000E+00,    0.0000000000E+00,    0.0000000000E+00,    8.8827241330E+00
     28200,      0.676917,CP5_after_vdif,   1,    0.0000000000E+00,    8.8827241330E+00,    8.8827241330E+00,    0.0000000000E+00,    0.0000000000E+00,    0.0000000000E+00,    8.8827241330E+00
     28200,      0.676917,CP6_after_kinetics,   1,    0.0000000000E+00,    8.8827241330E+00,    8.8827241330E+00,    0.0000000000E+00,    0.0000000000E+00,    0.0000000000E+00,    8.8827241330E+00
     28200,      0.676917,CP7_after_upper_clamp,   1,    0.0000000000E+00,    8.8827241330E+00,    8.8827241330E+00,    0.0000000000E+00,    0.0000000000E+00,    0.0000000000E+00,    8.8827241330E+00
     28200,      0.676917,CP8_after_OBC,   1,    0.0000000000E+00,    8.8827241330E+00,    8.8827241330E+00,    0.0000000000E+00,    0.0000000000E+00,    0.0000000000E+00,    8.8827241330E+00
     28200,      0.676917,CP9_after_PTsource,   1,    0.0000000000E+00,    8.8827241330E+00,    8.8827241330E+00,    0.0000000000E+00,    0.0000000000E+00,    0.0000000000E+00,    8.8827241330E+00
     28200,      0.676917,CP10_after_neg_clamp,   1,    0.0000000000E+00,    8.8827241330E+00,    8.8827241330E+00,    0.0000000000E+00,    0.0000000000E+00,    0.0000000000E+00,    8.8827241330E+00
     28200,      0.676917,CP11_after_MPI,   1,    0.0000000000E+00,    8.8827241330E+00,    8.8827241330E+00,    0.0000000000E+00,    0.0000000000E+00,    0.0000000000E+00,    8.8827241330E+00
     28200,      0.676917,CP12_end,   1,    0.0000000000E+00,    8.8827241330E+00,    8.8827241330E+00,    0.0000000000E+00,    0.0000000000E+00,    0.0000000000E+00,    8.8827241330E+00
     28250,      0.676917,CP0_start,   1,    0.0000000000E+00,    8.9150663376E+00,    8.9150663376E+00,    0.0000000000E+00,    0.0000000000E+00,    0.0000000000E+00,    8.9150663376E+00
     28250,      0.676917,CP1_after_deposition,   1,    0.0000000000E+00,    8.9150663376E+00,    8.9150663376E+00,    0.0000000000E+00,    0.0000000000E+00,    0.0000000000E+00,    8.9150663376E+00
     28250,      0.676917,CP2_after_erosion,   1,    0.0000000000E+00,    8.9150663376E+00,    8.9150663376E+00,    0.0000000000E+00,    0.0000000000E+00,    0.0000000000E+00,    8.9150663376E+00
     28250,      0.676917,CP3_after_update_bottom,   1,    0.0000000000E+00,    8.9150663376E+00,    8.9150663376E+00,    0.0000000000E+00,    0.0000000000E+00,    0.0000000000E+00,    8.9150663376E+00
     28250,      0.676917,CP4_after_advection,   1,    0.0000000000E+00,    8.9156541926E+00,    8.9156541926E+00,    0.0000000000E+00,    0.0000000000E+00,    0.0000000000E+00,    8.9156541926E+00
     28250,      0.676917,CP5_after_vdif,   1,    0.0000000000E+00,    8.9156541926E+00,    8.9156541926E+00,    0.0000000000E+00,    0.0000000000E+00,    0.0000000000E+00,    8.9156541926E+00
     28250,      0.676917,CP6_after_kinetics,   1,    0.0000000000E+00,    8.9156541926E+00,    8.9156541926E+00,    0.0000000000E+00,    0.0000000000E+00,    0.0000000000E+00,    8.9156541926E+00
     28250,      0.676917,CP7_after_upper_clamp,   1,    0.0000000000E+00,    8.9156541926E+00,    8.9156541926E+00,    0.0000000000E+00,    0.0000000000E+00,    0.0000000000E+00,    8.9156541926E+00
     28250,      0.676917,CP8_after_OBC,   1,    0.0000000000E+00,    8.9156541926E+00,    8.9156541926E+00,    0.0000000000E+00,    0.0000000000E+00,    0.0000000000E+00,    8.9156541926E+00
     28250,      0.676917,CP9_after_PTsource,   1,    0.0000000000E+00,    8.9156541926E+00,    8.9156541926E+00,    0.0000000000E+00,    0.0000000000E+00,    0.0000000000E+00,    8.9156541926E+00
     28250,      0.676917,CP10_after_neg_clamp,   1,    0.0000000000E+00,    8.9156541926E+00,    8.9156541926E+00,    0.0000000000E+00,    0.0000000000E+00,    0.0000000000E+00,    8.9156541926E+00
     28250,      0.676917,CP11_after_MPI,   1,    0.0000000000E+00,    8.9156541926E+00,    8.9156541926E+00,    0.0000000000E+00,    0.0000000000E+00,    0.0000000000E+00,    8.9156541926E+00
     28250,      0.676917,CP12_end,   1,    0.0000000000E+00,    8.9156541926E+00,    8.9156541926E+00,    0.0000000000E+00,    0.0000000000E+00,    0.0000000000E+00,    8.9156541926E+00
     28300,      0.676917,CP0_start,   1,    0.0000000000E+00,    8.9480284405E+00,    8.9480284405E+00,    0.0000000000E+00,    0.0000000000E+00,    0.0000000000E+00,    8.9480284405E+00
     28300,      0.676917,CP1_after_deposition,   1,    0.0000000000E+00,    8.9480284405E+00,    8.9480284405E+00,    0.0000000000E+00,    0.0000000000E+00,    0.0000000000E+00,    8.9480284405E+00
     28300,      0.676917,CP2_after_erosion,   1,    0.0000000000E+00,    8.9480284405E+00,    8.9480284405E+00,    0.0000000000E+00,    0.0000000000E+00,    0.0000000000E+00,    8.9480284405E+00
     28300,      0.676917,CP3_after_update_bottom,   1,    0.0000000000E+00,    8.9480284405E+00,    8.9480284405E+00,    0.0000000000E+00,    0.0000000000E+00,    0.0000000000E+00,    8.9480284405E+00
     28300,      0.676917,CP4_after_advection,   1,    0.0000000000E+00,    8.9486185634E+00,    8.9486185634E+00,    0.0000000000E+00,    0.0000000000E+00,    0.0000000000E+00,    8.9486185634E+00
     28300,      0.676917,CP5_after_vdif,   1,    0.0000000000E+00,    8.9486185634E+00,    8.9486185634E+00,    0.0000000000E+00,    0.0000000000E+00,    0.0000000000E+00,    8.9486185634E+00
     28300,      0.676917,CP6_after_kinetics,   1,    0.0000000000E+00,    8.9486185634E+00,    8.9486185634E+00,    0.0000000000E+00,    0.0000000000E+00,    0.0000000000E+00,    8.9486185634E+00
     28300,      0.676917,CP7_after_upper_clamp,   1,    0.0000000000E+00,    8.9486185634E+00,    8.9486185634E+00,    0.0000000000E+00,    0.0000000000E+00,    0.0000000000E+00,    8.9486185634E+00
     28300,      0.676917,CP8_after_OBC,   1,    0.0000000000E+00,    8.9486185634E+00,    8.9486185634E+00,    0.0000000000E+00,    0.0000000000E+00,    0.0000000000E+00,    8.9486185634E+00
     28300,      0.676917,CP9_after_PTsource,   1,    0.0000000000E+00,    8.9486185634E+00,    8.9486185634E+00,    0.0000000000E+00,    0.0000000000E+00,    0.0000000000E+00,    8.9486185634E+00
     28300,      0.676917,CP10_after_neg_clamp,   1,    0.0000000000E+00,    8.9486185634E+00,    8.9486185634E+00,    0.0000000000E+00,    0.0000000000E+00,    0.0000000000E+00,    8.9486185634E+00
     28300,      0.676917,CP11_after_MPI,   1,    0.0000000000E+00,    8.9486185634E+00,    8.9486185634E+00,    0.0000000000E+00,    0.0000000000E+00,    0.0000000000E+00,    8.9486185634E+00
     28300,      0.676917,CP12_end,   1,    0.0000000000E+00,    8.9486185634E+00,    8.9486185634E+00,    0.0000000000E+00,    0.0000000000E+00,    0.0000000000E+00,    8.9486185634E+00
     28350,      0.676917,CP0_start,   1,    0.0000000000E+00,    8.9810246023E+00,    8.9810246023E+00,    0.0000000000E+00,    0.0000000000E+00,    0.0000000000E+00,    8.9810246023E+00
     28350,      0.676917,CP1_after_deposition,   1,    0.0000000000E+00,    8.9810246023E+00,    8.9810246023E+00,    0.0000000000E+00,    0.0000000000E+00,    0.0000000000E+00,    8.9810246023E+00
     28350,      0.676917,CP2_after_erosion,   1,    0.0000000000E+00,    8.9810246023E+00,    8.9810246023E+00,    0.0000000000E+00,    0.0000000000E+00,    0.0000000000E+00,    8.9810246023E+00
     28350,      0.676917,CP3_after_update_bottom,   1,    0.0000000000E+00,    8.9810246023E+00,    8.9810246023E+00,    0.0000000000E+00,    0.0000000000E+00,    0.0000000000E+00,    8.9810246023E+00
     28350,      0.676917,CP4_after_advection,   1,    0.0000000000E+00,    8.9816169045E+00,    8.9816169045E+00,    0.0000000000E+00,    0.0000000000E+00,    0.0000000000E+00,    8.9816169045E+00
     28350,      0.676917,CP5_after_vdif,   1,    0.0000000000E+00,    8.9816169045E+00,    8.9816169045E+00,    0.0000000000E+00,    0.0000000000E+00,    0.0000000000E+00,    8.9816169045E+00
     28350,      0.676917,CP6_after_kinetics,   1,    0.0000000000E+00,    8.9816169045E+00,    8.9816169045E+00,    0.0000000000E+00,    0.0000000000E+00,    0.0000000000E+00,    8.9816169045E+00
     28350,      0.676917,CP7_after_upper_clamp,   1,    0.0000000000E+00,    8.9816169045E+00,    8.9816169045E+00,    0.0000000000E+00,    0.0000000000E+00,    0.0000000000E+00,    8.9816169045E+00
     28350,      0.676917,CP8_after_OBC,   1,    0.0000000000E+00,    8.9816169045E+00,    8.9816169045E+00,    0.0000000000E+00,    0.0000000000E+00,    0.0000000000E+00,    8.9816169045E+00
     28350,      0.676917,CP9_after_PTsource,   1,    0.0000000000E+00,    8.9816169045E+00,    8.9816169045E+00,    0.0000000000E+00,    0.0000000000E+00,    0.0000000000E+00,    8.9816169045E+00
     28350,      0.676917,CP10_after_neg_clamp,   1,    0.0000000000E+00,    8.9816169045E+00,    8.9816169045E+00,    0.0000000000E+00,    0.0000000000E+00,    0.0000000000E+00,    8.9816169045E+00
     28350,      0.676917,CP11_after_MPI,   1,    0.0000000000E+00,    8.9816169045E+00,    8.9816169045E+00,    0.0000000000E+00,    0.0000000000E+00,    0.0000000000E+00,    8.9816169045E+00
     28350,      0.676917,CP12_end,   1,    0.0000000000E+00,    8.9816169045E+00,    8.9816169045E+00,    0.0000000000E+00,    0.0000000000E+00,    0.0000000000E+00,    8.9816169045E+00
     28400,      0.676917,CP0_start,   1,    0.0000000000E+00,    9.0140505969E+00,    9.0140505969E+00,    0.0000000000E+00,    0.0000000000E+00,    0.0000000000E+00,    9.0140505969E+00
     28400,      0.676917,CP1_after_deposition,   1,    0.0000000000E+00,    9.0140505969E+00,    9.0140505969E+00,    0.0000000000E+00,    0.0000000000E+00,    0.0000000000E+00,    9.0140505969E+00
     28400,      0.676917,CP2_after_erosion,   1,    0.0000000000E+00,    9.0140505969E+00,    9.0140505969E+00,    0.0000000000E+00,    0.0000000000E+00,    0.0000000000E+00,    9.0140505969E+00
     28400,      0.676917,CP3_after_update_bottom,   1,    0.0000000000E+00,    9.0140505969E+00,    9.0140505969E+00,    0.0000000000E+00,    0.0000000000E+00,    0.0000000000E+00,    9.0140505969E+00
     28400,      0.676917,CP4_after_advection,   1,    0.0000000000E+00,    9.0146457348E+00,    9.0146457348E+00,    0.0000000000E+00,    0.0000000000E+00,    0.0000000000E+00,    9.0146457348E+00
     28400,      0.676917,CP5_after_vdif,   1,    0.0000000000E+00,    9.0146457348E+00,    9.0146457348E+00,    0.0000000000E+00,    0.0000000000E+00,    0.0000000000E+00,    9.0146457348E+00
     28400,      0.676917,CP6_after_kinetics,   1,    0.0000000000E+00,    9.0146457348E+00,    9.0146457348E+00,    0.0000000000E+00,    0.0000000000E+00,    0.0000000000E+00,    9.0146457348E+00
     28400,      0.676917,CP7_after_upper_clamp,   1,    0.0000000000E+00,    9.0146457348E+00,    9.0146457348E+00,    0.0000000000E+00,    0.0000000000E+00,    0.0000000000E+00,    9.0146457348E+00
     28400,      0.676917,CP8_after_OBC,   1,    0.0000000000E+00,    9.0146457348E+00,    9.0146457348E+00,    0.0000000000E+00,    0.0000000000E+00,    0.0000000000E+00,    9.0146457348E+00
     28400,      0.676917,CP9_after_PTsource,   1,    0.0000000000E+00,    9.0146457348E+00,    9.0146457348E+00,    0.0000000000E+00,    0.0000000000E+00,    0.0000000000E+00,    9.0146457348E+00
     28400,      0.676917,CP10_after_neg_clamp,   1,    0.0000000000E+00,    9.0146457348E+00,    9.0146457348E+00,    0.0000000000E+00,    0.0000000000E+00,    0.0000000000E+00,    9.0146457348E+00
     28400,      0.676917,CP11_after_MPI,   1,    0.0000000000E+00,    9.0146457348E+00,    9.0146457348E+00,    0.0000000000E+00,    0.0000000000E+00,    0.0000000000E+00,    9.0146457348E+00
     28400,      0.676917,CP12_end,   1,    0.0000000000E+00,    9.0146457348E+00,    9.0146457348E+00,    0.0000000000E+00,    0.0000000000E+00,    0.0000000000E+00,    9.0146457348E+00
     28450,      0.676917,CP0_start,   1,    0.0000000000E+00,    9.0470973597E+00,    9.0470973597E+00,    0.0000000000E+00,    0.0000000000E+00,    0.0000000000E+00,    9.0470973597E+00
     28450,      0.676917,CP1_after_deposition,   1,    0.0000000000E+00,    9.0470973597E+00,    9.0470973597E+00,    0.0000000000E+00,    0.0000000000E+00,    0.0000000000E+00,    9.0470973597E+00
     28450,      0.676917,CP2_after_erosion,   1,    0.0000000000E+00,    9.0470973597E+00,    9.0470973597E+00,    0.0000000000E+00,    0.0000000000E+00,    0.0000000000E+00,    9.0470973597E+00
     28450,      0.676917,CP3_after_update_bottom,   1,    0.0000000000E+00,    9.0470973597E+00,    9.0470973597E+00,    0.0000000000E+00,    0.0000000000E+00,    0.0000000000E+00,    9.0470973597E+00
     28450,      0.676917,CP4_after_advection,   1,    0.0000000000E+00,    9.0476937414E+00,    9.0476937414E+00,    0.0000000000E+00,    0.0000000000E+00,    0.0000000000E+00,    9.0476937414E+00
     28450,      0.676917,CP5_after_vdif,   1,    0.0000000000E+00,    9.0476937414E+00,    9.0476937414E+00,    0.0000000000E+00,    0.0000000000E+00,    0.0000000000E+00,    9.0476937414E+00
     28450,      0.676917,CP6_after_kinetics,   1,    0.0000000000E+00,    9.0476937414E+00,    9.0476937414E+00,    0.0000000000E+00,    0.0000000000E+00,    0.0000000000E+00,    9.0476937414E+00
     28450,      0.676917,CP7_after_upper_clamp,   1,    0.0000000000E+00,    9.0476937414E+00,    9.0476937414E+00,    0.0000000000E+00,    0.0000000000E+00,    0.0000000000E+00,    9.0476937414E+00
     28450,      0.676917,CP8_after_OBC,   1,    0.0000000000E+00,    9.0476937414E+00,    9.0476937414E+00,    0.0000000000E+00,    0.0000000000E+00,    0.0000000000E+00,    9.0476937414E+00
     28450,      0.676917,CP9_after_PTsource,   1,    0.0000000000E+00,    9.0476937414E+00,    9.0476937414E+00,    0.0000000000E+00,    0.0000000000E+00,    0.0000000000E+00,    9.0476937414E+00
     28450,      0.676917,CP10_after_neg_clamp,   1,    0.0000000000E+00,    9.0476937414E+00,    9.0476937414E+00,    0.0000000000E+00,    0.0000000000E+00,    0.0000000000E+00,    9.0476937414E+00
     28450,      0.676917,CP11_after_MPI,   1,    0.0000000000E+00,    9.0476937414E+00,    9.0476937414E+00,    0.0000000000E+00,    0.0000000000E+00,    0.0000000000E+00,    9.0476937414E+00
     28450,      0.676917,CP12_end,   1,    0.0000000000E+00,    9.0476937414E+00,    9.0476937414E+00,    0.0000000000E+00,    0.0000000000E+00,    0.0000000000E+00,    9.0476937414E+00
     28500,      0.676917,CP0_start,   1,    0.0000000000E+00,    9.0801627605E+00,    9.0801627605E+00,    0.0000000000E+00,    0.0000000000E+00,    0.0000000000E+00,    9.0801627605E+00
     28500,      0.676917,CP1_after_deposition,   1,    0.0000000000E+00,    9.0801627605E+00,    9.0801627605E+00,    0.0000000000E+00,    0.0000000000E+00,    0.0000000000E+00,    9.0801627605E+00
     28500,      0.676917,CP2_after_erosion,   1,    0.0000000000E+00,    9.0801627605E+00,    9.0801627605E+00,    0.0000000000E+00,    0.0000000000E+00,    0.0000000000E+00,    9.0801627605E+00
     28500,      0.676917,CP3_after_update_bottom,   1,    0.0000000000E+00,    9.0801627605E+00,    9.0801627605E+00,    0.0000000000E+00,    0.0000000000E+00,    0.0000000000E+00,    9.0801627605E+00
     28500,      0.676917,CP4_after_advection,   1,    0.0000000000E+00,    9.0807612120E+00,    9.0807612120E+00,    0.0000000000E+00,    0.0000000000E+00,    0.0000000000E+00,    9.0807612120E+00
     28500,      0.676917,CP5_after_vdif,   1,    0.0000000000E+00,    9.0807612120E+00,    9.0807612120E+00,    0.0000000000E+00,    0.0000000000E+00,    0.0000000000E+00,    9.0807612120E+00
     28500,      0.676917,CP6_after_kinetics,   1,    0.0000000000E+00,    9.0807612120E+00,    9.0807612120E+00,    0.0000000000E+00,    0.0000000000E+00,    0.0000000000E+00,    9.0807612120E+00
     28500,      0.676917,CP7_after_upper_clamp,   1,    0.0000000000E+00,    9.0807612120E+00,    9.0807612120E+00,    0.0000000000E+00,    0.0000000000E+00,    0.0000000000E+00,    9.0807612120E+00
     28500,      0.676917,CP8_after_OBC,   1,    0.0000000000E+00,    9.0807612120E+00,    9.0807612120E+00,    0.0000000000E+00,    0.0000000000E+00,    0.0000000000E+00,    9.0807612120E+00
     28500,      0.676917,CP9_after_PTsource,   1,    0.0000000000E+00,    9.0807612120E+00,    9.0807612120E+00,    0.0000000000E+00,    0.0000000000E+00,    0.0000000000E+00,    9.0807612120E+00
     28500,      0.676917,CP10_after_neg_clamp,   1,    0.0000000000E+00,    9.0807612120E+00,    9.0807612120E+00,    0.0000000000E+00,    0.0000000000E+00,    0.0000000000E+00,    9.0807612120E+00
     28500,      0.676917,CP11_after_MPI,   1,    0.0000000000E+00,    9.0807612120E+00,    9.0807612120E+00,    0.0000000000E+00,    0.0000000000E+00,    0.0000000000E+00,    9.0807612120E+00
     28500,      0.676917,CP12_end,   1,    0.0000000000E+00,    9.0807612120E+00,    9.0807612120E+00,    0.0000000000E+00,    0.0000000000E+00,    0.0000000000E+00,    9.0807612120E+00
     28550,      0.676917,CP0_start,   1,    0.0000000000E+00,    9.1132520717E+00,    9.1132520717E+00,    0.0000000000E+00,    0.0000000000E+00,    0.0000000000E+00,    9.1132520717E+00
     28550,      0.676917,CP1_after_deposition,   1,    0.0000000000E+00,    9.1132520717E+00,    9.1132520717E+00,    0.0000000000E+00,    0.0000000000E+00,    0.0000000000E+00,    9.1132520717E+00
     28550,      0.676917,CP2_after_erosion,   1,    0.0000000000E+00,    9.1132520717E+00,    9.1132520717E+00,    0.0000000000E+00,    0.0000000000E+00,    0.0000000000E+00,    9.1132520717E+00
     28550,      0.676917,CP3_after_update_bottom,   1,    0.0000000000E+00,    9.1132520717E+00,    9.1132520717E+00,    0.0000000000E+00,    0.0000000000E+00,    0.0000000000E+00,    9.1132520717E+00
     28550,      0.676917,CP4_after_advection,   1,    0.0000000000E+00,    9.1138530494E+00,    9.1138530494E+00,    0.0000000000E+00,    0.0000000000E+00,    0.0000000000E+00,    9.1138530494E+00
     28550,      0.676917,CP5_after_vdif,   1,    0.0000000000E+00,    9.1138530494E+00,    9.1138530494E+00,    0.0000000000E+00,    0.0000000000E+00,    0.0000000000E+00,    9.1138530494E+00
     28550,      0.676917,CP6_after_kinetics,   1,    0.0000000000E+00,    9.1138530494E+00,    9.1138530494E+00,    0.0000000000E+00,    0.0000000000E+00,    0.0000000000E+00,    9.1138530494E+00
     28550,      0.676917,CP7_after_upper_clamp,   1,    0.0000000000E+00,    9.1138530494E+00,    9.1138530494E+00,    0.0000000000E+00,    0.0000000000E+00,    0.0000000000E+00,    9.1138530494E+00
     28550,      0.676917,CP8_after_OBC,   1,    0.0000000000E+00,    9.1138530494E+00,    9.1138530494E+00,    0.0000000000E+00,    0.0000000000E+00,    0.0000000000E+00,    9.1138530494E+00
     28550,      0.676917,CP9_after_PTsource,   1,    0.0000000000E+00,    9.1138530494E+00,    9.1138530494E+00,    0.0000000000E+00,    0.0000000000E+00,    0.0000000000E+00,    9.1138530494E+00
     28550,      0.676917,CP10_after_neg_clamp,   1,    0.0000000000E+00,    9.1138530494E+00,    9.1138530494E+00,    0.0000000000E+00,    0.0000000000E+00,    0.0000000000E+00,    9.1138530494E+00
     28550,      0.676917,CP11_after_MPI,   1,    0.0000000000E+00,    9.1138530494E+00,    9.1138530494E+00,    0.0000000000E+00,    0.0000000000E+00,    0.0000000000E+00,    9.1138530494E+00
     28550,      0.676917,CP12_end,   1,    0.0000000000E+00,    9.1138530494E+00,    9.1138530494E+00,    0.0000000000E+00,    0.0000000000E+00,    0.0000000000E+00,    9.1138530494E+00
     28600,      0.676917,CP0_start,   1,    0.0000000000E+00,    9.1463485941E+00,    9.1463485941E+00,    0.0000000000E+00,    0.0000000000E+00,    0.0000000000E+00,    9.1463485941E+00
     28600,      0.676917,CP1_after_deposition,   1,    0.0000000000E+00,    9.1463485941E+00,    9.1463485941E+00,    0.0000000000E+00,    0.0000000000E+00,    0.0000000000E+00,    9.1463485941E+00
     28600,      0.676917,CP2_after_erosion,   1,    0.0000000000E+00,    9.1463485941E+00,    9.1463485941E+00,    0.0000000000E+00,    0.0000000000E+00,    0.0000000000E+00,    9.1463485941E+00
     28600,      0.676917,CP3_after_update_bottom,   1,    0.0000000000E+00,    9.1463485941E+00,    9.1463485941E+00,    0.0000000000E+00,    0.0000000000E+00,    0.0000000000E+00,    9.1463485941E+00
     28600,      0.676917,CP4_after_advection,   1,    0.0000000000E+00,    9.1469509217E+00,    9.1469509217E+00,    0.0000000000E+00,    0.0000000000E+00,    0.0000000000E+00,    9.1469509217E+00
     28600,      0.676917,CP5_after_vdif,   1,    0.0000000000E+00,    9.1469509217E+00,    9.1469509217E+00,    0.0000000000E+00,    0.0000000000E+00,    0.0000000000E+00,    9.1469509217E+00
     28600,      0.676917,CP6_after_kinetics,   1,    0.0000000000E+00,    9.1469509217E+00,    9.1469509217E+00,    0.0000000000E+00,    0.0000000000E+00,    0.0000000000E+00,    9.1469509217E+00
     28600,      0.676917,CP7_after_upper_clamp,   1,    0.0000000000E+00,    9.1469509217E+00,    9.1469509217E+00,    0.0000000000E+00,    0.0000000000E+00,    0.0000000000E+00,    9.1469509217E+00
     28600,      0.676917,CP8_after_OBC,   1,    0.0000000000E+00,    9.1469509217E+00,    9.1469509217E+00,    0.0000000000E+00,    0.0000000000E+00,    0.0000000000E+00,    9.1469509217E+00
     28600,      0.676917,CP9_after_PTsource,   1,    0.0000000000E+00,    9.1469509217E+00,    9.1469509217E+00,    0.0000000000E+00,    0.0000000000E+00,    0.0000000000E+00,    9.1469509217E+00
     28600,      0.676917,CP10_after_neg_clamp,   1,    0.0000000000E+00,    9.1469509217E+00,    9.1469509217E+00,    0.0000000000E+00,    0.0000000000E+00,    0.0000000000E+00,    9.1469509217E+00
     28600,      0.676917,CP11_after_MPI,   1,    0.0000000000E+00,    9.1469509217E+00,    9.1469509217E+00,    0.0000000000E+00,    0.0000000000E+00,    0.0000000000E+00,    9.1469509217E+00
     28600,      0.676917,CP12_end,   1,    0.0000000000E+00,    9.1469509217E+00,    9.1469509217E+00,    0.0000000000E+00,    0.0000000000E+00,    0.0000000000E+00,    9.1469509217E+00
     28650,      0.676917,CP0_start,   1,    0.0000000000E+00,    9.1794503435E+00,    9.1794503435E+00,    0.0000000000E+00,    0.0000000000E+00,    0.0000000000E+00,    9.1794503435E+00
     28650,      0.676917,CP1_after_deposition,   1,    0.0000000000E+00,    9.1794503435E+00,    9.1794503435E+00,    0.0000000000E+00,    0.0000000000E+00,    0.0000000000E+00,    9.1794503435E+00
     28650,      0.676917,CP2_after_erosion,   1,    0.0000000000E+00,    9.1794503435E+00,    9.1794503435E+00,    0.0000000000E+00,    0.0000000000E+00,    0.0000000000E+00,    9.1794503435E+00
     28650,      0.676917,CP3_after_update_bottom,   1,    0.0000000000E+00,    9.1794503435E+00,    9.1794503435E+00,    0.0000000000E+00,    0.0000000000E+00,    0.0000000000E+00,    9.1794503435E+00
     28650,      0.676917,CP4_after_advection,   1,    0.0000000000E+00,    9.1800539081E+00,    9.1800539081E+00,    0.0000000000E+00,    0.0000000000E+00,    0.0000000000E+00,    9.1800539081E+00
     28650,      0.676917,CP5_after_vdif,   1,    0.0000000000E+00,    9.1800539081E+00,    9.1800539081E+00,    0.0000000000E+00,    0.0000000000E+00,    0.0000000000E+00,    9.1800539081E+00
     28650,      0.676917,CP6_after_kinetics,   1,    0.0000000000E+00,    9.1800539081E+00,    9.1800539081E+00,    0.0000000000E+00,    0.0000000000E+00,    0.0000000000E+00,    9.1800539081E+00
     28650,      0.676917,CP7_after_upper_clamp,   1,    0.0000000000E+00,    9.1800539081E+00,    9.1800539081E+00,    0.0000000000E+00,    0.0000000000E+00,    0.0000000000E+00,    9.1800539081E+00
     28650,      0.676917,CP8_after_OBC,   1,    0.0000000000E+00,    9.1800539081E+00,    9.1800539081E+00,    0.0000000000E+00,    0.0000000000E+00,    0.0000000000E+00,    9.1800539081E+00
     28650,      0.676917,CP9_after_PTsource,   1,    0.0000000000E+00,    9.1800539081E+00,    9.1800539081E+00,    0.0000000000E+00,    0.0000000000E+00,    0.0000000000E+00,    9.1800539081E+00
     28650,      0.676917,CP10_after_neg_clamp,   1,    0.0000000000E+00,    9.1800539081E+00,    9.1800539081E+00,    0.0000000000E+00,    0.0000000000E+00,    0.0000000000E+00,    9.1800539081E+00
     28650,      0.676917,CP11_after_MPI,   1,    0.0000000000E+00,    9.1800539081E+00,    9.1800539081E+00,    0.0000000000E+00,    0.0000000000E+00,    0.0000000000E+00,    9.1800539081E+00
     28650,      0.676917,CP12_end,   1,    0.0000000000E+00,    9.1800539081E+00,    9.1800539081E+00,    0.0000000000E+00,    0.0000000000E+00,    0.0000000000E+00,    9.1800539081E+00
     28700,      0.676917,CP0_start,   1,    0.0000000000E+00,    9.2125660398E+00,    9.2125660398E+00,    0.0000000000E+00,    0.0000000000E+00,    0.0000000000E+00,    9.2125660398E+00
     28700,      0.676917,CP1_after_deposition,   1,    0.0000000000E+00,    9.2125660398E+00,    9.2125660398E+00,    0.0000000000E+00,    0.0000000000E+00,    0.0000000000E+00,    9.2125660398E+00
     28700,      0.676917,CP2_after_erosion,   1,    0.0000000000E+00,    9.2125660398E+00,    9.2125660398E+00,    0.0000000000E+00,    0.0000000000E+00,    0.0000000000E+00,    9.2125660398E+00
     28700,      0.676917,CP3_after_update_bottom,   1,    0.0000000000E+00,    9.2125660398E+00,    9.2125660398E+00,    0.0000000000E+00,    0.0000000000E+00,    0.0000000000E+00,    9.2125660398E+00
     28700,      0.676917,CP4_after_advection,   1,    0.0000000000E+00,    9.2131720577E+00,    9.2131720577E+00,    0.0000000000E+00,    0.0000000000E+00,    0.0000000000E+00,    9.2131720577E+00
     28700,      0.676917,CP5_after_vdif,   1,    0.0000000000E+00,    9.2131720577E+00,    9.2131720577E+00,    0.0000000000E+00,    0.0000000000E+00,    0.0000000000E+00,    9.2131720577E+00
     28700,      0.676917,CP6_after_kinetics,   1,    0.0000000000E+00,    9.2131720577E+00,    9.2131720577E+00,    0.0000000000E+00,    0.0000000000E+00,    0.0000000000E+00,    9.2131720577E+00
     28700,      0.676917,CP7_after_upper_clamp,   1,    0.0000000000E+00,    9.2131720577E+00,    9.2131720577E+00,    0.0000000000E+00,    0.0000000000E+00,    0.0000000000E+00,    9.2131720577E+00
     28700,      0.676917,CP8_after_OBC,   1,    0.0000000000E+00,    9.2131720577E+00,    9.2131720577E+00,    0.0000000000E+00,    0.0000000000E+00,    0.0000000000E+00,    9.2131720577E+00
     28700,      0.676917,CP9_after_PTsource,   1,    0.0000000000E+00,    9.2131720577E+00,    9.2131720577E+00,    0.0000000000E+00,    0.0000000000E+00,    0.0000000000E+00,    9.2131720577E+00
     28700,      0.676917,CP10_after_neg_clamp,   1,    0.0000000000E+00,    9.2131720577E+00,    9.2131720577E+00,    0.0000000000E+00,    0.0000000000E+00,    0.0000000000E+00,    9.2131720577E+00
     28700,      0.676917,CP11_after_MPI,   1,    0.0000000000E+00,    9.2131720577E+00,    9.2131720577E+00,    0.0000000000E+00,    0.0000000000E+00,    0.0000000000E+00,    9.2131720577E+00
     28700,      0.676917,CP12_end,   1,    0.0000000000E+00,    9.2131720577E+00,    9.2131720577E+00,    0.0000000000E+00,    0.0000000000E+00,    0.0000000000E+00,    9.2131720577E+00
     28750,      0.676917,CP0_start,   1,    0.0000000000E+00,    9.2456948286E+00,    9.2456948286E+00,    0.0000000000E+00,    0.0000000000E+00,    0.0000000000E+00,    9.2456948286E+00
     28750,      0.676917,CP1_after_deposition,   1,    0.0000000000E+00,    9.2456948286E+00,    9.2456948286E+00,    0.0000000000E+00,    0.0000000000E+00,    0.0000000000E+00,    9.2456948286E+00
     28750,      0.676917,CP2_after_erosion,   1,    0.0000000000E+00,    9.2456948286E+00,    9.2456948286E+00,    0.0000000000E+00,    0.0000000000E+00,    0.0000000000E+00,    9.2456948286E+00
     28750,      0.676917,CP3_after_update_bottom,   1,    0.0000000000E+00,    9.2456948286E+00,    9.2456948286E+00,    0.0000000000E+00,    0.0000000000E+00,    0.0000000000E+00,    9.2456948286E+00
     28750,      0.676917,CP4_after_advection,   1,    0.0000000000E+00,    9.2463013465E+00,    9.2463013465E+00,    0.0000000000E+00,    0.0000000000E+00,    0.0000000000E+00,    9.2463013465E+00
     28750,      0.676917,CP5_after_vdif,   1,    0.0000000000E+00,    9.2463013465E+00,    9.2463013465E+00,    0.0000000000E+00,    0.0000000000E+00,    0.0000000000E+00,    9.2463013465E+00
     28750,      0.676917,CP6_after_kinetics,   1,    0.0000000000E+00,    9.2463013465E+00,    9.2463013465E+00,    0.0000000000E+00,    0.0000000000E+00,    0.0000000000E+00,    9.2463013465E+00
     28750,      0.676917,CP7_after_upper_clamp,   1,    0.0000000000E+00,    9.2463013465E+00,    9.2463013465E+00,    0.0000000000E+00,    0.0000000000E+00,    0.0000000000E+00,    9.2463013465E+00
     28750,      0.676917,CP8_after_OBC,   1,    0.0000000000E+00,    9.2463013465E+00,    9.2463013465E+00,    0.0000000000E+00,    0.0000000000E+00,    0.0000000000E+00,    9.2463013465E+00
     28750,      0.676917,CP9_after_PTsource,   1,    0.0000000000E+00,    9.2463013465E+00,    9.2463013465E+00,    0.0000000000E+00,    0.0000000000E+00,    0.0000000000E+00,    9.2463013465E+00
     28750,      0.676917,CP10_after_neg_clamp,   1,    0.0000000000E+00,    9.2463013465E+00,    9.2463013465E+00,    0.0000000000E+00,    0.0000000000E+00,    0.0000000000E+00,    9.2463013465E+00
     28750,      0.676917,CP11_after_MPI,   1,    0.0000000000E+00,    9.2463013465E+00,    9.2463013465E+00,    0.0000000000E+00,    0.0000000000E+00,    0.0000000000E+00,    9.2463013465E+00
     28750,      0.676917,CP12_end,   1,    0.0000000000E+00,    9.2463013465E+00,    9.2463013465E+00,    0.0000000000E+00,    0.0000000000E+00,    0.0000000000E+00,    9.2463013465E+00
     28800,      0.676917,CP0_start,   1,    0.0000000000E+00,    9.2788192519E+00,    9.2788192519E+00,    0.0000000000E+00,    0.0000000000E+00,    0.0000000000E+00,    9.2788192519E+00
     28800,      0.676917,CP1_after_deposition,   1,    0.0000000000E+00,    9.2788192519E+00,    9.2788192519E+00,    0.0000000000E+00,    0.0000000000E+00,    0.0000000000E+00,    9.2788192519E+00
     28800,      0.676917,CP2_after_erosion,   1,    0.0000000000E+00,    9.2788192519E+00,    9.2788192519E+00,    0.0000000000E+00,    0.0000000000E+00,    0.0000000000E+00,    9.2788192519E+00
     28800,      0.676917,CP3_after_update_bottom,   1,    0.0000000000E+00,    9.2788192519E+00,    9.2788192519E+00,    0.0000000000E+00,    0.0000000000E+00,    0.0000000000E+00,    9.2788192519E+00
     28800,      0.676917,CP4_after_advection,   1,    0.0000000000E+00,    9.2794282249E+00,    9.2794282249E+00,    0.0000000000E+00,    0.0000000000E+00,    0.0000000000E+00,    9.2794282249E+00
     28800,      0.676917,CP5_after_vdif,   1,    0.0000000000E+00,    9.2794282249E+00,    9.2794282249E+00,    0.0000000000E+00,    0.0000000000E+00,    0.0000000000E+00,    9.2794282249E+00
     28800,      0.676917,CP6_after_kinetics,   1,    0.0000000000E+00,    9.2794282249E+00,    9.2794282249E+00,    0.0000000000E+00,    0.0000000000E+00,    0.0000000000E+00,    9.2794282249E+00
     28800,      0.676917,CP7_after_upper_clamp,   1,    0.0000000000E+00,    9.2794282249E+00,    9.2794282249E+00,    0.0000000000E+00,    0.0000000000E+00,    0.0000000000E+00,    9.2794282249E+00
     28800,      0.676917,CP8_after_OBC,   1,    0.0000000000E+00,    9.2794282249E+00,    9.2794282249E+00,    0.0000000000E+00,    0.0000000000E+00,    0.0000000000E+00,    9.2794282249E+00
     28800,      0.676917,CP9_after_PTsource,   1,    0.0000000000E+00,    9.2794282249E+00,    9.2794282249E+00,    0.0000000000E+00,    0.0000000000E+00,    0.0000000000E+00,    9.2794282249E+00
     28800,      0.676917,CP10_after_neg_clamp,   1,    0.0000000000E+00,    9.2794282249E+00,    9.2794282249E+00,    0.0000000000E+00,    0.0000000000E+00,    0.0000000000E+00,    9.2794282249E+00
     28800,      0.676917,CP11_after_MPI,   1,    0.0000000000E+00,    9.2794282249E+00,    9.2794282249E+00,    0.0000000000E+00,    0.0000000000E+00,    0.0000000000E+00,    9.2794282249E+00
     28800,      0.676917,CP12_end,   1,    0.0000000000E+00,    9.2794282249E+00,    9.2794282249E+00,    0.0000000000E+00,    0.0000000000E+00,    0.0000000000E+00,    9.2794282249E+00
     28850,      0.676917,CP0_start,   1,    0.0000000000E+00,    9.3119531014E+00,    9.3119531014E+00,    0.0000000000E+00,    0.0000000000E+00,    0.0000000000E+00,    9.3119531014E+00
     28850,      0.676917,CP1_after_deposition,   1,    0.0000000000E+00,    9.3119531014E+00,    9.3119531014E+00,    0.0000000000E+00,    0.0000000000E+00,    0.0000000000E+00,    9.3119531014E+00
     28850,      0.676917,CP2_after_erosion,   1,    0.0000000000E+00,    9.3119531014E+00,    9.3119531014E+00,    0.0000000000E+00,    0.0000000000E+00,    0.0000000000E+00,    9.3119531014E+00
     28850,      0.676917,CP3_after_update_bottom,   1,    0.0000000000E+00,    9.3119531014E+00,    9.3119531014E+00,    0.0000000000E+00,    0.0000000000E+00,    0.0000000000E+00,    9.3119531014E+00
     28850,      0.676917,CP4_after_advection,   1,    0.0000000000E+00,    9.3125618192E+00,    9.3125618192E+00,    0.0000000000E+00,    0.0000000000E+00,    0.0000000000E+00,    9.3125618192E+00
     28850,      0.676917,CP5_after_vdif,   1,    0.0000000000E+00,    9.3125618192E+00,    9.3125618192E+00,    0.0000000000E+00,    0.0000000000E+00,    0.0000000000E+00,    9.3125618192E+00
     28850,      0.676917,CP6_after_kinetics,   1,    0.0000000000E+00,    9.3125618192E+00,    9.3125618192E+00,    0.0000000000E+00,    0.0000000000E+00,    0.0000000000E+00,    9.3125618192E+00
     28850,      0.676917,CP7_after_upper_clamp,   1,    0.0000000000E+00,    9.3125618192E+00,    9.3125618192E+00,    0.0000000000E+00,    0.0000000000E+00,    0.0000000000E+00,    9.3125618192E+00
     28850,      0.676917,CP8_after_OBC,   1,    0.0000000000E+00,    9.3125618192E+00,    9.3125618192E+00,    0.0000000000E+00,    0.0000000000E+00,    0.0000000000E+00,    9.3125618192E+00
     28850,      0.676917,CP9_after_PTsource,   1,    0.0000000000E+00,    9.3125618192E+00,    9.3125618192E+00,    0.0000000000E+00,    0.0000000000E+00,    0.0000000000E+00,    9.3125618192E+00
     28850,      0.676917,CP10_after_neg_clamp,   1,    0.0000000000E+00,    9.3125618192E+00,    9.3125618192E+00,    0.0000000000E+00,    0.0000000000E+00,    0.0000000000E+00,    9.3125618192E+00
     28850,      0.676917,CP11_after_MPI,   1,    0.0000000000E+00,    9.3125618192E+00,    9.3125618192E+00,    0.0000000000E+00,    0.0000000000E+00,    0.0000000000E+00,    9.3125618192E+00
     28850,      0.676917,CP12_end,   1,    0.0000000000E+00,    9.3125618192E+00,    9.3125618192E+00,    0.0000000000E+00,    0.0000000000E+00,    0.0000000000E+00,    9.3125618192E+00
     28900,      0.676917,CP0_start,   1,    0.0000000000E+00,    9.3450856254E+00,    9.3450856254E+00,    0.0000000000E+00,    0.0000000000E+00,    0.0000000000E+00,    9.3450856254E+00
     28900,      0.676917,CP1_after_deposition,   1,    0.0000000000E+00,    9.3450856254E+00,    9.3450856254E+00,    0.0000000000E+00,    0.0000000000E+00,    0.0000000000E+00,    9.3450856254E+00
     28900,      0.676917,CP2_after_erosion,   1,    0.0000000000E+00,    9.3450856254E+00,    9.3450856254E+00,    0.0000000000E+00,    0.0000000000E+00,    0.0000000000E+00,    9.3450856254E+00
     28900,      0.676917,CP3_after_update_bottom,   1,    0.0000000000E+00,    9.3450856254E+00,    9.3450856254E+00,    0.0000000000E+00,    0.0000000000E+00,    0.0000000000E+00,    9.3450856254E+00
     28900,      0.676917,CP4_after_advection,   1,    0.0000000000E+00,    9.3456978451E+00,    9.3456978451E+00,    0.0000000000E+00,    0.0000000000E+00,    0.0000000000E+00,    9.3456978451E+00
     28900,      0.676917,CP5_after_vdif,   1,    0.0000000000E+00,    9.3456978451E+00,    9.3456978451E+00,    0.0000000000E+00,    0.0000000000E+00,    0.0000000000E+00,    9.3456978451E+00
     28900,      0.676917,CP6_after_kinetics,   1,    0.0000000000E+00,    9.3456978451E+00,    9.3456978451E+00,    0.0000000000E+00,    0.0000000000E+00,    0.0000000000E+00,    9.3456978451E+00
     28900,      0.676917,CP7_after_upper_clamp,   1,    0.0000000000E+00,    9.3456978451E+00,    9.3456978451E+00,    0.0000000000E+00,    0.0000000000E+00,    0.0000000000E+00,    9.3456978451E+00
     28900,      0.676917,CP8_after_OBC,   1,    0.0000000000E+00,    9.3456978451E+00,    9.3456978451E+00,    0.0000000000E+00,    0.0000000000E+00,    0.0000000000E+00,    9.3456978451E+00
     28900,      0.676917,CP9_after_PTsource,   1,    0.0000000000E+00,    9.3456978451E+00,    9.3456978451E+00,    0.0000000000E+00,    0.0000000000E+00,    0.0000000000E+00,    9.3456978451E+00
     28900,      0.676917,CP10_after_neg_clamp,   1,    0.0000000000E+00,    9.3456978451E+00,    9.3456978451E+00,    0.0000000000E+00,    0.0000000000E+00,    0.0000000000E+00,    9.3456978451E+00
     28900,      0.676917,CP11_after_MPI,   1,    0.0000000000E+00,    9.3456978451E+00,    9.3456978451E+00,    0.0000000000E+00,    0.0000000000E+00,    0.0000000000E+00,    9.3456978451E+00
     28900,      0.676917,CP12_end,   1,    0.0000000000E+00,    9.3456978451E+00,    9.3456978451E+00,    0.0000000000E+00,    0.0000000000E+00,    0.0000000000E+00,    9.3456978451E+00
     28950,      0.676917,CP0_start,   1,    0.0000000000E+00,    9.3782239304E+00,    9.3782239304E+00,    0.0000000000E+00,    0.0000000000E+00,    0.0000000000E+00,    9.3782239304E+00
     28950,      0.676917,CP1_after_deposition,   1,    0.0000000000E+00,    9.3782239304E+00,    9.3782239304E+00,    0.0000000000E+00,    0.0000000000E+00,    0.0000000000E+00,    9.3782239304E+00
     28950,      0.676917,CP2_after_erosion,   1,    0.0000000000E+00,    9.3782239304E+00,    9.3782239304E+00,    0.0000000000E+00,    0.0000000000E+00,    0.0000000000E+00,    9.3782239304E+00
     28950,      0.676917,CP3_after_update_bottom,   1,    0.0000000000E+00,    9.3782239304E+00,    9.3782239304E+00,    0.0000000000E+00,    0.0000000000E+00,    0.0000000000E+00,    9.3782239304E+00
     28950,      0.676917,CP4_after_advection,   1,    0.0000000000E+00,    9.3788373433E+00,    9.3788373433E+00,    0.0000000000E+00,    0.0000000000E+00,    0.0000000000E+00,    9.3788373433E+00
     28950,      0.676917,CP5_after_vdif,   1,    0.0000000000E+00,    9.3788373433E+00,    9.3788373433E+00,    0.0000000000E+00,    0.0000000000E+00,    0.0000000000E+00,    9.3788373433E+00
     28950,      0.676917,CP6_after_kinetics,   1,    0.0000000000E+00,    9.3788373433E+00,    9.3788373433E+00,    0.0000000000E+00,    0.0000000000E+00,    0.0000000000E+00,    9.3788373433E+00
     28950,      0.676917,CP7_after_upper_clamp,   1,    0.0000000000E+00,    9.3788373433E+00,    9.3788373433E+00,    0.0000000000E+00,    0.0000000000E+00,    0.0000000000E+00,    9.3788373433E+00
     28950,      0.676917,CP8_after_OBC,   1,    0.0000000000E+00,    9.3788373433E+00,    9.3788373433E+00,    0.0000000000E+00,    0.0000000000E+00,    0.0000000000E+00,    9.3788373433E+00
     28950,      0.676917,CP9_after_PTsource,   1,    0.0000000000E+00,    9.3788373433E+00,    9.3788373433E+00,    0.0000000000E+00,    0.0000000000E+00,    0.0000000000E+00,    9.3788373433E+00
     28950,      0.676917,CP10_after_neg_clamp,   1,    0.0000000000E+00,    9.3788373433E+00,    9.3788373433E+00,    0.0000000000E+00,    0.0000000000E+00,    0.0000000000E+00,    9.3788373433E+00
     28950,      0.676917,CP11_after_MPI,   1,    0.0000000000E+00,    9.3788373433E+00,    9.3788373433E+00,    0.0000000000E+00,    0.0000000000E+00,    0.0000000000E+00,    9.3788373433E+00
     28950,      0.676917,CP12_end,   1,    0.0000000000E+00,    9.3788373433E+00,    9.3788373433E+00,    0.0000000000E+00,    0.0000000000E+00,    0.0000000000E+00,    9.3788373433E+00
     29000,      0.676917,CP0_start,   1,    0.0000000000E+00,    9.4113709832E+00,    9.4113709832E+00,    0.0000000000E+00,    0.0000000000E+00,    0.0000000000E+00,    9.4113709832E+00
     29000,      0.676917,CP1_after_deposition,   1,    0.0000000000E+00,    9.4113709832E+00,    9.4113709832E+00,    0.0000000000E+00,    0.0000000000E+00,    0.0000000000E+00,    9.4113709832E+00
     29000,      0.676917,CP2_after_erosion,   1,    0.0000000000E+00,    9.4113709832E+00,    9.4113709832E+00,    0.0000000000E+00,    0.0000000000E+00,    0.0000000000E+00,    9.4113709832E+00
     29000,      0.676917,CP3_after_update_bottom,   1,    0.0000000000E+00,    9.4113709832E+00,    9.4113709832E+00,    0.0000000000E+00,    0.0000000000E+00,    0.0000000000E+00,    9.4113709832E+00
     29000,      0.676917,CP4_after_advection,   1,    0.0000000000E+00,    9.4119869085E+00,    9.4119869085E+00,    0.0000000000E+00,    0.0000000000E+00,    0.0000000000E+00,    9.4119869085E+00
     29000,      0.676917,CP5_after_vdif,   1,    0.0000000000E+00,    9.4119869085E+00,    9.4119869085E+00,    0.0000000000E+00,    0.0000000000E+00,    0.0000000000E+00,    9.4119869085E+00
     29000,      0.676917,CP6_after_kinetics,   1,    0.0000000000E+00,    9.4119869085E+00,    9.4119869085E+00,    0.0000000000E+00,    0.0000000000E+00,    0.0000000000E+00,    9.4119869085E+00
     29000,      0.676917,CP7_after_upper_clamp,   1,    0.0000000000E+00,    9.4119869085E+00,    9.4119869085E+00,    0.0000000000E+00,    0.0000000000E+00,    0.0000000000E+00,    9.4119869085E+00
     29000,      0.676917,CP8_after_OBC,   1,    0.0000000000E+00,    9.4119869085E+00,    9.4119869085E+00,    0.0000000000E+00,    0.0000000000E+00,    0.0000000000E+00,    9.4119869085E+00
     29000,      0.676917,CP9_after_PTsource,   1,    0.0000000000E+00,    9.4119869085E+00,    9.4119869085E+00,    0.0000000000E+00,    0.0000000000E+00,    0.0000000000E+00,    9.4119869085E+00
     29000,      0.676917,CP10_after_neg_clamp,   1,    0.0000000000E+00,    9.4119869085E+00,    9.4119869085E+00,    0.0000000000E+00,    0.0000000000E+00,    0.0000000000E+00,    9.4119869085E+00
     29000,      0.676917,CP11_after_MPI,   1,    0.0000000000E+00,    9.4119869085E+00,    9.4119869085E+00,    0.0000000000E+00,    0.0000000000E+00,    0.0000000000E+00,    9.4119869085E+00
     29000,      0.676917,CP12_end,   1,    0.0000000000E+00,    9.4119869085E+00,    9.4119869085E+00,    0.0000000000E+00,    0.0000000000E+00,    0.0000000000E+00,    9.4119869085E+00
     29050,      0.676918,CP0_start,   1,    0.0000000000E+00,    9.4445227106E+00,    9.4445227106E+00,    0.0000000000E+00,    0.0000000000E+00,    0.0000000000E+00,    9.4445227106E+00
     29050,      0.676918,CP1_after_deposition,   1,    0.0000000000E+00,    9.4445227106E+00,    9.4445227106E+00,    0.0000000000E+00,    0.0000000000E+00,    0.0000000000E+00,    9.4445227106E+00
     29050,      0.676918,CP2_after_erosion,   1,    0.0000000000E+00,    9.4445227106E+00,    9.4445227106E+00,    0.0000000000E+00,    0.0000000000E+00,    0.0000000000E+00,    9.4445227106E+00
     29050,      0.676918,CP3_after_update_bottom,   1,    0.0000000000E+00,    9.4445227106E+00,    9.4445227106E+00,    0.0000000000E+00,    0.0000000000E+00,    0.0000000000E+00,    9.4445227106E+00
     29050,      0.676918,CP4_after_advection,   1,    0.0000000000E+00,    9.4451394832E+00,    9.4451394832E+00,    0.0000000000E+00,    0.0000000000E+00,    0.0000000000E+00,    9.4451394832E+00
     29050,      0.676918,CP5_after_vdif,   1,    0.0000000000E+00,    9.4451394832E+00,    9.4451394832E+00,    0.0000000000E+00,    0.0000000000E+00,    0.0000000000E+00,    9.4451394832E+00
     29050,      0.676918,CP6_after_kinetics,   1,    0.0000000000E+00,    9.4451394832E+00,    9.4451394832E+00,    0.0000000000E+00,    0.0000000000E+00,    0.0000000000E+00,    9.4451394832E+00
     29050,      0.676918,CP7_after_upper_clamp,   1,    0.0000000000E+00,    9.4451394832E+00,    9.4451394832E+00,    0.0000000000E+00,    0.0000000000E+00,    0.0000000000E+00,    9.4451394832E+00
     29050,      0.676918,CP8_after_OBC,   1,    0.0000000000E+00,    9.4451394832E+00,    9.4451394832E+00,    0.0000000000E+00,    0.0000000000E+00,    0.0000000000E+00,    9.4451394832E+00
     29050,      0.676918,CP9_after_PTsource,   1,    0.0000000000E+00,    9.4451394832E+00,    9.4451394832E+00,    0.0000000000E+00,    0.0000000000E+00,    0.0000000000E+00,    9.4451394832E+00
     29050,      0.676918,CP10_after_neg_clamp,   1,    0.0000000000E+00,    9.4451394832E+00,    9.4451394832E+00,    0.0000000000E+00,    0.0000000000E+00,    0.0000000000E+00,    9.4451394832E+00
     29050,      0.676918,CP11_after_MPI,   1,    0.0000000000E+00,    9.4451394832E+00,    9.4451394832E+00,    0.0000000000E+00,    0.0000000000E+00,    0.0000000000E+00,    9.4451394832E+00
     29050,      0.676918,CP12_end,   1,    0.0000000000E+00,    9.4451394832E+00,    9.4451394832E+00,    0.0000000000E+00,    0.0000000000E+00,    0.0000000000E+00,    9.4451394832E+00
     29100,      0.676918,CP0_start,   1,    0.0000000000E+00,    9.4776684760E+00,    9.4776684760E+00,    0.0000000000E+00,    0.0000000000E+00,    0.0000000000E+00,    9.4776684760E+00
     29100,      0.676918,CP1_after_deposition,   1,    0.0000000000E+00,    9.4776684760E+00,    9.4776684760E+00,    0.0000000000E+00,    0.0000000000E+00,    0.0000000000E+00,    9.4776684760E+00
     29100,      0.676918,CP2_after_erosion,   1,    0.0000000000E+00,    9.4776684760E+00,    9.4776684760E+00,    0.0000000000E+00,    0.0000000000E+00,    0.0000000000E+00,    9.4776684760E+00
     29100,      0.676918,CP3_after_update_bottom,   1,    0.0000000000E+00,    9.4776684760E+00,    9.4776684760E+00,    0.0000000000E+00,    0.0000000000E+00,    0.0000000000E+00,    9.4776684760E+00
     29100,      0.676918,CP4_after_advection,   1,    0.0000000000E+00,    9.4782878277E+00,    9.4782878277E+00,    0.0000000000E+00,    0.0000000000E+00,    0.0000000000E+00,    9.4782878277E+00
     29100,      0.676918,CP5_after_vdif,   1,    0.0000000000E+00,    9.4782878277E+00,    9.4782878277E+00,    0.0000000000E+00,    0.0000000000E+00,    0.0000000000E+00,    9.4782878277E+00
     29100,      0.676918,CP6_after_kinetics,   1,    0.0000000000E+00,    9.4782878277E+00,    9.4782878277E+00,    0.0000000000E+00,    0.0000000000E+00,    0.0000000000E+00,    9.4782878277E+00
     29100,      0.676918,CP7_after_upper_clamp,   1,    0.0000000000E+00,    9.4782878277E+00,    9.4782878277E+00,    0.0000000000E+00,    0.0000000000E+00,    0.0000000000E+00,    9.4782878277E+00
     29100,      0.676918,CP8_after_OBC,   1,    0.0000000000E+00,    9.4782878277E+00,    9.4782878277E+00,    0.0000000000E+00,    0.0000000000E+00,    0.0000000000E+00,    9.4782878277E+00
     29100,      0.676918,CP9_after_PTsource,   1,    0.0000000000E+00,    9.4782878277E+00,    9.4782878277E+00,    0.0000000000E+00,    0.0000000000E+00,    0.0000000000E+00,    9.4782878277E+00
     29100,      0.676918,CP10_after_neg_clamp,   1,    0.0000000000E+00,    9.4782878277E+00,    9.4782878277E+00,    0.0000000000E+00,    0.0000000000E+00,    0.0000000000E+00,    9.4782878277E+00
     29100,      0.676918,CP11_after_MPI,   1,    0.0000000000E+00,    9.4782878277E+00,    9.4782878277E+00,    0.0000000000E+00,    0.0000000000E+00,    0.0000000000E+00,    9.4782878277E+00
     29100,      0.676918,CP12_end,   1,    0.0000000000E+00,    9.4782878277E+00,    9.4782878277E+00,    0.0000000000E+00,    0.0000000000E+00,    0.0000000000E+00,    9.4782878277E+00
     29150,      0.676918,CP0_start,   1,    0.0000000000E+00,    9.5108246158E+00,    9.5108246158E+00,    0.0000000000E+00,    0.0000000000E+00,    0.0000000000E+00,    9.5108246158E+00
     29150,      0.676918,CP1_after_deposition,   1,    0.0000000000E+00,    9.5108246158E+00,    9.5108246158E+00,    0.0000000000E+00,    0.0000000000E+00,    0.0000000000E+00,    9.5108246158E+00
     29150,      0.676918,CP2_after_erosion,   1,    0.0000000000E+00,    9.5108246158E+00,    9.5108246158E+00,    0.0000000000E+00,    0.0000000000E+00,    0.0000000000E+00,    9.5108246158E+00
     29150,      0.676918,CP3_after_update_bottom,   1,    0.0000000000E+00,    9.5108246158E+00,    9.5108246158E+00,    0.0000000000E+00,    0.0000000000E+00,    0.0000000000E+00,    9.5108246158E+00
     29150,      0.676918,CP4_after_advection,   1,    0.0000000000E+00,    9.5114451377E+00,    9.5114451377E+00,    0.0000000000E+00,    0.0000000000E+00,    0.0000000000E+00,    9.5114451377E+00
     29150,      0.676918,CP5_after_vdif,   1,    0.0000000000E+00,    9.5114451377E+00,    9.5114451377E+00,    0.0000000000E+00,    0.0000000000E+00,    0.0000000000E+00,    9.5114451377E+00
     29150,      0.676918,CP6_after_kinetics,   1,    0.0000000000E+00,    9.5114451377E+00,    9.5114451377E+00,    0.0000000000E+00,    0.0000000000E+00,    0.0000000000E+00,    9.5114451377E+00
     29150,      0.676918,CP7_after_upper_clamp,   1,    0.0000000000E+00,    9.5114451377E+00,    9.5114451377E+00,    0.0000000000E+00,    0.0000000000E+00,    0.0000000000E+00,    9.5114451377E+00
     29150,      0.676918,CP8_after_OBC,   1,    0.0000000000E+00,    9.5114451377E+00,    9.5114451377E+00,    0.0000000000E+00,    0.0000000000E+00,    0.0000000000E+00,    9.5114451377E+00
     29150,      0.676918,CP9_after_PTsource,   1,    0.0000000000E+00,    9.5114451377E+00,    9.5114451377E+00,    0.0000000000E+00,    0.0000000000E+00,    0.0000000000E+00,    9.5114451377E+00
     29150,      0.676918,CP10_after_neg_clamp,   1,    0.0000000000E+00,    9.5114451377E+00,    9.5114451377E+00,    0.0000000000E+00,    0.0000000000E+00,    0.0000000000E+00,    9.5114451377E+00
     29150,      0.676918,CP11_after_MPI,   1,    0.0000000000E+00,    9.5114451377E+00,    9.5114451377E+00,    0.0000000000E+00,    0.0000000000E+00,    0.0000000000E+00,    9.5114451377E+00
     29150,      0.676918,CP12_end,   1,    0.0000000000E+00,    9.5114451377E+00,    9.5114451377E+00,    0.0000000000E+00,    0.0000000000E+00,    0.0000000000E+00,    9.5114451377E+00
     29200,      0.676918,CP0_start,   1,    0.0000000000E+00,    9.5439940060E+00,    9.5439940060E+00,    0.0000000000E+00,    0.0000000000E+00,    0.0000000000E+00,    9.5439940060E+00
     29200,      0.676918,CP1_after_deposition,   1,    0.0000000000E+00,    9.5439940060E+00,    9.5439940060E+00,    0.0000000000E+00,    0.0000000000E+00,    0.0000000000E+00,    9.5439940060E+00
     29200,      0.676918,CP2_after_erosion,   1,    0.0000000000E+00,    9.5439940060E+00,    9.5439940060E+00,    0.0000000000E+00,    0.0000000000E+00,    0.0000000000E+00,    9.5439940060E+00
     29200,      0.676918,CP3_after_update_bottom,   1,    0.0000000000E+00,    9.5439940060E+00,    9.5439940060E+00,    0.0000000000E+00,    0.0000000000E+00,    0.0000000000E+00,    9.5439940060E+00
     29200,      0.676918,CP4_after_advection,   1,    0.0000000000E+00,    9.5446169851E+00,    9.5446169851E+00,    0.0000000000E+00,    0.0000000000E+00,    0.0000000000E+00,    9.5446169851E+00
     29200,      0.676918,CP5_after_vdif,   1,    0.0000000000E+00,    9.5446169851E+00,    9.5446169851E+00,    0.0000000000E+00,    0.0000000000E+00,    0.0000000000E+00,    9.5446169851E+00
     29200,      0.676918,CP6_after_kinetics,   1,    0.0000000000E+00,    9.5446169851E+00,    9.5446169851E+00,    0.0000000000E+00,    0.0000000000E+00,    0.0000000000E+00,    9.5446169851E+00
     29200,      0.676918,CP7_after_upper_clamp,   1,    0.0000000000E+00,    9.5446169851E+00,    9.5446169851E+00,    0.0000000000E+00,    0.0000000000E+00,    0.0000000000E+00,    9.5446169851E+00
     29200,      0.676918,CP8_after_OBC,   1,    0.0000000000E+00,    9.5446169851E+00,    9.5446169851E+00,    0.0000000000E+00,    0.0000000000E+00,    0.0000000000E+00,    9.5446169851E+00
     29200,      0.676918,CP9_after_PTsource,   1,    0.0000000000E+00,    9.5446169851E+00,    9.5446169851E+00,    0.0000000000E+00,    0.0000000000E+00,    0.0000000000E+00,    9.5446169851E+00
     29200,      0.676918,CP10_after_neg_clamp,   1,    0.0000000000E+00,    9.5446169851E+00,    9.5446169851E+00,    0.0000000000E+00,    0.0000000000E+00,    0.0000000000E+00,    9.5446169851E+00
     29200,      0.676918,CP11_after_MPI,   1,    0.0000000000E+00,    9.5446169851E+00,    9.5446169851E+00,    0.0000000000E+00,    0.0000000000E+00,    0.0000000000E+00,    9.5446169851E+00
     29200,      0.676918,CP12_end,   1,    0.0000000000E+00,    9.5446169851E+00,    9.5446169851E+00,    0.0000000000E+00,    0.0000000000E+00,    0.0000000000E+00,    9.5446169851E+00
     29250,      0.676918,CP0_start,   1,    0.0000000000E+00,    9.5771692096E+00,    9.5771692096E+00,    0.0000000000E+00,    0.0000000000E+00,    0.0000000000E+00,    9.5771692096E+00
     29250,      0.676918,CP1_after_deposition,   1,    0.0000000000E+00,    9.5771692096E+00,    9.5771692096E+00,    0.0000000000E+00,    0.0000000000E+00,    0.0000000000E+00,    9.5771692096E+00
     29250,      0.676918,CP2_after_erosion,   1,    0.0000000000E+00,    9.5771692096E+00,    9.5771692096E+00,    0.0000000000E+00,    0.0000000000E+00,    0.0000000000E+00,    9.5771692096E+00
     29250,      0.676918,CP3_after_update_bottom,   1,    0.0000000000E+00,    9.5771692096E+00,    9.5771692096E+00,    0.0000000000E+00,    0.0000000000E+00,    0.0000000000E+00,    9.5771692096E+00
     29250,      0.676918,CP4_after_advection,   1,    0.0000000000E+00,    9.5777941525E+00,    9.5777941525E+00,    0.0000000000E+00,    0.0000000000E+00,    0.0000000000E+00,    9.5777941525E+00
     29250,      0.676918,CP5_after_vdif,   1,    0.0000000000E+00,    9.5777941525E+00,    9.5777941525E+00,    0.0000000000E+00,    0.0000000000E+00,    0.0000000000E+00,    9.5777941525E+00
     29250,      0.676918,CP6_after_kinetics,   1,    0.0000000000E+00,    9.5777941525E+00,    9.5777941525E+00,    0.0000000000E+00,    0.0000000000E+00,    0.0000000000E+00,    9.5777941525E+00
     29250,      0.676918,CP7_after_upper_clamp,   1,    0.0000000000E+00,    9.5777941525E+00,    9.5777941525E+00,    0.0000000000E+00,    0.0000000000E+00,    0.0000000000E+00,    9.5777941525E+00
     29250,      0.676918,CP8_after_OBC,   1,    0.0000000000E+00,    9.5777941525E+00,    9.5777941525E+00,    0.0000000000E+00,    0.0000000000E+00,    0.0000000000E+00,    9.5777941525E+00
     29250,      0.676918,CP9_after_PTsource,   1,    0.0000000000E+00,    9.5777941525E+00,    9.5777941525E+00,    0.0000000000E+00,    0.0000000000E+00,    0.0000000000E+00,    9.5777941525E+00
     29250,      0.676918,CP10_after_neg_clamp,   1,    0.0000000000E+00,    9.5777941525E+00,    9.5777941525E+00,    0.0000000000E+00,    0.0000000000E+00,    0.0000000000E+00,    9.5777941525E+00
     29250,      0.676918,CP11_after_MPI,   1,    0.0000000000E+00,    9.5777941525E+00,    9.5777941525E+00,    0.0000000000E+00,    0.0000000000E+00,    0.0000000000E+00,    9.5777941525E+00
     29250,      0.676918,CP12_end,   1,    0.0000000000E+00,    9.5777941525E+00,    9.5777941525E+00,    0.0000000000E+00,    0.0000000000E+00,    0.0000000000E+00,    9.5777941525E+00
     29300,      0.676918,CP0_start,   1,    0.0000000000E+00,    9.6103567485E+00,    9.6103567485E+00,    0.0000000000E+00,    0.0000000000E+00,    0.0000000000E+00,    9.6103567485E+00
     29300,      0.676918,CP1_after_deposition,   1,    0.0000000000E+00,    9.6103567485E+00,    9.6103567485E+00,    0.0000000000E+00,    0.0000000000E+00,    0.0000000000E+00,    9.6103567485E+00
     29300,      0.676918,CP2_after_erosion,   1,    0.0000000000E+00,    9.6103567485E+00,    9.6103567485E+00,    0.0000000000E+00,    0.0000000000E+00,    0.0000000000E+00,    9.6103567485E+00
     29300,      0.676918,CP3_after_update_bottom,   1,    0.0000000000E+00,    9.6103567485E+00,    9.6103567485E+00,    0.0000000000E+00,    0.0000000000E+00,    0.0000000000E+00,    9.6103567485E+00
     29300,      0.676918,CP4_after_advection,   1,    0.0000000000E+00,    9.6109843757E+00,    9.6109843757E+00,    0.0000000000E+00,    0.0000000000E+00,    0.0000000000E+00,    9.6109843757E+00
     29300,      0.676918,CP5_after_vdif,   1,    0.0000000000E+00,    9.6109843757E+00,    9.6109843757E+00,    0.0000000000E+00,    0.0000000000E+00,    0.0000000000E+00,    9.6109843757E+00
     29300,      0.676918,CP6_after_kinetics,   1,    0.0000000000E+00,    9.6109843757E+00,    9.6109843757E+00,    0.0000000000E+00,    0.0000000000E+00,    0.0000000000E+00,    9.6109843757E+00
     29300,      0.676918,CP7_after_upper_clamp,   1,    0.0000000000E+00,    9.6109843757E+00,    9.6109843757E+00,    0.0000000000E+00,    0.0000000000E+00,    0.0000000000E+00,    9.6109843757E+00
     29300,      0.676918,CP8_after_OBC,   1,    0.0000000000E+00,    9.6109843757E+00,    9.6109843757E+00,    0.0000000000E+00,    0.0000000000E+00,    0.0000000000E+00,    9.6109843757E+00
     29300,      0.676918,CP9_after_PTsource,   1,    0.0000000000E+00,    9.6109843757E+00,    9.6109843757E+00,    0.0000000000E+00,    0.0000000000E+00,    0.0000000000E+00,    9.6109843757E+00
     29300,      0.676918,CP10_after_neg_clamp,   1,    0.0000000000E+00,    9.6109843757E+00,    9.6109843757E+00,    0.0000000000E+00,    0.0000000000E+00,    0.0000000000E+00,    9.6109843757E+00
     29300,      0.676918,CP11_after_MPI,   1,    0.0000000000E+00,    9.6109843757E+00,    9.6109843757E+00,    0.0000000000E+00,    0.0000000000E+00,    0.0000000000E+00,    9.6109843757E+00
     29300,      0.676918,CP12_end,   1,    0.0000000000E+00,    9.6109843757E+00,    9.6109843757E+00,    0.0000000000E+00,    0.0000000000E+00,    0.0000000000E+00,    9.6109843757E+00
     29350,      0.676918,CP0_start,   1,    0.0000000000E+00,    9.6435565991E+00,    9.6435565991E+00,    0.0000000000E+00,    0.0000000000E+00,    0.0000000000E+00,    9.6435565991E+00
     29350,      0.676918,CP1_after_deposition,   1,    0.0000000000E+00,    9.6435565991E+00,    9.6435565991E+00,    0.0000000000E+00,    0.0000000000E+00,    0.0000000000E+00,    9.6435565991E+00
     29350,      0.676918,CP2_after_erosion,   1,    0.0000000000E+00,    9.6435565991E+00,    9.6435565991E+00,    0.0000000000E+00,    0.0000000000E+00,    0.0000000000E+00,    9.6435565991E+00
     29350,      0.676918,CP3_after_update_bottom,   1,    0.0000000000E+00,    9.6435565991E+00,    9.6435565991E+00,    0.0000000000E+00,    0.0000000000E+00,    0.0000000000E+00,    9.6435565991E+00
     29350,      0.676918,CP4_after_advection,   1,    0.0000000000E+00,    9.6441861627E+00,    9.6441861627E+00,    0.0000000000E+00,    0.0000000000E+00,    0.0000000000E+00,    9.6441861627E+00
     29350,      0.676918,CP5_after_vdif,   1,    0.0000000000E+00,    9.6441861627E+00,    9.6441861627E+00,    0.0000000000E+00,    0.0000000000E+00,    0.0000000000E+00,    9.6441861627E+00
     29350,      0.676918,CP6_after_kinetics,   1,    0.0000000000E+00,    9.6441861627E+00,    9.6441861627E+00,    0.0000000000E+00,    0.0000000000E+00,    0.0000000000E+00,    9.6441861627E+00
     29350,      0.676918,CP7_after_upper_clamp,   1,    0.0000000000E+00,    9.6441861627E+00,    9.6441861627E+00,    0.0000000000E+00,    0.0000000000E+00,    0.0000000000E+00,    9.6441861627E+00
     29350,      0.676918,CP8_after_OBC,   1,    0.0000000000E+00,    9.6441861627E+00,    9.6441861627E+00,    0.0000000000E+00,    0.0000000000E+00,    0.0000000000E+00,    9.6441861627E+00
     29350,      0.676918,CP9_after_PTsource,   1,    0.0000000000E+00,    9.6441861627E+00,    9.6441861627E+00,    0.0000000000E+00,    0.0000000000E+00,    0.0000000000E+00,    9.6441861627E+00
     29350,      0.676918,CP10_after_neg_clamp,   1,    0.0000000000E+00,    9.6441861627E+00,    9.6441861627E+00,    0.0000000000E+00,    0.0000000000E+00,    0.0000000000E+00,    9.6441861627E+00
     29350,      0.676918,CP11_after_MPI,   1,    0.0000000000E+00,    9.6441861627E+00,    9.6441861627E+00,    0.0000000000E+00,    0.0000000000E+00,    0.0000000000E+00,    9.6441861627E+00
     29350,      0.676918,CP12_end,   1,    0.0000000000E+00,    9.6441861627E+00,    9.6441861627E+00,    0.0000000000E+00,    0.0000000000E+00,    0.0000000000E+00,    9.6441861627E+00
     29400,      0.676918,CP0_start,   1,    0.0000000000E+00,    9.6767728391E+00,    9.6767728391E+00,    0.0000000000E+00,    0.0000000000E+00,    0.0000000000E+00,    9.6767728391E+00
     29400,      0.676918,CP1_after_deposition,   1,    0.0000000000E+00,    9.6767728391E+00,    9.6767728391E+00,    0.0000000000E+00,    0.0000000000E+00,    0.0000000000E+00,    9.6767728391E+00
     29400,      0.676918,CP2_after_erosion,   1,    0.0000000000E+00,    9.6767728391E+00,    9.6767728391E+00,    0.0000000000E+00,    0.0000000000E+00,    0.0000000000E+00,    9.6767728391E+00
     29400,      0.676918,CP3_after_update_bottom,   1,    0.0000000000E+00,    9.6767728391E+00,    9.6767728391E+00,    0.0000000000E+00,    0.0000000000E+00,    0.0000000000E+00,    9.6767728391E+00
     29400,      0.676918,CP4_after_advection,   1,    0.0000000000E+00,    9.6774038316E+00,    9.6774038316E+00,    0.0000000000E+00,    0.0000000000E+00,    0.0000000000E+00,    9.6774038316E+00
     29400,      0.676918,CP5_after_vdif,   1,    0.0000000000E+00,    9.6774038316E+00,    9.6774038316E+00,    0.0000000000E+00,    0.0000000000E+00,    0.0000000000E+00,    9.6774038316E+00
     29400,      0.676918,CP6_after_kinetics,   1,    0.0000000000E+00,    9.6774038316E+00,    9.6774038316E+00,    0.0000000000E+00,    0.0000000000E+00,    0.0000000000E+00,    9.6774038316E+00
     29400,      0.676918,CP7_after_upper_clamp,   1,    0.0000000000E+00,    9.6774038316E+00,    9.6774038316E+00,    0.0000000000E+00,    0.0000000000E+00,    0.0000000000E+00,    9.6774038316E+00
     29400,      0.676918,CP8_after_OBC,   1,    0.0000000000E+00,    9.6774038316E+00,    9.6774038316E+00,    0.0000000000E+00,    0.0000000000E+00,    0.0000000000E+00,    9.6774038316E+00
     29400,      0.676918,CP9_after_PTsource,   1,    0.0000000000E+00,    9.6774038316E+00,    9.6774038316E+00,    0.0000000000E+00,    0.0000000000E+00,    0.0000000000E+00,    9.6774038316E+00
     29400,      0.676918,CP10_after_neg_clamp,   1,    0.0000000000E+00,    9.6774038316E+00,    9.6774038316E+00,    0.0000000000E+00,    0.0000000000E+00,    0.0000000000E+00,    9.6774038316E+00
     29400,      0.676918,CP11_after_MPI,   1,    0.0000000000E+00,    9.6774038316E+00,    9.6774038316E+00,    0.0000000000E+00,    0.0000000000E+00,    0.0000000000E+00,    9.6774038316E+00
     29400,      0.676918,CP12_end,   1,    0.0000000000E+00,    9.6774038316E+00,    9.6774038316E+00,    0.0000000000E+00,    0.0000000000E+00,    0.0000000000E+00,    9.6774038316E+00
     29450,      0.676918,CP0_start,   1,    0.0000000000E+00,    9.7100033080E+00,    9.7100033080E+00,    0.0000000000E+00,    0.0000000000E+00,    0.0000000000E+00,    9.7100033080E+00
     29450,      0.676918,CP1_after_deposition,   1,    0.0000000000E+00,    9.7100033080E+00,    9.7100033080E+00,    0.0000000000E+00,    0.0000000000E+00,    0.0000000000E+00,    9.7100033080E+00
     29450,      0.676918,CP2_after_erosion,   1,    0.0000000000E+00,    9.7100033080E+00,    9.7100033080E+00,    0.0000000000E+00,    0.0000000000E+00,    0.0000000000E+00,    9.7100033080E+00
     29450,      0.676918,CP3_after_update_bottom,   1,    0.0000000000E+00,    9.7100033080E+00,    9.7100033080E+00,    0.0000000000E+00,    0.0000000000E+00,    0.0000000000E+00,    9.7100033080E+00
     29450,      0.676918,CP4_after_advection,   1,    0.0000000000E+00,    9.7106370589E+00,    9.7106370589E+00,    0.0000000000E+00,    0.0000000000E+00,    0.0000000000E+00,    9.7106370589E+00
     29450,      0.676918,CP5_after_vdif,   1,    0.0000000000E+00,    9.7106370589E+00,    9.7106370589E+00,    0.0000000000E+00,    0.0000000000E+00,    0.0000000000E+00,    9.7106370589E+00
     29450,      0.676918,CP6_after_kinetics,   1,    0.0000000000E+00,    9.7106370589E+00,    9.7106370589E+00,    0.0000000000E+00,    0.0000000000E+00,    0.0000000000E+00,    9.7106370589E+00
     29450,      0.676918,CP7_after_upper_clamp,   1,    0.0000000000E+00,    9.7106370589E+00,    9.7106370589E+00,    0.0000000000E+00,    0.0000000000E+00,    0.0000000000E+00,    9.7106370589E+00
     29450,      0.676918,CP8_after_OBC,   1,    0.0000000000E+00,    9.7106370589E+00,    9.7106370589E+00,    0.0000000000E+00,    0.0000000000E+00,    0.0000000000E+00,    9.7106370589E+00
     29450,      0.676918,CP9_after_PTsource,   1,    0.0000000000E+00,    9.7106370589E+00,    9.7106370589E+00,    0.0000000000E+00,    0.0000000000E+00,    0.0000000000E+00,    9.7106370589E+00
     29450,      0.676918,CP10_after_neg_clamp,   1,    0.0000000000E+00,    9.7106370589E+00,    9.7106370589E+00,    0.0000000000E+00,    0.0000000000E+00,    0.0000000000E+00,    9.7106370589E+00
     29450,      0.676918,CP11_after_MPI,   1,    0.0000000000E+00,    9.7106370589E+00,    9.7106370589E+00,    0.0000000000E+00,    0.0000000000E+00,    0.0000000000E+00,    9.7106370589E+00
     29450,      0.676918,CP12_end,   1,    0.0000000000E+00,    9.7106370589E+00,    9.7106370589E+00,    0.0000000000E+00,    0.0000000000E+00,    0.0000000000E+00,    9.7106370589E+00
     29500,      0.676918,CP0_start,   1,    0.0000000000E+00,    9.7432592476E+00,    9.7432592476E+00,    0.0000000000E+00,    0.0000000000E+00,    0.0000000000E+00,    9.7432592476E+00
     29500,      0.676918,CP1_after_deposition,   1,    0.0000000000E+00,    9.7432592476E+00,    9.7432592476E+00,    0.0000000000E+00,    0.0000000000E+00,    0.0000000000E+00,    9.7432592476E+00
     29500,      0.676918,CP2_after_erosion,   1,    0.0000000000E+00,    9.7432592476E+00,    9.7432592476E+00,    0.0000000000E+00,    0.0000000000E+00,    0.0000000000E+00,    9.7432592476E+00
     29500,      0.676918,CP3_after_update_bottom,   1,    0.0000000000E+00,    9.7432592476E+00,    9.7432592476E+00,    0.0000000000E+00,    0.0000000000E+00,    0.0000000000E+00,    9.7432592476E+00
     29500,      0.676918,CP4_after_advection,   1,    0.0000000000E+00,    9.7438961413E+00,    9.7438961413E+00,    0.0000000000E+00,    0.0000000000E+00,    0.0000000000E+00,    9.7438961413E+00
     29500,      0.676918,CP5_after_vdif,   1,    0.0000000000E+00,    9.7438961413E+00,    9.7438961413E+00,    0.0000000000E+00,    0.0000000000E+00,    0.0000000000E+00,    9.7438961413E+00
     29500,      0.676918,CP6_after_kinetics,   1,    0.0000000000E+00,    9.7438961413E+00,    9.7438961413E+00,    0.0000000000E+00,    0.0000000000E+00,    0.0000000000E+00,    9.7438961413E+00
     29500,      0.676918,CP7_after_upper_clamp,   1,    0.0000000000E+00,    9.7438961413E+00,    9.7438961413E+00,    0.0000000000E+00,    0.0000000000E+00,    0.0000000000E+00,    9.7438961413E+00
     29500,      0.676918,CP8_after_OBC,   1,    0.0000000000E+00,    9.7438961413E+00,    9.7438961413E+00,    0.0000000000E+00,    0.0000000000E+00,    0.0000000000E+00,    9.7438961413E+00
     29500,      0.676918,CP9_after_PTsource,   1,    0.0000000000E+00,    9.7438961413E+00,    9.7438961413E+00,    0.0000000000E+00,    0.0000000000E+00,    0.0000000000E+00,    9.7438961413E+00
     29500,      0.676918,CP10_after_neg_clamp,   1,    0.0000000000E+00,    9.7438961413E+00,    9.7438961413E+00,    0.0000000000E+00,    0.0000000000E+00,    0.0000000000E+00,    9.7438961413E+00
     29500,      0.676918,CP11_after_MPI,   1,    0.0000000000E+00,    9.7438961413E+00,    9.7438961413E+00,    0.0000000000E+00,    0.0000000000E+00,    0.0000000000E+00,    9.7438961413E+00
     29500,      0.676918,CP12_end,   1,    0.0000000000E+00,    9.7438961413E+00,    9.7438961413E+00,    0.0000000000E+00,    0.0000000000E+00,    0.0000000000E+00,    9.7438961413E+00
     29550,      0.676918,CP0_start,   1,    0.0000000000E+00,    9.7765374811E+00,    9.7765374811E+00,    0.0000000000E+00,    0.0000000000E+00,    0.0000000000E+00,    9.7765374811E+00
     29550,      0.676918,CP1_after_deposition,   1,    0.0000000000E+00,    9.7765374811E+00,    9.7765374811E+00,    0.0000000000E+00,    0.0000000000E+00,    0.0000000000E+00,    9.7765374811E+00
     29550,      0.676918,CP2_after_erosion,   1,    0.0000000000E+00,    9.7765374811E+00,    9.7765374811E+00,    0.0000000000E+00,    0.0000000000E+00,    0.0000000000E+00,    9.7765374811E+00
     29550,      0.676918,CP3_after_update_bottom,   1,    0.0000000000E+00,    9.7765374811E+00,    9.7765374811E+00,    0.0000000000E+00,    0.0000000000E+00,    0.0000000000E+00,    9.7765374811E+00
     29550,      0.676918,CP4_after_advection,   1,    0.0000000000E+00,    9.7771769962E+00,    9.7771769962E+00,    0.0000000000E+00,    0.0000000000E+00,    0.0000000000E+00,    9.7771769962E+00
     29550,      0.676918,CP5_after_vdif,   1,    0.0000000000E+00,    9.7771769962E+00,    9.7771769962E+00,    0.0000000000E+00,    0.0000000000E+00,    0.0000000000E+00,    9.7771769962E+00
     29550,      0.676918,CP6_after_kinetics,   1,    0.0000000000E+00,    9.7771769962E+00,    9.7771769962E+00,    0.0000000000E+00,    0.0000000000E+00,    0.0000000000E+00,    9.7771769962E+00
     29550,      0.676918,CP7_after_upper_clamp,   1,    0.0000000000E+00,    9.7771769962E+00,    9.7771769962E+00,    0.0000000000E+00,    0.0000000000E+00,    0.0000000000E+00,    9.7771769962E+00
     29550,      0.676918,CP8_after_OBC,   1,    0.0000000000E+00,    9.7771769962E+00,    9.7771769962E+00,    0.0000000000E+00,    0.0000000000E+00,    0.0000000000E+00,    9.7771769962E+00
     29550,      0.676918,CP9_after_PTsource,   1,    0.0000000000E+00,    9.7771769962E+00,    9.7771769962E+00,    0.0000000000E+00,    0.0000000000E+00,    0.0000000000E+00,    9.7771769962E+00
     29550,      0.676918,CP10_after_neg_clamp,   1,    0.0000000000E+00,    9.7771769962E+00,    9.7771769962E+00,    0.0000000000E+00,    0.0000000000E+00,    0.0000000000E+00,    9.7771769962E+00
     29550,      0.676918,CP11_after_MPI,   1,    0.0000000000E+00,    9.7771769962E+00,    9.7771769962E+00,    0.0000000000E+00,    0.0000000000E+00,    0.0000000000E+00,    9.7771769962E+00
     29550,      0.676918,CP12_end,   1,    0.0000000000E+00,    9.7771769962E+00,    9.7771769962E+00,    0.0000000000E+00,    0.0000000000E+00,    0.0000000000E+00,    9.7771769962E+00
     29600,      0.676918,CP0_start,   1,    0.0000000000E+00,    9.8098413588E+00,    9.8098413588E+00,    0.0000000000E+00,    0.0000000000E+00,    0.0000000000E+00,    9.8098413588E+00
     29600,      0.676918,CP1_after_deposition,   1,    0.0000000000E+00,    9.8098413588E+00,    9.8098413588E+00,    0.0000000000E+00,    0.0000000000E+00,    0.0000000000E+00,    9.8098413588E+00
     29600,      0.676918,CP2_after_erosion,   1,    0.0000000000E+00,    9.8098413588E+00,    9.8098413588E+00,    0.0000000000E+00,    0.0000000000E+00,    0.0000000000E+00,    9.8098413588E+00
     29600,      0.676918,CP3_after_update_bottom,   1,    0.0000000000E+00,    9.8098413588E+00,    9.8098413588E+00,    0.0000000000E+00,    0.0000000000E+00,    0.0000000000E+00,    9.8098413588E+00
     29600,      0.676918,CP4_after_advection,   1,    0.0000000000E+00,    9.8104829813E+00,    9.8104829813E+00,    0.0000000000E+00,    0.0000000000E+00,    0.0000000000E+00,    9.8104829813E+00
     29600,      0.676918,CP5_after_vdif,   1,    0.0000000000E+00,    9.8104829813E+00,    9.8104829813E+00,    0.0000000000E+00,    0.0000000000E+00,    0.0000000000E+00,    9.8104829813E+00
     29600,      0.676918,CP6_after_kinetics,   1,    0.0000000000E+00,    9.8104829813E+00,    9.8104829813E+00,    0.0000000000E+00,    0.0000000000E+00,    0.0000000000E+00,    9.8104829813E+00
     29600,      0.676918,CP7_after_upper_clamp,   1,    0.0000000000E+00,    9.8104829813E+00,    9.8104829813E+00,    0.0000000000E+00,    0.0000000000E+00,    0.0000000000E+00,    9.8104829813E+00
     29600,      0.676918,CP8_after_OBC,   1,    0.0000000000E+00,    9.8104829813E+00,    9.8104829813E+00,    0.0000000000E+00,    0.0000000000E+00,    0.0000000000E+00,    9.8104829813E+00
     29600,      0.676918,CP9_after_PTsource,   1,    0.0000000000E+00,    9.8104829813E+00,    9.8104829813E+00,    0.0000000000E+00,    0.0000000000E+00,    0.0000000000E+00,    9.8104829813E+00
     29600,      0.676918,CP10_after_neg_clamp,   1,    0.0000000000E+00,    9.8104829813E+00,    9.8104829813E+00,    0.0000000000E+00,    0.0000000000E+00,    0.0000000000E+00,    9.8104829813E+00
     29600,      0.676918,CP11_after_MPI,   1,    0.0000000000E+00,    9.8104829813E+00,    9.8104829813E+00,    0.0000000000E+00,    0.0000000000E+00,    0.0000000000E+00,    9.8104829813E+00
     29600,      0.676918,CP12_end,   1,    0.0000000000E+00,    9.8104829813E+00,    9.8104829813E+00,    0.0000000000E+00,    0.0000000000E+00,    0.0000000000E+00,    9.8104829813E+00
     29650,      0.676918,CP0_start,   1,    0.0000000000E+00,    9.8431724530E+00,    9.8431724530E+00,    0.0000000000E+00,    0.0000000000E+00,    0.0000000000E+00,    9.8431724530E+00
     29650,      0.676918,CP1_after_deposition,   1,    0.0000000000E+00,    9.8431724530E+00,    9.8431724530E+00,    0.0000000000E+00,    0.0000000000E+00,    0.0000000000E+00,    9.8431724530E+00
     29650,      0.676918,CP2_after_erosion,   1,    0.0000000000E+00,    9.8431724530E+00,    9.8431724530E+00,    0.0000000000E+00,    0.0000000000E+00,    0.0000000000E+00,    9.8431724530E+00
     29650,      0.676918,CP3_after_update_bottom,   1,    0.0000000000E+00,    9.8431724530E+00,    9.8431724530E+00,    0.0000000000E+00,    0.0000000000E+00,    0.0000000000E+00,    9.8431724530E+00
     29650,      0.676918,CP4_after_advection,   1,    0.0000000000E+00,    9.8438184700E+00,    9.8438184700E+00,    0.0000000000E+00,    0.0000000000E+00,    0.0000000000E+00,    9.8438184700E+00
     29650,      0.676918,CP5_after_vdif,   1,    0.0000000000E+00,    9.8438184700E+00,    9.8438184700E+00,    0.0000000000E+00,    0.0000000000E+00,    0.0000000000E+00,    9.8438184700E+00
     29650,      0.676918,CP6_after_kinetics,   1,    0.0000000000E+00,    9.8438184700E+00,    9.8438184700E+00,    0.0000000000E+00,    0.0000000000E+00,    0.0000000000E+00,    9.8438184700E+00
     29650,      0.676918,CP7_after_upper_clamp,   1,    0.0000000000E+00,    9.8438184700E+00,    9.8438184700E+00,    0.0000000000E+00,    0.0000000000E+00,    0.0000000000E+00,    9.8438184700E+00
     29650,      0.676918,CP8_after_OBC,   1,    0.0000000000E+00,    9.8438184700E+00,    9.8438184700E+00,    0.0000000000E+00,    0.0000000000E+00,    0.0000000000E+00,    9.8438184700E+00
     29650,      0.676918,CP9_after_PTsource,   1,    0.0000000000E+00,    9.8438184700E+00,    9.8438184700E+00,    0.0000000000E+00,    0.0000000000E+00,    0.0000000000E+00,    9.8438184700E+00
     29650,      0.676918,CP10_after_neg_clamp,   1,    0.0000000000E+00,    9.8438184700E+00,    9.8438184700E+00,    0.0000000000E+00,    0.0000000000E+00,    0.0000000000E+00,    9.8438184700E+00
     29650,      0.676918,CP11_after_MPI,   1,    0.0000000000E+00,    9.8438184700E+00,    9.8438184700E+00,    0.0000000000E+00,    0.0000000000E+00,    0.0000000000E+00,    9.8438184700E+00
     29650,      0.676918,CP12_end,   1,    0.0000000000E+00,    9.8438184700E+00,    9.8438184700E+00,    0.0000000000E+00,    0.0000000000E+00,    0.0000000000E+00,    9.8438184700E+00
     29700,      0.676918,CP0_start,   1,    0.0000000000E+00,    9.8765331141E+00,    9.8765331141E+00,    0.0000000000E+00,    0.0000000000E+00,    0.0000000000E+00,    9.8765331141E+00
     29700,      0.676918,CP1_after_deposition,   1,    0.0000000000E+00,    9.8765331141E+00,    9.8765331141E+00,    0.0000000000E+00,    0.0000000000E+00,    0.0000000000E+00,    9.8765331141E+00
     29700,      0.676918,CP2_after_erosion,   1,    0.0000000000E+00,    9.8765331141E+00,    9.8765331141E+00,    0.0000000000E+00,    0.0000000000E+00,    0.0000000000E+00,    9.8765331141E+00
     29700,      0.676918,CP3_after_update_bottom,   1,    0.0000000000E+00,    9.8765331141E+00,    9.8765331141E+00,    0.0000000000E+00,    0.0000000000E+00,    0.0000000000E+00,    9.8765331141E+00
     29700,      0.676918,CP4_after_advection,   1,    0.0000000000E+00,    9.8771823293E+00,    9.8771823293E+00,    0.0000000000E+00,    0.0000000000E+00,    0.0000000000E+00,    9.8771823293E+00
     29700,      0.676918,CP5_after_vdif,   1,    0.0000000000E+00,    9.8771823293E+00,    9.8771823293E+00,    0.0000000000E+00,    0.0000000000E+00,    0.0000000000E+00,    9.8771823293E+00
     29700,      0.676918,CP6_after_kinetics,   1,    0.0000000000E+00,    9.8771823293E+00,    9.8771823293E+00,    0.0000000000E+00,    0.0000000000E+00,    0.0000000000E+00,    9.8771823293E+00
     29700,      0.676918,CP7_after_upper_clamp,   1,    0.0000000000E+00,    9.8771823293E+00,    9.8771823293E+00,    0.0000000000E+00,    0.0000000000E+00,    0.0000000000E+00,    9.8771823293E+00
     29700,      0.676918,CP8_after_OBC,   1,    0.0000000000E+00,    9.8771823293E+00,    9.8771823293E+00,    0.0000000000E+00,    0.0000000000E+00,    0.0000000000E+00,    9.8771823293E+00
     29700,      0.676918,CP9_after_PTsource,   1,    0.0000000000E+00,    9.8771823293E+00,    9.8771823293E+00,    0.0000000000E+00,    0.0000000000E+00,    0.0000000000E+00,    9.8771823293E+00
     29700,      0.676918,CP10_after_neg_clamp,   1,    0.0000000000E+00,    9.8771823293E+00,    9.8771823293E+00,    0.0000000000E+00,    0.0000000000E+00,    0.0000000000E+00,    9.8771823293E+00
     29700,      0.676918,CP11_after_MPI,   1,    0.0000000000E+00,    9.8771823293E+00,    9.8771823293E+00,    0.0000000000E+00,    0.0000000000E+00,    0.0000000000E+00,    9.8771823293E+00
     29700,      0.676918,CP12_end,   1,    0.0000000000E+00,    9.8771823293E+00,    9.8771823293E+00,    0.0000000000E+00,    0.0000000000E+00,    0.0000000000E+00,    9.8771823293E+00
     29750,      0.676918,CP0_start,   1,    0.0000000000E+00,    9.9099941743E+00,    9.9099941743E+00,    0.0000000000E+00,    0.0000000000E+00,    0.0000000000E+00,    9.9099941743E+00
     29750,      0.676918,CP1_after_deposition,   1,    0.0000000000E+00,    9.9099941743E+00,    9.9099941743E+00,    0.0000000000E+00,    0.0000000000E+00,    0.0000000000E+00,    9.9099941743E+00
     29750,      0.676918,CP2_after_erosion,   1,    0.0000000000E+00,    9.9099941743E+00,    9.9099941743E+00,    0.0000000000E+00,    0.0000000000E+00,    0.0000000000E+00,    9.9099941743E+00
     29750,      0.676918,CP3_after_update_bottom,   1,    0.0000000000E+00,    9.9099941743E+00,    9.9099941743E+00,    0.0000000000E+00,    0.0000000000E+00,    0.0000000000E+00,    9.9099941743E+00
     29750,      0.676918,CP4_after_advection,   1,    0.0000000000E+00,    9.9106466051E+00,    9.9106466051E+00,    0.0000000000E+00,    0.0000000000E+00,    0.0000000000E+00,    9.9106466051E+00
     29750,      0.676918,CP5_after_vdif,   1,    0.0000000000E+00,    9.9106466051E+00,    9.9106466051E+00,    0.0000000000E+00,    0.0000000000E+00,    0.0000000000E+00,    9.9106466051E+00
     29750,      0.676918,CP6_after_kinetics,   1,    0.0000000000E+00,    9.9106466051E+00,    9.9106466051E+00,    0.0000000000E+00,    0.0000000000E+00,    0.0000000000E+00,    9.9106466051E+00
     29750,      0.676918,CP7_after_upper_clamp,   1,    0.0000000000E+00,    9.9106466051E+00,    9.9106466051E+00,    0.0000000000E+00,    0.0000000000E+00,    0.0000000000E+00,    9.9106466051E+00
     29750,      0.676918,CP8_after_OBC,   1,    0.0000000000E+00,    9.9106466051E+00,    9.9106466051E+00,    0.0000000000E+00,    0.0000000000E+00,    0.0000000000E+00,    9.9106466051E+00
     29750,      0.676918,CP9_after_PTsource,   1,    0.0000000000E+00,    9.9106466051E+00,    9.9106466051E+00,    0.0000000000E+00,    0.0000000000E+00,    0.0000000000E+00,    9.9106466051E+00
     29750,      0.676918,CP10_after_neg_clamp,   1,    0.0000000000E+00,    9.9106466051E+00,    9.9106466051E+00,    0.0000000000E+00,    0.0000000000E+00,    0.0000000000E+00,    9.9106466051E+00
     29750,      0.676918,CP11_after_MPI,   1,    0.0000000000E+00,    9.9106466051E+00,    9.9106466051E+00,    0.0000000000E+00,    0.0000000000E+00,    0.0000000000E+00,    9.9106466051E+00
     29750,      0.676918,CP12_end,   1,    0.0000000000E+00,    9.9106466051E+00,    9.9106466051E+00,    0.0000000000E+00,    0.0000000000E+00,    0.0000000000E+00,    9.9106466051E+00
     29800,      0.676918,CP0_start,   1,    0.0000000000E+00,    9.9434926976E+00,    9.9434926976E+00,    0.0000000000E+00,    0.0000000000E+00,    0.0000000000E+00,    9.9434926976E+00
     29800,      0.676918,CP1_after_deposition,   1,    0.0000000000E+00,    9.9434926976E+00,    9.9434926976E+00,    0.0000000000E+00,    0.0000000000E+00,    0.0000000000E+00,    9.9434926976E+00
     29800,      0.676918,CP2_after_erosion,   1,    0.0000000000E+00,    9.9434926976E+00,    9.9434926976E+00,    0.0000000000E+00,    0.0000000000E+00,    0.0000000000E+00,    9.9434926976E+00
     29800,      0.676918,CP3_after_update_bottom,   1,    0.0000000000E+00,    9.9434926976E+00,    9.9434926976E+00,    0.0000000000E+00,    0.0000000000E+00,    0.0000000000E+00,    9.9434926976E+00
     29800,      0.676918,CP4_after_advection,   1,    0.0000000000E+00,    9.9441486734E+00,    9.9441486734E+00,    0.0000000000E+00,    0.0000000000E+00,    0.0000000000E+00,    9.9441486734E+00
     29800,      0.676918,CP5_after_vdif,   1,    0.0000000000E+00,    9.9441486734E+00,    9.9441486734E+00,    0.0000000000E+00,    0.0000000000E+00,    0.0000000000E+00,    9.9441486734E+00
     29800,      0.676918,CP6_after_kinetics,   1,    0.0000000000E+00,    9.9441486734E+00,    9.9441486734E+00,    0.0000000000E+00,    0.0000000000E+00,    0.0000000000E+00,    9.9441486734E+00
     29800,      0.676918,CP7_after_upper_clamp,   1,    0.0000000000E+00,    9.9441486734E+00,    9.9441486734E+00,    0.0000000000E+00,    0.0000000000E+00,    0.0000000000E+00,    9.9441486734E+00
     29800,      0.676918,CP8_after_OBC,   1,    0.0000000000E+00,    9.9441486734E+00,    9.9441486734E+00,    0.0000000000E+00,    0.0000000000E+00,    0.0000000000E+00,    9.9441486734E+00
     29800,      0.676918,CP9_after_PTsource,   1,    0.0000000000E+00,    9.9441486734E+00,    9.9441486734E+00,    0.0000000000E+00,    0.0000000000E+00,    0.0000000000E+00,    9.9441486734E+00
     29800,      0.676918,CP10_after_neg_clamp,   1,    0.0000000000E+00,    9.9441486734E+00,    9.9441486734E+00,    0.0000000000E+00,    0.0000000000E+00,    0.0000000000E+00,    9.9441486734E+00
     29800,      0.676918,CP11_after_MPI,   1,    0.0000000000E+00,    9.9441486734E+00,    9.9441486734E+00,    0.0000000000E+00,    0.0000000000E+00,    0.0000000000E+00,    9.9441486734E+00
     29800,      0.676918,CP12_end,   1,    0.0000000000E+00,    9.9441486734E+00,    9.9441486734E+00,    0.0000000000E+00,    0.0000000000E+00,    0.0000000000E+00,    9.9441486734E+00
     29850,      0.676918,CP0_start,   1,    0.0000000000E+00,    9.9770460498E+00,    9.9770460498E+00,    0.0000000000E+00,    0.0000000000E+00,    0.0000000000E+00,    9.9770460498E+00
     29850,      0.676918,CP1_after_deposition,   1,    0.0000000000E+00,    9.9770460498E+00,    9.9770460498E+00,    0.0000000000E+00,    0.0000000000E+00,    0.0000000000E+00,    9.9770460498E+00
     29850,      0.676918,CP2_after_erosion,   1,    0.0000000000E+00,    9.9770460498E+00,    9.9770460498E+00,    0.0000000000E+00,    0.0000000000E+00,    0.0000000000E+00,    9.9770460498E+00
     29850,      0.676918,CP3_after_update_bottom,   1,    0.0000000000E+00,    9.9770460498E+00,    9.9770460498E+00,    0.0000000000E+00,    0.0000000000E+00,    0.0000000000E+00,    9.9770460498E+00
     29850,      0.676918,CP4_after_advection,   1,    0.0000000000E+00,    9.9777046589E+00,    9.9777046589E+00,    0.0000000000E+00,    0.0000000000E+00,    0.0000000000E+00,    9.9777046589E+00
     29850,      0.676918,CP5_after_vdif,   1,    0.0000000000E+00,    9.9777046589E+00,    9.9777046589E+00,    0.0000000000E+00,    0.0000000000E+00,    0.0000000000E+00,    9.9777046589E+00
     29850,      0.676918,CP6_after_kinetics,   1,    0.0000000000E+00,    9.9777046589E+00,    9.9777046589E+00,    0.0000000000E+00,    0.0000000000E+00,    0.0000000000E+00,    9.9777046589E+00
     29850,      0.676918,CP7_after_upper_clamp,   1,    0.0000000000E+00,    9.9777046589E+00,    9.9777046589E+00,    0.0000000000E+00,    0.0000000000E+00,    0.0000000000E+00,    9.9777046589E+00
     29850,      0.676918,CP8_after_OBC,   1,    0.0000000000E+00,    9.9777046589E+00,    9.9777046589E+00,    0.0000000000E+00,    0.0000000000E+00,    0.0000000000E+00,    9.9777046589E+00
     29850,      0.676918,CP9_after_PTsource,   1,    0.0000000000E+00,    9.9777046589E+00,    9.9777046589E+00,    0.0000000000E+00,    0.0000000000E+00,    0.0000000000E+00,    9.9777046589E+00
     29850,      0.676918,CP10_after_neg_clamp,   1,    0.0000000000E+00,    9.9777046589E+00,    9.9777046589E+00,    0.0000000000E+00,    0.0000000000E+00,    0.0000000000E+00,    9.9777046589E+00
     29850,      0.676918,CP11_after_MPI,   1,    0.0000000000E+00,    9.9777046589E+00,    9.9777046589E+00,    0.0000000000E+00,    0.0000000000E+00,    0.0000000000E+00,    9.9777046589E+00
     29850,      0.676918,CP12_end,   1,    0.0000000000E+00,    9.9777046589E+00,    9.9777046589E+00,    0.0000000000E+00,    0.0000000000E+00,    0.0000000000E+00,    9.9777046589E+00
     29900,      0.676918,CP0_start,   1,    0.0000000000E+00,    1.0010621898E+01,    1.0010621898E+01,    0.0000000000E+00,    0.0000000000E+00,    0.0000000000E+00,    1.0010621898E+01
     29900,      0.676918,CP1_after_deposition,   1,    0.0000000000E+00,    1.0010621898E+01,    1.0010621898E+01,    0.0000000000E+00,    0.0000000000E+00,    0.0000000000E+00,    1.0010621898E+01
     29900,      0.676918,CP2_after_erosion,   1,    0.0000000000E+00,    1.0010621898E+01,    1.0010621898E+01,    0.0000000000E+00,    0.0000000000E+00,    0.0000000000E+00,    1.0010621898E+01
     29900,      0.676918,CP3_after_update_bottom,   1,    0.0000000000E+00,    1.0010621898E+01,    1.0010621898E+01,    0.0000000000E+00,    0.0000000000E+00,    0.0000000000E+00,    1.0010621898E+01
     29900,      0.676918,CP4_after_advection,   1,    0.0000000000E+00,    1.0011282797E+01,    1.0011282797E+01,    0.0000000000E+00,    0.0000000000E+00,    0.0000000000E+00,    1.0011282797E+01
     29900,      0.676918,CP5_after_vdif,   1,    0.0000000000E+00,    1.0011282797E+01,    1.0011282797E+01,    0.0000000000E+00,    0.0000000000E+00,    0.0000000000E+00,    1.0011282797E+01
     29900,      0.676918,CP6_after_kinetics,   1,    0.0000000000E+00,    1.0011282797E+01,    1.0011282797E+01,    0.0000000000E+00,    0.0000000000E+00,    0.0000000000E+00,    1.0011282797E+01
     29900,      0.676918,CP7_after_upper_clamp,   1,    0.0000000000E+00,    1.0011282797E+01,    1.0011282797E+01,    0.0000000000E+00,    0.0000000000E+00,    0.0000000000E+00,    1.0011282797E+01
     29900,      0.676918,CP8_after_OBC,   1,    0.0000000000E+00,    1.0011282797E+01,    1.0011282797E+01,    0.0000000000E+00,    0.0000000000E+00,    0.0000000000E+00,    1.0011282797E+01
     29900,      0.676918,CP9_after_PTsource,   1,    0.0000000000E+00,    1.0011282797E+01,    1.0011282797E+01,    0.0000000000E+00,    0.0000000000E+00,    0.0000000000E+00,    1.0011282797E+01
     29900,      0.676918,CP10_after_neg_clamp,   1,    0.0000000000E+00,    1.0011282797E+01,    1.0011282797E+01,    0.0000000000E+00,    0.0000000000E+00,    0.0000000000E+00,    1.0011282797E+01
     29900,      0.676918,CP11_after_MPI,   1,    0.0000000000E+00,    1.0011282797E+01,    1.0011282797E+01,    0.0000000000E+00,    0.0000000000E+00,    0.0000000000E+00,    1.0011282797E+01
     29900,      0.676918,CP12_end,   1,    0.0000000000E+00,    1.0011282797E+01,    1.0011282797E+01,    0.0000000000E+00,    0.0000000000E+00,    0.0000000000E+00,    1.0011282797E+01
     29950,      0.676918,CP0_start,   1,    0.0000000000E+00,    1.0044235007E+01,    1.0044235007E+01,    0.0000000000E+00,    0.0000000000E+00,    0.0000000000E+00,    1.0044235007E+01
     29950,      0.676918,CP1_after_deposition,   1,    0.0000000000E+00,    1.0044235007E+01,    1.0044235007E+01,    0.0000000000E+00,    0.0000000000E+00,    0.0000000000E+00,    1.0044235007E+01
     29950,      0.676918,CP2_after_erosion,   1,    0.0000000000E+00,    1.0044235007E+01,    1.0044235007E+01,    0.0000000000E+00,    0.0000000000E+00,    0.0000000000E+00,    1.0044235007E+01
     29950,      0.676918,CP3_after_update_bottom,   1,    0.0000000000E+00,    1.0044235007E+01,    1.0044235007E+01,    0.0000000000E+00,    0.0000000000E+00,    0.0000000000E+00,    1.0044235007E+01
     29950,      0.676918,CP4_after_advection,   1,    0.0000000000E+00,    1.0044899934E+01,    1.0044899934E+01,    0.0000000000E+00,    0.0000000000E+00,    0.0000000000E+00,    1.0044899934E+01
     29950,      0.676918,CP5_after_vdif,   1,    0.0000000000E+00,    1.0044899934E+01,    1.0044899934E+01,    0.0000000000E+00,    0.0000000000E+00,    0.0000000000E+00,    1.0044899934E+01
     29950,      0.676918,CP6_after_kinetics,   1,    0.0000000000E+00,    1.0044899934E+01,    1.0044899934E+01,    0.0000000000E+00,    0.0000000000E+00,    0.0000000000E+00,    1.0044899934E+01
     29950,      0.676918,CP7_after_upper_clamp,   1,    0.0000000000E+00,    1.0044899934E+01,    1.0044899934E+01,    0.0000000000E+00,    0.0000000000E+00,    0.0000000000E+00,    1.0044899934E+01
     29950,      0.676918,CP8_after_OBC,   1,    0.0000000000E+00,    1.0044899934E+01,    1.0044899934E+01,    0.0000000000E+00,    0.0000000000E+00,    0.0000000000E+00,    1.0044899934E+01
     29950,      0.676918,CP9_after_PTsource,   1,    0.0000000000E+00,    1.0044899934E+01,    1.0044899934E+01,    0.0000000000E+00,    0.0000000000E+00,    0.0000000000E+00,    1.0044899934E+01
     29950,      0.676918,CP10_after_neg_clamp,   1,    0.0000000000E+00,    1.0044899934E+01,    1.0044899934E+01,    0.0000000000E+00,    0.0000000000E+00,    0.0000000000E+00,    1.0044899934E+01
     29950,      0.676918,CP11_after_MPI,   1,    0.0000000000E+00,    1.0044899934E+01,    1.0044899934E+01,    0.0000000000E+00,    0.0000000000E+00,    0.0000000000E+00,    1.0044899934E+01
     29950,      0.676918,CP12_end,   1,    0.0000000000E+00,    1.0044899934E+01,    1.0044899934E+01,    0.0000000000E+00,    0.0000000000E+00,    0.0000000000E+00,    1.0044899934E+01
     30000,      0.676918,CP0_start,   1,    0.0000000000E+00,    1.0077912469E+01,    1.0077912469E+01,    0.0000000000E+00,    0.0000000000E+00,    0.0000000000E+00,    1.0077912469E+01
     30000,      0.676918,CP1_after_deposition,   1,    0.0000000000E+00,    1.0077912469E+01,    1.0077912469E+01,    0.0000000000E+00,    0.0000000000E+00,    0.0000000000E+00,    1.0077912469E+01
     30000,      0.676918,CP2_after_erosion,   1,    0.0000000000E+00,    1.0077912469E+01,    1.0077912469E+01,    0.0000000000E+00,    0.0000000000E+00,    0.0000000000E+00,    1.0077912469E+01
     30000,      0.676918,CP3_after_update_bottom,   1,    0.0000000000E+00,    1.0077912469E+01,    1.0077912469E+01,    0.0000000000E+00,    0.0000000000E+00,    0.0000000000E+00,    1.0077912469E+01
     30000,      0.676918,CP4_after_advection,   1,    0.0000000000E+00,    1.0078581737E+01,    1.0078581737E+01,    0.0000000000E+00,    0.0000000000E+00,    0.0000000000E+00,    1.0078581737E+01
     30000,      0.676918,CP5_after_vdif,   1,    0.0000000000E+00,    1.0078581737E+01,    1.0078581737E+01,    0.0000000000E+00,    0.0000000000E+00,    0.0000000000E+00,    1.0078581737E+01
     30000,      0.676918,CP6_after_kinetics,   1,    0.0000000000E+00,    1.0078581737E+01,    1.0078581737E+01,    0.0000000000E+00,    0.0000000000E+00,    0.0000000000E+00,    1.0078581737E+01
     30000,      0.676918,CP7_after_upper_clamp,   1,    0.0000000000E+00,    1.0078581737E+01,    1.0078581737E+01,    0.0000000000E+00,    0.0000000000E+00,    0.0000000000E+00,    1.0078581737E+01
     30000,      0.676918,CP8_after_OBC,   1,    0.0000000000E+00,    1.0078581737E+01,    1.0078581737E+01,    0.0000000000E+00,    0.0000000000E+00,    0.0000000000E+00,    1.0078581737E+01
     30000,      0.676918,CP9_after_PTsource,   1,    0.0000000000E+00,    1.0078581737E+01,    1.0078581737E+01,    0.0000000000E+00,    0.0000000000E+00,    0.0000000000E+00,    1.0078581737E+01
     30000,      0.676918,CP10_after_neg_clamp,   1,    0.0000000000E+00,    1.0078581737E+01,    1.0078581737E+01,    0.0000000000E+00,    0.0000000000E+00,    0.0000000000E+00,    1.0078581737E+01
     30000,      0.676918,CP11_after_MPI,   1,    0.0000000000E+00,    1.0078581737E+01,    1.0078581737E+01,    0.0000000000E+00,    0.0000000000E+00,    0.0000000000E+00,    1.0078581737E+01
     30000,      0.676918,CP12_end,   1,    0.0000000000E+00,    1.0078581737E+01,    1.0078581737E+01,    0.0000000000E+00,    0.0000000000E+00,    0.0000000000E+00,    1.0078581737E+01
     30050,      0.676918,CP0_start,   1,    0.0000000000E+00,    1.0111630432E+01,    1.0111630432E+01,    0.0000000000E+00,    0.0000000000E+00,    0.0000000000E+00,    1.0111630432E+01
     30050,      0.676918,CP1_after_deposition,   1,    0.0000000000E+00,    1.0111630432E+01,    1.0111630432E+01,    0.0000000000E+00,    0.0000000000E+00,    0.0000000000E+00,    1.0111630432E+01
     30050,      0.676918,CP2_after_erosion,   1,    0.0000000000E+00,    1.0111630432E+01,    1.0111630432E+01,    0.0000000000E+00,    0.0000000000E+00,    0.0000000000E+00,    1.0111630432E+01
     30050,      0.676918,CP3_after_update_bottom,   1,    0.0000000000E+00,    1.0111630432E+01,    1.0111630432E+01,    0.0000000000E+00,    0.0000000000E+00,    0.0000000000E+00,    1.0111630432E+01
     30050,      0.676918,CP4_after_advection,   1,    0.0000000000E+00,    1.0112303675E+01,    1.0112303675E+01,    0.0000000000E+00,    0.0000000000E+00,    0.0000000000E+00,    1.0112303675E+01
     30050,      0.676918,CP5_after_vdif,   1,    0.0000000000E+00,    1.0112303675E+01,    1.0112303675E+01,    0.0000000000E+00,    0.0000000000E+00,    0.0000000000E+00,    1.0112303675E+01
     30050,      0.676918,CP6_after_kinetics,   1,    0.0000000000E+00,    1.0112303675E+01,    1.0112303675E+01,    0.0000000000E+00,    0.0000000000E+00,    0.0000000000E+00,    1.0112303675E+01
     30050,      0.676918,CP7_after_upper_clamp,   1,    0.0000000000E+00,    1.0112303675E+01,    1.0112303675E+01,    0.0000000000E+00,    0.0000000000E+00,    0.0000000000E+00,    1.0112303675E+01
     30050,      0.676918,CP8_after_OBC,   1,    0.0000000000E+00,    1.0112303675E+01,    1.0112303675E+01,    0.0000000000E+00,    0.0000000000E+00,    0.0000000000E+00,    1.0112303675E+01
     30050,      0.676918,CP9_after_PTsource,   1,    0.0000000000E+00,    1.0112303675E+01,    1.0112303675E+01,    0.0000000000E+00,    0.0000000000E+00,    0.0000000000E+00,    1.0112303675E+01
     30050,      0.676918,CP10_after_neg_clamp,   1,    0.0000000000E+00,    1.0112303675E+01,    1.0112303675E+01,    0.0000000000E+00,    0.0000000000E+00,    0.0000000000E+00,    1.0112303675E+01
     30050,      0.676918,CP11_after_MPI,   1,    0.0000000000E+00,    1.0112303675E+01,    1.0112303675E+01,    0.0000000000E+00,    0.0000000000E+00,    0.0000000000E+00,    1.0112303675E+01
     30050,      0.676918,CP12_end,   1,    0.0000000000E+00,    1.0112303675E+01,    1.0112303675E+01,    0.0000000000E+00,    0.0000000000E+00,    0.0000000000E+00,    1.0112303675E+01
     30100,      0.676918,CP0_start,   1,    0.0000000000E+00,    1.0145395742E+01,    1.0145395742E+01,    0.0000000000E+00,    0.0000000000E+00,    0.0000000000E+00,    1.0145395742E+01
     30100,      0.676918,CP1_after_deposition,   1,    0.0000000000E+00,    1.0145395742E+01,    1.0145395742E+01,    0.0000000000E+00,    0.0000000000E+00,    0.0000000000E+00,    1.0145395742E+01
     30100,      0.676918,CP2_after_erosion,   1,    0.0000000000E+00,    1.0145395742E+01,    1.0145395742E+01,    0.0000000000E+00,    0.0000000000E+00,    0.0000000000E+00,    1.0145395742E+01
     30100,      0.676918,CP3_after_update_bottom,   1,    0.0000000000E+00,    1.0145395742E+01,    1.0145395742E+01,    0.0000000000E+00,    0.0000000000E+00,    0.0000000000E+00,    1.0145395742E+01
     30100,      0.676918,CP4_after_advection,   1,    0.0000000000E+00,    1.0146071935E+01,    1.0146071935E+01,    0.0000000000E+00,    0.0000000000E+00,    0.0000000000E+00,    1.0146071935E+01
     30100,      0.676918,CP5_after_vdif,   1,    0.0000000000E+00,    1.0146071935E+01,    1.0146071935E+01,    0.0000000000E+00,    0.0000000000E+00,    0.0000000000E+00,    1.0146071935E+01
     30100,      0.676918,CP6_after_kinetics,   1,    0.0000000000E+00,    1.0146071935E+01,    1.0146071935E+01,    0.0000000000E+00,    0.0000000000E+00,    0.0000000000E+00,    1.0146071935E+01
     30100,      0.676918,CP7_after_upper_clamp,   1,    0.0000000000E+00,    1.0146071935E+01,    1.0146071935E+01,    0.0000000000E+00,    0.0000000000E+00,    0.0000000000E+00,    1.0146071935E+01
     30100,      0.676918,CP8_after_OBC,   1,    0.0000000000E+00,    1.0146071935E+01,    1.0146071935E+01,    0.0000000000E+00,    0.0000000000E+00,    0.0000000000E+00,    1.0146071935E+01
     30100,      0.676918,CP9_after_PTsource,   1,    0.0000000000E+00,    1.0146071935E+01,    1.0146071935E+01,    0.0000000000E+00,    0.0000000000E+00,    0.0000000000E+00,    1.0146071935E+01
     30100,      0.676918,CP10_after_neg_clamp,   1,    0.0000000000E+00,    1.0146071935E+01,    1.0146071935E+01,    0.0000000000E+00,    0.0000000000E+00,    0.0000000000E+00,    1.0146071935E+01
     30100,      0.676918,CP11_after_MPI,   1,    0.0000000000E+00,    1.0146071935E+01,    1.0146071935E+01,    0.0000000000E+00,    0.0000000000E+00,    0.0000000000E+00,    1.0146071935E+01
     30100,      0.676918,CP12_end,   1,    0.0000000000E+00,    1.0146071935E+01,    1.0146071935E+01,    0.0000000000E+00,    0.0000000000E+00,    0.0000000000E+00,    1.0146071935E+01
     30150,      0.676918,CP0_start,   1,    0.0000000000E+00,    1.0179215775E+01,    1.0179215775E+01,    0.0000000000E+00,    0.0000000000E+00,    0.0000000000E+00,    1.0179215775E+01
     30150,      0.676918,CP1_after_deposition,   1,    0.0000000000E+00,    1.0179215775E+01,    1.0179215775E+01,    0.0000000000E+00,    0.0000000000E+00,    0.0000000000E+00,    1.0179215775E+01
     30150,      0.676918,CP2_after_erosion,   1,    0.0000000000E+00,    1.0179215775E+01,    1.0179215775E+01,    0.0000000000E+00,    0.0000000000E+00,    0.0000000000E+00,    1.0179215775E+01
     30150,      0.676918,CP3_after_update_bottom,   1,    0.0000000000E+00,    1.0179215775E+01,    1.0179215775E+01,    0.0000000000E+00,    0.0000000000E+00,    0.0000000000E+00,    1.0179215775E+01
     30150,      0.676918,CP4_after_advection,   1,    0.0000000000E+00,    1.0179896365E+01,    1.0179896365E+01,    0.0000000000E+00,    0.0000000000E+00,    0.0000000000E+00,    1.0179896365E+01
     30150,      0.676918,CP5_after_vdif,   1,    0.0000000000E+00,    1.0179896365E+01,    1.0179896365E+01,    0.0000000000E+00,    0.0000000000E+00,    0.0000000000E+00,    1.0179896365E+01
     30150,      0.676918,CP6_after_kinetics,   1,    0.0000000000E+00,    1.0179896365E+01,    1.0179896365E+01,    0.0000000000E+00,    0.0000000000E+00,    0.0000000000E+00,    1.0179896365E+01
     30150,      0.676918,CP7_after_upper_clamp,   1,    0.0000000000E+00,    1.0179896365E+01,    1.0179896365E+01,    0.0000000000E+00,    0.0000000000E+00,    0.0000000000E+00,    1.0179896365E+01
     30150,      0.676918,CP8_after_OBC,   1,    0.0000000000E+00,    1.0179896365E+01,    1.0179896365E+01,    0.0000000000E+00,    0.0000000000E+00,    0.0000000000E+00,    1.0179896365E+01
     30150,      0.676918,CP9_after_PTsource,   1,    0.0000000000E+00,    1.0179896365E+01,    1.0179896365E+01,    0.0000000000E+00,    0.0000000000E+00,    0.0000000000E+00,    1.0179896365E+01
     30150,      0.676918,CP10_after_neg_clamp,   1,    0.0000000000E+00,    1.0179896365E+01,    1.0179896365E+01,    0.0000000000E+00,    0.0000000000E+00,    0.0000000000E+00,    1.0179896365E+01
     30150,      0.676918,CP11_after_MPI,   1,    0.0000000000E+00,    1.0179896365E+01,    1.0179896365E+01,    0.0000000000E+00,    0.0000000000E+00,    0.0000000000E+00,    1.0179896365E+01
     30150,      0.676918,CP12_end,   1,    0.0000000000E+00,    1.0179896365E+01,    1.0179896365E+01,    0.0000000000E+00,    0.0000000000E+00,    0.0000000000E+00,    1.0179896365E+01
     30200,      0.676918,CP0_start,   1,    0.0000000000E+00,    1.0213086110E+01,    1.0213086110E+01,    0.0000000000E+00,    0.0000000000E+00,    0.0000000000E+00,    1.0213086110E+01
     30200,      0.676918,CP1_after_deposition,   1,    0.0000000000E+00,    1.0213086110E+01,    1.0213086110E+01,    0.0000000000E+00,    0.0000000000E+00,    0.0000000000E+00,    1.0213086110E+01
     30200,      0.676918,CP2_after_erosion,   1,    0.0000000000E+00,    1.0213086110E+01,    1.0213086110E+01,    0.0000000000E+00,    0.0000000000E+00,    0.0000000000E+00,    1.0213086110E+01
     30200,      0.676918,CP3_after_update_bottom,   1,    0.0000000000E+00,    1.0213086110E+01,    1.0213086110E+01,    0.0000000000E+00,    0.0000000000E+00,    0.0000000000E+00,    1.0213086110E+01
     30200,      0.676918,CP4_after_advection,   1,    0.0000000000E+00,    1.0213771579E+01,    1.0213771579E+01,    0.0000000000E+00,    0.0000000000E+00,    0.0000000000E+00,    1.0213771579E+01
     30200,      0.676918,CP5_after_vdif,   1,    0.0000000000E+00,    1.0213771579E+01,    1.0213771579E+01,    0.0000000000E+00,    0.0000000000E+00,    0.0000000000E+00,    1.0213771579E+01
     30200,      0.676918,CP6_after_kinetics,   1,    0.0000000000E+00,    1.0213771579E+01,    1.0213771579E+01,    0.0000000000E+00,    0.0000000000E+00,    0.0000000000E+00,    1.0213771579E+01
     30200,      0.676918,CP7_after_upper_clamp,   1,    0.0000000000E+00,    1.0213771579E+01,    1.0213771579E+01,    0.0000000000E+00,    0.0000000000E+00,    0.0000000000E+00,    1.0213771579E+01
     30200,      0.676918,CP8_after_OBC,   1,    0.0000000000E+00,    1.0213771579E+01,    1.0213771579E+01,    0.0000000000E+00,    0.0000000000E+00,    0.0000000000E+00,    1.0213771579E+01
     30200,      0.676918,CP9_after_PTsource,   1,    0.0000000000E+00,    1.0213771579E+01,    1.0213771579E+01,    0.0000000000E+00,    0.0000000000E+00,    0.0000000000E+00,    1.0213771579E+01
     30200,      0.676918,CP10_after_neg_clamp,   1,    0.0000000000E+00,    1.0213771579E+01,    1.0213771579E+01,    0.0000000000E+00,    0.0000000000E+00,    0.0000000000E+00,    1.0213771579E+01
     30200,      0.676918,CP11_after_MPI,   1,    0.0000000000E+00,    1.0213771579E+01,    1.0213771579E+01,    0.0000000000E+00,    0.0000000000E+00,    0.0000000000E+00,    1.0213771579E+01
     30200,      0.676918,CP12_end,   1,    0.0000000000E+00,    1.0213771579E+01,    1.0213771579E+01,    0.0000000000E+00,    0.0000000000E+00,    0.0000000000E+00,    1.0213771579E+01
     30250,      0.676918,CP0_start,   1,    0.0000000000E+00,    1.0247008195E+01,    1.0247008195E+01,    0.0000000000E+00,    0.0000000000E+00,    0.0000000000E+00,    1.0247008195E+01
     30250,      0.676918,CP1_after_deposition,   1,    0.0000000000E+00,    1.0247008195E+01,    1.0247008195E+01,    0.0000000000E+00,    0.0000000000E+00,    0.0000000000E+00,    1.0247008195E+01
     30250,      0.676918,CP2_after_erosion,   1,    0.0000000000E+00,    1.0247008195E+01,    1.0247008195E+01,    0.0000000000E+00,    0.0000000000E+00,    0.0000000000E+00,    1.0247008195E+01
     30250,      0.676918,CP3_after_update_bottom,   1,    0.0000000000E+00,    1.0247008195E+01,    1.0247008195E+01,    0.0000000000E+00,    0.0000000000E+00,    0.0000000000E+00,    1.0247008195E+01
     30250,      0.676918,CP4_after_advection,   1,    0.0000000000E+00,    1.0247696340E+01,    1.0247696340E+01,    0.0000000000E+00,    0.0000000000E+00,    0.0000000000E+00,    1.0247696340E+01
     30250,      0.676918,CP5_after_vdif,   1,    0.0000000000E+00,    1.0247696340E+01,    1.0247696340E+01,    0.0000000000E+00,    0.0000000000E+00,    0.0000000000E+00,    1.0247696340E+01
     30250,      0.676918,CP6_after_kinetics,   1,    0.0000000000E+00,    1.0247696340E+01,    1.0247696340E+01,    0.0000000000E+00,    0.0000000000E+00,    0.0000000000E+00,    1.0247696340E+01
     30250,      0.676918,CP7_after_upper_clamp,   1,    0.0000000000E+00,    1.0247696340E+01,    1.0247696340E+01,    0.0000000000E+00,    0.0000000000E+00,    0.0000000000E+00,    1.0247696340E+01
     30250,      0.676918,CP8_after_OBC,   1,    0.0000000000E+00,    1.0247696340E+01,    1.0247696340E+01,    0.0000000000E+00,    0.0000000000E+00,    0.0000000000E+00,    1.0247696340E+01
     30250,      0.676918,CP9_after_PTsource,   1,    0.0000000000E+00,    1.0247696340E+01,    1.0247696340E+01,    0.0000000000E+00,    0.0000000000E+00,    0.0000000000E+00,    1.0247696340E+01
     30250,      0.676918,CP10_after_neg_clamp,   1,    0.0000000000E+00,    1.0247696340E+01,    1.0247696340E+01,    0.0000000000E+00,    0.0000000000E+00,    0.0000000000E+00,    1.0247696340E+01
     30250,      0.676918,CP11_after_MPI,   1,    0.0000000000E+00,    1.0247696340E+01,    1.0247696340E+01,    0.0000000000E+00,    0.0000000000E+00,    0.0000000000E+00,    1.0247696340E+01
     30250,      0.676918,CP12_end,   1,    0.0000000000E+00,    1.0247696340E+01,    1.0247696340E+01,    0.0000000000E+00,    0.0000000000E+00,    0.0000000000E+00,    1.0247696340E+01
     30300,      0.676918,CP0_start,   1,    0.0000000000E+00,    1.0280989277E+01,    1.0280989277E+01,    0.0000000000E+00,    0.0000000000E+00,    0.0000000000E+00,    1.0280989277E+01
     30300,      0.676918,CP1_after_deposition,   1,    0.0000000000E+00,    1.0280989277E+01,    1.0280989277E+01,    0.0000000000E+00,    0.0000000000E+00,    0.0000000000E+00,    1.0280989277E+01
     30300,      0.676918,CP2_after_erosion,   1,    0.0000000000E+00,    1.0280989277E+01,    1.0280989277E+01,    0.0000000000E+00,    0.0000000000E+00,    0.0000000000E+00,    1.0280989277E+01
     30300,      0.676918,CP3_after_update_bottom,   1,    0.0000000000E+00,    1.0280989277E+01,    1.0280989277E+01,    0.0000000000E+00,    0.0000000000E+00,    0.0000000000E+00,    1.0280989277E+01
     30300,      0.676918,CP4_after_advection,   1,    0.0000000000E+00,    1.0281682457E+01,    1.0281682457E+01,    0.0000000000E+00,    0.0000000000E+00,    0.0000000000E+00,    1.0281682457E+01
     30300,      0.676918,CP5_after_vdif,   1,    0.0000000000E+00,    1.0281682457E+01,    1.0281682457E+01,    0.0000000000E+00,    0.0000000000E+00,    0.0000000000E+00,    1.0281682457E+01
     30300,      0.676918,CP6_after_kinetics,   1,    0.0000000000E+00,    1.0281682457E+01,    1.0281682457E+01,    0.0000000000E+00,    0.0000000000E+00,    0.0000000000E+00,    1.0281682457E+01
     30300,      0.676918,CP7_after_upper_clamp,   1,    0.0000000000E+00,    1.0281682457E+01,    1.0281682457E+01,    0.0000000000E+00,    0.0000000000E+00,    0.0000000000E+00,    1.0281682457E+01
     30300,      0.676918,CP8_after_OBC,   1,    0.0000000000E+00,    1.0281682457E+01,    1.0281682457E+01,    0.0000000000E+00,    0.0000000000E+00,    0.0000000000E+00,    1.0281682457E+01
     30300,      0.676918,CP9_after_PTsource,   1,    0.0000000000E+00,    1.0281682457E+01,    1.0281682457E+01,    0.0000000000E+00,    0.0000000000E+00,    0.0000000000E+00,    1.0281682457E+01
     30300,      0.676918,CP10_after_neg_clamp,   1,    0.0000000000E+00,    1.0281682457E+01,    1.0281682457E+01,    0.0000000000E+00,    0.0000000000E+00,    0.0000000000E+00,    1.0281682457E+01
     30300,      0.676918,CP11_after_MPI,   1,    0.0000000000E+00,    1.0281682457E+01,    1.0281682457E+01,    0.0000000000E+00,    0.0000000000E+00,    0.0000000000E+00,    1.0281682457E+01
     30300,      0.676918,CP12_end,   1,    0.0000000000E+00,    1.0281682457E+01,    1.0281682457E+01,    0.0000000000E+00,    0.0000000000E+00,    0.0000000000E+00,    1.0281682457E+01
     30350,      0.676918,CP0_start,   1,    0.0000000000E+00,    1.0315022791E+01,    1.0315022791E+01,    0.0000000000E+00,    0.0000000000E+00,    0.0000000000E+00,    1.0315022791E+01
     30350,      0.676918,CP1_after_deposition,   1,    0.0000000000E+00,    1.0315022791E+01,    1.0315022791E+01,    0.0000000000E+00,    0.0000000000E+00,    0.0000000000E+00,    1.0315022791E+01
     30350,      0.676918,CP2_after_erosion,   1,    0.0000000000E+00,    1.0315022791E+01,    1.0315022791E+01,    0.0000000000E+00,    0.0000000000E+00,    0.0000000000E+00,    1.0315022791E+01
     30350,      0.676918,CP3_after_update_bottom,   1,    0.0000000000E+00,    1.0315022791E+01,    1.0315022791E+01,    0.0000000000E+00,    0.0000000000E+00,    0.0000000000E+00,    1.0315022791E+01
     30350,      0.676918,CP4_after_advection,   1,    0.0000000000E+00,    1.0315719723E+01,    1.0315719723E+01,    0.0000000000E+00,    0.0000000000E+00,    0.0000000000E+00,    1.0315719723E+01
     30350,      0.676918,CP5_after_vdif,   1,    0.0000000000E+00,    1.0315719723E+01,    1.0315719723E+01,    0.0000000000E+00,    0.0000000000E+00,    0.0000000000E+00,    1.0315719723E+01
     30350,      0.676918,CP6_after_kinetics,   1,    0.0000000000E+00,    1.0315719723E+01,    1.0315719723E+01,    0.0000000000E+00,    0.0000000000E+00,    0.0000000000E+00,    1.0315719723E+01
     30350,      0.676918,CP7_after_upper_clamp,   1,    0.0000000000E+00,    1.0315719723E+01,    1.0315719723E+01,    0.0000000000E+00,    0.0000000000E+00,    0.0000000000E+00,    1.0315719723E+01
     30350,      0.676918,CP8_after_OBC,   1,    0.0000000000E+00,    1.0315719723E+01,    1.0315719723E+01,    0.0000000000E+00,    0.0000000000E+00,    0.0000000000E+00,    1.0315719723E+01
     30350,      0.676918,CP9_after_PTsource,   1,    0.0000000000E+00,    1.0315719723E+01,    1.0315719723E+01,    0.0000000000E+00,    0.0000000000E+00,    0.0000000000E+00,    1.0315719723E+01
     30350,      0.676918,CP10_after_neg_clamp,   1,    0.0000000000E+00,    1.0315719723E+01,    1.0315719723E+01,    0.0000000000E+00,    0.0000000000E+00,    0.0000000000E+00,    1.0315719723E+01
     30350,      0.676918,CP11_after_MPI,   1,    0.0000000000E+00,    1.0315719723E+01,    1.0315719723E+01,    0.0000000000E+00,    0.0000000000E+00,    0.0000000000E+00,    1.0315719723E+01
     30350,      0.676918,CP12_end,   1,    0.0000000000E+00,    1.0315719723E+01,    1.0315719723E+01,    0.0000000000E+00,    0.0000000000E+00,    0.0000000000E+00,    1.0315719723E+01
     30400,      0.676918,CP0_start,   1,    0.0000000000E+00,    1.0349101701E+01,    1.0349101701E+01,    0.0000000000E+00,    0.0000000000E+00,    0.0000000000E+00,    1.0349101701E+01
     30400,      0.676918,CP1_after_deposition,   1,    0.0000000000E+00,    1.0349101701E+01,    1.0349101701E+01,    0.0000000000E+00,    0.0000000000E+00,    0.0000000000E+00,    1.0349101701E+01
     30400,      0.676918,CP2_after_erosion,   1,    0.0000000000E+00,    1.0349101701E+01,    1.0349101701E+01,    0.0000000000E+00,    0.0000000000E+00,    0.0000000000E+00,    1.0349101701E+01
     30400,      0.676918,CP3_after_update_bottom,   1,    0.0000000000E+00,    1.0349101701E+01,    1.0349101701E+01,    0.0000000000E+00,    0.0000000000E+00,    0.0000000000E+00,    1.0349101701E+01
     30400,      0.676918,CP4_after_advection,   1,    0.0000000000E+00,    1.0349803836E+01,    1.0349803836E+01,    0.0000000000E+00,    0.0000000000E+00,    0.0000000000E+00,    1.0349803836E+01
     30400,      0.676918,CP5_after_vdif,   1,    0.0000000000E+00,    1.0349803836E+01,    1.0349803836E+01,    0.0000000000E+00,    0.0000000000E+00,    0.0000000000E+00,    1.0349803836E+01
     30400,      0.676918,CP6_after_kinetics,   1,    0.0000000000E+00,    1.0349803836E+01,    1.0349803836E+01,    0.0000000000E+00,    0.0000000000E+00,    0.0000000000E+00,    1.0349803836E+01
     30400,      0.676918,CP7_after_upper_clamp,   1,    0.0000000000E+00,    1.0349803836E+01,    1.0349803836E+01,    0.0000000000E+00,    0.0000000000E+00,    0.0000000000E+00,    1.0349803836E+01
     30400,      0.676918,CP8_after_OBC,   1,    0.0000000000E+00,    1.0349803836E+01,    1.0349803836E+01,    0.0000000000E+00,    0.0000000000E+00,    0.0000000000E+00,    1.0349803836E+01
     30400,      0.676918,CP9_after_PTsource,   1,    0.0000000000E+00,    1.0349803836E+01,    1.0349803836E+01,    0.0000000000E+00,    0.0000000000E+00,    0.0000000000E+00,    1.0349803836E+01
     30400,      0.676918,CP10_after_neg_clamp,   1,    0.0000000000E+00,    1.0349803836E+01,    1.0349803836E+01,    0.0000000000E+00,    0.0000000000E+00,    0.0000000000E+00,    1.0349803836E+01
     30400,      0.676918,CP11_after_MPI,   1,    0.0000000000E+00,    1.0349803836E+01,    1.0349803836E+01,    0.0000000000E+00,    0.0000000000E+00,    0.0000000000E+00,    1.0349803836E+01
     30400,      0.676918,CP12_end,   1,    0.0000000000E+00,    1.0349803836E+01,    1.0349803836E+01,    0.0000000000E+00,    0.0000000000E+00,    0.0000000000E+00,    1.0349803836E+01
     30450,      0.676918,CP0_start,   1,    0.0000000000E+00,    1.0383238602E+01,    1.0383238602E+01,    0.0000000000E+00,    0.0000000000E+00,    0.0000000000E+00,    1.0383238602E+01
     30450,      0.676918,CP1_after_deposition,   1,    0.0000000000E+00,    1.0383238602E+01,    1.0383238602E+01,    0.0000000000E+00,    0.0000000000E+00,    0.0000000000E+00,    1.0383238602E+01
     30450,      0.676918,CP2_after_erosion,   1,    0.0000000000E+00,    1.0383238602E+01,    1.0383238602E+01,    0.0000000000E+00,    0.0000000000E+00,    0.0000000000E+00,    1.0383238602E+01
     30450,      0.676918,CP3_after_update_bottom,   1,    0.0000000000E+00,    1.0383238602E+01,    1.0383238602E+01,    0.0000000000E+00,    0.0000000000E+00,    0.0000000000E+00,    1.0383238602E+01
     30450,      0.676918,CP4_after_advection,   1,    0.0000000000E+00,    1.0383943516E+01,    1.0383943516E+01,    0.0000000000E+00,    0.0000000000E+00,    0.0000000000E+00,    1.0383943516E+01
     30450,      0.676918,CP5_after_vdif,   1,    0.0000000000E+00,    1.0383943516E+01,    1.0383943516E+01,    0.0000000000E+00,    0.0000000000E+00,    0.0000000000E+00,    1.0383943516E+01
     30450,      0.676918,CP6_after_kinetics,   1,    0.0000000000E+00,    1.0383943516E+01,    1.0383943516E+01,    0.0000000000E+00,    0.0000000000E+00,    0.0000000000E+00,    1.0383943516E+01
     30450,      0.676918,CP7_after_upper_clamp,   1,    0.0000000000E+00,    1.0383943516E+01,    1.0383943516E+01,    0.0000000000E+00,    0.0000000000E+00,    0.0000000000E+00,    1.0383943516E+01
     30450,      0.676918,CP8_after_OBC,   1,    0.0000000000E+00,    1.0383943516E+01,    1.0383943516E+01,    0.0000000000E+00,    0.0000000000E+00,    0.0000000000E+00,    1.0383943516E+01
     30450,      0.676918,CP9_after_PTsource,   1,    0.0000000000E+00,    1.0383943516E+01,    1.0383943516E+01,    0.0000000000E+00,    0.0000000000E+00,    0.0000000000E+00,    1.0383943516E+01
     30450,      0.676918,CP10_after_neg_clamp,   1,    0.0000000000E+00,    1.0383943516E+01,    1.0383943516E+01,    0.0000000000E+00,    0.0000000000E+00,    0.0000000000E+00,    1.0383943516E+01
     30450,      0.676918,CP11_after_MPI,   1,    0.0000000000E+00,    1.0383943516E+01,    1.0383943516E+01,    0.0000000000E+00,    0.0000000000E+00,    0.0000000000E+00,    1.0383943516E+01
     30450,      0.676918,CP12_end,   1,    0.0000000000E+00,    1.0383943516E+01,    1.0383943516E+01,    0.0000000000E+00,    0.0000000000E+00,    0.0000000000E+00,    1.0383943516E+01
     30500,      0.676918,CP0_start,   1,    0.0000000000E+00,    1.0417424733E+01,    1.0417424733E+01,    0.0000000000E+00,    0.0000000000E+00,    0.0000000000E+00,    1.0417424733E+01
     30500,      0.676918,CP1_after_deposition,   1,    0.0000000000E+00,    1.0417424733E+01,    1.0417424733E+01,    0.0000000000E+00,    0.0000000000E+00,    0.0000000000E+00,    1.0417424733E+01
     30500,      0.676918,CP2_after_erosion,   1,    0.0000000000E+00,    1.0417424733E+01,    1.0417424733E+01,    0.0000000000E+00,    0.0000000000E+00,    0.0000000000E+00,    1.0417424733E+01
     30500,      0.676918,CP3_after_update_bottom,   1,    0.0000000000E+00,    1.0417424733E+01,    1.0417424733E+01,    0.0000000000E+00,    0.0000000000E+00,    0.0000000000E+00,    1.0417424733E+01
     30500,      0.676918,CP4_after_advection,   1,    0.0000000000E+00,    1.0418133836E+01,    1.0418133836E+01,    0.0000000000E+00,    0.0000000000E+00,    0.0000000000E+00,    1.0418133836E+01
     30500,      0.676918,CP5_after_vdif,   1,    0.0000000000E+00,    1.0418133836E+01,    1.0418133836E+01,    0.0000000000E+00,    0.0000000000E+00,    0.0000000000E+00,    1.0418133836E+01
     30500,      0.676918,CP6_after_kinetics,   1,    0.0000000000E+00,    1.0418133836E+01,    1.0418133836E+01,    0.0000000000E+00,    0.0000000000E+00,    0.0000000000E+00,    1.0418133836E+01
     30500,      0.676918,CP7_after_upper_clamp,   1,    0.0000000000E+00,    1.0418133836E+01,    1.0418133836E+01,    0.0000000000E+00,    0.0000000000E+00,    0.0000000000E+00,    1.0418133836E+01
     30500,      0.676918,CP8_after_OBC,   1,    0.0000000000E+00,    1.0418133836E+01,    1.0418133836E+01,    0.0000000000E+00,    0.0000000000E+00,    0.0000000000E+00,    1.0418133836E+01
     30500,      0.676918,CP9_after_PTsource,   1,    0.0000000000E+00,    1.0418133836E+01,    1.0418133836E+01,    0.0000000000E+00,    0.0000000000E+00,    0.0000000000E+00,    1.0418133836E+01
     30500,      0.676918,CP10_after_neg_clamp,   1,    0.0000000000E+00,    1.0418133836E+01,    1.0418133836E+01,    0.0000000000E+00,    0.0000000000E+00,    0.0000000000E+00,    1.0418133836E+01
     30500,      0.676918,CP11_after_MPI,   1,    0.0000000000E+00,    1.0418133836E+01,    1.0418133836E+01,    0.0000000000E+00,    0.0000000000E+00,    0.0000000000E+00,    1.0418133836E+01
     30500,      0.676918,CP12_end,   1,    0.0000000000E+00,    1.0418133836E+01,    1.0418133836E+01,    0.0000000000E+00,    0.0000000000E+00,    0.0000000000E+00,    1.0418133836E+01
     30550,      0.676918,CP0_start,   1,    0.0000000000E+00,    1.0451666078E+01,    1.0451666078E+01,    0.0000000000E+00,    0.0000000000E+00,    0.0000000000E+00,    1.0451666078E+01
     30550,      0.676918,CP1_after_deposition,   1,    0.0000000000E+00,    1.0451666078E+01,    1.0451666078E+01,    0.0000000000E+00,    0.0000000000E+00,    0.0000000000E+00,    1.0451666078E+01
     30550,      0.676918,CP2_after_erosion,   1,    0.0000000000E+00,    1.0451666078E+01,    1.0451666078E+01,    0.0000000000E+00,    0.0000000000E+00,    0.0000000000E+00,    1.0451666078E+01
     30550,      0.676918,CP3_after_update_bottom,   1,    0.0000000000E+00,    1.0451666078E+01,    1.0451666078E+01,    0.0000000000E+00,    0.0000000000E+00,    0.0000000000E+00,    1.0451666078E+01
     30550,      0.676918,CP4_after_advection,   1,    0.0000000000E+00,    1.0452378816E+01,    1.0452378816E+01,    0.0000000000E+00,    0.0000000000E+00,    0.0000000000E+00,    1.0452378816E+01
     30550,      0.676918,CP5_after_vdif,   1,    0.0000000000E+00,    1.0452378816E+01,    1.0452378816E+01,    0.0000000000E+00,    0.0000000000E+00,    0.0000000000E+00,    1.0452378816E+01
     30550,      0.676918,CP6_after_kinetics,   1,    0.0000000000E+00,    1.0452378816E+01,    1.0452378816E+01,    0.0000000000E+00,    0.0000000000E+00,    0.0000000000E+00,    1.0452378816E+01
     30550,      0.676918,CP7_after_upper_clamp,   1,    0.0000000000E+00,    1.0452378816E+01,    1.0452378816E+01,    0.0000000000E+00,    0.0000000000E+00,    0.0000000000E+00,    1.0452378816E+01
     30550,      0.676918,CP8_after_OBC,   1,    0.0000000000E+00,    1.0452378816E+01,    1.0452378816E+01,    0.0000000000E+00,    0.0000000000E+00,    0.0000000000E+00,    1.0452378816E+01
     30550,      0.676918,CP9_after_PTsource,   1,    0.0000000000E+00,    1.0452378816E+01,    1.0452378816E+01,    0.0000000000E+00,    0.0000000000E+00,    0.0000000000E+00,    1.0452378816E+01
     30550,      0.676918,CP10_after_neg_clamp,   1,    0.0000000000E+00,    1.0452378816E+01,    1.0452378816E+01,    0.0000000000E+00,    0.0000000000E+00,    0.0000000000E+00,    1.0452378816E+01
     30550,      0.676918,CP11_after_MPI,   1,    0.0000000000E+00,    1.0452378816E+01,    1.0452378816E+01,    0.0000000000E+00,    0.0000000000E+00,    0.0000000000E+00,    1.0452378816E+01
     30550,      0.676918,CP12_end,   1,    0.0000000000E+00,    1.0452378816E+01,    1.0452378816E+01,    0.0000000000E+00,    0.0000000000E+00,    0.0000000000E+00,    1.0452378816E+01
     30600,      0.676918,CP0_start,   1,    0.0000000000E+00,    1.0485950790E+01,    1.0485950790E+01,    0.0000000000E+00,    0.0000000000E+00,    0.0000000000E+00,    1.0485950790E+01
     30600,      0.676918,CP1_after_deposition,   1,    0.0000000000E+00,    1.0485950790E+01,    1.0485950790E+01,    0.0000000000E+00,    0.0000000000E+00,    0.0000000000E+00,    1.0485950790E+01
     30600,      0.676918,CP2_after_erosion,   1,    0.0000000000E+00,    1.0485950790E+01,    1.0485950790E+01,    0.0000000000E+00,    0.0000000000E+00,    0.0000000000E+00,    1.0485950790E+01
     30600,      0.676918,CP3_after_update_bottom,   1,    0.0000000000E+00,    1.0485950790E+01,    1.0485950790E+01,    0.0000000000E+00,    0.0000000000E+00,    0.0000000000E+00,    1.0485950790E+01
     30600,      0.676918,CP4_after_advection,   1,    0.0000000000E+00,    1.0486668182E+01,    1.0486668182E+01,    0.0000000000E+00,    0.0000000000E+00,    0.0000000000E+00,    1.0486668182E+01
     30600,      0.676918,CP5_after_vdif,   1,    0.0000000000E+00,    1.0486668182E+01,    1.0486668182E+01,    0.0000000000E+00,    0.0000000000E+00,    0.0000000000E+00,    1.0486668182E+01
     30600,      0.676918,CP6_after_kinetics,   1,    0.0000000000E+00,    1.0486668182E+01,    1.0486668182E+01,    0.0000000000E+00,    0.0000000000E+00,    0.0000000000E+00,    1.0486668182E+01
     30600,      0.676918,CP7_after_upper_clamp,   1,    0.0000000000E+00,    1.0486668182E+01,    1.0486668182E+01,    0.0000000000E+00,    0.0000000000E+00,    0.0000000000E+00,    1.0486668182E+01
     30600,      0.676918,CP8_after_OBC,   1,    0.0000000000E+00,    1.0486668182E+01,    1.0486668182E+01,    0.0000000000E+00,    0.0000000000E+00,    0.0000000000E+00,    1.0486668182E+01
     30600,      0.676918,CP9_after_PTsource,   1,    0.0000000000E+00,    1.0486668182E+01,    1.0486668182E+01,    0.0000000000E+00,    0.0000000000E+00,    0.0000000000E+00,    1.0486668182E+01
     30600,      0.676918,CP10_after_neg_clamp,   1,    0.0000000000E+00,    1.0486668182E+01,    1.0486668182E+01,    0.0000000000E+00,    0.0000000000E+00,    0.0000000000E+00,    1.0486668182E+01
     30600,      0.676918,CP11_after_MPI,   1,    0.0000000000E+00,    1.0486668182E+01,    1.0486668182E+01,    0.0000000000E+00,    0.0000000000E+00,    0.0000000000E+00,    1.0486668182E+01
     30600,      0.676918,CP12_end,   1,    0.0000000000E+00,    1.0486668182E+01,    1.0486668182E+01,    0.0000000000E+00,    0.0000000000E+00,    0.0000000000E+00,    1.0486668182E+01
     30650,      0.676918,CP0_start,   1,    0.0000000000E+00,    1.0520285436E+01,    1.0520285436E+01,    0.0000000000E+00,    0.0000000000E+00,    0.0000000000E+00,    1.0520285436E+01
     30650,      0.676918,CP1_after_deposition,   1,    0.0000000000E+00,    1.0520285436E+01,    1.0520285436E+01,    0.0000000000E+00,    0.0000000000E+00,    0.0000000000E+00,    1.0520285436E+01
     30650,      0.676918,CP2_after_erosion,   1,    0.0000000000E+00,    1.0520285436E+01,    1.0520285436E+01,    0.0000000000E+00,    0.0000000000E+00,    0.0000000000E+00,    1.0520285436E+01
     30650,      0.676918,CP3_after_update_bottom,   1,    0.0000000000E+00,    1.0520285436E+01,    1.0520285436E+01,    0.0000000000E+00,    0.0000000000E+00,    0.0000000000E+00,    1.0520285436E+01
     30650,      0.676918,CP4_after_advection,   1,    0.0000000000E+00,    1.0521005121E+01,    1.0521005121E+01,    0.0000000000E+00,    0.0000000000E+00,    0.0000000000E+00,    1.0521005121E+01
     30650,      0.676918,CP5_after_vdif,   1,    0.0000000000E+00,    1.0521005121E+01,    1.0521005121E+01,    0.0000000000E+00,    0.0000000000E+00,    0.0000000000E+00,    1.0521005121E+01
     30650,      0.676918,CP6_after_kinetics,   1,    0.0000000000E+00,    1.0521005121E+01,    1.0521005121E+01,    0.0000000000E+00,    0.0000000000E+00,    0.0000000000E+00,    1.0521005121E+01
     30650,      0.676918,CP7_after_upper_clamp,   1,    0.0000000000E+00,    1.0521005121E+01,    1.0521005121E+01,    0.0000000000E+00,    0.0000000000E+00,    0.0000000000E+00,    1.0521005121E+01
     30650,      0.676918,CP8_after_OBC,   1,    0.0000000000E+00,    1.0521005121E+01,    1.0521005121E+01,    0.0000000000E+00,    0.0000000000E+00,    0.0000000000E+00,    1.0521005121E+01
     30650,      0.676918,CP9_after_PTsource,   1,    0.0000000000E+00,    1.0521005121E+01,    1.0521005121E+01,    0.0000000000E+00,    0.0000000000E+00,    0.0000000000E+00,    1.0521005121E+01
     30650,      0.676918,CP10_after_neg_clamp,   1,    0.0000000000E+00,    1.0521005121E+01,    1.0521005121E+01,    0.0000000000E+00,    0.0000000000E+00,    0.0000000000E+00,    1.0521005121E+01
     30650,      0.676918,CP11_after_MPI,   1,    0.0000000000E+00,    1.0521005121E+01,    1.0521005121E+01,    0.0000000000E+00,    0.0000000000E+00,    0.0000000000E+00,    1.0521005121E+01
     30650,      0.676918,CP12_end,   1,    0.0000000000E+00,    1.0521005121E+01,    1.0521005121E+01,    0.0000000000E+00,    0.0000000000E+00,    0.0000000000E+00,    1.0521005121E+01
     30700,      0.676918,CP0_start,   1,    0.0000000000E+00,    1.0554660596E+01,    1.0554660596E+01,    0.0000000000E+00,    0.0000000000E+00,    0.0000000000E+00,    1.0554660596E+01
     30700,      0.676918,CP1_after_deposition,   1,    0.0000000000E+00,    1.0554660596E+01,    1.0554660596E+01,    0.0000000000E+00,    0.0000000000E+00,    0.0000000000E+00,    1.0554660596E+01
     30700,      0.676918,CP2_after_erosion,   1,    0.0000000000E+00,    1.0554660596E+01,    1.0554660596E+01,    0.0000000000E+00,    0.0000000000E+00,    0.0000000000E+00,    1.0554660596E+01
     30700,      0.676918,CP3_after_update_bottom,   1,    0.0000000000E+00,    1.0554660596E+01,    1.0554660596E+01,    0.0000000000E+00,    0.0000000000E+00,    0.0000000000E+00,    1.0554660596E+01
     30700,      0.676918,CP4_after_advection,   1,    0.0000000000E+00,    1.0555384881E+01,    1.0555384881E+01,    0.0000000000E+00,    0.0000000000E+00,    0.0000000000E+00,    1.0555384881E+01
     30700,      0.676918,CP5_after_vdif,   1,    0.0000000000E+00,    1.0555384881E+01,    1.0555384881E+01,    0.0000000000E+00,    0.0000000000E+00,    0.0000000000E+00,    1.0555384881E+01
     30700,      0.676918,CP6_after_kinetics,   1,    0.0000000000E+00,    1.0555384881E+01,    1.0555384881E+01,    0.0000000000E+00,    0.0000000000E+00,    0.0000000000E+00,    1.0555384881E+01
     30700,      0.676918,CP7_after_upper_clamp,   1,    0.0000000000E+00,    1.0555384881E+01,    1.0555384881E+01,    0.0000000000E+00,    0.0000000000E+00,    0.0000000000E+00,    1.0555384881E+01
     30700,      0.676918,CP8_after_OBC,   1,    0.0000000000E+00,    1.0555384881E+01,    1.0555384881E+01,    0.0000000000E+00,    0.0000000000E+00,    0.0000000000E+00,    1.0555384881E+01
     30700,      0.676918,CP9_after_PTsource,   1,    0.0000000000E+00,    1.0555384881E+01,    1.0555384881E+01,    0.0000000000E+00,    0.0000000000E+00,    0.0000000000E+00,    1.0555384881E+01
     30700,      0.676918,CP10_after_neg_clamp,   1,    0.0000000000E+00,    1.0555384881E+01,    1.0555384881E+01,    0.0000000000E+00,    0.0000000000E+00,    0.0000000000E+00,    1.0555384881E+01
     30700,      0.676918,CP11_after_MPI,   1,    0.0000000000E+00,    1.0555384881E+01,    1.0555384881E+01,    0.0000000000E+00,    0.0000000000E+00,    0.0000000000E+00,    1.0555384881E+01
     30700,      0.676918,CP12_end,   1,    0.0000000000E+00,    1.0555384881E+01,    1.0555384881E+01,    0.0000000000E+00,    0.0000000000E+00,    0.0000000000E+00,    1.0555384881E+01
     30750,      0.676918,CP0_start,   1,    0.0000000000E+00,    1.0589082392E+01,    1.0589082392E+01,    0.0000000000E+00,    0.0000000000E+00,    0.0000000000E+00,    1.0589082392E+01
     30750,      0.676918,CP1_after_deposition,   1,    0.0000000000E+00,    1.0589082392E+01,    1.0589082392E+01,    0.0000000000E+00,    0.0000000000E+00,    0.0000000000E+00,    1.0589082392E+01
     30750,      0.676918,CP2_after_erosion,   1,    0.0000000000E+00,    1.0589082392E+01,    1.0589082392E+01,    0.0000000000E+00,    0.0000000000E+00,    0.0000000000E+00,    1.0589082392E+01
     30750,      0.676918,CP3_after_update_bottom,   1,    0.0000000000E+00,    1.0589082392E+01,    1.0589082392E+01,    0.0000000000E+00,    0.0000000000E+00,    0.0000000000E+00,    1.0589082392E+01
     30750,      0.676918,CP4_after_advection,   1,    0.0000000000E+00,    1.0589810800E+01,    1.0589810800E+01,    0.0000000000E+00,    0.0000000000E+00,    0.0000000000E+00,    1.0589810800E+01
     30750,      0.676918,CP5_after_vdif,   1,    0.0000000000E+00,    1.0589810800E+01,    1.0589810800E+01,    0.0000000000E+00,    0.0000000000E+00,    0.0000000000E+00,    1.0589810800E+01
     30750,      0.676918,CP6_after_kinetics,   1,    0.0000000000E+00,    1.0589810800E+01,    1.0589810800E+01,    0.0000000000E+00,    0.0000000000E+00,    0.0000000000E+00,    1.0589810800E+01
     30750,      0.676918,CP7_after_upper_clamp,   1,    0.0000000000E+00,    1.0589810800E+01,    1.0589810800E+01,    0.0000000000E+00,    0.0000000000E+00,    0.0000000000E+00,    1.0589810800E+01
     30750,      0.676918,CP8_after_OBC,   1,    0.0000000000E+00,    1.0589810800E+01,    1.0589810800E+01,    0.0000000000E+00,    0.0000000000E+00,    0.0000000000E+00,    1.0589810800E+01
     30750,      0.676918,CP9_after_PTsource,   1,    0.0000000000E+00,    1.0589810800E+01,    1.0589810800E+01,    0.0000000000E+00,    0.0000000000E+00,    0.0000000000E+00,    1.0589810800E+01
     30750,      0.676918,CP10_after_neg_clamp,   1,    0.0000000000E+00,    1.0589810800E+01,    1.0589810800E+01,    0.0000000000E+00,    0.0000000000E+00,    0.0000000000E+00,    1.0589810800E+01
     30750,      0.676918,CP11_after_MPI,   1,    0.0000000000E+00,    1.0589810800E+01,    1.0589810800E+01,    0.0000000000E+00,    0.0000000000E+00,    0.0000000000E+00,    1.0589810800E+01
     30750,      0.676918,CP12_end,   1,    0.0000000000E+00,    1.0589810800E+01,    1.0589810800E+01,    0.0000000000E+00,    0.0000000000E+00,    0.0000000000E+00,    1.0589810800E+01
     30800,      0.676918,CP0_start,   1,    0.0000000000E+00,    1.0623549920E+01,    1.0623549920E+01,    0.0000000000E+00,    0.0000000000E+00,    0.0000000000E+00,    1.0623549920E+01
     30800,      0.676918,CP1_after_deposition,   1,    0.0000000000E+00,    1.0623549920E+01,    1.0623549920E+01,    0.0000000000E+00,    0.0000000000E+00,    0.0000000000E+00,    1.0623549920E+01
     30800,      0.676918,CP2_after_erosion,   1,    0.0000000000E+00,    1.0623549920E+01,    1.0623549920E+01,    0.0000000000E+00,    0.0000000000E+00,    0.0000000000E+00,    1.0623549920E+01
     30800,      0.676918,CP3_after_update_bottom,   1,    0.0000000000E+00,    1.0623549920E+01,    1.0623549920E+01,    0.0000000000E+00,    0.0000000000E+00,    0.0000000000E+00,    1.0623549920E+01
     30800,      0.676918,CP4_after_advection,   1,    0.0000000000E+00,    1.0624280739E+01,    1.0624280739E+01,    0.0000000000E+00,    0.0000000000E+00,    0.0000000000E+00,    1.0624280739E+01
     30800,      0.676918,CP5_after_vdif,   1,    0.0000000000E+00,    1.0624280739E+01,    1.0624280739E+01,    0.0000000000E+00,    0.0000000000E+00,    0.0000000000E+00,    1.0624280739E+01
     30800,      0.676918,CP6_after_kinetics,   1,    0.0000000000E+00,    1.0624280739E+01,    1.0624280739E+01,    0.0000000000E+00,    0.0000000000E+00,    0.0000000000E+00,    1.0624280739E+01
     30800,      0.676918,CP7_after_upper_clamp,   1,    0.0000000000E+00,    1.0624280739E+01,    1.0624280739E+01,    0.0000000000E+00,    0.0000000000E+00,    0.0000000000E+00,    1.0624280739E+01
     30800,      0.676918,CP8_after_OBC,   1,    0.0000000000E+00,    1.0624280739E+01,    1.0624280739E+01,    0.0000000000E+00,    0.0000000000E+00,    0.0000000000E+00,    1.0624280739E+01
     30800,      0.676918,CP9_after_PTsource,   1,    0.0000000000E+00,    1.0624280739E+01,    1.0624280739E+01,    0.0000000000E+00,    0.0000000000E+00,    0.0000000000E+00,    1.0624280739E+01
     30800,      0.676918,CP10_after_neg_clamp,   1,    0.0000000000E+00,    1.0624280739E+01,    1.0624280739E+01,    0.0000000000E+00,    0.0000000000E+00,    0.0000000000E+00,    1.0624280739E+01
     30800,      0.676918,CP11_after_MPI,   1,    0.0000000000E+00,    1.0624280739E+01,    1.0624280739E+01,    0.0000000000E+00,    0.0000000000E+00,    0.0000000000E+00,    1.0624280739E+01
     30800,      0.676918,CP12_end,   1,    0.0000000000E+00,    1.0624280739E+01,    1.0624280739E+01,    0.0000000000E+00,    0.0000000000E+00,    0.0000000000E+00,    1.0624280739E+01
     30850,      0.676918,CP0_start,   1,    0.0000000000E+00,    1.0658057221E+01,    1.0658057221E+01,    0.0000000000E+00,    0.0000000000E+00,    0.0000000000E+00,    1.0658057221E+01
     30850,      0.676918,CP1_after_deposition,   1,    0.0000000000E+00,    1.0658057221E+01,    1.0658057221E+01,    0.0000000000E+00,    0.0000000000E+00,    0.0000000000E+00,    1.0658057221E+01
     30850,      0.676918,CP2_after_erosion,   1,    0.0000000000E+00,    1.0658057221E+01,    1.0658057221E+01,    0.0000000000E+00,    0.0000000000E+00,    0.0000000000E+00,    1.0658057221E+01
     30850,      0.676918,CP3_after_update_bottom,   1,    0.0000000000E+00,    1.0658057221E+01,    1.0658057221E+01,    0.0000000000E+00,    0.0000000000E+00,    0.0000000000E+00,    1.0658057221E+01
     30850,      0.676918,CP4_after_advection,   1,    0.0000000000E+00,    1.0658791741E+01,    1.0658791741E+01,    0.0000000000E+00,    0.0000000000E+00,    0.0000000000E+00,    1.0658791741E+01
     30850,      0.676918,CP5_after_vdif,   1,    0.0000000000E+00,    1.0658791741E+01,    1.0658791741E+01,    0.0000000000E+00,    0.0000000000E+00,    0.0000000000E+00,    1.0658791741E+01
     30850,      0.676918,CP6_after_kinetics,   1,    0.0000000000E+00,    1.0658791741E+01,    1.0658791741E+01,    0.0000000000E+00,    0.0000000000E+00,    0.0000000000E+00,    1.0658791741E+01
     30850,      0.676918,CP7_after_upper_clamp,   1,    0.0000000000E+00,    1.0658791741E+01,    1.0658791741E+01,    0.0000000000E+00,    0.0000000000E+00,    0.0000000000E+00,    1.0658791741E+01
     30850,      0.676918,CP8_after_OBC,   1,    0.0000000000E+00,    1.0658791741E+01,    1.0658791741E+01,    0.0000000000E+00,    0.0000000000E+00,    0.0000000000E+00,    1.0658791741E+01
     30850,      0.676918,CP9_after_PTsource,   1,    0.0000000000E+00,    1.0658791741E+01,    1.0658791741E+01,    0.0000000000E+00,    0.0000000000E+00,    0.0000000000E+00,    1.0658791741E+01
     30850,      0.676918,CP10_after_neg_clamp,   1,    0.0000000000E+00,    1.0658791741E+01,    1.0658791741E+01,    0.0000000000E+00,    0.0000000000E+00,    0.0000000000E+00,    1.0658791741E+01
     30850,      0.676918,CP11_after_MPI,   1,    0.0000000000E+00,    1.0658791741E+01,    1.0658791741E+01,    0.0000000000E+00,    0.0000000000E+00,    0.0000000000E+00,    1.0658791741E+01
     30850,      0.676918,CP12_end,   1,    0.0000000000E+00,    1.0658791741E+01,    1.0658791741E+01,    0.0000000000E+00,    0.0000000000E+00,    0.0000000000E+00,    1.0658791741E+01
     30900,      0.676918,CP0_start,   1,    0.0000000000E+00,    1.0692602576E+01,    1.0692602576E+01,    0.0000000000E+00,    0.0000000000E+00,    0.0000000000E+00,    1.0692602576E+01
     30900,      0.676918,CP1_after_deposition,   1,    0.0000000000E+00,    1.0692602576E+01,    1.0692602576E+01,    0.0000000000E+00,    0.0000000000E+00,    0.0000000000E+00,    1.0692602576E+01
     30900,      0.676918,CP2_after_erosion,   1,    0.0000000000E+00,    1.0692602576E+01,    1.0692602576E+01,    0.0000000000E+00,    0.0000000000E+00,    0.0000000000E+00,    1.0692602576E+01
     30900,      0.676918,CP3_after_update_bottom,   1,    0.0000000000E+00,    1.0692602576E+01,    1.0692602576E+01,    0.0000000000E+00,    0.0000000000E+00,    0.0000000000E+00,    1.0692602576E+01
     30900,      0.676918,CP4_after_advection,   1,    0.0000000000E+00,    1.0693340500E+01,    1.0693340500E+01,    0.0000000000E+00,    0.0000000000E+00,    0.0000000000E+00,    1.0693340500E+01
     30900,      0.676918,CP5_after_vdif,   1,    0.0000000000E+00,    1.0693340500E+01,    1.0693340500E+01,    0.0000000000E+00,    0.0000000000E+00,    0.0000000000E+00,    1.0693340500E+01
     30900,      0.676918,CP6_after_kinetics,   1,    0.0000000000E+00,    1.0693340500E+01,    1.0693340500E+01,    0.0000000000E+00,    0.0000000000E+00,    0.0000000000E+00,    1.0693340500E+01
     30900,      0.676918,CP7_after_upper_clamp,   1,    0.0000000000E+00,    1.0693340500E+01,    1.0693340500E+01,    0.0000000000E+00,    0.0000000000E+00,    0.0000000000E+00,    1.0693340500E+01
     30900,      0.676918,CP8_after_OBC,   1,    0.0000000000E+00,    1.0693340500E+01,    1.0693340500E+01,    0.0000000000E+00,    0.0000000000E+00,    0.0000000000E+00,    1.0693340500E+01
     30900,      0.676918,CP9_after_PTsource,   1,    0.0000000000E+00,    1.0693340500E+01,    1.0693340500E+01,    0.0000000000E+00,    0.0000000000E+00,    0.0000000000E+00,    1.0693340500E+01
     30900,      0.676918,CP10_after_neg_clamp,   1,    0.0000000000E+00,    1.0693340500E+01,    1.0693340500E+01,    0.0000000000E+00,    0.0000000000E+00,    0.0000000000E+00,    1.0693340500E+01
     30900,      0.676918,CP11_after_MPI,   1,    0.0000000000E+00,    1.0693340500E+01,    1.0693340500E+01,    0.0000000000E+00,    0.0000000000E+00,    0.0000000000E+00,    1.0693340500E+01
     30900,      0.676918,CP12_end,   1,    0.0000000000E+00,    1.0693340500E+01,    1.0693340500E+01,    0.0000000000E+00,    0.0000000000E+00,    0.0000000000E+00,    1.0693340500E+01
     30950,      0.676918,CP0_start,   1,    0.0000000000E+00,    1.0727198962E+01,    1.0727198962E+01,    0.0000000000E+00,    0.0000000000E+00,    0.0000000000E+00,    1.0727198962E+01
     30950,      0.676918,CP1_after_deposition,   1,    0.0000000000E+00,    1.0727198962E+01,    1.0727198962E+01,    0.0000000000E+00,    0.0000000000E+00,    0.0000000000E+00,    1.0727198962E+01
     30950,      0.676918,CP2_after_erosion,   1,    0.0000000000E+00,    1.0727198962E+01,    1.0727198962E+01,    0.0000000000E+00,    0.0000000000E+00,    0.0000000000E+00,    1.0727198962E+01
     30950,      0.676918,CP3_after_update_bottom,   1,    0.0000000000E+00,    1.0727198962E+01,    1.0727198962E+01,    0.0000000000E+00,    0.0000000000E+00,    0.0000000000E+00,    1.0727198962E+01
     30950,      0.676918,CP4_after_advection,   1,    0.0000000000E+00,    1.0727941005E+01,    1.0727941005E+01,    0.0000000000E+00,    0.0000000000E+00,    0.0000000000E+00,    1.0727941005E+01
     30950,      0.676918,CP5_after_vdif,   1,    0.0000000000E+00,    1.0727941005E+01,    1.0727941005E+01,    0.0000000000E+00,    0.0000000000E+00,    0.0000000000E+00,    1.0727941005E+01
     30950,      0.676918,CP6_after_kinetics,   1,    0.0000000000E+00,    1.0727941005E+01,    1.0727941005E+01,    0.0000000000E+00,    0.0000000000E+00,    0.0000000000E+00,    1.0727941005E+01
     30950,      0.676918,CP7_after_upper_clamp,   1,    0.0000000000E+00,    1.0727941005E+01,    1.0727941005E+01,    0.0000000000E+00,    0.0000000000E+00,    0.0000000000E+00,    1.0727941005E+01
     30950,      0.676918,CP8_after_OBC,   1,    0.0000000000E+00,    1.0727941005E+01,    1.0727941005E+01,    0.0000000000E+00,    0.0000000000E+00,    0.0000000000E+00,    1.0727941005E+01
     30950,      0.676918,CP9_after_PTsource,   1,    0.0000000000E+00,    1.0727941005E+01,    1.0727941005E+01,    0.0000000000E+00,    0.0000000000E+00,    0.0000000000E+00,    1.0727941005E+01
     30950,      0.676918,CP10_after_neg_clamp,   1,    0.0000000000E+00,    1.0727941005E+01,    1.0727941005E+01,    0.0000000000E+00,    0.0000000000E+00,    0.0000000000E+00,    1.0727941005E+01
     30950,      0.676918,CP11_after_MPI,   1,    0.0000000000E+00,    1.0727941005E+01,    1.0727941005E+01,    0.0000000000E+00,    0.0000000000E+00,    0.0000000000E+00,    1.0727941005E+01
     30950,      0.676918,CP12_end,   1,    0.0000000000E+00,    1.0727941005E+01,    1.0727941005E+01,    0.0000000000E+00,    0.0000000000E+00,    0.0000000000E+00,    1.0727941005E+01
     31000,      0.676918,CP0_start,   1,    0.0000000000E+00,    1.0761839427E+01,    1.0761839427E+01,    0.0000000000E+00,    0.0000000000E+00,    0.0000000000E+00,    1.0761839427E+01
     31000,      0.676918,CP1_after_deposition,   1,    0.0000000000E+00,    1.0761839427E+01,    1.0761839427E+01,    0.0000000000E+00,    0.0000000000E+00,    0.0000000000E+00,    1.0761839427E+01
     31000,      0.676918,CP2_after_erosion,   1,    0.0000000000E+00,    1.0761839427E+01,    1.0761839427E+01,    0.0000000000E+00,    0.0000000000E+00,    0.0000000000E+00,    1.0761839427E+01
     31000,      0.676918,CP3_after_update_bottom,   1,    0.0000000000E+00,    1.0761839427E+01,    1.0761839427E+01,    0.0000000000E+00,    0.0000000000E+00,    0.0000000000E+00,    1.0761839427E+01
     31000,      0.676918,CP4_after_advection,   1,    0.0000000000E+00,    1.0762585515E+01,    1.0762585515E+01,    0.0000000000E+00,    0.0000000000E+00,    0.0000000000E+00,    1.0762585515E+01
     31000,      0.676918,CP5_after_vdif,   1,    0.0000000000E+00,    1.0762585515E+01,    1.0762585515E+01,    0.0000000000E+00,    0.0000000000E+00,    0.0000000000E+00,    1.0762585515E+01
     31000,      0.676918,CP6_after_kinetics,   1,    0.0000000000E+00,    1.0762585515E+01,    1.0762585515E+01,    0.0000000000E+00,    0.0000000000E+00,    0.0000000000E+00,    1.0762585515E+01
     31000,      0.676918,CP7_after_upper_clamp,   1,    0.0000000000E+00,    1.0762585515E+01,    1.0762585515E+01,    0.0000000000E+00,    0.0000000000E+00,    0.0000000000E+00,    1.0762585515E+01
     31000,      0.676918,CP8_after_OBC,   1,    0.0000000000E+00,    1.0762585515E+01,    1.0762585515E+01,    0.0000000000E+00,    0.0000000000E+00,    0.0000000000E+00,    1.0762585515E+01
     31000,      0.676918,CP9_after_PTsource,   1,    0.0000000000E+00,    1.0762585515E+01,    1.0762585515E+01,    0.0000000000E+00,    0.0000000000E+00,    0.0000000000E+00,    1.0762585515E+01
     31000,      0.676918,CP10_after_neg_clamp,   1,    0.0000000000E+00,    1.0762585515E+01,    1.0762585515E+01,    0.0000000000E+00,    0.0000000000E+00,    0.0000000000E+00,    1.0762585515E+01
     31000,      0.676918,CP11_after_MPI,   1,    0.0000000000E+00,    1.0762585515E+01,    1.0762585515E+01,    0.0000000000E+00,    0.0000000000E+00,    0.0000000000E+00,    1.0762585515E+01
     31000,      0.676918,CP12_end,   1,    0.0000000000E+00,    1.0762585515E+01,    1.0762585515E+01,    0.0000000000E+00,    0.0000000000E+00,    0.0000000000E+00,    1.0762585515E+01
     31050,      0.676918,CP0_start,   1,    0.0000000000E+00,    1.0796522065E+01,    1.0796522065E+01,    0.0000000000E+00,    0.0000000000E+00,    0.0000000000E+00,    1.0796522065E+01
     31050,      0.676918,CP1_after_deposition,   1,    0.0000000000E+00,    1.0796522065E+01,    1.0796522065E+01,    0.0000000000E+00,    0.0000000000E+00,    0.0000000000E+00,    1.0796522065E+01
     31050,      0.676918,CP2_after_erosion,   1,    0.0000000000E+00,    1.0796522065E+01,    1.0796522065E+01,    0.0000000000E+00,    0.0000000000E+00,    0.0000000000E+00,    1.0796522065E+01
     31050,      0.676918,CP3_after_update_bottom,   1,    0.0000000000E+00,    1.0796522065E+01,    1.0796522065E+01,    0.0000000000E+00,    0.0000000000E+00,    0.0000000000E+00,    1.0796522065E+01
     31050,      0.676918,CP4_after_advection,   1,    0.0000000000E+00,    1.0797271900E+01,    1.0797271900E+01,    0.0000000000E+00,    0.0000000000E+00,    0.0000000000E+00,    1.0797271900E+01
     31050,      0.676918,CP5_after_vdif,   1,    0.0000000000E+00,    1.0797271900E+01,    1.0797271900E+01,    0.0000000000E+00,    0.0000000000E+00,    0.0000000000E+00,    1.0797271900E+01
     31050,      0.676918,CP6_after_kinetics,   1,    0.0000000000E+00,    1.0797271900E+01,    1.0797271900E+01,    0.0000000000E+00,    0.0000000000E+00,    0.0000000000E+00,    1.0797271900E+01
     31050,      0.676918,CP7_after_upper_clamp,   1,    0.0000000000E+00,    1.0797271900E+01,    1.0797271900E+01,    0.0000000000E+00,    0.0000000000E+00,    0.0000000000E+00,    1.0797271900E+01
     31050,      0.676918,CP8_after_OBC,   1,    0.0000000000E+00,    1.0797271900E+01,    1.0797271900E+01,    0.0000000000E+00,    0.0000000000E+00,    0.0000000000E+00,    1.0797271900E+01
     31050,      0.676918,CP9_after_PTsource,   1,    0.0000000000E+00,    1.0797271900E+01,    1.0797271900E+01,    0.0000000000E+00,    0.0000000000E+00,    0.0000000000E+00,    1.0797271900E+01
     31050,      0.676918,CP10_after_neg_clamp,   1,    0.0000000000E+00,    1.0797271900E+01,    1.0797271900E+01,    0.0000000000E+00,    0.0000000000E+00,    0.0000000000E+00,    1.0797271900E+01
     31050,      0.676918,CP11_after_MPI,   1,    0.0000000000E+00,    1.0797271900E+01,    1.0797271900E+01,    0.0000000000E+00,    0.0000000000E+00,    0.0000000000E+00,    1.0797271900E+01
     31050,      0.676918,CP12_end,   1,    0.0000000000E+00,    1.0797271900E+01,    1.0797271900E+01,    0.0000000000E+00,    0.0000000000E+00,    0.0000000000E+00,    1.0797271900E+01
     31100,      0.676918,CP0_start,   1,    0.0000000000E+00,    1.0831253128E+01,    1.0831253128E+01,    0.0000000000E+00,    0.0000000000E+00,    0.0000000000E+00,    1.0831253128E+01
     31100,      0.676918,CP1_after_deposition,   1,    0.0000000000E+00,    1.0831253128E+01,    1.0831253128E+01,    0.0000000000E+00,    0.0000000000E+00,    0.0000000000E+00,    1.0831253128E+01
     31100,      0.676918,CP2_after_erosion,   1,    0.0000000000E+00,    1.0831253128E+01,    1.0831253128E+01,    0.0000000000E+00,    0.0000000000E+00,    0.0000000000E+00,    1.0831253128E+01
     31100,      0.676918,CP3_after_update_bottom,   1,    0.0000000000E+00,    1.0831253128E+01,    1.0831253128E+01,    0.0000000000E+00,    0.0000000000E+00,    0.0000000000E+00,    1.0831253128E+01
     31100,      0.676918,CP4_after_advection,   1,    0.0000000000E+00,    1.0832006729E+01,    1.0832006729E+01,    0.0000000000E+00,    0.0000000000E+00,    0.0000000000E+00,    1.0832006729E+01
     31100,      0.676918,CP5_after_vdif,   1,    0.0000000000E+00,    1.0832006729E+01,    1.0832006729E+01,    0.0000000000E+00,    0.0000000000E+00,    0.0000000000E+00,    1.0832006729E+01
     31100,      0.676918,CP6_after_kinetics,   1,    0.0000000000E+00,    1.0832006729E+01,    1.0832006729E+01,    0.0000000000E+00,    0.0000000000E+00,    0.0000000000E+00,    1.0832006729E+01
     31100,      0.676918,CP7_after_upper_clamp,   1,    0.0000000000E+00,    1.0832006729E+01,    1.0832006729E+01,    0.0000000000E+00,    0.0000000000E+00,    0.0000000000E+00,    1.0832006729E+01
     31100,      0.676918,CP8_after_OBC,   1,    0.0000000000E+00,    1.0832006729E+01,    1.0832006729E+01,    0.0000000000E+00,    0.0000000000E+00,    0.0000000000E+00,    1.0832006729E+01
     31100,      0.676918,CP9_after_PTsource,   1,    0.0000000000E+00,    1.0832006729E+01,    1.0832006729E+01,    0.0000000000E+00,    0.0000000000E+00,    0.0000000000E+00,    1.0832006729E+01
     31100,      0.676918,CP10_after_neg_clamp,   1,    0.0000000000E+00,    1.0832006729E+01,    1.0832006729E+01,    0.0000000000E+00,    0.0000000000E+00,    0.0000000000E+00,    1.0832006729E+01
     31100,      0.676918,CP11_after_MPI,   1,    0.0000000000E+00,    1.0832006729E+01,    1.0832006729E+01,    0.0000000000E+00,    0.0000000000E+00,    0.0000000000E+00,    1.0832006729E+01
     31100,      0.676918,CP12_end,   1,    0.0000000000E+00,    1.0832006729E+01,    1.0832006729E+01,    0.0000000000E+00,    0.0000000000E+00,    0.0000000000E+00,    1.0832006729E+01
     31150,      0.676918,CP0_start,   1,    0.0000000000E+00,    1.0866023441E+01,    1.0866023441E+01,    0.0000000000E+00,    0.0000000000E+00,    0.0000000000E+00,    1.0866023441E+01
     31150,      0.676918,CP1_after_deposition,   1,    0.0000000000E+00,    1.0866023441E+01,    1.0866023441E+01,    0.0000000000E+00,    0.0000000000E+00,    0.0000000000E+00,    1.0866023441E+01
     31150,      0.676918,CP2_after_erosion,   1,    0.0000000000E+00,    1.0866023441E+01,    1.0866023441E+01,    0.0000000000E+00,    0.0000000000E+00,    0.0000000000E+00,    1.0866023441E+01
     31150,      0.676918,CP3_after_update_bottom,   1,    0.0000000000E+00,    1.0866023441E+01,    1.0866023441E+01,    0.0000000000E+00,    0.0000000000E+00,    0.0000000000E+00,    1.0866023441E+01
     31150,      0.676918,CP4_after_advection,   1,    0.0000000000E+00,    1.0866781508E+01,    1.0866781508E+01,    0.0000000000E+00,    0.0000000000E+00,    0.0000000000E+00,    1.0866781508E+01
     31150,      0.676918,CP5_after_vdif,   1,    0.0000000000E+00,    1.0866781508E+01,    1.0866781508E+01,    0.0000000000E+00,    0.0000000000E+00,    0.0000000000E+00,    1.0866781508E+01
     31150,      0.676918,CP6_after_kinetics,   1,    0.0000000000E+00,    1.0866781508E+01,    1.0866781508E+01,    0.0000000000E+00,    0.0000000000E+00,    0.0000000000E+00,    1.0866781508E+01
     31150,      0.676918,CP7_after_upper_clamp,   1,    0.0000000000E+00,    1.0866781508E+01,    1.0866781508E+01,    0.0000000000E+00,    0.0000000000E+00,    0.0000000000E+00,    1.0866781508E+01
     31150,      0.676918,CP8_after_OBC,   1,    0.0000000000E+00,    1.0866781508E+01,    1.0866781508E+01,    0.0000000000E+00,    0.0000000000E+00,    0.0000000000E+00,    1.0866781508E+01
     31150,      0.676918,CP9_after_PTsource,   1,    0.0000000000E+00,    1.0866781508E+01,    1.0866781508E+01,    0.0000000000E+00,    0.0000000000E+00,    0.0000000000E+00,    1.0866781508E+01
     31150,      0.676918,CP10_after_neg_clamp,   1,    0.0000000000E+00,    1.0866781508E+01,    1.0866781508E+01,    0.0000000000E+00,    0.0000000000E+00,    0.0000000000E+00,    1.0866781508E+01
     31150,      0.676918,CP11_after_MPI,   1,    0.0000000000E+00,    1.0866781508E+01,    1.0866781508E+01,    0.0000000000E+00,    0.0000000000E+00,    0.0000000000E+00,    1.0866781508E+01
     31150,      0.676918,CP12_end,   1,    0.0000000000E+00,    1.0866781508E+01,    1.0866781508E+01,    0.0000000000E+00,    0.0000000000E+00,    0.0000000000E+00,    1.0866781508E+01
     31200,      0.676918,CP0_start,   1,    0.0000000000E+00,    1.0900835206E+01,    1.0900835206E+01,    0.0000000000E+00,    0.0000000000E+00,    0.0000000000E+00,    1.0900835206E+01
     31200,      0.676918,CP1_after_deposition,   1,    0.0000000000E+00,    1.0900835206E+01,    1.0900835206E+01,    0.0000000000E+00,    0.0000000000E+00,    0.0000000000E+00,    1.0900835206E+01
     31200,      0.676918,CP2_after_erosion,   1,    0.0000000000E+00,    1.0900835206E+01,    1.0900835206E+01,    0.0000000000E+00,    0.0000000000E+00,    0.0000000000E+00,    1.0900835206E+01
     31200,      0.676918,CP3_after_update_bottom,   1,    0.0000000000E+00,    1.0900835206E+01,    1.0900835206E+01,    0.0000000000E+00,    0.0000000000E+00,    0.0000000000E+00,    1.0900835206E+01
     31200,      0.676918,CP4_after_advection,   1,    0.0000000000E+00,    1.0901597241E+01,    1.0901597241E+01,    0.0000000000E+00,    0.0000000000E+00,    0.0000000000E+00,    1.0901597241E+01
     31200,      0.676918,CP5_after_vdif,   1,    0.0000000000E+00,    1.0901597241E+01,    1.0901597241E+01,    0.0000000000E+00,    0.0000000000E+00,    0.0000000000E+00,    1.0901597241E+01
     31200,      0.676918,CP6_after_kinetics,   1,    0.0000000000E+00,    1.0901597241E+01,    1.0901597241E+01,    0.0000000000E+00,    0.0000000000E+00,    0.0000000000E+00,    1.0901597241E+01
     31200,      0.676918,CP7_after_upper_clamp,   1,    0.0000000000E+00,    1.0901597241E+01,    1.0901597241E+01,    0.0000000000E+00,    0.0000000000E+00,    0.0000000000E+00,    1.0901597241E+01
     31200,      0.676918,CP8_after_OBC,   1,    0.0000000000E+00,    1.0901597241E+01,    1.0901597241E+01,    0.0000000000E+00,    0.0000000000E+00,    0.0000000000E+00,    1.0901597241E+01
     31200,      0.676918,CP9_after_PTsource,   1,    0.0000000000E+00,    1.0901597241E+01,    1.0901597241E+01,    0.0000000000E+00,    0.0000000000E+00,    0.0000000000E+00,    1.0901597241E+01
     31200,      0.676918,CP10_after_neg_clamp,   1,    0.0000000000E+00,    1.0901597241E+01,    1.0901597241E+01,    0.0000000000E+00,    0.0000000000E+00,    0.0000000000E+00,    1.0901597241E+01
     31200,      0.676918,CP11_after_MPI,   1,    0.0000000000E+00,    1.0901597241E+01,    1.0901597241E+01,    0.0000000000E+00,    0.0000000000E+00,    0.0000000000E+00,    1.0901597241E+01
     31200,      0.676918,CP12_end,   1,    0.0000000000E+00,    1.0901597241E+01,    1.0901597241E+01,    0.0000000000E+00,    0.0000000000E+00,    0.0000000000E+00,    1.0901597241E+01
     31250,      0.676918,CP0_start,   1,    0.0000000000E+00,    1.0935693936E+01,    1.0935693936E+01,    0.0000000000E+00,    0.0000000000E+00,    0.0000000000E+00,    1.0935693936E+01
     31250,      0.676918,CP1_after_deposition,   1,    0.0000000000E+00,    1.0935693936E+01,    1.0935693936E+01,    0.0000000000E+00,    0.0000000000E+00,    0.0000000000E+00,    1.0935693936E+01
     31250,      0.676918,CP2_after_erosion,   1,    0.0000000000E+00,    1.0935693936E+01,    1.0935693936E+01,    0.0000000000E+00,    0.0000000000E+00,    0.0000000000E+00,    1.0935693936E+01
     31250,      0.676918,CP3_after_update_bottom,   1,    0.0000000000E+00,    1.0935693936E+01,    1.0935693936E+01,    0.0000000000E+00,    0.0000000000E+00,    0.0000000000E+00,    1.0935693936E+01
     31250,      0.676918,CP4_after_advection,   1,    0.0000000000E+00,    1.0936460950E+01,    1.0936460950E+01,    0.0000000000E+00,    0.0000000000E+00,    0.0000000000E+00,    1.0936460950E+01
     31250,      0.676918,CP5_after_vdif,   1,    0.0000000000E+00,    1.0936460950E+01,    1.0936460950E+01,    0.0000000000E+00,    0.0000000000E+00,    0.0000000000E+00,    1.0936460950E+01
     31250,      0.676918,CP6_after_kinetics,   1,    0.0000000000E+00,    1.0936460950E+01,    1.0936460950E+01,    0.0000000000E+00,    0.0000000000E+00,    0.0000000000E+00,    1.0936460950E+01
     31250,      0.676918,CP7_after_upper_clamp,   1,    0.0000000000E+00,    1.0936460950E+01,    1.0936460950E+01,    0.0000000000E+00,    0.0000000000E+00,    0.0000000000E+00,    1.0936460950E+01
     31250,      0.676918,CP8_after_OBC,   1,    0.0000000000E+00,    1.0936460950E+01,    1.0936460950E+01,    0.0000000000E+00,    0.0000000000E+00,    0.0000000000E+00,    1.0936460950E+01
     31250,      0.676918,CP9_after_PTsource,   1,    0.0000000000E+00,    1.0936460950E+01,    1.0936460950E+01,    0.0000000000E+00,    0.0000000000E+00,    0.0000000000E+00,    1.0936460950E+01
     31250,      0.676918,CP10_after_neg_clamp,   1,    0.0000000000E+00,    1.0936460950E+01,    1.0936460950E+01,    0.0000000000E+00,    0.0000000000E+00,    0.0000000000E+00,    1.0936460950E+01
     31250,      0.676918,CP11_after_MPI,   1,    0.0000000000E+00,    1.0936460950E+01,    1.0936460950E+01,    0.0000000000E+00,    0.0000000000E+00,    0.0000000000E+00,    1.0936460950E+01
     31250,      0.676918,CP12_end,   1,    0.0000000000E+00,    1.0936460950E+01,    1.0936460950E+01,    0.0000000000E+00,    0.0000000000E+00,    0.0000000000E+00,    1.0936460950E+01
     31300,      0.676918,CP0_start,   1,    0.0000000000E+00,    1.0970594250E+01,    1.0970594250E+01,    0.0000000000E+00,    0.0000000000E+00,    0.0000000000E+00,    1.0970594250E+01
     31300,      0.676918,CP1_after_deposition,   1,    0.0000000000E+00,    1.0970594250E+01,    1.0970594250E+01,    0.0000000000E+00,    0.0000000000E+00,    0.0000000000E+00,    1.0970594250E+01
     31300,      0.676918,CP2_after_erosion,   1,    0.0000000000E+00,    1.0970594250E+01,    1.0970594250E+01,    0.0000000000E+00,    0.0000000000E+00,    0.0000000000E+00,    1.0970594250E+01
     31300,      0.676918,CP3_after_update_bottom,   1,    0.0000000000E+00,    1.0970594250E+01,    1.0970594250E+01,    0.0000000000E+00,    0.0000000000E+00,    0.0000000000E+00,    1.0970594250E+01
     31300,      0.676918,CP4_after_advection,   1,    0.0000000000E+00,    1.0971366814E+01,    1.0971366814E+01,    0.0000000000E+00,    0.0000000000E+00,    0.0000000000E+00,    1.0971366814E+01
     31300,      0.676918,CP5_after_vdif,   1,    0.0000000000E+00,    1.0971366814E+01,    1.0971366814E+01,    0.0000000000E+00,    0.0000000000E+00,    0.0000000000E+00,    1.0971366814E+01
     31300,      0.676918,CP6_after_kinetics,   1,    0.0000000000E+00,    1.0971366814E+01,    1.0971366814E+01,    0.0000000000E+00,    0.0000000000E+00,    0.0000000000E+00,    1.0971366814E+01
     31300,      0.676918,CP7_after_upper_clamp,   1,    0.0000000000E+00,    1.0971366814E+01,    1.0971366814E+01,    0.0000000000E+00,    0.0000000000E+00,    0.0000000000E+00,    1.0971366814E+01
     31300,      0.676918,CP8_after_OBC,   1,    0.0000000000E+00,    1.0971366814E+01,    1.0971366814E+01,    0.0000000000E+00,    0.0000000000E+00,    0.0000000000E+00,    1.0971366814E+01
     31300,      0.676918,CP9_after_PTsource,   1,    0.0000000000E+00,    1.0971366814E+01,    1.0971366814E+01,    0.0000000000E+00,    0.0000000000E+00,    0.0000000000E+00,    1.0971366814E+01
     31300,      0.676918,CP10_after_neg_clamp,   1,    0.0000000000E+00,    1.0971366814E+01,    1.0971366814E+01,    0.0000000000E+00,    0.0000000000E+00,    0.0000000000E+00,    1.0971366814E+01
     31300,      0.676918,CP11_after_MPI,   1,    0.0000000000E+00,    1.0971366814E+01,    1.0971366814E+01,    0.0000000000E+00,    0.0000000000E+00,    0.0000000000E+00,    1.0971366814E+01
     31300,      0.676918,CP12_end,   1,    0.0000000000E+00,    1.0971366814E+01,    1.0971366814E+01,    0.0000000000E+00,    0.0000000000E+00,    0.0000000000E+00,    1.0971366814E+01
     31350,      0.676918,CP0_start,   1,    0.0000000000E+00,    1.1005534692E+01,    1.1005534692E+01,    0.0000000000E+00,    0.0000000000E+00,    0.0000000000E+00,    1.1005534692E+01
     31350,      0.676918,CP1_after_deposition,   1,    0.0000000000E+00,    1.1005534692E+01,    1.1005534692E+01,    0.0000000000E+00,    0.0000000000E+00,    0.0000000000E+00,    1.1005534692E+01
     31350,      0.676918,CP2_after_erosion,   1,    0.0000000000E+00,    1.1005534692E+01,    1.1005534692E+01,    0.0000000000E+00,    0.0000000000E+00,    0.0000000000E+00,    1.1005534692E+01
     31350,      0.676918,CP3_after_update_bottom,   1,    0.0000000000E+00,    1.1005534692E+01,    1.1005534692E+01,    0.0000000000E+00,    0.0000000000E+00,    0.0000000000E+00,    1.1005534692E+01
     31350,      0.676918,CP4_after_advection,   1,    0.0000000000E+00,    1.1006311311E+01,    1.1006311311E+01,    0.0000000000E+00,    0.0000000000E+00,    0.0000000000E+00,    1.1006311311E+01
     31350,      0.676918,CP5_after_vdif,   1,    0.0000000000E+00,    1.1006311311E+01,    1.1006311311E+01,    0.0000000000E+00,    0.0000000000E+00,    0.0000000000E+00,    1.1006311311E+01
     31350,      0.676918,CP6_after_kinetics,   1,    0.0000000000E+00,    1.1006311311E+01,    1.1006311311E+01,    0.0000000000E+00,    0.0000000000E+00,    0.0000000000E+00,    1.1006311311E+01
     31350,      0.676918,CP7_after_upper_clamp,   1,    0.0000000000E+00,    1.1006311311E+01,    1.1006311311E+01,    0.0000000000E+00,    0.0000000000E+00,    0.0000000000E+00,    1.1006311311E+01
     31350,      0.676918,CP8_after_OBC,   1,    0.0000000000E+00,    1.1006311311E+01,    1.1006311311E+01,    0.0000000000E+00,    0.0000000000E+00,    0.0000000000E+00,    1.1006311311E+01
     31350,      0.676918,CP9_after_PTsource,   1,    0.0000000000E+00,    1.1006311311E+01,    1.1006311311E+01,    0.0000000000E+00,    0.0000000000E+00,    0.0000000000E+00,    1.1006311311E+01
     31350,      0.676918,CP10_after_neg_clamp,   1,    0.0000000000E+00,    1.1006311311E+01,    1.1006311311E+01,    0.0000000000E+00,    0.0000000000E+00,    0.0000000000E+00,    1.1006311311E+01
     31350,      0.676918,CP11_after_MPI,   1,    0.0000000000E+00,    1.1006311311E+01,    1.1006311311E+01,    0.0000000000E+00,    0.0000000000E+00,    0.0000000000E+00,    1.1006311311E+01
     31350,      0.676918,CP12_end,   1,    0.0000000000E+00,    1.1006311311E+01,    1.1006311311E+01,    0.0000000000E+00,    0.0000000000E+00,    0.0000000000E+00,    1.1006311311E+01
     31400,      0.676918,CP0_start,   1,    0.0000000000E+00,    1.1040521830E+01,    1.1040521830E+01,    0.0000000000E+00,    0.0000000000E+00,    0.0000000000E+00,    1.1040521830E+01
     31400,      0.676918,CP1_after_deposition,   1,    0.0000000000E+00,    1.1040521830E+01,    1.1040521830E+01,    0.0000000000E+00,    0.0000000000E+00,    0.0000000000E+00,    1.1040521830E+01
     31400,      0.676918,CP2_after_erosion,   1,    0.0000000000E+00,    1.1040521830E+01,    1.1040521830E+01,    0.0000000000E+00,    0.0000000000E+00,    0.0000000000E+00,    1.1040521830E+01
     31400,      0.676918,CP3_after_update_bottom,   1,    0.0000000000E+00,    1.1040521830E+01,    1.1040521830E+01,    0.0000000000E+00,    0.0000000000E+00,    0.0000000000E+00,    1.1040521830E+01
     31400,      0.676918,CP4_after_advection,   1,    0.0000000000E+00,    1.1041303349E+01,    1.1041303349E+01,    0.0000000000E+00,    0.0000000000E+00,    0.0000000000E+00,    1.1041303349E+01
     31400,      0.676918,CP5_after_vdif,   1,    0.0000000000E+00,    1.1041303349E+01,    1.1041303349E+01,    0.0000000000E+00,    0.0000000000E+00,    0.0000000000E+00,    1.1041303349E+01
     31400,      0.676918,CP6_after_kinetics,   1,    0.0000000000E+00,    1.1041303349E+01,    1.1041303349E+01,    0.0000000000E+00,    0.0000000000E+00,    0.0000000000E+00,    1.1041303349E+01
     31400,      0.676918,CP7_after_upper_clamp,   1,    0.0000000000E+00,    1.1041303349E+01,    1.1041303349E+01,    0.0000000000E+00,    0.0000000000E+00,    0.0000000000E+00,    1.1041303349E+01
     31400,      0.676918,CP8_after_OBC,   1,    0.0000000000E+00,    1.1041303349E+01,    1.1041303349E+01,    0.0000000000E+00,    0.0000000000E+00,    0.0000000000E+00,    1.1041303349E+01
     31400,      0.676918,CP9_after_PTsource,   1,    0.0000000000E+00,    1.1041303349E+01,    1.1041303349E+01,    0.0000000000E+00,    0.0000000000E+00,    0.0000000000E+00,    1.1041303349E+01
     31400,      0.676918,CP10_after_neg_clamp,   1,    0.0000000000E+00,    1.1041303349E+01,    1.1041303349E+01,    0.0000000000E+00,    0.0000000000E+00,    0.0000000000E+00,    1.1041303349E+01
     31400,      0.676918,CP11_after_MPI,   1,    0.0000000000E+00,    1.1041303349E+01,    1.1041303349E+01,    0.0000000000E+00,    0.0000000000E+00,    0.0000000000E+00,    1.1041303349E+01
     31400,      0.676918,CP12_end,   1,    0.0000000000E+00,    1.1041303349E+01,    1.1041303349E+01,    0.0000000000E+00,    0.0000000000E+00,    0.0000000000E+00,    1.1041303349E+01
     31450,      0.676918,CP0_start,   1,    0.0000000000E+00,    1.1075548883E+01,    1.1075548883E+01,    0.0000000000E+00,    0.0000000000E+00,    0.0000000000E+00,    1.1075548883E+01
     31450,      0.676918,CP1_after_deposition,   1,    0.0000000000E+00,    1.1075548883E+01,    1.1075548883E+01,    0.0000000000E+00,    0.0000000000E+00,    0.0000000000E+00,    1.1075548883E+01
     31450,      0.676918,CP2_after_erosion,   1,    0.0000000000E+00,    1.1075548883E+01,    1.1075548883E+01,    0.0000000000E+00,    0.0000000000E+00,    0.0000000000E+00,    1.1075548883E+01
     31450,      0.676918,CP3_after_update_bottom,   1,    0.0000000000E+00,    1.1075548883E+01,    1.1075548883E+01,    0.0000000000E+00,    0.0000000000E+00,    0.0000000000E+00,    1.1075548883E+01
     31450,      0.676918,CP4_after_advection,   1,    0.0000000000E+00,    1.1076336166E+01,    1.1076336166E+01,    0.0000000000E+00,    0.0000000000E+00,    0.0000000000E+00,    1.1076336166E+01
     31450,      0.676918,CP5_after_vdif,   1,    0.0000000000E+00,    1.1076336166E+01,    1.1076336166E+01,    0.0000000000E+00,    0.0000000000E+00,    0.0000000000E+00,    1.1076336166E+01
     31450,      0.676918,CP6_after_kinetics,   1,    0.0000000000E+00,    1.1076336166E+01,    1.1076336166E+01,    0.0000000000E+00,    0.0000000000E+00,    0.0000000000E+00,    1.1076336166E+01
     31450,      0.676918,CP7_after_upper_clamp,   1,    0.0000000000E+00,    1.1076336166E+01,    1.1076336166E+01,    0.0000000000E+00,    0.0000000000E+00,    0.0000000000E+00,    1.1076336166E+01
     31450,      0.676918,CP8_after_OBC,   1,    0.0000000000E+00,    1.1076336166E+01,    1.1076336166E+01,    0.0000000000E+00,    0.0000000000E+00,    0.0000000000E+00,    1.1076336166E+01
     31450,      0.676918,CP9_after_PTsource,   1,    0.0000000000E+00,    1.1076336166E+01,    1.1076336166E+01,    0.0000000000E+00,    0.0000000000E+00,    0.0000000000E+00,    1.1076336166E+01
     31450,      0.676918,CP10_after_neg_clamp,   1,    0.0000000000E+00,    1.1076336166E+01,    1.1076336166E+01,    0.0000000000E+00,    0.0000000000E+00,    0.0000000000E+00,    1.1076336166E+01
     31450,      0.676918,CP11_after_MPI,   1,    0.0000000000E+00,    1.1076336166E+01,    1.1076336166E+01,    0.0000000000E+00,    0.0000000000E+00,    0.0000000000E+00,    1.1076336166E+01
     31450,      0.676918,CP12_end,   1,    0.0000000000E+00,    1.1076336166E+01,    1.1076336166E+01,    0.0000000000E+00,    0.0000000000E+00,    0.0000000000E+00,    1.1076336166E+01
     31500,      0.676918,CP0_start,   1,    0.0000000000E+00,    1.1110618988E+01,    1.1110618988E+01,    0.0000000000E+00,    0.0000000000E+00,    0.0000000000E+00,    1.1110618988E+01
     31500,      0.676918,CP1_after_deposition,   1,    0.0000000000E+00,    1.1110618988E+01,    1.1110618988E+01,    0.0000000000E+00,    0.0000000000E+00,    0.0000000000E+00,    1.1110618988E+01
     31500,      0.676918,CP2_after_erosion,   1,    0.0000000000E+00,    1.1110618988E+01,    1.1110618988E+01,    0.0000000000E+00,    0.0000000000E+00,    0.0000000000E+00,    1.1110618988E+01
     31500,      0.676918,CP3_after_update_bottom,   1,    0.0000000000E+00,    1.1110618988E+01,    1.1110618988E+01,    0.0000000000E+00,    0.0000000000E+00,    0.0000000000E+00,    1.1110618988E+01
     31500,      0.676918,CP4_after_advection,   1,    0.0000000000E+00,    1.1111411517E+01,    1.1111411517E+01,    0.0000000000E+00,    0.0000000000E+00,    0.0000000000E+00,    1.1111411517E+01
     31500,      0.676918,CP5_after_vdif,   1,    0.0000000000E+00,    1.1111411517E+01,    1.1111411517E+01,    0.0000000000E+00,    0.0000000000E+00,    0.0000000000E+00,    1.1111411517E+01
     31500,      0.676918,CP6_after_kinetics,   1,    0.0000000000E+00,    1.1111411517E+01,    1.1111411517E+01,    0.0000000000E+00,    0.0000000000E+00,    0.0000000000E+00,    1.1111411517E+01
     31500,      0.676918,CP7_after_upper_clamp,   1,    0.0000000000E+00,    1.1111411517E+01,    1.1111411517E+01,    0.0000000000E+00,    0.0000000000E+00,    0.0000000000E+00,    1.1111411517E+01
     31500,      0.676918,CP8_after_OBC,   1,    0.0000000000E+00,    1.1111411517E+01,    1.1111411517E+01,    0.0000000000E+00,    0.0000000000E+00,    0.0000000000E+00,    1.1111411517E+01
     31500,      0.676918,CP9_after_PTsource,   1,    0.0000000000E+00,    1.1111411517E+01,    1.1111411517E+01,    0.0000000000E+00,    0.0000000000E+00,    0.0000000000E+00,    1.1111411517E+01
     31500,      0.676918,CP10_after_neg_clamp,   1,    0.0000000000E+00,    1.1111411517E+01,    1.1111411517E+01,    0.0000000000E+00,    0.0000000000E+00,    0.0000000000E+00,    1.1111411517E+01
     31500,      0.676918,CP11_after_MPI,   1,    0.0000000000E+00,    1.1111411517E+01,    1.1111411517E+01,    0.0000000000E+00,    0.0000000000E+00,    0.0000000000E+00,    1.1111411517E+01
     31500,      0.676918,CP12_end,   1,    0.0000000000E+00,    1.1111411517E+01,    1.1111411517E+01,    0.0000000000E+00,    0.0000000000E+00,    0.0000000000E+00,    1.1111411517E+01
     31550,      0.676918,CP0_start,   1,    0.0000000000E+00,    1.1145659682E+01,    1.1145659682E+01,    0.0000000000E+00,    0.0000000000E+00,    0.0000000000E+00,    1.1145659682E+01
     31550,      0.676918,CP1_after_deposition,   1,    0.0000000000E+00,    1.1145659682E+01,    1.1145659682E+01,    0.0000000000E+00,    0.0000000000E+00,    0.0000000000E+00,    1.1145659682E+01
     31550,      0.676918,CP2_after_erosion,   1,    0.0000000000E+00,    1.1145659682E+01,    1.1145659682E+01,    0.0000000000E+00,    0.0000000000E+00,    0.0000000000E+00,    1.1145659682E+01
     31550,      0.676918,CP3_after_update_bottom,   1,    0.0000000000E+00,    1.1145659682E+01,    1.1145659682E+01,    0.0000000000E+00,    0.0000000000E+00,    0.0000000000E+00,    1.1145659682E+01
     31550,      0.676918,CP4_after_advection,   1,    0.0000000000E+00,    1.1146457195E+01,    1.1146457195E+01,    0.0000000000E+00,    0.0000000000E+00,    0.0000000000E+00,    1.1146457195E+01
     31550,      0.676918,CP5_after_vdif,   1,    0.0000000000E+00,    1.1146457195E+01,    1.1146457195E+01,    0.0000000000E+00,    0.0000000000E+00,    0.0000000000E+00,    1.1146457195E+01
     31550,      0.676918,CP6_after_kinetics,   1,    0.0000000000E+00,    1.1146457195E+01,    1.1146457195E+01,    0.0000000000E+00,    0.0000000000E+00,    0.0000000000E+00,    1.1146457195E+01
     31550,      0.676918,CP7_after_upper_clamp,   1,    0.0000000000E+00,    1.1146457195E+01,    1.1146457195E+01,    0.0000000000E+00,    0.0000000000E+00,    0.0000000000E+00,    1.1146457195E+01
     31550,      0.676918,CP8_after_OBC,   1,    0.0000000000E+00,    1.1146457195E+01,    1.1146457195E+01,    0.0000000000E+00,    0.0000000000E+00,    0.0000000000E+00,    1.1146457195E+01
     31550,      0.676918,CP9_after_PTsource,   1,    0.0000000000E+00,    1.1146457195E+01,    1.1146457195E+01,    0.0000000000E+00,    0.0000000000E+00,    0.0000000000E+00,    1.1146457195E+01
     31550,      0.676918,CP10_after_neg_clamp,   1,    0.0000000000E+00,    1.1146457195E+01,    1.1146457195E+01,    0.0000000000E+00,    0.0000000000E+00,    0.0000000000E+00,    1.1146457195E+01
     31550,      0.676918,CP11_after_MPI,   1,    0.0000000000E+00,    1.1146457195E+01,    1.1146457195E+01,    0.0000000000E+00,    0.0000000000E+00,    0.0000000000E+00,    1.1146457195E+01
     31550,      0.676918,CP12_end,   1,    0.0000000000E+00,    1.1146457195E+01,    1.1146457195E+01,    0.0000000000E+00,    0.0000000000E+00,    0.0000000000E+00,    1.1146457195E+01
     31600,      0.676918,CP0_start,   1,    0.0000000000E+00,    1.1180739931E+01,    1.1180739931E+01,    0.0000000000E+00,    0.0000000000E+00,    0.0000000000E+00,    1.1180739931E+01
     31600,      0.676918,CP1_after_deposition,   1,    0.0000000000E+00,    1.1180739931E+01,    1.1180739931E+01,    0.0000000000E+00,    0.0000000000E+00,    0.0000000000E+00,    1.1180739931E+01
     31600,      0.676918,CP2_after_erosion,   1,    0.0000000000E+00,    1.1180739931E+01,    1.1180739931E+01,    0.0000000000E+00,    0.0000000000E+00,    0.0000000000E+00,    1.1180739931E+01
     31600,      0.676918,CP3_after_update_bottom,   1,    0.0000000000E+00,    1.1180739931E+01,    1.1180739931E+01,    0.0000000000E+00,    0.0000000000E+00,    0.0000000000E+00,    1.1180739931E+01
     31600,      0.676918,CP4_after_advection,   1,    0.0000000000E+00,    1.1181542121E+01,    1.1181542121E+01,    0.0000000000E+00,    0.0000000000E+00,    0.0000000000E+00,    1.1181542121E+01
     31600,      0.676918,CP5_after_vdif,   1,    0.0000000000E+00,    1.1181542121E+01,    1.1181542121E+01,    0.0000000000E+00,    0.0000000000E+00,    0.0000000000E+00,    1.1181542121E+01
     31600,      0.676918,CP6_after_kinetics,   1,    0.0000000000E+00,    1.1181542121E+01,    1.1181542121E+01,    0.0000000000E+00,    0.0000000000E+00,    0.0000000000E+00,    1.1181542121E+01
     31600,      0.676918,CP7_after_upper_clamp,   1,    0.0000000000E+00,    1.1181542121E+01,    1.1181542121E+01,    0.0000000000E+00,    0.0000000000E+00,    0.0000000000E+00,    1.1181542121E+01
     31600,      0.676918,CP8_after_OBC,   1,    0.0000000000E+00,    1.1181542121E+01,    1.1181542121E+01,    0.0000000000E+00,    0.0000000000E+00,    0.0000000000E+00,    1.1181542121E+01
     31600,      0.676918,CP9_after_PTsource,   1,    0.0000000000E+00,    1.1181542121E+01,    1.1181542121E+01,    0.0000000000E+00,    0.0000000000E+00,    0.0000000000E+00,    1.1181542121E+01
     31600,      0.676918,CP10_after_neg_clamp,   1,    0.0000000000E+00,    1.1181542121E+01,    1.1181542121E+01,    0.0000000000E+00,    0.0000000000E+00,    0.0000000000E+00,    1.1181542121E+01
     31600,      0.676918,CP11_after_MPI,   1,    0.0000000000E+00,    1.1181542121E+01,    1.1181542121E+01,    0.0000000000E+00,    0.0000000000E+00,    0.0000000000E+00,    1.1181542121E+01
     31600,      0.676918,CP12_end,   1,    0.0000000000E+00,    1.1181542121E+01,    1.1181542121E+01,    0.0000000000E+00,    0.0000000000E+00,    0.0000000000E+00,    1.1181542121E+01
     31650,      0.676918,CP0_start,   1,    0.0000000000E+00,    1.1215864021E+01,    1.1215864021E+01,    0.0000000000E+00,    0.0000000000E+00,    0.0000000000E+00,    1.1215864021E+01
     31650,      0.676918,CP1_after_deposition,   1,    0.0000000000E+00,    1.1215864021E+01,    1.1215864021E+01,    0.0000000000E+00,    0.0000000000E+00,    0.0000000000E+00,    1.1215864021E+01
     31650,      0.676918,CP2_after_erosion,   1,    0.0000000000E+00,    1.1215864021E+01,    1.1215864021E+01,    0.0000000000E+00,    0.0000000000E+00,    0.0000000000E+00,    1.1215864021E+01
     31650,      0.676918,CP3_after_update_bottom,   1,    0.0000000000E+00,    1.1215864021E+01,    1.1215864021E+01,    0.0000000000E+00,    0.0000000000E+00,    0.0000000000E+00,    1.1215864021E+01
     31650,      0.676918,CP4_after_advection,   1,    0.0000000000E+00,    1.1216671397E+01,    1.1216671397E+01,    0.0000000000E+00,    0.0000000000E+00,    0.0000000000E+00,    1.1216671397E+01
     31650,      0.676918,CP5_after_vdif,   1,    0.0000000000E+00,    1.1216671397E+01,    1.1216671397E+01,    0.0000000000E+00,    0.0000000000E+00,    0.0000000000E+00,    1.1216671397E+01
     31650,      0.676918,CP6_after_kinetics,   1,    0.0000000000E+00,    1.1216671397E+01,    1.1216671397E+01,    0.0000000000E+00,    0.0000000000E+00,    0.0000000000E+00,    1.1216671397E+01
     31650,      0.676918,CP7_after_upper_clamp,   1,    0.0000000000E+00,    1.1216671397E+01,    1.1216671397E+01,    0.0000000000E+00,    0.0000000000E+00,    0.0000000000E+00,    1.1216671397E+01
     31650,      0.676918,CP8_after_OBC,   1,    0.0000000000E+00,    1.1216671397E+01,    1.1216671397E+01,    0.0000000000E+00,    0.0000000000E+00,    0.0000000000E+00,    1.1216671397E+01
     31650,      0.676918,CP9_after_PTsource,   1,    0.0000000000E+00,    1.1216671397E+01,    1.1216671397E+01,    0.0000000000E+00,    0.0000000000E+00,    0.0000000000E+00,    1.1216671397E+01
     31650,      0.676918,CP10_after_neg_clamp,   1,    0.0000000000E+00,    1.1216671397E+01,    1.1216671397E+01,    0.0000000000E+00,    0.0000000000E+00,    0.0000000000E+00,    1.1216671397E+01
     31650,      0.676918,CP11_after_MPI,   1,    0.0000000000E+00,    1.1216671397E+01,    1.1216671397E+01,    0.0000000000E+00,    0.0000000000E+00,    0.0000000000E+00,    1.1216671397E+01
     31650,      0.676918,CP12_end,   1,    0.0000000000E+00,    1.1216671397E+01,    1.1216671397E+01,    0.0000000000E+00,    0.0000000000E+00,    0.0000000000E+00,    1.1216671397E+01
     31700,      0.676918,CP0_start,   1,    0.0000000000E+00,    1.1251023026E+01,    1.1251023026E+01,    0.0000000000E+00,    0.0000000000E+00,    0.0000000000E+00,    1.1251023026E+01
     31700,      0.676918,CP1_after_deposition,   1,    0.0000000000E+00,    1.1251023026E+01,    1.1251023026E+01,    0.0000000000E+00,    0.0000000000E+00,    0.0000000000E+00,    1.1251023026E+01
     31700,      0.676918,CP2_after_erosion,   1,    0.0000000000E+00,    1.1251023026E+01,    1.1251023026E+01,    0.0000000000E+00,    0.0000000000E+00,    0.0000000000E+00,    1.1251023026E+01
     31700,      0.676918,CP3_after_update_bottom,   1,    0.0000000000E+00,    1.1251023026E+01,    1.1251023026E+01,    0.0000000000E+00,    0.0000000000E+00,    0.0000000000E+00,    1.1251023026E+01
     31700,      0.676918,CP4_after_advection,   1,    0.0000000000E+00,    1.1251834552E+01,    1.1251834552E+01,    0.0000000000E+00,    0.0000000000E+00,    0.0000000000E+00,    1.1251834552E+01
     31700,      0.676918,CP5_after_vdif,   1,    0.0000000000E+00,    1.1251834552E+01,    1.1251834552E+01,    0.0000000000E+00,    0.0000000000E+00,    0.0000000000E+00,    1.1251834552E+01
     31700,      0.676918,CP6_after_kinetics,   1,    0.0000000000E+00,    1.1251834552E+01,    1.1251834552E+01,    0.0000000000E+00,    0.0000000000E+00,    0.0000000000E+00,    1.1251834552E+01
     31700,      0.676918,CP7_after_upper_clamp,   1,    0.0000000000E+00,    1.1251834552E+01,    1.1251834552E+01,    0.0000000000E+00,    0.0000000000E+00,    0.0000000000E+00,    1.1251834552E+01
     31700,      0.676918,CP8_after_OBC,   1,    0.0000000000E+00,    1.1251834552E+01,    1.1251834552E+01,    0.0000000000E+00,    0.0000000000E+00,    0.0000000000E+00,    1.1251834552E+01
     31700,      0.676918,CP9_after_PTsource,   1,    0.0000000000E+00,    1.1251834552E+01,    1.1251834552E+01,    0.0000000000E+00,    0.0000000000E+00,    0.0000000000E+00,    1.1251834552E+01
     31700,      0.676918,CP10_after_neg_clamp,   1,    0.0000000000E+00,    1.1251834552E+01,    1.1251834552E+01,    0.0000000000E+00,    0.0000000000E+00,    0.0000000000E+00,    1.1251834552E+01
     31700,      0.676918,CP11_after_MPI,   1,    0.0000000000E+00,    1.1251834552E+01,    1.1251834552E+01,    0.0000000000E+00,    0.0000000000E+00,    0.0000000000E+00,    1.1251834552E+01
     31700,      0.676918,CP12_end,   1,    0.0000000000E+00,    1.1251834552E+01,    1.1251834552E+01,    0.0000000000E+00,    0.0000000000E+00,    0.0000000000E+00,    1.1251834552E+01
     31750,      0.676918,CP0_start,   1,    0.0000000000E+00,    1.1286220768E+01,    1.1286220768E+01,    0.0000000000E+00,    0.0000000000E+00,    0.0000000000E+00,    1.1286220768E+01
     31750,      0.676918,CP1_after_deposition,   1,    0.0000000000E+00,    1.1286220768E+01,    1.1286220768E+01,    0.0000000000E+00,    0.0000000000E+00,    0.0000000000E+00,    1.1286220768E+01
     31750,      0.676918,CP2_after_erosion,   1,    0.0000000000E+00,    1.1286220768E+01,    1.1286220768E+01,    0.0000000000E+00,    0.0000000000E+00,    0.0000000000E+00,    1.1286220768E+01
     31750,      0.676918,CP3_after_update_bottom,   1,    0.0000000000E+00,    1.1286220768E+01,    1.1286220768E+01,    0.0000000000E+00,    0.0000000000E+00,    0.0000000000E+00,    1.1286220768E+01
     31750,      0.676918,CP4_after_advection,   1,    0.0000000000E+00,    1.1287036049E+01,    1.1287036049E+01,    0.0000000000E+00,    0.0000000000E+00,    0.0000000000E+00,    1.1287036049E+01
     31750,      0.676918,CP5_after_vdif,   1,    0.0000000000E+00,    1.1287036049E+01,    1.1287036049E+01,    0.0000000000E+00,    0.0000000000E+00,    0.0000000000E+00,    1.1287036049E+01
     31750,      0.676918,CP6_after_kinetics,   1,    0.0000000000E+00,    1.1287036049E+01,    1.1287036049E+01,    0.0000000000E+00,    0.0000000000E+00,    0.0000000000E+00,    1.1287036049E+01
     31750,      0.676918,CP7_after_upper_clamp,   1,    0.0000000000E+00,    1.1287036049E+01,    1.1287036049E+01,    0.0000000000E+00,    0.0000000000E+00,    0.0000000000E+00,    1.1287036049E+01
     31750,      0.676918,CP8_after_OBC,   1,    0.0000000000E+00,    1.1287036049E+01,    1.1287036049E+01,    0.0000000000E+00,    0.0000000000E+00,    0.0000000000E+00,    1.1287036049E+01
     31750,      0.676918,CP9_after_PTsource,   1,    0.0000000000E+00,    1.1287036049E+01,    1.1287036049E+01,    0.0000000000E+00,    0.0000000000E+00,    0.0000000000E+00,    1.1287036049E+01
     31750,      0.676918,CP10_after_neg_clamp,   1,    0.0000000000E+00,    1.1287036049E+01,    1.1287036049E+01,    0.0000000000E+00,    0.0000000000E+00,    0.0000000000E+00,    1.1287036049E+01
     31750,      0.676918,CP11_after_MPI,   1,    0.0000000000E+00,    1.1287036049E+01,    1.1287036049E+01,    0.0000000000E+00,    0.0000000000E+00,    0.0000000000E+00,    1.1287036049E+01
     31750,      0.676918,CP12_end,   1,    0.0000000000E+00,    1.1287036049E+01,    1.1287036049E+01,    0.0000000000E+00,    0.0000000000E+00,    0.0000000000E+00,    1.1287036049E+01
     31800,      0.676918,CP0_start,   1,    0.0000000000E+00,    1.1321454317E+01,    1.1321454317E+01,    0.0000000000E+00,    0.0000000000E+00,    0.0000000000E+00,    1.1321454317E+01
     31800,      0.676918,CP1_after_deposition,   1,    0.0000000000E+00,    1.1321454317E+01,    1.1321454317E+01,    0.0000000000E+00,    0.0000000000E+00,    0.0000000000E+00,    1.1321454317E+01
     31800,      0.676918,CP2_after_erosion,   1,    0.0000000000E+00,    1.1321454317E+01,    1.1321454317E+01,    0.0000000000E+00,    0.0000000000E+00,    0.0000000000E+00,    1.1321454317E+01
     31800,      0.676918,CP3_after_update_bottom,   1,    0.0000000000E+00,    1.1321454317E+01,    1.1321454317E+01,    0.0000000000E+00,    0.0000000000E+00,    0.0000000000E+00,    1.1321454317E+01
     31800,      0.676918,CP4_after_advection,   1,    0.0000000000E+00,    1.1322273245E+01,    1.1322273245E+01,    0.0000000000E+00,    0.0000000000E+00,    0.0000000000E+00,    1.1322273245E+01
     31800,      0.676918,CP5_after_vdif,   1,    0.0000000000E+00,    1.1322273245E+01,    1.1322273245E+01,    0.0000000000E+00,    0.0000000000E+00,    0.0000000000E+00,    1.1322273245E+01
     31800,      0.676918,CP6_after_kinetics,   1,    0.0000000000E+00,    1.1322273245E+01,    1.1322273245E+01,    0.0000000000E+00,    0.0000000000E+00,    0.0000000000E+00,    1.1322273245E+01
     31800,      0.676918,CP7_after_upper_clamp,   1,    0.0000000000E+00,    1.1322273245E+01,    1.1322273245E+01,    0.0000000000E+00,    0.0000000000E+00,    0.0000000000E+00,    1.1322273245E+01
     31800,      0.676918,CP8_after_OBC,   1,    0.0000000000E+00,    1.1322273245E+01,    1.1322273245E+01,    0.0000000000E+00,    0.0000000000E+00,    0.0000000000E+00,    1.1322273245E+01
     31800,      0.676918,CP9_after_PTsource,   1,    0.0000000000E+00,    1.1322273245E+01,    1.1322273245E+01,    0.0000000000E+00,    0.0000000000E+00,    0.0000000000E+00,    1.1322273245E+01
     31800,      0.676918,CP10_after_neg_clamp,   1,    0.0000000000E+00,    1.1322273245E+01,    1.1322273245E+01,    0.0000000000E+00,    0.0000000000E+00,    0.0000000000E+00,    1.1322273245E+01
     31800,      0.676918,CP11_after_MPI,   1,    0.0000000000E+00,    1.1322273245E+01,    1.1322273245E+01,    0.0000000000E+00,    0.0000000000E+00,    0.0000000000E+00,    1.1322273245E+01
     31800,      0.676918,CP12_end,   1,    0.0000000000E+00,    1.1322273245E+01,    1.1322273245E+01,    0.0000000000E+00,    0.0000000000E+00,    0.0000000000E+00,    1.1322273245E+01
     31850,      0.676918,CP0_start,   1,    0.0000000000E+00,    1.1356714839E+01,    1.1356714839E+01,    0.0000000000E+00,    0.0000000000E+00,    0.0000000000E+00,    1.1356714839E+01
     31850,      0.676918,CP1_after_deposition,   1,    0.0000000000E+00,    1.1356714839E+01,    1.1356714839E+01,    0.0000000000E+00,    0.0000000000E+00,    0.0000000000E+00,    1.1356714839E+01
     31850,      0.676918,CP2_after_erosion,   1,    0.0000000000E+00,    1.1356714839E+01,    1.1356714839E+01,    0.0000000000E+00,    0.0000000000E+00,    0.0000000000E+00,    1.1356714839E+01
     31850,      0.676918,CP3_after_update_bottom,   1,    0.0000000000E+00,    1.1356714839E+01,    1.1356714839E+01,    0.0000000000E+00,    0.0000000000E+00,    0.0000000000E+00,    1.1356714839E+01
     31850,      0.676918,CP4_after_advection,   1,    0.0000000000E+00,    1.1357538902E+01,    1.1357538902E+01,    0.0000000000E+00,    0.0000000000E+00,    0.0000000000E+00,    1.1357538902E+01
     31850,      0.676918,CP5_after_vdif,   1,    0.0000000000E+00,    1.1357538902E+01,    1.1357538902E+01,    0.0000000000E+00,    0.0000000000E+00,    0.0000000000E+00,    1.1357538902E+01
     31850,      0.676918,CP6_after_kinetics,   1,    0.0000000000E+00,    1.1357538902E+01,    1.1357538902E+01,    0.0000000000E+00,    0.0000000000E+00,    0.0000000000E+00,    1.1357538902E+01
     31850,      0.676918,CP7_after_upper_clamp,   1,    0.0000000000E+00,    1.1357538902E+01,    1.1357538902E+01,    0.0000000000E+00,    0.0000000000E+00,    0.0000000000E+00,    1.1357538902E+01
     31850,      0.676918,CP8_after_OBC,   1,    0.0000000000E+00,    1.1357538902E+01,    1.1357538902E+01,    0.0000000000E+00,    0.0000000000E+00,    0.0000000000E+00,    1.1357538902E+01
     31850,      0.676918,CP9_after_PTsource,   1,    0.0000000000E+00,    1.1357538902E+01,    1.1357538902E+01,    0.0000000000E+00,    0.0000000000E+00,    0.0000000000E+00,    1.1357538902E+01
     31850,      0.676918,CP10_after_neg_clamp,   1,    0.0000000000E+00,    1.1357538902E+01,    1.1357538902E+01,    0.0000000000E+00,    0.0000000000E+00,    0.0000000000E+00,    1.1357538902E+01
     31850,      0.676918,CP11_after_MPI,   1,    0.0000000000E+00,    1.1357538902E+01,    1.1357538902E+01,    0.0000000000E+00,    0.0000000000E+00,    0.0000000000E+00,    1.1357538902E+01
     31850,      0.676918,CP12_end,   1,    0.0000000000E+00,    1.1357538902E+01,    1.1357538902E+01,    0.0000000000E+00,    0.0000000000E+00,    0.0000000000E+00,    1.1357538902E+01
     31900,      0.676918,CP0_start,   1,    0.0000000000E+00,    1.1392009618E+01,    1.1392009618E+01,    0.0000000000E+00,    0.0000000000E+00,    0.0000000000E+00,    1.1392009618E+01
     31900,      0.676918,CP1_after_deposition,   1,    0.0000000000E+00,    1.1392009618E+01,    1.1392009618E+01,    0.0000000000E+00,    0.0000000000E+00,    0.0000000000E+00,    1.1392009618E+01
     31900,      0.676918,CP2_after_erosion,   1,    0.0000000000E+00,    1.1392009618E+01,    1.1392009618E+01,    0.0000000000E+00,    0.0000000000E+00,    0.0000000000E+00,    1.1392009618E+01
     31900,      0.676918,CP3_after_update_bottom,   1,    0.0000000000E+00,    1.1392009618E+01,    1.1392009618E+01,    0.0000000000E+00,    0.0000000000E+00,    0.0000000000E+00,    1.1392009618E+01
     31900,      0.676918,CP4_after_advection,   1,    0.0000000000E+00,    1.1392836770E+01,    1.1392836770E+01,    0.0000000000E+00,    0.0000000000E+00,    0.0000000000E+00,    1.1392836770E+01
     31900,      0.676918,CP5_after_vdif,   1,    0.0000000000E+00,    1.1392836770E+01,    1.1392836770E+01,    0.0000000000E+00,    0.0000000000E+00,    0.0000000000E+00,    1.1392836770E+01
     31900,      0.676918,CP6_after_kinetics,   1,    0.0000000000E+00,    1.1392836770E+01,    1.1392836770E+01,    0.0000000000E+00,    0.0000000000E+00,    0.0000000000E+00,    1.1392836770E+01
     31900,      0.676918,CP7_after_upper_clamp,   1,    0.0000000000E+00,    1.1392836770E+01,    1.1392836770E+01,    0.0000000000E+00,    0.0000000000E+00,    0.0000000000E+00,    1.1392836770E+01
     31900,      0.676918,CP8_after_OBC,   1,    0.0000000000E+00,    1.1392836770E+01,    1.1392836770E+01,    0.0000000000E+00,    0.0000000000E+00,    0.0000000000E+00,    1.1392836770E+01
     31900,      0.676918,CP9_after_PTsource,   1,    0.0000000000E+00,    1.1392836770E+01,    1.1392836770E+01,    0.0000000000E+00,    0.0000000000E+00,    0.0000000000E+00,    1.1392836770E+01
     31900,      0.676918,CP10_after_neg_clamp,   1,    0.0000000000E+00,    1.1392836770E+01,    1.1392836770E+01,    0.0000000000E+00,    0.0000000000E+00,    0.0000000000E+00,    1.1392836770E+01
     31900,      0.676918,CP11_after_MPI,   1,    0.0000000000E+00,    1.1392836770E+01,    1.1392836770E+01,    0.0000000000E+00,    0.0000000000E+00,    0.0000000000E+00,    1.1392836770E+01
     31900,      0.676918,CP12_end,   1,    0.0000000000E+00,    1.1392836770E+01,    1.1392836770E+01,    0.0000000000E+00,    0.0000000000E+00,    0.0000000000E+00,    1.1392836770E+01
     31950,      0.676918,CP0_start,   1,    0.0000000000E+00,    1.1427337274E+01,    1.1427337274E+01,    0.0000000000E+00,    0.0000000000E+00,    0.0000000000E+00,    1.1427337274E+01
     31950,      0.676918,CP1_after_deposition,   1,    0.0000000000E+00,    1.1427337274E+01,    1.1427337274E+01,    0.0000000000E+00,    0.0000000000E+00,    0.0000000000E+00,    1.1427337274E+01
     31950,      0.676918,CP2_after_erosion,   1,    0.0000000000E+00,    1.1427337274E+01,    1.1427337274E+01,    0.0000000000E+00,    0.0000000000E+00,    0.0000000000E+00,    1.1427337274E+01
     31950,      0.676918,CP3_after_update_bottom,   1,    0.0000000000E+00,    1.1427337274E+01,    1.1427337274E+01,    0.0000000000E+00,    0.0000000000E+00,    0.0000000000E+00,    1.1427337274E+01
     31950,      0.676918,CP4_after_advection,   1,    0.0000000000E+00,    1.1428168107E+01,    1.1428168107E+01,    0.0000000000E+00,    0.0000000000E+00,    0.0000000000E+00,    1.1428168107E+01
     31950,      0.676918,CP5_after_vdif,   1,    0.0000000000E+00,    1.1428168107E+01,    1.1428168107E+01,    0.0000000000E+00,    0.0000000000E+00,    0.0000000000E+00,    1.1428168107E+01
     31950,      0.676918,CP6_after_kinetics,   1,    0.0000000000E+00,    1.1428168107E+01,    1.1428168107E+01,    0.0000000000E+00,    0.0000000000E+00,    0.0000000000E+00,    1.1428168107E+01
     31950,      0.676918,CP7_after_upper_clamp,   1,    0.0000000000E+00,    1.1428168107E+01,    1.1428168107E+01,    0.0000000000E+00,    0.0000000000E+00,    0.0000000000E+00,    1.1428168107E+01
     31950,      0.676918,CP8_after_OBC,   1,    0.0000000000E+00,    1.1428168107E+01,    1.1428168107E+01,    0.0000000000E+00,    0.0000000000E+00,    0.0000000000E+00,    1.1428168107E+01
     31950,      0.676918,CP9_after_PTsource,   1,    0.0000000000E+00,    1.1428168107E+01,    1.1428168107E+01,    0.0000000000E+00,    0.0000000000E+00,    0.0000000000E+00,    1.1428168107E+01
     31950,      0.676918,CP10_after_neg_clamp,   1,    0.0000000000E+00,    1.1428168107E+01,    1.1428168107E+01,    0.0000000000E+00,    0.0000000000E+00,    0.0000000000E+00,    1.1428168107E+01
     31950,      0.676918,CP11_after_MPI,   1,    0.0000000000E+00,    1.1428168107E+01,    1.1428168107E+01,    0.0000000000E+00,    0.0000000000E+00,    0.0000000000E+00,    1.1428168107E+01
     31950,      0.676918,CP12_end,   1,    0.0000000000E+00,    1.1428168107E+01,    1.1428168107E+01,    0.0000000000E+00,    0.0000000000E+00,    0.0000000000E+00,    1.1428168107E+01
     32000,      0.676918,CP0_start,   1,    0.0000000000E+00,    1.1462688447E+01,    1.1462688447E+01,    0.0000000000E+00,    0.0000000000E+00,    0.0000000000E+00,    1.1462688447E+01
     32000,      0.676918,CP1_after_deposition,   1,    0.0000000000E+00,    1.1462688447E+01,    1.1462688447E+01,    0.0000000000E+00,    0.0000000000E+00,    0.0000000000E+00,    1.1462688447E+01
     32000,      0.676918,CP2_after_erosion,   1,    0.0000000000E+00,    1.1462688447E+01,    1.1462688447E+01,    0.0000000000E+00,    0.0000000000E+00,    0.0000000000E+00,    1.1462688447E+01
     32000,      0.676918,CP3_after_update_bottom,   1,    0.0000000000E+00,    1.1462688447E+01,    1.1462688447E+01,    0.0000000000E+00,    0.0000000000E+00,    0.0000000000E+00,    1.1462688447E+01
     32000,      0.676918,CP4_after_advection,   1,    0.0000000000E+00,    1.1463523328E+01,    1.1463523328E+01,    0.0000000000E+00,    0.0000000000E+00,    0.0000000000E+00,    1.1463523328E+01
     32000,      0.676918,CP5_after_vdif,   1,    0.0000000000E+00,    1.1463523328E+01,    1.1463523328E+01,    0.0000000000E+00,    0.0000000000E+00,    0.0000000000E+00,    1.1463523328E+01
     32000,      0.676918,CP6_after_kinetics,   1,    0.0000000000E+00,    1.1463523328E+01,    1.1463523328E+01,    0.0000000000E+00,    0.0000000000E+00,    0.0000000000E+00,    1.1463523328E+01
     32000,      0.676918,CP7_after_upper_clamp,   1,    0.0000000000E+00,    1.1463523328E+01,    1.1463523328E+01,    0.0000000000E+00,    0.0000000000E+00,    0.0000000000E+00,    1.1463523328E+01
     32000,      0.676918,CP8_after_OBC,   1,    0.0000000000E+00,    1.1463523328E+01,    1.1463523328E+01,    0.0000000000E+00,    0.0000000000E+00,    0.0000000000E+00,    1.1463523328E+01
     32000,      0.676918,CP9_after_PTsource,   1,    0.0000000000E+00,    1.1463523328E+01,    1.1463523328E+01,    0.0000000000E+00,    0.0000000000E+00,    0.0000000000E+00,    1.1463523328E+01
     32000,      0.676918,CP10_after_neg_clamp,   1,    0.0000000000E+00,    1.1463523328E+01,    1.1463523328E+01,    0.0000000000E+00,    0.0000000000E+00,    0.0000000000E+00,    1.1463523328E+01
     32000,      0.676918,CP11_after_MPI,   1,    0.0000000000E+00,    1.1463523328E+01,    1.1463523328E+01,    0.0000000000E+00,    0.0000000000E+00,    0.0000000000E+00,    1.1463523328E+01
     32000,      0.676918,CP12_end,   1,    0.0000000000E+00,    1.1463523328E+01,    1.1463523328E+01,    0.0000000000E+00,    0.0000000000E+00,    0.0000000000E+00,    1.1463523328E+01
     32050,      0.676918,CP0_start,   1,    0.0000000000E+00,    1.1498062055E+01,    1.1498062055E+01,    0.0000000000E+00,    0.0000000000E+00,    0.0000000000E+00,    1.1498062055E+01
     32050,      0.676918,CP1_after_deposition,   1,    0.0000000000E+00,    1.1498062055E+01,    1.1498062055E+01,    0.0000000000E+00,    0.0000000000E+00,    0.0000000000E+00,    1.1498062055E+01
     32050,      0.676918,CP2_after_erosion,   1,    0.0000000000E+00,    1.1498062055E+01,    1.1498062055E+01,    0.0000000000E+00,    0.0000000000E+00,    0.0000000000E+00,    1.1498062055E+01
     32050,      0.676918,CP3_after_update_bottom,   1,    0.0000000000E+00,    1.1498062055E+01,    1.1498062055E+01,    0.0000000000E+00,    0.0000000000E+00,    0.0000000000E+00,    1.1498062055E+01
     32050,      0.676918,CP4_after_advection,   1,    0.0000000000E+00,    1.1498901216E+01,    1.1498901216E+01,    0.0000000000E+00,    0.0000000000E+00,    0.0000000000E+00,    1.1498901216E+01
     32050,      0.676918,CP5_after_vdif,   1,    0.0000000000E+00,    1.1498901216E+01,    1.1498901216E+01,    0.0000000000E+00,    0.0000000000E+00,    0.0000000000E+00,    1.1498901216E+01
     32050,      0.676918,CP6_after_kinetics,   1,    0.0000000000E+00,    1.1498901216E+01,    1.1498901216E+01,    0.0000000000E+00,    0.0000000000E+00,    0.0000000000E+00,    1.1498901216E+01
     32050,      0.676918,CP7_after_upper_clamp,   1,    0.0000000000E+00,    1.1498901216E+01,    1.1498901216E+01,    0.0000000000E+00,    0.0000000000E+00,    0.0000000000E+00,    1.1498901216E+01
     32050,      0.676918,CP8_after_OBC,   1,    0.0000000000E+00,    1.1498901216E+01,    1.1498901216E+01,    0.0000000000E+00,    0.0000000000E+00,    0.0000000000E+00,    1.1498901216E+01
     32050,      0.676918,CP9_after_PTsource,   1,    0.0000000000E+00,    1.1498901216E+01,    1.1498901216E+01,    0.0000000000E+00,    0.0000000000E+00,    0.0000000000E+00,    1.1498901216E+01
     32050,      0.676918,CP10_after_neg_clamp,   1,    0.0000000000E+00,    1.1498901216E+01,    1.1498901216E+01,    0.0000000000E+00,    0.0000000000E+00,    0.0000000000E+00,    1.1498901216E+01
     32050,      0.676918,CP11_after_MPI,   1,    0.0000000000E+00,    1.1498901216E+01,    1.1498901216E+01,    0.0000000000E+00,    0.0000000000E+00,    0.0000000000E+00,    1.1498901216E+01
     32050,      0.676918,CP12_end,   1,    0.0000000000E+00,    1.1498901216E+01,    1.1498901216E+01,    0.0000000000E+00,    0.0000000000E+00,    0.0000000000E+00,    1.1498901216E+01
     32100,      0.676918,CP0_start,   1,    0.0000000000E+00,    1.1533466660E+01,    1.1533466660E+01,    0.0000000000E+00,    0.0000000000E+00,    0.0000000000E+00,    1.1533466660E+01
     32100,      0.676918,CP1_after_deposition,   1,    0.0000000000E+00,    1.1533466660E+01,    1.1533466660E+01,    0.0000000000E+00,    0.0000000000E+00,    0.0000000000E+00,    1.1533466660E+01
     32100,      0.676918,CP2_after_erosion,   1,    0.0000000000E+00,    1.1533466660E+01,    1.1533466660E+01,    0.0000000000E+00,    0.0000000000E+00,    0.0000000000E+00,    1.1533466660E+01
     32100,      0.676918,CP3_after_update_bottom,   1,    0.0000000000E+00,    1.1533466660E+01,    1.1533466660E+01,    0.0000000000E+00,    0.0000000000E+00,    0.0000000000E+00,    1.1533466660E+01
     32100,      0.676918,CP4_after_advection,   1,    0.0000000000E+00,    1.1534309730E+01,    1.1534309730E+01,    0.0000000000E+00,    0.0000000000E+00,    0.0000000000E+00,    1.1534309730E+01
     32100,      0.676918,CP5_after_vdif,   1,    0.0000000000E+00,    1.1534309730E+01,    1.1534309730E+01,    0.0000000000E+00,    0.0000000000E+00,    0.0000000000E+00,    1.1534309730E+01
     32100,      0.676918,CP6_after_kinetics,   1,    0.0000000000E+00,    1.1534309730E+01,    1.1534309730E+01,    0.0000000000E+00,    0.0000000000E+00,    0.0000000000E+00,    1.1534309730E+01
     32100,      0.676918,CP7_after_upper_clamp,   1,    0.0000000000E+00,    1.1534309730E+01,    1.1534309730E+01,    0.0000000000E+00,    0.0000000000E+00,    0.0000000000E+00,    1.1534309730E+01
     32100,      0.676918,CP8_after_OBC,   1,    0.0000000000E+00,    1.1534309730E+01,    1.1534309730E+01,    0.0000000000E+00,    0.0000000000E+00,    0.0000000000E+00,    1.1534309730E+01
     32100,      0.676918,CP9_after_PTsource,   1,    0.0000000000E+00,    1.1534309730E+01,    1.1534309730E+01,    0.0000000000E+00,    0.0000000000E+00,    0.0000000000E+00,    1.1534309730E+01
     32100,      0.676918,CP10_after_neg_clamp,   1,    0.0000000000E+00,    1.1534309730E+01,    1.1534309730E+01,    0.0000000000E+00,    0.0000000000E+00,    0.0000000000E+00,    1.1534309730E+01
     32100,      0.676918,CP11_after_MPI,   1,    0.0000000000E+00,    1.1534309730E+01,    1.1534309730E+01,    0.0000000000E+00,    0.0000000000E+00,    0.0000000000E+00,    1.1534309730E+01
     32100,      0.676918,CP12_end,   1,    0.0000000000E+00,    1.1534309730E+01,    1.1534309730E+01,    0.0000000000E+00,    0.0000000000E+00,    0.0000000000E+00,    1.1534309730E+01
     32150,      0.676918,CP0_start,   1,    0.0000000000E+00,    1.1568890327E+01,    1.1568890327E+01,    0.0000000000E+00,    0.0000000000E+00,    0.0000000000E+00,    1.1568890327E+01
     32150,      0.676918,CP1_after_deposition,   1,    0.0000000000E+00,    1.1568890327E+01,    1.1568890327E+01,    0.0000000000E+00,    0.0000000000E+00,    0.0000000000E+00,    1.1568890327E+01
     32150,      0.676918,CP2_after_erosion,   1,    0.0000000000E+00,    1.1568890327E+01,    1.1568890327E+01,    0.0000000000E+00,    0.0000000000E+00,    0.0000000000E+00,    1.1568890327E+01
     32150,      0.676918,CP3_after_update_bottom,   1,    0.0000000000E+00,    1.1568890327E+01,    1.1568890327E+01,    0.0000000000E+00,    0.0000000000E+00,    0.0000000000E+00,    1.1568890327E+01
     32150,      0.676918,CP4_after_advection,   1,    0.0000000000E+00,    1.1569738205E+01,    1.1569738205E+01,    0.0000000000E+00,    0.0000000000E+00,    0.0000000000E+00,    1.1569738205E+01
     32150,      0.676918,CP5_after_vdif,   1,    0.0000000000E+00,    1.1569738205E+01,    1.1569738205E+01,    0.0000000000E+00,    0.0000000000E+00,    0.0000000000E+00,    1.1569738205E+01
     32150,      0.676918,CP6_after_kinetics,   1,    0.0000000000E+00,    1.1569738205E+01,    1.1569738205E+01,    0.0000000000E+00,    0.0000000000E+00,    0.0000000000E+00,    1.1569738205E+01
     32150,      0.676918,CP7_after_upper_clamp,   1,    0.0000000000E+00,    1.1569738205E+01,    1.1569738205E+01,    0.0000000000E+00,    0.0000000000E+00,    0.0000000000E+00,    1.1569738205E+01
     32150,      0.676918,CP8_after_OBC,   1,    0.0000000000E+00,    1.1569738205E+01,    1.1569738205E+01,    0.0000000000E+00,    0.0000000000E+00,    0.0000000000E+00,    1.1569738205E+01
     32150,      0.676918,CP9_after_PTsource,   1,    0.0000000000E+00,    1.1569738205E+01,    1.1569738205E+01,    0.0000000000E+00,    0.0000000000E+00,    0.0000000000E+00,    1.1569738205E+01
     32150,      0.676918,CP10_after_neg_clamp,   1,    0.0000000000E+00,    1.1569738205E+01,    1.1569738205E+01,    0.0000000000E+00,    0.0000000000E+00,    0.0000000000E+00,    1.1569738205E+01
     32150,      0.676918,CP11_after_MPI,   1,    0.0000000000E+00,    1.1569738205E+01,    1.1569738205E+01,    0.0000000000E+00,    0.0000000000E+00,    0.0000000000E+00,    1.1569738205E+01
     32150,      0.676918,CP12_end,   1,    0.0000000000E+00,    1.1569738205E+01,    1.1569738205E+01,    0.0000000000E+00,    0.0000000000E+00,    0.0000000000E+00,    1.1569738205E+01
     32200,      0.676918,CP0_start,   1,    0.0000000000E+00,    1.1604340176E+01,    1.1604340176E+01,    0.0000000000E+00,    0.0000000000E+00,    0.0000000000E+00,    1.1604340176E+01
     32200,      0.676918,CP1_after_deposition,   1,    0.0000000000E+00,    1.1604340176E+01,    1.1604340176E+01,    0.0000000000E+00,    0.0000000000E+00,    0.0000000000E+00,    1.1604340176E+01
     32200,      0.676918,CP2_after_erosion,   1,    0.0000000000E+00,    1.1604340176E+01,    1.1604340176E+01,    0.0000000000E+00,    0.0000000000E+00,    0.0000000000E+00,    1.1604340176E+01
     32200,      0.676918,CP3_after_update_bottom,   1,    0.0000000000E+00,    1.1604340176E+01,    1.1604340176E+01,    0.0000000000E+00,    0.0000000000E+00,    0.0000000000E+00,    1.1604340176E+01
     32200,      0.676918,CP4_after_advection,   1,    0.0000000000E+00,    1.1605192899E+01,    1.1605192899E+01,    0.0000000000E+00,    0.0000000000E+00,    0.0000000000E+00,    1.1605192899E+01
     32200,      0.676918,CP5_after_vdif,   1,    0.0000000000E+00,    1.1605192899E+01,    1.1605192899E+01,    0.0000000000E+00,    0.0000000000E+00,    0.0000000000E+00,    1.1605192899E+01
     32200,      0.676918,CP6_after_kinetics,   1,    0.0000000000E+00,    1.1605192899E+01,    1.1605192899E+01,    0.0000000000E+00,    0.0000000000E+00,    0.0000000000E+00,    1.1605192899E+01
     32200,      0.676918,CP7_after_upper_clamp,   1,    0.0000000000E+00,    1.1605192899E+01,    1.1605192899E+01,    0.0000000000E+00,    0.0000000000E+00,    0.0000000000E+00,    1.1605192899E+01
     32200,      0.676918,CP8_after_OBC,   1,    0.0000000000E+00,    1.1605192899E+01,    1.1605192899E+01,    0.0000000000E+00,    0.0000000000E+00,    0.0000000000E+00,    1.1605192899E+01
     32200,      0.676918,CP9_after_PTsource,   1,    0.0000000000E+00,    1.1605192899E+01,    1.1605192899E+01,    0.0000000000E+00,    0.0000000000E+00,    0.0000000000E+00,    1.1605192899E+01
     32200,      0.676918,CP10_after_neg_clamp,   1,    0.0000000000E+00,    1.1605192899E+01,    1.1605192899E+01,    0.0000000000E+00,    0.0000000000E+00,    0.0000000000E+00,    1.1605192899E+01
     32200,      0.676918,CP11_after_MPI,   1,    0.0000000000E+00,    1.1605192899E+01,    1.1605192899E+01,    0.0000000000E+00,    0.0000000000E+00,    0.0000000000E+00,    1.1605192899E+01
     32200,      0.676918,CP12_end,   1,    0.0000000000E+00,    1.1605192899E+01,    1.1605192899E+01,    0.0000000000E+00,    0.0000000000E+00,    0.0000000000E+00,    1.1605192899E+01
     32250,      0.676918,CP0_start,   1,    0.0000000000E+00,    1.1639818279E+01,    1.1639818279E+01,    0.0000000000E+00,    0.0000000000E+00,    0.0000000000E+00,    1.1639818279E+01
     32250,      0.676918,CP1_after_deposition,   1,    0.0000000000E+00,    1.1639818279E+01,    1.1639818279E+01,    0.0000000000E+00,    0.0000000000E+00,    0.0000000000E+00,    1.1639818279E+01
     32250,      0.676918,CP2_after_erosion,   1,    0.0000000000E+00,    1.1639818279E+01,    1.1639818279E+01,    0.0000000000E+00,    0.0000000000E+00,    0.0000000000E+00,    1.1639818279E+01
     32250,      0.676918,CP3_after_update_bottom,   1,    0.0000000000E+00,    1.1639818279E+01,    1.1639818279E+01,    0.0000000000E+00,    0.0000000000E+00,    0.0000000000E+00,    1.1639818279E+01
     32250,      0.676918,CP4_after_advection,   1,    0.0000000000E+00,    1.1640675201E+01,    1.1640675201E+01,    0.0000000000E+00,    0.0000000000E+00,    0.0000000000E+00,    1.1640675201E+01
     32250,      0.676918,CP5_after_vdif,   1,    0.0000000000E+00,    1.1640675201E+01,    1.1640675201E+01,    0.0000000000E+00,    0.0000000000E+00,    0.0000000000E+00,    1.1640675201E+01
     32250,      0.676918,CP6_after_kinetics,   1,    0.0000000000E+00,    1.1640675201E+01,    1.1640675201E+01,    0.0000000000E+00,    0.0000000000E+00,    0.0000000000E+00,    1.1640675201E+01
     32250,      0.676918,CP7_after_upper_clamp,   1,    0.0000000000E+00,    1.1640675201E+01,    1.1640675201E+01,    0.0000000000E+00,    0.0000000000E+00,    0.0000000000E+00,    1.1640675201E+01
     32250,      0.676918,CP8_after_OBC,   1,    0.0000000000E+00,    1.1640675201E+01,    1.1640675201E+01,    0.0000000000E+00,    0.0000000000E+00,    0.0000000000E+00,    1.1640675201E+01
     32250,      0.676918,CP9_after_PTsource,   1,    0.0000000000E+00,    1.1640675201E+01,    1.1640675201E+01,    0.0000000000E+00,    0.0000000000E+00,    0.0000000000E+00,    1.1640675201E+01
     32250,      0.676918,CP10_after_neg_clamp,   1,    0.0000000000E+00,    1.1640675201E+01,    1.1640675201E+01,    0.0000000000E+00,    0.0000000000E+00,    0.0000000000E+00,    1.1640675201E+01
     32250,      0.676918,CP11_after_MPI,   1,    0.0000000000E+00,    1.1640675201E+01,    1.1640675201E+01,    0.0000000000E+00,    0.0000000000E+00,    0.0000000000E+00,    1.1640675201E+01
     32250,      0.676918,CP12_end,   1,    0.0000000000E+00,    1.1640675201E+01,    1.1640675201E+01,    0.0000000000E+00,    0.0000000000E+00,    0.0000000000E+00,    1.1640675201E+01
     32300,      0.676918,CP0_start,   1,    0.0000000000E+00,    1.1675321554E+01,    1.1675321554E+01,    0.0000000000E+00,    0.0000000000E+00,    0.0000000000E+00,    1.1675321554E+01
     32300,      0.676918,CP1_after_deposition,   1,    0.0000000000E+00,    1.1675321554E+01,    1.1675321554E+01,    0.0000000000E+00,    0.0000000000E+00,    0.0000000000E+00,    1.1675321554E+01
     32300,      0.676918,CP2_after_erosion,   1,    0.0000000000E+00,    1.1675321554E+01,    1.1675321554E+01,    0.0000000000E+00,    0.0000000000E+00,    0.0000000000E+00,    1.1675321554E+01
     32300,      0.676918,CP3_after_update_bottom,   1,    0.0000000000E+00,    1.1675321554E+01,    1.1675321554E+01,    0.0000000000E+00,    0.0000000000E+00,    0.0000000000E+00,    1.1675321554E+01
     32300,      0.676918,CP4_after_advection,   1,    0.0000000000E+00,    1.1676182717E+01,    1.1676182717E+01,    0.0000000000E+00,    0.0000000000E+00,    0.0000000000E+00,    1.1676182717E+01
     32300,      0.676918,CP5_after_vdif,   1,    0.0000000000E+00,    1.1676182717E+01,    1.1676182717E+01,    0.0000000000E+00,    0.0000000000E+00,    0.0000000000E+00,    1.1676182717E+01
     32300,      0.676918,CP6_after_kinetics,   1,    0.0000000000E+00,    1.1676182717E+01,    1.1676182717E+01,    0.0000000000E+00,    0.0000000000E+00,    0.0000000000E+00,    1.1676182717E+01
     32300,      0.676918,CP7_after_upper_clamp,   1,    0.0000000000E+00,    1.1676182717E+01,    1.1676182717E+01,    0.0000000000E+00,    0.0000000000E+00,    0.0000000000E+00,    1.1676182717E+01
     32300,      0.676918,CP8_after_OBC,   1,    0.0000000000E+00,    1.1676182717E+01,    1.1676182717E+01,    0.0000000000E+00,    0.0000000000E+00,    0.0000000000E+00,    1.1676182717E+01
     32300,      0.676918,CP9_after_PTsource,   1,    0.0000000000E+00,    1.1676182717E+01,    1.1676182717E+01,    0.0000000000E+00,    0.0000000000E+00,    0.0000000000E+00,    1.1676182717E+01
     32300,      0.676918,CP10_after_neg_clamp,   1,    0.0000000000E+00,    1.1676182717E+01,    1.1676182717E+01,    0.0000000000E+00,    0.0000000000E+00,    0.0000000000E+00,    1.1676182717E+01
     32300,      0.676918,CP11_after_MPI,   1,    0.0000000000E+00,    1.1676182717E+01,    1.1676182717E+01,    0.0000000000E+00,    0.0000000000E+00,    0.0000000000E+00,    1.1676182717E+01
     32300,      0.676918,CP12_end,   1,    0.0000000000E+00,    1.1676182717E+01,    1.1676182717E+01,    0.0000000000E+00,    0.0000000000E+00,    0.0000000000E+00,    1.1676182717E+01
     32350,      0.676918,CP0_start,   1,    0.0000000000E+00,    1.1710870850E+01,    1.1710870850E+01,    0.0000000000E+00,    0.0000000000E+00,    0.0000000000E+00,    1.1710870850E+01
     32350,      0.676918,CP1_after_deposition,   1,    0.0000000000E+00,    1.1710870850E+01,    1.1710870850E+01,    0.0000000000E+00,    0.0000000000E+00,    0.0000000000E+00,    1.1710870850E+01
     32350,      0.676918,CP2_after_erosion,   1,    0.0000000000E+00,    1.1710870850E+01,    1.1710870850E+01,    0.0000000000E+00,    0.0000000000E+00,    0.0000000000E+00,    1.1710870850E+01
     32350,      0.676918,CP3_after_update_bottom,   1,    0.0000000000E+00,    1.1710870850E+01,    1.1710870850E+01,    0.0000000000E+00,    0.0000000000E+00,    0.0000000000E+00,    1.1710870850E+01
     32350,      0.676918,CP4_after_advection,   1,    0.0000000000E+00,    1.1711736372E+01,    1.1711736372E+01,    0.0000000000E+00,    0.0000000000E+00,    0.0000000000E+00,    1.1711736372E+01
     32350,      0.676918,CP5_after_vdif,   1,    0.0000000000E+00,    1.1711736372E+01,    1.1711736372E+01,    0.0000000000E+00,    0.0000000000E+00,    0.0000000000E+00,    1.1711736372E+01
     32350,      0.676918,CP6_after_kinetics,   1,    0.0000000000E+00,    1.1711736372E+01,    1.1711736372E+01,    0.0000000000E+00,    0.0000000000E+00,    0.0000000000E+00,    1.1711736372E+01
     32350,      0.676918,CP7_after_upper_clamp,   1,    0.0000000000E+00,    1.1711736372E+01,    1.1711736372E+01,    0.0000000000E+00,    0.0000000000E+00,    0.0000000000E+00,    1.1711736372E+01
     32350,      0.676918,CP8_after_OBC,   1,    0.0000000000E+00,    1.1711736372E+01,    1.1711736372E+01,    0.0000000000E+00,    0.0000000000E+00,    0.0000000000E+00,    1.1711736372E+01
     32350,      0.676918,CP9_after_PTsource,   1,    0.0000000000E+00,    1.1711736372E+01,    1.1711736372E+01,    0.0000000000E+00,    0.0000000000E+00,    0.0000000000E+00,    1.1711736372E+01
     32350,      0.676918,CP10_after_neg_clamp,   1,    0.0000000000E+00,    1.1711736372E+01,    1.1711736372E+01,    0.0000000000E+00,    0.0000000000E+00,    0.0000000000E+00,    1.1711736372E+01
     32350,      0.676918,CP11_after_MPI,   1,    0.0000000000E+00,    1.1711736372E+01,    1.1711736372E+01,    0.0000000000E+00,    0.0000000000E+00,    0.0000000000E+00,    1.1711736372E+01
     32350,      0.676918,CP12_end,   1,    0.0000000000E+00,    1.1711736372E+01,    1.1711736372E+01,    0.0000000000E+00,    0.0000000000E+00,    0.0000000000E+00,    1.1711736372E+01
     32400,      0.676918,CP0_start,   1,    0.0000000000E+00,    1.1746483667E+01,    1.1746483667E+01,    0.0000000000E+00,    0.0000000000E+00,    0.0000000000E+00,    1.1746483667E+01
     32400,      0.676918,CP1_after_deposition,   1,    0.0000000000E+00,    1.1746483667E+01,    1.1746483667E+01,    0.0000000000E+00,    0.0000000000E+00,    0.0000000000E+00,    1.1746483667E+01
     32400,      0.676918,CP2_after_erosion,   1,    0.0000000000E+00,    1.1746483667E+01,    1.1746483667E+01,    0.0000000000E+00,    0.0000000000E+00,    0.0000000000E+00,    1.1746483667E+01
     32400,      0.676918,CP3_after_update_bottom,   1,    0.0000000000E+00,    1.1746483667E+01,    1.1746483667E+01,    0.0000000000E+00,    0.0000000000E+00,    0.0000000000E+00,    1.1746483667E+01
     32400,      0.676918,CP4_after_advection,   1,    0.0000000000E+00,    1.1747355250E+01,    1.1747355250E+01,    0.0000000000E+00,    0.0000000000E+00,    0.0000000000E+00,    1.1747355250E+01
     32400,      0.676918,CP5_after_vdif,   1,    0.0000000000E+00,    1.1747355250E+01,    1.1747355250E+01,    0.0000000000E+00,    0.0000000000E+00,    0.0000000000E+00,    1.1747355250E+01
     32400,      0.676918,CP6_after_kinetics,   1,    0.0000000000E+00,    1.1747355250E+01,    1.1747355250E+01,    0.0000000000E+00,    0.0000000000E+00,    0.0000000000E+00,    1.1747355250E+01
     32400,      0.676918,CP7_after_upper_clamp,   1,    0.0000000000E+00,    1.1747355250E+01,    1.1747355250E+01,    0.0000000000E+00,    0.0000000000E+00,    0.0000000000E+00,    1.1747355250E+01
     32400,      0.676918,CP8_after_OBC,   1,    0.0000000000E+00,    1.1747355250E+01,    1.1747355250E+01,    0.0000000000E+00,    0.0000000000E+00,    0.0000000000E+00,    1.1747355250E+01
     32400,      0.676918,CP9_after_PTsource,   1,    0.0000000000E+00,    1.1747355250E+01,    1.1747355250E+01,    0.0000000000E+00,    0.0000000000E+00,    0.0000000000E+00,    1.1747355250E+01
     32400,      0.676918,CP10_after_neg_clamp,   1,    0.0000000000E+00,    1.1747355250E+01,    1.1747355250E+01,    0.0000000000E+00,    0.0000000000E+00,    0.0000000000E+00,    1.1747355250E+01
     32400,      0.676918,CP11_after_MPI,   1,    0.0000000000E+00,    1.1747355250E+01,    1.1747355250E+01,    0.0000000000E+00,    0.0000000000E+00,    0.0000000000E+00,    1.1747355250E+01
     32400,      0.676918,CP12_end,   1,    0.0000000000E+00,    1.1747355250E+01,    1.1747355250E+01,    0.0000000000E+00,    0.0000000000E+00,    0.0000000000E+00,    1.1747355250E+01
     32450,      0.676918,CP0_start,   1,    0.0000000000E+00,    1.1782178168E+01,    1.1782178168E+01,    0.0000000000E+00,    0.0000000000E+00,    0.0000000000E+00,    1.1782178168E+01
     32450,      0.676918,CP1_after_deposition,   1,    0.0000000000E+00,    1.1782178168E+01,    1.1782178168E+01,    0.0000000000E+00,    0.0000000000E+00,    0.0000000000E+00,    1.1782178168E+01
     32450,      0.676918,CP2_after_erosion,   1,    0.0000000000E+00,    1.1782178168E+01,    1.1782178168E+01,    0.0000000000E+00,    0.0000000000E+00,    0.0000000000E+00,    1.1782178168E+01
     32450,      0.676918,CP3_after_update_bottom,   1,    0.0000000000E+00,    1.1782178168E+01,    1.1782178168E+01,    0.0000000000E+00,    0.0000000000E+00,    0.0000000000E+00,    1.1782178168E+01
     32450,      0.676918,CP4_after_advection,   1,    0.0000000000E+00,    1.1783055084E+01,    1.1783055084E+01,    0.0000000000E+00,    0.0000000000E+00,    0.0000000000E+00,    1.1783055084E+01
     32450,      0.676918,CP5_after_vdif,   1,    0.0000000000E+00,    1.1783055084E+01,    1.1783055084E+01,    0.0000000000E+00,    0.0000000000E+00,    0.0000000000E+00,    1.1783055084E+01
     32450,      0.676918,CP6_after_kinetics,   1,    0.0000000000E+00,    1.1783055084E+01,    1.1783055084E+01,    0.0000000000E+00,    0.0000000000E+00,    0.0000000000E+00,    1.1783055084E+01
     32450,      0.676918,CP7_after_upper_clamp,   1,    0.0000000000E+00,    1.1783055084E+01,    1.1783055084E+01,    0.0000000000E+00,    0.0000000000E+00,    0.0000000000E+00,    1.1783055084E+01
     32450,      0.676918,CP8_after_OBC,   1,    0.0000000000E+00,    1.1783055084E+01,    1.1783055084E+01,    0.0000000000E+00,    0.0000000000E+00,    0.0000000000E+00,    1.1783055084E+01
     32450,      0.676918,CP9_after_PTsource,   1,    0.0000000000E+00,    1.1783055084E+01,    1.1783055084E+01,    0.0000000000E+00,    0.0000000000E+00,    0.0000000000E+00,    1.1783055084E+01
     32450,      0.676918,CP10_after_neg_clamp,   1,    0.0000000000E+00,    1.1783055084E+01,    1.1783055084E+01,    0.0000000000E+00,    0.0000000000E+00,    0.0000000000E+00,    1.1783055084E+01
     32450,      0.676918,CP11_after_MPI,   1,    0.0000000000E+00,    1.1783055084E+01,    1.1783055084E+01,    0.0000000000E+00,    0.0000000000E+00,    0.0000000000E+00,    1.1783055084E+01
     32450,      0.676918,CP12_end,   1,    0.0000000000E+00,    1.1783055084E+01,    1.1783055084E+01,    0.0000000000E+00,    0.0000000000E+00,    0.0000000000E+00,    1.1783055084E+01
     32500,      0.676918,CP0_start,   1,    0.0000000000E+00,    1.1817969646E+01,    1.1817969646E+01,    0.0000000000E+00,    0.0000000000E+00,    0.0000000000E+00,    1.1817969646E+01
     32500,      0.676918,CP1_after_deposition,   1,    0.0000000000E+00,    1.1817969646E+01,    1.1817969646E+01,    0.0000000000E+00,    0.0000000000E+00,    0.0000000000E+00,    1.1817969646E+01
     32500,      0.676918,CP2_after_erosion,   1,    0.0000000000E+00,    1.1817969646E+01,    1.1817969646E+01,    0.0000000000E+00,    0.0000000000E+00,    0.0000000000E+00,    1.1817969646E+01
     32500,      0.676918,CP3_after_update_bottom,   1,    0.0000000000E+00,    1.1817969646E+01,    1.1817969646E+01,    0.0000000000E+00,    0.0000000000E+00,    0.0000000000E+00,    1.1817969646E+01
     32500,      0.676918,CP4_after_advection,   1,    0.0000000000E+00,    1.1818852535E+01,    1.1818852535E+01,    0.0000000000E+00,    0.0000000000E+00,    0.0000000000E+00,    1.1818852535E+01
     32500,      0.676918,CP5_after_vdif,   1,    0.0000000000E+00,    1.1818852535E+01,    1.1818852535E+01,    0.0000000000E+00,    0.0000000000E+00,    0.0000000000E+00,    1.1818852535E+01
     32500,      0.676918,CP6_after_kinetics,   1,    0.0000000000E+00,    1.1818852535E+01,    1.1818852535E+01,    0.0000000000E+00,    0.0000000000E+00,    0.0000000000E+00,    1.1818852535E+01
     32500,      0.676918,CP7_after_upper_clamp,   1,    0.0000000000E+00,    1.1818852535E+01,    1.1818852535E+01,    0.0000000000E+00,    0.0000000000E+00,    0.0000000000E+00,    1.1818852535E+01
     32500,      0.676918,CP8_after_OBC,   1,    0.0000000000E+00,    1.1818852535E+01,    1.1818852535E+01,    0.0000000000E+00,    0.0000000000E+00,    0.0000000000E+00,    1.1818852535E+01
     32500,      0.676918,CP9_after_PTsource,   1,    0.0000000000E+00,    1.1818852535E+01,    1.1818852535E+01,    0.0000000000E+00,    0.0000000000E+00,    0.0000000000E+00,    1.1818852535E+01
     32500,      0.676918,CP10_after_neg_clamp,   1,    0.0000000000E+00,    1.1818852535E+01,    1.1818852535E+01,    0.0000000000E+00,    0.0000000000E+00,    0.0000000000E+00,    1.1818852535E+01
     32500,      0.676918,CP11_after_MPI,   1,    0.0000000000E+00,    1.1818852535E+01,    1.1818852535E+01,    0.0000000000E+00,    0.0000000000E+00,    0.0000000000E+00,    1.1818852535E+01
     32500,      0.676918,CP12_end,   1,    0.0000000000E+00,    1.1818852535E+01,    1.1818852535E+01,    0.0000000000E+00,    0.0000000000E+00,    0.0000000000E+00,    1.1818852535E+01
     32550,      0.676918,CP0_start,   1,    0.0000000000E+00,    1.1853896241E+01,    1.1853896241E+01,    0.0000000000E+00,    0.0000000000E+00,    0.0000000000E+00,    1.1853896241E+01
     32550,      0.676918,CP1_after_deposition,   1,    0.0000000000E+00,    1.1853896241E+01,    1.1853896241E+01,    0.0000000000E+00,    0.0000000000E+00,    0.0000000000E+00,    1.1853896241E+01
     32550,      0.676918,CP2_after_erosion,   1,    0.0000000000E+00,    1.1853896241E+01,    1.1853896241E+01,    0.0000000000E+00,    0.0000000000E+00,    0.0000000000E+00,    1.1853896241E+01
     32550,      0.676918,CP3_after_update_bottom,   1,    0.0000000000E+00,    1.1853896241E+01,    1.1853896241E+01,    0.0000000000E+00,    0.0000000000E+00,    0.0000000000E+00,    1.1853896241E+01
     32550,      0.676918,CP4_after_advection,   1,    0.0000000000E+00,    1.1854785395E+01,    1.1854785395E+01,    0.0000000000E+00,    0.0000000000E+00,    0.0000000000E+00,    1.1854785395E+01
     32550,      0.676918,CP5_after_vdif,   1,    0.0000000000E+00,    1.1854785395E+01,    1.1854785395E+01,    0.0000000000E+00,    0.0000000000E+00,    0.0000000000E+00,    1.1854785395E+01
     32550,      0.676918,CP6_after_kinetics,   1,    0.0000000000E+00,    1.1854785395E+01,    1.1854785395E+01,    0.0000000000E+00,    0.0000000000E+00,    0.0000000000E+00,    1.1854785395E+01
     32550,      0.676918,CP7_after_upper_clamp,   1,    0.0000000000E+00,    1.1854785395E+01,    1.1854785395E+01,    0.0000000000E+00,    0.0000000000E+00,    0.0000000000E+00,    1.1854785395E+01
     32550,      0.676918,CP8_after_OBC,   1,    0.0000000000E+00,    1.1854785395E+01,    1.1854785395E+01,    0.0000000000E+00,    0.0000000000E+00,    0.0000000000E+00,    1.1854785395E+01
     32550,      0.676918,CP9_after_PTsource,   1,    0.0000000000E+00,    1.1854785395E+01,    1.1854785395E+01,    0.0000000000E+00,    0.0000000000E+00,    0.0000000000E+00,    1.1854785395E+01
     32550,      0.676918,CP10_after_neg_clamp,   1,    0.0000000000E+00,    1.1854785395E+01,    1.1854785395E+01,    0.0000000000E+00,    0.0000000000E+00,    0.0000000000E+00,    1.1854785395E+01
     32550,      0.676918,CP11_after_MPI,   1,    0.0000000000E+00,    1.1854785395E+01,    1.1854785395E+01,    0.0000000000E+00,    0.0000000000E+00,    0.0000000000E+00,    1.1854785395E+01
     32550,      0.676918,CP12_end,   1,    0.0000000000E+00,    1.1854785395E+01,    1.1854785395E+01,    0.0000000000E+00,    0.0000000000E+00,    0.0000000000E+00,    1.1854785395E+01
     32600,      0.676918,CP0_start,   1,    0.0000000000E+00,    1.1889981015E+01,    1.1889981015E+01,    0.0000000000E+00,    0.0000000000E+00,    0.0000000000E+00,    1.1889981015E+01
     32600,      0.676918,CP1_after_deposition,   1,    0.0000000000E+00,    1.1889981015E+01,    1.1889981015E+01,    0.0000000000E+00,    0.0000000000E+00,    0.0000000000E+00,    1.1889981015E+01
     32600,      0.676918,CP2_after_erosion,   1,    0.0000000000E+00,    1.1889981015E+01,    1.1889981015E+01,    0.0000000000E+00,    0.0000000000E+00,    0.0000000000E+00,    1.1889981015E+01
     32600,      0.676918,CP3_after_update_bottom,   1,    0.0000000000E+00,    1.1889981015E+01,    1.1889981015E+01,    0.0000000000E+00,    0.0000000000E+00,    0.0000000000E+00,    1.1889981015E+01
     32600,      0.676918,CP4_after_advection,   1,    0.0000000000E+00,    1.1890877820E+01,    1.1890877820E+01,    0.0000000000E+00,    0.0000000000E+00,    0.0000000000E+00,    1.1890877820E+01
     32600,      0.676918,CP5_after_vdif,   1,    0.0000000000E+00,    1.1890877820E+01,    1.1890877820E+01,    0.0000000000E+00,    0.0000000000E+00,    0.0000000000E+00,    1.1890877820E+01
     32600,      0.676918,CP6_after_kinetics,   1,    0.0000000000E+00,    1.1890877820E+01,    1.1890877820E+01,    0.0000000000E+00,    0.0000000000E+00,    0.0000000000E+00,    1.1890877820E+01
     32600,      0.676918,CP7_after_upper_clamp,   1,    0.0000000000E+00,    1.1890877820E+01,    1.1890877820E+01,    0.0000000000E+00,    0.0000000000E+00,    0.0000000000E+00,    1.1890877820E+01
     32600,      0.676918,CP8_after_OBC,   1,    0.0000000000E+00,    1.1890877820E+01,    1.1890877820E+01,    0.0000000000E+00,    0.0000000000E+00,    0.0000000000E+00,    1.1890877820E+01
     32600,      0.676918,CP9_after_PTsource,   1,    0.0000000000E+00,    1.1890877820E+01,    1.1890877820E+01,    0.0000000000E+00,    0.0000000000E+00,    0.0000000000E+00,    1.1890877820E+01
     32600,      0.676918,CP10_after_neg_clamp,   1,    0.0000000000E+00,    1.1890877820E+01,    1.1890877820E+01,    0.0000000000E+00,    0.0000000000E+00,    0.0000000000E+00,    1.1890877820E+01
     32600,      0.676918,CP11_after_MPI,   1,    0.0000000000E+00,    1.1890877820E+01,    1.1890877820E+01,    0.0000000000E+00,    0.0000000000E+00,    0.0000000000E+00,    1.1890877820E+01
     32600,      0.676918,CP12_end,   1,    0.0000000000E+00,    1.1890877820E+01,    1.1890877820E+01,    0.0000000000E+00,    0.0000000000E+00,    0.0000000000E+00,    1.1890877820E+01
     32650,      0.676918,CP0_start,   1,    0.0000000000E+00,    1.1926259110E+01,    1.1926259110E+01,    0.0000000000E+00,    0.0000000000E+00,    0.0000000000E+00,    1.1926259110E+01
     32650,      0.676918,CP1_after_deposition,   1,    0.0000000000E+00,    1.1926259110E+01,    1.1926259110E+01,    0.0000000000E+00,    0.0000000000E+00,    0.0000000000E+00,    1.1926259110E+01
     32650,      0.676918,CP2_after_erosion,   1,    0.0000000000E+00,    1.1926259110E+01,    1.1926259110E+01,    0.0000000000E+00,    0.0000000000E+00,    0.0000000000E+00,    1.1926259110E+01
     32650,      0.676918,CP3_after_update_bottom,   1,    0.0000000000E+00,    1.1926259110E+01,    1.1926259110E+01,    0.0000000000E+00,    0.0000000000E+00,    0.0000000000E+00,    1.1926259110E+01
     32650,      0.676918,CP4_after_advection,   1,    0.0000000000E+00,    1.1927162779E+01,    1.1927162779E+01,    0.0000000000E+00,    0.0000000000E+00,    0.0000000000E+00,    1.1927162779E+01
     32650,      0.676918,CP5_after_vdif,   1,    0.0000000000E+00,    1.1927162779E+01,    1.1927162779E+01,    0.0000000000E+00,    0.0000000000E+00,    0.0000000000E+00,    1.1927162779E+01
     32650,      0.676918,CP6_after_kinetics,   1,    0.0000000000E+00,    1.1927162779E+01,    1.1927162779E+01,    0.0000000000E+00,    0.0000000000E+00,    0.0000000000E+00,    1.1927162779E+01
     32650,      0.676918,CP7_after_upper_clamp,   1,    0.0000000000E+00,    1.1927162779E+01,    1.1927162779E+01,    0.0000000000E+00,    0.0000000000E+00,    0.0000000000E+00,    1.1927162779E+01
     32650,      0.676918,CP8_after_OBC,   1,    0.0000000000E+00,    1.1927162779E+01,    1.1927162779E+01,    0.0000000000E+00,    0.0000000000E+00,    0.0000000000E+00,    1.1927162779E+01
     32650,      0.676918,CP9_after_PTsource,   1,    0.0000000000E+00,    1.1927162779E+01,    1.1927162779E+01,    0.0000000000E+00,    0.0000000000E+00,    0.0000000000E+00,    1.1927162779E+01
     32650,      0.676918,CP10_after_neg_clamp,   1,    0.0000000000E+00,    1.1927162779E+01,    1.1927162779E+01,    0.0000000000E+00,    0.0000000000E+00,    0.0000000000E+00,    1.1927162779E+01
     32650,      0.676918,CP11_after_MPI,   1,    0.0000000000E+00,    1.1927162779E+01,    1.1927162779E+01,    0.0000000000E+00,    0.0000000000E+00,    0.0000000000E+00,    1.1927162779E+01
     32650,      0.676918,CP12_end,   1,    0.0000000000E+00,    1.1927162779E+01,    1.1927162779E+01,    0.0000000000E+00,    0.0000000000E+00,    0.0000000000E+00,    1.1927162779E+01
     32700,      0.676918,CP0_start,   1,    0.0000000000E+00,    1.1962735603E+01,    1.1962735603E+01,    0.0000000000E+00,    0.0000000000E+00,    0.0000000000E+00,    1.1962735603E+01
     32700,      0.676918,CP1_after_deposition,   1,    0.0000000000E+00,    1.1962735603E+01,    1.1962735603E+01,    0.0000000000E+00,    0.0000000000E+00,    0.0000000000E+00,    1.1962735603E+01
     32700,      0.676918,CP2_after_erosion,   1,    0.0000000000E+00,    1.1962735603E+01,    1.1962735603E+01,    0.0000000000E+00,    0.0000000000E+00,    0.0000000000E+00,    1.1962735603E+01
     32700,      0.676918,CP3_after_update_bottom,   1,    0.0000000000E+00,    1.1962735603E+01,    1.1962735603E+01,    0.0000000000E+00,    0.0000000000E+00,    0.0000000000E+00,    1.1962735603E+01
     32700,      0.676918,CP4_after_advection,   1,    0.0000000000E+00,    1.1963646427E+01,    1.1963646427E+01,    0.0000000000E+00,    0.0000000000E+00,    0.0000000000E+00,    1.1963646427E+01
     32700,      0.676918,CP5_after_vdif,   1,    0.0000000000E+00,    1.1963646427E+01,    1.1963646427E+01,    0.0000000000E+00,    0.0000000000E+00,    0.0000000000E+00,    1.1963646427E+01
     32700,      0.676918,CP6_after_kinetics,   1,    0.0000000000E+00,    1.1963646427E+01,    1.1963646427E+01,    0.0000000000E+00,    0.0000000000E+00,    0.0000000000E+00,    1.1963646427E+01
     32700,      0.676918,CP7_after_upper_clamp,   1,    0.0000000000E+00,    1.1963646427E+01,    1.1963646427E+01,    0.0000000000E+00,    0.0000000000E+00,    0.0000000000E+00,    1.1963646427E+01
     32700,      0.676918,CP8_after_OBC,   1,    0.0000000000E+00,    1.1963646427E+01,    1.1963646427E+01,    0.0000000000E+00,    0.0000000000E+00,    0.0000000000E+00,    1.1963646427E+01
     32700,      0.676918,CP9_after_PTsource,   1,    0.0000000000E+00,    1.1963646427E+01,    1.1963646427E+01,    0.0000000000E+00,    0.0000000000E+00,    0.0000000000E+00,    1.1963646427E+01
     32700,      0.676918,CP10_after_neg_clamp,   1,    0.0000000000E+00,    1.1963646427E+01,    1.1963646427E+01,    0.0000000000E+00,    0.0000000000E+00,    0.0000000000E+00,    1.1963646427E+01
     32700,      0.676918,CP11_after_MPI,   1,    0.0000000000E+00,    1.1963646427E+01,    1.1963646427E+01,    0.0000000000E+00,    0.0000000000E+00,    0.0000000000E+00,    1.1963646427E+01
     32700,      0.676918,CP12_end,   1,    0.0000000000E+00,    1.1963646427E+01,    1.1963646427E+01,    0.0000000000E+00,    0.0000000000E+00,    0.0000000000E+00,    1.1963646427E+01
     32750,      0.676918,CP0_start,   1,    0.0000000000E+00,    1.1999401683E+01,    1.1999401683E+01,    0.0000000000E+00,    0.0000000000E+00,    0.0000000000E+00,    1.1999401683E+01
     32750,      0.676918,CP1_after_deposition,   1,    0.0000000000E+00,    1.1999401683E+01,    1.1999401683E+01,    0.0000000000E+00,    0.0000000000E+00,    0.0000000000E+00,    1.1999401683E+01
     32750,      0.676918,CP2_after_erosion,   1,    0.0000000000E+00,    1.1999401683E+01,    1.1999401683E+01,    0.0000000000E+00,    0.0000000000E+00,    0.0000000000E+00,    1.1999401683E+01
     32750,      0.676918,CP3_after_update_bottom,   1,    0.0000000000E+00,    1.1999401683E+01,    1.1999401683E+01,    0.0000000000E+00,    0.0000000000E+00,    0.0000000000E+00,    1.1999401683E+01
     32750,      0.676918,CP4_after_advection,   1,    0.0000000000E+00,    1.2000319603E+01,    1.2000319603E+01,    0.0000000000E+00,    0.0000000000E+00,    0.0000000000E+00,    1.2000319603E+01
     32750,      0.676918,CP5_after_vdif,   1,    0.0000000000E+00,    1.2000319603E+01,    1.2000319603E+01,    0.0000000000E+00,    0.0000000000E+00,    0.0000000000E+00,    1.2000319603E+01
     32750,      0.676918,CP6_after_kinetics,   1,    0.0000000000E+00,    1.2000319603E+01,    1.2000319603E+01,    0.0000000000E+00,    0.0000000000E+00,    0.0000000000E+00,    1.2000319603E+01
     32750,      0.676918,CP7_after_upper_clamp,   1,    0.0000000000E+00,    1.2000319603E+01,    1.2000319603E+01,    0.0000000000E+00,    0.0000000000E+00,    0.0000000000E+00,    1.2000319603E+01
     32750,      0.676918,CP8_after_OBC,   1,    0.0000000000E+00,    1.2000319603E+01,    1.2000319603E+01,    0.0000000000E+00,    0.0000000000E+00,    0.0000000000E+00,    1.2000319603E+01
     32750,      0.676918,CP9_after_PTsource,   1,    0.0000000000E+00,    1.2000319603E+01,    1.2000319603E+01,    0.0000000000E+00,    0.0000000000E+00,    0.0000000000E+00,    1.2000319603E+01
     32750,      0.676918,CP10_after_neg_clamp,   1,    0.0000000000E+00,    1.2000319603E+01,    1.2000319603E+01,    0.0000000000E+00,    0.0000000000E+00,    0.0000000000E+00,    1.2000319603E+01
     32750,      0.676918,CP11_after_MPI,   1,    0.0000000000E+00,    1.2000319603E+01,    1.2000319603E+01,    0.0000000000E+00,    0.0000000000E+00,    0.0000000000E+00,    1.2000319603E+01
     32750,      0.676918,CP12_end,   1,    0.0000000000E+00,    1.2000319603E+01,    1.2000319603E+01,    0.0000000000E+00,    0.0000000000E+00,    0.0000000000E+00,    1.2000319603E+01
     32800,      0.676919,CP0_start,   1,    0.0000000000E+00,    1.2036250998E+01,    1.2036250998E+01,    0.0000000000E+00,    0.0000000000E+00,    0.0000000000E+00,    1.2036250998E+01
     32800,      0.676919,CP1_after_deposition,   1,    0.0000000000E+00,    1.2036250998E+01,    1.2036250998E+01,    0.0000000000E+00,    0.0000000000E+00,    0.0000000000E+00,    1.2036250998E+01
     32800,      0.676919,CP2_after_erosion,   1,    0.0000000000E+00,    1.2036250998E+01,    1.2036250998E+01,    0.0000000000E+00,    0.0000000000E+00,    0.0000000000E+00,    1.2036250998E+01
     32800,      0.676919,CP3_after_update_bottom,   1,    0.0000000000E+00,    1.2036250998E+01,    1.2036250998E+01,    0.0000000000E+00,    0.0000000000E+00,    0.0000000000E+00,    1.2036250998E+01
     32800,      0.676919,CP4_after_advection,   1,    0.0000000000E+00,    1.2037175601E+01,    1.2037175601E+01,    0.0000000000E+00,    0.0000000000E+00,    0.0000000000E+00,    1.2037175601E+01
     32800,      0.676919,CP5_after_vdif,   1,    0.0000000000E+00,    1.2037175601E+01,    1.2037175601E+01,    0.0000000000E+00,    0.0000000000E+00,    0.0000000000E+00,    1.2037175601E+01
     32800,      0.676919,CP6_after_kinetics,   1,    0.0000000000E+00,    1.2037175601E+01,    1.2037175601E+01,    0.0000000000E+00,    0.0000000000E+00,    0.0000000000E+00,    1.2037175601E+01
     32800,      0.676919,CP7_after_upper_clamp,   1,    0.0000000000E+00,    1.2037175601E+01,    1.2037175601E+01,    0.0000000000E+00,    0.0000000000E+00,    0.0000000000E+00,    1.2037175601E+01
     32800,      0.676919,CP8_after_OBC,   1,    0.0000000000E+00,    1.2037175601E+01,    1.2037175601E+01,    0.0000000000E+00,    0.0000000000E+00,    0.0000000000E+00,    1.2037175601E+01
     32800,      0.676919,CP9_after_PTsource,   1,    0.0000000000E+00,    1.2037175601E+01,    1.2037175601E+01,    0.0000000000E+00,    0.0000000000E+00,    0.0000000000E+00,    1.2037175601E+01
     32800,      0.676919,CP10_after_neg_clamp,   1,    0.0000000000E+00,    1.2037175601E+01,    1.2037175601E+01,    0.0000000000E+00,    0.0000000000E+00,    0.0000000000E+00,    1.2037175601E+01
     32800,      0.676919,CP11_after_MPI,   1,    0.0000000000E+00,    1.2037175601E+01,    1.2037175601E+01,    0.0000000000E+00,    0.0000000000E+00,    0.0000000000E+00,    1.2037175601E+01
     32800,      0.676919,CP12_end,   1,    0.0000000000E+00,    1.2037175601E+01,    1.2037175601E+01,    0.0000000000E+00,    0.0000000000E+00,    0.0000000000E+00,    1.2037175601E+01
     32850,      0.676919,CP0_start,   1,    0.0000000000E+00,    1.2073276048E+01,    1.2073276048E+01,    0.0000000000E+00,    0.0000000000E+00,    0.0000000000E+00,    1.2073276048E+01
     32850,      0.676919,CP1_after_deposition,   1,    0.0000000000E+00,    1.2073276048E+01,    1.2073276048E+01,    0.0000000000E+00,    0.0000000000E+00,    0.0000000000E+00,    1.2073276048E+01
     32850,      0.676919,CP2_after_erosion,   1,    0.0000000000E+00,    1.2073276048E+01,    1.2073276048E+01,    0.0000000000E+00,    0.0000000000E+00,    0.0000000000E+00,    1.2073276048E+01
     32850,      0.676919,CP3_after_update_bottom,   1,    0.0000000000E+00,    1.2073276048E+01,    1.2073276048E+01,    0.0000000000E+00,    0.0000000000E+00,    0.0000000000E+00,    1.2073276048E+01
     32850,      0.676919,CP4_after_advection,   1,    0.0000000000E+00,    1.2074206531E+01,    1.2074206531E+01,    0.0000000000E+00,    0.0000000000E+00,    0.0000000000E+00,    1.2074206531E+01
     32850,      0.676919,CP5_after_vdif,   1,    0.0000000000E+00,    1.2074206531E+01,    1.2074206531E+01,    0.0000000000E+00,    0.0000000000E+00,    0.0000000000E+00,    1.2074206531E+01
     32850,      0.676919,CP6_after_kinetics,   1,    0.0000000000E+00,    1.2074206531E+01,    1.2074206531E+01,    0.0000000000E+00,    0.0000000000E+00,    0.0000000000E+00,    1.2074206531E+01
     32850,      0.676919,CP7_after_upper_clamp,   1,    0.0000000000E+00,    1.2074206531E+01,    1.2074206531E+01,    0.0000000000E+00,    0.0000000000E+00,    0.0000000000E+00,    1.2074206531E+01
     32850,      0.676919,CP8_after_OBC,   1,    0.0000000000E+00,    1.2074206531E+01,    1.2074206531E+01,    0.0000000000E+00,    0.0000000000E+00,    0.0000000000E+00,    1.2074206531E+01
     32850,      0.676919,CP9_after_PTsource,   1,    0.0000000000E+00,    1.2074206531E+01,    1.2074206531E+01,    0.0000000000E+00,    0.0000000000E+00,    0.0000000000E+00,    1.2074206531E+01
     32850,      0.676919,CP10_after_neg_clamp,   1,    0.0000000000E+00,    1.2074206531E+01,    1.2074206531E+01,    0.0000000000E+00,    0.0000000000E+00,    0.0000000000E+00,    1.2074206531E+01
     32850,      0.676919,CP11_after_MPI,   1,    0.0000000000E+00,    1.2074206531E+01,    1.2074206531E+01,    0.0000000000E+00,    0.0000000000E+00,    0.0000000000E+00,    1.2074206531E+01
     32850,      0.676919,CP12_end,   1,    0.0000000000E+00,    1.2074206531E+01,    1.2074206531E+01,    0.0000000000E+00,    0.0000000000E+00,    0.0000000000E+00,    1.2074206531E+01
     32900,      0.676919,CP0_start,   1,    0.0000000000E+00,    1.2110465467E+01,    1.2110465467E+01,    0.0000000000E+00,    0.0000000000E+00,    0.0000000000E+00,    1.2110465467E+01
     32900,      0.676919,CP1_after_deposition,   1,    0.0000000000E+00,    1.2110465467E+01,    1.2110465467E+01,    0.0000000000E+00,    0.0000000000E+00,    0.0000000000E+00,    1.2110465467E+01
     32900,      0.676919,CP2_after_erosion,   1,                 NaN,                 NaN,                 NaN,    0.0000000000E+00,    0.0000000000E+00,    0.0000000000E+00,                 NaN
     32900,      0.676919,CP3_after_update_bottom,   1,                 NaN,                 NaN,                 NaN,    0.0000000000E+00,    0.0000000000E+00,    0.0000000000E+00,                 NaN
     32900,      0.676919,CP4_after_advection,   1,                 NaN,                 NaN,                 NaN,    0.0000000000E+00,    0.0000000000E+00,    0.0000000000E+00,                 NaN
     32900,      0.676919,CP5_after_vdif,   1,                 NaN,                 NaN,                 NaN,    0.0000000000E+00,    0.0000000000E+00,    0.0000000000E+00,                 NaN
     32900,      0.676919,CP6_after_kinetics,   1,                 NaN,                 NaN,                 NaN,    0.0000000000E+00,    0.0000000000E+00,    0.0000000000E+00,                 NaN
     32900,      0.676919,CP7_after_upper_clamp,   1,                 NaN,                 NaN,                 NaN,    0.0000000000E+00,    0.0000000000E+00,    0.0000000000E+00,                 NaN
     32900,      0.676919,CP8_after_OBC,   1,                 NaN,                 NaN,                 NaN,    0.0000000000E+00,    0.0000000000E+00,    0.0000000000E+00,                 NaN
     32900,      0.676919,CP9_after_PTsource,   1,                 NaN,                 NaN,                 NaN,    0.0000000000E+00,    0.0000000000E+00,    0.0000000000E+00,                 NaN
     32900,      0.676919,CP10_after_neg_clamp,   1,    0.0000000000E+00,    1.2111401930E+01,    1.2111401930E+01,    0.0000000000E+00,    0.0000000000E+00,    0.0000000000E+00,    1.2111401930E+01
     32900,      0.676919,CP11_after_MPI,   1,    0.0000000000E+00,    1.2111401930E+01,    1.2111401930E+01,    0.0000000000E+00,    0.0000000000E+00,    0.0000000000E+00,    1.2111401930E+01
     32900,      0.676919,CP12_end,   1,    0.0000000000E+00,    1.2111401930E+01,    1.2111401930E+01,    0.0000000000E+00,    0.0000000000E+00,    0.0000000000E+00,    1.2111401930E+01
     32950,      0.676919,CP0_start,   1,    0.0000000000E+00,    1.2147808019E+01,    1.2147808019E+01,    0.0000000000E+00,    0.0000000000E+00,    0.0000000000E+00,    1.2147808019E+01
     32950,      0.676919,CP1_after_deposition,   1,    0.0000000000E+00,    1.2147808019E+01,    1.2147808019E+01,    0.0000000000E+00,    0.0000000000E+00,    0.0000000000E+00,    1.2147808019E+01
     32950,      0.676919,CP2_after_erosion,   1,    0.0000000000E+00,    1.2147808019E+01,    1.2147808019E+01,    0.0000000000E+00,    0.0000000000E+00,    0.0000000000E+00,    1.2147808019E+01
     32950,      0.676919,CP3_after_update_bottom,   1,    0.0000000000E+00,    1.2147808019E+01,    1.2147808019E+01,    0.0000000000E+00,    0.0000000000E+00,    0.0000000000E+00,    1.2147808019E+01
     32950,      0.676919,CP4_after_advection,   1,    0.0000000000E+00,    1.2148750973E+01,    1.2148750973E+01,    0.0000000000E+00,    0.0000000000E+00,    0.0000000000E+00,    1.2148750973E+01
     32950,      0.676919,CP5_after_vdif,   1,    0.0000000000E+00,    1.2148750973E+01,    1.2148750973E+01,    0.0000000000E+00,    0.0000000000E+00,    0.0000000000E+00,    1.2148750973E+01
     32950,      0.676919,CP6_after_kinetics,   1,    0.0000000000E+00,    1.2148750973E+01,    1.2148750973E+01,    0.0000000000E+00,    0.0000000000E+00,    0.0000000000E+00,    1.2148750973E+01
     32950,      0.676919,CP7_after_upper_clamp,   1,    0.0000000000E+00,    1.2148750973E+01,    1.2148750973E+01,    0.0000000000E+00,    0.0000000000E+00,    0.0000000000E+00,    1.2148750973E+01
     32950,      0.676919,CP8_after_OBC,   1,    0.0000000000E+00,    1.2148750973E+01,    1.2148750973E+01,    0.0000000000E+00,    0.0000000000E+00,    0.0000000000E+00,    1.2148750973E+01
     32950,      0.676919,CP9_after_PTsource,   1,    0.0000000000E+00,    1.2148750973E+01,    1.2148750973E+01,    0.0000000000E+00,    0.0000000000E+00,    0.0000000000E+00,    1.2148750973E+01
     32950,      0.676919,CP10_after_neg_clamp,   1,    0.0000000000E+00,    1.2148750973E+01,    1.2148750973E+01,    0.0000000000E+00,    0.0000000000E+00,    0.0000000000E+00,    1.2148750973E+01
     32950,      0.676919,CP11_after_MPI,   1,    0.0000000000E+00,    1.2148750973E+01,    1.2148750973E+01,    0.0000000000E+00,    0.0000000000E+00,    0.0000000000E+00,    1.2148750973E+01
     32950,      0.676919,CP12_end,   1,    0.0000000000E+00,    1.2148750973E+01,    1.2148750973E+01,    0.0000000000E+00,    0.0000000000E+00,    0.0000000000E+00,    1.2148750973E+01
     33000,      0.676919,CP0_start,   1,    0.0000000000E+00,    1.2185297893E+01,    1.2185297893E+01,    0.0000000000E+00,    0.0000000000E+00,    0.0000000000E+00,    1.2185297893E+01
     33000,      0.676919,CP1_after_deposition,   1,    0.0000000000E+00,    1.2185297893E+01,    1.2185297893E+01,    0.0000000000E+00,    0.0000000000E+00,    0.0000000000E+00,    1.2185297893E+01
     33000,      0.676919,CP2_after_erosion,   1,    0.0000000000E+00,    1.2185297893E+01,    1.2185297893E+01,    0.0000000000E+00,    0.0000000000E+00,    0.0000000000E+00,    1.2185297893E+01
     33000,      0.676919,CP3_after_update_bottom,   1,    0.0000000000E+00,    1.2185297893E+01,    1.2185297893E+01,    0.0000000000E+00,    0.0000000000E+00,    0.0000000000E+00,    1.2185297893E+01
     33000,      0.676919,CP4_after_advection,   1,    0.0000000000E+00,    1.2186246881E+01,    1.2186246881E+01,    0.0000000000E+00,    0.0000000000E+00,    0.0000000000E+00,    1.2186246881E+01
     33000,      0.676919,CP5_after_vdif,   1,    0.0000000000E+00,    1.2186246881E+01,    1.2186246881E+01,    0.0000000000E+00,    0.0000000000E+00,    0.0000000000E+00,    1.2186246881E+01
     33000,      0.676919,CP6_after_kinetics,   1,    0.0000000000E+00,    1.2186246881E+01,    1.2186246881E+01,    0.0000000000E+00,    0.0000000000E+00,    0.0000000000E+00,    1.2186246881E+01
     33000,      0.676919,CP7_after_upper_clamp,   1,    0.0000000000E+00,    1.2186246881E+01,    1.2186246881E+01,    0.0000000000E+00,    0.0000000000E+00,    0.0000000000E+00,    1.2186246881E+01
     33000,      0.676919,CP8_after_OBC,   1,    0.0000000000E+00,    1.2186246881E+01,    1.2186246881E+01,    0.0000000000E+00,    0.0000000000E+00,    0.0000000000E+00,    1.2186246881E+01
     33000,      0.676919,CP9_after_PTsource,   1,    0.0000000000E+00,    1.2186246881E+01,    1.2186246881E+01,    0.0000000000E+00,    0.0000000000E+00,    0.0000000000E+00,    1.2186246881E+01
     33000,      0.676919,CP10_after_neg_clamp,   1,    0.0000000000E+00,    1.2186246881E+01,    1.2186246881E+01,    0.0000000000E+00,    0.0000000000E+00,    0.0000000000E+00,    1.2186246881E+01
     33000,      0.676919,CP11_after_MPI,   1,    0.0000000000E+00,    1.2186246881E+01,    1.2186246881E+01,    0.0000000000E+00,    0.0000000000E+00,    0.0000000000E+00,    1.2186246881E+01
     33000,      0.676919,CP12_end,   1,    0.0000000000E+00,    1.2186246881E+01,    1.2186246881E+01,    0.0000000000E+00,    0.0000000000E+00,    0.0000000000E+00,    1.2186246881E+01
     33050,      0.676919,CP0_start,   1,    0.0000000000E+00,    1.2222933013E+01,    1.2222933013E+01,    0.0000000000E+00,    0.0000000000E+00,    0.0000000000E+00,    1.2222933013E+01
     33050,      0.676919,CP1_after_deposition,   1,    0.0000000000E+00,    1.2222933013E+01,    1.2222933013E+01,    0.0000000000E+00,    0.0000000000E+00,    0.0000000000E+00,    1.2222933013E+01
     33050,      0.676919,CP2_after_erosion,   1,    0.0000000000E+00,    1.2222933013E+01,    1.2222933013E+01,    0.0000000000E+00,    0.0000000000E+00,    0.0000000000E+00,    1.2222933013E+01
     33050,      0.676919,CP3_after_update_bottom,   1,    0.0000000000E+00,    1.2222933013E+01,    1.2222933013E+01,    0.0000000000E+00,    0.0000000000E+00,    0.0000000000E+00,    1.2222933013E+01
     33050,      0.676919,CP4_after_advection,   1,    0.0000000000E+00,    1.2223888091E+01,    1.2223888091E+01,    0.0000000000E+00,    0.0000000000E+00,    0.0000000000E+00,    1.2223888091E+01
     33050,      0.676919,CP5_after_vdif,   1,    0.0000000000E+00,    1.2223888091E+01,    1.2223888091E+01,    0.0000000000E+00,    0.0000000000E+00,    0.0000000000E+00,    1.2223888091E+01
     33050,      0.676919,CP6_after_kinetics,   1,    0.0000000000E+00,    1.2223888091E+01,    1.2223888091E+01,    0.0000000000E+00,    0.0000000000E+00,    0.0000000000E+00,    1.2223888091E+01
     33050,      0.676919,CP7_after_upper_clamp,   1,    0.0000000000E+00,    1.2223888091E+01,    1.2223888091E+01,    0.0000000000E+00,    0.0000000000E+00,    0.0000000000E+00,    1.2223888091E+01
     33050,      0.676919,CP8_after_OBC,   1,    0.0000000000E+00,    1.2223888091E+01,    1.2223888091E+01,    0.0000000000E+00,    0.0000000000E+00,    0.0000000000E+00,    1.2223888091E+01
     33050,      0.676919,CP9_after_PTsource,   1,    0.0000000000E+00,    1.2223888091E+01,    1.2223888091E+01,    0.0000000000E+00,    0.0000000000E+00,    0.0000000000E+00,    1.2223888091E+01
     33050,      0.676919,CP10_after_neg_clamp,   1,    0.0000000000E+00,    1.2223888091E+01,    1.2223888091E+01,    0.0000000000E+00,    0.0000000000E+00,    0.0000000000E+00,    1.2223888091E+01
     33050,      0.676919,CP11_after_MPI,   1,    0.0000000000E+00,    1.2223888091E+01,    1.2223888091E+01,    0.0000000000E+00,    0.0000000000E+00,    0.0000000000E+00,    1.2223888091E+01
     33050,      0.676919,CP12_end,   1,    0.0000000000E+00,    1.2223888091E+01,    1.2223888091E+01,    0.0000000000E+00,    0.0000000000E+00,    0.0000000000E+00,    1.2223888091E+01
     33100,      0.676919,CP0_start,   1,    0.0000000000E+00,    1.2260705198E+01,    1.2260705198E+01,    0.0000000000E+00,    0.0000000000E+00,    0.0000000000E+00,    1.2260705198E+01
     33100,      0.676919,CP1_after_deposition,   1,    0.0000000000E+00,    1.2260705198E+01,    1.2260705198E+01,    0.0000000000E+00,    0.0000000000E+00,    0.0000000000E+00,    1.2260705198E+01
     33100,      0.676919,CP2_after_erosion,   1,    0.0000000000E+00,    1.2260705198E+01,    1.2260705198E+01,    0.0000000000E+00,    0.0000000000E+00,    0.0000000000E+00,    1.2260705198E+01
     33100,      0.676919,CP3_after_update_bottom,   1,    0.0000000000E+00,    1.2260705198E+01,    1.2260705198E+01,    0.0000000000E+00,    0.0000000000E+00,    0.0000000000E+00,    1.2260705198E+01
     33100,      0.676919,CP4_after_advection,   1,    0.0000000000E+00,    1.2261666275E+01,    1.2261666275E+01,    0.0000000000E+00,    0.0000000000E+00,    0.0000000000E+00,    1.2261666275E+01
     33100,      0.676919,CP5_after_vdif,   1,    0.0000000000E+00,    1.2261666275E+01,    1.2261666275E+01,    0.0000000000E+00,    0.0000000000E+00,    0.0000000000E+00,    1.2261666275E+01
     33100,      0.676919,CP6_after_kinetics,   1,    0.0000000000E+00,    1.2261666275E+01,    1.2261666275E+01,    0.0000000000E+00,    0.0000000000E+00,    0.0000000000E+00,    1.2261666275E+01
     33100,      0.676919,CP7_after_upper_clamp,   1,    0.0000000000E+00,    1.2261666275E+01,    1.2261666275E+01,    0.0000000000E+00,    0.0000000000E+00,    0.0000000000E+00,    1.2261666275E+01
     33100,      0.676919,CP8_after_OBC,   1,    0.0000000000E+00,    1.2261666275E+01,    1.2261666275E+01,    0.0000000000E+00,    0.0000000000E+00,    0.0000000000E+00,    1.2261666275E+01
     33100,      0.676919,CP9_after_PTsource,   1,    0.0000000000E+00,    1.2261666275E+01,    1.2261666275E+01,    0.0000000000E+00,    0.0000000000E+00,    0.0000000000E+00,    1.2261666275E+01
     33100,      0.676919,CP10_after_neg_clamp,   1,    0.0000000000E+00,    1.2261666275E+01,    1.2261666275E+01,    0.0000000000E+00,    0.0000000000E+00,    0.0000000000E+00,    1.2261666275E+01
     33100,      0.676919,CP11_after_MPI,   1,    0.0000000000E+00,    1.2261666275E+01,    1.2261666275E+01,    0.0000000000E+00,    0.0000000000E+00,    0.0000000000E+00,    1.2261666275E+01
     33100,      0.676919,CP12_end,   1,    0.0000000000E+00,    1.2261666275E+01,    1.2261666275E+01,    0.0000000000E+00,    0.0000000000E+00,    0.0000000000E+00,    1.2261666275E+01
     33150,      0.676919,CP0_start,   1,    0.0000000000E+00,    1.2298609551E+01,    1.2298609551E+01,    0.0000000000E+00,    0.0000000000E+00,    0.0000000000E+00,    1.2298609551E+01
     33150,      0.676919,CP1_after_deposition,   1,    0.0000000000E+00,    1.2298609551E+01,    1.2298609551E+01,    0.0000000000E+00,    0.0000000000E+00,    0.0000000000E+00,    1.2298609551E+01
     33150,      0.676919,CP2_after_erosion,   1,    0.0000000000E+00,    1.2298609551E+01,    1.2298609551E+01,    0.0000000000E+00,    0.0000000000E+00,    0.0000000000E+00,    1.2298609551E+01
     33150,      0.676919,CP3_after_update_bottom,   1,    0.0000000000E+00,    1.2298609551E+01,    1.2298609551E+01,    0.0000000000E+00,    0.0000000000E+00,    0.0000000000E+00,    1.2298609551E+01
     33150,      0.676919,CP4_after_advection,   1,    0.0000000000E+00,    1.2299576342E+01,    1.2299576342E+01,    0.0000000000E+00,    0.0000000000E+00,    0.0000000000E+00,    1.2299576342E+01
     33150,      0.676919,CP5_after_vdif,   1,    0.0000000000E+00,    1.2299576342E+01,    1.2299576342E+01,    0.0000000000E+00,    0.0000000000E+00,    0.0000000000E+00,    1.2299576342E+01
     33150,      0.676919,CP6_after_kinetics,   1,    0.0000000000E+00,    1.2299576342E+01,    1.2299576342E+01,    0.0000000000E+00,    0.0000000000E+00,    0.0000000000E+00,    1.2299576342E+01
     33150,      0.676919,CP7_after_upper_clamp,   1,    0.0000000000E+00,    1.2299576342E+01,    1.2299576342E+01,    0.0000000000E+00,    0.0000000000E+00,    0.0000000000E+00,    1.2299576342E+01
     33150,      0.676919,CP8_after_OBC,   1,    0.0000000000E+00,    1.2299576342E+01,    1.2299576342E+01,    0.0000000000E+00,    0.0000000000E+00,    0.0000000000E+00,    1.2299576342E+01
     33150,      0.676919,CP9_after_PTsource,   1,    0.0000000000E+00,    1.2299576342E+01,    1.2299576342E+01,    0.0000000000E+00,    0.0000000000E+00,    0.0000000000E+00,    1.2299576342E+01
     33150,      0.676919,CP10_after_neg_clamp,   1,    0.0000000000E+00,    1.2299576342E+01,    1.2299576342E+01,    0.0000000000E+00,    0.0000000000E+00,    0.0000000000E+00,    1.2299576342E+01
     33150,      0.676919,CP11_after_MPI,   1,    0.0000000000E+00,    1.2299576342E+01,    1.2299576342E+01,    0.0000000000E+00,    0.0000000000E+00,    0.0000000000E+00,    1.2299576342E+01
     33150,      0.676919,CP12_end,   1,    0.0000000000E+00,    1.2299576342E+01,    1.2299576342E+01,    0.0000000000E+00,    0.0000000000E+00,    0.0000000000E+00,    1.2299576342E+01
     33200,      0.676919,CP0_start,   1,    0.0000000000E+00,    1.2336640634E+01,    1.2336640634E+01,    0.0000000000E+00,    0.0000000000E+00,    0.0000000000E+00,    1.2336640634E+01
     33200,      0.676919,CP1_after_deposition,   1,    0.0000000000E+00,    1.2336640634E+01,    1.2336640634E+01,    0.0000000000E+00,    0.0000000000E+00,    0.0000000000E+00,    1.2336640634E+01
     33200,      0.676919,CP2_after_erosion,   1,    0.0000000000E+00,    1.2336640634E+01,    1.2336640634E+01,    0.0000000000E+00,    0.0000000000E+00,    0.0000000000E+00,    1.2336640634E+01
     33200,      0.676919,CP3_after_update_bottom,   1,    0.0000000000E+00,    1.2336640634E+01,    1.2336640634E+01,    0.0000000000E+00,    0.0000000000E+00,    0.0000000000E+00,    1.2336640634E+01
     33200,      0.676919,CP4_after_advection,   1,    0.0000000000E+00,    1.2337612671E+01,    1.2337612671E+01,    0.0000000000E+00,    0.0000000000E+00,    0.0000000000E+00,    1.2337612671E+01
     33200,      0.676919,CP5_after_vdif,   1,    0.0000000000E+00,    1.2337612671E+01,    1.2337612671E+01,    0.0000000000E+00,    0.0000000000E+00,    0.0000000000E+00,    1.2337612671E+01
     33200,      0.676919,CP6_after_kinetics,   1,    0.0000000000E+00,    1.2337612671E+01,    1.2337612671E+01,    0.0000000000E+00,    0.0000000000E+00,    0.0000000000E+00,    1.2337612671E+01
     33200,      0.676919,CP7_after_upper_clamp,   1,    0.0000000000E+00,    1.2337612671E+01,    1.2337612671E+01,    0.0000000000E+00,    0.0000000000E+00,    0.0000000000E+00,    1.2337612671E+01
     33200,      0.676919,CP8_after_OBC,   1,    0.0000000000E+00,    1.2337612671E+01,    1.2337612671E+01,    0.0000000000E+00,    0.0000000000E+00,    0.0000000000E+00,    1.2337612671E+01
     33200,      0.676919,CP9_after_PTsource,   1,    0.0000000000E+00,    1.2337612671E+01,    1.2337612671E+01,    0.0000000000E+00,    0.0000000000E+00,    0.0000000000E+00,    1.2337612671E+01
     33200,      0.676919,CP10_after_neg_clamp,   1,    0.0000000000E+00,    1.2337612671E+01,    1.2337612671E+01,    0.0000000000E+00,    0.0000000000E+00,    0.0000000000E+00,    1.2337612671E+01
     33200,      0.676919,CP11_after_MPI,   1,    0.0000000000E+00,    1.2337612671E+01,    1.2337612671E+01,    0.0000000000E+00,    0.0000000000E+00,    0.0000000000E+00,    1.2337612671E+01
     33200,      0.676919,CP12_end,   1,    0.0000000000E+00,    1.2337612671E+01,    1.2337612671E+01,    0.0000000000E+00,    0.0000000000E+00,    0.0000000000E+00,    1.2337612671E+01
     33250,      0.676919,CP0_start,   1,    0.0000000000E+00,    1.2374780895E+01,    1.2374780895E+01,    0.0000000000E+00,    0.0000000000E+00,    0.0000000000E+00,    1.2374780895E+01
     33250,      0.676919,CP1_after_deposition,   1,    0.0000000000E+00,    1.2374780895E+01,    1.2374780895E+01,    0.0000000000E+00,    0.0000000000E+00,    0.0000000000E+00,    1.2374780895E+01
     33250,      0.676919,CP2_after_erosion,   1,    0.0000000000E+00,    1.2374780895E+01,    1.2374780895E+01,    0.0000000000E+00,    0.0000000000E+00,    0.0000000000E+00,    1.2374780895E+01
     33250,      0.676919,CP3_after_update_bottom,   1,    0.0000000000E+00,    1.2374780895E+01,    1.2374780895E+01,    0.0000000000E+00,    0.0000000000E+00,    0.0000000000E+00,    1.2374780895E+01
     33250,      0.676919,CP4_after_advection,   1,    0.0000000000E+00,    1.2375758403E+01,    1.2375758403E+01,    0.0000000000E+00,    0.0000000000E+00,    0.0000000000E+00,    1.2375758403E+01
     33250,      0.676919,CP5_after_vdif,   1,    0.0000000000E+00,    1.2375758403E+01,    1.2375758403E+01,    0.0000000000E+00,    0.0000000000E+00,    0.0000000000E+00,    1.2375758403E+01
     33250,      0.676919,CP6_after_kinetics,   1,    0.0000000000E+00,    1.2375758403E+01,    1.2375758403E+01,    0.0000000000E+00,    0.0000000000E+00,    0.0000000000E+00,    1.2375758403E+01
     33250,      0.676919,CP7_after_upper_clamp,   1,    0.0000000000E+00,    1.2375758403E+01,    1.2375758403E+01,    0.0000000000E+00,    0.0000000000E+00,    0.0000000000E+00,    1.2375758403E+01
     33250,      0.676919,CP8_after_OBC,   1,    0.0000000000E+00,    1.2375758403E+01,    1.2375758403E+01,    0.0000000000E+00,    0.0000000000E+00,    0.0000000000E+00,    1.2375758403E+01
     33250,      0.676919,CP9_after_PTsource,   1,    0.0000000000E+00,    1.2375758403E+01,    1.2375758403E+01,    0.0000000000E+00,    0.0000000000E+00,    0.0000000000E+00,    1.2375758403E+01
     33250,      0.676919,CP10_after_neg_clamp,   1,    0.0000000000E+00,    1.2375758403E+01,    1.2375758403E+01,    0.0000000000E+00,    0.0000000000E+00,    0.0000000000E+00,    1.2375758403E+01
     33250,      0.676919,CP11_after_MPI,   1,    0.0000000000E+00,    1.2375758403E+01,    1.2375758403E+01,    0.0000000000E+00,    0.0000000000E+00,    0.0000000000E+00,    1.2375758403E+01
     33250,      0.676919,CP12_end,   1,    0.0000000000E+00,    1.2375758403E+01,    1.2375758403E+01,    0.0000000000E+00,    0.0000000000E+00,    0.0000000000E+00,    1.2375758403E+01
     33300,      0.676919,CP0_start,   1,    0.0000000000E+00,    1.2413020213E+01,    1.2413020213E+01,    0.0000000000E+00,    0.0000000000E+00,    0.0000000000E+00,    1.2413020213E+01
     33300,      0.676919,CP1_after_deposition,   1,    0.0000000000E+00,    1.2413020213E+01,    1.2413020213E+01,    0.0000000000E+00,    0.0000000000E+00,    0.0000000000E+00,    1.2413020213E+01
     33300,      0.676919,CP2_after_erosion,   1,    0.0000000000E+00,    1.2413020213E+01,    1.2413020213E+01,    0.0000000000E+00,    0.0000000000E+00,    0.0000000000E+00,    1.2413020213E+01
     33300,      0.676919,CP3_after_update_bottom,   1,    0.0000000000E+00,    1.2413020213E+01,    1.2413020213E+01,    0.0000000000E+00,    0.0000000000E+00,    0.0000000000E+00,    1.2413020213E+01
     33300,      0.676919,CP4_after_advection,   1,    0.0000000000E+00,    1.2414002875E+01,    1.2414002875E+01,    0.0000000000E+00,    0.0000000000E+00,    0.0000000000E+00,    1.2414002875E+01
     33300,      0.676919,CP5_after_vdif,   1,    0.0000000000E+00,    1.2414002875E+01,    1.2414002875E+01,    0.0000000000E+00,    0.0000000000E+00,    0.0000000000E+00,    1.2414002875E+01
     33300,      0.676919,CP6_after_kinetics,   1,    0.0000000000E+00,    1.2414002875E+01,    1.2414002875E+01,    0.0000000000E+00,    0.0000000000E+00,    0.0000000000E+00,    1.2414002875E+01
     33300,      0.676919,CP7_after_upper_clamp,   1,    0.0000000000E+00,    1.2414002875E+01,    1.2414002875E+01,    0.0000000000E+00,    0.0000000000E+00,    0.0000000000E+00,    1.2414002875E+01
     33300,      0.676919,CP8_after_OBC,   1,    0.0000000000E+00,    1.2414002875E+01,    1.2414002875E+01,    0.0000000000E+00,    0.0000000000E+00,    0.0000000000E+00,    1.2414002875E+01
     33300,      0.676919,CP9_after_PTsource,   1,    0.0000000000E+00,    1.2414002875E+01,    1.2414002875E+01,    0.0000000000E+00,    0.0000000000E+00,    0.0000000000E+00,    1.2414002875E+01
     33300,      0.676919,CP10_after_neg_clamp,   1,    0.0000000000E+00,    1.2414002875E+01,    1.2414002875E+01,    0.0000000000E+00,    0.0000000000E+00,    0.0000000000E+00,    1.2414002875E+01
     33300,      0.676919,CP11_after_MPI,   1,    0.0000000000E+00,    1.2414002875E+01,    1.2414002875E+01,    0.0000000000E+00,    0.0000000000E+00,    0.0000000000E+00,    1.2414002875E+01
     33300,      0.676919,CP12_end,   1,    0.0000000000E+00,    1.2414002875E+01,    1.2414002875E+01,    0.0000000000E+00,    0.0000000000E+00,    0.0000000000E+00,    1.2414002875E+01
     33350,      0.676919,CP0_start,   1,    0.0000000000E+00,    1.2451045819E+01,    1.2451045819E+01,    0.0000000000E+00,    0.0000000000E+00,    0.0000000000E+00,    1.2451045819E+01
     33350,      0.676919,CP1_after_deposition,   1,    0.0000000000E+00,    1.2451045819E+01,    1.2451045819E+01,    0.0000000000E+00,    0.0000000000E+00,    0.0000000000E+00,    1.2451045819E+01
     33350,      0.676919,CP2_after_erosion,   1,    0.0000000000E+00,    1.2451045819E+01,    1.2451045819E+01,    0.0000000000E+00,    0.0000000000E+00,    0.0000000000E+00,    1.2451045819E+01
     33350,      0.676919,CP3_after_update_bottom,   1,    0.0000000000E+00,    1.2451045819E+01,    1.2451045819E+01,    0.0000000000E+00,    0.0000000000E+00,    0.0000000000E+00,    1.2451045819E+01
     33350,      0.676919,CP4_after_advection,   1,    0.0000000000E+00,    1.2452032572E+01,    1.2452032572E+01,    0.0000000000E+00,    0.0000000000E+00,    0.0000000000E+00,    1.2452032572E+01
     33350,      0.676919,CP5_after_vdif,   1,    0.0000000000E+00,    1.2452032572E+01,    1.2452032572E+01,    0.0000000000E+00,    0.0000000000E+00,    0.0000000000E+00,    1.2452032572E+01
     33350,      0.676919,CP6_after_kinetics,   1,    0.0000000000E+00,    1.2452032572E+01,    1.2452032572E+01,    0.0000000000E+00,    0.0000000000E+00,    0.0000000000E+00,    1.2452032572E+01
     33350,      0.676919,CP7_after_upper_clamp,   1,    0.0000000000E+00,    1.2452032572E+01,    1.2452032572E+01,    0.0000000000E+00,    0.0000000000E+00,    0.0000000000E+00,    1.2452032572E+01
     33350,      0.676919,CP8_after_OBC,   1,    0.0000000000E+00,    1.2452032572E+01,    1.2452032572E+01,    0.0000000000E+00,    0.0000000000E+00,    0.0000000000E+00,    1.2452032572E+01
     33350,      0.676919,CP9_after_PTsource,   1,    0.0000000000E+00,    1.2452032572E+01,    1.2452032572E+01,    0.0000000000E+00,    0.0000000000E+00,    0.0000000000E+00,    1.2452032572E+01
     33350,      0.676919,CP10_after_neg_clamp,   1,    0.0000000000E+00,    1.2452032572E+01,    1.2452032572E+01,    0.0000000000E+00,    0.0000000000E+00,    0.0000000000E+00,    1.2452032572E+01
     33350,      0.676919,CP11_after_MPI,   1,    0.0000000000E+00,    1.2452032572E+01,    1.2452032572E+01,    0.0000000000E+00,    0.0000000000E+00,    0.0000000000E+00,    1.2452032572E+01
     33350,      0.676919,CP12_end,   1,    0.0000000000E+00,    1.2452032572E+01,    1.2452032572E+01,    0.0000000000E+00,    0.0000000000E+00,    0.0000000000E+00,    1.2452032572E+01
     33400,      0.676919,CP0_start,   1,    0.0000000000E+00,    1.2489146533E+01,    1.2489146533E+01,    0.0000000000E+00,    0.0000000000E+00,    0.0000000000E+00,    1.2489146533E+01
     33400,      0.676919,CP1_after_deposition,   1,    0.0000000000E+00,    1.2489146533E+01,    1.2489146533E+01,    0.0000000000E+00,    0.0000000000E+00,    0.0000000000E+00,    1.2489146533E+01
     33400,      0.676919,CP2_after_erosion,   1,    0.0000000000E+00,    1.2489146533E+01,    1.2489146533E+01,    0.0000000000E+00,    0.0000000000E+00,    0.0000000000E+00,    1.2489146533E+01
     33400,      0.676919,CP3_after_update_bottom,   1,    0.0000000000E+00,    1.2489146533E+01,    1.2489146533E+01,    0.0000000000E+00,    0.0000000000E+00,    0.0000000000E+00,    1.2489146533E+01
     33400,      0.676919,CP4_after_advection,   1,    0.0000000000E+00,    1.2490138740E+01,    1.2490138740E+01,    0.0000000000E+00,    0.0000000000E+00,    0.0000000000E+00,    1.2490138740E+01
     33400,      0.676919,CP5_after_vdif,   1,    0.0000000000E+00,    1.2490138740E+01,    1.2490138740E+01,    0.0000000000E+00,    0.0000000000E+00,    0.0000000000E+00,    1.2490138740E+01
     33400,      0.676919,CP6_after_kinetics,   1,    0.0000000000E+00,    1.2490138740E+01,    1.2490138740E+01,    0.0000000000E+00,    0.0000000000E+00,    0.0000000000E+00,    1.2490138740E+01
     33400,      0.676919,CP7_after_upper_clamp,   1,    0.0000000000E+00,    1.2490138740E+01,    1.2490138740E+01,    0.0000000000E+00,    0.0000000000E+00,    0.0000000000E+00,    1.2490138740E+01
     33400,      0.676919,CP8_after_OBC,   1,    0.0000000000E+00,    1.2490138740E+01,    1.2490138740E+01,    0.0000000000E+00,    0.0000000000E+00,    0.0000000000E+00,    1.2490138740E+01
     33400,      0.676919,CP9_after_PTsource,   1,    0.0000000000E+00,    1.2490138740E+01,    1.2490138740E+01,    0.0000000000E+00,    0.0000000000E+00,    0.0000000000E+00,    1.2490138740E+01
     33400,      0.676919,CP10_after_neg_clamp,   1,    0.0000000000E+00,    1.2490138740E+01,    1.2490138740E+01,    0.0000000000E+00,    0.0000000000E+00,    0.0000000000E+00,    1.2490138740E+01
     33400,      0.676919,CP11_after_MPI,   1,    0.0000000000E+00,    1.2490138740E+01,    1.2490138740E+01,    0.0000000000E+00,    0.0000000000E+00,    0.0000000000E+00,    1.2490138740E+01
     33400,      0.676919,CP12_end,   1,    0.0000000000E+00,    1.2490138740E+01,    1.2490138740E+01,    0.0000000000E+00,    0.0000000000E+00,    0.0000000000E+00,    1.2490138740E+01
     33450,      0.676919,CP0_start,   1,    0.0000000000E+00,    1.2527305583E+01,    1.2527305583E+01,    0.0000000000E+00,    0.0000000000E+00,    0.0000000000E+00,    1.2527305583E+01
     33450,      0.676919,CP1_after_deposition,   1,    0.0000000000E+00,    1.2527305583E+01,    1.2527305583E+01,    0.0000000000E+00,    0.0000000000E+00,    0.0000000000E+00,    1.2527305583E+01
     33450,      0.676919,CP2_after_erosion,   1,    0.0000000000E+00,    1.2527305583E+01,    1.2527305583E+01,    0.0000000000E+00,    0.0000000000E+00,    0.0000000000E+00,    1.2527305583E+01
     33450,      0.676919,CP3_after_update_bottom,   1,    0.0000000000E+00,    1.2527305583E+01,    1.2527305583E+01,    0.0000000000E+00,    0.0000000000E+00,    0.0000000000E+00,    1.2527305583E+01
     33450,      0.676919,CP4_after_advection,   1,    0.0000000000E+00,    1.2528302515E+01,    1.2528302515E+01,    0.0000000000E+00,    0.0000000000E+00,    0.0000000000E+00,    1.2528302515E+01
     33450,      0.676919,CP5_after_vdif,   1,    0.0000000000E+00,    1.2528302515E+01,    1.2528302515E+01,    0.0000000000E+00,    0.0000000000E+00,    0.0000000000E+00,    1.2528302515E+01
     33450,      0.676919,CP6_after_kinetics,   1,    0.0000000000E+00,    1.2528302515E+01,    1.2528302515E+01,    0.0000000000E+00,    0.0000000000E+00,    0.0000000000E+00,    1.2528302515E+01
     33450,      0.676919,CP7_after_upper_clamp,   1,    0.0000000000E+00,    1.2528302515E+01,    1.2528302515E+01,    0.0000000000E+00,    0.0000000000E+00,    0.0000000000E+00,    1.2528302515E+01
     33450,      0.676919,CP8_after_OBC,   1,    0.0000000000E+00,    1.2528302515E+01,    1.2528302515E+01,    0.0000000000E+00,    0.0000000000E+00,    0.0000000000E+00,    1.2528302515E+01
     33450,      0.676919,CP9_after_PTsource,   1,    0.0000000000E+00,    1.2528302515E+01,    1.2528302515E+01,    0.0000000000E+00,    0.0000000000E+00,    0.0000000000E+00,    1.2528302515E+01
     33450,      0.676919,CP10_after_neg_clamp,   1,    0.0000000000E+00,    1.2528302515E+01,    1.2528302515E+01,    0.0000000000E+00,    0.0000000000E+00,    0.0000000000E+00,    1.2528302515E+01
     33450,      0.676919,CP11_after_MPI,   1,    0.0000000000E+00,    1.2528302515E+01,    1.2528302515E+01,    0.0000000000E+00,    0.0000000000E+00,    0.0000000000E+00,    1.2528302515E+01
     33450,      0.676919,CP12_end,   1,    0.0000000000E+00,    1.2528302515E+01,    1.2528302515E+01,    0.0000000000E+00,    0.0000000000E+00,    0.0000000000E+00,    1.2528302515E+01
     33500,      0.676919,CP0_start,   1,    0.0000000000E+00,    1.2565526295E+01,    1.2565526295E+01,    0.0000000000E+00,    0.0000000000E+00,    0.0000000000E+00,    1.2565526295E+01
     33500,      0.676919,CP1_after_deposition,   1,    0.0000000000E+00,    1.2565526295E+01,    1.2565526295E+01,    0.0000000000E+00,    0.0000000000E+00,    0.0000000000E+00,    1.2565526295E+01
     33500,      0.676919,CP2_after_erosion,   1,    0.0000000000E+00,    1.2565526295E+01,    1.2565526295E+01,    0.0000000000E+00,    0.0000000000E+00,    0.0000000000E+00,    1.2565526295E+01
     33500,      0.676919,CP3_after_update_bottom,   1,    0.0000000000E+00,    1.2565526295E+01,    1.2565526295E+01,    0.0000000000E+00,    0.0000000000E+00,    0.0000000000E+00,    1.2565526295E+01
     33500,      0.676919,CP4_after_advection,   1,    0.0000000000E+00,    1.2566527320E+01,    1.2566527320E+01,    0.0000000000E+00,    0.0000000000E+00,    0.0000000000E+00,    1.2566527320E+01
     33500,      0.676919,CP5_after_vdif,   1,    0.0000000000E+00,    1.2566527320E+01,    1.2566527320E+01,    0.0000000000E+00,    0.0000000000E+00,    0.0000000000E+00,    1.2566527320E+01
     33500,      0.676919,CP6_after_kinetics,   1,    0.0000000000E+00,    1.2566527320E+01,    1.2566527320E+01,    0.0000000000E+00,    0.0000000000E+00,    0.0000000000E+00,    1.2566527320E+01
     33500,      0.676919,CP7_after_upper_clamp,   1,    0.0000000000E+00,    1.2566527320E+01,    1.2566527320E+01,    0.0000000000E+00,    0.0000000000E+00,    0.0000000000E+00,    1.2566527320E+01
     33500,      0.676919,CP8_after_OBC,   1,    0.0000000000E+00,    1.2566527320E+01,    1.2566527320E+01,    0.0000000000E+00,    0.0000000000E+00,    0.0000000000E+00,    1.2566527320E+01
     33500,      0.676919,CP9_after_PTsource,   1,    0.0000000000E+00,    1.2566527320E+01,    1.2566527320E+01,    0.0000000000E+00,    0.0000000000E+00,    0.0000000000E+00,    1.2566527320E+01
     33500,      0.676919,CP10_after_neg_clamp,   1,    0.0000000000E+00,    1.2566527320E+01,    1.2566527320E+01,    0.0000000000E+00,    0.0000000000E+00,    0.0000000000E+00,    1.2566527320E+01
     33500,      0.676919,CP11_after_MPI,   1,    0.0000000000E+00,    1.2566527320E+01,    1.2566527320E+01,    0.0000000000E+00,    0.0000000000E+00,    0.0000000000E+00,    1.2566527320E+01
     33500,      0.676919,CP12_end,   1,    0.0000000000E+00,    1.2566527320E+01,    1.2566527320E+01,    0.0000000000E+00,    0.0000000000E+00,    0.0000000000E+00,    1.2566527320E+01
     33550,      0.676919,CP0_start,   1,    0.0000000000E+00,    1.2603806967E+01,    1.2603806967E+01,    0.0000000000E+00,    0.0000000000E+00,    0.0000000000E+00,    1.2603806967E+01
     33550,      0.676919,CP1_after_deposition,   1,    0.0000000000E+00,    1.2603806967E+01,    1.2603806967E+01,    0.0000000000E+00,    0.0000000000E+00,    0.0000000000E+00,    1.2603806967E+01
     33550,      0.676919,CP2_after_erosion,   1,    0.0000000000E+00,    1.2603806967E+01,    1.2603806967E+01,    0.0000000000E+00,    0.0000000000E+00,    0.0000000000E+00,    1.2603806967E+01
     33550,      0.676919,CP3_after_update_bottom,   1,    0.0000000000E+00,    1.2603806967E+01,    1.2603806967E+01,    0.0000000000E+00,    0.0000000000E+00,    0.0000000000E+00,    1.2603806967E+01
     33550,      0.676919,CP4_after_advection,   1,    0.0000000000E+00,    1.2604810682E+01,    1.2604810682E+01,    0.0000000000E+00,    0.0000000000E+00,    0.0000000000E+00,    1.2604810682E+01
     33550,      0.676919,CP5_after_vdif,   1,    0.0000000000E+00,    1.2604810682E+01,    1.2604810682E+01,    0.0000000000E+00,    0.0000000000E+00,    0.0000000000E+00,    1.2604810682E+01
     33550,      0.676919,CP6_after_kinetics,   1,    0.0000000000E+00,    1.2604810682E+01,    1.2604810682E+01,    0.0000000000E+00,    0.0000000000E+00,    0.0000000000E+00,    1.2604810682E+01
     33550,      0.676919,CP7_after_upper_clamp,   1,    0.0000000000E+00,    1.2604810682E+01,    1.2604810682E+01,    0.0000000000E+00,    0.0000000000E+00,    0.0000000000E+00,    1.2604810682E+01
     33550,      0.676919,CP8_after_OBC,   1,    0.0000000000E+00,    1.2604810682E+01,    1.2604810682E+01,    0.0000000000E+00,    0.0000000000E+00,    0.0000000000E+00,    1.2604810682E+01
     33550,      0.676919,CP9_after_PTsource,   1,    0.0000000000E+00,    1.2604810682E+01,    1.2604810682E+01,    0.0000000000E+00,    0.0000000000E+00,    0.0000000000E+00,    1.2604810682E+01
     33550,      0.676919,CP10_after_neg_clamp,   1,    0.0000000000E+00,    1.2604810682E+01,    1.2604810682E+01,    0.0000000000E+00,    0.0000000000E+00,    0.0000000000E+00,    1.2604810682E+01
     33550,      0.676919,CP11_after_MPI,   1,    0.0000000000E+00,    1.2604810682E+01,    1.2604810682E+01,    0.0000000000E+00,    0.0000000000E+00,    0.0000000000E+00,    1.2604810682E+01
     33550,      0.676919,CP12_end,   1,    0.0000000000E+00,    1.2604810682E+01,    1.2604810682E+01,    0.0000000000E+00,    0.0000000000E+00,    0.0000000000E+00,    1.2604810682E+01
     33600,      0.676919,CP0_start,   1,    0.0000000000E+00,    1.2642119486E+01,    1.2642119486E+01,    0.0000000000E+00,    0.0000000000E+00,    0.0000000000E+00,    1.2642119486E+01
     33600,      0.676919,CP1_after_deposition,   1,    0.0000000000E+00,    1.2642119486E+01,    1.2642119486E+01,    0.0000000000E+00,    0.0000000000E+00,    0.0000000000E+00,    1.2642119486E+01
     33600,      0.676919,CP2_after_erosion,   1,    0.0000000000E+00,    1.2642119486E+01,    1.2642119486E+01,    0.0000000000E+00,    0.0000000000E+00,    0.0000000000E+00,    1.2642119486E+01
     33600,      0.676919,CP3_after_update_bottom,   1,    0.0000000000E+00,    1.2642119486E+01,    1.2642119486E+01,    0.0000000000E+00,    0.0000000000E+00,    0.0000000000E+00,    1.2642119486E+01
     33600,      0.676919,CP4_after_advection,   1,    0.0000000000E+00,    1.2643126148E+01,    1.2643126148E+01,    0.0000000000E+00,    0.0000000000E+00,    0.0000000000E+00,    1.2643126148E+01
     33600,      0.676919,CP5_after_vdif,   1,    0.0000000000E+00,    1.2643126148E+01,    1.2643126148E+01,    0.0000000000E+00,    0.0000000000E+00,    0.0000000000E+00,    1.2643126148E+01
     33600,      0.676919,CP6_after_kinetics,   1,    0.0000000000E+00,    1.2643126148E+01,    1.2643126148E+01,    0.0000000000E+00,    0.0000000000E+00,    0.0000000000E+00,    1.2643126148E+01
     33600,      0.676919,CP7_after_upper_clamp,   1,    0.0000000000E+00,    1.2643126148E+01,    1.2643126148E+01,    0.0000000000E+00,    0.0000000000E+00,    0.0000000000E+00,    1.2643126148E+01
     33600,      0.676919,CP8_after_OBC,   1,    0.0000000000E+00,    1.2643126148E+01,    1.2643126148E+01,    0.0000000000E+00,    0.0000000000E+00,    0.0000000000E+00,    1.2643126148E+01
     33600,      0.676919,CP9_after_PTsource,   1,    0.0000000000E+00,    1.2643126148E+01,    1.2643126148E+01,    0.0000000000E+00,    0.0000000000E+00,    0.0000000000E+00,    1.2643126148E+01
     33600,      0.676919,CP10_after_neg_clamp,   1,    0.0000000000E+00,    1.2643126148E+01,    1.2643126148E+01,    0.0000000000E+00,    0.0000000000E+00,    0.0000000000E+00,    1.2643126148E+01
     33600,      0.676919,CP11_after_MPI,   1,    0.0000000000E+00,    1.2643126148E+01,    1.2643126148E+01,    0.0000000000E+00,    0.0000000000E+00,    0.0000000000E+00,    1.2643126148E+01
     33600,      0.676919,CP12_end,   1,    0.0000000000E+00,    1.2643126148E+01,    1.2643126148E+01,    0.0000000000E+00,    0.0000000000E+00,    0.0000000000E+00,    1.2643126148E+01
     33650,      0.676919,CP0_start,   1,    0.0000000000E+00,    1.2680482086E+01,    1.2680482086E+01,    0.0000000000E+00,    0.0000000000E+00,    0.0000000000E+00,    1.2680482086E+01
     33650,      0.676919,CP1_after_deposition,   1,    0.0000000000E+00,    1.2680482086E+01,    1.2680482086E+01,    0.0000000000E+00,    0.0000000000E+00,    0.0000000000E+00,    1.2680482086E+01
     33650,      0.676919,CP2_after_erosion,   1,    0.0000000000E+00,    1.2680482086E+01,    1.2680482086E+01,    0.0000000000E+00,    0.0000000000E+00,    0.0000000000E+00,    1.2680482086E+01
     33650,      0.676919,CP3_after_update_bottom,   1,    0.0000000000E+00,    1.2680482086E+01,    1.2680482086E+01,    0.0000000000E+00,    0.0000000000E+00,    0.0000000000E+00,    1.2680482086E+01
     33650,      0.676919,CP4_after_advection,   1,    0.0000000000E+00,    1.2681490884E+01,    1.2681490884E+01,    0.0000000000E+00,    0.0000000000E+00,    0.0000000000E+00,    1.2681490884E+01
     33650,      0.676919,CP5_after_vdif,   1,    0.0000000000E+00,    1.2681490884E+01,    1.2681490884E+01,    0.0000000000E+00,    0.0000000000E+00,    0.0000000000E+00,    1.2681490884E+01
     33650,      0.676919,CP6_after_kinetics,   1,    0.0000000000E+00,    1.2681490884E+01,    1.2681490884E+01,    0.0000000000E+00,    0.0000000000E+00,    0.0000000000E+00,    1.2681490884E+01
     33650,      0.676919,CP7_after_upper_clamp,   1,    0.0000000000E+00,    1.2681490884E+01,    1.2681490884E+01,    0.0000000000E+00,    0.0000000000E+00,    0.0000000000E+00,    1.2681490884E+01
     33650,      0.676919,CP8_after_OBC,   1,    0.0000000000E+00,    1.2681490884E+01,    1.2681490884E+01,    0.0000000000E+00,    0.0000000000E+00,    0.0000000000E+00,    1.2681490884E+01
     33650,      0.676919,CP9_after_PTsource,   1,    0.0000000000E+00,    1.2681490884E+01,    1.2681490884E+01,    0.0000000000E+00,    0.0000000000E+00,    0.0000000000E+00,    1.2681490884E+01
     33650,      0.676919,CP10_after_neg_clamp,   1,    0.0000000000E+00,    1.2681490884E+01,    1.2681490884E+01,    0.0000000000E+00,    0.0000000000E+00,    0.0000000000E+00,    1.2681490884E+01
     33650,      0.676919,CP11_after_MPI,   1,    0.0000000000E+00,    1.2681490884E+01,    1.2681490884E+01,    0.0000000000E+00,    0.0000000000E+00,    0.0000000000E+00,    1.2681490884E+01
     33650,      0.676919,CP12_end,   1,    0.0000000000E+00,    1.2681490884E+01,    1.2681490884E+01,    0.0000000000E+00,    0.0000000000E+00,    0.0000000000E+00,    1.2681490884E+01
     33700,      0.676919,CP0_start,   1,    0.0000000000E+00,    1.2718878051E+01,    1.2718878051E+01,    0.0000000000E+00,    0.0000000000E+00,    0.0000000000E+00,    1.2718878051E+01
     33700,      0.676919,CP1_after_deposition,   1,    0.0000000000E+00,    1.2718878051E+01,    1.2718878051E+01,    0.0000000000E+00,    0.0000000000E+00,    0.0000000000E+00,    1.2718878051E+01
     33700,      0.676919,CP2_after_erosion,   1,    0.0000000000E+00,    1.2718878051E+01,    1.2718878051E+01,    0.0000000000E+00,    0.0000000000E+00,    0.0000000000E+00,    1.2718878051E+01
     33700,      0.676919,CP3_after_update_bottom,   1,    0.0000000000E+00,    1.2718878051E+01,    1.2718878051E+01,    0.0000000000E+00,    0.0000000000E+00,    0.0000000000E+00,    1.2718878051E+01
     33700,      0.676919,CP4_after_advection,   1,    0.0000000000E+00,    1.2719889920E+01,    1.2719889920E+01,    0.0000000000E+00,    0.0000000000E+00,    0.0000000000E+00,    1.2719889920E+01
     33700,      0.676919,CP5_after_vdif,   1,    0.0000000000E+00,    1.2719889920E+01,    1.2719889920E+01,    0.0000000000E+00,    0.0000000000E+00,    0.0000000000E+00,    1.2719889920E+01
     33700,      0.676919,CP6_after_kinetics,   1,    0.0000000000E+00,    1.2719889920E+01,    1.2719889920E+01,    0.0000000000E+00,    0.0000000000E+00,    0.0000000000E+00,    1.2719889920E+01
     33700,      0.676919,CP7_after_upper_clamp,   1,    0.0000000000E+00,    1.2719889920E+01,    1.2719889920E+01,    0.0000000000E+00,    0.0000000000E+00,    0.0000000000E+00,    1.2719889920E+01
     33700,      0.676919,CP8_after_OBC,   1,    0.0000000000E+00,    1.2719889920E+01,    1.2719889920E+01,    0.0000000000E+00,    0.0000000000E+00,    0.0000000000E+00,    1.2719889920E+01
     33700,      0.676919,CP9_after_PTsource,   1,    0.0000000000E+00,    1.2719889920E+01,    1.2719889920E+01,    0.0000000000E+00,    0.0000000000E+00,    0.0000000000E+00,    1.2719889920E+01
     33700,      0.676919,CP10_after_neg_clamp,   1,    0.0000000000E+00,    1.2719889920E+01,    1.2719889920E+01,    0.0000000000E+00,    0.0000000000E+00,    0.0000000000E+00,    1.2719889920E+01
     33700,      0.676919,CP11_after_MPI,   1,    0.0000000000E+00,    1.2719889920E+01,    1.2719889920E+01,    0.0000000000E+00,    0.0000000000E+00,    0.0000000000E+00,    1.2719889920E+01
     33700,      0.676919,CP12_end,   1,    0.0000000000E+00,    1.2719889920E+01,    1.2719889920E+01,    0.0000000000E+00,    0.0000000000E+00,    0.0000000000E+00,    1.2719889920E+01
     33750,      0.676919,CP0_start,   1,    0.0000000000E+00,    1.2757314840E+01,    1.2757314840E+01,    0.0000000000E+00,    0.0000000000E+00,    0.0000000000E+00,    1.2757314840E+01
     33750,      0.676919,CP1_after_deposition,   1,    0.0000000000E+00,    1.2757314840E+01,    1.2757314840E+01,    0.0000000000E+00,    0.0000000000E+00,    0.0000000000E+00,    1.2757314840E+01
     33750,      0.676919,CP2_after_erosion,   1,                 NaN,                 NaN,                 NaN,    0.0000000000E+00,    0.0000000000E+00,    0.0000000000E+00,                 NaN
     33750,      0.676919,CP3_after_update_bottom,   1,                 NaN,                 NaN,                 NaN,    0.0000000000E+00,    0.0000000000E+00,    0.0000000000E+00,                 NaN
     33750,      0.676919,CP4_after_advection,   1,                 NaN,                 NaN,                 NaN,    0.0000000000E+00,    0.0000000000E+00,    0.0000000000E+00,                 NaN
     33750,      0.676919,CP5_after_vdif,   1,                 NaN,                 NaN,                 NaN,    0.0000000000E+00,    0.0000000000E+00,    0.0000000000E+00,                 NaN
     33750,      0.676919,CP6_after_kinetics,   1,                 NaN,                 NaN,                 NaN,    0.0000000000E+00,    0.0000000000E+00,    0.0000000000E+00,                 NaN
     33750,      0.676919,CP7_after_upper_clamp,   1,                 NaN,                 NaN,                 NaN,    0.0000000000E+00,    0.0000000000E+00,    0.0000000000E+00,                 NaN
     33750,      0.676919,CP8_after_OBC,   1,                 NaN,                 NaN,                 NaN,    0.0000000000E+00,    0.0000000000E+00,    0.0000000000E+00,                 NaN
     33750,      0.676919,CP9_after_PTsource,   1,                 NaN,                 NaN,                 NaN,    0.0000000000E+00,    0.0000000000E+00,    0.0000000000E+00,                 NaN
     33750,      0.676919,CP10_after_neg_clamp,   1,    0.0000000000E+00,    1.2758328610E+01,    1.2758328610E+01,    0.0000000000E+00,    0.0000000000E+00,    0.0000000000E+00,    1.2758328610E+01
     33750,      0.676919,CP11_after_MPI,   1,    0.0000000000E+00,    1.2758328610E+01,    1.2758328610E+01,    0.0000000000E+00,    0.0000000000E+00,    0.0000000000E+00,    1.2758328610E+01
     33750,      0.676919,CP12_end,   1,    0.0000000000E+00,    1.2758328610E+01,    1.2758328610E+01,    0.0000000000E+00,    0.0000000000E+00,    0.0000000000E+00,    1.2758328610E+01
     33800,      0.676919,CP0_start,   1,    0.0000000000E+00,    1.2795776570E+01,    1.2795776570E+01,    0.0000000000E+00,    0.0000000000E+00,    0.0000000000E+00,    1.2795776570E+01
     33800,      0.676919,CP1_after_deposition,   1,    0.0000000000E+00,    1.2795776570E+01,    1.2795776570E+01,    0.0000000000E+00,    0.0000000000E+00,    0.0000000000E+00,    1.2795776570E+01
     33800,      0.676919,CP2_after_erosion,   1,    0.0000000000E+00,    1.2795776570E+01,    1.2795776570E+01,    0.0000000000E+00,    0.0000000000E+00,    0.0000000000E+00,    1.2795776570E+01
     33800,      0.676919,CP3_after_update_bottom,   1,    0.0000000000E+00,    1.2795776570E+01,    1.2795776570E+01,    0.0000000000E+00,    0.0000000000E+00,    0.0000000000E+00,    1.2795776570E+01
     33800,      0.676919,CP4_after_advection,   1,    0.0000000000E+00,    1.2796793177E+01,    1.2796793177E+01,    0.0000000000E+00,    0.0000000000E+00,    0.0000000000E+00,    1.2796793177E+01
     33800,      0.676919,CP5_after_vdif,   1,    0.0000000000E+00,    1.2796793177E+01,    1.2796793177E+01,    0.0000000000E+00,    0.0000000000E+00,    0.0000000000E+00,    1.2796793177E+01
     33800,      0.676919,CP6_after_kinetics,   1,    0.0000000000E+00,    1.2796793177E+01,    1.2796793177E+01,    0.0000000000E+00,    0.0000000000E+00,    0.0000000000E+00,    1.2796793177E+01
     33800,      0.676919,CP7_after_upper_clamp,   1,    0.0000000000E+00,    1.2796793177E+01,    1.2796793177E+01,    0.0000000000E+00,    0.0000000000E+00,    0.0000000000E+00,    1.2796793177E+01
     33800,      0.676919,CP8_after_OBC,   1,    0.0000000000E+00,    1.2796793177E+01,    1.2796793177E+01,    0.0000000000E+00,    0.0000000000E+00,    0.0000000000E+00,    1.2796793177E+01
     33800,      0.676919,CP9_after_PTsource,   1,    0.0000000000E+00,    1.2796793177E+01,    1.2796793177E+01,    0.0000000000E+00,    0.0000000000E+00,    0.0000000000E+00,    1.2796793177E+01
     33800,      0.676919,CP10_after_neg_clamp,   1,    0.0000000000E+00,    1.2796793177E+01,    1.2796793177E+01,    0.0000000000E+00,    0.0000000000E+00,    0.0000000000E+00,    1.2796793177E+01
     33800,      0.676919,CP11_after_MPI,   1,    0.0000000000E+00,    1.2796793177E+01,    1.2796793177E+01,    0.0000000000E+00,    0.0000000000E+00,    0.0000000000E+00,    1.2796793177E+01
     33800,      0.676919,CP12_end,   1,    0.0000000000E+00,    1.2796793177E+01,    1.2796793177E+01,    0.0000000000E+00,    0.0000000000E+00,    0.0000000000E+00,    1.2796793177E+01
     33850,      0.676919,CP0_start,   1,    0.0000000000E+00,    1.2834255290E+01,    1.2834255290E+01,    0.0000000000E+00,    0.0000000000E+00,    0.0000000000E+00,    1.2834255290E+01
     33850,      0.676919,CP1_after_deposition,   1,    0.0000000000E+00,    1.2834255290E+01,    1.2834255290E+01,    0.0000000000E+00,    0.0000000000E+00,    0.0000000000E+00,    1.2834255290E+01
     33850,      0.676919,CP2_after_erosion,   1,    0.0000000000E+00,    1.2834255290E+01,    1.2834255290E+01,    0.0000000000E+00,    0.0000000000E+00,    0.0000000000E+00,    1.2834255290E+01
     33850,      0.676919,CP3_after_update_bottom,   1,    0.0000000000E+00,    1.2834255290E+01,    1.2834255290E+01,    0.0000000000E+00,    0.0000000000E+00,    0.0000000000E+00,    1.2834255290E+01
     33850,      0.676919,CP4_after_advection,   1,    0.0000000000E+00,    1.2835274210E+01,    1.2835274210E+01,    0.0000000000E+00,    0.0000000000E+00,    0.0000000000E+00,    1.2835274210E+01
     33850,      0.676919,CP5_after_vdif,   1,    0.0000000000E+00,    1.2835274210E+01,    1.2835274210E+01,    0.0000000000E+00,    0.0000000000E+00,    0.0000000000E+00,    1.2835274210E+01
     33850,      0.676919,CP6_after_kinetics,   1,    0.0000000000E+00,    1.2835274210E+01,    1.2835274210E+01,    0.0000000000E+00,    0.0000000000E+00,    0.0000000000E+00,    1.2835274210E+01
     33850,      0.676919,CP7_after_upper_clamp,   1,    0.0000000000E+00,    1.2835274210E+01,    1.2835274210E+01,    0.0000000000E+00,    0.0000000000E+00,    0.0000000000E+00,    1.2835274210E+01
     33850,      0.676919,CP8_after_OBC,   1,    0.0000000000E+00,    1.2835274210E+01,    1.2835274210E+01,    0.0000000000E+00,    0.0000000000E+00,    0.0000000000E+00,    1.2835274210E+01
     33850,      0.676919,CP9_after_PTsource,   1,    0.0000000000E+00,    1.2835274210E+01,    1.2835274210E+01,    0.0000000000E+00,    0.0000000000E+00,    0.0000000000E+00,    1.2835274210E+01
     33850,      0.676919,CP10_after_neg_clamp,   1,    0.0000000000E+00,    1.2835274210E+01,    1.2835274210E+01,    0.0000000000E+00,    0.0000000000E+00,    0.0000000000E+00,    1.2835274210E+01
     33850,      0.676919,CP11_after_MPI,   1,    0.0000000000E+00,    1.2835274210E+01,    1.2835274210E+01,    0.0000000000E+00,    0.0000000000E+00,    0.0000000000E+00,    1.2835274210E+01
     33850,      0.676919,CP12_end,   1,    0.0000000000E+00,    1.2835274210E+01,    1.2835274210E+01,    0.0000000000E+00,    0.0000000000E+00,    0.0000000000E+00,    1.2835274210E+01
     33900,      0.676919,CP0_start,   1,    0.0000000000E+00,    1.2872749713E+01,    1.2872749713E+01,    0.0000000000E+00,    0.0000000000E+00,    0.0000000000E+00,    1.2872749713E+01
     33900,      0.676919,CP1_after_deposition,   1,    0.0000000000E+00,    1.2872749713E+01,    1.2872749713E+01,    0.0000000000E+00,    0.0000000000E+00,    0.0000000000E+00,    1.2872749713E+01
     33900,      0.676919,CP2_after_erosion,   1,    0.0000000000E+00,    1.2872749713E+01,    1.2872749713E+01,    0.0000000000E+00,    0.0000000000E+00,    0.0000000000E+00,    1.2872749713E+01
     33900,      0.676919,CP3_after_update_bottom,   1,    0.0000000000E+00,    1.2872749713E+01,    1.2872749713E+01,    0.0000000000E+00,    0.0000000000E+00,    0.0000000000E+00,    1.2872749713E+01
     33900,      0.676919,CP4_after_advection,   1,    0.0000000000E+00,    1.2873772322E+01,    1.2873772322E+01,    0.0000000000E+00,    0.0000000000E+00,    0.0000000000E+00,    1.2873772322E+01
     33900,      0.676919,CP5_after_vdif,   1,    0.0000000000E+00,    1.2873772322E+01,    1.2873772322E+01,    0.0000000000E+00,    0.0000000000E+00,    0.0000000000E+00,    1.2873772322E+01
     33900,      0.676919,CP6_after_kinetics,   1,    0.0000000000E+00,    1.2873772322E+01,    1.2873772322E+01,    0.0000000000E+00,    0.0000000000E+00,    0.0000000000E+00,    1.2873772322E+01
     33900,      0.676919,CP7_after_upper_clamp,   1,    0.0000000000E+00,    1.2873772322E+01,    1.2873772322E+01,    0.0000000000E+00,    0.0000000000E+00,    0.0000000000E+00,    1.2873772322E+01
     33900,      0.676919,CP8_after_OBC,   1,    0.0000000000E+00,    1.2873772322E+01,    1.2873772322E+01,    0.0000000000E+00,    0.0000000000E+00,    0.0000000000E+00,    1.2873772322E+01
     33900,      0.676919,CP9_after_PTsource,   1,    0.0000000000E+00,    1.2873772322E+01,    1.2873772322E+01,    0.0000000000E+00,    0.0000000000E+00,    0.0000000000E+00,    1.2873772322E+01
     33900,      0.676919,CP10_after_neg_clamp,   1,    0.0000000000E+00,    1.2873772322E+01,    1.2873772322E+01,    0.0000000000E+00,    0.0000000000E+00,    0.0000000000E+00,    1.2873772322E+01
     33900,      0.676919,CP11_after_MPI,   1,    0.0000000000E+00,    1.2873772322E+01,    1.2873772322E+01,    0.0000000000E+00,    0.0000000000E+00,    0.0000000000E+00,    1.2873772322E+01
     33900,      0.676919,CP12_end,   1,    0.0000000000E+00,    1.2873772322E+01,    1.2873772322E+01,    0.0000000000E+00,    0.0000000000E+00,    0.0000000000E+00,    1.2873772322E+01
     33950,      0.676919,CP0_start,   1,    0.0000000000E+00,    1.2911252014E+01,    1.2911252014E+01,    0.0000000000E+00,    0.0000000000E+00,    0.0000000000E+00,    1.2911252014E+01
     33950,      0.676919,CP1_after_deposition,   1,    0.0000000000E+00,    1.2911252014E+01,    1.2911252014E+01,    0.0000000000E+00,    0.0000000000E+00,    0.0000000000E+00,    1.2911252014E+01
     33950,      0.676919,CP2_after_erosion,   1,    0.0000000000E+00,    1.2911252014E+01,    1.2911252014E+01,    0.0000000000E+00,    0.0000000000E+00,    0.0000000000E+00,    1.2911252014E+01
     33950,      0.676919,CP3_after_update_bottom,   1,    0.0000000000E+00,    1.2911252014E+01,    1.2911252014E+01,    0.0000000000E+00,    0.0000000000E+00,    0.0000000000E+00,    1.2911252014E+01
     33950,      0.676919,CP4_after_advection,   1,    0.0000000000E+00,    1.2912277867E+01,    1.2912277867E+01,    0.0000000000E+00,    0.0000000000E+00,    0.0000000000E+00,    1.2912277867E+01
     33950,      0.676919,CP5_after_vdif,   1,    0.0000000000E+00,    1.2912277867E+01,    1.2912277867E+01,    0.0000000000E+00,    0.0000000000E+00,    0.0000000000E+00,    1.2912277867E+01
     33950,      0.676919,CP6_after_kinetics,   1,    0.0000000000E+00,    1.2912277867E+01,    1.2912277867E+01,    0.0000000000E+00,    0.0000000000E+00,    0.0000000000E+00,    1.2912277867E+01
     33950,      0.676919,CP7_after_upper_clamp,   1,    0.0000000000E+00,    1.2912277867E+01,    1.2912277867E+01,    0.0000000000E+00,    0.0000000000E+00,    0.0000000000E+00,    1.2912277867E+01
     33950,      0.676919,CP8_after_OBC,   1,    0.0000000000E+00,    1.2912277867E+01,    1.2912277867E+01,    0.0000000000E+00,    0.0000000000E+00,    0.0000000000E+00,    1.2912277867E+01
     33950,      0.676919,CP9_after_PTsource,   1,    0.0000000000E+00,    1.2912277867E+01,    1.2912277867E+01,    0.0000000000E+00,    0.0000000000E+00,    0.0000000000E+00,    1.2912277867E+01
     33950,      0.676919,CP10_after_neg_clamp,   1,    0.0000000000E+00,    1.2912277867E+01,    1.2912277867E+01,    0.0000000000E+00,    0.0000000000E+00,    0.0000000000E+00,    1.2912277867E+01
     33950,      0.676919,CP11_after_MPI,   1,    0.0000000000E+00,    1.2912277867E+01,    1.2912277867E+01,    0.0000000000E+00,    0.0000000000E+00,    0.0000000000E+00,    1.2912277867E+01
     33950,      0.676919,CP12_end,   1,    0.0000000000E+00,    1.2912277867E+01,    1.2912277867E+01,    0.0000000000E+00,    0.0000000000E+00,    0.0000000000E+00,    1.2912277867E+01
     34000,      0.676919,CP0_start,   1,    0.0000000000E+00,    1.2949760207E+01,    1.2949760207E+01,    0.0000000000E+00,    0.0000000000E+00,    0.0000000000E+00,    1.2949760207E+01
     34000,      0.676919,CP1_after_deposition,   1,    0.0000000000E+00,    1.2949760207E+01,    1.2949760207E+01,    0.0000000000E+00,    0.0000000000E+00,    0.0000000000E+00,    1.2949760207E+01
     34000,      0.676919,CP2_after_erosion,   1,    0.0000000000E+00,    1.2949760207E+01,    1.2949760207E+01,    0.0000000000E+00,    0.0000000000E+00,    0.0000000000E+00,    1.2949760207E+01
     34000,      0.676919,CP3_after_update_bottom,   1,    0.0000000000E+00,    1.2949760207E+01,    1.2949760207E+01,    0.0000000000E+00,    0.0000000000E+00,    0.0000000000E+00,    1.2949760207E+01
     34000,      0.676919,CP4_after_advection,   1,    0.0000000000E+00,    1.2950788432E+01,    1.2950788432E+01,    0.0000000000E+00,    0.0000000000E+00,    0.0000000000E+00,    1.2950788432E+01
     34000,      0.676919,CP5_after_vdif,   1,    0.0000000000E+00,    1.2950788432E+01,    1.2950788432E+01,    0.0000000000E+00,    0.0000000000E+00,    0.0000000000E+00,    1.2950788432E+01
     34000,      0.676919,CP6_after_kinetics,   1,    0.0000000000E+00,    1.2950788432E+01,    1.2950788432E+01,    0.0000000000E+00,    0.0000000000E+00,    0.0000000000E+00,    1.2950788432E+01
     34000,      0.676919,CP7_after_upper_clamp,   1,    0.0000000000E+00,    1.2950788432E+01,    1.2950788432E+01,    0.0000000000E+00,    0.0000000000E+00,    0.0000000000E+00,    1.2950788432E+01
     34000,      0.676919,CP8_after_OBC,   1,    0.0000000000E+00,    1.2950788432E+01,    1.2950788432E+01,    0.0000000000E+00,    0.0000000000E+00,    0.0000000000E+00,    1.2950788432E+01
     34000,      0.676919,CP9_after_PTsource,   1,    0.0000000000E+00,    1.2950788432E+01,    1.2950788432E+01,    0.0000000000E+00,    0.0000000000E+00,    0.0000000000E+00,    1.2950788432E+01
     34000,      0.676919,CP10_after_neg_clamp,   1,    0.0000000000E+00,    1.2950788432E+01,    1.2950788432E+01,    0.0000000000E+00,    0.0000000000E+00,    0.0000000000E+00,    1.2950788432E+01
     34000,      0.676919,CP11_after_MPI,   1,    0.0000000000E+00,    1.2950788432E+01,    1.2950788432E+01,    0.0000000000E+00,    0.0000000000E+00,    0.0000000000E+00,    1.2950788432E+01
     34000,      0.676919,CP12_end,   1,    0.0000000000E+00,    1.2950788432E+01,    1.2950788432E+01,    0.0000000000E+00,    0.0000000000E+00,    0.0000000000E+00,    1.2950788432E+01
     34050,      0.676919,CP0_start,   1,    0.0000000000E+00,    1.2988263926E+01,    1.2988263926E+01,    0.0000000000E+00,    0.0000000000E+00,    0.0000000000E+00,    1.2988263926E+01
     34050,      0.676919,CP1_after_deposition,   1,    0.0000000000E+00,    1.2988263926E+01,    1.2988263926E+01,    0.0000000000E+00,    0.0000000000E+00,    0.0000000000E+00,    1.2988263926E+01
     34050,      0.676919,CP2_after_erosion,   1,    0.0000000000E+00,    1.2988263926E+01,    1.2988263926E+01,    0.0000000000E+00,    0.0000000000E+00,    0.0000000000E+00,    1.2988263926E+01
     34050,      0.676919,CP3_after_update_bottom,   1,    0.0000000000E+00,    1.2988263926E+01,    1.2988263926E+01,    0.0000000000E+00,    0.0000000000E+00,    0.0000000000E+00,    1.2988263926E+01
     34050,      0.676919,CP4_after_advection,   1,    0.0000000000E+00,    1.2989294864E+01,    1.2989294864E+01,    0.0000000000E+00,    0.0000000000E+00,    0.0000000000E+00,    1.2989294864E+01
     34050,      0.676919,CP5_after_vdif,   1,    0.0000000000E+00,    1.2989294864E+01,    1.2989294864E+01,    0.0000000000E+00,    0.0000000000E+00,    0.0000000000E+00,    1.2989294864E+01
     34050,      0.676919,CP6_after_kinetics,   1,    0.0000000000E+00,    1.2989294864E+01,    1.2989294864E+01,    0.0000000000E+00,    0.0000000000E+00,    0.0000000000E+00,    1.2989294864E+01
     34050,      0.676919,CP7_after_upper_clamp,   1,    0.0000000000E+00,    1.2989294864E+01,    1.2989294864E+01,    0.0000000000E+00,    0.0000000000E+00,    0.0000000000E+00,    1.2989294864E+01
     34050,      0.676919,CP8_after_OBC,   1,    0.0000000000E+00,    1.2989294864E+01,    1.2989294864E+01,    0.0000000000E+00,    0.0000000000E+00,    0.0000000000E+00,    1.2989294864E+01
     34050,      0.676919,CP9_after_PTsource,   1,    0.0000000000E+00,    1.2989294864E+01,    1.2989294864E+01,    0.0000000000E+00,    0.0000000000E+00,    0.0000000000E+00,    1.2989294864E+01
     34050,      0.676919,CP10_after_neg_clamp,   1,    0.0000000000E+00,    1.2989294864E+01,    1.2989294864E+01,    0.0000000000E+00,    0.0000000000E+00,    0.0000000000E+00,    1.2989294864E+01
     34050,      0.676919,CP11_after_MPI,   1,    0.0000000000E+00,    1.2989294864E+01,    1.2989294864E+01,    0.0000000000E+00,    0.0000000000E+00,    0.0000000000E+00,    1.2989294864E+01
     34050,      0.676919,CP12_end,   1,    0.0000000000E+00,    1.2989294864E+01,    1.2989294864E+01,    0.0000000000E+00,    0.0000000000E+00,    0.0000000000E+00,    1.2989294864E+01
     34100,      0.676919,CP0_start,   1,    0.0000000000E+00,    1.3026749423E+01,    1.3026749423E+01,    0.0000000000E+00,    0.0000000000E+00,    0.0000000000E+00,    1.3026749423E+01
     34100,      0.676919,CP1_after_deposition,   1,    0.0000000000E+00,    1.3026749423E+01,    1.3026749423E+01,    0.0000000000E+00,    0.0000000000E+00,    0.0000000000E+00,    1.3026749423E+01
     34100,      0.676919,CP2_after_erosion,   1,    0.0000000000E+00,    1.3026749423E+01,    1.3026749423E+01,    0.0000000000E+00,    0.0000000000E+00,    0.0000000000E+00,    1.3026749423E+01
     34100,      0.676919,CP3_after_update_bottom,   1,    0.0000000000E+00,    1.3026749423E+01,    1.3026749423E+01,    0.0000000000E+00,    0.0000000000E+00,    0.0000000000E+00,    1.3026749423E+01
     34100,      0.676919,CP4_after_advection,   1,    0.0000000000E+00,    1.3027783194E+01,    1.3027783194E+01,    0.0000000000E+00,    0.0000000000E+00,    0.0000000000E+00,    1.3027783194E+01
     34100,      0.676919,CP5_after_vdif,   1,    0.0000000000E+00,    1.3027783194E+01,    1.3027783194E+01,    0.0000000000E+00,    0.0000000000E+00,    0.0000000000E+00,    1.3027783194E+01
     34100,      0.676919,CP6_after_kinetics,   1,    0.0000000000E+00,    1.3027783194E+01,    1.3027783194E+01,    0.0000000000E+00,    0.0000000000E+00,    0.0000000000E+00,    1.3027783194E+01
     34100,      0.676919,CP7_after_upper_clamp,   1,    0.0000000000E+00,    1.3027783194E+01,    1.3027783194E+01,    0.0000000000E+00,    0.0000000000E+00,    0.0000000000E+00,    1.3027783194E+01
     34100,      0.676919,CP8_after_OBC,   1,    0.0000000000E+00,    1.3027783194E+01,    1.3027783194E+01,    0.0000000000E+00,    0.0000000000E+00,    0.0000000000E+00,    1.3027783194E+01
     34100,      0.676919,CP9_after_PTsource,   1,    0.0000000000E+00,    1.3027783194E+01,    1.3027783194E+01,    0.0000000000E+00,    0.0000000000E+00,    0.0000000000E+00,    1.3027783194E+01
     34100,      0.676919,CP10_after_neg_clamp,   1,    0.0000000000E+00,    1.3027783194E+01,    1.3027783194E+01,    0.0000000000E+00,    0.0000000000E+00,    0.0000000000E+00,    1.3027783194E+01
     34100,      0.676919,CP11_after_MPI,   1,    0.0000000000E+00,    1.3027783194E+01,    1.3027783194E+01,    0.0000000000E+00,    0.0000000000E+00,    0.0000000000E+00,    1.3027783194E+01
     34100,      0.676919,CP12_end,   1,    0.0000000000E+00,    1.3027783194E+01,    1.3027783194E+01,    0.0000000000E+00,    0.0000000000E+00,    0.0000000000E+00,    1.3027783194E+01
     34150,      0.676919,CP0_start,   1,    0.0000000000E+00,    1.3065212702E+01,    1.3065212702E+01,    0.0000000000E+00,    0.0000000000E+00,    0.0000000000E+00,    1.3065212702E+01
     34150,      0.676919,CP1_after_deposition,   1,    0.0000000000E+00,    1.3065212702E+01,    1.3065212702E+01,    0.0000000000E+00,    0.0000000000E+00,    0.0000000000E+00,    1.3065212702E+01
     34150,      0.676919,CP2_after_erosion,   1,                 NaN,                 NaN,                 NaN,    0.0000000000E+00,    0.0000000000E+00,    0.0000000000E+00,                 NaN
     34150,      0.676919,CP3_after_update_bottom,   1,                 NaN,                 NaN,                 NaN,    0.0000000000E+00,    0.0000000000E+00,    0.0000000000E+00,                 NaN
     34150,      0.676919,CP4_after_advection,   1,                 NaN,                 NaN,                 NaN,    0.0000000000E+00,    0.0000000000E+00,    0.0000000000E+00,                 NaN
     34150,      0.676919,CP5_after_vdif,   1,                 NaN,                 NaN,                 NaN,    0.0000000000E+00,    0.0000000000E+00,    0.0000000000E+00,                 NaN
     34150,      0.676919,CP6_after_kinetics,   1,                 NaN,                 NaN,                 NaN,    0.0000000000E+00,    0.0000000000E+00,    0.0000000000E+00,                 NaN
     34150,      0.676919,CP7_after_upper_clamp,   1,                 NaN,                 NaN,                 NaN,    0.0000000000E+00,    0.0000000000E+00,    0.0000000000E+00,                 NaN
     34150,      0.676919,CP8_after_OBC,   1,                 NaN,                 NaN,                 NaN,    0.0000000000E+00,    0.0000000000E+00,    0.0000000000E+00,                 NaN
     34150,      0.676919,CP9_after_PTsource,   1,                 NaN,                 NaN,                 NaN,    0.0000000000E+00,    0.0000000000E+00,    0.0000000000E+00,                 NaN
     34150,      0.676919,CP10_after_neg_clamp,   1,    0.0000000000E+00,    1.3066247979E+01,    1.3066247979E+01,    0.0000000000E+00,    0.0000000000E+00,    0.0000000000E+00,    1.3066247979E+01
     34150,      0.676919,CP11_after_MPI,   1,    0.0000000000E+00,    1.3066247979E+01,    1.3066247979E+01,    0.0000000000E+00,    0.0000000000E+00,    0.0000000000E+00,    1.3066247979E+01
     34150,      0.676919,CP12_end,   1,    0.0000000000E+00,    1.3066247979E+01,    1.3066247979E+01,    0.0000000000E+00,    0.0000000000E+00,    0.0000000000E+00,    1.3066247979E+01
     34200,      0.676919,CP0_start,   1,    0.0000000000E+00,    1.3103655109E+01,    1.3103655109E+01,    0.0000000000E+00,    0.0000000000E+00,    0.0000000000E+00,    1.3103655109E+01
     34200,      0.676919,CP1_after_deposition,   1,    0.0000000000E+00,    1.3103655109E+01,    1.3103655109E+01,    0.0000000000E+00,    0.0000000000E+00,    0.0000000000E+00,    1.3103655109E+01
     34200,      0.676919,CP2_after_erosion,   1,    0.0000000000E+00,    1.3103655109E+01,    1.3103655109E+01,    0.0000000000E+00,    0.0000000000E+00,    0.0000000000E+00,    1.3103655109E+01
     34200,      0.676919,CP3_after_update_bottom,   1,    0.0000000000E+00,    1.3103655109E+01,    1.3103655109E+01,    0.0000000000E+00,    0.0000000000E+00,    0.0000000000E+00,    1.3103655109E+01
     34200,      0.676919,CP4_after_advection,   1,    0.0000000000E+00,    1.3104692095E+01,    1.3104692095E+01,    0.0000000000E+00,    0.0000000000E+00,    0.0000000000E+00,    1.3104692095E+01
     34200,      0.676919,CP5_after_vdif,   1,    0.0000000000E+00,    1.3104692095E+01,    1.3104692095E+01,    0.0000000000E+00,    0.0000000000E+00,    0.0000000000E+00,    1.3104692095E+01
     34200,      0.676919,CP6_after_kinetics,   1,    0.0000000000E+00,    1.3104692095E+01,    1.3104692095E+01,    0.0000000000E+00,    0.0000000000E+00,    0.0000000000E+00,    1.3104692095E+01
     34200,      0.676919,CP7_after_upper_clamp,   1,    0.0000000000E+00,    1.3104692095E+01,    1.3104692095E+01,    0.0000000000E+00,    0.0000000000E+00,    0.0000000000E+00,    1.3104692095E+01
     34200,      0.676919,CP8_after_OBC,   1,    0.0000000000E+00,    1.3104692095E+01,    1.3104692095E+01,    0.0000000000E+00,    0.0000000000E+00,    0.0000000000E+00,    1.3104692095E+01
     34200,      0.676919,CP9_after_PTsource,   1,    0.0000000000E+00,    1.3104692095E+01,    1.3104692095E+01,    0.0000000000E+00,    0.0000000000E+00,    0.0000000000E+00,    1.3104692095E+01
     34200,      0.676919,CP10_after_neg_clamp,   1,    0.0000000000E+00,    1.3104692095E+01,    1.3104692095E+01,    0.0000000000E+00,    0.0000000000E+00,    0.0000000000E+00,    1.3104692095E+01
     34200,      0.676919,CP11_after_MPI,   1,    0.0000000000E+00,    1.3104692095E+01,    1.3104692095E+01,    0.0000000000E+00,    0.0000000000E+00,    0.0000000000E+00,    1.3104692095E+01
     34200,      0.676919,CP12_end,   1,    0.0000000000E+00,    1.3104692095E+01,    1.3104692095E+01,    0.0000000000E+00,    0.0000000000E+00,    0.0000000000E+00,    1.3104692095E+01
     34250,      0.676919,CP0_start,   1,    0.0000000000E+00,    1.3142072376E+01,    1.3142072376E+01,    0.0000000000E+00,    0.0000000000E+00,    0.0000000000E+00,    1.3142072376E+01
     34250,      0.676919,CP1_after_deposition,   1,    0.0000000000E+00,    1.3142072376E+01,    1.3142072376E+01,    0.0000000000E+00,    0.0000000000E+00,    0.0000000000E+00,    1.3142072376E+01
     34250,      0.676919,CP2_after_erosion,   1,    0.0000000000E+00,    1.3142072376E+01,    1.3142072376E+01,    0.0000000000E+00,    0.0000000000E+00,    0.0000000000E+00,    1.3142072376E+01
     34250,      0.676919,CP3_after_update_bottom,   1,    0.0000000000E+00,    1.3142072376E+01,    1.3142072376E+01,    0.0000000000E+00,    0.0000000000E+00,    0.0000000000E+00,    1.3142072376E+01
     34250,      0.676919,CP4_after_advection,   1,    0.0000000000E+00,    1.3143111499E+01,    1.3143111499E+01,    0.0000000000E+00,    0.0000000000E+00,    0.0000000000E+00,    1.3143111499E+01
     34250,      0.676919,CP5_after_vdif,   1,    0.0000000000E+00,    1.3143111499E+01,    1.3143111499E+01,    0.0000000000E+00,    0.0000000000E+00,    0.0000000000E+00,    1.3143111499E+01
     34250,      0.676919,CP6_after_kinetics,   1,    0.0000000000E+00,    1.3143111499E+01,    1.3143111499E+01,    0.0000000000E+00,    0.0000000000E+00,    0.0000000000E+00,    1.3143111499E+01
     34250,      0.676919,CP7_after_upper_clamp,   1,    0.0000000000E+00,    1.3143111499E+01,    1.3143111499E+01,    0.0000000000E+00,    0.0000000000E+00,    0.0000000000E+00,    1.3143111499E+01
     34250,      0.676919,CP8_after_OBC,   1,    0.0000000000E+00,    1.3143111499E+01,    1.3143111499E+01,    0.0000000000E+00,    0.0000000000E+00,    0.0000000000E+00,    1.3143111499E+01
     34250,      0.676919,CP9_after_PTsource,   1,    0.0000000000E+00,    1.3143111499E+01,    1.3143111499E+01,    0.0000000000E+00,    0.0000000000E+00,    0.0000000000E+00,    1.3143111499E+01
     34250,      0.676919,CP10_after_neg_clamp,   1,    0.0000000000E+00,    1.3143111499E+01,    1.3143111499E+01,    0.0000000000E+00,    0.0000000000E+00,    0.0000000000E+00,    1.3143111499E+01
     34250,      0.676919,CP11_after_MPI,   1,    0.0000000000E+00,    1.3143111499E+01,    1.3143111499E+01,    0.0000000000E+00,    0.0000000000E+00,    0.0000000000E+00,    1.3143111499E+01
     34250,      0.676919,CP12_end,   1,    0.0000000000E+00,    1.3143111499E+01,    1.3143111499E+01,    0.0000000000E+00,    0.0000000000E+00,    0.0000000000E+00,    1.3143111499E+01
     34300,      0.676919,CP0_start,   1,    0.0000000000E+00,    1.3180460252E+01,    1.3180460252E+01,    0.0000000000E+00,    0.0000000000E+00,    0.0000000000E+00,    1.3180460252E+01
     34300,      0.676919,CP1_after_deposition,   1,    0.0000000000E+00,    1.3180460252E+01,    1.3180460252E+01,    0.0000000000E+00,    0.0000000000E+00,    0.0000000000E+00,    1.3180460252E+01
     34300,      0.676919,CP2_after_erosion,   1,    0.0000000000E+00,    1.3180460252E+01,    1.3180460252E+01,    0.0000000000E+00,    0.0000000000E+00,    0.0000000000E+00,    1.3180460252E+01
     34300,      0.676919,CP3_after_update_bottom,   1,    0.0000000000E+00,    1.3180460252E+01,    1.3180460252E+01,    0.0000000000E+00,    0.0000000000E+00,    0.0000000000E+00,    1.3180460252E+01
     34300,      0.676919,CP4_after_advection,   1,    0.0000000000E+00,    1.3181501422E+01,    1.3181501422E+01,    0.0000000000E+00,    0.0000000000E+00,    0.0000000000E+00,    1.3181501422E+01
     34300,      0.676919,CP5_after_vdif,   1,    0.0000000000E+00,    1.3181501422E+01,    1.3181501422E+01,    0.0000000000E+00,    0.0000000000E+00,    0.0000000000E+00,    1.3181501422E+01
     34300,      0.676919,CP6_after_kinetics,   1,    0.0000000000E+00,    1.3181501422E+01,    1.3181501422E+01,    0.0000000000E+00,    0.0000000000E+00,    0.0000000000E+00,    1.3181501422E+01
     34300,      0.676919,CP7_after_upper_clamp,   1,    0.0000000000E+00,    1.3181501422E+01,    1.3181501422E+01,    0.0000000000E+00,    0.0000000000E+00,    0.0000000000E+00,    1.3181501422E+01
     34300,      0.676919,CP8_after_OBC,   1,    0.0000000000E+00,    1.3181501422E+01,    1.3181501422E+01,    0.0000000000E+00,    0.0000000000E+00,    0.0000000000E+00,    1.3181501422E+01
     34300,      0.676919,CP9_after_PTsource,   1,    0.0000000000E+00,    1.3181501422E+01,    1.3181501422E+01,    0.0000000000E+00,    0.0000000000E+00,    0.0000000000E+00,    1.3181501422E+01
     34300,      0.676919,CP10_after_neg_clamp,   1,    0.0000000000E+00,    1.3181501422E+01,    1.3181501422E+01,    0.0000000000E+00,    0.0000000000E+00,    0.0000000000E+00,    1.3181501422E+01
     34300,      0.676919,CP11_after_MPI,   1,    0.0000000000E+00,    1.3181501422E+01,    1.3181501422E+01,    0.0000000000E+00,    0.0000000000E+00,    0.0000000000E+00,    1.3181501422E+01
     34300,      0.676919,CP12_end,   1,    0.0000000000E+00,    1.3181501422E+01,    1.3181501422E+01,    0.0000000000E+00,    0.0000000000E+00,    0.0000000000E+00,    1.3181501422E+01
     34350,      0.676919,CP0_start,   1,    0.0000000000E+00,    1.3218827639E+01,    1.3218827639E+01,    0.0000000000E+00,    0.0000000000E+00,    0.0000000000E+00,    1.3218827639E+01
     34350,      0.676919,CP1_after_deposition,   1,    0.0000000000E+00,    1.3218827639E+01,    1.3218827639E+01,    0.0000000000E+00,    0.0000000000E+00,    0.0000000000E+00,    1.3218827639E+01
     34350,      0.676919,CP2_after_erosion,   1,    0.0000000000E+00,    1.3218827639E+01,    1.3218827639E+01,    0.0000000000E+00,    0.0000000000E+00,    0.0000000000E+00,    1.3218827639E+01
     34350,      0.676919,CP3_after_update_bottom,   1,    0.0000000000E+00,    1.3218827639E+01,    1.3218827639E+01,    0.0000000000E+00,    0.0000000000E+00,    0.0000000000E+00,    1.3218827639E+01
     34350,      0.676919,CP4_after_advection,   1,    0.0000000000E+00,    1.3219869940E+01,    1.3219869940E+01,    0.0000000000E+00,    0.0000000000E+00,    0.0000000000E+00,    1.3219869940E+01
     34350,      0.676919,CP5_after_vdif,   1,    0.0000000000E+00,    1.3219869940E+01,    1.3219869940E+01,    0.0000000000E+00,    0.0000000000E+00,    0.0000000000E+00,    1.3219869940E+01
     34350,      0.676919,CP6_after_kinetics,   1,    0.0000000000E+00,    1.3219869940E+01,    1.3219869940E+01,    0.0000000000E+00,    0.0000000000E+00,    0.0000000000E+00,    1.3219869940E+01
     34350,      0.676919,CP7_after_upper_clamp,   1,    0.0000000000E+00,    1.3219869940E+01,    1.3219869940E+01,    0.0000000000E+00,    0.0000000000E+00,    0.0000000000E+00,    1.3219869940E+01
     34350,      0.676919,CP8_after_OBC,   1,    0.0000000000E+00,    1.3219869940E+01,    1.3219869940E+01,    0.0000000000E+00,    0.0000000000E+00,    0.0000000000E+00,    1.3219869940E+01
     34350,      0.676919,CP9_after_PTsource,   1,    0.0000000000E+00,    1.3219869940E+01,    1.3219869940E+01,    0.0000000000E+00,    0.0000000000E+00,    0.0000000000E+00,    1.3219869940E+01
     34350,      0.676919,CP10_after_neg_clamp,   1,    0.0000000000E+00,    1.3219869940E+01,    1.3219869940E+01,    0.0000000000E+00,    0.0000000000E+00,    0.0000000000E+00,    1.3219869940E+01
     34350,      0.676919,CP11_after_MPI,   1,    0.0000000000E+00,    1.3219869940E+01,    1.3219869940E+01,    0.0000000000E+00,    0.0000000000E+00,    0.0000000000E+00,    1.3219869940E+01
     34350,      0.676919,CP12_end,   1,    0.0000000000E+00,    1.3219869940E+01,    1.3219869940E+01,    0.0000000000E+00,    0.0000000000E+00,    0.0000000000E+00,    1.3219869940E+01
     34400,      0.676919,CP0_start,   1,    0.0000000000E+00,    1.3257175579E+01,    1.3257175579E+01,    0.0000000000E+00,    0.0000000000E+00,    0.0000000000E+00,    1.3257175579E+01
     34400,      0.676919,CP1_after_deposition,   1,    0.0000000000E+00,    1.3257175579E+01,    1.3257175579E+01,    0.0000000000E+00,    0.0000000000E+00,    0.0000000000E+00,    1.3257175579E+01
     34400,      0.676919,CP2_after_erosion,   1,    0.0000000000E+00,    1.3257175579E+01,    1.3257175579E+01,    0.0000000000E+00,    0.0000000000E+00,    0.0000000000E+00,    1.3257175579E+01
     34400,      0.676919,CP3_after_update_bottom,   1,    0.0000000000E+00,    1.3257175579E+01,    1.3257175579E+01,    0.0000000000E+00,    0.0000000000E+00,    0.0000000000E+00,    1.3257175579E+01
     34400,      0.676919,CP4_after_advection,   1,    0.0000000000E+00,    1.3258219651E+01,    1.3258219651E+01,    0.0000000000E+00,    0.0000000000E+00,    0.0000000000E+00,    1.3258219651E+01
     34400,      0.676919,CP5_after_vdif,   1,    0.0000000000E+00,    1.3258219651E+01,    1.3258219651E+01,    0.0000000000E+00,    0.0000000000E+00,    0.0000000000E+00,    1.3258219651E+01
     34400,      0.676919,CP6_after_kinetics,   1,    0.0000000000E+00,    1.3258219651E+01,    1.3258219651E+01,    0.0000000000E+00,    0.0000000000E+00,    0.0000000000E+00,    1.3258219651E+01
     34400,      0.676919,CP7_after_upper_clamp,   1,    0.0000000000E+00,    1.3258219651E+01,    1.3258219651E+01,    0.0000000000E+00,    0.0000000000E+00,    0.0000000000E+00,    1.3258219651E+01
     34400,      0.676919,CP8_after_OBC,   1,    0.0000000000E+00,    1.3258219651E+01,    1.3258219651E+01,    0.0000000000E+00,    0.0000000000E+00,    0.0000000000E+00,    1.3258219651E+01
     34400,      0.676919,CP9_after_PTsource,   1,    0.0000000000E+00,    1.3258219651E+01,    1.3258219651E+01,    0.0000000000E+00,    0.0000000000E+00,    0.0000000000E+00,    1.3258219651E+01
     34400,      0.676919,CP10_after_neg_clamp,   1,    0.0000000000E+00,    1.3258219651E+01,    1.3258219651E+01,    0.0000000000E+00,    0.0000000000E+00,    0.0000000000E+00,    1.3258219651E+01
     34400,      0.676919,CP11_after_MPI,   1,    0.0000000000E+00,    1.3258219651E+01,    1.3258219651E+01,    0.0000000000E+00,    0.0000000000E+00,    0.0000000000E+00,    1.3258219651E+01
     34400,      0.676919,CP12_end,   1,    0.0000000000E+00,    1.3258219651E+01,    1.3258219651E+01,    0.0000000000E+00,    0.0000000000E+00,    0.0000000000E+00,    1.3258219651E+01
     34450,      0.676919,CP0_start,   1,    0.0000000000E+00,    1.3295503254E+01,    1.3295503254E+01,    0.0000000000E+00,    0.0000000000E+00,    0.0000000000E+00,    1.3295503254E+01
     34450,      0.676919,CP1_after_deposition,   1,    0.0000000000E+00,    1.3295503254E+01,    1.3295503254E+01,    0.0000000000E+00,    0.0000000000E+00,    0.0000000000E+00,    1.3295503254E+01
     34450,      0.676919,CP2_after_erosion,   1,    0.0000000000E+00,    1.3295503254E+01,    1.3295503254E+01,    0.0000000000E+00,    0.0000000000E+00,    0.0000000000E+00,    1.3295503254E+01
     34450,      0.676919,CP3_after_update_bottom,   1,    0.0000000000E+00,    1.3295503254E+01,    1.3295503254E+01,    0.0000000000E+00,    0.0000000000E+00,    0.0000000000E+00,    1.3295503254E+01
     34450,      0.676919,CP4_after_advection,   1,    0.0000000000E+00,    1.3296548761E+01,    1.3296548761E+01,    0.0000000000E+00,    0.0000000000E+00,    0.0000000000E+00,    1.3296548761E+01
     34450,      0.676919,CP5_after_vdif,   1,    0.0000000000E+00,    1.3296548761E+01,    1.3296548761E+01,    0.0000000000E+00,    0.0000000000E+00,    0.0000000000E+00,    1.3296548761E+01
     34450,      0.676919,CP6_after_kinetics,   1,    0.0000000000E+00,    1.3296548761E+01,    1.3296548761E+01,    0.0000000000E+00,    0.0000000000E+00,    0.0000000000E+00,    1.3296548761E+01
     34450,      0.676919,CP7_after_upper_clamp,   1,    0.0000000000E+00,    1.3296548761E+01,    1.3296548761E+01,    0.0000000000E+00,    0.0000000000E+00,    0.0000000000E+00,    1.3296548761E+01
     34450,      0.676919,CP8_after_OBC,   1,    0.0000000000E+00,    1.3296548761E+01,    1.3296548761E+01,    0.0000000000E+00,    0.0000000000E+00,    0.0000000000E+00,    1.3296548761E+01
     34450,      0.676919,CP9_after_PTsource,   1,    0.0000000000E+00,    1.3296548761E+01,    1.3296548761E+01,    0.0000000000E+00,    0.0000000000E+00,    0.0000000000E+00,    1.3296548761E+01
     34450,      0.676919,CP10_after_neg_clamp,   1,    0.0000000000E+00,    1.3296548761E+01,    1.3296548761E+01,    0.0000000000E+00,    0.0000000000E+00,    0.0000000000E+00,    1.3296548761E+01
     34450,      0.676919,CP11_after_MPI,   1,    0.0000000000E+00,    1.3296548761E+01,    1.3296548761E+01,    0.0000000000E+00,    0.0000000000E+00,    0.0000000000E+00,    1.3296548761E+01
     34450,      0.676919,CP12_end,   1,    0.0000000000E+00,    1.3296548761E+01,    1.3296548761E+01,    0.0000000000E+00,    0.0000000000E+00,    0.0000000000E+00,    1.3296548761E+01
     34500,      0.676919,CP0_start,   1,    0.0000000000E+00,    1.3333822270E+01,    1.3333822270E+01,    0.0000000000E+00,    0.0000000000E+00,    0.0000000000E+00,    1.3333822270E+01
     34500,      0.676919,CP1_after_deposition,   1,    0.0000000000E+00,    1.3333822270E+01,    1.3333822270E+01,    0.0000000000E+00,    0.0000000000E+00,    0.0000000000E+00,    1.3333822270E+01
     34500,      0.676919,CP2_after_erosion,   1,    0.0000000000E+00,    1.3333822270E+01,    1.3333822270E+01,    0.0000000000E+00,    0.0000000000E+00,    0.0000000000E+00,    1.3333822270E+01
     34500,      0.676919,CP3_after_update_bottom,   1,    0.0000000000E+00,    1.3333822270E+01,    1.3333822270E+01,    0.0000000000E+00,    0.0000000000E+00,    0.0000000000E+00,    1.3333822270E+01
     34500,      0.676919,CP4_after_advection,   1,    0.0000000000E+00,    1.3334868999E+01,    1.3334868999E+01,    0.0000000000E+00,    0.0000000000E+00,    0.0000000000E+00,    1.3334868999E+01
     34500,      0.676919,CP5_after_vdif,   1,    0.0000000000E+00,    1.3334868999E+01,    1.3334868999E+01,    0.0000000000E+00,    0.0000000000E+00,    0.0000000000E+00,    1.3334868999E+01
     34500,      0.676919,CP6_after_kinetics,   1,    0.0000000000E+00,    1.3334868999E+01,    1.3334868999E+01,    0.0000000000E+00,    0.0000000000E+00,    0.0000000000E+00,    1.3334868999E+01
     34500,      0.676919,CP7_after_upper_clamp,   1,    0.0000000000E+00,    1.3334868999E+01,    1.3334868999E+01,    0.0000000000E+00,    0.0000000000E+00,    0.0000000000E+00,    1.3334868999E+01
     34500,      0.676919,CP8_after_OBC,   1,    0.0000000000E+00,    1.3334868999E+01,    1.3334868999E+01,    0.0000000000E+00,    0.0000000000E+00,    0.0000000000E+00,    1.3334868999E+01
     34500,      0.676919,CP9_after_PTsource,   1,    0.0000000000E+00,    1.3334868999E+01,    1.3334868999E+01,    0.0000000000E+00,    0.0000000000E+00,    0.0000000000E+00,    1.3334868999E+01
     34500,      0.676919,CP10_after_neg_clamp,   1,    0.0000000000E+00,    1.3334868999E+01,    1.3334868999E+01,    0.0000000000E+00,    0.0000000000E+00,    0.0000000000E+00,    1.3334868999E+01
     34500,      0.676919,CP11_after_MPI,   1,    0.0000000000E+00,    1.3334868999E+01,    1.3334868999E+01,    0.0000000000E+00,    0.0000000000E+00,    0.0000000000E+00,    1.3334868999E+01
     34500,      0.676919,CP12_end,   1,    0.0000000000E+00,    1.3334868999E+01,    1.3334868999E+01,    0.0000000000E+00,    0.0000000000E+00,    0.0000000000E+00,    1.3334868999E+01
     34550,      0.676919,CP0_start,   1,    0.0000000000E+00,    1.3372137512E+01,    1.3372137512E+01,    0.0000000000E+00,    0.0000000000E+00,    0.0000000000E+00,    1.3372137512E+01
     34550,      0.676919,CP1_after_deposition,   1,    0.0000000000E+00,    1.3372137512E+01,    1.3372137512E+01,    0.0000000000E+00,    0.0000000000E+00,    0.0000000000E+00,    1.3372137512E+01
     34550,      0.676919,CP2_after_erosion,   1,    0.0000000000E+00,    1.3372137512E+01,    1.3372137512E+01,    0.0000000000E+00,    0.0000000000E+00,    0.0000000000E+00,    1.3372137512E+01
     34550,      0.676919,CP3_after_update_bottom,   1,    0.0000000000E+00,    1.3372137512E+01,    1.3372137512E+01,    0.0000000000E+00,    0.0000000000E+00,    0.0000000000E+00,    1.3372137512E+01
     34550,      0.676919,CP4_after_advection,   1,    0.0000000000E+00,    1.3373185899E+01,    1.3373185899E+01,    0.0000000000E+00,    0.0000000000E+00,    0.0000000000E+00,    1.3373185899E+01
     34550,      0.676919,CP5_after_vdif,   1,    0.0000000000E+00,    1.3373185899E+01,    1.3373185899E+01,    0.0000000000E+00,    0.0000000000E+00,    0.0000000000E+00,    1.3373185899E+01
     34550,      0.676919,CP6_after_kinetics,   1,    0.0000000000E+00,    1.3373185899E+01,    1.3373185899E+01,    0.0000000000E+00,    0.0000000000E+00,    0.0000000000E+00,    1.3373185899E+01
     34550,      0.676919,CP7_after_upper_clamp,   1,    0.0000000000E+00,    1.3373185899E+01,    1.3373185899E+01,    0.0000000000E+00,    0.0000000000E+00,    0.0000000000E+00,    1.3373185899E+01
     34550,      0.676919,CP8_after_OBC,   1,    0.0000000000E+00,    1.3373185899E+01,    1.3373185899E+01,    0.0000000000E+00,    0.0000000000E+00,    0.0000000000E+00,    1.3373185899E+01
     34550,      0.676919,CP9_after_PTsource,   1,    0.0000000000E+00,    1.3373185899E+01,    1.3373185899E+01,    0.0000000000E+00,    0.0000000000E+00,    0.0000000000E+00,    1.3373185899E+01
     34550,      0.676919,CP10_after_neg_clamp,   1,    0.0000000000E+00,    1.3373185899E+01,    1.3373185899E+01,    0.0000000000E+00,    0.0000000000E+00,    0.0000000000E+00,    1.3373185899E+01
     34550,      0.676919,CP11_after_MPI,   1,    0.0000000000E+00,    1.3373185899E+01,    1.3373185899E+01,    0.0000000000E+00,    0.0000000000E+00,    0.0000000000E+00,    1.3373185899E+01
     34550,      0.676919,CP12_end,   1,    0.0000000000E+00,    1.3373185899E+01,    1.3373185899E+01,    0.0000000000E+00,    0.0000000000E+00,    0.0000000000E+00,    1.3373185899E+01
     34600,      0.676919,CP0_start,   1,    0.0000000000E+00,    1.3410446563E+01,    1.3410446563E+01,    0.0000000000E+00,    0.0000000000E+00,    0.0000000000E+00,    1.3410446563E+01
     34600,      0.676919,CP1_after_deposition,   1,    0.0000000000E+00,    1.3410446563E+01,    1.3410446563E+01,    0.0000000000E+00,    0.0000000000E+00,    0.0000000000E+00,    1.3410446563E+01
     34600,      0.676919,CP2_after_erosion,   1,    0.0000000000E+00,    1.3410446563E+01,    1.3410446563E+01,    0.0000000000E+00,    0.0000000000E+00,    0.0000000000E+00,    1.3410446563E+01
     34600,      0.676919,CP3_after_update_bottom,   1,    0.0000000000E+00,    1.3410446563E+01,    1.3410446563E+01,    0.0000000000E+00,    0.0000000000E+00,    0.0000000000E+00,    1.3410446563E+01
     34600,      0.676919,CP4_after_advection,   1,    0.0000000000E+00,    1.3411496048E+01,    1.3411496048E+01,    0.0000000000E+00,    0.0000000000E+00,    0.0000000000E+00,    1.3411496048E+01
     34600,      0.676919,CP5_after_vdif,   1,    0.0000000000E+00,    1.3411496048E+01,    1.3411496048E+01,    0.0000000000E+00,    0.0000000000E+00,    0.0000000000E+00,    1.3411496048E+01
     34600,      0.676919,CP6_after_kinetics,   1,    0.0000000000E+00,    1.3411496048E+01,    1.3411496048E+01,    0.0000000000E+00,    0.0000000000E+00,    0.0000000000E+00,    1.3411496048E+01
     34600,      0.676919,CP7_after_upper_clamp,   1,    0.0000000000E+00,    1.3411496048E+01,    1.3411496048E+01,    0.0000000000E+00,    0.0000000000E+00,    0.0000000000E+00,    1.3411496048E+01
     34600,      0.676919,CP8_after_OBC,   1,    0.0000000000E+00,    1.3411496048E+01,    1.3411496048E+01,    0.0000000000E+00,    0.0000000000E+00,    0.0000000000E+00,    1.3411496048E+01
     34600,      0.676919,CP9_after_PTsource,   1,    0.0000000000E+00,    1.3411496048E+01,    1.3411496048E+01,    0.0000000000E+00,    0.0000000000E+00,    0.0000000000E+00,    1.3411496048E+01
     34600,      0.676919,CP10_after_neg_clamp,   1,    0.0000000000E+00,    1.3411496048E+01,    1.3411496048E+01,    0.0000000000E+00,    0.0000000000E+00,    0.0000000000E+00,    1.3411496048E+01
     34600,      0.676919,CP11_after_MPI,   1,    0.0000000000E+00,    1.3411496048E+01,    1.3411496048E+01,    0.0000000000E+00,    0.0000000000E+00,    0.0000000000E+00,    1.3411496048E+01
     34600,      0.676919,CP12_end,   1,    0.0000000000E+00,    1.3411496048E+01,    1.3411496048E+01,    0.0000000000E+00,    0.0000000000E+00,    0.0000000000E+00,    1.3411496048E+01
     34650,      0.676919,CP0_start,   1,    0.0000000000E+00,    1.3448765414E+01,    1.3448765414E+01,    0.0000000000E+00,    0.0000000000E+00,    0.0000000000E+00,    1.3448765414E+01
     34650,      0.676919,CP1_after_deposition,   1,    0.0000000000E+00,    1.3448765414E+01,    1.3448765414E+01,    0.0000000000E+00,    0.0000000000E+00,    0.0000000000E+00,    1.3448765414E+01
     34650,      0.676919,CP2_after_erosion,   1,    0.0000000000E+00,    1.3448765414E+01,    1.3448765414E+01,    0.0000000000E+00,    0.0000000000E+00,    0.0000000000E+00,    1.3448765414E+01
     34650,      0.676919,CP3_after_update_bottom,   1,    0.0000000000E+00,    1.3448765414E+01,    1.3448765414E+01,    0.0000000000E+00,    0.0000000000E+00,    0.0000000000E+00,    1.3448765414E+01
     34650,      0.676919,CP4_after_advection,   1,    0.0000000000E+00,    1.3449814901E+01,    1.3449814901E+01,    0.0000000000E+00,    0.0000000000E+00,    0.0000000000E+00,    1.3449814901E+01
     34650,      0.676919,CP5_after_vdif,   1,    0.0000000000E+00,    1.3449814901E+01,    1.3449814901E+01,    0.0000000000E+00,    0.0000000000E+00,    0.0000000000E+00,    1.3449814901E+01
     34650,      0.676919,CP6_after_kinetics,   1,    0.0000000000E+00,    1.3449814901E+01,    1.3449814901E+01,    0.0000000000E+00,    0.0000000000E+00,    0.0000000000E+00,    1.3449814901E+01
     34650,      0.676919,CP7_after_upper_clamp,   1,    0.0000000000E+00,    1.3449814901E+01,    1.3449814901E+01,    0.0000000000E+00,    0.0000000000E+00,    0.0000000000E+00,    1.3449814901E+01
     34650,      0.676919,CP8_after_OBC,   1,    0.0000000000E+00,    1.3449814901E+01,    1.3449814901E+01,    0.0000000000E+00,    0.0000000000E+00,    0.0000000000E+00,    1.3449814901E+01
     34650,      0.676919,CP9_after_PTsource,   1,    0.0000000000E+00,    1.3449814901E+01,    1.3449814901E+01,    0.0000000000E+00,    0.0000000000E+00,    0.0000000000E+00,    1.3449814901E+01
     34650,      0.676919,CP10_after_neg_clamp,   1,    0.0000000000E+00,    1.3449814901E+01,    1.3449814901E+01,    0.0000000000E+00,    0.0000000000E+00,    0.0000000000E+00,    1.3449814901E+01
     34650,      0.676919,CP11_after_MPI,   1,    0.0000000000E+00,    1.3449814901E+01,    1.3449814901E+01,    0.0000000000E+00,    0.0000000000E+00,    0.0000000000E+00,    1.3449814901E+01
     34650,      0.676919,CP12_end,   1,    0.0000000000E+00,    1.3449814901E+01,    1.3449814901E+01,    0.0000000000E+00,    0.0000000000E+00,    0.0000000000E+00,    1.3449814901E+01
     34700,      0.676919,CP0_start,   1,    0.0000000000E+00,    1.3487094310E+01,    1.3487094310E+01,    0.0000000000E+00,    0.0000000000E+00,    0.0000000000E+00,    1.3487094310E+01
     34700,      0.676919,CP1_after_deposition,   1,    0.0000000000E+00,    1.3487094310E+01,    1.3487094310E+01,    0.0000000000E+00,    0.0000000000E+00,    0.0000000000E+00,    1.3487094310E+01
     34700,      0.676919,CP2_after_erosion,   1,    0.0000000000E+00,    1.3487094310E+01,    1.3487094310E+01,    0.0000000000E+00,    0.0000000000E+00,    0.0000000000E+00,    1.3487094310E+01
     34700,      0.676919,CP3_after_update_bottom,   1,    0.0000000000E+00,    1.3487094310E+01,    1.3487094310E+01,    0.0000000000E+00,    0.0000000000E+00,    0.0000000000E+00,    1.3487094310E+01
     34700,      0.676919,CP4_after_advection,   1,    0.0000000000E+00,    1.3488144102E+01,    1.3488144102E+01,    0.0000000000E+00,    0.0000000000E+00,    0.0000000000E+00,    1.3488144102E+01
     34700,      0.676919,CP5_after_vdif,   1,    0.0000000000E+00,    1.3488144102E+01,    1.3488144102E+01,    0.0000000000E+00,    0.0000000000E+00,    0.0000000000E+00,    1.3488144102E+01
     34700,      0.676919,CP6_after_kinetics,   1,    0.0000000000E+00,    1.3488144102E+01,    1.3488144102E+01,    0.0000000000E+00,    0.0000000000E+00,    0.0000000000E+00,    1.3488144102E+01
     34700,      0.676919,CP7_after_upper_clamp,   1,    0.0000000000E+00,    1.3488144102E+01,    1.3488144102E+01,    0.0000000000E+00,    0.0000000000E+00,    0.0000000000E+00,    1.3488144102E+01
     34700,      0.676919,CP8_after_OBC,   1,    0.0000000000E+00,    1.3488144102E+01,    1.3488144102E+01,    0.0000000000E+00,    0.0000000000E+00,    0.0000000000E+00,    1.3488144102E+01
     34700,      0.676919,CP9_after_PTsource,   1,    0.0000000000E+00,    1.3488144102E+01,    1.3488144102E+01,    0.0000000000E+00,    0.0000000000E+00,    0.0000000000E+00,    1.3488144102E+01
     34700,      0.676919,CP10_after_neg_clamp,   1,    0.0000000000E+00,    1.3488144102E+01,    1.3488144102E+01,    0.0000000000E+00,    0.0000000000E+00,    0.0000000000E+00,    1.3488144102E+01
     34700,      0.676919,CP11_after_MPI,   1,    0.0000000000E+00,    1.3488144102E+01,    1.3488144102E+01,    0.0000000000E+00,    0.0000000000E+00,    0.0000000000E+00,    1.3488144102E+01
     34700,      0.676919,CP12_end,   1,    0.0000000000E+00,    1.3488144102E+01,    1.3488144102E+01,    0.0000000000E+00,    0.0000000000E+00,    0.0000000000E+00,    1.3488144102E+01
     34750,      0.676919,CP0_start,   1,    0.0000000000E+00,    1.3525431392E+01,    1.3525431392E+01,    0.0000000000E+00,    0.0000000000E+00,    0.0000000000E+00,    1.3525431392E+01
     34750,      0.676919,CP1_after_deposition,   1,    0.0000000000E+00,    1.3525431392E+01,    1.3525431392E+01,    0.0000000000E+00,    0.0000000000E+00,    0.0000000000E+00,    1.3525431392E+01
     34750,      0.676919,CP2_after_erosion,   1,    0.0000000000E+00,    1.3525431392E+01,    1.3525431392E+01,    0.0000000000E+00,    0.0000000000E+00,    0.0000000000E+00,    1.3525431392E+01
     34750,      0.676919,CP3_after_update_bottom,   1,    0.0000000000E+00,    1.3525431392E+01,    1.3525431392E+01,    0.0000000000E+00,    0.0000000000E+00,    0.0000000000E+00,    1.3525431392E+01
     34750,      0.676919,CP4_after_advection,   1,    0.0000000000E+00,    1.3526482347E+01,    1.3526482347E+01,    0.0000000000E+00,    0.0000000000E+00,    0.0000000000E+00,    1.3526482347E+01
     34750,      0.676919,CP5_after_vdif,   1,    0.0000000000E+00,    1.3526482347E+01,    1.3526482347E+01,    0.0000000000E+00,    0.0000000000E+00,    0.0000000000E+00,    1.3526482347E+01
     34750,      0.676919,CP6_after_kinetics,   1,    0.0000000000E+00,    1.3526482347E+01,    1.3526482347E+01,    0.0000000000E+00,    0.0000000000E+00,    0.0000000000E+00,    1.3526482347E+01
     34750,      0.676919,CP7_after_upper_clamp,   1,    0.0000000000E+00,    1.3526482347E+01,    1.3526482347E+01,    0.0000000000E+00,    0.0000000000E+00,    0.0000000000E+00,    1.3526482347E+01
     34750,      0.676919,CP8_after_OBC,   1,    0.0000000000E+00,    1.3526482347E+01,    1.3526482347E+01,    0.0000000000E+00,    0.0000000000E+00,    0.0000000000E+00,    1.3526482347E+01
     34750,      0.676919,CP9_after_PTsource,   1,    0.0000000000E+00,    1.3526482347E+01,    1.3526482347E+01,    0.0000000000E+00,    0.0000000000E+00,    0.0000000000E+00,    1.3526482347E+01
     34750,      0.676919,CP10_after_neg_clamp,   1,    0.0000000000E+00,    1.3526482347E+01,    1.3526482347E+01,    0.0000000000E+00,    0.0000000000E+00,    0.0000000000E+00,    1.3526482347E+01
     34750,      0.676919,CP11_after_MPI,   1,    0.0000000000E+00,    1.3526482347E+01,    1.3526482347E+01,    0.0000000000E+00,    0.0000000000E+00,    0.0000000000E+00,    1.3526482347E+01
     34750,      0.676919,CP12_end,   1,    0.0000000000E+00,    1.3526482347E+01,    1.3526482347E+01,    0.0000000000E+00,    0.0000000000E+00,    0.0000000000E+00,    1.3526482347E+01
     34800,      0.676919,CP0_start,   1,    0.0000000000E+00,    1.3563787759E+01,    1.3563787759E+01,    0.0000000000E+00,    0.0000000000E+00,    0.0000000000E+00,    1.3563787759E+01
     34800,      0.676919,CP1_after_deposition,   1,    0.0000000000E+00,    1.3563787759E+01,    1.3563787759E+01,    0.0000000000E+00,    0.0000000000E+00,    0.0000000000E+00,    1.3563787759E+01
     34800,      0.676919,CP2_after_erosion,   1,    0.0000000000E+00,    1.3563787759E+01,    1.3563787759E+01,    0.0000000000E+00,    0.0000000000E+00,    0.0000000000E+00,    1.3563787759E+01
     34800,      0.676919,CP3_after_update_bottom,   1,    0.0000000000E+00,    1.3563787759E+01,    1.3563787759E+01,    0.0000000000E+00,    0.0000000000E+00,    0.0000000000E+00,    1.3563787759E+01
     34800,      0.676919,CP4_after_advection,   1,    0.0000000000E+00,    1.3564839728E+01,    1.3564839728E+01,    0.0000000000E+00,    0.0000000000E+00,    0.0000000000E+00,    1.3564839728E+01
     34800,      0.676919,CP5_after_vdif,   1,    0.0000000000E+00,    1.3564839728E+01,    1.3564839728E+01,    0.0000000000E+00,    0.0000000000E+00,    0.0000000000E+00,    1.3564839728E+01
     34800,      0.676919,CP6_after_kinetics,   1,    0.0000000000E+00,    1.3564839728E+01,    1.3564839728E+01,    0.0000000000E+00,    0.0000000000E+00,    0.0000000000E+00,    1.3564839728E+01
     34800,      0.676919,CP7_after_upper_clamp,   1,    0.0000000000E+00,    1.3564839728E+01,    1.3564839728E+01,    0.0000000000E+00,    0.0000000000E+00,    0.0000000000E+00,    1.3564839728E+01
     34800,      0.676919,CP8_after_OBC,   1,    0.0000000000E+00,    1.3564839728E+01,    1.3564839728E+01,    0.0000000000E+00,    0.0000000000E+00,    0.0000000000E+00,    1.3564839728E+01
     34800,      0.676919,CP9_after_PTsource,   1,    0.0000000000E+00,    1.3564839728E+01,    1.3564839728E+01,    0.0000000000E+00,    0.0000000000E+00,    0.0000000000E+00,    1.3564839728E+01
     34800,      0.676919,CP10_after_neg_clamp,   1,    0.0000000000E+00,    1.3564839728E+01,    1.3564839728E+01,    0.0000000000E+00,    0.0000000000E+00,    0.0000000000E+00,    1.3564839728E+01
     34800,      0.676919,CP11_after_MPI,   1,    0.0000000000E+00,    1.3564839728E+01,    1.3564839728E+01,    0.0000000000E+00,    0.0000000000E+00,    0.0000000000E+00,    1.3564839728E+01
     34800,      0.676919,CP12_end,   1,    0.0000000000E+00,    1.3564839728E+01,    1.3564839728E+01,    0.0000000000E+00,    0.0000000000E+00,    0.0000000000E+00,    1.3564839728E+01
     34850,      0.676919,CP0_start,   1,    0.0000000000E+00,    1.3602168120E+01,    1.3602168120E+01,    0.0000000000E+00,    0.0000000000E+00,    0.0000000000E+00,    1.3602168120E+01
     34850,      0.676919,CP1_after_deposition,   1,    0.0000000000E+00,    1.3602168120E+01,    1.3602168120E+01,    0.0000000000E+00,    0.0000000000E+00,    0.0000000000E+00,    1.3602168120E+01
     34850,      0.676919,CP2_after_erosion,   1,    0.0000000000E+00,    1.3602168120E+01,    1.3602168120E+01,    0.0000000000E+00,    0.0000000000E+00,    0.0000000000E+00,    1.3602168120E+01
     34850,      0.676919,CP3_after_update_bottom,   1,    0.0000000000E+00,    1.3602168120E+01,    1.3602168120E+01,    0.0000000000E+00,    0.0000000000E+00,    0.0000000000E+00,    1.3602168120E+01
     34850,      0.676919,CP4_after_advection,   1,    0.0000000000E+00,    1.3603220662E+01,    1.3603220662E+01,    0.0000000000E+00,    0.0000000000E+00,    0.0000000000E+00,    1.3603220662E+01
     34850,      0.676919,CP5_after_vdif,   1,    0.0000000000E+00,    1.3603220662E+01,    1.3603220662E+01,    0.0000000000E+00,    0.0000000000E+00,    0.0000000000E+00,    1.3603220662E+01
     34850,      0.676919,CP6_after_kinetics,   1,    0.0000000000E+00,    1.3603220662E+01,    1.3603220662E+01,    0.0000000000E+00,    0.0000000000E+00,    0.0000000000E+00,    1.3603220662E+01
     34850,      0.676919,CP7_after_upper_clamp,   1,    0.0000000000E+00,    1.3603220662E+01,    1.3603220662E+01,    0.0000000000E+00,    0.0000000000E+00,    0.0000000000E+00,    1.3603220662E+01
     34850,      0.676919,CP8_after_OBC,   1,    0.0000000000E+00,    1.3603220662E+01,    1.3603220662E+01,    0.0000000000E+00,    0.0000000000E+00,    0.0000000000E+00,    1.3603220662E+01
     34850,      0.676919,CP9_after_PTsource,   1,    0.0000000000E+00,    1.3603220662E+01,    1.3603220662E+01,    0.0000000000E+00,    0.0000000000E+00,    0.0000000000E+00,    1.3603220662E+01
     34850,      0.676919,CP10_after_neg_clamp,   1,    0.0000000000E+00,    1.3603220662E+01,    1.3603220662E+01,    0.0000000000E+00,    0.0000000000E+00,    0.0000000000E+00,    1.3603220662E+01
     34850,      0.676919,CP11_after_MPI,   1,    0.0000000000E+00,    1.3603220662E+01,    1.3603220662E+01,    0.0000000000E+00,    0.0000000000E+00,    0.0000000000E+00,    1.3603220662E+01
     34850,      0.676919,CP12_end,   1,    0.0000000000E+00,    1.3603220662E+01,    1.3603220662E+01,    0.0000000000E+00,    0.0000000000E+00,    0.0000000000E+00,    1.3603220662E+01
     34900,      0.676919,CP0_start,   1,    0.0000000000E+00,    1.3640573674E+01,    1.3640573674E+01,    0.0000000000E+00,    0.0000000000E+00,    0.0000000000E+00,    1.3640573674E+01
     34900,      0.676919,CP1_after_deposition,   1,    0.0000000000E+00,    1.3640573674E+01,    1.3640573674E+01,    0.0000000000E+00,    0.0000000000E+00,    0.0000000000E+00,    1.3640573674E+01
     34900,      0.676919,CP2_after_erosion,   1,    0.0000000000E+00,    1.3640573674E+01,    1.3640573674E+01,    0.0000000000E+00,    0.0000000000E+00,    0.0000000000E+00,    1.3640573674E+01
     34900,      0.676919,CP3_after_update_bottom,   1,    0.0000000000E+00,    1.3640573674E+01,    1.3640573674E+01,    0.0000000000E+00,    0.0000000000E+00,    0.0000000000E+00,    1.3640573674E+01
     34900,      0.676919,CP4_after_advection,   1,    0.0000000000E+00,    1.3641626980E+01,    1.3641626980E+01,    0.0000000000E+00,    0.0000000000E+00,    0.0000000000E+00,    1.3641626980E+01
     34900,      0.676919,CP5_after_vdif,   1,    0.0000000000E+00,    1.3641626980E+01,    1.3641626980E+01,    0.0000000000E+00,    0.0000000000E+00,    0.0000000000E+00,    1.3641626980E+01
     34900,      0.676919,CP6_after_kinetics,   1,    0.0000000000E+00,    1.3641626980E+01,    1.3641626980E+01,    0.0000000000E+00,    0.0000000000E+00,    0.0000000000E+00,    1.3641626980E+01
     34900,      0.676919,CP7_after_upper_clamp,   1,    0.0000000000E+00,    1.3641626980E+01,    1.3641626980E+01,    0.0000000000E+00,    0.0000000000E+00,    0.0000000000E+00,    1.3641626980E+01
     34900,      0.676919,CP8_after_OBC,   1,    0.0000000000E+00,    1.3641626980E+01,    1.3641626980E+01,    0.0000000000E+00,    0.0000000000E+00,    0.0000000000E+00,    1.3641626980E+01
     34900,      0.676919,CP9_after_PTsource,   1,    0.0000000000E+00,    1.3641626980E+01,    1.3641626980E+01,    0.0000000000E+00,    0.0000000000E+00,    0.0000000000E+00,    1.3641626980E+01
     34900,      0.676919,CP10_after_neg_clamp,   1,    0.0000000000E+00,    1.3641626980E+01,    1.3641626980E+01,    0.0000000000E+00,    0.0000000000E+00,    0.0000000000E+00,    1.3641626980E+01
     34900,      0.676919,CP11_after_MPI,   1,    0.0000000000E+00,    1.3641626980E+01,    1.3641626980E+01,    0.0000000000E+00,    0.0000000000E+00,    0.0000000000E+00,    1.3641626980E+01
     34900,      0.676919,CP12_end,   1,    0.0000000000E+00,    1.3641626980E+01,    1.3641626980E+01,    0.0000000000E+00,    0.0000000000E+00,    0.0000000000E+00,    1.3641626980E+01
     34950,      0.676919,CP0_start,   1,    0.0000000000E+00,    1.3679004338E+01,    1.3679004338E+01,    0.0000000000E+00,    0.0000000000E+00,    0.0000000000E+00,    1.3679004338E+01
     34950,      0.676919,CP1_after_deposition,   1,    0.0000000000E+00,    1.3679004338E+01,    1.3679004338E+01,    0.0000000000E+00,    0.0000000000E+00,    0.0000000000E+00,    1.3679004338E+01
     34950,      0.676919,CP2_after_erosion,   1,    0.0000000000E+00,    1.3679004338E+01,    1.3679004338E+01,    0.0000000000E+00,    0.0000000000E+00,    0.0000000000E+00,    1.3679004338E+01
     34950,      0.676919,CP3_after_update_bottom,   1,    0.0000000000E+00,    1.3679004338E+01,    1.3679004338E+01,    0.0000000000E+00,    0.0000000000E+00,    0.0000000000E+00,    1.3679004338E+01
     34950,      0.676919,CP4_after_advection,   1,    0.0000000000E+00,    1.3680058876E+01,    1.3680058876E+01,    0.0000000000E+00,    0.0000000000E+00,    0.0000000000E+00,    1.3680058876E+01
     34950,      0.676919,CP5_after_vdif,   1,    0.0000000000E+00,    1.3680058876E+01,    1.3680058876E+01,    0.0000000000E+00,    0.0000000000E+00,    0.0000000000E+00,    1.3680058876E+01
     34950,      0.676919,CP6_after_kinetics,   1,    0.0000000000E+00,    1.3680058876E+01,    1.3680058876E+01,    0.0000000000E+00,    0.0000000000E+00,    0.0000000000E+00,    1.3680058876E+01
     34950,      0.676919,CP7_after_upper_clamp,   1,    0.0000000000E+00,    1.3680058876E+01,    1.3680058876E+01,    0.0000000000E+00,    0.0000000000E+00,    0.0000000000E+00,    1.3680058876E+01
     34950,      0.676919,CP8_after_OBC,   1,    0.0000000000E+00,    1.3680058876E+01,    1.3680058876E+01,    0.0000000000E+00,    0.0000000000E+00,    0.0000000000E+00,    1.3680058876E+01
     34950,      0.676919,CP9_after_PTsource,   1,    0.0000000000E+00,    1.3680058876E+01,    1.3680058876E+01,    0.0000000000E+00,    0.0000000000E+00,    0.0000000000E+00,    1.3680058876E+01
     34950,      0.676919,CP10_after_neg_clamp,   1,    0.0000000000E+00,    1.3680058876E+01,    1.3680058876E+01,    0.0000000000E+00,    0.0000000000E+00,    0.0000000000E+00,    1.3680058876E+01
     34950,      0.676919,CP11_after_MPI,   1,    0.0000000000E+00,    1.3680058876E+01,    1.3680058876E+01,    0.0000000000E+00,    0.0000000000E+00,    0.0000000000E+00,    1.3680058876E+01
     34950,      0.676919,CP12_end,   1,    0.0000000000E+00,    1.3680058876E+01,    1.3680058876E+01,    0.0000000000E+00,    0.0000000000E+00,    0.0000000000E+00,    1.3680058876E+01
     35000,      0.676919,CP0_start,   1,    0.0000000000E+00,    1.3717464493E+01,    1.3717464493E+01,    0.0000000000E+00,    0.0000000000E+00,    0.0000000000E+00,    1.3717464493E+01
     35000,      0.676919,CP1_after_deposition,   1,    0.0000000000E+00,    1.3717464493E+01,    1.3717464493E+01,    0.0000000000E+00,    0.0000000000E+00,    0.0000000000E+00,    1.3717464493E+01
     35000,      0.676919,CP2_after_erosion,   1,    0.0000000000E+00,    1.3717464493E+01,    1.3717464493E+01,    0.0000000000E+00,    0.0000000000E+00,    0.0000000000E+00,    1.3717464493E+01
     35000,      0.676919,CP3_after_update_bottom,   1,    0.0000000000E+00,    1.3717464493E+01,    1.3717464493E+01,    0.0000000000E+00,    0.0000000000E+00,    0.0000000000E+00,    1.3717464493E+01
     35000,      0.676919,CP4_after_advection,   1,    0.0000000000E+00,    1.3718519793E+01,    1.3718519793E+01,    0.0000000000E+00,    0.0000000000E+00,    0.0000000000E+00,    1.3718519793E+01
     35000,      0.676919,CP5_after_vdif,   1,    0.0000000000E+00,    1.3718519793E+01,    1.3718519793E+01,    0.0000000000E+00,    0.0000000000E+00,    0.0000000000E+00,    1.3718519793E+01
     35000,      0.676919,CP6_after_kinetics,   1,    0.0000000000E+00,    1.3718519793E+01,    1.3718519793E+01,    0.0000000000E+00,    0.0000000000E+00,    0.0000000000E+00,    1.3718519793E+01
     35000,      0.676919,CP7_after_upper_clamp,   1,    0.0000000000E+00,    1.3718519793E+01,    1.3718519793E+01,    0.0000000000E+00,    0.0000000000E+00,    0.0000000000E+00,    1.3718519793E+01
     35000,      0.676919,CP8_after_OBC,   1,    0.0000000000E+00,    1.3718519793E+01,    1.3718519793E+01,    0.0000000000E+00,    0.0000000000E+00,    0.0000000000E+00,    1.3718519793E+01
     35000,      0.676919,CP9_after_PTsource,   1,    0.0000000000E+00,    1.3718519793E+01,    1.3718519793E+01,    0.0000000000E+00,    0.0000000000E+00,    0.0000000000E+00,    1.3718519793E+01
     35000,      0.676919,CP10_after_neg_clamp,   1,    0.0000000000E+00,    1.3718519793E+01,    1.3718519793E+01,    0.0000000000E+00,    0.0000000000E+00,    0.0000000000E+00,    1.3718519793E+01
     35000,      0.676919,CP11_after_MPI,   1,    0.0000000000E+00,    1.3718519793E+01,    1.3718519793E+01,    0.0000000000E+00,    0.0000000000E+00,    0.0000000000E+00,    1.3718519793E+01
     35000,      0.676919,CP12_end,   1,    0.0000000000E+00,    1.3718519793E+01,    1.3718519793E+01,    0.0000000000E+00,    0.0000000000E+00,    0.0000000000E+00,    1.3718519793E+01
     35050,      0.676919,CP0_start,   1,    0.0000000000E+00,    1.3755954136E+01,    1.3755954136E+01,    0.0000000000E+00,    0.0000000000E+00,    0.0000000000E+00,    1.3755954136E+01
     35050,      0.676919,CP1_after_deposition,   1,    0.0000000000E+00,    1.3755954136E+01,    1.3755954136E+01,    0.0000000000E+00,    0.0000000000E+00,    0.0000000000E+00,    1.3755954136E+01
     35050,      0.676919,CP2_after_erosion,   1,    0.0000000000E+00,    1.3755954136E+01,    1.3755954136E+01,    0.0000000000E+00,    0.0000000000E+00,    0.0000000000E+00,    1.3755954136E+01
     35050,      0.676919,CP3_after_update_bottom,   1,    0.0000000000E+00,    1.3755954136E+01,    1.3755954136E+01,    0.0000000000E+00,    0.0000000000E+00,    0.0000000000E+00,    1.3755954136E+01
     35050,      0.676919,CP4_after_advection,   1,    0.0000000000E+00,    1.3757010613E+01,    1.3757010613E+01,    0.0000000000E+00,    0.0000000000E+00,    0.0000000000E+00,    1.3757010613E+01
     35050,      0.676919,CP5_after_vdif,   1,    0.0000000000E+00,    1.3757010613E+01,    1.3757010613E+01,    0.0000000000E+00,    0.0000000000E+00,    0.0000000000E+00,    1.3757010613E+01
     35050,      0.676919,CP6_after_kinetics,   1,    0.0000000000E+00,    1.3757010613E+01,    1.3757010613E+01,    0.0000000000E+00,    0.0000000000E+00,    0.0000000000E+00,    1.3757010613E+01
     35050,      0.676919,CP7_after_upper_clamp,   1,    0.0000000000E+00,    1.3757010613E+01,    1.3757010613E+01,    0.0000000000E+00,    0.0000000000E+00,    0.0000000000E+00,    1.3757010613E+01
     35050,      0.676919,CP8_after_OBC,   1,    0.0000000000E+00,    1.3757010613E+01,    1.3757010613E+01,    0.0000000000E+00,    0.0000000000E+00,    0.0000000000E+00,    1.3757010613E+01
     35050,      0.676919,CP9_after_PTsource,   1,    0.0000000000E+00,    1.3757010613E+01,    1.3757010613E+01,    0.0000000000E+00,    0.0000000000E+00,    0.0000000000E+00,    1.3757010613E+01
     35050,      0.676919,CP10_after_neg_clamp,   1,    0.0000000000E+00,    1.3757010613E+01,    1.3757010613E+01,    0.0000000000E+00,    0.0000000000E+00,    0.0000000000E+00,    1.3757010613E+01
     35050,      0.676919,CP11_after_MPI,   1,    0.0000000000E+00,    1.3757010613E+01,    1.3757010613E+01,    0.0000000000E+00,    0.0000000000E+00,    0.0000000000E+00,    1.3757010613E+01
     35050,      0.676919,CP12_end,   1,    0.0000000000E+00,    1.3757010613E+01,    1.3757010613E+01,    0.0000000000E+00,    0.0000000000E+00,    0.0000000000E+00,    1.3757010613E+01
     35100,      0.676919,CP0_start,   1,    0.0000000000E+00,    1.3794472686E+01,    1.3794472686E+01,    0.0000000000E+00,    0.0000000000E+00,    0.0000000000E+00,    1.3794472686E+01
     35100,      0.676919,CP1_after_deposition,   1,    0.0000000000E+00,    1.3794472686E+01,    1.3794472686E+01,    0.0000000000E+00,    0.0000000000E+00,    0.0000000000E+00,    1.3794472686E+01
     35100,      0.676919,CP2_after_erosion,   1,    0.0000000000E+00,    1.3794472686E+01,    1.3794472686E+01,    0.0000000000E+00,    0.0000000000E+00,    0.0000000000E+00,    1.3794472686E+01
     35100,      0.676919,CP3_after_update_bottom,   1,    0.0000000000E+00,    1.3794472686E+01,    1.3794472686E+01,    0.0000000000E+00,    0.0000000000E+00,    0.0000000000E+00,    1.3794472686E+01
     35100,      0.676919,CP4_after_advection,   1,    0.0000000000E+00,    1.3795530106E+01,    1.3795530106E+01,    0.0000000000E+00,    0.0000000000E+00,    0.0000000000E+00,    1.3795530106E+01
     35100,      0.676919,CP5_after_vdif,   1,    0.0000000000E+00,    1.3795530106E+01,    1.3795530106E+01,    0.0000000000E+00,    0.0000000000E+00,    0.0000000000E+00,    1.3795530106E+01
     35100,      0.676919,CP6_after_kinetics,   1,    0.0000000000E+00,    1.3795530106E+01,    1.3795530106E+01,    0.0000000000E+00,    0.0000000000E+00,    0.0000000000E+00,    1.3795530106E+01
     35100,      0.676919,CP7_after_upper_clamp,   1,    0.0000000000E+00,    1.3795530106E+01,    1.3795530106E+01,    0.0000000000E+00,    0.0000000000E+00,    0.0000000000E+00,    1.3795530106E+01
     35100,      0.676919,CP8_after_OBC,   1,    0.0000000000E+00,    1.3795530106E+01,    1.3795530106E+01,    0.0000000000E+00,    0.0000000000E+00,    0.0000000000E+00,    1.3795530106E+01
     35100,      0.676919,CP9_after_PTsource,   1,    0.0000000000E+00,    1.3795530106E+01,    1.3795530106E+01,    0.0000000000E+00,    0.0000000000E+00,    0.0000000000E+00,    1.3795530106E+01
     35100,      0.676919,CP10_after_neg_clamp,   1,    0.0000000000E+00,    1.3795530106E+01,    1.3795530106E+01,    0.0000000000E+00,    0.0000000000E+00,    0.0000000000E+00,    1.3795530106E+01
     35100,      0.676919,CP11_after_MPI,   1,    0.0000000000E+00,    1.3795530106E+01,    1.3795530106E+01,    0.0000000000E+00,    0.0000000000E+00,    0.0000000000E+00,    1.3795530106E+01
     35100,      0.676919,CP12_end,   1,    0.0000000000E+00,    1.3795530106E+01,    1.3795530106E+01,    0.0000000000E+00,    0.0000000000E+00,    0.0000000000E+00,    1.3795530106E+01
     35150,      0.676919,CP0_start,   1,    0.0000000000E+00,    1.3832645756E+01,    1.3832645756E+01,    0.0000000000E+00,    0.0000000000E+00,    0.0000000000E+00,    1.3832645756E+01
     35150,      0.676919,CP1_after_deposition,   1,    0.0000000000E+00,    1.3832645756E+01,    1.3832645756E+01,    0.0000000000E+00,    0.0000000000E+00,    0.0000000000E+00,    1.3832645756E+01
     35150,      0.676919,CP2_after_erosion,   1,    0.0000000000E+00,    1.3832645756E+01,    1.3832645756E+01,    0.0000000000E+00,    0.0000000000E+00,    0.0000000000E+00,    1.3832645756E+01
     35150,      0.676919,CP3_after_update_bottom,   1,    0.0000000000E+00,    1.3832645756E+01,    1.3832645756E+01,    0.0000000000E+00,    0.0000000000E+00,    0.0000000000E+00,    1.3832645756E+01
     35150,      0.676919,CP4_after_advection,   1,    0.0000000000E+00,    1.3833703102E+01,    1.3833703102E+01,    0.0000000000E+00,    0.0000000000E+00,    0.0000000000E+00,    1.3833703102E+01
     35150,      0.676919,CP5_after_vdif,   1,    0.0000000000E+00,    1.3833703102E+01,    1.3833703102E+01,    0.0000000000E+00,    0.0000000000E+00,    0.0000000000E+00,    1.3833703102E+01
     35150,      0.676919,CP6_after_kinetics,   1,    0.0000000000E+00,    1.3833703102E+01,    1.3833703102E+01,    0.0000000000E+00,    0.0000000000E+00,    0.0000000000E+00,    1.3833703102E+01
     35150,      0.676919,CP7_after_upper_clamp,   1,    0.0000000000E+00,    1.3833703102E+01,    1.3833703102E+01,    0.0000000000E+00,    0.0000000000E+00,    0.0000000000E+00,    1.3833703102E+01
     35150,      0.676919,CP8_after_OBC,   1,    0.0000000000E+00,    1.3833703102E+01,    1.3833703102E+01,    0.0000000000E+00,    0.0000000000E+00,    0.0000000000E+00,    1.3833703102E+01
     35150,      0.676919,CP9_after_PTsource,   1,    0.0000000000E+00,    1.3833703102E+01,    1.3833703102E+01,    0.0000000000E+00,    0.0000000000E+00,    0.0000000000E+00,    1.3833703102E+01
     35150,      0.676919,CP10_after_neg_clamp,   1,    0.0000000000E+00,    1.3833703102E+01,    1.3833703102E+01,    0.0000000000E+00,    0.0000000000E+00,    0.0000000000E+00,    1.3833703102E+01
     35150,      0.676919,CP11_after_MPI,   1,    0.0000000000E+00,    1.3833703102E+01,    1.3833703102E+01,    0.0000000000E+00,    0.0000000000E+00,    0.0000000000E+00,    1.3833703102E+01
     35150,      0.676919,CP12_end,   1,    0.0000000000E+00,    1.3833703102E+01,    1.3833703102E+01,    0.0000000000E+00,    0.0000000000E+00,    0.0000000000E+00,    1.3833703102E+01
     35200,      0.676919,CP0_start,   1,    0.0000000000E+00,    1.3870844554E+01,    1.3870844554E+01,    0.0000000000E+00,    0.0000000000E+00,    0.0000000000E+00,    1.3870844554E+01
     35200,      0.676919,CP1_after_deposition,   1,    0.0000000000E+00,    1.3870844554E+01,    1.3870844554E+01,    0.0000000000E+00,    0.0000000000E+00,    0.0000000000E+00,    1.3870844554E+01
     35200,      0.676919,CP2_after_erosion,   1,    0.0000000000E+00,    1.3870844554E+01,    1.3870844554E+01,    0.0000000000E+00,    0.0000000000E+00,    0.0000000000E+00,    1.3870844554E+01
     35200,      0.676919,CP3_after_update_bottom,   1,    0.0000000000E+00,    1.3870844554E+01,    1.3870844554E+01,    0.0000000000E+00,    0.0000000000E+00,    0.0000000000E+00,    1.3870844554E+01
     35200,      0.676919,CP4_after_advection,   1,    0.0000000000E+00,    1.3871903761E+01,    1.3871903761E+01,    0.0000000000E+00,    0.0000000000E+00,    0.0000000000E+00,    1.3871903761E+01
     35200,      0.676919,CP5_after_vdif,   1,    0.0000000000E+00,    1.3871903761E+01,    1.3871903761E+01,    0.0000000000E+00,    0.0000000000E+00,    0.0000000000E+00,    1.3871903761E+01
     35200,      0.676919,CP6_after_kinetics,   1,    0.0000000000E+00,    1.3871903761E+01,    1.3871903761E+01,    0.0000000000E+00,    0.0000000000E+00,    0.0000000000E+00,    1.3871903761E+01
     35200,      0.676919,CP7_after_upper_clamp,   1,    0.0000000000E+00,    1.3871903761E+01,    1.3871903761E+01,    0.0000000000E+00,    0.0000000000E+00,    0.0000000000E+00,    1.3871903761E+01
     35200,      0.676919,CP8_after_OBC,   1,    0.0000000000E+00,    1.3871903761E+01,    1.3871903761E+01,    0.0000000000E+00,    0.0000000000E+00,    0.0000000000E+00,    1.3871903761E+01
     35200,      0.676919,CP9_after_PTsource,   1,    0.0000000000E+00,    1.3871903761E+01,    1.3871903761E+01,    0.0000000000E+00,    0.0000000000E+00,    0.0000000000E+00,    1.3871903761E+01
     35200,      0.676919,CP10_after_neg_clamp,   1,    0.0000000000E+00,    1.3871903761E+01,    1.3871903761E+01,    0.0000000000E+00,    0.0000000000E+00,    0.0000000000E+00,    1.3871903761E+01
     35200,      0.676919,CP11_after_MPI,   1,    0.0000000000E+00,    1.3871903761E+01,    1.3871903761E+01,    0.0000000000E+00,    0.0000000000E+00,    0.0000000000E+00,    1.3871903761E+01
     35200,      0.676919,CP12_end,   1,    0.0000000000E+00,    1.3871903761E+01,    1.3871903761E+01,    0.0000000000E+00,    0.0000000000E+00,    0.0000000000E+00,    1.3871903761E+01
     35250,      0.676919,CP0_start,   1,    0.0000000000E+00,    1.3909065715E+01,    1.3909065715E+01,    0.0000000000E+00,    0.0000000000E+00,    0.0000000000E+00,    1.3909065715E+01
     35250,      0.676919,CP1_after_deposition,   1,    0.0000000000E+00,    1.3909065715E+01,    1.3909065715E+01,    0.0000000000E+00,    0.0000000000E+00,    0.0000000000E+00,    1.3909065715E+01
     35250,      0.676919,CP2_after_erosion,   1,    0.0000000000E+00,    1.3909065715E+01,    1.3909065715E+01,    0.0000000000E+00,    0.0000000000E+00,    0.0000000000E+00,    1.3909065715E+01
     35250,      0.676919,CP3_after_update_bottom,   1,    0.0000000000E+00,    1.3909065715E+01,    1.3909065715E+01,    0.0000000000E+00,    0.0000000000E+00,    0.0000000000E+00,    1.3909065715E+01
     35250,      0.676919,CP4_after_advection,   1,    0.0000000000E+00,    1.3910125255E+01,    1.3910125255E+01,    0.0000000000E+00,    0.0000000000E+00,    0.0000000000E+00,    1.3910125255E+01
     35250,      0.676919,CP5_after_vdif,   1,    0.0000000000E+00,    1.3910125255E+01,    1.3910125255E+01,    0.0000000000E+00,    0.0000000000E+00,    0.0000000000E+00,    1.3910125255E+01
     35250,      0.676919,CP6_after_kinetics,   1,    0.0000000000E+00,    1.3910125255E+01,    1.3910125255E+01,    0.0000000000E+00,    0.0000000000E+00,    0.0000000000E+00,    1.3910125255E+01
     35250,      0.676919,CP7_after_upper_clamp,   1,    0.0000000000E+00,    1.3910125255E+01,    1.3910125255E+01,    0.0000000000E+00,    0.0000000000E+00,    0.0000000000E+00,    1.3910125255E+01
     35250,      0.676919,CP8_after_OBC,   1,    0.0000000000E+00,    1.3910125255E+01,    1.3910125255E+01,    0.0000000000E+00,    0.0000000000E+00,    0.0000000000E+00,    1.3910125255E+01
     35250,      0.676919,CP9_after_PTsource,   1,    0.0000000000E+00,    1.3910125255E+01,    1.3910125255E+01,    0.0000000000E+00,    0.0000000000E+00,    0.0000000000E+00,    1.3910125255E+01
     35250,      0.676919,CP10_after_neg_clamp,   1,    0.0000000000E+00,    1.3910125255E+01,    1.3910125255E+01,    0.0000000000E+00,    0.0000000000E+00,    0.0000000000E+00,    1.3910125255E+01
     35250,      0.676919,CP11_after_MPI,   1,    0.0000000000E+00,    1.3910125255E+01,    1.3910125255E+01,    0.0000000000E+00,    0.0000000000E+00,    0.0000000000E+00,    1.3910125255E+01
     35250,      0.676919,CP12_end,   1,    0.0000000000E+00,    1.3910125255E+01,    1.3910125255E+01,    0.0000000000E+00,    0.0000000000E+00,    0.0000000000E+00,    1.3910125255E+01
     35300,      0.676919,CP0_start,   1,    0.0000000000E+00,    1.3947311841E+01,    1.3947311841E+01,    0.0000000000E+00,    0.0000000000E+00,    0.0000000000E+00,    1.3947311841E+01
     35300,      0.676919,CP1_after_deposition,   1,    0.0000000000E+00,    1.3947311841E+01,    1.3947311841E+01,    0.0000000000E+00,    0.0000000000E+00,    0.0000000000E+00,    1.3947311841E+01
     35300,      0.676919,CP2_after_erosion,   1,    0.0000000000E+00,    1.3947311841E+01,    1.3947311841E+01,    0.0000000000E+00,    0.0000000000E+00,    0.0000000000E+00,    1.3947311841E+01
     35300,      0.676919,CP3_after_update_bottom,   1,    0.0000000000E+00,    1.3947311841E+01,    1.3947311841E+01,    0.0000000000E+00,    0.0000000000E+00,    0.0000000000E+00,    1.3947311841E+01
     35300,      0.676919,CP4_after_advection,   1,    0.0000000000E+00,    1.3948371806E+01,    1.3948371806E+01,    0.0000000000E+00,    0.0000000000E+00,    0.0000000000E+00,    1.3948371806E+01
     35300,      0.676919,CP5_after_vdif,   1,    0.0000000000E+00,    1.3948371806E+01,    1.3948371806E+01,    0.0000000000E+00,    0.0000000000E+00,    0.0000000000E+00,    1.3948371806E+01
     35300,      0.676919,CP6_after_kinetics,   1,    0.0000000000E+00,    1.3948371806E+01,    1.3948371806E+01,    0.0000000000E+00,    0.0000000000E+00,    0.0000000000E+00,    1.3948371806E+01
     35300,      0.676919,CP7_after_upper_clamp,   1,    0.0000000000E+00,    1.3948371806E+01,    1.3948371806E+01,    0.0000000000E+00,    0.0000000000E+00,    0.0000000000E+00,    1.3948371806E+01
     35300,      0.676919,CP8_after_OBC,   1,    0.0000000000E+00,    1.3948371806E+01,    1.3948371806E+01,    0.0000000000E+00,    0.0000000000E+00,    0.0000000000E+00,    1.3948371806E+01
     35300,      0.676919,CP9_after_PTsource,   1,    0.0000000000E+00,    1.3948371806E+01,    1.3948371806E+01,    0.0000000000E+00,    0.0000000000E+00,    0.0000000000E+00,    1.3948371806E+01
     35300,      0.676919,CP10_after_neg_clamp,   1,    0.0000000000E+00,    1.3948371806E+01,    1.3948371806E+01,    0.0000000000E+00,    0.0000000000E+00,    0.0000000000E+00,    1.3948371806E+01
     35300,      0.676919,CP11_after_MPI,   1,    0.0000000000E+00,    1.3948371806E+01,    1.3948371806E+01,    0.0000000000E+00,    0.0000000000E+00,    0.0000000000E+00,    1.3948371806E+01
     35300,      0.676919,CP12_end,   1,    0.0000000000E+00,    1.3948371806E+01,    1.3948371806E+01,    0.0000000000E+00,    0.0000000000E+00,    0.0000000000E+00,    1.3948371806E+01
     35350,      0.676919,CP0_start,   1,    0.0000000000E+00,    1.3985612747E+01,    1.3985612747E+01,    0.0000000000E+00,    0.0000000000E+00,    0.0000000000E+00,    1.3985612747E+01
     35350,      0.676919,CP1_after_deposition,   1,    0.0000000000E+00,    1.3985612747E+01,    1.3985612747E+01,    0.0000000000E+00,    0.0000000000E+00,    0.0000000000E+00,    1.3985612747E+01
     35350,      0.676919,CP2_after_erosion,   1,    0.0000000000E+00,    1.3985612747E+01,    1.3985612747E+01,    0.0000000000E+00,    0.0000000000E+00,    0.0000000000E+00,    1.3985612747E+01
     35350,      0.676919,CP3_after_update_bottom,   1,    0.0000000000E+00,    1.3985612747E+01,    1.3985612747E+01,    0.0000000000E+00,    0.0000000000E+00,    0.0000000000E+00,    1.3985612747E+01
     35350,      0.676919,CP4_after_advection,   1,    0.0000000000E+00,    1.3986672565E+01,    1.3986672565E+01,    0.0000000000E+00,    0.0000000000E+00,    0.0000000000E+00,    1.3986672565E+01
     35350,      0.676919,CP5_after_vdif,   1,    0.0000000000E+00,    1.3986672565E+01,    1.3986672565E+01,    0.0000000000E+00,    0.0000000000E+00,    0.0000000000E+00,    1.3986672565E+01
     35350,      0.676919,CP6_after_kinetics,   1,    0.0000000000E+00,    1.3986672565E+01,    1.3986672565E+01,    0.0000000000E+00,    0.0000000000E+00,    0.0000000000E+00,    1.3986672565E+01
     35350,      0.676919,CP7_after_upper_clamp,   1,    0.0000000000E+00,    1.3986672565E+01,    1.3986672565E+01,    0.0000000000E+00,    0.0000000000E+00,    0.0000000000E+00,    1.3986672565E+01
     35350,      0.676919,CP8_after_OBC,   1,    0.0000000000E+00,    1.3986672565E+01,    1.3986672565E+01,    0.0000000000E+00,    0.0000000000E+00,    0.0000000000E+00,    1.3986672565E+01
     35350,      0.676919,CP9_after_PTsource,   1,    0.0000000000E+00,    1.3986672565E+01,    1.3986672565E+01,    0.0000000000E+00,    0.0000000000E+00,    0.0000000000E+00,    1.3986672565E+01
     35350,      0.676919,CP10_after_neg_clamp,   1,    0.0000000000E+00,    1.3986672565E+01,    1.3986672565E+01,    0.0000000000E+00,    0.0000000000E+00,    0.0000000000E+00,    1.3986672565E+01
     35350,      0.676919,CP11_after_MPI,   1,    0.0000000000E+00,    1.3986672565E+01,    1.3986672565E+01,    0.0000000000E+00,    0.0000000000E+00,    0.0000000000E+00,    1.3986672565E+01
     35350,      0.676919,CP12_end,   1,    0.0000000000E+00,    1.3986672565E+01,    1.3986672565E+01,    0.0000000000E+00,    0.0000000000E+00,    0.0000000000E+00,    1.3986672565E+01
     35400,      0.676919,CP0_start,   1,    0.0000000000E+00,    1.4023925082E+01,    1.4023925082E+01,    0.0000000000E+00,    0.0000000000E+00,    0.0000000000E+00,    1.4023925082E+01
     35400,      0.676919,CP1_after_deposition,   1,    0.0000000000E+00,    1.4023925082E+01,    1.4023925082E+01,    0.0000000000E+00,    0.0000000000E+00,    0.0000000000E+00,    1.4023925082E+01
     35400,      0.676919,CP2_after_erosion,   1,    0.0000000000E+00,    1.4023925082E+01,    1.4023925082E+01,    0.0000000000E+00,    0.0000000000E+00,    0.0000000000E+00,    1.4023925082E+01
     35400,      0.676919,CP3_after_update_bottom,   1,    0.0000000000E+00,    1.4023925082E+01,    1.4023925082E+01,    0.0000000000E+00,    0.0000000000E+00,    0.0000000000E+00,    1.4023925082E+01
     35400,      0.676919,CP4_after_advection,   1,    0.0000000000E+00,    1.4024984981E+01,    1.4024984981E+01,    0.0000000000E+00,    0.0000000000E+00,    0.0000000000E+00,    1.4024984981E+01
     35400,      0.676919,CP5_after_vdif,   1,    0.0000000000E+00,    1.4024984981E+01,    1.4024984981E+01,    0.0000000000E+00,    0.0000000000E+00,    0.0000000000E+00,    1.4024984981E+01
     35400,      0.676919,CP6_after_kinetics,   1,    0.0000000000E+00,    1.4024984981E+01,    1.4024984981E+01,    0.0000000000E+00,    0.0000000000E+00,    0.0000000000E+00,    1.4024984981E+01
     35400,      0.676919,CP7_after_upper_clamp,   1,    0.0000000000E+00,    1.4024984981E+01,    1.4024984981E+01,    0.0000000000E+00,    0.0000000000E+00,    0.0000000000E+00,    1.4024984981E+01
     35400,      0.676919,CP8_after_OBC,   1,    0.0000000000E+00,    1.4024984981E+01,    1.4024984981E+01,    0.0000000000E+00,    0.0000000000E+00,    0.0000000000E+00,    1.4024984981E+01
     35400,      0.676919,CP9_after_PTsource,   1,    0.0000000000E+00,    1.4024984981E+01,    1.4024984981E+01,    0.0000000000E+00,    0.0000000000E+00,    0.0000000000E+00,    1.4024984981E+01
     35400,      0.676919,CP10_after_neg_clamp,   1,    0.0000000000E+00,    1.4024984981E+01,    1.4024984981E+01,    0.0000000000E+00,    0.0000000000E+00,    0.0000000000E+00,    1.4024984981E+01
     35400,      0.676919,CP11_after_MPI,   1,    0.0000000000E+00,    1.4024984981E+01,    1.4024984981E+01,    0.0000000000E+00,    0.0000000000E+00,    0.0000000000E+00,    1.4024984981E+01
     35400,      0.676919,CP12_end,   1,    0.0000000000E+00,    1.4024984981E+01,    1.4024984981E+01,    0.0000000000E+00,    0.0000000000E+00,    0.0000000000E+00,    1.4024984981E+01
     35450,      0.676919,CP0_start,   1,    0.0000000000E+00,    1.4062281811E+01,    1.4062281811E+01,    0.0000000000E+00,    0.0000000000E+00,    0.0000000000E+00,    1.4062281811E+01
     35450,      0.676919,CP1_after_deposition,   1,    0.0000000000E+00,    1.4062281811E+01,    1.4062281811E+01,    0.0000000000E+00,    0.0000000000E+00,    0.0000000000E+00,    1.4062281811E+01
     35450,      0.676919,CP2_after_erosion,   1,    0.0000000000E+00,    1.4062281811E+01,    1.4062281811E+01,    0.0000000000E+00,    0.0000000000E+00,    0.0000000000E+00,    1.4062281811E+01
     35450,      0.676919,CP3_after_update_bottom,   1,    0.0000000000E+00,    1.4062281811E+01,    1.4062281811E+01,    0.0000000000E+00,    0.0000000000E+00,    0.0000000000E+00,    1.4062281811E+01
     35450,      0.676919,CP4_after_advection,   1,    0.0000000000E+00,    1.4063339646E+01,    1.4063339646E+01,    0.0000000000E+00,    0.0000000000E+00,    0.0000000000E+00,    1.4063339646E+01
     35450,      0.676919,CP5_after_vdif,   1,    0.0000000000E+00,    1.4063339646E+01,    1.4063339646E+01,    0.0000000000E+00,    0.0000000000E+00,    0.0000000000E+00,    1.4063339646E+01
     35450,      0.676919,CP6_after_kinetics,   1,    0.0000000000E+00,    1.4063339646E+01,    1.4063339646E+01,    0.0000000000E+00,    0.0000000000E+00,    0.0000000000E+00,    1.4063339646E+01
     35450,      0.676919,CP7_after_upper_clamp,   1,    0.0000000000E+00,    1.4063339646E+01,    1.4063339646E+01,    0.0000000000E+00,    0.0000000000E+00,    0.0000000000E+00,    1.4063339646E+01
     35450,      0.676919,CP8_after_OBC,   1,    0.0000000000E+00,    1.4063339646E+01,    1.4063339646E+01,    0.0000000000E+00,    0.0000000000E+00,    0.0000000000E+00,    1.4063339646E+01
     35450,      0.676919,CP9_after_PTsource,   1,    0.0000000000E+00,    1.4063339646E+01,    1.4063339646E+01,    0.0000000000E+00,    0.0000000000E+00,    0.0000000000E+00,    1.4063339646E+01
     35450,      0.676919,CP10_after_neg_clamp,   1,    0.0000000000E+00,    1.4063339646E+01,    1.4063339646E+01,    0.0000000000E+00,    0.0000000000E+00,    0.0000000000E+00,    1.4063339646E+01
     35450,      0.676919,CP11_after_MPI,   1,    0.0000000000E+00,    1.4063339646E+01,    1.4063339646E+01,    0.0000000000E+00,    0.0000000000E+00,    0.0000000000E+00,    1.4063339646E+01
     35450,      0.676919,CP12_end,   1,    0.0000000000E+00,    1.4063339646E+01,    1.4063339646E+01,    0.0000000000E+00,    0.0000000000E+00,    0.0000000000E+00,    1.4063339646E+01
     35500,      0.676919,CP0_start,   1,    0.0000000000E+00,    1.4100668449E+01,    1.4100668449E+01,    0.0000000000E+00,    0.0000000000E+00,    0.0000000000E+00,    1.4100668449E+01
     35500,      0.676919,CP1_after_deposition,   1,    0.0000000000E+00,    1.4100668449E+01,    1.4100668449E+01,    0.0000000000E+00,    0.0000000000E+00,    0.0000000000E+00,    1.4100668449E+01
     35500,      0.676919,CP2_after_erosion,   1,    0.0000000000E+00,    1.4100668449E+01,    1.4100668449E+01,    0.0000000000E+00,    0.0000000000E+00,    0.0000000000E+00,    1.4100668449E+01
     35500,      0.676919,CP3_after_update_bottom,   1,    0.0000000000E+00,    1.4100668449E+01,    1.4100668449E+01,    0.0000000000E+00,    0.0000000000E+00,    0.0000000000E+00,    1.4100668449E+01
     35500,      0.676919,CP4_after_advection,   1,    0.0000000000E+00,    1.4101725457E+01,    1.4101725457E+01,    0.0000000000E+00,    0.0000000000E+00,    0.0000000000E+00,    1.4101725457E+01
     35500,      0.676919,CP5_after_vdif,   1,    0.0000000000E+00,    1.4101725457E+01,    1.4101725457E+01,    0.0000000000E+00,    0.0000000000E+00,    0.0000000000E+00,    1.4101725457E+01
     35500,      0.676919,CP6_after_kinetics,   1,    0.0000000000E+00,    1.4101725457E+01,    1.4101725457E+01,    0.0000000000E+00,    0.0000000000E+00,    0.0000000000E+00,    1.4101725457E+01
     35500,      0.676919,CP7_after_upper_clamp,   1,    0.0000000000E+00,    1.4101725457E+01,    1.4101725457E+01,    0.0000000000E+00,    0.0000000000E+00,    0.0000000000E+00,    1.4101725457E+01
     35500,      0.676919,CP8_after_OBC,   1,    0.0000000000E+00,    1.4101725457E+01,    1.4101725457E+01,    0.0000000000E+00,    0.0000000000E+00,    0.0000000000E+00,    1.4101725457E+01
     35500,      0.676919,CP9_after_PTsource,   1,    0.0000000000E+00,    1.4101725457E+01,    1.4101725457E+01,    0.0000000000E+00,    0.0000000000E+00,    0.0000000000E+00,    1.4101725457E+01
     35500,      0.676919,CP10_after_neg_clamp,   1,    0.0000000000E+00,    1.4101725457E+01,    1.4101725457E+01,    0.0000000000E+00,    0.0000000000E+00,    0.0000000000E+00,    1.4101725457E+01
     35500,      0.676919,CP11_after_MPI,   1,    0.0000000000E+00,    1.4101725457E+01,    1.4101725457E+01,    0.0000000000E+00,    0.0000000000E+00,    0.0000000000E+00,    1.4101725457E+01
     35500,      0.676919,CP12_end,   1,    0.0000000000E+00,    1.4101725457E+01,    1.4101725457E+01,    0.0000000000E+00,    0.0000000000E+00,    0.0000000000E+00,    1.4101725457E+01
     35550,      0.676919,CP0_start,   1,    0.0000000000E+00,    1.4139099259E+01,    1.4139099259E+01,    0.0000000000E+00,    0.0000000000E+00,    0.0000000000E+00,    1.4139099259E+01
     35550,      0.676919,CP1_after_deposition,   1,    0.0000000000E+00,    1.4139099259E+01,    1.4139099259E+01,    0.0000000000E+00,    0.0000000000E+00,    0.0000000000E+00,    1.4139099259E+01
     35550,      0.676919,CP2_after_erosion,   1,    0.0000000000E+00,    1.4139099259E+01,    1.4139099259E+01,    0.0000000000E+00,    0.0000000000E+00,    0.0000000000E+00,    1.4139099259E+01
     35550,      0.676919,CP3_after_update_bottom,   1,    0.0000000000E+00,    1.4139099259E+01,    1.4139099259E+01,    0.0000000000E+00,    0.0000000000E+00,    0.0000000000E+00,    1.4139099259E+01
     35550,      0.676919,CP4_after_advection,   1,    0.0000000000E+00,    1.4140154642E+01,    1.4140154642E+01,    0.0000000000E+00,    0.0000000000E+00,    0.0000000000E+00,    1.4140154642E+01
     35550,      0.676919,CP5_after_vdif,   1,    0.0000000000E+00,    1.4140154642E+01,    1.4140154642E+01,    0.0000000000E+00,    0.0000000000E+00,    0.0000000000E+00,    1.4140154642E+01
     35550,      0.676919,CP6_after_kinetics,   1,    0.0000000000E+00,    1.4140154642E+01,    1.4140154642E+01,    0.0000000000E+00,    0.0000000000E+00,    0.0000000000E+00,    1.4140154642E+01
     35550,      0.676919,CP7_after_upper_clamp,   1,    0.0000000000E+00,    1.4140154642E+01,    1.4140154642E+01,    0.0000000000E+00,    0.0000000000E+00,    0.0000000000E+00,    1.4140154642E+01
     35550,      0.676919,CP8_after_OBC,   1,    0.0000000000E+00,    1.4140154642E+01,    1.4140154642E+01,    0.0000000000E+00,    0.0000000000E+00,    0.0000000000E+00,    1.4140154642E+01
     35550,      0.676919,CP9_after_PTsource,   1,    0.0000000000E+00,    1.4140154642E+01,    1.4140154642E+01,    0.0000000000E+00,    0.0000000000E+00,    0.0000000000E+00,    1.4140154642E+01
     35550,      0.676919,CP10_after_neg_clamp,   1,    0.0000000000E+00,    1.4140154642E+01,    1.4140154642E+01,    0.0000000000E+00,    0.0000000000E+00,    0.0000000000E+00,    1.4140154642E+01
     35550,      0.676919,CP11_after_MPI,   1,    0.0000000000E+00,    1.4140154642E+01,    1.4140154642E+01,    0.0000000000E+00,    0.0000000000E+00,    0.0000000000E+00,    1.4140154642E+01
     35550,      0.676919,CP12_end,   1,    0.0000000000E+00,    1.4140154642E+01,    1.4140154642E+01,    0.0000000000E+00,    0.0000000000E+00,    0.0000000000E+00,    1.4140154642E+01
     35600,      0.676919,CP0_start,   1,    0.0000000000E+00,    1.4177561775E+01,    1.4177561775E+01,    0.0000000000E+00,    0.0000000000E+00,    0.0000000000E+00,    1.4177561775E+01
     35600,      0.676919,CP1_after_deposition,   1,    0.0000000000E+00,    1.4177561775E+01,    1.4177561775E+01,    0.0000000000E+00,    0.0000000000E+00,    0.0000000000E+00,    1.4177561775E+01
     35600,      0.676919,CP2_after_erosion,   1,    0.0000000000E+00,    1.4177561775E+01,    1.4177561775E+01,    0.0000000000E+00,    0.0000000000E+00,    0.0000000000E+00,    1.4177561775E+01
     35600,      0.676919,CP3_after_update_bottom,   1,    0.0000000000E+00,    1.4177561775E+01,    1.4177561775E+01,    0.0000000000E+00,    0.0000000000E+00,    0.0000000000E+00,    1.4177561775E+01
     35600,      0.676919,CP4_after_advection,   1,    0.0000000000E+00,    1.4178616892E+01,    1.4178616892E+01,    0.0000000000E+00,    0.0000000000E+00,    0.0000000000E+00,    1.4178616892E+01
     35600,      0.676919,CP5_after_vdif,   1,    0.0000000000E+00,    1.4178616892E+01,    1.4178616892E+01,    0.0000000000E+00,    0.0000000000E+00,    0.0000000000E+00,    1.4178616892E+01
     35600,      0.676919,CP6_after_kinetics,   1,    0.0000000000E+00,    1.4178616892E+01,    1.4178616892E+01,    0.0000000000E+00,    0.0000000000E+00,    0.0000000000E+00,    1.4178616892E+01
     35600,      0.676919,CP7_after_upper_clamp,   1,    0.0000000000E+00,    1.4178616892E+01,    1.4178616892E+01,    0.0000000000E+00,    0.0000000000E+00,    0.0000000000E+00,    1.4178616892E+01
     35600,      0.676919,CP8_after_OBC,   1,    0.0000000000E+00,    1.4178616892E+01,    1.4178616892E+01,    0.0000000000E+00,    0.0000000000E+00,    0.0000000000E+00,    1.4178616892E+01
     35600,      0.676919,CP9_after_PTsource,   1,    0.0000000000E+00,    1.4178616892E+01,    1.4178616892E+01,    0.0000000000E+00,    0.0000000000E+00,    0.0000000000E+00,    1.4178616892E+01
     35600,      0.676919,CP10_after_neg_clamp,   1,    0.0000000000E+00,    1.4178616892E+01,    1.4178616892E+01,    0.0000000000E+00,    0.0000000000E+00,    0.0000000000E+00,    1.4178616892E+01
     35600,      0.676919,CP11_after_MPI,   1,    0.0000000000E+00,    1.4178616892E+01,    1.4178616892E+01,    0.0000000000E+00,    0.0000000000E+00,    0.0000000000E+00,    1.4178616892E+01
     35600,      0.676919,CP12_end,   1,    0.0000000000E+00,    1.4178616892E+01,    1.4178616892E+01,    0.0000000000E+00,    0.0000000000E+00,    0.0000000000E+00,    1.4178616892E+01
     35650,      0.676919,CP0_start,   1,    0.0000000000E+00,    1.4216057208E+01,    1.4216057208E+01,    0.0000000000E+00,    0.0000000000E+00,    0.0000000000E+00,    1.4216057208E+01
     35650,      0.676919,CP1_after_deposition,   1,    0.0000000000E+00,    1.4216057208E+01,    1.4216057208E+01,    0.0000000000E+00,    0.0000000000E+00,    0.0000000000E+00,    1.4216057208E+01
     35650,      0.676919,CP2_after_erosion,   1,    0.0000000000E+00,    1.4216057208E+01,    1.4216057208E+01,    0.0000000000E+00,    0.0000000000E+00,    0.0000000000E+00,    1.4216057208E+01
     35650,      0.676919,CP3_after_update_bottom,   1,    0.0000000000E+00,    1.4216057208E+01,    1.4216057208E+01,    0.0000000000E+00,    0.0000000000E+00,    0.0000000000E+00,    1.4216057208E+01
     35650,      0.676919,CP4_after_advection,   1,    0.0000000000E+00,    1.4217108856E+01,    1.4217108856E+01,    0.0000000000E+00,    0.0000000000E+00,    0.0000000000E+00,    1.4217108856E+01
     35650,      0.676919,CP5_after_vdif,   1,    0.0000000000E+00,    1.4217108856E+01,    1.4217108856E+01,    0.0000000000E+00,    0.0000000000E+00,    0.0000000000E+00,    1.4217108856E+01
     35650,      0.676919,CP6_after_kinetics,   1,    0.0000000000E+00,    1.4217108856E+01,    1.4217108856E+01,    0.0000000000E+00,    0.0000000000E+00,    0.0000000000E+00,    1.4217108856E+01
     35650,      0.676919,CP7_after_upper_clamp,   1,    0.0000000000E+00,    1.4217108856E+01,    1.4217108856E+01,    0.0000000000E+00,    0.0000000000E+00,    0.0000000000E+00,    1.4217108856E+01
     35650,      0.676919,CP8_after_OBC,   1,    0.0000000000E+00,    1.4217108856E+01,    1.4217108856E+01,    0.0000000000E+00,    0.0000000000E+00,    0.0000000000E+00,    1.4217108856E+01
     35650,      0.676919,CP9_after_PTsource,   1,    0.0000000000E+00,    1.4217108856E+01,    1.4217108856E+01,    0.0000000000E+00,    0.0000000000E+00,    0.0000000000E+00,    1.4217108856E+01
     35650,      0.676919,CP10_after_neg_clamp,   1,    0.0000000000E+00,    1.4217108856E+01,    1.4217108856E+01,    0.0000000000E+00,    0.0000000000E+00,    0.0000000000E+00,    1.4217108856E+01
     35650,      0.676919,CP11_after_MPI,   1,    0.0000000000E+00,    1.4217108856E+01,    1.4217108856E+01,    0.0000000000E+00,    0.0000000000E+00,    0.0000000000E+00,    1.4217108856E+01
     35650,      0.676919,CP12_end,   1,    0.0000000000E+00,    1.4217108856E+01,    1.4217108856E+01,    0.0000000000E+00,    0.0000000000E+00,    0.0000000000E+00,    1.4217108856E+01
     35700,      0.676919,CP0_start,   1,    0.0000000000E+00,    1.4254585022E+01,    1.4254585022E+01,    0.0000000000E+00,    0.0000000000E+00,    0.0000000000E+00,    1.4254585022E+01
     35700,      0.676919,CP1_after_deposition,   1,    0.0000000000E+00,    1.4254585022E+01,    1.4254585022E+01,    0.0000000000E+00,    0.0000000000E+00,    0.0000000000E+00,    1.4254585022E+01
     35700,      0.676919,CP2_after_erosion,   1,    0.0000000000E+00,    1.4254585022E+01,    1.4254585022E+01,    0.0000000000E+00,    0.0000000000E+00,    0.0000000000E+00,    1.4254585022E+01
     35700,      0.676919,CP3_after_update_bottom,   1,    0.0000000000E+00,    1.4254585022E+01,    1.4254585022E+01,    0.0000000000E+00,    0.0000000000E+00,    0.0000000000E+00,    1.4254585022E+01
     35700,      0.676919,CP4_after_advection,   1,    0.0000000000E+00,    1.4255637441E+01,    1.4255637441E+01,    0.0000000000E+00,    0.0000000000E+00,    0.0000000000E+00,    1.4255637441E+01
     35700,      0.676919,CP5_after_vdif,   1,    0.0000000000E+00,    1.4255637441E+01,    1.4255637441E+01,    0.0000000000E+00,    0.0000000000E+00,    0.0000000000E+00,    1.4255637441E+01
     35700,      0.676919,CP6_after_kinetics,   1,    0.0000000000E+00,    1.4255637441E+01,    1.4255637441E+01,    0.0000000000E+00,    0.0000000000E+00,    0.0000000000E+00,    1.4255637441E+01
     35700,      0.676919,CP7_after_upper_clamp,   1,    0.0000000000E+00,    1.4255637441E+01,    1.4255637441E+01,    0.0000000000E+00,    0.0000000000E+00,    0.0000000000E+00,    1.4255637441E+01
     35700,      0.676919,CP8_after_OBC,   1,    0.0000000000E+00,    1.4255637441E+01,    1.4255637441E+01,    0.0000000000E+00,    0.0000000000E+00,    0.0000000000E+00,    1.4255637441E+01
     35700,      0.676919,CP9_after_PTsource,   1,    0.0000000000E+00,    1.4255637441E+01,    1.4255637441E+01,    0.0000000000E+00,    0.0000000000E+00,    0.0000000000E+00,    1.4255637441E+01
     35700,      0.676919,CP10_after_neg_clamp,   1,    0.0000000000E+00,    1.4255637441E+01,    1.4255637441E+01,    0.0000000000E+00,    0.0000000000E+00,    0.0000000000E+00,    1.4255637441E+01
     35700,      0.676919,CP11_after_MPI,   1,    0.0000000000E+00,    1.4255637441E+01,    1.4255637441E+01,    0.0000000000E+00,    0.0000000000E+00,    0.0000000000E+00,    1.4255637441E+01
     35700,      0.676919,CP12_end,   1,    0.0000000000E+00,    1.4255637441E+01,    1.4255637441E+01,    0.0000000000E+00,    0.0000000000E+00,    0.0000000000E+00,    1.4255637441E+01
     35750,      0.676919,CP0_start,   1,    0.0000000000E+00,    1.4293132890E+01,    1.4293132890E+01,    0.0000000000E+00,    0.0000000000E+00,    0.0000000000E+00,    1.4293132890E+01
     35750,      0.676919,CP1_after_deposition,   1,    0.0000000000E+00,    1.4293132890E+01,    1.4293132890E+01,    0.0000000000E+00,    0.0000000000E+00,    0.0000000000E+00,    1.4293132890E+01
     35750,      0.676919,CP2_after_erosion,   1,    0.0000000000E+00,    1.4293132890E+01,    1.4293132890E+01,    0.0000000000E+00,    0.0000000000E+00,    0.0000000000E+00,    1.4293132890E+01
     35750,      0.676919,CP3_after_update_bottom,   1,    0.0000000000E+00,    1.4293132890E+01,    1.4293132890E+01,    0.0000000000E+00,    0.0000000000E+00,    0.0000000000E+00,    1.4293132890E+01
     35750,      0.676919,CP4_after_advection,   1,    0.0000000000E+00,    1.4294185702E+01,    1.4294185702E+01,    0.0000000000E+00,    0.0000000000E+00,    0.0000000000E+00,    1.4294185702E+01
     35750,      0.676919,CP5_after_vdif,   1,    0.0000000000E+00,    1.4294185702E+01,    1.4294185702E+01,    0.0000000000E+00,    0.0000000000E+00,    0.0000000000E+00,    1.4294185702E+01
     35750,      0.676919,CP6_after_kinetics,   1,    0.0000000000E+00,    1.4294185702E+01,    1.4294185702E+01,    0.0000000000E+00,    0.0000000000E+00,    0.0000000000E+00,    1.4294185702E+01
     35750,      0.676919,CP7_after_upper_clamp,   1,    0.0000000000E+00,    1.4294185702E+01,    1.4294185702E+01,    0.0000000000E+00,    0.0000000000E+00,    0.0000000000E+00,    1.4294185702E+01
     35750,      0.676919,CP8_after_OBC,   1,    0.0000000000E+00,    1.4294185702E+01,    1.4294185702E+01,    0.0000000000E+00,    0.0000000000E+00,    0.0000000000E+00,    1.4294185702E+01
     35750,      0.676919,CP9_after_PTsource,   1,    0.0000000000E+00,    1.4294185702E+01,    1.4294185702E+01,    0.0000000000E+00,    0.0000000000E+00,    0.0000000000E+00,    1.4294185702E+01
     35750,      0.676919,CP10_after_neg_clamp,   1,    0.0000000000E+00,    1.4294185702E+01,    1.4294185702E+01,    0.0000000000E+00,    0.0000000000E+00,    0.0000000000E+00,    1.4294185702E+01
     35750,      0.676919,CP11_after_MPI,   1,    0.0000000000E+00,    1.4294185702E+01,    1.4294185702E+01,    0.0000000000E+00,    0.0000000000E+00,    0.0000000000E+00,    1.4294185702E+01
     35750,      0.676919,CP12_end,   1,    0.0000000000E+00,    1.4294185702E+01,    1.4294185702E+01,    0.0000000000E+00,    0.0000000000E+00,    0.0000000000E+00,    1.4294185702E+01
     35800,      0.676919,CP0_start,   1,    0.0000000000E+00,    1.4331711377E+01,    1.4331711377E+01,    0.0000000000E+00,    0.0000000000E+00,    0.0000000000E+00,    1.4331711377E+01
     35800,      0.676919,CP1_after_deposition,   1,    0.0000000000E+00,    1.4331711377E+01,    1.4331711377E+01,    0.0000000000E+00,    0.0000000000E+00,    0.0000000000E+00,    1.4331711377E+01
     35800,      0.676919,CP2_after_erosion,   1,    0.0000000000E+00,    1.4331711377E+01,    1.4331711377E+01,    0.0000000000E+00,    0.0000000000E+00,    0.0000000000E+00,    1.4331711377E+01
     35800,      0.676919,CP3_after_update_bottom,   1,    0.0000000000E+00,    1.4331711377E+01,    1.4331711377E+01,    0.0000000000E+00,    0.0000000000E+00,    0.0000000000E+00,    1.4331711377E+01
     35800,      0.676919,CP4_after_advection,   1,    0.0000000000E+00,    1.4332764405E+01,    1.4332764405E+01,    0.0000000000E+00,    0.0000000000E+00,    0.0000000000E+00,    1.4332764405E+01
     35800,      0.676919,CP5_after_vdif,   1,    0.0000000000E+00,    1.4332764405E+01,    1.4332764405E+01,    0.0000000000E+00,    0.0000000000E+00,    0.0000000000E+00,    1.4332764405E+01
     35800,      0.676919,CP6_after_kinetics,   1,    0.0000000000E+00,    1.4332764405E+01,    1.4332764405E+01,    0.0000000000E+00,    0.0000000000E+00,    0.0000000000E+00,    1.4332764405E+01
     35800,      0.676919,CP7_after_upper_clamp,   1,    0.0000000000E+00,    1.4332764405E+01,    1.4332764405E+01,    0.0000000000E+00,    0.0000000000E+00,    0.0000000000E+00,    1.4332764405E+01
     35800,      0.676919,CP8_after_OBC,   1,    0.0000000000E+00,    1.4332764405E+01,    1.4332764405E+01,    0.0000000000E+00,    0.0000000000E+00,    0.0000000000E+00,    1.4332764405E+01
     35800,      0.676919,CP9_after_PTsource,   1,    0.0000000000E+00,    1.4332764405E+01,    1.4332764405E+01,    0.0000000000E+00,    0.0000000000E+00,    0.0000000000E+00,    1.4332764405E+01
     35800,      0.676919,CP10_after_neg_clamp,   1,    0.0000000000E+00,    1.4332764405E+01,    1.4332764405E+01,    0.0000000000E+00,    0.0000000000E+00,    0.0000000000E+00,    1.4332764405E+01
     35800,      0.676919,CP11_after_MPI,   1,    0.0000000000E+00,    1.4332764405E+01,    1.4332764405E+01,    0.0000000000E+00,    0.0000000000E+00,    0.0000000000E+00,    1.4332764405E+01
     35800,      0.676919,CP12_end,   1,    0.0000000000E+00,    1.4332764405E+01,    1.4332764405E+01,    0.0000000000E+00,    0.0000000000E+00,    0.0000000000E+00,    1.4332764405E+01
     35850,      0.676919,CP0_start,   1,    0.0000000000E+00,    1.4370311819E+01,    1.4370311819E+01,    0.0000000000E+00,    0.0000000000E+00,    0.0000000000E+00,    1.4370311819E+01
     35850,      0.676919,CP1_after_deposition,   1,    0.0000000000E+00,    1.4370311819E+01,    1.4370311819E+01,    0.0000000000E+00,    0.0000000000E+00,    0.0000000000E+00,    1.4370311819E+01
     35850,      0.676919,CP2_after_erosion,   1,    0.0000000000E+00,    1.4370311819E+01,    1.4370311819E+01,    0.0000000000E+00,    0.0000000000E+00,    0.0000000000E+00,    1.4370311819E+01
     35850,      0.676919,CP3_after_update_bottom,   1,    0.0000000000E+00,    1.4370311819E+01,    1.4370311819E+01,    0.0000000000E+00,    0.0000000000E+00,    0.0000000000E+00,    1.4370311819E+01
     35850,      0.676919,CP4_after_advection,   1,    0.0000000000E+00,    1.4371364501E+01,    1.4371364501E+01,    0.0000000000E+00,    0.0000000000E+00,    0.0000000000E+00,    1.4371364501E+01
     35850,      0.676919,CP5_after_vdif,   1,    0.0000000000E+00,    1.4371364501E+01,    1.4371364501E+01,    0.0000000000E+00,    0.0000000000E+00,    0.0000000000E+00,    1.4371364501E+01
     35850,      0.676919,CP6_after_kinetics,   1,    0.0000000000E+00,    1.4371364501E+01,    1.4371364501E+01,    0.0000000000E+00,    0.0000000000E+00,    0.0000000000E+00,    1.4371364501E+01
     35850,      0.676919,CP7_after_upper_clamp,   1,    0.0000000000E+00,    1.4371364501E+01,    1.4371364501E+01,    0.0000000000E+00,    0.0000000000E+00,    0.0000000000E+00,    1.4371364501E+01
     35850,      0.676919,CP8_after_OBC,   1,    0.0000000000E+00,    1.4371364501E+01,    1.4371364501E+01,    0.0000000000E+00,    0.0000000000E+00,    0.0000000000E+00,    1.4371364501E+01
     35850,      0.676919,CP9_after_PTsource,   1,    0.0000000000E+00,    1.4371364501E+01,    1.4371364501E+01,    0.0000000000E+00,    0.0000000000E+00,    0.0000000000E+00,    1.4371364501E+01
     35850,      0.676919,CP10_after_neg_clamp,   1,    0.0000000000E+00,    1.4371364501E+01,    1.4371364501E+01,    0.0000000000E+00,    0.0000000000E+00,    0.0000000000E+00,    1.4371364501E+01
     35850,      0.676919,CP11_after_MPI,   1,    0.0000000000E+00,    1.4371364501E+01,    1.4371364501E+01,    0.0000000000E+00,    0.0000000000E+00,    0.0000000000E+00,    1.4371364501E+01
     35850,      0.676919,CP12_end,   1,    0.0000000000E+00,    1.4371364501E+01,    1.4371364501E+01,    0.0000000000E+00,    0.0000000000E+00,    0.0000000000E+00,    1.4371364501E+01
     35900,      0.676919,CP0_start,   1,    0.0000000000E+00,    1.4408938230E+01,    1.4408938230E+01,    0.0000000000E+00,    0.0000000000E+00,    0.0000000000E+00,    1.4408938230E+01
     35900,      0.676919,CP1_after_deposition,   1,    0.0000000000E+00,    1.4408938230E+01,    1.4408938230E+01,    0.0000000000E+00,    0.0000000000E+00,    0.0000000000E+00,    1.4408938230E+01
     35900,      0.676919,CP2_after_erosion,   1,    0.0000000000E+00,    1.4408938230E+01,    1.4408938230E+01,    0.0000000000E+00,    0.0000000000E+00,    0.0000000000E+00,    1.4408938230E+01
     35900,      0.676919,CP3_after_update_bottom,   1,    0.0000000000E+00,    1.4408938230E+01,    1.4408938230E+01,    0.0000000000E+00,    0.0000000000E+00,    0.0000000000E+00,    1.4408938230E+01
     35900,      0.676919,CP4_after_advection,   1,    0.0000000000E+00,    1.4409990157E+01,    1.4409990157E+01,    0.0000000000E+00,    0.0000000000E+00,    0.0000000000E+00,    1.4409990157E+01
     35900,      0.676919,CP5_after_vdif,   1,    0.0000000000E+00,    1.4409990157E+01,    1.4409990157E+01,    0.0000000000E+00,    0.0000000000E+00,    0.0000000000E+00,    1.4409990157E+01
     35900,      0.676919,CP6_after_kinetics,   1,    0.0000000000E+00,    1.4409990157E+01,    1.4409990157E+01,    0.0000000000E+00,    0.0000000000E+00,    0.0000000000E+00,    1.4409990157E+01
     35900,      0.676919,CP7_after_upper_clamp,   1,    0.0000000000E+00,    1.4409990157E+01,    1.4409990157E+01,    0.0000000000E+00,    0.0000000000E+00,    0.0000000000E+00,    1.4409990157E+01
     35900,      0.676919,CP8_after_OBC,   1,    0.0000000000E+00,    1.4409990157E+01,    1.4409990157E+01,    0.0000000000E+00,    0.0000000000E+00,    0.0000000000E+00,    1.4409990157E+01
     35900,      0.676919,CP9_after_PTsource,   1,    0.0000000000E+00,    1.4409990157E+01,    1.4409990157E+01,    0.0000000000E+00,    0.0000000000E+00,    0.0000000000E+00,    1.4409990157E+01
     35900,      0.676919,CP10_after_neg_clamp,   1,    0.0000000000E+00,    1.4409990157E+01,    1.4409990157E+01,    0.0000000000E+00,    0.0000000000E+00,    0.0000000000E+00,    1.4409990157E+01
     35900,      0.676919,CP11_after_MPI,   1,    0.0000000000E+00,    1.4409990157E+01,    1.4409990157E+01,    0.0000000000E+00,    0.0000000000E+00,    0.0000000000E+00,    1.4409990157E+01
     35900,      0.676919,CP12_end,   1,    0.0000000000E+00,    1.4409990157E+01,    1.4409990157E+01,    0.0000000000E+00,    0.0000000000E+00,    0.0000000000E+00,    1.4409990157E+01
     35950,      0.676919,CP0_start,   1,    0.0000000000E+00,    1.4447585650E+01,    1.4447585650E+01,    0.0000000000E+00,    0.0000000000E+00,    0.0000000000E+00,    1.4447585650E+01
     35950,      0.676919,CP1_after_deposition,   1,    0.0000000000E+00,    1.4447585650E+01,    1.4447585650E+01,    0.0000000000E+00,    0.0000000000E+00,    0.0000000000E+00,    1.4447585650E+01
     35950,      0.676919,CP2_after_erosion,   1,    0.0000000000E+00,    1.4447585650E+01,    1.4447585650E+01,    0.0000000000E+00,    0.0000000000E+00,    0.0000000000E+00,    1.4447585650E+01
     35950,      0.676919,CP3_after_update_bottom,   1,    0.0000000000E+00,    1.4447585650E+01,    1.4447585650E+01,    0.0000000000E+00,    0.0000000000E+00,    0.0000000000E+00,    1.4447585650E+01
     35950,      0.676919,CP4_after_advection,   1,    0.0000000000E+00,    1.4448638024E+01,    1.4448638024E+01,    0.0000000000E+00,    0.0000000000E+00,    0.0000000000E+00,    1.4448638024E+01
     35950,      0.676919,CP5_after_vdif,   1,    0.0000000000E+00,    1.4448638024E+01,    1.4448638024E+01,    0.0000000000E+00,    0.0000000000E+00,    0.0000000000E+00,    1.4448638024E+01
     35950,      0.676919,CP6_after_kinetics,   1,    0.0000000000E+00,    1.4448638024E+01,    1.4448638024E+01,    0.0000000000E+00,    0.0000000000E+00,    0.0000000000E+00,    1.4448638024E+01
     35950,      0.676919,CP7_after_upper_clamp,   1,    0.0000000000E+00,    1.4448638024E+01,    1.4448638024E+01,    0.0000000000E+00,    0.0000000000E+00,    0.0000000000E+00,    1.4448638024E+01
     35950,      0.676919,CP8_after_OBC,   1,    0.0000000000E+00,    1.4448638024E+01,    1.4448638024E+01,    0.0000000000E+00,    0.0000000000E+00,    0.0000000000E+00,    1.4448638024E+01
     35950,      0.676919,CP9_after_PTsource,   1,    0.0000000000E+00,    1.4448638024E+01,    1.4448638024E+01,    0.0000000000E+00,    0.0000000000E+00,    0.0000000000E+00,    1.4448638024E+01
     35950,      0.676919,CP10_after_neg_clamp,   1,    0.0000000000E+00,    1.4448638024E+01,    1.4448638024E+01,    0.0000000000E+00,    0.0000000000E+00,    0.0000000000E+00,    1.4448638024E+01
     35950,      0.676919,CP11_after_MPI,   1,    0.0000000000E+00,    1.4448638024E+01,    1.4448638024E+01,    0.0000000000E+00,    0.0000000000E+00,    0.0000000000E+00,    1.4448638024E+01
     35950,      0.676919,CP12_end,   1,    0.0000000000E+00,    1.4448638024E+01,    1.4448638024E+01,    0.0000000000E+00,    0.0000000000E+00,    0.0000000000E+00,    1.4448638024E+01
     36000,      0.676919,CP0_start,   1,    0.0000000000E+00,    1.4486254333E+01,    1.4486254333E+01,    0.0000000000E+00,    0.0000000000E+00,    0.0000000000E+00,    1.4486254333E+01
     36000,      0.676919,CP1_after_deposition,   1,    0.0000000000E+00,    1.4486254333E+01,    1.4486254333E+01,    0.0000000000E+00,    0.0000000000E+00,    0.0000000000E+00,    1.4486254333E+01
     36000,      0.676919,CP2_after_erosion,   1,    0.0000000000E+00,    1.4486254333E+01,    1.4486254333E+01,    0.0000000000E+00,    0.0000000000E+00,    0.0000000000E+00,    1.4486254333E+01
     36000,      0.676919,CP3_after_update_bottom,   1,    0.0000000000E+00,    1.4486254333E+01,    1.4486254333E+01,    0.0000000000E+00,    0.0000000000E+00,    0.0000000000E+00,    1.4486254333E+01
     36000,      0.676919,CP4_after_advection,   1,    0.0000000000E+00,    1.4487306538E+01,    1.4487306538E+01,    0.0000000000E+00,    0.0000000000E+00,    0.0000000000E+00,    1.4487306538E+01
     36000,      0.676919,CP5_after_vdif,   1,    0.0000000000E+00,    1.4487306538E+01,    1.4487306538E+01,    0.0000000000E+00,    0.0000000000E+00,    0.0000000000E+00,    1.4487306538E+01
     36000,      0.676919,CP6_after_kinetics,   1,    0.0000000000E+00,    1.4487306538E+01,    1.4487306538E+01,    0.0000000000E+00,    0.0000000000E+00,    0.0000000000E+00,    1.4487306538E+01
     36000,      0.676919,CP7_after_upper_clamp,   1,    0.0000000000E+00,    1.4487306538E+01,    1.4487306538E+01,    0.0000000000E+00,    0.0000000000E+00,    0.0000000000E+00,    1.4487306538E+01
     36000,      0.676919,CP8_after_OBC,   1,    0.0000000000E+00,    1.4487306538E+01,    1.4487306538E+01,    0.0000000000E+00,    0.0000000000E+00,    0.0000000000E+00,    1.4487306538E+01
     36000,      0.676919,CP9_after_PTsource,   1,    0.0000000000E+00,    1.4487306538E+01,    1.4487306538E+01,    0.0000000000E+00,    0.0000000000E+00,    0.0000000000E+00,    1.4487306538E+01
     36000,      0.676919,CP10_after_neg_clamp,   1,    0.0000000000E+00,    1.4487306538E+01,    1.4487306538E+01,    0.0000000000E+00,    0.0000000000E+00,    0.0000000000E+00,    1.4487306538E+01
     36000,      0.676919,CP11_after_MPI,   1,    0.0000000000E+00,    1.4487306538E+01,    1.4487306538E+01,    0.0000000000E+00,    0.0000000000E+00,    0.0000000000E+00,    1.4487306538E+01
     36000,      0.676919,CP12_end,   1,    0.0000000000E+00,    1.4487306538E+01,    1.4487306538E+01,    0.0000000000E+00,    0.0000000000E+00,    0.0000000000E+00,    1.4487306538E+01
     36050,      0.676919,CP0_start,   1,    0.0000000000E+00,    1.4524956390E+01,    1.4524956390E+01,    0.0000000000E+00,    0.0000000000E+00,    0.0000000000E+00,    1.4524956390E+01
     36050,      0.676919,CP1_after_deposition,   1,    0.0000000000E+00,    1.4524956390E+01,    1.4524956390E+01,    0.0000000000E+00,    0.0000000000E+00,    0.0000000000E+00,    1.4524956390E+01
     36050,      0.676919,CP2_after_erosion,   1,    0.0000000000E+00,    1.4524956390E+01,    1.4524956390E+01,    0.0000000000E+00,    0.0000000000E+00,    0.0000000000E+00,    1.4524956390E+01
     36050,      0.676919,CP3_after_update_bottom,   1,    0.0000000000E+00,    1.4524956390E+01,    1.4524956390E+01,    0.0000000000E+00,    0.0000000000E+00,    0.0000000000E+00,    1.4524956390E+01
     36050,      0.676919,CP4_after_advection,   1,    0.0000000000E+00,    1.4526007972E+01,    1.4526007972E+01,    0.0000000000E+00,    0.0000000000E+00,    0.0000000000E+00,    1.4526007972E+01
     36050,      0.676919,CP5_after_vdif,   1,    0.0000000000E+00,    1.4526007972E+01,    1.4526007972E+01,    0.0000000000E+00,    0.0000000000E+00,    0.0000000000E+00,    1.4526007972E+01
     36050,      0.676919,CP6_after_kinetics,   1,    0.0000000000E+00,    1.4526007972E+01,    1.4526007972E+01,    0.0000000000E+00,    0.0000000000E+00,    0.0000000000E+00,    1.4526007972E+01
     36050,      0.676919,CP7_after_upper_clamp,   1,    0.0000000000E+00,    1.4526007972E+01,    1.4526007972E+01,    0.0000000000E+00,    0.0000000000E+00,    0.0000000000E+00,    1.4526007972E+01
     36050,      0.676919,CP8_after_OBC,   1,    0.0000000000E+00,    1.4526007972E+01,    1.4526007972E+01,    0.0000000000E+00,    0.0000000000E+00,    0.0000000000E+00,    1.4526007972E+01
     36050,      0.676919,CP9_after_PTsource,   1,    0.0000000000E+00,    1.4526007972E+01,    1.4526007972E+01,    0.0000000000E+00,    0.0000000000E+00,    0.0000000000E+00,    1.4526007972E+01
     36050,      0.676919,CP10_after_neg_clamp,   1,    0.0000000000E+00,    1.4526007972E+01,    1.4526007972E+01,    0.0000000000E+00,    0.0000000000E+00,    0.0000000000E+00,    1.4526007972E+01
     36050,      0.676919,CP11_after_MPI,   1,    0.0000000000E+00,    1.4526007972E+01,    1.4526007972E+01,    0.0000000000E+00,    0.0000000000E+00,    0.0000000000E+00,    1.4526007972E+01
     36050,      0.676919,CP12_end,   1,    0.0000000000E+00,    1.4526007972E+01,    1.4526007972E+01,    0.0000000000E+00,    0.0000000000E+00,    0.0000000000E+00,    1.4526007972E+01
     36100,      0.676919,CP0_start,   1,    0.0000000000E+00,    1.4563678701E+01,    1.4563678701E+01,    0.0000000000E+00,    0.0000000000E+00,    0.0000000000E+00,    1.4563678701E+01
     36100,      0.676919,CP1_after_deposition,   1,    0.0000000000E+00,    1.4563678701E+01,    1.4563678701E+01,    0.0000000000E+00,    0.0000000000E+00,    0.0000000000E+00,    1.4563678701E+01
     36100,      0.676919,CP2_after_erosion,   1,    0.0000000000E+00,    1.4563678701E+01,    1.4563678701E+01,    0.0000000000E+00,    0.0000000000E+00,    0.0000000000E+00,    1.4563678701E+01
     36100,      0.676919,CP3_after_update_bottom,   1,    0.0000000000E+00,    1.4563678701E+01,    1.4563678701E+01,    0.0000000000E+00,    0.0000000000E+00,    0.0000000000E+00,    1.4563678701E+01
     36100,      0.676919,CP4_after_advection,   1,    0.0000000000E+00,    1.4564730375E+01,    1.4564730375E+01,    0.0000000000E+00,    0.0000000000E+00,    0.0000000000E+00,    1.4564730375E+01
     36100,      0.676919,CP5_after_vdif,   1,    0.0000000000E+00,    1.4564730375E+01,    1.4564730375E+01,    0.0000000000E+00,    0.0000000000E+00,    0.0000000000E+00,    1.4564730375E+01
     36100,      0.676919,CP6_after_kinetics,   1,    0.0000000000E+00,    1.4564730375E+01,    1.4564730375E+01,    0.0000000000E+00,    0.0000000000E+00,    0.0000000000E+00,    1.4564730375E+01
     36100,      0.676919,CP7_after_upper_clamp,   1,    0.0000000000E+00,    1.4564730375E+01,    1.4564730375E+01,    0.0000000000E+00,    0.0000000000E+00,    0.0000000000E+00,    1.4564730375E+01
     36100,      0.676919,CP8_after_OBC,   1,    0.0000000000E+00,    1.4564730375E+01,    1.4564730375E+01,    0.0000000000E+00,    0.0000000000E+00,    0.0000000000E+00,    1.4564730375E+01
     36100,      0.676919,CP9_after_PTsource,   1,    0.0000000000E+00,    1.4564730375E+01,    1.4564730375E+01,    0.0000000000E+00,    0.0000000000E+00,    0.0000000000E+00,    1.4564730375E+01
     36100,      0.676919,CP10_after_neg_clamp,   1,    0.0000000000E+00,    1.4564730375E+01,    1.4564730375E+01,    0.0000000000E+00,    0.0000000000E+00,    0.0000000000E+00,    1.4564730375E+01
     36100,      0.676919,CP11_after_MPI,   1,    0.0000000000E+00,    1.4564730375E+01,    1.4564730375E+01,    0.0000000000E+00,    0.0000000000E+00,    0.0000000000E+00,    1.4564730375E+01
     36100,      0.676919,CP12_end,   1,    0.0000000000E+00,    1.4564730375E+01,    1.4564730375E+01,    0.0000000000E+00,    0.0000000000E+00,    0.0000000000E+00,    1.4564730375E+01
     36150,      0.676919,CP0_start,   1,    0.0000000000E+00,    1.4602430831E+01,    1.4602430831E+01,    0.0000000000E+00,    0.0000000000E+00,    0.0000000000E+00,    1.4602430831E+01
     36150,      0.676919,CP1_after_deposition,   1,    0.0000000000E+00,    1.4602430831E+01,    1.4602430831E+01,    0.0000000000E+00,    0.0000000000E+00,    0.0000000000E+00,    1.4602430831E+01
     36150,      0.676919,CP2_after_erosion,   1,    0.0000000000E+00,    1.4602430831E+01,    1.4602430831E+01,    0.0000000000E+00,    0.0000000000E+00,    0.0000000000E+00,    1.4602430831E+01
     36150,      0.676919,CP3_after_update_bottom,   1,    0.0000000000E+00,    1.4602430831E+01,    1.4602430831E+01,    0.0000000000E+00,    0.0000000000E+00,    0.0000000000E+00,    1.4602430831E+01
     36150,      0.676919,CP4_after_advection,   1,    0.0000000000E+00,    1.4603481747E+01,    1.4603481747E+01,    0.0000000000E+00,    0.0000000000E+00,    0.0000000000E+00,    1.4603481747E+01
     36150,      0.676919,CP5_after_vdif,   1,    0.0000000000E+00,    1.4603481747E+01,    1.4603481747E+01,    0.0000000000E+00,    0.0000000000E+00,    0.0000000000E+00,    1.4603481747E+01
     36150,      0.676919,CP6_after_kinetics,   1,    0.0000000000E+00,    1.4603481747E+01,    1.4603481747E+01,    0.0000000000E+00,    0.0000000000E+00,    0.0000000000E+00,    1.4603481747E+01
     36150,      0.676919,CP7_after_upper_clamp,   1,    0.0000000000E+00,    1.4603481747E+01,    1.4603481747E+01,    0.0000000000E+00,    0.0000000000E+00,    0.0000000000E+00,    1.4603481747E+01
     36150,      0.676919,CP8_after_OBC,   1,    0.0000000000E+00,    1.4603481747E+01,    1.4603481747E+01,    0.0000000000E+00,    0.0000000000E+00,    0.0000000000E+00,    1.4603481747E+01
     36150,      0.676919,CP9_after_PTsource,   1,    0.0000000000E+00,    1.4603481747E+01,    1.4603481747E+01,    0.0000000000E+00,    0.0000000000E+00,    0.0000000000E+00,    1.4603481747E+01
     36150,      0.676919,CP10_after_neg_clamp,   1,    0.0000000000E+00,    1.4603481747E+01,    1.4603481747E+01,    0.0000000000E+00,    0.0000000000E+00,    0.0000000000E+00,    1.4603481747E+01
     36150,      0.676919,CP11_after_MPI,   1,    0.0000000000E+00,    1.4603481747E+01,    1.4603481747E+01,    0.0000000000E+00,    0.0000000000E+00,    0.0000000000E+00,    1.4603481747E+01
     36150,      0.676919,CP12_end,   1,    0.0000000000E+00,    1.4603481747E+01,    1.4603481747E+01,    0.0000000000E+00,    0.0000000000E+00,    0.0000000000E+00,    1.4603481747E+01
     36200,      0.676919,CP0_start,   1,    0.0000000000E+00,    1.4641213838E+01,    1.4641213838E+01,    0.0000000000E+00,    0.0000000000E+00,    0.0000000000E+00,    1.4641213838E+01
     36200,      0.676919,CP1_after_deposition,   1,    0.0000000000E+00,    1.4641213838E+01,    1.4641213838E+01,    0.0000000000E+00,    0.0000000000E+00,    0.0000000000E+00,    1.4641213838E+01
     36200,      0.676919,CP2_after_erosion,   1,    0.0000000000E+00,    1.4641213838E+01,    1.4641213838E+01,    0.0000000000E+00,    0.0000000000E+00,    0.0000000000E+00,    1.4641213838E+01
     36200,      0.676919,CP3_after_update_bottom,   1,    0.0000000000E+00,    1.4641213838E+01,    1.4641213838E+01,    0.0000000000E+00,    0.0000000000E+00,    0.0000000000E+00,    1.4641213838E+01
     36200,      0.676919,CP4_after_advection,   1,    0.0000000000E+00,    1.4642265525E+01,    1.4642265525E+01,    0.0000000000E+00,    0.0000000000E+00,    0.0000000000E+00,    1.4642265525E+01
     36200,      0.676919,CP5_after_vdif,   1,    0.0000000000E+00,    1.4642265525E+01,    1.4642265525E+01,    0.0000000000E+00,    0.0000000000E+00,    0.0000000000E+00,    1.4642265525E+01
     36200,      0.676919,CP6_after_kinetics,   1,    0.0000000000E+00,    1.4642265525E+01,    1.4642265525E+01,    0.0000000000E+00,    0.0000000000E+00,    0.0000000000E+00,    1.4642265525E+01
     36200,      0.676919,CP7_after_upper_clamp,   1,    0.0000000000E+00,    1.4642265525E+01,    1.4642265525E+01,    0.0000000000E+00,    0.0000000000E+00,    0.0000000000E+00,    1.4642265525E+01
     36200,      0.676919,CP8_after_OBC,   1,    0.0000000000E+00,    1.4642265525E+01,    1.4642265525E+01,    0.0000000000E+00,    0.0000000000E+00,    0.0000000000E+00,    1.4642265525E+01
     36200,      0.676919,CP9_after_PTsource,   1,    0.0000000000E+00,    1.4642265525E+01,    1.4642265525E+01,    0.0000000000E+00,    0.0000000000E+00,    0.0000000000E+00,    1.4642265525E+01
     36200,      0.676919,CP10_after_neg_clamp,   1,    0.0000000000E+00,    1.4642265525E+01,    1.4642265525E+01,    0.0000000000E+00,    0.0000000000E+00,    0.0000000000E+00,    1.4642265525E+01
     36200,      0.676919,CP11_after_MPI,   1,    0.0000000000E+00,    1.4642265525E+01,    1.4642265525E+01,    0.0000000000E+00,    0.0000000000E+00,    0.0000000000E+00,    1.4642265525E+01
     36200,      0.676919,CP12_end,   1,    0.0000000000E+00,    1.4642265525E+01,    1.4642265525E+01,    0.0000000000E+00,    0.0000000000E+00,    0.0000000000E+00,    1.4642265525E+01
     36250,      0.676919,CP0_start,   1,    0.0000000000E+00,    1.4680046720E+01,    1.4680046720E+01,    0.0000000000E+00,    0.0000000000E+00,    0.0000000000E+00,    1.4680046720E+01
     36250,      0.676919,CP1_after_deposition,   1,    0.0000000000E+00,    1.4680046720E+01,    1.4680046720E+01,    0.0000000000E+00,    0.0000000000E+00,    0.0000000000E+00,    1.4680046720E+01
     36250,      0.676919,CP2_after_erosion,   1,    0.0000000000E+00,    1.4680046720E+01,    1.4680046720E+01,    0.0000000000E+00,    0.0000000000E+00,    0.0000000000E+00,    1.4680046720E+01
     36250,      0.676919,CP3_after_update_bottom,   1,    0.0000000000E+00,    1.4680046720E+01,    1.4680046720E+01,    0.0000000000E+00,    0.0000000000E+00,    0.0000000000E+00,    1.4680046720E+01
     36250,      0.676919,CP4_after_advection,   1,    0.0000000000E+00,    1.4681099700E+01,    1.4681099700E+01,    0.0000000000E+00,    0.0000000000E+00,    0.0000000000E+00,    1.4681099700E+01
     36250,      0.676919,CP5_after_vdif,   1,    0.0000000000E+00,    1.4681099700E+01,    1.4681099700E+01,    0.0000000000E+00,    0.0000000000E+00,    0.0000000000E+00,    1.4681099700E+01
     36250,      0.676919,CP6_after_kinetics,   1,    0.0000000000E+00,    1.4681099700E+01,    1.4681099700E+01,    0.0000000000E+00,    0.0000000000E+00,    0.0000000000E+00,    1.4681099700E+01
     36250,      0.676919,CP7_after_upper_clamp,   1,    0.0000000000E+00,    1.4681099700E+01,    1.4681099700E+01,    0.0000000000E+00,    0.0000000000E+00,    0.0000000000E+00,    1.4681099700E+01
     36250,      0.676919,CP8_after_OBC,   1,    0.0000000000E+00,    1.4681099700E+01,    1.4681099700E+01,    0.0000000000E+00,    0.0000000000E+00,    0.0000000000E+00,    1.4681099700E+01
     36250,      0.676919,CP9_after_PTsource,   1,    0.0000000000E+00,    1.4681099700E+01,    1.4681099700E+01,    0.0000000000E+00,    0.0000000000E+00,    0.0000000000E+00,    1.4681099700E+01
     36250,      0.676919,CP10_after_neg_clamp,   1,    0.0000000000E+00,    1.4681099700E+01,    1.4681099700E+01,    0.0000000000E+00,    0.0000000000E+00,    0.0000000000E+00,    1.4681099700E+01
     36250,      0.676919,CP11_after_MPI,   1,    0.0000000000E+00,    1.4681099700E+01,    1.4681099700E+01,    0.0000000000E+00,    0.0000000000E+00,    0.0000000000E+00,    1.4681099700E+01
     36250,      0.676919,CP12_end,   1,    0.0000000000E+00,    1.4681099700E+01,    1.4681099700E+01,    0.0000000000E+00,    0.0000000000E+00,    0.0000000000E+00,    1.4681099700E+01
     36300,      0.676919,CP0_start,   1,    0.0000000000E+00,    1.4718966308E+01,    1.4718966308E+01,    0.0000000000E+00,    0.0000000000E+00,    0.0000000000E+00,    1.4718966308E+01
     36300,      0.676919,CP1_after_deposition,   1,    0.0000000000E+00,    1.4718966308E+01,    1.4718966308E+01,    0.0000000000E+00,    0.0000000000E+00,    0.0000000000E+00,    1.4718966308E+01
     36300,      0.676919,CP2_after_erosion,   1,    0.0000000000E+00,    1.4718966308E+01,    1.4718966308E+01,    0.0000000000E+00,    0.0000000000E+00,    0.0000000000E+00,    1.4718966308E+01
     36300,      0.676919,CP3_after_update_bottom,   1,    0.0000000000E+00,    1.4718966308E+01,    1.4718966308E+01,    0.0000000000E+00,    0.0000000000E+00,    0.0000000000E+00,    1.4718966308E+01
     36300,      0.676919,CP4_after_advection,   1,    0.0000000000E+00,    1.4720021020E+01,    1.4720021020E+01,    0.0000000000E+00,    0.0000000000E+00,    0.0000000000E+00,    1.4720021020E+01
     36300,      0.676919,CP5_after_vdif,   1,    0.0000000000E+00,    1.4720021020E+01,    1.4720021020E+01,    0.0000000000E+00,    0.0000000000E+00,    0.0000000000E+00,    1.4720021020E+01
     36300,      0.676919,CP6_after_kinetics,   1,    0.0000000000E+00,    1.4720021020E+01,    1.4720021020E+01,    0.0000000000E+00,    0.0000000000E+00,    0.0000000000E+00,    1.4720021020E+01
     36300,      0.676919,CP7_after_upper_clamp,   1,    0.0000000000E+00,    1.4720021020E+01,    1.4720021020E+01,    0.0000000000E+00,    0.0000000000E+00,    0.0000000000E+00,    1.4720021020E+01
     36300,      0.676919,CP8_after_OBC,   1,    0.0000000000E+00,    1.4720021020E+01,    1.4720021020E+01,    0.0000000000E+00,    0.0000000000E+00,    0.0000000000E+00,    1.4720021020E+01
     36300,      0.676919,CP9_after_PTsource,   1,    0.0000000000E+00,    1.4720021020E+01,    1.4720021020E+01,    0.0000000000E+00,    0.0000000000E+00,    0.0000000000E+00,    1.4720021020E+01
     36300,      0.676919,CP10_after_neg_clamp,   1,    0.0000000000E+00,    1.4720021020E+01,    1.4720021020E+01,    0.0000000000E+00,    0.0000000000E+00,    0.0000000000E+00,    1.4720021020E+01
     36300,      0.676919,CP11_after_MPI,   1,    0.0000000000E+00,    1.4720021020E+01,    1.4720021020E+01,    0.0000000000E+00,    0.0000000000E+00,    0.0000000000E+00,    1.4720021020E+01
     36300,      0.676919,CP12_end,   1,    0.0000000000E+00,    1.4720021020E+01,    1.4720021020E+01,    0.0000000000E+00,    0.0000000000E+00,    0.0000000000E+00,    1.4720021020E+01
     36350,      0.676919,CP0_start,   1,    0.0000000000E+00,    1.4758045669E+01,    1.4758045669E+01,    0.0000000000E+00,    0.0000000000E+00,    0.0000000000E+00,    1.4758045669E+01
     36350,      0.676919,CP1_after_deposition,   1,    0.0000000000E+00,    1.4758045669E+01,    1.4758045669E+01,    0.0000000000E+00,    0.0000000000E+00,    0.0000000000E+00,    1.4758045669E+01
     36350,      0.676919,CP2_after_erosion,   1,    0.0000000000E+00,    1.4758045669E+01,    1.4758045669E+01,    0.0000000000E+00,    0.0000000000E+00,    0.0000000000E+00,    1.4758045669E+01
     36350,      0.676919,CP3_after_update_bottom,   1,    0.0000000000E+00,    1.4758045669E+01,    1.4758045669E+01,    0.0000000000E+00,    0.0000000000E+00,    0.0000000000E+00,    1.4758045669E+01
     36350,      0.676919,CP4_after_advection,   1,    0.0000000000E+00,    1.4759101861E+01,    1.4759101861E+01,    0.0000000000E+00,    0.0000000000E+00,    0.0000000000E+00,    1.4759101861E+01
     36350,      0.676919,CP5_after_vdif,   1,    0.0000000000E+00,    1.4759101861E+01,    1.4759101861E+01,    0.0000000000E+00,    0.0000000000E+00,    0.0000000000E+00,    1.4759101861E+01
     36350,      0.676919,CP6_after_kinetics,   1,    0.0000000000E+00,    1.4759101861E+01,    1.4759101861E+01,    0.0000000000E+00,    0.0000000000E+00,    0.0000000000E+00,    1.4759101861E+01
     36350,      0.676919,CP7_after_upper_clamp,   1,    0.0000000000E+00,    1.4759101861E+01,    1.4759101861E+01,    0.0000000000E+00,    0.0000000000E+00,    0.0000000000E+00,    1.4759101861E+01
     36350,      0.676919,CP8_after_OBC,   1,    0.0000000000E+00,    1.4759101861E+01,    1.4759101861E+01,    0.0000000000E+00,    0.0000000000E+00,    0.0000000000E+00,    1.4759101861E+01
     36350,      0.676919,CP9_after_PTsource,   1,    0.0000000000E+00,    1.4759101861E+01,    1.4759101861E+01,    0.0000000000E+00,    0.0000000000E+00,    0.0000000000E+00,    1.4759101861E+01
     36350,      0.676919,CP10_after_neg_clamp,   1,    0.0000000000E+00,    1.4759101861E+01,    1.4759101861E+01,    0.0000000000E+00,    0.0000000000E+00,    0.0000000000E+00,    1.4759101861E+01
     36350,      0.676919,CP11_after_MPI,   1,    0.0000000000E+00,    1.4759101861E+01,    1.4759101861E+01,    0.0000000000E+00,    0.0000000000E+00,    0.0000000000E+00,    1.4759101861E+01
     36350,      0.676919,CP12_end,   1,    0.0000000000E+00,    1.4759101861E+01,    1.4759101861E+01,    0.0000000000E+00,    0.0000000000E+00,    0.0000000000E+00,    1.4759101861E+01
     36400,      0.676919,CP0_start,   1,    0.0000000000E+00,    1.4797327449E+01,    1.4797327449E+01,    0.0000000000E+00,    0.0000000000E+00,    0.0000000000E+00,    1.4797327449E+01
     36400,      0.676919,CP1_after_deposition,   1,    0.0000000000E+00,    1.4797327449E+01,    1.4797327449E+01,    0.0000000000E+00,    0.0000000000E+00,    0.0000000000E+00,    1.4797327449E+01
     36400,      0.676919,CP2_after_erosion,   1,    0.0000000000E+00,    1.4797327449E+01,    1.4797327449E+01,    0.0000000000E+00,    0.0000000000E+00,    0.0000000000E+00,    1.4797327449E+01
     36400,      0.676919,CP3_after_update_bottom,   1,    0.0000000000E+00,    1.4797327449E+01,    1.4797327449E+01,    0.0000000000E+00,    0.0000000000E+00,    0.0000000000E+00,    1.4797327449E+01
     36400,      0.676919,CP4_after_advection,   1,    0.0000000000E+00,    1.4798387762E+01,    1.4798387762E+01,    0.0000000000E+00,    0.0000000000E+00,    0.0000000000E+00,    1.4798387762E+01
     36400,      0.676919,CP5_after_vdif,   1,    0.0000000000E+00,    1.4798387762E+01,    1.4798387762E+01,    0.0000000000E+00,    0.0000000000E+00,    0.0000000000E+00,    1.4798387762E+01
     36400,      0.676919,CP6_after_kinetics,   1,    0.0000000000E+00,    1.4798387762E+01,    1.4798387762E+01,    0.0000000000E+00,    0.0000000000E+00,    0.0000000000E+00,    1.4798387762E+01
     36400,      0.676919,CP7_after_upper_clamp,   1,    0.0000000000E+00,    1.4798387762E+01,    1.4798387762E+01,    0.0000000000E+00,    0.0000000000E+00,    0.0000000000E+00,    1.4798387762E+01
     36400,      0.676919,CP8_after_OBC,   1,    0.0000000000E+00,    1.4798387762E+01,    1.4798387762E+01,    0.0000000000E+00,    0.0000000000E+00,    0.0000000000E+00,    1.4798387762E+01
     36400,      0.676919,CP9_after_PTsource,   1,    0.0000000000E+00,    1.4798387762E+01,    1.4798387762E+01,    0.0000000000E+00,    0.0000000000E+00,    0.0000000000E+00,    1.4798387762E+01
     36400,      0.676919,CP10_after_neg_clamp,   1,    0.0000000000E+00,    1.4798387762E+01,    1.4798387762E+01,    0.0000000000E+00,    0.0000000000E+00,    0.0000000000E+00,    1.4798387762E+01
     36400,      0.676919,CP11_after_MPI,   1,    0.0000000000E+00,    1.4798387762E+01,    1.4798387762E+01,    0.0000000000E+00,    0.0000000000E+00,    0.0000000000E+00,    1.4798387762E+01
     36400,      0.676919,CP12_end,   1,    0.0000000000E+00,    1.4798387762E+01,    1.4798387762E+01,    0.0000000000E+00,    0.0000000000E+00,    0.0000000000E+00,    1.4798387762E+01
     36450,      0.676919,CP0_start,   1,    0.0000000000E+00,    1.4836843122E+01,    1.4836843122E+01,    0.0000000000E+00,    0.0000000000E+00,    0.0000000000E+00,    1.4836843122E+01
     36450,      0.676919,CP1_after_deposition,   1,    0.0000000000E+00,    1.4836843122E+01,    1.4836843122E+01,    0.0000000000E+00,    0.0000000000E+00,    0.0000000000E+00,    1.4836843122E+01
     36450,      0.676919,CP2_after_erosion,   1,    0.0000000000E+00,    1.4836843122E+01,    1.4836843122E+01,    0.0000000000E+00,    0.0000000000E+00,    0.0000000000E+00,    1.4836843122E+01
     36450,      0.676919,CP3_after_update_bottom,   1,    0.0000000000E+00,    1.4836843122E+01,    1.4836843122E+01,    0.0000000000E+00,    0.0000000000E+00,    0.0000000000E+00,    1.4836843122E+01
     36450,      0.676919,CP4_after_advection,   1,    0.0000000000E+00,    1.4837907476E+01,    1.4837907476E+01,    0.0000000000E+00,    0.0000000000E+00,    0.0000000000E+00,    1.4837907476E+01
     36450,      0.676919,CP5_after_vdif,   1,    0.0000000000E+00,    1.4837907476E+01,    1.4837907476E+01,    0.0000000000E+00,    0.0000000000E+00,    0.0000000000E+00,    1.4837907476E+01
     36450,      0.676919,CP6_after_kinetics,   1,    0.0000000000E+00,    1.4837907476E+01,    1.4837907476E+01,    0.0000000000E+00,    0.0000000000E+00,    0.0000000000E+00,    1.4837907476E+01
     36450,      0.676919,CP7_after_upper_clamp,   1,    0.0000000000E+00,    1.4837907476E+01,    1.4837907476E+01,    0.0000000000E+00,    0.0000000000E+00,    0.0000000000E+00,    1.4837907476E+01
     36450,      0.676919,CP8_after_OBC,   1,    0.0000000000E+00,    1.4837907476E+01,    1.4837907476E+01,    0.0000000000E+00,    0.0000000000E+00,    0.0000000000E+00,    1.4837907476E+01
     36450,      0.676919,CP9_after_PTsource,   1,    0.0000000000E+00,    1.4837907476E+01,    1.4837907476E+01,    0.0000000000E+00,    0.0000000000E+00,    0.0000000000E+00,    1.4837907476E+01
     36450,      0.676919,CP10_after_neg_clamp,   1,    0.0000000000E+00,    1.4837907476E+01,    1.4837907476E+01,    0.0000000000E+00,    0.0000000000E+00,    0.0000000000E+00,    1.4837907476E+01
     36450,      0.676919,CP11_after_MPI,   1,    0.0000000000E+00,    1.4837907476E+01,    1.4837907476E+01,    0.0000000000E+00,    0.0000000000E+00,    0.0000000000E+00,    1.4837907476E+01
     36450,      0.676919,CP12_end,   1,    0.0000000000E+00,    1.4837907476E+01,    1.4837907476E+01,    0.0000000000E+00,    0.0000000000E+00,    0.0000000000E+00,    1.4837907476E+01
     36500,      0.676920,CP0_start,   1,    0.0000000000E+00,    1.4876623263E+01,    1.4876623263E+01,    0.0000000000E+00,    0.0000000000E+00,    0.0000000000E+00,    1.4876623263E+01
     36500,      0.676920,CP1_after_deposition,   1,    0.0000000000E+00,    1.4876623263E+01,    1.4876623263E+01,    0.0000000000E+00,    0.0000000000E+00,    0.0000000000E+00,    1.4876623263E+01
     36500,      0.676920,CP2_after_erosion,   1,    0.0000000000E+00,    1.4876623263E+01,    1.4876623263E+01,    0.0000000000E+00,    0.0000000000E+00,    0.0000000000E+00,    1.4876623263E+01
     36500,      0.676920,CP3_after_update_bottom,   1,    0.0000000000E+00,    1.4876623263E+01,    1.4876623263E+01,    0.0000000000E+00,    0.0000000000E+00,    0.0000000000E+00,    1.4876623263E+01
     36500,      0.676920,CP4_after_advection,   1,    0.0000000000E+00,    1.4877691738E+01,    1.4877691738E+01,    0.0000000000E+00,    0.0000000000E+00,    0.0000000000E+00,    1.4877691738E+01
     36500,      0.676920,CP5_after_vdif,   1,    0.0000000000E+00,    1.4877691738E+01,    1.4877691738E+01,    0.0000000000E+00,    0.0000000000E+00,    0.0000000000E+00,    1.4877691738E+01
     36500,      0.676920,CP6_after_kinetics,   1,    0.0000000000E+00,    1.4877691738E+01,    1.4877691738E+01,    0.0000000000E+00,    0.0000000000E+00,    0.0000000000E+00,    1.4877691738E+01
     36500,      0.676920,CP7_after_upper_clamp,   1,    0.0000000000E+00,    1.4877691738E+01,    1.4877691738E+01,    0.0000000000E+00,    0.0000000000E+00,    0.0000000000E+00,    1.4877691738E+01
     36500,      0.676920,CP8_after_OBC,   1,    0.0000000000E+00,    1.4877691738E+01,    1.4877691738E+01,    0.0000000000E+00,    0.0000000000E+00,    0.0000000000E+00,    1.4877691738E+01
     36500,      0.676920,CP9_after_PTsource,   1,    0.0000000000E+00,    1.4877691738E+01,    1.4877691738E+01,    0.0000000000E+00,    0.0000000000E+00,    0.0000000000E+00,    1.4877691738E+01
     36500,      0.676920,CP10_after_neg_clamp,   1,    0.0000000000E+00,    1.4877691738E+01,    1.4877691738E+01,    0.0000000000E+00,    0.0000000000E+00,    0.0000000000E+00,    1.4877691738E+01
     36500,      0.676920,CP11_after_MPI,   1,    0.0000000000E+00,    1.4877691738E+01,    1.4877691738E+01,    0.0000000000E+00,    0.0000000000E+00,    0.0000000000E+00,    1.4877691738E+01
     36500,      0.676920,CP12_end,   1,    0.0000000000E+00,    1.4877691738E+01,    1.4877691738E+01,    0.0000000000E+00,    0.0000000000E+00,    0.0000000000E+00,    1.4877691738E+01
     36550,      0.676920,CP0_start,   1,    0.0000000000E+00,    1.4916661240E+01,    1.4916661240E+01,    0.0000000000E+00,    0.0000000000E+00,    0.0000000000E+00,    1.4916661240E+01
     36550,      0.676920,CP1_after_deposition,   1,    0.0000000000E+00,    1.4916661240E+01,    1.4916661240E+01,    0.0000000000E+00,    0.0000000000E+00,    0.0000000000E+00,    1.4916661240E+01
     36550,      0.676920,CP2_after_erosion,   1,    0.0000000000E+00,    1.4916661240E+01,    1.4916661240E+01,    0.0000000000E+00,    0.0000000000E+00,    0.0000000000E+00,    1.4916661240E+01
     36550,      0.676920,CP3_after_update_bottom,   1,    0.0000000000E+00,    1.4916661240E+01,    1.4916661240E+01,    0.0000000000E+00,    0.0000000000E+00,    0.0000000000E+00,    1.4916661240E+01
     36550,      0.676920,CP4_after_advection,   1,    0.0000000000E+00,    1.4917733326E+01,    1.4917733326E+01,    0.0000000000E+00,    0.0000000000E+00,    0.0000000000E+00,    1.4917733326E+01
     36550,      0.676920,CP5_after_vdif,   1,    0.0000000000E+00,    1.4917733326E+01,    1.4917733326E+01,    0.0000000000E+00,    0.0000000000E+00,    0.0000000000E+00,    1.4917733326E+01
     36550,      0.676920,CP6_after_kinetics,   1,    0.0000000000E+00,    1.4917733326E+01,    1.4917733326E+01,    0.0000000000E+00,    0.0000000000E+00,    0.0000000000E+00,    1.4917733326E+01
     36550,      0.676920,CP7_after_upper_clamp,   1,    0.0000000000E+00,    1.4917733326E+01,    1.4917733326E+01,    0.0000000000E+00,    0.0000000000E+00,    0.0000000000E+00,    1.4917733326E+01
     36550,      0.676920,CP8_after_OBC,   1,    0.0000000000E+00,    1.4917733326E+01,    1.4917733326E+01,    0.0000000000E+00,    0.0000000000E+00,    0.0000000000E+00,    1.4917733326E+01
     36550,      0.676920,CP9_after_PTsource,   1,    0.0000000000E+00,    1.4917733326E+01,    1.4917733326E+01,    0.0000000000E+00,    0.0000000000E+00,    0.0000000000E+00,    1.4917733326E+01
     36550,      0.676920,CP10_after_neg_clamp,   1,    0.0000000000E+00,    1.4917733326E+01,    1.4917733326E+01,    0.0000000000E+00,    0.0000000000E+00,    0.0000000000E+00,    1.4917733326E+01
     36550,      0.676920,CP11_after_MPI,   1,    0.0000000000E+00,    1.4917733326E+01,    1.4917733326E+01,    0.0000000000E+00,    0.0000000000E+00,    0.0000000000E+00,    1.4917733326E+01
     36550,      0.676920,CP12_end,   1,    0.0000000000E+00,    1.4917733326E+01,    1.4917733326E+01,    0.0000000000E+00,    0.0000000000E+00,    0.0000000000E+00,    1.4917733326E+01
     36600,      0.676920,CP0_start,   1,    0.0000000000E+00,    1.4956952503E+01,    1.4956952503E+01,    0.0000000000E+00,    0.0000000000E+00,    0.0000000000E+00,    1.4956952503E+01
     36600,      0.676920,CP1_after_deposition,   1,    0.0000000000E+00,    1.4956952503E+01,    1.4956952503E+01,    0.0000000000E+00,    0.0000000000E+00,    0.0000000000E+00,    1.4956952503E+01
     36600,      0.676920,CP2_after_erosion,   1,    0.0000000000E+00,    1.4956952503E+01,    1.4956952503E+01,    0.0000000000E+00,    0.0000000000E+00,    0.0000000000E+00,    1.4956952503E+01
     36600,      0.676920,CP3_after_update_bottom,   1,    0.0000000000E+00,    1.4956952503E+01,    1.4956952503E+01,    0.0000000000E+00,    0.0000000000E+00,    0.0000000000E+00,    1.4956952503E+01
     36600,      0.676920,CP4_after_advection,   1,    0.0000000000E+00,    1.4958028077E+01,    1.4958028077E+01,    0.0000000000E+00,    0.0000000000E+00,    0.0000000000E+00,    1.4958028077E+01
     36600,      0.676920,CP5_after_vdif,   1,    0.0000000000E+00,    1.4958028077E+01,    1.4958028077E+01,    0.0000000000E+00,    0.0000000000E+00,    0.0000000000E+00,    1.4958028077E+01
     36600,      0.676920,CP6_after_kinetics,   1,    0.0000000000E+00,    1.4958028077E+01,    1.4958028077E+01,    0.0000000000E+00,    0.0000000000E+00,    0.0000000000E+00,    1.4958028077E+01
     36600,      0.676920,CP7_after_upper_clamp,   1,    0.0000000000E+00,    1.4958028077E+01,    1.4958028077E+01,    0.0000000000E+00,    0.0000000000E+00,    0.0000000000E+00,    1.4958028077E+01
     36600,      0.676920,CP8_after_OBC,   1,    0.0000000000E+00,    1.4958028077E+01,    1.4958028077E+01,    0.0000000000E+00,    0.0000000000E+00,    0.0000000000E+00,    1.4958028077E+01
     36600,      0.676920,CP9_after_PTsource,   1,    0.0000000000E+00,    1.4958028077E+01,    1.4958028077E+01,    0.0000000000E+00,    0.0000000000E+00,    0.0000000000E+00,    1.4958028077E+01
     36600,      0.676920,CP10_after_neg_clamp,   1,    0.0000000000E+00,    1.4958028077E+01,    1.4958028077E+01,    0.0000000000E+00,    0.0000000000E+00,    0.0000000000E+00,    1.4958028077E+01
     36600,      0.676920,CP11_after_MPI,   1,    0.0000000000E+00,    1.4958028077E+01,    1.4958028077E+01,    0.0000000000E+00,    0.0000000000E+00,    0.0000000000E+00,    1.4958028077E+01
     36600,      0.676920,CP12_end,   1,    0.0000000000E+00,    1.4958028077E+01,    1.4958028077E+01,    0.0000000000E+00,    0.0000000000E+00,    0.0000000000E+00,    1.4958028077E+01
     36650,      0.676920,CP0_start,   1,    0.0000000000E+00,    1.4997496206E+01,    1.4997496206E+01,    0.0000000000E+00,    0.0000000000E+00,    0.0000000000E+00,    1.4997496206E+01
     36650,      0.676920,CP1_after_deposition,   1,    0.0000000000E+00,    1.4997496206E+01,    1.4997496206E+01,    0.0000000000E+00,    0.0000000000E+00,    0.0000000000E+00,    1.4997496206E+01
     36650,      0.676920,CP2_after_erosion,   1,    0.0000000000E+00,    1.4997496206E+01,    1.4997496206E+01,    0.0000000000E+00,    0.0000000000E+00,    0.0000000000E+00,    1.4997496206E+01
     36650,      0.676920,CP3_after_update_bottom,   1,    0.0000000000E+00,    1.4997496206E+01,    1.4997496206E+01,    0.0000000000E+00,    0.0000000000E+00,    0.0000000000E+00,    1.4997496206E+01
     36650,      0.676920,CP4_after_advection,   1,    0.0000000000E+00,    1.4998576181E+01,    1.4998576181E+01,    0.0000000000E+00,    0.0000000000E+00,    0.0000000000E+00,    1.4998576181E+01
     36650,      0.676920,CP5_after_vdif,   1,    0.0000000000E+00,    1.4998576181E+01,    1.4998576181E+01,    0.0000000000E+00,    0.0000000000E+00,    0.0000000000E+00,    1.4998576181E+01
     36650,      0.676920,CP6_after_kinetics,   1,    0.0000000000E+00,    1.4998576181E+01,    1.4998576181E+01,    0.0000000000E+00,    0.0000000000E+00,    0.0000000000E+00,    1.4998576181E+01
     36650,      0.676920,CP7_after_upper_clamp,   1,    0.0000000000E+00,    1.4998576181E+01,    1.4998576181E+01,    0.0000000000E+00,    0.0000000000E+00,    0.0000000000E+00,    1.4998576181E+01
     36650,      0.676920,CP8_after_OBC,   1,    0.0000000000E+00,    1.4998576181E+01,    1.4998576181E+01,    0.0000000000E+00,    0.0000000000E+00,    0.0000000000E+00,    1.4998576181E+01
     36650,      0.676920,CP9_after_PTsource,   1,    0.0000000000E+00,    1.4998576181E+01,    1.4998576181E+01,    0.0000000000E+00,    0.0000000000E+00,    0.0000000000E+00,    1.4998576181E+01
     36650,      0.676920,CP10_after_neg_clamp,   1,    0.0000000000E+00,    1.4998576181E+01,    1.4998576181E+01,    0.0000000000E+00,    0.0000000000E+00,    0.0000000000E+00,    1.4998576181E+01
     36650,      0.676920,CP11_after_MPI,   1,    0.0000000000E+00,    1.4998576181E+01,    1.4998576181E+01,    0.0000000000E+00,    0.0000000000E+00,    0.0000000000E+00,    1.4998576181E+01
     36650,      0.676920,CP12_end,   1,    0.0000000000E+00,    1.4998576181E+01,    1.4998576181E+01,    0.0000000000E+00,    0.0000000000E+00,    0.0000000000E+00,    1.4998576181E+01
     36700,      0.676920,CP0_start,   1,    0.0000000000E+00,    1.5038291229E+01,    1.5038291229E+01,    0.0000000000E+00,    0.0000000000E+00,    0.0000000000E+00,    1.5038291229E+01
     36700,      0.676920,CP1_after_deposition,   1,    0.0000000000E+00,    1.5038291229E+01,    1.5038291229E+01,    0.0000000000E+00,    0.0000000000E+00,    0.0000000000E+00,    1.5038291229E+01
     36700,      0.676920,CP2_after_erosion,   1,    0.0000000000E+00,    1.5038291229E+01,    1.5038291229E+01,    0.0000000000E+00,    0.0000000000E+00,    0.0000000000E+00,    1.5038291229E+01
     36700,      0.676920,CP3_after_update_bottom,   1,    0.0000000000E+00,    1.5038291229E+01,    1.5038291229E+01,    0.0000000000E+00,    0.0000000000E+00,    0.0000000000E+00,    1.5038291229E+01
     36700,      0.676920,CP4_after_advection,   1,    0.0000000000E+00,    1.5039374377E+01,    1.5039374377E+01,    0.0000000000E+00,    0.0000000000E+00,    0.0000000000E+00,    1.5039374377E+01
     36700,      0.676920,CP5_after_vdif,   1,    0.0000000000E+00,    1.5039374377E+01,    1.5039374377E+01,    0.0000000000E+00,    0.0000000000E+00,    0.0000000000E+00,    1.5039374377E+01
     36700,      0.676920,CP6_after_kinetics,   1,    0.0000000000E+00,    1.5039374377E+01,    1.5039374377E+01,    0.0000000000E+00,    0.0000000000E+00,    0.0000000000E+00,    1.5039374377E+01
     36700,      0.676920,CP7_after_upper_clamp,   1,    0.0000000000E+00,    1.5039374377E+01,    1.5039374377E+01,    0.0000000000E+00,    0.0000000000E+00,    0.0000000000E+00,    1.5039374377E+01
     36700,      0.676920,CP8_after_OBC,   1,    0.0000000000E+00,    1.5039374377E+01,    1.5039374377E+01,    0.0000000000E+00,    0.0000000000E+00,    0.0000000000E+00,    1.5039374377E+01
     36700,      0.676920,CP9_after_PTsource,   1,    0.0000000000E+00,    1.5039374377E+01,    1.5039374377E+01,    0.0000000000E+00,    0.0000000000E+00,    0.0000000000E+00,    1.5039374377E+01
     36700,      0.676920,CP10_after_neg_clamp,   1,    0.0000000000E+00,    1.5039374377E+01,    1.5039374377E+01,    0.0000000000E+00,    0.0000000000E+00,    0.0000000000E+00,    1.5039374377E+01
     36700,      0.676920,CP11_after_MPI,   1,    0.0000000000E+00,    1.5039374377E+01,    1.5039374377E+01,    0.0000000000E+00,    0.0000000000E+00,    0.0000000000E+00,    1.5039374377E+01
     36700,      0.676920,CP12_end,   1,    0.0000000000E+00,    1.5039374377E+01,    1.5039374377E+01,    0.0000000000E+00,    0.0000000000E+00,    0.0000000000E+00,    1.5039374377E+01
     36750,      0.676920,CP0_start,   1,    0.0000000000E+00,    1.5079325554E+01,    1.5079325554E+01,    0.0000000000E+00,    0.0000000000E+00,    0.0000000000E+00,    1.5079325554E+01
     36750,      0.676920,CP1_after_deposition,   1,    0.0000000000E+00,    1.5079325554E+01,    1.5079325554E+01,    0.0000000000E+00,    0.0000000000E+00,    0.0000000000E+00,    1.5079325554E+01
     36750,      0.676920,CP2_after_erosion,   1,    0.0000000000E+00,    1.5079325554E+01,    1.5079325554E+01,    0.0000000000E+00,    0.0000000000E+00,    0.0000000000E+00,    1.5079325554E+01
     36750,      0.676920,CP3_after_update_bottom,   1,    0.0000000000E+00,    1.5079325554E+01,    1.5079325554E+01,    0.0000000000E+00,    0.0000000000E+00,    0.0000000000E+00,    1.5079325554E+01
     36750,      0.676920,CP4_after_advection,   1,    0.0000000000E+00,    1.5080412227E+01,    1.5080412227E+01,    0.0000000000E+00,    0.0000000000E+00,    0.0000000000E+00,    1.5080412227E+01
     36750,      0.676920,CP5_after_vdif,   1,    0.0000000000E+00,    1.5080412227E+01,    1.5080412227E+01,    0.0000000000E+00,    0.0000000000E+00,    0.0000000000E+00,    1.5080412227E+01
     36750,      0.676920,CP6_after_kinetics,   1,    0.0000000000E+00,    1.5080412227E+01,    1.5080412227E+01,    0.0000000000E+00,    0.0000000000E+00,    0.0000000000E+00,    1.5080412227E+01
     36750,      0.676920,CP7_after_upper_clamp,   1,    0.0000000000E+00,    1.5080412227E+01,    1.5080412227E+01,    0.0000000000E+00,    0.0000000000E+00,    0.0000000000E+00,    1.5080412227E+01
     36750,      0.676920,CP8_after_OBC,   1,    0.0000000000E+00,    1.5080412227E+01,    1.5080412227E+01,    0.0000000000E+00,    0.0000000000E+00,    0.0000000000E+00,    1.5080412227E+01
     36750,      0.676920,CP9_after_PTsource,   1,    0.0000000000E+00,    1.5080412227E+01,    1.5080412227E+01,    0.0000000000E+00,    0.0000000000E+00,    0.0000000000E+00,    1.5080412227E+01
     36750,      0.676920,CP10_after_neg_clamp,   1,    0.0000000000E+00,    1.5080412227E+01,    1.5080412227E+01,    0.0000000000E+00,    0.0000000000E+00,    0.0000000000E+00,    1.5080412227E+01
     36750,      0.676920,CP11_after_MPI,   1,    0.0000000000E+00,    1.5080412227E+01,    1.5080412227E+01,    0.0000000000E+00,    0.0000000000E+00,    0.0000000000E+00,    1.5080412227E+01
     36750,      0.676920,CP12_end,   1,    0.0000000000E+00,    1.5080412227E+01,    1.5080412227E+01,    0.0000000000E+00,    0.0000000000E+00,    0.0000000000E+00,    1.5080412227E+01
     36800,      0.676920,CP0_start,   1,    0.0000000000E+00,    1.5120575724E+01,    1.5120575724E+01,    0.0000000000E+00,    0.0000000000E+00,    0.0000000000E+00,    1.5120575724E+01
     36800,      0.676920,CP1_after_deposition,   1,    0.0000000000E+00,    1.5120575724E+01,    1.5120575724E+01,    0.0000000000E+00,    0.0000000000E+00,    0.0000000000E+00,    1.5120575724E+01
     36800,      0.676920,CP2_after_erosion,   1,    0.0000000000E+00,    1.5120575724E+01,    1.5120575724E+01,    0.0000000000E+00,    0.0000000000E+00,    0.0000000000E+00,    1.5120575724E+01
     36800,      0.676920,CP3_after_update_bottom,   1,    0.0000000000E+00,    1.5120575724E+01,    1.5120575724E+01,    0.0000000000E+00,    0.0000000000E+00,    0.0000000000E+00,    1.5120575724E+01
     36800,      0.676920,CP4_after_advection,   1,    0.0000000000E+00,    1.5121665109E+01,    1.5121665109E+01,    0.0000000000E+00,    0.0000000000E+00,    0.0000000000E+00,    1.5121665109E+01
     36800,      0.676920,CP5_after_vdif,   1,    0.0000000000E+00,    1.5121665109E+01,    1.5121665109E+01,    0.0000000000E+00,    0.0000000000E+00,    0.0000000000E+00,    1.5121665109E+01
     36800,      0.676920,CP6_after_kinetics,   1,    0.0000000000E+00,    1.5121665109E+01,    1.5121665109E+01,    0.0000000000E+00,    0.0000000000E+00,    0.0000000000E+00,    1.5121665109E+01
     36800,      0.676920,CP7_after_upper_clamp,   1,    0.0000000000E+00,    1.5121665109E+01,    1.5121665109E+01,    0.0000000000E+00,    0.0000000000E+00,    0.0000000000E+00,    1.5121665109E+01
     36800,      0.676920,CP8_after_OBC,   1,    0.0000000000E+00,    1.5121665109E+01,    1.5121665109E+01,    0.0000000000E+00,    0.0000000000E+00,    0.0000000000E+00,    1.5121665109E+01
     36800,      0.676920,CP9_after_PTsource,   1,    0.0000000000E+00,    1.5121665109E+01,    1.5121665109E+01,    0.0000000000E+00,    0.0000000000E+00,    0.0000000000E+00,    1.5121665109E+01
     36800,      0.676920,CP10_after_neg_clamp,   1,    0.0000000000E+00,    1.5121665109E+01,    1.5121665109E+01,    0.0000000000E+00,    0.0000000000E+00,    0.0000000000E+00,    1.5121665109E+01
     36800,      0.676920,CP11_after_MPI,   1,    0.0000000000E+00,    1.5121665109E+01,    1.5121665109E+01,    0.0000000000E+00,    0.0000000000E+00,    0.0000000000E+00,    1.5121665109E+01
     36800,      0.676920,CP12_end,   1,    0.0000000000E+00,    1.5121665109E+01,    1.5121665109E+01,    0.0000000000E+00,    0.0000000000E+00,    0.0000000000E+00,    1.5121665109E+01
     36850,      0.676920,CP0_start,   1,    0.0000000000E+00,    1.5162034257E+01,    1.5162034257E+01,    0.0000000000E+00,    0.0000000000E+00,    0.0000000000E+00,    1.5162034257E+01
     36850,      0.676920,CP1_after_deposition,   1,    0.0000000000E+00,    1.5162034257E+01,    1.5162034257E+01,    0.0000000000E+00,    0.0000000000E+00,    0.0000000000E+00,    1.5162034257E+01
     36850,      0.676920,CP2_after_erosion,   1,    0.0000000000E+00,    1.5162034257E+01,    1.5162034257E+01,    0.0000000000E+00,    0.0000000000E+00,    0.0000000000E+00,    1.5162034257E+01
     36850,      0.676920,CP3_after_update_bottom,   1,    0.0000000000E+00,    1.5162034257E+01,    1.5162034257E+01,    0.0000000000E+00,    0.0000000000E+00,    0.0000000000E+00,    1.5162034257E+01
     36850,      0.676920,CP4_after_advection,   1,    0.0000000000E+00,    1.5163126584E+01,    1.5163126584E+01,    0.0000000000E+00,    0.0000000000E+00,    0.0000000000E+00,    1.5163126584E+01
     36850,      0.676920,CP5_after_vdif,   1,    0.0000000000E+00,    1.5163126584E+01,    1.5163126584E+01,    0.0000000000E+00,    0.0000000000E+00,    0.0000000000E+00,    1.5163126584E+01
     36850,      0.676920,CP6_after_kinetics,   1,    0.0000000000E+00,    1.5163126584E+01,    1.5163126584E+01,    0.0000000000E+00,    0.0000000000E+00,    0.0000000000E+00,    1.5163126584E+01
     36850,      0.676920,CP7_after_upper_clamp,   1,    0.0000000000E+00,    1.5163126584E+01,    1.5163126584E+01,    0.0000000000E+00,    0.0000000000E+00,    0.0000000000E+00,    1.5163126584E+01
     36850,      0.676920,CP8_after_OBC,   1,    0.0000000000E+00,    1.5163126584E+01,    1.5163126584E+01,    0.0000000000E+00,    0.0000000000E+00,    0.0000000000E+00,    1.5163126584E+01
     36850,      0.676920,CP9_after_PTsource,   1,    0.0000000000E+00,    1.5163126584E+01,    1.5163126584E+01,    0.0000000000E+00,    0.0000000000E+00,    0.0000000000E+00,    1.5163126584E+01
     36850,      0.676920,CP10_after_neg_clamp,   1,    0.0000000000E+00,    1.5163126584E+01,    1.5163126584E+01,    0.0000000000E+00,    0.0000000000E+00,    0.0000000000E+00,    1.5163126584E+01
     36850,      0.676920,CP11_after_MPI,   1,    0.0000000000E+00,    1.5163126584E+01,    1.5163126584E+01,    0.0000000000E+00,    0.0000000000E+00,    0.0000000000E+00,    1.5163126584E+01
     36850,      0.676920,CP12_end,   1,    0.0000000000E+00,    1.5163126584E+01,    1.5163126584E+01,    0.0000000000E+00,    0.0000000000E+00,    0.0000000000E+00,    1.5163126584E+01
     36900,      0.676920,CP0_start,   1,    0.0000000000E+00,    1.5203683963E+01,    1.5203683963E+01,    0.0000000000E+00,    0.0000000000E+00,    0.0000000000E+00,    1.5203683963E+01
     36900,      0.676920,CP1_after_deposition,   1,    0.0000000000E+00,    1.5203683963E+01,    1.5203683963E+01,    0.0000000000E+00,    0.0000000000E+00,    0.0000000000E+00,    1.5203683963E+01
     36900,      0.676920,CP2_after_erosion,   1,    0.0000000000E+00,    1.5203683963E+01,    1.5203683963E+01,    0.0000000000E+00,    0.0000000000E+00,    0.0000000000E+00,    1.5203683963E+01
     36900,      0.676920,CP3_after_update_bottom,   1,    0.0000000000E+00,    1.5203683963E+01,    1.5203683963E+01,    0.0000000000E+00,    0.0000000000E+00,    0.0000000000E+00,    1.5203683963E+01
     36900,      0.676920,CP4_after_advection,   1,    0.0000000000E+00,    1.5204779840E+01,    1.5204779840E+01,    0.0000000000E+00,    0.0000000000E+00,    0.0000000000E+00,    1.5204779840E+01
     36900,      0.676920,CP5_after_vdif,   1,    0.0000000000E+00,    1.5204779840E+01,    1.5204779840E+01,    0.0000000000E+00,    0.0000000000E+00,    0.0000000000E+00,    1.5204779840E+01
     36900,      0.676920,CP6_after_kinetics,   1,    0.0000000000E+00,    1.5204779840E+01,    1.5204779840E+01,    0.0000000000E+00,    0.0000000000E+00,    0.0000000000E+00,    1.5204779840E+01
     36900,      0.676920,CP7_after_upper_clamp,   1,    0.0000000000E+00,    1.5204779840E+01,    1.5204779840E+01,    0.0000000000E+00,    0.0000000000E+00,    0.0000000000E+00,    1.5204779840E+01
     36900,      0.676920,CP8_after_OBC,   1,    0.0000000000E+00,    1.5204779840E+01,    1.5204779840E+01,    0.0000000000E+00,    0.0000000000E+00,    0.0000000000E+00,    1.5204779840E+01
     36900,      0.676920,CP9_after_PTsource,   1,    0.0000000000E+00,    1.5204779840E+01,    1.5204779840E+01,    0.0000000000E+00,    0.0000000000E+00,    0.0000000000E+00,    1.5204779840E+01
     36900,      0.676920,CP10_after_neg_clamp,   1,    0.0000000000E+00,    1.5204779840E+01,    1.5204779840E+01,    0.0000000000E+00,    0.0000000000E+00,    0.0000000000E+00,    1.5204779840E+01
     36900,      0.676920,CP11_after_MPI,   1,    0.0000000000E+00,    1.5204779840E+01,    1.5204779840E+01,    0.0000000000E+00,    0.0000000000E+00,    0.0000000000E+00,    1.5204779840E+01
     36900,      0.676920,CP12_end,   1,    0.0000000000E+00,    1.5204779840E+01,    1.5204779840E+01,    0.0000000000E+00,    0.0000000000E+00,    0.0000000000E+00,    1.5204779840E+01
     36950,      0.676920,CP0_start,   1,    0.0000000000E+00,    1.5245223620E+01,    1.5245223620E+01,    0.0000000000E+00,    0.0000000000E+00,    0.0000000000E+00,    1.5245223620E+01
     36950,      0.676920,CP1_after_deposition,   1,    0.0000000000E+00,    1.5245223620E+01,    1.5245223620E+01,    0.0000000000E+00,    0.0000000000E+00,    0.0000000000E+00,    1.5245223620E+01
     36950,      0.676920,CP2_after_erosion,   1,    0.0000000000E+00,    1.5245223620E+01,    1.5245223620E+01,    0.0000000000E+00,    0.0000000000E+00,    0.0000000000E+00,    1.5245223620E+01
     36950,      0.676920,CP3_after_update_bottom,   1,    0.0000000000E+00,    1.5245223620E+01,    1.5245223620E+01,    0.0000000000E+00,    0.0000000000E+00,    0.0000000000E+00,    1.5245223620E+01
     36950,      0.676920,CP4_after_advection,   1,    0.0000000000E+00,    1.5246321105E+01,    1.5246321105E+01,    0.0000000000E+00,    0.0000000000E+00,    0.0000000000E+00,    1.5246321105E+01
     36950,      0.676920,CP5_after_vdif,   1,    0.0000000000E+00,    1.5246321105E+01,    1.5246321105E+01,    0.0000000000E+00,    0.0000000000E+00,    0.0000000000E+00,    1.5246321105E+01
     36950,      0.676920,CP6_after_kinetics,   1,    0.0000000000E+00,    1.5246321105E+01,    1.5246321105E+01,    0.0000000000E+00,    0.0000000000E+00,    0.0000000000E+00,    1.5246321105E+01
     36950,      0.676920,CP7_after_upper_clamp,   1,    0.0000000000E+00,    1.5246321105E+01,    1.5246321105E+01,    0.0000000000E+00,    0.0000000000E+00,    0.0000000000E+00,    1.5246321105E+01
     36950,      0.676920,CP8_after_OBC,   1,    0.0000000000E+00,    1.5246321105E+01,    1.5246321105E+01,    0.0000000000E+00,    0.0000000000E+00,    0.0000000000E+00,    1.5246321105E+01
     36950,      0.676920,CP9_after_PTsource,   1,    0.0000000000E+00,    1.5246321105E+01,    1.5246321105E+01,    0.0000000000E+00,    0.0000000000E+00,    0.0000000000E+00,    1.5246321105E+01
     36950,      0.676920,CP10_after_neg_clamp,   1,    0.0000000000E+00,    1.5246321105E+01,    1.5246321105E+01,    0.0000000000E+00,    0.0000000000E+00,    0.0000000000E+00,    1.5246321105E+01
     36950,      0.676920,CP11_after_MPI,   1,    0.0000000000E+00,    1.5246321105E+01,    1.5246321105E+01,    0.0000000000E+00,    0.0000000000E+00,    0.0000000000E+00,    1.5246321105E+01
     36950,      0.676920,CP12_end,   1,    0.0000000000E+00,    1.5246321105E+01,    1.5246321105E+01,    0.0000000000E+00,    0.0000000000E+00,    0.0000000000E+00,    1.5246321105E+01
     37000,      0.676920,CP0_start,   1,    0.0000000000E+00,    1.5286934585E+01,    1.5286934585E+01,    0.0000000000E+00,    0.0000000000E+00,    0.0000000000E+00,    1.5286934585E+01
     37000,      0.676920,CP1_after_deposition,   1,    0.0000000000E+00,    1.5286934585E+01,    1.5286934585E+01,    0.0000000000E+00,    0.0000000000E+00,    0.0000000000E+00,    1.5286934585E+01
     37000,      0.676920,CP2_after_erosion,   1,    0.0000000000E+00,    1.5286934585E+01,    1.5286934585E+01,    0.0000000000E+00,    0.0000000000E+00,    0.0000000000E+00,    1.5286934585E+01
     37000,      0.676920,CP3_after_update_bottom,   1,    0.0000000000E+00,    1.5286934585E+01,    1.5286934585E+01,    0.0000000000E+00,    0.0000000000E+00,    0.0000000000E+00,    1.5286934585E+01
     37000,      0.676920,CP4_after_advection,   1,    0.0000000000E+00,    1.5288035135E+01,    1.5288035135E+01,    0.0000000000E+00,    0.0000000000E+00,    0.0000000000E+00,    1.5288035135E+01
     37000,      0.676920,CP5_after_vdif,   1,    0.0000000000E+00,    1.5288035135E+01,    1.5288035135E+01,    0.0000000000E+00,    0.0000000000E+00,    0.0000000000E+00,    1.5288035135E+01
     37000,      0.676920,CP6_after_kinetics,   1,    0.0000000000E+00,    1.5288035135E+01,    1.5288035135E+01,    0.0000000000E+00,    0.0000000000E+00,    0.0000000000E+00,    1.5288035135E+01
     37000,      0.676920,CP7_after_upper_clamp,   1,    0.0000000000E+00,    1.5288035135E+01,    1.5288035135E+01,    0.0000000000E+00,    0.0000000000E+00,    0.0000000000E+00,    1.5288035135E+01
     37000,      0.676920,CP8_after_OBC,   1,    0.0000000000E+00,    1.5288035135E+01,    1.5288035135E+01,    0.0000000000E+00,    0.0000000000E+00,    0.0000000000E+00,    1.5288035135E+01
     37000,      0.676920,CP9_after_PTsource,   1,    0.0000000000E+00,    1.5288035135E+01,    1.5288035135E+01,    0.0000000000E+00,    0.0000000000E+00,    0.0000000000E+00,    1.5288035135E+01
     37000,      0.676920,CP10_after_neg_clamp,   1,    0.0000000000E+00,    1.5288035135E+01,    1.5288035135E+01,    0.0000000000E+00,    0.0000000000E+00,    0.0000000000E+00,    1.5288035135E+01
     37000,      0.676920,CP11_after_MPI,   1,    0.0000000000E+00,    1.5288035135E+01,    1.5288035135E+01,    0.0000000000E+00,    0.0000000000E+00,    0.0000000000E+00,    1.5288035135E+01
     37000,      0.676920,CP12_end,   1,    0.0000000000E+00,    1.5288035135E+01,    1.5288035135E+01,    0.0000000000E+00,    0.0000000000E+00,    0.0000000000E+00,    1.5288035135E+01
     37050,      0.676920,CP0_start,   1,    0.0000000000E+00,    1.5328795736E+01,    1.5328795736E+01,    0.0000000000E+00,    0.0000000000E+00,    0.0000000000E+00,    1.5328795736E+01
     37050,      0.676920,CP1_after_deposition,   1,    0.0000000000E+00,    1.5328795736E+01,    1.5328795736E+01,    0.0000000000E+00,    0.0000000000E+00,    0.0000000000E+00,    1.5328795736E+01
     37050,      0.676920,CP2_after_erosion,   1,    0.0000000000E+00,    1.5328795736E+01,    1.5328795736E+01,    0.0000000000E+00,    0.0000000000E+00,    0.0000000000E+00,    1.5328795736E+01
     37050,      0.676920,CP3_after_update_bottom,   1,    0.0000000000E+00,    1.5328795736E+01,    1.5328795736E+01,    0.0000000000E+00,    0.0000000000E+00,    0.0000000000E+00,    1.5328795736E+01
     37050,      0.676920,CP4_after_advection,   1,    0.0000000000E+00,    1.5329898339E+01,    1.5329898339E+01,    0.0000000000E+00,    0.0000000000E+00,    0.0000000000E+00,    1.5329898339E+01
     37050,      0.676920,CP5_after_vdif,   1,    0.0000000000E+00,    1.5329898339E+01,    1.5329898339E+01,    0.0000000000E+00,    0.0000000000E+00,    0.0000000000E+00,    1.5329898339E+01
     37050,      0.676920,CP6_after_kinetics,   1,    0.0000000000E+00,    1.5329898339E+01,    1.5329898339E+01,    0.0000000000E+00,    0.0000000000E+00,    0.0000000000E+00,    1.5329898339E+01
     37050,      0.676920,CP7_after_upper_clamp,   1,    0.0000000000E+00,    1.5329898339E+01,    1.5329898339E+01,    0.0000000000E+00,    0.0000000000E+00,    0.0000000000E+00,    1.5329898339E+01
     37050,      0.676920,CP8_after_OBC,   1,    0.0000000000E+00,    1.5329898339E+01,    1.5329898339E+01,    0.0000000000E+00,    0.0000000000E+00,    0.0000000000E+00,    1.5329898339E+01
     37050,      0.676920,CP9_after_PTsource,   1,    0.0000000000E+00,    1.5329898339E+01,    1.5329898339E+01,    0.0000000000E+00,    0.0000000000E+00,    0.0000000000E+00,    1.5329898339E+01
     37050,      0.676920,CP10_after_neg_clamp,   1,    0.0000000000E+00,    1.5329898339E+01,    1.5329898339E+01,    0.0000000000E+00,    0.0000000000E+00,    0.0000000000E+00,    1.5329898339E+01
     37050,      0.676920,CP11_after_MPI,   1,    0.0000000000E+00,    1.5329898339E+01,    1.5329898339E+01,    0.0000000000E+00,    0.0000000000E+00,    0.0000000000E+00,    1.5329898339E+01
     37050,      0.676920,CP12_end,   1,    0.0000000000E+00,    1.5329898339E+01,    1.5329898339E+01,    0.0000000000E+00,    0.0000000000E+00,    0.0000000000E+00,    1.5329898339E+01
     37100,      0.676920,CP0_start,   1,    0.0000000000E+00,    1.5370799899E+01,    1.5370799899E+01,    0.0000000000E+00,    0.0000000000E+00,    0.0000000000E+00,    1.5370799899E+01
     37100,      0.676920,CP1_after_deposition,   1,    0.0000000000E+00,    1.5370799899E+01,    1.5370799899E+01,    0.0000000000E+00,    0.0000000000E+00,    0.0000000000E+00,    1.5370799899E+01
     37100,      0.676920,CP2_after_erosion,   1,    0.0000000000E+00,    1.5370799899E+01,    1.5370799899E+01,    0.0000000000E+00,    0.0000000000E+00,    0.0000000000E+00,    1.5370799899E+01
     37100,      0.676920,CP3_after_update_bottom,   1,    0.0000000000E+00,    1.5370799899E+01,    1.5370799899E+01,    0.0000000000E+00,    0.0000000000E+00,    0.0000000000E+00,    1.5370799899E+01
     37100,      0.676920,CP4_after_advection,   1,    0.0000000000E+00,    1.5371904445E+01,    1.5371904445E+01,    0.0000000000E+00,    0.0000000000E+00,    0.0000000000E+00,    1.5371904445E+01
     37100,      0.676920,CP5_after_vdif,   1,    0.0000000000E+00,    1.5371904445E+01,    1.5371904445E+01,    0.0000000000E+00,    0.0000000000E+00,    0.0000000000E+00,    1.5371904445E+01
     37100,      0.676920,CP6_after_kinetics,   1,    0.0000000000E+00,    1.5371904445E+01,    1.5371904445E+01,    0.0000000000E+00,    0.0000000000E+00,    0.0000000000E+00,    1.5371904445E+01
     37100,      0.676920,CP7_after_upper_clamp,   1,    0.0000000000E+00,    1.5371904445E+01,    1.5371904445E+01,    0.0000000000E+00,    0.0000000000E+00,    0.0000000000E+00,    1.5371904445E+01
     37100,      0.676920,CP8_after_OBC,   1,    0.0000000000E+00,    1.5371904445E+01,    1.5371904445E+01,    0.0000000000E+00,    0.0000000000E+00,    0.0000000000E+00,    1.5371904445E+01
     37100,      0.676920,CP9_after_PTsource,   1,    0.0000000000E+00,    1.5371904445E+01,    1.5371904445E+01,    0.0000000000E+00,    0.0000000000E+00,    0.0000000000E+00,    1.5371904445E+01
     37100,      0.676920,CP10_after_neg_clamp,   1,    0.0000000000E+00,    1.5371904445E+01,    1.5371904445E+01,    0.0000000000E+00,    0.0000000000E+00,    0.0000000000E+00,    1.5371904445E+01
     37100,      0.676920,CP11_after_MPI,   1,    0.0000000000E+00,    1.5371904445E+01,    1.5371904445E+01,    0.0000000000E+00,    0.0000000000E+00,    0.0000000000E+00,    1.5371904445E+01
     37100,      0.676920,CP12_end,   1,    0.0000000000E+00,    1.5371904445E+01,    1.5371904445E+01,    0.0000000000E+00,    0.0000000000E+00,    0.0000000000E+00,    1.5371904445E+01
     37150,      0.676920,CP0_start,   1,    0.0000000000E+00,    1.5412949846E+01,    1.5412949846E+01,    0.0000000000E+00,    0.0000000000E+00,    0.0000000000E+00,    1.5412949846E+01
     37150,      0.676920,CP1_after_deposition,   1,    0.0000000000E+00,    1.5412949846E+01,    1.5412949846E+01,    0.0000000000E+00,    0.0000000000E+00,    0.0000000000E+00,    1.5412949846E+01
     37150,      0.676920,CP2_after_erosion,   1,    0.0000000000E+00,    1.5412949846E+01,    1.5412949846E+01,    0.0000000000E+00,    0.0000000000E+00,    0.0000000000E+00,    1.5412949846E+01
     37150,      0.676920,CP3_after_update_bottom,   1,    0.0000000000E+00,    1.5412949846E+01,    1.5412949846E+01,    0.0000000000E+00,    0.0000000000E+00,    0.0000000000E+00,    1.5412949846E+01
     37150,      0.676920,CP4_after_advection,   1,    0.0000000000E+00,    1.5414054912E+01,    1.5414054912E+01,    0.0000000000E+00,    0.0000000000E+00,    0.0000000000E+00,    1.5414054912E+01
     37150,      0.676920,CP5_after_vdif,   1,    0.0000000000E+00,    1.5414054912E+01,    1.5414054912E+01,    0.0000000000E+00,    0.0000000000E+00,    0.0000000000E+00,    1.5414054912E+01
     37150,      0.676920,CP6_after_kinetics,   1,    0.0000000000E+00,    1.5414054912E+01,    1.5414054912E+01,    0.0000000000E+00,    0.0000000000E+00,    0.0000000000E+00,    1.5414054912E+01
     37150,      0.676920,CP7_after_upper_clamp,   1,    0.0000000000E+00,    1.5414054912E+01,    1.5414054912E+01,    0.0000000000E+00,    0.0000000000E+00,    0.0000000000E+00,    1.5414054912E+01
     37150,      0.676920,CP8_after_OBC,   1,    0.0000000000E+00,    1.5414054912E+01,    1.5414054912E+01,    0.0000000000E+00,    0.0000000000E+00,    0.0000000000E+00,    1.5414054912E+01
     37150,      0.676920,CP9_after_PTsource,   1,    0.0000000000E+00,    1.5414054912E+01,    1.5414054912E+01,    0.0000000000E+00,    0.0000000000E+00,    0.0000000000E+00,    1.5414054912E+01
     37150,      0.676920,CP10_after_neg_clamp,   1,    0.0000000000E+00,    1.5414054912E+01,    1.5414054912E+01,    0.0000000000E+00,    0.0000000000E+00,    0.0000000000E+00,    1.5414054912E+01
     37150,      0.676920,CP11_after_MPI,   1,    0.0000000000E+00,    1.5414054912E+01,    1.5414054912E+01,    0.0000000000E+00,    0.0000000000E+00,    0.0000000000E+00,    1.5414054912E+01
     37150,      0.676920,CP12_end,   1,    0.0000000000E+00,    1.5414054912E+01,    1.5414054912E+01,    0.0000000000E+00,    0.0000000000E+00,    0.0000000000E+00,    1.5414054912E+01
     37200,      0.676920,CP0_start,   1,    0.0000000000E+00,    1.5455224786E+01,    1.5455224786E+01,    0.0000000000E+00,    0.0000000000E+00,    0.0000000000E+00,    1.5455224786E+01
     37200,      0.676920,CP1_after_deposition,   1,    0.0000000000E+00,    1.5455224786E+01,    1.5455224786E+01,    0.0000000000E+00,    0.0000000000E+00,    0.0000000000E+00,    1.5455224786E+01
     37200,      0.676920,CP2_after_erosion,   1,    0.0000000000E+00,    1.5455224786E+01,    1.5455224786E+01,    0.0000000000E+00,    0.0000000000E+00,    0.0000000000E+00,    1.5455224786E+01
     37200,      0.676920,CP3_after_update_bottom,   1,    0.0000000000E+00,    1.5455224786E+01,    1.5455224786E+01,    0.0000000000E+00,    0.0000000000E+00,    0.0000000000E+00,    1.5455224786E+01
     37200,      0.676920,CP4_after_advection,   1,    0.0000000000E+00,    1.5456329190E+01,    1.5456329190E+01,    0.0000000000E+00,    0.0000000000E+00,    0.0000000000E+00,    1.5456329190E+01
     37200,      0.676920,CP5_after_vdif,   1,    0.0000000000E+00,    1.5456329190E+01,    1.5456329190E+01,    0.0000000000E+00,    0.0000000000E+00,    0.0000000000E+00,    1.5456329190E+01
     37200,      0.676920,CP6_after_kinetics,   1,    0.0000000000E+00,    1.5456329190E+01,    1.5456329190E+01,    0.0000000000E+00,    0.0000000000E+00,    0.0000000000E+00,    1.5456329190E+01
     37200,      0.676920,CP7_after_upper_clamp,   1,    0.0000000000E+00,    1.5456329190E+01,    1.5456329190E+01,    0.0000000000E+00,    0.0000000000E+00,    0.0000000000E+00,    1.5456329190E+01
     37200,      0.676920,CP8_after_OBC,   1,    0.0000000000E+00,    1.5456329190E+01,    1.5456329190E+01,    0.0000000000E+00,    0.0000000000E+00,    0.0000000000E+00,    1.5456329190E+01
     37200,      0.676920,CP9_after_PTsource,   1,    0.0000000000E+00,    1.5456329190E+01,    1.5456329190E+01,    0.0000000000E+00,    0.0000000000E+00,    0.0000000000E+00,    1.5456329190E+01
     37200,      0.676920,CP10_after_neg_clamp,   1,    0.0000000000E+00,    1.5456329190E+01,    1.5456329190E+01,    0.0000000000E+00,    0.0000000000E+00,    0.0000000000E+00,    1.5456329190E+01
     37200,      0.676920,CP11_after_MPI,   1,    0.0000000000E+00,    1.5456329190E+01,    1.5456329190E+01,    0.0000000000E+00,    0.0000000000E+00,    0.0000000000E+00,    1.5456329190E+01
     37200,      0.676920,CP12_end,   1,    0.0000000000E+00,    1.5456329190E+01,    1.5456329190E+01,    0.0000000000E+00,    0.0000000000E+00,    0.0000000000E+00,    1.5456329190E+01
     37250,      0.676920,CP0_start,   1,    0.0000000000E+00,    1.5497615680E+01,    1.5497615680E+01,    0.0000000000E+00,    0.0000000000E+00,    0.0000000000E+00,    1.5497615680E+01
     37250,      0.676920,CP1_after_deposition,   1,    0.0000000000E+00,    1.5497615680E+01,    1.5497615680E+01,    0.0000000000E+00,    0.0000000000E+00,    0.0000000000E+00,    1.5497615680E+01
     37250,      0.676920,CP2_after_erosion,   1,    0.0000000000E+00,    1.5497615680E+01,    1.5497615680E+01,    0.0000000000E+00,    0.0000000000E+00,    0.0000000000E+00,    1.5497615680E+01
     37250,      0.676920,CP3_after_update_bottom,   1,    0.0000000000E+00,    1.5497615680E+01,    1.5497615680E+01,    0.0000000000E+00,    0.0000000000E+00,    0.0000000000E+00,    1.5497615680E+01
     37250,      0.676920,CP4_after_advection,   1,    0.0000000000E+00,    1.5498719095E+01,    1.5498719095E+01,    0.0000000000E+00,    0.0000000000E+00,    0.0000000000E+00,    1.5498719095E+01
     37250,      0.676920,CP5_after_vdif,   1,    0.0000000000E+00,    1.5498719095E+01,    1.5498719095E+01,    0.0000000000E+00,    0.0000000000E+00,    0.0000000000E+00,    1.5498719095E+01
     37250,      0.676920,CP6_after_kinetics,   1,    0.0000000000E+00,    1.5498719095E+01,    1.5498719095E+01,    0.0000000000E+00,    0.0000000000E+00,    0.0000000000E+00,    1.5498719095E+01
     37250,      0.676920,CP7_after_upper_clamp,   1,    0.0000000000E+00,    1.5498719095E+01,    1.5498719095E+01,    0.0000000000E+00,    0.0000000000E+00,    0.0000000000E+00,    1.5498719095E+01
     37250,      0.676920,CP8_after_OBC,   1,    0.0000000000E+00,    1.5498719095E+01,    1.5498719095E+01,    0.0000000000E+00,    0.0000000000E+00,    0.0000000000E+00,    1.5498719095E+01
     37250,      0.676920,CP9_after_PTsource,   1,    0.0000000000E+00,    1.5498719095E+01,    1.5498719095E+01,    0.0000000000E+00,    0.0000000000E+00,    0.0000000000E+00,    1.5498719095E+01
     37250,      0.676920,CP10_after_neg_clamp,   1,    0.0000000000E+00,    1.5498719095E+01,    1.5498719095E+01,    0.0000000000E+00,    0.0000000000E+00,    0.0000000000E+00,    1.5498719095E+01
     37250,      0.676920,CP11_after_MPI,   1,    0.0000000000E+00,    1.5498719095E+01,    1.5498719095E+01,    0.0000000000E+00,    0.0000000000E+00,    0.0000000000E+00,    1.5498719095E+01
     37250,      0.676920,CP12_end,   1,    0.0000000000E+00,    1.5498719095E+01,    1.5498719095E+01,    0.0000000000E+00,    0.0000000000E+00,    0.0000000000E+00,    1.5498719095E+01
     37300,      0.676920,CP0_start,   1,    0.0000000000E+00,    1.5540097438E+01,    1.5540097438E+01,    0.0000000000E+00,    0.0000000000E+00,    0.0000000000E+00,    1.5540097438E+01
     37300,      0.676920,CP1_after_deposition,   1,    0.0000000000E+00,    1.5540097438E+01,    1.5540097438E+01,    0.0000000000E+00,    0.0000000000E+00,    0.0000000000E+00,    1.5540097438E+01
     37300,      0.676920,CP2_after_erosion,   1,    0.0000000000E+00,    1.5540097438E+01,    1.5540097438E+01,    0.0000000000E+00,    0.0000000000E+00,    0.0000000000E+00,    1.5540097438E+01
     37300,      0.676920,CP3_after_update_bottom,   1,    0.0000000000E+00,    1.5540097438E+01,    1.5540097438E+01,    0.0000000000E+00,    0.0000000000E+00,    0.0000000000E+00,    1.5540097438E+01
     37300,      0.676920,CP4_after_advection,   1,    0.0000000000E+00,    1.5541201860E+01,    1.5541201860E+01,    0.0000000000E+00,    0.0000000000E+00,    0.0000000000E+00,    1.5541201860E+01
     37300,      0.676920,CP5_after_vdif,   1,    0.0000000000E+00,    1.5541201860E+01,    1.5541201860E+01,    0.0000000000E+00,    0.0000000000E+00,    0.0000000000E+00,    1.5541201860E+01
     37300,      0.676920,CP6_after_kinetics,   1,    0.0000000000E+00,    1.5541201860E+01,    1.5541201860E+01,    0.0000000000E+00,    0.0000000000E+00,    0.0000000000E+00,    1.5541201860E+01
     37300,      0.676920,CP7_after_upper_clamp,   1,    0.0000000000E+00,    1.5541201860E+01,    1.5541201860E+01,    0.0000000000E+00,    0.0000000000E+00,    0.0000000000E+00,    1.5541201860E+01
     37300,      0.676920,CP8_after_OBC,   1,    0.0000000000E+00,    1.5541201860E+01,    1.5541201860E+01,    0.0000000000E+00,    0.0000000000E+00,    0.0000000000E+00,    1.5541201860E+01
     37300,      0.676920,CP9_after_PTsource,   1,    0.0000000000E+00,    1.5541201860E+01,    1.5541201860E+01,    0.0000000000E+00,    0.0000000000E+00,    0.0000000000E+00,    1.5541201860E+01
     37300,      0.676920,CP10_after_neg_clamp,   1,    0.0000000000E+00,    1.5541201860E+01,    1.5541201860E+01,    0.0000000000E+00,    0.0000000000E+00,    0.0000000000E+00,    1.5541201860E+01
     37300,      0.676920,CP11_after_MPI,   1,    0.0000000000E+00,    1.5541201860E+01,    1.5541201860E+01,    0.0000000000E+00,    0.0000000000E+00,    0.0000000000E+00,    1.5541201860E+01
     37300,      0.676920,CP12_end,   1,    0.0000000000E+00,    1.5541201860E+01,    1.5541201860E+01,    0.0000000000E+00,    0.0000000000E+00,    0.0000000000E+00,    1.5541201860E+01
     37350,      0.676920,CP0_start,   1,    0.0000000000E+00,    1.5582668222E+01,    1.5582668222E+01,    0.0000000000E+00,    0.0000000000E+00,    0.0000000000E+00,    1.5582668222E+01
     37350,      0.676920,CP1_after_deposition,   1,    0.0000000000E+00,    1.5582668222E+01,    1.5582668222E+01,    0.0000000000E+00,    0.0000000000E+00,    0.0000000000E+00,    1.5582668222E+01
     37350,      0.676920,CP2_after_erosion,   1,    0.0000000000E+00,    1.5582668222E+01,    1.5582668222E+01,    0.0000000000E+00,    0.0000000000E+00,    0.0000000000E+00,    1.5582668222E+01
     37350,      0.676920,CP3_after_update_bottom,   1,    0.0000000000E+00,    1.5582668222E+01,    1.5582668222E+01,    0.0000000000E+00,    0.0000000000E+00,    0.0000000000E+00,    1.5582668222E+01
     37350,      0.676920,CP4_after_advection,   1,    0.0000000000E+00,    1.5583771146E+01,    1.5583771146E+01,    0.0000000000E+00,    0.0000000000E+00,    0.0000000000E+00,    1.5583771146E+01
     37350,      0.676920,CP5_after_vdif,   1,    0.0000000000E+00,    1.5583771146E+01,    1.5583771146E+01,    0.0000000000E+00,    0.0000000000E+00,    0.0000000000E+00,    1.5583771146E+01
     37350,      0.676920,CP6_after_kinetics,   1,    0.0000000000E+00,    1.5583771146E+01,    1.5583771146E+01,    0.0000000000E+00,    0.0000000000E+00,    0.0000000000E+00,    1.5583771146E+01
     37350,      0.676920,CP7_after_upper_clamp,   1,    0.0000000000E+00,    1.5583771146E+01,    1.5583771146E+01,    0.0000000000E+00,    0.0000000000E+00,    0.0000000000E+00,    1.5583771146E+01
     37350,      0.676920,CP8_after_OBC,   1,    0.0000000000E+00,    1.5583771146E+01,    1.5583771146E+01,    0.0000000000E+00,    0.0000000000E+00,    0.0000000000E+00,    1.5583771146E+01
     37350,      0.676920,CP9_after_PTsource,   1,    0.0000000000E+00,    1.5583771146E+01,    1.5583771146E+01,    0.0000000000E+00,    0.0000000000E+00,    0.0000000000E+00,    1.5583771146E+01
     37350,      0.676920,CP10_after_neg_clamp,   1,    0.0000000000E+00,    1.5583771146E+01,    1.5583771146E+01,    0.0000000000E+00,    0.0000000000E+00,    0.0000000000E+00,    1.5583771146E+01
     37350,      0.676920,CP11_after_MPI,   1,    0.0000000000E+00,    1.5583771146E+01,    1.5583771146E+01,    0.0000000000E+00,    0.0000000000E+00,    0.0000000000E+00,    1.5583771146E+01
     37350,      0.676920,CP12_end,   1,    0.0000000000E+00,    1.5583771146E+01,    1.5583771146E+01,    0.0000000000E+00,    0.0000000000E+00,    0.0000000000E+00,    1.5583771146E+01
     37400,      0.676920,CP0_start,   1,    0.0000000000E+00,    1.5625299574E+01,    1.5625299574E+01,    0.0000000000E+00,    0.0000000000E+00,    0.0000000000E+00,    1.5625299574E+01
     37400,      0.676920,CP1_after_deposition,   1,    0.0000000000E+00,    1.5625299574E+01,    1.5625299574E+01,    0.0000000000E+00,    0.0000000000E+00,    0.0000000000E+00,    1.5625299574E+01
     37400,      0.676920,CP2_after_erosion,   1,    0.0000000000E+00,    1.5625299574E+01,    1.5625299574E+01,    0.0000000000E+00,    0.0000000000E+00,    0.0000000000E+00,    1.5625299574E+01
     37400,      0.676920,CP3_after_update_bottom,   1,    0.0000000000E+00,    1.5625299574E+01,    1.5625299574E+01,    0.0000000000E+00,    0.0000000000E+00,    0.0000000000E+00,    1.5625299574E+01
     37400,      0.676920,CP4_after_advection,   1,    0.0000000000E+00,    1.5626400741E+01,    1.5626400741E+01,    0.0000000000E+00,    0.0000000000E+00,    0.0000000000E+00,    1.5626400741E+01
     37400,      0.676920,CP5_after_vdif,   1,    0.0000000000E+00,    1.5626400741E+01,    1.5626400741E+01,    0.0000000000E+00,    0.0000000000E+00,    0.0000000000E+00,    1.5626400741E+01
     37400,      0.676920,CP6_after_kinetics,   1,    0.0000000000E+00,    1.5626400741E+01,    1.5626400741E+01,    0.0000000000E+00,    0.0000000000E+00,    0.0000000000E+00,    1.5626400741E+01
     37400,      0.676920,CP7_after_upper_clamp,   1,    0.0000000000E+00,    1.5626400741E+01,    1.5626400741E+01,    0.0000000000E+00,    0.0000000000E+00,    0.0000000000E+00,    1.5626400741E+01
     37400,      0.676920,CP8_after_OBC,   1,    0.0000000000E+00,    1.5626400741E+01,    1.5626400741E+01,    0.0000000000E+00,    0.0000000000E+00,    0.0000000000E+00,    1.5626400741E+01
     37400,      0.676920,CP9_after_PTsource,   1,    0.0000000000E+00,    1.5626400741E+01,    1.5626400741E+01,    0.0000000000E+00,    0.0000000000E+00,    0.0000000000E+00,    1.5626400741E+01
     37400,      0.676920,CP10_after_neg_clamp,   1,    0.0000000000E+00,    1.5626400741E+01,    1.5626400741E+01,    0.0000000000E+00,    0.0000000000E+00,    0.0000000000E+00,    1.5626400741E+01
     37400,      0.676920,CP11_after_MPI,   1,    0.0000000000E+00,    1.5626400741E+01,    1.5626400741E+01,    0.0000000000E+00,    0.0000000000E+00,    0.0000000000E+00,    1.5626400741E+01
     37400,      0.676920,CP12_end,   1,    0.0000000000E+00,    1.5626400741E+01,    1.5626400741E+01,    0.0000000000E+00,    0.0000000000E+00,    0.0000000000E+00,    1.5626400741E+01
     37450,      0.676920,CP0_start,   1,    0.0000000000E+00,    1.5667977907E+01,    1.5667977907E+01,    0.0000000000E+00,    0.0000000000E+00,    0.0000000000E+00,    1.5667977907E+01
     37450,      0.676920,CP1_after_deposition,   1,    0.0000000000E+00,    1.5667977907E+01,    1.5667977907E+01,    0.0000000000E+00,    0.0000000000E+00,    0.0000000000E+00,    1.5667977907E+01
     37450,      0.676920,CP2_after_erosion,   1,    0.0000000000E+00,    1.5667977907E+01,    1.5667977907E+01,    0.0000000000E+00,    0.0000000000E+00,    0.0000000000E+00,    1.5667977907E+01
     37450,      0.676920,CP3_after_update_bottom,   1,    0.0000000000E+00,    1.5667977907E+01,    1.5667977907E+01,    0.0000000000E+00,    0.0000000000E+00,    0.0000000000E+00,    1.5667977907E+01
     37450,      0.676920,CP4_after_advection,   1,    0.0000000000E+00,    1.5669078310E+01,    1.5669078310E+01,    0.0000000000E+00,    0.0000000000E+00,    0.0000000000E+00,    1.5669078310E+01
     37450,      0.676920,CP5_after_vdif,   1,    0.0000000000E+00,    1.5669078310E+01,    1.5669078310E+01,    0.0000000000E+00,    0.0000000000E+00,    0.0000000000E+00,    1.5669078310E+01
     37450,      0.676920,CP6_after_kinetics,   1,    0.0000000000E+00,    1.5669078310E+01,    1.5669078310E+01,    0.0000000000E+00,    0.0000000000E+00,    0.0000000000E+00,    1.5669078310E+01
     37450,      0.676920,CP7_after_upper_clamp,   1,    0.0000000000E+00,    1.5669078310E+01,    1.5669078310E+01,    0.0000000000E+00,    0.0000000000E+00,    0.0000000000E+00,    1.5669078310E+01
     37450,      0.676920,CP8_after_OBC,   1,    0.0000000000E+00,    1.5669078310E+01,    1.5669078310E+01,    0.0000000000E+00,    0.0000000000E+00,    0.0000000000E+00,    1.5669078310E+01
     37450,      0.676920,CP9_after_PTsource,   1,    0.0000000000E+00,    1.5669078310E+01,    1.5669078310E+01,    0.0000000000E+00,    0.0000000000E+00,    0.0000000000E+00,    1.5669078310E+01
     37450,      0.676920,CP10_after_neg_clamp,   1,    0.0000000000E+00,    1.5669078310E+01,    1.5669078310E+01,    0.0000000000E+00,    0.0000000000E+00,    0.0000000000E+00,    1.5669078310E+01
     37450,      0.676920,CP11_after_MPI,   1,    0.0000000000E+00,    1.5669078310E+01,    1.5669078310E+01,    0.0000000000E+00,    0.0000000000E+00,    0.0000000000E+00,    1.5669078310E+01
     37450,      0.676920,CP12_end,   1,    0.0000000000E+00,    1.5669078310E+01,    1.5669078310E+01,    0.0000000000E+00,    0.0000000000E+00,    0.0000000000E+00,    1.5669078310E+01
     37500,      0.676920,CP0_start,   1,    0.0000000000E+00,    1.5710687618E+01,    1.5710687618E+01,    0.0000000000E+00,    0.0000000000E+00,    0.0000000000E+00,    1.5710687618E+01
     37500,      0.676920,CP1_after_deposition,   1,    0.0000000000E+00,    1.5710687618E+01,    1.5710687618E+01,    0.0000000000E+00,    0.0000000000E+00,    0.0000000000E+00,    1.5710687618E+01
     37500,      0.676920,CP2_after_erosion,   1,    0.0000000000E+00,    1.5710687618E+01,    1.5710687618E+01,    0.0000000000E+00,    0.0000000000E+00,    0.0000000000E+00,    1.5710687618E+01
     37500,      0.676920,CP3_after_update_bottom,   1,    0.0000000000E+00,    1.5710687618E+01,    1.5710687618E+01,    0.0000000000E+00,    0.0000000000E+00,    0.0000000000E+00,    1.5710687618E+01
     37500,      0.676920,CP4_after_advection,   1,    0.0000000000E+00,    1.5711787072E+01,    1.5711787072E+01,    0.0000000000E+00,    0.0000000000E+00,    0.0000000000E+00,    1.5711787072E+01
     37500,      0.676920,CP5_after_vdif,   1,    0.0000000000E+00,    1.5711787072E+01,    1.5711787072E+01,    0.0000000000E+00,    0.0000000000E+00,    0.0000000000E+00,    1.5711787072E+01
     37500,      0.676920,CP6_after_kinetics,   1,    0.0000000000E+00,    1.5711787072E+01,    1.5711787072E+01,    0.0000000000E+00,    0.0000000000E+00,    0.0000000000E+00,    1.5711787072E+01
     37500,      0.676920,CP7_after_upper_clamp,   1,    0.0000000000E+00,    1.5711787072E+01,    1.5711787072E+01,    0.0000000000E+00,    0.0000000000E+00,    0.0000000000E+00,    1.5711787072E+01
     37500,      0.676920,CP8_after_OBC,   1,    0.0000000000E+00,    1.5711787072E+01,    1.5711787072E+01,    0.0000000000E+00,    0.0000000000E+00,    0.0000000000E+00,    1.5711787072E+01
     37500,      0.676920,CP9_after_PTsource,   1,    0.0000000000E+00,    1.5711787072E+01,    1.5711787072E+01,    0.0000000000E+00,    0.0000000000E+00,    0.0000000000E+00,    1.5711787072E+01
     37500,      0.676920,CP10_after_neg_clamp,   1,    0.0000000000E+00,    1.5711787072E+01,    1.5711787072E+01,    0.0000000000E+00,    0.0000000000E+00,    0.0000000000E+00,    1.5711787072E+01
     37500,      0.676920,CP11_after_MPI,   1,    0.0000000000E+00,    1.5711787072E+01,    1.5711787072E+01,    0.0000000000E+00,    0.0000000000E+00,    0.0000000000E+00,    1.5711787072E+01
     37500,      0.676920,CP12_end,   1,    0.0000000000E+00,    1.5711787072E+01,    1.5711787072E+01,    0.0000000000E+00,    0.0000000000E+00,    0.0000000000E+00,    1.5711787072E+01
     37550,      0.676920,CP0_start,   1,    0.0000000000E+00,    1.5753429045E+01,    1.5753429045E+01,    0.0000000000E+00,    0.0000000000E+00,    0.0000000000E+00,    1.5753429045E+01
     37550,      0.676920,CP1_after_deposition,   1,    0.0000000000E+00,    1.5753429045E+01,    1.5753429045E+01,    0.0000000000E+00,    0.0000000000E+00,    0.0000000000E+00,    1.5753429045E+01
     37550,      0.676920,CP2_after_erosion,   1,    0.0000000000E+00,    1.5753429045E+01,    1.5753429045E+01,    0.0000000000E+00,    0.0000000000E+00,    0.0000000000E+00,    1.5753429045E+01
     37550,      0.676920,CP3_after_update_bottom,   1,    0.0000000000E+00,    1.5753429045E+01,    1.5753429045E+01,    0.0000000000E+00,    0.0000000000E+00,    0.0000000000E+00,    1.5753429045E+01
     37550,      0.676920,CP4_after_advection,   1,    0.0000000000E+00,    1.5754526853E+01,    1.5754526853E+01,    0.0000000000E+00,    0.0000000000E+00,    0.0000000000E+00,    1.5754526853E+01
     37550,      0.676920,CP5_after_vdif,   1,    0.0000000000E+00,    1.5754526853E+01,    1.5754526853E+01,    0.0000000000E+00,    0.0000000000E+00,    0.0000000000E+00,    1.5754526853E+01
     37550,      0.676920,CP6_after_kinetics,   1,    0.0000000000E+00,    1.5754526853E+01,    1.5754526853E+01,    0.0000000000E+00,    0.0000000000E+00,    0.0000000000E+00,    1.5754526853E+01
     37550,      0.676920,CP7_after_upper_clamp,   1,    0.0000000000E+00,    1.5754526853E+01,    1.5754526853E+01,    0.0000000000E+00,    0.0000000000E+00,    0.0000000000E+00,    1.5754526853E+01
     37550,      0.676920,CP8_after_OBC,   1,    0.0000000000E+00,    1.5754526853E+01,    1.5754526853E+01,    0.0000000000E+00,    0.0000000000E+00,    0.0000000000E+00,    1.5754526853E+01
     37550,      0.676920,CP9_after_PTsource,   1,    0.0000000000E+00,    1.5754526853E+01,    1.5754526853E+01,    0.0000000000E+00,    0.0000000000E+00,    0.0000000000E+00,    1.5754526853E+01
     37550,      0.676920,CP10_after_neg_clamp,   1,    0.0000000000E+00,    1.5754526853E+01,    1.5754526853E+01,    0.0000000000E+00,    0.0000000000E+00,    0.0000000000E+00,    1.5754526853E+01
     37550,      0.676920,CP11_after_MPI,   1,    0.0000000000E+00,    1.5754526853E+01,    1.5754526853E+01,    0.0000000000E+00,    0.0000000000E+00,    0.0000000000E+00,    1.5754526853E+01
     37550,      0.676920,CP12_end,   1,    0.0000000000E+00,    1.5754526853E+01,    1.5754526853E+01,    0.0000000000E+00,    0.0000000000E+00,    0.0000000000E+00,    1.5754526853E+01
     37600,      0.676920,CP0_start,   1,    0.0000000000E+00,    1.5796186969E+01,    1.5796186969E+01,    0.0000000000E+00,    0.0000000000E+00,    0.0000000000E+00,    1.5796186969E+01
     37600,      0.676920,CP1_after_deposition,   1,    0.0000000000E+00,    1.5796186969E+01,    1.5796186969E+01,    0.0000000000E+00,    0.0000000000E+00,    0.0000000000E+00,    1.5796186969E+01
     37600,      0.676920,CP2_after_erosion,   1,    0.0000000000E+00,    1.5796186969E+01,    1.5796186969E+01,    0.0000000000E+00,    0.0000000000E+00,    0.0000000000E+00,    1.5796186969E+01
     37600,      0.676920,CP3_after_update_bottom,   1,    0.0000000000E+00,    1.5796186969E+01,    1.5796186969E+01,    0.0000000000E+00,    0.0000000000E+00,    0.0000000000E+00,    1.5796186969E+01
     37600,      0.676920,CP4_after_advection,   1,    0.0000000000E+00,    1.5797283907E+01,    1.5797283907E+01,    0.0000000000E+00,    0.0000000000E+00,    0.0000000000E+00,    1.5797283907E+01
     37600,      0.676920,CP5_after_vdif,   1,    0.0000000000E+00,    1.5797283907E+01,    1.5797283907E+01,    0.0000000000E+00,    0.0000000000E+00,    0.0000000000E+00,    1.5797283907E+01
     37600,      0.676920,CP6_after_kinetics,   1,    0.0000000000E+00,    1.5797283907E+01,    1.5797283907E+01,    0.0000000000E+00,    0.0000000000E+00,    0.0000000000E+00,    1.5797283907E+01
     37600,      0.676920,CP7_after_upper_clamp,   1,    0.0000000000E+00,    1.5797283907E+01,    1.5797283907E+01,    0.0000000000E+00,    0.0000000000E+00,    0.0000000000E+00,    1.5797283907E+01
     37600,      0.676920,CP8_after_OBC,   1,    0.0000000000E+00,    1.5797283907E+01,    1.5797283907E+01,    0.0000000000E+00,    0.0000000000E+00,    0.0000000000E+00,    1.5797283907E+01
     37600,      0.676920,CP9_after_PTsource,   1,    0.0000000000E+00,    1.5797283907E+01,    1.5797283907E+01,    0.0000000000E+00,    0.0000000000E+00,    0.0000000000E+00,    1.5797283907E+01
     37600,      0.676920,CP10_after_neg_clamp,   1,    0.0000000000E+00,    1.5797283907E+01,    1.5797283907E+01,    0.0000000000E+00,    0.0000000000E+00,    0.0000000000E+00,    1.5797283907E+01
     37600,      0.676920,CP11_after_MPI,   1,    0.0000000000E+00,    1.5797283907E+01,    1.5797283907E+01,    0.0000000000E+00,    0.0000000000E+00,    0.0000000000E+00,    1.5797283907E+01
     37600,      0.676920,CP12_end,   1,    0.0000000000E+00,    1.5797283907E+01,    1.5797283907E+01,    0.0000000000E+00,    0.0000000000E+00,    0.0000000000E+00,    1.5797283907E+01
     37650,      0.676920,CP0_start,   1,    0.0000000000E+00,    1.5838953806E+01,    1.5838953806E+01,    0.0000000000E+00,    0.0000000000E+00,    0.0000000000E+00,    1.5838953806E+01
     37650,      0.676920,CP1_after_deposition,   1,    0.0000000000E+00,    1.5838953806E+01,    1.5838953806E+01,    0.0000000000E+00,    0.0000000000E+00,    0.0000000000E+00,    1.5838953806E+01
     37650,      0.676920,CP2_after_erosion,   1,    0.0000000000E+00,    1.5838953806E+01,    1.5838953806E+01,    0.0000000000E+00,    0.0000000000E+00,    0.0000000000E+00,    1.5838953806E+01
     37650,      0.676920,CP3_after_update_bottom,   1,    0.0000000000E+00,    1.5838953806E+01,    1.5838953806E+01,    0.0000000000E+00,    0.0000000000E+00,    0.0000000000E+00,    1.5838953806E+01
     37650,      0.676920,CP4_after_advection,   1,    0.0000000000E+00,    1.5840048034E+01,    1.5840048034E+01,    0.0000000000E+00,    0.0000000000E+00,    0.0000000000E+00,    1.5840048034E+01
     37650,      0.676920,CP5_after_vdif,   1,    0.0000000000E+00,    1.5840048034E+01,    1.5840048034E+01,    0.0000000000E+00,    0.0000000000E+00,    0.0000000000E+00,    1.5840048034E+01
     37650,      0.676920,CP6_after_kinetics,   1,    0.0000000000E+00,    1.5840048034E+01,    1.5840048034E+01,    0.0000000000E+00,    0.0000000000E+00,    0.0000000000E+00,    1.5840048034E+01
     37650,      0.676920,CP7_after_upper_clamp,   1,    0.0000000000E+00,    1.5840048034E+01,    1.5840048034E+01,    0.0000000000E+00,    0.0000000000E+00,    0.0000000000E+00,    1.5840048034E+01
     37650,      0.676920,CP8_after_OBC,   1,    0.0000000000E+00,    1.5840048034E+01,    1.5840048034E+01,    0.0000000000E+00,    0.0000000000E+00,    0.0000000000E+00,    1.5840048034E+01
     37650,      0.676920,CP9_after_PTsource,   1,    0.0000000000E+00,    1.5840048034E+01,    1.5840048034E+01,    0.0000000000E+00,    0.0000000000E+00,    0.0000000000E+00,    1.5840048034E+01
     37650,      0.676920,CP10_after_neg_clamp,   1,    0.0000000000E+00,    1.5840048034E+01,    1.5840048034E+01,    0.0000000000E+00,    0.0000000000E+00,    0.0000000000E+00,    1.5840048034E+01
     37650,      0.676920,CP11_after_MPI,   1,    0.0000000000E+00,    1.5840048034E+01,    1.5840048034E+01,    0.0000000000E+00,    0.0000000000E+00,    0.0000000000E+00,    1.5840048034E+01
     37650,      0.676920,CP12_end,   1,    0.0000000000E+00,    1.5840048034E+01,    1.5840048034E+01,    0.0000000000E+00,    0.0000000000E+00,    0.0000000000E+00,    1.5840048034E+01
     37700,      0.676920,CP0_start,   1,    0.0000000000E+00,    1.5881732318E+01,    1.5881732318E+01,    0.0000000000E+00,    0.0000000000E+00,    0.0000000000E+00,    1.5881732318E+01
     37700,      0.676920,CP1_after_deposition,   1,    0.0000000000E+00,    1.5881732318E+01,    1.5881732318E+01,    0.0000000000E+00,    0.0000000000E+00,    0.0000000000E+00,    1.5881732318E+01
     37700,      0.676920,CP2_after_erosion,   1,    0.0000000000E+00,    1.5881732318E+01,    1.5881732318E+01,    0.0000000000E+00,    0.0000000000E+00,    0.0000000000E+00,    1.5881732318E+01
     37700,      0.676920,CP3_after_update_bottom,   1,    0.0000000000E+00,    1.5881732318E+01,    1.5881732318E+01,    0.0000000000E+00,    0.0000000000E+00,    0.0000000000E+00,    1.5881732318E+01
     37700,      0.676920,CP4_after_advection,   1,    0.0000000000E+00,    1.5882825181E+01,    1.5882825181E+01,    0.0000000000E+00,    0.0000000000E+00,    0.0000000000E+00,    1.5882825181E+01
     37700,      0.676920,CP5_after_vdif,   1,    0.0000000000E+00,    1.5882825181E+01,    1.5882825181E+01,    0.0000000000E+00,    0.0000000000E+00,    0.0000000000E+00,    1.5882825181E+01
     37700,      0.676920,CP6_after_kinetics,   1,    0.0000000000E+00,    1.5882825181E+01,    1.5882825181E+01,    0.0000000000E+00,    0.0000000000E+00,    0.0000000000E+00,    1.5882825181E+01
     37700,      0.676920,CP7_after_upper_clamp,   1,    0.0000000000E+00,    1.5882825181E+01,    1.5882825181E+01,    0.0000000000E+00,    0.0000000000E+00,    0.0000000000E+00,    1.5882825181E+01
     37700,      0.676920,CP8_after_OBC,   1,    0.0000000000E+00,    1.5882825181E+01,    1.5882825181E+01,    0.0000000000E+00,    0.0000000000E+00,    0.0000000000E+00,    1.5882825181E+01
     37700,      0.676920,CP9_after_PTsource,   1,    0.0000000000E+00,    1.5882825181E+01,    1.5882825181E+01,    0.0000000000E+00,    0.0000000000E+00,    0.0000000000E+00,    1.5882825181E+01
     37700,      0.676920,CP10_after_neg_clamp,   1,    0.0000000000E+00,    1.5882825181E+01,    1.5882825181E+01,    0.0000000000E+00,    0.0000000000E+00,    0.0000000000E+00,    1.5882825181E+01
     37700,      0.676920,CP11_after_MPI,   1,    0.0000000000E+00,    1.5882825181E+01,    1.5882825181E+01,    0.0000000000E+00,    0.0000000000E+00,    0.0000000000E+00,    1.5882825181E+01
     37700,      0.676920,CP12_end,   1,    0.0000000000E+00,    1.5882825181E+01,    1.5882825181E+01,    0.0000000000E+00,    0.0000000000E+00,    0.0000000000E+00,    1.5882825181E+01
     37750,      0.676920,CP0_start,   1,    0.0000000000E+00,    1.5924510426E+01,    1.5924510426E+01,    0.0000000000E+00,    0.0000000000E+00,    0.0000000000E+00,    1.5924510426E+01
     37750,      0.676920,CP1_after_deposition,   1,    0.0000000000E+00,    1.5924510426E+01,    1.5924510426E+01,    0.0000000000E+00,    0.0000000000E+00,    0.0000000000E+00,    1.5924510426E+01
     37750,      0.676920,CP2_after_erosion,   1,    0.0000000000E+00,    1.5924510426E+01,    1.5924510426E+01,    0.0000000000E+00,    0.0000000000E+00,    0.0000000000E+00,    1.5924510426E+01
     37750,      0.676920,CP3_after_update_bottom,   1,    0.0000000000E+00,    1.5924510426E+01,    1.5924510426E+01,    0.0000000000E+00,    0.0000000000E+00,    0.0000000000E+00,    1.5924510426E+01
     37750,      0.676920,CP4_after_advection,   1,    0.0000000000E+00,    1.5925601072E+01,    1.5925601072E+01,    0.0000000000E+00,    0.0000000000E+00,    0.0000000000E+00,    1.5925601072E+01
     37750,      0.676920,CP5_after_vdif,   1,    0.0000000000E+00,    1.5925601072E+01,    1.5925601072E+01,    0.0000000000E+00,    0.0000000000E+00,    0.0000000000E+00,    1.5925601072E+01
     37750,      0.676920,CP6_after_kinetics,   1,    0.0000000000E+00,    1.5925601072E+01,    1.5925601072E+01,    0.0000000000E+00,    0.0000000000E+00,    0.0000000000E+00,    1.5925601072E+01
     37750,      0.676920,CP7_after_upper_clamp,   1,    0.0000000000E+00,    1.5925601072E+01,    1.5925601072E+01,    0.0000000000E+00,    0.0000000000E+00,    0.0000000000E+00,    1.5925601072E+01
     37750,      0.676920,CP8_after_OBC,   1,    0.0000000000E+00,    1.5925601072E+01,    1.5925601072E+01,    0.0000000000E+00,    0.0000000000E+00,    0.0000000000E+00,    1.5925601072E+01
     37750,      0.676920,CP9_after_PTsource,   1,    0.0000000000E+00,    1.5925601072E+01,    1.5925601072E+01,    0.0000000000E+00,    0.0000000000E+00,    0.0000000000E+00,    1.5925601072E+01
     37750,      0.676920,CP10_after_neg_clamp,   1,    0.0000000000E+00,    1.5925601072E+01,    1.5925601072E+01,    0.0000000000E+00,    0.0000000000E+00,    0.0000000000E+00,    1.5925601072E+01
     37750,      0.676920,CP11_after_MPI,   1,    0.0000000000E+00,    1.5925601072E+01,    1.5925601072E+01,    0.0000000000E+00,    0.0000000000E+00,    0.0000000000E+00,    1.5925601072E+01
     37750,      0.676920,CP12_end,   1,    0.0000000000E+00,    1.5925601072E+01,    1.5925601072E+01,    0.0000000000E+00,    0.0000000000E+00,    0.0000000000E+00,    1.5925601072E+01
     37800,      0.676920,CP0_start,   1,    0.0000000000E+00,    1.5967282152E+01,    1.5967282152E+01,    0.0000000000E+00,    0.0000000000E+00,    0.0000000000E+00,    1.5967282152E+01
     37800,      0.676920,CP1_after_deposition,   1,    0.0000000000E+00,    1.5967282152E+01,    1.5967282152E+01,    0.0000000000E+00,    0.0000000000E+00,    0.0000000000E+00,    1.5967282152E+01
     37800,      0.676920,CP2_after_erosion,   1,    0.0000000000E+00,    1.5967282152E+01,    1.5967282152E+01,    0.0000000000E+00,    0.0000000000E+00,    0.0000000000E+00,    1.5967282152E+01
     37800,      0.676920,CP3_after_update_bottom,   1,    0.0000000000E+00,    1.5967282152E+01,    1.5967282152E+01,    0.0000000000E+00,    0.0000000000E+00,    0.0000000000E+00,    1.5967282152E+01
     37800,      0.676920,CP4_after_advection,   1,    0.0000000000E+00,    1.5968371455E+01,    1.5968371455E+01,    0.0000000000E+00,    0.0000000000E+00,    0.0000000000E+00,    1.5968371455E+01
     37800,      0.676920,CP5_after_vdif,   1,    0.0000000000E+00,    1.5968371455E+01,    1.5968371455E+01,    0.0000000000E+00,    0.0000000000E+00,    0.0000000000E+00,    1.5968371455E+01
     37800,      0.676920,CP6_after_kinetics,   1,    0.0000000000E+00,    1.5968371455E+01,    1.5968371455E+01,    0.0000000000E+00,    0.0000000000E+00,    0.0000000000E+00,    1.5968371455E+01
     37800,      0.676920,CP7_after_upper_clamp,   1,    0.0000000000E+00,    1.5968371455E+01,    1.5968371455E+01,    0.0000000000E+00,    0.0000000000E+00,    0.0000000000E+00,    1.5968371455E+01
     37800,      0.676920,CP8_after_OBC,   1,    0.0000000000E+00,    1.5968371455E+01,    1.5968371455E+01,    0.0000000000E+00,    0.0000000000E+00,    0.0000000000E+00,    1.5968371455E+01
     37800,      0.676920,CP9_after_PTsource,   1,    0.0000000000E+00,    1.5968371455E+01,    1.5968371455E+01,    0.0000000000E+00,    0.0000000000E+00,    0.0000000000E+00,    1.5968371455E+01
     37800,      0.676920,CP10_after_neg_clamp,   1,    0.0000000000E+00,    1.5968371455E+01,    1.5968371455E+01,    0.0000000000E+00,    0.0000000000E+00,    0.0000000000E+00,    1.5968371455E+01
     37800,      0.676920,CP11_after_MPI,   1,    0.0000000000E+00,    1.5968371455E+01,    1.5968371455E+01,    0.0000000000E+00,    0.0000000000E+00,    0.0000000000E+00,    1.5968371455E+01
     37800,      0.676920,CP12_end,   1,    0.0000000000E+00,    1.5968371455E+01,    1.5968371455E+01,    0.0000000000E+00,    0.0000000000E+00,    0.0000000000E+00,    1.5968371455E+01
     37850,      0.676920,CP0_start,   1,    0.0000000000E+00,    1.6010055232E+01,    1.6010055232E+01,    0.0000000000E+00,    0.0000000000E+00,    0.0000000000E+00,    1.6010055232E+01
     37850,      0.676920,CP1_after_deposition,   1,    0.0000000000E+00,    1.6010055232E+01,    1.6010055232E+01,    0.0000000000E+00,    0.0000000000E+00,    0.0000000000E+00,    1.6010055232E+01
     37850,      0.676920,CP2_after_erosion,   1,    0.0000000000E+00,    1.6010055232E+01,    1.6010055232E+01,    0.0000000000E+00,    0.0000000000E+00,    0.0000000000E+00,    1.6010055232E+01
     37850,      0.676920,CP3_after_update_bottom,   1,    0.0000000000E+00,    1.6010055232E+01,    1.6010055232E+01,    0.0000000000E+00,    0.0000000000E+00,    0.0000000000E+00,    1.6010055232E+01
     37850,      0.676920,CP4_after_advection,   1,    0.0000000000E+00,    1.6011142752E+01,    1.6011142752E+01,    0.0000000000E+00,    0.0000000000E+00,    0.0000000000E+00,    1.6011142752E+01
     37850,      0.676920,CP5_after_vdif,   1,    0.0000000000E+00,    1.6011142752E+01,    1.6011142752E+01,    0.0000000000E+00,    0.0000000000E+00,    0.0000000000E+00,    1.6011142752E+01
     37850,      0.676920,CP6_after_kinetics,   1,    0.0000000000E+00,    1.6011142752E+01,    1.6011142752E+01,    0.0000000000E+00,    0.0000000000E+00,    0.0000000000E+00,    1.6011142752E+01
     37850,      0.676920,CP7_after_upper_clamp,   1,    0.0000000000E+00,    1.6011142752E+01,    1.6011142752E+01,    0.0000000000E+00,    0.0000000000E+00,    0.0000000000E+00,    1.6011142752E+01
     37850,      0.676920,CP8_after_OBC,   1,    0.0000000000E+00,    1.6011142752E+01,    1.6011142752E+01,    0.0000000000E+00,    0.0000000000E+00,    0.0000000000E+00,    1.6011142752E+01
     37850,      0.676920,CP9_after_PTsource,   1,    0.0000000000E+00,    1.6011142752E+01,    1.6011142752E+01,    0.0000000000E+00,    0.0000000000E+00,    0.0000000000E+00,    1.6011142752E+01
     37850,      0.676920,CP10_after_neg_clamp,   1,    0.0000000000E+00,    1.6011142752E+01,    1.6011142752E+01,    0.0000000000E+00,    0.0000000000E+00,    0.0000000000E+00,    1.6011142752E+01
     37850,      0.676920,CP11_after_MPI,   1,    0.0000000000E+00,    1.6011142752E+01,    1.6011142752E+01,    0.0000000000E+00,    0.0000000000E+00,    0.0000000000E+00,    1.6011142752E+01
     37850,      0.676920,CP12_end,   1,    0.0000000000E+00,    1.6011142752E+01,    1.6011142752E+01,    0.0000000000E+00,    0.0000000000E+00,    0.0000000000E+00,    1.6011142752E+01
     37900,      0.676920,CP0_start,   1,    0.0000000000E+00,    1.6052827333E+01,    1.6052827333E+01,    0.0000000000E+00,    0.0000000000E+00,    0.0000000000E+00,    1.6052827333E+01
     37900,      0.676920,CP1_after_deposition,   1,    0.0000000000E+00,    1.6052827333E+01,    1.6052827333E+01,    0.0000000000E+00,    0.0000000000E+00,    0.0000000000E+00,    1.6052827333E+01
     37900,      0.676920,CP2_after_erosion,   1,    0.0000000000E+00,    1.6052827333E+01,    1.6052827333E+01,    0.0000000000E+00,    0.0000000000E+00,    0.0000000000E+00,    1.6052827333E+01
     37900,      0.676920,CP3_after_update_bottom,   1,    0.0000000000E+00,    1.6052827333E+01,    1.6052827333E+01,    0.0000000000E+00,    0.0000000000E+00,    0.0000000000E+00,    1.6052827333E+01
     37900,      0.676920,CP4_after_advection,   1,    0.0000000000E+00,    1.6053912834E+01,    1.6053912834E+01,    0.0000000000E+00,    0.0000000000E+00,    0.0000000000E+00,    1.6053912834E+01
     37900,      0.676920,CP5_after_vdif,   1,    0.0000000000E+00,    1.6053912834E+01,    1.6053912834E+01,    0.0000000000E+00,    0.0000000000E+00,    0.0000000000E+00,    1.6053912834E+01
     37900,      0.676920,CP6_after_kinetics,   1,    0.0000000000E+00,    1.6053912834E+01,    1.6053912834E+01,    0.0000000000E+00,    0.0000000000E+00,    0.0000000000E+00,    1.6053912834E+01
     37900,      0.676920,CP7_after_upper_clamp,   1,    0.0000000000E+00,    1.6053912834E+01,    1.6053912834E+01,    0.0000000000E+00,    0.0000000000E+00,    0.0000000000E+00,    1.6053912834E+01
     37900,      0.676920,CP8_after_OBC,   1,    0.0000000000E+00,    1.6053912834E+01,    1.6053912834E+01,    0.0000000000E+00,    0.0000000000E+00,    0.0000000000E+00,    1.6053912834E+01
     37900,      0.676920,CP9_after_PTsource,   1,    0.0000000000E+00,    1.6053912834E+01,    1.6053912834E+01,    0.0000000000E+00,    0.0000000000E+00,    0.0000000000E+00,    1.6053912834E+01
     37900,      0.676920,CP10_after_neg_clamp,   1,    0.0000000000E+00,    1.6053912834E+01,    1.6053912834E+01,    0.0000000000E+00,    0.0000000000E+00,    0.0000000000E+00,    1.6053912834E+01
     37900,      0.676920,CP11_after_MPI,   1,    0.0000000000E+00,    1.6053912834E+01,    1.6053912834E+01,    0.0000000000E+00,    0.0000000000E+00,    0.0000000000E+00,    1.6053912834E+01
     37900,      0.676920,CP12_end,   1,    0.0000000000E+00,    1.6053912834E+01,    1.6053912834E+01,    0.0000000000E+00,    0.0000000000E+00,    0.0000000000E+00,    1.6053912834E+01
     37950,      0.676920,CP0_start,   1,    0.0000000000E+00,    1.6095593359E+01,    1.6095593359E+01,    0.0000000000E+00,    0.0000000000E+00,    0.0000000000E+00,    1.6095593359E+01
     37950,      0.676920,CP1_after_deposition,   1,    0.0000000000E+00,    1.6095593359E+01,    1.6095593359E+01,    0.0000000000E+00,    0.0000000000E+00,    0.0000000000E+00,    1.6095593359E+01
     37950,      0.676920,CP2_after_erosion,   1,    0.0000000000E+00,    1.6095593359E+01,    1.6095593359E+01,    0.0000000000E+00,    0.0000000000E+00,    0.0000000000E+00,    1.6095593359E+01
     37950,      0.676920,CP3_after_update_bottom,   1,    0.0000000000E+00,    1.6095593359E+01,    1.6095593359E+01,    0.0000000000E+00,    0.0000000000E+00,    0.0000000000E+00,    1.6095593359E+01
     37950,      0.676920,CP4_after_advection,   1,    0.0000000000E+00,    1.6096676217E+01,    1.6096676217E+01,    0.0000000000E+00,    0.0000000000E+00,    0.0000000000E+00,    1.6096676217E+01
     37950,      0.676920,CP5_after_vdif,   1,    0.0000000000E+00,    1.6096676217E+01,    1.6096676217E+01,    0.0000000000E+00,    0.0000000000E+00,    0.0000000000E+00,    1.6096676217E+01
     37950,      0.676920,CP6_after_kinetics,   1,    0.0000000000E+00,    1.6096676217E+01,    1.6096676217E+01,    0.0000000000E+00,    0.0000000000E+00,    0.0000000000E+00,    1.6096676217E+01
     37950,      0.676920,CP7_after_upper_clamp,   1,    0.0000000000E+00,    1.6096676217E+01,    1.6096676217E+01,    0.0000000000E+00,    0.0000000000E+00,    0.0000000000E+00,    1.6096676217E+01
     37950,      0.676920,CP8_after_OBC,   1,    0.0000000000E+00,    1.6096676217E+01,    1.6096676217E+01,    0.0000000000E+00,    0.0000000000E+00,    0.0000000000E+00,    1.6096676217E+01
     37950,      0.676920,CP9_after_PTsource,   1,    0.0000000000E+00,    1.6096676217E+01,    1.6096676217E+01,    0.0000000000E+00,    0.0000000000E+00,    0.0000000000E+00,    1.6096676217E+01
     37950,      0.676920,CP10_after_neg_clamp,   1,    0.0000000000E+00,    1.6096676217E+01,    1.6096676217E+01,    0.0000000000E+00,    0.0000000000E+00,    0.0000000000E+00,    1.6096676217E+01
     37950,      0.676920,CP11_after_MPI,   1,    0.0000000000E+00,    1.6096676217E+01,    1.6096676217E+01,    0.0000000000E+00,    0.0000000000E+00,    0.0000000000E+00,    1.6096676217E+01
     37950,      0.676920,CP12_end,   1,    0.0000000000E+00,    1.6096676217E+01,    1.6096676217E+01,    0.0000000000E+00,    0.0000000000E+00,    0.0000000000E+00,    1.6096676217E+01
     38000,      0.676920,CP0_start,   1,    0.0000000000E+00,    1.6138352994E+01,    1.6138352994E+01,    0.0000000000E+00,    0.0000000000E+00,    0.0000000000E+00,    1.6138352994E+01
     38000,      0.676920,CP1_after_deposition,   1,    0.0000000000E+00,    1.6138352994E+01,    1.6138352994E+01,    0.0000000000E+00,    0.0000000000E+00,    0.0000000000E+00,    1.6138352994E+01
     38000,      0.676920,CP2_after_erosion,   1,    0.0000000000E+00,    1.6138352994E+01,    1.6138352994E+01,    0.0000000000E+00,    0.0000000000E+00,    0.0000000000E+00,    1.6138352994E+01
     38000,      0.676920,CP3_after_update_bottom,   1,    0.0000000000E+00,    1.6138352994E+01,    1.6138352994E+01,    0.0000000000E+00,    0.0000000000E+00,    0.0000000000E+00,    1.6138352994E+01
     38000,      0.676920,CP4_after_advection,   1,    0.0000000000E+00,    1.6139434104E+01,    1.6139434104E+01,    0.0000000000E+00,    0.0000000000E+00,    0.0000000000E+00,    1.6139434104E+01
     38000,      0.676920,CP5_after_vdif,   1,    0.0000000000E+00,    1.6139434104E+01,    1.6139434104E+01,    0.0000000000E+00,    0.0000000000E+00,    0.0000000000E+00,    1.6139434104E+01
     38000,      0.676920,CP6_after_kinetics,   1,    0.0000000000E+00,    1.6139434104E+01,    1.6139434104E+01,    0.0000000000E+00,    0.0000000000E+00,    0.0000000000E+00,    1.6139434104E+01
     38000,      0.676920,CP7_after_upper_clamp,   1,    0.0000000000E+00,    1.6139434104E+01,    1.6139434104E+01,    0.0000000000E+00,    0.0000000000E+00,    0.0000000000E+00,    1.6139434104E+01
     38000,      0.676920,CP8_after_OBC,   1,    0.0000000000E+00,    1.6139434104E+01,    1.6139434104E+01,    0.0000000000E+00,    0.0000000000E+00,    0.0000000000E+00,    1.6139434104E+01
     38000,      0.676920,CP9_after_PTsource,   1,    0.0000000000E+00,    1.6139434104E+01,    1.6139434104E+01,    0.0000000000E+00,    0.0000000000E+00,    0.0000000000E+00,    1.6139434104E+01
     38000,      0.676920,CP10_after_neg_clamp,   1,    0.0000000000E+00,    1.6139434104E+01,    1.6139434104E+01,    0.0000000000E+00,    0.0000000000E+00,    0.0000000000E+00,    1.6139434104E+01
     38000,      0.676920,CP11_after_MPI,   1,    0.0000000000E+00,    1.6139434104E+01,    1.6139434104E+01,    0.0000000000E+00,    0.0000000000E+00,    0.0000000000E+00,    1.6139434104E+01
     38000,      0.676920,CP12_end,   1,    0.0000000000E+00,    1.6139434104E+01,    1.6139434104E+01,    0.0000000000E+00,    0.0000000000E+00,    0.0000000000E+00,    1.6139434104E+01
     38050,      0.676920,CP0_start,   1,    0.0000000000E+00,    1.6181120154E+01,    1.6181120154E+01,    0.0000000000E+00,    0.0000000000E+00,    0.0000000000E+00,    1.6181120154E+01
     38050,      0.676920,CP1_after_deposition,   1,    0.0000000000E+00,    1.6181120154E+01,    1.6181120154E+01,    0.0000000000E+00,    0.0000000000E+00,    0.0000000000E+00,    1.6181120154E+01
     38050,      0.676920,CP2_after_erosion,   1,    0.0000000000E+00,    1.6181120154E+01,    1.6181120154E+01,    0.0000000000E+00,    0.0000000000E+00,    0.0000000000E+00,    1.6181120154E+01
     38050,      0.676920,CP3_after_update_bottom,   1,    0.0000000000E+00,    1.6181120154E+01,    1.6181120154E+01,    0.0000000000E+00,    0.0000000000E+00,    0.0000000000E+00,    1.6181120154E+01
     38050,      0.676920,CP4_after_advection,   1,    0.0000000000E+00,    1.6182200069E+01,    1.6182200069E+01,    0.0000000000E+00,    0.0000000000E+00,    0.0000000000E+00,    1.6182200069E+01
     38050,      0.676920,CP5_after_vdif,   1,    0.0000000000E+00,    1.6182200069E+01,    1.6182200069E+01,    0.0000000000E+00,    0.0000000000E+00,    0.0000000000E+00,    1.6182200069E+01
     38050,      0.676920,CP6_after_kinetics,   1,    0.0000000000E+00,    1.6182200069E+01,    1.6182200069E+01,    0.0000000000E+00,    0.0000000000E+00,    0.0000000000E+00,    1.6182200069E+01
     38050,      0.676920,CP7_after_upper_clamp,   1,    0.0000000000E+00,    1.6182200069E+01,    1.6182200069E+01,    0.0000000000E+00,    0.0000000000E+00,    0.0000000000E+00,    1.6182200069E+01
     38050,      0.676920,CP8_after_OBC,   1,    0.0000000000E+00,    1.6182200069E+01,    1.6182200069E+01,    0.0000000000E+00,    0.0000000000E+00,    0.0000000000E+00,    1.6182200069E+01
     38050,      0.676920,CP9_after_PTsource,   1,    0.0000000000E+00,    1.6182200069E+01,    1.6182200069E+01,    0.0000000000E+00,    0.0000000000E+00,    0.0000000000E+00,    1.6182200069E+01
     38050,      0.676920,CP10_after_neg_clamp,   1,    0.0000000000E+00,    1.6182200069E+01,    1.6182200069E+01,    0.0000000000E+00,    0.0000000000E+00,    0.0000000000E+00,    1.6182200069E+01
     38050,      0.676920,CP11_after_MPI,   1,    0.0000000000E+00,    1.6182200069E+01,    1.6182200069E+01,    0.0000000000E+00,    0.0000000000E+00,    0.0000000000E+00,    1.6182200069E+01
     38050,      0.676920,CP12_end,   1,    0.0000000000E+00,    1.6182200069E+01,    1.6182200069E+01,    0.0000000000E+00,    0.0000000000E+00,    0.0000000000E+00,    1.6182200069E+01
     38100,      0.676920,CP0_start,   1,    0.0000000000E+00,    1.6223878742E+01,    1.6223878742E+01,    0.0000000000E+00,    0.0000000000E+00,    0.0000000000E+00,    1.6223878742E+01
     38100,      0.676920,CP1_after_deposition,   1,    0.0000000000E+00,    1.6223878742E+01,    1.6223878742E+01,    0.0000000000E+00,    0.0000000000E+00,    0.0000000000E+00,    1.6223878742E+01
     38100,      0.676920,CP2_after_erosion,   1,    0.0000000000E+00,    1.6223878742E+01,    1.6223878742E+01,    0.0000000000E+00,    0.0000000000E+00,    0.0000000000E+00,    1.6223878742E+01
     38100,      0.676920,CP3_after_update_bottom,   1,    0.0000000000E+00,    1.6223878742E+01,    1.6223878742E+01,    0.0000000000E+00,    0.0000000000E+00,    0.0000000000E+00,    1.6223878742E+01
     38100,      0.676920,CP4_after_advection,   1,    0.0000000000E+00,    1.6224957110E+01,    1.6224957110E+01,    0.0000000000E+00,    0.0000000000E+00,    0.0000000000E+00,    1.6224957110E+01
     38100,      0.676920,CP5_after_vdif,   1,    0.0000000000E+00,    1.6224957110E+01,    1.6224957110E+01,    0.0000000000E+00,    0.0000000000E+00,    0.0000000000E+00,    1.6224957110E+01
     38100,      0.676920,CP6_after_kinetics,   1,    0.0000000000E+00,    1.6224957110E+01,    1.6224957110E+01,    0.0000000000E+00,    0.0000000000E+00,    0.0000000000E+00,    1.6224957110E+01
     38100,      0.676920,CP7_after_upper_clamp,   1,    0.0000000000E+00,    1.6224957110E+01,    1.6224957110E+01,    0.0000000000E+00,    0.0000000000E+00,    0.0000000000E+00,    1.6224957110E+01
     38100,      0.676920,CP8_after_OBC,   1,    0.0000000000E+00,    1.6224957110E+01,    1.6224957110E+01,    0.0000000000E+00,    0.0000000000E+00,    0.0000000000E+00,    1.6224957110E+01
     38100,      0.676920,CP9_after_PTsource,   1,    0.0000000000E+00,    1.6224957110E+01,    1.6224957110E+01,    0.0000000000E+00,    0.0000000000E+00,    0.0000000000E+00,    1.6224957110E+01
     38100,      0.676920,CP10_after_neg_clamp,   1,    0.0000000000E+00,    1.6224957110E+01,    1.6224957110E+01,    0.0000000000E+00,    0.0000000000E+00,    0.0000000000E+00,    1.6224957110E+01
     38100,      0.676920,CP11_after_MPI,   1,    0.0000000000E+00,    1.6224957110E+01,    1.6224957110E+01,    0.0000000000E+00,    0.0000000000E+00,    0.0000000000E+00,    1.6224957110E+01
     38100,      0.676920,CP12_end,   1,    0.0000000000E+00,    1.6224957110E+01,    1.6224957110E+01,    0.0000000000E+00,    0.0000000000E+00,    0.0000000000E+00,    1.6224957110E+01
     38150,      0.676920,CP0_start,   1,    0.0000000000E+00,    1.6266636295E+01,    1.6266636295E+01,    0.0000000000E+00,    0.0000000000E+00,    0.0000000000E+00,    1.6266636295E+01
     38150,      0.676920,CP1_after_deposition,   1,    0.0000000000E+00,    1.6266636295E+01,    1.6266636295E+01,    0.0000000000E+00,    0.0000000000E+00,    0.0000000000E+00,    1.6266636295E+01
     38150,      0.676920,CP2_after_erosion,   1,    0.0000000000E+00,    1.6266636295E+01,    1.6266636295E+01,    0.0000000000E+00,    0.0000000000E+00,    0.0000000000E+00,    1.6266636295E+01
     38150,      0.676920,CP3_after_update_bottom,   1,    0.0000000000E+00,    1.6266636295E+01,    1.6266636295E+01,    0.0000000000E+00,    0.0000000000E+00,    0.0000000000E+00,    1.6266636295E+01
     38150,      0.676920,CP4_after_advection,   1,    0.0000000000E+00,    1.6267712780E+01,    1.6267712780E+01,    0.0000000000E+00,    0.0000000000E+00,    0.0000000000E+00,    1.6267712780E+01
     38150,      0.676920,CP5_after_vdif,   1,    0.0000000000E+00,    1.6267712780E+01,    1.6267712780E+01,    0.0000000000E+00,    0.0000000000E+00,    0.0000000000E+00,    1.6267712780E+01
     38150,      0.676920,CP6_after_kinetics,   1,    0.0000000000E+00,    1.6267712780E+01,    1.6267712780E+01,    0.0000000000E+00,    0.0000000000E+00,    0.0000000000E+00,    1.6267712780E+01
     38150,      0.676920,CP7_after_upper_clamp,   1,    0.0000000000E+00,    1.6267712780E+01,    1.6267712780E+01,    0.0000000000E+00,    0.0000000000E+00,    0.0000000000E+00,    1.6267712780E+01
     38150,      0.676920,CP8_after_OBC,   1,    0.0000000000E+00,    1.6267712780E+01,    1.6267712780E+01,    0.0000000000E+00,    0.0000000000E+00,    0.0000000000E+00,    1.6267712780E+01
     38150,      0.676920,CP9_after_PTsource,   1,    0.0000000000E+00,    1.6267712780E+01,    1.6267712780E+01,    0.0000000000E+00,    0.0000000000E+00,    0.0000000000E+00,    1.6267712780E+01
     38150,      0.676920,CP10_after_neg_clamp,   1,    0.0000000000E+00,    1.6267712780E+01,    1.6267712780E+01,    0.0000000000E+00,    0.0000000000E+00,    0.0000000000E+00,    1.6267712780E+01
     38150,      0.676920,CP11_after_MPI,   1,    0.0000000000E+00,    1.6267712780E+01,    1.6267712780E+01,    0.0000000000E+00,    0.0000000000E+00,    0.0000000000E+00,    1.6267712780E+01
     38150,      0.676920,CP12_end,   1,    0.0000000000E+00,    1.6267712780E+01,    1.6267712780E+01,    0.0000000000E+00,    0.0000000000E+00,    0.0000000000E+00,    1.6267712780E+01
     38200,      0.676920,CP0_start,   1,    0.0000000000E+00,    1.6309390486E+01,    1.6309390486E+01,    0.0000000000E+00,    0.0000000000E+00,    0.0000000000E+00,    1.6309390486E+01
     38200,      0.676920,CP1_after_deposition,   1,    0.0000000000E+00,    1.6309390486E+01,    1.6309390486E+01,    0.0000000000E+00,    0.0000000000E+00,    0.0000000000E+00,    1.6309390486E+01
     38200,      0.676920,CP2_after_erosion,   1,    0.0000000000E+00,    1.6309390486E+01,    1.6309390486E+01,    0.0000000000E+00,    0.0000000000E+00,    0.0000000000E+00,    1.6309390486E+01
     38200,      0.676920,CP3_after_update_bottom,   1,    0.0000000000E+00,    1.6309390486E+01,    1.6309390486E+01,    0.0000000000E+00,    0.0000000000E+00,    0.0000000000E+00,    1.6309390486E+01
     38200,      0.676920,CP4_after_advection,   1,    0.0000000000E+00,    1.6310464329E+01,    1.6310464329E+01,    0.0000000000E+00,    0.0000000000E+00,    0.0000000000E+00,    1.6310464329E+01
     38200,      0.676920,CP5_after_vdif,   1,    0.0000000000E+00,    1.6310464329E+01,    1.6310464329E+01,    0.0000000000E+00,    0.0000000000E+00,    0.0000000000E+00,    1.6310464329E+01
     38200,      0.676920,CP6_after_kinetics,   1,    0.0000000000E+00,    1.6310464329E+01,    1.6310464329E+01,    0.0000000000E+00,    0.0000000000E+00,    0.0000000000E+00,    1.6310464329E+01
     38200,      0.676920,CP7_after_upper_clamp,   1,    0.0000000000E+00,    1.6310464329E+01,    1.6310464329E+01,    0.0000000000E+00,    0.0000000000E+00,    0.0000000000E+00,    1.6310464329E+01
     38200,      0.676920,CP8_after_OBC,   1,    0.0000000000E+00,    1.6310464329E+01,    1.6310464329E+01,    0.0000000000E+00,    0.0000000000E+00,    0.0000000000E+00,    1.6310464329E+01
     38200,      0.676920,CP9_after_PTsource,   1,    0.0000000000E+00,    1.6310464329E+01,    1.6310464329E+01,    0.0000000000E+00,    0.0000000000E+00,    0.0000000000E+00,    1.6310464329E+01
     38200,      0.676920,CP10_after_neg_clamp,   1,    0.0000000000E+00,    1.6310464329E+01,    1.6310464329E+01,    0.0000000000E+00,    0.0000000000E+00,    0.0000000000E+00,    1.6310464329E+01
     38200,      0.676920,CP11_after_MPI,   1,    0.0000000000E+00,    1.6310464329E+01,    1.6310464329E+01,    0.0000000000E+00,    0.0000000000E+00,    0.0000000000E+00,    1.6310464329E+01
     38200,      0.676920,CP12_end,   1,    0.0000000000E+00,    1.6310464329E+01,    1.6310464329E+01,    0.0000000000E+00,    0.0000000000E+00,    0.0000000000E+00,    1.6310464329E+01
     38250,      0.676920,CP0_start,   1,    0.0000000000E+00,    1.6352134134E+01,    1.6352134134E+01,    0.0000000000E+00,    0.0000000000E+00,    0.0000000000E+00,    1.6352134134E+01
     38250,      0.676920,CP1_after_deposition,   1,    0.0000000000E+00,    1.6352134134E+01,    1.6352134134E+01,    0.0000000000E+00,    0.0000000000E+00,    0.0000000000E+00,    1.6352134134E+01
     38250,      0.676920,CP2_after_erosion,   1,    0.0000000000E+00,    1.6352134134E+01,    1.6352134134E+01,    0.0000000000E+00,    0.0000000000E+00,    0.0000000000E+00,    1.6352134134E+01
     38250,      0.676920,CP3_after_update_bottom,   1,    0.0000000000E+00,    1.6352134134E+01,    1.6352134134E+01,    0.0000000000E+00,    0.0000000000E+00,    0.0000000000E+00,    1.6352134134E+01
     38250,      0.676920,CP4_after_advection,   1,    0.0000000000E+00,    1.6353205074E+01,    1.6353205074E+01,    0.0000000000E+00,    0.0000000000E+00,    0.0000000000E+00,    1.6353205074E+01
     38250,      0.676920,CP5_after_vdif,   1,    0.0000000000E+00,    1.6353205074E+01,    1.6353205074E+01,    0.0000000000E+00,    0.0000000000E+00,    0.0000000000E+00,    1.6353205074E+01
     38250,      0.676920,CP6_after_kinetics,   1,    0.0000000000E+00,    1.6353205074E+01,    1.6353205074E+01,    0.0000000000E+00,    0.0000000000E+00,    0.0000000000E+00,    1.6353205074E+01
     38250,      0.676920,CP7_after_upper_clamp,   1,    0.0000000000E+00,    1.6353205074E+01,    1.6353205074E+01,    0.0000000000E+00,    0.0000000000E+00,    0.0000000000E+00,    1.6353205074E+01
     38250,      0.676920,CP8_after_OBC,   1,    0.0000000000E+00,    1.6353205074E+01,    1.6353205074E+01,    0.0000000000E+00,    0.0000000000E+00,    0.0000000000E+00,    1.6353205074E+01
     38250,      0.676920,CP9_after_PTsource,   1,    0.0000000000E+00,    1.6353205074E+01,    1.6353205074E+01,    0.0000000000E+00,    0.0000000000E+00,    0.0000000000E+00,    1.6353205074E+01
     38250,      0.676920,CP10_after_neg_clamp,   1,    0.0000000000E+00,    1.6353205074E+01,    1.6353205074E+01,    0.0000000000E+00,    0.0000000000E+00,    0.0000000000E+00,    1.6353205074E+01
     38250,      0.676920,CP11_after_MPI,   1,    0.0000000000E+00,    1.6353205074E+01,    1.6353205074E+01,    0.0000000000E+00,    0.0000000000E+00,    0.0000000000E+00,    1.6353205074E+01
     38250,      0.676920,CP12_end,   1,    0.0000000000E+00,    1.6353205074E+01,    1.6353205074E+01,    0.0000000000E+00,    0.0000000000E+00,    0.0000000000E+00,    1.6353205074E+01
     38300,      0.676920,CP0_start,   1,    0.0000000000E+00,    1.6394869948E+01,    1.6394869948E+01,    0.0000000000E+00,    0.0000000000E+00,    0.0000000000E+00,    1.6394869948E+01
     38300,      0.676920,CP1_after_deposition,   1,    0.0000000000E+00,    1.6394869948E+01,    1.6394869948E+01,    0.0000000000E+00,    0.0000000000E+00,    0.0000000000E+00,    1.6394869948E+01
     38300,      0.676920,CP2_after_erosion,   1,    0.0000000000E+00,    1.6394869948E+01,    1.6394869948E+01,    0.0000000000E+00,    0.0000000000E+00,    0.0000000000E+00,    1.6394869948E+01
     38300,      0.676920,CP3_after_update_bottom,   1,    0.0000000000E+00,    1.6394869948E+01,    1.6394869948E+01,    0.0000000000E+00,    0.0000000000E+00,    0.0000000000E+00,    1.6394869948E+01
     38300,      0.676920,CP4_after_advection,   1,    0.0000000000E+00,    1.6395939064E+01,    1.6395939064E+01,    0.0000000000E+00,    0.0000000000E+00,    0.0000000000E+00,    1.6395939064E+01
     38300,      0.676920,CP5_after_vdif,   1,    0.0000000000E+00,    1.6395939064E+01,    1.6395939064E+01,    0.0000000000E+00,    0.0000000000E+00,    0.0000000000E+00,    1.6395939064E+01
     38300,      0.676920,CP6_after_kinetics,   1,    0.0000000000E+00,    1.6395939064E+01,    1.6395939064E+01,    0.0000000000E+00,    0.0000000000E+00,    0.0000000000E+00,    1.6395939064E+01
     38300,      0.676920,CP7_after_upper_clamp,   1,    0.0000000000E+00,    1.6395939064E+01,    1.6395939064E+01,    0.0000000000E+00,    0.0000000000E+00,    0.0000000000E+00,    1.6395939064E+01
     38300,      0.676920,CP8_after_OBC,   1,    0.0000000000E+00,    1.6395939064E+01,    1.6395939064E+01,    0.0000000000E+00,    0.0000000000E+00,    0.0000000000E+00,    1.6395939064E+01
     38300,      0.676920,CP9_after_PTsource,   1,    0.0000000000E+00,    1.6395939064E+01,    1.6395939064E+01,    0.0000000000E+00,    0.0000000000E+00,    0.0000000000E+00,    1.6395939064E+01
     38300,      0.676920,CP10_after_neg_clamp,   1,    0.0000000000E+00,    1.6395939064E+01,    1.6395939064E+01,    0.0000000000E+00,    0.0000000000E+00,    0.0000000000E+00,    1.6395939064E+01
     38300,      0.676920,CP11_after_MPI,   1,    0.0000000000E+00,    1.6395939064E+01,    1.6395939064E+01,    0.0000000000E+00,    0.0000000000E+00,    0.0000000000E+00,    1.6395939064E+01
     38300,      0.676920,CP12_end,   1,    0.0000000000E+00,    1.6395939064E+01,    1.6395939064E+01,    0.0000000000E+00,    0.0000000000E+00,    0.0000000000E+00,    1.6395939064E+01
     38350,      0.676920,CP0_start,   1,    0.0000000000E+00,    1.6437601653E+01,    1.6437601653E+01,    0.0000000000E+00,    0.0000000000E+00,    0.0000000000E+00,    1.6437601653E+01
     38350,      0.676920,CP1_after_deposition,   1,    0.0000000000E+00,    1.6437601653E+01,    1.6437601653E+01,    0.0000000000E+00,    0.0000000000E+00,    0.0000000000E+00,    1.6437601653E+01
     38350,      0.676920,CP2_after_erosion,   1,    0.0000000000E+00,    1.6437601653E+01,    1.6437601653E+01,    0.0000000000E+00,    0.0000000000E+00,    0.0000000000E+00,    1.6437601653E+01
     38350,      0.676920,CP3_after_update_bottom,   1,    0.0000000000E+00,    1.6437601653E+01,    1.6437601653E+01,    0.0000000000E+00,    0.0000000000E+00,    0.0000000000E+00,    1.6437601653E+01
     38350,      0.676920,CP4_after_advection,   1,    0.0000000000E+00,    1.6438669186E+01,    1.6438669186E+01,    0.0000000000E+00,    0.0000000000E+00,    0.0000000000E+00,    1.6438669186E+01
     38350,      0.676920,CP5_after_vdif,   1,    0.0000000000E+00,    1.6438669186E+01,    1.6438669186E+01,    0.0000000000E+00,    0.0000000000E+00,    0.0000000000E+00,    1.6438669186E+01
     38350,      0.676920,CP6_after_kinetics,   1,    0.0000000000E+00,    1.6438669186E+01,    1.6438669186E+01,    0.0000000000E+00,    0.0000000000E+00,    0.0000000000E+00,    1.6438669186E+01
     38350,      0.676920,CP7_after_upper_clamp,   1,    0.0000000000E+00,    1.6438669186E+01,    1.6438669186E+01,    0.0000000000E+00,    0.0000000000E+00,    0.0000000000E+00,    1.6438669186E+01
     38350,      0.676920,CP8_after_OBC,   1,    0.0000000000E+00,    1.6438669186E+01,    1.6438669186E+01,    0.0000000000E+00,    0.0000000000E+00,    0.0000000000E+00,    1.6438669186E+01
     38350,      0.676920,CP9_after_PTsource,   1,    0.0000000000E+00,    1.6438669186E+01,    1.6438669186E+01,    0.0000000000E+00,    0.0000000000E+00,    0.0000000000E+00,    1.6438669186E+01
     38350,      0.676920,CP10_after_neg_clamp,   1,    0.0000000000E+00,    1.6438669186E+01,    1.6438669186E+01,    0.0000000000E+00,    0.0000000000E+00,    0.0000000000E+00,    1.6438669186E+01
     38350,      0.676920,CP11_after_MPI,   1,    0.0000000000E+00,    1.6438669186E+01,    1.6438669186E+01,    0.0000000000E+00,    0.0000000000E+00,    0.0000000000E+00,    1.6438669186E+01
     38350,      0.676920,CP12_end,   1,    0.0000000000E+00,    1.6438669186E+01,    1.6438669186E+01,    0.0000000000E+00,    0.0000000000E+00,    0.0000000000E+00,    1.6438669186E+01
     38400,      0.676920,CP0_start,   1,    0.0000000000E+00,    1.6480330039E+01,    1.6480330039E+01,    0.0000000000E+00,    0.0000000000E+00,    0.0000000000E+00,    1.6480330039E+01
     38400,      0.676920,CP1_after_deposition,   1,    0.0000000000E+00,    1.6480330039E+01,    1.6480330039E+01,    0.0000000000E+00,    0.0000000000E+00,    0.0000000000E+00,    1.6480330039E+01
     38400,      0.676920,CP2_after_erosion,   1,    0.0000000000E+00,    1.6480330039E+01,    1.6480330039E+01,    0.0000000000E+00,    0.0000000000E+00,    0.0000000000E+00,    1.6480330039E+01
     38400,      0.676920,CP3_after_update_bottom,   1,    0.0000000000E+00,    1.6480330039E+01,    1.6480330039E+01,    0.0000000000E+00,    0.0000000000E+00,    0.0000000000E+00,    1.6480330039E+01
     38400,      0.676920,CP4_after_advection,   1,    0.0000000000E+00,    1.6481395213E+01,    1.6481395213E+01,    0.0000000000E+00,    0.0000000000E+00,    0.0000000000E+00,    1.6481395213E+01
     38400,      0.676920,CP5_after_vdif,   1,    0.0000000000E+00,    1.6481395213E+01,    1.6481395213E+01,    0.0000000000E+00,    0.0000000000E+00,    0.0000000000E+00,    1.6481395213E+01
     38400,      0.676920,CP6_after_kinetics,   1,    0.0000000000E+00,    1.6481395213E+01,    1.6481395213E+01,    0.0000000000E+00,    0.0000000000E+00,    0.0000000000E+00,    1.6481395213E+01
     38400,      0.676920,CP7_after_upper_clamp,   1,    0.0000000000E+00,    1.6481395213E+01,    1.6481395213E+01,    0.0000000000E+00,    0.0000000000E+00,    0.0000000000E+00,    1.6481395213E+01
     38400,      0.676920,CP8_after_OBC,   1,    0.0000000000E+00,    1.6481395213E+01,    1.6481395213E+01,    0.0000000000E+00,    0.0000000000E+00,    0.0000000000E+00,    1.6481395213E+01
     38400,      0.676920,CP9_after_PTsource,   1,    0.0000000000E+00,    1.6481395213E+01,    1.6481395213E+01,    0.0000000000E+00,    0.0000000000E+00,    0.0000000000E+00,    1.6481395213E+01
     38400,      0.676920,CP10_after_neg_clamp,   1,    0.0000000000E+00,    1.6481395213E+01,    1.6481395213E+01,    0.0000000000E+00,    0.0000000000E+00,    0.0000000000E+00,    1.6481395213E+01
     38400,      0.676920,CP11_after_MPI,   1,    0.0000000000E+00,    1.6481395213E+01,    1.6481395213E+01,    0.0000000000E+00,    0.0000000000E+00,    0.0000000000E+00,    1.6481395213E+01
     38400,      0.676920,CP12_end,   1,    0.0000000000E+00,    1.6481395213E+01,    1.6481395213E+01,    0.0000000000E+00,    0.0000000000E+00,    0.0000000000E+00,    1.6481395213E+01
     38450,      0.676920,CP0_start,   1,    0.0000000000E+00,    1.6523055882E+01,    1.6523055882E+01,    0.0000000000E+00,    0.0000000000E+00,    0.0000000000E+00,    1.6523055882E+01
     38450,      0.676920,CP1_after_deposition,   1,    0.0000000000E+00,    1.6523055882E+01,    1.6523055882E+01,    0.0000000000E+00,    0.0000000000E+00,    0.0000000000E+00,    1.6523055882E+01
     38450,      0.676920,CP2_after_erosion,   1,    0.0000000000E+00,    1.6523055882E+01,    1.6523055882E+01,    0.0000000000E+00,    0.0000000000E+00,    0.0000000000E+00,    1.6523055882E+01
     38450,      0.676920,CP3_after_update_bottom,   1,    0.0000000000E+00,    1.6523055882E+01,    1.6523055882E+01,    0.0000000000E+00,    0.0000000000E+00,    0.0000000000E+00,    1.6523055882E+01
     38450,      0.676920,CP4_after_advection,   1,    0.0000000000E+00,    1.6524118106E+01,    1.6524118106E+01,    0.0000000000E+00,    0.0000000000E+00,    0.0000000000E+00,    1.6524118106E+01
     38450,      0.676920,CP5_after_vdif,   1,    0.0000000000E+00,    1.6524118106E+01,    1.6524118106E+01,    0.0000000000E+00,    0.0000000000E+00,    0.0000000000E+00,    1.6524118106E+01
     38450,      0.676920,CP6_after_kinetics,   1,    0.0000000000E+00,    1.6524118106E+01,    1.6524118106E+01,    0.0000000000E+00,    0.0000000000E+00,    0.0000000000E+00,    1.6524118106E+01
     38450,      0.676920,CP7_after_upper_clamp,   1,    0.0000000000E+00,    1.6524118106E+01,    1.6524118106E+01,    0.0000000000E+00,    0.0000000000E+00,    0.0000000000E+00,    1.6524118106E+01
     38450,      0.676920,CP8_after_OBC,   1,    0.0000000000E+00,    1.6524118106E+01,    1.6524118106E+01,    0.0000000000E+00,    0.0000000000E+00,    0.0000000000E+00,    1.6524118106E+01
     38450,      0.676920,CP9_after_PTsource,   1,    0.0000000000E+00,    1.6524118106E+01,    1.6524118106E+01,    0.0000000000E+00,    0.0000000000E+00,    0.0000000000E+00,    1.6524118106E+01
     38450,      0.676920,CP10_after_neg_clamp,   1,    0.0000000000E+00,    1.6524118106E+01,    1.6524118106E+01,    0.0000000000E+00,    0.0000000000E+00,    0.0000000000E+00,    1.6524118106E+01
     38450,      0.676920,CP11_after_MPI,   1,    0.0000000000E+00,    1.6524118106E+01,    1.6524118106E+01,    0.0000000000E+00,    0.0000000000E+00,    0.0000000000E+00,    1.6524118106E+01
     38450,      0.676920,CP12_end,   1,    0.0000000000E+00,    1.6524118106E+01,    1.6524118106E+01,    0.0000000000E+00,    0.0000000000E+00,    0.0000000000E+00,    1.6524118106E+01
     38500,      0.676920,CP0_start,   1,    0.0000000000E+00,    1.6565787555E+01,    1.6565787555E+01,    0.0000000000E+00,    0.0000000000E+00,    0.0000000000E+00,    1.6565787555E+01
     38500,      0.676920,CP1_after_deposition,   1,    0.0000000000E+00,    1.6565787555E+01,    1.6565787555E+01,    0.0000000000E+00,    0.0000000000E+00,    0.0000000000E+00,    1.6565787555E+01
     38500,      0.676920,CP2_after_erosion,   1,    0.0000000000E+00,    1.6565787555E+01,    1.6565787555E+01,    0.0000000000E+00,    0.0000000000E+00,    0.0000000000E+00,    1.6565787555E+01
     38500,      0.676920,CP3_after_update_bottom,   1,    0.0000000000E+00,    1.6565787555E+01,    1.6565787555E+01,    0.0000000000E+00,    0.0000000000E+00,    0.0000000000E+00,    1.6565787555E+01
     38500,      0.676920,CP4_after_advection,   1,    0.0000000000E+00,    1.6566847066E+01,    1.6566847066E+01,    0.0000000000E+00,    0.0000000000E+00,    0.0000000000E+00,    1.6566847066E+01
     38500,      0.676920,CP5_after_vdif,   1,    0.0000000000E+00,    1.6566847066E+01,    1.6566847066E+01,    0.0000000000E+00,    0.0000000000E+00,    0.0000000000E+00,    1.6566847066E+01
     38500,      0.676920,CP6_after_kinetics,   1,    0.0000000000E+00,    1.6566847066E+01,    1.6566847066E+01,    0.0000000000E+00,    0.0000000000E+00,    0.0000000000E+00,    1.6566847066E+01
     38500,      0.676920,CP7_after_upper_clamp,   1,    0.0000000000E+00,    1.6566847066E+01,    1.6566847066E+01,    0.0000000000E+00,    0.0000000000E+00,    0.0000000000E+00,    1.6566847066E+01
     38500,      0.676920,CP8_after_OBC,   1,    0.0000000000E+00,    1.6566847066E+01,    1.6566847066E+01,    0.0000000000E+00,    0.0000000000E+00,    0.0000000000E+00,    1.6566847066E+01
     38500,      0.676920,CP9_after_PTsource,   1,    0.0000000000E+00,    1.6566847066E+01,    1.6566847066E+01,    0.0000000000E+00,    0.0000000000E+00,    0.0000000000E+00,    1.6566847066E+01
     38500,      0.676920,CP10_after_neg_clamp,   1,    0.0000000000E+00,    1.6566847066E+01,    1.6566847066E+01,    0.0000000000E+00,    0.0000000000E+00,    0.0000000000E+00,    1.6566847066E+01
     38500,      0.676920,CP11_after_MPI,   1,    0.0000000000E+00,    1.6566847066E+01,    1.6566847066E+01,    0.0000000000E+00,    0.0000000000E+00,    0.0000000000E+00,    1.6566847066E+01
     38500,      0.676920,CP12_end,   1,    0.0000000000E+00,    1.6566847066E+01,    1.6566847066E+01,    0.0000000000E+00,    0.0000000000E+00,    0.0000000000E+00,    1.6566847066E+01
     38550,      0.676920,CP0_start,   1,    0.0000000000E+00,    1.6608516313E+01,    1.6608516313E+01,    0.0000000000E+00,    0.0000000000E+00,    0.0000000000E+00,    1.6608516313E+01
     38550,      0.676920,CP1_after_deposition,   1,    0.0000000000E+00,    1.6608516313E+01,    1.6608516313E+01,    0.0000000000E+00,    0.0000000000E+00,    0.0000000000E+00,    1.6608516313E+01
     38550,      0.676920,CP2_after_erosion,   1,    0.0000000000E+00,    1.6608516313E+01,    1.6608516313E+01,    0.0000000000E+00,    0.0000000000E+00,    0.0000000000E+00,    1.6608516313E+01
     38550,      0.676920,CP3_after_update_bottom,   1,    0.0000000000E+00,    1.6608516313E+01,    1.6608516313E+01,    0.0000000000E+00,    0.0000000000E+00,    0.0000000000E+00,    1.6608516313E+01
     38550,      0.676920,CP4_after_advection,   1,    0.0000000000E+00,    1.6609573812E+01,    1.6609573812E+01,    0.0000000000E+00,    0.0000000000E+00,    0.0000000000E+00,    1.6609573812E+01
     38550,      0.676920,CP5_after_vdif,   1,    0.0000000000E+00,    1.6609573812E+01,    1.6609573812E+01,    0.0000000000E+00,    0.0000000000E+00,    0.0000000000E+00,    1.6609573812E+01
     38550,      0.676920,CP6_after_kinetics,   1,    0.0000000000E+00,    1.6609573812E+01,    1.6609573812E+01,    0.0000000000E+00,    0.0000000000E+00,    0.0000000000E+00,    1.6609573812E+01
     38550,      0.676920,CP7_after_upper_clamp,   1,    0.0000000000E+00,    1.6609573812E+01,    1.6609573812E+01,    0.0000000000E+00,    0.0000000000E+00,    0.0000000000E+00,    1.6609573812E+01
     38550,      0.676920,CP8_after_OBC,   1,    0.0000000000E+00,    1.6609573812E+01,    1.6609573812E+01,    0.0000000000E+00,    0.0000000000E+00,    0.0000000000E+00,    1.6609573812E+01
     38550,      0.676920,CP9_after_PTsource,   1,    0.0000000000E+00,    1.6609573812E+01,    1.6609573812E+01,    0.0000000000E+00,    0.0000000000E+00,    0.0000000000E+00,    1.6609573812E+01
     38550,      0.676920,CP10_after_neg_clamp,   1,    0.0000000000E+00,    1.6609573812E+01,    1.6609573812E+01,    0.0000000000E+00,    0.0000000000E+00,    0.0000000000E+00,    1.6609573812E+01
     38550,      0.676920,CP11_after_MPI,   1,    0.0000000000E+00,    1.6609573812E+01,    1.6609573812E+01,    0.0000000000E+00,    0.0000000000E+00,    0.0000000000E+00,    1.6609573812E+01
     38550,      0.676920,CP12_end,   1,    0.0000000000E+00,    1.6609573812E+01,    1.6609573812E+01,    0.0000000000E+00,    0.0000000000E+00,    0.0000000000E+00,    1.6609573812E+01
     38600,      0.676920,CP0_start,   1,    0.0000000000E+00,    1.6651247671E+01,    1.6651247671E+01,    0.0000000000E+00,    0.0000000000E+00,    0.0000000000E+00,    1.6651247671E+01
     38600,      0.676920,CP1_after_deposition,   1,    0.0000000000E+00,    1.6651247671E+01,    1.6651247671E+01,    0.0000000000E+00,    0.0000000000E+00,    0.0000000000E+00,    1.6651247671E+01
     38600,      0.676920,CP2_after_erosion,   1,    0.0000000000E+00,    1.6651247671E+01,    1.6651247671E+01,    0.0000000000E+00,    0.0000000000E+00,    0.0000000000E+00,    1.6651247671E+01
     38600,      0.676920,CP3_after_update_bottom,   1,    0.0000000000E+00,    1.6651247671E+01,    1.6651247671E+01,    0.0000000000E+00,    0.0000000000E+00,    0.0000000000E+00,    1.6651247671E+01
     38600,      0.676920,CP4_after_advection,   1,    0.0000000000E+00,    1.6652303112E+01,    1.6652303112E+01,    0.0000000000E+00,    0.0000000000E+00,    0.0000000000E+00,    1.6652303112E+01
     38600,      0.676920,CP5_after_vdif,   1,    0.0000000000E+00,    1.6652303112E+01,    1.6652303112E+01,    0.0000000000E+00,    0.0000000000E+00,    0.0000000000E+00,    1.6652303112E+01
     38600,      0.676920,CP6_after_kinetics,   1,    0.0000000000E+00,    1.6652303112E+01,    1.6652303112E+01,    0.0000000000E+00,    0.0000000000E+00,    0.0000000000E+00,    1.6652303112E+01
     38600,      0.676920,CP7_after_upper_clamp,   1,    0.0000000000E+00,    1.6652303112E+01,    1.6652303112E+01,    0.0000000000E+00,    0.0000000000E+00,    0.0000000000E+00,    1.6652303112E+01
     38600,      0.676920,CP8_after_OBC,   1,    0.0000000000E+00,    1.6652303112E+01,    1.6652303112E+01,    0.0000000000E+00,    0.0000000000E+00,    0.0000000000E+00,    1.6652303112E+01
     38600,      0.676920,CP9_after_PTsource,   1,    0.0000000000E+00,    1.6652303112E+01,    1.6652303112E+01,    0.0000000000E+00,    0.0000000000E+00,    0.0000000000E+00,    1.6652303112E+01
     38600,      0.676920,CP10_after_neg_clamp,   1,    0.0000000000E+00,    1.6652303112E+01,    1.6652303112E+01,    0.0000000000E+00,    0.0000000000E+00,    0.0000000000E+00,    1.6652303112E+01
     38600,      0.676920,CP11_after_MPI,   1,    0.0000000000E+00,    1.6652303112E+01,    1.6652303112E+01,    0.0000000000E+00,    0.0000000000E+00,    0.0000000000E+00,    1.6652303112E+01
     38600,      0.676920,CP12_end,   1,    0.0000000000E+00,    1.6652303112E+01,    1.6652303112E+01,    0.0000000000E+00,    0.0000000000E+00,    0.0000000000E+00,    1.6652303112E+01
     38650,      0.676920,CP0_start,   1,    0.0000000000E+00,    1.6693978394E+01,    1.6693978394E+01,    0.0000000000E+00,    0.0000000000E+00,    0.0000000000E+00,    1.6693978394E+01
     38650,      0.676920,CP1_after_deposition,   1,    0.0000000000E+00,    1.6693978394E+01,    1.6693978394E+01,    0.0000000000E+00,    0.0000000000E+00,    0.0000000000E+00,    1.6693978394E+01
     38650,      0.676920,CP2_after_erosion,   1,    0.0000000000E+00,    1.6693978394E+01,    1.6693978394E+01,    0.0000000000E+00,    0.0000000000E+00,    0.0000000000E+00,    1.6693978394E+01
     38650,      0.676920,CP3_after_update_bottom,   1,    0.0000000000E+00,    1.6693978394E+01,    1.6693978394E+01,    0.0000000000E+00,    0.0000000000E+00,    0.0000000000E+00,    1.6693978394E+01
     38650,      0.676920,CP4_after_advection,   1,    0.0000000000E+00,    1.6695031199E+01,    1.6695031199E+01,    0.0000000000E+00,    0.0000000000E+00,    0.0000000000E+00,    1.6695031199E+01
     38650,      0.676920,CP5_after_vdif,   1,    0.0000000000E+00,    1.6695031199E+01,    1.6695031199E+01,    0.0000000000E+00,    0.0000000000E+00,    0.0000000000E+00,    1.6695031199E+01
     38650,      0.676920,CP6_after_kinetics,   1,    0.0000000000E+00,    1.6695031199E+01,    1.6695031199E+01,    0.0000000000E+00,    0.0000000000E+00,    0.0000000000E+00,    1.6695031199E+01
     38650,      0.676920,CP7_after_upper_clamp,   1,    0.0000000000E+00,    1.6695031199E+01,    1.6695031199E+01,    0.0000000000E+00,    0.0000000000E+00,    0.0000000000E+00,    1.6695031199E+01
     38650,      0.676920,CP8_after_OBC,   1,    0.0000000000E+00,    1.6695031199E+01,    1.6695031199E+01,    0.0000000000E+00,    0.0000000000E+00,    0.0000000000E+00,    1.6695031199E+01
     38650,      0.676920,CP9_after_PTsource,   1,    0.0000000000E+00,    1.6695031199E+01,    1.6695031199E+01,    0.0000000000E+00,    0.0000000000E+00,    0.0000000000E+00,    1.6695031199E+01
     38650,      0.676920,CP10_after_neg_clamp,   1,    0.0000000000E+00,    1.6695031199E+01,    1.6695031199E+01,    0.0000000000E+00,    0.0000000000E+00,    0.0000000000E+00,    1.6695031199E+01
     38650,      0.676920,CP11_after_MPI,   1,    0.0000000000E+00,    1.6695031199E+01,    1.6695031199E+01,    0.0000000000E+00,    0.0000000000E+00,    0.0000000000E+00,    1.6695031199E+01
     38650,      0.676920,CP12_end,   1,    0.0000000000E+00,    1.6695031199E+01,    1.6695031199E+01,    0.0000000000E+00,    0.0000000000E+00,    0.0000000000E+00,    1.6695031199E+01
     38700,      0.676920,CP0_start,   1,    0.0000000000E+00,    1.6736710075E+01,    1.6736710075E+01,    0.0000000000E+00,    0.0000000000E+00,    0.0000000000E+00,    1.6736710075E+01
     38700,      0.676920,CP1_after_deposition,   1,    0.0000000000E+00,    1.6736710075E+01,    1.6736710075E+01,    0.0000000000E+00,    0.0000000000E+00,    0.0000000000E+00,    1.6736710075E+01
     38700,      0.676920,CP2_after_erosion,   1,    0.0000000000E+00,    1.6736710075E+01,    1.6736710075E+01,    0.0000000000E+00,    0.0000000000E+00,    0.0000000000E+00,    1.6736710075E+01
     38700,      0.676920,CP3_after_update_bottom,   1,    0.0000000000E+00,    1.6736710075E+01,    1.6736710075E+01,    0.0000000000E+00,    0.0000000000E+00,    0.0000000000E+00,    1.6736710075E+01
     38700,      0.676920,CP4_after_advection,   1,    0.0000000000E+00,    1.6737761511E+01,    1.6737761511E+01,    0.0000000000E+00,    0.0000000000E+00,    0.0000000000E+00,    1.6737761511E+01
     38700,      0.676920,CP5_after_vdif,   1,    0.0000000000E+00,    1.6737761511E+01,    1.6737761511E+01,    0.0000000000E+00,    0.0000000000E+00,    0.0000000000E+00,    1.6737761511E+01
     38700,      0.676920,CP6_after_kinetics,   1,    0.0000000000E+00,    1.6737761511E+01,    1.6737761511E+01,    0.0000000000E+00,    0.0000000000E+00,    0.0000000000E+00,    1.6737761511E+01
     38700,      0.676920,CP7_after_upper_clamp,   1,    0.0000000000E+00,    1.6737761511E+01,    1.6737761511E+01,    0.0000000000E+00,    0.0000000000E+00,    0.0000000000E+00,    1.6737761511E+01
     38700,      0.676920,CP8_after_OBC,   1,    0.0000000000E+00,    1.6737761511E+01,    1.6737761511E+01,    0.0000000000E+00,    0.0000000000E+00,    0.0000000000E+00,    1.6737761511E+01
     38700,      0.676920,CP9_after_PTsource,   1,    0.0000000000E+00,    1.6737761511E+01,    1.6737761511E+01,    0.0000000000E+00,    0.0000000000E+00,    0.0000000000E+00,    1.6737761511E+01
     38700,      0.676920,CP10_after_neg_clamp,   1,    0.0000000000E+00,    1.6737761511E+01,    1.6737761511E+01,    0.0000000000E+00,    0.0000000000E+00,    0.0000000000E+00,    1.6737761511E+01
     38700,      0.676920,CP11_after_MPI,   1,    0.0000000000E+00,    1.6737761511E+01,    1.6737761511E+01,    0.0000000000E+00,    0.0000000000E+00,    0.0000000000E+00,    1.6737761511E+01
     38700,      0.676920,CP12_end,   1,    0.0000000000E+00,    1.6737761511E+01,    1.6737761511E+01,    0.0000000000E+00,    0.0000000000E+00,    0.0000000000E+00,    1.6737761511E+01
     38750,      0.676920,CP0_start,   1,    0.0000000000E+00,    1.6779213308E+01,    1.6779213308E+01,    0.0000000000E+00,    0.0000000000E+00,    0.0000000000E+00,    1.6779213308E+01
     38750,      0.676920,CP1_after_deposition,   1,    0.0000000000E+00,    1.6779213308E+01,    1.6779213308E+01,    0.0000000000E+00,    0.0000000000E+00,    0.0000000000E+00,    1.6779213308E+01
     38750,      0.676920,CP2_after_erosion,   1,    0.0000000000E+00,    1.6779213308E+01,    1.6779213308E+01,    0.0000000000E+00,    0.0000000000E+00,    0.0000000000E+00,    1.6779213308E+01
     38750,      0.676920,CP3_after_update_bottom,   1,    0.0000000000E+00,    1.6779213308E+01,    1.6779213308E+01,    0.0000000000E+00,    0.0000000000E+00,    0.0000000000E+00,    1.6779213308E+01
     38750,      0.676920,CP4_after_advection,   1,    0.0000000000E+00,    1.6780261940E+01,    1.6780261940E+01,    0.0000000000E+00,    0.0000000000E+00,    0.0000000000E+00,    1.6780261940E+01
     38750,      0.676920,CP5_after_vdif,   1,    0.0000000000E+00,    1.6780261940E+01,    1.6780261940E+01,    0.0000000000E+00,    0.0000000000E+00,    0.0000000000E+00,    1.6780261940E+01
     38750,      0.676920,CP6_after_kinetics,   1,    0.0000000000E+00,    1.6780261940E+01,    1.6780261940E+01,    0.0000000000E+00,    0.0000000000E+00,    0.0000000000E+00,    1.6780261940E+01
     38750,      0.676920,CP7_after_upper_clamp,   1,    0.0000000000E+00,    1.6780261940E+01,    1.6780261940E+01,    0.0000000000E+00,    0.0000000000E+00,    0.0000000000E+00,    1.6780261940E+01
     38750,      0.676920,CP8_after_OBC,   1,    0.0000000000E+00,    1.6780261940E+01,    1.6780261940E+01,    0.0000000000E+00,    0.0000000000E+00,    0.0000000000E+00,    1.6780261940E+01
     38750,      0.676920,CP9_after_PTsource,   1,    0.0000000000E+00,    1.6780261940E+01,    1.6780261940E+01,    0.0000000000E+00,    0.0000000000E+00,    0.0000000000E+00,    1.6780261940E+01
     38750,      0.676920,CP10_after_neg_clamp,   1,    0.0000000000E+00,    1.6780261940E+01,    1.6780261940E+01,    0.0000000000E+00,    0.0000000000E+00,    0.0000000000E+00,    1.6780261940E+01
     38750,      0.676920,CP11_after_MPI,   1,    0.0000000000E+00,    1.6780261940E+01,    1.6780261940E+01,    0.0000000000E+00,    0.0000000000E+00,    0.0000000000E+00,    1.6780261940E+01
     38750,      0.676920,CP12_end,   1,    0.0000000000E+00,    1.6780261940E+01,    1.6780261940E+01,    0.0000000000E+00,    0.0000000000E+00,    0.0000000000E+00,    1.6780261940E+01
     38800,      0.676920,CP0_start,   1,    0.0000000000E+00,    1.6821720722E+01,    1.6821720722E+01,    0.0000000000E+00,    0.0000000000E+00,    0.0000000000E+00,    1.6821720722E+01
     38800,      0.676920,CP1_after_deposition,   1,    0.0000000000E+00,    1.6821720722E+01,    1.6821720722E+01,    0.0000000000E+00,    0.0000000000E+00,    0.0000000000E+00,    1.6821720722E+01
     38800,      0.676920,CP2_after_erosion,   1,    0.0000000000E+00,    1.6821720722E+01,    1.6821720722E+01,    0.0000000000E+00,    0.0000000000E+00,    0.0000000000E+00,    1.6821720722E+01
     38800,      0.676920,CP3_after_update_bottom,   1,    0.0000000000E+00,    1.6821720722E+01,    1.6821720722E+01,    0.0000000000E+00,    0.0000000000E+00,    0.0000000000E+00,    1.6821720722E+01
     38800,      0.676920,CP4_after_advection,   1,    0.0000000000E+00,    1.6822767525E+01,    1.6822767525E+01,    0.0000000000E+00,    0.0000000000E+00,    0.0000000000E+00,    1.6822767525E+01
     38800,      0.676920,CP5_after_vdif,   1,    0.0000000000E+00,    1.6822767525E+01,    1.6822767525E+01,    0.0000000000E+00,    0.0000000000E+00,    0.0000000000E+00,    1.6822767525E+01
     38800,      0.676920,CP6_after_kinetics,   1,    0.0000000000E+00,    1.6822767525E+01,    1.6822767525E+01,    0.0000000000E+00,    0.0000000000E+00,    0.0000000000E+00,    1.6822767525E+01
     38800,      0.676920,CP7_after_upper_clamp,   1,    0.0000000000E+00,    1.6822767525E+01,    1.6822767525E+01,    0.0000000000E+00,    0.0000000000E+00,    0.0000000000E+00,    1.6822767525E+01
     38800,      0.676920,CP8_after_OBC,   1,    0.0000000000E+00,    1.6822767525E+01,    1.6822767525E+01,    0.0000000000E+00,    0.0000000000E+00,    0.0000000000E+00,    1.6822767525E+01
     38800,      0.676920,CP9_after_PTsource,   1,    0.0000000000E+00,    1.6822767525E+01,    1.6822767525E+01,    0.0000000000E+00,    0.0000000000E+00,    0.0000000000E+00,    1.6822767525E+01
     38800,      0.676920,CP10_after_neg_clamp,   1,    0.0000000000E+00,    1.6822767525E+01,    1.6822767525E+01,    0.0000000000E+00,    0.0000000000E+00,    0.0000000000E+00,    1.6822767525E+01
     38800,      0.676920,CP11_after_MPI,   1,    0.0000000000E+00,    1.6822767525E+01,    1.6822767525E+01,    0.0000000000E+00,    0.0000000000E+00,    0.0000000000E+00,    1.6822767525E+01
     38800,      0.676920,CP12_end,   1,    0.0000000000E+00,    1.6822767525E+01,    1.6822767525E+01,    0.0000000000E+00,    0.0000000000E+00,    0.0000000000E+00,    1.6822767525E+01
     38850,      0.676920,CP0_start,   1,    0.0000000000E+00,    1.6864231548E+01,    1.6864231548E+01,    0.0000000000E+00,    0.0000000000E+00,    0.0000000000E+00,    1.6864231548E+01
     38850,      0.676920,CP1_after_deposition,   1,    0.0000000000E+00,    1.6864231548E+01,    1.6864231548E+01,    0.0000000000E+00,    0.0000000000E+00,    0.0000000000E+00,    1.6864231548E+01
     38850,      0.676920,CP2_after_erosion,   1,    0.0000000000E+00,    1.6864231548E+01,    1.6864231548E+01,    0.0000000000E+00,    0.0000000000E+00,    0.0000000000E+00,    1.6864231548E+01
     38850,      0.676920,CP3_after_update_bottom,   1,    0.0000000000E+00,    1.6864231548E+01,    1.6864231548E+01,    0.0000000000E+00,    0.0000000000E+00,    0.0000000000E+00,    1.6864231548E+01
     38850,      0.676920,CP4_after_advection,   1,    0.0000000000E+00,    1.6865276987E+01,    1.6865276987E+01,    0.0000000000E+00,    0.0000000000E+00,    0.0000000000E+00,    1.6865276987E+01
     38850,      0.676920,CP5_after_vdif,   1,    0.0000000000E+00,    1.6865276987E+01,    1.6865276987E+01,    0.0000000000E+00,    0.0000000000E+00,    0.0000000000E+00,    1.6865276987E+01
     38850,      0.676920,CP6_after_kinetics,   1,    0.0000000000E+00,    1.6865276987E+01,    1.6865276987E+01,    0.0000000000E+00,    0.0000000000E+00,    0.0000000000E+00,    1.6865276987E+01
     38850,      0.676920,CP7_after_upper_clamp,   1,    0.0000000000E+00,    1.6865276987E+01,    1.6865276987E+01,    0.0000000000E+00,    0.0000000000E+00,    0.0000000000E+00,    1.6865276987E+01
     38850,      0.676920,CP8_after_OBC,   1,    0.0000000000E+00,    1.6865276987E+01,    1.6865276987E+01,    0.0000000000E+00,    0.0000000000E+00,    0.0000000000E+00,    1.6865276987E+01
     38850,      0.676920,CP9_after_PTsource,   1,    0.0000000000E+00,    1.6865276987E+01,    1.6865276987E+01,    0.0000000000E+00,    0.0000000000E+00,    0.0000000000E+00,    1.6865276987E+01
     38850,      0.676920,CP10_after_neg_clamp,   1,    0.0000000000E+00,    1.6865276987E+01,    1.6865276987E+01,    0.0000000000E+00,    0.0000000000E+00,    0.0000000000E+00,    1.6865276987E+01
     38850,      0.676920,CP11_after_MPI,   1,    0.0000000000E+00,    1.6865276987E+01,    1.6865276987E+01,    0.0000000000E+00,    0.0000000000E+00,    0.0000000000E+00,    1.6865276987E+01
     38850,      0.676920,CP12_end,   1,    0.0000000000E+00,    1.6865276987E+01,    1.6865276987E+01,    0.0000000000E+00,    0.0000000000E+00,    0.0000000000E+00,    1.6865276987E+01
     38900,      0.676920,CP0_start,   1,    0.0000000000E+00,    1.6906742138E+01,    1.6906742138E+01,    0.0000000000E+00,    0.0000000000E+00,    0.0000000000E+00,    1.6906742138E+01
     38900,      0.676920,CP1_after_deposition,   1,    0.0000000000E+00,    1.6906742138E+01,    1.6906742138E+01,    0.0000000000E+00,    0.0000000000E+00,    0.0000000000E+00,    1.6906742138E+01
     38900,      0.676920,CP2_after_erosion,   1,    0.0000000000E+00,    1.6906742138E+01,    1.6906742138E+01,    0.0000000000E+00,    0.0000000000E+00,    0.0000000000E+00,    1.6906742138E+01
     38900,      0.676920,CP3_after_update_bottom,   1,    0.0000000000E+00,    1.6906742138E+01,    1.6906742138E+01,    0.0000000000E+00,    0.0000000000E+00,    0.0000000000E+00,    1.6906742138E+01
     38900,      0.676920,CP4_after_advection,   1,    0.0000000000E+00,    1.6907785231E+01,    1.6907785231E+01,    0.0000000000E+00,    0.0000000000E+00,    0.0000000000E+00,    1.6907785231E+01
     38900,      0.676920,CP5_after_vdif,   1,    0.0000000000E+00,    1.6907785231E+01,    1.6907785231E+01,    0.0000000000E+00,    0.0000000000E+00,    0.0000000000E+00,    1.6907785231E+01
     38900,      0.676920,CP6_after_kinetics,   1,    0.0000000000E+00,    1.6907785231E+01,    1.6907785231E+01,    0.0000000000E+00,    0.0000000000E+00,    0.0000000000E+00,    1.6907785231E+01
     38900,      0.676920,CP7_after_upper_clamp,   1,    0.0000000000E+00,    1.6907785231E+01,    1.6907785231E+01,    0.0000000000E+00,    0.0000000000E+00,    0.0000000000E+00,    1.6907785231E+01
     38900,      0.676920,CP8_after_OBC,   1,    0.0000000000E+00,    1.6907785231E+01,    1.6907785231E+01,    0.0000000000E+00,    0.0000000000E+00,    0.0000000000E+00,    1.6907785231E+01
     38900,      0.676920,CP9_after_PTsource,   1,    0.0000000000E+00,    1.6907785231E+01,    1.6907785231E+01,    0.0000000000E+00,    0.0000000000E+00,    0.0000000000E+00,    1.6907785231E+01
     38900,      0.676920,CP10_after_neg_clamp,   1,    0.0000000000E+00,    1.6907785231E+01,    1.6907785231E+01,    0.0000000000E+00,    0.0000000000E+00,    0.0000000000E+00,    1.6907785231E+01
     38900,      0.676920,CP11_after_MPI,   1,    0.0000000000E+00,    1.6907785231E+01,    1.6907785231E+01,    0.0000000000E+00,    0.0000000000E+00,    0.0000000000E+00,    1.6907785231E+01
     38900,      0.676920,CP12_end,   1,    0.0000000000E+00,    1.6907785231E+01,    1.6907785231E+01,    0.0000000000E+00,    0.0000000000E+00,    0.0000000000E+00,    1.6907785231E+01
     38950,      0.676920,CP0_start,   1,    0.0000000000E+00,    1.6949279695E+01,    1.6949279695E+01,    0.0000000000E+00,    0.0000000000E+00,    0.0000000000E+00,    1.6949279695E+01
     38950,      0.676920,CP1_after_deposition,   1,    0.0000000000E+00,    1.6949279695E+01,    1.6949279695E+01,    0.0000000000E+00,    0.0000000000E+00,    0.0000000000E+00,    1.6949279695E+01
     38950,      0.676920,CP2_after_erosion,   1,    0.0000000000E+00,    1.6949279695E+01,    1.6949279695E+01,    0.0000000000E+00,    0.0000000000E+00,    0.0000000000E+00,    1.6949279695E+01
     38950,      0.676920,CP3_after_update_bottom,   1,    0.0000000000E+00,    1.6949279695E+01,    1.6949279695E+01,    0.0000000000E+00,    0.0000000000E+00,    0.0000000000E+00,    1.6949279695E+01
     38950,      0.676920,CP4_after_advection,   1,    0.0000000000E+00,    1.6950319971E+01,    1.6950319971E+01,    0.0000000000E+00,    0.0000000000E+00,    0.0000000000E+00,    1.6950319971E+01
     38950,      0.676920,CP5_after_vdif,   1,    0.0000000000E+00,    1.6950319971E+01,    1.6950319971E+01,    0.0000000000E+00,    0.0000000000E+00,    0.0000000000E+00,    1.6950319971E+01
     38950,      0.676920,CP6_after_kinetics,   1,    0.0000000000E+00,    1.6950319971E+01,    1.6950319971E+01,    0.0000000000E+00,    0.0000000000E+00,    0.0000000000E+00,    1.6950319971E+01
     38950,      0.676920,CP7_after_upper_clamp,   1,    0.0000000000E+00,    1.6950319971E+01,    1.6950319971E+01,    0.0000000000E+00,    0.0000000000E+00,    0.0000000000E+00,    1.6950319971E+01
     38950,      0.676920,CP8_after_OBC,   1,    0.0000000000E+00,    1.6950319971E+01,    1.6950319971E+01,    0.0000000000E+00,    0.0000000000E+00,    0.0000000000E+00,    1.6950319971E+01
     38950,      0.676920,CP9_after_PTsource,   1,    0.0000000000E+00,    1.6950319971E+01,    1.6950319971E+01,    0.0000000000E+00,    0.0000000000E+00,    0.0000000000E+00,    1.6950319971E+01
     38950,      0.676920,CP10_after_neg_clamp,   1,    0.0000000000E+00,    1.6950319971E+01,    1.6950319971E+01,    0.0000000000E+00,    0.0000000000E+00,    0.0000000000E+00,    1.6950319971E+01
     38950,      0.676920,CP11_after_MPI,   1,    0.0000000000E+00,    1.6950319971E+01,    1.6950319971E+01,    0.0000000000E+00,    0.0000000000E+00,    0.0000000000E+00,    1.6950319971E+01
     38950,      0.676920,CP12_end,   1,    0.0000000000E+00,    1.6950319971E+01,    1.6950319971E+01,    0.0000000000E+00,    0.0000000000E+00,    0.0000000000E+00,    1.6950319971E+01
     39000,      0.676920,CP0_start,   1,    0.0000000000E+00,    1.6991820943E+01,    1.6991820943E+01,    0.0000000000E+00,    0.0000000000E+00,    0.0000000000E+00,    1.6991820943E+01
     39000,      0.676920,CP1_after_deposition,   1,    0.0000000000E+00,    1.6991820943E+01,    1.6991820943E+01,    0.0000000000E+00,    0.0000000000E+00,    0.0000000000E+00,    1.6991820943E+01
     39000,      0.676920,CP2_after_erosion,   1,    0.0000000000E+00,    1.6991820943E+01,    1.6991820943E+01,    0.0000000000E+00,    0.0000000000E+00,    0.0000000000E+00,    1.6991820943E+01
     39000,      0.676920,CP3_after_update_bottom,   1,    0.0000000000E+00,    1.6991820943E+01,    1.6991820943E+01,    0.0000000000E+00,    0.0000000000E+00,    0.0000000000E+00,    1.6991820943E+01
     39000,      0.676920,CP4_after_advection,   1,    0.0000000000E+00,    1.6992858040E+01,    1.6992858040E+01,    0.0000000000E+00,    0.0000000000E+00,    0.0000000000E+00,    1.6992858040E+01
     39000,      0.676920,CP5_after_vdif,   1,    0.0000000000E+00,    1.6992858040E+01,    1.6992858040E+01,    0.0000000000E+00,    0.0000000000E+00,    0.0000000000E+00,    1.6992858040E+01
     39000,      0.676920,CP6_after_kinetics,   1,    0.0000000000E+00,    1.6992858040E+01,    1.6992858040E+01,    0.0000000000E+00,    0.0000000000E+00,    0.0000000000E+00,    1.6992858040E+01
     39000,      0.676920,CP7_after_upper_clamp,   1,    0.0000000000E+00,    1.6992858040E+01,    1.6992858040E+01,    0.0000000000E+00,    0.0000000000E+00,    0.0000000000E+00,    1.6992858040E+01
     39000,      0.676920,CP8_after_OBC,   1,    0.0000000000E+00,    1.6992858040E+01,    1.6992858040E+01,    0.0000000000E+00,    0.0000000000E+00,    0.0000000000E+00,    1.6992858040E+01
     39000,      0.676920,CP9_after_PTsource,   1,    0.0000000000E+00,    1.6992858040E+01,    1.6992858040E+01,    0.0000000000E+00,    0.0000000000E+00,    0.0000000000E+00,    1.6992858040E+01
     39000,      0.676920,CP10_after_neg_clamp,   1,    0.0000000000E+00,    1.6992858040E+01,    1.6992858040E+01,    0.0000000000E+00,    0.0000000000E+00,    0.0000000000E+00,    1.6992858040E+01
     39000,      0.676920,CP11_after_MPI,   1,    0.0000000000E+00,    1.6992858040E+01,    1.6992858040E+01,    0.0000000000E+00,    0.0000000000E+00,    0.0000000000E+00,    1.6992858040E+01
     39000,      0.676920,CP12_end,   1,    0.0000000000E+00,    1.6992858040E+01,    1.6992858040E+01,    0.0000000000E+00,    0.0000000000E+00,    0.0000000000E+00,    1.6992858040E+01
     39050,      0.676920,CP0_start,   1,    0.0000000000E+00,    1.7034376813E+01,    1.7034376813E+01,    0.0000000000E+00,    0.0000000000E+00,    0.0000000000E+00,    1.7034376813E+01
     39050,      0.676920,CP1_after_deposition,   1,    0.0000000000E+00,    1.7034376813E+01,    1.7034376813E+01,    0.0000000000E+00,    0.0000000000E+00,    0.0000000000E+00,    1.7034376813E+01
     39050,      0.676920,CP2_after_erosion,   1,    0.0000000000E+00,    1.7034376813E+01,    1.7034376813E+01,    0.0000000000E+00,    0.0000000000E+00,    0.0000000000E+00,    1.7034376813E+01
     39050,      0.676920,CP3_after_update_bottom,   1,    0.0000000000E+00,    1.7034376813E+01,    1.7034376813E+01,    0.0000000000E+00,    0.0000000000E+00,    0.0000000000E+00,    1.7034376813E+01
     39050,      0.676920,CP4_after_advection,   1,    0.0000000000E+00,    1.7035409742E+01,    1.7035409742E+01,    0.0000000000E+00,    0.0000000000E+00,    0.0000000000E+00,    1.7035409742E+01
     39050,      0.676920,CP5_after_vdif,   1,    0.0000000000E+00,    1.7035409742E+01,    1.7035409742E+01,    0.0000000000E+00,    0.0000000000E+00,    0.0000000000E+00,    1.7035409742E+01
     39050,      0.676920,CP6_after_kinetics,   1,    0.0000000000E+00,    1.7035409742E+01,    1.7035409742E+01,    0.0000000000E+00,    0.0000000000E+00,    0.0000000000E+00,    1.7035409742E+01
     39050,      0.676920,CP7_after_upper_clamp,   1,    0.0000000000E+00,    1.7035409742E+01,    1.7035409742E+01,    0.0000000000E+00,    0.0000000000E+00,    0.0000000000E+00,    1.7035409742E+01
     39050,      0.676920,CP8_after_OBC,   1,    0.0000000000E+00,    1.7035409742E+01,    1.7035409742E+01,    0.0000000000E+00,    0.0000000000E+00,    0.0000000000E+00,    1.7035409742E+01
     39050,      0.676920,CP9_after_PTsource,   1,    0.0000000000E+00,    1.7035409742E+01,    1.7035409742E+01,    0.0000000000E+00,    0.0000000000E+00,    0.0000000000E+00,    1.7035409742E+01
     39050,      0.676920,CP10_after_neg_clamp,   1,    0.0000000000E+00,    1.7035409742E+01,    1.7035409742E+01,    0.0000000000E+00,    0.0000000000E+00,    0.0000000000E+00,    1.7035409742E+01
     39050,      0.676920,CP11_after_MPI,   1,    0.0000000000E+00,    1.7035409742E+01,    1.7035409742E+01,    0.0000000000E+00,    0.0000000000E+00,    0.0000000000E+00,    1.7035409742E+01
     39050,      0.676920,CP12_end,   1,    0.0000000000E+00,    1.7035409742E+01,    1.7035409742E+01,    0.0000000000E+00,    0.0000000000E+00,    0.0000000000E+00,    1.7035409742E+01
     39100,      0.676920,CP0_start,   1,    0.0000000000E+00,    1.7076947317E+01,    1.7076947317E+01,    0.0000000000E+00,    0.0000000000E+00,    0.0000000000E+00,    1.7076947317E+01
     39100,      0.676920,CP1_after_deposition,   1,    0.0000000000E+00,    1.7076947317E+01,    1.7076947317E+01,    0.0000000000E+00,    0.0000000000E+00,    0.0000000000E+00,    1.7076947317E+01
     39100,      0.676920,CP2_after_erosion,   1,    0.0000000000E+00,    1.7076947317E+01,    1.7076947317E+01,    0.0000000000E+00,    0.0000000000E+00,    0.0000000000E+00,    1.7076947317E+01
     39100,      0.676920,CP3_after_update_bottom,   1,    0.0000000000E+00,    1.7076947317E+01,    1.7076947317E+01,    0.0000000000E+00,    0.0000000000E+00,    0.0000000000E+00,    1.7076947317E+01
     39100,      0.676920,CP4_after_advection,   1,    0.0000000000E+00,    1.7077977717E+01,    1.7077977717E+01,    0.0000000000E+00,    0.0000000000E+00,    0.0000000000E+00,    1.7077977717E+01
     39100,      0.676920,CP5_after_vdif,   1,    0.0000000000E+00,    1.7077977717E+01,    1.7077977717E+01,    0.0000000000E+00,    0.0000000000E+00,    0.0000000000E+00,    1.7077977717E+01
     39100,      0.676920,CP6_after_kinetics,   1,    0.0000000000E+00,    1.7077977717E+01,    1.7077977717E+01,    0.0000000000E+00,    0.0000000000E+00,    0.0000000000E+00,    1.7077977717E+01
     39100,      0.676920,CP7_after_upper_clamp,   1,    0.0000000000E+00,    1.7077977717E+01,    1.7077977717E+01,    0.0000000000E+00,    0.0000000000E+00,    0.0000000000E+00,    1.7077977717E+01
     39100,      0.676920,CP8_after_OBC,   1,    0.0000000000E+00,    1.7077977717E+01,    1.7077977717E+01,    0.0000000000E+00,    0.0000000000E+00,    0.0000000000E+00,    1.7077977717E+01
     39100,      0.676920,CP9_after_PTsource,   1,    0.0000000000E+00,    1.7077977717E+01,    1.7077977717E+01,    0.0000000000E+00,    0.0000000000E+00,    0.0000000000E+00,    1.7077977717E+01
     39100,      0.676920,CP10_after_neg_clamp,   1,    0.0000000000E+00,    1.7077977717E+01,    1.7077977717E+01,    0.0000000000E+00,    0.0000000000E+00,    0.0000000000E+00,    1.7077977717E+01
     39100,      0.676920,CP11_after_MPI,   1,    0.0000000000E+00,    1.7077977717E+01,    1.7077977717E+01,    0.0000000000E+00,    0.0000000000E+00,    0.0000000000E+00,    1.7077977717E+01
     39100,      0.676920,CP12_end,   1,    0.0000000000E+00,    1.7077977717E+01,    1.7077977717E+01,    0.0000000000E+00,    0.0000000000E+00,    0.0000000000E+00,    1.7077977717E+01
     39150,      0.676920,CP0_start,   1,    0.0000000000E+00,    1.7119538277E+01,    1.7119538277E+01,    0.0000000000E+00,    0.0000000000E+00,    0.0000000000E+00,    1.7119538277E+01
     39150,      0.676920,CP1_after_deposition,   1,    0.0000000000E+00,    1.7119538277E+01,    1.7119538277E+01,    0.0000000000E+00,    0.0000000000E+00,    0.0000000000E+00,    1.7119538277E+01
     39150,      0.676920,CP2_after_erosion,   1,    0.0000000000E+00,    1.7119538277E+01,    1.7119538277E+01,    0.0000000000E+00,    0.0000000000E+00,    0.0000000000E+00,    1.7119538277E+01
     39150,      0.676920,CP3_after_update_bottom,   1,    0.0000000000E+00,    1.7119538277E+01,    1.7119538277E+01,    0.0000000000E+00,    0.0000000000E+00,    0.0000000000E+00,    1.7119538277E+01
     39150,      0.676920,CP4_after_advection,   1,    0.0000000000E+00,    1.7120565878E+01,    1.7120565878E+01,    0.0000000000E+00,    0.0000000000E+00,    0.0000000000E+00,    1.7120565878E+01
     39150,      0.676920,CP5_after_vdif,   1,    0.0000000000E+00,    1.7120565878E+01,    1.7120565878E+01,    0.0000000000E+00,    0.0000000000E+00,    0.0000000000E+00,    1.7120565878E+01
     39150,      0.676920,CP6_after_kinetics,   1,    0.0000000000E+00,    1.7120565878E+01,    1.7120565878E+01,    0.0000000000E+00,    0.0000000000E+00,    0.0000000000E+00,    1.7120565878E+01
     39150,      0.676920,CP7_after_upper_clamp,   1,    0.0000000000E+00,    1.7120565878E+01,    1.7120565878E+01,    0.0000000000E+00,    0.0000000000E+00,    0.0000000000E+00,    1.7120565878E+01
     39150,      0.676920,CP8_after_OBC,   1,    0.0000000000E+00,    1.7120565878E+01,    1.7120565878E+01,    0.0000000000E+00,    0.0000000000E+00,    0.0000000000E+00,    1.7120565878E+01
     39150,      0.676920,CP9_after_PTsource,   1,    0.0000000000E+00,    1.7120565878E+01,    1.7120565878E+01,    0.0000000000E+00,    0.0000000000E+00,    0.0000000000E+00,    1.7120565878E+01
     39150,      0.676920,CP10_after_neg_clamp,   1,    0.0000000000E+00,    1.7120565878E+01,    1.7120565878E+01,    0.0000000000E+00,    0.0000000000E+00,    0.0000000000E+00,    1.7120565878E+01
     39150,      0.676920,CP11_after_MPI,   1,    0.0000000000E+00,    1.7120565878E+01,    1.7120565878E+01,    0.0000000000E+00,    0.0000000000E+00,    0.0000000000E+00,    1.7120565878E+01
     39150,      0.676920,CP12_end,   1,    0.0000000000E+00,    1.7120565878E+01,    1.7120565878E+01,    0.0000000000E+00,    0.0000000000E+00,    0.0000000000E+00,    1.7120565878E+01
     39200,      0.676920,CP0_start,   1,    0.0000000000E+00,    1.7162147853E+01,    1.7162147853E+01,    0.0000000000E+00,    0.0000000000E+00,    0.0000000000E+00,    1.7162147853E+01
     39200,      0.676920,CP1_after_deposition,   1,    0.0000000000E+00,    1.7162147853E+01,    1.7162147853E+01,    0.0000000000E+00,    0.0000000000E+00,    0.0000000000E+00,    1.7162147853E+01
     39200,      0.676920,CP2_after_erosion,   1,    0.0000000000E+00,    1.7162147853E+01,    1.7162147853E+01,    0.0000000000E+00,    0.0000000000E+00,    0.0000000000E+00,    1.7162147853E+01
     39200,      0.676920,CP3_after_update_bottom,   1,    0.0000000000E+00,    1.7162147853E+01,    1.7162147853E+01,    0.0000000000E+00,    0.0000000000E+00,    0.0000000000E+00,    1.7162147853E+01
     39200,      0.676920,CP4_after_advection,   1,    0.0000000000E+00,    1.7163171397E+01,    1.7163171397E+01,    0.0000000000E+00,    0.0000000000E+00,    0.0000000000E+00,    1.7163171397E+01
     39200,      0.676920,CP5_after_vdif,   1,    0.0000000000E+00,    1.7163171397E+01,    1.7163171397E+01,    0.0000000000E+00,    0.0000000000E+00,    0.0000000000E+00,    1.7163171397E+01
     39200,      0.676920,CP6_after_kinetics,   1,    0.0000000000E+00,    1.7163171397E+01,    1.7163171397E+01,    0.0000000000E+00,    0.0000000000E+00,    0.0000000000E+00,    1.7163171397E+01
     39200,      0.676920,CP7_after_upper_clamp,   1,    0.0000000000E+00,    1.7163171397E+01,    1.7163171397E+01,    0.0000000000E+00,    0.0000000000E+00,    0.0000000000E+00,    1.7163171397E+01
     39200,      0.676920,CP8_after_OBC,   1,    0.0000000000E+00,    1.7163171397E+01,    1.7163171397E+01,    0.0000000000E+00,    0.0000000000E+00,    0.0000000000E+00,    1.7163171397E+01
     39200,      0.676920,CP9_after_PTsource,   1,    0.0000000000E+00,    1.7163171397E+01,    1.7163171397E+01,    0.0000000000E+00,    0.0000000000E+00,    0.0000000000E+00,    1.7163171397E+01
     39200,      0.676920,CP10_after_neg_clamp,   1,    0.0000000000E+00,    1.7163171397E+01,    1.7163171397E+01,    0.0000000000E+00,    0.0000000000E+00,    0.0000000000E+00,    1.7163171397E+01
     39200,      0.676920,CP11_after_MPI,   1,    0.0000000000E+00,    1.7163171397E+01,    1.7163171397E+01,    0.0000000000E+00,    0.0000000000E+00,    0.0000000000E+00,    1.7163171397E+01
     39200,      0.676920,CP12_end,   1,    0.0000000000E+00,    1.7163171397E+01,    1.7163171397E+01,    0.0000000000E+00,    0.0000000000E+00,    0.0000000000E+00,    1.7163171397E+01
     39250,      0.676920,CP0_start,   1,    0.0000000000E+00,    1.7204802215E+01,    1.7204802215E+01,    0.0000000000E+00,    0.0000000000E+00,    0.0000000000E+00,    1.7204802215E+01
     39250,      0.676920,CP1_after_deposition,   1,    0.0000000000E+00,    1.7204802215E+01,    1.7204802215E+01,    0.0000000000E+00,    0.0000000000E+00,    0.0000000000E+00,    1.7204802215E+01
     39250,      0.676920,CP2_after_erosion,   1,    0.0000000000E+00,    1.7204802215E+01,    1.7204802215E+01,    0.0000000000E+00,    0.0000000000E+00,    0.0000000000E+00,    1.7204802215E+01
     39250,      0.676920,CP3_after_update_bottom,   1,    0.0000000000E+00,    1.7204802215E+01,    1.7204802215E+01,    0.0000000000E+00,    0.0000000000E+00,    0.0000000000E+00,    1.7204802215E+01
     39250,      0.676920,CP4_after_advection,   1,    0.0000000000E+00,    1.7205824036E+01,    1.7205824036E+01,    0.0000000000E+00,    0.0000000000E+00,    0.0000000000E+00,    1.7205824036E+01
     39250,      0.676920,CP5_after_vdif,   1,    0.0000000000E+00,    1.7205824036E+01,    1.7205824036E+01,    0.0000000000E+00,    0.0000000000E+00,    0.0000000000E+00,    1.7205824036E+01
     39250,      0.676920,CP6_after_kinetics,   1,    0.0000000000E+00,    1.7205824036E+01,    1.7205824036E+01,    0.0000000000E+00,    0.0000000000E+00,    0.0000000000E+00,    1.7205824036E+01
     39250,      0.676920,CP7_after_upper_clamp,   1,    0.0000000000E+00,    1.7205824036E+01,    1.7205824036E+01,    0.0000000000E+00,    0.0000000000E+00,    0.0000000000E+00,    1.7205824036E+01
     39250,      0.676920,CP8_after_OBC,   1,    0.0000000000E+00,    1.7205824036E+01,    1.7205824036E+01,    0.0000000000E+00,    0.0000000000E+00,    0.0000000000E+00,    1.7205824036E+01
     39250,      0.676920,CP9_after_PTsource,   1,    0.0000000000E+00,    1.7205824036E+01,    1.7205824036E+01,    0.0000000000E+00,    0.0000000000E+00,    0.0000000000E+00,    1.7205824036E+01
     39250,      0.676920,CP10_after_neg_clamp,   1,    0.0000000000E+00,    1.7205824036E+01,    1.7205824036E+01,    0.0000000000E+00,    0.0000000000E+00,    0.0000000000E+00,    1.7205824036E+01
     39250,      0.676920,CP11_after_MPI,   1,    0.0000000000E+00,    1.7205824036E+01,    1.7205824036E+01,    0.0000000000E+00,    0.0000000000E+00,    0.0000000000E+00,    1.7205824036E+01
     39250,      0.676920,CP12_end,   1,    0.0000000000E+00,    1.7205824036E+01,    1.7205824036E+01,    0.0000000000E+00,    0.0000000000E+00,    0.0000000000E+00,    1.7205824036E+01
     39300,      0.676920,CP0_start,   1,    0.0000000000E+00,    1.7247526684E+01,    1.7247526684E+01,    0.0000000000E+00,    0.0000000000E+00,    0.0000000000E+00,    1.7247526684E+01
     39300,      0.676920,CP1_after_deposition,   1,    0.0000000000E+00,    1.7247526684E+01,    1.7247526684E+01,    0.0000000000E+00,    0.0000000000E+00,    0.0000000000E+00,    1.7247526684E+01
     39300,      0.676920,CP2_after_erosion,   1,    0.0000000000E+00,    1.7247526684E+01,    1.7247526684E+01,    0.0000000000E+00,    0.0000000000E+00,    0.0000000000E+00,    1.7247526684E+01
     39300,      0.676920,CP3_after_update_bottom,   1,    0.0000000000E+00,    1.7247526684E+01,    1.7247526684E+01,    0.0000000000E+00,    0.0000000000E+00,    0.0000000000E+00,    1.7247526684E+01
     39300,      0.676920,CP4_after_advection,   1,    0.0000000000E+00,    1.7248546207E+01,    1.7248546207E+01,    0.0000000000E+00,    0.0000000000E+00,    0.0000000000E+00,    1.7248546207E+01
     39300,      0.676920,CP5_after_vdif,   1,    0.0000000000E+00,    1.7248546207E+01,    1.7248546207E+01,    0.0000000000E+00,    0.0000000000E+00,    0.0000000000E+00,    1.7248546207E+01
     39300,      0.676920,CP6_after_kinetics,   1,    0.0000000000E+00,    1.7248546207E+01,    1.7248546207E+01,    0.0000000000E+00,    0.0000000000E+00,    0.0000000000E+00,    1.7248546207E+01
     39300,      0.676920,CP7_after_upper_clamp,   1,    0.0000000000E+00,    1.7248546207E+01,    1.7248546207E+01,    0.0000000000E+00,    0.0000000000E+00,    0.0000000000E+00,    1.7248546207E+01
     39300,      0.676920,CP8_after_OBC,   1,    0.0000000000E+00,    1.7248546207E+01,    1.7248546207E+01,    0.0000000000E+00,    0.0000000000E+00,    0.0000000000E+00,    1.7248546207E+01
     39300,      0.676920,CP9_after_PTsource,   1,    0.0000000000E+00,    1.7248546207E+01,    1.7248546207E+01,    0.0000000000E+00,    0.0000000000E+00,    0.0000000000E+00,    1.7248546207E+01
     39300,      0.676920,CP10_after_neg_clamp,   1,    0.0000000000E+00,    1.7248546207E+01,    1.7248546207E+01,    0.0000000000E+00,    0.0000000000E+00,    0.0000000000E+00,    1.7248546207E+01
     39300,      0.676920,CP11_after_MPI,   1,    0.0000000000E+00,    1.7248546207E+01,    1.7248546207E+01,    0.0000000000E+00,    0.0000000000E+00,    0.0000000000E+00,    1.7248546207E+01
     39300,      0.676920,CP12_end,   1,    0.0000000000E+00,    1.7248546207E+01,    1.7248546207E+01,    0.0000000000E+00,    0.0000000000E+00,    0.0000000000E+00,    1.7248546207E+01
     39350,      0.676920,CP0_start,   1,    0.0000000000E+00,    1.7290341410E+01,    1.7290341410E+01,    0.0000000000E+00,    0.0000000000E+00,    0.0000000000E+00,    1.7290341410E+01
     39350,      0.676920,CP1_after_deposition,   1,    0.0000000000E+00,    1.7290341410E+01,    1.7290341410E+01,    0.0000000000E+00,    0.0000000000E+00,    0.0000000000E+00,    1.7290341410E+01
     39350,      0.676920,CP2_after_erosion,   1,    0.0000000000E+00,    1.7290341410E+01,    1.7290341410E+01,    0.0000000000E+00,    0.0000000000E+00,    0.0000000000E+00,    1.7290341410E+01
     39350,      0.676920,CP3_after_update_bottom,   1,    0.0000000000E+00,    1.7290341410E+01,    1.7290341410E+01,    0.0000000000E+00,    0.0000000000E+00,    0.0000000000E+00,    1.7290341410E+01
     39350,      0.676920,CP4_after_advection,   1,    0.0000000000E+00,    1.7291359528E+01,    1.7291359528E+01,    0.0000000000E+00,    0.0000000000E+00,    0.0000000000E+00,    1.7291359528E+01
     39350,      0.676920,CP5_after_vdif,   1,    0.0000000000E+00,    1.7291359528E+01,    1.7291359528E+01,    0.0000000000E+00,    0.0000000000E+00,    0.0000000000E+00,    1.7291359528E+01
     39350,      0.676920,CP6_after_kinetics,   1,    0.0000000000E+00,    1.7291359528E+01,    1.7291359528E+01,    0.0000000000E+00,    0.0000000000E+00,    0.0000000000E+00,    1.7291359528E+01
     39350,      0.676920,CP7_after_upper_clamp,   1,    0.0000000000E+00,    1.7291359528E+01,    1.7291359528E+01,    0.0000000000E+00,    0.0000000000E+00,    0.0000000000E+00,    1.7291359528E+01
     39350,      0.676920,CP8_after_OBC,   1,    0.0000000000E+00,    1.7291359528E+01,    1.7291359528E+01,    0.0000000000E+00,    0.0000000000E+00,    0.0000000000E+00,    1.7291359528E+01
     39350,      0.676920,CP9_after_PTsource,   1,    0.0000000000E+00,    1.7291359528E+01,    1.7291359528E+01,    0.0000000000E+00,    0.0000000000E+00,    0.0000000000E+00,    1.7291359528E+01
     39350,      0.676920,CP10_after_neg_clamp,   1,    0.0000000000E+00,    1.7291359528E+01,    1.7291359528E+01,    0.0000000000E+00,    0.0000000000E+00,    0.0000000000E+00,    1.7291359528E+01
     39350,      0.676920,CP11_after_MPI,   1,    0.0000000000E+00,    1.7291359528E+01,    1.7291359528E+01,    0.0000000000E+00,    0.0000000000E+00,    0.0000000000E+00,    1.7291359528E+01
     39350,      0.676920,CP12_end,   1,    0.0000000000E+00,    1.7291359528E+01,    1.7291359528E+01,    0.0000000000E+00,    0.0000000000E+00,    0.0000000000E+00,    1.7291359528E+01
     39400,      0.676920,CP0_start,   1,    0.0000000000E+00,    1.7333261253E+01,    1.7333261253E+01,    0.0000000000E+00,    0.0000000000E+00,    0.0000000000E+00,    1.7333261253E+01
     39400,      0.676920,CP1_after_deposition,   1,    0.0000000000E+00,    1.7333261253E+01,    1.7333261253E+01,    0.0000000000E+00,    0.0000000000E+00,    0.0000000000E+00,    1.7333261253E+01
     39400,      0.676920,CP2_after_erosion,   1,    0.0000000000E+00,    1.7333261253E+01,    1.7333261253E+01,    0.0000000000E+00,    0.0000000000E+00,    0.0000000000E+00,    1.7333261253E+01
     39400,      0.676920,CP3_after_update_bottom,   1,    0.0000000000E+00,    1.7333261253E+01,    1.7333261253E+01,    0.0000000000E+00,    0.0000000000E+00,    0.0000000000E+00,    1.7333261253E+01
     39400,      0.676920,CP4_after_advection,   1,    0.0000000000E+00,    1.7334278118E+01,    1.7334278118E+01,    0.0000000000E+00,    0.0000000000E+00,    0.0000000000E+00,    1.7334278118E+01
     39400,      0.676920,CP5_after_vdif,   1,    0.0000000000E+00,    1.7334278118E+01,    1.7334278118E+01,    0.0000000000E+00,    0.0000000000E+00,    0.0000000000E+00,    1.7334278118E+01
     39400,      0.676920,CP6_after_kinetics,   1,    0.0000000000E+00,    1.7334278118E+01,    1.7334278118E+01,    0.0000000000E+00,    0.0000000000E+00,    0.0000000000E+00,    1.7334278118E+01
     39400,      0.676920,CP7_after_upper_clamp,   1,    0.0000000000E+00,    1.7334278118E+01,    1.7334278118E+01,    0.0000000000E+00,    0.0000000000E+00,    0.0000000000E+00,    1.7334278118E+01
     39400,      0.676920,CP8_after_OBC,   1,    0.0000000000E+00,    1.7334278118E+01,    1.7334278118E+01,    0.0000000000E+00,    0.0000000000E+00,    0.0000000000E+00,    1.7334278118E+01
     39400,      0.676920,CP9_after_PTsource,   1,    0.0000000000E+00,    1.7334278118E+01,    1.7334278118E+01,    0.0000000000E+00,    0.0000000000E+00,    0.0000000000E+00,    1.7334278118E+01
     39400,      0.676920,CP10_after_neg_clamp,   1,    0.0000000000E+00,    1.7334278118E+01,    1.7334278118E+01,    0.0000000000E+00,    0.0000000000E+00,    0.0000000000E+00,    1.7334278118E+01
     39400,      0.676920,CP11_after_MPI,   1,    0.0000000000E+00,    1.7334278118E+01,    1.7334278118E+01,    0.0000000000E+00,    0.0000000000E+00,    0.0000000000E+00,    1.7334278118E+01
     39400,      0.676920,CP12_end,   1,    0.0000000000E+00,    1.7334278118E+01,    1.7334278118E+01,    0.0000000000E+00,    0.0000000000E+00,    0.0000000000E+00,    1.7334278118E+01
     39450,      0.676920,CP0_start,   1,    0.0000000000E+00,    1.7376296040E+01,    1.7376296040E+01,    0.0000000000E+00,    0.0000000000E+00,    0.0000000000E+00,    1.7376296040E+01
     39450,      0.676920,CP1_after_deposition,   1,    0.0000000000E+00,    1.7376296040E+01,    1.7376296040E+01,    0.0000000000E+00,    0.0000000000E+00,    0.0000000000E+00,    1.7376296040E+01
     39450,      0.676920,CP2_after_erosion,   1,    0.0000000000E+00,    1.7376296040E+01,    1.7376296040E+01,    0.0000000000E+00,    0.0000000000E+00,    0.0000000000E+00,    1.7376296040E+01
     39450,      0.676920,CP3_after_update_bottom,   1,    0.0000000000E+00,    1.7376296040E+01,    1.7376296040E+01,    0.0000000000E+00,    0.0000000000E+00,    0.0000000000E+00,    1.7376296040E+01
     39450,      0.676920,CP4_after_advection,   1,    0.0000000000E+00,    1.7377312863E+01,    1.7377312863E+01,    0.0000000000E+00,    0.0000000000E+00,    0.0000000000E+00,    1.7377312863E+01
     39450,      0.676920,CP5_after_vdif,   1,    0.0000000000E+00,    1.7377312863E+01,    1.7377312863E+01,    0.0000000000E+00,    0.0000000000E+00,    0.0000000000E+00,    1.7377312863E+01
     39450,      0.676920,CP6_after_kinetics,   1,    0.0000000000E+00,    1.7377312863E+01,    1.7377312863E+01,    0.0000000000E+00,    0.0000000000E+00,    0.0000000000E+00,    1.7377312863E+01
     39450,      0.676920,CP7_after_upper_clamp,   1,    0.0000000000E+00,    1.7377312863E+01,    1.7377312863E+01,    0.0000000000E+00,    0.0000000000E+00,    0.0000000000E+00,    1.7377312863E+01
     39450,      0.676920,CP8_after_OBC,   1,    0.0000000000E+00,    1.7377312863E+01,    1.7377312863E+01,    0.0000000000E+00,    0.0000000000E+00,    0.0000000000E+00,    1.7377312863E+01
     39450,      0.676920,CP9_after_PTsource,   1,    0.0000000000E+00,    1.7377312863E+01,    1.7377312863E+01,    0.0000000000E+00,    0.0000000000E+00,    0.0000000000E+00,    1.7377312863E+01
     39450,      0.676920,CP10_after_neg_clamp,   1,    0.0000000000E+00,    1.7377312863E+01,    1.7377312863E+01,    0.0000000000E+00,    0.0000000000E+00,    0.0000000000E+00,    1.7377312863E+01
     39450,      0.676920,CP11_after_MPI,   1,    0.0000000000E+00,    1.7377312863E+01,    1.7377312863E+01,    0.0000000000E+00,    0.0000000000E+00,    0.0000000000E+00,    1.7377312863E+01
     39450,      0.676920,CP12_end,   1,    0.0000000000E+00,    1.7377312863E+01,    1.7377312863E+01,    0.0000000000E+00,    0.0000000000E+00,    0.0000000000E+00,    1.7377312863E+01
     39500,      0.676920,CP0_start,   1,    0.0000000000E+00,    1.7419447766E+01,    1.7419447766E+01,    0.0000000000E+00,    0.0000000000E+00,    0.0000000000E+00,    1.7419447766E+01
     39500,      0.676920,CP1_after_deposition,   1,    0.0000000000E+00,    1.7419447766E+01,    1.7419447766E+01,    0.0000000000E+00,    0.0000000000E+00,    0.0000000000E+00,    1.7419447766E+01
     39500,      0.676920,CP2_after_erosion,   1,    0.0000000000E+00,    1.7419447766E+01,    1.7419447766E+01,    0.0000000000E+00,    0.0000000000E+00,    0.0000000000E+00,    1.7419447766E+01
     39500,      0.676920,CP3_after_update_bottom,   1,    0.0000000000E+00,    1.7419447766E+01,    1.7419447766E+01,    0.0000000000E+00,    0.0000000000E+00,    0.0000000000E+00,    1.7419447766E+01
     39500,      0.676920,CP4_after_advection,   1,    0.0000000000E+00,    1.7420462952E+01,    1.7420462952E+01,    0.0000000000E+00,    0.0000000000E+00,    0.0000000000E+00,    1.7420462952E+01
     39500,      0.676920,CP5_after_vdif,   1,    0.0000000000E+00,    1.7420462952E+01,    1.7420462952E+01,    0.0000000000E+00,    0.0000000000E+00,    0.0000000000E+00,    1.7420462952E+01
     39500,      0.676920,CP6_after_kinetics,   1,    0.0000000000E+00,    1.7420462952E+01,    1.7420462952E+01,    0.0000000000E+00,    0.0000000000E+00,    0.0000000000E+00,    1.7420462952E+01
     39500,      0.676920,CP7_after_upper_clamp,   1,    0.0000000000E+00,    1.7420462952E+01,    1.7420462952E+01,    0.0000000000E+00,    0.0000000000E+00,    0.0000000000E+00,    1.7420462952E+01
     39500,      0.676920,CP8_after_OBC,   1,    0.0000000000E+00,    1.7420462952E+01,    1.7420462952E+01,    0.0000000000E+00,    0.0000000000E+00,    0.0000000000E+00,    1.7420462952E+01
     39500,      0.676920,CP9_after_PTsource,   1,    0.0000000000E+00,    1.7420462952E+01,    1.7420462952E+01,    0.0000000000E+00,    0.0000000000E+00,    0.0000000000E+00,    1.7420462952E+01
     39500,      0.676920,CP10_after_neg_clamp,   1,    0.0000000000E+00,    1.7420462952E+01,    1.7420462952E+01,    0.0000000000E+00,    0.0000000000E+00,    0.0000000000E+00,    1.7420462952E+01
     39500,      0.676920,CP11_after_MPI,   1,    0.0000000000E+00,    1.7420462952E+01,    1.7420462952E+01,    0.0000000000E+00,    0.0000000000E+00,    0.0000000000E+00,    1.7420462952E+01
     39500,      0.676920,CP12_end,   1,    0.0000000000E+00,    1.7420462952E+01,    1.7420462952E+01,    0.0000000000E+00,    0.0000000000E+00,    0.0000000000E+00,    1.7420462952E+01
     39550,      0.676920,CP0_start,   1,    0.0000000000E+00,    1.7462718809E+01,    1.7462718809E+01,    0.0000000000E+00,    0.0000000000E+00,    0.0000000000E+00,    1.7462718809E+01
     39550,      0.676920,CP1_after_deposition,   1,    0.0000000000E+00,    1.7462718809E+01,    1.7462718809E+01,    0.0000000000E+00,    0.0000000000E+00,    0.0000000000E+00,    1.7462718809E+01
     39550,      0.676920,CP2_after_erosion,   1,    0.0000000000E+00,    1.7462718809E+01,    1.7462718809E+01,    0.0000000000E+00,    0.0000000000E+00,    0.0000000000E+00,    1.7462718809E+01
     39550,      0.676920,CP3_after_update_bottom,   1,    0.0000000000E+00,    1.7462718809E+01,    1.7462718809E+01,    0.0000000000E+00,    0.0000000000E+00,    0.0000000000E+00,    1.7462718809E+01
     39550,      0.676920,CP4_after_advection,   1,    0.0000000000E+00,    1.7463733254E+01,    1.7463733254E+01,    0.0000000000E+00,    0.0000000000E+00,    0.0000000000E+00,    1.7463733254E+01
     39550,      0.676920,CP5_after_vdif,   1,    0.0000000000E+00,    1.7463733254E+01,    1.7463733254E+01,    0.0000000000E+00,    0.0000000000E+00,    0.0000000000E+00,    1.7463733254E+01
     39550,      0.676920,CP6_after_kinetics,   1,    0.0000000000E+00,    1.7463733254E+01,    1.7463733254E+01,    0.0000000000E+00,    0.0000000000E+00,    0.0000000000E+00,    1.7463733254E+01
     39550,      0.676920,CP7_after_upper_clamp,   1,    0.0000000000E+00,    1.7463733254E+01,    1.7463733254E+01,    0.0000000000E+00,    0.0000000000E+00,    0.0000000000E+00,    1.7463733254E+01
     39550,      0.676920,CP8_after_OBC,   1,    0.0000000000E+00,    1.7463733254E+01,    1.7463733254E+01,    0.0000000000E+00,    0.0000000000E+00,    0.0000000000E+00,    1.7463733254E+01
     39550,      0.676920,CP9_after_PTsource,   1,    0.0000000000E+00,    1.7463733254E+01,    1.7463733254E+01,    0.0000000000E+00,    0.0000000000E+00,    0.0000000000E+00,    1.7463733254E+01
     39550,      0.676920,CP10_after_neg_clamp,   1,    0.0000000000E+00,    1.7463733254E+01,    1.7463733254E+01,    0.0000000000E+00,    0.0000000000E+00,    0.0000000000E+00,    1.7463733254E+01
     39550,      0.676920,CP11_after_MPI,   1,    0.0000000000E+00,    1.7463733254E+01,    1.7463733254E+01,    0.0000000000E+00,    0.0000000000E+00,    0.0000000000E+00,    1.7463733254E+01
     39550,      0.676920,CP12_end,   1,    0.0000000000E+00,    1.7463733254E+01,    1.7463733254E+01,    0.0000000000E+00,    0.0000000000E+00,    0.0000000000E+00,    1.7463733254E+01
     39600,      0.676920,CP0_start,   1,    0.0000000000E+00,    1.7506103990E+01,    1.7506103990E+01,    0.0000000000E+00,    0.0000000000E+00,    0.0000000000E+00,    1.7506103990E+01
     39600,      0.676920,CP1_after_deposition,   1,    0.0000000000E+00,    1.7506103990E+01,    1.7506103990E+01,    0.0000000000E+00,    0.0000000000E+00,    0.0000000000E+00,    1.7506103990E+01
     39600,      0.676920,CP2_after_erosion,   1,    0.0000000000E+00,    1.7506103990E+01,    1.7506103990E+01,    0.0000000000E+00,    0.0000000000E+00,    0.0000000000E+00,    1.7506103990E+01
     39600,      0.676920,CP3_after_update_bottom,   1,    0.0000000000E+00,    1.7506103990E+01,    1.7506103990E+01,    0.0000000000E+00,    0.0000000000E+00,    0.0000000000E+00,    1.7506103990E+01
     39600,      0.676920,CP4_after_advection,   1,    0.0000000000E+00,    1.7507117681E+01,    1.7507117681E+01,    0.0000000000E+00,    0.0000000000E+00,    0.0000000000E+00,    1.7507117681E+01
     39600,      0.676920,CP5_after_vdif,   1,    0.0000000000E+00,    1.7507117681E+01,    1.7507117681E+01,    0.0000000000E+00,    0.0000000000E+00,    0.0000000000E+00,    1.7507117681E+01
     39600,      0.676920,CP6_after_kinetics,   1,    0.0000000000E+00,    1.7507117681E+01,    1.7507117681E+01,    0.0000000000E+00,    0.0000000000E+00,    0.0000000000E+00,    1.7507117681E+01
     39600,      0.676920,CP7_after_upper_clamp,   1,    0.0000000000E+00,    1.7507117681E+01,    1.7507117681E+01,    0.0000000000E+00,    0.0000000000E+00,    0.0000000000E+00,    1.7507117681E+01
     39600,      0.676920,CP8_after_OBC,   1,    0.0000000000E+00,    1.7507117681E+01,    1.7507117681E+01,    0.0000000000E+00,    0.0000000000E+00,    0.0000000000E+00,    1.7507117681E+01
     39600,      0.676920,CP9_after_PTsource,   1,    0.0000000000E+00,    1.7507117681E+01,    1.7507117681E+01,    0.0000000000E+00,    0.0000000000E+00,    0.0000000000E+00,    1.7507117681E+01
     39600,      0.676920,CP10_after_neg_clamp,   1,    0.0000000000E+00,    1.7507117681E+01,    1.7507117681E+01,    0.0000000000E+00,    0.0000000000E+00,    0.0000000000E+00,    1.7507117681E+01
     39600,      0.676920,CP11_after_MPI,   1,    0.0000000000E+00,    1.7507117681E+01,    1.7507117681E+01,    0.0000000000E+00,    0.0000000000E+00,    0.0000000000E+00,    1.7507117681E+01
     39600,      0.676920,CP12_end,   1,    0.0000000000E+00,    1.7507117681E+01,    1.7507117681E+01,    0.0000000000E+00,    0.0000000000E+00,    0.0000000000E+00,    1.7507117681E+01
     39650,      0.676920,CP0_start,   1,    0.0000000000E+00,    1.7549605017E+01,    1.7549605017E+01,    0.0000000000E+00,    0.0000000000E+00,    0.0000000000E+00,    1.7549605017E+01
     39650,      0.676920,CP1_after_deposition,   1,    0.0000000000E+00,    1.7549605017E+01,    1.7549605017E+01,    0.0000000000E+00,    0.0000000000E+00,    0.0000000000E+00,    1.7549605017E+01
     39650,      0.676920,CP2_after_erosion,   1,    0.0000000000E+00,    1.7549605017E+01,    1.7549605017E+01,    0.0000000000E+00,    0.0000000000E+00,    0.0000000000E+00,    1.7549605017E+01
     39650,      0.676920,CP3_after_update_bottom,   1,    0.0000000000E+00,    1.7549605017E+01,    1.7549605017E+01,    0.0000000000E+00,    0.0000000000E+00,    0.0000000000E+00,    1.7549605017E+01
     39650,      0.676920,CP4_after_advection,   1,    0.0000000000E+00,    1.7550615905E+01,    1.7550615905E+01,    0.0000000000E+00,    0.0000000000E+00,    0.0000000000E+00,    1.7550615905E+01
     39650,      0.676920,CP5_after_vdif,   1,    0.0000000000E+00,    1.7550615905E+01,    1.7550615905E+01,    0.0000000000E+00,    0.0000000000E+00,    0.0000000000E+00,    1.7550615905E+01
     39650,      0.676920,CP6_after_kinetics,   1,    0.0000000000E+00,    1.7550615905E+01,    1.7550615905E+01,    0.0000000000E+00,    0.0000000000E+00,    0.0000000000E+00,    1.7550615905E+01
     39650,      0.676920,CP7_after_upper_clamp,   1,    0.0000000000E+00,    1.7550615905E+01,    1.7550615905E+01,    0.0000000000E+00,    0.0000000000E+00,    0.0000000000E+00,    1.7550615905E+01
     39650,      0.676920,CP8_after_OBC,   1,    0.0000000000E+00,    1.7550615905E+01,    1.7550615905E+01,    0.0000000000E+00,    0.0000000000E+00,    0.0000000000E+00,    1.7550615905E+01
     39650,      0.676920,CP9_after_PTsource,   1,    0.0000000000E+00,    1.7550615905E+01,    1.7550615905E+01,    0.0000000000E+00,    0.0000000000E+00,    0.0000000000E+00,    1.7550615905E+01
     39650,      0.676920,CP10_after_neg_clamp,   1,    0.0000000000E+00,    1.7550615905E+01,    1.7550615905E+01,    0.0000000000E+00,    0.0000000000E+00,    0.0000000000E+00,    1.7550615905E+01
     39650,      0.676920,CP11_after_MPI,   1,    0.0000000000E+00,    1.7550615905E+01,    1.7550615905E+01,    0.0000000000E+00,    0.0000000000E+00,    0.0000000000E+00,    1.7550615905E+01
     39650,      0.676920,CP12_end,   1,    0.0000000000E+00,    1.7550615905E+01,    1.7550615905E+01,    0.0000000000E+00,    0.0000000000E+00,    0.0000000000E+00,    1.7550615905E+01
     39700,      0.676920,CP0_start,   1,    0.0000000000E+00,    1.7593218932E+01,    1.7593218932E+01,    0.0000000000E+00,    0.0000000000E+00,    0.0000000000E+00,    1.7593218932E+01
     39700,      0.676920,CP1_after_deposition,   1,    0.0000000000E+00,    1.7593218932E+01,    1.7593218932E+01,    0.0000000000E+00,    0.0000000000E+00,    0.0000000000E+00,    1.7593218932E+01
     39700,      0.676920,CP2_after_erosion,   1,    0.0000000000E+00,    1.7593218932E+01,    1.7593218932E+01,    0.0000000000E+00,    0.0000000000E+00,    0.0000000000E+00,    1.7593218932E+01
     39700,      0.676920,CP3_after_update_bottom,   1,    0.0000000000E+00,    1.7593218932E+01,    1.7593218932E+01,    0.0000000000E+00,    0.0000000000E+00,    0.0000000000E+00,    1.7593218932E+01
     39700,      0.676920,CP4_after_advection,   1,    0.0000000000E+00,    1.7594228729E+01,    1.7594228729E+01,    0.0000000000E+00,    0.0000000000E+00,    0.0000000000E+00,    1.7594228729E+01
     39700,      0.676920,CP5_after_vdif,   1,    0.0000000000E+00,    1.7594228729E+01,    1.7594228729E+01,    0.0000000000E+00,    0.0000000000E+00,    0.0000000000E+00,    1.7594228729E+01
     39700,      0.676920,CP6_after_kinetics,   1,    0.0000000000E+00,    1.7594228729E+01,    1.7594228729E+01,    0.0000000000E+00,    0.0000000000E+00,    0.0000000000E+00,    1.7594228729E+01
     39700,      0.676920,CP7_after_upper_clamp,   1,    0.0000000000E+00,    1.7594228729E+01,    1.7594228729E+01,    0.0000000000E+00,    0.0000000000E+00,    0.0000000000E+00,    1.7594228729E+01
     39700,      0.676920,CP8_after_OBC,   1,    0.0000000000E+00,    1.7594228729E+01,    1.7594228729E+01,    0.0000000000E+00,    0.0000000000E+00,    0.0000000000E+00,    1.7594228729E+01
     39700,      0.676920,CP9_after_PTsource,   1,    0.0000000000E+00,    1.7594228729E+01,    1.7594228729E+01,    0.0000000000E+00,    0.0000000000E+00,    0.0000000000E+00,    1.7594228729E+01
     39700,      0.676920,CP10_after_neg_clamp,   1,    0.0000000000E+00,    1.7594228729E+01,    1.7594228729E+01,    0.0000000000E+00,    0.0000000000E+00,    0.0000000000E+00,    1.7594228729E+01
     39700,      0.676920,CP11_after_MPI,   1,    0.0000000000E+00,    1.7594228729E+01,    1.7594228729E+01,    0.0000000000E+00,    0.0000000000E+00,    0.0000000000E+00,    1.7594228729E+01
     39700,      0.676920,CP12_end,   1,    0.0000000000E+00,    1.7594228729E+01,    1.7594228729E+01,    0.0000000000E+00,    0.0000000000E+00,    0.0000000000E+00,    1.7594228729E+01
     39750,      0.676920,CP0_start,   1,    0.0000000000E+00,    1.7636939889E+01,    1.7636939889E+01,    0.0000000000E+00,    0.0000000000E+00,    0.0000000000E+00,    1.7636939889E+01
     39750,      0.676920,CP1_after_deposition,   1,    0.0000000000E+00,    1.7636939889E+01,    1.7636939889E+01,    0.0000000000E+00,    0.0000000000E+00,    0.0000000000E+00,    1.7636939889E+01
     39750,      0.676920,CP2_after_erosion,   1,    0.0000000000E+00,    1.7636939889E+01,    1.7636939889E+01,    0.0000000000E+00,    0.0000000000E+00,    0.0000000000E+00,    1.7636939889E+01
     39750,      0.676920,CP3_after_update_bottom,   1,    0.0000000000E+00,    1.7636939889E+01,    1.7636939889E+01,    0.0000000000E+00,    0.0000000000E+00,    0.0000000000E+00,    1.7636939889E+01
     39750,      0.676920,CP4_after_advection,   1,    0.0000000000E+00,    1.7637948672E+01,    1.7637948672E+01,    0.0000000000E+00,    0.0000000000E+00,    0.0000000000E+00,    1.7637948672E+01
     39750,      0.676920,CP5_after_vdif,   1,    0.0000000000E+00,    1.7637948672E+01,    1.7637948672E+01,    0.0000000000E+00,    0.0000000000E+00,    0.0000000000E+00,    1.7637948672E+01
     39750,      0.676920,CP6_after_kinetics,   1,    0.0000000000E+00,    1.7637948672E+01,    1.7637948672E+01,    0.0000000000E+00,    0.0000000000E+00,    0.0000000000E+00,    1.7637948672E+01
     39750,      0.676920,CP7_after_upper_clamp,   1,    0.0000000000E+00,    1.7637948672E+01,    1.7637948672E+01,    0.0000000000E+00,    0.0000000000E+00,    0.0000000000E+00,    1.7637948672E+01
     39750,      0.676920,CP8_after_OBC,   1,    0.0000000000E+00,    1.7637948672E+01,    1.7637948672E+01,    0.0000000000E+00,    0.0000000000E+00,    0.0000000000E+00,    1.7637948672E+01
     39750,      0.676920,CP9_after_PTsource,   1,    0.0000000000E+00,    1.7637948672E+01,    1.7637948672E+01,    0.0000000000E+00,    0.0000000000E+00,    0.0000000000E+00,    1.7637948672E+01
     39750,      0.676920,CP10_after_neg_clamp,   1,    0.0000000000E+00,    1.7637948672E+01,    1.7637948672E+01,    0.0000000000E+00,    0.0000000000E+00,    0.0000000000E+00,    1.7637948672E+01
     39750,      0.676920,CP11_after_MPI,   1,    0.0000000000E+00,    1.7637948672E+01,    1.7637948672E+01,    0.0000000000E+00,    0.0000000000E+00,    0.0000000000E+00,    1.7637948672E+01
     39750,      0.676920,CP12_end,   1,    0.0000000000E+00,    1.7637948672E+01,    1.7637948672E+01,    0.0000000000E+00,    0.0000000000E+00,    0.0000000000E+00,    1.7637948672E+01
     39800,      0.676920,CP0_start,   1,    0.0000000000E+00,    1.7680768567E+01,    1.7680768567E+01,    0.0000000000E+00,    0.0000000000E+00,    0.0000000000E+00,    1.7680768567E+01
     39800,      0.676920,CP1_after_deposition,   1,    0.0000000000E+00,    1.7680768567E+01,    1.7680768567E+01,    0.0000000000E+00,    0.0000000000E+00,    0.0000000000E+00,    1.7680768567E+01
     39800,      0.676920,CP2_after_erosion,   1,    0.0000000000E+00,    1.7680768567E+01,    1.7680768567E+01,    0.0000000000E+00,    0.0000000000E+00,    0.0000000000E+00,    1.7680768567E+01
     39800,      0.676920,CP3_after_update_bottom,   1,    0.0000000000E+00,    1.7680768567E+01,    1.7680768567E+01,    0.0000000000E+00,    0.0000000000E+00,    0.0000000000E+00,    1.7680768567E+01
     39800,      0.676920,CP4_after_advection,   1,    0.0000000000E+00,    1.7681776000E+01,    1.7681776000E+01,    0.0000000000E+00,    0.0000000000E+00,    0.0000000000E+00,    1.7681776000E+01
     39800,      0.676920,CP5_after_vdif,   1,    0.0000000000E+00,    1.7681776000E+01,    1.7681776000E+01,    0.0000000000E+00,    0.0000000000E+00,    0.0000000000E+00,    1.7681776000E+01
     39800,      0.676920,CP6_after_kinetics,   1,    0.0000000000E+00,    1.7681776000E+01,    1.7681776000E+01,    0.0000000000E+00,    0.0000000000E+00,    0.0000000000E+00,    1.7681776000E+01
     39800,      0.676920,CP7_after_upper_clamp,   1,    0.0000000000E+00,    1.7681776000E+01,    1.7681776000E+01,    0.0000000000E+00,    0.0000000000E+00,    0.0000000000E+00,    1.7681776000E+01
     39800,      0.676920,CP8_after_OBC,   1,    0.0000000000E+00,    1.7681776000E+01,    1.7681776000E+01,    0.0000000000E+00,    0.0000000000E+00,    0.0000000000E+00,    1.7681776000E+01
     39800,      0.676920,CP9_after_PTsource,   1,    0.0000000000E+00,    1.7681776000E+01,    1.7681776000E+01,    0.0000000000E+00,    0.0000000000E+00,    0.0000000000E+00,    1.7681776000E+01
     39800,      0.676920,CP10_after_neg_clamp,   1,    0.0000000000E+00,    1.7681776000E+01,    1.7681776000E+01,    0.0000000000E+00,    0.0000000000E+00,    0.0000000000E+00,    1.7681776000E+01
     39800,      0.676920,CP11_after_MPI,   1,    0.0000000000E+00,    1.7681776000E+01,    1.7681776000E+01,    0.0000000000E+00,    0.0000000000E+00,    0.0000000000E+00,    1.7681776000E+01
     39800,      0.676920,CP12_end,   1,    0.0000000000E+00,    1.7681776000E+01,    1.7681776000E+01,    0.0000000000E+00,    0.0000000000E+00,    0.0000000000E+00,    1.7681776000E+01
     39850,      0.676920,CP0_start,   1,    0.0000000000E+00,    1.7724704990E+01,    1.7724704990E+01,    0.0000000000E+00,    0.0000000000E+00,    0.0000000000E+00,    1.7724704990E+01
     39850,      0.676920,CP1_after_deposition,   1,    0.0000000000E+00,    1.7724704990E+01,    1.7724704990E+01,    0.0000000000E+00,    0.0000000000E+00,    0.0000000000E+00,    1.7724704990E+01
     39850,      0.676920,CP2_after_erosion,   1,    0.0000000000E+00,    1.7724704990E+01,    1.7724704990E+01,    0.0000000000E+00,    0.0000000000E+00,    0.0000000000E+00,    1.7724704990E+01
     39850,      0.676920,CP3_after_update_bottom,   1,    0.0000000000E+00,    1.7724704990E+01,    1.7724704990E+01,    0.0000000000E+00,    0.0000000000E+00,    0.0000000000E+00,    1.7724704990E+01
     39850,      0.676920,CP4_after_advection,   1,    0.0000000000E+00,    1.7725711065E+01,    1.7725711065E+01,    0.0000000000E+00,    0.0000000000E+00,    0.0000000000E+00,    1.7725711065E+01
     39850,      0.676920,CP5_after_vdif,   1,    0.0000000000E+00,    1.7725711065E+01,    1.7725711065E+01,    0.0000000000E+00,    0.0000000000E+00,    0.0000000000E+00,    1.7725711065E+01
     39850,      0.676920,CP6_after_kinetics,   1,    0.0000000000E+00,    1.7725711065E+01,    1.7725711065E+01,    0.0000000000E+00,    0.0000000000E+00,    0.0000000000E+00,    1.7725711065E+01
     39850,      0.676920,CP7_after_upper_clamp,   1,    0.0000000000E+00,    1.7725711065E+01,    1.7725711065E+01,    0.0000000000E+00,    0.0000000000E+00,    0.0000000000E+00,    1.7725711065E+01
     39850,      0.676920,CP8_after_OBC,   1,    0.0000000000E+00,    1.7725711065E+01,    1.7725711065E+01,    0.0000000000E+00,    0.0000000000E+00,    0.0000000000E+00,    1.7725711065E+01
     39850,      0.676920,CP9_after_PTsource,   1,    0.0000000000E+00,    1.7725711065E+01,    1.7725711065E+01,    0.0000000000E+00,    0.0000000000E+00,    0.0000000000E+00,    1.7725711065E+01
     39850,      0.676920,CP10_after_neg_clamp,   1,    0.0000000000E+00,    1.7725711065E+01,    1.7725711065E+01,    0.0000000000E+00,    0.0000000000E+00,    0.0000000000E+00,    1.7725711065E+01
     39850,      0.676920,CP11_after_MPI,   1,    0.0000000000E+00,    1.7725711065E+01,    1.7725711065E+01,    0.0000000000E+00,    0.0000000000E+00,    0.0000000000E+00,    1.7725711065E+01
     39850,      0.676920,CP12_end,   1,    0.0000000000E+00,    1.7725711065E+01,    1.7725711065E+01,    0.0000000000E+00,    0.0000000000E+00,    0.0000000000E+00,    1.7725711065E+01
     39900,      0.676920,CP0_start,   1,    0.0000000000E+00,    1.7768745078E+01,    1.7768745078E+01,    0.0000000000E+00,    0.0000000000E+00,    0.0000000000E+00,    1.7768745078E+01
     39900,      0.676920,CP1_after_deposition,   1,    0.0000000000E+00,    1.7768745078E+01,    1.7768745078E+01,    0.0000000000E+00,    0.0000000000E+00,    0.0000000000E+00,    1.7768745078E+01
     39900,      0.676920,CP2_after_erosion,   1,    0.0000000000E+00,    1.7768745078E+01,    1.7768745078E+01,    0.0000000000E+00,    0.0000000000E+00,    0.0000000000E+00,    1.7768745078E+01
     39900,      0.676920,CP3_after_update_bottom,   1,    0.0000000000E+00,    1.7768745078E+01,    1.7768745078E+01,    0.0000000000E+00,    0.0000000000E+00,    0.0000000000E+00,    1.7768745078E+01
     39900,      0.676920,CP4_after_advection,   1,    0.0000000000E+00,    1.7769749201E+01,    1.7769749201E+01,    0.0000000000E+00,    0.0000000000E+00,    0.0000000000E+00,    1.7769749201E+01
     39900,      0.676920,CP5_after_vdif,   1,    0.0000000000E+00,    1.7769749201E+01,    1.7769749201E+01,    0.0000000000E+00,    0.0000000000E+00,    0.0000000000E+00,    1.7769749201E+01
     39900,      0.676920,CP6_after_kinetics,   1,    0.0000000000E+00,    1.7769749201E+01,    1.7769749201E+01,    0.0000000000E+00,    0.0000000000E+00,    0.0000000000E+00,    1.7769749201E+01
     39900,      0.676920,CP7_after_upper_clamp,   1,    0.0000000000E+00,    1.7769749201E+01,    1.7769749201E+01,    0.0000000000E+00,    0.0000000000E+00,    0.0000000000E+00,    1.7769749201E+01
     39900,      0.676920,CP8_after_OBC,   1,    0.0000000000E+00,    1.7769749201E+01,    1.7769749201E+01,    0.0000000000E+00,    0.0000000000E+00,    0.0000000000E+00,    1.7769749201E+01
     39900,      0.676920,CP9_after_PTsource,   1,    0.0000000000E+00,    1.7769749201E+01,    1.7769749201E+01,    0.0000000000E+00,    0.0000000000E+00,    0.0000000000E+00,    1.7769749201E+01
     39900,      0.676920,CP10_after_neg_clamp,   1,    0.0000000000E+00,    1.7769749201E+01,    1.7769749201E+01,    0.0000000000E+00,    0.0000000000E+00,    0.0000000000E+00,    1.7769749201E+01
     39900,      0.676920,CP11_after_MPI,   1,    0.0000000000E+00,    1.7769749201E+01,    1.7769749201E+01,    0.0000000000E+00,    0.0000000000E+00,    0.0000000000E+00,    1.7769749201E+01
     39900,      0.676920,CP12_end,   1,    0.0000000000E+00,    1.7769749201E+01,    1.7769749201E+01,    0.0000000000E+00,    0.0000000000E+00,    0.0000000000E+00,    1.7769749201E+01
     39950,      0.676920,CP0_start,   1,    0.0000000000E+00,    1.7812882578E+01,    1.7812882578E+01,    0.0000000000E+00,    0.0000000000E+00,    0.0000000000E+00,    1.7812882578E+01
     39950,      0.676920,CP1_after_deposition,   1,    0.0000000000E+00,    1.7812882578E+01,    1.7812882578E+01,    0.0000000000E+00,    0.0000000000E+00,    0.0000000000E+00,    1.7812882578E+01
     39950,      0.676920,CP2_after_erosion,   1,    0.0000000000E+00,    1.7812882578E+01,    1.7812882578E+01,    0.0000000000E+00,    0.0000000000E+00,    0.0000000000E+00,    1.7812882578E+01
     39950,      0.676920,CP3_after_update_bottom,   1,    0.0000000000E+00,    1.7812882578E+01,    1.7812882578E+01,    0.0000000000E+00,    0.0000000000E+00,    0.0000000000E+00,    1.7812882578E+01
     39950,      0.676920,CP4_after_advection,   1,    0.0000000000E+00,    1.7813884302E+01,    1.7813884302E+01,    0.0000000000E+00,    0.0000000000E+00,    0.0000000000E+00,    1.7813884302E+01
     39950,      0.676920,CP5_after_vdif,   1,    0.0000000000E+00,    1.7813884302E+01,    1.7813884302E+01,    0.0000000000E+00,    0.0000000000E+00,    0.0000000000E+00,    1.7813884302E+01
     39950,      0.676920,CP6_after_kinetics,   1,    0.0000000000E+00,    1.7813884302E+01,    1.7813884302E+01,    0.0000000000E+00,    0.0000000000E+00,    0.0000000000E+00,    1.7813884302E+01
     39950,      0.676920,CP7_after_upper_clamp,   1,    0.0000000000E+00,    1.7813884302E+01,    1.7813884302E+01,    0.0000000000E+00,    0.0000000000E+00,    0.0000000000E+00,    1.7813884302E+01
     39950,      0.676920,CP8_after_OBC,   1,    0.0000000000E+00,    1.7813884302E+01,    1.7813884302E+01,    0.0000000000E+00,    0.0000000000E+00,    0.0000000000E+00,    1.7813884302E+01
     39950,      0.676920,CP9_after_PTsource,   1,    0.0000000000E+00,    1.7813884302E+01,    1.7813884302E+01,    0.0000000000E+00,    0.0000000000E+00,    0.0000000000E+00,    1.7813884302E+01
     39950,      0.676920,CP10_after_neg_clamp,   1,    0.0000000000E+00,    1.7813884302E+01,    1.7813884302E+01,    0.0000000000E+00,    0.0000000000E+00,    0.0000000000E+00,    1.7813884302E+01
     39950,      0.676920,CP11_after_MPI,   1,    0.0000000000E+00,    1.7813884302E+01,    1.7813884302E+01,    0.0000000000E+00,    0.0000000000E+00,    0.0000000000E+00,    1.7813884302E+01
     39950,      0.676920,CP12_end,   1,    0.0000000000E+00,    1.7813884302E+01,    1.7813884302E+01,    0.0000000000E+00,    0.0000000000E+00,    0.0000000000E+00,    1.7813884302E+01
     40000,      0.676920,CP0_start,   1,    0.0000000000E+00,    1.7857123190E+01,    1.7857123190E+01,    0.0000000000E+00,    0.0000000000E+00,    0.0000000000E+00,    1.7857123190E+01
     40000,      0.676920,CP1_after_deposition,   1,    0.0000000000E+00,    1.7857123190E+01,    1.7857123190E+01,    0.0000000000E+00,    0.0000000000E+00,    0.0000000000E+00,    1.7857123190E+01
     40000,      0.676920,CP2_after_erosion,   1,    0.0000000000E+00,    1.7857123190E+01,    1.7857123190E+01,    0.0000000000E+00,    0.0000000000E+00,    0.0000000000E+00,    1.7857123190E+01
     40000,      0.676920,CP3_after_update_bottom,   1,    0.0000000000E+00,    1.7857123190E+01,    1.7857123190E+01,    0.0000000000E+00,    0.0000000000E+00,    0.0000000000E+00,    1.7857123190E+01
     40000,      0.676920,CP4_after_advection,   1,    0.0000000000E+00,    1.7858122164E+01,    1.7858122164E+01,    0.0000000000E+00,    0.0000000000E+00,    0.0000000000E+00,    1.7858122164E+01
     40000,      0.676920,CP5_after_vdif,   1,    0.0000000000E+00,    1.7858122164E+01,    1.7858122164E+01,    0.0000000000E+00,    0.0000000000E+00,    0.0000000000E+00,    1.7858122164E+01
     40000,      0.676920,CP6_after_kinetics,   1,    0.0000000000E+00,    1.7858122164E+01,    1.7858122164E+01,    0.0000000000E+00,    0.0000000000E+00,    0.0000000000E+00,    1.7858122164E+01
     40000,      0.676920,CP7_after_upper_clamp,   1,    0.0000000000E+00,    1.7858122164E+01,    1.7858122164E+01,    0.0000000000E+00,    0.0000000000E+00,    0.0000000000E+00,    1.7858122164E+01
     40000,      0.676920,CP8_after_OBC,   1,    0.0000000000E+00,    1.7858122164E+01,    1.7858122164E+01,    0.0000000000E+00,    0.0000000000E+00,    0.0000000000E+00,    1.7858122164E+01
     40000,      0.676920,CP9_after_PTsource,   1,    0.0000000000E+00,    1.7858122164E+01,    1.7858122164E+01,    0.0000000000E+00,    0.0000000000E+00,    0.0000000000E+00,    1.7858122164E+01
     40000,      0.676920,CP10_after_neg_clamp,   1,    0.0000000000E+00,    1.7858122164E+01,    1.7858122164E+01,    0.0000000000E+00,    0.0000000000E+00,    0.0000000000E+00,    1.7858122164E+01
     40000,      0.676920,CP11_after_MPI,   1,    0.0000000000E+00,    1.7858122164E+01,    1.7858122164E+01,    0.0000000000E+00,    0.0000000000E+00,    0.0000000000E+00,    1.7858122164E+01
     40000,      0.676920,CP12_end,   1,    0.0000000000E+00,    1.7858122164E+01,    1.7858122164E+01,    0.0000000000E+00,    0.0000000000E+00,    0.0000000000E+00,    1.7858122164E+01
     40050,      0.676920,CP0_start,   1,    0.0000000000E+00,    1.7901455112E+01,    1.7901455112E+01,    0.0000000000E+00,    0.0000000000E+00,    0.0000000000E+00,    1.7901455112E+01
     40050,      0.676920,CP1_after_deposition,   1,    0.0000000000E+00,    1.7901455112E+01,    1.7901455112E+01,    0.0000000000E+00,    0.0000000000E+00,    0.0000000000E+00,    1.7901455112E+01
     40050,      0.676920,CP2_after_erosion,   1,    0.0000000000E+00,    1.7901455112E+01,    1.7901455112E+01,    0.0000000000E+00,    0.0000000000E+00,    0.0000000000E+00,    1.7901455112E+01
     40050,      0.676920,CP3_after_update_bottom,   1,    0.0000000000E+00,    1.7901455112E+01,    1.7901455112E+01,    0.0000000000E+00,    0.0000000000E+00,    0.0000000000E+00,    1.7901455112E+01
     40050,      0.676920,CP4_after_advection,   1,    0.0000000000E+00,    1.7902451639E+01,    1.7902451639E+01,    0.0000000000E+00,    0.0000000000E+00,    0.0000000000E+00,    1.7902451639E+01
     40050,      0.676920,CP5_after_vdif,   1,    0.0000000000E+00,    1.7902451639E+01,    1.7902451639E+01,    0.0000000000E+00,    0.0000000000E+00,    0.0000000000E+00,    1.7902451639E+01
     40050,      0.676920,CP6_after_kinetics,   1,    0.0000000000E+00,    1.7902451639E+01,    1.7902451639E+01,    0.0000000000E+00,    0.0000000000E+00,    0.0000000000E+00,    1.7902451639E+01
     40050,      0.676920,CP7_after_upper_clamp,   1,    0.0000000000E+00,    1.7902451639E+01,    1.7902451639E+01,    0.0000000000E+00,    0.0000000000E+00,    0.0000000000E+00,    1.7902451639E+01
     40050,      0.676920,CP8_after_OBC,   1,    0.0000000000E+00,    1.7902451639E+01,    1.7902451639E+01,    0.0000000000E+00,    0.0000000000E+00,    0.0000000000E+00,    1.7902451639E+01
     40050,      0.676920,CP9_after_PTsource,   1,    0.0000000000E+00,    1.7902451639E+01,    1.7902451639E+01,    0.0000000000E+00,    0.0000000000E+00,    0.0000000000E+00,    1.7902451639E+01
     40050,      0.676920,CP10_after_neg_clamp,   1,    0.0000000000E+00,    1.7902451639E+01,    1.7902451639E+01,    0.0000000000E+00,    0.0000000000E+00,    0.0000000000E+00,    1.7902451639E+01
     40050,      0.676920,CP11_after_MPI,   1,    0.0000000000E+00,    1.7902451639E+01,    1.7902451639E+01,    0.0000000000E+00,    0.0000000000E+00,    0.0000000000E+00,    1.7902451639E+01
     40050,      0.676920,CP12_end,   1,    0.0000000000E+00,    1.7902451639E+01,    1.7902451639E+01,    0.0000000000E+00,    0.0000000000E+00,    0.0000000000E+00,    1.7902451639E+01
     40100,      0.676920,CP0_start,   1,    0.0000000000E+00,    1.7945875739E+01,    1.7945875739E+01,    0.0000000000E+00,    0.0000000000E+00,    0.0000000000E+00,    1.7945875739E+01
     40100,      0.676920,CP1_after_deposition,   1,    0.0000000000E+00,    1.7945875739E+01,    1.7945875739E+01,    0.0000000000E+00,    0.0000000000E+00,    0.0000000000E+00,    1.7945875739E+01
     40100,      0.676920,CP2_after_erosion,   1,    0.0000000000E+00,    1.7945875739E+01,    1.7945875739E+01,    0.0000000000E+00,    0.0000000000E+00,    0.0000000000E+00,    1.7945875739E+01
     40100,      0.676920,CP3_after_update_bottom,   1,    0.0000000000E+00,    1.7945875739E+01,    1.7945875739E+01,    0.0000000000E+00,    0.0000000000E+00,    0.0000000000E+00,    1.7945875739E+01
     40100,      0.676920,CP4_after_advection,   1,    0.0000000000E+00,    1.7946869516E+01,    1.7946869516E+01,    0.0000000000E+00,    0.0000000000E+00,    0.0000000000E+00,    1.7946869516E+01
     40100,      0.676920,CP5_after_vdif,   1,    0.0000000000E+00,    1.7946869516E+01,    1.7946869516E+01,    0.0000000000E+00,    0.0000000000E+00,    0.0000000000E+00,    1.7946869516E+01
     40100,      0.676920,CP6_after_kinetics,   1,    0.0000000000E+00,    1.7946869516E+01,    1.7946869516E+01,    0.0000000000E+00,    0.0000000000E+00,    0.0000000000E+00,    1.7946869516E+01
     40100,      0.676920,CP7_after_upper_clamp,   1,    0.0000000000E+00,    1.7946869516E+01,    1.7946869516E+01,    0.0000000000E+00,    0.0000000000E+00,    0.0000000000E+00,    1.7946869516E+01
     40100,      0.676920,CP8_after_OBC,   1,    0.0000000000E+00,    1.7946869516E+01,    1.7946869516E+01,    0.0000000000E+00,    0.0000000000E+00,    0.0000000000E+00,    1.7946869516E+01
     40100,      0.676920,CP9_after_PTsource,   1,    0.0000000000E+00,    1.7946869516E+01,    1.7946869516E+01,    0.0000000000E+00,    0.0000000000E+00,    0.0000000000E+00,    1.7946869516E+01
     40100,      0.676920,CP10_after_neg_clamp,   1,    0.0000000000E+00,    1.7946869516E+01,    1.7946869516E+01,    0.0000000000E+00,    0.0000000000E+00,    0.0000000000E+00,    1.7946869516E+01
     40100,      0.676920,CP11_after_MPI,   1,    0.0000000000E+00,    1.7946869516E+01,    1.7946869516E+01,    0.0000000000E+00,    0.0000000000E+00,    0.0000000000E+00,    1.7946869516E+01
     40100,      0.676920,CP12_end,   1,    0.0000000000E+00,    1.7946869516E+01,    1.7946869516E+01,    0.0000000000E+00,    0.0000000000E+00,    0.0000000000E+00,    1.7946869516E+01
     40150,      0.676920,CP0_start,   1,    0.0000000000E+00,    1.7990382851E+01,    1.7990382851E+01,    0.0000000000E+00,    0.0000000000E+00,    0.0000000000E+00,    1.7990382851E+01
     40150,      0.676920,CP1_after_deposition,   1,    0.0000000000E+00,    1.7990382851E+01,    1.7990382851E+01,    0.0000000000E+00,    0.0000000000E+00,    0.0000000000E+00,    1.7990382851E+01
     40150,      0.676920,CP2_after_erosion,   1,    0.0000000000E+00,    1.7990382851E+01,    1.7990382851E+01,    0.0000000000E+00,    0.0000000000E+00,    0.0000000000E+00,    1.7990382851E+01
     40150,      0.676920,CP3_after_update_bottom,   1,    0.0000000000E+00,    1.7990382851E+01,    1.7990382851E+01,    0.0000000000E+00,    0.0000000000E+00,    0.0000000000E+00,    1.7990382851E+01
     40150,      0.676920,CP4_after_advection,   1,    0.0000000000E+00,    1.7991374043E+01,    1.7991374043E+01,    0.0000000000E+00,    0.0000000000E+00,    0.0000000000E+00,    1.7991374043E+01
     40150,      0.676920,CP5_after_vdif,   1,    0.0000000000E+00,    1.7991374043E+01,    1.7991374043E+01,    0.0000000000E+00,    0.0000000000E+00,    0.0000000000E+00,    1.7991374043E+01
     40150,      0.676920,CP6_after_kinetics,   1,    0.0000000000E+00,    1.7991374043E+01,    1.7991374043E+01,    0.0000000000E+00,    0.0000000000E+00,    0.0000000000E+00,    1.7991374043E+01
     40150,      0.676920,CP7_after_upper_clamp,   1,    0.0000000000E+00,    1.7991374043E+01,    1.7991374043E+01,    0.0000000000E+00,    0.0000000000E+00,    0.0000000000E+00,    1.7991374043E+01
     40150,      0.676920,CP8_after_OBC,   1,    0.0000000000E+00,    1.7991374043E+01,    1.7991374043E+01,    0.0000000000E+00,    0.0000000000E+00,    0.0000000000E+00,    1.7991374043E+01
     40150,      0.676920,CP9_after_PTsource,   1,    0.0000000000E+00,    1.7991374043E+01,    1.7991374043E+01,    0.0000000000E+00,    0.0000000000E+00,    0.0000000000E+00,    1.7991374043E+01
     40150,      0.676920,CP10_after_neg_clamp,   1,    0.0000000000E+00,    1.7991374043E+01,    1.7991374043E+01,    0.0000000000E+00,    0.0000000000E+00,    0.0000000000E+00,    1.7991374043E+01
     40150,      0.676920,CP11_after_MPI,   1,    0.0000000000E+00,    1.7991374043E+01,    1.7991374043E+01,    0.0000000000E+00,    0.0000000000E+00,    0.0000000000E+00,    1.7991374043E+01
     40150,      0.676920,CP12_end,   1,    0.0000000000E+00,    1.7991374043E+01,    1.7991374043E+01,    0.0000000000E+00,    0.0000000000E+00,    0.0000000000E+00,    1.7991374043E+01
     40200,      0.676920,CP0_start,   1,    0.0000000000E+00,    1.8034977901E+01,    1.8034977901E+01,    0.0000000000E+00,    0.0000000000E+00,    0.0000000000E+00,    1.8034977901E+01
     40200,      0.676920,CP1_after_deposition,   1,    0.0000000000E+00,    1.8034977901E+01,    1.8034977901E+01,    0.0000000000E+00,    0.0000000000E+00,    0.0000000000E+00,    1.8034977901E+01
     40200,      0.676920,CP2_after_erosion,   1,    0.0000000000E+00,    1.8034977901E+01,    1.8034977901E+01,    0.0000000000E+00,    0.0000000000E+00,    0.0000000000E+00,    1.8034977901E+01
     40200,      0.676920,CP3_after_update_bottom,   1,    0.0000000000E+00,    1.8034977901E+01,    1.8034977901E+01,    0.0000000000E+00,    0.0000000000E+00,    0.0000000000E+00,    1.8034977901E+01
     40200,      0.676920,CP4_after_advection,   1,    0.0000000000E+00,    1.8035966974E+01,    1.8035966974E+01,    0.0000000000E+00,    0.0000000000E+00,    0.0000000000E+00,    1.8035966974E+01
     40200,      0.676920,CP5_after_vdif,   1,    0.0000000000E+00,    1.8035966974E+01,    1.8035966974E+01,    0.0000000000E+00,    0.0000000000E+00,    0.0000000000E+00,    1.8035966974E+01
     40200,      0.676920,CP6_after_kinetics,   1,    0.0000000000E+00,    1.8035966974E+01,    1.8035966974E+01,    0.0000000000E+00,    0.0000000000E+00,    0.0000000000E+00,    1.8035966974E+01
     40200,      0.676920,CP7_after_upper_clamp,   1,    0.0000000000E+00,    1.8035966974E+01,    1.8035966974E+01,    0.0000000000E+00,    0.0000000000E+00,    0.0000000000E+00,    1.8035966974E+01
     40200,      0.676920,CP8_after_OBC,   1,    0.0000000000E+00,    1.8035966974E+01,    1.8035966974E+01,    0.0000000000E+00,    0.0000000000E+00,    0.0000000000E+00,    1.8035966974E+01
     40200,      0.676920,CP9_after_PTsource,   1,    0.0000000000E+00,    1.8035966974E+01,    1.8035966974E+01,    0.0000000000E+00,    0.0000000000E+00,    0.0000000000E+00,    1.8035966974E+01
     40200,      0.676920,CP10_after_neg_clamp,   1,    0.0000000000E+00,    1.8035966974E+01,    1.8035966974E+01,    0.0000000000E+00,    0.0000000000E+00,    0.0000000000E+00,    1.8035966974E+01
     40200,      0.676920,CP11_after_MPI,   1,    0.0000000000E+00,    1.8035966974E+01,    1.8035966974E+01,    0.0000000000E+00,    0.0000000000E+00,    0.0000000000E+00,    1.8035966974E+01
     40200,      0.676920,CP12_end,   1,    0.0000000000E+00,    1.8035966974E+01,    1.8035966974E+01,    0.0000000000E+00,    0.0000000000E+00,    0.0000000000E+00,    1.8035966974E+01
     40250,      0.676921,CP0_start,   1,    0.0000000000E+00,    1.8079649588E+01,    1.8079649588E+01,    0.0000000000E+00,    0.0000000000E+00,    0.0000000000E+00,    1.8079649588E+01
     40250,      0.676921,CP1_after_deposition,   1,    0.0000000000E+00,    1.8079649588E+01,    1.8079649588E+01,    0.0000000000E+00,    0.0000000000E+00,    0.0000000000E+00,    1.8079649588E+01
     40250,      0.676921,CP2_after_erosion,   1,    0.0000000000E+00,    1.8079649588E+01,    1.8079649588E+01,    0.0000000000E+00,    0.0000000000E+00,    0.0000000000E+00,    1.8079649588E+01
     40250,      0.676921,CP3_after_update_bottom,   1,    0.0000000000E+00,    1.8079649588E+01,    1.8079649588E+01,    0.0000000000E+00,    0.0000000000E+00,    0.0000000000E+00,    1.8079649588E+01
     40250,      0.676921,CP4_after_advection,   1,    0.0000000000E+00,    1.8080635732E+01,    1.8080635732E+01,    0.0000000000E+00,    0.0000000000E+00,    0.0000000000E+00,    1.8080635732E+01
     40250,      0.676921,CP5_after_vdif,   1,    0.0000000000E+00,    1.8080635732E+01,    1.8080635732E+01,    0.0000000000E+00,    0.0000000000E+00,    0.0000000000E+00,    1.8080635732E+01
     40250,      0.676921,CP6_after_kinetics,   1,    0.0000000000E+00,    1.8080635732E+01,    1.8080635732E+01,    0.0000000000E+00,    0.0000000000E+00,    0.0000000000E+00,    1.8080635732E+01
     40250,      0.676921,CP7_after_upper_clamp,   1,    0.0000000000E+00,    1.8080635732E+01,    1.8080635732E+01,    0.0000000000E+00,    0.0000000000E+00,    0.0000000000E+00,    1.8080635732E+01
     40250,      0.676921,CP8_after_OBC,   1,    0.0000000000E+00,    1.8080635732E+01,    1.8080635732E+01,    0.0000000000E+00,    0.0000000000E+00,    0.0000000000E+00,    1.8080635732E+01
     40250,      0.676921,CP9_after_PTsource,   1,    0.0000000000E+00,    1.8080635732E+01,    1.8080635732E+01,    0.0000000000E+00,    0.0000000000E+00,    0.0000000000E+00,    1.8080635732E+01
     40250,      0.676921,CP10_after_neg_clamp,   1,    0.0000000000E+00,    1.8080635732E+01,    1.8080635732E+01,    0.0000000000E+00,    0.0000000000E+00,    0.0000000000E+00,    1.8080635732E+01
     40250,      0.676921,CP11_after_MPI,   1,    0.0000000000E+00,    1.8080635732E+01,    1.8080635732E+01,    0.0000000000E+00,    0.0000000000E+00,    0.0000000000E+00,    1.8080635732E+01
     40250,      0.676921,CP12_end,   1,    0.0000000000E+00,    1.8080635732E+01,    1.8080635732E+01,    0.0000000000E+00,    0.0000000000E+00,    0.0000000000E+00,    1.8080635732E+01
     40300,      0.676921,CP0_start,   1,    0.0000000000E+00,    1.8124396039E+01,    1.8124396039E+01,    0.0000000000E+00,    0.0000000000E+00,    0.0000000000E+00,    1.8124396039E+01
     40300,      0.676921,CP1_after_deposition,   1,    0.0000000000E+00,    1.8124396039E+01,    1.8124396039E+01,    0.0000000000E+00,    0.0000000000E+00,    0.0000000000E+00,    1.8124396039E+01
     40300,      0.676921,CP2_after_erosion,   1,    0.0000000000E+00,    1.8124396039E+01,    1.8124396039E+01,    0.0000000000E+00,    0.0000000000E+00,    0.0000000000E+00,    1.8124396039E+01
     40300,      0.676921,CP3_after_update_bottom,   1,    0.0000000000E+00,    1.8124396039E+01,    1.8124396039E+01,    0.0000000000E+00,    0.0000000000E+00,    0.0000000000E+00,    1.8124396039E+01
     40300,      0.676921,CP4_after_advection,   1,    0.0000000000E+00,    1.8125378145E+01,    1.8125378145E+01,    0.0000000000E+00,    0.0000000000E+00,    0.0000000000E+00,    1.8125378145E+01
     40300,      0.676921,CP5_after_vdif,   1,    0.0000000000E+00,    1.8125378145E+01,    1.8125378145E+01,    0.0000000000E+00,    0.0000000000E+00,    0.0000000000E+00,    1.8125378145E+01
     40300,      0.676921,CP6_after_kinetics,   1,    0.0000000000E+00,    1.8125378145E+01,    1.8125378145E+01,    0.0000000000E+00,    0.0000000000E+00,    0.0000000000E+00,    1.8125378145E+01
     40300,      0.676921,CP7_after_upper_clamp,   1,    0.0000000000E+00,    1.8125378145E+01,    1.8125378145E+01,    0.0000000000E+00,    0.0000000000E+00,    0.0000000000E+00,    1.8125378145E+01
     40300,      0.676921,CP8_after_OBC,   1,    0.0000000000E+00,    1.8125378145E+01,    1.8125378145E+01,    0.0000000000E+00,    0.0000000000E+00,    0.0000000000E+00,    1.8125378145E+01
     40300,      0.676921,CP9_after_PTsource,   1,    0.0000000000E+00,    1.8125378145E+01,    1.8125378145E+01,    0.0000000000E+00,    0.0000000000E+00,    0.0000000000E+00,    1.8125378145E+01
     40300,      0.676921,CP10_after_neg_clamp,   1,    0.0000000000E+00,    1.8125378145E+01,    1.8125378145E+01,    0.0000000000E+00,    0.0000000000E+00,    0.0000000000E+00,    1.8125378145E+01
     40300,      0.676921,CP11_after_MPI,   1,    0.0000000000E+00,    1.8125378145E+01,    1.8125378145E+01,    0.0000000000E+00,    0.0000000000E+00,    0.0000000000E+00,    1.8125378145E+01
     40300,      0.676921,CP12_end,   1,    0.0000000000E+00,    1.8125378145E+01,    1.8125378145E+01,    0.0000000000E+00,    0.0000000000E+00,    0.0000000000E+00,    1.8125378145E+01
     40350,      0.676921,CP0_start,   1,    0.0000000000E+00,    1.8169217233E+01,    1.8169217233E+01,    0.0000000000E+00,    0.0000000000E+00,    0.0000000000E+00,    1.8169217233E+01
     40350,      0.676921,CP1_after_deposition,   1,    0.0000000000E+00,    1.8169217233E+01,    1.8169217233E+01,    0.0000000000E+00,    0.0000000000E+00,    0.0000000000E+00,    1.8169217233E+01
     40350,      0.676921,CP2_after_erosion,   1,    0.0000000000E+00,    1.8169217233E+01,    1.8169217233E+01,    0.0000000000E+00,    0.0000000000E+00,    0.0000000000E+00,    1.8169217233E+01
     40350,      0.676921,CP3_after_update_bottom,   1,    0.0000000000E+00,    1.8169217233E+01,    1.8169217233E+01,    0.0000000000E+00,    0.0000000000E+00,    0.0000000000E+00,    1.8169217233E+01
     40350,      0.676921,CP4_after_advection,   1,    0.0000000000E+00,    1.8170195482E+01,    1.8170195482E+01,    0.0000000000E+00,    0.0000000000E+00,    0.0000000000E+00,    1.8170195482E+01
     40350,      0.676921,CP5_after_vdif,   1,    0.0000000000E+00,    1.8170195482E+01,    1.8170195482E+01,    0.0000000000E+00,    0.0000000000E+00,    0.0000000000E+00,    1.8170195482E+01
     40350,      0.676921,CP6_after_kinetics,   1,    0.0000000000E+00,    1.8170195482E+01,    1.8170195482E+01,    0.0000000000E+00,    0.0000000000E+00,    0.0000000000E+00,    1.8170195482E+01
     40350,      0.676921,CP7_after_upper_clamp,   1,    0.0000000000E+00,    1.8170195482E+01,    1.8170195482E+01,    0.0000000000E+00,    0.0000000000E+00,    0.0000000000E+00,    1.8170195482E+01
     40350,      0.676921,CP8_after_OBC,   1,    0.0000000000E+00,    1.8170195482E+01,    1.8170195482E+01,    0.0000000000E+00,    0.0000000000E+00,    0.0000000000E+00,    1.8170195482E+01
     40350,      0.676921,CP9_after_PTsource,   1,    0.0000000000E+00,    1.8170195482E+01,    1.8170195482E+01,    0.0000000000E+00,    0.0000000000E+00,    0.0000000000E+00,    1.8170195482E+01
     40350,      0.676921,CP10_after_neg_clamp,   1,    0.0000000000E+00,    1.8170195482E+01,    1.8170195482E+01,    0.0000000000E+00,    0.0000000000E+00,    0.0000000000E+00,    1.8170195482E+01
     40350,      0.676921,CP11_after_MPI,   1,    0.0000000000E+00,    1.8170195482E+01,    1.8170195482E+01,    0.0000000000E+00,    0.0000000000E+00,    0.0000000000E+00,    1.8170195482E+01
     40350,      0.676921,CP12_end,   1,    0.0000000000E+00,    1.8170195482E+01,    1.8170195482E+01,    0.0000000000E+00,    0.0000000000E+00,    0.0000000000E+00,    1.8170195482E+01
     40400,      0.676921,CP0_start,   1,    0.0000000000E+00,    1.8214102678E+01,    1.8214102678E+01,    0.0000000000E+00,    0.0000000000E+00,    0.0000000000E+00,    1.8214102678E+01
     40400,      0.676921,CP1_after_deposition,   1,    0.0000000000E+00,    1.8214102678E+01,    1.8214102678E+01,    0.0000000000E+00,    0.0000000000E+00,    0.0000000000E+00,    1.8214102678E+01
     40400,      0.676921,CP2_after_erosion,   1,    0.0000000000E+00,    1.8214102678E+01,    1.8214102678E+01,    0.0000000000E+00,    0.0000000000E+00,    0.0000000000E+00,    1.8214102678E+01
     40400,      0.676921,CP3_after_update_bottom,   1,    0.0000000000E+00,    1.8214102678E+01,    1.8214102678E+01,    0.0000000000E+00,    0.0000000000E+00,    0.0000000000E+00,    1.8214102678E+01
     40400,      0.676921,CP4_after_advection,   1,    0.0000000000E+00,    1.8215077198E+01,    1.8215077198E+01,    0.0000000000E+00,    0.0000000000E+00,    0.0000000000E+00,    1.8215077198E+01
     40400,      0.676921,CP5_after_vdif,   1,    0.0000000000E+00,    1.8215077198E+01,    1.8215077198E+01,    0.0000000000E+00,    0.0000000000E+00,    0.0000000000E+00,    1.8215077198E+01
     40400,      0.676921,CP6_after_kinetics,   1,    0.0000000000E+00,    1.8215077198E+01,    1.8215077198E+01,    0.0000000000E+00,    0.0000000000E+00,    0.0000000000E+00,    1.8215077198E+01
     40400,      0.676921,CP7_after_upper_clamp,   1,    0.0000000000E+00,    1.8215077198E+01,    1.8215077198E+01,    0.0000000000E+00,    0.0000000000E+00,    0.0000000000E+00,    1.8215077198E+01
     40400,      0.676921,CP8_after_OBC,   1,    0.0000000000E+00,    1.8215077198E+01,    1.8215077198E+01,    0.0000000000E+00,    0.0000000000E+00,    0.0000000000E+00,    1.8215077198E+01
     40400,      0.676921,CP9_after_PTsource,   1,    0.0000000000E+00,    1.8215077198E+01,    1.8215077198E+01,    0.0000000000E+00,    0.0000000000E+00,    0.0000000000E+00,    1.8215077198E+01
     40400,      0.676921,CP10_after_neg_clamp,   1,    0.0000000000E+00,    1.8215077198E+01,    1.8215077198E+01,    0.0000000000E+00,    0.0000000000E+00,    0.0000000000E+00,    1.8215077198E+01
     40400,      0.676921,CP11_after_MPI,   1,    0.0000000000E+00,    1.8215077198E+01,    1.8215077198E+01,    0.0000000000E+00,    0.0000000000E+00,    0.0000000000E+00,    1.8215077198E+01
     40400,      0.676921,CP12_end,   1,    0.0000000000E+00,    1.8215077198E+01,    1.8215077198E+01,    0.0000000000E+00,    0.0000000000E+00,    0.0000000000E+00,    1.8215077198E+01
     40450,      0.676921,CP0_start,   1,    0.0000000000E+00,    1.8259048593E+01,    1.8259048593E+01,    0.0000000000E+00,    0.0000000000E+00,    0.0000000000E+00,    1.8259048593E+01
     40450,      0.676921,CP1_after_deposition,   1,    0.0000000000E+00,    1.8259048593E+01,    1.8259048593E+01,    0.0000000000E+00,    0.0000000000E+00,    0.0000000000E+00,    1.8259048593E+01
     40450,      0.676921,CP2_after_erosion,   1,    0.0000000000E+00,    1.8259048593E+01,    1.8259048593E+01,    0.0000000000E+00,    0.0000000000E+00,    0.0000000000E+00,    1.8259048593E+01
     40450,      0.676921,CP3_after_update_bottom,   1,    0.0000000000E+00,    1.8259048593E+01,    1.8259048593E+01,    0.0000000000E+00,    0.0000000000E+00,    0.0000000000E+00,    1.8259048593E+01
     40450,      0.676921,CP4_after_advection,   1,    0.0000000000E+00,    1.8260020117E+01,    1.8260020117E+01,    0.0000000000E+00,    0.0000000000E+00,    0.0000000000E+00,    1.8260020117E+01
     40450,      0.676921,CP5_after_vdif,   1,    0.0000000000E+00,    1.8260020117E+01,    1.8260020117E+01,    0.0000000000E+00,    0.0000000000E+00,    0.0000000000E+00,    1.8260020117E+01
     40450,      0.676921,CP6_after_kinetics,   1,    0.0000000000E+00,    1.8260020117E+01,    1.8260020117E+01,    0.0000000000E+00,    0.0000000000E+00,    0.0000000000E+00,    1.8260020117E+01
     40450,      0.676921,CP7_after_upper_clamp,   1,    0.0000000000E+00,    1.8260020117E+01,    1.8260020117E+01,    0.0000000000E+00,    0.0000000000E+00,    0.0000000000E+00,    1.8260020117E+01
     40450,      0.676921,CP8_after_OBC,   1,    0.0000000000E+00,    1.8260020117E+01,    1.8260020117E+01,    0.0000000000E+00,    0.0000000000E+00,    0.0000000000E+00,    1.8260020117E+01
     40450,      0.676921,CP9_after_PTsource,   1,    0.0000000000E+00,    1.8260020117E+01,    1.8260020117E+01,    0.0000000000E+00,    0.0000000000E+00,    0.0000000000E+00,    1.8260020117E+01
     40450,      0.676921,CP10_after_neg_clamp,   1,    0.0000000000E+00,    1.8260020117E+01,    1.8260020117E+01,    0.0000000000E+00,    0.0000000000E+00,    0.0000000000E+00,    1.8260020117E+01
     40450,      0.676921,CP11_after_MPI,   1,    0.0000000000E+00,    1.8260020117E+01,    1.8260020117E+01,    0.0000000000E+00,    0.0000000000E+00,    0.0000000000E+00,    1.8260020117E+01
     40450,      0.676921,CP12_end,   1,    0.0000000000E+00,    1.8260020117E+01,    1.8260020117E+01,    0.0000000000E+00,    0.0000000000E+00,    0.0000000000E+00,    1.8260020117E+01
     40500,      0.676921,CP0_start,   1,    0.0000000000E+00,    1.8304054755E+01,    1.8304054755E+01,    0.0000000000E+00,    0.0000000000E+00,    0.0000000000E+00,    1.8304054755E+01
     40500,      0.676921,CP1_after_deposition,   1,    0.0000000000E+00,    1.8304054755E+01,    1.8304054755E+01,    0.0000000000E+00,    0.0000000000E+00,    0.0000000000E+00,    1.8304054755E+01
     40500,      0.676921,CP2_after_erosion,   1,    0.0000000000E+00,    1.8304054755E+01,    1.8304054755E+01,    0.0000000000E+00,    0.0000000000E+00,    0.0000000000E+00,    1.8304054755E+01
     40500,      0.676921,CP3_after_update_bottom,   1,    0.0000000000E+00,    1.8304054755E+01,    1.8304054755E+01,    0.0000000000E+00,    0.0000000000E+00,    0.0000000000E+00,    1.8304054755E+01
     40500,      0.676921,CP4_after_advection,   1,    0.0000000000E+00,    1.8305022744E+01,    1.8305022744E+01,    0.0000000000E+00,    0.0000000000E+00,    0.0000000000E+00,    1.8305022744E+01
     40500,      0.676921,CP5_after_vdif,   1,    0.0000000000E+00,    1.8305022744E+01,    1.8305022744E+01,    0.0000000000E+00,    0.0000000000E+00,    0.0000000000E+00,    1.8305022744E+01
     40500,      0.676921,CP6_after_kinetics,   1,    0.0000000000E+00,    1.8305022744E+01,    1.8305022744E+01,    0.0000000000E+00,    0.0000000000E+00,    0.0000000000E+00,    1.8305022744E+01
     40500,      0.676921,CP7_after_upper_clamp,   1,    0.0000000000E+00,    1.8305022744E+01,    1.8305022744E+01,    0.0000000000E+00,    0.0000000000E+00,    0.0000000000E+00,    1.8305022744E+01
     40500,      0.676921,CP8_after_OBC,   1,    0.0000000000E+00,    1.8305022744E+01,    1.8305022744E+01,    0.0000000000E+00,    0.0000000000E+00,    0.0000000000E+00,    1.8305022744E+01
     40500,      0.676921,CP9_after_PTsource,   1,    0.0000000000E+00,    1.8305022744E+01,    1.8305022744E+01,    0.0000000000E+00,    0.0000000000E+00,    0.0000000000E+00,    1.8305022744E+01
     40500,      0.676921,CP10_after_neg_clamp,   1,    0.0000000000E+00,    1.8305022744E+01,    1.8305022744E+01,    0.0000000000E+00,    0.0000000000E+00,    0.0000000000E+00,    1.8305022744E+01
     40500,      0.676921,CP11_after_MPI,   1,    0.0000000000E+00,    1.8305022744E+01,    1.8305022744E+01,    0.0000000000E+00,    0.0000000000E+00,    0.0000000000E+00,    1.8305022744E+01
     40500,      0.676921,CP12_end,   1,    0.0000000000E+00,    1.8305022744E+01,    1.8305022744E+01,    0.0000000000E+00,    0.0000000000E+00,    0.0000000000E+00,    1.8305022744E+01
     40550,      0.676921,CP0_start,   1,    0.0000000000E+00,    1.8348957510E+01,    1.8348957510E+01,    0.0000000000E+00,    0.0000000000E+00,    0.0000000000E+00,    1.8348957510E+01
     40550,      0.676921,CP1_after_deposition,   1,    0.0000000000E+00,    1.8348957510E+01,    1.8348957510E+01,    0.0000000000E+00,    0.0000000000E+00,    0.0000000000E+00,    1.8348957510E+01
     40550,      0.676921,CP2_after_erosion,   1,    0.0000000000E+00,    1.8348957510E+01,    1.8348957510E+01,    0.0000000000E+00,    0.0000000000E+00,    0.0000000000E+00,    1.8348957510E+01
     40550,      0.676921,CP3_after_update_bottom,   1,    0.0000000000E+00,    1.8348957510E+01,    1.8348957510E+01,    0.0000000000E+00,    0.0000000000E+00,    0.0000000000E+00,    1.8348957510E+01
     40550,      0.676921,CP4_after_advection,   1,    0.0000000000E+00,    1.8349921251E+01,    1.8349921251E+01,    0.0000000000E+00,    0.0000000000E+00,    0.0000000000E+00,    1.8349921251E+01
     40550,      0.676921,CP5_after_vdif,   1,    0.0000000000E+00,    1.8349921251E+01,    1.8349921251E+01,    0.0000000000E+00,    0.0000000000E+00,    0.0000000000E+00,    1.8349921251E+01
     40550,      0.676921,CP6_after_kinetics,   1,    0.0000000000E+00,    1.8349921251E+01,    1.8349921251E+01,    0.0000000000E+00,    0.0000000000E+00,    0.0000000000E+00,    1.8349921251E+01
     40550,      0.676921,CP7_after_upper_clamp,   1,    0.0000000000E+00,    1.8349921251E+01,    1.8349921251E+01,    0.0000000000E+00,    0.0000000000E+00,    0.0000000000E+00,    1.8349921251E+01
     40550,      0.676921,CP8_after_OBC,   1,    0.0000000000E+00,    1.8349921251E+01,    1.8349921251E+01,    0.0000000000E+00,    0.0000000000E+00,    0.0000000000E+00,    1.8349921251E+01
     40550,      0.676921,CP9_after_PTsource,   1,    0.0000000000E+00,    1.8349921251E+01,    1.8349921251E+01,    0.0000000000E+00,    0.0000000000E+00,    0.0000000000E+00,    1.8349921251E+01
     40550,      0.676921,CP10_after_neg_clamp,   1,    0.0000000000E+00,    1.8349921251E+01,    1.8349921251E+01,    0.0000000000E+00,    0.0000000000E+00,    0.0000000000E+00,    1.8349921251E+01
     40550,      0.676921,CP11_after_MPI,   1,    0.0000000000E+00,    1.8349921251E+01,    1.8349921251E+01,    0.0000000000E+00,    0.0000000000E+00,    0.0000000000E+00,    1.8349921251E+01
     40550,      0.676921,CP12_end,   1,    0.0000000000E+00,    1.8349921251E+01,    1.8349921251E+01,    0.0000000000E+00,    0.0000000000E+00,    0.0000000000E+00,    1.8349921251E+01
     40600,      0.676921,CP0_start,   1,    0.0000000000E+00,    1.8393906724E+01,    1.8393906724E+01,    0.0000000000E+00,    0.0000000000E+00,    0.0000000000E+00,    1.8393906724E+01
     40600,      0.676921,CP1_after_deposition,   1,    0.0000000000E+00,    1.8393906724E+01,    1.8393906724E+01,    0.0000000000E+00,    0.0000000000E+00,    0.0000000000E+00,    1.8393906724E+01
     40600,      0.676921,CP2_after_erosion,   1,    0.0000000000E+00,    1.8393906724E+01,    1.8393906724E+01,    0.0000000000E+00,    0.0000000000E+00,    0.0000000000E+00,    1.8393906724E+01
     40600,      0.676921,CP3_after_update_bottom,   1,    0.0000000000E+00,    1.8393906724E+01,    1.8393906724E+01,    0.0000000000E+00,    0.0000000000E+00,    0.0000000000E+00,    1.8393906724E+01
     40600,      0.676921,CP4_after_advection,   1,    0.0000000000E+00,    1.8394867271E+01,    1.8394867271E+01,    0.0000000000E+00,    0.0000000000E+00,    0.0000000000E+00,    1.8394867271E+01
     40600,      0.676921,CP5_after_vdif,   1,    0.0000000000E+00,    1.8394867271E+01,    1.8394867271E+01,    0.0000000000E+00,    0.0000000000E+00,    0.0000000000E+00,    1.8394867271E+01
     40600,      0.676921,CP6_after_kinetics,   1,    0.0000000000E+00,    1.8394867271E+01,    1.8394867271E+01,    0.0000000000E+00,    0.0000000000E+00,    0.0000000000E+00,    1.8394867271E+01
     40600,      0.676921,CP7_after_upper_clamp,   1,    0.0000000000E+00,    1.8394867271E+01,    1.8394867271E+01,    0.0000000000E+00,    0.0000000000E+00,    0.0000000000E+00,    1.8394867271E+01
     40600,      0.676921,CP8_after_OBC,   1,    0.0000000000E+00,    1.8394867271E+01,    1.8394867271E+01,    0.0000000000E+00,    0.0000000000E+00,    0.0000000000E+00,    1.8394867271E+01
     40600,      0.676921,CP9_after_PTsource,   1,    0.0000000000E+00,    1.8394867271E+01,    1.8394867271E+01,    0.0000000000E+00,    0.0000000000E+00,    0.0000000000E+00,    1.8394867271E+01
     40600,      0.676921,CP10_after_neg_clamp,   1,    0.0000000000E+00,    1.8394867271E+01,    1.8394867271E+01,    0.0000000000E+00,    0.0000000000E+00,    0.0000000000E+00,    1.8394867271E+01
     40600,      0.676921,CP11_after_MPI,   1,    0.0000000000E+00,    1.8394867271E+01,    1.8394867271E+01,    0.0000000000E+00,    0.0000000000E+00,    0.0000000000E+00,    1.8394867271E+01
     40600,      0.676921,CP12_end,   1,    0.0000000000E+00,    1.8394867271E+01,    1.8394867271E+01,    0.0000000000E+00,    0.0000000000E+00,    0.0000000000E+00,    1.8394867271E+01
     40650,      0.676921,CP0_start,   1,    0.0000000000E+00,    1.8438908616E+01,    1.8438908616E+01,    0.0000000000E+00,    0.0000000000E+00,    0.0000000000E+00,    1.8438908616E+01
     40650,      0.676921,CP1_after_deposition,   1,    0.0000000000E+00,    1.8438908616E+01,    1.8438908616E+01,    0.0000000000E+00,    0.0000000000E+00,    0.0000000000E+00,    1.8438908616E+01
     40650,      0.676921,CP2_after_erosion,   1,    0.0000000000E+00,    1.8438908616E+01,    1.8438908616E+01,    0.0000000000E+00,    0.0000000000E+00,    0.0000000000E+00,    1.8438908616E+01
     40650,      0.676921,CP3_after_update_bottom,   1,    0.0000000000E+00,    1.8438908616E+01,    1.8438908616E+01,    0.0000000000E+00,    0.0000000000E+00,    0.0000000000E+00,    1.8438908616E+01
     40650,      0.676921,CP4_after_advection,   1,    0.0000000000E+00,    1.8439864922E+01,    1.8439864922E+01,    0.0000000000E+00,    0.0000000000E+00,    0.0000000000E+00,    1.8439864922E+01
     40650,      0.676921,CP5_after_vdif,   1,    0.0000000000E+00,    1.8439864922E+01,    1.8439864922E+01,    0.0000000000E+00,    0.0000000000E+00,    0.0000000000E+00,    1.8439864922E+01
     40650,      0.676921,CP6_after_kinetics,   1,    0.0000000000E+00,    1.8439864922E+01,    1.8439864922E+01,    0.0000000000E+00,    0.0000000000E+00,    0.0000000000E+00,    1.8439864922E+01
     40650,      0.676921,CP7_after_upper_clamp,   1,    0.0000000000E+00,    1.8439864922E+01,    1.8439864922E+01,    0.0000000000E+00,    0.0000000000E+00,    0.0000000000E+00,    1.8439864922E+01
     40650,      0.676921,CP8_after_OBC,   1,    0.0000000000E+00,    1.8439864922E+01,    1.8439864922E+01,    0.0000000000E+00,    0.0000000000E+00,    0.0000000000E+00,    1.8439864922E+01
     40650,      0.676921,CP9_after_PTsource,   1,    0.0000000000E+00,    1.8439864922E+01,    1.8439864922E+01,    0.0000000000E+00,    0.0000000000E+00,    0.0000000000E+00,    1.8439864922E+01
     40650,      0.676921,CP10_after_neg_clamp,   1,    0.0000000000E+00,    1.8439864922E+01,    1.8439864922E+01,    0.0000000000E+00,    0.0000000000E+00,    0.0000000000E+00,    1.8439864922E+01
     40650,      0.676921,CP11_after_MPI,   1,    0.0000000000E+00,    1.8439864922E+01,    1.8439864922E+01,    0.0000000000E+00,    0.0000000000E+00,    0.0000000000E+00,    1.8439864922E+01
     40650,      0.676921,CP12_end,   1,    0.0000000000E+00,    1.8439864922E+01,    1.8439864922E+01,    0.0000000000E+00,    0.0000000000E+00,    0.0000000000E+00,    1.8439864922E+01
     40700,      0.676921,CP0_start,   1,    0.0000000000E+00,    1.8483947514E+01,    1.8483947514E+01,    0.0000000000E+00,    0.0000000000E+00,    0.0000000000E+00,    1.8483947514E+01
     40700,      0.676921,CP1_after_deposition,   1,    0.0000000000E+00,    1.8483947514E+01,    1.8483947514E+01,    0.0000000000E+00,    0.0000000000E+00,    0.0000000000E+00,    1.8483947514E+01
     40700,      0.676921,CP2_after_erosion,   1,    0.0000000000E+00,    1.8483947514E+01,    1.8483947514E+01,    0.0000000000E+00,    0.0000000000E+00,    0.0000000000E+00,    1.8483947514E+01
     40700,      0.676921,CP3_after_update_bottom,   1,    0.0000000000E+00,    1.8483947514E+01,    1.8483947514E+01,    0.0000000000E+00,    0.0000000000E+00,    0.0000000000E+00,    1.8483947514E+01
     40700,      0.676921,CP4_after_advection,   1,    0.0000000000E+00,    1.8484900206E+01,    1.8484900206E+01,    0.0000000000E+00,    0.0000000000E+00,    0.0000000000E+00,    1.8484900206E+01
     40700,      0.676921,CP5_after_vdif,   1,    0.0000000000E+00,    1.8484900206E+01,    1.8484900206E+01,    0.0000000000E+00,    0.0000000000E+00,    0.0000000000E+00,    1.8484900206E+01
     40700,      0.676921,CP6_after_kinetics,   1,    0.0000000000E+00,    1.8484900206E+01,    1.8484900206E+01,    0.0000000000E+00,    0.0000000000E+00,    0.0000000000E+00,    1.8484900206E+01
     40700,      0.676921,CP7_after_upper_clamp,   1,    0.0000000000E+00,    1.8484900206E+01,    1.8484900206E+01,    0.0000000000E+00,    0.0000000000E+00,    0.0000000000E+00,    1.8484900206E+01
     40700,      0.676921,CP8_after_OBC,   1,    0.0000000000E+00,    1.8484900206E+01,    1.8484900206E+01,    0.0000000000E+00,    0.0000000000E+00,    0.0000000000E+00,    1.8484900206E+01
     40700,      0.676921,CP9_after_PTsource,   1,    0.0000000000E+00,    1.8484900206E+01,    1.8484900206E+01,    0.0000000000E+00,    0.0000000000E+00,    0.0000000000E+00,    1.8484900206E+01
     40700,      0.676921,CP10_after_neg_clamp,   1,    0.0000000000E+00,    1.8484900206E+01,    1.8484900206E+01,    0.0000000000E+00,    0.0000000000E+00,    0.0000000000E+00,    1.8484900206E+01
     40700,      0.676921,CP11_after_MPI,   1,    0.0000000000E+00,    1.8484900206E+01,    1.8484900206E+01,    0.0000000000E+00,    0.0000000000E+00,    0.0000000000E+00,    1.8484900206E+01
     40700,      0.676921,CP12_end,   1,    0.0000000000E+00,    1.8484900206E+01,    1.8484900206E+01,    0.0000000000E+00,    0.0000000000E+00,    0.0000000000E+00,    1.8484900206E+01
     40750,      0.676921,CP0_start,   1,    0.0000000000E+00,    1.8529036530E+01,    1.8529036530E+01,    0.0000000000E+00,    0.0000000000E+00,    0.0000000000E+00,    1.8529036530E+01
     40750,      0.676921,CP1_after_deposition,   1,    0.0000000000E+00,    1.8529036530E+01,    1.8529036530E+01,    0.0000000000E+00,    0.0000000000E+00,    0.0000000000E+00,    1.8529036530E+01
     40750,      0.676921,CP2_after_erosion,   1,    0.0000000000E+00,    1.8529036530E+01,    1.8529036530E+01,    0.0000000000E+00,    0.0000000000E+00,    0.0000000000E+00,    1.8529036530E+01
     40750,      0.676921,CP3_after_update_bottom,   1,    0.0000000000E+00,    1.8529036530E+01,    1.8529036530E+01,    0.0000000000E+00,    0.0000000000E+00,    0.0000000000E+00,    1.8529036530E+01
     40750,      0.676921,CP4_after_advection,   1,    0.0000000000E+00,    1.8529984025E+01,    1.8529984025E+01,    0.0000000000E+00,    0.0000000000E+00,    0.0000000000E+00,    1.8529984025E+01
     40750,      0.676921,CP5_after_vdif,   1,    0.0000000000E+00,    1.8529984025E+01,    1.8529984025E+01,    0.0000000000E+00,    0.0000000000E+00,    0.0000000000E+00,    1.8529984025E+01
     40750,      0.676921,CP6_after_kinetics,   1,    0.0000000000E+00,    1.8529984025E+01,    1.8529984025E+01,    0.0000000000E+00,    0.0000000000E+00,    0.0000000000E+00,    1.8529984025E+01
     40750,      0.676921,CP7_after_upper_clamp,   1,    0.0000000000E+00,    1.8529984025E+01,    1.8529984025E+01,    0.0000000000E+00,    0.0000000000E+00,    0.0000000000E+00,    1.8529984025E+01
     40750,      0.676921,CP8_after_OBC,   1,    0.0000000000E+00,    1.8529984025E+01,    1.8529984025E+01,    0.0000000000E+00,    0.0000000000E+00,    0.0000000000E+00,    1.8529984025E+01
     40750,      0.676921,CP9_after_PTsource,   1,    0.0000000000E+00,    1.8529984025E+01,    1.8529984025E+01,    0.0000000000E+00,    0.0000000000E+00,    0.0000000000E+00,    1.8529984025E+01
     40750,      0.676921,CP10_after_neg_clamp,   1,    0.0000000000E+00,    1.8529984025E+01,    1.8529984025E+01,    0.0000000000E+00,    0.0000000000E+00,    0.0000000000E+00,    1.8529984025E+01
     40750,      0.676921,CP11_after_MPI,   1,    0.0000000000E+00,    1.8529984025E+01,    1.8529984025E+01,    0.0000000000E+00,    0.0000000000E+00,    0.0000000000E+00,    1.8529984025E+01
     40750,      0.676921,CP12_end,   1,    0.0000000000E+00,    1.8529984025E+01,    1.8529984025E+01,    0.0000000000E+00,    0.0000000000E+00,    0.0000000000E+00,    1.8529984025E+01
     40800,      0.676921,CP0_start,   1,    0.0000000000E+00,    1.8574159467E+01,    1.8574159467E+01,    0.0000000000E+00,    0.0000000000E+00,    0.0000000000E+00,    1.8574159467E+01
     40800,      0.676921,CP1_after_deposition,   1,    0.0000000000E+00,    1.8574159467E+01,    1.8574159467E+01,    0.0000000000E+00,    0.0000000000E+00,    0.0000000000E+00,    1.8574159467E+01
     40800,      0.676921,CP2_after_erosion,   1,    0.0000000000E+00,    1.8574159467E+01,    1.8574159467E+01,    0.0000000000E+00,    0.0000000000E+00,    0.0000000000E+00,    1.8574159467E+01
     40800,      0.676921,CP3_after_update_bottom,   1,    0.0000000000E+00,    1.8574159467E+01,    1.8574159467E+01,    0.0000000000E+00,    0.0000000000E+00,    0.0000000000E+00,    1.8574159467E+01
     40800,      0.676921,CP4_after_advection,   1,    0.0000000000E+00,    1.8575102324E+01,    1.8575102324E+01,    0.0000000000E+00,    0.0000000000E+00,    0.0000000000E+00,    1.8575102324E+01
     40800,      0.676921,CP5_after_vdif,   1,    0.0000000000E+00,    1.8575102324E+01,    1.8575102324E+01,    0.0000000000E+00,    0.0000000000E+00,    0.0000000000E+00,    1.8575102324E+01
     40800,      0.676921,CP6_after_kinetics,   1,    0.0000000000E+00,    1.8575102324E+01,    1.8575102324E+01,    0.0000000000E+00,    0.0000000000E+00,    0.0000000000E+00,    1.8575102324E+01
     40800,      0.676921,CP7_after_upper_clamp,   1,    0.0000000000E+00,    1.8575102324E+01,    1.8575102324E+01,    0.0000000000E+00,    0.0000000000E+00,    0.0000000000E+00,    1.8575102324E+01
     40800,      0.676921,CP8_after_OBC,   1,    0.0000000000E+00,    1.8575102324E+01,    1.8575102324E+01,    0.0000000000E+00,    0.0000000000E+00,    0.0000000000E+00,    1.8575102324E+01
     40800,      0.676921,CP9_after_PTsource,   1,    0.0000000000E+00,    1.8575102324E+01,    1.8575102324E+01,    0.0000000000E+00,    0.0000000000E+00,    0.0000000000E+00,    1.8575102324E+01
     40800,      0.676921,CP10_after_neg_clamp,   1,    0.0000000000E+00,    1.8575102324E+01,    1.8575102324E+01,    0.0000000000E+00,    0.0000000000E+00,    0.0000000000E+00,    1.8575102324E+01
     40800,      0.676921,CP11_after_MPI,   1,    0.0000000000E+00,    1.8575102324E+01,    1.8575102324E+01,    0.0000000000E+00,    0.0000000000E+00,    0.0000000000E+00,    1.8575102324E+01
     40800,      0.676921,CP12_end,   1,    0.0000000000E+00,    1.8575102324E+01,    1.8575102324E+01,    0.0000000000E+00,    0.0000000000E+00,    0.0000000000E+00,    1.8575102324E+01
     40850,      0.676921,CP0_start,   1,    0.0000000000E+00,    1.8619318184E+01,    1.8619318184E+01,    0.0000000000E+00,    0.0000000000E+00,    0.0000000000E+00,    1.8619318184E+01
     40850,      0.676921,CP1_after_deposition,   1,    0.0000000000E+00,    1.8619318184E+01,    1.8619318184E+01,    0.0000000000E+00,    0.0000000000E+00,    0.0000000000E+00,    1.8619318184E+01
     40850,      0.676921,CP2_after_erosion,   1,    0.0000000000E+00,    1.8619318184E+01,    1.8619318184E+01,    0.0000000000E+00,    0.0000000000E+00,    0.0000000000E+00,    1.8619318184E+01
     40850,      0.676921,CP3_after_update_bottom,   1,    0.0000000000E+00,    1.8619318184E+01,    1.8619318184E+01,    0.0000000000E+00,    0.0000000000E+00,    0.0000000000E+00,    1.8619318184E+01
     40850,      0.676921,CP4_after_advection,   1,    0.0000000000E+00,    1.8620255154E+01,    1.8620255154E+01,    0.0000000000E+00,    0.0000000000E+00,    0.0000000000E+00,    1.8620255154E+01
     40850,      0.676921,CP5_after_vdif,   1,    0.0000000000E+00,    1.8620255154E+01,    1.8620255154E+01,    0.0000000000E+00,    0.0000000000E+00,    0.0000000000E+00,    1.8620255154E+01
     40850,      0.676921,CP6_after_kinetics,   1,    0.0000000000E+00,    1.8620255154E+01,    1.8620255154E+01,    0.0000000000E+00,    0.0000000000E+00,    0.0000000000E+00,    1.8620255154E+01
     40850,      0.676921,CP7_after_upper_clamp,   1,    0.0000000000E+00,    1.8620255154E+01,    1.8620255154E+01,    0.0000000000E+00,    0.0000000000E+00,    0.0000000000E+00,    1.8620255154E+01
     40850,      0.676921,CP8_after_OBC,   1,    0.0000000000E+00,    1.8620255154E+01,    1.8620255154E+01,    0.0000000000E+00,    0.0000000000E+00,    0.0000000000E+00,    1.8620255154E+01
     40850,      0.676921,CP9_after_PTsource,   1,    0.0000000000E+00,    1.8620255154E+01,    1.8620255154E+01,    0.0000000000E+00,    0.0000000000E+00,    0.0000000000E+00,    1.8620255154E+01
     40850,      0.676921,CP10_after_neg_clamp,   1,    0.0000000000E+00,    1.8620255154E+01,    1.8620255154E+01,    0.0000000000E+00,    0.0000000000E+00,    0.0000000000E+00,    1.8620255154E+01
     40850,      0.676921,CP11_after_MPI,   1,    0.0000000000E+00,    1.8620255154E+01,    1.8620255154E+01,    0.0000000000E+00,    0.0000000000E+00,    0.0000000000E+00,    1.8620255154E+01
     40850,      0.676921,CP12_end,   1,    0.0000000000E+00,    1.8620255154E+01,    1.8620255154E+01,    0.0000000000E+00,    0.0000000000E+00,    0.0000000000E+00,    1.8620255154E+01
     40900,      0.676921,CP0_start,   1,    0.0000000000E+00,    1.8664509106E+01,    1.8664509106E+01,    0.0000000000E+00,    0.0000000000E+00,    0.0000000000E+00,    1.8664509106E+01
     40900,      0.676921,CP1_after_deposition,   1,    0.0000000000E+00,    1.8664509106E+01,    1.8664509106E+01,    0.0000000000E+00,    0.0000000000E+00,    0.0000000000E+00,    1.8664509106E+01
     40900,      0.676921,CP2_after_erosion,   1,    0.0000000000E+00,    1.8664509106E+01,    1.8664509106E+01,    0.0000000000E+00,    0.0000000000E+00,    0.0000000000E+00,    1.8664509106E+01
     40900,      0.676921,CP3_after_update_bottom,   1,    0.0000000000E+00,    1.8664509106E+01,    1.8664509106E+01,    0.0000000000E+00,    0.0000000000E+00,    0.0000000000E+00,    1.8664509106E+01
     40900,      0.676921,CP4_after_advection,   1,    0.0000000000E+00,    1.8665441741E+01,    1.8665441741E+01,    0.0000000000E+00,    0.0000000000E+00,    0.0000000000E+00,    1.8665441741E+01
     40900,      0.676921,CP5_after_vdif,   1,    0.0000000000E+00,    1.8665441741E+01,    1.8665441741E+01,    0.0000000000E+00,    0.0000000000E+00,    0.0000000000E+00,    1.8665441741E+01
     40900,      0.676921,CP6_after_kinetics,   1,    0.0000000000E+00,    1.8665441741E+01,    1.8665441741E+01,    0.0000000000E+00,    0.0000000000E+00,    0.0000000000E+00,    1.8665441741E+01
     40900,      0.676921,CP7_after_upper_clamp,   1,    0.0000000000E+00,    1.8665441741E+01,    1.8665441741E+01,    0.0000000000E+00,    0.0000000000E+00,    0.0000000000E+00,    1.8665441741E+01
     40900,      0.676921,CP8_after_OBC,   1,    0.0000000000E+00,    1.8665441741E+01,    1.8665441741E+01,    0.0000000000E+00,    0.0000000000E+00,    0.0000000000E+00,    1.8665441741E+01
     40900,      0.676921,CP9_after_PTsource,   1,    0.0000000000E+00,    1.8665441741E+01,    1.8665441741E+01,    0.0000000000E+00,    0.0000000000E+00,    0.0000000000E+00,    1.8665441741E+01
     40900,      0.676921,CP10_after_neg_clamp,   1,    0.0000000000E+00,    1.8665441741E+01,    1.8665441741E+01,    0.0000000000E+00,    0.0000000000E+00,    0.0000000000E+00,    1.8665441741E+01
     40900,      0.676921,CP11_after_MPI,   1,    0.0000000000E+00,    1.8665441741E+01,    1.8665441741E+01,    0.0000000000E+00,    0.0000000000E+00,    0.0000000000E+00,    1.8665441741E+01
     40900,      0.676921,CP12_end,   1,    0.0000000000E+00,    1.8665441741E+01,    1.8665441741E+01,    0.0000000000E+00,    0.0000000000E+00,    0.0000000000E+00,    1.8665441741E+01
     40950,      0.676921,CP0_start,   1,    0.0000000000E+00,    1.8709733904E+01,    1.8709733904E+01,    0.0000000000E+00,    0.0000000000E+00,    0.0000000000E+00,    1.8709733904E+01
     40950,      0.676921,CP1_after_deposition,   1,    0.0000000000E+00,    1.8709733904E+01,    1.8709733904E+01,    0.0000000000E+00,    0.0000000000E+00,    0.0000000000E+00,    1.8709733904E+01
     40950,      0.676921,CP2_after_erosion,   1,    0.0000000000E+00,    1.8709733904E+01,    1.8709733904E+01,    0.0000000000E+00,    0.0000000000E+00,    0.0000000000E+00,    1.8709733904E+01
     40950,      0.676921,CP3_after_update_bottom,   1,    0.0000000000E+00,    1.8709733904E+01,    1.8709733904E+01,    0.0000000000E+00,    0.0000000000E+00,    0.0000000000E+00,    1.8709733904E+01
     40950,      0.676921,CP4_after_advection,   1,    0.0000000000E+00,    1.8710661646E+01,    1.8710661646E+01,    0.0000000000E+00,    0.0000000000E+00,    0.0000000000E+00,    1.8710661646E+01
     40950,      0.676921,CP5_after_vdif,   1,    0.0000000000E+00,    1.8710661646E+01,    1.8710661646E+01,    0.0000000000E+00,    0.0000000000E+00,    0.0000000000E+00,    1.8710661646E+01
     40950,      0.676921,CP6_after_kinetics,   1,    0.0000000000E+00,    1.8710661646E+01,    1.8710661646E+01,    0.0000000000E+00,    0.0000000000E+00,    0.0000000000E+00,    1.8710661646E+01
     40950,      0.676921,CP7_after_upper_clamp,   1,    0.0000000000E+00,    1.8710661646E+01,    1.8710661646E+01,    0.0000000000E+00,    0.0000000000E+00,    0.0000000000E+00,    1.8710661646E+01
     40950,      0.676921,CP8_after_OBC,   1,    0.0000000000E+00,    1.8710661646E+01,    1.8710661646E+01,    0.0000000000E+00,    0.0000000000E+00,    0.0000000000E+00,    1.8710661646E+01
     40950,      0.676921,CP9_after_PTsource,   1,    0.0000000000E+00,    1.8710661646E+01,    1.8710661646E+01,    0.0000000000E+00,    0.0000000000E+00,    0.0000000000E+00,    1.8710661646E+01
     40950,      0.676921,CP10_after_neg_clamp,   1,    0.0000000000E+00,    1.8710661646E+01,    1.8710661646E+01,    0.0000000000E+00,    0.0000000000E+00,    0.0000000000E+00,    1.8710661646E+01
     40950,      0.676921,CP11_after_MPI,   1,    0.0000000000E+00,    1.8710661646E+01,    1.8710661646E+01,    0.0000000000E+00,    0.0000000000E+00,    0.0000000000E+00,    1.8710661646E+01
     40950,      0.676921,CP12_end,   1,    0.0000000000E+00,    1.8710661646E+01,    1.8710661646E+01,    0.0000000000E+00,    0.0000000000E+00,    0.0000000000E+00,    1.8710661646E+01
     41000,      0.676921,CP0_start,   1,    0.0000000000E+00,    1.8754983410E+01,    1.8754983410E+01,    0.0000000000E+00,    0.0000000000E+00,    0.0000000000E+00,    1.8754983410E+01
     41000,      0.676921,CP1_after_deposition,   1,    0.0000000000E+00,    1.8754983410E+01,    1.8754983410E+01,    0.0000000000E+00,    0.0000000000E+00,    0.0000000000E+00,    1.8754983410E+01
     41000,      0.676921,CP2_after_erosion,   1,    0.0000000000E+00,    1.8754983410E+01,    1.8754983410E+01,    0.0000000000E+00,    0.0000000000E+00,    0.0000000000E+00,    1.8754983410E+01
     41000,      0.676921,CP3_after_update_bottom,   1,    0.0000000000E+00,    1.8754983410E+01,    1.8754983410E+01,    0.0000000000E+00,    0.0000000000E+00,    0.0000000000E+00,    1.8754983410E+01
     41000,      0.676921,CP4_after_advection,   1,    0.0000000000E+00,    1.8755905877E+01,    1.8755905877E+01,    0.0000000000E+00,    0.0000000000E+00,    0.0000000000E+00,    1.8755905877E+01
     41000,      0.676921,CP5_after_vdif,   1,    0.0000000000E+00,    1.8755905877E+01,    1.8755905877E+01,    0.0000000000E+00,    0.0000000000E+00,    0.0000000000E+00,    1.8755905877E+01
     41000,      0.676921,CP6_after_kinetics,   1,    0.0000000000E+00,    1.8755905877E+01,    1.8755905877E+01,    0.0000000000E+00,    0.0000000000E+00,    0.0000000000E+00,    1.8755905877E+01
     41000,      0.676921,CP7_after_upper_clamp,   1,    0.0000000000E+00,    1.8755905877E+01,    1.8755905877E+01,    0.0000000000E+00,    0.0000000000E+00,    0.0000000000E+00,    1.8755905877E+01
     41000,      0.676921,CP8_after_OBC,   1,    0.0000000000E+00,    1.8755905877E+01,    1.8755905877E+01,    0.0000000000E+00,    0.0000000000E+00,    0.0000000000E+00,    1.8755905877E+01
     41000,      0.676921,CP9_after_PTsource,   1,    0.0000000000E+00,    1.8755905877E+01,    1.8755905877E+01,    0.0000000000E+00,    0.0000000000E+00,    0.0000000000E+00,    1.8755905877E+01
     41000,      0.676921,CP10_after_neg_clamp,   1,    0.0000000000E+00,    1.8755905877E+01,    1.8755905877E+01,    0.0000000000E+00,    0.0000000000E+00,    0.0000000000E+00,    1.8755905877E+01
     41000,      0.676921,CP11_after_MPI,   1,    0.0000000000E+00,    1.8755905877E+01,    1.8755905877E+01,    0.0000000000E+00,    0.0000000000E+00,    0.0000000000E+00,    1.8755905877E+01
     41000,      0.676921,CP12_end,   1,    0.0000000000E+00,    1.8755905877E+01,    1.8755905877E+01,    0.0000000000E+00,    0.0000000000E+00,    0.0000000000E+00,    1.8755905877E+01
     41050,      0.676921,CP0_start,   1,    0.0000000000E+00,    1.8800260105E+01,    1.8800260105E+01,    0.0000000000E+00,    0.0000000000E+00,    0.0000000000E+00,    1.8800260105E+01
     41050,      0.676921,CP1_after_deposition,   1,    0.0000000000E+00,    1.8800260105E+01,    1.8800260105E+01,    0.0000000000E+00,    0.0000000000E+00,    0.0000000000E+00,    1.8800260105E+01
     41050,      0.676921,CP2_after_erosion,   1,    0.0000000000E+00,    1.8800260105E+01,    1.8800260105E+01,    0.0000000000E+00,    0.0000000000E+00,    0.0000000000E+00,    1.8800260105E+01
     41050,      0.676921,CP3_after_update_bottom,   1,    0.0000000000E+00,    1.8800260105E+01,    1.8800260105E+01,    0.0000000000E+00,    0.0000000000E+00,    0.0000000000E+00,    1.8800260105E+01
     41050,      0.676921,CP4_after_advection,   1,    0.0000000000E+00,    1.8801177415E+01,    1.8801177415E+01,    0.0000000000E+00,    0.0000000000E+00,    0.0000000000E+00,    1.8801177415E+01
     41050,      0.676921,CP5_after_vdif,   1,    0.0000000000E+00,    1.8801177415E+01,    1.8801177415E+01,    0.0000000000E+00,    0.0000000000E+00,    0.0000000000E+00,    1.8801177415E+01
     41050,      0.676921,CP6_after_kinetics,   1,    0.0000000000E+00,    1.8801177415E+01,    1.8801177415E+01,    0.0000000000E+00,    0.0000000000E+00,    0.0000000000E+00,    1.8801177415E+01
     41050,      0.676921,CP7_after_upper_clamp,   1,    0.0000000000E+00,    1.8801177415E+01,    1.8801177415E+01,    0.0000000000E+00,    0.0000000000E+00,    0.0000000000E+00,    1.8801177415E+01
     41050,      0.676921,CP8_after_OBC,   1,    0.0000000000E+00,    1.8801177415E+01,    1.8801177415E+01,    0.0000000000E+00,    0.0000000000E+00,    0.0000000000E+00,    1.8801177415E+01
     41050,      0.676921,CP9_after_PTsource,   1,    0.0000000000E+00,    1.8801177415E+01,    1.8801177415E+01,    0.0000000000E+00,    0.0000000000E+00,    0.0000000000E+00,    1.8801177415E+01
     41050,      0.676921,CP10_after_neg_clamp,   1,    0.0000000000E+00,    1.8801177415E+01,    1.8801177415E+01,    0.0000000000E+00,    0.0000000000E+00,    0.0000000000E+00,    1.8801177415E+01
     41050,      0.676921,CP11_after_MPI,   1,    0.0000000000E+00,    1.8801177415E+01,    1.8801177415E+01,    0.0000000000E+00,    0.0000000000E+00,    0.0000000000E+00,    1.8801177415E+01
     41050,      0.676921,CP12_end,   1,    0.0000000000E+00,    1.8801177415E+01,    1.8801177415E+01,    0.0000000000E+00,    0.0000000000E+00,    0.0000000000E+00,    1.8801177415E+01
     41100,      0.676921,CP0_start,   1,    0.0000000000E+00,    1.8845560396E+01,    1.8845560396E+01,    0.0000000000E+00,    0.0000000000E+00,    0.0000000000E+00,    1.8845560396E+01
     41100,      0.676921,CP1_after_deposition,   1,    0.0000000000E+00,    1.8845560396E+01,    1.8845560396E+01,    0.0000000000E+00,    0.0000000000E+00,    0.0000000000E+00,    1.8845560396E+01
     41100,      0.676921,CP2_after_erosion,   1,    0.0000000000E+00,    1.8845560396E+01,    1.8845560396E+01,    0.0000000000E+00,    0.0000000000E+00,    0.0000000000E+00,    1.8845560396E+01
     41100,      0.676921,CP3_after_update_bottom,   1,    0.0000000000E+00,    1.8845560396E+01,    1.8845560396E+01,    0.0000000000E+00,    0.0000000000E+00,    0.0000000000E+00,    1.8845560396E+01
     41100,      0.676921,CP4_after_advection,   1,    0.0000000000E+00,    1.8846472777E+01,    1.8846472777E+01,    0.0000000000E+00,    0.0000000000E+00,    0.0000000000E+00,    1.8846472777E+01
     41100,      0.676921,CP5_after_vdif,   1,    0.0000000000E+00,    1.8846472777E+01,    1.8846472777E+01,    0.0000000000E+00,    0.0000000000E+00,    0.0000000000E+00,    1.8846472777E+01
     41100,      0.676921,CP6_after_kinetics,   1,    0.0000000000E+00,    1.8846472777E+01,    1.8846472777E+01,    0.0000000000E+00,    0.0000000000E+00,    0.0000000000E+00,    1.8846472777E+01
     41100,      0.676921,CP7_after_upper_clamp,   1,    0.0000000000E+00,    1.8846472777E+01,    1.8846472777E+01,    0.0000000000E+00,    0.0000000000E+00,    0.0000000000E+00,    1.8846472777E+01
     41100,      0.676921,CP8_after_OBC,   1,    0.0000000000E+00,    1.8846472777E+01,    1.8846472777E+01,    0.0000000000E+00,    0.0000000000E+00,    0.0000000000E+00,    1.8846472777E+01
     41100,      0.676921,CP9_after_PTsource,   1,    0.0000000000E+00,    1.8846472777E+01,    1.8846472777E+01,    0.0000000000E+00,    0.0000000000E+00,    0.0000000000E+00,    1.8846472777E+01
     41100,      0.676921,CP10_after_neg_clamp,   1,    0.0000000000E+00,    1.8846472777E+01,    1.8846472777E+01,    0.0000000000E+00,    0.0000000000E+00,    0.0000000000E+00,    1.8846472777E+01
     41100,      0.676921,CP11_after_MPI,   1,    0.0000000000E+00,    1.8846472777E+01,    1.8846472777E+01,    0.0000000000E+00,    0.0000000000E+00,    0.0000000000E+00,    1.8846472777E+01
     41100,      0.676921,CP12_end,   1,    0.0000000000E+00,    1.8846472777E+01,    1.8846472777E+01,    0.0000000000E+00,    0.0000000000E+00,    0.0000000000E+00,    1.8846472777E+01
     41150,      0.676921,CP0_start,   1,    0.0000000000E+00,    1.8890886659E+01,    1.8890886659E+01,    0.0000000000E+00,    0.0000000000E+00,    0.0000000000E+00,    1.8890886659E+01
     41150,      0.676921,CP1_after_deposition,   1,    0.0000000000E+00,    1.8890886659E+01,    1.8890886659E+01,    0.0000000000E+00,    0.0000000000E+00,    0.0000000000E+00,    1.8890886659E+01
     41150,      0.676921,CP2_after_erosion,   1,    0.0000000000E+00,    1.8890886659E+01,    1.8890886659E+01,    0.0000000000E+00,    0.0000000000E+00,    0.0000000000E+00,    1.8890886659E+01
     41150,      0.676921,CP3_after_update_bottom,   1,    0.0000000000E+00,    1.8890886659E+01,    1.8890886659E+01,    0.0000000000E+00,    0.0000000000E+00,    0.0000000000E+00,    1.8890886659E+01
     41150,      0.676921,CP4_after_advection,   1,    0.0000000000E+00,    1.8891793845E+01,    1.8891793845E+01,    0.0000000000E+00,    0.0000000000E+00,    0.0000000000E+00,    1.8891793845E+01
     41150,      0.676921,CP5_after_vdif,   1,    0.0000000000E+00,    1.8891793845E+01,    1.8891793845E+01,    0.0000000000E+00,    0.0000000000E+00,    0.0000000000E+00,    1.8891793845E+01
     41150,      0.676921,CP6_after_kinetics,   1,    0.0000000000E+00,    1.8891793845E+01,    1.8891793845E+01,    0.0000000000E+00,    0.0000000000E+00,    0.0000000000E+00,    1.8891793845E+01
     41150,      0.676921,CP7_after_upper_clamp,   1,    0.0000000000E+00,    1.8891793845E+01,    1.8891793845E+01,    0.0000000000E+00,    0.0000000000E+00,    0.0000000000E+00,    1.8891793845E+01
     41150,      0.676921,CP8_after_OBC,   1,    0.0000000000E+00,    1.8891793845E+01,    1.8891793845E+01,    0.0000000000E+00,    0.0000000000E+00,    0.0000000000E+00,    1.8891793845E+01
     41150,      0.676921,CP9_after_PTsource,   1,    0.0000000000E+00,    1.8891793845E+01,    1.8891793845E+01,    0.0000000000E+00,    0.0000000000E+00,    0.0000000000E+00,    1.8891793845E+01
     41150,      0.676921,CP10_after_neg_clamp,   1,    0.0000000000E+00,    1.8891793845E+01,    1.8891793845E+01,    0.0000000000E+00,    0.0000000000E+00,    0.0000000000E+00,    1.8891793845E+01
     41150,      0.676921,CP11_after_MPI,   1,    0.0000000000E+00,    1.8891793845E+01,    1.8891793845E+01,    0.0000000000E+00,    0.0000000000E+00,    0.0000000000E+00,    1.8891793845E+01
     41150,      0.676921,CP12_end,   1,    0.0000000000E+00,    1.8891793845E+01,    1.8891793845E+01,    0.0000000000E+00,    0.0000000000E+00,    0.0000000000E+00,    1.8891793845E+01
     41200,      0.676921,CP0_start,   1,    0.0000000000E+00,    1.8936233539E+01,    1.8936233539E+01,    0.0000000000E+00,    0.0000000000E+00,    0.0000000000E+00,    1.8936233539E+01
     41200,      0.676921,CP1_after_deposition,   1,    0.0000000000E+00,    1.8936233539E+01,    1.8936233539E+01,    0.0000000000E+00,    0.0000000000E+00,    0.0000000000E+00,    1.8936233539E+01
     41200,      0.676921,CP2_after_erosion,   1,    0.0000000000E+00,    1.8936233539E+01,    1.8936233539E+01,    0.0000000000E+00,    0.0000000000E+00,    0.0000000000E+00,    1.8936233539E+01
     41200,      0.676921,CP3_after_update_bottom,   1,    0.0000000000E+00,    1.8936233539E+01,    1.8936233539E+01,    0.0000000000E+00,    0.0000000000E+00,    0.0000000000E+00,    1.8936233539E+01
     41200,      0.676921,CP4_after_advection,   1,    0.0000000000E+00,    1.8937135418E+01,    1.8937135418E+01,    0.0000000000E+00,    0.0000000000E+00,    0.0000000000E+00,    1.8937135418E+01
     41200,      0.676921,CP5_after_vdif,   1,    0.0000000000E+00,    1.8937135418E+01,    1.8937135418E+01,    0.0000000000E+00,    0.0000000000E+00,    0.0000000000E+00,    1.8937135418E+01
     41200,      0.676921,CP6_after_kinetics,   1,    0.0000000000E+00,    1.8937135418E+01,    1.8937135418E+01,    0.0000000000E+00,    0.0000000000E+00,    0.0000000000E+00,    1.8937135418E+01
     41200,      0.676921,CP7_after_upper_clamp,   1,    0.0000000000E+00,    1.8937135418E+01,    1.8937135418E+01,    0.0000000000E+00,    0.0000000000E+00,    0.0000000000E+00,    1.8937135418E+01
     41200,      0.676921,CP8_after_OBC,   1,    0.0000000000E+00,    1.8937135418E+01,    1.8937135418E+01,    0.0000000000E+00,    0.0000000000E+00,    0.0000000000E+00,    1.8937135418E+01
     41200,      0.676921,CP9_after_PTsource,   1,    0.0000000000E+00,    1.8937135418E+01,    1.8937135418E+01,    0.0000000000E+00,    0.0000000000E+00,    0.0000000000E+00,    1.8937135418E+01
     41200,      0.676921,CP10_after_neg_clamp,   1,    0.0000000000E+00,    1.8937135418E+01,    1.8937135418E+01,    0.0000000000E+00,    0.0000000000E+00,    0.0000000000E+00,    1.8937135418E+01
     41200,      0.676921,CP11_after_MPI,   1,    0.0000000000E+00,    1.8937135418E+01,    1.8937135418E+01,    0.0000000000E+00,    0.0000000000E+00,    0.0000000000E+00,    1.8937135418E+01
     41200,      0.676921,CP12_end,   1,    0.0000000000E+00,    1.8937135418E+01,    1.8937135418E+01,    0.0000000000E+00,    0.0000000000E+00,    0.0000000000E+00,    1.8937135418E+01
     41250,      0.676921,CP0_start,   1,    0.0000000000E+00,    1.8981601710E+01,    1.8981601710E+01,    0.0000000000E+00,    0.0000000000E+00,    0.0000000000E+00,    1.8981601710E+01
     41250,      0.676921,CP1_after_deposition,   1,    0.0000000000E+00,    1.8981601710E+01,    1.8981601710E+01,    0.0000000000E+00,    0.0000000000E+00,    0.0000000000E+00,    1.8981601710E+01
     41250,      0.676921,CP2_after_erosion,   1,    0.0000000000E+00,    1.8981601710E+01,    1.8981601710E+01,    0.0000000000E+00,    0.0000000000E+00,    0.0000000000E+00,    1.8981601710E+01
     41250,      0.676921,CP3_after_update_bottom,   1,    0.0000000000E+00,    1.8981601710E+01,    1.8981601710E+01,    0.0000000000E+00,    0.0000000000E+00,    0.0000000000E+00,    1.8981601710E+01
     41250,      0.676921,CP4_after_advection,   1,    0.0000000000E+00,    1.8982498715E+01,    1.8982498715E+01,    0.0000000000E+00,    0.0000000000E+00,    0.0000000000E+00,    1.8982498715E+01
     41250,      0.676921,CP5_after_vdif,   1,    0.0000000000E+00,    1.8982498715E+01,    1.8982498715E+01,    0.0000000000E+00,    0.0000000000E+00,    0.0000000000E+00,    1.8982498715E+01
     41250,      0.676921,CP6_after_kinetics,   1,    0.0000000000E+00,    1.8982498715E+01,    1.8982498715E+01,    0.0000000000E+00,    0.0000000000E+00,    0.0000000000E+00,    1.8982498715E+01
     41250,      0.676921,CP7_after_upper_clamp,   1,    0.0000000000E+00,    1.8982498715E+01,    1.8982498715E+01,    0.0000000000E+00,    0.0000000000E+00,    0.0000000000E+00,    1.8982498715E+01
     41250,      0.676921,CP8_after_OBC,   1,    0.0000000000E+00,    1.8982498715E+01,    1.8982498715E+01,    0.0000000000E+00,    0.0000000000E+00,    0.0000000000E+00,    1.8982498715E+01
     41250,      0.676921,CP9_after_PTsource,   1,    0.0000000000E+00,    1.8982498715E+01,    1.8982498715E+01,    0.0000000000E+00,    0.0000000000E+00,    0.0000000000E+00,    1.8982498715E+01
     41250,      0.676921,CP10_after_neg_clamp,   1,    0.0000000000E+00,    1.8982498715E+01,    1.8982498715E+01,    0.0000000000E+00,    0.0000000000E+00,    0.0000000000E+00,    1.8982498715E+01
     41250,      0.676921,CP11_after_MPI,   1,    0.0000000000E+00,    1.8982498715E+01,    1.8982498715E+01,    0.0000000000E+00,    0.0000000000E+00,    0.0000000000E+00,    1.8982498715E+01
     41250,      0.676921,CP12_end,   1,    0.0000000000E+00,    1.8982498715E+01,    1.8982498715E+01,    0.0000000000E+00,    0.0000000000E+00,    0.0000000000E+00,    1.8982498715E+01
     41300,      0.676921,CP0_start,   1,    0.0000000000E+00,    1.9026989479E+01,    1.9026989479E+01,    0.0000000000E+00,    0.0000000000E+00,    0.0000000000E+00,    1.9026989479E+01
     41300,      0.676921,CP1_after_deposition,   1,    0.0000000000E+00,    1.9026989479E+01,    1.9026989479E+01,    0.0000000000E+00,    0.0000000000E+00,    0.0000000000E+00,    1.9026989479E+01
     41300,      0.676921,CP2_after_erosion,   1,    0.0000000000E+00,    1.9026989479E+01,    1.9026989479E+01,    0.0000000000E+00,    0.0000000000E+00,    0.0000000000E+00,    1.9026989479E+01
     41300,      0.676921,CP3_after_update_bottom,   1,    0.0000000000E+00,    1.9026989479E+01,    1.9026989479E+01,    0.0000000000E+00,    0.0000000000E+00,    0.0000000000E+00,    1.9026989479E+01
     41300,      0.676921,CP4_after_advection,   1,    0.0000000000E+00,    1.9027881152E+01,    1.9027881152E+01,    0.0000000000E+00,    0.0000000000E+00,    0.0000000000E+00,    1.9027881152E+01
     41300,      0.676921,CP5_after_vdif,   1,    0.0000000000E+00,    1.9027881152E+01,    1.9027881152E+01,    0.0000000000E+00,    0.0000000000E+00,    0.0000000000E+00,    1.9027881152E+01
     41300,      0.676921,CP6_after_kinetics,   1,    0.0000000000E+00,    1.9027881152E+01,    1.9027881152E+01,    0.0000000000E+00,    0.0000000000E+00,    0.0000000000E+00,    1.9027881152E+01
     41300,      0.676921,CP7_after_upper_clamp,   1,    0.0000000000E+00,    1.9027881152E+01,    1.9027881152E+01,    0.0000000000E+00,    0.0000000000E+00,    0.0000000000E+00,    1.9027881152E+01
     41300,      0.676921,CP8_after_OBC,   1,    0.0000000000E+00,    1.9027881152E+01,    1.9027881152E+01,    0.0000000000E+00,    0.0000000000E+00,    0.0000000000E+00,    1.9027881152E+01
     41300,      0.676921,CP9_after_PTsource,   1,    0.0000000000E+00,    1.9027881152E+01,    1.9027881152E+01,    0.0000000000E+00,    0.0000000000E+00,    0.0000000000E+00,    1.9027881152E+01
     41300,      0.676921,CP10_after_neg_clamp,   1,    0.0000000000E+00,    1.9027881152E+01,    1.9027881152E+01,    0.0000000000E+00,    0.0000000000E+00,    0.0000000000E+00,    1.9027881152E+01
     41300,      0.676921,CP11_after_MPI,   1,    0.0000000000E+00,    1.9027881152E+01,    1.9027881152E+01,    0.0000000000E+00,    0.0000000000E+00,    0.0000000000E+00,    1.9027881152E+01
     41300,      0.676921,CP12_end,   1,    0.0000000000E+00,    1.9027881152E+01,    1.9027881152E+01,    0.0000000000E+00,    0.0000000000E+00,    0.0000000000E+00,    1.9027881152E+01
     41350,      0.676921,CP0_start,   1,    0.0000000000E+00,    1.9072399676E+01,    1.9072399676E+01,    0.0000000000E+00,    0.0000000000E+00,    0.0000000000E+00,    1.9072399676E+01
     41350,      0.676921,CP1_after_deposition,   1,    0.0000000000E+00,    1.9072399676E+01,    1.9072399676E+01,    0.0000000000E+00,    0.0000000000E+00,    0.0000000000E+00,    1.9072399676E+01
     41350,      0.676921,CP2_after_erosion,   1,    0.0000000000E+00,    1.9072399676E+01,    1.9072399676E+01,    0.0000000000E+00,    0.0000000000E+00,    0.0000000000E+00,    1.9072399676E+01
     41350,      0.676921,CP3_after_update_bottom,   1,    0.0000000000E+00,    1.9072399676E+01,    1.9072399676E+01,    0.0000000000E+00,    0.0000000000E+00,    0.0000000000E+00,    1.9072399676E+01
     41350,      0.676921,CP4_after_advection,   1,    0.0000000000E+00,    1.9073286177E+01,    1.9073286177E+01,    0.0000000000E+00,    0.0000000000E+00,    0.0000000000E+00,    1.9073286177E+01
     41350,      0.676921,CP5_after_vdif,   1,    0.0000000000E+00,    1.9073286177E+01,    1.9073286177E+01,    0.0000000000E+00,    0.0000000000E+00,    0.0000000000E+00,    1.9073286177E+01
     41350,      0.676921,CP6_after_kinetics,   1,    0.0000000000E+00,    1.9073286177E+01,    1.9073286177E+01,    0.0000000000E+00,    0.0000000000E+00,    0.0000000000E+00,    1.9073286177E+01
     41350,      0.676921,CP7_after_upper_clamp,   1,    0.0000000000E+00,    1.9073286177E+01,    1.9073286177E+01,    0.0000000000E+00,    0.0000000000E+00,    0.0000000000E+00,    1.9073286177E+01
     41350,      0.676921,CP8_after_OBC,   1,    0.0000000000E+00,    1.9073286177E+01,    1.9073286177E+01,    0.0000000000E+00,    0.0000000000E+00,    0.0000000000E+00,    1.9073286177E+01
     41350,      0.676921,CP9_after_PTsource,   1,    0.0000000000E+00,    1.9073286177E+01,    1.9073286177E+01,    0.0000000000E+00,    0.0000000000E+00,    0.0000000000E+00,    1.9073286177E+01
     41350,      0.676921,CP10_after_neg_clamp,   1,    0.0000000000E+00,    1.9073286177E+01,    1.9073286177E+01,    0.0000000000E+00,    0.0000000000E+00,    0.0000000000E+00,    1.9073286177E+01
     41350,      0.676921,CP11_after_MPI,   1,    0.0000000000E+00,    1.9073286177E+01,    1.9073286177E+01,    0.0000000000E+00,    0.0000000000E+00,    0.0000000000E+00,    1.9073286177E+01
     41350,      0.676921,CP12_end,   1,    0.0000000000E+00,    1.9073286177E+01,    1.9073286177E+01,    0.0000000000E+00,    0.0000000000E+00,    0.0000000000E+00,    1.9073286177E+01
     41400,      0.676921,CP0_start,   1,    0.0000000000E+00,    1.9117830327E+01,    1.9117830327E+01,    0.0000000000E+00,    0.0000000000E+00,    0.0000000000E+00,    1.9117830327E+01
     41400,      0.676921,CP1_after_deposition,   1,    0.0000000000E+00,    1.9117830327E+01,    1.9117830327E+01,    0.0000000000E+00,    0.0000000000E+00,    0.0000000000E+00,    1.9117830327E+01
     41400,      0.676921,CP2_after_erosion,   1,    0.0000000000E+00,    1.9117830327E+01,    1.9117830327E+01,    0.0000000000E+00,    0.0000000000E+00,    0.0000000000E+00,    1.9117830327E+01
     41400,      0.676921,CP3_after_update_bottom,   1,    0.0000000000E+00,    1.9117830327E+01,    1.9117830327E+01,    0.0000000000E+00,    0.0000000000E+00,    0.0000000000E+00,    1.9117830327E+01
     41400,      0.676921,CP4_after_advection,   1,    0.0000000000E+00,    1.9118711977E+01,    1.9118711977E+01,    0.0000000000E+00,    0.0000000000E+00,    0.0000000000E+00,    1.9118711977E+01
     41400,      0.676921,CP5_after_vdif,   1,    0.0000000000E+00,    1.9118711977E+01,    1.9118711977E+01,    0.0000000000E+00,    0.0000000000E+00,    0.0000000000E+00,    1.9118711977E+01
     41400,      0.676921,CP6_after_kinetics,   1,    0.0000000000E+00,    1.9118711977E+01,    1.9118711977E+01,    0.0000000000E+00,    0.0000000000E+00,    0.0000000000E+00,    1.9118711977E+01
     41400,      0.676921,CP7_after_upper_clamp,   1,    0.0000000000E+00,    1.9118711977E+01,    1.9118711977E+01,    0.0000000000E+00,    0.0000000000E+00,    0.0000000000E+00,    1.9118711977E+01
     41400,      0.676921,CP8_after_OBC,   1,    0.0000000000E+00,    1.9118711977E+01,    1.9118711977E+01,    0.0000000000E+00,    0.0000000000E+00,    0.0000000000E+00,    1.9118711977E+01
     41400,      0.676921,CP9_after_PTsource,   1,    0.0000000000E+00,    1.9118711977E+01,    1.9118711977E+01,    0.0000000000E+00,    0.0000000000E+00,    0.0000000000E+00,    1.9118711977E+01
     41400,      0.676921,CP10_after_neg_clamp,   1,    0.0000000000E+00,    1.9118711977E+01,    1.9118711977E+01,    0.0000000000E+00,    0.0000000000E+00,    0.0000000000E+00,    1.9118711977E+01
     41400,      0.676921,CP11_after_MPI,   1,    0.0000000000E+00,    1.9118711977E+01,    1.9118711977E+01,    0.0000000000E+00,    0.0000000000E+00,    0.0000000000E+00,    1.9118711977E+01
     41400,      0.676921,CP12_end,   1,    0.0000000000E+00,    1.9118711977E+01,    1.9118711977E+01,    0.0000000000E+00,    0.0000000000E+00,    0.0000000000E+00,    1.9118711977E+01
     41450,      0.676921,CP0_start,   1,    0.0000000000E+00,    1.9163280878E+01,    1.9163280878E+01,    0.0000000000E+00,    0.0000000000E+00,    0.0000000000E+00,    1.9163280878E+01
     41450,      0.676921,CP1_after_deposition,   1,    0.0000000000E+00,    1.9163280878E+01,    1.9163280878E+01,    0.0000000000E+00,    0.0000000000E+00,    0.0000000000E+00,    1.9163280878E+01
     41450,      0.676921,CP2_after_erosion,   1,    0.0000000000E+00,    1.9163280878E+01,    1.9163280878E+01,    0.0000000000E+00,    0.0000000000E+00,    0.0000000000E+00,    1.9163280878E+01
     41450,      0.676921,CP3_after_update_bottom,   1,    0.0000000000E+00,    1.9163280878E+01,    1.9163280878E+01,    0.0000000000E+00,    0.0000000000E+00,    0.0000000000E+00,    1.9163280878E+01
     41450,      0.676921,CP4_after_advection,   1,    0.0000000000E+00,    1.9164156493E+01,    1.9164156493E+01,    0.0000000000E+00,    0.0000000000E+00,    0.0000000000E+00,    1.9164156493E+01
     41450,      0.676921,CP5_after_vdif,   1,    0.0000000000E+00,    1.9164156493E+01,    1.9164156493E+01,    0.0000000000E+00,    0.0000000000E+00,    0.0000000000E+00,    1.9164156493E+01
     41450,      0.676921,CP6_after_kinetics,   1,    0.0000000000E+00,    1.9164156493E+01,    1.9164156493E+01,    0.0000000000E+00,    0.0000000000E+00,    0.0000000000E+00,    1.9164156493E+01
     41450,      0.676921,CP7_after_upper_clamp,   1,    0.0000000000E+00,    1.9164156493E+01,    1.9164156493E+01,    0.0000000000E+00,    0.0000000000E+00,    0.0000000000E+00,    1.9164156493E+01
     41450,      0.676921,CP8_after_OBC,   1,    0.0000000000E+00,    1.9164156493E+01,    1.9164156493E+01,    0.0000000000E+00,    0.0000000000E+00,    0.0000000000E+00,    1.9164156493E+01
     41450,      0.676921,CP9_after_PTsource,   1,    0.0000000000E+00,    1.9164156493E+01,    1.9164156493E+01,    0.0000000000E+00,    0.0000000000E+00,    0.0000000000E+00,    1.9164156493E+01
     41450,      0.676921,CP10_after_neg_clamp,   1,    0.0000000000E+00,    1.9164156493E+01,    1.9164156493E+01,    0.0000000000E+00,    0.0000000000E+00,    0.0000000000E+00,    1.9164156493E+01
     41450,      0.676921,CP11_after_MPI,   1,    0.0000000000E+00,    1.9164156493E+01,    1.9164156493E+01,    0.0000000000E+00,    0.0000000000E+00,    0.0000000000E+00,    1.9164156493E+01
     41450,      0.676921,CP12_end,   1,    0.0000000000E+00,    1.9164156493E+01,    1.9164156493E+01,    0.0000000000E+00,    0.0000000000E+00,    0.0000000000E+00,    1.9164156493E+01
     41500,      0.676921,CP0_start,   1,    0.0000000000E+00,    1.9208754549E+01,    1.9208754549E+01,    0.0000000000E+00,    0.0000000000E+00,    0.0000000000E+00,    1.9208754549E+01
     41500,      0.676921,CP1_after_deposition,   1,    0.0000000000E+00,    1.9208754549E+01,    1.9208754549E+01,    0.0000000000E+00,    0.0000000000E+00,    0.0000000000E+00,    1.9208754549E+01
     41500,      0.676921,CP2_after_erosion,   1,    0.0000000000E+00,    1.9208754549E+01,    1.9208754549E+01,    0.0000000000E+00,    0.0000000000E+00,    0.0000000000E+00,    1.9208754549E+01
     41500,      0.676921,CP3_after_update_bottom,   1,    0.0000000000E+00,    1.9208754549E+01,    1.9208754549E+01,    0.0000000000E+00,    0.0000000000E+00,    0.0000000000E+00,    1.9208754549E+01
     41500,      0.676921,CP4_after_advection,   1,    0.0000000000E+00,    1.9209624650E+01,    1.9209624650E+01,    0.0000000000E+00,    0.0000000000E+00,    0.0000000000E+00,    1.9209624650E+01
     41500,      0.676921,CP5_after_vdif,   1,    0.0000000000E+00,    1.9209624650E+01,    1.9209624650E+01,    0.0000000000E+00,    0.0000000000E+00,    0.0000000000E+00,    1.9209624650E+01
     41500,      0.676921,CP6_after_kinetics,   1,    0.0000000000E+00,    1.9209624650E+01,    1.9209624650E+01,    0.0000000000E+00,    0.0000000000E+00,    0.0000000000E+00,    1.9209624650E+01
     41500,      0.676921,CP7_after_upper_clamp,   1,    0.0000000000E+00,    1.9209624650E+01,    1.9209624650E+01,    0.0000000000E+00,    0.0000000000E+00,    0.0000000000E+00,    1.9209624650E+01
     41500,      0.676921,CP8_after_OBC,   1,    0.0000000000E+00,    1.9209624650E+01,    1.9209624650E+01,    0.0000000000E+00,    0.0000000000E+00,    0.0000000000E+00,    1.9209624650E+01
     41500,      0.676921,CP9_after_PTsource,   1,    0.0000000000E+00,    1.9209624650E+01,    1.9209624650E+01,    0.0000000000E+00,    0.0000000000E+00,    0.0000000000E+00,    1.9209624650E+01
     41500,      0.676921,CP10_after_neg_clamp,   1,    0.0000000000E+00,    1.9209624650E+01,    1.9209624650E+01,    0.0000000000E+00,    0.0000000000E+00,    0.0000000000E+00,    1.9209624650E+01
     41500,      0.676921,CP11_after_MPI,   1,    0.0000000000E+00,    1.9209624650E+01,    1.9209624650E+01,    0.0000000000E+00,    0.0000000000E+00,    0.0000000000E+00,    1.9209624650E+01
     41500,      0.676921,CP12_end,   1,    0.0000000000E+00,    1.9209624650E+01,    1.9209624650E+01,    0.0000000000E+00,    0.0000000000E+00,    0.0000000000E+00,    1.9209624650E+01
     41550,      0.676921,CP0_start,   1,    0.0000000000E+00,    1.9254244555E+01,    1.9254244555E+01,    0.0000000000E+00,    0.0000000000E+00,    0.0000000000E+00,    1.9254244555E+01
     41550,      0.676921,CP1_after_deposition,   1,    0.0000000000E+00,    1.9254244555E+01,    1.9254244555E+01,    0.0000000000E+00,    0.0000000000E+00,    0.0000000000E+00,    1.9254244555E+01
     41550,      0.676921,CP2_after_erosion,   1,    0.0000000000E+00,    1.9254244555E+01,    1.9254244555E+01,    0.0000000000E+00,    0.0000000000E+00,    0.0000000000E+00,    1.9254244555E+01
     41550,      0.676921,CP3_after_update_bottom,   1,    0.0000000000E+00,    1.9254244555E+01,    1.9254244555E+01,    0.0000000000E+00,    0.0000000000E+00,    0.0000000000E+00,    1.9254244555E+01
     41550,      0.676921,CP4_after_advection,   1,    0.0000000000E+00,    1.9255109633E+01,    1.9255109633E+01,    0.0000000000E+00,    0.0000000000E+00,    0.0000000000E+00,    1.9255109633E+01
     41550,      0.676921,CP5_after_vdif,   1,    0.0000000000E+00,    1.9255109633E+01,    1.9255109633E+01,    0.0000000000E+00,    0.0000000000E+00,    0.0000000000E+00,    1.9255109633E+01
     41550,      0.676921,CP6_after_kinetics,   1,    0.0000000000E+00,    1.9255109633E+01,    1.9255109633E+01,    0.0000000000E+00,    0.0000000000E+00,    0.0000000000E+00,    1.9255109633E+01
     41550,      0.676921,CP7_after_upper_clamp,   1,    0.0000000000E+00,    1.9255109633E+01,    1.9255109633E+01,    0.0000000000E+00,    0.0000000000E+00,    0.0000000000E+00,    1.9255109633E+01
     41550,      0.676921,CP8_after_OBC,   1,    0.0000000000E+00,    1.9255109633E+01,    1.9255109633E+01,    0.0000000000E+00,    0.0000000000E+00,    0.0000000000E+00,    1.9255109633E+01
     41550,      0.676921,CP9_after_PTsource,   1,    0.0000000000E+00,    1.9255109633E+01,    1.9255109633E+01,    0.0000000000E+00,    0.0000000000E+00,    0.0000000000E+00,    1.9255109633E+01
     41550,      0.676921,CP10_after_neg_clamp,   1,    0.0000000000E+00,    1.9255109633E+01,    1.9255109633E+01,    0.0000000000E+00,    0.0000000000E+00,    0.0000000000E+00,    1.9255109633E+01
     41550,      0.676921,CP11_after_MPI,   1,    0.0000000000E+00,    1.9255109633E+01,    1.9255109633E+01,    0.0000000000E+00,    0.0000000000E+00,    0.0000000000E+00,    1.9255109633E+01
     41550,      0.676921,CP12_end,   1,    0.0000000000E+00,    1.9255109633E+01,    1.9255109633E+01,    0.0000000000E+00,    0.0000000000E+00,    0.0000000000E+00,    1.9255109633E+01
     41600,      0.676921,CP0_start,   1,    0.0000000000E+00,    1.9299759696E+01,    1.9299759696E+01,    0.0000000000E+00,    0.0000000000E+00,    0.0000000000E+00,    1.9299759696E+01
     41600,      0.676921,CP1_after_deposition,   1,    0.0000000000E+00,    1.9299759696E+01,    1.9299759696E+01,    0.0000000000E+00,    0.0000000000E+00,    0.0000000000E+00,    1.9299759696E+01
     41600,      0.676921,CP2_after_erosion,   1,    0.0000000000E+00,    1.9299759696E+01,    1.9299759696E+01,    0.0000000000E+00,    0.0000000000E+00,    0.0000000000E+00,    1.9299759696E+01
     41600,      0.676921,CP3_after_update_bottom,   1,    0.0000000000E+00,    1.9299759696E+01,    1.9299759696E+01,    0.0000000000E+00,    0.0000000000E+00,    0.0000000000E+00,    1.9299759696E+01
     41600,      0.676921,CP4_after_advection,   1,    0.0000000000E+00,    1.9300620064E+01,    1.9300620064E+01,    0.0000000000E+00,    0.0000000000E+00,    0.0000000000E+00,    1.9300620064E+01
     41600,      0.676921,CP5_after_vdif,   1,    0.0000000000E+00,    1.9300620064E+01,    1.9300620064E+01,    0.0000000000E+00,    0.0000000000E+00,    0.0000000000E+00,    1.9300620064E+01
     41600,      0.676921,CP6_after_kinetics,   1,    0.0000000000E+00,    1.9300620064E+01,    1.9300620064E+01,    0.0000000000E+00,    0.0000000000E+00,    0.0000000000E+00,    1.9300620064E+01
     41600,      0.676921,CP7_after_upper_clamp,   1,    0.0000000000E+00,    1.9300620064E+01,    1.9300620064E+01,    0.0000000000E+00,    0.0000000000E+00,    0.0000000000E+00,    1.9300620064E+01
     41600,      0.676921,CP8_after_OBC,   1,    0.0000000000E+00,    1.9300620064E+01,    1.9300620064E+01,    0.0000000000E+00,    0.0000000000E+00,    0.0000000000E+00,    1.9300620064E+01
     41600,      0.676921,CP9_after_PTsource,   1,    0.0000000000E+00,    1.9300620064E+01,    1.9300620064E+01,    0.0000000000E+00,    0.0000000000E+00,    0.0000000000E+00,    1.9300620064E+01
     41600,      0.676921,CP10_after_neg_clamp,   1,    0.0000000000E+00,    1.9300620064E+01,    1.9300620064E+01,    0.0000000000E+00,    0.0000000000E+00,    0.0000000000E+00,    1.9300620064E+01
     41600,      0.676921,CP11_after_MPI,   1,    0.0000000000E+00,    1.9300620064E+01,    1.9300620064E+01,    0.0000000000E+00,    0.0000000000E+00,    0.0000000000E+00,    1.9300620064E+01
     41600,      0.676921,CP12_end,   1,    0.0000000000E+00,    1.9300620064E+01,    1.9300620064E+01,    0.0000000000E+00,    0.0000000000E+00,    0.0000000000E+00,    1.9300620064E+01
     41650,      0.676921,CP0_start,   1,    0.0000000000E+00,    1.9345296044E+01,    1.9345296044E+01,    0.0000000000E+00,    0.0000000000E+00,    0.0000000000E+00,    1.9345296044E+01
     41650,      0.676921,CP1_after_deposition,   1,    0.0000000000E+00,    1.9345296044E+01,    1.9345296044E+01,    0.0000000000E+00,    0.0000000000E+00,    0.0000000000E+00,    1.9345296044E+01
     41650,      0.676921,CP2_after_erosion,   1,    0.0000000000E+00,    1.9345296044E+01,    1.9345296044E+01,    0.0000000000E+00,    0.0000000000E+00,    0.0000000000E+00,    1.9345296044E+01
     41650,      0.676921,CP3_after_update_bottom,   1,    0.0000000000E+00,    1.9345296044E+01,    1.9345296044E+01,    0.0000000000E+00,    0.0000000000E+00,    0.0000000000E+00,    1.9345296044E+01
     41650,      0.676921,CP4_after_advection,   1,    0.0000000000E+00,    1.9346151044E+01,    1.9346151044E+01,    0.0000000000E+00,    0.0000000000E+00,    0.0000000000E+00,    1.9346151044E+01
     41650,      0.676921,CP5_after_vdif,   1,    0.0000000000E+00,    1.9346151044E+01,    1.9346151044E+01,    0.0000000000E+00,    0.0000000000E+00,    0.0000000000E+00,    1.9346151044E+01
     41650,      0.676921,CP6_after_kinetics,   1,    0.0000000000E+00,    1.9346151044E+01,    1.9346151044E+01,    0.0000000000E+00,    0.0000000000E+00,    0.0000000000E+00,    1.9346151044E+01
     41650,      0.676921,CP7_after_upper_clamp,   1,    0.0000000000E+00,    1.9346151044E+01,    1.9346151044E+01,    0.0000000000E+00,    0.0000000000E+00,    0.0000000000E+00,    1.9346151044E+01
     41650,      0.676921,CP8_after_OBC,   1,    0.0000000000E+00,    1.9346151044E+01,    1.9346151044E+01,    0.0000000000E+00,    0.0000000000E+00,    0.0000000000E+00,    1.9346151044E+01
     41650,      0.676921,CP9_after_PTsource,   1,    0.0000000000E+00,    1.9346151044E+01,    1.9346151044E+01,    0.0000000000E+00,    0.0000000000E+00,    0.0000000000E+00,    1.9346151044E+01
     41650,      0.676921,CP10_after_neg_clamp,   1,    0.0000000000E+00,    1.9346151044E+01,    1.9346151044E+01,    0.0000000000E+00,    0.0000000000E+00,    0.0000000000E+00,    1.9346151044E+01
     41650,      0.676921,CP11_after_MPI,   1,    0.0000000000E+00,    1.9346151044E+01,    1.9346151044E+01,    0.0000000000E+00,    0.0000000000E+00,    0.0000000000E+00,    1.9346151044E+01
     41650,      0.676921,CP12_end,   1,    0.0000000000E+00,    1.9346151044E+01,    1.9346151044E+01,    0.0000000000E+00,    0.0000000000E+00,    0.0000000000E+00,    1.9346151044E+01
     41700,      0.676921,CP0_start,   1,    0.0000000000E+00,    1.9390855842E+01,    1.9390855842E+01,    0.0000000000E+00,    0.0000000000E+00,    0.0000000000E+00,    1.9390855842E+01
     41700,      0.676921,CP1_after_deposition,   1,    0.0000000000E+00,    1.9390855842E+01,    1.9390855842E+01,    0.0000000000E+00,    0.0000000000E+00,    0.0000000000E+00,    1.9390855842E+01
     41700,      0.676921,CP2_after_erosion,   1,    0.0000000000E+00,    1.9390855842E+01,    1.9390855842E+01,    0.0000000000E+00,    0.0000000000E+00,    0.0000000000E+00,    1.9390855842E+01
     41700,      0.676921,CP3_after_update_bottom,   1,    0.0000000000E+00,    1.9390855842E+01,    1.9390855842E+01,    0.0000000000E+00,    0.0000000000E+00,    0.0000000000E+00,    1.9390855842E+01
     41700,      0.676921,CP4_after_advection,   1,    0.0000000000E+00,    1.9391705386E+01,    1.9391705386E+01,    0.0000000000E+00,    0.0000000000E+00,    0.0000000000E+00,    1.9391705386E+01
     41700,      0.676921,CP5_after_vdif,   1,    0.0000000000E+00,    1.9391705386E+01,    1.9391705386E+01,    0.0000000000E+00,    0.0000000000E+00,    0.0000000000E+00,    1.9391705386E+01
     41700,      0.676921,CP6_after_kinetics,   1,    0.0000000000E+00,    1.9391705386E+01,    1.9391705386E+01,    0.0000000000E+00,    0.0000000000E+00,    0.0000000000E+00,    1.9391705386E+01
     41700,      0.676921,CP7_after_upper_clamp,   1,    0.0000000000E+00,    1.9391705386E+01,    1.9391705386E+01,    0.0000000000E+00,    0.0000000000E+00,    0.0000000000E+00,    1.9391705386E+01
     41700,      0.676921,CP8_after_OBC,   1,    0.0000000000E+00,    1.9391705386E+01,    1.9391705386E+01,    0.0000000000E+00,    0.0000000000E+00,    0.0000000000E+00,    1.9391705386E+01
     41700,      0.676921,CP9_after_PTsource,   1,    0.0000000000E+00,    1.9391705386E+01,    1.9391705386E+01,    0.0000000000E+00,    0.0000000000E+00,    0.0000000000E+00,    1.9391705386E+01
     41700,      0.676921,CP10_after_neg_clamp,   1,    0.0000000000E+00,    1.9391705386E+01,    1.9391705386E+01,    0.0000000000E+00,    0.0000000000E+00,    0.0000000000E+00,    1.9391705386E+01
     41700,      0.676921,CP11_after_MPI,   1,    0.0000000000E+00,    1.9391705386E+01,    1.9391705386E+01,    0.0000000000E+00,    0.0000000000E+00,    0.0000000000E+00,    1.9391705386E+01
     41700,      0.676921,CP12_end,   1,    0.0000000000E+00,    1.9391705386E+01,    1.9391705386E+01,    0.0000000000E+00,    0.0000000000E+00,    0.0000000000E+00,    1.9391705386E+01
     41750,      0.676921,CP0_start,   1,    0.0000000000E+00,    1.9436439996E+01,    1.9436439996E+01,    0.0000000000E+00,    0.0000000000E+00,    0.0000000000E+00,    1.9436439996E+01
     41750,      0.676921,CP1_after_deposition,   1,    0.0000000000E+00,    1.9436439996E+01,    1.9436439996E+01,    0.0000000000E+00,    0.0000000000E+00,    0.0000000000E+00,    1.9436439996E+01
     41750,      0.676921,CP2_after_erosion,   1,    0.0000000000E+00,    1.9436439996E+01,    1.9436439996E+01,    0.0000000000E+00,    0.0000000000E+00,    0.0000000000E+00,    1.9436439996E+01
     41750,      0.676921,CP3_after_update_bottom,   1,    0.0000000000E+00,    1.9436439996E+01,    1.9436439996E+01,    0.0000000000E+00,    0.0000000000E+00,    0.0000000000E+00,    1.9436439996E+01
     41750,      0.676921,CP4_after_advection,   1,    0.0000000000E+00,    1.9437283667E+01,    1.9437283667E+01,    0.0000000000E+00,    0.0000000000E+00,    0.0000000000E+00,    1.9437283667E+01
     41750,      0.676921,CP5_after_vdif,   1,    0.0000000000E+00,    1.9437283667E+01,    1.9437283667E+01,    0.0000000000E+00,    0.0000000000E+00,    0.0000000000E+00,    1.9437283667E+01
     41750,      0.676921,CP6_after_kinetics,   1,    0.0000000000E+00,    1.9437283667E+01,    1.9437283667E+01,    0.0000000000E+00,    0.0000000000E+00,    0.0000000000E+00,    1.9437283667E+01
     41750,      0.676921,CP7_after_upper_clamp,   1,    0.0000000000E+00,    1.9437283667E+01,    1.9437283667E+01,    0.0000000000E+00,    0.0000000000E+00,    0.0000000000E+00,    1.9437283667E+01
     41750,      0.676921,CP8_after_OBC,   1,    0.0000000000E+00,    1.9437283667E+01,    1.9437283667E+01,    0.0000000000E+00,    0.0000000000E+00,    0.0000000000E+00,    1.9437283667E+01
     41750,      0.676921,CP9_after_PTsource,   1,    0.0000000000E+00,    1.9437283667E+01,    1.9437283667E+01,    0.0000000000E+00,    0.0000000000E+00,    0.0000000000E+00,    1.9437283667E+01
     41750,      0.676921,CP10_after_neg_clamp,   1,    0.0000000000E+00,    1.9437283667E+01,    1.9437283667E+01,    0.0000000000E+00,    0.0000000000E+00,    0.0000000000E+00,    1.9437283667E+01
     41750,      0.676921,CP11_after_MPI,   1,    0.0000000000E+00,    1.9437283667E+01,    1.9437283667E+01,    0.0000000000E+00,    0.0000000000E+00,    0.0000000000E+00,    1.9437283667E+01
     41750,      0.676921,CP12_end,   1,    0.0000000000E+00,    1.9437283667E+01,    1.9437283667E+01,    0.0000000000E+00,    0.0000000000E+00,    0.0000000000E+00,    1.9437283667E+01
     41800,      0.676921,CP0_start,   1,    0.0000000000E+00,    1.9482049694E+01,    1.9482049694E+01,    0.0000000000E+00,    0.0000000000E+00,    0.0000000000E+00,    1.9482049694E+01
     41800,      0.676921,CP1_after_deposition,   1,    0.0000000000E+00,    1.9482049694E+01,    1.9482049694E+01,    0.0000000000E+00,    0.0000000000E+00,    0.0000000000E+00,    1.9482049694E+01
     41800,      0.676921,CP2_after_erosion,   1,    0.0000000000E+00,    1.9482049694E+01,    1.9482049694E+01,    0.0000000000E+00,    0.0000000000E+00,    0.0000000000E+00,    1.9482049694E+01
     41800,      0.676921,CP3_after_update_bottom,   1,    0.0000000000E+00,    1.9482049694E+01,    1.9482049694E+01,    0.0000000000E+00,    0.0000000000E+00,    0.0000000000E+00,    1.9482049694E+01
     41800,      0.676921,CP4_after_advection,   1,    0.0000000000E+00,    1.9482887413E+01,    1.9482887413E+01,    0.0000000000E+00,    0.0000000000E+00,    0.0000000000E+00,    1.9482887413E+01
     41800,      0.676921,CP5_after_vdif,   1,    0.0000000000E+00,    1.9482887413E+01,    1.9482887413E+01,    0.0000000000E+00,    0.0000000000E+00,    0.0000000000E+00,    1.9482887413E+01
     41800,      0.676921,CP6_after_kinetics,   1,    0.0000000000E+00,    1.9482887413E+01,    1.9482887413E+01,    0.0000000000E+00,    0.0000000000E+00,    0.0000000000E+00,    1.9482887413E+01
     41800,      0.676921,CP7_after_upper_clamp,   1,    0.0000000000E+00,    1.9482887413E+01,    1.9482887413E+01,    0.0000000000E+00,    0.0000000000E+00,    0.0000000000E+00,    1.9482887413E+01
     41800,      0.676921,CP8_after_OBC,   1,    0.0000000000E+00,    1.9482887413E+01,    1.9482887413E+01,    0.0000000000E+00,    0.0000000000E+00,    0.0000000000E+00,    1.9482887413E+01
     41800,      0.676921,CP9_after_PTsource,   1,    0.0000000000E+00,    1.9482887413E+01,    1.9482887413E+01,    0.0000000000E+00,    0.0000000000E+00,    0.0000000000E+00,    1.9482887413E+01
     41800,      0.676921,CP10_after_neg_clamp,   1,    0.0000000000E+00,    1.9482887413E+01,    1.9482887413E+01,    0.0000000000E+00,    0.0000000000E+00,    0.0000000000E+00,    1.9482887413E+01
     41800,      0.676921,CP11_after_MPI,   1,    0.0000000000E+00,    1.9482887413E+01,    1.9482887413E+01,    0.0000000000E+00,    0.0000000000E+00,    0.0000000000E+00,    1.9482887413E+01
     41800,      0.676921,CP12_end,   1,    0.0000000000E+00,    1.9482887413E+01,    1.9482887413E+01,    0.0000000000E+00,    0.0000000000E+00,    0.0000000000E+00,    1.9482887413E+01
     41850,      0.676921,CP0_start,   1,    0.0000000000E+00,    1.9527688817E+01,    1.9527688817E+01,    0.0000000000E+00,    0.0000000000E+00,    0.0000000000E+00,    1.9527688817E+01
     41850,      0.676921,CP1_after_deposition,   1,    0.0000000000E+00,    1.9527688817E+01,    1.9527688817E+01,    0.0000000000E+00,    0.0000000000E+00,    0.0000000000E+00,    1.9527688817E+01
     41850,      0.676921,CP2_after_erosion,   1,                 NaN,                 NaN,                 NaN,    0.0000000000E+00,    0.0000000000E+00,    0.0000000000E+00,                 NaN
     41850,      0.676921,CP3_after_update_bottom,   1,                 NaN,                 NaN,                 NaN,    0.0000000000E+00,    0.0000000000E+00,    0.0000000000E+00,                 NaN
     41850,      0.676921,CP4_after_advection,   1,                 NaN,                 NaN,                 NaN,    0.0000000000E+00,    0.0000000000E+00,    0.0000000000E+00,                 NaN
     41850,      0.676921,CP5_after_vdif,   1,                 NaN,                 NaN,                 NaN,    0.0000000000E+00,    0.0000000000E+00,    0.0000000000E+00,                 NaN
     41850,      0.676921,CP6_after_kinetics,   1,                 NaN,                 NaN,                 NaN,    0.0000000000E+00,    0.0000000000E+00,    0.0000000000E+00,                 NaN
     41850,      0.676921,CP7_after_upper_clamp,   1,                 NaN,                 NaN,                 NaN,    0.0000000000E+00,    0.0000000000E+00,    0.0000000000E+00,                 NaN
     41850,      0.676921,CP8_after_OBC,   1,                 NaN,                 NaN,                 NaN,    0.0000000000E+00,    0.0000000000E+00,    0.0000000000E+00,                 NaN
     41850,      0.676921,CP9_after_PTsource,   1,                 NaN,                 NaN,                 NaN,    0.0000000000E+00,    0.0000000000E+00,    0.0000000000E+00,                 NaN
     41850,      0.676921,CP10_after_neg_clamp,   1,    0.0000000000E+00,    1.9528520802E+01,    1.9528520802E+01,    0.0000000000E+00,    0.0000000000E+00,    0.0000000000E+00,    1.9528520802E+01
     41850,      0.676921,CP11_after_MPI,   1,    0.0000000000E+00,    1.9528520802E+01,    1.9528520802E+01,    0.0000000000E+00,    0.0000000000E+00,    0.0000000000E+00,    1.9528520802E+01
     41850,      0.676921,CP12_end,   1,    0.0000000000E+00,    1.9528520802E+01,    1.9528520802E+01,    0.0000000000E+00,    0.0000000000E+00,    0.0000000000E+00,    1.9528520802E+01
     41900,      0.676921,CP0_start,   1,    0.0000000000E+00,    1.9573357377E+01,    1.9573357377E+01,    0.0000000000E+00,    0.0000000000E+00,    0.0000000000E+00,    1.9573357377E+01
     41900,      0.676921,CP1_after_deposition,   1,    0.0000000000E+00,    1.9573357377E+01,    1.9573357377E+01,    0.0000000000E+00,    0.0000000000E+00,    0.0000000000E+00,    1.9573357377E+01
     41900,      0.676921,CP2_after_erosion,   1,    0.0000000000E+00,    1.9573357377E+01,    1.9573357377E+01,    0.0000000000E+00,    0.0000000000E+00,    0.0000000000E+00,    1.9573357377E+01
     41900,      0.676921,CP3_after_update_bottom,   1,    0.0000000000E+00,    1.9573357377E+01,    1.9573357377E+01,    0.0000000000E+00,    0.0000000000E+00,    0.0000000000E+00,    1.9573357377E+01
     41900,      0.676921,CP4_after_advection,   1,    0.0000000000E+00,    1.9574183805E+01,    1.9574183805E+01,    0.0000000000E+00,    0.0000000000E+00,    0.0000000000E+00,    1.9574183805E+01
     41900,      0.676921,CP5_after_vdif,   1,    0.0000000000E+00,    1.9574183805E+01,    1.9574183805E+01,    0.0000000000E+00,    0.0000000000E+00,    0.0000000000E+00,    1.9574183805E+01
     41900,      0.676921,CP6_after_kinetics,   1,    0.0000000000E+00,    1.9574183805E+01,    1.9574183805E+01,    0.0000000000E+00,    0.0000000000E+00,    0.0000000000E+00,    1.9574183805E+01
     41900,      0.676921,CP7_after_upper_clamp,   1,    0.0000000000E+00,    1.9574183805E+01,    1.9574183805E+01,    0.0000000000E+00,    0.0000000000E+00,    0.0000000000E+00,    1.9574183805E+01
     41900,      0.676921,CP8_after_OBC,   1,    0.0000000000E+00,    1.9574183805E+01,    1.9574183805E+01,    0.0000000000E+00,    0.0000000000E+00,    0.0000000000E+00,    1.9574183805E+01
     41900,      0.676921,CP9_after_PTsource,   1,    0.0000000000E+00,    1.9574183805E+01,    1.9574183805E+01,    0.0000000000E+00,    0.0000000000E+00,    0.0000000000E+00,    1.9574183805E+01
     41900,      0.676921,CP10_after_neg_clamp,   1,    0.0000000000E+00,    1.9574183805E+01,    1.9574183805E+01,    0.0000000000E+00,    0.0000000000E+00,    0.0000000000E+00,    1.9574183805E+01
     41900,      0.676921,CP11_after_MPI,   1,    0.0000000000E+00,    1.9574183805E+01,    1.9574183805E+01,    0.0000000000E+00,    0.0000000000E+00,    0.0000000000E+00,    1.9574183805E+01
     41900,      0.676921,CP12_end,   1,    0.0000000000E+00,    1.9574183805E+01,    1.9574183805E+01,    0.0000000000E+00,    0.0000000000E+00,    0.0000000000E+00,    1.9574183805E+01
     41950,      0.676921,CP0_start,   1,    0.0000000000E+00,    1.9619066424E+01,    1.9619066424E+01,    0.0000000000E+00,    0.0000000000E+00,    0.0000000000E+00,    1.9619066424E+01
     41950,      0.676921,CP1_after_deposition,   1,    0.0000000000E+00,    1.9619066424E+01,    1.9619066424E+01,    0.0000000000E+00,    0.0000000000E+00,    0.0000000000E+00,    1.9619066424E+01
     41950,      0.676921,CP2_after_erosion,   1,    0.0000000000E+00,    1.9619066424E+01,    1.9619066424E+01,    0.0000000000E+00,    0.0000000000E+00,    0.0000000000E+00,    1.9619066424E+01
     41950,      0.676921,CP3_after_update_bottom,   1,    0.0000000000E+00,    1.9619066424E+01,    1.9619066424E+01,    0.0000000000E+00,    0.0000000000E+00,    0.0000000000E+00,    1.9619066424E+01
     41950,      0.676921,CP4_after_advection,   1,    0.0000000000E+00,    1.9619887864E+01,    1.9619887864E+01,    0.0000000000E+00,    0.0000000000E+00,    0.0000000000E+00,    1.9619887864E+01
     41950,      0.676921,CP5_after_vdif,   1,    0.0000000000E+00,    1.9619887864E+01,    1.9619887864E+01,    0.0000000000E+00,    0.0000000000E+00,    0.0000000000E+00,    1.9619887864E+01
     41950,      0.676921,CP6_after_kinetics,   1,    0.0000000000E+00,    1.9619887864E+01,    1.9619887864E+01,    0.0000000000E+00,    0.0000000000E+00,    0.0000000000E+00,    1.9619887864E+01
     41950,      0.676921,CP7_after_upper_clamp,   1,    0.0000000000E+00,    1.9619887864E+01,    1.9619887864E+01,    0.0000000000E+00,    0.0000000000E+00,    0.0000000000E+00,    1.9619887864E+01
     41950,      0.676921,CP8_after_OBC,   1,    0.0000000000E+00,    1.9619887864E+01,    1.9619887864E+01,    0.0000000000E+00,    0.0000000000E+00,    0.0000000000E+00,    1.9619887864E+01
     41950,      0.676921,CP9_after_PTsource,   1,    0.0000000000E+00,    1.9619887864E+01,    1.9619887864E+01,    0.0000000000E+00,    0.0000000000E+00,    0.0000000000E+00,    1.9619887864E+01
     41950,      0.676921,CP10_after_neg_clamp,   1,    0.0000000000E+00,    1.9619887864E+01,    1.9619887864E+01,    0.0000000000E+00,    0.0000000000E+00,    0.0000000000E+00,    1.9619887864E+01
     41950,      0.676921,CP11_after_MPI,   1,    0.0000000000E+00,    1.9619887864E+01,    1.9619887864E+01,    0.0000000000E+00,    0.0000000000E+00,    0.0000000000E+00,    1.9619887864E+01
     41950,      0.676921,CP12_end,   1,    0.0000000000E+00,    1.9619887864E+01,    1.9619887864E+01,    0.0000000000E+00,    0.0000000000E+00,    0.0000000000E+00,    1.9619887864E+01
     42000,      0.676921,CP0_start,   1,    0.0000000000E+00,    1.9664817481E+01,    1.9664817481E+01,    0.0000000000E+00,    0.0000000000E+00,    0.0000000000E+00,    1.9664817481E+01
     42000,      0.676921,CP1_after_deposition,   1,    0.0000000000E+00,    1.9664817481E+01,    1.9664817481E+01,    0.0000000000E+00,    0.0000000000E+00,    0.0000000000E+00,    1.9664817481E+01
     42000,      0.676921,CP2_after_erosion,   1,    0.0000000000E+00,    1.9664817481E+01,    1.9664817481E+01,    0.0000000000E+00,    0.0000000000E+00,    0.0000000000E+00,    1.9664817481E+01
     42000,      0.676921,CP3_after_update_bottom,   1,    0.0000000000E+00,    1.9664817481E+01,    1.9664817481E+01,    0.0000000000E+00,    0.0000000000E+00,    0.0000000000E+00,    1.9664817481E+01
     42000,      0.676921,CP4_after_advection,   1,    0.0000000000E+00,    1.9665633475E+01,    1.9665633475E+01,    0.0000000000E+00,    0.0000000000E+00,    0.0000000000E+00,    1.9665633475E+01
     42000,      0.676921,CP5_after_vdif,   1,    0.0000000000E+00,    1.9665633475E+01,    1.9665633475E+01,    0.0000000000E+00,    0.0000000000E+00,    0.0000000000E+00,    1.9665633475E+01
     42000,      0.676921,CP6_after_kinetics,   1,    0.0000000000E+00,    1.9665633475E+01,    1.9665633475E+01,    0.0000000000E+00,    0.0000000000E+00,    0.0000000000E+00,    1.9665633475E+01
     42000,      0.676921,CP7_after_upper_clamp,   1,    0.0000000000E+00,    1.9665633475E+01,    1.9665633475E+01,    0.0000000000E+00,    0.0000000000E+00,    0.0000000000E+00,    1.9665633475E+01
     42000,      0.676921,CP8_after_OBC,   1,    0.0000000000E+00,    1.9665633475E+01,    1.9665633475E+01,    0.0000000000E+00,    0.0000000000E+00,    0.0000000000E+00,    1.9665633475E+01
     42000,      0.676921,CP9_after_PTsource,   1,    0.0000000000E+00,    1.9665633475E+01,    1.9665633475E+01,    0.0000000000E+00,    0.0000000000E+00,    0.0000000000E+00,    1.9665633475E+01
     42000,      0.676921,CP10_after_neg_clamp,   1,    0.0000000000E+00,    1.9665633475E+01,    1.9665633475E+01,    0.0000000000E+00,    0.0000000000E+00,    0.0000000000E+00,    1.9665633475E+01
     42000,      0.676921,CP11_after_MPI,   1,    0.0000000000E+00,    1.9665633475E+01,    1.9665633475E+01,    0.0000000000E+00,    0.0000000000E+00,    0.0000000000E+00,    1.9665633475E+01
     42000,      0.676921,CP12_end,   1,    0.0000000000E+00,    1.9665633475E+01,    1.9665633475E+01,    0.0000000000E+00,    0.0000000000E+00,    0.0000000000E+00,    1.9665633475E+01
     42050,      0.676921,CP0_start,   1,    0.0000000000E+00,    1.9710617027E+01,    1.9710617027E+01,    0.0000000000E+00,    0.0000000000E+00,    0.0000000000E+00,    1.9710617027E+01
     42050,      0.676921,CP1_after_deposition,   1,    0.0000000000E+00,    1.9710617027E+01,    1.9710617027E+01,    0.0000000000E+00,    0.0000000000E+00,    0.0000000000E+00,    1.9710617027E+01
     42050,      0.676921,CP2_after_erosion,   1,    0.0000000000E+00,    1.9710617027E+01,    1.9710617027E+01,    0.0000000000E+00,    0.0000000000E+00,    0.0000000000E+00,    1.9710617027E+01
     42050,      0.676921,CP3_after_update_bottom,   1,    0.0000000000E+00,    1.9710617027E+01,    1.9710617027E+01,    0.0000000000E+00,    0.0000000000E+00,    0.0000000000E+00,    1.9710617027E+01
     42050,      0.676921,CP4_after_advection,   1,    0.0000000000E+00,    1.9711426973E+01,    1.9711426973E+01,    0.0000000000E+00,    0.0000000000E+00,    0.0000000000E+00,    1.9711426973E+01
     42050,      0.676921,CP5_after_vdif,   1,    0.0000000000E+00,    1.9711426973E+01,    1.9711426973E+01,    0.0000000000E+00,    0.0000000000E+00,    0.0000000000E+00,    1.9711426973E+01
     42050,      0.676921,CP6_after_kinetics,   1,    0.0000000000E+00,    1.9711426973E+01,    1.9711426973E+01,    0.0000000000E+00,    0.0000000000E+00,    0.0000000000E+00,    1.9711426973E+01
     42050,      0.676921,CP7_after_upper_clamp,   1,    0.0000000000E+00,    1.9711426973E+01,    1.9711426973E+01,    0.0000000000E+00,    0.0000000000E+00,    0.0000000000E+00,    1.9711426973E+01
     42050,      0.676921,CP8_after_OBC,   1,    0.0000000000E+00,    1.9711426973E+01,    1.9711426973E+01,    0.0000000000E+00,    0.0000000000E+00,    0.0000000000E+00,    1.9711426973E+01
     42050,      0.676921,CP9_after_PTsource,   1,    0.0000000000E+00,    1.9711426973E+01,    1.9711426973E+01,    0.0000000000E+00,    0.0000000000E+00,    0.0000000000E+00,    1.9711426973E+01
     42050,      0.676921,CP10_after_neg_clamp,   1,    0.0000000000E+00,    1.9711426973E+01,    1.9711426973E+01,    0.0000000000E+00,    0.0000000000E+00,    0.0000000000E+00,    1.9711426973E+01
     42050,      0.676921,CP11_after_MPI,   1,    0.0000000000E+00,    1.9711426973E+01,    1.9711426973E+01,    0.0000000000E+00,    0.0000000000E+00,    0.0000000000E+00,    1.9711426973E+01
     42050,      0.676921,CP12_end,   1,    0.0000000000E+00,    1.9711426973E+01,    1.9711426973E+01,    0.0000000000E+00,    0.0000000000E+00,    0.0000000000E+00,    1.9711426973E+01
     42100,      0.676921,CP0_start,   1,    0.0000000000E+00,    1.9756467597E+01,    1.9756467597E+01,    0.0000000000E+00,    0.0000000000E+00,    0.0000000000E+00,    1.9756467597E+01
     42100,      0.676921,CP1_after_deposition,   1,    0.0000000000E+00,    1.9756467597E+01,    1.9756467597E+01,    0.0000000000E+00,    0.0000000000E+00,    0.0000000000E+00,    1.9756467597E+01
     42100,      0.676921,CP2_after_erosion,   1,    0.0000000000E+00,    1.9756467597E+01,    1.9756467597E+01,    0.0000000000E+00,    0.0000000000E+00,    0.0000000000E+00,    1.9756467597E+01
     42100,      0.676921,CP3_after_update_bottom,   1,    0.0000000000E+00,    1.9756467597E+01,    1.9756467597E+01,    0.0000000000E+00,    0.0000000000E+00,    0.0000000000E+00,    1.9756467597E+01
     42100,      0.676921,CP4_after_advection,   1,    0.0000000000E+00,    1.9757271005E+01,    1.9757271005E+01,    0.0000000000E+00,    0.0000000000E+00,    0.0000000000E+00,    1.9757271005E+01
     42100,      0.676921,CP5_after_vdif,   1,    0.0000000000E+00,    1.9757271005E+01,    1.9757271005E+01,    0.0000000000E+00,    0.0000000000E+00,    0.0000000000E+00,    1.9757271005E+01
     42100,      0.676921,CP6_after_kinetics,   1,    0.0000000000E+00,    1.9757271005E+01,    1.9757271005E+01,    0.0000000000E+00,    0.0000000000E+00,    0.0000000000E+00,    1.9757271005E+01
     42100,      0.676921,CP7_after_upper_clamp,   1,    0.0000000000E+00,    1.9757271005E+01,    1.9757271005E+01,    0.0000000000E+00,    0.0000000000E+00,    0.0000000000E+00,    1.9757271005E+01
     42100,      0.676921,CP8_after_OBC,   1,    0.0000000000E+00,    1.9757271005E+01,    1.9757271005E+01,    0.0000000000E+00,    0.0000000000E+00,    0.0000000000E+00,    1.9757271005E+01
     42100,      0.676921,CP9_after_PTsource,   1,    0.0000000000E+00,    1.9757271005E+01,    1.9757271005E+01,    0.0000000000E+00,    0.0000000000E+00,    0.0000000000E+00,    1.9757271005E+01
     42100,      0.676921,CP10_after_neg_clamp,   1,    0.0000000000E+00,    1.9757271005E+01,    1.9757271005E+01,    0.0000000000E+00,    0.0000000000E+00,    0.0000000000E+00,    1.9757271005E+01
     42100,      0.676921,CP11_after_MPI,   1,    0.0000000000E+00,    1.9757271005E+01,    1.9757271005E+01,    0.0000000000E+00,    0.0000000000E+00,    0.0000000000E+00,    1.9757271005E+01
     42100,      0.676921,CP12_end,   1,    0.0000000000E+00,    1.9757271005E+01,    1.9757271005E+01,    0.0000000000E+00,    0.0000000000E+00,    0.0000000000E+00,    1.9757271005E+01
     42150,      0.676921,CP0_start,   1,    0.0000000000E+00,    1.9802373972E+01,    1.9802373972E+01,    0.0000000000E+00,    0.0000000000E+00,    0.0000000000E+00,    1.9802373972E+01
     42150,      0.676921,CP1_after_deposition,   1,    0.0000000000E+00,    1.9802373972E+01,    1.9802373972E+01,    0.0000000000E+00,    0.0000000000E+00,    0.0000000000E+00,    1.9802373972E+01
     42150,      0.676921,CP2_after_erosion,   1,    0.0000000000E+00,    1.9802373972E+01,    1.9802373972E+01,    0.0000000000E+00,    0.0000000000E+00,    0.0000000000E+00,    1.9802373972E+01
     42150,      0.676921,CP3_after_update_bottom,   1,    0.0000000000E+00,    1.9802373972E+01,    1.9802373972E+01,    0.0000000000E+00,    0.0000000000E+00,    0.0000000000E+00,    1.9802373972E+01
     42150,      0.676921,CP4_after_advection,   1,    0.0000000000E+00,    1.9803171349E+01,    1.9803171349E+01,    0.0000000000E+00,    0.0000000000E+00,    0.0000000000E+00,    1.9803171349E+01
     42150,      0.676921,CP5_after_vdif,   1,    0.0000000000E+00,    1.9803171349E+01,    1.9803171349E+01,    0.0000000000E+00,    0.0000000000E+00,    0.0000000000E+00,    1.9803171349E+01
     42150,      0.676921,CP6_after_kinetics,   1,    0.0000000000E+00,    1.9803171349E+01,    1.9803171349E+01,    0.0000000000E+00,    0.0000000000E+00,    0.0000000000E+00,    1.9803171349E+01
     42150,      0.676921,CP7_after_upper_clamp,   1,    0.0000000000E+00,    1.9803171349E+01,    1.9803171349E+01,    0.0000000000E+00,    0.0000000000E+00,    0.0000000000E+00,    1.9803171349E+01
     42150,      0.676921,CP8_after_OBC,   1,    0.0000000000E+00,    1.9803171349E+01,    1.9803171349E+01,    0.0000000000E+00,    0.0000000000E+00,    0.0000000000E+00,    1.9803171349E+01
     42150,      0.676921,CP9_after_PTsource,   1,    0.0000000000E+00,    1.9803171349E+01,    1.9803171349E+01,    0.0000000000E+00,    0.0000000000E+00,    0.0000000000E+00,    1.9803171349E+01
     42150,      0.676921,CP10_after_neg_clamp,   1,    0.0000000000E+00,    1.9803171349E+01,    1.9803171349E+01,    0.0000000000E+00,    0.0000000000E+00,    0.0000000000E+00,    1.9803171349E+01
     42150,      0.676921,CP11_after_MPI,   1,    0.0000000000E+00,    1.9803171349E+01,    1.9803171349E+01,    0.0000000000E+00,    0.0000000000E+00,    0.0000000000E+00,    1.9803171349E+01
     42150,      0.676921,CP12_end,   1,    0.0000000000E+00,    1.9803171349E+01,    1.9803171349E+01,    0.0000000000E+00,    0.0000000000E+00,    0.0000000000E+00,    1.9803171349E+01
     42200,      0.676921,CP0_start,   1,    0.0000000000E+00,    1.9848333514E+01,    1.9848333514E+01,    0.0000000000E+00,    0.0000000000E+00,    0.0000000000E+00,    1.9848333514E+01
     42200,      0.676921,CP1_after_deposition,   1,    0.0000000000E+00,    1.9848333514E+01,    1.9848333514E+01,    0.0000000000E+00,    0.0000000000E+00,    0.0000000000E+00,    1.9848333514E+01
     42200,      0.676921,CP2_after_erosion,   1,    0.0000000000E+00,    1.9848333514E+01,    1.9848333514E+01,    0.0000000000E+00,    0.0000000000E+00,    0.0000000000E+00,    1.9848333514E+01
     42200,      0.676921,CP3_after_update_bottom,   1,    0.0000000000E+00,    1.9848333514E+01,    1.9848333514E+01,    0.0000000000E+00,    0.0000000000E+00,    0.0000000000E+00,    1.9848333514E+01
     42200,      0.676921,CP4_after_advection,   1,    0.0000000000E+00,    1.9849124829E+01,    1.9849124829E+01,    0.0000000000E+00,    0.0000000000E+00,    0.0000000000E+00,    1.9849124829E+01
     42200,      0.676921,CP5_after_vdif,   1,    0.0000000000E+00,    1.9849124829E+01,    1.9849124829E+01,    0.0000000000E+00,    0.0000000000E+00,    0.0000000000E+00,    1.9849124829E+01
     42200,      0.676921,CP6_after_kinetics,   1,    0.0000000000E+00,    1.9849124829E+01,    1.9849124829E+01,    0.0000000000E+00,    0.0000000000E+00,    0.0000000000E+00,    1.9849124829E+01
     42200,      0.676921,CP7_after_upper_clamp,   1,    0.0000000000E+00,    1.9849124829E+01,    1.9849124829E+01,    0.0000000000E+00,    0.0000000000E+00,    0.0000000000E+00,    1.9849124829E+01
     42200,      0.676921,CP8_after_OBC,   1,    0.0000000000E+00,    1.9849124829E+01,    1.9849124829E+01,    0.0000000000E+00,    0.0000000000E+00,    0.0000000000E+00,    1.9849124829E+01
     42200,      0.676921,CP9_after_PTsource,   1,    0.0000000000E+00,    1.9849124829E+01,    1.9849124829E+01,    0.0000000000E+00,    0.0000000000E+00,    0.0000000000E+00,    1.9849124829E+01
     42200,      0.676921,CP10_after_neg_clamp,   1,    0.0000000000E+00,    1.9849124829E+01,    1.9849124829E+01,    0.0000000000E+00,    0.0000000000E+00,    0.0000000000E+00,    1.9849124829E+01
     42200,      0.676921,CP11_after_MPI,   1,    0.0000000000E+00,    1.9849124829E+01,    1.9849124829E+01,    0.0000000000E+00,    0.0000000000E+00,    0.0000000000E+00,    1.9849124829E+01
     42200,      0.676921,CP12_end,   1,    0.0000000000E+00,    1.9849124829E+01,    1.9849124829E+01,    0.0000000000E+00,    0.0000000000E+00,    0.0000000000E+00,    1.9849124829E+01
     42250,      0.676921,CP0_start,   1,    0.0000000000E+00,    1.9894348277E+01,    1.9894348277E+01,    0.0000000000E+00,    0.0000000000E+00,    0.0000000000E+00,    1.9894348277E+01
     42250,      0.676921,CP1_after_deposition,   1,    0.0000000000E+00,    1.9894348277E+01,    1.9894348277E+01,    0.0000000000E+00,    0.0000000000E+00,    0.0000000000E+00,    1.9894348277E+01
     42250,      0.676921,CP2_after_erosion,   1,    0.0000000000E+00,    1.9894348277E+01,    1.9894348277E+01,    0.0000000000E+00,    0.0000000000E+00,    0.0000000000E+00,    1.9894348277E+01
     42250,      0.676921,CP3_after_update_bottom,   1,    0.0000000000E+00,    1.9894348277E+01,    1.9894348277E+01,    0.0000000000E+00,    0.0000000000E+00,    0.0000000000E+00,    1.9894348277E+01
     42250,      0.676921,CP4_after_advection,   1,    0.0000000000E+00,    1.9895133274E+01,    1.9895133274E+01,    0.0000000000E+00,    0.0000000000E+00,    0.0000000000E+00,    1.9895133274E+01
     42250,      0.676921,CP5_after_vdif,   1,    0.0000000000E+00,    1.9895133274E+01,    1.9895133274E+01,    0.0000000000E+00,    0.0000000000E+00,    0.0000000000E+00,    1.9895133274E+01
     42250,      0.676921,CP6_after_kinetics,   1,    0.0000000000E+00,    1.9895133274E+01,    1.9895133274E+01,    0.0000000000E+00,    0.0000000000E+00,    0.0000000000E+00,    1.9895133274E+01
     42250,      0.676921,CP7_after_upper_clamp,   1,    0.0000000000E+00,    1.9895133274E+01,    1.9895133274E+01,    0.0000000000E+00,    0.0000000000E+00,    0.0000000000E+00,    1.9895133274E+01
     42250,      0.676921,CP8_after_OBC,   1,    0.0000000000E+00,    1.9895133274E+01,    1.9895133274E+01,    0.0000000000E+00,    0.0000000000E+00,    0.0000000000E+00,    1.9895133274E+01
     42250,      0.676921,CP9_after_PTsource,   1,    0.0000000000E+00,    1.9895133274E+01,    1.9895133274E+01,    0.0000000000E+00,    0.0000000000E+00,    0.0000000000E+00,    1.9895133274E+01
     42250,      0.676921,CP10_after_neg_clamp,   1,    0.0000000000E+00,    1.9895133274E+01,    1.9895133274E+01,    0.0000000000E+00,    0.0000000000E+00,    0.0000000000E+00,    1.9895133274E+01
     42250,      0.676921,CP11_after_MPI,   1,    0.0000000000E+00,    1.9895133274E+01,    1.9895133274E+01,    0.0000000000E+00,    0.0000000000E+00,    0.0000000000E+00,    1.9895133274E+01
     42250,      0.676921,CP12_end,   1,    0.0000000000E+00,    1.9895133274E+01,    1.9895133274E+01,    0.0000000000E+00,    0.0000000000E+00,    0.0000000000E+00,    1.9895133274E+01
     42300,      0.676921,CP0_start,   1,    0.0000000000E+00,    1.9940420707E+01,    1.9940420707E+01,    0.0000000000E+00,    0.0000000000E+00,    0.0000000000E+00,    1.9940420707E+01
     42300,      0.676921,CP1_after_deposition,   1,    0.0000000000E+00,    1.9940420707E+01,    1.9940420707E+01,    0.0000000000E+00,    0.0000000000E+00,    0.0000000000E+00,    1.9940420707E+01
     42300,      0.676921,CP2_after_erosion,   1,    0.0000000000E+00,    1.9940420707E+01,    1.9940420707E+01,    0.0000000000E+00,    0.0000000000E+00,    0.0000000000E+00,    1.9940420707E+01
     42300,      0.676921,CP3_after_update_bottom,   1,    0.0000000000E+00,    1.9940420707E+01,    1.9940420707E+01,    0.0000000000E+00,    0.0000000000E+00,    0.0000000000E+00,    1.9940420707E+01
     42300,      0.676921,CP4_after_advection,   1,    0.0000000000E+00,    1.9941199126E+01,    1.9941199126E+01,    0.0000000000E+00,    0.0000000000E+00,    0.0000000000E+00,    1.9941199126E+01
     42300,      0.676921,CP5_after_vdif,   1,    0.0000000000E+00,    1.9941199126E+01,    1.9941199126E+01,    0.0000000000E+00,    0.0000000000E+00,    0.0000000000E+00,    1.9941199126E+01
     42300,      0.676921,CP6_after_kinetics,   1,    0.0000000000E+00,    1.9941199126E+01,    1.9941199126E+01,    0.0000000000E+00,    0.0000000000E+00,    0.0000000000E+00,    1.9941199126E+01
     42300,      0.676921,CP7_after_upper_clamp,   1,    0.0000000000E+00,    1.9941199126E+01,    1.9941199126E+01,    0.0000000000E+00,    0.0000000000E+00,    0.0000000000E+00,    1.9941199126E+01
     42300,      0.676921,CP8_after_OBC,   1,    0.0000000000E+00,    1.9941199126E+01,    1.9941199126E+01,    0.0000000000E+00,    0.0000000000E+00,    0.0000000000E+00,    1.9941199126E+01
     42300,      0.676921,CP9_after_PTsource,   1,    0.0000000000E+00,    1.9941199126E+01,    1.9941199126E+01,    0.0000000000E+00,    0.0000000000E+00,    0.0000000000E+00,    1.9941199126E+01
     42300,      0.676921,CP10_after_neg_clamp,   1,    0.0000000000E+00,    1.9941199126E+01,    1.9941199126E+01,    0.0000000000E+00,    0.0000000000E+00,    0.0000000000E+00,    1.9941199126E+01
     42300,      0.676921,CP11_after_MPI,   1,    0.0000000000E+00,    1.9941199126E+01,    1.9941199126E+01,    0.0000000000E+00,    0.0000000000E+00,    0.0000000000E+00,    1.9941199126E+01
     42300,      0.676921,CP12_end,   1,    0.0000000000E+00,    1.9941199126E+01,    1.9941199126E+01,    0.0000000000E+00,    0.0000000000E+00,    0.0000000000E+00,    1.9941199126E+01
     42350,      0.676921,CP0_start,   1,    0.0000000000E+00,    1.9986133693E+01,    1.9986133693E+01,    0.0000000000E+00,    0.0000000000E+00,    0.0000000000E+00,    1.9986133693E+01
     42350,      0.676921,CP1_after_deposition,   1,    0.0000000000E+00,    1.9986133693E+01,    1.9986133693E+01,    0.0000000000E+00,    0.0000000000E+00,    0.0000000000E+00,    1.9986133693E+01
     42350,      0.676921,CP2_after_erosion,   1,    0.0000000000E+00,    1.9986133693E+01,    1.9986133693E+01,    0.0000000000E+00,    0.0000000000E+00,    0.0000000000E+00,    1.9986133693E+01
     42350,      0.676921,CP3_after_update_bottom,   1,    0.0000000000E+00,    1.9986133693E+01,    1.9986133693E+01,    0.0000000000E+00,    0.0000000000E+00,    0.0000000000E+00,    1.9986133693E+01
     42350,      0.676921,CP4_after_advection,   1,    0.0000000000E+00,    1.9986904222E+01,    1.9986904222E+01,    0.0000000000E+00,    0.0000000000E+00,    0.0000000000E+00,    1.9986904222E+01
     42350,      0.676921,CP5_after_vdif,   1,    0.0000000000E+00,    1.9986904222E+01,    1.9986904222E+01,    0.0000000000E+00,    0.0000000000E+00,    0.0000000000E+00,    1.9986904222E+01
     42350,      0.676921,CP6_after_kinetics,   1,    0.0000000000E+00,    1.9986904222E+01,    1.9986904222E+01,    0.0000000000E+00,    0.0000000000E+00,    0.0000000000E+00,    1.9986904222E+01
     42350,      0.676921,CP7_after_upper_clamp,   1,    0.0000000000E+00,    1.9986904222E+01,    1.9986904222E+01,    0.0000000000E+00,    0.0000000000E+00,    0.0000000000E+00,    1.9986904222E+01
     42350,      0.676921,CP8_after_OBC,   1,    0.0000000000E+00,    1.9986904222E+01,    1.9986904222E+01,    0.0000000000E+00,    0.0000000000E+00,    0.0000000000E+00,    1.9986904222E+01
     42350,      0.676921,CP9_after_PTsource,   1,    0.0000000000E+00,    1.9986904222E+01,    1.9986904222E+01,    0.0000000000E+00,    0.0000000000E+00,    0.0000000000E+00,    1.9986904222E+01
     42350,      0.676921,CP10_after_neg_clamp,   1,    0.0000000000E+00,    1.9986904222E+01,    1.9986904222E+01,    0.0000000000E+00,    0.0000000000E+00,    0.0000000000E+00,    1.9986904222E+01
     42350,      0.676921,CP11_after_MPI,   1,    0.0000000000E+00,    1.9986904222E+01,    1.9986904222E+01,    0.0000000000E+00,    0.0000000000E+00,    0.0000000000E+00,    1.9986904222E+01
     42350,      0.676921,CP12_end,   1,    0.0000000000E+00,    1.9986904222E+01,    1.9986904222E+01,    0.0000000000E+00,    0.0000000000E+00,    0.0000000000E+00,    1.9986904222E+01
     42400,      0.676921,CP0_start,   1,    0.0000000000E+00,    2.0031894127E+01,    2.0031894127E+01,    0.0000000000E+00,    0.0000000000E+00,    0.0000000000E+00,    2.0031894127E+01
     42400,      0.676921,CP1_after_deposition,   1,    0.0000000000E+00,    2.0031894127E+01,    2.0031894127E+01,    0.0000000000E+00,    0.0000000000E+00,    0.0000000000E+00,    2.0031894127E+01
     42400,      0.676921,CP2_after_erosion,   1,    0.0000000000E+00,    2.0031894127E+01,    2.0031894127E+01,    0.0000000000E+00,    0.0000000000E+00,    0.0000000000E+00,    2.0031894127E+01
     42400,      0.676921,CP3_after_update_bottom,   1,    0.0000000000E+00,    2.0031894127E+01,    2.0031894127E+01,    0.0000000000E+00,    0.0000000000E+00,    0.0000000000E+00,    2.0031894127E+01
     42400,      0.676921,CP4_after_advection,   1,    0.0000000000E+00,    2.0032658468E+01,    2.0032658468E+01,    0.0000000000E+00,    0.0000000000E+00,    0.0000000000E+00,    2.0032658468E+01
     42400,      0.676921,CP5_after_vdif,   1,    0.0000000000E+00,    2.0032658468E+01,    2.0032658468E+01,    0.0000000000E+00,    0.0000000000E+00,    0.0000000000E+00,    2.0032658468E+01
     42400,      0.676921,CP6_after_kinetics,   1,    0.0000000000E+00,    2.0032658468E+01,    2.0032658468E+01,    0.0000000000E+00,    0.0000000000E+00,    0.0000000000E+00,    2.0032658468E+01
     42400,      0.676921,CP7_after_upper_clamp,   1,    0.0000000000E+00,    2.0032658468E+01,    2.0032658468E+01,    0.0000000000E+00,    0.0000000000E+00,    0.0000000000E+00,    2.0032658468E+01
     42400,      0.676921,CP8_after_OBC,   1,    0.0000000000E+00,    2.0032658468E+01,    2.0032658468E+01,    0.0000000000E+00,    0.0000000000E+00,    0.0000000000E+00,    2.0032658468E+01
     42400,      0.676921,CP9_after_PTsource,   1,    0.0000000000E+00,    2.0032658468E+01,    2.0032658468E+01,    0.0000000000E+00,    0.0000000000E+00,    0.0000000000E+00,    2.0032658468E+01
     42400,      0.676921,CP10_after_neg_clamp,   1,    0.0000000000E+00,    2.0032658468E+01,    2.0032658468E+01,    0.0000000000E+00,    0.0000000000E+00,    0.0000000000E+00,    2.0032658468E+01
     42400,      0.676921,CP11_after_MPI,   1,    0.0000000000E+00,    2.0032658468E+01,    2.0032658468E+01,    0.0000000000E+00,    0.0000000000E+00,    0.0000000000E+00,    2.0032658468E+01
     42400,      0.676921,CP12_end,   1,    0.0000000000E+00,    2.0032658468E+01,    2.0032658468E+01,    0.0000000000E+00,    0.0000000000E+00,    0.0000000000E+00,    2.0032658468E+01
     42450,      0.676921,CP0_start,   1,    0.0000000000E+00,    2.0077709172E+01,    2.0077709172E+01,    0.0000000000E+00,    0.0000000000E+00,    0.0000000000E+00,    2.0077709172E+01
     42450,      0.676921,CP1_after_deposition,   1,    0.0000000000E+00,    2.0077709172E+01,    2.0077709172E+01,    0.0000000000E+00,    0.0000000000E+00,    0.0000000000E+00,    2.0077709172E+01
     42450,      0.676921,CP2_after_erosion,   1,    0.0000000000E+00,    2.0077709172E+01,    2.0077709172E+01,    0.0000000000E+00,    0.0000000000E+00,    0.0000000000E+00,    2.0077709172E+01
     42450,      0.676921,CP3_after_update_bottom,   1,    0.0000000000E+00,    2.0077709172E+01,    2.0077709172E+01,    0.0000000000E+00,    0.0000000000E+00,    0.0000000000E+00,    2.0077709172E+01
     42450,      0.676921,CP4_after_advection,   1,    0.0000000000E+00,    2.0078466479E+01,    2.0078466479E+01,    0.0000000000E+00,    0.0000000000E+00,    0.0000000000E+00,    2.0078466479E+01
     42450,      0.676921,CP5_after_vdif,   1,    0.0000000000E+00,    2.0078466479E+01,    2.0078466479E+01,    0.0000000000E+00,    0.0000000000E+00,    0.0000000000E+00,    2.0078466479E+01
     42450,      0.676921,CP6_after_kinetics,   1,    0.0000000000E+00,    2.0078466479E+01,    2.0078466479E+01,    0.0000000000E+00,    0.0000000000E+00,    0.0000000000E+00,    2.0078466479E+01
     42450,      0.676921,CP7_after_upper_clamp,   1,    0.0000000000E+00,    2.0078466479E+01,    2.0078466479E+01,    0.0000000000E+00,    0.0000000000E+00,    0.0000000000E+00,    2.0078466479E+01
     42450,      0.676921,CP8_after_OBC,   1,    0.0000000000E+00,    2.0078466479E+01,    2.0078466479E+01,    0.0000000000E+00,    0.0000000000E+00,    0.0000000000E+00,    2.0078466479E+01
     42450,      0.676921,CP9_after_PTsource,   1,    0.0000000000E+00,    2.0078466479E+01,    2.0078466479E+01,    0.0000000000E+00,    0.0000000000E+00,    0.0000000000E+00,    2.0078466479E+01
     42450,      0.676921,CP10_after_neg_clamp,   1,    0.0000000000E+00,    2.0078466479E+01,    2.0078466479E+01,    0.0000000000E+00,    0.0000000000E+00,    0.0000000000E+00,    2.0078466479E+01
     42450,      0.676921,CP11_after_MPI,   1,    0.0000000000E+00,    2.0078466479E+01,    2.0078466479E+01,    0.0000000000E+00,    0.0000000000E+00,    0.0000000000E+00,    2.0078466479E+01
     42450,      0.676921,CP12_end,   1,    0.0000000000E+00,    2.0078466479E+01,    2.0078466479E+01,    0.0000000000E+00,    0.0000000000E+00,    0.0000000000E+00,    2.0078466479E+01
     42500,      0.676921,CP0_start,   1,    0.0000000000E+00,    2.0123562154E+01,    2.0123562154E+01,    0.0000000000E+00,    0.0000000000E+00,    0.0000000000E+00,    2.0123562154E+01
     42500,      0.676921,CP1_after_deposition,   1,    0.0000000000E+00,    2.0123562154E+01,    2.0123562154E+01,    0.0000000000E+00,    0.0000000000E+00,    0.0000000000E+00,    2.0123562154E+01
     42500,      0.676921,CP2_after_erosion,   1,    0.0000000000E+00,    2.0123562154E+01,    2.0123562154E+01,    0.0000000000E+00,    0.0000000000E+00,    0.0000000000E+00,    2.0123562154E+01
     42500,      0.676921,CP3_after_update_bottom,   1,    0.0000000000E+00,    2.0123562154E+01,    2.0123562154E+01,    0.0000000000E+00,    0.0000000000E+00,    0.0000000000E+00,    2.0123562154E+01
     42500,      0.676921,CP4_after_advection,   1,    0.0000000000E+00,    2.0124312504E+01,    2.0124312504E+01,    0.0000000000E+00,    0.0000000000E+00,    0.0000000000E+00,    2.0124312504E+01
     42500,      0.676921,CP5_after_vdif,   1,    0.0000000000E+00,    2.0124312504E+01,    2.0124312504E+01,    0.0000000000E+00,    0.0000000000E+00,    0.0000000000E+00,    2.0124312504E+01
     42500,      0.676921,CP6_after_kinetics,   1,    0.0000000000E+00,    2.0124312504E+01,    2.0124312504E+01,    0.0000000000E+00,    0.0000000000E+00,    0.0000000000E+00,    2.0124312504E+01
     42500,      0.676921,CP7_after_upper_clamp,   1,    0.0000000000E+00,    2.0124312504E+01,    2.0124312504E+01,    0.0000000000E+00,    0.0000000000E+00,    0.0000000000E+00,    2.0124312504E+01
     42500,      0.676921,CP8_after_OBC,   1,    0.0000000000E+00,    2.0124312504E+01,    2.0124312504E+01,    0.0000000000E+00,    0.0000000000E+00,    0.0000000000E+00,    2.0124312504E+01
     42500,      0.676921,CP9_after_PTsource,   1,    0.0000000000E+00,    2.0124312504E+01,    2.0124312504E+01,    0.0000000000E+00,    0.0000000000E+00,    0.0000000000E+00,    2.0124312504E+01
     42500,      0.676921,CP10_after_neg_clamp,   1,    0.0000000000E+00,    2.0124312504E+01,    2.0124312504E+01,    0.0000000000E+00,    0.0000000000E+00,    0.0000000000E+00,    2.0124312504E+01
     42500,      0.676921,CP11_after_MPI,   1,    0.0000000000E+00,    2.0124312504E+01,    2.0124312504E+01,    0.0000000000E+00,    0.0000000000E+00,    0.0000000000E+00,    2.0124312504E+01
     42500,      0.676921,CP12_end,   1,    0.0000000000E+00,    2.0124312504E+01,    2.0124312504E+01,    0.0000000000E+00,    0.0000000000E+00,    0.0000000000E+00,    2.0124312504E+01
     42550,      0.676921,CP0_start,   1,    0.0000000000E+00,    2.0169494897E+01,    2.0169494897E+01,    0.0000000000E+00,    0.0000000000E+00,    0.0000000000E+00,    2.0169494897E+01
     42550,      0.676921,CP1_after_deposition,   1,    0.0000000000E+00,    2.0169494897E+01,    2.0169494897E+01,    0.0000000000E+00,    0.0000000000E+00,    0.0000000000E+00,    2.0169494897E+01
     42550,      0.676921,CP2_after_erosion,   1,    0.0000000000E+00,    2.0169494897E+01,    2.0169494897E+01,    0.0000000000E+00,    0.0000000000E+00,    0.0000000000E+00,    2.0169494897E+01
     42550,      0.676921,CP3_after_update_bottom,   1,    0.0000000000E+00,    2.0169494897E+01,    2.0169494897E+01,    0.0000000000E+00,    0.0000000000E+00,    0.0000000000E+00,    2.0169494897E+01
     42550,      0.676921,CP4_after_advection,   1,    0.0000000000E+00,    2.0170236559E+01,    2.0170236559E+01,    0.0000000000E+00,    0.0000000000E+00,    0.0000000000E+00,    2.0170236559E+01
     42550,      0.676921,CP5_after_vdif,   1,    0.0000000000E+00,    2.0170236559E+01,    2.0170236559E+01,    0.0000000000E+00,    0.0000000000E+00,    0.0000000000E+00,    2.0170236559E+01
     42550,      0.676921,CP6_after_kinetics,   1,    0.0000000000E+00,    2.0170236559E+01,    2.0170236559E+01,    0.0000000000E+00,    0.0000000000E+00,    0.0000000000E+00,    2.0170236559E+01
     42550,      0.676921,CP7_after_upper_clamp,   1,    0.0000000000E+00,    2.0170236559E+01,    2.0170236559E+01,    0.0000000000E+00,    0.0000000000E+00,    0.0000000000E+00,    2.0170236559E+01
     42550,      0.676921,CP8_after_OBC,   1,    0.0000000000E+00,    2.0170236559E+01,    2.0170236559E+01,    0.0000000000E+00,    0.0000000000E+00,    0.0000000000E+00,    2.0170236559E+01
     42550,      0.676921,CP9_after_PTsource,   1,    0.0000000000E+00,    2.0170236559E+01,    2.0170236559E+01,    0.0000000000E+00,    0.0000000000E+00,    0.0000000000E+00,    2.0170236559E+01
     42550,      0.676921,CP10_after_neg_clamp,   1,    0.0000000000E+00,    2.0170236559E+01,    2.0170236559E+01,    0.0000000000E+00,    0.0000000000E+00,    0.0000000000E+00,    2.0170236559E+01
     42550,      0.676921,CP11_after_MPI,   1,    0.0000000000E+00,    2.0170236559E+01,    2.0170236559E+01,    0.0000000000E+00,    0.0000000000E+00,    0.0000000000E+00,    2.0170236559E+01
     42550,      0.676921,CP12_end,   1,    0.0000000000E+00,    2.0170236559E+01,    2.0170236559E+01,    0.0000000000E+00,    0.0000000000E+00,    0.0000000000E+00,    2.0170236559E+01
     42600,      0.676921,CP0_start,   1,    0.0000000000E+00,    2.0215475431E+01,    2.0215475431E+01,    0.0000000000E+00,    0.0000000000E+00,    0.0000000000E+00,    2.0215475431E+01
     42600,      0.676921,CP1_after_deposition,   1,    0.0000000000E+00,    2.0215475431E+01,    2.0215475431E+01,    0.0000000000E+00,    0.0000000000E+00,    0.0000000000E+00,    2.0215475431E+01
     42600,      0.676921,CP2_after_erosion,   1,    0.0000000000E+00,    2.0215475431E+01,    2.0215475431E+01,    0.0000000000E+00,    0.0000000000E+00,    0.0000000000E+00,    2.0215475431E+01
     42600,      0.676921,CP3_after_update_bottom,   1,    0.0000000000E+00,    2.0215475431E+01,    2.0215475431E+01,    0.0000000000E+00,    0.0000000000E+00,    0.0000000000E+00,    2.0215475431E+01
     42600,      0.676921,CP4_after_advection,   1,    0.0000000000E+00,    2.0216208520E+01,    2.0216208520E+01,    0.0000000000E+00,    0.0000000000E+00,    0.0000000000E+00,    2.0216208520E+01
     42600,      0.676921,CP5_after_vdif,   1,    0.0000000000E+00,    2.0216208520E+01,    2.0216208520E+01,    0.0000000000E+00,    0.0000000000E+00,    0.0000000000E+00,    2.0216208520E+01
     42600,      0.676921,CP6_after_kinetics,   1,    0.0000000000E+00,    2.0216208520E+01,    2.0216208520E+01,    0.0000000000E+00,    0.0000000000E+00,    0.0000000000E+00,    2.0216208520E+01
     42600,      0.676921,CP7_after_upper_clamp,   1,    0.0000000000E+00,    2.0216208520E+01,    2.0216208520E+01,    0.0000000000E+00,    0.0000000000E+00,    0.0000000000E+00,    2.0216208520E+01
     42600,      0.676921,CP8_after_OBC,   1,    0.0000000000E+00,    2.0216208520E+01,    2.0216208520E+01,    0.0000000000E+00,    0.0000000000E+00,    0.0000000000E+00,    2.0216208520E+01
     42600,      0.676921,CP9_after_PTsource,   1,    0.0000000000E+00,    2.0216208520E+01,    2.0216208520E+01,    0.0000000000E+00,    0.0000000000E+00,    0.0000000000E+00,    2.0216208520E+01
     42600,      0.676921,CP10_after_neg_clamp,   1,    0.0000000000E+00,    2.0216208520E+01,    2.0216208520E+01,    0.0000000000E+00,    0.0000000000E+00,    0.0000000000E+00,    2.0216208520E+01
     42600,      0.676921,CP11_after_MPI,   1,    0.0000000000E+00,    2.0216208520E+01,    2.0216208520E+01,    0.0000000000E+00,    0.0000000000E+00,    0.0000000000E+00,    2.0216208520E+01
     42600,      0.676921,CP12_end,   1,    0.0000000000E+00,    2.0216208520E+01,    2.0216208520E+01,    0.0000000000E+00,    0.0000000000E+00,    0.0000000000E+00,    2.0216208520E+01
     42650,      0.676921,CP0_start,   1,    0.0000000000E+00,    2.0261500566E+01,    2.0261500566E+01,    0.0000000000E+00,    0.0000000000E+00,    0.0000000000E+00,    2.0261500566E+01
     42650,      0.676921,CP1_after_deposition,   1,    0.0000000000E+00,    2.0261500566E+01,    2.0261500566E+01,    0.0000000000E+00,    0.0000000000E+00,    0.0000000000E+00,    2.0261500566E+01
     42650,      0.676921,CP2_after_erosion,   1,    0.0000000000E+00,    2.0261500566E+01,    2.0261500566E+01,    0.0000000000E+00,    0.0000000000E+00,    0.0000000000E+00,    2.0261500566E+01
     42650,      0.676921,CP3_after_update_bottom,   1,    0.0000000000E+00,    2.0261500566E+01,    2.0261500566E+01,    0.0000000000E+00,    0.0000000000E+00,    0.0000000000E+00,    2.0261500566E+01
     42650,      0.676921,CP4_after_advection,   1,    0.0000000000E+00,    2.0262222719E+01,    2.0262222719E+01,    0.0000000000E+00,    0.0000000000E+00,    0.0000000000E+00,    2.0262222719E+01
     42650,      0.676921,CP5_after_vdif,   1,    0.0000000000E+00,    2.0262222719E+01,    2.0262222719E+01,    0.0000000000E+00,    0.0000000000E+00,    0.0000000000E+00,    2.0262222719E+01
     42650,      0.676921,CP6_after_kinetics,   1,    0.0000000000E+00,    2.0262222719E+01,    2.0262222719E+01,    0.0000000000E+00,    0.0000000000E+00,    0.0000000000E+00,    2.0262222719E+01
     42650,      0.676921,CP7_after_upper_clamp,   1,    0.0000000000E+00,    2.0262222719E+01,    2.0262222719E+01,    0.0000000000E+00,    0.0000000000E+00,    0.0000000000E+00,    2.0262222719E+01
     42650,      0.676921,CP8_after_OBC,   1,    0.0000000000E+00,    2.0262222719E+01,    2.0262222719E+01,    0.0000000000E+00,    0.0000000000E+00,    0.0000000000E+00,    2.0262222719E+01
     42650,      0.676921,CP9_after_PTsource,   1,    0.0000000000E+00,    2.0262222719E+01,    2.0262222719E+01,    0.0000000000E+00,    0.0000000000E+00,    0.0000000000E+00,    2.0262222719E+01
     42650,      0.676921,CP10_after_neg_clamp,   1,    0.0000000000E+00,    2.0262222719E+01,    2.0262222719E+01,    0.0000000000E+00,    0.0000000000E+00,    0.0000000000E+00,    2.0262222719E+01
     42650,      0.676921,CP11_after_MPI,   1,    0.0000000000E+00,    2.0262222719E+01,    2.0262222719E+01,    0.0000000000E+00,    0.0000000000E+00,    0.0000000000E+00,    2.0262222719E+01
     42650,      0.676921,CP12_end,   1,    0.0000000000E+00,    2.0262222719E+01,    2.0262222719E+01,    0.0000000000E+00,    0.0000000000E+00,    0.0000000000E+00,    2.0262222719E+01
     42700,      0.676921,CP0_start,   1,    0.0000000000E+00,    2.0307573957E+01,    2.0307573957E+01,    0.0000000000E+00,    0.0000000000E+00,    0.0000000000E+00,    2.0307573957E+01
     42700,      0.676921,CP1_after_deposition,   1,    0.0000000000E+00,    2.0307573957E+01,    2.0307573957E+01,    0.0000000000E+00,    0.0000000000E+00,    0.0000000000E+00,    2.0307573957E+01
     42700,      0.676921,CP2_after_erosion,   1,    0.0000000000E+00,    2.0307573957E+01,    2.0307573957E+01,    0.0000000000E+00,    0.0000000000E+00,    0.0000000000E+00,    2.0307573957E+01
     42700,      0.676921,CP3_after_update_bottom,   1,    0.0000000000E+00,    2.0307573957E+01,    2.0307573957E+01,    0.0000000000E+00,    0.0000000000E+00,    0.0000000000E+00,    2.0307573957E+01
     42700,      0.676921,CP4_after_advection,   1,    0.0000000000E+00,    2.0308287260E+01,    2.0308287260E+01,    0.0000000000E+00,    0.0000000000E+00,    0.0000000000E+00,    2.0308287260E+01
     42700,      0.676921,CP5_after_vdif,   1,    0.0000000000E+00,    2.0308287260E+01,    2.0308287260E+01,    0.0000000000E+00,    0.0000000000E+00,    0.0000000000E+00,    2.0308287260E+01
     42700,      0.676921,CP6_after_kinetics,   1,    0.0000000000E+00,    2.0308287260E+01,    2.0308287260E+01,    0.0000000000E+00,    0.0000000000E+00,    0.0000000000E+00,    2.0308287260E+01
     42700,      0.676921,CP7_after_upper_clamp,   1,    0.0000000000E+00,    2.0308287260E+01,    2.0308287260E+01,    0.0000000000E+00,    0.0000000000E+00,    0.0000000000E+00,    2.0308287260E+01
     42700,      0.676921,CP8_after_OBC,   1,    0.0000000000E+00,    2.0308287260E+01,    2.0308287260E+01,    0.0000000000E+00,    0.0000000000E+00,    0.0000000000E+00,    2.0308287260E+01
     42700,      0.676921,CP9_after_PTsource,   1,    0.0000000000E+00,    2.0308287260E+01,    2.0308287260E+01,    0.0000000000E+00,    0.0000000000E+00,    0.0000000000E+00,    2.0308287260E+01
     42700,      0.676921,CP10_after_neg_clamp,   1,    0.0000000000E+00,    2.0308287260E+01,    2.0308287260E+01,    0.0000000000E+00,    0.0000000000E+00,    0.0000000000E+00,    2.0308287260E+01
     42700,      0.676921,CP11_after_MPI,   1,    0.0000000000E+00,    2.0308287260E+01,    2.0308287260E+01,    0.0000000000E+00,    0.0000000000E+00,    0.0000000000E+00,    2.0308287260E+01
     42700,      0.676921,CP12_end,   1,    0.0000000000E+00,    2.0308287260E+01,    2.0308287260E+01,    0.0000000000E+00,    0.0000000000E+00,    0.0000000000E+00,    2.0308287260E+01
     42750,      0.676921,CP0_start,   1,    0.0000000000E+00,    2.0353709087E+01,    2.0353709087E+01,    0.0000000000E+00,    0.0000000000E+00,    0.0000000000E+00,    2.0353709087E+01
     42750,      0.676921,CP1_after_deposition,   1,    0.0000000000E+00,    2.0353709087E+01,    2.0353709087E+01,    0.0000000000E+00,    0.0000000000E+00,    0.0000000000E+00,    2.0353709087E+01
     42750,      0.676921,CP2_after_erosion,   1,    0.0000000000E+00,    2.0353709087E+01,    2.0353709087E+01,    0.0000000000E+00,    0.0000000000E+00,    0.0000000000E+00,    2.0353709087E+01
     42750,      0.676921,CP3_after_update_bottom,   1,    0.0000000000E+00,    2.0353709087E+01,    2.0353709087E+01,    0.0000000000E+00,    0.0000000000E+00,    0.0000000000E+00,    2.0353709087E+01
     42750,      0.676921,CP4_after_advection,   1,    0.0000000000E+00,    2.0354412800E+01,    2.0354412800E+01,    0.0000000000E+00,    0.0000000000E+00,    0.0000000000E+00,    2.0354412800E+01
     42750,      0.676921,CP5_after_vdif,   1,    0.0000000000E+00,    2.0354412800E+01,    2.0354412800E+01,    0.0000000000E+00,    0.0000000000E+00,    0.0000000000E+00,    2.0354412800E+01
     42750,      0.676921,CP6_after_kinetics,   1,    0.0000000000E+00,    2.0354412800E+01,    2.0354412800E+01,    0.0000000000E+00,    0.0000000000E+00,    0.0000000000E+00,    2.0354412800E+01
     42750,      0.676921,CP7_after_upper_clamp,   1,    0.0000000000E+00,    2.0354412800E+01,    2.0354412800E+01,    0.0000000000E+00,    0.0000000000E+00,    0.0000000000E+00,    2.0354412800E+01
     42750,      0.676921,CP8_after_OBC,   1,    0.0000000000E+00,    2.0354412800E+01,    2.0354412800E+01,    0.0000000000E+00,    0.0000000000E+00,    0.0000000000E+00,    2.0354412800E+01
     42750,      0.676921,CP9_after_PTsource,   1,    0.0000000000E+00,    2.0354412800E+01,    2.0354412800E+01,    0.0000000000E+00,    0.0000000000E+00,    0.0000000000E+00,    2.0354412800E+01
     42750,      0.676921,CP10_after_neg_clamp,   1,    0.0000000000E+00,    2.0354412800E+01,    2.0354412800E+01,    0.0000000000E+00,    0.0000000000E+00,    0.0000000000E+00,    2.0354412800E+01
     42750,      0.676921,CP11_after_MPI,   1,    0.0000000000E+00,    2.0354412800E+01,    2.0354412800E+01,    0.0000000000E+00,    0.0000000000E+00,    0.0000000000E+00,    2.0354412800E+01
     42750,      0.676921,CP12_end,   1,    0.0000000000E+00,    2.0354412800E+01,    2.0354412800E+01,    0.0000000000E+00,    0.0000000000E+00,    0.0000000000E+00,    2.0354412800E+01
     42800,      0.676921,CP0_start,   1,    0.0000000000E+00,    2.0399882277E+01,    2.0399882277E+01,    0.0000000000E+00,    0.0000000000E+00,    0.0000000000E+00,    2.0399882277E+01
     42800,      0.676921,CP1_after_deposition,   1,    0.0000000000E+00,    2.0399882277E+01,    2.0399882277E+01,    0.0000000000E+00,    0.0000000000E+00,    0.0000000000E+00,    2.0399882277E+01
     42800,      0.676921,CP2_after_erosion,   1,    0.0000000000E+00,    2.0399882277E+01,    2.0399882277E+01,    0.0000000000E+00,    0.0000000000E+00,    0.0000000000E+00,    2.0399882277E+01
     42800,      0.676921,CP3_after_update_bottom,   1,    0.0000000000E+00,    2.0399882277E+01,    2.0399882277E+01,    0.0000000000E+00,    0.0000000000E+00,    0.0000000000E+00,    2.0399882277E+01
     42800,      0.676921,CP4_after_advection,   1,    0.0000000000E+00,    2.0400576592E+01,    2.0400576592E+01,    0.0000000000E+00,    0.0000000000E+00,    0.0000000000E+00,    2.0400576592E+01
     42800,      0.676921,CP5_after_vdif,   1,    0.0000000000E+00,    2.0400576592E+01,    2.0400576592E+01,    0.0000000000E+00,    0.0000000000E+00,    0.0000000000E+00,    2.0400576592E+01
     42800,      0.676921,CP6_after_kinetics,   1,    0.0000000000E+00,    2.0400576592E+01,    2.0400576592E+01,    0.0000000000E+00,    0.0000000000E+00,    0.0000000000E+00,    2.0400576592E+01
     42800,      0.676921,CP7_after_upper_clamp,   1,    0.0000000000E+00,    2.0400576592E+01,    2.0400576592E+01,    0.0000000000E+00,    0.0000000000E+00,    0.0000000000E+00,    2.0400576592E+01
     42800,      0.676921,CP8_after_OBC,   1,    0.0000000000E+00,    2.0400576592E+01,    2.0400576592E+01,    0.0000000000E+00,    0.0000000000E+00,    0.0000000000E+00,    2.0400576592E+01
     42800,      0.676921,CP9_after_PTsource,   1,    0.0000000000E+00,    2.0400576592E+01,    2.0400576592E+01,    0.0000000000E+00,    0.0000000000E+00,    0.0000000000E+00,    2.0400576592E+01
     42800,      0.676921,CP10_after_neg_clamp,   1,    0.0000000000E+00,    2.0400576592E+01,    2.0400576592E+01,    0.0000000000E+00,    0.0000000000E+00,    0.0000000000E+00,    2.0400576592E+01
     42800,      0.676921,CP11_after_MPI,   1,    0.0000000000E+00,    2.0400576592E+01,    2.0400576592E+01,    0.0000000000E+00,    0.0000000000E+00,    0.0000000000E+00,    2.0400576592E+01
     42800,      0.676921,CP12_end,   1,    0.0000000000E+00,    2.0400576592E+01,    2.0400576592E+01,    0.0000000000E+00,    0.0000000000E+00,    0.0000000000E+00,    2.0400576592E+01
     42850,      0.676921,CP0_start,   1,    0.0000000000E+00,    2.0446107337E+01,    2.0446107337E+01,    0.0000000000E+00,    0.0000000000E+00,    0.0000000000E+00,    2.0446107337E+01
     42850,      0.676921,CP1_after_deposition,   1,    0.0000000000E+00,    2.0446107337E+01,    2.0446107337E+01,    0.0000000000E+00,    0.0000000000E+00,    0.0000000000E+00,    2.0446107337E+01
     42850,      0.676921,CP2_after_erosion,   1,    0.0000000000E+00,    2.0446107337E+01,    2.0446107337E+01,    0.0000000000E+00,    0.0000000000E+00,    0.0000000000E+00,    2.0446107337E+01
     42850,      0.676921,CP3_after_update_bottom,   1,    0.0000000000E+00,    2.0446107337E+01,    2.0446107337E+01,    0.0000000000E+00,    0.0000000000E+00,    0.0000000000E+00,    2.0446107337E+01
     42850,      0.676921,CP4_after_advection,   1,    0.0000000000E+00,    2.0446788705E+01,    2.0446788705E+01,    0.0000000000E+00,    0.0000000000E+00,    0.0000000000E+00,    2.0446788705E+01
     42850,      0.676921,CP5_after_vdif,   1,    0.0000000000E+00,    2.0446788705E+01,    2.0446788705E+01,    0.0000000000E+00,    0.0000000000E+00,    0.0000000000E+00,    2.0446788705E+01
     42850,      0.676921,CP6_after_kinetics,   1,    0.0000000000E+00,    2.0446788705E+01,    2.0446788705E+01,    0.0000000000E+00,    0.0000000000E+00,    0.0000000000E+00,    2.0446788705E+01
     42850,      0.676921,CP7_after_upper_clamp,   1,    0.0000000000E+00,    2.0446788705E+01,    2.0446788705E+01,    0.0000000000E+00,    0.0000000000E+00,    0.0000000000E+00,    2.0446788705E+01
     42850,      0.676921,CP8_after_OBC,   1,    0.0000000000E+00,    2.0446788705E+01,    2.0446788705E+01,    0.0000000000E+00,    0.0000000000E+00,    0.0000000000E+00,    2.0446788705E+01
     42850,      0.676921,CP9_after_PTsource,   1,    0.0000000000E+00,    2.0446788705E+01,    2.0446788705E+01,    0.0000000000E+00,    0.0000000000E+00,    0.0000000000E+00,    2.0446788705E+01
     42850,      0.676921,CP10_after_neg_clamp,   1,    0.0000000000E+00,    2.0446788705E+01,    2.0446788705E+01,    0.0000000000E+00,    0.0000000000E+00,    0.0000000000E+00,    2.0446788705E+01
     42850,      0.676921,CP11_after_MPI,   1,    0.0000000000E+00,    2.0446788705E+01,    2.0446788705E+01,    0.0000000000E+00,    0.0000000000E+00,    0.0000000000E+00,    2.0446788705E+01
     42850,      0.676921,CP12_end,   1,    0.0000000000E+00,    2.0446788705E+01,    2.0446788705E+01,    0.0000000000E+00,    0.0000000000E+00,    0.0000000000E+00,    2.0446788705E+01
     42900,      0.676921,CP0_start,   1,    0.0000000000E+00,    2.0492374263E+01,    2.0492374263E+01,    0.0000000000E+00,    0.0000000000E+00,    0.0000000000E+00,    2.0492374263E+01
     42900,      0.676921,CP1_after_deposition,   1,    0.0000000000E+00,    2.0492374263E+01,    2.0492374263E+01,    0.0000000000E+00,    0.0000000000E+00,    0.0000000000E+00,    2.0492374263E+01
     42900,      0.676921,CP2_after_erosion,   1,    0.0000000000E+00,    2.0492374263E+01,    2.0492374263E+01,    0.0000000000E+00,    0.0000000000E+00,    0.0000000000E+00,    2.0492374263E+01
     42900,      0.676921,CP3_after_update_bottom,   1,    0.0000000000E+00,    2.0492374263E+01,    2.0492374263E+01,    0.0000000000E+00,    0.0000000000E+00,    0.0000000000E+00,    2.0492374263E+01
     42900,      0.676921,CP4_after_advection,   1,    0.0000000000E+00,    2.0493044448E+01,    2.0493044448E+01,    0.0000000000E+00,    0.0000000000E+00,    0.0000000000E+00,    2.0493044448E+01
     42900,      0.676921,CP5_after_vdif,   1,    0.0000000000E+00,    2.0493044448E+01,    2.0493044448E+01,    0.0000000000E+00,    0.0000000000E+00,    0.0000000000E+00,    2.0493044448E+01
     42900,      0.676921,CP6_after_kinetics,   1,    0.0000000000E+00,    2.0493044448E+01,    2.0493044448E+01,    0.0000000000E+00,    0.0000000000E+00,    0.0000000000E+00,    2.0493044448E+01
     42900,      0.676921,CP7_after_upper_clamp,   1,    0.0000000000E+00,    2.0493044448E+01,    2.0493044448E+01,    0.0000000000E+00,    0.0000000000E+00,    0.0000000000E+00,    2.0493044448E+01
     42900,      0.676921,CP8_after_OBC,   1,    0.0000000000E+00,    2.0493044448E+01,    2.0493044448E+01,    0.0000000000E+00,    0.0000000000E+00,    0.0000000000E+00,    2.0493044448E+01
     42900,      0.676921,CP9_after_PTsource,   1,    0.0000000000E+00,    2.0493044448E+01,    2.0493044448E+01,    0.0000000000E+00,    0.0000000000E+00,    0.0000000000E+00,    2.0493044448E+01
     42900,      0.676921,CP10_after_neg_clamp,   1,    0.0000000000E+00,    2.0493044448E+01,    2.0493044448E+01,    0.0000000000E+00,    0.0000000000E+00,    0.0000000000E+00,    2.0493044448E+01
     42900,      0.676921,CP11_after_MPI,   1,    0.0000000000E+00,    2.0493044448E+01,    2.0493044448E+01,    0.0000000000E+00,    0.0000000000E+00,    0.0000000000E+00,    2.0493044448E+01
     42900,      0.676921,CP12_end,   1,    0.0000000000E+00,    2.0493044448E+01,    2.0493044448E+01,    0.0000000000E+00,    0.0000000000E+00,    0.0000000000E+00,    2.0493044448E+01
     42950,      0.676921,CP0_start,   1,    0.0000000000E+00,    2.0538687177E+01,    2.0538687177E+01,    0.0000000000E+00,    0.0000000000E+00,    0.0000000000E+00,    2.0538687177E+01
     42950,      0.676921,CP1_after_deposition,   1,    0.0000000000E+00,    2.0538687177E+01,    2.0538687177E+01,    0.0000000000E+00,    0.0000000000E+00,    0.0000000000E+00,    2.0538687177E+01
     42950,      0.676921,CP2_after_erosion,   1,    0.0000000000E+00,    2.0538687177E+01,    2.0538687177E+01,    0.0000000000E+00,    0.0000000000E+00,    0.0000000000E+00,    2.0538687177E+01
     42950,      0.676921,CP3_after_update_bottom,   1,    0.0000000000E+00,    2.0538687177E+01,    2.0538687177E+01,    0.0000000000E+00,    0.0000000000E+00,    0.0000000000E+00,    2.0538687177E+01
     42950,      0.676921,CP4_after_advection,   1,    0.0000000000E+00,    2.0539345849E+01,    2.0539345849E+01,    0.0000000000E+00,    0.0000000000E+00,    0.0000000000E+00,    2.0539345849E+01
     42950,      0.676921,CP5_after_vdif,   1,    0.0000000000E+00,    2.0539345849E+01,    2.0539345849E+01,    0.0000000000E+00,    0.0000000000E+00,    0.0000000000E+00,    2.0539345849E+01
     42950,      0.676921,CP6_after_kinetics,   1,    0.0000000000E+00,    2.0539345849E+01,    2.0539345849E+01,    0.0000000000E+00,    0.0000000000E+00,    0.0000000000E+00,    2.0539345849E+01
     42950,      0.676921,CP7_after_upper_clamp,   1,    0.0000000000E+00,    2.0539345849E+01,    2.0539345849E+01,    0.0000000000E+00,    0.0000000000E+00,    0.0000000000E+00,    2.0539345849E+01
     42950,      0.676921,CP8_after_OBC,   1,    0.0000000000E+00,    2.0539345849E+01,    2.0539345849E+01,    0.0000000000E+00,    0.0000000000E+00,    0.0000000000E+00,    2.0539345849E+01
     42950,      0.676921,CP9_after_PTsource,   1,    0.0000000000E+00,    2.0539345849E+01,    2.0539345849E+01,    0.0000000000E+00,    0.0000000000E+00,    0.0000000000E+00,    2.0539345849E+01
     42950,      0.676921,CP10_after_neg_clamp,   1,    0.0000000000E+00,    2.0539345849E+01,    2.0539345849E+01,    0.0000000000E+00,    0.0000000000E+00,    0.0000000000E+00,    2.0539345849E+01
     42950,      0.676921,CP11_after_MPI,   1,    0.0000000000E+00,    2.0539345849E+01,    2.0539345849E+01,    0.0000000000E+00,    0.0000000000E+00,    0.0000000000E+00,    2.0539345849E+01
     42950,      0.676921,CP12_end,   1,    0.0000000000E+00,    2.0539345849E+01,    2.0539345849E+01,    0.0000000000E+00,    0.0000000000E+00,    0.0000000000E+00,    2.0539345849E+01
     43000,      0.676921,CP0_start,   1,    0.0000000000E+00,    2.0585038566E+01,    2.0585038566E+01,    0.0000000000E+00,    0.0000000000E+00,    0.0000000000E+00,    2.0585038566E+01
     43000,      0.676921,CP1_after_deposition,   1,    0.0000000000E+00,    2.0585038566E+01,    2.0585038566E+01,    0.0000000000E+00,    0.0000000000E+00,    0.0000000000E+00,    2.0585038566E+01
     43000,      0.676921,CP2_after_erosion,   1,    0.0000000000E+00,    2.0585038566E+01,    2.0585038566E+01,    0.0000000000E+00,    0.0000000000E+00,    0.0000000000E+00,    2.0585038566E+01
     43000,      0.676921,CP3_after_update_bottom,   1,    0.0000000000E+00,    2.0585038566E+01,    2.0585038566E+01,    0.0000000000E+00,    0.0000000000E+00,    0.0000000000E+00,    2.0585038566E+01
     43000,      0.676921,CP4_after_advection,   1,    0.0000000000E+00,    2.0585685561E+01,    2.0585685561E+01,    0.0000000000E+00,    0.0000000000E+00,    0.0000000000E+00,    2.0585685561E+01
     43000,      0.676921,CP5_after_vdif,   1,    0.0000000000E+00,    2.0585685561E+01,    2.0585685561E+01,    0.0000000000E+00,    0.0000000000E+00,    0.0000000000E+00,    2.0585685561E+01
     43000,      0.676921,CP6_after_kinetics,   1,    0.0000000000E+00,    2.0585685561E+01,    2.0585685561E+01,    0.0000000000E+00,    0.0000000000E+00,    0.0000000000E+00,    2.0585685561E+01
     43000,      0.676921,CP7_after_upper_clamp,   1,    0.0000000000E+00,    2.0585685561E+01,    2.0585685561E+01,    0.0000000000E+00,    0.0000000000E+00,    0.0000000000E+00,    2.0585685561E+01
     43000,      0.676921,CP8_after_OBC,   1,    0.0000000000E+00,    2.0585685561E+01,    2.0585685561E+01,    0.0000000000E+00,    0.0000000000E+00,    0.0000000000E+00,    2.0585685561E+01
     43000,      0.676921,CP9_after_PTsource,   1,    0.0000000000E+00,    2.0585685561E+01,    2.0585685561E+01,    0.0000000000E+00,    0.0000000000E+00,    0.0000000000E+00,    2.0585685561E+01
     43000,      0.676921,CP10_after_neg_clamp,   1,    0.0000000000E+00,    2.0585685561E+01,    2.0585685561E+01,    0.0000000000E+00,    0.0000000000E+00,    0.0000000000E+00,    2.0585685561E+01
     43000,      0.676921,CP11_after_MPI,   1,    0.0000000000E+00,    2.0585685561E+01,    2.0585685561E+01,    0.0000000000E+00,    0.0000000000E+00,    0.0000000000E+00,    2.0585685561E+01
     43000,      0.676921,CP12_end,   1,    0.0000000000E+00,    2.0585685561E+01,    2.0585685561E+01,    0.0000000000E+00,    0.0000000000E+00,    0.0000000000E+00,    2.0585685561E+01
     43050,      0.676921,CP0_start,   1,    0.0000000000E+00,    2.0631434859E+01,    2.0631434859E+01,    0.0000000000E+00,    0.0000000000E+00,    0.0000000000E+00,    2.0631434859E+01
     43050,      0.676921,CP1_after_deposition,   1,    0.0000000000E+00,    2.0631434859E+01,    2.0631434859E+01,    0.0000000000E+00,    0.0000000000E+00,    0.0000000000E+00,    2.0631434859E+01
     43050,      0.676921,CP2_after_erosion,   1,    0.0000000000E+00,    2.0631434859E+01,    2.0631434859E+01,    0.0000000000E+00,    0.0000000000E+00,    0.0000000000E+00,    2.0631434859E+01
     43050,      0.676921,CP3_after_update_bottom,   1,    0.0000000000E+00,    2.0631434859E+01,    2.0631434859E+01,    0.0000000000E+00,    0.0000000000E+00,    0.0000000000E+00,    2.0631434859E+01
     43050,      0.676921,CP4_after_advection,   1,    0.0000000000E+00,    2.0632070871E+01,    2.0632070871E+01,    0.0000000000E+00,    0.0000000000E+00,    0.0000000000E+00,    2.0632070871E+01
     43050,      0.676921,CP5_after_vdif,   1,    0.0000000000E+00,    2.0632070871E+01,    2.0632070871E+01,    0.0000000000E+00,    0.0000000000E+00,    0.0000000000E+00,    2.0632070871E+01
     43050,      0.676921,CP6_after_kinetics,   1,    0.0000000000E+00,    2.0632070871E+01,    2.0632070871E+01,    0.0000000000E+00,    0.0000000000E+00,    0.0000000000E+00,    2.0632070871E+01
     43050,      0.676921,CP7_after_upper_clamp,   1,    0.0000000000E+00,    2.0632070871E+01,    2.0632070871E+01,    0.0000000000E+00,    0.0000000000E+00,    0.0000000000E+00,    2.0632070871E+01
     43050,      0.676921,CP8_after_OBC,   1,    0.0000000000E+00,    2.0632070871E+01,    2.0632070871E+01,    0.0000000000E+00,    0.0000000000E+00,    0.0000000000E+00,    2.0632070871E+01
     43050,      0.676921,CP9_after_PTsource,   1,    0.0000000000E+00,    2.0632070871E+01,    2.0632070871E+01,    0.0000000000E+00,    0.0000000000E+00,    0.0000000000E+00,    2.0632070871E+01
     43050,      0.676921,CP10_after_neg_clamp,   1,    0.0000000000E+00,    2.0632070871E+01,    2.0632070871E+01,    0.0000000000E+00,    0.0000000000E+00,    0.0000000000E+00,    2.0632070871E+01
     43050,      0.676921,CP11_after_MPI,   1,    0.0000000000E+00,    2.0632070871E+01,    2.0632070871E+01,    0.0000000000E+00,    0.0000000000E+00,    0.0000000000E+00,    2.0632070871E+01
     43050,      0.676921,CP12_end,   1,    0.0000000000E+00,    2.0632070871E+01,    2.0632070871E+01,    0.0000000000E+00,    0.0000000000E+00,    0.0000000000E+00,    2.0632070871E+01
     43100,      0.676921,CP0_start,   1,    0.0000000000E+00,    2.0677864170E+01,    2.0677864170E+01,    0.0000000000E+00,    0.0000000000E+00,    0.0000000000E+00,    2.0677864170E+01
     43100,      0.676921,CP1_after_deposition,   1,    0.0000000000E+00,    2.0677864170E+01,    2.0677864170E+01,    0.0000000000E+00,    0.0000000000E+00,    0.0000000000E+00,    2.0677864170E+01
     43100,      0.676921,CP2_after_erosion,   1,    0.0000000000E+00,    2.0677864170E+01,    2.0677864170E+01,    0.0000000000E+00,    0.0000000000E+00,    0.0000000000E+00,    2.0677864170E+01
     43100,      0.676921,CP3_after_update_bottom,   1,    0.0000000000E+00,    2.0677864170E+01,    2.0677864170E+01,    0.0000000000E+00,    0.0000000000E+00,    0.0000000000E+00,    2.0677864170E+01
     43100,      0.676921,CP4_after_advection,   1,    0.0000000000E+00,    2.0678487722E+01,    2.0678487722E+01,    0.0000000000E+00,    0.0000000000E+00,    0.0000000000E+00,    2.0678487722E+01
     43100,      0.676921,CP5_after_vdif,   1,    0.0000000000E+00,    2.0678487722E+01,    2.0678487722E+01,    0.0000000000E+00,    0.0000000000E+00,    0.0000000000E+00,    2.0678487722E+01
     43100,      0.676921,CP6_after_kinetics,   1,    0.0000000000E+00,    2.0678487722E+01,    2.0678487722E+01,    0.0000000000E+00,    0.0000000000E+00,    0.0000000000E+00,    2.0678487722E+01
     43100,      0.676921,CP7_after_upper_clamp,   1,    0.0000000000E+00,    2.0678487722E+01,    2.0678487722E+01,    0.0000000000E+00,    0.0000000000E+00,    0.0000000000E+00,    2.0678487722E+01
     43100,      0.676921,CP8_after_OBC,   1,    0.0000000000E+00,    2.0678487722E+01,    2.0678487722E+01,    0.0000000000E+00,    0.0000000000E+00,    0.0000000000E+00,    2.0678487722E+01
     43100,      0.676921,CP9_after_PTsource,   1,    0.0000000000E+00,    2.0678487722E+01,    2.0678487722E+01,    0.0000000000E+00,    0.0000000000E+00,    0.0000000000E+00,    2.0678487722E+01
     43100,      0.676921,CP10_after_neg_clamp,   1,    0.0000000000E+00,    2.0678487722E+01,    2.0678487722E+01,    0.0000000000E+00,    0.0000000000E+00,    0.0000000000E+00,    2.0678487722E+01
     43100,      0.676921,CP11_after_MPI,   1,    0.0000000000E+00,    2.0678487722E+01,    2.0678487722E+01,    0.0000000000E+00,    0.0000000000E+00,    0.0000000000E+00,    2.0678487722E+01
     43100,      0.676921,CP12_end,   1,    0.0000000000E+00,    2.0678487722E+01,    2.0678487722E+01,    0.0000000000E+00,    0.0000000000E+00,    0.0000000000E+00,    2.0678487722E+01
     43150,      0.676921,CP0_start,   1,    0.0000000000E+00,    2.0724333419E+01,    2.0724333419E+01,    0.0000000000E+00,    0.0000000000E+00,    0.0000000000E+00,    2.0724333419E+01
     43150,      0.676921,CP1_after_deposition,   1,    0.0000000000E+00,    2.0724333419E+01,    2.0724333419E+01,    0.0000000000E+00,    0.0000000000E+00,    0.0000000000E+00,    2.0724333419E+01
     43150,      0.676921,CP2_after_erosion,   1,    0.0000000000E+00,    2.0724333419E+01,    2.0724333419E+01,    0.0000000000E+00,    0.0000000000E+00,    0.0000000000E+00,    2.0724333419E+01
     43150,      0.676921,CP3_after_update_bottom,   1,    0.0000000000E+00,    2.0724333419E+01,    2.0724333419E+01,    0.0000000000E+00,    0.0000000000E+00,    0.0000000000E+00,    2.0724333419E+01
     43150,      0.676921,CP4_after_advection,   1,    0.0000000000E+00,    2.0724945607E+01,    2.0724945607E+01,    0.0000000000E+00,    0.0000000000E+00,    0.0000000000E+00,    2.0724945607E+01
     43150,      0.676921,CP5_after_vdif,   1,    0.0000000000E+00,    2.0724945607E+01,    2.0724945607E+01,    0.0000000000E+00,    0.0000000000E+00,    0.0000000000E+00,    2.0724945607E+01
     43150,      0.676921,CP6_after_kinetics,   1,    0.0000000000E+00,    2.0724945607E+01,    2.0724945607E+01,    0.0000000000E+00,    0.0000000000E+00,    0.0000000000E+00,    2.0724945607E+01
     43150,      0.676921,CP7_after_upper_clamp,   1,    0.0000000000E+00,    2.0724945607E+01,    2.0724945607E+01,    0.0000000000E+00,    0.0000000000E+00,    0.0000000000E+00,    2.0724945607E+01
     43150,      0.676921,CP8_after_OBC,   1,    0.0000000000E+00,    2.0724945607E+01,    2.0724945607E+01,    0.0000000000E+00,    0.0000000000E+00,    0.0000000000E+00,    2.0724945607E+01
     43150,      0.676921,CP9_after_PTsource,   1,    0.0000000000E+00,    2.0724945607E+01,    2.0724945607E+01,    0.0000000000E+00,    0.0000000000E+00,    0.0000000000E+00,    2.0724945607E+01
     43150,      0.676921,CP10_after_neg_clamp,   1,    0.0000000000E+00,    2.0724945607E+01,    2.0724945607E+01,    0.0000000000E+00,    0.0000000000E+00,    0.0000000000E+00,    2.0724945607E+01
     43150,      0.676921,CP11_after_MPI,   1,    0.0000000000E+00,    2.0724945607E+01,    2.0724945607E+01,    0.0000000000E+00,    0.0000000000E+00,    0.0000000000E+00,    2.0724945607E+01
     43150,      0.676921,CP12_end,   1,    0.0000000000E+00,    2.0724945607E+01,    2.0724945607E+01,    0.0000000000E+00,    0.0000000000E+00,    0.0000000000E+00,    2.0724945607E+01
     43200,      0.676921,CP0_start,   1,    0.0000000000E+00,    2.0770838791E+01,    2.0770838791E+01,    0.0000000000E+00,    0.0000000000E+00,    0.0000000000E+00,    2.0770838791E+01
     43200,      0.676921,CP1_after_deposition,   1,    0.0000000000E+00,    2.0770838791E+01,    2.0770838791E+01,    0.0000000000E+00,    0.0000000000E+00,    0.0000000000E+00,    2.0770838791E+01
     43200,      0.676921,CP2_after_erosion,   1,    0.0000000000E+00,    2.0770838791E+01,    2.0770838791E+01,    0.0000000000E+00,    0.0000000000E+00,    0.0000000000E+00,    2.0770838791E+01
     43200,      0.676921,CP3_after_update_bottom,   1,    0.0000000000E+00,    2.0770838791E+01,    2.0770838791E+01,    0.0000000000E+00,    0.0000000000E+00,    0.0000000000E+00,    2.0770838791E+01
     43200,      0.676921,CP4_after_advection,   1,    0.0000000000E+00,    2.0771439708E+01,    2.0771439708E+01,    0.0000000000E+00,    0.0000000000E+00,    0.0000000000E+00,    2.0771439708E+01
     43200,      0.676921,CP5_after_vdif,   1,    0.0000000000E+00,    2.0771439708E+01,    2.0771439708E+01,    0.0000000000E+00,    0.0000000000E+00,    0.0000000000E+00,    2.0771439708E+01
     43200,      0.676921,CP6_after_kinetics,   1,    0.0000000000E+00,    2.0771439708E+01,    2.0771439708E+01,    0.0000000000E+00,    0.0000000000E+00,    0.0000000000E+00,    2.0771439708E+01
     43200,      0.676921,CP7_after_upper_clamp,   1,    0.0000000000E+00,    2.0771439708E+01,    2.0771439708E+01,    0.0000000000E+00,    0.0000000000E+00,    0.0000000000E+00,    2.0771439708E+01
     43200,      0.676921,CP8_after_OBC,   1,    0.0000000000E+00,    2.0771439708E+01,    2.0771439708E+01,    0.0000000000E+00,    0.0000000000E+00,    0.0000000000E+00,    2.0771439708E+01
     43200,      0.676921,CP9_after_PTsource,   1,    0.0000000000E+00,    2.0771439708E+01,    2.0771439708E+01,    0.0000000000E+00,    0.0000000000E+00,    0.0000000000E+00,    2.0771439708E+01
     43200,      0.676921,CP10_after_neg_clamp,   1,    0.0000000000E+00,    2.0771439708E+01,    2.0771439708E+01,    0.0000000000E+00,    0.0000000000E+00,    0.0000000000E+00,    2.0771439708E+01
     43200,      0.676921,CP11_after_MPI,   1,    0.0000000000E+00,    2.0771439708E+01,    2.0771439708E+01,    0.0000000000E+00,    0.0000000000E+00,    0.0000000000E+00,    2.0771439708E+01
     43200,      0.676921,CP12_end,   1,    0.0000000000E+00,    2.0771439708E+01,    2.0771439708E+01,    0.0000000000E+00,    0.0000000000E+00,    0.0000000000E+00,    2.0771439708E+01
     43250,      0.676921,CP0_start,   1,    0.0000000000E+00,    2.0817377096E+01,    2.0817377096E+01,    0.0000000000E+00,    0.0000000000E+00,    0.0000000000E+00,    2.0817377096E+01
     43250,      0.676921,CP1_after_deposition,   1,    0.0000000000E+00,    2.0817377096E+01,    2.0817377096E+01,    0.0000000000E+00,    0.0000000000E+00,    0.0000000000E+00,    2.0817377096E+01
     43250,      0.676921,CP2_after_erosion,   1,    0.0000000000E+00,    2.0817377096E+01,    2.0817377096E+01,    0.0000000000E+00,    0.0000000000E+00,    0.0000000000E+00,    2.0817377096E+01
     43250,      0.676921,CP3_after_update_bottom,   1,    0.0000000000E+00,    2.0817377096E+01,    2.0817377096E+01,    0.0000000000E+00,    0.0000000000E+00,    0.0000000000E+00,    2.0817377096E+01
     43250,      0.676921,CP4_after_advection,   1,    0.0000000000E+00,    2.0817963974E+01,    2.0817963974E+01,    0.0000000000E+00,    0.0000000000E+00,    0.0000000000E+00,    2.0817963974E+01
     43250,      0.676921,CP5_after_vdif,   1,    0.0000000000E+00,    2.0817963974E+01,    2.0817963974E+01,    0.0000000000E+00,    0.0000000000E+00,    0.0000000000E+00,    2.0817963974E+01
     43250,      0.676921,CP6_after_kinetics,   1,    0.0000000000E+00,    2.0817963974E+01,    2.0817963974E+01,    0.0000000000E+00,    0.0000000000E+00,    0.0000000000E+00,    2.0817963974E+01
     43250,      0.676921,CP7_after_upper_clamp,   1,    0.0000000000E+00,    2.0817963974E+01,    2.0817963974E+01,    0.0000000000E+00,    0.0000000000E+00,    0.0000000000E+00,    2.0817963974E+01
     43250,      0.676921,CP8_after_OBC,   1,    0.0000000000E+00,    2.0817963974E+01,    2.0817963974E+01,    0.0000000000E+00,    0.0000000000E+00,    0.0000000000E+00,    2.0817963974E+01
     43250,      0.676921,CP9_after_PTsource,   1,    0.0000000000E+00,    2.0817963974E+01,    2.0817963974E+01,    0.0000000000E+00,    0.0000000000E+00,    0.0000000000E+00,    2.0817963974E+01
     43250,      0.676921,CP10_after_neg_clamp,   1,    0.0000000000E+00,    2.0817963974E+01,    2.0817963974E+01,    0.0000000000E+00,    0.0000000000E+00,    0.0000000000E+00,    2.0817963974E+01
     43250,      0.676921,CP11_after_MPI,   1,    0.0000000000E+00,    2.0817963974E+01,    2.0817963974E+01,    0.0000000000E+00,    0.0000000000E+00,    0.0000000000E+00,    2.0817963974E+01
     43250,      0.676921,CP12_end,   1,    0.0000000000E+00,    2.0817963974E+01,    2.0817963974E+01,    0.0000000000E+00,    0.0000000000E+00,    0.0000000000E+00,    2.0817963974E+01
     43300,      0.676921,CP0_start,   1,    0.0000000000E+00,    2.0863964313E+01,    2.0863964313E+01,    0.0000000000E+00,    0.0000000000E+00,    0.0000000000E+00,    2.0863964313E+01
     43300,      0.676921,CP1_after_deposition,   1,    0.0000000000E+00,    2.0863964313E+01,    2.0863964313E+01,    0.0000000000E+00,    0.0000000000E+00,    0.0000000000E+00,    2.0863964313E+01
     43300,      0.676921,CP2_after_erosion,   1,    0.0000000000E+00,    2.0863964313E+01,    2.0863964313E+01,    0.0000000000E+00,    0.0000000000E+00,    0.0000000000E+00,    2.0863964313E+01
     43300,      0.676921,CP3_after_update_bottom,   1,    0.0000000000E+00,    2.0863964313E+01,    2.0863964313E+01,    0.0000000000E+00,    0.0000000000E+00,    0.0000000000E+00,    2.0863964313E+01
     43300,      0.676921,CP4_after_advection,   1,    0.0000000000E+00,    2.0864536764E+01,    2.0864536764E+01,    0.0000000000E+00,    0.0000000000E+00,    0.0000000000E+00,    2.0864536764E+01
     43300,      0.676921,CP5_after_vdif,   1,    0.0000000000E+00,    2.0864536764E+01,    2.0864536764E+01,    0.0000000000E+00,    0.0000000000E+00,    0.0000000000E+00,    2.0864536764E+01
     43300,      0.676921,CP6_after_kinetics,   1,    0.0000000000E+00,    2.0864536764E+01,    2.0864536764E+01,    0.0000000000E+00,    0.0000000000E+00,    0.0000000000E+00,    2.0864536764E+01
     43300,      0.676921,CP7_after_upper_clamp,   1,    0.0000000000E+00,    2.0864536764E+01,    2.0864536764E+01,    0.0000000000E+00,    0.0000000000E+00,    0.0000000000E+00,    2.0864536764E+01
     43300,      0.676921,CP8_after_OBC,   1,    0.0000000000E+00,    2.0864536764E+01,    2.0864536764E+01,    0.0000000000E+00,    0.0000000000E+00,    0.0000000000E+00,    2.0864536764E+01
     43300,      0.676921,CP9_after_PTsource,   1,    0.0000000000E+00,    2.0864536764E+01,    2.0864536764E+01,    0.0000000000E+00,    0.0000000000E+00,    0.0000000000E+00,    2.0864536764E+01
     43300,      0.676921,CP10_after_neg_clamp,   1,    0.0000000000E+00,    2.0864536764E+01,    2.0864536764E+01,    0.0000000000E+00,    0.0000000000E+00,    0.0000000000E+00,    2.0864536764E+01
     43300,      0.676921,CP11_after_MPI,   1,    0.0000000000E+00,    2.0864536764E+01,    2.0864536764E+01,    0.0000000000E+00,    0.0000000000E+00,    0.0000000000E+00,    2.0864536764E+01
     43300,      0.676921,CP12_end,   1,    0.0000000000E+00,    2.0864536764E+01,    2.0864536764E+01,    0.0000000000E+00,    0.0000000000E+00,    0.0000000000E+00,    2.0864536764E+01
     43350,      0.676921,CP0_start,   1,    0.0000000000E+00,    2.0910573503E+01,    2.0910573503E+01,    0.0000000000E+00,    0.0000000000E+00,    0.0000000000E+00,    2.0910573503E+01
     43350,      0.676921,CP1_after_deposition,   1,    0.0000000000E+00,    2.0910573503E+01,    2.0910573503E+01,    0.0000000000E+00,    0.0000000000E+00,    0.0000000000E+00,    2.0910573503E+01
     43350,      0.676921,CP2_after_erosion,   1,    0.0000000000E+00,    2.0910573503E+01,    2.0910573503E+01,    0.0000000000E+00,    0.0000000000E+00,    0.0000000000E+00,    2.0910573503E+01
     43350,      0.676921,CP3_after_update_bottom,   1,    0.0000000000E+00,    2.0910573503E+01,    2.0910573503E+01,    0.0000000000E+00,    0.0000000000E+00,    0.0000000000E+00,    2.0910573503E+01
     43350,      0.676921,CP4_after_advection,   1,    0.0000000000E+00,    2.0911132315E+01,    2.0911132315E+01,    0.0000000000E+00,    0.0000000000E+00,    0.0000000000E+00,    2.0911132315E+01
     43350,      0.676921,CP5_after_vdif,   1,    0.0000000000E+00,    2.0911132315E+01,    2.0911132315E+01,    0.0000000000E+00,    0.0000000000E+00,    0.0000000000E+00,    2.0911132315E+01
     43350,      0.676921,CP6_after_kinetics,   1,    0.0000000000E+00,    2.0911132315E+01,    2.0911132315E+01,    0.0000000000E+00,    0.0000000000E+00,    0.0000000000E+00,    2.0911132315E+01
     43350,      0.676921,CP7_after_upper_clamp,   1,    0.0000000000E+00,    2.0911132315E+01,    2.0911132315E+01,    0.0000000000E+00,    0.0000000000E+00,    0.0000000000E+00,    2.0911132315E+01
     43350,      0.676921,CP8_after_OBC,   1,    0.0000000000E+00,    2.0911132315E+01,    2.0911132315E+01,    0.0000000000E+00,    0.0000000000E+00,    0.0000000000E+00,    2.0911132315E+01
     43350,      0.676921,CP9_after_PTsource,   1,    0.0000000000E+00,    2.0911132315E+01,    2.0911132315E+01,    0.0000000000E+00,    0.0000000000E+00,    0.0000000000E+00,    2.0911132315E+01
     43350,      0.676921,CP10_after_neg_clamp,   1,    0.0000000000E+00,    2.0911132315E+01,    2.0911132315E+01,    0.0000000000E+00,    0.0000000000E+00,    0.0000000000E+00,    2.0911132315E+01
     43350,      0.676921,CP11_after_MPI,   1,    0.0000000000E+00,    2.0911132315E+01,    2.0911132315E+01,    0.0000000000E+00,    0.0000000000E+00,    0.0000000000E+00,    2.0911132315E+01
     43350,      0.676921,CP12_end,   1,    0.0000000000E+00,    2.0911132315E+01,    2.0911132315E+01,    0.0000000000E+00,    0.0000000000E+00,    0.0000000000E+00,    2.0911132315E+01
     43400,      0.676921,CP0_start,   1,    0.0000000000E+00,    2.0957213859E+01,    2.0957213859E+01,    0.0000000000E+00,    0.0000000000E+00,    0.0000000000E+00,    2.0957213859E+01
     43400,      0.676921,CP1_after_deposition,   1,    0.0000000000E+00,    2.0957213859E+01,    2.0957213859E+01,    0.0000000000E+00,    0.0000000000E+00,    0.0000000000E+00,    2.0957213859E+01
     43400,      0.676921,CP2_after_erosion,   1,    0.0000000000E+00,    2.0957213859E+01,    2.0957213859E+01,    0.0000000000E+00,    0.0000000000E+00,    0.0000000000E+00,    2.0957213859E+01
     43400,      0.676921,CP3_after_update_bottom,   1,    0.0000000000E+00,    2.0957213859E+01,    2.0957213859E+01,    0.0000000000E+00,    0.0000000000E+00,    0.0000000000E+00,    2.0957213859E+01
     43400,      0.676921,CP4_after_advection,   1,    0.0000000000E+00,    2.0957760979E+01,    2.0957760979E+01,    0.0000000000E+00,    0.0000000000E+00,    0.0000000000E+00,    2.0957760979E+01
     43400,      0.676921,CP5_after_vdif,   1,    0.0000000000E+00,    2.0957760979E+01,    2.0957760979E+01,    0.0000000000E+00,    0.0000000000E+00,    0.0000000000E+00,    2.0957760979E+01
     43400,      0.676921,CP6_after_kinetics,   1,    0.0000000000E+00,    2.0957760979E+01,    2.0957760979E+01,    0.0000000000E+00,    0.0000000000E+00,    0.0000000000E+00,    2.0957760979E+01
     43400,      0.676921,CP7_after_upper_clamp,   1,    0.0000000000E+00,    2.0957760979E+01,    2.0957760979E+01,    0.0000000000E+00,    0.0000000000E+00,    0.0000000000E+00,    2.0957760979E+01
     43400,      0.676921,CP8_after_OBC,   1,    0.0000000000E+00,    2.0957760979E+01,    2.0957760979E+01,    0.0000000000E+00,    0.0000000000E+00,    0.0000000000E+00,    2.0957760979E+01
     43400,      0.676921,CP9_after_PTsource,   1,    0.0000000000E+00,    2.0957760979E+01,    2.0957760979E+01,    0.0000000000E+00,    0.0000000000E+00,    0.0000000000E+00,    2.0957760979E+01
     43400,      0.676921,CP10_after_neg_clamp,   1,    0.0000000000E+00,    2.0957760979E+01,    2.0957760979E+01,    0.0000000000E+00,    0.0000000000E+00,    0.0000000000E+00,    2.0957760979E+01
     43400,      0.676921,CP11_after_MPI,   1,    0.0000000000E+00,    2.0957760979E+01,    2.0957760979E+01,    0.0000000000E+00,    0.0000000000E+00,    0.0000000000E+00,    2.0957760979E+01
     43400,      0.676921,CP12_end,   1,    0.0000000000E+00,    2.0957760979E+01,    2.0957760979E+01,    0.0000000000E+00,    0.0000000000E+00,    0.0000000000E+00,    2.0957760979E+01
     43450,      0.676921,CP0_start,   1,    0.0000000000E+00,    2.1003893464E+01,    2.1003893464E+01,    0.0000000000E+00,    0.0000000000E+00,    0.0000000000E+00,    2.1003893464E+01
     43450,      0.676921,CP1_after_deposition,   1,    0.0000000000E+00,    2.1003893464E+01,    2.1003893464E+01,    0.0000000000E+00,    0.0000000000E+00,    0.0000000000E+00,    2.1003893464E+01
     43450,      0.676921,CP2_after_erosion,   1,    0.0000000000E+00,    2.1003893464E+01,    2.1003893464E+01,    0.0000000000E+00,    0.0000000000E+00,    0.0000000000E+00,    2.1003893464E+01
     43450,      0.676921,CP3_after_update_bottom,   1,    0.0000000000E+00,    2.1003893464E+01,    2.1003893464E+01,    0.0000000000E+00,    0.0000000000E+00,    0.0000000000E+00,    2.1003893464E+01
     43450,      0.676921,CP4_after_advection,   1,    0.0000000000E+00,    2.1004425718E+01,    2.1004425718E+01,    0.0000000000E+00,    0.0000000000E+00,    0.0000000000E+00,    2.1004425718E+01
     43450,      0.676921,CP5_after_vdif,   1,    0.0000000000E+00,    2.1004425718E+01,    2.1004425718E+01,    0.0000000000E+00,    0.0000000000E+00,    0.0000000000E+00,    2.1004425718E+01
     43450,      0.676921,CP6_after_kinetics,   1,    0.0000000000E+00,    2.1004425718E+01,    2.1004425718E+01,    0.0000000000E+00,    0.0000000000E+00,    0.0000000000E+00,    2.1004425718E+01
     43450,      0.676921,CP7_after_upper_clamp,   1,    0.0000000000E+00,    2.1004425718E+01,    2.1004425718E+01,    0.0000000000E+00,    0.0000000000E+00,    0.0000000000E+00,    2.1004425718E+01
     43450,      0.676921,CP8_after_OBC,   1,    0.0000000000E+00,    2.1004425718E+01,    2.1004425718E+01,    0.0000000000E+00,    0.0000000000E+00,    0.0000000000E+00,    2.1004425718E+01
     43450,      0.676921,CP9_after_PTsource,   1,    0.0000000000E+00,    2.1004425718E+01,    2.1004425718E+01,    0.0000000000E+00,    0.0000000000E+00,    0.0000000000E+00,    2.1004425718E+01
     43450,      0.676921,CP10_after_neg_clamp,   1,    0.0000000000E+00,    2.1004425718E+01,    2.1004425718E+01,    0.0000000000E+00,    0.0000000000E+00,    0.0000000000E+00,    2.1004425718E+01
     43450,      0.676921,CP11_after_MPI,   1,    0.0000000000E+00,    2.1004425718E+01,    2.1004425718E+01,    0.0000000000E+00,    0.0000000000E+00,    0.0000000000E+00,    2.1004425718E+01
     43450,      0.676921,CP12_end,   1,    0.0000000000E+00,    2.1004425718E+01,    2.1004425718E+01,    0.0000000000E+00,    0.0000000000E+00,    0.0000000000E+00,    2.1004425718E+01
     43500,      0.676921,CP0_start,   1,    0.0000000000E+00,    2.1050611478E+01,    2.1050611478E+01,    0.0000000000E+00,    0.0000000000E+00,    0.0000000000E+00,    2.1050611478E+01
     43500,      0.676921,CP1_after_deposition,   1,    0.0000000000E+00,    2.1050611478E+01,    2.1050611478E+01,    0.0000000000E+00,    0.0000000000E+00,    0.0000000000E+00,    2.1050611478E+01
     43500,      0.676921,CP2_after_erosion,   1,    0.0000000000E+00,    2.1050611478E+01,    2.1050611478E+01,    0.0000000000E+00,    0.0000000000E+00,    0.0000000000E+00,    2.1050611478E+01
     43500,      0.676921,CP3_after_update_bottom,   1,    0.0000000000E+00,    2.1050611478E+01,    2.1050611478E+01,    0.0000000000E+00,    0.0000000000E+00,    0.0000000000E+00,    2.1050611478E+01
     43500,      0.676921,CP4_after_advection,   1,    0.0000000000E+00,    2.1051128383E+01,    2.1051128383E+01,    0.0000000000E+00,    0.0000000000E+00,    0.0000000000E+00,    2.1051128383E+01
     43500,      0.676921,CP5_after_vdif,   1,    0.0000000000E+00,    2.1051128383E+01,    2.1051128383E+01,    0.0000000000E+00,    0.0000000000E+00,    0.0000000000E+00,    2.1051128383E+01
     43500,      0.676921,CP6_after_kinetics,   1,    0.0000000000E+00,    2.1051128383E+01,    2.1051128383E+01,    0.0000000000E+00,    0.0000000000E+00,    0.0000000000E+00,    2.1051128383E+01
     43500,      0.676921,CP7_after_upper_clamp,   1,    0.0000000000E+00,    2.1051128383E+01,    2.1051128383E+01,    0.0000000000E+00,    0.0000000000E+00,    0.0000000000E+00,    2.1051128383E+01
     43500,      0.676921,CP8_after_OBC,   1,    0.0000000000E+00,    2.1051128383E+01,    2.1051128383E+01,    0.0000000000E+00,    0.0000000000E+00,    0.0000000000E+00,    2.1051128383E+01
     43500,      0.676921,CP9_after_PTsource,   1,    0.0000000000E+00,    2.1051128383E+01,    2.1051128383E+01,    0.0000000000E+00,    0.0000000000E+00,    0.0000000000E+00,    2.1051128383E+01
     43500,      0.676921,CP10_after_neg_clamp,   1,    0.0000000000E+00,    2.1051128383E+01,    2.1051128383E+01,    0.0000000000E+00,    0.0000000000E+00,    0.0000000000E+00,    2.1051128383E+01
     43500,      0.676921,CP11_after_MPI,   1,    0.0000000000E+00,    2.1051128383E+01,    2.1051128383E+01,    0.0000000000E+00,    0.0000000000E+00,    0.0000000000E+00,    2.1051128383E+01
     43500,      0.676921,CP12_end,   1,    0.0000000000E+00,    2.1051128383E+01,    2.1051128383E+01,    0.0000000000E+00,    0.0000000000E+00,    0.0000000000E+00,    2.1051128383E+01
     43550,      0.676921,CP0_start,   1,    0.0000000000E+00,    2.1097357892E+01,    2.1097357892E+01,    0.0000000000E+00,    0.0000000000E+00,    0.0000000000E+00,    2.1097357892E+01
     43550,      0.676921,CP1_after_deposition,   1,    0.0000000000E+00,    2.1097357892E+01,    2.1097357892E+01,    0.0000000000E+00,    0.0000000000E+00,    0.0000000000E+00,    2.1097357892E+01
     43550,      0.676921,CP2_after_erosion,   1,    0.0000000000E+00,    2.1097357892E+01,    2.1097357892E+01,    0.0000000000E+00,    0.0000000000E+00,    0.0000000000E+00,    2.1097357892E+01
     43550,      0.676921,CP3_after_update_bottom,   1,    0.0000000000E+00,    2.1097357892E+01,    2.1097357892E+01,    0.0000000000E+00,    0.0000000000E+00,    0.0000000000E+00,    2.1097357892E+01
     43550,      0.676921,CP4_after_advection,   1,    0.0000000000E+00,    2.1097858359E+01,    2.1097858359E+01,    0.0000000000E+00,    0.0000000000E+00,    0.0000000000E+00,    2.1097858359E+01
     43550,      0.676921,CP5_after_vdif,   1,    0.0000000000E+00,    2.1097858359E+01,    2.1097858359E+01,    0.0000000000E+00,    0.0000000000E+00,    0.0000000000E+00,    2.1097858359E+01
     43550,      0.676921,CP6_after_kinetics,   1,    0.0000000000E+00,    2.1097858359E+01,    2.1097858359E+01,    0.0000000000E+00,    0.0000000000E+00,    0.0000000000E+00,    2.1097858359E+01
     43550,      0.676921,CP7_after_upper_clamp,   1,    0.0000000000E+00,    2.1097858359E+01,    2.1097858359E+01,    0.0000000000E+00,    0.0000000000E+00,    0.0000000000E+00,    2.1097858359E+01
     43550,      0.676921,CP8_after_OBC,   1,    0.0000000000E+00,    2.1097858359E+01,    2.1097858359E+01,    0.0000000000E+00,    0.0000000000E+00,    0.0000000000E+00,    2.1097858359E+01
     43550,      0.676921,CP9_after_PTsource,   1,    0.0000000000E+00,    2.1097858359E+01,    2.1097858359E+01,    0.0000000000E+00,    0.0000000000E+00,    0.0000000000E+00,    2.1097858359E+01
     43550,      0.676921,CP10_after_neg_clamp,   1,    0.0000000000E+00,    2.1097858359E+01,    2.1097858359E+01,    0.0000000000E+00,    0.0000000000E+00,    0.0000000000E+00,    2.1097858359E+01
     43550,      0.676921,CP11_after_MPI,   1,    0.0000000000E+00,    2.1097858359E+01,    2.1097858359E+01,    0.0000000000E+00,    0.0000000000E+00,    0.0000000000E+00,    2.1097858359E+01
     43550,      0.676921,CP12_end,   1,    0.0000000000E+00,    2.1097858359E+01,    2.1097858359E+01,    0.0000000000E+00,    0.0000000000E+00,    0.0000000000E+00,    2.1097858359E+01
     43600,      0.676921,CP0_start,   1,    0.0000000000E+00,    2.1144140407E+01,    2.1144140407E+01,    0.0000000000E+00,    0.0000000000E+00,    0.0000000000E+00,    2.1144140407E+01
     43600,      0.676921,CP1_after_deposition,   1,    0.0000000000E+00,    2.1144140407E+01,    2.1144140407E+01,    0.0000000000E+00,    0.0000000000E+00,    0.0000000000E+00,    2.1144140407E+01
     43600,      0.676921,CP2_after_erosion,   1,    0.0000000000E+00,    2.1144140407E+01,    2.1144140407E+01,    0.0000000000E+00,    0.0000000000E+00,    0.0000000000E+00,    2.1144140407E+01
     43600,      0.676921,CP3_after_update_bottom,   1,    0.0000000000E+00,    2.1144140407E+01,    2.1144140407E+01,    0.0000000000E+00,    0.0000000000E+00,    0.0000000000E+00,    2.1144140407E+01
     43600,      0.676921,CP4_after_advection,   1,    0.0000000000E+00,    2.1144624413E+01,    2.1144624413E+01,    0.0000000000E+00,    0.0000000000E+00,    0.0000000000E+00,    2.1144624413E+01
     43600,      0.676921,CP5_after_vdif,   1,    0.0000000000E+00,    2.1144624413E+01,    2.1144624413E+01,    0.0000000000E+00,    0.0000000000E+00,    0.0000000000E+00,    2.1144624413E+01
     43600,      0.676921,CP6_after_kinetics,   1,    0.0000000000E+00,    2.1144624413E+01,    2.1144624413E+01,    0.0000000000E+00,    0.0000000000E+00,    0.0000000000E+00,    2.1144624413E+01
     43600,      0.676921,CP7_after_upper_clamp,   1,    0.0000000000E+00,    2.1144624413E+01,    2.1144624413E+01,    0.0000000000E+00,    0.0000000000E+00,    0.0000000000E+00,    2.1144624413E+01
     43600,      0.676921,CP8_after_OBC,   1,    0.0000000000E+00,    2.1144624413E+01,    2.1144624413E+01,    0.0000000000E+00,    0.0000000000E+00,    0.0000000000E+00,    2.1144624413E+01
     43600,      0.676921,CP9_after_PTsource,   1,    0.0000000000E+00,    2.1144624413E+01,    2.1144624413E+01,    0.0000000000E+00,    0.0000000000E+00,    0.0000000000E+00,    2.1144624413E+01
     43600,      0.676921,CP10_after_neg_clamp,   1,    0.0000000000E+00,    2.1144624413E+01,    2.1144624413E+01,    0.0000000000E+00,    0.0000000000E+00,    0.0000000000E+00,    2.1144624413E+01
     43600,      0.676921,CP11_after_MPI,   1,    0.0000000000E+00,    2.1144624413E+01,    2.1144624413E+01,    0.0000000000E+00,    0.0000000000E+00,    0.0000000000E+00,    2.1144624413E+01
     43600,      0.676921,CP12_end,   1,    0.0000000000E+00,    2.1144624413E+01,    2.1144624413E+01,    0.0000000000E+00,    0.0000000000E+00,    0.0000000000E+00,    2.1144624413E+01
     43650,      0.676921,CP0_start,   1,    0.0000000000E+00,    2.1190956913E+01,    2.1190956913E+01,    0.0000000000E+00,    0.0000000000E+00,    0.0000000000E+00,    2.1190956913E+01
     43650,      0.676921,CP1_after_deposition,   1,    0.0000000000E+00,    2.1190956913E+01,    2.1190956913E+01,    0.0000000000E+00,    0.0000000000E+00,    0.0000000000E+00,    2.1190956913E+01
     43650,      0.676921,CP2_after_erosion,   1,    0.0000000000E+00,    2.1190956913E+01,    2.1190956913E+01,    0.0000000000E+00,    0.0000000000E+00,    0.0000000000E+00,    2.1190956913E+01
     43650,      0.676921,CP3_after_update_bottom,   1,    0.0000000000E+00,    2.1190956913E+01,    2.1190956913E+01,    0.0000000000E+00,    0.0000000000E+00,    0.0000000000E+00,    2.1190956913E+01
     43650,      0.676921,CP4_after_advection,   1,    0.0000000000E+00,    2.1191426425E+01,    2.1191426425E+01,    0.0000000000E+00,    0.0000000000E+00,    0.0000000000E+00,    2.1191426425E+01
     43650,      0.676921,CP5_after_vdif,   1,    0.0000000000E+00,    2.1191426425E+01,    2.1191426425E+01,    0.0000000000E+00,    0.0000000000E+00,    0.0000000000E+00,    2.1191426425E+01
     43650,      0.676921,CP6_after_kinetics,   1,    0.0000000000E+00,    2.1191426425E+01,    2.1191426425E+01,    0.0000000000E+00,    0.0000000000E+00,    0.0000000000E+00,    2.1191426425E+01
     43650,      0.676921,CP7_after_upper_clamp,   1,    0.0000000000E+00,    2.1191426425E+01,    2.1191426425E+01,    0.0000000000E+00,    0.0000000000E+00,    0.0000000000E+00,    2.1191426425E+01
     43650,      0.676921,CP8_after_OBC,   1,    0.0000000000E+00,    2.1191426425E+01,    2.1191426425E+01,    0.0000000000E+00,    0.0000000000E+00,    0.0000000000E+00,    2.1191426425E+01
     43650,      0.676921,CP9_after_PTsource,   1,    0.0000000000E+00,    2.1191426425E+01,    2.1191426425E+01,    0.0000000000E+00,    0.0000000000E+00,    0.0000000000E+00,    2.1191426425E+01
     43650,      0.676921,CP10_after_neg_clamp,   1,    0.0000000000E+00,    2.1191426425E+01,    2.1191426425E+01,    0.0000000000E+00,    0.0000000000E+00,    0.0000000000E+00,    2.1191426425E+01
     43650,      0.676921,CP11_after_MPI,   1,    0.0000000000E+00,    2.1191426425E+01,    2.1191426425E+01,    0.0000000000E+00,    0.0000000000E+00,    0.0000000000E+00,    2.1191426425E+01
     43650,      0.676921,CP12_end,   1,    0.0000000000E+00,    2.1191426425E+01,    2.1191426425E+01,    0.0000000000E+00,    0.0000000000E+00,    0.0000000000E+00,    2.1191426425E+01
     43700,      0.676921,CP0_start,   1,    0.0000000000E+00,    2.1237801427E+01,    2.1237801427E+01,    0.0000000000E+00,    0.0000000000E+00,    0.0000000000E+00,    2.1237801427E+01
     43700,      0.676921,CP1_after_deposition,   1,    0.0000000000E+00,    2.1237801427E+01,    2.1237801427E+01,    0.0000000000E+00,    0.0000000000E+00,    0.0000000000E+00,    2.1237801427E+01
     43700,      0.676921,CP2_after_erosion,   1,    0.0000000000E+00,    2.1237801427E+01,    2.1237801427E+01,    0.0000000000E+00,    0.0000000000E+00,    0.0000000000E+00,    2.1237801427E+01
     43700,      0.676921,CP3_after_update_bottom,   1,    0.0000000000E+00,    2.1237801427E+01,    2.1237801427E+01,    0.0000000000E+00,    0.0000000000E+00,    0.0000000000E+00,    2.1237801427E+01
     43700,      0.676921,CP4_after_advection,   1,    0.0000000000E+00,    2.1238256531E+01,    2.1238256531E+01,    0.0000000000E+00,    0.0000000000E+00,    0.0000000000E+00,    2.1238256531E+01
     43700,      0.676921,CP5_after_vdif,   1,    0.0000000000E+00,    2.1238256531E+01,    2.1238256531E+01,    0.0000000000E+00,    0.0000000000E+00,    0.0000000000E+00,    2.1238256531E+01
     43700,      0.676921,CP6_after_kinetics,   1,    0.0000000000E+00,    2.1238256531E+01,    2.1238256531E+01,    0.0000000000E+00,    0.0000000000E+00,    0.0000000000E+00,    2.1238256531E+01
     43700,      0.676921,CP7_after_upper_clamp,   1,    0.0000000000E+00,    2.1238256531E+01,    2.1238256531E+01,    0.0000000000E+00,    0.0000000000E+00,    0.0000000000E+00,    2.1238256531E+01
     43700,      0.676921,CP8_after_OBC,   1,    0.0000000000E+00,    2.1238256531E+01,    2.1238256531E+01,    0.0000000000E+00,    0.0000000000E+00,    0.0000000000E+00,    2.1238256531E+01
     43700,      0.676921,CP9_after_PTsource,   1,    0.0000000000E+00,    2.1238256531E+01,    2.1238256531E+01,    0.0000000000E+00,    0.0000000000E+00,    0.0000000000E+00,    2.1238256531E+01
     43700,      0.676921,CP10_after_neg_clamp,   1,    0.0000000000E+00,    2.1238256531E+01,    2.1238256531E+01,    0.0000000000E+00,    0.0000000000E+00,    0.0000000000E+00,    2.1238256531E+01
     43700,      0.676921,CP11_after_MPI,   1,    0.0000000000E+00,    2.1238256531E+01,    2.1238256531E+01,    0.0000000000E+00,    0.0000000000E+00,    0.0000000000E+00,    2.1238256531E+01
     43700,      0.676921,CP12_end,   1,    0.0000000000E+00,    2.1238256531E+01,    2.1238256531E+01,    0.0000000000E+00,    0.0000000000E+00,    0.0000000000E+00,    2.1238256531E+01
     43750,      0.676921,CP0_start,   1,    0.0000000000E+00,    2.1284691130E+01,    2.1284691130E+01,    0.0000000000E+00,    0.0000000000E+00,    0.0000000000E+00,    2.1284691130E+01
     43750,      0.676921,CP1_after_deposition,   1,    0.0000000000E+00,    2.1284691130E+01,    2.1284691130E+01,    0.0000000000E+00,    0.0000000000E+00,    0.0000000000E+00,    2.1284691130E+01
     43750,      0.676921,CP2_after_erosion,   1,    0.0000000000E+00,    2.1284691130E+01,    2.1284691130E+01,    0.0000000000E+00,    0.0000000000E+00,    0.0000000000E+00,    2.1284691130E+01
     43750,      0.676921,CP3_after_update_bottom,   1,    0.0000000000E+00,    2.1284691130E+01,    2.1284691130E+01,    0.0000000000E+00,    0.0000000000E+00,    0.0000000000E+00,    2.1284691130E+01
     43750,      0.676921,CP4_after_advection,   1,    0.0000000000E+00,    2.1285130992E+01,    2.1285130992E+01,    0.0000000000E+00,    0.0000000000E+00,    0.0000000000E+00,    2.1285130992E+01
     43750,      0.676921,CP5_after_vdif,   1,    0.0000000000E+00,    2.1285130992E+01,    2.1285130992E+01,    0.0000000000E+00,    0.0000000000E+00,    0.0000000000E+00,    2.1285130992E+01
     43750,      0.676921,CP6_after_kinetics,   1,    0.0000000000E+00,    2.1285130992E+01,    2.1285130992E+01,    0.0000000000E+00,    0.0000000000E+00,    0.0000000000E+00,    2.1285130992E+01
     43750,      0.676921,CP7_after_upper_clamp,   1,    0.0000000000E+00,    2.1285130992E+01,    2.1285130992E+01,    0.0000000000E+00,    0.0000000000E+00,    0.0000000000E+00,    2.1285130992E+01
     43750,      0.676921,CP8_after_OBC,   1,    0.0000000000E+00,    2.1285130992E+01,    2.1285130992E+01,    0.0000000000E+00,    0.0000000000E+00,    0.0000000000E+00,    2.1285130992E+01
     43750,      0.676921,CP9_after_PTsource,   1,    0.0000000000E+00,    2.1285130992E+01,    2.1285130992E+01,    0.0000000000E+00,    0.0000000000E+00,    0.0000000000E+00,    2.1285130992E+01
     43750,      0.676921,CP10_after_neg_clamp,   1,    0.0000000000E+00,    2.1285130992E+01,    2.1285130992E+01,    0.0000000000E+00,    0.0000000000E+00,    0.0000000000E+00,    2.1285130992E+01
     43750,      0.676921,CP11_after_MPI,   1,    0.0000000000E+00,    2.1285130992E+01,    2.1285130992E+01,    0.0000000000E+00,    0.0000000000E+00,    0.0000000000E+00,    2.1285130992E+01
     43750,      0.676921,CP12_end,   1,    0.0000000000E+00,    2.1285130992E+01,    2.1285130992E+01,    0.0000000000E+00,    0.0000000000E+00,    0.0000000000E+00,    2.1285130992E+01
     43800,      0.676921,CP0_start,   1,    0.0000000000E+00,    2.1331630071E+01,    2.1331630071E+01,    0.0000000000E+00,    0.0000000000E+00,    0.0000000000E+00,    2.1331630071E+01
     43800,      0.676921,CP1_after_deposition,   1,    0.0000000000E+00,    2.1331630071E+01,    2.1331630071E+01,    0.0000000000E+00,    0.0000000000E+00,    0.0000000000E+00,    2.1331630071E+01
     43800,      0.676921,CP2_after_erosion,   1,    0.0000000000E+00,    2.1331630071E+01,    2.1331630071E+01,    0.0000000000E+00,    0.0000000000E+00,    0.0000000000E+00,    2.1331630071E+01
     43800,      0.676921,CP3_after_update_bottom,   1,    0.0000000000E+00,    2.1331630071E+01,    2.1331630071E+01,    0.0000000000E+00,    0.0000000000E+00,    0.0000000000E+00,    2.1331630071E+01
     43800,      0.676921,CP4_after_advection,   1,    0.0000000000E+00,    2.1332054672E+01,    2.1332054672E+01,    0.0000000000E+00,    0.0000000000E+00,    0.0000000000E+00,    2.1332054672E+01
     43800,      0.676921,CP5_after_vdif,   1,    0.0000000000E+00,    2.1332054672E+01,    2.1332054672E+01,    0.0000000000E+00,    0.0000000000E+00,    0.0000000000E+00,    2.1332054672E+01
     43800,      0.676921,CP6_after_kinetics,   1,    0.0000000000E+00,    2.1332054672E+01,    2.1332054672E+01,    0.0000000000E+00,    0.0000000000E+00,    0.0000000000E+00,    2.1332054672E+01
     43800,      0.676921,CP7_after_upper_clamp,   1,    0.0000000000E+00,    2.1332054672E+01,    2.1332054672E+01,    0.0000000000E+00,    0.0000000000E+00,    0.0000000000E+00,    2.1332054672E+01
     43800,      0.676921,CP8_after_OBC,   1,    0.0000000000E+00,    2.1332054672E+01,    2.1332054672E+01,    0.0000000000E+00,    0.0000000000E+00,    0.0000000000E+00,    2.1332054672E+01
     43800,      0.676921,CP9_after_PTsource,   1,    0.0000000000E+00,    2.1332054672E+01,    2.1332054672E+01,    0.0000000000E+00,    0.0000000000E+00,    0.0000000000E+00,    2.1332054672E+01
     43800,      0.676921,CP10_after_neg_clamp,   1,    0.0000000000E+00,    2.1332054672E+01,    2.1332054672E+01,    0.0000000000E+00,    0.0000000000E+00,    0.0000000000E+00,    2.1332054672E+01
     43800,      0.676921,CP11_after_MPI,   1,    0.0000000000E+00,    2.1332054672E+01,    2.1332054672E+01,    0.0000000000E+00,    0.0000000000E+00,    0.0000000000E+00,    2.1332054672E+01
     43800,      0.676921,CP12_end,   1,    0.0000000000E+00,    2.1332054672E+01,    2.1332054672E+01,    0.0000000000E+00,    0.0000000000E+00,    0.0000000000E+00,    2.1332054672E+01
     43850,      0.676921,CP0_start,   1,    0.0000000000E+00,    2.1378601737E+01,    2.1378601737E+01,    0.0000000000E+00,    0.0000000000E+00,    0.0000000000E+00,    2.1378601737E+01
     43850,      0.676921,CP1_after_deposition,   1,    0.0000000000E+00,    2.1378601737E+01,    2.1378601737E+01,    0.0000000000E+00,    0.0000000000E+00,    0.0000000000E+00,    2.1378601737E+01
     43850,      0.676921,CP2_after_erosion,   1,    0.0000000000E+00,    2.1378601737E+01,    2.1378601737E+01,    0.0000000000E+00,    0.0000000000E+00,    0.0000000000E+00,    2.1378601737E+01
     43850,      0.676921,CP3_after_update_bottom,   1,    0.0000000000E+00,    2.1378601737E+01,    2.1378601737E+01,    0.0000000000E+00,    0.0000000000E+00,    0.0000000000E+00,    2.1378601737E+01
     43850,      0.676921,CP4_after_advection,   1,    0.0000000000E+00,    2.1379011894E+01,    2.1379011894E+01,    0.0000000000E+00,    0.0000000000E+00,    0.0000000000E+00,    2.1379011894E+01
     43850,      0.676921,CP5_after_vdif,   1,    0.0000000000E+00,    2.1379011894E+01,    2.1379011894E+01,    0.0000000000E+00,    0.0000000000E+00,    0.0000000000E+00,    2.1379011894E+01
     43850,      0.676921,CP6_after_kinetics,   1,    0.0000000000E+00,    2.1379011894E+01,    2.1379011894E+01,    0.0000000000E+00,    0.0000000000E+00,    0.0000000000E+00,    2.1379011894E+01
     43850,      0.676921,CP7_after_upper_clamp,   1,    0.0000000000E+00,    2.1379011894E+01,    2.1379011894E+01,    0.0000000000E+00,    0.0000000000E+00,    0.0000000000E+00,    2.1379011894E+01
     43850,      0.676921,CP8_after_OBC,   1,    0.0000000000E+00,    2.1379011894E+01,    2.1379011894E+01,    0.0000000000E+00,    0.0000000000E+00,    0.0000000000E+00,    2.1379011894E+01
     43850,      0.676921,CP9_after_PTsource,   1,    0.0000000000E+00,    2.1379011894E+01,    2.1379011894E+01,    0.0000000000E+00,    0.0000000000E+00,    0.0000000000E+00,    2.1379011894E+01
     43850,      0.676921,CP10_after_neg_clamp,   1,    0.0000000000E+00,    2.1379011894E+01,    2.1379011894E+01,    0.0000000000E+00,    0.0000000000E+00,    0.0000000000E+00,    2.1379011894E+01
     43850,      0.676921,CP11_after_MPI,   1,    0.0000000000E+00,    2.1379011894E+01,    2.1379011894E+01,    0.0000000000E+00,    0.0000000000E+00,    0.0000000000E+00,    2.1379011894E+01
     43850,      0.676921,CP12_end,   1,    0.0000000000E+00,    2.1379011894E+01,    2.1379011894E+01,    0.0000000000E+00,    0.0000000000E+00,    0.0000000000E+00,    2.1379011894E+01
     43900,      0.676921,CP0_start,   1,    0.0000000000E+00,    2.1425613752E+01,    2.1425613752E+01,    0.0000000000E+00,    0.0000000000E+00,    0.0000000000E+00,    2.1425613752E+01
     43900,      0.676921,CP1_after_deposition,   1,    0.0000000000E+00,    2.1425613752E+01,    2.1425613752E+01,    0.0000000000E+00,    0.0000000000E+00,    0.0000000000E+00,    2.1425613752E+01
     43900,      0.676921,CP2_after_erosion,   1,    0.0000000000E+00,    2.1425613752E+01,    2.1425613752E+01,    0.0000000000E+00,    0.0000000000E+00,    0.0000000000E+00,    2.1425613752E+01
     43900,      0.676921,CP3_after_update_bottom,   1,    0.0000000000E+00,    2.1425613752E+01,    2.1425613752E+01,    0.0000000000E+00,    0.0000000000E+00,    0.0000000000E+00,    2.1425613752E+01
     43900,      0.676921,CP4_after_advection,   1,    0.0000000000E+00,    2.1426007844E+01,    2.1426007844E+01,    0.0000000000E+00,    0.0000000000E+00,    0.0000000000E+00,    2.1426007844E+01
     43900,      0.676921,CP5_after_vdif,   1,    0.0000000000E+00,    2.1426007844E+01,    2.1426007844E+01,    0.0000000000E+00,    0.0000000000E+00,    0.0000000000E+00,    2.1426007844E+01
     43900,      0.676921,CP6_after_kinetics,   1,    0.0000000000E+00,    2.1426007844E+01,    2.1426007844E+01,    0.0000000000E+00,    0.0000000000E+00,    0.0000000000E+00,    2.1426007844E+01
     43900,      0.676921,CP7_after_upper_clamp,   1,    0.0000000000E+00,    2.1426007844E+01,    2.1426007844E+01,    0.0000000000E+00,    0.0000000000E+00,    0.0000000000E+00,    2.1426007844E+01
     43900,      0.676921,CP8_after_OBC,   1,    0.0000000000E+00,    2.1426007844E+01,    2.1426007844E+01,    0.0000000000E+00,    0.0000000000E+00,    0.0000000000E+00,    2.1426007844E+01
     43900,      0.676921,CP9_after_PTsource,   1,    0.0000000000E+00,    2.1426007844E+01,    2.1426007844E+01,    0.0000000000E+00,    0.0000000000E+00,    0.0000000000E+00,    2.1426007844E+01
     43900,      0.676921,CP10_after_neg_clamp,   1,    0.0000000000E+00,    2.1426007844E+01,    2.1426007844E+01,    0.0000000000E+00,    0.0000000000E+00,    0.0000000000E+00,    2.1426007844E+01
     43900,      0.676921,CP11_after_MPI,   1,    0.0000000000E+00,    2.1426007844E+01,    2.1426007844E+01,    0.0000000000E+00,    0.0000000000E+00,    0.0000000000E+00,    2.1426007844E+01
     43900,      0.676921,CP12_end,   1,    0.0000000000E+00,    2.1426007844E+01,    2.1426007844E+01,    0.0000000000E+00,    0.0000000000E+00,    0.0000000000E+00,    2.1426007844E+01
     43950,      0.676921,CP0_start,   1,    0.0000000000E+00,    2.1472678003E+01,    2.1472678003E+01,    0.0000000000E+00,    0.0000000000E+00,    0.0000000000E+00,    2.1472678003E+01
     43950,      0.676921,CP1_after_deposition,   1,    0.0000000000E+00,    2.1472678003E+01,    2.1472678003E+01,    0.0000000000E+00,    0.0000000000E+00,    0.0000000000E+00,    2.1472678003E+01
     43950,      0.676921,CP2_after_erosion,   1,    0.0000000000E+00,    2.1472678003E+01,    2.1472678003E+01,    0.0000000000E+00,    0.0000000000E+00,    0.0000000000E+00,    2.1472678003E+01
     43950,      0.676921,CP3_after_update_bottom,   1,    0.0000000000E+00,    2.1472678003E+01,    2.1472678003E+01,    0.0000000000E+00,    0.0000000000E+00,    0.0000000000E+00,    2.1472678003E+01
     43950,      0.676921,CP4_after_advection,   1,    0.0000000000E+00,    2.1473057018E+01,    2.1473057018E+01,    0.0000000000E+00,    0.0000000000E+00,    0.0000000000E+00,    2.1473057018E+01
     43950,      0.676921,CP5_after_vdif,   1,    0.0000000000E+00,    2.1473057018E+01,    2.1473057018E+01,    0.0000000000E+00,    0.0000000000E+00,    0.0000000000E+00,    2.1473057018E+01
     43950,      0.676921,CP6_after_kinetics,   1,    0.0000000000E+00,    2.1473057018E+01,    2.1473057018E+01,    0.0000000000E+00,    0.0000000000E+00,    0.0000000000E+00,    2.1473057018E+01
     43950,      0.676921,CP7_after_upper_clamp,   1,    0.0000000000E+00,    2.1473057018E+01,    2.1473057018E+01,    0.0000000000E+00,    0.0000000000E+00,    0.0000000000E+00,    2.1473057018E+01
     43950,      0.676921,CP8_after_OBC,   1,    0.0000000000E+00,    2.1473057018E+01,    2.1473057018E+01,    0.0000000000E+00,    0.0000000000E+00,    0.0000000000E+00,    2.1473057018E+01
     43950,      0.676921,CP9_after_PTsource,   1,    0.0000000000E+00,    2.1473057018E+01,    2.1473057018E+01,    0.0000000000E+00,    0.0000000000E+00,    0.0000000000E+00,    2.1473057018E+01
     43950,      0.676921,CP10_after_neg_clamp,   1,    0.0000000000E+00,    2.1473057018E+01,    2.1473057018E+01,    0.0000000000E+00,    0.0000000000E+00,    0.0000000000E+00,    2.1473057018E+01
     43950,      0.676921,CP11_after_MPI,   1,    0.0000000000E+00,    2.1473057018E+01,    2.1473057018E+01,    0.0000000000E+00,    0.0000000000E+00,    0.0000000000E+00,    2.1473057018E+01
     43950,      0.676921,CP12_end,   1,    0.0000000000E+00,    2.1473057018E+01,    2.1473057018E+01,    0.0000000000E+00,    0.0000000000E+00,    0.0000000000E+00,    2.1473057018E+01
     44000,      0.676922,CP0_start,   1,    0.0000000000E+00,    2.1519792086E+01,    2.1519792086E+01,    0.0000000000E+00,    0.0000000000E+00,    0.0000000000E+00,    2.1519792086E+01
     44000,      0.676922,CP1_after_deposition,   1,    0.0000000000E+00,    2.1519792086E+01,    2.1519792086E+01,    0.0000000000E+00,    0.0000000000E+00,    0.0000000000E+00,    2.1519792086E+01
     44000,      0.676922,CP2_after_erosion,   1,    0.0000000000E+00,    2.1519792086E+01,    2.1519792086E+01,    0.0000000000E+00,    0.0000000000E+00,    0.0000000000E+00,    2.1519792086E+01
     44000,      0.676922,CP3_after_update_bottom,   1,    0.0000000000E+00,    2.1519792086E+01,    2.1519792086E+01,    0.0000000000E+00,    0.0000000000E+00,    0.0000000000E+00,    2.1519792086E+01
     44000,      0.676922,CP4_after_advection,   1,    0.0000000000E+00,    2.1520156588E+01,    2.1520156588E+01,    0.0000000000E+00,    0.0000000000E+00,    0.0000000000E+00,    2.1520156588E+01
     44000,      0.676922,CP5_after_vdif,   1,    0.0000000000E+00,    2.1520156588E+01,    2.1520156588E+01,    0.0000000000E+00,    0.0000000000E+00,    0.0000000000E+00,    2.1520156588E+01
     44000,      0.676922,CP6_after_kinetics,   1,    0.0000000000E+00,    2.1520156588E+01,    2.1520156588E+01,    0.0000000000E+00,    0.0000000000E+00,    0.0000000000E+00,    2.1520156588E+01
     44000,      0.676922,CP7_after_upper_clamp,   1,    0.0000000000E+00,    2.1520156588E+01,    2.1520156588E+01,    0.0000000000E+00,    0.0000000000E+00,    0.0000000000E+00,    2.1520156588E+01
     44000,      0.676922,CP8_after_OBC,   1,    0.0000000000E+00,    2.1520156588E+01,    2.1520156588E+01,    0.0000000000E+00,    0.0000000000E+00,    0.0000000000E+00,    2.1520156588E+01
     44000,      0.676922,CP9_after_PTsource,   1,    0.0000000000E+00,    2.1520156588E+01,    2.1520156588E+01,    0.0000000000E+00,    0.0000000000E+00,    0.0000000000E+00,    2.1520156588E+01
     44000,      0.676922,CP10_after_neg_clamp,   1,    0.0000000000E+00,    2.1520156588E+01,    2.1520156588E+01,    0.0000000000E+00,    0.0000000000E+00,    0.0000000000E+00,    2.1520156588E+01
     44000,      0.676922,CP11_after_MPI,   1,    0.0000000000E+00,    2.1520156588E+01,    2.1520156588E+01,    0.0000000000E+00,    0.0000000000E+00,    0.0000000000E+00,    2.1520156588E+01
     44000,      0.676922,CP12_end,   1,    0.0000000000E+00,    2.1520156588E+01,    2.1520156588E+01,    0.0000000000E+00,    0.0000000000E+00,    0.0000000000E+00,    2.1520156588E+01
     44050,      0.676922,CP0_start,   1,    0.0000000000E+00,    2.1566948256E+01,    2.1566948256E+01,    0.0000000000E+00,    0.0000000000E+00,    0.0000000000E+00,    2.1566948256E+01
     44050,      0.676922,CP1_after_deposition,   1,    0.0000000000E+00,    2.1566948256E+01,    2.1566948256E+01,    0.0000000000E+00,    0.0000000000E+00,    0.0000000000E+00,    2.1566948256E+01
     44050,      0.676922,CP2_after_erosion,   1,    0.0000000000E+00,    2.1566948256E+01,    2.1566948256E+01,    0.0000000000E+00,    0.0000000000E+00,    0.0000000000E+00,    2.1566948256E+01
     44050,      0.676922,CP3_after_update_bottom,   1,    0.0000000000E+00,    2.1566948256E+01,    2.1566948256E+01,    0.0000000000E+00,    0.0000000000E+00,    0.0000000000E+00,    2.1566948256E+01
     44050,      0.676922,CP4_after_advection,   1,    0.0000000000E+00,    2.1567299365E+01,    2.1567299365E+01,    0.0000000000E+00,    0.0000000000E+00,    0.0000000000E+00,    2.1567299365E+01
     44050,      0.676922,CP5_after_vdif,   1,    0.0000000000E+00,    2.1567299365E+01,    2.1567299365E+01,    0.0000000000E+00,    0.0000000000E+00,    0.0000000000E+00,    2.1567299365E+01
     44050,      0.676922,CP6_after_kinetics,   1,    0.0000000000E+00,    2.1567299365E+01,    2.1567299365E+01,    0.0000000000E+00,    0.0000000000E+00,    0.0000000000E+00,    2.1567299365E+01
     44050,      0.676922,CP7_after_upper_clamp,   1,    0.0000000000E+00,    2.1567299365E+01,    2.1567299365E+01,    0.0000000000E+00,    0.0000000000E+00,    0.0000000000E+00,    2.1567299365E+01
     44050,      0.676922,CP8_after_OBC,   1,    0.0000000000E+00,    2.1567299365E+01,    2.1567299365E+01,    0.0000000000E+00,    0.0000000000E+00,    0.0000000000E+00,    2.1567299365E+01
     44050,      0.676922,CP9_after_PTsource,   1,    0.0000000000E+00,    2.1567299365E+01,    2.1567299365E+01,    0.0000000000E+00,    0.0000000000E+00,    0.0000000000E+00,    2.1567299365E+01
     44050,      0.676922,CP10_after_neg_clamp,   1,    0.0000000000E+00,    2.1567299365E+01,    2.1567299365E+01,    0.0000000000E+00,    0.0000000000E+00,    0.0000000000E+00,    2.1567299365E+01
     44050,      0.676922,CP11_after_MPI,   1,    0.0000000000E+00,    2.1567299365E+01,    2.1567299365E+01,    0.0000000000E+00,    0.0000000000E+00,    0.0000000000E+00,    2.1567299365E+01
     44050,      0.676922,CP12_end,   1,    0.0000000000E+00,    2.1567299365E+01,    2.1567299365E+01,    0.0000000000E+00,    0.0000000000E+00,    0.0000000000E+00,    2.1567299365E+01
     44100,      0.676922,CP0_start,   1,    0.0000000000E+00,    2.1614162736E+01,    2.1614162736E+01,    0.0000000000E+00,    0.0000000000E+00,    0.0000000000E+00,    2.1614162736E+01
     44100,      0.676922,CP1_after_deposition,   1,    0.0000000000E+00,    2.1614162736E+01,    2.1614162736E+01,    0.0000000000E+00,    0.0000000000E+00,    0.0000000000E+00,    2.1614162736E+01
     44100,      0.676922,CP2_after_erosion,   1,    0.0000000000E+00,    2.1614162736E+01,    2.1614162736E+01,    0.0000000000E+00,    0.0000000000E+00,    0.0000000000E+00,    2.1614162736E+01
     44100,      0.676922,CP3_after_update_bottom,   1,    0.0000000000E+00,    2.1614162736E+01,    2.1614162736E+01,    0.0000000000E+00,    0.0000000000E+00,    0.0000000000E+00,    2.1614162736E+01
     44100,      0.676922,CP4_after_advection,   1,    0.0000000000E+00,    2.1614500188E+01,    2.1614500188E+01,    0.0000000000E+00,    0.0000000000E+00,    0.0000000000E+00,    2.1614500188E+01
     44100,      0.676922,CP5_after_vdif,   1,    0.0000000000E+00,    2.1614500188E+01,    2.1614500188E+01,    0.0000000000E+00,    0.0000000000E+00,    0.0000000000E+00,    2.1614500188E+01
     44100,      0.676922,CP6_after_kinetics,   1,    0.0000000000E+00,    2.1614500188E+01,    2.1614500188E+01,    0.0000000000E+00,    0.0000000000E+00,    0.0000000000E+00,    2.1614500188E+01
     44100,      0.676922,CP7_after_upper_clamp,   1,    0.0000000000E+00,    2.1614500188E+01,    2.1614500188E+01,    0.0000000000E+00,    0.0000000000E+00,    0.0000000000E+00,    2.1614500188E+01
     44100,      0.676922,CP8_after_OBC,   1,    0.0000000000E+00,    2.1614500188E+01,    2.1614500188E+01,    0.0000000000E+00,    0.0000000000E+00,    0.0000000000E+00,    2.1614500188E+01
     44100,      0.676922,CP9_after_PTsource,   1,    0.0000000000E+00,    2.1614500188E+01,    2.1614500188E+01,    0.0000000000E+00,    0.0000000000E+00,    0.0000000000E+00,    2.1614500188E+01
     44100,      0.676922,CP10_after_neg_clamp,   1,    0.0000000000E+00,    2.1614500188E+01,    2.1614500188E+01,    0.0000000000E+00,    0.0000000000E+00,    0.0000000000E+00,    2.1614500188E+01
     44100,      0.676922,CP11_after_MPI,   1,    0.0000000000E+00,    2.1614500188E+01,    2.1614500188E+01,    0.0000000000E+00,    0.0000000000E+00,    0.0000000000E+00,    2.1614500188E+01
     44100,      0.676922,CP12_end,   1,    0.0000000000E+00,    2.1614500188E+01,    2.1614500188E+01,    0.0000000000E+00,    0.0000000000E+00,    0.0000000000E+00,    2.1614500188E+01
     44150,      0.676922,CP0_start,   1,    0.0000000000E+00,    2.1661059960E+01,    2.1661059960E+01,    0.0000000000E+00,    0.0000000000E+00,    0.0000000000E+00,    2.1661059960E+01
     44150,      0.676922,CP1_after_deposition,   1,    0.0000000000E+00,    2.1661059960E+01,    2.1661059960E+01,    0.0000000000E+00,    0.0000000000E+00,    0.0000000000E+00,    2.1661059960E+01
     44150,      0.676922,CP2_after_erosion,   1,    0.0000000000E+00,    2.1661059960E+01,    2.1661059960E+01,    0.0000000000E+00,    0.0000000000E+00,    0.0000000000E+00,    2.1661059960E+01
     44150,      0.676922,CP3_after_update_bottom,   1,    0.0000000000E+00,    2.1661059960E+01,    2.1661059960E+01,    0.0000000000E+00,    0.0000000000E+00,    0.0000000000E+00,    2.1661059960E+01
     44150,      0.676922,CP4_after_advection,   1,    0.0000000000E+00,    2.1661383187E+01,    2.1661383187E+01,    0.0000000000E+00,    0.0000000000E+00,    0.0000000000E+00,    2.1661383187E+01
     44150,      0.676922,CP5_after_vdif,   1,    0.0000000000E+00,    2.1661383187E+01,    2.1661383187E+01,    0.0000000000E+00,    0.0000000000E+00,    0.0000000000E+00,    2.1661383187E+01
     44150,      0.676922,CP6_after_kinetics,   1,    0.0000000000E+00,    2.1661383187E+01,    2.1661383187E+01,    0.0000000000E+00,    0.0000000000E+00,    0.0000000000E+00,    2.1661383187E+01
     44150,      0.676922,CP7_after_upper_clamp,   1,    0.0000000000E+00,    2.1661383187E+01,    2.1661383187E+01,    0.0000000000E+00,    0.0000000000E+00,    0.0000000000E+00,    2.1661383187E+01
     44150,      0.676922,CP8_after_OBC,   1,    0.0000000000E+00,    2.1661383187E+01,    2.1661383187E+01,    0.0000000000E+00,    0.0000000000E+00,    0.0000000000E+00,    2.1661383187E+01
     44150,      0.676922,CP9_after_PTsource,   1,    0.0000000000E+00,    2.1661383187E+01,    2.1661383187E+01,    0.0000000000E+00,    0.0000000000E+00,    0.0000000000E+00,    2.1661383187E+01
     44150,      0.676922,CP10_after_neg_clamp,   1,    0.0000000000E+00,    2.1661383187E+01,    2.1661383187E+01,    0.0000000000E+00,    0.0000000000E+00,    0.0000000000E+00,    2.1661383187E+01
     44150,      0.676922,CP11_after_MPI,   1,    0.0000000000E+00,    2.1661383187E+01,    2.1661383187E+01,    0.0000000000E+00,    0.0000000000E+00,    0.0000000000E+00,    2.1661383187E+01
     44150,      0.676922,CP12_end,   1,    0.0000000000E+00,    2.1661383187E+01,    2.1661383187E+01,    0.0000000000E+00,    0.0000000000E+00,    0.0000000000E+00,    2.1661383187E+01
     44200,      0.676922,CP0_start,   1,    0.0000000000E+00,    2.1708000731E+01,    2.1708000731E+01,    0.0000000000E+00,    0.0000000000E+00,    0.0000000000E+00,    2.1708000731E+01
     44200,      0.676922,CP1_after_deposition,   1,    0.0000000000E+00,    2.1708000731E+01,    2.1708000731E+01,    0.0000000000E+00,    0.0000000000E+00,    0.0000000000E+00,    2.1708000731E+01
     44200,      0.676922,CP2_after_erosion,   1,    0.0000000000E+00,    2.1708000731E+01,    2.1708000731E+01,    0.0000000000E+00,    0.0000000000E+00,    0.0000000000E+00,    2.1708000731E+01
     44200,      0.676922,CP3_after_update_bottom,   1,    0.0000000000E+00,    2.1708000731E+01,    2.1708000731E+01,    0.0000000000E+00,    0.0000000000E+00,    0.0000000000E+00,    2.1708000731E+01
     44200,      0.676922,CP4_after_advection,   1,    0.0000000000E+00,    2.1708311219E+01,    2.1708311219E+01,    0.0000000000E+00,    0.0000000000E+00,    0.0000000000E+00,    2.1708311219E+01
     44200,      0.676922,CP5_after_vdif,   1,    0.0000000000E+00,    2.1708311219E+01,    2.1708311219E+01,    0.0000000000E+00,    0.0000000000E+00,    0.0000000000E+00,    2.1708311219E+01
     44200,      0.676922,CP6_after_kinetics,   1,    0.0000000000E+00,    2.1708311219E+01,    2.1708311219E+01,    0.0000000000E+00,    0.0000000000E+00,    0.0000000000E+00,    2.1708311219E+01
     44200,      0.676922,CP7_after_upper_clamp,   1,    0.0000000000E+00,    2.1708311219E+01,    2.1708311219E+01,    0.0000000000E+00,    0.0000000000E+00,    0.0000000000E+00,    2.1708311219E+01
     44200,      0.676922,CP8_after_OBC,   1,    0.0000000000E+00,    2.1708311219E+01,    2.1708311219E+01,    0.0000000000E+00,    0.0000000000E+00,    0.0000000000E+00,    2.1708311219E+01
     44200,      0.676922,CP9_after_PTsource,   1,    0.0000000000E+00,    2.1708311219E+01,    2.1708311219E+01,    0.0000000000E+00,    0.0000000000E+00,    0.0000000000E+00,    2.1708311219E+01
     44200,      0.676922,CP10_after_neg_clamp,   1,    0.0000000000E+00,    2.1708311219E+01,    2.1708311219E+01,    0.0000000000E+00,    0.0000000000E+00,    0.0000000000E+00,    2.1708311219E+01
     44200,      0.676922,CP11_after_MPI,   1,    0.0000000000E+00,    2.1708311219E+01,    2.1708311219E+01,    0.0000000000E+00,    0.0000000000E+00,    0.0000000000E+00,    2.1708311219E+01
     44200,      0.676922,CP12_end,   1,    0.0000000000E+00,    2.1708311219E+01,    2.1708311219E+01,    0.0000000000E+00,    0.0000000000E+00,    0.0000000000E+00,    2.1708311219E+01
     44250,      0.676922,CP0_start,   1,    0.0000000000E+00,    2.1754998806E+01,    2.1754998806E+01,    0.0000000000E+00,    0.0000000000E+00,    0.0000000000E+00,    2.1754998806E+01
     44250,      0.676922,CP1_after_deposition,   1,    0.0000000000E+00,    2.1754998806E+01,    2.1754998806E+01,    0.0000000000E+00,    0.0000000000E+00,    0.0000000000E+00,    2.1754998806E+01
     44250,      0.676922,CP2_after_erosion,   1,    0.0000000000E+00,    2.1754998806E+01,    2.1754998806E+01,    0.0000000000E+00,    0.0000000000E+00,    0.0000000000E+00,    2.1754998806E+01
     44250,      0.676922,CP3_after_update_bottom,   1,    0.0000000000E+00,    2.1754998806E+01,    2.1754998806E+01,    0.0000000000E+00,    0.0000000000E+00,    0.0000000000E+00,    2.1754998806E+01
     44250,      0.676922,CP4_after_advection,   1,    0.0000000000E+00,    2.1755296562E+01,    2.1755296562E+01,    0.0000000000E+00,    0.0000000000E+00,    0.0000000000E+00,    2.1755296562E+01
     44250,      0.676922,CP5_after_vdif,   1,    0.0000000000E+00,    2.1755296562E+01,    2.1755296562E+01,    0.0000000000E+00,    0.0000000000E+00,    0.0000000000E+00,    2.1755296562E+01
     44250,      0.676922,CP6_after_kinetics,   1,    0.0000000000E+00,    2.1755296562E+01,    2.1755296562E+01,    0.0000000000E+00,    0.0000000000E+00,    0.0000000000E+00,    2.1755296562E+01
     44250,      0.676922,CP7_after_upper_clamp,   1,    0.0000000000E+00,    2.1755296562E+01,    2.1755296562E+01,    0.0000000000E+00,    0.0000000000E+00,    0.0000000000E+00,    2.1755296562E+01
     44250,      0.676922,CP8_after_OBC,   1,    0.0000000000E+00,    2.1755296562E+01,    2.1755296562E+01,    0.0000000000E+00,    0.0000000000E+00,    0.0000000000E+00,    2.1755296562E+01
     44250,      0.676922,CP9_after_PTsource,   1,    0.0000000000E+00,    2.1755296562E+01,    2.1755296562E+01,    0.0000000000E+00,    0.0000000000E+00,    0.0000000000E+00,    2.1755296562E+01
     44250,      0.676922,CP10_after_neg_clamp,   1,    0.0000000000E+00,    2.1755296562E+01,    2.1755296562E+01,    0.0000000000E+00,    0.0000000000E+00,    0.0000000000E+00,    2.1755296562E+01
     44250,      0.676922,CP11_after_MPI,   1,    0.0000000000E+00,    2.1755296562E+01,    2.1755296562E+01,    0.0000000000E+00,    0.0000000000E+00,    0.0000000000E+00,    2.1755296562E+01
     44250,      0.676922,CP12_end,   1,    0.0000000000E+00,    2.1755296562E+01,    2.1755296562E+01,    0.0000000000E+00,    0.0000000000E+00,    0.0000000000E+00,    2.1755296562E+01
     44300,      0.676922,CP0_start,   1,    0.0000000000E+00,    2.1802024585E+01,    2.1802024585E+01,    0.0000000000E+00,    0.0000000000E+00,    0.0000000000E+00,    2.1802024585E+01
     44300,      0.676922,CP1_after_deposition,   1,    0.0000000000E+00,    2.1802024585E+01,    2.1802024585E+01,    0.0000000000E+00,    0.0000000000E+00,    0.0000000000E+00,    2.1802024585E+01
     44300,      0.676922,CP2_after_erosion,   1,    0.0000000000E+00,    2.1802024585E+01,    2.1802024585E+01,    0.0000000000E+00,    0.0000000000E+00,    0.0000000000E+00,    2.1802024585E+01
     44300,      0.676922,CP3_after_update_bottom,   1,    0.0000000000E+00,    2.1802024585E+01,    2.1802024585E+01,    0.0000000000E+00,    0.0000000000E+00,    0.0000000000E+00,    2.1802024585E+01
     44300,      0.676922,CP4_after_advection,   1,    0.0000000000E+00,    2.1802310369E+01,    2.1802310369E+01,    0.0000000000E+00,    0.0000000000E+00,    0.0000000000E+00,    2.1802310369E+01
     44300,      0.676922,CP5_after_vdif,   1,    0.0000000000E+00,    2.1802310369E+01,    2.1802310369E+01,    0.0000000000E+00,    0.0000000000E+00,    0.0000000000E+00,    2.1802310369E+01
     44300,      0.676922,CP6_after_kinetics,   1,    0.0000000000E+00,    2.1802310369E+01,    2.1802310369E+01,    0.0000000000E+00,    0.0000000000E+00,    0.0000000000E+00,    2.1802310369E+01
     44300,      0.676922,CP7_after_upper_clamp,   1,    0.0000000000E+00,    2.1802310369E+01,    2.1802310369E+01,    0.0000000000E+00,    0.0000000000E+00,    0.0000000000E+00,    2.1802310369E+01
     44300,      0.676922,CP8_after_OBC,   1,    0.0000000000E+00,    2.1802310369E+01,    2.1802310369E+01,    0.0000000000E+00,    0.0000000000E+00,    0.0000000000E+00,    2.1802310369E+01
     44300,      0.676922,CP9_after_PTsource,   1,    0.0000000000E+00,    2.1802310369E+01,    2.1802310369E+01,    0.0000000000E+00,    0.0000000000E+00,    0.0000000000E+00,    2.1802310369E+01
     44300,      0.676922,CP10_after_neg_clamp,   1,    0.0000000000E+00,    2.1802310369E+01,    2.1802310369E+01,    0.0000000000E+00,    0.0000000000E+00,    0.0000000000E+00,    2.1802310369E+01
     44300,      0.676922,CP11_after_MPI,   1,    0.0000000000E+00,    2.1802310369E+01,    2.1802310369E+01,    0.0000000000E+00,    0.0000000000E+00,    0.0000000000E+00,    2.1802310369E+01
     44300,      0.676922,CP12_end,   1,    0.0000000000E+00,    2.1802310369E+01,    2.1802310369E+01,    0.0000000000E+00,    0.0000000000E+00,    0.0000000000E+00,    2.1802310369E+01
     44350,      0.676922,CP0_start,   1,    0.0000000000E+00,    2.1849125846E+01,    2.1849125846E+01,    0.0000000000E+00,    0.0000000000E+00,    0.0000000000E+00,    2.1849125846E+01
     44350,      0.676922,CP1_after_deposition,   1,    0.0000000000E+00,    2.1849125846E+01,    2.1849125846E+01,    0.0000000000E+00,    0.0000000000E+00,    0.0000000000E+00,    2.1849125846E+01
     44350,      0.676922,CP2_after_erosion,   1,    0.0000000000E+00,    2.1849125846E+01,    2.1849125846E+01,    0.0000000000E+00,    0.0000000000E+00,    0.0000000000E+00,    2.1849125846E+01
     44350,      0.676922,CP3_after_update_bottom,   1,    0.0000000000E+00,    2.1849125846E+01,    2.1849125846E+01,    0.0000000000E+00,    0.0000000000E+00,    0.0000000000E+00,    2.1849125846E+01
     44350,      0.676922,CP4_after_advection,   1,    0.0000000000E+00,    2.1849398642E+01,    2.1849398642E+01,    0.0000000000E+00,    0.0000000000E+00,    0.0000000000E+00,    2.1849398642E+01
     44350,      0.676922,CP5_after_vdif,   1,    0.0000000000E+00,    2.1849398642E+01,    2.1849398642E+01,    0.0000000000E+00,    0.0000000000E+00,    0.0000000000E+00,    2.1849398642E+01
     44350,      0.676922,CP6_after_kinetics,   1,    0.0000000000E+00,    2.1849398642E+01,    2.1849398642E+01,    0.0000000000E+00,    0.0000000000E+00,    0.0000000000E+00,    2.1849398642E+01
     44350,      0.676922,CP7_after_upper_clamp,   1,    0.0000000000E+00,    2.1849398642E+01,    2.1849398642E+01,    0.0000000000E+00,    0.0000000000E+00,    0.0000000000E+00,    2.1849398642E+01
     44350,      0.676922,CP8_after_OBC,   1,    0.0000000000E+00,    2.1849398642E+01,    2.1849398642E+01,    0.0000000000E+00,    0.0000000000E+00,    0.0000000000E+00,    2.1849398642E+01
     44350,      0.676922,CP9_after_PTsource,   1,    0.0000000000E+00,    2.1849398642E+01,    2.1849398642E+01,    0.0000000000E+00,    0.0000000000E+00,    0.0000000000E+00,    2.1849398642E+01
     44350,      0.676922,CP10_after_neg_clamp,   1,    0.0000000000E+00,    2.1849398642E+01,    2.1849398642E+01,    0.0000000000E+00,    0.0000000000E+00,    0.0000000000E+00,    2.1849398642E+01
     44350,      0.676922,CP11_after_MPI,   1,    0.0000000000E+00,    2.1849398642E+01,    2.1849398642E+01,    0.0000000000E+00,    0.0000000000E+00,    0.0000000000E+00,    2.1849398642E+01
     44350,      0.676922,CP12_end,   1,    0.0000000000E+00,    2.1849398642E+01,    2.1849398642E+01,    0.0000000000E+00,    0.0000000000E+00,    0.0000000000E+00,    2.1849398642E+01
     44400,      0.676922,CP0_start,   1,    0.0000000000E+00,    2.1896258460E+01,    2.1896258460E+01,    0.0000000000E+00,    0.0000000000E+00,    0.0000000000E+00,    2.1896258460E+01
     44400,      0.676922,CP1_after_deposition,   1,    0.0000000000E+00,    2.1896258460E+01,    2.1896258460E+01,    0.0000000000E+00,    0.0000000000E+00,    0.0000000000E+00,    2.1896258460E+01
     44400,      0.676922,CP2_after_erosion,   1,    0.0000000000E+00,    2.1896258460E+01,    2.1896258460E+01,    0.0000000000E+00,    0.0000000000E+00,    0.0000000000E+00,    2.1896258460E+01
     44400,      0.676922,CP3_after_update_bottom,   1,    0.0000000000E+00,    2.1896258460E+01,    2.1896258460E+01,    0.0000000000E+00,    0.0000000000E+00,    0.0000000000E+00,    2.1896258460E+01
     44400,      0.676922,CP4_after_advection,   1,    0.0000000000E+00,    2.1896518457E+01,    2.1896518457E+01,    0.0000000000E+00,    0.0000000000E+00,    0.0000000000E+00,    2.1896518457E+01
     44400,      0.676922,CP5_after_vdif,   1,    0.0000000000E+00,    2.1896518457E+01,    2.1896518457E+01,    0.0000000000E+00,    0.0000000000E+00,    0.0000000000E+00,    2.1896518457E+01
     44400,      0.676922,CP6_after_kinetics,   1,    0.0000000000E+00,    2.1896518457E+01,    2.1896518457E+01,    0.0000000000E+00,    0.0000000000E+00,    0.0000000000E+00,    2.1896518457E+01
     44400,      0.676922,CP7_after_upper_clamp,   1,    0.0000000000E+00,    2.1896518457E+01,    2.1896518457E+01,    0.0000000000E+00,    0.0000000000E+00,    0.0000000000E+00,    2.1896518457E+01
     44400,      0.676922,CP8_after_OBC,   1,    0.0000000000E+00,    2.1896518457E+01,    2.1896518457E+01,    0.0000000000E+00,    0.0000000000E+00,    0.0000000000E+00,    2.1896518457E+01
     44400,      0.676922,CP9_after_PTsource,   1,    0.0000000000E+00,    2.1896518457E+01,    2.1896518457E+01,    0.0000000000E+00,    0.0000000000E+00,    0.0000000000E+00,    2.1896518457E+01
     44400,      0.676922,CP10_after_neg_clamp,   1,    0.0000000000E+00,    2.1896518457E+01,    2.1896518457E+01,    0.0000000000E+00,    0.0000000000E+00,    0.0000000000E+00,    2.1896518457E+01
     44400,      0.676922,CP11_after_MPI,   1,    0.0000000000E+00,    2.1896518457E+01,    2.1896518457E+01,    0.0000000000E+00,    0.0000000000E+00,    0.0000000000E+00,    2.1896518457E+01
     44400,      0.676922,CP12_end,   1,    0.0000000000E+00,    2.1896518457E+01,    2.1896518457E+01,    0.0000000000E+00,    0.0000000000E+00,    0.0000000000E+00,    2.1896518457E+01
     44450,      0.676922,CP0_start,   1,    0.0000000000E+00,    2.1943437991E+01,    2.1943437991E+01,    0.0000000000E+00,    0.0000000000E+00,    0.0000000000E+00,    2.1943437991E+01
     44450,      0.676922,CP1_after_deposition,   1,    0.0000000000E+00,    2.1943437991E+01,    2.1943437991E+01,    0.0000000000E+00,    0.0000000000E+00,    0.0000000000E+00,    2.1943437991E+01
     44450,      0.676922,CP2_after_erosion,   1,    0.0000000000E+00,    2.1943437991E+01,    2.1943437991E+01,    0.0000000000E+00,    0.0000000000E+00,    0.0000000000E+00,    2.1943437991E+01
     44450,      0.676922,CP3_after_update_bottom,   1,    0.0000000000E+00,    2.1943437991E+01,    2.1943437991E+01,    0.0000000000E+00,    0.0000000000E+00,    0.0000000000E+00,    2.1943437991E+01
     44450,      0.676922,CP4_after_advection,   1,    0.0000000000E+00,    2.1943684084E+01,    2.1943684084E+01,    0.0000000000E+00,    0.0000000000E+00,    0.0000000000E+00,    2.1943684084E+01
     44450,      0.676922,CP5_after_vdif,   1,    0.0000000000E+00,    2.1943684084E+01,    2.1943684084E+01,    0.0000000000E+00,    0.0000000000E+00,    0.0000000000E+00,    2.1943684084E+01
     44450,      0.676922,CP6_after_kinetics,   1,    0.0000000000E+00,    2.1943684084E+01,    2.1943684084E+01,    0.0000000000E+00,    0.0000000000E+00,    0.0000000000E+00,    2.1943684084E+01
     44450,      0.676922,CP7_after_upper_clamp,   1,    0.0000000000E+00,    2.1943684084E+01,    2.1943684084E+01,    0.0000000000E+00,    0.0000000000E+00,    0.0000000000E+00,    2.1943684084E+01
     44450,      0.676922,CP8_after_OBC,   1,    0.0000000000E+00,    2.1943684084E+01,    2.1943684084E+01,    0.0000000000E+00,    0.0000000000E+00,    0.0000000000E+00,    2.1943684084E+01
     44450,      0.676922,CP9_after_PTsource,   1,    0.0000000000E+00,    2.1943684084E+01,    2.1943684084E+01,    0.0000000000E+00,    0.0000000000E+00,    0.0000000000E+00,    2.1943684084E+01
     44450,      0.676922,CP10_after_neg_clamp,   1,    0.0000000000E+00,    2.1943684084E+01,    2.1943684084E+01,    0.0000000000E+00,    0.0000000000E+00,    0.0000000000E+00,    2.1943684084E+01
     44450,      0.676922,CP11_after_MPI,   1,    0.0000000000E+00,    2.1943684084E+01,    2.1943684084E+01,    0.0000000000E+00,    0.0000000000E+00,    0.0000000000E+00,    2.1943684084E+01
     44450,      0.676922,CP12_end,   1,    0.0000000000E+00,    2.1943684084E+01,    2.1943684084E+01,    0.0000000000E+00,    0.0000000000E+00,    0.0000000000E+00,    2.1943684084E+01
     44500,      0.676922,CP0_start,   1,    0.0000000000E+00,    2.1990652407E+01,    2.1990652407E+01,    0.0000000000E+00,    0.0000000000E+00,    0.0000000000E+00,    2.1990652407E+01
     44500,      0.676922,CP1_after_deposition,   1,    0.0000000000E+00,    2.1990652407E+01,    2.1990652407E+01,    0.0000000000E+00,    0.0000000000E+00,    0.0000000000E+00,    2.1990652407E+01
     44500,      0.676922,CP2_after_erosion,   1,    0.0000000000E+00,    2.1990652407E+01,    2.1990652407E+01,    0.0000000000E+00,    0.0000000000E+00,    0.0000000000E+00,    2.1990652407E+01
     44500,      0.676922,CP3_after_update_bottom,   1,    0.0000000000E+00,    2.1990652407E+01,    2.1990652407E+01,    0.0000000000E+00,    0.0000000000E+00,    0.0000000000E+00,    2.1990652407E+01
     44500,      0.676922,CP4_after_advection,   1,    0.0000000000E+00,    2.1990888768E+01,    2.1990888768E+01,    0.0000000000E+00,    0.0000000000E+00,    0.0000000000E+00,    2.1990888768E+01
     44500,      0.676922,CP5_after_vdif,   1,    0.0000000000E+00,    2.1990888768E+01,    2.1990888768E+01,    0.0000000000E+00,    0.0000000000E+00,    0.0000000000E+00,    2.1990888768E+01
     44500,      0.676922,CP6_after_kinetics,   1,    0.0000000000E+00,    2.1990888768E+01,    2.1990888768E+01,    0.0000000000E+00,    0.0000000000E+00,    0.0000000000E+00,    2.1990888768E+01
     44500,      0.676922,CP7_after_upper_clamp,   1,    0.0000000000E+00,    2.1990888768E+01,    2.1990888768E+01,    0.0000000000E+00,    0.0000000000E+00,    0.0000000000E+00,    2.1990888768E+01
     44500,      0.676922,CP8_after_OBC,   1,    0.0000000000E+00,    2.1990888768E+01,    2.1990888768E+01,    0.0000000000E+00,    0.0000000000E+00,    0.0000000000E+00,    2.1990888768E+01
     44500,      0.676922,CP9_after_PTsource,   1,    0.0000000000E+00,    2.1990888768E+01,    2.1990888768E+01,    0.0000000000E+00,    0.0000000000E+00,    0.0000000000E+00,    2.1990888768E+01
     44500,      0.676922,CP10_after_neg_clamp,   1,    0.0000000000E+00,    2.1990888768E+01,    2.1990888768E+01,    0.0000000000E+00,    0.0000000000E+00,    0.0000000000E+00,    2.1990888768E+01
     44500,      0.676922,CP11_after_MPI,   1,    0.0000000000E+00,    2.1990888768E+01,    2.1990888768E+01,    0.0000000000E+00,    0.0000000000E+00,    0.0000000000E+00,    2.1990888768E+01
     44500,      0.676922,CP12_end,   1,    0.0000000000E+00,    2.1990888768E+01,    2.1990888768E+01,    0.0000000000E+00,    0.0000000000E+00,    0.0000000000E+00,    2.1990888768E+01
     44550,      0.676922,CP0_start,   1,    0.0000000000E+00,    2.2037921500E+01,    2.2037921500E+01,    0.0000000000E+00,    0.0000000000E+00,    0.0000000000E+00,    2.2037921500E+01
     44550,      0.676922,CP1_after_deposition,   1,    0.0000000000E+00,    2.2037921500E+01,    2.2037921500E+01,    0.0000000000E+00,    0.0000000000E+00,    0.0000000000E+00,    2.2037921500E+01
     44550,      0.676922,CP2_after_erosion,   1,    0.0000000000E+00,    2.2037921500E+01,    2.2037921500E+01,    0.0000000000E+00,    0.0000000000E+00,    0.0000000000E+00,    2.2037921500E+01
     44550,      0.676922,CP3_after_update_bottom,   1,    0.0000000000E+00,    2.2037921500E+01,    2.2037921500E+01,    0.0000000000E+00,    0.0000000000E+00,    0.0000000000E+00,    2.2037921500E+01
     44550,      0.676922,CP4_after_advection,   1,    0.0000000000E+00,    2.2038147971E+01,    2.2038147971E+01,    0.0000000000E+00,    0.0000000000E+00,    0.0000000000E+00,    2.2038147971E+01
     44550,      0.676922,CP5_after_vdif,   1,    0.0000000000E+00,    2.2038147971E+01,    2.2038147971E+01,    0.0000000000E+00,    0.0000000000E+00,    0.0000000000E+00,    2.2038147971E+01
     44550,      0.676922,CP6_after_kinetics,   1,    0.0000000000E+00,    2.2038147971E+01,    2.2038147971E+01,    0.0000000000E+00,    0.0000000000E+00,    0.0000000000E+00,    2.2038147971E+01
     44550,      0.676922,CP7_after_upper_clamp,   1,    0.0000000000E+00,    2.2038147971E+01,    2.2038147971E+01,    0.0000000000E+00,    0.0000000000E+00,    0.0000000000E+00,    2.2038147971E+01
     44550,      0.676922,CP8_after_OBC,   1,    0.0000000000E+00,    2.2038147971E+01,    2.2038147971E+01,    0.0000000000E+00,    0.0000000000E+00,    0.0000000000E+00,    2.2038147971E+01
     44550,      0.676922,CP9_after_PTsource,   1,    0.0000000000E+00,    2.2038147971E+01,    2.2038147971E+01,    0.0000000000E+00,    0.0000000000E+00,    0.0000000000E+00,    2.2038147971E+01
     44550,      0.676922,CP10_after_neg_clamp,   1,    0.0000000000E+00,    2.2038147971E+01,    2.2038147971E+01,    0.0000000000E+00,    0.0000000000E+00,    0.0000000000E+00,    2.2038147971E+01
     44550,      0.676922,CP11_after_MPI,   1,    0.0000000000E+00,    2.2038147971E+01,    2.2038147971E+01,    0.0000000000E+00,    0.0000000000E+00,    0.0000000000E+00,    2.2038147971E+01
     44550,      0.676922,CP12_end,   1,    0.0000000000E+00,    2.2038147971E+01,    2.2038147971E+01,    0.0000000000E+00,    0.0000000000E+00,    0.0000000000E+00,    2.2038147971E+01
     44600,      0.676922,CP0_start,   1,    0.0000000000E+00,    2.2085220625E+01,    2.2085220625E+01,    0.0000000000E+00,    0.0000000000E+00,    0.0000000000E+00,    2.2085220625E+01
     44600,      0.676922,CP1_after_deposition,   1,    0.0000000000E+00,    2.2085220625E+01,    2.2085220625E+01,    0.0000000000E+00,    0.0000000000E+00,    0.0000000000E+00,    2.2085220625E+01
     44600,      0.676922,CP2_after_erosion,   1,    0.0000000000E+00,    2.2085220625E+01,    2.2085220625E+01,    0.0000000000E+00,    0.0000000000E+00,    0.0000000000E+00,    2.2085220625E+01
     44600,      0.676922,CP3_after_update_bottom,   1,    0.0000000000E+00,    2.2085220625E+01,    2.2085220625E+01,    0.0000000000E+00,    0.0000000000E+00,    0.0000000000E+00,    2.2085220625E+01
     44600,      0.676922,CP4_after_advection,   1,    0.0000000000E+00,    2.2085435797E+01,    2.2085435797E+01,    0.0000000000E+00,    0.0000000000E+00,    0.0000000000E+00,    2.2085435797E+01
     44600,      0.676922,CP5_after_vdif,   1,    0.0000000000E+00,    2.2085435797E+01,    2.2085435797E+01,    0.0000000000E+00,    0.0000000000E+00,    0.0000000000E+00,    2.2085435797E+01
     44600,      0.676922,CP6_after_kinetics,   1,    0.0000000000E+00,    2.2085435797E+01,    2.2085435797E+01,    0.0000000000E+00,    0.0000000000E+00,    0.0000000000E+00,    2.2085435797E+01
     44600,      0.676922,CP7_after_upper_clamp,   1,    0.0000000000E+00,    2.2085435797E+01,    2.2085435797E+01,    0.0000000000E+00,    0.0000000000E+00,    0.0000000000E+00,    2.2085435797E+01
     44600,      0.676922,CP8_after_OBC,   1,    0.0000000000E+00,    2.2085435797E+01,    2.2085435797E+01,    0.0000000000E+00,    0.0000000000E+00,    0.0000000000E+00,    2.2085435797E+01
     44600,      0.676922,CP9_after_PTsource,   1,    0.0000000000E+00,    2.2085435797E+01,    2.2085435797E+01,    0.0000000000E+00,    0.0000000000E+00,    0.0000000000E+00,    2.2085435797E+01
     44600,      0.676922,CP10_after_neg_clamp,   1,    0.0000000000E+00,    2.2085435797E+01,    2.2085435797E+01,    0.0000000000E+00,    0.0000000000E+00,    0.0000000000E+00,    2.2085435797E+01
     44600,      0.676922,CP11_after_MPI,   1,    0.0000000000E+00,    2.2085435797E+01,    2.2085435797E+01,    0.0000000000E+00,    0.0000000000E+00,    0.0000000000E+00,    2.2085435797E+01
     44600,      0.676922,CP12_end,   1,    0.0000000000E+00,    2.2085435797E+01,    2.2085435797E+01,    0.0000000000E+00,    0.0000000000E+00,    0.0000000000E+00,    2.2085435797E+01
     44650,      0.676922,CP0_start,   1,    0.0000000000E+00,    2.2132542302E+01,    2.2132542302E+01,    0.0000000000E+00,    0.0000000000E+00,    0.0000000000E+00,    2.2132542302E+01
     44650,      0.676922,CP1_after_deposition,   1,    0.0000000000E+00,    2.2132542302E+01,    2.2132542302E+01,    0.0000000000E+00,    0.0000000000E+00,    0.0000000000E+00,    2.2132542302E+01
     44650,      0.676922,CP2_after_erosion,   1,    0.0000000000E+00,    2.2132542302E+01,    2.2132542302E+01,    0.0000000000E+00,    0.0000000000E+00,    0.0000000000E+00,    2.2132542302E+01
     44650,      0.676922,CP3_after_update_bottom,   1,    0.0000000000E+00,    2.2132542302E+01,    2.2132542302E+01,    0.0000000000E+00,    0.0000000000E+00,    0.0000000000E+00,    2.2132542302E+01
     44650,      0.676922,CP4_after_advection,   1,    0.0000000000E+00,    2.2132748409E+01,    2.2132748409E+01,    0.0000000000E+00,    0.0000000000E+00,    0.0000000000E+00,    2.2132748409E+01
     44650,      0.676922,CP5_after_vdif,   1,    0.0000000000E+00,    2.2132748409E+01,    2.2132748409E+01,    0.0000000000E+00,    0.0000000000E+00,    0.0000000000E+00,    2.2132748409E+01
     44650,      0.676922,CP6_after_kinetics,   1,    0.0000000000E+00,    2.2132748409E+01,    2.2132748409E+01,    0.0000000000E+00,    0.0000000000E+00,    0.0000000000E+00,    2.2132748409E+01
     44650,      0.676922,CP7_after_upper_clamp,   1,    0.0000000000E+00,    2.2132748409E+01,    2.2132748409E+01,    0.0000000000E+00,    0.0000000000E+00,    0.0000000000E+00,    2.2132748409E+01
     44650,      0.676922,CP8_after_OBC,   1,    0.0000000000E+00,    2.2132748409E+01,    2.2132748409E+01,    0.0000000000E+00,    0.0000000000E+00,    0.0000000000E+00,    2.2132748409E+01
     44650,      0.676922,CP9_after_PTsource,   1,    0.0000000000E+00,    2.2132748409E+01,    2.2132748409E+01,    0.0000000000E+00,    0.0000000000E+00,    0.0000000000E+00,    2.2132748409E+01
     44650,      0.676922,CP10_after_neg_clamp,   1,    0.0000000000E+00,    2.2132748409E+01,    2.2132748409E+01,    0.0000000000E+00,    0.0000000000E+00,    0.0000000000E+00,    2.2132748409E+01
     44650,      0.676922,CP11_after_MPI,   1,    0.0000000000E+00,    2.2132748409E+01,    2.2132748409E+01,    0.0000000000E+00,    0.0000000000E+00,    0.0000000000E+00,    2.2132748409E+01
     44650,      0.676922,CP12_end,   1,    0.0000000000E+00,    2.2132748409E+01,    2.2132748409E+01,    0.0000000000E+00,    0.0000000000E+00,    0.0000000000E+00,    2.2132748409E+01
     44700,      0.676922,CP0_start,   1,    0.0000000000E+00,    2.2179906080E+01,    2.2179906080E+01,    0.0000000000E+00,    0.0000000000E+00,    0.0000000000E+00,    2.2179906080E+01
     44700,      0.676922,CP1_after_deposition,   1,    0.0000000000E+00,    2.2179906080E+01,    2.2179906080E+01,    0.0000000000E+00,    0.0000000000E+00,    0.0000000000E+00,    2.2179906080E+01
     44700,      0.676922,CP2_after_erosion,   1,    0.0000000000E+00,    2.2179906080E+01,    2.2179906080E+01,    0.0000000000E+00,    0.0000000000E+00,    0.0000000000E+00,    2.2179906080E+01
     44700,      0.676922,CP3_after_update_bottom,   1,    0.0000000000E+00,    2.2179906080E+01,    2.2179906080E+01,    0.0000000000E+00,    0.0000000000E+00,    0.0000000000E+00,    2.2179906080E+01
     44700,      0.676922,CP4_after_advection,   1,    0.0000000000E+00,    2.2180099816E+01,    2.2180099816E+01,    0.0000000000E+00,    0.0000000000E+00,    0.0000000000E+00,    2.2180099816E+01
     44700,      0.676922,CP5_after_vdif,   1,    0.0000000000E+00,    2.2180099816E+01,    2.2180099816E+01,    0.0000000000E+00,    0.0000000000E+00,    0.0000000000E+00,    2.2180099816E+01
     44700,      0.676922,CP6_after_kinetics,   1,    0.0000000000E+00,    2.2180099816E+01,    2.2180099816E+01,    0.0000000000E+00,    0.0000000000E+00,    0.0000000000E+00,    2.2180099816E+01
     44700,      0.676922,CP7_after_upper_clamp,   1,    0.0000000000E+00,    2.2180099816E+01,    2.2180099816E+01,    0.0000000000E+00,    0.0000000000E+00,    0.0000000000E+00,    2.2180099816E+01
     44700,      0.676922,CP8_after_OBC,   1,    0.0000000000E+00,    2.2180099816E+01,    2.2180099816E+01,    0.0000000000E+00,    0.0000000000E+00,    0.0000000000E+00,    2.2180099816E+01
     44700,      0.676922,CP9_after_PTsource,   1,    0.0000000000E+00,    2.2180099816E+01,    2.2180099816E+01,    0.0000000000E+00,    0.0000000000E+00,    0.0000000000E+00,    2.2180099816E+01
     44700,      0.676922,CP10_after_neg_clamp,   1,    0.0000000000E+00,    2.2180099816E+01,    2.2180099816E+01,    0.0000000000E+00,    0.0000000000E+00,    0.0000000000E+00,    2.2180099816E+01
     44700,      0.676922,CP11_after_MPI,   1,    0.0000000000E+00,    2.2180099816E+01,    2.2180099816E+01,    0.0000000000E+00,    0.0000000000E+00,    0.0000000000E+00,    2.2180099816E+01
     44700,      0.676922,CP12_end,   1,    0.0000000000E+00,    2.2180099816E+01,    2.2180099816E+01,    0.0000000000E+00,    0.0000000000E+00,    0.0000000000E+00,    2.2180099816E+01
     44750,      0.676922,CP0_start,   1,    0.0000000000E+00,    2.2227283253E+01,    2.2227283253E+01,    0.0000000000E+00,    0.0000000000E+00,    0.0000000000E+00,    2.2227283253E+01
     44750,      0.676922,CP1_after_deposition,   1,    0.0000000000E+00,    2.2227283253E+01,    2.2227283253E+01,    0.0000000000E+00,    0.0000000000E+00,    0.0000000000E+00,    2.2227283253E+01
     44750,      0.676922,CP2_after_erosion,   1,    0.0000000000E+00,    2.2227283253E+01,    2.2227283253E+01,    0.0000000000E+00,    0.0000000000E+00,    0.0000000000E+00,    2.2227283253E+01
     44750,      0.676922,CP3_after_update_bottom,   1,    0.0000000000E+00,    2.2227283253E+01,    2.2227283253E+01,    0.0000000000E+00,    0.0000000000E+00,    0.0000000000E+00,    2.2227283253E+01
     44750,      0.676922,CP4_after_advection,   1,    0.0000000000E+00,    2.2227467499E+01,    2.2227467499E+01,    0.0000000000E+00,    0.0000000000E+00,    0.0000000000E+00,    2.2227467499E+01
     44750,      0.676922,CP5_after_vdif,   1,    0.0000000000E+00,    2.2227467499E+01,    2.2227467499E+01,    0.0000000000E+00,    0.0000000000E+00,    0.0000000000E+00,    2.2227467499E+01
     44750,      0.676922,CP6_after_kinetics,   1,    0.0000000000E+00,    2.2227467499E+01,    2.2227467499E+01,    0.0000000000E+00,    0.0000000000E+00,    0.0000000000E+00,    2.2227467499E+01
     44750,      0.676922,CP7_after_upper_clamp,   1,    0.0000000000E+00,    2.2227467499E+01,    2.2227467499E+01,    0.0000000000E+00,    0.0000000000E+00,    0.0000000000E+00,    2.2227467499E+01
     44750,      0.676922,CP8_after_OBC,   1,    0.0000000000E+00,    2.2227467499E+01,    2.2227467499E+01,    0.0000000000E+00,    0.0000000000E+00,    0.0000000000E+00,    2.2227467499E+01
     44750,      0.676922,CP9_after_PTsource,   1,    0.0000000000E+00,    2.2227467499E+01,    2.2227467499E+01,    0.0000000000E+00,    0.0000000000E+00,    0.0000000000E+00,    2.2227467499E+01
     44750,      0.676922,CP10_after_neg_clamp,   1,    0.0000000000E+00,    2.2227467499E+01,    2.2227467499E+01,    0.0000000000E+00,    0.0000000000E+00,    0.0000000000E+00,    2.2227467499E+01
     44750,      0.676922,CP11_after_MPI,   1,    0.0000000000E+00,    2.2227467499E+01,    2.2227467499E+01,    0.0000000000E+00,    0.0000000000E+00,    0.0000000000E+00,    2.2227467499E+01
     44750,      0.676922,CP12_end,   1,    0.0000000000E+00,    2.2227467499E+01,    2.2227467499E+01,    0.0000000000E+00,    0.0000000000E+00,    0.0000000000E+00,    2.2227467499E+01
     44800,      0.676922,CP0_start,   1,    0.0000000000E+00,    2.2274693017E+01,    2.2274693017E+01,    0.0000000000E+00,    0.0000000000E+00,    0.0000000000E+00,    2.2274693017E+01
     44800,      0.676922,CP1_after_deposition,   1,    0.0000000000E+00,    2.2274693017E+01,    2.2274693017E+01,    0.0000000000E+00,    0.0000000000E+00,    0.0000000000E+00,    2.2274693017E+01
     44800,      0.676922,CP2_after_erosion,   1,    0.0000000000E+00,    2.2274693017E+01,    2.2274693017E+01,    0.0000000000E+00,    0.0000000000E+00,    0.0000000000E+00,    2.2274693017E+01
     44800,      0.676922,CP3_after_update_bottom,   1,    0.0000000000E+00,    2.2274693017E+01,    2.2274693017E+01,    0.0000000000E+00,    0.0000000000E+00,    0.0000000000E+00,    2.2274693017E+01
     44800,      0.676922,CP4_after_advection,   1,    0.0000000000E+00,    2.2274871288E+01,    2.2274871288E+01,    0.0000000000E+00,    0.0000000000E+00,    0.0000000000E+00,    2.2274871288E+01
     44800,      0.676922,CP5_after_vdif,   1,    0.0000000000E+00,    2.2274871288E+01,    2.2274871288E+01,    0.0000000000E+00,    0.0000000000E+00,    0.0000000000E+00,    2.2274871288E+01
     44800,      0.676922,CP6_after_kinetics,   1,    0.0000000000E+00,    2.2274871288E+01,    2.2274871288E+01,    0.0000000000E+00,    0.0000000000E+00,    0.0000000000E+00,    2.2274871288E+01
     44800,      0.676922,CP7_after_upper_clamp,   1,    0.0000000000E+00,    2.2274871288E+01,    2.2274871288E+01,    0.0000000000E+00,    0.0000000000E+00,    0.0000000000E+00,    2.2274871288E+01
     44800,      0.676922,CP8_after_OBC,   1,    0.0000000000E+00,    2.2274871288E+01,    2.2274871288E+01,    0.0000000000E+00,    0.0000000000E+00,    0.0000000000E+00,    2.2274871288E+01
     44800,      0.676922,CP9_after_PTsource,   1,    0.0000000000E+00,    2.2274871288E+01,    2.2274871288E+01,    0.0000000000E+00,    0.0000000000E+00,    0.0000000000E+00,    2.2274871288E+01
     44800,      0.676922,CP10_after_neg_clamp,   1,    0.0000000000E+00,    2.2274871288E+01,    2.2274871288E+01,    0.0000000000E+00,    0.0000000000E+00,    0.0000000000E+00,    2.2274871288E+01
     44800,      0.676922,CP11_after_MPI,   1,    0.0000000000E+00,    2.2274871288E+01,    2.2274871288E+01,    0.0000000000E+00,    0.0000000000E+00,    0.0000000000E+00,    2.2274871288E+01
     44800,      0.676922,CP12_end,   1,    0.0000000000E+00,    2.2274871288E+01,    2.2274871288E+01,    0.0000000000E+00,    0.0000000000E+00,    0.0000000000E+00,    2.2274871288E+01
     44850,      0.676922,CP0_start,   1,    0.0000000000E+00,    2.2322132394E+01,    2.2322132394E+01,    0.0000000000E+00,    0.0000000000E+00,    0.0000000000E+00,    2.2322132394E+01
     44850,      0.676922,CP1_after_deposition,   1,    0.0000000000E+00,    2.2322132394E+01,    2.2322132394E+01,    0.0000000000E+00,    0.0000000000E+00,    0.0000000000E+00,    2.2322132394E+01
     44850,      0.676922,CP2_after_erosion,   1,    0.0000000000E+00,    2.2322132394E+01,    2.2322132394E+01,    0.0000000000E+00,    0.0000000000E+00,    0.0000000000E+00,    2.2322132394E+01
     44850,      0.676922,CP3_after_update_bottom,   1,    0.0000000000E+00,    2.2322132394E+01,    2.2322132394E+01,    0.0000000000E+00,    0.0000000000E+00,    0.0000000000E+00,    2.2322132394E+01
     44850,      0.676922,CP4_after_advection,   1,    0.0000000000E+00,    2.2322303071E+01,    2.2322303071E+01,    0.0000000000E+00,    0.0000000000E+00,    0.0000000000E+00,    2.2322303071E+01
     44850,      0.676922,CP5_after_vdif,   1,    0.0000000000E+00,    2.2322303071E+01,    2.2322303071E+01,    0.0000000000E+00,    0.0000000000E+00,    0.0000000000E+00,    2.2322303071E+01
     44850,      0.676922,CP6_after_kinetics,   1,    0.0000000000E+00,    2.2322303071E+01,    2.2322303071E+01,    0.0000000000E+00,    0.0000000000E+00,    0.0000000000E+00,    2.2322303071E+01
     44850,      0.676922,CP7_after_upper_clamp,   1,    0.0000000000E+00,    2.2322303071E+01,    2.2322303071E+01,    0.0000000000E+00,    0.0000000000E+00,    0.0000000000E+00,    2.2322303071E+01
     44850,      0.676922,CP8_after_OBC,   1,    0.0000000000E+00,    2.2322303071E+01,    2.2322303071E+01,    0.0000000000E+00,    0.0000000000E+00,    0.0000000000E+00,    2.2322303071E+01
     44850,      0.676922,CP9_after_PTsource,   1,    0.0000000000E+00,    2.2322303071E+01,    2.2322303071E+01,    0.0000000000E+00,    0.0000000000E+00,    0.0000000000E+00,    2.2322303071E+01
     44850,      0.676922,CP10_after_neg_clamp,   1,    0.0000000000E+00,    2.2322303071E+01,    2.2322303071E+01,    0.0000000000E+00,    0.0000000000E+00,    0.0000000000E+00,    2.2322303071E+01
     44850,      0.676922,CP11_after_MPI,   1,    0.0000000000E+00,    2.2322303071E+01,    2.2322303071E+01,    0.0000000000E+00,    0.0000000000E+00,    0.0000000000E+00,    2.2322303071E+01
     44850,      0.676922,CP12_end,   1,    0.0000000000E+00,    2.2322303071E+01,    2.2322303071E+01,    0.0000000000E+00,    0.0000000000E+00,    0.0000000000E+00,    2.2322303071E+01
     44900,      0.676922,CP0_start,   1,    0.0000000000E+00,    2.2369599516E+01,    2.2369599516E+01,    0.0000000000E+00,    0.0000000000E+00,    0.0000000000E+00,    2.2369599516E+01
     44900,      0.676922,CP1_after_deposition,   1,    0.0000000000E+00,    2.2369599516E+01,    2.2369599516E+01,    0.0000000000E+00,    0.0000000000E+00,    0.0000000000E+00,    2.2369599516E+01
     44900,      0.676922,CP2_after_erosion,   1,    0.0000000000E+00,    2.2369599516E+01,    2.2369599516E+01,    0.0000000000E+00,    0.0000000000E+00,    0.0000000000E+00,    2.2369599516E+01
     44900,      0.676922,CP3_after_update_bottom,   1,    0.0000000000E+00,    2.2369599516E+01,    2.2369599516E+01,    0.0000000000E+00,    0.0000000000E+00,    0.0000000000E+00,    2.2369599516E+01
     44900,      0.676922,CP4_after_advection,   1,    0.0000000000E+00,    2.2369763347E+01,    2.2369763347E+01,    0.0000000000E+00,    0.0000000000E+00,    0.0000000000E+00,    2.2369763347E+01
     44900,      0.676922,CP5_after_vdif,   1,    0.0000000000E+00,    2.2369763347E+01,    2.2369763347E+01,    0.0000000000E+00,    0.0000000000E+00,    0.0000000000E+00,    2.2369763347E+01
     44900,      0.676922,CP6_after_kinetics,   1,    0.0000000000E+00,    2.2369763347E+01,    2.2369763347E+01,    0.0000000000E+00,    0.0000000000E+00,    0.0000000000E+00,    2.2369763347E+01
     44900,      0.676922,CP7_after_upper_clamp,   1,    0.0000000000E+00,    2.2369763347E+01,    2.2369763347E+01,    0.0000000000E+00,    0.0000000000E+00,    0.0000000000E+00,    2.2369763347E+01
     44900,      0.676922,CP8_after_OBC,   1,    0.0000000000E+00,    2.2369763347E+01,    2.2369763347E+01,    0.0000000000E+00,    0.0000000000E+00,    0.0000000000E+00,    2.2369763347E+01
     44900,      0.676922,CP9_after_PTsource,   1,    0.0000000000E+00,    2.2369763347E+01,    2.2369763347E+01,    0.0000000000E+00,    0.0000000000E+00,    0.0000000000E+00,    2.2369763347E+01
     44900,      0.676922,CP10_after_neg_clamp,   1,    0.0000000000E+00,    2.2369763347E+01,    2.2369763347E+01,    0.0000000000E+00,    0.0000000000E+00,    0.0000000000E+00,    2.2369763347E+01
     44900,      0.676922,CP11_after_MPI,   1,    0.0000000000E+00,    2.2369763347E+01,    2.2369763347E+01,    0.0000000000E+00,    0.0000000000E+00,    0.0000000000E+00,    2.2369763347E+01
     44900,      0.676922,CP12_end,   1,    0.0000000000E+00,    2.2369763347E+01,    2.2369763347E+01,    0.0000000000E+00,    0.0000000000E+00,    0.0000000000E+00,    2.2369763347E+01
     44950,      0.676922,CP0_start,   1,    0.0000000000E+00,    2.2417110525E+01,    2.2417110525E+01,    0.0000000000E+00,    0.0000000000E+00,    0.0000000000E+00,    2.2417110525E+01
     44950,      0.676922,CP1_after_deposition,   1,    0.0000000000E+00,    2.2417110525E+01,    2.2417110525E+01,    0.0000000000E+00,    0.0000000000E+00,    0.0000000000E+00,    2.2417110525E+01
     44950,      0.676922,CP2_after_erosion,   1,    0.0000000000E+00,    2.2417110525E+01,    2.2417110525E+01,    0.0000000000E+00,    0.0000000000E+00,    0.0000000000E+00,    2.2417110525E+01
     44950,      0.676922,CP3_after_update_bottom,   1,    0.0000000000E+00,    2.2417110525E+01,    2.2417110525E+01,    0.0000000000E+00,    0.0000000000E+00,    0.0000000000E+00,    2.2417110525E+01
     44950,      0.676922,CP4_after_advection,   1,    0.0000000000E+00,    2.2417269143E+01,    2.2417269143E+01,    0.0000000000E+00,    0.0000000000E+00,    0.0000000000E+00,    2.2417269143E+01
     44950,      0.676922,CP5_after_vdif,   1,    0.0000000000E+00,    2.2417269143E+01,    2.2417269143E+01,    0.0000000000E+00,    0.0000000000E+00,    0.0000000000E+00,    2.2417269143E+01
     44950,      0.676922,CP6_after_kinetics,   1,    0.0000000000E+00,    2.2417269143E+01,    2.2417269143E+01,    0.0000000000E+00,    0.0000000000E+00,    0.0000000000E+00,    2.2417269143E+01
     44950,      0.676922,CP7_after_upper_clamp,   1,    0.0000000000E+00,    2.2417269143E+01,    2.2417269143E+01,    0.0000000000E+00,    0.0000000000E+00,    0.0000000000E+00,    2.2417269143E+01
     44950,      0.676922,CP8_after_OBC,   1,    0.0000000000E+00,    2.2417269143E+01,    2.2417269143E+01,    0.0000000000E+00,    0.0000000000E+00,    0.0000000000E+00,    2.2417269143E+01
     44950,      0.676922,CP9_after_PTsource,   1,    0.0000000000E+00,    2.2417269143E+01,    2.2417269143E+01,    0.0000000000E+00,    0.0000000000E+00,    0.0000000000E+00,    2.2417269143E+01
     44950,      0.676922,CP10_after_neg_clamp,   1,    0.0000000000E+00,    2.2417269143E+01,    2.2417269143E+01,    0.0000000000E+00,    0.0000000000E+00,    0.0000000000E+00,    2.2417269143E+01
     44950,      0.676922,CP11_after_MPI,   1,    0.0000000000E+00,    2.2417269143E+01,    2.2417269143E+01,    0.0000000000E+00,    0.0000000000E+00,    0.0000000000E+00,    2.2417269143E+01
     44950,      0.676922,CP12_end,   1,    0.0000000000E+00,    2.2417269143E+01,    2.2417269143E+01,    0.0000000000E+00,    0.0000000000E+00,    0.0000000000E+00,    2.2417269143E+01
     45000,      0.676922,CP0_start,   1,    0.0000000000E+00,    2.2464667796E+01,    2.2464667796E+01,    0.0000000000E+00,    0.0000000000E+00,    0.0000000000E+00,    2.2464667796E+01
     45000,      0.676922,CP1_after_deposition,   1,    0.0000000000E+00,    2.2464667796E+01,    2.2464667796E+01,    0.0000000000E+00,    0.0000000000E+00,    0.0000000000E+00,    2.2464667796E+01
     45000,      0.676922,CP2_after_erosion,   1,    0.0000000000E+00,    2.2464667796E+01,    2.2464667796E+01,    0.0000000000E+00,    0.0000000000E+00,    0.0000000000E+00,    2.2464667796E+01
     45000,      0.676922,CP3_after_update_bottom,   1,    0.0000000000E+00,    2.2464667796E+01,    2.2464667796E+01,    0.0000000000E+00,    0.0000000000E+00,    0.0000000000E+00,    2.2464667796E+01
     45000,      0.676922,CP4_after_advection,   1,    0.0000000000E+00,    2.2464822313E+01,    2.2464822313E+01,    0.0000000000E+00,    0.0000000000E+00,    0.0000000000E+00,    2.2464822313E+01
     45000,      0.676922,CP5_after_vdif,   1,    0.0000000000E+00,    2.2464822313E+01,    2.2464822313E+01,    0.0000000000E+00,    0.0000000000E+00,    0.0000000000E+00,    2.2464822313E+01
     45000,      0.676922,CP6_after_kinetics,   1,    0.0000000000E+00,    2.2464822313E+01,    2.2464822313E+01,    0.0000000000E+00,    0.0000000000E+00,    0.0000000000E+00,    2.2464822313E+01
     45000,      0.676922,CP7_after_upper_clamp,   1,    0.0000000000E+00,    2.2464822313E+01,    2.2464822313E+01,    0.0000000000E+00,    0.0000000000E+00,    0.0000000000E+00,    2.2464822313E+01
     45000,      0.676922,CP8_after_OBC,   1,    0.0000000000E+00,    2.2464822313E+01,    2.2464822313E+01,    0.0000000000E+00,    0.0000000000E+00,    0.0000000000E+00,    2.2464822313E+01
     45000,      0.676922,CP9_after_PTsource,   1,    0.0000000000E+00,    2.2464822313E+01,    2.2464822313E+01,    0.0000000000E+00,    0.0000000000E+00,    0.0000000000E+00,    2.2464822313E+01
     45000,      0.676922,CP10_after_neg_clamp,   1,    0.0000000000E+00,    2.2464822313E+01,    2.2464822313E+01,    0.0000000000E+00,    0.0000000000E+00,    0.0000000000E+00,    2.2464822313E+01
     45000,      0.676922,CP11_after_MPI,   1,    0.0000000000E+00,    2.2464822313E+01,    2.2464822313E+01,    0.0000000000E+00,    0.0000000000E+00,    0.0000000000E+00,    2.2464822313E+01
     45000,      0.676922,CP12_end,   1,    0.0000000000E+00,    2.2464822313E+01,    2.2464822313E+01,    0.0000000000E+00,    0.0000000000E+00,    0.0000000000E+00,    2.2464822313E+01
     45050,      0.676922,CP0_start,   1,    0.0000000000E+00,    2.2512282684E+01,    2.2512282684E+01,    0.0000000000E+00,    0.0000000000E+00,    0.0000000000E+00,    2.2512282684E+01
     45050,      0.676922,CP1_after_deposition,   1,    0.0000000000E+00,    2.2512282684E+01,    2.2512282684E+01,    0.0000000000E+00,    0.0000000000E+00,    0.0000000000E+00,    2.2512282684E+01
     45050,      0.676922,CP2_after_erosion,   1,    0.0000000000E+00,    2.2512282684E+01,    2.2512282684E+01,    0.0000000000E+00,    0.0000000000E+00,    0.0000000000E+00,    2.2512282684E+01
     45050,      0.676922,CP3_after_update_bottom,   1,    0.0000000000E+00,    2.2512282684E+01,    2.2512282684E+01,    0.0000000000E+00,    0.0000000000E+00,    0.0000000000E+00,    2.2512282684E+01
     45050,      0.676922,CP4_after_advection,   1,    0.0000000000E+00,    2.2512433666E+01,    2.2512433666E+01,    0.0000000000E+00,    0.0000000000E+00,    0.0000000000E+00,    2.2512433666E+01
     45050,      0.676922,CP5_after_vdif,   1,    0.0000000000E+00,    2.2512433666E+01,    2.2512433666E+01,    0.0000000000E+00,    0.0000000000E+00,    0.0000000000E+00,    2.2512433666E+01
     45050,      0.676922,CP6_after_kinetics,   1,    0.0000000000E+00,    2.2512433666E+01,    2.2512433666E+01,    0.0000000000E+00,    0.0000000000E+00,    0.0000000000E+00,    2.2512433666E+01
     45050,      0.676922,CP7_after_upper_clamp,   1,    0.0000000000E+00,    2.2512433666E+01,    2.2512433666E+01,    0.0000000000E+00,    0.0000000000E+00,    0.0000000000E+00,    2.2512433666E+01
     45050,      0.676922,CP8_after_OBC,   1,    0.0000000000E+00,    2.2512433666E+01,    2.2512433666E+01,    0.0000000000E+00,    0.0000000000E+00,    0.0000000000E+00,    2.2512433666E+01
     45050,      0.676922,CP9_after_PTsource,   1,    0.0000000000E+00,    2.2512433666E+01,    2.2512433666E+01,    0.0000000000E+00,    0.0000000000E+00,    0.0000000000E+00,    2.2512433666E+01
     45050,      0.676922,CP10_after_neg_clamp,   1,    0.0000000000E+00,    2.2512433666E+01,    2.2512433666E+01,    0.0000000000E+00,    0.0000000000E+00,    0.0000000000E+00,    2.2512433666E+01
     45050,      0.676922,CP11_after_MPI,   1,    0.0000000000E+00,    2.2512433666E+01,    2.2512433666E+01,    0.0000000000E+00,    0.0000000000E+00,    0.0000000000E+00,    2.2512433666E+01
     45050,      0.676922,CP12_end,   1,    0.0000000000E+00,    2.2512433666E+01,    2.2512433666E+01,    0.0000000000E+00,    0.0000000000E+00,    0.0000000000E+00,    2.2512433666E+01
     45100,      0.676922,CP0_start,   1,    0.0000000000E+00,    2.2559940502E+01,    2.2559940502E+01,    0.0000000000E+00,    0.0000000000E+00,    0.0000000000E+00,    2.2559940502E+01
     45100,      0.676922,CP1_after_deposition,   1,    0.0000000000E+00,    2.2559940502E+01,    2.2559940502E+01,    0.0000000000E+00,    0.0000000000E+00,    0.0000000000E+00,    2.2559940502E+01
     45100,      0.676922,CP2_after_erosion,   1,    0.0000000000E+00,    2.2559940502E+01,    2.2559940502E+01,    0.0000000000E+00,    0.0000000000E+00,    0.0000000000E+00,    2.2559940502E+01
     45100,      0.676922,CP3_after_update_bottom,   1,    0.0000000000E+00,    2.2559940502E+01,    2.2559940502E+01,    0.0000000000E+00,    0.0000000000E+00,    0.0000000000E+00,    2.2559940502E+01
     45100,      0.676922,CP4_after_advection,   1,    0.0000000000E+00,    2.2560087898E+01,    2.2560087898E+01,    0.0000000000E+00,    0.0000000000E+00,    0.0000000000E+00,    2.2560087898E+01
     45100,      0.676922,CP5_after_vdif,   1,    0.0000000000E+00,    2.2560087898E+01,    2.2560087898E+01,    0.0000000000E+00,    0.0000000000E+00,    0.0000000000E+00,    2.2560087898E+01
     45100,      0.676922,CP6_after_kinetics,   1,    0.0000000000E+00,    2.2560087898E+01,    2.2560087898E+01,    0.0000000000E+00,    0.0000000000E+00,    0.0000000000E+00,    2.2560087898E+01
     45100,      0.676922,CP7_after_upper_clamp,   1,    0.0000000000E+00,    2.2560087898E+01,    2.2560087898E+01,    0.0000000000E+00,    0.0000000000E+00,    0.0000000000E+00,    2.2560087898E+01
     45100,      0.676922,CP8_after_OBC,   1,    0.0000000000E+00,    2.2560087898E+01,    2.2560087898E+01,    0.0000000000E+00,    0.0000000000E+00,    0.0000000000E+00,    2.2560087898E+01
     45100,      0.676922,CP9_after_PTsource,   1,    0.0000000000E+00,    2.2560087898E+01,    2.2560087898E+01,    0.0000000000E+00,    0.0000000000E+00,    0.0000000000E+00,    2.2560087898E+01
     45100,      0.676922,CP10_after_neg_clamp,   1,    0.0000000000E+00,    2.2560087898E+01,    2.2560087898E+01,    0.0000000000E+00,    0.0000000000E+00,    0.0000000000E+00,    2.2560087898E+01
     45100,      0.676922,CP11_after_MPI,   1,    0.0000000000E+00,    2.2560087898E+01,    2.2560087898E+01,    0.0000000000E+00,    0.0000000000E+00,    0.0000000000E+00,    2.2560087898E+01
     45100,      0.676922,CP12_end,   1,    0.0000000000E+00,    2.2560087898E+01,    2.2560087898E+01,    0.0000000000E+00,    0.0000000000E+00,    0.0000000000E+00,    2.2560087898E+01
     45150,      0.676922,CP0_start,   1,    0.0000000000E+00,    2.2607653769E+01,    2.2607653769E+01,    0.0000000000E+00,    0.0000000000E+00,    0.0000000000E+00,    2.2607653769E+01
     45150,      0.676922,CP1_after_deposition,   1,    0.0000000000E+00,    2.2607653769E+01,    2.2607653769E+01,    0.0000000000E+00,    0.0000000000E+00,    0.0000000000E+00,    2.2607653769E+01
     45150,      0.676922,CP2_after_erosion,   1,    0.0000000000E+00,    2.2607653769E+01,    2.2607653769E+01,    0.0000000000E+00,    0.0000000000E+00,    0.0000000000E+00,    2.2607653769E+01
     45150,      0.676922,CP3_after_update_bottom,   1,    0.0000000000E+00,    2.2607653769E+01,    2.2607653769E+01,    0.0000000000E+00,    0.0000000000E+00,    0.0000000000E+00,    2.2607653769E+01
     45150,      0.676922,CP4_after_advection,   1,    0.0000000000E+00,    2.2607797902E+01,    2.2607797902E+01,    0.0000000000E+00,    0.0000000000E+00,    0.0000000000E+00,    2.2607797902E+01
     45150,      0.676922,CP5_after_vdif,   1,    0.0000000000E+00,    2.2607797902E+01,    2.2607797902E+01,    0.0000000000E+00,    0.0000000000E+00,    0.0000000000E+00,    2.2607797902E+01
     45150,      0.676922,CP6_after_kinetics,   1,    0.0000000000E+00,    2.2607797902E+01,    2.2607797902E+01,    0.0000000000E+00,    0.0000000000E+00,    0.0000000000E+00,    2.2607797902E+01
     45150,      0.676922,CP7_after_upper_clamp,   1,    0.0000000000E+00,    2.2607797902E+01,    2.2607797902E+01,    0.0000000000E+00,    0.0000000000E+00,    0.0000000000E+00,    2.2607797902E+01
     45150,      0.676922,CP8_after_OBC,   1,    0.0000000000E+00,    2.2607797902E+01,    2.2607797902E+01,    0.0000000000E+00,    0.0000000000E+00,    0.0000000000E+00,    2.2607797902E+01
     45150,      0.676922,CP9_after_PTsource,   1,    0.0000000000E+00,    2.2607797902E+01,    2.2607797902E+01,    0.0000000000E+00,    0.0000000000E+00,    0.0000000000E+00,    2.2607797902E+01
     45150,      0.676922,CP10_after_neg_clamp,   1,    0.0000000000E+00,    2.2607797902E+01,    2.2607797902E+01,    0.0000000000E+00,    0.0000000000E+00,    0.0000000000E+00,    2.2607797902E+01
     45150,      0.676922,CP11_after_MPI,   1,    0.0000000000E+00,    2.2607797902E+01,    2.2607797902E+01,    0.0000000000E+00,    0.0000000000E+00,    0.0000000000E+00,    2.2607797902E+01
     45150,      0.676922,CP12_end,   1,    0.0000000000E+00,    2.2607797902E+01,    2.2607797902E+01,    0.0000000000E+00,    0.0000000000E+00,    0.0000000000E+00,    2.2607797902E+01
     45200,      0.676922,CP0_start,   1,    0.0000000000E+00,    2.2655418806E+01,    2.2655418806E+01,    0.0000000000E+00,    0.0000000000E+00,    0.0000000000E+00,    2.2655418806E+01
     45200,      0.676922,CP1_after_deposition,   1,    0.0000000000E+00,    2.2655418806E+01,    2.2655418806E+01,    0.0000000000E+00,    0.0000000000E+00,    0.0000000000E+00,    2.2655418806E+01
     45200,      0.676922,CP2_after_erosion,   1,    0.0000000000E+00,    2.2655418806E+01,    2.2655418806E+01,    0.0000000000E+00,    0.0000000000E+00,    0.0000000000E+00,    2.2655418806E+01
     45200,      0.676922,CP3_after_update_bottom,   1,    0.0000000000E+00,    2.2655418806E+01,    2.2655418806E+01,    0.0000000000E+00,    0.0000000000E+00,    0.0000000000E+00,    2.2655418806E+01
     45200,      0.676922,CP4_after_advection,   1,    0.0000000000E+00,    2.2655560324E+01,    2.2655560324E+01,    0.0000000000E+00,    0.0000000000E+00,    0.0000000000E+00,    2.2655560324E+01
     45200,      0.676922,CP5_after_vdif,   1,    0.0000000000E+00,    2.2655560324E+01,    2.2655560324E+01,    0.0000000000E+00,    0.0000000000E+00,    0.0000000000E+00,    2.2655560324E+01
     45200,      0.676922,CP6_after_kinetics,   1,    0.0000000000E+00,    2.2655560324E+01,    2.2655560324E+01,    0.0000000000E+00,    0.0000000000E+00,    0.0000000000E+00,    2.2655560324E+01
     45200,      0.676922,CP7_after_upper_clamp,   1,    0.0000000000E+00,    2.2655560324E+01,    2.2655560324E+01,    0.0000000000E+00,    0.0000000000E+00,    0.0000000000E+00,    2.2655560324E+01
     45200,      0.676922,CP8_after_OBC,   1,    0.0000000000E+00,    2.2655560324E+01,    2.2655560324E+01,    0.0000000000E+00,    0.0000000000E+00,    0.0000000000E+00,    2.2655560324E+01
     45200,      0.676922,CP9_after_PTsource,   1,    0.0000000000E+00,    2.2655560324E+01,    2.2655560324E+01,    0.0000000000E+00,    0.0000000000E+00,    0.0000000000E+00,    2.2655560324E+01
     45200,      0.676922,CP10_after_neg_clamp,   1,    0.0000000000E+00,    2.2655560324E+01,    2.2655560324E+01,    0.0000000000E+00,    0.0000000000E+00,    0.0000000000E+00,    2.2655560324E+01
     45200,      0.676922,CP11_after_MPI,   1,    0.0000000000E+00,    2.2655560324E+01,    2.2655560324E+01,    0.0000000000E+00,    0.0000000000E+00,    0.0000000000E+00,    2.2655560324E+01
     45200,      0.676922,CP12_end,   1,    0.0000000000E+00,    2.2655560324E+01,    2.2655560324E+01,    0.0000000000E+00,    0.0000000000E+00,    0.0000000000E+00,    2.2655560324E+01
     45250,      0.676922,CP0_start,   1,    0.0000000000E+00,    2.2703248046E+01,    2.2703248046E+01,    0.0000000000E+00,    0.0000000000E+00,    0.0000000000E+00,    2.2703248046E+01
     45250,      0.676922,CP1_after_deposition,   1,    0.0000000000E+00,    2.2703248046E+01,    2.2703248046E+01,    0.0000000000E+00,    0.0000000000E+00,    0.0000000000E+00,    2.2703248046E+01
     45250,      0.676922,CP2_after_erosion,   1,    0.0000000000E+00,    2.2703248046E+01,    2.2703248046E+01,    0.0000000000E+00,    0.0000000000E+00,    0.0000000000E+00,    2.2703248046E+01
     45250,      0.676922,CP3_after_update_bottom,   1,    0.0000000000E+00,    2.2703248046E+01,    2.2703248046E+01,    0.0000000000E+00,    0.0000000000E+00,    0.0000000000E+00,    2.2703248046E+01
     45250,      0.676922,CP4_after_advection,   1,    0.0000000000E+00,    2.2703387666E+01,    2.2703387666E+01,    0.0000000000E+00,    0.0000000000E+00,    0.0000000000E+00,    2.2703387666E+01
     45250,      0.676922,CP5_after_vdif,   1,    0.0000000000E+00,    2.2703387666E+01,    2.2703387666E+01,    0.0000000000E+00,    0.0000000000E+00,    0.0000000000E+00,    2.2703387666E+01
     45250,      0.676922,CP6_after_kinetics,   1,    0.0000000000E+00,    2.2703387666E+01,    2.2703387666E+01,    0.0000000000E+00,    0.0000000000E+00,    0.0000000000E+00,    2.2703387666E+01
     45250,      0.676922,CP7_after_upper_clamp,   1,    0.0000000000E+00,    2.2703387666E+01,    2.2703387666E+01,    0.0000000000E+00,    0.0000000000E+00,    0.0000000000E+00,    2.2703387666E+01
     45250,      0.676922,CP8_after_OBC,   1,    0.0000000000E+00,    2.2703387666E+01,    2.2703387666E+01,    0.0000000000E+00,    0.0000000000E+00,    0.0000000000E+00,    2.2703387666E+01
     45250,      0.676922,CP9_after_PTsource,   1,    0.0000000000E+00,    2.2703387666E+01,    2.2703387666E+01,    0.0000000000E+00,    0.0000000000E+00,    0.0000000000E+00,    2.2703387666E+01
     45250,      0.676922,CP10_after_neg_clamp,   1,    0.0000000000E+00,    2.2703387666E+01,    2.2703387666E+01,    0.0000000000E+00,    0.0000000000E+00,    0.0000000000E+00,    2.2703387666E+01
     45250,      0.676922,CP11_after_MPI,   1,    0.0000000000E+00,    2.2703387666E+01,    2.2703387666E+01,    0.0000000000E+00,    0.0000000000E+00,    0.0000000000E+00,    2.2703387666E+01
     45250,      0.676922,CP12_end,   1,    0.0000000000E+00,    2.2703387666E+01,    2.2703387666E+01,    0.0000000000E+00,    0.0000000000E+00,    0.0000000000E+00,    2.2703387666E+01
     45300,      0.676922,CP0_start,   1,    0.0000000000E+00,    2.2751125729E+01,    2.2751125729E+01,    0.0000000000E+00,    0.0000000000E+00,    0.0000000000E+00,    2.2751125729E+01
     45300,      0.676922,CP1_after_deposition,   1,    0.0000000000E+00,    2.2751125729E+01,    2.2751125729E+01,    0.0000000000E+00,    0.0000000000E+00,    0.0000000000E+00,    2.2751125729E+01
     45300,      0.676922,CP2_after_erosion,   1,    0.0000000000E+00,    2.2751125729E+01,    2.2751125729E+01,    0.0000000000E+00,    0.0000000000E+00,    0.0000000000E+00,    2.2751125729E+01
     45300,      0.676922,CP3_after_update_bottom,   1,    0.0000000000E+00,    2.2751125729E+01,    2.2751125729E+01,    0.0000000000E+00,    0.0000000000E+00,    0.0000000000E+00,    2.2751125729E+01
     45300,      0.676922,CP4_after_advection,   1,    0.0000000000E+00,    2.2751263600E+01,    2.2751263600E+01,    0.0000000000E+00,    0.0000000000E+00,    0.0000000000E+00,    2.2751263600E+01
     45300,      0.676922,CP5_after_vdif,   1,    0.0000000000E+00,    2.2751263600E+01,    2.2751263600E+01,    0.0000000000E+00,    0.0000000000E+00,    0.0000000000E+00,    2.2751263600E+01
     45300,      0.676922,CP6_after_kinetics,   1,    0.0000000000E+00,    2.2751263600E+01,    2.2751263600E+01,    0.0000000000E+00,    0.0000000000E+00,    0.0000000000E+00,    2.2751263600E+01
     45300,      0.676922,CP7_after_upper_clamp,   1,    0.0000000000E+00,    2.2751263600E+01,    2.2751263600E+01,    0.0000000000E+00,    0.0000000000E+00,    0.0000000000E+00,    2.2751263600E+01
     45300,      0.676922,CP8_after_OBC,   1,    0.0000000000E+00,    2.2751263600E+01,    2.2751263600E+01,    0.0000000000E+00,    0.0000000000E+00,    0.0000000000E+00,    2.2751263600E+01
     45300,      0.676922,CP9_after_PTsource,   1,    0.0000000000E+00,    2.2751263600E+01,    2.2751263600E+01,    0.0000000000E+00,    0.0000000000E+00,    0.0000000000E+00,    2.2751263600E+01
     45300,      0.676922,CP10_after_neg_clamp,   1,    0.0000000000E+00,    2.2751263600E+01,    2.2751263600E+01,    0.0000000000E+00,    0.0000000000E+00,    0.0000000000E+00,    2.2751263600E+01
     45300,      0.676922,CP11_after_MPI,   1,    0.0000000000E+00,    2.2751263600E+01,    2.2751263600E+01,    0.0000000000E+00,    0.0000000000E+00,    0.0000000000E+00,    2.2751263600E+01
     45300,      0.676922,CP12_end,   1,    0.0000000000E+00,    2.2751263600E+01,    2.2751263600E+01,    0.0000000000E+00,    0.0000000000E+00,    0.0000000000E+00,    2.2751263600E+01
     45350,      0.676922,CP0_start,   1,    0.0000000000E+00,    2.2799057785E+01,    2.2799057785E+01,    0.0000000000E+00,    0.0000000000E+00,    0.0000000000E+00,    2.2799057785E+01
     45350,      0.676922,CP1_after_deposition,   1,    0.0000000000E+00,    2.2799057785E+01,    2.2799057785E+01,    0.0000000000E+00,    0.0000000000E+00,    0.0000000000E+00,    2.2799057785E+01
     45350,      0.676922,CP2_after_erosion,   1,    0.0000000000E+00,    2.2799057785E+01,    2.2799057785E+01,    0.0000000000E+00,    0.0000000000E+00,    0.0000000000E+00,    2.2799057785E+01
     45350,      0.676922,CP3_after_update_bottom,   1,    0.0000000000E+00,    2.2799057785E+01,    2.2799057785E+01,    0.0000000000E+00,    0.0000000000E+00,    0.0000000000E+00,    2.2799057785E+01
     45350,      0.676922,CP4_after_advection,   1,    0.0000000000E+00,    2.2799193690E+01,    2.2799193690E+01,    0.0000000000E+00,    0.0000000000E+00,    0.0000000000E+00,    2.2799193690E+01
     45350,      0.676922,CP5_after_vdif,   1,    0.0000000000E+00,    2.2799193690E+01,    2.2799193690E+01,    0.0000000000E+00,    0.0000000000E+00,    0.0000000000E+00,    2.2799193690E+01
     45350,      0.676922,CP6_after_kinetics,   1,    0.0000000000E+00,    2.2799193690E+01,    2.2799193690E+01,    0.0000000000E+00,    0.0000000000E+00,    0.0000000000E+00,    2.2799193690E+01
     45350,      0.676922,CP7_after_upper_clamp,   1,    0.0000000000E+00,    2.2799193690E+01,    2.2799193690E+01,    0.0000000000E+00,    0.0000000000E+00,    0.0000000000E+00,    2.2799193690E+01
     45350,      0.676922,CP8_after_OBC,   1,    0.0000000000E+00,    2.2799193690E+01,    2.2799193690E+01,    0.0000000000E+00,    0.0000000000E+00,    0.0000000000E+00,    2.2799193690E+01
     45350,      0.676922,CP9_after_PTsource,   1,    0.0000000000E+00,    2.2799193690E+01,    2.2799193690E+01,    0.0000000000E+00,    0.0000000000E+00,    0.0000000000E+00,    2.2799193690E+01
     45350,      0.676922,CP10_after_neg_clamp,   1,    0.0000000000E+00,    2.2799193690E+01,    2.2799193690E+01,    0.0000000000E+00,    0.0000000000E+00,    0.0000000000E+00,    2.2799193690E+01
     45350,      0.676922,CP11_after_MPI,   1,    0.0000000000E+00,    2.2799193690E+01,    2.2799193690E+01,    0.0000000000E+00,    0.0000000000E+00,    0.0000000000E+00,    2.2799193690E+01
     45350,      0.676922,CP12_end,   1,    0.0000000000E+00,    2.2799193690E+01,    2.2799193690E+01,    0.0000000000E+00,    0.0000000000E+00,    0.0000000000E+00,    2.2799193690E+01
     45400,      0.676922,CP0_start,   1,    0.0000000000E+00,    2.2847058092E+01,    2.2847058092E+01,    0.0000000000E+00,    0.0000000000E+00,    0.0000000000E+00,    2.2847058092E+01
     45400,      0.676922,CP1_after_deposition,   1,    0.0000000000E+00,    2.2847058092E+01,    2.2847058092E+01,    0.0000000000E+00,    0.0000000000E+00,    0.0000000000E+00,    2.2847058092E+01
     45400,      0.676922,CP2_after_erosion,   1,    0.0000000000E+00,    2.2847058092E+01,    2.2847058092E+01,    0.0000000000E+00,    0.0000000000E+00,    0.0000000000E+00,    2.2847058092E+01
     45400,      0.676922,CP3_after_update_bottom,   1,    0.0000000000E+00,    2.2847058092E+01,    2.2847058092E+01,    0.0000000000E+00,    0.0000000000E+00,    0.0000000000E+00,    2.2847058092E+01
     45400,      0.676922,CP4_after_advection,   1,    0.0000000000E+00,    2.2847191287E+01,    2.2847191287E+01,    0.0000000000E+00,    0.0000000000E+00,    0.0000000000E+00,    2.2847191287E+01
     45400,      0.676922,CP5_after_vdif,   1,    0.0000000000E+00,    2.2847191287E+01,    2.2847191287E+01,    0.0000000000E+00,    0.0000000000E+00,    0.0000000000E+00,    2.2847191287E+01
     45400,      0.676922,CP6_after_kinetics,   1,    0.0000000000E+00,    2.2847191287E+01,    2.2847191287E+01,    0.0000000000E+00,    0.0000000000E+00,    0.0000000000E+00,    2.2847191287E+01
     45400,      0.676922,CP7_after_upper_clamp,   1,    0.0000000000E+00,    2.2847191287E+01,    2.2847191287E+01,    0.0000000000E+00,    0.0000000000E+00,    0.0000000000E+00,    2.2847191287E+01
     45400,      0.676922,CP8_after_OBC,   1,    0.0000000000E+00,    2.2847191287E+01,    2.2847191287E+01,    0.0000000000E+00,    0.0000000000E+00,    0.0000000000E+00,    2.2847191287E+01
     45400,      0.676922,CP9_after_PTsource,   1,    0.0000000000E+00,    2.2847191287E+01,    2.2847191287E+01,    0.0000000000E+00,    0.0000000000E+00,    0.0000000000E+00,    2.2847191287E+01
     45400,      0.676922,CP10_after_neg_clamp,   1,    0.0000000000E+00,    2.2847191287E+01,    2.2847191287E+01,    0.0000000000E+00,    0.0000000000E+00,    0.0000000000E+00,    2.2847191287E+01
     45400,      0.676922,CP11_after_MPI,   1,    0.0000000000E+00,    2.2847191287E+01,    2.2847191287E+01,    0.0000000000E+00,    0.0000000000E+00,    0.0000000000E+00,    2.2847191287E+01
     45400,      0.676922,CP12_end,   1,    0.0000000000E+00,    2.2847191287E+01,    2.2847191287E+01,    0.0000000000E+00,    0.0000000000E+00,    0.0000000000E+00,    2.2847191287E+01
     45450,      0.676922,CP0_start,   1,    0.0000000000E+00,    2.2895108158E+01,    2.2895108158E+01,    0.0000000000E+00,    0.0000000000E+00,    0.0000000000E+00,    2.2895108158E+01
     45450,      0.676922,CP1_after_deposition,   1,    0.0000000000E+00,    2.2895108158E+01,    2.2895108158E+01,    0.0000000000E+00,    0.0000000000E+00,    0.0000000000E+00,    2.2895108158E+01
     45450,      0.676922,CP2_after_erosion,   1,    0.0000000000E+00,    2.2895108158E+01,    2.2895108158E+01,    0.0000000000E+00,    0.0000000000E+00,    0.0000000000E+00,    2.2895108158E+01
     45450,      0.676922,CP3_after_update_bottom,   1,    0.0000000000E+00,    2.2895108158E+01,    2.2895108158E+01,    0.0000000000E+00,    0.0000000000E+00,    0.0000000000E+00,    2.2895108158E+01
     45450,      0.676922,CP4_after_advection,   1,    0.0000000000E+00,    2.2895242430E+01,    2.2895242430E+01,    0.0000000000E+00,    0.0000000000E+00,    0.0000000000E+00,    2.2895242430E+01
     45450,      0.676922,CP5_after_vdif,   1,    0.0000000000E+00,    2.2895242430E+01,    2.2895242430E+01,    0.0000000000E+00,    0.0000000000E+00,    0.0000000000E+00,    2.2895242430E+01
     45450,      0.676922,CP6_after_kinetics,   1,    0.0000000000E+00,    2.2895242430E+01,    2.2895242430E+01,    0.0000000000E+00,    0.0000000000E+00,    0.0000000000E+00,    2.2895242430E+01
     45450,      0.676922,CP7_after_upper_clamp,   1,    0.0000000000E+00,    2.2895242430E+01,    2.2895242430E+01,    0.0000000000E+00,    0.0000000000E+00,    0.0000000000E+00,    2.2895242430E+01
     45450,      0.676922,CP8_after_OBC,   1,    0.0000000000E+00,    2.2895242430E+01,    2.2895242430E+01,    0.0000000000E+00,    0.0000000000E+00,    0.0000000000E+00,    2.2895242430E+01
     45450,      0.676922,CP9_after_PTsource,   1,    0.0000000000E+00,    2.2895242430E+01,    2.2895242430E+01,    0.0000000000E+00,    0.0000000000E+00,    0.0000000000E+00,    2.2895242430E+01
     45450,      0.676922,CP10_after_neg_clamp,   1,    0.0000000000E+00,    2.2895242430E+01,    2.2895242430E+01,    0.0000000000E+00,    0.0000000000E+00,    0.0000000000E+00,    2.2895242430E+01
     45450,      0.676922,CP11_after_MPI,   1,    0.0000000000E+00,    2.2895242430E+01,    2.2895242430E+01,    0.0000000000E+00,    0.0000000000E+00,    0.0000000000E+00,    2.2895242430E+01
     45450,      0.676922,CP12_end,   1,    0.0000000000E+00,    2.2895242430E+01,    2.2895242430E+01,    0.0000000000E+00,    0.0000000000E+00,    0.0000000000E+00,    2.2895242430E+01
     45500,      0.676922,CP0_start,   1,    0.0000000000E+00,    2.2943235123E+01,    2.2943235123E+01,    0.0000000000E+00,    0.0000000000E+00,    0.0000000000E+00,    2.2943235123E+01
     45500,      0.676922,CP1_after_deposition,   1,    0.0000000000E+00,    2.2943235123E+01,    2.2943235123E+01,    0.0000000000E+00,    0.0000000000E+00,    0.0000000000E+00,    2.2943235123E+01
     45500,      0.676922,CP2_after_erosion,   1,    0.0000000000E+00,    2.2943235123E+01,    2.2943235123E+01,    0.0000000000E+00,    0.0000000000E+00,    0.0000000000E+00,    2.2943235123E+01
     45500,      0.676922,CP3_after_update_bottom,   1,    0.0000000000E+00,    2.2943235123E+01,    2.2943235123E+01,    0.0000000000E+00,    0.0000000000E+00,    0.0000000000E+00,    2.2943235123E+01
     45500,      0.676922,CP4_after_advection,   1,    0.0000000000E+00,    2.2943371733E+01,    2.2943371733E+01,    0.0000000000E+00,    0.0000000000E+00,    0.0000000000E+00,    2.2943371733E+01
     45500,      0.676922,CP5_after_vdif,   1,    0.0000000000E+00,    2.2943371733E+01,    2.2943371733E+01,    0.0000000000E+00,    0.0000000000E+00,    0.0000000000E+00,    2.2943371733E+01
     45500,      0.676922,CP6_after_kinetics,   1,    0.0000000000E+00,    2.2943371733E+01,    2.2943371733E+01,    0.0000000000E+00,    0.0000000000E+00,    0.0000000000E+00,    2.2943371733E+01
     45500,      0.676922,CP7_after_upper_clamp,   1,    0.0000000000E+00,    2.2943371733E+01,    2.2943371733E+01,    0.0000000000E+00,    0.0000000000E+00,    0.0000000000E+00,    2.2943371733E+01
     45500,      0.676922,CP8_after_OBC,   1,    0.0000000000E+00,    2.2943371733E+01,    2.2943371733E+01,    0.0000000000E+00,    0.0000000000E+00,    0.0000000000E+00,    2.2943371733E+01
     45500,      0.676922,CP9_after_PTsource,   1,    0.0000000000E+00,    2.2943371733E+01,    2.2943371733E+01,    0.0000000000E+00,    0.0000000000E+00,    0.0000000000E+00,    2.2943371733E+01
     45500,      0.676922,CP10_after_neg_clamp,   1,    0.0000000000E+00,    2.2943371733E+01,    2.2943371733E+01,    0.0000000000E+00,    0.0000000000E+00,    0.0000000000E+00,    2.2943371733E+01
     45500,      0.676922,CP11_after_MPI,   1,    0.0000000000E+00,    2.2943371733E+01,    2.2943371733E+01,    0.0000000000E+00,    0.0000000000E+00,    0.0000000000E+00,    2.2943371733E+01
     45500,      0.676922,CP12_end,   1,    0.0000000000E+00,    2.2943371733E+01,    2.2943371733E+01,    0.0000000000E+00,    0.0000000000E+00,    0.0000000000E+00,    2.2943371733E+01
     45550,      0.676922,CP0_start,   1,    0.0000000000E+00,    2.2991430671E+01,    2.2991430671E+01,    0.0000000000E+00,    0.0000000000E+00,    0.0000000000E+00,    2.2991430671E+01
     45550,      0.676922,CP1_after_deposition,   1,    0.0000000000E+00,    2.2991430671E+01,    2.2991430671E+01,    0.0000000000E+00,    0.0000000000E+00,    0.0000000000E+00,    2.2991430671E+01
     45550,      0.676922,CP2_after_erosion,   1,    0.0000000000E+00,    2.2991430671E+01,    2.2991430671E+01,    0.0000000000E+00,    0.0000000000E+00,    0.0000000000E+00,    2.2991430671E+01
     45550,      0.676922,CP3_after_update_bottom,   1,    0.0000000000E+00,    2.2991430671E+01,    2.2991430671E+01,    0.0000000000E+00,    0.0000000000E+00,    0.0000000000E+00,    2.2991430671E+01
     45550,      0.676922,CP4_after_advection,   1,    0.0000000000E+00,    2.2991567994E+01,    2.2991567994E+01,    0.0000000000E+00,    0.0000000000E+00,    0.0000000000E+00,    2.2991567994E+01
     45550,      0.676922,CP5_after_vdif,   1,    0.0000000000E+00,    2.2991567994E+01,    2.2991567994E+01,    0.0000000000E+00,    0.0000000000E+00,    0.0000000000E+00,    2.2991567994E+01
     45550,      0.676922,CP6_after_kinetics,   1,    0.0000000000E+00,    2.2991567994E+01,    2.2991567994E+01,    0.0000000000E+00,    0.0000000000E+00,    0.0000000000E+00,    2.2991567994E+01
     45550,      0.676922,CP7_after_upper_clamp,   1,    0.0000000000E+00,    2.2991567994E+01,    2.2991567994E+01,    0.0000000000E+00,    0.0000000000E+00,    0.0000000000E+00,    2.2991567994E+01
     45550,      0.676922,CP8_after_OBC,   1,    0.0000000000E+00,    2.2991567994E+01,    2.2991567994E+01,    0.0000000000E+00,    0.0000000000E+00,    0.0000000000E+00,    2.2991567994E+01
     45550,      0.676922,CP9_after_PTsource,   1,    0.0000000000E+00,    2.2991567994E+01,    2.2991567994E+01,    0.0000000000E+00,    0.0000000000E+00,    0.0000000000E+00,    2.2991567994E+01
     45550,      0.676922,CP10_after_neg_clamp,   1,    0.0000000000E+00,    2.2991567994E+01,    2.2991567994E+01,    0.0000000000E+00,    0.0000000000E+00,    0.0000000000E+00,    2.2991567994E+01
     45550,      0.676922,CP11_after_MPI,   1,    0.0000000000E+00,    2.2991567994E+01,    2.2991567994E+01,    0.0000000000E+00,    0.0000000000E+00,    0.0000000000E+00,    2.2991567994E+01
     45550,      0.676922,CP12_end,   1,    0.0000000000E+00,    2.2991567994E+01,    2.2991567994E+01,    0.0000000000E+00,    0.0000000000E+00,    0.0000000000E+00,    2.2991567994E+01
     45600,      0.676922,CP0_start,   1,    0.0000000000E+00,    2.3039686700E+01,    2.3039686700E+01,    0.0000000000E+00,    0.0000000000E+00,    0.0000000000E+00,    2.3039686700E+01
     45600,      0.676922,CP1_after_deposition,   1,    0.0000000000E+00,    2.3039686700E+01,    2.3039686700E+01,    0.0000000000E+00,    0.0000000000E+00,    0.0000000000E+00,    2.3039686700E+01
     45600,      0.676922,CP2_after_erosion,   1,    0.0000000000E+00,    2.3039686700E+01,    2.3039686700E+01,    0.0000000000E+00,    0.0000000000E+00,    0.0000000000E+00,    2.3039686700E+01
     45600,      0.676922,CP3_after_update_bottom,   1,    0.0000000000E+00,    2.3039686700E+01,    2.3039686700E+01,    0.0000000000E+00,    0.0000000000E+00,    0.0000000000E+00,    2.3039686700E+01
     45600,      0.676922,CP4_after_advection,   1,    0.0000000000E+00,    2.3039825661E+01,    2.3039825661E+01,    0.0000000000E+00,    0.0000000000E+00,    0.0000000000E+00,    2.3039825661E+01
     45600,      0.676922,CP5_after_vdif,   1,    0.0000000000E+00,    2.3039825661E+01,    2.3039825661E+01,    0.0000000000E+00,    0.0000000000E+00,    0.0000000000E+00,    2.3039825661E+01
     45600,      0.676922,CP6_after_kinetics,   1,    0.0000000000E+00,    2.3039825661E+01,    2.3039825661E+01,    0.0000000000E+00,    0.0000000000E+00,    0.0000000000E+00,    2.3039825661E+01
     45600,      0.676922,CP7_after_upper_clamp,   1,    0.0000000000E+00,    2.3039825661E+01,    2.3039825661E+01,    0.0000000000E+00,    0.0000000000E+00,    0.0000000000E+00,    2.3039825661E+01
     45600,      0.676922,CP8_after_OBC,   1,    0.0000000000E+00,    2.3039825661E+01,    2.3039825661E+01,    0.0000000000E+00,    0.0000000000E+00,    0.0000000000E+00,    2.3039825661E+01
     45600,      0.676922,CP9_after_PTsource,   1,    0.0000000000E+00,    2.3039825661E+01,    2.3039825661E+01,    0.0000000000E+00,    0.0000000000E+00,    0.0000000000E+00,    2.3039825661E+01
     45600,      0.676922,CP10_after_neg_clamp,   1,    0.0000000000E+00,    2.3039825661E+01,    2.3039825661E+01,    0.0000000000E+00,    0.0000000000E+00,    0.0000000000E+00,    2.3039825661E+01
     45600,      0.676922,CP11_after_MPI,   1,    0.0000000000E+00,    2.3039825661E+01,    2.3039825661E+01,    0.0000000000E+00,    0.0000000000E+00,    0.0000000000E+00,    2.3039825661E+01
     45600,      0.676922,CP12_end,   1,    0.0000000000E+00,    2.3039825661E+01,    2.3039825661E+01,    0.0000000000E+00,    0.0000000000E+00,    0.0000000000E+00,    2.3039825661E+01
     45650,      0.676922,CP0_start,   1,    0.0000000000E+00,    2.3088007544E+01,    2.3088007544E+01,    0.0000000000E+00,    0.0000000000E+00,    0.0000000000E+00,    2.3088007544E+01
     45650,      0.676922,CP1_after_deposition,   1,    0.0000000000E+00,    2.3088007544E+01,    2.3088007544E+01,    0.0000000000E+00,    0.0000000000E+00,    0.0000000000E+00,    2.3088007544E+01
     45650,      0.676922,CP2_after_erosion,   1,    0.0000000000E+00,    2.3088007544E+01,    2.3088007544E+01,    0.0000000000E+00,    0.0000000000E+00,    0.0000000000E+00,    2.3088007544E+01
     45650,      0.676922,CP3_after_update_bottom,   1,    0.0000000000E+00,    2.3088007544E+01,    2.3088007544E+01,    0.0000000000E+00,    0.0000000000E+00,    0.0000000000E+00,    2.3088007544E+01
     45650,      0.676922,CP4_after_advection,   1,    0.0000000000E+00,    2.3088145732E+01,    2.3088145732E+01,    0.0000000000E+00,    0.0000000000E+00,    0.0000000000E+00,    2.3088145732E+01
     45650,      0.676922,CP5_after_vdif,   1,    0.0000000000E+00,    2.3088145732E+01,    2.3088145732E+01,    0.0000000000E+00,    0.0000000000E+00,    0.0000000000E+00,    2.3088145732E+01
     45650,      0.676922,CP6_after_kinetics,   1,    0.0000000000E+00,    2.3088145732E+01,    2.3088145732E+01,    0.0000000000E+00,    0.0000000000E+00,    0.0000000000E+00,    2.3088145732E+01
     45650,      0.676922,CP7_after_upper_clamp,   1,    0.0000000000E+00,    2.3088145732E+01,    2.3088145732E+01,    0.0000000000E+00,    0.0000000000E+00,    0.0000000000E+00,    2.3088145732E+01
     45650,      0.676922,CP8_after_OBC,   1,    0.0000000000E+00,    2.3088145732E+01,    2.3088145732E+01,    0.0000000000E+00,    0.0000000000E+00,    0.0000000000E+00,    2.3088145732E+01
     45650,      0.676922,CP9_after_PTsource,   1,    0.0000000000E+00,    2.3088145732E+01,    2.3088145732E+01,    0.0000000000E+00,    0.0000000000E+00,    0.0000000000E+00,    2.3088145732E+01
     45650,      0.676922,CP10_after_neg_clamp,   1,    0.0000000000E+00,    2.3088145732E+01,    2.3088145732E+01,    0.0000000000E+00,    0.0000000000E+00,    0.0000000000E+00,    2.3088145732E+01
     45650,      0.676922,CP11_after_MPI,   1,    0.0000000000E+00,    2.3088145732E+01,    2.3088145732E+01,    0.0000000000E+00,    0.0000000000E+00,    0.0000000000E+00,    2.3088145732E+01
     45650,      0.676922,CP12_end,   1,    0.0000000000E+00,    2.3088145732E+01,    2.3088145732E+01,    0.0000000000E+00,    0.0000000000E+00,    0.0000000000E+00,    2.3088145732E+01
     45700,      0.676922,CP0_start,   1,    0.0000000000E+00,    2.3136402666E+01,    2.3136402666E+01,    0.0000000000E+00,    0.0000000000E+00,    0.0000000000E+00,    2.3136402666E+01
     45700,      0.676922,CP1_after_deposition,   1,    0.0000000000E+00,    2.3136402666E+01,    2.3136402666E+01,    0.0000000000E+00,    0.0000000000E+00,    0.0000000000E+00,    2.3136402666E+01
     45700,      0.676922,CP2_after_erosion,   1,    0.0000000000E+00,    2.3136402666E+01,    2.3136402666E+01,    0.0000000000E+00,    0.0000000000E+00,    0.0000000000E+00,    2.3136402666E+01
     45700,      0.676922,CP3_after_update_bottom,   1,    0.0000000000E+00,    2.3136402666E+01,    2.3136402666E+01,    0.0000000000E+00,    0.0000000000E+00,    0.0000000000E+00,    2.3136402666E+01
     45700,      0.676922,CP4_after_advection,   1,    0.0000000000E+00,    2.3136542271E+01,    2.3136542271E+01,    0.0000000000E+00,    0.0000000000E+00,    0.0000000000E+00,    2.3136542271E+01
     45700,      0.676922,CP5_after_vdif,   1,    0.0000000000E+00,    2.3136542271E+01,    2.3136542271E+01,    0.0000000000E+00,    0.0000000000E+00,    0.0000000000E+00,    2.3136542271E+01
     45700,      0.676922,CP6_after_kinetics,   1,    0.0000000000E+00,    2.3136542271E+01,    2.3136542271E+01,    0.0000000000E+00,    0.0000000000E+00,    0.0000000000E+00,    2.3136542271E+01
     45700,      0.676922,CP7_after_upper_clamp,   1,    0.0000000000E+00,    2.3136542271E+01,    2.3136542271E+01,    0.0000000000E+00,    0.0000000000E+00,    0.0000000000E+00,    2.3136542271E+01
     45700,      0.676922,CP8_after_OBC,   1,    0.0000000000E+00,    2.3136542271E+01,    2.3136542271E+01,    0.0000000000E+00,    0.0000000000E+00,    0.0000000000E+00,    2.3136542271E+01
     45700,      0.676922,CP9_after_PTsource,   1,    0.0000000000E+00,    2.3136542271E+01,    2.3136542271E+01,    0.0000000000E+00,    0.0000000000E+00,    0.0000000000E+00,    2.3136542271E+01
     45700,      0.676922,CP10_after_neg_clamp,   1,    0.0000000000E+00,    2.3136542271E+01,    2.3136542271E+01,    0.0000000000E+00,    0.0000000000E+00,    0.0000000000E+00,    2.3136542271E+01
     45700,      0.676922,CP11_after_MPI,   1,    0.0000000000E+00,    2.3136542271E+01,    2.3136542271E+01,    0.0000000000E+00,    0.0000000000E+00,    0.0000000000E+00,    2.3136542271E+01
     45700,      0.676922,CP12_end,   1,    0.0000000000E+00,    2.3136542271E+01,    2.3136542271E+01,    0.0000000000E+00,    0.0000000000E+00,    0.0000000000E+00,    2.3136542271E+01
     45750,      0.676922,CP0_start,   1,    0.0000000000E+00,    2.3184858783E+01,    2.3184858783E+01,    0.0000000000E+00,    0.0000000000E+00,    0.0000000000E+00,    2.3184858783E+01
     45750,      0.676922,CP1_after_deposition,   1,    0.0000000000E+00,    2.3184858783E+01,    2.3184858783E+01,    0.0000000000E+00,    0.0000000000E+00,    0.0000000000E+00,    2.3184858783E+01
     45750,      0.676922,CP2_after_erosion,   1,    0.0000000000E+00,    2.3184858783E+01,    2.3184858783E+01,    0.0000000000E+00,    0.0000000000E+00,    0.0000000000E+00,    2.3184858783E+01
     45750,      0.676922,CP3_after_update_bottom,   1,    0.0000000000E+00,    2.3184858783E+01,    2.3184858783E+01,    0.0000000000E+00,    0.0000000000E+00,    0.0000000000E+00,    2.3184858783E+01
     45750,      0.676922,CP4_after_advection,   1,    0.0000000000E+00,    2.3185001592E+01,    2.3185001592E+01,    0.0000000000E+00,    0.0000000000E+00,    0.0000000000E+00,    2.3185001592E+01
     45750,      0.676922,CP5_after_vdif,   1,    0.0000000000E+00,    2.3185001592E+01,    2.3185001592E+01,    0.0000000000E+00,    0.0000000000E+00,    0.0000000000E+00,    2.3185001592E+01
     45750,      0.676922,CP6_after_kinetics,   1,    0.0000000000E+00,    2.3185001592E+01,    2.3185001592E+01,    0.0000000000E+00,    0.0000000000E+00,    0.0000000000E+00,    2.3185001592E+01
     45750,      0.676922,CP7_after_upper_clamp,   1,    0.0000000000E+00,    2.3185001592E+01,    2.3185001592E+01,    0.0000000000E+00,    0.0000000000E+00,    0.0000000000E+00,    2.3185001592E+01
     45750,      0.676922,CP8_after_OBC,   1,    0.0000000000E+00,    2.3185001592E+01,    2.3185001592E+01,    0.0000000000E+00,    0.0000000000E+00,    0.0000000000E+00,    2.3185001592E+01
     45750,      0.676922,CP9_after_PTsource,   1,    0.0000000000E+00,    2.3185001592E+01,    2.3185001592E+01,    0.0000000000E+00,    0.0000000000E+00,    0.0000000000E+00,    2.3185001592E+01
     45750,      0.676922,CP10_after_neg_clamp,   1,    0.0000000000E+00,    2.3185001592E+01,    2.3185001592E+01,    0.0000000000E+00,    0.0000000000E+00,    0.0000000000E+00,    2.3185001592E+01
     45750,      0.676922,CP11_after_MPI,   1,    0.0000000000E+00,    2.3185001592E+01,    2.3185001592E+01,    0.0000000000E+00,    0.0000000000E+00,    0.0000000000E+00,    2.3185001592E+01
     45750,      0.676922,CP12_end,   1,    0.0000000000E+00,    2.3185001592E+01,    2.3185001592E+01,    0.0000000000E+00,    0.0000000000E+00,    0.0000000000E+00,    2.3185001592E+01
     45800,      0.676922,CP0_start,   1,    0.0000000000E+00,    2.3233376607E+01,    2.3233376607E+01,    0.0000000000E+00,    0.0000000000E+00,    0.0000000000E+00,    2.3233376607E+01
     45800,      0.676922,CP1_after_deposition,   1,    0.0000000000E+00,    2.3233376607E+01,    2.3233376607E+01,    0.0000000000E+00,    0.0000000000E+00,    0.0000000000E+00,    2.3233376607E+01
     45800,      0.676922,CP2_after_erosion,   1,    0.0000000000E+00,    2.3233376607E+01,    2.3233376607E+01,    0.0000000000E+00,    0.0000000000E+00,    0.0000000000E+00,    2.3233376607E+01
     45800,      0.676922,CP3_after_update_bottom,   1,    0.0000000000E+00,    2.3233376607E+01,    2.3233376607E+01,    0.0000000000E+00,    0.0000000000E+00,    0.0000000000E+00,    2.3233376607E+01
     45800,      0.676922,CP4_after_advection,   1,    0.0000000000E+00,    2.3233522314E+01,    2.3233522314E+01,    0.0000000000E+00,    0.0000000000E+00,    0.0000000000E+00,    2.3233522314E+01
     45800,      0.676922,CP5_after_vdif,   1,    0.0000000000E+00,    2.3233522314E+01,    2.3233522314E+01,    0.0000000000E+00,    0.0000000000E+00,    0.0000000000E+00,    2.3233522314E+01
     45800,      0.676922,CP6_after_kinetics,   1,    0.0000000000E+00,    2.3233522314E+01,    2.3233522314E+01,    0.0000000000E+00,    0.0000000000E+00,    0.0000000000E+00,    2.3233522314E+01
     45800,      0.676922,CP7_after_upper_clamp,   1,    0.0000000000E+00,    2.3233522314E+01,    2.3233522314E+01,    0.0000000000E+00,    0.0000000000E+00,    0.0000000000E+00,    2.3233522314E+01
     45800,      0.676922,CP8_after_OBC,   1,    0.0000000000E+00,    2.3233522314E+01,    2.3233522314E+01,    0.0000000000E+00,    0.0000000000E+00,    0.0000000000E+00,    2.3233522314E+01
     45800,      0.676922,CP9_after_PTsource,   1,    0.0000000000E+00,    2.3233522314E+01,    2.3233522314E+01,    0.0000000000E+00,    0.0000000000E+00,    0.0000000000E+00,    2.3233522314E+01
     45800,      0.676922,CP10_after_neg_clamp,   1,    0.0000000000E+00,    2.3233522314E+01,    2.3233522314E+01,    0.0000000000E+00,    0.0000000000E+00,    0.0000000000E+00,    2.3233522314E+01
     45800,      0.676922,CP11_after_MPI,   1,    0.0000000000E+00,    2.3233522314E+01,    2.3233522314E+01,    0.0000000000E+00,    0.0000000000E+00,    0.0000000000E+00,    2.3233522314E+01
     45800,      0.676922,CP12_end,   1,    0.0000000000E+00,    2.3233522314E+01,    2.3233522314E+01,    0.0000000000E+00,    0.0000000000E+00,    0.0000000000E+00,    2.3233522314E+01
     45850,      0.676922,CP0_start,   1,    0.0000000000E+00,    2.3281958613E+01,    2.3281958613E+01,    0.0000000000E+00,    0.0000000000E+00,    0.0000000000E+00,    2.3281958613E+01
     45850,      0.676922,CP1_after_deposition,   1,    0.0000000000E+00,    2.3281958613E+01,    2.3281958613E+01,    0.0000000000E+00,    0.0000000000E+00,    0.0000000000E+00,    2.3281958613E+01
     45850,      0.676922,CP2_after_erosion,   1,    0.0000000000E+00,    2.3281958613E+01,    2.3281958613E+01,    0.0000000000E+00,    0.0000000000E+00,    0.0000000000E+00,    2.3281958613E+01
     45850,      0.676922,CP3_after_update_bottom,   1,    0.0000000000E+00,    2.3281958613E+01,    2.3281958613E+01,    0.0000000000E+00,    0.0000000000E+00,    0.0000000000E+00,    2.3281958613E+01
     45850,      0.676922,CP4_after_advection,   1,    0.0000000000E+00,    2.3282108025E+01,    2.3282108025E+01,    0.0000000000E+00,    0.0000000000E+00,    0.0000000000E+00,    2.3282108025E+01
     45850,      0.676922,CP5_after_vdif,   1,    0.0000000000E+00,    2.3282108025E+01,    2.3282108025E+01,    0.0000000000E+00,    0.0000000000E+00,    0.0000000000E+00,    2.3282108025E+01
     45850,      0.676922,CP6_after_kinetics,   1,    0.0000000000E+00,    2.3282108025E+01,    2.3282108025E+01,    0.0000000000E+00,    0.0000000000E+00,    0.0000000000E+00,    2.3282108025E+01
     45850,      0.676922,CP7_after_upper_clamp,   1,    0.0000000000E+00,    2.3282108025E+01,    2.3282108025E+01,    0.0000000000E+00,    0.0000000000E+00,    0.0000000000E+00,    2.3282108025E+01
     45850,      0.676922,CP8_after_OBC,   1,    0.0000000000E+00,    2.3282108025E+01,    2.3282108025E+01,    0.0000000000E+00,    0.0000000000E+00,    0.0000000000E+00,    2.3282108025E+01
     45850,      0.676922,CP9_after_PTsource,   1,    0.0000000000E+00,    2.3282108025E+01,    2.3282108025E+01,    0.0000000000E+00,    0.0000000000E+00,    0.0000000000E+00,    2.3282108025E+01
     45850,      0.676922,CP10_after_neg_clamp,   1,    0.0000000000E+00,    2.3282108025E+01,    2.3282108025E+01,    0.0000000000E+00,    0.0000000000E+00,    0.0000000000E+00,    2.3282108025E+01
     45850,      0.676922,CP11_after_MPI,   1,    0.0000000000E+00,    2.3282108025E+01,    2.3282108025E+01,    0.0000000000E+00,    0.0000000000E+00,    0.0000000000E+00,    2.3282108025E+01
     45850,      0.676922,CP12_end,   1,    0.0000000000E+00,    2.3282108025E+01,    2.3282108025E+01,    0.0000000000E+00,    0.0000000000E+00,    0.0000000000E+00,    2.3282108025E+01
     45900,      0.676922,CP0_start,   1,    0.0000000000E+00,    2.3330603636E+01,    2.3330603636E+01,    0.0000000000E+00,    0.0000000000E+00,    0.0000000000E+00,    2.3330603636E+01
     45900,      0.676922,CP1_after_deposition,   1,    0.0000000000E+00,    2.3330603636E+01,    2.3330603636E+01,    0.0000000000E+00,    0.0000000000E+00,    0.0000000000E+00,    2.3330603636E+01
     45900,      0.676922,CP2_after_erosion,   1,    0.0000000000E+00,    2.3330603636E+01,    2.3330603636E+01,    0.0000000000E+00,    0.0000000000E+00,    0.0000000000E+00,    2.3330603636E+01
     45900,      0.676922,CP3_after_update_bottom,   1,    0.0000000000E+00,    2.3330603636E+01,    2.3330603636E+01,    0.0000000000E+00,    0.0000000000E+00,    0.0000000000E+00,    2.3330603636E+01
     45900,      0.676922,CP4_after_advection,   1,    0.0000000000E+00,    2.3330755694E+01,    2.3330755694E+01,    0.0000000000E+00,    0.0000000000E+00,    0.0000000000E+00,    2.3330755694E+01
     45900,      0.676922,CP5_after_vdif,   1,    0.0000000000E+00,    2.3330755694E+01,    2.3330755694E+01,    0.0000000000E+00,    0.0000000000E+00,    0.0000000000E+00,    2.3330755694E+01
     45900,      0.676922,CP6_after_kinetics,   1,    0.0000000000E+00,    2.3330755694E+01,    2.3330755694E+01,    0.0000000000E+00,    0.0000000000E+00,    0.0000000000E+00,    2.3330755694E+01
     45900,      0.676922,CP7_after_upper_clamp,   1,    0.0000000000E+00,    2.3330755694E+01,    2.3330755694E+01,    0.0000000000E+00,    0.0000000000E+00,    0.0000000000E+00,    2.3330755694E+01
     45900,      0.676922,CP8_after_OBC,   1,    0.0000000000E+00,    2.3330755694E+01,    2.3330755694E+01,    0.0000000000E+00,    0.0000000000E+00,    0.0000000000E+00,    2.3330755694E+01
     45900,      0.676922,CP9_after_PTsource,   1,    0.0000000000E+00,    2.3330755694E+01,    2.3330755694E+01,    0.0000000000E+00,    0.0000000000E+00,    0.0000000000E+00,    2.3330755694E+01
     45900,      0.676922,CP10_after_neg_clamp,   1,    0.0000000000E+00,    2.3330755694E+01,    2.3330755694E+01,    0.0000000000E+00,    0.0000000000E+00,    0.0000000000E+00,    2.3330755694E+01
     45900,      0.676922,CP11_after_MPI,   1,    0.0000000000E+00,    2.3330755694E+01,    2.3330755694E+01,    0.0000000000E+00,    0.0000000000E+00,    0.0000000000E+00,    2.3330755694E+01
     45900,      0.676922,CP12_end,   1,    0.0000000000E+00,    2.3330755694E+01,    2.3330755694E+01,    0.0000000000E+00,    0.0000000000E+00,    0.0000000000E+00,    2.3330755694E+01
     45950,      0.676922,CP0_start,   1,    0.0000000000E+00,    2.3378959505E+01,    2.3378959505E+01,    0.0000000000E+00,    0.0000000000E+00,    0.0000000000E+00,    2.3378959505E+01
     45950,      0.676922,CP1_after_deposition,   1,    0.0000000000E+00,    2.3378959505E+01,    2.3378959505E+01,    0.0000000000E+00,    0.0000000000E+00,    0.0000000000E+00,    2.3378959505E+01
     45950,      0.676922,CP2_after_erosion,   1,    0.0000000000E+00,    2.3378959505E+01,    2.3378959505E+01,    0.0000000000E+00,    0.0000000000E+00,    0.0000000000E+00,    2.3378959505E+01
     45950,      0.676922,CP3_after_update_bottom,   1,    0.0000000000E+00,    2.3378959505E+01,    2.3378959505E+01,    0.0000000000E+00,    0.0000000000E+00,    0.0000000000E+00,    2.3378959505E+01
     45950,      0.676922,CP4_after_advection,   1,    0.0000000000E+00,    2.3379114752E+01,    2.3379114752E+01,    0.0000000000E+00,    0.0000000000E+00,    0.0000000000E+00,    2.3379114752E+01
     45950,      0.676922,CP5_after_vdif,   1,    0.0000000000E+00,    2.3379114752E+01,    2.3379114752E+01,    0.0000000000E+00,    0.0000000000E+00,    0.0000000000E+00,    2.3379114752E+01
     45950,      0.676922,CP6_after_kinetics,   1,    0.0000000000E+00,    2.3379114752E+01,    2.3379114752E+01,    0.0000000000E+00,    0.0000000000E+00,    0.0000000000E+00,    2.3379114752E+01
     45950,      0.676922,CP7_after_upper_clamp,   1,    0.0000000000E+00,    2.3379114752E+01,    2.3379114752E+01,    0.0000000000E+00,    0.0000000000E+00,    0.0000000000E+00,    2.3379114752E+01
     45950,      0.676922,CP8_after_OBC,   1,    0.0000000000E+00,    2.3379114752E+01,    2.3379114752E+01,    0.0000000000E+00,    0.0000000000E+00,    0.0000000000E+00,    2.3379114752E+01
     45950,      0.676922,CP9_after_PTsource,   1,    0.0000000000E+00,    2.3379114752E+01,    2.3379114752E+01,    0.0000000000E+00,    0.0000000000E+00,    0.0000000000E+00,    2.3379114752E+01
     45950,      0.676922,CP10_after_neg_clamp,   1,    0.0000000000E+00,    2.3379114752E+01,    2.3379114752E+01,    0.0000000000E+00,    0.0000000000E+00,    0.0000000000E+00,    2.3379114752E+01
     45950,      0.676922,CP11_after_MPI,   1,    0.0000000000E+00,    2.3379114752E+01,    2.3379114752E+01,    0.0000000000E+00,    0.0000000000E+00,    0.0000000000E+00,    2.3379114752E+01
     45950,      0.676922,CP12_end,   1,    0.0000000000E+00,    2.3379114752E+01,    2.3379114752E+01,    0.0000000000E+00,    0.0000000000E+00,    0.0000000000E+00,    2.3379114752E+01
     46000,      0.676922,CP0_start,   1,    0.0000000000E+00,    2.3427378294E+01,    2.3427378294E+01,    0.0000000000E+00,    0.0000000000E+00,    0.0000000000E+00,    2.3427378294E+01
     46000,      0.676922,CP1_after_deposition,   1,    0.0000000000E+00,    2.3427378294E+01,    2.3427378294E+01,    0.0000000000E+00,    0.0000000000E+00,    0.0000000000E+00,    2.3427378294E+01
     46000,      0.676922,CP2_after_erosion,   1,    0.0000000000E+00,    2.3427378294E+01,    2.3427378294E+01,    0.0000000000E+00,    0.0000000000E+00,    0.0000000000E+00,    2.3427378294E+01
     46000,      0.676922,CP3_after_update_bottom,   1,    0.0000000000E+00,    2.3427378294E+01,    2.3427378294E+01,    0.0000000000E+00,    0.0000000000E+00,    0.0000000000E+00,    2.3427378294E+01
     46000,      0.676922,CP4_after_advection,   1,    0.0000000000E+00,    2.3427537703E+01,    2.3427537703E+01,    0.0000000000E+00,    0.0000000000E+00,    0.0000000000E+00,    2.3427537703E+01
     46000,      0.676922,CP5_after_vdif,   1,    0.0000000000E+00,    2.3427537703E+01,    2.3427537703E+01,    0.0000000000E+00,    0.0000000000E+00,    0.0000000000E+00,    2.3427537703E+01
     46000,      0.676922,CP6_after_kinetics,   1,    0.0000000000E+00,    2.3427537703E+01,    2.3427537703E+01,    0.0000000000E+00,    0.0000000000E+00,    0.0000000000E+00,    2.3427537703E+01
     46000,      0.676922,CP7_after_upper_clamp,   1,    0.0000000000E+00,    2.3427537703E+01,    2.3427537703E+01,    0.0000000000E+00,    0.0000000000E+00,    0.0000000000E+00,    2.3427537703E+01
     46000,      0.676922,CP8_after_OBC,   1,    0.0000000000E+00,    2.3427537703E+01,    2.3427537703E+01,    0.0000000000E+00,    0.0000000000E+00,    0.0000000000E+00,    2.3427537703E+01
     46000,      0.676922,CP9_after_PTsource,   1,    0.0000000000E+00,    2.3427537703E+01,    2.3427537703E+01,    0.0000000000E+00,    0.0000000000E+00,    0.0000000000E+00,    2.3427537703E+01
     46000,      0.676922,CP10_after_neg_clamp,   1,    0.0000000000E+00,    2.3427537703E+01,    2.3427537703E+01,    0.0000000000E+00,    0.0000000000E+00,    0.0000000000E+00,    2.3427537703E+01
     46000,      0.676922,CP11_after_MPI,   1,    0.0000000000E+00,    2.3427537703E+01,    2.3427537703E+01,    0.0000000000E+00,    0.0000000000E+00,    0.0000000000E+00,    2.3427537703E+01
     46000,      0.676922,CP12_end,   1,    0.0000000000E+00,    2.3427537703E+01,    2.3427537703E+01,    0.0000000000E+00,    0.0000000000E+00,    0.0000000000E+00,    2.3427537703E+01
     46050,      0.676922,CP0_start,   1,    0.0000000000E+00,    2.3475839171E+01,    2.3475839171E+01,    0.0000000000E+00,    0.0000000000E+00,    0.0000000000E+00,    2.3475839171E+01
     46050,      0.676922,CP1_after_deposition,   1,    0.0000000000E+00,    2.3475839171E+01,    2.3475839171E+01,    0.0000000000E+00,    0.0000000000E+00,    0.0000000000E+00,    2.3475839171E+01
     46050,      0.676922,CP2_after_erosion,   1,    0.0000000000E+00,    2.3475839171E+01,    2.3475839171E+01,    0.0000000000E+00,    0.0000000000E+00,    0.0000000000E+00,    2.3475839171E+01
     46050,      0.676922,CP3_after_update_bottom,   1,    0.0000000000E+00,    2.3475839171E+01,    2.3475839171E+01,    0.0000000000E+00,    0.0000000000E+00,    0.0000000000E+00,    2.3475839171E+01
     46050,      0.676922,CP4_after_advection,   1,    0.0000000000E+00,    2.3476003283E+01,    2.3476003283E+01,    0.0000000000E+00,    0.0000000000E+00,    0.0000000000E+00,    2.3476003283E+01
     46050,      0.676922,CP5_after_vdif,   1,    0.0000000000E+00,    2.3476003283E+01,    2.3476003283E+01,    0.0000000000E+00,    0.0000000000E+00,    0.0000000000E+00,    2.3476003283E+01
     46050,      0.676922,CP6_after_kinetics,   1,    0.0000000000E+00,    2.3476003283E+01,    2.3476003283E+01,    0.0000000000E+00,    0.0000000000E+00,    0.0000000000E+00,    2.3476003283E+01
     46050,      0.676922,CP7_after_upper_clamp,   1,    0.0000000000E+00,    2.3476003283E+01,    2.3476003283E+01,    0.0000000000E+00,    0.0000000000E+00,    0.0000000000E+00,    2.3476003283E+01
     46050,      0.676922,CP8_after_OBC,   1,    0.0000000000E+00,    2.3476003283E+01,    2.3476003283E+01,    0.0000000000E+00,    0.0000000000E+00,    0.0000000000E+00,    2.3476003283E+01
     46050,      0.676922,CP9_after_PTsource,   1,    0.0000000000E+00,    2.3476003283E+01,    2.3476003283E+01,    0.0000000000E+00,    0.0000000000E+00,    0.0000000000E+00,    2.3476003283E+01
     46050,      0.676922,CP10_after_neg_clamp,   1,    0.0000000000E+00,    2.3476003283E+01,    2.3476003283E+01,    0.0000000000E+00,    0.0000000000E+00,    0.0000000000E+00,    2.3476003283E+01
     46050,      0.676922,CP11_after_MPI,   1,    0.0000000000E+00,    2.3476003283E+01,    2.3476003283E+01,    0.0000000000E+00,    0.0000000000E+00,    0.0000000000E+00,    2.3476003283E+01
     46050,      0.676922,CP12_end,   1,    0.0000000000E+00,    2.3476003283E+01,    2.3476003283E+01,    0.0000000000E+00,    0.0000000000E+00,    0.0000000000E+00,    2.3476003283E+01
     46100,      0.676922,CP0_start,   1,    0.0000000000E+00,    2.3524360851E+01,    2.3524360851E+01,    0.0000000000E+00,    0.0000000000E+00,    0.0000000000E+00,    2.3524360851E+01
     46100,      0.676922,CP1_after_deposition,   1,    0.0000000000E+00,    2.3524360851E+01,    2.3524360851E+01,    0.0000000000E+00,    0.0000000000E+00,    0.0000000000E+00,    2.3524360851E+01
     46100,      0.676922,CP2_after_erosion,   1,    0.0000000000E+00,    2.3524360851E+01,    2.3524360851E+01,    0.0000000000E+00,    0.0000000000E+00,    0.0000000000E+00,    2.3524360851E+01
     46100,      0.676922,CP3_after_update_bottom,   1,    0.0000000000E+00,    2.3524360851E+01,    2.3524360851E+01,    0.0000000000E+00,    0.0000000000E+00,    0.0000000000E+00,    2.3524360851E+01
     46100,      0.676922,CP4_after_advection,   1,    0.0000000000E+00,    2.3524529186E+01,    2.3524529186E+01,    0.0000000000E+00,    0.0000000000E+00,    0.0000000000E+00,    2.3524529186E+01
     46100,      0.676922,CP5_after_vdif,   1,    0.0000000000E+00,    2.3524529186E+01,    2.3524529186E+01,    0.0000000000E+00,    0.0000000000E+00,    0.0000000000E+00,    2.3524529186E+01
     46100,      0.676922,CP6_after_kinetics,   1,    0.0000000000E+00,    2.3524529186E+01,    2.3524529186E+01,    0.0000000000E+00,    0.0000000000E+00,    0.0000000000E+00,    2.3524529186E+01
     46100,      0.676922,CP7_after_upper_clamp,   1,    0.0000000000E+00,    2.3524529186E+01,    2.3524529186E+01,    0.0000000000E+00,    0.0000000000E+00,    0.0000000000E+00,    2.3524529186E+01
     46100,      0.676922,CP8_after_OBC,   1,    0.0000000000E+00,    2.3524529186E+01,    2.3524529186E+01,    0.0000000000E+00,    0.0000000000E+00,    0.0000000000E+00,    2.3524529186E+01
     46100,      0.676922,CP9_after_PTsource,   1,    0.0000000000E+00,    2.3524529186E+01,    2.3524529186E+01,    0.0000000000E+00,    0.0000000000E+00,    0.0000000000E+00,    2.3524529186E+01
     46100,      0.676922,CP10_after_neg_clamp,   1,    0.0000000000E+00,    2.3524529186E+01,    2.3524529186E+01,    0.0000000000E+00,    0.0000000000E+00,    0.0000000000E+00,    2.3524529186E+01
     46100,      0.676922,CP11_after_MPI,   1,    0.0000000000E+00,    2.3524529186E+01,    2.3524529186E+01,    0.0000000000E+00,    0.0000000000E+00,    0.0000000000E+00,    2.3524529186E+01
     46100,      0.676922,CP12_end,   1,    0.0000000000E+00,    2.3524529186E+01,    2.3524529186E+01,    0.0000000000E+00,    0.0000000000E+00,    0.0000000000E+00,    2.3524529186E+01
     46150,      0.676922,CP0_start,   1,    0.0000000000E+00,    2.3572948701E+01,    2.3572948701E+01,    0.0000000000E+00,    0.0000000000E+00,    0.0000000000E+00,    2.3572948701E+01
     46150,      0.676922,CP1_after_deposition,   1,    0.0000000000E+00,    2.3572948701E+01,    2.3572948701E+01,    0.0000000000E+00,    0.0000000000E+00,    0.0000000000E+00,    2.3572948701E+01
     46150,      0.676922,CP2_after_erosion,   1,    0.0000000000E+00,    2.3572948701E+01,    2.3572948701E+01,    0.0000000000E+00,    0.0000000000E+00,    0.0000000000E+00,    2.3572948701E+01
     46150,      0.676922,CP3_after_update_bottom,   1,    0.0000000000E+00,    2.3572948701E+01,    2.3572948701E+01,    0.0000000000E+00,    0.0000000000E+00,    0.0000000000E+00,    2.3572948701E+01
     46150,      0.676922,CP4_after_advection,   1,    0.0000000000E+00,    2.3573120447E+01,    2.3573120447E+01,    0.0000000000E+00,    0.0000000000E+00,    0.0000000000E+00,    2.3573120447E+01
     46150,      0.676922,CP5_after_vdif,   1,    0.0000000000E+00,    2.3573120447E+01,    2.3573120447E+01,    0.0000000000E+00,    0.0000000000E+00,    0.0000000000E+00,    2.3573120447E+01
     46150,      0.676922,CP6_after_kinetics,   1,    0.0000000000E+00,    2.3573120447E+01,    2.3573120447E+01,    0.0000000000E+00,    0.0000000000E+00,    0.0000000000E+00,    2.3573120447E+01
     46150,      0.676922,CP7_after_upper_clamp,   1,    0.0000000000E+00,    2.3573120447E+01,    2.3573120447E+01,    0.0000000000E+00,    0.0000000000E+00,    0.0000000000E+00,    2.3573120447E+01
     46150,      0.676922,CP8_after_OBC,   1,    0.0000000000E+00,    2.3573120447E+01,    2.3573120447E+01,    0.0000000000E+00,    0.0000000000E+00,    0.0000000000E+00,    2.3573120447E+01
     46150,      0.676922,CP9_after_PTsource,   1,    0.0000000000E+00,    2.3573120447E+01,    2.3573120447E+01,    0.0000000000E+00,    0.0000000000E+00,    0.0000000000E+00,    2.3573120447E+01
     46150,      0.676922,CP10_after_neg_clamp,   1,    0.0000000000E+00,    2.3573120447E+01,    2.3573120447E+01,    0.0000000000E+00,    0.0000000000E+00,    0.0000000000E+00,    2.3573120447E+01
     46150,      0.676922,CP11_after_MPI,   1,    0.0000000000E+00,    2.3573120447E+01,    2.3573120447E+01,    0.0000000000E+00,    0.0000000000E+00,    0.0000000000E+00,    2.3573120447E+01
     46150,      0.676922,CP12_end,   1,    0.0000000000E+00,    2.3573120447E+01,    2.3573120447E+01,    0.0000000000E+00,    0.0000000000E+00,    0.0000000000E+00,    2.3573120447E+01
     46200,      0.676922,CP0_start,   1,    0.0000000000E+00,    2.3621582017E+01,    2.3621582017E+01,    0.0000000000E+00,    0.0000000000E+00,    0.0000000000E+00,    2.3621582017E+01
     46200,      0.676922,CP1_after_deposition,   1,    0.0000000000E+00,    2.3621582017E+01,    2.3621582017E+01,    0.0000000000E+00,    0.0000000000E+00,    0.0000000000E+00,    2.3621582017E+01
     46200,      0.676922,CP2_after_erosion,   1,    0.0000000000E+00,    2.3621582017E+01,    2.3621582017E+01,    0.0000000000E+00,    0.0000000000E+00,    0.0000000000E+00,    2.3621582017E+01
     46200,      0.676922,CP3_after_update_bottom,   1,    0.0000000000E+00,    2.3621582017E+01,    2.3621582017E+01,    0.0000000000E+00,    0.0000000000E+00,    0.0000000000E+00,    2.3621582017E+01
     46200,      0.676922,CP4_after_advection,   1,    0.0000000000E+00,    2.3621757874E+01,    2.3621757874E+01,    0.0000000000E+00,    0.0000000000E+00,    0.0000000000E+00,    2.3621757874E+01
     46200,      0.676922,CP5_after_vdif,   1,    0.0000000000E+00,    2.3621757874E+01,    2.3621757874E+01,    0.0000000000E+00,    0.0000000000E+00,    0.0000000000E+00,    2.3621757874E+01
     46200,      0.676922,CP6_after_kinetics,   1,    0.0000000000E+00,    2.3621757874E+01,    2.3621757874E+01,    0.0000000000E+00,    0.0000000000E+00,    0.0000000000E+00,    2.3621757874E+01
     46200,      0.676922,CP7_after_upper_clamp,   1,    0.0000000000E+00,    2.3621757874E+01,    2.3621757874E+01,    0.0000000000E+00,    0.0000000000E+00,    0.0000000000E+00,    2.3621757874E+01
     46200,      0.676922,CP8_after_OBC,   1,    0.0000000000E+00,    2.3621757874E+01,    2.3621757874E+01,    0.0000000000E+00,    0.0000000000E+00,    0.0000000000E+00,    2.3621757874E+01
     46200,      0.676922,CP9_after_PTsource,   1,    0.0000000000E+00,    2.3621757874E+01,    2.3621757874E+01,    0.0000000000E+00,    0.0000000000E+00,    0.0000000000E+00,    2.3621757874E+01
     46200,      0.676922,CP10_after_neg_clamp,   1,    0.0000000000E+00,    2.3621757874E+01,    2.3621757874E+01,    0.0000000000E+00,    0.0000000000E+00,    0.0000000000E+00,    2.3621757874E+01
     46200,      0.676922,CP11_after_MPI,   1,    0.0000000000E+00,    2.3621757874E+01,    2.3621757874E+01,    0.0000000000E+00,    0.0000000000E+00,    0.0000000000E+00,    2.3621757874E+01
     46200,      0.676922,CP12_end,   1,    0.0000000000E+00,    2.3621757874E+01,    2.3621757874E+01,    0.0000000000E+00,    0.0000000000E+00,    0.0000000000E+00,    2.3621757874E+01
     46250,      0.676922,CP0_start,   1,    0.0000000000E+00,    2.3670276571E+01,    2.3670276571E+01,    0.0000000000E+00,    0.0000000000E+00,    0.0000000000E+00,    2.3670276571E+01
     46250,      0.676922,CP1_after_deposition,   1,    0.0000000000E+00,    2.3670276571E+01,    2.3670276571E+01,    0.0000000000E+00,    0.0000000000E+00,    0.0000000000E+00,    2.3670276571E+01
     46250,      0.676922,CP2_after_erosion,   1,    0.0000000000E+00,    2.3670276571E+01,    2.3670276571E+01,    0.0000000000E+00,    0.0000000000E+00,    0.0000000000E+00,    2.3670276571E+01
     46250,      0.676922,CP3_after_update_bottom,   1,    0.0000000000E+00,    2.3670276571E+01,    2.3670276571E+01,    0.0000000000E+00,    0.0000000000E+00,    0.0000000000E+00,    2.3670276571E+01
     46250,      0.676922,CP4_after_advection,   1,    0.0000000000E+00,    2.3670454535E+01,    2.3670454535E+01,    0.0000000000E+00,    0.0000000000E+00,    0.0000000000E+00,    2.3670454535E+01
     46250,      0.676922,CP5_after_vdif,   1,    0.0000000000E+00,    2.3670454535E+01,    2.3670454535E+01,    0.0000000000E+00,    0.0000000000E+00,    0.0000000000E+00,    2.3670454535E+01
     46250,      0.676922,CP6_after_kinetics,   1,    0.0000000000E+00,    2.3670454535E+01,    2.3670454535E+01,    0.0000000000E+00,    0.0000000000E+00,    0.0000000000E+00,    2.3670454535E+01
     46250,      0.676922,CP7_after_upper_clamp,   1,    0.0000000000E+00,    2.3670454535E+01,    2.3670454535E+01,    0.0000000000E+00,    0.0000000000E+00,    0.0000000000E+00,    2.3670454535E+01
     46250,      0.676922,CP8_after_OBC,   1,    0.0000000000E+00,    2.3670454535E+01,    2.3670454535E+01,    0.0000000000E+00,    0.0000000000E+00,    0.0000000000E+00,    2.3670454535E+01
     46250,      0.676922,CP9_after_PTsource,   1,    0.0000000000E+00,    2.3670454535E+01,    2.3670454535E+01,    0.0000000000E+00,    0.0000000000E+00,    0.0000000000E+00,    2.3670454535E+01
     46250,      0.676922,CP10_after_neg_clamp,   1,    0.0000000000E+00,    2.3670454535E+01,    2.3670454535E+01,    0.0000000000E+00,    0.0000000000E+00,    0.0000000000E+00,    2.3670454535E+01
     46250,      0.676922,CP11_after_MPI,   1,    0.0000000000E+00,    2.3670454535E+01,    2.3670454535E+01,    0.0000000000E+00,    0.0000000000E+00,    0.0000000000E+00,    2.3670454535E+01
     46250,      0.676922,CP12_end,   1,    0.0000000000E+00,    2.3670454535E+01,    2.3670454535E+01,    0.0000000000E+00,    0.0000000000E+00,    0.0000000000E+00,    2.3670454535E+01
     46300,      0.676922,CP0_start,   1,    0.0000000000E+00,    2.3719013845E+01,    2.3719013845E+01,    0.0000000000E+00,    0.0000000000E+00,    0.0000000000E+00,    2.3719013845E+01
     46300,      0.676922,CP1_after_deposition,   1,    0.0000000000E+00,    2.3719013845E+01,    2.3719013845E+01,    0.0000000000E+00,    0.0000000000E+00,    0.0000000000E+00,    2.3719013845E+01
     46300,      0.676922,CP2_after_erosion,   1,    0.0000000000E+00,    2.3719013845E+01,    2.3719013845E+01,    0.0000000000E+00,    0.0000000000E+00,    0.0000000000E+00,    2.3719013845E+01
     46300,      0.676922,CP3_after_update_bottom,   1,    0.0000000000E+00,    2.3719013845E+01,    2.3719013845E+01,    0.0000000000E+00,    0.0000000000E+00,    0.0000000000E+00,    2.3719013845E+01
     46300,      0.676922,CP4_after_advection,   1,    0.0000000000E+00,    2.3719196946E+01,    2.3719196946E+01,    0.0000000000E+00,    0.0000000000E+00,    0.0000000000E+00,    2.3719196946E+01
     46300,      0.676922,CP5_after_vdif,   1,    0.0000000000E+00,    2.3719196946E+01,    2.3719196946E+01,    0.0000000000E+00,    0.0000000000E+00,    0.0000000000E+00,    2.3719196946E+01
     46300,      0.676922,CP6_after_kinetics,   1,    0.0000000000E+00,    2.3719196946E+01,    2.3719196946E+01,    0.0000000000E+00,    0.0000000000E+00,    0.0000000000E+00,    2.3719196946E+01
     46300,      0.676922,CP7_after_upper_clamp,   1,    0.0000000000E+00,    2.3719196946E+01,    2.3719196946E+01,    0.0000000000E+00,    0.0000000000E+00,    0.0000000000E+00,    2.3719196946E+01
     46300,      0.676922,CP8_after_OBC,   1,    0.0000000000E+00,    2.3719196946E+01,    2.3719196946E+01,    0.0000000000E+00,    0.0000000000E+00,    0.0000000000E+00,    2.3719196946E+01
     46300,      0.676922,CP9_after_PTsource,   1,    0.0000000000E+00,    2.3719196946E+01,    2.3719196946E+01,    0.0000000000E+00,    0.0000000000E+00,    0.0000000000E+00,    2.3719196946E+01
     46300,      0.676922,CP10_after_neg_clamp,   1,    0.0000000000E+00,    2.3719196946E+01,    2.3719196946E+01,    0.0000000000E+00,    0.0000000000E+00,    0.0000000000E+00,    2.3719196946E+01
     46300,      0.676922,CP11_after_MPI,   1,    0.0000000000E+00,    2.3719196946E+01,    2.3719196946E+01,    0.0000000000E+00,    0.0000000000E+00,    0.0000000000E+00,    2.3719196946E+01
     46300,      0.676922,CP12_end,   1,    0.0000000000E+00,    2.3719196946E+01,    2.3719196946E+01,    0.0000000000E+00,    0.0000000000E+00,    0.0000000000E+00,    2.3719196946E+01
     46350,      0.676922,CP0_start,   1,    0.0000000000E+00,    2.3767808121E+01,    2.3767808121E+01,    0.0000000000E+00,    0.0000000000E+00,    0.0000000000E+00,    2.3767808121E+01
     46350,      0.676922,CP1_after_deposition,   1,    0.0000000000E+00,    2.3767808121E+01,    2.3767808121E+01,    0.0000000000E+00,    0.0000000000E+00,    0.0000000000E+00,    2.3767808121E+01
     46350,      0.676922,CP2_after_erosion,   1,    0.0000000000E+00,    2.3767808121E+01,    2.3767808121E+01,    0.0000000000E+00,    0.0000000000E+00,    0.0000000000E+00,    2.3767808121E+01
     46350,      0.676922,CP3_after_update_bottom,   1,    0.0000000000E+00,    2.3767808121E+01,    2.3767808121E+01,    0.0000000000E+00,    0.0000000000E+00,    0.0000000000E+00,    2.3767808121E+01
     46350,      0.676922,CP4_after_advection,   1,    0.0000000000E+00,    2.3767997901E+01,    2.3767997901E+01,    0.0000000000E+00,    0.0000000000E+00,    0.0000000000E+00,    2.3767997901E+01
     46350,      0.676922,CP5_after_vdif,   1,    0.0000000000E+00,    2.3767997901E+01,    2.3767997901E+01,    0.0000000000E+00,    0.0000000000E+00,    0.0000000000E+00,    2.3767997901E+01
     46350,      0.676922,CP6_after_kinetics,   1,    0.0000000000E+00,    2.3767997901E+01,    2.3767997901E+01,    0.0000000000E+00,    0.0000000000E+00,    0.0000000000E+00,    2.3767997901E+01
     46350,      0.676922,CP7_after_upper_clamp,   1,    0.0000000000E+00,    2.3767997901E+01,    2.3767997901E+01,    0.0000000000E+00,    0.0000000000E+00,    0.0000000000E+00,    2.3767997901E+01
     46350,      0.676922,CP8_after_OBC,   1,    0.0000000000E+00,    2.3767997901E+01,    2.3767997901E+01,    0.0000000000E+00,    0.0000000000E+00,    0.0000000000E+00,    2.3767997901E+01
     46350,      0.676922,CP9_after_PTsource,   1,    0.0000000000E+00,    2.3767997901E+01,    2.3767997901E+01,    0.0000000000E+00,    0.0000000000E+00,    0.0000000000E+00,    2.3767997901E+01
     46350,      0.676922,CP10_after_neg_clamp,   1,    0.0000000000E+00,    2.3767997901E+01,    2.3767997901E+01,    0.0000000000E+00,    0.0000000000E+00,    0.0000000000E+00,    2.3767997901E+01
     46350,      0.676922,CP11_after_MPI,   1,    0.0000000000E+00,    2.3767997901E+01,    2.3767997901E+01,    0.0000000000E+00,    0.0000000000E+00,    0.0000000000E+00,    2.3767997901E+01
     46350,      0.676922,CP12_end,   1,    0.0000000000E+00,    2.3767997901E+01,    2.3767997901E+01,    0.0000000000E+00,    0.0000000000E+00,    0.0000000000E+00,    2.3767997901E+01
     46400,      0.676922,CP0_start,   1,    0.0000000000E+00,    2.3816665469E+01,    2.3816665469E+01,    0.0000000000E+00,    0.0000000000E+00,    0.0000000000E+00,    2.3816665469E+01
     46400,      0.676922,CP1_after_deposition,   1,    0.0000000000E+00,    2.3816665469E+01,    2.3816665469E+01,    0.0000000000E+00,    0.0000000000E+00,    0.0000000000E+00,    2.3816665469E+01
     46400,      0.676922,CP2_after_erosion,   1,    0.0000000000E+00,    2.3816665469E+01,    2.3816665469E+01,    0.0000000000E+00,    0.0000000000E+00,    0.0000000000E+00,    2.3816665469E+01
     46400,      0.676922,CP3_after_update_bottom,   1,    0.0000000000E+00,    2.3816665469E+01,    2.3816665469E+01,    0.0000000000E+00,    0.0000000000E+00,    0.0000000000E+00,    2.3816665469E+01
     46400,      0.676922,CP4_after_advection,   1,    0.0000000000E+00,    2.3816859853E+01,    2.3816859853E+01,    0.0000000000E+00,    0.0000000000E+00,    0.0000000000E+00,    2.3816859853E+01
     46400,      0.676922,CP5_after_vdif,   1,    0.0000000000E+00,    2.3816859853E+01,    2.3816859853E+01,    0.0000000000E+00,    0.0000000000E+00,    0.0000000000E+00,    2.3816859853E+01
     46400,      0.676922,CP6_after_kinetics,   1,    0.0000000000E+00,    2.3816859853E+01,    2.3816859853E+01,    0.0000000000E+00,    0.0000000000E+00,    0.0000000000E+00,    2.3816859853E+01
     46400,      0.676922,CP7_after_upper_clamp,   1,    0.0000000000E+00,    2.3816859853E+01,    2.3816859853E+01,    0.0000000000E+00,    0.0000000000E+00,    0.0000000000E+00,    2.3816859853E+01
     46400,      0.676922,CP8_after_OBC,   1,    0.0000000000E+00,    2.3816859853E+01,    2.3816859853E+01,    0.0000000000E+00,    0.0000000000E+00,    0.0000000000E+00,    2.3816859853E+01
     46400,      0.676922,CP9_after_PTsource,   1,    0.0000000000E+00,    2.3816859853E+01,    2.3816859853E+01,    0.0000000000E+00,    0.0000000000E+00,    0.0000000000E+00,    2.3816859853E+01
     46400,      0.676922,CP10_after_neg_clamp,   1,    0.0000000000E+00,    2.3816859853E+01,    2.3816859853E+01,    0.0000000000E+00,    0.0000000000E+00,    0.0000000000E+00,    2.3816859853E+01
     46400,      0.676922,CP11_after_MPI,   1,    0.0000000000E+00,    2.3816859853E+01,    2.3816859853E+01,    0.0000000000E+00,    0.0000000000E+00,    0.0000000000E+00,    2.3816859853E+01
     46400,      0.676922,CP12_end,   1,    0.0000000000E+00,    2.3816859853E+01,    2.3816859853E+01,    0.0000000000E+00,    0.0000000000E+00,    0.0000000000E+00,    2.3816859853E+01
     46450,      0.676922,CP0_start,   1,    0.0000000000E+00,    2.3865564759E+01,    2.3865564759E+01,    0.0000000000E+00,    0.0000000000E+00,    0.0000000000E+00,    2.3865564759E+01
     46450,      0.676922,CP1_after_deposition,   1,    0.0000000000E+00,    2.3865564759E+01,    2.3865564759E+01,    0.0000000000E+00,    0.0000000000E+00,    0.0000000000E+00,    2.3865564759E+01
     46450,      0.676922,CP2_after_erosion,   1,    0.0000000000E+00,    2.3865564759E+01,    2.3865564759E+01,    0.0000000000E+00,    0.0000000000E+00,    0.0000000000E+00,    2.3865564759E+01
     46450,      0.676922,CP3_after_update_bottom,   1,    0.0000000000E+00,    2.3865564759E+01,    2.3865564759E+01,    0.0000000000E+00,    0.0000000000E+00,    0.0000000000E+00,    2.3865564759E+01
     46450,      0.676922,CP4_after_advection,   1,    0.0000000000E+00,    2.3865764031E+01,    2.3865764031E+01,    0.0000000000E+00,    0.0000000000E+00,    0.0000000000E+00,    2.3865764031E+01
     46450,      0.676922,CP5_after_vdif,   1,    0.0000000000E+00,    2.3865764031E+01,    2.3865764031E+01,    0.0000000000E+00,    0.0000000000E+00,    0.0000000000E+00,    2.3865764031E+01
     46450,      0.676922,CP6_after_kinetics,   1,    0.0000000000E+00,    2.3865764031E+01,    2.3865764031E+01,    0.0000000000E+00,    0.0000000000E+00,    0.0000000000E+00,    2.3865764031E+01
     46450,      0.676922,CP7_after_upper_clamp,   1,    0.0000000000E+00,    2.3865764031E+01,    2.3865764031E+01,    0.0000000000E+00,    0.0000000000E+00,    0.0000000000E+00,    2.3865764031E+01
     46450,      0.676922,CP8_after_OBC,   1,    0.0000000000E+00,    2.3865764031E+01,    2.3865764031E+01,    0.0000000000E+00,    0.0000000000E+00,    0.0000000000E+00,    2.3865764031E+01
     46450,      0.676922,CP9_after_PTsource,   1,    0.0000000000E+00,    2.3865764031E+01,    2.3865764031E+01,    0.0000000000E+00,    0.0000000000E+00,    0.0000000000E+00,    2.3865764031E+01
     46450,      0.676922,CP10_after_neg_clamp,   1,    0.0000000000E+00,    2.3865764031E+01,    2.3865764031E+01,    0.0000000000E+00,    0.0000000000E+00,    0.0000000000E+00,    2.3865764031E+01
     46450,      0.676922,CP11_after_MPI,   1,    0.0000000000E+00,    2.3865764031E+01,    2.3865764031E+01,    0.0000000000E+00,    0.0000000000E+00,    0.0000000000E+00,    2.3865764031E+01
     46450,      0.676922,CP12_end,   1,    0.0000000000E+00,    2.3865764031E+01,    2.3865764031E+01,    0.0000000000E+00,    0.0000000000E+00,    0.0000000000E+00,    2.3865764031E+01
     46500,      0.676922,CP0_start,   1,    0.0000000000E+00,    2.3914525301E+01,    2.3914525301E+01,    0.0000000000E+00,    0.0000000000E+00,    0.0000000000E+00,    2.3914525301E+01
     46500,      0.676922,CP1_after_deposition,   1,    0.0000000000E+00,    2.3914525301E+01,    2.3914525301E+01,    0.0000000000E+00,    0.0000000000E+00,    0.0000000000E+00,    2.3914525301E+01
     46500,      0.676922,CP2_after_erosion,   1,    0.0000000000E+00,    2.3914525301E+01,    2.3914525301E+01,    0.0000000000E+00,    0.0000000000E+00,    0.0000000000E+00,    2.3914525301E+01
     46500,      0.676922,CP3_after_update_bottom,   1,    0.0000000000E+00,    2.3914525301E+01,    2.3914525301E+01,    0.0000000000E+00,    0.0000000000E+00,    0.0000000000E+00,    2.3914525301E+01
     46500,      0.676922,CP4_after_advection,   1,    0.0000000000E+00,    2.3914729076E+01,    2.3914729076E+01,    0.0000000000E+00,    0.0000000000E+00,    0.0000000000E+00,    2.3914729076E+01
     46500,      0.676922,CP5_after_vdif,   1,    0.0000000000E+00,    2.3914729076E+01,    2.3914729076E+01,    0.0000000000E+00,    0.0000000000E+00,    0.0000000000E+00,    2.3914729076E+01
     46500,      0.676922,CP6_after_kinetics,   1,    0.0000000000E+00,    2.3914729076E+01,    2.3914729076E+01,    0.0000000000E+00,    0.0000000000E+00,    0.0000000000E+00,    2.3914729076E+01
     46500,      0.676922,CP7_after_upper_clamp,   1,    0.0000000000E+00,    2.3914729076E+01,    2.3914729076E+01,    0.0000000000E+00,    0.0000000000E+00,    0.0000000000E+00,    2.3914729076E+01
     46500,      0.676922,CP8_after_OBC,   1,    0.0000000000E+00,    2.3914729076E+01,    2.3914729076E+01,    0.0000000000E+00,    0.0000000000E+00,    0.0000000000E+00,    2.3914729076E+01
     46500,      0.676922,CP9_after_PTsource,   1,    0.0000000000E+00,    2.3914729076E+01,    2.3914729076E+01,    0.0000000000E+00,    0.0000000000E+00,    0.0000000000E+00,    2.3914729076E+01
     46500,      0.676922,CP10_after_neg_clamp,   1,    0.0000000000E+00,    2.3914729076E+01,    2.3914729076E+01,    0.0000000000E+00,    0.0000000000E+00,    0.0000000000E+00,    2.3914729076E+01
     46500,      0.676922,CP11_after_MPI,   1,    0.0000000000E+00,    2.3914729076E+01,    2.3914729076E+01,    0.0000000000E+00,    0.0000000000E+00,    0.0000000000E+00,    2.3914729076E+01
     46500,      0.676922,CP12_end,   1,    0.0000000000E+00,    2.3914729076E+01,    2.3914729076E+01,    0.0000000000E+00,    0.0000000000E+00,    0.0000000000E+00,    2.3914729076E+01
     46550,      0.676922,CP0_start,   1,    0.0000000000E+00,    2.3963538929E+01,    2.3963538929E+01,    0.0000000000E+00,    0.0000000000E+00,    0.0000000000E+00,    2.3963538929E+01
     46550,      0.676922,CP1_after_deposition,   1,    0.0000000000E+00,    2.3963538929E+01,    2.3963538929E+01,    0.0000000000E+00,    0.0000000000E+00,    0.0000000000E+00,    2.3963538929E+01
     46550,      0.676922,CP2_after_erosion,   1,    0.0000000000E+00,    2.3963538929E+01,    2.3963538929E+01,    0.0000000000E+00,    0.0000000000E+00,    0.0000000000E+00,    2.3963538929E+01
     46550,      0.676922,CP3_after_update_bottom,   1,    0.0000000000E+00,    2.3963538929E+01,    2.3963538929E+01,    0.0000000000E+00,    0.0000000000E+00,    0.0000000000E+00,    2.3963538929E+01
     46550,      0.676922,CP4_after_advection,   1,    0.0000000000E+00,    2.3963747554E+01,    2.3963747554E+01,    0.0000000000E+00,    0.0000000000E+00,    0.0000000000E+00,    2.3963747554E+01
     46550,      0.676922,CP5_after_vdif,   1,    0.0000000000E+00,    2.3963747554E+01,    2.3963747554E+01,    0.0000000000E+00,    0.0000000000E+00,    0.0000000000E+00,    2.3963747554E+01
     46550,      0.676922,CP6_after_kinetics,   1,    0.0000000000E+00,    2.3963747554E+01,    2.3963747554E+01,    0.0000000000E+00,    0.0000000000E+00,    0.0000000000E+00,    2.3963747554E+01
     46550,      0.676922,CP7_after_upper_clamp,   1,    0.0000000000E+00,    2.3963747554E+01,    2.3963747554E+01,    0.0000000000E+00,    0.0000000000E+00,    0.0000000000E+00,    2.3963747554E+01
     46550,      0.676922,CP8_after_OBC,   1,    0.0000000000E+00,    2.3963747554E+01,    2.3963747554E+01,    0.0000000000E+00,    0.0000000000E+00,    0.0000000000E+00,    2.3963747554E+01
     46550,      0.676922,CP9_after_PTsource,   1,    0.0000000000E+00,    2.3963747554E+01,    2.3963747554E+01,    0.0000000000E+00,    0.0000000000E+00,    0.0000000000E+00,    2.3963747554E+01
     46550,      0.676922,CP10_after_neg_clamp,   1,    0.0000000000E+00,    2.3963747554E+01,    2.3963747554E+01,    0.0000000000E+00,    0.0000000000E+00,    0.0000000000E+00,    2.3963747554E+01
     46550,      0.676922,CP11_after_MPI,   1,    0.0000000000E+00,    2.3963747554E+01,    2.3963747554E+01,    0.0000000000E+00,    0.0000000000E+00,    0.0000000000E+00,    2.3963747554E+01
     46550,      0.676922,CP12_end,   1,    0.0000000000E+00,    2.3963747554E+01,    2.3963747554E+01,    0.0000000000E+00,    0.0000000000E+00,    0.0000000000E+00,    2.3963747554E+01
     46600,      0.676922,CP0_start,   1,    0.0000000000E+00,    2.4012598456E+01,    2.4012598456E+01,    0.0000000000E+00,    0.0000000000E+00,    0.0000000000E+00,    2.4012598456E+01
     46600,      0.676922,CP1_after_deposition,   1,    0.0000000000E+00,    2.4012598456E+01,    2.4012598456E+01,    0.0000000000E+00,    0.0000000000E+00,    0.0000000000E+00,    2.4012598456E+01
     46600,      0.676922,CP2_after_erosion,   1,    0.0000000000E+00,    2.4012598456E+01,    2.4012598456E+01,    0.0000000000E+00,    0.0000000000E+00,    0.0000000000E+00,    2.4012598456E+01
     46600,      0.676922,CP3_after_update_bottom,   1,    0.0000000000E+00,    2.4012598456E+01,    2.4012598456E+01,    0.0000000000E+00,    0.0000000000E+00,    0.0000000000E+00,    2.4012598456E+01
     46600,      0.676922,CP4_after_advection,   1,    0.0000000000E+00,    2.4012814422E+01,    2.4012814422E+01,    0.0000000000E+00,    0.0000000000E+00,    0.0000000000E+00,    2.4012814422E+01
     46600,      0.676922,CP5_after_vdif,   1,    0.0000000000E+00,    2.4012814422E+01,    2.4012814422E+01,    0.0000000000E+00,    0.0000000000E+00,    0.0000000000E+00,    2.4012814422E+01
     46600,      0.676922,CP6_after_kinetics,   1,    0.0000000000E+00,    2.4012814422E+01,    2.4012814422E+01,    0.0000000000E+00,    0.0000000000E+00,    0.0000000000E+00,    2.4012814422E+01
     46600,      0.676922,CP7_after_upper_clamp,   1,    0.0000000000E+00,    2.4012814422E+01,    2.4012814422E+01,    0.0000000000E+00,    0.0000000000E+00,    0.0000000000E+00,    2.4012814422E+01
     46600,      0.676922,CP8_after_OBC,   1,    0.0000000000E+00,    2.4012814422E+01,    2.4012814422E+01,    0.0000000000E+00,    0.0000000000E+00,    0.0000000000E+00,    2.4012814422E+01
     46600,      0.676922,CP9_after_PTsource,   1,    0.0000000000E+00,    2.4012814422E+01,    2.4012814422E+01,    0.0000000000E+00,    0.0000000000E+00,    0.0000000000E+00,    2.4012814422E+01
     46600,      0.676922,CP10_after_neg_clamp,   1,    0.0000000000E+00,    2.4012814422E+01,    2.4012814422E+01,    0.0000000000E+00,    0.0000000000E+00,    0.0000000000E+00,    2.4012814422E+01
     46600,      0.676922,CP11_after_MPI,   1,    0.0000000000E+00,    2.4012814422E+01,    2.4012814422E+01,    0.0000000000E+00,    0.0000000000E+00,    0.0000000000E+00,    2.4012814422E+01
     46600,      0.676922,CP12_end,   1,    0.0000000000E+00,    2.4012814422E+01,    2.4012814422E+01,    0.0000000000E+00,    0.0000000000E+00,    0.0000000000E+00,    2.4012814422E+01
     46650,      0.676922,CP0_start,   1,    0.0000000000E+00,    2.4061714011E+01,    2.4061714011E+01,    0.0000000000E+00,    0.0000000000E+00,    0.0000000000E+00,    2.4061714011E+01
     46650,      0.676922,CP1_after_deposition,   1,    0.0000000000E+00,    2.4061714011E+01,    2.4061714011E+01,    0.0000000000E+00,    0.0000000000E+00,    0.0000000000E+00,    2.4061714011E+01
     46650,      0.676922,CP2_after_erosion,   1,    0.0000000000E+00,    2.4061714011E+01,    2.4061714011E+01,    0.0000000000E+00,    0.0000000000E+00,    0.0000000000E+00,    2.4061714011E+01
     46650,      0.676922,CP3_after_update_bottom,   1,    0.0000000000E+00,    2.4061714011E+01,    2.4061714011E+01,    0.0000000000E+00,    0.0000000000E+00,    0.0000000000E+00,    2.4061714011E+01
     46650,      0.676922,CP4_after_advection,   1,    0.0000000000E+00,    2.4061936358E+01,    2.4061936358E+01,    0.0000000000E+00,    0.0000000000E+00,    0.0000000000E+00,    2.4061936358E+01
     46650,      0.676922,CP5_after_vdif,   1,    0.0000000000E+00,    2.4061936358E+01,    2.4061936358E+01,    0.0000000000E+00,    0.0000000000E+00,    0.0000000000E+00,    2.4061936358E+01
     46650,      0.676922,CP6_after_kinetics,   1,    0.0000000000E+00,    2.4061936358E+01,    2.4061936358E+01,    0.0000000000E+00,    0.0000000000E+00,    0.0000000000E+00,    2.4061936358E+01
     46650,      0.676922,CP7_after_upper_clamp,   1,    0.0000000000E+00,    2.4061936358E+01,    2.4061936358E+01,    0.0000000000E+00,    0.0000000000E+00,    0.0000000000E+00,    2.4061936358E+01
     46650,      0.676922,CP8_after_OBC,   1,    0.0000000000E+00,    2.4061936358E+01,    2.4061936358E+01,    0.0000000000E+00,    0.0000000000E+00,    0.0000000000E+00,    2.4061936358E+01
     46650,      0.676922,CP9_after_PTsource,   1,    0.0000000000E+00,    2.4061936358E+01,    2.4061936358E+01,    0.0000000000E+00,    0.0000000000E+00,    0.0000000000E+00,    2.4061936358E+01
     46650,      0.676922,CP10_after_neg_clamp,   1,    0.0000000000E+00,    2.4061936358E+01,    2.4061936358E+01,    0.0000000000E+00,    0.0000000000E+00,    0.0000000000E+00,    2.4061936358E+01
     46650,      0.676922,CP11_after_MPI,   1,    0.0000000000E+00,    2.4061936358E+01,    2.4061936358E+01,    0.0000000000E+00,    0.0000000000E+00,    0.0000000000E+00,    2.4061936358E+01
     46650,      0.676922,CP12_end,   1,    0.0000000000E+00,    2.4061936358E+01,    2.4061936358E+01,    0.0000000000E+00,    0.0000000000E+00,    0.0000000000E+00,    2.4061936358E+01
     46700,      0.676922,CP0_start,   1,    0.0000000000E+00,    2.4110881996E+01,    2.4110881996E+01,    0.0000000000E+00,    0.0000000000E+00,    0.0000000000E+00,    2.4110881996E+01
     46700,      0.676922,CP1_after_deposition,   1,    0.0000000000E+00,    2.4110881996E+01,    2.4110881996E+01,    0.0000000000E+00,    0.0000000000E+00,    0.0000000000E+00,    2.4110881996E+01
     46700,      0.676922,CP2_after_erosion,   1,    0.0000000000E+00,    2.4110881996E+01,    2.4110881996E+01,    0.0000000000E+00,    0.0000000000E+00,    0.0000000000E+00,    2.4110881996E+01
     46700,      0.676922,CP3_after_update_bottom,   1,    0.0000000000E+00,    2.4110881996E+01,    2.4110881996E+01,    0.0000000000E+00,    0.0000000000E+00,    0.0000000000E+00,    2.4110881996E+01
     46700,      0.676922,CP4_after_advection,   1,    0.0000000000E+00,    2.4111111800E+01,    2.4111111800E+01,    0.0000000000E+00,    0.0000000000E+00,    0.0000000000E+00,    2.4111111800E+01
     46700,      0.676922,CP5_after_vdif,   1,    0.0000000000E+00,    2.4111111800E+01,    2.4111111800E+01,    0.0000000000E+00,    0.0000000000E+00,    0.0000000000E+00,    2.4111111800E+01
     46700,      0.676922,CP6_after_kinetics,   1,    0.0000000000E+00,    2.4111111800E+01,    2.4111111800E+01,    0.0000000000E+00,    0.0000000000E+00,    0.0000000000E+00,    2.4111111800E+01
     46700,      0.676922,CP7_after_upper_clamp,   1,    0.0000000000E+00,    2.4111111800E+01,    2.4111111800E+01,    0.0000000000E+00,    0.0000000000E+00,    0.0000000000E+00,    2.4111111800E+01
     46700,      0.676922,CP8_after_OBC,   1,    0.0000000000E+00,    2.4111111800E+01,    2.4111111800E+01,    0.0000000000E+00,    0.0000000000E+00,    0.0000000000E+00,    2.4111111800E+01
     46700,      0.676922,CP9_after_PTsource,   1,    0.0000000000E+00,    2.4111111800E+01,    2.4111111800E+01,    0.0000000000E+00,    0.0000000000E+00,    0.0000000000E+00,    2.4111111800E+01
     46700,      0.676922,CP10_after_neg_clamp,   1,    0.0000000000E+00,    2.4111111800E+01,    2.4111111800E+01,    0.0000000000E+00,    0.0000000000E+00,    0.0000000000E+00,    2.4111111800E+01
     46700,      0.676922,CP11_after_MPI,   1,    0.0000000000E+00,    2.4111111800E+01,    2.4111111800E+01,    0.0000000000E+00,    0.0000000000E+00,    0.0000000000E+00,    2.4111111800E+01
     46700,      0.676922,CP12_end,   1,    0.0000000000E+00,    2.4111111800E+01,    2.4111111800E+01,    0.0000000000E+00,    0.0000000000E+00,    0.0000000000E+00,    2.4111111800E+01
     46750,      0.676922,CP0_start,   1,    0.0000000000E+00,    2.4160094804E+01,    2.4160094804E+01,    0.0000000000E+00,    0.0000000000E+00,    0.0000000000E+00,    2.4160094804E+01
     46750,      0.676922,CP1_after_deposition,   1,    0.0000000000E+00,    2.4160094804E+01,    2.4160094804E+01,    0.0000000000E+00,    0.0000000000E+00,    0.0000000000E+00,    2.4160094804E+01
     46750,      0.676922,CP2_after_erosion,   1,    0.0000000000E+00,    2.4160094804E+01,    2.4160094804E+01,    0.0000000000E+00,    0.0000000000E+00,    0.0000000000E+00,    2.4160094804E+01
     46750,      0.676922,CP3_after_update_bottom,   1,    0.0000000000E+00,    2.4160094804E+01,    2.4160094804E+01,    0.0000000000E+00,    0.0000000000E+00,    0.0000000000E+00,    2.4160094804E+01
     46750,      0.676922,CP4_after_advection,   1,    0.0000000000E+00,    2.4160332002E+01,    2.4160332002E+01,    0.0000000000E+00,    0.0000000000E+00,    0.0000000000E+00,    2.4160332002E+01
     46750,      0.676922,CP5_after_vdif,   1,    0.0000000000E+00,    2.4160332002E+01,    2.4160332002E+01,    0.0000000000E+00,    0.0000000000E+00,    0.0000000000E+00,    2.4160332002E+01
     46750,      0.676922,CP6_after_kinetics,   1,    0.0000000000E+00,    2.4160332002E+01,    2.4160332002E+01,    0.0000000000E+00,    0.0000000000E+00,    0.0000000000E+00,    2.4160332002E+01
     46750,      0.676922,CP7_after_upper_clamp,   1,    0.0000000000E+00,    2.4160332002E+01,    2.4160332002E+01,    0.0000000000E+00,    0.0000000000E+00,    0.0000000000E+00,    2.4160332002E+01
     46750,      0.676922,CP8_after_OBC,   1,    0.0000000000E+00,    2.4160332002E+01,    2.4160332002E+01,    0.0000000000E+00,    0.0000000000E+00,    0.0000000000E+00,    2.4160332002E+01
     46750,      0.676922,CP9_after_PTsource,   1,    0.0000000000E+00,    2.4160332002E+01,    2.4160332002E+01,    0.0000000000E+00,    0.0000000000E+00,    0.0000000000E+00,    2.4160332002E+01
     46750,      0.676922,CP10_after_neg_clamp,   1,    0.0000000000E+00,    2.4160332002E+01,    2.4160332002E+01,    0.0000000000E+00,    0.0000000000E+00,    0.0000000000E+00,    2.4160332002E+01
     46750,      0.676922,CP11_after_MPI,   1,    0.0000000000E+00,    2.4160332002E+01,    2.4160332002E+01,    0.0000000000E+00,    0.0000000000E+00,    0.0000000000E+00,    2.4160332002E+01
     46750,      0.676922,CP12_end,   1,    0.0000000000E+00,    2.4160332002E+01,    2.4160332002E+01,    0.0000000000E+00,    0.0000000000E+00,    0.0000000000E+00,    2.4160332002E+01
     46800,      0.676922,CP0_start,   1,    0.0000000000E+00,    2.4209367752E+01,    2.4209367752E+01,    0.0000000000E+00,    0.0000000000E+00,    0.0000000000E+00,    2.4209367752E+01
     46800,      0.676922,CP1_after_deposition,   1,    0.0000000000E+00,    2.4209367752E+01,    2.4209367752E+01,    0.0000000000E+00,    0.0000000000E+00,    0.0000000000E+00,    2.4209367752E+01
     46800,      0.676922,CP2_after_erosion,   1,    0.0000000000E+00,    2.4209367752E+01,    2.4209367752E+01,    0.0000000000E+00,    0.0000000000E+00,    0.0000000000E+00,    2.4209367752E+01
     46800,      0.676922,CP3_after_update_bottom,   1,    0.0000000000E+00,    2.4209367752E+01,    2.4209367752E+01,    0.0000000000E+00,    0.0000000000E+00,    0.0000000000E+00,    2.4209367752E+01
     46800,      0.676922,CP4_after_advection,   1,    0.0000000000E+00,    2.4209610391E+01,    2.4209610391E+01,    0.0000000000E+00,    0.0000000000E+00,    0.0000000000E+00,    2.4209610391E+01
     46800,      0.676922,CP5_after_vdif,   1,    0.0000000000E+00,    2.4209610391E+01,    2.4209610391E+01,    0.0000000000E+00,    0.0000000000E+00,    0.0000000000E+00,    2.4209610391E+01
     46800,      0.676922,CP6_after_kinetics,   1,    0.0000000000E+00,    2.4209610391E+01,    2.4209610391E+01,    0.0000000000E+00,    0.0000000000E+00,    0.0000000000E+00,    2.4209610391E+01
     46800,      0.676922,CP7_after_upper_clamp,   1,    0.0000000000E+00,    2.4209610391E+01,    2.4209610391E+01,    0.0000000000E+00,    0.0000000000E+00,    0.0000000000E+00,    2.4209610391E+01
     46800,      0.676922,CP8_after_OBC,   1,    0.0000000000E+00,    2.4209610391E+01,    2.4209610391E+01,    0.0000000000E+00,    0.0000000000E+00,    0.0000000000E+00,    2.4209610391E+01
     46800,      0.676922,CP9_after_PTsource,   1,    0.0000000000E+00,    2.4209610391E+01,    2.4209610391E+01,    0.0000000000E+00,    0.0000000000E+00,    0.0000000000E+00,    2.4209610391E+01
     46800,      0.676922,CP10_after_neg_clamp,   1,    0.0000000000E+00,    2.4209610391E+01,    2.4209610391E+01,    0.0000000000E+00,    0.0000000000E+00,    0.0000000000E+00,    2.4209610391E+01
     46800,      0.676922,CP11_after_MPI,   1,    0.0000000000E+00,    2.4209610391E+01,    2.4209610391E+01,    0.0000000000E+00,    0.0000000000E+00,    0.0000000000E+00,    2.4209610391E+01
     46800,      0.676922,CP12_end,   1,    0.0000000000E+00,    2.4209610391E+01,    2.4209610391E+01,    0.0000000000E+00,    0.0000000000E+00,    0.0000000000E+00,    2.4209610391E+01
     46850,      0.676922,CP0_start,   1,    0.0000000000E+00,    2.4258693967E+01,    2.4258693967E+01,    0.0000000000E+00,    0.0000000000E+00,    0.0000000000E+00,    2.4258693967E+01
     46850,      0.676922,CP1_after_deposition,   1,    0.0000000000E+00,    2.4258693967E+01,    2.4258693967E+01,    0.0000000000E+00,    0.0000000000E+00,    0.0000000000E+00,    2.4258693967E+01
     46850,      0.676922,CP2_after_erosion,   1,    0.0000000000E+00,    2.4258693967E+01,    2.4258693967E+01,    0.0000000000E+00,    0.0000000000E+00,    0.0000000000E+00,    2.4258693967E+01
     46850,      0.676922,CP3_after_update_bottom,   1,    0.0000000000E+00,    2.4258693967E+01,    2.4258693967E+01,    0.0000000000E+00,    0.0000000000E+00,    0.0000000000E+00,    2.4258693967E+01
     46850,      0.676922,CP4_after_advection,   1,    0.0000000000E+00,    2.4258944691E+01,    2.4258944691E+01,    0.0000000000E+00,    0.0000000000E+00,    0.0000000000E+00,    2.4258944691E+01
     46850,      0.676922,CP5_after_vdif,   1,    0.0000000000E+00,    2.4258944691E+01,    2.4258944691E+01,    0.0000000000E+00,    0.0000000000E+00,    0.0000000000E+00,    2.4258944691E+01
     46850,      0.676922,CP6_after_kinetics,   1,    0.0000000000E+00,    2.4258944691E+01,    2.4258944691E+01,    0.0000000000E+00,    0.0000000000E+00,    0.0000000000E+00,    2.4258944691E+01
     46850,      0.676922,CP7_after_upper_clamp,   1,    0.0000000000E+00,    2.4258944691E+01,    2.4258944691E+01,    0.0000000000E+00,    0.0000000000E+00,    0.0000000000E+00,    2.4258944691E+01
     46850,      0.676922,CP8_after_OBC,   1,    0.0000000000E+00,    2.4258944691E+01,    2.4258944691E+01,    0.0000000000E+00,    0.0000000000E+00,    0.0000000000E+00,    2.4258944691E+01
     46850,      0.676922,CP9_after_PTsource,   1,    0.0000000000E+00,    2.4258944691E+01,    2.4258944691E+01,    0.0000000000E+00,    0.0000000000E+00,    0.0000000000E+00,    2.4258944691E+01
     46850,      0.676922,CP10_after_neg_clamp,   1,    0.0000000000E+00,    2.4258944691E+01,    2.4258944691E+01,    0.0000000000E+00,    0.0000000000E+00,    0.0000000000E+00,    2.4258944691E+01
     46850,      0.676922,CP11_after_MPI,   1,    0.0000000000E+00,    2.4258944691E+01,    2.4258944691E+01,    0.0000000000E+00,    0.0000000000E+00,    0.0000000000E+00,    2.4258944691E+01
     46850,      0.676922,CP12_end,   1,    0.0000000000E+00,    2.4258944691E+01,    2.4258944691E+01,    0.0000000000E+00,    0.0000000000E+00,    0.0000000000E+00,    2.4258944691E+01
     46900,      0.676922,CP0_start,   1,    0.0000000000E+00,    2.4308054455E+01,    2.4308054455E+01,    0.0000000000E+00,    0.0000000000E+00,    0.0000000000E+00,    2.4308054455E+01
     46900,      0.676922,CP1_after_deposition,   1,    0.0000000000E+00,    2.4308054455E+01,    2.4308054455E+01,    0.0000000000E+00,    0.0000000000E+00,    0.0000000000E+00,    2.4308054455E+01
     46900,      0.676922,CP2_after_erosion,   1,    0.0000000000E+00,    2.4308054455E+01,    2.4308054455E+01,    0.0000000000E+00,    0.0000000000E+00,    0.0000000000E+00,    2.4308054455E+01
     46900,      0.676922,CP3_after_update_bottom,   1,    0.0000000000E+00,    2.4308054455E+01,    2.4308054455E+01,    0.0000000000E+00,    0.0000000000E+00,    0.0000000000E+00,    2.4308054455E+01
     46900,      0.676922,CP4_after_advection,   1,    0.0000000000E+00,    2.4308312804E+01,    2.4308312804E+01,    0.0000000000E+00,    0.0000000000E+00,    0.0000000000E+00,    2.4308312804E+01
     46900,      0.676922,CP5_after_vdif,   1,    0.0000000000E+00,    2.4308312804E+01,    2.4308312804E+01,    0.0000000000E+00,    0.0000000000E+00,    0.0000000000E+00,    2.4308312804E+01
     46900,      0.676922,CP6_after_kinetics,   1,    0.0000000000E+00,    2.4308312804E+01,    2.4308312804E+01,    0.0000000000E+00,    0.0000000000E+00,    0.0000000000E+00,    2.4308312804E+01
     46900,      0.676922,CP7_after_upper_clamp,   1,    0.0000000000E+00,    2.4308312804E+01,    2.4308312804E+01,    0.0000000000E+00,    0.0000000000E+00,    0.0000000000E+00,    2.4308312804E+01
     46900,      0.676922,CP8_after_OBC,   1,    0.0000000000E+00,    2.4308312804E+01,    2.4308312804E+01,    0.0000000000E+00,    0.0000000000E+00,    0.0000000000E+00,    2.4308312804E+01
     46900,      0.676922,CP9_after_PTsource,   1,    0.0000000000E+00,    2.4308312804E+01,    2.4308312804E+01,    0.0000000000E+00,    0.0000000000E+00,    0.0000000000E+00,    2.4308312804E+01
     46900,      0.676922,CP10_after_neg_clamp,   1,    0.0000000000E+00,    2.4308312804E+01,    2.4308312804E+01,    0.0000000000E+00,    0.0000000000E+00,    0.0000000000E+00,    2.4308312804E+01
     46900,      0.676922,CP11_after_MPI,   1,    0.0000000000E+00,    2.4308312804E+01,    2.4308312804E+01,    0.0000000000E+00,    0.0000000000E+00,    0.0000000000E+00,    2.4308312804E+01
     46900,      0.676922,CP12_end,   1,    0.0000000000E+00,    2.4308312804E+01,    2.4308312804E+01,    0.0000000000E+00,    0.0000000000E+00,    0.0000000000E+00,    2.4308312804E+01
     46950,      0.676922,CP0_start,   1,    0.0000000000E+00,    2.4357467182E+01,    2.4357467182E+01,    0.0000000000E+00,    0.0000000000E+00,    0.0000000000E+00,    2.4357467182E+01
     46950,      0.676922,CP1_after_deposition,   1,    0.0000000000E+00,    2.4357467182E+01,    2.4357467182E+01,    0.0000000000E+00,    0.0000000000E+00,    0.0000000000E+00,    2.4357467182E+01
     46950,      0.676922,CP2_after_erosion,   1,    0.0000000000E+00,    2.4357467182E+01,    2.4357467182E+01,    0.0000000000E+00,    0.0000000000E+00,    0.0000000000E+00,    2.4357467182E+01
     46950,      0.676922,CP3_after_update_bottom,   1,    0.0000000000E+00,    2.4357467182E+01,    2.4357467182E+01,    0.0000000000E+00,    0.0000000000E+00,    0.0000000000E+00,    2.4357467182E+01
     46950,      0.676922,CP4_after_advection,   1,    0.0000000000E+00,    2.4357733127E+01,    2.4357733127E+01,    0.0000000000E+00,    0.0000000000E+00,    0.0000000000E+00,    2.4357733127E+01
     46950,      0.676922,CP5_after_vdif,   1,    0.0000000000E+00,    2.4357733127E+01,    2.4357733127E+01,    0.0000000000E+00,    0.0000000000E+00,    0.0000000000E+00,    2.4357733127E+01
     46950,      0.676922,CP6_after_kinetics,   1,    0.0000000000E+00,    2.4357733127E+01,    2.4357733127E+01,    0.0000000000E+00,    0.0000000000E+00,    0.0000000000E+00,    2.4357733127E+01
     46950,      0.676922,CP7_after_upper_clamp,   1,    0.0000000000E+00,    2.4357733127E+01,    2.4357733127E+01,    0.0000000000E+00,    0.0000000000E+00,    0.0000000000E+00,    2.4357733127E+01
     46950,      0.676922,CP8_after_OBC,   1,    0.0000000000E+00,    2.4357733127E+01,    2.4357733127E+01,    0.0000000000E+00,    0.0000000000E+00,    0.0000000000E+00,    2.4357733127E+01
     46950,      0.676922,CP9_after_PTsource,   1,    0.0000000000E+00,    2.4357733127E+01,    2.4357733127E+01,    0.0000000000E+00,    0.0000000000E+00,    0.0000000000E+00,    2.4357733127E+01
     46950,      0.676922,CP10_after_neg_clamp,   1,    0.0000000000E+00,    2.4357733127E+01,    2.4357733127E+01,    0.0000000000E+00,    0.0000000000E+00,    0.0000000000E+00,    2.4357733127E+01
     46950,      0.676922,CP11_after_MPI,   1,    0.0000000000E+00,    2.4357733127E+01,    2.4357733127E+01,    0.0000000000E+00,    0.0000000000E+00,    0.0000000000E+00,    2.4357733127E+01
     46950,      0.676922,CP12_end,   1,    0.0000000000E+00,    2.4357733127E+01,    2.4357733127E+01,    0.0000000000E+00,    0.0000000000E+00,    0.0000000000E+00,    2.4357733127E+01
     47000,      0.676922,CP0_start,   1,    0.0000000000E+00,    2.4406942947E+01,    2.4406942947E+01,    0.0000000000E+00,    0.0000000000E+00,    0.0000000000E+00,    2.4406942947E+01
     47000,      0.676922,CP1_after_deposition,   1,    0.0000000000E+00,    2.4406942947E+01,    2.4406942947E+01,    0.0000000000E+00,    0.0000000000E+00,    0.0000000000E+00,    2.4406942947E+01
     47000,      0.676922,CP2_after_erosion,   1,                 NaN,                 NaN,                 NaN,    0.0000000000E+00,    0.0000000000E+00,    0.0000000000E+00,                 NaN
     47000,      0.676922,CP3_after_update_bottom,   1,                 NaN,                 NaN,                 NaN,    0.0000000000E+00,    0.0000000000E+00,    0.0000000000E+00,                 NaN
     47000,      0.676922,CP4_after_advection,   1,                 NaN,                 NaN,                 NaN,    0.0000000000E+00,    0.0000000000E+00,    0.0000000000E+00,                 NaN
     47000,      0.676922,CP5_after_vdif,   1,                 NaN,                 NaN,                 NaN,    0.0000000000E+00,    0.0000000000E+00,    0.0000000000E+00,                 NaN
     47000,      0.676922,CP6_after_kinetics,   1,                 NaN,                 NaN,                 NaN,    0.0000000000E+00,    0.0000000000E+00,    0.0000000000E+00,                 NaN
     47000,      0.676922,CP7_after_upper_clamp,   1,                 NaN,                 NaN,                 NaN,    0.0000000000E+00,    0.0000000000E+00,    0.0000000000E+00,                 NaN
     47000,      0.676922,CP8_after_OBC,   1,                 NaN,                 NaN,                 NaN,    0.0000000000E+00,    0.0000000000E+00,    0.0000000000E+00,                 NaN
     47000,      0.676922,CP9_after_PTsource,   1,                 NaN,                 NaN,                 NaN,    0.0000000000E+00,    0.0000000000E+00,    0.0000000000E+00,                 NaN
     47000,      0.676922,CP10_after_neg_clamp,   1,    0.0000000000E+00,    2.4407215788E+01,    2.4407215788E+01,    0.0000000000E+00,    0.0000000000E+00,    0.0000000000E+00,    2.4407215788E+01
     47000,      0.676922,CP11_after_MPI,   1,    0.0000000000E+00,    2.4407215788E+01,    2.4407215788E+01,    0.0000000000E+00,    0.0000000000E+00,    0.0000000000E+00,    2.4407215788E+01
     47000,      0.676922,CP12_end,   1,    0.0000000000E+00,    2.4407215788E+01,    2.4407215788E+01,    0.0000000000E+00,    0.0000000000E+00,    0.0000000000E+00,    2.4407215788E+01
     47050,      0.676922,CP0_start,   1,    0.0000000000E+00,    2.4456451139E+01,    2.4456451139E+01,    0.0000000000E+00,    0.0000000000E+00,    0.0000000000E+00,    2.4456451139E+01
     47050,      0.676922,CP1_after_deposition,   1,    0.0000000000E+00,    2.4456451139E+01,    2.4456451139E+01,    0.0000000000E+00,    0.0000000000E+00,    0.0000000000E+00,    2.4456451139E+01
     47050,      0.676922,CP2_after_erosion,   1,    0.0000000000E+00,    2.4456451139E+01,    2.4456451139E+01,    0.0000000000E+00,    0.0000000000E+00,    0.0000000000E+00,    2.4456451139E+01
     47050,      0.676922,CP3_after_update_bottom,   1,    0.0000000000E+00,    2.4456451139E+01,    2.4456451139E+01,    0.0000000000E+00,    0.0000000000E+00,    0.0000000000E+00,    2.4456451139E+01
     47050,      0.676922,CP4_after_advection,   1,    0.0000000000E+00,    2.4456731801E+01,    2.4456731801E+01,    0.0000000000E+00,    0.0000000000E+00,    0.0000000000E+00,    2.4456731801E+01
     47050,      0.676922,CP5_after_vdif,   1,    0.0000000000E+00,    2.4456731801E+01,    2.4456731801E+01,    0.0000000000E+00,    0.0000000000E+00,    0.0000000000E+00,    2.4456731801E+01
     47050,      0.676922,CP6_after_kinetics,   1,    0.0000000000E+00,    2.4456731801E+01,    2.4456731801E+01,    0.0000000000E+00,    0.0000000000E+00,    0.0000000000E+00,    2.4456731801E+01
     47050,      0.676922,CP7_after_upper_clamp,   1,    0.0000000000E+00,    2.4456731801E+01,    2.4456731801E+01,    0.0000000000E+00,    0.0000000000E+00,    0.0000000000E+00,    2.4456731801E+01
     47050,      0.676922,CP8_after_OBC,   1,    0.0000000000E+00,    2.4456731801E+01,    2.4456731801E+01,    0.0000000000E+00,    0.0000000000E+00,    0.0000000000E+00,    2.4456731801E+01
     47050,      0.676922,CP9_after_PTsource,   1,    0.0000000000E+00,    2.4456731801E+01,    2.4456731801E+01,    0.0000000000E+00,    0.0000000000E+00,    0.0000000000E+00,    2.4456731801E+01
     47050,      0.676922,CP10_after_neg_clamp,   1,    0.0000000000E+00,    2.4456731801E+01,    2.4456731801E+01,    0.0000000000E+00,    0.0000000000E+00,    0.0000000000E+00,    2.4456731801E+01
     47050,      0.676922,CP11_after_MPI,   1,    0.0000000000E+00,    2.4456731801E+01,    2.4456731801E+01,    0.0000000000E+00,    0.0000000000E+00,    0.0000000000E+00,    2.4456731801E+01
     47050,      0.676922,CP12_end,   1,    0.0000000000E+00,    2.4456731801E+01,    2.4456731801E+01,    0.0000000000E+00,    0.0000000000E+00,    0.0000000000E+00,    2.4456731801E+01
     47100,      0.676922,CP0_start,   1,    0.0000000000E+00,    2.4506019606E+01,    2.4506019606E+01,    0.0000000000E+00,    0.0000000000E+00,    0.0000000000E+00,    2.4506019606E+01
     47100,      0.676922,CP1_after_deposition,   1,    0.0000000000E+00,    2.4506019606E+01,    2.4506019606E+01,    0.0000000000E+00,    0.0000000000E+00,    0.0000000000E+00,    2.4506019606E+01
     47100,      0.676922,CP2_after_erosion,   1,    0.0000000000E+00,    2.4506019606E+01,    2.4506019606E+01,    0.0000000000E+00,    0.0000000000E+00,    0.0000000000E+00,    2.4506019606E+01
     47100,      0.676922,CP3_after_update_bottom,   1,    0.0000000000E+00,    2.4506019606E+01,    2.4506019606E+01,    0.0000000000E+00,    0.0000000000E+00,    0.0000000000E+00,    2.4506019606E+01
     47100,      0.676922,CP4_after_advection,   1,    0.0000000000E+00,    2.4506307017E+01,    2.4506307017E+01,    0.0000000000E+00,    0.0000000000E+00,    0.0000000000E+00,    2.4506307017E+01
     47100,      0.676922,CP5_after_vdif,   1,    0.0000000000E+00,    2.4506307017E+01,    2.4506307017E+01,    0.0000000000E+00,    0.0000000000E+00,    0.0000000000E+00,    2.4506307017E+01
     47100,      0.676922,CP6_after_kinetics,   1,    0.0000000000E+00,    2.4506307017E+01,    2.4506307017E+01,    0.0000000000E+00,    0.0000000000E+00,    0.0000000000E+00,    2.4506307017E+01
     47100,      0.676922,CP7_after_upper_clamp,   1,    0.0000000000E+00,    2.4506307017E+01,    2.4506307017E+01,    0.0000000000E+00,    0.0000000000E+00,    0.0000000000E+00,    2.4506307017E+01
     47100,      0.676922,CP8_after_OBC,   1,    0.0000000000E+00,    2.4506307017E+01,    2.4506307017E+01,    0.0000000000E+00,    0.0000000000E+00,    0.0000000000E+00,    2.4506307017E+01
     47100,      0.676922,CP9_after_PTsource,   1,    0.0000000000E+00,    2.4506307017E+01,    2.4506307017E+01,    0.0000000000E+00,    0.0000000000E+00,    0.0000000000E+00,    2.4506307017E+01
     47100,      0.676922,CP10_after_neg_clamp,   1,    0.0000000000E+00,    2.4506307017E+01,    2.4506307017E+01,    0.0000000000E+00,    0.0000000000E+00,    0.0000000000E+00,    2.4506307017E+01
     47100,      0.676922,CP11_after_MPI,   1,    0.0000000000E+00,    2.4506307017E+01,    2.4506307017E+01,    0.0000000000E+00,    0.0000000000E+00,    0.0000000000E+00,    2.4506307017E+01
     47100,      0.676922,CP12_end,   1,    0.0000000000E+00,    2.4506307017E+01,    2.4506307017E+01,    0.0000000000E+00,    0.0000000000E+00,    0.0000000000E+00,    2.4506307017E+01
     47150,      0.676922,CP0_start,   1,    0.0000000000E+00,    2.4555636258E+01,    2.4555636258E+01,    0.0000000000E+00,    0.0000000000E+00,    0.0000000000E+00,    2.4555636258E+01
     47150,      0.676922,CP1_after_deposition,   1,    0.0000000000E+00,    2.4555636258E+01,    2.4555636258E+01,    0.0000000000E+00,    0.0000000000E+00,    0.0000000000E+00,    2.4555636258E+01
     47150,      0.676922,CP2_after_erosion,   1,    0.0000000000E+00,    2.4555636258E+01,    2.4555636258E+01,    0.0000000000E+00,    0.0000000000E+00,    0.0000000000E+00,    2.4555636258E+01
     47150,      0.676922,CP3_after_update_bottom,   1,    0.0000000000E+00,    2.4555636258E+01,    2.4555636258E+01,    0.0000000000E+00,    0.0000000000E+00,    0.0000000000E+00,    2.4555636258E+01
     47150,      0.676922,CP4_after_advection,   1,    0.0000000000E+00,    2.4555929905E+01,    2.4555929905E+01,    0.0000000000E+00,    0.0000000000E+00,    0.0000000000E+00,    2.4555929905E+01
     47150,      0.676922,CP5_after_vdif,   1,    0.0000000000E+00,    2.4555929905E+01,    2.4555929905E+01,    0.0000000000E+00,    0.0000000000E+00,    0.0000000000E+00,    2.4555929905E+01
     47150,      0.676922,CP6_after_kinetics,   1,    0.0000000000E+00,    2.4555929905E+01,    2.4555929905E+01,    0.0000000000E+00,    0.0000000000E+00,    0.0000000000E+00,    2.4555929905E+01
     47150,      0.676922,CP7_after_upper_clamp,   1,    0.0000000000E+00,    2.4555929905E+01,    2.4555929905E+01,    0.0000000000E+00,    0.0000000000E+00,    0.0000000000E+00,    2.4555929905E+01
     47150,      0.676922,CP8_after_OBC,   1,    0.0000000000E+00,    2.4555929905E+01,    2.4555929905E+01,    0.0000000000E+00,    0.0000000000E+00,    0.0000000000E+00,    2.4555929905E+01
     47150,      0.676922,CP9_after_PTsource,   1,    0.0000000000E+00,    2.4555929905E+01,    2.4555929905E+01,    0.0000000000E+00,    0.0000000000E+00,    0.0000000000E+00,    2.4555929905E+01
     47150,      0.676922,CP10_after_neg_clamp,   1,    0.0000000000E+00,    2.4555929905E+01,    2.4555929905E+01,    0.0000000000E+00,    0.0000000000E+00,    0.0000000000E+00,    2.4555929905E+01
     47150,      0.676922,CP11_after_MPI,   1,    0.0000000000E+00,    2.4555929905E+01,    2.4555929905E+01,    0.0000000000E+00,    0.0000000000E+00,    0.0000000000E+00,    2.4555929905E+01
     47150,      0.676922,CP12_end,   1,    0.0000000000E+00,    2.4555929905E+01,    2.4555929905E+01,    0.0000000000E+00,    0.0000000000E+00,    0.0000000000E+00,    2.4555929905E+01
     47200,      0.676922,CP0_start,   1,    0.0000000000E+00,    2.4605298881E+01,    2.4605298881E+01,    0.0000000000E+00,    0.0000000000E+00,    0.0000000000E+00,    2.4605298881E+01
     47200,      0.676922,CP1_after_deposition,   1,    0.0000000000E+00,    2.4605298881E+01,    2.4605298881E+01,    0.0000000000E+00,    0.0000000000E+00,    0.0000000000E+00,    2.4605298881E+01
     47200,      0.676922,CP2_after_erosion,   1,    0.0000000000E+00,    2.4605298881E+01,    2.4605298881E+01,    0.0000000000E+00,    0.0000000000E+00,    0.0000000000E+00,    2.4605298881E+01
     47200,      0.676922,CP3_after_update_bottom,   1,    0.0000000000E+00,    2.4605298881E+01,    2.4605298881E+01,    0.0000000000E+00,    0.0000000000E+00,    0.0000000000E+00,    2.4605298881E+01
     47200,      0.676922,CP4_after_advection,   1,    0.0000000000E+00,    2.4605601125E+01,    2.4605601125E+01,    0.0000000000E+00,    0.0000000000E+00,    0.0000000000E+00,    2.4605601125E+01
     47200,      0.676922,CP5_after_vdif,   1,    0.0000000000E+00,    2.4605601125E+01,    2.4605601125E+01,    0.0000000000E+00,    0.0000000000E+00,    0.0000000000E+00,    2.4605601125E+01
     47200,      0.676922,CP6_after_kinetics,   1,    0.0000000000E+00,    2.4605601125E+01,    2.4605601125E+01,    0.0000000000E+00,    0.0000000000E+00,    0.0000000000E+00,    2.4605601125E+01
     47200,      0.676922,CP7_after_upper_clamp,   1,    0.0000000000E+00,    2.4605601125E+01,    2.4605601125E+01,    0.0000000000E+00,    0.0000000000E+00,    0.0000000000E+00,    2.4605601125E+01
     47200,      0.676922,CP8_after_OBC,   1,    0.0000000000E+00,    2.4605601125E+01,    2.4605601125E+01,    0.0000000000E+00,    0.0000000000E+00,    0.0000000000E+00,    2.4605601125E+01
     47200,      0.676922,CP9_after_PTsource,   1,    0.0000000000E+00,    2.4605601125E+01,    2.4605601125E+01,    0.0000000000E+00,    0.0000000000E+00,    0.0000000000E+00,    2.4605601125E+01
     47200,      0.676922,CP10_after_neg_clamp,   1,    0.0000000000E+00,    2.4605601125E+01,    2.4605601125E+01,    0.0000000000E+00,    0.0000000000E+00,    0.0000000000E+00,    2.4605601125E+01
     47200,      0.676922,CP11_after_MPI,   1,    0.0000000000E+00,    2.4605601125E+01,    2.4605601125E+01,    0.0000000000E+00,    0.0000000000E+00,    0.0000000000E+00,    2.4605601125E+01
     47200,      0.676922,CP12_end,   1,    0.0000000000E+00,    2.4605601125E+01,    2.4605601125E+01,    0.0000000000E+00,    0.0000000000E+00,    0.0000000000E+00,    2.4605601125E+01
     47250,      0.676922,CP0_start,   1,    0.0000000000E+00,    2.4655021532E+01,    2.4655021532E+01,    0.0000000000E+00,    0.0000000000E+00,    0.0000000000E+00,    2.4655021532E+01
     47250,      0.676922,CP1_after_deposition,   1,    0.0000000000E+00,    2.4655021532E+01,    2.4655021532E+01,    0.0000000000E+00,    0.0000000000E+00,    0.0000000000E+00,    2.4655021532E+01
     47250,      0.676922,CP2_after_erosion,   1,    0.0000000000E+00,    2.4655021532E+01,    2.4655021532E+01,    0.0000000000E+00,    0.0000000000E+00,    0.0000000000E+00,    2.4655021532E+01
     47250,      0.676922,CP3_after_update_bottom,   1,    0.0000000000E+00,    2.4655021532E+01,    2.4655021532E+01,    0.0000000000E+00,    0.0000000000E+00,    0.0000000000E+00,    2.4655021532E+01
     47250,      0.676922,CP4_after_advection,   1,    0.0000000000E+00,    2.4655333089E+01,    2.4655333089E+01,    0.0000000000E+00,    0.0000000000E+00,    0.0000000000E+00,    2.4655333089E+01
     47250,      0.676922,CP5_after_vdif,   1,    0.0000000000E+00,    2.4655333089E+01,    2.4655333089E+01,    0.0000000000E+00,    0.0000000000E+00,    0.0000000000E+00,    2.4655333089E+01
     47250,      0.676922,CP6_after_kinetics,   1,    0.0000000000E+00,    2.4655333089E+01,    2.4655333089E+01,    0.0000000000E+00,    0.0000000000E+00,    0.0000000000E+00,    2.4655333089E+01
     47250,      0.676922,CP7_after_upper_clamp,   1,    0.0000000000E+00,    2.4655333089E+01,    2.4655333089E+01,    0.0000000000E+00,    0.0000000000E+00,    0.0000000000E+00,    2.4655333089E+01
     47250,      0.676922,CP8_after_OBC,   1,    0.0000000000E+00,    2.4655333089E+01,    2.4655333089E+01,    0.0000000000E+00,    0.0000000000E+00,    0.0000000000E+00,    2.4655333089E+01
     47250,      0.676922,CP9_after_PTsource,   1,    0.0000000000E+00,    2.4655333089E+01,    2.4655333089E+01,    0.0000000000E+00,    0.0000000000E+00,    0.0000000000E+00,    2.4655333089E+01
     47250,      0.676922,CP10_after_neg_clamp,   1,    0.0000000000E+00,    2.4655333089E+01,    2.4655333089E+01,    0.0000000000E+00,    0.0000000000E+00,    0.0000000000E+00,    2.4655333089E+01
     47250,      0.676922,CP11_after_MPI,   1,    0.0000000000E+00,    2.4655333089E+01,    2.4655333089E+01,    0.0000000000E+00,    0.0000000000E+00,    0.0000000000E+00,    2.4655333089E+01
     47250,      0.676922,CP12_end,   1,    0.0000000000E+00,    2.4655333089E+01,    2.4655333089E+01,    0.0000000000E+00,    0.0000000000E+00,    0.0000000000E+00,    2.4655333089E+01
     47300,      0.676922,CP0_start,   1,    0.0000000000E+00,    2.4704801158E+01,    2.4704801158E+01,    0.0000000000E+00,    0.0000000000E+00,    0.0000000000E+00,    2.4704801158E+01
     47300,      0.676922,CP1_after_deposition,   1,    0.0000000000E+00,    2.4704801158E+01,    2.4704801158E+01,    0.0000000000E+00,    0.0000000000E+00,    0.0000000000E+00,    2.4704801158E+01
     47300,      0.676922,CP2_after_erosion,   1,    0.0000000000E+00,    2.4704801158E+01,    2.4704801158E+01,    0.0000000000E+00,    0.0000000000E+00,    0.0000000000E+00,    2.4704801158E+01
     47300,      0.676922,CP3_after_update_bottom,   1,    0.0000000000E+00,    2.4704801158E+01,    2.4704801158E+01,    0.0000000000E+00,    0.0000000000E+00,    0.0000000000E+00,    2.4704801158E+01
     47300,      0.676922,CP4_after_advection,   1,    0.0000000000E+00,    2.4705121723E+01,    2.4705121723E+01,    0.0000000000E+00,    0.0000000000E+00,    0.0000000000E+00,    2.4705121723E+01
     47300,      0.676922,CP5_after_vdif,   1,    0.0000000000E+00,    2.4705121723E+01,    2.4705121723E+01,    0.0000000000E+00,    0.0000000000E+00,    0.0000000000E+00,    2.4705121723E+01
     47300,      0.676922,CP6_after_kinetics,   1,    0.0000000000E+00,    2.4705121723E+01,    2.4705121723E+01,    0.0000000000E+00,    0.0000000000E+00,    0.0000000000E+00,    2.4705121723E+01
     47300,      0.676922,CP7_after_upper_clamp,   1,    0.0000000000E+00,    2.4705121723E+01,    2.4705121723E+01,    0.0000000000E+00,    0.0000000000E+00,    0.0000000000E+00,    2.4705121723E+01
     47300,      0.676922,CP8_after_OBC,   1,    0.0000000000E+00,    2.4705121723E+01,    2.4705121723E+01,    0.0000000000E+00,    0.0000000000E+00,    0.0000000000E+00,    2.4705121723E+01
     47300,      0.676922,CP9_after_PTsource,   1,    0.0000000000E+00,    2.4705121723E+01,    2.4705121723E+01,    0.0000000000E+00,    0.0000000000E+00,    0.0000000000E+00,    2.4705121723E+01
     47300,      0.676922,CP10_after_neg_clamp,   1,    0.0000000000E+00,    2.4705121723E+01,    2.4705121723E+01,    0.0000000000E+00,    0.0000000000E+00,    0.0000000000E+00,    2.4705121723E+01
     47300,      0.676922,CP11_after_MPI,   1,    0.0000000000E+00,    2.4705121723E+01,    2.4705121723E+01,    0.0000000000E+00,    0.0000000000E+00,    0.0000000000E+00,    2.4705121723E+01
     47300,      0.676922,CP12_end,   1,    0.0000000000E+00,    2.4705121723E+01,    2.4705121723E+01,    0.0000000000E+00,    0.0000000000E+00,    0.0000000000E+00,    2.4705121723E+01
     47350,      0.676922,CP0_start,   1,    0.0000000000E+00,    2.4754625842E+01,    2.4754625842E+01,    0.0000000000E+00,    0.0000000000E+00,    0.0000000000E+00,    2.4754625842E+01
     47350,      0.676922,CP1_after_deposition,   1,    0.0000000000E+00,    2.4754625842E+01,    2.4754625842E+01,    0.0000000000E+00,    0.0000000000E+00,    0.0000000000E+00,    2.4754625842E+01
     47350,      0.676922,CP2_after_erosion,   1,    0.0000000000E+00,    2.4754625842E+01,    2.4754625842E+01,    0.0000000000E+00,    0.0000000000E+00,    0.0000000000E+00,    2.4754625842E+01
     47350,      0.676922,CP3_after_update_bottom,   1,    0.0000000000E+00,    2.4754625842E+01,    2.4754625842E+01,    0.0000000000E+00,    0.0000000000E+00,    0.0000000000E+00,    2.4754625842E+01
     47350,      0.676922,CP4_after_advection,   1,    0.0000000000E+00,    2.4754954310E+01,    2.4754954310E+01,    0.0000000000E+00,    0.0000000000E+00,    0.0000000000E+00,    2.4754954310E+01
     47350,      0.676922,CP5_after_vdif,   1,    0.0000000000E+00,    2.4754954310E+01,    2.4754954310E+01,    0.0000000000E+00,    0.0000000000E+00,    0.0000000000E+00,    2.4754954310E+01
     47350,      0.676922,CP6_after_kinetics,   1,    0.0000000000E+00,    2.4754954310E+01,    2.4754954310E+01,    0.0000000000E+00,    0.0000000000E+00,    0.0000000000E+00,    2.4754954310E+01
     47350,      0.676922,CP7_after_upper_clamp,   1,    0.0000000000E+00,    2.4754954310E+01,    2.4754954310E+01,    0.0000000000E+00,    0.0000000000E+00,    0.0000000000E+00,    2.4754954310E+01
     47350,      0.676922,CP8_after_OBC,   1,    0.0000000000E+00,    2.4754954310E+01,    2.4754954310E+01,    0.0000000000E+00,    0.0000000000E+00,    0.0000000000E+00,    2.4754954310E+01
     47350,      0.676922,CP9_after_PTsource,   1,    0.0000000000E+00,    2.4754954310E+01,    2.4754954310E+01,    0.0000000000E+00,    0.0000000000E+00,    0.0000000000E+00,    2.4754954310E+01
     47350,      0.676922,CP10_after_neg_clamp,   1,    0.0000000000E+00,    2.4754954310E+01,    2.4754954310E+01,    0.0000000000E+00,    0.0000000000E+00,    0.0000000000E+00,    2.4754954310E+01
     47350,      0.676922,CP11_after_MPI,   1,    0.0000000000E+00,    2.4754954310E+01,    2.4754954310E+01,    0.0000000000E+00,    0.0000000000E+00,    0.0000000000E+00,    2.4754954310E+01
     47350,      0.676922,CP12_end,   1,    0.0000000000E+00,    2.4754954310E+01,    2.4754954310E+01,    0.0000000000E+00,    0.0000000000E+00,    0.0000000000E+00,    2.4754954310E+01
     47400,      0.676922,CP0_start,   1,    0.0000000000E+00,    2.4804515096E+01,    2.4804515096E+01,    0.0000000000E+00,    0.0000000000E+00,    0.0000000000E+00,    2.4804515096E+01
     47400,      0.676922,CP1_after_deposition,   1,    0.0000000000E+00,    2.4804515096E+01,    2.4804515096E+01,    0.0000000000E+00,    0.0000000000E+00,    0.0000000000E+00,    2.4804515096E+01
     47400,      0.676922,CP2_after_erosion,   1,    0.0000000000E+00,    2.4804515096E+01,    2.4804515096E+01,    0.0000000000E+00,    0.0000000000E+00,    0.0000000000E+00,    2.4804515096E+01
     47400,      0.676922,CP3_after_update_bottom,   1,    0.0000000000E+00,    2.4804515096E+01,    2.4804515096E+01,    0.0000000000E+00,    0.0000000000E+00,    0.0000000000E+00,    2.4804515096E+01
     47400,      0.676922,CP4_after_advection,   1,    0.0000000000E+00,    2.4804851912E+01,    2.4804851912E+01,    0.0000000000E+00,    0.0000000000E+00,    0.0000000000E+00,    2.4804851912E+01
     47400,      0.676922,CP5_after_vdif,   1,    0.0000000000E+00,    2.4804851912E+01,    2.4804851912E+01,    0.0000000000E+00,    0.0000000000E+00,    0.0000000000E+00,    2.4804851912E+01
     47400,      0.676922,CP6_after_kinetics,   1,    0.0000000000E+00,    2.4804851912E+01,    2.4804851912E+01,    0.0000000000E+00,    0.0000000000E+00,    0.0000000000E+00,    2.4804851912E+01
     47400,      0.676922,CP7_after_upper_clamp,   1,    0.0000000000E+00,    2.4804851912E+01,    2.4804851912E+01,    0.0000000000E+00,    0.0000000000E+00,    0.0000000000E+00,    2.4804851912E+01
     47400,      0.676922,CP8_after_OBC,   1,    0.0000000000E+00,    2.4804851912E+01,    2.4804851912E+01,    0.0000000000E+00,    0.0000000000E+00,    0.0000000000E+00,    2.4804851912E+01
     47400,      0.676922,CP9_after_PTsource,   1,    0.0000000000E+00,    2.4804851912E+01,    2.4804851912E+01,    0.0000000000E+00,    0.0000000000E+00,    0.0000000000E+00,    2.4804851912E+01
     47400,      0.676922,CP10_after_neg_clamp,   1,    0.0000000000E+00,    2.4804851912E+01,    2.4804851912E+01,    0.0000000000E+00,    0.0000000000E+00,    0.0000000000E+00,    2.4804851912E+01
     47400,      0.676922,CP11_after_MPI,   1,    0.0000000000E+00,    2.4804851912E+01,    2.4804851912E+01,    0.0000000000E+00,    0.0000000000E+00,    0.0000000000E+00,    2.4804851912E+01
     47400,      0.676922,CP12_end,   1,    0.0000000000E+00,    2.4804851912E+01,    2.4804851912E+01,    0.0000000000E+00,    0.0000000000E+00,    0.0000000000E+00,    2.4804851912E+01
     47450,      0.676922,CP0_start,   1,    0.0000000000E+00,    2.4854449695E+01,    2.4854449695E+01,    0.0000000000E+00,    0.0000000000E+00,    0.0000000000E+00,    2.4854449695E+01
     47450,      0.676922,CP1_after_deposition,   1,    0.0000000000E+00,    2.4854449695E+01,    2.4854449695E+01,    0.0000000000E+00,    0.0000000000E+00,    0.0000000000E+00,    2.4854449695E+01
     47450,      0.676922,CP2_after_erosion,   1,    0.0000000000E+00,    2.4854449695E+01,    2.4854449695E+01,    0.0000000000E+00,    0.0000000000E+00,    0.0000000000E+00,    2.4854449695E+01
     47450,      0.676922,CP3_after_update_bottom,   1,    0.0000000000E+00,    2.4854449695E+01,    2.4854449695E+01,    0.0000000000E+00,    0.0000000000E+00,    0.0000000000E+00,    2.4854449695E+01
     47450,      0.676922,CP4_after_advection,   1,    0.0000000000E+00,    2.4854794509E+01,    2.4854794509E+01,    0.0000000000E+00,    0.0000000000E+00,    0.0000000000E+00,    2.4854794509E+01
     47450,      0.676922,CP5_after_vdif,   1,    0.0000000000E+00,    2.4854794509E+01,    2.4854794509E+01,    0.0000000000E+00,    0.0000000000E+00,    0.0000000000E+00,    2.4854794509E+01
     47450,      0.676922,CP6_after_kinetics,   1,    0.0000000000E+00,    2.4854794509E+01,    2.4854794509E+01,    0.0000000000E+00,    0.0000000000E+00,    0.0000000000E+00,    2.4854794509E+01
     47450,      0.676922,CP7_after_upper_clamp,   1,    0.0000000000E+00,    2.4854794509E+01,    2.4854794509E+01,    0.0000000000E+00,    0.0000000000E+00,    0.0000000000E+00,    2.4854794509E+01
     47450,      0.676922,CP8_after_OBC,   1,    0.0000000000E+00,    2.4854794509E+01,    2.4854794509E+01,    0.0000000000E+00,    0.0000000000E+00,    0.0000000000E+00,    2.4854794509E+01
     47450,      0.676922,CP9_after_PTsource,   1,    0.0000000000E+00,    2.4854794509E+01,    2.4854794509E+01,    0.0000000000E+00,    0.0000000000E+00,    0.0000000000E+00,    2.4854794509E+01
     47450,      0.676922,CP10_after_neg_clamp,   1,    0.0000000000E+00,    2.4854794509E+01,    2.4854794509E+01,    0.0000000000E+00,    0.0000000000E+00,    0.0000000000E+00,    2.4854794509E+01
     47450,      0.676922,CP11_after_MPI,   1,    0.0000000000E+00,    2.4854794509E+01,    2.4854794509E+01,    0.0000000000E+00,    0.0000000000E+00,    0.0000000000E+00,    2.4854794509E+01
     47450,      0.676922,CP12_end,   1,    0.0000000000E+00,    2.4854794509E+01,    2.4854794509E+01,    0.0000000000E+00,    0.0000000000E+00,    0.0000000000E+00,    2.4854794509E+01
     47500,      0.676922,CP0_start,   1,    0.0000000000E+00,    2.4904438929E+01,    2.4904438929E+01,    0.0000000000E+00,    0.0000000000E+00,    0.0000000000E+00,    2.4904438929E+01
     47500,      0.676922,CP1_after_deposition,   1,    0.0000000000E+00,    2.4904438929E+01,    2.4904438929E+01,    0.0000000000E+00,    0.0000000000E+00,    0.0000000000E+00,    2.4904438929E+01
     47500,      0.676922,CP2_after_erosion,   1,    0.0000000000E+00,    2.4904438929E+01,    2.4904438929E+01,    0.0000000000E+00,    0.0000000000E+00,    0.0000000000E+00,    2.4904438929E+01
     47500,      0.676922,CP3_after_update_bottom,   1,    0.0000000000E+00,    2.4904438929E+01,    2.4904438929E+01,    0.0000000000E+00,    0.0000000000E+00,    0.0000000000E+00,    2.4904438929E+01
     47500,      0.676922,CP4_after_advection,   1,    0.0000000000E+00,    2.4904792405E+01,    2.4904792405E+01,    0.0000000000E+00,    0.0000000000E+00,    0.0000000000E+00,    2.4904792405E+01
     47500,      0.676922,CP5_after_vdif,   1,    0.0000000000E+00,    2.4904792405E+01,    2.4904792405E+01,    0.0000000000E+00,    0.0000000000E+00,    0.0000000000E+00,    2.4904792405E+01
     47500,      0.676922,CP6_after_kinetics,   1,    0.0000000000E+00,    2.4904792405E+01,    2.4904792405E+01,    0.0000000000E+00,    0.0000000000E+00,    0.0000000000E+00,    2.4904792405E+01
     47500,      0.676922,CP7_after_upper_clamp,   1,    0.0000000000E+00,    2.4904792405E+01,    2.4904792405E+01,    0.0000000000E+00,    0.0000000000E+00,    0.0000000000E+00,    2.4904792405E+01
     47500,      0.676922,CP8_after_OBC,   1,    0.0000000000E+00,    2.4904792405E+01,    2.4904792405E+01,    0.0000000000E+00,    0.0000000000E+00,    0.0000000000E+00,    2.4904792405E+01
     47500,      0.676922,CP9_after_PTsource,   1,    0.0000000000E+00,    2.4904792405E+01,    2.4904792405E+01,    0.0000000000E+00,    0.0000000000E+00,    0.0000000000E+00,    2.4904792405E+01
     47500,      0.676922,CP10_after_neg_clamp,   1,    0.0000000000E+00,    2.4904792405E+01,    2.4904792405E+01,    0.0000000000E+00,    0.0000000000E+00,    0.0000000000E+00,    2.4904792405E+01
     47500,      0.676922,CP11_after_MPI,   1,    0.0000000000E+00,    2.4904792405E+01,    2.4904792405E+01,    0.0000000000E+00,    0.0000000000E+00,    0.0000000000E+00,    2.4904792405E+01
     47500,      0.676922,CP12_end,   1,    0.0000000000E+00,    2.4904792405E+01,    2.4904792405E+01,    0.0000000000E+00,    0.0000000000E+00,    0.0000000000E+00,    2.4904792405E+01
     47550,      0.676922,CP0_start,   1,    0.0000000000E+00,    2.4954468110E+01,    2.4954468110E+01,    0.0000000000E+00,    0.0000000000E+00,    0.0000000000E+00,    2.4954468110E+01
     47550,      0.676922,CP1_after_deposition,   1,    0.0000000000E+00,    2.4954468110E+01,    2.4954468110E+01,    0.0000000000E+00,    0.0000000000E+00,    0.0000000000E+00,    2.4954468110E+01
     47550,      0.676922,CP2_after_erosion,   1,    0.0000000000E+00,    2.4954468110E+01,    2.4954468110E+01,    0.0000000000E+00,    0.0000000000E+00,    0.0000000000E+00,    2.4954468110E+01
     47550,      0.676922,CP3_after_update_bottom,   1,    0.0000000000E+00,    2.4954468110E+01,    2.4954468110E+01,    0.0000000000E+00,    0.0000000000E+00,    0.0000000000E+00,    2.4954468110E+01
     47550,      0.676922,CP4_after_advection,   1,    0.0000000000E+00,    2.4954831141E+01,    2.4954831141E+01,    0.0000000000E+00,    0.0000000000E+00,    0.0000000000E+00,    2.4954831141E+01
     47550,      0.676922,CP5_after_vdif,   1,    0.0000000000E+00,    2.4954831141E+01,    2.4954831141E+01,    0.0000000000E+00,    0.0000000000E+00,    0.0000000000E+00,    2.4954831141E+01
     47550,      0.676922,CP6_after_kinetics,   1,    0.0000000000E+00,    2.4954831141E+01,    2.4954831141E+01,    0.0000000000E+00,    0.0000000000E+00,    0.0000000000E+00,    2.4954831141E+01
     47550,      0.676922,CP7_after_upper_clamp,   1,    0.0000000000E+00,    2.4954831141E+01,    2.4954831141E+01,    0.0000000000E+00,    0.0000000000E+00,    0.0000000000E+00,    2.4954831141E+01
     47550,      0.676922,CP8_after_OBC,   1,    0.0000000000E+00,    2.4954831141E+01,    2.4954831141E+01,    0.0000000000E+00,    0.0000000000E+00,    0.0000000000E+00,    2.4954831141E+01
     47550,      0.676922,CP9_after_PTsource,   1,    0.0000000000E+00,    2.4954831141E+01,    2.4954831141E+01,    0.0000000000E+00,    0.0000000000E+00,    0.0000000000E+00,    2.4954831141E+01
     47550,      0.676922,CP10_after_neg_clamp,   1,    0.0000000000E+00,    2.4954831141E+01,    2.4954831141E+01,    0.0000000000E+00,    0.0000000000E+00,    0.0000000000E+00,    2.4954831141E+01
     47550,      0.676922,CP11_after_MPI,   1,    0.0000000000E+00,    2.4954831141E+01,    2.4954831141E+01,    0.0000000000E+00,    0.0000000000E+00,    0.0000000000E+00,    2.4954831141E+01
     47550,      0.676922,CP12_end,   1,    0.0000000000E+00,    2.4954831141E+01,    2.4954831141E+01,    0.0000000000E+00,    0.0000000000E+00,    0.0000000000E+00,    2.4954831141E+01
     47600,      0.676922,CP0_start,   1,    0.0000000000E+00,    2.5004533756E+01,    2.5004533756E+01,    0.0000000000E+00,    0.0000000000E+00,    0.0000000000E+00,    2.5004533756E+01
     47600,      0.676922,CP1_after_deposition,   1,    0.0000000000E+00,    2.5004533756E+01,    2.5004533756E+01,    0.0000000000E+00,    0.0000000000E+00,    0.0000000000E+00,    2.5004533756E+01
     47600,      0.676922,CP2_after_erosion,   1,    0.0000000000E+00,    2.5004533756E+01,    2.5004533756E+01,    0.0000000000E+00,    0.0000000000E+00,    0.0000000000E+00,    2.5004533756E+01
     47600,      0.676922,CP3_after_update_bottom,   1,    0.0000000000E+00,    2.5004533756E+01,    2.5004533756E+01,    0.0000000000E+00,    0.0000000000E+00,    0.0000000000E+00,    2.5004533756E+01
     47600,      0.676922,CP4_after_advection,   1,    0.0000000000E+00,    2.5004906192E+01,    2.5004906192E+01,    0.0000000000E+00,    0.0000000000E+00,    0.0000000000E+00,    2.5004906192E+01
     47600,      0.676922,CP5_after_vdif,   1,    0.0000000000E+00,    2.5004906192E+01,    2.5004906192E+01,    0.0000000000E+00,    0.0000000000E+00,    0.0000000000E+00,    2.5004906192E+01
     47600,      0.676922,CP6_after_kinetics,   1,    0.0000000000E+00,    2.5004906192E+01,    2.5004906192E+01,    0.0000000000E+00,    0.0000000000E+00,    0.0000000000E+00,    2.5004906192E+01
     47600,      0.676922,CP7_after_upper_clamp,   1,    0.0000000000E+00,    2.5004906192E+01,    2.5004906192E+01,    0.0000000000E+00,    0.0000000000E+00,    0.0000000000E+00,    2.5004906192E+01
     47600,      0.676922,CP8_after_OBC,   1,    0.0000000000E+00,    2.5004906192E+01,    2.5004906192E+01,    0.0000000000E+00,    0.0000000000E+00,    0.0000000000E+00,    2.5004906192E+01
     47600,      0.676922,CP9_after_PTsource,   1,    0.0000000000E+00,    2.5004906192E+01,    2.5004906192E+01,    0.0000000000E+00,    0.0000000000E+00,    0.0000000000E+00,    2.5004906192E+01
     47600,      0.676922,CP10_after_neg_clamp,   1,    0.0000000000E+00,    2.5004906192E+01,    2.5004906192E+01,    0.0000000000E+00,    0.0000000000E+00,    0.0000000000E+00,    2.5004906192E+01
     47600,      0.676922,CP11_after_MPI,   1,    0.0000000000E+00,    2.5004906192E+01,    2.5004906192E+01,    0.0000000000E+00,    0.0000000000E+00,    0.0000000000E+00,    2.5004906192E+01
     47600,      0.676922,CP12_end,   1,    0.0000000000E+00,    2.5004906192E+01,    2.5004906192E+01,    0.0000000000E+00,    0.0000000000E+00,    0.0000000000E+00,    2.5004906192E+01
     47650,      0.676922,CP0_start,   1,    0.0000000000E+00,    2.5054643048E+01,    2.5054643048E+01,    0.0000000000E+00,    0.0000000000E+00,    0.0000000000E+00,    2.5054643048E+01
     47650,      0.676922,CP1_after_deposition,   1,    0.0000000000E+00,    2.5054643048E+01,    2.5054643048E+01,    0.0000000000E+00,    0.0000000000E+00,    0.0000000000E+00,    2.5054643048E+01
     47650,      0.676922,CP2_after_erosion,   1,    0.0000000000E+00,    2.5054643048E+01,    2.5054643048E+01,    0.0000000000E+00,    0.0000000000E+00,    0.0000000000E+00,    2.5054643048E+01
     47650,      0.676922,CP3_after_update_bottom,   1,    0.0000000000E+00,    2.5054643048E+01,    2.5054643048E+01,    0.0000000000E+00,    0.0000000000E+00,    0.0000000000E+00,    2.5054643048E+01
     47650,      0.676922,CP4_after_advection,   1,    0.0000000000E+00,    2.5055023265E+01,    2.5055023265E+01,    0.0000000000E+00,    0.0000000000E+00,    0.0000000000E+00,    2.5055023265E+01
     47650,      0.676922,CP5_after_vdif,   1,    0.0000000000E+00,    2.5055023265E+01,    2.5055023265E+01,    0.0000000000E+00,    0.0000000000E+00,    0.0000000000E+00,    2.5055023265E+01
     47650,      0.676922,CP6_after_kinetics,   1,    0.0000000000E+00,    2.5055023265E+01,    2.5055023265E+01,    0.0000000000E+00,    0.0000000000E+00,    0.0000000000E+00,    2.5055023265E+01
     47650,      0.676922,CP7_after_upper_clamp,   1,    0.0000000000E+00,    2.5055023265E+01,    2.5055023265E+01,    0.0000000000E+00,    0.0000000000E+00,    0.0000000000E+00,    2.5055023265E+01
     47650,      0.676922,CP8_after_OBC,   1,    0.0000000000E+00,    2.5055023265E+01,    2.5055023265E+01,    0.0000000000E+00,    0.0000000000E+00,    0.0000000000E+00,    2.5055023265E+01
     47650,      0.676922,CP9_after_PTsource,   1,    0.0000000000E+00,    2.5055023265E+01,    2.5055023265E+01,    0.0000000000E+00,    0.0000000000E+00,    0.0000000000E+00,    2.5055023265E+01
     47650,      0.676922,CP10_after_neg_clamp,   1,    0.0000000000E+00,    2.5055023265E+01,    2.5055023265E+01,    0.0000000000E+00,    0.0000000000E+00,    0.0000000000E+00,    2.5055023265E+01
     47650,      0.676922,CP11_after_MPI,   1,    0.0000000000E+00,    2.5055023265E+01,    2.5055023265E+01,    0.0000000000E+00,    0.0000000000E+00,    0.0000000000E+00,    2.5055023265E+01
     47650,      0.676922,CP12_end,   1,    0.0000000000E+00,    2.5055023265E+01,    2.5055023265E+01,    0.0000000000E+00,    0.0000000000E+00,    0.0000000000E+00,    2.5055023265E+01
     47700,      0.676923,CP0_start,   1,    0.0000000000E+00,    2.5104783997E+01,    2.5104783997E+01,    0.0000000000E+00,    0.0000000000E+00,    0.0000000000E+00,    2.5104783997E+01
     47700,      0.676923,CP1_after_deposition,   1,    0.0000000000E+00,    2.5104783997E+01,    2.5104783997E+01,    0.0000000000E+00,    0.0000000000E+00,    0.0000000000E+00,    2.5104783997E+01
     47700,      0.676923,CP2_after_erosion,   1,    0.0000000000E+00,    2.5104783997E+01,    2.5104783997E+01,    0.0000000000E+00,    0.0000000000E+00,    0.0000000000E+00,    2.5104783997E+01
     47700,      0.676923,CP3_after_update_bottom,   1,    0.0000000000E+00,    2.5104783997E+01,    2.5104783997E+01,    0.0000000000E+00,    0.0000000000E+00,    0.0000000000E+00,    2.5104783997E+01
     47700,      0.676923,CP4_after_advection,   1,    0.0000000000E+00,    2.5105172133E+01,    2.5105172133E+01,    0.0000000000E+00,    0.0000000000E+00,    0.0000000000E+00,    2.5105172133E+01
     47700,      0.676923,CP5_after_vdif,   1,    0.0000000000E+00,    2.5105172133E+01,    2.5105172133E+01,    0.0000000000E+00,    0.0000000000E+00,    0.0000000000E+00,    2.5105172133E+01
     47700,      0.676923,CP6_after_kinetics,   1,    0.0000000000E+00,    2.5105172133E+01,    2.5105172133E+01,    0.0000000000E+00,    0.0000000000E+00,    0.0000000000E+00,    2.5105172133E+01
     47700,      0.676923,CP7_after_upper_clamp,   1,    0.0000000000E+00,    2.5105172133E+01,    2.5105172133E+01,    0.0000000000E+00,    0.0000000000E+00,    0.0000000000E+00,    2.5105172133E+01
     47700,      0.676923,CP8_after_OBC,   1,    0.0000000000E+00,    2.5105172133E+01,    2.5105172133E+01,    0.0000000000E+00,    0.0000000000E+00,    0.0000000000E+00,    2.5105172133E+01
     47700,      0.676923,CP9_after_PTsource,   1,    0.0000000000E+00,    2.5105172133E+01,    2.5105172133E+01,    0.0000000000E+00,    0.0000000000E+00,    0.0000000000E+00,    2.5105172133E+01
     47700,      0.676923,CP10_after_neg_clamp,   1,    0.0000000000E+00,    2.5105172133E+01,    2.5105172133E+01,    0.0000000000E+00,    0.0000000000E+00,    0.0000000000E+00,    2.5105172133E+01
     47700,      0.676923,CP11_after_MPI,   1,    0.0000000000E+00,    2.5105172133E+01,    2.5105172133E+01,    0.0000000000E+00,    0.0000000000E+00,    0.0000000000E+00,    2.5105172133E+01
     47700,      0.676923,CP12_end,   1,    0.0000000000E+00,    2.5105172133E+01,    2.5105172133E+01,    0.0000000000E+00,    0.0000000000E+00,    0.0000000000E+00,    2.5105172133E+01
     47750,      0.676923,CP0_start,   1,    0.0000000000E+00,    2.5154661002E+01,    2.5154661002E+01,    0.0000000000E+00,    0.0000000000E+00,    0.0000000000E+00,    2.5154661002E+01
     47750,      0.676923,CP1_after_deposition,   1,    0.0000000000E+00,    2.5154661002E+01,    2.5154661002E+01,    0.0000000000E+00,    0.0000000000E+00,    0.0000000000E+00,    2.5154661002E+01
     47750,      0.676923,CP2_after_erosion,   1,    0.0000000000E+00,    2.5154661002E+01,    2.5154661002E+01,    0.0000000000E+00,    0.0000000000E+00,    0.0000000000E+00,    2.5154661002E+01
     47750,      0.676923,CP3_after_update_bottom,   1,    0.0000000000E+00,    2.5154661002E+01,    2.5154661002E+01,    0.0000000000E+00,    0.0000000000E+00,    0.0000000000E+00,    2.5154661002E+01
     47750,      0.676923,CP4_after_advection,   1,    0.0000000000E+00,    2.5155056075E+01,    2.5155056075E+01,    0.0000000000E+00,    0.0000000000E+00,    0.0000000000E+00,    2.5155056075E+01
     47750,      0.676923,CP5_after_vdif,   1,    0.0000000000E+00,    2.5155056075E+01,    2.5155056075E+01,    0.0000000000E+00,    0.0000000000E+00,    0.0000000000E+00,    2.5155056075E+01
     47750,      0.676923,CP6_after_kinetics,   1,    0.0000000000E+00,    2.5155056075E+01,    2.5155056075E+01,    0.0000000000E+00,    0.0000000000E+00,    0.0000000000E+00,    2.5155056075E+01
     47750,      0.676923,CP7_after_upper_clamp,   1,    0.0000000000E+00,    2.5155056075E+01,    2.5155056075E+01,    0.0000000000E+00,    0.0000000000E+00,    0.0000000000E+00,    2.5155056075E+01
     47750,      0.676923,CP8_after_OBC,   1,    0.0000000000E+00,    2.5155056075E+01,    2.5155056075E+01,    0.0000000000E+00,    0.0000000000E+00,    0.0000000000E+00,    2.5155056075E+01
     47750,      0.676923,CP9_after_PTsource,   1,    0.0000000000E+00,    2.5155056075E+01,    2.5155056075E+01,    0.0000000000E+00,    0.0000000000E+00,    0.0000000000E+00,    2.5155056075E+01
     47750,      0.676923,CP10_after_neg_clamp,   1,    0.0000000000E+00,    2.5155056075E+01,    2.5155056075E+01,    0.0000000000E+00,    0.0000000000E+00,    0.0000000000E+00,    2.5155056075E+01
     47750,      0.676923,CP11_after_MPI,   1,    0.0000000000E+00,    2.5155056075E+01,    2.5155056075E+01,    0.0000000000E+00,    0.0000000000E+00,    0.0000000000E+00,    2.5155056075E+01
     47750,      0.676923,CP12_end,   1,    0.0000000000E+00,    2.5155056075E+01,    2.5155056075E+01,    0.0000000000E+00,    0.0000000000E+00,    0.0000000000E+00,    2.5155056075E+01
     47800,      0.676923,CP0_start,   1,    0.0000000000E+00,    2.5204551301E+01,    2.5204551301E+01,    0.0000000000E+00,    0.0000000000E+00,    0.0000000000E+00,    2.5204551301E+01
     47800,      0.676923,CP1_after_deposition,   1,    0.0000000000E+00,    2.5204551301E+01,    2.5204551301E+01,    0.0000000000E+00,    0.0000000000E+00,    0.0000000000E+00,    2.5204551301E+01
     47800,      0.676923,CP2_after_erosion,   1,    0.0000000000E+00,    2.5204551301E+01,    2.5204551301E+01,    0.0000000000E+00,    0.0000000000E+00,    0.0000000000E+00,    2.5204551301E+01
     47800,      0.676923,CP3_after_update_bottom,   1,    0.0000000000E+00,    2.5204551301E+01,    2.5204551301E+01,    0.0000000000E+00,    0.0000000000E+00,    0.0000000000E+00,    2.5204551301E+01
     47800,      0.676923,CP4_after_advection,   1,    0.0000000000E+00,    2.5204953427E+01,    2.5204953427E+01,    0.0000000000E+00,    0.0000000000E+00,    0.0000000000E+00,    2.5204953427E+01
     47800,      0.676923,CP5_after_vdif,   1,    0.0000000000E+00,    2.5204953427E+01,    2.5204953427E+01,    0.0000000000E+00,    0.0000000000E+00,    0.0000000000E+00,    2.5204953427E+01
     47800,      0.676923,CP6_after_kinetics,   1,    0.0000000000E+00,    2.5204953427E+01,    2.5204953427E+01,    0.0000000000E+00,    0.0000000000E+00,    0.0000000000E+00,    2.5204953427E+01
     47800,      0.676923,CP7_after_upper_clamp,   1,    0.0000000000E+00,    2.5204953427E+01,    2.5204953427E+01,    0.0000000000E+00,    0.0000000000E+00,    0.0000000000E+00,    2.5204953427E+01
     47800,      0.676923,CP8_after_OBC,   1,    0.0000000000E+00,    2.5204953427E+01,    2.5204953427E+01,    0.0000000000E+00,    0.0000000000E+00,    0.0000000000E+00,    2.5204953427E+01
     47800,      0.676923,CP9_after_PTsource,   1,    0.0000000000E+00,    2.5204953427E+01,    2.5204953427E+01,    0.0000000000E+00,    0.0000000000E+00,    0.0000000000E+00,    2.5204953427E+01
     47800,      0.676923,CP10_after_neg_clamp,   1,    0.0000000000E+00,    2.5204953427E+01,    2.5204953427E+01,    0.0000000000E+00,    0.0000000000E+00,    0.0000000000E+00,    2.5204953427E+01
     47800,      0.676923,CP11_after_MPI,   1,    0.0000000000E+00,    2.5204953427E+01,    2.5204953427E+01,    0.0000000000E+00,    0.0000000000E+00,    0.0000000000E+00,    2.5204953427E+01
     47800,      0.676923,CP12_end,   1,    0.0000000000E+00,    2.5204953427E+01,    2.5204953427E+01,    0.0000000000E+00,    0.0000000000E+00,    0.0000000000E+00,    2.5204953427E+01
     47850,      0.676923,CP0_start,   1,    0.0000000000E+00,    2.5254431030E+01,    2.5254431030E+01,    0.0000000000E+00,    0.0000000000E+00,    0.0000000000E+00,    2.5254431030E+01
     47850,      0.676923,CP1_after_deposition,   1,    0.0000000000E+00,    2.5254431030E+01,    2.5254431030E+01,    0.0000000000E+00,    0.0000000000E+00,    0.0000000000E+00,    2.5254431030E+01
     47850,      0.676923,CP2_after_erosion,   1,    0.0000000000E+00,    2.5254431030E+01,    2.5254431030E+01,    0.0000000000E+00,    0.0000000000E+00,    0.0000000000E+00,    2.5254431030E+01
     47850,      0.676923,CP3_after_update_bottom,   1,    0.0000000000E+00,    2.5254431030E+01,    2.5254431030E+01,    0.0000000000E+00,    0.0000000000E+00,    0.0000000000E+00,    2.5254431030E+01
     47850,      0.676923,CP4_after_advection,   1,    0.0000000000E+00,    2.5254840377E+01,    2.5254840377E+01,    0.0000000000E+00,    0.0000000000E+00,    0.0000000000E+00,    2.5254840377E+01
     47850,      0.676923,CP5_after_vdif,   1,    0.0000000000E+00,    2.5254840377E+01,    2.5254840377E+01,    0.0000000000E+00,    0.0000000000E+00,    0.0000000000E+00,    2.5254840377E+01
     47850,      0.676923,CP6_after_kinetics,   1,    0.0000000000E+00,    2.5254840377E+01,    2.5254840377E+01,    0.0000000000E+00,    0.0000000000E+00,    0.0000000000E+00,    2.5254840377E+01
     47850,      0.676923,CP7_after_upper_clamp,   1,    0.0000000000E+00,    2.5254840377E+01,    2.5254840377E+01,    0.0000000000E+00,    0.0000000000E+00,    0.0000000000E+00,    2.5254840377E+01
     47850,      0.676923,CP8_after_OBC,   1,    0.0000000000E+00,    2.5254840377E+01,    2.5254840377E+01,    0.0000000000E+00,    0.0000000000E+00,    0.0000000000E+00,    2.5254840377E+01
     47850,      0.676923,CP9_after_PTsource,   1,    0.0000000000E+00,    2.5254840377E+01,    2.5254840377E+01,    0.0000000000E+00,    0.0000000000E+00,    0.0000000000E+00,    2.5254840377E+01
     47850,      0.676923,CP10_after_neg_clamp,   1,    0.0000000000E+00,    2.5254840377E+01,    2.5254840377E+01,    0.0000000000E+00,    0.0000000000E+00,    0.0000000000E+00,    2.5254840377E+01
     47850,      0.676923,CP11_after_MPI,   1,    0.0000000000E+00,    2.5254840377E+01,    2.5254840377E+01,    0.0000000000E+00,    0.0000000000E+00,    0.0000000000E+00,    2.5254840377E+01
     47850,      0.676923,CP12_end,   1,    0.0000000000E+00,    2.5254840377E+01,    2.5254840377E+01,    0.0000000000E+00,    0.0000000000E+00,    0.0000000000E+00,    2.5254840377E+01
     47900,      0.676923,CP0_start,   1,    0.0000000000E+00,    2.5304322904E+01,    2.5304322904E+01,    0.0000000000E+00,    0.0000000000E+00,    0.0000000000E+00,    2.5304322904E+01
     47900,      0.676923,CP1_after_deposition,   1,    0.0000000000E+00,    2.5304322904E+01,    2.5304322904E+01,    0.0000000000E+00,    0.0000000000E+00,    0.0000000000E+00,    2.5304322904E+01
     47900,      0.676923,CP2_after_erosion,   1,    0.0000000000E+00,    2.5304322904E+01,    2.5304322904E+01,    0.0000000000E+00,    0.0000000000E+00,    0.0000000000E+00,    2.5304322904E+01
     47900,      0.676923,CP3_after_update_bottom,   1,    0.0000000000E+00,    2.5304322904E+01,    2.5304322904E+01,    0.0000000000E+00,    0.0000000000E+00,    0.0000000000E+00,    2.5304322904E+01
     47900,      0.676923,CP4_after_advection,   1,    0.0000000000E+00,    2.5304738321E+01,    2.5304738321E+01,    0.0000000000E+00,    0.0000000000E+00,    0.0000000000E+00,    2.5304738321E+01
     47900,      0.676923,CP5_after_vdif,   1,    0.0000000000E+00,    2.5304738321E+01,    2.5304738321E+01,    0.0000000000E+00,    0.0000000000E+00,    0.0000000000E+00,    2.5304738321E+01
     47900,      0.676923,CP6_after_kinetics,   1,    0.0000000000E+00,    2.5304738321E+01,    2.5304738321E+01,    0.0000000000E+00,    0.0000000000E+00,    0.0000000000E+00,    2.5304738321E+01
     47900,      0.676923,CP7_after_upper_clamp,   1,    0.0000000000E+00,    2.5304738321E+01,    2.5304738321E+01,    0.0000000000E+00,    0.0000000000E+00,    0.0000000000E+00,    2.5304738321E+01
     47900,      0.676923,CP8_after_OBC,   1,    0.0000000000E+00,    2.5304738321E+01,    2.5304738321E+01,    0.0000000000E+00,    0.0000000000E+00,    0.0000000000E+00,    2.5304738321E+01
     47900,      0.676923,CP9_after_PTsource,   1,    0.0000000000E+00,    2.5304738321E+01,    2.5304738321E+01,    0.0000000000E+00,    0.0000000000E+00,    0.0000000000E+00,    2.5304738321E+01
     47900,      0.676923,CP10_after_neg_clamp,   1,    0.0000000000E+00,    2.5304738321E+01,    2.5304738321E+01,    0.0000000000E+00,    0.0000000000E+00,    0.0000000000E+00,    2.5304738321E+01
     47900,      0.676923,CP11_after_MPI,   1,    0.0000000000E+00,    2.5304738321E+01,    2.5304738321E+01,    0.0000000000E+00,    0.0000000000E+00,    0.0000000000E+00,    2.5304738321E+01
     47900,      0.676923,CP12_end,   1,    0.0000000000E+00,    2.5304738321E+01,    2.5304738321E+01,    0.0000000000E+00,    0.0000000000E+00,    0.0000000000E+00,    2.5304738321E+01
     47950,      0.676923,CP0_start,   1,    0.0000000000E+00,    2.5354210883E+01,    2.5354210883E+01,    0.0000000000E+00,    0.0000000000E+00,    0.0000000000E+00,    2.5354210883E+01
     47950,      0.676923,CP1_after_deposition,   1,    0.0000000000E+00,    2.5354210883E+01,    2.5354210883E+01,    0.0000000000E+00,    0.0000000000E+00,    0.0000000000E+00,    2.5354210883E+01
     47950,      0.676923,CP2_after_erosion,   1,    0.0000000000E+00,    2.5354210883E+01,    2.5354210883E+01,    0.0000000000E+00,    0.0000000000E+00,    0.0000000000E+00,    2.5354210883E+01
     47950,      0.676923,CP3_after_update_bottom,   1,    0.0000000000E+00,    2.5354210883E+01,    2.5354210883E+01,    0.0000000000E+00,    0.0000000000E+00,    0.0000000000E+00,    2.5354210883E+01
     47950,      0.676923,CP4_after_advection,   1,    0.0000000000E+00,    2.5354632168E+01,    2.5354632168E+01,    0.0000000000E+00,    0.0000000000E+00,    0.0000000000E+00,    2.5354632168E+01
     47950,      0.676923,CP5_after_vdif,   1,    0.0000000000E+00,    2.5354632168E+01,    2.5354632168E+01,    0.0000000000E+00,    0.0000000000E+00,    0.0000000000E+00,    2.5354632168E+01
     47950,      0.676923,CP6_after_kinetics,   1,    0.0000000000E+00,    2.5354632168E+01,    2.5354632168E+01,    0.0000000000E+00,    0.0000000000E+00,    0.0000000000E+00,    2.5354632168E+01
     47950,      0.676923,CP7_after_upper_clamp,   1,    0.0000000000E+00,    2.5354632168E+01,    2.5354632168E+01,    0.0000000000E+00,    0.0000000000E+00,    0.0000000000E+00,    2.5354632168E+01
     47950,      0.676923,CP8_after_OBC,   1,    0.0000000000E+00,    2.5354632168E+01,    2.5354632168E+01,    0.0000000000E+00,    0.0000000000E+00,    0.0000000000E+00,    2.5354632168E+01
     47950,      0.676923,CP9_after_PTsource,   1,    0.0000000000E+00,    2.5354632168E+01,    2.5354632168E+01,    0.0000000000E+00,    0.0000000000E+00,    0.0000000000E+00,    2.5354632168E+01
     47950,      0.676923,CP10_after_neg_clamp,   1,    0.0000000000E+00,    2.5354632168E+01,    2.5354632168E+01,    0.0000000000E+00,    0.0000000000E+00,    0.0000000000E+00,    2.5354632168E+01
     47950,      0.676923,CP11_after_MPI,   1,    0.0000000000E+00,    2.5354632168E+01,    2.5354632168E+01,    0.0000000000E+00,    0.0000000000E+00,    0.0000000000E+00,    2.5354632168E+01
     47950,      0.676923,CP12_end,   1,    0.0000000000E+00,    2.5354632168E+01,    2.5354632168E+01,    0.0000000000E+00,    0.0000000000E+00,    0.0000000000E+00,    2.5354632168E+01
     48000,      0.676923,CP0_start,   1,    0.0000000000E+00,    2.5404040902E+01,    2.5404040902E+01,    0.0000000000E+00,    0.0000000000E+00,    0.0000000000E+00,    2.5404040902E+01
     48000,      0.676923,CP1_after_deposition,   1,    0.0000000000E+00,    2.5404040902E+01,    2.5404040902E+01,    0.0000000000E+00,    0.0000000000E+00,    0.0000000000E+00,    2.5404040902E+01
     48000,      0.676923,CP2_after_erosion,   1,    0.0000000000E+00,    2.5404040902E+01,    2.5404040902E+01,    0.0000000000E+00,    0.0000000000E+00,    0.0000000000E+00,    2.5404040902E+01
     48000,      0.676923,CP3_after_update_bottom,   1,    0.0000000000E+00,    2.5404040902E+01,    2.5404040902E+01,    0.0000000000E+00,    0.0000000000E+00,    0.0000000000E+00,    2.5404040902E+01
     48000,      0.676923,CP4_after_advection,   1,    0.0000000000E+00,    2.5404468819E+01,    2.5404468819E+01,    0.0000000000E+00,    0.0000000000E+00,    0.0000000000E+00,    2.5404468819E+01
     48000,      0.676923,CP5_after_vdif,   1,    0.0000000000E+00,    2.5404468819E+01,    2.5404468819E+01,    0.0000000000E+00,    0.0000000000E+00,    0.0000000000E+00,    2.5404468819E+01
     48000,      0.676923,CP6_after_kinetics,   1,    0.0000000000E+00,    2.5404468819E+01,    2.5404468819E+01,    0.0000000000E+00,    0.0000000000E+00,    0.0000000000E+00,    2.5404468819E+01
     48000,      0.676923,CP7_after_upper_clamp,   1,    0.0000000000E+00,    2.5404468819E+01,    2.5404468819E+01,    0.0000000000E+00,    0.0000000000E+00,    0.0000000000E+00,    2.5404468819E+01
     48000,      0.676923,CP8_after_OBC,   1,    0.0000000000E+00,    2.5404468819E+01,    2.5404468819E+01,    0.0000000000E+00,    0.0000000000E+00,    0.0000000000E+00,    2.5404468819E+01
     48000,      0.676923,CP9_after_PTsource,   1,    0.0000000000E+00,    2.5404468819E+01,    2.5404468819E+01,    0.0000000000E+00,    0.0000000000E+00,    0.0000000000E+00,    2.5404468819E+01
     48000,      0.676923,CP10_after_neg_clamp,   1,    0.0000000000E+00,    2.5404468819E+01,    2.5404468819E+01,    0.0000000000E+00,    0.0000000000E+00,    0.0000000000E+00,    2.5404468819E+01
     48000,      0.676923,CP11_after_MPI,   1,    0.0000000000E+00,    2.5404468819E+01,    2.5404468819E+01,    0.0000000000E+00,    0.0000000000E+00,    0.0000000000E+00,    2.5404468819E+01
     48000,      0.676923,CP12_end,   1,    0.0000000000E+00,    2.5404468819E+01,    2.5404468819E+01,    0.0000000000E+00,    0.0000000000E+00,    0.0000000000E+00,    2.5404468819E+01
     48050,      0.676923,CP0_start,   1,    0.0000000000E+00,    2.5453845398E+01,    2.5453845398E+01,    0.0000000000E+00,    0.0000000000E+00,    0.0000000000E+00,    2.5453845398E+01
     48050,      0.676923,CP1_after_deposition,   1,    0.0000000000E+00,    2.5453845398E+01,    2.5453845398E+01,    0.0000000000E+00,    0.0000000000E+00,    0.0000000000E+00,    2.5453845398E+01
     48050,      0.676923,CP2_after_erosion,   1,    0.0000000000E+00,    2.5453845398E+01,    2.5453845398E+01,    0.0000000000E+00,    0.0000000000E+00,    0.0000000000E+00,    2.5453845398E+01
     48050,      0.676923,CP3_after_update_bottom,   1,    0.0000000000E+00,    2.5453845398E+01,    2.5453845398E+01,    0.0000000000E+00,    0.0000000000E+00,    0.0000000000E+00,    2.5453845398E+01
     48050,      0.676923,CP4_after_advection,   1,    0.0000000000E+00,    2.5454276254E+01,    2.5454276254E+01,    0.0000000000E+00,    0.0000000000E+00,    0.0000000000E+00,    2.5454276254E+01
     48050,      0.676923,CP5_after_vdif,   1,    0.0000000000E+00,    2.5454276254E+01,    2.5454276254E+01,    0.0000000000E+00,    0.0000000000E+00,    0.0000000000E+00,    2.5454276254E+01
     48050,      0.676923,CP6_after_kinetics,   1,    0.0000000000E+00,    2.5454276254E+01,    2.5454276254E+01,    0.0000000000E+00,    0.0000000000E+00,    0.0000000000E+00,    2.5454276254E+01
     48050,      0.676923,CP7_after_upper_clamp,   1,    0.0000000000E+00,    2.5454276254E+01,    2.5454276254E+01,    0.0000000000E+00,    0.0000000000E+00,    0.0000000000E+00,    2.5454276254E+01
     48050,      0.676923,CP8_after_OBC,   1,    0.0000000000E+00,    2.5454276254E+01,    2.5454276254E+01,    0.0000000000E+00,    0.0000000000E+00,    0.0000000000E+00,    2.5454276254E+01
     48050,      0.676923,CP9_after_PTsource,   1,    0.0000000000E+00,    2.5454276254E+01,    2.5454276254E+01,    0.0000000000E+00,    0.0000000000E+00,    0.0000000000E+00,    2.5454276254E+01
     48050,      0.676923,CP10_after_neg_clamp,   1,    0.0000000000E+00,    2.5454276254E+01,    2.5454276254E+01,    0.0000000000E+00,    0.0000000000E+00,    0.0000000000E+00,    2.5454276254E+01
     48050,      0.676923,CP11_after_MPI,   1,    0.0000000000E+00,    2.5454276254E+01,    2.5454276254E+01,    0.0000000000E+00,    0.0000000000E+00,    0.0000000000E+00,    2.5454276254E+01
     48050,      0.676923,CP12_end,   1,    0.0000000000E+00,    2.5454276254E+01,    2.5454276254E+01,    0.0000000000E+00,    0.0000000000E+00,    0.0000000000E+00,    2.5454276254E+01
     48100,      0.676923,CP0_start,   1,    0.0000000000E+00,    2.5503586755E+01,    2.5503586755E+01,    0.0000000000E+00,    0.0000000000E+00,    0.0000000000E+00,    2.5503586755E+01
     48100,      0.676923,CP1_after_deposition,   1,    0.0000000000E+00,    2.5503586755E+01,    2.5503586755E+01,    0.0000000000E+00,    0.0000000000E+00,    0.0000000000E+00,    2.5503586755E+01
     48100,      0.676923,CP2_after_erosion,   1,    0.0000000000E+00,    2.5503586755E+01,    2.5503586755E+01,    0.0000000000E+00,    0.0000000000E+00,    0.0000000000E+00,    2.5503586755E+01
     48100,      0.676923,CP3_after_update_bottom,   1,    0.0000000000E+00,    2.5503586755E+01,    2.5503586755E+01,    0.0000000000E+00,    0.0000000000E+00,    0.0000000000E+00,    2.5503586755E+01
     48100,      0.676923,CP4_after_advection,   1,    0.0000000000E+00,    2.5504021842E+01,    2.5504021842E+01,    0.0000000000E+00,    0.0000000000E+00,    0.0000000000E+00,    2.5504021842E+01
     48100,      0.676923,CP5_after_vdif,   1,    0.0000000000E+00,    2.5504021842E+01,    2.5504021842E+01,    0.0000000000E+00,    0.0000000000E+00,    0.0000000000E+00,    2.5504021842E+01
     48100,      0.676923,CP6_after_kinetics,   1,    0.0000000000E+00,    2.5504021842E+01,    2.5504021842E+01,    0.0000000000E+00,    0.0000000000E+00,    0.0000000000E+00,    2.5504021842E+01
     48100,      0.676923,CP7_after_upper_clamp,   1,    0.0000000000E+00,    2.5504021842E+01,    2.5504021842E+01,    0.0000000000E+00,    0.0000000000E+00,    0.0000000000E+00,    2.5504021842E+01
     48100,      0.676923,CP8_after_OBC,   1,    0.0000000000E+00,    2.5504021842E+01,    2.5504021842E+01,    0.0000000000E+00,    0.0000000000E+00,    0.0000000000E+00,    2.5504021842E+01
     48100,      0.676923,CP9_after_PTsource,   1,    0.0000000000E+00,    2.5504021842E+01,    2.5504021842E+01,    0.0000000000E+00,    0.0000000000E+00,    0.0000000000E+00,    2.5504021842E+01
     48100,      0.676923,CP10_after_neg_clamp,   1,    0.0000000000E+00,    2.5504021842E+01,    2.5504021842E+01,    0.0000000000E+00,    0.0000000000E+00,    0.0000000000E+00,    2.5504021842E+01
     48100,      0.676923,CP11_after_MPI,   1,    0.0000000000E+00,    2.5504021842E+01,    2.5504021842E+01,    0.0000000000E+00,    0.0000000000E+00,    0.0000000000E+00,    2.5504021842E+01
     48100,      0.676923,CP12_end,   1,    0.0000000000E+00,    2.5504021842E+01,    2.5504021842E+01,    0.0000000000E+00,    0.0000000000E+00,    0.0000000000E+00,    2.5504021842E+01
     48150,      0.676923,CP0_start,   1,    0.0000000000E+00,    2.5553239366E+01,    2.5553239366E+01,    0.0000000000E+00,    0.0000000000E+00,    0.0000000000E+00,    2.5553239366E+01
     48150,      0.676923,CP1_after_deposition,   1,    0.0000000000E+00,    2.5553239366E+01,    2.5553239366E+01,    0.0000000000E+00,    0.0000000000E+00,    0.0000000000E+00,    2.5553239366E+01
     48150,      0.676923,CP2_after_erosion,   1,    0.0000000000E+00,    2.5553239366E+01,    2.5553239366E+01,    0.0000000000E+00,    0.0000000000E+00,    0.0000000000E+00,    2.5553239366E+01
     48150,      0.676923,CP3_after_update_bottom,   1,    0.0000000000E+00,    2.5553239366E+01,    2.5553239366E+01,    0.0000000000E+00,    0.0000000000E+00,    0.0000000000E+00,    2.5553239366E+01
     48150,      0.676923,CP4_after_advection,   1,    0.0000000000E+00,    2.5553680471E+01,    2.5553680471E+01,    0.0000000000E+00,    0.0000000000E+00,    0.0000000000E+00,    2.5553680471E+01
     48150,      0.676923,CP5_after_vdif,   1,    0.0000000000E+00,    2.5553680471E+01,    2.5553680471E+01,    0.0000000000E+00,    0.0000000000E+00,    0.0000000000E+00,    2.5553680471E+01
     48150,      0.676923,CP6_after_kinetics,   1,    0.0000000000E+00,    2.5553680471E+01,    2.5553680471E+01,    0.0000000000E+00,    0.0000000000E+00,    0.0000000000E+00,    2.5553680471E+01
     48150,      0.676923,CP7_after_upper_clamp,   1,    0.0000000000E+00,    2.5553680471E+01,    2.5553680471E+01,    0.0000000000E+00,    0.0000000000E+00,    0.0000000000E+00,    2.5553680471E+01
     48150,      0.676923,CP8_after_OBC,   1,    0.0000000000E+00,    2.5553680471E+01,    2.5553680471E+01,    0.0000000000E+00,    0.0000000000E+00,    0.0000000000E+00,    2.5553680471E+01
     48150,      0.676923,CP9_after_PTsource,   1,    0.0000000000E+00,    2.5553680471E+01,    2.5553680471E+01,    0.0000000000E+00,    0.0000000000E+00,    0.0000000000E+00,    2.5553680471E+01
     48150,      0.676923,CP10_after_neg_clamp,   1,    0.0000000000E+00,    2.5553680471E+01,    2.5553680471E+01,    0.0000000000E+00,    0.0000000000E+00,    0.0000000000E+00,    2.5553680471E+01
     48150,      0.676923,CP11_after_MPI,   1,    0.0000000000E+00,    2.5553680471E+01,    2.5553680471E+01,    0.0000000000E+00,    0.0000000000E+00,    0.0000000000E+00,    2.5553680471E+01
     48150,      0.676923,CP12_end,   1,    0.0000000000E+00,    2.5553680471E+01,    2.5553680471E+01,    0.0000000000E+00,    0.0000000000E+00,    0.0000000000E+00,    2.5553680471E+01
     48200,      0.676923,CP0_start,   1,    0.0000000000E+00,    2.5602815029E+01,    2.5602815029E+01,    0.0000000000E+00,    0.0000000000E+00,    0.0000000000E+00,    2.5602815029E+01
     48200,      0.676923,CP1_after_deposition,   1,    0.0000000000E+00,    2.5602815029E+01,    2.5602815029E+01,    0.0000000000E+00,    0.0000000000E+00,    0.0000000000E+00,    2.5602815029E+01
     48200,      0.676923,CP2_after_erosion,   1,    0.0000000000E+00,    2.5602815029E+01,    2.5602815029E+01,    0.0000000000E+00,    0.0000000000E+00,    0.0000000000E+00,    2.5602815029E+01
     48200,      0.676923,CP3_after_update_bottom,   1,    0.0000000000E+00,    2.5602815029E+01,    2.5602815029E+01,    0.0000000000E+00,    0.0000000000E+00,    0.0000000000E+00,    2.5602815029E+01
     48200,      0.676923,CP4_after_advection,   1,    0.0000000000E+00,    2.5603258265E+01,    2.5603258265E+01,    0.0000000000E+00,    0.0000000000E+00,    0.0000000000E+00,    2.5603258265E+01
     48200,      0.676923,CP5_after_vdif,   1,    0.0000000000E+00,    2.5603258265E+01,    2.5603258265E+01,    0.0000000000E+00,    0.0000000000E+00,    0.0000000000E+00,    2.5603258265E+01
     48200,      0.676923,CP6_after_kinetics,   1,    0.0000000000E+00,    2.5603258265E+01,    2.5603258265E+01,    0.0000000000E+00,    0.0000000000E+00,    0.0000000000E+00,    2.5603258265E+01
     48200,      0.676923,CP7_after_upper_clamp,   1,    0.0000000000E+00,    2.5603258265E+01,    2.5603258265E+01,    0.0000000000E+00,    0.0000000000E+00,    0.0000000000E+00,    2.5603258265E+01
     48200,      0.676923,CP8_after_OBC,   1,    0.0000000000E+00,    2.5603258265E+01,    2.5603258265E+01,    0.0000000000E+00,    0.0000000000E+00,    0.0000000000E+00,    2.5603258265E+01
     48200,      0.676923,CP9_after_PTsource,   1,    0.0000000000E+00,    2.5603258265E+01,    2.5603258265E+01,    0.0000000000E+00,    0.0000000000E+00,    0.0000000000E+00,    2.5603258265E+01
     48200,      0.676923,CP10_after_neg_clamp,   1,    0.0000000000E+00,    2.5603258265E+01,    2.5603258265E+01,    0.0000000000E+00,    0.0000000000E+00,    0.0000000000E+00,    2.5603258265E+01
     48200,      0.676923,CP11_after_MPI,   1,    0.0000000000E+00,    2.5603258265E+01,    2.5603258265E+01,    0.0000000000E+00,    0.0000000000E+00,    0.0000000000E+00,    2.5603258265E+01
     48200,      0.676923,CP12_end,   1,    0.0000000000E+00,    2.5603258265E+01,    2.5603258265E+01,    0.0000000000E+00,    0.0000000000E+00,    0.0000000000E+00,    2.5603258265E+01
     48250,      0.676923,CP0_start,   1,    0.0000000000E+00,    2.5652277694E+01,    2.5652277694E+01,    0.0000000000E+00,    0.0000000000E+00,    0.0000000000E+00,    2.5652277694E+01
     48250,      0.676923,CP1_after_deposition,   1,    0.0000000000E+00,    2.5652277694E+01,    2.5652277694E+01,    0.0000000000E+00,    0.0000000000E+00,    0.0000000000E+00,    2.5652277694E+01
     48250,      0.676923,CP2_after_erosion,   1,    0.0000000000E+00,    2.5652277694E+01,    2.5652277694E+01,    0.0000000000E+00,    0.0000000000E+00,    0.0000000000E+00,    2.5652277694E+01
     48250,      0.676923,CP3_after_update_bottom,   1,    0.0000000000E+00,    2.5652277694E+01,    2.5652277694E+01,    0.0000000000E+00,    0.0000000000E+00,    0.0000000000E+00,    2.5652277694E+01
     48250,      0.676923,CP4_after_advection,   1,    0.0000000000E+00,    2.5652723348E+01,    2.5652723348E+01,    0.0000000000E+00,    0.0000000000E+00,    0.0000000000E+00,    2.5652723348E+01
     48250,      0.676923,CP5_after_vdif,   1,    0.0000000000E+00,    2.5652723348E+01,    2.5652723348E+01,    0.0000000000E+00,    0.0000000000E+00,    0.0000000000E+00,    2.5652723348E+01
     48250,      0.676923,CP6_after_kinetics,   1,    0.0000000000E+00,    2.5652723348E+01,    2.5652723348E+01,    0.0000000000E+00,    0.0000000000E+00,    0.0000000000E+00,    2.5652723348E+01
     48250,      0.676923,CP7_after_upper_clamp,   1,    0.0000000000E+00,    2.5652723348E+01,    2.5652723348E+01,    0.0000000000E+00,    0.0000000000E+00,    0.0000000000E+00,    2.5652723348E+01
     48250,      0.676923,CP8_after_OBC,   1,    0.0000000000E+00,    2.5652723348E+01,    2.5652723348E+01,    0.0000000000E+00,    0.0000000000E+00,    0.0000000000E+00,    2.5652723348E+01
     48250,      0.676923,CP9_after_PTsource,   1,    0.0000000000E+00,    2.5652723348E+01,    2.5652723348E+01,    0.0000000000E+00,    0.0000000000E+00,    0.0000000000E+00,    2.5652723348E+01
     48250,      0.676923,CP10_after_neg_clamp,   1,    0.0000000000E+00,    2.5652723348E+01,    2.5652723348E+01,    0.0000000000E+00,    0.0000000000E+00,    0.0000000000E+00,    2.5652723348E+01
     48250,      0.676923,CP11_after_MPI,   1,    0.0000000000E+00,    2.5652723348E+01,    2.5652723348E+01,    0.0000000000E+00,    0.0000000000E+00,    0.0000000000E+00,    2.5652723348E+01
     48250,      0.676923,CP12_end,   1,    0.0000000000E+00,    2.5652723348E+01,    2.5652723348E+01,    0.0000000000E+00,    0.0000000000E+00,    0.0000000000E+00,    2.5652723348E+01
     48300,      0.676923,CP0_start,   1,    0.0000000000E+00,    2.5701621157E+01,    2.5701621157E+01,    0.0000000000E+00,    0.0000000000E+00,    0.0000000000E+00,    2.5701621157E+01
     48300,      0.676923,CP1_after_deposition,   1,    0.0000000000E+00,    2.5701621157E+01,    2.5701621157E+01,    0.0000000000E+00,    0.0000000000E+00,    0.0000000000E+00,    2.5701621157E+01
     48300,      0.676923,CP2_after_erosion,   1,    0.0000000000E+00,    2.5701621157E+01,    2.5701621157E+01,    0.0000000000E+00,    0.0000000000E+00,    0.0000000000E+00,    2.5701621157E+01
     48300,      0.676923,CP3_after_update_bottom,   1,    0.0000000000E+00,    2.5701621157E+01,    2.5701621157E+01,    0.0000000000E+00,    0.0000000000E+00,    0.0000000000E+00,    2.5701621157E+01
     48300,      0.676923,CP4_after_advection,   1,    0.0000000000E+00,    2.5702068993E+01,    2.5702068993E+01,    0.0000000000E+00,    0.0000000000E+00,    0.0000000000E+00,    2.5702068993E+01
     48300,      0.676923,CP5_after_vdif,   1,    0.0000000000E+00,    2.5702068993E+01,    2.5702068993E+01,    0.0000000000E+00,    0.0000000000E+00,    0.0000000000E+00,    2.5702068993E+01
     48300,      0.676923,CP6_after_kinetics,   1,    0.0000000000E+00,    2.5702068993E+01,    2.5702068993E+01,    0.0000000000E+00,    0.0000000000E+00,    0.0000000000E+00,    2.5702068993E+01
     48300,      0.676923,CP7_after_upper_clamp,   1,    0.0000000000E+00,    2.5702068993E+01,    2.5702068993E+01,    0.0000000000E+00,    0.0000000000E+00,    0.0000000000E+00,    2.5702068993E+01
     48300,      0.676923,CP8_after_OBC,   1,    0.0000000000E+00,    2.5702068993E+01,    2.5702068993E+01,    0.0000000000E+00,    0.0000000000E+00,    0.0000000000E+00,    2.5702068993E+01
     48300,      0.676923,CP9_after_PTsource,   1,    0.0000000000E+00,    2.5702068993E+01,    2.5702068993E+01,    0.0000000000E+00,    0.0000000000E+00,    0.0000000000E+00,    2.5702068993E+01
     48300,      0.676923,CP10_after_neg_clamp,   1,    0.0000000000E+00,    2.5702068993E+01,    2.5702068993E+01,    0.0000000000E+00,    0.0000000000E+00,    0.0000000000E+00,    2.5702068993E+01
     48300,      0.676923,CP11_after_MPI,   1,    0.0000000000E+00,    2.5702068993E+01,    2.5702068993E+01,    0.0000000000E+00,    0.0000000000E+00,    0.0000000000E+00,    2.5702068993E+01
     48300,      0.676923,CP12_end,   1,    0.0000000000E+00,    2.5702068993E+01,    2.5702068993E+01,    0.0000000000E+00,    0.0000000000E+00,    0.0000000000E+00,    2.5702068993E+01
     48350,      0.676923,CP0_start,   1,    0.0000000000E+00,    2.5750846839E+01,    2.5750846839E+01,    0.0000000000E+00,    0.0000000000E+00,    0.0000000000E+00,    2.5750846839E+01
     48350,      0.676923,CP1_after_deposition,   1,    0.0000000000E+00,    2.5750846839E+01,    2.5750846839E+01,    0.0000000000E+00,    0.0000000000E+00,    0.0000000000E+00,    2.5750846839E+01
     48350,      0.676923,CP2_after_erosion,   1,    0.0000000000E+00,    2.5750846839E+01,    2.5750846839E+01,    0.0000000000E+00,    0.0000000000E+00,    0.0000000000E+00,    2.5750846839E+01
     48350,      0.676923,CP3_after_update_bottom,   1,    0.0000000000E+00,    2.5750846839E+01,    2.5750846839E+01,    0.0000000000E+00,    0.0000000000E+00,    0.0000000000E+00,    2.5750846839E+01
     48350,      0.676923,CP4_after_advection,   1,    0.0000000000E+00,    2.5751299880E+01,    2.5751299880E+01,    0.0000000000E+00,    0.0000000000E+00,    0.0000000000E+00,    2.5751299880E+01
     48350,      0.676923,CP5_after_vdif,   1,    0.0000000000E+00,    2.5751299880E+01,    2.5751299880E+01,    0.0000000000E+00,    0.0000000000E+00,    0.0000000000E+00,    2.5751299880E+01
     48350,      0.676923,CP6_after_kinetics,   1,    0.0000000000E+00,    2.5751299880E+01,    2.5751299880E+01,    0.0000000000E+00,    0.0000000000E+00,    0.0000000000E+00,    2.5751299880E+01
     48350,      0.676923,CP7_after_upper_clamp,   1,    0.0000000000E+00,    2.5751299880E+01,    2.5751299880E+01,    0.0000000000E+00,    0.0000000000E+00,    0.0000000000E+00,    2.5751299880E+01
     48350,      0.676923,CP8_after_OBC,   1,    0.0000000000E+00,    2.5751299880E+01,    2.5751299880E+01,    0.0000000000E+00,    0.0000000000E+00,    0.0000000000E+00,    2.5751299880E+01
     48350,      0.676923,CP9_after_PTsource,   1,    0.0000000000E+00,    2.5751299880E+01,    2.5751299880E+01,    0.0000000000E+00,    0.0000000000E+00,    0.0000000000E+00,    2.5751299880E+01
     48350,      0.676923,CP10_after_neg_clamp,   1,    0.0000000000E+00,    2.5751299880E+01,    2.5751299880E+01,    0.0000000000E+00,    0.0000000000E+00,    0.0000000000E+00,    2.5751299880E+01
     48350,      0.676923,CP11_after_MPI,   1,    0.0000000000E+00,    2.5751299880E+01,    2.5751299880E+01,    0.0000000000E+00,    0.0000000000E+00,    0.0000000000E+00,    2.5751299880E+01
     48350,      0.676923,CP12_end,   1,    0.0000000000E+00,    2.5751299880E+01,    2.5751299880E+01,    0.0000000000E+00,    0.0000000000E+00,    0.0000000000E+00,    2.5751299880E+01
     48400,      0.676923,CP0_start,   1,    0.0000000000E+00,    2.5799959568E+01,    2.5799959568E+01,    0.0000000000E+00,    0.0000000000E+00,    0.0000000000E+00,    2.5799959568E+01
     48400,      0.676923,CP1_after_deposition,   1,    0.0000000000E+00,    2.5799959568E+01,    2.5799959568E+01,    0.0000000000E+00,    0.0000000000E+00,    0.0000000000E+00,    2.5799959568E+01
     48400,      0.676923,CP2_after_erosion,   1,    0.0000000000E+00,    2.5799959568E+01,    2.5799959568E+01,    0.0000000000E+00,    0.0000000000E+00,    0.0000000000E+00,    2.5799959568E+01
     48400,      0.676923,CP3_after_update_bottom,   1,    0.0000000000E+00,    2.5799959568E+01,    2.5799959568E+01,    0.0000000000E+00,    0.0000000000E+00,    0.0000000000E+00,    2.5799959568E+01
     48400,      0.676923,CP4_after_advection,   1,    0.0000000000E+00,    2.5800415650E+01,    2.5800415650E+01,    0.0000000000E+00,    0.0000000000E+00,    0.0000000000E+00,    2.5800415650E+01
     48400,      0.676923,CP5_after_vdif,   1,    0.0000000000E+00,    2.5800415650E+01,    2.5800415650E+01,    0.0000000000E+00,    0.0000000000E+00,    0.0000000000E+00,    2.5800415650E+01
     48400,      0.676923,CP6_after_kinetics,   1,    0.0000000000E+00,    2.5800415650E+01,    2.5800415650E+01,    0.0000000000E+00,    0.0000000000E+00,    0.0000000000E+00,    2.5800415650E+01
     48400,      0.676923,CP7_after_upper_clamp,   1,    0.0000000000E+00,    2.5800415650E+01,    2.5800415650E+01,    0.0000000000E+00,    0.0000000000E+00,    0.0000000000E+00,    2.5800415650E+01
     48400,      0.676923,CP8_after_OBC,   1,    0.0000000000E+00,    2.5800415650E+01,    2.5800415650E+01,    0.0000000000E+00,    0.0000000000E+00,    0.0000000000E+00,    2.5800415650E+01
     48400,      0.676923,CP9_after_PTsource,   1,    0.0000000000E+00,    2.5800415650E+01,    2.5800415650E+01,    0.0000000000E+00,    0.0000000000E+00,    0.0000000000E+00,    2.5800415650E+01
     48400,      0.676923,CP10_after_neg_clamp,   1,    0.0000000000E+00,    2.5800415650E+01,    2.5800415650E+01,    0.0000000000E+00,    0.0000000000E+00,    0.0000000000E+00,    2.5800415650E+01
     48400,      0.676923,CP11_after_MPI,   1,    0.0000000000E+00,    2.5800415650E+01,    2.5800415650E+01,    0.0000000000E+00,    0.0000000000E+00,    0.0000000000E+00,    2.5800415650E+01
     48400,      0.676923,CP12_end,   1,    0.0000000000E+00,    2.5800415650E+01,    2.5800415650E+01,    0.0000000000E+00,    0.0000000000E+00,    0.0000000000E+00,    2.5800415650E+01
     48450,      0.676923,CP0_start,   1,    0.0000000000E+00,    2.5848979284E+01,    2.5848979284E+01,    0.0000000000E+00,    0.0000000000E+00,    0.0000000000E+00,    2.5848979284E+01
     48450,      0.676923,CP1_after_deposition,   1,    0.0000000000E+00,    2.5848979284E+01,    2.5848979284E+01,    0.0000000000E+00,    0.0000000000E+00,    0.0000000000E+00,    2.5848979284E+01
     48450,      0.676923,CP2_after_erosion,   1,    0.0000000000E+00,    2.5848979284E+01,    2.5848979284E+01,    0.0000000000E+00,    0.0000000000E+00,    0.0000000000E+00,    2.5848979284E+01
     48450,      0.676923,CP3_after_update_bottom,   1,    0.0000000000E+00,    2.5848979284E+01,    2.5848979284E+01,    0.0000000000E+00,    0.0000000000E+00,    0.0000000000E+00,    2.5848979284E+01
     48450,      0.676923,CP4_after_advection,   1,    0.0000000000E+00,    2.5849439549E+01,    2.5849439549E+01,    0.0000000000E+00,    0.0000000000E+00,    0.0000000000E+00,    2.5849439549E+01
     48450,      0.676923,CP5_after_vdif,   1,    0.0000000000E+00,    2.5849439549E+01,    2.5849439549E+01,    0.0000000000E+00,    0.0000000000E+00,    0.0000000000E+00,    2.5849439549E+01
     48450,      0.676923,CP6_after_kinetics,   1,    0.0000000000E+00,    2.5849439549E+01,    2.5849439549E+01,    0.0000000000E+00,    0.0000000000E+00,    0.0000000000E+00,    2.5849439549E+01
     48450,      0.676923,CP7_after_upper_clamp,   1,    0.0000000000E+00,    2.5849439549E+01,    2.5849439549E+01,    0.0000000000E+00,    0.0000000000E+00,    0.0000000000E+00,    2.5849439549E+01
     48450,      0.676923,CP8_after_OBC,   1,    0.0000000000E+00,    2.5849439549E+01,    2.5849439549E+01,    0.0000000000E+00,    0.0000000000E+00,    0.0000000000E+00,    2.5849439549E+01
     48450,      0.676923,CP9_after_PTsource,   1,    0.0000000000E+00,    2.5849439549E+01,    2.5849439549E+01,    0.0000000000E+00,    0.0000000000E+00,    0.0000000000E+00,    2.5849439549E+01
     48450,      0.676923,CP10_after_neg_clamp,   1,    0.0000000000E+00,    2.5849439549E+01,    2.5849439549E+01,    0.0000000000E+00,    0.0000000000E+00,    0.0000000000E+00,    2.5849439549E+01
     48450,      0.676923,CP11_after_MPI,   1,    0.0000000000E+00,    2.5849439549E+01,    2.5849439549E+01,    0.0000000000E+00,    0.0000000000E+00,    0.0000000000E+00,    2.5849439549E+01
     48450,      0.676923,CP12_end,   1,    0.0000000000E+00,    2.5849439549E+01,    2.5849439549E+01,    0.0000000000E+00,    0.0000000000E+00,    0.0000000000E+00,    2.5849439549E+01
     48500,      0.676923,CP0_start,   1,    0.0000000000E+00,    2.5897925576E+01,    2.5897925576E+01,    0.0000000000E+00,    0.0000000000E+00,    0.0000000000E+00,    2.5897925576E+01
     48500,      0.676923,CP1_after_deposition,   1,    0.0000000000E+00,    2.5897925576E+01,    2.5897925576E+01,    0.0000000000E+00,    0.0000000000E+00,    0.0000000000E+00,    2.5897925576E+01
     48500,      0.676923,CP2_after_erosion,   1,    0.0000000000E+00,    2.5897925576E+01,    2.5897925576E+01,    0.0000000000E+00,    0.0000000000E+00,    0.0000000000E+00,    2.5897925576E+01
     48500,      0.676923,CP3_after_update_bottom,   1,    0.0000000000E+00,    2.5897925576E+01,    2.5897925576E+01,    0.0000000000E+00,    0.0000000000E+00,    0.0000000000E+00,    2.5897925576E+01
     48500,      0.676923,CP4_after_advection,   1,    0.0000000000E+00,    2.5898390748E+01,    2.5898390748E+01,    0.0000000000E+00,    0.0000000000E+00,    0.0000000000E+00,    2.5898390748E+01
     48500,      0.676923,CP5_after_vdif,   1,    0.0000000000E+00,    2.5898390748E+01,    2.5898390748E+01,    0.0000000000E+00,    0.0000000000E+00,    0.0000000000E+00,    2.5898390748E+01
     48500,      0.676923,CP6_after_kinetics,   1,    0.0000000000E+00,    2.5898390748E+01,    2.5898390748E+01,    0.0000000000E+00,    0.0000000000E+00,    0.0000000000E+00,    2.5898390748E+01
     48500,      0.676923,CP7_after_upper_clamp,   1,    0.0000000000E+00,    2.5898390748E+01,    2.5898390748E+01,    0.0000000000E+00,    0.0000000000E+00,    0.0000000000E+00,    2.5898390748E+01
     48500,      0.676923,CP8_after_OBC,   1,    0.0000000000E+00,    2.5898390748E+01,    2.5898390748E+01,    0.0000000000E+00,    0.0000000000E+00,    0.0000000000E+00,    2.5898390748E+01
     48500,      0.676923,CP9_after_PTsource,   1,    0.0000000000E+00,    2.5898390748E+01,    2.5898390748E+01,    0.0000000000E+00,    0.0000000000E+00,    0.0000000000E+00,    2.5898390748E+01
     48500,      0.676923,CP10_after_neg_clamp,   1,    0.0000000000E+00,    2.5898390748E+01,    2.5898390748E+01,    0.0000000000E+00,    0.0000000000E+00,    0.0000000000E+00,    2.5898390748E+01
     48500,      0.676923,CP11_after_MPI,   1,    0.0000000000E+00,    2.5898390748E+01,    2.5898390748E+01,    0.0000000000E+00,    0.0000000000E+00,    0.0000000000E+00,    2.5898390748E+01
     48500,      0.676923,CP12_end,   1,    0.0000000000E+00,    2.5898390748E+01,    2.5898390748E+01,    0.0000000000E+00,    0.0000000000E+00,    0.0000000000E+00,    2.5898390748E+01
     48550,      0.676923,CP0_start,   1,    0.0000000000E+00,    2.5946837116E+01,    2.5946837116E+01,    0.0000000000E+00,    0.0000000000E+00,    0.0000000000E+00,    2.5946837116E+01
     48550,      0.676923,CP1_after_deposition,   1,    0.0000000000E+00,    2.5946837116E+01,    2.5946837116E+01,    0.0000000000E+00,    0.0000000000E+00,    0.0000000000E+00,    2.5946837116E+01
     48550,      0.676923,CP2_after_erosion,   1,    0.0000000000E+00,    2.5946837116E+01,    2.5946837116E+01,    0.0000000000E+00,    0.0000000000E+00,    0.0000000000E+00,    2.5946837116E+01
     48550,      0.676923,CP3_after_update_bottom,   1,    0.0000000000E+00,    2.5946837116E+01,    2.5946837116E+01,    0.0000000000E+00,    0.0000000000E+00,    0.0000000000E+00,    2.5946837116E+01
     48550,      0.676923,CP4_after_advection,   1,    0.0000000000E+00,    2.5947309255E+01,    2.5947309255E+01,    0.0000000000E+00,    0.0000000000E+00,    0.0000000000E+00,    2.5947309255E+01
     48550,      0.676923,CP5_after_vdif,   1,    0.0000000000E+00,    2.5947309255E+01,    2.5947309255E+01,    0.0000000000E+00,    0.0000000000E+00,    0.0000000000E+00,    2.5947309255E+01
     48550,      0.676923,CP6_after_kinetics,   1,    0.0000000000E+00,    2.5947309255E+01,    2.5947309255E+01,    0.0000000000E+00,    0.0000000000E+00,    0.0000000000E+00,    2.5947309255E+01
     48550,      0.676923,CP7_after_upper_clamp,   1,    0.0000000000E+00,    2.5947309255E+01,    2.5947309255E+01,    0.0000000000E+00,    0.0000000000E+00,    0.0000000000E+00,    2.5947309255E+01
     48550,      0.676923,CP8_after_OBC,   1,    0.0000000000E+00,    2.5947309255E+01,    2.5947309255E+01,    0.0000000000E+00,    0.0000000000E+00,    0.0000000000E+00,    2.5947309255E+01
     48550,      0.676923,CP9_after_PTsource,   1,    0.0000000000E+00,    2.5947309255E+01,    2.5947309255E+01,    0.0000000000E+00,    0.0000000000E+00,    0.0000000000E+00,    2.5947309255E+01
     48550,      0.676923,CP10_after_neg_clamp,   1,    0.0000000000E+00,    2.5947309255E+01,    2.5947309255E+01,    0.0000000000E+00,    0.0000000000E+00,    0.0000000000E+00,    2.5947309255E+01
     48550,      0.676923,CP11_after_MPI,   1,    0.0000000000E+00,    2.5947309255E+01,    2.5947309255E+01,    0.0000000000E+00,    0.0000000000E+00,    0.0000000000E+00,    2.5947309255E+01
     48550,      0.676923,CP12_end,   1,    0.0000000000E+00,    2.5947309255E+01,    2.5947309255E+01,    0.0000000000E+00,    0.0000000000E+00,    0.0000000000E+00,    2.5947309255E+01
     48600,      0.676923,CP0_start,   1,    0.0000000000E+00,    2.5995763183E+01,    2.5995763183E+01,    0.0000000000E+00,    0.0000000000E+00,    0.0000000000E+00,    2.5995763183E+01
     48600,      0.676923,CP1_after_deposition,   1,    0.0000000000E+00,    2.5995763183E+01,    2.5995763183E+01,    0.0000000000E+00,    0.0000000000E+00,    0.0000000000E+00,    2.5995763183E+01
     48600,      0.676923,CP2_after_erosion,   1,    0.0000000000E+00,    2.5995763183E+01,    2.5995763183E+01,    0.0000000000E+00,    0.0000000000E+00,    0.0000000000E+00,    2.5995763183E+01
     48600,      0.676923,CP3_after_update_bottom,   1,    0.0000000000E+00,    2.5995763183E+01,    2.5995763183E+01,    0.0000000000E+00,    0.0000000000E+00,    0.0000000000E+00,    2.5995763183E+01
     48600,      0.676923,CP4_after_advection,   1,    0.0000000000E+00,    2.5996241903E+01,    2.5996241903E+01,    0.0000000000E+00,    0.0000000000E+00,    0.0000000000E+00,    2.5996241903E+01
     48600,      0.676923,CP5_after_vdif,   1,    0.0000000000E+00,    2.5996241903E+01,    2.5996241903E+01,    0.0000000000E+00,    0.0000000000E+00,    0.0000000000E+00,    2.5996241903E+01
     48600,      0.676923,CP6_after_kinetics,   1,    0.0000000000E+00,    2.5996241903E+01,    2.5996241903E+01,    0.0000000000E+00,    0.0000000000E+00,    0.0000000000E+00,    2.5996241903E+01
     48600,      0.676923,CP7_after_upper_clamp,   1,    0.0000000000E+00,    2.5996241903E+01,    2.5996241903E+01,    0.0000000000E+00,    0.0000000000E+00,    0.0000000000E+00,    2.5996241903E+01
     48600,      0.676923,CP8_after_OBC,   1,    0.0000000000E+00,    2.5996241903E+01,    2.5996241903E+01,    0.0000000000E+00,    0.0000000000E+00,    0.0000000000E+00,    2.5996241903E+01
     48600,      0.676923,CP9_after_PTsource,   1,    0.0000000000E+00,    2.5996241903E+01,    2.5996241903E+01,    0.0000000000E+00,    0.0000000000E+00,    0.0000000000E+00,    2.5996241903E+01
     48600,      0.676923,CP10_after_neg_clamp,   1,    0.0000000000E+00,    2.5996241903E+01,    2.5996241903E+01,    0.0000000000E+00,    0.0000000000E+00,    0.0000000000E+00,    2.5996241903E+01
     48600,      0.676923,CP11_after_MPI,   1,    0.0000000000E+00,    2.5996241903E+01,    2.5996241903E+01,    0.0000000000E+00,    0.0000000000E+00,    0.0000000000E+00,    2.5996241903E+01
     48600,      0.676923,CP12_end,   1,    0.0000000000E+00,    2.5996241903E+01,    2.5996241903E+01,    0.0000000000E+00,    0.0000000000E+00,    0.0000000000E+00,    2.5996241903E+01
     48650,      0.676923,CP0_start,   1,    0.0000000000E+00,    2.6044720525E+01,    2.6044720525E+01,    0.0000000000E+00,    0.0000000000E+00,    0.0000000000E+00,    2.6044720525E+01
     48650,      0.676923,CP1_after_deposition,   1,    0.0000000000E+00,    2.6044720525E+01,    2.6044720525E+01,    0.0000000000E+00,    0.0000000000E+00,    0.0000000000E+00,    2.6044720525E+01
     48650,      0.676923,CP2_after_erosion,   1,    0.0000000000E+00,    2.6044720525E+01,    2.6044720525E+01,    0.0000000000E+00,    0.0000000000E+00,    0.0000000000E+00,    2.6044720525E+01
     48650,      0.676923,CP3_after_update_bottom,   1,    0.0000000000E+00,    2.6044720525E+01,    2.6044720525E+01,    0.0000000000E+00,    0.0000000000E+00,    0.0000000000E+00,    2.6044720525E+01
     48650,      0.676923,CP4_after_advection,   1,    0.0000000000E+00,    2.6045208399E+01,    2.6045208399E+01,    0.0000000000E+00,    0.0000000000E+00,    0.0000000000E+00,    2.6045208399E+01
     48650,      0.676923,CP5_after_vdif,   1,    0.0000000000E+00,    2.6045208399E+01,    2.6045208399E+01,    0.0000000000E+00,    0.0000000000E+00,    0.0000000000E+00,    2.6045208399E+01
     48650,      0.676923,CP6_after_kinetics,   1,    0.0000000000E+00,    2.6045208399E+01,    2.6045208399E+01,    0.0000000000E+00,    0.0000000000E+00,    0.0000000000E+00,    2.6045208399E+01
     48650,      0.676923,CP7_after_upper_clamp,   1,    0.0000000000E+00,    2.6045208399E+01,    2.6045208399E+01,    0.0000000000E+00,    0.0000000000E+00,    0.0000000000E+00,    2.6045208399E+01
     48650,      0.676923,CP8_after_OBC,   1,    0.0000000000E+00,    2.6045208399E+01,    2.6045208399E+01,    0.0000000000E+00,    0.0000000000E+00,    0.0000000000E+00,    2.6045208399E+01
     48650,      0.676923,CP9_after_PTsource,   1,    0.0000000000E+00,    2.6045208399E+01,    2.6045208399E+01,    0.0000000000E+00,    0.0000000000E+00,    0.0000000000E+00,    2.6045208399E+01
     48650,      0.676923,CP10_after_neg_clamp,   1,    0.0000000000E+00,    2.6045208399E+01,    2.6045208399E+01,    0.0000000000E+00,    0.0000000000E+00,    0.0000000000E+00,    2.6045208399E+01
     48650,      0.676923,CP11_after_MPI,   1,    0.0000000000E+00,    2.6045208399E+01,    2.6045208399E+01,    0.0000000000E+00,    0.0000000000E+00,    0.0000000000E+00,    2.6045208399E+01
     48650,      0.676923,CP12_end,   1,    0.0000000000E+00,    2.6045208399E+01,    2.6045208399E+01,    0.0000000000E+00,    0.0000000000E+00,    0.0000000000E+00,    2.6045208399E+01
     48700,      0.676923,CP0_start,   1,    0.0000000000E+00,    2.6093783338E+01,    2.6093783338E+01,    0.0000000000E+00,    0.0000000000E+00,    0.0000000000E+00,    2.6093783338E+01
     48700,      0.676923,CP1_after_deposition,   1,    0.0000000000E+00,    2.6093783338E+01,    2.6093783338E+01,    0.0000000000E+00,    0.0000000000E+00,    0.0000000000E+00,    2.6093783338E+01
     48700,      0.676923,CP2_after_erosion,   1,    0.0000000000E+00,    2.6093783338E+01,    2.6093783338E+01,    0.0000000000E+00,    0.0000000000E+00,    0.0000000000E+00,    2.6093783338E+01
     48700,      0.676923,CP3_after_update_bottom,   1,    0.0000000000E+00,    2.6093783338E+01,    2.6093783338E+01,    0.0000000000E+00,    0.0000000000E+00,    0.0000000000E+00,    2.6093783338E+01
     48700,      0.676923,CP4_after_advection,   1,    0.0000000000E+00,    2.6094279334E+01,    2.6094279334E+01,    0.0000000000E+00,    0.0000000000E+00,    0.0000000000E+00,    2.6094279334E+01
     48700,      0.676923,CP5_after_vdif,   1,    0.0000000000E+00,    2.6094279334E+01,    2.6094279334E+01,    0.0000000000E+00,    0.0000000000E+00,    0.0000000000E+00,    2.6094279334E+01
     48700,      0.676923,CP6_after_kinetics,   1,    0.0000000000E+00,    2.6094279334E+01,    2.6094279334E+01,    0.0000000000E+00,    0.0000000000E+00,    0.0000000000E+00,    2.6094279334E+01
     48700,      0.676923,CP7_after_upper_clamp,   1,    0.0000000000E+00,    2.6094279334E+01,    2.6094279334E+01,    0.0000000000E+00,    0.0000000000E+00,    0.0000000000E+00,    2.6094279334E+01
     48700,      0.676923,CP8_after_OBC,   1,    0.0000000000E+00,    2.6094279334E+01,    2.6094279334E+01,    0.0000000000E+00,    0.0000000000E+00,    0.0000000000E+00,    2.6094279334E+01
     48700,      0.676923,CP9_after_PTsource,   1,    0.0000000000E+00,    2.6094279334E+01,    2.6094279334E+01,    0.0000000000E+00,    0.0000000000E+00,    0.0000000000E+00,    2.6094279334E+01
     48700,      0.676923,CP10_after_neg_clamp,   1,    0.0000000000E+00,    2.6094279334E+01,    2.6094279334E+01,    0.0000000000E+00,    0.0000000000E+00,    0.0000000000E+00,    2.6094279334E+01
     48700,      0.676923,CP11_after_MPI,   1,    0.0000000000E+00,    2.6094279334E+01,    2.6094279334E+01,    0.0000000000E+00,    0.0000000000E+00,    0.0000000000E+00,    2.6094279334E+01
     48700,      0.676923,CP12_end,   1,    0.0000000000E+00,    2.6094279334E+01,    2.6094279334E+01,    0.0000000000E+00,    0.0000000000E+00,    0.0000000000E+00,    2.6094279334E+01
     48750,      0.676923,CP0_start,   1,    0.0000000000E+00,    2.6142988926E+01,    2.6142988926E+01,    0.0000000000E+00,    0.0000000000E+00,    0.0000000000E+00,    2.6142988926E+01
     48750,      0.676923,CP1_after_deposition,   1,    0.0000000000E+00,    2.6142988926E+01,    2.6142988926E+01,    0.0000000000E+00,    0.0000000000E+00,    0.0000000000E+00,    2.6142988926E+01
     48750,      0.676923,CP2_after_erosion,   1,    0.0000000000E+00,    2.6142988926E+01,    2.6142988926E+01,    0.0000000000E+00,    0.0000000000E+00,    0.0000000000E+00,    2.6142988926E+01
     48750,      0.676923,CP3_after_update_bottom,   1,    0.0000000000E+00,    2.6142988926E+01,    2.6142988926E+01,    0.0000000000E+00,    0.0000000000E+00,    0.0000000000E+00,    2.6142988926E+01
     48750,      0.676923,CP4_after_advection,   1,    0.0000000000E+00,    2.6143493592E+01,    2.6143493592E+01,    0.0000000000E+00,    0.0000000000E+00,    0.0000000000E+00,    2.6143493592E+01
     48750,      0.676923,CP5_after_vdif,   1,    0.0000000000E+00,    2.6143493592E+01,    2.6143493592E+01,    0.0000000000E+00,    0.0000000000E+00,    0.0000000000E+00,    2.6143493592E+01
     48750,      0.676923,CP6_after_kinetics,   1,    0.0000000000E+00,    2.6143493592E+01,    2.6143493592E+01,    0.0000000000E+00,    0.0000000000E+00,    0.0000000000E+00,    2.6143493592E+01
     48750,      0.676923,CP7_after_upper_clamp,   1,    0.0000000000E+00,    2.6143493592E+01,    2.6143493592E+01,    0.0000000000E+00,    0.0000000000E+00,    0.0000000000E+00,    2.6143493592E+01
     48750,      0.676923,CP8_after_OBC,   1,    0.0000000000E+00,    2.6143493592E+01,    2.6143493592E+01,    0.0000000000E+00,    0.0000000000E+00,    0.0000000000E+00,    2.6143493592E+01
     48750,      0.676923,CP9_after_PTsource,   1,    0.0000000000E+00,    2.6143493592E+01,    2.6143493592E+01,    0.0000000000E+00,    0.0000000000E+00,    0.0000000000E+00,    2.6143493592E+01
     48750,      0.676923,CP10_after_neg_clamp,   1,    0.0000000000E+00,    2.6143493592E+01,    2.6143493592E+01,    0.0000000000E+00,    0.0000000000E+00,    0.0000000000E+00,    2.6143493592E+01
     48750,      0.676923,CP11_after_MPI,   1,    0.0000000000E+00,    2.6143493592E+01,    2.6143493592E+01,    0.0000000000E+00,    0.0000000000E+00,    0.0000000000E+00,    2.6143493592E+01
     48750,      0.676923,CP12_end,   1,    0.0000000000E+00,    2.6143493592E+01,    2.6143493592E+01,    0.0000000000E+00,    0.0000000000E+00,    0.0000000000E+00,    2.6143493592E+01
     48800,      0.676923,CP0_start,   1,    0.0000000000E+00,    2.6192364517E+01,    2.6192364517E+01,    0.0000000000E+00,    0.0000000000E+00,    0.0000000000E+00,    2.6192364517E+01
     48800,      0.676923,CP1_after_deposition,   1,    0.0000000000E+00,    2.6192364517E+01,    2.6192364517E+01,    0.0000000000E+00,    0.0000000000E+00,    0.0000000000E+00,    2.6192364517E+01
     48800,      0.676923,CP2_after_erosion,   1,    0.0000000000E+00,    2.6192364517E+01,    2.6192364517E+01,    0.0000000000E+00,    0.0000000000E+00,    0.0000000000E+00,    2.6192364517E+01
     48800,      0.676923,CP3_after_update_bottom,   1,    0.0000000000E+00,    2.6192364517E+01,    2.6192364517E+01,    0.0000000000E+00,    0.0000000000E+00,    0.0000000000E+00,    2.6192364517E+01
     48800,      0.676923,CP4_after_advection,   1,    0.0000000000E+00,    2.6192879301E+01,    2.6192879301E+01,    0.0000000000E+00,    0.0000000000E+00,    0.0000000000E+00,    2.6192879301E+01
     48800,      0.676923,CP5_after_vdif,   1,    0.0000000000E+00,    2.6192879301E+01,    2.6192879301E+01,    0.0000000000E+00,    0.0000000000E+00,    0.0000000000E+00,    2.6192879301E+01
     48800,      0.676923,CP6_after_kinetics,   1,    0.0000000000E+00,    2.6192879301E+01,    2.6192879301E+01,    0.0000000000E+00,    0.0000000000E+00,    0.0000000000E+00,    2.6192879301E+01
     48800,      0.676923,CP7_after_upper_clamp,   1,    0.0000000000E+00,    2.6192879301E+01,    2.6192879301E+01,    0.0000000000E+00,    0.0000000000E+00,    0.0000000000E+00,    2.6192879301E+01
     48800,      0.676923,CP8_after_OBC,   1,    0.0000000000E+00,    2.6192879301E+01,    2.6192879301E+01,    0.0000000000E+00,    0.0000000000E+00,    0.0000000000E+00,    2.6192879301E+01
     48800,      0.676923,CP9_after_PTsource,   1,    0.0000000000E+00,    2.6192879301E+01,    2.6192879301E+01,    0.0000000000E+00,    0.0000000000E+00,    0.0000000000E+00,    2.6192879301E+01
     48800,      0.676923,CP10_after_neg_clamp,   1,    0.0000000000E+00,    2.6192879301E+01,    2.6192879301E+01,    0.0000000000E+00,    0.0000000000E+00,    0.0000000000E+00,    2.6192879301E+01
     48800,      0.676923,CP11_after_MPI,   1,    0.0000000000E+00,    2.6192879301E+01,    2.6192879301E+01,    0.0000000000E+00,    0.0000000000E+00,    0.0000000000E+00,    2.6192879301E+01
     48800,      0.676923,CP12_end,   1,    0.0000000000E+00,    2.6192879301E+01,    2.6192879301E+01,    0.0000000000E+00,    0.0000000000E+00,    0.0000000000E+00,    2.6192879301E+01
     48850,      0.676923,CP0_start,   1,    0.0000000000E+00,    2.6241986235E+01,    2.6241986235E+01,    0.0000000000E+00,    0.0000000000E+00,    0.0000000000E+00,    2.6241986235E+01
     48850,      0.676923,CP1_after_deposition,   1,    0.0000000000E+00,    2.6241986235E+01,    2.6241986235E+01,    0.0000000000E+00,    0.0000000000E+00,    0.0000000000E+00,    2.6241986235E+01
     48850,      0.676923,CP2_after_erosion,   1,    0.0000000000E+00,    2.6241986235E+01,    2.6241986235E+01,    0.0000000000E+00,    0.0000000000E+00,    0.0000000000E+00,    2.6241986235E+01
     48850,      0.676923,CP3_after_update_bottom,   1,    0.0000000000E+00,    2.6241986235E+01,    2.6241986235E+01,    0.0000000000E+00,    0.0000000000E+00,    0.0000000000E+00,    2.6241986235E+01
     48850,      0.676923,CP4_after_advection,   1,    0.0000000000E+00,    2.6242512301E+01,    2.6242512301E+01,    0.0000000000E+00,    0.0000000000E+00,    0.0000000000E+00,    2.6242512301E+01
     48850,      0.676923,CP5_after_vdif,   1,    0.0000000000E+00,    2.6242512301E+01,    2.6242512301E+01,    0.0000000000E+00,    0.0000000000E+00,    0.0000000000E+00,    2.6242512301E+01
     48850,      0.676923,CP6_after_kinetics,   1,    0.0000000000E+00,    2.6242512301E+01,    2.6242512301E+01,    0.0000000000E+00,    0.0000000000E+00,    0.0000000000E+00,    2.6242512301E+01
     48850,      0.676923,CP7_after_upper_clamp,   1,    0.0000000000E+00,    2.6242512301E+01,    2.6242512301E+01,    0.0000000000E+00,    0.0000000000E+00,    0.0000000000E+00,    2.6242512301E+01
     48850,      0.676923,CP8_after_OBC,   1,    0.0000000000E+00,    2.6242512301E+01,    2.6242512301E+01,    0.0000000000E+00,    0.0000000000E+00,    0.0000000000E+00,    2.6242512301E+01
     48850,      0.676923,CP9_after_PTsource,   1,    0.0000000000E+00,    2.6242512301E+01,    2.6242512301E+01,    0.0000000000E+00,    0.0000000000E+00,    0.0000000000E+00,    2.6242512301E+01
     48850,      0.676923,CP10_after_neg_clamp,   1,    0.0000000000E+00,    2.6242512301E+01,    2.6242512301E+01,    0.0000000000E+00,    0.0000000000E+00,    0.0000000000E+00,    2.6242512301E+01
     48850,      0.676923,CP11_after_MPI,   1,    0.0000000000E+00,    2.6242512301E+01,    2.6242512301E+01,    0.0000000000E+00,    0.0000000000E+00,    0.0000000000E+00,    2.6242512301E+01
     48850,      0.676923,CP12_end,   1,    0.0000000000E+00,    2.6242512301E+01,    2.6242512301E+01,    0.0000000000E+00,    0.0000000000E+00,    0.0000000000E+00,    2.6242512301E+01
     48900,      0.676923,CP0_start,   1,    0.0000000000E+00,    2.6291900762E+01,    2.6291900762E+01,    0.0000000000E+00,    0.0000000000E+00,    0.0000000000E+00,    2.6291900762E+01
     48900,      0.676923,CP1_after_deposition,   1,    0.0000000000E+00,    2.6291900762E+01,    2.6291900762E+01,    0.0000000000E+00,    0.0000000000E+00,    0.0000000000E+00,    2.6291900762E+01
     48900,      0.676923,CP2_after_erosion,   1,    0.0000000000E+00,    2.6291900762E+01,    2.6291900762E+01,    0.0000000000E+00,    0.0000000000E+00,    0.0000000000E+00,    2.6291900762E+01
     48900,      0.676923,CP3_after_update_bottom,   1,    0.0000000000E+00,    2.6291900762E+01,    2.6291900762E+01,    0.0000000000E+00,    0.0000000000E+00,    0.0000000000E+00,    2.6291900762E+01
     48900,      0.676923,CP4_after_advection,   1,    0.0000000000E+00,    2.6292438934E+01,    2.6292438934E+01,    0.0000000000E+00,    0.0000000000E+00,    0.0000000000E+00,    2.6292438934E+01
     48900,      0.676923,CP5_after_vdif,   1,    0.0000000000E+00,    2.6292438934E+01,    2.6292438934E+01,    0.0000000000E+00,    0.0000000000E+00,    0.0000000000E+00,    2.6292438934E+01
     48900,      0.676923,CP6_after_kinetics,   1,    0.0000000000E+00,    2.6292438934E+01,    2.6292438934E+01,    0.0000000000E+00,    0.0000000000E+00,    0.0000000000E+00,    2.6292438934E+01
     48900,      0.676923,CP7_after_upper_clamp,   1,    0.0000000000E+00,    2.6292438934E+01,    2.6292438934E+01,    0.0000000000E+00,    0.0000000000E+00,    0.0000000000E+00,    2.6292438934E+01
     48900,      0.676923,CP8_after_OBC,   1,    0.0000000000E+00,    2.6292438934E+01,    2.6292438934E+01,    0.0000000000E+00,    0.0000000000E+00,    0.0000000000E+00,    2.6292438934E+01
     48900,      0.676923,CP9_after_PTsource,   1,    0.0000000000E+00,    2.6292438934E+01,    2.6292438934E+01,    0.0000000000E+00,    0.0000000000E+00,    0.0000000000E+00,    2.6292438934E+01
     48900,      0.676923,CP10_after_neg_clamp,   1,    0.0000000000E+00,    2.6292438934E+01,    2.6292438934E+01,    0.0000000000E+00,    0.0000000000E+00,    0.0000000000E+00,    2.6292438934E+01
     48900,      0.676923,CP11_after_MPI,   1,    0.0000000000E+00,    2.6292438934E+01,    2.6292438934E+01,    0.0000000000E+00,    0.0000000000E+00,    0.0000000000E+00,    2.6292438934E+01
     48900,      0.676923,CP12_end,   1,    0.0000000000E+00,    2.6292438934E+01,    2.6292438934E+01,    0.0000000000E+00,    0.0000000000E+00,    0.0000000000E+00,    2.6292438934E+01
     48950,      0.676923,CP0_start,   1,    0.0000000000E+00,    2.6342126724E+01,    2.6342126724E+01,    0.0000000000E+00,    0.0000000000E+00,    0.0000000000E+00,    2.6342126724E+01
     48950,      0.676923,CP1_after_deposition,   1,    0.0000000000E+00,    2.6342126724E+01,    2.6342126724E+01,    0.0000000000E+00,    0.0000000000E+00,    0.0000000000E+00,    2.6342126724E+01
     48950,      0.676923,CP2_after_erosion,   1,    0.0000000000E+00,    2.6342126724E+01,    2.6342126724E+01,    0.0000000000E+00,    0.0000000000E+00,    0.0000000000E+00,    2.6342126724E+01
     48950,      0.676923,CP3_after_update_bottom,   1,    0.0000000000E+00,    2.6342126724E+01,    2.6342126724E+01,    0.0000000000E+00,    0.0000000000E+00,    0.0000000000E+00,    2.6342126724E+01
     48950,      0.676923,CP4_after_advection,   1,    0.0000000000E+00,    2.6342678207E+01,    2.6342678207E+01,    0.0000000000E+00,    0.0000000000E+00,    0.0000000000E+00,    2.6342678207E+01
     48950,      0.676923,CP5_after_vdif,   1,    0.0000000000E+00,    2.6342678207E+01,    2.6342678207E+01,    0.0000000000E+00,    0.0000000000E+00,    0.0000000000E+00,    2.6342678207E+01
     48950,      0.676923,CP6_after_kinetics,   1,    0.0000000000E+00,    2.6342678207E+01,    2.6342678207E+01,    0.0000000000E+00,    0.0000000000E+00,    0.0000000000E+00,    2.6342678207E+01
     48950,      0.676923,CP7_after_upper_clamp,   1,    0.0000000000E+00,    2.6342678207E+01,    2.6342678207E+01,    0.0000000000E+00,    0.0000000000E+00,    0.0000000000E+00,    2.6342678207E+01
     48950,      0.676923,CP8_after_OBC,   1,    0.0000000000E+00,    2.6342678207E+01,    2.6342678207E+01,    0.0000000000E+00,    0.0000000000E+00,    0.0000000000E+00,    2.6342678207E+01
     48950,      0.676923,CP9_after_PTsource,   1,    0.0000000000E+00,    2.6342678207E+01,    2.6342678207E+01,    0.0000000000E+00,    0.0000000000E+00,    0.0000000000E+00,    2.6342678207E+01
     48950,      0.676923,CP10_after_neg_clamp,   1,    0.0000000000E+00,    2.6342678207E+01,    2.6342678207E+01,    0.0000000000E+00,    0.0000000000E+00,    0.0000000000E+00,    2.6342678207E+01
     48950,      0.676923,CP11_after_MPI,   1,    0.0000000000E+00,    2.6342678207E+01,    2.6342678207E+01,    0.0000000000E+00,    0.0000000000E+00,    0.0000000000E+00,    2.6342678207E+01
     48950,      0.676923,CP12_end,   1,    0.0000000000E+00,    2.6342678207E+01,    2.6342678207E+01,    0.0000000000E+00,    0.0000000000E+00,    0.0000000000E+00,    2.6342678207E+01
     49000,      0.676923,CP0_start,   1,    0.0000000000E+00,    2.6392735288E+01,    2.6392735288E+01,    0.0000000000E+00,    0.0000000000E+00,    0.0000000000E+00,    2.6392735288E+01
     49000,      0.676923,CP1_after_deposition,   1,    0.0000000000E+00,    2.6392735288E+01,    2.6392735288E+01,    0.0000000000E+00,    0.0000000000E+00,    0.0000000000E+00,    2.6392735288E+01
     49000,      0.676923,CP2_after_erosion,   1,    0.0000000000E+00,    2.6392735288E+01,    2.6392735288E+01,    0.0000000000E+00,    0.0000000000E+00,    0.0000000000E+00,    2.6392735288E+01
     49000,      0.676923,CP3_after_update_bottom,   1,    0.0000000000E+00,    2.6392735288E+01,    2.6392735288E+01,    0.0000000000E+00,    0.0000000000E+00,    0.0000000000E+00,    2.6392735288E+01
     49000,      0.676923,CP4_after_advection,   1,    0.0000000000E+00,    2.6393302135E+01,    2.6393302135E+01,    0.0000000000E+00,    0.0000000000E+00,    0.0000000000E+00,    2.6393302135E+01
     49000,      0.676923,CP5_after_vdif,   1,    0.0000000000E+00,    2.6393302135E+01,    2.6393302135E+01,    0.0000000000E+00,    0.0000000000E+00,    0.0000000000E+00,    2.6393302135E+01
     49000,      0.676923,CP6_after_kinetics,   1,    0.0000000000E+00,    2.6393302135E+01,    2.6393302135E+01,    0.0000000000E+00,    0.0000000000E+00,    0.0000000000E+00,    2.6393302135E+01
     49000,      0.676923,CP7_after_upper_clamp,   1,    0.0000000000E+00,    2.6393302135E+01,    2.6393302135E+01,    0.0000000000E+00,    0.0000000000E+00,    0.0000000000E+00,    2.6393302135E+01
     49000,      0.676923,CP8_after_OBC,   1,    0.0000000000E+00,    2.6393302135E+01,    2.6393302135E+01,    0.0000000000E+00,    0.0000000000E+00,    0.0000000000E+00,    2.6393302135E+01
     49000,      0.676923,CP9_after_PTsource,   1,    0.0000000000E+00,    2.6393302135E+01,    2.6393302135E+01,    0.0000000000E+00,    0.0000000000E+00,    0.0000000000E+00,    2.6393302135E+01
     49000,      0.676923,CP10_after_neg_clamp,   1,    0.0000000000E+00,    2.6393302135E+01,    2.6393302135E+01,    0.0000000000E+00,    0.0000000000E+00,    0.0000000000E+00,    2.6393302135E+01
     49000,      0.676923,CP11_after_MPI,   1,    0.0000000000E+00,    2.6393302135E+01,    2.6393302135E+01,    0.0000000000E+00,    0.0000000000E+00,    0.0000000000E+00,    2.6393302135E+01
     49000,      0.676923,CP12_end,   1,    0.0000000000E+00,    2.6393302135E+01,    2.6393302135E+01,    0.0000000000E+00,    0.0000000000E+00,    0.0000000000E+00,    2.6393302135E+01
     49050,      0.676923,CP0_start,   1,    0.0000000000E+00,    2.6443751259E+01,    2.6443751259E+01,    0.0000000000E+00,    0.0000000000E+00,    0.0000000000E+00,    2.6443751259E+01
     49050,      0.676923,CP1_after_deposition,   1,    0.0000000000E+00,    2.6443751259E+01,    2.6443751259E+01,    0.0000000000E+00,    0.0000000000E+00,    0.0000000000E+00,    2.6443751259E+01
     49050,      0.676923,CP2_after_erosion,   1,    0.0000000000E+00,    2.6443751259E+01,    2.6443751259E+01,    0.0000000000E+00,    0.0000000000E+00,    0.0000000000E+00,    2.6443751259E+01
     49050,      0.676923,CP3_after_update_bottom,   1,    0.0000000000E+00,    2.6443751259E+01,    2.6443751259E+01,    0.0000000000E+00,    0.0000000000E+00,    0.0000000000E+00,    2.6443751259E+01
     49050,      0.676923,CP4_after_advection,   1,    0.0000000000E+00,    2.6444333460E+01,    2.6444333460E+01,    0.0000000000E+00,    0.0000000000E+00,    0.0000000000E+00,    2.6444333460E+01
     49050,      0.676923,CP5_after_vdif,   1,    0.0000000000E+00,    2.6444333460E+01,    2.6444333460E+01,    0.0000000000E+00,    0.0000000000E+00,    0.0000000000E+00,    2.6444333460E+01
     49050,      0.676923,CP6_after_kinetics,   1,    0.0000000000E+00,    2.6444333460E+01,    2.6444333460E+01,    0.0000000000E+00,    0.0000000000E+00,    0.0000000000E+00,    2.6444333460E+01
     49050,      0.676923,CP7_after_upper_clamp,   1,    0.0000000000E+00,    2.6444333460E+01,    2.6444333460E+01,    0.0000000000E+00,    0.0000000000E+00,    0.0000000000E+00,    2.6444333460E+01
     49050,      0.676923,CP8_after_OBC,   1,    0.0000000000E+00,    2.6444333460E+01,    2.6444333460E+01,    0.0000000000E+00,    0.0000000000E+00,    0.0000000000E+00,    2.6444333460E+01
     49050,      0.676923,CP9_after_PTsource,   1,    0.0000000000E+00,    2.6444333460E+01,    2.6444333460E+01,    0.0000000000E+00,    0.0000000000E+00,    0.0000000000E+00,    2.6444333460E+01
     49050,      0.676923,CP10_after_neg_clamp,   1,    0.0000000000E+00,    2.6444333460E+01,    2.6444333460E+01,    0.0000000000E+00,    0.0000000000E+00,    0.0000000000E+00,    2.6444333460E+01
     49050,      0.676923,CP11_after_MPI,   1,    0.0000000000E+00,    2.6444333460E+01,    2.6444333460E+01,    0.0000000000E+00,    0.0000000000E+00,    0.0000000000E+00,    2.6444333460E+01
     49050,      0.676923,CP12_end,   1,    0.0000000000E+00,    2.6444333460E+01,    2.6444333460E+01,    0.0000000000E+00,    0.0000000000E+00,    0.0000000000E+00,    2.6444333460E+01
     49100,      0.676923,CP0_start,   1,    0.0000000000E+00,    2.6495199524E+01,    2.6495199524E+01,    0.0000000000E+00,    0.0000000000E+00,    0.0000000000E+00,    2.6495199524E+01
     49100,      0.676923,CP1_after_deposition,   1,    0.0000000000E+00,    2.6495199524E+01,    2.6495199524E+01,    0.0000000000E+00,    0.0000000000E+00,    0.0000000000E+00,    2.6495199524E+01
     49100,      0.676923,CP2_after_erosion,   1,    0.0000000000E+00,    2.6495199524E+01,    2.6495199524E+01,    0.0000000000E+00,    0.0000000000E+00,    0.0000000000E+00,    2.6495199524E+01
     49100,      0.676923,CP3_after_update_bottom,   1,    0.0000000000E+00,    2.6495199524E+01,    2.6495199524E+01,    0.0000000000E+00,    0.0000000000E+00,    0.0000000000E+00,    2.6495199524E+01
     49100,      0.676923,CP4_after_advection,   1,    0.0000000000E+00,    2.6495797484E+01,    2.6495797484E+01,    0.0000000000E+00,    0.0000000000E+00,    0.0000000000E+00,    2.6495797484E+01
     49100,      0.676923,CP5_after_vdif,   1,    0.0000000000E+00,    2.6495797484E+01,    2.6495797484E+01,    0.0000000000E+00,    0.0000000000E+00,    0.0000000000E+00,    2.6495797484E+01
     49100,      0.676923,CP6_after_kinetics,   1,    0.0000000000E+00,    2.6495797484E+01,    2.6495797484E+01,    0.0000000000E+00,    0.0000000000E+00,    0.0000000000E+00,    2.6495797484E+01
     49100,      0.676923,CP7_after_upper_clamp,   1,    0.0000000000E+00,    2.6495797484E+01,    2.6495797484E+01,    0.0000000000E+00,    0.0000000000E+00,    0.0000000000E+00,    2.6495797484E+01
     49100,      0.676923,CP8_after_OBC,   1,    0.0000000000E+00,    2.6495797484E+01,    2.6495797484E+01,    0.0000000000E+00,    0.0000000000E+00,    0.0000000000E+00,    2.6495797484E+01
     49100,      0.676923,CP9_after_PTsource,   1,    0.0000000000E+00,    2.6495797484E+01,    2.6495797484E+01,    0.0000000000E+00,    0.0000000000E+00,    0.0000000000E+00,    2.6495797484E+01
     49100,      0.676923,CP10_after_neg_clamp,   1,    0.0000000000E+00,    2.6495797484E+01,    2.6495797484E+01,    0.0000000000E+00,    0.0000000000E+00,    0.0000000000E+00,    2.6495797484E+01
     49100,      0.676923,CP11_after_MPI,   1,    0.0000000000E+00,    2.6495797484E+01,    2.6495797484E+01,    0.0000000000E+00,    0.0000000000E+00,    0.0000000000E+00,    2.6495797484E+01
     49100,      0.676923,CP12_end,   1,    0.0000000000E+00,    2.6495797484E+01,    2.6495797484E+01,    0.0000000000E+00,    0.0000000000E+00,    0.0000000000E+00,    2.6495797484E+01
     49150,      0.676923,CP0_start,   1,    0.0000000000E+00,    2.6547105284E+01,    2.6547105284E+01,    0.0000000000E+00,    0.0000000000E+00,    0.0000000000E+00,    2.6547105284E+01
     49150,      0.676923,CP1_after_deposition,   1,    0.0000000000E+00,    2.6547105284E+01,    2.6547105284E+01,    0.0000000000E+00,    0.0000000000E+00,    0.0000000000E+00,    2.6547105284E+01
     49150,      0.676923,CP2_after_erosion,   1,    0.0000000000E+00,    2.6547105284E+01,    2.6547105284E+01,    0.0000000000E+00,    0.0000000000E+00,    0.0000000000E+00,    2.6547105284E+01
     49150,      0.676923,CP3_after_update_bottom,   1,    0.0000000000E+00,    2.6547105284E+01,    2.6547105284E+01,    0.0000000000E+00,    0.0000000000E+00,    0.0000000000E+00,    2.6547105284E+01
     49150,      0.676923,CP4_after_advection,   1,    0.0000000000E+00,    2.6547720062E+01,    2.6547720062E+01,    0.0000000000E+00,    0.0000000000E+00,    0.0000000000E+00,    2.6547720062E+01
     49150,      0.676923,CP5_after_vdif,   1,    0.0000000000E+00,    2.6547720062E+01,    2.6547720062E+01,    0.0000000000E+00,    0.0000000000E+00,    0.0000000000E+00,    2.6547720062E+01
     49150,      0.676923,CP6_after_kinetics,   1,    0.0000000000E+00,    2.6547720062E+01,    2.6547720062E+01,    0.0000000000E+00,    0.0000000000E+00,    0.0000000000E+00,    2.6547720062E+01
     49150,      0.676923,CP7_after_upper_clamp,   1,    0.0000000000E+00,    2.6547720062E+01,    2.6547720062E+01,    0.0000000000E+00,    0.0000000000E+00,    0.0000000000E+00,    2.6547720062E+01
     49150,      0.676923,CP8_after_OBC,   1,    0.0000000000E+00,    2.6547720062E+01,    2.6547720062E+01,    0.0000000000E+00,    0.0000000000E+00,    0.0000000000E+00,    2.6547720062E+01
     49150,      0.676923,CP9_after_PTsource,   1,    0.0000000000E+00,    2.6547720062E+01,    2.6547720062E+01,    0.0000000000E+00,    0.0000000000E+00,    0.0000000000E+00,    2.6547720062E+01
     49150,      0.676923,CP10_after_neg_clamp,   1,    0.0000000000E+00,    2.6547720062E+01,    2.6547720062E+01,    0.0000000000E+00,    0.0000000000E+00,    0.0000000000E+00,    2.6547720062E+01
     49150,      0.676923,CP11_after_MPI,   1,    0.0000000000E+00,    2.6547720062E+01,    2.6547720062E+01,    0.0000000000E+00,    0.0000000000E+00,    0.0000000000E+00,    2.6547720062E+01
     49150,      0.676923,CP12_end,   1,    0.0000000000E+00,    2.6547720062E+01,    2.6547720062E+01,    0.0000000000E+00,    0.0000000000E+00,    0.0000000000E+00,    2.6547720062E+01
     49200,      0.676923,CP0_start,   1,    0.0000000000E+00,    2.6599480178E+01,    2.6599480178E+01,    0.0000000000E+00,    0.0000000000E+00,    0.0000000000E+00,    2.6599480178E+01
     49200,      0.676923,CP1_after_deposition,   1,    0.0000000000E+00,    2.6599480178E+01,    2.6599480178E+01,    0.0000000000E+00,    0.0000000000E+00,    0.0000000000E+00,    2.6599480178E+01
     49200,      0.676923,CP2_after_erosion,   1,    0.0000000000E+00,    2.6599480178E+01,    2.6599480178E+01,    0.0000000000E+00,    0.0000000000E+00,    0.0000000000E+00,    2.6599480178E+01
     49200,      0.676923,CP3_after_update_bottom,   1,    0.0000000000E+00,    2.6599480178E+01,    2.6599480178E+01,    0.0000000000E+00,    0.0000000000E+00,    0.0000000000E+00,    2.6599480178E+01
     49200,      0.676923,CP4_after_advection,   1,    0.0000000000E+00,    2.6600111724E+01,    2.6600111724E+01,    0.0000000000E+00,    0.0000000000E+00,    0.0000000000E+00,    2.6600111724E+01
     49200,      0.676923,CP5_after_vdif,   1,    0.0000000000E+00,    2.6600111724E+01,    2.6600111724E+01,    0.0000000000E+00,    0.0000000000E+00,    0.0000000000E+00,    2.6600111724E+01
     49200,      0.676923,CP6_after_kinetics,   1,    0.0000000000E+00,    2.6600111724E+01,    2.6600111724E+01,    0.0000000000E+00,    0.0000000000E+00,    0.0000000000E+00,    2.6600111724E+01
     49200,      0.676923,CP7_after_upper_clamp,   1,    0.0000000000E+00,    2.6600111724E+01,    2.6600111724E+01,    0.0000000000E+00,    0.0000000000E+00,    0.0000000000E+00,    2.6600111724E+01
     49200,      0.676923,CP8_after_OBC,   1,    0.0000000000E+00,    2.6600111724E+01,    2.6600111724E+01,    0.0000000000E+00,    0.0000000000E+00,    0.0000000000E+00,    2.6600111724E+01
     49200,      0.676923,CP9_after_PTsource,   1,    0.0000000000E+00,    2.6600111724E+01,    2.6600111724E+01,    0.0000000000E+00,    0.0000000000E+00,    0.0000000000E+00,    2.6600111724E+01
     49200,      0.676923,CP10_after_neg_clamp,   1,    0.0000000000E+00,    2.6600111724E+01,    2.6600111724E+01,    0.0000000000E+00,    0.0000000000E+00,    0.0000000000E+00,    2.6600111724E+01
     49200,      0.676923,CP11_after_MPI,   1,    0.0000000000E+00,    2.6600111724E+01,    2.6600111724E+01,    0.0000000000E+00,    0.0000000000E+00,    0.0000000000E+00,    2.6600111724E+01
     49200,      0.676923,CP12_end,   1,    0.0000000000E+00,    2.6600111724E+01,    2.6600111724E+01,    0.0000000000E+00,    0.0000000000E+00,    0.0000000000E+00,    2.6600111724E+01
     49250,      0.676923,CP0_start,   1,    0.0000000000E+00,    2.6652299387E+01,    2.6652299387E+01,    0.0000000000E+00,    0.0000000000E+00,    0.0000000000E+00,    2.6652299387E+01
     49250,      0.676923,CP1_after_deposition,   1,    0.0000000000E+00,    2.6652299387E+01,    2.6652299387E+01,    0.0000000000E+00,    0.0000000000E+00,    0.0000000000E+00,    2.6652299387E+01
     49250,      0.676923,CP2_after_erosion,   1,    0.0000000000E+00,    2.6652299387E+01,    2.6652299387E+01,    0.0000000000E+00,    0.0000000000E+00,    0.0000000000E+00,    2.6652299387E+01
     49250,      0.676923,CP3_after_update_bottom,   1,    0.0000000000E+00,    2.6652299387E+01,    2.6652299387E+01,    0.0000000000E+00,    0.0000000000E+00,    0.0000000000E+00,    2.6652299387E+01
     49250,      0.676923,CP4_after_advection,   1,    0.0000000000E+00,    2.6652947510E+01,    2.6652947510E+01,    0.0000000000E+00,    0.0000000000E+00,    0.0000000000E+00,    2.6652947510E+01
     49250,      0.676923,CP5_after_vdif,   1,    0.0000000000E+00,    2.6652947510E+01,    2.6652947510E+01,    0.0000000000E+00,    0.0000000000E+00,    0.0000000000E+00,    2.6652947510E+01
     49250,      0.676923,CP6_after_kinetics,   1,    0.0000000000E+00,    2.6652947510E+01,    2.6652947510E+01,    0.0000000000E+00,    0.0000000000E+00,    0.0000000000E+00,    2.6652947510E+01
     49250,      0.676923,CP7_after_upper_clamp,   1,    0.0000000000E+00,    2.6652947510E+01,    2.6652947510E+01,    0.0000000000E+00,    0.0000000000E+00,    0.0000000000E+00,    2.6652947510E+01
     49250,      0.676923,CP8_after_OBC,   1,    0.0000000000E+00,    2.6652947510E+01,    2.6652947510E+01,    0.0000000000E+00,    0.0000000000E+00,    0.0000000000E+00,    2.6652947510E+01
     49250,      0.676923,CP9_after_PTsource,   1,    0.0000000000E+00,    2.6652947510E+01,    2.6652947510E+01,    0.0000000000E+00,    0.0000000000E+00,    0.0000000000E+00,    2.6652947510E+01
     49250,      0.676923,CP10_after_neg_clamp,   1,    0.0000000000E+00,    2.6652947510E+01,    2.6652947510E+01,    0.0000000000E+00,    0.0000000000E+00,    0.0000000000E+00,    2.6652947510E+01
     49250,      0.676923,CP11_after_MPI,   1,    0.0000000000E+00,    2.6652947510E+01,    2.6652947510E+01,    0.0000000000E+00,    0.0000000000E+00,    0.0000000000E+00,    2.6652947510E+01
     49250,      0.676923,CP12_end,   1,    0.0000000000E+00,    2.6652947510E+01,    2.6652947510E+01,    0.0000000000E+00,    0.0000000000E+00,    0.0000000000E+00,    2.6652947510E+01
     49300,      0.676923,CP0_start,   1,    0.0000000000E+00,    2.6705536038E+01,    2.6705536038E+01,    0.0000000000E+00,    0.0000000000E+00,    0.0000000000E+00,    2.6705536038E+01
     49300,      0.676923,CP1_after_deposition,   1,    0.0000000000E+00,    2.6705536038E+01,    2.6705536038E+01,    0.0000000000E+00,    0.0000000000E+00,    0.0000000000E+00,    2.6705536038E+01
     49300,      0.676923,CP2_after_erosion,   1,    0.0000000000E+00,    2.6705536038E+01,    2.6705536038E+01,    0.0000000000E+00,    0.0000000000E+00,    0.0000000000E+00,    2.6705536038E+01
     49300,      0.676923,CP3_after_update_bottom,   1,    0.0000000000E+00,    2.6705536038E+01,    2.6705536038E+01,    0.0000000000E+00,    0.0000000000E+00,    0.0000000000E+00,    2.6705536038E+01
     49300,      0.676923,CP4_after_advection,   1,    0.0000000000E+00,    2.6706201338E+01,    2.6706201338E+01,    0.0000000000E+00,    0.0000000000E+00,    0.0000000000E+00,    2.6706201338E+01
     49300,      0.676923,CP5_after_vdif,   1,    0.0000000000E+00,    2.6706201338E+01,    2.6706201338E+01,    0.0000000000E+00,    0.0000000000E+00,    0.0000000000E+00,    2.6706201338E+01
     49300,      0.676923,CP6_after_kinetics,   1,    0.0000000000E+00,    2.6706201338E+01,    2.6706201338E+01,    0.0000000000E+00,    0.0000000000E+00,    0.0000000000E+00,    2.6706201338E+01
     49300,      0.676923,CP7_after_upper_clamp,   1,    0.0000000000E+00,    2.6706201338E+01,    2.6706201338E+01,    0.0000000000E+00,    0.0000000000E+00,    0.0000000000E+00,    2.6706201338E+01
     49300,      0.676923,CP8_after_OBC,   1,    0.0000000000E+00,    2.6706201338E+01,    2.6706201338E+01,    0.0000000000E+00,    0.0000000000E+00,    0.0000000000E+00,    2.6706201338E+01
     49300,      0.676923,CP9_after_PTsource,   1,    0.0000000000E+00,    2.6706201338E+01,    2.6706201338E+01,    0.0000000000E+00,    0.0000000000E+00,    0.0000000000E+00,    2.6706201338E+01
     49300,      0.676923,CP10_after_neg_clamp,   1,    0.0000000000E+00,    2.6706201338E+01,    2.6706201338E+01,    0.0000000000E+00,    0.0000000000E+00,    0.0000000000E+00,    2.6706201338E+01
     49300,      0.676923,CP11_after_MPI,   1,    0.0000000000E+00,    2.6706201338E+01,    2.6706201338E+01,    0.0000000000E+00,    0.0000000000E+00,    0.0000000000E+00,    2.6706201338E+01
     49300,      0.676923,CP12_end,   1,    0.0000000000E+00,    2.6706201338E+01,    2.6706201338E+01,    0.0000000000E+00,    0.0000000000E+00,    0.0000000000E+00,    2.6706201338E+01
     49350,      0.676923,CP0_start,   1,    0.0000000000E+00,    2.6759167112E+01,    2.6759167112E+01,    0.0000000000E+00,    0.0000000000E+00,    0.0000000000E+00,    2.6759167112E+01
     49350,      0.676923,CP1_after_deposition,   1,    0.0000000000E+00,    2.6759167112E+01,    2.6759167112E+01,    0.0000000000E+00,    0.0000000000E+00,    0.0000000000E+00,    2.6759167112E+01
     49350,      0.676923,CP2_after_erosion,   1,    0.0000000000E+00,    2.6759167112E+01,    2.6759167112E+01,    0.0000000000E+00,    0.0000000000E+00,    0.0000000000E+00,    2.6759167112E+01
     49350,      0.676923,CP3_after_update_bottom,   1,    0.0000000000E+00,    2.6759167112E+01,    2.6759167112E+01,    0.0000000000E+00,    0.0000000000E+00,    0.0000000000E+00,    2.6759167112E+01
     49350,      0.676923,CP4_after_advection,   1,    0.0000000000E+00,    2.6759849037E+01,    2.6759849037E+01,    0.0000000000E+00,    0.0000000000E+00,    0.0000000000E+00,    2.6759849037E+01
     49350,      0.676923,CP5_after_vdif,   1,    0.0000000000E+00,    2.6759849037E+01,    2.6759849037E+01,    0.0000000000E+00,    0.0000000000E+00,    0.0000000000E+00,    2.6759849037E+01
     49350,      0.676923,CP6_after_kinetics,   1,    0.0000000000E+00,    2.6759849037E+01,    2.6759849037E+01,    0.0000000000E+00,    0.0000000000E+00,    0.0000000000E+00,    2.6759849037E+01
     49350,      0.676923,CP7_after_upper_clamp,   1,    0.0000000000E+00,    2.6759849037E+01,    2.6759849037E+01,    0.0000000000E+00,    0.0000000000E+00,    0.0000000000E+00,    2.6759849037E+01
     49350,      0.676923,CP8_after_OBC,   1,    0.0000000000E+00,    2.6759849037E+01,    2.6759849037E+01,    0.0000000000E+00,    0.0000000000E+00,    0.0000000000E+00,    2.6759849037E+01
     49350,      0.676923,CP9_after_PTsource,   1,    0.0000000000E+00,    2.6759849037E+01,    2.6759849037E+01,    0.0000000000E+00,    0.0000000000E+00,    0.0000000000E+00,    2.6759849037E+01
     49350,      0.676923,CP10_after_neg_clamp,   1,    0.0000000000E+00,    2.6759849037E+01,    2.6759849037E+01,    0.0000000000E+00,    0.0000000000E+00,    0.0000000000E+00,    2.6759849037E+01
     49350,      0.676923,CP11_after_MPI,   1,    0.0000000000E+00,    2.6759849037E+01,    2.6759849037E+01,    0.0000000000E+00,    0.0000000000E+00,    0.0000000000E+00,    2.6759849037E+01
     49350,      0.676923,CP12_end,   1,    0.0000000000E+00,    2.6759849037E+01,    2.6759849037E+01,    0.0000000000E+00,    0.0000000000E+00,    0.0000000000E+00,    2.6759849037E+01
     49400,      0.676923,CP0_start,   1,    0.0000000000E+00,    2.6813130808E+01,    2.6813130808E+01,    0.0000000000E+00,    0.0000000000E+00,    0.0000000000E+00,    2.6813130808E+01
     49400,      0.676923,CP1_after_deposition,   1,    0.0000000000E+00,    2.6813130808E+01,    2.6813130808E+01,    0.0000000000E+00,    0.0000000000E+00,    0.0000000000E+00,    2.6813130808E+01
     49400,      0.676923,CP2_after_erosion,   1,    0.0000000000E+00,    2.6813130808E+01,    2.6813130808E+01,    0.0000000000E+00,    0.0000000000E+00,    0.0000000000E+00,    2.6813130808E+01
     49400,      0.676923,CP3_after_update_bottom,   1,    0.0000000000E+00,    2.6813130808E+01,    2.6813130808E+01,    0.0000000000E+00,    0.0000000000E+00,    0.0000000000E+00,    2.6813130808E+01
     49400,      0.676923,CP4_after_advection,   1,    0.0000000000E+00,    2.6813826710E+01,    2.6813826710E+01,    0.0000000000E+00,    0.0000000000E+00,    0.0000000000E+00,    2.6813826710E+01
     49400,      0.676923,CP5_after_vdif,   1,    0.0000000000E+00,    2.6813826710E+01,    2.6813826710E+01,    0.0000000000E+00,    0.0000000000E+00,    0.0000000000E+00,    2.6813826710E+01
     49400,      0.676923,CP6_after_kinetics,   1,    0.0000000000E+00,    2.6813826710E+01,    2.6813826710E+01,    0.0000000000E+00,    0.0000000000E+00,    0.0000000000E+00,    2.6813826710E+01
     49400,      0.676923,CP7_after_upper_clamp,   1,    0.0000000000E+00,    2.6813826710E+01,    2.6813826710E+01,    0.0000000000E+00,    0.0000000000E+00,    0.0000000000E+00,    2.6813826710E+01
     49400,      0.676923,CP8_after_OBC,   1,    0.0000000000E+00,    2.6813826710E+01,    2.6813826710E+01,    0.0000000000E+00,    0.0000000000E+00,    0.0000000000E+00,    2.6813826710E+01
     49400,      0.676923,CP9_after_PTsource,   1,    0.0000000000E+00,    2.6813826710E+01,    2.6813826710E+01,    0.0000000000E+00,    0.0000000000E+00,    0.0000000000E+00,    2.6813826710E+01
     49400,      0.676923,CP10_after_neg_clamp,   1,    0.0000000000E+00,    2.6813826710E+01,    2.6813826710E+01,    0.0000000000E+00,    0.0000000000E+00,    0.0000000000E+00,    2.6813826710E+01
     49400,      0.676923,CP11_after_MPI,   1,    0.0000000000E+00,    2.6813826710E+01,    2.6813826710E+01,    0.0000000000E+00,    0.0000000000E+00,    0.0000000000E+00,    2.6813826710E+01
     49400,      0.676923,CP12_end,   1,    0.0000000000E+00,    2.6813826710E+01,    2.6813826710E+01,    0.0000000000E+00,    0.0000000000E+00,    0.0000000000E+00,    2.6813826710E+01
     49450,      0.676923,CP0_start,   1,    0.0000000000E+00,    2.6867361228E+01,    2.6867361228E+01,    0.0000000000E+00,    0.0000000000E+00,    0.0000000000E+00,    2.6867361228E+01
     49450,      0.676923,CP1_after_deposition,   1,    0.0000000000E+00,    2.6867361228E+01,    2.6867361228E+01,    0.0000000000E+00,    0.0000000000E+00,    0.0000000000E+00,    2.6867361228E+01
     49450,      0.676923,CP2_after_erosion,   1,    0.0000000000E+00,    2.6867361228E+01,    2.6867361228E+01,    0.0000000000E+00,    0.0000000000E+00,    0.0000000000E+00,    2.6867361228E+01
     49450,      0.676923,CP3_after_update_bottom,   1,    0.0000000000E+00,    2.6867361228E+01,    2.6867361228E+01,    0.0000000000E+00,    0.0000000000E+00,    0.0000000000E+00,    2.6867361228E+01
     49450,      0.676923,CP4_after_advection,   1,    0.0000000000E+00,    2.6868070868E+01,    2.6868070868E+01,    0.0000000000E+00,    0.0000000000E+00,    0.0000000000E+00,    2.6868070868E+01
     49450,      0.676923,CP5_after_vdif,   1,    0.0000000000E+00,    2.6868070868E+01,    2.6868070868E+01,    0.0000000000E+00,    0.0000000000E+00,    0.0000000000E+00,    2.6868070868E+01
     49450,      0.676923,CP6_after_kinetics,   1,    0.0000000000E+00,    2.6868070868E+01,    2.6868070868E+01,    0.0000000000E+00,    0.0000000000E+00,    0.0000000000E+00,    2.6868070868E+01
     49450,      0.676923,CP7_after_upper_clamp,   1,    0.0000000000E+00,    2.6868070868E+01,    2.6868070868E+01,    0.0000000000E+00,    0.0000000000E+00,    0.0000000000E+00,    2.6868070868E+01
     49450,      0.676923,CP8_after_OBC,   1,    0.0000000000E+00,    2.6868070868E+01,    2.6868070868E+01,    0.0000000000E+00,    0.0000000000E+00,    0.0000000000E+00,    2.6868070868E+01
     49450,      0.676923,CP9_after_PTsource,   1,    0.0000000000E+00,    2.6868070868E+01,    2.6868070868E+01,    0.0000000000E+00,    0.0000000000E+00,    0.0000000000E+00,    2.6868070868E+01
     49450,      0.676923,CP10_after_neg_clamp,   1,    0.0000000000E+00,    2.6868070868E+01,    2.6868070868E+01,    0.0000000000E+00,    0.0000000000E+00,    0.0000000000E+00,    2.6868070868E+01
     49450,      0.676923,CP11_after_MPI,   1,    0.0000000000E+00,    2.6868070868E+01,    2.6868070868E+01,    0.0000000000E+00,    0.0000000000E+00,    0.0000000000E+00,    2.6868070868E+01
     49450,      0.676923,CP12_end,   1,    0.0000000000E+00,    2.6868070868E+01,    2.6868070868E+01,    0.0000000000E+00,    0.0000000000E+00,    0.0000000000E+00,    2.6868070868E+01
     49500,      0.676923,CP0_start,   1,    0.0000000000E+00,    2.6921820819E+01,    2.6921820819E+01,    0.0000000000E+00,    0.0000000000E+00,    0.0000000000E+00,    2.6921820819E+01
     49500,      0.676923,CP1_after_deposition,   1,    0.0000000000E+00,    2.6921820819E+01,    2.6921820819E+01,    0.0000000000E+00,    0.0000000000E+00,    0.0000000000E+00,    2.6921820819E+01
     49500,      0.676923,CP2_after_erosion,   1,    0.0000000000E+00,    2.6921820819E+01,    2.6921820819E+01,    0.0000000000E+00,    0.0000000000E+00,    0.0000000000E+00,    2.6921820819E+01
     49500,      0.676923,CP3_after_update_bottom,   1,    0.0000000000E+00,    2.6921820819E+01,    2.6921820819E+01,    0.0000000000E+00,    0.0000000000E+00,    0.0000000000E+00,    2.6921820819E+01
     49500,      0.676923,CP4_after_advection,   1,    0.0000000000E+00,    2.6922542896E+01,    2.6922542896E+01,    0.0000000000E+00,    0.0000000000E+00,    0.0000000000E+00,    2.6922542896E+01
     49500,      0.676923,CP5_after_vdif,   1,    0.0000000000E+00,    2.6922542896E+01,    2.6922542896E+01,    0.0000000000E+00,    0.0000000000E+00,    0.0000000000E+00,    2.6922542896E+01
     49500,      0.676923,CP6_after_kinetics,   1,    0.0000000000E+00,    2.6922542896E+01,    2.6922542896E+01,    0.0000000000E+00,    0.0000000000E+00,    0.0000000000E+00,    2.6922542896E+01
     49500,      0.676923,CP7_after_upper_clamp,   1,    0.0000000000E+00,    2.6922542896E+01,    2.6922542896E+01,    0.0000000000E+00,    0.0000000000E+00,    0.0000000000E+00,    2.6922542896E+01
     49500,      0.676923,CP8_after_OBC,   1,    0.0000000000E+00,    2.6922542896E+01,    2.6922542896E+01,    0.0000000000E+00,    0.0000000000E+00,    0.0000000000E+00,    2.6922542896E+01
     49500,      0.676923,CP9_after_PTsource,   1,    0.0000000000E+00,    2.6922542896E+01,    2.6922542896E+01,    0.0000000000E+00,    0.0000000000E+00,    0.0000000000E+00,    2.6922542896E+01
     49500,      0.676923,CP10_after_neg_clamp,   1,    0.0000000000E+00,    2.6922542896E+01,    2.6922542896E+01,    0.0000000000E+00,    0.0000000000E+00,    0.0000000000E+00,    2.6922542896E+01
     49500,      0.676923,CP11_after_MPI,   1,    0.0000000000E+00,    2.6922542896E+01,    2.6922542896E+01,    0.0000000000E+00,    0.0000000000E+00,    0.0000000000E+00,    2.6922542896E+01
     49500,      0.676923,CP12_end,   1,    0.0000000000E+00,    2.6922542896E+01,    2.6922542896E+01,    0.0000000000E+00,    0.0000000000E+00,    0.0000000000E+00,    2.6922542896E+01
     49550,      0.676923,CP0_start,   1,    0.0000000000E+00,    2.6976273175E+01,    2.6976273175E+01,    0.0000000000E+00,    0.0000000000E+00,    0.0000000000E+00,    2.6976273175E+01
     49550,      0.676923,CP1_after_deposition,   1,    0.0000000000E+00,    2.6976273175E+01,    2.6976273175E+01,    0.0000000000E+00,    0.0000000000E+00,    0.0000000000E+00,    2.6976273175E+01
     49550,      0.676923,CP2_after_erosion,   1,    0.0000000000E+00,    2.6976273175E+01,    2.6976273175E+01,    0.0000000000E+00,    0.0000000000E+00,    0.0000000000E+00,    2.6976273175E+01
     49550,      0.676923,CP3_after_update_bottom,   1,    0.0000000000E+00,    2.6976273175E+01,    2.6976273175E+01,    0.0000000000E+00,    0.0000000000E+00,    0.0000000000E+00,    2.6976273175E+01
     49550,      0.676923,CP4_after_advection,   1,    0.0000000000E+00,    2.6977006558E+01,    2.6977006558E+01,    0.0000000000E+00,    0.0000000000E+00,    0.0000000000E+00,    2.6977006558E+01
     49550,      0.676923,CP5_after_vdif,   1,    0.0000000000E+00,    2.6977006558E+01,    2.6977006558E+01,    0.0000000000E+00,    0.0000000000E+00,    0.0000000000E+00,    2.6977006558E+01
     49550,      0.676923,CP6_after_kinetics,   1,    0.0000000000E+00,    2.6977006558E+01,    2.6977006558E+01,    0.0000000000E+00,    0.0000000000E+00,    0.0000000000E+00,    2.6977006558E+01
     49550,      0.676923,CP7_after_upper_clamp,   1,    0.0000000000E+00,    2.6977006558E+01,    2.6977006558E+01,    0.0000000000E+00,    0.0000000000E+00,    0.0000000000E+00,    2.6977006558E+01
     49550,      0.676923,CP8_after_OBC,   1,    0.0000000000E+00,    2.6977006558E+01,    2.6977006558E+01,    0.0000000000E+00,    0.0000000000E+00,    0.0000000000E+00,    2.6977006558E+01
     49550,      0.676923,CP9_after_PTsource,   1,    0.0000000000E+00,    2.6977006558E+01,    2.6977006558E+01,    0.0000000000E+00,    0.0000000000E+00,    0.0000000000E+00,    2.6977006558E+01
     49550,      0.676923,CP10_after_neg_clamp,   1,    0.0000000000E+00,    2.6977006558E+01,    2.6977006558E+01,    0.0000000000E+00,    0.0000000000E+00,    0.0000000000E+00,    2.6977006558E+01
     49550,      0.676923,CP11_after_MPI,   1,    0.0000000000E+00,    2.6977006558E+01,    2.6977006558E+01,    0.0000000000E+00,    0.0000000000E+00,    0.0000000000E+00,    2.6977006558E+01
     49550,      0.676923,CP12_end,   1,    0.0000000000E+00,    2.6977006558E+01,    2.6977006558E+01,    0.0000000000E+00,    0.0000000000E+00,    0.0000000000E+00,    2.6977006558E+01
     49600,      0.676923,CP0_start,   1,    0.0000000000E+00,    2.7030852172E+01,    2.7030852172E+01,    0.0000000000E+00,    0.0000000000E+00,    0.0000000000E+00,    2.7030852172E+01
     49600,      0.676923,CP1_after_deposition,   1,    0.0000000000E+00,    2.7030852172E+01,    2.7030852172E+01,    0.0000000000E+00,    0.0000000000E+00,    0.0000000000E+00,    2.7030852172E+01
     49600,      0.676923,CP2_after_erosion,   1,    0.0000000000E+00,    2.7030852172E+01,    2.7030852172E+01,    0.0000000000E+00,    0.0000000000E+00,    0.0000000000E+00,    2.7030852172E+01
     49600,      0.676923,CP3_after_update_bottom,   1,    0.0000000000E+00,    2.7030852172E+01,    2.7030852172E+01,    0.0000000000E+00,    0.0000000000E+00,    0.0000000000E+00,    2.7030852172E+01
     49600,      0.676923,CP4_after_advection,   1,    0.0000000000E+00,    2.7031596268E+01,    2.7031596268E+01,    0.0000000000E+00,    0.0000000000E+00,    0.0000000000E+00,    2.7031596268E+01
     49600,      0.676923,CP5_after_vdif,   1,    0.0000000000E+00,    2.7031596268E+01,    2.7031596268E+01,    0.0000000000E+00,    0.0000000000E+00,    0.0000000000E+00,    2.7031596268E+01
     49600,      0.676923,CP6_after_kinetics,   1,    0.0000000000E+00,    2.7031596268E+01,    2.7031596268E+01,    0.0000000000E+00,    0.0000000000E+00,    0.0000000000E+00,    2.7031596268E+01
     49600,      0.676923,CP7_after_upper_clamp,   1,    0.0000000000E+00,    2.7031596268E+01,    2.7031596268E+01,    0.0000000000E+00,    0.0000000000E+00,    0.0000000000E+00,    2.7031596268E+01
     49600,      0.676923,CP8_after_OBC,   1,    0.0000000000E+00,    2.7031596268E+01,    2.7031596268E+01,    0.0000000000E+00,    0.0000000000E+00,    0.0000000000E+00,    2.7031596268E+01
     49600,      0.676923,CP9_after_PTsource,   1,    0.0000000000E+00,    2.7031596268E+01,    2.7031596268E+01,    0.0000000000E+00,    0.0000000000E+00,    0.0000000000E+00,    2.7031596268E+01
     49600,      0.676923,CP10_after_neg_clamp,   1,    0.0000000000E+00,    2.7031596268E+01,    2.7031596268E+01,    0.0000000000E+00,    0.0000000000E+00,    0.0000000000E+00,    2.7031596268E+01
     49600,      0.676923,CP11_after_MPI,   1,    0.0000000000E+00,    2.7031596268E+01,    2.7031596268E+01,    0.0000000000E+00,    0.0000000000E+00,    0.0000000000E+00,    2.7031596268E+01
     49600,      0.676923,CP12_end,   1,    0.0000000000E+00,    2.7031596268E+01,    2.7031596268E+01,    0.0000000000E+00,    0.0000000000E+00,    0.0000000000E+00,    2.7031596268E+01
     49650,      0.676923,CP0_start,   1,    0.0000000000E+00,    2.7085525547E+01,    2.7085525547E+01,    0.0000000000E+00,    0.0000000000E+00,    0.0000000000E+00,    2.7085525547E+01
     49650,      0.676923,CP1_after_deposition,   1,    0.0000000000E+00,    2.7085525547E+01,    2.7085525547E+01,    0.0000000000E+00,    0.0000000000E+00,    0.0000000000E+00,    2.7085525547E+01
     49650,      0.676923,CP2_after_erosion,   1,    0.0000000000E+00,    2.7085525547E+01,    2.7085525547E+01,    0.0000000000E+00,    0.0000000000E+00,    0.0000000000E+00,    2.7085525547E+01
     49650,      0.676923,CP3_after_update_bottom,   1,    0.0000000000E+00,    2.7085525547E+01,    2.7085525547E+01,    0.0000000000E+00,    0.0000000000E+00,    0.0000000000E+00,    2.7085525547E+01
     49650,      0.676923,CP4_after_advection,   1,    0.0000000000E+00,    2.7086281190E+01,    2.7086281190E+01,    0.0000000000E+00,    0.0000000000E+00,    0.0000000000E+00,    2.7086281190E+01
     49650,      0.676923,CP5_after_vdif,   1,    0.0000000000E+00,    2.7086281190E+01,    2.7086281190E+01,    0.0000000000E+00,    0.0000000000E+00,    0.0000000000E+00,    2.7086281190E+01
     49650,      0.676923,CP6_after_kinetics,   1,    0.0000000000E+00,    2.7086281190E+01,    2.7086281190E+01,    0.0000000000E+00,    0.0000000000E+00,    0.0000000000E+00,    2.7086281190E+01
     49650,      0.676923,CP7_after_upper_clamp,   1,    0.0000000000E+00,    2.7086281190E+01,    2.7086281190E+01,    0.0000000000E+00,    0.0000000000E+00,    0.0000000000E+00,    2.7086281190E+01
     49650,      0.676923,CP8_after_OBC,   1,    0.0000000000E+00,    2.7086281190E+01,    2.7086281190E+01,    0.0000000000E+00,    0.0000000000E+00,    0.0000000000E+00,    2.7086281190E+01
     49650,      0.676923,CP9_after_PTsource,   1,    0.0000000000E+00,    2.7086281190E+01,    2.7086281190E+01,    0.0000000000E+00,    0.0000000000E+00,    0.0000000000E+00,    2.7086281190E+01
     49650,      0.676923,CP10_after_neg_clamp,   1,    0.0000000000E+00,    2.7086281190E+01,    2.7086281190E+01,    0.0000000000E+00,    0.0000000000E+00,    0.0000000000E+00,    2.7086281190E+01
     49650,      0.676923,CP11_after_MPI,   1,    0.0000000000E+00,    2.7086281190E+01,    2.7086281190E+01,    0.0000000000E+00,    0.0000000000E+00,    0.0000000000E+00,    2.7086281190E+01
     49650,      0.676923,CP12_end,   1,    0.0000000000E+00,    2.7086281190E+01,    2.7086281190E+01,    0.0000000000E+00,    0.0000000000E+00,    0.0000000000E+00,    2.7086281190E+01
     49700,      0.676923,CP0_start,   1,    0.0000000000E+00,    2.7140274597E+01,    2.7140274597E+01,    0.0000000000E+00,    0.0000000000E+00,    0.0000000000E+00,    2.7140274597E+01
     49700,      0.676923,CP1_after_deposition,   1,    0.0000000000E+00,    2.7140274597E+01,    2.7140274597E+01,    0.0000000000E+00,    0.0000000000E+00,    0.0000000000E+00,    2.7140274597E+01
     49700,      0.676923,CP2_after_erosion,   1,    0.0000000000E+00,    2.7140274597E+01,    2.7140274597E+01,    0.0000000000E+00,    0.0000000000E+00,    0.0000000000E+00,    2.7140274597E+01
     49700,      0.676923,CP3_after_update_bottom,   1,    0.0000000000E+00,    2.7140274597E+01,    2.7140274597E+01,    0.0000000000E+00,    0.0000000000E+00,    0.0000000000E+00,    2.7140274597E+01
     49700,      0.676923,CP4_after_advection,   1,    0.0000000000E+00,    2.7141040523E+01,    2.7141040523E+01,    0.0000000000E+00,    0.0000000000E+00,    0.0000000000E+00,    2.7141040523E+01
     49700,      0.676923,CP5_after_vdif,   1,    0.0000000000E+00,    2.7141040523E+01,    2.7141040523E+01,    0.0000000000E+00,    0.0000000000E+00,    0.0000000000E+00,    2.7141040523E+01
     49700,      0.676923,CP6_after_kinetics,   1,    0.0000000000E+00,    2.7141040523E+01,    2.7141040523E+01,    0.0000000000E+00,    0.0000000000E+00,    0.0000000000E+00,    2.7141040523E+01
     49700,      0.676923,CP7_after_upper_clamp,   1,    0.0000000000E+00,    2.7141040523E+01,    2.7141040523E+01,    0.0000000000E+00,    0.0000000000E+00,    0.0000000000E+00,    2.7141040523E+01
     49700,      0.676923,CP8_after_OBC,   1,    0.0000000000E+00,    2.7141040523E+01,    2.7141040523E+01,    0.0000000000E+00,    0.0000000000E+00,    0.0000000000E+00,    2.7141040523E+01
     49700,      0.676923,CP9_after_PTsource,   1,    0.0000000000E+00,    2.7141040523E+01,    2.7141040523E+01,    0.0000000000E+00,    0.0000000000E+00,    0.0000000000E+00,    2.7141040523E+01
     49700,      0.676923,CP10_after_neg_clamp,   1,    0.0000000000E+00,    2.7141040523E+01,    2.7141040523E+01,    0.0000000000E+00,    0.0000000000E+00,    0.0000000000E+00,    2.7141040523E+01
     49700,      0.676923,CP11_after_MPI,   1,    0.0000000000E+00,    2.7141040523E+01,    2.7141040523E+01,    0.0000000000E+00,    0.0000000000E+00,    0.0000000000E+00,    2.7141040523E+01
     49700,      0.676923,CP12_end,   1,    0.0000000000E+00,    2.7141040523E+01,    2.7141040523E+01,    0.0000000000E+00,    0.0000000000E+00,    0.0000000000E+00,    2.7141040523E+01
     49750,      0.676923,CP0_start,   1,    0.0000000000E+00,    2.7195063130E+01,    2.7195063130E+01,    0.0000000000E+00,    0.0000000000E+00,    0.0000000000E+00,    2.7195063130E+01
     49750,      0.676923,CP1_after_deposition,   1,    0.0000000000E+00,    2.7195063130E+01,    2.7195063130E+01,    0.0000000000E+00,    0.0000000000E+00,    0.0000000000E+00,    2.7195063130E+01
     49750,      0.676923,CP2_after_erosion,   1,    0.0000000000E+00,    2.7195063130E+01,    2.7195063130E+01,    0.0000000000E+00,    0.0000000000E+00,    0.0000000000E+00,    2.7195063130E+01
     49750,      0.676923,CP3_after_update_bottom,   1,    0.0000000000E+00,    2.7195063130E+01,    2.7195063130E+01,    0.0000000000E+00,    0.0000000000E+00,    0.0000000000E+00,    2.7195063130E+01
     49750,      0.676923,CP4_after_advection,   1,    0.0000000000E+00,    2.7195839294E+01,    2.7195839294E+01,    0.0000000000E+00,    0.0000000000E+00,    0.0000000000E+00,    2.7195839294E+01
     49750,      0.676923,CP5_after_vdif,   1,    0.0000000000E+00,    2.7195839294E+01,    2.7195839294E+01,    0.0000000000E+00,    0.0000000000E+00,    0.0000000000E+00,    2.7195839294E+01
     49750,      0.676923,CP6_after_kinetics,   1,    0.0000000000E+00,    2.7195839294E+01,    2.7195839294E+01,    0.0000000000E+00,    0.0000000000E+00,    0.0000000000E+00,    2.7195839294E+01
     49750,      0.676923,CP7_after_upper_clamp,   1,    0.0000000000E+00,    2.7195839294E+01,    2.7195839294E+01,    0.0000000000E+00,    0.0000000000E+00,    0.0000000000E+00,    2.7195839294E+01
     49750,      0.676923,CP8_after_OBC,   1,    0.0000000000E+00,    2.7195839294E+01,    2.7195839294E+01,    0.0000000000E+00,    0.0000000000E+00,    0.0000000000E+00,    2.7195839294E+01
     49750,      0.676923,CP9_after_PTsource,   1,    0.0000000000E+00,    2.7195839294E+01,    2.7195839294E+01,    0.0000000000E+00,    0.0000000000E+00,    0.0000000000E+00,    2.7195839294E+01
     49750,      0.676923,CP10_after_neg_clamp,   1,    0.0000000000E+00,    2.7195839294E+01,    2.7195839294E+01,    0.0000000000E+00,    0.0000000000E+00,    0.0000000000E+00,    2.7195839294E+01
     49750,      0.676923,CP11_after_MPI,   1,    0.0000000000E+00,    2.7195839294E+01,    2.7195839294E+01,    0.0000000000E+00,    0.0000000000E+00,    0.0000000000E+00,    2.7195839294E+01
     49750,      0.676923,CP12_end,   1,    0.0000000000E+00,    2.7195839294E+01,    2.7195839294E+01,    0.0000000000E+00,    0.0000000000E+00,    0.0000000000E+00,    2.7195839294E+01
     49800,      0.676923,CP0_start,   1,    0.0000000000E+00,    2.7249870000E+01,    2.7249870000E+01,    0.0000000000E+00,    0.0000000000E+00,    0.0000000000E+00,    2.7249870000E+01
     49800,      0.676923,CP1_after_deposition,   1,    0.0000000000E+00,    2.7249870000E+01,    2.7249870000E+01,    0.0000000000E+00,    0.0000000000E+00,    0.0000000000E+00,    2.7249870000E+01
     49800,      0.676923,CP2_after_erosion,   1,    0.0000000000E+00,    2.7249870000E+01,    2.7249870000E+01,    0.0000000000E+00,    0.0000000000E+00,    0.0000000000E+00,    2.7249870000E+01
     49800,      0.676923,CP3_after_update_bottom,   1,    0.0000000000E+00,    2.7249870000E+01,    2.7249870000E+01,    0.0000000000E+00,    0.0000000000E+00,    0.0000000000E+00,    2.7249870000E+01
     49800,      0.676923,CP4_after_advection,   1,    0.0000000000E+00,    2.7250656470E+01,    2.7250656470E+01,    0.0000000000E+00,    0.0000000000E+00,    0.0000000000E+00,    2.7250656470E+01
     49800,      0.676923,CP5_after_vdif,   1,    0.0000000000E+00,    2.7250656470E+01,    2.7250656470E+01,    0.0000000000E+00,    0.0000000000E+00,    0.0000000000E+00,    2.7250656470E+01
     49800,      0.676923,CP6_after_kinetics,   1,    0.0000000000E+00,    2.7250656470E+01,    2.7250656470E+01,    0.0000000000E+00,    0.0000000000E+00,    0.0000000000E+00,    2.7250656470E+01
     49800,      0.676923,CP7_after_upper_clamp,   1,    0.0000000000E+00,    2.7250656470E+01,    2.7250656470E+01,    0.0000000000E+00,    0.0000000000E+00,    0.0000000000E+00,    2.7250656470E+01
     49800,      0.676923,CP8_after_OBC,   1,    0.0000000000E+00,    2.7250656470E+01,    2.7250656470E+01,    0.0000000000E+00,    0.0000000000E+00,    0.0000000000E+00,    2.7250656470E+01
     49800,      0.676923,CP9_after_PTsource,   1,    0.0000000000E+00,    2.7250656470E+01,    2.7250656470E+01,    0.0000000000E+00,    0.0000000000E+00,    0.0000000000E+00,    2.7250656470E+01
     49800,      0.676923,CP10_after_neg_clamp,   1,    0.0000000000E+00,    2.7250656470E+01,    2.7250656470E+01,    0.0000000000E+00,    0.0000000000E+00,    0.0000000000E+00,    2.7250656470E+01
     49800,      0.676923,CP11_after_MPI,   1,    0.0000000000E+00,    2.7250656470E+01,    2.7250656470E+01,    0.0000000000E+00,    0.0000000000E+00,    0.0000000000E+00,    2.7250656470E+01
     49800,      0.676923,CP12_end,   1,    0.0000000000E+00,    2.7250656470E+01,    2.7250656470E+01,    0.0000000000E+00,    0.0000000000E+00,    0.0000000000E+00,    2.7250656470E+01
     49850,      0.676923,CP0_start,   1,    0.0000000000E+00,    2.7304671709E+01,    2.7304671709E+01,    0.0000000000E+00,    0.0000000000E+00,    0.0000000000E+00,    2.7304671709E+01
     49850,      0.676923,CP1_after_deposition,   1,    0.0000000000E+00,    2.7304671709E+01,    2.7304671709E+01,    0.0000000000E+00,    0.0000000000E+00,    0.0000000000E+00,    2.7304671709E+01
     49850,      0.676923,CP2_after_erosion,   1,    0.0000000000E+00,    2.7304671709E+01,    2.7304671709E+01,    0.0000000000E+00,    0.0000000000E+00,    0.0000000000E+00,    2.7304671709E+01
     49850,      0.676923,CP3_after_update_bottom,   1,    0.0000000000E+00,    2.7304671709E+01,    2.7304671709E+01,    0.0000000000E+00,    0.0000000000E+00,    0.0000000000E+00,    2.7304671709E+01
     49850,      0.676923,CP4_after_advection,   1,    0.0000000000E+00,    2.7305466861E+01,    2.7305466861E+01,    0.0000000000E+00,    0.0000000000E+00,    0.0000000000E+00,    2.7305466861E+01
     49850,      0.676923,CP5_after_vdif,   1,    0.0000000000E+00,    2.7305466861E+01,    2.7305466861E+01,    0.0000000000E+00,    0.0000000000E+00,    0.0000000000E+00,    2.7305466861E+01
     49850,      0.676923,CP6_after_kinetics,   1,    0.0000000000E+00,    2.7305466861E+01,    2.7305466861E+01,    0.0000000000E+00,    0.0000000000E+00,    0.0000000000E+00,    2.7305466861E+01
     49850,      0.676923,CP7_after_upper_clamp,   1,    0.0000000000E+00,    2.7305466861E+01,    2.7305466861E+01,    0.0000000000E+00,    0.0000000000E+00,    0.0000000000E+00,    2.7305466861E+01
     49850,      0.676923,CP8_after_OBC,   1,    0.0000000000E+00,    2.7305466861E+01,    2.7305466861E+01,    0.0000000000E+00,    0.0000000000E+00,    0.0000000000E+00,    2.7305466861E+01
     49850,      0.676923,CP9_after_PTsource,   1,    0.0000000000E+00,    2.7305466861E+01,    2.7305466861E+01,    0.0000000000E+00,    0.0000000000E+00,    0.0000000000E+00,    2.7305466861E+01
     49850,      0.676923,CP10_after_neg_clamp,   1,    0.0000000000E+00,    2.7305466861E+01,    2.7305466861E+01,    0.0000000000E+00,    0.0000000000E+00,    0.0000000000E+00,    2.7305466861E+01
     49850,      0.676923,CP11_after_MPI,   1,    0.0000000000E+00,    2.7305466861E+01,    2.7305466861E+01,    0.0000000000E+00,    0.0000000000E+00,    0.0000000000E+00,    2.7305466861E+01
     49850,      0.676923,CP12_end,   1,    0.0000000000E+00,    2.7305466861E+01,    2.7305466861E+01,    0.0000000000E+00,    0.0000000000E+00,    0.0000000000E+00,    2.7305466861E+01
     49900,      0.676923,CP0_start,   1,    0.0000000000E+00,    2.7359453456E+01,    2.7359453456E+01,    0.0000000000E+00,    0.0000000000E+00,    0.0000000000E+00,    2.7359453456E+01
     49900,      0.676923,CP1_after_deposition,   1,    0.0000000000E+00,    2.7359453456E+01,    2.7359453456E+01,    0.0000000000E+00,    0.0000000000E+00,    0.0000000000E+00,    2.7359453456E+01
     49900,      0.676923,CP2_after_erosion,   1,    0.0000000000E+00,    2.7359453456E+01,    2.7359453456E+01,    0.0000000000E+00,    0.0000000000E+00,    0.0000000000E+00,    2.7359453456E+01
     49900,      0.676923,CP3_after_update_bottom,   1,    0.0000000000E+00,    2.7359453456E+01,    2.7359453456E+01,    0.0000000000E+00,    0.0000000000E+00,    0.0000000000E+00,    2.7359453456E+01
     49900,      0.676923,CP4_after_advection,   1,    0.0000000000E+00,    2.7360257157E+01,    2.7360257157E+01,    0.0000000000E+00,    0.0000000000E+00,    0.0000000000E+00,    2.7360257157E+01
     49900,      0.676923,CP5_after_vdif,   1,    0.0000000000E+00,    2.7360257157E+01,    2.7360257157E+01,    0.0000000000E+00,    0.0000000000E+00,    0.0000000000E+00,    2.7360257157E+01
     49900,      0.676923,CP6_after_kinetics,   1,    0.0000000000E+00,    2.7360257157E+01,    2.7360257157E+01,    0.0000000000E+00,    0.0000000000E+00,    0.0000000000E+00,    2.7360257157E+01
     49900,      0.676923,CP7_after_upper_clamp,   1,    0.0000000000E+00,    2.7360257157E+01,    2.7360257157E+01,    0.0000000000E+00,    0.0000000000E+00,    0.0000000000E+00,    2.7360257157E+01
     49900,      0.676923,CP8_after_OBC,   1,    0.0000000000E+00,    2.7360257157E+01,    2.7360257157E+01,    0.0000000000E+00,    0.0000000000E+00,    0.0000000000E+00,    2.7360257157E+01
     49900,      0.676923,CP9_after_PTsource,   1,    0.0000000000E+00,    2.7360257157E+01,    2.7360257157E+01,    0.0000000000E+00,    0.0000000000E+00,    0.0000000000E+00,    2.7360257157E+01
     49900,      0.676923,CP10_after_neg_clamp,   1,    0.0000000000E+00,    2.7360257157E+01,    2.7360257157E+01,    0.0000000000E+00,    0.0000000000E+00,    0.0000000000E+00,    2.7360257157E+01
     49900,      0.676923,CP11_after_MPI,   1,    0.0000000000E+00,    2.7360257157E+01,    2.7360257157E+01,    0.0000000000E+00,    0.0000000000E+00,    0.0000000000E+00,    2.7360257157E+01
     49900,      0.676923,CP12_end,   1,    0.0000000000E+00,    2.7360257157E+01,    2.7360257157E+01,    0.0000000000E+00,    0.0000000000E+00,    0.0000000000E+00,    2.7360257157E+01
     49950,      0.676923,CP0_start,   1,    0.0000000000E+00,    2.7414213609E+01,    2.7414213609E+01,    0.0000000000E+00,    0.0000000000E+00,    0.0000000000E+00,    2.7414213609E+01
     49950,      0.676923,CP1_after_deposition,   1,    0.0000000000E+00,    2.7414213609E+01,    2.7414213609E+01,    0.0000000000E+00,    0.0000000000E+00,    0.0000000000E+00,    2.7414213609E+01
     49950,      0.676923,CP2_after_erosion,   1,    0.0000000000E+00,    2.7414213609E+01,    2.7414213609E+01,    0.0000000000E+00,    0.0000000000E+00,    0.0000000000E+00,    2.7414213609E+01
     49950,      0.676923,CP3_after_update_bottom,   1,    0.0000000000E+00,    2.7414213609E+01,    2.7414213609E+01,    0.0000000000E+00,    0.0000000000E+00,    0.0000000000E+00,    2.7414213609E+01
     49950,      0.676923,CP4_after_advection,   1,    0.0000000000E+00,    2.7415026264E+01,    2.7415026264E+01,    0.0000000000E+00,    0.0000000000E+00,    0.0000000000E+00,    2.7415026264E+01
     49950,      0.676923,CP5_after_vdif,   1,    0.0000000000E+00,    2.7415026264E+01,    2.7415026264E+01,    0.0000000000E+00,    0.0000000000E+00,    0.0000000000E+00,    2.7415026264E+01
     49950,      0.676923,CP6_after_kinetics,   1,    0.0000000000E+00,    2.7415026264E+01,    2.7415026264E+01,    0.0000000000E+00,    0.0000000000E+00,    0.0000000000E+00,    2.7415026264E+01
     49950,      0.676923,CP7_after_upper_clamp,   1,    0.0000000000E+00,    2.7415026264E+01,    2.7415026264E+01,    0.0000000000E+00,    0.0000000000E+00,    0.0000000000E+00,    2.7415026264E+01
     49950,      0.676923,CP8_after_OBC,   1,    0.0000000000E+00,    2.7415026264E+01,    2.7415026264E+01,    0.0000000000E+00,    0.0000000000E+00,    0.0000000000E+00,    2.7415026264E+01
     49950,      0.676923,CP9_after_PTsource,   1,    0.0000000000E+00,    2.7415026264E+01,    2.7415026264E+01,    0.0000000000E+00,    0.0000000000E+00,    0.0000000000E+00,    2.7415026264E+01
     49950,      0.676923,CP10_after_neg_clamp,   1,    0.0000000000E+00,    2.7415026264E+01,    2.7415026264E+01,    0.0000000000E+00,    0.0000000000E+00,    0.0000000000E+00,    2.7415026264E+01
     49950,      0.676923,CP11_after_MPI,   1,    0.0000000000E+00,    2.7415026264E+01,    2.7415026264E+01,    0.0000000000E+00,    0.0000000000E+00,    0.0000000000E+00,    2.7415026264E+01
     49950,      0.676923,CP12_end,   1,    0.0000000000E+00,    2.7415026264E+01,    2.7415026264E+01,    0.0000000000E+00,    0.0000000000E+00,    0.0000000000E+00,    2.7415026264E+01
     50000,      0.676923,CP0_start,   1,    0.0000000000E+00,    2.7468946989E+01,    2.7468946989E+01,    0.0000000000E+00,    0.0000000000E+00,    0.0000000000E+00,    2.7468946989E+01
     50000,      0.676923,CP1_after_deposition,   1,    0.0000000000E+00,    2.7468946989E+01,    2.7468946989E+01,    0.0000000000E+00,    0.0000000000E+00,    0.0000000000E+00,    2.7468946989E+01
     50000,      0.676923,CP2_after_erosion,   1,    0.0000000000E+00,    2.7468946989E+01,    2.7468946989E+01,    0.0000000000E+00,    0.0000000000E+00,    0.0000000000E+00,    2.7468946989E+01
     50000,      0.676923,CP3_after_update_bottom,   1,    0.0000000000E+00,    2.7468946989E+01,    2.7468946989E+01,    0.0000000000E+00,    0.0000000000E+00,    0.0000000000E+00,    2.7468946989E+01
     50000,      0.676923,CP4_after_advection,   1,    0.0000000000E+00,    2.7469769536E+01,    2.7469769536E+01,    0.0000000000E+00,    0.0000000000E+00,    0.0000000000E+00,    2.7469769536E+01
     50000,      0.676923,CP5_after_vdif,   1,    0.0000000000E+00,    2.7469769536E+01,    2.7469769536E+01,    0.0000000000E+00,    0.0000000000E+00,    0.0000000000E+00,    2.7469769536E+01
     50000,      0.676923,CP6_after_kinetics,   1,    0.0000000000E+00,    2.7469769536E+01,    2.7469769536E+01,    0.0000000000E+00,    0.0000000000E+00,    0.0000000000E+00,    2.7469769536E+01
     50000,      0.676923,CP7_after_upper_clamp,   1,    0.0000000000E+00,    2.7469769536E+01,    2.7469769536E+01,    0.0000000000E+00,    0.0000000000E+00,    0.0000000000E+00,    2.7469769536E+01
     50000,      0.676923,CP8_after_OBC,   1,    0.0000000000E+00,    2.7469769536E+01,    2.7469769536E+01,    0.0000000000E+00,    0.0000000000E+00,    0.0000000000E+00,    2.7469769536E+01
     50000,      0.676923,CP9_after_PTsource,   1,    0.0000000000E+00,    2.7469769536E+01,    2.7469769536E+01,    0.0000000000E+00,    0.0000000000E+00,    0.0000000000E+00,    2.7469769536E+01
     50000,      0.676923,CP10_after_neg_clamp,   1,    0.0000000000E+00,    2.7469769536E+01,    2.7469769536E+01,    0.0000000000E+00,    0.0000000000E+00,    0.0000000000E+00,    2.7469769536E+01
     50000,      0.676923,CP11_after_MPI,   1,    0.0000000000E+00,    2.7469769536E+01,    2.7469769536E+01,    0.0000000000E+00,    0.0000000000E+00,    0.0000000000E+00,    2.7469769536E+01
     50000,      0.676923,CP12_end,   1,    0.0000000000E+00,    2.7469769536E+01,    2.7469769536E+01,    0.0000000000E+00,    0.0000000000E+00,    0.0000000000E+00,    2.7469769536E+01
     50050,      0.676923,CP0_start,   1,    0.0000000000E+00,    2.7523655285E+01,    2.7523655285E+01,    0.0000000000E+00,    0.0000000000E+00,    0.0000000000E+00,    2.7523655285E+01
     50050,      0.676923,CP1_after_deposition,   1,    0.0000000000E+00,    2.7523655285E+01,    2.7523655285E+01,    0.0000000000E+00,    0.0000000000E+00,    0.0000000000E+00,    2.7523655285E+01
     50050,      0.676923,CP2_after_erosion,   1,    0.0000000000E+00,    2.7523655285E+01,    2.7523655285E+01,    0.0000000000E+00,    0.0000000000E+00,    0.0000000000E+00,    2.7523655285E+01
     50050,      0.676923,CP3_after_update_bottom,   1,    0.0000000000E+00,    2.7523655285E+01,    2.7523655285E+01,    0.0000000000E+00,    0.0000000000E+00,    0.0000000000E+00,    2.7523655285E+01
     50050,      0.676923,CP4_after_advection,   1,    0.0000000000E+00,    2.7524486356E+01,    2.7524486356E+01,    0.0000000000E+00,    0.0000000000E+00,    0.0000000000E+00,    2.7524486356E+01
     50050,      0.676923,CP5_after_vdif,   1,    0.0000000000E+00,    2.7524486356E+01,    2.7524486356E+01,    0.0000000000E+00,    0.0000000000E+00,    0.0000000000E+00,    2.7524486356E+01
     50050,      0.676923,CP6_after_kinetics,   1,    0.0000000000E+00,    2.7524486356E+01,    2.7524486356E+01,    0.0000000000E+00,    0.0000000000E+00,    0.0000000000E+00,    2.7524486356E+01
     50050,      0.676923,CP7_after_upper_clamp,   1,    0.0000000000E+00,    2.7524486356E+01,    2.7524486356E+01,    0.0000000000E+00,    0.0000000000E+00,    0.0000000000E+00,    2.7524486356E+01
     50050,      0.676923,CP8_after_OBC,   1,    0.0000000000E+00,    2.7524486356E+01,    2.7524486356E+01,    0.0000000000E+00,    0.0000000000E+00,    0.0000000000E+00,    2.7524486356E+01
     50050,      0.676923,CP9_after_PTsource,   1,    0.0000000000E+00,    2.7524486356E+01,    2.7524486356E+01,    0.0000000000E+00,    0.0000000000E+00,    0.0000000000E+00,    2.7524486356E+01
     50050,      0.676923,CP10_after_neg_clamp,   1,    0.0000000000E+00,    2.7524486356E+01,    2.7524486356E+01,    0.0000000000E+00,    0.0000000000E+00,    0.0000000000E+00,    2.7524486356E+01
     50050,      0.676923,CP11_after_MPI,   1,    0.0000000000E+00,    2.7524486356E+01,    2.7524486356E+01,    0.0000000000E+00,    0.0000000000E+00,    0.0000000000E+00,    2.7524486356E+01
     50050,      0.676923,CP12_end,   1,    0.0000000000E+00,    2.7524486356E+01,    2.7524486356E+01,    0.0000000000E+00,    0.0000000000E+00,    0.0000000000E+00,    2.7524486356E+01
     50100,      0.676923,CP0_start,   1,    0.0000000000E+00,    2.7578355126E+01,    2.7578355126E+01,    0.0000000000E+00,    0.0000000000E+00,    0.0000000000E+00,    2.7578355126E+01
     50100,      0.676923,CP1_after_deposition,   1,    0.0000000000E+00,    2.7578355126E+01,    2.7578355126E+01,    0.0000000000E+00,    0.0000000000E+00,    0.0000000000E+00,    2.7578355126E+01
     50100,      0.676923,CP2_after_erosion,   1,    0.0000000000E+00,    2.7578355126E+01,    2.7578355126E+01,    0.0000000000E+00,    0.0000000000E+00,    0.0000000000E+00,    2.7578355126E+01
     50100,      0.676923,CP3_after_update_bottom,   1,    0.0000000000E+00,    2.7578355126E+01,    2.7578355126E+01,    0.0000000000E+00,    0.0000000000E+00,    0.0000000000E+00,    2.7578355126E+01
     50100,      0.676923,CP4_after_advection,   1,    0.0000000000E+00,    2.7579195199E+01,    2.7579195199E+01,    0.0000000000E+00,    0.0000000000E+00,    0.0000000000E+00,    2.7579195199E+01
     50100,      0.676923,CP5_after_vdif,   1,    0.0000000000E+00,    2.7579195199E+01,    2.7579195199E+01,    0.0000000000E+00,    0.0000000000E+00,    0.0000000000E+00,    2.7579195199E+01
     50100,      0.676923,CP6_after_kinetics,   1,    0.0000000000E+00,    2.7579195199E+01,    2.7579195199E+01,    0.0000000000E+00,    0.0000000000E+00,    0.0000000000E+00,    2.7579195199E+01
     50100,      0.676923,CP7_after_upper_clamp,   1,    0.0000000000E+00,    2.7579195199E+01,    2.7579195199E+01,    0.0000000000E+00,    0.0000000000E+00,    0.0000000000E+00,    2.7579195199E+01
     50100,      0.676923,CP8_after_OBC,   1,    0.0000000000E+00,    2.7579195199E+01,    2.7579195199E+01,    0.0000000000E+00,    0.0000000000E+00,    0.0000000000E+00,    2.7579195199E+01
     50100,      0.676923,CP9_after_PTsource,   1,    0.0000000000E+00,    2.7579195199E+01,    2.7579195199E+01,    0.0000000000E+00,    0.0000000000E+00,    0.0000000000E+00,    2.7579195199E+01
     50100,      0.676923,CP10_after_neg_clamp,   1,    0.0000000000E+00,    2.7579195199E+01,    2.7579195199E+01,    0.0000000000E+00,    0.0000000000E+00,    0.0000000000E+00,    2.7579195199E+01
     50100,      0.676923,CP11_after_MPI,   1,    0.0000000000E+00,    2.7579195199E+01,    2.7579195199E+01,    0.0000000000E+00,    0.0000000000E+00,    0.0000000000E+00,    2.7579195199E+01
     50100,      0.676923,CP12_end,   1,    0.0000000000E+00,    2.7579195199E+01,    2.7579195199E+01,    0.0000000000E+00,    0.0000000000E+00,    0.0000000000E+00,    2.7579195199E+01
     50150,      0.676923,CP0_start,   1,    0.0000000000E+00,    2.7633060425E+01,    2.7633060425E+01,    0.0000000000E+00,    0.0000000000E+00,    0.0000000000E+00,    2.7633060425E+01
     50150,      0.676923,CP1_after_deposition,   1,    0.0000000000E+00,    2.7633060425E+01,    2.7633060425E+01,    0.0000000000E+00,    0.0000000000E+00,    0.0000000000E+00,    2.7633060425E+01
     50150,      0.676923,CP2_after_erosion,   1,    0.0000000000E+00,    2.7633060425E+01,    2.7633060425E+01,    0.0000000000E+00,    0.0000000000E+00,    0.0000000000E+00,    2.7633060425E+01
     50150,      0.676923,CP3_after_update_bottom,   1,    0.0000000000E+00,    2.7633060425E+01,    2.7633060425E+01,    0.0000000000E+00,    0.0000000000E+00,    0.0000000000E+00,    2.7633060425E+01
     50150,      0.676923,CP4_after_advection,   1,    0.0000000000E+00,    2.7633911200E+01,    2.7633911200E+01,    0.0000000000E+00,    0.0000000000E+00,    0.0000000000E+00,    2.7633911200E+01
     50150,      0.676923,CP5_after_vdif,   1,    0.0000000000E+00,    2.7633911200E+01,    2.7633911200E+01,    0.0000000000E+00,    0.0000000000E+00,    0.0000000000E+00,    2.7633911200E+01
     50150,      0.676923,CP6_after_kinetics,   1,    0.0000000000E+00,    2.7633911200E+01,    2.7633911200E+01,    0.0000000000E+00,    0.0000000000E+00,    0.0000000000E+00,    2.7633911200E+01
     50150,      0.676923,CP7_after_upper_clamp,   1,    0.0000000000E+00,    2.7633911200E+01,    2.7633911200E+01,    0.0000000000E+00,    0.0000000000E+00,    0.0000000000E+00,    2.7633911200E+01
     50150,      0.676923,CP8_after_OBC,   1,    0.0000000000E+00,    2.7633911200E+01,    2.7633911200E+01,    0.0000000000E+00,    0.0000000000E+00,    0.0000000000E+00,    2.7633911200E+01
     50150,      0.676923,CP9_after_PTsource,   1,    0.0000000000E+00,    2.7633911200E+01,    2.7633911200E+01,    0.0000000000E+00,    0.0000000000E+00,    0.0000000000E+00,    2.7633911200E+01
     50150,      0.676923,CP10_after_neg_clamp,   1,    0.0000000000E+00,    2.7633911200E+01,    2.7633911200E+01,    0.0000000000E+00,    0.0000000000E+00,    0.0000000000E+00,    2.7633911200E+01
     50150,      0.676923,CP11_after_MPI,   1,    0.0000000000E+00,    2.7633911200E+01,    2.7633911200E+01,    0.0000000000E+00,    0.0000000000E+00,    0.0000000000E+00,    2.7633911200E+01
     50150,      0.676923,CP12_end,   1,    0.0000000000E+00,    2.7633911200E+01,    2.7633911200E+01,    0.0000000000E+00,    0.0000000000E+00,    0.0000000000E+00,    2.7633911200E+01
     50200,      0.676923,CP0_start,   1,    0.0000000000E+00,    2.7687785820E+01,    2.7687785820E+01,    0.0000000000E+00,    0.0000000000E+00,    0.0000000000E+00,    2.7687785820E+01
     50200,      0.676923,CP1_after_deposition,   1,    0.0000000000E+00,    2.7687785820E+01,    2.7687785820E+01,    0.0000000000E+00,    0.0000000000E+00,    0.0000000000E+00,    2.7687785820E+01
     50200,      0.676923,CP2_after_erosion,   1,    0.0000000000E+00,    2.7687785820E+01,    2.7687785820E+01,    0.0000000000E+00,    0.0000000000E+00,    0.0000000000E+00,    2.7687785820E+01
     50200,      0.676923,CP3_after_update_bottom,   1,    0.0000000000E+00,    2.7687785820E+01,    2.7687785820E+01,    0.0000000000E+00,    0.0000000000E+00,    0.0000000000E+00,    2.7687785820E+01
     50200,      0.676923,CP4_after_advection,   1,    0.0000000000E+00,    2.7688647605E+01,    2.7688647605E+01,    0.0000000000E+00,    0.0000000000E+00,    0.0000000000E+00,    2.7688647605E+01
     50200,      0.676923,CP5_after_vdif,   1,    0.0000000000E+00,    2.7688647605E+01,    2.7688647605E+01,    0.0000000000E+00,    0.0000000000E+00,    0.0000000000E+00,    2.7688647605E+01
     50200,      0.676923,CP6_after_kinetics,   1,    0.0000000000E+00,    2.7688647605E+01,    2.7688647605E+01,    0.0000000000E+00,    0.0000000000E+00,    0.0000000000E+00,    2.7688647605E+01
     50200,      0.676923,CP7_after_upper_clamp,   1,    0.0000000000E+00,    2.7688647605E+01,    2.7688647605E+01,    0.0000000000E+00,    0.0000000000E+00,    0.0000000000E+00,    2.7688647605E+01
     50200,      0.676923,CP8_after_OBC,   1,    0.0000000000E+00,    2.7688647605E+01,    2.7688647605E+01,    0.0000000000E+00,    0.0000000000E+00,    0.0000000000E+00,    2.7688647605E+01
     50200,      0.676923,CP9_after_PTsource,   1,    0.0000000000E+00,    2.7688647605E+01,    2.7688647605E+01,    0.0000000000E+00,    0.0000000000E+00,    0.0000000000E+00,    2.7688647605E+01
     50200,      0.676923,CP10_after_neg_clamp,   1,    0.0000000000E+00,    2.7688647605E+01,    2.7688647605E+01,    0.0000000000E+00,    0.0000000000E+00,    0.0000000000E+00,    2.7688647605E+01
     50200,      0.676923,CP11_after_MPI,   1,    0.0000000000E+00,    2.7688647605E+01,    2.7688647605E+01,    0.0000000000E+00,    0.0000000000E+00,    0.0000000000E+00,    2.7688647605E+01
     50200,      0.676923,CP12_end,   1,    0.0000000000E+00,    2.7688647605E+01,    2.7688647605E+01,    0.0000000000E+00,    0.0000000000E+00,    0.0000000000E+00,    2.7688647605E+01
     50250,      0.676923,CP0_start,   1,    0.0000000000E+00,    2.7742543287E+01,    2.7742543287E+01,    0.0000000000E+00,    0.0000000000E+00,    0.0000000000E+00,    2.7742543287E+01
     50250,      0.676923,CP1_after_deposition,   1,    0.0000000000E+00,    2.7742543287E+01,    2.7742543287E+01,    0.0000000000E+00,    0.0000000000E+00,    0.0000000000E+00,    2.7742543287E+01
     50250,      0.676923,CP2_after_erosion,   1,    0.0000000000E+00,    2.7742543287E+01,    2.7742543287E+01,    0.0000000000E+00,    0.0000000000E+00,    0.0000000000E+00,    2.7742543287E+01
     50250,      0.676923,CP3_after_update_bottom,   1,    0.0000000000E+00,    2.7742543287E+01,    2.7742543287E+01,    0.0000000000E+00,    0.0000000000E+00,    0.0000000000E+00,    2.7742543287E+01
     50250,      0.676923,CP4_after_advection,   1,    0.0000000000E+00,    2.7743416487E+01,    2.7743416487E+01,    0.0000000000E+00,    0.0000000000E+00,    0.0000000000E+00,    2.7743416487E+01
     50250,      0.676923,CP5_after_vdif,   1,    0.0000000000E+00,    2.7743416487E+01,    2.7743416487E+01,    0.0000000000E+00,    0.0000000000E+00,    0.0000000000E+00,    2.7743416487E+01
     50250,      0.676923,CP6_after_kinetics,   1,    0.0000000000E+00,    2.7743416487E+01,    2.7743416487E+01,    0.0000000000E+00,    0.0000000000E+00,    0.0000000000E+00,    2.7743416487E+01
     50250,      0.676923,CP7_after_upper_clamp,   1,    0.0000000000E+00,    2.7743416487E+01,    2.7743416487E+01,    0.0000000000E+00,    0.0000000000E+00,    0.0000000000E+00,    2.7743416487E+01
     50250,      0.676923,CP8_after_OBC,   1,    0.0000000000E+00,    2.7743416487E+01,    2.7743416487E+01,    0.0000000000E+00,    0.0000000000E+00,    0.0000000000E+00,    2.7743416487E+01
     50250,      0.676923,CP9_after_PTsource,   1,    0.0000000000E+00,    2.7743416487E+01,    2.7743416487E+01,    0.0000000000E+00,    0.0000000000E+00,    0.0000000000E+00,    2.7743416487E+01
     50250,      0.676923,CP10_after_neg_clamp,   1,    0.0000000000E+00,    2.7743416487E+01,    2.7743416487E+01,    0.0000000000E+00,    0.0000000000E+00,    0.0000000000E+00,    2.7743416487E+01
     50250,      0.676923,CP11_after_MPI,   1,    0.0000000000E+00,    2.7743416487E+01,    2.7743416487E+01,    0.0000000000E+00,    0.0000000000E+00,    0.0000000000E+00,    2.7743416487E+01
     50250,      0.676923,CP12_end,   1,    0.0000000000E+00,    2.7743416487E+01,    2.7743416487E+01,    0.0000000000E+00,    0.0000000000E+00,    0.0000000000E+00,    2.7743416487E+01
     50300,      0.676923,CP0_start,   1,    0.0000000000E+00,    2.7797349807E+01,    2.7797349807E+01,    0.0000000000E+00,    0.0000000000E+00,    0.0000000000E+00,    2.7797349807E+01
     50300,      0.676923,CP1_after_deposition,   1,    0.0000000000E+00,    2.7797349807E+01,    2.7797349807E+01,    0.0000000000E+00,    0.0000000000E+00,    0.0000000000E+00,    2.7797349807E+01
     50300,      0.676923,CP2_after_erosion,   1,    0.0000000000E+00,    2.7797349807E+01,    2.7797349807E+01,    0.0000000000E+00,    0.0000000000E+00,    0.0000000000E+00,    2.7797349807E+01
     50300,      0.676923,CP3_after_update_bottom,   1,    0.0000000000E+00,    2.7797349807E+01,    2.7797349807E+01,    0.0000000000E+00,    0.0000000000E+00,    0.0000000000E+00,    2.7797349807E+01
     50300,      0.676923,CP4_after_advection,   1,    0.0000000000E+00,    2.7798235422E+01,    2.7798235422E+01,    0.0000000000E+00,    0.0000000000E+00,    0.0000000000E+00,    2.7798235422E+01
     50300,      0.676923,CP5_after_vdif,   1,    0.0000000000E+00,    2.7798235422E+01,    2.7798235422E+01,    0.0000000000E+00,    0.0000000000E+00,    0.0000000000E+00,    2.7798235422E+01
     50300,      0.676923,CP6_after_kinetics,   1,    0.0000000000E+00,    2.7798235422E+01,    2.7798235422E+01,    0.0000000000E+00,    0.0000000000E+00,    0.0000000000E+00,    2.7798235422E+01
     50300,      0.676923,CP7_after_upper_clamp,   1,    0.0000000000E+00,    2.7798235422E+01,    2.7798235422E+01,    0.0000000000E+00,    0.0000000000E+00,    0.0000000000E+00,    2.7798235422E+01
     50300,      0.676923,CP8_after_OBC,   1,    0.0000000000E+00,    2.7798235422E+01,    2.7798235422E+01,    0.0000000000E+00,    0.0000000000E+00,    0.0000000000E+00,    2.7798235422E+01
     50300,      0.676923,CP9_after_PTsource,   1,    0.0000000000E+00,    2.7798235422E+01,    2.7798235422E+01,    0.0000000000E+00,    0.0000000000E+00,    0.0000000000E+00,    2.7798235422E+01
     50300,      0.676923,CP10_after_neg_clamp,   1,    0.0000000000E+00,    2.7798235422E+01,    2.7798235422E+01,    0.0000000000E+00,    0.0000000000E+00,    0.0000000000E+00,    2.7798235422E+01
     50300,      0.676923,CP11_after_MPI,   1,    0.0000000000E+00,    2.7798235422E+01,    2.7798235422E+01,    0.0000000000E+00,    0.0000000000E+00,    0.0000000000E+00,    2.7798235422E+01
     50300,      0.676923,CP12_end,   1,    0.0000000000E+00,    2.7798235422E+01,    2.7798235422E+01,    0.0000000000E+00,    0.0000000000E+00,    0.0000000000E+00,    2.7798235422E+01
     50350,      0.676923,CP0_start,   1,    0.0000000000E+00,    2.7852220370E+01,    2.7852220370E+01,    0.0000000000E+00,    0.0000000000E+00,    0.0000000000E+00,    2.7852220370E+01
     50350,      0.676923,CP1_after_deposition,   1,    0.0000000000E+00,    2.7852220370E+01,    2.7852220370E+01,    0.0000000000E+00,    0.0000000000E+00,    0.0000000000E+00,    2.7852220370E+01
     50350,      0.676923,CP2_after_erosion,   1,    0.0000000000E+00,    2.7852220370E+01,    2.7852220370E+01,    0.0000000000E+00,    0.0000000000E+00,    0.0000000000E+00,    2.7852220370E+01
     50350,      0.676923,CP3_after_update_bottom,   1,    0.0000000000E+00,    2.7852220370E+01,    2.7852220370E+01,    0.0000000000E+00,    0.0000000000E+00,    0.0000000000E+00,    2.7852220370E+01
     50350,      0.676923,CP4_after_advection,   1,    0.0000000000E+00,    2.7853118118E+01,    2.7853118118E+01,    0.0000000000E+00,    0.0000000000E+00,    0.0000000000E+00,    2.7853118118E+01
     50350,      0.676923,CP5_after_vdif,   1,    0.0000000000E+00,    2.7853118118E+01,    2.7853118118E+01,    0.0000000000E+00,    0.0000000000E+00,    0.0000000000E+00,    2.7853118118E+01
     50350,      0.676923,CP6_after_kinetics,   1,    0.0000000000E+00,    2.7853118118E+01,    2.7853118118E+01,    0.0000000000E+00,    0.0000000000E+00,    0.0000000000E+00,    2.7853118118E+01
     50350,      0.676923,CP7_after_upper_clamp,   1,    0.0000000000E+00,    2.7853118118E+01,    2.7853118118E+01,    0.0000000000E+00,    0.0000000000E+00,    0.0000000000E+00,    2.7853118118E+01
     50350,      0.676923,CP8_after_OBC,   1,    0.0000000000E+00,    2.7853118118E+01,    2.7853118118E+01,    0.0000000000E+00,    0.0000000000E+00,    0.0000000000E+00,    2.7853118118E+01
     50350,      0.676923,CP9_after_PTsource,   1,    0.0000000000E+00,    2.7853118118E+01,    2.7853118118E+01,    0.0000000000E+00,    0.0000000000E+00,    0.0000000000E+00,    2.7853118118E+01
     50350,      0.676923,CP10_after_neg_clamp,   1,    0.0000000000E+00,    2.7853118118E+01,    2.7853118118E+01,    0.0000000000E+00,    0.0000000000E+00,    0.0000000000E+00,    2.7853118118E+01
     50350,      0.676923,CP11_after_MPI,   1,    0.0000000000E+00,    2.7853118118E+01,    2.7853118118E+01,    0.0000000000E+00,    0.0000000000E+00,    0.0000000000E+00,    2.7853118118E+01
     50350,      0.676923,CP12_end,   1,    0.0000000000E+00,    2.7853118118E+01,    2.7853118118E+01,    0.0000000000E+00,    0.0000000000E+00,    0.0000000000E+00,    2.7853118118E+01
     50400,      0.676923,CP0_start,   1,    0.0000000000E+00,    2.7907176459E+01,    2.7907176459E+01,    0.0000000000E+00,    0.0000000000E+00,    0.0000000000E+00,    2.7907176459E+01
     50400,      0.676923,CP1_after_deposition,   1,    0.0000000000E+00,    2.7907176459E+01,    2.7907176459E+01,    0.0000000000E+00,    0.0000000000E+00,    0.0000000000E+00,    2.7907176459E+01
     50400,      0.676923,CP2_after_erosion,   1,    0.0000000000E+00,    2.7907176459E+01,    2.7907176459E+01,    0.0000000000E+00,    0.0000000000E+00,    0.0000000000E+00,    2.7907176459E+01
     50400,      0.676923,CP3_after_update_bottom,   1,    0.0000000000E+00,    2.7907176459E+01,    2.7907176459E+01,    0.0000000000E+00,    0.0000000000E+00,    0.0000000000E+00,    2.7907176459E+01
     50400,      0.676923,CP4_after_advection,   1,    0.0000000000E+00,    2.7908087946E+01,    2.7908087946E+01,    0.0000000000E+00,    0.0000000000E+00,    0.0000000000E+00,    2.7908087946E+01
     50400,      0.676923,CP5_after_vdif,   1,    0.0000000000E+00,    2.7908087946E+01,    2.7908087946E+01,    0.0000000000E+00,    0.0000000000E+00,    0.0000000000E+00,    2.7908087946E+01
     50400,      0.676923,CP6_after_kinetics,   1,    0.0000000000E+00,    2.7908087946E+01,    2.7908087946E+01,    0.0000000000E+00,    0.0000000000E+00,    0.0000000000E+00,    2.7908087946E+01
     50400,      0.676923,CP7_after_upper_clamp,   1,    0.0000000000E+00,    2.7908087946E+01,    2.7908087946E+01,    0.0000000000E+00,    0.0000000000E+00,    0.0000000000E+00,    2.7908087946E+01
     50400,      0.676923,CP8_after_OBC,   1,    0.0000000000E+00,    2.7908087946E+01,    2.7908087946E+01,    0.0000000000E+00,    0.0000000000E+00,    0.0000000000E+00,    2.7908087946E+01
     50400,      0.676923,CP9_after_PTsource,   1,    0.0000000000E+00,    2.7908087946E+01,    2.7908087946E+01,    0.0000000000E+00,    0.0000000000E+00,    0.0000000000E+00,    2.7908087946E+01
     50400,      0.676923,CP10_after_neg_clamp,   1,    0.0000000000E+00,    2.7908087946E+01,    2.7908087946E+01,    0.0000000000E+00,    0.0000000000E+00,    0.0000000000E+00,    2.7908087946E+01
     50400,      0.676923,CP11_after_MPI,   1,    0.0000000000E+00,    2.7908087946E+01,    2.7908087946E+01,    0.0000000000E+00,    0.0000000000E+00,    0.0000000000E+00,    2.7908087946E+01
     50400,      0.676923,CP12_end,   1,    0.0000000000E+00,    2.7908087946E+01,    2.7908087946E+01,    0.0000000000E+00,    0.0000000000E+00,    0.0000000000E+00,    2.7908087946E+01
     50450,      0.676923,CP0_start,   1,    0.0000000000E+00,    2.7962224586E+01,    2.7962224586E+01,    0.0000000000E+00,    0.0000000000E+00,    0.0000000000E+00,    2.7962224586E+01
     50450,      0.676923,CP1_after_deposition,   1,    0.0000000000E+00,    2.7962224586E+01,    2.7962224586E+01,    0.0000000000E+00,    0.0000000000E+00,    0.0000000000E+00,    2.7962224586E+01
     50450,      0.676923,CP2_after_erosion,   1,    0.0000000000E+00,    2.7962224586E+01,    2.7962224586E+01,    0.0000000000E+00,    0.0000000000E+00,    0.0000000000E+00,    2.7962224586E+01
     50450,      0.676923,CP3_after_update_bottom,   1,    0.0000000000E+00,    2.7962224586E+01,    2.7962224586E+01,    0.0000000000E+00,    0.0000000000E+00,    0.0000000000E+00,    2.7962224586E+01
     50450,      0.676923,CP4_after_advection,   1,    0.0000000000E+00,    2.7963149330E+01,    2.7963149330E+01,    0.0000000000E+00,    0.0000000000E+00,    0.0000000000E+00,    2.7963149330E+01
     50450,      0.676923,CP5_after_vdif,   1,    0.0000000000E+00,    2.7963149330E+01,    2.7963149330E+01,    0.0000000000E+00,    0.0000000000E+00,    0.0000000000E+00,    2.7963149330E+01
     50450,      0.676923,CP6_after_kinetics,   1,    0.0000000000E+00,    2.7963149330E+01,    2.7963149330E+01,    0.0000000000E+00,    0.0000000000E+00,    0.0000000000E+00,    2.7963149330E+01
     50450,      0.676923,CP7_after_upper_clamp,   1,    0.0000000000E+00,    2.7963149330E+01,    2.7963149330E+01,    0.0000000000E+00,    0.0000000000E+00,    0.0000000000E+00,    2.7963149330E+01
     50450,      0.676923,CP8_after_OBC,   1,    0.0000000000E+00,    2.7963149330E+01,    2.7963149330E+01,    0.0000000000E+00,    0.0000000000E+00,    0.0000000000E+00,    2.7963149330E+01
     50450,      0.676923,CP9_after_PTsource,   1,    0.0000000000E+00,    2.7963149330E+01,    2.7963149330E+01,    0.0000000000E+00,    0.0000000000E+00,    0.0000000000E+00,    2.7963149330E+01
     50450,      0.676923,CP10_after_neg_clamp,   1,    0.0000000000E+00,    2.7963149330E+01,    2.7963149330E+01,    0.0000000000E+00,    0.0000000000E+00,    0.0000000000E+00,    2.7963149330E+01
     50450,      0.676923,CP11_after_MPI,   1,    0.0000000000E+00,    2.7963149330E+01,    2.7963149330E+01,    0.0000000000E+00,    0.0000000000E+00,    0.0000000000E+00,    2.7963149330E+01
     50450,      0.676923,CP12_end,   1,    0.0000000000E+00,    2.7963149330E+01,    2.7963149330E+01,    0.0000000000E+00,    0.0000000000E+00,    0.0000000000E+00,    2.7963149330E+01
     50500,      0.676923,CP0_start,   1,    0.0000000000E+00,    2.8017382773E+01,    2.8017382773E+01,    0.0000000000E+00,    0.0000000000E+00,    0.0000000000E+00,    2.8017382773E+01
     50500,      0.676923,CP1_after_deposition,   1,    0.0000000000E+00,    2.8017382773E+01,    2.8017382773E+01,    0.0000000000E+00,    0.0000000000E+00,    0.0000000000E+00,    2.8017382773E+01
     50500,      0.676923,CP2_after_erosion,   1,    0.0000000000E+00,    2.8017382773E+01,    2.8017382773E+01,    0.0000000000E+00,    0.0000000000E+00,    0.0000000000E+00,    2.8017382773E+01
     50500,      0.676923,CP3_after_update_bottom,   1,    0.0000000000E+00,    2.8017382773E+01,    2.8017382773E+01,    0.0000000000E+00,    0.0000000000E+00,    0.0000000000E+00,    2.8017382773E+01
     50500,      0.676923,CP4_after_advection,   1,    0.0000000000E+00,    2.8018321855E+01,    2.8018321855E+01,    0.0000000000E+00,    0.0000000000E+00,    0.0000000000E+00,    2.8018321855E+01
     50500,      0.676923,CP5_after_vdif,   1,    0.0000000000E+00,    2.8018321855E+01,    2.8018321855E+01,    0.0000000000E+00,    0.0000000000E+00,    0.0000000000E+00,    2.8018321855E+01
     50500,      0.676923,CP6_after_kinetics,   1,    0.0000000000E+00,    2.8018321855E+01,    2.8018321855E+01,    0.0000000000E+00,    0.0000000000E+00,    0.0000000000E+00,    2.8018321855E+01
     50500,      0.676923,CP7_after_upper_clamp,   1,    0.0000000000E+00,    2.8018321855E+01,    2.8018321855E+01,    0.0000000000E+00,    0.0000000000E+00,    0.0000000000E+00,    2.8018321855E+01
     50500,      0.676923,CP8_after_OBC,   1,    0.0000000000E+00,    2.8018321855E+01,    2.8018321855E+01,    0.0000000000E+00,    0.0000000000E+00,    0.0000000000E+00,    2.8018321855E+01
     50500,      0.676923,CP9_after_PTsource,   1,    0.0000000000E+00,    2.8018321855E+01,    2.8018321855E+01,    0.0000000000E+00,    0.0000000000E+00,    0.0000000000E+00,    2.8018321855E+01
     50500,      0.676923,CP10_after_neg_clamp,   1,    0.0000000000E+00,    2.8018321855E+01,    2.8018321855E+01,    0.0000000000E+00,    0.0000000000E+00,    0.0000000000E+00,    2.8018321855E+01
     50500,      0.676923,CP11_after_MPI,   1,    0.0000000000E+00,    2.8018321855E+01,    2.8018321855E+01,    0.0000000000E+00,    0.0000000000E+00,    0.0000000000E+00,    2.8018321855E+01
     50500,      0.676923,CP12_end,   1,    0.0000000000E+00,    2.8018321855E+01,    2.8018321855E+01,    0.0000000000E+00,    0.0000000000E+00,    0.0000000000E+00,    2.8018321855E+01
     50550,      0.676923,CP0_start,   1,    0.0000000000E+00,    2.8072679549E+01,    2.8072679549E+01,    0.0000000000E+00,    0.0000000000E+00,    0.0000000000E+00,    2.8072679549E+01
     50550,      0.676923,CP1_after_deposition,   1,    0.0000000000E+00,    2.8072679549E+01,    2.8072679549E+01,    0.0000000000E+00,    0.0000000000E+00,    0.0000000000E+00,    2.8072679549E+01
     50550,      0.676923,CP2_after_erosion,   1,    0.0000000000E+00,    2.8072679549E+01,    2.8072679549E+01,    0.0000000000E+00,    0.0000000000E+00,    0.0000000000E+00,    2.8072679549E+01
     50550,      0.676923,CP3_after_update_bottom,   1,    0.0000000000E+00,    2.8072679549E+01,    2.8072679549E+01,    0.0000000000E+00,    0.0000000000E+00,    0.0000000000E+00,    2.8072679549E+01
     50550,      0.676923,CP4_after_advection,   1,    0.0000000000E+00,    2.8073632220E+01,    2.8073632220E+01,    0.0000000000E+00,    0.0000000000E+00,    0.0000000000E+00,    2.8073632220E+01
     50550,      0.676923,CP5_after_vdif,   1,    0.0000000000E+00,    2.8073632220E+01,    2.8073632220E+01,    0.0000000000E+00,    0.0000000000E+00,    0.0000000000E+00,    2.8073632220E+01
     50550,      0.676923,CP6_after_kinetics,   1,    0.0000000000E+00,    2.8073632220E+01,    2.8073632220E+01,    0.0000000000E+00,    0.0000000000E+00,    0.0000000000E+00,    2.8073632220E+01
     50550,      0.676923,CP7_after_upper_clamp,   1,    0.0000000000E+00,    2.8073632220E+01,    2.8073632220E+01,    0.0000000000E+00,    0.0000000000E+00,    0.0000000000E+00,    2.8073632220E+01
     50550,      0.676923,CP8_after_OBC,   1,    0.0000000000E+00,    2.8073632220E+01,    2.8073632220E+01,    0.0000000000E+00,    0.0000000000E+00,    0.0000000000E+00,    2.8073632220E+01
     50550,      0.676923,CP9_after_PTsource,   1,    0.0000000000E+00,    2.8073632220E+01,    2.8073632220E+01,    0.0000000000E+00,    0.0000000000E+00,    0.0000000000E+00,    2.8073632220E+01
     50550,      0.676923,CP10_after_neg_clamp,   1,    0.0000000000E+00,    2.8073632220E+01,    2.8073632220E+01,    0.0000000000E+00,    0.0000000000E+00,    0.0000000000E+00,    2.8073632220E+01
     50550,      0.676923,CP11_after_MPI,   1,    0.0000000000E+00,    2.8073632220E+01,    2.8073632220E+01,    0.0000000000E+00,    0.0000000000E+00,    0.0000000000E+00,    2.8073632220E+01
     50550,      0.676923,CP12_end,   1,    0.0000000000E+00,    2.8073632220E+01,    2.8073632220E+01,    0.0000000000E+00,    0.0000000000E+00,    0.0000000000E+00,    2.8073632220E+01
     50600,      0.676923,CP0_start,   1,    0.0000000000E+00,    2.8128109633E+01,    2.8128109633E+01,    0.0000000000E+00,    0.0000000000E+00,    0.0000000000E+00,    2.8128109633E+01
     50600,      0.676923,CP1_after_deposition,   1,    0.0000000000E+00,    2.8128109633E+01,    2.8128109633E+01,    0.0000000000E+00,    0.0000000000E+00,    0.0000000000E+00,    2.8128109633E+01
     50600,      0.676923,CP2_after_erosion,   1,    0.0000000000E+00,    2.8128109633E+01,    2.8128109633E+01,    0.0000000000E+00,    0.0000000000E+00,    0.0000000000E+00,    2.8128109633E+01
     50600,      0.676923,CP3_after_update_bottom,   1,    0.0000000000E+00,    2.8128109633E+01,    2.8128109633E+01,    0.0000000000E+00,    0.0000000000E+00,    0.0000000000E+00,    2.8128109633E+01
     50600,      0.676923,CP4_after_advection,   1,    0.0000000000E+00,    2.8129077089E+01,    2.8129077089E+01,    0.0000000000E+00,    0.0000000000E+00,    0.0000000000E+00,    2.8129077089E+01
     50600,      0.676923,CP5_after_vdif,   1,    0.0000000000E+00,    2.8129077089E+01,    2.8129077089E+01,    0.0000000000E+00,    0.0000000000E+00,    0.0000000000E+00,    2.8129077089E+01
     50600,      0.676923,CP6_after_kinetics,   1,    0.0000000000E+00,    2.8129077089E+01,    2.8129077089E+01,    0.0000000000E+00,    0.0000000000E+00,    0.0000000000E+00,    2.8129077089E+01
     50600,      0.676923,CP7_after_upper_clamp,   1,    0.0000000000E+00,    2.8129077089E+01,    2.8129077089E+01,    0.0000000000E+00,    0.0000000000E+00,    0.0000000000E+00,    2.8129077089E+01
     50600,      0.676923,CP8_after_OBC,   1,    0.0000000000E+00,    2.8129077089E+01,    2.8129077089E+01,    0.0000000000E+00,    0.0000000000E+00,    0.0000000000E+00,    2.8129077089E+01
     50600,      0.676923,CP9_after_PTsource,   1,    0.0000000000E+00,    2.8129077089E+01,    2.8129077089E+01,    0.0000000000E+00,    0.0000000000E+00,    0.0000000000E+00,    2.8129077089E+01
     50600,      0.676923,CP10_after_neg_clamp,   1,    0.0000000000E+00,    2.8129077089E+01,    2.8129077089E+01,    0.0000000000E+00,    0.0000000000E+00,    0.0000000000E+00,    2.8129077089E+01
     50600,      0.676923,CP11_after_MPI,   1,    0.0000000000E+00,    2.8129077089E+01,    2.8129077089E+01,    0.0000000000E+00,    0.0000000000E+00,    0.0000000000E+00,    2.8129077089E+01
     50600,      0.676923,CP12_end,   1,    0.0000000000E+00,    2.8129077089E+01,    2.8129077089E+01,    0.0000000000E+00,    0.0000000000E+00,    0.0000000000E+00,    2.8129077089E+01
     50650,      0.676923,CP0_start,   1,    0.0000000000E+00,    2.8183672282E+01,    2.8183672282E+01,    0.0000000000E+00,    0.0000000000E+00,    0.0000000000E+00,    2.8183672282E+01
     50650,      0.676923,CP1_after_deposition,   1,    0.0000000000E+00,    2.8183672282E+01,    2.8183672282E+01,    0.0000000000E+00,    0.0000000000E+00,    0.0000000000E+00,    2.8183672282E+01
     50650,      0.676923,CP2_after_erosion,   1,    0.0000000000E+00,    2.8183672282E+01,    2.8183672282E+01,    0.0000000000E+00,    0.0000000000E+00,    0.0000000000E+00,    2.8183672282E+01
     50650,      0.676923,CP3_after_update_bottom,   1,    0.0000000000E+00,    2.8183672282E+01,    2.8183672282E+01,    0.0000000000E+00,    0.0000000000E+00,    0.0000000000E+00,    2.8183672282E+01
     50650,      0.676923,CP4_after_advection,   1,    0.0000000000E+00,    2.8184653519E+01,    2.8184653519E+01,    0.0000000000E+00,    0.0000000000E+00,    0.0000000000E+00,    2.8184653519E+01
     50650,      0.676923,CP5_after_vdif,   1,    0.0000000000E+00,    2.8184653519E+01,    2.8184653519E+01,    0.0000000000E+00,    0.0000000000E+00,    0.0000000000E+00,    2.8184653519E+01
     50650,      0.676923,CP6_after_kinetics,   1,    0.0000000000E+00,    2.8184653519E+01,    2.8184653519E+01,    0.0000000000E+00,    0.0000000000E+00,    0.0000000000E+00,    2.8184653519E+01
     50650,      0.676923,CP7_after_upper_clamp,   1,    0.0000000000E+00,    2.8184653519E+01,    2.8184653519E+01,    0.0000000000E+00,    0.0000000000E+00,    0.0000000000E+00,    2.8184653519E+01
     50650,      0.676923,CP8_after_OBC,   1,    0.0000000000E+00,    2.8184653519E+01,    2.8184653519E+01,    0.0000000000E+00,    0.0000000000E+00,    0.0000000000E+00,    2.8184653519E+01
     50650,      0.676923,CP9_after_PTsource,   1,    0.0000000000E+00,    2.8184653519E+01,    2.8184653519E+01,    0.0000000000E+00,    0.0000000000E+00,    0.0000000000E+00,    2.8184653519E+01
     50650,      0.676923,CP10_after_neg_clamp,   1,    0.0000000000E+00,    2.8184653519E+01,    2.8184653519E+01,    0.0000000000E+00,    0.0000000000E+00,    0.0000000000E+00,    2.8184653519E+01
     50650,      0.676923,CP11_after_MPI,   1,    0.0000000000E+00,    2.8184653519E+01,    2.8184653519E+01,    0.0000000000E+00,    0.0000000000E+00,    0.0000000000E+00,    2.8184653519E+01
     50650,      0.676923,CP12_end,   1,    0.0000000000E+00,    2.8184653519E+01,    2.8184653519E+01,    0.0000000000E+00,    0.0000000000E+00,    0.0000000000E+00,    2.8184653519E+01
     50700,      0.676923,CP0_start,   1,    0.0000000000E+00,    2.8239362544E+01,    2.8239362544E+01,    0.0000000000E+00,    0.0000000000E+00,    0.0000000000E+00,    2.8239362544E+01
     50700,      0.676923,CP1_after_deposition,   1,    0.0000000000E+00,    2.8239362544E+01,    2.8239362544E+01,    0.0000000000E+00,    0.0000000000E+00,    0.0000000000E+00,    2.8239362544E+01
     50700,      0.676923,CP2_after_erosion,   1,    0.0000000000E+00,    2.8239362544E+01,    2.8239362544E+01,    0.0000000000E+00,    0.0000000000E+00,    0.0000000000E+00,    2.8239362544E+01
     50700,      0.676923,CP3_after_update_bottom,   1,    0.0000000000E+00,    2.8239362544E+01,    2.8239362544E+01,    0.0000000000E+00,    0.0000000000E+00,    0.0000000000E+00,    2.8239362544E+01
     50700,      0.676923,CP4_after_advection,   1,    0.0000000000E+00,    2.8240356672E+01,    2.8240356672E+01,    0.0000000000E+00,    0.0000000000E+00,    0.0000000000E+00,    2.8240356672E+01
     50700,      0.676923,CP5_after_vdif,   1,    0.0000000000E+00,    2.8240356672E+01,    2.8240356672E+01,    0.0000000000E+00,    0.0000000000E+00,    0.0000000000E+00,    2.8240356672E+01
     50700,      0.676923,CP6_after_kinetics,   1,    0.0000000000E+00,    2.8240356672E+01,    2.8240356672E+01,    0.0000000000E+00,    0.0000000000E+00,    0.0000000000E+00,    2.8240356672E+01
     50700,      0.676923,CP7_after_upper_clamp,   1,    0.0000000000E+00,    2.8240356672E+01,    2.8240356672E+01,    0.0000000000E+00,    0.0000000000E+00,    0.0000000000E+00,    2.8240356672E+01
     50700,      0.676923,CP8_after_OBC,   1,    0.0000000000E+00,    2.8240356672E+01,    2.8240356672E+01,    0.0000000000E+00,    0.0000000000E+00,    0.0000000000E+00,    2.8240356672E+01
     50700,      0.676923,CP9_after_PTsource,   1,    0.0000000000E+00,    2.8240356672E+01,    2.8240356672E+01,    0.0000000000E+00,    0.0000000000E+00,    0.0000000000E+00,    2.8240356672E+01
     50700,      0.676923,CP10_after_neg_clamp,   1,    0.0000000000E+00,    2.8240356672E+01,    2.8240356672E+01,    0.0000000000E+00,    0.0000000000E+00,    0.0000000000E+00,    2.8240356672E+01
     50700,      0.676923,CP11_after_MPI,   1,    0.0000000000E+00,    2.8240356672E+01,    2.8240356672E+01,    0.0000000000E+00,    0.0000000000E+00,    0.0000000000E+00,    2.8240356672E+01
     50700,      0.676923,CP12_end,   1,    0.0000000000E+00,    2.8240356672E+01,    2.8240356672E+01,    0.0000000000E+00,    0.0000000000E+00,    0.0000000000E+00,    2.8240356672E+01
     50750,      0.676923,CP0_start,   1,    0.0000000000E+00,    2.8295173056E+01,    2.8295173056E+01,    0.0000000000E+00,    0.0000000000E+00,    0.0000000000E+00,    2.8295173056E+01
     50750,      0.676923,CP1_after_deposition,   1,    0.0000000000E+00,    2.8295173056E+01,    2.8295173056E+01,    0.0000000000E+00,    0.0000000000E+00,    0.0000000000E+00,    2.8295173056E+01
     50750,      0.676923,CP2_after_erosion,   1,    0.0000000000E+00,    2.8295173056E+01,    2.8295173056E+01,    0.0000000000E+00,    0.0000000000E+00,    0.0000000000E+00,    2.8295173056E+01
     50750,      0.676923,CP3_after_update_bottom,   1,    0.0000000000E+00,    2.8295173056E+01,    2.8295173056E+01,    0.0000000000E+00,    0.0000000000E+00,    0.0000000000E+00,    2.8295173056E+01
     50750,      0.676923,CP4_after_advection,   1,    0.0000000000E+00,    2.8296180469E+01,    2.8296180469E+01,    0.0000000000E+00,    0.0000000000E+00,    0.0000000000E+00,    2.8296180469E+01
     50750,      0.676923,CP5_after_vdif,   1,    0.0000000000E+00,    2.8296180469E+01,    2.8296180469E+01,    0.0000000000E+00,    0.0000000000E+00,    0.0000000000E+00,    2.8296180469E+01
     50750,      0.676923,CP6_after_kinetics,   1,    0.0000000000E+00,    2.8296180469E+01,    2.8296180469E+01,    0.0000000000E+00,    0.0000000000E+00,    0.0000000000E+00,    2.8296180469E+01
     50750,      0.676923,CP7_after_upper_clamp,   1,    0.0000000000E+00,    2.8296180469E+01,    2.8296180469E+01,    0.0000000000E+00,    0.0000000000E+00,    0.0000000000E+00,    2.8296180469E+01
     50750,      0.676923,CP8_after_OBC,   1,    0.0000000000E+00,    2.8296180469E+01,    2.8296180469E+01,    0.0000000000E+00,    0.0000000000E+00,    0.0000000000E+00,    2.8296180469E+01
     50750,      0.676923,CP9_after_PTsource,   1,    0.0000000000E+00,    2.8296180469E+01,    2.8296180469E+01,    0.0000000000E+00,    0.0000000000E+00,    0.0000000000E+00,    2.8296180469E+01
     50750,      0.676923,CP10_after_neg_clamp,   1,    0.0000000000E+00,    2.8296180469E+01,    2.8296180469E+01,    0.0000000000E+00,    0.0000000000E+00,    0.0000000000E+00,    2.8296180469E+01
     50750,      0.676923,CP11_after_MPI,   1,    0.0000000000E+00,    2.8296180469E+01,    2.8296180469E+01,    0.0000000000E+00,    0.0000000000E+00,    0.0000000000E+00,    2.8296180469E+01
     50750,      0.676923,CP12_end,   1,    0.0000000000E+00,    2.8296180469E+01,    2.8296180469E+01,    0.0000000000E+00,    0.0000000000E+00,    0.0000000000E+00,    2.8296180469E+01
     50800,      0.676923,CP0_start,   1,    0.0000000000E+00,    2.8351082896E+01,    2.8351082896E+01,    0.0000000000E+00,    0.0000000000E+00,    0.0000000000E+00,    2.8351082896E+01
     50800,      0.676923,CP1_after_deposition,   1,    0.0000000000E+00,    2.8351082896E+01,    2.8351082896E+01,    0.0000000000E+00,    0.0000000000E+00,    0.0000000000E+00,    2.8351082896E+01
     50800,      0.676923,CP2_after_erosion,   1,    0.0000000000E+00,    2.8351082896E+01,    2.8351082896E+01,    0.0000000000E+00,    0.0000000000E+00,    0.0000000000E+00,    2.8351082896E+01
     50800,      0.676923,CP3_after_update_bottom,   1,    0.0000000000E+00,    2.8351082896E+01,    2.8351082896E+01,    0.0000000000E+00,    0.0000000000E+00,    0.0000000000E+00,    2.8351082896E+01
     50800,      0.676923,CP4_after_advection,   1,    0.0000000000E+00,    2.8352103317E+01,    2.8352103317E+01,    0.0000000000E+00,    0.0000000000E+00,    0.0000000000E+00,    2.8352103317E+01
     50800,      0.676923,CP5_after_vdif,   1,    0.0000000000E+00,    2.8352103317E+01,    2.8352103317E+01,    0.0000000000E+00,    0.0000000000E+00,    0.0000000000E+00,    2.8352103317E+01
     50800,      0.676923,CP6_after_kinetics,   1,    0.0000000000E+00,    2.8352103317E+01,    2.8352103317E+01,    0.0000000000E+00,    0.0000000000E+00,    0.0000000000E+00,    2.8352103317E+01
     50800,      0.676923,CP7_after_upper_clamp,   1,    0.0000000000E+00,    2.8352103317E+01,    2.8352103317E+01,    0.0000000000E+00,    0.0000000000E+00,    0.0000000000E+00,    2.8352103317E+01
     50800,      0.676923,CP8_after_OBC,   1,    0.0000000000E+00,    2.8352103317E+01,    2.8352103317E+01,    0.0000000000E+00,    0.0000000000E+00,    0.0000000000E+00,    2.8352103317E+01
     50800,      0.676923,CP9_after_PTsource,   1,    0.0000000000E+00,    2.8352103317E+01,    2.8352103317E+01,    0.0000000000E+00,    0.0000000000E+00,    0.0000000000E+00,    2.8352103317E+01
     50800,      0.676923,CP10_after_neg_clamp,   1,    0.0000000000E+00,    2.8352103317E+01,    2.8352103317E+01,    0.0000000000E+00,    0.0000000000E+00,    0.0000000000E+00,    2.8352103317E+01
     50800,      0.676923,CP11_after_MPI,   1,    0.0000000000E+00,    2.8352103317E+01,    2.8352103317E+01,    0.0000000000E+00,    0.0000000000E+00,    0.0000000000E+00,    2.8352103317E+01
     50800,      0.676923,CP12_end,   1,    0.0000000000E+00,    2.8352103317E+01,    2.8352103317E+01,    0.0000000000E+00,    0.0000000000E+00,    0.0000000000E+00,    2.8352103317E+01
     50850,      0.676923,CP0_start,   1,    0.0000000000E+00,    2.8407076688E+01,    2.8407076688E+01,    0.0000000000E+00,    0.0000000000E+00,    0.0000000000E+00,    2.8407076688E+01
     50850,      0.676923,CP1_after_deposition,   1,    0.0000000000E+00,    2.8407076688E+01,    2.8407076688E+01,    0.0000000000E+00,    0.0000000000E+00,    0.0000000000E+00,    2.8407076688E+01
     50850,      0.676923,CP2_after_erosion,   1,    0.0000000000E+00,    2.8407076688E+01,    2.8407076688E+01,    0.0000000000E+00,    0.0000000000E+00,    0.0000000000E+00,    2.8407076688E+01
     50850,      0.676923,CP3_after_update_bottom,   1,    0.0000000000E+00,    2.8407076688E+01,    2.8407076688E+01,    0.0000000000E+00,    0.0000000000E+00,    0.0000000000E+00,    2.8407076688E+01
     50850,      0.676923,CP4_after_advection,   1,    0.0000000000E+00,    2.8408111722E+01,    2.8408111722E+01,    0.0000000000E+00,    0.0000000000E+00,    0.0000000000E+00,    2.8408111722E+01
     50850,      0.676923,CP5_after_vdif,   1,    0.0000000000E+00,    2.8408111722E+01,    2.8408111722E+01,    0.0000000000E+00,    0.0000000000E+00,    0.0000000000E+00,    2.8408111722E+01
     50850,      0.676923,CP6_after_kinetics,   1,    0.0000000000E+00,    2.8408111722E+01,    2.8408111722E+01,    0.0000000000E+00,    0.0000000000E+00,    0.0000000000E+00,    2.8408111722E+01
     50850,      0.676923,CP7_after_upper_clamp,   1,    0.0000000000E+00,    2.8408111722E+01,    2.8408111722E+01,    0.0000000000E+00,    0.0000000000E+00,    0.0000000000E+00,    2.8408111722E+01
     50850,      0.676923,CP8_after_OBC,   1,    0.0000000000E+00,    2.8408111722E+01,    2.8408111722E+01,    0.0000000000E+00,    0.0000000000E+00,    0.0000000000E+00,    2.8408111722E+01
     50850,      0.676923,CP9_after_PTsource,   1,    0.0000000000E+00,    2.8408111722E+01,    2.8408111722E+01,    0.0000000000E+00,    0.0000000000E+00,    0.0000000000E+00,    2.8408111722E+01
     50850,      0.676923,CP10_after_neg_clamp,   1,    0.0000000000E+00,    2.8408111722E+01,    2.8408111722E+01,    0.0000000000E+00,    0.0000000000E+00,    0.0000000000E+00,    2.8408111722E+01
     50850,      0.676923,CP11_after_MPI,   1,    0.0000000000E+00,    2.8408111722E+01,    2.8408111722E+01,    0.0000000000E+00,    0.0000000000E+00,    0.0000000000E+00,    2.8408111722E+01
     50850,      0.676923,CP12_end,   1,    0.0000000000E+00,    2.8408111722E+01,    2.8408111722E+01,    0.0000000000E+00,    0.0000000000E+00,    0.0000000000E+00,    2.8408111722E+01
     50900,      0.676923,CP0_start,   1,    0.0000000000E+00,    2.8463143462E+01,    2.8463143462E+01,    0.0000000000E+00,    0.0000000000E+00,    0.0000000000E+00,    2.8463143462E+01
     50900,      0.676923,CP1_after_deposition,   1,    0.0000000000E+00,    2.8463143462E+01,    2.8463143462E+01,    0.0000000000E+00,    0.0000000000E+00,    0.0000000000E+00,    2.8463143462E+01
     50900,      0.676923,CP2_after_erosion,   1,    0.0000000000E+00,    2.8463143462E+01,    2.8463143462E+01,    0.0000000000E+00,    0.0000000000E+00,    0.0000000000E+00,    2.8463143462E+01
     50900,      0.676923,CP3_after_update_bottom,   1,    0.0000000000E+00,    2.8463143462E+01,    2.8463143462E+01,    0.0000000000E+00,    0.0000000000E+00,    0.0000000000E+00,    2.8463143462E+01
     50900,      0.676923,CP4_after_advection,   1,    0.0000000000E+00,    2.8464191833E+01,    2.8464191833E+01,    0.0000000000E+00,    0.0000000000E+00,    0.0000000000E+00,    2.8464191833E+01
     50900,      0.676923,CP5_after_vdif,   1,    0.0000000000E+00,    2.8464191833E+01,    2.8464191833E+01,    0.0000000000E+00,    0.0000000000E+00,    0.0000000000E+00,    2.8464191833E+01
     50900,      0.676923,CP6_after_kinetics,   1,    0.0000000000E+00,    2.8464191833E+01,    2.8464191833E+01,    0.0000000000E+00,    0.0000000000E+00,    0.0000000000E+00,    2.8464191833E+01
     50900,      0.676923,CP7_after_upper_clamp,   1,    0.0000000000E+00,    2.8464191833E+01,    2.8464191833E+01,    0.0000000000E+00,    0.0000000000E+00,    0.0000000000E+00,    2.8464191833E+01
     50900,      0.676923,CP8_after_OBC,   1,    0.0000000000E+00,    2.8464191833E+01,    2.8464191833E+01,    0.0000000000E+00,    0.0000000000E+00,    0.0000000000E+00,    2.8464191833E+01
     50900,      0.676923,CP9_after_PTsource,   1,    0.0000000000E+00,    2.8464191833E+01,    2.8464191833E+01,    0.0000000000E+00,    0.0000000000E+00,    0.0000000000E+00,    2.8464191833E+01
     50900,      0.676923,CP10_after_neg_clamp,   1,    0.0000000000E+00,    2.8464191833E+01,    2.8464191833E+01,    0.0000000000E+00,    0.0000000000E+00,    0.0000000000E+00,    2.8464191833E+01
     50900,      0.676923,CP11_after_MPI,   1,    0.0000000000E+00,    2.8464191833E+01,    2.8464191833E+01,    0.0000000000E+00,    0.0000000000E+00,    0.0000000000E+00,    2.8464191833E+01
     50900,      0.676923,CP12_end,   1,    0.0000000000E+00,    2.8464191833E+01,    2.8464191833E+01,    0.0000000000E+00,    0.0000000000E+00,    0.0000000000E+00,    2.8464191833E+01
     50950,      0.676923,CP0_start,   1,    0.0000000000E+00,    2.8519263046E+01,    2.8519263046E+01,    0.0000000000E+00,    0.0000000000E+00,    0.0000000000E+00,    2.8519263046E+01
     50950,      0.676923,CP1_after_deposition,   1,    0.0000000000E+00,    2.8519263046E+01,    2.8519263046E+01,    0.0000000000E+00,    0.0000000000E+00,    0.0000000000E+00,    2.8519263046E+01
     50950,      0.676923,CP2_after_erosion,   1,    0.0000000000E+00,    2.8519263046E+01,    2.8519263046E+01,    0.0000000000E+00,    0.0000000000E+00,    0.0000000000E+00,    2.8519263046E+01
     50950,      0.676923,CP3_after_update_bottom,   1,    0.0000000000E+00,    2.8519263046E+01,    2.8519263046E+01,    0.0000000000E+00,    0.0000000000E+00,    0.0000000000E+00,    2.8519263046E+01
     50950,      0.676923,CP4_after_advection,   1,    0.0000000000E+00,    2.8520324599E+01,    2.8520324599E+01,    0.0000000000E+00,    0.0000000000E+00,    0.0000000000E+00,    2.8520324599E+01
     50950,      0.676923,CP5_after_vdif,   1,    0.0000000000E+00,    2.8520324599E+01,    2.8520324599E+01,    0.0000000000E+00,    0.0000000000E+00,    0.0000000000E+00,    2.8520324599E+01
     50950,      0.676923,CP6_after_kinetics,   1,    0.0000000000E+00,    2.8520324599E+01,    2.8520324599E+01,    0.0000000000E+00,    0.0000000000E+00,    0.0000000000E+00,    2.8520324599E+01
     50950,      0.676923,CP7_after_upper_clamp,   1,    0.0000000000E+00,    2.8520324599E+01,    2.8520324599E+01,    0.0000000000E+00,    0.0000000000E+00,    0.0000000000E+00,    2.8520324599E+01
     50950,      0.676923,CP8_after_OBC,   1,    0.0000000000E+00,    2.8520324599E+01,    2.8520324599E+01,    0.0000000000E+00,    0.0000000000E+00,    0.0000000000E+00,    2.8520324599E+01
     50950,      0.676923,CP9_after_PTsource,   1,    0.0000000000E+00,    2.8520324599E+01,    2.8520324599E+01,    0.0000000000E+00,    0.0000000000E+00,    0.0000000000E+00,    2.8520324599E+01
     50950,      0.676923,CP10_after_neg_clamp,   1,    0.0000000000E+00,    2.8520324599E+01,    2.8520324599E+01,    0.0000000000E+00,    0.0000000000E+00,    0.0000000000E+00,    2.8520324599E+01
     50950,      0.676923,CP11_after_MPI,   1,    0.0000000000E+00,    2.8520324599E+01,    2.8520324599E+01,    0.0000000000E+00,    0.0000000000E+00,    0.0000000000E+00,    2.8520324599E+01
     50950,      0.676923,CP12_end,   1,    0.0000000000E+00,    2.8520324599E+01,    2.8520324599E+01,    0.0000000000E+00,    0.0000000000E+00,    0.0000000000E+00,    2.8520324599E+01
     51000,      0.676923,CP0_start,   1,    0.0000000000E+00,    2.8575409779E+01,    2.8575409779E+01,    0.0000000000E+00,    0.0000000000E+00,    0.0000000000E+00,    2.8575409779E+01
     51000,      0.676923,CP1_after_deposition,   1,    0.0000000000E+00,    2.8575409779E+01,    2.8575409779E+01,    0.0000000000E+00,    0.0000000000E+00,    0.0000000000E+00,    2.8575409779E+01
     51000,      0.676923,CP2_after_erosion,   1,    0.0000000000E+00,    2.8575409779E+01,    2.8575409779E+01,    0.0000000000E+00,    0.0000000000E+00,    0.0000000000E+00,    2.8575409779E+01
     51000,      0.676923,CP3_after_update_bottom,   1,    0.0000000000E+00,    2.8575409779E+01,    2.8575409779E+01,    0.0000000000E+00,    0.0000000000E+00,    0.0000000000E+00,    2.8575409779E+01
     51000,      0.676923,CP4_after_advection,   1,    0.0000000000E+00,    2.8576484046E+01,    2.8576484046E+01,    0.0000000000E+00,    0.0000000000E+00,    0.0000000000E+00,    2.8576484046E+01
     51000,      0.676923,CP5_after_vdif,   1,    0.0000000000E+00,    2.8576484046E+01,    2.8576484046E+01,    0.0000000000E+00,    0.0000000000E+00,    0.0000000000E+00,    2.8576484046E+01
     51000,      0.676923,CP6_after_kinetics,   1,    0.0000000000E+00,    2.8576484046E+01,    2.8576484046E+01,    0.0000000000E+00,    0.0000000000E+00,    0.0000000000E+00,    2.8576484046E+01
     51000,      0.676923,CP7_after_upper_clamp,   1,    0.0000000000E+00,    2.8576484046E+01,    2.8576484046E+01,    0.0000000000E+00,    0.0000000000E+00,    0.0000000000E+00,    2.8576484046E+01
     51000,      0.676923,CP8_after_OBC,   1,    0.0000000000E+00,    2.8576484046E+01,    2.8576484046E+01,    0.0000000000E+00,    0.0000000000E+00,    0.0000000000E+00,    2.8576484046E+01
     51000,      0.676923,CP9_after_PTsource,   1,    0.0000000000E+00,    2.8576484046E+01,    2.8576484046E+01,    0.0000000000E+00,    0.0000000000E+00,    0.0000000000E+00,    2.8576484046E+01
     51000,      0.676923,CP10_after_neg_clamp,   1,    0.0000000000E+00,    2.8576484046E+01,    2.8576484046E+01,    0.0000000000E+00,    0.0000000000E+00,    0.0000000000E+00,    2.8576484046E+01
     51000,      0.676923,CP11_after_MPI,   1,    0.0000000000E+00,    2.8576484046E+01,    2.8576484046E+01,    0.0000000000E+00,    0.0000000000E+00,    0.0000000000E+00,    2.8576484046E+01
     51000,      0.676923,CP12_end,   1,    0.0000000000E+00,    2.8576484046E+01,    2.8576484046E+01,    0.0000000000E+00,    0.0000000000E+00,    0.0000000000E+00,    2.8576484046E+01
     51050,      0.676923,CP0_start,   1,    0.0000000000E+00,    2.8631577947E+01,    2.8631577947E+01,    0.0000000000E+00,    0.0000000000E+00,    0.0000000000E+00,    2.8631577947E+01
     51050,      0.676923,CP1_after_deposition,   1,    0.0000000000E+00,    2.8631577947E+01,    2.8631577947E+01,    0.0000000000E+00,    0.0000000000E+00,    0.0000000000E+00,    2.8631577947E+01
     51050,      0.676923,CP2_after_erosion,   1,    0.0000000000E+00,    2.8631577947E+01,    2.8631577947E+01,    0.0000000000E+00,    0.0000000000E+00,    0.0000000000E+00,    2.8631577947E+01
     51050,      0.676923,CP3_after_update_bottom,   1,    0.0000000000E+00,    2.8631577947E+01,    2.8631577947E+01,    0.0000000000E+00,    0.0000000000E+00,    0.0000000000E+00,    2.8631577947E+01
     51050,      0.676923,CP4_after_advection,   1,    0.0000000000E+00,    2.8632664717E+01,    2.8632664717E+01,    0.0000000000E+00,    0.0000000000E+00,    0.0000000000E+00,    2.8632664717E+01
     51050,      0.676923,CP5_after_vdif,   1,    0.0000000000E+00,    2.8632664717E+01,    2.8632664717E+01,    0.0000000000E+00,    0.0000000000E+00,    0.0000000000E+00,    2.8632664717E+01
     51050,      0.676923,CP6_after_kinetics,   1,    0.0000000000E+00,    2.8632664717E+01,    2.8632664717E+01,    0.0000000000E+00,    0.0000000000E+00,    0.0000000000E+00,    2.8632664717E+01
     51050,      0.676923,CP7_after_upper_clamp,   1,    0.0000000000E+00,    2.8632664717E+01,    2.8632664717E+01,    0.0000000000E+00,    0.0000000000E+00,    0.0000000000E+00,    2.8632664717E+01
     51050,      0.676923,CP8_after_OBC,   1,    0.0000000000E+00,    2.8632664717E+01,    2.8632664717E+01,    0.0000000000E+00,    0.0000000000E+00,    0.0000000000E+00,    2.8632664717E+01
     51050,      0.676923,CP9_after_PTsource,   1,    0.0000000000E+00,    2.8632664717E+01,    2.8632664717E+01,    0.0000000000E+00,    0.0000000000E+00,    0.0000000000E+00,    2.8632664717E+01
     51050,      0.676923,CP10_after_neg_clamp,   1,    0.0000000000E+00,    2.8632664717E+01,    2.8632664717E+01,    0.0000000000E+00,    0.0000000000E+00,    0.0000000000E+00,    2.8632664717E+01
     51050,      0.676923,CP11_after_MPI,   1,    0.0000000000E+00,    2.8632664717E+01,    2.8632664717E+01,    0.0000000000E+00,    0.0000000000E+00,    0.0000000000E+00,    2.8632664717E+01
     51050,      0.676923,CP12_end,   1,    0.0000000000E+00,    2.8632664717E+01,    2.8632664717E+01,    0.0000000000E+00,    0.0000000000E+00,    0.0000000000E+00,    2.8632664717E+01
     51100,      0.676923,CP0_start,   1,    0.0000000000E+00,    2.8687749862E+01,    2.8687749862E+01,    0.0000000000E+00,    0.0000000000E+00,    0.0000000000E+00,    2.8687749862E+01
     51100,      0.676923,CP1_after_deposition,   1,    0.0000000000E+00,    2.8687749862E+01,    2.8687749862E+01,    0.0000000000E+00,    0.0000000000E+00,    0.0000000000E+00,    2.8687749862E+01
     51100,      0.676923,CP2_after_erosion,   1,    0.0000000000E+00,    2.8687749862E+01,    2.8687749862E+01,    0.0000000000E+00,    0.0000000000E+00,    0.0000000000E+00,    2.8687749862E+01
     51100,      0.676923,CP3_after_update_bottom,   1,    0.0000000000E+00,    2.8687749862E+01,    2.8687749862E+01,    0.0000000000E+00,    0.0000000000E+00,    0.0000000000E+00,    2.8687749862E+01
     51100,      0.676923,CP4_after_advection,   1,    0.0000000000E+00,    2.8688848611E+01,    2.8688848611E+01,    0.0000000000E+00,    0.0000000000E+00,    0.0000000000E+00,    2.8688848611E+01
     51100,      0.676923,CP5_after_vdif,   1,    0.0000000000E+00,    2.8688848611E+01,    2.8688848611E+01,    0.0000000000E+00,    0.0000000000E+00,    0.0000000000E+00,    2.8688848611E+01
     51100,      0.676923,CP6_after_kinetics,   1,    0.0000000000E+00,    2.8688848611E+01,    2.8688848611E+01,    0.0000000000E+00,    0.0000000000E+00,    0.0000000000E+00,    2.8688848611E+01
     51100,      0.676923,CP7_after_upper_clamp,   1,    0.0000000000E+00,    2.8688848611E+01,    2.8688848611E+01,    0.0000000000E+00,    0.0000000000E+00,    0.0000000000E+00,    2.8688848611E+01
     51100,      0.676923,CP8_after_OBC,   1,    0.0000000000E+00,    2.8688848611E+01,    2.8688848611E+01,    0.0000000000E+00,    0.0000000000E+00,    0.0000000000E+00,    2.8688848611E+01
     51100,      0.676923,CP9_after_PTsource,   1,    0.0000000000E+00,    2.8688848611E+01,    2.8688848611E+01,    0.0000000000E+00,    0.0000000000E+00,    0.0000000000E+00,    2.8688848611E+01
     51100,      0.676923,CP10_after_neg_clamp,   1,    0.0000000000E+00,    2.8688848611E+01,    2.8688848611E+01,    0.0000000000E+00,    0.0000000000E+00,    0.0000000000E+00,    2.8688848611E+01
     51100,      0.676923,CP11_after_MPI,   1,    0.0000000000E+00,    2.8688848611E+01,    2.8688848611E+01,    0.0000000000E+00,    0.0000000000E+00,    0.0000000000E+00,    2.8688848611E+01
     51100,      0.676923,CP12_end,   1,    0.0000000000E+00,    2.8688848611E+01,    2.8688848611E+01,    0.0000000000E+00,    0.0000000000E+00,    0.0000000000E+00,    2.8688848611E+01
     51150,      0.676923,CP0_start,   1,    0.0000000000E+00,    2.8743915827E+01,    2.8743915827E+01,    0.0000000000E+00,    0.0000000000E+00,    0.0000000000E+00,    2.8743915827E+01
     51150,      0.676923,CP1_after_deposition,   1,    0.0000000000E+00,    2.8743915827E+01,    2.8743915827E+01,    0.0000000000E+00,    0.0000000000E+00,    0.0000000000E+00,    2.8743915827E+01
     51150,      0.676923,CP2_after_erosion,   1,    0.0000000000E+00,    2.8743915827E+01,    2.8743915827E+01,    0.0000000000E+00,    0.0000000000E+00,    0.0000000000E+00,    2.8743915827E+01
     51150,      0.676923,CP3_after_update_bottom,   1,    0.0000000000E+00,    2.8743915827E+01,    2.8743915827E+01,    0.0000000000E+00,    0.0000000000E+00,    0.0000000000E+00,    2.8743915827E+01
     51150,      0.676923,CP4_after_advection,   1,    0.0000000000E+00,    2.8745025736E+01,    2.8745025736E+01,    0.0000000000E+00,    0.0000000000E+00,    0.0000000000E+00,    2.8745025736E+01
     51150,      0.676923,CP5_after_vdif,   1,    0.0000000000E+00,    2.8745025736E+01,    2.8745025736E+01,    0.0000000000E+00,    0.0000000000E+00,    0.0000000000E+00,    2.8745025736E+01
     51150,      0.676923,CP6_after_kinetics,   1,    0.0000000000E+00,    2.8745025736E+01,    2.8745025736E+01,    0.0000000000E+00,    0.0000000000E+00,    0.0000000000E+00,    2.8745025736E+01
     51150,      0.676923,CP7_after_upper_clamp,   1,    0.0000000000E+00,    2.8745025736E+01,    2.8745025736E+01,    0.0000000000E+00,    0.0000000000E+00,    0.0000000000E+00,    2.8745025736E+01
     51150,      0.676923,CP8_after_OBC,   1,    0.0000000000E+00,    2.8745025736E+01,    2.8745025736E+01,    0.0000000000E+00,    0.0000000000E+00,    0.0000000000E+00,    2.8745025736E+01
     51150,      0.676923,CP9_after_PTsource,   1,    0.0000000000E+00,    2.8745025736E+01,    2.8745025736E+01,    0.0000000000E+00,    0.0000000000E+00,    0.0000000000E+00,    2.8745025736E+01
     51150,      0.676923,CP10_after_neg_clamp,   1,    0.0000000000E+00,    2.8745025736E+01,    2.8745025736E+01,    0.0000000000E+00,    0.0000000000E+00,    0.0000000000E+00,    2.8745025736E+01
     51150,      0.676923,CP11_after_MPI,   1,    0.0000000000E+00,    2.8745025736E+01,    2.8745025736E+01,    0.0000000000E+00,    0.0000000000E+00,    0.0000000000E+00,    2.8745025736E+01
     51150,      0.676923,CP12_end,   1,    0.0000000000E+00,    2.8745025736E+01,    2.8745025736E+01,    0.0000000000E+00,    0.0000000000E+00,    0.0000000000E+00,    2.8745025736E+01
     51200,      0.676923,CP0_start,   1,    0.0000000000E+00,    2.8800080625E+01,    2.8800080625E+01,    0.0000000000E+00,    0.0000000000E+00,    0.0000000000E+00,    2.8800080625E+01
     51200,      0.676923,CP1_after_deposition,   1,    0.0000000000E+00,    2.8800080625E+01,    2.8800080625E+01,    0.0000000000E+00,    0.0000000000E+00,    0.0000000000E+00,    2.8800080625E+01
     51200,      0.676923,CP2_after_erosion,   1,    0.0000000000E+00,    2.8800080625E+01,    2.8800080625E+01,    0.0000000000E+00,    0.0000000000E+00,    0.0000000000E+00,    2.8800080625E+01
     51200,      0.676923,CP3_after_update_bottom,   1,    0.0000000000E+00,    2.8800080625E+01,    2.8800080625E+01,    0.0000000000E+00,    0.0000000000E+00,    0.0000000000E+00,    2.8800080625E+01
     51200,      0.676923,CP4_after_advection,   1,    0.0000000000E+00,    2.8801202396E+01,    2.8801202396E+01,    0.0000000000E+00,    0.0000000000E+00,    0.0000000000E+00,    2.8801202396E+01
     51200,      0.676923,CP5_after_vdif,   1,    0.0000000000E+00,    2.8801202396E+01,    2.8801202396E+01,    0.0000000000E+00,    0.0000000000E+00,    0.0000000000E+00,    2.8801202396E+01
     51200,      0.676923,CP6_after_kinetics,   1,    0.0000000000E+00,    2.8801202396E+01,    2.8801202396E+01,    0.0000000000E+00,    0.0000000000E+00,    0.0000000000E+00,    2.8801202396E+01
     51200,      0.676923,CP7_after_upper_clamp,   1,    0.0000000000E+00,    2.8801202396E+01,    2.8801202396E+01,    0.0000000000E+00,    0.0000000000E+00,    0.0000000000E+00,    2.8801202396E+01
     51200,      0.676923,CP8_after_OBC,   1,    0.0000000000E+00,    2.8801202396E+01,    2.8801202396E+01,    0.0000000000E+00,    0.0000000000E+00,    0.0000000000E+00,    2.8801202396E+01
     51200,      0.676923,CP9_after_PTsource,   1,    0.0000000000E+00,    2.8801202396E+01,    2.8801202396E+01,    0.0000000000E+00,    0.0000000000E+00,    0.0000000000E+00,    2.8801202396E+01
     51200,      0.676923,CP10_after_neg_clamp,   1,    0.0000000000E+00,    2.8801202396E+01,    2.8801202396E+01,    0.0000000000E+00,    0.0000000000E+00,    0.0000000000E+00,    2.8801202396E+01
     51200,      0.676923,CP11_after_MPI,   1,    0.0000000000E+00,    2.8801202396E+01,    2.8801202396E+01,    0.0000000000E+00,    0.0000000000E+00,    0.0000000000E+00,    2.8801202396E+01
     51200,      0.676923,CP12_end,   1,    0.0000000000E+00,    2.8801202396E+01,    2.8801202396E+01,    0.0000000000E+00,    0.0000000000E+00,    0.0000000000E+00,    2.8801202396E+01
     51250,      0.676923,CP0_start,   1,    0.0000000000E+00,    2.8856237743E+01,    2.8856237743E+01,    0.0000000000E+00,    0.0000000000E+00,    0.0000000000E+00,    2.8856237743E+01
     51250,      0.676923,CP1_after_deposition,   1,    0.0000000000E+00,    2.8856237743E+01,    2.8856237743E+01,    0.0000000000E+00,    0.0000000000E+00,    0.0000000000E+00,    2.8856237743E+01
     51250,      0.676923,CP2_after_erosion,   1,    0.0000000000E+00,    2.8856237743E+01,    2.8856237743E+01,    0.0000000000E+00,    0.0000000000E+00,    0.0000000000E+00,    2.8856237743E+01
     51250,      0.676923,CP3_after_update_bottom,   1,    0.0000000000E+00,    2.8856237743E+01,    2.8856237743E+01,    0.0000000000E+00,    0.0000000000E+00,    0.0000000000E+00,    2.8856237743E+01
     51250,      0.676923,CP4_after_advection,   1,    0.0000000000E+00,    2.8857371983E+01,    2.8857371983E+01,    0.0000000000E+00,    0.0000000000E+00,    0.0000000000E+00,    2.8857371983E+01
     51250,      0.676923,CP5_after_vdif,   1,    0.0000000000E+00,    2.8857371983E+01,    2.8857371983E+01,    0.0000000000E+00,    0.0000000000E+00,    0.0000000000E+00,    2.8857371983E+01
     51250,      0.676923,CP6_after_kinetics,   1,    0.0000000000E+00,    2.8857371983E+01,    2.8857371983E+01,    0.0000000000E+00,    0.0000000000E+00,    0.0000000000E+00,    2.8857371983E+01
     51250,      0.676923,CP7_after_upper_clamp,   1,    0.0000000000E+00,    2.8857371983E+01,    2.8857371983E+01,    0.0000000000E+00,    0.0000000000E+00,    0.0000000000E+00,    2.8857371983E+01
     51250,      0.676923,CP8_after_OBC,   1,    0.0000000000E+00,    2.8857371983E+01,    2.8857371983E+01,    0.0000000000E+00,    0.0000000000E+00,    0.0000000000E+00,    2.8857371983E+01
     51250,      0.676923,CP9_after_PTsource,   1,    0.0000000000E+00,    2.8857371983E+01,    2.8857371983E+01,    0.0000000000E+00,    0.0000000000E+00,    0.0000000000E+00,    2.8857371983E+01
     51250,      0.676923,CP10_after_neg_clamp,   1,    0.0000000000E+00,    2.8857371983E+01,    2.8857371983E+01,    0.0000000000E+00,    0.0000000000E+00,    0.0000000000E+00,    2.8857371983E+01
     51250,      0.676923,CP11_after_MPI,   1,    0.0000000000E+00,    2.8857371983E+01,    2.8857371983E+01,    0.0000000000E+00,    0.0000000000E+00,    0.0000000000E+00,    2.8857371983E+01
     51250,      0.676923,CP12_end,   1,    0.0000000000E+00,    2.8857371983E+01,    2.8857371983E+01,    0.0000000000E+00,    0.0000000000E+00,    0.0000000000E+00,    2.8857371983E+01
     51300,      0.676923,CP0_start,   1,    0.0000000000E+00,    2.8912386553E+01,    2.8912386553E+01,    0.0000000000E+00,    0.0000000000E+00,    0.0000000000E+00,    2.8912386553E+01
     51300,      0.676923,CP1_after_deposition,   1,    0.0000000000E+00,    2.8912386553E+01,    2.8912386553E+01,    0.0000000000E+00,    0.0000000000E+00,    0.0000000000E+00,    2.8912386553E+01
     51300,      0.676923,CP2_after_erosion,   1,    0.0000000000E+00,    2.8912386553E+01,    2.8912386553E+01,    0.0000000000E+00,    0.0000000000E+00,    0.0000000000E+00,    2.8912386553E+01
     51300,      0.676923,CP3_after_update_bottom,   1,    0.0000000000E+00,    2.8912386553E+01,    2.8912386553E+01,    0.0000000000E+00,    0.0000000000E+00,    0.0000000000E+00,    2.8912386553E+01
     51300,      0.676923,CP4_after_advection,   1,    0.0000000000E+00,    2.8913531840E+01,    2.8913531840E+01,    0.0000000000E+00,    0.0000000000E+00,    0.0000000000E+00,    2.8913531840E+01
     51300,      0.676923,CP5_after_vdif,   1,    0.0000000000E+00,    2.8913531840E+01,    2.8913531840E+01,    0.0000000000E+00,    0.0000000000E+00,    0.0000000000E+00,    2.8913531840E+01
     51300,      0.676923,CP6_after_kinetics,   1,    0.0000000000E+00,    2.8913531840E+01,    2.8913531840E+01,    0.0000000000E+00,    0.0000000000E+00,    0.0000000000E+00,    2.8913531840E+01
     51300,      0.676923,CP7_after_upper_clamp,   1,    0.0000000000E+00,    2.8913531840E+01,    2.8913531840E+01,    0.0000000000E+00,    0.0000000000E+00,    0.0000000000E+00,    2.8913531840E+01
     51300,      0.676923,CP8_after_OBC,   1,    0.0000000000E+00,    2.8913531840E+01,    2.8913531840E+01,    0.0000000000E+00,    0.0000000000E+00,    0.0000000000E+00,    2.8913531840E+01
     51300,      0.676923,CP9_after_PTsource,   1,    0.0000000000E+00,    2.8913531840E+01,    2.8913531840E+01,    0.0000000000E+00,    0.0000000000E+00,    0.0000000000E+00,    2.8913531840E+01
     51300,      0.676923,CP10_after_neg_clamp,   1,    0.0000000000E+00,    2.8913531840E+01,    2.8913531840E+01,    0.0000000000E+00,    0.0000000000E+00,    0.0000000000E+00,    2.8913531840E+01
     51300,      0.676923,CP11_after_MPI,   1,    0.0000000000E+00,    2.8913531840E+01,    2.8913531840E+01,    0.0000000000E+00,    0.0000000000E+00,    0.0000000000E+00,    2.8913531840E+01
     51300,      0.676923,CP12_end,   1,    0.0000000000E+00,    2.8913531840E+01,    2.8913531840E+01,    0.0000000000E+00,    0.0000000000E+00,    0.0000000000E+00,    2.8913531840E+01
     51350,      0.676923,CP0_start,   1,    0.0000000000E+00,    2.8968456641E+01,    2.8968456641E+01,    0.0000000000E+00,    0.0000000000E+00,    0.0000000000E+00,    2.8968456641E+01
     51350,      0.676923,CP1_after_deposition,   1,    0.0000000000E+00,    2.8968456641E+01,    2.8968456641E+01,    0.0000000000E+00,    0.0000000000E+00,    0.0000000000E+00,    2.8968456641E+01
     51350,      0.676923,CP2_after_erosion,   1,    0.0000000000E+00,    2.8968456641E+01,    2.8968456641E+01,    0.0000000000E+00,    0.0000000000E+00,    0.0000000000E+00,    2.8968456641E+01
     51350,      0.676923,CP3_after_update_bottom,   1,    0.0000000000E+00,    2.8968456641E+01,    2.8968456641E+01,    0.0000000000E+00,    0.0000000000E+00,    0.0000000000E+00,    2.8968456641E+01
     51350,      0.676923,CP4_after_advection,   1,    0.0000000000E+00,    2.8969613384E+01,    2.8969613384E+01,    0.0000000000E+00,    0.0000000000E+00,    0.0000000000E+00,    2.8969613384E+01
     51350,      0.676923,CP5_after_vdif,   1,    0.0000000000E+00,    2.8969613384E+01,    2.8969613384E+01,    0.0000000000E+00,    0.0000000000E+00,    0.0000000000E+00,    2.8969613384E+01
     51350,      0.676923,CP6_after_kinetics,   1,    0.0000000000E+00,    2.8969613384E+01,    2.8969613384E+01,    0.0000000000E+00,    0.0000000000E+00,    0.0000000000E+00,    2.8969613384E+01
     51350,      0.676923,CP7_after_upper_clamp,   1,    0.0000000000E+00,    2.8969613384E+01,    2.8969613384E+01,    0.0000000000E+00,    0.0000000000E+00,    0.0000000000E+00,    2.8969613384E+01
     51350,      0.676923,CP8_after_OBC,   1,    0.0000000000E+00,    2.8969613384E+01,    2.8969613384E+01,    0.0000000000E+00,    0.0000000000E+00,    0.0000000000E+00,    2.8969613384E+01
     51350,      0.676923,CP9_after_PTsource,   1,    0.0000000000E+00,    2.8969613384E+01,    2.8969613384E+01,    0.0000000000E+00,    0.0000000000E+00,    0.0000000000E+00,    2.8969613384E+01
     51350,      0.676923,CP10_after_neg_clamp,   1,    0.0000000000E+00,    2.8969613384E+01,    2.8969613384E+01,    0.0000000000E+00,    0.0000000000E+00,    0.0000000000E+00,    2.8969613384E+01
     51350,      0.676923,CP11_after_MPI,   1,    0.0000000000E+00,    2.8969613384E+01,    2.8969613384E+01,    0.0000000000E+00,    0.0000000000E+00,    0.0000000000E+00,    2.8969613384E+01
     51350,      0.676923,CP12_end,   1,    0.0000000000E+00,    2.8969613384E+01,    2.8969613384E+01,    0.0000000000E+00,    0.0000000000E+00,    0.0000000000E+00,    2.8969613384E+01
     51400,      0.676923,CP0_start,   1,    0.0000000000E+00,    2.9024528480E+01,    2.9024528480E+01,    0.0000000000E+00,    0.0000000000E+00,    0.0000000000E+00,    2.9024528480E+01
     51400,      0.676923,CP1_after_deposition,   1,    0.0000000000E+00,    2.9024528480E+01,    2.9024528480E+01,    0.0000000000E+00,    0.0000000000E+00,    0.0000000000E+00,    2.9024528480E+01
     51400,      0.676923,CP2_after_erosion,   1,    0.0000000000E+00,    2.9024528480E+01,    2.9024528480E+01,    0.0000000000E+00,    0.0000000000E+00,    0.0000000000E+00,    2.9024528480E+01
     51400,      0.676923,CP3_after_update_bottom,   1,    0.0000000000E+00,    2.9024528480E+01,    2.9024528480E+01,    0.0000000000E+00,    0.0000000000E+00,    0.0000000000E+00,    2.9024528480E+01
     51400,      0.676923,CP4_after_advection,   1,    0.0000000000E+00,    2.9025698436E+01,    2.9025698436E+01,    0.0000000000E+00,    0.0000000000E+00,    0.0000000000E+00,    2.9025698436E+01
     51400,      0.676923,CP5_after_vdif,   1,    0.0000000000E+00,    2.9025698436E+01,    2.9025698436E+01,    0.0000000000E+00,    0.0000000000E+00,    0.0000000000E+00,    2.9025698436E+01
     51400,      0.676923,CP6_after_kinetics,   1,    0.0000000000E+00,    2.9025698436E+01,    2.9025698436E+01,    0.0000000000E+00,    0.0000000000E+00,    0.0000000000E+00,    2.9025698436E+01
     51400,      0.676923,CP7_after_upper_clamp,   1,    0.0000000000E+00,    2.9025698436E+01,    2.9025698436E+01,    0.0000000000E+00,    0.0000000000E+00,    0.0000000000E+00,    2.9025698436E+01
     51400,      0.676923,CP8_after_OBC,   1,    0.0000000000E+00,    2.9025698436E+01,    2.9025698436E+01,    0.0000000000E+00,    0.0000000000E+00,    0.0000000000E+00,    2.9025698436E+01
     51400,      0.676923,CP9_after_PTsource,   1,    0.0000000000E+00,    2.9025698436E+01,    2.9025698436E+01,    0.0000000000E+00,    0.0000000000E+00,    0.0000000000E+00,    2.9025698436E+01
     51400,      0.676923,CP10_after_neg_clamp,   1,    0.0000000000E+00,    2.9025698436E+01,    2.9025698436E+01,    0.0000000000E+00,    0.0000000000E+00,    0.0000000000E+00,    2.9025698436E+01
     51400,      0.676923,CP11_after_MPI,   1,    0.0000000000E+00,    2.9025698436E+01,    2.9025698436E+01,    0.0000000000E+00,    0.0000000000E+00,    0.0000000000E+00,    2.9025698436E+01
     51400,      0.676923,CP12_end,   1,    0.0000000000E+00,    2.9025698436E+01,    2.9025698436E+01,    0.0000000000E+00,    0.0000000000E+00,    0.0000000000E+00,    2.9025698436E+01
     51450,      0.676924,CP0_start,   1,    0.0000000000E+00,    2.9080602191E+01,    2.9080602191E+01,    0.0000000000E+00,    0.0000000000E+00,    0.0000000000E+00,    2.9080602191E+01
     51450,      0.676924,CP1_after_deposition,   1,    0.0000000000E+00,    2.9080602191E+01,    2.9080602191E+01,    0.0000000000E+00,    0.0000000000E+00,    0.0000000000E+00,    2.9080602191E+01
     51450,      0.676924,CP2_after_erosion,   1,    0.0000000000E+00,    2.9080602191E+01,    2.9080602191E+01,    0.0000000000E+00,    0.0000000000E+00,    0.0000000000E+00,    2.9080602191E+01
     51450,      0.676924,CP3_after_update_bottom,   1,    0.0000000000E+00,    2.9080602191E+01,    2.9080602191E+01,    0.0000000000E+00,    0.0000000000E+00,    0.0000000000E+00,    2.9080602191E+01
     51450,      0.676924,CP4_after_advection,   1,    0.0000000000E+00,    2.9081784587E+01,    2.9081784587E+01,    0.0000000000E+00,    0.0000000000E+00,    0.0000000000E+00,    2.9081784587E+01
     51450,      0.676924,CP5_after_vdif,   1,    0.0000000000E+00,    2.9081784587E+01,    2.9081784587E+01,    0.0000000000E+00,    0.0000000000E+00,    0.0000000000E+00,    2.9081784587E+01
     51450,      0.676924,CP6_after_kinetics,   1,    0.0000000000E+00,    2.9081784587E+01,    2.9081784587E+01,    0.0000000000E+00,    0.0000000000E+00,    0.0000000000E+00,    2.9081784587E+01
     51450,      0.676924,CP7_after_upper_clamp,   1,    0.0000000000E+00,    2.9081784587E+01,    2.9081784587E+01,    0.0000000000E+00,    0.0000000000E+00,    0.0000000000E+00,    2.9081784587E+01
     51450,      0.676924,CP8_after_OBC,   1,    0.0000000000E+00,    2.9081784587E+01,    2.9081784587E+01,    0.0000000000E+00,    0.0000000000E+00,    0.0000000000E+00,    2.9081784587E+01
     51450,      0.676924,CP9_after_PTsource,   1,    0.0000000000E+00,    2.9081784587E+01,    2.9081784587E+01,    0.0000000000E+00,    0.0000000000E+00,    0.0000000000E+00,    2.9081784587E+01
     51450,      0.676924,CP10_after_neg_clamp,   1,    0.0000000000E+00,    2.9081784587E+01,    2.9081784587E+01,    0.0000000000E+00,    0.0000000000E+00,    0.0000000000E+00,    2.9081784587E+01
     51450,      0.676924,CP11_after_MPI,   1,    0.0000000000E+00,    2.9081784587E+01,    2.9081784587E+01,    0.0000000000E+00,    0.0000000000E+00,    0.0000000000E+00,    2.9081784587E+01
     51450,      0.676924,CP12_end,   1,    0.0000000000E+00,    2.9081784587E+01,    2.9081784587E+01,    0.0000000000E+00,    0.0000000000E+00,    0.0000000000E+00,    2.9081784587E+01
     51500,      0.676924,CP0_start,   1,    0.0000000000E+00,    2.9136678233E+01,    2.9136678233E+01,    0.0000000000E+00,    0.0000000000E+00,    0.0000000000E+00,    2.9136678233E+01
     51500,      0.676924,CP1_after_deposition,   1,    0.0000000000E+00,    2.9136678233E+01,    2.9136678233E+01,    0.0000000000E+00,    0.0000000000E+00,    0.0000000000E+00,    2.9136678233E+01
     51500,      0.676924,CP2_after_erosion,   1,    0.0000000000E+00,    2.9136678233E+01,    2.9136678233E+01,    0.0000000000E+00,    0.0000000000E+00,    0.0000000000E+00,    2.9136678233E+01
     51500,      0.676924,CP3_after_update_bottom,   1,    0.0000000000E+00,    2.9136678233E+01,    2.9136678233E+01,    0.0000000000E+00,    0.0000000000E+00,    0.0000000000E+00,    2.9136678233E+01
     51500,      0.676924,CP4_after_advection,   1,    0.0000000000E+00,    2.9137872433E+01,    2.9137872433E+01,    0.0000000000E+00,    0.0000000000E+00,    0.0000000000E+00,    2.9137872433E+01
     51500,      0.676924,CP5_after_vdif,   1,    0.0000000000E+00,    2.9137872433E+01,    2.9137872433E+01,    0.0000000000E+00,    0.0000000000E+00,    0.0000000000E+00,    2.9137872433E+01
     51500,      0.676924,CP6_after_kinetics,   1,    0.0000000000E+00,    2.9137872433E+01,    2.9137872433E+01,    0.0000000000E+00,    0.0000000000E+00,    0.0000000000E+00,    2.9137872433E+01
     51500,      0.676924,CP7_after_upper_clamp,   1,    0.0000000000E+00,    2.9137872433E+01,    2.9137872433E+01,    0.0000000000E+00,    0.0000000000E+00,    0.0000000000E+00,    2.9137872433E+01
     51500,      0.676924,CP8_after_OBC,   1,    0.0000000000E+00,    2.9137872433E+01,    2.9137872433E+01,    0.0000000000E+00,    0.0000000000E+00,    0.0000000000E+00,    2.9137872433E+01
     51500,      0.676924,CP9_after_PTsource,   1,    0.0000000000E+00,    2.9137872433E+01,    2.9137872433E+01,    0.0000000000E+00,    0.0000000000E+00,    0.0000000000E+00,    2.9137872433E+01
     51500,      0.676924,CP10_after_neg_clamp,   1,    0.0000000000E+00,    2.9137872433E+01,    2.9137872433E+01,    0.0000000000E+00,    0.0000000000E+00,    0.0000000000E+00,    2.9137872433E+01
     51500,      0.676924,CP11_after_MPI,   1,    0.0000000000E+00,    2.9137872433E+01,    2.9137872433E+01,    0.0000000000E+00,    0.0000000000E+00,    0.0000000000E+00,    2.9137872433E+01
     51500,      0.676924,CP12_end,   1,    0.0000000000E+00,    2.9137872433E+01,    2.9137872433E+01,    0.0000000000E+00,    0.0000000000E+00,    0.0000000000E+00,    2.9137872433E+01
     51550,      0.676924,CP0_start,   1,    0.0000000000E+00,    2.9192749542E+01,    2.9192749542E+01,    0.0000000000E+00,    0.0000000000E+00,    0.0000000000E+00,    2.9192749542E+01
     51550,      0.676924,CP1_after_deposition,   1,    0.0000000000E+00,    2.9192749542E+01,    2.9192749542E+01,    0.0000000000E+00,    0.0000000000E+00,    0.0000000000E+00,    2.9192749542E+01
     51550,      0.676924,CP2_after_erosion,   1,    0.0000000000E+00,    2.9192749542E+01,    2.9192749542E+01,    0.0000000000E+00,    0.0000000000E+00,    0.0000000000E+00,    2.9192749542E+01
     51550,      0.676924,CP3_after_update_bottom,   1,    0.0000000000E+00,    2.9192749542E+01,    2.9192749542E+01,    0.0000000000E+00,    0.0000000000E+00,    0.0000000000E+00,    2.9192749542E+01
     51550,      0.676924,CP4_after_advection,   1,    0.0000000000E+00,    2.9193955726E+01,    2.9193955726E+01,    0.0000000000E+00,    0.0000000000E+00,    0.0000000000E+00,    2.9193955726E+01
     51550,      0.676924,CP5_after_vdif,   1,    0.0000000000E+00,    2.9193955726E+01,    2.9193955726E+01,    0.0000000000E+00,    0.0000000000E+00,    0.0000000000E+00,    2.9193955726E+01
     51550,      0.676924,CP6_after_kinetics,   1,    0.0000000000E+00,    2.9193955726E+01,    2.9193955726E+01,    0.0000000000E+00,    0.0000000000E+00,    0.0000000000E+00,    2.9193955726E+01
     51550,      0.676924,CP7_after_upper_clamp,   1,    0.0000000000E+00,    2.9193955726E+01,    2.9193955726E+01,    0.0000000000E+00,    0.0000000000E+00,    0.0000000000E+00,    2.9193955726E+01
     51550,      0.676924,CP8_after_OBC,   1,    0.0000000000E+00,    2.9193955726E+01,    2.9193955726E+01,    0.0000000000E+00,    0.0000000000E+00,    0.0000000000E+00,    2.9193955726E+01
     51550,      0.676924,CP9_after_PTsource,   1,    0.0000000000E+00,    2.9193955726E+01,    2.9193955726E+01,    0.0000000000E+00,    0.0000000000E+00,    0.0000000000E+00,    2.9193955726E+01
     51550,      0.676924,CP10_after_neg_clamp,   1,    0.0000000000E+00,    2.9193955726E+01,    2.9193955726E+01,    0.0000000000E+00,    0.0000000000E+00,    0.0000000000E+00,    2.9193955726E+01
     51550,      0.676924,CP11_after_MPI,   1,    0.0000000000E+00,    2.9193955726E+01,    2.9193955726E+01,    0.0000000000E+00,    0.0000000000E+00,    0.0000000000E+00,    2.9193955726E+01
     51550,      0.676924,CP12_end,   1,    0.0000000000E+00,    2.9193955726E+01,    2.9193955726E+01,    0.0000000000E+00,    0.0000000000E+00,    0.0000000000E+00,    2.9193955726E+01
     51600,      0.676924,CP0_start,   1,    0.0000000000E+00,    2.9248810275E+01,    2.9248810275E+01,    0.0000000000E+00,    0.0000000000E+00,    0.0000000000E+00,    2.9248810275E+01
     51600,      0.676924,CP1_after_deposition,   1,    0.0000000000E+00,    2.9248810275E+01,    2.9248810275E+01,    0.0000000000E+00,    0.0000000000E+00,    0.0000000000E+00,    2.9248810275E+01
     51600,      0.676924,CP2_after_erosion,   1,    0.0000000000E+00,    2.9248810275E+01,    2.9248810275E+01,    0.0000000000E+00,    0.0000000000E+00,    0.0000000000E+00,    2.9248810275E+01
     51600,      0.676924,CP3_after_update_bottom,   1,    0.0000000000E+00,    2.9248810275E+01,    2.9248810275E+01,    0.0000000000E+00,    0.0000000000E+00,    0.0000000000E+00,    2.9248810275E+01
     51600,      0.676924,CP4_after_advection,   1,    0.0000000000E+00,    2.9250028932E+01,    2.9250028932E+01,    0.0000000000E+00,    0.0000000000E+00,    0.0000000000E+00,    2.9250028932E+01
     51600,      0.676924,CP5_after_vdif,   1,    0.0000000000E+00,    2.9250028932E+01,    2.9250028932E+01,    0.0000000000E+00,    0.0000000000E+00,    0.0000000000E+00,    2.9250028932E+01
     51600,      0.676924,CP6_after_kinetics,   1,    0.0000000000E+00,    2.9250028932E+01,    2.9250028932E+01,    0.0000000000E+00,    0.0000000000E+00,    0.0000000000E+00,    2.9250028932E+01
     51600,      0.676924,CP7_after_upper_clamp,   1,    0.0000000000E+00,    2.9250028932E+01,    2.9250028932E+01,    0.0000000000E+00,    0.0000000000E+00,    0.0000000000E+00,    2.9250028932E+01
     51600,      0.676924,CP8_after_OBC,   1,    0.0000000000E+00,    2.9250028932E+01,    2.9250028932E+01,    0.0000000000E+00,    0.0000000000E+00,    0.0000000000E+00,    2.9250028932E+01
     51600,      0.676924,CP9_after_PTsource,   1,    0.0000000000E+00,    2.9250028932E+01,    2.9250028932E+01,    0.0000000000E+00,    0.0000000000E+00,    0.0000000000E+00,    2.9250028932E+01
     51600,      0.676924,CP10_after_neg_clamp,   1,    0.0000000000E+00,    2.9250028932E+01,    2.9250028932E+01,    0.0000000000E+00,    0.0000000000E+00,    0.0000000000E+00,    2.9250028932E+01
     51600,      0.676924,CP11_after_MPI,   1,    0.0000000000E+00,    2.9250028932E+01,    2.9250028932E+01,    0.0000000000E+00,    0.0000000000E+00,    0.0000000000E+00,    2.9250028932E+01
     51600,      0.676924,CP12_end,   1,    0.0000000000E+00,    2.9250028932E+01,    2.9250028932E+01,    0.0000000000E+00,    0.0000000000E+00,    0.0000000000E+00,    2.9250028932E+01
     51650,      0.676924,CP0_start,   1,    0.0000000000E+00,    2.9304839461E+01,    2.9304839461E+01,    0.0000000000E+00,    0.0000000000E+00,    0.0000000000E+00,    2.9304839461E+01
     51650,      0.676924,CP1_after_deposition,   1,    0.0000000000E+00,    2.9304839461E+01,    2.9304839461E+01,    0.0000000000E+00,    0.0000000000E+00,    0.0000000000E+00,    2.9304839461E+01
     51650,      0.676924,CP2_after_erosion,   1,    0.0000000000E+00,    2.9304839461E+01,    2.9304839461E+01,    0.0000000000E+00,    0.0000000000E+00,    0.0000000000E+00,    2.9304839461E+01
     51650,      0.676924,CP3_after_update_bottom,   1,    0.0000000000E+00,    2.9304839461E+01,    2.9304839461E+01,    0.0000000000E+00,    0.0000000000E+00,    0.0000000000E+00,    2.9304839461E+01
     51650,      0.676924,CP4_after_advection,   1,    0.0000000000E+00,    2.9306069400E+01,    2.9306069400E+01,    0.0000000000E+00,    0.0000000000E+00,    0.0000000000E+00,    2.9306069400E+01
     51650,      0.676924,CP5_after_vdif,   1,    0.0000000000E+00,    2.9306069400E+01,    2.9306069400E+01,    0.0000000000E+00,    0.0000000000E+00,    0.0000000000E+00,    2.9306069400E+01
     51650,      0.676924,CP6_after_kinetics,   1,    0.0000000000E+00,    2.9306069400E+01,    2.9306069400E+01,    0.0000000000E+00,    0.0000000000E+00,    0.0000000000E+00,    2.9306069400E+01
     51650,      0.676924,CP7_after_upper_clamp,   1,    0.0000000000E+00,    2.9306069400E+01,    2.9306069400E+01,    0.0000000000E+00,    0.0000000000E+00,    0.0000000000E+00,    2.9306069400E+01
     51650,      0.676924,CP8_after_OBC,   1,    0.0000000000E+00,    2.9306069400E+01,    2.9306069400E+01,    0.0000000000E+00,    0.0000000000E+00,    0.0000000000E+00,    2.9306069400E+01
     51650,      0.676924,CP9_after_PTsource,   1,    0.0000000000E+00,    2.9306069400E+01,    2.9306069400E+01,    0.0000000000E+00,    0.0000000000E+00,    0.0000000000E+00,    2.9306069400E+01
     51650,      0.676924,CP10_after_neg_clamp,   1,    0.0000000000E+00,    2.9306069400E+01,    2.9306069400E+01,    0.0000000000E+00,    0.0000000000E+00,    0.0000000000E+00,    2.9306069400E+01
     51650,      0.676924,CP11_after_MPI,   1,    0.0000000000E+00,    2.9306069400E+01,    2.9306069400E+01,    0.0000000000E+00,    0.0000000000E+00,    0.0000000000E+00,    2.9306069400E+01
     51650,      0.676924,CP12_end,   1,    0.0000000000E+00,    2.9306069400E+01,    2.9306069400E+01,    0.0000000000E+00,    0.0000000000E+00,    0.0000000000E+00,    2.9306069400E+01
     51700,      0.676924,CP0_start,   1,    0.0000000000E+00,    2.9360811800E+01,    2.9360811800E+01,    0.0000000000E+00,    0.0000000000E+00,    0.0000000000E+00,    2.9360811800E+01
     51700,      0.676924,CP1_after_deposition,   1,    0.0000000000E+00,    2.9360811800E+01,    2.9360811800E+01,    0.0000000000E+00,    0.0000000000E+00,    0.0000000000E+00,    2.9360811800E+01
     51700,      0.676924,CP2_after_erosion,   1,    0.0000000000E+00,    2.9360811800E+01,    2.9360811800E+01,    0.0000000000E+00,    0.0000000000E+00,    0.0000000000E+00,    2.9360811800E+01
     51700,      0.676924,CP3_after_update_bottom,   1,    0.0000000000E+00,    2.9360811800E+01,    2.9360811800E+01,    0.0000000000E+00,    0.0000000000E+00,    0.0000000000E+00,    2.9360811800E+01
     51700,      0.676924,CP4_after_advection,   1,    0.0000000000E+00,    2.9362051995E+01,    2.9362051995E+01,    0.0000000000E+00,    0.0000000000E+00,    0.0000000000E+00,    2.9362051995E+01
     51700,      0.676924,CP5_after_vdif,   1,    0.0000000000E+00,    2.9362051995E+01,    2.9362051995E+01,    0.0000000000E+00,    0.0000000000E+00,    0.0000000000E+00,    2.9362051995E+01
     51700,      0.676924,CP6_after_kinetics,   1,    0.0000000000E+00,    2.9362051995E+01,    2.9362051995E+01,    0.0000000000E+00,    0.0000000000E+00,    0.0000000000E+00,    2.9362051995E+01
     51700,      0.676924,CP7_after_upper_clamp,   1,    0.0000000000E+00,    2.9362051995E+01,    2.9362051995E+01,    0.0000000000E+00,    0.0000000000E+00,    0.0000000000E+00,    2.9362051995E+01
     51700,      0.676924,CP8_after_OBC,   1,    0.0000000000E+00,    2.9362051995E+01,    2.9362051995E+01,    0.0000000000E+00,    0.0000000000E+00,    0.0000000000E+00,    2.9362051995E+01
     51700,      0.676924,CP9_after_PTsource,   1,    0.0000000000E+00,    2.9362051995E+01,    2.9362051995E+01,    0.0000000000E+00,    0.0000000000E+00,    0.0000000000E+00,    2.9362051995E+01
     51700,      0.676924,CP10_after_neg_clamp,   1,    0.0000000000E+00,    2.9362051995E+01,    2.9362051995E+01,    0.0000000000E+00,    0.0000000000E+00,    0.0000000000E+00,    2.9362051995E+01
     51700,      0.676924,CP11_after_MPI,   1,    0.0000000000E+00,    2.9362051995E+01,    2.9362051995E+01,    0.0000000000E+00,    0.0000000000E+00,    0.0000000000E+00,    2.9362051995E+01
     51700,      0.676924,CP12_end,   1,    0.0000000000E+00,    2.9362051995E+01,    2.9362051995E+01,    0.0000000000E+00,    0.0000000000E+00,    0.0000000000E+00,    2.9362051995E+01
     51750,      0.676924,CP0_start,   1,    0.0000000000E+00,    2.9416710692E+01,    2.9416710692E+01,    0.0000000000E+00,    0.0000000000E+00,    0.0000000000E+00,    2.9416710692E+01
     51750,      0.676924,CP1_after_deposition,   1,    0.0000000000E+00,    2.9416710692E+01,    2.9416710692E+01,    0.0000000000E+00,    0.0000000000E+00,    0.0000000000E+00,    2.9416710692E+01
     51750,      0.676924,CP2_after_erosion,   1,    0.0000000000E+00,    2.9416710692E+01,    2.9416710692E+01,    0.0000000000E+00,    0.0000000000E+00,    0.0000000000E+00,    2.9416710692E+01
     51750,      0.676924,CP3_after_update_bottom,   1,    0.0000000000E+00,    2.9416710692E+01,    2.9416710692E+01,    0.0000000000E+00,    0.0000000000E+00,    0.0000000000E+00,    2.9416710692E+01
     51750,      0.676924,CP4_after_advection,   1,    0.0000000000E+00,    2.9417962027E+01,    2.9417962027E+01,    0.0000000000E+00,    0.0000000000E+00,    0.0000000000E+00,    2.9417962027E+01
     51750,      0.676924,CP5_after_vdif,   1,    0.0000000000E+00,    2.9417962027E+01,    2.9417962027E+01,    0.0000000000E+00,    0.0000000000E+00,    0.0000000000E+00,    2.9417962027E+01
     51750,      0.676924,CP6_after_kinetics,   1,    0.0000000000E+00,    2.9417962027E+01,    2.9417962027E+01,    0.0000000000E+00,    0.0000000000E+00,    0.0000000000E+00,    2.9417962027E+01
     51750,      0.676924,CP7_after_upper_clamp,   1,    0.0000000000E+00,    2.9417962027E+01,    2.9417962027E+01,    0.0000000000E+00,    0.0000000000E+00,    0.0000000000E+00,    2.9417962027E+01
     51750,      0.676924,CP8_after_OBC,   1,    0.0000000000E+00,    2.9417962027E+01,    2.9417962027E+01,    0.0000000000E+00,    0.0000000000E+00,    0.0000000000E+00,    2.9417962027E+01
     51750,      0.676924,CP9_after_PTsource,   1,    0.0000000000E+00,    2.9417962027E+01,    2.9417962027E+01,    0.0000000000E+00,    0.0000000000E+00,    0.0000000000E+00,    2.9417962027E+01
     51750,      0.676924,CP10_after_neg_clamp,   1,    0.0000000000E+00,    2.9417962027E+01,    2.9417962027E+01,    0.0000000000E+00,    0.0000000000E+00,    0.0000000000E+00,    2.9417962027E+01
     51750,      0.676924,CP11_after_MPI,   1,    0.0000000000E+00,    2.9417962027E+01,    2.9417962027E+01,    0.0000000000E+00,    0.0000000000E+00,    0.0000000000E+00,    2.9417962027E+01
     51750,      0.676924,CP12_end,   1,    0.0000000000E+00,    2.9417962027E+01,    2.9417962027E+01,    0.0000000000E+00,    0.0000000000E+00,    0.0000000000E+00,    2.9417962027E+01
     51800,      0.676924,CP0_start,   1,    0.0000000000E+00,    2.9472504848E+01,    2.9472504848E+01,    0.0000000000E+00,    0.0000000000E+00,    0.0000000000E+00,    2.9472504848E+01
     51800,      0.676924,CP1_after_deposition,   1,    0.0000000000E+00,    2.9472504848E+01,    2.9472504848E+01,    0.0000000000E+00,    0.0000000000E+00,    0.0000000000E+00,    2.9472504848E+01
     51800,      0.676924,CP2_after_erosion,   1,    0.0000000000E+00,    2.9472504848E+01,    2.9472504848E+01,    0.0000000000E+00,    0.0000000000E+00,    0.0000000000E+00,    2.9472504848E+01
     51800,      0.676924,CP3_after_update_bottom,   1,    0.0000000000E+00,    2.9472504848E+01,    2.9472504848E+01,    0.0000000000E+00,    0.0000000000E+00,    0.0000000000E+00,    2.9472504848E+01
     51800,      0.676924,CP4_after_advection,   1,    0.0000000000E+00,    2.9473766095E+01,    2.9473766095E+01,    0.0000000000E+00,    0.0000000000E+00,    0.0000000000E+00,    2.9473766095E+01
     51800,      0.676924,CP5_after_vdif,   1,    0.0000000000E+00,    2.9473766095E+01,    2.9473766095E+01,    0.0000000000E+00,    0.0000000000E+00,    0.0000000000E+00,    2.9473766095E+01
     51800,      0.676924,CP6_after_kinetics,   1,    0.0000000000E+00,    2.9473766095E+01,    2.9473766095E+01,    0.0000000000E+00,    0.0000000000E+00,    0.0000000000E+00,    2.9473766095E+01
     51800,      0.676924,CP7_after_upper_clamp,   1,    0.0000000000E+00,    2.9473766095E+01,    2.9473766095E+01,    0.0000000000E+00,    0.0000000000E+00,    0.0000000000E+00,    2.9473766095E+01
     51800,      0.676924,CP8_after_OBC,   1,    0.0000000000E+00,    2.9473766095E+01,    2.9473766095E+01,    0.0000000000E+00,    0.0000000000E+00,    0.0000000000E+00,    2.9473766095E+01
     51800,      0.676924,CP9_after_PTsource,   1,    0.0000000000E+00,    2.9473766095E+01,    2.9473766095E+01,    0.0000000000E+00,    0.0000000000E+00,    0.0000000000E+00,    2.9473766095E+01
     51800,      0.676924,CP10_after_neg_clamp,   1,    0.0000000000E+00,    2.9473766095E+01,    2.9473766095E+01,    0.0000000000E+00,    0.0000000000E+00,    0.0000000000E+00,    2.9473766095E+01
     51800,      0.676924,CP11_after_MPI,   1,    0.0000000000E+00,    2.9473766095E+01,    2.9473766095E+01,    0.0000000000E+00,    0.0000000000E+00,    0.0000000000E+00,    2.9473766095E+01
     51800,      0.676924,CP12_end,   1,    0.0000000000E+00,    2.9473766095E+01,    2.9473766095E+01,    0.0000000000E+00,    0.0000000000E+00,    0.0000000000E+00,    2.9473766095E+01
     51850,      0.676924,CP0_start,   1,    0.0000000000E+00,    2.9528149495E+01,    2.9528149495E+01,    0.0000000000E+00,    0.0000000000E+00,    0.0000000000E+00,    2.9528149495E+01
     51850,      0.676924,CP1_after_deposition,   1,    0.0000000000E+00,    2.9528149495E+01,    2.9528149495E+01,    0.0000000000E+00,    0.0000000000E+00,    0.0000000000E+00,    2.9528149495E+01
     51850,      0.676924,CP2_after_erosion,   1,    0.0000000000E+00,    2.9528149495E+01,    2.9528149495E+01,    0.0000000000E+00,    0.0000000000E+00,    0.0000000000E+00,    2.9528149495E+01
     51850,      0.676924,CP3_after_update_bottom,   1,    0.0000000000E+00,    2.9528149495E+01,    2.9528149495E+01,    0.0000000000E+00,    0.0000000000E+00,    0.0000000000E+00,    2.9528149495E+01
     51850,      0.676924,CP4_after_advection,   1,    0.0000000000E+00,    2.9529420019E+01,    2.9529420019E+01,    0.0000000000E+00,    0.0000000000E+00,    0.0000000000E+00,    2.9529420019E+01
     51850,      0.676924,CP5_after_vdif,   1,    0.0000000000E+00,    2.9529420019E+01,    2.9529420019E+01,    0.0000000000E+00,    0.0000000000E+00,    0.0000000000E+00,    2.9529420019E+01
     51850,      0.676924,CP6_after_kinetics,   1,    0.0000000000E+00,    2.9529420019E+01,    2.9529420019E+01,    0.0000000000E+00,    0.0000000000E+00,    0.0000000000E+00,    2.9529420019E+01
     51850,      0.676924,CP7_after_upper_clamp,   1,    0.0000000000E+00,    2.9529420019E+01,    2.9529420019E+01,    0.0000000000E+00,    0.0000000000E+00,    0.0000000000E+00,    2.9529420019E+01
     51850,      0.676924,CP8_after_OBC,   1,    0.0000000000E+00,    2.9529420019E+01,    2.9529420019E+01,    0.0000000000E+00,    0.0000000000E+00,    0.0000000000E+00,    2.9529420019E+01
     51850,      0.676924,CP9_after_PTsource,   1,    0.0000000000E+00,    2.9529420019E+01,    2.9529420019E+01,    0.0000000000E+00,    0.0000000000E+00,    0.0000000000E+00,    2.9529420019E+01
     51850,      0.676924,CP10_after_neg_clamp,   1,    0.0000000000E+00,    2.9529420019E+01,    2.9529420019E+01,    0.0000000000E+00,    0.0000000000E+00,    0.0000000000E+00,    2.9529420019E+01
     51850,      0.676924,CP11_after_MPI,   1,    0.0000000000E+00,    2.9529420019E+01,    2.9529420019E+01,    0.0000000000E+00,    0.0000000000E+00,    0.0000000000E+00,    2.9529420019E+01
     51850,      0.676924,CP12_end,   1,    0.0000000000E+00,    2.9529420019E+01,    2.9529420019E+01,    0.0000000000E+00,    0.0000000000E+00,    0.0000000000E+00,    2.9529420019E+01
     51900,      0.676924,CP0_start,   1,    0.0000000000E+00,    2.9583604435E+01,    2.9583604435E+01,    0.0000000000E+00,    0.0000000000E+00,    0.0000000000E+00,    2.9583604435E+01
     51900,      0.676924,CP1_after_deposition,   1,    0.0000000000E+00,    2.9583604435E+01,    2.9583604435E+01,    0.0000000000E+00,    0.0000000000E+00,    0.0000000000E+00,    2.9583604435E+01
     51900,      0.676924,CP2_after_erosion,   1,    0.0000000000E+00,    2.9583604435E+01,    2.9583604435E+01,    0.0000000000E+00,    0.0000000000E+00,    0.0000000000E+00,    2.9583604435E+01
     51900,      0.676924,CP3_after_update_bottom,   1,    0.0000000000E+00,    2.9583604435E+01,    2.9583604435E+01,    0.0000000000E+00,    0.0000000000E+00,    0.0000000000E+00,    2.9583604435E+01
     51900,      0.676924,CP4_after_advection,   1,    0.0000000000E+00,    2.9584883310E+01,    2.9584883310E+01,    0.0000000000E+00,    0.0000000000E+00,    0.0000000000E+00,    2.9584883310E+01
     51900,      0.676924,CP5_after_vdif,   1,    0.0000000000E+00,    2.9584883310E+01,    2.9584883310E+01,    0.0000000000E+00,    0.0000000000E+00,    0.0000000000E+00,    2.9584883310E+01
     51900,      0.676924,CP6_after_kinetics,   1,    0.0000000000E+00,    2.9584883310E+01,    2.9584883310E+01,    0.0000000000E+00,    0.0000000000E+00,    0.0000000000E+00,    2.9584883310E+01
     51900,      0.676924,CP7_after_upper_clamp,   1,    0.0000000000E+00,    2.9584883310E+01,    2.9584883310E+01,    0.0000000000E+00,    0.0000000000E+00,    0.0000000000E+00,    2.9584883310E+01
     51900,      0.676924,CP8_after_OBC,   1,    0.0000000000E+00,    2.9584883310E+01,    2.9584883310E+01,    0.0000000000E+00,    0.0000000000E+00,    0.0000000000E+00,    2.9584883310E+01
     51900,      0.676924,CP9_after_PTsource,   1,    0.0000000000E+00,    2.9584883310E+01,    2.9584883310E+01,    0.0000000000E+00,    0.0000000000E+00,    0.0000000000E+00,    2.9584883310E+01
     51900,      0.676924,CP10_after_neg_clamp,   1,    0.0000000000E+00,    2.9584883310E+01,    2.9584883310E+01,    0.0000000000E+00,    0.0000000000E+00,    0.0000000000E+00,    2.9584883310E+01
     51900,      0.676924,CP11_after_MPI,   1,    0.0000000000E+00,    2.9584883310E+01,    2.9584883310E+01,    0.0000000000E+00,    0.0000000000E+00,    0.0000000000E+00,    2.9584883310E+01
     51900,      0.676924,CP12_end,   1,    0.0000000000E+00,    2.9584883310E+01,    2.9584883310E+01,    0.0000000000E+00,    0.0000000000E+00,    0.0000000000E+00,    2.9584883310E+01
     51950,      0.676924,CP0_start,   1,    0.0000000000E+00,    2.9638829671E+01,    2.9638829671E+01,    0.0000000000E+00,    0.0000000000E+00,    0.0000000000E+00,    2.9638829671E+01
     51950,      0.676924,CP1_after_deposition,   1,    0.0000000000E+00,    2.9638829671E+01,    2.9638829671E+01,    0.0000000000E+00,    0.0000000000E+00,    0.0000000000E+00,    2.9638829671E+01
     51950,      0.676924,CP2_after_erosion,   1,    0.0000000000E+00,    2.9638829671E+01,    2.9638829671E+01,    0.0000000000E+00,    0.0000000000E+00,    0.0000000000E+00,    2.9638829671E+01
     51950,      0.676924,CP3_after_update_bottom,   1,    0.0000000000E+00,    2.9638829671E+01,    2.9638829671E+01,    0.0000000000E+00,    0.0000000000E+00,    0.0000000000E+00,    2.9638829671E+01
     51950,      0.676924,CP4_after_advection,   1,    0.0000000000E+00,    2.9640115735E+01,    2.9640115735E+01,    0.0000000000E+00,    0.0000000000E+00,    0.0000000000E+00,    2.9640115735E+01
     51950,      0.676924,CP5_after_vdif,   1,    0.0000000000E+00,    2.9640115735E+01,    2.9640115735E+01,    0.0000000000E+00,    0.0000000000E+00,    0.0000000000E+00,    2.9640115735E+01
     51950,      0.676924,CP6_after_kinetics,   1,    0.0000000000E+00,    2.9640115735E+01,    2.9640115735E+01,    0.0000000000E+00,    0.0000000000E+00,    0.0000000000E+00,    2.9640115735E+01
     51950,      0.676924,CP7_after_upper_clamp,   1,    0.0000000000E+00,    2.9640115735E+01,    2.9640115735E+01,    0.0000000000E+00,    0.0000000000E+00,    0.0000000000E+00,    2.9640115735E+01
     51950,      0.676924,CP8_after_OBC,   1,    0.0000000000E+00,    2.9640115735E+01,    2.9640115735E+01,    0.0000000000E+00,    0.0000000000E+00,    0.0000000000E+00,    2.9640115735E+01
     51950,      0.676924,CP9_after_PTsource,   1,    0.0000000000E+00,    2.9640115735E+01,    2.9640115735E+01,    0.0000000000E+00,    0.0000000000E+00,    0.0000000000E+00,    2.9640115735E+01
     51950,      0.676924,CP10_after_neg_clamp,   1,    0.0000000000E+00,    2.9640115735E+01,    2.9640115735E+01,    0.0000000000E+00,    0.0000000000E+00,    0.0000000000E+00,    2.9640115735E+01
     51950,      0.676924,CP11_after_MPI,   1,    0.0000000000E+00,    2.9640115735E+01,    2.9640115735E+01,    0.0000000000E+00,    0.0000000000E+00,    0.0000000000E+00,    2.9640115735E+01
     51950,      0.676924,CP12_end,   1,    0.0000000000E+00,    2.9640115735E+01,    2.9640115735E+01,    0.0000000000E+00,    0.0000000000E+00,    0.0000000000E+00,    2.9640115735E+01
     52000,      0.676924,CP0_start,   1,    0.0000000000E+00,    2.9693782180E+01,    2.9693782180E+01,    0.0000000000E+00,    0.0000000000E+00,    0.0000000000E+00,    2.9693782180E+01
     52000,      0.676924,CP1_after_deposition,   1,    0.0000000000E+00,    2.9693782180E+01,    2.9693782180E+01,    0.0000000000E+00,    0.0000000000E+00,    0.0000000000E+00,    2.9693782180E+01
     52000,      0.676924,CP2_after_erosion,   1,    0.0000000000E+00,    2.9693782180E+01,    2.9693782180E+01,    0.0000000000E+00,    0.0000000000E+00,    0.0000000000E+00,    2.9693782180E+01
     52000,      0.676924,CP3_after_update_bottom,   1,    0.0000000000E+00,    2.9693782180E+01,    2.9693782180E+01,    0.0000000000E+00,    0.0000000000E+00,    0.0000000000E+00,    2.9693782180E+01
     52000,      0.676924,CP4_after_advection,   1,    0.0000000000E+00,    2.9695074855E+01,    2.9695074855E+01,    0.0000000000E+00,    0.0000000000E+00,    0.0000000000E+00,    2.9695074855E+01
     52000,      0.676924,CP5_after_vdif,   1,    0.0000000000E+00,    2.9695074855E+01,    2.9695074855E+01,    0.0000000000E+00,    0.0000000000E+00,    0.0000000000E+00,    2.9695074855E+01
     52000,      0.676924,CP6_after_kinetics,   1,    0.0000000000E+00,    2.9695074855E+01,    2.9695074855E+01,    0.0000000000E+00,    0.0000000000E+00,    0.0000000000E+00,    2.9695074855E+01
     52000,      0.676924,CP7_after_upper_clamp,   1,    0.0000000000E+00,    2.9695074855E+01,    2.9695074855E+01,    0.0000000000E+00,    0.0000000000E+00,    0.0000000000E+00,    2.9695074855E+01
     52000,      0.676924,CP8_after_OBC,   1,    0.0000000000E+00,    2.9695074855E+01,    2.9695074855E+01,    0.0000000000E+00,    0.0000000000E+00,    0.0000000000E+00,    2.9695074855E+01
     52000,      0.676924,CP9_after_PTsource,   1,    0.0000000000E+00,    2.9695074855E+01,    2.9695074855E+01,    0.0000000000E+00,    0.0000000000E+00,    0.0000000000E+00,    2.9695074855E+01
     52000,      0.676924,CP10_after_neg_clamp,   1,    0.0000000000E+00,    2.9695074855E+01,    2.9695074855E+01,    0.0000000000E+00,    0.0000000000E+00,    0.0000000000E+00,    2.9695074855E+01
     52000,      0.676924,CP11_after_MPI,   1,    0.0000000000E+00,    2.9695074855E+01,    2.9695074855E+01,    0.0000000000E+00,    0.0000000000E+00,    0.0000000000E+00,    2.9695074855E+01
     52000,      0.676924,CP12_end,   1,    0.0000000000E+00,    2.9695074855E+01,    2.9695074855E+01,    0.0000000000E+00,    0.0000000000E+00,    0.0000000000E+00,    2.9695074855E+01
     52050,      0.676924,CP0_start,   1,    0.0000000000E+00,    2.9748418452E+01,    2.9748418452E+01,    0.0000000000E+00,    0.0000000000E+00,    0.0000000000E+00,    2.9748418452E+01
     52050,      0.676924,CP1_after_deposition,   1,    0.0000000000E+00,    2.9748418452E+01,    2.9748418452E+01,    0.0000000000E+00,    0.0000000000E+00,    0.0000000000E+00,    2.9748418452E+01
     52050,      0.676924,CP2_after_erosion,   1,    0.0000000000E+00,    2.9748418452E+01,    2.9748418452E+01,    0.0000000000E+00,    0.0000000000E+00,    0.0000000000E+00,    2.9748418452E+01
     52050,      0.676924,CP3_after_update_bottom,   1,    0.0000000000E+00,    2.9748418452E+01,    2.9748418452E+01,    0.0000000000E+00,    0.0000000000E+00,    0.0000000000E+00,    2.9748418452E+01
     52050,      0.676924,CP4_after_advection,   1,    0.0000000000E+00,    2.9749718254E+01,    2.9749718254E+01,    0.0000000000E+00,    0.0000000000E+00,    0.0000000000E+00,    2.9749718254E+01
     52050,      0.676924,CP5_after_vdif,   1,    0.0000000000E+00,    2.9749718254E+01,    2.9749718254E+01,    0.0000000000E+00,    0.0000000000E+00,    0.0000000000E+00,    2.9749718254E+01
     52050,      0.676924,CP6_after_kinetics,   1,    0.0000000000E+00,    2.9749718254E+01,    2.9749718254E+01,    0.0000000000E+00,    0.0000000000E+00,    0.0000000000E+00,    2.9749718254E+01
     52050,      0.676924,CP7_after_upper_clamp,   1,    0.0000000000E+00,    2.9749718254E+01,    2.9749718254E+01,    0.0000000000E+00,    0.0000000000E+00,    0.0000000000E+00,    2.9749718254E+01
     52050,      0.676924,CP8_after_OBC,   1,    0.0000000000E+00,    2.9749718254E+01,    2.9749718254E+01,    0.0000000000E+00,    0.0000000000E+00,    0.0000000000E+00,    2.9749718254E+01
     52050,      0.676924,CP9_after_PTsource,   1,    0.0000000000E+00,    2.9749718254E+01,    2.9749718254E+01,    0.0000000000E+00,    0.0000000000E+00,    0.0000000000E+00,    2.9749718254E+01
     52050,      0.676924,CP10_after_neg_clamp,   1,    0.0000000000E+00,    2.9749718254E+01,    2.9749718254E+01,    0.0000000000E+00,    0.0000000000E+00,    0.0000000000E+00,    2.9749718254E+01
     52050,      0.676924,CP11_after_MPI,   1,    0.0000000000E+00,    2.9749718254E+01,    2.9749718254E+01,    0.0000000000E+00,    0.0000000000E+00,    0.0000000000E+00,    2.9749718254E+01
     52050,      0.676924,CP12_end,   1,    0.0000000000E+00,    2.9749718254E+01,    2.9749718254E+01,    0.0000000000E+00,    0.0000000000E+00,    0.0000000000E+00,    2.9749718254E+01
     52100,      0.676924,CP0_start,   1,    0.0000000000E+00,    2.9802720822E+01,    2.9802720822E+01,    0.0000000000E+00,    0.0000000000E+00,    0.0000000000E+00,    2.9802720822E+01
     52100,      0.676924,CP1_after_deposition,   1,    0.0000000000E+00,    2.9802720822E+01,    2.9802720822E+01,    0.0000000000E+00,    0.0000000000E+00,    0.0000000000E+00,    2.9802720822E+01
     52100,      0.676924,CP2_after_erosion,   1,    0.0000000000E+00,    2.9802720822E+01,    2.9802720822E+01,    0.0000000000E+00,    0.0000000000E+00,    0.0000000000E+00,    2.9802720822E+01
     52100,      0.676924,CP3_after_update_bottom,   1,    0.0000000000E+00,    2.9802720822E+01,    2.9802720822E+01,    0.0000000000E+00,    0.0000000000E+00,    0.0000000000E+00,    2.9802720822E+01
     52100,      0.676924,CP4_after_advection,   1,    0.0000000000E+00,    2.9804027404E+01,    2.9804027404E+01,    0.0000000000E+00,    0.0000000000E+00,    0.0000000000E+00,    2.9804027404E+01
     52100,      0.676924,CP5_after_vdif,   1,    0.0000000000E+00,    2.9804027404E+01,    2.9804027404E+01,    0.0000000000E+00,    0.0000000000E+00,    0.0000000000E+00,    2.9804027404E+01
     52100,      0.676924,CP6_after_kinetics,   1,    0.0000000000E+00,    2.9804027404E+01,    2.9804027404E+01,    0.0000000000E+00,    0.0000000000E+00,    0.0000000000E+00,    2.9804027404E+01
     52100,      0.676924,CP7_after_upper_clamp,   1,    0.0000000000E+00,    2.9804027404E+01,    2.9804027404E+01,    0.0000000000E+00,    0.0000000000E+00,    0.0000000000E+00,    2.9804027404E+01
     52100,      0.676924,CP8_after_OBC,   1,    0.0000000000E+00,    2.9804027404E+01,    2.9804027404E+01,    0.0000000000E+00,    0.0000000000E+00,    0.0000000000E+00,    2.9804027404E+01
     52100,      0.676924,CP9_after_PTsource,   1,    0.0000000000E+00,    2.9804027404E+01,    2.9804027404E+01,    0.0000000000E+00,    0.0000000000E+00,    0.0000000000E+00,    2.9804027404E+01
     52100,      0.676924,CP10_after_neg_clamp,   1,    0.0000000000E+00,    2.9804027404E+01,    2.9804027404E+01,    0.0000000000E+00,    0.0000000000E+00,    0.0000000000E+00,    2.9804027404E+01
     52100,      0.676924,CP11_after_MPI,   1,    0.0000000000E+00,    2.9804027404E+01,    2.9804027404E+01,    0.0000000000E+00,    0.0000000000E+00,    0.0000000000E+00,    2.9804027404E+01
     52100,      0.676924,CP12_end,   1,    0.0000000000E+00,    2.9804027404E+01,    2.9804027404E+01,    0.0000000000E+00,    0.0000000000E+00,    0.0000000000E+00,    2.9804027404E+01
     52150,      0.676924,CP0_start,   1,    0.0000000000E+00,    2.9856683490E+01,    2.9856683490E+01,    0.0000000000E+00,    0.0000000000E+00,    0.0000000000E+00,    2.9856683490E+01
     52150,      0.676924,CP1_after_deposition,   1,    0.0000000000E+00,    2.9856683490E+01,    2.9856683490E+01,    0.0000000000E+00,    0.0000000000E+00,    0.0000000000E+00,    2.9856683490E+01
     52150,      0.676924,CP2_after_erosion,   1,                 NaN,                 NaN,                 NaN,    0.0000000000E+00,    0.0000000000E+00,    0.0000000000E+00,                 NaN
     52150,      0.676924,CP3_after_update_bottom,   1,                 NaN,                 NaN,                 NaN,    0.0000000000E+00,    0.0000000000E+00,    0.0000000000E+00,                 NaN
     52150,      0.676924,CP4_after_advection,   1,                 NaN,                 NaN,                 NaN,    0.0000000000E+00,    0.0000000000E+00,    0.0000000000E+00,                 NaN
     52150,      0.676924,CP5_after_vdif,   1,                 NaN,                 NaN,                 NaN,    0.0000000000E+00,    0.0000000000E+00,    0.0000000000E+00,                 NaN
     52150,      0.676924,CP6_after_kinetics,   1,                 NaN,                 NaN,                 NaN,    0.0000000000E+00,    0.0000000000E+00,    0.0000000000E+00,                 NaN
     52150,      0.676924,CP7_after_upper_clamp,   1,                 NaN,                 NaN,                 NaN,    0.0000000000E+00,    0.0000000000E+00,    0.0000000000E+00,                 NaN
     52150,      0.676924,CP8_after_OBC,   1,                 NaN,                 NaN,                 NaN,    0.0000000000E+00,    0.0000000000E+00,    0.0000000000E+00,                 NaN
     52150,      0.676924,CP9_after_PTsource,   1,                 NaN,                 NaN,                 NaN,    0.0000000000E+00,    0.0000000000E+00,    0.0000000000E+00,                 NaN
     52150,      0.676924,CP10_after_neg_clamp,   1,    0.0000000000E+00,    2.9857996690E+01,    2.9857996690E+01,    0.0000000000E+00,    0.0000000000E+00,    0.0000000000E+00,    2.9857996690E+01
     52150,      0.676924,CP11_after_MPI,   1,    0.0000000000E+00,    2.9857996690E+01,    2.9857996690E+01,    0.0000000000E+00,    0.0000000000E+00,    0.0000000000E+00,    2.9857996690E+01
     52150,      0.676924,CP12_end,   1,    0.0000000000E+00,    2.9857996690E+01,    2.9857996690E+01,    0.0000000000E+00,    0.0000000000E+00,    0.0000000000E+00,    2.9857996690E+01
     52200,      0.676924,CP0_start,   1,    0.0000000000E+00,    2.9910302562E+01,    2.9910302562E+01,    0.0000000000E+00,    0.0000000000E+00,    0.0000000000E+00,    2.9910302562E+01
     52200,      0.676924,CP1_after_deposition,   1,    0.0000000000E+00,    2.9910302562E+01,    2.9910302562E+01,    0.0000000000E+00,    0.0000000000E+00,    0.0000000000E+00,    2.9910302562E+01
     52200,      0.676924,CP2_after_erosion,   1,    0.0000000000E+00,    2.9910302562E+01,    2.9910302562E+01,    0.0000000000E+00,    0.0000000000E+00,    0.0000000000E+00,    2.9910302562E+01
     52200,      0.676924,CP3_after_update_bottom,   1,    0.0000000000E+00,    2.9910302562E+01,    2.9910302562E+01,    0.0000000000E+00,    0.0000000000E+00,    0.0000000000E+00,    2.9910302562E+01
     52200,      0.676924,CP4_after_advection,   1,    0.0000000000E+00,    2.9911622766E+01,    2.9911622766E+01,    0.0000000000E+00,    0.0000000000E+00,    0.0000000000E+00,    2.9911622766E+01
     52200,      0.676924,CP5_after_vdif,   1,    0.0000000000E+00,    2.9911622766E+01,    2.9911622766E+01,    0.0000000000E+00,    0.0000000000E+00,    0.0000000000E+00,    2.9911622766E+01
     52200,      0.676924,CP6_after_kinetics,   1,    0.0000000000E+00,    2.9911622766E+01,    2.9911622766E+01,    0.0000000000E+00,    0.0000000000E+00,    0.0000000000E+00,    2.9911622766E+01
     52200,      0.676924,CP7_after_upper_clamp,   1,    0.0000000000E+00,    2.9911622766E+01,    2.9911622766E+01,    0.0000000000E+00,    0.0000000000E+00,    0.0000000000E+00,    2.9911622766E+01
     52200,      0.676924,CP8_after_OBC,   1,    0.0000000000E+00,    2.9911622766E+01,    2.9911622766E+01,    0.0000000000E+00,    0.0000000000E+00,    0.0000000000E+00,    2.9911622766E+01
     52200,      0.676924,CP9_after_PTsource,   1,    0.0000000000E+00,    2.9911622766E+01,    2.9911622766E+01,    0.0000000000E+00,    0.0000000000E+00,    0.0000000000E+00,    2.9911622766E+01
     52200,      0.676924,CP10_after_neg_clamp,   1,    0.0000000000E+00,    2.9911622766E+01,    2.9911622766E+01,    0.0000000000E+00,    0.0000000000E+00,    0.0000000000E+00,    2.9911622766E+01
     52200,      0.676924,CP11_after_MPI,   1,    0.0000000000E+00,    2.9911622766E+01,    2.9911622766E+01,    0.0000000000E+00,    0.0000000000E+00,    0.0000000000E+00,    2.9911622766E+01
     52200,      0.676924,CP12_end,   1,    0.0000000000E+00,    2.9911622766E+01,    2.9911622766E+01,    0.0000000000E+00,    0.0000000000E+00,    0.0000000000E+00,    2.9911622766E+01
     52250,      0.676924,CP0_start,   1,    0.0000000000E+00,    2.9963600804E+01,    2.9963600804E+01,    0.0000000000E+00,    0.0000000000E+00,    0.0000000000E+00,    2.9963600804E+01
     52250,      0.676924,CP1_after_deposition,   1,    0.0000000000E+00,    2.9963600804E+01,    2.9963600804E+01,    0.0000000000E+00,    0.0000000000E+00,    0.0000000000E+00,    2.9963600804E+01
     52250,      0.676924,CP2_after_erosion,   1,    0.0000000000E+00,    2.9963600804E+01,    2.9963600804E+01,    0.0000000000E+00,    0.0000000000E+00,    0.0000000000E+00,    2.9963600804E+01
     52250,      0.676924,CP3_after_update_bottom,   1,    0.0000000000E+00,    2.9963600804E+01,    2.9963600804E+01,    0.0000000000E+00,    0.0000000000E+00,    0.0000000000E+00,    2.9963600804E+01
     52250,      0.676924,CP4_after_advection,   1,    0.0000000000E+00,    2.9964928897E+01,    2.9964928897E+01,    0.0000000000E+00,    0.0000000000E+00,    0.0000000000E+00,    2.9964928897E+01
     52250,      0.676924,CP5_after_vdif,   1,    0.0000000000E+00,    2.9964928897E+01,    2.9964928897E+01,    0.0000000000E+00,    0.0000000000E+00,    0.0000000000E+00,    2.9964928897E+01
     52250,      0.676924,CP6_after_kinetics,   1,    0.0000000000E+00,    2.9964928897E+01,    2.9964928897E+01,    0.0000000000E+00,    0.0000000000E+00,    0.0000000000E+00,    2.9964928897E+01
     52250,      0.676924,CP7_after_upper_clamp,   1,    0.0000000000E+00,    2.9964928897E+01,    2.9964928897E+01,    0.0000000000E+00,    0.0000000000E+00,    0.0000000000E+00,    2.9964928897E+01
     52250,      0.676924,CP8_after_OBC,   1,    0.0000000000E+00,    2.9964928897E+01,    2.9964928897E+01,    0.0000000000E+00,    0.0000000000E+00,    0.0000000000E+00,    2.9964928897E+01
     52250,      0.676924,CP9_after_PTsource,   1,    0.0000000000E+00,    2.9964928897E+01,    2.9964928897E+01,    0.0000000000E+00,    0.0000000000E+00,    0.0000000000E+00,    2.9964928897E+01
     52250,      0.676924,CP10_after_neg_clamp,   1,    0.0000000000E+00,    2.9964928897E+01,    2.9964928897E+01,    0.0000000000E+00,    0.0000000000E+00,    0.0000000000E+00,    2.9964928897E+01
     52250,      0.676924,CP11_after_MPI,   1,    0.0000000000E+00,    2.9964928897E+01,    2.9964928897E+01,    0.0000000000E+00,    0.0000000000E+00,    0.0000000000E+00,    2.9964928897E+01
     52250,      0.676924,CP12_end,   1,    0.0000000000E+00,    2.9964928897E+01,    2.9964928897E+01,    0.0000000000E+00,    0.0000000000E+00,    0.0000000000E+00,    2.9964928897E+01
     52300,      0.676924,CP0_start,   1,    0.0000000000E+00,    3.0016615015E+01,    3.0016615015E+01,    0.0000000000E+00,    0.0000000000E+00,    0.0000000000E+00,    3.0016615015E+01
     52300,      0.676924,CP1_after_deposition,   1,    0.0000000000E+00,    3.0016615015E+01,    3.0016615015E+01,    0.0000000000E+00,    0.0000000000E+00,    0.0000000000E+00,    3.0016615015E+01
     52300,      0.676924,CP2_after_erosion,   1,    0.0000000000E+00,    3.0016615015E+01,    3.0016615015E+01,    0.0000000000E+00,    0.0000000000E+00,    0.0000000000E+00,    3.0016615015E+01
     52300,      0.676924,CP3_after_update_bottom,   1,    0.0000000000E+00,    3.0016615015E+01,    3.0016615015E+01,    0.0000000000E+00,    0.0000000000E+00,    0.0000000000E+00,    3.0016615015E+01
     52300,      0.676924,CP4_after_advection,   1,    0.0000000000E+00,    3.0017951458E+01,    3.0017951458E+01,    0.0000000000E+00,    0.0000000000E+00,    0.0000000000E+00,    3.0017951458E+01
     52300,      0.676924,CP5_after_vdif,   1,    0.0000000000E+00,    3.0017951458E+01,    3.0017951458E+01,    0.0000000000E+00,    0.0000000000E+00,    0.0000000000E+00,    3.0017951458E+01
     52300,      0.676924,CP6_after_kinetics,   1,    0.0000000000E+00,    3.0017951458E+01,    3.0017951458E+01,    0.0000000000E+00,    0.0000000000E+00,    0.0000000000E+00,    3.0017951458E+01
     52300,      0.676924,CP7_after_upper_clamp,   1,    0.0000000000E+00,    3.0017951458E+01,    3.0017951458E+01,    0.0000000000E+00,    0.0000000000E+00,    0.0000000000E+00,    3.0017951458E+01
     52300,      0.676924,CP8_after_OBC,   1,    0.0000000000E+00,    3.0017951458E+01,    3.0017951458E+01,    0.0000000000E+00,    0.0000000000E+00,    0.0000000000E+00,    3.0017951458E+01
     52300,      0.676924,CP9_after_PTsource,   1,    0.0000000000E+00,    3.0017951458E+01,    3.0017951458E+01,    0.0000000000E+00,    0.0000000000E+00,    0.0000000000E+00,    3.0017951458E+01
     52300,      0.676924,CP10_after_neg_clamp,   1,    0.0000000000E+00,    3.0017951458E+01,    3.0017951458E+01,    0.0000000000E+00,    0.0000000000E+00,    0.0000000000E+00,    3.0017951458E+01
     52300,      0.676924,CP11_after_MPI,   1,    0.0000000000E+00,    3.0017951458E+01,    3.0017951458E+01,    0.0000000000E+00,    0.0000000000E+00,    0.0000000000E+00,    3.0017951458E+01
     52300,      0.676924,CP12_end,   1,    0.0000000000E+00,    3.0017951458E+01,    3.0017951458E+01,    0.0000000000E+00,    0.0000000000E+00,    0.0000000000E+00,    3.0017951458E+01
     52350,      0.676924,CP0_start,   1,    0.0000000000E+00,    3.0069390405E+01,    3.0069390405E+01,    0.0000000000E+00,    0.0000000000E+00,    0.0000000000E+00,    3.0069390405E+01
     52350,      0.676924,CP1_after_deposition,   1,    0.0000000000E+00,    3.0069390405E+01,    3.0069390405E+01,    0.0000000000E+00,    0.0000000000E+00,    0.0000000000E+00,    3.0069390405E+01
     52350,      0.676924,CP2_after_erosion,   1,    0.0000000000E+00,    3.0069390405E+01,    3.0069390405E+01,    0.0000000000E+00,    0.0000000000E+00,    0.0000000000E+00,    3.0069390405E+01
     52350,      0.676924,CP3_after_update_bottom,   1,    0.0000000000E+00,    3.0069390405E+01,    3.0069390405E+01,    0.0000000000E+00,    0.0000000000E+00,    0.0000000000E+00,    3.0069390405E+01
     52350,      0.676924,CP4_after_advection,   1,    0.0000000000E+00,    3.0070735593E+01,    3.0070735593E+01,    0.0000000000E+00,    0.0000000000E+00,    0.0000000000E+00,    3.0070735593E+01
     52350,      0.676924,CP5_after_vdif,   1,    0.0000000000E+00,    3.0070735593E+01,    3.0070735593E+01,    0.0000000000E+00,    0.0000000000E+00,    0.0000000000E+00,    3.0070735593E+01
     52350,      0.676924,CP6_after_kinetics,   1,    0.0000000000E+00,    3.0070735593E+01,    3.0070735593E+01,    0.0000000000E+00,    0.0000000000E+00,    0.0000000000E+00,    3.0070735593E+01
     52350,      0.676924,CP7_after_upper_clamp,   1,    0.0000000000E+00,    3.0070735593E+01,    3.0070735593E+01,    0.0000000000E+00,    0.0000000000E+00,    0.0000000000E+00,    3.0070735593E+01
     52350,      0.676924,CP8_after_OBC,   1,    0.0000000000E+00,    3.0070735593E+01,    3.0070735593E+01,    0.0000000000E+00,    0.0000000000E+00,    0.0000000000E+00,    3.0070735593E+01
     52350,      0.676924,CP9_after_PTsource,   1,    0.0000000000E+00,    3.0070735593E+01,    3.0070735593E+01,    0.0000000000E+00,    0.0000000000E+00,    0.0000000000E+00,    3.0070735593E+01
     52350,      0.676924,CP10_after_neg_clamp,   1,    0.0000000000E+00,    3.0070735593E+01,    3.0070735593E+01,    0.0000000000E+00,    0.0000000000E+00,    0.0000000000E+00,    3.0070735593E+01
     52350,      0.676924,CP11_after_MPI,   1,    0.0000000000E+00,    3.0070735593E+01,    3.0070735593E+01,    0.0000000000E+00,    0.0000000000E+00,    0.0000000000E+00,    3.0070735593E+01
     52350,      0.676924,CP12_end,   1,    0.0000000000E+00,    3.0070735593E+01,    3.0070735593E+01,    0.0000000000E+00,    0.0000000000E+00,    0.0000000000E+00,    3.0070735593E+01
     52400,      0.676924,CP0_start,   1,    0.0000000000E+00,    3.0121986109E+01,    3.0121986109E+01,    0.0000000000E+00,    0.0000000000E+00,    0.0000000000E+00,    3.0121986109E+01
     52400,      0.676924,CP1_after_deposition,   1,    0.0000000000E+00,    3.0121986109E+01,    3.0121986109E+01,    0.0000000000E+00,    0.0000000000E+00,    0.0000000000E+00,    3.0121986109E+01
     52400,      0.676924,CP2_after_erosion,   1,    0.0000000000E+00,    3.0121986109E+01,    3.0121986109E+01,    0.0000000000E+00,    0.0000000000E+00,    0.0000000000E+00,    3.0121986109E+01
     52400,      0.676924,CP3_after_update_bottom,   1,    0.0000000000E+00,    3.0121986109E+01,    3.0121986109E+01,    0.0000000000E+00,    0.0000000000E+00,    0.0000000000E+00,    3.0121986109E+01
     52400,      0.676924,CP4_after_advection,   1,    0.0000000000E+00,    3.0123341770E+01,    3.0123341770E+01,    0.0000000000E+00,    0.0000000000E+00,    0.0000000000E+00,    3.0123341770E+01
     52400,      0.676924,CP5_after_vdif,   1,    0.0000000000E+00,    3.0123341770E+01,    3.0123341770E+01,    0.0000000000E+00,    0.0000000000E+00,    0.0000000000E+00,    3.0123341770E+01
     52400,      0.676924,CP6_after_kinetics,   1,    0.0000000000E+00,    3.0123341770E+01,    3.0123341770E+01,    0.0000000000E+00,    0.0000000000E+00,    0.0000000000E+00,    3.0123341770E+01
     52400,      0.676924,CP7_after_upper_clamp,   1,    0.0000000000E+00,    3.0123341770E+01,    3.0123341770E+01,    0.0000000000E+00,    0.0000000000E+00,    0.0000000000E+00,    3.0123341770E+01
     52400,      0.676924,CP8_after_OBC,   1,    0.0000000000E+00,    3.0123341770E+01,    3.0123341770E+01,    0.0000000000E+00,    0.0000000000E+00,    0.0000000000E+00,    3.0123341770E+01
     52400,      0.676924,CP9_after_PTsource,   1,    0.0000000000E+00,    3.0123341770E+01,    3.0123341770E+01,    0.0000000000E+00,    0.0000000000E+00,    0.0000000000E+00,    3.0123341770E+01
     52400,      0.676924,CP10_after_neg_clamp,   1,    0.0000000000E+00,    3.0123341770E+01,    3.0123341770E+01,    0.0000000000E+00,    0.0000000000E+00,    0.0000000000E+00,    3.0123341770E+01
     52400,      0.676924,CP11_after_MPI,   1,    0.0000000000E+00,    3.0123341770E+01,    3.0123341770E+01,    0.0000000000E+00,    0.0000000000E+00,    0.0000000000E+00,    3.0123341770E+01
     52400,      0.676924,CP12_end,   1,    0.0000000000E+00,    3.0123341770E+01,    3.0123341770E+01,    0.0000000000E+00,    0.0000000000E+00,    0.0000000000E+00,    3.0123341770E+01
     52450,      0.676924,CP0_start,   1,    0.0000000000E+00,    3.0174454419E+01,    3.0174454419E+01,    0.0000000000E+00,    0.0000000000E+00,    0.0000000000E+00,    3.0174454419E+01
     52450,      0.676924,CP1_after_deposition,   1,    0.0000000000E+00,    3.0174454419E+01,    3.0174454419E+01,    0.0000000000E+00,    0.0000000000E+00,    0.0000000000E+00,    3.0174454419E+01
     52450,      0.676924,CP2_after_erosion,   1,    0.0000000000E+00,    3.0174454419E+01,    3.0174454419E+01,    0.0000000000E+00,    0.0000000000E+00,    0.0000000000E+00,    3.0174454419E+01
     52450,      0.676924,CP3_after_update_bottom,   1,    0.0000000000E+00,    3.0174454419E+01,    3.0174454419E+01,    0.0000000000E+00,    0.0000000000E+00,    0.0000000000E+00,    3.0174454419E+01
     52450,      0.676924,CP4_after_advection,   1,    0.0000000000E+00,    3.0175821751E+01,    3.0175821751E+01,    0.0000000000E+00,    0.0000000000E+00,    0.0000000000E+00,    3.0175821751E+01
     52450,      0.676924,CP5_after_vdif,   1,    0.0000000000E+00,    3.0175821751E+01,    3.0175821751E+01,    0.0000000000E+00,    0.0000000000E+00,    0.0000000000E+00,    3.0175821751E+01
     52450,      0.676924,CP6_after_kinetics,   1,    0.0000000000E+00,    3.0175821751E+01,    3.0175821751E+01,    0.0000000000E+00,    0.0000000000E+00,    0.0000000000E+00,    3.0175821751E+01
     52450,      0.676924,CP7_after_upper_clamp,   1,    0.0000000000E+00,    3.0175821751E+01,    3.0175821751E+01,    0.0000000000E+00,    0.0000000000E+00,    0.0000000000E+00,    3.0175821751E+01
     52450,      0.676924,CP8_after_OBC,   1,    0.0000000000E+00,    3.0175821751E+01,    3.0175821751E+01,    0.0000000000E+00,    0.0000000000E+00,    0.0000000000E+00,    3.0175821751E+01
     52450,      0.676924,CP9_after_PTsource,   1,    0.0000000000E+00,    3.0175821751E+01,    3.0175821751E+01,    0.0000000000E+00,    0.0000000000E+00,    0.0000000000E+00,    3.0175821751E+01
     52450,      0.676924,CP10_after_neg_clamp,   1,    0.0000000000E+00,    3.0175821751E+01,    3.0175821751E+01,    0.0000000000E+00,    0.0000000000E+00,    0.0000000000E+00,    3.0175821751E+01
     52450,      0.676924,CP11_after_MPI,   1,    0.0000000000E+00,    3.0175821751E+01,    3.0175821751E+01,    0.0000000000E+00,    0.0000000000E+00,    0.0000000000E+00,    3.0175821751E+01
     52450,      0.676924,CP12_end,   1,    0.0000000000E+00,    3.0175821751E+01,    3.0175821751E+01,    0.0000000000E+00,    0.0000000000E+00,    0.0000000000E+00,    3.0175821751E+01
     52500,      0.676924,CP0_start,   1,    0.0000000000E+00,    3.0226853561E+01,    3.0226853561E+01,    0.0000000000E+00,    0.0000000000E+00,    0.0000000000E+00,    3.0226853561E+01
     52500,      0.676924,CP1_after_deposition,   1,    0.0000000000E+00,    3.0226853561E+01,    3.0226853561E+01,    0.0000000000E+00,    0.0000000000E+00,    0.0000000000E+00,    3.0226853561E+01
     52500,      0.676924,CP2_after_erosion,   1,    0.0000000000E+00,    3.0226853561E+01,    3.0226853561E+01,    0.0000000000E+00,    0.0000000000E+00,    0.0000000000E+00,    3.0226853561E+01
     52500,      0.676924,CP3_after_update_bottom,   1,    0.0000000000E+00,    3.0226853561E+01,    3.0226853561E+01,    0.0000000000E+00,    0.0000000000E+00,    0.0000000000E+00,    3.0226853561E+01
     52500,      0.676924,CP4_after_advection,   1,    0.0000000000E+00,    3.0228233369E+01,    3.0228233369E+01,    0.0000000000E+00,    0.0000000000E+00,    0.0000000000E+00,    3.0228233369E+01
     52500,      0.676924,CP5_after_vdif,   1,    0.0000000000E+00,    3.0228233369E+01,    3.0228233369E+01,    0.0000000000E+00,    0.0000000000E+00,    0.0000000000E+00,    3.0228233369E+01
     52500,      0.676924,CP6_after_kinetics,   1,    0.0000000000E+00,    3.0228233369E+01,    3.0228233369E+01,    0.0000000000E+00,    0.0000000000E+00,    0.0000000000E+00,    3.0228233369E+01
     52500,      0.676924,CP7_after_upper_clamp,   1,    0.0000000000E+00,    3.0228233369E+01,    3.0228233369E+01,    0.0000000000E+00,    0.0000000000E+00,    0.0000000000E+00,    3.0228233369E+01
     52500,      0.676924,CP8_after_OBC,   1,    0.0000000000E+00,    3.0228233369E+01,    3.0228233369E+01,    0.0000000000E+00,    0.0000000000E+00,    0.0000000000E+00,    3.0228233369E+01
     52500,      0.676924,CP9_after_PTsource,   1,    0.0000000000E+00,    3.0228233369E+01,    3.0228233369E+01,    0.0000000000E+00,    0.0000000000E+00,    0.0000000000E+00,    3.0228233369E+01
     52500,      0.676924,CP10_after_neg_clamp,   1,    0.0000000000E+00,    3.0228233369E+01,    3.0228233369E+01,    0.0000000000E+00,    0.0000000000E+00,    0.0000000000E+00,    3.0228233369E+01
     52500,      0.676924,CP11_after_MPI,   1,    0.0000000000E+00,    3.0228233369E+01,    3.0228233369E+01,    0.0000000000E+00,    0.0000000000E+00,    0.0000000000E+00,    3.0228233369E+01
     52500,      0.676924,CP12_end,   1,    0.0000000000E+00,    3.0228233369E+01,    3.0228233369E+01,    0.0000000000E+00,    0.0000000000E+00,    0.0000000000E+00,    3.0228233369E+01
     52550,      0.676924,CP0_start,   1,    0.0000000000E+00,    3.0279248607E+01,    3.0279248607E+01,    0.0000000000E+00,    0.0000000000E+00,    0.0000000000E+00,    3.0279248607E+01
     52550,      0.676924,CP1_after_deposition,   1,    0.0000000000E+00,    3.0279248607E+01,    3.0279248607E+01,    0.0000000000E+00,    0.0000000000E+00,    0.0000000000E+00,    3.0279248607E+01
     52550,      0.676924,CP2_after_erosion,   1,    0.0000000000E+00,    3.0279248607E+01,    3.0279248607E+01,    0.0000000000E+00,    0.0000000000E+00,    0.0000000000E+00,    3.0279248607E+01
     52550,      0.676924,CP3_after_update_bottom,   1,    0.0000000000E+00,    3.0279248607E+01,    3.0279248607E+01,    0.0000000000E+00,    0.0000000000E+00,    0.0000000000E+00,    3.0279248607E+01
     52550,      0.676924,CP4_after_advection,   1,    0.0000000000E+00,    3.0280642852E+01,    3.0280642852E+01,    0.0000000000E+00,    0.0000000000E+00,    0.0000000000E+00,    3.0280642852E+01
     52550,      0.676924,CP5_after_vdif,   1,    0.0000000000E+00,    3.0280642852E+01,    3.0280642852E+01,    0.0000000000E+00,    0.0000000000E+00,    0.0000000000E+00,    3.0280642852E+01
     52550,      0.676924,CP6_after_kinetics,   1,    0.0000000000E+00,    3.0280642852E+01,    3.0280642852E+01,    0.0000000000E+00,    0.0000000000E+00,    0.0000000000E+00,    3.0280642852E+01
     52550,      0.676924,CP7_after_upper_clamp,   1,    0.0000000000E+00,    3.0280642852E+01,    3.0280642852E+01,    0.0000000000E+00,    0.0000000000E+00,    0.0000000000E+00,    3.0280642852E+01
     52550,      0.676924,CP8_after_OBC,   1,    0.0000000000E+00,    3.0280642852E+01,    3.0280642852E+01,    0.0000000000E+00,    0.0000000000E+00,    0.0000000000E+00,    3.0280642852E+01
     52550,      0.676924,CP9_after_PTsource,   1,    0.0000000000E+00,    3.0280642852E+01,    3.0280642852E+01,    0.0000000000E+00,    0.0000000000E+00,    0.0000000000E+00,    3.0280642852E+01
     52550,      0.676924,CP10_after_neg_clamp,   1,    0.0000000000E+00,    3.0280642852E+01,    3.0280642852E+01,    0.0000000000E+00,    0.0000000000E+00,    0.0000000000E+00,    3.0280642852E+01
     52550,      0.676924,CP11_after_MPI,   1,    0.0000000000E+00,    3.0280642852E+01,    3.0280642852E+01,    0.0000000000E+00,    0.0000000000E+00,    0.0000000000E+00,    3.0280642852E+01
     52550,      0.676924,CP12_end,   1,    0.0000000000E+00,    3.0280642852E+01,    3.0280642852E+01,    0.0000000000E+00,    0.0000000000E+00,    0.0000000000E+00,    3.0280642852E+01
     52600,      0.676924,CP0_start,   1,    0.0000000000E+00,    3.0331693935E+01,    3.0331693935E+01,    0.0000000000E+00,    0.0000000000E+00,    0.0000000000E+00,    3.0331693935E+01
     52600,      0.676924,CP1_after_deposition,   1,    0.0000000000E+00,    3.0331693935E+01,    3.0331693935E+01,    0.0000000000E+00,    0.0000000000E+00,    0.0000000000E+00,    3.0331693935E+01
     52600,      0.676924,CP2_after_erosion,   1,    0.0000000000E+00,    3.0331693935E+01,    3.0331693935E+01,    0.0000000000E+00,    0.0000000000E+00,    0.0000000000E+00,    3.0331693935E+01
     52600,      0.676924,CP3_after_update_bottom,   1,    0.0000000000E+00,    3.0331693935E+01,    3.0331693935E+01,    0.0000000000E+00,    0.0000000000E+00,    0.0000000000E+00,    3.0331693935E+01
     52600,      0.676924,CP4_after_advection,   1,    0.0000000000E+00,    3.0333104861E+01,    3.0333104861E+01,    0.0000000000E+00,    0.0000000000E+00,    0.0000000000E+00,    3.0333104861E+01
     52600,      0.676924,CP5_after_vdif,   1,    0.0000000000E+00,    3.0333104861E+01,    3.0333104861E+01,    0.0000000000E+00,    0.0000000000E+00,    0.0000000000E+00,    3.0333104861E+01
     52600,      0.676924,CP6_after_kinetics,   1,    0.0000000000E+00,    3.0333104861E+01,    3.0333104861E+01,    0.0000000000E+00,    0.0000000000E+00,    0.0000000000E+00,    3.0333104861E+01
     52600,      0.676924,CP7_after_upper_clamp,   1,    0.0000000000E+00,    3.0333104861E+01,    3.0333104861E+01,    0.0000000000E+00,    0.0000000000E+00,    0.0000000000E+00,    3.0333104861E+01
     52600,      0.676924,CP8_after_OBC,   1,    0.0000000000E+00,    3.0333104861E+01,    3.0333104861E+01,    0.0000000000E+00,    0.0000000000E+00,    0.0000000000E+00,    3.0333104861E+01
     52600,      0.676924,CP9_after_PTsource,   1,    0.0000000000E+00,    3.0333104861E+01,    3.0333104861E+01,    0.0000000000E+00,    0.0000000000E+00,    0.0000000000E+00,    3.0333104861E+01
     52600,      0.676924,CP10_after_neg_clamp,   1,    0.0000000000E+00,    3.0333104861E+01,    3.0333104861E+01,    0.0000000000E+00,    0.0000000000E+00,    0.0000000000E+00,    3.0333104861E+01
     52600,      0.676924,CP11_after_MPI,   1,    0.0000000000E+00,    3.0333104861E+01,    3.0333104861E+01,    0.0000000000E+00,    0.0000000000E+00,    0.0000000000E+00,    3.0333104861E+01
     52600,      0.676924,CP12_end,   1,    0.0000000000E+00,    3.0333104861E+01,    3.0333104861E+01,    0.0000000000E+00,    0.0000000000E+00,    0.0000000000E+00,    3.0333104861E+01
     52650,      0.676924,CP0_start,   1,    0.0000000000E+00,    3.0384240723E+01,    3.0384240723E+01,    0.0000000000E+00,    0.0000000000E+00,    0.0000000000E+00,    3.0384240723E+01
     52650,      0.676924,CP1_after_deposition,   1,    0.0000000000E+00,    3.0384240723E+01,    3.0384240723E+01,    0.0000000000E+00,    0.0000000000E+00,    0.0000000000E+00,    3.0384240723E+01
     52650,      0.676924,CP2_after_erosion,   1,    0.0000000000E+00,    3.0384240723E+01,    3.0384240723E+01,    0.0000000000E+00,    0.0000000000E+00,    0.0000000000E+00,    3.0384240723E+01
     52650,      0.676924,CP3_after_update_bottom,   1,    0.0000000000E+00,    3.0384240723E+01,    3.0384240723E+01,    0.0000000000E+00,    0.0000000000E+00,    0.0000000000E+00,    3.0384240723E+01
     52650,      0.676924,CP4_after_advection,   1,    0.0000000000E+00,    3.0385669673E+01,    3.0385669673E+01,    0.0000000000E+00,    0.0000000000E+00,    0.0000000000E+00,    3.0385669673E+01
     52650,      0.676924,CP5_after_vdif,   1,    0.0000000000E+00,    3.0385669673E+01,    3.0385669673E+01,    0.0000000000E+00,    0.0000000000E+00,    0.0000000000E+00,    3.0385669673E+01
     52650,      0.676924,CP6_after_kinetics,   1,    0.0000000000E+00,    3.0385669673E+01,    3.0385669673E+01,    0.0000000000E+00,    0.0000000000E+00,    0.0000000000E+00,    3.0385669673E+01
     52650,      0.676924,CP7_after_upper_clamp,   1,    0.0000000000E+00,    3.0385669673E+01,    3.0385669673E+01,    0.0000000000E+00,    0.0000000000E+00,    0.0000000000E+00,    3.0385669673E+01
     52650,      0.676924,CP8_after_OBC,   1,    0.0000000000E+00,    3.0385669673E+01,    3.0385669673E+01,    0.0000000000E+00,    0.0000000000E+00,    0.0000000000E+00,    3.0385669673E+01
     52650,      0.676924,CP9_after_PTsource,   1,    0.0000000000E+00,    3.0385669673E+01,    3.0385669673E+01,    0.0000000000E+00,    0.0000000000E+00,    0.0000000000E+00,    3.0385669673E+01
     52650,      0.676924,CP10_after_neg_clamp,   1,    0.0000000000E+00,    3.0385669673E+01,    3.0385669673E+01,    0.0000000000E+00,    0.0000000000E+00,    0.0000000000E+00,    3.0385669673E+01
     52650,      0.676924,CP11_after_MPI,   1,    0.0000000000E+00,    3.0385669673E+01,    3.0385669673E+01,    0.0000000000E+00,    0.0000000000E+00,    0.0000000000E+00,    3.0385669673E+01
     52650,      0.676924,CP12_end,   1,    0.0000000000E+00,    3.0385669673E+01,    3.0385669673E+01,    0.0000000000E+00,    0.0000000000E+00,    0.0000000000E+00,    3.0385669673E+01
     52700,      0.676924,CP0_start,   1,    0.0000000000E+00,    3.0436930740E+01,    3.0436930740E+01,    0.0000000000E+00,    0.0000000000E+00,    0.0000000000E+00,    3.0436930740E+01
     52700,      0.676924,CP1_after_deposition,   1,    0.0000000000E+00,    3.0436930740E+01,    3.0436930740E+01,    0.0000000000E+00,    0.0000000000E+00,    0.0000000000E+00,    3.0436930740E+01
     52700,      0.676924,CP2_after_erosion,   1,    0.0000000000E+00,    3.0436930740E+01,    3.0436930740E+01,    0.0000000000E+00,    0.0000000000E+00,    0.0000000000E+00,    3.0436930740E+01
     52700,      0.676924,CP3_after_update_bottom,   1,    0.0000000000E+00,    3.0436930740E+01,    3.0436930740E+01,    0.0000000000E+00,    0.0000000000E+00,    0.0000000000E+00,    3.0436930740E+01
     52700,      0.676924,CP4_after_advection,   1,    0.0000000000E+00,    3.0438378412E+01,    3.0438378412E+01,    0.0000000000E+00,    0.0000000000E+00,    0.0000000000E+00,    3.0438378412E+01
     52700,      0.676924,CP5_after_vdif,   1,    0.0000000000E+00,    3.0438378412E+01,    3.0438378412E+01,    0.0000000000E+00,    0.0000000000E+00,    0.0000000000E+00,    3.0438378412E+01
     52700,      0.676924,CP6_after_kinetics,   1,    0.0000000000E+00,    3.0438378412E+01,    3.0438378412E+01,    0.0000000000E+00,    0.0000000000E+00,    0.0000000000E+00,    3.0438378412E+01
     52700,      0.676924,CP7_after_upper_clamp,   1,    0.0000000000E+00,    3.0438378412E+01,    3.0438378412E+01,    0.0000000000E+00,    0.0000000000E+00,    0.0000000000E+00,    3.0438378412E+01
     52700,      0.676924,CP8_after_OBC,   1,    0.0000000000E+00,    3.0438378412E+01,    3.0438378412E+01,    0.0000000000E+00,    0.0000000000E+00,    0.0000000000E+00,    3.0438378412E+01
     52700,      0.676924,CP9_after_PTsource,   1,    0.0000000000E+00,    3.0438378412E+01,    3.0438378412E+01,    0.0000000000E+00,    0.0000000000E+00,    0.0000000000E+00,    3.0438378412E+01
     52700,      0.676924,CP10_after_neg_clamp,   1,    0.0000000000E+00,    3.0438378412E+01,    3.0438378412E+01,    0.0000000000E+00,    0.0000000000E+00,    0.0000000000E+00,    3.0438378412E+01
     52700,      0.676924,CP11_after_MPI,   1,    0.0000000000E+00,    3.0438378412E+01,    3.0438378412E+01,    0.0000000000E+00,    0.0000000000E+00,    0.0000000000E+00,    3.0438378412E+01
     52700,      0.676924,CP12_end,   1,    0.0000000000E+00,    3.0438378412E+01,    3.0438378412E+01,    0.0000000000E+00,    0.0000000000E+00,    0.0000000000E+00,    3.0438378412E+01
     52750,      0.676924,CP0_start,   1,    0.0000000000E+00,    3.0489800748E+01,    3.0489800748E+01,    0.0000000000E+00,    0.0000000000E+00,    0.0000000000E+00,    3.0489800748E+01
     52750,      0.676924,CP1_after_deposition,   1,    0.0000000000E+00,    3.0489800748E+01,    3.0489800748E+01,    0.0000000000E+00,    0.0000000000E+00,    0.0000000000E+00,    3.0489800748E+01
     52750,      0.676924,CP2_after_erosion,   1,    0.0000000000E+00,    3.0489800748E+01,    3.0489800748E+01,    0.0000000000E+00,    0.0000000000E+00,    0.0000000000E+00,    3.0489800748E+01
     52750,      0.676924,CP3_after_update_bottom,   1,    0.0000000000E+00,    3.0489800748E+01,    3.0489800748E+01,    0.0000000000E+00,    0.0000000000E+00,    0.0000000000E+00,    3.0489800748E+01
     52750,      0.676924,CP4_after_advection,   1,    0.0000000000E+00,    3.0491267738E+01,    3.0491267738E+01,    0.0000000000E+00,    0.0000000000E+00,    0.0000000000E+00,    3.0491267738E+01
     52750,      0.676924,CP5_after_vdif,   1,    0.0000000000E+00,    3.0491267738E+01,    3.0491267738E+01,    0.0000000000E+00,    0.0000000000E+00,    0.0000000000E+00,    3.0491267738E+01
     52750,      0.676924,CP6_after_kinetics,   1,    0.0000000000E+00,    3.0491267738E+01,    3.0491267738E+01,    0.0000000000E+00,    0.0000000000E+00,    0.0000000000E+00,    3.0491267738E+01
     52750,      0.676924,CP7_after_upper_clamp,   1,    0.0000000000E+00,    3.0491267738E+01,    3.0491267738E+01,    0.0000000000E+00,    0.0000000000E+00,    0.0000000000E+00,    3.0491267738E+01
     52750,      0.676924,CP8_after_OBC,   1,    0.0000000000E+00,    3.0491267738E+01,    3.0491267738E+01,    0.0000000000E+00,    0.0000000000E+00,    0.0000000000E+00,    3.0491267738E+01
     52750,      0.676924,CP9_after_PTsource,   1,    0.0000000000E+00,    3.0491267738E+01,    3.0491267738E+01,    0.0000000000E+00,    0.0000000000E+00,    0.0000000000E+00,    3.0491267738E+01
     52750,      0.676924,CP10_after_neg_clamp,   1,    0.0000000000E+00,    3.0491267738E+01,    3.0491267738E+01,    0.0000000000E+00,    0.0000000000E+00,    0.0000000000E+00,    3.0491267738E+01
     52750,      0.676924,CP11_after_MPI,   1,    0.0000000000E+00,    3.0491267738E+01,    3.0491267738E+01,    0.0000000000E+00,    0.0000000000E+00,    0.0000000000E+00,    3.0491267738E+01
     52750,      0.676924,CP12_end,   1,    0.0000000000E+00,    3.0491267738E+01,    3.0491267738E+01,    0.0000000000E+00,    0.0000000000E+00,    0.0000000000E+00,    3.0491267738E+01
     52800,      0.676924,CP0_start,   1,    0.0000000000E+00,    3.0542890452E+01,    3.0542890452E+01,    0.0000000000E+00,    0.0000000000E+00,    0.0000000000E+00,    3.0542890452E+01
     52800,      0.676924,CP1_after_deposition,   1,    0.0000000000E+00,    3.0542890452E+01,    3.0542890452E+01,    0.0000000000E+00,    0.0000000000E+00,    0.0000000000E+00,    3.0542890452E+01
     52800,      0.676924,CP2_after_erosion,   1,    0.0000000000E+00,    3.0542890452E+01,    3.0542890452E+01,    0.0000000000E+00,    0.0000000000E+00,    0.0000000000E+00,    3.0542890452E+01
     52800,      0.676924,CP3_after_update_bottom,   1,    0.0000000000E+00,    3.0542890452E+01,    3.0542890452E+01,    0.0000000000E+00,    0.0000000000E+00,    0.0000000000E+00,    3.0542890452E+01
     52800,      0.676924,CP4_after_advection,   1,    0.0000000000E+00,    3.0544377677E+01,    3.0544377677E+01,    0.0000000000E+00,    0.0000000000E+00,    0.0000000000E+00,    3.0544377677E+01
     52800,      0.676924,CP5_after_vdif,   1,    0.0000000000E+00,    3.0544377677E+01,    3.0544377677E+01,    0.0000000000E+00,    0.0000000000E+00,    0.0000000000E+00,    3.0544377677E+01
     52800,      0.676924,CP6_after_kinetics,   1,    0.0000000000E+00,    3.0544377677E+01,    3.0544377677E+01,    0.0000000000E+00,    0.0000000000E+00,    0.0000000000E+00,    3.0544377677E+01
     52800,      0.676924,CP7_after_upper_clamp,   1,    0.0000000000E+00,    3.0544377677E+01,    3.0544377677E+01,    0.0000000000E+00,    0.0000000000E+00,    0.0000000000E+00,    3.0544377677E+01
     52800,      0.676924,CP8_after_OBC,   1,    0.0000000000E+00,    3.0544377677E+01,    3.0544377677E+01,    0.0000000000E+00,    0.0000000000E+00,    0.0000000000E+00,    3.0544377677E+01
     52800,      0.676924,CP9_after_PTsource,   1,    0.0000000000E+00,    3.0544377677E+01,    3.0544377677E+01,    0.0000000000E+00,    0.0000000000E+00,    0.0000000000E+00,    3.0544377677E+01
     52800,      0.676924,CP10_after_neg_clamp,   1,    0.0000000000E+00,    3.0544377677E+01,    3.0544377677E+01,    0.0000000000E+00,    0.0000000000E+00,    0.0000000000E+00,    3.0544377677E+01
     52800,      0.676924,CP11_after_MPI,   1,    0.0000000000E+00,    3.0544377677E+01,    3.0544377677E+01,    0.0000000000E+00,    0.0000000000E+00,    0.0000000000E+00,    3.0544377677E+01
     52800,      0.676924,CP12_end,   1,    0.0000000000E+00,    3.0544377677E+01,    3.0544377677E+01,    0.0000000000E+00,    0.0000000000E+00,    0.0000000000E+00,    3.0544377677E+01
     52850,      0.676924,CP0_start,   1,    0.0000000000E+00,    3.0596225728E+01,    3.0596225728E+01,    0.0000000000E+00,    0.0000000000E+00,    0.0000000000E+00,    3.0596225728E+01
     52850,      0.676924,CP1_after_deposition,   1,    0.0000000000E+00,    3.0596225728E+01,    3.0596225728E+01,    0.0000000000E+00,    0.0000000000E+00,    0.0000000000E+00,    3.0596225728E+01
     52850,      0.676924,CP2_after_erosion,   1,    0.0000000000E+00,    3.0596225728E+01,    3.0596225728E+01,    0.0000000000E+00,    0.0000000000E+00,    0.0000000000E+00,    3.0596225728E+01
     52850,      0.676924,CP3_after_update_bottom,   1,    0.0000000000E+00,    3.0596225728E+01,    3.0596225728E+01,    0.0000000000E+00,    0.0000000000E+00,    0.0000000000E+00,    3.0596225728E+01
     52850,      0.676924,CP4_after_advection,   1,    0.0000000000E+00,    3.0597734672E+01,    3.0597734672E+01,    0.0000000000E+00,    0.0000000000E+00,    0.0000000000E+00,    3.0597734672E+01
     52850,      0.676924,CP5_after_vdif,   1,    0.0000000000E+00,    3.0597734672E+01,    3.0597734672E+01,    0.0000000000E+00,    0.0000000000E+00,    0.0000000000E+00,    3.0597734672E+01
     52850,      0.676924,CP6_after_kinetics,   1,    0.0000000000E+00,    3.0597734672E+01,    3.0597734672E+01,    0.0000000000E+00,    0.0000000000E+00,    0.0000000000E+00,    3.0597734672E+01
     52850,      0.676924,CP7_after_upper_clamp,   1,    0.0000000000E+00,    3.0597734672E+01,    3.0597734672E+01,    0.0000000000E+00,    0.0000000000E+00,    0.0000000000E+00,    3.0597734672E+01
     52850,      0.676924,CP8_after_OBC,   1,    0.0000000000E+00,    3.0597734672E+01,    3.0597734672E+01,    0.0000000000E+00,    0.0000000000E+00,    0.0000000000E+00,    3.0597734672E+01
     52850,      0.676924,CP9_after_PTsource,   1,    0.0000000000E+00,    3.0597734672E+01,    3.0597734672E+01,    0.0000000000E+00,    0.0000000000E+00,    0.0000000000E+00,    3.0597734672E+01
     52850,      0.676924,CP10_after_neg_clamp,   1,    0.0000000000E+00,    3.0597734672E+01,    3.0597734672E+01,    0.0000000000E+00,    0.0000000000E+00,    0.0000000000E+00,    3.0597734672E+01
     52850,      0.676924,CP11_after_MPI,   1,    0.0000000000E+00,    3.0597734672E+01,    3.0597734672E+01,    0.0000000000E+00,    0.0000000000E+00,    0.0000000000E+00,    3.0597734672E+01
     52850,      0.676924,CP12_end,   1,    0.0000000000E+00,    3.0597734672E+01,    3.0597734672E+01,    0.0000000000E+00,    0.0000000000E+00,    0.0000000000E+00,    3.0597734672E+01
     52900,      0.676924,CP0_start,   1,    0.0000000000E+00,    3.0649848989E+01,    3.0649848989E+01,    0.0000000000E+00,    0.0000000000E+00,    0.0000000000E+00,    3.0649848989E+01
     52900,      0.676924,CP1_after_deposition,   1,    0.0000000000E+00,    3.0649848989E+01,    3.0649848989E+01,    0.0000000000E+00,    0.0000000000E+00,    0.0000000000E+00,    3.0649848989E+01
     52900,      0.676924,CP2_after_erosion,   1,    0.0000000000E+00,    3.0649848989E+01,    3.0649848989E+01,    0.0000000000E+00,    0.0000000000E+00,    0.0000000000E+00,    3.0649848989E+01
     52900,      0.676924,CP3_after_update_bottom,   1,    0.0000000000E+00,    3.0649848989E+01,    3.0649848989E+01,    0.0000000000E+00,    0.0000000000E+00,    0.0000000000E+00,    3.0649848989E+01
     52900,      0.676924,CP4_after_advection,   1,    0.0000000000E+00,    3.0651380395E+01,    3.0651380395E+01,    0.0000000000E+00,    0.0000000000E+00,    0.0000000000E+00,    3.0651380395E+01
     52900,      0.676924,CP5_after_vdif,   1,    0.0000000000E+00,    3.0651380395E+01,    3.0651380395E+01,    0.0000000000E+00,    0.0000000000E+00,    0.0000000000E+00,    3.0651380395E+01
     52900,      0.676924,CP6_after_kinetics,   1,    0.0000000000E+00,    3.0651380395E+01,    3.0651380395E+01,    0.0000000000E+00,    0.0000000000E+00,    0.0000000000E+00,    3.0651380395E+01
     52900,      0.676924,CP7_after_upper_clamp,   1,    0.0000000000E+00,    3.0651380395E+01,    3.0651380395E+01,    0.0000000000E+00,    0.0000000000E+00,    0.0000000000E+00,    3.0651380395E+01
     52900,      0.676924,CP8_after_OBC,   1,    0.0000000000E+00,    3.0651380395E+01,    3.0651380395E+01,    0.0000000000E+00,    0.0000000000E+00,    0.0000000000E+00,    3.0651380395E+01
     52900,      0.676924,CP9_after_PTsource,   1,    0.0000000000E+00,    3.0651380395E+01,    3.0651380395E+01,    0.0000000000E+00,    0.0000000000E+00,    0.0000000000E+00,    3.0651380395E+01
     52900,      0.676924,CP10_after_neg_clamp,   1,    0.0000000000E+00,    3.0651380395E+01,    3.0651380395E+01,    0.0000000000E+00,    0.0000000000E+00,    0.0000000000E+00,    3.0651380395E+01
     52900,      0.676924,CP11_after_MPI,   1,    0.0000000000E+00,    3.0651380395E+01,    3.0651380395E+01,    0.0000000000E+00,    0.0000000000E+00,    0.0000000000E+00,    3.0651380395E+01
     52900,      0.676924,CP12_end,   1,    0.0000000000E+00,    3.0651380395E+01,    3.0651380395E+01,    0.0000000000E+00,    0.0000000000E+00,    0.0000000000E+00,    3.0651380395E+01
     52950,      0.676924,CP0_start,   1,    0.0000000000E+00,    3.0703821106E+01,    3.0703821106E+01,    0.0000000000E+00,    0.0000000000E+00,    0.0000000000E+00,    3.0703821106E+01
     52950,      0.676924,CP1_after_deposition,   1,    0.0000000000E+00,    3.0703821106E+01,    3.0703821106E+01,    0.0000000000E+00,    0.0000000000E+00,    0.0000000000E+00,    3.0703821106E+01
     52950,      0.676924,CP2_after_erosion,   1,    0.0000000000E+00,    3.0703821106E+01,    3.0703821106E+01,    0.0000000000E+00,    0.0000000000E+00,    0.0000000000E+00,    3.0703821106E+01
     52950,      0.676924,CP3_after_update_bottom,   1,    0.0000000000E+00,    3.0703821106E+01,    3.0703821106E+01,    0.0000000000E+00,    0.0000000000E+00,    0.0000000000E+00,    3.0703821106E+01
     52950,      0.676924,CP4_after_advection,   1,    0.0000000000E+00,    3.0705375242E+01,    3.0705375242E+01,    0.0000000000E+00,    0.0000000000E+00,    0.0000000000E+00,    3.0705375242E+01
     52950,      0.676924,CP5_after_vdif,   1,    0.0000000000E+00,    3.0705375242E+01,    3.0705375242E+01,    0.0000000000E+00,    0.0000000000E+00,    0.0000000000E+00,    3.0705375242E+01
     52950,      0.676924,CP6_after_kinetics,   1,    0.0000000000E+00,    3.0705375242E+01,    3.0705375242E+01,    0.0000000000E+00,    0.0000000000E+00,    0.0000000000E+00,    3.0705375242E+01
     52950,      0.676924,CP7_after_upper_clamp,   1,    0.0000000000E+00,    3.0705375242E+01,    3.0705375242E+01,    0.0000000000E+00,    0.0000000000E+00,    0.0000000000E+00,    3.0705375242E+01
     52950,      0.676924,CP8_after_OBC,   1,    0.0000000000E+00,    3.0705375242E+01,    3.0705375242E+01,    0.0000000000E+00,    0.0000000000E+00,    0.0000000000E+00,    3.0705375242E+01
     52950,      0.676924,CP9_after_PTsource,   1,    0.0000000000E+00,    3.0705375242E+01,    3.0705375242E+01,    0.0000000000E+00,    0.0000000000E+00,    0.0000000000E+00,    3.0705375242E+01
     52950,      0.676924,CP10_after_neg_clamp,   1,    0.0000000000E+00,    3.0705375242E+01,    3.0705375242E+01,    0.0000000000E+00,    0.0000000000E+00,    0.0000000000E+00,    3.0705375242E+01
     52950,      0.676924,CP11_after_MPI,   1,    0.0000000000E+00,    3.0705375242E+01,    3.0705375242E+01,    0.0000000000E+00,    0.0000000000E+00,    0.0000000000E+00,    3.0705375242E+01
     52950,      0.676924,CP12_end,   1,    0.0000000000E+00,    3.0705375242E+01,    3.0705375242E+01,    0.0000000000E+00,    0.0000000000E+00,    0.0000000000E+00,    3.0705375242E+01
     53000,      0.676924,CP0_start,   1,    0.0000000000E+00,    3.0758201322E+01,    3.0758201322E+01,    0.0000000000E+00,    0.0000000000E+00,    0.0000000000E+00,    3.0758201322E+01
     53000,      0.676924,CP1_after_deposition,   1,    0.0000000000E+00,    3.0758201322E+01,    3.0758201322E+01,    0.0000000000E+00,    0.0000000000E+00,    0.0000000000E+00,    3.0758201322E+01
     53000,      0.676924,CP2_after_erosion,   1,    0.0000000000E+00,    3.0758201322E+01,    3.0758201322E+01,    0.0000000000E+00,    0.0000000000E+00,    0.0000000000E+00,    3.0758201322E+01
     53000,      0.676924,CP3_after_update_bottom,   1,    0.0000000000E+00,    3.0758201322E+01,    3.0758201322E+01,    0.0000000000E+00,    0.0000000000E+00,    0.0000000000E+00,    3.0758201322E+01
     53000,      0.676924,CP4_after_advection,   1,    0.0000000000E+00,    3.0759779701E+01,    3.0759779701E+01,    0.0000000000E+00,    0.0000000000E+00,    0.0000000000E+00,    3.0759779701E+01
     53000,      0.676924,CP5_after_vdif,   1,    0.0000000000E+00,    3.0759779701E+01,    3.0759779701E+01,    0.0000000000E+00,    0.0000000000E+00,    0.0000000000E+00,    3.0759779701E+01
     53000,      0.676924,CP6_after_kinetics,   1,    0.0000000000E+00,    3.0759779701E+01,    3.0759779701E+01,    0.0000000000E+00,    0.0000000000E+00,    0.0000000000E+00,    3.0759779701E+01
     53000,      0.676924,CP7_after_upper_clamp,   1,    0.0000000000E+00,    3.0759779701E+01,    3.0759779701E+01,    0.0000000000E+00,    0.0000000000E+00,    0.0000000000E+00,    3.0759779701E+01
     53000,      0.676924,CP8_after_OBC,   1,    0.0000000000E+00,    3.0759779701E+01,    3.0759779701E+01,    0.0000000000E+00,    0.0000000000E+00,    0.0000000000E+00,    3.0759779701E+01
     53000,      0.676924,CP9_after_PTsource,   1,    0.0000000000E+00,    3.0759779701E+01,    3.0759779701E+01,    0.0000000000E+00,    0.0000000000E+00,    0.0000000000E+00,    3.0759779701E+01
     53000,      0.676924,CP10_after_neg_clamp,   1,    0.0000000000E+00,    3.0759779701E+01,    3.0759779701E+01,    0.0000000000E+00,    0.0000000000E+00,    0.0000000000E+00,    3.0759779701E+01
     53000,      0.676924,CP11_after_MPI,   1,    0.0000000000E+00,    3.0759779701E+01,    3.0759779701E+01,    0.0000000000E+00,    0.0000000000E+00,    0.0000000000E+00,    3.0759779701E+01
     53000,      0.676924,CP12_end,   1,    0.0000000000E+00,    3.0759779701E+01,    3.0759779701E+01,    0.0000000000E+00,    0.0000000000E+00,    0.0000000000E+00,    3.0759779701E+01
     53050,      0.676924,CP0_start,   1,    0.0000000000E+00,    3.0813053595E+01,    3.0813053595E+01,    0.0000000000E+00,    0.0000000000E+00,    0.0000000000E+00,    3.0813053595E+01
     53050,      0.676924,CP1_after_deposition,   1,    0.0000000000E+00,    3.0813053595E+01,    3.0813053595E+01,    0.0000000000E+00,    0.0000000000E+00,    0.0000000000E+00,    3.0813053595E+01
     53050,      0.676924,CP2_after_erosion,   1,    0.0000000000E+00,    3.0813053595E+01,    3.0813053595E+01,    0.0000000000E+00,    0.0000000000E+00,    0.0000000000E+00,    3.0813053595E+01
     53050,      0.676924,CP3_after_update_bottom,   1,    0.0000000000E+00,    3.0813053595E+01,    3.0813053595E+01,    0.0000000000E+00,    0.0000000000E+00,    0.0000000000E+00,    3.0813053595E+01
     53050,      0.676924,CP4_after_advection,   1,    0.0000000000E+00,    3.0814658217E+01,    3.0814658217E+01,    0.0000000000E+00,    0.0000000000E+00,    0.0000000000E+00,    3.0814658217E+01
     53050,      0.676924,CP5_after_vdif,   1,    0.0000000000E+00,    3.0814658217E+01,    3.0814658217E+01,    0.0000000000E+00,    0.0000000000E+00,    0.0000000000E+00,    3.0814658217E+01
     53050,      0.676924,CP6_after_kinetics,   1,    0.0000000000E+00,    3.0814658217E+01,    3.0814658217E+01,    0.0000000000E+00,    0.0000000000E+00,    0.0000000000E+00,    3.0814658217E+01
     53050,      0.676924,CP7_after_upper_clamp,   1,    0.0000000000E+00,    3.0814658217E+01,    3.0814658217E+01,    0.0000000000E+00,    0.0000000000E+00,    0.0000000000E+00,    3.0814658217E+01
     53050,      0.676924,CP8_after_OBC,   1,    0.0000000000E+00,    3.0814658217E+01,    3.0814658217E+01,    0.0000000000E+00,    0.0000000000E+00,    0.0000000000E+00,    3.0814658217E+01
     53050,      0.676924,CP9_after_PTsource,   1,    0.0000000000E+00,    3.0814658217E+01,    3.0814658217E+01,    0.0000000000E+00,    0.0000000000E+00,    0.0000000000E+00,    3.0814658217E+01
     53050,      0.676924,CP10_after_neg_clamp,   1,    0.0000000000E+00,    3.0814658217E+01,    3.0814658217E+01,    0.0000000000E+00,    0.0000000000E+00,    0.0000000000E+00,    3.0814658217E+01
     53050,      0.676924,CP11_after_MPI,   1,    0.0000000000E+00,    3.0814658217E+01,    3.0814658217E+01,    0.0000000000E+00,    0.0000000000E+00,    0.0000000000E+00,    3.0814658217E+01
     53050,      0.676924,CP12_end,   1,    0.0000000000E+00,    3.0814658217E+01,    3.0814658217E+01,    0.0000000000E+00,    0.0000000000E+00,    0.0000000000E+00,    3.0814658217E+01
     53100,      0.676924,CP0_start,   1,    0.0000000000E+00,    3.0868451090E+01,    3.0868451090E+01,    0.0000000000E+00,    0.0000000000E+00,    0.0000000000E+00,    3.0868451090E+01
     53100,      0.676924,CP1_after_deposition,   1,    0.0000000000E+00,    3.0868451090E+01,    3.0868451090E+01,    0.0000000000E+00,    0.0000000000E+00,    0.0000000000E+00,    3.0868451090E+01
     53100,      0.676924,CP2_after_erosion,   1,    0.0000000000E+00,    3.0868451090E+01,    3.0868451090E+01,    0.0000000000E+00,    0.0000000000E+00,    0.0000000000E+00,    3.0868451090E+01
     53100,      0.676924,CP3_after_update_bottom,   1,    0.0000000000E+00,    3.0868451090E+01,    3.0868451090E+01,    0.0000000000E+00,    0.0000000000E+00,    0.0000000000E+00,    3.0868451090E+01
     53100,      0.676924,CP4_after_advection,   1,    0.0000000000E+00,    3.0870083339E+01,    3.0870083339E+01,    0.0000000000E+00,    0.0000000000E+00,    0.0000000000E+00,    3.0870083339E+01
     53100,      0.676924,CP5_after_vdif,   1,    0.0000000000E+00,    3.0870083339E+01,    3.0870083339E+01,    0.0000000000E+00,    0.0000000000E+00,    0.0000000000E+00,    3.0870083339E+01
     53100,      0.676924,CP6_after_kinetics,   1,    0.0000000000E+00,    3.0870083339E+01,    3.0870083339E+01,    0.0000000000E+00,    0.0000000000E+00,    0.0000000000E+00,    3.0870083339E+01
     53100,      0.676924,CP7_after_upper_clamp,   1,    0.0000000000E+00,    3.0870083339E+01,    3.0870083339E+01,    0.0000000000E+00,    0.0000000000E+00,    0.0000000000E+00,    3.0870083339E+01
     53100,      0.676924,CP8_after_OBC,   1,    0.0000000000E+00,    3.0870083339E+01,    3.0870083339E+01,    0.0000000000E+00,    0.0000000000E+00,    0.0000000000E+00,    3.0870083339E+01
     53100,      0.676924,CP9_after_PTsource,   1,    0.0000000000E+00,    3.0870083339E+01,    3.0870083339E+01,    0.0000000000E+00,    0.0000000000E+00,    0.0000000000E+00,    3.0870083339E+01
     53100,      0.676924,CP10_after_neg_clamp,   1,    0.0000000000E+00,    3.0870083339E+01,    3.0870083339E+01,    0.0000000000E+00,    0.0000000000E+00,    0.0000000000E+00,    3.0870083339E+01
     53100,      0.676924,CP11_after_MPI,   1,    0.0000000000E+00,    3.0870083339E+01,    3.0870083339E+01,    0.0000000000E+00,    0.0000000000E+00,    0.0000000000E+00,    3.0870083339E+01
     53100,      0.676924,CP12_end,   1,    0.0000000000E+00,    3.0870083339E+01,    3.0870083339E+01,    0.0000000000E+00,    0.0000000000E+00,    0.0000000000E+00,    3.0870083339E+01
     53150,      0.676924,CP0_start,   1,    0.0000000000E+00,    3.0924059138E+01,    3.0924059138E+01,    0.0000000000E+00,    0.0000000000E+00,    0.0000000000E+00,    3.0924059138E+01
     53150,      0.676924,CP1_after_deposition,   1,    0.0000000000E+00,    3.0924059138E+01,    3.0924059138E+01,    0.0000000000E+00,    0.0000000000E+00,    0.0000000000E+00,    3.0924059138E+01
     53150,      0.676924,CP2_after_erosion,   1,    0.0000000000E+00,    3.0924059138E+01,    3.0924059138E+01,    0.0000000000E+00,    0.0000000000E+00,    0.0000000000E+00,    3.0924059138E+01
     53150,      0.676924,CP3_after_update_bottom,   1,    0.0000000000E+00,    3.0924059138E+01,    3.0924059138E+01,    0.0000000000E+00,    0.0000000000E+00,    0.0000000000E+00,    3.0924059138E+01
     53150,      0.676924,CP4_after_advection,   1,    0.0000000000E+00,    3.0925718945E+01,    3.0925718945E+01,    0.0000000000E+00,    0.0000000000E+00,    0.0000000000E+00,    3.0925718945E+01
     53150,      0.676924,CP5_after_vdif,   1,    0.0000000000E+00,    3.0925718945E+01,    3.0925718945E+01,    0.0000000000E+00,    0.0000000000E+00,    0.0000000000E+00,    3.0925718945E+01
     53150,      0.676924,CP6_after_kinetics,   1,    0.0000000000E+00,    3.0925718945E+01,    3.0925718945E+01,    0.0000000000E+00,    0.0000000000E+00,    0.0000000000E+00,    3.0925718945E+01
     53150,      0.676924,CP7_after_upper_clamp,   1,    0.0000000000E+00,    3.0925718945E+01,    3.0925718945E+01,    0.0000000000E+00,    0.0000000000E+00,    0.0000000000E+00,    3.0925718945E+01
     53150,      0.676924,CP8_after_OBC,   1,    0.0000000000E+00,    3.0925718945E+01,    3.0925718945E+01,    0.0000000000E+00,    0.0000000000E+00,    0.0000000000E+00,    3.0925718945E+01
     53150,      0.676924,CP9_after_PTsource,   1,    0.0000000000E+00,    3.0925718945E+01,    3.0925718945E+01,    0.0000000000E+00,    0.0000000000E+00,    0.0000000000E+00,    3.0925718945E+01
     53150,      0.676924,CP10_after_neg_clamp,   1,    0.0000000000E+00,    3.0925718945E+01,    3.0925718945E+01,    0.0000000000E+00,    0.0000000000E+00,    0.0000000000E+00,    3.0925718945E+01
     53150,      0.676924,CP11_after_MPI,   1,    0.0000000000E+00,    3.0925718945E+01,    3.0925718945E+01,    0.0000000000E+00,    0.0000000000E+00,    0.0000000000E+00,    3.0925718945E+01
     53150,      0.676924,CP12_end,   1,    0.0000000000E+00,    3.0925718945E+01,    3.0925718945E+01,    0.0000000000E+00,    0.0000000000E+00,    0.0000000000E+00,    3.0925718945E+01
     53200,      0.676924,CP0_start,   1,    0.0000000000E+00,    3.0980318981E+01,    3.0980318981E+01,    0.0000000000E+00,    0.0000000000E+00,    0.0000000000E+00,    3.0980318981E+01
     53200,      0.676924,CP1_after_deposition,   1,    0.0000000000E+00,    3.0980318981E+01,    3.0980318981E+01,    0.0000000000E+00,    0.0000000000E+00,    0.0000000000E+00,    3.0980318981E+01
     53200,      0.676924,CP2_after_erosion,   1,    0.0000000000E+00,    3.0980318981E+01,    3.0980318981E+01,    0.0000000000E+00,    0.0000000000E+00,    0.0000000000E+00,    3.0980318981E+01
     53200,      0.676924,CP3_after_update_bottom,   1,    0.0000000000E+00,    3.0980318981E+01,    3.0980318981E+01,    0.0000000000E+00,    0.0000000000E+00,    0.0000000000E+00,    3.0980318981E+01
     53200,      0.676924,CP4_after_advection,   1,    0.0000000000E+00,    3.0982008007E+01,    3.0982008007E+01,    0.0000000000E+00,    0.0000000000E+00,    0.0000000000E+00,    3.0982008007E+01
     53200,      0.676924,CP5_after_vdif,   1,    0.0000000000E+00,    3.0982008007E+01,    3.0982008007E+01,    0.0000000000E+00,    0.0000000000E+00,    0.0000000000E+00,    3.0982008007E+01
     53200,      0.676924,CP6_after_kinetics,   1,    0.0000000000E+00,    3.0982008007E+01,    3.0982008007E+01,    0.0000000000E+00,    0.0000000000E+00,    0.0000000000E+00,    3.0982008007E+01
     53200,      0.676924,CP7_after_upper_clamp,   1,    0.0000000000E+00,    3.0982008007E+01,    3.0982008007E+01,    0.0000000000E+00,    0.0000000000E+00,    0.0000000000E+00,    3.0982008007E+01
     53200,      0.676924,CP8_after_OBC,   1,    0.0000000000E+00,    3.0982008007E+01,    3.0982008007E+01,    0.0000000000E+00,    0.0000000000E+00,    0.0000000000E+00,    3.0982008007E+01
     53200,      0.676924,CP9_after_PTsource,   1,    0.0000000000E+00,    3.0982008007E+01,    3.0982008007E+01,    0.0000000000E+00,    0.0000000000E+00,    0.0000000000E+00,    3.0982008007E+01
     53200,      0.676924,CP10_after_neg_clamp,   1,    0.0000000000E+00,    3.0982008007E+01,    3.0982008007E+01,    0.0000000000E+00,    0.0000000000E+00,    0.0000000000E+00,    3.0982008007E+01
     53200,      0.676924,CP11_after_MPI,   1,    0.0000000000E+00,    3.0982008007E+01,    3.0982008007E+01,    0.0000000000E+00,    0.0000000000E+00,    0.0000000000E+00,    3.0982008007E+01
     53200,      0.676924,CP12_end,   1,    0.0000000000E+00,    3.0982008007E+01,    3.0982008007E+01,    0.0000000000E+00,    0.0000000000E+00,    0.0000000000E+00,    3.0982008007E+01
     53250,      0.676924,CP0_start,   1,    0.0000000000E+00,    3.1037236009E+01,    3.1037236009E+01,    0.0000000000E+00,    0.0000000000E+00,    0.0000000000E+00,    3.1037236009E+01
     53250,      0.676924,CP1_after_deposition,   1,    0.0000000000E+00,    3.1037236009E+01,    3.1037236009E+01,    0.0000000000E+00,    0.0000000000E+00,    0.0000000000E+00,    3.1037236009E+01
     53250,      0.676924,CP2_after_erosion,   1,    0.0000000000E+00,    3.1037236009E+01,    3.1037236009E+01,    0.0000000000E+00,    0.0000000000E+00,    0.0000000000E+00,    3.1037236009E+01
     53250,      0.676924,CP3_after_update_bottom,   1,    0.0000000000E+00,    3.1037236009E+01,    3.1037236009E+01,    0.0000000000E+00,    0.0000000000E+00,    0.0000000000E+00,    3.1037236009E+01
     53250,      0.676924,CP4_after_advection,   1,    0.0000000000E+00,    3.1038954836E+01,    3.1038954836E+01,    0.0000000000E+00,    0.0000000000E+00,    0.0000000000E+00,    3.1038954836E+01
     53250,      0.676924,CP5_after_vdif,   1,    0.0000000000E+00,    3.1038954836E+01,    3.1038954836E+01,    0.0000000000E+00,    0.0000000000E+00,    0.0000000000E+00,    3.1038954836E+01
     53250,      0.676924,CP6_after_kinetics,   1,    0.0000000000E+00,    3.1038954836E+01,    3.1038954836E+01,    0.0000000000E+00,    0.0000000000E+00,    0.0000000000E+00,    3.1038954836E+01
     53250,      0.676924,CP7_after_upper_clamp,   1,    0.0000000000E+00,    3.1038954836E+01,    3.1038954836E+01,    0.0000000000E+00,    0.0000000000E+00,    0.0000000000E+00,    3.1038954836E+01
     53250,      0.676924,CP8_after_OBC,   1,    0.0000000000E+00,    3.1038954836E+01,    3.1038954836E+01,    0.0000000000E+00,    0.0000000000E+00,    0.0000000000E+00,    3.1038954836E+01
     53250,      0.676924,CP9_after_PTsource,   1,    0.0000000000E+00,    3.1038954836E+01,    3.1038954836E+01,    0.0000000000E+00,    0.0000000000E+00,    0.0000000000E+00,    3.1038954836E+01
     53250,      0.676924,CP10_after_neg_clamp,   1,    0.0000000000E+00,    3.1038954836E+01,    3.1038954836E+01,    0.0000000000E+00,    0.0000000000E+00,    0.0000000000E+00,    3.1038954836E+01
     53250,      0.676924,CP11_after_MPI,   1,    0.0000000000E+00,    3.1038954836E+01,    3.1038954836E+01,    0.0000000000E+00,    0.0000000000E+00,    0.0000000000E+00,    3.1038954836E+01
     53250,      0.676924,CP12_end,   1,    0.0000000000E+00,    3.1038954836E+01,    3.1038954836E+01,    0.0000000000E+00,    0.0000000000E+00,    0.0000000000E+00,    3.1038954836E+01
     53300,      0.676924,CP0_start,   1,    0.0000000000E+00,    3.1094828902E+01,    3.1094828902E+01,    0.0000000000E+00,    0.0000000000E+00,    0.0000000000E+00,    3.1094828902E+01
     53300,      0.676924,CP1_after_deposition,   1,    0.0000000000E+00,    3.1094828902E+01,    3.1094828902E+01,    0.0000000000E+00,    0.0000000000E+00,    0.0000000000E+00,    3.1094828902E+01
     53300,      0.676924,CP2_after_erosion,   1,    0.0000000000E+00,    3.1094828902E+01,    3.1094828902E+01,    0.0000000000E+00,    0.0000000000E+00,    0.0000000000E+00,    3.1094828902E+01
     53300,      0.676924,CP3_after_update_bottom,   1,    0.0000000000E+00,    3.1094828902E+01,    3.1094828902E+01,    0.0000000000E+00,    0.0000000000E+00,    0.0000000000E+00,    3.1094828902E+01
     53300,      0.676924,CP4_after_advection,   1,    0.0000000000E+00,    3.1096576456E+01,    3.1096576456E+01,    0.0000000000E+00,    0.0000000000E+00,    0.0000000000E+00,    3.1096576456E+01
     53300,      0.676924,CP5_after_vdif,   1,    0.0000000000E+00,    3.1096576456E+01,    3.1096576456E+01,    0.0000000000E+00,    0.0000000000E+00,    0.0000000000E+00,    3.1096576456E+01
     53300,      0.676924,CP6_after_kinetics,   1,    0.0000000000E+00,    3.1096576456E+01,    3.1096576456E+01,    0.0000000000E+00,    0.0000000000E+00,    0.0000000000E+00,    3.1096576456E+01
     53300,      0.676924,CP7_after_upper_clamp,   1,    0.0000000000E+00,    3.1096576456E+01,    3.1096576456E+01,    0.0000000000E+00,    0.0000000000E+00,    0.0000000000E+00,    3.1096576456E+01
     53300,      0.676924,CP8_after_OBC,   1,    0.0000000000E+00,    3.1096576456E+01,    3.1096576456E+01,    0.0000000000E+00,    0.0000000000E+00,    0.0000000000E+00,    3.1096576456E+01
     53300,      0.676924,CP9_after_PTsource,   1,    0.0000000000E+00,    3.1096576456E+01,    3.1096576456E+01,    0.0000000000E+00,    0.0000000000E+00,    0.0000000000E+00,    3.1096576456E+01
     53300,      0.676924,CP10_after_neg_clamp,   1,    0.0000000000E+00,    3.1096576456E+01,    3.1096576456E+01,    0.0000000000E+00,    0.0000000000E+00,    0.0000000000E+00,    3.1096576456E+01
     53300,      0.676924,CP11_after_MPI,   1,    0.0000000000E+00,    3.1096576456E+01,    3.1096576456E+01,    0.0000000000E+00,    0.0000000000E+00,    0.0000000000E+00,    3.1096576456E+01
     53300,      0.676924,CP12_end,   1,    0.0000000000E+00,    3.1096576456E+01,    3.1096576456E+01,    0.0000000000E+00,    0.0000000000E+00,    0.0000000000E+00,    3.1096576456E+01
     53350,      0.676924,CP0_start,   1,    0.0000000000E+00,    3.1153029612E+01,    3.1153029612E+01,    0.0000000000E+00,    0.0000000000E+00,    0.0000000000E+00,    3.1153029612E+01
     53350,      0.676924,CP1_after_deposition,   1,    0.0000000000E+00,    3.1153029612E+01,    3.1153029612E+01,    0.0000000000E+00,    0.0000000000E+00,    0.0000000000E+00,    3.1153029612E+01
     53350,      0.676924,CP2_after_erosion,   1,    0.0000000000E+00,    3.1153029612E+01,    3.1153029612E+01,    0.0000000000E+00,    0.0000000000E+00,    0.0000000000E+00,    3.1153029612E+01
     53350,      0.676924,CP3_after_update_bottom,   1,    0.0000000000E+00,    3.1153029612E+01,    3.1153029612E+01,    0.0000000000E+00,    0.0000000000E+00,    0.0000000000E+00,    3.1153029612E+01
     53350,      0.676924,CP4_after_advection,   1,    0.0000000000E+00,    3.1154804409E+01,    3.1154804409E+01,    0.0000000000E+00,    0.0000000000E+00,    0.0000000000E+00,    3.1154804409E+01
     53350,      0.676924,CP5_after_vdif,   1,    0.0000000000E+00,    3.1154804409E+01,    3.1154804409E+01,    0.0000000000E+00,    0.0000000000E+00,    0.0000000000E+00,    3.1154804409E+01
     53350,      0.676924,CP6_after_kinetics,   1,    0.0000000000E+00,    3.1154804409E+01,    3.1154804409E+01,    0.0000000000E+00,    0.0000000000E+00,    0.0000000000E+00,    3.1154804409E+01
     53350,      0.676924,CP7_after_upper_clamp,   1,    0.0000000000E+00,    3.1154804409E+01,    3.1154804409E+01,    0.0000000000E+00,    0.0000000000E+00,    0.0000000000E+00,    3.1154804409E+01
     53350,      0.676924,CP8_after_OBC,   1,    0.0000000000E+00,    3.1154804409E+01,    3.1154804409E+01,    0.0000000000E+00,    0.0000000000E+00,    0.0000000000E+00,    3.1154804409E+01
     53350,      0.676924,CP9_after_PTsource,   1,    0.0000000000E+00,    3.1154804409E+01,    3.1154804409E+01,    0.0000000000E+00,    0.0000000000E+00,    0.0000000000E+00,    3.1154804409E+01
     53350,      0.676924,CP10_after_neg_clamp,   1,    0.0000000000E+00,    3.1154804409E+01,    3.1154804409E+01,    0.0000000000E+00,    0.0000000000E+00,    0.0000000000E+00,    3.1154804409E+01
     53350,      0.676924,CP11_after_MPI,   1,    0.0000000000E+00,    3.1154804409E+01,    3.1154804409E+01,    0.0000000000E+00,    0.0000000000E+00,    0.0000000000E+00,    3.1154804409E+01
     53350,      0.676924,CP12_end,   1,    0.0000000000E+00,    3.1154804409E+01,    3.1154804409E+01,    0.0000000000E+00,    0.0000000000E+00,    0.0000000000E+00,    3.1154804409E+01
     53400,      0.676924,CP0_start,   1,    0.0000000000E+00,    3.1211732370E+01,    3.1211732370E+01,    0.0000000000E+00,    0.0000000000E+00,    0.0000000000E+00,    3.1211732370E+01
     53400,      0.676924,CP1_after_deposition,   1,    0.0000000000E+00,    3.1211732370E+01,    3.1211732370E+01,    0.0000000000E+00,    0.0000000000E+00,    0.0000000000E+00,    3.1211732370E+01
     53400,      0.676924,CP2_after_erosion,   1,    0.0000000000E+00,    3.1211732370E+01,    3.1211732370E+01,    0.0000000000E+00,    0.0000000000E+00,    0.0000000000E+00,    3.1211732370E+01
     53400,      0.676924,CP3_after_update_bottom,   1,    0.0000000000E+00,    3.1211732370E+01,    3.1211732370E+01,    0.0000000000E+00,    0.0000000000E+00,    0.0000000000E+00,    3.1211732370E+01
     53400,      0.676924,CP4_after_advection,   1,    0.0000000000E+00,    3.1213532859E+01,    3.1213532859E+01,    0.0000000000E+00,    0.0000000000E+00,    0.0000000000E+00,    3.1213532859E+01
     53400,      0.676924,CP5_after_vdif,   1,    0.0000000000E+00,    3.1213532859E+01,    3.1213532859E+01,    0.0000000000E+00,    0.0000000000E+00,    0.0000000000E+00,    3.1213532859E+01
     53400,      0.676924,CP6_after_kinetics,   1,    0.0000000000E+00,    3.1213532859E+01,    3.1213532859E+01,    0.0000000000E+00,    0.0000000000E+00,    0.0000000000E+00,    3.1213532859E+01
     53400,      0.676924,CP7_after_upper_clamp,   1,    0.0000000000E+00,    3.1213532859E+01,    3.1213532859E+01,    0.0000000000E+00,    0.0000000000E+00,    0.0000000000E+00,    3.1213532859E+01
     53400,      0.676924,CP8_after_OBC,   1,    0.0000000000E+00,    3.1213532859E+01,    3.1213532859E+01,    0.0000000000E+00,    0.0000000000E+00,    0.0000000000E+00,    3.1213532859E+01
     53400,      0.676924,CP9_after_PTsource,   1,    0.0000000000E+00,    3.1213532859E+01,    3.1213532859E+01,    0.0000000000E+00,    0.0000000000E+00,    0.0000000000E+00,    3.1213532859E+01
     53400,      0.676924,CP10_after_neg_clamp,   1,    0.0000000000E+00,    3.1213532859E+01,    3.1213532859E+01,    0.0000000000E+00,    0.0000000000E+00,    0.0000000000E+00,    3.1213532859E+01
     53400,      0.676924,CP11_after_MPI,   1,    0.0000000000E+00,    3.1213532859E+01,    3.1213532859E+01,    0.0000000000E+00,    0.0000000000E+00,    0.0000000000E+00,    3.1213532859E+01
     53400,      0.676924,CP12_end,   1,    0.0000000000E+00,    3.1213532859E+01,    3.1213532859E+01,    0.0000000000E+00,    0.0000000000E+00,    0.0000000000E+00,    3.1213532859E+01
     53450,      0.676924,CP0_start,   1,    0.0000000000E+00,    3.1270831097E+01,    3.1270831097E+01,    0.0000000000E+00,    0.0000000000E+00,    0.0000000000E+00,    3.1270831097E+01
     53450,      0.676924,CP1_after_deposition,   1,    0.0000000000E+00,    3.1270831097E+01,    3.1270831097E+01,    0.0000000000E+00,    0.0000000000E+00,    0.0000000000E+00,    3.1270831097E+01
     53450,      0.676924,CP2_after_erosion,   1,    0.0000000000E+00,    3.1270831097E+01,    3.1270831097E+01,    0.0000000000E+00,    0.0000000000E+00,    0.0000000000E+00,    3.1270831097E+01
     53450,      0.676924,CP3_after_update_bottom,   1,    0.0000000000E+00,    3.1270831097E+01,    3.1270831097E+01,    0.0000000000E+00,    0.0000000000E+00,    0.0000000000E+00,    3.1270831097E+01
     53450,      0.676924,CP4_after_advection,   1,    0.0000000000E+00,    3.1272653684E+01,    3.1272653684E+01,    0.0000000000E+00,    0.0000000000E+00,    0.0000000000E+00,    3.1272653684E+01
     53450,      0.676924,CP5_after_vdif,   1,    0.0000000000E+00,    3.1272653684E+01,    3.1272653684E+01,    0.0000000000E+00,    0.0000000000E+00,    0.0000000000E+00,    3.1272653684E+01
     53450,      0.676924,CP6_after_kinetics,   1,    0.0000000000E+00,    3.1272653684E+01,    3.1272653684E+01,    0.0000000000E+00,    0.0000000000E+00,    0.0000000000E+00,    3.1272653684E+01
     53450,      0.676924,CP7_after_upper_clamp,   1,    0.0000000000E+00,    3.1272653684E+01,    3.1272653684E+01,    0.0000000000E+00,    0.0000000000E+00,    0.0000000000E+00,    3.1272653684E+01
     53450,      0.676924,CP8_after_OBC,   1,    0.0000000000E+00,    3.1272653684E+01,    3.1272653684E+01,    0.0000000000E+00,    0.0000000000E+00,    0.0000000000E+00,    3.1272653684E+01
     53450,      0.676924,CP9_after_PTsource,   1,    0.0000000000E+00,    3.1272653684E+01,    3.1272653684E+01,    0.0000000000E+00,    0.0000000000E+00,    0.0000000000E+00,    3.1272653684E+01
     53450,      0.676924,CP10_after_neg_clamp,   1,    0.0000000000E+00,    3.1272653684E+01,    3.1272653684E+01,    0.0000000000E+00,    0.0000000000E+00,    0.0000000000E+00,    3.1272653684E+01
     53450,      0.676924,CP11_after_MPI,   1,    0.0000000000E+00,    3.1272653684E+01,    3.1272653684E+01,    0.0000000000E+00,    0.0000000000E+00,    0.0000000000E+00,    3.1272653684E+01
     53450,      0.676924,CP12_end,   1,    0.0000000000E+00,    3.1272653684E+01,    3.1272653684E+01,    0.0000000000E+00,    0.0000000000E+00,    0.0000000000E+00,    3.1272653684E+01
     53500,      0.676924,CP0_start,   1,    0.0000000000E+00,    3.1330223330E+01,    3.1330223330E+01,    0.0000000000E+00,    0.0000000000E+00,    0.0000000000E+00,    3.1330223330E+01
     53500,      0.676924,CP1_after_deposition,   1,    0.0000000000E+00,    3.1330223330E+01,    3.1330223330E+01,    0.0000000000E+00,    0.0000000000E+00,    0.0000000000E+00,    3.1330223330E+01
     53500,      0.676924,CP2_after_erosion,   1,    0.0000000000E+00,    3.1330223330E+01,    3.1330223330E+01,    0.0000000000E+00,    0.0000000000E+00,    0.0000000000E+00,    3.1330223330E+01
     53500,      0.676924,CP3_after_update_bottom,   1,    0.0000000000E+00,    3.1330223330E+01,    3.1330223330E+01,    0.0000000000E+00,    0.0000000000E+00,    0.0000000000E+00,    3.1330223330E+01
     53500,      0.676924,CP4_after_advection,   1,    0.0000000000E+00,    3.1332062386E+01,    3.1332062386E+01,    0.0000000000E+00,    0.0000000000E+00,    0.0000000000E+00,    3.1332062386E+01
     53500,      0.676924,CP5_after_vdif,   1,    0.0000000000E+00,    3.1332062386E+01,    3.1332062386E+01,    0.0000000000E+00,    0.0000000000E+00,    0.0000000000E+00,    3.1332062386E+01
     53500,      0.676924,CP6_after_kinetics,   1,    0.0000000000E+00,    3.1332062386E+01,    3.1332062386E+01,    0.0000000000E+00,    0.0000000000E+00,    0.0000000000E+00,    3.1332062386E+01
     53500,      0.676924,CP7_after_upper_clamp,   1,    0.0000000000E+00,    3.1332062386E+01,    3.1332062386E+01,    0.0000000000E+00,    0.0000000000E+00,    0.0000000000E+00,    3.1332062386E+01
     53500,      0.676924,CP8_after_OBC,   1,    0.0000000000E+00,    3.1332062386E+01,    3.1332062386E+01,    0.0000000000E+00,    0.0000000000E+00,    0.0000000000E+00,    3.1332062386E+01
     53500,      0.676924,CP9_after_PTsource,   1,    0.0000000000E+00,    3.1332062386E+01,    3.1332062386E+01,    0.0000000000E+00,    0.0000000000E+00,    0.0000000000E+00,    3.1332062386E+01
     53500,      0.676924,CP10_after_neg_clamp,   1,    0.0000000000E+00,    3.1332062386E+01,    3.1332062386E+01,    0.0000000000E+00,    0.0000000000E+00,    0.0000000000E+00,    3.1332062386E+01
     53500,      0.676924,CP11_after_MPI,   1,    0.0000000000E+00,    3.1332062386E+01,    3.1332062386E+01,    0.0000000000E+00,    0.0000000000E+00,    0.0000000000E+00,    3.1332062386E+01
     53500,      0.676924,CP12_end,   1,    0.0000000000E+00,    3.1332062386E+01,    3.1332062386E+01,    0.0000000000E+00,    0.0000000000E+00,    0.0000000000E+00,    3.1332062386E+01
     53550,      0.676924,CP0_start,   1,    0.0000000000E+00,    3.1389765119E+01,    3.1389765119E+01,    0.0000000000E+00,    0.0000000000E+00,    0.0000000000E+00,    3.1389765119E+01
     53550,      0.676924,CP1_after_deposition,   1,    0.0000000000E+00,    3.1389765119E+01,    3.1389765119E+01,    0.0000000000E+00,    0.0000000000E+00,    0.0000000000E+00,    3.1389765119E+01
     53550,      0.676924,CP2_after_erosion,   1,    0.0000000000E+00,    3.1389765119E+01,    3.1389765119E+01,    0.0000000000E+00,    0.0000000000E+00,    0.0000000000E+00,    3.1389765119E+01
     53550,      0.676924,CP3_after_update_bottom,   1,    0.0000000000E+00,    3.1389765119E+01,    3.1389765119E+01,    0.0000000000E+00,    0.0000000000E+00,    0.0000000000E+00,    3.1389765119E+01
     53550,      0.676924,CP4_after_advection,   1,    0.0000000000E+00,    3.1391620569E+01,    3.1391620569E+01,    0.0000000000E+00,    0.0000000000E+00,    0.0000000000E+00,    3.1391620569E+01
     53550,      0.676924,CP5_after_vdif,   1,    0.0000000000E+00,    3.1391620569E+01,    3.1391620569E+01,    0.0000000000E+00,    0.0000000000E+00,    0.0000000000E+00,    3.1391620569E+01
     53550,      0.676924,CP6_after_kinetics,   1,    0.0000000000E+00,    3.1391620569E+01,    3.1391620569E+01,    0.0000000000E+00,    0.0000000000E+00,    0.0000000000E+00,    3.1391620569E+01
     53550,      0.676924,CP7_after_upper_clamp,   1,    0.0000000000E+00,    3.1391620569E+01,    3.1391620569E+01,    0.0000000000E+00,    0.0000000000E+00,    0.0000000000E+00,    3.1391620569E+01
     53550,      0.676924,CP8_after_OBC,   1,    0.0000000000E+00,    3.1391620569E+01,    3.1391620569E+01,    0.0000000000E+00,    0.0000000000E+00,    0.0000000000E+00,    3.1391620569E+01
     53550,      0.676924,CP9_after_PTsource,   1,    0.0000000000E+00,    3.1391620569E+01,    3.1391620569E+01,    0.0000000000E+00,    0.0000000000E+00,    0.0000000000E+00,    3.1391620569E+01
     53550,      0.676924,CP10_after_neg_clamp,   1,    0.0000000000E+00,    3.1391620569E+01,    3.1391620569E+01,    0.0000000000E+00,    0.0000000000E+00,    0.0000000000E+00,    3.1391620569E+01
     53550,      0.676924,CP11_after_MPI,   1,    0.0000000000E+00,    3.1391620569E+01,    3.1391620569E+01,    0.0000000000E+00,    0.0000000000E+00,    0.0000000000E+00,    3.1391620569E+01
     53550,      0.676924,CP12_end,   1,    0.0000000000E+00,    3.1391620569E+01,    3.1391620569E+01,    0.0000000000E+00,    0.0000000000E+00,    0.0000000000E+00,    3.1391620569E+01
     53600,      0.676924,CP0_start,   1,    0.0000000000E+00,    3.1449334157E+01,    3.1449334157E+01,    0.0000000000E+00,    0.0000000000E+00,    0.0000000000E+00,    3.1449334157E+01
     53600,      0.676924,CP1_after_deposition,   1,    0.0000000000E+00,    3.1449334157E+01,    3.1449334157E+01,    0.0000000000E+00,    0.0000000000E+00,    0.0000000000E+00,    3.1449334157E+01
     53600,      0.676924,CP2_after_erosion,   1,    0.0000000000E+00,    3.1449334157E+01,    3.1449334157E+01,    0.0000000000E+00,    0.0000000000E+00,    0.0000000000E+00,    3.1449334157E+01
     53600,      0.676924,CP3_after_update_bottom,   1,    0.0000000000E+00,    3.1449334157E+01,    3.1449334157E+01,    0.0000000000E+00,    0.0000000000E+00,    0.0000000000E+00,    3.1449334157E+01
     53600,      0.676924,CP4_after_advection,   1,    0.0000000000E+00,    3.1451203919E+01,    3.1451203919E+01,    0.0000000000E+00,    0.0000000000E+00,    0.0000000000E+00,    3.1451203919E+01
     53600,      0.676924,CP5_after_vdif,   1,    0.0000000000E+00,    3.1451203919E+01,    3.1451203919E+01,    0.0000000000E+00,    0.0000000000E+00,    0.0000000000E+00,    3.1451203919E+01
     53600,      0.676924,CP6_after_kinetics,   1,    0.0000000000E+00,    3.1451203919E+01,    3.1451203919E+01,    0.0000000000E+00,    0.0000000000E+00,    0.0000000000E+00,    3.1451203919E+01
     53600,      0.676924,CP7_after_upper_clamp,   1,    0.0000000000E+00,    3.1451203919E+01,    3.1451203919E+01,    0.0000000000E+00,    0.0000000000E+00,    0.0000000000E+00,    3.1451203919E+01
     53600,      0.676924,CP8_after_OBC,   1,    0.0000000000E+00,    3.1451203919E+01,    3.1451203919E+01,    0.0000000000E+00,    0.0000000000E+00,    0.0000000000E+00,    3.1451203919E+01
     53600,      0.676924,CP9_after_PTsource,   1,    0.0000000000E+00,    3.1451203919E+01,    3.1451203919E+01,    0.0000000000E+00,    0.0000000000E+00,    0.0000000000E+00,    3.1451203919E+01
     53600,      0.676924,CP10_after_neg_clamp,   1,    0.0000000000E+00,    3.1451203919E+01,    3.1451203919E+01,    0.0000000000E+00,    0.0000000000E+00,    0.0000000000E+00,    3.1451203919E+01
     53600,      0.676924,CP11_after_MPI,   1,    0.0000000000E+00,    3.1451203919E+01,    3.1451203919E+01,    0.0000000000E+00,    0.0000000000E+00,    0.0000000000E+00,    3.1451203919E+01
     53600,      0.676924,CP12_end,   1,    0.0000000000E+00,    3.1451203919E+01,    3.1451203919E+01,    0.0000000000E+00,    0.0000000000E+00,    0.0000000000E+00,    3.1451203919E+01
     53650,      0.676924,CP0_start,   1,    0.0000000000E+00,    3.1508841905E+01,    3.1508841905E+01,    0.0000000000E+00,    0.0000000000E+00,    0.0000000000E+00,    3.1508841905E+01
     53650,      0.676924,CP1_after_deposition,   1,    0.0000000000E+00,    3.1508841905E+01,    3.1508841905E+01,    0.0000000000E+00,    0.0000000000E+00,    0.0000000000E+00,    3.1508841905E+01
     53650,      0.676924,CP2_after_erosion,   1,    0.0000000000E+00,    3.1508841905E+01,    3.1508841905E+01,    0.0000000000E+00,    0.0000000000E+00,    0.0000000000E+00,    3.1508841905E+01
     53650,      0.676924,CP3_after_update_bottom,   1,    0.0000000000E+00,    3.1508841905E+01,    3.1508841905E+01,    0.0000000000E+00,    0.0000000000E+00,    0.0000000000E+00,    3.1508841905E+01
     53650,      0.676924,CP4_after_advection,   1,    0.0000000000E+00,    3.1510722297E+01,    3.1510722297E+01,    0.0000000000E+00,    0.0000000000E+00,    0.0000000000E+00,    3.1510722297E+01
     53650,      0.676924,CP5_after_vdif,   1,    0.0000000000E+00,    3.1510722297E+01,    3.1510722297E+01,    0.0000000000E+00,    0.0000000000E+00,    0.0000000000E+00,    3.1510722297E+01
     53650,      0.676924,CP6_after_kinetics,   1,    0.0000000000E+00,    3.1510722297E+01,    3.1510722297E+01,    0.0000000000E+00,    0.0000000000E+00,    0.0000000000E+00,    3.1510722297E+01
     53650,      0.676924,CP7_after_upper_clamp,   1,    0.0000000000E+00,    3.1510722297E+01,    3.1510722297E+01,    0.0000000000E+00,    0.0000000000E+00,    0.0000000000E+00,    3.1510722297E+01
     53650,      0.676924,CP8_after_OBC,   1,    0.0000000000E+00,    3.1510722297E+01,    3.1510722297E+01,    0.0000000000E+00,    0.0000000000E+00,    0.0000000000E+00,    3.1510722297E+01
     53650,      0.676924,CP9_after_PTsource,   1,    0.0000000000E+00,    3.1510722297E+01,    3.1510722297E+01,    0.0000000000E+00,    0.0000000000E+00,    0.0000000000E+00,    3.1510722297E+01
     53650,      0.676924,CP10_after_neg_clamp,   1,    0.0000000000E+00,    3.1510722297E+01,    3.1510722297E+01,    0.0000000000E+00,    0.0000000000E+00,    0.0000000000E+00,    3.1510722297E+01
     53650,      0.676924,CP11_after_MPI,   1,    0.0000000000E+00,    3.1510722297E+01,    3.1510722297E+01,    0.0000000000E+00,    0.0000000000E+00,    0.0000000000E+00,    3.1510722297E+01
     53650,      0.676924,CP12_end,   1,    0.0000000000E+00,    3.1510722297E+01,    3.1510722297E+01,    0.0000000000E+00,    0.0000000000E+00,    0.0000000000E+00,    3.1510722297E+01
     53700,      0.676924,CP0_start,   1,    0.0000000000E+00,    3.1568213075E+01,    3.1568213075E+01,    0.0000000000E+00,    0.0000000000E+00,    0.0000000000E+00,    3.1568213075E+01
     53700,      0.676924,CP1_after_deposition,   1,    0.0000000000E+00,    3.1568213075E+01,    3.1568213075E+01,    0.0000000000E+00,    0.0000000000E+00,    0.0000000000E+00,    3.1568213075E+01
     53700,      0.676924,CP2_after_erosion,   1,    0.0000000000E+00,    3.1568213075E+01,    3.1568213075E+01,    0.0000000000E+00,    0.0000000000E+00,    0.0000000000E+00,    3.1568213075E+01
     53700,      0.676924,CP3_after_update_bottom,   1,    0.0000000000E+00,    3.1568213075E+01,    3.1568213075E+01,    0.0000000000E+00,    0.0000000000E+00,    0.0000000000E+00,    3.1568213075E+01
     53700,      0.676924,CP4_after_advection,   1,    0.0000000000E+00,    3.1570103458E+01,    3.1570103458E+01,    0.0000000000E+00,    0.0000000000E+00,    0.0000000000E+00,    3.1570103458E+01
     53700,      0.676924,CP5_after_vdif,   1,    0.0000000000E+00,    3.1570103458E+01,    3.1570103458E+01,    0.0000000000E+00,    0.0000000000E+00,    0.0000000000E+00,    3.1570103458E+01
     53700,      0.676924,CP6_after_kinetics,   1,    0.0000000000E+00,    3.1570103458E+01,    3.1570103458E+01,    0.0000000000E+00,    0.0000000000E+00,    0.0000000000E+00,    3.1570103458E+01
     53700,      0.676924,CP7_after_upper_clamp,   1,    0.0000000000E+00,    3.1570103458E+01,    3.1570103458E+01,    0.0000000000E+00,    0.0000000000E+00,    0.0000000000E+00,    3.1570103458E+01
     53700,      0.676924,CP8_after_OBC,   1,    0.0000000000E+00,    3.1570103458E+01,    3.1570103458E+01,    0.0000000000E+00,    0.0000000000E+00,    0.0000000000E+00,    3.1570103458E+01
     53700,      0.676924,CP9_after_PTsource,   1,    0.0000000000E+00,    3.1570103458E+01,    3.1570103458E+01,    0.0000000000E+00,    0.0000000000E+00,    0.0000000000E+00,    3.1570103458E+01
     53700,      0.676924,CP10_after_neg_clamp,   1,    0.0000000000E+00,    3.1570103458E+01,    3.1570103458E+01,    0.0000000000E+00,    0.0000000000E+00,    0.0000000000E+00,    3.1570103458E+01
     53700,      0.676924,CP11_after_MPI,   1,    0.0000000000E+00,    3.1570103458E+01,    3.1570103458E+01,    0.0000000000E+00,    0.0000000000E+00,    0.0000000000E+00,    3.1570103458E+01
     53700,      0.676924,CP12_end,   1,    0.0000000000E+00,    3.1570103458E+01,    3.1570103458E+01,    0.0000000000E+00,    0.0000000000E+00,    0.0000000000E+00,    3.1570103458E+01
     53750,      0.676924,CP0_start,   1,    0.0000000000E+00,    3.1627421138E+01,    3.1627421138E+01,    0.0000000000E+00,    0.0000000000E+00,    0.0000000000E+00,    3.1627421138E+01
     53750,      0.676924,CP1_after_deposition,   1,    0.0000000000E+00,    3.1627421138E+01,    3.1627421138E+01,    0.0000000000E+00,    0.0000000000E+00,    0.0000000000E+00,    3.1627421138E+01
     53750,      0.676924,CP2_after_erosion,   1,    0.0000000000E+00,    3.1627421138E+01,    3.1627421138E+01,    0.0000000000E+00,    0.0000000000E+00,    0.0000000000E+00,    3.1627421138E+01
     53750,      0.676924,CP3_after_update_bottom,   1,    0.0000000000E+00,    3.1627421138E+01,    3.1627421138E+01,    0.0000000000E+00,    0.0000000000E+00,    0.0000000000E+00,    3.1627421138E+01
     53750,      0.676924,CP4_after_advection,   1,    0.0000000000E+00,    3.1629321272E+01,    3.1629321272E+01,    0.0000000000E+00,    0.0000000000E+00,    0.0000000000E+00,    3.1629321272E+01
     53750,      0.676924,CP5_after_vdif,   1,    0.0000000000E+00,    3.1629321272E+01,    3.1629321272E+01,    0.0000000000E+00,    0.0000000000E+00,    0.0000000000E+00,    3.1629321272E+01
     53750,      0.676924,CP6_after_kinetics,   1,    0.0000000000E+00,    3.1629321272E+01,    3.1629321272E+01,    0.0000000000E+00,    0.0000000000E+00,    0.0000000000E+00,    3.1629321272E+01
     53750,      0.676924,CP7_after_upper_clamp,   1,    0.0000000000E+00,    3.1629321272E+01,    3.1629321272E+01,    0.0000000000E+00,    0.0000000000E+00,    0.0000000000E+00,    3.1629321272E+01
     53750,      0.676924,CP8_after_OBC,   1,    0.0000000000E+00,    3.1629321272E+01,    3.1629321272E+01,    0.0000000000E+00,    0.0000000000E+00,    0.0000000000E+00,    3.1629321272E+01
     53750,      0.676924,CP9_after_PTsource,   1,    0.0000000000E+00,    3.1629321272E+01,    3.1629321272E+01,    0.0000000000E+00,    0.0000000000E+00,    0.0000000000E+00,    3.1629321272E+01
     53750,      0.676924,CP10_after_neg_clamp,   1,    0.0000000000E+00,    3.1629321272E+01,    3.1629321272E+01,    0.0000000000E+00,    0.0000000000E+00,    0.0000000000E+00,    3.1629321272E+01
     53750,      0.676924,CP11_after_MPI,   1,    0.0000000000E+00,    3.1629321272E+01,    3.1629321272E+01,    0.0000000000E+00,    0.0000000000E+00,    0.0000000000E+00,    3.1629321272E+01
     53750,      0.676924,CP12_end,   1,    0.0000000000E+00,    3.1629321272E+01,    3.1629321272E+01,    0.0000000000E+00,    0.0000000000E+00,    0.0000000000E+00,    3.1629321272E+01
     53800,      0.676924,CP0_start,   1,    0.0000000000E+00,    3.1686462260E+01,    3.1686462260E+01,    0.0000000000E+00,    0.0000000000E+00,    0.0000000000E+00,    3.1686462260E+01
     53800,      0.676924,CP1_after_deposition,   1,    0.0000000000E+00,    3.1686462260E+01,    3.1686462260E+01,    0.0000000000E+00,    0.0000000000E+00,    0.0000000000E+00,    3.1686462260E+01
     53800,      0.676924,CP2_after_erosion,   1,    0.0000000000E+00,    3.1686462260E+01,    3.1686462260E+01,    0.0000000000E+00,    0.0000000000E+00,    0.0000000000E+00,    3.1686462260E+01
     53800,      0.676924,CP3_after_update_bottom,   1,    0.0000000000E+00,    3.1686462260E+01,    3.1686462260E+01,    0.0000000000E+00,    0.0000000000E+00,    0.0000000000E+00,    3.1686462260E+01
     53800,      0.676924,CP4_after_advection,   1,    0.0000000000E+00,    3.1688375111E+01,    3.1688375111E+01,    0.0000000000E+00,    0.0000000000E+00,    0.0000000000E+00,    3.1688375111E+01
     53800,      0.676924,CP5_after_vdif,   1,    0.0000000000E+00,    3.1688375111E+01,    3.1688375111E+01,    0.0000000000E+00,    0.0000000000E+00,    0.0000000000E+00,    3.1688375111E+01
     53800,      0.676924,CP6_after_kinetics,   1,    0.0000000000E+00,    3.1688375111E+01,    3.1688375111E+01,    0.0000000000E+00,    0.0000000000E+00,    0.0000000000E+00,    3.1688375111E+01
     53800,      0.676924,CP7_after_upper_clamp,   1,    0.0000000000E+00,    3.1688375111E+01,    3.1688375111E+01,    0.0000000000E+00,    0.0000000000E+00,    0.0000000000E+00,    3.1688375111E+01
     53800,      0.676924,CP8_after_OBC,   1,    0.0000000000E+00,    3.1688375111E+01,    3.1688375111E+01,    0.0000000000E+00,    0.0000000000E+00,    0.0000000000E+00,    3.1688375111E+01
     53800,      0.676924,CP9_after_PTsource,   1,    0.0000000000E+00,    3.1688375111E+01,    3.1688375111E+01,    0.0000000000E+00,    0.0000000000E+00,    0.0000000000E+00,    3.1688375111E+01
     53800,      0.676924,CP10_after_neg_clamp,   1,    0.0000000000E+00,    3.1688375111E+01,    3.1688375111E+01,    0.0000000000E+00,    0.0000000000E+00,    0.0000000000E+00,    3.1688375111E+01
     53800,      0.676924,CP11_after_MPI,   1,    0.0000000000E+00,    3.1688375111E+01,    3.1688375111E+01,    0.0000000000E+00,    0.0000000000E+00,    0.0000000000E+00,    3.1688375111E+01
     53800,      0.676924,CP12_end,   1,    0.0000000000E+00,    3.1688375111E+01,    3.1688375111E+01,    0.0000000000E+00,    0.0000000000E+00,    0.0000000000E+00,    3.1688375111E+01
     53850,      0.676924,CP0_start,   1,    0.0000000000E+00,    3.1745378763E+01,    3.1745378763E+01,    0.0000000000E+00,    0.0000000000E+00,    0.0000000000E+00,    3.1745378763E+01
     53850,      0.676924,CP1_after_deposition,   1,    0.0000000000E+00,    3.1745378763E+01,    3.1745378763E+01,    0.0000000000E+00,    0.0000000000E+00,    0.0000000000E+00,    3.1745378763E+01
     53850,      0.676924,CP2_after_erosion,   1,    0.0000000000E+00,    3.1745378763E+01,    3.1745378763E+01,    0.0000000000E+00,    0.0000000000E+00,    0.0000000000E+00,    3.1745378763E+01
     53850,      0.676924,CP3_after_update_bottom,   1,    0.0000000000E+00,    3.1745378763E+01,    3.1745378763E+01,    0.0000000000E+00,    0.0000000000E+00,    0.0000000000E+00,    3.1745378763E+01
     53850,      0.676924,CP4_after_advection,   1,    0.0000000000E+00,    3.1747302898E+01,    3.1747302898E+01,    0.0000000000E+00,    0.0000000000E+00,    0.0000000000E+00,    3.1747302898E+01
     53850,      0.676924,CP5_after_vdif,   1,    0.0000000000E+00,    3.1747302898E+01,    3.1747302898E+01,    0.0000000000E+00,    0.0000000000E+00,    0.0000000000E+00,    3.1747302898E+01
     53850,      0.676924,CP6_after_kinetics,   1,    0.0000000000E+00,    3.1747302898E+01,    3.1747302898E+01,    0.0000000000E+00,    0.0000000000E+00,    0.0000000000E+00,    3.1747302898E+01
     53850,      0.676924,CP7_after_upper_clamp,   1,    0.0000000000E+00,    3.1747302898E+01,    3.1747302898E+01,    0.0000000000E+00,    0.0000000000E+00,    0.0000000000E+00,    3.1747302898E+01
     53850,      0.676924,CP8_after_OBC,   1,    0.0000000000E+00,    3.1747302898E+01,    3.1747302898E+01,    0.0000000000E+00,    0.0000000000E+00,    0.0000000000E+00,    3.1747302898E+01
     53850,      0.676924,CP9_after_PTsource,   1,    0.0000000000E+00,    3.1747302898E+01,    3.1747302898E+01,    0.0000000000E+00,    0.0000000000E+00,    0.0000000000E+00,    3.1747302898E+01
     53850,      0.676924,CP10_after_neg_clamp,   1,    0.0000000000E+00,    3.1747302898E+01,    3.1747302898E+01,    0.0000000000E+00,    0.0000000000E+00,    0.0000000000E+00,    3.1747302898E+01
     53850,      0.676924,CP11_after_MPI,   1,    0.0000000000E+00,    3.1747302898E+01,    3.1747302898E+01,    0.0000000000E+00,    0.0000000000E+00,    0.0000000000E+00,    3.1747302898E+01
     53850,      0.676924,CP12_end,   1,    0.0000000000E+00,    3.1747302898E+01,    3.1747302898E+01,    0.0000000000E+00,    0.0000000000E+00,    0.0000000000E+00,    3.1747302898E+01
     53900,      0.676924,CP0_start,   1,    0.0000000000E+00,    3.1804215715E+01,    3.1804215715E+01,    0.0000000000E+00,    0.0000000000E+00,    0.0000000000E+00,    3.1804215715E+01
     53900,      0.676924,CP1_after_deposition,   1,    0.0000000000E+00,    3.1804215715E+01,    3.1804215715E+01,    0.0000000000E+00,    0.0000000000E+00,    0.0000000000E+00,    3.1804215715E+01
     53900,      0.676924,CP2_after_erosion,   1,    0.0000000000E+00,    3.1804215715E+01,    3.1804215715E+01,    0.0000000000E+00,    0.0000000000E+00,    0.0000000000E+00,    3.1804215715E+01
     53900,      0.676924,CP3_after_update_bottom,   1,    0.0000000000E+00,    3.1804215715E+01,    3.1804215715E+01,    0.0000000000E+00,    0.0000000000E+00,    0.0000000000E+00,    3.1804215715E+01
     53900,      0.676924,CP4_after_advection,   1,    0.0000000000E+00,    3.1806153723E+01,    3.1806153723E+01,    0.0000000000E+00,    0.0000000000E+00,    0.0000000000E+00,    3.1806153723E+01
     53900,      0.676924,CP5_after_vdif,   1,    0.0000000000E+00,    3.1806153723E+01,    3.1806153723E+01,    0.0000000000E+00,    0.0000000000E+00,    0.0000000000E+00,    3.1806153723E+01
     53900,      0.676924,CP6_after_kinetics,   1,    0.0000000000E+00,    3.1806153723E+01,    3.1806153723E+01,    0.0000000000E+00,    0.0000000000E+00,    0.0000000000E+00,    3.1806153723E+01
     53900,      0.676924,CP7_after_upper_clamp,   1,    0.0000000000E+00,    3.1806153723E+01,    3.1806153723E+01,    0.0000000000E+00,    0.0000000000E+00,    0.0000000000E+00,    3.1806153723E+01
     53900,      0.676924,CP8_after_OBC,   1,    0.0000000000E+00,    3.1806153723E+01,    3.1806153723E+01,    0.0000000000E+00,    0.0000000000E+00,    0.0000000000E+00,    3.1806153723E+01
     53900,      0.676924,CP9_after_PTsource,   1,    0.0000000000E+00,    3.1806153723E+01,    3.1806153723E+01,    0.0000000000E+00,    0.0000000000E+00,    0.0000000000E+00,    3.1806153723E+01
     53900,      0.676924,CP10_after_neg_clamp,   1,    0.0000000000E+00,    3.1806153723E+01,    3.1806153723E+01,    0.0000000000E+00,    0.0000000000E+00,    0.0000000000E+00,    3.1806153723E+01
     53900,      0.676924,CP11_after_MPI,   1,    0.0000000000E+00,    3.1806153723E+01,    3.1806153723E+01,    0.0000000000E+00,    0.0000000000E+00,    0.0000000000E+00,    3.1806153723E+01
     53900,      0.676924,CP12_end,   1,    0.0000000000E+00,    3.1806153723E+01,    3.1806153723E+01,    0.0000000000E+00,    0.0000000000E+00,    0.0000000000E+00,    3.1806153723E+01
     53950,      0.676924,CP0_start,   1,    0.0000000000E+00,    3.1863059910E+01,    3.1863059910E+01,    0.0000000000E+00,    0.0000000000E+00,    0.0000000000E+00,    3.1863059910E+01
     53950,      0.676924,CP1_after_deposition,   1,    0.0000000000E+00,    3.1863059910E+01,    3.1863059910E+01,    0.0000000000E+00,    0.0000000000E+00,    0.0000000000E+00,    3.1863059910E+01
     53950,      0.676924,CP2_after_erosion,   1,    0.0000000000E+00,    3.1863059910E+01,    3.1863059910E+01,    0.0000000000E+00,    0.0000000000E+00,    0.0000000000E+00,    3.1863059910E+01
     53950,      0.676924,CP3_after_update_bottom,   1,    0.0000000000E+00,    3.1863059910E+01,    3.1863059910E+01,    0.0000000000E+00,    0.0000000000E+00,    0.0000000000E+00,    3.1863059910E+01
     53950,      0.676924,CP4_after_advection,   1,    0.0000000000E+00,    3.1865012561E+01,    3.1865012561E+01,    0.0000000000E+00,    0.0000000000E+00,    0.0000000000E+00,    3.1865012561E+01
     53950,      0.676924,CP5_after_vdif,   1,    0.0000000000E+00,    3.1865012561E+01,    3.1865012561E+01,    0.0000000000E+00,    0.0000000000E+00,    0.0000000000E+00,    3.1865012561E+01
     53950,      0.676924,CP6_after_kinetics,   1,    0.0000000000E+00,    3.1865012561E+01,    3.1865012561E+01,    0.0000000000E+00,    0.0000000000E+00,    0.0000000000E+00,    3.1865012561E+01
     53950,      0.676924,CP7_after_upper_clamp,   1,    0.0000000000E+00,    3.1865012561E+01,    3.1865012561E+01,    0.0000000000E+00,    0.0000000000E+00,    0.0000000000E+00,    3.1865012561E+01
     53950,      0.676924,CP8_after_OBC,   1,    0.0000000000E+00,    3.1865012561E+01,    3.1865012561E+01,    0.0000000000E+00,    0.0000000000E+00,    0.0000000000E+00,    3.1865012561E+01
     53950,      0.676924,CP9_after_PTsource,   1,    0.0000000000E+00,    3.1865012561E+01,    3.1865012561E+01,    0.0000000000E+00,    0.0000000000E+00,    0.0000000000E+00,    3.1865012561E+01
     53950,      0.676924,CP10_after_neg_clamp,   1,    0.0000000000E+00,    3.1865012561E+01,    3.1865012561E+01,    0.0000000000E+00,    0.0000000000E+00,    0.0000000000E+00,    3.1865012561E+01
     53950,      0.676924,CP11_after_MPI,   1,    0.0000000000E+00,    3.1865012561E+01,    3.1865012561E+01,    0.0000000000E+00,    0.0000000000E+00,    0.0000000000E+00,    3.1865012561E+01
     53950,      0.676924,CP12_end,   1,    0.0000000000E+00,    3.1865012561E+01,    3.1865012561E+01,    0.0000000000E+00,    0.0000000000E+00,    0.0000000000E+00,    3.1865012561E+01
     54000,      0.676924,CP0_start,   1,    0.0000000000E+00,    3.1921983295E+01,    3.1921983295E+01,    0.0000000000E+00,    0.0000000000E+00,    0.0000000000E+00,    3.1921983295E+01
     54000,      0.676924,CP1_after_deposition,   1,    0.0000000000E+00,    3.1921983295E+01,    3.1921983295E+01,    0.0000000000E+00,    0.0000000000E+00,    0.0000000000E+00,    3.1921983295E+01
     54000,      0.676924,CP2_after_erosion,   1,    0.0000000000E+00,    3.1921983295E+01,    3.1921983295E+01,    0.0000000000E+00,    0.0000000000E+00,    0.0000000000E+00,    3.1921983295E+01
     54000,      0.676924,CP3_after_update_bottom,   1,    0.0000000000E+00,    3.1921983295E+01,    3.1921983295E+01,    0.0000000000E+00,    0.0000000000E+00,    0.0000000000E+00,    3.1921983295E+01
     54000,      0.676924,CP4_after_advection,   1,    0.0000000000E+00,    3.1923952639E+01,    3.1923952639E+01,    0.0000000000E+00,    0.0000000000E+00,    0.0000000000E+00,    3.1923952639E+01
     54000,      0.676924,CP5_after_vdif,   1,    0.0000000000E+00,    3.1923952639E+01,    3.1923952639E+01,    0.0000000000E+00,    0.0000000000E+00,    0.0000000000E+00,    3.1923952639E+01
     54000,      0.676924,CP6_after_kinetics,   1,    0.0000000000E+00,    3.1923952639E+01,    3.1923952639E+01,    0.0000000000E+00,    0.0000000000E+00,    0.0000000000E+00,    3.1923952639E+01
     54000,      0.676924,CP7_after_upper_clamp,   1,    0.0000000000E+00,    3.1923952639E+01,    3.1923952639E+01,    0.0000000000E+00,    0.0000000000E+00,    0.0000000000E+00,    3.1923952639E+01
     54000,      0.676924,CP8_after_OBC,   1,    0.0000000000E+00,    3.1923952639E+01,    3.1923952639E+01,    0.0000000000E+00,    0.0000000000E+00,    0.0000000000E+00,    3.1923952639E+01
     54000,      0.676924,CP9_after_PTsource,   1,    0.0000000000E+00,    3.1923952639E+01,    3.1923952639E+01,    0.0000000000E+00,    0.0000000000E+00,    0.0000000000E+00,    3.1923952639E+01
     54000,      0.676924,CP10_after_neg_clamp,   1,    0.0000000000E+00,    3.1923952639E+01,    3.1923952639E+01,    0.0000000000E+00,    0.0000000000E+00,    0.0000000000E+00,    3.1923952639E+01
     54000,      0.676924,CP11_after_MPI,   1,    0.0000000000E+00,    3.1923952639E+01,    3.1923952639E+01,    0.0000000000E+00,    0.0000000000E+00,    0.0000000000E+00,    3.1923952639E+01
     54000,      0.676924,CP12_end,   1,    0.0000000000E+00,    3.1923952639E+01,    3.1923952639E+01,    0.0000000000E+00,    0.0000000000E+00,    0.0000000000E+00,    3.1923952639E+01
     54050,      0.676924,CP0_start,   1,    0.0000000000E+00,    3.1981045853E+01,    3.1981045853E+01,    0.0000000000E+00,    0.0000000000E+00,    0.0000000000E+00,    3.1981045853E+01
     54050,      0.676924,CP1_after_deposition,   1,    0.0000000000E+00,    3.1981045853E+01,    3.1981045853E+01,    0.0000000000E+00,    0.0000000000E+00,    0.0000000000E+00,    3.1981045853E+01
     54050,      0.676924,CP2_after_erosion,   1,    0.0000000000E+00,    3.1981045853E+01,    3.1981045853E+01,    0.0000000000E+00,    0.0000000000E+00,    0.0000000000E+00,    3.1981045853E+01
     54050,      0.676924,CP3_after_update_bottom,   1,    0.0000000000E+00,    3.1981045853E+01,    3.1981045853E+01,    0.0000000000E+00,    0.0000000000E+00,    0.0000000000E+00,    3.1981045853E+01
     54050,      0.676924,CP4_after_advection,   1,    0.0000000000E+00,    3.1983031758E+01,    3.1983031758E+01,    0.0000000000E+00,    0.0000000000E+00,    0.0000000000E+00,    3.1983031758E+01
     54050,      0.676924,CP5_after_vdif,   1,    0.0000000000E+00,    3.1983031758E+01,    3.1983031758E+01,    0.0000000000E+00,    0.0000000000E+00,    0.0000000000E+00,    3.1983031758E+01
     54050,      0.676924,CP6_after_kinetics,   1,    0.0000000000E+00,    3.1983031758E+01,    3.1983031758E+01,    0.0000000000E+00,    0.0000000000E+00,    0.0000000000E+00,    3.1983031758E+01
     54050,      0.676924,CP7_after_upper_clamp,   1,    0.0000000000E+00,    3.1983031758E+01,    3.1983031758E+01,    0.0000000000E+00,    0.0000000000E+00,    0.0000000000E+00,    3.1983031758E+01
     54050,      0.676924,CP8_after_OBC,   1,    0.0000000000E+00,    3.1983031758E+01,    3.1983031758E+01,    0.0000000000E+00,    0.0000000000E+00,    0.0000000000E+00,    3.1983031758E+01
     54050,      0.676924,CP9_after_PTsource,   1,    0.0000000000E+00,    3.1983031758E+01,    3.1983031758E+01,    0.0000000000E+00,    0.0000000000E+00,    0.0000000000E+00,    3.1983031758E+01
     54050,      0.676924,CP10_after_neg_clamp,   1,    0.0000000000E+00,    3.1983031758E+01,    3.1983031758E+01,    0.0000000000E+00,    0.0000000000E+00,    0.0000000000E+00,    3.1983031758E+01
     54050,      0.676924,CP11_after_MPI,   1,    0.0000000000E+00,    3.1983031758E+01,    3.1983031758E+01,    0.0000000000E+00,    0.0000000000E+00,    0.0000000000E+00,    3.1983031758E+01
     54050,      0.676924,CP12_end,   1,    0.0000000000E+00,    3.1983031758E+01,    3.1983031758E+01,    0.0000000000E+00,    0.0000000000E+00,    0.0000000000E+00,    3.1983031758E+01
     54100,      0.676924,CP0_start,   1,    0.0000000000E+00,    3.2040335057E+01,    3.2040335057E+01,    0.0000000000E+00,    0.0000000000E+00,    0.0000000000E+00,    3.2040335057E+01
     54100,      0.676924,CP1_after_deposition,   1,    0.0000000000E+00,    3.2040335057E+01,    3.2040335057E+01,    0.0000000000E+00,    0.0000000000E+00,    0.0000000000E+00,    3.2040335057E+01
     54100,      0.676924,CP2_after_erosion,   1,    0.0000000000E+00,    3.2040335057E+01,    3.2040335057E+01,    0.0000000000E+00,    0.0000000000E+00,    0.0000000000E+00,    3.2040335057E+01
     54100,      0.676924,CP3_after_update_bottom,   1,    0.0000000000E+00,    3.2040335057E+01,    3.2040335057E+01,    0.0000000000E+00,    0.0000000000E+00,    0.0000000000E+00,    3.2040335057E+01
     54100,      0.676924,CP4_after_advection,   1,    0.0000000000E+00,    3.2042338155E+01,    3.2042338155E+01,    0.0000000000E+00,    0.0000000000E+00,    0.0000000000E+00,    3.2042338155E+01
     54100,      0.676924,CP5_after_vdif,   1,    0.0000000000E+00,    3.2042338155E+01,    3.2042338155E+01,    0.0000000000E+00,    0.0000000000E+00,    0.0000000000E+00,    3.2042338155E+01
     54100,      0.676924,CP6_after_kinetics,   1,    0.0000000000E+00,    3.2042338155E+01,    3.2042338155E+01,    0.0000000000E+00,    0.0000000000E+00,    0.0000000000E+00,    3.2042338155E+01
     54100,      0.676924,CP7_after_upper_clamp,   1,    0.0000000000E+00,    3.2042338155E+01,    3.2042338155E+01,    0.0000000000E+00,    0.0000000000E+00,    0.0000000000E+00,    3.2042338155E+01
     54100,      0.676924,CP8_after_OBC,   1,    0.0000000000E+00,    3.2042338155E+01,    3.2042338155E+01,    0.0000000000E+00,    0.0000000000E+00,    0.0000000000E+00,    3.2042338155E+01
     54100,      0.676924,CP9_after_PTsource,   1,    0.0000000000E+00,    3.2042338155E+01,    3.2042338155E+01,    0.0000000000E+00,    0.0000000000E+00,    0.0000000000E+00,    3.2042338155E+01
     54100,      0.676924,CP10_after_neg_clamp,   1,    0.0000000000E+00,    3.2042338155E+01,    3.2042338155E+01,    0.0000000000E+00,    0.0000000000E+00,    0.0000000000E+00,    3.2042338155E+01
     54100,      0.676924,CP11_after_MPI,   1,    0.0000000000E+00,    3.2042338155E+01,    3.2042338155E+01,    0.0000000000E+00,    0.0000000000E+00,    0.0000000000E+00,    3.2042338155E+01
     54100,      0.676924,CP12_end,   1,    0.0000000000E+00,    3.2042338155E+01,    3.2042338155E+01,    0.0000000000E+00,    0.0000000000E+00,    0.0000000000E+00,    3.2042338155E+01
     54150,      0.676924,CP0_start,   1,    0.0000000000E+00,    3.2099897497E+01,    3.2099897497E+01,    0.0000000000E+00,    0.0000000000E+00,    0.0000000000E+00,    3.2099897497E+01
     54150,      0.676924,CP1_after_deposition,   1,    0.0000000000E+00,    3.2099897497E+01,    3.2099897497E+01,    0.0000000000E+00,    0.0000000000E+00,    0.0000000000E+00,    3.2099897497E+01
     54150,      0.676924,CP2_after_erosion,   1,    0.0000000000E+00,    3.2099897497E+01,    3.2099897497E+01,    0.0000000000E+00,    0.0000000000E+00,    0.0000000000E+00,    3.2099897497E+01
     54150,      0.676924,CP3_after_update_bottom,   1,    0.0000000000E+00,    3.2099897497E+01,    3.2099897497E+01,    0.0000000000E+00,    0.0000000000E+00,    0.0000000000E+00,    3.2099897497E+01
     54150,      0.676924,CP4_after_advection,   1,    0.0000000000E+00,    3.2101919011E+01,    3.2101919011E+01,    0.0000000000E+00,    0.0000000000E+00,    0.0000000000E+00,    3.2101919011E+01
     54150,      0.676924,CP5_after_vdif,   1,    0.0000000000E+00,    3.2101919011E+01,    3.2101919011E+01,    0.0000000000E+00,    0.0000000000E+00,    0.0000000000E+00,    3.2101919011E+01
     54150,      0.676924,CP6_after_kinetics,   1,    0.0000000000E+00,    3.2101919011E+01,    3.2101919011E+01,    0.0000000000E+00,    0.0000000000E+00,    0.0000000000E+00,    3.2101919011E+01
     54150,      0.676924,CP7_after_upper_clamp,   1,    0.0000000000E+00,    3.2101919011E+01,    3.2101919011E+01,    0.0000000000E+00,    0.0000000000E+00,    0.0000000000E+00,    3.2101919011E+01
     54150,      0.676924,CP8_after_OBC,   1,    0.0000000000E+00,    3.2101919011E+01,    3.2101919011E+01,    0.0000000000E+00,    0.0000000000E+00,    0.0000000000E+00,    3.2101919011E+01
     54150,      0.676924,CP9_after_PTsource,   1,    0.0000000000E+00,    3.2101919011E+01,    3.2101919011E+01,    0.0000000000E+00,    0.0000000000E+00,    0.0000000000E+00,    3.2101919011E+01
     54150,      0.676924,CP10_after_neg_clamp,   1,    0.0000000000E+00,    3.2101919011E+01,    3.2101919011E+01,    0.0000000000E+00,    0.0000000000E+00,    0.0000000000E+00,    3.2101919011E+01
     54150,      0.676924,CP11_after_MPI,   1,    0.0000000000E+00,    3.2101919011E+01,    3.2101919011E+01,    0.0000000000E+00,    0.0000000000E+00,    0.0000000000E+00,    3.2101919011E+01
     54150,      0.676924,CP12_end,   1,    0.0000000000E+00,    3.2101919011E+01,    3.2101919011E+01,    0.0000000000E+00,    0.0000000000E+00,    0.0000000000E+00,    3.2101919011E+01
     54200,      0.676924,CP0_start,   1,    0.0000000000E+00,    3.2159750479E+01,    3.2159750479E+01,    0.0000000000E+00,    0.0000000000E+00,    0.0000000000E+00,    3.2159750479E+01
     54200,      0.676924,CP1_after_deposition,   1,    0.0000000000E+00,    3.2159750479E+01,    3.2159750479E+01,    0.0000000000E+00,    0.0000000000E+00,    0.0000000000E+00,    3.2159750479E+01
     54200,      0.676924,CP2_after_erosion,   1,    0.0000000000E+00,    3.2159750479E+01,    3.2159750479E+01,    0.0000000000E+00,    0.0000000000E+00,    0.0000000000E+00,    3.2159750479E+01
     54200,      0.676924,CP3_after_update_bottom,   1,    0.0000000000E+00,    3.2159750479E+01,    3.2159750479E+01,    0.0000000000E+00,    0.0000000000E+00,    0.0000000000E+00,    3.2159750479E+01
     54200,      0.676924,CP4_after_advection,   1,    0.0000000000E+00,    3.2161790153E+01,    3.2161790153E+01,    0.0000000000E+00,    0.0000000000E+00,    0.0000000000E+00,    3.2161790153E+01
     54200,      0.676924,CP5_after_vdif,   1,    0.0000000000E+00,    3.2161790153E+01,    3.2161790153E+01,    0.0000000000E+00,    0.0000000000E+00,    0.0000000000E+00,    3.2161790153E+01
     54200,      0.676924,CP6_after_kinetics,   1,    0.0000000000E+00,    3.2161790153E+01,    3.2161790153E+01,    0.0000000000E+00,    0.0000000000E+00,    0.0000000000E+00,    3.2161790153E+01
     54200,      0.676924,CP7_after_upper_clamp,   1,    0.0000000000E+00,    3.2161790153E+01,    3.2161790153E+01,    0.0000000000E+00,    0.0000000000E+00,    0.0000000000E+00,    3.2161790153E+01
     54200,      0.676924,CP8_after_OBC,   1,    0.0000000000E+00,    3.2161790153E+01,    3.2161790153E+01,    0.0000000000E+00,    0.0000000000E+00,    0.0000000000E+00,    3.2161790153E+01
     54200,      0.676924,CP9_after_PTsource,   1,    0.0000000000E+00,    3.2161790153E+01,    3.2161790153E+01,    0.0000000000E+00,    0.0000000000E+00,    0.0000000000E+00,    3.2161790153E+01
     54200,      0.676924,CP10_after_neg_clamp,   1,    0.0000000000E+00,    3.2161790153E+01,    3.2161790153E+01,    0.0000000000E+00,    0.0000000000E+00,    0.0000000000E+00,    3.2161790153E+01
     54200,      0.676924,CP11_after_MPI,   1,    0.0000000000E+00,    3.2161790153E+01,    3.2161790153E+01,    0.0000000000E+00,    0.0000000000E+00,    0.0000000000E+00,    3.2161790153E+01
     54200,      0.676924,CP12_end,   1,    0.0000000000E+00,    3.2161790153E+01,    3.2161790153E+01,    0.0000000000E+00,    0.0000000000E+00,    0.0000000000E+00,    3.2161790153E+01
     54250,      0.676924,CP0_start,   1,    0.0000000000E+00,    3.2219920879E+01,    3.2219920879E+01,    0.0000000000E+00,    0.0000000000E+00,    0.0000000000E+00,    3.2219920879E+01
     54250,      0.676924,CP1_after_deposition,   1,    0.0000000000E+00,    3.2219920879E+01,    3.2219920879E+01,    0.0000000000E+00,    0.0000000000E+00,    0.0000000000E+00,    3.2219920879E+01
     54250,      0.676924,CP2_after_erosion,   1,    0.0000000000E+00,    3.2219920879E+01,    3.2219920879E+01,    0.0000000000E+00,    0.0000000000E+00,    0.0000000000E+00,    3.2219920879E+01
     54250,      0.676924,CP3_after_update_bottom,   1,    0.0000000000E+00,    3.2219920879E+01,    3.2219920879E+01,    0.0000000000E+00,    0.0000000000E+00,    0.0000000000E+00,    3.2219920879E+01
     54250,      0.676924,CP4_after_advection,   1,    0.0000000000E+00,    3.2221978699E+01,    3.2221978699E+01,    0.0000000000E+00,    0.0000000000E+00,    0.0000000000E+00,    3.2221978699E+01
     54250,      0.676924,CP5_after_vdif,   1,    0.0000000000E+00,    3.2221978699E+01,    3.2221978699E+01,    0.0000000000E+00,    0.0000000000E+00,    0.0000000000E+00,    3.2221978699E+01
     54250,      0.676924,CP6_after_kinetics,   1,    0.0000000000E+00,    3.2221978699E+01,    3.2221978699E+01,    0.0000000000E+00,    0.0000000000E+00,    0.0000000000E+00,    3.2221978699E+01
     54250,      0.676924,CP7_after_upper_clamp,   1,    0.0000000000E+00,    3.2221978699E+01,    3.2221978699E+01,    0.0000000000E+00,    0.0000000000E+00,    0.0000000000E+00,    3.2221978699E+01
     54250,      0.676924,CP8_after_OBC,   1,    0.0000000000E+00,    3.2221978699E+01,    3.2221978699E+01,    0.0000000000E+00,    0.0000000000E+00,    0.0000000000E+00,    3.2221978699E+01
     54250,      0.676924,CP9_after_PTsource,   1,    0.0000000000E+00,    3.2221978699E+01,    3.2221978699E+01,    0.0000000000E+00,    0.0000000000E+00,    0.0000000000E+00,    3.2221978699E+01
     54250,      0.676924,CP10_after_neg_clamp,   1,    0.0000000000E+00,    3.2221978699E+01,    3.2221978699E+01,    0.0000000000E+00,    0.0000000000E+00,    0.0000000000E+00,    3.2221978699E+01
     54250,      0.676924,CP11_after_MPI,   1,    0.0000000000E+00,    3.2221978699E+01,    3.2221978699E+01,    0.0000000000E+00,    0.0000000000E+00,    0.0000000000E+00,    3.2221978699E+01
     54250,      0.676924,CP12_end,   1,    0.0000000000E+00,    3.2221978699E+01,    3.2221978699E+01,    0.0000000000E+00,    0.0000000000E+00,    0.0000000000E+00,    3.2221978699E+01
     54300,      0.676924,CP0_start,   1,    0.0000000000E+00,    3.2280410131E+01,    3.2280410131E+01,    0.0000000000E+00,    0.0000000000E+00,    0.0000000000E+00,    3.2280410131E+01
     54300,      0.676924,CP1_after_deposition,   1,    0.0000000000E+00,    3.2280410131E+01,    3.2280410131E+01,    0.0000000000E+00,    0.0000000000E+00,    0.0000000000E+00,    3.2280410131E+01
     54300,      0.676924,CP2_after_erosion,   1,    0.0000000000E+00,    3.2280410131E+01,    3.2280410131E+01,    0.0000000000E+00,    0.0000000000E+00,    0.0000000000E+00,    3.2280410131E+01
     54300,      0.676924,CP3_after_update_bottom,   1,    0.0000000000E+00,    3.2280410131E+01,    3.2280410131E+01,    0.0000000000E+00,    0.0000000000E+00,    0.0000000000E+00,    3.2280410131E+01
     54300,      0.676924,CP4_after_advection,   1,    0.0000000000E+00,    3.2282484648E+01,    3.2282484648E+01,    0.0000000000E+00,    0.0000000000E+00,    0.0000000000E+00,    3.2282484648E+01
     54300,      0.676924,CP5_after_vdif,   1,    0.0000000000E+00,    3.2282484648E+01,    3.2282484648E+01,    0.0000000000E+00,    0.0000000000E+00,    0.0000000000E+00,    3.2282484648E+01
     54300,      0.676924,CP6_after_kinetics,   1,    0.0000000000E+00,    3.2282484648E+01,    3.2282484648E+01,    0.0000000000E+00,    0.0000000000E+00,    0.0000000000E+00,    3.2282484648E+01
     54300,      0.676924,CP7_after_upper_clamp,   1,    0.0000000000E+00,    3.2282484648E+01,    3.2282484648E+01,    0.0000000000E+00,    0.0000000000E+00,    0.0000000000E+00,    3.2282484648E+01
     54300,      0.676924,CP8_after_OBC,   1,    0.0000000000E+00,    3.2282484648E+01,    3.2282484648E+01,    0.0000000000E+00,    0.0000000000E+00,    0.0000000000E+00,    3.2282484648E+01
     54300,      0.676924,CP9_after_PTsource,   1,    0.0000000000E+00,    3.2282484648E+01,    3.2282484648E+01,    0.0000000000E+00,    0.0000000000E+00,    0.0000000000E+00,    3.2282484648E+01
     54300,      0.676924,CP10_after_neg_clamp,   1,    0.0000000000E+00,    3.2282484648E+01,    3.2282484648E+01,    0.0000000000E+00,    0.0000000000E+00,    0.0000000000E+00,    3.2282484648E+01
     54300,      0.676924,CP11_after_MPI,   1,    0.0000000000E+00,    3.2282484648E+01,    3.2282484648E+01,    0.0000000000E+00,    0.0000000000E+00,    0.0000000000E+00,    3.2282484648E+01
     54300,      0.676924,CP12_end,   1,    0.0000000000E+00,    3.2282484648E+01,    3.2282484648E+01,    0.0000000000E+00,    0.0000000000E+00,    0.0000000000E+00,    3.2282484648E+01
     54350,      0.676924,CP0_start,   1,    0.0000000000E+00,    3.2341161912E+01,    3.2341161912E+01,    0.0000000000E+00,    0.0000000000E+00,    0.0000000000E+00,    3.2341161912E+01
     54350,      0.676924,CP1_after_deposition,   1,    0.0000000000E+00,    3.2341161912E+01,    3.2341161912E+01,    0.0000000000E+00,    0.0000000000E+00,    0.0000000000E+00,    3.2341161912E+01
     54350,      0.676924,CP2_after_erosion,   1,    0.0000000000E+00,    3.2341161912E+01,    3.2341161912E+01,    0.0000000000E+00,    0.0000000000E+00,    0.0000000000E+00,    3.2341161912E+01
     54350,      0.676924,CP3_after_update_bottom,   1,    0.0000000000E+00,    3.2341161912E+01,    3.2341161912E+01,    0.0000000000E+00,    0.0000000000E+00,    0.0000000000E+00,    3.2341161912E+01
     54350,      0.676924,CP4_after_advection,   1,    0.0000000000E+00,    3.2343252158E+01,    3.2343252158E+01,    0.0000000000E+00,    0.0000000000E+00,    0.0000000000E+00,    3.2343252158E+01
     54350,      0.676924,CP5_after_vdif,   1,    0.0000000000E+00,    3.2343252158E+01,    3.2343252158E+01,    0.0000000000E+00,    0.0000000000E+00,    0.0000000000E+00,    3.2343252158E+01
     54350,      0.676924,CP6_after_kinetics,   1,    0.0000000000E+00,    3.2343252158E+01,    3.2343252158E+01,    0.0000000000E+00,    0.0000000000E+00,    0.0000000000E+00,    3.2343252158E+01
     54350,      0.676924,CP7_after_upper_clamp,   1,    0.0000000000E+00,    3.2343252158E+01,    3.2343252158E+01,    0.0000000000E+00,    0.0000000000E+00,    0.0000000000E+00,    3.2343252158E+01
     54350,      0.676924,CP8_after_OBC,   1,    0.0000000000E+00,    3.2343252158E+01,    3.2343252158E+01,    0.0000000000E+00,    0.0000000000E+00,    0.0000000000E+00,    3.2343252158E+01
     54350,      0.676924,CP9_after_PTsource,   1,    0.0000000000E+00,    3.2343252158E+01,    3.2343252158E+01,    0.0000000000E+00,    0.0000000000E+00,    0.0000000000E+00,    3.2343252158E+01
     54350,      0.676924,CP10_after_neg_clamp,   1,    0.0000000000E+00,    3.2343252158E+01,    3.2343252158E+01,    0.0000000000E+00,    0.0000000000E+00,    0.0000000000E+00,    3.2343252158E+01
     54350,      0.676924,CP11_after_MPI,   1,    0.0000000000E+00,    3.2343252158E+01,    3.2343252158E+01,    0.0000000000E+00,    0.0000000000E+00,    0.0000000000E+00,    3.2343252158E+01
     54350,      0.676924,CP12_end,   1,    0.0000000000E+00,    3.2343252158E+01,    3.2343252158E+01,    0.0000000000E+00,    0.0000000000E+00,    0.0000000000E+00,    3.2343252158E+01
     54400,      0.676924,CP0_start,   1,    0.0000000000E+00,    3.2402126709E+01,    3.2402126709E+01,    0.0000000000E+00,    0.0000000000E+00,    0.0000000000E+00,    3.2402126709E+01
     54400,      0.676924,CP1_after_deposition,   1,    0.0000000000E+00,    3.2402126709E+01,    3.2402126709E+01,    0.0000000000E+00,    0.0000000000E+00,    0.0000000000E+00,    3.2402126709E+01
     54400,      0.676924,CP2_after_erosion,   1,    0.0000000000E+00,    3.2402126709E+01,    3.2402126709E+01,    0.0000000000E+00,    0.0000000000E+00,    0.0000000000E+00,    3.2402126709E+01
     54400,      0.676924,CP3_after_update_bottom,   1,    0.0000000000E+00,    3.2402126709E+01,    3.2402126709E+01,    0.0000000000E+00,    0.0000000000E+00,    0.0000000000E+00,    3.2402126709E+01
     54400,      0.676924,CP4_after_advection,   1,    0.0000000000E+00,    3.2404232989E+01,    3.2404232989E+01,    0.0000000000E+00,    0.0000000000E+00,    0.0000000000E+00,    3.2404232989E+01
     54400,      0.676924,CP5_after_vdif,   1,    0.0000000000E+00,    3.2404232989E+01,    3.2404232989E+01,    0.0000000000E+00,    0.0000000000E+00,    0.0000000000E+00,    3.2404232989E+01
     54400,      0.676924,CP6_after_kinetics,   1,    0.0000000000E+00,    3.2404232989E+01,    3.2404232989E+01,    0.0000000000E+00,    0.0000000000E+00,    0.0000000000E+00,    3.2404232989E+01
     54400,      0.676924,CP7_after_upper_clamp,   1,    0.0000000000E+00,    3.2404232989E+01,    3.2404232989E+01,    0.0000000000E+00,    0.0000000000E+00,    0.0000000000E+00,    3.2404232989E+01
     54400,      0.676924,CP8_after_OBC,   1,    0.0000000000E+00,    3.2404232989E+01,    3.2404232989E+01,    0.0000000000E+00,    0.0000000000E+00,    0.0000000000E+00,    3.2404232989E+01
     54400,      0.676924,CP9_after_PTsource,   1,    0.0000000000E+00,    3.2404232989E+01,    3.2404232989E+01,    0.0000000000E+00,    0.0000000000E+00,    0.0000000000E+00,    3.2404232989E+01
     54400,      0.676924,CP10_after_neg_clamp,   1,    0.0000000000E+00,    3.2404232989E+01,    3.2404232989E+01,    0.0000000000E+00,    0.0000000000E+00,    0.0000000000E+00,    3.2404232989E+01
     54400,      0.676924,CP11_after_MPI,   1,    0.0000000000E+00,    3.2404232989E+01,    3.2404232989E+01,    0.0000000000E+00,    0.0000000000E+00,    0.0000000000E+00,    3.2404232989E+01
     54400,      0.676924,CP12_end,   1,    0.0000000000E+00,    3.2404232989E+01,    3.2404232989E+01,    0.0000000000E+00,    0.0000000000E+00,    0.0000000000E+00,    3.2404232989E+01
     54450,      0.676924,CP0_start,   1,    0.0000000000E+00,    3.2463225452E+01,    3.2463225452E+01,    0.0000000000E+00,    0.0000000000E+00,    0.0000000000E+00,    3.2463225452E+01
     54450,      0.676924,CP1_after_deposition,   1,    0.0000000000E+00,    3.2463225452E+01,    3.2463225452E+01,    0.0000000000E+00,    0.0000000000E+00,    0.0000000000E+00,    3.2463225452E+01
     54450,      0.676924,CP2_after_erosion,   1,    0.0000000000E+00,    3.2463225452E+01,    3.2463225452E+01,    0.0000000000E+00,    0.0000000000E+00,    0.0000000000E+00,    3.2463225452E+01
     54450,      0.676924,CP3_after_update_bottom,   1,    0.0000000000E+00,    3.2463225452E+01,    3.2463225452E+01,    0.0000000000E+00,    0.0000000000E+00,    0.0000000000E+00,    3.2463225452E+01
     54450,      0.676924,CP4_after_advection,   1,    0.0000000000E+00,    3.2465344547E+01,    3.2465344547E+01,    0.0000000000E+00,    0.0000000000E+00,    0.0000000000E+00,    3.2465344547E+01
     54450,      0.676924,CP5_after_vdif,   1,    0.0000000000E+00,    3.2465344547E+01,    3.2465344547E+01,    0.0000000000E+00,    0.0000000000E+00,    0.0000000000E+00,    3.2465344547E+01
     54450,      0.676924,CP6_after_kinetics,   1,    0.0000000000E+00,    3.2465344547E+01,    3.2465344547E+01,    0.0000000000E+00,    0.0000000000E+00,    0.0000000000E+00,    3.2465344547E+01
     54450,      0.676924,CP7_after_upper_clamp,   1,    0.0000000000E+00,    3.2465344547E+01,    3.2465344547E+01,    0.0000000000E+00,    0.0000000000E+00,    0.0000000000E+00,    3.2465344547E+01
     54450,      0.676924,CP8_after_OBC,   1,    0.0000000000E+00,    3.2465344547E+01,    3.2465344547E+01,    0.0000000000E+00,    0.0000000000E+00,    0.0000000000E+00,    3.2465344547E+01
     54450,      0.676924,CP9_after_PTsource,   1,    0.0000000000E+00,    3.2465344547E+01,    3.2465344547E+01,    0.0000000000E+00,    0.0000000000E+00,    0.0000000000E+00,    3.2465344547E+01
     54450,      0.676924,CP10_after_neg_clamp,   1,    0.0000000000E+00,    3.2465344547E+01,    3.2465344547E+01,    0.0000000000E+00,    0.0000000000E+00,    0.0000000000E+00,    3.2465344547E+01
     54450,      0.676924,CP11_after_MPI,   1,    0.0000000000E+00,    3.2465344547E+01,    3.2465344547E+01,    0.0000000000E+00,    0.0000000000E+00,    0.0000000000E+00,    3.2465344547E+01
     54450,      0.676924,CP12_end,   1,    0.0000000000E+00,    3.2465344547E+01,    3.2465344547E+01,    0.0000000000E+00,    0.0000000000E+00,    0.0000000000E+00,    3.2465344547E+01
     54500,      0.676924,CP0_start,   1,    0.0000000000E+00,    3.2524362443E+01,    3.2524362443E+01,    0.0000000000E+00,    0.0000000000E+00,    0.0000000000E+00,    3.2524362443E+01
     54500,      0.676924,CP1_after_deposition,   1,    0.0000000000E+00,    3.2524362443E+01,    3.2524362443E+01,    0.0000000000E+00,    0.0000000000E+00,    0.0000000000E+00,    3.2524362443E+01
     54500,      0.676924,CP2_after_erosion,   1,    0.0000000000E+00,    3.2524362443E+01,    3.2524362443E+01,    0.0000000000E+00,    0.0000000000E+00,    0.0000000000E+00,    3.2524362443E+01
     54500,      0.676924,CP3_after_update_bottom,   1,    0.0000000000E+00,    3.2524362443E+01,    3.2524362443E+01,    0.0000000000E+00,    0.0000000000E+00,    0.0000000000E+00,    3.2524362443E+01
     54500,      0.676924,CP4_after_advection,   1,    0.0000000000E+00,    3.2526492839E+01,    3.2526492839E+01,    0.0000000000E+00,    0.0000000000E+00,    0.0000000000E+00,    3.2526492839E+01
     54500,      0.676924,CP5_after_vdif,   1,    0.0000000000E+00,    3.2526492839E+01,    3.2526492839E+01,    0.0000000000E+00,    0.0000000000E+00,    0.0000000000E+00,    3.2526492839E+01
     54500,      0.676924,CP6_after_kinetics,   1,    0.0000000000E+00,    3.2526492839E+01,    3.2526492839E+01,    0.0000000000E+00,    0.0000000000E+00,    0.0000000000E+00,    3.2526492839E+01
     54500,      0.676924,CP7_after_upper_clamp,   1,    0.0000000000E+00,    3.2526492839E+01,    3.2526492839E+01,    0.0000000000E+00,    0.0000000000E+00,    0.0000000000E+00,    3.2526492839E+01
     54500,      0.676924,CP8_after_OBC,   1,    0.0000000000E+00,    3.2526492839E+01,    3.2526492839E+01,    0.0000000000E+00,    0.0000000000E+00,    0.0000000000E+00,    3.2526492839E+01
     54500,      0.676924,CP9_after_PTsource,   1,    0.0000000000E+00,    3.2526492839E+01,    3.2526492839E+01,    0.0000000000E+00,    0.0000000000E+00,    0.0000000000E+00,    3.2526492839E+01
     54500,      0.676924,CP10_after_neg_clamp,   1,    0.0000000000E+00,    3.2526492839E+01,    3.2526492839E+01,    0.0000000000E+00,    0.0000000000E+00,    0.0000000000E+00,    3.2526492839E+01
     54500,      0.676924,CP11_after_MPI,   1,    0.0000000000E+00,    3.2526492839E+01,    3.2526492839E+01,    0.0000000000E+00,    0.0000000000E+00,    0.0000000000E+00,    3.2526492839E+01
     54500,      0.676924,CP12_end,   1,    0.0000000000E+00,    3.2526492839E+01,    3.2526492839E+01,    0.0000000000E+00,    0.0000000000E+00,    0.0000000000E+00,    3.2526492839E+01
     54550,      0.676924,CP0_start,   1,    0.0000000000E+00,    3.2585440941E+01,    3.2585440941E+01,    0.0000000000E+00,    0.0000000000E+00,    0.0000000000E+00,    3.2585440941E+01
     54550,      0.676924,CP1_after_deposition,   1,    0.0000000000E+00,    3.2585440941E+01,    3.2585440941E+01,    0.0000000000E+00,    0.0000000000E+00,    0.0000000000E+00,    3.2585440941E+01
     54550,      0.676924,CP2_after_erosion,   1,    0.0000000000E+00,    3.2585440941E+01,    3.2585440941E+01,    0.0000000000E+00,    0.0000000000E+00,    0.0000000000E+00,    3.2585440941E+01
     54550,      0.676924,CP3_after_update_bottom,   1,    0.0000000000E+00,    3.2585440941E+01,    3.2585440941E+01,    0.0000000000E+00,    0.0000000000E+00,    0.0000000000E+00,    3.2585440941E+01
     54550,      0.676924,CP4_after_advection,   1,    0.0000000000E+00,    3.2587579985E+01,    3.2587579985E+01,    0.0000000000E+00,    0.0000000000E+00,    0.0000000000E+00,    3.2587579985E+01
     54550,      0.676924,CP5_after_vdif,   1,    0.0000000000E+00,    3.2587579985E+01,    3.2587579985E+01,    0.0000000000E+00,    0.0000000000E+00,    0.0000000000E+00,    3.2587579985E+01
     54550,      0.676924,CP6_after_kinetics,   1,    0.0000000000E+00,    3.2587579985E+01,    3.2587579985E+01,    0.0000000000E+00,    0.0000000000E+00,    0.0000000000E+00,    3.2587579985E+01
     54550,      0.676924,CP7_after_upper_clamp,   1,    0.0000000000E+00,    3.2587579985E+01,    3.2587579985E+01,    0.0000000000E+00,    0.0000000000E+00,    0.0000000000E+00,    3.2587579985E+01
     54550,      0.676924,CP8_after_OBC,   1,    0.0000000000E+00,    3.2587579985E+01,    3.2587579985E+01,    0.0000000000E+00,    0.0000000000E+00,    0.0000000000E+00,    3.2587579985E+01
     54550,      0.676924,CP9_after_PTsource,   1,    0.0000000000E+00,    3.2587579985E+01,    3.2587579985E+01,    0.0000000000E+00,    0.0000000000E+00,    0.0000000000E+00,    3.2587579985E+01
     54550,      0.676924,CP10_after_neg_clamp,   1,    0.0000000000E+00,    3.2587579985E+01,    3.2587579985E+01,    0.0000000000E+00,    0.0000000000E+00,    0.0000000000E+00,    3.2587579985E+01
     54550,      0.676924,CP11_after_MPI,   1,    0.0000000000E+00,    3.2587579985E+01,    3.2587579985E+01,    0.0000000000E+00,    0.0000000000E+00,    0.0000000000E+00,    3.2587579985E+01
     54550,      0.676924,CP12_end,   1,    0.0000000000E+00,    3.2587579985E+01,    3.2587579985E+01,    0.0000000000E+00,    0.0000000000E+00,    0.0000000000E+00,    3.2587579985E+01
     54600,      0.676924,CP0_start,   1,    0.0000000000E+00,    3.2646370318E+01,    3.2646370318E+01,    0.0000000000E+00,    0.0000000000E+00,    0.0000000000E+00,    3.2646370318E+01
     54600,      0.676924,CP1_after_deposition,   1,    0.0000000000E+00,    3.2646370318E+01,    3.2646370318E+01,    0.0000000000E+00,    0.0000000000E+00,    0.0000000000E+00,    3.2646370318E+01
     54600,      0.676924,CP2_after_erosion,   1,    0.0000000000E+00,    3.2646370318E+01,    3.2646370318E+01,    0.0000000000E+00,    0.0000000000E+00,    0.0000000000E+00,    3.2646370318E+01
     54600,      0.676924,CP3_after_update_bottom,   1,    0.0000000000E+00,    3.2646370318E+01,    3.2646370318E+01,    0.0000000000E+00,    0.0000000000E+00,    0.0000000000E+00,    3.2646370318E+01
     54600,      0.676924,CP4_after_advection,   1,    0.0000000000E+00,    3.2648516428E+01,    3.2648516428E+01,    0.0000000000E+00,    0.0000000000E+00,    0.0000000000E+00,    3.2648516428E+01
     54600,      0.676924,CP5_after_vdif,   1,    0.0000000000E+00,    3.2648516428E+01,    3.2648516428E+01,    0.0000000000E+00,    0.0000000000E+00,    0.0000000000E+00,    3.2648516428E+01
     54600,      0.676924,CP6_after_kinetics,   1,    0.0000000000E+00,    3.2648516428E+01,    3.2648516428E+01,    0.0000000000E+00,    0.0000000000E+00,    0.0000000000E+00,    3.2648516428E+01
     54600,      0.676924,CP7_after_upper_clamp,   1,    0.0000000000E+00,    3.2648516428E+01,    3.2648516428E+01,    0.0000000000E+00,    0.0000000000E+00,    0.0000000000E+00,    3.2648516428E+01
     54600,      0.676924,CP8_after_OBC,   1,    0.0000000000E+00,    3.2648516428E+01,    3.2648516428E+01,    0.0000000000E+00,    0.0000000000E+00,    0.0000000000E+00,    3.2648516428E+01
     54600,      0.676924,CP9_after_PTsource,   1,    0.0000000000E+00,    3.2648516428E+01,    3.2648516428E+01,    0.0000000000E+00,    0.0000000000E+00,    0.0000000000E+00,    3.2648516428E+01
     54600,      0.676924,CP10_after_neg_clamp,   1,    0.0000000000E+00,    3.2648516428E+01,    3.2648516428E+01,    0.0000000000E+00,    0.0000000000E+00,    0.0000000000E+00,    3.2648516428E+01
     54600,      0.676924,CP11_after_MPI,   1,    0.0000000000E+00,    3.2648516428E+01,    3.2648516428E+01,    0.0000000000E+00,    0.0000000000E+00,    0.0000000000E+00,    3.2648516428E+01
     54600,      0.676924,CP12_end,   1,    0.0000000000E+00,    3.2648516428E+01,    3.2648516428E+01,    0.0000000000E+00,    0.0000000000E+00,    0.0000000000E+00,    3.2648516428E+01
     54650,      0.676924,CP0_start,   1,    0.0000000000E+00,    3.2707080159E+01,    3.2707080159E+01,    0.0000000000E+00,    0.0000000000E+00,    0.0000000000E+00,    3.2707080159E+01
     54650,      0.676924,CP1_after_deposition,   1,    0.0000000000E+00,    3.2707080159E+01,    3.2707080159E+01,    0.0000000000E+00,    0.0000000000E+00,    0.0000000000E+00,    3.2707080159E+01
     54650,      0.676924,CP2_after_erosion,   1,    0.0000000000E+00,    3.2707080159E+01,    3.2707080159E+01,    0.0000000000E+00,    0.0000000000E+00,    0.0000000000E+00,    3.2707080159E+01
     54650,      0.676924,CP3_after_update_bottom,   1,    0.0000000000E+00,    3.2707080159E+01,    3.2707080159E+01,    0.0000000000E+00,    0.0000000000E+00,    0.0000000000E+00,    3.2707080159E+01
     54650,      0.676924,CP4_after_advection,   1,    0.0000000000E+00,    3.2709230452E+01,    3.2709230452E+01,    0.0000000000E+00,    0.0000000000E+00,    0.0000000000E+00,    3.2709230452E+01
     54650,      0.676924,CP5_after_vdif,   1,    0.0000000000E+00,    3.2709230452E+01,    3.2709230452E+01,    0.0000000000E+00,    0.0000000000E+00,    0.0000000000E+00,    3.2709230452E+01
     54650,      0.676924,CP6_after_kinetics,   1,    0.0000000000E+00,    3.2709230452E+01,    3.2709230452E+01,    0.0000000000E+00,    0.0000000000E+00,    0.0000000000E+00,    3.2709230452E+01
     54650,      0.676924,CP7_after_upper_clamp,   1,    0.0000000000E+00,    3.2709230452E+01,    3.2709230452E+01,    0.0000000000E+00,    0.0000000000E+00,    0.0000000000E+00,    3.2709230452E+01
     54650,      0.676924,CP8_after_OBC,   1,    0.0000000000E+00,    3.2709230452E+01,    3.2709230452E+01,    0.0000000000E+00,    0.0000000000E+00,    0.0000000000E+00,    3.2709230452E+01
     54650,      0.676924,CP9_after_PTsource,   1,    0.0000000000E+00,    3.2709230452E+01,    3.2709230452E+01,    0.0000000000E+00,    0.0000000000E+00,    0.0000000000E+00,    3.2709230452E+01
     54650,      0.676924,CP10_after_neg_clamp,   1,    0.0000000000E+00,    3.2709230452E+01,    3.2709230452E+01,    0.0000000000E+00,    0.0000000000E+00,    0.0000000000E+00,    3.2709230452E+01
     54650,      0.676924,CP11_after_MPI,   1,    0.0000000000E+00,    3.2709230452E+01,    3.2709230452E+01,    0.0000000000E+00,    0.0000000000E+00,    0.0000000000E+00,    3.2709230452E+01
     54650,      0.676924,CP12_end,   1,    0.0000000000E+00,    3.2709230452E+01,    3.2709230452E+01,    0.0000000000E+00,    0.0000000000E+00,    0.0000000000E+00,    3.2709230452E+01
     54700,      0.676924,CP0_start,   1,    0.0000000000E+00,    3.2767499667E+01,    3.2767499667E+01,    0.0000000000E+00,    0.0000000000E+00,    0.0000000000E+00,    3.2767499667E+01
     54700,      0.676924,CP1_after_deposition,   1,    0.0000000000E+00,    3.2767499667E+01,    3.2767499667E+01,    0.0000000000E+00,    0.0000000000E+00,    0.0000000000E+00,    3.2767499667E+01
     54700,      0.676924,CP2_after_erosion,   1,    0.0000000000E+00,    3.2767499667E+01,    3.2767499667E+01,    0.0000000000E+00,    0.0000000000E+00,    0.0000000000E+00,    3.2767499667E+01
     54700,      0.676924,CP3_after_update_bottom,   1,    0.0000000000E+00,    3.2767499667E+01,    3.2767499667E+01,    0.0000000000E+00,    0.0000000000E+00,    0.0000000000E+00,    3.2767499667E+01
     54700,      0.676924,CP4_after_advection,   1,    0.0000000000E+00,    3.2769653152E+01,    3.2769653152E+01,    0.0000000000E+00,    0.0000000000E+00,    0.0000000000E+00,    3.2769653152E+01
     54700,      0.676924,CP5_after_vdif,   1,    0.0000000000E+00,    3.2769653152E+01,    3.2769653152E+01,    0.0000000000E+00,    0.0000000000E+00,    0.0000000000E+00,    3.2769653152E+01
     54700,      0.676924,CP6_after_kinetics,   1,    0.0000000000E+00,    3.2769653152E+01,    3.2769653152E+01,    0.0000000000E+00,    0.0000000000E+00,    0.0000000000E+00,    3.2769653152E+01
     54700,      0.676924,CP7_after_upper_clamp,   1,    0.0000000000E+00,    3.2769653152E+01,    3.2769653152E+01,    0.0000000000E+00,    0.0000000000E+00,    0.0000000000E+00,    3.2769653152E+01
     54700,      0.676924,CP8_after_OBC,   1,    0.0000000000E+00,    3.2769653152E+01,    3.2769653152E+01,    0.0000000000E+00,    0.0000000000E+00,    0.0000000000E+00,    3.2769653152E+01
     54700,      0.676924,CP9_after_PTsource,   1,    0.0000000000E+00,    3.2769653152E+01,    3.2769653152E+01,    0.0000000000E+00,    0.0000000000E+00,    0.0000000000E+00,    3.2769653152E+01
     54700,      0.676924,CP10_after_neg_clamp,   1,    0.0000000000E+00,    3.2769653152E+01,    3.2769653152E+01,    0.0000000000E+00,    0.0000000000E+00,    0.0000000000E+00,    3.2769653152E+01
     54700,      0.676924,CP11_after_MPI,   1,    0.0000000000E+00,    3.2769653152E+01,    3.2769653152E+01,    0.0000000000E+00,    0.0000000000E+00,    0.0000000000E+00,    3.2769653152E+01
     54700,      0.676924,CP12_end,   1,    0.0000000000E+00,    3.2769653152E+01,    3.2769653152E+01,    0.0000000000E+00,    0.0000000000E+00,    0.0000000000E+00,    3.2769653152E+01
     54750,      0.676924,CP0_start,   1,    0.0000000000E+00,    3.2827600216E+01,    3.2827600216E+01,    0.0000000000E+00,    0.0000000000E+00,    0.0000000000E+00,    3.2827600216E+01
     54750,      0.676924,CP1_after_deposition,   1,    0.0000000000E+00,    3.2827600216E+01,    3.2827600216E+01,    0.0000000000E+00,    0.0000000000E+00,    0.0000000000E+00,    3.2827600216E+01
     54750,      0.676924,CP2_after_erosion,   1,    0.0000000000E+00,    3.2827600216E+01,    3.2827600216E+01,    0.0000000000E+00,    0.0000000000E+00,    0.0000000000E+00,    3.2827600216E+01
     54750,      0.676924,CP3_after_update_bottom,   1,    0.0000000000E+00,    3.2827600216E+01,    3.2827600216E+01,    0.0000000000E+00,    0.0000000000E+00,    0.0000000000E+00,    3.2827600216E+01
     54750,      0.676924,CP4_after_advection,   1,    0.0000000000E+00,    3.2829755954E+01,    3.2829755954E+01,    0.0000000000E+00,    0.0000000000E+00,    0.0000000000E+00,    3.2829755954E+01
     54750,      0.676924,CP5_after_vdif,   1,    0.0000000000E+00,    3.2829755954E+01,    3.2829755954E+01,    0.0000000000E+00,    0.0000000000E+00,    0.0000000000E+00,    3.2829755954E+01
     54750,      0.676924,CP6_after_kinetics,   1,    0.0000000000E+00,    3.2829755954E+01,    3.2829755954E+01,    0.0000000000E+00,    0.0000000000E+00,    0.0000000000E+00,    3.2829755954E+01
     54750,      0.676924,CP7_after_upper_clamp,   1,    0.0000000000E+00,    3.2829755954E+01,    3.2829755954E+01,    0.0000000000E+00,    0.0000000000E+00,    0.0000000000E+00,    3.2829755954E+01
     54750,      0.676924,CP8_after_OBC,   1,    0.0000000000E+00,    3.2829755954E+01,    3.2829755954E+01,    0.0000000000E+00,    0.0000000000E+00,    0.0000000000E+00,    3.2829755954E+01
     54750,      0.676924,CP9_after_PTsource,   1,    0.0000000000E+00,    3.2829755954E+01,    3.2829755954E+01,    0.0000000000E+00,    0.0000000000E+00,    0.0000000000E+00,    3.2829755954E+01
     54750,      0.676924,CP10_after_neg_clamp,   1,    0.0000000000E+00,    3.2829755954E+01,    3.2829755954E+01,    0.0000000000E+00,    0.0000000000E+00,    0.0000000000E+00,    3.2829755954E+01
     54750,      0.676924,CP11_after_MPI,   1,    0.0000000000E+00,    3.2829755954E+01,    3.2829755954E+01,    0.0000000000E+00,    0.0000000000E+00,    0.0000000000E+00,    3.2829755954E+01
     54750,      0.676924,CP12_end,   1,    0.0000000000E+00,    3.2829755954E+01,    3.2829755954E+01,    0.0000000000E+00,    0.0000000000E+00,    0.0000000000E+00,    3.2829755954E+01
     54800,      0.676924,CP0_start,   1,    0.0000000000E+00,    3.2887389797E+01,    3.2887389797E+01,    0.0000000000E+00,    0.0000000000E+00,    0.0000000000E+00,    3.2887389797E+01
     54800,      0.676924,CP1_after_deposition,   1,    0.0000000000E+00,    3.2887389797E+01,    3.2887389797E+01,    0.0000000000E+00,    0.0000000000E+00,    0.0000000000E+00,    3.2887389797E+01
     54800,      0.676924,CP2_after_erosion,   1,    0.0000000000E+00,    3.2887389797E+01,    3.2887389797E+01,    0.0000000000E+00,    0.0000000000E+00,    0.0000000000E+00,    3.2887389797E+01
     54800,      0.676924,CP3_after_update_bottom,   1,    0.0000000000E+00,    3.2887389797E+01,    3.2887389797E+01,    0.0000000000E+00,    0.0000000000E+00,    0.0000000000E+00,    3.2887389797E+01
     54800,      0.676924,CP4_after_advection,   1,    0.0000000000E+00,    3.2889547079E+01,    3.2889547079E+01,    0.0000000000E+00,    0.0000000000E+00,    0.0000000000E+00,    3.2889547079E+01
     54800,      0.676924,CP5_after_vdif,   1,    0.0000000000E+00,    3.2889547079E+01,    3.2889547079E+01,    0.0000000000E+00,    0.0000000000E+00,    0.0000000000E+00,    3.2889547079E+01
     54800,      0.676924,CP6_after_kinetics,   1,    0.0000000000E+00,    3.2889547079E+01,    3.2889547079E+01,    0.0000000000E+00,    0.0000000000E+00,    0.0000000000E+00,    3.2889547079E+01
     54800,      0.676924,CP7_after_upper_clamp,   1,    0.0000000000E+00,    3.2889547079E+01,    3.2889547079E+01,    0.0000000000E+00,    0.0000000000E+00,    0.0000000000E+00,    3.2889547079E+01
     54800,      0.676924,CP8_after_OBC,   1,    0.0000000000E+00,    3.2889547079E+01,    3.2889547079E+01,    0.0000000000E+00,    0.0000000000E+00,    0.0000000000E+00,    3.2889547079E+01
     54800,      0.676924,CP9_after_PTsource,   1,    0.0000000000E+00,    3.2889547079E+01,    3.2889547079E+01,    0.0000000000E+00,    0.0000000000E+00,    0.0000000000E+00,    3.2889547079E+01
     54800,      0.676924,CP10_after_neg_clamp,   1,    0.0000000000E+00,    3.2889547079E+01,    3.2889547079E+01,    0.0000000000E+00,    0.0000000000E+00,    0.0000000000E+00,    3.2889547079E+01
     54800,      0.676924,CP11_after_MPI,   1,    0.0000000000E+00,    3.2889547079E+01,    3.2889547079E+01,    0.0000000000E+00,    0.0000000000E+00,    0.0000000000E+00,    3.2889547079E+01
     54800,      0.676924,CP12_end,   1,    0.0000000000E+00,    3.2889547079E+01,    3.2889547079E+01,    0.0000000000E+00,    0.0000000000E+00,    0.0000000000E+00,    3.2889547079E+01
     54850,      0.676924,CP0_start,   1,    0.0000000000E+00,    3.2946902433E+01,    3.2946902433E+01,    0.0000000000E+00,    0.0000000000E+00,    0.0000000000E+00,    3.2946902433E+01
     54850,      0.676924,CP1_after_deposition,   1,    0.0000000000E+00,    3.2946902433E+01,    3.2946902433E+01,    0.0000000000E+00,    0.0000000000E+00,    0.0000000000E+00,    3.2946902433E+01
     54850,      0.676924,CP2_after_erosion,   1,    0.0000000000E+00,    3.2946902433E+01,    3.2946902433E+01,    0.0000000000E+00,    0.0000000000E+00,    0.0000000000E+00,    3.2946902433E+01
     54850,      0.676924,CP3_after_update_bottom,   1,    0.0000000000E+00,    3.2946902433E+01,    3.2946902433E+01,    0.0000000000E+00,    0.0000000000E+00,    0.0000000000E+00,    3.2946902433E+01
     54850,      0.676924,CP4_after_advection,   1,    0.0000000000E+00,    3.2949061842E+01,    3.2949061842E+01,    0.0000000000E+00,    0.0000000000E+00,    0.0000000000E+00,    3.2949061842E+01
     54850,      0.676924,CP5_after_vdif,   1,    0.0000000000E+00,    3.2949061842E+01,    3.2949061842E+01,    0.0000000000E+00,    0.0000000000E+00,    0.0000000000E+00,    3.2949061842E+01
     54850,      0.676924,CP6_after_kinetics,   1,    0.0000000000E+00,    3.2949061842E+01,    3.2949061842E+01,    0.0000000000E+00,    0.0000000000E+00,    0.0000000000E+00,    3.2949061842E+01
     54850,      0.676924,CP7_after_upper_clamp,   1,    0.0000000000E+00,    3.2949061842E+01,    3.2949061842E+01,    0.0000000000E+00,    0.0000000000E+00,    0.0000000000E+00,    3.2949061842E+01
     54850,      0.676924,CP8_after_OBC,   1,    0.0000000000E+00,    3.2949061842E+01,    3.2949061842E+01,    0.0000000000E+00,    0.0000000000E+00,    0.0000000000E+00,    3.2949061842E+01
     54850,      0.676924,CP9_after_PTsource,   1,    0.0000000000E+00,    3.2949061842E+01,    3.2949061842E+01,    0.0000000000E+00,    0.0000000000E+00,    0.0000000000E+00,    3.2949061842E+01
     54850,      0.676924,CP10_after_neg_clamp,   1,    0.0000000000E+00,    3.2949061842E+01,    3.2949061842E+01,    0.0000000000E+00,    0.0000000000E+00,    0.0000000000E+00,    3.2949061842E+01
     54850,      0.676924,CP11_after_MPI,   1,    0.0000000000E+00,    3.2949061842E+01,    3.2949061842E+01,    0.0000000000E+00,    0.0000000000E+00,    0.0000000000E+00,    3.2949061842E+01
     54850,      0.676924,CP12_end,   1,    0.0000000000E+00,    3.2949061842E+01,    3.2949061842E+01,    0.0000000000E+00,    0.0000000000E+00,    0.0000000000E+00,    3.2949061842E+01
     54900,      0.676924,CP0_start,   1,    0.0000000000E+00,    3.3006195979E+01,    3.3006195979E+01,    0.0000000000E+00,    0.0000000000E+00,    0.0000000000E+00,    3.3006195979E+01
     54900,      0.676924,CP1_after_deposition,   1,    0.0000000000E+00,    3.3006195979E+01,    3.3006195979E+01,    0.0000000000E+00,    0.0000000000E+00,    0.0000000000E+00,    3.3006195979E+01
     54900,      0.676924,CP2_after_erosion,   1,    0.0000000000E+00,    3.3006195979E+01,    3.3006195979E+01,    0.0000000000E+00,    0.0000000000E+00,    0.0000000000E+00,    3.3006195979E+01
     54900,      0.676924,CP3_after_update_bottom,   1,    0.0000000000E+00,    3.3006195979E+01,    3.3006195979E+01,    0.0000000000E+00,    0.0000000000E+00,    0.0000000000E+00,    3.3006195979E+01
     54900,      0.676924,CP4_after_advection,   1,    0.0000000000E+00,    3.3008358547E+01,    3.3008358547E+01,    0.0000000000E+00,    0.0000000000E+00,    0.0000000000E+00,    3.3008358547E+01
     54900,      0.676924,CP5_after_vdif,   1,    0.0000000000E+00,    3.3008358547E+01,    3.3008358547E+01,    0.0000000000E+00,    0.0000000000E+00,    0.0000000000E+00,    3.3008358547E+01
     54900,      0.676924,CP6_after_kinetics,   1,    0.0000000000E+00,    3.3008358547E+01,    3.3008358547E+01,    0.0000000000E+00,    0.0000000000E+00,    0.0000000000E+00,    3.3008358547E+01
     54900,      0.676924,CP7_after_upper_clamp,   1,    0.0000000000E+00,    3.3008358547E+01,    3.3008358547E+01,    0.0000000000E+00,    0.0000000000E+00,    0.0000000000E+00,    3.3008358547E+01
     54900,      0.676924,CP8_after_OBC,   1,    0.0000000000E+00,    3.3008358547E+01,    3.3008358547E+01,    0.0000000000E+00,    0.0000000000E+00,    0.0000000000E+00,    3.3008358547E+01
     54900,      0.676924,CP9_after_PTsource,   1,    0.0000000000E+00,    3.3008358547E+01,    3.3008358547E+01,    0.0000000000E+00,    0.0000000000E+00,    0.0000000000E+00,    3.3008358547E+01
     54900,      0.676924,CP10_after_neg_clamp,   1,    0.0000000000E+00,    3.3008358547E+01,    3.3008358547E+01,    0.0000000000E+00,    0.0000000000E+00,    0.0000000000E+00,    3.3008358547E+01
     54900,      0.676924,CP11_after_MPI,   1,    0.0000000000E+00,    3.3008358547E+01,    3.3008358547E+01,    0.0000000000E+00,    0.0000000000E+00,    0.0000000000E+00,    3.3008358547E+01
     54900,      0.676924,CP12_end,   1,    0.0000000000E+00,    3.3008358547E+01,    3.3008358547E+01,    0.0000000000E+00,    0.0000000000E+00,    0.0000000000E+00,    3.3008358547E+01
     54950,      0.676924,CP0_start,   1,    0.0000000000E+00,    3.3064912370E+01,    3.3064912370E+01,    0.0000000000E+00,    0.0000000000E+00,    0.0000000000E+00,    3.3064912370E+01
     54950,      0.676924,CP1_after_deposition,   1,    0.0000000000E+00,    3.3064912370E+01,    3.3064912370E+01,    0.0000000000E+00,    0.0000000000E+00,    0.0000000000E+00,    3.3064912370E+01
     54950,      0.676924,CP2_after_erosion,   1,    0.0000000000E+00,    3.3064912370E+01,    3.3064912370E+01,    0.0000000000E+00,    0.0000000000E+00,    0.0000000000E+00,    3.3064912370E+01
     54950,      0.676924,CP3_after_update_bottom,   1,    0.0000000000E+00,    3.3064912370E+01,    3.3064912370E+01,    0.0000000000E+00,    0.0000000000E+00,    0.0000000000E+00,    3.3064912370E+01
     54950,      0.676924,CP4_after_advection,   1,    0.0000000000E+00,    3.3067079012E+01,    3.3067079012E+01,    0.0000000000E+00,    0.0000000000E+00,    0.0000000000E+00,    3.3067079012E+01
     54950,      0.676924,CP5_after_vdif,   1,    0.0000000000E+00,    3.3067079012E+01,    3.3067079012E+01,    0.0000000000E+00,    0.0000000000E+00,    0.0000000000E+00,    3.3067079012E+01
     54950,      0.676924,CP6_after_kinetics,   1,    0.0000000000E+00,    3.3067079012E+01,    3.3067079012E+01,    0.0000000000E+00,    0.0000000000E+00,    0.0000000000E+00,    3.3067079012E+01
     54950,      0.676924,CP7_after_upper_clamp,   1,    0.0000000000E+00,    3.3067079012E+01,    3.3067079012E+01,    0.0000000000E+00,    0.0000000000E+00,    0.0000000000E+00,    3.3067079012E+01
     54950,      0.676924,CP8_after_OBC,   1,    0.0000000000E+00,    3.3067079012E+01,    3.3067079012E+01,    0.0000000000E+00,    0.0000000000E+00,    0.0000000000E+00,    3.3067079012E+01
     54950,      0.676924,CP9_after_PTsource,   1,    0.0000000000E+00,    3.3067079012E+01,    3.3067079012E+01,    0.0000000000E+00,    0.0000000000E+00,    0.0000000000E+00,    3.3067079012E+01
     54950,      0.676924,CP10_after_neg_clamp,   1,    0.0000000000E+00,    3.3067079012E+01,    3.3067079012E+01,    0.0000000000E+00,    0.0000000000E+00,    0.0000000000E+00,    3.3067079012E+01
     54950,      0.676924,CP11_after_MPI,   1,    0.0000000000E+00,    3.3067079012E+01,    3.3067079012E+01,    0.0000000000E+00,    0.0000000000E+00,    0.0000000000E+00,    3.3067079012E+01
     54950,      0.676924,CP12_end,   1,    0.0000000000E+00,    3.3067079012E+01,    3.3067079012E+01,    0.0000000000E+00,    0.0000000000E+00,    0.0000000000E+00,    3.3067079012E+01
     55000,      0.676924,CP0_start,   1,    0.0000000000E+00,    3.3123594810E+01,    3.3123594810E+01,    0.0000000000E+00,    0.0000000000E+00,    0.0000000000E+00,    3.3123594810E+01
     55000,      0.676924,CP1_after_deposition,   1,    0.0000000000E+00,    3.3123594810E+01,    3.3123594810E+01,    0.0000000000E+00,    0.0000000000E+00,    0.0000000000E+00,    3.3123594810E+01
     55000,      0.676924,CP2_after_erosion,   1,    0.0000000000E+00,    3.3123594810E+01,    3.3123594810E+01,    0.0000000000E+00,    0.0000000000E+00,    0.0000000000E+00,    3.3123594810E+01
     55000,      0.676924,CP3_after_update_bottom,   1,    0.0000000000E+00,    3.3123594810E+01,    3.3123594810E+01,    0.0000000000E+00,    0.0000000000E+00,    0.0000000000E+00,    3.3123594810E+01
     55000,      0.676924,CP4_after_advection,   1,    0.0000000000E+00,    3.3125767077E+01,    3.3125767077E+01,    0.0000000000E+00,    0.0000000000E+00,    0.0000000000E+00,    3.3125767077E+01
     55000,      0.676924,CP5_after_vdif,   1,    0.0000000000E+00,    3.3125767077E+01,    3.3125767077E+01,    0.0000000000E+00,    0.0000000000E+00,    0.0000000000E+00,    3.3125767077E+01
     55000,      0.676924,CP6_after_kinetics,   1,    0.0000000000E+00,    3.3125767077E+01,    3.3125767077E+01,    0.0000000000E+00,    0.0000000000E+00,    0.0000000000E+00,    3.3125767077E+01
     55000,      0.676924,CP7_after_upper_clamp,   1,    0.0000000000E+00,    3.3125767077E+01,    3.3125767077E+01,    0.0000000000E+00,    0.0000000000E+00,    0.0000000000E+00,    3.3125767077E+01
     55000,      0.676924,CP8_after_OBC,   1,    0.0000000000E+00,    3.3125767077E+01,    3.3125767077E+01,    0.0000000000E+00,    0.0000000000E+00,    0.0000000000E+00,    3.3125767077E+01
     55000,      0.676924,CP9_after_PTsource,   1,    0.0000000000E+00,    3.3125767077E+01,    3.3125767077E+01,    0.0000000000E+00,    0.0000000000E+00,    0.0000000000E+00,    3.3125767077E+01
     55000,      0.676924,CP10_after_neg_clamp,   1,    0.0000000000E+00,    3.3125767077E+01,    3.3125767077E+01,    0.0000000000E+00,    0.0000000000E+00,    0.0000000000E+00,    3.3125767077E+01
     55000,      0.676924,CP11_after_MPI,   1,    0.0000000000E+00,    3.3125767077E+01,    3.3125767077E+01,    0.0000000000E+00,    0.0000000000E+00,    0.0000000000E+00,    3.3125767077E+01
     55000,      0.676924,CP12_end,   1,    0.0000000000E+00,    3.3125767077E+01,    3.3125767077E+01,    0.0000000000E+00,    0.0000000000E+00,    0.0000000000E+00,    3.3125767077E+01
     55050,      0.676924,CP0_start,   1,    0.0000000000E+00,    3.3182347335E+01,    3.3182347335E+01,    0.0000000000E+00,    0.0000000000E+00,    0.0000000000E+00,    3.3182347335E+01
     55050,      0.676924,CP1_after_deposition,   1,    0.0000000000E+00,    3.3182347335E+01,    3.3182347335E+01,    0.0000000000E+00,    0.0000000000E+00,    0.0000000000E+00,    3.3182347335E+01
     55050,      0.676924,CP2_after_erosion,   1,    0.0000000000E+00,    3.3182347335E+01,    3.3182347335E+01,    0.0000000000E+00,    0.0000000000E+00,    0.0000000000E+00,    3.3182347335E+01
     55050,      0.676924,CP3_after_update_bottom,   1,    0.0000000000E+00,    3.3182347335E+01,    3.3182347335E+01,    0.0000000000E+00,    0.0000000000E+00,    0.0000000000E+00,    3.3182347335E+01
     55050,      0.676924,CP4_after_advection,   1,    0.0000000000E+00,    3.3184528303E+01,    3.3184528303E+01,    0.0000000000E+00,    0.0000000000E+00,    0.0000000000E+00,    3.3184528303E+01
     55050,      0.676924,CP5_after_vdif,   1,    0.0000000000E+00,    3.3184528303E+01,    3.3184528303E+01,    0.0000000000E+00,    0.0000000000E+00,    0.0000000000E+00,    3.3184528303E+01
     55050,      0.676924,CP6_after_kinetics,   1,    0.0000000000E+00,    3.3184528303E+01,    3.3184528303E+01,    0.0000000000E+00,    0.0000000000E+00,    0.0000000000E+00,    3.3184528303E+01
     55050,      0.676924,CP7_after_upper_clamp,   1,    0.0000000000E+00,    3.3184528303E+01,    3.3184528303E+01,    0.0000000000E+00,    0.0000000000E+00,    0.0000000000E+00,    3.3184528303E+01
     55050,      0.676924,CP8_after_OBC,   1,    0.0000000000E+00,    3.3184528303E+01,    3.3184528303E+01,    0.0000000000E+00,    0.0000000000E+00,    0.0000000000E+00,    3.3184528303E+01
     55050,      0.676924,CP9_after_PTsource,   1,    0.0000000000E+00,    3.3184528303E+01,    3.3184528303E+01,    0.0000000000E+00,    0.0000000000E+00,    0.0000000000E+00,    3.3184528303E+01
     55050,      0.676924,CP10_after_neg_clamp,   1,    0.0000000000E+00,    3.3184528303E+01,    3.3184528303E+01,    0.0000000000E+00,    0.0000000000E+00,    0.0000000000E+00,    3.3184528303E+01
     55050,      0.676924,CP11_after_MPI,   1,    0.0000000000E+00,    3.3184528303E+01,    3.3184528303E+01,    0.0000000000E+00,    0.0000000000E+00,    0.0000000000E+00,    3.3184528303E+01
     55050,      0.676924,CP12_end,   1,    0.0000000000E+00,    3.3184528303E+01,    3.3184528303E+01,    0.0000000000E+00,    0.0000000000E+00,    0.0000000000E+00,    3.3184528303E+01
     55100,      0.676924,CP0_start,   1,    0.0000000000E+00,    3.3241314073E+01,    3.3241314073E+01,    0.0000000000E+00,    0.0000000000E+00,    0.0000000000E+00,    3.3241314073E+01
     55100,      0.676924,CP1_after_deposition,   1,    0.0000000000E+00,    3.3241314073E+01,    3.3241314073E+01,    0.0000000000E+00,    0.0000000000E+00,    0.0000000000E+00,    3.3241314073E+01
     55100,      0.676924,CP2_after_erosion,   1,    0.0000000000E+00,    3.3241314073E+01,    3.3241314073E+01,    0.0000000000E+00,    0.0000000000E+00,    0.0000000000E+00,    3.3241314073E+01
     55100,      0.676924,CP3_after_update_bottom,   1,    0.0000000000E+00,    3.3241314073E+01,    3.3241314073E+01,    0.0000000000E+00,    0.0000000000E+00,    0.0000000000E+00,    3.3241314073E+01
     55100,      0.676924,CP4_after_advection,   1,    0.0000000000E+00,    3.3243505812E+01,    3.3243505812E+01,    0.0000000000E+00,    0.0000000000E+00,    0.0000000000E+00,    3.3243505812E+01
     55100,      0.676924,CP5_after_vdif,   1,    0.0000000000E+00,    3.3243505812E+01,    3.3243505812E+01,    0.0000000000E+00,    0.0000000000E+00,    0.0000000000E+00,    3.3243505812E+01
     55100,      0.676924,CP6_after_kinetics,   1,    0.0000000000E+00,    3.3243505812E+01,    3.3243505812E+01,    0.0000000000E+00,    0.0000000000E+00,    0.0000000000E+00,    3.3243505812E+01
     55100,      0.676924,CP7_after_upper_clamp,   1,    0.0000000000E+00,    3.3243505812E+01,    3.3243505812E+01,    0.0000000000E+00,    0.0000000000E+00,    0.0000000000E+00,    3.3243505812E+01
     55100,      0.676924,CP8_after_OBC,   1,    0.0000000000E+00,    3.3243505812E+01,    3.3243505812E+01,    0.0000000000E+00,    0.0000000000E+00,    0.0000000000E+00,    3.3243505812E+01
     55100,      0.676924,CP9_after_PTsource,   1,    0.0000000000E+00,    3.3243505812E+01,    3.3243505812E+01,    0.0000000000E+00,    0.0000000000E+00,    0.0000000000E+00,    3.3243505812E+01
     55100,      0.676924,CP10_after_neg_clamp,   1,    0.0000000000E+00,    3.3243505812E+01,    3.3243505812E+01,    0.0000000000E+00,    0.0000000000E+00,    0.0000000000E+00,    3.3243505812E+01
     55100,      0.676924,CP11_after_MPI,   1,    0.0000000000E+00,    3.3243505812E+01,    3.3243505812E+01,    0.0000000000E+00,    0.0000000000E+00,    0.0000000000E+00,    3.3243505812E+01
     55100,      0.676924,CP12_end,   1,    0.0000000000E+00,    3.3243505812E+01,    3.3243505812E+01,    0.0000000000E+00,    0.0000000000E+00,    0.0000000000E+00,    3.3243505812E+01
     55150,      0.676924,CP0_start,   1,    0.0000000000E+00,    3.3300579117E+01,    3.3300579117E+01,    0.0000000000E+00,    0.0000000000E+00,    0.0000000000E+00,    3.3300579117E+01
     55150,      0.676924,CP1_after_deposition,   1,    0.0000000000E+00,    3.3300579117E+01,    3.3300579117E+01,    0.0000000000E+00,    0.0000000000E+00,    0.0000000000E+00,    3.3300579117E+01
     55150,      0.676924,CP2_after_erosion,   1,    0.0000000000E+00,    3.3300579117E+01,    3.3300579117E+01,    0.0000000000E+00,    0.0000000000E+00,    0.0000000000E+00,    3.3300579117E+01
     55150,      0.676924,CP3_after_update_bottom,   1,    0.0000000000E+00,    3.3300579117E+01,    3.3300579117E+01,    0.0000000000E+00,    0.0000000000E+00,    0.0000000000E+00,    3.3300579117E+01
     55150,      0.676924,CP4_after_advection,   1,    0.0000000000E+00,    3.3302781919E+01,    3.3302781919E+01,    0.0000000000E+00,    0.0000000000E+00,    0.0000000000E+00,    3.3302781919E+01
     55150,      0.676924,CP5_after_vdif,   1,    0.0000000000E+00,    3.3302781919E+01,    3.3302781919E+01,    0.0000000000E+00,    0.0000000000E+00,    0.0000000000E+00,    3.3302781919E+01
     55150,      0.676924,CP6_after_kinetics,   1,    0.0000000000E+00,    3.3302781919E+01,    3.3302781919E+01,    0.0000000000E+00,    0.0000000000E+00,    0.0000000000E+00,    3.3302781919E+01
     55150,      0.676924,CP7_after_upper_clamp,   1,    0.0000000000E+00,    3.3302781919E+01,    3.3302781919E+01,    0.0000000000E+00,    0.0000000000E+00,    0.0000000000E+00,    3.3302781919E+01
     55150,      0.676924,CP8_after_OBC,   1,    0.0000000000E+00,    3.3302781919E+01,    3.3302781919E+01,    0.0000000000E+00,    0.0000000000E+00,    0.0000000000E+00,    3.3302781919E+01
     55150,      0.676924,CP9_after_PTsource,   1,    0.0000000000E+00,    3.3302781919E+01,    3.3302781919E+01,    0.0000000000E+00,    0.0000000000E+00,    0.0000000000E+00,    3.3302781919E+01
     55150,      0.676924,CP10_after_neg_clamp,   1,    0.0000000000E+00,    3.3302781919E+01,    3.3302781919E+01,    0.0000000000E+00,    0.0000000000E+00,    0.0000000000E+00,    3.3302781919E+01
     55150,      0.676924,CP11_after_MPI,   1,    0.0000000000E+00,    3.3302781919E+01,    3.3302781919E+01,    0.0000000000E+00,    0.0000000000E+00,    0.0000000000E+00,    3.3302781919E+01
     55150,      0.676924,CP12_end,   1,    0.0000000000E+00,    3.3302781919E+01,    3.3302781919E+01,    0.0000000000E+00,    0.0000000000E+00,    0.0000000000E+00,    3.3302781919E+01
     55200,      0.676925,CP0_start,   1,    0.0000000000E+00,    3.3360205340E+01,    3.3360205340E+01,    0.0000000000E+00,    0.0000000000E+00,    0.0000000000E+00,    3.3360205340E+01
     55200,      0.676925,CP1_after_deposition,   1,    0.0000000000E+00,    3.3360205340E+01,    3.3360205340E+01,    0.0000000000E+00,    0.0000000000E+00,    0.0000000000E+00,    3.3360205340E+01
     55200,      0.676925,CP2_after_erosion,   1,    0.0000000000E+00,    3.3360205340E+01,    3.3360205340E+01,    0.0000000000E+00,    0.0000000000E+00,    0.0000000000E+00,    3.3360205340E+01
     55200,      0.676925,CP3_after_update_bottom,   1,    0.0000000000E+00,    3.3360205340E+01,    3.3360205340E+01,    0.0000000000E+00,    0.0000000000E+00,    0.0000000000E+00,    3.3360205340E+01
     55200,      0.676925,CP4_after_advection,   1,    0.0000000000E+00,    3.3362421519E+01,    3.3362421519E+01,    0.0000000000E+00,    0.0000000000E+00,    0.0000000000E+00,    3.3362421519E+01
     55200,      0.676925,CP5_after_vdif,   1,    0.0000000000E+00,    3.3362421519E+01,    3.3362421519E+01,    0.0000000000E+00,    0.0000000000E+00,    0.0000000000E+00,    3.3362421519E+01
     55200,      0.676925,CP6_after_kinetics,   1,    0.0000000000E+00,    3.3362421519E+01,    3.3362421519E+01,    0.0000000000E+00,    0.0000000000E+00,    0.0000000000E+00,    3.3362421519E+01
     55200,      0.676925,CP7_after_upper_clamp,   1,    0.0000000000E+00,    3.3362421519E+01,    3.3362421519E+01,    0.0000000000E+00,    0.0000000000E+00,    0.0000000000E+00,    3.3362421519E+01
     55200,      0.676925,CP8_after_OBC,   1,    0.0000000000E+00,    3.3362421519E+01,    3.3362421519E+01,    0.0000000000E+00,    0.0000000000E+00,    0.0000000000E+00,    3.3362421519E+01
     55200,      0.676925,CP9_after_PTsource,   1,    0.0000000000E+00,    3.3362421519E+01,    3.3362421519E+01,    0.0000000000E+00,    0.0000000000E+00,    0.0000000000E+00,    3.3362421519E+01
     55200,      0.676925,CP10_after_neg_clamp,   1,    0.0000000000E+00,    3.3362421519E+01,    3.3362421519E+01,    0.0000000000E+00,    0.0000000000E+00,    0.0000000000E+00,    3.3362421519E+01
     55200,      0.676925,CP11_after_MPI,   1,    0.0000000000E+00,    3.3362421519E+01,    3.3362421519E+01,    0.0000000000E+00,    0.0000000000E+00,    0.0000000000E+00,    3.3362421519E+01
     55200,      0.676925,CP12_end,   1,    0.0000000000E+00,    3.3362421519E+01,    3.3362421519E+01,    0.0000000000E+00,    0.0000000000E+00,    0.0000000000E+00,    3.3362421519E+01
     55250,      0.676925,CP0_start,   1,    0.0000000000E+00,    3.3420291684E+01,    3.3420291684E+01,    0.0000000000E+00,    0.0000000000E+00,    0.0000000000E+00,    3.3420291684E+01
     55250,      0.676925,CP1_after_deposition,   1,    0.0000000000E+00,    3.3420291684E+01,    3.3420291684E+01,    0.0000000000E+00,    0.0000000000E+00,    0.0000000000E+00,    3.3420291684E+01
     55250,      0.676925,CP2_after_erosion,   1,    0.0000000000E+00,    3.3420291684E+01,    3.3420291684E+01,    0.0000000000E+00,    0.0000000000E+00,    0.0000000000E+00,    3.3420291684E+01
     55250,      0.676925,CP3_after_update_bottom,   1,    0.0000000000E+00,    3.3420291684E+01,    3.3420291684E+01,    0.0000000000E+00,    0.0000000000E+00,    0.0000000000E+00,    3.3420291684E+01
     55250,      0.676925,CP4_after_advection,   1,    0.0000000000E+00,    3.3422520149E+01,    3.3422520149E+01,    0.0000000000E+00,    0.0000000000E+00,    0.0000000000E+00,    3.3422520149E+01
     55250,      0.676925,CP5_after_vdif,   1,    0.0000000000E+00,    3.3422520149E+01,    3.3422520149E+01,    0.0000000000E+00,    0.0000000000E+00,    0.0000000000E+00,    3.3422520149E+01
     55250,      0.676925,CP6_after_kinetics,   1,    0.0000000000E+00,    3.3422520149E+01,    3.3422520149E+01,    0.0000000000E+00,    0.0000000000E+00,    0.0000000000E+00,    3.3422520149E+01
     55250,      0.676925,CP7_after_upper_clamp,   1,    0.0000000000E+00,    3.3422520149E+01,    3.3422520149E+01,    0.0000000000E+00,    0.0000000000E+00,    0.0000000000E+00,    3.3422520149E+01
     55250,      0.676925,CP8_after_OBC,   1,    0.0000000000E+00,    3.3422520149E+01,    3.3422520149E+01,    0.0000000000E+00,    0.0000000000E+00,    0.0000000000E+00,    3.3422520149E+01
     55250,      0.676925,CP9_after_PTsource,   1,    0.0000000000E+00,    3.3422520149E+01,    3.3422520149E+01,    0.0000000000E+00,    0.0000000000E+00,    0.0000000000E+00,    3.3422520149E+01
     55250,      0.676925,CP10_after_neg_clamp,   1,    0.0000000000E+00,    3.3422520149E+01,    3.3422520149E+01,    0.0000000000E+00,    0.0000000000E+00,    0.0000000000E+00,    3.3422520149E+01
     55250,      0.676925,CP11_after_MPI,   1,    0.0000000000E+00,    3.3422520149E+01,    3.3422520149E+01,    0.0000000000E+00,    0.0000000000E+00,    0.0000000000E+00,    3.3422520149E+01
     55250,      0.676925,CP12_end,   1,    0.0000000000E+00,    3.3422520149E+01,    3.3422520149E+01,    0.0000000000E+00,    0.0000000000E+00,    0.0000000000E+00,    3.3422520149E+01
     55300,      0.676925,CP0_start,   1,    0.0000000000E+00,    3.3480833065E+01,    3.3480833065E+01,    0.0000000000E+00,    0.0000000000E+00,    0.0000000000E+00,    3.3480833065E+01
     55300,      0.676925,CP1_after_deposition,   1,    0.0000000000E+00,    3.3480833065E+01,    3.3480833065E+01,    0.0000000000E+00,    0.0000000000E+00,    0.0000000000E+00,    3.3480833065E+01
     55300,      0.676925,CP2_after_erosion,   1,    0.0000000000E+00,    3.3480833065E+01,    3.3480833065E+01,    0.0000000000E+00,    0.0000000000E+00,    0.0000000000E+00,    3.3480833065E+01
     55300,      0.676925,CP3_after_update_bottom,   1,    0.0000000000E+00,    3.3480833065E+01,    3.3480833065E+01,    0.0000000000E+00,    0.0000000000E+00,    0.0000000000E+00,    3.3480833065E+01
     55300,      0.676925,CP4_after_advection,   1,    0.0000000000E+00,    3.3483071614E+01,    3.3483071614E+01,    0.0000000000E+00,    0.0000000000E+00,    0.0000000000E+00,    3.3483071614E+01
     55300,      0.676925,CP5_after_vdif,   1,    0.0000000000E+00,    3.3483071614E+01,    3.3483071614E+01,    0.0000000000E+00,    0.0000000000E+00,    0.0000000000E+00,    3.3483071614E+01
     55300,      0.676925,CP6_after_kinetics,   1,    0.0000000000E+00,    3.3483071614E+01,    3.3483071614E+01,    0.0000000000E+00,    0.0000000000E+00,    0.0000000000E+00,    3.3483071614E+01
     55300,      0.676925,CP7_after_upper_clamp,   1,    0.0000000000E+00,    3.3483071614E+01,    3.3483071614E+01,    0.0000000000E+00,    0.0000000000E+00,    0.0000000000E+00,    3.3483071614E+01
     55300,      0.676925,CP8_after_OBC,   1,    0.0000000000E+00,    3.3483071614E+01,    3.3483071614E+01,    0.0000000000E+00,    0.0000000000E+00,    0.0000000000E+00,    3.3483071614E+01
     55300,      0.676925,CP9_after_PTsource,   1,    0.0000000000E+00,    3.3483071614E+01,    3.3483071614E+01,    0.0000000000E+00,    0.0000000000E+00,    0.0000000000E+00,    3.3483071614E+01
     55300,      0.676925,CP10_after_neg_clamp,   1,    0.0000000000E+00,    3.3483071614E+01,    3.3483071614E+01,    0.0000000000E+00,    0.0000000000E+00,    0.0000000000E+00,    3.3483071614E+01
     55300,      0.676925,CP11_after_MPI,   1,    0.0000000000E+00,    3.3483071614E+01,    3.3483071614E+01,    0.0000000000E+00,    0.0000000000E+00,    0.0000000000E+00,    3.3483071614E+01
     55300,      0.676925,CP12_end,   1,    0.0000000000E+00,    3.3483071614E+01,    3.3483071614E+01,    0.0000000000E+00,    0.0000000000E+00,    0.0000000000E+00,    3.3483071614E+01
     55350,      0.676925,CP0_start,   1,    0.0000000000E+00,    3.3541811006E+01,    3.3541811006E+01,    0.0000000000E+00,    0.0000000000E+00,    0.0000000000E+00,    3.3541811006E+01
     55350,      0.676925,CP1_after_deposition,   1,    0.0000000000E+00,    3.3541811006E+01,    3.3541811006E+01,    0.0000000000E+00,    0.0000000000E+00,    0.0000000000E+00,    3.3541811006E+01
     55350,      0.676925,CP2_after_erosion,   1,    0.0000000000E+00,    3.3541811006E+01,    3.3541811006E+01,    0.0000000000E+00,    0.0000000000E+00,    0.0000000000E+00,    3.3541811006E+01
     55350,      0.676925,CP3_after_update_bottom,   1,    0.0000000000E+00,    3.3541811006E+01,    3.3541811006E+01,    0.0000000000E+00,    0.0000000000E+00,    0.0000000000E+00,    3.3541811006E+01
     55350,      0.676925,CP4_after_advection,   1,    0.0000000000E+00,    3.3544060399E+01,    3.3544060399E+01,    0.0000000000E+00,    0.0000000000E+00,    0.0000000000E+00,    3.3544060399E+01
     55350,      0.676925,CP5_after_vdif,   1,    0.0000000000E+00,    3.3544060399E+01,    3.3544060399E+01,    0.0000000000E+00,    0.0000000000E+00,    0.0000000000E+00,    3.3544060399E+01
     55350,      0.676925,CP6_after_kinetics,   1,    0.0000000000E+00,    3.3544060399E+01,    3.3544060399E+01,    0.0000000000E+00,    0.0000000000E+00,    0.0000000000E+00,    3.3544060399E+01
     55350,      0.676925,CP7_after_upper_clamp,   1,    0.0000000000E+00,    3.3544060399E+01,    3.3544060399E+01,    0.0000000000E+00,    0.0000000000E+00,    0.0000000000E+00,    3.3544060399E+01
     55350,      0.676925,CP8_after_OBC,   1,    0.0000000000E+00,    3.3544060399E+01,    3.3544060399E+01,    0.0000000000E+00,    0.0000000000E+00,    0.0000000000E+00,    3.3544060399E+01
     55350,      0.676925,CP9_after_PTsource,   1,    0.0000000000E+00,    3.3544060399E+01,    3.3544060399E+01,    0.0000000000E+00,    0.0000000000E+00,    0.0000000000E+00,    3.3544060399E+01
     55350,      0.676925,CP10_after_neg_clamp,   1,    0.0000000000E+00,    3.3544060399E+01,    3.3544060399E+01,    0.0000000000E+00,    0.0000000000E+00,    0.0000000000E+00,    3.3544060399E+01
     55350,      0.676925,CP11_after_MPI,   1,    0.0000000000E+00,    3.3544060399E+01,    3.3544060399E+01,    0.0000000000E+00,    0.0000000000E+00,    0.0000000000E+00,    3.3544060399E+01
     55350,      0.676925,CP12_end,   1,    0.0000000000E+00,    3.3544060399E+01,    3.3544060399E+01,    0.0000000000E+00,    0.0000000000E+00,    0.0000000000E+00,    3.3544060399E+01
     55400,      0.676925,CP0_start,   1,    0.0000000000E+00,    3.3603209528E+01,    3.3603209528E+01,    0.0000000000E+00,    0.0000000000E+00,    0.0000000000E+00,    3.3603209528E+01
     55400,      0.676925,CP1_after_deposition,   1,    0.0000000000E+00,    3.3603209528E+01,    3.3603209528E+01,    0.0000000000E+00,    0.0000000000E+00,    0.0000000000E+00,    3.3603209528E+01
     55400,      0.676925,CP2_after_erosion,   1,    0.0000000000E+00,    3.3603209528E+01,    3.3603209528E+01,    0.0000000000E+00,    0.0000000000E+00,    0.0000000000E+00,    3.3603209528E+01
     55400,      0.676925,CP3_after_update_bottom,   1,    0.0000000000E+00,    3.3603209528E+01,    3.3603209528E+01,    0.0000000000E+00,    0.0000000000E+00,    0.0000000000E+00,    3.3603209528E+01
     55400,      0.676925,CP4_after_advection,   1,    0.0000000000E+00,    3.3605467244E+01,    3.3605467244E+01,    0.0000000000E+00,    0.0000000000E+00,    0.0000000000E+00,    3.3605467244E+01
     55400,      0.676925,CP5_after_vdif,   1,    0.0000000000E+00,    3.3605467244E+01,    3.3605467244E+01,    0.0000000000E+00,    0.0000000000E+00,    0.0000000000E+00,    3.3605467244E+01
     55400,      0.676925,CP6_after_kinetics,   1,    0.0000000000E+00,    3.3605467244E+01,    3.3605467244E+01,    0.0000000000E+00,    0.0000000000E+00,    0.0000000000E+00,    3.3605467244E+01
     55400,      0.676925,CP7_after_upper_clamp,   1,    0.0000000000E+00,    3.3605467244E+01,    3.3605467244E+01,    0.0000000000E+00,    0.0000000000E+00,    0.0000000000E+00,    3.3605467244E+01
     55400,      0.676925,CP8_after_OBC,   1,    0.0000000000E+00,    3.3605467244E+01,    3.3605467244E+01,    0.0000000000E+00,    0.0000000000E+00,    0.0000000000E+00,    3.3605467244E+01
     55400,      0.676925,CP9_after_PTsource,   1,    0.0000000000E+00,    3.3605467244E+01,    3.3605467244E+01,    0.0000000000E+00,    0.0000000000E+00,    0.0000000000E+00,    3.3605467244E+01
     55400,      0.676925,CP10_after_neg_clamp,   1,    0.0000000000E+00,    3.3605467244E+01,    3.3605467244E+01,    0.0000000000E+00,    0.0000000000E+00,    0.0000000000E+00,    3.3605467244E+01
     55400,      0.676925,CP11_after_MPI,   1,    0.0000000000E+00,    3.3605467244E+01,    3.3605467244E+01,    0.0000000000E+00,    0.0000000000E+00,    0.0000000000E+00,    3.3605467244E+01
     55400,      0.676925,CP12_end,   1,    0.0000000000E+00,    3.3605467244E+01,    3.3605467244E+01,    0.0000000000E+00,    0.0000000000E+00,    0.0000000000E+00,    3.3605467244E+01
     55450,      0.676925,CP0_start,   1,    0.0000000000E+00,    3.3664967829E+01,    3.3664967829E+01,    0.0000000000E+00,    0.0000000000E+00,    0.0000000000E+00,    3.3664967829E+01
     55450,      0.676925,CP1_after_deposition,   1,    0.0000000000E+00,    3.3664967829E+01,    3.3664967829E+01,    0.0000000000E+00,    0.0000000000E+00,    0.0000000000E+00,    3.3664967829E+01
     55450,      0.676925,CP2_after_erosion,   1,    0.0000000000E+00,    3.3664967829E+01,    3.3664967829E+01,    0.0000000000E+00,    0.0000000000E+00,    0.0000000000E+00,    3.3664967829E+01
     55450,      0.676925,CP3_after_update_bottom,   1,    0.0000000000E+00,    3.3664967829E+01,    3.3664967829E+01,    0.0000000000E+00,    0.0000000000E+00,    0.0000000000E+00,    3.3664967829E+01
     55450,      0.676925,CP4_after_advection,   1,    0.0000000000E+00,    3.3667232026E+01,    3.3667232026E+01,    0.0000000000E+00,    0.0000000000E+00,    0.0000000000E+00,    3.3667232026E+01
     55450,      0.676925,CP5_after_vdif,   1,    0.0000000000E+00,    3.3667232026E+01,    3.3667232026E+01,    0.0000000000E+00,    0.0000000000E+00,    0.0000000000E+00,    3.3667232026E+01
     55450,      0.676925,CP6_after_kinetics,   1,    0.0000000000E+00,    3.3667232026E+01,    3.3667232026E+01,    0.0000000000E+00,    0.0000000000E+00,    0.0000000000E+00,    3.3667232026E+01
     55450,      0.676925,CP7_after_upper_clamp,   1,    0.0000000000E+00,    3.3667232026E+01,    3.3667232026E+01,    0.0000000000E+00,    0.0000000000E+00,    0.0000000000E+00,    3.3667232026E+01
     55450,      0.676925,CP8_after_OBC,   1,    0.0000000000E+00,    3.3667232026E+01,    3.3667232026E+01,    0.0000000000E+00,    0.0000000000E+00,    0.0000000000E+00,    3.3667232026E+01
     55450,      0.676925,CP9_after_PTsource,   1,    0.0000000000E+00,    3.3667232026E+01,    3.3667232026E+01,    0.0000000000E+00,    0.0000000000E+00,    0.0000000000E+00,    3.3667232026E+01
     55450,      0.676925,CP10_after_neg_clamp,   1,    0.0000000000E+00,    3.3667232026E+01,    3.3667232026E+01,    0.0000000000E+00,    0.0000000000E+00,    0.0000000000E+00,    3.3667232026E+01
     55450,      0.676925,CP11_after_MPI,   1,    0.0000000000E+00,    3.3667232026E+01,    3.3667232026E+01,    0.0000000000E+00,    0.0000000000E+00,    0.0000000000E+00,    3.3667232026E+01
     55450,      0.676925,CP12_end,   1,    0.0000000000E+00,    3.3667232026E+01,    3.3667232026E+01,    0.0000000000E+00,    0.0000000000E+00,    0.0000000000E+00,    3.3667232026E+01
     55500,      0.676925,CP0_start,   1,    0.0000000000E+00,    3.3726984958E+01,    3.3726984958E+01,    0.0000000000E+00,    0.0000000000E+00,    0.0000000000E+00,    3.3726984958E+01
     55500,      0.676925,CP1_after_deposition,   1,    0.0000000000E+00,    3.3726984958E+01,    3.3726984958E+01,    0.0000000000E+00,    0.0000000000E+00,    0.0000000000E+00,    3.3726984958E+01
     55500,      0.676925,CP2_after_erosion,   1,    0.0000000000E+00,    3.3726984958E+01,    3.3726984958E+01,    0.0000000000E+00,    0.0000000000E+00,    0.0000000000E+00,    3.3726984958E+01
     55500,      0.676925,CP3_after_update_bottom,   1,    0.0000000000E+00,    3.3726984958E+01,    3.3726984958E+01,    0.0000000000E+00,    0.0000000000E+00,    0.0000000000E+00,    3.3726984958E+01
     55500,      0.676925,CP4_after_advection,   1,    0.0000000000E+00,    3.3729252303E+01,    3.3729252303E+01,    0.0000000000E+00,    0.0000000000E+00,    0.0000000000E+00,    3.3729252303E+01
     55500,      0.676925,CP5_after_vdif,   1,    0.0000000000E+00,    3.3729252303E+01,    3.3729252303E+01,    0.0000000000E+00,    0.0000000000E+00,    0.0000000000E+00,    3.3729252303E+01
     55500,      0.676925,CP6_after_kinetics,   1,    0.0000000000E+00,    3.3729252303E+01,    3.3729252303E+01,    0.0000000000E+00,    0.0000000000E+00,    0.0000000000E+00,    3.3729252303E+01
     55500,      0.676925,CP7_after_upper_clamp,   1,    0.0000000000E+00,    3.3729252303E+01,    3.3729252303E+01,    0.0000000000E+00,    0.0000000000E+00,    0.0000000000E+00,    3.3729252303E+01
     55500,      0.676925,CP8_after_OBC,   1,    0.0000000000E+00,    3.3729252303E+01,    3.3729252303E+01,    0.0000000000E+00,    0.0000000000E+00,    0.0000000000E+00,    3.3729252303E+01
     55500,      0.676925,CP9_after_PTsource,   1,    0.0000000000E+00,    3.3729252303E+01,    3.3729252303E+01,    0.0000000000E+00,    0.0000000000E+00,    0.0000000000E+00,    3.3729252303E+01
     55500,      0.676925,CP10_after_neg_clamp,   1,    0.0000000000E+00,    3.3729252303E+01,    3.3729252303E+01,    0.0000000000E+00,    0.0000000000E+00,    0.0000000000E+00,    3.3729252303E+01
     55500,      0.676925,CP11_after_MPI,   1,    0.0000000000E+00,    3.3729252303E+01,    3.3729252303E+01,    0.0000000000E+00,    0.0000000000E+00,    0.0000000000E+00,    3.3729252303E+01
     55500,      0.676925,CP12_end,   1,    0.0000000000E+00,    3.3729252303E+01,    3.3729252303E+01,    0.0000000000E+00,    0.0000000000E+00,    0.0000000000E+00,    3.3729252303E+01
     55550,      0.676925,CP0_start,   1,    0.0000000000E+00,    3.3789140571E+01,    3.3789140571E+01,    0.0000000000E+00,    0.0000000000E+00,    0.0000000000E+00,    3.3789140571E+01
     55550,      0.676925,CP1_after_deposition,   1,    0.0000000000E+00,    3.3789140571E+01,    3.3789140571E+01,    0.0000000000E+00,    0.0000000000E+00,    0.0000000000E+00,    3.3789140571E+01
     55550,      0.676925,CP2_after_erosion,   1,    0.0000000000E+00,    3.3789140571E+01,    3.3789140571E+01,    0.0000000000E+00,    0.0000000000E+00,    0.0000000000E+00,    3.3789140571E+01
     55550,      0.676925,CP3_after_update_bottom,   1,    0.0000000000E+00,    3.3789140571E+01,    3.3789140571E+01,    0.0000000000E+00,    0.0000000000E+00,    0.0000000000E+00,    3.3789140571E+01
     55550,      0.676925,CP4_after_advection,   1,    0.0000000000E+00,    3.3791410734E+01,    3.3791410734E+01,    0.0000000000E+00,    0.0000000000E+00,    0.0000000000E+00,    3.3791410734E+01
     55550,      0.676925,CP5_after_vdif,   1,    0.0000000000E+00,    3.3791410734E+01,    3.3791410734E+01,    0.0000000000E+00,    0.0000000000E+00,    0.0000000000E+00,    3.3791410734E+01
     55550,      0.676925,CP6_after_kinetics,   1,    0.0000000000E+00,    3.3791410734E+01,    3.3791410734E+01,    0.0000000000E+00,    0.0000000000E+00,    0.0000000000E+00,    3.3791410734E+01
     55550,      0.676925,CP7_after_upper_clamp,   1,    0.0000000000E+00,    3.3791410734E+01,    3.3791410734E+01,    0.0000000000E+00,    0.0000000000E+00,    0.0000000000E+00,    3.3791410734E+01
     55550,      0.676925,CP8_after_OBC,   1,    0.0000000000E+00,    3.3791410734E+01,    3.3791410734E+01,    0.0000000000E+00,    0.0000000000E+00,    0.0000000000E+00,    3.3791410734E+01
     55550,      0.676925,CP9_after_PTsource,   1,    0.0000000000E+00,    3.3791410734E+01,    3.3791410734E+01,    0.0000000000E+00,    0.0000000000E+00,    0.0000000000E+00,    3.3791410734E+01
     55550,      0.676925,CP10_after_neg_clamp,   1,    0.0000000000E+00,    3.3791410734E+01,    3.3791410734E+01,    0.0000000000E+00,    0.0000000000E+00,    0.0000000000E+00,    3.3791410734E+01
     55550,      0.676925,CP11_after_MPI,   1,    0.0000000000E+00,    3.3791410734E+01,    3.3791410734E+01,    0.0000000000E+00,    0.0000000000E+00,    0.0000000000E+00,    3.3791410734E+01
     55550,      0.676925,CP12_end,   1,    0.0000000000E+00,    3.3791410734E+01,    3.3791410734E+01,    0.0000000000E+00,    0.0000000000E+00,    0.0000000000E+00,    3.3791410734E+01
     55600,      0.676925,CP0_start,   1,    0.0000000000E+00,    3.3851364290E+01,    3.3851364290E+01,    0.0000000000E+00,    0.0000000000E+00,    0.0000000000E+00,    3.3851364290E+01
     55600,      0.676925,CP1_after_deposition,   1,    0.0000000000E+00,    3.3851364290E+01,    3.3851364290E+01,    0.0000000000E+00,    0.0000000000E+00,    0.0000000000E+00,    3.3851364290E+01
     55600,      0.676925,CP2_after_erosion,   1,    0.0000000000E+00,    3.3851364290E+01,    3.3851364290E+01,    0.0000000000E+00,    0.0000000000E+00,    0.0000000000E+00,    3.3851364290E+01
     55600,      0.676925,CP3_after_update_bottom,   1,    0.0000000000E+00,    3.3851364290E+01,    3.3851364290E+01,    0.0000000000E+00,    0.0000000000E+00,    0.0000000000E+00,    3.3851364290E+01
     55600,      0.676925,CP4_after_advection,   1,    0.0000000000E+00,    3.3853629925E+01,    3.3853629925E+01,    0.0000000000E+00,    0.0000000000E+00,    0.0000000000E+00,    3.3853629925E+01
     55600,      0.676925,CP5_after_vdif,   1,    0.0000000000E+00,    3.3853629925E+01,    3.3853629925E+01,    0.0000000000E+00,    0.0000000000E+00,    0.0000000000E+00,    3.3853629925E+01
     55600,      0.676925,CP6_after_kinetics,   1,    0.0000000000E+00,    3.3853629925E+01,    3.3853629925E+01,    0.0000000000E+00,    0.0000000000E+00,    0.0000000000E+00,    3.3853629925E+01
     55600,      0.676925,CP7_after_upper_clamp,   1,    0.0000000000E+00,    3.3853629925E+01,    3.3853629925E+01,    0.0000000000E+00,    0.0000000000E+00,    0.0000000000E+00,    3.3853629925E+01
     55600,      0.676925,CP8_after_OBC,   1,    0.0000000000E+00,    3.3853629925E+01,    3.3853629925E+01,    0.0000000000E+00,    0.0000000000E+00,    0.0000000000E+00,    3.3853629925E+01
     55600,      0.676925,CP9_after_PTsource,   1,    0.0000000000E+00,    3.3853629925E+01,    3.3853629925E+01,    0.0000000000E+00,    0.0000000000E+00,    0.0000000000E+00,    3.3853629925E+01
     55600,      0.676925,CP10_after_neg_clamp,   1,    0.0000000000E+00,    3.3853629925E+01,    3.3853629925E+01,    0.0000000000E+00,    0.0000000000E+00,    0.0000000000E+00,    3.3853629925E+01
     55600,      0.676925,CP11_after_MPI,   1,    0.0000000000E+00,    3.3853629925E+01,    3.3853629925E+01,    0.0000000000E+00,    0.0000000000E+00,    0.0000000000E+00,    3.3853629925E+01
     55600,      0.676925,CP12_end,   1,    0.0000000000E+00,    3.3853629925E+01,    3.3853629925E+01,    0.0000000000E+00,    0.0000000000E+00,    0.0000000000E+00,    3.3853629925E+01
     55650,      0.676925,CP0_start,   1,    0.0000000000E+00,    3.3913591857E+01,    3.3913591857E+01,    0.0000000000E+00,    0.0000000000E+00,    0.0000000000E+00,    3.3913591857E+01
     55650,      0.676925,CP1_after_deposition,   1,    0.0000000000E+00,    3.3913591857E+01,    3.3913591857E+01,    0.0000000000E+00,    0.0000000000E+00,    0.0000000000E+00,    3.3913591857E+01
     55650,      0.676925,CP2_after_erosion,   1,    0.0000000000E+00,    3.3913591857E+01,    3.3913591857E+01,    0.0000000000E+00,    0.0000000000E+00,    0.0000000000E+00,    3.3913591857E+01
     55650,      0.676925,CP3_after_update_bottom,   1,    0.0000000000E+00,    3.3913591857E+01,    3.3913591857E+01,    0.0000000000E+00,    0.0000000000E+00,    0.0000000000E+00,    3.3913591857E+01
     55650,      0.676925,CP4_after_advection,   1,    0.0000000000E+00,    3.3915854105E+01,    3.3915854105E+01,    0.0000000000E+00,    0.0000000000E+00,    0.0000000000E+00,    3.3915854105E+01
     55650,      0.676925,CP5_after_vdif,   1,    0.0000000000E+00,    3.3915854105E+01,    3.3915854105E+01,    0.0000000000E+00,    0.0000000000E+00,    0.0000000000E+00,    3.3915854105E+01
     55650,      0.676925,CP6_after_kinetics,   1,    0.0000000000E+00,    3.3915854105E+01,    3.3915854105E+01,    0.0000000000E+00,    0.0000000000E+00,    0.0000000000E+00,    3.3915854105E+01
     55650,      0.676925,CP7_after_upper_clamp,   1,    0.0000000000E+00,    3.3915854105E+01,    3.3915854105E+01,    0.0000000000E+00,    0.0000000000E+00,    0.0000000000E+00,    3.3915854105E+01
     55650,      0.676925,CP8_after_OBC,   1,    0.0000000000E+00,    3.3915854105E+01,    3.3915854105E+01,    0.0000000000E+00,    0.0000000000E+00,    0.0000000000E+00,    3.3915854105E+01
     55650,      0.676925,CP9_after_PTsource,   1,    0.0000000000E+00,    3.3915854105E+01,    3.3915854105E+01,    0.0000000000E+00,    0.0000000000E+00,    0.0000000000E+00,    3.3915854105E+01
     55650,      0.676925,CP10_after_neg_clamp,   1,    0.0000000000E+00,    3.3915854105E+01,    3.3915854105E+01,    0.0000000000E+00,    0.0000000000E+00,    0.0000000000E+00,    3.3915854105E+01
     55650,      0.676925,CP11_after_MPI,   1,    0.0000000000E+00,    3.3915854105E+01,    3.3915854105E+01,    0.0000000000E+00,    0.0000000000E+00,    0.0000000000E+00,    3.3915854105E+01
     55650,      0.676925,CP12_end,   1,    0.0000000000E+00,    3.3915854105E+01,    3.3915854105E+01,    0.0000000000E+00,    0.0000000000E+00,    0.0000000000E+00,    3.3915854105E+01
     55700,      0.676925,CP0_start,   1,    0.0000000000E+00,    3.3975718449E+01,    3.3975718449E+01,    0.0000000000E+00,    0.0000000000E+00,    0.0000000000E+00,    3.3975718449E+01
     55700,      0.676925,CP1_after_deposition,   1,    0.0000000000E+00,    3.3975718449E+01,    3.3975718449E+01,    0.0000000000E+00,    0.0000000000E+00,    0.0000000000E+00,    3.3975718449E+01
     55700,      0.676925,CP2_after_erosion,   1,    0.0000000000E+00,    3.3975718449E+01,    3.3975718449E+01,    0.0000000000E+00,    0.0000000000E+00,    0.0000000000E+00,    3.3975718449E+01
     55700,      0.676925,CP3_after_update_bottom,   1,    0.0000000000E+00,    3.3975718449E+01,    3.3975718449E+01,    0.0000000000E+00,    0.0000000000E+00,    0.0000000000E+00,    3.3975718449E+01
     55700,      0.676925,CP4_after_advection,   1,    0.0000000000E+00,    3.3977976507E+01,    3.3977976507E+01,    0.0000000000E+00,    0.0000000000E+00,    0.0000000000E+00,    3.3977976507E+01
     55700,      0.676925,CP5_after_vdif,   1,    0.0000000000E+00,    3.3977976507E+01,    3.3977976507E+01,    0.0000000000E+00,    0.0000000000E+00,    0.0000000000E+00,    3.3977976507E+01
     55700,      0.676925,CP6_after_kinetics,   1,    0.0000000000E+00,    3.3977976507E+01,    3.3977976507E+01,    0.0000000000E+00,    0.0000000000E+00,    0.0000000000E+00,    3.3977976507E+01
     55700,      0.676925,CP7_after_upper_clamp,   1,    0.0000000000E+00,    3.3977976507E+01,    3.3977976507E+01,    0.0000000000E+00,    0.0000000000E+00,    0.0000000000E+00,    3.3977976507E+01
     55700,      0.676925,CP8_after_OBC,   1,    0.0000000000E+00,    3.3977976507E+01,    3.3977976507E+01,    0.0000000000E+00,    0.0000000000E+00,    0.0000000000E+00,    3.3977976507E+01
     55700,      0.676925,CP9_after_PTsource,   1,    0.0000000000E+00,    3.3977976507E+01,    3.3977976507E+01,    0.0000000000E+00,    0.0000000000E+00,    0.0000000000E+00,    3.3977976507E+01
     55700,      0.676925,CP10_after_neg_clamp,   1,    0.0000000000E+00,    3.3977976507E+01,    3.3977976507E+01,    0.0000000000E+00,    0.0000000000E+00,    0.0000000000E+00,    3.3977976507E+01
     55700,      0.676925,CP11_after_MPI,   1,    0.0000000000E+00,    3.3977976507E+01,    3.3977976507E+01,    0.0000000000E+00,    0.0000000000E+00,    0.0000000000E+00,    3.3977976507E+01
     55700,      0.676925,CP12_end,   1,    0.0000000000E+00,    3.3977976507E+01,    3.3977976507E+01,    0.0000000000E+00,    0.0000000000E+00,    0.0000000000E+00,    3.3977976507E+01
     55750,      0.676925,CP0_start,   1,    0.0000000000E+00,    3.4037670856E+01,    3.4037670856E+01,    0.0000000000E+00,    0.0000000000E+00,    0.0000000000E+00,    3.4037670856E+01
     55750,      0.676925,CP1_after_deposition,   1,    0.0000000000E+00,    3.4037670856E+01,    3.4037670856E+01,    0.0000000000E+00,    0.0000000000E+00,    0.0000000000E+00,    3.4037670856E+01
     55750,      0.676925,CP2_after_erosion,   1,    0.0000000000E+00,    3.4037670856E+01,    3.4037670856E+01,    0.0000000000E+00,    0.0000000000E+00,    0.0000000000E+00,    3.4037670856E+01
     55750,      0.676925,CP3_after_update_bottom,   1,    0.0000000000E+00,    3.4037670856E+01,    3.4037670856E+01,    0.0000000000E+00,    0.0000000000E+00,    0.0000000000E+00,    3.4037670856E+01
     55750,      0.676925,CP4_after_advection,   1,    0.0000000000E+00,    3.4039922754E+01,    3.4039922754E+01,    0.0000000000E+00,    0.0000000000E+00,    0.0000000000E+00,    3.4039922754E+01
     55750,      0.676925,CP5_after_vdif,   1,    0.0000000000E+00,    3.4039922754E+01,    3.4039922754E+01,    0.0000000000E+00,    0.0000000000E+00,    0.0000000000E+00,    3.4039922754E+01
     55750,      0.676925,CP6_after_kinetics,   1,    0.0000000000E+00,    3.4039922754E+01,    3.4039922754E+01,    0.0000000000E+00,    0.0000000000E+00,    0.0000000000E+00,    3.4039922754E+01
     55750,      0.676925,CP7_after_upper_clamp,   1,    0.0000000000E+00,    3.4039922754E+01,    3.4039922754E+01,    0.0000000000E+00,    0.0000000000E+00,    0.0000000000E+00,    3.4039922754E+01
     55750,      0.676925,CP8_after_OBC,   1,    0.0000000000E+00,    3.4039922754E+01,    3.4039922754E+01,    0.0000000000E+00,    0.0000000000E+00,    0.0000000000E+00,    3.4039922754E+01
     55750,      0.676925,CP9_after_PTsource,   1,    0.0000000000E+00,    3.4039922754E+01,    3.4039922754E+01,    0.0000000000E+00,    0.0000000000E+00,    0.0000000000E+00,    3.4039922754E+01
     55750,      0.676925,CP10_after_neg_clamp,   1,    0.0000000000E+00,    3.4039922754E+01,    3.4039922754E+01,    0.0000000000E+00,    0.0000000000E+00,    0.0000000000E+00,    3.4039922754E+01
     55750,      0.676925,CP11_after_MPI,   1,    0.0000000000E+00,    3.4039922754E+01,    3.4039922754E+01,    0.0000000000E+00,    0.0000000000E+00,    0.0000000000E+00,    3.4039922754E+01
     55750,      0.676925,CP12_end,   1,    0.0000000000E+00,    3.4039922754E+01,    3.4039922754E+01,    0.0000000000E+00,    0.0000000000E+00,    0.0000000000E+00,    3.4039922754E+01
     55800,      0.676925,CP0_start,   1,    0.0000000000E+00,    3.4099433142E+01,    3.4099433142E+01,    0.0000000000E+00,    0.0000000000E+00,    0.0000000000E+00,    3.4099433142E+01
     55800,      0.676925,CP1_after_deposition,   1,    0.0000000000E+00,    3.4099433142E+01,    3.4099433142E+01,    0.0000000000E+00,    0.0000000000E+00,    0.0000000000E+00,    3.4099433142E+01
     55800,      0.676925,CP2_after_erosion,   1,    0.0000000000E+00,    3.4099433142E+01,    3.4099433142E+01,    0.0000000000E+00,    0.0000000000E+00,    0.0000000000E+00,    3.4099433142E+01
     55800,      0.676925,CP3_after_update_bottom,   1,    0.0000000000E+00,    3.4099433142E+01,    3.4099433142E+01,    0.0000000000E+00,    0.0000000000E+00,    0.0000000000E+00,    3.4099433142E+01
     55800,      0.676925,CP4_after_advection,   1,    0.0000000000E+00,    3.4101680236E+01,    3.4101680236E+01,    0.0000000000E+00,    0.0000000000E+00,    0.0000000000E+00,    3.4101680236E+01
     55800,      0.676925,CP5_after_vdif,   1,    0.0000000000E+00,    3.4101680236E+01,    3.4101680236E+01,    0.0000000000E+00,    0.0000000000E+00,    0.0000000000E+00,    3.4101680236E+01
     55800,      0.676925,CP6_after_kinetics,   1,    0.0000000000E+00,    3.4101680236E+01,    3.4101680236E+01,    0.0000000000E+00,    0.0000000000E+00,    0.0000000000E+00,    3.4101680236E+01
     55800,      0.676925,CP7_after_upper_clamp,   1,    0.0000000000E+00,    3.4101680236E+01,    3.4101680236E+01,    0.0000000000E+00,    0.0000000000E+00,    0.0000000000E+00,    3.4101680236E+01
     55800,      0.676925,CP8_after_OBC,   1,    0.0000000000E+00,    3.4101680236E+01,    3.4101680236E+01,    0.0000000000E+00,    0.0000000000E+00,    0.0000000000E+00,    3.4101680236E+01
     55800,      0.676925,CP9_after_PTsource,   1,    0.0000000000E+00,    3.4101680236E+01,    3.4101680236E+01,    0.0000000000E+00,    0.0000000000E+00,    0.0000000000E+00,    3.4101680236E+01
     55800,      0.676925,CP10_after_neg_clamp,   1,    0.0000000000E+00,    3.4101680236E+01,    3.4101680236E+01,    0.0000000000E+00,    0.0000000000E+00,    0.0000000000E+00,    3.4101680236E+01
     55800,      0.676925,CP11_after_MPI,   1,    0.0000000000E+00,    3.4101680236E+01,    3.4101680236E+01,    0.0000000000E+00,    0.0000000000E+00,    0.0000000000E+00,    3.4101680236E+01
     55800,      0.676925,CP12_end,   1,    0.0000000000E+00,    3.4101680236E+01,    3.4101680236E+01,    0.0000000000E+00,    0.0000000000E+00,    0.0000000000E+00,    3.4101680236E+01
     55850,      0.676925,CP0_start,   1,    0.0000000000E+00,    3.4160985179E+01,    3.4160985179E+01,    0.0000000000E+00,    0.0000000000E+00,    0.0000000000E+00,    3.4160985179E+01
     55850,      0.676925,CP1_after_deposition,   1,    0.0000000000E+00,    3.4160985179E+01,    3.4160985179E+01,    0.0000000000E+00,    0.0000000000E+00,    0.0000000000E+00,    3.4160985179E+01
     55850,      0.676925,CP2_after_erosion,   1,    0.0000000000E+00,    3.4160985179E+01,    3.4160985179E+01,    0.0000000000E+00,    0.0000000000E+00,    0.0000000000E+00,    3.4160985179E+01
     55850,      0.676925,CP3_after_update_bottom,   1,    0.0000000000E+00,    3.4160985179E+01,    3.4160985179E+01,    0.0000000000E+00,    0.0000000000E+00,    0.0000000000E+00,    3.4160985179E+01
     55850,      0.676925,CP4_after_advection,   1,    0.0000000000E+00,    3.4163227851E+01,    3.4163227851E+01,    0.0000000000E+00,    0.0000000000E+00,    0.0000000000E+00,    3.4163227851E+01
     55850,      0.676925,CP5_after_vdif,   1,    0.0000000000E+00,    3.4163227851E+01,    3.4163227851E+01,    0.0000000000E+00,    0.0000000000E+00,    0.0000000000E+00,    3.4163227851E+01
     55850,      0.676925,CP6_after_kinetics,   1,    0.0000000000E+00,    3.4163227851E+01,    3.4163227851E+01,    0.0000000000E+00,    0.0000000000E+00,    0.0000000000E+00,    3.4163227851E+01
     55850,      0.676925,CP7_after_upper_clamp,   1,    0.0000000000E+00,    3.4163227851E+01,    3.4163227851E+01,    0.0000000000E+00,    0.0000000000E+00,    0.0000000000E+00,    3.4163227851E+01
     55850,      0.676925,CP8_after_OBC,   1,    0.0000000000E+00,    3.4163227851E+01,    3.4163227851E+01,    0.0000000000E+00,    0.0000000000E+00,    0.0000000000E+00,    3.4163227851E+01
     55850,      0.676925,CP9_after_PTsource,   1,    0.0000000000E+00,    3.4163227851E+01,    3.4163227851E+01,    0.0000000000E+00,    0.0000000000E+00,    0.0000000000E+00,    3.4163227851E+01
     55850,      0.676925,CP10_after_neg_clamp,   1,    0.0000000000E+00,    3.4163227851E+01,    3.4163227851E+01,    0.0000000000E+00,    0.0000000000E+00,    0.0000000000E+00,    3.4163227851E+01
     55850,      0.676925,CP11_after_MPI,   1,    0.0000000000E+00,    3.4163227851E+01,    3.4163227851E+01,    0.0000000000E+00,    0.0000000000E+00,    0.0000000000E+00,    3.4163227851E+01
     55850,      0.676925,CP12_end,   1,    0.0000000000E+00,    3.4163227851E+01,    3.4163227851E+01,    0.0000000000E+00,    0.0000000000E+00,    0.0000000000E+00,    3.4163227851E+01
     55900,      0.676925,CP0_start,   1,    0.0000000000E+00,    3.4222317113E+01,    3.4222317113E+01,    0.0000000000E+00,    0.0000000000E+00,    0.0000000000E+00,    3.4222317113E+01
     55900,      0.676925,CP1_after_deposition,   1,    0.0000000000E+00,    3.4222317113E+01,    3.4222317113E+01,    0.0000000000E+00,    0.0000000000E+00,    0.0000000000E+00,    3.4222317113E+01
     55900,      0.676925,CP2_after_erosion,   1,    0.0000000000E+00,    3.4222317113E+01,    3.4222317113E+01,    0.0000000000E+00,    0.0000000000E+00,    0.0000000000E+00,    3.4222317113E+01
     55900,      0.676925,CP3_after_update_bottom,   1,    0.0000000000E+00,    3.4222317113E+01,    3.4222317113E+01,    0.0000000000E+00,    0.0000000000E+00,    0.0000000000E+00,    3.4222317113E+01
     55900,      0.676925,CP4_after_advection,   1,    0.0000000000E+00,    3.4224552795E+01,    3.4224552795E+01,    0.0000000000E+00,    0.0000000000E+00,    0.0000000000E+00,    3.4224552795E+01
     55900,      0.676925,CP5_after_vdif,   1,    0.0000000000E+00,    3.4224552795E+01,    3.4224552795E+01,    0.0000000000E+00,    0.0000000000E+00,    0.0000000000E+00,    3.4224552795E+01
     55900,      0.676925,CP6_after_kinetics,   1,    0.0000000000E+00,    3.4224552795E+01,    3.4224552795E+01,    0.0000000000E+00,    0.0000000000E+00,    0.0000000000E+00,    3.4224552795E+01
     55900,      0.676925,CP7_after_upper_clamp,   1,    0.0000000000E+00,    3.4224552795E+01,    3.4224552795E+01,    0.0000000000E+00,    0.0000000000E+00,    0.0000000000E+00,    3.4224552795E+01
     55900,      0.676925,CP8_after_OBC,   1,    0.0000000000E+00,    3.4224552795E+01,    3.4224552795E+01,    0.0000000000E+00,    0.0000000000E+00,    0.0000000000E+00,    3.4224552795E+01
     55900,      0.676925,CP9_after_PTsource,   1,    0.0000000000E+00,    3.4224552795E+01,    3.4224552795E+01,    0.0000000000E+00,    0.0000000000E+00,    0.0000000000E+00,    3.4224552795E+01
     55900,      0.676925,CP10_after_neg_clamp,   1,    0.0000000000E+00,    3.4224552795E+01,    3.4224552795E+01,    0.0000000000E+00,    0.0000000000E+00,    0.0000000000E+00,    3.4224552795E+01
     55900,      0.676925,CP11_after_MPI,   1,    0.0000000000E+00,    3.4224552795E+01,    3.4224552795E+01,    0.0000000000E+00,    0.0000000000E+00,    0.0000000000E+00,    3.4224552795E+01
     55900,      0.676925,CP12_end,   1,    0.0000000000E+00,    3.4224552795E+01,    3.4224552795E+01,    0.0000000000E+00,    0.0000000000E+00,    0.0000000000E+00,    3.4224552795E+01
     55950,      0.676925,CP0_start,   1,    0.0000000000E+00,    3.4283413287E+01,    3.4283413287E+01,    0.0000000000E+00,    0.0000000000E+00,    0.0000000000E+00,    3.4283413287E+01
     55950,      0.676925,CP1_after_deposition,   1,    0.0000000000E+00,    3.4283413287E+01,    3.4283413287E+01,    0.0000000000E+00,    0.0000000000E+00,    0.0000000000E+00,    3.4283413287E+01
     55950,      0.676925,CP2_after_erosion,   1,    0.0000000000E+00,    3.4283413287E+01,    3.4283413287E+01,    0.0000000000E+00,    0.0000000000E+00,    0.0000000000E+00,    3.4283413287E+01
     55950,      0.676925,CP3_after_update_bottom,   1,    0.0000000000E+00,    3.4283413287E+01,    3.4283413287E+01,    0.0000000000E+00,    0.0000000000E+00,    0.0000000000E+00,    3.4283413287E+01
     55950,      0.676925,CP4_after_advection,   1,    0.0000000000E+00,    3.4285640748E+01,    3.4285640748E+01,    0.0000000000E+00,    0.0000000000E+00,    0.0000000000E+00,    3.4285640748E+01
     55950,      0.676925,CP5_after_vdif,   1,    0.0000000000E+00,    3.4285640748E+01,    3.4285640748E+01,    0.0000000000E+00,    0.0000000000E+00,    0.0000000000E+00,    3.4285640748E+01
     55950,      0.676925,CP6_after_kinetics,   1,    0.0000000000E+00,    3.4285640748E+01,    3.4285640748E+01,    0.0000000000E+00,    0.0000000000E+00,    0.0000000000E+00,    3.4285640748E+01
     55950,      0.676925,CP7_after_upper_clamp,   1,    0.0000000000E+00,    3.4285640748E+01,    3.4285640748E+01,    0.0000000000E+00,    0.0000000000E+00,    0.0000000000E+00,    3.4285640748E+01
     55950,      0.676925,CP8_after_OBC,   1,    0.0000000000E+00,    3.4285640748E+01,    3.4285640748E+01,    0.0000000000E+00,    0.0000000000E+00,    0.0000000000E+00,    3.4285640748E+01
     55950,      0.676925,CP9_after_PTsource,   1,    0.0000000000E+00,    3.4285640748E+01,    3.4285640748E+01,    0.0000000000E+00,    0.0000000000E+00,    0.0000000000E+00,    3.4285640748E+01
     55950,      0.676925,CP10_after_neg_clamp,   1,    0.0000000000E+00,    3.4285640748E+01,    3.4285640748E+01,    0.0000000000E+00,    0.0000000000E+00,    0.0000000000E+00,    3.4285640748E+01
     55950,      0.676925,CP11_after_MPI,   1,    0.0000000000E+00,    3.4285640748E+01,    3.4285640748E+01,    0.0000000000E+00,    0.0000000000E+00,    0.0000000000E+00,    3.4285640748E+01
     55950,      0.676925,CP12_end,   1,    0.0000000000E+00,    3.4285640748E+01,    3.4285640748E+01,    0.0000000000E+00,    0.0000000000E+00,    0.0000000000E+00,    3.4285640748E+01
     56000,      0.676925,CP0_start,   1,    0.0000000000E+00,    3.4344288960E+01,    3.4344288960E+01,    0.0000000000E+00,    0.0000000000E+00,    0.0000000000E+00,    3.4344288960E+01
     56000,      0.676925,CP1_after_deposition,   1,    0.0000000000E+00,    3.4344288960E+01,    3.4344288960E+01,    0.0000000000E+00,    0.0000000000E+00,    0.0000000000E+00,    3.4344288960E+01
     56000,      0.676925,CP2_after_erosion,   1,    0.0000000000E+00,    3.4344288960E+01,    3.4344288960E+01,    0.0000000000E+00,    0.0000000000E+00,    0.0000000000E+00,    3.4344288960E+01
     56000,      0.676925,CP3_after_update_bottom,   1,    0.0000000000E+00,    3.4344288960E+01,    3.4344288960E+01,    0.0000000000E+00,    0.0000000000E+00,    0.0000000000E+00,    3.4344288960E+01
     56000,      0.676925,CP4_after_advection,   1,    0.0000000000E+00,    3.4346509728E+01,    3.4346509728E+01,    0.0000000000E+00,    0.0000000000E+00,    0.0000000000E+00,    3.4346509728E+01
     56000,      0.676925,CP5_after_vdif,   1,    0.0000000000E+00,    3.4346509728E+01,    3.4346509728E+01,    0.0000000000E+00,    0.0000000000E+00,    0.0000000000E+00,    3.4346509728E+01
     56000,      0.676925,CP6_after_kinetics,   1,    0.0000000000E+00,    3.4346509728E+01,    3.4346509728E+01,    0.0000000000E+00,    0.0000000000E+00,    0.0000000000E+00,    3.4346509728E+01
     56000,      0.676925,CP7_after_upper_clamp,   1,    0.0000000000E+00,    3.4346509728E+01,    3.4346509728E+01,    0.0000000000E+00,    0.0000000000E+00,    0.0000000000E+00,    3.4346509728E+01
     56000,      0.676925,CP8_after_OBC,   1,    0.0000000000E+00,    3.4346509728E+01,    3.4346509728E+01,    0.0000000000E+00,    0.0000000000E+00,    0.0000000000E+00,    3.4346509728E+01
     56000,      0.676925,CP9_after_PTsource,   1,    0.0000000000E+00,    3.4346509728E+01,    3.4346509728E+01,    0.0000000000E+00,    0.0000000000E+00,    0.0000000000E+00,    3.4346509728E+01
     56000,      0.676925,CP10_after_neg_clamp,   1,    0.0000000000E+00,    3.4346509728E+01,    3.4346509728E+01,    0.0000000000E+00,    0.0000000000E+00,    0.0000000000E+00,    3.4346509728E+01
     56000,      0.676925,CP11_after_MPI,   1,    0.0000000000E+00,    3.4346509728E+01,    3.4346509728E+01,    0.0000000000E+00,    0.0000000000E+00,    0.0000000000E+00,    3.4346509728E+01
     56000,      0.676925,CP12_end,   1,    0.0000000000E+00,    3.4346509728E+01,    3.4346509728E+01,    0.0000000000E+00,    0.0000000000E+00,    0.0000000000E+00,    3.4346509728E+01
     56050,      0.676925,CP0_start,   1,    0.0000000000E+00,    3.4404955458E+01,    3.4404955458E+01,    0.0000000000E+00,    0.0000000000E+00,    0.0000000000E+00,    3.4404955458E+01
     56050,      0.676925,CP1_after_deposition,   1,    0.0000000000E+00,    3.4404955458E+01,    3.4404955458E+01,    0.0000000000E+00,    0.0000000000E+00,    0.0000000000E+00,    3.4404955458E+01
     56050,      0.676925,CP2_after_erosion,   1,    0.0000000000E+00,    3.4404955458E+01,    3.4404955458E+01,    0.0000000000E+00,    0.0000000000E+00,    0.0000000000E+00,    3.4404955458E+01
     56050,      0.676925,CP3_after_update_bottom,   1,    0.0000000000E+00,    3.4404955458E+01,    3.4404955458E+01,    0.0000000000E+00,    0.0000000000E+00,    0.0000000000E+00,    3.4404955458E+01
     56050,      0.676925,CP4_after_advection,   1,    0.0000000000E+00,    3.4407168993E+01,    3.4407168993E+01,    0.0000000000E+00,    0.0000000000E+00,    0.0000000000E+00,    3.4407168993E+01
     56050,      0.676925,CP5_after_vdif,   1,    0.0000000000E+00,    3.4407168993E+01,    3.4407168993E+01,    0.0000000000E+00,    0.0000000000E+00,    0.0000000000E+00,    3.4407168993E+01
     56050,      0.676925,CP6_after_kinetics,   1,    0.0000000000E+00,    3.4407168993E+01,    3.4407168993E+01,    0.0000000000E+00,    0.0000000000E+00,    0.0000000000E+00,    3.4407168993E+01
     56050,      0.676925,CP7_after_upper_clamp,   1,    0.0000000000E+00,    3.4407168993E+01,    3.4407168993E+01,    0.0000000000E+00,    0.0000000000E+00,    0.0000000000E+00,    3.4407168993E+01
     56050,      0.676925,CP8_after_OBC,   1,    0.0000000000E+00,    3.4407168993E+01,    3.4407168993E+01,    0.0000000000E+00,    0.0000000000E+00,    0.0000000000E+00,    3.4407168993E+01
     56050,      0.676925,CP9_after_PTsource,   1,    0.0000000000E+00,    3.4407168993E+01,    3.4407168993E+01,    0.0000000000E+00,    0.0000000000E+00,    0.0000000000E+00,    3.4407168993E+01
     56050,      0.676925,CP10_after_neg_clamp,   1,    0.0000000000E+00,    3.4407168993E+01,    3.4407168993E+01,    0.0000000000E+00,    0.0000000000E+00,    0.0000000000E+00,    3.4407168993E+01
     56050,      0.676925,CP11_after_MPI,   1,    0.0000000000E+00,    3.4407168993E+01,    3.4407168993E+01,    0.0000000000E+00,    0.0000000000E+00,    0.0000000000E+00,    3.4407168993E+01
     56050,      0.676925,CP12_end,   1,    0.0000000000E+00,    3.4407168993E+01,    3.4407168993E+01,    0.0000000000E+00,    0.0000000000E+00,    0.0000000000E+00,    3.4407168993E+01
     56100,      0.676925,CP0_start,   1,    0.0000000000E+00,    3.4465444059E+01,    3.4465444059E+01,    0.0000000000E+00,    0.0000000000E+00,    0.0000000000E+00,    3.4465444059E+01
     56100,      0.676925,CP1_after_deposition,   1,    0.0000000000E+00,    3.4465444059E+01,    3.4465444059E+01,    0.0000000000E+00,    0.0000000000E+00,    0.0000000000E+00,    3.4465444059E+01
     56100,      0.676925,CP2_after_erosion,   1,    0.0000000000E+00,    3.4465444059E+01,    3.4465444059E+01,    0.0000000000E+00,    0.0000000000E+00,    0.0000000000E+00,    3.4465444059E+01
     56100,      0.676925,CP3_after_update_bottom,   1,    0.0000000000E+00,    3.4465444059E+01,    3.4465444059E+01,    0.0000000000E+00,    0.0000000000E+00,    0.0000000000E+00,    3.4465444059E+01
     56100,      0.676925,CP4_after_advection,   1,    0.0000000000E+00,    3.4467649500E+01,    3.4467649500E+01,    0.0000000000E+00,    0.0000000000E+00,    0.0000000000E+00,    3.4467649500E+01
     56100,      0.676925,CP5_after_vdif,   1,    0.0000000000E+00,    3.4467649500E+01,    3.4467649500E+01,    0.0000000000E+00,    0.0000000000E+00,    0.0000000000E+00,    3.4467649500E+01
     56100,      0.676925,CP6_after_kinetics,   1,    0.0000000000E+00,    3.4467649500E+01,    3.4467649500E+01,    0.0000000000E+00,    0.0000000000E+00,    0.0000000000E+00,    3.4467649500E+01
     56100,      0.676925,CP7_after_upper_clamp,   1,    0.0000000000E+00,    3.4467649500E+01,    3.4467649500E+01,    0.0000000000E+00,    0.0000000000E+00,    0.0000000000E+00,    3.4467649500E+01
     56100,      0.676925,CP8_after_OBC,   1,    0.0000000000E+00,    3.4467649500E+01,    3.4467649500E+01,    0.0000000000E+00,    0.0000000000E+00,    0.0000000000E+00,    3.4467649500E+01
     56100,      0.676925,CP9_after_PTsource,   1,    0.0000000000E+00,    3.4467649500E+01,    3.4467649500E+01,    0.0000000000E+00,    0.0000000000E+00,    0.0000000000E+00,    3.4467649500E+01
     56100,      0.676925,CP10_after_neg_clamp,   1,    0.0000000000E+00,    3.4467649500E+01,    3.4467649500E+01,    0.0000000000E+00,    0.0000000000E+00,    0.0000000000E+00,    3.4467649500E+01
     56100,      0.676925,CP11_after_MPI,   1,    0.0000000000E+00,    3.4467649500E+01,    3.4467649500E+01,    0.0000000000E+00,    0.0000000000E+00,    0.0000000000E+00,    3.4467649500E+01
     56100,      0.676925,CP12_end,   1,    0.0000000000E+00,    3.4467649500E+01,    3.4467649500E+01,    0.0000000000E+00,    0.0000000000E+00,    0.0000000000E+00,    3.4467649500E+01
     56150,      0.676925,CP0_start,   1,    0.0000000000E+00,    3.4525726155E+01,    3.4525726155E+01,    0.0000000000E+00,    0.0000000000E+00,    0.0000000000E+00,    3.4525726155E+01
     56150,      0.676925,CP1_after_deposition,   1,    0.0000000000E+00,    3.4525726155E+01,    3.4525726155E+01,    0.0000000000E+00,    0.0000000000E+00,    0.0000000000E+00,    3.4525726155E+01
     56150,      0.676925,CP2_after_erosion,   1,    0.0000000000E+00,    3.4525726155E+01,    3.4525726155E+01,    0.0000000000E+00,    0.0000000000E+00,    0.0000000000E+00,    3.4525726155E+01
     56150,      0.676925,CP3_after_update_bottom,   1,    0.0000000000E+00,    3.4525726155E+01,    3.4525726155E+01,    0.0000000000E+00,    0.0000000000E+00,    0.0000000000E+00,    3.4525726155E+01
     56150,      0.676925,CP4_after_advection,   1,    0.0000000000E+00,    3.4527924491E+01,    3.4527924491E+01,    0.0000000000E+00,    0.0000000000E+00,    0.0000000000E+00,    3.4527924491E+01
     56150,      0.676925,CP5_after_vdif,   1,    0.0000000000E+00,    3.4527924491E+01,    3.4527924491E+01,    0.0000000000E+00,    0.0000000000E+00,    0.0000000000E+00,    3.4527924491E+01
     56150,      0.676925,CP6_after_kinetics,   1,    0.0000000000E+00,    3.4527924491E+01,    3.4527924491E+01,    0.0000000000E+00,    0.0000000000E+00,    0.0000000000E+00,    3.4527924491E+01
     56150,      0.676925,CP7_after_upper_clamp,   1,    0.0000000000E+00,    3.4527924491E+01,    3.4527924491E+01,    0.0000000000E+00,    0.0000000000E+00,    0.0000000000E+00,    3.4527924491E+01
     56150,      0.676925,CP8_after_OBC,   1,    0.0000000000E+00,    3.4527924491E+01,    3.4527924491E+01,    0.0000000000E+00,    0.0000000000E+00,    0.0000000000E+00,    3.4527924491E+01
     56150,      0.676925,CP9_after_PTsource,   1,    0.0000000000E+00,    3.4527924491E+01,    3.4527924491E+01,    0.0000000000E+00,    0.0000000000E+00,    0.0000000000E+00,    3.4527924491E+01
     56150,      0.676925,CP10_after_neg_clamp,   1,    0.0000000000E+00,    3.4527924491E+01,    3.4527924491E+01,    0.0000000000E+00,    0.0000000000E+00,    0.0000000000E+00,    3.4527924491E+01
     56150,      0.676925,CP11_after_MPI,   1,    0.0000000000E+00,    3.4527924491E+01,    3.4527924491E+01,    0.0000000000E+00,    0.0000000000E+00,    0.0000000000E+00,    3.4527924491E+01
     56150,      0.676925,CP12_end,   1,    0.0000000000E+00,    3.4527924491E+01,    3.4527924491E+01,    0.0000000000E+00,    0.0000000000E+00,    0.0000000000E+00,    3.4527924491E+01
     56200,      0.676925,CP0_start,   1,    0.0000000000E+00,    3.4585783156E+01,    3.4585783156E+01,    0.0000000000E+00,    0.0000000000E+00,    0.0000000000E+00,    3.4585783156E+01
     56200,      0.676925,CP1_after_deposition,   1,    0.0000000000E+00,    3.4585783156E+01,    3.4585783156E+01,    0.0000000000E+00,    0.0000000000E+00,    0.0000000000E+00,    3.4585783156E+01
     56200,      0.676925,CP2_after_erosion,   1,    0.0000000000E+00,    3.4585783156E+01,    3.4585783156E+01,    0.0000000000E+00,    0.0000000000E+00,    0.0000000000E+00,    3.4585783156E+01
     56200,      0.676925,CP3_after_update_bottom,   1,    0.0000000000E+00,    3.4585783156E+01,    3.4585783156E+01,    0.0000000000E+00,    0.0000000000E+00,    0.0000000000E+00,    3.4585783156E+01
     56200,      0.676925,CP4_after_advection,   1,    0.0000000000E+00,    3.4587974030E+01,    3.4587974030E+01,    0.0000000000E+00,    0.0000000000E+00,    0.0000000000E+00,    3.4587974030E+01
     56200,      0.676925,CP5_after_vdif,   1,    0.0000000000E+00,    3.4587974030E+01,    3.4587974030E+01,    0.0000000000E+00,    0.0000000000E+00,    0.0000000000E+00,    3.4587974030E+01
     56200,      0.676925,CP6_after_kinetics,   1,    0.0000000000E+00,    3.4587974030E+01,    3.4587974030E+01,    0.0000000000E+00,    0.0000000000E+00,    0.0000000000E+00,    3.4587974030E+01
     56200,      0.676925,CP7_after_upper_clamp,   1,    0.0000000000E+00,    3.4587974030E+01,    3.4587974030E+01,    0.0000000000E+00,    0.0000000000E+00,    0.0000000000E+00,    3.4587974030E+01
     56200,      0.676925,CP8_after_OBC,   1,    0.0000000000E+00,    3.4587974030E+01,    3.4587974030E+01,    0.0000000000E+00,    0.0000000000E+00,    0.0000000000E+00,    3.4587974030E+01
     56200,      0.676925,CP9_after_PTsource,   1,    0.0000000000E+00,    3.4587974030E+01,    3.4587974030E+01,    0.0000000000E+00,    0.0000000000E+00,    0.0000000000E+00,    3.4587974030E+01
     56200,      0.676925,CP10_after_neg_clamp,   1,    0.0000000000E+00,    3.4587974030E+01,    3.4587974030E+01,    0.0000000000E+00,    0.0000000000E+00,    0.0000000000E+00,    3.4587974030E+01
     56200,      0.676925,CP11_after_MPI,   1,    0.0000000000E+00,    3.4587974030E+01,    3.4587974030E+01,    0.0000000000E+00,    0.0000000000E+00,    0.0000000000E+00,    3.4587974030E+01
     56200,      0.676925,CP12_end,   1,    0.0000000000E+00,    3.4587974030E+01,    3.4587974030E+01,    0.0000000000E+00,    0.0000000000E+00,    0.0000000000E+00,    3.4587974030E+01
     56250,      0.676925,CP0_start,   1,    0.0000000000E+00,    3.4645629070E+01,    3.4645629070E+01,    0.0000000000E+00,    0.0000000000E+00,    0.0000000000E+00,    3.4645629070E+01
     56250,      0.676925,CP1_after_deposition,   1,    0.0000000000E+00,    3.4645629070E+01,    3.4645629070E+01,    0.0000000000E+00,    0.0000000000E+00,    0.0000000000E+00,    3.4645629070E+01
     56250,      0.676925,CP2_after_erosion,   1,    0.0000000000E+00,    3.4645629070E+01,    3.4645629070E+01,    0.0000000000E+00,    0.0000000000E+00,    0.0000000000E+00,    3.4645629070E+01
     56250,      0.676925,CP3_after_update_bottom,   1,    0.0000000000E+00,    3.4645629070E+01,    3.4645629070E+01,    0.0000000000E+00,    0.0000000000E+00,    0.0000000000E+00,    3.4645629070E+01
     56250,      0.676925,CP4_after_advection,   1,    0.0000000000E+00,    3.4647814078E+01,    3.4647814078E+01,    0.0000000000E+00,    0.0000000000E+00,    0.0000000000E+00,    3.4647814078E+01
     56250,      0.676925,CP5_after_vdif,   1,    0.0000000000E+00,    3.4647814078E+01,    3.4647814078E+01,    0.0000000000E+00,    0.0000000000E+00,    0.0000000000E+00,    3.4647814078E+01
     56250,      0.676925,CP6_after_kinetics,   1,    0.0000000000E+00,    3.4647814078E+01,    3.4647814078E+01,    0.0000000000E+00,    0.0000000000E+00,    0.0000000000E+00,    3.4647814078E+01
     56250,      0.676925,CP7_after_upper_clamp,   1,    0.0000000000E+00,    3.4647814078E+01,    3.4647814078E+01,    0.0000000000E+00,    0.0000000000E+00,    0.0000000000E+00,    3.4647814078E+01
     56250,      0.676925,CP8_after_OBC,   1,    0.0000000000E+00,    3.4647814078E+01,    3.4647814078E+01,    0.0000000000E+00,    0.0000000000E+00,    0.0000000000E+00,    3.4647814078E+01
     56250,      0.676925,CP9_after_PTsource,   1,    0.0000000000E+00,    3.4647814078E+01,    3.4647814078E+01,    0.0000000000E+00,    0.0000000000E+00,    0.0000000000E+00,    3.4647814078E+01
     56250,      0.676925,CP10_after_neg_clamp,   1,    0.0000000000E+00,    3.4647814078E+01,    3.4647814078E+01,    0.0000000000E+00,    0.0000000000E+00,    0.0000000000E+00,    3.4647814078E+01
     56250,      0.676925,CP11_after_MPI,   1,    0.0000000000E+00,    3.4647814078E+01,    3.4647814078E+01,    0.0000000000E+00,    0.0000000000E+00,    0.0000000000E+00,    3.4647814078E+01
     56250,      0.676925,CP12_end,   1,    0.0000000000E+00,    3.4647814078E+01,    3.4647814078E+01,    0.0000000000E+00,    0.0000000000E+00,    0.0000000000E+00,    3.4647814078E+01
     56300,      0.676925,CP0_start,   1,    0.0000000000E+00,    3.4705288760E+01,    3.4705288760E+01,    0.0000000000E+00,    0.0000000000E+00,    0.0000000000E+00,    3.4705288760E+01
     56300,      0.676925,CP1_after_deposition,   1,    0.0000000000E+00,    3.4705288760E+01,    3.4705288760E+01,    0.0000000000E+00,    0.0000000000E+00,    0.0000000000E+00,    3.4705288760E+01
     56300,      0.676925,CP2_after_erosion,   1,    0.0000000000E+00,    3.4705288760E+01,    3.4705288760E+01,    0.0000000000E+00,    0.0000000000E+00,    0.0000000000E+00,    3.4705288760E+01
     56300,      0.676925,CP3_after_update_bottom,   1,    0.0000000000E+00,    3.4705288760E+01,    3.4705288760E+01,    0.0000000000E+00,    0.0000000000E+00,    0.0000000000E+00,    3.4705288760E+01
     56300,      0.676925,CP4_after_advection,   1,    0.0000000000E+00,    3.4707466818E+01,    3.4707466818E+01,    0.0000000000E+00,    0.0000000000E+00,    0.0000000000E+00,    3.4707466818E+01
     56300,      0.676925,CP5_after_vdif,   1,    0.0000000000E+00,    3.4707466818E+01,    3.4707466818E+01,    0.0000000000E+00,    0.0000000000E+00,    0.0000000000E+00,    3.4707466818E+01
     56300,      0.676925,CP6_after_kinetics,   1,    0.0000000000E+00,    3.4707466818E+01,    3.4707466818E+01,    0.0000000000E+00,    0.0000000000E+00,    0.0000000000E+00,    3.4707466818E+01
     56300,      0.676925,CP7_after_upper_clamp,   1,    0.0000000000E+00,    3.4707466818E+01,    3.4707466818E+01,    0.0000000000E+00,    0.0000000000E+00,    0.0000000000E+00,    3.4707466818E+01
     56300,      0.676925,CP8_after_OBC,   1,    0.0000000000E+00,    3.4707466818E+01,    3.4707466818E+01,    0.0000000000E+00,    0.0000000000E+00,    0.0000000000E+00,    3.4707466818E+01
     56300,      0.676925,CP9_after_PTsource,   1,    0.0000000000E+00,    3.4707466818E+01,    3.4707466818E+01,    0.0000000000E+00,    0.0000000000E+00,    0.0000000000E+00,    3.4707466818E+01
     56300,      0.676925,CP10_after_neg_clamp,   1,    0.0000000000E+00,    3.4707466818E+01,    3.4707466818E+01,    0.0000000000E+00,    0.0000000000E+00,    0.0000000000E+00,    3.4707466818E+01
     56300,      0.676925,CP11_after_MPI,   1,    0.0000000000E+00,    3.4707466818E+01,    3.4707466818E+01,    0.0000000000E+00,    0.0000000000E+00,    0.0000000000E+00,    3.4707466818E+01
     56300,      0.676925,CP12_end,   1,    0.0000000000E+00,    3.4707466818E+01,    3.4707466818E+01,    0.0000000000E+00,    0.0000000000E+00,    0.0000000000E+00,    3.4707466818E+01
     56350,      0.676925,CP0_start,   1,    0.0000000000E+00,    3.4764743649E+01,    3.4764743649E+01,    0.0000000000E+00,    0.0000000000E+00,    0.0000000000E+00,    3.4764743649E+01
     56350,      0.676925,CP1_after_deposition,   1,    0.0000000000E+00,    3.4764743649E+01,    3.4764743649E+01,    0.0000000000E+00,    0.0000000000E+00,    0.0000000000E+00,    3.4764743649E+01
     56350,      0.676925,CP2_after_erosion,   1,    0.0000000000E+00,    3.4764743649E+01,    3.4764743649E+01,    0.0000000000E+00,    0.0000000000E+00,    0.0000000000E+00,    3.4764743649E+01
     56350,      0.676925,CP3_after_update_bottom,   1,    0.0000000000E+00,    3.4764743649E+01,    3.4764743649E+01,    0.0000000000E+00,    0.0000000000E+00,    0.0000000000E+00,    3.4764743649E+01
     56350,      0.676925,CP4_after_advection,   1,    0.0000000000E+00,    3.4766914140E+01,    3.4766914140E+01,    0.0000000000E+00,    0.0000000000E+00,    0.0000000000E+00,    3.4766914140E+01
     56350,      0.676925,CP5_after_vdif,   1,    0.0000000000E+00,    3.4766914140E+01,    3.4766914140E+01,    0.0000000000E+00,    0.0000000000E+00,    0.0000000000E+00,    3.4766914140E+01
     56350,      0.676925,CP6_after_kinetics,   1,    0.0000000000E+00,    3.4766914140E+01,    3.4766914140E+01,    0.0000000000E+00,    0.0000000000E+00,    0.0000000000E+00,    3.4766914140E+01
     56350,      0.676925,CP7_after_upper_clamp,   1,    0.0000000000E+00,    3.4766914140E+01,    3.4766914140E+01,    0.0000000000E+00,    0.0000000000E+00,    0.0000000000E+00,    3.4766914140E+01
     56350,      0.676925,CP8_after_OBC,   1,    0.0000000000E+00,    3.4766914140E+01,    3.4766914140E+01,    0.0000000000E+00,    0.0000000000E+00,    0.0000000000E+00,    3.4766914140E+01
     56350,      0.676925,CP9_after_PTsource,   1,    0.0000000000E+00,    3.4766914140E+01,    3.4766914140E+01,    0.0000000000E+00,    0.0000000000E+00,    0.0000000000E+00,    3.4766914140E+01
     56350,      0.676925,CP10_after_neg_clamp,   1,    0.0000000000E+00,    3.4766914140E+01,    3.4766914140E+01,    0.0000000000E+00,    0.0000000000E+00,    0.0000000000E+00,    3.4766914140E+01
     56350,      0.676925,CP11_after_MPI,   1,    0.0000000000E+00,    3.4766914140E+01,    3.4766914140E+01,    0.0000000000E+00,    0.0000000000E+00,    0.0000000000E+00,    3.4766914140E+01
     56350,      0.676925,CP12_end,   1,    0.0000000000E+00,    3.4766914140E+01,    3.4766914140E+01,    0.0000000000E+00,    0.0000000000E+00,    0.0000000000E+00,    3.4766914140E+01
     56400,      0.676925,CP0_start,   1,    0.0000000000E+00,    3.4823988027E+01,    3.4823988027E+01,    0.0000000000E+00,    0.0000000000E+00,    0.0000000000E+00,    3.4823988027E+01
     56400,      0.676925,CP1_after_deposition,   1,    0.0000000000E+00,    3.4823988027E+01,    3.4823988027E+01,    0.0000000000E+00,    0.0000000000E+00,    0.0000000000E+00,    3.4823988027E+01
     56400,      0.676925,CP2_after_erosion,   1,    0.0000000000E+00,    3.4823988027E+01,    3.4823988027E+01,    0.0000000000E+00,    0.0000000000E+00,    0.0000000000E+00,    3.4823988027E+01
     56400,      0.676925,CP3_after_update_bottom,   1,    0.0000000000E+00,    3.4823988027E+01,    3.4823988027E+01,    0.0000000000E+00,    0.0000000000E+00,    0.0000000000E+00,    3.4823988027E+01
     56400,      0.676925,CP4_after_advection,   1,    0.0000000000E+00,    3.4826152809E+01,    3.4826152809E+01,    0.0000000000E+00,    0.0000000000E+00,    0.0000000000E+00,    3.4826152809E+01
     56400,      0.676925,CP5_after_vdif,   1,    0.0000000000E+00,    3.4826152809E+01,    3.4826152809E+01,    0.0000000000E+00,    0.0000000000E+00,    0.0000000000E+00,    3.4826152809E+01
     56400,      0.676925,CP6_after_kinetics,   1,    0.0000000000E+00,    3.4826152809E+01,    3.4826152809E+01,    0.0000000000E+00,    0.0000000000E+00,    0.0000000000E+00,    3.4826152809E+01
     56400,      0.676925,CP7_after_upper_clamp,   1,    0.0000000000E+00,    3.4826152809E+01,    3.4826152809E+01,    0.0000000000E+00,    0.0000000000E+00,    0.0000000000E+00,    3.4826152809E+01
     56400,      0.676925,CP8_after_OBC,   1,    0.0000000000E+00,    3.4826152809E+01,    3.4826152809E+01,    0.0000000000E+00,    0.0000000000E+00,    0.0000000000E+00,    3.4826152809E+01
     56400,      0.676925,CP9_after_PTsource,   1,    0.0000000000E+00,    3.4826152809E+01,    3.4826152809E+01,    0.0000000000E+00,    0.0000000000E+00,    0.0000000000E+00,    3.4826152809E+01
     56400,      0.676925,CP10_after_neg_clamp,   1,    0.0000000000E+00,    3.4826152809E+01,    3.4826152809E+01,    0.0000000000E+00,    0.0000000000E+00,    0.0000000000E+00,    3.4826152809E+01
     56400,      0.676925,CP11_after_MPI,   1,    0.0000000000E+00,    3.4826152809E+01,    3.4826152809E+01,    0.0000000000E+00,    0.0000000000E+00,    0.0000000000E+00,    3.4826152809E+01
     56400,      0.676925,CP12_end,   1,    0.0000000000E+00,    3.4826152809E+01,    3.4826152809E+01,    0.0000000000E+00,    0.0000000000E+00,    0.0000000000E+00,    3.4826152809E+01
     56450,      0.676925,CP0_start,   1,    0.0000000000E+00,    3.4883030423E+01,    3.4883030423E+01,    0.0000000000E+00,    0.0000000000E+00,    0.0000000000E+00,    3.4883030423E+01
     56450,      0.676925,CP1_after_deposition,   1,    0.0000000000E+00,    3.4883030423E+01,    3.4883030423E+01,    0.0000000000E+00,    0.0000000000E+00,    0.0000000000E+00,    3.4883030423E+01
     56450,      0.676925,CP2_after_erosion,   1,    0.0000000000E+00,    3.4883030423E+01,    3.4883030423E+01,    0.0000000000E+00,    0.0000000000E+00,    0.0000000000E+00,    3.4883030423E+01
     56450,      0.676925,CP3_after_update_bottom,   1,    0.0000000000E+00,    3.4883030423E+01,    3.4883030423E+01,    0.0000000000E+00,    0.0000000000E+00,    0.0000000000E+00,    3.4883030423E+01
     56450,      0.676925,CP4_after_advection,   1,    0.0000000000E+00,    3.4885190379E+01,    3.4885190379E+01,    0.0000000000E+00,    0.0000000000E+00,    0.0000000000E+00,    3.4885190379E+01
     56450,      0.676925,CP5_after_vdif,   1,    0.0000000000E+00,    3.4885190379E+01,    3.4885190379E+01,    0.0000000000E+00,    0.0000000000E+00,    0.0000000000E+00,    3.4885190379E+01
     56450,      0.676925,CP6_after_kinetics,   1,    0.0000000000E+00,    3.4885190379E+01,    3.4885190379E+01,    0.0000000000E+00,    0.0000000000E+00,    0.0000000000E+00,    3.4885190379E+01
     56450,      0.676925,CP7_after_upper_clamp,   1,    0.0000000000E+00,    3.4885190379E+01,    3.4885190379E+01,    0.0000000000E+00,    0.0000000000E+00,    0.0000000000E+00,    3.4885190379E+01
     56450,      0.676925,CP8_after_OBC,   1,    0.0000000000E+00,    3.4885190379E+01,    3.4885190379E+01,    0.0000000000E+00,    0.0000000000E+00,    0.0000000000E+00,    3.4885190379E+01
     56450,      0.676925,CP9_after_PTsource,   1,    0.0000000000E+00,    3.4885190379E+01,    3.4885190379E+01,    0.0000000000E+00,    0.0000000000E+00,    0.0000000000E+00,    3.4885190379E+01
     56450,      0.676925,CP10_after_neg_clamp,   1,    0.0000000000E+00,    3.4885190379E+01,    3.4885190379E+01,    0.0000000000E+00,    0.0000000000E+00,    0.0000000000E+00,    3.4885190379E+01
     56450,      0.676925,CP11_after_MPI,   1,    0.0000000000E+00,    3.4885190379E+01,    3.4885190379E+01,    0.0000000000E+00,    0.0000000000E+00,    0.0000000000E+00,    3.4885190379E+01
     56450,      0.676925,CP12_end,   1,    0.0000000000E+00,    3.4885190379E+01,    3.4885190379E+01,    0.0000000000E+00,    0.0000000000E+00,    0.0000000000E+00,    3.4885190379E+01
     56500,      0.676925,CP0_start,   1,    0.0000000000E+00,    3.4941919108E+01,    3.4941919108E+01,    0.0000000000E+00,    0.0000000000E+00,    0.0000000000E+00,    3.4941919108E+01
     56500,      0.676925,CP1_after_deposition,   1,    0.0000000000E+00,    3.4941919108E+01,    3.4941919108E+01,    0.0000000000E+00,    0.0000000000E+00,    0.0000000000E+00,    3.4941919108E+01
     56500,      0.676925,CP2_after_erosion,   1,    0.0000000000E+00,    3.4941919108E+01,    3.4941919108E+01,    0.0000000000E+00,    0.0000000000E+00,    0.0000000000E+00,    3.4941919108E+01
     56500,      0.676925,CP3_after_update_bottom,   1,    0.0000000000E+00,    3.4941919108E+01,    3.4941919108E+01,    0.0000000000E+00,    0.0000000000E+00,    0.0000000000E+00,    3.4941919108E+01
     56500,      0.676925,CP4_after_advection,   1,    0.0000000000E+00,    3.4944073331E+01,    3.4944073331E+01,    0.0000000000E+00,    0.0000000000E+00,    0.0000000000E+00,    3.4944073331E+01
     56500,      0.676925,CP5_after_vdif,   1,    0.0000000000E+00,    3.4944073331E+01,    3.4944073331E+01,    0.0000000000E+00,    0.0000000000E+00,    0.0000000000E+00,    3.4944073331E+01
     56500,      0.676925,CP6_after_kinetics,   1,    0.0000000000E+00,    3.4944073331E+01,    3.4944073331E+01,    0.0000000000E+00,    0.0000000000E+00,    0.0000000000E+00,    3.4944073331E+01
     56500,      0.676925,CP7_after_upper_clamp,   1,    0.0000000000E+00,    3.4944073331E+01,    3.4944073331E+01,    0.0000000000E+00,    0.0000000000E+00,    0.0000000000E+00,    3.4944073331E+01
     56500,      0.676925,CP8_after_OBC,   1,    0.0000000000E+00,    3.4944073331E+01,    3.4944073331E+01,    0.0000000000E+00,    0.0000000000E+00,    0.0000000000E+00,    3.4944073331E+01
     56500,      0.676925,CP9_after_PTsource,   1,    0.0000000000E+00,    3.4944073331E+01,    3.4944073331E+01,    0.0000000000E+00,    0.0000000000E+00,    0.0000000000E+00,    3.4944073331E+01
     56500,      0.676925,CP10_after_neg_clamp,   1,    0.0000000000E+00,    3.4944073331E+01,    3.4944073331E+01,    0.0000000000E+00,    0.0000000000E+00,    0.0000000000E+00,    3.4944073331E+01
     56500,      0.676925,CP11_after_MPI,   1,    0.0000000000E+00,    3.4944073331E+01,    3.4944073331E+01,    0.0000000000E+00,    0.0000000000E+00,    0.0000000000E+00,    3.4944073331E+01
     56500,      0.676925,CP12_end,   1,    0.0000000000E+00,    3.4944073331E+01,    3.4944073331E+01,    0.0000000000E+00,    0.0000000000E+00,    0.0000000000E+00,    3.4944073331E+01
     56550,      0.676925,CP0_start,   1,    0.0000000000E+00,    3.5000664071E+01,    3.5000664071E+01,    0.0000000000E+00,    0.0000000000E+00,    0.0000000000E+00,    3.5000664071E+01
     56550,      0.676925,CP1_after_deposition,   1,    0.0000000000E+00,    3.5000664071E+01,    3.5000664071E+01,    0.0000000000E+00,    0.0000000000E+00,    0.0000000000E+00,    3.5000664071E+01
     56550,      0.676925,CP2_after_erosion,   1,    0.0000000000E+00,    3.5000664071E+01,    3.5000664071E+01,    0.0000000000E+00,    0.0000000000E+00,    0.0000000000E+00,    3.5000664071E+01
     56550,      0.676925,CP3_after_update_bottom,   1,    0.0000000000E+00,    3.5000664071E+01,    3.5000664071E+01,    0.0000000000E+00,    0.0000000000E+00,    0.0000000000E+00,    3.5000664071E+01
     56550,      0.676925,CP4_after_advection,   1,    0.0000000000E+00,    3.5002812485E+01,    3.5002812485E+01,    0.0000000000E+00,    0.0000000000E+00,    0.0000000000E+00,    3.5002812485E+01
     56550,      0.676925,CP5_after_vdif,   1,    0.0000000000E+00,    3.5002812485E+01,    3.5002812485E+01,    0.0000000000E+00,    0.0000000000E+00,    0.0000000000E+00,    3.5002812485E+01
     56550,      0.676925,CP6_after_kinetics,   1,    0.0000000000E+00,    3.5002812485E+01,    3.5002812485E+01,    0.0000000000E+00,    0.0000000000E+00,    0.0000000000E+00,    3.5002812485E+01
     56550,      0.676925,CP7_after_upper_clamp,   1,    0.0000000000E+00,    3.5002812485E+01,    3.5002812485E+01,    0.0000000000E+00,    0.0000000000E+00,    0.0000000000E+00,    3.5002812485E+01
     56550,      0.676925,CP8_after_OBC,   1,    0.0000000000E+00,    3.5002812485E+01,    3.5002812485E+01,    0.0000000000E+00,    0.0000000000E+00,    0.0000000000E+00,    3.5002812485E+01
     56550,      0.676925,CP9_after_PTsource,   1,    0.0000000000E+00,    3.5002812485E+01,    3.5002812485E+01,    0.0000000000E+00,    0.0000000000E+00,    0.0000000000E+00,    3.5002812485E+01
     56550,      0.676925,CP10_after_neg_clamp,   1,    0.0000000000E+00,    3.5002812485E+01,    3.5002812485E+01,    0.0000000000E+00,    0.0000000000E+00,    0.0000000000E+00,    3.5002812485E+01
     56550,      0.676925,CP11_after_MPI,   1,    0.0000000000E+00,    3.5002812485E+01,    3.5002812485E+01,    0.0000000000E+00,    0.0000000000E+00,    0.0000000000E+00,    3.5002812485E+01
     56550,      0.676925,CP12_end,   1,    0.0000000000E+00,    3.5002812485E+01,    3.5002812485E+01,    0.0000000000E+00,    0.0000000000E+00,    0.0000000000E+00,    3.5002812485E+01
     56600,      0.676925,CP0_start,   1,    0.0000000000E+00,    3.5059275300E+01,    3.5059275300E+01,    0.0000000000E+00,    0.0000000000E+00,    0.0000000000E+00,    3.5059275300E+01
     56600,      0.676925,CP1_after_deposition,   1,    0.0000000000E+00,    3.5059275300E+01,    3.5059275300E+01,    0.0000000000E+00,    0.0000000000E+00,    0.0000000000E+00,    3.5059275300E+01
     56600,      0.676925,CP2_after_erosion,   1,    0.0000000000E+00,    3.5059275300E+01,    3.5059275300E+01,    0.0000000000E+00,    0.0000000000E+00,    0.0000000000E+00,    3.5059275300E+01
     56600,      0.676925,CP3_after_update_bottom,   1,    0.0000000000E+00,    3.5059275300E+01,    3.5059275300E+01,    0.0000000000E+00,    0.0000000000E+00,    0.0000000000E+00,    3.5059275300E+01
     56600,      0.676925,CP4_after_advection,   1,    0.0000000000E+00,    3.5061417804E+01,    3.5061417804E+01,    0.0000000000E+00,    0.0000000000E+00,    0.0000000000E+00,    3.5061417804E+01
     56600,      0.676925,CP5_after_vdif,   1,    0.0000000000E+00,    3.5061417804E+01,    3.5061417804E+01,    0.0000000000E+00,    0.0000000000E+00,    0.0000000000E+00,    3.5061417804E+01
     56600,      0.676925,CP6_after_kinetics,   1,    0.0000000000E+00,    3.5061417804E+01,    3.5061417804E+01,    0.0000000000E+00,    0.0000000000E+00,    0.0000000000E+00,    3.5061417804E+01
     56600,      0.676925,CP7_after_upper_clamp,   1,    0.0000000000E+00,    3.5061417804E+01,    3.5061417804E+01,    0.0000000000E+00,    0.0000000000E+00,    0.0000000000E+00,    3.5061417804E+01
     56600,      0.676925,CP8_after_OBC,   1,    0.0000000000E+00,    3.5061417804E+01,    3.5061417804E+01,    0.0000000000E+00,    0.0000000000E+00,    0.0000000000E+00,    3.5061417804E+01
     56600,      0.676925,CP9_after_PTsource,   1,    0.0000000000E+00,    3.5061417804E+01,    3.5061417804E+01,    0.0000000000E+00,    0.0000000000E+00,    0.0000000000E+00,    3.5061417804E+01
     56600,      0.676925,CP10_after_neg_clamp,   1,    0.0000000000E+00,    3.5061417804E+01,    3.5061417804E+01,    0.0000000000E+00,    0.0000000000E+00,    0.0000000000E+00,    3.5061417804E+01
     56600,      0.676925,CP11_after_MPI,   1,    0.0000000000E+00,    3.5061417804E+01,    3.5061417804E+01,    0.0000000000E+00,    0.0000000000E+00,    0.0000000000E+00,    3.5061417804E+01
     56600,      0.676925,CP12_end,   1,    0.0000000000E+00,    3.5061417804E+01,    3.5061417804E+01,    0.0000000000E+00,    0.0000000000E+00,    0.0000000000E+00,    3.5061417804E+01
     56650,      0.676925,CP0_start,   1,    0.0000000000E+00,    3.5117788299E+01,    3.5117788299E+01,    0.0000000000E+00,    0.0000000000E+00,    0.0000000000E+00,    3.5117788299E+01
     56650,      0.676925,CP1_after_deposition,   1,    0.0000000000E+00,    3.5117788299E+01,    3.5117788299E+01,    0.0000000000E+00,    0.0000000000E+00,    0.0000000000E+00,    3.5117788299E+01
     56650,      0.676925,CP2_after_erosion,   1,    0.0000000000E+00,    3.5117788299E+01,    3.5117788299E+01,    0.0000000000E+00,    0.0000000000E+00,    0.0000000000E+00,    3.5117788299E+01
     56650,      0.676925,CP3_after_update_bottom,   1,    0.0000000000E+00,    3.5117788299E+01,    3.5117788299E+01,    0.0000000000E+00,    0.0000000000E+00,    0.0000000000E+00,    3.5117788299E+01
     56650,      0.676925,CP4_after_advection,   1,    0.0000000000E+00,    3.5119924509E+01,    3.5119924509E+01,    0.0000000000E+00,    0.0000000000E+00,    0.0000000000E+00,    3.5119924509E+01
     56650,      0.676925,CP5_after_vdif,   1,    0.0000000000E+00,    3.5119924509E+01,    3.5119924509E+01,    0.0000000000E+00,    0.0000000000E+00,    0.0000000000E+00,    3.5119924509E+01
     56650,      0.676925,CP6_after_kinetics,   1,    0.0000000000E+00,    3.5119924509E+01,    3.5119924509E+01,    0.0000000000E+00,    0.0000000000E+00,    0.0000000000E+00,    3.5119924509E+01
     56650,      0.676925,CP7_after_upper_clamp,   1,    0.0000000000E+00,    3.5119924509E+01,    3.5119924509E+01,    0.0000000000E+00,    0.0000000000E+00,    0.0000000000E+00,    3.5119924509E+01
     56650,      0.676925,CP8_after_OBC,   1,    0.0000000000E+00,    3.5119924509E+01,    3.5119924509E+01,    0.0000000000E+00,    0.0000000000E+00,    0.0000000000E+00,    3.5119924509E+01
     56650,      0.676925,CP9_after_PTsource,   1,    0.0000000000E+00,    3.5119924509E+01,    3.5119924509E+01,    0.0000000000E+00,    0.0000000000E+00,    0.0000000000E+00,    3.5119924509E+01
     56650,      0.676925,CP10_after_neg_clamp,   1,    0.0000000000E+00,    3.5119924509E+01,    3.5119924509E+01,    0.0000000000E+00,    0.0000000000E+00,    0.0000000000E+00,    3.5119924509E+01
     56650,      0.676925,CP11_after_MPI,   1,    0.0000000000E+00,    3.5119924509E+01,    3.5119924509E+01,    0.0000000000E+00,    0.0000000000E+00,    0.0000000000E+00,    3.5119924509E+01
     56650,      0.676925,CP12_end,   1,    0.0000000000E+00,    3.5119924509E+01,    3.5119924509E+01,    0.0000000000E+00,    0.0000000000E+00,    0.0000000000E+00,    3.5119924509E+01
     56700,      0.676925,CP0_start,   1,    0.0000000000E+00,    3.5176231967E+01,    3.5176231967E+01,    0.0000000000E+00,    0.0000000000E+00,    0.0000000000E+00,    3.5176231967E+01
     56700,      0.676925,CP1_after_deposition,   1,    0.0000000000E+00,    3.5176231967E+01,    3.5176231967E+01,    0.0000000000E+00,    0.0000000000E+00,    0.0000000000E+00,    3.5176231967E+01
     56700,      0.676925,CP2_after_erosion,   1,    0.0000000000E+00,    3.5176231967E+01,    3.5176231967E+01,    0.0000000000E+00,    0.0000000000E+00,    0.0000000000E+00,    3.5176231967E+01
     56700,      0.676925,CP3_after_update_bottom,   1,    0.0000000000E+00,    3.5176231967E+01,    3.5176231967E+01,    0.0000000000E+00,    0.0000000000E+00,    0.0000000000E+00,    3.5176231967E+01
     56700,      0.676925,CP4_after_advection,   1,    0.0000000000E+00,    3.5178362877E+01,    3.5178362877E+01,    0.0000000000E+00,    0.0000000000E+00,    0.0000000000E+00,    3.5178362877E+01
     56700,      0.676925,CP5_after_vdif,   1,    0.0000000000E+00,    3.5178362877E+01,    3.5178362877E+01,    0.0000000000E+00,    0.0000000000E+00,    0.0000000000E+00,    3.5178362877E+01
     56700,      0.676925,CP6_after_kinetics,   1,    0.0000000000E+00,    3.5178362877E+01,    3.5178362877E+01,    0.0000000000E+00,    0.0000000000E+00,    0.0000000000E+00,    3.5178362877E+01
     56700,      0.676925,CP7_after_upper_clamp,   1,    0.0000000000E+00,    3.5178362877E+01,    3.5178362877E+01,    0.0000000000E+00,    0.0000000000E+00,    0.0000000000E+00,    3.5178362877E+01
     56700,      0.676925,CP8_after_OBC,   1,    0.0000000000E+00,    3.5178362877E+01,    3.5178362877E+01,    0.0000000000E+00,    0.0000000000E+00,    0.0000000000E+00,    3.5178362877E+01
     56700,      0.676925,CP9_after_PTsource,   1,    0.0000000000E+00,    3.5178362877E+01,    3.5178362877E+01,    0.0000000000E+00,    0.0000000000E+00,    0.0000000000E+00,    3.5178362877E+01
     56700,      0.676925,CP10_after_neg_clamp,   1,    0.0000000000E+00,    3.5178362877E+01,    3.5178362877E+01,    0.0000000000E+00,    0.0000000000E+00,    0.0000000000E+00,    3.5178362877E+01
     56700,      0.676925,CP11_after_MPI,   1,    0.0000000000E+00,    3.5178362877E+01,    3.5178362877E+01,    0.0000000000E+00,    0.0000000000E+00,    0.0000000000E+00,    3.5178362877E+01
     56700,      0.676925,CP12_end,   1,    0.0000000000E+00,    3.5178362877E+01,    3.5178362877E+01,    0.0000000000E+00,    0.0000000000E+00,    0.0000000000E+00,    3.5178362877E+01
     56750,      0.676925,CP0_start,   1,    0.0000000000E+00,    3.5234238841E+01,    3.5234238841E+01,    0.0000000000E+00,    0.0000000000E+00,    0.0000000000E+00,    3.5234238841E+01
     56750,      0.676925,CP1_after_deposition,   1,    0.0000000000E+00,    3.5234238841E+01,    3.5234238841E+01,    0.0000000000E+00,    0.0000000000E+00,    0.0000000000E+00,    3.5234238841E+01
     56750,      0.676925,CP2_after_erosion,   1,    0.0000000000E+00,    3.5234238841E+01,    3.5234238841E+01,    0.0000000000E+00,    0.0000000000E+00,    0.0000000000E+00,    3.5234238841E+01
     56750,      0.676925,CP3_after_update_bottom,   1,    0.0000000000E+00,    3.5234238841E+01,    3.5234238841E+01,    0.0000000000E+00,    0.0000000000E+00,    0.0000000000E+00,    3.5234238841E+01
     56750,      0.676925,CP4_after_advection,   1,    0.0000000000E+00,    3.5236364506E+01,    3.5236364506E+01,    0.0000000000E+00,    0.0000000000E+00,    0.0000000000E+00,    3.5236364506E+01
     56750,      0.676925,CP5_after_vdif,   1,    0.0000000000E+00,    3.5236364506E+01,    3.5236364506E+01,    0.0000000000E+00,    0.0000000000E+00,    0.0000000000E+00,    3.5236364506E+01
     56750,      0.676925,CP6_after_kinetics,   1,    0.0000000000E+00,    3.5236364506E+01,    3.5236364506E+01,    0.0000000000E+00,    0.0000000000E+00,    0.0000000000E+00,    3.5236364506E+01
     56750,      0.676925,CP7_after_upper_clamp,   1,    0.0000000000E+00,    3.5236364506E+01,    3.5236364506E+01,    0.0000000000E+00,    0.0000000000E+00,    0.0000000000E+00,    3.5236364506E+01
     56750,      0.676925,CP8_after_OBC,   1,    0.0000000000E+00,    3.5236364506E+01,    3.5236364506E+01,    0.0000000000E+00,    0.0000000000E+00,    0.0000000000E+00,    3.5236364506E+01
     56750,      0.676925,CP9_after_PTsource,   1,    0.0000000000E+00,    3.5236364506E+01,    3.5236364506E+01,    0.0000000000E+00,    0.0000000000E+00,    0.0000000000E+00,    3.5236364506E+01
     56750,      0.676925,CP10_after_neg_clamp,   1,    0.0000000000E+00,    3.5236364506E+01,    3.5236364506E+01,    0.0000000000E+00,    0.0000000000E+00,    0.0000000000E+00,    3.5236364506E+01
     56750,      0.676925,CP11_after_MPI,   1,    0.0000000000E+00,    3.5236364506E+01,    3.5236364506E+01,    0.0000000000E+00,    0.0000000000E+00,    0.0000000000E+00,    3.5236364506E+01
     56750,      0.676925,CP12_end,   1,    0.0000000000E+00,    3.5236364506E+01,    3.5236364506E+01,    0.0000000000E+00,    0.0000000000E+00,    0.0000000000E+00,    3.5236364506E+01
     56800,      0.676925,CP0_start,   1,    0.0000000000E+00,    3.5292190576E+01,    3.5292190576E+01,    0.0000000000E+00,    0.0000000000E+00,    0.0000000000E+00,    3.5292190576E+01
     56800,      0.676925,CP1_after_deposition,   1,    0.0000000000E+00,    3.5292190576E+01,    3.5292190576E+01,    0.0000000000E+00,    0.0000000000E+00,    0.0000000000E+00,    3.5292190576E+01
     56800,      0.676925,CP2_after_erosion,   1,    0.0000000000E+00,    3.5292190576E+01,    3.5292190576E+01,    0.0000000000E+00,    0.0000000000E+00,    0.0000000000E+00,    3.5292190576E+01
     56800,      0.676925,CP3_after_update_bottom,   1,    0.0000000000E+00,    3.5292190576E+01,    3.5292190576E+01,    0.0000000000E+00,    0.0000000000E+00,    0.0000000000E+00,    3.5292190576E+01
     56800,      0.676925,CP4_after_advection,   1,    0.0000000000E+00,    3.5294310617E+01,    3.5294310617E+01,    0.0000000000E+00,    0.0000000000E+00,    0.0000000000E+00,    3.5294310617E+01
     56800,      0.676925,CP5_after_vdif,   1,    0.0000000000E+00,    3.5294310617E+01,    3.5294310617E+01,    0.0000000000E+00,    0.0000000000E+00,    0.0000000000E+00,    3.5294310617E+01
     56800,      0.676925,CP6_after_kinetics,   1,    0.0000000000E+00,    3.5294310617E+01,    3.5294310617E+01,    0.0000000000E+00,    0.0000000000E+00,    0.0000000000E+00,    3.5294310617E+01
     56800,      0.676925,CP7_after_upper_clamp,   1,    0.0000000000E+00,    3.5294310617E+01,    3.5294310617E+01,    0.0000000000E+00,    0.0000000000E+00,    0.0000000000E+00,    3.5294310617E+01
     56800,      0.676925,CP8_after_OBC,   1,    0.0000000000E+00,    3.5294310617E+01,    3.5294310617E+01,    0.0000000000E+00,    0.0000000000E+00,    0.0000000000E+00,    3.5294310617E+01
     56800,      0.676925,CP9_after_PTsource,   1,    0.0000000000E+00,    3.5294310617E+01,    3.5294310617E+01,    0.0000000000E+00,    0.0000000000E+00,    0.0000000000E+00,    3.5294310617E+01
     56800,      0.676925,CP10_after_neg_clamp,   1,    0.0000000000E+00,    3.5294310617E+01,    3.5294310617E+01,    0.0000000000E+00,    0.0000000000E+00,    0.0000000000E+00,    3.5294310617E+01
     56800,      0.676925,CP11_after_MPI,   1,    0.0000000000E+00,    3.5294310617E+01,    3.5294310617E+01,    0.0000000000E+00,    0.0000000000E+00,    0.0000000000E+00,    3.5294310617E+01
     56800,      0.676925,CP12_end,   1,    0.0000000000E+00,    3.5294310617E+01,    3.5294310617E+01,    0.0000000000E+00,    0.0000000000E+00,    0.0000000000E+00,    3.5294310617E+01
     56850,      0.676925,CP0_start,   1,    0.0000000000E+00,    3.5350084829E+01,    3.5350084829E+01,    0.0000000000E+00,    0.0000000000E+00,    0.0000000000E+00,    3.5350084829E+01
     56850,      0.676925,CP1_after_deposition,   1,    0.0000000000E+00,    3.5350084829E+01,    3.5350084829E+01,    0.0000000000E+00,    0.0000000000E+00,    0.0000000000E+00,    3.5350084829E+01
     56850,      0.676925,CP2_after_erosion,   1,    0.0000000000E+00,    3.5350084829E+01,    3.5350084829E+01,    0.0000000000E+00,    0.0000000000E+00,    0.0000000000E+00,    3.5350084829E+01
     56850,      0.676925,CP3_after_update_bottom,   1,    0.0000000000E+00,    3.5350084829E+01,    3.5350084829E+01,    0.0000000000E+00,    0.0000000000E+00,    0.0000000000E+00,    3.5350084829E+01
     56850,      0.676925,CP4_after_advection,   1,    0.0000000000E+00,    3.5352200848E+01,    3.5352200848E+01,    0.0000000000E+00,    0.0000000000E+00,    0.0000000000E+00,    3.5352200848E+01
     56850,      0.676925,CP5_after_vdif,   1,    0.0000000000E+00,    3.5352200848E+01,    3.5352200848E+01,    0.0000000000E+00,    0.0000000000E+00,    0.0000000000E+00,    3.5352200848E+01
     56850,      0.676925,CP6_after_kinetics,   1,    0.0000000000E+00,    3.5352200848E+01,    3.5352200848E+01,    0.0000000000E+00,    0.0000000000E+00,    0.0000000000E+00,    3.5352200848E+01
     56850,      0.676925,CP7_after_upper_clamp,   1,    0.0000000000E+00,    3.5352200848E+01,    3.5352200848E+01,    0.0000000000E+00,    0.0000000000E+00,    0.0000000000E+00,    3.5352200848E+01
     56850,      0.676925,CP8_after_OBC,   1,    0.0000000000E+00,    3.5352200848E+01,    3.5352200848E+01,    0.0000000000E+00,    0.0000000000E+00,    0.0000000000E+00,    3.5352200848E+01
     56850,      0.676925,CP9_after_PTsource,   1,    0.0000000000E+00,    3.5352200848E+01,    3.5352200848E+01,    0.0000000000E+00,    0.0000000000E+00,    0.0000000000E+00,    3.5352200848E+01
     56850,      0.676925,CP10_after_neg_clamp,   1,    0.0000000000E+00,    3.5352200848E+01,    3.5352200848E+01,    0.0000000000E+00,    0.0000000000E+00,    0.0000000000E+00,    3.5352200848E+01
     56850,      0.676925,CP11_after_MPI,   1,    0.0000000000E+00,    3.5352200848E+01,    3.5352200848E+01,    0.0000000000E+00,    0.0000000000E+00,    0.0000000000E+00,    3.5352200848E+01
     56850,      0.676925,CP12_end,   1,    0.0000000000E+00,    3.5352200848E+01,    3.5352200848E+01,    0.0000000000E+00,    0.0000000000E+00,    0.0000000000E+00,    3.5352200848E+01
     56900,      0.676925,CP0_start,   1,    0.0000000000E+00,    3.5407945489E+01,    3.5407945489E+01,    0.0000000000E+00,    0.0000000000E+00,    0.0000000000E+00,    3.5407945489E+01
     56900,      0.676925,CP1_after_deposition,   1,    0.0000000000E+00,    3.5407945489E+01,    3.5407945489E+01,    0.0000000000E+00,    0.0000000000E+00,    0.0000000000E+00,    3.5407945489E+01
     56900,      0.676925,CP2_after_erosion,   1,    0.0000000000E+00,    3.5407945489E+01,    3.5407945489E+01,    0.0000000000E+00,    0.0000000000E+00,    0.0000000000E+00,    3.5407945489E+01
     56900,      0.676925,CP3_after_update_bottom,   1,    0.0000000000E+00,    3.5407945489E+01,    3.5407945489E+01,    0.0000000000E+00,    0.0000000000E+00,    0.0000000000E+00,    3.5407945489E+01
     56900,      0.676925,CP4_after_advection,   1,    0.0000000000E+00,    3.5410057405E+01,    3.5410057405E+01,    0.0000000000E+00,    0.0000000000E+00,    0.0000000000E+00,    3.5410057405E+01
     56900,      0.676925,CP5_after_vdif,   1,    0.0000000000E+00,    3.5410057405E+01,    3.5410057405E+01,    0.0000000000E+00,    0.0000000000E+00,    0.0000000000E+00,    3.5410057405E+01
     56900,      0.676925,CP6_after_kinetics,   1,    0.0000000000E+00,    3.5410057405E+01,    3.5410057405E+01,    0.0000000000E+00,    0.0000000000E+00,    0.0000000000E+00,    3.5410057405E+01
     56900,      0.676925,CP7_after_upper_clamp,   1,    0.0000000000E+00,    3.5410057405E+01,    3.5410057405E+01,    0.0000000000E+00,    0.0000000000E+00,    0.0000000000E+00,    3.5410057405E+01
     56900,      0.676925,CP8_after_OBC,   1,    0.0000000000E+00,    3.5410057405E+01,    3.5410057405E+01,    0.0000000000E+00,    0.0000000000E+00,    0.0000000000E+00,    3.5410057405E+01
     56900,      0.676925,CP9_after_PTsource,   1,    0.0000000000E+00,    3.5410057405E+01,    3.5410057405E+01,    0.0000000000E+00,    0.0000000000E+00,    0.0000000000E+00,    3.5410057405E+01
     56900,      0.676925,CP10_after_neg_clamp,   1,    0.0000000000E+00,    3.5410057405E+01,    3.5410057405E+01,    0.0000000000E+00,    0.0000000000E+00,    0.0000000000E+00,    3.5410057405E+01
     56900,      0.676925,CP11_after_MPI,   1,    0.0000000000E+00,    3.5410057405E+01,    3.5410057405E+01,    0.0000000000E+00,    0.0000000000E+00,    0.0000000000E+00,    3.5410057405E+01
     56900,      0.676925,CP12_end,   1,    0.0000000000E+00,    3.5410057405E+01,    3.5410057405E+01,    0.0000000000E+00,    0.0000000000E+00,    0.0000000000E+00,    3.5410057405E+01
     56950,      0.676925,CP0_start,   1,    0.0000000000E+00,    3.5465813997E+01,    3.5465813997E+01,    0.0000000000E+00,    0.0000000000E+00,    0.0000000000E+00,    3.5465813997E+01
     56950,      0.676925,CP1_after_deposition,   1,    0.0000000000E+00,    3.5465813997E+01,    3.5465813997E+01,    0.0000000000E+00,    0.0000000000E+00,    0.0000000000E+00,    3.5465813997E+01
     56950,      0.676925,CP2_after_erosion,   1,    0.0000000000E+00,    3.5465813997E+01,    3.5465813997E+01,    0.0000000000E+00,    0.0000000000E+00,    0.0000000000E+00,    3.5465813997E+01
     56950,      0.676925,CP3_after_update_bottom,   1,    0.0000000000E+00,    3.5465813997E+01,    3.5465813997E+01,    0.0000000000E+00,    0.0000000000E+00,    0.0000000000E+00,    3.5465813997E+01
     56950,      0.676925,CP4_after_advection,   1,    0.0000000000E+00,    3.5467922577E+01,    3.5467922577E+01,    0.0000000000E+00,    0.0000000000E+00,    0.0000000000E+00,    3.5467922577E+01
     56950,      0.676925,CP5_after_vdif,   1,    0.0000000000E+00,    3.5467922577E+01,    3.5467922577E+01,    0.0000000000E+00,    0.0000000000E+00,    0.0000000000E+00,    3.5467922577E+01
     56950,      0.676925,CP6_after_kinetics,   1,    0.0000000000E+00,    3.5467922577E+01,    3.5467922577E+01,    0.0000000000E+00,    0.0000000000E+00,    0.0000000000E+00,    3.5467922577E+01
     56950,      0.676925,CP7_after_upper_clamp,   1,    0.0000000000E+00,    3.5467922577E+01,    3.5467922577E+01,    0.0000000000E+00,    0.0000000000E+00,    0.0000000000E+00,    3.5467922577E+01
     56950,      0.676925,CP8_after_OBC,   1,    0.0000000000E+00,    3.5467922577E+01,    3.5467922577E+01,    0.0000000000E+00,    0.0000000000E+00,    0.0000000000E+00,    3.5467922577E+01
     56950,      0.676925,CP9_after_PTsource,   1,    0.0000000000E+00,    3.5467922577E+01,    3.5467922577E+01,    0.0000000000E+00,    0.0000000000E+00,    0.0000000000E+00,    3.5467922577E+01
     56950,      0.676925,CP10_after_neg_clamp,   1,    0.0000000000E+00,    3.5467922577E+01,    3.5467922577E+01,    0.0000000000E+00,    0.0000000000E+00,    0.0000000000E+00,    3.5467922577E+01
     56950,      0.676925,CP11_after_MPI,   1,    0.0000000000E+00,    3.5467922577E+01,    3.5467922577E+01,    0.0000000000E+00,    0.0000000000E+00,    0.0000000000E+00,    3.5467922577E+01
     56950,      0.676925,CP12_end,   1,    0.0000000000E+00,    3.5467922577E+01,    3.5467922577E+01,    0.0000000000E+00,    0.0000000000E+00,    0.0000000000E+00,    3.5467922577E+01
     57000,      0.676925,CP0_start,   1,    0.0000000000E+00,    3.5523624638E+01,    3.5523624638E+01,    0.0000000000E+00,    0.0000000000E+00,    0.0000000000E+00,    3.5523624638E+01
     57000,      0.676925,CP1_after_deposition,   1,    0.0000000000E+00,    3.5523624638E+01,    3.5523624638E+01,    0.0000000000E+00,    0.0000000000E+00,    0.0000000000E+00,    3.5523624638E+01
     57000,      0.676925,CP2_after_erosion,   1,    0.0000000000E+00,    3.5523624638E+01,    3.5523624638E+01,    0.0000000000E+00,    0.0000000000E+00,    0.0000000000E+00,    3.5523624638E+01
     57000,      0.676925,CP3_after_update_bottom,   1,    0.0000000000E+00,    3.5523624638E+01,    3.5523624638E+01,    0.0000000000E+00,    0.0000000000E+00,    0.0000000000E+00,    3.5523624638E+01
     57000,      0.676925,CP4_after_advection,   1,    0.0000000000E+00,    3.5525730307E+01,    3.5525730307E+01,    0.0000000000E+00,    0.0000000000E+00,    0.0000000000E+00,    3.5525730307E+01
     57000,      0.676925,CP5_after_vdif,   1,    0.0000000000E+00,    3.5525730307E+01,    3.5525730307E+01,    0.0000000000E+00,    0.0000000000E+00,    0.0000000000E+00,    3.5525730307E+01
     57000,      0.676925,CP6_after_kinetics,   1,    0.0000000000E+00,    3.5525730307E+01,    3.5525730307E+01,    0.0000000000E+00,    0.0000000000E+00,    0.0000000000E+00,    3.5525730307E+01
     57000,      0.676925,CP7_after_upper_clamp,   1,    0.0000000000E+00,    3.5525730307E+01,    3.5525730307E+01,    0.0000000000E+00,    0.0000000000E+00,    0.0000000000E+00,    3.5525730307E+01
     57000,      0.676925,CP8_after_OBC,   1,    0.0000000000E+00,    3.5525730307E+01,    3.5525730307E+01,    0.0000000000E+00,    0.0000000000E+00,    0.0000000000E+00,    3.5525730307E+01
     57000,      0.676925,CP9_after_PTsource,   1,    0.0000000000E+00,    3.5525730307E+01,    3.5525730307E+01,    0.0000000000E+00,    0.0000000000E+00,    0.0000000000E+00,    3.5525730307E+01
     57000,      0.676925,CP10_after_neg_clamp,   1,    0.0000000000E+00,    3.5525730307E+01,    3.5525730307E+01,    0.0000000000E+00,    0.0000000000E+00,    0.0000000000E+00,    3.5525730307E+01
     57000,      0.676925,CP11_after_MPI,   1,    0.0000000000E+00,    3.5525730307E+01,    3.5525730307E+01,    0.0000000000E+00,    0.0000000000E+00,    0.0000000000E+00,    3.5525730307E+01
     57000,      0.676925,CP12_end,   1,    0.0000000000E+00,    3.5525730307E+01,    3.5525730307E+01,    0.0000000000E+00,    0.0000000000E+00,    0.0000000000E+00,    3.5525730307E+01
     57050,      0.676925,CP0_start,   1,    0.0000000000E+00,    3.5581447651E+01,    3.5581447651E+01,    0.0000000000E+00,    0.0000000000E+00,    0.0000000000E+00,    3.5581447651E+01
     57050,      0.676925,CP1_after_deposition,   1,    0.0000000000E+00,    3.5581447651E+01,    3.5581447651E+01,    0.0000000000E+00,    0.0000000000E+00,    0.0000000000E+00,    3.5581447651E+01
     57050,      0.676925,CP2_after_erosion,   1,    0.0000000000E+00,    3.5581447651E+01,    3.5581447651E+01,    0.0000000000E+00,    0.0000000000E+00,    0.0000000000E+00,    3.5581447651E+01
     57050,      0.676925,CP3_after_update_bottom,   1,    0.0000000000E+00,    3.5581447651E+01,    3.5581447651E+01,    0.0000000000E+00,    0.0000000000E+00,    0.0000000000E+00,    3.5581447651E+01
     57050,      0.676925,CP4_after_advection,   1,    0.0000000000E+00,    3.5583547801E+01,    3.5583547801E+01,    0.0000000000E+00,    0.0000000000E+00,    0.0000000000E+00,    3.5583547801E+01
     57050,      0.676925,CP5_after_vdif,   1,    0.0000000000E+00,    3.5583547801E+01,    3.5583547801E+01,    0.0000000000E+00,    0.0000000000E+00,    0.0000000000E+00,    3.5583547801E+01
     57050,      0.676925,CP6_after_kinetics,   1,    0.0000000000E+00,    3.5583547801E+01,    3.5583547801E+01,    0.0000000000E+00,    0.0000000000E+00,    0.0000000000E+00,    3.5583547801E+01
     57050,      0.676925,CP7_after_upper_clamp,   1,    0.0000000000E+00,    3.5583547801E+01,    3.5583547801E+01,    0.0000000000E+00,    0.0000000000E+00,    0.0000000000E+00,    3.5583547801E+01
     57050,      0.676925,CP8_after_OBC,   1,    0.0000000000E+00,    3.5583547801E+01,    3.5583547801E+01,    0.0000000000E+00,    0.0000000000E+00,    0.0000000000E+00,    3.5583547801E+01
     57050,      0.676925,CP9_after_PTsource,   1,    0.0000000000E+00,    3.5583547801E+01,    3.5583547801E+01,    0.0000000000E+00,    0.0000000000E+00,    0.0000000000E+00,    3.5583547801E+01
     57050,      0.676925,CP10_after_neg_clamp,   1,    0.0000000000E+00,    3.5583547801E+01,    3.5583547801E+01,    0.0000000000E+00,    0.0000000000E+00,    0.0000000000E+00,    3.5583547801E+01
     57050,      0.676925,CP11_after_MPI,   1,    0.0000000000E+00,    3.5583547801E+01,    3.5583547801E+01,    0.0000000000E+00,    0.0000000000E+00,    0.0000000000E+00,    3.5583547801E+01
     57050,      0.676925,CP12_end,   1,    0.0000000000E+00,    3.5583547801E+01,    3.5583547801E+01,    0.0000000000E+00,    0.0000000000E+00,    0.0000000000E+00,    3.5583547801E+01
     57100,      0.676925,CP0_start,   1,    0.0000000000E+00,    3.5639205489E+01,    3.5639205489E+01,    0.0000000000E+00,    0.0000000000E+00,    0.0000000000E+00,    3.5639205489E+01
     57100,      0.676925,CP1_after_deposition,   1,    0.0000000000E+00,    3.5639205489E+01,    3.5639205489E+01,    0.0000000000E+00,    0.0000000000E+00,    0.0000000000E+00,    3.5639205489E+01
     57100,      0.676925,CP2_after_erosion,   1,    0.0000000000E+00,    3.5639205489E+01,    3.5639205489E+01,    0.0000000000E+00,    0.0000000000E+00,    0.0000000000E+00,    3.5639205489E+01
     57100,      0.676925,CP3_after_update_bottom,   1,    0.0000000000E+00,    3.5639205489E+01,    3.5639205489E+01,    0.0000000000E+00,    0.0000000000E+00,    0.0000000000E+00,    3.5639205489E+01
     57100,      0.676925,CP4_after_advection,   1,    0.0000000000E+00,    3.5641300542E+01,    3.5641300542E+01,    0.0000000000E+00,    0.0000000000E+00,    0.0000000000E+00,    3.5641300542E+01
     57100,      0.676925,CP5_after_vdif,   1,    0.0000000000E+00,    3.5641300542E+01,    3.5641300542E+01,    0.0000000000E+00,    0.0000000000E+00,    0.0000000000E+00,    3.5641300542E+01
     57100,      0.676925,CP6_after_kinetics,   1,    0.0000000000E+00,    3.5641300542E+01,    3.5641300542E+01,    0.0000000000E+00,    0.0000000000E+00,    0.0000000000E+00,    3.5641300542E+01
     57100,      0.676925,CP7_after_upper_clamp,   1,    0.0000000000E+00,    3.5641300542E+01,    3.5641300542E+01,    0.0000000000E+00,    0.0000000000E+00,    0.0000000000E+00,    3.5641300542E+01
     57100,      0.676925,CP8_after_OBC,   1,    0.0000000000E+00,    3.5641300542E+01,    3.5641300542E+01,    0.0000000000E+00,    0.0000000000E+00,    0.0000000000E+00,    3.5641300542E+01
     57100,      0.676925,CP9_after_PTsource,   1,    0.0000000000E+00,    3.5641300542E+01,    3.5641300542E+01,    0.0000000000E+00,    0.0000000000E+00,    0.0000000000E+00,    3.5641300542E+01
     57100,      0.676925,CP10_after_neg_clamp,   1,    0.0000000000E+00,    3.5641300542E+01,    3.5641300542E+01,    0.0000000000E+00,    0.0000000000E+00,    0.0000000000E+00,    3.5641300542E+01
     57100,      0.676925,CP11_after_MPI,   1,    0.0000000000E+00,    3.5641300542E+01,    3.5641300542E+01,    0.0000000000E+00,    0.0000000000E+00,    0.0000000000E+00,    3.5641300542E+01
     57100,      0.676925,CP12_end,   1,    0.0000000000E+00,    3.5641300542E+01,    3.5641300542E+01,    0.0000000000E+00,    0.0000000000E+00,    0.0000000000E+00,    3.5641300542E+01
     57150,      0.676925,CP0_start,   1,    0.0000000000E+00,    3.5696905301E+01,    3.5696905301E+01,    0.0000000000E+00,    0.0000000000E+00,    0.0000000000E+00,    3.5696905301E+01
     57150,      0.676925,CP1_after_deposition,   1,    0.0000000000E+00,    3.5696905301E+01,    3.5696905301E+01,    0.0000000000E+00,    0.0000000000E+00,    0.0000000000E+00,    3.5696905301E+01
     57150,      0.676925,CP2_after_erosion,   1,    0.0000000000E+00,    3.5696905301E+01,    3.5696905301E+01,    0.0000000000E+00,    0.0000000000E+00,    0.0000000000E+00,    3.5696905301E+01
     57150,      0.676925,CP3_after_update_bottom,   1,    0.0000000000E+00,    3.5696905301E+01,    3.5696905301E+01,    0.0000000000E+00,    0.0000000000E+00,    0.0000000000E+00,    3.5696905301E+01
     57150,      0.676925,CP4_after_advection,   1,    0.0000000000E+00,    3.5698997439E+01,    3.5698997439E+01,    0.0000000000E+00,    0.0000000000E+00,    0.0000000000E+00,    3.5698997439E+01
     57150,      0.676925,CP5_after_vdif,   1,    0.0000000000E+00,    3.5698997439E+01,    3.5698997439E+01,    0.0000000000E+00,    0.0000000000E+00,    0.0000000000E+00,    3.5698997439E+01
     57150,      0.676925,CP6_after_kinetics,   1,    0.0000000000E+00,    3.5698997439E+01,    3.5698997439E+01,    0.0000000000E+00,    0.0000000000E+00,    0.0000000000E+00,    3.5698997439E+01
     57150,      0.676925,CP7_after_upper_clamp,   1,    0.0000000000E+00,    3.5698997439E+01,    3.5698997439E+01,    0.0000000000E+00,    0.0000000000E+00,    0.0000000000E+00,    3.5698997439E+01
     57150,      0.676925,CP8_after_OBC,   1,    0.0000000000E+00,    3.5698997439E+01,    3.5698997439E+01,    0.0000000000E+00,    0.0000000000E+00,    0.0000000000E+00,    3.5698997439E+01
     57150,      0.676925,CP9_after_PTsource,   1,    0.0000000000E+00,    3.5698997439E+01,    3.5698997439E+01,    0.0000000000E+00,    0.0000000000E+00,    0.0000000000E+00,    3.5698997439E+01
     57150,      0.676925,CP10_after_neg_clamp,   1,    0.0000000000E+00,    3.5698997439E+01,    3.5698997439E+01,    0.0000000000E+00,    0.0000000000E+00,    0.0000000000E+00,    3.5698997439E+01
     57150,      0.676925,CP11_after_MPI,   1,    0.0000000000E+00,    3.5698997439E+01,    3.5698997439E+01,    0.0000000000E+00,    0.0000000000E+00,    0.0000000000E+00,    3.5698997439E+01
     57150,      0.676925,CP12_end,   1,    0.0000000000E+00,    3.5698997439E+01,    3.5698997439E+01,    0.0000000000E+00,    0.0000000000E+00,    0.0000000000E+00,    3.5698997439E+01
     57200,      0.676925,CP0_start,   1,    0.0000000000E+00,    3.5754602615E+01,    3.5754602615E+01,    0.0000000000E+00,    0.0000000000E+00,    0.0000000000E+00,    3.5754602615E+01
     57200,      0.676925,CP1_after_deposition,   1,    0.0000000000E+00,    3.5754602615E+01,    3.5754602615E+01,    0.0000000000E+00,    0.0000000000E+00,    0.0000000000E+00,    3.5754602615E+01
     57200,      0.676925,CP2_after_erosion,   1,    0.0000000000E+00,    3.5754602615E+01,    3.5754602615E+01,    0.0000000000E+00,    0.0000000000E+00,    0.0000000000E+00,    3.5754602615E+01
     57200,      0.676925,CP3_after_update_bottom,   1,    0.0000000000E+00,    3.5754602615E+01,    3.5754602615E+01,    0.0000000000E+00,    0.0000000000E+00,    0.0000000000E+00,    3.5754602615E+01
     57200,      0.676925,CP4_after_advection,   1,    0.0000000000E+00,    3.5756689053E+01,    3.5756689053E+01,    0.0000000000E+00,    0.0000000000E+00,    0.0000000000E+00,    3.5756689053E+01
     57200,      0.676925,CP5_after_vdif,   1,    0.0000000000E+00,    3.5756689053E+01,    3.5756689053E+01,    0.0000000000E+00,    0.0000000000E+00,    0.0000000000E+00,    3.5756689053E+01
     57200,      0.676925,CP6_after_kinetics,   1,    0.0000000000E+00,    3.5756689053E+01,    3.5756689053E+01,    0.0000000000E+00,    0.0000000000E+00,    0.0000000000E+00,    3.5756689053E+01
     57200,      0.676925,CP7_after_upper_clamp,   1,    0.0000000000E+00,    3.5756689053E+01,    3.5756689053E+01,    0.0000000000E+00,    0.0000000000E+00,    0.0000000000E+00,    3.5756689053E+01
     57200,      0.676925,CP8_after_OBC,   1,    0.0000000000E+00,    3.5756689053E+01,    3.5756689053E+01,    0.0000000000E+00,    0.0000000000E+00,    0.0000000000E+00,    3.5756689053E+01
     57200,      0.676925,CP9_after_PTsource,   1,    0.0000000000E+00,    3.5756689053E+01,    3.5756689053E+01,    0.0000000000E+00,    0.0000000000E+00,    0.0000000000E+00,    3.5756689053E+01
     57200,      0.676925,CP10_after_neg_clamp,   1,    0.0000000000E+00,    3.5756689053E+01,    3.5756689053E+01,    0.0000000000E+00,    0.0000000000E+00,    0.0000000000E+00,    3.5756689053E+01
     57200,      0.676925,CP11_after_MPI,   1,    0.0000000000E+00,    3.5756689053E+01,    3.5756689053E+01,    0.0000000000E+00,    0.0000000000E+00,    0.0000000000E+00,    3.5756689053E+01
     57200,      0.676925,CP12_end,   1,    0.0000000000E+00,    3.5756689053E+01,    3.5756689053E+01,    0.0000000000E+00,    0.0000000000E+00,    0.0000000000E+00,    3.5756689053E+01
     57250,      0.676925,CP0_start,   1,    0.0000000000E+00,    3.5812298982E+01,    3.5812298982E+01,    0.0000000000E+00,    0.0000000000E+00,    0.0000000000E+00,    3.5812298982E+01
     57250,      0.676925,CP1_after_deposition,   1,    0.0000000000E+00,    3.5812298982E+01,    3.5812298982E+01,    0.0000000000E+00,    0.0000000000E+00,    0.0000000000E+00,    3.5812298982E+01
     57250,      0.676925,CP2_after_erosion,   1,    0.0000000000E+00,    3.5812298982E+01,    3.5812298982E+01,    0.0000000000E+00,    0.0000000000E+00,    0.0000000000E+00,    3.5812298982E+01
     57250,      0.676925,CP3_after_update_bottom,   1,    0.0000000000E+00,    3.5812298982E+01,    3.5812298982E+01,    0.0000000000E+00,    0.0000000000E+00,    0.0000000000E+00,    3.5812298982E+01
     57250,      0.676925,CP4_after_advection,   1,    0.0000000000E+00,    3.5814381753E+01,    3.5814381753E+01,    0.0000000000E+00,    0.0000000000E+00,    0.0000000000E+00,    3.5814381753E+01
     57250,      0.676925,CP5_after_vdif,   1,    0.0000000000E+00,    3.5814381753E+01,    3.5814381753E+01,    0.0000000000E+00,    0.0000000000E+00,    0.0000000000E+00,    3.5814381753E+01
     57250,      0.676925,CP6_after_kinetics,   1,    0.0000000000E+00,    3.5814381753E+01,    3.5814381753E+01,    0.0000000000E+00,    0.0000000000E+00,    0.0000000000E+00,    3.5814381753E+01
     57250,      0.676925,CP7_after_upper_clamp,   1,    0.0000000000E+00,    3.5814381753E+01,    3.5814381753E+01,    0.0000000000E+00,    0.0000000000E+00,    0.0000000000E+00,    3.5814381753E+01
     57250,      0.676925,CP8_after_OBC,   1,    0.0000000000E+00,    3.5814381753E+01,    3.5814381753E+01,    0.0000000000E+00,    0.0000000000E+00,    0.0000000000E+00,    3.5814381753E+01
     57250,      0.676925,CP9_after_PTsource,   1,    0.0000000000E+00,    3.5814381753E+01,    3.5814381753E+01,    0.0000000000E+00,    0.0000000000E+00,    0.0000000000E+00,    3.5814381753E+01
     57250,      0.676925,CP10_after_neg_clamp,   1,    0.0000000000E+00,    3.5814381753E+01,    3.5814381753E+01,    0.0000000000E+00,    0.0000000000E+00,    0.0000000000E+00,    3.5814381753E+01
     57250,      0.676925,CP11_after_MPI,   1,    0.0000000000E+00,    3.5814381753E+01,    3.5814381753E+01,    0.0000000000E+00,    0.0000000000E+00,    0.0000000000E+00,    3.5814381753E+01
     57250,      0.676925,CP12_end,   1,    0.0000000000E+00,    3.5814381753E+01,    3.5814381753E+01,    0.0000000000E+00,    0.0000000000E+00,    0.0000000000E+00,    3.5814381753E+01
     57300,      0.676925,CP0_start,   1,    0.0000000000E+00,    3.5869979369E+01,    3.5869979369E+01,    0.0000000000E+00,    0.0000000000E+00,    0.0000000000E+00,    3.5869979369E+01
     57300,      0.676925,CP1_after_deposition,   1,    0.0000000000E+00,    3.5869979369E+01,    3.5869979369E+01,    0.0000000000E+00,    0.0000000000E+00,    0.0000000000E+00,    3.5869979369E+01
     57300,      0.676925,CP2_after_erosion,   1,    0.0000000000E+00,    3.5869979369E+01,    3.5869979369E+01,    0.0000000000E+00,    0.0000000000E+00,    0.0000000000E+00,    3.5869979369E+01
     57300,      0.676925,CP3_after_update_bottom,   1,    0.0000000000E+00,    3.5869979369E+01,    3.5869979369E+01,    0.0000000000E+00,    0.0000000000E+00,    0.0000000000E+00,    3.5869979369E+01
     57300,      0.676925,CP4_after_advection,   1,    0.0000000000E+00,    3.5872056264E+01,    3.5872056264E+01,    0.0000000000E+00,    0.0000000000E+00,    0.0000000000E+00,    3.5872056264E+01
     57300,      0.676925,CP5_after_vdif,   1,    0.0000000000E+00,    3.5872056264E+01,    3.5872056264E+01,    0.0000000000E+00,    0.0000000000E+00,    0.0000000000E+00,    3.5872056264E+01
     57300,      0.676925,CP6_after_kinetics,   1,    0.0000000000E+00,    3.5872056264E+01,    3.5872056264E+01,    0.0000000000E+00,    0.0000000000E+00,    0.0000000000E+00,    3.5872056264E+01
     57300,      0.676925,CP7_after_upper_clamp,   1,    0.0000000000E+00,    3.5872056264E+01,    3.5872056264E+01,    0.0000000000E+00,    0.0000000000E+00,    0.0000000000E+00,    3.5872056264E+01
     57300,      0.676925,CP8_after_OBC,   1,    0.0000000000E+00,    3.5872056264E+01,    3.5872056264E+01,    0.0000000000E+00,    0.0000000000E+00,    0.0000000000E+00,    3.5872056264E+01
     57300,      0.676925,CP9_after_PTsource,   1,    0.0000000000E+00,    3.5872056264E+01,    3.5872056264E+01,    0.0000000000E+00,    0.0000000000E+00,    0.0000000000E+00,    3.5872056264E+01
     57300,      0.676925,CP10_after_neg_clamp,   1,    0.0000000000E+00,    3.5872056264E+01,    3.5872056264E+01,    0.0000000000E+00,    0.0000000000E+00,    0.0000000000E+00,    3.5872056264E+01
     57300,      0.676925,CP11_after_MPI,   1,    0.0000000000E+00,    3.5872056264E+01,    3.5872056264E+01,    0.0000000000E+00,    0.0000000000E+00,    0.0000000000E+00,    3.5872056264E+01
     57300,      0.676925,CP12_end,   1,    0.0000000000E+00,    3.5872056264E+01,    3.5872056264E+01,    0.0000000000E+00,    0.0000000000E+00,    0.0000000000E+00,    3.5872056264E+01
     57350,      0.676925,CP0_start,   1,    0.0000000000E+00,    3.5927639837E+01,    3.5927639837E+01,    0.0000000000E+00,    0.0000000000E+00,    0.0000000000E+00,    3.5927639837E+01
     57350,      0.676925,CP1_after_deposition,   1,    0.0000000000E+00,    3.5927639837E+01,    3.5927639837E+01,    0.0000000000E+00,    0.0000000000E+00,    0.0000000000E+00,    3.5927639837E+01
     57350,      0.676925,CP2_after_erosion,   1,    0.0000000000E+00,    3.5927639837E+01,    3.5927639837E+01,    0.0000000000E+00,    0.0000000000E+00,    0.0000000000E+00,    3.5927639837E+01
     57350,      0.676925,CP3_after_update_bottom,   1,    0.0000000000E+00,    3.5927639837E+01,    3.5927639837E+01,    0.0000000000E+00,    0.0000000000E+00,    0.0000000000E+00,    3.5927639837E+01
     57350,      0.676925,CP4_after_advection,   1,    0.0000000000E+00,    3.5929712470E+01,    3.5929712470E+01,    0.0000000000E+00,    0.0000000000E+00,    0.0000000000E+00,    3.5929712470E+01
     57350,      0.676925,CP5_after_vdif,   1,    0.0000000000E+00,    3.5929712470E+01,    3.5929712470E+01,    0.0000000000E+00,    0.0000000000E+00,    0.0000000000E+00,    3.5929712470E+01
     57350,      0.676925,CP6_after_kinetics,   1,    0.0000000000E+00,    3.5929712470E+01,    3.5929712470E+01,    0.0000000000E+00,    0.0000000000E+00,    0.0000000000E+00,    3.5929712470E+01
     57350,      0.676925,CP7_after_upper_clamp,   1,    0.0000000000E+00,    3.5929712470E+01,    3.5929712470E+01,    0.0000000000E+00,    0.0000000000E+00,    0.0000000000E+00,    3.5929712470E+01
     57350,      0.676925,CP8_after_OBC,   1,    0.0000000000E+00,    3.5929712470E+01,    3.5929712470E+01,    0.0000000000E+00,    0.0000000000E+00,    0.0000000000E+00,    3.5929712470E+01
     57350,      0.676925,CP9_after_PTsource,   1,    0.0000000000E+00,    3.5929712470E+01,    3.5929712470E+01,    0.0000000000E+00,    0.0000000000E+00,    0.0000000000E+00,    3.5929712470E+01
     57350,      0.676925,CP10_after_neg_clamp,   1,    0.0000000000E+00,    3.5929712470E+01,    3.5929712470E+01,    0.0000000000E+00,    0.0000000000E+00,    0.0000000000E+00,    3.5929712470E+01
     57350,      0.676925,CP11_after_MPI,   1,    0.0000000000E+00,    3.5929712470E+01,    3.5929712470E+01,    0.0000000000E+00,    0.0000000000E+00,    0.0000000000E+00,    3.5929712470E+01
     57350,      0.676925,CP12_end,   1,    0.0000000000E+00,    3.5929712470E+01,    3.5929712470E+01,    0.0000000000E+00,    0.0000000000E+00,    0.0000000000E+00,    3.5929712470E+01
     57400,      0.676925,CP0_start,   1,    0.0000000000E+00,    3.5985293841E+01,    3.5985293841E+01,    0.0000000000E+00,    0.0000000000E+00,    0.0000000000E+00,    3.5985293841E+01
     57400,      0.676925,CP1_after_deposition,   1,    0.0000000000E+00,    3.5985293841E+01,    3.5985293841E+01,    0.0000000000E+00,    0.0000000000E+00,    0.0000000000E+00,    3.5985293841E+01
     57400,      0.676925,CP2_after_erosion,   1,    0.0000000000E+00,    3.5985293841E+01,    3.5985293841E+01,    0.0000000000E+00,    0.0000000000E+00,    0.0000000000E+00,    3.5985293841E+01
     57400,      0.676925,CP3_after_update_bottom,   1,    0.0000000000E+00,    3.5985293841E+01,    3.5985293841E+01,    0.0000000000E+00,    0.0000000000E+00,    0.0000000000E+00,    3.5985293841E+01
     57400,      0.676925,CP4_after_advection,   1,    0.0000000000E+00,    3.5987359844E+01,    3.5987359844E+01,    0.0000000000E+00,    0.0000000000E+00,    0.0000000000E+00,    3.5987359844E+01
     57400,      0.676925,CP5_after_vdif,   1,    0.0000000000E+00,    3.5987359844E+01,    3.5987359844E+01,    0.0000000000E+00,    0.0000000000E+00,    0.0000000000E+00,    3.5987359844E+01
     57400,      0.676925,CP6_after_kinetics,   1,    0.0000000000E+00,    3.5987359844E+01,    3.5987359844E+01,    0.0000000000E+00,    0.0000000000E+00,    0.0000000000E+00,    3.5987359844E+01
     57400,      0.676925,CP7_after_upper_clamp,   1,    0.0000000000E+00,    3.5987359844E+01,    3.5987359844E+01,    0.0000000000E+00,    0.0000000000E+00,    0.0000000000E+00,    3.5987359844E+01
     57400,      0.676925,CP8_after_OBC,   1,    0.0000000000E+00,    3.5987359844E+01,    3.5987359844E+01,    0.0000000000E+00,    0.0000000000E+00,    0.0000000000E+00,    3.5987359844E+01
     57400,      0.676925,CP9_after_PTsource,   1,    0.0000000000E+00,    3.5987359844E+01,    3.5987359844E+01,    0.0000000000E+00,    0.0000000000E+00,    0.0000000000E+00,    3.5987359844E+01
     57400,      0.676925,CP10_after_neg_clamp,   1,    0.0000000000E+00,    3.5987359844E+01,    3.5987359844E+01,    0.0000000000E+00,    0.0000000000E+00,    0.0000000000E+00,    3.5987359844E+01
     57400,      0.676925,CP11_after_MPI,   1,    0.0000000000E+00,    3.5987359844E+01,    3.5987359844E+01,    0.0000000000E+00,    0.0000000000E+00,    0.0000000000E+00,    3.5987359844E+01
     57400,      0.676925,CP12_end,   1,    0.0000000000E+00,    3.5987359844E+01,    3.5987359844E+01,    0.0000000000E+00,    0.0000000000E+00,    0.0000000000E+00,    3.5987359844E+01
     57450,      0.676925,CP0_start,   1,    0.0000000000E+00,    3.6042999072E+01,    3.6042999072E+01,    0.0000000000E+00,    0.0000000000E+00,    0.0000000000E+00,    3.6042999072E+01
     57450,      0.676925,CP1_after_deposition,   1,    0.0000000000E+00,    3.6042999072E+01,    3.6042999072E+01,    0.0000000000E+00,    0.0000000000E+00,    0.0000000000E+00,    3.6042999072E+01
     57450,      0.676925,CP2_after_erosion,   1,    0.0000000000E+00,    3.6042999072E+01,    3.6042999072E+01,    0.0000000000E+00,    0.0000000000E+00,    0.0000000000E+00,    3.6042999072E+01
     57450,      0.676925,CP3_after_update_bottom,   1,    0.0000000000E+00,    3.6042999072E+01,    3.6042999072E+01,    0.0000000000E+00,    0.0000000000E+00,    0.0000000000E+00,    3.6042999072E+01
     57450,      0.676925,CP4_after_advection,   1,    0.0000000000E+00,    3.6045062657E+01,    3.6045062657E+01,    0.0000000000E+00,    0.0000000000E+00,    0.0000000000E+00,    3.6045062657E+01
     57450,      0.676925,CP5_after_vdif,   1,    0.0000000000E+00,    3.6045062657E+01,    3.6045062657E+01,    0.0000000000E+00,    0.0000000000E+00,    0.0000000000E+00,    3.6045062657E+01
     57450,      0.676925,CP6_after_kinetics,   1,    0.0000000000E+00,    3.6045062657E+01,    3.6045062657E+01,    0.0000000000E+00,    0.0000000000E+00,    0.0000000000E+00,    3.6045062657E+01
     57450,      0.676925,CP7_after_upper_clamp,   1,    0.0000000000E+00,    3.6045062657E+01,    3.6045062657E+01,    0.0000000000E+00,    0.0000000000E+00,    0.0000000000E+00,    3.6045062657E+01
     57450,      0.676925,CP8_after_OBC,   1,    0.0000000000E+00,    3.6045062657E+01,    3.6045062657E+01,    0.0000000000E+00,    0.0000000000E+00,    0.0000000000E+00,    3.6045062657E+01
     57450,      0.676925,CP9_after_PTsource,   1,    0.0000000000E+00,    3.6045062657E+01,    3.6045062657E+01,    0.0000000000E+00,    0.0000000000E+00,    0.0000000000E+00,    3.6045062657E+01
     57450,      0.676925,CP10_after_neg_clamp,   1,    0.0000000000E+00,    3.6045062657E+01,    3.6045062657E+01,    0.0000000000E+00,    0.0000000000E+00,    0.0000000000E+00,    3.6045062657E+01
     57450,      0.676925,CP11_after_MPI,   1,    0.0000000000E+00,    3.6045062657E+01,    3.6045062657E+01,    0.0000000000E+00,    0.0000000000E+00,    0.0000000000E+00,    3.6045062657E+01
     57450,      0.676925,CP12_end,   1,    0.0000000000E+00,    3.6045062657E+01,    3.6045062657E+01,    0.0000000000E+00,    0.0000000000E+00,    0.0000000000E+00,    3.6045062657E+01
     57500,      0.676925,CP0_start,   1,    0.0000000000E+00,    3.6100767608E+01,    3.6100767608E+01,    0.0000000000E+00,    0.0000000000E+00,    0.0000000000E+00,    3.6100767608E+01
     57500,      0.676925,CP1_after_deposition,   1,    0.0000000000E+00,    3.6100767608E+01,    3.6100767608E+01,    0.0000000000E+00,    0.0000000000E+00,    0.0000000000E+00,    3.6100767608E+01
     57500,      0.676925,CP2_after_erosion,   1,    0.0000000000E+00,    3.6100767608E+01,    3.6100767608E+01,    0.0000000000E+00,    0.0000000000E+00,    0.0000000000E+00,    3.6100767608E+01
     57500,      0.676925,CP3_after_update_bottom,   1,    0.0000000000E+00,    3.6100767608E+01,    3.6100767608E+01,    0.0000000000E+00,    0.0000000000E+00,    0.0000000000E+00,    3.6100767608E+01
     57500,      0.676925,CP4_after_advection,   1,    0.0000000000E+00,    3.6102826236E+01,    3.6102826236E+01,    0.0000000000E+00,    0.0000000000E+00,    0.0000000000E+00,    3.6102826236E+01
     57500,      0.676925,CP5_after_vdif,   1,    0.0000000000E+00,    3.6102826236E+01,    3.6102826236E+01,    0.0000000000E+00,    0.0000000000E+00,    0.0000000000E+00,    3.6102826236E+01
     57500,      0.676925,CP6_after_kinetics,   1,    0.0000000000E+00,    3.6102826236E+01,    3.6102826236E+01,    0.0000000000E+00,    0.0000000000E+00,    0.0000000000E+00,    3.6102826236E+01
     57500,      0.676925,CP7_after_upper_clamp,   1,    0.0000000000E+00,    3.6102826236E+01,    3.6102826236E+01,    0.0000000000E+00,    0.0000000000E+00,    0.0000000000E+00,    3.6102826236E+01
     57500,      0.676925,CP8_after_OBC,   1,    0.0000000000E+00,    3.6102826236E+01,    3.6102826236E+01,    0.0000000000E+00,    0.0000000000E+00,    0.0000000000E+00,    3.6102826236E+01
     57500,      0.676925,CP9_after_PTsource,   1,    0.0000000000E+00,    3.6102826236E+01,    3.6102826236E+01,    0.0000000000E+00,    0.0000000000E+00,    0.0000000000E+00,    3.6102826236E+01
     57500,      0.676925,CP10_after_neg_clamp,   1,    0.0000000000E+00,    3.6102826236E+01,    3.6102826236E+01,    0.0000000000E+00,    0.0000000000E+00,    0.0000000000E+00,    3.6102826236E+01
     57500,      0.676925,CP11_after_MPI,   1,    0.0000000000E+00,    3.6102826236E+01,    3.6102826236E+01,    0.0000000000E+00,    0.0000000000E+00,    0.0000000000E+00,    3.6102826236E+01
     57500,      0.676925,CP12_end,   1,    0.0000000000E+00,    3.6102826236E+01,    3.6102826236E+01,    0.0000000000E+00,    0.0000000000E+00,    0.0000000000E+00,    3.6102826236E+01
     57550,      0.676925,CP0_start,   1,    0.0000000000E+00,    3.6158585156E+01,    3.6158585156E+01,    0.0000000000E+00,    0.0000000000E+00,    0.0000000000E+00,    3.6158585156E+01
     57550,      0.676925,CP1_after_deposition,   1,    0.0000000000E+00,    3.6158585156E+01,    3.6158585156E+01,    0.0000000000E+00,    0.0000000000E+00,    0.0000000000E+00,    3.6158585156E+01
     57550,      0.676925,CP2_after_erosion,   1,    0.0000000000E+00,    3.6158585156E+01,    3.6158585156E+01,    0.0000000000E+00,    0.0000000000E+00,    0.0000000000E+00,    3.6158585156E+01
     57550,      0.676925,CP3_after_update_bottom,   1,    0.0000000000E+00,    3.6158585156E+01,    3.6158585156E+01,    0.0000000000E+00,    0.0000000000E+00,    0.0000000000E+00,    3.6158585156E+01
     57550,      0.676925,CP4_after_advection,   1,    0.0000000000E+00,    3.6160641329E+01,    3.6160641329E+01,    0.0000000000E+00,    0.0000000000E+00,    0.0000000000E+00,    3.6160641329E+01
     57550,      0.676925,CP5_after_vdif,   1,    0.0000000000E+00,    3.6160641329E+01,    3.6160641329E+01,    0.0000000000E+00,    0.0000000000E+00,    0.0000000000E+00,    3.6160641329E+01
     57550,      0.676925,CP6_after_kinetics,   1,    0.0000000000E+00,    3.6160641329E+01,    3.6160641329E+01,    0.0000000000E+00,    0.0000000000E+00,    0.0000000000E+00,    3.6160641329E+01
     57550,      0.676925,CP7_after_upper_clamp,   1,    0.0000000000E+00,    3.6160641329E+01,    3.6160641329E+01,    0.0000000000E+00,    0.0000000000E+00,    0.0000000000E+00,    3.6160641329E+01
     57550,      0.676925,CP8_after_OBC,   1,    0.0000000000E+00,    3.6160641329E+01,    3.6160641329E+01,    0.0000000000E+00,    0.0000000000E+00,    0.0000000000E+00,    3.6160641329E+01
     57550,      0.676925,CP9_after_PTsource,   1,    0.0000000000E+00,    3.6160641329E+01,    3.6160641329E+01,    0.0000000000E+00,    0.0000000000E+00,    0.0000000000E+00,    3.6160641329E+01
     57550,      0.676925,CP10_after_neg_clamp,   1,    0.0000000000E+00,    3.6160641329E+01,    3.6160641329E+01,    0.0000000000E+00,    0.0000000000E+00,    0.0000000000E+00,    3.6160641329E+01
     57550,      0.676925,CP11_after_MPI,   1,    0.0000000000E+00,    3.6160641329E+01,    3.6160641329E+01,    0.0000000000E+00,    0.0000000000E+00,    0.0000000000E+00,    3.6160641329E+01
     57550,      0.676925,CP12_end,   1,    0.0000000000E+00,    3.6160641329E+01,    3.6160641329E+01,    0.0000000000E+00,    0.0000000000E+00,    0.0000000000E+00,    3.6160641329E+01
     57600,      0.676925,CP0_start,   1,    0.0000000000E+00,    3.6216454393E+01,    3.6216454393E+01,    0.0000000000E+00,    0.0000000000E+00,    0.0000000000E+00,    3.6216454393E+01
     57600,      0.676925,CP1_after_deposition,   1,    0.0000000000E+00,    3.6216454393E+01,    3.6216454393E+01,    0.0000000000E+00,    0.0000000000E+00,    0.0000000000E+00,    3.6216454393E+01
     57600,      0.676925,CP2_after_erosion,   1,    0.0000000000E+00,    3.6216454393E+01,    3.6216454393E+01,    0.0000000000E+00,    0.0000000000E+00,    0.0000000000E+00,    3.6216454393E+01
     57600,      0.676925,CP3_after_update_bottom,   1,    0.0000000000E+00,    3.6216454393E+01,    3.6216454393E+01,    0.0000000000E+00,    0.0000000000E+00,    0.0000000000E+00,    3.6216454393E+01
     57600,      0.676925,CP4_after_advection,   1,    0.0000000000E+00,    3.6218506248E+01,    3.6218506248E+01,    0.0000000000E+00,    0.0000000000E+00,    0.0000000000E+00,    3.6218506248E+01
     57600,      0.676925,CP5_after_vdif,   1,    0.0000000000E+00,    3.6218506248E+01,    3.6218506248E+01,    0.0000000000E+00,    0.0000000000E+00,    0.0000000000E+00,    3.6218506248E+01
     57600,      0.676925,CP6_after_kinetics,   1,    0.0000000000E+00,    3.6218506248E+01,    3.6218506248E+01,    0.0000000000E+00,    0.0000000000E+00,    0.0000000000E+00,    3.6218506248E+01
     57600,      0.676925,CP7_after_upper_clamp,   1,    0.0000000000E+00,    3.6218506248E+01,    3.6218506248E+01,    0.0000000000E+00,    0.0000000000E+00,    0.0000000000E+00,    3.6218506248E+01
     57600,      0.676925,CP8_after_OBC,   1,    0.0000000000E+00,    3.6218506248E+01,    3.6218506248E+01,    0.0000000000E+00,    0.0000000000E+00,    0.0000000000E+00,    3.6218506248E+01
     57600,      0.676925,CP9_after_PTsource,   1,    0.0000000000E+00,    3.6218506248E+01,    3.6218506248E+01,    0.0000000000E+00,    0.0000000000E+00,    0.0000000000E+00,    3.6218506248E+01
     57600,      0.676925,CP10_after_neg_clamp,   1,    0.0000000000E+00,    3.6218506248E+01,    3.6218506248E+01,    0.0000000000E+00,    0.0000000000E+00,    0.0000000000E+00,    3.6218506248E+01
     57600,      0.676925,CP11_after_MPI,   1,    0.0000000000E+00,    3.6218506248E+01,    3.6218506248E+01,    0.0000000000E+00,    0.0000000000E+00,    0.0000000000E+00,    3.6218506248E+01
     57600,      0.676925,CP12_end,   1,    0.0000000000E+00,    3.6218506248E+01,    3.6218506248E+01,    0.0000000000E+00,    0.0000000000E+00,    0.0000000000E+00,    3.6218506248E+01
     57650,      0.676925,CP0_start,   1,    0.0000000000E+00,    3.6274437885E+01,    3.6274437885E+01,    0.0000000000E+00,    0.0000000000E+00,    0.0000000000E+00,    3.6274437885E+01
     57650,      0.676925,CP1_after_deposition,   1,    0.0000000000E+00,    3.6274437885E+01,    3.6274437885E+01,    0.0000000000E+00,    0.0000000000E+00,    0.0000000000E+00,    3.6274437885E+01
     57650,      0.676925,CP2_after_erosion,   1,                 NaN,                 NaN,                 NaN,    0.0000000000E+00,    0.0000000000E+00,    0.0000000000E+00,                 NaN
     57650,      0.676925,CP3_after_update_bottom,   1,                 NaN,                 NaN,                 NaN,    0.0000000000E+00,    0.0000000000E+00,    0.0000000000E+00,                 NaN
     57650,      0.676925,CP4_after_advection,   1,                 NaN,                 NaN,                 NaN,    0.0000000000E+00,    0.0000000000E+00,    0.0000000000E+00,                 NaN
     57650,      0.676925,CP5_after_vdif,   1,                 NaN,                 NaN,                 NaN,    0.0000000000E+00,    0.0000000000E+00,    0.0000000000E+00,                 NaN
     57650,      0.676925,CP6_after_kinetics,   1,                 NaN,                 NaN,                 NaN,    0.0000000000E+00,    0.0000000000E+00,    0.0000000000E+00,                 NaN
     57650,      0.676925,CP7_after_upper_clamp,   1,                 NaN,                 NaN,                 NaN,    0.0000000000E+00,    0.0000000000E+00,    0.0000000000E+00,                 NaN
     57650,      0.676925,CP8_after_OBC,   1,                 NaN,                 NaN,                 NaN,    0.0000000000E+00,    0.0000000000E+00,    0.0000000000E+00,                 NaN
     57650,      0.676925,CP9_after_PTsource,   1,                 NaN,                 NaN,                 NaN,    0.0000000000E+00,    0.0000000000E+00,    0.0000000000E+00,                 NaN
     57650,      0.676925,CP10_after_neg_clamp,   1,    0.0000000000E+00,    3.6276486208E+01,    3.6276486208E+01,    0.0000000000E+00,    0.0000000000E+00,    0.0000000000E+00,    3.6276486208E+01
     57650,      0.676925,CP11_after_MPI,   1,    0.0000000000E+00,    3.6276486208E+01,    3.6276486208E+01,    0.0000000000E+00,    0.0000000000E+00,    0.0000000000E+00,    3.6276486208E+01
     57650,      0.676925,CP12_end,   1,    0.0000000000E+00,    3.6276486208E+01,    3.6276486208E+01,    0.0000000000E+00,    0.0000000000E+00,    0.0000000000E+00,    3.6276486208E+01
     57700,      0.676925,CP0_start,   1,    0.0000000000E+00,    3.6332521617E+01,    3.6332521617E+01,    0.0000000000E+00,    0.0000000000E+00,    0.0000000000E+00,    3.6332521617E+01
     57700,      0.676925,CP1_after_deposition,   1,    0.0000000000E+00,    3.6332521617E+01,    3.6332521617E+01,    0.0000000000E+00,    0.0000000000E+00,    0.0000000000E+00,    3.6332521617E+01
     57700,      0.676925,CP2_after_erosion,   1,    0.0000000000E+00,    3.6332521617E+01,    3.6332521617E+01,    0.0000000000E+00,    0.0000000000E+00,    0.0000000000E+00,    3.6332521617E+01
     57700,      0.676925,CP3_after_update_bottom,   1,    0.0000000000E+00,    3.6332521617E+01,    3.6332521617E+01,    0.0000000000E+00,    0.0000000000E+00,    0.0000000000E+00,    3.6332521617E+01
     57700,      0.676925,CP4_after_advection,   1,    0.0000000000E+00,    3.6334567982E+01,    3.6334567982E+01,    0.0000000000E+00,    0.0000000000E+00,    0.0000000000E+00,    3.6334567982E+01
     57700,      0.676925,CP5_after_vdif,   1,    0.0000000000E+00,    3.6334567982E+01,    3.6334567982E+01,    0.0000000000E+00,    0.0000000000E+00,    0.0000000000E+00,    3.6334567982E+01
     57700,      0.676925,CP6_after_kinetics,   1,    0.0000000000E+00,    3.6334567982E+01,    3.6334567982E+01,    0.0000000000E+00,    0.0000000000E+00,    0.0000000000E+00,    3.6334567982E+01
     57700,      0.676925,CP7_after_upper_clamp,   1,    0.0000000000E+00,    3.6334567982E+01,    3.6334567982E+01,    0.0000000000E+00,    0.0000000000E+00,    0.0000000000E+00,    3.6334567982E+01
     57700,      0.676925,CP8_after_OBC,   1,    0.0000000000E+00,    3.6334567982E+01,    3.6334567982E+01,    0.0000000000E+00,    0.0000000000E+00,    0.0000000000E+00,    3.6334567982E+01
     57700,      0.676925,CP9_after_PTsource,   1,    0.0000000000E+00,    3.6334567982E+01,    3.6334567982E+01,    0.0000000000E+00,    0.0000000000E+00,    0.0000000000E+00,    3.6334567982E+01
     57700,      0.676925,CP10_after_neg_clamp,   1,    0.0000000000E+00,    3.6334567982E+01,    3.6334567982E+01,    0.0000000000E+00,    0.0000000000E+00,    0.0000000000E+00,    3.6334567982E+01
     57700,      0.676925,CP11_after_MPI,   1,    0.0000000000E+00,    3.6334567982E+01,    3.6334567982E+01,    0.0000000000E+00,    0.0000000000E+00,    0.0000000000E+00,    3.6334567982E+01
     57700,      0.676925,CP12_end,   1,    0.0000000000E+00,    3.6334567982E+01,    3.6334567982E+01,    0.0000000000E+00,    0.0000000000E+00,    0.0000000000E+00,    3.6334567982E+01
     57750,      0.676925,CP0_start,   1,    0.0000000000E+00,    3.6390714813E+01,    3.6390714813E+01,    0.0000000000E+00,    0.0000000000E+00,    0.0000000000E+00,    3.6390714813E+01
     57750,      0.676925,CP1_after_deposition,   1,    0.0000000000E+00,    3.6390714813E+01,    3.6390714813E+01,    0.0000000000E+00,    0.0000000000E+00,    0.0000000000E+00,    3.6390714813E+01
     57750,      0.676925,CP2_after_erosion,   1,    0.0000000000E+00,    3.6390714813E+01,    3.6390714813E+01,    0.0000000000E+00,    0.0000000000E+00,    0.0000000000E+00,    3.6390714813E+01
     57750,      0.676925,CP3_after_update_bottom,   1,    0.0000000000E+00,    3.6390714813E+01,    3.6390714813E+01,    0.0000000000E+00,    0.0000000000E+00,    0.0000000000E+00,    3.6390714813E+01
     57750,      0.676925,CP4_after_advection,   1,    0.0000000000E+00,    3.6392757992E+01,    3.6392757992E+01,    0.0000000000E+00,    0.0000000000E+00,    0.0000000000E+00,    3.6392757992E+01
     57750,      0.676925,CP5_after_vdif,   1,    0.0000000000E+00,    3.6392757992E+01,    3.6392757992E+01,    0.0000000000E+00,    0.0000000000E+00,    0.0000000000E+00,    3.6392757992E+01
     57750,      0.676925,CP6_after_kinetics,   1,    0.0000000000E+00,    3.6392757992E+01,    3.6392757992E+01,    0.0000000000E+00,    0.0000000000E+00,    0.0000000000E+00,    3.6392757992E+01
     57750,      0.676925,CP7_after_upper_clamp,   1,    0.0000000000E+00,    3.6392757992E+01,    3.6392757992E+01,    0.0000000000E+00,    0.0000000000E+00,    0.0000000000E+00,    3.6392757992E+01
     57750,      0.676925,CP8_after_OBC,   1,    0.0000000000E+00,    3.6392757992E+01,    3.6392757992E+01,    0.0000000000E+00,    0.0000000000E+00,    0.0000000000E+00,    3.6392757992E+01
     57750,      0.676925,CP9_after_PTsource,   1,    0.0000000000E+00,    3.6392757992E+01,    3.6392757992E+01,    0.0000000000E+00,    0.0000000000E+00,    0.0000000000E+00,    3.6392757992E+01
     57750,      0.676925,CP10_after_neg_clamp,   1,    0.0000000000E+00,    3.6392757992E+01,    3.6392757992E+01,    0.0000000000E+00,    0.0000000000E+00,    0.0000000000E+00,    3.6392757992E+01
     57750,      0.676925,CP11_after_MPI,   1,    0.0000000000E+00,    3.6392757992E+01,    3.6392757992E+01,    0.0000000000E+00,    0.0000000000E+00,    0.0000000000E+00,    3.6392757992E+01
     57750,      0.676925,CP12_end,   1,    0.0000000000E+00,    3.6392757992E+01,    3.6392757992E+01,    0.0000000000E+00,    0.0000000000E+00,    0.0000000000E+00,    3.6392757992E+01
     57800,      0.676925,CP0_start,   1,    0.0000000000E+00,    3.6449029442E+01,    3.6449029442E+01,    0.0000000000E+00,    0.0000000000E+00,    0.0000000000E+00,    3.6449029442E+01
     57800,      0.676925,CP1_after_deposition,   1,    0.0000000000E+00,    3.6449029442E+01,    3.6449029442E+01,    0.0000000000E+00,    0.0000000000E+00,    0.0000000000E+00,    3.6449029442E+01
     57800,      0.676925,CP2_after_erosion,   1,    0.0000000000E+00,    3.6449029442E+01,    3.6449029442E+01,    0.0000000000E+00,    0.0000000000E+00,    0.0000000000E+00,    3.6449029442E+01
     57800,      0.676925,CP3_after_update_bottom,   1,    0.0000000000E+00,    3.6449029442E+01,    3.6449029442E+01,    0.0000000000E+00,    0.0000000000E+00,    0.0000000000E+00,    3.6449029442E+01
     57800,      0.676925,CP4_after_advection,   1,    0.0000000000E+00,    3.6451071067E+01,    3.6451071067E+01,    0.0000000000E+00,    0.0000000000E+00,    0.0000000000E+00,    3.6451071067E+01
     57800,      0.676925,CP5_after_vdif,   1,    0.0000000000E+00,    3.6451071067E+01,    3.6451071067E+01,    0.0000000000E+00,    0.0000000000E+00,    0.0000000000E+00,    3.6451071067E+01
     57800,      0.676925,CP6_after_kinetics,   1,    0.0000000000E+00,    3.6451071067E+01,    3.6451071067E+01,    0.0000000000E+00,    0.0000000000E+00,    0.0000000000E+00,    3.6451071067E+01
     57800,      0.676925,CP7_after_upper_clamp,   1,    0.0000000000E+00,    3.6451071067E+01,    3.6451071067E+01,    0.0000000000E+00,    0.0000000000E+00,    0.0000000000E+00,    3.6451071067E+01
     57800,      0.676925,CP8_after_OBC,   1,    0.0000000000E+00,    3.6451071067E+01,    3.6451071067E+01,    0.0000000000E+00,    0.0000000000E+00,    0.0000000000E+00,    3.6451071067E+01
     57800,      0.676925,CP9_after_PTsource,   1,    0.0000000000E+00,    3.6451071067E+01,    3.6451071067E+01,    0.0000000000E+00,    0.0000000000E+00,    0.0000000000E+00,    3.6451071067E+01
     57800,      0.676925,CP10_after_neg_clamp,   1,    0.0000000000E+00,    3.6451071067E+01,    3.6451071067E+01,    0.0000000000E+00,    0.0000000000E+00,    0.0000000000E+00,    3.6451071067E+01
     57800,      0.676925,CP11_after_MPI,   1,    0.0000000000E+00,    3.6451071067E+01,    3.6451071067E+01,    0.0000000000E+00,    0.0000000000E+00,    0.0000000000E+00,    3.6451071067E+01
     57800,      0.676925,CP12_end,   1,    0.0000000000E+00,    3.6451071067E+01,    3.6451071067E+01,    0.0000000000E+00,    0.0000000000E+00,    0.0000000000E+00,    3.6451071067E+01
     57850,      0.676925,CP0_start,   1,    0.0000000000E+00,    3.6507469072E+01,    3.6507469072E+01,    0.0000000000E+00,    0.0000000000E+00,    0.0000000000E+00,    3.6507469072E+01
     57850,      0.676925,CP1_after_deposition,   1,    0.0000000000E+00,    3.6507469072E+01,    3.6507469072E+01,    0.0000000000E+00,    0.0000000000E+00,    0.0000000000E+00,    3.6507469072E+01
     57850,      0.676925,CP2_after_erosion,   1,    0.0000000000E+00,    3.6507469072E+01,    3.6507469072E+01,    0.0000000000E+00,    0.0000000000E+00,    0.0000000000E+00,    3.6507469072E+01
     57850,      0.676925,CP3_after_update_bottom,   1,    0.0000000000E+00,    3.6507469072E+01,    3.6507469072E+01,    0.0000000000E+00,    0.0000000000E+00,    0.0000000000E+00,    3.6507469072E+01
     57850,      0.676925,CP4_after_advection,   1,    0.0000000000E+00,    3.6509508678E+01,    3.6509508678E+01,    0.0000000000E+00,    0.0000000000E+00,    0.0000000000E+00,    3.6509508678E+01
     57850,      0.676925,CP5_after_vdif,   1,    0.0000000000E+00,    3.6509508678E+01,    3.6509508678E+01,    0.0000000000E+00,    0.0000000000E+00,    0.0000000000E+00,    3.6509508678E+01
     57850,      0.676925,CP6_after_kinetics,   1,    0.0000000000E+00,    3.6509508678E+01,    3.6509508678E+01,    0.0000000000E+00,    0.0000000000E+00,    0.0000000000E+00,    3.6509508678E+01
     57850,      0.676925,CP7_after_upper_clamp,   1,    0.0000000000E+00,    3.6509508678E+01,    3.6509508678E+01,    0.0000000000E+00,    0.0000000000E+00,    0.0000000000E+00,    3.6509508678E+01
     57850,      0.676925,CP8_after_OBC,   1,    0.0000000000E+00,    3.6509508678E+01,    3.6509508678E+01,    0.0000000000E+00,    0.0000000000E+00,    0.0000000000E+00,    3.6509508678E+01
     57850,      0.676925,CP9_after_PTsource,   1,    0.0000000000E+00,    3.6509508678E+01,    3.6509508678E+01,    0.0000000000E+00,    0.0000000000E+00,    0.0000000000E+00,    3.6509508678E+01
     57850,      0.676925,CP10_after_neg_clamp,   1,    0.0000000000E+00,    3.6509508678E+01,    3.6509508678E+01,    0.0000000000E+00,    0.0000000000E+00,    0.0000000000E+00,    3.6509508678E+01
     57850,      0.676925,CP11_after_MPI,   1,    0.0000000000E+00,    3.6509508678E+01,    3.6509508678E+01,    0.0000000000E+00,    0.0000000000E+00,    0.0000000000E+00,    3.6509508678E+01
     57850,      0.676925,CP12_end,   1,    0.0000000000E+00,    3.6509508678E+01,    3.6509508678E+01,    0.0000000000E+00,    0.0000000000E+00,    0.0000000000E+00,    3.6509508678E+01
     57900,      0.676925,CP0_start,   1,    0.0000000000E+00,    3.6566055982E+01,    3.6566055982E+01,    0.0000000000E+00,    0.0000000000E+00,    0.0000000000E+00,    3.6566055982E+01
     57900,      0.676925,CP1_after_deposition,   1,    0.0000000000E+00,    3.6566055982E+01,    3.6566055982E+01,    0.0000000000E+00,    0.0000000000E+00,    0.0000000000E+00,    3.6566055982E+01
     57900,      0.676925,CP2_after_erosion,   1,    0.0000000000E+00,    3.6566055982E+01,    3.6566055982E+01,    0.0000000000E+00,    0.0000000000E+00,    0.0000000000E+00,    3.6566055982E+01
     57900,      0.676925,CP3_after_update_bottom,   1,    0.0000000000E+00,    3.6566055982E+01,    3.6566055982E+01,    0.0000000000E+00,    0.0000000000E+00,    0.0000000000E+00,    3.6566055982E+01
     57900,      0.676925,CP4_after_advection,   1,    0.0000000000E+00,    3.6568093159E+01,    3.6568093159E+01,    0.0000000000E+00,    0.0000000000E+00,    0.0000000000E+00,    3.6568093159E+01
     57900,      0.676925,CP5_after_vdif,   1,    0.0000000000E+00,    3.6568093159E+01,    3.6568093159E+01,    0.0000000000E+00,    0.0000000000E+00,    0.0000000000E+00,    3.6568093159E+01
     57900,      0.676925,CP6_after_kinetics,   1,    0.0000000000E+00,    3.6568093159E+01,    3.6568093159E+01,    0.0000000000E+00,    0.0000000000E+00,    0.0000000000E+00,    3.6568093159E+01
     57900,      0.676925,CP7_after_upper_clamp,   1,    0.0000000000E+00,    3.6568093159E+01,    3.6568093159E+01,    0.0000000000E+00,    0.0000000000E+00,    0.0000000000E+00,    3.6568093159E+01
     57900,      0.676925,CP8_after_OBC,   1,    0.0000000000E+00,    3.6568093159E+01,    3.6568093159E+01,    0.0000000000E+00,    0.0000000000E+00,    0.0000000000E+00,    3.6568093159E+01
     57900,      0.676925,CP9_after_PTsource,   1,    0.0000000000E+00,    3.6568093159E+01,    3.6568093159E+01,    0.0000000000E+00,    0.0000000000E+00,    0.0000000000E+00,    3.6568093159E+01
     57900,      0.676925,CP10_after_neg_clamp,   1,    0.0000000000E+00,    3.6568093159E+01,    3.6568093159E+01,    0.0000000000E+00,    0.0000000000E+00,    0.0000000000E+00,    3.6568093159E+01
     57900,      0.676925,CP11_after_MPI,   1,    0.0000000000E+00,    3.6568093159E+01,    3.6568093159E+01,    0.0000000000E+00,    0.0000000000E+00,    0.0000000000E+00,    3.6568093159E+01
     57900,      0.676925,CP12_end,   1,    0.0000000000E+00,    3.6568093159E+01,    3.6568093159E+01,    0.0000000000E+00,    0.0000000000E+00,    0.0000000000E+00,    3.6568093159E+01
     57950,      0.676925,CP0_start,   1,    0.0000000000E+00,    3.6624808208E+01,    3.6624808208E+01,    0.0000000000E+00,    0.0000000000E+00,    0.0000000000E+00,    3.6624808208E+01
     57950,      0.676925,CP1_after_deposition,   1,    0.0000000000E+00,    3.6624808208E+01,    3.6624808208E+01,    0.0000000000E+00,    0.0000000000E+00,    0.0000000000E+00,    3.6624808208E+01
     57950,      0.676925,CP2_after_erosion,   1,    0.0000000000E+00,    3.6624808208E+01,    3.6624808208E+01,    0.0000000000E+00,    0.0000000000E+00,    0.0000000000E+00,    3.6624808208E+01
     57950,      0.676925,CP3_after_update_bottom,   1,    0.0000000000E+00,    3.6624808208E+01,    3.6624808208E+01,    0.0000000000E+00,    0.0000000000E+00,    0.0000000000E+00,    3.6624808208E+01
     57950,      0.676925,CP4_after_advection,   1,    0.0000000000E+00,    3.6626843353E+01,    3.6626843353E+01,    0.0000000000E+00,    0.0000000000E+00,    0.0000000000E+00,    3.6626843353E+01
     57950,      0.676925,CP5_after_vdif,   1,    0.0000000000E+00,    3.6626843353E+01,    3.6626843353E+01,    0.0000000000E+00,    0.0000000000E+00,    0.0000000000E+00,    3.6626843353E+01
     57950,      0.676925,CP6_after_kinetics,   1,    0.0000000000E+00,    3.6626843353E+01,    3.6626843353E+01,    0.0000000000E+00,    0.0000000000E+00,    0.0000000000E+00,    3.6626843353E+01
     57950,      0.676925,CP7_after_upper_clamp,   1,    0.0000000000E+00,    3.6626843353E+01,    3.6626843353E+01,    0.0000000000E+00,    0.0000000000E+00,    0.0000000000E+00,    3.6626843353E+01
     57950,      0.676925,CP8_after_OBC,   1,    0.0000000000E+00,    3.6626843353E+01,    3.6626843353E+01,    0.0000000000E+00,    0.0000000000E+00,    0.0000000000E+00,    3.6626843353E+01
     57950,      0.676925,CP9_after_PTsource,   1,    0.0000000000E+00,    3.6626843353E+01,    3.6626843353E+01,    0.0000000000E+00,    0.0000000000E+00,    0.0000000000E+00,    3.6626843353E+01
     57950,      0.676925,CP10_after_neg_clamp,   1,    0.0000000000E+00,    3.6626843353E+01,    3.6626843353E+01,    0.0000000000E+00,    0.0000000000E+00,    0.0000000000E+00,    3.6626843353E+01
     57950,      0.676925,CP11_after_MPI,   1,    0.0000000000E+00,    3.6626843353E+01,    3.6626843353E+01,    0.0000000000E+00,    0.0000000000E+00,    0.0000000000E+00,    3.6626843353E+01
     57950,      0.676925,CP12_end,   1,    0.0000000000E+00,    3.6626843353E+01,    3.6626843353E+01,    0.0000000000E+00,    0.0000000000E+00,    0.0000000000E+00,    3.6626843353E+01
     58000,      0.676925,CP0_start,   1,    0.0000000000E+00,    3.6683695271E+01,    3.6683695271E+01,    0.0000000000E+00,    0.0000000000E+00,    0.0000000000E+00,    3.6683695271E+01
     58000,      0.676925,CP1_after_deposition,   1,    0.0000000000E+00,    3.6683695271E+01,    3.6683695271E+01,    0.0000000000E+00,    0.0000000000E+00,    0.0000000000E+00,    3.6683695271E+01
     58000,      0.676925,CP2_after_erosion,   1,    0.0000000000E+00,    3.6683695271E+01,    3.6683695271E+01,    0.0000000000E+00,    0.0000000000E+00,    0.0000000000E+00,    3.6683695271E+01
     58000,      0.676925,CP3_after_update_bottom,   1,    0.0000000000E+00,    3.6683695271E+01,    3.6683695271E+01,    0.0000000000E+00,    0.0000000000E+00,    0.0000000000E+00,    3.6683695271E+01
     58000,      0.676925,CP4_after_advection,   1,    0.0000000000E+00,    3.6685728279E+01,    3.6685728279E+01,    0.0000000000E+00,    0.0000000000E+00,    0.0000000000E+00,    3.6685728279E+01
     58000,      0.676925,CP5_after_vdif,   1,    0.0000000000E+00,    3.6685728279E+01,    3.6685728279E+01,    0.0000000000E+00,    0.0000000000E+00,    0.0000000000E+00,    3.6685728279E+01
     58000,      0.676925,CP6_after_kinetics,   1,    0.0000000000E+00,    3.6685728279E+01,    3.6685728279E+01,    0.0000000000E+00,    0.0000000000E+00,    0.0000000000E+00,    3.6685728279E+01
     58000,      0.676925,CP7_after_upper_clamp,   1,    0.0000000000E+00,    3.6685728279E+01,    3.6685728279E+01,    0.0000000000E+00,    0.0000000000E+00,    0.0000000000E+00,    3.6685728279E+01
     58000,      0.676925,CP8_after_OBC,   1,    0.0000000000E+00,    3.6685728279E+01,    3.6685728279E+01,    0.0000000000E+00,    0.0000000000E+00,    0.0000000000E+00,    3.6685728279E+01
     58000,      0.676925,CP9_after_PTsource,   1,    0.0000000000E+00,    3.6685728279E+01,    3.6685728279E+01,    0.0000000000E+00,    0.0000000000E+00,    0.0000000000E+00,    3.6685728279E+01
     58000,      0.676925,CP10_after_neg_clamp,   1,    0.0000000000E+00,    3.6685728279E+01,    3.6685728279E+01,    0.0000000000E+00,    0.0000000000E+00,    0.0000000000E+00,    3.6685728279E+01
     58000,      0.676925,CP11_after_MPI,   1,    0.0000000000E+00,    3.6685728279E+01,    3.6685728279E+01,    0.0000000000E+00,    0.0000000000E+00,    0.0000000000E+00,    3.6685728279E+01
     58000,      0.676925,CP12_end,   1,    0.0000000000E+00,    3.6685728279E+01,    3.6685728279E+01,    0.0000000000E+00,    0.0000000000E+00,    0.0000000000E+00,    3.6685728279E+01
     58050,      0.676925,CP0_start,   1,    0.0000000000E+00,    3.6742708770E+01,    3.6742708770E+01,    0.0000000000E+00,    0.0000000000E+00,    0.0000000000E+00,    3.6742708770E+01
     58050,      0.676925,CP1_after_deposition,   1,    0.0000000000E+00,    3.6742708770E+01,    3.6742708770E+01,    0.0000000000E+00,    0.0000000000E+00,    0.0000000000E+00,    3.6742708770E+01
     58050,      0.676925,CP2_after_erosion,   1,    0.0000000000E+00,    3.6742708770E+01,    3.6742708770E+01,    0.0000000000E+00,    0.0000000000E+00,    0.0000000000E+00,    3.6742708770E+01
     58050,      0.676925,CP3_after_update_bottom,   1,    0.0000000000E+00,    3.6742708770E+01,    3.6742708770E+01,    0.0000000000E+00,    0.0000000000E+00,    0.0000000000E+00,    3.6742708770E+01
     58050,      0.676925,CP4_after_advection,   1,    0.0000000000E+00,    3.6744739237E+01,    3.6744739237E+01,    0.0000000000E+00,    0.0000000000E+00,    0.0000000000E+00,    3.6744739237E+01
     58050,      0.676925,CP5_after_vdif,   1,    0.0000000000E+00,    3.6744739237E+01,    3.6744739237E+01,    0.0000000000E+00,    0.0000000000E+00,    0.0000000000E+00,    3.6744739237E+01
     58050,      0.676925,CP6_after_kinetics,   1,    0.0000000000E+00,    3.6744739237E+01,    3.6744739237E+01,    0.0000000000E+00,    0.0000000000E+00,    0.0000000000E+00,    3.6744739237E+01
     58050,      0.676925,CP7_after_upper_clamp,   1,    0.0000000000E+00,    3.6744739237E+01,    3.6744739237E+01,    0.0000000000E+00,    0.0000000000E+00,    0.0000000000E+00,    3.6744739237E+01
     58050,      0.676925,CP8_after_OBC,   1,    0.0000000000E+00,    3.6744739237E+01,    3.6744739237E+01,    0.0000000000E+00,    0.0000000000E+00,    0.0000000000E+00,    3.6744739237E+01
     58050,      0.676925,CP9_after_PTsource,   1,    0.0000000000E+00,    3.6744739237E+01,    3.6744739237E+01,    0.0000000000E+00,    0.0000000000E+00,    0.0000000000E+00,    3.6744739237E+01
     58050,      0.676925,CP10_after_neg_clamp,   1,    0.0000000000E+00,    3.6744739237E+01,    3.6744739237E+01,    0.0000000000E+00,    0.0000000000E+00,    0.0000000000E+00,    3.6744739237E+01
     58050,      0.676925,CP11_after_MPI,   1,    0.0000000000E+00,    3.6744739237E+01,    3.6744739237E+01,    0.0000000000E+00,    0.0000000000E+00,    0.0000000000E+00,    3.6744739237E+01
     58050,      0.676925,CP12_end,   1,    0.0000000000E+00,    3.6744739237E+01,    3.6744739237E+01,    0.0000000000E+00,    0.0000000000E+00,    0.0000000000E+00,    3.6744739237E+01
     58100,      0.676925,CP0_start,   1,    0.0000000000E+00,    3.6801862723E+01,    3.6801862723E+01,    0.0000000000E+00,    0.0000000000E+00,    0.0000000000E+00,    3.6801862723E+01
     58100,      0.676925,CP1_after_deposition,   1,    0.0000000000E+00,    3.6801862723E+01,    3.6801862723E+01,    0.0000000000E+00,    0.0000000000E+00,    0.0000000000E+00,    3.6801862723E+01
     58100,      0.676925,CP2_after_erosion,   1,    0.0000000000E+00,    3.6801862723E+01,    3.6801862723E+01,    0.0000000000E+00,    0.0000000000E+00,    0.0000000000E+00,    3.6801862723E+01
     58100,      0.676925,CP3_after_update_bottom,   1,    0.0000000000E+00,    3.6801862723E+01,    3.6801862723E+01,    0.0000000000E+00,    0.0000000000E+00,    0.0000000000E+00,    3.6801862723E+01
     58100,      0.676925,CP4_after_advection,   1,    0.0000000000E+00,    3.6803892245E+01,    3.6803892245E+01,    0.0000000000E+00,    0.0000000000E+00,    0.0000000000E+00,    3.6803892245E+01
     58100,      0.676925,CP5_after_vdif,   1,    0.0000000000E+00,    3.6803892245E+01,    3.6803892245E+01,    0.0000000000E+00,    0.0000000000E+00,    0.0000000000E+00,    3.6803892245E+01
     58100,      0.676925,CP6_after_kinetics,   1,    0.0000000000E+00,    3.6803892245E+01,    3.6803892245E+01,    0.0000000000E+00,    0.0000000000E+00,    0.0000000000E+00,    3.6803892245E+01
     58100,      0.676925,CP7_after_upper_clamp,   1,    0.0000000000E+00,    3.6803892245E+01,    3.6803892245E+01,    0.0000000000E+00,    0.0000000000E+00,    0.0000000000E+00,    3.6803892245E+01
     58100,      0.676925,CP8_after_OBC,   1,    0.0000000000E+00,    3.6803892245E+01,    3.6803892245E+01,    0.0000000000E+00,    0.0000000000E+00,    0.0000000000E+00,    3.6803892245E+01
     58100,      0.676925,CP9_after_PTsource,   1,    0.0000000000E+00,    3.6803892245E+01,    3.6803892245E+01,    0.0000000000E+00,    0.0000000000E+00,    0.0000000000E+00,    3.6803892245E+01
     58100,      0.676925,CP10_after_neg_clamp,   1,    0.0000000000E+00,    3.6803892245E+01,    3.6803892245E+01,    0.0000000000E+00,    0.0000000000E+00,    0.0000000000E+00,    3.6803892245E+01
     58100,      0.676925,CP11_after_MPI,   1,    0.0000000000E+00,    3.6803892245E+01,    3.6803892245E+01,    0.0000000000E+00,    0.0000000000E+00,    0.0000000000E+00,    3.6803892245E+01
     58100,      0.676925,CP12_end,   1,    0.0000000000E+00,    3.6803892245E+01,    3.6803892245E+01,    0.0000000000E+00,    0.0000000000E+00,    0.0000000000E+00,    3.6803892245E+01
     58150,      0.676925,CP0_start,   1,    0.0000000000E+00,    3.6861172403E+01,    3.6861172403E+01,    0.0000000000E+00,    0.0000000000E+00,    0.0000000000E+00,    3.6861172403E+01
     58150,      0.676925,CP1_after_deposition,   1,    0.0000000000E+00,    3.6861172403E+01,    3.6861172403E+01,    0.0000000000E+00,    0.0000000000E+00,    0.0000000000E+00,    3.6861172403E+01
     58150,      0.676925,CP2_after_erosion,   1,    0.0000000000E+00,    3.6861172403E+01,    3.6861172403E+01,    0.0000000000E+00,    0.0000000000E+00,    0.0000000000E+00,    3.6861172403E+01
     58150,      0.676925,CP3_after_update_bottom,   1,    0.0000000000E+00,    3.6861172403E+01,    3.6861172403E+01,    0.0000000000E+00,    0.0000000000E+00,    0.0000000000E+00,    3.6861172403E+01
     58150,      0.676925,CP4_after_advection,   1,    0.0000000000E+00,    3.6863200531E+01,    3.6863200531E+01,    0.0000000000E+00,    0.0000000000E+00,    0.0000000000E+00,    3.6863200531E+01
     58150,      0.676925,CP5_after_vdif,   1,    0.0000000000E+00,    3.6863200531E+01,    3.6863200531E+01,    0.0000000000E+00,    0.0000000000E+00,    0.0000000000E+00,    3.6863200531E+01
     58150,      0.676925,CP6_after_kinetics,   1,    0.0000000000E+00,    3.6863200531E+01,    3.6863200531E+01,    0.0000000000E+00,    0.0000000000E+00,    0.0000000000E+00,    3.6863200531E+01
     58150,      0.676925,CP7_after_upper_clamp,   1,    0.0000000000E+00,    3.6863200531E+01,    3.6863200531E+01,    0.0000000000E+00,    0.0000000000E+00,    0.0000000000E+00,    3.6863200531E+01
     58150,      0.676925,CP8_after_OBC,   1,    0.0000000000E+00,    3.6863200531E+01,    3.6863200531E+01,    0.0000000000E+00,    0.0000000000E+00,    0.0000000000E+00,    3.6863200531E+01
     58150,      0.676925,CP9_after_PTsource,   1,    0.0000000000E+00,    3.6863200531E+01,    3.6863200531E+01,    0.0000000000E+00,    0.0000000000E+00,    0.0000000000E+00,    3.6863200531E+01
     58150,      0.676925,CP10_after_neg_clamp,   1,    0.0000000000E+00,    3.6863200531E+01,    3.6863200531E+01,    0.0000000000E+00,    0.0000000000E+00,    0.0000000000E+00,    3.6863200531E+01
     58150,      0.676925,CP11_after_MPI,   1,    0.0000000000E+00,    3.6863200531E+01,    3.6863200531E+01,    0.0000000000E+00,    0.0000000000E+00,    0.0000000000E+00,    3.6863200531E+01
     58150,      0.676925,CP12_end,   1,    0.0000000000E+00,    3.6863200531E+01,    3.6863200531E+01,    0.0000000000E+00,    0.0000000000E+00,    0.0000000000E+00,    3.6863200531E+01
     58200,      0.676925,CP0_start,   1,    0.0000000000E+00,    3.6920611904E+01,    3.6920611904E+01,    0.0000000000E+00,    0.0000000000E+00,    0.0000000000E+00,    3.6920611904E+01
     58200,      0.676925,CP1_after_deposition,   1,    0.0000000000E+00,    3.6920611904E+01,    3.6920611904E+01,    0.0000000000E+00,    0.0000000000E+00,    0.0000000000E+00,    3.6920611904E+01
     58200,      0.676925,CP2_after_erosion,   1,    0.0000000000E+00,    3.6920611904E+01,    3.6920611904E+01,    0.0000000000E+00,    0.0000000000E+00,    0.0000000000E+00,    3.6920611904E+01
     58200,      0.676925,CP3_after_update_bottom,   1,    0.0000000000E+00,    3.6920611904E+01,    3.6920611904E+01,    0.0000000000E+00,    0.0000000000E+00,    0.0000000000E+00,    3.6920611904E+01
     58200,      0.676925,CP4_after_advection,   1,    0.0000000000E+00,    3.6922638514E+01,    3.6922638514E+01,    0.0000000000E+00,    0.0000000000E+00,    0.0000000000E+00,    3.6922638514E+01
     58200,      0.676925,CP5_after_vdif,   1,    0.0000000000E+00,    3.6922638514E+01,    3.6922638514E+01,    0.0000000000E+00,    0.0000000000E+00,    0.0000000000E+00,    3.6922638514E+01
     58200,      0.676925,CP6_after_kinetics,   1,    0.0000000000E+00,    3.6922638514E+01,    3.6922638514E+01,    0.0000000000E+00,    0.0000000000E+00,    0.0000000000E+00,    3.6922638514E+01
     58200,      0.676925,CP7_after_upper_clamp,   1,    0.0000000000E+00,    3.6922638514E+01,    3.6922638514E+01,    0.0000000000E+00,    0.0000000000E+00,    0.0000000000E+00,    3.6922638514E+01
     58200,      0.676925,CP8_after_OBC,   1,    0.0000000000E+00,    3.6922638514E+01,    3.6922638514E+01,    0.0000000000E+00,    0.0000000000E+00,    0.0000000000E+00,    3.6922638514E+01
     58200,      0.676925,CP9_after_PTsource,   1,    0.0000000000E+00,    3.6922638514E+01,    3.6922638514E+01,    0.0000000000E+00,    0.0000000000E+00,    0.0000000000E+00,    3.6922638514E+01
     58200,      0.676925,CP10_after_neg_clamp,   1,    0.0000000000E+00,    3.6922638514E+01,    3.6922638514E+01,    0.0000000000E+00,    0.0000000000E+00,    0.0000000000E+00,    3.6922638514E+01
     58200,      0.676925,CP11_after_MPI,   1,    0.0000000000E+00,    3.6922638514E+01,    3.6922638514E+01,    0.0000000000E+00,    0.0000000000E+00,    0.0000000000E+00,    3.6922638514E+01
     58200,      0.676925,CP12_end,   1,    0.0000000000E+00,    3.6922638514E+01,    3.6922638514E+01,    0.0000000000E+00,    0.0000000000E+00,    0.0000000000E+00,    3.6922638514E+01
     58250,      0.676925,CP0_start,   1,    0.0000000000E+00,    3.6980178562E+01,    3.6980178562E+01,    0.0000000000E+00,    0.0000000000E+00,    0.0000000000E+00,    3.6980178562E+01
     58250,      0.676925,CP1_after_deposition,   1,    0.0000000000E+00,    3.6980178562E+01,    3.6980178562E+01,    0.0000000000E+00,    0.0000000000E+00,    0.0000000000E+00,    3.6980178562E+01
     58250,      0.676925,CP2_after_erosion,   1,    0.0000000000E+00,    3.6980178562E+01,    3.6980178562E+01,    0.0000000000E+00,    0.0000000000E+00,    0.0000000000E+00,    3.6980178562E+01
     58250,      0.676925,CP3_after_update_bottom,   1,    0.0000000000E+00,    3.6980178562E+01,    3.6980178562E+01,    0.0000000000E+00,    0.0000000000E+00,    0.0000000000E+00,    3.6980178562E+01
     58250,      0.676925,CP4_after_advection,   1,    0.0000000000E+00,    3.6982203646E+01,    3.6982203646E+01,    0.0000000000E+00,    0.0000000000E+00,    0.0000000000E+00,    3.6982203646E+01
     58250,      0.676925,CP5_after_vdif,   1,    0.0000000000E+00,    3.6982203646E+01,    3.6982203646E+01,    0.0000000000E+00,    0.0000000000E+00,    0.0000000000E+00,    3.6982203646E+01
     58250,      0.676925,CP6_after_kinetics,   1,    0.0000000000E+00,    3.6982203646E+01,    3.6982203646E+01,    0.0000000000E+00,    0.0000000000E+00,    0.0000000000E+00,    3.6982203646E+01
     58250,      0.676925,CP7_after_upper_clamp,   1,    0.0000000000E+00,    3.6982203646E+01,    3.6982203646E+01,    0.0000000000E+00,    0.0000000000E+00,    0.0000000000E+00,    3.6982203646E+01
     58250,      0.676925,CP8_after_OBC,   1,    0.0000000000E+00,    3.6982203646E+01,    3.6982203646E+01,    0.0000000000E+00,    0.0000000000E+00,    0.0000000000E+00,    3.6982203646E+01
     58250,      0.676925,CP9_after_PTsource,   1,    0.0000000000E+00,    3.6982203646E+01,    3.6982203646E+01,    0.0000000000E+00,    0.0000000000E+00,    0.0000000000E+00,    3.6982203646E+01
     58250,      0.676925,CP10_after_neg_clamp,   1,    0.0000000000E+00,    3.6982203646E+01,    3.6982203646E+01,    0.0000000000E+00,    0.0000000000E+00,    0.0000000000E+00,    3.6982203646E+01
     58250,      0.676925,CP11_after_MPI,   1,    0.0000000000E+00,    3.6982203646E+01,    3.6982203646E+01,    0.0000000000E+00,    0.0000000000E+00,    0.0000000000E+00,    3.6982203646E+01
     58250,      0.676925,CP12_end,   1,    0.0000000000E+00,    3.6982203646E+01,    3.6982203646E+01,    0.0000000000E+00,    0.0000000000E+00,    0.0000000000E+00,    3.6982203646E+01
     58300,      0.676925,CP0_start,   1,    0.0000000000E+00,    3.7039848555E+01,    3.7039848555E+01,    0.0000000000E+00,    0.0000000000E+00,    0.0000000000E+00,    3.7039848555E+01
     58300,      0.676925,CP1_after_deposition,   1,    0.0000000000E+00,    3.7039848555E+01,    3.7039848555E+01,    0.0000000000E+00,    0.0000000000E+00,    0.0000000000E+00,    3.7039848555E+01
     58300,      0.676925,CP2_after_erosion,   1,    0.0000000000E+00,    3.7039848555E+01,    3.7039848555E+01,    0.0000000000E+00,    0.0000000000E+00,    0.0000000000E+00,    3.7039848555E+01
     58300,      0.676925,CP3_after_update_bottom,   1,    0.0000000000E+00,    3.7039848555E+01,    3.7039848555E+01,    0.0000000000E+00,    0.0000000000E+00,    0.0000000000E+00,    3.7039848555E+01
     58300,      0.676925,CP4_after_advection,   1,    0.0000000000E+00,    3.7041872128E+01,    3.7041872128E+01,    0.0000000000E+00,    0.0000000000E+00,    0.0000000000E+00,    3.7041872128E+01
     58300,      0.676925,CP5_after_vdif,   1,    0.0000000000E+00,    3.7041872128E+01,    3.7041872128E+01,    0.0000000000E+00,    0.0000000000E+00,    0.0000000000E+00,    3.7041872128E+01
     58300,      0.676925,CP6_after_kinetics,   1,    0.0000000000E+00,    3.7041872128E+01,    3.7041872128E+01,    0.0000000000E+00,    0.0000000000E+00,    0.0000000000E+00,    3.7041872128E+01
     58300,      0.676925,CP7_after_upper_clamp,   1,    0.0000000000E+00,    3.7041872128E+01,    3.7041872128E+01,    0.0000000000E+00,    0.0000000000E+00,    0.0000000000E+00,    3.7041872128E+01
     58300,      0.676925,CP8_after_OBC,   1,    0.0000000000E+00,    3.7041872128E+01,    3.7041872128E+01,    0.0000000000E+00,    0.0000000000E+00,    0.0000000000E+00,    3.7041872128E+01
     58300,      0.676925,CP9_after_PTsource,   1,    0.0000000000E+00,    3.7041872128E+01,    3.7041872128E+01,    0.0000000000E+00,    0.0000000000E+00,    0.0000000000E+00,    3.7041872128E+01
     58300,      0.676925,CP10_after_neg_clamp,   1,    0.0000000000E+00,    3.7041872128E+01,    3.7041872128E+01,    0.0000000000E+00,    0.0000000000E+00,    0.0000000000E+00,    3.7041872128E+01
     58300,      0.676925,CP11_after_MPI,   1,    0.0000000000E+00,    3.7041872128E+01,    3.7041872128E+01,    0.0000000000E+00,    0.0000000000E+00,    0.0000000000E+00,    3.7041872128E+01
     58300,      0.676925,CP12_end,   1,    0.0000000000E+00,    3.7041872128E+01,    3.7041872128E+01,    0.0000000000E+00,    0.0000000000E+00,    0.0000000000E+00,    3.7041872128E+01
     58350,      0.676925,CP0_start,   1,    0.0000000000E+00,    3.7099626445E+01,    3.7099626445E+01,    0.0000000000E+00,    0.0000000000E+00,    0.0000000000E+00,    3.7099626445E+01
     58350,      0.676925,CP1_after_deposition,   1,    0.0000000000E+00,    3.7099626445E+01,    3.7099626445E+01,    0.0000000000E+00,    0.0000000000E+00,    0.0000000000E+00,    3.7099626445E+01
     58350,      0.676925,CP2_after_erosion,   1,    0.0000000000E+00,    3.7099626445E+01,    3.7099626445E+01,    0.0000000000E+00,    0.0000000000E+00,    0.0000000000E+00,    3.7099626445E+01
     58350,      0.676925,CP3_after_update_bottom,   1,    0.0000000000E+00,    3.7099626445E+01,    3.7099626445E+01,    0.0000000000E+00,    0.0000000000E+00,    0.0000000000E+00,    3.7099626445E+01
     58350,      0.676925,CP4_after_advection,   1,    0.0000000000E+00,    3.7101648441E+01,    3.7101648441E+01,    0.0000000000E+00,    0.0000000000E+00,    0.0000000000E+00,    3.7101648441E+01
     58350,      0.676925,CP5_after_vdif,   1,    0.0000000000E+00,    3.7101648441E+01,    3.7101648441E+01,    0.0000000000E+00,    0.0000000000E+00,    0.0000000000E+00,    3.7101648441E+01
     58350,      0.676925,CP6_after_kinetics,   1,    0.0000000000E+00,    3.7101648441E+01,    3.7101648441E+01,    0.0000000000E+00,    0.0000000000E+00,    0.0000000000E+00,    3.7101648441E+01
     58350,      0.676925,CP7_after_upper_clamp,   1,    0.0000000000E+00,    3.7101648441E+01,    3.7101648441E+01,    0.0000000000E+00,    0.0000000000E+00,    0.0000000000E+00,    3.7101648441E+01
     58350,      0.676925,CP8_after_OBC,   1,    0.0000000000E+00,    3.7101648441E+01,    3.7101648441E+01,    0.0000000000E+00,    0.0000000000E+00,    0.0000000000E+00,    3.7101648441E+01
     58350,      0.676925,CP9_after_PTsource,   1,    0.0000000000E+00,    3.7101648441E+01,    3.7101648441E+01,    0.0000000000E+00,    0.0000000000E+00,    0.0000000000E+00,    3.7101648441E+01
     58350,      0.676925,CP10_after_neg_clamp,   1,    0.0000000000E+00,    3.7101648441E+01,    3.7101648441E+01,    0.0000000000E+00,    0.0000000000E+00,    0.0000000000E+00,    3.7101648441E+01
     58350,      0.676925,CP11_after_MPI,   1,    0.0000000000E+00,    3.7101648441E+01,    3.7101648441E+01,    0.0000000000E+00,    0.0000000000E+00,    0.0000000000E+00,    3.7101648441E+01
     58350,      0.676925,CP12_end,   1,    0.0000000000E+00,    3.7101648441E+01,    3.7101648441E+01,    0.0000000000E+00,    0.0000000000E+00,    0.0000000000E+00,    3.7101648441E+01
     58400,      0.676925,CP0_start,   1,    0.0000000000E+00,    3.7159525022E+01,    3.7159525022E+01,    0.0000000000E+00,    0.0000000000E+00,    0.0000000000E+00,    3.7159525022E+01
     58400,      0.676925,CP1_after_deposition,   1,    0.0000000000E+00,    3.7159525022E+01,    3.7159525022E+01,    0.0000000000E+00,    0.0000000000E+00,    0.0000000000E+00,    3.7159525022E+01
     58400,      0.676925,CP2_after_erosion,   1,    0.0000000000E+00,    3.7159525022E+01,    3.7159525022E+01,    0.0000000000E+00,    0.0000000000E+00,    0.0000000000E+00,    3.7159525022E+01
     58400,      0.676925,CP3_after_update_bottom,   1,    0.0000000000E+00,    3.7159525022E+01,    3.7159525022E+01,    0.0000000000E+00,    0.0000000000E+00,    0.0000000000E+00,    3.7159525022E+01
     58400,      0.676925,CP4_after_advection,   1,    0.0000000000E+00,    3.7161544225E+01,    3.7161544225E+01,    0.0000000000E+00,    0.0000000000E+00,    0.0000000000E+00,    3.7161544225E+01
     58400,      0.676925,CP5_after_vdif,   1,    0.0000000000E+00,    3.7161544225E+01,    3.7161544225E+01,    0.0000000000E+00,    0.0000000000E+00,    0.0000000000E+00,    3.7161544225E+01
     58400,      0.676925,CP6_after_kinetics,   1,    0.0000000000E+00,    3.7161544225E+01,    3.7161544225E+01,    0.0000000000E+00,    0.0000000000E+00,    0.0000000000E+00,    3.7161544225E+01
     58400,      0.676925,CP7_after_upper_clamp,   1,    0.0000000000E+00,    3.7161544225E+01,    3.7161544225E+01,    0.0000000000E+00,    0.0000000000E+00,    0.0000000000E+00,    3.7161544225E+01
     58400,      0.676925,CP8_after_OBC,   1,    0.0000000000E+00,    3.7161544225E+01,    3.7161544225E+01,    0.0000000000E+00,    0.0000000000E+00,    0.0000000000E+00,    3.7161544225E+01
     58400,      0.676925,CP9_after_PTsource,   1,    0.0000000000E+00,    3.7161544225E+01,    3.7161544225E+01,    0.0000000000E+00,    0.0000000000E+00,    0.0000000000E+00,    3.7161544225E+01
     58400,      0.676925,CP10_after_neg_clamp,   1,    0.0000000000E+00,    3.7161544225E+01,    3.7161544225E+01,    0.0000000000E+00,    0.0000000000E+00,    0.0000000000E+00,    3.7161544225E+01
     58400,      0.676925,CP11_after_MPI,   1,    0.0000000000E+00,    3.7161544225E+01,    3.7161544225E+01,    0.0000000000E+00,    0.0000000000E+00,    0.0000000000E+00,    3.7161544225E+01
     58400,      0.676925,CP12_end,   1,    0.0000000000E+00,    3.7161544225E+01,    3.7161544225E+01,    0.0000000000E+00,    0.0000000000E+00,    0.0000000000E+00,    3.7161544225E+01
     58450,      0.676925,CP0_start,   1,    0.0000000000E+00,    3.7219523809E+01,    3.7219523809E+01,    0.0000000000E+00,    0.0000000000E+00,    0.0000000000E+00,    3.7219523809E+01
     58450,      0.676925,CP1_after_deposition,   1,    0.0000000000E+00,    3.7219523809E+01,    3.7219523809E+01,    0.0000000000E+00,    0.0000000000E+00,    0.0000000000E+00,    3.7219523809E+01
     58450,      0.676925,CP2_after_erosion,   1,    0.0000000000E+00,    3.7219523809E+01,    3.7219523809E+01,    0.0000000000E+00,    0.0000000000E+00,    0.0000000000E+00,    3.7219523809E+01
     58450,      0.676925,CP3_after_update_bottom,   1,    0.0000000000E+00,    3.7219523809E+01,    3.7219523809E+01,    0.0000000000E+00,    0.0000000000E+00,    0.0000000000E+00,    3.7219523809E+01
     58450,      0.676925,CP4_after_advection,   1,    0.0000000000E+00,    3.7221539407E+01,    3.7221539407E+01,    0.0000000000E+00,    0.0000000000E+00,    0.0000000000E+00,    3.7221539407E+01
     58450,      0.676925,CP5_after_vdif,   1,    0.0000000000E+00,    3.7221539407E+01,    3.7221539407E+01,    0.0000000000E+00,    0.0000000000E+00,    0.0000000000E+00,    3.7221539407E+01
     58450,      0.676925,CP6_after_kinetics,   1,    0.0000000000E+00,    3.7221539407E+01,    3.7221539407E+01,    0.0000000000E+00,    0.0000000000E+00,    0.0000000000E+00,    3.7221539407E+01
     58450,      0.676925,CP7_after_upper_clamp,   1,    0.0000000000E+00,    3.7221539407E+01,    3.7221539407E+01,    0.0000000000E+00,    0.0000000000E+00,    0.0000000000E+00,    3.7221539407E+01
     58450,      0.676925,CP8_after_OBC,   1,    0.0000000000E+00,    3.7221539407E+01,    3.7221539407E+01,    0.0000000000E+00,    0.0000000000E+00,    0.0000000000E+00,    3.7221539407E+01
     58450,      0.676925,CP9_after_PTsource,   1,    0.0000000000E+00,    3.7221539407E+01,    3.7221539407E+01,    0.0000000000E+00,    0.0000000000E+00,    0.0000000000E+00,    3.7221539407E+01
     58450,      0.676925,CP10_after_neg_clamp,   1,    0.0000000000E+00,    3.7221539407E+01,    3.7221539407E+01,    0.0000000000E+00,    0.0000000000E+00,    0.0000000000E+00,    3.7221539407E+01
     58450,      0.676925,CP11_after_MPI,   1,    0.0000000000E+00,    3.7221539407E+01,    3.7221539407E+01,    0.0000000000E+00,    0.0000000000E+00,    0.0000000000E+00,    3.7221539407E+01
     58450,      0.676925,CP12_end,   1,    0.0000000000E+00,    3.7221539407E+01,    3.7221539407E+01,    0.0000000000E+00,    0.0000000000E+00,    0.0000000000E+00,    3.7221539407E+01
     58500,      0.676925,CP0_start,   1,    0.0000000000E+00,    3.7279616267E+01,    3.7279616267E+01,    0.0000000000E+00,    0.0000000000E+00,    0.0000000000E+00,    3.7279616267E+01
     58500,      0.676925,CP1_after_deposition,   1,    0.0000000000E+00,    3.7279616267E+01,    3.7279616267E+01,    0.0000000000E+00,    0.0000000000E+00,    0.0000000000E+00,    3.7279616267E+01
     58500,      0.676925,CP2_after_erosion,   1,    0.0000000000E+00,    3.7279616267E+01,    3.7279616267E+01,    0.0000000000E+00,    0.0000000000E+00,    0.0000000000E+00,    3.7279616267E+01
     58500,      0.676925,CP3_after_update_bottom,   1,    0.0000000000E+00,    3.7279616267E+01,    3.7279616267E+01,    0.0000000000E+00,    0.0000000000E+00,    0.0000000000E+00,    3.7279616267E+01
     58500,      0.676925,CP4_after_advection,   1,    0.0000000000E+00,    3.7281628874E+01,    3.7281628874E+01,    0.0000000000E+00,    0.0000000000E+00,    0.0000000000E+00,    3.7281628874E+01
     58500,      0.676925,CP5_after_vdif,   1,    0.0000000000E+00,    3.7281628874E+01,    3.7281628874E+01,    0.0000000000E+00,    0.0000000000E+00,    0.0000000000E+00,    3.7281628874E+01
     58500,      0.676925,CP6_after_kinetics,   1,    0.0000000000E+00,    3.7281628874E+01,    3.7281628874E+01,    0.0000000000E+00,    0.0000000000E+00,    0.0000000000E+00,    3.7281628874E+01
     58500,      0.676925,CP7_after_upper_clamp,   1,    0.0000000000E+00,    3.7281628874E+01,    3.7281628874E+01,    0.0000000000E+00,    0.0000000000E+00,    0.0000000000E+00,    3.7281628874E+01
     58500,      0.676925,CP8_after_OBC,   1,    0.0000000000E+00,    3.7281628874E+01,    3.7281628874E+01,    0.0000000000E+00,    0.0000000000E+00,    0.0000000000E+00,    3.7281628874E+01
     58500,      0.676925,CP9_after_PTsource,   1,    0.0000000000E+00,    3.7281628874E+01,    3.7281628874E+01,    0.0000000000E+00,    0.0000000000E+00,    0.0000000000E+00,    3.7281628874E+01
     58500,      0.676925,CP10_after_neg_clamp,   1,    0.0000000000E+00,    3.7281628874E+01,    3.7281628874E+01,    0.0000000000E+00,    0.0000000000E+00,    0.0000000000E+00,    3.7281628874E+01
     58500,      0.676925,CP11_after_MPI,   1,    0.0000000000E+00,    3.7281628874E+01,    3.7281628874E+01,    0.0000000000E+00,    0.0000000000E+00,    0.0000000000E+00,    3.7281628874E+01
     58500,      0.676925,CP12_end,   1,    0.0000000000E+00,    3.7281628874E+01,    3.7281628874E+01,    0.0000000000E+00,    0.0000000000E+00,    0.0000000000E+00,    3.7281628874E+01
     58550,      0.676925,CP0_start,   1,    0.0000000000E+00,    3.7339458225E+01,    3.7339458225E+01,    0.0000000000E+00,    0.0000000000E+00,    0.0000000000E+00,    3.7339458225E+01
     58550,      0.676925,CP1_after_deposition,   1,    0.0000000000E+00,    3.7339458225E+01,    3.7339458225E+01,    0.0000000000E+00,    0.0000000000E+00,    0.0000000000E+00,    3.7339458225E+01
     58550,      0.676925,CP2_after_erosion,   1,    0.0000000000E+00,    3.7339458225E+01,    3.7339458225E+01,    0.0000000000E+00,    0.0000000000E+00,    0.0000000000E+00,    3.7339458225E+01
     58550,      0.676925,CP3_after_update_bottom,   1,    0.0000000000E+00,    3.7339458225E+01,    3.7339458225E+01,    0.0000000000E+00,    0.0000000000E+00,    0.0000000000E+00,    3.7339458225E+01
     58550,      0.676925,CP4_after_advection,   1,    0.0000000000E+00,    3.7341468218E+01,    3.7341468218E+01,    0.0000000000E+00,    0.0000000000E+00,    0.0000000000E+00,    3.7341468218E+01
     58550,      0.676925,CP5_after_vdif,   1,    0.0000000000E+00,    3.7341468218E+01,    3.7341468218E+01,    0.0000000000E+00,    0.0000000000E+00,    0.0000000000E+00,    3.7341468218E+01
     58550,      0.676925,CP6_after_kinetics,   1,    0.0000000000E+00,    3.7341468218E+01,    3.7341468218E+01,    0.0000000000E+00,    0.0000000000E+00,    0.0000000000E+00,    3.7341468218E+01
     58550,      0.676925,CP7_after_upper_clamp,   1,    0.0000000000E+00,    3.7341468218E+01,    3.7341468218E+01,    0.0000000000E+00,    0.0000000000E+00,    0.0000000000E+00,    3.7341468218E+01
     58550,      0.676925,CP8_after_OBC,   1,    0.0000000000E+00,    3.7341468218E+01,    3.7341468218E+01,    0.0000000000E+00,    0.0000000000E+00,    0.0000000000E+00,    3.7341468218E+01
     58550,      0.676925,CP9_after_PTsource,   1,    0.0000000000E+00,    3.7341468218E+01,    3.7341468218E+01,    0.0000000000E+00,    0.0000000000E+00,    0.0000000000E+00,    3.7341468218E+01
     58550,      0.676925,CP10_after_neg_clamp,   1,    0.0000000000E+00,    3.7341468218E+01,    3.7341468218E+01,    0.0000000000E+00,    0.0000000000E+00,    0.0000000000E+00,    3.7341468218E+01
     58550,      0.676925,CP11_after_MPI,   1,    0.0000000000E+00,    3.7341468218E+01,    3.7341468218E+01,    0.0000000000E+00,    0.0000000000E+00,    0.0000000000E+00,    3.7341468218E+01
     58550,      0.676925,CP12_end,   1,    0.0000000000E+00,    3.7341468218E+01,    3.7341468218E+01,    0.0000000000E+00,    0.0000000000E+00,    0.0000000000E+00,    3.7341468218E+01
     58600,      0.676925,CP0_start,   1,    0.0000000000E+00,    3.7399368396E+01,    3.7399368396E+01,    0.0000000000E+00,    0.0000000000E+00,    0.0000000000E+00,    3.7399368396E+01
     58600,      0.676925,CP1_after_deposition,   1,    0.0000000000E+00,    3.7399368396E+01,    3.7399368396E+01,    0.0000000000E+00,    0.0000000000E+00,    0.0000000000E+00,    3.7399368396E+01
     58600,      0.676925,CP2_after_erosion,   1,    0.0000000000E+00,    3.7399368396E+01,    3.7399368396E+01,    0.0000000000E+00,    0.0000000000E+00,    0.0000000000E+00,    3.7399368396E+01
     58600,      0.676925,CP3_after_update_bottom,   1,    0.0000000000E+00,    3.7399368396E+01,    3.7399368396E+01,    0.0000000000E+00,    0.0000000000E+00,    0.0000000000E+00,    3.7399368396E+01
     58600,      0.676925,CP4_after_advection,   1,    0.0000000000E+00,    3.7401375272E+01,    3.7401375272E+01,    0.0000000000E+00,    0.0000000000E+00,    0.0000000000E+00,    3.7401375272E+01
     58600,      0.676925,CP5_after_vdif,   1,    0.0000000000E+00,    3.7401375272E+01,    3.7401375272E+01,    0.0000000000E+00,    0.0000000000E+00,    0.0000000000E+00,    3.7401375272E+01
     58600,      0.676925,CP6_after_kinetics,   1,    0.0000000000E+00,    3.7401375272E+01,    3.7401375272E+01,    0.0000000000E+00,    0.0000000000E+00,    0.0000000000E+00,    3.7401375272E+01
     58600,      0.676925,CP7_after_upper_clamp,   1,    0.0000000000E+00,    3.7401375272E+01,    3.7401375272E+01,    0.0000000000E+00,    0.0000000000E+00,    0.0000000000E+00,    3.7401375272E+01
     58600,      0.676925,CP8_after_OBC,   1,    0.0000000000E+00,    3.7401375272E+01,    3.7401375272E+01,    0.0000000000E+00,    0.0000000000E+00,    0.0000000000E+00,    3.7401375272E+01
     58600,      0.676925,CP9_after_PTsource,   1,    0.0000000000E+00,    3.7401375272E+01,    3.7401375272E+01,    0.0000000000E+00,    0.0000000000E+00,    0.0000000000E+00,    3.7401375272E+01
     58600,      0.676925,CP10_after_neg_clamp,   1,    0.0000000000E+00,    3.7401375272E+01,    3.7401375272E+01,    0.0000000000E+00,    0.0000000000E+00,    0.0000000000E+00,    3.7401375272E+01
     58600,      0.676925,CP11_after_MPI,   1,    0.0000000000E+00,    3.7401375272E+01,    3.7401375272E+01,    0.0000000000E+00,    0.0000000000E+00,    0.0000000000E+00,    3.7401375272E+01
     58600,      0.676925,CP12_end,   1,    0.0000000000E+00,    3.7401375272E+01,    3.7401375272E+01,    0.0000000000E+00,    0.0000000000E+00,    0.0000000000E+00,    3.7401375272E+01
     58650,      0.676925,CP0_start,   1,    0.0000000000E+00,    3.7459327277E+01,    3.7459327277E+01,    0.0000000000E+00,    0.0000000000E+00,    0.0000000000E+00,    3.7459327277E+01
     58650,      0.676925,CP1_after_deposition,   1,    0.0000000000E+00,    3.7459327277E+01,    3.7459327277E+01,    0.0000000000E+00,    0.0000000000E+00,    0.0000000000E+00,    3.7459327277E+01
     58650,      0.676925,CP2_after_erosion,   1,    0.0000000000E+00,    3.7459327277E+01,    3.7459327277E+01,    0.0000000000E+00,    0.0000000000E+00,    0.0000000000E+00,    3.7459327277E+01
     58650,      0.676925,CP3_after_update_bottom,   1,    0.0000000000E+00,    3.7459327277E+01,    3.7459327277E+01,    0.0000000000E+00,    0.0000000000E+00,    0.0000000000E+00,    3.7459327277E+01
     58650,      0.676925,CP4_after_advection,   1,    0.0000000000E+00,    3.7461331322E+01,    3.7461331322E+01,    0.0000000000E+00,    0.0000000000E+00,    0.0000000000E+00,    3.7461331322E+01
     58650,      0.676925,CP5_after_vdif,   1,    0.0000000000E+00,    3.7461331322E+01,    3.7461331322E+01,    0.0000000000E+00,    0.0000000000E+00,    0.0000000000E+00,    3.7461331322E+01
     58650,      0.676925,CP6_after_kinetics,   1,    0.0000000000E+00,    3.7461331322E+01,    3.7461331322E+01,    0.0000000000E+00,    0.0000000000E+00,    0.0000000000E+00,    3.7461331322E+01
     58650,      0.676925,CP7_after_upper_clamp,   1,    0.0000000000E+00,    3.7461331322E+01,    3.7461331322E+01,    0.0000000000E+00,    0.0000000000E+00,    0.0000000000E+00,    3.7461331322E+01
     58650,      0.676925,CP8_after_OBC,   1,    0.0000000000E+00,    3.7461331322E+01,    3.7461331322E+01,    0.0000000000E+00,    0.0000000000E+00,    0.0000000000E+00,    3.7461331322E+01
     58650,      0.676925,CP9_after_PTsource,   1,    0.0000000000E+00,    3.7461331322E+01,    3.7461331322E+01,    0.0000000000E+00,    0.0000000000E+00,    0.0000000000E+00,    3.7461331322E+01
     58650,      0.676925,CP10_after_neg_clamp,   1,    0.0000000000E+00,    3.7461331322E+01,    3.7461331322E+01,    0.0000000000E+00,    0.0000000000E+00,    0.0000000000E+00,    3.7461331322E+01
     58650,      0.676925,CP11_after_MPI,   1,    0.0000000000E+00,    3.7461331322E+01,    3.7461331322E+01,    0.0000000000E+00,    0.0000000000E+00,    0.0000000000E+00,    3.7461331322E+01
     58650,      0.676925,CP12_end,   1,    0.0000000000E+00,    3.7461331322E+01,    3.7461331322E+01,    0.0000000000E+00,    0.0000000000E+00,    0.0000000000E+00,    3.7461331322E+01
     58700,      0.676925,CP0_start,   1,    0.0000000000E+00,    3.7519335607E+01,    3.7519335607E+01,    0.0000000000E+00,    0.0000000000E+00,    0.0000000000E+00,    3.7519335607E+01
     58700,      0.676925,CP1_after_deposition,   1,    0.0000000000E+00,    3.7519335607E+01,    3.7519335607E+01,    0.0000000000E+00,    0.0000000000E+00,    0.0000000000E+00,    3.7519335607E+01
     58700,      0.676925,CP2_after_erosion,   1,    0.0000000000E+00,    3.7519335607E+01,    3.7519335607E+01,    0.0000000000E+00,    0.0000000000E+00,    0.0000000000E+00,    3.7519335607E+01
     58700,      0.676925,CP3_after_update_bottom,   1,    0.0000000000E+00,    3.7519335607E+01,    3.7519335607E+01,    0.0000000000E+00,    0.0000000000E+00,    0.0000000000E+00,    3.7519335607E+01
     58700,      0.676925,CP4_after_advection,   1,    0.0000000000E+00,    3.7521336161E+01,    3.7521336161E+01,    0.0000000000E+00,    0.0000000000E+00,    0.0000000000E+00,    3.7521336161E+01
     58700,      0.676925,CP5_after_vdif,   1,    0.0000000000E+00,    3.7521336161E+01,    3.7521336161E+01,    0.0000000000E+00,    0.0000000000E+00,    0.0000000000E+00,    3.7521336161E+01
     58700,      0.676925,CP6_after_kinetics,   1,    0.0000000000E+00,    3.7521336161E+01,    3.7521336161E+01,    0.0000000000E+00,    0.0000000000E+00,    0.0000000000E+00,    3.7521336161E+01
     58700,      0.676925,CP7_after_upper_clamp,   1,    0.0000000000E+00,    3.7521336161E+01,    3.7521336161E+01,    0.0000000000E+00,    0.0000000000E+00,    0.0000000000E+00,    3.7521336161E+01
     58700,      0.676925,CP8_after_OBC,   1,    0.0000000000E+00,    3.7521336161E+01,    3.7521336161E+01,    0.0000000000E+00,    0.0000000000E+00,    0.0000000000E+00,    3.7521336161E+01
     58700,      0.676925,CP9_after_PTsource,   1,    0.0000000000E+00,    3.7521336161E+01,    3.7521336161E+01,    0.0000000000E+00,    0.0000000000E+00,    0.0000000000E+00,    3.7521336161E+01
     58700,      0.676925,CP10_after_neg_clamp,   1,    0.0000000000E+00,    3.7521336161E+01,    3.7521336161E+01,    0.0000000000E+00,    0.0000000000E+00,    0.0000000000E+00,    3.7521336161E+01
     58700,      0.676925,CP11_after_MPI,   1,    0.0000000000E+00,    3.7521336161E+01,    3.7521336161E+01,    0.0000000000E+00,    0.0000000000E+00,    0.0000000000E+00,    3.7521336161E+01
     58700,      0.676925,CP12_end,   1,    0.0000000000E+00,    3.7521336161E+01,    3.7521336161E+01,    0.0000000000E+00,    0.0000000000E+00,    0.0000000000E+00,    3.7521336161E+01
     58750,      0.676925,CP0_start,   1,    0.0000000000E+00,    3.7579396316E+01,    3.7579396316E+01,    0.0000000000E+00,    0.0000000000E+00,    0.0000000000E+00,    3.7579396316E+01
     58750,      0.676925,CP1_after_deposition,   1,    0.0000000000E+00,    3.7579396316E+01,    3.7579396316E+01,    0.0000000000E+00,    0.0000000000E+00,    0.0000000000E+00,    3.7579396316E+01
     58750,      0.676925,CP2_after_erosion,   1,    0.0000000000E+00,    3.7579396316E+01,    3.7579396316E+01,    0.0000000000E+00,    0.0000000000E+00,    0.0000000000E+00,    3.7579396316E+01
     58750,      0.676925,CP3_after_update_bottom,   1,    0.0000000000E+00,    3.7579396316E+01,    3.7579396316E+01,    0.0000000000E+00,    0.0000000000E+00,    0.0000000000E+00,    3.7579396316E+01
     58750,      0.676925,CP4_after_advection,   1,    0.0000000000E+00,    3.7581393174E+01,    3.7581393174E+01,    0.0000000000E+00,    0.0000000000E+00,    0.0000000000E+00,    3.7581393174E+01
     58750,      0.676925,CP5_after_vdif,   1,    0.0000000000E+00,    3.7581393174E+01,    3.7581393174E+01,    0.0000000000E+00,    0.0000000000E+00,    0.0000000000E+00,    3.7581393174E+01
     58750,      0.676925,CP6_after_kinetics,   1,    0.0000000000E+00,    3.7581393174E+01,    3.7581393174E+01,    0.0000000000E+00,    0.0000000000E+00,    0.0000000000E+00,    3.7581393174E+01
     58750,      0.676925,CP7_after_upper_clamp,   1,    0.0000000000E+00,    3.7581393174E+01,    3.7581393174E+01,    0.0000000000E+00,    0.0000000000E+00,    0.0000000000E+00,    3.7581393174E+01
     58750,      0.676925,CP8_after_OBC,   1,    0.0000000000E+00,    3.7581393174E+01,    3.7581393174E+01,    0.0000000000E+00,    0.0000000000E+00,    0.0000000000E+00,    3.7581393174E+01
     58750,      0.676925,CP9_after_PTsource,   1,    0.0000000000E+00,    3.7581393174E+01,    3.7581393174E+01,    0.0000000000E+00,    0.0000000000E+00,    0.0000000000E+00,    3.7581393174E+01
     58750,      0.676925,CP10_after_neg_clamp,   1,    0.0000000000E+00,    3.7581393174E+01,    3.7581393174E+01,    0.0000000000E+00,    0.0000000000E+00,    0.0000000000E+00,    3.7581393174E+01
     58750,      0.676925,CP11_after_MPI,   1,    0.0000000000E+00,    3.7581393174E+01,    3.7581393174E+01,    0.0000000000E+00,    0.0000000000E+00,    0.0000000000E+00,    3.7581393174E+01
     58750,      0.676925,CP12_end,   1,    0.0000000000E+00,    3.7581393174E+01,    3.7581393174E+01,    0.0000000000E+00,    0.0000000000E+00,    0.0000000000E+00,    3.7581393174E+01
     58800,      0.676925,CP0_start,   1,    0.0000000000E+00,    3.7639488692E+01,    3.7639488692E+01,    0.0000000000E+00,    0.0000000000E+00,    0.0000000000E+00,    3.7639488692E+01
     58800,      0.676925,CP1_after_deposition,   1,    0.0000000000E+00,    3.7639488692E+01,    3.7639488692E+01,    0.0000000000E+00,    0.0000000000E+00,    0.0000000000E+00,    3.7639488692E+01
     58800,      0.676925,CP2_after_erosion,   1,    0.0000000000E+00,    3.7639488692E+01,    3.7639488692E+01,    0.0000000000E+00,    0.0000000000E+00,    0.0000000000E+00,    3.7639488692E+01
     58800,      0.676925,CP3_after_update_bottom,   1,    0.0000000000E+00,    3.7639488692E+01,    3.7639488692E+01,    0.0000000000E+00,    0.0000000000E+00,    0.0000000000E+00,    3.7639488692E+01
     58800,      0.676925,CP4_after_advection,   1,    0.0000000000E+00,    3.7641482763E+01,    3.7641482763E+01,    0.0000000000E+00,    0.0000000000E+00,    0.0000000000E+00,    3.7641482763E+01
     58800,      0.676925,CP5_after_vdif,   1,    0.0000000000E+00,    3.7641482763E+01,    3.7641482763E+01,    0.0000000000E+00,    0.0000000000E+00,    0.0000000000E+00,    3.7641482763E+01
     58800,      0.676925,CP6_after_kinetics,   1,    0.0000000000E+00,    3.7641482763E+01,    3.7641482763E+01,    0.0000000000E+00,    0.0000000000E+00,    0.0000000000E+00,    3.7641482763E+01
     58800,      0.676925,CP7_after_upper_clamp,   1,    0.0000000000E+00,    3.7641482763E+01,    3.7641482763E+01,    0.0000000000E+00,    0.0000000000E+00,    0.0000000000E+00,    3.7641482763E+01
     58800,      0.676925,CP8_after_OBC,   1,    0.0000000000E+00,    3.7641482763E+01,    3.7641482763E+01,    0.0000000000E+00,    0.0000000000E+00,    0.0000000000E+00,    3.7641482763E+01
     58800,      0.676925,CP9_after_PTsource,   1,    0.0000000000E+00,    3.7641482763E+01,    3.7641482763E+01,    0.0000000000E+00,    0.0000000000E+00,    0.0000000000E+00,    3.7641482763E+01
     58800,      0.676925,CP10_after_neg_clamp,   1,    0.0000000000E+00,    3.7641482763E+01,    3.7641482763E+01,    0.0000000000E+00,    0.0000000000E+00,    0.0000000000E+00,    3.7641482763E+01
     58800,      0.676925,CP11_after_MPI,   1,    0.0000000000E+00,    3.7641482763E+01,    3.7641482763E+01,    0.0000000000E+00,    0.0000000000E+00,    0.0000000000E+00,    3.7641482763E+01
     58800,      0.676925,CP12_end,   1,    0.0000000000E+00,    3.7641482763E+01,    3.7641482763E+01,    0.0000000000E+00,    0.0000000000E+00,    0.0000000000E+00,    3.7641482763E+01
     58850,      0.676925,CP0_start,   1,    0.0000000000E+00,    3.7699627083E+01,    3.7699627083E+01,    0.0000000000E+00,    0.0000000000E+00,    0.0000000000E+00,    3.7699627083E+01
     58850,      0.676925,CP1_after_deposition,   1,    0.0000000000E+00,    3.7699627083E+01,    3.7699627083E+01,    0.0000000000E+00,    0.0000000000E+00,    0.0000000000E+00,    3.7699627083E+01
     58850,      0.676925,CP2_after_erosion,   1,    0.0000000000E+00,    3.7699627083E+01,    3.7699627083E+01,    0.0000000000E+00,    0.0000000000E+00,    0.0000000000E+00,    3.7699627083E+01
     58850,      0.676925,CP3_after_update_bottom,   1,    0.0000000000E+00,    3.7699627083E+01,    3.7699627083E+01,    0.0000000000E+00,    0.0000000000E+00,    0.0000000000E+00,    3.7699627083E+01
     58850,      0.676925,CP4_after_advection,   1,    0.0000000000E+00,    3.7701616329E+01,    3.7701616329E+01,    0.0000000000E+00,    0.0000000000E+00,    0.0000000000E+00,    3.7701616329E+01
     58850,      0.676925,CP5_after_vdif,   1,    0.0000000000E+00,    3.7701616329E+01,    3.7701616329E+01,    0.0000000000E+00,    0.0000000000E+00,    0.0000000000E+00,    3.7701616329E+01
     58850,      0.676925,CP6_after_kinetics,   1,    0.0000000000E+00,    3.7701616329E+01,    3.7701616329E+01,    0.0000000000E+00,    0.0000000000E+00,    0.0000000000E+00,    3.7701616329E+01
     58850,      0.676925,CP7_after_upper_clamp,   1,    0.0000000000E+00,    3.7701616329E+01,    3.7701616329E+01,    0.0000000000E+00,    0.0000000000E+00,    0.0000000000E+00,    3.7701616329E+01
     58850,      0.676925,CP8_after_OBC,   1,    0.0000000000E+00,    3.7701616329E+01,    3.7701616329E+01,    0.0000000000E+00,    0.0000000000E+00,    0.0000000000E+00,    3.7701616329E+01
     58850,      0.676925,CP9_after_PTsource,   1,    0.0000000000E+00,    3.7701616329E+01,    3.7701616329E+01,    0.0000000000E+00,    0.0000000000E+00,    0.0000000000E+00,    3.7701616329E+01
     58850,      0.676925,CP10_after_neg_clamp,   1,    0.0000000000E+00,    3.7701616329E+01,    3.7701616329E+01,    0.0000000000E+00,    0.0000000000E+00,    0.0000000000E+00,    3.7701616329E+01
     58850,      0.676925,CP11_after_MPI,   1,    0.0000000000E+00,    3.7701616329E+01,    3.7701616329E+01,    0.0000000000E+00,    0.0000000000E+00,    0.0000000000E+00,    3.7701616329E+01
     58850,      0.676925,CP12_end,   1,    0.0000000000E+00,    3.7701616329E+01,    3.7701616329E+01,    0.0000000000E+00,    0.0000000000E+00,    0.0000000000E+00,    3.7701616329E+01
     58900,      0.676926,CP0_start,   1,    0.0000000000E+00,    3.7759757762E+01,    3.7759757762E+01,    0.0000000000E+00,    0.0000000000E+00,    0.0000000000E+00,    3.7759757762E+01
     58900,      0.676926,CP1_after_deposition,   1,    0.0000000000E+00,    3.7759757762E+01,    3.7759757762E+01,    0.0000000000E+00,    0.0000000000E+00,    0.0000000000E+00,    3.7759757762E+01
     58900,      0.676926,CP2_after_erosion,   1,    0.0000000000E+00,    3.7759757762E+01,    3.7759757762E+01,    0.0000000000E+00,    0.0000000000E+00,    0.0000000000E+00,    3.7759757762E+01
     58900,      0.676926,CP3_after_update_bottom,   1,    0.0000000000E+00,    3.7759757762E+01,    3.7759757762E+01,    0.0000000000E+00,    0.0000000000E+00,    0.0000000000E+00,    3.7759757762E+01
     58900,      0.676926,CP4_after_advection,   1,    0.0000000000E+00,    3.7761743368E+01,    3.7761743368E+01,    0.0000000000E+00,    0.0000000000E+00,    0.0000000000E+00,    3.7761743368E+01
     58900,      0.676926,CP5_after_vdif,   1,    0.0000000000E+00,    3.7761743368E+01,    3.7761743368E+01,    0.0000000000E+00,    0.0000000000E+00,    0.0000000000E+00,    3.7761743368E+01
     58900,      0.676926,CP6_after_kinetics,   1,    0.0000000000E+00,    3.7761743368E+01,    3.7761743368E+01,    0.0000000000E+00,    0.0000000000E+00,    0.0000000000E+00,    3.7761743368E+01
     58900,      0.676926,CP7_after_upper_clamp,   1,    0.0000000000E+00,    3.7761743368E+01,    3.7761743368E+01,    0.0000000000E+00,    0.0000000000E+00,    0.0000000000E+00,    3.7761743368E+01
     58900,      0.676926,CP8_after_OBC,   1,    0.0000000000E+00,    3.7761743368E+01,    3.7761743368E+01,    0.0000000000E+00,    0.0000000000E+00,    0.0000000000E+00,    3.7761743368E+01
     58900,      0.676926,CP9_after_PTsource,   1,    0.0000000000E+00,    3.7761743368E+01,    3.7761743368E+01,    0.0000000000E+00,    0.0000000000E+00,    0.0000000000E+00,    3.7761743368E+01
     58900,      0.676926,CP10_after_neg_clamp,   1,    0.0000000000E+00,    3.7761743368E+01,    3.7761743368E+01,    0.0000000000E+00,    0.0000000000E+00,    0.0000000000E+00,    3.7761743368E+01
     58900,      0.676926,CP11_after_MPI,   1,    0.0000000000E+00,    3.7761743368E+01,    3.7761743368E+01,    0.0000000000E+00,    0.0000000000E+00,    0.0000000000E+00,    3.7761743368E+01
     58900,      0.676926,CP12_end,   1,    0.0000000000E+00,    3.7761743368E+01,    3.7761743368E+01,    0.0000000000E+00,    0.0000000000E+00,    0.0000000000E+00,    3.7761743368E+01
     58950,      0.676926,CP0_start,   1,    0.0000000000E+00,    3.7819907945E+01,    3.7819907945E+01,    0.0000000000E+00,    0.0000000000E+00,    0.0000000000E+00,    3.7819907945E+01
     58950,      0.676926,CP1_after_deposition,   1,    0.0000000000E+00,    3.7819907945E+01,    3.7819907945E+01,    0.0000000000E+00,    0.0000000000E+00,    0.0000000000E+00,    3.7819907945E+01
     58950,      0.676926,CP2_after_erosion,   1,    0.0000000000E+00,    3.7819907945E+01,    3.7819907945E+01,    0.0000000000E+00,    0.0000000000E+00,    0.0000000000E+00,    3.7819907945E+01
     58950,      0.676926,CP3_after_update_bottom,   1,    0.0000000000E+00,    3.7819907945E+01,    3.7819907945E+01,    0.0000000000E+00,    0.0000000000E+00,    0.0000000000E+00,    3.7819907945E+01
     58950,      0.676926,CP4_after_advection,   1,    0.0000000000E+00,    3.7821889611E+01,    3.7821889611E+01,    0.0000000000E+00,    0.0000000000E+00,    0.0000000000E+00,    3.7821889611E+01
     58950,      0.676926,CP5_after_vdif,   1,    0.0000000000E+00,    3.7821889611E+01,    3.7821889611E+01,    0.0000000000E+00,    0.0000000000E+00,    0.0000000000E+00,    3.7821889611E+01
     58950,      0.676926,CP6_after_kinetics,   1,    0.0000000000E+00,    3.7821889611E+01,    3.7821889611E+01,    0.0000000000E+00,    0.0000000000E+00,    0.0000000000E+00,    3.7821889611E+01
     58950,      0.676926,CP7_after_upper_clamp,   1,    0.0000000000E+00,    3.7821889611E+01,    3.7821889611E+01,    0.0000000000E+00,    0.0000000000E+00,    0.0000000000E+00,    3.7821889611E+01
     58950,      0.676926,CP8_after_OBC,   1,    0.0000000000E+00,    3.7821889611E+01,    3.7821889611E+01,    0.0000000000E+00,    0.0000000000E+00,    0.0000000000E+00,    3.7821889611E+01
     58950,      0.676926,CP9_after_PTsource,   1,    0.0000000000E+00,    3.7821889611E+01,    3.7821889611E+01,    0.0000000000E+00,    0.0000000000E+00,    0.0000000000E+00,    3.7821889611E+01
     58950,      0.676926,CP10_after_neg_clamp,   1,    0.0000000000E+00,    3.7821889611E+01,    3.7821889611E+01,    0.0000000000E+00,    0.0000000000E+00,    0.0000000000E+00,    3.7821889611E+01
     58950,      0.676926,CP11_after_MPI,   1,    0.0000000000E+00,    3.7821889611E+01,    3.7821889611E+01,    0.0000000000E+00,    0.0000000000E+00,    0.0000000000E+00,    3.7821889611E+01
     58950,      0.676926,CP12_end,   1,    0.0000000000E+00,    3.7821889611E+01,    3.7821889611E+01,    0.0000000000E+00,    0.0000000000E+00,    0.0000000000E+00,    3.7821889611E+01
     59000,      0.676926,CP0_start,   1,    0.0000000000E+00,    3.7880077541E+01,    3.7880077541E+01,    0.0000000000E+00,    0.0000000000E+00,    0.0000000000E+00,    3.7880077541E+01
     59000,      0.676926,CP1_after_deposition,   1,    0.0000000000E+00,    3.7880077541E+01,    3.7880077541E+01,    0.0000000000E+00,    0.0000000000E+00,    0.0000000000E+00,    3.7880077541E+01
     59000,      0.676926,CP2_after_erosion,   1,    0.0000000000E+00,    3.7880077541E+01,    3.7880077541E+01,    0.0000000000E+00,    0.0000000000E+00,    0.0000000000E+00,    3.7880077541E+01
     59000,      0.676926,CP3_after_update_bottom,   1,    0.0000000000E+00,    3.7880077541E+01,    3.7880077541E+01,    0.0000000000E+00,    0.0000000000E+00,    0.0000000000E+00,    3.7880077541E+01
     59000,      0.676926,CP4_after_advection,   1,    0.0000000000E+00,    3.7882055325E+01,    3.7882055325E+01,    0.0000000000E+00,    0.0000000000E+00,    0.0000000000E+00,    3.7882055325E+01
     59000,      0.676926,CP5_after_vdif,   1,    0.0000000000E+00,    3.7882055325E+01,    3.7882055325E+01,    0.0000000000E+00,    0.0000000000E+00,    0.0000000000E+00,    3.7882055325E+01
     59000,      0.676926,CP6_after_kinetics,   1,    0.0000000000E+00,    3.7882055325E+01,    3.7882055325E+01,    0.0000000000E+00,    0.0000000000E+00,    0.0000000000E+00,    3.7882055325E+01
     59000,      0.676926,CP7_after_upper_clamp,   1,    0.0000000000E+00,    3.7882055325E+01,    3.7882055325E+01,    0.0000000000E+00,    0.0000000000E+00,    0.0000000000E+00,    3.7882055325E+01
     59000,      0.676926,CP8_after_OBC,   1,    0.0000000000E+00,    3.7882055325E+01,    3.7882055325E+01,    0.0000000000E+00,    0.0000000000E+00,    0.0000000000E+00,    3.7882055325E+01
     59000,      0.676926,CP9_after_PTsource,   1,    0.0000000000E+00,    3.7882055325E+01,    3.7882055325E+01,    0.0000000000E+00,    0.0000000000E+00,    0.0000000000E+00,    3.7882055325E+01
     59000,      0.676926,CP10_after_neg_clamp,   1,    0.0000000000E+00,    3.7882055325E+01,    3.7882055325E+01,    0.0000000000E+00,    0.0000000000E+00,    0.0000000000E+00,    3.7882055325E+01
     59000,      0.676926,CP11_after_MPI,   1,    0.0000000000E+00,    3.7882055325E+01,    3.7882055325E+01,    0.0000000000E+00,    0.0000000000E+00,    0.0000000000E+00,    3.7882055325E+01
     59000,      0.676926,CP12_end,   1,    0.0000000000E+00,    3.7882055325E+01,    3.7882055325E+01,    0.0000000000E+00,    0.0000000000E+00,    0.0000000000E+00,    3.7882055325E+01
     59050,      0.676926,CP0_start,   1,    0.0000000000E+00,    3.7940260606E+01,    3.7940260606E+01,    0.0000000000E+00,    0.0000000000E+00,    0.0000000000E+00,    3.7940260606E+01
     59050,      0.676926,CP1_after_deposition,   1,    0.0000000000E+00,    3.7940260606E+01,    3.7940260606E+01,    0.0000000000E+00,    0.0000000000E+00,    0.0000000000E+00,    3.7940260606E+01
     59050,      0.676926,CP2_after_erosion,   1,    0.0000000000E+00,    3.7940260606E+01,    3.7940260606E+01,    0.0000000000E+00,    0.0000000000E+00,    0.0000000000E+00,    3.7940260606E+01
     59050,      0.676926,CP3_after_update_bottom,   1,    0.0000000000E+00,    3.7940260606E+01,    3.7940260606E+01,    0.0000000000E+00,    0.0000000000E+00,    0.0000000000E+00,    3.7940260606E+01
     59050,      0.676926,CP4_after_advection,   1,    0.0000000000E+00,    3.7942234405E+01,    3.7942234405E+01,    0.0000000000E+00,    0.0000000000E+00,    0.0000000000E+00,    3.7942234405E+01
     59050,      0.676926,CP5_after_vdif,   1,    0.0000000000E+00,    3.7942234405E+01,    3.7942234405E+01,    0.0000000000E+00,    0.0000000000E+00,    0.0000000000E+00,    3.7942234405E+01
     59050,      0.676926,CP6_after_kinetics,   1,    0.0000000000E+00,    3.7942234405E+01,    3.7942234405E+01,    0.0000000000E+00,    0.0000000000E+00,    0.0000000000E+00,    3.7942234405E+01
     59050,      0.676926,CP7_after_upper_clamp,   1,    0.0000000000E+00,    3.7942234405E+01,    3.7942234405E+01,    0.0000000000E+00,    0.0000000000E+00,    0.0000000000E+00,    3.7942234405E+01
     59050,      0.676926,CP8_after_OBC,   1,    0.0000000000E+00,    3.7942234405E+01,    3.7942234405E+01,    0.0000000000E+00,    0.0000000000E+00,    0.0000000000E+00,    3.7942234405E+01
     59050,      0.676926,CP9_after_PTsource,   1,    0.0000000000E+00,    3.7942234405E+01,    3.7942234405E+01,    0.0000000000E+00,    0.0000000000E+00,    0.0000000000E+00,    3.7942234405E+01
     59050,      0.676926,CP10_after_neg_clamp,   1,    0.0000000000E+00,    3.7942234405E+01,    3.7942234405E+01,    0.0000000000E+00,    0.0000000000E+00,    0.0000000000E+00,    3.7942234405E+01
     59050,      0.676926,CP11_after_MPI,   1,    0.0000000000E+00,    3.7942234405E+01,    3.7942234405E+01,    0.0000000000E+00,    0.0000000000E+00,    0.0000000000E+00,    3.7942234405E+01
     59050,      0.676926,CP12_end,   1,    0.0000000000E+00,    3.7942234405E+01,    3.7942234405E+01,    0.0000000000E+00,    0.0000000000E+00,    0.0000000000E+00,    3.7942234405E+01
     59100,      0.676926,CP0_start,   1,    0.0000000000E+00,    3.8000464509E+01,    3.8000464509E+01,    0.0000000000E+00,    0.0000000000E+00,    0.0000000000E+00,    3.8000464509E+01
     59100,      0.676926,CP1_after_deposition,   1,    0.0000000000E+00,    3.8000464509E+01,    3.8000464509E+01,    0.0000000000E+00,    0.0000000000E+00,    0.0000000000E+00,    3.8000464509E+01
     59100,      0.676926,CP2_after_erosion,   1,    0.0000000000E+00,    3.8000464509E+01,    3.8000464509E+01,    0.0000000000E+00,    0.0000000000E+00,    0.0000000000E+00,    3.8000464509E+01
     59100,      0.676926,CP3_after_update_bottom,   1,    0.0000000000E+00,    3.8000464509E+01,    3.8000464509E+01,    0.0000000000E+00,    0.0000000000E+00,    0.0000000000E+00,    3.8000464509E+01
     59100,      0.676926,CP4_after_advection,   1,    0.0000000000E+00,    3.8002433559E+01,    3.8002433559E+01,    0.0000000000E+00,    0.0000000000E+00,    0.0000000000E+00,    3.8002433559E+01
     59100,      0.676926,CP5_after_vdif,   1,    0.0000000000E+00,    3.8002433559E+01,    3.8002433559E+01,    0.0000000000E+00,    0.0000000000E+00,    0.0000000000E+00,    3.8002433559E+01
     59100,      0.676926,CP6_after_kinetics,   1,    0.0000000000E+00,    3.8002433559E+01,    3.8002433559E+01,    0.0000000000E+00,    0.0000000000E+00,    0.0000000000E+00,    3.8002433559E+01
     59100,      0.676926,CP7_after_upper_clamp,   1,    0.0000000000E+00,    3.8002433559E+01,    3.8002433559E+01,    0.0000000000E+00,    0.0000000000E+00,    0.0000000000E+00,    3.8002433559E+01
     59100,      0.676926,CP8_after_OBC,   1,    0.0000000000E+00,    3.8002433559E+01,    3.8002433559E+01,    0.0000000000E+00,    0.0000000000E+00,    0.0000000000E+00,    3.8002433559E+01
     59100,      0.676926,CP9_after_PTsource,   1,    0.0000000000E+00,    3.8002433559E+01,    3.8002433559E+01,    0.0000000000E+00,    0.0000000000E+00,    0.0000000000E+00,    3.8002433559E+01
     59100,      0.676926,CP10_after_neg_clamp,   1,    0.0000000000E+00,    3.8002433559E+01,    3.8002433559E+01,    0.0000000000E+00,    0.0000000000E+00,    0.0000000000E+00,    3.8002433559E+01
     59100,      0.676926,CP11_after_MPI,   1,    0.0000000000E+00,    3.8002433559E+01,    3.8002433559E+01,    0.0000000000E+00,    0.0000000000E+00,    0.0000000000E+00,    3.8002433559E+01
     59100,      0.676926,CP12_end,   1,    0.0000000000E+00,    3.8002433559E+01,    3.8002433559E+01,    0.0000000000E+00,    0.0000000000E+00,    0.0000000000E+00,    3.8002433559E+01
     59150,      0.676926,CP0_start,   1,    0.0000000000E+00,    3.8060687938E+01,    3.8060687938E+01,    0.0000000000E+00,    0.0000000000E+00,    0.0000000000E+00,    3.8060687938E+01
     59150,      0.676926,CP1_after_deposition,   1,    0.0000000000E+00,    3.8060687938E+01,    3.8060687938E+01,    0.0000000000E+00,    0.0000000000E+00,    0.0000000000E+00,    3.8060687938E+01
     59150,      0.676926,CP2_after_erosion,   1,    0.0000000000E+00,    3.8060687938E+01,    3.8060687938E+01,    0.0000000000E+00,    0.0000000000E+00,    0.0000000000E+00,    3.8060687938E+01
     59150,      0.676926,CP3_after_update_bottom,   1,    0.0000000000E+00,    3.8060687938E+01,    3.8060687938E+01,    0.0000000000E+00,    0.0000000000E+00,    0.0000000000E+00,    3.8060687938E+01
     59150,      0.676926,CP4_after_advection,   1,    0.0000000000E+00,    3.8062652977E+01,    3.8062652977E+01,    0.0000000000E+00,    0.0000000000E+00,    0.0000000000E+00,    3.8062652977E+01
     59150,      0.676926,CP5_after_vdif,   1,    0.0000000000E+00,    3.8062652977E+01,    3.8062652977E+01,    0.0000000000E+00,    0.0000000000E+00,    0.0000000000E+00,    3.8062652977E+01
     59150,      0.676926,CP6_after_kinetics,   1,    0.0000000000E+00,    3.8062652977E+01,    3.8062652977E+01,    0.0000000000E+00,    0.0000000000E+00,    0.0000000000E+00,    3.8062652977E+01
     59150,      0.676926,CP7_after_upper_clamp,   1,    0.0000000000E+00,    3.8062652977E+01,    3.8062652977E+01,    0.0000000000E+00,    0.0000000000E+00,    0.0000000000E+00,    3.8062652977E+01
     59150,      0.676926,CP8_after_OBC,   1,    0.0000000000E+00,    3.8062652977E+01,    3.8062652977E+01,    0.0000000000E+00,    0.0000000000E+00,    0.0000000000E+00,    3.8062652977E+01
     59150,      0.676926,CP9_after_PTsource,   1,    0.0000000000E+00,    3.8062652977E+01,    3.8062652977E+01,    0.0000000000E+00,    0.0000000000E+00,    0.0000000000E+00,    3.8062652977E+01
     59150,      0.676926,CP10_after_neg_clamp,   1,    0.0000000000E+00,    3.8062652977E+01,    3.8062652977E+01,    0.0000000000E+00,    0.0000000000E+00,    0.0000000000E+00,    3.8062652977E+01
     59150,      0.676926,CP11_after_MPI,   1,    0.0000000000E+00,    3.8062652977E+01,    3.8062652977E+01,    0.0000000000E+00,    0.0000000000E+00,    0.0000000000E+00,    3.8062652977E+01
     59150,      0.676926,CP12_end,   1,    0.0000000000E+00,    3.8062652977E+01,    3.8062652977E+01,    0.0000000000E+00,    0.0000000000E+00,    0.0000000000E+00,    3.8062652977E+01
     59200,      0.676926,CP0_start,   1,    0.0000000000E+00,    3.8120900538E+01,    3.8120900538E+01,    0.0000000000E+00,    0.0000000000E+00,    0.0000000000E+00,    3.8120900538E+01
     59200,      0.676926,CP1_after_deposition,   1,    0.0000000000E+00,    3.8120900538E+01,    3.8120900538E+01,    0.0000000000E+00,    0.0000000000E+00,    0.0000000000E+00,    3.8120900538E+01
     59200,      0.676926,CP2_after_erosion,   1,    0.0000000000E+00,    3.8120900538E+01,    3.8120900538E+01,    0.0000000000E+00,    0.0000000000E+00,    0.0000000000E+00,    3.8120900538E+01
     59200,      0.676926,CP3_after_update_bottom,   1,    0.0000000000E+00,    3.8120900538E+01,    3.8120900538E+01,    0.0000000000E+00,    0.0000000000E+00,    0.0000000000E+00,    3.8120900538E+01
     59200,      0.676926,CP4_after_advection,   1,    0.0000000000E+00,    3.8122861743E+01,    3.8122861743E+01,    0.0000000000E+00,    0.0000000000E+00,    0.0000000000E+00,    3.8122861743E+01
     59200,      0.676926,CP5_after_vdif,   1,    0.0000000000E+00,    3.8122861743E+01,    3.8122861743E+01,    0.0000000000E+00,    0.0000000000E+00,    0.0000000000E+00,    3.8122861743E+01
     59200,      0.676926,CP6_after_kinetics,   1,    0.0000000000E+00,    3.8122861743E+01,    3.8122861743E+01,    0.0000000000E+00,    0.0000000000E+00,    0.0000000000E+00,    3.8122861743E+01
     59200,      0.676926,CP7_after_upper_clamp,   1,    0.0000000000E+00,    3.8122861743E+01,    3.8122861743E+01,    0.0000000000E+00,    0.0000000000E+00,    0.0000000000E+00,    3.8122861743E+01
     59200,      0.676926,CP8_after_OBC,   1,    0.0000000000E+00,    3.8122861743E+01,    3.8122861743E+01,    0.0000000000E+00,    0.0000000000E+00,    0.0000000000E+00,    3.8122861743E+01
     59200,      0.676926,CP9_after_PTsource,   1,    0.0000000000E+00,    3.8122861743E+01,    3.8122861743E+01,    0.0000000000E+00,    0.0000000000E+00,    0.0000000000E+00,    3.8122861743E+01
     59200,      0.676926,CP10_after_neg_clamp,   1,    0.0000000000E+00,    3.8122861743E+01,    3.8122861743E+01,    0.0000000000E+00,    0.0000000000E+00,    0.0000000000E+00,    3.8122861743E+01
     59200,      0.676926,CP11_after_MPI,   1,    0.0000000000E+00,    3.8122861743E+01,    3.8122861743E+01,    0.0000000000E+00,    0.0000000000E+00,    0.0000000000E+00,    3.8122861743E+01
     59200,      0.676926,CP12_end,   1,    0.0000000000E+00,    3.8122861743E+01,    3.8122861743E+01,    0.0000000000E+00,    0.0000000000E+00,    0.0000000000E+00,    3.8122861743E+01
     59250,      0.676926,CP0_start,   1,    0.0000000000E+00,    3.8181119602E+01,    3.8181119602E+01,    0.0000000000E+00,    0.0000000000E+00,    0.0000000000E+00,    3.8181119602E+01
     59250,      0.676926,CP1_after_deposition,   1,    0.0000000000E+00,    3.8181119602E+01,    3.8181119602E+01,    0.0000000000E+00,    0.0000000000E+00,    0.0000000000E+00,    3.8181119602E+01
     59250,      0.676926,CP2_after_erosion,   1,    0.0000000000E+00,    3.8181119602E+01,    3.8181119602E+01,    0.0000000000E+00,    0.0000000000E+00,    0.0000000000E+00,    3.8181119602E+01
     59250,      0.676926,CP3_after_update_bottom,   1,    0.0000000000E+00,    3.8181119602E+01,    3.8181119602E+01,    0.0000000000E+00,    0.0000000000E+00,    0.0000000000E+00,    3.8181119602E+01
     59250,      0.676926,CP4_after_advection,   1,    0.0000000000E+00,    3.8183077611E+01,    3.8183077611E+01,    0.0000000000E+00,    0.0000000000E+00,    0.0000000000E+00,    3.8183077611E+01
     59250,      0.676926,CP5_after_vdif,   1,    0.0000000000E+00,    3.8183077611E+01,    3.8183077611E+01,    0.0000000000E+00,    0.0000000000E+00,    0.0000000000E+00,    3.8183077611E+01
     59250,      0.676926,CP6_after_kinetics,   1,    0.0000000000E+00,    3.8183077611E+01,    3.8183077611E+01,    0.0000000000E+00,    0.0000000000E+00,    0.0000000000E+00,    3.8183077611E+01
     59250,      0.676926,CP7_after_upper_clamp,   1,    0.0000000000E+00,    3.8183077611E+01,    3.8183077611E+01,    0.0000000000E+00,    0.0000000000E+00,    0.0000000000E+00,    3.8183077611E+01
     59250,      0.676926,CP8_after_OBC,   1,    0.0000000000E+00,    3.8183077611E+01,    3.8183077611E+01,    0.0000000000E+00,    0.0000000000E+00,    0.0000000000E+00,    3.8183077611E+01
     59250,      0.676926,CP9_after_PTsource,   1,    0.0000000000E+00,    3.8183077611E+01,    3.8183077611E+01,    0.0000000000E+00,    0.0000000000E+00,    0.0000000000E+00,    3.8183077611E+01
     59250,      0.676926,CP10_after_neg_clamp,   1,    0.0000000000E+00,    3.8183077611E+01,    3.8183077611E+01,    0.0000000000E+00,    0.0000000000E+00,    0.0000000000E+00,    3.8183077611E+01
     59250,      0.676926,CP11_after_MPI,   1,    0.0000000000E+00,    3.8183077611E+01,    3.8183077611E+01,    0.0000000000E+00,    0.0000000000E+00,    0.0000000000E+00,    3.8183077611E+01
     59250,      0.676926,CP12_end,   1,    0.0000000000E+00,    3.8183077611E+01,    3.8183077611E+01,    0.0000000000E+00,    0.0000000000E+00,    0.0000000000E+00,    3.8183077611E+01
     59300,      0.676926,CP0_start,   1,    0.0000000000E+00,    3.8241363881E+01,    3.8241363881E+01,    0.0000000000E+00,    0.0000000000E+00,    0.0000000000E+00,    3.8241363881E+01
     59300,      0.676926,CP1_after_deposition,   1,    0.0000000000E+00,    3.8241363881E+01,    3.8241363881E+01,    0.0000000000E+00,    0.0000000000E+00,    0.0000000000E+00,    3.8241363881E+01
     59300,      0.676926,CP2_after_erosion,   1,    0.0000000000E+00,    3.8241363881E+01,    3.8241363881E+01,    0.0000000000E+00,    0.0000000000E+00,    0.0000000000E+00,    3.8241363881E+01
     59300,      0.676926,CP3_after_update_bottom,   1,    0.0000000000E+00,    3.8241363881E+01,    3.8241363881E+01,    0.0000000000E+00,    0.0000000000E+00,    0.0000000000E+00,    3.8241363881E+01
     59300,      0.676926,CP4_after_advection,   1,    0.0000000000E+00,    3.8243316362E+01,    3.8243316362E+01,    0.0000000000E+00,    0.0000000000E+00,    0.0000000000E+00,    3.8243316362E+01
     59300,      0.676926,CP5_after_vdif,   1,    0.0000000000E+00,    3.8243316362E+01,    3.8243316362E+01,    0.0000000000E+00,    0.0000000000E+00,    0.0000000000E+00,    3.8243316362E+01
     59300,      0.676926,CP6_after_kinetics,   1,    0.0000000000E+00,    3.8243316362E+01,    3.8243316362E+01,    0.0000000000E+00,    0.0000000000E+00,    0.0000000000E+00,    3.8243316362E+01
     59300,      0.676926,CP7_after_upper_clamp,   1,    0.0000000000E+00,    3.8243316362E+01,    3.8243316362E+01,    0.0000000000E+00,    0.0000000000E+00,    0.0000000000E+00,    3.8243316362E+01
     59300,      0.676926,CP8_after_OBC,   1,    0.0000000000E+00,    3.8243316362E+01,    3.8243316362E+01,    0.0000000000E+00,    0.0000000000E+00,    0.0000000000E+00,    3.8243316362E+01
     59300,      0.676926,CP9_after_PTsource,   1,    0.0000000000E+00,    3.8243316362E+01,    3.8243316362E+01,    0.0000000000E+00,    0.0000000000E+00,    0.0000000000E+00,    3.8243316362E+01
     59300,      0.676926,CP10_after_neg_clamp,   1,    0.0000000000E+00,    3.8243316362E+01,    3.8243316362E+01,    0.0000000000E+00,    0.0000000000E+00,    0.0000000000E+00,    3.8243316362E+01
     59300,      0.676926,CP11_after_MPI,   1,    0.0000000000E+00,    3.8243316362E+01,    3.8243316362E+01,    0.0000000000E+00,    0.0000000000E+00,    0.0000000000E+00,    3.8243316362E+01
     59300,      0.676926,CP12_end,   1,    0.0000000000E+00,    3.8243316362E+01,    3.8243316362E+01,    0.0000000000E+00,    0.0000000000E+00,    0.0000000000E+00,    3.8243316362E+01
     59350,      0.676926,CP0_start,   1,    0.0000000000E+00,    3.8301619997E+01,    3.8301619997E+01,    0.0000000000E+00,    0.0000000000E+00,    0.0000000000E+00,    3.8301619997E+01
     59350,      0.676926,CP1_after_deposition,   1,    0.0000000000E+00,    3.8301619997E+01,    3.8301619997E+01,    0.0000000000E+00,    0.0000000000E+00,    0.0000000000E+00,    3.8301619997E+01
     59350,      0.676926,CP2_after_erosion,   1,    0.0000000000E+00,    3.8301619997E+01,    3.8301619997E+01,    0.0000000000E+00,    0.0000000000E+00,    0.0000000000E+00,    3.8301619997E+01
     59350,      0.676926,CP3_after_update_bottom,   1,    0.0000000000E+00,    3.8301619997E+01,    3.8301619997E+01,    0.0000000000E+00,    0.0000000000E+00,    0.0000000000E+00,    3.8301619997E+01
     59350,      0.676926,CP4_after_advection,   1,    0.0000000000E+00,    3.8303567121E+01,    3.8303567121E+01,    0.0000000000E+00,    0.0000000000E+00,    0.0000000000E+00,    3.8303567121E+01
     59350,      0.676926,CP5_after_vdif,   1,    0.0000000000E+00,    3.8303567121E+01,    3.8303567121E+01,    0.0000000000E+00,    0.0000000000E+00,    0.0000000000E+00,    3.8303567121E+01
     59350,      0.676926,CP6_after_kinetics,   1,    0.0000000000E+00,    3.8303567121E+01,    3.8303567121E+01,    0.0000000000E+00,    0.0000000000E+00,    0.0000000000E+00,    3.8303567121E+01
     59350,      0.676926,CP7_after_upper_clamp,   1,    0.0000000000E+00,    3.8303567121E+01,    3.8303567121E+01,    0.0000000000E+00,    0.0000000000E+00,    0.0000000000E+00,    3.8303567121E+01
     59350,      0.676926,CP8_after_OBC,   1,    0.0000000000E+00,    3.8303567121E+01,    3.8303567121E+01,    0.0000000000E+00,    0.0000000000E+00,    0.0000000000E+00,    3.8303567121E+01
     59350,      0.676926,CP9_after_PTsource,   1,    0.0000000000E+00,    3.8303567121E+01,    3.8303567121E+01,    0.0000000000E+00,    0.0000000000E+00,    0.0000000000E+00,    3.8303567121E+01
     59350,      0.676926,CP10_after_neg_clamp,   1,    0.0000000000E+00,    3.8303567121E+01,    3.8303567121E+01,    0.0000000000E+00,    0.0000000000E+00,    0.0000000000E+00,    3.8303567121E+01
     59350,      0.676926,CP11_after_MPI,   1,    0.0000000000E+00,    3.8303567121E+01,    3.8303567121E+01,    0.0000000000E+00,    0.0000000000E+00,    0.0000000000E+00,    3.8303567121E+01
     59350,      0.676926,CP12_end,   1,    0.0000000000E+00,    3.8303567121E+01,    3.8303567121E+01,    0.0000000000E+00,    0.0000000000E+00,    0.0000000000E+00,    3.8303567121E+01
     59400,      0.676926,CP0_start,   1,    0.0000000000E+00,    3.8361882845E+01,    3.8361882845E+01,    0.0000000000E+00,    0.0000000000E+00,    0.0000000000E+00,    3.8361882845E+01
     59400,      0.676926,CP1_after_deposition,   1,    0.0000000000E+00,    3.8361882845E+01,    3.8361882845E+01,    0.0000000000E+00,    0.0000000000E+00,    0.0000000000E+00,    3.8361882845E+01
     59400,      0.676926,CP2_after_erosion,   1,    0.0000000000E+00,    3.8361882845E+01,    3.8361882845E+01,    0.0000000000E+00,    0.0000000000E+00,    0.0000000000E+00,    3.8361882845E+01
     59400,      0.676926,CP3_after_update_bottom,   1,    0.0000000000E+00,    3.8361882845E+01,    3.8361882845E+01,    0.0000000000E+00,    0.0000000000E+00,    0.0000000000E+00,    3.8361882845E+01
     59400,      0.676926,CP4_after_advection,   1,    0.0000000000E+00,    3.8363824357E+01,    3.8363824357E+01,    0.0000000000E+00,    0.0000000000E+00,    0.0000000000E+00,    3.8363824357E+01
     59400,      0.676926,CP5_after_vdif,   1,    0.0000000000E+00,    3.8363824357E+01,    3.8363824357E+01,    0.0000000000E+00,    0.0000000000E+00,    0.0000000000E+00,    3.8363824357E+01
     59400,      0.676926,CP6_after_kinetics,   1,    0.0000000000E+00,    3.8363824357E+01,    3.8363824357E+01,    0.0000000000E+00,    0.0000000000E+00,    0.0000000000E+00,    3.8363824357E+01
     59400,      0.676926,CP7_after_upper_clamp,   1,    0.0000000000E+00,    3.8363824357E+01,    3.8363824357E+01,    0.0000000000E+00,    0.0000000000E+00,    0.0000000000E+00,    3.8363824357E+01
     59400,      0.676926,CP8_after_OBC,   1,    0.0000000000E+00,    3.8363824357E+01,    3.8363824357E+01,    0.0000000000E+00,    0.0000000000E+00,    0.0000000000E+00,    3.8363824357E+01
     59400,      0.676926,CP9_after_PTsource,   1,    0.0000000000E+00,    3.8363824357E+01,    3.8363824357E+01,    0.0000000000E+00,    0.0000000000E+00,    0.0000000000E+00,    3.8363824357E+01
     59400,      0.676926,CP10_after_neg_clamp,   1,    0.0000000000E+00,    3.8363824357E+01,    3.8363824357E+01,    0.0000000000E+00,    0.0000000000E+00,    0.0000000000E+00,    3.8363824357E+01
     59400,      0.676926,CP11_after_MPI,   1,    0.0000000000E+00,    3.8363824357E+01,    3.8363824357E+01,    0.0000000000E+00,    0.0000000000E+00,    0.0000000000E+00,    3.8363824357E+01
     59400,      0.676926,CP12_end,   1,    0.0000000000E+00,    3.8363824357E+01,    3.8363824357E+01,    0.0000000000E+00,    0.0000000000E+00,    0.0000000000E+00,    3.8363824357E+01
     59450,      0.676926,CP0_start,   1,    0.0000000000E+00,    3.8422156311E+01,    3.8422156311E+01,    0.0000000000E+00,    0.0000000000E+00,    0.0000000000E+00,    3.8422156311E+01
     59450,      0.676926,CP1_after_deposition,   1,    0.0000000000E+00,    3.8422156311E+01,    3.8422156311E+01,    0.0000000000E+00,    0.0000000000E+00,    0.0000000000E+00,    3.8422156311E+01
     59450,      0.676926,CP2_after_erosion,   1,    0.0000000000E+00,    3.8422156311E+01,    3.8422156311E+01,    0.0000000000E+00,    0.0000000000E+00,    0.0000000000E+00,    3.8422156311E+01
     59450,      0.676926,CP3_after_update_bottom,   1,    0.0000000000E+00,    3.8422156311E+01,    3.8422156311E+01,    0.0000000000E+00,    0.0000000000E+00,    0.0000000000E+00,    3.8422156311E+01
     59450,      0.676926,CP4_after_advection,   1,    0.0000000000E+00,    3.8424094702E+01,    3.8424094702E+01,    0.0000000000E+00,    0.0000000000E+00,    0.0000000000E+00,    3.8424094702E+01
     59450,      0.676926,CP5_after_vdif,   1,    0.0000000000E+00,    3.8424094702E+01,    3.8424094702E+01,    0.0000000000E+00,    0.0000000000E+00,    0.0000000000E+00,    3.8424094702E+01
     59450,      0.676926,CP6_after_kinetics,   1,    0.0000000000E+00,    3.8424094702E+01,    3.8424094702E+01,    0.0000000000E+00,    0.0000000000E+00,    0.0000000000E+00,    3.8424094702E+01
     59450,      0.676926,CP7_after_upper_clamp,   1,    0.0000000000E+00,    3.8424094702E+01,    3.8424094702E+01,    0.0000000000E+00,    0.0000000000E+00,    0.0000000000E+00,    3.8424094702E+01
     59450,      0.676926,CP8_after_OBC,   1,    0.0000000000E+00,    3.8424094702E+01,    3.8424094702E+01,    0.0000000000E+00,    0.0000000000E+00,    0.0000000000E+00,    3.8424094702E+01
     59450,      0.676926,CP9_after_PTsource,   1,    0.0000000000E+00,    3.8424094702E+01,    3.8424094702E+01,    0.0000000000E+00,    0.0000000000E+00,    0.0000000000E+00,    3.8424094702E+01
     59450,      0.676926,CP10_after_neg_clamp,   1,    0.0000000000E+00,    3.8424094702E+01,    3.8424094702E+01,    0.0000000000E+00,    0.0000000000E+00,    0.0000000000E+00,    3.8424094702E+01
     59450,      0.676926,CP11_after_MPI,   1,    0.0000000000E+00,    3.8424094702E+01,    3.8424094702E+01,    0.0000000000E+00,    0.0000000000E+00,    0.0000000000E+00,    3.8424094702E+01
     59450,      0.676926,CP12_end,   1,    0.0000000000E+00,    3.8424094702E+01,    3.8424094702E+01,    0.0000000000E+00,    0.0000000000E+00,    0.0000000000E+00,    3.8424094702E+01
     59500,      0.676926,CP0_start,   1,    0.0000000000E+00,    3.8482454429E+01,    3.8482454429E+01,    0.0000000000E+00,    0.0000000000E+00,    0.0000000000E+00,    3.8482454429E+01
     59500,      0.676926,CP1_after_deposition,   1,    0.0000000000E+00,    3.8482454429E+01,    3.8482454429E+01,    0.0000000000E+00,    0.0000000000E+00,    0.0000000000E+00,    3.8482454429E+01
     59500,      0.676926,CP2_after_erosion,   1,    0.0000000000E+00,    3.8482454429E+01,    3.8482454429E+01,    0.0000000000E+00,    0.0000000000E+00,    0.0000000000E+00,    3.8482454429E+01
     59500,      0.676926,CP3_after_update_bottom,   1,    0.0000000000E+00,    3.8482454429E+01,    3.8482454429E+01,    0.0000000000E+00,    0.0000000000E+00,    0.0000000000E+00,    3.8482454429E+01
     59500,      0.676926,CP4_after_advection,   1,    0.0000000000E+00,    3.8484388983E+01,    3.8484388983E+01,    0.0000000000E+00,    0.0000000000E+00,    0.0000000000E+00,    3.8484388983E+01
     59500,      0.676926,CP5_after_vdif,   1,    0.0000000000E+00,    3.8484388983E+01,    3.8484388983E+01,    0.0000000000E+00,    0.0000000000E+00,    0.0000000000E+00,    3.8484388983E+01
     59500,      0.676926,CP6_after_kinetics,   1,    0.0000000000E+00,    3.8484388983E+01,    3.8484388983E+01,    0.0000000000E+00,    0.0000000000E+00,    0.0000000000E+00,    3.8484388983E+01
     59500,      0.676926,CP7_after_upper_clamp,   1,    0.0000000000E+00,    3.8484388983E+01,    3.8484388983E+01,    0.0000000000E+00,    0.0000000000E+00,    0.0000000000E+00,    3.8484388983E+01
     59500,      0.676926,CP8_after_OBC,   1,    0.0000000000E+00,    3.8484388983E+01,    3.8484388983E+01,    0.0000000000E+00,    0.0000000000E+00,    0.0000000000E+00,    3.8484388983E+01
     59500,      0.676926,CP9_after_PTsource,   1,    0.0000000000E+00,    3.8484388983E+01,    3.8484388983E+01,    0.0000000000E+00,    0.0000000000E+00,    0.0000000000E+00,    3.8484388983E+01
     59500,      0.676926,CP10_after_neg_clamp,   1,    0.0000000000E+00,    3.8484388983E+01,    3.8484388983E+01,    0.0000000000E+00,    0.0000000000E+00,    0.0000000000E+00,    3.8484388983E+01
     59500,      0.676926,CP11_after_MPI,   1,    0.0000000000E+00,    3.8484388983E+01,    3.8484388983E+01,    0.0000000000E+00,    0.0000000000E+00,    0.0000000000E+00,    3.8484388983E+01
     59500,      0.676926,CP12_end,   1,    0.0000000000E+00,    3.8484388983E+01,    3.8484388983E+01,    0.0000000000E+00,    0.0000000000E+00,    0.0000000000E+00,    3.8484388983E+01
     59550,      0.676926,CP0_start,   1,    0.0000000000E+00,    3.8542788190E+01,    3.8542788190E+01,    0.0000000000E+00,    0.0000000000E+00,    0.0000000000E+00,    3.8542788190E+01
     59550,      0.676926,CP1_after_deposition,   1,    0.0000000000E+00,    3.8542788190E+01,    3.8542788190E+01,    0.0000000000E+00,    0.0000000000E+00,    0.0000000000E+00,    3.8542788190E+01
     59550,      0.676926,CP2_after_erosion,   1,    0.0000000000E+00,    3.8542788190E+01,    3.8542788190E+01,    0.0000000000E+00,    0.0000000000E+00,    0.0000000000E+00,    3.8542788190E+01
     59550,      0.676926,CP3_after_update_bottom,   1,    0.0000000000E+00,    3.8542788190E+01,    3.8542788190E+01,    0.0000000000E+00,    0.0000000000E+00,    0.0000000000E+00,    3.8542788190E+01
     59550,      0.676926,CP4_after_advection,   1,    0.0000000000E+00,    3.8544719879E+01,    3.8544719879E+01,    0.0000000000E+00,    0.0000000000E+00,    0.0000000000E+00,    3.8544719879E+01
     59550,      0.676926,CP5_after_vdif,   1,    0.0000000000E+00,    3.8544719879E+01,    3.8544719879E+01,    0.0000000000E+00,    0.0000000000E+00,    0.0000000000E+00,    3.8544719879E+01
     59550,      0.676926,CP6_after_kinetics,   1,    0.0000000000E+00,    3.8544719879E+01,    3.8544719879E+01,    0.0000000000E+00,    0.0000000000E+00,    0.0000000000E+00,    3.8544719879E+01
     59550,      0.676926,CP7_after_upper_clamp,   1,    0.0000000000E+00,    3.8544719879E+01,    3.8544719879E+01,    0.0000000000E+00,    0.0000000000E+00,    0.0000000000E+00,    3.8544719879E+01
     59550,      0.676926,CP8_after_OBC,   1,    0.0000000000E+00,    3.8544719879E+01,    3.8544719879E+01,    0.0000000000E+00,    0.0000000000E+00,    0.0000000000E+00,    3.8544719879E+01
     59550,      0.676926,CP9_after_PTsource,   1,    0.0000000000E+00,    3.8544719879E+01,    3.8544719879E+01,    0.0000000000E+00,    0.0000000000E+00,    0.0000000000E+00,    3.8544719879E+01
     59550,      0.676926,CP10_after_neg_clamp,   1,    0.0000000000E+00,    3.8544719879E+01,    3.8544719879E+01,    0.0000000000E+00,    0.0000000000E+00,    0.0000000000E+00,    3.8544719879E+01
     59550,      0.676926,CP11_after_MPI,   1,    0.0000000000E+00,    3.8544719879E+01,    3.8544719879E+01,    0.0000000000E+00,    0.0000000000E+00,    0.0000000000E+00,    3.8544719879E+01
     59550,      0.676926,CP12_end,   1,    0.0000000000E+00,    3.8544719879E+01,    3.8544719879E+01,    0.0000000000E+00,    0.0000000000E+00,    0.0000000000E+00,    3.8544719879E+01
     59600,      0.676926,CP0_start,   1,    0.0000000000E+00,    3.8603152270E+01,    3.8603152270E+01,    0.0000000000E+00,    0.0000000000E+00,    0.0000000000E+00,    3.8603152270E+01
     59600,      0.676926,CP1_after_deposition,   1,    0.0000000000E+00,    3.8603152270E+01,    3.8603152270E+01,    0.0000000000E+00,    0.0000000000E+00,    0.0000000000E+00,    3.8603152270E+01
     59600,      0.676926,CP2_after_erosion,   1,    0.0000000000E+00,    3.8603152270E+01,    3.8603152270E+01,    0.0000000000E+00,    0.0000000000E+00,    0.0000000000E+00,    3.8603152270E+01
     59600,      0.676926,CP3_after_update_bottom,   1,    0.0000000000E+00,    3.8603152270E+01,    3.8603152270E+01,    0.0000000000E+00,    0.0000000000E+00,    0.0000000000E+00,    3.8603152270E+01
     59600,      0.676926,CP4_after_advection,   1,    0.0000000000E+00,    3.8605079835E+01,    3.8605079835E+01,    0.0000000000E+00,    0.0000000000E+00,    0.0000000000E+00,    3.8605079835E+01
     59600,      0.676926,CP5_after_vdif,   1,    0.0000000000E+00,    3.8605079835E+01,    3.8605079835E+01,    0.0000000000E+00,    0.0000000000E+00,    0.0000000000E+00,    3.8605079835E+01
     59600,      0.676926,CP6_after_kinetics,   1,    0.0000000000E+00,    3.8605079835E+01,    3.8605079835E+01,    0.0000000000E+00,    0.0000000000E+00,    0.0000000000E+00,    3.8605079835E+01
     59600,      0.676926,CP7_after_upper_clamp,   1,    0.0000000000E+00,    3.8605079835E+01,    3.8605079835E+01,    0.0000000000E+00,    0.0000000000E+00,    0.0000000000E+00,    3.8605079835E+01
     59600,      0.676926,CP8_after_OBC,   1,    0.0000000000E+00,    3.8605079835E+01,    3.8605079835E+01,    0.0000000000E+00,    0.0000000000E+00,    0.0000000000E+00,    3.8605079835E+01
     59600,      0.676926,CP9_after_PTsource,   1,    0.0000000000E+00,    3.8605079835E+01,    3.8605079835E+01,    0.0000000000E+00,    0.0000000000E+00,    0.0000000000E+00,    3.8605079835E+01
     59600,      0.676926,CP10_after_neg_clamp,   1,    0.0000000000E+00,    3.8605079835E+01,    3.8605079835E+01,    0.0000000000E+00,    0.0000000000E+00,    0.0000000000E+00,    3.8605079835E+01
     59600,      0.676926,CP11_after_MPI,   1,    0.0000000000E+00,    3.8605079835E+01,    3.8605079835E+01,    0.0000000000E+00,    0.0000000000E+00,    0.0000000000E+00,    3.8605079835E+01
     59600,      0.676926,CP12_end,   1,    0.0000000000E+00,    3.8605079835E+01,    3.8605079835E+01,    0.0000000000E+00,    0.0000000000E+00,    0.0000000000E+00,    3.8605079835E+01
     59650,      0.676926,CP0_start,   1,    0.0000000000E+00,    3.8663561151E+01,    3.8663561151E+01,    0.0000000000E+00,    0.0000000000E+00,    0.0000000000E+00,    3.8663561151E+01
     59650,      0.676926,CP1_after_deposition,   1,    0.0000000000E+00,    3.8663561151E+01,    3.8663561151E+01,    0.0000000000E+00,    0.0000000000E+00,    0.0000000000E+00,    3.8663561151E+01
     59650,      0.676926,CP2_after_erosion,   1,    0.0000000000E+00,    3.8663561151E+01,    3.8663561151E+01,    0.0000000000E+00,    0.0000000000E+00,    0.0000000000E+00,    3.8663561151E+01
     59650,      0.676926,CP3_after_update_bottom,   1,    0.0000000000E+00,    3.8663561151E+01,    3.8663561151E+01,    0.0000000000E+00,    0.0000000000E+00,    0.0000000000E+00,    3.8663561151E+01
     59650,      0.676926,CP4_after_advection,   1,    0.0000000000E+00,    3.8665484356E+01,    3.8665484356E+01,    0.0000000000E+00,    0.0000000000E+00,    0.0000000000E+00,    3.8665484356E+01
     59650,      0.676926,CP5_after_vdif,   1,    0.0000000000E+00,    3.8665484356E+01,    3.8665484356E+01,    0.0000000000E+00,    0.0000000000E+00,    0.0000000000E+00,    3.8665484356E+01
     59650,      0.676926,CP6_after_kinetics,   1,    0.0000000000E+00,    3.8665484356E+01,    3.8665484356E+01,    0.0000000000E+00,    0.0000000000E+00,    0.0000000000E+00,    3.8665484356E+01
     59650,      0.676926,CP7_after_upper_clamp,   1,    0.0000000000E+00,    3.8665484356E+01,    3.8665484356E+01,    0.0000000000E+00,    0.0000000000E+00,    0.0000000000E+00,    3.8665484356E+01
     59650,      0.676926,CP8_after_OBC,   1,    0.0000000000E+00,    3.8665484356E+01,    3.8665484356E+01,    0.0000000000E+00,    0.0000000000E+00,    0.0000000000E+00,    3.8665484356E+01
     59650,      0.676926,CP9_after_PTsource,   1,    0.0000000000E+00,    3.8665484356E+01,    3.8665484356E+01,    0.0000000000E+00,    0.0000000000E+00,    0.0000000000E+00,    3.8665484356E+01
     59650,      0.676926,CP10_after_neg_clamp,   1,    0.0000000000E+00,    3.8665484356E+01,    3.8665484356E+01,    0.0000000000E+00,    0.0000000000E+00,    0.0000000000E+00,    3.8665484356E+01
     59650,      0.676926,CP11_after_MPI,   1,    0.0000000000E+00,    3.8665484356E+01,    3.8665484356E+01,    0.0000000000E+00,    0.0000000000E+00,    0.0000000000E+00,    3.8665484356E+01
     59650,      0.676926,CP12_end,   1,    0.0000000000E+00,    3.8665484356E+01,    3.8665484356E+01,    0.0000000000E+00,    0.0000000000E+00,    0.0000000000E+00,    3.8665484356E+01
     59700,      0.676926,CP0_start,   1,    0.0000000000E+00,    3.8723989896E+01,    3.8723989896E+01,    0.0000000000E+00,    0.0000000000E+00,    0.0000000000E+00,    3.8723989896E+01
     59700,      0.676926,CP1_after_deposition,   1,    0.0000000000E+00,    3.8723989896E+01,    3.8723989896E+01,    0.0000000000E+00,    0.0000000000E+00,    0.0000000000E+00,    3.8723989896E+01
     59700,      0.676926,CP2_after_erosion,   1,    0.0000000000E+00,    3.8723989896E+01,    3.8723989896E+01,    0.0000000000E+00,    0.0000000000E+00,    0.0000000000E+00,    3.8723989896E+01
     59700,      0.676926,CP3_after_update_bottom,   1,    0.0000000000E+00,    3.8723989896E+01,    3.8723989896E+01,    0.0000000000E+00,    0.0000000000E+00,    0.0000000000E+00,    3.8723989896E+01
     59700,      0.676926,CP4_after_advection,   1,    0.0000000000E+00,    3.8725910154E+01,    3.8725910154E+01,    0.0000000000E+00,    0.0000000000E+00,    0.0000000000E+00,    3.8725910154E+01
     59700,      0.676926,CP5_after_vdif,   1,    0.0000000000E+00,    3.8725910154E+01,    3.8725910154E+01,    0.0000000000E+00,    0.0000000000E+00,    0.0000000000E+00,    3.8725910154E+01
     59700,      0.676926,CP6_after_kinetics,   1,    0.0000000000E+00,    3.8725910154E+01,    3.8725910154E+01,    0.0000000000E+00,    0.0000000000E+00,    0.0000000000E+00,    3.8725910154E+01
     59700,      0.676926,CP7_after_upper_clamp,   1,    0.0000000000E+00,    3.8725910154E+01,    3.8725910154E+01,    0.0000000000E+00,    0.0000000000E+00,    0.0000000000E+00,    3.8725910154E+01
     59700,      0.676926,CP8_after_OBC,   1,    0.0000000000E+00,    3.8725910154E+01,    3.8725910154E+01,    0.0000000000E+00,    0.0000000000E+00,    0.0000000000E+00,    3.8725910154E+01
     59700,      0.676926,CP9_after_PTsource,   1,    0.0000000000E+00,    3.8725910154E+01,    3.8725910154E+01,    0.0000000000E+00,    0.0000000000E+00,    0.0000000000E+00,    3.8725910154E+01
     59700,      0.676926,CP10_after_neg_clamp,   1,    0.0000000000E+00,    3.8725910154E+01,    3.8725910154E+01,    0.0000000000E+00,    0.0000000000E+00,    0.0000000000E+00,    3.8725910154E+01
     59700,      0.676926,CP11_after_MPI,   1,    0.0000000000E+00,    3.8725910154E+01,    3.8725910154E+01,    0.0000000000E+00,    0.0000000000E+00,    0.0000000000E+00,    3.8725910154E+01
     59700,      0.676926,CP12_end,   1,    0.0000000000E+00,    3.8725910154E+01,    3.8725910154E+01,    0.0000000000E+00,    0.0000000000E+00,    0.0000000000E+00,    3.8725910154E+01
     59750,      0.676926,CP0_start,   1,    0.0000000000E+00,    3.8784481911E+01,    3.8784481911E+01,    0.0000000000E+00,    0.0000000000E+00,    0.0000000000E+00,    3.8784481911E+01
     59750,      0.676926,CP1_after_deposition,   1,    0.0000000000E+00,    3.8784481911E+01,    3.8784481911E+01,    0.0000000000E+00,    0.0000000000E+00,    0.0000000000E+00,    3.8784481911E+01
     59750,      0.676926,CP2_after_erosion,   1,    0.0000000000E+00,    3.8784481911E+01,    3.8784481911E+01,    0.0000000000E+00,    0.0000000000E+00,    0.0000000000E+00,    3.8784481911E+01
     59750,      0.676926,CP3_after_update_bottom,   1,    0.0000000000E+00,    3.8784481911E+01,    3.8784481911E+01,    0.0000000000E+00,    0.0000000000E+00,    0.0000000000E+00,    3.8784481911E+01
     59750,      0.676926,CP4_after_advection,   1,    0.0000000000E+00,    3.8786399078E+01,    3.8786399078E+01,    0.0000000000E+00,    0.0000000000E+00,    0.0000000000E+00,    3.8786399078E+01
     59750,      0.676926,CP5_after_vdif,   1,    0.0000000000E+00,    3.8786399078E+01,    3.8786399078E+01,    0.0000000000E+00,    0.0000000000E+00,    0.0000000000E+00,    3.8786399078E+01
     59750,      0.676926,CP6_after_kinetics,   1,    0.0000000000E+00,    3.8786399078E+01,    3.8786399078E+01,    0.0000000000E+00,    0.0000000000E+00,    0.0000000000E+00,    3.8786399078E+01
     59750,      0.676926,CP7_after_upper_clamp,   1,    0.0000000000E+00,    3.8786399078E+01,    3.8786399078E+01,    0.0000000000E+00,    0.0000000000E+00,    0.0000000000E+00,    3.8786399078E+01
     59750,      0.676926,CP8_after_OBC,   1,    0.0000000000E+00,    3.8786399078E+01,    3.8786399078E+01,    0.0000000000E+00,    0.0000000000E+00,    0.0000000000E+00,    3.8786399078E+01
     59750,      0.676926,CP9_after_PTsource,   1,    0.0000000000E+00,    3.8786399078E+01,    3.8786399078E+01,    0.0000000000E+00,    0.0000000000E+00,    0.0000000000E+00,    3.8786399078E+01
     59750,      0.676926,CP10_after_neg_clamp,   1,    0.0000000000E+00,    3.8786399078E+01,    3.8786399078E+01,    0.0000000000E+00,    0.0000000000E+00,    0.0000000000E+00,    3.8786399078E+01
     59750,      0.676926,CP11_after_MPI,   1,    0.0000000000E+00,    3.8786399078E+01,    3.8786399078E+01,    0.0000000000E+00,    0.0000000000E+00,    0.0000000000E+00,    3.8786399078E+01
     59750,      0.676926,CP12_end,   1,    0.0000000000E+00,    3.8786399078E+01,    3.8786399078E+01,    0.0000000000E+00,    0.0000000000E+00,    0.0000000000E+00,    3.8786399078E+01
     59800,      0.676926,CP0_start,   1,    0.0000000000E+00,    3.8845034185E+01,    3.8845034185E+01,    0.0000000000E+00,    0.0000000000E+00,    0.0000000000E+00,    3.8845034185E+01
     59800,      0.676926,CP1_after_deposition,   1,    0.0000000000E+00,    3.8845034185E+01,    3.8845034185E+01,    0.0000000000E+00,    0.0000000000E+00,    0.0000000000E+00,    3.8845034185E+01
     59800,      0.676926,CP2_after_erosion,   1,    0.0000000000E+00,    3.8845034185E+01,    3.8845034185E+01,    0.0000000000E+00,    0.0000000000E+00,    0.0000000000E+00,    3.8845034185E+01
     59800,      0.676926,CP3_after_update_bottom,   1,    0.0000000000E+00,    3.8845034185E+01,    3.8845034185E+01,    0.0000000000E+00,    0.0000000000E+00,    0.0000000000E+00,    3.8845034185E+01
     59800,      0.676926,CP4_after_advection,   1,    0.0000000000E+00,    3.8846948120E+01,    3.8846948120E+01,    0.0000000000E+00,    0.0000000000E+00,    0.0000000000E+00,    3.8846948120E+01
     59800,      0.676926,CP5_after_vdif,   1,    0.0000000000E+00,    3.8846948120E+01,    3.8846948120E+01,    0.0000000000E+00,    0.0000000000E+00,    0.0000000000E+00,    3.8846948120E+01
     59800,      0.676926,CP6_after_kinetics,   1,    0.0000000000E+00,    3.8846948120E+01,    3.8846948120E+01,    0.0000000000E+00,    0.0000000000E+00,    0.0000000000E+00,    3.8846948120E+01
     59800,      0.676926,CP7_after_upper_clamp,   1,    0.0000000000E+00,    3.8846948120E+01,    3.8846948120E+01,    0.0000000000E+00,    0.0000000000E+00,    0.0000000000E+00,    3.8846948120E+01
     59800,      0.676926,CP8_after_OBC,   1,    0.0000000000E+00,    3.8846948120E+01,    3.8846948120E+01,    0.0000000000E+00,    0.0000000000E+00,    0.0000000000E+00,    3.8846948120E+01
     59800,      0.676926,CP9_after_PTsource,   1,    0.0000000000E+00,    3.8846948120E+01,    3.8846948120E+01,    0.0000000000E+00,    0.0000000000E+00,    0.0000000000E+00,    3.8846948120E+01
     59800,      0.676926,CP10_after_neg_clamp,   1,    0.0000000000E+00,    3.8846948120E+01,    3.8846948120E+01,    0.0000000000E+00,    0.0000000000E+00,    0.0000000000E+00,    3.8846948120E+01
     59800,      0.676926,CP11_after_MPI,   1,    0.0000000000E+00,    3.8846948120E+01,    3.8846948120E+01,    0.0000000000E+00,    0.0000000000E+00,    0.0000000000E+00,    3.8846948120E+01
     59800,      0.676926,CP12_end,   1,    0.0000000000E+00,    3.8846948120E+01,    3.8846948120E+01,    0.0000000000E+00,    0.0000000000E+00,    0.0000000000E+00,    3.8846948120E+01
     59850,      0.676926,CP0_start,   1,    0.0000000000E+00,    3.8905635824E+01,    3.8905635824E+01,    0.0000000000E+00,    0.0000000000E+00,    0.0000000000E+00,    3.8905635824E+01
     59850,      0.676926,CP1_after_deposition,   1,    0.0000000000E+00,    3.8905635824E+01,    3.8905635824E+01,    0.0000000000E+00,    0.0000000000E+00,    0.0000000000E+00,    3.8905635824E+01
     59850,      0.676926,CP2_after_erosion,   1,    0.0000000000E+00,    3.8905635824E+01,    3.8905635824E+01,    0.0000000000E+00,    0.0000000000E+00,    0.0000000000E+00,    3.8905635824E+01
     59850,      0.676926,CP3_after_update_bottom,   1,    0.0000000000E+00,    3.8905635824E+01,    3.8905635824E+01,    0.0000000000E+00,    0.0000000000E+00,    0.0000000000E+00,    3.8905635824E+01
     59850,      0.676926,CP4_after_advection,   1,    0.0000000000E+00,    3.8907546452E+01,    3.8907546452E+01,    0.0000000000E+00,    0.0000000000E+00,    0.0000000000E+00,    3.8907546452E+01
     59850,      0.676926,CP5_after_vdif,   1,    0.0000000000E+00,    3.8907546452E+01,    3.8907546452E+01,    0.0000000000E+00,    0.0000000000E+00,    0.0000000000E+00,    3.8907546452E+01
     59850,      0.676926,CP6_after_kinetics,   1,    0.0000000000E+00,    3.8907546452E+01,    3.8907546452E+01,    0.0000000000E+00,    0.0000000000E+00,    0.0000000000E+00,    3.8907546452E+01
     59850,      0.676926,CP7_after_upper_clamp,   1,    0.0000000000E+00,    3.8907546452E+01,    3.8907546452E+01,    0.0000000000E+00,    0.0000000000E+00,    0.0000000000E+00,    3.8907546452E+01
     59850,      0.676926,CP8_after_OBC,   1,    0.0000000000E+00,    3.8907546452E+01,    3.8907546452E+01,    0.0000000000E+00,    0.0000000000E+00,    0.0000000000E+00,    3.8907546452E+01
     59850,      0.676926,CP9_after_PTsource,   1,    0.0000000000E+00,    3.8907546452E+01,    3.8907546452E+01,    0.0000000000E+00,    0.0000000000E+00,    0.0000000000E+00,    3.8907546452E+01
     59850,      0.676926,CP10_after_neg_clamp,   1,    0.0000000000E+00,    3.8907546452E+01,    3.8907546452E+01,    0.0000000000E+00,    0.0000000000E+00,    0.0000000000E+00,    3.8907546452E+01
     59850,      0.676926,CP11_after_MPI,   1,    0.0000000000E+00,    3.8907546452E+01,    3.8907546452E+01,    0.0000000000E+00,    0.0000000000E+00,    0.0000000000E+00,    3.8907546452E+01
     59850,      0.676926,CP12_end,   1,    0.0000000000E+00,    3.8907546452E+01,    3.8907546452E+01,    0.0000000000E+00,    0.0000000000E+00,    0.0000000000E+00,    3.8907546452E+01
     59900,      0.676926,CP0_start,   1,    0.0000000000E+00,    3.8966285528E+01,    3.8966285528E+01,    0.0000000000E+00,    0.0000000000E+00,    0.0000000000E+00,    3.8966285528E+01
     59900,      0.676926,CP1_after_deposition,   1,    0.0000000000E+00,    3.8966285528E+01,    3.8966285528E+01,    0.0000000000E+00,    0.0000000000E+00,    0.0000000000E+00,    3.8966285528E+01
     59900,      0.676926,CP2_after_erosion,   1,    0.0000000000E+00,    3.8966285528E+01,    3.8966285528E+01,    0.0000000000E+00,    0.0000000000E+00,    0.0000000000E+00,    3.8966285528E+01
     59900,      0.676926,CP3_after_update_bottom,   1,    0.0000000000E+00,    3.8966285528E+01,    3.8966285528E+01,    0.0000000000E+00,    0.0000000000E+00,    0.0000000000E+00,    3.8966285528E+01
     59900,      0.676926,CP4_after_advection,   1,    0.0000000000E+00,    3.8968192056E+01,    3.8968192056E+01,    0.0000000000E+00,    0.0000000000E+00,    0.0000000000E+00,    3.8968192056E+01
     59900,      0.676926,CP5_after_vdif,   1,    0.0000000000E+00,    3.8968192056E+01,    3.8968192056E+01,    0.0000000000E+00,    0.0000000000E+00,    0.0000000000E+00,    3.8968192056E+01
     59900,      0.676926,CP6_after_kinetics,   1,    0.0000000000E+00,    3.8968192056E+01,    3.8968192056E+01,    0.0000000000E+00,    0.0000000000E+00,    0.0000000000E+00,    3.8968192056E+01
     59900,      0.676926,CP7_after_upper_clamp,   1,    0.0000000000E+00,    3.8968192056E+01,    3.8968192056E+01,    0.0000000000E+00,    0.0000000000E+00,    0.0000000000E+00,    3.8968192056E+01
     59900,      0.676926,CP8_after_OBC,   1,    0.0000000000E+00,    3.8968192056E+01,    3.8968192056E+01,    0.0000000000E+00,    0.0000000000E+00,    0.0000000000E+00,    3.8968192056E+01
     59900,      0.676926,CP9_after_PTsource,   1,    0.0000000000E+00,    3.8968192056E+01,    3.8968192056E+01,    0.0000000000E+00,    0.0000000000E+00,    0.0000000000E+00,    3.8968192056E+01
     59900,      0.676926,CP10_after_neg_clamp,   1,    0.0000000000E+00,    3.8968192056E+01,    3.8968192056E+01,    0.0000000000E+00,    0.0000000000E+00,    0.0000000000E+00,    3.8968192056E+01
     59900,      0.676926,CP11_after_MPI,   1,    0.0000000000E+00,    3.8968192056E+01,    3.8968192056E+01,    0.0000000000E+00,    0.0000000000E+00,    0.0000000000E+00,    3.8968192056E+01
     59900,      0.676926,CP12_end,   1,    0.0000000000E+00,    3.8968192056E+01,    3.8968192056E+01,    0.0000000000E+00,    0.0000000000E+00,    0.0000000000E+00,    3.8968192056E+01
     59950,      0.676926,CP0_start,   1,    0.0000000000E+00,    3.9026994708E+01,    3.9026994708E+01,    0.0000000000E+00,    0.0000000000E+00,    0.0000000000E+00,    3.9026994708E+01
     59950,      0.676926,CP1_after_deposition,   1,    0.0000000000E+00,    3.9026994708E+01,    3.9026994708E+01,    0.0000000000E+00,    0.0000000000E+00,    0.0000000000E+00,    3.9026994708E+01
     59950,      0.676926,CP2_after_erosion,   1,    0.0000000000E+00,    3.9026994708E+01,    3.9026994708E+01,    0.0000000000E+00,    0.0000000000E+00,    0.0000000000E+00,    3.9026994708E+01
     59950,      0.676926,CP3_after_update_bottom,   1,    0.0000000000E+00,    3.9026994708E+01,    3.9026994708E+01,    0.0000000000E+00,    0.0000000000E+00,    0.0000000000E+00,    3.9026994708E+01
     59950,      0.676926,CP4_after_advection,   1,    0.0000000000E+00,    3.9028898391E+01,    3.9028898391E+01,    0.0000000000E+00,    0.0000000000E+00,    0.0000000000E+00,    3.9028898391E+01
     59950,      0.676926,CP5_after_vdif,   1,    0.0000000000E+00,    3.9028898391E+01,    3.9028898391E+01,    0.0000000000E+00,    0.0000000000E+00,    0.0000000000E+00,    3.9028898391E+01
     59950,      0.676926,CP6_after_kinetics,   1,    0.0000000000E+00,    3.9028898391E+01,    3.9028898391E+01,    0.0000000000E+00,    0.0000000000E+00,    0.0000000000E+00,    3.9028898391E+01
     59950,      0.676926,CP7_after_upper_clamp,   1,    0.0000000000E+00,    3.9028898391E+01,    3.9028898391E+01,    0.0000000000E+00,    0.0000000000E+00,    0.0000000000E+00,    3.9028898391E+01
     59950,      0.676926,CP8_after_OBC,   1,    0.0000000000E+00,    3.9028898391E+01,    3.9028898391E+01,    0.0000000000E+00,    0.0000000000E+00,    0.0000000000E+00,    3.9028898391E+01
     59950,      0.676926,CP9_after_PTsource,   1,    0.0000000000E+00,    3.9028898391E+01,    3.9028898391E+01,    0.0000000000E+00,    0.0000000000E+00,    0.0000000000E+00,    3.9028898391E+01
     59950,      0.676926,CP10_after_neg_clamp,   1,    0.0000000000E+00,    3.9028898391E+01,    3.9028898391E+01,    0.0000000000E+00,    0.0000000000E+00,    0.0000000000E+00,    3.9028898391E+01
     59950,      0.676926,CP11_after_MPI,   1,    0.0000000000E+00,    3.9028898391E+01,    3.9028898391E+01,    0.0000000000E+00,    0.0000000000E+00,    0.0000000000E+00,    3.9028898391E+01
     59950,      0.676926,CP12_end,   1,    0.0000000000E+00,    3.9028898391E+01,    3.9028898391E+01,    0.0000000000E+00,    0.0000000000E+00,    0.0000000000E+00,    3.9028898391E+01
     60000,      0.676926,CP0_start,   1,    0.0000000000E+00,    3.9087769685E+01,    3.9087769685E+01,    0.0000000000E+00,    0.0000000000E+00,    0.0000000000E+00,    3.9087769685E+01
     60000,      0.676926,CP1_after_deposition,   1,    0.0000000000E+00,    3.9087769685E+01,    3.9087769685E+01,    0.0000000000E+00,    0.0000000000E+00,    0.0000000000E+00,    3.9087769685E+01
     60000,      0.676926,CP2_after_erosion,   1,    0.0000000000E+00,    3.9087769685E+01,    3.9087769685E+01,    0.0000000000E+00,    0.0000000000E+00,    0.0000000000E+00,    3.9087769685E+01
     60000,      0.676926,CP3_after_update_bottom,   1,    0.0000000000E+00,    3.9087769685E+01,    3.9087769685E+01,    0.0000000000E+00,    0.0000000000E+00,    0.0000000000E+00,    3.9087769685E+01
     60000,      0.676926,CP4_after_advection,   1,    0.0000000000E+00,    3.9089670880E+01,    3.9089670880E+01,    0.0000000000E+00,    0.0000000000E+00,    0.0000000000E+00,    3.9089670880E+01
     60000,      0.676926,CP5_after_vdif,   1,    0.0000000000E+00,    3.9089670880E+01,    3.9089670880E+01,    0.0000000000E+00,    0.0000000000E+00,    0.0000000000E+00,    3.9089670880E+01
     60000,      0.676926,CP6_after_kinetics,   1,    0.0000000000E+00,    3.9089670880E+01,    3.9089670880E+01,    0.0000000000E+00,    0.0000000000E+00,    0.0000000000E+00,    3.9089670880E+01
     60000,      0.676926,CP7_after_upper_clamp,   1,    0.0000000000E+00,    3.9089670880E+01,    3.9089670880E+01,    0.0000000000E+00,    0.0000000000E+00,    0.0000000000E+00,    3.9089670880E+01
     60000,      0.676926,CP8_after_OBC,   1,    0.0000000000E+00,    3.9089670880E+01,    3.9089670880E+01,    0.0000000000E+00,    0.0000000000E+00,    0.0000000000E+00,    3.9089670880E+01
     60000,      0.676926,CP9_after_PTsource,   1,    0.0000000000E+00,    3.9089670880E+01,    3.9089670880E+01,    0.0000000000E+00,    0.0000000000E+00,    0.0000000000E+00,    3.9089670880E+01
     60000,      0.676926,CP10_after_neg_clamp,   1,    0.0000000000E+00,    3.9089670880E+01,    3.9089670880E+01,    0.0000000000E+00,    0.0000000000E+00,    0.0000000000E+00,    3.9089670880E+01
     60000,      0.676926,CP11_after_MPI,   1,    0.0000000000E+00,    3.9089670880E+01,    3.9089670880E+01,    0.0000000000E+00,    0.0000000000E+00,    0.0000000000E+00,    3.9089670880E+01
     60000,      0.676926,CP12_end,   1,    0.0000000000E+00,    3.9089670880E+01,    3.9089670880E+01,    0.0000000000E+00,    0.0000000000E+00,    0.0000000000E+00,    3.9089670880E+01
     60050,      0.676926,CP0_start,   1,    0.0000000000E+00,    3.9148622113E+01,    3.9148622113E+01,    0.0000000000E+00,    0.0000000000E+00,    0.0000000000E+00,    3.9148622113E+01
     60050,      0.676926,CP1_after_deposition,   1,    0.0000000000E+00,    3.9148622113E+01,    3.9148622113E+01,    0.0000000000E+00,    0.0000000000E+00,    0.0000000000E+00,    3.9148622113E+01
     60050,      0.676926,CP2_after_erosion,   1,    0.0000000000E+00,    3.9148622113E+01,    3.9148622113E+01,    0.0000000000E+00,    0.0000000000E+00,    0.0000000000E+00,    3.9148622113E+01
     60050,      0.676926,CP3_after_update_bottom,   1,    0.0000000000E+00,    3.9148622113E+01,    3.9148622113E+01,    0.0000000000E+00,    0.0000000000E+00,    0.0000000000E+00,    3.9148622113E+01
     60050,      0.676926,CP4_after_advection,   1,    0.0000000000E+00,    3.9150520876E+01,    3.9150520876E+01,    0.0000000000E+00,    0.0000000000E+00,    0.0000000000E+00,    3.9150520876E+01
     60050,      0.676926,CP5_after_vdif,   1,    0.0000000000E+00,    3.9150520876E+01,    3.9150520876E+01,    0.0000000000E+00,    0.0000000000E+00,    0.0000000000E+00,    3.9150520876E+01
     60050,      0.676926,CP6_after_kinetics,   1,    0.0000000000E+00,    3.9150520876E+01,    3.9150520876E+01,    0.0000000000E+00,    0.0000000000E+00,    0.0000000000E+00,    3.9150520876E+01
     60050,      0.676926,CP7_after_upper_clamp,   1,    0.0000000000E+00,    3.9150520876E+01,    3.9150520876E+01,    0.0000000000E+00,    0.0000000000E+00,    0.0000000000E+00,    3.9150520876E+01
     60050,      0.676926,CP8_after_OBC,   1,    0.0000000000E+00,    3.9150520876E+01,    3.9150520876E+01,    0.0000000000E+00,    0.0000000000E+00,    0.0000000000E+00,    3.9150520876E+01
     60050,      0.676926,CP9_after_PTsource,   1,    0.0000000000E+00,    3.9150520876E+01,    3.9150520876E+01,    0.0000000000E+00,    0.0000000000E+00,    0.0000000000E+00,    3.9150520876E+01
     60050,      0.676926,CP10_after_neg_clamp,   1,    0.0000000000E+00,    3.9150520876E+01,    3.9150520876E+01,    0.0000000000E+00,    0.0000000000E+00,    0.0000000000E+00,    3.9150520876E+01
     60050,      0.676926,CP11_after_MPI,   1,    0.0000000000E+00,    3.9150520876E+01,    3.9150520876E+01,    0.0000000000E+00,    0.0000000000E+00,    0.0000000000E+00,    3.9150520876E+01
     60050,      0.676926,CP12_end,   1,    0.0000000000E+00,    3.9150520876E+01,    3.9150520876E+01,    0.0000000000E+00,    0.0000000000E+00,    0.0000000000E+00,    3.9150520876E+01
     60100,      0.676926,CP0_start,   1,    0.0000000000E+00,    3.9209561679E+01,    3.9209561679E+01,    0.0000000000E+00,    0.0000000000E+00,    0.0000000000E+00,    3.9209561679E+01
     60100,      0.676926,CP1_after_deposition,   1,    0.0000000000E+00,    3.9209561679E+01,    3.9209561679E+01,    0.0000000000E+00,    0.0000000000E+00,    0.0000000000E+00,    3.9209561679E+01
     60100,      0.676926,CP2_after_erosion,   1,    0.0000000000E+00,    3.9209561679E+01,    3.9209561679E+01,    0.0000000000E+00,    0.0000000000E+00,    0.0000000000E+00,    3.9209561679E+01
     60100,      0.676926,CP3_after_update_bottom,   1,    0.0000000000E+00,    3.9209561679E+01,    3.9209561679E+01,    0.0000000000E+00,    0.0000000000E+00,    0.0000000000E+00,    3.9209561679E+01
     60100,      0.676926,CP4_after_advection,   1,    0.0000000000E+00,    3.9211457298E+01,    3.9211457298E+01,    0.0000000000E+00,    0.0000000000E+00,    0.0000000000E+00,    3.9211457298E+01
     60100,      0.676926,CP5_after_vdif,   1,    0.0000000000E+00,    3.9211457298E+01,    3.9211457298E+01,    0.0000000000E+00,    0.0000000000E+00,    0.0000000000E+00,    3.9211457298E+01
     60100,      0.676926,CP6_after_kinetics,   1,    0.0000000000E+00,    3.9211457298E+01,    3.9211457298E+01,    0.0000000000E+00,    0.0000000000E+00,    0.0000000000E+00,    3.9211457298E+01
     60100,      0.676926,CP7_after_upper_clamp,   1,    0.0000000000E+00,    3.9211457298E+01,    3.9211457298E+01,    0.0000000000E+00,    0.0000000000E+00,    0.0000000000E+00,    3.9211457298E+01
     60100,      0.676926,CP8_after_OBC,   1,    0.0000000000E+00,    3.9211457298E+01,    3.9211457298E+01,    0.0000000000E+00,    0.0000000000E+00,    0.0000000000E+00,    3.9211457298E+01
     60100,      0.676926,CP9_after_PTsource,   1,    0.0000000000E+00,    3.9211457298E+01,    3.9211457298E+01,    0.0000000000E+00,    0.0000000000E+00,    0.0000000000E+00,    3.9211457298E+01
     60100,      0.676926,CP10_after_neg_clamp,   1,    0.0000000000E+00,    3.9211457298E+01,    3.9211457298E+01,    0.0000000000E+00,    0.0000000000E+00,    0.0000000000E+00,    3.9211457298E+01
     60100,      0.676926,CP11_after_MPI,   1,    0.0000000000E+00,    3.9211457298E+01,    3.9211457298E+01,    0.0000000000E+00,    0.0000000000E+00,    0.0000000000E+00,    3.9211457298E+01
     60100,      0.676926,CP12_end,   1,    0.0000000000E+00,    3.9211457298E+01,    3.9211457298E+01,    0.0000000000E+00,    0.0000000000E+00,    0.0000000000E+00,    3.9211457298E+01
     60150,      0.676926,CP0_start,   1,    0.0000000000E+00,    3.9270568570E+01,    3.9270568570E+01,    0.0000000000E+00,    0.0000000000E+00,    0.0000000000E+00,    3.9270568570E+01
     60150,      0.676926,CP1_after_deposition,   1,    0.0000000000E+00,    3.9270568570E+01,    3.9270568570E+01,    0.0000000000E+00,    0.0000000000E+00,    0.0000000000E+00,    3.9270568570E+01
     60150,      0.676926,CP2_after_erosion,   1,    0.0000000000E+00,    3.9270568570E+01,    3.9270568570E+01,    0.0000000000E+00,    0.0000000000E+00,    0.0000000000E+00,    3.9270568570E+01
     60150,      0.676926,CP3_after_update_bottom,   1,    0.0000000000E+00,    3.9270568570E+01,    3.9270568570E+01,    0.0000000000E+00,    0.0000000000E+00,    0.0000000000E+00,    3.9270568570E+01
     60150,      0.676926,CP4_after_advection,   1,    0.0000000000E+00,    3.9272460060E+01,    3.9272460060E+01,    0.0000000000E+00,    0.0000000000E+00,    0.0000000000E+00,    3.9272460060E+01
     60150,      0.676926,CP5_after_vdif,   1,    0.0000000000E+00,    3.9272460060E+01,    3.9272460060E+01,    0.0000000000E+00,    0.0000000000E+00,    0.0000000000E+00,    3.9272460060E+01
     60150,      0.676926,CP6_after_kinetics,   1,    0.0000000000E+00,    3.9272460060E+01,    3.9272460060E+01,    0.0000000000E+00,    0.0000000000E+00,    0.0000000000E+00,    3.9272460060E+01
     60150,      0.676926,CP7_after_upper_clamp,   1,    0.0000000000E+00,    3.9272460060E+01,    3.9272460060E+01,    0.0000000000E+00,    0.0000000000E+00,    0.0000000000E+00,    3.9272460060E+01
     60150,      0.676926,CP8_after_OBC,   1,    0.0000000000E+00,    3.9272460060E+01,    3.9272460060E+01,    0.0000000000E+00,    0.0000000000E+00,    0.0000000000E+00,    3.9272460060E+01
     60150,      0.676926,CP9_after_PTsource,   1,    0.0000000000E+00,    3.9272460060E+01,    3.9272460060E+01,    0.0000000000E+00,    0.0000000000E+00,    0.0000000000E+00,    3.9272460060E+01
     60150,      0.676926,CP10_after_neg_clamp,   1,    0.0000000000E+00,    3.9272460060E+01,    3.9272460060E+01,    0.0000000000E+00,    0.0000000000E+00,    0.0000000000E+00,    3.9272460060E+01
     60150,      0.676926,CP11_after_MPI,   1,    0.0000000000E+00,    3.9272460060E+01,    3.9272460060E+01,    0.0000000000E+00,    0.0000000000E+00,    0.0000000000E+00,    3.9272460060E+01
     60150,      0.676926,CP12_end,   1,    0.0000000000E+00,    3.9272460060E+01,    3.9272460060E+01,    0.0000000000E+00,    0.0000000000E+00,    0.0000000000E+00,    3.9272460060E+01
     60200,      0.676926,CP0_start,   1,    0.0000000000E+00,    3.9331654697E+01,    3.9331654697E+01,    0.0000000000E+00,    0.0000000000E+00,    0.0000000000E+00,    3.9331654697E+01
     60200,      0.676926,CP1_after_deposition,   1,    0.0000000000E+00,    3.9331654697E+01,    3.9331654697E+01,    0.0000000000E+00,    0.0000000000E+00,    0.0000000000E+00,    3.9331654697E+01
     60200,      0.676926,CP2_after_erosion,   1,    0.0000000000E+00,    3.9331654697E+01,    3.9331654697E+01,    0.0000000000E+00,    0.0000000000E+00,    0.0000000000E+00,    3.9331654697E+01
     60200,      0.676926,CP3_after_update_bottom,   1,    0.0000000000E+00,    3.9331654697E+01,    3.9331654697E+01,    0.0000000000E+00,    0.0000000000E+00,    0.0000000000E+00,    3.9331654697E+01
     60200,      0.676926,CP4_after_advection,   1,    0.0000000000E+00,    3.9333542335E+01,    3.9333542335E+01,    0.0000000000E+00,    0.0000000000E+00,    0.0000000000E+00,    3.9333542335E+01
     60200,      0.676926,CP5_after_vdif,   1,    0.0000000000E+00,    3.9333542335E+01,    3.9333542335E+01,    0.0000000000E+00,    0.0000000000E+00,    0.0000000000E+00,    3.9333542335E+01
     60200,      0.676926,CP6_after_kinetics,   1,    0.0000000000E+00,    3.9333542335E+01,    3.9333542335E+01,    0.0000000000E+00,    0.0000000000E+00,    0.0000000000E+00,    3.9333542335E+01
     60200,      0.676926,CP7_after_upper_clamp,   1,    0.0000000000E+00,    3.9333542335E+01,    3.9333542335E+01,    0.0000000000E+00,    0.0000000000E+00,    0.0000000000E+00,    3.9333542335E+01
     60200,      0.676926,CP8_after_OBC,   1,    0.0000000000E+00,    3.9333542335E+01,    3.9333542335E+01,    0.0000000000E+00,    0.0000000000E+00,    0.0000000000E+00,    3.9333542335E+01
     60200,      0.676926,CP9_after_PTsource,   1,    0.0000000000E+00,    3.9333542335E+01,    3.9333542335E+01,    0.0000000000E+00,    0.0000000000E+00,    0.0000000000E+00,    3.9333542335E+01
     60200,      0.676926,CP10_after_neg_clamp,   1,    0.0000000000E+00,    3.9333542335E+01,    3.9333542335E+01,    0.0000000000E+00,    0.0000000000E+00,    0.0000000000E+00,    3.9333542335E+01
     60200,      0.676926,CP11_after_MPI,   1,    0.0000000000E+00,    3.9333542335E+01,    3.9333542335E+01,    0.0000000000E+00,    0.0000000000E+00,    0.0000000000E+00,    3.9333542335E+01
     60200,      0.676926,CP12_end,   1,    0.0000000000E+00,    3.9333542335E+01,    3.9333542335E+01,    0.0000000000E+00,    0.0000000000E+00,    0.0000000000E+00,    3.9333542335E+01
     60250,      0.676926,CP0_start,   1,    0.0000000000E+00,    3.9392820017E+01,    3.9392820017E+01,    0.0000000000E+00,    0.0000000000E+00,    0.0000000000E+00,    3.9392820017E+01
     60250,      0.676926,CP1_after_deposition,   1,    0.0000000000E+00,    3.9392820017E+01,    3.9392820017E+01,    0.0000000000E+00,    0.0000000000E+00,    0.0000000000E+00,    3.9392820017E+01
     60250,      0.676926,CP2_after_erosion,   1,    0.0000000000E+00,    3.9392820017E+01,    3.9392820017E+01,    0.0000000000E+00,    0.0000000000E+00,    0.0000000000E+00,    3.9392820017E+01
     60250,      0.676926,CP3_after_update_bottom,   1,    0.0000000000E+00,    3.9392820017E+01,    3.9392820017E+01,    0.0000000000E+00,    0.0000000000E+00,    0.0000000000E+00,    3.9392820017E+01
     60250,      0.676926,CP4_after_advection,   1,    0.0000000000E+00,    3.9394703925E+01,    3.9394703925E+01,    0.0000000000E+00,    0.0000000000E+00,    0.0000000000E+00,    3.9394703925E+01
     60250,      0.676926,CP5_after_vdif,   1,    0.0000000000E+00,    3.9394703925E+01,    3.9394703925E+01,    0.0000000000E+00,    0.0000000000E+00,    0.0000000000E+00,    3.9394703925E+01
     60250,      0.676926,CP6_after_kinetics,   1,    0.0000000000E+00,    3.9394703925E+01,    3.9394703925E+01,    0.0000000000E+00,    0.0000000000E+00,    0.0000000000E+00,    3.9394703925E+01
     60250,      0.676926,CP7_after_upper_clamp,   1,    0.0000000000E+00,    3.9394703925E+01,    3.9394703925E+01,    0.0000000000E+00,    0.0000000000E+00,    0.0000000000E+00,    3.9394703925E+01
     60250,      0.676926,CP8_after_OBC,   1,    0.0000000000E+00,    3.9394703925E+01,    3.9394703925E+01,    0.0000000000E+00,    0.0000000000E+00,    0.0000000000E+00,    3.9394703925E+01
     60250,      0.676926,CP9_after_PTsource,   1,    0.0000000000E+00,    3.9394703925E+01,    3.9394703925E+01,    0.0000000000E+00,    0.0000000000E+00,    0.0000000000E+00,    3.9394703925E+01
     60250,      0.676926,CP10_after_neg_clamp,   1,    0.0000000000E+00,    3.9394703925E+01,    3.9394703925E+01,    0.0000000000E+00,    0.0000000000E+00,    0.0000000000E+00,    3.9394703925E+01
     60250,      0.676926,CP11_after_MPI,   1,    0.0000000000E+00,    3.9394703925E+01,    3.9394703925E+01,    0.0000000000E+00,    0.0000000000E+00,    0.0000000000E+00,    3.9394703925E+01
     60250,      0.676926,CP12_end,   1,    0.0000000000E+00,    3.9394703925E+01,    3.9394703925E+01,    0.0000000000E+00,    0.0000000000E+00,    0.0000000000E+00,    3.9394703925E+01
     60300,      0.676926,CP0_start,   1,    0.0000000000E+00,    3.9454080215E+01,    3.9454080215E+01,    0.0000000000E+00,    0.0000000000E+00,    0.0000000000E+00,    3.9454080215E+01
     60300,      0.676926,CP1_after_deposition,   1,    0.0000000000E+00,    3.9454080215E+01,    3.9454080215E+01,    0.0000000000E+00,    0.0000000000E+00,    0.0000000000E+00,    3.9454080215E+01
     60300,      0.676926,CP2_after_erosion,   1,    0.0000000000E+00,    3.9454080215E+01,    3.9454080215E+01,    0.0000000000E+00,    0.0000000000E+00,    0.0000000000E+00,    3.9454080215E+01
     60300,      0.676926,CP3_after_update_bottom,   1,    0.0000000000E+00,    3.9454080215E+01,    3.9454080215E+01,    0.0000000000E+00,    0.0000000000E+00,    0.0000000000E+00,    3.9454080215E+01
     60300,      0.676926,CP4_after_advection,   1,    0.0000000000E+00,    3.9455960123E+01,    3.9455960123E+01,    0.0000000000E+00,    0.0000000000E+00,    0.0000000000E+00,    3.9455960123E+01
     60300,      0.676926,CP5_after_vdif,   1,    0.0000000000E+00,    3.9455960123E+01,    3.9455960123E+01,    0.0000000000E+00,    0.0000000000E+00,    0.0000000000E+00,    3.9455960123E+01
     60300,      0.676926,CP6_after_kinetics,   1,    0.0000000000E+00,    3.9455960123E+01,    3.9455960123E+01,    0.0000000000E+00,    0.0000000000E+00,    0.0000000000E+00,    3.9455960123E+01
     60300,      0.676926,CP7_after_upper_clamp,   1,    0.0000000000E+00,    3.9455960123E+01,    3.9455960123E+01,    0.0000000000E+00,    0.0000000000E+00,    0.0000000000E+00,    3.9455960123E+01
     60300,      0.676926,CP8_after_OBC,   1,    0.0000000000E+00,    3.9455960123E+01,    3.9455960123E+01,    0.0000000000E+00,    0.0000000000E+00,    0.0000000000E+00,    3.9455960123E+01
     60300,      0.676926,CP9_after_PTsource,   1,    0.0000000000E+00,    3.9455960123E+01,    3.9455960123E+01,    0.0000000000E+00,    0.0000000000E+00,    0.0000000000E+00,    3.9455960123E+01
     60300,      0.676926,CP10_after_neg_clamp,   1,    0.0000000000E+00,    3.9455960123E+01,    3.9455960123E+01,    0.0000000000E+00,    0.0000000000E+00,    0.0000000000E+00,    3.9455960123E+01
     60300,      0.676926,CP11_after_MPI,   1,    0.0000000000E+00,    3.9455960123E+01,    3.9455960123E+01,    0.0000000000E+00,    0.0000000000E+00,    0.0000000000E+00,    3.9455960123E+01
     60300,      0.676926,CP12_end,   1,    0.0000000000E+00,    3.9455960123E+01,    3.9455960123E+01,    0.0000000000E+00,    0.0000000000E+00,    0.0000000000E+00,    3.9455960123E+01
     60350,      0.676926,CP0_start,   1,    0.0000000000E+00,    3.9515076371E+01,    3.9515076371E+01,    0.0000000000E+00,    0.0000000000E+00,    0.0000000000E+00,    3.9515076371E+01
     60350,      0.676926,CP1_after_deposition,   1,    0.0000000000E+00,    3.9515076371E+01,    3.9515076371E+01,    0.0000000000E+00,    0.0000000000E+00,    0.0000000000E+00,    3.9515076371E+01
     60350,      0.676926,CP2_after_erosion,   1,    0.0000000000E+00,    3.9515076371E+01,    3.9515076371E+01,    0.0000000000E+00,    0.0000000000E+00,    0.0000000000E+00,    3.9515076371E+01
     60350,      0.676926,CP3_after_update_bottom,   1,    0.0000000000E+00,    3.9515076371E+01,    3.9515076371E+01,    0.0000000000E+00,    0.0000000000E+00,    0.0000000000E+00,    3.9515076371E+01
     60350,      0.676926,CP4_after_advection,   1,    0.0000000000E+00,    3.9516951912E+01,    3.9516951912E+01,    0.0000000000E+00,    0.0000000000E+00,    0.0000000000E+00,    3.9516951912E+01
     60350,      0.676926,CP5_after_vdif,   1,    0.0000000000E+00,    3.9516951912E+01,    3.9516951912E+01,    0.0000000000E+00,    0.0000000000E+00,    0.0000000000E+00,    3.9516951912E+01
     60350,      0.676926,CP6_after_kinetics,   1,    0.0000000000E+00,    3.9516951912E+01,    3.9516951912E+01,    0.0000000000E+00,    0.0000000000E+00,    0.0000000000E+00,    3.9516951912E+01
     60350,      0.676926,CP7_after_upper_clamp,   1,    0.0000000000E+00,    3.9516951912E+01,    3.9516951912E+01,    0.0000000000E+00,    0.0000000000E+00,    0.0000000000E+00,    3.9516951912E+01
     60350,      0.676926,CP8_after_OBC,   1,    0.0000000000E+00,    3.9516951912E+01,    3.9516951912E+01,    0.0000000000E+00,    0.0000000000E+00,    0.0000000000E+00,    3.9516951912E+01
     60350,      0.676926,CP9_after_PTsource,   1,    0.0000000000E+00,    3.9516951912E+01,    3.9516951912E+01,    0.0000000000E+00,    0.0000000000E+00,    0.0000000000E+00,    3.9516951912E+01
     60350,      0.676926,CP10_after_neg_clamp,   1,    0.0000000000E+00,    3.9516951912E+01,    3.9516951912E+01,    0.0000000000E+00,    0.0000000000E+00,    0.0000000000E+00,    3.9516951912E+01
     60350,      0.676926,CP11_after_MPI,   1,    0.0000000000E+00,    3.9516951912E+01,    3.9516951912E+01,    0.0000000000E+00,    0.0000000000E+00,    0.0000000000E+00,    3.9516951912E+01
     60350,      0.676926,CP12_end,   1,    0.0000000000E+00,    3.9516951912E+01,    3.9516951912E+01,    0.0000000000E+00,    0.0000000000E+00,    0.0000000000E+00,    3.9516951912E+01
     60400,      0.676926,CP0_start,   1,    0.0000000000E+00,    3.9576158064E+01,    3.9576158064E+01,    0.0000000000E+00,    0.0000000000E+00,    0.0000000000E+00,    3.9576158064E+01
     60400,      0.676926,CP1_after_deposition,   1,    0.0000000000E+00,    3.9576158064E+01,    3.9576158064E+01,    0.0000000000E+00,    0.0000000000E+00,    0.0000000000E+00,    3.9576158064E+01
     60400,      0.676926,CP2_after_erosion,   1,    0.0000000000E+00,    3.9576158064E+01,    3.9576158064E+01,    0.0000000000E+00,    0.0000000000E+00,    0.0000000000E+00,    3.9576158064E+01
     60400,      0.676926,CP3_after_update_bottom,   1,    0.0000000000E+00,    3.9576158064E+01,    3.9576158064E+01,    0.0000000000E+00,    0.0000000000E+00,    0.0000000000E+00,    3.9576158064E+01
     60400,      0.676926,CP4_after_advection,   1,    0.0000000000E+00,    3.9578028923E+01,    3.9578028923E+01,    0.0000000000E+00,    0.0000000000E+00,    0.0000000000E+00,    3.9578028923E+01
     60400,      0.676926,CP5_after_vdif,   1,    0.0000000000E+00,    3.9578028923E+01,    3.9578028923E+01,    0.0000000000E+00,    0.0000000000E+00,    0.0000000000E+00,    3.9578028923E+01
     60400,      0.676926,CP6_after_kinetics,   1,    0.0000000000E+00,    3.9578028923E+01,    3.9578028923E+01,    0.0000000000E+00,    0.0000000000E+00,    0.0000000000E+00,    3.9578028923E+01
     60400,      0.676926,CP7_after_upper_clamp,   1,    0.0000000000E+00,    3.9578028923E+01,    3.9578028923E+01,    0.0000000000E+00,    0.0000000000E+00,    0.0000000000E+00,    3.9578028923E+01
     60400,      0.676926,CP8_after_OBC,   1,    0.0000000000E+00,    3.9578028923E+01,    3.9578028923E+01,    0.0000000000E+00,    0.0000000000E+00,    0.0000000000E+00,    3.9578028923E+01
     60400,      0.676926,CP9_after_PTsource,   1,    0.0000000000E+00,    3.9578028923E+01,    3.9578028923E+01,    0.0000000000E+00,    0.0000000000E+00,    0.0000000000E+00,    3.9578028923E+01
     60400,      0.676926,CP10_after_neg_clamp,   1,    0.0000000000E+00,    3.9578028923E+01,    3.9578028923E+01,    0.0000000000E+00,    0.0000000000E+00,    0.0000000000E+00,    3.9578028923E+01
     60400,      0.676926,CP11_after_MPI,   1,    0.0000000000E+00,    3.9578028923E+01,    3.9578028923E+01,    0.0000000000E+00,    0.0000000000E+00,    0.0000000000E+00,    3.9578028923E+01
     60400,      0.676926,CP12_end,   1,    0.0000000000E+00,    3.9578028923E+01,    3.9578028923E+01,    0.0000000000E+00,    0.0000000000E+00,    0.0000000000E+00,    3.9578028923E+01
     60450,      0.676926,CP0_start,   1,    0.0000000000E+00,    3.9637318682E+01,    3.9637318682E+01,    0.0000000000E+00,    0.0000000000E+00,    0.0000000000E+00,    3.9637318682E+01
     60450,      0.676926,CP1_after_deposition,   1,    0.0000000000E+00,    3.9637318682E+01,    3.9637318682E+01,    0.0000000000E+00,    0.0000000000E+00,    0.0000000000E+00,    3.9637318682E+01
     60450,      0.676926,CP2_after_erosion,   1,    0.0000000000E+00,    3.9637318682E+01,    3.9637318682E+01,    0.0000000000E+00,    0.0000000000E+00,    0.0000000000E+00,    3.9637318682E+01
     60450,      0.676926,CP3_after_update_bottom,   1,    0.0000000000E+00,    3.9637318682E+01,    3.9637318682E+01,    0.0000000000E+00,    0.0000000000E+00,    0.0000000000E+00,    3.9637318682E+01
     60450,      0.676926,CP4_after_advection,   1,    0.0000000000E+00,    3.9639185073E+01,    3.9639185073E+01,    0.0000000000E+00,    0.0000000000E+00,    0.0000000000E+00,    3.9639185073E+01
     60450,      0.676926,CP5_after_vdif,   1,    0.0000000000E+00,    3.9639185073E+01,    3.9639185073E+01,    0.0000000000E+00,    0.0000000000E+00,    0.0000000000E+00,    3.9639185073E+01
     60450,      0.676926,CP6_after_kinetics,   1,    0.0000000000E+00,    3.9639185073E+01,    3.9639185073E+01,    0.0000000000E+00,    0.0000000000E+00,    0.0000000000E+00,    3.9639185073E+01
     60450,      0.676926,CP7_after_upper_clamp,   1,    0.0000000000E+00,    3.9639185073E+01,    3.9639185073E+01,    0.0000000000E+00,    0.0000000000E+00,    0.0000000000E+00,    3.9639185073E+01
     60450,      0.676926,CP8_after_OBC,   1,    0.0000000000E+00,    3.9639185073E+01,    3.9639185073E+01,    0.0000000000E+00,    0.0000000000E+00,    0.0000000000E+00,    3.9639185073E+01
     60450,      0.676926,CP9_after_PTsource,   1,    0.0000000000E+00,    3.9639185073E+01,    3.9639185073E+01,    0.0000000000E+00,    0.0000000000E+00,    0.0000000000E+00,    3.9639185073E+01
     60450,      0.676926,CP10_after_neg_clamp,   1,    0.0000000000E+00,    3.9639185073E+01,    3.9639185073E+01,    0.0000000000E+00,    0.0000000000E+00,    0.0000000000E+00,    3.9639185073E+01
     60450,      0.676926,CP11_after_MPI,   1,    0.0000000000E+00,    3.9639185073E+01,    3.9639185073E+01,    0.0000000000E+00,    0.0000000000E+00,    0.0000000000E+00,    3.9639185073E+01
     60450,      0.676926,CP12_end,   1,    0.0000000000E+00,    3.9639185073E+01,    3.9639185073E+01,    0.0000000000E+00,    0.0000000000E+00,    0.0000000000E+00,    3.9639185073E+01
     60500,      0.676926,CP0_start,   1,    0.0000000000E+00,    3.9698562387E+01,    3.9698562387E+01,    0.0000000000E+00,    0.0000000000E+00,    0.0000000000E+00,    3.9698562387E+01
     60500,      0.676926,CP1_after_deposition,   1,    0.0000000000E+00,    3.9698562387E+01,    3.9698562387E+01,    0.0000000000E+00,    0.0000000000E+00,    0.0000000000E+00,    3.9698562387E+01
     60500,      0.676926,CP2_after_erosion,   1,    0.0000000000E+00,    3.9698562387E+01,    3.9698562387E+01,    0.0000000000E+00,    0.0000000000E+00,    0.0000000000E+00,    3.9698562387E+01
     60500,      0.676926,CP3_after_update_bottom,   1,    0.0000000000E+00,    3.9698562387E+01,    3.9698562387E+01,    0.0000000000E+00,    0.0000000000E+00,    0.0000000000E+00,    3.9698562387E+01
     60500,      0.676926,CP4_after_advection,   1,    0.0000000000E+00,    3.9700424012E+01,    3.9700424012E+01,    0.0000000000E+00,    0.0000000000E+00,    0.0000000000E+00,    3.9700424012E+01
     60500,      0.676926,CP5_after_vdif,   1,    0.0000000000E+00,    3.9700424012E+01,    3.9700424012E+01,    0.0000000000E+00,    0.0000000000E+00,    0.0000000000E+00,    3.9700424012E+01
     60500,      0.676926,CP6_after_kinetics,   1,    0.0000000000E+00,    3.9700424012E+01,    3.9700424012E+01,    0.0000000000E+00,    0.0000000000E+00,    0.0000000000E+00,    3.9700424012E+01
     60500,      0.676926,CP7_after_upper_clamp,   1,    0.0000000000E+00,    3.9700424012E+01,    3.9700424012E+01,    0.0000000000E+00,    0.0000000000E+00,    0.0000000000E+00,    3.9700424012E+01
     60500,      0.676926,CP8_after_OBC,   1,    0.0000000000E+00,    3.9700424012E+01,    3.9700424012E+01,    0.0000000000E+00,    0.0000000000E+00,    0.0000000000E+00,    3.9700424012E+01
     60500,      0.676926,CP9_after_PTsource,   1,    0.0000000000E+00,    3.9700424012E+01,    3.9700424012E+01,    0.0000000000E+00,    0.0000000000E+00,    0.0000000000E+00,    3.9700424012E+01
     60500,      0.676926,CP10_after_neg_clamp,   1,    0.0000000000E+00,    3.9700424012E+01,    3.9700424012E+01,    0.0000000000E+00,    0.0000000000E+00,    0.0000000000E+00,    3.9700424012E+01
     60500,      0.676926,CP11_after_MPI,   1,    0.0000000000E+00,    3.9700424012E+01,    3.9700424012E+01,    0.0000000000E+00,    0.0000000000E+00,    0.0000000000E+00,    3.9700424012E+01
     60500,      0.676926,CP12_end,   1,    0.0000000000E+00,    3.9700424012E+01,    3.9700424012E+01,    0.0000000000E+00,    0.0000000000E+00,    0.0000000000E+00,    3.9700424012E+01
     60550,      0.676926,CP0_start,   1,    0.0000000000E+00,    3.9759919501E+01,    3.9759919501E+01,    0.0000000000E+00,    0.0000000000E+00,    0.0000000000E+00,    3.9759919501E+01
     60550,      0.676926,CP1_after_deposition,   1,    0.0000000000E+00,    3.9759919501E+01,    3.9759919501E+01,    0.0000000000E+00,    0.0000000000E+00,    0.0000000000E+00,    3.9759919501E+01
     60550,      0.676926,CP2_after_erosion,   1,    0.0000000000E+00,    3.9759919501E+01,    3.9759919501E+01,    0.0000000000E+00,    0.0000000000E+00,    0.0000000000E+00,    3.9759919501E+01
     60550,      0.676926,CP3_after_update_bottom,   1,    0.0000000000E+00,    3.9759919501E+01,    3.9759919501E+01,    0.0000000000E+00,    0.0000000000E+00,    0.0000000000E+00,    3.9759919501E+01
     60550,      0.676926,CP4_after_advection,   1,    0.0000000000E+00,    3.9761776323E+01,    3.9761776323E+01,    0.0000000000E+00,    0.0000000000E+00,    0.0000000000E+00,    3.9761776323E+01
     60550,      0.676926,CP5_after_vdif,   1,    0.0000000000E+00,    3.9761776323E+01,    3.9761776323E+01,    0.0000000000E+00,    0.0000000000E+00,    0.0000000000E+00,    3.9761776323E+01
     60550,      0.676926,CP6_after_kinetics,   1,    0.0000000000E+00,    3.9761776323E+01,    3.9761776323E+01,    0.0000000000E+00,    0.0000000000E+00,    0.0000000000E+00,    3.9761776323E+01
     60550,      0.676926,CP7_after_upper_clamp,   1,    0.0000000000E+00,    3.9761776323E+01,    3.9761776323E+01,    0.0000000000E+00,    0.0000000000E+00,    0.0000000000E+00,    3.9761776323E+01
     60550,      0.676926,CP8_after_OBC,   1,    0.0000000000E+00,    3.9761776323E+01,    3.9761776323E+01,    0.0000000000E+00,    0.0000000000E+00,    0.0000000000E+00,    3.9761776323E+01
     60550,      0.676926,CP9_after_PTsource,   1,    0.0000000000E+00,    3.9761776323E+01,    3.9761776323E+01,    0.0000000000E+00,    0.0000000000E+00,    0.0000000000E+00,    3.9761776323E+01
     60550,      0.676926,CP10_after_neg_clamp,   1,    0.0000000000E+00,    3.9761776323E+01,    3.9761776323E+01,    0.0000000000E+00,    0.0000000000E+00,    0.0000000000E+00,    3.9761776323E+01
     60550,      0.676926,CP11_after_MPI,   1,    0.0000000000E+00,    3.9761776323E+01,    3.9761776323E+01,    0.0000000000E+00,    0.0000000000E+00,    0.0000000000E+00,    3.9761776323E+01
     60550,      0.676926,CP12_end,   1,    0.0000000000E+00,    3.9761776323E+01,    3.9761776323E+01,    0.0000000000E+00,    0.0000000000E+00,    0.0000000000E+00,    3.9761776323E+01
     60600,      0.676926,CP0_start,   1,    0.0000000000E+00,    3.9821353514E+01,    3.9821353514E+01,    0.0000000000E+00,    0.0000000000E+00,    0.0000000000E+00,    3.9821353514E+01
     60600,      0.676926,CP1_after_deposition,   1,    0.0000000000E+00,    3.9821353514E+01,    3.9821353514E+01,    0.0000000000E+00,    0.0000000000E+00,    0.0000000000E+00,    3.9821353514E+01
     60600,      0.676926,CP2_after_erosion,   1,                 NaN,                 NaN,                 NaN,    0.0000000000E+00,    0.0000000000E+00,    0.0000000000E+00,                 NaN
     60600,      0.676926,CP3_after_update_bottom,   1,                 NaN,                 NaN,                 NaN,    0.0000000000E+00,    0.0000000000E+00,    0.0000000000E+00,                 NaN
     60600,      0.676926,CP4_after_advection,   1,                 NaN,                 NaN,                 NaN,    0.0000000000E+00,    0.0000000000E+00,    0.0000000000E+00,                 NaN
     60600,      0.676926,CP5_after_vdif,   1,                 NaN,                 NaN,                 NaN,    0.0000000000E+00,    0.0000000000E+00,    0.0000000000E+00,                 NaN
     60600,      0.676926,CP6_after_kinetics,   1,                 NaN,                 NaN,                 NaN,    0.0000000000E+00,    0.0000000000E+00,    0.0000000000E+00,                 NaN
     60600,      0.676926,CP7_after_upper_clamp,   1,                 NaN,                 NaN,                 NaN,    0.0000000000E+00,    0.0000000000E+00,    0.0000000000E+00,                 NaN
     60600,      0.676926,CP8_after_OBC,   1,                 NaN,                 NaN,                 NaN,    0.0000000000E+00,    0.0000000000E+00,    0.0000000000E+00,                 NaN
     60600,      0.676926,CP9_after_PTsource,   1,                 NaN,                 NaN,                 NaN,    0.0000000000E+00,    0.0000000000E+00,    0.0000000000E+00,                 NaN
     60600,      0.676926,CP10_after_neg_clamp,   1,    0.0000000000E+00,    3.9823206187E+01,    3.9823206187E+01,    0.0000000000E+00,    0.0000000000E+00,    0.0000000000E+00,    3.9823206187E+01
     60600,      0.676926,CP11_after_MPI,   1,    0.0000000000E+00,    3.9823206187E+01,    3.9823206187E+01,    0.0000000000E+00,    0.0000000000E+00,    0.0000000000E+00,    3.9823206187E+01
     60600,      0.676926,CP12_end,   1,    0.0000000000E+00,    3.9823206187E+01,    3.9823206187E+01,    0.0000000000E+00,    0.0000000000E+00,    0.0000000000E+00,    3.9823206187E+01
     60650,      0.676926,CP0_start,   1,    0.0000000000E+00,    3.9882889946E+01,    3.9882889946E+01,    0.0000000000E+00,    0.0000000000E+00,    0.0000000000E+00,    3.9882889946E+01
     60650,      0.676926,CP1_after_deposition,   1,    0.0000000000E+00,    3.9882889946E+01,    3.9882889946E+01,    0.0000000000E+00,    0.0000000000E+00,    0.0000000000E+00,    3.9882889946E+01
     60650,      0.676926,CP2_after_erosion,   1,    0.0000000000E+00,    3.9882889946E+01,    3.9882889946E+01,    0.0000000000E+00,    0.0000000000E+00,    0.0000000000E+00,    3.9882889946E+01
     60650,      0.676926,CP3_after_update_bottom,   1,    0.0000000000E+00,    3.9882889946E+01,    3.9882889946E+01,    0.0000000000E+00,    0.0000000000E+00,    0.0000000000E+00,    3.9882889946E+01
     60650,      0.676926,CP4_after_advection,   1,    0.0000000000E+00,    3.9884737349E+01,    3.9884737349E+01,    0.0000000000E+00,    0.0000000000E+00,    0.0000000000E+00,    3.9884737349E+01
     60650,      0.676926,CP5_after_vdif,   1,    0.0000000000E+00,    3.9884737349E+01,    3.9884737349E+01,    0.0000000000E+00,    0.0000000000E+00,    0.0000000000E+00,    3.9884737349E+01
     60650,      0.676926,CP6_after_kinetics,   1,    0.0000000000E+00,    3.9884737349E+01,    3.9884737349E+01,    0.0000000000E+00,    0.0000000000E+00,    0.0000000000E+00,    3.9884737349E+01
     60650,      0.676926,CP7_after_upper_clamp,   1,    0.0000000000E+00,    3.9884737349E+01,    3.9884737349E+01,    0.0000000000E+00,    0.0000000000E+00,    0.0000000000E+00,    3.9884737349E+01
     60650,      0.676926,CP8_after_OBC,   1,    0.0000000000E+00,    3.9884737349E+01,    3.9884737349E+01,    0.0000000000E+00,    0.0000000000E+00,    0.0000000000E+00,    3.9884737349E+01
     60650,      0.676926,CP9_after_PTsource,   1,    0.0000000000E+00,    3.9884737349E+01,    3.9884737349E+01,    0.0000000000E+00,    0.0000000000E+00,    0.0000000000E+00,    3.9884737349E+01
     60650,      0.676926,CP10_after_neg_clamp,   1,    0.0000000000E+00,    3.9884737349E+01,    3.9884737349E+01,    0.0000000000E+00,    0.0000000000E+00,    0.0000000000E+00,    3.9884737349E+01
     60650,      0.676926,CP11_after_MPI,   1,    0.0000000000E+00,    3.9884737349E+01,    3.9884737349E+01,    0.0000000000E+00,    0.0000000000E+00,    0.0000000000E+00,    3.9884737349E+01
     60650,      0.676926,CP12_end,   1,    0.0000000000E+00,    3.9884737349E+01,    3.9884737349E+01,    0.0000000000E+00,    0.0000000000E+00,    0.0000000000E+00,    3.9884737349E+01
     60700,      0.676926,CP0_start,   1,    0.0000000000E+00,    3.9944498137E+01,    3.9944498137E+01,    0.0000000000E+00,    0.0000000000E+00,    0.0000000000E+00,    3.9944498137E+01
     60700,      0.676926,CP1_after_deposition,   1,    0.0000000000E+00,    3.9944498137E+01,    3.9944498137E+01,    0.0000000000E+00,    0.0000000000E+00,    0.0000000000E+00,    3.9944498137E+01
     60700,      0.676926,CP2_after_erosion,   1,    0.0000000000E+00,    3.9944498137E+01,    3.9944498137E+01,    0.0000000000E+00,    0.0000000000E+00,    0.0000000000E+00,    3.9944498137E+01
     60700,      0.676926,CP3_after_update_bottom,   1,    0.0000000000E+00,    3.9944498137E+01,    3.9944498137E+01,    0.0000000000E+00,    0.0000000000E+00,    0.0000000000E+00,    3.9944498137E+01
     60700,      0.676926,CP4_after_advection,   1,    0.0000000000E+00,    3.9946340360E+01,    3.9946340360E+01,    0.0000000000E+00,    0.0000000000E+00,    0.0000000000E+00,    3.9946340360E+01
     60700,      0.676926,CP5_after_vdif,   1,    0.0000000000E+00,    3.9946340360E+01,    3.9946340360E+01,    0.0000000000E+00,    0.0000000000E+00,    0.0000000000E+00,    3.9946340360E+01
     60700,      0.676926,CP6_after_kinetics,   1,    0.0000000000E+00,    3.9946340360E+01,    3.9946340360E+01,    0.0000000000E+00,    0.0000000000E+00,    0.0000000000E+00,    3.9946340360E+01
     60700,      0.676926,CP7_after_upper_clamp,   1,    0.0000000000E+00,    3.9946340360E+01,    3.9946340360E+01,    0.0000000000E+00,    0.0000000000E+00,    0.0000000000E+00,    3.9946340360E+01
     60700,      0.676926,CP8_after_OBC,   1,    0.0000000000E+00,    3.9946340360E+01,    3.9946340360E+01,    0.0000000000E+00,    0.0000000000E+00,    0.0000000000E+00,    3.9946340360E+01
     60700,      0.676926,CP9_after_PTsource,   1,    0.0000000000E+00,    3.9946340360E+01,    3.9946340360E+01,    0.0000000000E+00,    0.0000000000E+00,    0.0000000000E+00,    3.9946340360E+01
     60700,      0.676926,CP10_after_neg_clamp,   1,    0.0000000000E+00,    3.9946340360E+01,    3.9946340360E+01,    0.0000000000E+00,    0.0000000000E+00,    0.0000000000E+00,    3.9946340360E+01
     60700,      0.676926,CP11_after_MPI,   1,    0.0000000000E+00,    3.9946340360E+01,    3.9946340360E+01,    0.0000000000E+00,    0.0000000000E+00,    0.0000000000E+00,    3.9946340360E+01
     60700,      0.676926,CP12_end,   1,    0.0000000000E+00,    3.9946340360E+01,    3.9946340360E+01,    0.0000000000E+00,    0.0000000000E+00,    0.0000000000E+00,    3.9946340360E+01
     60750,      0.676926,CP0_start,   1,    0.0000000000E+00,    4.0006210273E+01,    4.0006210273E+01,    0.0000000000E+00,    0.0000000000E+00,    0.0000000000E+00,    4.0006210273E+01
     60750,      0.676926,CP1_after_deposition,   1,    0.0000000000E+00,    4.0006210273E+01,    4.0006210273E+01,    0.0000000000E+00,    0.0000000000E+00,    0.0000000000E+00,    4.0006210273E+01
     60750,      0.676926,CP2_after_erosion,   1,    0.0000000000E+00,    4.0006210273E+01,    4.0006210273E+01,    0.0000000000E+00,    0.0000000000E+00,    0.0000000000E+00,    4.0006210273E+01
     60750,      0.676926,CP3_after_update_bottom,   1,    0.0000000000E+00,    4.0006210273E+01,    4.0006210273E+01,    0.0000000000E+00,    0.0000000000E+00,    0.0000000000E+00,    4.0006210273E+01
     60750,      0.676926,CP4_after_advection,   1,    0.0000000000E+00,    4.0008046088E+01,    4.0008046088E+01,    0.0000000000E+00,    0.0000000000E+00,    0.0000000000E+00,    4.0008046088E+01
     60750,      0.676926,CP5_after_vdif,   1,    0.0000000000E+00,    4.0008046088E+01,    4.0008046088E+01,    0.0000000000E+00,    0.0000000000E+00,    0.0000000000E+00,    4.0008046088E+01
     60750,      0.676926,CP6_after_kinetics,   1,    0.0000000000E+00,    4.0008046088E+01,    4.0008046088E+01,    0.0000000000E+00,    0.0000000000E+00,    0.0000000000E+00,    4.0008046088E+01
     60750,      0.676926,CP7_after_upper_clamp,   1,    0.0000000000E+00,    4.0008046088E+01,    4.0008046088E+01,    0.0000000000E+00,    0.0000000000E+00,    0.0000000000E+00,    4.0008046088E+01
     60750,      0.676926,CP8_after_OBC,   1,    0.0000000000E+00,    4.0008046088E+01,    4.0008046088E+01,    0.0000000000E+00,    0.0000000000E+00,    0.0000000000E+00,    4.0008046088E+01
     60750,      0.676926,CP9_after_PTsource,   1,    0.0000000000E+00,    4.0008046088E+01,    4.0008046088E+01,    0.0000000000E+00,    0.0000000000E+00,    0.0000000000E+00,    4.0008046088E+01
     60750,      0.676926,CP10_after_neg_clamp,   1,    0.0000000000E+00,    4.0008046088E+01,    4.0008046088E+01,    0.0000000000E+00,    0.0000000000E+00,    0.0000000000E+00,    4.0008046088E+01
     60750,      0.676926,CP11_after_MPI,   1,    0.0000000000E+00,    4.0008046088E+01,    4.0008046088E+01,    0.0000000000E+00,    0.0000000000E+00,    0.0000000000E+00,    4.0008046088E+01
     60750,      0.676926,CP12_end,   1,    0.0000000000E+00,    4.0008046088E+01,    4.0008046088E+01,    0.0000000000E+00,    0.0000000000E+00,    0.0000000000E+00,    4.0008046088E+01
     60800,      0.676926,CP0_start,   1,    0.0000000000E+00,    4.0068014505E+01,    4.0068014505E+01,    0.0000000000E+00,    0.0000000000E+00,    0.0000000000E+00,    4.0068014505E+01
     60800,      0.676926,CP1_after_deposition,   1,    0.0000000000E+00,    4.0068014505E+01,    4.0068014505E+01,    0.0000000000E+00,    0.0000000000E+00,    0.0000000000E+00,    4.0068014505E+01
     60800,      0.676926,CP2_after_erosion,   1,    0.0000000000E+00,    4.0068014505E+01,    4.0068014505E+01,    0.0000000000E+00,    0.0000000000E+00,    0.0000000000E+00,    4.0068014505E+01
     60800,      0.676926,CP3_after_update_bottom,   1,    0.0000000000E+00,    4.0068014505E+01,    4.0068014505E+01,    0.0000000000E+00,    0.0000000000E+00,    0.0000000000E+00,    4.0068014505E+01
     60800,      0.676926,CP4_after_advection,   1,    0.0000000000E+00,    4.0069844749E+01,    4.0069844749E+01,    0.0000000000E+00,    0.0000000000E+00,    0.0000000000E+00,    4.0069844749E+01
     60800,      0.676926,CP5_after_vdif,   1,    0.0000000000E+00,    4.0069844749E+01,    4.0069844749E+01,    0.0000000000E+00,    0.0000000000E+00,    0.0000000000E+00,    4.0069844749E+01
     60800,      0.676926,CP6_after_kinetics,   1,    0.0000000000E+00,    4.0069844749E+01,    4.0069844749E+01,    0.0000000000E+00,    0.0000000000E+00,    0.0000000000E+00,    4.0069844749E+01
     60800,      0.676926,CP7_after_upper_clamp,   1,    0.0000000000E+00,    4.0069844749E+01,    4.0069844749E+01,    0.0000000000E+00,    0.0000000000E+00,    0.0000000000E+00,    4.0069844749E+01
     60800,      0.676926,CP8_after_OBC,   1,    0.0000000000E+00,    4.0069844749E+01,    4.0069844749E+01,    0.0000000000E+00,    0.0000000000E+00,    0.0000000000E+00,    4.0069844749E+01
     60800,      0.676926,CP9_after_PTsource,   1,    0.0000000000E+00,    4.0069844749E+01,    4.0069844749E+01,    0.0000000000E+00,    0.0000000000E+00,    0.0000000000E+00,    4.0069844749E+01
     60800,      0.676926,CP10_after_neg_clamp,   1,    0.0000000000E+00,    4.0069844749E+01,    4.0069844749E+01,    0.0000000000E+00,    0.0000000000E+00,    0.0000000000E+00,    4.0069844749E+01
     60800,      0.676926,CP11_after_MPI,   1,    0.0000000000E+00,    4.0069844749E+01,    4.0069844749E+01,    0.0000000000E+00,    0.0000000000E+00,    0.0000000000E+00,    4.0069844749E+01
     60800,      0.676926,CP12_end,   1,    0.0000000000E+00,    4.0069844749E+01,    4.0069844749E+01,    0.0000000000E+00,    0.0000000000E+00,    0.0000000000E+00,    4.0069844749E+01
     60850,      0.676926,CP0_start,   1,    0.0000000000E+00,    4.0129904899E+01,    4.0129904899E+01,    0.0000000000E+00,    0.0000000000E+00,    0.0000000000E+00,    4.0129904899E+01
     60850,      0.676926,CP1_after_deposition,   1,    0.0000000000E+00,    4.0129904899E+01,    4.0129904899E+01,    0.0000000000E+00,    0.0000000000E+00,    0.0000000000E+00,    4.0129904899E+01
     60850,      0.676926,CP2_after_erosion,   1,    0.0000000000E+00,    4.0129904899E+01,    4.0129904899E+01,    0.0000000000E+00,    0.0000000000E+00,    0.0000000000E+00,    4.0129904899E+01
     60850,      0.676926,CP3_after_update_bottom,   1,    0.0000000000E+00,    4.0129904899E+01,    4.0129904899E+01,    0.0000000000E+00,    0.0000000000E+00,    0.0000000000E+00,    4.0129904899E+01
     60850,      0.676926,CP4_after_advection,   1,    0.0000000000E+00,    4.0131729283E+01,    4.0131729283E+01,    0.0000000000E+00,    0.0000000000E+00,    0.0000000000E+00,    4.0131729283E+01
     60850,      0.676926,CP5_after_vdif,   1,    0.0000000000E+00,    4.0131729283E+01,    4.0131729283E+01,    0.0000000000E+00,    0.0000000000E+00,    0.0000000000E+00,    4.0131729283E+01
     60850,      0.676926,CP6_after_kinetics,   1,    0.0000000000E+00,    4.0131729283E+01,    4.0131729283E+01,    0.0000000000E+00,    0.0000000000E+00,    0.0000000000E+00,    4.0131729283E+01
     60850,      0.676926,CP7_after_upper_clamp,   1,    0.0000000000E+00,    4.0131729283E+01,    4.0131729283E+01,    0.0000000000E+00,    0.0000000000E+00,    0.0000000000E+00,    4.0131729283E+01
     60850,      0.676926,CP8_after_OBC,   1,    0.0000000000E+00,    4.0131729283E+01,    4.0131729283E+01,    0.0000000000E+00,    0.0000000000E+00,    0.0000000000E+00,    4.0131729283E+01
     60850,      0.676926,CP9_after_PTsource,   1,    0.0000000000E+00,    4.0131729283E+01,    4.0131729283E+01,    0.0000000000E+00,    0.0000000000E+00,    0.0000000000E+00,    4.0131729283E+01
     60850,      0.676926,CP10_after_neg_clamp,   1,    0.0000000000E+00,    4.0131729283E+01,    4.0131729283E+01,    0.0000000000E+00,    0.0000000000E+00,    0.0000000000E+00,    4.0131729283E+01
     60850,      0.676926,CP11_after_MPI,   1,    0.0000000000E+00,    4.0131729283E+01,    4.0131729283E+01,    0.0000000000E+00,    0.0000000000E+00,    0.0000000000E+00,    4.0131729283E+01
     60850,      0.676926,CP12_end,   1,    0.0000000000E+00,    4.0131729283E+01,    4.0131729283E+01,    0.0000000000E+00,    0.0000000000E+00,    0.0000000000E+00,    4.0131729283E+01
     60900,      0.676926,CP0_start,   1,    0.0000000000E+00,    4.0191903007E+01,    4.0191903007E+01,    0.0000000000E+00,    0.0000000000E+00,    0.0000000000E+00,    4.0191903007E+01
     60900,      0.676926,CP1_after_deposition,   1,    0.0000000000E+00,    4.0191903007E+01,    4.0191903007E+01,    0.0000000000E+00,    0.0000000000E+00,    0.0000000000E+00,    4.0191903007E+01
     60900,      0.676926,CP2_after_erosion,   1,    0.0000000000E+00,    4.0191903007E+01,    4.0191903007E+01,    0.0000000000E+00,    0.0000000000E+00,    0.0000000000E+00,    4.0191903007E+01
     60900,      0.676926,CP3_after_update_bottom,   1,    0.0000000000E+00,    4.0191903007E+01,    4.0191903007E+01,    0.0000000000E+00,    0.0000000000E+00,    0.0000000000E+00,    4.0191903007E+01
     60900,      0.676926,CP4_after_advection,   1,    0.0000000000E+00,    4.0193719786E+01,    4.0193719786E+01,    0.0000000000E+00,    0.0000000000E+00,    0.0000000000E+00,    4.0193719786E+01
     60900,      0.676926,CP5_after_vdif,   1,    0.0000000000E+00,    4.0193719786E+01,    4.0193719786E+01,    0.0000000000E+00,    0.0000000000E+00,    0.0000000000E+00,    4.0193719786E+01
     60900,      0.676926,CP6_after_kinetics,   1,    0.0000000000E+00,    4.0193719786E+01,    4.0193719786E+01,    0.0000000000E+00,    0.0000000000E+00,    0.0000000000E+00,    4.0193719786E+01
     60900,      0.676926,CP7_after_upper_clamp,   1,    0.0000000000E+00,    4.0193719786E+01,    4.0193719786E+01,    0.0000000000E+00,    0.0000000000E+00,    0.0000000000E+00,    4.0193719786E+01
     60900,      0.676926,CP8_after_OBC,   1,    0.0000000000E+00,    4.0193719786E+01,    4.0193719786E+01,    0.0000000000E+00,    0.0000000000E+00,    0.0000000000E+00,    4.0193719786E+01
     60900,      0.676926,CP9_after_PTsource,   1,    0.0000000000E+00,    4.0193719786E+01,    4.0193719786E+01,    0.0000000000E+00,    0.0000000000E+00,    0.0000000000E+00,    4.0193719786E+01
     60900,      0.676926,CP10_after_neg_clamp,   1,    0.0000000000E+00,    4.0193719786E+01,    4.0193719786E+01,    0.0000000000E+00,    0.0000000000E+00,    0.0000000000E+00,    4.0193719786E+01
     60900,      0.676926,CP11_after_MPI,   1,    0.0000000000E+00,    4.0193719786E+01,    4.0193719786E+01,    0.0000000000E+00,    0.0000000000E+00,    0.0000000000E+00,    4.0193719786E+01
     60900,      0.676926,CP12_end,   1,    0.0000000000E+00,    4.0193719786E+01,    4.0193719786E+01,    0.0000000000E+00,    0.0000000000E+00,    0.0000000000E+00,    4.0193719786E+01
     60950,      0.676926,CP0_start,   1,    0.0000000000E+00,    4.0253991649E+01,    4.0253991649E+01,    0.0000000000E+00,    0.0000000000E+00,    0.0000000000E+00,    4.0253991649E+01
     60950,      0.676926,CP1_after_deposition,   1,    0.0000000000E+00,    4.0253991649E+01,    4.0253991649E+01,    0.0000000000E+00,    0.0000000000E+00,    0.0000000000E+00,    4.0253991649E+01
     60950,      0.676926,CP2_after_erosion,   1,    0.0000000000E+00,    4.0253991649E+01,    4.0253991649E+01,    0.0000000000E+00,    0.0000000000E+00,    0.0000000000E+00,    4.0253991649E+01
     60950,      0.676926,CP3_after_update_bottom,   1,    0.0000000000E+00,    4.0253991649E+01,    4.0253991649E+01,    0.0000000000E+00,    0.0000000000E+00,    0.0000000000E+00,    4.0253991649E+01
     60950,      0.676926,CP4_after_advection,   1,    0.0000000000E+00,    4.0255800444E+01,    4.0255800444E+01,    0.0000000000E+00,    0.0000000000E+00,    0.0000000000E+00,    4.0255800444E+01
     60950,      0.676926,CP5_after_vdif,   1,    0.0000000000E+00,    4.0255800444E+01,    4.0255800444E+01,    0.0000000000E+00,    0.0000000000E+00,    0.0000000000E+00,    4.0255800444E+01
     60950,      0.676926,CP6_after_kinetics,   1,    0.0000000000E+00,    4.0255800444E+01,    4.0255800444E+01,    0.0000000000E+00,    0.0000000000E+00,    0.0000000000E+00,    4.0255800444E+01
     60950,      0.676926,CP7_after_upper_clamp,   1,    0.0000000000E+00,    4.0255800444E+01,    4.0255800444E+01,    0.0000000000E+00,    0.0000000000E+00,    0.0000000000E+00,    4.0255800444E+01
     60950,      0.676926,CP8_after_OBC,   1,    0.0000000000E+00,    4.0255800444E+01,    4.0255800444E+01,    0.0000000000E+00,    0.0000000000E+00,    0.0000000000E+00,    4.0255800444E+01
     60950,      0.676926,CP9_after_PTsource,   1,    0.0000000000E+00,    4.0255800444E+01,    4.0255800444E+01,    0.0000000000E+00,    0.0000000000E+00,    0.0000000000E+00,    4.0255800444E+01
     60950,      0.676926,CP10_after_neg_clamp,   1,    0.0000000000E+00,    4.0255800444E+01,    4.0255800444E+01,    0.0000000000E+00,    0.0000000000E+00,    0.0000000000E+00,    4.0255800444E+01
     60950,      0.676926,CP11_after_MPI,   1,    0.0000000000E+00,    4.0255800444E+01,    4.0255800444E+01,    0.0000000000E+00,    0.0000000000E+00,    0.0000000000E+00,    4.0255800444E+01
     60950,      0.676926,CP12_end,   1,    0.0000000000E+00,    4.0255800444E+01,    4.0255800444E+01,    0.0000000000E+00,    0.0000000000E+00,    0.0000000000E+00,    4.0255800444E+01
     61000,      0.676926,CP0_start,   1,    0.0000000000E+00,    4.0316155937E+01,    4.0316155937E+01,    0.0000000000E+00,    0.0000000000E+00,    0.0000000000E+00,    4.0316155937E+01
     61000,      0.676926,CP1_after_deposition,   1,    0.0000000000E+00,    4.0316155937E+01,    4.0316155937E+01,    0.0000000000E+00,    0.0000000000E+00,    0.0000000000E+00,    4.0316155937E+01
     61000,      0.676926,CP2_after_erosion,   1,    0.0000000000E+00,    4.0316155937E+01,    4.0316155937E+01,    0.0000000000E+00,    0.0000000000E+00,    0.0000000000E+00,    4.0316155937E+01
     61000,      0.676926,CP3_after_update_bottom,   1,    0.0000000000E+00,    4.0316155937E+01,    4.0316155937E+01,    0.0000000000E+00,    0.0000000000E+00,    0.0000000000E+00,    4.0316155937E+01
     61000,      0.676926,CP4_after_advection,   1,    0.0000000000E+00,    4.0317958940E+01,    4.0317958940E+01,    0.0000000000E+00,    0.0000000000E+00,    0.0000000000E+00,    4.0317958940E+01
     61000,      0.676926,CP5_after_vdif,   1,    0.0000000000E+00,    4.0317958940E+01,    4.0317958940E+01,    0.0000000000E+00,    0.0000000000E+00,    0.0000000000E+00,    4.0317958940E+01
     61000,      0.676926,CP6_after_kinetics,   1,    0.0000000000E+00,    4.0317958940E+01,    4.0317958940E+01,    0.0000000000E+00,    0.0000000000E+00,    0.0000000000E+00,    4.0317958940E+01
     61000,      0.676926,CP7_after_upper_clamp,   1,    0.0000000000E+00,    4.0317958940E+01,    4.0317958940E+01,    0.0000000000E+00,    0.0000000000E+00,    0.0000000000E+00,    4.0317958940E+01
     61000,      0.676926,CP8_after_OBC,   1,    0.0000000000E+00,    4.0317958940E+01,    4.0317958940E+01,    0.0000000000E+00,    0.0000000000E+00,    0.0000000000E+00,    4.0317958940E+01
     61000,      0.676926,CP9_after_PTsource,   1,    0.0000000000E+00,    4.0317958940E+01,    4.0317958940E+01,    0.0000000000E+00,    0.0000000000E+00,    0.0000000000E+00,    4.0317958940E+01
     61000,      0.676926,CP10_after_neg_clamp,   1,    0.0000000000E+00,    4.0317958940E+01,    4.0317958940E+01,    0.0000000000E+00,    0.0000000000E+00,    0.0000000000E+00,    4.0317958940E+01
     61000,      0.676926,CP11_after_MPI,   1,    0.0000000000E+00,    4.0317958940E+01,    4.0317958940E+01,    0.0000000000E+00,    0.0000000000E+00,    0.0000000000E+00,    4.0317958940E+01
     61000,      0.676926,CP12_end,   1,    0.0000000000E+00,    4.0317958940E+01,    4.0317958940E+01,    0.0000000000E+00,    0.0000000000E+00,    0.0000000000E+00,    4.0317958940E+01
     61050,      0.676926,CP0_start,   1,    0.0000000000E+00,    4.0378412571E+01,    4.0378412571E+01,    0.0000000000E+00,    0.0000000000E+00,    0.0000000000E+00,    4.0378412571E+01
     61050,      0.676926,CP1_after_deposition,   1,    0.0000000000E+00,    4.0378412571E+01,    4.0378412571E+01,    0.0000000000E+00,    0.0000000000E+00,    0.0000000000E+00,    4.0378412571E+01
     61050,      0.676926,CP2_after_erosion,   1,    0.0000000000E+00,    4.0378412571E+01,    4.0378412571E+01,    0.0000000000E+00,    0.0000000000E+00,    0.0000000000E+00,    4.0378412571E+01
     61050,      0.676926,CP3_after_update_bottom,   1,    0.0000000000E+00,    4.0378412571E+01,    4.0378412571E+01,    0.0000000000E+00,    0.0000000000E+00,    0.0000000000E+00,    4.0378412571E+01
     61050,      0.676926,CP4_after_advection,   1,    0.0000000000E+00,    4.0380208706E+01,    4.0380208706E+01,    0.0000000000E+00,    0.0000000000E+00,    0.0000000000E+00,    4.0380208706E+01
     61050,      0.676926,CP5_after_vdif,   1,    0.0000000000E+00,    4.0380208706E+01,    4.0380208706E+01,    0.0000000000E+00,    0.0000000000E+00,    0.0000000000E+00,    4.0380208706E+01
     61050,      0.676926,CP6_after_kinetics,   1,    0.0000000000E+00,    4.0380208706E+01,    4.0380208706E+01,    0.0000000000E+00,    0.0000000000E+00,    0.0000000000E+00,    4.0380208706E+01
     61050,      0.676926,CP7_after_upper_clamp,   1,    0.0000000000E+00,    4.0380208706E+01,    4.0380208706E+01,    0.0000000000E+00,    0.0000000000E+00,    0.0000000000E+00,    4.0380208706E+01
     61050,      0.676926,CP8_after_OBC,   1,    0.0000000000E+00,    4.0380208706E+01,    4.0380208706E+01,    0.0000000000E+00,    0.0000000000E+00,    0.0000000000E+00,    4.0380208706E+01
     61050,      0.676926,CP9_after_PTsource,   1,    0.0000000000E+00,    4.0380208706E+01,    4.0380208706E+01,    0.0000000000E+00,    0.0000000000E+00,    0.0000000000E+00,    4.0380208706E+01
     61050,      0.676926,CP10_after_neg_clamp,   1,    0.0000000000E+00,    4.0380208706E+01,    4.0380208706E+01,    0.0000000000E+00,    0.0000000000E+00,    0.0000000000E+00,    4.0380208706E+01
     61050,      0.676926,CP11_after_MPI,   1,    0.0000000000E+00,    4.0380208706E+01,    4.0380208706E+01,    0.0000000000E+00,    0.0000000000E+00,    0.0000000000E+00,    4.0380208706E+01
     61050,      0.676926,CP12_end,   1,    0.0000000000E+00,    4.0380208706E+01,    4.0380208706E+01,    0.0000000000E+00,    0.0000000000E+00,    0.0000000000E+00,    4.0380208706E+01
     61100,      0.676926,CP0_start,   1,    0.0000000000E+00,    4.0440749782E+01,    4.0440749782E+01,    0.0000000000E+00,    0.0000000000E+00,    0.0000000000E+00,    4.0440749782E+01
     61100,      0.676926,CP1_after_deposition,   1,    0.0000000000E+00,    4.0440749782E+01,    4.0440749782E+01,    0.0000000000E+00,    0.0000000000E+00,    0.0000000000E+00,    4.0440749782E+01
     61100,      0.676926,CP2_after_erosion,   1,    0.0000000000E+00,    4.0440749782E+01,    4.0440749782E+01,    0.0000000000E+00,    0.0000000000E+00,    0.0000000000E+00,    4.0440749782E+01
     61100,      0.676926,CP3_after_update_bottom,   1,    0.0000000000E+00,    4.0440749782E+01,    4.0440749782E+01,    0.0000000000E+00,    0.0000000000E+00,    0.0000000000E+00,    4.0440749782E+01
     61100,      0.676926,CP4_after_advection,   1,    0.0000000000E+00,    4.0442537282E+01,    4.0442537282E+01,    0.0000000000E+00,    0.0000000000E+00,    0.0000000000E+00,    4.0442537282E+01
     61100,      0.676926,CP5_after_vdif,   1,    0.0000000000E+00,    4.0442537282E+01,    4.0442537282E+01,    0.0000000000E+00,    0.0000000000E+00,    0.0000000000E+00,    4.0442537282E+01
     61100,      0.676926,CP6_after_kinetics,   1,    0.0000000000E+00,    4.0442537282E+01,    4.0442537282E+01,    0.0000000000E+00,    0.0000000000E+00,    0.0000000000E+00,    4.0442537282E+01
     61100,      0.676926,CP7_after_upper_clamp,   1,    0.0000000000E+00,    4.0442537282E+01,    4.0442537282E+01,    0.0000000000E+00,    0.0000000000E+00,    0.0000000000E+00,    4.0442537282E+01
     61100,      0.676926,CP8_after_OBC,   1,    0.0000000000E+00,    4.0442537282E+01,    4.0442537282E+01,    0.0000000000E+00,    0.0000000000E+00,    0.0000000000E+00,    4.0442537282E+01
     61100,      0.676926,CP9_after_PTsource,   1,    0.0000000000E+00,    4.0442537282E+01,    4.0442537282E+01,    0.0000000000E+00,    0.0000000000E+00,    0.0000000000E+00,    4.0442537282E+01
     61100,      0.676926,CP10_after_neg_clamp,   1,    0.0000000000E+00,    4.0442537282E+01,    4.0442537282E+01,    0.0000000000E+00,    0.0000000000E+00,    0.0000000000E+00,    4.0442537282E+01
     61100,      0.676926,CP11_after_MPI,   1,    0.0000000000E+00,    4.0442537282E+01,    4.0442537282E+01,    0.0000000000E+00,    0.0000000000E+00,    0.0000000000E+00,    4.0442537282E+01
     61100,      0.676926,CP12_end,   1,    0.0000000000E+00,    4.0442537282E+01,    4.0442537282E+01,    0.0000000000E+00,    0.0000000000E+00,    0.0000000000E+00,    4.0442537282E+01
     61150,      0.676926,CP0_start,   1,    0.0000000000E+00,    4.0503176903E+01,    4.0503176903E+01,    0.0000000000E+00,    0.0000000000E+00,    0.0000000000E+00,    4.0503176903E+01
     61150,      0.676926,CP1_after_deposition,   1,    0.0000000000E+00,    4.0503176903E+01,    4.0503176903E+01,    0.0000000000E+00,    0.0000000000E+00,    0.0000000000E+00,    4.0503176903E+01
     61150,      0.676926,CP2_after_erosion,   1,    0.0000000000E+00,    4.0503176903E+01,    4.0503176903E+01,    0.0000000000E+00,    0.0000000000E+00,    0.0000000000E+00,    4.0503176903E+01
     61150,      0.676926,CP3_after_update_bottom,   1,    0.0000000000E+00,    4.0503176903E+01,    4.0503176903E+01,    0.0000000000E+00,    0.0000000000E+00,    0.0000000000E+00,    4.0503176903E+01
     61150,      0.676926,CP4_after_advection,   1,    0.0000000000E+00,    4.0504955994E+01,    4.0504955994E+01,    0.0000000000E+00,    0.0000000000E+00,    0.0000000000E+00,    4.0504955994E+01
     61150,      0.676926,CP5_after_vdif,   1,    0.0000000000E+00,    4.0504955994E+01,    4.0504955994E+01,    0.0000000000E+00,    0.0000000000E+00,    0.0000000000E+00,    4.0504955994E+01
     61150,      0.676926,CP6_after_kinetics,   1,    0.0000000000E+00,    4.0504955994E+01,    4.0504955994E+01,    0.0000000000E+00,    0.0000000000E+00,    0.0000000000E+00,    4.0504955994E+01
     61150,      0.676926,CP7_after_upper_clamp,   1,    0.0000000000E+00,    4.0504955994E+01,    4.0504955994E+01,    0.0000000000E+00,    0.0000000000E+00,    0.0000000000E+00,    4.0504955994E+01
     61150,      0.676926,CP8_after_OBC,   1,    0.0000000000E+00,    4.0504955994E+01,    4.0504955994E+01,    0.0000000000E+00,    0.0000000000E+00,    0.0000000000E+00,    4.0504955994E+01
     61150,      0.676926,CP9_after_PTsource,   1,    0.0000000000E+00,    4.0504955994E+01,    4.0504955994E+01,    0.0000000000E+00,    0.0000000000E+00,    0.0000000000E+00,    4.0504955994E+01
     61150,      0.676926,CP10_after_neg_clamp,   1,    0.0000000000E+00,    4.0504955994E+01,    4.0504955994E+01,    0.0000000000E+00,    0.0000000000E+00,    0.0000000000E+00,    4.0504955994E+01
     61150,      0.676926,CP11_after_MPI,   1,    0.0000000000E+00,    4.0504955994E+01,    4.0504955994E+01,    0.0000000000E+00,    0.0000000000E+00,    0.0000000000E+00,    4.0504955994E+01
     61150,      0.676926,CP12_end,   1,    0.0000000000E+00,    4.0504955994E+01,    4.0504955994E+01,    0.0000000000E+00,    0.0000000000E+00,    0.0000000000E+00,    4.0504955994E+01
     61200,      0.676926,CP0_start,   1,    0.0000000000E+00,    4.0565673735E+01,    4.0565673735E+01,    0.0000000000E+00,    0.0000000000E+00,    0.0000000000E+00,    4.0565673735E+01
     61200,      0.676926,CP1_after_deposition,   1,    0.0000000000E+00,    4.0565673735E+01,    4.0565673735E+01,    0.0000000000E+00,    0.0000000000E+00,    0.0000000000E+00,    4.0565673735E+01
     61200,      0.676926,CP2_after_erosion,   1,    0.0000000000E+00,    4.0565673735E+01,    4.0565673735E+01,    0.0000000000E+00,    0.0000000000E+00,    0.0000000000E+00,    4.0565673735E+01
     61200,      0.676926,CP3_after_update_bottom,   1,    0.0000000000E+00,    4.0565673735E+01,    4.0565673735E+01,    0.0000000000E+00,    0.0000000000E+00,    0.0000000000E+00,    4.0565673735E+01
     61200,      0.676926,CP4_after_advection,   1,    0.0000000000E+00,    4.0567443601E+01,    4.0567443601E+01,    0.0000000000E+00,    0.0000000000E+00,    0.0000000000E+00,    4.0567443601E+01
     61200,      0.676926,CP5_after_vdif,   1,    0.0000000000E+00,    4.0567443601E+01,    4.0567443601E+01,    0.0000000000E+00,    0.0000000000E+00,    0.0000000000E+00,    4.0567443601E+01
     61200,      0.676926,CP6_after_kinetics,   1,    0.0000000000E+00,    4.0567443601E+01,    4.0567443601E+01,    0.0000000000E+00,    0.0000000000E+00,    0.0000000000E+00,    4.0567443601E+01
     61200,      0.676926,CP7_after_upper_clamp,   1,    0.0000000000E+00,    4.0567443601E+01,    4.0567443601E+01,    0.0000000000E+00,    0.0000000000E+00,    0.0000000000E+00,    4.0567443601E+01
     61200,      0.676926,CP8_after_OBC,   1,    0.0000000000E+00,    4.0567443601E+01,    4.0567443601E+01,    0.0000000000E+00,    0.0000000000E+00,    0.0000000000E+00,    4.0567443601E+01
     61200,      0.676926,CP9_after_PTsource,   1,    0.0000000000E+00,    4.0567443601E+01,    4.0567443601E+01,    0.0000000000E+00,    0.0000000000E+00,    0.0000000000E+00,    4.0567443601E+01
     61200,      0.676926,CP10_after_neg_clamp,   1,    0.0000000000E+00,    4.0567443601E+01,    4.0567443601E+01,    0.0000000000E+00,    0.0000000000E+00,    0.0000000000E+00,    4.0567443601E+01
     61200,      0.676926,CP11_after_MPI,   1,    0.0000000000E+00,    4.0567443601E+01,    4.0567443601E+01,    0.0000000000E+00,    0.0000000000E+00,    0.0000000000E+00,    4.0567443601E+01
     61200,      0.676926,CP12_end,   1,    0.0000000000E+00,    4.0567443601E+01,    4.0567443601E+01,    0.0000000000E+00,    0.0000000000E+00,    0.0000000000E+00,    4.0567443601E+01
     61250,      0.676926,CP0_start,   1,    0.0000000000E+00,    4.0628242812E+01,    4.0628242812E+01,    0.0000000000E+00,    0.0000000000E+00,    0.0000000000E+00,    4.0628242812E+01
     61250,      0.676926,CP1_after_deposition,   1,    0.0000000000E+00,    4.0628242812E+01,    4.0628242812E+01,    0.0000000000E+00,    0.0000000000E+00,    0.0000000000E+00,    4.0628242812E+01
     61250,      0.676926,CP2_after_erosion,   1,    0.0000000000E+00,    4.0628242812E+01,    4.0628242812E+01,    0.0000000000E+00,    0.0000000000E+00,    0.0000000000E+00,    4.0628242812E+01
     61250,      0.676926,CP3_after_update_bottom,   1,    0.0000000000E+00,    4.0628242812E+01,    4.0628242812E+01,    0.0000000000E+00,    0.0000000000E+00,    0.0000000000E+00,    4.0628242812E+01
     61250,      0.676926,CP4_after_advection,   1,    0.0000000000E+00,    4.0630002293E+01,    4.0630002293E+01,    0.0000000000E+00,    0.0000000000E+00,    0.0000000000E+00,    4.0630002293E+01
     61250,      0.676926,CP5_after_vdif,   1,    0.0000000000E+00,    4.0630002293E+01,    4.0630002293E+01,    0.0000000000E+00,    0.0000000000E+00,    0.0000000000E+00,    4.0630002293E+01
     61250,      0.676926,CP6_after_kinetics,   1,    0.0000000000E+00,    4.0630002293E+01,    4.0630002293E+01,    0.0000000000E+00,    0.0000000000E+00,    0.0000000000E+00,    4.0630002293E+01
     61250,      0.676926,CP7_after_upper_clamp,   1,    0.0000000000E+00,    4.0630002293E+01,    4.0630002293E+01,    0.0000000000E+00,    0.0000000000E+00,    0.0000000000E+00,    4.0630002293E+01
     61250,      0.676926,CP8_after_OBC,   1,    0.0000000000E+00,    4.0630002293E+01,    4.0630002293E+01,    0.0000000000E+00,    0.0000000000E+00,    0.0000000000E+00,    4.0630002293E+01
     61250,      0.676926,CP9_after_PTsource,   1,    0.0000000000E+00,    4.0630002293E+01,    4.0630002293E+01,    0.0000000000E+00,    0.0000000000E+00,    0.0000000000E+00,    4.0630002293E+01
     61250,      0.676926,CP10_after_neg_clamp,   1,    0.0000000000E+00,    4.0630002293E+01,    4.0630002293E+01,    0.0000000000E+00,    0.0000000000E+00,    0.0000000000E+00,    4.0630002293E+01
     61250,      0.676926,CP11_after_MPI,   1,    0.0000000000E+00,    4.0630002293E+01,    4.0630002293E+01,    0.0000000000E+00,    0.0000000000E+00,    0.0000000000E+00,    4.0630002293E+01
     61250,      0.676926,CP12_end,   1,    0.0000000000E+00,    4.0630002293E+01,    4.0630002293E+01,    0.0000000000E+00,    0.0000000000E+00,    0.0000000000E+00,    4.0630002293E+01
     61300,      0.676926,CP0_start,   1,    0.0000000000E+00,    4.0690888285E+01,    4.0690888285E+01,    0.0000000000E+00,    0.0000000000E+00,    0.0000000000E+00,    4.0690888285E+01
     61300,      0.676926,CP1_after_deposition,   1,    0.0000000000E+00,    4.0690888285E+01,    4.0690888285E+01,    0.0000000000E+00,    0.0000000000E+00,    0.0000000000E+00,    4.0690888285E+01
     61300,      0.676926,CP2_after_erosion,   1,    0.0000000000E+00,    4.0690888285E+01,    4.0690888285E+01,    0.0000000000E+00,    0.0000000000E+00,    0.0000000000E+00,    4.0690888285E+01
     61300,      0.676926,CP3_after_update_bottom,   1,    0.0000000000E+00,    4.0690888285E+01,    4.0690888285E+01,    0.0000000000E+00,    0.0000000000E+00,    0.0000000000E+00,    4.0690888285E+01
     61300,      0.676926,CP4_after_advection,   1,    0.0000000000E+00,    4.0692639157E+01,    4.0692639157E+01,    0.0000000000E+00,    0.0000000000E+00,    0.0000000000E+00,    4.0692639157E+01
     61300,      0.676926,CP5_after_vdif,   1,    0.0000000000E+00,    4.0692639157E+01,    4.0692639157E+01,    0.0000000000E+00,    0.0000000000E+00,    0.0000000000E+00,    4.0692639157E+01
     61300,      0.676926,CP6_after_kinetics,   1,    0.0000000000E+00,    4.0692639157E+01,    4.0692639157E+01,    0.0000000000E+00,    0.0000000000E+00,    0.0000000000E+00,    4.0692639157E+01
     61300,      0.676926,CP7_after_upper_clamp,   1,    0.0000000000E+00,    4.0692639157E+01,    4.0692639157E+01,    0.0000000000E+00,    0.0000000000E+00,    0.0000000000E+00,    4.0692639157E+01
     61300,      0.676926,CP8_after_OBC,   1,    0.0000000000E+00,    4.0692639157E+01,    4.0692639157E+01,    0.0000000000E+00,    0.0000000000E+00,    0.0000000000E+00,    4.0692639157E+01
     61300,      0.676926,CP9_after_PTsource,   1,    0.0000000000E+00,    4.0692639157E+01,    4.0692639157E+01,    0.0000000000E+00,    0.0000000000E+00,    0.0000000000E+00,    4.0692639157E+01
     61300,      0.676926,CP10_after_neg_clamp,   1,    0.0000000000E+00,    4.0692639157E+01,    4.0692639157E+01,    0.0000000000E+00,    0.0000000000E+00,    0.0000000000E+00,    4.0692639157E+01
     61300,      0.676926,CP11_after_MPI,   1,    0.0000000000E+00,    4.0692639157E+01,    4.0692639157E+01,    0.0000000000E+00,    0.0000000000E+00,    0.0000000000E+00,    4.0692639157E+01
     61300,      0.676926,CP12_end,   1,    0.0000000000E+00,    4.0692639157E+01,    4.0692639157E+01,    0.0000000000E+00,    0.0000000000E+00,    0.0000000000E+00,    4.0692639157E+01
     61350,      0.676926,CP0_start,   1,    0.0000000000E+00,    4.0753611283E+01,    4.0753611283E+01,    0.0000000000E+00,    0.0000000000E+00,    0.0000000000E+00,    4.0753611283E+01
     61350,      0.676926,CP1_after_deposition,   1,    0.0000000000E+00,    4.0753611283E+01,    4.0753611283E+01,    0.0000000000E+00,    0.0000000000E+00,    0.0000000000E+00,    4.0753611283E+01
     61350,      0.676926,CP2_after_erosion,   1,    0.0000000000E+00,    4.0753611283E+01,    4.0753611283E+01,    0.0000000000E+00,    0.0000000000E+00,    0.0000000000E+00,    4.0753611283E+01
     61350,      0.676926,CP3_after_update_bottom,   1,    0.0000000000E+00,    4.0753611283E+01,    4.0753611283E+01,    0.0000000000E+00,    0.0000000000E+00,    0.0000000000E+00,    4.0753611283E+01
     61350,      0.676926,CP4_after_advection,   1,    0.0000000000E+00,    4.0755352077E+01,    4.0755352077E+01,    0.0000000000E+00,    0.0000000000E+00,    0.0000000000E+00,    4.0755352077E+01
     61350,      0.676926,CP5_after_vdif,   1,    0.0000000000E+00,    4.0755352077E+01,    4.0755352077E+01,    0.0000000000E+00,    0.0000000000E+00,    0.0000000000E+00,    4.0755352077E+01
     61350,      0.676926,CP6_after_kinetics,   1,    0.0000000000E+00,    4.0755352077E+01,    4.0755352077E+01,    0.0000000000E+00,    0.0000000000E+00,    0.0000000000E+00,    4.0755352077E+01
     61350,      0.676926,CP7_after_upper_clamp,   1,    0.0000000000E+00,    4.0755352077E+01,    4.0755352077E+01,    0.0000000000E+00,    0.0000000000E+00,    0.0000000000E+00,    4.0755352077E+01
     61350,      0.676926,CP8_after_OBC,   1,    0.0000000000E+00,    4.0755352077E+01,    4.0755352077E+01,    0.0000000000E+00,    0.0000000000E+00,    0.0000000000E+00,    4.0755352077E+01
     61350,      0.676926,CP9_after_PTsource,   1,    0.0000000000E+00,    4.0755352077E+01,    4.0755352077E+01,    0.0000000000E+00,    0.0000000000E+00,    0.0000000000E+00,    4.0755352077E+01
     61350,      0.676926,CP10_after_neg_clamp,   1,    0.0000000000E+00,    4.0755352077E+01,    4.0755352077E+01,    0.0000000000E+00,    0.0000000000E+00,    0.0000000000E+00,    4.0755352077E+01
     61350,      0.676926,CP11_after_MPI,   1,    0.0000000000E+00,    4.0755352077E+01,    4.0755352077E+01,    0.0000000000E+00,    0.0000000000E+00,    0.0000000000E+00,    4.0755352077E+01
     61350,      0.676926,CP12_end,   1,    0.0000000000E+00,    4.0755352077E+01,    4.0755352077E+01,    0.0000000000E+00,    0.0000000000E+00,    0.0000000000E+00,    4.0755352077E+01
     61400,      0.676926,CP0_start,   1,    0.0000000000E+00,    4.0816399876E+01,    4.0816399876E+01,    0.0000000000E+00,    0.0000000000E+00,    0.0000000000E+00,    4.0816399876E+01
     61400,      0.676926,CP1_after_deposition,   1,    0.0000000000E+00,    4.0816399876E+01,    4.0816399876E+01,    0.0000000000E+00,    0.0000000000E+00,    0.0000000000E+00,    4.0816399876E+01
     61400,      0.676926,CP2_after_erosion,   1,    0.0000000000E+00,    4.0816399876E+01,    4.0816399876E+01,    0.0000000000E+00,    0.0000000000E+00,    0.0000000000E+00,    4.0816399876E+01
     61400,      0.676926,CP3_after_update_bottom,   1,    0.0000000000E+00,    4.0816399876E+01,    4.0816399876E+01,    0.0000000000E+00,    0.0000000000E+00,    0.0000000000E+00,    4.0816399876E+01
     61400,      0.676926,CP4_after_advection,   1,    0.0000000000E+00,    4.0818131854E+01,    4.0818131854E+01,    0.0000000000E+00,    0.0000000000E+00,    0.0000000000E+00,    4.0818131854E+01
     61400,      0.676926,CP5_after_vdif,   1,    0.0000000000E+00,    4.0818131854E+01,    4.0818131854E+01,    0.0000000000E+00,    0.0000000000E+00,    0.0000000000E+00,    4.0818131854E+01
     61400,      0.676926,CP6_after_kinetics,   1,    0.0000000000E+00,    4.0818131854E+01,    4.0818131854E+01,    0.0000000000E+00,    0.0000000000E+00,    0.0000000000E+00,    4.0818131854E+01
     61400,      0.676926,CP7_after_upper_clamp,   1,    0.0000000000E+00,    4.0818131854E+01,    4.0818131854E+01,    0.0000000000E+00,    0.0000000000E+00,    0.0000000000E+00,    4.0818131854E+01
     61400,      0.676926,CP8_after_OBC,   1,    0.0000000000E+00,    4.0818131854E+01,    4.0818131854E+01,    0.0000000000E+00,    0.0000000000E+00,    0.0000000000E+00,    4.0818131854E+01
     61400,      0.676926,CP9_after_PTsource,   1,    0.0000000000E+00,    4.0818131854E+01,    4.0818131854E+01,    0.0000000000E+00,    0.0000000000E+00,    0.0000000000E+00,    4.0818131854E+01
     61400,      0.676926,CP10_after_neg_clamp,   1,    0.0000000000E+00,    4.0818131854E+01,    4.0818131854E+01,    0.0000000000E+00,    0.0000000000E+00,    0.0000000000E+00,    4.0818131854E+01
     61400,      0.676926,CP11_after_MPI,   1,    0.0000000000E+00,    4.0818131854E+01,    4.0818131854E+01,    0.0000000000E+00,    0.0000000000E+00,    0.0000000000E+00,    4.0818131854E+01
     61400,      0.676926,CP12_end,   1,    0.0000000000E+00,    4.0818131854E+01,    4.0818131854E+01,    0.0000000000E+00,    0.0000000000E+00,    0.0000000000E+00,    4.0818131854E+01
     61450,      0.676926,CP0_start,   1,    0.0000000000E+00,    4.0879267620E+01,    4.0879267620E+01,    0.0000000000E+00,    0.0000000000E+00,    0.0000000000E+00,    4.0879267620E+01
     61450,      0.676926,CP1_after_deposition,   1,    0.0000000000E+00,    4.0879267620E+01,    4.0879267620E+01,    0.0000000000E+00,    0.0000000000E+00,    0.0000000000E+00,    4.0879267620E+01
     61450,      0.676926,CP2_after_erosion,   1,    0.0000000000E+00,    4.0879267620E+01,    4.0879267620E+01,    0.0000000000E+00,    0.0000000000E+00,    0.0000000000E+00,    4.0879267620E+01
     61450,      0.676926,CP3_after_update_bottom,   1,    0.0000000000E+00,    4.0879267620E+01,    4.0879267620E+01,    0.0000000000E+00,    0.0000000000E+00,    0.0000000000E+00,    4.0879267620E+01
     61450,      0.676926,CP4_after_advection,   1,    0.0000000000E+00,    4.0880990023E+01,    4.0880990023E+01,    0.0000000000E+00,    0.0000000000E+00,    0.0000000000E+00,    4.0880990023E+01
     61450,      0.676926,CP5_after_vdif,   1,    0.0000000000E+00,    4.0880990023E+01,    4.0880990023E+01,    0.0000000000E+00,    0.0000000000E+00,    0.0000000000E+00,    4.0880990023E+01
     61450,      0.676926,CP6_after_kinetics,   1,    0.0000000000E+00,    4.0880990023E+01,    4.0880990023E+01,    0.0000000000E+00,    0.0000000000E+00,    0.0000000000E+00,    4.0880990023E+01
     61450,      0.676926,CP7_after_upper_clamp,   1,    0.0000000000E+00,    4.0880990023E+01,    4.0880990023E+01,    0.0000000000E+00,    0.0000000000E+00,    0.0000000000E+00,    4.0880990023E+01
     61450,      0.676926,CP8_after_OBC,   1,    0.0000000000E+00,    4.0880990023E+01,    4.0880990023E+01,    0.0000000000E+00,    0.0000000000E+00,    0.0000000000E+00,    4.0880990023E+01
     61450,      0.676926,CP9_after_PTsource,   1,    0.0000000000E+00,    4.0880990023E+01,    4.0880990023E+01,    0.0000000000E+00,    0.0000000000E+00,    0.0000000000E+00,    4.0880990023E+01
     61450,      0.676926,CP10_after_neg_clamp,   1,    0.0000000000E+00,    4.0880990023E+01,    4.0880990023E+01,    0.0000000000E+00,    0.0000000000E+00,    0.0000000000E+00,    4.0880990023E+01
     61450,      0.676926,CP11_after_MPI,   1,    0.0000000000E+00,    4.0880990023E+01,    4.0880990023E+01,    0.0000000000E+00,    0.0000000000E+00,    0.0000000000E+00,    4.0880990023E+01
     61450,      0.676926,CP12_end,   1,    0.0000000000E+00,    4.0880990023E+01,    4.0880990023E+01,    0.0000000000E+00,    0.0000000000E+00,    0.0000000000E+00,    4.0880990023E+01
     61500,      0.676926,CP0_start,   1,    0.0000000000E+00,    4.0942203097E+01,    4.0942203097E+01,    0.0000000000E+00,    0.0000000000E+00,    0.0000000000E+00,    4.0942203097E+01
     61500,      0.676926,CP1_after_deposition,   1,    0.0000000000E+00,    4.0942203097E+01,    4.0942203097E+01,    0.0000000000E+00,    0.0000000000E+00,    0.0000000000E+00,    4.0942203097E+01
     61500,      0.676926,CP2_after_erosion,   1,    0.0000000000E+00,    4.0942203097E+01,    4.0942203097E+01,    0.0000000000E+00,    0.0000000000E+00,    0.0000000000E+00,    4.0942203097E+01
     61500,      0.676926,CP3_after_update_bottom,   1,    0.0000000000E+00,    4.0942203097E+01,    4.0942203097E+01,    0.0000000000E+00,    0.0000000000E+00,    0.0000000000E+00,    4.0942203097E+01
     61500,      0.676926,CP4_after_advection,   1,    0.0000000000E+00,    4.0943916176E+01,    4.0943916176E+01,    0.0000000000E+00,    0.0000000000E+00,    0.0000000000E+00,    4.0943916176E+01
     61500,      0.676926,CP5_after_vdif,   1,    0.0000000000E+00,    4.0943916176E+01,    4.0943916176E+01,    0.0000000000E+00,    0.0000000000E+00,    0.0000000000E+00,    4.0943916176E+01
     61500,      0.676926,CP6_after_kinetics,   1,    0.0000000000E+00,    4.0943916176E+01,    4.0943916176E+01,    0.0000000000E+00,    0.0000000000E+00,    0.0000000000E+00,    4.0943916176E+01
     61500,      0.676926,CP7_after_upper_clamp,   1,    0.0000000000E+00,    4.0943916176E+01,    4.0943916176E+01,    0.0000000000E+00,    0.0000000000E+00,    0.0000000000E+00,    4.0943916176E+01
     61500,      0.676926,CP8_after_OBC,   1,    0.0000000000E+00,    4.0943916176E+01,    4.0943916176E+01,    0.0000000000E+00,    0.0000000000E+00,    0.0000000000E+00,    4.0943916176E+01
     61500,      0.676926,CP9_after_PTsource,   1,    0.0000000000E+00,    4.0943916176E+01,    4.0943916176E+01,    0.0000000000E+00,    0.0000000000E+00,    0.0000000000E+00,    4.0943916176E+01
     61500,      0.676926,CP10_after_neg_clamp,   1,    0.0000000000E+00,    4.0943916176E+01,    4.0943916176E+01,    0.0000000000E+00,    0.0000000000E+00,    0.0000000000E+00,    4.0943916176E+01
     61500,      0.676926,CP11_after_MPI,   1,    0.0000000000E+00,    4.0943916176E+01,    4.0943916176E+01,    0.0000000000E+00,    0.0000000000E+00,    0.0000000000E+00,    4.0943916176E+01
     61500,      0.676926,CP12_end,   1,    0.0000000000E+00,    4.0943916176E+01,    4.0943916176E+01,    0.0000000000E+00,    0.0000000000E+00,    0.0000000000E+00,    4.0943916176E+01
     61550,      0.676926,CP0_start,   1,    0.0000000000E+00,    4.1005206466E+01,    4.1005206466E+01,    0.0000000000E+00,    0.0000000000E+00,    0.0000000000E+00,    4.1005206466E+01
     61550,      0.676926,CP1_after_deposition,   1,    0.0000000000E+00,    4.1005206466E+01,    4.1005206466E+01,    0.0000000000E+00,    0.0000000000E+00,    0.0000000000E+00,    4.1005206466E+01
     61550,      0.676926,CP2_after_erosion,   1,    0.0000000000E+00,    4.1005206466E+01,    4.1005206466E+01,    0.0000000000E+00,    0.0000000000E+00,    0.0000000000E+00,    4.1005206466E+01
     61550,      0.676926,CP3_after_update_bottom,   1,    0.0000000000E+00,    4.1005206466E+01,    4.1005206466E+01,    0.0000000000E+00,    0.0000000000E+00,    0.0000000000E+00,    4.1005206466E+01
     61550,      0.676926,CP4_after_advection,   1,    0.0000000000E+00,    4.1006910198E+01,    4.1006910198E+01,    0.0000000000E+00,    0.0000000000E+00,    0.0000000000E+00,    4.1006910198E+01
     61550,      0.676926,CP5_after_vdif,   1,    0.0000000000E+00,    4.1006910198E+01,    4.1006910198E+01,    0.0000000000E+00,    0.0000000000E+00,    0.0000000000E+00,    4.1006910198E+01
     61550,      0.676926,CP6_after_kinetics,   1,    0.0000000000E+00,    4.1006910198E+01,    4.1006910198E+01,    0.0000000000E+00,    0.0000000000E+00,    0.0000000000E+00,    4.1006910198E+01
     61550,      0.676926,CP7_after_upper_clamp,   1,    0.0000000000E+00,    4.1006910198E+01,    4.1006910198E+01,    0.0000000000E+00,    0.0000000000E+00,    0.0000000000E+00,    4.1006910198E+01
     61550,      0.676926,CP8_after_OBC,   1,    0.0000000000E+00,    4.1006910198E+01,    4.1006910198E+01,    0.0000000000E+00,    0.0000000000E+00,    0.0000000000E+00,    4.1006910198E+01
     61550,      0.676926,CP9_after_PTsource,   1,    0.0000000000E+00,    4.1006910198E+01,    4.1006910198E+01,    0.0000000000E+00,    0.0000000000E+00,    0.0000000000E+00,    4.1006910198E+01
     61550,      0.676926,CP10_after_neg_clamp,   1,    0.0000000000E+00,    4.1006910198E+01,    4.1006910198E+01,    0.0000000000E+00,    0.0000000000E+00,    0.0000000000E+00,    4.1006910198E+01
     61550,      0.676926,CP11_after_MPI,   1,    0.0000000000E+00,    4.1006910198E+01,    4.1006910198E+01,    0.0000000000E+00,    0.0000000000E+00,    0.0000000000E+00,    4.1006910198E+01
     61550,      0.676926,CP12_end,   1,    0.0000000000E+00,    4.1006910198E+01,    4.1006910198E+01,    0.0000000000E+00,    0.0000000000E+00,    0.0000000000E+00,    4.1006910198E+01
     61600,      0.676926,CP0_start,   1,    0.0000000000E+00,    4.1068282880E+01,    4.1068282880E+01,    0.0000000000E+00,    0.0000000000E+00,    0.0000000000E+00,    4.1068282880E+01
     61600,      0.676926,CP1_after_deposition,   1,    0.0000000000E+00,    4.1068282880E+01,    4.1068282880E+01,    0.0000000000E+00,    0.0000000000E+00,    0.0000000000E+00,    4.1068282880E+01
     61600,      0.676926,CP2_after_erosion,   1,    0.0000000000E+00,    4.1068282880E+01,    4.1068282880E+01,    0.0000000000E+00,    0.0000000000E+00,    0.0000000000E+00,    4.1068282880E+01
     61600,      0.676926,CP3_after_update_bottom,   1,    0.0000000000E+00,    4.1068282880E+01,    4.1068282880E+01,    0.0000000000E+00,    0.0000000000E+00,    0.0000000000E+00,    4.1068282880E+01
     61600,      0.676926,CP4_after_advection,   1,    0.0000000000E+00,    4.1069977120E+01,    4.1069977120E+01,    0.0000000000E+00,    0.0000000000E+00,    0.0000000000E+00,    4.1069977120E+01
     61600,      0.676926,CP5_after_vdif,   1,    0.0000000000E+00,    4.1069977120E+01,    4.1069977120E+01,    0.0000000000E+00,    0.0000000000E+00,    0.0000000000E+00,    4.1069977120E+01
     61600,      0.676926,CP6_after_kinetics,   1,    0.0000000000E+00,    4.1069977120E+01,    4.1069977120E+01,    0.0000000000E+00,    0.0000000000E+00,    0.0000000000E+00,    4.1069977120E+01
     61600,      0.676926,CP7_after_upper_clamp,   1,    0.0000000000E+00,    4.1069977120E+01,    4.1069977120E+01,    0.0000000000E+00,    0.0000000000E+00,    0.0000000000E+00,    4.1069977120E+01
     61600,      0.676926,CP8_after_OBC,   1,    0.0000000000E+00,    4.1069977120E+01,    4.1069977120E+01,    0.0000000000E+00,    0.0000000000E+00,    0.0000000000E+00,    4.1069977120E+01
     61600,      0.676926,CP9_after_PTsource,   1,    0.0000000000E+00,    4.1069977120E+01,    4.1069977120E+01,    0.0000000000E+00,    0.0000000000E+00,    0.0000000000E+00,    4.1069977120E+01
     61600,      0.676926,CP10_after_neg_clamp,   1,    0.0000000000E+00,    4.1069977120E+01,    4.1069977120E+01,    0.0000000000E+00,    0.0000000000E+00,    0.0000000000E+00,    4.1069977120E+01
     61600,      0.676926,CP11_after_MPI,   1,    0.0000000000E+00,    4.1069977120E+01,    4.1069977120E+01,    0.0000000000E+00,    0.0000000000E+00,    0.0000000000E+00,    4.1069977120E+01
     61600,      0.676926,CP12_end,   1,    0.0000000000E+00,    4.1069977120E+01,    4.1069977120E+01,    0.0000000000E+00,    0.0000000000E+00,    0.0000000000E+00,    4.1069977120E+01
     61650,      0.676926,CP0_start,   1,    0.0000000000E+00,    4.1131425265E+01,    4.1131425265E+01,    0.0000000000E+00,    0.0000000000E+00,    0.0000000000E+00,    4.1131425265E+01
     61650,      0.676926,CP1_after_deposition,   1,    0.0000000000E+00,    4.1131425265E+01,    4.1131425265E+01,    0.0000000000E+00,    0.0000000000E+00,    0.0000000000E+00,    4.1131425265E+01
     61650,      0.676926,CP2_after_erosion,   1,    0.0000000000E+00,    4.1131425265E+01,    4.1131425265E+01,    0.0000000000E+00,    0.0000000000E+00,    0.0000000000E+00,    4.1131425265E+01
     61650,      0.676926,CP3_after_update_bottom,   1,    0.0000000000E+00,    4.1131425265E+01,    4.1131425265E+01,    0.0000000000E+00,    0.0000000000E+00,    0.0000000000E+00,    4.1131425265E+01
     61650,      0.676926,CP4_after_advection,   1,    0.0000000000E+00,    4.1133109653E+01,    4.1133109653E+01,    0.0000000000E+00,    0.0000000000E+00,    0.0000000000E+00,    4.1133109653E+01
     61650,      0.676926,CP5_after_vdif,   1,    0.0000000000E+00,    4.1133109653E+01,    4.1133109653E+01,    0.0000000000E+00,    0.0000000000E+00,    0.0000000000E+00,    4.1133109653E+01
     61650,      0.676926,CP6_after_kinetics,   1,    0.0000000000E+00,    4.1133109653E+01,    4.1133109653E+01,    0.0000000000E+00,    0.0000000000E+00,    0.0000000000E+00,    4.1133109653E+01
     61650,      0.676926,CP7_after_upper_clamp,   1,    0.0000000000E+00,    4.1133109653E+01,    4.1133109653E+01,    0.0000000000E+00,    0.0000000000E+00,    0.0000000000E+00,    4.1133109653E+01
     61650,      0.676926,CP8_after_OBC,   1,    0.0000000000E+00,    4.1133109653E+01,    4.1133109653E+01,    0.0000000000E+00,    0.0000000000E+00,    0.0000000000E+00,    4.1133109653E+01
     61650,      0.676926,CP9_after_PTsource,   1,    0.0000000000E+00,    4.1133109653E+01,    4.1133109653E+01,    0.0000000000E+00,    0.0000000000E+00,    0.0000000000E+00,    4.1133109653E+01
     61650,      0.676926,CP10_after_neg_clamp,   1,    0.0000000000E+00,    4.1133109653E+01,    4.1133109653E+01,    0.0000000000E+00,    0.0000000000E+00,    0.0000000000E+00,    4.1133109653E+01
     61650,      0.676926,CP11_after_MPI,   1,    0.0000000000E+00,    4.1133109653E+01,    4.1133109653E+01,    0.0000000000E+00,    0.0000000000E+00,    0.0000000000E+00,    4.1133109653E+01
     61650,      0.676926,CP12_end,   1,    0.0000000000E+00,    4.1133109653E+01,    4.1133109653E+01,    0.0000000000E+00,    0.0000000000E+00,    0.0000000000E+00,    4.1133109653E+01
     61700,      0.676926,CP0_start,   1,    0.0000000000E+00,    4.1194633703E+01,    4.1194633703E+01,    0.0000000000E+00,    0.0000000000E+00,    0.0000000000E+00,    4.1194633703E+01
     61700,      0.676926,CP1_after_deposition,   1,    0.0000000000E+00,    4.1194633703E+01,    4.1194633703E+01,    0.0000000000E+00,    0.0000000000E+00,    0.0000000000E+00,    4.1194633703E+01
     61700,      0.676926,CP2_after_erosion,   1,    0.0000000000E+00,    4.1194633703E+01,    4.1194633703E+01,    0.0000000000E+00,    0.0000000000E+00,    0.0000000000E+00,    4.1194633703E+01
     61700,      0.676926,CP3_after_update_bottom,   1,    0.0000000000E+00,    4.1194633703E+01,    4.1194633703E+01,    0.0000000000E+00,    0.0000000000E+00,    0.0000000000E+00,    4.1194633703E+01
     61700,      0.676926,CP4_after_advection,   1,    0.0000000000E+00,    4.1196307636E+01,    4.1196307636E+01,    0.0000000000E+00,    0.0000000000E+00,    0.0000000000E+00,    4.1196307636E+01
     61700,      0.676926,CP5_after_vdif,   1,    0.0000000000E+00,    4.1196307636E+01,    4.1196307636E+01,    0.0000000000E+00,    0.0000000000E+00,    0.0000000000E+00,    4.1196307636E+01
     61700,      0.676926,CP6_after_kinetics,   1,    0.0000000000E+00,    4.1196307636E+01,    4.1196307636E+01,    0.0000000000E+00,    0.0000000000E+00,    0.0000000000E+00,    4.1196307636E+01
     61700,      0.676926,CP7_after_upper_clamp,   1,    0.0000000000E+00,    4.1196307636E+01,    4.1196307636E+01,    0.0000000000E+00,    0.0000000000E+00,    0.0000000000E+00,    4.1196307636E+01
     61700,      0.676926,CP8_after_OBC,   1,    0.0000000000E+00,    4.1196307636E+01,    4.1196307636E+01,    0.0000000000E+00,    0.0000000000E+00,    0.0000000000E+00,    4.1196307636E+01
     61700,      0.676926,CP9_after_PTsource,   1,    0.0000000000E+00,    4.1196307636E+01,    4.1196307636E+01,    0.0000000000E+00,    0.0000000000E+00,    0.0000000000E+00,    4.1196307636E+01
     61700,      0.676926,CP10_after_neg_clamp,   1,    0.0000000000E+00,    4.1196307636E+01,    4.1196307636E+01,    0.0000000000E+00,    0.0000000000E+00,    0.0000000000E+00,    4.1196307636E+01
     61700,      0.676926,CP11_after_MPI,   1,    0.0000000000E+00,    4.1196307636E+01,    4.1196307636E+01,    0.0000000000E+00,    0.0000000000E+00,    0.0000000000E+00,    4.1196307636E+01
     61700,      0.676926,CP12_end,   1,    0.0000000000E+00,    4.1196307636E+01,    4.1196307636E+01,    0.0000000000E+00,    0.0000000000E+00,    0.0000000000E+00,    4.1196307636E+01
     61750,      0.676926,CP0_start,   1,    0.0000000000E+00,    4.1257908699E+01,    4.1257908699E+01,    0.0000000000E+00,    0.0000000000E+00,    0.0000000000E+00,    4.1257908699E+01
     61750,      0.676926,CP1_after_deposition,   1,    0.0000000000E+00,    4.1257908699E+01,    4.1257908699E+01,    0.0000000000E+00,    0.0000000000E+00,    0.0000000000E+00,    4.1257908699E+01
     61750,      0.676926,CP2_after_erosion,   1,    0.0000000000E+00,    4.1257908699E+01,    4.1257908699E+01,    0.0000000000E+00,    0.0000000000E+00,    0.0000000000E+00,    4.1257908699E+01
     61750,      0.676926,CP3_after_update_bottom,   1,    0.0000000000E+00,    4.1257908699E+01,    4.1257908699E+01,    0.0000000000E+00,    0.0000000000E+00,    0.0000000000E+00,    4.1257908699E+01
     61750,      0.676926,CP4_after_advection,   1,    0.0000000000E+00,    4.1259571729E+01,    4.1259571729E+01,    0.0000000000E+00,    0.0000000000E+00,    0.0000000000E+00,    4.1259571729E+01
     61750,      0.676926,CP5_after_vdif,   1,    0.0000000000E+00,    4.1259571729E+01,    4.1259571729E+01,    0.0000000000E+00,    0.0000000000E+00,    0.0000000000E+00,    4.1259571729E+01
     61750,      0.676926,CP6_after_kinetics,   1,    0.0000000000E+00,    4.1259571729E+01,    4.1259571729E+01,    0.0000000000E+00,    0.0000000000E+00,    0.0000000000E+00,    4.1259571729E+01
     61750,      0.676926,CP7_after_upper_clamp,   1,    0.0000000000E+00,    4.1259571729E+01,    4.1259571729E+01,    0.0000000000E+00,    0.0000000000E+00,    0.0000000000E+00,    4.1259571729E+01
     61750,      0.676926,CP8_after_OBC,   1,    0.0000000000E+00,    4.1259571729E+01,    4.1259571729E+01,    0.0000000000E+00,    0.0000000000E+00,    0.0000000000E+00,    4.1259571729E+01
     61750,      0.676926,CP9_after_PTsource,   1,    0.0000000000E+00,    4.1259571729E+01,    4.1259571729E+01,    0.0000000000E+00,    0.0000000000E+00,    0.0000000000E+00,    4.1259571729E+01
     61750,      0.676926,CP10_after_neg_clamp,   1,    0.0000000000E+00,    4.1259571729E+01,    4.1259571729E+01,    0.0000000000E+00,    0.0000000000E+00,    0.0000000000E+00,    4.1259571729E+01
     61750,      0.676926,CP11_after_MPI,   1,    0.0000000000E+00,    4.1259571729E+01,    4.1259571729E+01,    0.0000000000E+00,    0.0000000000E+00,    0.0000000000E+00,    4.1259571729E+01
     61750,      0.676926,CP12_end,   1,    0.0000000000E+00,    4.1259571729E+01,    4.1259571729E+01,    0.0000000000E+00,    0.0000000000E+00,    0.0000000000E+00,    4.1259571729E+01
     61800,      0.676926,CP0_start,   1,    0.0000000000E+00,    4.1321258781E+01,    4.1321258781E+01,    0.0000000000E+00,    0.0000000000E+00,    0.0000000000E+00,    4.1321258781E+01
     61800,      0.676926,CP1_after_deposition,   1,    0.0000000000E+00,    4.1321258781E+01,    4.1321258781E+01,    0.0000000000E+00,    0.0000000000E+00,    0.0000000000E+00,    4.1321258781E+01
     61800,      0.676926,CP2_after_erosion,   1,    0.0000000000E+00,    4.1321258781E+01,    4.1321258781E+01,    0.0000000000E+00,    0.0000000000E+00,    0.0000000000E+00,    4.1321258781E+01
     61800,      0.676926,CP3_after_update_bottom,   1,    0.0000000000E+00,    4.1321258781E+01,    4.1321258781E+01,    0.0000000000E+00,    0.0000000000E+00,    0.0000000000E+00,    4.1321258781E+01
     61800,      0.676926,CP4_after_advection,   1,    0.0000000000E+00,    4.1322912315E+01,    4.1322912315E+01,    0.0000000000E+00,    0.0000000000E+00,    0.0000000000E+00,    4.1322912315E+01
     61800,      0.676926,CP5_after_vdif,   1,    0.0000000000E+00,    4.1322912315E+01,    4.1322912315E+01,    0.0000000000E+00,    0.0000000000E+00,    0.0000000000E+00,    4.1322912315E+01
     61800,      0.676926,CP6_after_kinetics,   1,    0.0000000000E+00,    4.1322912315E+01,    4.1322912315E+01,    0.0000000000E+00,    0.0000000000E+00,    0.0000000000E+00,    4.1322912315E+01
     61800,      0.676926,CP7_after_upper_clamp,   1,    0.0000000000E+00,    4.1322912315E+01,    4.1322912315E+01,    0.0000000000E+00,    0.0000000000E+00,    0.0000000000E+00,    4.1322912315E+01
     61800,      0.676926,CP8_after_OBC,   1,    0.0000000000E+00,    4.1322912315E+01,    4.1322912315E+01,    0.0000000000E+00,    0.0000000000E+00,    0.0000000000E+00,    4.1322912315E+01
     61800,      0.676926,CP9_after_PTsource,   1,    0.0000000000E+00,    4.1322912315E+01,    4.1322912315E+01,    0.0000000000E+00,    0.0000000000E+00,    0.0000000000E+00,    4.1322912315E+01
     61800,      0.676926,CP10_after_neg_clamp,   1,    0.0000000000E+00,    4.1322912315E+01,    4.1322912315E+01,    0.0000000000E+00,    0.0000000000E+00,    0.0000000000E+00,    4.1322912315E+01
     61800,      0.676926,CP11_after_MPI,   1,    0.0000000000E+00,    4.1322912315E+01,    4.1322912315E+01,    0.0000000000E+00,    0.0000000000E+00,    0.0000000000E+00,    4.1322912315E+01
     61800,      0.676926,CP12_end,   1,    0.0000000000E+00,    4.1322912315E+01,    4.1322912315E+01,    0.0000000000E+00,    0.0000000000E+00,    0.0000000000E+00,    4.1322912315E+01
     61850,      0.676926,CP0_start,   1,    0.0000000000E+00,    4.1384680208E+01,    4.1384680208E+01,    0.0000000000E+00,    0.0000000000E+00,    0.0000000000E+00,    4.1384680208E+01
     61850,      0.676926,CP1_after_deposition,   1,    0.0000000000E+00,    4.1384680208E+01,    4.1384680208E+01,    0.0000000000E+00,    0.0000000000E+00,    0.0000000000E+00,    4.1384680208E+01
     61850,      0.676926,CP2_after_erosion,   1,    0.0000000000E+00,    4.1384680208E+01,    4.1384680208E+01,    0.0000000000E+00,    0.0000000000E+00,    0.0000000000E+00,    4.1384680208E+01
     61850,      0.676926,CP3_after_update_bottom,   1,    0.0000000000E+00,    4.1384680208E+01,    4.1384680208E+01,    0.0000000000E+00,    0.0000000000E+00,    0.0000000000E+00,    4.1384680208E+01
     61850,      0.676926,CP4_after_advection,   1,    0.0000000000E+00,    4.1386323843E+01,    4.1386323843E+01,    0.0000000000E+00,    0.0000000000E+00,    0.0000000000E+00,    4.1386323843E+01
     61850,      0.676926,CP5_after_vdif,   1,    0.0000000000E+00,    4.1386323843E+01,    4.1386323843E+01,    0.0000000000E+00,    0.0000000000E+00,    0.0000000000E+00,    4.1386323843E+01
     61850,      0.676926,CP6_after_kinetics,   1,    0.0000000000E+00,    4.1386323843E+01,    4.1386323843E+01,    0.0000000000E+00,    0.0000000000E+00,    0.0000000000E+00,    4.1386323843E+01
     61850,      0.676926,CP7_after_upper_clamp,   1,    0.0000000000E+00,    4.1386323843E+01,    4.1386323843E+01,    0.0000000000E+00,    0.0000000000E+00,    0.0000000000E+00,    4.1386323843E+01
     61850,      0.676926,CP8_after_OBC,   1,    0.0000000000E+00,    4.1386323843E+01,    4.1386323843E+01,    0.0000000000E+00,    0.0000000000E+00,    0.0000000000E+00,    4.1386323843E+01
     61850,      0.676926,CP9_after_PTsource,   1,    0.0000000000E+00,    4.1386323843E+01,    4.1386323843E+01,    0.0000000000E+00,    0.0000000000E+00,    0.0000000000E+00,    4.1386323843E+01
     61850,      0.676926,CP10_after_neg_clamp,   1,    0.0000000000E+00,    4.1386323843E+01,    4.1386323843E+01,    0.0000000000E+00,    0.0000000000E+00,    0.0000000000E+00,    4.1386323843E+01
     61850,      0.676926,CP11_after_MPI,   1,    0.0000000000E+00,    4.1386323843E+01,    4.1386323843E+01,    0.0000000000E+00,    0.0000000000E+00,    0.0000000000E+00,    4.1386323843E+01
     61850,      0.676926,CP12_end,   1,    0.0000000000E+00,    4.1386323843E+01,    4.1386323843E+01,    0.0000000000E+00,    0.0000000000E+00,    0.0000000000E+00,    4.1386323843E+01
     61900,      0.676926,CP0_start,   1,    0.0000000000E+00,    4.1448164547E+01,    4.1448164547E+01,    0.0000000000E+00,    0.0000000000E+00,    0.0000000000E+00,    4.1448164547E+01
     61900,      0.676926,CP1_after_deposition,   1,    0.0000000000E+00,    4.1448164547E+01,    4.1448164547E+01,    0.0000000000E+00,    0.0000000000E+00,    0.0000000000E+00,    4.1448164547E+01
     61900,      0.676926,CP2_after_erosion,   1,    0.0000000000E+00,    4.1448164547E+01,    4.1448164547E+01,    0.0000000000E+00,    0.0000000000E+00,    0.0000000000E+00,    4.1448164547E+01
     61900,      0.676926,CP3_after_update_bottom,   1,    0.0000000000E+00,    4.1448164547E+01,    4.1448164547E+01,    0.0000000000E+00,    0.0000000000E+00,    0.0000000000E+00,    4.1448164547E+01
     61900,      0.676926,CP4_after_advection,   1,    0.0000000000E+00,    4.1449797671E+01,    4.1449797671E+01,    0.0000000000E+00,    0.0000000000E+00,    0.0000000000E+00,    4.1449797671E+01
     61900,      0.676926,CP5_after_vdif,   1,    0.0000000000E+00,    4.1449797671E+01,    4.1449797671E+01,    0.0000000000E+00,    0.0000000000E+00,    0.0000000000E+00,    4.1449797671E+01
     61900,      0.676926,CP6_after_kinetics,   1,    0.0000000000E+00,    4.1449797671E+01,    4.1449797671E+01,    0.0000000000E+00,    0.0000000000E+00,    0.0000000000E+00,    4.1449797671E+01
     61900,      0.676926,CP7_after_upper_clamp,   1,    0.0000000000E+00,    4.1449797671E+01,    4.1449797671E+01,    0.0000000000E+00,    0.0000000000E+00,    0.0000000000E+00,    4.1449797671E+01
     61900,      0.676926,CP8_after_OBC,   1,    0.0000000000E+00,    4.1449797671E+01,    4.1449797671E+01,    0.0000000000E+00,    0.0000000000E+00,    0.0000000000E+00,    4.1449797671E+01
     61900,      0.676926,CP9_after_PTsource,   1,    0.0000000000E+00,    4.1449797671E+01,    4.1449797671E+01,    0.0000000000E+00,    0.0000000000E+00,    0.0000000000E+00,    4.1449797671E+01
     61900,      0.676926,CP10_after_neg_clamp,   1,    0.0000000000E+00,    4.1449797671E+01,    4.1449797671E+01,    0.0000000000E+00,    0.0000000000E+00,    0.0000000000E+00,    4.1449797671E+01
     61900,      0.676926,CP11_after_MPI,   1,    0.0000000000E+00,    4.1449797671E+01,    4.1449797671E+01,    0.0000000000E+00,    0.0000000000E+00,    0.0000000000E+00,    4.1449797671E+01
     61900,      0.676926,CP12_end,   1,    0.0000000000E+00,    4.1449797671E+01,    4.1449797671E+01,    0.0000000000E+00,    0.0000000000E+00,    0.0000000000E+00,    4.1449797671E+01
     61950,      0.676926,CP0_start,   1,    0.0000000000E+00,    4.1511722469E+01,    4.1511722469E+01,    0.0000000000E+00,    0.0000000000E+00,    0.0000000000E+00,    4.1511722469E+01
     61950,      0.676926,CP1_after_deposition,   1,    0.0000000000E+00,    4.1511722469E+01,    4.1511722469E+01,    0.0000000000E+00,    0.0000000000E+00,    0.0000000000E+00,    4.1511722469E+01
     61950,      0.676926,CP2_after_erosion,   1,    0.0000000000E+00,    4.1511722469E+01,    4.1511722469E+01,    0.0000000000E+00,    0.0000000000E+00,    0.0000000000E+00,    4.1511722469E+01
     61950,      0.676926,CP3_after_update_bottom,   1,    0.0000000000E+00,    4.1511722469E+01,    4.1511722469E+01,    0.0000000000E+00,    0.0000000000E+00,    0.0000000000E+00,    4.1511722469E+01
     61950,      0.676926,CP4_after_advection,   1,    0.0000000000E+00,    4.1513343461E+01,    4.1513343461E+01,    0.0000000000E+00,    0.0000000000E+00,    0.0000000000E+00,    4.1513343461E+01
     61950,      0.676926,CP5_after_vdif,   1,    0.0000000000E+00,    4.1513343461E+01,    4.1513343461E+01,    0.0000000000E+00,    0.0000000000E+00,    0.0000000000E+00,    4.1513343461E+01
     61950,      0.676926,CP6_after_kinetics,   1,    0.0000000000E+00,    4.1513343461E+01,    4.1513343461E+01,    0.0000000000E+00,    0.0000000000E+00,    0.0000000000E+00,    4.1513343461E+01
     61950,      0.676926,CP7_after_upper_clamp,   1,    0.0000000000E+00,    4.1513343461E+01,    4.1513343461E+01,    0.0000000000E+00,    0.0000000000E+00,    0.0000000000E+00,    4.1513343461E+01
     61950,      0.676926,CP8_after_OBC,   1,    0.0000000000E+00,    4.1513343461E+01,    4.1513343461E+01,    0.0000000000E+00,    0.0000000000E+00,    0.0000000000E+00,    4.1513343461E+01
     61950,      0.676926,CP9_after_PTsource,   1,    0.0000000000E+00,    4.1513343461E+01,    4.1513343461E+01,    0.0000000000E+00,    0.0000000000E+00,    0.0000000000E+00,    4.1513343461E+01
     61950,      0.676926,CP10_after_neg_clamp,   1,    0.0000000000E+00,    4.1513343461E+01,    4.1513343461E+01,    0.0000000000E+00,    0.0000000000E+00,    0.0000000000E+00,    4.1513343461E+01
     61950,      0.676926,CP11_after_MPI,   1,    0.0000000000E+00,    4.1513343461E+01,    4.1513343461E+01,    0.0000000000E+00,    0.0000000000E+00,    0.0000000000E+00,    4.1513343461E+01
     61950,      0.676926,CP12_end,   1,    0.0000000000E+00,    4.1513343461E+01,    4.1513343461E+01,    0.0000000000E+00,    0.0000000000E+00,    0.0000000000E+00,    4.1513343461E+01
     62000,      0.676926,CP0_start,   1,    0.0000000000E+00,    4.1575340046E+01,    4.1575340046E+01,    0.0000000000E+00,    0.0000000000E+00,    0.0000000000E+00,    4.1575340046E+01
     62000,      0.676926,CP1_after_deposition,   1,    0.0000000000E+00,    4.1575340046E+01,    4.1575340046E+01,    0.0000000000E+00,    0.0000000000E+00,    0.0000000000E+00,    4.1575340046E+01
     62000,      0.676926,CP2_after_erosion,   1,    0.0000000000E+00,    4.1575340046E+01,    4.1575340046E+01,    0.0000000000E+00,    0.0000000000E+00,    0.0000000000E+00,    4.1575340046E+01
     62000,      0.676926,CP3_after_update_bottom,   1,    0.0000000000E+00,    4.1575340046E+01,    4.1575340046E+01,    0.0000000000E+00,    0.0000000000E+00,    0.0000000000E+00,    4.1575340046E+01
     62000,      0.676926,CP4_after_advection,   1,    0.0000000000E+00,    4.1576949333E+01,    4.1576949333E+01,    0.0000000000E+00,    0.0000000000E+00,    0.0000000000E+00,    4.1576949333E+01
     62000,      0.676926,CP5_after_vdif,   1,    0.0000000000E+00,    4.1576949333E+01,    4.1576949333E+01,    0.0000000000E+00,    0.0000000000E+00,    0.0000000000E+00,    4.1576949333E+01
     62000,      0.676926,CP6_after_kinetics,   1,    0.0000000000E+00,    4.1576949333E+01,    4.1576949333E+01,    0.0000000000E+00,    0.0000000000E+00,    0.0000000000E+00,    4.1576949333E+01
     62000,      0.676926,CP7_after_upper_clamp,   1,    0.0000000000E+00,    4.1576949333E+01,    4.1576949333E+01,    0.0000000000E+00,    0.0000000000E+00,    0.0000000000E+00,    4.1576949333E+01
     62000,      0.676926,CP8_after_OBC,   1,    0.0000000000E+00,    4.1576949333E+01,    4.1576949333E+01,    0.0000000000E+00,    0.0000000000E+00,    0.0000000000E+00,    4.1576949333E+01
     62000,      0.676926,CP9_after_PTsource,   1,    0.0000000000E+00,    4.1576949333E+01,    4.1576949333E+01,    0.0000000000E+00,    0.0000000000E+00,    0.0000000000E+00,    4.1576949333E+01
     62000,      0.676926,CP10_after_neg_clamp,   1,    0.0000000000E+00,    4.1576949333E+01,    4.1576949333E+01,    0.0000000000E+00,    0.0000000000E+00,    0.0000000000E+00,    4.1576949333E+01
     62000,      0.676926,CP11_after_MPI,   1,    0.0000000000E+00,    4.1576949333E+01,    4.1576949333E+01,    0.0000000000E+00,    0.0000000000E+00,    0.0000000000E+00,    4.1576949333E+01
     62000,      0.676926,CP12_end,   1,    0.0000000000E+00,    4.1576949333E+01,    4.1576949333E+01,    0.0000000000E+00,    0.0000000000E+00,    0.0000000000E+00,    4.1576949333E+01
     62050,      0.676926,CP0_start,   1,    0.0000000000E+00,    4.1639018959E+01,    4.1639018959E+01,    0.0000000000E+00,    0.0000000000E+00,    0.0000000000E+00,    4.1639018959E+01
     62050,      0.676926,CP1_after_deposition,   1,    0.0000000000E+00,    4.1639018959E+01,    4.1639018959E+01,    0.0000000000E+00,    0.0000000000E+00,    0.0000000000E+00,    4.1639018959E+01
     62050,      0.676926,CP2_after_erosion,   1,    0.0000000000E+00,    4.1639018959E+01,    4.1639018959E+01,    0.0000000000E+00,    0.0000000000E+00,    0.0000000000E+00,    4.1639018959E+01
     62050,      0.676926,CP3_after_update_bottom,   1,    0.0000000000E+00,    4.1639018959E+01,    4.1639018959E+01,    0.0000000000E+00,    0.0000000000E+00,    0.0000000000E+00,    4.1639018959E+01
     62050,      0.676926,CP4_after_advection,   1,    0.0000000000E+00,    4.1640617849E+01,    4.1640617849E+01,    0.0000000000E+00,    0.0000000000E+00,    0.0000000000E+00,    4.1640617849E+01
     62050,      0.676926,CP5_after_vdif,   1,    0.0000000000E+00,    4.1640617849E+01,    4.1640617849E+01,    0.0000000000E+00,    0.0000000000E+00,    0.0000000000E+00,    4.1640617849E+01
     62050,      0.676926,CP6_after_kinetics,   1,    0.0000000000E+00,    4.1640617849E+01,    4.1640617849E+01,    0.0000000000E+00,    0.0000000000E+00,    0.0000000000E+00,    4.1640617849E+01
     62050,      0.676926,CP7_after_upper_clamp,   1,    0.0000000000E+00,    4.1640617849E+01,    4.1640617849E+01,    0.0000000000E+00,    0.0000000000E+00,    0.0000000000E+00,    4.1640617849E+01
     62050,      0.676926,CP8_after_OBC,   1,    0.0000000000E+00,    4.1640617849E+01,    4.1640617849E+01,    0.0000000000E+00,    0.0000000000E+00,    0.0000000000E+00,    4.1640617849E+01
     62050,      0.676926,CP9_after_PTsource,   1,    0.0000000000E+00,    4.1640617849E+01,    4.1640617849E+01,    0.0000000000E+00,    0.0000000000E+00,    0.0000000000E+00,    4.1640617849E+01
     62050,      0.676926,CP10_after_neg_clamp,   1,    0.0000000000E+00,    4.1640617849E+01,    4.1640617849E+01,    0.0000000000E+00,    0.0000000000E+00,    0.0000000000E+00,    4.1640617849E+01
     62050,      0.676926,CP11_after_MPI,   1,    0.0000000000E+00,    4.1640617849E+01,    4.1640617849E+01,    0.0000000000E+00,    0.0000000000E+00,    0.0000000000E+00,    4.1640617849E+01
     62050,      0.676926,CP12_end,   1,    0.0000000000E+00,    4.1640617849E+01,    4.1640617849E+01,    0.0000000000E+00,    0.0000000000E+00,    0.0000000000E+00,    4.1640617849E+01
     62100,      0.676926,CP0_start,   1,    0.0000000000E+00,    4.1702765631E+01,    4.1702765631E+01,    0.0000000000E+00,    0.0000000000E+00,    0.0000000000E+00,    4.1702765631E+01
     62100,      0.676926,CP1_after_deposition,   1,    0.0000000000E+00,    4.1702765631E+01,    4.1702765631E+01,    0.0000000000E+00,    0.0000000000E+00,    0.0000000000E+00,    4.1702765631E+01
     62100,      0.676926,CP2_after_erosion,   1,    0.0000000000E+00,    4.1702765631E+01,    4.1702765631E+01,    0.0000000000E+00,    0.0000000000E+00,    0.0000000000E+00,    4.1702765631E+01
     62100,      0.676926,CP3_after_update_bottom,   1,    0.0000000000E+00,    4.1702765631E+01,    4.1702765631E+01,    0.0000000000E+00,    0.0000000000E+00,    0.0000000000E+00,    4.1702765631E+01
     62100,      0.676926,CP4_after_advection,   1,    0.0000000000E+00,    4.1704354014E+01,    4.1704354014E+01,    0.0000000000E+00,    0.0000000000E+00,    0.0000000000E+00,    4.1704354014E+01
     62100,      0.676926,CP5_after_vdif,   1,    0.0000000000E+00,    4.1704354014E+01,    4.1704354014E+01,    0.0000000000E+00,    0.0000000000E+00,    0.0000000000E+00,    4.1704354014E+01
     62100,      0.676926,CP6_after_kinetics,   1,    0.0000000000E+00,    4.1704354014E+01,    4.1704354014E+01,    0.0000000000E+00,    0.0000000000E+00,    0.0000000000E+00,    4.1704354014E+01
     62100,      0.676926,CP7_after_upper_clamp,   1,    0.0000000000E+00,    4.1704354014E+01,    4.1704354014E+01,    0.0000000000E+00,    0.0000000000E+00,    0.0000000000E+00,    4.1704354014E+01
     62100,      0.676926,CP8_after_OBC,   1,    0.0000000000E+00,    4.1704354014E+01,    4.1704354014E+01,    0.0000000000E+00,    0.0000000000E+00,    0.0000000000E+00,    4.1704354014E+01
     62100,      0.676926,CP9_after_PTsource,   1,    0.0000000000E+00,    4.1704354014E+01,    4.1704354014E+01,    0.0000000000E+00,    0.0000000000E+00,    0.0000000000E+00,    4.1704354014E+01
     62100,      0.676926,CP10_after_neg_clamp,   1,    0.0000000000E+00,    4.1704354014E+01,    4.1704354014E+01,    0.0000000000E+00,    0.0000000000E+00,    0.0000000000E+00,    4.1704354014E+01
     62100,      0.676926,CP11_after_MPI,   1,    0.0000000000E+00,    4.1704354014E+01,    4.1704354014E+01,    0.0000000000E+00,    0.0000000000E+00,    0.0000000000E+00,    4.1704354014E+01
     62100,      0.676926,CP12_end,   1,    0.0000000000E+00,    4.1704354014E+01,    4.1704354014E+01,    0.0000000000E+00,    0.0000000000E+00,    0.0000000000E+00,    4.1704354014E+01
     62150,      0.676926,CP0_start,   1,    0.0000000000E+00,    4.1766448160E+01,    4.1766448160E+01,    0.0000000000E+00,    0.0000000000E+00,    0.0000000000E+00,    4.1766448160E+01
     62150,      0.676926,CP1_after_deposition,   1,    0.0000000000E+00,    4.1766448160E+01,    4.1766448160E+01,    0.0000000000E+00,    0.0000000000E+00,    0.0000000000E+00,    4.1766448160E+01
     62150,      0.676926,CP2_after_erosion,   1,    0.0000000000E+00,    4.1766448160E+01,    4.1766448160E+01,    0.0000000000E+00,    0.0000000000E+00,    0.0000000000E+00,    4.1766448160E+01
     62150,      0.676926,CP3_after_update_bottom,   1,    0.0000000000E+00,    4.1766448160E+01,    4.1766448160E+01,    0.0000000000E+00,    0.0000000000E+00,    0.0000000000E+00,    4.1766448160E+01
     62150,      0.676926,CP4_after_advection,   1,    0.0000000000E+00,    4.1768024624E+01,    4.1768024624E+01,    0.0000000000E+00,    0.0000000000E+00,    0.0000000000E+00,    4.1768024624E+01
     62150,      0.676926,CP5_after_vdif,   1,    0.0000000000E+00,    4.1768024624E+01,    4.1768024624E+01,    0.0000000000E+00,    0.0000000000E+00,    0.0000000000E+00,    4.1768024624E+01
     62150,      0.676926,CP6_after_kinetics,   1,    0.0000000000E+00,    4.1768024624E+01,    4.1768024624E+01,    0.0000000000E+00,    0.0000000000E+00,    0.0000000000E+00,    4.1768024624E+01
     62150,      0.676926,CP7_after_upper_clamp,   1,    0.0000000000E+00,    4.1768024624E+01,    4.1768024624E+01,    0.0000000000E+00,    0.0000000000E+00,    0.0000000000E+00,    4.1768024624E+01
     62150,      0.676926,CP8_after_OBC,   1,    0.0000000000E+00,    4.1768024624E+01,    4.1768024624E+01,    0.0000000000E+00,    0.0000000000E+00,    0.0000000000E+00,    4.1768024624E+01
     62150,      0.676926,CP9_after_PTsource,   1,    0.0000000000E+00,    4.1768024624E+01,    4.1768024624E+01,    0.0000000000E+00,    0.0000000000E+00,    0.0000000000E+00,    4.1768024624E+01
     62150,      0.676926,CP10_after_neg_clamp,   1,    0.0000000000E+00,    4.1768024624E+01,    4.1768024624E+01,    0.0000000000E+00,    0.0000000000E+00,    0.0000000000E+00,    4.1768024624E+01
     62150,      0.676926,CP11_after_MPI,   1,    0.0000000000E+00,    4.1768024624E+01,    4.1768024624E+01,    0.0000000000E+00,    0.0000000000E+00,    0.0000000000E+00,    4.1768024624E+01
     62150,      0.676926,CP12_end,   1,    0.0000000000E+00,    4.1768024624E+01,    4.1768024624E+01,    0.0000000000E+00,    0.0000000000E+00,    0.0000000000E+00,    4.1768024624E+01
     62200,      0.676926,CP0_start,   1,    0.0000000000E+00,    4.1830187646E+01,    4.1830187646E+01,    0.0000000000E+00,    0.0000000000E+00,    0.0000000000E+00,    4.1830187646E+01
     62200,      0.676926,CP1_after_deposition,   1,    0.0000000000E+00,    4.1830187646E+01,    4.1830187646E+01,    0.0000000000E+00,    0.0000000000E+00,    0.0000000000E+00,    4.1830187646E+01
     62200,      0.676926,CP2_after_erosion,   1,    0.0000000000E+00,    4.1830187646E+01,    4.1830187646E+01,    0.0000000000E+00,    0.0000000000E+00,    0.0000000000E+00,    4.1830187646E+01
     62200,      0.676926,CP3_after_update_bottom,   1,    0.0000000000E+00,    4.1830187646E+01,    4.1830187646E+01,    0.0000000000E+00,    0.0000000000E+00,    0.0000000000E+00,    4.1830187646E+01
     62200,      0.676926,CP4_after_advection,   1,    0.0000000000E+00,    4.1831751912E+01,    4.1831751912E+01,    0.0000000000E+00,    0.0000000000E+00,    0.0000000000E+00,    4.1831751912E+01
     62200,      0.676926,CP5_after_vdif,   1,    0.0000000000E+00,    4.1831751912E+01,    4.1831751912E+01,    0.0000000000E+00,    0.0000000000E+00,    0.0000000000E+00,    4.1831751912E+01
     62200,      0.676926,CP6_after_kinetics,   1,    0.0000000000E+00,    4.1831751912E+01,    4.1831751912E+01,    0.0000000000E+00,    0.0000000000E+00,    0.0000000000E+00,    4.1831751912E+01
     62200,      0.676926,CP7_after_upper_clamp,   1,    0.0000000000E+00,    4.1831751912E+01,    4.1831751912E+01,    0.0000000000E+00,    0.0000000000E+00,    0.0000000000E+00,    4.1831751912E+01
     62200,      0.676926,CP8_after_OBC,   1,    0.0000000000E+00,    4.1831751912E+01,    4.1831751912E+01,    0.0000000000E+00,    0.0000000000E+00,    0.0000000000E+00,    4.1831751912E+01
     62200,      0.676926,CP9_after_PTsource,   1,    0.0000000000E+00,    4.1831751912E+01,    4.1831751912E+01,    0.0000000000E+00,    0.0000000000E+00,    0.0000000000E+00,    4.1831751912E+01
     62200,      0.676926,CP10_after_neg_clamp,   1,    0.0000000000E+00,    4.1831751912E+01,    4.1831751912E+01,    0.0000000000E+00,    0.0000000000E+00,    0.0000000000E+00,    4.1831751912E+01
     62200,      0.676926,CP11_after_MPI,   1,    0.0000000000E+00,    4.1831751912E+01,    4.1831751912E+01,    0.0000000000E+00,    0.0000000000E+00,    0.0000000000E+00,    4.1831751912E+01
     62200,      0.676926,CP12_end,   1,    0.0000000000E+00,    4.1831751912E+01,    4.1831751912E+01,    0.0000000000E+00,    0.0000000000E+00,    0.0000000000E+00,    4.1831751912E+01
     62250,      0.676926,CP0_start,   1,    0.0000000000E+00,    4.1893991485E+01,    4.1893991485E+01,    0.0000000000E+00,    0.0000000000E+00,    0.0000000000E+00,    4.1893991485E+01
     62250,      0.676926,CP1_after_deposition,   1,    0.0000000000E+00,    4.1893991485E+01,    4.1893991485E+01,    0.0000000000E+00,    0.0000000000E+00,    0.0000000000E+00,    4.1893991485E+01
     62250,      0.676926,CP2_after_erosion,   1,    0.0000000000E+00,    4.1893991485E+01,    4.1893991485E+01,    0.0000000000E+00,    0.0000000000E+00,    0.0000000000E+00,    4.1893991485E+01
     62250,      0.676926,CP3_after_update_bottom,   1,    0.0000000000E+00,    4.1893991485E+01,    4.1893991485E+01,    0.0000000000E+00,    0.0000000000E+00,    0.0000000000E+00,    4.1893991485E+01
     62250,      0.676926,CP4_after_advection,   1,    0.0000000000E+00,    4.1895544030E+01,    4.1895544030E+01,    0.0000000000E+00,    0.0000000000E+00,    0.0000000000E+00,    4.1895544030E+01
     62250,      0.676926,CP5_after_vdif,   1,    0.0000000000E+00,    4.1895544030E+01,    4.1895544030E+01,    0.0000000000E+00,    0.0000000000E+00,    0.0000000000E+00,    4.1895544030E+01
     62250,      0.676926,CP6_after_kinetics,   1,    0.0000000000E+00,    4.1895544030E+01,    4.1895544030E+01,    0.0000000000E+00,    0.0000000000E+00,    0.0000000000E+00,    4.1895544030E+01
     62250,      0.676926,CP7_after_upper_clamp,   1,    0.0000000000E+00,    4.1895544030E+01,    4.1895544030E+01,    0.0000000000E+00,    0.0000000000E+00,    0.0000000000E+00,    4.1895544030E+01
     62250,      0.676926,CP8_after_OBC,   1,    0.0000000000E+00,    4.1895544030E+01,    4.1895544030E+01,    0.0000000000E+00,    0.0000000000E+00,    0.0000000000E+00,    4.1895544030E+01
     62250,      0.676926,CP9_after_PTsource,   1,    0.0000000000E+00,    4.1895544030E+01,    4.1895544030E+01,    0.0000000000E+00,    0.0000000000E+00,    0.0000000000E+00,    4.1895544030E+01
     62250,      0.676926,CP10_after_neg_clamp,   1,    0.0000000000E+00,    4.1895544030E+01,    4.1895544030E+01,    0.0000000000E+00,    0.0000000000E+00,    0.0000000000E+00,    4.1895544030E+01
     62250,      0.676926,CP11_after_MPI,   1,    0.0000000000E+00,    4.1895544030E+01,    4.1895544030E+01,    0.0000000000E+00,    0.0000000000E+00,    0.0000000000E+00,    4.1895544030E+01
     62250,      0.676926,CP12_end,   1,    0.0000000000E+00,    4.1895544030E+01,    4.1895544030E+01,    0.0000000000E+00,    0.0000000000E+00,    0.0000000000E+00,    4.1895544030E+01
     62300,      0.676926,CP0_start,   1,    0.0000000000E+00,    4.1957850209E+01,    4.1957850209E+01,    0.0000000000E+00,    0.0000000000E+00,    0.0000000000E+00,    4.1957850209E+01
     62300,      0.676926,CP1_after_deposition,   1,    0.0000000000E+00,    4.1957850209E+01,    4.1957850209E+01,    0.0000000000E+00,    0.0000000000E+00,    0.0000000000E+00,    4.1957850209E+01
     62300,      0.676926,CP2_after_erosion,   1,    0.0000000000E+00,    4.1957850209E+01,    4.1957850209E+01,    0.0000000000E+00,    0.0000000000E+00,    0.0000000000E+00,    4.1957850209E+01
     62300,      0.676926,CP3_after_update_bottom,   1,    0.0000000000E+00,    4.1957850209E+01,    4.1957850209E+01,    0.0000000000E+00,    0.0000000000E+00,    0.0000000000E+00,    4.1957850209E+01
     62300,      0.676926,CP4_after_advection,   1,    0.0000000000E+00,    4.1959390937E+01,    4.1959390937E+01,    0.0000000000E+00,    0.0000000000E+00,    0.0000000000E+00,    4.1959390937E+01
     62300,      0.676926,CP5_after_vdif,   1,    0.0000000000E+00,    4.1959390937E+01,    4.1959390937E+01,    0.0000000000E+00,    0.0000000000E+00,    0.0000000000E+00,    4.1959390937E+01
     62300,      0.676926,CP6_after_kinetics,   1,    0.0000000000E+00,    4.1959390937E+01,    4.1959390937E+01,    0.0000000000E+00,    0.0000000000E+00,    0.0000000000E+00,    4.1959390937E+01
     62300,      0.676926,CP7_after_upper_clamp,   1,    0.0000000000E+00,    4.1959390937E+01,    4.1959390937E+01,    0.0000000000E+00,    0.0000000000E+00,    0.0000000000E+00,    4.1959390937E+01
     62300,      0.676926,CP8_after_OBC,   1,    0.0000000000E+00,    4.1959390937E+01,    4.1959390937E+01,    0.0000000000E+00,    0.0000000000E+00,    0.0000000000E+00,    4.1959390937E+01
     62300,      0.676926,CP9_after_PTsource,   1,    0.0000000000E+00,    4.1959390937E+01,    4.1959390937E+01,    0.0000000000E+00,    0.0000000000E+00,    0.0000000000E+00,    4.1959390937E+01
     62300,      0.676926,CP10_after_neg_clamp,   1,    0.0000000000E+00,    4.1959390937E+01,    4.1959390937E+01,    0.0000000000E+00,    0.0000000000E+00,    0.0000000000E+00,    4.1959390937E+01
     62300,      0.676926,CP11_after_MPI,   1,    0.0000000000E+00,    4.1959390937E+01,    4.1959390937E+01,    0.0000000000E+00,    0.0000000000E+00,    0.0000000000E+00,    4.1959390937E+01
     62300,      0.676926,CP12_end,   1,    0.0000000000E+00,    4.1959390937E+01,    4.1959390937E+01,    0.0000000000E+00,    0.0000000000E+00,    0.0000000000E+00,    4.1959390937E+01
     62350,      0.676926,CP0_start,   1,    0.0000000000E+00,    4.2021779019E+01,    4.2021779019E+01,    0.0000000000E+00,    0.0000000000E+00,    0.0000000000E+00,    4.2021779019E+01
     62350,      0.676926,CP1_after_deposition,   1,    0.0000000000E+00,    4.2021779019E+01,    4.2021779019E+01,    0.0000000000E+00,    0.0000000000E+00,    0.0000000000E+00,    4.2021779019E+01
     62350,      0.676926,CP2_after_erosion,   1,    0.0000000000E+00,    4.2021779019E+01,    4.2021779019E+01,    0.0000000000E+00,    0.0000000000E+00,    0.0000000000E+00,    4.2021779019E+01
     62350,      0.676926,CP3_after_update_bottom,   1,    0.0000000000E+00,    4.2021779019E+01,    4.2021779019E+01,    0.0000000000E+00,    0.0000000000E+00,    0.0000000000E+00,    4.2021779019E+01
     62350,      0.676926,CP4_after_advection,   1,    0.0000000000E+00,    4.2023308182E+01,    4.2023308182E+01,    0.0000000000E+00,    0.0000000000E+00,    0.0000000000E+00,    4.2023308182E+01
     62350,      0.676926,CP5_after_vdif,   1,    0.0000000000E+00,    4.2023308182E+01,    4.2023308182E+01,    0.0000000000E+00,    0.0000000000E+00,    0.0000000000E+00,    4.2023308182E+01
     62350,      0.676926,CP6_after_kinetics,   1,    0.0000000000E+00,    4.2023308182E+01,    4.2023308182E+01,    0.0000000000E+00,    0.0000000000E+00,    0.0000000000E+00,    4.2023308182E+01
     62350,      0.676926,CP7_after_upper_clamp,   1,    0.0000000000E+00,    4.2023308182E+01,    4.2023308182E+01,    0.0000000000E+00,    0.0000000000E+00,    0.0000000000E+00,    4.2023308182E+01
     62350,      0.676926,CP8_after_OBC,   1,    0.0000000000E+00,    4.2023308182E+01,    4.2023308182E+01,    0.0000000000E+00,    0.0000000000E+00,    0.0000000000E+00,    4.2023308182E+01
     62350,      0.676926,CP9_after_PTsource,   1,    0.0000000000E+00,    4.2023308182E+01,    4.2023308182E+01,    0.0000000000E+00,    0.0000000000E+00,    0.0000000000E+00,    4.2023308182E+01
     62350,      0.676926,CP10_after_neg_clamp,   1,    0.0000000000E+00,    4.2023308182E+01,    4.2023308182E+01,    0.0000000000E+00,    0.0000000000E+00,    0.0000000000E+00,    4.2023308182E+01
     62350,      0.676926,CP11_after_MPI,   1,    0.0000000000E+00,    4.2023308182E+01,    4.2023308182E+01,    0.0000000000E+00,    0.0000000000E+00,    0.0000000000E+00,    4.2023308182E+01
     62350,      0.676926,CP12_end,   1,    0.0000000000E+00,    4.2023308182E+01,    4.2023308182E+01,    0.0000000000E+00,    0.0000000000E+00,    0.0000000000E+00,    4.2023308182E+01
     62400,      0.676926,CP0_start,   1,    0.0000000000E+00,    4.2085759165E+01,    4.2085759165E+01,    0.0000000000E+00,    0.0000000000E+00,    0.0000000000E+00,    4.2085759165E+01
     62400,      0.676926,CP1_after_deposition,   1,    0.0000000000E+00,    4.2085759165E+01,    4.2085759165E+01,    0.0000000000E+00,    0.0000000000E+00,    0.0000000000E+00,    4.2085759165E+01
     62400,      0.676926,CP2_after_erosion,   1,    0.0000000000E+00,    4.2085759165E+01,    4.2085759165E+01,    0.0000000000E+00,    0.0000000000E+00,    0.0000000000E+00,    4.2085759165E+01
     62400,      0.676926,CP3_after_update_bottom,   1,    0.0000000000E+00,    4.2085759165E+01,    4.2085759165E+01,    0.0000000000E+00,    0.0000000000E+00,    0.0000000000E+00,    4.2085759165E+01
     62400,      0.676926,CP4_after_advection,   1,    0.0000000000E+00,    4.2087276350E+01,    4.2087276350E+01,    0.0000000000E+00,    0.0000000000E+00,    0.0000000000E+00,    4.2087276350E+01
     62400,      0.676926,CP5_after_vdif,   1,    0.0000000000E+00,    4.2087276350E+01,    4.2087276350E+01,    0.0000000000E+00,    0.0000000000E+00,    0.0000000000E+00,    4.2087276350E+01
     62400,      0.676926,CP6_after_kinetics,   1,    0.0000000000E+00,    4.2087276350E+01,    4.2087276350E+01,    0.0000000000E+00,    0.0000000000E+00,    0.0000000000E+00,    4.2087276350E+01
     62400,      0.676926,CP7_after_upper_clamp,   1,    0.0000000000E+00,    4.2087276350E+01,    4.2087276350E+01,    0.0000000000E+00,    0.0000000000E+00,    0.0000000000E+00,    4.2087276350E+01
     62400,      0.676926,CP8_after_OBC,   1,    0.0000000000E+00,    4.2087276350E+01,    4.2087276350E+01,    0.0000000000E+00,    0.0000000000E+00,    0.0000000000E+00,    4.2087276350E+01
     62400,      0.676926,CP9_after_PTsource,   1,    0.0000000000E+00,    4.2087276350E+01,    4.2087276350E+01,    0.0000000000E+00,    0.0000000000E+00,    0.0000000000E+00,    4.2087276350E+01
     62400,      0.676926,CP10_after_neg_clamp,   1,    0.0000000000E+00,    4.2087276350E+01,    4.2087276350E+01,    0.0000000000E+00,    0.0000000000E+00,    0.0000000000E+00,    4.2087276350E+01
     62400,      0.676926,CP11_after_MPI,   1,    0.0000000000E+00,    4.2087276350E+01,    4.2087276350E+01,    0.0000000000E+00,    0.0000000000E+00,    0.0000000000E+00,    4.2087276350E+01
     62400,      0.676926,CP12_end,   1,    0.0000000000E+00,    4.2087276350E+01,    4.2087276350E+01,    0.0000000000E+00,    0.0000000000E+00,    0.0000000000E+00,    4.2087276350E+01
     62450,      0.676926,CP0_start,   1,    0.0000000000E+00,    4.2149784352E+01,    4.2149784352E+01,    0.0000000000E+00,    0.0000000000E+00,    0.0000000000E+00,    4.2149784352E+01
     62450,      0.676926,CP1_after_deposition,   1,    0.0000000000E+00,    4.2149784352E+01,    4.2149784352E+01,    0.0000000000E+00,    0.0000000000E+00,    0.0000000000E+00,    4.2149784352E+01
     62450,      0.676926,CP2_after_erosion,   1,    0.0000000000E+00,    4.2149784352E+01,    4.2149784352E+01,    0.0000000000E+00,    0.0000000000E+00,    0.0000000000E+00,    4.2149784352E+01
     62450,      0.676926,CP3_after_update_bottom,   1,    0.0000000000E+00,    4.2149784352E+01,    4.2149784352E+01,    0.0000000000E+00,    0.0000000000E+00,    0.0000000000E+00,    4.2149784352E+01
     62450,      0.676926,CP4_after_advection,   1,    0.0000000000E+00,    4.2151289644E+01,    4.2151289644E+01,    0.0000000000E+00,    0.0000000000E+00,    0.0000000000E+00,    4.2151289644E+01
     62450,      0.676926,CP5_after_vdif,   1,    0.0000000000E+00,    4.2151289644E+01,    4.2151289644E+01,    0.0000000000E+00,    0.0000000000E+00,    0.0000000000E+00,    4.2151289644E+01
     62450,      0.676926,CP6_after_kinetics,   1,    0.0000000000E+00,    4.2151289644E+01,    4.2151289644E+01,    0.0000000000E+00,    0.0000000000E+00,    0.0000000000E+00,    4.2151289644E+01
     62450,      0.676926,CP7_after_upper_clamp,   1,    0.0000000000E+00,    4.2151289644E+01,    4.2151289644E+01,    0.0000000000E+00,    0.0000000000E+00,    0.0000000000E+00,    4.2151289644E+01
     62450,      0.676926,CP8_after_OBC,   1,    0.0000000000E+00,    4.2151289644E+01,    4.2151289644E+01,    0.0000000000E+00,    0.0000000000E+00,    0.0000000000E+00,    4.2151289644E+01
     62450,      0.676926,CP9_after_PTsource,   1,    0.0000000000E+00,    4.2151289644E+01,    4.2151289644E+01,    0.0000000000E+00,    0.0000000000E+00,    0.0000000000E+00,    4.2151289644E+01
     62450,      0.676926,CP10_after_neg_clamp,   1,    0.0000000000E+00,    4.2151289644E+01,    4.2151289644E+01,    0.0000000000E+00,    0.0000000000E+00,    0.0000000000E+00,    4.2151289644E+01
     62450,      0.676926,CP11_after_MPI,   1,    0.0000000000E+00,    4.2151289644E+01,    4.2151289644E+01,    0.0000000000E+00,    0.0000000000E+00,    0.0000000000E+00,    4.2151289644E+01
     62450,      0.676926,CP12_end,   1,    0.0000000000E+00,    4.2151289644E+01,    4.2151289644E+01,    0.0000000000E+00,    0.0000000000E+00,    0.0000000000E+00,    4.2151289644E+01
     62500,      0.676926,CP0_start,   1,    0.0000000000E+00,    4.2213865272E+01,    4.2213865272E+01,    0.0000000000E+00,    0.0000000000E+00,    0.0000000000E+00,    4.2213865272E+01
     62500,      0.676926,CP1_after_deposition,   1,    0.0000000000E+00,    4.2213865272E+01,    4.2213865272E+01,    0.0000000000E+00,    0.0000000000E+00,    0.0000000000E+00,    4.2213865272E+01
     62500,      0.676926,CP2_after_erosion,   1,    0.0000000000E+00,    4.2213865272E+01,    4.2213865272E+01,    0.0000000000E+00,    0.0000000000E+00,    0.0000000000E+00,    4.2213865272E+01
     62500,      0.676926,CP3_after_update_bottom,   1,    0.0000000000E+00,    4.2213865272E+01,    4.2213865272E+01,    0.0000000000E+00,    0.0000000000E+00,    0.0000000000E+00,    4.2213865272E+01
     62500,      0.676926,CP4_after_advection,   1,    0.0000000000E+00,    4.2215359246E+01,    4.2215359246E+01,    0.0000000000E+00,    0.0000000000E+00,    0.0000000000E+00,    4.2215359246E+01
     62500,      0.676926,CP5_after_vdif,   1,    0.0000000000E+00,    4.2215359246E+01,    4.2215359246E+01,    0.0000000000E+00,    0.0000000000E+00,    0.0000000000E+00,    4.2215359246E+01
     62500,      0.676926,CP6_after_kinetics,   1,    0.0000000000E+00,    4.2215359246E+01,    4.2215359246E+01,    0.0000000000E+00,    0.0000000000E+00,    0.0000000000E+00,    4.2215359246E+01
     62500,      0.676926,CP7_after_upper_clamp,   1,    0.0000000000E+00,    4.2215359246E+01,    4.2215359246E+01,    0.0000000000E+00,    0.0000000000E+00,    0.0000000000E+00,    4.2215359246E+01
     62500,      0.676926,CP8_after_OBC,   1,    0.0000000000E+00,    4.2215359246E+01,    4.2215359246E+01,    0.0000000000E+00,    0.0000000000E+00,    0.0000000000E+00,    4.2215359246E+01
     62500,      0.676926,CP9_after_PTsource,   1,    0.0000000000E+00,    4.2215359246E+01,    4.2215359246E+01,    0.0000000000E+00,    0.0000000000E+00,    0.0000000000E+00,    4.2215359246E+01
     62500,      0.676926,CP10_after_neg_clamp,   1,    0.0000000000E+00,    4.2215359246E+01,    4.2215359246E+01,    0.0000000000E+00,    0.0000000000E+00,    0.0000000000E+00,    4.2215359246E+01
     62500,      0.676926,CP11_after_MPI,   1,    0.0000000000E+00,    4.2215359246E+01,    4.2215359246E+01,    0.0000000000E+00,    0.0000000000E+00,    0.0000000000E+00,    4.2215359246E+01
     62500,      0.676926,CP12_end,   1,    0.0000000000E+00,    4.2215359246E+01,    4.2215359246E+01,    0.0000000000E+00,    0.0000000000E+00,    0.0000000000E+00,    4.2215359246E+01
     62550,      0.676926,CP0_start,   1,    0.0000000000E+00,    4.2278007611E+01,    4.2278007611E+01,    0.0000000000E+00,    0.0000000000E+00,    0.0000000000E+00,    4.2278007611E+01
     62550,      0.676926,CP1_after_deposition,   1,    0.0000000000E+00,    4.2278007611E+01,    4.2278007611E+01,    0.0000000000E+00,    0.0000000000E+00,    0.0000000000E+00,    4.2278007611E+01
     62550,      0.676926,CP2_after_erosion,   1,    0.0000000000E+00,    4.2278007611E+01,    4.2278007611E+01,    0.0000000000E+00,    0.0000000000E+00,    0.0000000000E+00,    4.2278007611E+01
     62550,      0.676926,CP3_after_update_bottom,   1,    0.0000000000E+00,    4.2278007611E+01,    4.2278007611E+01,    0.0000000000E+00,    0.0000000000E+00,    0.0000000000E+00,    4.2278007611E+01
     62550,      0.676926,CP4_after_advection,   1,    0.0000000000E+00,    4.2279490222E+01,    4.2279490222E+01,    0.0000000000E+00,    0.0000000000E+00,    0.0000000000E+00,    4.2279490222E+01
     62550,      0.676926,CP5_after_vdif,   1,    0.0000000000E+00,    4.2279490222E+01,    4.2279490222E+01,    0.0000000000E+00,    0.0000000000E+00,    0.0000000000E+00,    4.2279490222E+01
     62550,      0.676926,CP6_after_kinetics,   1,    0.0000000000E+00,    4.2279490222E+01,    4.2279490222E+01,    0.0000000000E+00,    0.0000000000E+00,    0.0000000000E+00,    4.2279490222E+01
     62550,      0.676926,CP7_after_upper_clamp,   1,    0.0000000000E+00,    4.2279490222E+01,    4.2279490222E+01,    0.0000000000E+00,    0.0000000000E+00,    0.0000000000E+00,    4.2279490222E+01
     62550,      0.676926,CP8_after_OBC,   1,    0.0000000000E+00,    4.2279490222E+01,    4.2279490222E+01,    0.0000000000E+00,    0.0000000000E+00,    0.0000000000E+00,    4.2279490222E+01
     62550,      0.676926,CP9_after_PTsource,   1,    0.0000000000E+00,    4.2279490222E+01,    4.2279490222E+01,    0.0000000000E+00,    0.0000000000E+00,    0.0000000000E+00,    4.2279490222E+01
     62550,      0.676926,CP10_after_neg_clamp,   1,    0.0000000000E+00,    4.2279490222E+01,    4.2279490222E+01,    0.0000000000E+00,    0.0000000000E+00,    0.0000000000E+00,    4.2279490222E+01
     62550,      0.676926,CP11_after_MPI,   1,    0.0000000000E+00,    4.2279490222E+01,    4.2279490222E+01,    0.0000000000E+00,    0.0000000000E+00,    0.0000000000E+00,    4.2279490222E+01
     62550,      0.676926,CP12_end,   1,    0.0000000000E+00,    4.2279490222E+01,    4.2279490222E+01,    0.0000000000E+00,    0.0000000000E+00,    0.0000000000E+00,    4.2279490222E+01
     62600,      0.676926,CP0_start,   1,    0.0000000000E+00,    4.2342209804E+01,    4.2342209804E+01,    0.0000000000E+00,    0.0000000000E+00,    0.0000000000E+00,    4.2342209804E+01
     62600,      0.676926,CP1_after_deposition,   1,    0.0000000000E+00,    4.2342209804E+01,    4.2342209804E+01,    0.0000000000E+00,    0.0000000000E+00,    0.0000000000E+00,    4.2342209804E+01
     62600,      0.676926,CP2_after_erosion,   1,    0.0000000000E+00,    4.2342209804E+01,    4.2342209804E+01,    0.0000000000E+00,    0.0000000000E+00,    0.0000000000E+00,    4.2342209804E+01
     62600,      0.676926,CP3_after_update_bottom,   1,    0.0000000000E+00,    4.2342209804E+01,    4.2342209804E+01,    0.0000000000E+00,    0.0000000000E+00,    0.0000000000E+00,    4.2342209804E+01
     62600,      0.676926,CP4_after_advection,   1,    0.0000000000E+00,    4.2343680836E+01,    4.2343680836E+01,    0.0000000000E+00,    0.0000000000E+00,    0.0000000000E+00,    4.2343680836E+01
     62600,      0.676926,CP5_after_vdif,   1,    0.0000000000E+00,    4.2343680836E+01,    4.2343680836E+01,    0.0000000000E+00,    0.0000000000E+00,    0.0000000000E+00,    4.2343680836E+01
     62600,      0.676926,CP6_after_kinetics,   1,    0.0000000000E+00,    4.2343680836E+01,    4.2343680836E+01,    0.0000000000E+00,    0.0000000000E+00,    0.0000000000E+00,    4.2343680836E+01
     62600,      0.676926,CP7_after_upper_clamp,   1,    0.0000000000E+00,    4.2343680836E+01,    4.2343680836E+01,    0.0000000000E+00,    0.0000000000E+00,    0.0000000000E+00,    4.2343680836E+01
     62600,      0.676926,CP8_after_OBC,   1,    0.0000000000E+00,    4.2343680836E+01,    4.2343680836E+01,    0.0000000000E+00,    0.0000000000E+00,    0.0000000000E+00,    4.2343680836E+01
     62600,      0.676926,CP9_after_PTsource,   1,    0.0000000000E+00,    4.2343680836E+01,    4.2343680836E+01,    0.0000000000E+00,    0.0000000000E+00,    0.0000000000E+00,    4.2343680836E+01
     62600,      0.676926,CP10_after_neg_clamp,   1,    0.0000000000E+00,    4.2343680836E+01,    4.2343680836E+01,    0.0000000000E+00,    0.0000000000E+00,    0.0000000000E+00,    4.2343680836E+01
     62600,      0.676926,CP11_after_MPI,   1,    0.0000000000E+00,    4.2343680836E+01,    4.2343680836E+01,    0.0000000000E+00,    0.0000000000E+00,    0.0000000000E+00,    4.2343680836E+01
     62600,      0.676926,CP12_end,   1,    0.0000000000E+00,    4.2343680836E+01,    4.2343680836E+01,    0.0000000000E+00,    0.0000000000E+00,    0.0000000000E+00,    4.2343680836E+01
     62650,      0.676927,CP0_start,   1,    0.0000000000E+00,    4.2406469267E+01,    4.2406469267E+01,    0.0000000000E+00,    0.0000000000E+00,    0.0000000000E+00,    4.2406469267E+01
     62650,      0.676927,CP1_after_deposition,   1,    0.0000000000E+00,    4.2406469267E+01,    4.2406469267E+01,    0.0000000000E+00,    0.0000000000E+00,    0.0000000000E+00,    4.2406469267E+01
     62650,      0.676927,CP2_after_erosion,   1,    0.0000000000E+00,    4.2406469267E+01,    4.2406469267E+01,    0.0000000000E+00,    0.0000000000E+00,    0.0000000000E+00,    4.2406469267E+01
     62650,      0.676927,CP3_after_update_bottom,   1,    0.0000000000E+00,    4.2406469267E+01,    4.2406469267E+01,    0.0000000000E+00,    0.0000000000E+00,    0.0000000000E+00,    4.2406469267E+01
     62650,      0.676927,CP4_after_advection,   1,    0.0000000000E+00,    4.2407928366E+01,    4.2407928366E+01,    0.0000000000E+00,    0.0000000000E+00,    0.0000000000E+00,    4.2407928366E+01
     62650,      0.676927,CP5_after_vdif,   1,    0.0000000000E+00,    4.2407928366E+01,    4.2407928366E+01,    0.0000000000E+00,    0.0000000000E+00,    0.0000000000E+00,    4.2407928366E+01
     62650,      0.676927,CP6_after_kinetics,   1,    0.0000000000E+00,    4.2407928366E+01,    4.2407928366E+01,    0.0000000000E+00,    0.0000000000E+00,    0.0000000000E+00,    4.2407928366E+01
     62650,      0.676927,CP7_after_upper_clamp,   1,    0.0000000000E+00,    4.2407928366E+01,    4.2407928366E+01,    0.0000000000E+00,    0.0000000000E+00,    0.0000000000E+00,    4.2407928366E+01
     62650,      0.676927,CP8_after_OBC,   1,    0.0000000000E+00,    4.2407928366E+01,    4.2407928366E+01,    0.0000000000E+00,    0.0000000000E+00,    0.0000000000E+00,    4.2407928366E+01
     62650,      0.676927,CP9_after_PTsource,   1,    0.0000000000E+00,    4.2407928366E+01,    4.2407928366E+01,    0.0000000000E+00,    0.0000000000E+00,    0.0000000000E+00,    4.2407928366E+01
     62650,      0.676927,CP10_after_neg_clamp,   1,    0.0000000000E+00,    4.2407928366E+01,    4.2407928366E+01,    0.0000000000E+00,    0.0000000000E+00,    0.0000000000E+00,    4.2407928366E+01
     62650,      0.676927,CP11_after_MPI,   1,    0.0000000000E+00,    4.2407928366E+01,    4.2407928366E+01,    0.0000000000E+00,    0.0000000000E+00,    0.0000000000E+00,    4.2407928366E+01
     62650,      0.676927,CP12_end,   1,    0.0000000000E+00,    4.2407928366E+01,    4.2407928366E+01,    0.0000000000E+00,    0.0000000000E+00,    0.0000000000E+00,    4.2407928366E+01
     62700,      0.676927,CP0_start,   1,    0.0000000000E+00,    4.2470787847E+01,    4.2470787847E+01,    0.0000000000E+00,    0.0000000000E+00,    0.0000000000E+00,    4.2470787847E+01
     62700,      0.676927,CP1_after_deposition,   1,    0.0000000000E+00,    4.2470787847E+01,    4.2470787847E+01,    0.0000000000E+00,    0.0000000000E+00,    0.0000000000E+00,    4.2470787847E+01
     62700,      0.676927,CP2_after_erosion,   1,    0.0000000000E+00,    4.2470787847E+01,    4.2470787847E+01,    0.0000000000E+00,    0.0000000000E+00,    0.0000000000E+00,    4.2470787847E+01
     62700,      0.676927,CP3_after_update_bottom,   1,    0.0000000000E+00,    4.2470787847E+01,    4.2470787847E+01,    0.0000000000E+00,    0.0000000000E+00,    0.0000000000E+00,    4.2470787847E+01
     62700,      0.676927,CP4_after_advection,   1,    0.0000000000E+00,    4.2472235380E+01,    4.2472235380E+01,    0.0000000000E+00,    0.0000000000E+00,    0.0000000000E+00,    4.2472235380E+01
     62700,      0.676927,CP5_after_vdif,   1,    0.0000000000E+00,    4.2472235380E+01,    4.2472235380E+01,    0.0000000000E+00,    0.0000000000E+00,    0.0000000000E+00,    4.2472235380E+01
     62700,      0.676927,CP6_after_kinetics,   1,    0.0000000000E+00,    4.2472235380E+01,    4.2472235380E+01,    0.0000000000E+00,    0.0000000000E+00,    0.0000000000E+00,    4.2472235380E+01
     62700,      0.676927,CP7_after_upper_clamp,   1,    0.0000000000E+00,    4.2472235380E+01,    4.2472235380E+01,    0.0000000000E+00,    0.0000000000E+00,    0.0000000000E+00,    4.2472235380E+01
     62700,      0.676927,CP8_after_OBC,   1,    0.0000000000E+00,    4.2472235380E+01,    4.2472235380E+01,    0.0000000000E+00,    0.0000000000E+00,    0.0000000000E+00,    4.2472235380E+01
     62700,      0.676927,CP9_after_PTsource,   1,    0.0000000000E+00,    4.2472235380E+01,    4.2472235380E+01,    0.0000000000E+00,    0.0000000000E+00,    0.0000000000E+00,    4.2472235380E+01
     62700,      0.676927,CP10_after_neg_clamp,   1,    0.0000000000E+00,    4.2472235380E+01,    4.2472235380E+01,    0.0000000000E+00,    0.0000000000E+00,    0.0000000000E+00,    4.2472235380E+01
     62700,      0.676927,CP11_after_MPI,   1,    0.0000000000E+00,    4.2472235380E+01,    4.2472235380E+01,    0.0000000000E+00,    0.0000000000E+00,    0.0000000000E+00,    4.2472235380E+01
     62700,      0.676927,CP12_end,   1,    0.0000000000E+00,    4.2472235380E+01,    4.2472235380E+01,    0.0000000000E+00,    0.0000000000E+00,    0.0000000000E+00,    4.2472235380E+01
     62750,      0.676927,CP0_start,   1,    0.0000000000E+00,    4.2535159743E+01,    4.2535159743E+01,    0.0000000000E+00,    0.0000000000E+00,    0.0000000000E+00,    4.2535159743E+01
     62750,      0.676927,CP1_after_deposition,   1,    0.0000000000E+00,    4.2535159743E+01,    4.2535159743E+01,    0.0000000000E+00,    0.0000000000E+00,    0.0000000000E+00,    4.2535159743E+01
     62750,      0.676927,CP2_after_erosion,   1,    0.0000000000E+00,    4.2535159743E+01,    4.2535159743E+01,    0.0000000000E+00,    0.0000000000E+00,    0.0000000000E+00,    4.2535159743E+01
     62750,      0.676927,CP3_after_update_bottom,   1,    0.0000000000E+00,    4.2535159743E+01,    4.2535159743E+01,    0.0000000000E+00,    0.0000000000E+00,    0.0000000000E+00,    4.2535159743E+01
     62750,      0.676927,CP4_after_advection,   1,    0.0000000000E+00,    4.2536595409E+01,    4.2536595409E+01,    0.0000000000E+00,    0.0000000000E+00,    0.0000000000E+00,    4.2536595409E+01
     62750,      0.676927,CP5_after_vdif,   1,    0.0000000000E+00,    4.2536595409E+01,    4.2536595409E+01,    0.0000000000E+00,    0.0000000000E+00,    0.0000000000E+00,    4.2536595409E+01
     62750,      0.676927,CP6_after_kinetics,   1,    0.0000000000E+00,    4.2536595409E+01,    4.2536595409E+01,    0.0000000000E+00,    0.0000000000E+00,    0.0000000000E+00,    4.2536595409E+01
     62750,      0.676927,CP7_after_upper_clamp,   1,    0.0000000000E+00,    4.2536595409E+01,    4.2536595409E+01,    0.0000000000E+00,    0.0000000000E+00,    0.0000000000E+00,    4.2536595409E+01
     62750,      0.676927,CP8_after_OBC,   1,    0.0000000000E+00,    4.2536595409E+01,    4.2536595409E+01,    0.0000000000E+00,    0.0000000000E+00,    0.0000000000E+00,    4.2536595409E+01
     62750,      0.676927,CP9_after_PTsource,   1,    0.0000000000E+00,    4.2536595409E+01,    4.2536595409E+01,    0.0000000000E+00,    0.0000000000E+00,    0.0000000000E+00,    4.2536595409E+01
     62750,      0.676927,CP10_after_neg_clamp,   1,    0.0000000000E+00,    4.2536595409E+01,    4.2536595409E+01,    0.0000000000E+00,    0.0000000000E+00,    0.0000000000E+00,    4.2536595409E+01
     62750,      0.676927,CP11_after_MPI,   1,    0.0000000000E+00,    4.2536595409E+01,    4.2536595409E+01,    0.0000000000E+00,    0.0000000000E+00,    0.0000000000E+00,    4.2536595409E+01
     62750,      0.676927,CP12_end,   1,    0.0000000000E+00,    4.2536595409E+01,    4.2536595409E+01,    0.0000000000E+00,    0.0000000000E+00,    0.0000000000E+00,    4.2536595409E+01
     62800,      0.676927,CP0_start,   1,    0.0000000000E+00,    4.2599589142E+01,    4.2599589142E+01,    0.0000000000E+00,    0.0000000000E+00,    0.0000000000E+00,    4.2599589142E+01
     62800,      0.676927,CP1_after_deposition,   1,    0.0000000000E+00,    4.2599589142E+01,    4.2599589142E+01,    0.0000000000E+00,    0.0000000000E+00,    0.0000000000E+00,    4.2599589142E+01
     62800,      0.676927,CP2_after_erosion,   1,    0.0000000000E+00,    4.2599589142E+01,    4.2599589142E+01,    0.0000000000E+00,    0.0000000000E+00,    0.0000000000E+00,    4.2599589142E+01
     62800,      0.676927,CP3_after_update_bottom,   1,    0.0000000000E+00,    4.2599589142E+01,    4.2599589142E+01,    0.0000000000E+00,    0.0000000000E+00,    0.0000000000E+00,    4.2599589142E+01
     62800,      0.676927,CP4_after_advection,   1,    0.0000000000E+00,    4.2601013341E+01,    4.2601013341E+01,    0.0000000000E+00,    0.0000000000E+00,    0.0000000000E+00,    4.2601013341E+01
     62800,      0.676927,CP5_after_vdif,   1,    0.0000000000E+00,    4.2601013341E+01,    4.2601013341E+01,    0.0000000000E+00,    0.0000000000E+00,    0.0000000000E+00,    4.2601013341E+01
     62800,      0.676927,CP6_after_kinetics,   1,    0.0000000000E+00,    4.2601013341E+01,    4.2601013341E+01,    0.0000000000E+00,    0.0000000000E+00,    0.0000000000E+00,    4.2601013341E+01
     62800,      0.676927,CP7_after_upper_clamp,   1,    0.0000000000E+00,    4.2601013341E+01,    4.2601013341E+01,    0.0000000000E+00,    0.0000000000E+00,    0.0000000000E+00,    4.2601013341E+01
     62800,      0.676927,CP8_after_OBC,   1,    0.0000000000E+00,    4.2601013341E+01,    4.2601013341E+01,    0.0000000000E+00,    0.0000000000E+00,    0.0000000000E+00,    4.2601013341E+01
     62800,      0.676927,CP9_after_PTsource,   1,    0.0000000000E+00,    4.2601013341E+01,    4.2601013341E+01,    0.0000000000E+00,    0.0000000000E+00,    0.0000000000E+00,    4.2601013341E+01
     62800,      0.676927,CP10_after_neg_clamp,   1,    0.0000000000E+00,    4.2601013341E+01,    4.2601013341E+01,    0.0000000000E+00,    0.0000000000E+00,    0.0000000000E+00,    4.2601013341E+01
     62800,      0.676927,CP11_after_MPI,   1,    0.0000000000E+00,    4.2601013341E+01,    4.2601013341E+01,    0.0000000000E+00,    0.0000000000E+00,    0.0000000000E+00,    4.2601013341E+01
     62800,      0.676927,CP12_end,   1,    0.0000000000E+00,    4.2601013341E+01,    4.2601013341E+01,    0.0000000000E+00,    0.0000000000E+00,    0.0000000000E+00,    4.2601013341E+01
     62850,      0.676927,CP0_start,   1,    0.0000000000E+00,    4.2664075107E+01,    4.2664075107E+01,    0.0000000000E+00,    0.0000000000E+00,    0.0000000000E+00,    4.2664075107E+01
     62850,      0.676927,CP1_after_deposition,   1,    0.0000000000E+00,    4.2664075107E+01,    4.2664075107E+01,    0.0000000000E+00,    0.0000000000E+00,    0.0000000000E+00,    4.2664075107E+01
     62850,      0.676927,CP2_after_erosion,   1,    0.0000000000E+00,    4.2664075107E+01,    4.2664075107E+01,    0.0000000000E+00,    0.0000000000E+00,    0.0000000000E+00,    4.2664075107E+01
     62850,      0.676927,CP3_after_update_bottom,   1,    0.0000000000E+00,    4.2664075107E+01,    4.2664075107E+01,    0.0000000000E+00,    0.0000000000E+00,    0.0000000000E+00,    4.2664075107E+01
     62850,      0.676927,CP4_after_advection,   1,    0.0000000000E+00,    4.2665487801E+01,    4.2665487801E+01,    0.0000000000E+00,    0.0000000000E+00,    0.0000000000E+00,    4.2665487801E+01
     62850,      0.676927,CP5_after_vdif,   1,    0.0000000000E+00,    4.2665487801E+01,    4.2665487801E+01,    0.0000000000E+00,    0.0000000000E+00,    0.0000000000E+00,    4.2665487801E+01
     62850,      0.676927,CP6_after_kinetics,   1,    0.0000000000E+00,    4.2665487801E+01,    4.2665487801E+01,    0.0000000000E+00,    0.0000000000E+00,    0.0000000000E+00,    4.2665487801E+01
     62850,      0.676927,CP7_after_upper_clamp,   1,    0.0000000000E+00,    4.2665487801E+01,    4.2665487801E+01,    0.0000000000E+00,    0.0000000000E+00,    0.0000000000E+00,    4.2665487801E+01
     62850,      0.676927,CP8_after_OBC,   1,    0.0000000000E+00,    4.2665487801E+01,    4.2665487801E+01,    0.0000000000E+00,    0.0000000000E+00,    0.0000000000E+00,    4.2665487801E+01
     62850,      0.676927,CP9_after_PTsource,   1,    0.0000000000E+00,    4.2665487801E+01,    4.2665487801E+01,    0.0000000000E+00,    0.0000000000E+00,    0.0000000000E+00,    4.2665487801E+01
     62850,      0.676927,CP10_after_neg_clamp,   1,    0.0000000000E+00,    4.2665487801E+01,    4.2665487801E+01,    0.0000000000E+00,    0.0000000000E+00,    0.0000000000E+00,    4.2665487801E+01
     62850,      0.676927,CP11_after_MPI,   1,    0.0000000000E+00,    4.2665487801E+01,    4.2665487801E+01,    0.0000000000E+00,    0.0000000000E+00,    0.0000000000E+00,    4.2665487801E+01
     62850,      0.676927,CP12_end,   1,    0.0000000000E+00,    4.2665487801E+01,    4.2665487801E+01,    0.0000000000E+00,    0.0000000000E+00,    0.0000000000E+00,    4.2665487801E+01
     62900,      0.676927,CP0_start,   1,    0.0000000000E+00,    4.2728616018E+01,    4.2728616018E+01,    0.0000000000E+00,    0.0000000000E+00,    0.0000000000E+00,    4.2728616018E+01
     62900,      0.676927,CP1_after_deposition,   1,    0.0000000000E+00,    4.2728616018E+01,    4.2728616018E+01,    0.0000000000E+00,    0.0000000000E+00,    0.0000000000E+00,    4.2728616018E+01
     62900,      0.676927,CP2_after_erosion,   1,    0.0000000000E+00,    4.2728616018E+01,    4.2728616018E+01,    0.0000000000E+00,    0.0000000000E+00,    0.0000000000E+00,    4.2728616018E+01
     62900,      0.676927,CP3_after_update_bottom,   1,    0.0000000000E+00,    4.2728616018E+01,    4.2728616018E+01,    0.0000000000E+00,    0.0000000000E+00,    0.0000000000E+00,    4.2728616018E+01
     62900,      0.676927,CP4_after_advection,   1,    0.0000000000E+00,    4.2730017383E+01,    4.2730017383E+01,    0.0000000000E+00,    0.0000000000E+00,    0.0000000000E+00,    4.2730017383E+01
     62900,      0.676927,CP5_after_vdif,   1,    0.0000000000E+00,    4.2730017383E+01,    4.2730017383E+01,    0.0000000000E+00,    0.0000000000E+00,    0.0000000000E+00,    4.2730017383E+01
     62900,      0.676927,CP6_after_kinetics,   1,    0.0000000000E+00,    4.2730017383E+01,    4.2730017383E+01,    0.0000000000E+00,    0.0000000000E+00,    0.0000000000E+00,    4.2730017383E+01
     62900,      0.676927,CP7_after_upper_clamp,   1,    0.0000000000E+00,    4.2730017383E+01,    4.2730017383E+01,    0.0000000000E+00,    0.0000000000E+00,    0.0000000000E+00,    4.2730017383E+01
     62900,      0.676927,CP8_after_OBC,   1,    0.0000000000E+00,    4.2730017383E+01,    4.2730017383E+01,    0.0000000000E+00,    0.0000000000E+00,    0.0000000000E+00,    4.2730017383E+01
     62900,      0.676927,CP9_after_PTsource,   1,    0.0000000000E+00,    4.2730017383E+01,    4.2730017383E+01,    0.0000000000E+00,    0.0000000000E+00,    0.0000000000E+00,    4.2730017383E+01
     62900,      0.676927,CP10_after_neg_clamp,   1,    0.0000000000E+00,    4.2730017383E+01,    4.2730017383E+01,    0.0000000000E+00,    0.0000000000E+00,    0.0000000000E+00,    4.2730017383E+01
     62900,      0.676927,CP11_after_MPI,   1,    0.0000000000E+00,    4.2730017383E+01,    4.2730017383E+01,    0.0000000000E+00,    0.0000000000E+00,    0.0000000000E+00,    4.2730017383E+01
     62900,      0.676927,CP12_end,   1,    0.0000000000E+00,    4.2730017383E+01,    4.2730017383E+01,    0.0000000000E+00,    0.0000000000E+00,    0.0000000000E+00,    4.2730017383E+01
     62950,      0.676927,CP0_start,   1,    0.0000000000E+00,    4.2793209134E+01,    4.2793209134E+01,    0.0000000000E+00,    0.0000000000E+00,    0.0000000000E+00,    4.2793209134E+01
     62950,      0.676927,CP1_after_deposition,   1,    0.0000000000E+00,    4.2793209134E+01,    4.2793209134E+01,    0.0000000000E+00,    0.0000000000E+00,    0.0000000000E+00,    4.2793209134E+01
     62950,      0.676927,CP2_after_erosion,   1,    0.0000000000E+00,    4.2793209134E+01,    4.2793209134E+01,    0.0000000000E+00,    0.0000000000E+00,    0.0000000000E+00,    4.2793209134E+01
     62950,      0.676927,CP3_after_update_bottom,   1,    0.0000000000E+00,    4.2793209134E+01,    4.2793209134E+01,    0.0000000000E+00,    0.0000000000E+00,    0.0000000000E+00,    4.2793209134E+01
     62950,      0.676927,CP4_after_advection,   1,    0.0000000000E+00,    4.2794598813E+01,    4.2794598813E+01,    0.0000000000E+00,    0.0000000000E+00,    0.0000000000E+00,    4.2794598813E+01
     62950,      0.676927,CP5_after_vdif,   1,    0.0000000000E+00,    4.2794598813E+01,    4.2794598813E+01,    0.0000000000E+00,    0.0000000000E+00,    0.0000000000E+00,    4.2794598813E+01
     62950,      0.676927,CP6_after_kinetics,   1,    0.0000000000E+00,    4.2794598813E+01,    4.2794598813E+01,    0.0000000000E+00,    0.0000000000E+00,    0.0000000000E+00,    4.2794598813E+01
     62950,      0.676927,CP7_after_upper_clamp,   1,    0.0000000000E+00,    4.2794598813E+01,    4.2794598813E+01,    0.0000000000E+00,    0.0000000000E+00,    0.0000000000E+00,    4.2794598813E+01
     62950,      0.676927,CP8_after_OBC,   1,    0.0000000000E+00,    4.2794598813E+01,    4.2794598813E+01,    0.0000000000E+00,    0.0000000000E+00,    0.0000000000E+00,    4.2794598813E+01
     62950,      0.676927,CP9_after_PTsource,   1,    0.0000000000E+00,    4.2794598813E+01,    4.2794598813E+01,    0.0000000000E+00,    0.0000000000E+00,    0.0000000000E+00,    4.2794598813E+01
     62950,      0.676927,CP10_after_neg_clamp,   1,    0.0000000000E+00,    4.2794598813E+01,    4.2794598813E+01,    0.0000000000E+00,    0.0000000000E+00,    0.0000000000E+00,    4.2794598813E+01
     62950,      0.676927,CP11_after_MPI,   1,    0.0000000000E+00,    4.2794598813E+01,    4.2794598813E+01,    0.0000000000E+00,    0.0000000000E+00,    0.0000000000E+00,    4.2794598813E+01
     62950,      0.676927,CP12_end,   1,    0.0000000000E+00,    4.2794598813E+01,    4.2794598813E+01,    0.0000000000E+00,    0.0000000000E+00,    0.0000000000E+00,    4.2794598813E+01
     63000,      0.676927,CP0_start,   1,    0.0000000000E+00,    4.2857853778E+01,    4.2857853778E+01,    0.0000000000E+00,    0.0000000000E+00,    0.0000000000E+00,    4.2857853778E+01
     63000,      0.676927,CP1_after_deposition,   1,    0.0000000000E+00,    4.2857853778E+01,    4.2857853778E+01,    0.0000000000E+00,    0.0000000000E+00,    0.0000000000E+00,    4.2857853778E+01
     63000,      0.676927,CP2_after_erosion,   1,    0.0000000000E+00,    4.2857853778E+01,    4.2857853778E+01,    0.0000000000E+00,    0.0000000000E+00,    0.0000000000E+00,    4.2857853778E+01
     63000,      0.676927,CP3_after_update_bottom,   1,    0.0000000000E+00,    4.2857853778E+01,    4.2857853778E+01,    0.0000000000E+00,    0.0000000000E+00,    0.0000000000E+00,    4.2857853778E+01
     63000,      0.676927,CP4_after_advection,   1,    0.0000000000E+00,    4.2859231735E+01,    4.2859231735E+01,    0.0000000000E+00,    0.0000000000E+00,    0.0000000000E+00,    4.2859231735E+01
     63000,      0.676927,CP5_after_vdif,   1,    0.0000000000E+00,    4.2859231735E+01,    4.2859231735E+01,    0.0000000000E+00,    0.0000000000E+00,    0.0000000000E+00,    4.2859231735E+01
     63000,      0.676927,CP6_after_kinetics,   1,    0.0000000000E+00,    4.2859231735E+01,    4.2859231735E+01,    0.0000000000E+00,    0.0000000000E+00,    0.0000000000E+00,    4.2859231735E+01
     63000,      0.676927,CP7_after_upper_clamp,   1,    0.0000000000E+00,    4.2859231735E+01,    4.2859231735E+01,    0.0000000000E+00,    0.0000000000E+00,    0.0000000000E+00,    4.2859231735E+01
     63000,      0.676927,CP8_after_OBC,   1,    0.0000000000E+00,    4.2859231735E+01,    4.2859231735E+01,    0.0000000000E+00,    0.0000000000E+00,    0.0000000000E+00,    4.2859231735E+01
     63000,      0.676927,CP9_after_PTsource,   1,    0.0000000000E+00,    4.2859231735E+01,    4.2859231735E+01,    0.0000000000E+00,    0.0000000000E+00,    0.0000000000E+00,    4.2859231735E+01
     63000,      0.676927,CP10_after_neg_clamp,   1,    0.0000000000E+00,    4.2859231735E+01,    4.2859231735E+01,    0.0000000000E+00,    0.0000000000E+00,    0.0000000000E+00,    4.2859231735E+01
     63000,      0.676927,CP11_after_MPI,   1,    0.0000000000E+00,    4.2859231735E+01,    4.2859231735E+01,    0.0000000000E+00,    0.0000000000E+00,    0.0000000000E+00,    4.2859231735E+01
     63000,      0.676927,CP12_end,   1,    0.0000000000E+00,    4.2859231735E+01,    4.2859231735E+01,    0.0000000000E+00,    0.0000000000E+00,    0.0000000000E+00,    4.2859231735E+01
     63050,      0.676927,CP0_start,   1,    0.0000000000E+00,    4.2922551403E+01,    4.2922551403E+01,    0.0000000000E+00,    0.0000000000E+00,    0.0000000000E+00,    4.2922551403E+01
     63050,      0.676927,CP1_after_deposition,   1,    0.0000000000E+00,    4.2922551403E+01,    4.2922551403E+01,    0.0000000000E+00,    0.0000000000E+00,    0.0000000000E+00,    4.2922551403E+01
     63050,      0.676927,CP2_after_erosion,   1,    0.0000000000E+00,    4.2922551403E+01,    4.2922551403E+01,    0.0000000000E+00,    0.0000000000E+00,    0.0000000000E+00,    4.2922551403E+01
     63050,      0.676927,CP3_after_update_bottom,   1,    0.0000000000E+00,    4.2922551403E+01,    4.2922551403E+01,    0.0000000000E+00,    0.0000000000E+00,    0.0000000000E+00,    4.2922551403E+01
     63050,      0.676927,CP4_after_advection,   1,    0.0000000000E+00,    4.2923916317E+01,    4.2923916317E+01,    0.0000000000E+00,    0.0000000000E+00,    0.0000000000E+00,    4.2923916317E+01
     63050,      0.676927,CP5_after_vdif,   1,    0.0000000000E+00,    4.2923916317E+01,    4.2923916317E+01,    0.0000000000E+00,    0.0000000000E+00,    0.0000000000E+00,    4.2923916317E+01
     63050,      0.676927,CP6_after_kinetics,   1,    0.0000000000E+00,    4.2923916317E+01,    4.2923916317E+01,    0.0000000000E+00,    0.0000000000E+00,    0.0000000000E+00,    4.2923916317E+01
     63050,      0.676927,CP7_after_upper_clamp,   1,    0.0000000000E+00,    4.2923916317E+01,    4.2923916317E+01,    0.0000000000E+00,    0.0000000000E+00,    0.0000000000E+00,    4.2923916317E+01
     63050,      0.676927,CP8_after_OBC,   1,    0.0000000000E+00,    4.2923916317E+01,    4.2923916317E+01,    0.0000000000E+00,    0.0000000000E+00,    0.0000000000E+00,    4.2923916317E+01
     63050,      0.676927,CP9_after_PTsource,   1,    0.0000000000E+00,    4.2923916317E+01,    4.2923916317E+01,    0.0000000000E+00,    0.0000000000E+00,    0.0000000000E+00,    4.2923916317E+01
     63050,      0.676927,CP10_after_neg_clamp,   1,    0.0000000000E+00,    4.2923916317E+01,    4.2923916317E+01,    0.0000000000E+00,    0.0000000000E+00,    0.0000000000E+00,    4.2923916317E+01
     63050,      0.676927,CP11_after_MPI,   1,    0.0000000000E+00,    4.2923916317E+01,    4.2923916317E+01,    0.0000000000E+00,    0.0000000000E+00,    0.0000000000E+00,    4.2923916317E+01
     63050,      0.676927,CP12_end,   1,    0.0000000000E+00,    4.2923916317E+01,    4.2923916317E+01,    0.0000000000E+00,    0.0000000000E+00,    0.0000000000E+00,    4.2923916317E+01
     63100,      0.676927,CP0_start,   1,    0.0000000000E+00,    4.2987314649E+01,    4.2987314649E+01,    0.0000000000E+00,    0.0000000000E+00,    0.0000000000E+00,    4.2987314649E+01
     63100,      0.676927,CP1_after_deposition,   1,    0.0000000000E+00,    4.2987314649E+01,    4.2987314649E+01,    0.0000000000E+00,    0.0000000000E+00,    0.0000000000E+00,    4.2987314649E+01
     63100,      0.676927,CP2_after_erosion,   1,    0.0000000000E+00,    4.2987314649E+01,    4.2987314649E+01,    0.0000000000E+00,    0.0000000000E+00,    0.0000000000E+00,    4.2987314649E+01
     63100,      0.676927,CP3_after_update_bottom,   1,    0.0000000000E+00,    4.2987314649E+01,    4.2987314649E+01,    0.0000000000E+00,    0.0000000000E+00,    0.0000000000E+00,    4.2987314649E+01
     63100,      0.676927,CP4_after_advection,   1,    0.0000000000E+00,    4.2988667943E+01,    4.2988667943E+01,    0.0000000000E+00,    0.0000000000E+00,    0.0000000000E+00,    4.2988667943E+01
     63100,      0.676927,CP5_after_vdif,   1,    0.0000000000E+00,    4.2988667943E+01,    4.2988667943E+01,    0.0000000000E+00,    0.0000000000E+00,    0.0000000000E+00,    4.2988667943E+01
     63100,      0.676927,CP6_after_kinetics,   1,    0.0000000000E+00,    4.2988667943E+01,    4.2988667943E+01,    0.0000000000E+00,    0.0000000000E+00,    0.0000000000E+00,    4.2988667943E+01
     63100,      0.676927,CP7_after_upper_clamp,   1,    0.0000000000E+00,    4.2988667943E+01,    4.2988667943E+01,    0.0000000000E+00,    0.0000000000E+00,    0.0000000000E+00,    4.2988667943E+01
     63100,      0.676927,CP8_after_OBC,   1,    0.0000000000E+00,    4.2988667943E+01,    4.2988667943E+01,    0.0000000000E+00,    0.0000000000E+00,    0.0000000000E+00,    4.2988667943E+01
     63100,      0.676927,CP9_after_PTsource,   1,    0.0000000000E+00,    4.2988667943E+01,    4.2988667943E+01,    0.0000000000E+00,    0.0000000000E+00,    0.0000000000E+00,    4.2988667943E+01
     63100,      0.676927,CP10_after_neg_clamp,   1,    0.0000000000E+00,    4.2988667943E+01,    4.2988667943E+01,    0.0000000000E+00,    0.0000000000E+00,    0.0000000000E+00,    4.2988667943E+01
     63100,      0.676927,CP11_after_MPI,   1,    0.0000000000E+00,    4.2988667943E+01,    4.2988667943E+01,    0.0000000000E+00,    0.0000000000E+00,    0.0000000000E+00,    4.2988667943E+01
     63100,      0.676927,CP12_end,   1,    0.0000000000E+00,    4.2988667943E+01,    4.2988667943E+01,    0.0000000000E+00,    0.0000000000E+00,    0.0000000000E+00,    4.2988667943E+01
     63150,      0.676927,CP0_start,   1,    0.0000000000E+00,    4.3052127657E+01,    4.3052127657E+01,    0.0000000000E+00,    0.0000000000E+00,    0.0000000000E+00,    4.3052127657E+01
     63150,      0.676927,CP1_after_deposition,   1,    0.0000000000E+00,    4.3052127657E+01,    4.3052127657E+01,    0.0000000000E+00,    0.0000000000E+00,    0.0000000000E+00,    4.3052127657E+01
     63150,      0.676927,CP2_after_erosion,   1,    0.0000000000E+00,    4.3052127657E+01,    4.3052127657E+01,    0.0000000000E+00,    0.0000000000E+00,    0.0000000000E+00,    4.3052127657E+01
     63150,      0.676927,CP3_after_update_bottom,   1,    0.0000000000E+00,    4.3052127657E+01,    4.3052127657E+01,    0.0000000000E+00,    0.0000000000E+00,    0.0000000000E+00,    4.3052127657E+01
     63150,      0.676927,CP4_after_advection,   1,    0.0000000000E+00,    4.3053467884E+01,    4.3053467884E+01,    0.0000000000E+00,    0.0000000000E+00,    0.0000000000E+00,    4.3053467884E+01
     63150,      0.676927,CP5_after_vdif,   1,    0.0000000000E+00,    4.3053467884E+01,    4.3053467884E+01,    0.0000000000E+00,    0.0000000000E+00,    0.0000000000E+00,    4.3053467884E+01
     63150,      0.676927,CP6_after_kinetics,   1,    0.0000000000E+00,    4.3053467884E+01,    4.3053467884E+01,    0.0000000000E+00,    0.0000000000E+00,    0.0000000000E+00,    4.3053467884E+01
     63150,      0.676927,CP7_after_upper_clamp,   1,    0.0000000000E+00,    4.3053467884E+01,    4.3053467884E+01,    0.0000000000E+00,    0.0000000000E+00,    0.0000000000E+00,    4.3053467884E+01
     63150,      0.676927,CP8_after_OBC,   1,    0.0000000000E+00,    4.3053467884E+01,    4.3053467884E+01,    0.0000000000E+00,    0.0000000000E+00,    0.0000000000E+00,    4.3053467884E+01
     63150,      0.676927,CP9_after_PTsource,   1,    0.0000000000E+00,    4.3053467884E+01,    4.3053467884E+01,    0.0000000000E+00,    0.0000000000E+00,    0.0000000000E+00,    4.3053467884E+01
     63150,      0.676927,CP10_after_neg_clamp,   1,    0.0000000000E+00,    4.3053467884E+01,    4.3053467884E+01,    0.0000000000E+00,    0.0000000000E+00,    0.0000000000E+00,    4.3053467884E+01
     63150,      0.676927,CP11_after_MPI,   1,    0.0000000000E+00,    4.3053467884E+01,    4.3053467884E+01,    0.0000000000E+00,    0.0000000000E+00,    0.0000000000E+00,    4.3053467884E+01
     63150,      0.676927,CP12_end,   1,    0.0000000000E+00,    4.3053467884E+01,    4.3053467884E+01,    0.0000000000E+00,    0.0000000000E+00,    0.0000000000E+00,    4.3053467884E+01
     63200,      0.676927,CP0_start,   1,    0.0000000000E+00,    4.3116996498E+01,    4.3116996498E+01,    0.0000000000E+00,    0.0000000000E+00,    0.0000000000E+00,    4.3116996498E+01
     63200,      0.676927,CP1_after_deposition,   1,    0.0000000000E+00,    4.3116996498E+01,    4.3116996498E+01,    0.0000000000E+00,    0.0000000000E+00,    0.0000000000E+00,    4.3116996498E+01
     63200,      0.676927,CP2_after_erosion,   1,    0.0000000000E+00,    4.3116996498E+01,    4.3116996498E+01,    0.0000000000E+00,    0.0000000000E+00,    0.0000000000E+00,    4.3116996498E+01
     63200,      0.676927,CP3_after_update_bottom,   1,    0.0000000000E+00,    4.3116996498E+01,    4.3116996498E+01,    0.0000000000E+00,    0.0000000000E+00,    0.0000000000E+00,    4.3116996498E+01
     63200,      0.676927,CP4_after_advection,   1,    0.0000000000E+00,    4.3118324809E+01,    4.3118324809E+01,    0.0000000000E+00,    0.0000000000E+00,    0.0000000000E+00,    4.3118324809E+01
     63200,      0.676927,CP5_after_vdif,   1,    0.0000000000E+00,    4.3118324809E+01,    4.3118324809E+01,    0.0000000000E+00,    0.0000000000E+00,    0.0000000000E+00,    4.3118324809E+01
     63200,      0.676927,CP6_after_kinetics,   1,    0.0000000000E+00,    4.3118324809E+01,    4.3118324809E+01,    0.0000000000E+00,    0.0000000000E+00,    0.0000000000E+00,    4.3118324809E+01
     63200,      0.676927,CP7_after_upper_clamp,   1,    0.0000000000E+00,    4.3118324809E+01,    4.3118324809E+01,    0.0000000000E+00,    0.0000000000E+00,    0.0000000000E+00,    4.3118324809E+01
     63200,      0.676927,CP8_after_OBC,   1,    0.0000000000E+00,    4.3118324809E+01,    4.3118324809E+01,    0.0000000000E+00,    0.0000000000E+00,    0.0000000000E+00,    4.3118324809E+01
     63200,      0.676927,CP9_after_PTsource,   1,    0.0000000000E+00,    4.3118324809E+01,    4.3118324809E+01,    0.0000000000E+00,    0.0000000000E+00,    0.0000000000E+00,    4.3118324809E+01
     63200,      0.676927,CP10_after_neg_clamp,   1,    0.0000000000E+00,    4.3118324809E+01,    4.3118324809E+01,    0.0000000000E+00,    0.0000000000E+00,    0.0000000000E+00,    4.3118324809E+01
     63200,      0.676927,CP11_after_MPI,   1,    0.0000000000E+00,    4.3118324809E+01,    4.3118324809E+01,    0.0000000000E+00,    0.0000000000E+00,    0.0000000000E+00,    4.3118324809E+01
     63200,      0.676927,CP12_end,   1,    0.0000000000E+00,    4.3118324809E+01,    4.3118324809E+01,    0.0000000000E+00,    0.0000000000E+00,    0.0000000000E+00,    4.3118324809E+01
     63250,      0.676927,CP0_start,   1,    0.0000000000E+00,    4.3181922417E+01,    4.3181922417E+01,    0.0000000000E+00,    0.0000000000E+00,    0.0000000000E+00,    4.3181922417E+01
     63250,      0.676927,CP1_after_deposition,   1,    0.0000000000E+00,    4.3181922417E+01,    4.3181922417E+01,    0.0000000000E+00,    0.0000000000E+00,    0.0000000000E+00,    4.3181922417E+01
     63250,      0.676927,CP2_after_erosion,   1,    0.0000000000E+00,    4.3181922417E+01,    4.3181922417E+01,    0.0000000000E+00,    0.0000000000E+00,    0.0000000000E+00,    4.3181922417E+01
     63250,      0.676927,CP3_after_update_bottom,   1,    0.0000000000E+00,    4.3181922417E+01,    4.3181922417E+01,    0.0000000000E+00,    0.0000000000E+00,    0.0000000000E+00,    4.3181922417E+01
     63250,      0.676927,CP4_after_advection,   1,    0.0000000000E+00,    4.3183237716E+01,    4.3183237716E+01,    0.0000000000E+00,    0.0000000000E+00,    0.0000000000E+00,    4.3183237716E+01
     63250,      0.676927,CP5_after_vdif,   1,    0.0000000000E+00,    4.3183237716E+01,    4.3183237716E+01,    0.0000000000E+00,    0.0000000000E+00,    0.0000000000E+00,    4.3183237716E+01
     63250,      0.676927,CP6_after_kinetics,   1,    0.0000000000E+00,    4.3183237716E+01,    4.3183237716E+01,    0.0000000000E+00,    0.0000000000E+00,    0.0000000000E+00,    4.3183237716E+01
     63250,      0.676927,CP7_after_upper_clamp,   1,    0.0000000000E+00,    4.3183237716E+01,    4.3183237716E+01,    0.0000000000E+00,    0.0000000000E+00,    0.0000000000E+00,    4.3183237716E+01
     63250,      0.676927,CP8_after_OBC,   1,    0.0000000000E+00,    4.3183237716E+01,    4.3183237716E+01,    0.0000000000E+00,    0.0000000000E+00,    0.0000000000E+00,    4.3183237716E+01
     63250,      0.676927,CP9_after_PTsource,   1,    0.0000000000E+00,    4.3183237716E+01,    4.3183237716E+01,    0.0000000000E+00,    0.0000000000E+00,    0.0000000000E+00,    4.3183237716E+01
     63250,      0.676927,CP10_after_neg_clamp,   1,    0.0000000000E+00,    4.3183237716E+01,    4.3183237716E+01,    0.0000000000E+00,    0.0000000000E+00,    0.0000000000E+00,    4.3183237716E+01
     63250,      0.676927,CP11_after_MPI,   1,    0.0000000000E+00,    4.3183237716E+01,    4.3183237716E+01,    0.0000000000E+00,    0.0000000000E+00,    0.0000000000E+00,    4.3183237716E+01
     63250,      0.676927,CP12_end,   1,    0.0000000000E+00,    4.3183237716E+01,    4.3183237716E+01,    0.0000000000E+00,    0.0000000000E+00,    0.0000000000E+00,    4.3183237716E+01
     63300,      0.676927,CP0_start,   1,    0.0000000000E+00,    4.3246907027E+01,    4.3246907027E+01,    0.0000000000E+00,    0.0000000000E+00,    0.0000000000E+00,    4.3246907027E+01
     63300,      0.676927,CP1_after_deposition,   1,    0.0000000000E+00,    4.3246907027E+01,    4.3246907027E+01,    0.0000000000E+00,    0.0000000000E+00,    0.0000000000E+00,    4.3246907027E+01
     63300,      0.676927,CP2_after_erosion,   1,    0.0000000000E+00,    4.3246907027E+01,    4.3246907027E+01,    0.0000000000E+00,    0.0000000000E+00,    0.0000000000E+00,    4.3246907027E+01
     63300,      0.676927,CP3_after_update_bottom,   1,    0.0000000000E+00,    4.3246907027E+01,    4.3246907027E+01,    0.0000000000E+00,    0.0000000000E+00,    0.0000000000E+00,    4.3246907027E+01
     63300,      0.676927,CP4_after_advection,   1,    0.0000000000E+00,    4.3248210089E+01,    4.3248210089E+01,    0.0000000000E+00,    0.0000000000E+00,    0.0000000000E+00,    4.3248210089E+01
     63300,      0.676927,CP5_after_vdif,   1,    0.0000000000E+00,    4.3248210089E+01,    4.3248210089E+01,    0.0000000000E+00,    0.0000000000E+00,    0.0000000000E+00,    4.3248210089E+01
     63300,      0.676927,CP6_after_kinetics,   1,    0.0000000000E+00,    4.3248210089E+01,    4.3248210089E+01,    0.0000000000E+00,    0.0000000000E+00,    0.0000000000E+00,    4.3248210089E+01
     63300,      0.676927,CP7_after_upper_clamp,   1,    0.0000000000E+00,    4.3248210089E+01,    4.3248210089E+01,    0.0000000000E+00,    0.0000000000E+00,    0.0000000000E+00,    4.3248210089E+01
     63300,      0.676927,CP8_after_OBC,   1,    0.0000000000E+00,    4.3248210089E+01,    4.3248210089E+01,    0.0000000000E+00,    0.0000000000E+00,    0.0000000000E+00,    4.3248210089E+01
     63300,      0.676927,CP9_after_PTsource,   1,    0.0000000000E+00,    4.3248210089E+01,    4.3248210089E+01,    0.0000000000E+00,    0.0000000000E+00,    0.0000000000E+00,    4.3248210089E+01
     63300,      0.676927,CP10_after_neg_clamp,   1,    0.0000000000E+00,    4.3248210089E+01,    4.3248210089E+01,    0.0000000000E+00,    0.0000000000E+00,    0.0000000000E+00,    4.3248210089E+01
     63300,      0.676927,CP11_after_MPI,   1,    0.0000000000E+00,    4.3248210089E+01,    4.3248210089E+01,    0.0000000000E+00,    0.0000000000E+00,    0.0000000000E+00,    4.3248210089E+01
     63300,      0.676927,CP12_end,   1,    0.0000000000E+00,    4.3248210089E+01,    4.3248210089E+01,    0.0000000000E+00,    0.0000000000E+00,    0.0000000000E+00,    4.3248210089E+01
     63350,      0.676927,CP0_start,   1,    0.0000000000E+00,    4.3311940400E+01,    4.3311940400E+01,    0.0000000000E+00,    0.0000000000E+00,    0.0000000000E+00,    4.3311940400E+01
     63350,      0.676927,CP1_after_deposition,   1,    0.0000000000E+00,    4.3311940400E+01,    4.3311940400E+01,    0.0000000000E+00,    0.0000000000E+00,    0.0000000000E+00,    4.3311940400E+01
     63350,      0.676927,CP2_after_erosion,   1,    0.0000000000E+00,    4.3311940400E+01,    4.3311940400E+01,    0.0000000000E+00,    0.0000000000E+00,    0.0000000000E+00,    4.3311940400E+01
     63350,      0.676927,CP3_after_update_bottom,   1,    0.0000000000E+00,    4.3311940400E+01,    4.3311940400E+01,    0.0000000000E+00,    0.0000000000E+00,    0.0000000000E+00,    4.3311940400E+01
     63350,      0.676927,CP4_after_advection,   1,    0.0000000000E+00,    4.3313231183E+01,    4.3313231183E+01,    0.0000000000E+00,    0.0000000000E+00,    0.0000000000E+00,    4.3313231183E+01
     63350,      0.676927,CP5_after_vdif,   1,    0.0000000000E+00,    4.3313231183E+01,    4.3313231183E+01,    0.0000000000E+00,    0.0000000000E+00,    0.0000000000E+00,    4.3313231183E+01
     63350,      0.676927,CP6_after_kinetics,   1,    0.0000000000E+00,    4.3313231183E+01,    4.3313231183E+01,    0.0000000000E+00,    0.0000000000E+00,    0.0000000000E+00,    4.3313231183E+01
     63350,      0.676927,CP7_after_upper_clamp,   1,    0.0000000000E+00,    4.3313231183E+01,    4.3313231183E+01,    0.0000000000E+00,    0.0000000000E+00,    0.0000000000E+00,    4.3313231183E+01
     63350,      0.676927,CP8_after_OBC,   1,    0.0000000000E+00,    4.3313231183E+01,    4.3313231183E+01,    0.0000000000E+00,    0.0000000000E+00,    0.0000000000E+00,    4.3313231183E+01
     63350,      0.676927,CP9_after_PTsource,   1,    0.0000000000E+00,    4.3313231183E+01,    4.3313231183E+01,    0.0000000000E+00,    0.0000000000E+00,    0.0000000000E+00,    4.3313231183E+01
     63350,      0.676927,CP10_after_neg_clamp,   1,    0.0000000000E+00,    4.3313231183E+01,    4.3313231183E+01,    0.0000000000E+00,    0.0000000000E+00,    0.0000000000E+00,    4.3313231183E+01
     63350,      0.676927,CP11_after_MPI,   1,    0.0000000000E+00,    4.3313231183E+01,    4.3313231183E+01,    0.0000000000E+00,    0.0000000000E+00,    0.0000000000E+00,    4.3313231183E+01
     63350,      0.676927,CP12_end,   1,    0.0000000000E+00,    4.3313231183E+01,    4.3313231183E+01,    0.0000000000E+00,    0.0000000000E+00,    0.0000000000E+00,    4.3313231183E+01
     63400,      0.676927,CP0_start,   1,    0.0000000000E+00,    4.3376991561E+01,    4.3376991561E+01,    0.0000000000E+00,    0.0000000000E+00,    0.0000000000E+00,    4.3376991561E+01
     63400,      0.676927,CP1_after_deposition,   1,    0.0000000000E+00,    4.3376991561E+01,    4.3376991561E+01,    0.0000000000E+00,    0.0000000000E+00,    0.0000000000E+00,    4.3376991561E+01
     63400,      0.676927,CP2_after_erosion,   1,    0.0000000000E+00,    4.3376991561E+01,    4.3376991561E+01,    0.0000000000E+00,    0.0000000000E+00,    0.0000000000E+00,    4.3376991561E+01
     63400,      0.676927,CP3_after_update_bottom,   1,    0.0000000000E+00,    4.3376991561E+01,    4.3376991561E+01,    0.0000000000E+00,    0.0000000000E+00,    0.0000000000E+00,    4.3376991561E+01
     63400,      0.676927,CP4_after_advection,   1,    0.0000000000E+00,    4.3378268838E+01,    4.3378268838E+01,    0.0000000000E+00,    0.0000000000E+00,    0.0000000000E+00,    4.3378268838E+01
     63400,      0.676927,CP5_after_vdif,   1,    0.0000000000E+00,    4.3378268838E+01,    4.3378268838E+01,    0.0000000000E+00,    0.0000000000E+00,    0.0000000000E+00,    4.3378268838E+01
     63400,      0.676927,CP6_after_kinetics,   1,    0.0000000000E+00,    4.3378268838E+01,    4.3378268838E+01,    0.0000000000E+00,    0.0000000000E+00,    0.0000000000E+00,    4.3378268838E+01
     63400,      0.676927,CP7_after_upper_clamp,   1,    0.0000000000E+00,    4.3378268838E+01,    4.3378268838E+01,    0.0000000000E+00,    0.0000000000E+00,    0.0000000000E+00,    4.3378268838E+01
     63400,      0.676927,CP8_after_OBC,   1,    0.0000000000E+00,    4.3378268838E+01,    4.3378268838E+01,    0.0000000000E+00,    0.0000000000E+00,    0.0000000000E+00,    4.3378268838E+01
     63400,      0.676927,CP9_after_PTsource,   1,    0.0000000000E+00,    4.3378268838E+01,    4.3378268838E+01,    0.0000000000E+00,    0.0000000000E+00,    0.0000000000E+00,    4.3378268838E+01
     63400,      0.676927,CP10_after_neg_clamp,   1,    0.0000000000E+00,    4.3378268838E+01,    4.3378268838E+01,    0.0000000000E+00,    0.0000000000E+00,    0.0000000000E+00,    4.3378268838E+01
     63400,      0.676927,CP11_after_MPI,   1,    0.0000000000E+00,    4.3378268838E+01,    4.3378268838E+01,    0.0000000000E+00,    0.0000000000E+00,    0.0000000000E+00,    4.3378268838E+01
     63400,      0.676927,CP12_end,   1,    0.0000000000E+00,    4.3378268838E+01,    4.3378268838E+01,    0.0000000000E+00,    0.0000000000E+00,    0.0000000000E+00,    4.3378268838E+01
     63450,      0.676927,CP0_start,   1,    0.0000000000E+00,    4.3442045245E+01,    4.3442045245E+01,    0.0000000000E+00,    0.0000000000E+00,    0.0000000000E+00,    4.3442045245E+01
     63450,      0.676927,CP1_after_deposition,   1,    0.0000000000E+00,    4.3442045245E+01,    4.3442045245E+01,    0.0000000000E+00,    0.0000000000E+00,    0.0000000000E+00,    4.3442045245E+01
     63450,      0.676927,CP2_after_erosion,   1,    0.0000000000E+00,    4.3442045245E+01,    4.3442045245E+01,    0.0000000000E+00,    0.0000000000E+00,    0.0000000000E+00,    4.3442045245E+01
     63450,      0.676927,CP3_after_update_bottom,   1,    0.0000000000E+00,    4.3442045245E+01,    4.3442045245E+01,    0.0000000000E+00,    0.0000000000E+00,    0.0000000000E+00,    4.3442045245E+01
     63450,      0.676927,CP4_after_advection,   1,    0.0000000000E+00,    4.3443308228E+01,    4.3443308228E+01,    0.0000000000E+00,    0.0000000000E+00,    0.0000000000E+00,    4.3443308228E+01
     63450,      0.676927,CP5_after_vdif,   1,    0.0000000000E+00,    4.3443308228E+01,    4.3443308228E+01,    0.0000000000E+00,    0.0000000000E+00,    0.0000000000E+00,    4.3443308228E+01
     63450,      0.676927,CP6_after_kinetics,   1,    0.0000000000E+00,    4.3443308228E+01,    4.3443308228E+01,    0.0000000000E+00,    0.0000000000E+00,    0.0000000000E+00,    4.3443308228E+01
     63450,      0.676927,CP7_after_upper_clamp,   1,    0.0000000000E+00,    4.3443308228E+01,    4.3443308228E+01,    0.0000000000E+00,    0.0000000000E+00,    0.0000000000E+00,    4.3443308228E+01
     63450,      0.676927,CP8_after_OBC,   1,    0.0000000000E+00,    4.3443308228E+01,    4.3443308228E+01,    0.0000000000E+00,    0.0000000000E+00,    0.0000000000E+00,    4.3443308228E+01
     63450,      0.676927,CP9_after_PTsource,   1,    0.0000000000E+00,    4.3443308228E+01,    4.3443308228E+01,    0.0000000000E+00,    0.0000000000E+00,    0.0000000000E+00,    4.3443308228E+01
     63450,      0.676927,CP10_after_neg_clamp,   1,    0.0000000000E+00,    4.3443308228E+01,    4.3443308228E+01,    0.0000000000E+00,    0.0000000000E+00,    0.0000000000E+00,    4.3443308228E+01
     63450,      0.676927,CP11_after_MPI,   1,    0.0000000000E+00,    4.3443308228E+01,    4.3443308228E+01,    0.0000000000E+00,    0.0000000000E+00,    0.0000000000E+00,    4.3443308228E+01
     63450,      0.676927,CP12_end,   1,    0.0000000000E+00,    4.3443308228E+01,    4.3443308228E+01,    0.0000000000E+00,    0.0000000000E+00,    0.0000000000E+00,    4.3443308228E+01
     63500,      0.676927,CP0_start,   1,    0.0000000000E+00,    4.3507092527E+01,    4.3507092527E+01,    0.0000000000E+00,    0.0000000000E+00,    0.0000000000E+00,    4.3507092527E+01
     63500,      0.676927,CP1_after_deposition,   1,    0.0000000000E+00,    4.3507092527E+01,    4.3507092527E+01,    0.0000000000E+00,    0.0000000000E+00,    0.0000000000E+00,    4.3507092527E+01
     63500,      0.676927,CP2_after_erosion,   1,    0.0000000000E+00,    4.3507092527E+01,    4.3507092527E+01,    0.0000000000E+00,    0.0000000000E+00,    0.0000000000E+00,    4.3507092527E+01
     63500,      0.676927,CP3_after_update_bottom,   1,    0.0000000000E+00,    4.3507092527E+01,    4.3507092527E+01,    0.0000000000E+00,    0.0000000000E+00,    0.0000000000E+00,    4.3507092527E+01
     63500,      0.676927,CP4_after_advection,   1,    0.0000000000E+00,    4.3508341333E+01,    4.3508341333E+01,    0.0000000000E+00,    0.0000000000E+00,    0.0000000000E+00,    4.3508341333E+01
     63500,      0.676927,CP5_after_vdif,   1,    0.0000000000E+00,    4.3508341333E+01,    4.3508341333E+01,    0.0000000000E+00,    0.0000000000E+00,    0.0000000000E+00,    4.3508341333E+01
     63500,      0.676927,CP6_after_kinetics,   1,    0.0000000000E+00,    4.3508341333E+01,    4.3508341333E+01,    0.0000000000E+00,    0.0000000000E+00,    0.0000000000E+00,    4.3508341333E+01
     63500,      0.676927,CP7_after_upper_clamp,   1,    0.0000000000E+00,    4.3508341333E+01,    4.3508341333E+01,    0.0000000000E+00,    0.0000000000E+00,    0.0000000000E+00,    4.3508341333E+01
     63500,      0.676927,CP8_after_OBC,   1,    0.0000000000E+00,    4.3508341333E+01,    4.3508341333E+01,    0.0000000000E+00,    0.0000000000E+00,    0.0000000000E+00,    4.3508341333E+01
     63500,      0.676927,CP9_after_PTsource,   1,    0.0000000000E+00,    4.3508341333E+01,    4.3508341333E+01,    0.0000000000E+00,    0.0000000000E+00,    0.0000000000E+00,    4.3508341333E+01
     63500,      0.676927,CP10_after_neg_clamp,   1,    0.0000000000E+00,    4.3508341333E+01,    4.3508341333E+01,    0.0000000000E+00,    0.0000000000E+00,    0.0000000000E+00,    4.3508341333E+01
     63500,      0.676927,CP11_after_MPI,   1,    0.0000000000E+00,    4.3508341333E+01,    4.3508341333E+01,    0.0000000000E+00,    0.0000000000E+00,    0.0000000000E+00,    4.3508341333E+01
     63500,      0.676927,CP12_end,   1,    0.0000000000E+00,    4.3508341333E+01,    4.3508341333E+01,    0.0000000000E+00,    0.0000000000E+00,    0.0000000000E+00,    4.3508341333E+01
     63550,      0.676927,CP0_start,   1,    0.0000000000E+00,    4.3572133292E+01,    4.3572133292E+01,    0.0000000000E+00,    0.0000000000E+00,    0.0000000000E+00,    4.3572133292E+01
     63550,      0.676927,CP1_after_deposition,   1,    0.0000000000E+00,    4.3572133292E+01,    4.3572133292E+01,    0.0000000000E+00,    0.0000000000E+00,    0.0000000000E+00,    4.3572133292E+01
     63550,      0.676927,CP2_after_erosion,   1,    0.0000000000E+00,    4.3572133292E+01,    4.3572133292E+01,    0.0000000000E+00,    0.0000000000E+00,    0.0000000000E+00,    4.3572133292E+01
     63550,      0.676927,CP3_after_update_bottom,   1,    0.0000000000E+00,    4.3572133292E+01,    4.3572133292E+01,    0.0000000000E+00,    0.0000000000E+00,    0.0000000000E+00,    4.3572133292E+01
     63550,      0.676927,CP4_after_advection,   1,    0.0000000000E+00,    4.3573367832E+01,    4.3573367832E+01,    0.0000000000E+00,    0.0000000000E+00,    0.0000000000E+00,    4.3573367832E+01
     63550,      0.676927,CP5_after_vdif,   1,    0.0000000000E+00,    4.3573367832E+01,    4.3573367832E+01,    0.0000000000E+00,    0.0000000000E+00,    0.0000000000E+00,    4.3573367832E+01
     63550,      0.676927,CP6_after_kinetics,   1,    0.0000000000E+00,    4.3573367832E+01,    4.3573367832E+01,    0.0000000000E+00,    0.0000000000E+00,    0.0000000000E+00,    4.3573367832E+01
     63550,      0.676927,CP7_after_upper_clamp,   1,    0.0000000000E+00,    4.3573367832E+01,    4.3573367832E+01,    0.0000000000E+00,    0.0000000000E+00,    0.0000000000E+00,    4.3573367832E+01
     63550,      0.676927,CP8_after_OBC,   1,    0.0000000000E+00,    4.3573367832E+01,    4.3573367832E+01,    0.0000000000E+00,    0.0000000000E+00,    0.0000000000E+00,    4.3573367832E+01
     63550,      0.676927,CP9_after_PTsource,   1,    0.0000000000E+00,    4.3573367832E+01,    4.3573367832E+01,    0.0000000000E+00,    0.0000000000E+00,    0.0000000000E+00,    4.3573367832E+01
     63550,      0.676927,CP10_after_neg_clamp,   1,    0.0000000000E+00,    4.3573367832E+01,    4.3573367832E+01,    0.0000000000E+00,    0.0000000000E+00,    0.0000000000E+00,    4.3573367832E+01
     63550,      0.676927,CP11_after_MPI,   1,    0.0000000000E+00,    4.3573367832E+01,    4.3573367832E+01,    0.0000000000E+00,    0.0000000000E+00,    0.0000000000E+00,    4.3573367832E+01
     63550,      0.676927,CP12_end,   1,    0.0000000000E+00,    4.3573367832E+01,    4.3573367832E+01,    0.0000000000E+00,    0.0000000000E+00,    0.0000000000E+00,    4.3573367832E+01
     63600,      0.676927,CP0_start,   1,    0.0000000000E+00,    4.3637171846E+01,    4.3637171846E+01,    0.0000000000E+00,    0.0000000000E+00,    0.0000000000E+00,    4.3637171846E+01
     63600,      0.676927,CP1_after_deposition,   1,    0.0000000000E+00,    4.3637171846E+01,    4.3637171846E+01,    0.0000000000E+00,    0.0000000000E+00,    0.0000000000E+00,    4.3637171846E+01
     63600,      0.676927,CP2_after_erosion,   1,    0.0000000000E+00,    4.3637171846E+01,    4.3637171846E+01,    0.0000000000E+00,    0.0000000000E+00,    0.0000000000E+00,    4.3637171846E+01
     63600,      0.676927,CP3_after_update_bottom,   1,    0.0000000000E+00,    4.3637171846E+01,    4.3637171846E+01,    0.0000000000E+00,    0.0000000000E+00,    0.0000000000E+00,    4.3637171846E+01
     63600,      0.676927,CP4_after_advection,   1,    0.0000000000E+00,    4.3638392118E+01,    4.3638392118E+01,    0.0000000000E+00,    0.0000000000E+00,    0.0000000000E+00,    4.3638392118E+01
     63600,      0.676927,CP5_after_vdif,   1,    0.0000000000E+00,    4.3638392118E+01,    4.3638392118E+01,    0.0000000000E+00,    0.0000000000E+00,    0.0000000000E+00,    4.3638392118E+01
     63600,      0.676927,CP6_after_kinetics,   1,    0.0000000000E+00,    4.3638392118E+01,    4.3638392118E+01,    0.0000000000E+00,    0.0000000000E+00,    0.0000000000E+00,    4.3638392118E+01
     63600,      0.676927,CP7_after_upper_clamp,   1,    0.0000000000E+00,    4.3638392118E+01,    4.3638392118E+01,    0.0000000000E+00,    0.0000000000E+00,    0.0000000000E+00,    4.3638392118E+01
     63600,      0.676927,CP8_after_OBC,   1,    0.0000000000E+00,    4.3638392118E+01,    4.3638392118E+01,    0.0000000000E+00,    0.0000000000E+00,    0.0000000000E+00,    4.3638392118E+01
     63600,      0.676927,CP9_after_PTsource,   1,    0.0000000000E+00,    4.3638392118E+01,    4.3638392118E+01,    0.0000000000E+00,    0.0000000000E+00,    0.0000000000E+00,    4.3638392118E+01
     63600,      0.676927,CP10_after_neg_clamp,   1,    0.0000000000E+00,    4.3638392118E+01,    4.3638392118E+01,    0.0000000000E+00,    0.0000000000E+00,    0.0000000000E+00,    4.3638392118E+01
     63600,      0.676927,CP11_after_MPI,   1,    0.0000000000E+00,    4.3638392118E+01,    4.3638392118E+01,    0.0000000000E+00,    0.0000000000E+00,    0.0000000000E+00,    4.3638392118E+01
     63600,      0.676927,CP12_end,   1,    0.0000000000E+00,    4.3638392118E+01,    4.3638392118E+01,    0.0000000000E+00,    0.0000000000E+00,    0.0000000000E+00,    4.3638392118E+01
     63650,      0.676927,CP0_start,   1,    0.0000000000E+00,    4.3702210075E+01,    4.3702210075E+01,    0.0000000000E+00,    0.0000000000E+00,    0.0000000000E+00,    4.3702210075E+01
     63650,      0.676927,CP1_after_deposition,   1,    0.0000000000E+00,    4.3702210075E+01,    4.3702210075E+01,    0.0000000000E+00,    0.0000000000E+00,    0.0000000000E+00,    4.3702210075E+01
     63650,      0.676927,CP2_after_erosion,   1,    0.0000000000E+00,    4.3702210075E+01,    4.3702210075E+01,    0.0000000000E+00,    0.0000000000E+00,    0.0000000000E+00,    4.3702210075E+01
     63650,      0.676927,CP3_after_update_bottom,   1,    0.0000000000E+00,    4.3702210075E+01,    4.3702210075E+01,    0.0000000000E+00,    0.0000000000E+00,    0.0000000000E+00,    4.3702210075E+01
     63650,      0.676927,CP4_after_advection,   1,    0.0000000000E+00,    4.3703416067E+01,    4.3703416067E+01,    0.0000000000E+00,    0.0000000000E+00,    0.0000000000E+00,    4.3703416067E+01
     63650,      0.676927,CP5_after_vdif,   1,    0.0000000000E+00,    4.3703416067E+01,    4.3703416067E+01,    0.0000000000E+00,    0.0000000000E+00,    0.0000000000E+00,    4.3703416067E+01
     63650,      0.676927,CP6_after_kinetics,   1,    0.0000000000E+00,    4.3703416067E+01,    4.3703416067E+01,    0.0000000000E+00,    0.0000000000E+00,    0.0000000000E+00,    4.3703416067E+01
     63650,      0.676927,CP7_after_upper_clamp,   1,    0.0000000000E+00,    4.3703416067E+01,    4.3703416067E+01,    0.0000000000E+00,    0.0000000000E+00,    0.0000000000E+00,    4.3703416067E+01
     63650,      0.676927,CP8_after_OBC,   1,    0.0000000000E+00,    4.3703416067E+01,    4.3703416067E+01,    0.0000000000E+00,    0.0000000000E+00,    0.0000000000E+00,    4.3703416067E+01
     63650,      0.676927,CP9_after_PTsource,   1,    0.0000000000E+00,    4.3703416067E+01,    4.3703416067E+01,    0.0000000000E+00,    0.0000000000E+00,    0.0000000000E+00,    4.3703416067E+01
     63650,      0.676927,CP10_after_neg_clamp,   1,    0.0000000000E+00,    4.3703416067E+01,    4.3703416067E+01,    0.0000000000E+00,    0.0000000000E+00,    0.0000000000E+00,    4.3703416067E+01
     63650,      0.676927,CP11_after_MPI,   1,    0.0000000000E+00,    4.3703416067E+01,    4.3703416067E+01,    0.0000000000E+00,    0.0000000000E+00,    0.0000000000E+00,    4.3703416067E+01
     63650,      0.676927,CP12_end,   1,    0.0000000000E+00,    4.3703416067E+01,    4.3703416067E+01,    0.0000000000E+00,    0.0000000000E+00,    0.0000000000E+00,    4.3703416067E+01
     63700,      0.676927,CP0_start,   1,    0.0000000000E+00,    4.3767255565E+01,    4.3767255565E+01,    0.0000000000E+00,    0.0000000000E+00,    0.0000000000E+00,    4.3767255565E+01
     63700,      0.676927,CP1_after_deposition,   1,    0.0000000000E+00,    4.3767255565E+01,    4.3767255565E+01,    0.0000000000E+00,    0.0000000000E+00,    0.0000000000E+00,    4.3767255565E+01
     63700,      0.676927,CP2_after_erosion,   1,    0.0000000000E+00,    4.3767255565E+01,    4.3767255565E+01,    0.0000000000E+00,    0.0000000000E+00,    0.0000000000E+00,    4.3767255565E+01
     63700,      0.676927,CP3_after_update_bottom,   1,    0.0000000000E+00,    4.3767255565E+01,    4.3767255565E+01,    0.0000000000E+00,    0.0000000000E+00,    0.0000000000E+00,    4.3767255565E+01
     63700,      0.676927,CP4_after_advection,   1,    0.0000000000E+00,    4.3768446761E+01,    4.3768446761E+01,    0.0000000000E+00,    0.0000000000E+00,    0.0000000000E+00,    4.3768446761E+01
     63700,      0.676927,CP5_after_vdif,   1,    0.0000000000E+00,    4.3768446761E+01,    4.3768446761E+01,    0.0000000000E+00,    0.0000000000E+00,    0.0000000000E+00,    4.3768446761E+01
     63700,      0.676927,CP6_after_kinetics,   1,    0.0000000000E+00,    4.3768446761E+01,    4.3768446761E+01,    0.0000000000E+00,    0.0000000000E+00,    0.0000000000E+00,    4.3768446761E+01
     63700,      0.676927,CP7_after_upper_clamp,   1,    0.0000000000E+00,    4.3768446761E+01,    4.3768446761E+01,    0.0000000000E+00,    0.0000000000E+00,    0.0000000000E+00,    4.3768446761E+01
     63700,      0.676927,CP8_after_OBC,   1,    0.0000000000E+00,    4.3768446761E+01,    4.3768446761E+01,    0.0000000000E+00,    0.0000000000E+00,    0.0000000000E+00,    4.3768446761E+01
     63700,      0.676927,CP9_after_PTsource,   1,    0.0000000000E+00,    4.3768446761E+01,    4.3768446761E+01,    0.0000000000E+00,    0.0000000000E+00,    0.0000000000E+00,    4.3768446761E+01
     63700,      0.676927,CP10_after_neg_clamp,   1,    0.0000000000E+00,    4.3768446761E+01,    4.3768446761E+01,    0.0000000000E+00,    0.0000000000E+00,    0.0000000000E+00,    4.3768446761E+01
     63700,      0.676927,CP11_after_MPI,   1,    0.0000000000E+00,    4.3768446761E+01,    4.3768446761E+01,    0.0000000000E+00,    0.0000000000E+00,    0.0000000000E+00,    4.3768446761E+01
     63700,      0.676927,CP12_end,   1,    0.0000000000E+00,    4.3768446761E+01,    4.3768446761E+01,    0.0000000000E+00,    0.0000000000E+00,    0.0000000000E+00,    4.3768446761E+01
     63750,      0.676927,CP0_start,   1,    0.0000000000E+00,    4.3832313667E+01,    4.3832313667E+01,    0.0000000000E+00,    0.0000000000E+00,    0.0000000000E+00,    4.3832313667E+01
     63750,      0.676927,CP1_after_deposition,   1,    0.0000000000E+00,    4.3832313667E+01,    4.3832313667E+01,    0.0000000000E+00,    0.0000000000E+00,    0.0000000000E+00,    4.3832313667E+01
     63750,      0.676927,CP2_after_erosion,   1,    0.0000000000E+00,    4.3832313667E+01,    4.3832313667E+01,    0.0000000000E+00,    0.0000000000E+00,    0.0000000000E+00,    4.3832313667E+01
     63750,      0.676927,CP3_after_update_bottom,   1,    0.0000000000E+00,    4.3832313667E+01,    4.3832313667E+01,    0.0000000000E+00,    0.0000000000E+00,    0.0000000000E+00,    4.3832313667E+01
     63750,      0.676927,CP4_after_advection,   1,    0.0000000000E+00,    4.3833490321E+01,    4.3833490321E+01,    0.0000000000E+00,    0.0000000000E+00,    0.0000000000E+00,    4.3833490321E+01
     63750,      0.676927,CP5_after_vdif,   1,    0.0000000000E+00,    4.3833490321E+01,    4.3833490321E+01,    0.0000000000E+00,    0.0000000000E+00,    0.0000000000E+00,    4.3833490321E+01
     63750,      0.676927,CP6_after_kinetics,   1,    0.0000000000E+00,    4.3833490321E+01,    4.3833490321E+01,    0.0000000000E+00,    0.0000000000E+00,    0.0000000000E+00,    4.3833490321E+01
     63750,      0.676927,CP7_after_upper_clamp,   1,    0.0000000000E+00,    4.3833490321E+01,    4.3833490321E+01,    0.0000000000E+00,    0.0000000000E+00,    0.0000000000E+00,    4.3833490321E+01
     63750,      0.676927,CP8_after_OBC,   1,    0.0000000000E+00,    4.3833490321E+01,    4.3833490321E+01,    0.0000000000E+00,    0.0000000000E+00,    0.0000000000E+00,    4.3833490321E+01
     63750,      0.676927,CP9_after_PTsource,   1,    0.0000000000E+00,    4.3833490321E+01,    4.3833490321E+01,    0.0000000000E+00,    0.0000000000E+00,    0.0000000000E+00,    4.3833490321E+01
     63750,      0.676927,CP10_after_neg_clamp,   1,    0.0000000000E+00,    4.3833490321E+01,    4.3833490321E+01,    0.0000000000E+00,    0.0000000000E+00,    0.0000000000E+00,    4.3833490321E+01
     63750,      0.676927,CP11_after_MPI,   1,    0.0000000000E+00,    4.3833490321E+01,    4.3833490321E+01,    0.0000000000E+00,    0.0000000000E+00,    0.0000000000E+00,    4.3833490321E+01
     63750,      0.676927,CP12_end,   1,    0.0000000000E+00,    4.3833490321E+01,    4.3833490321E+01,    0.0000000000E+00,    0.0000000000E+00,    0.0000000000E+00,    4.3833490321E+01
     63800,      0.676927,CP0_start,   1,    0.0000000000E+00,    4.3897394105E+01,    4.3897394105E+01,    0.0000000000E+00,    0.0000000000E+00,    0.0000000000E+00,    4.3897394105E+01
     63800,      0.676927,CP1_after_deposition,   1,    0.0000000000E+00,    4.3897394105E+01,    4.3897394105E+01,    0.0000000000E+00,    0.0000000000E+00,    0.0000000000E+00,    4.3897394105E+01
     63800,      0.676927,CP2_after_erosion,   1,    0.0000000000E+00,    4.3897394105E+01,    4.3897394105E+01,    0.0000000000E+00,    0.0000000000E+00,    0.0000000000E+00,    4.3897394105E+01
     63800,      0.676927,CP3_after_update_bottom,   1,    0.0000000000E+00,    4.3897394105E+01,    4.3897394105E+01,    0.0000000000E+00,    0.0000000000E+00,    0.0000000000E+00,    4.3897394105E+01
     63800,      0.676927,CP4_after_advection,   1,    0.0000000000E+00,    4.3898555146E+01,    4.3898555146E+01,    0.0000000000E+00,    0.0000000000E+00,    0.0000000000E+00,    4.3898555146E+01
     63800,      0.676927,CP5_after_vdif,   1,    0.0000000000E+00,    4.3898555146E+01,    4.3898555146E+01,    0.0000000000E+00,    0.0000000000E+00,    0.0000000000E+00,    4.3898555146E+01
     63800,      0.676927,CP6_after_kinetics,   1,    0.0000000000E+00,    4.3898555146E+01,    4.3898555146E+01,    0.0000000000E+00,    0.0000000000E+00,    0.0000000000E+00,    4.3898555146E+01
     63800,      0.676927,CP7_after_upper_clamp,   1,    0.0000000000E+00,    4.3898555146E+01,    4.3898555146E+01,    0.0000000000E+00,    0.0000000000E+00,    0.0000000000E+00,    4.3898555146E+01
     63800,      0.676927,CP8_after_OBC,   1,    0.0000000000E+00,    4.3898555146E+01,    4.3898555146E+01,    0.0000000000E+00,    0.0000000000E+00,    0.0000000000E+00,    4.3898555146E+01
     63800,      0.676927,CP9_after_PTsource,   1,    0.0000000000E+00,    4.3898555146E+01,    4.3898555146E+01,    0.0000000000E+00,    0.0000000000E+00,    0.0000000000E+00,    4.3898555146E+01
     63800,      0.676927,CP10_after_neg_clamp,   1,    0.0000000000E+00,    4.3898555146E+01,    4.3898555146E+01,    0.0000000000E+00,    0.0000000000E+00,    0.0000000000E+00,    4.3898555146E+01
     63800,      0.676927,CP11_after_MPI,   1,    0.0000000000E+00,    4.3898555146E+01,    4.3898555146E+01,    0.0000000000E+00,    0.0000000000E+00,    0.0000000000E+00,    4.3898555146E+01
     63800,      0.676927,CP12_end,   1,    0.0000000000E+00,    4.3898555146E+01,    4.3898555146E+01,    0.0000000000E+00,    0.0000000000E+00,    0.0000000000E+00,    4.3898555146E+01
     63850,      0.676927,CP0_start,   1,    0.0000000000E+00,    4.3962493571E+01,    4.3962493571E+01,    0.0000000000E+00,    0.0000000000E+00,    0.0000000000E+00,    4.3962493571E+01
     63850,      0.676927,CP1_after_deposition,   1,    0.0000000000E+00,    4.3962493571E+01,    4.3962493571E+01,    0.0000000000E+00,    0.0000000000E+00,    0.0000000000E+00,    4.3962493571E+01
     63850,      0.676927,CP2_after_erosion,   1,    0.0000000000E+00,    4.3962493571E+01,    4.3962493571E+01,    0.0000000000E+00,    0.0000000000E+00,    0.0000000000E+00,    4.3962493571E+01
     63850,      0.676927,CP3_after_update_bottom,   1,    0.0000000000E+00,    4.3962493571E+01,    4.3962493571E+01,    0.0000000000E+00,    0.0000000000E+00,    0.0000000000E+00,    4.3962493571E+01
     63850,      0.676927,CP4_after_advection,   1,    0.0000000000E+00,    4.3963639611E+01,    4.3963639611E+01,    0.0000000000E+00,    0.0000000000E+00,    0.0000000000E+00,    4.3963639611E+01
     63850,      0.676927,CP5_after_vdif,   1,    0.0000000000E+00,    4.3963639611E+01,    4.3963639611E+01,    0.0000000000E+00,    0.0000000000E+00,    0.0000000000E+00,    4.3963639611E+01
     63850,      0.676927,CP6_after_kinetics,   1,    0.0000000000E+00,    4.3963639611E+01,    4.3963639611E+01,    0.0000000000E+00,    0.0000000000E+00,    0.0000000000E+00,    4.3963639611E+01
     63850,      0.676927,CP7_after_upper_clamp,   1,    0.0000000000E+00,    4.3963639611E+01,    4.3963639611E+01,    0.0000000000E+00,    0.0000000000E+00,    0.0000000000E+00,    4.3963639611E+01
     63850,      0.676927,CP8_after_OBC,   1,    0.0000000000E+00,    4.3963639611E+01,    4.3963639611E+01,    0.0000000000E+00,    0.0000000000E+00,    0.0000000000E+00,    4.3963639611E+01
     63850,      0.676927,CP9_after_PTsource,   1,    0.0000000000E+00,    4.3963639611E+01,    4.3963639611E+01,    0.0000000000E+00,    0.0000000000E+00,    0.0000000000E+00,    4.3963639611E+01
     63850,      0.676927,CP10_after_neg_clamp,   1,    0.0000000000E+00,    4.3963639611E+01,    4.3963639611E+01,    0.0000000000E+00,    0.0000000000E+00,    0.0000000000E+00,    4.3963639611E+01
     63850,      0.676927,CP11_after_MPI,   1,    0.0000000000E+00,    4.3963639611E+01,    4.3963639611E+01,    0.0000000000E+00,    0.0000000000E+00,    0.0000000000E+00,    4.3963639611E+01
     63850,      0.676927,CP12_end,   1,    0.0000000000E+00,    4.3963639611E+01,    4.3963639611E+01,    0.0000000000E+00,    0.0000000000E+00,    0.0000000000E+00,    4.3963639611E+01
     63900,      0.676927,CP0_start,   1,    0.0000000000E+00,    4.4027623844E+01,    4.4027623844E+01,    0.0000000000E+00,    0.0000000000E+00,    0.0000000000E+00,    4.4027623844E+01
     63900,      0.676927,CP1_after_deposition,   1,    0.0000000000E+00,    4.4027623844E+01,    4.4027623844E+01,    0.0000000000E+00,    0.0000000000E+00,    0.0000000000E+00,    4.4027623844E+01
     63900,      0.676927,CP2_after_erosion,   1,    0.0000000000E+00,    4.4027623844E+01,    4.4027623844E+01,    0.0000000000E+00,    0.0000000000E+00,    0.0000000000E+00,    4.4027623844E+01
     63900,      0.676927,CP3_after_update_bottom,   1,    0.0000000000E+00,    4.4027623844E+01,    4.4027623844E+01,    0.0000000000E+00,    0.0000000000E+00,    0.0000000000E+00,    4.4027623844E+01
     63900,      0.676927,CP4_after_advection,   1,    0.0000000000E+00,    4.4028754254E+01,    4.4028754254E+01,    0.0000000000E+00,    0.0000000000E+00,    0.0000000000E+00,    4.4028754254E+01
     63900,      0.676927,CP5_after_vdif,   1,    0.0000000000E+00,    4.4028754254E+01,    4.4028754254E+01,    0.0000000000E+00,    0.0000000000E+00,    0.0000000000E+00,    4.4028754254E+01
     63900,      0.676927,CP6_after_kinetics,   1,    0.0000000000E+00,    4.4028754254E+01,    4.4028754254E+01,    0.0000000000E+00,    0.0000000000E+00,    0.0000000000E+00,    4.4028754254E+01
     63900,      0.676927,CP7_after_upper_clamp,   1,    0.0000000000E+00,    4.4028754254E+01,    4.4028754254E+01,    0.0000000000E+00,    0.0000000000E+00,    0.0000000000E+00,    4.4028754254E+01
     63900,      0.676927,CP8_after_OBC,   1,    0.0000000000E+00,    4.4028754254E+01,    4.4028754254E+01,    0.0000000000E+00,    0.0000000000E+00,    0.0000000000E+00,    4.4028754254E+01
     63900,      0.676927,CP9_after_PTsource,   1,    0.0000000000E+00,    4.4028754254E+01,    4.4028754254E+01,    0.0000000000E+00,    0.0000000000E+00,    0.0000000000E+00,    4.4028754254E+01
     63900,      0.676927,CP10_after_neg_clamp,   1,    0.0000000000E+00,    4.4028754254E+01,    4.4028754254E+01,    0.0000000000E+00,    0.0000000000E+00,    0.0000000000E+00,    4.4028754254E+01
     63900,      0.676927,CP11_after_MPI,   1,    0.0000000000E+00,    4.4028754254E+01,    4.4028754254E+01,    0.0000000000E+00,    0.0000000000E+00,    0.0000000000E+00,    4.4028754254E+01
     63900,      0.676927,CP12_end,   1,    0.0000000000E+00,    4.4028754254E+01,    4.4028754254E+01,    0.0000000000E+00,    0.0000000000E+00,    0.0000000000E+00,    4.4028754254E+01
     63950,      0.676927,CP0_start,   1,    0.0000000000E+00,    4.4092414041E+01,    4.4092414041E+01,    0.0000000000E+00,    0.0000000000E+00,    0.0000000000E+00,    4.4092414041E+01
     63950,      0.676927,CP1_after_deposition,   1,    0.0000000000E+00,    4.4092414041E+01,    4.4092414041E+01,    0.0000000000E+00,    0.0000000000E+00,    0.0000000000E+00,    4.4092414041E+01
     63950,      0.676927,CP2_after_erosion,   1,    0.0000000000E+00,    4.4092414041E+01,    4.4092414041E+01,    0.0000000000E+00,    0.0000000000E+00,    0.0000000000E+00,    4.4092414041E+01
     63950,      0.676927,CP3_after_update_bottom,   1,    0.0000000000E+00,    4.4092414041E+01,    4.4092414041E+01,    0.0000000000E+00,    0.0000000000E+00,    0.0000000000E+00,    4.4092414041E+01
     63950,      0.676927,CP4_after_advection,   1,    0.0000000000E+00,    4.4093528746E+01,    4.4093528746E+01,    0.0000000000E+00,    0.0000000000E+00,    0.0000000000E+00,    4.4093528746E+01
     63950,      0.676927,CP5_after_vdif,   1,    0.0000000000E+00,    4.4093528746E+01,    4.4093528746E+01,    0.0000000000E+00,    0.0000000000E+00,    0.0000000000E+00,    4.4093528746E+01
     63950,      0.676927,CP6_after_kinetics,   1,    0.0000000000E+00,    4.4093528746E+01,    4.4093528746E+01,    0.0000000000E+00,    0.0000000000E+00,    0.0000000000E+00,    4.4093528746E+01
     63950,      0.676927,CP7_after_upper_clamp,   1,    0.0000000000E+00,    4.4093528746E+01,    4.4093528746E+01,    0.0000000000E+00,    0.0000000000E+00,    0.0000000000E+00,    4.4093528746E+01
     63950,      0.676927,CP8_after_OBC,   1,    0.0000000000E+00,    4.4093528746E+01,    4.4093528746E+01,    0.0000000000E+00,    0.0000000000E+00,    0.0000000000E+00,    4.4093528746E+01
     63950,      0.676927,CP9_after_PTsource,   1,    0.0000000000E+00,    4.4093528746E+01,    4.4093528746E+01,    0.0000000000E+00,    0.0000000000E+00,    0.0000000000E+00,    4.4093528746E+01
     63950,      0.676927,CP10_after_neg_clamp,   1,    0.0000000000E+00,    4.4093528746E+01,    4.4093528746E+01,    0.0000000000E+00,    0.0000000000E+00,    0.0000000000E+00,    4.4093528746E+01
     63950,      0.676927,CP11_after_MPI,   1,    0.0000000000E+00,    4.4093528746E+01,    4.4093528746E+01,    0.0000000000E+00,    0.0000000000E+00,    0.0000000000E+00,    4.4093528746E+01
     63950,      0.676927,CP12_end,   1,    0.0000000000E+00,    4.4093528746E+01,    4.4093528746E+01,    0.0000000000E+00,    0.0000000000E+00,    0.0000000000E+00,    4.4093528746E+01
     64000,      0.676927,CP0_start,   1,    0.0000000000E+00,    4.4157226274E+01,    4.4157226274E+01,    0.0000000000E+00,    0.0000000000E+00,    0.0000000000E+00,    4.4157226274E+01
     64000,      0.676927,CP1_after_deposition,   1,    0.0000000000E+00,    4.4157226274E+01,    4.4157226274E+01,    0.0000000000E+00,    0.0000000000E+00,    0.0000000000E+00,    4.4157226274E+01
     64000,      0.676927,CP2_after_erosion,   1,    0.0000000000E+00,    4.4157226274E+01,    4.4157226274E+01,    0.0000000000E+00,    0.0000000000E+00,    0.0000000000E+00,    4.4157226274E+01
     64000,      0.676927,CP3_after_update_bottom,   1,    0.0000000000E+00,    4.4157226274E+01,    4.4157226274E+01,    0.0000000000E+00,    0.0000000000E+00,    0.0000000000E+00,    4.4157226274E+01
     64000,      0.676927,CP4_after_advection,   1,    0.0000000000E+00,    4.4158324543E+01,    4.4158324543E+01,    0.0000000000E+00,    0.0000000000E+00,    0.0000000000E+00,    4.4158324543E+01
     64000,      0.676927,CP5_after_vdif,   1,    0.0000000000E+00,    4.4158324543E+01,    4.4158324543E+01,    0.0000000000E+00,    0.0000000000E+00,    0.0000000000E+00,    4.4158324543E+01
     64000,      0.676927,CP6_after_kinetics,   1,    0.0000000000E+00,    4.4158324543E+01,    4.4158324543E+01,    0.0000000000E+00,    0.0000000000E+00,    0.0000000000E+00,    4.4158324543E+01
     64000,      0.676927,CP7_after_upper_clamp,   1,    0.0000000000E+00,    4.4158324543E+01,    4.4158324543E+01,    0.0000000000E+00,    0.0000000000E+00,    0.0000000000E+00,    4.4158324543E+01
     64000,      0.676927,CP8_after_OBC,   1,    0.0000000000E+00,    4.4158324543E+01,    4.4158324543E+01,    0.0000000000E+00,    0.0000000000E+00,    0.0000000000E+00,    4.4158324543E+01
     64000,      0.676927,CP9_after_PTsource,   1,    0.0000000000E+00,    4.4158324543E+01,    4.4158324543E+01,    0.0000000000E+00,    0.0000000000E+00,    0.0000000000E+00,    4.4158324543E+01
     64000,      0.676927,CP10_after_neg_clamp,   1,    0.0000000000E+00,    4.4158324543E+01,    4.4158324543E+01,    0.0000000000E+00,    0.0000000000E+00,    0.0000000000E+00,    4.4158324543E+01
     64000,      0.676927,CP11_after_MPI,   1,    0.0000000000E+00,    4.4158324543E+01,    4.4158324543E+01,    0.0000000000E+00,    0.0000000000E+00,    0.0000000000E+00,    4.4158324543E+01
     64000,      0.676927,CP12_end,   1,    0.0000000000E+00,    4.4158324543E+01,    4.4158324543E+01,    0.0000000000E+00,    0.0000000000E+00,    0.0000000000E+00,    4.4158324543E+01
     64050,      0.676927,CP0_start,   1,    0.0000000000E+00,    4.4222063252E+01,    4.4222063252E+01,    0.0000000000E+00,    0.0000000000E+00,    0.0000000000E+00,    4.4222063252E+01
     64050,      0.676927,CP1_after_deposition,   1,    0.0000000000E+00,    4.4222063252E+01,    4.4222063252E+01,    0.0000000000E+00,    0.0000000000E+00,    0.0000000000E+00,    4.4222063252E+01
     64050,      0.676927,CP2_after_erosion,   1,    0.0000000000E+00,    4.4222063252E+01,    4.4222063252E+01,    0.0000000000E+00,    0.0000000000E+00,    0.0000000000E+00,    4.4222063252E+01
     64050,      0.676927,CP3_after_update_bottom,   1,    0.0000000000E+00,    4.4222063252E+01,    4.4222063252E+01,    0.0000000000E+00,    0.0000000000E+00,    0.0000000000E+00,    4.4222063252E+01
     64050,      0.676927,CP4_after_advection,   1,    0.0000000000E+00,    4.4223144883E+01,    4.4223144883E+01,    0.0000000000E+00,    0.0000000000E+00,    0.0000000000E+00,    4.4223144883E+01
     64050,      0.676927,CP5_after_vdif,   1,    0.0000000000E+00,    4.4223144883E+01,    4.4223144883E+01,    0.0000000000E+00,    0.0000000000E+00,    0.0000000000E+00,    4.4223144883E+01
     64050,      0.676927,CP6_after_kinetics,   1,    0.0000000000E+00,    4.4223144883E+01,    4.4223144883E+01,    0.0000000000E+00,    0.0000000000E+00,    0.0000000000E+00,    4.4223144883E+01
     64050,      0.676927,CP7_after_upper_clamp,   1,    0.0000000000E+00,    4.4223144883E+01,    4.4223144883E+01,    0.0000000000E+00,    0.0000000000E+00,    0.0000000000E+00,    4.4223144883E+01
     64050,      0.676927,CP8_after_OBC,   1,    0.0000000000E+00,    4.4223144883E+01,    4.4223144883E+01,    0.0000000000E+00,    0.0000000000E+00,    0.0000000000E+00,    4.4223144883E+01
     64050,      0.676927,CP9_after_PTsource,   1,    0.0000000000E+00,    4.4223144883E+01,    4.4223144883E+01,    0.0000000000E+00,    0.0000000000E+00,    0.0000000000E+00,    4.4223144883E+01
     64050,      0.676927,CP10_after_neg_clamp,   1,    0.0000000000E+00,    4.4223144883E+01,    4.4223144883E+01,    0.0000000000E+00,    0.0000000000E+00,    0.0000000000E+00,    4.4223144883E+01
     64050,      0.676927,CP11_after_MPI,   1,    0.0000000000E+00,    4.4223144883E+01,    4.4223144883E+01,    0.0000000000E+00,    0.0000000000E+00,    0.0000000000E+00,    4.4223144883E+01
     64050,      0.676927,CP12_end,   1,    0.0000000000E+00,    4.4223144883E+01,    4.4223144883E+01,    0.0000000000E+00,    0.0000000000E+00,    0.0000000000E+00,    4.4223144883E+01
     64100,      0.676927,CP0_start,   1,    0.0000000000E+00,    4.4286910026E+01,    4.4286910026E+01,    0.0000000000E+00,    0.0000000000E+00,    0.0000000000E+00,    4.4286910026E+01
     64100,      0.676927,CP1_after_deposition,   1,    0.0000000000E+00,    4.4286910026E+01,    4.4286910026E+01,    0.0000000000E+00,    0.0000000000E+00,    0.0000000000E+00,    4.4286910026E+01
     64100,      0.676927,CP2_after_erosion,   1,    0.0000000000E+00,    4.4286910026E+01,    4.4286910026E+01,    0.0000000000E+00,    0.0000000000E+00,    0.0000000000E+00,    4.4286910026E+01
     64100,      0.676927,CP3_after_update_bottom,   1,    0.0000000000E+00,    4.4286910026E+01,    4.4286910026E+01,    0.0000000000E+00,    0.0000000000E+00,    0.0000000000E+00,    4.4286910026E+01
     64100,      0.676927,CP4_after_advection,   1,    0.0000000000E+00,    4.4287974349E+01,    4.4287974349E+01,    0.0000000000E+00,    0.0000000000E+00,    0.0000000000E+00,    4.4287974349E+01
     64100,      0.676927,CP5_after_vdif,   1,    0.0000000000E+00,    4.4287974349E+01,    4.4287974349E+01,    0.0000000000E+00,    0.0000000000E+00,    0.0000000000E+00,    4.4287974349E+01
     64100,      0.676927,CP6_after_kinetics,   1,    0.0000000000E+00,    4.4287974349E+01,    4.4287974349E+01,    0.0000000000E+00,    0.0000000000E+00,    0.0000000000E+00,    4.4287974349E+01
     64100,      0.676927,CP7_after_upper_clamp,   1,    0.0000000000E+00,    4.4287974349E+01,    4.4287974349E+01,    0.0000000000E+00,    0.0000000000E+00,    0.0000000000E+00,    4.4287974349E+01
     64100,      0.676927,CP8_after_OBC,   1,    0.0000000000E+00,    4.4287974349E+01,    4.4287974349E+01,    0.0000000000E+00,    0.0000000000E+00,    0.0000000000E+00,    4.4287974349E+01
     64100,      0.676927,CP9_after_PTsource,   1,    0.0000000000E+00,    4.4287974349E+01,    4.4287974349E+01,    0.0000000000E+00,    0.0000000000E+00,    0.0000000000E+00,    4.4287974349E+01
     64100,      0.676927,CP10_after_neg_clamp,   1,    0.0000000000E+00,    4.4287974349E+01,    4.4287974349E+01,    0.0000000000E+00,    0.0000000000E+00,    0.0000000000E+00,    4.4287974349E+01
     64100,      0.676927,CP11_after_MPI,   1,    0.0000000000E+00,    4.4287974349E+01,    4.4287974349E+01,    0.0000000000E+00,    0.0000000000E+00,    0.0000000000E+00,    4.4287974349E+01
     64100,      0.676927,CP12_end,   1,    0.0000000000E+00,    4.4287974349E+01,    4.4287974349E+01,    0.0000000000E+00,    0.0000000000E+00,    0.0000000000E+00,    4.4287974349E+01
     64150,      0.676927,CP0_start,   1,    0.0000000000E+00,    4.4351793676E+01,    4.4351793676E+01,    0.0000000000E+00,    0.0000000000E+00,    0.0000000000E+00,    4.4351793676E+01
     64150,      0.676927,CP1_after_deposition,   1,    0.0000000000E+00,    4.4351793676E+01,    4.4351793676E+01,    0.0000000000E+00,    0.0000000000E+00,    0.0000000000E+00,    4.4351793676E+01
     64150,      0.676927,CP2_after_erosion,   1,    0.0000000000E+00,    4.4351793676E+01,    4.4351793676E+01,    0.0000000000E+00,    0.0000000000E+00,    0.0000000000E+00,    4.4351793676E+01
     64150,      0.676927,CP3_after_update_bottom,   1,    0.0000000000E+00,    4.4351793676E+01,    4.4351793676E+01,    0.0000000000E+00,    0.0000000000E+00,    0.0000000000E+00,    4.4351793676E+01
     64150,      0.676927,CP4_after_advection,   1,    0.0000000000E+00,    4.4352840084E+01,    4.4352840084E+01,    0.0000000000E+00,    0.0000000000E+00,    0.0000000000E+00,    4.4352840084E+01
     64150,      0.676927,CP5_after_vdif,   1,    0.0000000000E+00,    4.4352840084E+01,    4.4352840084E+01,    0.0000000000E+00,    0.0000000000E+00,    0.0000000000E+00,    4.4352840084E+01
     64150,      0.676927,CP6_after_kinetics,   1,    0.0000000000E+00,    4.4352840084E+01,    4.4352840084E+01,    0.0000000000E+00,    0.0000000000E+00,    0.0000000000E+00,    4.4352840084E+01
     64150,      0.676927,CP7_after_upper_clamp,   1,    0.0000000000E+00,    4.4352840084E+01,    4.4352840084E+01,    0.0000000000E+00,    0.0000000000E+00,    0.0000000000E+00,    4.4352840084E+01
     64150,      0.676927,CP8_after_OBC,   1,    0.0000000000E+00,    4.4352840084E+01,    4.4352840084E+01,    0.0000000000E+00,    0.0000000000E+00,    0.0000000000E+00,    4.4352840084E+01
     64150,      0.676927,CP9_after_PTsource,   1,    0.0000000000E+00,    4.4352840084E+01,    4.4352840084E+01,    0.0000000000E+00,    0.0000000000E+00,    0.0000000000E+00,    4.4352840084E+01
     64150,      0.676927,CP10_after_neg_clamp,   1,    0.0000000000E+00,    4.4352840084E+01,    4.4352840084E+01,    0.0000000000E+00,    0.0000000000E+00,    0.0000000000E+00,    4.4352840084E+01
     64150,      0.676927,CP11_after_MPI,   1,    0.0000000000E+00,    4.4352840084E+01,    4.4352840084E+01,    0.0000000000E+00,    0.0000000000E+00,    0.0000000000E+00,    4.4352840084E+01
     64150,      0.676927,CP12_end,   1,    0.0000000000E+00,    4.4352840084E+01,    4.4352840084E+01,    0.0000000000E+00,    0.0000000000E+00,    0.0000000000E+00,    4.4352840084E+01
     64200,      0.676927,CP0_start,   1,    0.0000000000E+00,    4.4416688570E+01,    4.4416688570E+01,    0.0000000000E+00,    0.0000000000E+00,    0.0000000000E+00,    4.4416688570E+01
     64200,      0.676927,CP1_after_deposition,   1,    0.0000000000E+00,    4.4416688570E+01,    4.4416688570E+01,    0.0000000000E+00,    0.0000000000E+00,    0.0000000000E+00,    4.4416688570E+01
     64200,      0.676927,CP2_after_erosion,   1,    0.0000000000E+00,    4.4416688570E+01,    4.4416688570E+01,    0.0000000000E+00,    0.0000000000E+00,    0.0000000000E+00,    4.4416688570E+01
     64200,      0.676927,CP3_after_update_bottom,   1,    0.0000000000E+00,    4.4416688570E+01,    4.4416688570E+01,    0.0000000000E+00,    0.0000000000E+00,    0.0000000000E+00,    4.4416688570E+01
     64200,      0.676927,CP4_after_advection,   1,    0.0000000000E+00,    4.4417716633E+01,    4.4417716633E+01,    0.0000000000E+00,    0.0000000000E+00,    0.0000000000E+00,    4.4417716633E+01
     64200,      0.676927,CP5_after_vdif,   1,    0.0000000000E+00,    4.4417716633E+01,    4.4417716633E+01,    0.0000000000E+00,    0.0000000000E+00,    0.0000000000E+00,    4.4417716633E+01
     64200,      0.676927,CP6_after_kinetics,   1,    0.0000000000E+00,    4.4417716633E+01,    4.4417716633E+01,    0.0000000000E+00,    0.0000000000E+00,    0.0000000000E+00,    4.4417716633E+01
     64200,      0.676927,CP7_after_upper_clamp,   1,    0.0000000000E+00,    4.4417716633E+01,    4.4417716633E+01,    0.0000000000E+00,    0.0000000000E+00,    0.0000000000E+00,    4.4417716633E+01
     64200,      0.676927,CP8_after_OBC,   1,    0.0000000000E+00,    4.4417716633E+01,    4.4417716633E+01,    0.0000000000E+00,    0.0000000000E+00,    0.0000000000E+00,    4.4417716633E+01
     64200,      0.676927,CP9_after_PTsource,   1,    0.0000000000E+00,    4.4417716633E+01,    4.4417716633E+01,    0.0000000000E+00,    0.0000000000E+00,    0.0000000000E+00,    4.4417716633E+01
     64200,      0.676927,CP10_after_neg_clamp,   1,    0.0000000000E+00,    4.4417716633E+01,    4.4417716633E+01,    0.0000000000E+00,    0.0000000000E+00,    0.0000000000E+00,    4.4417716633E+01
     64200,      0.676927,CP11_after_MPI,   1,    0.0000000000E+00,    4.4417716633E+01,    4.4417716633E+01,    0.0000000000E+00,    0.0000000000E+00,    0.0000000000E+00,    4.4417716633E+01
     64200,      0.676927,CP12_end,   1,    0.0000000000E+00,    4.4417716633E+01,    4.4417716633E+01,    0.0000000000E+00,    0.0000000000E+00,    0.0000000000E+00,    4.4417716633E+01
     64250,      0.676927,CP0_start,   1,    0.0000000000E+00,    4.4481579596E+01,    4.4481579596E+01,    0.0000000000E+00,    0.0000000000E+00,    0.0000000000E+00,    4.4481579596E+01
     64250,      0.676927,CP1_after_deposition,   1,    0.0000000000E+00,    4.4481579596E+01,    4.4481579596E+01,    0.0000000000E+00,    0.0000000000E+00,    0.0000000000E+00,    4.4481579596E+01
     64250,      0.676927,CP2_after_erosion,   1,    0.0000000000E+00,    4.4481579596E+01,    4.4481579596E+01,    0.0000000000E+00,    0.0000000000E+00,    0.0000000000E+00,    4.4481579596E+01
     64250,      0.676927,CP3_after_update_bottom,   1,    0.0000000000E+00,    4.4481579596E+01,    4.4481579596E+01,    0.0000000000E+00,    0.0000000000E+00,    0.0000000000E+00,    4.4481579596E+01
     64250,      0.676927,CP4_after_advection,   1,    0.0000000000E+00,    4.4482588805E+01,    4.4482588805E+01,    0.0000000000E+00,    0.0000000000E+00,    0.0000000000E+00,    4.4482588805E+01
     64250,      0.676927,CP5_after_vdif,   1,    0.0000000000E+00,    4.4482588805E+01,    4.4482588805E+01,    0.0000000000E+00,    0.0000000000E+00,    0.0000000000E+00,    4.4482588805E+01
     64250,      0.676927,CP6_after_kinetics,   1,    0.0000000000E+00,    4.4482588805E+01,    4.4482588805E+01,    0.0000000000E+00,    0.0000000000E+00,    0.0000000000E+00,    4.4482588805E+01
     64250,      0.676927,CP7_after_upper_clamp,   1,    0.0000000000E+00,    4.4482588805E+01,    4.4482588805E+01,    0.0000000000E+00,    0.0000000000E+00,    0.0000000000E+00,    4.4482588805E+01
     64250,      0.676927,CP8_after_OBC,   1,    0.0000000000E+00,    4.4482588805E+01,    4.4482588805E+01,    0.0000000000E+00,    0.0000000000E+00,    0.0000000000E+00,    4.4482588805E+01
     64250,      0.676927,CP9_after_PTsource,   1,    0.0000000000E+00,    4.4482588805E+01,    4.4482588805E+01,    0.0000000000E+00,    0.0000000000E+00,    0.0000000000E+00,    4.4482588805E+01
     64250,      0.676927,CP10_after_neg_clamp,   1,    0.0000000000E+00,    4.4482588805E+01,    4.4482588805E+01,    0.0000000000E+00,    0.0000000000E+00,    0.0000000000E+00,    4.4482588805E+01
     64250,      0.676927,CP11_after_MPI,   1,    0.0000000000E+00,    4.4482588805E+01,    4.4482588805E+01,    0.0000000000E+00,    0.0000000000E+00,    0.0000000000E+00,    4.4482588805E+01
     64250,      0.676927,CP12_end,   1,    0.0000000000E+00,    4.4482588805E+01,    4.4482588805E+01,    0.0000000000E+00,    0.0000000000E+00,    0.0000000000E+00,    4.4482588805E+01
     64300,      0.676927,CP0_start,   1,    0.0000000000E+00,    4.4546466245E+01,    4.4546466245E+01,    0.0000000000E+00,    0.0000000000E+00,    0.0000000000E+00,    4.4546466245E+01
     64300,      0.676927,CP1_after_deposition,   1,    0.0000000000E+00,    4.4546466245E+01,    4.4546466245E+01,    0.0000000000E+00,    0.0000000000E+00,    0.0000000000E+00,    4.4546466245E+01
     64300,      0.676927,CP2_after_erosion,   1,    0.0000000000E+00,    4.4546466245E+01,    4.4546466245E+01,    0.0000000000E+00,    0.0000000000E+00,    0.0000000000E+00,    4.4546466245E+01
     64300,      0.676927,CP3_after_update_bottom,   1,    0.0000000000E+00,    4.4546466245E+01,    4.4546466245E+01,    0.0000000000E+00,    0.0000000000E+00,    0.0000000000E+00,    4.4546466245E+01
     64300,      0.676927,CP4_after_advection,   1,    0.0000000000E+00,    4.4547456234E+01,    4.4547456234E+01,    0.0000000000E+00,    0.0000000000E+00,    0.0000000000E+00,    4.4547456234E+01
     64300,      0.676927,CP5_after_vdif,   1,    0.0000000000E+00,    4.4547456234E+01,    4.4547456234E+01,    0.0000000000E+00,    0.0000000000E+00,    0.0000000000E+00,    4.4547456234E+01
     64300,      0.676927,CP6_after_kinetics,   1,    0.0000000000E+00,    4.4547456234E+01,    4.4547456234E+01,    0.0000000000E+00,    0.0000000000E+00,    0.0000000000E+00,    4.4547456234E+01
     64300,      0.676927,CP7_after_upper_clamp,   1,    0.0000000000E+00,    4.4547456234E+01,    4.4547456234E+01,    0.0000000000E+00,    0.0000000000E+00,    0.0000000000E+00,    4.4547456234E+01
     64300,      0.676927,CP8_after_OBC,   1,    0.0000000000E+00,    4.4547456234E+01,    4.4547456234E+01,    0.0000000000E+00,    0.0000000000E+00,    0.0000000000E+00,    4.4547456234E+01
     64300,      0.676927,CP9_after_PTsource,   1,    0.0000000000E+00,    4.4547456234E+01,    4.4547456234E+01,    0.0000000000E+00,    0.0000000000E+00,    0.0000000000E+00,    4.4547456234E+01
     64300,      0.676927,CP10_after_neg_clamp,   1,    0.0000000000E+00,    4.4547456234E+01,    4.4547456234E+01,    0.0000000000E+00,    0.0000000000E+00,    0.0000000000E+00,    4.4547456234E+01
     64300,      0.676927,CP11_after_MPI,   1,    0.0000000000E+00,    4.4547456234E+01,    4.4547456234E+01,    0.0000000000E+00,    0.0000000000E+00,    0.0000000000E+00,    4.4547456234E+01
     64300,      0.676927,CP12_end,   1,    0.0000000000E+00,    4.4547456234E+01,    4.4547456234E+01,    0.0000000000E+00,    0.0000000000E+00,    0.0000000000E+00,    4.4547456234E+01
     64350,      0.676927,CP0_start,   1,    0.0000000000E+00,    4.4611384575E+01,    4.4611384575E+01,    0.0000000000E+00,    0.0000000000E+00,    0.0000000000E+00,    4.4611384575E+01
     64350,      0.676927,CP1_after_deposition,   1,    0.0000000000E+00,    4.4611384575E+01,    4.4611384575E+01,    0.0000000000E+00,    0.0000000000E+00,    0.0000000000E+00,    4.4611384575E+01
     64350,      0.676927,CP2_after_erosion,   1,    0.0000000000E+00,    4.4611384575E+01,    4.4611384575E+01,    0.0000000000E+00,    0.0000000000E+00,    0.0000000000E+00,    4.4611384575E+01
     64350,      0.676927,CP3_after_update_bottom,   1,    0.0000000000E+00,    4.4611384575E+01,    4.4611384575E+01,    0.0000000000E+00,    0.0000000000E+00,    0.0000000000E+00,    4.4611384575E+01
     64350,      0.676927,CP4_after_advection,   1,    0.0000000000E+00,    4.4612354921E+01,    4.4612354921E+01,    0.0000000000E+00,    0.0000000000E+00,    0.0000000000E+00,    4.4612354921E+01
     64350,      0.676927,CP5_after_vdif,   1,    0.0000000000E+00,    4.4612354921E+01,    4.4612354921E+01,    0.0000000000E+00,    0.0000000000E+00,    0.0000000000E+00,    4.4612354921E+01
     64350,      0.676927,CP6_after_kinetics,   1,    0.0000000000E+00,    4.4612354921E+01,    4.4612354921E+01,    0.0000000000E+00,    0.0000000000E+00,    0.0000000000E+00,    4.4612354921E+01
     64350,      0.676927,CP7_after_upper_clamp,   1,    0.0000000000E+00,    4.4612354921E+01,    4.4612354921E+01,    0.0000000000E+00,    0.0000000000E+00,    0.0000000000E+00,    4.4612354921E+01
     64350,      0.676927,CP8_after_OBC,   1,    0.0000000000E+00,    4.4612354921E+01,    4.4612354921E+01,    0.0000000000E+00,    0.0000000000E+00,    0.0000000000E+00,    4.4612354921E+01
     64350,      0.676927,CP9_after_PTsource,   1,    0.0000000000E+00,    4.4612354921E+01,    4.4612354921E+01,    0.0000000000E+00,    0.0000000000E+00,    0.0000000000E+00,    4.4612354921E+01
     64350,      0.676927,CP10_after_neg_clamp,   1,    0.0000000000E+00,    4.4612354921E+01,    4.4612354921E+01,    0.0000000000E+00,    0.0000000000E+00,    0.0000000000E+00,    4.4612354921E+01
     64350,      0.676927,CP11_after_MPI,   1,    0.0000000000E+00,    4.4612354921E+01,    4.4612354921E+01,    0.0000000000E+00,    0.0000000000E+00,    0.0000000000E+00,    4.4612354921E+01
     64350,      0.676927,CP12_end,   1,    0.0000000000E+00,    4.4612354921E+01,    4.4612354921E+01,    0.0000000000E+00,    0.0000000000E+00,    0.0000000000E+00,    4.4612354921E+01
     64400,      0.676927,CP0_start,   1,    0.0000000000E+00,    4.4676310500E+01,    4.4676310500E+01,    0.0000000000E+00,    0.0000000000E+00,    0.0000000000E+00,    4.4676310500E+01
     64400,      0.676927,CP1_after_deposition,   1,    0.0000000000E+00,    4.4676310500E+01,    4.4676310500E+01,    0.0000000000E+00,    0.0000000000E+00,    0.0000000000E+00,    4.4676310500E+01
     64400,      0.676927,CP2_after_erosion,   1,    0.0000000000E+00,    4.4676310500E+01,    4.4676310500E+01,    0.0000000000E+00,    0.0000000000E+00,    0.0000000000E+00,    4.4676310500E+01
     64400,      0.676927,CP3_after_update_bottom,   1,    0.0000000000E+00,    4.4676310500E+01,    4.4676310500E+01,    0.0000000000E+00,    0.0000000000E+00,    0.0000000000E+00,    4.4676310500E+01
     64400,      0.676927,CP4_after_advection,   1,    0.0000000000E+00,    4.4677260317E+01,    4.4677260317E+01,    0.0000000000E+00,    0.0000000000E+00,    0.0000000000E+00,    4.4677260317E+01
     64400,      0.676927,CP5_after_vdif,   1,    0.0000000000E+00,    4.4677260317E+01,    4.4677260317E+01,    0.0000000000E+00,    0.0000000000E+00,    0.0000000000E+00,    4.4677260317E+01
     64400,      0.676927,CP6_after_kinetics,   1,    0.0000000000E+00,    4.4677260317E+01,    4.4677260317E+01,    0.0000000000E+00,    0.0000000000E+00,    0.0000000000E+00,    4.4677260317E+01
     64400,      0.676927,CP7_after_upper_clamp,   1,    0.0000000000E+00,    4.4677260317E+01,    4.4677260317E+01,    0.0000000000E+00,    0.0000000000E+00,    0.0000000000E+00,    4.4677260317E+01
     64400,      0.676927,CP8_after_OBC,   1,    0.0000000000E+00,    4.4677260317E+01,    4.4677260317E+01,    0.0000000000E+00,    0.0000000000E+00,    0.0000000000E+00,    4.4677260317E+01
     64400,      0.676927,CP9_after_PTsource,   1,    0.0000000000E+00,    4.4677260317E+01,    4.4677260317E+01,    0.0000000000E+00,    0.0000000000E+00,    0.0000000000E+00,    4.4677260317E+01
     64400,      0.676927,CP10_after_neg_clamp,   1,    0.0000000000E+00,    4.4677260317E+01,    4.4677260317E+01,    0.0000000000E+00,    0.0000000000E+00,    0.0000000000E+00,    4.4677260317E+01
     64400,      0.676927,CP11_after_MPI,   1,    0.0000000000E+00,    4.4677260317E+01,    4.4677260317E+01,    0.0000000000E+00,    0.0000000000E+00,    0.0000000000E+00,    4.4677260317E+01
     64400,      0.676927,CP12_end,   1,    0.0000000000E+00,    4.4677260317E+01,    4.4677260317E+01,    0.0000000000E+00,    0.0000000000E+00,    0.0000000000E+00,    4.4677260317E+01
     64450,      0.676927,CP0_start,   1,    0.0000000000E+00,    4.4741248877E+01,    4.4741248877E+01,    0.0000000000E+00,    0.0000000000E+00,    0.0000000000E+00,    4.4741248877E+01
     64450,      0.676927,CP1_after_deposition,   1,    0.0000000000E+00,    4.4741248877E+01,    4.4741248877E+01,    0.0000000000E+00,    0.0000000000E+00,    0.0000000000E+00,    4.4741248877E+01
     64450,      0.676927,CP2_after_erosion,   1,    0.0000000000E+00,    4.4741248877E+01,    4.4741248877E+01,    0.0000000000E+00,    0.0000000000E+00,    0.0000000000E+00,    4.4741248877E+01
     64450,      0.676927,CP3_after_update_bottom,   1,    0.0000000000E+00,    4.4741248877E+01,    4.4741248877E+01,    0.0000000000E+00,    0.0000000000E+00,    0.0000000000E+00,    4.4741248877E+01
     64450,      0.676927,CP4_after_advection,   1,    0.0000000000E+00,    4.4742175664E+01,    4.4742175664E+01,    0.0000000000E+00,    0.0000000000E+00,    0.0000000000E+00,    4.4742175664E+01
     64450,      0.676927,CP5_after_vdif,   1,    0.0000000000E+00,    4.4742175664E+01,    4.4742175664E+01,    0.0000000000E+00,    0.0000000000E+00,    0.0000000000E+00,    4.4742175664E+01
     64450,      0.676927,CP6_after_kinetics,   1,    0.0000000000E+00,    4.4742175664E+01,    4.4742175664E+01,    0.0000000000E+00,    0.0000000000E+00,    0.0000000000E+00,    4.4742175664E+01
     64450,      0.676927,CP7_after_upper_clamp,   1,    0.0000000000E+00,    4.4742175664E+01,    4.4742175664E+01,    0.0000000000E+00,    0.0000000000E+00,    0.0000000000E+00,    4.4742175664E+01
     64450,      0.676927,CP8_after_OBC,   1,    0.0000000000E+00,    4.4742175664E+01,    4.4742175664E+01,    0.0000000000E+00,    0.0000000000E+00,    0.0000000000E+00,    4.4742175664E+01
     64450,      0.676927,CP9_after_PTsource,   1,    0.0000000000E+00,    4.4742175664E+01,    4.4742175664E+01,    0.0000000000E+00,    0.0000000000E+00,    0.0000000000E+00,    4.4742175664E+01
     64450,      0.676927,CP10_after_neg_clamp,   1,    0.0000000000E+00,    4.4742175664E+01,    4.4742175664E+01,    0.0000000000E+00,    0.0000000000E+00,    0.0000000000E+00,    4.4742175664E+01
     64450,      0.676927,CP11_after_MPI,   1,    0.0000000000E+00,    4.4742175664E+01,    4.4742175664E+01,    0.0000000000E+00,    0.0000000000E+00,    0.0000000000E+00,    4.4742175664E+01
     64450,      0.676927,CP12_end,   1,    0.0000000000E+00,    4.4742175664E+01,    4.4742175664E+01,    0.0000000000E+00,    0.0000000000E+00,    0.0000000000E+00,    4.4742175664E+01
     64500,      0.676927,CP0_start,   1,    0.0000000000E+00,    4.4806198118E+01,    4.4806198118E+01,    0.0000000000E+00,    0.0000000000E+00,    0.0000000000E+00,    4.4806198118E+01
     64500,      0.676927,CP1_after_deposition,   1,    0.0000000000E+00,    4.4806198118E+01,    4.4806198118E+01,    0.0000000000E+00,    0.0000000000E+00,    0.0000000000E+00,    4.4806198118E+01
     64500,      0.676927,CP2_after_erosion,   1,    0.0000000000E+00,    4.4806198118E+01,    4.4806198118E+01,    0.0000000000E+00,    0.0000000000E+00,    0.0000000000E+00,    4.4806198118E+01
     64500,      0.676927,CP3_after_update_bottom,   1,    0.0000000000E+00,    4.4806198118E+01,    4.4806198118E+01,    0.0000000000E+00,    0.0000000000E+00,    0.0000000000E+00,    4.4806198118E+01
     64500,      0.676927,CP4_after_advection,   1,    0.0000000000E+00,    4.4807101694E+01,    4.4807101694E+01,    0.0000000000E+00,    0.0000000000E+00,    0.0000000000E+00,    4.4807101694E+01
     64500,      0.676927,CP5_after_vdif,   1,    0.0000000000E+00,    4.4807101694E+01,    4.4807101694E+01,    0.0000000000E+00,    0.0000000000E+00,    0.0000000000E+00,    4.4807101694E+01
     64500,      0.676927,CP6_after_kinetics,   1,    0.0000000000E+00,    4.4807101694E+01,    4.4807101694E+01,    0.0000000000E+00,    0.0000000000E+00,    0.0000000000E+00,    4.4807101694E+01
     64500,      0.676927,CP7_after_upper_clamp,   1,    0.0000000000E+00,    4.4807101694E+01,    4.4807101694E+01,    0.0000000000E+00,    0.0000000000E+00,    0.0000000000E+00,    4.4807101694E+01
     64500,      0.676927,CP8_after_OBC,   1,    0.0000000000E+00,    4.4807101694E+01,    4.4807101694E+01,    0.0000000000E+00,    0.0000000000E+00,    0.0000000000E+00,    4.4807101694E+01
     64500,      0.676927,CP9_after_PTsource,   1,    0.0000000000E+00,    4.4807101694E+01,    4.4807101694E+01,    0.0000000000E+00,    0.0000000000E+00,    0.0000000000E+00,    4.4807101694E+01
     64500,      0.676927,CP10_after_neg_clamp,   1,    0.0000000000E+00,    4.4807101694E+01,    4.4807101694E+01,    0.0000000000E+00,    0.0000000000E+00,    0.0000000000E+00,    4.4807101694E+01
     64500,      0.676927,CP11_after_MPI,   1,    0.0000000000E+00,    4.4807101694E+01,    4.4807101694E+01,    0.0000000000E+00,    0.0000000000E+00,    0.0000000000E+00,    4.4807101694E+01
     64500,      0.676927,CP12_end,   1,    0.0000000000E+00,    4.4807101694E+01,    4.4807101694E+01,    0.0000000000E+00,    0.0000000000E+00,    0.0000000000E+00,    4.4807101694E+01
     64550,      0.676927,CP0_start,   1,    0.0000000000E+00,    4.4871145245E+01,    4.4871145245E+01,    0.0000000000E+00,    0.0000000000E+00,    0.0000000000E+00,    4.4871145245E+01
     64550,      0.676927,CP1_after_deposition,   1,    0.0000000000E+00,    4.4871145245E+01,    4.4871145245E+01,    0.0000000000E+00,    0.0000000000E+00,    0.0000000000E+00,    4.4871145245E+01
     64550,      0.676927,CP2_after_erosion,   1,    0.0000000000E+00,    4.4871145245E+01,    4.4871145245E+01,    0.0000000000E+00,    0.0000000000E+00,    0.0000000000E+00,    4.4871145245E+01
     64550,      0.676927,CP3_after_update_bottom,   1,    0.0000000000E+00,    4.4871145245E+01,    4.4871145245E+01,    0.0000000000E+00,    0.0000000000E+00,    0.0000000000E+00,    4.4871145245E+01
     64550,      0.676927,CP4_after_advection,   1,    0.0000000000E+00,    4.4872025761E+01,    4.4872025761E+01,    0.0000000000E+00,    0.0000000000E+00,    0.0000000000E+00,    4.4872025761E+01
     64550,      0.676927,CP5_after_vdif,   1,    0.0000000000E+00,    4.4872025761E+01,    4.4872025761E+01,    0.0000000000E+00,    0.0000000000E+00,    0.0000000000E+00,    4.4872025761E+01
     64550,      0.676927,CP6_after_kinetics,   1,    0.0000000000E+00,    4.4872025761E+01,    4.4872025761E+01,    0.0000000000E+00,    0.0000000000E+00,    0.0000000000E+00,    4.4872025761E+01
     64550,      0.676927,CP7_after_upper_clamp,   1,    0.0000000000E+00,    4.4872025761E+01,    4.4872025761E+01,    0.0000000000E+00,    0.0000000000E+00,    0.0000000000E+00,    4.4872025761E+01
     64550,      0.676927,CP8_after_OBC,   1,    0.0000000000E+00,    4.4872025761E+01,    4.4872025761E+01,    0.0000000000E+00,    0.0000000000E+00,    0.0000000000E+00,    4.4872025761E+01
     64550,      0.676927,CP9_after_PTsource,   1,    0.0000000000E+00,    4.4872025761E+01,    4.4872025761E+01,    0.0000000000E+00,    0.0000000000E+00,    0.0000000000E+00,    4.4872025761E+01
     64550,      0.676927,CP10_after_neg_clamp,   1,    0.0000000000E+00,    4.4872025761E+01,    4.4872025761E+01,    0.0000000000E+00,    0.0000000000E+00,    0.0000000000E+00,    4.4872025761E+01
     64550,      0.676927,CP11_after_MPI,   1,    0.0000000000E+00,    4.4872025761E+01,    4.4872025761E+01,    0.0000000000E+00,    0.0000000000E+00,    0.0000000000E+00,    4.4872025761E+01
     64550,      0.676927,CP12_end,   1,    0.0000000000E+00,    4.4872025761E+01,    4.4872025761E+01,    0.0000000000E+00,    0.0000000000E+00,    0.0000000000E+00,    4.4872025761E+01
     64600,      0.676927,CP0_start,   1,    0.0000000000E+00,    4.4936094912E+01,    4.4936094912E+01,    0.0000000000E+00,    0.0000000000E+00,    0.0000000000E+00,    4.4936094912E+01
     64600,      0.676927,CP1_after_deposition,   1,    0.0000000000E+00,    4.4936094912E+01,    4.4936094912E+01,    0.0000000000E+00,    0.0000000000E+00,    0.0000000000E+00,    4.4936094912E+01
     64600,      0.676927,CP2_after_erosion,   1,    0.0000000000E+00,    4.4936094912E+01,    4.4936094912E+01,    0.0000000000E+00,    0.0000000000E+00,    0.0000000000E+00,    4.4936094912E+01
     64600,      0.676927,CP3_after_update_bottom,   1,    0.0000000000E+00,    4.4936094912E+01,    4.4936094912E+01,    0.0000000000E+00,    0.0000000000E+00,    0.0000000000E+00,    4.4936094912E+01
     64600,      0.676927,CP4_after_advection,   1,    0.0000000000E+00,    4.4936951617E+01,    4.4936951617E+01,    0.0000000000E+00,    0.0000000000E+00,    0.0000000000E+00,    4.4936951617E+01
     64600,      0.676927,CP5_after_vdif,   1,    0.0000000000E+00,    4.4936951617E+01,    4.4936951617E+01,    0.0000000000E+00,    0.0000000000E+00,    0.0000000000E+00,    4.4936951617E+01
     64600,      0.676927,CP6_after_kinetics,   1,    0.0000000000E+00,    4.4936951617E+01,    4.4936951617E+01,    0.0000000000E+00,    0.0000000000E+00,    0.0000000000E+00,    4.4936951617E+01
     64600,      0.676927,CP7_after_upper_clamp,   1,    0.0000000000E+00,    4.4936951617E+01,    4.4936951617E+01,    0.0000000000E+00,    0.0000000000E+00,    0.0000000000E+00,    4.4936951617E+01
     64600,      0.676927,CP8_after_OBC,   1,    0.0000000000E+00,    4.4936951617E+01,    4.4936951617E+01,    0.0000000000E+00,    0.0000000000E+00,    0.0000000000E+00,    4.4936951617E+01
     64600,      0.676927,CP9_after_PTsource,   1,    0.0000000000E+00,    4.4936951617E+01,    4.4936951617E+01,    0.0000000000E+00,    0.0000000000E+00,    0.0000000000E+00,    4.4936951617E+01
     64600,      0.676927,CP10_after_neg_clamp,   1,    0.0000000000E+00,    4.4936951617E+01,    4.4936951617E+01,    0.0000000000E+00,    0.0000000000E+00,    0.0000000000E+00,    4.4936951617E+01
     64600,      0.676927,CP11_after_MPI,   1,    0.0000000000E+00,    4.4936951617E+01,    4.4936951617E+01,    0.0000000000E+00,    0.0000000000E+00,    0.0000000000E+00,    4.4936951617E+01
     64600,      0.676927,CP12_end,   1,    0.0000000000E+00,    4.4936951617E+01,    4.4936951617E+01,    0.0000000000E+00,    0.0000000000E+00,    0.0000000000E+00,    4.4936951617E+01
     64650,      0.676927,CP0_start,   1,    0.0000000000E+00,    4.5001052282E+01,    4.5001052282E+01,    0.0000000000E+00,    0.0000000000E+00,    0.0000000000E+00,    4.5001052282E+01
     64650,      0.676927,CP1_after_deposition,   1,    0.0000000000E+00,    4.5001052282E+01,    4.5001052282E+01,    0.0000000000E+00,    0.0000000000E+00,    0.0000000000E+00,    4.5001052282E+01
     64650,      0.676927,CP2_after_erosion,   1,    0.0000000000E+00,    4.5001052282E+01,    4.5001052282E+01,    0.0000000000E+00,    0.0000000000E+00,    0.0000000000E+00,    4.5001052282E+01
     64650,      0.676927,CP3_after_update_bottom,   1,    0.0000000000E+00,    4.5001052282E+01,    4.5001052282E+01,    0.0000000000E+00,    0.0000000000E+00,    0.0000000000E+00,    4.5001052282E+01
     64650,      0.676927,CP4_after_advection,   1,    0.0000000000E+00,    4.5001882472E+01,    4.5001882472E+01,    0.0000000000E+00,    0.0000000000E+00,    0.0000000000E+00,    4.5001882472E+01
     64650,      0.676927,CP5_after_vdif,   1,    0.0000000000E+00,    4.5001882472E+01,    4.5001882472E+01,    0.0000000000E+00,    0.0000000000E+00,    0.0000000000E+00,    4.5001882472E+01
     64650,      0.676927,CP6_after_kinetics,   1,    0.0000000000E+00,    4.5001882472E+01,    4.5001882472E+01,    0.0000000000E+00,    0.0000000000E+00,    0.0000000000E+00,    4.5001882472E+01
     64650,      0.676927,CP7_after_upper_clamp,   1,    0.0000000000E+00,    4.5001882472E+01,    4.5001882472E+01,    0.0000000000E+00,    0.0000000000E+00,    0.0000000000E+00,    4.5001882472E+01
     64650,      0.676927,CP8_after_OBC,   1,    0.0000000000E+00,    4.5001882472E+01,    4.5001882472E+01,    0.0000000000E+00,    0.0000000000E+00,    0.0000000000E+00,    4.5001882472E+01
     64650,      0.676927,CP9_after_PTsource,   1,    0.0000000000E+00,    4.5001882472E+01,    4.5001882472E+01,    0.0000000000E+00,    0.0000000000E+00,    0.0000000000E+00,    4.5001882472E+01
     64650,      0.676927,CP10_after_neg_clamp,   1,    0.0000000000E+00,    4.5001882472E+01,    4.5001882472E+01,    0.0000000000E+00,    0.0000000000E+00,    0.0000000000E+00,    4.5001882472E+01
     64650,      0.676927,CP11_after_MPI,   1,    0.0000000000E+00,    4.5001882472E+01,    4.5001882472E+01,    0.0000000000E+00,    0.0000000000E+00,    0.0000000000E+00,    4.5001882472E+01
     64650,      0.676927,CP12_end,   1,    0.0000000000E+00,    4.5001882472E+01,    4.5001882472E+01,    0.0000000000E+00,    0.0000000000E+00,    0.0000000000E+00,    4.5001882472E+01
     64700,      0.676927,CP0_start,   1,    0.0000000000E+00,    4.5066013727E+01,    4.5066013727E+01,    0.0000000000E+00,    0.0000000000E+00,    0.0000000000E+00,    4.5066013727E+01
     64700,      0.676927,CP1_after_deposition,   1,    0.0000000000E+00,    4.5066013727E+01,    4.5066013727E+01,    0.0000000000E+00,    0.0000000000E+00,    0.0000000000E+00,    4.5066013727E+01
     64700,      0.676927,CP2_after_erosion,   1,    0.0000000000E+00,    4.5066013727E+01,    4.5066013727E+01,    0.0000000000E+00,    0.0000000000E+00,    0.0000000000E+00,    4.5066013727E+01
     64700,      0.676927,CP3_after_update_bottom,   1,    0.0000000000E+00,    4.5066013727E+01,    4.5066013727E+01,    0.0000000000E+00,    0.0000000000E+00,    0.0000000000E+00,    4.5066013727E+01
     64700,      0.676927,CP4_after_advection,   1,    0.0000000000E+00,    4.5066817501E+01,    4.5066817501E+01,    0.0000000000E+00,    0.0000000000E+00,    0.0000000000E+00,    4.5066817501E+01
     64700,      0.676927,CP5_after_vdif,   1,    0.0000000000E+00,    4.5066817501E+01,    4.5066817501E+01,    0.0000000000E+00,    0.0000000000E+00,    0.0000000000E+00,    4.5066817501E+01
     64700,      0.676927,CP6_after_kinetics,   1,    0.0000000000E+00,    4.5066817501E+01,    4.5066817501E+01,    0.0000000000E+00,    0.0000000000E+00,    0.0000000000E+00,    4.5066817501E+01
     64700,      0.676927,CP7_after_upper_clamp,   1,    0.0000000000E+00,    4.5066817501E+01,    4.5066817501E+01,    0.0000000000E+00,    0.0000000000E+00,    0.0000000000E+00,    4.5066817501E+01
     64700,      0.676927,CP8_after_OBC,   1,    0.0000000000E+00,    4.5066817501E+01,    4.5066817501E+01,    0.0000000000E+00,    0.0000000000E+00,    0.0000000000E+00,    4.5066817501E+01
     64700,      0.676927,CP9_after_PTsource,   1,    0.0000000000E+00,    4.5066817501E+01,    4.5066817501E+01,    0.0000000000E+00,    0.0000000000E+00,    0.0000000000E+00,    4.5066817501E+01
     64700,      0.676927,CP10_after_neg_clamp,   1,    0.0000000000E+00,    4.5066817501E+01,    4.5066817501E+01,    0.0000000000E+00,    0.0000000000E+00,    0.0000000000E+00,    4.5066817501E+01
     64700,      0.676927,CP11_after_MPI,   1,    0.0000000000E+00,    4.5066817501E+01,    4.5066817501E+01,    0.0000000000E+00,    0.0000000000E+00,    0.0000000000E+00,    4.5066817501E+01
     64700,      0.676927,CP12_end,   1,    0.0000000000E+00,    4.5066817501E+01,    4.5066817501E+01,    0.0000000000E+00,    0.0000000000E+00,    0.0000000000E+00,    4.5066817501E+01
     64750,      0.676927,CP0_start,   1,    0.0000000000E+00,    4.5130966939E+01,    4.5130966939E+01,    0.0000000000E+00,    0.0000000000E+00,    0.0000000000E+00,    4.5130966939E+01
     64750,      0.676927,CP1_after_deposition,   1,    0.0000000000E+00,    4.5130966939E+01,    4.5130966939E+01,    0.0000000000E+00,    0.0000000000E+00,    0.0000000000E+00,    4.5130966939E+01
     64750,      0.676927,CP2_after_erosion,   1,    0.0000000000E+00,    4.5130966939E+01,    4.5130966939E+01,    0.0000000000E+00,    0.0000000000E+00,    0.0000000000E+00,    4.5130966939E+01
     64750,      0.676927,CP3_after_update_bottom,   1,    0.0000000000E+00,    4.5130966939E+01,    4.5130966939E+01,    0.0000000000E+00,    0.0000000000E+00,    0.0000000000E+00,    4.5130966939E+01
     64750,      0.676927,CP4_after_advection,   1,    0.0000000000E+00,    4.5131742405E+01,    4.5131742405E+01,    0.0000000000E+00,    0.0000000000E+00,    0.0000000000E+00,    4.5131742405E+01
     64750,      0.676927,CP5_after_vdif,   1,    0.0000000000E+00,    4.5131742405E+01,    4.5131742405E+01,    0.0000000000E+00,    0.0000000000E+00,    0.0000000000E+00,    4.5131742405E+01
     64750,      0.676927,CP6_after_kinetics,   1,    0.0000000000E+00,    4.5131742405E+01,    4.5131742405E+01,    0.0000000000E+00,    0.0000000000E+00,    0.0000000000E+00,    4.5131742405E+01
     64750,      0.676927,CP7_after_upper_clamp,   1,    0.0000000000E+00,    4.5131742405E+01,    4.5131742405E+01,    0.0000000000E+00,    0.0000000000E+00,    0.0000000000E+00,    4.5131742405E+01
     64750,      0.676927,CP8_after_OBC,   1,    0.0000000000E+00,    4.5131742405E+01,    4.5131742405E+01,    0.0000000000E+00,    0.0000000000E+00,    0.0000000000E+00,    4.5131742405E+01
     64750,      0.676927,CP9_after_PTsource,   1,    0.0000000000E+00,    4.5131742405E+01,    4.5131742405E+01,    0.0000000000E+00,    0.0000000000E+00,    0.0000000000E+00,    4.5131742405E+01
     64750,      0.676927,CP10_after_neg_clamp,   1,    0.0000000000E+00,    4.5131742405E+01,    4.5131742405E+01,    0.0000000000E+00,    0.0000000000E+00,    0.0000000000E+00,    4.5131742405E+01
     64750,      0.676927,CP11_after_MPI,   1,    0.0000000000E+00,    4.5131742405E+01,    4.5131742405E+01,    0.0000000000E+00,    0.0000000000E+00,    0.0000000000E+00,    4.5131742405E+01
     64750,      0.676927,CP12_end,   1,    0.0000000000E+00,    4.5131742405E+01,    4.5131742405E+01,    0.0000000000E+00,    0.0000000000E+00,    0.0000000000E+00,    4.5131742405E+01
     64800,      0.676927,CP0_start,   1,    0.0000000000E+00,    4.5195894986E+01,    4.5195894986E+01,    0.0000000000E+00,    0.0000000000E+00,    0.0000000000E+00,    4.5195894986E+01
     64800,      0.676927,CP1_after_deposition,   1,    0.0000000000E+00,    4.5195894986E+01,    4.5195894986E+01,    0.0000000000E+00,    0.0000000000E+00,    0.0000000000E+00,    4.5195894986E+01
     64800,      0.676927,CP2_after_erosion,   1,    0.0000000000E+00,    4.5195894986E+01,    4.5195894986E+01,    0.0000000000E+00,    0.0000000000E+00,    0.0000000000E+00,    4.5195894986E+01
     64800,      0.676927,CP3_after_update_bottom,   1,    0.0000000000E+00,    4.5195894986E+01,    4.5195894986E+01,    0.0000000000E+00,    0.0000000000E+00,    0.0000000000E+00,    4.5195894986E+01
     64800,      0.676927,CP4_after_advection,   1,    0.0000000000E+00,    4.5196641122E+01,    4.5196641122E+01,    0.0000000000E+00,    0.0000000000E+00,    0.0000000000E+00,    4.5196641122E+01
     64800,      0.676927,CP5_after_vdif,   1,    0.0000000000E+00,    4.5196641122E+01,    4.5196641122E+01,    0.0000000000E+00,    0.0000000000E+00,    0.0000000000E+00,    4.5196641122E+01
     64800,      0.676927,CP6_after_kinetics,   1,    0.0000000000E+00,    4.5196641122E+01,    4.5196641122E+01,    0.0000000000E+00,    0.0000000000E+00,    0.0000000000E+00,    4.5196641122E+01
     64800,      0.676927,CP7_after_upper_clamp,   1,    0.0000000000E+00,    4.5196641122E+01,    4.5196641122E+01,    0.0000000000E+00,    0.0000000000E+00,    0.0000000000E+00,    4.5196641122E+01
     64800,      0.676927,CP8_after_OBC,   1,    0.0000000000E+00,    4.5196641122E+01,    4.5196641122E+01,    0.0000000000E+00,    0.0000000000E+00,    0.0000000000E+00,    4.5196641122E+01
     64800,      0.676927,CP9_after_PTsource,   1,    0.0000000000E+00,    4.5196641122E+01,    4.5196641122E+01,    0.0000000000E+00,    0.0000000000E+00,    0.0000000000E+00,    4.5196641122E+01
     64800,      0.676927,CP10_after_neg_clamp,   1,    0.0000000000E+00,    4.5196641122E+01,    4.5196641122E+01,    0.0000000000E+00,    0.0000000000E+00,    0.0000000000E+00,    4.5196641122E+01
     64800,      0.676927,CP11_after_MPI,   1,    0.0000000000E+00,    4.5196641122E+01,    4.5196641122E+01,    0.0000000000E+00,    0.0000000000E+00,    0.0000000000E+00,    4.5196641122E+01
     64800,      0.676927,CP12_end,   1,    0.0000000000E+00,    4.5196641122E+01,    4.5196641122E+01,    0.0000000000E+00,    0.0000000000E+00,    0.0000000000E+00,    4.5196641122E+01
     64850,      0.676927,CP0_start,   1,    0.0000000000E+00,    4.5260805518E+01,    4.5260805518E+01,    0.0000000000E+00,    0.0000000000E+00,    0.0000000000E+00,    4.5260805518E+01
     64850,      0.676927,CP1_after_deposition,   1,    0.0000000000E+00,    4.5260805518E+01,    4.5260805518E+01,    0.0000000000E+00,    0.0000000000E+00,    0.0000000000E+00,    4.5260805518E+01
     64850,      0.676927,CP2_after_erosion,   1,    0.0000000000E+00,    4.5260805518E+01,    4.5260805518E+01,    0.0000000000E+00,    0.0000000000E+00,    0.0000000000E+00,    4.5260805518E+01
     64850,      0.676927,CP3_after_update_bottom,   1,    0.0000000000E+00,    4.5260805518E+01,    4.5260805518E+01,    0.0000000000E+00,    0.0000000000E+00,    0.0000000000E+00,    4.5260805518E+01
     64850,      0.676927,CP4_after_advection,   1,    0.0000000000E+00,    4.5261518783E+01,    4.5261518783E+01,    0.0000000000E+00,    0.0000000000E+00,    0.0000000000E+00,    4.5261518783E+01
     64850,      0.676927,CP5_after_vdif,   1,    0.0000000000E+00,    4.5261518783E+01,    4.5261518783E+01,    0.0000000000E+00,    0.0000000000E+00,    0.0000000000E+00,    4.5261518783E+01
     64850,      0.676927,CP6_after_kinetics,   1,    0.0000000000E+00,    4.5261518783E+01,    4.5261518783E+01,    0.0000000000E+00,    0.0000000000E+00,    0.0000000000E+00,    4.5261518783E+01
     64850,      0.676927,CP7_after_upper_clamp,   1,    0.0000000000E+00,    4.5261518783E+01,    4.5261518783E+01,    0.0000000000E+00,    0.0000000000E+00,    0.0000000000E+00,    4.5261518783E+01
     64850,      0.676927,CP8_after_OBC,   1,    0.0000000000E+00,    4.5261518783E+01,    4.5261518783E+01,    0.0000000000E+00,    0.0000000000E+00,    0.0000000000E+00,    4.5261518783E+01
     64850,      0.676927,CP9_after_PTsource,   1,    0.0000000000E+00,    4.5261518783E+01,    4.5261518783E+01,    0.0000000000E+00,    0.0000000000E+00,    0.0000000000E+00,    4.5261518783E+01
     64850,      0.676927,CP10_after_neg_clamp,   1,    0.0000000000E+00,    4.5261518783E+01,    4.5261518783E+01,    0.0000000000E+00,    0.0000000000E+00,    0.0000000000E+00,    4.5261518783E+01
     64850,      0.676927,CP11_after_MPI,   1,    0.0000000000E+00,    4.5261518783E+01,    4.5261518783E+01,    0.0000000000E+00,    0.0000000000E+00,    0.0000000000E+00,    4.5261518783E+01
     64850,      0.676927,CP12_end,   1,    0.0000000000E+00,    4.5261518783E+01,    4.5261518783E+01,    0.0000000000E+00,    0.0000000000E+00,    0.0000000000E+00,    4.5261518783E+01
     64900,      0.676927,CP0_start,   1,    0.0000000000E+00,    4.5325698220E+01,    4.5325698220E+01,    0.0000000000E+00,    0.0000000000E+00,    0.0000000000E+00,    4.5325698220E+01
     64900,      0.676927,CP1_after_deposition,   1,    0.0000000000E+00,    4.5325698220E+01,    4.5325698220E+01,    0.0000000000E+00,    0.0000000000E+00,    0.0000000000E+00,    4.5325698220E+01
     64900,      0.676927,CP2_after_erosion,   1,    0.0000000000E+00,    4.5325698220E+01,    4.5325698220E+01,    0.0000000000E+00,    0.0000000000E+00,    0.0000000000E+00,    4.5325698220E+01
     64900,      0.676927,CP3_after_update_bottom,   1,    0.0000000000E+00,    4.5325698220E+01,    4.5325698220E+01,    0.0000000000E+00,    0.0000000000E+00,    0.0000000000E+00,    4.5325698220E+01
     64900,      0.676927,CP4_after_advection,   1,    0.0000000000E+00,    4.5326379564E+01,    4.5326379564E+01,    0.0000000000E+00,    0.0000000000E+00,    0.0000000000E+00,    4.5326379564E+01
     64900,      0.676927,CP5_after_vdif,   1,    0.0000000000E+00,    4.5326379564E+01,    4.5326379564E+01,    0.0000000000E+00,    0.0000000000E+00,    0.0000000000E+00,    4.5326379564E+01
     64900,      0.676927,CP6_after_kinetics,   1,    0.0000000000E+00,    4.5326379564E+01,    4.5326379564E+01,    0.0000000000E+00,    0.0000000000E+00,    0.0000000000E+00,    4.5326379564E+01
     64900,      0.676927,CP7_after_upper_clamp,   1,    0.0000000000E+00,    4.5326379564E+01,    4.5326379564E+01,    0.0000000000E+00,    0.0000000000E+00,    0.0000000000E+00,    4.5326379564E+01
     64900,      0.676927,CP8_after_OBC,   1,    0.0000000000E+00,    4.5326379564E+01,    4.5326379564E+01,    0.0000000000E+00,    0.0000000000E+00,    0.0000000000E+00,    4.5326379564E+01
     64900,      0.676927,CP9_after_PTsource,   1,    0.0000000000E+00,    4.5326379564E+01,    4.5326379564E+01,    0.0000000000E+00,    0.0000000000E+00,    0.0000000000E+00,    4.5326379564E+01
     64900,      0.676927,CP10_after_neg_clamp,   1,    0.0000000000E+00,    4.5326379564E+01,    4.5326379564E+01,    0.0000000000E+00,    0.0000000000E+00,    0.0000000000E+00,    4.5326379564E+01
     64900,      0.676927,CP11_after_MPI,   1,    0.0000000000E+00,    4.5326379564E+01,    4.5326379564E+01,    0.0000000000E+00,    0.0000000000E+00,    0.0000000000E+00,    4.5326379564E+01
     64900,      0.676927,CP12_end,   1,    0.0000000000E+00,    4.5326379564E+01,    4.5326379564E+01,    0.0000000000E+00,    0.0000000000E+00,    0.0000000000E+00,    4.5326379564E+01
     64950,      0.676927,CP0_start,   1,    0.0000000000E+00,    4.5390561199E+01,    4.5390561199E+01,    0.0000000000E+00,    0.0000000000E+00,    0.0000000000E+00,    4.5390561199E+01
     64950,      0.676927,CP1_after_deposition,   1,    0.0000000000E+00,    4.5390561199E+01,    4.5390561199E+01,    0.0000000000E+00,    0.0000000000E+00,    0.0000000000E+00,    4.5390561199E+01
     64950,      0.676927,CP2_after_erosion,   1,    0.0000000000E+00,    4.5390561199E+01,    4.5390561199E+01,    0.0000000000E+00,    0.0000000000E+00,    0.0000000000E+00,    4.5390561199E+01
     64950,      0.676927,CP3_after_update_bottom,   1,    0.0000000000E+00,    4.5390561199E+01,    4.5390561199E+01,    0.0000000000E+00,    0.0000000000E+00,    0.0000000000E+00,    4.5390561199E+01
     64950,      0.676927,CP4_after_advection,   1,    0.0000000000E+00,    4.5391207889E+01,    4.5391207889E+01,    0.0000000000E+00,    0.0000000000E+00,    0.0000000000E+00,    4.5391207889E+01
     64950,      0.676927,CP5_after_vdif,   1,    0.0000000000E+00,    4.5391207889E+01,    4.5391207889E+01,    0.0000000000E+00,    0.0000000000E+00,    0.0000000000E+00,    4.5391207889E+01
     64950,      0.676927,CP6_after_kinetics,   1,    0.0000000000E+00,    4.5391207889E+01,    4.5391207889E+01,    0.0000000000E+00,    0.0000000000E+00,    0.0000000000E+00,    4.5391207889E+01
     64950,      0.676927,CP7_after_upper_clamp,   1,    0.0000000000E+00,    4.5391207889E+01,    4.5391207889E+01,    0.0000000000E+00,    0.0000000000E+00,    0.0000000000E+00,    4.5391207889E+01
     64950,      0.676927,CP8_after_OBC,   1,    0.0000000000E+00,    4.5391207889E+01,    4.5391207889E+01,    0.0000000000E+00,    0.0000000000E+00,    0.0000000000E+00,    4.5391207889E+01
     64950,      0.676927,CP9_after_PTsource,   1,    0.0000000000E+00,    4.5391207889E+01,    4.5391207889E+01,    0.0000000000E+00,    0.0000000000E+00,    0.0000000000E+00,    4.5391207889E+01
     64950,      0.676927,CP10_after_neg_clamp,   1,    0.0000000000E+00,    4.5391207889E+01,    4.5391207889E+01,    0.0000000000E+00,    0.0000000000E+00,    0.0000000000E+00,    4.5391207889E+01
     64950,      0.676927,CP11_after_MPI,   1,    0.0000000000E+00,    4.5391207889E+01,    4.5391207889E+01,    0.0000000000E+00,    0.0000000000E+00,    0.0000000000E+00,    4.5391207889E+01
     64950,      0.676927,CP12_end,   1,    0.0000000000E+00,    4.5391207889E+01,    4.5391207889E+01,    0.0000000000E+00,    0.0000000000E+00,    0.0000000000E+00,    4.5391207889E+01
     65000,      0.676927,CP0_start,   1,    0.0000000000E+00,    4.5455392864E+01,    4.5455392864E+01,    0.0000000000E+00,    0.0000000000E+00,    0.0000000000E+00,    4.5455392864E+01
     65000,      0.676927,CP1_after_deposition,   1,    0.0000000000E+00,    4.5455392864E+01,    4.5455392864E+01,    0.0000000000E+00,    0.0000000000E+00,    0.0000000000E+00,    4.5455392864E+01
     65000,      0.676927,CP2_after_erosion,   1,    0.0000000000E+00,    4.5455392864E+01,    4.5455392864E+01,    0.0000000000E+00,    0.0000000000E+00,    0.0000000000E+00,    4.5455392864E+01
     65000,      0.676927,CP3_after_update_bottom,   1,    0.0000000000E+00,    4.5455392864E+01,    4.5455392864E+01,    0.0000000000E+00,    0.0000000000E+00,    0.0000000000E+00,    4.5455392864E+01
     65000,      0.676927,CP4_after_advection,   1,    0.0000000000E+00,    4.5456004783E+01,    4.5456004783E+01,    0.0000000000E+00,    0.0000000000E+00,    0.0000000000E+00,    4.5456004783E+01
     65000,      0.676927,CP5_after_vdif,   1,    0.0000000000E+00,    4.5456004783E+01,    4.5456004783E+01,    0.0000000000E+00,    0.0000000000E+00,    0.0000000000E+00,    4.5456004783E+01
     65000,      0.676927,CP6_after_kinetics,   1,    0.0000000000E+00,    4.5456004783E+01,    4.5456004783E+01,    0.0000000000E+00,    0.0000000000E+00,    0.0000000000E+00,    4.5456004783E+01
     65000,      0.676927,CP7_after_upper_clamp,   1,    0.0000000000E+00,    4.5456004783E+01,    4.5456004783E+01,    0.0000000000E+00,    0.0000000000E+00,    0.0000000000E+00,    4.5456004783E+01
     65000,      0.676927,CP8_after_OBC,   1,    0.0000000000E+00,    4.5456004783E+01,    4.5456004783E+01,    0.0000000000E+00,    0.0000000000E+00,    0.0000000000E+00,    4.5456004783E+01
     65000,      0.676927,CP9_after_PTsource,   1,    0.0000000000E+00,    4.5456004783E+01,    4.5456004783E+01,    0.0000000000E+00,    0.0000000000E+00,    0.0000000000E+00,    4.5456004783E+01
     65000,      0.676927,CP10_after_neg_clamp,   1,    0.0000000000E+00,    4.5456004783E+01,    4.5456004783E+01,    0.0000000000E+00,    0.0000000000E+00,    0.0000000000E+00,    4.5456004783E+01
     65000,      0.676927,CP11_after_MPI,   1,    0.0000000000E+00,    4.5456004783E+01,    4.5456004783E+01,    0.0000000000E+00,    0.0000000000E+00,    0.0000000000E+00,    4.5456004783E+01
     65000,      0.676927,CP12_end,   1,    0.0000000000E+00,    4.5456004783E+01,    4.5456004783E+01,    0.0000000000E+00,    0.0000000000E+00,    0.0000000000E+00,    4.5456004783E+01
     65050,      0.676927,CP0_start,   1,    0.0000000000E+00,    4.5520181055E+01,    4.5520181055E+01,    0.0000000000E+00,    0.0000000000E+00,    0.0000000000E+00,    4.5520181055E+01
     65050,      0.676927,CP1_after_deposition,   1,    0.0000000000E+00,    4.5520181055E+01,    4.5520181055E+01,    0.0000000000E+00,    0.0000000000E+00,    0.0000000000E+00,    4.5520181055E+01
     65050,      0.676927,CP2_after_erosion,   1,    0.0000000000E+00,    4.5520181055E+01,    4.5520181055E+01,    0.0000000000E+00,    0.0000000000E+00,    0.0000000000E+00,    4.5520181055E+01
     65050,      0.676927,CP3_after_update_bottom,   1,    0.0000000000E+00,    4.5520181055E+01,    4.5520181055E+01,    0.0000000000E+00,    0.0000000000E+00,    0.0000000000E+00,    4.5520181055E+01
     65050,      0.676927,CP4_after_advection,   1,    0.0000000000E+00,    4.5520757056E+01,    4.5520757056E+01,    0.0000000000E+00,    0.0000000000E+00,    0.0000000000E+00,    4.5520757056E+01
     65050,      0.676927,CP5_after_vdif,   1,    0.0000000000E+00,    4.5520757056E+01,    4.5520757056E+01,    0.0000000000E+00,    0.0000000000E+00,    0.0000000000E+00,    4.5520757056E+01
     65050,      0.676927,CP6_after_kinetics,   1,    0.0000000000E+00,    4.5520757056E+01,    4.5520757056E+01,    0.0000000000E+00,    0.0000000000E+00,    0.0000000000E+00,    4.5520757056E+01
     65050,      0.676927,CP7_after_upper_clamp,   1,    0.0000000000E+00,    4.5520757056E+01,    4.5520757056E+01,    0.0000000000E+00,    0.0000000000E+00,    0.0000000000E+00,    4.5520757056E+01
     65050,      0.676927,CP8_after_OBC,   1,    0.0000000000E+00,    4.5520757056E+01,    4.5520757056E+01,    0.0000000000E+00,    0.0000000000E+00,    0.0000000000E+00,    4.5520757056E+01
     65050,      0.676927,CP9_after_PTsource,   1,    0.0000000000E+00,    4.5520757056E+01,    4.5520757056E+01,    0.0000000000E+00,    0.0000000000E+00,    0.0000000000E+00,    4.5520757056E+01
     65050,      0.676927,CP10_after_neg_clamp,   1,    0.0000000000E+00,    4.5520757056E+01,    4.5520757056E+01,    0.0000000000E+00,    0.0000000000E+00,    0.0000000000E+00,    4.5520757056E+01
     65050,      0.676927,CP11_after_MPI,   1,    0.0000000000E+00,    4.5520757056E+01,    4.5520757056E+01,    0.0000000000E+00,    0.0000000000E+00,    0.0000000000E+00,    4.5520757056E+01
     65050,      0.676927,CP12_end,   1,    0.0000000000E+00,    4.5520757056E+01,    4.5520757056E+01,    0.0000000000E+00,    0.0000000000E+00,    0.0000000000E+00,    4.5520757056E+01
     65100,      0.676927,CP0_start,   1,    0.0000000000E+00,    4.5584938904E+01,    4.5584938904E+01,    0.0000000000E+00,    0.0000000000E+00,    0.0000000000E+00,    4.5584938904E+01
     65100,      0.676927,CP1_after_deposition,   1,    0.0000000000E+00,    4.5584938904E+01,    4.5584938904E+01,    0.0000000000E+00,    0.0000000000E+00,    0.0000000000E+00,    4.5584938904E+01
     65100,      0.676927,CP2_after_erosion,   1,    0.0000000000E+00,    4.5584938904E+01,    4.5584938904E+01,    0.0000000000E+00,    0.0000000000E+00,    0.0000000000E+00,    4.5584938904E+01
     65100,      0.676927,CP3_after_update_bottom,   1,    0.0000000000E+00,    4.5584938904E+01,    4.5584938904E+01,    0.0000000000E+00,    0.0000000000E+00,    0.0000000000E+00,    4.5584938904E+01
     65100,      0.676927,CP4_after_advection,   1,    0.0000000000E+00,    4.5585477558E+01,    4.5585477558E+01,    0.0000000000E+00,    0.0000000000E+00,    0.0000000000E+00,    4.5585477558E+01
     65100,      0.676927,CP5_after_vdif,   1,    0.0000000000E+00,    4.5585477558E+01,    4.5585477558E+01,    0.0000000000E+00,    0.0000000000E+00,    0.0000000000E+00,    4.5585477558E+01
     65100,      0.676927,CP6_after_kinetics,   1,    0.0000000000E+00,    4.5585477558E+01,    4.5585477558E+01,    0.0000000000E+00,    0.0000000000E+00,    0.0000000000E+00,    4.5585477558E+01
     65100,      0.676927,CP7_after_upper_clamp,   1,    0.0000000000E+00,    4.5585477558E+01,    4.5585477558E+01,    0.0000000000E+00,    0.0000000000E+00,    0.0000000000E+00,    4.5585477558E+01
     65100,      0.676927,CP8_after_OBC,   1,    0.0000000000E+00,    4.5585477558E+01,    4.5585477558E+01,    0.0000000000E+00,    0.0000000000E+00,    0.0000000000E+00,    4.5585477558E+01
     65100,      0.676927,CP9_after_PTsource,   1,    0.0000000000E+00,    4.5585477558E+01,    4.5585477558E+01,    0.0000000000E+00,    0.0000000000E+00,    0.0000000000E+00,    4.5585477558E+01
     65100,      0.676927,CP10_after_neg_clamp,   1,    0.0000000000E+00,    4.5585477558E+01,    4.5585477558E+01,    0.0000000000E+00,    0.0000000000E+00,    0.0000000000E+00,    4.5585477558E+01
     65100,      0.676927,CP11_after_MPI,   1,    0.0000000000E+00,    4.5585477558E+01,    4.5585477558E+01,    0.0000000000E+00,    0.0000000000E+00,    0.0000000000E+00,    4.5585477558E+01
     65100,      0.676927,CP12_end,   1,    0.0000000000E+00,    4.5585477558E+01,    4.5585477558E+01,    0.0000000000E+00,    0.0000000000E+00,    0.0000000000E+00,    4.5585477558E+01
     65150,      0.676927,CP0_start,   1,    0.0000000000E+00,    4.5649656009E+01,    4.5649656009E+01,    0.0000000000E+00,    0.0000000000E+00,    0.0000000000E+00,    4.5649656009E+01
     65150,      0.676927,CP1_after_deposition,   1,    0.0000000000E+00,    4.5649656009E+01,    4.5649656009E+01,    0.0000000000E+00,    0.0000000000E+00,    0.0000000000E+00,    4.5649656009E+01
     65150,      0.676927,CP2_after_erosion,   1,    0.0000000000E+00,    4.5649656009E+01,    4.5649656009E+01,    0.0000000000E+00,    0.0000000000E+00,    0.0000000000E+00,    4.5649656009E+01
     65150,      0.676927,CP3_after_update_bottom,   1,    0.0000000000E+00,    4.5649656009E+01,    4.5649656009E+01,    0.0000000000E+00,    0.0000000000E+00,    0.0000000000E+00,    4.5649656009E+01
     65150,      0.676927,CP4_after_advection,   1,    0.0000000000E+00,    4.5650156673E+01,    4.5650156673E+01,    0.0000000000E+00,    0.0000000000E+00,    0.0000000000E+00,    4.5650156673E+01
     65150,      0.676927,CP5_after_vdif,   1,    0.0000000000E+00,    4.5650156673E+01,    4.5650156673E+01,    0.0000000000E+00,    0.0000000000E+00,    0.0000000000E+00,    4.5650156673E+01
     65150,      0.676927,CP6_after_kinetics,   1,    0.0000000000E+00,    4.5650156673E+01,    4.5650156673E+01,    0.0000000000E+00,    0.0000000000E+00,    0.0000000000E+00,    4.5650156673E+01
     65150,      0.676927,CP7_after_upper_clamp,   1,    0.0000000000E+00,    4.5650156673E+01,    4.5650156673E+01,    0.0000000000E+00,    0.0000000000E+00,    0.0000000000E+00,    4.5650156673E+01
     65150,      0.676927,CP8_after_OBC,   1,    0.0000000000E+00,    4.5650156673E+01,    4.5650156673E+01,    0.0000000000E+00,    0.0000000000E+00,    0.0000000000E+00,    4.5650156673E+01
     65150,      0.676927,CP9_after_PTsource,   1,    0.0000000000E+00,    4.5650156673E+01,    4.5650156673E+01,    0.0000000000E+00,    0.0000000000E+00,    0.0000000000E+00,    4.5650156673E+01
     65150,      0.676927,CP10_after_neg_clamp,   1,    0.0000000000E+00,    4.5650156673E+01,    4.5650156673E+01,    0.0000000000E+00,    0.0000000000E+00,    0.0000000000E+00,    4.5650156673E+01
     65150,      0.676927,CP11_after_MPI,   1,    0.0000000000E+00,    4.5650156673E+01,    4.5650156673E+01,    0.0000000000E+00,    0.0000000000E+00,    0.0000000000E+00,    4.5650156673E+01
     65150,      0.676927,CP12_end,   1,    0.0000000000E+00,    4.5650156673E+01,    4.5650156673E+01,    0.0000000000E+00,    0.0000000000E+00,    0.0000000000E+00,    4.5650156673E+01
     65200,      0.676927,CP0_start,   1,    0.0000000000E+00,    4.5714326264E+01,    4.5714326264E+01,    0.0000000000E+00,    0.0000000000E+00,    0.0000000000E+00,    4.5714326264E+01
     65200,      0.676927,CP1_after_deposition,   1,    0.0000000000E+00,    4.5714326264E+01,    4.5714326264E+01,    0.0000000000E+00,    0.0000000000E+00,    0.0000000000E+00,    4.5714326264E+01
     65200,      0.676927,CP2_after_erosion,   1,    0.0000000000E+00,    4.5714326264E+01,    4.5714326264E+01,    0.0000000000E+00,    0.0000000000E+00,    0.0000000000E+00,    4.5714326264E+01
     65200,      0.676927,CP3_after_update_bottom,   1,    0.0000000000E+00,    4.5714326264E+01,    4.5714326264E+01,    0.0000000000E+00,    0.0000000000E+00,    0.0000000000E+00,    4.5714326264E+01
     65200,      0.676927,CP4_after_advection,   1,    0.0000000000E+00,    4.5714787689E+01,    4.5714787689E+01,    0.0000000000E+00,    0.0000000000E+00,    0.0000000000E+00,    4.5714787689E+01
     65200,      0.676927,CP5_after_vdif,   1,    0.0000000000E+00,    4.5714787689E+01,    4.5714787689E+01,    0.0000000000E+00,    0.0000000000E+00,    0.0000000000E+00,    4.5714787689E+01
     65200,      0.676927,CP6_after_kinetics,   1,    0.0000000000E+00,    4.5714787689E+01,    4.5714787689E+01,    0.0000000000E+00,    0.0000000000E+00,    0.0000000000E+00,    4.5714787689E+01
     65200,      0.676927,CP7_after_upper_clamp,   1,    0.0000000000E+00,    4.5714787689E+01,    4.5714787689E+01,    0.0000000000E+00,    0.0000000000E+00,    0.0000000000E+00,    4.5714787689E+01
     65200,      0.676927,CP8_after_OBC,   1,    0.0000000000E+00,    4.5714787689E+01,    4.5714787689E+01,    0.0000000000E+00,    0.0000000000E+00,    0.0000000000E+00,    4.5714787689E+01
     65200,      0.676927,CP9_after_PTsource,   1,    0.0000000000E+00,    4.5714787689E+01,    4.5714787689E+01,    0.0000000000E+00,    0.0000000000E+00,    0.0000000000E+00,    4.5714787689E+01
     65200,      0.676927,CP10_after_neg_clamp,   1,    0.0000000000E+00,    4.5714787689E+01,    4.5714787689E+01,    0.0000000000E+00,    0.0000000000E+00,    0.0000000000E+00,    4.5714787689E+01
     65200,      0.676927,CP11_after_MPI,   1,    0.0000000000E+00,    4.5714787689E+01,    4.5714787689E+01,    0.0000000000E+00,    0.0000000000E+00,    0.0000000000E+00,    4.5714787689E+01
     65200,      0.676927,CP12_end,   1,    0.0000000000E+00,    4.5714787689E+01,    4.5714787689E+01,    0.0000000000E+00,    0.0000000000E+00,    0.0000000000E+00,    4.5714787689E+01
     65250,      0.676927,CP0_start,   1,    0.0000000000E+00,    4.5778956274E+01,    4.5778956274E+01,    0.0000000000E+00,    0.0000000000E+00,    0.0000000000E+00,    4.5778956274E+01
     65250,      0.676927,CP1_after_deposition,   1,    0.0000000000E+00,    4.5778956274E+01,    4.5778956274E+01,    0.0000000000E+00,    0.0000000000E+00,    0.0000000000E+00,    4.5778956274E+01
     65250,      0.676927,CP2_after_erosion,   1,    0.0000000000E+00,    4.5778956274E+01,    4.5778956274E+01,    0.0000000000E+00,    0.0000000000E+00,    0.0000000000E+00,    4.5778956274E+01
     65250,      0.676927,CP3_after_update_bottom,   1,    0.0000000000E+00,    4.5778956274E+01,    4.5778956274E+01,    0.0000000000E+00,    0.0000000000E+00,    0.0000000000E+00,    4.5778956274E+01
     65250,      0.676927,CP4_after_advection,   1,    0.0000000000E+00,    4.5779375456E+01,    4.5779375456E+01,    0.0000000000E+00,    0.0000000000E+00,    0.0000000000E+00,    4.5779375456E+01
     65250,      0.676927,CP5_after_vdif,   1,    0.0000000000E+00,    4.5779375456E+01,    4.5779375456E+01,    0.0000000000E+00,    0.0000000000E+00,    0.0000000000E+00,    4.5779375456E+01
     65250,      0.676927,CP6_after_kinetics,   1,    0.0000000000E+00,    4.5779375456E+01,    4.5779375456E+01,    0.0000000000E+00,    0.0000000000E+00,    0.0000000000E+00,    4.5779375456E+01
     65250,      0.676927,CP7_after_upper_clamp,   1,    0.0000000000E+00,    4.5779375456E+01,    4.5779375456E+01,    0.0000000000E+00,    0.0000000000E+00,    0.0000000000E+00,    4.5779375456E+01
     65250,      0.676927,CP8_after_OBC,   1,    0.0000000000E+00,    4.5779375456E+01,    4.5779375456E+01,    0.0000000000E+00,    0.0000000000E+00,    0.0000000000E+00,    4.5779375456E+01
     65250,      0.676927,CP9_after_PTsource,   1,    0.0000000000E+00,    4.5779375456E+01,    4.5779375456E+01,    0.0000000000E+00,    0.0000000000E+00,    0.0000000000E+00,    4.5779375456E+01
     65250,      0.676927,CP10_after_neg_clamp,   1,    0.0000000000E+00,    4.5779375456E+01,    4.5779375456E+01,    0.0000000000E+00,    0.0000000000E+00,    0.0000000000E+00,    4.5779375456E+01
     65250,      0.676927,CP11_after_MPI,   1,    0.0000000000E+00,    4.5779375456E+01,    4.5779375456E+01,    0.0000000000E+00,    0.0000000000E+00,    0.0000000000E+00,    4.5779375456E+01
     65250,      0.676927,CP12_end,   1,    0.0000000000E+00,    4.5779375456E+01,    4.5779375456E+01,    0.0000000000E+00,    0.0000000000E+00,    0.0000000000E+00,    4.5779375456E+01
     65300,      0.676927,CP0_start,   1,    0.0000000000E+00,    4.5843497832E+01,    4.5843497832E+01,    0.0000000000E+00,    0.0000000000E+00,    0.0000000000E+00,    4.5843497832E+01
     65300,      0.676927,CP1_after_deposition,   1,    0.0000000000E+00,    4.5843497832E+01,    4.5843497832E+01,    0.0000000000E+00,    0.0000000000E+00,    0.0000000000E+00,    4.5843497832E+01
     65300,      0.676927,CP2_after_erosion,   1,    0.0000000000E+00,    4.5843497832E+01,    4.5843497832E+01,    0.0000000000E+00,    0.0000000000E+00,    0.0000000000E+00,    4.5843497832E+01
     65300,      0.676927,CP3_after_update_bottom,   1,    0.0000000000E+00,    4.5843497832E+01,    4.5843497832E+01,    0.0000000000E+00,    0.0000000000E+00,    0.0000000000E+00,    4.5843497832E+01
     65300,      0.676927,CP4_after_advection,   1,    0.0000000000E+00,    4.5843873659E+01,    4.5843873659E+01,    0.0000000000E+00,    0.0000000000E+00,    0.0000000000E+00,    4.5843873659E+01
     65300,      0.676927,CP5_after_vdif,   1,    0.0000000000E+00,    4.5843873659E+01,    4.5843873659E+01,    0.0000000000E+00,    0.0000000000E+00,    0.0000000000E+00,    4.5843873659E+01
     65300,      0.676927,CP6_after_kinetics,   1,    0.0000000000E+00,    4.5843873659E+01,    4.5843873659E+01,    0.0000000000E+00,    0.0000000000E+00,    0.0000000000E+00,    4.5843873659E+01
     65300,      0.676927,CP7_after_upper_clamp,   1,    0.0000000000E+00,    4.5843873659E+01,    4.5843873659E+01,    0.0000000000E+00,    0.0000000000E+00,    0.0000000000E+00,    4.5843873659E+01
     65300,      0.676927,CP8_after_OBC,   1,    0.0000000000E+00,    4.5843873659E+01,    4.5843873659E+01,    0.0000000000E+00,    0.0000000000E+00,    0.0000000000E+00,    4.5843873659E+01
     65300,      0.676927,CP9_after_PTsource,   1,    0.0000000000E+00,    4.5843873659E+01,    4.5843873659E+01,    0.0000000000E+00,    0.0000000000E+00,    0.0000000000E+00,    4.5843873659E+01
     65300,      0.676927,CP10_after_neg_clamp,   1,    0.0000000000E+00,    4.5843873659E+01,    4.5843873659E+01,    0.0000000000E+00,    0.0000000000E+00,    0.0000000000E+00,    4.5843873659E+01
     65300,      0.676927,CP11_after_MPI,   1,    0.0000000000E+00,    4.5843873659E+01,    4.5843873659E+01,    0.0000000000E+00,    0.0000000000E+00,    0.0000000000E+00,    4.5843873659E+01
     65300,      0.676927,CP12_end,   1,    0.0000000000E+00,    4.5843873659E+01,    4.5843873659E+01,    0.0000000000E+00,    0.0000000000E+00,    0.0000000000E+00,    4.5843873659E+01
     65350,      0.676927,CP0_start,   1,    0.0000000000E+00,    4.5907895170E+01,    4.5907895170E+01,    0.0000000000E+00,    0.0000000000E+00,    0.0000000000E+00,    4.5907895170E+01
     65350,      0.676927,CP1_after_deposition,   1,    0.0000000000E+00,    4.5907895170E+01,    4.5907895170E+01,    0.0000000000E+00,    0.0000000000E+00,    0.0000000000E+00,    4.5907895170E+01
     65350,      0.676927,CP2_after_erosion,   1,    0.0000000000E+00,    4.5907895170E+01,    4.5907895170E+01,    0.0000000000E+00,    0.0000000000E+00,    0.0000000000E+00,    4.5907895170E+01
     65350,      0.676927,CP3_after_update_bottom,   1,    0.0000000000E+00,    4.5907895170E+01,    4.5907895170E+01,    0.0000000000E+00,    0.0000000000E+00,    0.0000000000E+00,    4.5907895170E+01
     65350,      0.676927,CP4_after_advection,   1,    0.0000000000E+00,    4.5908224423E+01,    4.5908224423E+01,    0.0000000000E+00,    0.0000000000E+00,    0.0000000000E+00,    4.5908224423E+01
     65350,      0.676927,CP5_after_vdif,   1,    0.0000000000E+00,    4.5908224423E+01,    4.5908224423E+01,    0.0000000000E+00,    0.0000000000E+00,    0.0000000000E+00,    4.5908224423E+01
     65350,      0.676927,CP6_after_kinetics,   1,    0.0000000000E+00,    4.5908224423E+01,    4.5908224423E+01,    0.0000000000E+00,    0.0000000000E+00,    0.0000000000E+00,    4.5908224423E+01
     65350,      0.676927,CP7_after_upper_clamp,   1,    0.0000000000E+00,    4.5908224423E+01,    4.5908224423E+01,    0.0000000000E+00,    0.0000000000E+00,    0.0000000000E+00,    4.5908224423E+01
     65350,      0.676927,CP8_after_OBC,   1,    0.0000000000E+00,    4.5908224423E+01,    4.5908224423E+01,    0.0000000000E+00,    0.0000000000E+00,    0.0000000000E+00,    4.5908224423E+01
     65350,      0.676927,CP9_after_PTsource,   1,    0.0000000000E+00,    4.5908224423E+01,    4.5908224423E+01,    0.0000000000E+00,    0.0000000000E+00,    0.0000000000E+00,    4.5908224423E+01
     65350,      0.676927,CP10_after_neg_clamp,   1,    0.0000000000E+00,    4.5908224423E+01,    4.5908224423E+01,    0.0000000000E+00,    0.0000000000E+00,    0.0000000000E+00,    4.5908224423E+01
     65350,      0.676927,CP11_after_MPI,   1,    0.0000000000E+00,    4.5908224423E+01,    4.5908224423E+01,    0.0000000000E+00,    0.0000000000E+00,    0.0000000000E+00,    4.5908224423E+01
     65350,      0.676927,CP12_end,   1,    0.0000000000E+00,    4.5908224423E+01,    4.5908224423E+01,    0.0000000000E+00,    0.0000000000E+00,    0.0000000000E+00,    4.5908224423E+01
     65400,      0.676927,CP0_start,   1,    0.0000000000E+00,    4.5972091727E+01,    4.5972091727E+01,    0.0000000000E+00,    0.0000000000E+00,    0.0000000000E+00,    4.5972091727E+01
     65400,      0.676927,CP1_after_deposition,   1,    0.0000000000E+00,    4.5972091727E+01,    4.5972091727E+01,    0.0000000000E+00,    0.0000000000E+00,    0.0000000000E+00,    4.5972091727E+01
     65400,      0.676927,CP2_after_erosion,   1,    0.0000000000E+00,    4.5972091727E+01,    4.5972091727E+01,    0.0000000000E+00,    0.0000000000E+00,    0.0000000000E+00,    4.5972091727E+01
     65400,      0.676927,CP3_after_update_bottom,   1,    0.0000000000E+00,    4.5972091727E+01,    4.5972091727E+01,    0.0000000000E+00,    0.0000000000E+00,    0.0000000000E+00,    4.5972091727E+01
     65400,      0.676927,CP4_after_advection,   1,    0.0000000000E+00,    4.5972373511E+01,    4.5972373511E+01,    0.0000000000E+00,    0.0000000000E+00,    0.0000000000E+00,    4.5972373511E+01
     65400,      0.676927,CP5_after_vdif,   1,    0.0000000000E+00,    4.5972373511E+01,    4.5972373511E+01,    0.0000000000E+00,    0.0000000000E+00,    0.0000000000E+00,    4.5972373511E+01
     65400,      0.676927,CP6_after_kinetics,   1,    0.0000000000E+00,    4.5972373511E+01,    4.5972373511E+01,    0.0000000000E+00,    0.0000000000E+00,    0.0000000000E+00,    4.5972373511E+01
     65400,      0.676927,CP7_after_upper_clamp,   1,    0.0000000000E+00,    4.5972373511E+01,    4.5972373511E+01,    0.0000000000E+00,    0.0000000000E+00,    0.0000000000E+00,    4.5972373511E+01
     65400,      0.676927,CP8_after_OBC,   1,    0.0000000000E+00,    4.5972373511E+01,    4.5972373511E+01,    0.0000000000E+00,    0.0000000000E+00,    0.0000000000E+00,    4.5972373511E+01
     65400,      0.676927,CP9_after_PTsource,   1,    0.0000000000E+00,    4.5972373511E+01,    4.5972373511E+01,    0.0000000000E+00,    0.0000000000E+00,    0.0000000000E+00,    4.5972373511E+01
     65400,      0.676927,CP10_after_neg_clamp,   1,    0.0000000000E+00,    4.5972373511E+01,    4.5972373511E+01,    0.0000000000E+00,    0.0000000000E+00,    0.0000000000E+00,    4.5972373511E+01
     65400,      0.676927,CP11_after_MPI,   1,    0.0000000000E+00,    4.5972373511E+01,    4.5972373511E+01,    0.0000000000E+00,    0.0000000000E+00,    0.0000000000E+00,    4.5972373511E+01
     65400,      0.676927,CP12_end,   1,    0.0000000000E+00,    4.5972373511E+01,    4.5972373511E+01,    0.0000000000E+00,    0.0000000000E+00,    0.0000000000E+00,    4.5972373511E+01
     65450,      0.676927,CP0_start,   1,    0.0000000000E+00,    4.6036041039E+01,    4.6036041039E+01,    0.0000000000E+00,    0.0000000000E+00,    0.0000000000E+00,    4.6036041039E+01
     65450,      0.676927,CP1_after_deposition,   1,    0.0000000000E+00,    4.6036041039E+01,    4.6036041039E+01,    0.0000000000E+00,    0.0000000000E+00,    0.0000000000E+00,    4.6036041039E+01
     65450,      0.676927,CP2_after_erosion,   1,    0.0000000000E+00,    4.6036041039E+01,    4.6036041039E+01,    0.0000000000E+00,    0.0000000000E+00,    0.0000000000E+00,    4.6036041039E+01
     65450,      0.676927,CP3_after_update_bottom,   1,    0.0000000000E+00,    4.6036041039E+01,    4.6036041039E+01,    0.0000000000E+00,    0.0000000000E+00,    0.0000000000E+00,    4.6036041039E+01
     65450,      0.676927,CP4_after_advection,   1,    0.0000000000E+00,    4.6036273155E+01,    4.6036273155E+01,    0.0000000000E+00,    0.0000000000E+00,    0.0000000000E+00,    4.6036273155E+01
     65450,      0.676927,CP5_after_vdif,   1,    0.0000000000E+00,    4.6036273155E+01,    4.6036273155E+01,    0.0000000000E+00,    0.0000000000E+00,    0.0000000000E+00,    4.6036273155E+01
     65450,      0.676927,CP6_after_kinetics,   1,    0.0000000000E+00,    4.6036273155E+01,    4.6036273155E+01,    0.0000000000E+00,    0.0000000000E+00,    0.0000000000E+00,    4.6036273155E+01
     65450,      0.676927,CP7_after_upper_clamp,   1,    0.0000000000E+00,    4.6036273155E+01,    4.6036273155E+01,    0.0000000000E+00,    0.0000000000E+00,    0.0000000000E+00,    4.6036273155E+01
     65450,      0.676927,CP8_after_OBC,   1,    0.0000000000E+00,    4.6036273155E+01,    4.6036273155E+01,    0.0000000000E+00,    0.0000000000E+00,    0.0000000000E+00,    4.6036273155E+01
     65450,      0.676927,CP9_after_PTsource,   1,    0.0000000000E+00,    4.6036273155E+01,    4.6036273155E+01,    0.0000000000E+00,    0.0000000000E+00,    0.0000000000E+00,    4.6036273155E+01
     65450,      0.676927,CP10_after_neg_clamp,   1,    0.0000000000E+00,    4.6036273155E+01,    4.6036273155E+01,    0.0000000000E+00,    0.0000000000E+00,    0.0000000000E+00,    4.6036273155E+01
     65450,      0.676927,CP11_after_MPI,   1,    0.0000000000E+00,    4.6036273155E+01,    4.6036273155E+01,    0.0000000000E+00,    0.0000000000E+00,    0.0000000000E+00,    4.6036273155E+01
     65450,      0.676927,CP12_end,   1,    0.0000000000E+00,    4.6036273155E+01,    4.6036273155E+01,    0.0000000000E+00,    0.0000000000E+00,    0.0000000000E+00,    4.6036273155E+01
     65500,      0.676927,CP0_start,   1,    0.0000000000E+00,    4.6099708461E+01,    4.6099708461E+01,    0.0000000000E+00,    0.0000000000E+00,    0.0000000000E+00,    4.6099708461E+01
     65500,      0.676927,CP1_after_deposition,   1,    0.0000000000E+00,    4.6099708461E+01,    4.6099708461E+01,    0.0000000000E+00,    0.0000000000E+00,    0.0000000000E+00,    4.6099708461E+01
     65500,      0.676927,CP2_after_erosion,   1,    0.0000000000E+00,    4.6099708461E+01,    4.6099708461E+01,    0.0000000000E+00,    0.0000000000E+00,    0.0000000000E+00,    4.6099708461E+01
     65500,      0.676927,CP3_after_update_bottom,   1,    0.0000000000E+00,    4.6099708461E+01,    4.6099708461E+01,    0.0000000000E+00,    0.0000000000E+00,    0.0000000000E+00,    4.6099708461E+01
     65500,      0.676927,CP4_after_advection,   1,    0.0000000000E+00,    4.6099890110E+01,    4.6099890110E+01,    0.0000000000E+00,    0.0000000000E+00,    0.0000000000E+00,    4.6099890110E+01
     65500,      0.676927,CP5_after_vdif,   1,    0.0000000000E+00,    4.6099890110E+01,    4.6099890110E+01,    0.0000000000E+00,    0.0000000000E+00,    0.0000000000E+00,    4.6099890110E+01
     65500,      0.676927,CP6_after_kinetics,   1,    0.0000000000E+00,    4.6099890110E+01,    4.6099890110E+01,    0.0000000000E+00,    0.0000000000E+00,    0.0000000000E+00,    4.6099890110E+01
     65500,      0.676927,CP7_after_upper_clamp,   1,    0.0000000000E+00,    4.6099890110E+01,    4.6099890110E+01,    0.0000000000E+00,    0.0000000000E+00,    0.0000000000E+00,    4.6099890110E+01
     65500,      0.676927,CP8_after_OBC,   1,    0.0000000000E+00,    4.6099890110E+01,    4.6099890110E+01,    0.0000000000E+00,    0.0000000000E+00,    0.0000000000E+00,    4.6099890110E+01
     65500,      0.676927,CP9_after_PTsource,   1,    0.0000000000E+00,    4.6099890110E+01,    4.6099890110E+01,    0.0000000000E+00,    0.0000000000E+00,    0.0000000000E+00,    4.6099890110E+01
     65500,      0.676927,CP10_after_neg_clamp,   1,    0.0000000000E+00,    4.6099890110E+01,    4.6099890110E+01,    0.0000000000E+00,    0.0000000000E+00,    0.0000000000E+00,    4.6099890110E+01
     65500,      0.676927,CP11_after_MPI,   1,    0.0000000000E+00,    4.6099890110E+01,    4.6099890110E+01,    0.0000000000E+00,    0.0000000000E+00,    0.0000000000E+00,    4.6099890110E+01
     65500,      0.676927,CP12_end,   1,    0.0000000000E+00,    4.6099890110E+01,    4.6099890110E+01,    0.0000000000E+00,    0.0000000000E+00,    0.0000000000E+00,    4.6099890110E+01
     65550,      0.676927,CP0_start,   1,    0.0000000000E+00,    4.6163165102E+01,    4.6163165102E+01,    0.0000000000E+00,    0.0000000000E+00,    0.0000000000E+00,    4.6163165102E+01
     65550,      0.676927,CP1_after_deposition,   1,    0.0000000000E+00,    4.6163165102E+01,    4.6163165102E+01,    0.0000000000E+00,    0.0000000000E+00,    0.0000000000E+00,    4.6163165102E+01
     65550,      0.676927,CP2_after_erosion,   1,    0.0000000000E+00,    4.6163165102E+01,    4.6163165102E+01,    0.0000000000E+00,    0.0000000000E+00,    0.0000000000E+00,    4.6163165102E+01
     65550,      0.676927,CP3_after_update_bottom,   1,    0.0000000000E+00,    4.6163165102E+01,    4.6163165102E+01,    0.0000000000E+00,    0.0000000000E+00,    0.0000000000E+00,    4.6163165102E+01
     65550,      0.676927,CP4_after_advection,   1,    0.0000000000E+00,    4.6163297457E+01,    4.6163297457E+01,    0.0000000000E+00,    0.0000000000E+00,    0.0000000000E+00,    4.6163297457E+01
     65550,      0.676927,CP5_after_vdif,   1,    0.0000000000E+00,    4.6163297457E+01,    4.6163297457E+01,    0.0000000000E+00,    0.0000000000E+00,    0.0000000000E+00,    4.6163297457E+01
     65550,      0.676927,CP6_after_kinetics,   1,    0.0000000000E+00,    4.6163297457E+01,    4.6163297457E+01,    0.0000000000E+00,    0.0000000000E+00,    0.0000000000E+00,    4.6163297457E+01
     65550,      0.676927,CP7_after_upper_clamp,   1,    0.0000000000E+00,    4.6163297457E+01,    4.6163297457E+01,    0.0000000000E+00,    0.0000000000E+00,    0.0000000000E+00,    4.6163297457E+01
     65550,      0.676927,CP8_after_OBC,   1,    0.0000000000E+00,    4.6163297457E+01,    4.6163297457E+01,    0.0000000000E+00,    0.0000000000E+00,    0.0000000000E+00,    4.6163297457E+01
     65550,      0.676927,CP9_after_PTsource,   1,    0.0000000000E+00,    4.6163297457E+01,    4.6163297457E+01,    0.0000000000E+00,    0.0000000000E+00,    0.0000000000E+00,    4.6163297457E+01
     65550,      0.676927,CP10_after_neg_clamp,   1,    0.0000000000E+00,    4.6163297457E+01,    4.6163297457E+01,    0.0000000000E+00,    0.0000000000E+00,    0.0000000000E+00,    4.6163297457E+01
     65550,      0.676927,CP11_after_MPI,   1,    0.0000000000E+00,    4.6163297457E+01,    4.6163297457E+01,    0.0000000000E+00,    0.0000000000E+00,    0.0000000000E+00,    4.6163297457E+01
     65550,      0.676927,CP12_end,   1,    0.0000000000E+00,    4.6163297457E+01,    4.6163297457E+01,    0.0000000000E+00,    0.0000000000E+00,    0.0000000000E+00,    4.6163297457E+01
     65600,      0.676927,CP0_start,   1,    0.0000000000E+00,    4.6226517469E+01,    4.6226517469E+01,    0.0000000000E+00,    0.0000000000E+00,    0.0000000000E+00,    4.6226517469E+01
     65600,      0.676927,CP1_after_deposition,   1,    0.0000000000E+00,    4.6226517469E+01,    4.6226517469E+01,    0.0000000000E+00,    0.0000000000E+00,    0.0000000000E+00,    4.6226517469E+01
     65600,      0.676927,CP2_after_erosion,   1,    0.0000000000E+00,    4.6226517469E+01,    4.6226517469E+01,    0.0000000000E+00,    0.0000000000E+00,    0.0000000000E+00,    4.6226517469E+01
     65600,      0.676927,CP3_after_update_bottom,   1,    0.0000000000E+00,    4.6226517469E+01,    4.6226517469E+01,    0.0000000000E+00,    0.0000000000E+00,    0.0000000000E+00,    4.6226517469E+01
     65600,      0.676927,CP4_after_advection,   1,    0.0000000000E+00,    4.6226601488E+01,    4.6226601488E+01,    0.0000000000E+00,    0.0000000000E+00,    0.0000000000E+00,    4.6226601488E+01
     65600,      0.676927,CP5_after_vdif,   1,    0.0000000000E+00,    4.6226601488E+01,    4.6226601488E+01,    0.0000000000E+00,    0.0000000000E+00,    0.0000000000E+00,    4.6226601488E+01
     65600,      0.676927,CP6_after_kinetics,   1,    0.0000000000E+00,    4.6226601488E+01,    4.6226601488E+01,    0.0000000000E+00,    0.0000000000E+00,    0.0000000000E+00,    4.6226601488E+01
     65600,      0.676927,CP7_after_upper_clamp,   1,    0.0000000000E+00,    4.6226601488E+01,    4.6226601488E+01,    0.0000000000E+00,    0.0000000000E+00,    0.0000000000E+00,    4.6226601488E+01
     65600,      0.676927,CP8_after_OBC,   1,    0.0000000000E+00,    4.6226601488E+01,    4.6226601488E+01,    0.0000000000E+00,    0.0000000000E+00,    0.0000000000E+00,    4.6226601488E+01
     65600,      0.676927,CP9_after_PTsource,   1,    0.0000000000E+00,    4.6226601488E+01,    4.6226601488E+01,    0.0000000000E+00,    0.0000000000E+00,    0.0000000000E+00,    4.6226601488E+01
     65600,      0.676927,CP10_after_neg_clamp,   1,    0.0000000000E+00,    4.6226601488E+01,    4.6226601488E+01,    0.0000000000E+00,    0.0000000000E+00,    0.0000000000E+00,    4.6226601488E+01
     65600,      0.676927,CP11_after_MPI,   1,    0.0000000000E+00,    4.6226601488E+01,    4.6226601488E+01,    0.0000000000E+00,    0.0000000000E+00,    0.0000000000E+00,    4.6226601488E+01
     65600,      0.676927,CP12_end,   1,    0.0000000000E+00,    4.6226601488E+01,    4.6226601488E+01,    0.0000000000E+00,    0.0000000000E+00,    0.0000000000E+00,    4.6226601488E+01
     65650,      0.676927,CP0_start,   1,    0.0000000000E+00,    4.6289851247E+01,    4.6289851247E+01,    0.0000000000E+00,    0.0000000000E+00,    0.0000000000E+00,    4.6289851247E+01
     65650,      0.676927,CP1_after_deposition,   1,    0.0000000000E+00,    4.6289851247E+01,    4.6289851247E+01,    0.0000000000E+00,    0.0000000000E+00,    0.0000000000E+00,    4.6289851247E+01
     65650,      0.676927,CP2_after_erosion,   1,    0.0000000000E+00,    4.6289851247E+01,    4.6289851247E+01,    0.0000000000E+00,    0.0000000000E+00,    0.0000000000E+00,    4.6289851247E+01
     65650,      0.676927,CP3_after_update_bottom,   1,    0.0000000000E+00,    4.6289851247E+01,    4.6289851247E+01,    0.0000000000E+00,    0.0000000000E+00,    0.0000000000E+00,    4.6289851247E+01
     65650,      0.676927,CP4_after_advection,   1,    0.0000000000E+00,    4.6289887938E+01,    4.6289887938E+01,    0.0000000000E+00,    0.0000000000E+00,    0.0000000000E+00,    4.6289887938E+01
     65650,      0.676927,CP5_after_vdif,   1,    0.0000000000E+00,    4.6289887938E+01,    4.6289887938E+01,    0.0000000000E+00,    0.0000000000E+00,    0.0000000000E+00,    4.6289887938E+01
     65650,      0.676927,CP6_after_kinetics,   1,    0.0000000000E+00,    4.6289887938E+01,    4.6289887938E+01,    0.0000000000E+00,    0.0000000000E+00,    0.0000000000E+00,    4.6289887938E+01
     65650,      0.676927,CP7_after_upper_clamp,   1,    0.0000000000E+00,    4.6289887938E+01,    4.6289887938E+01,    0.0000000000E+00,    0.0000000000E+00,    0.0000000000E+00,    4.6289887938E+01
     65650,      0.676927,CP8_after_OBC,   1,    0.0000000000E+00,    4.6289887938E+01,    4.6289887938E+01,    0.0000000000E+00,    0.0000000000E+00,    0.0000000000E+00,    4.6289887938E+01
     65650,      0.676927,CP9_after_PTsource,   1,    0.0000000000E+00,    4.6289887938E+01,    4.6289887938E+01,    0.0000000000E+00,    0.0000000000E+00,    0.0000000000E+00,    4.6289887938E+01
     65650,      0.676927,CP10_after_neg_clamp,   1,    0.0000000000E+00,    4.6289887938E+01,    4.6289887938E+01,    0.0000000000E+00,    0.0000000000E+00,    0.0000000000E+00,    4.6289887938E+01
     65650,      0.676927,CP11_after_MPI,   1,    0.0000000000E+00,    4.6289887938E+01,    4.6289887938E+01,    0.0000000000E+00,    0.0000000000E+00,    0.0000000000E+00,    4.6289887938E+01
     65650,      0.676927,CP12_end,   1,    0.0000000000E+00,    4.6289887938E+01,    4.6289887938E+01,    0.0000000000E+00,    0.0000000000E+00,    0.0000000000E+00,    4.6289887938E+01
     65700,      0.676927,CP0_start,   1,    0.0000000000E+00,    4.6353213363E+01,    4.6353213363E+01,    0.0000000000E+00,    0.0000000000E+00,    0.0000000000E+00,    4.6353213363E+01
     65700,      0.676927,CP1_after_deposition,   1,    0.0000000000E+00,    4.6353213363E+01,    4.6353213363E+01,    0.0000000000E+00,    0.0000000000E+00,    0.0000000000E+00,    4.6353213363E+01
     65700,      0.676927,CP2_after_erosion,   1,    0.0000000000E+00,    4.6353213363E+01,    4.6353213363E+01,    0.0000000000E+00,    0.0000000000E+00,    0.0000000000E+00,    4.6353213363E+01
     65700,      0.676927,CP3_after_update_bottom,   1,    0.0000000000E+00,    4.6353213363E+01,    4.6353213363E+01,    0.0000000000E+00,    0.0000000000E+00,    0.0000000000E+00,    4.6353213363E+01
     65700,      0.676927,CP4_after_advection,   1,    0.0000000000E+00,    4.6353202740E+01,    4.6353202740E+01,    0.0000000000E+00,    0.0000000000E+00,    0.0000000000E+00,    4.6353202740E+01
     65700,      0.676927,CP5_after_vdif,   1,    0.0000000000E+00,    4.6353202740E+01,    4.6353202740E+01,    0.0000000000E+00,    0.0000000000E+00,    0.0000000000E+00,    4.6353202740E+01
     65700,      0.676927,CP6_after_kinetics,   1,    0.0000000000E+00,    4.6353202740E+01,    4.6353202740E+01,    0.0000000000E+00,    0.0000000000E+00,    0.0000000000E+00,    4.6353202740E+01
     65700,      0.676927,CP7_after_upper_clamp,   1,    0.0000000000E+00,    4.6353202740E+01,    4.6353202740E+01,    0.0000000000E+00,    0.0000000000E+00,    0.0000000000E+00,    4.6353202740E+01
     65700,      0.676927,CP8_after_OBC,   1,    0.0000000000E+00,    4.6353202740E+01,    4.6353202740E+01,    0.0000000000E+00,    0.0000000000E+00,    0.0000000000E+00,    4.6353202740E+01
     65700,      0.676927,CP9_after_PTsource,   1,    0.0000000000E+00,    4.6353202740E+01,    4.6353202740E+01,    0.0000000000E+00,    0.0000000000E+00,    0.0000000000E+00,    4.6353202740E+01
     65700,      0.676927,CP10_after_neg_clamp,   1,    0.0000000000E+00,    4.6353202740E+01,    4.6353202740E+01,    0.0000000000E+00,    0.0000000000E+00,    0.0000000000E+00,    4.6353202740E+01
     65700,      0.676927,CP11_after_MPI,   1,    0.0000000000E+00,    4.6353202740E+01,    4.6353202740E+01,    0.0000000000E+00,    0.0000000000E+00,    0.0000000000E+00,    4.6353202740E+01
     65700,      0.676927,CP12_end,   1,    0.0000000000E+00,    4.6353202740E+01,    4.6353202740E+01,    0.0000000000E+00,    0.0000000000E+00,    0.0000000000E+00,    4.6353202740E+01
     65750,      0.676927,CP0_start,   1,    0.0000000000E+00,    4.6416609361E+01,    4.6416609361E+01,    0.0000000000E+00,    0.0000000000E+00,    0.0000000000E+00,    4.6416609361E+01
     65750,      0.676927,CP1_after_deposition,   1,    0.0000000000E+00,    4.6416609361E+01,    4.6416609361E+01,    0.0000000000E+00,    0.0000000000E+00,    0.0000000000E+00,    4.6416609361E+01
     65750,      0.676927,CP2_after_erosion,   1,    0.0000000000E+00,    4.6416609361E+01,    4.6416609361E+01,    0.0000000000E+00,    0.0000000000E+00,    0.0000000000E+00,    4.6416609361E+01
     65750,      0.676927,CP3_after_update_bottom,   1,    0.0000000000E+00,    4.6416609361E+01,    4.6416609361E+01,    0.0000000000E+00,    0.0000000000E+00,    0.0000000000E+00,    4.6416609361E+01
     65750,      0.676927,CP4_after_advection,   1,    0.0000000000E+00,    4.6416551343E+01,    4.6416551343E+01,    0.0000000000E+00,    0.0000000000E+00,    0.0000000000E+00,    4.6416551343E+01
     65750,      0.676927,CP5_after_vdif,   1,    0.0000000000E+00,    4.6416551343E+01,    4.6416551343E+01,    0.0000000000E+00,    0.0000000000E+00,    0.0000000000E+00,    4.6416551343E+01
     65750,      0.676927,CP6_after_kinetics,   1,    0.0000000000E+00,    4.6416551343E+01,    4.6416551343E+01,    0.0000000000E+00,    0.0000000000E+00,    0.0000000000E+00,    4.6416551343E+01
     65750,      0.676927,CP7_after_upper_clamp,   1,    0.0000000000E+00,    4.6416551343E+01,    4.6416551343E+01,    0.0000000000E+00,    0.0000000000E+00,    0.0000000000E+00,    4.6416551343E+01
     65750,      0.676927,CP8_after_OBC,   1,    0.0000000000E+00,    4.6416551343E+01,    4.6416551343E+01,    0.0000000000E+00,    0.0000000000E+00,    0.0000000000E+00,    4.6416551343E+01
     65750,      0.676927,CP9_after_PTsource,   1,    0.0000000000E+00,    4.6416551343E+01,    4.6416551343E+01,    0.0000000000E+00,    0.0000000000E+00,    0.0000000000E+00,    4.6416551343E+01
     65750,      0.676927,CP10_after_neg_clamp,   1,    0.0000000000E+00,    4.6416551343E+01,    4.6416551343E+01,    0.0000000000E+00,    0.0000000000E+00,    0.0000000000E+00,    4.6416551343E+01
     65750,      0.676927,CP11_after_MPI,   1,    0.0000000000E+00,    4.6416551343E+01,    4.6416551343E+01,    0.0000000000E+00,    0.0000000000E+00,    0.0000000000E+00,    4.6416551343E+01
     65750,      0.676927,CP12_end,   1,    0.0000000000E+00,    4.6416551343E+01,    4.6416551343E+01,    0.0000000000E+00,    0.0000000000E+00,    0.0000000000E+00,    4.6416551343E+01
     65800,      0.676927,CP0_start,   1,    0.0000000000E+00,    4.6480000595E+01,    4.6480000595E+01,    0.0000000000E+00,    0.0000000000E+00,    0.0000000000E+00,    4.6480000595E+01
     65800,      0.676927,CP1_after_deposition,   1,    0.0000000000E+00,    4.6480000595E+01,    4.6480000595E+01,    0.0000000000E+00,    0.0000000000E+00,    0.0000000000E+00,    4.6480000595E+01
     65800,      0.676927,CP2_after_erosion,   1,    0.0000000000E+00,    4.6480000595E+01,    4.6480000595E+01,    0.0000000000E+00,    0.0000000000E+00,    0.0000000000E+00,    4.6480000595E+01
     65800,      0.676927,CP3_after_update_bottom,   1,    0.0000000000E+00,    4.6480000595E+01,    4.6480000595E+01,    0.0000000000E+00,    0.0000000000E+00,    0.0000000000E+00,    4.6480000595E+01
     65800,      0.676927,CP4_after_advection,   1,    0.0000000000E+00,    4.6479893615E+01,    4.6479893615E+01,    0.0000000000E+00,    0.0000000000E+00,    0.0000000000E+00,    4.6479893615E+01
     65800,      0.676927,CP5_after_vdif,   1,    0.0000000000E+00,    4.6479893615E+01,    4.6479893615E+01,    0.0000000000E+00,    0.0000000000E+00,    0.0000000000E+00,    4.6479893615E+01
     65800,      0.676927,CP6_after_kinetics,   1,    0.0000000000E+00,    4.6479893615E+01,    4.6479893615E+01,    0.0000000000E+00,    0.0000000000E+00,    0.0000000000E+00,    4.6479893615E+01
     65800,      0.676927,CP7_after_upper_clamp,   1,    0.0000000000E+00,    4.6479893615E+01,    4.6479893615E+01,    0.0000000000E+00,    0.0000000000E+00,    0.0000000000E+00,    4.6479893615E+01
     65800,      0.676927,CP8_after_OBC,   1,    0.0000000000E+00,    4.6479893615E+01,    4.6479893615E+01,    0.0000000000E+00,    0.0000000000E+00,    0.0000000000E+00,    4.6479893615E+01
     65800,      0.676927,CP9_after_PTsource,   1,    0.0000000000E+00,    4.6479893615E+01,    4.6479893615E+01,    0.0000000000E+00,    0.0000000000E+00,    0.0000000000E+00,    4.6479893615E+01
     65800,      0.676927,CP10_after_neg_clamp,   1,    0.0000000000E+00,    4.6479893615E+01,    4.6479893615E+01,    0.0000000000E+00,    0.0000000000E+00,    0.0000000000E+00,    4.6479893615E+01
     65800,      0.676927,CP11_after_MPI,   1,    0.0000000000E+00,    4.6479893615E+01,    4.6479893615E+01,    0.0000000000E+00,    0.0000000000E+00,    0.0000000000E+00,    4.6479893615E+01
     65800,      0.676927,CP12_end,   1,    0.0000000000E+00,    4.6479893615E+01,    4.6479893615E+01,    0.0000000000E+00,    0.0000000000E+00,    0.0000000000E+00,    4.6479893615E+01
     65850,      0.676927,CP0_start,   1,    0.0000000000E+00,    4.6543311925E+01,    4.6543311925E+01,    0.0000000000E+00,    0.0000000000E+00,    0.0000000000E+00,    4.6543311925E+01
     65850,      0.676927,CP1_after_deposition,   1,    0.0000000000E+00,    4.6543311925E+01,    4.6543311925E+01,    0.0000000000E+00,    0.0000000000E+00,    0.0000000000E+00,    4.6543311925E+01
     65850,      0.676927,CP2_after_erosion,   1,    0.0000000000E+00,    4.6543311925E+01,    4.6543311925E+01,    0.0000000000E+00,    0.0000000000E+00,    0.0000000000E+00,    4.6543311925E+01
     65850,      0.676927,CP3_after_update_bottom,   1,    0.0000000000E+00,    4.6543311925E+01,    4.6543311925E+01,    0.0000000000E+00,    0.0000000000E+00,    0.0000000000E+00,    4.6543311925E+01
     65850,      0.676927,CP4_after_advection,   1,    0.0000000000E+00,    4.6543154651E+01,    4.6543154651E+01,    0.0000000000E+00,    0.0000000000E+00,    0.0000000000E+00,    4.6543154651E+01
     65850,      0.676927,CP5_after_vdif,   1,    0.0000000000E+00,    4.6543154651E+01,    4.6543154651E+01,    0.0000000000E+00,    0.0000000000E+00,    0.0000000000E+00,    4.6543154651E+01
     65850,      0.676927,CP6_after_kinetics,   1,    0.0000000000E+00,    4.6543154651E+01,    4.6543154651E+01,    0.0000000000E+00,    0.0000000000E+00,    0.0000000000E+00,    4.6543154651E+01
     65850,      0.676927,CP7_after_upper_clamp,   1,    0.0000000000E+00,    4.6543154651E+01,    4.6543154651E+01,    0.0000000000E+00,    0.0000000000E+00,    0.0000000000E+00,    4.6543154651E+01
     65850,      0.676927,CP8_after_OBC,   1,    0.0000000000E+00,    4.6543154651E+01,    4.6543154651E+01,    0.0000000000E+00,    0.0000000000E+00,    0.0000000000E+00,    4.6543154651E+01
     65850,      0.676927,CP9_after_PTsource,   1,    0.0000000000E+00,    4.6543154651E+01,    4.6543154651E+01,    0.0000000000E+00,    0.0000000000E+00,    0.0000000000E+00,    4.6543154651E+01
     65850,      0.676927,CP10_after_neg_clamp,   1,    0.0000000000E+00,    4.6543154651E+01,    4.6543154651E+01,    0.0000000000E+00,    0.0000000000E+00,    0.0000000000E+00,    4.6543154651E+01
     65850,      0.676927,CP11_after_MPI,   1,    0.0000000000E+00,    4.6543154651E+01,    4.6543154651E+01,    0.0000000000E+00,    0.0000000000E+00,    0.0000000000E+00,    4.6543154651E+01
     65850,      0.676927,CP12_end,   1,    0.0000000000E+00,    4.6543154651E+01,    4.6543154651E+01,    0.0000000000E+00,    0.0000000000E+00,    0.0000000000E+00,    4.6543154651E+01
     65900,      0.676927,CP0_start,   1,    0.0000000000E+00,    4.6606438471E+01,    4.6606438471E+01,    0.0000000000E+00,    0.0000000000E+00,    0.0000000000E+00,    4.6606438471E+01
     65900,      0.676927,CP1_after_deposition,   1,    0.0000000000E+00,    4.6606438471E+01,    4.6606438471E+01,    0.0000000000E+00,    0.0000000000E+00,    0.0000000000E+00,    4.6606438471E+01
     65900,      0.676927,CP2_after_erosion,   1,    0.0000000000E+00,    4.6606438471E+01,    4.6606438471E+01,    0.0000000000E+00,    0.0000000000E+00,    0.0000000000E+00,    4.6606438471E+01
     65900,      0.676927,CP3_after_update_bottom,   1,    0.0000000000E+00,    4.6606438471E+01,    4.6606438471E+01,    0.0000000000E+00,    0.0000000000E+00,    0.0000000000E+00,    4.6606438471E+01
     65900,      0.676927,CP4_after_advection,   1,    0.0000000000E+00,    4.6606228230E+01,    4.6606228230E+01,    0.0000000000E+00,    0.0000000000E+00,    0.0000000000E+00,    4.6606228230E+01
     65900,      0.676927,CP5_after_vdif,   1,    0.0000000000E+00,    4.6606228230E+01,    4.6606228230E+01,    0.0000000000E+00,    0.0000000000E+00,    0.0000000000E+00,    4.6606228230E+01
     65900,      0.676927,CP6_after_kinetics,   1,    0.0000000000E+00,    4.6606228230E+01,    4.6606228230E+01,    0.0000000000E+00,    0.0000000000E+00,    0.0000000000E+00,    4.6606228230E+01
     65900,      0.676927,CP7_after_upper_clamp,   1,    0.0000000000E+00,    4.6606228230E+01,    4.6606228230E+01,    0.0000000000E+00,    0.0000000000E+00,    0.0000000000E+00,    4.6606228230E+01
     65900,      0.676927,CP8_after_OBC,   1,    0.0000000000E+00,    4.6606228230E+01,    4.6606228230E+01,    0.0000000000E+00,    0.0000000000E+00,    0.0000000000E+00,    4.6606228230E+01
     65900,      0.676927,CP9_after_PTsource,   1,    0.0000000000E+00,    4.6606228230E+01,    4.6606228230E+01,    0.0000000000E+00,    0.0000000000E+00,    0.0000000000E+00,    4.6606228230E+01
     65900,      0.676927,CP10_after_neg_clamp,   1,    0.0000000000E+00,    4.6606228230E+01,    4.6606228230E+01,    0.0000000000E+00,    0.0000000000E+00,    0.0000000000E+00,    4.6606228230E+01
     65900,      0.676927,CP11_after_MPI,   1,    0.0000000000E+00,    4.6606228230E+01,    4.6606228230E+01,    0.0000000000E+00,    0.0000000000E+00,    0.0000000000E+00,    4.6606228230E+01
     65900,      0.676927,CP12_end,   1,    0.0000000000E+00,    4.6606228230E+01,    4.6606228230E+01,    0.0000000000E+00,    0.0000000000E+00,    0.0000000000E+00,    4.6606228230E+01
     65950,      0.676927,CP0_start,   1,    0.0000000000E+00,    4.6669270183E+01,    4.6669270183E+01,    0.0000000000E+00,    0.0000000000E+00,    0.0000000000E+00,    4.6669270183E+01
     65950,      0.676927,CP1_after_deposition,   1,    0.0000000000E+00,    4.6669270183E+01,    4.6669270183E+01,    0.0000000000E+00,    0.0000000000E+00,    0.0000000000E+00,    4.6669270183E+01
     65950,      0.676927,CP2_after_erosion,   1,    0.0000000000E+00,    4.6669270183E+01,    4.6669270183E+01,    0.0000000000E+00,    0.0000000000E+00,    0.0000000000E+00,    4.6669270183E+01
     65950,      0.676927,CP3_after_update_bottom,   1,    0.0000000000E+00,    4.6669270183E+01,    4.6669270183E+01,    0.0000000000E+00,    0.0000000000E+00,    0.0000000000E+00,    4.6669270183E+01
     65950,      0.676927,CP4_after_advection,   1,    0.0000000000E+00,    4.6669005334E+01,    4.6669005334E+01,    0.0000000000E+00,    0.0000000000E+00,    0.0000000000E+00,    4.6669005334E+01
     65950,      0.676927,CP5_after_vdif,   1,    0.0000000000E+00,    4.6669005334E+01,    4.6669005334E+01,    0.0000000000E+00,    0.0000000000E+00,    0.0000000000E+00,    4.6669005334E+01
     65950,      0.676927,CP6_after_kinetics,   1,    0.0000000000E+00,    4.6669005334E+01,    4.6669005334E+01,    0.0000000000E+00,    0.0000000000E+00,    0.0000000000E+00,    4.6669005334E+01
     65950,      0.676927,CP7_after_upper_clamp,   1,    0.0000000000E+00,    4.6669005334E+01,    4.6669005334E+01,    0.0000000000E+00,    0.0000000000E+00,    0.0000000000E+00,    4.6669005334E+01
     65950,      0.676927,CP8_after_OBC,   1,    0.0000000000E+00,    4.6669005334E+01,    4.6669005334E+01,    0.0000000000E+00,    0.0000000000E+00,    0.0000000000E+00,    4.6669005334E+01
     65950,      0.676927,CP9_after_PTsource,   1,    0.0000000000E+00,    4.6669005334E+01,    4.6669005334E+01,    0.0000000000E+00,    0.0000000000E+00,    0.0000000000E+00,    4.6669005334E+01
     65950,      0.676927,CP10_after_neg_clamp,   1,    0.0000000000E+00,    4.6669005334E+01,    4.6669005334E+01,    0.0000000000E+00,    0.0000000000E+00,    0.0000000000E+00,    4.6669005334E+01
     65950,      0.676927,CP11_after_MPI,   1,    0.0000000000E+00,    4.6669005334E+01,    4.6669005334E+01,    0.0000000000E+00,    0.0000000000E+00,    0.0000000000E+00,    4.6669005334E+01
     65950,      0.676927,CP12_end,   1,    0.0000000000E+00,    4.6669005334E+01,    4.6669005334E+01,    0.0000000000E+00,    0.0000000000E+00,    0.0000000000E+00,    4.6669005334E+01
     66000,      0.676927,CP0_start,   1,    0.0000000000E+00,    4.6731745336E+01,    4.6731745336E+01,    0.0000000000E+00,    0.0000000000E+00,    0.0000000000E+00,    4.6731745336E+01
     66000,      0.676927,CP1_after_deposition,   1,    0.0000000000E+00,    4.6731745336E+01,    4.6731745336E+01,    0.0000000000E+00,    0.0000000000E+00,    0.0000000000E+00,    4.6731745336E+01
     66000,      0.676927,CP2_after_erosion,   1,    0.0000000000E+00,    4.6731745336E+01,    4.6731745336E+01,    0.0000000000E+00,    0.0000000000E+00,    0.0000000000E+00,    4.6731745336E+01
     66000,      0.676927,CP3_after_update_bottom,   1,    0.0000000000E+00,    4.6731745336E+01,    4.6731745336E+01,    0.0000000000E+00,    0.0000000000E+00,    0.0000000000E+00,    4.6731745336E+01
     66000,      0.676927,CP4_after_advection,   1,    0.0000000000E+00,    4.6731426047E+01,    4.6731426047E+01,    0.0000000000E+00,    0.0000000000E+00,    0.0000000000E+00,    4.6731426047E+01
     66000,      0.676927,CP5_after_vdif,   1,    0.0000000000E+00,    4.6731426047E+01,    4.6731426047E+01,    0.0000000000E+00,    0.0000000000E+00,    0.0000000000E+00,    4.6731426047E+01
     66000,      0.676927,CP6_after_kinetics,   1,    0.0000000000E+00,    4.6731426047E+01,    4.6731426047E+01,    0.0000000000E+00,    0.0000000000E+00,    0.0000000000E+00,    4.6731426047E+01
     66000,      0.676927,CP7_after_upper_clamp,   1,    0.0000000000E+00,    4.6731426047E+01,    4.6731426047E+01,    0.0000000000E+00,    0.0000000000E+00,    0.0000000000E+00,    4.6731426047E+01
     66000,      0.676927,CP8_after_OBC,   1,    0.0000000000E+00,    4.6731426047E+01,    4.6731426047E+01,    0.0000000000E+00,    0.0000000000E+00,    0.0000000000E+00,    4.6731426047E+01
     66000,      0.676927,CP9_after_PTsource,   1,    0.0000000000E+00,    4.6731426047E+01,    4.6731426047E+01,    0.0000000000E+00,    0.0000000000E+00,    0.0000000000E+00,    4.6731426047E+01
     66000,      0.676927,CP10_after_neg_clamp,   1,    0.0000000000E+00,    4.6731426047E+01,    4.6731426047E+01,    0.0000000000E+00,    0.0000000000E+00,    0.0000000000E+00,    4.6731426047E+01
     66000,      0.676927,CP11_after_MPI,   1,    0.0000000000E+00,    4.6731426047E+01,    4.6731426047E+01,    0.0000000000E+00,    0.0000000000E+00,    0.0000000000E+00,    4.6731426047E+01
     66000,      0.676927,CP12_end,   1,    0.0000000000E+00,    4.6731426047E+01,    4.6731426047E+01,    0.0000000000E+00,    0.0000000000E+00,    0.0000000000E+00,    4.6731426047E+01
     66050,      0.676927,CP0_start,   1,    0.0000000000E+00,    4.6793883099E+01,    4.6793883099E+01,    0.0000000000E+00,    0.0000000000E+00,    0.0000000000E+00,    4.6793883099E+01
     66050,      0.676927,CP1_after_deposition,   1,    0.0000000000E+00,    4.6793883099E+01,    4.6793883099E+01,    0.0000000000E+00,    0.0000000000E+00,    0.0000000000E+00,    4.6793883099E+01
     66050,      0.676927,CP2_after_erosion,   1,    0.0000000000E+00,    4.6793883099E+01,    4.6793883099E+01,    0.0000000000E+00,    0.0000000000E+00,    0.0000000000E+00,    4.6793883099E+01
     66050,      0.676927,CP3_after_update_bottom,   1,    0.0000000000E+00,    4.6793883099E+01,    4.6793883099E+01,    0.0000000000E+00,    0.0000000000E+00,    0.0000000000E+00,    4.6793883099E+01
     66050,      0.676927,CP4_after_advection,   1,    0.0000000000E+00,    4.6793511312E+01,    4.6793511312E+01,    0.0000000000E+00,    0.0000000000E+00,    0.0000000000E+00,    4.6793511312E+01
     66050,      0.676927,CP5_after_vdif,   1,    0.0000000000E+00,    4.6793511312E+01,    4.6793511312E+01,    0.0000000000E+00,    0.0000000000E+00,    0.0000000000E+00,    4.6793511312E+01
     66050,      0.676927,CP6_after_kinetics,   1,    0.0000000000E+00,    4.6793511312E+01,    4.6793511312E+01,    0.0000000000E+00,    0.0000000000E+00,    0.0000000000E+00,    4.6793511312E+01
     66050,      0.676927,CP7_after_upper_clamp,   1,    0.0000000000E+00,    4.6793511312E+01,    4.6793511312E+01,    0.0000000000E+00,    0.0000000000E+00,    0.0000000000E+00,    4.6793511312E+01
     66050,      0.676927,CP8_after_OBC,   1,    0.0000000000E+00,    4.6793511312E+01,    4.6793511312E+01,    0.0000000000E+00,    0.0000000000E+00,    0.0000000000E+00,    4.6793511312E+01
     66050,      0.676927,CP9_after_PTsource,   1,    0.0000000000E+00,    4.6793511312E+01,    4.6793511312E+01,    0.0000000000E+00,    0.0000000000E+00,    0.0000000000E+00,    4.6793511312E+01
     66050,      0.676927,CP10_after_neg_clamp,   1,    0.0000000000E+00,    4.6793511312E+01,    4.6793511312E+01,    0.0000000000E+00,    0.0000000000E+00,    0.0000000000E+00,    4.6793511312E+01
     66050,      0.676927,CP11_after_MPI,   1,    0.0000000000E+00,    4.6793511312E+01,    4.6793511312E+01,    0.0000000000E+00,    0.0000000000E+00,    0.0000000000E+00,    4.6793511312E+01
     66050,      0.676927,CP12_end,   1,    0.0000000000E+00,    4.6793511312E+01,    4.6793511312E+01,    0.0000000000E+00,    0.0000000000E+00,    0.0000000000E+00,    4.6793511312E+01
     66100,      0.676927,CP0_start,   1,    0.0000000000E+00,    4.6855770561E+01,    4.6855770561E+01,    0.0000000000E+00,    0.0000000000E+00,    0.0000000000E+00,    4.6855770561E+01
     66100,      0.676927,CP1_after_deposition,   1,    0.0000000000E+00,    4.6855770561E+01,    4.6855770561E+01,    0.0000000000E+00,    0.0000000000E+00,    0.0000000000E+00,    4.6855770561E+01
     66100,      0.676927,CP2_after_erosion,   1,    0.0000000000E+00,    4.6855770561E+01,    4.6855770561E+01,    0.0000000000E+00,    0.0000000000E+00,    0.0000000000E+00,    4.6855770561E+01
     66100,      0.676927,CP3_after_update_bottom,   1,    0.0000000000E+00,    4.6855770561E+01,    4.6855770561E+01,    0.0000000000E+00,    0.0000000000E+00,    0.0000000000E+00,    4.6855770561E+01
     66100,      0.676927,CP4_after_advection,   1,    0.0000000000E+00,    4.6855349148E+01,    4.6855349148E+01,    0.0000000000E+00,    0.0000000000E+00,    0.0000000000E+00,    4.6855349148E+01
     66100,      0.676927,CP5_after_vdif,   1,    0.0000000000E+00,    4.6855349148E+01,    4.6855349148E+01,    0.0000000000E+00,    0.0000000000E+00,    0.0000000000E+00,    4.6855349148E+01
     66100,      0.676927,CP6_after_kinetics,   1,    0.0000000000E+00,    4.6855349148E+01,    4.6855349148E+01,    0.0000000000E+00,    0.0000000000E+00,    0.0000000000E+00,    4.6855349148E+01
     66100,      0.676927,CP7_after_upper_clamp,   1,    0.0000000000E+00,    4.6855349148E+01,    4.6855349148E+01,    0.0000000000E+00,    0.0000000000E+00,    0.0000000000E+00,    4.6855349148E+01
     66100,      0.676927,CP8_after_OBC,   1,    0.0000000000E+00,    4.6855349148E+01,    4.6855349148E+01,    0.0000000000E+00,    0.0000000000E+00,    0.0000000000E+00,    4.6855349148E+01
     66100,      0.676927,CP9_after_PTsource,   1,    0.0000000000E+00,    4.6855349148E+01,    4.6855349148E+01,    0.0000000000E+00,    0.0000000000E+00,    0.0000000000E+00,    4.6855349148E+01
     66100,      0.676927,CP10_after_neg_clamp,   1,    0.0000000000E+00,    4.6855349148E+01,    4.6855349148E+01,    0.0000000000E+00,    0.0000000000E+00,    0.0000000000E+00,    4.6855349148E+01
     66100,      0.676927,CP11_after_MPI,   1,    0.0000000000E+00,    4.6855349148E+01,    4.6855349148E+01,    0.0000000000E+00,    0.0000000000E+00,    0.0000000000E+00,    4.6855349148E+01
     66100,      0.676927,CP12_end,   1,    0.0000000000E+00,    4.6855349148E+01,    4.6855349148E+01,    0.0000000000E+00,    0.0000000000E+00,    0.0000000000E+00,    4.6855349148E+01
     66150,      0.676927,CP0_start,   1,    0.0000000000E+00,    4.6917505861E+01,    4.6917505861E+01,    0.0000000000E+00,    0.0000000000E+00,    0.0000000000E+00,    4.6917505861E+01
     66150,      0.676927,CP1_after_deposition,   1,    0.0000000000E+00,    4.6917505861E+01,    4.6917505861E+01,    0.0000000000E+00,    0.0000000000E+00,    0.0000000000E+00,    4.6917505861E+01
     66150,      0.676927,CP2_after_erosion,   1,    0.0000000000E+00,    4.6917505861E+01,    4.6917505861E+01,    0.0000000000E+00,    0.0000000000E+00,    0.0000000000E+00,    4.6917505861E+01
     66150,      0.676927,CP3_after_update_bottom,   1,    0.0000000000E+00,    4.6917505861E+01,    4.6917505861E+01,    0.0000000000E+00,    0.0000000000E+00,    0.0000000000E+00,    4.6917505861E+01
     66150,      0.676927,CP4_after_advection,   1,    0.0000000000E+00,    4.6917038022E+01,    4.6917038022E+01,    0.0000000000E+00,    0.0000000000E+00,    0.0000000000E+00,    4.6917038022E+01
     66150,      0.676927,CP5_after_vdif,   1,    0.0000000000E+00,    4.6917038022E+01,    4.6917038022E+01,    0.0000000000E+00,    0.0000000000E+00,    0.0000000000E+00,    4.6917038022E+01
     66150,      0.676927,CP6_after_kinetics,   1,    0.0000000000E+00,    4.6917038022E+01,    4.6917038022E+01,    0.0000000000E+00,    0.0000000000E+00,    0.0000000000E+00,    4.6917038022E+01
     66150,      0.676927,CP7_after_upper_clamp,   1,    0.0000000000E+00,    4.6917038022E+01,    4.6917038022E+01,    0.0000000000E+00,    0.0000000000E+00,    0.0000000000E+00,    4.6917038022E+01
     66150,      0.676927,CP8_after_OBC,   1,    0.0000000000E+00,    4.6917038022E+01,    4.6917038022E+01,    0.0000000000E+00,    0.0000000000E+00,    0.0000000000E+00,    4.6917038022E+01
     66150,      0.676927,CP9_after_PTsource,   1,    0.0000000000E+00,    4.6917038022E+01,    4.6917038022E+01,    0.0000000000E+00,    0.0000000000E+00,    0.0000000000E+00,    4.6917038022E+01
     66150,      0.676927,CP10_after_neg_clamp,   1,    0.0000000000E+00,    4.6917038022E+01,    4.6917038022E+01,    0.0000000000E+00,    0.0000000000E+00,    0.0000000000E+00,    4.6917038022E+01
     66150,      0.676927,CP11_after_MPI,   1,    0.0000000000E+00,    4.6917038022E+01,    4.6917038022E+01,    0.0000000000E+00,    0.0000000000E+00,    0.0000000000E+00,    4.6917038022E+01
     66150,      0.676927,CP12_end,   1,    0.0000000000E+00,    4.6917038022E+01,    4.6917038022E+01,    0.0000000000E+00,    0.0000000000E+00,    0.0000000000E+00,    4.6917038022E+01
     66200,      0.676927,CP0_start,   1,    0.0000000000E+00,    4.6979247487E+01,    4.6979247487E+01,    0.0000000000E+00,    0.0000000000E+00,    0.0000000000E+00,    4.6979247487E+01
     66200,      0.676927,CP1_after_deposition,   1,    0.0000000000E+00,    4.6979247487E+01,    4.6979247487E+01,    0.0000000000E+00,    0.0000000000E+00,    0.0000000000E+00,    4.6979247487E+01
     66200,      0.676927,CP2_after_erosion,   1,    0.0000000000E+00,    4.6979247487E+01,    4.6979247487E+01,    0.0000000000E+00,    0.0000000000E+00,    0.0000000000E+00,    4.6979247487E+01
     66200,      0.676927,CP3_after_update_bottom,   1,    0.0000000000E+00,    4.6979247487E+01,    4.6979247487E+01,    0.0000000000E+00,    0.0000000000E+00,    0.0000000000E+00,    4.6979247487E+01
     66200,      0.676927,CP4_after_advection,   1,    0.0000000000E+00,    4.6978737202E+01,    4.6978737202E+01,    0.0000000000E+00,    0.0000000000E+00,    0.0000000000E+00,    4.6978737202E+01
     66200,      0.676927,CP5_after_vdif,   1,    0.0000000000E+00,    4.6978737202E+01,    4.6978737202E+01,    0.0000000000E+00,    0.0000000000E+00,    0.0000000000E+00,    4.6978737202E+01
     66200,      0.676927,CP6_after_kinetics,   1,    0.0000000000E+00,    4.6978737202E+01,    4.6978737202E+01,    0.0000000000E+00,    0.0000000000E+00,    0.0000000000E+00,    4.6978737202E+01
     66200,      0.676927,CP7_after_upper_clamp,   1,    0.0000000000E+00,    4.6978737202E+01,    4.6978737202E+01,    0.0000000000E+00,    0.0000000000E+00,    0.0000000000E+00,    4.6978737202E+01
     66200,      0.676927,CP8_after_OBC,   1,    0.0000000000E+00,    4.6978737202E+01,    4.6978737202E+01,    0.0000000000E+00,    0.0000000000E+00,    0.0000000000E+00,    4.6978737202E+01
     66200,      0.676927,CP9_after_PTsource,   1,    0.0000000000E+00,    4.6978737202E+01,    4.6978737202E+01,    0.0000000000E+00,    0.0000000000E+00,    0.0000000000E+00,    4.6978737202E+01
     66200,      0.676927,CP10_after_neg_clamp,   1,    0.0000000000E+00,    4.6978737202E+01,    4.6978737202E+01,    0.0000000000E+00,    0.0000000000E+00,    0.0000000000E+00,    4.6978737202E+01
     66200,      0.676927,CP11_after_MPI,   1,    0.0000000000E+00,    4.6978737202E+01,    4.6978737202E+01,    0.0000000000E+00,    0.0000000000E+00,    0.0000000000E+00,    4.6978737202E+01
     66200,      0.676927,CP12_end,   1,    0.0000000000E+00,    4.6978737202E+01,    4.6978737202E+01,    0.0000000000E+00,    0.0000000000E+00,    0.0000000000E+00,    4.6978737202E+01
     66250,      0.676927,CP0_start,   1,    0.0000000000E+00,    4.7041149097E+01,    4.7041149097E+01,    0.0000000000E+00,    0.0000000000E+00,    0.0000000000E+00,    4.7041149097E+01
     66250,      0.676927,CP1_after_deposition,   1,    0.0000000000E+00,    4.7041149097E+01,    4.7041149097E+01,    0.0000000000E+00,    0.0000000000E+00,    0.0000000000E+00,    4.7041149097E+01
     66250,      0.676927,CP2_after_erosion,   1,    0.0000000000E+00,    4.7041149097E+01,    4.7041149097E+01,    0.0000000000E+00,    0.0000000000E+00,    0.0000000000E+00,    4.7041149097E+01
     66250,      0.676927,CP3_after_update_bottom,   1,    0.0000000000E+00,    4.7041149097E+01,    4.7041149097E+01,    0.0000000000E+00,    0.0000000000E+00,    0.0000000000E+00,    4.7041149097E+01
     66250,      0.676927,CP4_after_advection,   1,    0.0000000000E+00,    4.7040599524E+01,    4.7040599524E+01,    0.0000000000E+00,    0.0000000000E+00,    0.0000000000E+00,    4.7040599524E+01
     66250,      0.676927,CP5_after_vdif,   1,    0.0000000000E+00,    4.7040599524E+01,    4.7040599524E+01,    0.0000000000E+00,    0.0000000000E+00,    0.0000000000E+00,    4.7040599524E+01
     66250,      0.676927,CP6_after_kinetics,   1,    0.0000000000E+00,    4.7040599524E+01,    4.7040599524E+01,    0.0000000000E+00,    0.0000000000E+00,    0.0000000000E+00,    4.7040599524E+01
     66250,      0.676927,CP7_after_upper_clamp,   1,    0.0000000000E+00,    4.7040599524E+01,    4.7040599524E+01,    0.0000000000E+00,    0.0000000000E+00,    0.0000000000E+00,    4.7040599524E+01
     66250,      0.676927,CP8_after_OBC,   1,    0.0000000000E+00,    4.7040599524E+01,    4.7040599524E+01,    0.0000000000E+00,    0.0000000000E+00,    0.0000000000E+00,    4.7040599524E+01
     66250,      0.676927,CP9_after_PTsource,   1,    0.0000000000E+00,    4.7040599524E+01,    4.7040599524E+01,    0.0000000000E+00,    0.0000000000E+00,    0.0000000000E+00,    4.7040599524E+01
     66250,      0.676927,CP10_after_neg_clamp,   1,    0.0000000000E+00,    4.7040599524E+01,    4.7040599524E+01,    0.0000000000E+00,    0.0000000000E+00,    0.0000000000E+00,    4.7040599524E+01
     66250,      0.676927,CP11_after_MPI,   1,    0.0000000000E+00,    4.7040599524E+01,    4.7040599524E+01,    0.0000000000E+00,    0.0000000000E+00,    0.0000000000E+00,    4.7040599524E+01
     66250,      0.676927,CP12_end,   1,    0.0000000000E+00,    4.7040599524E+01,    4.7040599524E+01,    0.0000000000E+00,    0.0000000000E+00,    0.0000000000E+00,    4.7040599524E+01
     66300,      0.676927,CP0_start,   1,    0.0000000000E+00,    4.7103262274E+01,    4.7103262274E+01,    0.0000000000E+00,    0.0000000000E+00,    0.0000000000E+00,    4.7103262274E+01
     66300,      0.676927,CP1_after_deposition,   1,    0.0000000000E+00,    4.7103262274E+01,    4.7103262274E+01,    0.0000000000E+00,    0.0000000000E+00,    0.0000000000E+00,    4.7103262274E+01
     66300,      0.676927,CP2_after_erosion,   1,    0.0000000000E+00,    4.7103262274E+01,    4.7103262274E+01,    0.0000000000E+00,    0.0000000000E+00,    0.0000000000E+00,    4.7103262274E+01
     66300,      0.676927,CP3_after_update_bottom,   1,    0.0000000000E+00,    4.7103262274E+01,    4.7103262274E+01,    0.0000000000E+00,    0.0000000000E+00,    0.0000000000E+00,    4.7103262274E+01
     66300,      0.676927,CP4_after_advection,   1,    0.0000000000E+00,    4.7102675229E+01,    4.7102675229E+01,    0.0000000000E+00,    0.0000000000E+00,    0.0000000000E+00,    4.7102675229E+01
     66300,      0.676927,CP5_after_vdif,   1,    0.0000000000E+00,    4.7102675229E+01,    4.7102675229E+01,    0.0000000000E+00,    0.0000000000E+00,    0.0000000000E+00,    4.7102675229E+01
     66300,      0.676927,CP6_after_kinetics,   1,    0.0000000000E+00,    4.7102675229E+01,    4.7102675229E+01,    0.0000000000E+00,    0.0000000000E+00,    0.0000000000E+00,    4.7102675229E+01
     66300,      0.676927,CP7_after_upper_clamp,   1,    0.0000000000E+00,    4.7102675229E+01,    4.7102675229E+01,    0.0000000000E+00,    0.0000000000E+00,    0.0000000000E+00,    4.7102675229E+01
     66300,      0.676927,CP8_after_OBC,   1,    0.0000000000E+00,    4.7102675229E+01,    4.7102675229E+01,    0.0000000000E+00,    0.0000000000E+00,    0.0000000000E+00,    4.7102675229E+01
     66300,      0.676927,CP9_after_PTsource,   1,    0.0000000000E+00,    4.7102675229E+01,    4.7102675229E+01,    0.0000000000E+00,    0.0000000000E+00,    0.0000000000E+00,    4.7102675229E+01
     66300,      0.676927,CP10_after_neg_clamp,   1,    0.0000000000E+00,    4.7102675229E+01,    4.7102675229E+01,    0.0000000000E+00,    0.0000000000E+00,    0.0000000000E+00,    4.7102675229E+01
     66300,      0.676927,CP11_after_MPI,   1,    0.0000000000E+00,    4.7102675229E+01,    4.7102675229E+01,    0.0000000000E+00,    0.0000000000E+00,    0.0000000000E+00,    4.7102675229E+01
     66300,      0.676927,CP12_end,   1,    0.0000000000E+00,    4.7102675229E+01,    4.7102675229E+01,    0.0000000000E+00,    0.0000000000E+00,    0.0000000000E+00,    4.7102675229E+01
     66350,      0.676927,CP0_start,   1,    0.0000000000E+00,    4.7165579412E+01,    4.7165579412E+01,    0.0000000000E+00,    0.0000000000E+00,    0.0000000000E+00,    4.7165579412E+01
     66350,      0.676927,CP1_after_deposition,   1,    0.0000000000E+00,    4.7165579412E+01,    4.7165579412E+01,    0.0000000000E+00,    0.0000000000E+00,    0.0000000000E+00,    4.7165579412E+01
     66350,      0.676927,CP2_after_erosion,   1,    0.0000000000E+00,    4.7165579412E+01,    4.7165579412E+01,    0.0000000000E+00,    0.0000000000E+00,    0.0000000000E+00,    4.7165579412E+01
     66350,      0.676927,CP3_after_update_bottom,   1,    0.0000000000E+00,    4.7165579412E+01,    4.7165579412E+01,    0.0000000000E+00,    0.0000000000E+00,    0.0000000000E+00,    4.7165579412E+01
     66350,      0.676927,CP4_after_advection,   1,    0.0000000000E+00,    4.7164956073E+01,    4.7164956073E+01,    0.0000000000E+00,    0.0000000000E+00,    0.0000000000E+00,    4.7164956073E+01
     66350,      0.676927,CP5_after_vdif,   1,    0.0000000000E+00,    4.7164956073E+01,    4.7164956073E+01,    0.0000000000E+00,    0.0000000000E+00,    0.0000000000E+00,    4.7164956073E+01
     66350,      0.676927,CP6_after_kinetics,   1,    0.0000000000E+00,    4.7164956073E+01,    4.7164956073E+01,    0.0000000000E+00,    0.0000000000E+00,    0.0000000000E+00,    4.7164956073E+01
     66350,      0.676927,CP7_after_upper_clamp,   1,    0.0000000000E+00,    4.7164956073E+01,    4.7164956073E+01,    0.0000000000E+00,    0.0000000000E+00,    0.0000000000E+00,    4.7164956073E+01
     66350,      0.676927,CP8_after_OBC,   1,    0.0000000000E+00,    4.7164956073E+01,    4.7164956073E+01,    0.0000000000E+00,    0.0000000000E+00,    0.0000000000E+00,    4.7164956073E+01
     66350,      0.676927,CP9_after_PTsource,   1,    0.0000000000E+00,    4.7164956073E+01,    4.7164956073E+01,    0.0000000000E+00,    0.0000000000E+00,    0.0000000000E+00,    4.7164956073E+01
     66350,      0.676927,CP10_after_neg_clamp,   1,    0.0000000000E+00,    4.7164956073E+01,    4.7164956073E+01,    0.0000000000E+00,    0.0000000000E+00,    0.0000000000E+00,    4.7164956073E+01
     66350,      0.676927,CP11_after_MPI,   1,    0.0000000000E+00,    4.7164956073E+01,    4.7164956073E+01,    0.0000000000E+00,    0.0000000000E+00,    0.0000000000E+00,    4.7164956073E+01
     66350,      0.676927,CP12_end,   1,    0.0000000000E+00,    4.7164956073E+01,    4.7164956073E+01,    0.0000000000E+00,    0.0000000000E+00,    0.0000000000E+00,    4.7164956073E+01
     66400,      0.676928,CP0_start,   1,    0.0000000000E+00,    4.7228001122E+01,    4.7228001122E+01,    0.0000000000E+00,    0.0000000000E+00,    0.0000000000E+00,    4.7228001122E+01
     66400,      0.676928,CP1_after_deposition,   1,    0.0000000000E+00,    4.7228001122E+01,    4.7228001122E+01,    0.0000000000E+00,    0.0000000000E+00,    0.0000000000E+00,    4.7228001122E+01
     66400,      0.676928,CP2_after_erosion,   1,    0.0000000000E+00,    4.7228001122E+01,    4.7228001122E+01,    0.0000000000E+00,    0.0000000000E+00,    0.0000000000E+00,    4.7228001122E+01
     66400,      0.676928,CP3_after_update_bottom,   1,    0.0000000000E+00,    4.7228001122E+01,    4.7228001122E+01,    0.0000000000E+00,    0.0000000000E+00,    0.0000000000E+00,    4.7228001122E+01
     66400,      0.676928,CP4_after_advection,   1,    0.0000000000E+00,    4.7227340641E+01,    4.7227340641E+01,    0.0000000000E+00,    0.0000000000E+00,    0.0000000000E+00,    4.7227340641E+01
     66400,      0.676928,CP5_after_vdif,   1,    0.0000000000E+00,    4.7227340641E+01,    4.7227340641E+01,    0.0000000000E+00,    0.0000000000E+00,    0.0000000000E+00,    4.7227340641E+01
     66400,      0.676928,CP6_after_kinetics,   1,    0.0000000000E+00,    4.7227340641E+01,    4.7227340641E+01,    0.0000000000E+00,    0.0000000000E+00,    0.0000000000E+00,    4.7227340641E+01
     66400,      0.676928,CP7_after_upper_clamp,   1,    0.0000000000E+00,    4.7227340641E+01,    4.7227340641E+01,    0.0000000000E+00,    0.0000000000E+00,    0.0000000000E+00,    4.7227340641E+01
     66400,      0.676928,CP8_after_OBC,   1,    0.0000000000E+00,    4.7227340641E+01,    4.7227340641E+01,    0.0000000000E+00,    0.0000000000E+00,    0.0000000000E+00,    4.7227340641E+01
     66400,      0.676928,CP9_after_PTsource,   1,    0.0000000000E+00,    4.7227340641E+01,    4.7227340641E+01,    0.0000000000E+00,    0.0000000000E+00,    0.0000000000E+00,    4.7227340641E+01
     66400,      0.676928,CP10_after_neg_clamp,   1,    0.0000000000E+00,    4.7227340641E+01,    4.7227340641E+01,    0.0000000000E+00,    0.0000000000E+00,    0.0000000000E+00,    4.7227340641E+01
     66400,      0.676928,CP11_after_MPI,   1,    0.0000000000E+00,    4.7227340641E+01,    4.7227340641E+01,    0.0000000000E+00,    0.0000000000E+00,    0.0000000000E+00,    4.7227340641E+01
     66400,      0.676928,CP12_end,   1,    0.0000000000E+00,    4.7227340641E+01,    4.7227340641E+01,    0.0000000000E+00,    0.0000000000E+00,    0.0000000000E+00,    4.7227340641E+01
     66450,      0.676928,CP0_start,   1,    0.0000000000E+00,    4.7290397910E+01,    4.7290397910E+01,    0.0000000000E+00,    0.0000000000E+00,    0.0000000000E+00,    4.7290397910E+01
     66450,      0.676928,CP1_after_deposition,   1,    0.0000000000E+00,    4.7290397910E+01,    4.7290397910E+01,    0.0000000000E+00,    0.0000000000E+00,    0.0000000000E+00,    4.7290397910E+01
     66450,      0.676928,CP2_after_erosion,   1,    0.0000000000E+00,    4.7290397910E+01,    4.7290397910E+01,    0.0000000000E+00,    0.0000000000E+00,    0.0000000000E+00,    4.7290397910E+01
     66450,      0.676928,CP3_after_update_bottom,   1,    0.0000000000E+00,    4.7290397910E+01,    4.7290397910E+01,    0.0000000000E+00,    0.0000000000E+00,    0.0000000000E+00,    4.7290397910E+01
     66450,      0.676928,CP4_after_advection,   1,    0.0000000000E+00,    4.7289699019E+01,    4.7289699019E+01,    0.0000000000E+00,    0.0000000000E+00,    0.0000000000E+00,    4.7289699019E+01
     66450,      0.676928,CP5_after_vdif,   1,    0.0000000000E+00,    4.7289699019E+01,    4.7289699019E+01,    0.0000000000E+00,    0.0000000000E+00,    0.0000000000E+00,    4.7289699019E+01
     66450,      0.676928,CP6_after_kinetics,   1,    0.0000000000E+00,    4.7289699019E+01,    4.7289699019E+01,    0.0000000000E+00,    0.0000000000E+00,    0.0000000000E+00,    4.7289699019E+01
     66450,      0.676928,CP7_after_upper_clamp,   1,    0.0000000000E+00,    4.7289699019E+01,    4.7289699019E+01,    0.0000000000E+00,    0.0000000000E+00,    0.0000000000E+00,    4.7289699019E+01
     66450,      0.676928,CP8_after_OBC,   1,    0.0000000000E+00,    4.7289699019E+01,    4.7289699019E+01,    0.0000000000E+00,    0.0000000000E+00,    0.0000000000E+00,    4.7289699019E+01
     66450,      0.676928,CP9_after_PTsource,   1,    0.0000000000E+00,    4.7289699019E+01,    4.7289699019E+01,    0.0000000000E+00,    0.0000000000E+00,    0.0000000000E+00,    4.7289699019E+01
     66450,      0.676928,CP10_after_neg_clamp,   1,    0.0000000000E+00,    4.7289699019E+01,    4.7289699019E+01,    0.0000000000E+00,    0.0000000000E+00,    0.0000000000E+00,    4.7289699019E+01
     66450,      0.676928,CP11_after_MPI,   1,    0.0000000000E+00,    4.7289699019E+01,    4.7289699019E+01,    0.0000000000E+00,    0.0000000000E+00,    0.0000000000E+00,    4.7289699019E+01
     66450,      0.676928,CP12_end,   1,    0.0000000000E+00,    4.7289699019E+01,    4.7289699019E+01,    0.0000000000E+00,    0.0000000000E+00,    0.0000000000E+00,    4.7289699019E+01
     66500,      0.676928,CP0_start,   1,    0.0000000000E+00,    4.7352626028E+01,    4.7352626028E+01,    0.0000000000E+00,    0.0000000000E+00,    0.0000000000E+00,    4.7352626028E+01
     66500,      0.676928,CP1_after_deposition,   1,    0.0000000000E+00,    4.7352626028E+01,    4.7352626028E+01,    0.0000000000E+00,    0.0000000000E+00,    0.0000000000E+00,    4.7352626028E+01
     66500,      0.676928,CP2_after_erosion,   1,    0.0000000000E+00,    4.7352626028E+01,    4.7352626028E+01,    0.0000000000E+00,    0.0000000000E+00,    0.0000000000E+00,    4.7352626028E+01
     66500,      0.676928,CP3_after_update_bottom,   1,    0.0000000000E+00,    4.7352626028E+01,    4.7352626028E+01,    0.0000000000E+00,    0.0000000000E+00,    0.0000000000E+00,    4.7352626028E+01
     66500,      0.676928,CP4_after_advection,   1,    0.0000000000E+00,    4.7351887392E+01,    4.7351887392E+01,    0.0000000000E+00,    0.0000000000E+00,    0.0000000000E+00,    4.7351887392E+01
     66500,      0.676928,CP5_after_vdif,   1,    0.0000000000E+00,    4.7351887392E+01,    4.7351887392E+01,    0.0000000000E+00,    0.0000000000E+00,    0.0000000000E+00,    4.7351887392E+01
     66500,      0.676928,CP6_after_kinetics,   1,    0.0000000000E+00,    4.7351887392E+01,    4.7351887392E+01,    0.0000000000E+00,    0.0000000000E+00,    0.0000000000E+00,    4.7351887392E+01
     66500,      0.676928,CP7_after_upper_clamp,   1,    0.0000000000E+00,    4.7351887392E+01,    4.7351887392E+01,    0.0000000000E+00,    0.0000000000E+00,    0.0000000000E+00,    4.7351887392E+01
     66500,      0.676928,CP8_after_OBC,   1,    0.0000000000E+00,    4.7351887392E+01,    4.7351887392E+01,    0.0000000000E+00,    0.0000000000E+00,    0.0000000000E+00,    4.7351887392E+01
     66500,      0.676928,CP9_after_PTsource,   1,    0.0000000000E+00,    4.7351887392E+01,    4.7351887392E+01,    0.0000000000E+00,    0.0000000000E+00,    0.0000000000E+00,    4.7351887392E+01
     66500,      0.676928,CP10_after_neg_clamp,   1,    0.0000000000E+00,    4.7351887392E+01,    4.7351887392E+01,    0.0000000000E+00,    0.0000000000E+00,    0.0000000000E+00,    4.7351887392E+01
     66500,      0.676928,CP11_after_MPI,   1,    0.0000000000E+00,    4.7351887392E+01,    4.7351887392E+01,    0.0000000000E+00,    0.0000000000E+00,    0.0000000000E+00,    4.7351887392E+01
     66500,      0.676928,CP12_end,   1,    0.0000000000E+00,    4.7351887392E+01,    4.7351887392E+01,    0.0000000000E+00,    0.0000000000E+00,    0.0000000000E+00,    4.7351887392E+01
     66550,      0.676928,CP0_start,   1,    0.0000000000E+00,    4.7414566082E+01,    4.7414566082E+01,    0.0000000000E+00,    0.0000000000E+00,    0.0000000000E+00,    4.7414566082E+01
     66550,      0.676928,CP1_after_deposition,   1,    0.0000000000E+00,    4.7414566082E+01,    4.7414566082E+01,    0.0000000000E+00,    0.0000000000E+00,    0.0000000000E+00,    4.7414566082E+01
     66550,      0.676928,CP2_after_erosion,   1,    0.0000000000E+00,    4.7414566082E+01,    4.7414566082E+01,    0.0000000000E+00,    0.0000000000E+00,    0.0000000000E+00,    4.7414566082E+01
     66550,      0.676928,CP3_after_update_bottom,   1,    0.0000000000E+00,    4.7414566082E+01,    4.7414566082E+01,    0.0000000000E+00,    0.0000000000E+00,    0.0000000000E+00,    4.7414566082E+01
     66550,      0.676928,CP4_after_advection,   1,    0.0000000000E+00,    4.7413787808E+01,    4.7413787808E+01,    0.0000000000E+00,    0.0000000000E+00,    0.0000000000E+00,    4.7413787808E+01
     66550,      0.676928,CP5_after_vdif,   1,    0.0000000000E+00,    4.7413787808E+01,    4.7413787808E+01,    0.0000000000E+00,    0.0000000000E+00,    0.0000000000E+00,    4.7413787808E+01
     66550,      0.676928,CP6_after_kinetics,   1,    0.0000000000E+00,    4.7413787808E+01,    4.7413787808E+01,    0.0000000000E+00,    0.0000000000E+00,    0.0000000000E+00,    4.7413787808E+01
     66550,      0.676928,CP7_after_upper_clamp,   1,    0.0000000000E+00,    4.7413787808E+01,    4.7413787808E+01,    0.0000000000E+00,    0.0000000000E+00,    0.0000000000E+00,    4.7413787808E+01
     66550,      0.676928,CP8_after_OBC,   1,    0.0000000000E+00,    4.7413787808E+01,    4.7413787808E+01,    0.0000000000E+00,    0.0000000000E+00,    0.0000000000E+00,    4.7413787808E+01
     66550,      0.676928,CP9_after_PTsource,   1,    0.0000000000E+00,    4.7413787808E+01,    4.7413787808E+01,    0.0000000000E+00,    0.0000000000E+00,    0.0000000000E+00,    4.7413787808E+01
     66550,      0.676928,CP10_after_neg_clamp,   1,    0.0000000000E+00,    4.7413787808E+01,    4.7413787808E+01,    0.0000000000E+00,    0.0000000000E+00,    0.0000000000E+00,    4.7413787808E+01
     66550,      0.676928,CP11_after_MPI,   1,    0.0000000000E+00,    4.7413787808E+01,    4.7413787808E+01,    0.0000000000E+00,    0.0000000000E+00,    0.0000000000E+00,    4.7413787808E+01
     66550,      0.676928,CP12_end,   1,    0.0000000000E+00,    4.7413787808E+01,    4.7413787808E+01,    0.0000000000E+00,    0.0000000000E+00,    0.0000000000E+00,    4.7413787808E+01
     66600,      0.676928,CP0_start,   1,    0.0000000000E+00,    4.7476178886E+01,    4.7476178886E+01,    0.0000000000E+00,    0.0000000000E+00,    0.0000000000E+00,    4.7476178886E+01
     66600,      0.676928,CP1_after_deposition,   1,    0.0000000000E+00,    4.7476178886E+01,    4.7476178886E+01,    0.0000000000E+00,    0.0000000000E+00,    0.0000000000E+00,    4.7476178886E+01
     66600,      0.676928,CP2_after_erosion,   1,    0.0000000000E+00,    4.7476178886E+01,    4.7476178886E+01,    0.0000000000E+00,    0.0000000000E+00,    0.0000000000E+00,    4.7476178886E+01
     66600,      0.676928,CP3_after_update_bottom,   1,    0.0000000000E+00,    4.7476178886E+01,    4.7476178886E+01,    0.0000000000E+00,    0.0000000000E+00,    0.0000000000E+00,    4.7476178886E+01
     66600,      0.676928,CP4_after_advection,   1,    0.0000000000E+00,    4.7475362551E+01,    4.7475362551E+01,    0.0000000000E+00,    0.0000000000E+00,    0.0000000000E+00,    4.7475362551E+01
     66600,      0.676928,CP5_after_vdif,   1,    0.0000000000E+00,    4.7475362551E+01,    4.7475362551E+01,    0.0000000000E+00,    0.0000000000E+00,    0.0000000000E+00,    4.7475362551E+01
     66600,      0.676928,CP6_after_kinetics,   1,    0.0000000000E+00,    4.7475362551E+01,    4.7475362551E+01,    0.0000000000E+00,    0.0000000000E+00,    0.0000000000E+00,    4.7475362551E+01
     66600,      0.676928,CP7_after_upper_clamp,   1,    0.0000000000E+00,    4.7475362551E+01,    4.7475362551E+01,    0.0000000000E+00,    0.0000000000E+00,    0.0000000000E+00,    4.7475362551E+01
     66600,      0.676928,CP8_after_OBC,   1,    0.0000000000E+00,    4.7475362551E+01,    4.7475362551E+01,    0.0000000000E+00,    0.0000000000E+00,    0.0000000000E+00,    4.7475362551E+01
     66600,      0.676928,CP9_after_PTsource,   1,    0.0000000000E+00,    4.7475362551E+01,    4.7475362551E+01,    0.0000000000E+00,    0.0000000000E+00,    0.0000000000E+00,    4.7475362551E+01
     66600,      0.676928,CP10_after_neg_clamp,   1,    0.0000000000E+00,    4.7475362551E+01,    4.7475362551E+01,    0.0000000000E+00,    0.0000000000E+00,    0.0000000000E+00,    4.7475362551E+01
     66600,      0.676928,CP11_after_MPI,   1,    0.0000000000E+00,    4.7475362551E+01,    4.7475362551E+01,    0.0000000000E+00,    0.0000000000E+00,    0.0000000000E+00,    4.7475362551E+01
     66600,      0.676928,CP12_end,   1,    0.0000000000E+00,    4.7475362551E+01,    4.7475362551E+01,    0.0000000000E+00,    0.0000000000E+00,    0.0000000000E+00,    4.7475362551E+01
     66650,      0.676928,CP0_start,   1,    0.0000000000E+00,    4.7537492936E+01,    4.7537492936E+01,    0.0000000000E+00,    0.0000000000E+00,    0.0000000000E+00,    4.7537492936E+01
     66650,      0.676928,CP1_after_deposition,   1,    0.0000000000E+00,    4.7537492936E+01,    4.7537492936E+01,    0.0000000000E+00,    0.0000000000E+00,    0.0000000000E+00,    4.7537492936E+01
     66650,      0.676928,CP2_after_erosion,   1,    0.0000000000E+00,    4.7537492936E+01,    4.7537492936E+01,    0.0000000000E+00,    0.0000000000E+00,    0.0000000000E+00,    4.7537492936E+01
     66650,      0.676928,CP3_after_update_bottom,   1,    0.0000000000E+00,    4.7537492936E+01,    4.7537492936E+01,    0.0000000000E+00,    0.0000000000E+00,    0.0000000000E+00,    4.7537492936E+01
     66650,      0.676928,CP4_after_advection,   1,    0.0000000000E+00,    4.7536641626E+01,    4.7536641626E+01,    0.0000000000E+00,    0.0000000000E+00,    0.0000000000E+00,    4.7536641626E+01
     66650,      0.676928,CP5_after_vdif,   1,    0.0000000000E+00,    4.7536641626E+01,    4.7536641626E+01,    0.0000000000E+00,    0.0000000000E+00,    0.0000000000E+00,    4.7536641626E+01
     66650,      0.676928,CP6_after_kinetics,   1,    0.0000000000E+00,    4.7536641626E+01,    4.7536641626E+01,    0.0000000000E+00,    0.0000000000E+00,    0.0000000000E+00,    4.7536641626E+01
     66650,      0.676928,CP7_after_upper_clamp,   1,    0.0000000000E+00,    4.7536641626E+01,    4.7536641626E+01,    0.0000000000E+00,    0.0000000000E+00,    0.0000000000E+00,    4.7536641626E+01
     66650,      0.676928,CP8_after_OBC,   1,    0.0000000000E+00,    4.7536641626E+01,    4.7536641626E+01,    0.0000000000E+00,    0.0000000000E+00,    0.0000000000E+00,    4.7536641626E+01
     66650,      0.676928,CP9_after_PTsource,   1,    0.0000000000E+00,    4.7536641626E+01,    4.7536641626E+01,    0.0000000000E+00,    0.0000000000E+00,    0.0000000000E+00,    4.7536641626E+01
     66650,      0.676928,CP10_after_neg_clamp,   1,    0.0000000000E+00,    4.7536641626E+01,    4.7536641626E+01,    0.0000000000E+00,    0.0000000000E+00,    0.0000000000E+00,    4.7536641626E+01
     66650,      0.676928,CP11_after_MPI,   1,    0.0000000000E+00,    4.7536641626E+01,    4.7536641626E+01,    0.0000000000E+00,    0.0000000000E+00,    0.0000000000E+00,    4.7536641626E+01
     66650,      0.676928,CP12_end,   1,    0.0000000000E+00,    4.7536641626E+01,    4.7536641626E+01,    0.0000000000E+00,    0.0000000000E+00,    0.0000000000E+00,    4.7536641626E+01
     66700,      0.676928,CP0_start,   1,    0.0000000000E+00,    4.7598584557E+01,    4.7598584557E+01,    0.0000000000E+00,    0.0000000000E+00,    0.0000000000E+00,    4.7598584557E+01
     66700,      0.676928,CP1_after_deposition,   1,    0.0000000000E+00,    4.7598584557E+01,    4.7598584557E+01,    0.0000000000E+00,    0.0000000000E+00,    0.0000000000E+00,    4.7598584557E+01
     66700,      0.676928,CP2_after_erosion,   1,    0.0000000000E+00,    4.7598584557E+01,    4.7598584557E+01,    0.0000000000E+00,    0.0000000000E+00,    0.0000000000E+00,    4.7598584557E+01
     66700,      0.676928,CP3_after_update_bottom,   1,    0.0000000000E+00,    4.7598584557E+01,    4.7598584557E+01,    0.0000000000E+00,    0.0000000000E+00,    0.0000000000E+00,    4.7598584557E+01
     66700,      0.676928,CP4_after_advection,   1,    0.0000000000E+00,    4.7597702320E+01,    4.7597702320E+01,    0.0000000000E+00,    0.0000000000E+00,    0.0000000000E+00,    4.7597702320E+01
     66700,      0.676928,CP5_after_vdif,   1,    0.0000000000E+00,    4.7597702320E+01,    4.7597702320E+01,    0.0000000000E+00,    0.0000000000E+00,    0.0000000000E+00,    4.7597702320E+01
     66700,      0.676928,CP6_after_kinetics,   1,    0.0000000000E+00,    4.7597702320E+01,    4.7597702320E+01,    0.0000000000E+00,    0.0000000000E+00,    0.0000000000E+00,    4.7597702320E+01
     66700,      0.676928,CP7_after_upper_clamp,   1,    0.0000000000E+00,    4.7597702320E+01,    4.7597702320E+01,    0.0000000000E+00,    0.0000000000E+00,    0.0000000000E+00,    4.7597702320E+01
     66700,      0.676928,CP8_after_OBC,   1,    0.0000000000E+00,    4.7597702320E+01,    4.7597702320E+01,    0.0000000000E+00,    0.0000000000E+00,    0.0000000000E+00,    4.7597702320E+01
     66700,      0.676928,CP9_after_PTsource,   1,    0.0000000000E+00,    4.7597702320E+01,    4.7597702320E+01,    0.0000000000E+00,    0.0000000000E+00,    0.0000000000E+00,    4.7597702320E+01
     66700,      0.676928,CP10_after_neg_clamp,   1,    0.0000000000E+00,    4.7597702320E+01,    4.7597702320E+01,    0.0000000000E+00,    0.0000000000E+00,    0.0000000000E+00,    4.7597702320E+01
     66700,      0.676928,CP11_after_MPI,   1,    0.0000000000E+00,    4.7597702320E+01,    4.7597702320E+01,    0.0000000000E+00,    0.0000000000E+00,    0.0000000000E+00,    4.7597702320E+01
     66700,      0.676928,CP12_end,   1,    0.0000000000E+00,    4.7597702320E+01,    4.7597702320E+01,    0.0000000000E+00,    0.0000000000E+00,    0.0000000000E+00,    4.7597702320E+01
     66750,      0.676928,CP0_start,   1,    0.0000000000E+00,    4.7659554239E+01,    4.7659554239E+01,    0.0000000000E+00,    0.0000000000E+00,    0.0000000000E+00,    4.7659554239E+01
     66750,      0.676928,CP1_after_deposition,   1,    0.0000000000E+00,    4.7659554239E+01,    4.7659554239E+01,    0.0000000000E+00,    0.0000000000E+00,    0.0000000000E+00,    4.7659554239E+01
     66750,      0.676928,CP2_after_erosion,   1,    0.0000000000E+00,    4.7659554239E+01,    4.7659554239E+01,    0.0000000000E+00,    0.0000000000E+00,    0.0000000000E+00,    4.7659554239E+01
     66750,      0.676928,CP3_after_update_bottom,   1,    0.0000000000E+00,    4.7659554239E+01,    4.7659554239E+01,    0.0000000000E+00,    0.0000000000E+00,    0.0000000000E+00,    4.7659554239E+01
     66750,      0.676928,CP4_after_advection,   1,    0.0000000000E+00,    4.7658645013E+01,    4.7658645013E+01,    0.0000000000E+00,    0.0000000000E+00,    0.0000000000E+00,    4.7658645013E+01
     66750,      0.676928,CP5_after_vdif,   1,    0.0000000000E+00,    4.7658645013E+01,    4.7658645013E+01,    0.0000000000E+00,    0.0000000000E+00,    0.0000000000E+00,    4.7658645013E+01
     66750,      0.676928,CP6_after_kinetics,   1,    0.0000000000E+00,    4.7658645013E+01,    4.7658645013E+01,    0.0000000000E+00,    0.0000000000E+00,    0.0000000000E+00,    4.7658645013E+01
     66750,      0.676928,CP7_after_upper_clamp,   1,    0.0000000000E+00,    4.7658645013E+01,    4.7658645013E+01,    0.0000000000E+00,    0.0000000000E+00,    0.0000000000E+00,    4.7658645013E+01
     66750,      0.676928,CP8_after_OBC,   1,    0.0000000000E+00,    4.7658645013E+01,    4.7658645013E+01,    0.0000000000E+00,    0.0000000000E+00,    0.0000000000E+00,    4.7658645013E+01
     66750,      0.676928,CP9_after_PTsource,   1,    0.0000000000E+00,    4.7658645013E+01,    4.7658645013E+01,    0.0000000000E+00,    0.0000000000E+00,    0.0000000000E+00,    4.7658645013E+01
     66750,      0.676928,CP10_after_neg_clamp,   1,    0.0000000000E+00,    4.7658645013E+01,    4.7658645013E+01,    0.0000000000E+00,    0.0000000000E+00,    0.0000000000E+00,    4.7658645013E+01
     66750,      0.676928,CP11_after_MPI,   1,    0.0000000000E+00,    4.7658645013E+01,    4.7658645013E+01,    0.0000000000E+00,    0.0000000000E+00,    0.0000000000E+00,    4.7658645013E+01
     66750,      0.676928,CP12_end,   1,    0.0000000000E+00,    4.7658645013E+01,    4.7658645013E+01,    0.0000000000E+00,    0.0000000000E+00,    0.0000000000E+00,    4.7658645013E+01
     66800,      0.676928,CP0_start,   1,    0.0000000000E+00,    4.7720507182E+01,    4.7720507182E+01,    0.0000000000E+00,    0.0000000000E+00,    0.0000000000E+00,    4.7720507182E+01
     66800,      0.676928,CP1_after_deposition,   1,    0.0000000000E+00,    4.7720507182E+01,    4.7720507182E+01,    0.0000000000E+00,    0.0000000000E+00,    0.0000000000E+00,    4.7720507182E+01
     66800,      0.676928,CP2_after_erosion,   1,    0.0000000000E+00,    4.7720507182E+01,    4.7720507182E+01,    0.0000000000E+00,    0.0000000000E+00,    0.0000000000E+00,    4.7720507182E+01
     66800,      0.676928,CP3_after_update_bottom,   1,    0.0000000000E+00,    4.7720507182E+01,    4.7720507182E+01,    0.0000000000E+00,    0.0000000000E+00,    0.0000000000E+00,    4.7720507182E+01
     66800,      0.676928,CP4_after_advection,   1,    0.0000000000E+00,    4.7719576095E+01,    4.7719576095E+01,    0.0000000000E+00,    0.0000000000E+00,    0.0000000000E+00,    4.7719576095E+01
     66800,      0.676928,CP5_after_vdif,   1,    0.0000000000E+00,    4.7719576095E+01,    4.7719576095E+01,    0.0000000000E+00,    0.0000000000E+00,    0.0000000000E+00,    4.7719576095E+01
     66800,      0.676928,CP6_after_kinetics,   1,    0.0000000000E+00,    4.7719576095E+01,    4.7719576095E+01,    0.0000000000E+00,    0.0000000000E+00,    0.0000000000E+00,    4.7719576095E+01
     66800,      0.676928,CP7_after_upper_clamp,   1,    0.0000000000E+00,    4.7719576095E+01,    4.7719576095E+01,    0.0000000000E+00,    0.0000000000E+00,    0.0000000000E+00,    4.7719576095E+01
     66800,      0.676928,CP8_after_OBC,   1,    0.0000000000E+00,    4.7719576095E+01,    4.7719576095E+01,    0.0000000000E+00,    0.0000000000E+00,    0.0000000000E+00,    4.7719576095E+01
     66800,      0.676928,CP9_after_PTsource,   1,    0.0000000000E+00,    4.7719576095E+01,    4.7719576095E+01,    0.0000000000E+00,    0.0000000000E+00,    0.0000000000E+00,    4.7719576095E+01
     66800,      0.676928,CP10_after_neg_clamp,   1,    0.0000000000E+00,    4.7719576095E+01,    4.7719576095E+01,    0.0000000000E+00,    0.0000000000E+00,    0.0000000000E+00,    4.7719576095E+01
     66800,      0.676928,CP11_after_MPI,   1,    0.0000000000E+00,    4.7719576095E+01,    4.7719576095E+01,    0.0000000000E+00,    0.0000000000E+00,    0.0000000000E+00,    4.7719576095E+01
     66800,      0.676928,CP12_end,   1,    0.0000000000E+00,    4.7719576095E+01,    4.7719576095E+01,    0.0000000000E+00,    0.0000000000E+00,    0.0000000000E+00,    4.7719576095E+01
     66850,      0.676928,CP0_start,   1,    0.0000000000E+00,    4.7781566763E+01,    4.7781566763E+01,    0.0000000000E+00,    0.0000000000E+00,    0.0000000000E+00,    4.7781566763E+01
     66850,      0.676928,CP1_after_deposition,   1,    0.0000000000E+00,    4.7781566763E+01,    4.7781566763E+01,    0.0000000000E+00,    0.0000000000E+00,    0.0000000000E+00,    4.7781566763E+01
     66850,      0.676928,CP2_after_erosion,   1,    0.0000000000E+00,    4.7781566763E+01,    4.7781566763E+01,    0.0000000000E+00,    0.0000000000E+00,    0.0000000000E+00,    4.7781566763E+01
     66850,      0.676928,CP3_after_update_bottom,   1,    0.0000000000E+00,    4.7781566763E+01,    4.7781566763E+01,    0.0000000000E+00,    0.0000000000E+00,    0.0000000000E+00,    4.7781566763E+01
     66850,      0.676928,CP4_after_advection,   1,    0.0000000000E+00,    4.7780618639E+01,    4.7780618639E+01,    0.0000000000E+00,    0.0000000000E+00,    0.0000000000E+00,    4.7780618639E+01
     66850,      0.676928,CP5_after_vdif,   1,    0.0000000000E+00,    4.7780618639E+01,    4.7780618639E+01,    0.0000000000E+00,    0.0000000000E+00,    0.0000000000E+00,    4.7780618639E+01
     66850,      0.676928,CP6_after_kinetics,   1,    0.0000000000E+00,    4.7780618639E+01,    4.7780618639E+01,    0.0000000000E+00,    0.0000000000E+00,    0.0000000000E+00,    4.7780618639E+01
     66850,      0.676928,CP7_after_upper_clamp,   1,    0.0000000000E+00,    4.7780618639E+01,    4.7780618639E+01,    0.0000000000E+00,    0.0000000000E+00,    0.0000000000E+00,    4.7780618639E+01
     66850,      0.676928,CP8_after_OBC,   1,    0.0000000000E+00,    4.7780618639E+01,    4.7780618639E+01,    0.0000000000E+00,    0.0000000000E+00,    0.0000000000E+00,    4.7780618639E+01
     66850,      0.676928,CP9_after_PTsource,   1,    0.0000000000E+00,    4.7780618639E+01,    4.7780618639E+01,    0.0000000000E+00,    0.0000000000E+00,    0.0000000000E+00,    4.7780618639E+01
     66850,      0.676928,CP10_after_neg_clamp,   1,    0.0000000000E+00,    4.7780618639E+01,    4.7780618639E+01,    0.0000000000E+00,    0.0000000000E+00,    0.0000000000E+00,    4.7780618639E+01
     66850,      0.676928,CP11_after_MPI,   1,    0.0000000000E+00,    4.7780618639E+01,    4.7780618639E+01,    0.0000000000E+00,    0.0000000000E+00,    0.0000000000E+00,    4.7780618639E+01
     66850,      0.676928,CP12_end,   1,    0.0000000000E+00,    4.7780618639E+01,    4.7780618639E+01,    0.0000000000E+00,    0.0000000000E+00,    0.0000000000E+00,    4.7780618639E+01
     66900,      0.676928,CP0_start,   1,    0.0000000000E+00,    4.7842901891E+01,    4.7842901891E+01,    0.0000000000E+00,    0.0000000000E+00,    0.0000000000E+00,    4.7842901891E+01
     66900,      0.676928,CP1_after_deposition,   1,    0.0000000000E+00,    4.7842901891E+01,    4.7842901891E+01,    0.0000000000E+00,    0.0000000000E+00,    0.0000000000E+00,    4.7842901891E+01
     66900,      0.676928,CP2_after_erosion,   1,    0.0000000000E+00,    4.7842901891E+01,    4.7842901891E+01,    0.0000000000E+00,    0.0000000000E+00,    0.0000000000E+00,    4.7842901891E+01
     66900,      0.676928,CP3_after_update_bottom,   1,    0.0000000000E+00,    4.7842901891E+01,    4.7842901891E+01,    0.0000000000E+00,    0.0000000000E+00,    0.0000000000E+00,    4.7842901891E+01
     66900,      0.676928,CP4_after_advection,   1,    0.0000000000E+00,    4.7841942515E+01,    4.7841942515E+01,    0.0000000000E+00,    0.0000000000E+00,    0.0000000000E+00,    4.7841942515E+01
     66900,      0.676928,CP5_after_vdif,   1,    0.0000000000E+00,    4.7841942515E+01,    4.7841942515E+01,    0.0000000000E+00,    0.0000000000E+00,    0.0000000000E+00,    4.7841942515E+01
     66900,      0.676928,CP6_after_kinetics,   1,    0.0000000000E+00,    4.7841942515E+01,    4.7841942515E+01,    0.0000000000E+00,    0.0000000000E+00,    0.0000000000E+00,    4.7841942515E+01
     66900,      0.676928,CP7_after_upper_clamp,   1,    0.0000000000E+00,    4.7841942515E+01,    4.7841942515E+01,    0.0000000000E+00,    0.0000000000E+00,    0.0000000000E+00,    4.7841942515E+01
     66900,      0.676928,CP8_after_OBC,   1,    0.0000000000E+00,    4.7841942515E+01,    4.7841942515E+01,    0.0000000000E+00,    0.0000000000E+00,    0.0000000000E+00,    4.7841942515E+01
     66900,      0.676928,CP9_after_PTsource,   1,    0.0000000000E+00,    4.7841942515E+01,    4.7841942515E+01,    0.0000000000E+00,    0.0000000000E+00,    0.0000000000E+00,    4.7841942515E+01
     66900,      0.676928,CP10_after_neg_clamp,   1,    0.0000000000E+00,    4.7841942515E+01,    4.7841942515E+01,    0.0000000000E+00,    0.0000000000E+00,    0.0000000000E+00,    4.7841942515E+01
     66900,      0.676928,CP11_after_MPI,   1,    0.0000000000E+00,    4.7841942515E+01,    4.7841942515E+01,    0.0000000000E+00,    0.0000000000E+00,    0.0000000000E+00,    4.7841942515E+01
     66900,      0.676928,CP12_end,   1,    0.0000000000E+00,    4.7841942515E+01,    4.7841942515E+01,    0.0000000000E+00,    0.0000000000E+00,    0.0000000000E+00,    4.7841942515E+01
     66950,      0.676928,CP0_start,   1,    0.0000000000E+00,    4.7904677960E+01,    4.7904677960E+01,    0.0000000000E+00,    0.0000000000E+00,    0.0000000000E+00,    4.7904677960E+01
     66950,      0.676928,CP1_after_deposition,   1,    0.0000000000E+00,    4.7904677960E+01,    4.7904677960E+01,    0.0000000000E+00,    0.0000000000E+00,    0.0000000000E+00,    4.7904677960E+01
     66950,      0.676928,CP2_after_erosion,   1,    0.0000000000E+00,    4.7904677960E+01,    4.7904677960E+01,    0.0000000000E+00,    0.0000000000E+00,    0.0000000000E+00,    4.7904677960E+01
     66950,      0.676928,CP3_after_update_bottom,   1,    0.0000000000E+00,    4.7904677960E+01,    4.7904677960E+01,    0.0000000000E+00,    0.0000000000E+00,    0.0000000000E+00,    4.7904677960E+01
     66950,      0.676928,CP4_after_advection,   1,    0.0000000000E+00,    4.7903712902E+01,    4.7903712902E+01,    0.0000000000E+00,    0.0000000000E+00,    0.0000000000E+00,    4.7903712902E+01
     66950,      0.676928,CP5_after_vdif,   1,    0.0000000000E+00,    4.7903712902E+01,    4.7903712902E+01,    0.0000000000E+00,    0.0000000000E+00,    0.0000000000E+00,    4.7903712902E+01
     66950,      0.676928,CP6_after_kinetics,   1,    0.0000000000E+00,    4.7903712902E+01,    4.7903712902E+01,    0.0000000000E+00,    0.0000000000E+00,    0.0000000000E+00,    4.7903712902E+01
     66950,      0.676928,CP7_after_upper_clamp,   1,    0.0000000000E+00,    4.7903712902E+01,    4.7903712902E+01,    0.0000000000E+00,    0.0000000000E+00,    0.0000000000E+00,    4.7903712902E+01
     66950,      0.676928,CP8_after_OBC,   1,    0.0000000000E+00,    4.7903712902E+01,    4.7903712902E+01,    0.0000000000E+00,    0.0000000000E+00,    0.0000000000E+00,    4.7903712902E+01
     66950,      0.676928,CP9_after_PTsource,   1,    0.0000000000E+00,    4.7903712902E+01,    4.7903712902E+01,    0.0000000000E+00,    0.0000000000E+00,    0.0000000000E+00,    4.7903712902E+01
     66950,      0.676928,CP10_after_neg_clamp,   1,    0.0000000000E+00,    4.7903712902E+01,    4.7903712902E+01,    0.0000000000E+00,    0.0000000000E+00,    0.0000000000E+00,    4.7903712902E+01
     66950,      0.676928,CP11_after_MPI,   1,    0.0000000000E+00,    4.7903712902E+01,    4.7903712902E+01,    0.0000000000E+00,    0.0000000000E+00,    0.0000000000E+00,    4.7903712902E+01
     66950,      0.676928,CP12_end,   1,    0.0000000000E+00,    4.7903712902E+01,    4.7903712902E+01,    0.0000000000E+00,    0.0000000000E+00,    0.0000000000E+00,    4.7903712902E+01
     67000,      0.676928,CP0_start,   1,    0.0000000000E+00,    4.7967000468E+01,    4.7967000468E+01,    0.0000000000E+00,    0.0000000000E+00,    0.0000000000E+00,    4.7967000468E+01
     67000,      0.676928,CP1_after_deposition,   1,    0.0000000000E+00,    4.7967000468E+01,    4.7967000468E+01,    0.0000000000E+00,    0.0000000000E+00,    0.0000000000E+00,    4.7967000468E+01
     67000,      0.676928,CP2_after_erosion,   1,    0.0000000000E+00,    4.7967000468E+01,    4.7967000468E+01,    0.0000000000E+00,    0.0000000000E+00,    0.0000000000E+00,    4.7967000468E+01
     67000,      0.676928,CP3_after_update_bottom,   1,    0.0000000000E+00,    4.7967000468E+01,    4.7967000468E+01,    0.0000000000E+00,    0.0000000000E+00,    0.0000000000E+00,    4.7967000468E+01
     67000,      0.676928,CP4_after_advection,   1,    0.0000000000E+00,    4.7966032558E+01,    4.7966032558E+01,    0.0000000000E+00,    0.0000000000E+00,    0.0000000000E+00,    4.7966032558E+01
     67000,      0.676928,CP5_after_vdif,   1,    0.0000000000E+00,    4.7966032558E+01,    4.7966032558E+01,    0.0000000000E+00,    0.0000000000E+00,    0.0000000000E+00,    4.7966032558E+01
     67000,      0.676928,CP6_after_kinetics,   1,    0.0000000000E+00,    4.7966032558E+01,    4.7966032558E+01,    0.0000000000E+00,    0.0000000000E+00,    0.0000000000E+00,    4.7966032558E+01
     67000,      0.676928,CP7_after_upper_clamp,   1,    0.0000000000E+00,    4.7966032558E+01,    4.7966032558E+01,    0.0000000000E+00,    0.0000000000E+00,    0.0000000000E+00,    4.7966032558E+01
     67000,      0.676928,CP8_after_OBC,   1,    0.0000000000E+00,    4.7966032558E+01,    4.7966032558E+01,    0.0000000000E+00,    0.0000000000E+00,    0.0000000000E+00,    4.7966032558E+01
     67000,      0.676928,CP9_after_PTsource,   1,    0.0000000000E+00,    4.7966032558E+01,    4.7966032558E+01,    0.0000000000E+00,    0.0000000000E+00,    0.0000000000E+00,    4.7966032558E+01
     67000,      0.676928,CP10_after_neg_clamp,   1,    0.0000000000E+00,    4.7966032558E+01,    4.7966032558E+01,    0.0000000000E+00,    0.0000000000E+00,    0.0000000000E+00,    4.7966032558E+01
     67000,      0.676928,CP11_after_MPI,   1,    0.0000000000E+00,    4.7966032558E+01,    4.7966032558E+01,    0.0000000000E+00,    0.0000000000E+00,    0.0000000000E+00,    4.7966032558E+01
     67000,      0.676928,CP12_end,   1,    0.0000000000E+00,    4.7966032558E+01,    4.7966032558E+01,    0.0000000000E+00,    0.0000000000E+00,    0.0000000000E+00,    4.7966032558E+01
     67050,      0.676928,CP0_start,   1,    0.0000000000E+00,    4.8029862458E+01,    4.8029862458E+01,    0.0000000000E+00,    0.0000000000E+00,    0.0000000000E+00,    4.8029862458E+01
     67050,      0.676928,CP1_after_deposition,   1,    0.0000000000E+00,    4.8029862458E+01,    4.8029862458E+01,    0.0000000000E+00,    0.0000000000E+00,    0.0000000000E+00,    4.8029862458E+01
     67050,      0.676928,CP2_after_erosion,   1,    0.0000000000E+00,    4.8029862458E+01,    4.8029862458E+01,    0.0000000000E+00,    0.0000000000E+00,    0.0000000000E+00,    4.8029862458E+01
     67050,      0.676928,CP3_after_update_bottom,   1,    0.0000000000E+00,    4.8029862458E+01,    4.8029862458E+01,    0.0000000000E+00,    0.0000000000E+00,    0.0000000000E+00,    4.8029862458E+01
     67050,      0.676928,CP4_after_advection,   1,    0.0000000000E+00,    4.8028892354E+01,    4.8028892354E+01,    0.0000000000E+00,    0.0000000000E+00,    0.0000000000E+00,    4.8028892354E+01
     67050,      0.676928,CP5_after_vdif,   1,    0.0000000000E+00,    4.8028892354E+01,    4.8028892354E+01,    0.0000000000E+00,    0.0000000000E+00,    0.0000000000E+00,    4.8028892354E+01
     67050,      0.676928,CP6_after_kinetics,   1,    0.0000000000E+00,    4.8028892354E+01,    4.8028892354E+01,    0.0000000000E+00,    0.0000000000E+00,    0.0000000000E+00,    4.8028892354E+01
     67050,      0.676928,CP7_after_upper_clamp,   1,    0.0000000000E+00,    4.8028892354E+01,    4.8028892354E+01,    0.0000000000E+00,    0.0000000000E+00,    0.0000000000E+00,    4.8028892354E+01
     67050,      0.676928,CP8_after_OBC,   1,    0.0000000000E+00,    4.8028892354E+01,    4.8028892354E+01,    0.0000000000E+00,    0.0000000000E+00,    0.0000000000E+00,    4.8028892354E+01
     67050,      0.676928,CP9_after_PTsource,   1,    0.0000000000E+00,    4.8028892354E+01,    4.8028892354E+01,    0.0000000000E+00,    0.0000000000E+00,    0.0000000000E+00,    4.8028892354E+01
     67050,      0.676928,CP10_after_neg_clamp,   1,    0.0000000000E+00,    4.8028892354E+01,    4.8028892354E+01,    0.0000000000E+00,    0.0000000000E+00,    0.0000000000E+00,    4.8028892354E+01
     67050,      0.676928,CP11_after_MPI,   1,    0.0000000000E+00,    4.8028892354E+01,    4.8028892354E+01,    0.0000000000E+00,    0.0000000000E+00,    0.0000000000E+00,    4.8028892354E+01
     67050,      0.676928,CP12_end,   1,    0.0000000000E+00,    4.8028892354E+01,    4.8028892354E+01,    0.0000000000E+00,    0.0000000000E+00,    0.0000000000E+00,    4.8028892354E+01
     67100,      0.676928,CP0_start,   1,    0.0000000000E+00,    4.8093117370E+01,    4.8093117370E+01,    0.0000000000E+00,    0.0000000000E+00,    0.0000000000E+00,    4.8093117370E+01
     67100,      0.676928,CP1_after_deposition,   1,    0.0000000000E+00,    4.8093117370E+01,    4.8093117370E+01,    0.0000000000E+00,    0.0000000000E+00,    0.0000000000E+00,    4.8093117370E+01
     67100,      0.676928,CP2_after_erosion,   1,    0.0000000000E+00,    4.8093117370E+01,    4.8093117370E+01,    0.0000000000E+00,    0.0000000000E+00,    0.0000000000E+00,    4.8093117370E+01
     67100,      0.676928,CP3_after_update_bottom,   1,    0.0000000000E+00,    4.8093117370E+01,    4.8093117370E+01,    0.0000000000E+00,    0.0000000000E+00,    0.0000000000E+00,    4.8093117370E+01
     67100,      0.676928,CP4_after_advection,   1,    0.0000000000E+00,    4.8092143329E+01,    4.8092143329E+01,    0.0000000000E+00,    0.0000000000E+00,    0.0000000000E+00,    4.8092143329E+01
     67100,      0.676928,CP5_after_vdif,   1,    0.0000000000E+00,    4.8092143329E+01,    4.8092143329E+01,    0.0000000000E+00,    0.0000000000E+00,    0.0000000000E+00,    4.8092143329E+01
     67100,      0.676928,CP6_after_kinetics,   1,    0.0000000000E+00,    4.8092143329E+01,    4.8092143329E+01,    0.0000000000E+00,    0.0000000000E+00,    0.0000000000E+00,    4.8092143329E+01
     67100,      0.676928,CP7_after_upper_clamp,   1,    0.0000000000E+00,    4.8092143329E+01,    4.8092143329E+01,    0.0000000000E+00,    0.0000000000E+00,    0.0000000000E+00,    4.8092143329E+01
     67100,      0.676928,CP8_after_OBC,   1,    0.0000000000E+00,    4.8092143329E+01,    4.8092143329E+01,    0.0000000000E+00,    0.0000000000E+00,    0.0000000000E+00,    4.8092143329E+01
     67100,      0.676928,CP9_after_PTsource,   1,    0.0000000000E+00,    4.8092143329E+01,    4.8092143329E+01,    0.0000000000E+00,    0.0000000000E+00,    0.0000000000E+00,    4.8092143329E+01
     67100,      0.676928,CP10_after_neg_clamp,   1,    0.0000000000E+00,    4.8092143329E+01,    4.8092143329E+01,    0.0000000000E+00,    0.0000000000E+00,    0.0000000000E+00,    4.8092143329E+01
     67100,      0.676928,CP11_after_MPI,   1,    0.0000000000E+00,    4.8092143329E+01,    4.8092143329E+01,    0.0000000000E+00,    0.0000000000E+00,    0.0000000000E+00,    4.8092143329E+01
     67100,      0.676928,CP12_end,   1,    0.0000000000E+00,    4.8092143329E+01,    4.8092143329E+01,    0.0000000000E+00,    0.0000000000E+00,    0.0000000000E+00,    4.8092143329E+01
     67150,      0.676928,CP0_start,   1,    0.0000000000E+00,    4.8156573380E+01,    4.8156573380E+01,    0.0000000000E+00,    0.0000000000E+00,    0.0000000000E+00,    4.8156573380E+01
     67150,      0.676928,CP1_after_deposition,   1,    0.0000000000E+00,    4.8156573380E+01,    4.8156573380E+01,    0.0000000000E+00,    0.0000000000E+00,    0.0000000000E+00,    4.8156573380E+01
     67150,      0.676928,CP2_after_erosion,   1,    0.0000000000E+00,    4.8156573380E+01,    4.8156573380E+01,    0.0000000000E+00,    0.0000000000E+00,    0.0000000000E+00,    4.8156573380E+01
     67150,      0.676928,CP3_after_update_bottom,   1,    0.0000000000E+00,    4.8156573380E+01,    4.8156573380E+01,    0.0000000000E+00,    0.0000000000E+00,    0.0000000000E+00,    4.8156573380E+01
     67150,      0.676928,CP4_after_advection,   1,    0.0000000000E+00,    4.8155593886E+01,    4.8155593886E+01,    0.0000000000E+00,    0.0000000000E+00,    0.0000000000E+00,    4.8155593886E+01
     67150,      0.676928,CP5_after_vdif,   1,    0.0000000000E+00,    4.8155593886E+01,    4.8155593886E+01,    0.0000000000E+00,    0.0000000000E+00,    0.0000000000E+00,    4.8155593886E+01
     67150,      0.676928,CP6_after_kinetics,   1,    0.0000000000E+00,    4.8155593886E+01,    4.8155593886E+01,    0.0000000000E+00,    0.0000000000E+00,    0.0000000000E+00,    4.8155593886E+01
     67150,      0.676928,CP7_after_upper_clamp,   1,    0.0000000000E+00,    4.8155593886E+01,    4.8155593886E+01,    0.0000000000E+00,    0.0000000000E+00,    0.0000000000E+00,    4.8155593886E+01
     67150,      0.676928,CP8_after_OBC,   1,    0.0000000000E+00,    4.8155593886E+01,    4.8155593886E+01,    0.0000000000E+00,    0.0000000000E+00,    0.0000000000E+00,    4.8155593886E+01
     67150,      0.676928,CP9_after_PTsource,   1,    0.0000000000E+00,    4.8155593886E+01,    4.8155593886E+01,    0.0000000000E+00,    0.0000000000E+00,    0.0000000000E+00,    4.8155593886E+01
     67150,      0.676928,CP10_after_neg_clamp,   1,    0.0000000000E+00,    4.8155593886E+01,    4.8155593886E+01,    0.0000000000E+00,    0.0000000000E+00,    0.0000000000E+00,    4.8155593886E+01
     67150,      0.676928,CP11_after_MPI,   1,    0.0000000000E+00,    4.8155593886E+01,    4.8155593886E+01,    0.0000000000E+00,    0.0000000000E+00,    0.0000000000E+00,    4.8155593886E+01
     67150,      0.676928,CP12_end,   1,    0.0000000000E+00,    4.8155593886E+01,    4.8155593886E+01,    0.0000000000E+00,    0.0000000000E+00,    0.0000000000E+00,    4.8155593886E+01
     67200,      0.676928,CP0_start,   1,    0.0000000000E+00,    4.8220077072E+01,    4.8220077072E+01,    0.0000000000E+00,    0.0000000000E+00,    0.0000000000E+00,    4.8220077072E+01
     67200,      0.676928,CP1_after_deposition,   1,    0.0000000000E+00,    4.8220077072E+01,    4.8220077072E+01,    0.0000000000E+00,    0.0000000000E+00,    0.0000000000E+00,    4.8220077072E+01
     67200,      0.676928,CP2_after_erosion,   1,    0.0000000000E+00,    4.8220077072E+01,    4.8220077072E+01,    0.0000000000E+00,    0.0000000000E+00,    0.0000000000E+00,    4.8220077072E+01
     67200,      0.676928,CP3_after_update_bottom,   1,    0.0000000000E+00,    4.8220077072E+01,    4.8220077072E+01,    0.0000000000E+00,    0.0000000000E+00,    0.0000000000E+00,    4.8220077072E+01
     67200,      0.676928,CP4_after_advection,   1,    0.0000000000E+00,    4.8219092125E+01,    4.8219092125E+01,    0.0000000000E+00,    0.0000000000E+00,    0.0000000000E+00,    4.8219092125E+01
     67200,      0.676928,CP5_after_vdif,   1,    0.0000000000E+00,    4.8219092125E+01,    4.8219092125E+01,    0.0000000000E+00,    0.0000000000E+00,    0.0000000000E+00,    4.8219092125E+01
     67200,      0.676928,CP6_after_kinetics,   1,    0.0000000000E+00,    4.8219092125E+01,    4.8219092125E+01,    0.0000000000E+00,    0.0000000000E+00,    0.0000000000E+00,    4.8219092125E+01
     67200,      0.676928,CP7_after_upper_clamp,   1,    0.0000000000E+00,    4.8219092125E+01,    4.8219092125E+01,    0.0000000000E+00,    0.0000000000E+00,    0.0000000000E+00,    4.8219092125E+01
     67200,      0.676928,CP8_after_OBC,   1,    0.0000000000E+00,    4.8219092125E+01,    4.8219092125E+01,    0.0000000000E+00,    0.0000000000E+00,    0.0000000000E+00,    4.8219092125E+01
     67200,      0.676928,CP9_after_PTsource,   1,    0.0000000000E+00,    4.8219092125E+01,    4.8219092125E+01,    0.0000000000E+00,    0.0000000000E+00,    0.0000000000E+00,    4.8219092125E+01
     67200,      0.676928,CP10_after_neg_clamp,   1,    0.0000000000E+00,    4.8219092125E+01,    4.8219092125E+01,    0.0000000000E+00,    0.0000000000E+00,    0.0000000000E+00,    4.8219092125E+01
     67200,      0.676928,CP11_after_MPI,   1,    0.0000000000E+00,    4.8219092125E+01,    4.8219092125E+01,    0.0000000000E+00,    0.0000000000E+00,    0.0000000000E+00,    4.8219092125E+01
     67200,      0.676928,CP12_end,   1,    0.0000000000E+00,    4.8219092125E+01,    4.8219092125E+01,    0.0000000000E+00,    0.0000000000E+00,    0.0000000000E+00,    4.8219092125E+01
     67250,      0.676928,CP0_start,   1,    0.0000000000E+00,    4.8283530938E+01,    4.8283530938E+01,    0.0000000000E+00,    0.0000000000E+00,    0.0000000000E+00,    4.8283530938E+01
     67250,      0.676928,CP1_after_deposition,   1,    0.0000000000E+00,    4.8283530938E+01,    4.8283530938E+01,    0.0000000000E+00,    0.0000000000E+00,    0.0000000000E+00,    4.8283530938E+01
     67250,      0.676928,CP2_after_erosion,   1,    0.0000000000E+00,    4.8283530938E+01,    4.8283530938E+01,    0.0000000000E+00,    0.0000000000E+00,    0.0000000000E+00,    4.8283530938E+01
     67250,      0.676928,CP3_after_update_bottom,   1,    0.0000000000E+00,    4.8283530938E+01,    4.8283530938E+01,    0.0000000000E+00,    0.0000000000E+00,    0.0000000000E+00,    4.8283530938E+01
     67250,      0.676928,CP4_after_advection,   1,    0.0000000000E+00,    4.8282541059E+01,    4.8282541059E+01,    0.0000000000E+00,    0.0000000000E+00,    0.0000000000E+00,    4.8282541059E+01
     67250,      0.676928,CP5_after_vdif,   1,    0.0000000000E+00,    4.8282541059E+01,    4.8282541059E+01,    0.0000000000E+00,    0.0000000000E+00,    0.0000000000E+00,    4.8282541059E+01
     67250,      0.676928,CP6_after_kinetics,   1,    0.0000000000E+00,    4.8282541059E+01,    4.8282541059E+01,    0.0000000000E+00,    0.0000000000E+00,    0.0000000000E+00,    4.8282541059E+01
     67250,      0.676928,CP7_after_upper_clamp,   1,    0.0000000000E+00,    4.8282541059E+01,    4.8282541059E+01,    0.0000000000E+00,    0.0000000000E+00,    0.0000000000E+00,    4.8282541059E+01
     67250,      0.676928,CP8_after_OBC,   1,    0.0000000000E+00,    4.8282541059E+01,    4.8282541059E+01,    0.0000000000E+00,    0.0000000000E+00,    0.0000000000E+00,    4.8282541059E+01
     67250,      0.676928,CP9_after_PTsource,   1,    0.0000000000E+00,    4.8282541059E+01,    4.8282541059E+01,    0.0000000000E+00,    0.0000000000E+00,    0.0000000000E+00,    4.8282541059E+01
     67250,      0.676928,CP10_after_neg_clamp,   1,    0.0000000000E+00,    4.8282541059E+01,    4.8282541059E+01,    0.0000000000E+00,    0.0000000000E+00,    0.0000000000E+00,    4.8282541059E+01
     67250,      0.676928,CP11_after_MPI,   1,    0.0000000000E+00,    4.8282541059E+01,    4.8282541059E+01,    0.0000000000E+00,    0.0000000000E+00,    0.0000000000E+00,    4.8282541059E+01
     67250,      0.676928,CP12_end,   1,    0.0000000000E+00,    4.8282541059E+01,    4.8282541059E+01,    0.0000000000E+00,    0.0000000000E+00,    0.0000000000E+00,    4.8282541059E+01
     67300,      0.676928,CP0_start,   1,    0.0000000000E+00,    4.8346878292E+01,    4.8346878292E+01,    0.0000000000E+00,    0.0000000000E+00,    0.0000000000E+00,    4.8346878292E+01
     67300,      0.676928,CP1_after_deposition,   1,    0.0000000000E+00,    4.8346878292E+01,    4.8346878292E+01,    0.0000000000E+00,    0.0000000000E+00,    0.0000000000E+00,    4.8346878292E+01
     67300,      0.676928,CP2_after_erosion,   1,    0.0000000000E+00,    4.8346878292E+01,    4.8346878292E+01,    0.0000000000E+00,    0.0000000000E+00,    0.0000000000E+00,    4.8346878292E+01
     67300,      0.676928,CP3_after_update_bottom,   1,    0.0000000000E+00,    4.8346878292E+01,    4.8346878292E+01,    0.0000000000E+00,    0.0000000000E+00,    0.0000000000E+00,    4.8346878292E+01
     67300,      0.676928,CP4_after_advection,   1,    0.0000000000E+00,    4.8345884825E+01,    4.8345884825E+01,    0.0000000000E+00,    0.0000000000E+00,    0.0000000000E+00,    4.8345884825E+01
     67300,      0.676928,CP5_after_vdif,   1,    0.0000000000E+00,    4.8345884825E+01,    4.8345884825E+01,    0.0000000000E+00,    0.0000000000E+00,    0.0000000000E+00,    4.8345884825E+01
     67300,      0.676928,CP6_after_kinetics,   1,    0.0000000000E+00,    4.8345884825E+01,    4.8345884825E+01,    0.0000000000E+00,    0.0000000000E+00,    0.0000000000E+00,    4.8345884825E+01
     67300,      0.676928,CP7_after_upper_clamp,   1,    0.0000000000E+00,    4.8345884825E+01,    4.8345884825E+01,    0.0000000000E+00,    0.0000000000E+00,    0.0000000000E+00,    4.8345884825E+01
     67300,      0.676928,CP8_after_OBC,   1,    0.0000000000E+00,    4.8345884825E+01,    4.8345884825E+01,    0.0000000000E+00,    0.0000000000E+00,    0.0000000000E+00,    4.8345884825E+01
     67300,      0.676928,CP9_after_PTsource,   1,    0.0000000000E+00,    4.8345884825E+01,    4.8345884825E+01,    0.0000000000E+00,    0.0000000000E+00,    0.0000000000E+00,    4.8345884825E+01
     67300,      0.676928,CP10_after_neg_clamp,   1,    0.0000000000E+00,    4.8345884825E+01,    4.8345884825E+01,    0.0000000000E+00,    0.0000000000E+00,    0.0000000000E+00,    4.8345884825E+01
     67300,      0.676928,CP11_after_MPI,   1,    0.0000000000E+00,    4.8345884825E+01,    4.8345884825E+01,    0.0000000000E+00,    0.0000000000E+00,    0.0000000000E+00,    4.8345884825E+01
     67300,      0.676928,CP12_end,   1,    0.0000000000E+00,    4.8345884825E+01,    4.8345884825E+01,    0.0000000000E+00,    0.0000000000E+00,    0.0000000000E+00,    4.8345884825E+01
     67350,      0.676928,CP0_start,   1,    0.0000000000E+00,    4.8410111414E+01,    4.8410111414E+01,    0.0000000000E+00,    0.0000000000E+00,    0.0000000000E+00,    4.8410111414E+01
     67350,      0.676928,CP1_after_deposition,   1,    0.0000000000E+00,    4.8410111414E+01,    4.8410111414E+01,    0.0000000000E+00,    0.0000000000E+00,    0.0000000000E+00,    4.8410111414E+01
     67350,      0.676928,CP2_after_erosion,   1,    0.0000000000E+00,    4.8410111414E+01,    4.8410111414E+01,    0.0000000000E+00,    0.0000000000E+00,    0.0000000000E+00,    4.8410111414E+01
     67350,      0.676928,CP3_after_update_bottom,   1,    0.0000000000E+00,    4.8410111414E+01,    4.8410111414E+01,    0.0000000000E+00,    0.0000000000E+00,    0.0000000000E+00,    4.8410111414E+01
     67350,      0.676928,CP4_after_advection,   1,    0.0000000000E+00,    4.8409116587E+01,    4.8409116587E+01,    0.0000000000E+00,    0.0000000000E+00,    0.0000000000E+00,    4.8409116587E+01
     67350,      0.676928,CP5_after_vdif,   1,    0.0000000000E+00,    4.8409116587E+01,    4.8409116587E+01,    0.0000000000E+00,    0.0000000000E+00,    0.0000000000E+00,    4.8409116587E+01
     67350,      0.676928,CP6_after_kinetics,   1,    0.0000000000E+00,    4.8409116587E+01,    4.8409116587E+01,    0.0000000000E+00,    0.0000000000E+00,    0.0000000000E+00,    4.8409116587E+01
     67350,      0.676928,CP7_after_upper_clamp,   1,    0.0000000000E+00,    4.8409116587E+01,    4.8409116587E+01,    0.0000000000E+00,    0.0000000000E+00,    0.0000000000E+00,    4.8409116587E+01
     67350,      0.676928,CP8_after_OBC,   1,    0.0000000000E+00,    4.8409116587E+01,    4.8409116587E+01,    0.0000000000E+00,    0.0000000000E+00,    0.0000000000E+00,    4.8409116587E+01
     67350,      0.676928,CP9_after_PTsource,   1,    0.0000000000E+00,    4.8409116587E+01,    4.8409116587E+01,    0.0000000000E+00,    0.0000000000E+00,    0.0000000000E+00,    4.8409116587E+01
     67350,      0.676928,CP10_after_neg_clamp,   1,    0.0000000000E+00,    4.8409116587E+01,    4.8409116587E+01,    0.0000000000E+00,    0.0000000000E+00,    0.0000000000E+00,    4.8409116587E+01
     67350,      0.676928,CP11_after_MPI,   1,    0.0000000000E+00,    4.8409116587E+01,    4.8409116587E+01,    0.0000000000E+00,    0.0000000000E+00,    0.0000000000E+00,    4.8409116587E+01
     67350,      0.676928,CP12_end,   1,    0.0000000000E+00,    4.8409116587E+01,    4.8409116587E+01,    0.0000000000E+00,    0.0000000000E+00,    0.0000000000E+00,    4.8409116587E+01
     67400,      0.676928,CP0_start,   1,    0.0000000000E+00,    4.8473246342E+01,    4.8473246342E+01,    0.0000000000E+00,    0.0000000000E+00,    0.0000000000E+00,    4.8473246342E+01
     67400,      0.676928,CP1_after_deposition,   1,    0.0000000000E+00,    4.8473246342E+01,    4.8473246342E+01,    0.0000000000E+00,    0.0000000000E+00,    0.0000000000E+00,    4.8473246342E+01
     67400,      0.676928,CP2_after_erosion,   1,    0.0000000000E+00,    4.8473246342E+01,    4.8473246342E+01,    0.0000000000E+00,    0.0000000000E+00,    0.0000000000E+00,    4.8473246342E+01
     67400,      0.676928,CP3_after_update_bottom,   1,    0.0000000000E+00,    4.8473246342E+01,    4.8473246342E+01,    0.0000000000E+00,    0.0000000000E+00,    0.0000000000E+00,    4.8473246342E+01
     67400,      0.676928,CP4_after_advection,   1,    0.0000000000E+00,    4.8472252592E+01,    4.8472252592E+01,    0.0000000000E+00,    0.0000000000E+00,    0.0000000000E+00,    4.8472252592E+01
     67400,      0.676928,CP5_after_vdif,   1,    0.0000000000E+00,    4.8472252592E+01,    4.8472252592E+01,    0.0000000000E+00,    0.0000000000E+00,    0.0000000000E+00,    4.8472252592E+01
     67400,      0.676928,CP6_after_kinetics,   1,    0.0000000000E+00,    4.8472252592E+01,    4.8472252592E+01,    0.0000000000E+00,    0.0000000000E+00,    0.0000000000E+00,    4.8472252592E+01
     67400,      0.676928,CP7_after_upper_clamp,   1,    0.0000000000E+00,    4.8472252592E+01,    4.8472252592E+01,    0.0000000000E+00,    0.0000000000E+00,    0.0000000000E+00,    4.8472252592E+01
     67400,      0.676928,CP8_after_OBC,   1,    0.0000000000E+00,    4.8472252592E+01,    4.8472252592E+01,    0.0000000000E+00,    0.0000000000E+00,    0.0000000000E+00,    4.8472252592E+01
     67400,      0.676928,CP9_after_PTsource,   1,    0.0000000000E+00,    4.8472252592E+01,    4.8472252592E+01,    0.0000000000E+00,    0.0000000000E+00,    0.0000000000E+00,    4.8472252592E+01
     67400,      0.676928,CP10_after_neg_clamp,   1,    0.0000000000E+00,    4.8472252592E+01,    4.8472252592E+01,    0.0000000000E+00,    0.0000000000E+00,    0.0000000000E+00,    4.8472252592E+01
     67400,      0.676928,CP11_after_MPI,   1,    0.0000000000E+00,    4.8472252592E+01,    4.8472252592E+01,    0.0000000000E+00,    0.0000000000E+00,    0.0000000000E+00,    4.8472252592E+01
     67400,      0.676928,CP12_end,   1,    0.0000000000E+00,    4.8472252592E+01,    4.8472252592E+01,    0.0000000000E+00,    0.0000000000E+00,    0.0000000000E+00,    4.8472252592E+01
     67450,      0.676928,CP0_start,   1,    0.0000000000E+00,    4.8536345823E+01,    4.8536345823E+01,    0.0000000000E+00,    0.0000000000E+00,    0.0000000000E+00,    4.8536345823E+01
     67450,      0.676928,CP1_after_deposition,   1,    0.0000000000E+00,    4.8536345823E+01,    4.8536345823E+01,    0.0000000000E+00,    0.0000000000E+00,    0.0000000000E+00,    4.8536345823E+01
     67450,      0.676928,CP2_after_erosion,   1,    0.0000000000E+00,    4.8536345823E+01,    4.8536345823E+01,    0.0000000000E+00,    0.0000000000E+00,    0.0000000000E+00,    4.8536345823E+01
     67450,      0.676928,CP3_after_update_bottom,   1,    0.0000000000E+00,    4.8536345823E+01,    4.8536345823E+01,    0.0000000000E+00,    0.0000000000E+00,    0.0000000000E+00,    4.8536345823E+01
     67450,      0.676928,CP4_after_advection,   1,    0.0000000000E+00,    4.8535356088E+01,    4.8535356088E+01,    0.0000000000E+00,    0.0000000000E+00,    0.0000000000E+00,    4.8535356088E+01
     67450,      0.676928,CP5_after_vdif,   1,    0.0000000000E+00,    4.8535356088E+01,    4.8535356088E+01,    0.0000000000E+00,    0.0000000000E+00,    0.0000000000E+00,    4.8535356088E+01
     67450,      0.676928,CP6_after_kinetics,   1,    0.0000000000E+00,    4.8535356088E+01,    4.8535356088E+01,    0.0000000000E+00,    0.0000000000E+00,    0.0000000000E+00,    4.8535356088E+01
     67450,      0.676928,CP7_after_upper_clamp,   1,    0.0000000000E+00,    4.8535356088E+01,    4.8535356088E+01,    0.0000000000E+00,    0.0000000000E+00,    0.0000000000E+00,    4.8535356088E+01
     67450,      0.676928,CP8_after_OBC,   1,    0.0000000000E+00,    4.8535356088E+01,    4.8535356088E+01,    0.0000000000E+00,    0.0000000000E+00,    0.0000000000E+00,    4.8535356088E+01
     67450,      0.676928,CP9_after_PTsource,   1,    0.0000000000E+00,    4.8535356088E+01,    4.8535356088E+01,    0.0000000000E+00,    0.0000000000E+00,    0.0000000000E+00,    4.8535356088E+01
     67450,      0.676928,CP10_after_neg_clamp,   1,    0.0000000000E+00,    4.8535356088E+01,    4.8535356088E+01,    0.0000000000E+00,    0.0000000000E+00,    0.0000000000E+00,    4.8535356088E+01
     67450,      0.676928,CP11_after_MPI,   1,    0.0000000000E+00,    4.8535356088E+01,    4.8535356088E+01,    0.0000000000E+00,    0.0000000000E+00,    0.0000000000E+00,    4.8535356088E+01
     67450,      0.676928,CP12_end,   1,    0.0000000000E+00,    4.8535356088E+01,    4.8535356088E+01,    0.0000000000E+00,    0.0000000000E+00,    0.0000000000E+00,    4.8535356088E+01
     67500,      0.676928,CP0_start,   1,    0.0000000000E+00,    4.8599494181E+01,    4.8599494181E+01,    0.0000000000E+00,    0.0000000000E+00,    0.0000000000E+00,    4.8599494181E+01
     67500,      0.676928,CP1_after_deposition,   1,    0.0000000000E+00,    4.8599494181E+01,    4.8599494181E+01,    0.0000000000E+00,    0.0000000000E+00,    0.0000000000E+00,    4.8599494181E+01
     67500,      0.676928,CP2_after_erosion,   1,    0.0000000000E+00,    4.8599494181E+01,    4.8599494181E+01,    0.0000000000E+00,    0.0000000000E+00,    0.0000000000E+00,    4.8599494181E+01
     67500,      0.676928,CP3_after_update_bottom,   1,    0.0000000000E+00,    4.8599494181E+01,    4.8599494181E+01,    0.0000000000E+00,    0.0000000000E+00,    0.0000000000E+00,    4.8599494181E+01
     67500,      0.676928,CP4_after_advection,   1,    0.0000000000E+00,    4.8598511692E+01,    4.8598511692E+01,    0.0000000000E+00,    0.0000000000E+00,    0.0000000000E+00,    4.8598511692E+01
     67500,      0.676928,CP5_after_vdif,   1,    0.0000000000E+00,    4.8598511692E+01,    4.8598511692E+01,    0.0000000000E+00,    0.0000000000E+00,    0.0000000000E+00,    4.8598511692E+01
     67500,      0.676928,CP6_after_kinetics,   1,    0.0000000000E+00,    4.8598511692E+01,    4.8598511692E+01,    0.0000000000E+00,    0.0000000000E+00,    0.0000000000E+00,    4.8598511692E+01
     67500,      0.676928,CP7_after_upper_clamp,   1,    0.0000000000E+00,    4.8598511692E+01,    4.8598511692E+01,    0.0000000000E+00,    0.0000000000E+00,    0.0000000000E+00,    4.8598511692E+01
     67500,      0.676928,CP8_after_OBC,   1,    0.0000000000E+00,    4.8598511692E+01,    4.8598511692E+01,    0.0000000000E+00,    0.0000000000E+00,    0.0000000000E+00,    4.8598511692E+01
     67500,      0.676928,CP9_after_PTsource,   1,    0.0000000000E+00,    4.8598511692E+01,    4.8598511692E+01,    0.0000000000E+00,    0.0000000000E+00,    0.0000000000E+00,    4.8598511692E+01
     67500,      0.676928,CP10_after_neg_clamp,   1,    0.0000000000E+00,    4.8598511692E+01,    4.8598511692E+01,    0.0000000000E+00,    0.0000000000E+00,    0.0000000000E+00,    4.8598511692E+01
     67500,      0.676928,CP11_after_MPI,   1,    0.0000000000E+00,    4.8598511692E+01,    4.8598511692E+01,    0.0000000000E+00,    0.0000000000E+00,    0.0000000000E+00,    4.8598511692E+01
     67500,      0.676928,CP12_end,   1,    0.0000000000E+00,    4.8598511692E+01,    4.8598511692E+01,    0.0000000000E+00,    0.0000000000E+00,    0.0000000000E+00,    4.8598511692E+01
     67550,      0.676928,CP0_start,   1,    0.0000000000E+00,    4.8662568252E+01,    4.8662568252E+01,    0.0000000000E+00,    0.0000000000E+00,    0.0000000000E+00,    4.8662568252E+01
     67550,      0.676928,CP1_after_deposition,   1,    0.0000000000E+00,    4.8662568252E+01,    4.8662568252E+01,    0.0000000000E+00,    0.0000000000E+00,    0.0000000000E+00,    4.8662568252E+01
     67550,      0.676928,CP2_after_erosion,   1,    0.0000000000E+00,    4.8662568252E+01,    4.8662568252E+01,    0.0000000000E+00,    0.0000000000E+00,    0.0000000000E+00,    4.8662568252E+01
     67550,      0.676928,CP3_after_update_bottom,   1,    0.0000000000E+00,    4.8662568252E+01,    4.8662568252E+01,    0.0000000000E+00,    0.0000000000E+00,    0.0000000000E+00,    4.8662568252E+01
     67550,      0.676928,CP4_after_advection,   1,    0.0000000000E+00,    4.8661595719E+01,    4.8661595719E+01,    0.0000000000E+00,    0.0000000000E+00,    0.0000000000E+00,    4.8661595719E+01
     67550,      0.676928,CP5_after_vdif,   1,    0.0000000000E+00,    4.8661595719E+01,    4.8661595719E+01,    0.0000000000E+00,    0.0000000000E+00,    0.0000000000E+00,    4.8661595719E+01
     67550,      0.676928,CP6_after_kinetics,   1,    0.0000000000E+00,    4.8661595719E+01,    4.8661595719E+01,    0.0000000000E+00,    0.0000000000E+00,    0.0000000000E+00,    4.8661595719E+01
     67550,      0.676928,CP7_after_upper_clamp,   1,    0.0000000000E+00,    4.8661595719E+01,    4.8661595719E+01,    0.0000000000E+00,    0.0000000000E+00,    0.0000000000E+00,    4.8661595719E+01
     67550,      0.676928,CP8_after_OBC,   1,    0.0000000000E+00,    4.8661595719E+01,    4.8661595719E+01,    0.0000000000E+00,    0.0000000000E+00,    0.0000000000E+00,    4.8661595719E+01
     67550,      0.676928,CP9_after_PTsource,   1,    0.0000000000E+00,    4.8661595719E+01,    4.8661595719E+01,    0.0000000000E+00,    0.0000000000E+00,    0.0000000000E+00,    4.8661595719E+01
     67550,      0.676928,CP10_after_neg_clamp,   1,    0.0000000000E+00,    4.8661595719E+01,    4.8661595719E+01,    0.0000000000E+00,    0.0000000000E+00,    0.0000000000E+00,    4.8661595719E+01
     67550,      0.676928,CP11_after_MPI,   1,    0.0000000000E+00,    4.8661595719E+01,    4.8661595719E+01,    0.0000000000E+00,    0.0000000000E+00,    0.0000000000E+00,    4.8661595719E+01
     67550,      0.676928,CP12_end,   1,    0.0000000000E+00,    4.8661595719E+01,    4.8661595719E+01,    0.0000000000E+00,    0.0000000000E+00,    0.0000000000E+00,    4.8661595719E+01
     67600,      0.676928,CP0_start,   1,    0.0000000000E+00,    4.8725849107E+01,    4.8725849107E+01,    0.0000000000E+00,    0.0000000000E+00,    0.0000000000E+00,    4.8725849107E+01
     67600,      0.676928,CP1_after_deposition,   1,    0.0000000000E+00,    4.8725849107E+01,    4.8725849107E+01,    0.0000000000E+00,    0.0000000000E+00,    0.0000000000E+00,    4.8725849107E+01
     67600,      0.676928,CP2_after_erosion,   1,    0.0000000000E+00,    4.8725849107E+01,    4.8725849107E+01,    0.0000000000E+00,    0.0000000000E+00,    0.0000000000E+00,    4.8725849107E+01
     67600,      0.676928,CP3_after_update_bottom,   1,    0.0000000000E+00,    4.8725849107E+01,    4.8725849107E+01,    0.0000000000E+00,    0.0000000000E+00,    0.0000000000E+00,    4.8725849107E+01
     67600,      0.676928,CP4_after_advection,   1,    0.0000000000E+00,    4.8724889239E+01,    4.8724889239E+01,    0.0000000000E+00,    0.0000000000E+00,    0.0000000000E+00,    4.8724889239E+01
     67600,      0.676928,CP5_after_vdif,   1,    0.0000000000E+00,    4.8724889239E+01,    4.8724889239E+01,    0.0000000000E+00,    0.0000000000E+00,    0.0000000000E+00,    4.8724889239E+01
     67600,      0.676928,CP6_after_kinetics,   1,    0.0000000000E+00,    4.8724889239E+01,    4.8724889239E+01,    0.0000000000E+00,    0.0000000000E+00,    0.0000000000E+00,    4.8724889239E+01
     67600,      0.676928,CP7_after_upper_clamp,   1,    0.0000000000E+00,    4.8724889239E+01,    4.8724889239E+01,    0.0000000000E+00,    0.0000000000E+00,    0.0000000000E+00,    4.8724889239E+01
     67600,      0.676928,CP8_after_OBC,   1,    0.0000000000E+00,    4.8724889239E+01,    4.8724889239E+01,    0.0000000000E+00,    0.0000000000E+00,    0.0000000000E+00,    4.8724889239E+01
     67600,      0.676928,CP9_after_PTsource,   1,    0.0000000000E+00,    4.8724889239E+01,    4.8724889239E+01,    0.0000000000E+00,    0.0000000000E+00,    0.0000000000E+00,    4.8724889239E+01
     67600,      0.676928,CP10_after_neg_clamp,   1,    0.0000000000E+00,    4.8724889239E+01,    4.8724889239E+01,    0.0000000000E+00,    0.0000000000E+00,    0.0000000000E+00,    4.8724889239E+01
     67600,      0.676928,CP11_after_MPI,   1,    0.0000000000E+00,    4.8724889239E+01,    4.8724889239E+01,    0.0000000000E+00,    0.0000000000E+00,    0.0000000000E+00,    4.8724889239E+01
     67600,      0.676928,CP12_end,   1,    0.0000000000E+00,    4.8724889239E+01,    4.8724889239E+01,    0.0000000000E+00,    0.0000000000E+00,    0.0000000000E+00,    4.8724889239E+01
     67650,      0.676928,CP0_start,   1,    0.0000000000E+00,    4.8789397152E+01,    4.8789397152E+01,    0.0000000000E+00,    0.0000000000E+00,    0.0000000000E+00,    4.8789397152E+01
     67650,      0.676928,CP1_after_deposition,   1,    0.0000000000E+00,    4.8789397152E+01,    4.8789397152E+01,    0.0000000000E+00,    0.0000000000E+00,    0.0000000000E+00,    4.8789397152E+01
     67650,      0.676928,CP2_after_erosion,   1,    0.0000000000E+00,    4.8789397152E+01,    4.8789397152E+01,    0.0000000000E+00,    0.0000000000E+00,    0.0000000000E+00,    4.8789397152E+01
     67650,      0.676928,CP3_after_update_bottom,   1,    0.0000000000E+00,    4.8789397152E+01,    4.8789397152E+01,    0.0000000000E+00,    0.0000000000E+00,    0.0000000000E+00,    4.8789397152E+01
     67650,      0.676928,CP4_after_advection,   1,    0.0000000000E+00,    4.8788451498E+01,    4.8788451498E+01,    0.0000000000E+00,    0.0000000000E+00,    0.0000000000E+00,    4.8788451498E+01
     67650,      0.676928,CP5_after_vdif,   1,    0.0000000000E+00,    4.8788451498E+01,    4.8788451498E+01,    0.0000000000E+00,    0.0000000000E+00,    0.0000000000E+00,    4.8788451498E+01
     67650,      0.676928,CP6_after_kinetics,   1,    0.0000000000E+00,    4.8788451498E+01,    4.8788451498E+01,    0.0000000000E+00,    0.0000000000E+00,    0.0000000000E+00,    4.8788451498E+01
     67650,      0.676928,CP7_after_upper_clamp,   1,    0.0000000000E+00,    4.8788451498E+01,    4.8788451498E+01,    0.0000000000E+00,    0.0000000000E+00,    0.0000000000E+00,    4.8788451498E+01
     67650,      0.676928,CP8_after_OBC,   1,    0.0000000000E+00,    4.8788451498E+01,    4.8788451498E+01,    0.0000000000E+00,    0.0000000000E+00,    0.0000000000E+00,    4.8788451498E+01
     67650,      0.676928,CP9_after_PTsource,   1,    0.0000000000E+00,    4.8788451498E+01,    4.8788451498E+01,    0.0000000000E+00,    0.0000000000E+00,    0.0000000000E+00,    4.8788451498E+01
     67650,      0.676928,CP10_after_neg_clamp,   1,    0.0000000000E+00,    4.8788451498E+01,    4.8788451498E+01,    0.0000000000E+00,    0.0000000000E+00,    0.0000000000E+00,    4.8788451498E+01
     67650,      0.676928,CP11_after_MPI,   1,    0.0000000000E+00,    4.8788451498E+01,    4.8788451498E+01,    0.0000000000E+00,    0.0000000000E+00,    0.0000000000E+00,    4.8788451498E+01
     67650,      0.676928,CP12_end,   1,    0.0000000000E+00,    4.8788451498E+01,    4.8788451498E+01,    0.0000000000E+00,    0.0000000000E+00,    0.0000000000E+00,    4.8788451498E+01
     67700,      0.676928,CP0_start,   1,    0.0000000000E+00,    4.8853233764E+01,    4.8853233764E+01,    0.0000000000E+00,    0.0000000000E+00,    0.0000000000E+00,    4.8853233764E+01
     67700,      0.676928,CP1_after_deposition,   1,    0.0000000000E+00,    4.8853233764E+01,    4.8853233764E+01,    0.0000000000E+00,    0.0000000000E+00,    0.0000000000E+00,    4.8853233764E+01
     67700,      0.676928,CP2_after_erosion,   1,    0.0000000000E+00,    4.8853233764E+01,    4.8853233764E+01,    0.0000000000E+00,    0.0000000000E+00,    0.0000000000E+00,    4.8853233764E+01
     67700,      0.676928,CP3_after_update_bottom,   1,    0.0000000000E+00,    4.8853233764E+01,    4.8853233764E+01,    0.0000000000E+00,    0.0000000000E+00,    0.0000000000E+00,    4.8853233764E+01
     67700,      0.676928,CP4_after_advection,   1,    0.0000000000E+00,    4.8852303082E+01,    4.8852303082E+01,    0.0000000000E+00,    0.0000000000E+00,    0.0000000000E+00,    4.8852303082E+01
     67700,      0.676928,CP5_after_vdif,   1,    0.0000000000E+00,    4.8852303082E+01,    4.8852303082E+01,    0.0000000000E+00,    0.0000000000E+00,    0.0000000000E+00,    4.8852303082E+01
     67700,      0.676928,CP6_after_kinetics,   1,    0.0000000000E+00,    4.8852303082E+01,    4.8852303082E+01,    0.0000000000E+00,    0.0000000000E+00,    0.0000000000E+00,    4.8852303082E+01
     67700,      0.676928,CP7_after_upper_clamp,   1,    0.0000000000E+00,    4.8852303082E+01,    4.8852303082E+01,    0.0000000000E+00,    0.0000000000E+00,    0.0000000000E+00,    4.8852303082E+01
     67700,      0.676928,CP8_after_OBC,   1,    0.0000000000E+00,    4.8852303082E+01,    4.8852303082E+01,    0.0000000000E+00,    0.0000000000E+00,    0.0000000000E+00,    4.8852303082E+01
     67700,      0.676928,CP9_after_PTsource,   1,    0.0000000000E+00,    4.8852303082E+01,    4.8852303082E+01,    0.0000000000E+00,    0.0000000000E+00,    0.0000000000E+00,    4.8852303082E+01
     67700,      0.676928,CP10_after_neg_clamp,   1,    0.0000000000E+00,    4.8852303082E+01,    4.8852303082E+01,    0.0000000000E+00,    0.0000000000E+00,    0.0000000000E+00,    4.8852303082E+01
     67700,      0.676928,CP11_after_MPI,   1,    0.0000000000E+00,    4.8852303082E+01,    4.8852303082E+01,    0.0000000000E+00,    0.0000000000E+00,    0.0000000000E+00,    4.8852303082E+01
     67700,      0.676928,CP12_end,   1,    0.0000000000E+00,    4.8852303082E+01,    4.8852303082E+01,    0.0000000000E+00,    0.0000000000E+00,    0.0000000000E+00,    4.8852303082E+01
     67750,      0.676928,CP0_start,   1,    0.0000000000E+00,    4.8917347200E+01,    4.8917347200E+01,    0.0000000000E+00,    0.0000000000E+00,    0.0000000000E+00,    4.8917347200E+01
     67750,      0.676928,CP1_after_deposition,   1,    0.0000000000E+00,    4.8917347200E+01,    4.8917347200E+01,    0.0000000000E+00,    0.0000000000E+00,    0.0000000000E+00,    4.8917347200E+01
     67750,      0.676928,CP2_after_erosion,   1,    0.0000000000E+00,    4.8917347200E+01,    4.8917347200E+01,    0.0000000000E+00,    0.0000000000E+00,    0.0000000000E+00,    4.8917347200E+01
     67750,      0.676928,CP3_after_update_bottom,   1,    0.0000000000E+00,    4.8917347200E+01,    4.8917347200E+01,    0.0000000000E+00,    0.0000000000E+00,    0.0000000000E+00,    4.8917347200E+01
     67750,      0.676928,CP4_after_advection,   1,    0.0000000000E+00,    4.8916432825E+01,    4.8916432825E+01,    0.0000000000E+00,    0.0000000000E+00,    0.0000000000E+00,    4.8916432825E+01
     67750,      0.676928,CP5_after_vdif,   1,    0.0000000000E+00,    4.8916432825E+01,    4.8916432825E+01,    0.0000000000E+00,    0.0000000000E+00,    0.0000000000E+00,    4.8916432825E+01
     67750,      0.676928,CP6_after_kinetics,   1,    0.0000000000E+00,    4.8916432825E+01,    4.8916432825E+01,    0.0000000000E+00,    0.0000000000E+00,    0.0000000000E+00,    4.8916432825E+01
     67750,      0.676928,CP7_after_upper_clamp,   1,    0.0000000000E+00,    4.8916432825E+01,    4.8916432825E+01,    0.0000000000E+00,    0.0000000000E+00,    0.0000000000E+00,    4.8916432825E+01
     67750,      0.676928,CP8_after_OBC,   1,    0.0000000000E+00,    4.8916432825E+01,    4.8916432825E+01,    0.0000000000E+00,    0.0000000000E+00,    0.0000000000E+00,    4.8916432825E+01
     67750,      0.676928,CP9_after_PTsource,   1,    0.0000000000E+00,    4.8916432825E+01,    4.8916432825E+01,    0.0000000000E+00,    0.0000000000E+00,    0.0000000000E+00,    4.8916432825E+01
     67750,      0.676928,CP10_after_neg_clamp,   1,    0.0000000000E+00,    4.8916432825E+01,    4.8916432825E+01,    0.0000000000E+00,    0.0000000000E+00,    0.0000000000E+00,    4.8916432825E+01
     67750,      0.676928,CP11_after_MPI,   1,    0.0000000000E+00,    4.8916432825E+01,    4.8916432825E+01,    0.0000000000E+00,    0.0000000000E+00,    0.0000000000E+00,    4.8916432825E+01
     67750,      0.676928,CP12_end,   1,    0.0000000000E+00,    4.8916432825E+01,    4.8916432825E+01,    0.0000000000E+00,    0.0000000000E+00,    0.0000000000E+00,    4.8916432825E+01
     67800,      0.676928,CP0_start,   1,    0.0000000000E+00,    4.8981716345E+01,    4.8981716345E+01,    0.0000000000E+00,    0.0000000000E+00,    0.0000000000E+00,    4.8981716345E+01
     67800,      0.676928,CP1_after_deposition,   1,    0.0000000000E+00,    4.8981716345E+01,    4.8981716345E+01,    0.0000000000E+00,    0.0000000000E+00,    0.0000000000E+00,    4.8981716345E+01
     67800,      0.676928,CP2_after_erosion,   1,    0.0000000000E+00,    4.8981716345E+01,    4.8981716345E+01,    0.0000000000E+00,    0.0000000000E+00,    0.0000000000E+00,    4.8981716345E+01
     67800,      0.676928,CP3_after_update_bottom,   1,    0.0000000000E+00,    4.8981716345E+01,    4.8981716345E+01,    0.0000000000E+00,    0.0000000000E+00,    0.0000000000E+00,    4.8981716345E+01
     67800,      0.676928,CP4_after_advection,   1,    0.0000000000E+00,    4.8980818406E+01,    4.8980818406E+01,    0.0000000000E+00,    0.0000000000E+00,    0.0000000000E+00,    4.8980818406E+01
     67800,      0.676928,CP5_after_vdif,   1,    0.0000000000E+00,    4.8980818406E+01,    4.8980818406E+01,    0.0000000000E+00,    0.0000000000E+00,    0.0000000000E+00,    4.8980818406E+01
     67800,      0.676928,CP6_after_kinetics,   1,    0.0000000000E+00,    4.8980818406E+01,    4.8980818406E+01,    0.0000000000E+00,    0.0000000000E+00,    0.0000000000E+00,    4.8980818406E+01
     67800,      0.676928,CP7_after_upper_clamp,   1,    0.0000000000E+00,    4.8980818406E+01,    4.8980818406E+01,    0.0000000000E+00,    0.0000000000E+00,    0.0000000000E+00,    4.8980818406E+01
     67800,      0.676928,CP8_after_OBC,   1,    0.0000000000E+00,    4.8980818406E+01,    4.8980818406E+01,    0.0000000000E+00,    0.0000000000E+00,    0.0000000000E+00,    4.8980818406E+01
     67800,      0.676928,CP9_after_PTsource,   1,    0.0000000000E+00,    4.8980818406E+01,    4.8980818406E+01,    0.0000000000E+00,    0.0000000000E+00,    0.0000000000E+00,    4.8980818406E+01
     67800,      0.676928,CP10_after_neg_clamp,   1,    0.0000000000E+00,    4.8980818406E+01,    4.8980818406E+01,    0.0000000000E+00,    0.0000000000E+00,    0.0000000000E+00,    4.8980818406E+01
     67800,      0.676928,CP11_after_MPI,   1,    0.0000000000E+00,    4.8980818406E+01,    4.8980818406E+01,    0.0000000000E+00,    0.0000000000E+00,    0.0000000000E+00,    4.8980818406E+01
     67800,      0.676928,CP12_end,   1,    0.0000000000E+00,    4.8980818406E+01,    4.8980818406E+01,    0.0000000000E+00,    0.0000000000E+00,    0.0000000000E+00,    4.8980818406E+01
     67850,      0.676928,CP0_start,   1,    0.0000000000E+00,    4.9046286181E+01,    4.9046286181E+01,    0.0000000000E+00,    0.0000000000E+00,    0.0000000000E+00,    4.9046286181E+01
     67850,      0.676928,CP1_after_deposition,   1,    0.0000000000E+00,    4.9046286181E+01,    4.9046286181E+01,    0.0000000000E+00,    0.0000000000E+00,    0.0000000000E+00,    4.9046286181E+01
     67850,      0.676928,CP2_after_erosion,   1,    0.0000000000E+00,    4.9046286181E+01,    4.9046286181E+01,    0.0000000000E+00,    0.0000000000E+00,    0.0000000000E+00,    4.9046286181E+01
     67850,      0.676928,CP3_after_update_bottom,   1,    0.0000000000E+00,    4.9046286181E+01,    4.9046286181E+01,    0.0000000000E+00,    0.0000000000E+00,    0.0000000000E+00,    4.9046286181E+01
     67850,      0.676928,CP4_after_advection,   1,    0.0000000000E+00,    4.9045404445E+01,    4.9045404445E+01,    0.0000000000E+00,    0.0000000000E+00,    0.0000000000E+00,    4.9045404445E+01
     67850,      0.676928,CP5_after_vdif,   1,    0.0000000000E+00,    4.9045404445E+01,    4.9045404445E+01,    0.0000000000E+00,    0.0000000000E+00,    0.0000000000E+00,    4.9045404445E+01
     67850,      0.676928,CP6_after_kinetics,   1,    0.0000000000E+00,    4.9045404445E+01,    4.9045404445E+01,    0.0000000000E+00,    0.0000000000E+00,    0.0000000000E+00,    4.9045404445E+01
     67850,      0.676928,CP7_after_upper_clamp,   1,    0.0000000000E+00,    4.9045404445E+01,    4.9045404445E+01,    0.0000000000E+00,    0.0000000000E+00,    0.0000000000E+00,    4.9045404445E+01
     67850,      0.676928,CP8_after_OBC,   1,    0.0000000000E+00,    4.9045404445E+01,    4.9045404445E+01,    0.0000000000E+00,    0.0000000000E+00,    0.0000000000E+00,    4.9045404445E+01
     67850,      0.676928,CP9_after_PTsource,   1,    0.0000000000E+00,    4.9045404445E+01,    4.9045404445E+01,    0.0000000000E+00,    0.0000000000E+00,    0.0000000000E+00,    4.9045404445E+01
     67850,      0.676928,CP10_after_neg_clamp,   1,    0.0000000000E+00,    4.9045404445E+01,    4.9045404445E+01,    0.0000000000E+00,    0.0000000000E+00,    0.0000000000E+00,    4.9045404445E+01
     67850,      0.676928,CP11_after_MPI,   1,    0.0000000000E+00,    4.9045404445E+01,    4.9045404445E+01,    0.0000000000E+00,    0.0000000000E+00,    0.0000000000E+00,    4.9045404445E+01
     67850,      0.676928,CP12_end,   1,    0.0000000000E+00,    4.9045404445E+01,    4.9045404445E+01,    0.0000000000E+00,    0.0000000000E+00,    0.0000000000E+00,    4.9045404445E+01
     67900,      0.676928,CP0_start,   1,    0.0000000000E+00,    4.9111057996E+01,    4.9111057996E+01,    0.0000000000E+00,    0.0000000000E+00,    0.0000000000E+00,    4.9111057996E+01
     67900,      0.676928,CP1_after_deposition,   1,    0.0000000000E+00,    4.9111057996E+01,    4.9111057996E+01,    0.0000000000E+00,    0.0000000000E+00,    0.0000000000E+00,    4.9111057996E+01
     67900,      0.676928,CP2_after_erosion,   1,    0.0000000000E+00,    4.9111057996E+01,    4.9111057996E+01,    0.0000000000E+00,    0.0000000000E+00,    0.0000000000E+00,    4.9111057996E+01
     67900,      0.676928,CP3_after_update_bottom,   1,    0.0000000000E+00,    4.9111057996E+01,    4.9111057996E+01,    0.0000000000E+00,    0.0000000000E+00,    0.0000000000E+00,    4.9111057996E+01
     67900,      0.676928,CP4_after_advection,   1,    0.0000000000E+00,    4.9110192076E+01,    4.9110192076E+01,    0.0000000000E+00,    0.0000000000E+00,    0.0000000000E+00,    4.9110192076E+01
     67900,      0.676928,CP5_after_vdif,   1,    0.0000000000E+00,    4.9110192076E+01,    4.9110192076E+01,    0.0000000000E+00,    0.0000000000E+00,    0.0000000000E+00,    4.9110192076E+01
     67900,      0.676928,CP6_after_kinetics,   1,    0.0000000000E+00,    4.9110192076E+01,    4.9110192076E+01,    0.0000000000E+00,    0.0000000000E+00,    0.0000000000E+00,    4.9110192076E+01
     67900,      0.676928,CP7_after_upper_clamp,   1,    0.0000000000E+00,    4.9110192076E+01,    4.9110192076E+01,    0.0000000000E+00,    0.0000000000E+00,    0.0000000000E+00,    4.9110192076E+01
     67900,      0.676928,CP8_after_OBC,   1,    0.0000000000E+00,    4.9110192076E+01,    4.9110192076E+01,    0.0000000000E+00,    0.0000000000E+00,    0.0000000000E+00,    4.9110192076E+01
     67900,      0.676928,CP9_after_PTsource,   1,    0.0000000000E+00,    4.9110192076E+01,    4.9110192076E+01,    0.0000000000E+00,    0.0000000000E+00,    0.0000000000E+00,    4.9110192076E+01
     67900,      0.676928,CP10_after_neg_clamp,   1,    0.0000000000E+00,    4.9110192076E+01,    4.9110192076E+01,    0.0000000000E+00,    0.0000000000E+00,    0.0000000000E+00,    4.9110192076E+01
     67900,      0.676928,CP11_after_MPI,   1,    0.0000000000E+00,    4.9110192076E+01,    4.9110192076E+01,    0.0000000000E+00,    0.0000000000E+00,    0.0000000000E+00,    4.9110192076E+01
     67900,      0.676928,CP12_end,   1,    0.0000000000E+00,    4.9110192076E+01,    4.9110192076E+01,    0.0000000000E+00,    0.0000000000E+00,    0.0000000000E+00,    4.9110192076E+01
     67950,      0.676928,CP0_start,   1,    0.0000000000E+00,    4.9175983474E+01,    4.9175983474E+01,    0.0000000000E+00,    0.0000000000E+00,    0.0000000000E+00,    4.9175983474E+01
     67950,      0.676928,CP1_after_deposition,   1,    0.0000000000E+00,    4.9175983474E+01,    4.9175983474E+01,    0.0000000000E+00,    0.0000000000E+00,    0.0000000000E+00,    4.9175983474E+01
     67950,      0.676928,CP2_after_erosion,   1,    0.0000000000E+00,    4.9175983474E+01,    4.9175983474E+01,    0.0000000000E+00,    0.0000000000E+00,    0.0000000000E+00,    4.9175983474E+01
     67950,      0.676928,CP3_after_update_bottom,   1,    0.0000000000E+00,    4.9175983474E+01,    4.9175983474E+01,    0.0000000000E+00,    0.0000000000E+00,    0.0000000000E+00,    4.9175983474E+01
     67950,      0.676928,CP4_after_advection,   1,    0.0000000000E+00,    4.9175133379E+01,    4.9175133379E+01,    0.0000000000E+00,    0.0000000000E+00,    0.0000000000E+00,    4.9175133379E+01
     67950,      0.676928,CP5_after_vdif,   1,    0.0000000000E+00,    4.9175133379E+01,    4.9175133379E+01,    0.0000000000E+00,    0.0000000000E+00,    0.0000000000E+00,    4.9175133379E+01
     67950,      0.676928,CP6_after_kinetics,   1,    0.0000000000E+00,    4.9175133379E+01,    4.9175133379E+01,    0.0000000000E+00,    0.0000000000E+00,    0.0000000000E+00,    4.9175133379E+01
     67950,      0.676928,CP7_after_upper_clamp,   1,    0.0000000000E+00,    4.9175133379E+01,    4.9175133379E+01,    0.0000000000E+00,    0.0000000000E+00,    0.0000000000E+00,    4.9175133379E+01
     67950,      0.676928,CP8_after_OBC,   1,    0.0000000000E+00,    4.9175133379E+01,    4.9175133379E+01,    0.0000000000E+00,    0.0000000000E+00,    0.0000000000E+00,    4.9175133379E+01
     67950,      0.676928,CP9_after_PTsource,   1,    0.0000000000E+00,    4.9175133379E+01,    4.9175133379E+01,    0.0000000000E+00,    0.0000000000E+00,    0.0000000000E+00,    4.9175133379E+01
     67950,      0.676928,CP10_after_neg_clamp,   1,    0.0000000000E+00,    4.9175133379E+01,    4.9175133379E+01,    0.0000000000E+00,    0.0000000000E+00,    0.0000000000E+00,    4.9175133379E+01
     67950,      0.676928,CP11_after_MPI,   1,    0.0000000000E+00,    4.9175133379E+01,    4.9175133379E+01,    0.0000000000E+00,    0.0000000000E+00,    0.0000000000E+00,    4.9175133379E+01
     67950,      0.676928,CP12_end,   1,    0.0000000000E+00,    4.9175133379E+01,    4.9175133379E+01,    0.0000000000E+00,    0.0000000000E+00,    0.0000000000E+00,    4.9175133379E+01
     68000,      0.676928,CP0_start,   1,    0.0000000000E+00,    4.9241009633E+01,    4.9241009633E+01,    0.0000000000E+00,    0.0000000000E+00,    0.0000000000E+00,    4.9241009633E+01
     68000,      0.676928,CP1_after_deposition,   1,    0.0000000000E+00,    4.9241009633E+01,    4.9241009633E+01,    0.0000000000E+00,    0.0000000000E+00,    0.0000000000E+00,    4.9241009633E+01
     68000,      0.676928,CP2_after_erosion,   1,    0.0000000000E+00,    4.9241009633E+01,    4.9241009633E+01,    0.0000000000E+00,    0.0000000000E+00,    0.0000000000E+00,    4.9241009633E+01
     68000,      0.676928,CP3_after_update_bottom,   1,    0.0000000000E+00,    4.9241009633E+01,    4.9241009633E+01,    0.0000000000E+00,    0.0000000000E+00,    0.0000000000E+00,    4.9241009633E+01
     68000,      0.676928,CP4_after_advection,   1,    0.0000000000E+00,    4.9240174119E+01,    4.9240174119E+01,    0.0000000000E+00,    0.0000000000E+00,    0.0000000000E+00,    4.9240174119E+01
     68000,      0.676928,CP5_after_vdif,   1,    0.0000000000E+00,    4.9240174119E+01,    4.9240174119E+01,    0.0000000000E+00,    0.0000000000E+00,    0.0000000000E+00,    4.9240174119E+01
     68000,      0.676928,CP6_after_kinetics,   1,    0.0000000000E+00,    4.9240174119E+01,    4.9240174119E+01,    0.0000000000E+00,    0.0000000000E+00,    0.0000000000E+00,    4.9240174119E+01
     68000,      0.676928,CP7_after_upper_clamp,   1,    0.0000000000E+00,    4.9240174119E+01,    4.9240174119E+01,    0.0000000000E+00,    0.0000000000E+00,    0.0000000000E+00,    4.9240174119E+01
     68000,      0.676928,CP8_after_OBC,   1,    0.0000000000E+00,    4.9240174119E+01,    4.9240174119E+01,    0.0000000000E+00,    0.0000000000E+00,    0.0000000000E+00,    4.9240174119E+01
     68000,      0.676928,CP9_after_PTsource,   1,    0.0000000000E+00,    4.9240174119E+01,    4.9240174119E+01,    0.0000000000E+00,    0.0000000000E+00,    0.0000000000E+00,    4.9240174119E+01
     68000,      0.676928,CP10_after_neg_clamp,   1,    0.0000000000E+00,    4.9240174119E+01,    4.9240174119E+01,    0.0000000000E+00,    0.0000000000E+00,    0.0000000000E+00,    4.9240174119E+01
     68000,      0.676928,CP11_after_MPI,   1,    0.0000000000E+00,    4.9240174119E+01,    4.9240174119E+01,    0.0000000000E+00,    0.0000000000E+00,    0.0000000000E+00,    4.9240174119E+01
     68000,      0.676928,CP12_end,   1,    0.0000000000E+00,    4.9240174119E+01,    4.9240174119E+01,    0.0000000000E+00,    0.0000000000E+00,    0.0000000000E+00,    4.9240174119E+01
     68050,      0.676928,CP0_start,   1,    0.0000000000E+00,    4.9306121787E+01,    4.9306121787E+01,    0.0000000000E+00,    0.0000000000E+00,    0.0000000000E+00,    4.9306121787E+01
     68050,      0.676928,CP1_after_deposition,   1,    0.0000000000E+00,    4.9306121787E+01,    4.9306121787E+01,    0.0000000000E+00,    0.0000000000E+00,    0.0000000000E+00,    4.9306121787E+01
     68050,      0.676928,CP2_after_erosion,   1,    0.0000000000E+00,    4.9306121787E+01,    4.9306121787E+01,    0.0000000000E+00,    0.0000000000E+00,    0.0000000000E+00,    4.9306121787E+01
     68050,      0.676928,CP3_after_update_bottom,   1,    0.0000000000E+00,    4.9306121787E+01,    4.9306121787E+01,    0.0000000000E+00,    0.0000000000E+00,    0.0000000000E+00,    4.9306121787E+01
     68050,      0.676928,CP4_after_advection,   1,    0.0000000000E+00,    4.9305300407E+01,    4.9305300407E+01,    0.0000000000E+00,    0.0000000000E+00,    0.0000000000E+00,    4.9305300407E+01
     68050,      0.676928,CP5_after_vdif,   1,    0.0000000000E+00,    4.9305300407E+01,    4.9305300407E+01,    0.0000000000E+00,    0.0000000000E+00,    0.0000000000E+00,    4.9305300407E+01
     68050,      0.676928,CP6_after_kinetics,   1,    0.0000000000E+00,    4.9305300407E+01,    4.9305300407E+01,    0.0000000000E+00,    0.0000000000E+00,    0.0000000000E+00,    4.9305300407E+01
     68050,      0.676928,CP7_after_upper_clamp,   1,    0.0000000000E+00,    4.9305300407E+01,    4.9305300407E+01,    0.0000000000E+00,    0.0000000000E+00,    0.0000000000E+00,    4.9305300407E+01
     68050,      0.676928,CP8_after_OBC,   1,    0.0000000000E+00,    4.9305300407E+01,    4.9305300407E+01,    0.0000000000E+00,    0.0000000000E+00,    0.0000000000E+00,    4.9305300407E+01
     68050,      0.676928,CP9_after_PTsource,   1,    0.0000000000E+00,    4.9305300407E+01,    4.9305300407E+01,    0.0000000000E+00,    0.0000000000E+00,    0.0000000000E+00,    4.9305300407E+01
     68050,      0.676928,CP10_after_neg_clamp,   1,    0.0000000000E+00,    4.9305300407E+01,    4.9305300407E+01,    0.0000000000E+00,    0.0000000000E+00,    0.0000000000E+00,    4.9305300407E+01
     68050,      0.676928,CP11_after_MPI,   1,    0.0000000000E+00,    4.9305300407E+01,    4.9305300407E+01,    0.0000000000E+00,    0.0000000000E+00,    0.0000000000E+00,    4.9305300407E+01
     68050,      0.676928,CP12_end,   1,    0.0000000000E+00,    4.9305300407E+01,    4.9305300407E+01,    0.0000000000E+00,    0.0000000000E+00,    0.0000000000E+00,    4.9305300407E+01
     68100,      0.676928,CP0_start,   1,    0.0000000000E+00,    4.9371307860E+01,    4.9371307860E+01,    0.0000000000E+00,    0.0000000000E+00,    0.0000000000E+00,    4.9371307860E+01
     68100,      0.676928,CP1_after_deposition,   1,    0.0000000000E+00,    4.9371307860E+01,    4.9371307860E+01,    0.0000000000E+00,    0.0000000000E+00,    0.0000000000E+00,    4.9371307860E+01
     68100,      0.676928,CP2_after_erosion,   1,    0.0000000000E+00,    4.9371307860E+01,    4.9371307860E+01,    0.0000000000E+00,    0.0000000000E+00,    0.0000000000E+00,    4.9371307860E+01
     68100,      0.676928,CP3_after_update_bottom,   1,    0.0000000000E+00,    4.9371307860E+01,    4.9371307860E+01,    0.0000000000E+00,    0.0000000000E+00,    0.0000000000E+00,    4.9371307860E+01
     68100,      0.676928,CP4_after_advection,   1,    0.0000000000E+00,    4.9370500830E+01,    4.9370500830E+01,    0.0000000000E+00,    0.0000000000E+00,    0.0000000000E+00,    4.9370500830E+01
     68100,      0.676928,CP5_after_vdif,   1,    0.0000000000E+00,    4.9370500830E+01,    4.9370500830E+01,    0.0000000000E+00,    0.0000000000E+00,    0.0000000000E+00,    4.9370500830E+01
     68100,      0.676928,CP6_after_kinetics,   1,    0.0000000000E+00,    4.9370500830E+01,    4.9370500830E+01,    0.0000000000E+00,    0.0000000000E+00,    0.0000000000E+00,    4.9370500830E+01
     68100,      0.676928,CP7_after_upper_clamp,   1,    0.0000000000E+00,    4.9370500830E+01,    4.9370500830E+01,    0.0000000000E+00,    0.0000000000E+00,    0.0000000000E+00,    4.9370500830E+01
     68100,      0.676928,CP8_after_OBC,   1,    0.0000000000E+00,    4.9370500830E+01,    4.9370500830E+01,    0.0000000000E+00,    0.0000000000E+00,    0.0000000000E+00,    4.9370500830E+01
     68100,      0.676928,CP9_after_PTsource,   1,    0.0000000000E+00,    4.9370500830E+01,    4.9370500830E+01,    0.0000000000E+00,    0.0000000000E+00,    0.0000000000E+00,    4.9370500830E+01
     68100,      0.676928,CP10_after_neg_clamp,   1,    0.0000000000E+00,    4.9370500830E+01,    4.9370500830E+01,    0.0000000000E+00,    0.0000000000E+00,    0.0000000000E+00,    4.9370500830E+01
     68100,      0.676928,CP11_after_MPI,   1,    0.0000000000E+00,    4.9370500830E+01,    4.9370500830E+01,    0.0000000000E+00,    0.0000000000E+00,    0.0000000000E+00,    4.9370500830E+01
     68100,      0.676928,CP12_end,   1,    0.0000000000E+00,    4.9370500830E+01,    4.9370500830E+01,    0.0000000000E+00,    0.0000000000E+00,    0.0000000000E+00,    4.9370500830E+01
     68150,      0.676928,CP0_start,   1,    0.0000000000E+00,    4.9436554777E+01,    4.9436554777E+01,    0.0000000000E+00,    0.0000000000E+00,    0.0000000000E+00,    4.9436554777E+01
     68150,      0.676928,CP1_after_deposition,   1,    0.0000000000E+00,    4.9436554777E+01,    4.9436554777E+01,    0.0000000000E+00,    0.0000000000E+00,    0.0000000000E+00,    4.9436554777E+01
     68150,      0.676928,CP2_after_erosion,   1,    0.0000000000E+00,    4.9436554777E+01,    4.9436554777E+01,    0.0000000000E+00,    0.0000000000E+00,    0.0000000000E+00,    4.9436554777E+01
     68150,      0.676928,CP3_after_update_bottom,   1,    0.0000000000E+00,    4.9436554777E+01,    4.9436554777E+01,    0.0000000000E+00,    0.0000000000E+00,    0.0000000000E+00,    4.9436554777E+01
     68150,      0.676928,CP4_after_advection,   1,    0.0000000000E+00,    4.9435764133E+01,    4.9435764133E+01,    0.0000000000E+00,    0.0000000000E+00,    0.0000000000E+00,    4.9435764133E+01
     68150,      0.676928,CP5_after_vdif,   1,    0.0000000000E+00,    4.9435764133E+01,    4.9435764133E+01,    0.0000000000E+00,    0.0000000000E+00,    0.0000000000E+00,    4.9435764133E+01
     68150,      0.676928,CP6_after_kinetics,   1,    0.0000000000E+00,    4.9435764133E+01,    4.9435764133E+01,    0.0000000000E+00,    0.0000000000E+00,    0.0000000000E+00,    4.9435764133E+01
     68150,      0.676928,CP7_after_upper_clamp,   1,    0.0000000000E+00,    4.9435764133E+01,    4.9435764133E+01,    0.0000000000E+00,    0.0000000000E+00,    0.0000000000E+00,    4.9435764133E+01
     68150,      0.676928,CP8_after_OBC,   1,    0.0000000000E+00,    4.9435764133E+01,    4.9435764133E+01,    0.0000000000E+00,    0.0000000000E+00,    0.0000000000E+00,    4.9435764133E+01
     68150,      0.676928,CP9_after_PTsource,   1,    0.0000000000E+00,    4.9435764133E+01,    4.9435764133E+01,    0.0000000000E+00,    0.0000000000E+00,    0.0000000000E+00,    4.9435764133E+01
     68150,      0.676928,CP10_after_neg_clamp,   1,    0.0000000000E+00,    4.9435764133E+01,    4.9435764133E+01,    0.0000000000E+00,    0.0000000000E+00,    0.0000000000E+00,    4.9435764133E+01
     68150,      0.676928,CP11_after_MPI,   1,    0.0000000000E+00,    4.9435764133E+01,    4.9435764133E+01,    0.0000000000E+00,    0.0000000000E+00,    0.0000000000E+00,    4.9435764133E+01
     68150,      0.676928,CP12_end,   1,    0.0000000000E+00,    4.9435764133E+01,    4.9435764133E+01,    0.0000000000E+00,    0.0000000000E+00,    0.0000000000E+00,    4.9435764133E+01
     68200,      0.676928,CP0_start,   1,    0.0000000000E+00,    4.9501848720E+01,    4.9501848720E+01,    0.0000000000E+00,    0.0000000000E+00,    0.0000000000E+00,    4.9501848720E+01
     68200,      0.676928,CP1_after_deposition,   1,    0.0000000000E+00,    4.9501848720E+01,    4.9501848720E+01,    0.0000000000E+00,    0.0000000000E+00,    0.0000000000E+00,    4.9501848720E+01
     68200,      0.676928,CP2_after_erosion,   1,    0.0000000000E+00,    4.9501848720E+01,    4.9501848720E+01,    0.0000000000E+00,    0.0000000000E+00,    0.0000000000E+00,    4.9501848720E+01
     68200,      0.676928,CP3_after_update_bottom,   1,    0.0000000000E+00,    4.9501848720E+01,    4.9501848720E+01,    0.0000000000E+00,    0.0000000000E+00,    0.0000000000E+00,    4.9501848720E+01
     68200,      0.676928,CP4_after_advection,   1,    0.0000000000E+00,    4.9501074188E+01,    4.9501074188E+01,    0.0000000000E+00,    0.0000000000E+00,    0.0000000000E+00,    4.9501074188E+01
     68200,      0.676928,CP5_after_vdif,   1,    0.0000000000E+00,    4.9501074188E+01,    4.9501074188E+01,    0.0000000000E+00,    0.0000000000E+00,    0.0000000000E+00,    4.9501074188E+01
     68200,      0.676928,CP6_after_kinetics,   1,    0.0000000000E+00,    4.9501074188E+01,    4.9501074188E+01,    0.0000000000E+00,    0.0000000000E+00,    0.0000000000E+00,    4.9501074188E+01
     68200,      0.676928,CP7_after_upper_clamp,   1,    0.0000000000E+00,    4.9501074188E+01,    4.9501074188E+01,    0.0000000000E+00,    0.0000000000E+00,    0.0000000000E+00,    4.9501074188E+01
     68200,      0.676928,CP8_after_OBC,   1,    0.0000000000E+00,    4.9501074188E+01,    4.9501074188E+01,    0.0000000000E+00,    0.0000000000E+00,    0.0000000000E+00,    4.9501074188E+01
     68200,      0.676928,CP9_after_PTsource,   1,    0.0000000000E+00,    4.9501074188E+01,    4.9501074188E+01,    0.0000000000E+00,    0.0000000000E+00,    0.0000000000E+00,    4.9501074188E+01
     68200,      0.676928,CP10_after_neg_clamp,   1,    0.0000000000E+00,    4.9501074188E+01,    4.9501074188E+01,    0.0000000000E+00,    0.0000000000E+00,    0.0000000000E+00,    4.9501074188E+01
     68200,      0.676928,CP11_after_MPI,   1,    0.0000000000E+00,    4.9501074188E+01,    4.9501074188E+01,    0.0000000000E+00,    0.0000000000E+00,    0.0000000000E+00,    4.9501074188E+01
     68200,      0.676928,CP12_end,   1,    0.0000000000E+00,    4.9501074188E+01,    4.9501074188E+01,    0.0000000000E+00,    0.0000000000E+00,    0.0000000000E+00,    4.9501074188E+01
     68250,      0.676928,CP0_start,   1,    0.0000000000E+00,    4.9567187061E+01,    4.9567187061E+01,    0.0000000000E+00,    0.0000000000E+00,    0.0000000000E+00,    4.9567187061E+01
     68250,      0.676928,CP1_after_deposition,   1,    0.0000000000E+00,    4.9567187061E+01,    4.9567187061E+01,    0.0000000000E+00,    0.0000000000E+00,    0.0000000000E+00,    4.9567187061E+01
     68250,      0.676928,CP2_after_erosion,   1,    0.0000000000E+00,    4.9567187061E+01,    4.9567187061E+01,    0.0000000000E+00,    0.0000000000E+00,    0.0000000000E+00,    4.9567187061E+01
     68250,      0.676928,CP3_after_update_bottom,   1,    0.0000000000E+00,    4.9567187061E+01,    4.9567187061E+01,    0.0000000000E+00,    0.0000000000E+00,    0.0000000000E+00,    4.9567187061E+01
     68250,      0.676928,CP4_after_advection,   1,    0.0000000000E+00,    4.9566429580E+01,    4.9566429580E+01,    0.0000000000E+00,    0.0000000000E+00,    0.0000000000E+00,    4.9566429580E+01
     68250,      0.676928,CP5_after_vdif,   1,    0.0000000000E+00,    4.9566429580E+01,    4.9566429580E+01,    0.0000000000E+00,    0.0000000000E+00,    0.0000000000E+00,    4.9566429580E+01
     68250,      0.676928,CP6_after_kinetics,   1,    0.0000000000E+00,    4.9566429580E+01,    4.9566429580E+01,    0.0000000000E+00,    0.0000000000E+00,    0.0000000000E+00,    4.9566429580E+01
     68250,      0.676928,CP7_after_upper_clamp,   1,    0.0000000000E+00,    4.9566429580E+01,    4.9566429580E+01,    0.0000000000E+00,    0.0000000000E+00,    0.0000000000E+00,    4.9566429580E+01
     68250,      0.676928,CP8_after_OBC,   1,    0.0000000000E+00,    4.9566429580E+01,    4.9566429580E+01,    0.0000000000E+00,    0.0000000000E+00,    0.0000000000E+00,    4.9566429580E+01
     68250,      0.676928,CP9_after_PTsource,   1,    0.0000000000E+00,    4.9566429580E+01,    4.9566429580E+01,    0.0000000000E+00,    0.0000000000E+00,    0.0000000000E+00,    4.9566429580E+01
     68250,      0.676928,CP10_after_neg_clamp,   1,    0.0000000000E+00,    4.9566429580E+01,    4.9566429580E+01,    0.0000000000E+00,    0.0000000000E+00,    0.0000000000E+00,    4.9566429580E+01
     68250,      0.676928,CP11_after_MPI,   1,    0.0000000000E+00,    4.9566429580E+01,    4.9566429580E+01,    0.0000000000E+00,    0.0000000000E+00,    0.0000000000E+00,    4.9566429580E+01
     68250,      0.676928,CP12_end,   1,    0.0000000000E+00,    4.9566429580E+01,    4.9566429580E+01,    0.0000000000E+00,    0.0000000000E+00,    0.0000000000E+00,    4.9566429580E+01
     68300,      0.676928,CP0_start,   1,    0.0000000000E+00,    4.9632560174E+01,    4.9632560174E+01,    0.0000000000E+00,    0.0000000000E+00,    0.0000000000E+00,    4.9632560174E+01
     68300,      0.676928,CP1_after_deposition,   1,    0.0000000000E+00,    4.9632560174E+01,    4.9632560174E+01,    0.0000000000E+00,    0.0000000000E+00,    0.0000000000E+00,    4.9632560174E+01
     68300,      0.676928,CP2_after_erosion,   1,    0.0000000000E+00,    4.9632560174E+01,    4.9632560174E+01,    0.0000000000E+00,    0.0000000000E+00,    0.0000000000E+00,    4.9632560174E+01
     68300,      0.676928,CP3_after_update_bottom,   1,    0.0000000000E+00,    4.9632560174E+01,    4.9632560174E+01,    0.0000000000E+00,    0.0000000000E+00,    0.0000000000E+00,    4.9632560174E+01
     68300,      0.676928,CP4_after_advection,   1,    0.0000000000E+00,    4.9631819236E+01,    4.9631819236E+01,    0.0000000000E+00,    0.0000000000E+00,    0.0000000000E+00,    4.9631819236E+01
     68300,      0.676928,CP5_after_vdif,   1,    0.0000000000E+00,    4.9631819236E+01,    4.9631819236E+01,    0.0000000000E+00,    0.0000000000E+00,    0.0000000000E+00,    4.9631819236E+01
     68300,      0.676928,CP6_after_kinetics,   1,    0.0000000000E+00,    4.9631819236E+01,    4.9631819236E+01,    0.0000000000E+00,    0.0000000000E+00,    0.0000000000E+00,    4.9631819236E+01
     68300,      0.676928,CP7_after_upper_clamp,   1,    0.0000000000E+00,    4.9631819236E+01,    4.9631819236E+01,    0.0000000000E+00,    0.0000000000E+00,    0.0000000000E+00,    4.9631819236E+01
     68300,      0.676928,CP8_after_OBC,   1,    0.0000000000E+00,    4.9631819236E+01,    4.9631819236E+01,    0.0000000000E+00,    0.0000000000E+00,    0.0000000000E+00,    4.9631819236E+01
     68300,      0.676928,CP9_after_PTsource,   1,    0.0000000000E+00,    4.9631819236E+01,    4.9631819236E+01,    0.0000000000E+00,    0.0000000000E+00,    0.0000000000E+00,    4.9631819236E+01
     68300,      0.676928,CP10_after_neg_clamp,   1,    0.0000000000E+00,    4.9631819236E+01,    4.9631819236E+01,    0.0000000000E+00,    0.0000000000E+00,    0.0000000000E+00,    4.9631819236E+01
     68300,      0.676928,CP11_after_MPI,   1,    0.0000000000E+00,    4.9631819236E+01,    4.9631819236E+01,    0.0000000000E+00,    0.0000000000E+00,    0.0000000000E+00,    4.9631819236E+01
     68300,      0.676928,CP12_end,   1,    0.0000000000E+00,    4.9631819236E+01,    4.9631819236E+01,    0.0000000000E+00,    0.0000000000E+00,    0.0000000000E+00,    4.9631819236E+01
     68350,      0.676928,CP0_start,   1,    0.0000000000E+00,    4.9697948238E+01,    4.9697948238E+01,    0.0000000000E+00,    0.0000000000E+00,    0.0000000000E+00,    4.9697948238E+01
     68350,      0.676928,CP1_after_deposition,   1,    0.0000000000E+00,    4.9697948238E+01,    4.9697948238E+01,    0.0000000000E+00,    0.0000000000E+00,    0.0000000000E+00,    4.9697948238E+01
     68350,      0.676928,CP2_after_erosion,   1,    0.0000000000E+00,    4.9697948238E+01,    4.9697948238E+01,    0.0000000000E+00,    0.0000000000E+00,    0.0000000000E+00,    4.9697948238E+01
     68350,      0.676928,CP3_after_update_bottom,   1,    0.0000000000E+00,    4.9697948238E+01,    4.9697948238E+01,    0.0000000000E+00,    0.0000000000E+00,    0.0000000000E+00,    4.9697948238E+01
     68350,      0.676928,CP4_after_advection,   1,    0.0000000000E+00,    4.9697223626E+01,    4.9697223626E+01,    0.0000000000E+00,    0.0000000000E+00,    0.0000000000E+00,    4.9697223626E+01
     68350,      0.676928,CP5_after_vdif,   1,    0.0000000000E+00,    4.9697223626E+01,    4.9697223626E+01,    0.0000000000E+00,    0.0000000000E+00,    0.0000000000E+00,    4.9697223626E+01
     68350,      0.676928,CP6_after_kinetics,   1,    0.0000000000E+00,    4.9697223626E+01,    4.9697223626E+01,    0.0000000000E+00,    0.0000000000E+00,    0.0000000000E+00,    4.9697223626E+01
     68350,      0.676928,CP7_after_upper_clamp,   1,    0.0000000000E+00,    4.9697223626E+01,    4.9697223626E+01,    0.0000000000E+00,    0.0000000000E+00,    0.0000000000E+00,    4.9697223626E+01
     68350,      0.676928,CP8_after_OBC,   1,    0.0000000000E+00,    4.9697223626E+01,    4.9697223626E+01,    0.0000000000E+00,    0.0000000000E+00,    0.0000000000E+00,    4.9697223626E+01
     68350,      0.676928,CP9_after_PTsource,   1,    0.0000000000E+00,    4.9697223626E+01,    4.9697223626E+01,    0.0000000000E+00,    0.0000000000E+00,    0.0000000000E+00,    4.9697223626E+01
     68350,      0.676928,CP10_after_neg_clamp,   1,    0.0000000000E+00,    4.9697223626E+01,    4.9697223626E+01,    0.0000000000E+00,    0.0000000000E+00,    0.0000000000E+00,    4.9697223626E+01
     68350,      0.676928,CP11_after_MPI,   1,    0.0000000000E+00,    4.9697223626E+01,    4.9697223626E+01,    0.0000000000E+00,    0.0000000000E+00,    0.0000000000E+00,    4.9697223626E+01
     68350,      0.676928,CP12_end,   1,    0.0000000000E+00,    4.9697223626E+01,    4.9697223626E+01,    0.0000000000E+00,    0.0000000000E+00,    0.0000000000E+00,    4.9697223626E+01
     68400,      0.676928,CP0_start,   1,    0.0000000000E+00,    4.9763324574E+01,    4.9763324574E+01,    0.0000000000E+00,    0.0000000000E+00,    0.0000000000E+00,    4.9763324574E+01
     68400,      0.676928,CP1_after_deposition,   1,    0.0000000000E+00,    4.9763324574E+01,    4.9763324574E+01,    0.0000000000E+00,    0.0000000000E+00,    0.0000000000E+00,    4.9763324574E+01
     68400,      0.676928,CP2_after_erosion,   1,    0.0000000000E+00,    4.9763324574E+01,    4.9763324574E+01,    0.0000000000E+00,    0.0000000000E+00,    0.0000000000E+00,    4.9763324574E+01
     68400,      0.676928,CP3_after_update_bottom,   1,    0.0000000000E+00,    4.9763324574E+01,    4.9763324574E+01,    0.0000000000E+00,    0.0000000000E+00,    0.0000000000E+00,    4.9763324574E+01
     68400,      0.676928,CP4_after_advection,   1,    0.0000000000E+00,    4.9762616623E+01,    4.9762616623E+01,    0.0000000000E+00,    0.0000000000E+00,    0.0000000000E+00,    4.9762616623E+01
     68400,      0.676928,CP5_after_vdif,   1,    0.0000000000E+00,    4.9762616623E+01,    4.9762616623E+01,    0.0000000000E+00,    0.0000000000E+00,    0.0000000000E+00,    4.9762616623E+01
     68400,      0.676928,CP6_after_kinetics,   1,    0.0000000000E+00,    4.9762616623E+01,    4.9762616623E+01,    0.0000000000E+00,    0.0000000000E+00,    0.0000000000E+00,    4.9762616623E+01
     68400,      0.676928,CP7_after_upper_clamp,   1,    0.0000000000E+00,    4.9762616623E+01,    4.9762616623E+01,    0.0000000000E+00,    0.0000000000E+00,    0.0000000000E+00,    4.9762616623E+01
     68400,      0.676928,CP8_after_OBC,   1,    0.0000000000E+00,    4.9762616623E+01,    4.9762616623E+01,    0.0000000000E+00,    0.0000000000E+00,    0.0000000000E+00,    4.9762616623E+01
     68400,      0.676928,CP9_after_PTsource,   1,    0.0000000000E+00,    4.9762616623E+01,    4.9762616623E+01,    0.0000000000E+00,    0.0000000000E+00,    0.0000000000E+00,    4.9762616623E+01
     68400,      0.676928,CP10_after_neg_clamp,   1,    0.0000000000E+00,    4.9762616623E+01,    4.9762616623E+01,    0.0000000000E+00,    0.0000000000E+00,    0.0000000000E+00,    4.9762616623E+01
     68400,      0.676928,CP11_after_MPI,   1,    0.0000000000E+00,    4.9762616623E+01,    4.9762616623E+01,    0.0000000000E+00,    0.0000000000E+00,    0.0000000000E+00,    4.9762616623E+01
     68400,      0.676928,CP12_end,   1,    0.0000000000E+00,    4.9762616623E+01,    4.9762616623E+01,    0.0000000000E+00,    0.0000000000E+00,    0.0000000000E+00,    4.9762616623E+01
     68450,      0.676928,CP0_start,   1,    0.0000000000E+00,    4.9828677203E+01,    4.9828677203E+01,    0.0000000000E+00,    0.0000000000E+00,    0.0000000000E+00,    4.9828677203E+01
     68450,      0.676928,CP1_after_deposition,   1,    0.0000000000E+00,    4.9828677203E+01,    4.9828677203E+01,    0.0000000000E+00,    0.0000000000E+00,    0.0000000000E+00,    4.9828677203E+01
     68450,      0.676928,CP2_after_erosion,   1,    0.0000000000E+00,    4.9828677203E+01,    4.9828677203E+01,    0.0000000000E+00,    0.0000000000E+00,    0.0000000000E+00,    4.9828677203E+01
     68450,      0.676928,CP3_after_update_bottom,   1,    0.0000000000E+00,    4.9828677203E+01,    4.9828677203E+01,    0.0000000000E+00,    0.0000000000E+00,    0.0000000000E+00,    4.9828677203E+01
     68450,      0.676928,CP4_after_advection,   1,    0.0000000000E+00,    4.9827985296E+01,    4.9827985296E+01,    0.0000000000E+00,    0.0000000000E+00,    0.0000000000E+00,    4.9827985296E+01
     68450,      0.676928,CP5_after_vdif,   1,    0.0000000000E+00,    4.9827985296E+01,    4.9827985296E+01,    0.0000000000E+00,    0.0000000000E+00,    0.0000000000E+00,    4.9827985296E+01
     68450,      0.676928,CP6_after_kinetics,   1,    0.0000000000E+00,    4.9827985296E+01,    4.9827985296E+01,    0.0000000000E+00,    0.0000000000E+00,    0.0000000000E+00,    4.9827985296E+01
     68450,      0.676928,CP7_after_upper_clamp,   1,    0.0000000000E+00,    4.9827985296E+01,    4.9827985296E+01,    0.0000000000E+00,    0.0000000000E+00,    0.0000000000E+00,    4.9827985296E+01
     68450,      0.676928,CP8_after_OBC,   1,    0.0000000000E+00,    4.9827985296E+01,    4.9827985296E+01,    0.0000000000E+00,    0.0000000000E+00,    0.0000000000E+00,    4.9827985296E+01
     68450,      0.676928,CP9_after_PTsource,   1,    0.0000000000E+00,    4.9827985296E+01,    4.9827985296E+01,    0.0000000000E+00,    0.0000000000E+00,    0.0000000000E+00,    4.9827985296E+01
     68450,      0.676928,CP10_after_neg_clamp,   1,    0.0000000000E+00,    4.9827985296E+01,    4.9827985296E+01,    0.0000000000E+00,    0.0000000000E+00,    0.0000000000E+00,    4.9827985296E+01
     68450,      0.676928,CP11_after_MPI,   1,    0.0000000000E+00,    4.9827985296E+01,    4.9827985296E+01,    0.0000000000E+00,    0.0000000000E+00,    0.0000000000E+00,    4.9827985296E+01
     68450,      0.676928,CP12_end,   1,    0.0000000000E+00,    4.9827985296E+01,    4.9827985296E+01,    0.0000000000E+00,    0.0000000000E+00,    0.0000000000E+00,    4.9827985296E+01
     68500,      0.676928,CP0_start,   1,    0.0000000000E+00,    4.9893985119E+01,    4.9893985119E+01,    0.0000000000E+00,    0.0000000000E+00,    0.0000000000E+00,    4.9893985119E+01
     68500,      0.676928,CP1_after_deposition,   1,    0.0000000000E+00,    4.9893985119E+01,    4.9893985119E+01,    0.0000000000E+00,    0.0000000000E+00,    0.0000000000E+00,    4.9893985119E+01
     68500,      0.676928,CP2_after_erosion,   1,    0.0000000000E+00,    4.9893985119E+01,    4.9893985119E+01,    0.0000000000E+00,    0.0000000000E+00,    0.0000000000E+00,    4.9893985119E+01
     68500,      0.676928,CP3_after_update_bottom,   1,    0.0000000000E+00,    4.9893985119E+01,    4.9893985119E+01,    0.0000000000E+00,    0.0000000000E+00,    0.0000000000E+00,    4.9893985119E+01
     68500,      0.676928,CP4_after_advection,   1,    0.0000000000E+00,    4.9893310199E+01,    4.9893310199E+01,    0.0000000000E+00,    0.0000000000E+00,    0.0000000000E+00,    4.9893310199E+01
     68500,      0.676928,CP5_after_vdif,   1,    0.0000000000E+00,    4.9893310199E+01,    4.9893310199E+01,    0.0000000000E+00,    0.0000000000E+00,    0.0000000000E+00,    4.9893310199E+01
     68500,      0.676928,CP6_after_kinetics,   1,    0.0000000000E+00,    4.9893310199E+01,    4.9893310199E+01,    0.0000000000E+00,    0.0000000000E+00,    0.0000000000E+00,    4.9893310199E+01
     68500,      0.676928,CP7_after_upper_clamp,   1,    0.0000000000E+00,    4.9893310199E+01,    4.9893310199E+01,    0.0000000000E+00,    0.0000000000E+00,    0.0000000000E+00,    4.9893310199E+01
     68500,      0.676928,CP8_after_OBC,   1,    0.0000000000E+00,    4.9893310199E+01,    4.9893310199E+01,    0.0000000000E+00,    0.0000000000E+00,    0.0000000000E+00,    4.9893310199E+01
     68500,      0.676928,CP9_after_PTsource,   1,    0.0000000000E+00,    4.9893310199E+01,    4.9893310199E+01,    0.0000000000E+00,    0.0000000000E+00,    0.0000000000E+00,    4.9893310199E+01
     68500,      0.676928,CP10_after_neg_clamp,   1,    0.0000000000E+00,    4.9893310199E+01,    4.9893310199E+01,    0.0000000000E+00,    0.0000000000E+00,    0.0000000000E+00,    4.9893310199E+01
     68500,      0.676928,CP11_after_MPI,   1,    0.0000000000E+00,    4.9893310199E+01,    4.9893310199E+01,    0.0000000000E+00,    0.0000000000E+00,    0.0000000000E+00,    4.9893310199E+01
     68500,      0.676928,CP12_end,   1,    0.0000000000E+00,    4.9893310199E+01,    4.9893310199E+01,    0.0000000000E+00,    0.0000000000E+00,    0.0000000000E+00,    4.9893310199E+01
     68550,      0.676928,CP0_start,   1,    0.0000000000E+00,    4.9959231737E+01,    4.9959231737E+01,    0.0000000000E+00,    0.0000000000E+00,    0.0000000000E+00,    4.9959231737E+01
     68550,      0.676928,CP1_after_deposition,   1,    0.0000000000E+00,    4.9959231737E+01,    4.9959231737E+01,    0.0000000000E+00,    0.0000000000E+00,    0.0000000000E+00,    4.9959231737E+01
     68550,      0.676928,CP2_after_erosion,   1,    0.0000000000E+00,    4.9959231737E+01,    4.9959231737E+01,    0.0000000000E+00,    0.0000000000E+00,    0.0000000000E+00,    4.9959231737E+01
     68550,      0.676928,CP3_after_update_bottom,   1,    0.0000000000E+00,    4.9959231737E+01,    4.9959231737E+01,    0.0000000000E+00,    0.0000000000E+00,    0.0000000000E+00,    4.9959231737E+01
     68550,      0.676928,CP4_after_advection,   1,    0.0000000000E+00,    4.9958573404E+01,    4.9958573404E+01,    0.0000000000E+00,    0.0000000000E+00,    0.0000000000E+00,    4.9958573404E+01
     68550,      0.676928,CP5_after_vdif,   1,    0.0000000000E+00,    4.9958573404E+01,    4.9958573404E+01,    0.0000000000E+00,    0.0000000000E+00,    0.0000000000E+00,    4.9958573404E+01
     68550,      0.676928,CP6_after_kinetics,   1,    0.0000000000E+00,    4.9958573404E+01,    4.9958573404E+01,    0.0000000000E+00,    0.0000000000E+00,    0.0000000000E+00,    4.9958573404E+01
     68550,      0.676928,CP7_after_upper_clamp,   1,    0.0000000000E+00,    4.9958573404E+01,    4.9958573404E+01,    0.0000000000E+00,    0.0000000000E+00,    0.0000000000E+00,    4.9958573404E+01
     68550,      0.676928,CP8_after_OBC,   1,    0.0000000000E+00,    4.9958573404E+01,    4.9958573404E+01,    0.0000000000E+00,    0.0000000000E+00,    0.0000000000E+00,    4.9958573404E+01
     68550,      0.676928,CP9_after_PTsource,   1,    0.0000000000E+00,    4.9958573404E+01,    4.9958573404E+01,    0.0000000000E+00,    0.0000000000E+00,    0.0000000000E+00,    4.9958573404E+01
     68550,      0.676928,CP10_after_neg_clamp,   1,    0.0000000000E+00,    4.9958573404E+01,    4.9958573404E+01,    0.0000000000E+00,    0.0000000000E+00,    0.0000000000E+00,    4.9958573404E+01
     68550,      0.676928,CP11_after_MPI,   1,    0.0000000000E+00,    4.9958573404E+01,    4.9958573404E+01,    0.0000000000E+00,    0.0000000000E+00,    0.0000000000E+00,    4.9958573404E+01
     68550,      0.676928,CP12_end,   1,    0.0000000000E+00,    4.9958573404E+01,    4.9958573404E+01,    0.0000000000E+00,    0.0000000000E+00,    0.0000000000E+00,    4.9958573404E+01
     68600,      0.676928,CP0_start,   1,    0.0000000000E+00,    5.0024393970E+01,    5.0024393970E+01,    0.0000000000E+00,    0.0000000000E+00,    0.0000000000E+00,    5.0024393970E+01
     68600,      0.676928,CP1_after_deposition,   1,    0.0000000000E+00,    5.0024393970E+01,    5.0024393970E+01,    0.0000000000E+00,    0.0000000000E+00,    0.0000000000E+00,    5.0024393970E+01
     68600,      0.676928,CP2_after_erosion,   1,    0.0000000000E+00,    5.0024393970E+01,    5.0024393970E+01,    0.0000000000E+00,    0.0000000000E+00,    0.0000000000E+00,    5.0024393970E+01
     68600,      0.676928,CP3_after_update_bottom,   1,    0.0000000000E+00,    5.0024393970E+01,    5.0024393970E+01,    0.0000000000E+00,    0.0000000000E+00,    0.0000000000E+00,    5.0024393970E+01
     68600,      0.676928,CP4_after_advection,   1,    0.0000000000E+00,    5.0023753468E+01,    5.0023753468E+01,    0.0000000000E+00,    0.0000000000E+00,    0.0000000000E+00,    5.0023753468E+01
     68600,      0.676928,CP5_after_vdif,   1,    0.0000000000E+00,    5.0023753468E+01,    5.0023753468E+01,    0.0000000000E+00,    0.0000000000E+00,    0.0000000000E+00,    5.0023753468E+01
     68600,      0.676928,CP6_after_kinetics,   1,    0.0000000000E+00,    5.0023753468E+01,    5.0023753468E+01,    0.0000000000E+00,    0.0000000000E+00,    0.0000000000E+00,    5.0023753468E+01
     68600,      0.676928,CP7_after_upper_clamp,   1,    0.0000000000E+00,    5.0023753468E+01,    5.0023753468E+01,    0.0000000000E+00,    0.0000000000E+00,    0.0000000000E+00,    5.0023753468E+01
     68600,      0.676928,CP8_after_OBC,   1,    0.0000000000E+00,    5.0023753468E+01,    5.0023753468E+01,    0.0000000000E+00,    0.0000000000E+00,    0.0000000000E+00,    5.0023753468E+01
     68600,      0.676928,CP9_after_PTsource,   1,    0.0000000000E+00,    5.0023753468E+01,    5.0023753468E+01,    0.0000000000E+00,    0.0000000000E+00,    0.0000000000E+00,    5.0023753468E+01
     68600,      0.676928,CP10_after_neg_clamp,   1,    0.0000000000E+00,    5.0023753468E+01,    5.0023753468E+01,    0.0000000000E+00,    0.0000000000E+00,    0.0000000000E+00,    5.0023753468E+01
     68600,      0.676928,CP11_after_MPI,   1,    0.0000000000E+00,    5.0023753468E+01,    5.0023753468E+01,    0.0000000000E+00,    0.0000000000E+00,    0.0000000000E+00,    5.0023753468E+01
     68600,      0.676928,CP12_end,   1,    0.0000000000E+00,    5.0023753468E+01,    5.0023753468E+01,    0.0000000000E+00,    0.0000000000E+00,    0.0000000000E+00,    5.0023753468E+01
     68650,      0.676928,CP0_start,   1,    0.0000000000E+00,    5.0089455555E+01,    5.0089455555E+01,    0.0000000000E+00,    0.0000000000E+00,    0.0000000000E+00,    5.0089455555E+01
     68650,      0.676928,CP1_after_deposition,   1,    0.0000000000E+00,    5.0089455555E+01,    5.0089455555E+01,    0.0000000000E+00,    0.0000000000E+00,    0.0000000000E+00,    5.0089455555E+01
     68650,      0.676928,CP2_after_erosion,   1,    0.0000000000E+00,    5.0089455555E+01,    5.0089455555E+01,    0.0000000000E+00,    0.0000000000E+00,    0.0000000000E+00,    5.0089455555E+01
     68650,      0.676928,CP3_after_update_bottom,   1,    0.0000000000E+00,    5.0089455555E+01,    5.0089455555E+01,    0.0000000000E+00,    0.0000000000E+00,    0.0000000000E+00,    5.0089455555E+01
     68650,      0.676928,CP4_after_advection,   1,    0.0000000000E+00,    5.0088833129E+01,    5.0088833129E+01,    0.0000000000E+00,    0.0000000000E+00,    0.0000000000E+00,    5.0088833129E+01
     68650,      0.676928,CP5_after_vdif,   1,    0.0000000000E+00,    5.0088833129E+01,    5.0088833129E+01,    0.0000000000E+00,    0.0000000000E+00,    0.0000000000E+00,    5.0088833129E+01
     68650,      0.676928,CP6_after_kinetics,   1,    0.0000000000E+00,    5.0088833129E+01,    5.0088833129E+01,    0.0000000000E+00,    0.0000000000E+00,    0.0000000000E+00,    5.0088833129E+01
     68650,      0.676928,CP7_after_upper_clamp,   1,    0.0000000000E+00,    5.0088833129E+01,    5.0088833129E+01,    0.0000000000E+00,    0.0000000000E+00,    0.0000000000E+00,    5.0088833129E+01
     68650,      0.676928,CP8_after_OBC,   1,    0.0000000000E+00,    5.0088833129E+01,    5.0088833129E+01,    0.0000000000E+00,    0.0000000000E+00,    0.0000000000E+00,    5.0088833129E+01
     68650,      0.676928,CP9_after_PTsource,   1,    0.0000000000E+00,    5.0088833129E+01,    5.0088833129E+01,    0.0000000000E+00,    0.0000000000E+00,    0.0000000000E+00,    5.0088833129E+01
     68650,      0.676928,CP10_after_neg_clamp,   1,    0.0000000000E+00,    5.0088833129E+01,    5.0088833129E+01,    0.0000000000E+00,    0.0000000000E+00,    0.0000000000E+00,    5.0088833129E+01
     68650,      0.676928,CP11_after_MPI,   1,    0.0000000000E+00,    5.0088833129E+01,    5.0088833129E+01,    0.0000000000E+00,    0.0000000000E+00,    0.0000000000E+00,    5.0088833129E+01
     68650,      0.676928,CP12_end,   1,    0.0000000000E+00,    5.0088833129E+01,    5.0088833129E+01,    0.0000000000E+00,    0.0000000000E+00,    0.0000000000E+00,    5.0088833129E+01
     68700,      0.676928,CP0_start,   1,    0.0000000000E+00,    5.0154425467E+01,    5.0154425467E+01,    0.0000000000E+00,    0.0000000000E+00,    0.0000000000E+00,    5.0154425467E+01
     68700,      0.676928,CP1_after_deposition,   1,    0.0000000000E+00,    5.0154425467E+01,    5.0154425467E+01,    0.0000000000E+00,    0.0000000000E+00,    0.0000000000E+00,    5.0154425467E+01
     68700,      0.676928,CP2_after_erosion,   1,    0.0000000000E+00,    5.0154425467E+01,    5.0154425467E+01,    0.0000000000E+00,    0.0000000000E+00,    0.0000000000E+00,    5.0154425467E+01
     68700,      0.676928,CP3_after_update_bottom,   1,    0.0000000000E+00,    5.0154425467E+01,    5.0154425467E+01,    0.0000000000E+00,    0.0000000000E+00,    0.0000000000E+00,    5.0154425467E+01
     68700,      0.676928,CP4_after_advection,   1,    0.0000000000E+00,    5.0153821640E+01,    5.0153821640E+01,    0.0000000000E+00,    0.0000000000E+00,    0.0000000000E+00,    5.0153821640E+01
     68700,      0.676928,CP5_after_vdif,   1,    0.0000000000E+00,    5.0153821640E+01,    5.0153821640E+01,    0.0000000000E+00,    0.0000000000E+00,    0.0000000000E+00,    5.0153821640E+01
     68700,      0.676928,CP6_after_kinetics,   1,    0.0000000000E+00,    5.0153821640E+01,    5.0153821640E+01,    0.0000000000E+00,    0.0000000000E+00,    0.0000000000E+00,    5.0153821640E+01
     68700,      0.676928,CP7_after_upper_clamp,   1,    0.0000000000E+00,    5.0153821640E+01,    5.0153821640E+01,    0.0000000000E+00,    0.0000000000E+00,    0.0000000000E+00,    5.0153821640E+01
     68700,      0.676928,CP8_after_OBC,   1,    0.0000000000E+00,    5.0153821640E+01,    5.0153821640E+01,    0.0000000000E+00,    0.0000000000E+00,    0.0000000000E+00,    5.0153821640E+01
     68700,      0.676928,CP9_after_PTsource,   1,    0.0000000000E+00,    5.0153821640E+01,    5.0153821640E+01,    0.0000000000E+00,    0.0000000000E+00,    0.0000000000E+00,    5.0153821640E+01
     68700,      0.676928,CP10_after_neg_clamp,   1,    0.0000000000E+00,    5.0153821640E+01,    5.0153821640E+01,    0.0000000000E+00,    0.0000000000E+00,    0.0000000000E+00,    5.0153821640E+01
     68700,      0.676928,CP11_after_MPI,   1,    0.0000000000E+00,    5.0153821640E+01,    5.0153821640E+01,    0.0000000000E+00,    0.0000000000E+00,    0.0000000000E+00,    5.0153821640E+01
     68700,      0.676928,CP12_end,   1,    0.0000000000E+00,    5.0153821640E+01,    5.0153821640E+01,    0.0000000000E+00,    0.0000000000E+00,    0.0000000000E+00,    5.0153821640E+01
     68750,      0.676928,CP0_start,   1,    0.0000000000E+00,    5.0219282905E+01,    5.0219282905E+01,    0.0000000000E+00,    0.0000000000E+00,    0.0000000000E+00,    5.0219282905E+01
     68750,      0.676928,CP1_after_deposition,   1,    0.0000000000E+00,    5.0219282905E+01,    5.0219282905E+01,    0.0000000000E+00,    0.0000000000E+00,    0.0000000000E+00,    5.0219282905E+01
     68750,      0.676928,CP2_after_erosion,   1,    0.0000000000E+00,    5.0219282905E+01,    5.0219282905E+01,    0.0000000000E+00,    0.0000000000E+00,    0.0000000000E+00,    5.0219282905E+01
     68750,      0.676928,CP3_after_update_bottom,   1,    0.0000000000E+00,    5.0219282905E+01,    5.0219282905E+01,    0.0000000000E+00,    0.0000000000E+00,    0.0000000000E+00,    5.0219282905E+01
     68750,      0.676928,CP4_after_advection,   1,    0.0000000000E+00,    5.0218697093E+01,    5.0218697093E+01,    0.0000000000E+00,    0.0000000000E+00,    0.0000000000E+00,    5.0218697093E+01
     68750,      0.676928,CP5_after_vdif,   1,    0.0000000000E+00,    5.0218697093E+01,    5.0218697093E+01,    0.0000000000E+00,    0.0000000000E+00,    0.0000000000E+00,    5.0218697093E+01
     68750,      0.676928,CP6_after_kinetics,   1,    0.0000000000E+00,    5.0218697093E+01,    5.0218697093E+01,    0.0000000000E+00,    0.0000000000E+00,    0.0000000000E+00,    5.0218697093E+01
     68750,      0.676928,CP7_after_upper_clamp,   1,    0.0000000000E+00,    5.0218697093E+01,    5.0218697093E+01,    0.0000000000E+00,    0.0000000000E+00,    0.0000000000E+00,    5.0218697093E+01
     68750,      0.676928,CP8_after_OBC,   1,    0.0000000000E+00,    5.0218697093E+01,    5.0218697093E+01,    0.0000000000E+00,    0.0000000000E+00,    0.0000000000E+00,    5.0218697093E+01
     68750,      0.676928,CP9_after_PTsource,   1,    0.0000000000E+00,    5.0218697093E+01,    5.0218697093E+01,    0.0000000000E+00,    0.0000000000E+00,    0.0000000000E+00,    5.0218697093E+01
     68750,      0.676928,CP10_after_neg_clamp,   1,    0.0000000000E+00,    5.0218697093E+01,    5.0218697093E+01,    0.0000000000E+00,    0.0000000000E+00,    0.0000000000E+00,    5.0218697093E+01
     68750,      0.676928,CP11_after_MPI,   1,    0.0000000000E+00,    5.0218697093E+01,    5.0218697093E+01,    0.0000000000E+00,    0.0000000000E+00,    0.0000000000E+00,    5.0218697093E+01
     68750,      0.676928,CP12_end,   1,    0.0000000000E+00,    5.0218697093E+01,    5.0218697093E+01,    0.0000000000E+00,    0.0000000000E+00,    0.0000000000E+00,    5.0218697093E+01
     68800,      0.676928,CP0_start,   1,    0.0000000000E+00,    5.0284007080E+01,    5.0284007080E+01,    0.0000000000E+00,    0.0000000000E+00,    0.0000000000E+00,    5.0284007080E+01
     68800,      0.676928,CP1_after_deposition,   1,    0.0000000000E+00,    5.0284007080E+01,    5.0284007080E+01,    0.0000000000E+00,    0.0000000000E+00,    0.0000000000E+00,    5.0284007080E+01
     68800,      0.676928,CP2_after_erosion,   1,    0.0000000000E+00,    5.0284007080E+01,    5.0284007080E+01,    0.0000000000E+00,    0.0000000000E+00,    0.0000000000E+00,    5.0284007080E+01
     68800,      0.676928,CP3_after_update_bottom,   1,    0.0000000000E+00,    5.0284007080E+01,    5.0284007080E+01,    0.0000000000E+00,    0.0000000000E+00,    0.0000000000E+00,    5.0284007080E+01
     68800,      0.676928,CP4_after_advection,   1,    0.0000000000E+00,    5.0283438744E+01,    5.0283438744E+01,    0.0000000000E+00,    0.0000000000E+00,    0.0000000000E+00,    5.0283438744E+01
     68800,      0.676928,CP5_after_vdif,   1,    0.0000000000E+00,    5.0283438744E+01,    5.0283438744E+01,    0.0000000000E+00,    0.0000000000E+00,    0.0000000000E+00,    5.0283438744E+01
     68800,      0.676928,CP6_after_kinetics,   1,    0.0000000000E+00,    5.0283438744E+01,    5.0283438744E+01,    0.0000000000E+00,    0.0000000000E+00,    0.0000000000E+00,    5.0283438744E+01
     68800,      0.676928,CP7_after_upper_clamp,   1,    0.0000000000E+00,    5.0283438744E+01,    5.0283438744E+01,    0.0000000000E+00,    0.0000000000E+00,    0.0000000000E+00,    5.0283438744E+01
     68800,      0.676928,CP8_after_OBC,   1,    0.0000000000E+00,    5.0283438744E+01,    5.0283438744E+01,    0.0000000000E+00,    0.0000000000E+00,    0.0000000000E+00,    5.0283438744E+01
     68800,      0.676928,CP9_after_PTsource,   1,    0.0000000000E+00,    5.0283438744E+01,    5.0283438744E+01,    0.0000000000E+00,    0.0000000000E+00,    0.0000000000E+00,    5.0283438744E+01
     68800,      0.676928,CP10_after_neg_clamp,   1,    0.0000000000E+00,    5.0283438744E+01,    5.0283438744E+01,    0.0000000000E+00,    0.0000000000E+00,    0.0000000000E+00,    5.0283438744E+01
     68800,      0.676928,CP11_after_MPI,   1,    0.0000000000E+00,    5.0283438744E+01,    5.0283438744E+01,    0.0000000000E+00,    0.0000000000E+00,    0.0000000000E+00,    5.0283438744E+01
     68800,      0.676928,CP12_end,   1,    0.0000000000E+00,    5.0283438744E+01,    5.0283438744E+01,    0.0000000000E+00,    0.0000000000E+00,    0.0000000000E+00,    5.0283438744E+01
     68850,      0.676928,CP0_start,   1,    0.0000000000E+00,    5.0348601242E+01,    5.0348601242E+01,    0.0000000000E+00,    0.0000000000E+00,    0.0000000000E+00,    5.0348601242E+01
     68850,      0.676928,CP1_after_deposition,   1,    0.0000000000E+00,    5.0348601242E+01,    5.0348601242E+01,    0.0000000000E+00,    0.0000000000E+00,    0.0000000000E+00,    5.0348601242E+01
     68850,      0.676928,CP2_after_erosion,   1,    0.0000000000E+00,    5.0348601242E+01,    5.0348601242E+01,    0.0000000000E+00,    0.0000000000E+00,    0.0000000000E+00,    5.0348601242E+01
     68850,      0.676928,CP3_after_update_bottom,   1,    0.0000000000E+00,    5.0348601242E+01,    5.0348601242E+01,    0.0000000000E+00,    0.0000000000E+00,    0.0000000000E+00,    5.0348601242E+01
     68850,      0.676928,CP4_after_advection,   1,    0.0000000000E+00,    5.0348050983E+01,    5.0348050983E+01,    0.0000000000E+00,    0.0000000000E+00,    0.0000000000E+00,    5.0348050983E+01
     68850,      0.676928,CP5_after_vdif,   1,    0.0000000000E+00,    5.0348050983E+01,    5.0348050983E+01,    0.0000000000E+00,    0.0000000000E+00,    0.0000000000E+00,    5.0348050983E+01
     68850,      0.676928,CP6_after_kinetics,   1,    0.0000000000E+00,    5.0348050983E+01,    5.0348050983E+01,    0.0000000000E+00,    0.0000000000E+00,    0.0000000000E+00,    5.0348050983E+01
     68850,      0.676928,CP7_after_upper_clamp,   1,    0.0000000000E+00,    5.0348050983E+01,    5.0348050983E+01,    0.0000000000E+00,    0.0000000000E+00,    0.0000000000E+00,    5.0348050983E+01
     68850,      0.676928,CP8_after_OBC,   1,    0.0000000000E+00,    5.0348050983E+01,    5.0348050983E+01,    0.0000000000E+00,    0.0000000000E+00,    0.0000000000E+00,    5.0348050983E+01
     68850,      0.676928,CP9_after_PTsource,   1,    0.0000000000E+00,    5.0348050983E+01,    5.0348050983E+01,    0.0000000000E+00,    0.0000000000E+00,    0.0000000000E+00,    5.0348050983E+01
     68850,      0.676928,CP10_after_neg_clamp,   1,    0.0000000000E+00,    5.0348050983E+01,    5.0348050983E+01,    0.0000000000E+00,    0.0000000000E+00,    0.0000000000E+00,    5.0348050983E+01
     68850,      0.676928,CP11_after_MPI,   1,    0.0000000000E+00,    5.0348050983E+01,    5.0348050983E+01,    0.0000000000E+00,    0.0000000000E+00,    0.0000000000E+00,    5.0348050983E+01
     68850,      0.676928,CP12_end,   1,    0.0000000000E+00,    5.0348050983E+01,    5.0348050983E+01,    0.0000000000E+00,    0.0000000000E+00,    0.0000000000E+00,    5.0348050983E+01
     68900,      0.676928,CP0_start,   1,    0.0000000000E+00,    5.0413081387E+01,    5.0413081387E+01,    0.0000000000E+00,    0.0000000000E+00,    0.0000000000E+00,    5.0413081387E+01
     68900,      0.676928,CP1_after_deposition,   1,    0.0000000000E+00,    5.0413081387E+01,    5.0413081387E+01,    0.0000000000E+00,    0.0000000000E+00,    0.0000000000E+00,    5.0413081387E+01
     68900,      0.676928,CP2_after_erosion,   1,    0.0000000000E+00,    5.0413081387E+01,    5.0413081387E+01,    0.0000000000E+00,    0.0000000000E+00,    0.0000000000E+00,    5.0413081387E+01
     68900,      0.676928,CP3_after_update_bottom,   1,    0.0000000000E+00,    5.0413081387E+01,    5.0413081387E+01,    0.0000000000E+00,    0.0000000000E+00,    0.0000000000E+00,    5.0413081387E+01
     68900,      0.676928,CP4_after_advection,   1,    0.0000000000E+00,    5.0412549498E+01,    5.0412549498E+01,    0.0000000000E+00,    0.0000000000E+00,    0.0000000000E+00,    5.0412549498E+01
     68900,      0.676928,CP5_after_vdif,   1,    0.0000000000E+00,    5.0412549498E+01,    5.0412549498E+01,    0.0000000000E+00,    0.0000000000E+00,    0.0000000000E+00,    5.0412549498E+01
     68900,      0.676928,CP6_after_kinetics,   1,    0.0000000000E+00,    5.0412549498E+01,    5.0412549498E+01,    0.0000000000E+00,    0.0000000000E+00,    0.0000000000E+00,    5.0412549498E+01
     68900,      0.676928,CP7_after_upper_clamp,   1,    0.0000000000E+00,    5.0412549498E+01,    5.0412549498E+01,    0.0000000000E+00,    0.0000000000E+00,    0.0000000000E+00,    5.0412549498E+01
     68900,      0.676928,CP8_after_OBC,   1,    0.0000000000E+00,    5.0412549498E+01,    5.0412549498E+01,    0.0000000000E+00,    0.0000000000E+00,    0.0000000000E+00,    5.0412549498E+01
     68900,      0.676928,CP9_after_PTsource,   1,    0.0000000000E+00,    5.0412549498E+01,    5.0412549498E+01,    0.0000000000E+00,    0.0000000000E+00,    0.0000000000E+00,    5.0412549498E+01
     68900,      0.676928,CP10_after_neg_clamp,   1,    0.0000000000E+00,    5.0412549498E+01,    5.0412549498E+01,    0.0000000000E+00,    0.0000000000E+00,    0.0000000000E+00,    5.0412549498E+01
     68900,      0.676928,CP11_after_MPI,   1,    0.0000000000E+00,    5.0412549498E+01,    5.0412549498E+01,    0.0000000000E+00,    0.0000000000E+00,    0.0000000000E+00,    5.0412549498E+01
     68900,      0.676928,CP12_end,   1,    0.0000000000E+00,    5.0412549498E+01,    5.0412549498E+01,    0.0000000000E+00,    0.0000000000E+00,    0.0000000000E+00,    5.0412549498E+01
     68950,      0.676928,CP0_start,   1,    0.0000000000E+00,    5.0477449624E+01,    5.0477449624E+01,    0.0000000000E+00,    0.0000000000E+00,    0.0000000000E+00,    5.0477449624E+01
     68950,      0.676928,CP1_after_deposition,   1,    0.0000000000E+00,    5.0477449624E+01,    5.0477449624E+01,    0.0000000000E+00,    0.0000000000E+00,    0.0000000000E+00,    5.0477449624E+01
     68950,      0.676928,CP2_after_erosion,   1,    0.0000000000E+00,    5.0477449624E+01,    5.0477449624E+01,    0.0000000000E+00,    0.0000000000E+00,    0.0000000000E+00,    5.0477449624E+01
     68950,      0.676928,CP3_after_update_bottom,   1,    0.0000000000E+00,    5.0477449624E+01,    5.0477449624E+01,    0.0000000000E+00,    0.0000000000E+00,    0.0000000000E+00,    5.0477449624E+01
     68950,      0.676928,CP4_after_advection,   1,    0.0000000000E+00,    5.0476937196E+01,    5.0476937196E+01,    0.0000000000E+00,    0.0000000000E+00,    0.0000000000E+00,    5.0476937196E+01
     68950,      0.676928,CP5_after_vdif,   1,    0.0000000000E+00,    5.0476937196E+01,    5.0476937196E+01,    0.0000000000E+00,    0.0000000000E+00,    0.0000000000E+00,    5.0476937196E+01
     68950,      0.676928,CP6_after_kinetics,   1,    0.0000000000E+00,    5.0476937196E+01,    5.0476937196E+01,    0.0000000000E+00,    0.0000000000E+00,    0.0000000000E+00,    5.0476937196E+01
     68950,      0.676928,CP7_after_upper_clamp,   1,    0.0000000000E+00,    5.0476937196E+01,    5.0476937196E+01,    0.0000000000E+00,    0.0000000000E+00,    0.0000000000E+00,    5.0476937196E+01
     68950,      0.676928,CP8_after_OBC,   1,    0.0000000000E+00,    5.0476937196E+01,    5.0476937196E+01,    0.0000000000E+00,    0.0000000000E+00,    0.0000000000E+00,    5.0476937196E+01
     68950,      0.676928,CP9_after_PTsource,   1,    0.0000000000E+00,    5.0476937196E+01,    5.0476937196E+01,    0.0000000000E+00,    0.0000000000E+00,    0.0000000000E+00,    5.0476937196E+01
     68950,      0.676928,CP10_after_neg_clamp,   1,    0.0000000000E+00,    5.0476937196E+01,    5.0476937196E+01,    0.0000000000E+00,    0.0000000000E+00,    0.0000000000E+00,    5.0476937196E+01
     68950,      0.676928,CP11_after_MPI,   1,    0.0000000000E+00,    5.0476937196E+01,    5.0476937196E+01,    0.0000000000E+00,    0.0000000000E+00,    0.0000000000E+00,    5.0476937196E+01
     68950,      0.676928,CP12_end,   1,    0.0000000000E+00,    5.0476937196E+01,    5.0476937196E+01,    0.0000000000E+00,    0.0000000000E+00,    0.0000000000E+00,    5.0476937196E+01
     69000,      0.676928,CP0_start,   1,    0.0000000000E+00,    5.0541725360E+01,    5.0541725360E+01,    0.0000000000E+00,    0.0000000000E+00,    0.0000000000E+00,    5.0541725360E+01
     69000,      0.676928,CP1_after_deposition,   1,    0.0000000000E+00,    5.0541725360E+01,    5.0541725360E+01,    0.0000000000E+00,    0.0000000000E+00,    0.0000000000E+00,    5.0541725360E+01
     69000,      0.676928,CP2_after_erosion,   1,    0.0000000000E+00,    5.0541725360E+01,    5.0541725360E+01,    0.0000000000E+00,    0.0000000000E+00,    0.0000000000E+00,    5.0541725360E+01
     69000,      0.676928,CP3_after_update_bottom,   1,    0.0000000000E+00,    5.0541725360E+01,    5.0541725360E+01,    0.0000000000E+00,    0.0000000000E+00,    0.0000000000E+00,    5.0541725360E+01
     69000,      0.676928,CP4_after_advection,   1,    0.0000000000E+00,    5.0541232790E+01,    5.0541232790E+01,    0.0000000000E+00,    0.0000000000E+00,    0.0000000000E+00,    5.0541232790E+01
     69000,      0.676928,CP5_after_vdif,   1,    0.0000000000E+00,    5.0541232790E+01,    5.0541232790E+01,    0.0000000000E+00,    0.0000000000E+00,    0.0000000000E+00,    5.0541232790E+01
     69000,      0.676928,CP6_after_kinetics,   1,    0.0000000000E+00,    5.0541232790E+01,    5.0541232790E+01,    0.0000000000E+00,    0.0000000000E+00,    0.0000000000E+00,    5.0541232790E+01
     69000,      0.676928,CP7_after_upper_clamp,   1,    0.0000000000E+00,    5.0541232790E+01,    5.0541232790E+01,    0.0000000000E+00,    0.0000000000E+00,    0.0000000000E+00,    5.0541232790E+01
     69000,      0.676928,CP8_after_OBC,   1,    0.0000000000E+00,    5.0541232790E+01,    5.0541232790E+01,    0.0000000000E+00,    0.0000000000E+00,    0.0000000000E+00,    5.0541232790E+01
     69000,      0.676928,CP9_after_PTsource,   1,    0.0000000000E+00,    5.0541232790E+01,    5.0541232790E+01,    0.0000000000E+00,    0.0000000000E+00,    0.0000000000E+00,    5.0541232790E+01
     69000,      0.676928,CP10_after_neg_clamp,   1,    0.0000000000E+00,    5.0541232790E+01,    5.0541232790E+01,    0.0000000000E+00,    0.0000000000E+00,    0.0000000000E+00,    5.0541232790E+01
     69000,      0.676928,CP11_after_MPI,   1,    0.0000000000E+00,    5.0541232790E+01,    5.0541232790E+01,    0.0000000000E+00,    0.0000000000E+00,    0.0000000000E+00,    5.0541232790E+01
     69000,      0.676928,CP12_end,   1,    0.0000000000E+00,    5.0541232790E+01,    5.0541232790E+01,    0.0000000000E+00,    0.0000000000E+00,    0.0000000000E+00,    5.0541232790E+01
     69050,      0.676928,CP0_start,   1,    0.0000000000E+00,    5.0605925597E+01,    5.0605925597E+01,    0.0000000000E+00,    0.0000000000E+00,    0.0000000000E+00,    5.0605925597E+01
     69050,      0.676928,CP1_after_deposition,   1,    0.0000000000E+00,    5.0605925597E+01,    5.0605925597E+01,    0.0000000000E+00,    0.0000000000E+00,    0.0000000000E+00,    5.0605925597E+01
     69050,      0.676928,CP2_after_erosion,   1,    0.0000000000E+00,    5.0605925597E+01,    5.0605925597E+01,    0.0000000000E+00,    0.0000000000E+00,    0.0000000000E+00,    5.0605925597E+01
     69050,      0.676928,CP3_after_update_bottom,   1,    0.0000000000E+00,    5.0605925597E+01,    5.0605925597E+01,    0.0000000000E+00,    0.0000000000E+00,    0.0000000000E+00,    5.0605925597E+01
     69050,      0.676928,CP4_after_advection,   1,    0.0000000000E+00,    5.0605453319E+01,    5.0605453319E+01,    0.0000000000E+00,    0.0000000000E+00,    0.0000000000E+00,    5.0605453319E+01
     69050,      0.676928,CP5_after_vdif,   1,    0.0000000000E+00,    5.0605453319E+01,    5.0605453319E+01,    0.0000000000E+00,    0.0000000000E+00,    0.0000000000E+00,    5.0605453319E+01
     69050,      0.676928,CP6_after_kinetics,   1,    0.0000000000E+00,    5.0605453319E+01,    5.0605453319E+01,    0.0000000000E+00,    0.0000000000E+00,    0.0000000000E+00,    5.0605453319E+01
     69050,      0.676928,CP7_after_upper_clamp,   1,    0.0000000000E+00,    5.0605453319E+01,    5.0605453319E+01,    0.0000000000E+00,    0.0000000000E+00,    0.0000000000E+00,    5.0605453319E+01
     69050,      0.676928,CP8_after_OBC,   1,    0.0000000000E+00,    5.0605453319E+01,    5.0605453319E+01,    0.0000000000E+00,    0.0000000000E+00,    0.0000000000E+00,    5.0605453319E+01
     69050,      0.676928,CP9_after_PTsource,   1,    0.0000000000E+00,    5.0605453319E+01,    5.0605453319E+01,    0.0000000000E+00,    0.0000000000E+00,    0.0000000000E+00,    5.0605453319E+01
     69050,      0.676928,CP10_after_neg_clamp,   1,    0.0000000000E+00,    5.0605453319E+01,    5.0605453319E+01,    0.0000000000E+00,    0.0000000000E+00,    0.0000000000E+00,    5.0605453319E+01
     69050,      0.676928,CP11_after_MPI,   1,    0.0000000000E+00,    5.0605453319E+01,    5.0605453319E+01,    0.0000000000E+00,    0.0000000000E+00,    0.0000000000E+00,    5.0605453319E+01
     69050,      0.676928,CP12_end,   1,    0.0000000000E+00,    5.0605453319E+01,    5.0605453319E+01,    0.0000000000E+00,    0.0000000000E+00,    0.0000000000E+00,    5.0605453319E+01
     69100,      0.676928,CP0_start,   1,    0.0000000000E+00,    5.0670075084E+01,    5.0670075084E+01,    0.0000000000E+00,    0.0000000000E+00,    0.0000000000E+00,    5.0670075084E+01
     69100,      0.676928,CP1_after_deposition,   1,    0.0000000000E+00,    5.0670075084E+01,    5.0670075084E+01,    0.0000000000E+00,    0.0000000000E+00,    0.0000000000E+00,    5.0670075084E+01
     69100,      0.676928,CP2_after_erosion,   1,    0.0000000000E+00,    5.0670075084E+01,    5.0670075084E+01,    0.0000000000E+00,    0.0000000000E+00,    0.0000000000E+00,    5.0670075084E+01
     69100,      0.676928,CP3_after_update_bottom,   1,    0.0000000000E+00,    5.0670075084E+01,    5.0670075084E+01,    0.0000000000E+00,    0.0000000000E+00,    0.0000000000E+00,    5.0670075084E+01
     69100,      0.676928,CP4_after_advection,   1,    0.0000000000E+00,    5.0669624453E+01,    5.0669624453E+01,    0.0000000000E+00,    0.0000000000E+00,    0.0000000000E+00,    5.0669624453E+01
     69100,      0.676928,CP5_after_vdif,   1,    0.0000000000E+00,    5.0669624453E+01,    5.0669624453E+01,    0.0000000000E+00,    0.0000000000E+00,    0.0000000000E+00,    5.0669624453E+01
     69100,      0.676928,CP6_after_kinetics,   1,    0.0000000000E+00,    5.0669624453E+01,    5.0669624453E+01,    0.0000000000E+00,    0.0000000000E+00,    0.0000000000E+00,    5.0669624453E+01
     69100,      0.676928,CP7_after_upper_clamp,   1,    0.0000000000E+00,    5.0669624453E+01,    5.0669624453E+01,    0.0000000000E+00,    0.0000000000E+00,    0.0000000000E+00,    5.0669624453E+01
     69100,      0.676928,CP8_after_OBC,   1,    0.0000000000E+00,    5.0669624453E+01,    5.0669624453E+01,    0.0000000000E+00,    0.0000000000E+00,    0.0000000000E+00,    5.0669624453E+01
     69100,      0.676928,CP9_after_PTsource,   1,    0.0000000000E+00,    5.0669624453E+01,    5.0669624453E+01,    0.0000000000E+00,    0.0000000000E+00,    0.0000000000E+00,    5.0669624453E+01
     69100,      0.676928,CP10_after_neg_clamp,   1,    0.0000000000E+00,    5.0669624453E+01,    5.0669624453E+01,    0.0000000000E+00,    0.0000000000E+00,    0.0000000000E+00,    5.0669624453E+01
     69100,      0.676928,CP11_after_MPI,   1,    0.0000000000E+00,    5.0669624453E+01,    5.0669624453E+01,    0.0000000000E+00,    0.0000000000E+00,    0.0000000000E+00,    5.0669624453E+01
     69100,      0.676928,CP12_end,   1,    0.0000000000E+00,    5.0669624453E+01,    5.0669624453E+01,    0.0000000000E+00,    0.0000000000E+00,    0.0000000000E+00,    5.0669624453E+01
     69150,      0.676928,CP0_start,   1,    0.0000000000E+00,    5.0734206571E+01,    5.0734206571E+01,    0.0000000000E+00,    0.0000000000E+00,    0.0000000000E+00,    5.0734206571E+01
     69150,      0.676928,CP1_after_deposition,   1,    0.0000000000E+00,    5.0734206571E+01,    5.0734206571E+01,    0.0000000000E+00,    0.0000000000E+00,    0.0000000000E+00,    5.0734206571E+01
     69150,      0.676928,CP2_after_erosion,   1,    0.0000000000E+00,    5.0734206571E+01,    5.0734206571E+01,    0.0000000000E+00,    0.0000000000E+00,    0.0000000000E+00,    5.0734206571E+01
     69150,      0.676928,CP3_after_update_bottom,   1,    0.0000000000E+00,    5.0734206571E+01,    5.0734206571E+01,    0.0000000000E+00,    0.0000000000E+00,    0.0000000000E+00,    5.0734206571E+01
     69150,      0.676928,CP4_after_advection,   1,    0.0000000000E+00,    5.0733778214E+01,    5.0733778214E+01,    0.0000000000E+00,    0.0000000000E+00,    0.0000000000E+00,    5.0733778214E+01
     69150,      0.676928,CP5_after_vdif,   1,    0.0000000000E+00,    5.0733778214E+01,    5.0733778214E+01,    0.0000000000E+00,    0.0000000000E+00,    0.0000000000E+00,    5.0733778214E+01
     69150,      0.676928,CP6_after_kinetics,   1,    0.0000000000E+00,    5.0733778214E+01,    5.0733778214E+01,    0.0000000000E+00,    0.0000000000E+00,    0.0000000000E+00,    5.0733778214E+01
     69150,      0.676928,CP7_after_upper_clamp,   1,    0.0000000000E+00,    5.0733778214E+01,    5.0733778214E+01,    0.0000000000E+00,    0.0000000000E+00,    0.0000000000E+00,    5.0733778214E+01
     69150,      0.676928,CP8_after_OBC,   1,    0.0000000000E+00,    5.0733778214E+01,    5.0733778214E+01,    0.0000000000E+00,    0.0000000000E+00,    0.0000000000E+00,    5.0733778214E+01
     69150,      0.676928,CP9_after_PTsource,   1,    0.0000000000E+00,    5.0733778214E+01,    5.0733778214E+01,    0.0000000000E+00,    0.0000000000E+00,    0.0000000000E+00,    5.0733778214E+01
     69150,      0.676928,CP10_after_neg_clamp,   1,    0.0000000000E+00,    5.0733778214E+01,    5.0733778214E+01,    0.0000000000E+00,    0.0000000000E+00,    0.0000000000E+00,    5.0733778214E+01
     69150,      0.676928,CP11_after_MPI,   1,    0.0000000000E+00,    5.0733778214E+01,    5.0733778214E+01,    0.0000000000E+00,    0.0000000000E+00,    0.0000000000E+00,    5.0733778214E+01
     69150,      0.676928,CP12_end,   1,    0.0000000000E+00,    5.0733778214E+01,    5.0733778214E+01,    0.0000000000E+00,    0.0000000000E+00,    0.0000000000E+00,    5.0733778214E+01
     69200,      0.676928,CP0_start,   1,    0.0000000000E+00,    5.0798353091E+01,    5.0798353091E+01,    0.0000000000E+00,    0.0000000000E+00,    0.0000000000E+00,    5.0798353091E+01
     69200,      0.676928,CP1_after_deposition,   1,    0.0000000000E+00,    5.0798353091E+01,    5.0798353091E+01,    0.0000000000E+00,    0.0000000000E+00,    0.0000000000E+00,    5.0798353091E+01
     69200,      0.676928,CP2_after_erosion,   1,    0.0000000000E+00,    5.0798353091E+01,    5.0798353091E+01,    0.0000000000E+00,    0.0000000000E+00,    0.0000000000E+00,    5.0798353091E+01
     69200,      0.676928,CP3_after_update_bottom,   1,    0.0000000000E+00,    5.0798353091E+01,    5.0798353091E+01,    0.0000000000E+00,    0.0000000000E+00,    0.0000000000E+00,    5.0798353091E+01
     69200,      0.676928,CP4_after_advection,   1,    0.0000000000E+00,    5.0797947674E+01,    5.0797947674E+01,    0.0000000000E+00,    0.0000000000E+00,    0.0000000000E+00,    5.0797947674E+01
     69200,      0.676928,CP5_after_vdif,   1,    0.0000000000E+00,    5.0797947674E+01,    5.0797947674E+01,    0.0000000000E+00,    0.0000000000E+00,    0.0000000000E+00,    5.0797947674E+01
     69200,      0.676928,CP6_after_kinetics,   1,    0.0000000000E+00,    5.0797947674E+01,    5.0797947674E+01,    0.0000000000E+00,    0.0000000000E+00,    0.0000000000E+00,    5.0797947674E+01
     69200,      0.676928,CP7_after_upper_clamp,   1,    0.0000000000E+00,    5.0797947674E+01,    5.0797947674E+01,    0.0000000000E+00,    0.0000000000E+00,    0.0000000000E+00,    5.0797947674E+01
     69200,      0.676928,CP8_after_OBC,   1,    0.0000000000E+00,    5.0797947674E+01,    5.0797947674E+01,    0.0000000000E+00,    0.0000000000E+00,    0.0000000000E+00,    5.0797947674E+01
     69200,      0.676928,CP9_after_PTsource,   1,    0.0000000000E+00,    5.0797947674E+01,    5.0797947674E+01,    0.0000000000E+00,    0.0000000000E+00,    0.0000000000E+00,    5.0797947674E+01
     69200,      0.676928,CP10_after_neg_clamp,   1,    0.0000000000E+00,    5.0797947674E+01,    5.0797947674E+01,    0.0000000000E+00,    0.0000000000E+00,    0.0000000000E+00,    5.0797947674E+01
     69200,      0.676928,CP11_after_MPI,   1,    0.0000000000E+00,    5.0797947674E+01,    5.0797947674E+01,    0.0000000000E+00,    0.0000000000E+00,    0.0000000000E+00,    5.0797947674E+01
     69200,      0.676928,CP12_end,   1,    0.0000000000E+00,    5.0797947674E+01,    5.0797947674E+01,    0.0000000000E+00,    0.0000000000E+00,    0.0000000000E+00,    5.0797947674E+01
     69250,      0.676928,CP0_start,   1,    0.0000000000E+00,    5.0862546090E+01,    5.0862546090E+01,    0.0000000000E+00,    0.0000000000E+00,    0.0000000000E+00,    5.0862546090E+01
     69250,      0.676928,CP1_after_deposition,   1,    0.0000000000E+00,    5.0862546090E+01,    5.0862546090E+01,    0.0000000000E+00,    0.0000000000E+00,    0.0000000000E+00,    5.0862546090E+01
     69250,      0.676928,CP2_after_erosion,   1,    0.0000000000E+00,    5.0862546090E+01,    5.0862546090E+01,    0.0000000000E+00,    0.0000000000E+00,    0.0000000000E+00,    5.0862546090E+01
     69250,      0.676928,CP3_after_update_bottom,   1,    0.0000000000E+00,    5.0862546090E+01,    5.0862546090E+01,    0.0000000000E+00,    0.0000000000E+00,    0.0000000000E+00,    5.0862546090E+01
     69250,      0.676928,CP4_after_advection,   1,    0.0000000000E+00,    5.0862165216E+01,    5.0862165216E+01,    0.0000000000E+00,    0.0000000000E+00,    0.0000000000E+00,    5.0862165216E+01
     69250,      0.676928,CP5_after_vdif,   1,    0.0000000000E+00,    5.0862165216E+01,    5.0862165216E+01,    0.0000000000E+00,    0.0000000000E+00,    0.0000000000E+00,    5.0862165216E+01
     69250,      0.676928,CP6_after_kinetics,   1,    0.0000000000E+00,    5.0862165216E+01,    5.0862165216E+01,    0.0000000000E+00,    0.0000000000E+00,    0.0000000000E+00,    5.0862165216E+01
     69250,      0.676928,CP7_after_upper_clamp,   1,    0.0000000000E+00,    5.0862165216E+01,    5.0862165216E+01,    0.0000000000E+00,    0.0000000000E+00,    0.0000000000E+00,    5.0862165216E+01
     69250,      0.676928,CP8_after_OBC,   1,    0.0000000000E+00,    5.0862165216E+01,    5.0862165216E+01,    0.0000000000E+00,    0.0000000000E+00,    0.0000000000E+00,    5.0862165216E+01
     69250,      0.676928,CP9_after_PTsource,   1,    0.0000000000E+00,    5.0862165216E+01,    5.0862165216E+01,    0.0000000000E+00,    0.0000000000E+00,    0.0000000000E+00,    5.0862165216E+01
     69250,      0.676928,CP10_after_neg_clamp,   1,    0.0000000000E+00,    5.0862165216E+01,    5.0862165216E+01,    0.0000000000E+00,    0.0000000000E+00,    0.0000000000E+00,    5.0862165216E+01
     69250,      0.676928,CP11_after_MPI,   1,    0.0000000000E+00,    5.0862165216E+01,    5.0862165216E+01,    0.0000000000E+00,    0.0000000000E+00,    0.0000000000E+00,    5.0862165216E+01
     69250,      0.676928,CP12_end,   1,    0.0000000000E+00,    5.0862165216E+01,    5.0862165216E+01,    0.0000000000E+00,    0.0000000000E+00,    0.0000000000E+00,    5.0862165216E+01
     69300,      0.676928,CP0_start,   1,    0.0000000000E+00,    5.0926821409E+01,    5.0926821409E+01,    0.0000000000E+00,    0.0000000000E+00,    0.0000000000E+00,    5.0926821409E+01
     69300,      0.676928,CP1_after_deposition,   1,    0.0000000000E+00,    5.0926821409E+01,    5.0926821409E+01,    0.0000000000E+00,    0.0000000000E+00,    0.0000000000E+00,    5.0926821409E+01
     69300,      0.676928,CP2_after_erosion,   1,    0.0000000000E+00,    5.0926821409E+01,    5.0926821409E+01,    0.0000000000E+00,    0.0000000000E+00,    0.0000000000E+00,    5.0926821409E+01
     69300,      0.676928,CP3_after_update_bottom,   1,    0.0000000000E+00,    5.0926821409E+01,    5.0926821409E+01,    0.0000000000E+00,    0.0000000000E+00,    0.0000000000E+00,    5.0926821409E+01
     69300,      0.676928,CP4_after_advection,   1,    0.0000000000E+00,    5.0926465679E+01,    5.0926465679E+01,    0.0000000000E+00,    0.0000000000E+00,    0.0000000000E+00,    5.0926465679E+01
     69300,      0.676928,CP5_after_vdif,   1,    0.0000000000E+00,    5.0926465679E+01,    5.0926465679E+01,    0.0000000000E+00,    0.0000000000E+00,    0.0000000000E+00,    5.0926465679E+01
     69300,      0.676928,CP6_after_kinetics,   1,    0.0000000000E+00,    5.0926465679E+01,    5.0926465679E+01,    0.0000000000E+00,    0.0000000000E+00,    0.0000000000E+00,    5.0926465679E+01
     69300,      0.676928,CP7_after_upper_clamp,   1,    0.0000000000E+00,    5.0926465679E+01,    5.0926465679E+01,    0.0000000000E+00,    0.0000000000E+00,    0.0000000000E+00,    5.0926465679E+01
     69300,      0.676928,CP8_after_OBC,   1,    0.0000000000E+00,    5.0926465679E+01,    5.0926465679E+01,    0.0000000000E+00,    0.0000000000E+00,    0.0000000000E+00,    5.0926465679E+01
     69300,      0.676928,CP9_after_PTsource,   1,    0.0000000000E+00,    5.0926465679E+01,    5.0926465679E+01,    0.0000000000E+00,    0.0000000000E+00,    0.0000000000E+00,    5.0926465679E+01
     69300,      0.676928,CP10_after_neg_clamp,   1,    0.0000000000E+00,    5.0926465679E+01,    5.0926465679E+01,    0.0000000000E+00,    0.0000000000E+00,    0.0000000000E+00,    5.0926465679E+01
     69300,      0.676928,CP11_after_MPI,   1,    0.0000000000E+00,    5.0926465679E+01,    5.0926465679E+01,    0.0000000000E+00,    0.0000000000E+00,    0.0000000000E+00,    5.0926465679E+01
     69300,      0.676928,CP12_end,   1,    0.0000000000E+00,    5.0926465679E+01,    5.0926465679E+01,    0.0000000000E+00,    0.0000000000E+00,    0.0000000000E+00,    5.0926465679E+01
     69350,      0.676928,CP0_start,   1,    0.0000000000E+00,    5.0991211344E+01,    5.0991211344E+01,    0.0000000000E+00,    0.0000000000E+00,    0.0000000000E+00,    5.0991211344E+01
     69350,      0.676928,CP1_after_deposition,   1,    0.0000000000E+00,    5.0991211344E+01,    5.0991211344E+01,    0.0000000000E+00,    0.0000000000E+00,    0.0000000000E+00,    5.0991211344E+01
     69350,      0.676928,CP2_after_erosion,   1,    0.0000000000E+00,    5.0991211344E+01,    5.0991211344E+01,    0.0000000000E+00,    0.0000000000E+00,    0.0000000000E+00,    5.0991211344E+01
     69350,      0.676928,CP3_after_update_bottom,   1,    0.0000000000E+00,    5.0991211344E+01,    5.0991211344E+01,    0.0000000000E+00,    0.0000000000E+00,    0.0000000000E+00,    5.0991211344E+01
     69350,      0.676928,CP4_after_advection,   1,    0.0000000000E+00,    5.0990882170E+01,    5.0990882170E+01,    0.0000000000E+00,    0.0000000000E+00,    0.0000000000E+00,    5.0990882170E+01
     69350,      0.676928,CP5_after_vdif,   1,    0.0000000000E+00,    5.0990882170E+01,    5.0990882170E+01,    0.0000000000E+00,    0.0000000000E+00,    0.0000000000E+00,    5.0990882170E+01
     69350,      0.676928,CP6_after_kinetics,   1,    0.0000000000E+00,    5.0990882170E+01,    5.0990882170E+01,    0.0000000000E+00,    0.0000000000E+00,    0.0000000000E+00,    5.0990882170E+01
     69350,      0.676928,CP7_after_upper_clamp,   1,    0.0000000000E+00,    5.0990882170E+01,    5.0990882170E+01,    0.0000000000E+00,    0.0000000000E+00,    0.0000000000E+00,    5.0990882170E+01
     69350,      0.676928,CP8_after_OBC,   1,    0.0000000000E+00,    5.0990882170E+01,    5.0990882170E+01,    0.0000000000E+00,    0.0000000000E+00,    0.0000000000E+00,    5.0990882170E+01
     69350,      0.676928,CP9_after_PTsource,   1,    0.0000000000E+00,    5.0990882170E+01,    5.0990882170E+01,    0.0000000000E+00,    0.0000000000E+00,    0.0000000000E+00,    5.0990882170E+01
     69350,      0.676928,CP10_after_neg_clamp,   1,    0.0000000000E+00,    5.0990882170E+01,    5.0990882170E+01,    0.0000000000E+00,    0.0000000000E+00,    0.0000000000E+00,    5.0990882170E+01
     69350,      0.676928,CP11_after_MPI,   1,    0.0000000000E+00,    5.0990882170E+01,    5.0990882170E+01,    0.0000000000E+00,    0.0000000000E+00,    0.0000000000E+00,    5.0990882170E+01
     69350,      0.676928,CP12_end,   1,    0.0000000000E+00,    5.0990882170E+01,    5.0990882170E+01,    0.0000000000E+00,    0.0000000000E+00,    0.0000000000E+00,    5.0990882170E+01
     69400,      0.676928,CP0_start,   1,    0.0000000000E+00,    5.1055738462E+01,    5.1055738462E+01,    0.0000000000E+00,    0.0000000000E+00,    0.0000000000E+00,    5.1055738462E+01
     69400,      0.676928,CP1_after_deposition,   1,    0.0000000000E+00,    5.1055738462E+01,    5.1055738462E+01,    0.0000000000E+00,    0.0000000000E+00,    0.0000000000E+00,    5.1055738462E+01
     69400,      0.676928,CP2_after_erosion,   1,    0.0000000000E+00,    5.1055738462E+01,    5.1055738462E+01,    0.0000000000E+00,    0.0000000000E+00,    0.0000000000E+00,    5.1055738462E+01
     69400,      0.676928,CP3_after_update_bottom,   1,    0.0000000000E+00,    5.1055738462E+01,    5.1055738462E+01,    0.0000000000E+00,    0.0000000000E+00,    0.0000000000E+00,    5.1055738462E+01
     69400,      0.676928,CP4_after_advection,   1,    0.0000000000E+00,    5.1055436545E+01,    5.1055436545E+01,    0.0000000000E+00,    0.0000000000E+00,    0.0000000000E+00,    5.1055436545E+01
     69400,      0.676928,CP5_after_vdif,   1,    0.0000000000E+00,    5.1055436545E+01,    5.1055436545E+01,    0.0000000000E+00,    0.0000000000E+00,    0.0000000000E+00,    5.1055436545E+01
     69400,      0.676928,CP6_after_kinetics,   1,    0.0000000000E+00,    5.1055436545E+01,    5.1055436545E+01,    0.0000000000E+00,    0.0000000000E+00,    0.0000000000E+00,    5.1055436545E+01
     69400,      0.676928,CP7_after_upper_clamp,   1,    0.0000000000E+00,    5.1055436545E+01,    5.1055436545E+01,    0.0000000000E+00,    0.0000000000E+00,    0.0000000000E+00,    5.1055436545E+01
     69400,      0.676928,CP8_after_OBC,   1,    0.0000000000E+00,    5.1055436545E+01,    5.1055436545E+01,    0.0000000000E+00,    0.0000000000E+00,    0.0000000000E+00,    5.1055436545E+01
     69400,      0.676928,CP9_after_PTsource,   1,    0.0000000000E+00,    5.1055436545E+01,    5.1055436545E+01,    0.0000000000E+00,    0.0000000000E+00,    0.0000000000E+00,    5.1055436545E+01
     69400,      0.676928,CP10_after_neg_clamp,   1,    0.0000000000E+00,    5.1055436545E+01,    5.1055436545E+01,    0.0000000000E+00,    0.0000000000E+00,    0.0000000000E+00,    5.1055436545E+01
     69400,      0.676928,CP11_after_MPI,   1,    0.0000000000E+00,    5.1055436545E+01,    5.1055436545E+01,    0.0000000000E+00,    0.0000000000E+00,    0.0000000000E+00,    5.1055436545E+01
     69400,      0.676928,CP12_end,   1,    0.0000000000E+00,    5.1055436545E+01,    5.1055436545E+01,    0.0000000000E+00,    0.0000000000E+00,    0.0000000000E+00,    5.1055436545E+01
     69450,      0.676928,CP0_start,   1,    0.0000000000E+00,    5.1120407978E+01,    5.1120407978E+01,    0.0000000000E+00,    0.0000000000E+00,    0.0000000000E+00,    5.1120407978E+01
     69450,      0.676928,CP1_after_deposition,   1,    0.0000000000E+00,    5.1120407978E+01,    5.1120407978E+01,    0.0000000000E+00,    0.0000000000E+00,    0.0000000000E+00,    5.1120407978E+01
     69450,      0.676928,CP2_after_erosion,   1,    0.0000000000E+00,    5.1120407978E+01,    5.1120407978E+01,    0.0000000000E+00,    0.0000000000E+00,    0.0000000000E+00,    5.1120407978E+01
     69450,      0.676928,CP3_after_update_bottom,   1,    0.0000000000E+00,    5.1120407978E+01,    5.1120407978E+01,    0.0000000000E+00,    0.0000000000E+00,    0.0000000000E+00,    5.1120407978E+01
     69450,      0.676928,CP4_after_advection,   1,    0.0000000000E+00,    5.1120134141E+01,    5.1120134141E+01,    0.0000000000E+00,    0.0000000000E+00,    0.0000000000E+00,    5.1120134141E+01
     69450,      0.676928,CP5_after_vdif,   1,    0.0000000000E+00,    5.1120134141E+01,    5.1120134141E+01,    0.0000000000E+00,    0.0000000000E+00,    0.0000000000E+00,    5.1120134141E+01
     69450,      0.676928,CP6_after_kinetics,   1,    0.0000000000E+00,    5.1120134141E+01,    5.1120134141E+01,    0.0000000000E+00,    0.0000000000E+00,    0.0000000000E+00,    5.1120134141E+01
     69450,      0.676928,CP7_after_upper_clamp,   1,    0.0000000000E+00,    5.1120134141E+01,    5.1120134141E+01,    0.0000000000E+00,    0.0000000000E+00,    0.0000000000E+00,    5.1120134141E+01
     69450,      0.676928,CP8_after_OBC,   1,    0.0000000000E+00,    5.1120134141E+01,    5.1120134141E+01,    0.0000000000E+00,    0.0000000000E+00,    0.0000000000E+00,    5.1120134141E+01
     69450,      0.676928,CP9_after_PTsource,   1,    0.0000000000E+00,    5.1120134141E+01,    5.1120134141E+01,    0.0000000000E+00,    0.0000000000E+00,    0.0000000000E+00,    5.1120134141E+01
     69450,      0.676928,CP10_after_neg_clamp,   1,    0.0000000000E+00,    5.1120134141E+01,    5.1120134141E+01,    0.0000000000E+00,    0.0000000000E+00,    0.0000000000E+00,    5.1120134141E+01
     69450,      0.676928,CP11_after_MPI,   1,    0.0000000000E+00,    5.1120134141E+01,    5.1120134141E+01,    0.0000000000E+00,    0.0000000000E+00,    0.0000000000E+00,    5.1120134141E+01
     69450,      0.676928,CP12_end,   1,    0.0000000000E+00,    5.1120134141E+01,    5.1120134141E+01,    0.0000000000E+00,    0.0000000000E+00,    0.0000000000E+00,    5.1120134141E+01
     69500,      0.676928,CP0_start,   1,    0.0000000000E+00,    5.1185243644E+01,    5.1185243644E+01,    0.0000000000E+00,    0.0000000000E+00,    0.0000000000E+00,    5.1185243644E+01
     69500,      0.676928,CP1_after_deposition,   1,    0.0000000000E+00,    5.1185243644E+01,    5.1185243644E+01,    0.0000000000E+00,    0.0000000000E+00,    0.0000000000E+00,    5.1185243644E+01
     69500,      0.676928,CP2_after_erosion,   1,    0.0000000000E+00,    5.1185243644E+01,    5.1185243644E+01,    0.0000000000E+00,    0.0000000000E+00,    0.0000000000E+00,    5.1185243644E+01
     69500,      0.676928,CP3_after_update_bottom,   1,    0.0000000000E+00,    5.1185243644E+01,    5.1185243644E+01,    0.0000000000E+00,    0.0000000000E+00,    0.0000000000E+00,    5.1185243644E+01
     69500,      0.676928,CP4_after_advection,   1,    0.0000000000E+00,    5.1184998169E+01,    5.1184998169E+01,    0.0000000000E+00,    0.0000000000E+00,    0.0000000000E+00,    5.1184998169E+01
     69500,      0.676928,CP5_after_vdif,   1,    0.0000000000E+00,    5.1184998169E+01,    5.1184998169E+01,    0.0000000000E+00,    0.0000000000E+00,    0.0000000000E+00,    5.1184998169E+01
     69500,      0.676928,CP6_after_kinetics,   1,    0.0000000000E+00,    5.1184998169E+01,    5.1184998169E+01,    0.0000000000E+00,    0.0000000000E+00,    0.0000000000E+00,    5.1184998169E+01
     69500,      0.676928,CP7_after_upper_clamp,   1,    0.0000000000E+00,    5.1184998169E+01,    5.1184998169E+01,    0.0000000000E+00,    0.0000000000E+00,    0.0000000000E+00,    5.1184998169E+01
     69500,      0.676928,CP8_after_OBC,   1,    0.0000000000E+00,    5.1184998169E+01,    5.1184998169E+01,    0.0000000000E+00,    0.0000000000E+00,    0.0000000000E+00,    5.1184998169E+01
     69500,      0.676928,CP9_after_PTsource,   1,    0.0000000000E+00,    5.1184998169E+01,    5.1184998169E+01,    0.0000000000E+00,    0.0000000000E+00,    0.0000000000E+00,    5.1184998169E+01
     69500,      0.676928,CP10_after_neg_clamp,   1,    0.0000000000E+00,    5.1184998169E+01,    5.1184998169E+01,    0.0000000000E+00,    0.0000000000E+00,    0.0000000000E+00,    5.1184998169E+01
     69500,      0.676928,CP11_after_MPI,   1,    0.0000000000E+00,    5.1184998169E+01,    5.1184998169E+01,    0.0000000000E+00,    0.0000000000E+00,    0.0000000000E+00,    5.1184998169E+01
     69500,      0.676928,CP12_end,   1,    0.0000000000E+00,    5.1184998169E+01,    5.1184998169E+01,    0.0000000000E+00,    0.0000000000E+00,    0.0000000000E+00,    5.1184998169E+01
     69550,      0.676928,CP0_start,   1,    0.0000000000E+00,    5.1250268603E+01,    5.1250268603E+01,    0.0000000000E+00,    0.0000000000E+00,    0.0000000000E+00,    5.1250268603E+01
     69550,      0.676928,CP1_after_deposition,   1,    0.0000000000E+00,    5.1250268603E+01,    5.1250268603E+01,    0.0000000000E+00,    0.0000000000E+00,    0.0000000000E+00,    5.1250268603E+01
     69550,      0.676928,CP2_after_erosion,   1,    0.0000000000E+00,    5.1250268603E+01,    5.1250268603E+01,    0.0000000000E+00,    0.0000000000E+00,    0.0000000000E+00,    5.1250268603E+01
     69550,      0.676928,CP3_after_update_bottom,   1,    0.0000000000E+00,    5.1250268603E+01,    5.1250268603E+01,    0.0000000000E+00,    0.0000000000E+00,    0.0000000000E+00,    5.1250268603E+01
     69550,      0.676928,CP4_after_advection,   1,    0.0000000000E+00,    5.1250052135E+01,    5.1250052135E+01,    0.0000000000E+00,    0.0000000000E+00,    0.0000000000E+00,    5.1250052135E+01
     69550,      0.676928,CP5_after_vdif,   1,    0.0000000000E+00,    5.1250052135E+01,    5.1250052135E+01,    0.0000000000E+00,    0.0000000000E+00,    0.0000000000E+00,    5.1250052135E+01
     69550,      0.676928,CP6_after_kinetics,   1,    0.0000000000E+00,    5.1250052135E+01,    5.1250052135E+01,    0.0000000000E+00,    0.0000000000E+00,    0.0000000000E+00,    5.1250052135E+01
     69550,      0.676928,CP7_after_upper_clamp,   1,    0.0000000000E+00,    5.1250052135E+01,    5.1250052135E+01,    0.0000000000E+00,    0.0000000000E+00,    0.0000000000E+00,    5.1250052135E+01
     69550,      0.676928,CP8_after_OBC,   1,    0.0000000000E+00,    5.1250052135E+01,    5.1250052135E+01,    0.0000000000E+00,    0.0000000000E+00,    0.0000000000E+00,    5.1250052135E+01
     69550,      0.676928,CP9_after_PTsource,   1,    0.0000000000E+00,    5.1250052135E+01,    5.1250052135E+01,    0.0000000000E+00,    0.0000000000E+00,    0.0000000000E+00,    5.1250052135E+01
     69550,      0.676928,CP10_after_neg_clamp,   1,    0.0000000000E+00,    5.1250052135E+01,    5.1250052135E+01,    0.0000000000E+00,    0.0000000000E+00,    0.0000000000E+00,    5.1250052135E+01
     69550,      0.676928,CP11_after_MPI,   1,    0.0000000000E+00,    5.1250052135E+01,    5.1250052135E+01,    0.0000000000E+00,    0.0000000000E+00,    0.0000000000E+00,    5.1250052135E+01
     69550,      0.676928,CP12_end,   1,    0.0000000000E+00,    5.1250052135E+01,    5.1250052135E+01,    0.0000000000E+00,    0.0000000000E+00,    0.0000000000E+00,    5.1250052135E+01
     69600,      0.676928,CP0_start,   1,    0.0000000000E+00,    5.1315489940E+01,    5.1315489940E+01,    0.0000000000E+00,    0.0000000000E+00,    0.0000000000E+00,    5.1315489940E+01
     69600,      0.676928,CP1_after_deposition,   1,    0.0000000000E+00,    5.1315489940E+01,    5.1315489940E+01,    0.0000000000E+00,    0.0000000000E+00,    0.0000000000E+00,    5.1315489940E+01
     69600,      0.676928,CP2_after_erosion,   1,    0.0000000000E+00,    5.1315489940E+01,    5.1315489940E+01,    0.0000000000E+00,    0.0000000000E+00,    0.0000000000E+00,    5.1315489940E+01
     69600,      0.676928,CP3_after_update_bottom,   1,    0.0000000000E+00,    5.1315489940E+01,    5.1315489940E+01,    0.0000000000E+00,    0.0000000000E+00,    0.0000000000E+00,    5.1315489940E+01
     69600,      0.676928,CP4_after_advection,   1,    0.0000000000E+00,    5.1315302995E+01,    5.1315302995E+01,    0.0000000000E+00,    0.0000000000E+00,    0.0000000000E+00,    5.1315302995E+01
     69600,      0.676928,CP5_after_vdif,   1,    0.0000000000E+00,    5.1315302995E+01,    5.1315302995E+01,    0.0000000000E+00,    0.0000000000E+00,    0.0000000000E+00,    5.1315302995E+01
     69600,      0.676928,CP6_after_kinetics,   1,    0.0000000000E+00,    5.1315302995E+01,    5.1315302995E+01,    0.0000000000E+00,    0.0000000000E+00,    0.0000000000E+00,    5.1315302995E+01
     69600,      0.676928,CP7_after_upper_clamp,   1,    0.0000000000E+00,    5.1315302995E+01,    5.1315302995E+01,    0.0000000000E+00,    0.0000000000E+00,    0.0000000000E+00,    5.1315302995E+01
     69600,      0.676928,CP8_after_OBC,   1,    0.0000000000E+00,    5.1315302995E+01,    5.1315302995E+01,    0.0000000000E+00,    0.0000000000E+00,    0.0000000000E+00,    5.1315302995E+01
     69600,      0.676928,CP9_after_PTsource,   1,    0.0000000000E+00,    5.1315302995E+01,    5.1315302995E+01,    0.0000000000E+00,    0.0000000000E+00,    0.0000000000E+00,    5.1315302995E+01
     69600,      0.676928,CP10_after_neg_clamp,   1,    0.0000000000E+00,    5.1315302995E+01,    5.1315302995E+01,    0.0000000000E+00,    0.0000000000E+00,    0.0000000000E+00,    5.1315302995E+01
     69600,      0.676928,CP11_after_MPI,   1,    0.0000000000E+00,    5.1315302995E+01,    5.1315302995E+01,    0.0000000000E+00,    0.0000000000E+00,    0.0000000000E+00,    5.1315302995E+01
     69600,      0.676928,CP12_end,   1,    0.0000000000E+00,    5.1315302995E+01,    5.1315302995E+01,    0.0000000000E+00,    0.0000000000E+00,    0.0000000000E+00,    5.1315302995E+01
     69650,      0.676928,CP0_start,   1,    0.0000000000E+00,    5.1380913310E+01,    5.1380913310E+01,    0.0000000000E+00,    0.0000000000E+00,    0.0000000000E+00,    5.1380913310E+01
     69650,      0.676928,CP1_after_deposition,   1,    0.0000000000E+00,    5.1380913310E+01,    5.1380913310E+01,    0.0000000000E+00,    0.0000000000E+00,    0.0000000000E+00,    5.1380913310E+01
     69650,      0.676928,CP2_after_erosion,   1,    0.0000000000E+00,    5.1380913310E+01,    5.1380913310E+01,    0.0000000000E+00,    0.0000000000E+00,    0.0000000000E+00,    5.1380913310E+01
     69650,      0.676928,CP3_after_update_bottom,   1,    0.0000000000E+00,    5.1380913310E+01,    5.1380913310E+01,    0.0000000000E+00,    0.0000000000E+00,    0.0000000000E+00,    5.1380913310E+01
     69650,      0.676928,CP4_after_advection,   1,    0.0000000000E+00,    5.1380755388E+01,    5.1380755388E+01,    0.0000000000E+00,    0.0000000000E+00,    0.0000000000E+00,    5.1380755388E+01
     69650,      0.676928,CP5_after_vdif,   1,    0.0000000000E+00,    5.1380755388E+01,    5.1380755388E+01,    0.0000000000E+00,    0.0000000000E+00,    0.0000000000E+00,    5.1380755388E+01
     69650,      0.676928,CP6_after_kinetics,   1,    0.0000000000E+00,    5.1380755388E+01,    5.1380755388E+01,    0.0000000000E+00,    0.0000000000E+00,    0.0000000000E+00,    5.1380755388E+01
     69650,      0.676928,CP7_after_upper_clamp,   1,    0.0000000000E+00,    5.1380755388E+01,    5.1380755388E+01,    0.0000000000E+00,    0.0000000000E+00,    0.0000000000E+00,    5.1380755388E+01
     69650,      0.676928,CP8_after_OBC,   1,    0.0000000000E+00,    5.1380755388E+01,    5.1380755388E+01,    0.0000000000E+00,    0.0000000000E+00,    0.0000000000E+00,    5.1380755388E+01
     69650,      0.676928,CP9_after_PTsource,   1,    0.0000000000E+00,    5.1380755388E+01,    5.1380755388E+01,    0.0000000000E+00,    0.0000000000E+00,    0.0000000000E+00,    5.1380755388E+01
     69650,      0.676928,CP10_after_neg_clamp,   1,    0.0000000000E+00,    5.1380755388E+01,    5.1380755388E+01,    0.0000000000E+00,    0.0000000000E+00,    0.0000000000E+00,    5.1380755388E+01
     69650,      0.676928,CP11_after_MPI,   1,    0.0000000000E+00,    5.1380755388E+01,    5.1380755388E+01,    0.0000000000E+00,    0.0000000000E+00,    0.0000000000E+00,    5.1380755388E+01
     69650,      0.676928,CP12_end,   1,    0.0000000000E+00,    5.1380755388E+01,    5.1380755388E+01,    0.0000000000E+00,    0.0000000000E+00,    0.0000000000E+00,    5.1380755388E+01
     69700,      0.676928,CP0_start,   1,    0.0000000000E+00,    5.1446576284E+01,    5.1446576284E+01,    0.0000000000E+00,    0.0000000000E+00,    0.0000000000E+00,    5.1446576284E+01
     69700,      0.676928,CP1_after_deposition,   1,    0.0000000000E+00,    5.1446576284E+01,    5.1446576284E+01,    0.0000000000E+00,    0.0000000000E+00,    0.0000000000E+00,    5.1446576284E+01
     69700,      0.676928,CP2_after_erosion,   1,    0.0000000000E+00,    5.1446576284E+01,    5.1446576284E+01,    0.0000000000E+00,    0.0000000000E+00,    0.0000000000E+00,    5.1446576284E+01
     69700,      0.676928,CP3_after_update_bottom,   1,    0.0000000000E+00,    5.1446576284E+01,    5.1446576284E+01,    0.0000000000E+00,    0.0000000000E+00,    0.0000000000E+00,    5.1446576284E+01
     69700,      0.676928,CP4_after_advection,   1,    0.0000000000E+00,    5.1446446795E+01,    5.1446446795E+01,    0.0000000000E+00,    0.0000000000E+00,    0.0000000000E+00,    5.1446446795E+01
     69700,      0.676928,CP5_after_vdif,   1,    0.0000000000E+00,    5.1446446795E+01,    5.1446446795E+01,    0.0000000000E+00,    0.0000000000E+00,    0.0000000000E+00,    5.1446446795E+01
     69700,      0.676928,CP6_after_kinetics,   1,    0.0000000000E+00,    5.1446446795E+01,    5.1446446795E+01,    0.0000000000E+00,    0.0000000000E+00,    0.0000000000E+00,    5.1446446795E+01
     69700,      0.676928,CP7_after_upper_clamp,   1,    0.0000000000E+00,    5.1446446795E+01,    5.1446446795E+01,    0.0000000000E+00,    0.0000000000E+00,    0.0000000000E+00,    5.1446446795E+01
     69700,      0.676928,CP8_after_OBC,   1,    0.0000000000E+00,    5.1446446795E+01,    5.1446446795E+01,    0.0000000000E+00,    0.0000000000E+00,    0.0000000000E+00,    5.1446446795E+01
     69700,      0.676928,CP9_after_PTsource,   1,    0.0000000000E+00,    5.1446446795E+01,    5.1446446795E+01,    0.0000000000E+00,    0.0000000000E+00,    0.0000000000E+00,    5.1446446795E+01
     69700,      0.676928,CP10_after_neg_clamp,   1,    0.0000000000E+00,    5.1446446795E+01,    5.1446446795E+01,    0.0000000000E+00,    0.0000000000E+00,    0.0000000000E+00,    5.1446446795E+01
     69700,      0.676928,CP11_after_MPI,   1,    0.0000000000E+00,    5.1446446795E+01,    5.1446446795E+01,    0.0000000000E+00,    0.0000000000E+00,    0.0000000000E+00,    5.1446446795E+01
     69700,      0.676928,CP12_end,   1,    0.0000000000E+00,    5.1446446795E+01,    5.1446446795E+01,    0.0000000000E+00,    0.0000000000E+00,    0.0000000000E+00,    5.1446446795E+01
     69750,      0.676928,CP0_start,   1,    0.0000000000E+00,    5.1512487979E+01,    5.1512487979E+01,    0.0000000000E+00,    0.0000000000E+00,    0.0000000000E+00,    5.1512487979E+01
     69750,      0.676928,CP1_after_deposition,   1,    0.0000000000E+00,    5.1512487979E+01,    5.1512487979E+01,    0.0000000000E+00,    0.0000000000E+00,    0.0000000000E+00,    5.1512487979E+01
     69750,      0.676928,CP2_after_erosion,   1,    0.0000000000E+00,    5.1512487979E+01,    5.1512487979E+01,    0.0000000000E+00,    0.0000000000E+00,    0.0000000000E+00,    5.1512487979E+01
     69750,      0.676928,CP3_after_update_bottom,   1,    0.0000000000E+00,    5.1512487979E+01,    5.1512487979E+01,    0.0000000000E+00,    0.0000000000E+00,    0.0000000000E+00,    5.1512487979E+01
     69750,      0.676928,CP4_after_advection,   1,    0.0000000000E+00,    5.1512386818E+01,    5.1512386818E+01,    0.0000000000E+00,    0.0000000000E+00,    0.0000000000E+00,    5.1512386818E+01
     69750,      0.676928,CP5_after_vdif,   1,    0.0000000000E+00,    5.1512386818E+01,    5.1512386818E+01,    0.0000000000E+00,    0.0000000000E+00,    0.0000000000E+00,    5.1512386818E+01
     69750,      0.676928,CP6_after_kinetics,   1,    0.0000000000E+00,    5.1512386818E+01,    5.1512386818E+01,    0.0000000000E+00,    0.0000000000E+00,    0.0000000000E+00,    5.1512386818E+01
     69750,      0.676928,CP7_after_upper_clamp,   1,    0.0000000000E+00,    5.1512386818E+01,    5.1512386818E+01,    0.0000000000E+00,    0.0000000000E+00,    0.0000000000E+00,    5.1512386818E+01
     69750,      0.676928,CP8_after_OBC,   1,    0.0000000000E+00,    5.1512386818E+01,    5.1512386818E+01,    0.0000000000E+00,    0.0000000000E+00,    0.0000000000E+00,    5.1512386818E+01
     69750,      0.676928,CP9_after_PTsource,   1,    0.0000000000E+00,    5.1512386818E+01,    5.1512386818E+01,    0.0000000000E+00,    0.0000000000E+00,    0.0000000000E+00,    5.1512386818E+01
     69750,      0.676928,CP10_after_neg_clamp,   1,    0.0000000000E+00,    5.1512386818E+01,    5.1512386818E+01,    0.0000000000E+00,    0.0000000000E+00,    0.0000000000E+00,    5.1512386818E+01
     69750,      0.676928,CP11_after_MPI,   1,    0.0000000000E+00,    5.1512386818E+01,    5.1512386818E+01,    0.0000000000E+00,    0.0000000000E+00,    0.0000000000E+00,    5.1512386818E+01
     69750,      0.676928,CP12_end,   1,    0.0000000000E+00,    5.1512386818E+01,    5.1512386818E+01,    0.0000000000E+00,    0.0000000000E+00,    0.0000000000E+00,    5.1512386818E+01
     69800,      0.676928,CP0_start,   1,    0.0000000000E+00,    5.1578680749E+01,    5.1578680749E+01,    0.0000000000E+00,    0.0000000000E+00,    0.0000000000E+00,    5.1578680749E+01
     69800,      0.676928,CP1_after_deposition,   1,    0.0000000000E+00,    5.1578680749E+01,    5.1578680749E+01,    0.0000000000E+00,    0.0000000000E+00,    0.0000000000E+00,    5.1578680749E+01
     69800,      0.676928,CP2_after_erosion,   1,    0.0000000000E+00,    5.1578680749E+01,    5.1578680749E+01,    0.0000000000E+00,    0.0000000000E+00,    0.0000000000E+00,    5.1578680749E+01
     69800,      0.676928,CP3_after_update_bottom,   1,    0.0000000000E+00,    5.1578680749E+01,    5.1578680749E+01,    0.0000000000E+00,    0.0000000000E+00,    0.0000000000E+00,    5.1578680749E+01
     69800,      0.676928,CP4_after_advection,   1,    0.0000000000E+00,    5.1578609125E+01,    5.1578609125E+01,    0.0000000000E+00,    0.0000000000E+00,    0.0000000000E+00,    5.1578609125E+01
     69800,      0.676928,CP5_after_vdif,   1,    0.0000000000E+00,    5.1578609125E+01,    5.1578609125E+01,    0.0000000000E+00,    0.0000000000E+00,    0.0000000000E+00,    5.1578609125E+01
     69800,      0.676928,CP6_after_kinetics,   1,    0.0000000000E+00,    5.1578609125E+01,    5.1578609125E+01,    0.0000000000E+00,    0.0000000000E+00,    0.0000000000E+00,    5.1578609125E+01
     69800,      0.676928,CP7_after_upper_clamp,   1,    0.0000000000E+00,    5.1578609125E+01,    5.1578609125E+01,    0.0000000000E+00,    0.0000000000E+00,    0.0000000000E+00,    5.1578609125E+01
     69800,      0.676928,CP8_after_OBC,   1,    0.0000000000E+00,    5.1578609125E+01,    5.1578609125E+01,    0.0000000000E+00,    0.0000000000E+00,    0.0000000000E+00,    5.1578609125E+01
     69800,      0.676928,CP9_after_PTsource,   1,    0.0000000000E+00,    5.1578609125E+01,    5.1578609125E+01,    0.0000000000E+00,    0.0000000000E+00,    0.0000000000E+00,    5.1578609125E+01
     69800,      0.676928,CP10_after_neg_clamp,   1,    0.0000000000E+00,    5.1578609125E+01,    5.1578609125E+01,    0.0000000000E+00,    0.0000000000E+00,    0.0000000000E+00,    5.1578609125E+01
     69800,      0.676928,CP11_after_MPI,   1,    0.0000000000E+00,    5.1578609125E+01,    5.1578609125E+01,    0.0000000000E+00,    0.0000000000E+00,    0.0000000000E+00,    5.1578609125E+01
     69800,      0.676928,CP12_end,   1,    0.0000000000E+00,    5.1578609125E+01,    5.1578609125E+01,    0.0000000000E+00,    0.0000000000E+00,    0.0000000000E+00,    5.1578609125E+01
     69850,      0.676928,CP0_start,   1,    0.0000000000E+00,    5.1645209914E+01,    5.1645209914E+01,    0.0000000000E+00,    0.0000000000E+00,    0.0000000000E+00,    5.1645209914E+01
     69850,      0.676928,CP1_after_deposition,   1,    0.0000000000E+00,    5.1645209914E+01,    5.1645209914E+01,    0.0000000000E+00,    0.0000000000E+00,    0.0000000000E+00,    5.1645209914E+01
     69850,      0.676928,CP2_after_erosion,   1,    0.0000000000E+00,    5.1645209914E+01,    5.1645209914E+01,    0.0000000000E+00,    0.0000000000E+00,    0.0000000000E+00,    5.1645209914E+01
     69850,      0.676928,CP3_after_update_bottom,   1,    0.0000000000E+00,    5.1645209914E+01,    5.1645209914E+01,    0.0000000000E+00,    0.0000000000E+00,    0.0000000000E+00,    5.1645209914E+01
     69850,      0.676928,CP4_after_advection,   1,    0.0000000000E+00,    5.1645168862E+01,    5.1645168862E+01,    0.0000000000E+00,    0.0000000000E+00,    0.0000000000E+00,    5.1645168862E+01
     69850,      0.676928,CP5_after_vdif,   1,    0.0000000000E+00,    5.1645168862E+01,    5.1645168862E+01,    0.0000000000E+00,    0.0000000000E+00,    0.0000000000E+00,    5.1645168862E+01
     69850,      0.676928,CP6_after_kinetics,   1,    0.0000000000E+00,    5.1645168862E+01,    5.1645168862E+01,    0.0000000000E+00,    0.0000000000E+00,    0.0000000000E+00,    5.1645168862E+01
     69850,      0.676928,CP7_after_upper_clamp,   1,    0.0000000000E+00,    5.1645168862E+01,    5.1645168862E+01,    0.0000000000E+00,    0.0000000000E+00,    0.0000000000E+00,    5.1645168862E+01
     69850,      0.676928,CP8_after_OBC,   1,    0.0000000000E+00,    5.1645168862E+01,    5.1645168862E+01,    0.0000000000E+00,    0.0000000000E+00,    0.0000000000E+00,    5.1645168862E+01
     69850,      0.676928,CP9_after_PTsource,   1,    0.0000000000E+00,    5.1645168862E+01,    5.1645168862E+01,    0.0000000000E+00,    0.0000000000E+00,    0.0000000000E+00,    5.1645168862E+01
     69850,      0.676928,CP10_after_neg_clamp,   1,    0.0000000000E+00,    5.1645168862E+01,    5.1645168862E+01,    0.0000000000E+00,    0.0000000000E+00,    0.0000000000E+00,    5.1645168862E+01
     69850,      0.676928,CP11_after_MPI,   1,    0.0000000000E+00,    5.1645168862E+01,    5.1645168862E+01,    0.0000000000E+00,    0.0000000000E+00,    0.0000000000E+00,    5.1645168862E+01
     69850,      0.676928,CP12_end,   1,    0.0000000000E+00,    5.1645168862E+01,    5.1645168862E+01,    0.0000000000E+00,    0.0000000000E+00,    0.0000000000E+00,    5.1645168862E+01
     69900,      0.676928,CP0_start,   1,    0.0000000000E+00,    5.1712136697E+01,    5.1712136697E+01,    0.0000000000E+00,    0.0000000000E+00,    0.0000000000E+00,    5.1712136697E+01
     69900,      0.676928,CP1_after_deposition,   1,    0.0000000000E+00,    5.1712136697E+01,    5.1712136697E+01,    0.0000000000E+00,    0.0000000000E+00,    0.0000000000E+00,    5.1712136697E+01
     69900,      0.676928,CP2_after_erosion,   1,    0.0000000000E+00,    5.1712136697E+01,    5.1712136697E+01,    0.0000000000E+00,    0.0000000000E+00,    0.0000000000E+00,    5.1712136697E+01
     69900,      0.676928,CP3_after_update_bottom,   1,    0.0000000000E+00,    5.1712136697E+01,    5.1712136697E+01,    0.0000000000E+00,    0.0000000000E+00,    0.0000000000E+00,    5.1712136697E+01
     69900,      0.676928,CP4_after_advection,   1,    0.0000000000E+00,    5.1712126896E+01,    5.1712126896E+01,    0.0000000000E+00,    0.0000000000E+00,    0.0000000000E+00,    5.1712126896E+01
     69900,      0.676928,CP5_after_vdif,   1,    0.0000000000E+00,    5.1712126896E+01,    5.1712126896E+01,    0.0000000000E+00,    0.0000000000E+00,    0.0000000000E+00,    5.1712126896E+01
     69900,      0.676928,CP6_after_kinetics,   1,    0.0000000000E+00,    5.1712126896E+01,    5.1712126896E+01,    0.0000000000E+00,    0.0000000000E+00,    0.0000000000E+00,    5.1712126896E+01
     69900,      0.676928,CP7_after_upper_clamp,   1,    0.0000000000E+00,    5.1712126896E+01,    5.1712126896E+01,    0.0000000000E+00,    0.0000000000E+00,    0.0000000000E+00,    5.1712126896E+01
     69900,      0.676928,CP8_after_OBC,   1,    0.0000000000E+00,    5.1712126896E+01,    5.1712126896E+01,    0.0000000000E+00,    0.0000000000E+00,    0.0000000000E+00,    5.1712126896E+01
     69900,      0.676928,CP9_after_PTsource,   1,    0.0000000000E+00,    5.1712126896E+01,    5.1712126896E+01,    0.0000000000E+00,    0.0000000000E+00,    0.0000000000E+00,    5.1712126896E+01
     69900,      0.676928,CP10_after_neg_clamp,   1,    0.0000000000E+00,    5.1712126896E+01,    5.1712126896E+01,    0.0000000000E+00,    0.0000000000E+00,    0.0000000000E+00,    5.1712126896E+01
     69900,      0.676928,CP11_after_MPI,   1,    0.0000000000E+00,    5.1712126896E+01,    5.1712126896E+01,    0.0000000000E+00,    0.0000000000E+00,    0.0000000000E+00,    5.1712126896E+01
     69900,      0.676928,CP12_end,   1,    0.0000000000E+00,    5.1712126896E+01,    5.1712126896E+01,    0.0000000000E+00,    0.0000000000E+00,    0.0000000000E+00,    5.1712126896E+01
     69950,      0.676928,CP0_start,   1,    0.0000000000E+00,    5.1779507072E+01,    5.1779507072E+01,    0.0000000000E+00,    0.0000000000E+00,    0.0000000000E+00,    5.1779507072E+01
     69950,      0.676928,CP1_after_deposition,   1,    0.0000000000E+00,    5.1779507072E+01,    5.1779507072E+01,    0.0000000000E+00,    0.0000000000E+00,    0.0000000000E+00,    5.1779507072E+01
     69950,      0.676928,CP2_after_erosion,   1,    0.0000000000E+00,    5.1779507072E+01,    5.1779507072E+01,    0.0000000000E+00,    0.0000000000E+00,    0.0000000000E+00,    5.1779507072E+01
     69950,      0.676928,CP3_after_update_bottom,   1,    0.0000000000E+00,    5.1779507072E+01,    5.1779507072E+01,    0.0000000000E+00,    0.0000000000E+00,    0.0000000000E+00,    5.1779507072E+01
     69950,      0.676928,CP4_after_advection,   1,    0.0000000000E+00,    5.1779528843E+01,    5.1779528843E+01,    0.0000000000E+00,    0.0000000000E+00,    0.0000000000E+00,    5.1779528843E+01
     69950,      0.676928,CP5_after_vdif,   1,    0.0000000000E+00,    5.1779528843E+01,    5.1779528843E+01,    0.0000000000E+00,    0.0000000000E+00,    0.0000000000E+00,    5.1779528843E+01
     69950,      0.676928,CP6_after_kinetics,   1,    0.0000000000E+00,    5.1779528843E+01,    5.1779528843E+01,    0.0000000000E+00,    0.0000000000E+00,    0.0000000000E+00,    5.1779528843E+01
     69950,      0.676928,CP7_after_upper_clamp,   1,    0.0000000000E+00,    5.1779528843E+01,    5.1779528843E+01,    0.0000000000E+00,    0.0000000000E+00,    0.0000000000E+00,    5.1779528843E+01
     69950,      0.676928,CP8_after_OBC,   1,    0.0000000000E+00,    5.1779528843E+01,    5.1779528843E+01,    0.0000000000E+00,    0.0000000000E+00,    0.0000000000E+00,    5.1779528843E+01
     69950,      0.676928,CP9_after_PTsource,   1,    0.0000000000E+00,    5.1779528843E+01,    5.1779528843E+01,    0.0000000000E+00,    0.0000000000E+00,    0.0000000000E+00,    5.1779528843E+01
     69950,      0.676928,CP10_after_neg_clamp,   1,    0.0000000000E+00,    5.1779528843E+01,    5.1779528843E+01,    0.0000000000E+00,    0.0000000000E+00,    0.0000000000E+00,    5.1779528843E+01
     69950,      0.676928,CP11_after_MPI,   1,    0.0000000000E+00,    5.1779528843E+01,    5.1779528843E+01,    0.0000000000E+00,    0.0000000000E+00,    0.0000000000E+00,    5.1779528843E+01
     69950,      0.676928,CP12_end,   1,    0.0000000000E+00,    5.1779528843E+01,    5.1779528843E+01,    0.0000000000E+00,    0.0000000000E+00,    0.0000000000E+00,    5.1779528843E+01
     70000,      0.676928,CP0_start,   1,    0.0000000000E+00,    5.1847350646E+01,    5.1847350646E+01,    0.0000000000E+00,    0.0000000000E+00,    0.0000000000E+00,    5.1847350646E+01
     70000,      0.676928,CP1_after_deposition,   1,    0.0000000000E+00,    5.1847350646E+01,    5.1847350646E+01,    0.0000000000E+00,    0.0000000000E+00,    0.0000000000E+00,    5.1847350646E+01
     70000,      0.676928,CP2_after_erosion,   1,    0.0000000000E+00,    5.1847350646E+01,    5.1847350646E+01,    0.0000000000E+00,    0.0000000000E+00,    0.0000000000E+00,    5.1847350646E+01
     70000,      0.676928,CP3_after_update_bottom,   1,    0.0000000000E+00,    5.1847350646E+01,    5.1847350646E+01,    0.0000000000E+00,    0.0000000000E+00,    0.0000000000E+00,    5.1847350646E+01
     70000,      0.676928,CP4_after_advection,   1,    0.0000000000E+00,    5.1847403449E+01,    5.1847403449E+01,    0.0000000000E+00,    0.0000000000E+00,    0.0000000000E+00,    5.1847403449E+01
     70000,      0.676928,CP5_after_vdif,   1,    0.0000000000E+00,    5.1847403449E+01,    5.1847403449E+01,    0.0000000000E+00,    0.0000000000E+00,    0.0000000000E+00,    5.1847403449E+01
     70000,      0.676928,CP6_after_kinetics,   1,    0.0000000000E+00,    5.1847403449E+01,    5.1847403449E+01,    0.0000000000E+00,    0.0000000000E+00,    0.0000000000E+00,    5.1847403449E+01
     70000,      0.676928,CP7_after_upper_clamp,   1,    0.0000000000E+00,    5.1847403449E+01,    5.1847403449E+01,    0.0000000000E+00,    0.0000000000E+00,    0.0000000000E+00,    5.1847403449E+01
     70000,      0.676928,CP8_after_OBC,   1,    0.0000000000E+00,    5.1847403449E+01,    5.1847403449E+01,    0.0000000000E+00,    0.0000000000E+00,    0.0000000000E+00,    5.1847403449E+01
     70000,      0.676928,CP9_after_PTsource,   1,    0.0000000000E+00,    5.1847403449E+01,    5.1847403449E+01,    0.0000000000E+00,    0.0000000000E+00,    0.0000000000E+00,    5.1847403449E+01
     70000,      0.676928,CP10_after_neg_clamp,   1,    0.0000000000E+00,    5.1847403449E+01,    5.1847403449E+01,    0.0000000000E+00,    0.0000000000E+00,    0.0000000000E+00,    5.1847403449E+01
     70000,      0.676928,CP11_after_MPI,   1,    0.0000000000E+00,    5.1847403449E+01,    5.1847403449E+01,    0.0000000000E+00,    0.0000000000E+00,    0.0000000000E+00,    5.1847403449E+01
     70000,      0.676928,CP12_end,   1,    0.0000000000E+00,    5.1847403449E+01,    5.1847403449E+01,    0.0000000000E+00,    0.0000000000E+00,    0.0000000000E+00,    5.1847403449E+01
     70050,      0.676928,CP0_start,   1,    0.0000000000E+00,    5.1915663720E+01,    5.1915663720E+01,    0.0000000000E+00,    0.0000000000E+00,    0.0000000000E+00,    5.1915663720E+01
     70050,      0.676928,CP1_after_deposition,   1,    0.0000000000E+00,    5.1915663720E+01,    5.1915663720E+01,    0.0000000000E+00,    0.0000000000E+00,    0.0000000000E+00,    5.1915663720E+01
     70050,      0.676928,CP2_after_erosion,   1,    0.0000000000E+00,    5.1915663720E+01,    5.1915663720E+01,    0.0000000000E+00,    0.0000000000E+00,    0.0000000000E+00,    5.1915663720E+01
     70050,      0.676928,CP3_after_update_bottom,   1,    0.0000000000E+00,    5.1915663720E+01,    5.1915663720E+01,    0.0000000000E+00,    0.0000000000E+00,    0.0000000000E+00,    5.1915663720E+01
     70050,      0.676928,CP4_after_advection,   1,    0.0000000000E+00,    5.1915746717E+01,    5.1915746717E+01,    0.0000000000E+00,    0.0000000000E+00,    0.0000000000E+00,    5.1915746717E+01
     70050,      0.676928,CP5_after_vdif,   1,    0.0000000000E+00,    5.1915746717E+01,    5.1915746717E+01,    0.0000000000E+00,    0.0000000000E+00,    0.0000000000E+00,    5.1915746717E+01
     70050,      0.676928,CP6_after_kinetics,   1,    0.0000000000E+00,    5.1915746717E+01,    5.1915746717E+01,    0.0000000000E+00,    0.0000000000E+00,    0.0000000000E+00,    5.1915746717E+01
     70050,      0.676928,CP7_after_upper_clamp,   1,    0.0000000000E+00,    5.1915746717E+01,    5.1915746717E+01,    0.0000000000E+00,    0.0000000000E+00,    0.0000000000E+00,    5.1915746717E+01
     70050,      0.676928,CP8_after_OBC,   1,    0.0000000000E+00,    5.1915746717E+01,    5.1915746717E+01,    0.0000000000E+00,    0.0000000000E+00,    0.0000000000E+00,    5.1915746717E+01
     70050,      0.676928,CP9_after_PTsource,   1,    0.0000000000E+00,    5.1915746717E+01,    5.1915746717E+01,    0.0000000000E+00,    0.0000000000E+00,    0.0000000000E+00,    5.1915746717E+01
     70050,      0.676928,CP10_after_neg_clamp,   1,    0.0000000000E+00,    5.1915746717E+01,    5.1915746717E+01,    0.0000000000E+00,    0.0000000000E+00,    0.0000000000E+00,    5.1915746717E+01
     70050,      0.676928,CP11_after_MPI,   1,    0.0000000000E+00,    5.1915746717E+01,    5.1915746717E+01,    0.0000000000E+00,    0.0000000000E+00,    0.0000000000E+00,    5.1915746717E+01
     70050,      0.676928,CP12_end,   1,    0.0000000000E+00,    5.1915746717E+01,    5.1915746717E+01,    0.0000000000E+00,    0.0000000000E+00,    0.0000000000E+00,    5.1915746717E+01
     70100,      0.676929,CP0_start,   1,    0.0000000000E+00,    5.1984404350E+01,    5.1984404350E+01,    0.0000000000E+00,    0.0000000000E+00,    0.0000000000E+00,    5.1984404350E+01
     70100,      0.676929,CP1_after_deposition,   1,    0.0000000000E+00,    5.1984404350E+01,    5.1984404350E+01,    0.0000000000E+00,    0.0000000000E+00,    0.0000000000E+00,    5.1984404350E+01
     70100,      0.676929,CP2_after_erosion,   1,    0.0000000000E+00,    5.1984404350E+01,    5.1984404350E+01,    0.0000000000E+00,    0.0000000000E+00,    0.0000000000E+00,    5.1984404350E+01
     70100,      0.676929,CP3_after_update_bottom,   1,    0.0000000000E+00,    5.1984404350E+01,    5.1984404350E+01,    0.0000000000E+00,    0.0000000000E+00,    0.0000000000E+00,    5.1984404350E+01
     70100,      0.676929,CP4_after_advection,   1,    0.0000000000E+00,    5.1984515003E+01,    5.1984515003E+01,    0.0000000000E+00,    0.0000000000E+00,    0.0000000000E+00,    5.1984515003E+01
     70100,      0.676929,CP5_after_vdif,   1,    0.0000000000E+00,    5.1984515003E+01,    5.1984515003E+01,    0.0000000000E+00,    0.0000000000E+00,    0.0000000000E+00,    5.1984515003E+01
     70100,      0.676929,CP6_after_kinetics,   1,    0.0000000000E+00,    5.1984515003E+01,    5.1984515003E+01,    0.0000000000E+00,    0.0000000000E+00,    0.0000000000E+00,    5.1984515003E+01
     70100,      0.676929,CP7_after_upper_clamp,   1,    0.0000000000E+00,    5.1984515003E+01,    5.1984515003E+01,    0.0000000000E+00,    0.0000000000E+00,    0.0000000000E+00,    5.1984515003E+01
     70100,      0.676929,CP8_after_OBC,   1,    0.0000000000E+00,    5.1984515003E+01,    5.1984515003E+01,    0.0000000000E+00,    0.0000000000E+00,    0.0000000000E+00,    5.1984515003E+01
     70100,      0.676929,CP9_after_PTsource,   1,    0.0000000000E+00,    5.1984515003E+01,    5.1984515003E+01,    0.0000000000E+00,    0.0000000000E+00,    0.0000000000E+00,    5.1984515003E+01
     70100,      0.676929,CP10_after_neg_clamp,   1,    0.0000000000E+00,    5.1984515003E+01,    5.1984515003E+01,    0.0000000000E+00,    0.0000000000E+00,    0.0000000000E+00,    5.1984515003E+01
     70100,      0.676929,CP11_after_MPI,   1,    0.0000000000E+00,    5.1984515003E+01,    5.1984515003E+01,    0.0000000000E+00,    0.0000000000E+00,    0.0000000000E+00,    5.1984515003E+01
     70100,      0.676929,CP12_end,   1,    0.0000000000E+00,    5.1984515003E+01,    5.1984515003E+01,    0.0000000000E+00,    0.0000000000E+00,    0.0000000000E+00,    5.1984515003E+01
     70150,      0.676929,CP0_start,   1,    0.0000000000E+00,    5.2053484580E+01,    5.2053484580E+01,    0.0000000000E+00,    0.0000000000E+00,    0.0000000000E+00,    5.2053484580E+01
     70150,      0.676929,CP1_after_deposition,   1,    0.0000000000E+00,    5.2053484580E+01,    5.2053484580E+01,    0.0000000000E+00,    0.0000000000E+00,    0.0000000000E+00,    5.2053484580E+01
     70150,      0.676929,CP2_after_erosion,   1,    0.0000000000E+00,    5.2053484580E+01,    5.2053484580E+01,    0.0000000000E+00,    0.0000000000E+00,    0.0000000000E+00,    5.2053484580E+01
     70150,      0.676929,CP3_after_update_bottom,   1,    0.0000000000E+00,    5.2053484580E+01,    5.2053484580E+01,    0.0000000000E+00,    0.0000000000E+00,    0.0000000000E+00,    5.2053484580E+01
     70150,      0.676929,CP4_after_advection,   1,    0.0000000000E+00,    5.2053620464E+01,    5.2053620464E+01,    0.0000000000E+00,    0.0000000000E+00,    0.0000000000E+00,    5.2053620464E+01
     70150,      0.676929,CP5_after_vdif,   1,    0.0000000000E+00,    5.2053620464E+01,    5.2053620464E+01,    0.0000000000E+00,    0.0000000000E+00,    0.0000000000E+00,    5.2053620464E+01
     70150,      0.676929,CP6_after_kinetics,   1,    0.0000000000E+00,    5.2053620464E+01,    5.2053620464E+01,    0.0000000000E+00,    0.0000000000E+00,    0.0000000000E+00,    5.2053620464E+01
     70150,      0.676929,CP7_after_upper_clamp,   1,    0.0000000000E+00,    5.2053620464E+01,    5.2053620464E+01,    0.0000000000E+00,    0.0000000000E+00,    0.0000000000E+00,    5.2053620464E+01
     70150,      0.676929,CP8_after_OBC,   1,    0.0000000000E+00,    5.2053620464E+01,    5.2053620464E+01,    0.0000000000E+00,    0.0000000000E+00,    0.0000000000E+00,    5.2053620464E+01
     70150,      0.676929,CP9_after_PTsource,   1,    0.0000000000E+00,    5.2053620464E+01,    5.2053620464E+01,    0.0000000000E+00,    0.0000000000E+00,    0.0000000000E+00,    5.2053620464E+01
     70150,      0.676929,CP10_after_neg_clamp,   1,    0.0000000000E+00,    5.2053620464E+01,    5.2053620464E+01,    0.0000000000E+00,    0.0000000000E+00,    0.0000000000E+00,    5.2053620464E+01
     70150,      0.676929,CP11_after_MPI,   1,    0.0000000000E+00,    5.2053620464E+01,    5.2053620464E+01,    0.0000000000E+00,    0.0000000000E+00,    0.0000000000E+00,    5.2053620464E+01
     70150,      0.676929,CP12_end,   1,    0.0000000000E+00,    5.2053620464E+01,    5.2053620464E+01,    0.0000000000E+00,    0.0000000000E+00,    0.0000000000E+00,    5.2053620464E+01
     70200,      0.676929,CP0_start,   1,    0.0000000000E+00,    5.2122800999E+01,    5.2122800999E+01,    0.0000000000E+00,    0.0000000000E+00,    0.0000000000E+00,    5.2122800999E+01
     70200,      0.676929,CP1_after_deposition,   1,    0.0000000000E+00,    5.2122800999E+01,    5.2122800999E+01,    0.0000000000E+00,    0.0000000000E+00,    0.0000000000E+00,    5.2122800999E+01
     70200,      0.676929,CP2_after_erosion,   1,    0.0000000000E+00,    5.2122800999E+01,    5.2122800999E+01,    0.0000000000E+00,    0.0000000000E+00,    0.0000000000E+00,    5.2122800999E+01
     70200,      0.676929,CP3_after_update_bottom,   1,    0.0000000000E+00,    5.2122800999E+01,    5.2122800999E+01,    0.0000000000E+00,    0.0000000000E+00,    0.0000000000E+00,    5.2122800999E+01
     70200,      0.676929,CP4_after_advection,   1,    0.0000000000E+00,    5.2122959221E+01,    5.2122959221E+01,    0.0000000000E+00,    0.0000000000E+00,    0.0000000000E+00,    5.2122959221E+01
     70200,      0.676929,CP5_after_vdif,   1,    0.0000000000E+00,    5.2122959221E+01,    5.2122959221E+01,    0.0000000000E+00,    0.0000000000E+00,    0.0000000000E+00,    5.2122959221E+01
     70200,      0.676929,CP6_after_kinetics,   1,    0.0000000000E+00,    5.2122959221E+01,    5.2122959221E+01,    0.0000000000E+00,    0.0000000000E+00,    0.0000000000E+00,    5.2122959221E+01
     70200,      0.676929,CP7_after_upper_clamp,   1,    0.0000000000E+00,    5.2122959221E+01,    5.2122959221E+01,    0.0000000000E+00,    0.0000000000E+00,    0.0000000000E+00,    5.2122959221E+01
     70200,      0.676929,CP8_after_OBC,   1,    0.0000000000E+00,    5.2122959221E+01,    5.2122959221E+01,    0.0000000000E+00,    0.0000000000E+00,    0.0000000000E+00,    5.2122959221E+01
     70200,      0.676929,CP9_after_PTsource,   1,    0.0000000000E+00,    5.2122959221E+01,    5.2122959221E+01,    0.0000000000E+00,    0.0000000000E+00,    0.0000000000E+00,    5.2122959221E+01
     70200,      0.676929,CP10_after_neg_clamp,   1,    0.0000000000E+00,    5.2122959221E+01,    5.2122959221E+01,    0.0000000000E+00,    0.0000000000E+00,    0.0000000000E+00,    5.2122959221E+01
     70200,      0.676929,CP11_after_MPI,   1,    0.0000000000E+00,    5.2122959221E+01,    5.2122959221E+01,    0.0000000000E+00,    0.0000000000E+00,    0.0000000000E+00,    5.2122959221E+01
     70200,      0.676929,CP12_end,   1,    0.0000000000E+00,    5.2122959221E+01,    5.2122959221E+01,    0.0000000000E+00,    0.0000000000E+00,    0.0000000000E+00,    5.2122959221E+01
     70250,      0.676929,CP0_start,   1,    0.0000000000E+00,    5.2192253597E+01,    5.2192253597E+01,    0.0000000000E+00,    0.0000000000E+00,    0.0000000000E+00,    5.2192253597E+01
     70250,      0.676929,CP1_after_deposition,   1,    0.0000000000E+00,    5.2192253597E+01,    5.2192253597E+01,    0.0000000000E+00,    0.0000000000E+00,    0.0000000000E+00,    5.2192253597E+01
     70250,      0.676929,CP2_after_erosion,   1,    0.0000000000E+00,    5.2192253597E+01,    5.2192253597E+01,    0.0000000000E+00,    0.0000000000E+00,    0.0000000000E+00,    5.2192253597E+01
     70250,      0.676929,CP3_after_update_bottom,   1,    0.0000000000E+00,    5.2192253597E+01,    5.2192253597E+01,    0.0000000000E+00,    0.0000000000E+00,    0.0000000000E+00,    5.2192253597E+01
     70250,      0.676929,CP4_after_advection,   1,    0.0000000000E+00,    5.2192432552E+01,    5.2192432552E+01,    0.0000000000E+00,    0.0000000000E+00,    0.0000000000E+00,    5.2192432552E+01
     70250,      0.676929,CP5_after_vdif,   1,    0.0000000000E+00,    5.2192432552E+01,    5.2192432552E+01,    0.0000000000E+00,    0.0000000000E+00,    0.0000000000E+00,    5.2192432552E+01
     70250,      0.676929,CP6_after_kinetics,   1,    0.0000000000E+00,    5.2192432552E+01,    5.2192432552E+01,    0.0000000000E+00,    0.0000000000E+00,    0.0000000000E+00,    5.2192432552E+01
     70250,      0.676929,CP7_after_upper_clamp,   1,    0.0000000000E+00,    5.2192432552E+01,    5.2192432552E+01,    0.0000000000E+00,    0.0000000000E+00,    0.0000000000E+00,    5.2192432552E+01
     70250,      0.676929,CP8_after_OBC,   1,    0.0000000000E+00,    5.2192432552E+01,    5.2192432552E+01,    0.0000000000E+00,    0.0000000000E+00,    0.0000000000E+00,    5.2192432552E+01
     70250,      0.676929,CP9_after_PTsource,   1,    0.0000000000E+00,    5.2192432552E+01,    5.2192432552E+01,    0.0000000000E+00,    0.0000000000E+00,    0.0000000000E+00,    5.2192432552E+01
     70250,      0.676929,CP10_after_neg_clamp,   1,    0.0000000000E+00,    5.2192432552E+01,    5.2192432552E+01,    0.0000000000E+00,    0.0000000000E+00,    0.0000000000E+00,    5.2192432552E+01
     70250,      0.676929,CP11_after_MPI,   1,    0.0000000000E+00,    5.2192432552E+01,    5.2192432552E+01,    0.0000000000E+00,    0.0000000000E+00,    0.0000000000E+00,    5.2192432552E+01
     70250,      0.676929,CP12_end,   1,    0.0000000000E+00,    5.2192432552E+01,    5.2192432552E+01,    0.0000000000E+00,    0.0000000000E+00,    0.0000000000E+00,    5.2192432552E+01
     70300,      0.676929,CP0_start,   1,    0.0000000000E+00,    5.2261763525E+01,    5.2261763525E+01,    0.0000000000E+00,    0.0000000000E+00,    0.0000000000E+00,    5.2261763525E+01
     70300,      0.676929,CP1_after_deposition,   1,    0.0000000000E+00,    5.2261763525E+01,    5.2261763525E+01,    0.0000000000E+00,    0.0000000000E+00,    0.0000000000E+00,    5.2261763525E+01
     70300,      0.676929,CP2_after_erosion,   1,    0.0000000000E+00,    5.2261763525E+01,    5.2261763525E+01,    0.0000000000E+00,    0.0000000000E+00,    0.0000000000E+00,    5.2261763525E+01
     70300,      0.676929,CP3_after_update_bottom,   1,    0.0000000000E+00,    5.2261763525E+01,    5.2261763525E+01,    0.0000000000E+00,    0.0000000000E+00,    0.0000000000E+00,    5.2261763525E+01
     70300,      0.676929,CP4_after_advection,   1,    0.0000000000E+00,    5.2261961513E+01,    5.2261961513E+01,    0.0000000000E+00,    0.0000000000E+00,    0.0000000000E+00,    5.2261961513E+01
     70300,      0.676929,CP5_after_vdif,   1,    0.0000000000E+00,    5.2261961513E+01,    5.2261961513E+01,    0.0000000000E+00,    0.0000000000E+00,    0.0000000000E+00,    5.2261961513E+01
     70300,      0.676929,CP6_after_kinetics,   1,    0.0000000000E+00,    5.2261961513E+01,    5.2261961513E+01,    0.0000000000E+00,    0.0000000000E+00,    0.0000000000E+00,    5.2261961513E+01
     70300,      0.676929,CP7_after_upper_clamp,   1,    0.0000000000E+00,    5.2261961513E+01,    5.2261961513E+01,    0.0000000000E+00,    0.0000000000E+00,    0.0000000000E+00,    5.2261961513E+01
     70300,      0.676929,CP8_after_OBC,   1,    0.0000000000E+00,    5.2261961513E+01,    5.2261961513E+01,    0.0000000000E+00,    0.0000000000E+00,    0.0000000000E+00,    5.2261961513E+01
     70300,      0.676929,CP9_after_PTsource,   1,    0.0000000000E+00,    5.2261961513E+01,    5.2261961513E+01,    0.0000000000E+00,    0.0000000000E+00,    0.0000000000E+00,    5.2261961513E+01
     70300,      0.676929,CP10_after_neg_clamp,   1,    0.0000000000E+00,    5.2261961513E+01,    5.2261961513E+01,    0.0000000000E+00,    0.0000000000E+00,    0.0000000000E+00,    5.2261961513E+01
     70300,      0.676929,CP11_after_MPI,   1,    0.0000000000E+00,    5.2261961513E+01,    5.2261961513E+01,    0.0000000000E+00,    0.0000000000E+00,    0.0000000000E+00,    5.2261961513E+01
     70300,      0.676929,CP12_end,   1,    0.0000000000E+00,    5.2261961513E+01,    5.2261961513E+01,    0.0000000000E+00,    0.0000000000E+00,    0.0000000000E+00,    5.2261961513E+01
     70350,      0.676929,CP0_start,   1,    0.0000000000E+00,    5.2331294710E+01,    5.2331294710E+01,    0.0000000000E+00,    0.0000000000E+00,    0.0000000000E+00,    5.2331294710E+01
     70350,      0.676929,CP1_after_deposition,   1,    0.0000000000E+00,    5.2331294710E+01,    5.2331294710E+01,    0.0000000000E+00,    0.0000000000E+00,    0.0000000000E+00,    5.2331294710E+01
     70350,      0.676929,CP2_after_erosion,   1,    0.0000000000E+00,    5.2331294710E+01,    5.2331294710E+01,    0.0000000000E+00,    0.0000000000E+00,    0.0000000000E+00,    5.2331294710E+01
     70350,      0.676929,CP3_after_update_bottom,   1,    0.0000000000E+00,    5.2331294710E+01,    5.2331294710E+01,    0.0000000000E+00,    0.0000000000E+00,    0.0000000000E+00,    5.2331294710E+01
     70350,      0.676929,CP4_after_advection,   1,    0.0000000000E+00,    5.2331511266E+01,    5.2331511266E+01,    0.0000000000E+00,    0.0000000000E+00,    0.0000000000E+00,    5.2331511266E+01
     70350,      0.676929,CP5_after_vdif,   1,    0.0000000000E+00,    5.2331511266E+01,    5.2331511266E+01,    0.0000000000E+00,    0.0000000000E+00,    0.0000000000E+00,    5.2331511266E+01
     70350,      0.676929,CP6_after_kinetics,   1,    0.0000000000E+00,    5.2331511266E+01,    5.2331511266E+01,    0.0000000000E+00,    0.0000000000E+00,    0.0000000000E+00,    5.2331511266E+01
     70350,      0.676929,CP7_after_upper_clamp,   1,    0.0000000000E+00,    5.2331511266E+01,    5.2331511266E+01,    0.0000000000E+00,    0.0000000000E+00,    0.0000000000E+00,    5.2331511266E+01
     70350,      0.676929,CP8_after_OBC,   1,    0.0000000000E+00,    5.2331511266E+01,    5.2331511266E+01,    0.0000000000E+00,    0.0000000000E+00,    0.0000000000E+00,    5.2331511266E+01
     70350,      0.676929,CP9_after_PTsource,   1,    0.0000000000E+00,    5.2331511266E+01,    5.2331511266E+01,    0.0000000000E+00,    0.0000000000E+00,    0.0000000000E+00,    5.2331511266E+01
     70350,      0.676929,CP10_after_neg_clamp,   1,    0.0000000000E+00,    5.2331511266E+01,    5.2331511266E+01,    0.0000000000E+00,    0.0000000000E+00,    0.0000000000E+00,    5.2331511266E+01
     70350,      0.676929,CP11_after_MPI,   1,    0.0000000000E+00,    5.2331511266E+01,    5.2331511266E+01,    0.0000000000E+00,    0.0000000000E+00,    0.0000000000E+00,    5.2331511266E+01
     70350,      0.676929,CP12_end,   1,    0.0000000000E+00,    5.2331511266E+01,    5.2331511266E+01,    0.0000000000E+00,    0.0000000000E+00,    0.0000000000E+00,    5.2331511266E+01
     70400,      0.676929,CP0_start,   1,    0.0000000000E+00,    5.2400820052E+01,    5.2400820052E+01,    0.0000000000E+00,    0.0000000000E+00,    0.0000000000E+00,    5.2400820052E+01
     70400,      0.676929,CP1_after_deposition,   1,    0.0000000000E+00,    5.2400820052E+01,    5.2400820052E+01,    0.0000000000E+00,    0.0000000000E+00,    0.0000000000E+00,    5.2400820052E+01
     70400,      0.676929,CP2_after_erosion,   1,    0.0000000000E+00,    5.2400820052E+01,    5.2400820052E+01,    0.0000000000E+00,    0.0000000000E+00,    0.0000000000E+00,    5.2400820052E+01
     70400,      0.676929,CP3_after_update_bottom,   1,    0.0000000000E+00,    5.2400820052E+01,    5.2400820052E+01,    0.0000000000E+00,    0.0000000000E+00,    0.0000000000E+00,    5.2400820052E+01
     70400,      0.676929,CP4_after_advection,   1,    0.0000000000E+00,    5.2401054156E+01,    5.2401054156E+01,    0.0000000000E+00,    0.0000000000E+00,    0.0000000000E+00,    5.2401054156E+01
     70400,      0.676929,CP5_after_vdif,   1,    0.0000000000E+00,    5.2401054156E+01,    5.2401054156E+01,    0.0000000000E+00,    0.0000000000E+00,    0.0000000000E+00,    5.2401054156E+01
     70400,      0.676929,CP6_after_kinetics,   1,    0.0000000000E+00,    5.2401054156E+01,    5.2401054156E+01,    0.0000000000E+00,    0.0000000000E+00,    0.0000000000E+00,    5.2401054156E+01
     70400,      0.676929,CP7_after_upper_clamp,   1,    0.0000000000E+00,    5.2401054156E+01,    5.2401054156E+01,    0.0000000000E+00,    0.0000000000E+00,    0.0000000000E+00,    5.2401054156E+01
     70400,      0.676929,CP8_after_OBC,   1,    0.0000000000E+00,    5.2401054156E+01,    5.2401054156E+01,    0.0000000000E+00,    0.0000000000E+00,    0.0000000000E+00,    5.2401054156E+01
     70400,      0.676929,CP9_after_PTsource,   1,    0.0000000000E+00,    5.2401054156E+01,    5.2401054156E+01,    0.0000000000E+00,    0.0000000000E+00,    0.0000000000E+00,    5.2401054156E+01
     70400,      0.676929,CP10_after_neg_clamp,   1,    0.0000000000E+00,    5.2401054156E+01,    5.2401054156E+01,    0.0000000000E+00,    0.0000000000E+00,    0.0000000000E+00,    5.2401054156E+01
     70400,      0.676929,CP11_after_MPI,   1,    0.0000000000E+00,    5.2401054156E+01,    5.2401054156E+01,    0.0000000000E+00,    0.0000000000E+00,    0.0000000000E+00,    5.2401054156E+01
     70400,      0.676929,CP12_end,   1,    0.0000000000E+00,    5.2401054156E+01,    5.2401054156E+01,    0.0000000000E+00,    0.0000000000E+00,    0.0000000000E+00,    5.2401054156E+01
     70450,      0.676929,CP0_start,   1,    0.0000000000E+00,    5.2470333466E+01,    5.2470333466E+01,    0.0000000000E+00,    0.0000000000E+00,    0.0000000000E+00,    5.2470333466E+01
     70450,      0.676929,CP1_after_deposition,   1,    0.0000000000E+00,    5.2470333466E+01,    5.2470333466E+01,    0.0000000000E+00,    0.0000000000E+00,    0.0000000000E+00,    5.2470333466E+01
     70450,      0.676929,CP2_after_erosion,   1,    0.0000000000E+00,    5.2470333466E+01,    5.2470333466E+01,    0.0000000000E+00,    0.0000000000E+00,    0.0000000000E+00,    5.2470333466E+01
     70450,      0.676929,CP3_after_update_bottom,   1,    0.0000000000E+00,    5.2470333466E+01,    5.2470333466E+01,    0.0000000000E+00,    0.0000000000E+00,    0.0000000000E+00,    5.2470333466E+01
     70450,      0.676929,CP4_after_advection,   1,    0.0000000000E+00,    5.2470584108E+01,    5.2470584108E+01,    0.0000000000E+00,    0.0000000000E+00,    0.0000000000E+00,    5.2470584108E+01
     70450,      0.676929,CP5_after_vdif,   1,    0.0000000000E+00,    5.2470584108E+01,    5.2470584108E+01,    0.0000000000E+00,    0.0000000000E+00,    0.0000000000E+00,    5.2470584108E+01
     70450,      0.676929,CP6_after_kinetics,   1,    0.0000000000E+00,    5.2470584108E+01,    5.2470584108E+01,    0.0000000000E+00,    0.0000000000E+00,    0.0000000000E+00,    5.2470584108E+01
     70450,      0.676929,CP7_after_upper_clamp,   1,    0.0000000000E+00,    5.2470584108E+01,    5.2470584108E+01,    0.0000000000E+00,    0.0000000000E+00,    0.0000000000E+00,    5.2470584108E+01
     70450,      0.676929,CP8_after_OBC,   1,    0.0000000000E+00,    5.2470584108E+01,    5.2470584108E+01,    0.0000000000E+00,    0.0000000000E+00,    0.0000000000E+00,    5.2470584108E+01
     70450,      0.676929,CP9_after_PTsource,   1,    0.0000000000E+00,    5.2470584108E+01,    5.2470584108E+01,    0.0000000000E+00,    0.0000000000E+00,    0.0000000000E+00,    5.2470584108E+01
     70450,      0.676929,CP10_after_neg_clamp,   1,    0.0000000000E+00,    5.2470584108E+01,    5.2470584108E+01,    0.0000000000E+00,    0.0000000000E+00,    0.0000000000E+00,    5.2470584108E+01
     70450,      0.676929,CP11_after_MPI,   1,    0.0000000000E+00,    5.2470584108E+01,    5.2470584108E+01,    0.0000000000E+00,    0.0000000000E+00,    0.0000000000E+00,    5.2470584108E+01
     70450,      0.676929,CP12_end,   1,    0.0000000000E+00,    5.2470584108E+01,    5.2470584108E+01,    0.0000000000E+00,    0.0000000000E+00,    0.0000000000E+00,    5.2470584108E+01
     70500,      0.676929,CP0_start,   1,    0.0000000000E+00,    5.2539851249E+01,    5.2539851249E+01,    0.0000000000E+00,    0.0000000000E+00,    0.0000000000E+00,    5.2539851249E+01
     70500,      0.676929,CP1_after_deposition,   1,    0.0000000000E+00,    5.2539851249E+01,    5.2539851249E+01,    0.0000000000E+00,    0.0000000000E+00,    0.0000000000E+00,    5.2539851249E+01
     70500,      0.676929,CP2_after_erosion,   1,    0.0000000000E+00,    5.2539851249E+01,    5.2539851249E+01,    0.0000000000E+00,    0.0000000000E+00,    0.0000000000E+00,    5.2539851249E+01
     70500,      0.676929,CP3_after_update_bottom,   1,    0.0000000000E+00,    5.2539851249E+01,    5.2539851249E+01,    0.0000000000E+00,    0.0000000000E+00,    0.0000000000E+00,    5.2539851249E+01
     70500,      0.676929,CP4_after_advection,   1,    0.0000000000E+00,    5.2540118326E+01,    5.2540118326E+01,    0.0000000000E+00,    0.0000000000E+00,    0.0000000000E+00,    5.2540118326E+01
     70500,      0.676929,CP5_after_vdif,   1,    0.0000000000E+00,    5.2540118326E+01,    5.2540118326E+01,    0.0000000000E+00,    0.0000000000E+00,    0.0000000000E+00,    5.2540118326E+01
     70500,      0.676929,CP6_after_kinetics,   1,    0.0000000000E+00,    5.2540118326E+01,    5.2540118326E+01,    0.0000000000E+00,    0.0000000000E+00,    0.0000000000E+00,    5.2540118326E+01
     70500,      0.676929,CP7_after_upper_clamp,   1,    0.0000000000E+00,    5.2540118326E+01,    5.2540118326E+01,    0.0000000000E+00,    0.0000000000E+00,    0.0000000000E+00,    5.2540118326E+01
     70500,      0.676929,CP8_after_OBC,   1,    0.0000000000E+00,    5.2540118326E+01,    5.2540118326E+01,    0.0000000000E+00,    0.0000000000E+00,    0.0000000000E+00,    5.2540118326E+01
     70500,      0.676929,CP9_after_PTsource,   1,    0.0000000000E+00,    5.2540118326E+01,    5.2540118326E+01,    0.0000000000E+00,    0.0000000000E+00,    0.0000000000E+00,    5.2540118326E+01
     70500,      0.676929,CP10_after_neg_clamp,   1,    0.0000000000E+00,    5.2540118326E+01,    5.2540118326E+01,    0.0000000000E+00,    0.0000000000E+00,    0.0000000000E+00,    5.2540118326E+01
     70500,      0.676929,CP11_after_MPI,   1,    0.0000000000E+00,    5.2540118326E+01,    5.2540118326E+01,    0.0000000000E+00,    0.0000000000E+00,    0.0000000000E+00,    5.2540118326E+01
     70500,      0.676929,CP12_end,   1,    0.0000000000E+00,    5.2540118326E+01,    5.2540118326E+01,    0.0000000000E+00,    0.0000000000E+00,    0.0000000000E+00,    5.2540118326E+01
     70550,      0.676929,CP0_start,   1,    0.0000000000E+00,    5.2609396898E+01,    5.2609396898E+01,    0.0000000000E+00,    0.0000000000E+00,    0.0000000000E+00,    5.2609396898E+01
     70550,      0.676929,CP1_after_deposition,   1,    0.0000000000E+00,    5.2609396898E+01,    5.2609396898E+01,    0.0000000000E+00,    0.0000000000E+00,    0.0000000000E+00,    5.2609396898E+01
     70550,      0.676929,CP2_after_erosion,   1,    0.0000000000E+00,    5.2609396898E+01,    5.2609396898E+01,    0.0000000000E+00,    0.0000000000E+00,    0.0000000000E+00,    5.2609396898E+01
     70550,      0.676929,CP3_after_update_bottom,   1,    0.0000000000E+00,    5.2609396898E+01,    5.2609396898E+01,    0.0000000000E+00,    0.0000000000E+00,    0.0000000000E+00,    5.2609396898E+01
     70550,      0.676929,CP4_after_advection,   1,    0.0000000000E+00,    5.2609681152E+01,    5.2609681152E+01,    0.0000000000E+00,    0.0000000000E+00,    0.0000000000E+00,    5.2609681152E+01
     70550,      0.676929,CP5_after_vdif,   1,    0.0000000000E+00,    5.2609681152E+01,    5.2609681152E+01,    0.0000000000E+00,    0.0000000000E+00,    0.0000000000E+00,    5.2609681152E+01
     70550,      0.676929,CP6_after_kinetics,   1,    0.0000000000E+00,    5.2609681152E+01,    5.2609681152E+01,    0.0000000000E+00,    0.0000000000E+00,    0.0000000000E+00,    5.2609681152E+01
     70550,      0.676929,CP7_after_upper_clamp,   1,    0.0000000000E+00,    5.2609681152E+01,    5.2609681152E+01,    0.0000000000E+00,    0.0000000000E+00,    0.0000000000E+00,    5.2609681152E+01
     70550,      0.676929,CP8_after_OBC,   1,    0.0000000000E+00,    5.2609681152E+01,    5.2609681152E+01,    0.0000000000E+00,    0.0000000000E+00,    0.0000000000E+00,    5.2609681152E+01
     70550,      0.676929,CP9_after_PTsource,   1,    0.0000000000E+00,    5.2609681152E+01,    5.2609681152E+01,    0.0000000000E+00,    0.0000000000E+00,    0.0000000000E+00,    5.2609681152E+01
     70550,      0.676929,CP10_after_neg_clamp,   1,    0.0000000000E+00,    5.2609681152E+01,    5.2609681152E+01,    0.0000000000E+00,    0.0000000000E+00,    0.0000000000E+00,    5.2609681152E+01
     70550,      0.676929,CP11_after_MPI,   1,    0.0000000000E+00,    5.2609681152E+01,    5.2609681152E+01,    0.0000000000E+00,    0.0000000000E+00,    0.0000000000E+00,    5.2609681152E+01
     70550,      0.676929,CP12_end,   1,    0.0000000000E+00,    5.2609681152E+01,    5.2609681152E+01,    0.0000000000E+00,    0.0000000000E+00,    0.0000000000E+00,    5.2609681152E+01
     70600,      0.676929,CP0_start,   1,    0.0000000000E+00,    5.2678999985E+01,    5.2678999985E+01,    0.0000000000E+00,    0.0000000000E+00,    0.0000000000E+00,    5.2678999985E+01
     70600,      0.676929,CP1_after_deposition,   1,    0.0000000000E+00,    5.2678999985E+01,    5.2678999985E+01,    0.0000000000E+00,    0.0000000000E+00,    0.0000000000E+00,    5.2678999985E+01
     70600,      0.676929,CP2_after_erosion,   1,    0.0000000000E+00,    5.2678999985E+01,    5.2678999985E+01,    0.0000000000E+00,    0.0000000000E+00,    0.0000000000E+00,    5.2678999985E+01
     70600,      0.676929,CP3_after_update_bottom,   1,    0.0000000000E+00,    5.2678999985E+01,    5.2678999985E+01,    0.0000000000E+00,    0.0000000000E+00,    0.0000000000E+00,    5.2678999985E+01
     70600,      0.676929,CP4_after_advection,   1,    0.0000000000E+00,    5.2679301661E+01,    5.2679301661E+01,    0.0000000000E+00,    0.0000000000E+00,    0.0000000000E+00,    5.2679301661E+01
     70600,      0.676929,CP5_after_vdif,   1,    0.0000000000E+00,    5.2679301661E+01,    5.2679301661E+01,    0.0000000000E+00,    0.0000000000E+00,    0.0000000000E+00,    5.2679301661E+01
     70600,      0.676929,CP6_after_kinetics,   1,    0.0000000000E+00,    5.2679301661E+01,    5.2679301661E+01,    0.0000000000E+00,    0.0000000000E+00,    0.0000000000E+00,    5.2679301661E+01
     70600,      0.676929,CP7_after_upper_clamp,   1,    0.0000000000E+00,    5.2679301661E+01,    5.2679301661E+01,    0.0000000000E+00,    0.0000000000E+00,    0.0000000000E+00,    5.2679301661E+01
     70600,      0.676929,CP8_after_OBC,   1,    0.0000000000E+00,    5.2679301661E+01,    5.2679301661E+01,    0.0000000000E+00,    0.0000000000E+00,    0.0000000000E+00,    5.2679301661E+01
     70600,      0.676929,CP9_after_PTsource,   1,    0.0000000000E+00,    5.2679301661E+01,    5.2679301661E+01,    0.0000000000E+00,    0.0000000000E+00,    0.0000000000E+00,    5.2679301661E+01
     70600,      0.676929,CP10_after_neg_clamp,   1,    0.0000000000E+00,    5.2679301661E+01,    5.2679301661E+01,    0.0000000000E+00,    0.0000000000E+00,    0.0000000000E+00,    5.2679301661E+01
     70600,      0.676929,CP11_after_MPI,   1,    0.0000000000E+00,    5.2679301661E+01,    5.2679301661E+01,    0.0000000000E+00,    0.0000000000E+00,    0.0000000000E+00,    5.2679301661E+01
     70600,      0.676929,CP12_end,   1,    0.0000000000E+00,    5.2679301661E+01,    5.2679301661E+01,    0.0000000000E+00,    0.0000000000E+00,    0.0000000000E+00,    5.2679301661E+01
     70650,      0.676929,CP0_start,   1,    0.0000000000E+00,    5.2748686166E+01,    5.2748686166E+01,    0.0000000000E+00,    0.0000000000E+00,    0.0000000000E+00,    5.2748686166E+01
     70650,      0.676929,CP1_after_deposition,   1,    0.0000000000E+00,    5.2748686166E+01,    5.2748686166E+01,    0.0000000000E+00,    0.0000000000E+00,    0.0000000000E+00,    5.2748686166E+01
     70650,      0.676929,CP2_after_erosion,   1,    0.0000000000E+00,    5.2748686166E+01,    5.2748686166E+01,    0.0000000000E+00,    0.0000000000E+00,    0.0000000000E+00,    5.2748686166E+01
     70650,      0.676929,CP3_after_update_bottom,   1,    0.0000000000E+00,    5.2748686166E+01,    5.2748686166E+01,    0.0000000000E+00,    0.0000000000E+00,    0.0000000000E+00,    5.2748686166E+01
     70650,      0.676929,CP4_after_advection,   1,    0.0000000000E+00,    5.2749004955E+01,    5.2749004955E+01,    0.0000000000E+00,    0.0000000000E+00,    0.0000000000E+00,    5.2749004955E+01
     70650,      0.676929,CP5_after_vdif,   1,    0.0000000000E+00,    5.2749004955E+01,    5.2749004955E+01,    0.0000000000E+00,    0.0000000000E+00,    0.0000000000E+00,    5.2749004955E+01
     70650,      0.676929,CP6_after_kinetics,   1,    0.0000000000E+00,    5.2749004955E+01,    5.2749004955E+01,    0.0000000000E+00,    0.0000000000E+00,    0.0000000000E+00,    5.2749004955E+01
     70650,      0.676929,CP7_after_upper_clamp,   1,    0.0000000000E+00,    5.2749004955E+01,    5.2749004955E+01,    0.0000000000E+00,    0.0000000000E+00,    0.0000000000E+00,    5.2749004955E+01
     70650,      0.676929,CP8_after_OBC,   1,    0.0000000000E+00,    5.2749004955E+01,    5.2749004955E+01,    0.0000000000E+00,    0.0000000000E+00,    0.0000000000E+00,    5.2749004955E+01
     70650,      0.676929,CP9_after_PTsource,   1,    0.0000000000E+00,    5.2749004955E+01,    5.2749004955E+01,    0.0000000000E+00,    0.0000000000E+00,    0.0000000000E+00,    5.2749004955E+01
     70650,      0.676929,CP10_after_neg_clamp,   1,    0.0000000000E+00,    5.2749004955E+01,    5.2749004955E+01,    0.0000000000E+00,    0.0000000000E+00,    0.0000000000E+00,    5.2749004955E+01
     70650,      0.676929,CP11_after_MPI,   1,    0.0000000000E+00,    5.2749004955E+01,    5.2749004955E+01,    0.0000000000E+00,    0.0000000000E+00,    0.0000000000E+00,    5.2749004955E+01
     70650,      0.676929,CP12_end,   1,    0.0000000000E+00,    5.2749004955E+01,    5.2749004955E+01,    0.0000000000E+00,    0.0000000000E+00,    0.0000000000E+00,    5.2749004955E+01
     70700,      0.676929,CP0_start,   1,    0.0000000000E+00,    5.2818478317E+01,    5.2818478317E+01,    0.0000000000E+00,    0.0000000000E+00,    0.0000000000E+00,    5.2818478317E+01
     70700,      0.676929,CP1_after_deposition,   1,    0.0000000000E+00,    5.2818478317E+01,    5.2818478317E+01,    0.0000000000E+00,    0.0000000000E+00,    0.0000000000E+00,    5.2818478317E+01
     70700,      0.676929,CP2_after_erosion,   1,    0.0000000000E+00,    5.2818478317E+01,    5.2818478317E+01,    0.0000000000E+00,    0.0000000000E+00,    0.0000000000E+00,    5.2818478317E+01
     70700,      0.676929,CP3_after_update_bottom,   1,    0.0000000000E+00,    5.2818478317E+01,    5.2818478317E+01,    0.0000000000E+00,    0.0000000000E+00,    0.0000000000E+00,    5.2818478317E+01
     70700,      0.676929,CP4_after_advection,   1,    0.0000000000E+00,    5.2818815005E+01,    5.2818815005E+01,    0.0000000000E+00,    0.0000000000E+00,    0.0000000000E+00,    5.2818815005E+01
     70700,      0.676929,CP5_after_vdif,   1,    0.0000000000E+00,    5.2818815005E+01,    5.2818815005E+01,    0.0000000000E+00,    0.0000000000E+00,    0.0000000000E+00,    5.2818815005E+01
     70700,      0.676929,CP6_after_kinetics,   1,    0.0000000000E+00,    5.2818815005E+01,    5.2818815005E+01,    0.0000000000E+00,    0.0000000000E+00,    0.0000000000E+00,    5.2818815005E+01
     70700,      0.676929,CP7_after_upper_clamp,   1,    0.0000000000E+00,    5.2818815005E+01,    5.2818815005E+01,    0.0000000000E+00,    0.0000000000E+00,    0.0000000000E+00,    5.2818815005E+01
     70700,      0.676929,CP8_after_OBC,   1,    0.0000000000E+00,    5.2818815005E+01,    5.2818815005E+01,    0.0000000000E+00,    0.0000000000E+00,    0.0000000000E+00,    5.2818815005E+01
     70700,      0.676929,CP9_after_PTsource,   1,    0.0000000000E+00,    5.2818815005E+01,    5.2818815005E+01,    0.0000000000E+00,    0.0000000000E+00,    0.0000000000E+00,    5.2818815005E+01
     70700,      0.676929,CP10_after_neg_clamp,   1,    0.0000000000E+00,    5.2818815005E+01,    5.2818815005E+01,    0.0000000000E+00,    0.0000000000E+00,    0.0000000000E+00,    5.2818815005E+01
     70700,      0.676929,CP11_after_MPI,   1,    0.0000000000E+00,    5.2818815005E+01,    5.2818815005E+01,    0.0000000000E+00,    0.0000000000E+00,    0.0000000000E+00,    5.2818815005E+01
     70700,      0.676929,CP12_end,   1,    0.0000000000E+00,    5.2818815005E+01,    5.2818815005E+01,    0.0000000000E+00,    0.0000000000E+00,    0.0000000000E+00,    5.2818815005E+01
     70750,      0.676929,CP0_start,   1,    0.0000000000E+00,    5.2888405996E+01,    5.2888405996E+01,    0.0000000000E+00,    0.0000000000E+00,    0.0000000000E+00,    5.2888405996E+01
     70750,      0.676929,CP1_after_deposition,   1,    0.0000000000E+00,    5.2888405996E+01,    5.2888405996E+01,    0.0000000000E+00,    0.0000000000E+00,    0.0000000000E+00,    5.2888405996E+01
     70750,      0.676929,CP2_after_erosion,   1,    0.0000000000E+00,    5.2888405996E+01,    5.2888405996E+01,    0.0000000000E+00,    0.0000000000E+00,    0.0000000000E+00,    5.2888405996E+01
     70750,      0.676929,CP3_after_update_bottom,   1,    0.0000000000E+00,    5.2888405996E+01,    5.2888405996E+01,    0.0000000000E+00,    0.0000000000E+00,    0.0000000000E+00,    5.2888405996E+01
     70750,      0.676929,CP4_after_advection,   1,    0.0000000000E+00,    5.2888760312E+01,    5.2888760312E+01,    0.0000000000E+00,    0.0000000000E+00,    0.0000000000E+00,    5.2888760312E+01
     70750,      0.676929,CP5_after_vdif,   1,    0.0000000000E+00,    5.2888760312E+01,    5.2888760312E+01,    0.0000000000E+00,    0.0000000000E+00,    0.0000000000E+00,    5.2888760312E+01
     70750,      0.676929,CP6_after_kinetics,   1,    0.0000000000E+00,    5.2888760312E+01,    5.2888760312E+01,    0.0000000000E+00,    0.0000000000E+00,    0.0000000000E+00,    5.2888760312E+01
     70750,      0.676929,CP7_after_upper_clamp,   1,    0.0000000000E+00,    5.2888760312E+01,    5.2888760312E+01,    0.0000000000E+00,    0.0000000000E+00,    0.0000000000E+00,    5.2888760312E+01
     70750,      0.676929,CP8_after_OBC,   1,    0.0000000000E+00,    5.2888760312E+01,    5.2888760312E+01,    0.0000000000E+00,    0.0000000000E+00,    0.0000000000E+00,    5.2888760312E+01
     70750,      0.676929,CP9_after_PTsource,   1,    0.0000000000E+00,    5.2888760312E+01,    5.2888760312E+01,    0.0000000000E+00,    0.0000000000E+00,    0.0000000000E+00,    5.2888760312E+01
     70750,      0.676929,CP10_after_neg_clamp,   1,    0.0000000000E+00,    5.2888760312E+01,    5.2888760312E+01,    0.0000000000E+00,    0.0000000000E+00,    0.0000000000E+00,    5.2888760312E+01
     70750,      0.676929,CP11_after_MPI,   1,    0.0000000000E+00,    5.2888760312E+01,    5.2888760312E+01,    0.0000000000E+00,    0.0000000000E+00,    0.0000000000E+00,    5.2888760312E+01
     70750,      0.676929,CP12_end,   1,    0.0000000000E+00,    5.2888760312E+01,    5.2888760312E+01,    0.0000000000E+00,    0.0000000000E+00,    0.0000000000E+00,    5.2888760312E+01
     70800,      0.676929,CP0_start,   1,    0.0000000000E+00,    5.2958483150E+01,    5.2958483150E+01,    0.0000000000E+00,    0.0000000000E+00,    0.0000000000E+00,    5.2958483150E+01
     70800,      0.676929,CP1_after_deposition,   1,    0.0000000000E+00,    5.2958483150E+01,    5.2958483150E+01,    0.0000000000E+00,    0.0000000000E+00,    0.0000000000E+00,    5.2958483150E+01
     70800,      0.676929,CP2_after_erosion,   1,    0.0000000000E+00,    5.2958483150E+01,    5.2958483150E+01,    0.0000000000E+00,    0.0000000000E+00,    0.0000000000E+00,    5.2958483150E+01
     70800,      0.676929,CP3_after_update_bottom,   1,    0.0000000000E+00,    5.2958483150E+01,    5.2958483150E+01,    0.0000000000E+00,    0.0000000000E+00,    0.0000000000E+00,    5.2958483150E+01
     70800,      0.676929,CP4_after_advection,   1,    0.0000000000E+00,    5.2958855183E+01,    5.2958855183E+01,    0.0000000000E+00,    0.0000000000E+00,    0.0000000000E+00,    5.2958855183E+01
     70800,      0.676929,CP5_after_vdif,   1,    0.0000000000E+00,    5.2958855183E+01,    5.2958855183E+01,    0.0000000000E+00,    0.0000000000E+00,    0.0000000000E+00,    5.2958855183E+01
     70800,      0.676929,CP6_after_kinetics,   1,    0.0000000000E+00,    5.2958855183E+01,    5.2958855183E+01,    0.0000000000E+00,    0.0000000000E+00,    0.0000000000E+00,    5.2958855183E+01
     70800,      0.676929,CP7_after_upper_clamp,   1,    0.0000000000E+00,    5.2958855183E+01,    5.2958855183E+01,    0.0000000000E+00,    0.0000000000E+00,    0.0000000000E+00,    5.2958855183E+01
     70800,      0.676929,CP8_after_OBC,   1,    0.0000000000E+00,    5.2958855183E+01,    5.2958855183E+01,    0.0000000000E+00,    0.0000000000E+00,    0.0000000000E+00,    5.2958855183E+01
     70800,      0.676929,CP9_after_PTsource,   1,    0.0000000000E+00,    5.2958855183E+01,    5.2958855183E+01,    0.0000000000E+00,    0.0000000000E+00,    0.0000000000E+00,    5.2958855183E+01
     70800,      0.676929,CP10_after_neg_clamp,   1,    0.0000000000E+00,    5.2958855183E+01,    5.2958855183E+01,    0.0000000000E+00,    0.0000000000E+00,    0.0000000000E+00,    5.2958855183E+01
     70800,      0.676929,CP11_after_MPI,   1,    0.0000000000E+00,    5.2958855183E+01,    5.2958855183E+01,    0.0000000000E+00,    0.0000000000E+00,    0.0000000000E+00,    5.2958855183E+01
     70800,      0.676929,CP12_end,   1,    0.0000000000E+00,    5.2958855183E+01,    5.2958855183E+01,    0.0000000000E+00,    0.0000000000E+00,    0.0000000000E+00,    5.2958855183E+01
     70850,      0.676929,CP0_start,   1,    0.0000000000E+00,    5.3028711221E+01,    5.3028711221E+01,    0.0000000000E+00,    0.0000000000E+00,    0.0000000000E+00,    5.3028711221E+01
     70850,      0.676929,CP1_after_deposition,   1,    0.0000000000E+00,    5.3028711221E+01,    5.3028711221E+01,    0.0000000000E+00,    0.0000000000E+00,    0.0000000000E+00,    5.3028711221E+01
     70850,      0.676929,CP2_after_erosion,   1,    0.0000000000E+00,    5.3028711221E+01,    5.3028711221E+01,    0.0000000000E+00,    0.0000000000E+00,    0.0000000000E+00,    5.3028711221E+01
     70850,      0.676929,CP3_after_update_bottom,   1,    0.0000000000E+00,    5.3028711221E+01,    5.3028711221E+01,    0.0000000000E+00,    0.0000000000E+00,    0.0000000000E+00,    5.3028711221E+01
     70850,      0.676929,CP4_after_advection,   1,    0.0000000000E+00,    5.3029100361E+01,    5.3029100361E+01,    0.0000000000E+00,    0.0000000000E+00,    0.0000000000E+00,    5.3029100361E+01
     70850,      0.676929,CP5_after_vdif,   1,    0.0000000000E+00,    5.3029100361E+01,    5.3029100361E+01,    0.0000000000E+00,    0.0000000000E+00,    0.0000000000E+00,    5.3029100361E+01
     70850,      0.676929,CP6_after_kinetics,   1,    0.0000000000E+00,    5.3029100361E+01,    5.3029100361E+01,    0.0000000000E+00,    0.0000000000E+00,    0.0000000000E+00,    5.3029100361E+01
     70850,      0.676929,CP7_after_upper_clamp,   1,    0.0000000000E+00,    5.3029100361E+01,    5.3029100361E+01,    0.0000000000E+00,    0.0000000000E+00,    0.0000000000E+00,    5.3029100361E+01
     70850,      0.676929,CP8_after_OBC,   1,    0.0000000000E+00,    5.3029100361E+01,    5.3029100361E+01,    0.0000000000E+00,    0.0000000000E+00,    0.0000000000E+00,    5.3029100361E+01
     70850,      0.676929,CP9_after_PTsource,   1,    0.0000000000E+00,    5.3029100361E+01,    5.3029100361E+01,    0.0000000000E+00,    0.0000000000E+00,    0.0000000000E+00,    5.3029100361E+01
     70850,      0.676929,CP10_after_neg_clamp,   1,    0.0000000000E+00,    5.3029100361E+01,    5.3029100361E+01,    0.0000000000E+00,    0.0000000000E+00,    0.0000000000E+00,    5.3029100361E+01
     70850,      0.676929,CP11_after_MPI,   1,    0.0000000000E+00,    5.3029100361E+01,    5.3029100361E+01,    0.0000000000E+00,    0.0000000000E+00,    0.0000000000E+00,    5.3029100361E+01
     70850,      0.676929,CP12_end,   1,    0.0000000000E+00,    5.3029100361E+01,    5.3029100361E+01,    0.0000000000E+00,    0.0000000000E+00,    0.0000000000E+00,    5.3029100361E+01
     70900,      0.676929,CP0_start,   1,    0.0000000000E+00,    5.3099100257E+01,    5.3099100257E+01,    0.0000000000E+00,    0.0000000000E+00,    0.0000000000E+00,    5.3099100257E+01
     70900,      0.676929,CP1_after_deposition,   1,    0.0000000000E+00,    5.3099100257E+01,    5.3099100257E+01,    0.0000000000E+00,    0.0000000000E+00,    0.0000000000E+00,    5.3099100257E+01
     70900,      0.676929,CP2_after_erosion,   1,    0.0000000000E+00,    5.3099100257E+01,    5.3099100257E+01,    0.0000000000E+00,    0.0000000000E+00,    0.0000000000E+00,    5.3099100257E+01
     70900,      0.676929,CP3_after_update_bottom,   1,    0.0000000000E+00,    5.3099100257E+01,    5.3099100257E+01,    0.0000000000E+00,    0.0000000000E+00,    0.0000000000E+00,    5.3099100257E+01
     70900,      0.676929,CP4_after_advection,   1,    0.0000000000E+00,    5.3099506239E+01,    5.3099506239E+01,    0.0000000000E+00,    0.0000000000E+00,    0.0000000000E+00,    5.3099506239E+01
     70900,      0.676929,CP5_after_vdif,   1,    0.0000000000E+00,    5.3099506239E+01,    5.3099506239E+01,    0.0000000000E+00,    0.0000000000E+00,    0.0000000000E+00,    5.3099506239E+01
     70900,      0.676929,CP6_after_kinetics,   1,    0.0000000000E+00,    5.3099506239E+01,    5.3099506239E+01,    0.0000000000E+00,    0.0000000000E+00,    0.0000000000E+00,    5.3099506239E+01
     70900,      0.676929,CP7_after_upper_clamp,   1,    0.0000000000E+00,    5.3099506239E+01,    5.3099506239E+01,    0.0000000000E+00,    0.0000000000E+00,    0.0000000000E+00,    5.3099506239E+01
     70900,      0.676929,CP8_after_OBC,   1,    0.0000000000E+00,    5.3099506239E+01,    5.3099506239E+01,    0.0000000000E+00,    0.0000000000E+00,    0.0000000000E+00,    5.3099506239E+01
     70900,      0.676929,CP9_after_PTsource,   1,    0.0000000000E+00,    5.3099506239E+01,    5.3099506239E+01,    0.0000000000E+00,    0.0000000000E+00,    0.0000000000E+00,    5.3099506239E+01
     70900,      0.676929,CP10_after_neg_clamp,   1,    0.0000000000E+00,    5.3099506239E+01,    5.3099506239E+01,    0.0000000000E+00,    0.0000000000E+00,    0.0000000000E+00,    5.3099506239E+01
     70900,      0.676929,CP11_after_MPI,   1,    0.0000000000E+00,    5.3099506239E+01,    5.3099506239E+01,    0.0000000000E+00,    0.0000000000E+00,    0.0000000000E+00,    5.3099506239E+01
     70900,      0.676929,CP12_end,   1,    0.0000000000E+00,    5.3099506239E+01,    5.3099506239E+01,    0.0000000000E+00,    0.0000000000E+00,    0.0000000000E+00,    5.3099506239E+01
     70950,      0.676929,CP0_start,   1,    0.0000000000E+00,    5.3169643625E+01,    5.3169643625E+01,    0.0000000000E+00,    0.0000000000E+00,    0.0000000000E+00,    5.3169643625E+01
     70950,      0.676929,CP1_after_deposition,   1,    0.0000000000E+00,    5.3169643625E+01,    5.3169643625E+01,    0.0000000000E+00,    0.0000000000E+00,    0.0000000000E+00,    5.3169643625E+01
     70950,      0.676929,CP2_after_erosion,   1,    0.0000000000E+00,    5.3169643625E+01,    5.3169643625E+01,    0.0000000000E+00,    0.0000000000E+00,    0.0000000000E+00,    5.3169643625E+01
     70950,      0.676929,CP3_after_update_bottom,   1,    0.0000000000E+00,    5.3169643625E+01,    5.3169643625E+01,    0.0000000000E+00,    0.0000000000E+00,    0.0000000000E+00,    5.3169643625E+01
     70950,      0.676929,CP4_after_advection,   1,    0.0000000000E+00,    5.3170065874E+01,    5.3170065874E+01,    0.0000000000E+00,    0.0000000000E+00,    0.0000000000E+00,    5.3170065874E+01
     70950,      0.676929,CP5_after_vdif,   1,    0.0000000000E+00,    5.3170065874E+01,    5.3170065874E+01,    0.0000000000E+00,    0.0000000000E+00,    0.0000000000E+00,    5.3170065874E+01
     70950,      0.676929,CP6_after_kinetics,   1,    0.0000000000E+00,    5.3170065874E+01,    5.3170065874E+01,    0.0000000000E+00,    0.0000000000E+00,    0.0000000000E+00,    5.3170065874E+01
     70950,      0.676929,CP7_after_upper_clamp,   1,    0.0000000000E+00,    5.3170065874E+01,    5.3170065874E+01,    0.0000000000E+00,    0.0000000000E+00,    0.0000000000E+00,    5.3170065874E+01
     70950,      0.676929,CP8_after_OBC,   1,    0.0000000000E+00,    5.3170065874E+01,    5.3170065874E+01,    0.0000000000E+00,    0.0000000000E+00,    0.0000000000E+00,    5.3170065874E+01
     70950,      0.676929,CP9_after_PTsource,   1,    0.0000000000E+00,    5.3170065874E+01,    5.3170065874E+01,    0.0000000000E+00,    0.0000000000E+00,    0.0000000000E+00,    5.3170065874E+01
     70950,      0.676929,CP10_after_neg_clamp,   1,    0.0000000000E+00,    5.3170065874E+01,    5.3170065874E+01,    0.0000000000E+00,    0.0000000000E+00,    0.0000000000E+00,    5.3170065874E+01
     70950,      0.676929,CP11_after_MPI,   1,    0.0000000000E+00,    5.3170065874E+01,    5.3170065874E+01,    0.0000000000E+00,    0.0000000000E+00,    0.0000000000E+00,    5.3170065874E+01
     70950,      0.676929,CP12_end,   1,    0.0000000000E+00,    5.3170065874E+01,    5.3170065874E+01,    0.0000000000E+00,    0.0000000000E+00,    0.0000000000E+00,    5.3170065874E+01
     71000,      0.676929,CP0_start,   1,    0.0000000000E+00,    5.3240330450E+01,    5.3240330450E+01,    0.0000000000E+00,    0.0000000000E+00,    0.0000000000E+00,    5.3240330450E+01
     71000,      0.676929,CP1_after_deposition,   1,    0.0000000000E+00,    5.3240330450E+01,    5.3240330450E+01,    0.0000000000E+00,    0.0000000000E+00,    0.0000000000E+00,    5.3240330450E+01
     71000,      0.676929,CP2_after_erosion,   1,    0.0000000000E+00,    5.3240330450E+01,    5.3240330450E+01,    0.0000000000E+00,    0.0000000000E+00,    0.0000000000E+00,    5.3240330450E+01
     71000,      0.676929,CP3_after_update_bottom,   1,    0.0000000000E+00,    5.3240330450E+01,    5.3240330450E+01,    0.0000000000E+00,    0.0000000000E+00,    0.0000000000E+00,    5.3240330450E+01
     71000,      0.676929,CP4_after_advection,   1,    0.0000000000E+00,    5.3240768857E+01,    5.3240768857E+01,    0.0000000000E+00,    0.0000000000E+00,    0.0000000000E+00,    5.3240768857E+01
     71000,      0.676929,CP5_after_vdif,   1,    0.0000000000E+00,    5.3240768857E+01,    5.3240768857E+01,    0.0000000000E+00,    0.0000000000E+00,    0.0000000000E+00,    5.3240768857E+01
     71000,      0.676929,CP6_after_kinetics,   1,    0.0000000000E+00,    5.3240768857E+01,    5.3240768857E+01,    0.0000000000E+00,    0.0000000000E+00,    0.0000000000E+00,    5.3240768857E+01
     71000,      0.676929,CP7_after_upper_clamp,   1,    0.0000000000E+00,    5.3240768857E+01,    5.3240768857E+01,    0.0000000000E+00,    0.0000000000E+00,    0.0000000000E+00,    5.3240768857E+01
     71000,      0.676929,CP8_after_OBC,   1,    0.0000000000E+00,    5.3240768857E+01,    5.3240768857E+01,    0.0000000000E+00,    0.0000000000E+00,    0.0000000000E+00,    5.3240768857E+01
     71000,      0.676929,CP9_after_PTsource,   1,    0.0000000000E+00,    5.3240768857E+01,    5.3240768857E+01,    0.0000000000E+00,    0.0000000000E+00,    0.0000000000E+00,    5.3240768857E+01
     71000,      0.676929,CP10_after_neg_clamp,   1,    0.0000000000E+00,    5.3240768857E+01,    5.3240768857E+01,    0.0000000000E+00,    0.0000000000E+00,    0.0000000000E+00,    5.3240768857E+01
     71000,      0.676929,CP11_after_MPI,   1,    0.0000000000E+00,    5.3240768857E+01,    5.3240768857E+01,    0.0000000000E+00,    0.0000000000E+00,    0.0000000000E+00,    5.3240768857E+01
     71000,      0.676929,CP12_end,   1,    0.0000000000E+00,    5.3240768857E+01,    5.3240768857E+01,    0.0000000000E+00,    0.0000000000E+00,    0.0000000000E+00,    5.3240768857E+01
     71050,      0.676929,CP0_start,   1,    0.0000000000E+00,    5.3311147178E+01,    5.3311147178E+01,    0.0000000000E+00,    0.0000000000E+00,    0.0000000000E+00,    5.3311147178E+01
     71050,      0.676929,CP1_after_deposition,   1,    0.0000000000E+00,    5.3311147178E+01,    5.3311147178E+01,    0.0000000000E+00,    0.0000000000E+00,    0.0000000000E+00,    5.3311147178E+01
     71050,      0.676929,CP2_after_erosion,   1,    0.0000000000E+00,    5.3311147178E+01,    5.3311147178E+01,    0.0000000000E+00,    0.0000000000E+00,    0.0000000000E+00,    5.3311147178E+01
     71050,      0.676929,CP3_after_update_bottom,   1,    0.0000000000E+00,    5.3311147178E+01,    5.3311147178E+01,    0.0000000000E+00,    0.0000000000E+00,    0.0000000000E+00,    5.3311147178E+01
     71050,      0.676929,CP4_after_advection,   1,    0.0000000000E+00,    5.3311601877E+01,    5.3311601877E+01,    0.0000000000E+00,    0.0000000000E+00,    0.0000000000E+00,    5.3311601877E+01
     71050,      0.676929,CP5_after_vdif,   1,    0.0000000000E+00,    5.3311601877E+01,    5.3311601877E+01,    0.0000000000E+00,    0.0000000000E+00,    0.0000000000E+00,    5.3311601877E+01
     71050,      0.676929,CP6_after_kinetics,   1,    0.0000000000E+00,    5.3311601877E+01,    5.3311601877E+01,    0.0000000000E+00,    0.0000000000E+00,    0.0000000000E+00,    5.3311601877E+01
     71050,      0.676929,CP7_after_upper_clamp,   1,    0.0000000000E+00,    5.3311601877E+01,    5.3311601877E+01,    0.0000000000E+00,    0.0000000000E+00,    0.0000000000E+00,    5.3311601877E+01
     71050,      0.676929,CP8_after_OBC,   1,    0.0000000000E+00,    5.3311601877E+01,    5.3311601877E+01,    0.0000000000E+00,    0.0000000000E+00,    0.0000000000E+00,    5.3311601877E+01
     71050,      0.676929,CP9_after_PTsource,   1,    0.0000000000E+00,    5.3311601877E+01,    5.3311601877E+01,    0.0000000000E+00,    0.0000000000E+00,    0.0000000000E+00,    5.3311601877E+01
     71050,      0.676929,CP10_after_neg_clamp,   1,    0.0000000000E+00,    5.3311601877E+01,    5.3311601877E+01,    0.0000000000E+00,    0.0000000000E+00,    0.0000000000E+00,    5.3311601877E+01
     71050,      0.676929,CP11_after_MPI,   1,    0.0000000000E+00,    5.3311601877E+01,    5.3311601877E+01,    0.0000000000E+00,    0.0000000000E+00,    0.0000000000E+00,    5.3311601877E+01
     71050,      0.676929,CP12_end,   1,    0.0000000000E+00,    5.3311601877E+01,    5.3311601877E+01,    0.0000000000E+00,    0.0000000000E+00,    0.0000000000E+00,    5.3311601877E+01
     71100,      0.676929,CP0_start,   1,    0.0000000000E+00,    5.3382084438E+01,    5.3382084438E+01,    0.0000000000E+00,    0.0000000000E+00,    0.0000000000E+00,    5.3382084438E+01
     71100,      0.676929,CP1_after_deposition,   1,    0.0000000000E+00,    5.3382084438E+01,    5.3382084438E+01,    0.0000000000E+00,    0.0000000000E+00,    0.0000000000E+00,    5.3382084438E+01
     71100,      0.676929,CP2_after_erosion,   1,    0.0000000000E+00,    5.3382084438E+01,    5.3382084438E+01,    0.0000000000E+00,    0.0000000000E+00,    0.0000000000E+00,    5.3382084438E+01
     71100,      0.676929,CP3_after_update_bottom,   1,    0.0000000000E+00,    5.3382084438E+01,    5.3382084438E+01,    0.0000000000E+00,    0.0000000000E+00,    0.0000000000E+00,    5.3382084438E+01
     71100,      0.676929,CP4_after_advection,   1,    0.0000000000E+00,    5.3382554970E+01,    5.3382554970E+01,    0.0000000000E+00,    0.0000000000E+00,    0.0000000000E+00,    5.3382554970E+01
     71100,      0.676929,CP5_after_vdif,   1,    0.0000000000E+00,    5.3382554970E+01,    5.3382554970E+01,    0.0000000000E+00,    0.0000000000E+00,    0.0000000000E+00,    5.3382554970E+01
     71100,      0.676929,CP6_after_kinetics,   1,    0.0000000000E+00,    5.3382554970E+01,    5.3382554970E+01,    0.0000000000E+00,    0.0000000000E+00,    0.0000000000E+00,    5.3382554970E+01
     71100,      0.676929,CP7_after_upper_clamp,   1,    0.0000000000E+00,    5.3382554970E+01,    5.3382554970E+01,    0.0000000000E+00,    0.0000000000E+00,    0.0000000000E+00,    5.3382554970E+01
     71100,      0.676929,CP8_after_OBC,   1,    0.0000000000E+00,    5.3382554970E+01,    5.3382554970E+01,    0.0000000000E+00,    0.0000000000E+00,    0.0000000000E+00,    5.3382554970E+01
     71100,      0.676929,CP9_after_PTsource,   1,    0.0000000000E+00,    5.3382554970E+01,    5.3382554970E+01,    0.0000000000E+00,    0.0000000000E+00,    0.0000000000E+00,    5.3382554970E+01
     71100,      0.676929,CP10_after_neg_clamp,   1,    0.0000000000E+00,    5.3382554970E+01,    5.3382554970E+01,    0.0000000000E+00,    0.0000000000E+00,    0.0000000000E+00,    5.3382554970E+01
     71100,      0.676929,CP11_after_MPI,   1,    0.0000000000E+00,    5.3382554970E+01,    5.3382554970E+01,    0.0000000000E+00,    0.0000000000E+00,    0.0000000000E+00,    5.3382554970E+01
     71100,      0.676929,CP12_end,   1,    0.0000000000E+00,    5.3382554970E+01,    5.3382554970E+01,    0.0000000000E+00,    0.0000000000E+00,    0.0000000000E+00,    5.3382554970E+01
     71150,      0.676929,CP0_start,   1,    0.0000000000E+00,    5.3453316863E+01,    5.3453316863E+01,    0.0000000000E+00,    0.0000000000E+00,    0.0000000000E+00,    5.3453316863E+01
     71150,      0.676929,CP1_after_deposition,   1,    0.0000000000E+00,    5.3453316863E+01,    5.3453316863E+01,    0.0000000000E+00,    0.0000000000E+00,    0.0000000000E+00,    5.3453316863E+01
     71150,      0.676929,CP2_after_erosion,   1,    0.0000000000E+00,    5.3453316863E+01,    5.3453316863E+01,    0.0000000000E+00,    0.0000000000E+00,    0.0000000000E+00,    5.3453316863E+01
     71150,      0.676929,CP3_after_update_bottom,   1,    0.0000000000E+00,    5.3453316863E+01,    5.3453316863E+01,    0.0000000000E+00,    0.0000000000E+00,    0.0000000000E+00,    5.3453316863E+01
     71150,      0.676929,CP4_after_advection,   1,    0.0000000000E+00,    5.3453803166E+01,    5.3453803166E+01,    0.0000000000E+00,    0.0000000000E+00,    0.0000000000E+00,    5.3453803166E+01
     71150,      0.676929,CP5_after_vdif,   1,    0.0000000000E+00,    5.3453803166E+01,    5.3453803166E+01,    0.0000000000E+00,    0.0000000000E+00,    0.0000000000E+00,    5.3453803166E+01
     71150,      0.676929,CP6_after_kinetics,   1,    0.0000000000E+00,    5.3453803166E+01,    5.3453803166E+01,    0.0000000000E+00,    0.0000000000E+00,    0.0000000000E+00,    5.3453803166E+01
     71150,      0.676929,CP7_after_upper_clamp,   1,    0.0000000000E+00,    5.3453803166E+01,    5.3453803166E+01,    0.0000000000E+00,    0.0000000000E+00,    0.0000000000E+00,    5.3453803166E+01
     71150,      0.676929,CP8_after_OBC,   1,    0.0000000000E+00,    5.3453803166E+01,    5.3453803166E+01,    0.0000000000E+00,    0.0000000000E+00,    0.0000000000E+00,    5.3453803166E+01
     71150,      0.676929,CP9_after_PTsource,   1,    0.0000000000E+00,    5.3453803166E+01,    5.3453803166E+01,    0.0000000000E+00,    0.0000000000E+00,    0.0000000000E+00,    5.3453803166E+01
     71150,      0.676929,CP10_after_neg_clamp,   1,    0.0000000000E+00,    5.3453803166E+01,    5.3453803166E+01,    0.0000000000E+00,    0.0000000000E+00,    0.0000000000E+00,    5.3453803166E+01
     71150,      0.676929,CP11_after_MPI,   1,    0.0000000000E+00,    5.3453803166E+01,    5.3453803166E+01,    0.0000000000E+00,    0.0000000000E+00,    0.0000000000E+00,    5.3453803166E+01
     71150,      0.676929,CP12_end,   1,    0.0000000000E+00,    5.3453803166E+01,    5.3453803166E+01,    0.0000000000E+00,    0.0000000000E+00,    0.0000000000E+00,    5.3453803166E+01
     71200,      0.676929,CP0_start,   1,    0.0000000000E+00,    5.3524611281E+01,    5.3524611281E+01,    0.0000000000E+00,    0.0000000000E+00,    0.0000000000E+00,    5.3524611281E+01
     71200,      0.676929,CP1_after_deposition,   1,    0.0000000000E+00,    5.3524611281E+01,    5.3524611281E+01,    0.0000000000E+00,    0.0000000000E+00,    0.0000000000E+00,    5.3524611281E+01
     71200,      0.676929,CP2_after_erosion,   1,    0.0000000000E+00,    5.3524611281E+01,    5.3524611281E+01,    0.0000000000E+00,    0.0000000000E+00,    0.0000000000E+00,    5.3524611281E+01
     71200,      0.676929,CP3_after_update_bottom,   1,    0.0000000000E+00,    5.3524611281E+01,    5.3524611281E+01,    0.0000000000E+00,    0.0000000000E+00,    0.0000000000E+00,    5.3524611281E+01
     71200,      0.676929,CP4_after_advection,   1,    0.0000000000E+00,    5.3525112905E+01,    5.3525112905E+01,    0.0000000000E+00,    0.0000000000E+00,    0.0000000000E+00,    5.3525112905E+01
     71200,      0.676929,CP5_after_vdif,   1,    0.0000000000E+00,    5.3525112905E+01,    5.3525112905E+01,    0.0000000000E+00,    0.0000000000E+00,    0.0000000000E+00,    5.3525112905E+01
     71200,      0.676929,CP6_after_kinetics,   1,    0.0000000000E+00,    5.3525112905E+01,    5.3525112905E+01,    0.0000000000E+00,    0.0000000000E+00,    0.0000000000E+00,    5.3525112905E+01
     71200,      0.676929,CP7_after_upper_clamp,   1,    0.0000000000E+00,    5.3525112905E+01,    5.3525112905E+01,    0.0000000000E+00,    0.0000000000E+00,    0.0000000000E+00,    5.3525112905E+01
     71200,      0.676929,CP8_after_OBC,   1,    0.0000000000E+00,    5.3525112905E+01,    5.3525112905E+01,    0.0000000000E+00,    0.0000000000E+00,    0.0000000000E+00,    5.3525112905E+01
     71200,      0.676929,CP9_after_PTsource,   1,    0.0000000000E+00,    5.3525112905E+01,    5.3525112905E+01,    0.0000000000E+00,    0.0000000000E+00,    0.0000000000E+00,    5.3525112905E+01
     71200,      0.676929,CP10_after_neg_clamp,   1,    0.0000000000E+00,    5.3525112905E+01,    5.3525112905E+01,    0.0000000000E+00,    0.0000000000E+00,    0.0000000000E+00,    5.3525112905E+01
     71200,      0.676929,CP11_after_MPI,   1,    0.0000000000E+00,    5.3525112905E+01,    5.3525112905E+01,    0.0000000000E+00,    0.0000000000E+00,    0.0000000000E+00,    5.3525112905E+01
     71200,      0.676929,CP12_end,   1,    0.0000000000E+00,    5.3525112905E+01,    5.3525112905E+01,    0.0000000000E+00,    0.0000000000E+00,    0.0000000000E+00,    5.3525112905E+01
     71250,      0.676929,CP0_start,   1,    0.0000000000E+00,    5.3595971447E+01,    5.3595971447E+01,    0.0000000000E+00,    0.0000000000E+00,    0.0000000000E+00,    5.3595971447E+01
     71250,      0.676929,CP1_after_deposition,   1,    0.0000000000E+00,    5.3595971447E+01,    5.3595971447E+01,    0.0000000000E+00,    0.0000000000E+00,    0.0000000000E+00,    5.3595971447E+01
     71250,      0.676929,CP2_after_erosion,   1,    0.0000000000E+00,    5.3595971447E+01,    5.3595971447E+01,    0.0000000000E+00,    0.0000000000E+00,    0.0000000000E+00,    5.3595971447E+01
     71250,      0.676929,CP3_after_update_bottom,   1,    0.0000000000E+00,    5.3595971447E+01,    5.3595971447E+01,    0.0000000000E+00,    0.0000000000E+00,    0.0000000000E+00,    5.3595971447E+01
     71250,      0.676929,CP4_after_advection,   1,    0.0000000000E+00,    5.3596490012E+01,    5.3596490012E+01,    0.0000000000E+00,    0.0000000000E+00,    0.0000000000E+00,    5.3596490012E+01
     71250,      0.676929,CP5_after_vdif,   1,    0.0000000000E+00,    5.3596490012E+01,    5.3596490012E+01,    0.0000000000E+00,    0.0000000000E+00,    0.0000000000E+00,    5.3596490012E+01
     71250,      0.676929,CP6_after_kinetics,   1,    0.0000000000E+00,    5.3596490012E+01,    5.3596490012E+01,    0.0000000000E+00,    0.0000000000E+00,    0.0000000000E+00,    5.3596490012E+01
     71250,      0.676929,CP7_after_upper_clamp,   1,    0.0000000000E+00,    5.3596490012E+01,    5.3596490012E+01,    0.0000000000E+00,    0.0000000000E+00,    0.0000000000E+00,    5.3596490012E+01
     71250,      0.676929,CP8_after_OBC,   1,    0.0000000000E+00,    5.3596490012E+01,    5.3596490012E+01,    0.0000000000E+00,    0.0000000000E+00,    0.0000000000E+00,    5.3596490012E+01
     71250,      0.676929,CP9_after_PTsource,   1,    0.0000000000E+00,    5.3596490012E+01,    5.3596490012E+01,    0.0000000000E+00,    0.0000000000E+00,    0.0000000000E+00,    5.3596490012E+01
     71250,      0.676929,CP10_after_neg_clamp,   1,    0.0000000000E+00,    5.3596490012E+01,    5.3596490012E+01,    0.0000000000E+00,    0.0000000000E+00,    0.0000000000E+00,    5.3596490012E+01
     71250,      0.676929,CP11_after_MPI,   1,    0.0000000000E+00,    5.3596490012E+01,    5.3596490012E+01,    0.0000000000E+00,    0.0000000000E+00,    0.0000000000E+00,    5.3596490012E+01
     71250,      0.676929,CP12_end,   1,    0.0000000000E+00,    5.3596490012E+01,    5.3596490012E+01,    0.0000000000E+00,    0.0000000000E+00,    0.0000000000E+00,    5.3596490012E+01
     71300,      0.676929,CP0_start,   1,    0.0000000000E+00,    5.3667343319E+01,    5.3667343319E+01,    0.0000000000E+00,    0.0000000000E+00,    0.0000000000E+00,    5.3667343319E+01
     71300,      0.676929,CP1_after_deposition,   1,    0.0000000000E+00,    5.3667343319E+01,    5.3667343319E+01,    0.0000000000E+00,    0.0000000000E+00,    0.0000000000E+00,    5.3667343319E+01
     71300,      0.676929,CP2_after_erosion,   1,    0.0000000000E+00,    5.3667343319E+01,    5.3667343319E+01,    0.0000000000E+00,    0.0000000000E+00,    0.0000000000E+00,    5.3667343319E+01
     71300,      0.676929,CP3_after_update_bottom,   1,    0.0000000000E+00,    5.3667343319E+01,    5.3667343319E+01,    0.0000000000E+00,    0.0000000000E+00,    0.0000000000E+00,    5.3667343319E+01
     71300,      0.676929,CP4_after_advection,   1,    0.0000000000E+00,    5.3667877794E+01,    5.3667877794E+01,    0.0000000000E+00,    0.0000000000E+00,    0.0000000000E+00,    5.3667877794E+01
     71300,      0.676929,CP5_after_vdif,   1,    0.0000000000E+00,    5.3667877794E+01,    5.3667877794E+01,    0.0000000000E+00,    0.0000000000E+00,    0.0000000000E+00,    5.3667877794E+01
     71300,      0.676929,CP6_after_kinetics,   1,    0.0000000000E+00,    5.3667877794E+01,    5.3667877794E+01,    0.0000000000E+00,    0.0000000000E+00,    0.0000000000E+00,    5.3667877794E+01
     71300,      0.676929,CP7_after_upper_clamp,   1,    0.0000000000E+00,    5.3667877794E+01,    5.3667877794E+01,    0.0000000000E+00,    0.0000000000E+00,    0.0000000000E+00,    5.3667877794E+01
     71300,      0.676929,CP8_after_OBC,   1,    0.0000000000E+00,    5.3667877794E+01,    5.3667877794E+01,    0.0000000000E+00,    0.0000000000E+00,    0.0000000000E+00,    5.3667877794E+01
     71300,      0.676929,CP9_after_PTsource,   1,    0.0000000000E+00,    5.3667877794E+01,    5.3667877794E+01,    0.0000000000E+00,    0.0000000000E+00,    0.0000000000E+00,    5.3667877794E+01
     71300,      0.676929,CP10_after_neg_clamp,   1,    0.0000000000E+00,    5.3667877794E+01,    5.3667877794E+01,    0.0000000000E+00,    0.0000000000E+00,    0.0000000000E+00,    5.3667877794E+01
     71300,      0.676929,CP11_after_MPI,   1,    0.0000000000E+00,    5.3667877794E+01,    5.3667877794E+01,    0.0000000000E+00,    0.0000000000E+00,    0.0000000000E+00,    5.3667877794E+01
     71300,      0.676929,CP12_end,   1,    0.0000000000E+00,    5.3667877794E+01,    5.3667877794E+01,    0.0000000000E+00,    0.0000000000E+00,    0.0000000000E+00,    5.3667877794E+01
     71350,      0.676929,CP0_start,   1,    0.0000000000E+00,    5.3738738438E+01,    5.3738738438E+01,    0.0000000000E+00,    0.0000000000E+00,    0.0000000000E+00,    5.3738738438E+01
     71350,      0.676929,CP1_after_deposition,   1,    0.0000000000E+00,    5.3738738438E+01,    5.3738738438E+01,    0.0000000000E+00,    0.0000000000E+00,    0.0000000000E+00,    5.3738738438E+01
     71350,      0.676929,CP2_after_erosion,   1,    0.0000000000E+00,    5.3738738438E+01,    5.3738738438E+01,    0.0000000000E+00,    0.0000000000E+00,    0.0000000000E+00,    5.3738738438E+01
     71350,      0.676929,CP3_after_update_bottom,   1,    0.0000000000E+00,    5.3738738438E+01,    5.3738738438E+01,    0.0000000000E+00,    0.0000000000E+00,    0.0000000000E+00,    5.3738738438E+01
     71350,      0.676929,CP4_after_advection,   1,    0.0000000000E+00,    5.3739288442E+01,    5.3739288442E+01,    0.0000000000E+00,    0.0000000000E+00,    0.0000000000E+00,    5.3739288442E+01
     71350,      0.676929,CP5_after_vdif,   1,    0.0000000000E+00,    5.3739288442E+01,    5.3739288442E+01,    0.0000000000E+00,    0.0000000000E+00,    0.0000000000E+00,    5.3739288442E+01
     71350,      0.676929,CP6_after_kinetics,   1,    0.0000000000E+00,    5.3739288442E+01,    5.3739288442E+01,    0.0000000000E+00,    0.0000000000E+00,    0.0000000000E+00,    5.3739288442E+01
     71350,      0.676929,CP7_after_upper_clamp,   1,    0.0000000000E+00,    5.3739288442E+01,    5.3739288442E+01,    0.0000000000E+00,    0.0000000000E+00,    0.0000000000E+00,    5.3739288442E+01
     71350,      0.676929,CP8_after_OBC,   1,    0.0000000000E+00,    5.3739288442E+01,    5.3739288442E+01,    0.0000000000E+00,    0.0000000000E+00,    0.0000000000E+00,    5.3739288442E+01
     71350,      0.676929,CP9_after_PTsource,   1,    0.0000000000E+00,    5.3739288442E+01,    5.3739288442E+01,    0.0000000000E+00,    0.0000000000E+00,    0.0000000000E+00,    5.3739288442E+01
     71350,      0.676929,CP10_after_neg_clamp,   1,    0.0000000000E+00,    5.3739288442E+01,    5.3739288442E+01,    0.0000000000E+00,    0.0000000000E+00,    0.0000000000E+00,    5.3739288442E+01
     71350,      0.676929,CP11_after_MPI,   1,    0.0000000000E+00,    5.3739288442E+01,    5.3739288442E+01,    0.0000000000E+00,    0.0000000000E+00,    0.0000000000E+00,    5.3739288442E+01
     71350,      0.676929,CP12_end,   1,    0.0000000000E+00,    5.3739288442E+01,    5.3739288442E+01,    0.0000000000E+00,    0.0000000000E+00,    0.0000000000E+00,    5.3739288442E+01
     71400,      0.676929,CP0_start,   1,    0.0000000000E+00,    5.3810158500E+01,    5.3810158500E+01,    0.0000000000E+00,    0.0000000000E+00,    0.0000000000E+00,    5.3810158500E+01
     71400,      0.676929,CP1_after_deposition,   1,    0.0000000000E+00,    5.3810158500E+01,    5.3810158500E+01,    0.0000000000E+00,    0.0000000000E+00,    0.0000000000E+00,    5.3810158500E+01
     71400,      0.676929,CP2_after_erosion,   1,    0.0000000000E+00,    5.3810158500E+01,    5.3810158500E+01,    0.0000000000E+00,    0.0000000000E+00,    0.0000000000E+00,    5.3810158500E+01
     71400,      0.676929,CP3_after_update_bottom,   1,    0.0000000000E+00,    5.3810158500E+01,    5.3810158500E+01,    0.0000000000E+00,    0.0000000000E+00,    0.0000000000E+00,    5.3810158500E+01
     71400,      0.676929,CP4_after_advection,   1,    0.0000000000E+00,    5.3810724980E+01,    5.3810724980E+01,    0.0000000000E+00,    0.0000000000E+00,    0.0000000000E+00,    5.3810724980E+01
     71400,      0.676929,CP5_after_vdif,   1,    0.0000000000E+00,    5.3810724980E+01,    5.3810724980E+01,    0.0000000000E+00,    0.0000000000E+00,    0.0000000000E+00,    5.3810724980E+01
     71400,      0.676929,CP6_after_kinetics,   1,    0.0000000000E+00,    5.3810724980E+01,    5.3810724980E+01,    0.0000000000E+00,    0.0000000000E+00,    0.0000000000E+00,    5.3810724980E+01
     71400,      0.676929,CP7_after_upper_clamp,   1,    0.0000000000E+00,    5.3810724980E+01,    5.3810724980E+01,    0.0000000000E+00,    0.0000000000E+00,    0.0000000000E+00,    5.3810724980E+01
     71400,      0.676929,CP8_after_OBC,   1,    0.0000000000E+00,    5.3810724980E+01,    5.3810724980E+01,    0.0000000000E+00,    0.0000000000E+00,    0.0000000000E+00,    5.3810724980E+01
     71400,      0.676929,CP9_after_PTsource,   1,    0.0000000000E+00,    5.3810724980E+01,    5.3810724980E+01,    0.0000000000E+00,    0.0000000000E+00,    0.0000000000E+00,    5.3810724980E+01
     71400,      0.676929,CP10_after_neg_clamp,   1,    0.0000000000E+00,    5.3810724980E+01,    5.3810724980E+01,    0.0000000000E+00,    0.0000000000E+00,    0.0000000000E+00,    5.3810724980E+01
     71400,      0.676929,CP11_after_MPI,   1,    0.0000000000E+00,    5.3810724980E+01,    5.3810724980E+01,    0.0000000000E+00,    0.0000000000E+00,    0.0000000000E+00,    5.3810724980E+01
     71400,      0.676929,CP12_end,   1,    0.0000000000E+00,    5.3810724980E+01,    5.3810724980E+01,    0.0000000000E+00,    0.0000000000E+00,    0.0000000000E+00,    5.3810724980E+01
     71450,      0.676929,CP0_start,   1,    0.0000000000E+00,    5.3881577075E+01,    5.3881577075E+01,    0.0000000000E+00,    0.0000000000E+00,    0.0000000000E+00,    5.3881577075E+01
     71450,      0.676929,CP1_after_deposition,   1,    0.0000000000E+00,    5.3881577075E+01,    5.3881577075E+01,    0.0000000000E+00,    0.0000000000E+00,    0.0000000000E+00,    5.3881577075E+01
     71450,      0.676929,CP2_after_erosion,   1,    0.0000000000E+00,    5.3881577075E+01,    5.3881577075E+01,    0.0000000000E+00,    0.0000000000E+00,    0.0000000000E+00,    5.3881577075E+01
     71450,      0.676929,CP3_after_update_bottom,   1,    0.0000000000E+00,    5.3881577075E+01,    5.3881577075E+01,    0.0000000000E+00,    0.0000000000E+00,    0.0000000000E+00,    5.3881577075E+01
     71450,      0.676929,CP4_after_advection,   1,    0.0000000000E+00,    5.3882160503E+01,    5.3882160503E+01,    0.0000000000E+00,    0.0000000000E+00,    0.0000000000E+00,    5.3882160503E+01
     71450,      0.676929,CP5_after_vdif,   1,    0.0000000000E+00,    5.3882160503E+01,    5.3882160503E+01,    0.0000000000E+00,    0.0000000000E+00,    0.0000000000E+00,    5.3882160503E+01
     71450,      0.676929,CP6_after_kinetics,   1,    0.0000000000E+00,    5.3882160503E+01,    5.3882160503E+01,    0.0000000000E+00,    0.0000000000E+00,    0.0000000000E+00,    5.3882160503E+01
     71450,      0.676929,CP7_after_upper_clamp,   1,    0.0000000000E+00,    5.3882160503E+01,    5.3882160503E+01,    0.0000000000E+00,    0.0000000000E+00,    0.0000000000E+00,    5.3882160503E+01
     71450,      0.676929,CP8_after_OBC,   1,    0.0000000000E+00,    5.3882160503E+01,    5.3882160503E+01,    0.0000000000E+00,    0.0000000000E+00,    0.0000000000E+00,    5.3882160503E+01
     71450,      0.676929,CP9_after_PTsource,   1,    0.0000000000E+00,    5.3882160503E+01,    5.3882160503E+01,    0.0000000000E+00,    0.0000000000E+00,    0.0000000000E+00,    5.3882160503E+01
     71450,      0.676929,CP10_after_neg_clamp,   1,    0.0000000000E+00,    5.3882160503E+01,    5.3882160503E+01,    0.0000000000E+00,    0.0000000000E+00,    0.0000000000E+00,    5.3882160503E+01
     71450,      0.676929,CP11_after_MPI,   1,    0.0000000000E+00,    5.3882160503E+01,    5.3882160503E+01,    0.0000000000E+00,    0.0000000000E+00,    0.0000000000E+00,    5.3882160503E+01
     71450,      0.676929,CP12_end,   1,    0.0000000000E+00,    5.3882160503E+01,    5.3882160503E+01,    0.0000000000E+00,    0.0000000000E+00,    0.0000000000E+00,    5.3882160503E+01
     71500,      0.676929,CP0_start,   1,    0.0000000000E+00,    5.3952991614E+01,    5.3952991614E+01,    0.0000000000E+00,    0.0000000000E+00,    0.0000000000E+00,    5.3952991614E+01
     71500,      0.676929,CP1_after_deposition,   1,    0.0000000000E+00,    5.3952991614E+01,    5.3952991614E+01,    0.0000000000E+00,    0.0000000000E+00,    0.0000000000E+00,    5.3952991614E+01
     71500,      0.676929,CP2_after_erosion,   1,    0.0000000000E+00,    5.3952991614E+01,    5.3952991614E+01,    0.0000000000E+00,    0.0000000000E+00,    0.0000000000E+00,    5.3952991614E+01
     71500,      0.676929,CP3_after_update_bottom,   1,    0.0000000000E+00,    5.3952991614E+01,    5.3952991614E+01,    0.0000000000E+00,    0.0000000000E+00,    0.0000000000E+00,    5.3952991614E+01
     71500,      0.676929,CP4_after_advection,   1,    0.0000000000E+00,    5.3953593675E+01,    5.3953593675E+01,    0.0000000000E+00,    0.0000000000E+00,    0.0000000000E+00,    5.3953593675E+01
     71500,      0.676929,CP5_after_vdif,   1,    0.0000000000E+00,    5.3953593675E+01,    5.3953593675E+01,    0.0000000000E+00,    0.0000000000E+00,    0.0000000000E+00,    5.3953593675E+01
     71500,      0.676929,CP6_after_kinetics,   1,    0.0000000000E+00,    5.3953593675E+01,    5.3953593675E+01,    0.0000000000E+00,    0.0000000000E+00,    0.0000000000E+00,    5.3953593675E+01
     71500,      0.676929,CP7_after_upper_clamp,   1,    0.0000000000E+00,    5.3953593675E+01,    5.3953593675E+01,    0.0000000000E+00,    0.0000000000E+00,    0.0000000000E+00,    5.3953593675E+01
     71500,      0.676929,CP8_after_OBC,   1,    0.0000000000E+00,    5.3953593675E+01,    5.3953593675E+01,    0.0000000000E+00,    0.0000000000E+00,    0.0000000000E+00,    5.3953593675E+01
     71500,      0.676929,CP9_after_PTsource,   1,    0.0000000000E+00,    5.3953593675E+01,    5.3953593675E+01,    0.0000000000E+00,    0.0000000000E+00,    0.0000000000E+00,    5.3953593675E+01
     71500,      0.676929,CP10_after_neg_clamp,   1,    0.0000000000E+00,    5.3953593675E+01,    5.3953593675E+01,    0.0000000000E+00,    0.0000000000E+00,    0.0000000000E+00,    5.3953593675E+01
     71500,      0.676929,CP11_after_MPI,   1,    0.0000000000E+00,    5.3953593675E+01,    5.3953593675E+01,    0.0000000000E+00,    0.0000000000E+00,    0.0000000000E+00,    5.3953593675E+01
     71500,      0.676929,CP12_end,   1,    0.0000000000E+00,    5.3953593675E+01,    5.3953593675E+01,    0.0000000000E+00,    0.0000000000E+00,    0.0000000000E+00,    5.3953593675E+01
     71550,      0.676929,CP0_start,   1,    0.0000000000E+00,    5.4024432643E+01,    5.4024432643E+01,    0.0000000000E+00,    0.0000000000E+00,    0.0000000000E+00,    5.4024432643E+01
     71550,      0.676929,CP1_after_deposition,   1,    0.0000000000E+00,    5.4024432643E+01,    5.4024432643E+01,    0.0000000000E+00,    0.0000000000E+00,    0.0000000000E+00,    5.4024432643E+01
     71550,      0.676929,CP2_after_erosion,   1,    0.0000000000E+00,    5.4024432643E+01,    5.4024432643E+01,    0.0000000000E+00,    0.0000000000E+00,    0.0000000000E+00,    5.4024432643E+01
     71550,      0.676929,CP3_after_update_bottom,   1,    0.0000000000E+00,    5.4024432643E+01,    5.4024432643E+01,    0.0000000000E+00,    0.0000000000E+00,    0.0000000000E+00,    5.4024432643E+01
     71550,      0.676929,CP4_after_advection,   1,    0.0000000000E+00,    5.4025052916E+01,    5.4025052916E+01,    0.0000000000E+00,    0.0000000000E+00,    0.0000000000E+00,    5.4025052916E+01
     71550,      0.676929,CP5_after_vdif,   1,    0.0000000000E+00,    5.4025052916E+01,    5.4025052916E+01,    0.0000000000E+00,    0.0000000000E+00,    0.0000000000E+00,    5.4025052916E+01
     71550,      0.676929,CP6_after_kinetics,   1,    0.0000000000E+00,    5.4025052916E+01,    5.4025052916E+01,    0.0000000000E+00,    0.0000000000E+00,    0.0000000000E+00,    5.4025052916E+01
     71550,      0.676929,CP7_after_upper_clamp,   1,    0.0000000000E+00,    5.4025052916E+01,    5.4025052916E+01,    0.0000000000E+00,    0.0000000000E+00,    0.0000000000E+00,    5.4025052916E+01
     71550,      0.676929,CP8_after_OBC,   1,    0.0000000000E+00,    5.4025052916E+01,    5.4025052916E+01,    0.0000000000E+00,    0.0000000000E+00,    0.0000000000E+00,    5.4025052916E+01
     71550,      0.676929,CP9_after_PTsource,   1,    0.0000000000E+00,    5.4025052916E+01,    5.4025052916E+01,    0.0000000000E+00,    0.0000000000E+00,    0.0000000000E+00,    5.4025052916E+01
     71550,      0.676929,CP10_after_neg_clamp,   1,    0.0000000000E+00,    5.4025052916E+01,    5.4025052916E+01,    0.0000000000E+00,    0.0000000000E+00,    0.0000000000E+00,    5.4025052916E+01
     71550,      0.676929,CP11_after_MPI,   1,    0.0000000000E+00,    5.4025052916E+01,    5.4025052916E+01,    0.0000000000E+00,    0.0000000000E+00,    0.0000000000E+00,    5.4025052916E+01
     71550,      0.676929,CP12_end,   1,    0.0000000000E+00,    5.4025052916E+01,    5.4025052916E+01,    0.0000000000E+00,    0.0000000000E+00,    0.0000000000E+00,    5.4025052916E+01
     71600,      0.676929,CP0_start,   1,    0.0000000000E+00,    5.4095897192E+01,    5.4095897192E+01,    0.0000000000E+00,    0.0000000000E+00,    0.0000000000E+00,    5.4095897192E+01
     71600,      0.676929,CP1_after_deposition,   1,    0.0000000000E+00,    5.4095897192E+01,    5.4095897192E+01,    0.0000000000E+00,    0.0000000000E+00,    0.0000000000E+00,    5.4095897192E+01
     71600,      0.676929,CP2_after_erosion,   1,    0.0000000000E+00,    5.4095897192E+01,    5.4095897192E+01,    0.0000000000E+00,    0.0000000000E+00,    0.0000000000E+00,    5.4095897192E+01
     71600,      0.676929,CP3_after_update_bottom,   1,    0.0000000000E+00,    5.4095897192E+01,    5.4095897192E+01,    0.0000000000E+00,    0.0000000000E+00,    0.0000000000E+00,    5.4095897192E+01
     71600,      0.676929,CP4_after_advection,   1,    0.0000000000E+00,    5.4096535411E+01,    5.4096535411E+01,    0.0000000000E+00,    0.0000000000E+00,    0.0000000000E+00,    5.4096535411E+01
     71600,      0.676929,CP5_after_vdif,   1,    0.0000000000E+00,    5.4096535411E+01,    5.4096535411E+01,    0.0000000000E+00,    0.0000000000E+00,    0.0000000000E+00,    5.4096535411E+01
     71600,      0.676929,CP6_after_kinetics,   1,    0.0000000000E+00,    5.4096535411E+01,    5.4096535411E+01,    0.0000000000E+00,    0.0000000000E+00,    0.0000000000E+00,    5.4096535411E+01
     71600,      0.676929,CP7_after_upper_clamp,   1,    0.0000000000E+00,    5.4096535411E+01,    5.4096535411E+01,    0.0000000000E+00,    0.0000000000E+00,    0.0000000000E+00,    5.4096535411E+01
     71600,      0.676929,CP8_after_OBC,   1,    0.0000000000E+00,    5.4096535411E+01,    5.4096535411E+01,    0.0000000000E+00,    0.0000000000E+00,    0.0000000000E+00,    5.4096535411E+01
     71600,      0.676929,CP9_after_PTsource,   1,    0.0000000000E+00,    5.4096535411E+01,    5.4096535411E+01,    0.0000000000E+00,    0.0000000000E+00,    0.0000000000E+00,    5.4096535411E+01
     71600,      0.676929,CP10_after_neg_clamp,   1,    0.0000000000E+00,    5.4096535411E+01,    5.4096535411E+01,    0.0000000000E+00,    0.0000000000E+00,    0.0000000000E+00,    5.4096535411E+01
     71600,      0.676929,CP11_after_MPI,   1,    0.0000000000E+00,    5.4096535411E+01,    5.4096535411E+01,    0.0000000000E+00,    0.0000000000E+00,    0.0000000000E+00,    5.4096535411E+01
     71600,      0.676929,CP12_end,   1,    0.0000000000E+00,    5.4096535411E+01,    5.4096535411E+01,    0.0000000000E+00,    0.0000000000E+00,    0.0000000000E+00,    5.4096535411E+01
     71650,      0.676929,CP0_start,   1,    0.0000000000E+00,    5.4167356863E+01,    5.4167356863E+01,    0.0000000000E+00,    0.0000000000E+00,    0.0000000000E+00,    5.4167356863E+01
     71650,      0.676929,CP1_after_deposition,   1,    0.0000000000E+00,    5.4167356863E+01,    5.4167356863E+01,    0.0000000000E+00,    0.0000000000E+00,    0.0000000000E+00,    5.4167356863E+01
     71650,      0.676929,CP2_after_erosion,   1,    0.0000000000E+00,    5.4167356863E+01,    5.4167356863E+01,    0.0000000000E+00,    0.0000000000E+00,    0.0000000000E+00,    5.4167356863E+01
     71650,      0.676929,CP3_after_update_bottom,   1,    0.0000000000E+00,    5.4167356863E+01,    5.4167356863E+01,    0.0000000000E+00,    0.0000000000E+00,    0.0000000000E+00,    5.4167356863E+01
     71650,      0.676929,CP4_after_advection,   1,    0.0000000000E+00,    5.4168012930E+01,    5.4168012930E+01,    0.0000000000E+00,    0.0000000000E+00,    0.0000000000E+00,    5.4168012930E+01
     71650,      0.676929,CP5_after_vdif,   1,    0.0000000000E+00,    5.4168012930E+01,    5.4168012930E+01,    0.0000000000E+00,    0.0000000000E+00,    0.0000000000E+00,    5.4168012930E+01
     71650,      0.676929,CP6_after_kinetics,   1,    0.0000000000E+00,    5.4168012930E+01,    5.4168012930E+01,    0.0000000000E+00,    0.0000000000E+00,    0.0000000000E+00,    5.4168012930E+01
     71650,      0.676929,CP7_after_upper_clamp,   1,    0.0000000000E+00,    5.4168012930E+01,    5.4168012930E+01,    0.0000000000E+00,    0.0000000000E+00,    0.0000000000E+00,    5.4168012930E+01
     71650,      0.676929,CP8_after_OBC,   1,    0.0000000000E+00,    5.4168012930E+01,    5.4168012930E+01,    0.0000000000E+00,    0.0000000000E+00,    0.0000000000E+00,    5.4168012930E+01
     71650,      0.676929,CP9_after_PTsource,   1,    0.0000000000E+00,    5.4168012930E+01,    5.4168012930E+01,    0.0000000000E+00,    0.0000000000E+00,    0.0000000000E+00,    5.4168012930E+01
     71650,      0.676929,CP10_after_neg_clamp,   1,    0.0000000000E+00,    5.4168012930E+01,    5.4168012930E+01,    0.0000000000E+00,    0.0000000000E+00,    0.0000000000E+00,    5.4168012930E+01
     71650,      0.676929,CP11_after_MPI,   1,    0.0000000000E+00,    5.4168012930E+01,    5.4168012930E+01,    0.0000000000E+00,    0.0000000000E+00,    0.0000000000E+00,    5.4168012930E+01
     71650,      0.676929,CP12_end,   1,    0.0000000000E+00,    5.4168012930E+01,    5.4168012930E+01,    0.0000000000E+00,    0.0000000000E+00,    0.0000000000E+00,    5.4168012930E+01
     71700,      0.676929,CP0_start,   1,    0.0000000000E+00,    5.4238808890E+01,    5.4238808890E+01,    0.0000000000E+00,    0.0000000000E+00,    0.0000000000E+00,    5.4238808890E+01
     71700,      0.676929,CP1_after_deposition,   1,    0.0000000000E+00,    5.4238808890E+01,    5.4238808890E+01,    0.0000000000E+00,    0.0000000000E+00,    0.0000000000E+00,    5.4238808890E+01
     71700,      0.676929,CP2_after_erosion,   1,    0.0000000000E+00,    5.4238808890E+01,    5.4238808890E+01,    0.0000000000E+00,    0.0000000000E+00,    0.0000000000E+00,    5.4238808890E+01
     71700,      0.676929,CP3_after_update_bottom,   1,    0.0000000000E+00,    5.4238808890E+01,    5.4238808890E+01,    0.0000000000E+00,    0.0000000000E+00,    0.0000000000E+00,    5.4238808890E+01
     71700,      0.676929,CP4_after_advection,   1,    0.0000000000E+00,    5.4239483310E+01,    5.4239483310E+01,    0.0000000000E+00,    0.0000000000E+00,    0.0000000000E+00,    5.4239483310E+01
     71700,      0.676929,CP5_after_vdif,   1,    0.0000000000E+00,    5.4239483310E+01,    5.4239483310E+01,    0.0000000000E+00,    0.0000000000E+00,    0.0000000000E+00,    5.4239483310E+01
     71700,      0.676929,CP6_after_kinetics,   1,    0.0000000000E+00,    5.4239483310E+01,    5.4239483310E+01,    0.0000000000E+00,    0.0000000000E+00,    0.0000000000E+00,    5.4239483310E+01
     71700,      0.676929,CP7_after_upper_clamp,   1,    0.0000000000E+00,    5.4239483310E+01,    5.4239483310E+01,    0.0000000000E+00,    0.0000000000E+00,    0.0000000000E+00,    5.4239483310E+01
     71700,      0.676929,CP8_after_OBC,   1,    0.0000000000E+00,    5.4239483310E+01,    5.4239483310E+01,    0.0000000000E+00,    0.0000000000E+00,    0.0000000000E+00,    5.4239483310E+01
     71700,      0.676929,CP9_after_PTsource,   1,    0.0000000000E+00,    5.4239483310E+01,    5.4239483310E+01,    0.0000000000E+00,    0.0000000000E+00,    0.0000000000E+00,    5.4239483310E+01
     71700,      0.676929,CP10_after_neg_clamp,   1,    0.0000000000E+00,    5.4239483310E+01,    5.4239483310E+01,    0.0000000000E+00,    0.0000000000E+00,    0.0000000000E+00,    5.4239483310E+01
     71700,      0.676929,CP11_after_MPI,   1,    0.0000000000E+00,    5.4239483310E+01,    5.4239483310E+01,    0.0000000000E+00,    0.0000000000E+00,    0.0000000000E+00,    5.4239483310E+01
     71700,      0.676929,CP12_end,   1,    0.0000000000E+00,    5.4239483310E+01,    5.4239483310E+01,    0.0000000000E+00,    0.0000000000E+00,    0.0000000000E+00,    5.4239483310E+01
     71750,      0.676929,CP0_start,   1,    0.0000000000E+00,    5.4310221606E+01,    5.4310221606E+01,    0.0000000000E+00,    0.0000000000E+00,    0.0000000000E+00,    5.4310221606E+01
     71750,      0.676929,CP1_after_deposition,   1,    0.0000000000E+00,    5.4310221606E+01,    5.4310221606E+01,    0.0000000000E+00,    0.0000000000E+00,    0.0000000000E+00,    5.4310221606E+01
     71750,      0.676929,CP2_after_erosion,   1,    0.0000000000E+00,    5.4310221606E+01,    5.4310221606E+01,    0.0000000000E+00,    0.0000000000E+00,    0.0000000000E+00,    5.4310221606E+01
     71750,      0.676929,CP3_after_update_bottom,   1,    0.0000000000E+00,    5.4310221606E+01,    5.4310221606E+01,    0.0000000000E+00,    0.0000000000E+00,    0.0000000000E+00,    5.4310221606E+01
     71750,      0.676929,CP4_after_advection,   1,    0.0000000000E+00,    5.4310912998E+01,    5.4310912998E+01,    0.0000000000E+00,    0.0000000000E+00,    0.0000000000E+00,    5.4310912998E+01
     71750,      0.676929,CP5_after_vdif,   1,    0.0000000000E+00,    5.4310912998E+01,    5.4310912998E+01,    0.0000000000E+00,    0.0000000000E+00,    0.0000000000E+00,    5.4310912998E+01
     71750,      0.676929,CP6_after_kinetics,   1,    0.0000000000E+00,    5.4310912998E+01,    5.4310912998E+01,    0.0000000000E+00,    0.0000000000E+00,    0.0000000000E+00,    5.4310912998E+01
     71750,      0.676929,CP7_after_upper_clamp,   1,    0.0000000000E+00,    5.4310912998E+01,    5.4310912998E+01,    0.0000000000E+00,    0.0000000000E+00,    0.0000000000E+00,    5.4310912998E+01
     71750,      0.676929,CP8_after_OBC,   1,    0.0000000000E+00,    5.4310912998E+01,    5.4310912998E+01,    0.0000000000E+00,    0.0000000000E+00,    0.0000000000E+00,    5.4310912998E+01
     71750,      0.676929,CP9_after_PTsource,   1,    0.0000000000E+00,    5.4310912998E+01,    5.4310912998E+01,    0.0000000000E+00,    0.0000000000E+00,    0.0000000000E+00,    5.4310912998E+01
     71750,      0.676929,CP10_after_neg_clamp,   1,    0.0000000000E+00,    5.4310912998E+01,    5.4310912998E+01,    0.0000000000E+00,    0.0000000000E+00,    0.0000000000E+00,    5.4310912998E+01
     71750,      0.676929,CP11_after_MPI,   1,    0.0000000000E+00,    5.4310912998E+01,    5.4310912998E+01,    0.0000000000E+00,    0.0000000000E+00,    0.0000000000E+00,    5.4310912998E+01
     71750,      0.676929,CP12_end,   1,    0.0000000000E+00,    5.4310912998E+01,    5.4310912998E+01,    0.0000000000E+00,    0.0000000000E+00,    0.0000000000E+00,    5.4310912998E+01
     71800,      0.676929,CP0_start,   1,    0.0000000000E+00,    5.4381520361E+01,    5.4381520361E+01,    0.0000000000E+00,    0.0000000000E+00,    0.0000000000E+00,    5.4381520361E+01
     71800,      0.676929,CP1_after_deposition,   1,    0.0000000000E+00,    5.4381520361E+01,    5.4381520361E+01,    0.0000000000E+00,    0.0000000000E+00,    0.0000000000E+00,    5.4381520361E+01
     71800,      0.676929,CP2_after_erosion,   1,    0.0000000000E+00,    5.4381520361E+01,    5.4381520361E+01,    0.0000000000E+00,    0.0000000000E+00,    0.0000000000E+00,    5.4381520361E+01
     71800,      0.676929,CP3_after_update_bottom,   1,    0.0000000000E+00,    5.4381520361E+01,    5.4381520361E+01,    0.0000000000E+00,    0.0000000000E+00,    0.0000000000E+00,    5.4381520361E+01
     71800,      0.676929,CP4_after_advection,   1,    0.0000000000E+00,    5.4382231926E+01,    5.4382231926E+01,    0.0000000000E+00,    0.0000000000E+00,    0.0000000000E+00,    5.4382231926E+01
     71800,      0.676929,CP5_after_vdif,   1,    0.0000000000E+00,    5.4382231926E+01,    5.4382231926E+01,    0.0000000000E+00,    0.0000000000E+00,    0.0000000000E+00,    5.4382231926E+01
     71800,      0.676929,CP6_after_kinetics,   1,    0.0000000000E+00,    5.4382231926E+01,    5.4382231926E+01,    0.0000000000E+00,    0.0000000000E+00,    0.0000000000E+00,    5.4382231926E+01
     71800,      0.676929,CP7_after_upper_clamp,   1,    0.0000000000E+00,    5.4382231926E+01,    5.4382231926E+01,    0.0000000000E+00,    0.0000000000E+00,    0.0000000000E+00,    5.4382231926E+01
     71800,      0.676929,CP8_after_OBC,   1,    0.0000000000E+00,    5.4382231926E+01,    5.4382231926E+01,    0.0000000000E+00,    0.0000000000E+00,    0.0000000000E+00,    5.4382231926E+01
     71800,      0.676929,CP9_after_PTsource,   1,    0.0000000000E+00,    5.4382231926E+01,    5.4382231926E+01,    0.0000000000E+00,    0.0000000000E+00,    0.0000000000E+00,    5.4382231926E+01
     71800,      0.676929,CP10_after_neg_clamp,   1,    0.0000000000E+00,    5.4382231926E+01,    5.4382231926E+01,    0.0000000000E+00,    0.0000000000E+00,    0.0000000000E+00,    5.4382231926E+01
     71800,      0.676929,CP11_after_MPI,   1,    0.0000000000E+00,    5.4382231926E+01,    5.4382231926E+01,    0.0000000000E+00,    0.0000000000E+00,    0.0000000000E+00,    5.4382231926E+01
     71800,      0.676929,CP12_end,   1,    0.0000000000E+00,    5.4382231926E+01,    5.4382231926E+01,    0.0000000000E+00,    0.0000000000E+00,    0.0000000000E+00,    5.4382231926E+01
     71850,      0.676929,CP0_start,   1,    0.0000000000E+00,    5.4452658541E+01,    5.4452658541E+01,    0.0000000000E+00,    0.0000000000E+00,    0.0000000000E+00,    5.4452658541E+01
     71850,      0.676929,CP1_after_deposition,   1,    0.0000000000E+00,    5.4452658541E+01,    5.4452658541E+01,    0.0000000000E+00,    0.0000000000E+00,    0.0000000000E+00,    5.4452658541E+01
     71850,      0.676929,CP2_after_erosion,   1,    0.0000000000E+00,    5.4452658541E+01,    5.4452658541E+01,    0.0000000000E+00,    0.0000000000E+00,    0.0000000000E+00,    5.4452658541E+01
     71850,      0.676929,CP3_after_update_bottom,   1,    0.0000000000E+00,    5.4452658541E+01,    5.4452658541E+01,    0.0000000000E+00,    0.0000000000E+00,    0.0000000000E+00,    5.4452658541E+01
     71850,      0.676929,CP4_after_advection,   1,    0.0000000000E+00,    5.4453389461E+01,    5.4453389461E+01,    0.0000000000E+00,    0.0000000000E+00,    0.0000000000E+00,    5.4453389461E+01
     71850,      0.676929,CP5_after_vdif,   1,    0.0000000000E+00,    5.4453389461E+01,    5.4453389461E+01,    0.0000000000E+00,    0.0000000000E+00,    0.0000000000E+00,    5.4453389461E+01
     71850,      0.676929,CP6_after_kinetics,   1,    0.0000000000E+00,    5.4453389461E+01,    5.4453389461E+01,    0.0000000000E+00,    0.0000000000E+00,    0.0000000000E+00,    5.4453389461E+01
     71850,      0.676929,CP7_after_upper_clamp,   1,    0.0000000000E+00,    5.4453389461E+01,    5.4453389461E+01,    0.0000000000E+00,    0.0000000000E+00,    0.0000000000E+00,    5.4453389461E+01
     71850,      0.676929,CP8_after_OBC,   1,    0.0000000000E+00,    5.4453389461E+01,    5.4453389461E+01,    0.0000000000E+00,    0.0000000000E+00,    0.0000000000E+00,    5.4453389461E+01
     71850,      0.676929,CP9_after_PTsource,   1,    0.0000000000E+00,    5.4453389461E+01,    5.4453389461E+01,    0.0000000000E+00,    0.0000000000E+00,    0.0000000000E+00,    5.4453389461E+01
     71850,      0.676929,CP10_after_neg_clamp,   1,    0.0000000000E+00,    5.4453389461E+01,    5.4453389461E+01,    0.0000000000E+00,    0.0000000000E+00,    0.0000000000E+00,    5.4453389461E+01
     71850,      0.676929,CP11_after_MPI,   1,    0.0000000000E+00,    5.4453389461E+01,    5.4453389461E+01,    0.0000000000E+00,    0.0000000000E+00,    0.0000000000E+00,    5.4453389461E+01
     71850,      0.676929,CP12_end,   1,    0.0000000000E+00,    5.4453389461E+01,    5.4453389461E+01,    0.0000000000E+00,    0.0000000000E+00,    0.0000000000E+00,    5.4453389461E+01
     71900,      0.676929,CP0_start,   1,    0.0000000000E+00,    5.4523560833E+01,    5.4523560833E+01,    0.0000000000E+00,    0.0000000000E+00,    0.0000000000E+00,    5.4523560833E+01
     71900,      0.676929,CP1_after_deposition,   1,    0.0000000000E+00,    5.4523560833E+01,    5.4523560833E+01,    0.0000000000E+00,    0.0000000000E+00,    0.0000000000E+00,    5.4523560833E+01
     71900,      0.676929,CP2_after_erosion,   1,    0.0000000000E+00,    5.4523560833E+01,    5.4523560833E+01,    0.0000000000E+00,    0.0000000000E+00,    0.0000000000E+00,    5.4523560833E+01
     71900,      0.676929,CP3_after_update_bottom,   1,    0.0000000000E+00,    5.4523560833E+01,    5.4523560833E+01,    0.0000000000E+00,    0.0000000000E+00,    0.0000000000E+00,    5.4523560833E+01
     71900,      0.676929,CP4_after_advection,   1,    0.0000000000E+00,    5.4524308931E+01,    5.4524308931E+01,    0.0000000000E+00,    0.0000000000E+00,    0.0000000000E+00,    5.4524308931E+01
     71900,      0.676929,CP5_after_vdif,   1,    0.0000000000E+00,    5.4524308931E+01,    5.4524308931E+01,    0.0000000000E+00,    0.0000000000E+00,    0.0000000000E+00,    5.4524308931E+01
     71900,      0.676929,CP6_after_kinetics,   1,    0.0000000000E+00,    5.4524308931E+01,    5.4524308931E+01,    0.0000000000E+00,    0.0000000000E+00,    0.0000000000E+00,    5.4524308931E+01
     71900,      0.676929,CP7_after_upper_clamp,   1,    0.0000000000E+00,    5.4524308931E+01,    5.4524308931E+01,    0.0000000000E+00,    0.0000000000E+00,    0.0000000000E+00,    5.4524308931E+01
     71900,      0.676929,CP8_after_OBC,   1,    0.0000000000E+00,    5.4524308931E+01,    5.4524308931E+01,    0.0000000000E+00,    0.0000000000E+00,    0.0000000000E+00,    5.4524308931E+01
     71900,      0.676929,CP9_after_PTsource,   1,    0.0000000000E+00,    5.4524308931E+01,    5.4524308931E+01,    0.0000000000E+00,    0.0000000000E+00,    0.0000000000E+00,    5.4524308931E+01
     71900,      0.676929,CP10_after_neg_clamp,   1,    0.0000000000E+00,    5.4524308931E+01,    5.4524308931E+01,    0.0000000000E+00,    0.0000000000E+00,    0.0000000000E+00,    5.4524308931E+01
     71900,      0.676929,CP11_after_MPI,   1,    0.0000000000E+00,    5.4524308931E+01,    5.4524308931E+01,    0.0000000000E+00,    0.0000000000E+00,    0.0000000000E+00,    5.4524308931E+01
     71900,      0.676929,CP12_end,   1,    0.0000000000E+00,    5.4524308931E+01,    5.4524308931E+01,    0.0000000000E+00,    0.0000000000E+00,    0.0000000000E+00,    5.4524308931E+01
     71950,      0.676929,CP0_start,   1,    0.0000000000E+00,    5.4594129297E+01,    5.4594129297E+01,    0.0000000000E+00,    0.0000000000E+00,    0.0000000000E+00,    5.4594129297E+01
     71950,      0.676929,CP1_after_deposition,   1,    0.0000000000E+00,    5.4594129297E+01,    5.4594129297E+01,    0.0000000000E+00,    0.0000000000E+00,    0.0000000000E+00,    5.4594129297E+01
     71950,      0.676929,CP2_after_erosion,   1,    0.0000000000E+00,    5.4594129297E+01,    5.4594129297E+01,    0.0000000000E+00,    0.0000000000E+00,    0.0000000000E+00,    5.4594129297E+01
     71950,      0.676929,CP3_after_update_bottom,   1,    0.0000000000E+00,    5.4594129297E+01,    5.4594129297E+01,    0.0000000000E+00,    0.0000000000E+00,    0.0000000000E+00,    5.4594129297E+01
     71950,      0.676929,CP4_after_advection,   1,    0.0000000000E+00,    5.4594895210E+01,    5.4594895210E+01,    0.0000000000E+00,    0.0000000000E+00,    0.0000000000E+00,    5.4594895210E+01
     71950,      0.676929,CP5_after_vdif,   1,    0.0000000000E+00,    5.4594895210E+01,    5.4594895210E+01,    0.0000000000E+00,    0.0000000000E+00,    0.0000000000E+00,    5.4594895210E+01
     71950,      0.676929,CP6_after_kinetics,   1,    0.0000000000E+00,    5.4594895210E+01,    5.4594895210E+01,    0.0000000000E+00,    0.0000000000E+00,    0.0000000000E+00,    5.4594895210E+01
     71950,      0.676929,CP7_after_upper_clamp,   1,    0.0000000000E+00,    5.4594895210E+01,    5.4594895210E+01,    0.0000000000E+00,    0.0000000000E+00,    0.0000000000E+00,    5.4594895210E+01
     71950,      0.676929,CP8_after_OBC,   1,    0.0000000000E+00,    5.4594895210E+01,    5.4594895210E+01,    0.0000000000E+00,    0.0000000000E+00,    0.0000000000E+00,    5.4594895210E+01
     71950,      0.676929,CP9_after_PTsource,   1,    0.0000000000E+00,    5.4594895210E+01,    5.4594895210E+01,    0.0000000000E+00,    0.0000000000E+00,    0.0000000000E+00,    5.4594895210E+01
     71950,      0.676929,CP10_after_neg_clamp,   1,    0.0000000000E+00,    5.4594895210E+01,    5.4594895210E+01,    0.0000000000E+00,    0.0000000000E+00,    0.0000000000E+00,    5.4594895210E+01
     71950,      0.676929,CP11_after_MPI,   1,    0.0000000000E+00,    5.4594895210E+01,    5.4594895210E+01,    0.0000000000E+00,    0.0000000000E+00,    0.0000000000E+00,    5.4594895210E+01
     71950,      0.676929,CP12_end,   1,    0.0000000000E+00,    5.4594895210E+01,    5.4594895210E+01,    0.0000000000E+00,    0.0000000000E+00,    0.0000000000E+00,    5.4594895210E+01
     72000,      0.676929,CP0_start,   1,    0.0000000000E+00,    5.4664300308E+01,    5.4664300308E+01,    0.0000000000E+00,    0.0000000000E+00,    0.0000000000E+00,    5.4664300308E+01
     72000,      0.676929,CP1_after_deposition,   1,    0.0000000000E+00,    5.4664300308E+01,    5.4664300308E+01,    0.0000000000E+00,    0.0000000000E+00,    0.0000000000E+00,    5.4664300308E+01
     72000,      0.676929,CP2_after_erosion,   1,    0.0000000000E+00,    5.4664300308E+01,    5.4664300308E+01,    0.0000000000E+00,    0.0000000000E+00,    0.0000000000E+00,    5.4664300308E+01
     72000,      0.676929,CP3_after_update_bottom,   1,    0.0000000000E+00,    5.4664300308E+01,    5.4664300308E+01,    0.0000000000E+00,    0.0000000000E+00,    0.0000000000E+00,    5.4664300308E+01
     72000,      0.676929,CP4_after_advection,   1,    0.0000000000E+00,    5.4665080722E+01,    5.4665080722E+01,    0.0000000000E+00,    0.0000000000E+00,    0.0000000000E+00,    5.4665080722E+01
     72000,      0.676929,CP5_after_vdif,   1,    0.0000000000E+00,    5.4665080722E+01,    5.4665080722E+01,    0.0000000000E+00,    0.0000000000E+00,    0.0000000000E+00,    5.4665080722E+01
     72000,      0.676929,CP6_after_kinetics,   1,    0.0000000000E+00,    5.4665080722E+01,    5.4665080722E+01,    0.0000000000E+00,    0.0000000000E+00,    0.0000000000E+00,    5.4665080722E+01
     72000,      0.676929,CP7_after_upper_clamp,   1,    0.0000000000E+00,    5.4665080722E+01,    5.4665080722E+01,    0.0000000000E+00,    0.0000000000E+00,    0.0000000000E+00,    5.4665080722E+01
     72000,      0.676929,CP8_after_OBC,   1,    0.0000000000E+00,    5.4665080722E+01,    5.4665080722E+01,    0.0000000000E+00,    0.0000000000E+00,    0.0000000000E+00,    5.4665080722E+01
     72000,      0.676929,CP9_after_PTsource,   1,    0.0000000000E+00,    5.4665080722E+01,    5.4665080722E+01,    0.0000000000E+00,    0.0000000000E+00,    0.0000000000E+00,    5.4665080722E+01
     72000,      0.676929,CP10_after_neg_clamp,   1,    0.0000000000E+00,    5.4665080722E+01,    5.4665080722E+01,    0.0000000000E+00,    0.0000000000E+00,    0.0000000000E+00,    5.4665080722E+01
     72000,      0.676929,CP11_after_MPI,   1,    0.0000000000E+00,    5.4665080722E+01,    5.4665080722E+01,    0.0000000000E+00,    0.0000000000E+00,    0.0000000000E+00,    5.4665080722E+01
     72000,      0.676929,CP12_end,   1,    0.0000000000E+00,    5.4665080722E+01,    5.4665080722E+01,    0.0000000000E+00,    0.0000000000E+00,    0.0000000000E+00,    5.4665080722E+01
     72050,      0.676929,CP0_start,   1,    0.0000000000E+00,    5.4734009105E+01,    5.4734009105E+01,    0.0000000000E+00,    0.0000000000E+00,    0.0000000000E+00,    5.4734009105E+01
     72050,      0.676929,CP1_after_deposition,   1,    0.0000000000E+00,    5.4734009105E+01,    5.4734009105E+01,    0.0000000000E+00,    0.0000000000E+00,    0.0000000000E+00,    5.4734009105E+01
     72050,      0.676929,CP2_after_erosion,   1,    0.0000000000E+00,    5.4734009105E+01,    5.4734009105E+01,    0.0000000000E+00,    0.0000000000E+00,    0.0000000000E+00,    5.4734009105E+01
     72050,      0.676929,CP3_after_update_bottom,   1,    0.0000000000E+00,    5.4734009105E+01,    5.4734009105E+01,    0.0000000000E+00,    0.0000000000E+00,    0.0000000000E+00,    5.4734009105E+01
     72050,      0.676929,CP4_after_advection,   1,    0.0000000000E+00,    5.4734804591E+01,    5.4734804591E+01,    0.0000000000E+00,    0.0000000000E+00,    0.0000000000E+00,    5.4734804591E+01
     72050,      0.676929,CP5_after_vdif,   1,    0.0000000000E+00,    5.4734804591E+01,    5.4734804591E+01,    0.0000000000E+00,    0.0000000000E+00,    0.0000000000E+00,    5.4734804591E+01
     72050,      0.676929,CP6_after_kinetics,   1,    0.0000000000E+00,    5.4734804591E+01,    5.4734804591E+01,    0.0000000000E+00,    0.0000000000E+00,    0.0000000000E+00,    5.4734804591E+01
     72050,      0.676929,CP7_after_upper_clamp,   1,    0.0000000000E+00,    5.4734804591E+01,    5.4734804591E+01,    0.0000000000E+00,    0.0000000000E+00,    0.0000000000E+00,    5.4734804591E+01
     72050,      0.676929,CP8_after_OBC,   1,    0.0000000000E+00,    5.4734804591E+01,    5.4734804591E+01,    0.0000000000E+00,    0.0000000000E+00,    0.0000000000E+00,    5.4734804591E+01
     72050,      0.676929,CP9_after_PTsource,   1,    0.0000000000E+00,    5.4734804591E+01,    5.4734804591E+01,    0.0000000000E+00,    0.0000000000E+00,    0.0000000000E+00,    5.4734804591E+01
     72050,      0.676929,CP10_after_neg_clamp,   1,    0.0000000000E+00,    5.4734804591E+01,    5.4734804591E+01,    0.0000000000E+00,    0.0000000000E+00,    0.0000000000E+00,    5.4734804591E+01
     72050,      0.676929,CP11_after_MPI,   1,    0.0000000000E+00,    5.4734804591E+01,    5.4734804591E+01,    0.0000000000E+00,    0.0000000000E+00,    0.0000000000E+00,    5.4734804591E+01
     72050,      0.676929,CP12_end,   1,    0.0000000000E+00,    5.4734804591E+01,    5.4734804591E+01,    0.0000000000E+00,    0.0000000000E+00,    0.0000000000E+00,    5.4734804591E+01
     72100,      0.676929,CP0_start,   1,    0.0000000000E+00,    5.4803212136E+01,    5.4803212136E+01,    0.0000000000E+00,    0.0000000000E+00,    0.0000000000E+00,    5.4803212136E+01
     72100,      0.676929,CP1_after_deposition,   1,    0.0000000000E+00,    5.4803212136E+01,    5.4803212136E+01,    0.0000000000E+00,    0.0000000000E+00,    0.0000000000E+00,    5.4803212136E+01
     72100,      0.676929,CP2_after_erosion,   1,    0.0000000000E+00,    5.4803212136E+01,    5.4803212136E+01,    0.0000000000E+00,    0.0000000000E+00,    0.0000000000E+00,    5.4803212136E+01
     72100,      0.676929,CP3_after_update_bottom,   1,    0.0000000000E+00,    5.4803212136E+01,    5.4803212136E+01,    0.0000000000E+00,    0.0000000000E+00,    0.0000000000E+00,    5.4803212136E+01
     72100,      0.676929,CP4_after_advection,   1,    0.0000000000E+00,    5.4804020169E+01,    5.4804020169E+01,    0.0000000000E+00,    0.0000000000E+00,    0.0000000000E+00,    5.4804020169E+01
     72100,      0.676929,CP5_after_vdif,   1,    0.0000000000E+00,    5.4804020169E+01,    5.4804020169E+01,    0.0000000000E+00,    0.0000000000E+00,    0.0000000000E+00,    5.4804020169E+01
     72100,      0.676929,CP6_after_kinetics,   1,    0.0000000000E+00,    5.4804020169E+01,    5.4804020169E+01,    0.0000000000E+00,    0.0000000000E+00,    0.0000000000E+00,    5.4804020169E+01
     72100,      0.676929,CP7_after_upper_clamp,   1,    0.0000000000E+00,    5.4804020169E+01,    5.4804020169E+01,    0.0000000000E+00,    0.0000000000E+00,    0.0000000000E+00,    5.4804020169E+01
     72100,      0.676929,CP8_after_OBC,   1,    0.0000000000E+00,    5.4804020169E+01,    5.4804020169E+01,    0.0000000000E+00,    0.0000000000E+00,    0.0000000000E+00,    5.4804020169E+01
     72100,      0.676929,CP9_after_PTsource,   1,    0.0000000000E+00,    5.4804020169E+01,    5.4804020169E+01,    0.0000000000E+00,    0.0000000000E+00,    0.0000000000E+00,    5.4804020169E+01
     72100,      0.676929,CP10_after_neg_clamp,   1,    0.0000000000E+00,    5.4804020169E+01,    5.4804020169E+01,    0.0000000000E+00,    0.0000000000E+00,    0.0000000000E+00,    5.4804020169E+01
     72100,      0.676929,CP11_after_MPI,   1,    0.0000000000E+00,    5.4804020169E+01,    5.4804020169E+01,    0.0000000000E+00,    0.0000000000E+00,    0.0000000000E+00,    5.4804020169E+01
     72100,      0.676929,CP12_end,   1,    0.0000000000E+00,    5.4804020169E+01,    5.4804020169E+01,    0.0000000000E+00,    0.0000000000E+00,    0.0000000000E+00,    5.4804020169E+01
     72150,      0.676929,CP0_start,   1,    0.0000000000E+00,    5.4871888290E+01,    5.4871888290E+01,    0.0000000000E+00,    0.0000000000E+00,    0.0000000000E+00,    5.4871888290E+01
     72150,      0.676929,CP1_after_deposition,   1,    0.0000000000E+00,    5.4871888290E+01,    5.4871888290E+01,    0.0000000000E+00,    0.0000000000E+00,    0.0000000000E+00,    5.4871888290E+01
     72150,      0.676929,CP2_after_erosion,   1,    0.0000000000E+00,    5.4871888290E+01,    5.4871888290E+01,    0.0000000000E+00,    0.0000000000E+00,    0.0000000000E+00,    5.4871888290E+01
     72150,      0.676929,CP3_after_update_bottom,   1,    0.0000000000E+00,    5.4871888290E+01,    5.4871888290E+01,    0.0000000000E+00,    0.0000000000E+00,    0.0000000000E+00,    5.4871888290E+01
     72150,      0.676929,CP4_after_advection,   1,    0.0000000000E+00,    5.4872709550E+01,    5.4872709550E+01,    0.0000000000E+00,    0.0000000000E+00,    0.0000000000E+00,    5.4872709550E+01
     72150,      0.676929,CP5_after_vdif,   1,    0.0000000000E+00,    5.4872709550E+01,    5.4872709550E+01,    0.0000000000E+00,    0.0000000000E+00,    0.0000000000E+00,    5.4872709550E+01
     72150,      0.676929,CP6_after_kinetics,   1,    0.0000000000E+00,    5.4872709550E+01,    5.4872709550E+01,    0.0000000000E+00,    0.0000000000E+00,    0.0000000000E+00,    5.4872709550E+01
     72150,      0.676929,CP7_after_upper_clamp,   1,    0.0000000000E+00,    5.4872709550E+01,    5.4872709550E+01,    0.0000000000E+00,    0.0000000000E+00,    0.0000000000E+00,    5.4872709550E+01
     72150,      0.676929,CP8_after_OBC,   1,    0.0000000000E+00,    5.4872709550E+01,    5.4872709550E+01,    0.0000000000E+00,    0.0000000000E+00,    0.0000000000E+00,    5.4872709550E+01
     72150,      0.676929,CP9_after_PTsource,   1,    0.0000000000E+00,    5.4872709550E+01,    5.4872709550E+01,    0.0000000000E+00,    0.0000000000E+00,    0.0000000000E+00,    5.4872709550E+01
     72150,      0.676929,CP10_after_neg_clamp,   1,    0.0000000000E+00,    5.4872709550E+01,    5.4872709550E+01,    0.0000000000E+00,    0.0000000000E+00,    0.0000000000E+00,    5.4872709550E+01
     72150,      0.676929,CP11_after_MPI,   1,    0.0000000000E+00,    5.4872709550E+01,    5.4872709550E+01,    0.0000000000E+00,    0.0000000000E+00,    0.0000000000E+00,    5.4872709550E+01
     72150,      0.676929,CP12_end,   1,    0.0000000000E+00,    5.4872709550E+01,    5.4872709550E+01,    0.0000000000E+00,    0.0000000000E+00,    0.0000000000E+00,    5.4872709550E+01
     72200,      0.676929,CP0_start,   1,    0.0000000000E+00,    5.4940047456E+01,    5.4940047456E+01,    0.0000000000E+00,    0.0000000000E+00,    0.0000000000E+00,    5.4940047456E+01
     72200,      0.676929,CP1_after_deposition,   1,    0.0000000000E+00,    5.4940047456E+01,    5.4940047456E+01,    0.0000000000E+00,    0.0000000000E+00,    0.0000000000E+00,    5.4940047456E+01
     72200,      0.676929,CP2_after_erosion,   1,    0.0000000000E+00,    5.4940047456E+01,    5.4940047456E+01,    0.0000000000E+00,    0.0000000000E+00,    0.0000000000E+00,    5.4940047456E+01
     72200,      0.676929,CP3_after_update_bottom,   1,    0.0000000000E+00,    5.4940047456E+01,    5.4940047456E+01,    0.0000000000E+00,    0.0000000000E+00,    0.0000000000E+00,    5.4940047456E+01
     72200,      0.676929,CP4_after_advection,   1,    0.0000000000E+00,    5.4940882893E+01,    5.4940882893E+01,    0.0000000000E+00,    0.0000000000E+00,    0.0000000000E+00,    5.4940882893E+01
     72200,      0.676929,CP5_after_vdif,   1,    0.0000000000E+00,    5.4940882893E+01,    5.4940882893E+01,    0.0000000000E+00,    0.0000000000E+00,    0.0000000000E+00,    5.4940882893E+01
     72200,      0.676929,CP6_after_kinetics,   1,    0.0000000000E+00,    5.4940882893E+01,    5.4940882893E+01,    0.0000000000E+00,    0.0000000000E+00,    0.0000000000E+00,    5.4940882893E+01
     72200,      0.676929,CP7_after_upper_clamp,   1,    0.0000000000E+00,    5.4940882893E+01,    5.4940882893E+01,    0.0000000000E+00,    0.0000000000E+00,    0.0000000000E+00,    5.4940882893E+01
     72200,      0.676929,CP8_after_OBC,   1,    0.0000000000E+00,    5.4940882893E+01,    5.4940882893E+01,    0.0000000000E+00,    0.0000000000E+00,    0.0000000000E+00,    5.4940882893E+01
     72200,      0.676929,CP9_after_PTsource,   1,    0.0000000000E+00,    5.4940882893E+01,    5.4940882893E+01,    0.0000000000E+00,    0.0000000000E+00,    0.0000000000E+00,    5.4940882893E+01
     72200,      0.676929,CP10_after_neg_clamp,   1,    0.0000000000E+00,    5.4940882893E+01,    5.4940882893E+01,    0.0000000000E+00,    0.0000000000E+00,    0.0000000000E+00,    5.4940882893E+01
     72200,      0.676929,CP11_after_MPI,   1,    0.0000000000E+00,    5.4940882893E+01,    5.4940882893E+01,    0.0000000000E+00,    0.0000000000E+00,    0.0000000000E+00,    5.4940882893E+01
     72200,      0.676929,CP12_end,   1,    0.0000000000E+00,    5.4940882893E+01,    5.4940882893E+01,    0.0000000000E+00,    0.0000000000E+00,    0.0000000000E+00,    5.4940882893E+01
     72250,      0.676929,CP0_start,   1,    0.0000000000E+00,    5.5007689189E+01,    5.5007689189E+01,    0.0000000000E+00,    0.0000000000E+00,    0.0000000000E+00,    5.5007689189E+01
     72250,      0.676929,CP1_after_deposition,   1,    0.0000000000E+00,    5.5007689189E+01,    5.5007689189E+01,    0.0000000000E+00,    0.0000000000E+00,    0.0000000000E+00,    5.5007689189E+01
     72250,      0.676929,CP2_after_erosion,   1,    0.0000000000E+00,    5.5007689189E+01,    5.5007689189E+01,    0.0000000000E+00,    0.0000000000E+00,    0.0000000000E+00,    5.5007689189E+01
     72250,      0.676929,CP3_after_update_bottom,   1,    0.0000000000E+00,    5.5007689189E+01,    5.5007689189E+01,    0.0000000000E+00,    0.0000000000E+00,    0.0000000000E+00,    5.5007689189E+01
     72250,      0.676929,CP4_after_advection,   1,    0.0000000000E+00,    5.5008537168E+01,    5.5008537168E+01,    0.0000000000E+00,    0.0000000000E+00,    0.0000000000E+00,    5.5008537168E+01
     72250,      0.676929,CP5_after_vdif,   1,    0.0000000000E+00,    5.5008537168E+01,    5.5008537168E+01,    0.0000000000E+00,    0.0000000000E+00,    0.0000000000E+00,    5.5008537168E+01
     72250,      0.676929,CP6_after_kinetics,   1,    0.0000000000E+00,    5.5008537168E+01,    5.5008537168E+01,    0.0000000000E+00,    0.0000000000E+00,    0.0000000000E+00,    5.5008537168E+01
     72250,      0.676929,CP7_after_upper_clamp,   1,    0.0000000000E+00,    5.5008537168E+01,    5.5008537168E+01,    0.0000000000E+00,    0.0000000000E+00,    0.0000000000E+00,    5.5008537168E+01
     72250,      0.676929,CP8_after_OBC,   1,    0.0000000000E+00,    5.5008537168E+01,    5.5008537168E+01,    0.0000000000E+00,    0.0000000000E+00,    0.0000000000E+00,    5.5008537168E+01
     72250,      0.676929,CP9_after_PTsource,   1,    0.0000000000E+00,    5.5008537168E+01,    5.5008537168E+01,    0.0000000000E+00,    0.0000000000E+00,    0.0000000000E+00,    5.5008537168E+01
     72250,      0.676929,CP10_after_neg_clamp,   1,    0.0000000000E+00,    5.5008537168E+01,    5.5008537168E+01,    0.0000000000E+00,    0.0000000000E+00,    0.0000000000E+00,    5.5008537168E+01
     72250,      0.676929,CP11_after_MPI,   1,    0.0000000000E+00,    5.5008537168E+01,    5.5008537168E+01,    0.0000000000E+00,    0.0000000000E+00,    0.0000000000E+00,    5.5008537168E+01
     72250,      0.676929,CP12_end,   1,    0.0000000000E+00,    5.5008537168E+01,    5.5008537168E+01,    0.0000000000E+00,    0.0000000000E+00,    0.0000000000E+00,    5.5008537168E+01
     72300,      0.676929,CP0_start,   1,    0.0000000000E+00,    5.5074863979E+01,    5.5074863979E+01,    0.0000000000E+00,    0.0000000000E+00,    0.0000000000E+00,    5.5074863979E+01
     72300,      0.676929,CP1_after_deposition,   1,    0.0000000000E+00,    5.5074863979E+01,    5.5074863979E+01,    0.0000000000E+00,    0.0000000000E+00,    0.0000000000E+00,    5.5074863979E+01
     72300,      0.676929,CP2_after_erosion,   1,    0.0000000000E+00,    5.5074863979E+01,    5.5074863979E+01,    0.0000000000E+00,    0.0000000000E+00,    0.0000000000E+00,    5.5074863979E+01
     72300,      0.676929,CP3_after_update_bottom,   1,    0.0000000000E+00,    5.5074863979E+01,    5.5074863979E+01,    0.0000000000E+00,    0.0000000000E+00,    0.0000000000E+00,    5.5074863979E+01
     72300,      0.676929,CP4_after_advection,   1,    0.0000000000E+00,    5.5075729226E+01,    5.5075729226E+01,    0.0000000000E+00,    0.0000000000E+00,    0.0000000000E+00,    5.5075729226E+01
     72300,      0.676929,CP5_after_vdif,   1,    0.0000000000E+00,    5.5075729226E+01,    5.5075729226E+01,    0.0000000000E+00,    0.0000000000E+00,    0.0000000000E+00,    5.5075729226E+01
     72300,      0.676929,CP6_after_kinetics,   1,    0.0000000000E+00,    5.5075729226E+01,    5.5075729226E+01,    0.0000000000E+00,    0.0000000000E+00,    0.0000000000E+00,    5.5075729226E+01
     72300,      0.676929,CP7_after_upper_clamp,   1,    0.0000000000E+00,    5.5075729226E+01,    5.5075729226E+01,    0.0000000000E+00,    0.0000000000E+00,    0.0000000000E+00,    5.5075729226E+01
     72300,      0.676929,CP8_after_OBC,   1,    0.0000000000E+00,    5.5075729226E+01,    5.5075729226E+01,    0.0000000000E+00,    0.0000000000E+00,    0.0000000000E+00,    5.5075729226E+01
     72300,      0.676929,CP9_after_PTsource,   1,    0.0000000000E+00,    5.5075729226E+01,    5.5075729226E+01,    0.0000000000E+00,    0.0000000000E+00,    0.0000000000E+00,    5.5075729226E+01
     72300,      0.676929,CP10_after_neg_clamp,   1,    0.0000000000E+00,    5.5075729226E+01,    5.5075729226E+01,    0.0000000000E+00,    0.0000000000E+00,    0.0000000000E+00,    5.5075729226E+01
     72300,      0.676929,CP11_after_MPI,   1,    0.0000000000E+00,    5.5075729226E+01,    5.5075729226E+01,    0.0000000000E+00,    0.0000000000E+00,    0.0000000000E+00,    5.5075729226E+01
     72300,      0.676929,CP12_end,   1,    0.0000000000E+00,    5.5075729226E+01,    5.5075729226E+01,    0.0000000000E+00,    0.0000000000E+00,    0.0000000000E+00,    5.5075729226E+01
     72350,      0.676929,CP0_start,   1,    0.0000000000E+00,    5.5141612955E+01,    5.5141612955E+01,    0.0000000000E+00,    0.0000000000E+00,    0.0000000000E+00,    5.5141612955E+01
     72350,      0.676929,CP1_after_deposition,   1,    0.0000000000E+00,    5.5141612955E+01,    5.5141612955E+01,    0.0000000000E+00,    0.0000000000E+00,    0.0000000000E+00,    5.5141612955E+01
     72350,      0.676929,CP2_after_erosion,   1,    0.0000000000E+00,    5.5141612955E+01,    5.5141612955E+01,    0.0000000000E+00,    0.0000000000E+00,    0.0000000000E+00,    5.5141612955E+01
     72350,      0.676929,CP3_after_update_bottom,   1,    0.0000000000E+00,    5.5141612955E+01,    5.5141612955E+01,    0.0000000000E+00,    0.0000000000E+00,    0.0000000000E+00,    5.5141612955E+01
     72350,      0.676929,CP4_after_advection,   1,    0.0000000000E+00,    5.5142496081E+01,    5.5142496081E+01,    0.0000000000E+00,    0.0000000000E+00,    0.0000000000E+00,    5.5142496081E+01
     72350,      0.676929,CP5_after_vdif,   1,    0.0000000000E+00,    5.5142496081E+01,    5.5142496081E+01,    0.0000000000E+00,    0.0000000000E+00,    0.0000000000E+00,    5.5142496081E+01
     72350,      0.676929,CP6_after_kinetics,   1,    0.0000000000E+00,    5.5142496081E+01,    5.5142496081E+01,    0.0000000000E+00,    0.0000000000E+00,    0.0000000000E+00,    5.5142496081E+01
     72350,      0.676929,CP7_after_upper_clamp,   1,    0.0000000000E+00,    5.5142496081E+01,    5.5142496081E+01,    0.0000000000E+00,    0.0000000000E+00,    0.0000000000E+00,    5.5142496081E+01
     72350,      0.676929,CP8_after_OBC,   1,    0.0000000000E+00,    5.5142496081E+01,    5.5142496081E+01,    0.0000000000E+00,    0.0000000000E+00,    0.0000000000E+00,    5.5142496081E+01
     72350,      0.676929,CP9_after_PTsource,   1,    0.0000000000E+00,    5.5142496081E+01,    5.5142496081E+01,    0.0000000000E+00,    0.0000000000E+00,    0.0000000000E+00,    5.5142496081E+01
     72350,      0.676929,CP10_after_neg_clamp,   1,    0.0000000000E+00,    5.5142496081E+01,    5.5142496081E+01,    0.0000000000E+00,    0.0000000000E+00,    0.0000000000E+00,    5.5142496081E+01
     72350,      0.676929,CP11_after_MPI,   1,    0.0000000000E+00,    5.5142496081E+01,    5.5142496081E+01,    0.0000000000E+00,    0.0000000000E+00,    0.0000000000E+00,    5.5142496081E+01
     72350,      0.676929,CP12_end,   1,    0.0000000000E+00,    5.5142496081E+01,    5.5142496081E+01,    0.0000000000E+00,    0.0000000000E+00,    0.0000000000E+00,    5.5142496081E+01
     72400,      0.676929,CP0_start,   1,    0.0000000000E+00,    5.5208003480E+01,    5.5208003480E+01,    0.0000000000E+00,    0.0000000000E+00,    0.0000000000E+00,    5.5208003480E+01
     72400,      0.676929,CP1_after_deposition,   1,    0.0000000000E+00,    5.5208003480E+01,    5.5208003480E+01,    0.0000000000E+00,    0.0000000000E+00,    0.0000000000E+00,    5.5208003480E+01
     72400,      0.676929,CP2_after_erosion,   1,    0.0000000000E+00,    5.5208003480E+01,    5.5208003480E+01,    0.0000000000E+00,    0.0000000000E+00,    0.0000000000E+00,    5.5208003480E+01
     72400,      0.676929,CP3_after_update_bottom,   1,    0.0000000000E+00,    5.5208003480E+01,    5.5208003480E+01,    0.0000000000E+00,    0.0000000000E+00,    0.0000000000E+00,    5.5208003480E+01
     72400,      0.676929,CP4_after_advection,   1,    0.0000000000E+00,    5.5208905323E+01,    5.5208905323E+01,    0.0000000000E+00,    0.0000000000E+00,    0.0000000000E+00,    5.5208905323E+01
     72400,      0.676929,CP5_after_vdif,   1,    0.0000000000E+00,    5.5208905323E+01,    5.5208905323E+01,    0.0000000000E+00,    0.0000000000E+00,    0.0000000000E+00,    5.5208905323E+01
     72400,      0.676929,CP6_after_kinetics,   1,    0.0000000000E+00,    5.5208905323E+01,    5.5208905323E+01,    0.0000000000E+00,    0.0000000000E+00,    0.0000000000E+00,    5.5208905323E+01
     72400,      0.676929,CP7_after_upper_clamp,   1,    0.0000000000E+00,    5.5208905323E+01,    5.5208905323E+01,    0.0000000000E+00,    0.0000000000E+00,    0.0000000000E+00,    5.5208905323E+01
     72400,      0.676929,CP8_after_OBC,   1,    0.0000000000E+00,    5.5208905323E+01,    5.5208905323E+01,    0.0000000000E+00,    0.0000000000E+00,    0.0000000000E+00,    5.5208905323E+01
     72400,      0.676929,CP9_after_PTsource,   1,    0.0000000000E+00,    5.5208905323E+01,    5.5208905323E+01,    0.0000000000E+00,    0.0000000000E+00,    0.0000000000E+00,    5.5208905323E+01
     72400,      0.676929,CP10_after_neg_clamp,   1,    0.0000000000E+00,    5.5208905323E+01,    5.5208905323E+01,    0.0000000000E+00,    0.0000000000E+00,    0.0000000000E+00,    5.5208905323E+01
     72400,      0.676929,CP11_after_MPI,   1,    0.0000000000E+00,    5.5208905323E+01,    5.5208905323E+01,    0.0000000000E+00,    0.0000000000E+00,    0.0000000000E+00,    5.5208905323E+01
     72400,      0.676929,CP12_end,   1,    0.0000000000E+00,    5.5208905323E+01,    5.5208905323E+01,    0.0000000000E+00,    0.0000000000E+00,    0.0000000000E+00,    5.5208905323E+01
     72450,      0.676929,CP0_start,   1,    0.0000000000E+00,    5.5274100168E+01,    5.5274100168E+01,    0.0000000000E+00,    0.0000000000E+00,    0.0000000000E+00,    5.5274100168E+01
     72450,      0.676929,CP1_after_deposition,   1,    0.0000000000E+00,    5.5274100168E+01,    5.5274100168E+01,    0.0000000000E+00,    0.0000000000E+00,    0.0000000000E+00,    5.5274100168E+01
     72450,      0.676929,CP2_after_erosion,   1,    0.0000000000E+00,    5.5274100168E+01,    5.5274100168E+01,    0.0000000000E+00,    0.0000000000E+00,    0.0000000000E+00,    5.5274100168E+01
     72450,      0.676929,CP3_after_update_bottom,   1,    0.0000000000E+00,    5.5274100168E+01,    5.5274100168E+01,    0.0000000000E+00,    0.0000000000E+00,    0.0000000000E+00,    5.5274100168E+01
     72450,      0.676929,CP4_after_advection,   1,    0.0000000000E+00,    5.5275019879E+01,    5.5275019879E+01,    0.0000000000E+00,    0.0000000000E+00,    0.0000000000E+00,    5.5275019879E+01
     72450,      0.676929,CP5_after_vdif,   1,    0.0000000000E+00,    5.5275019879E+01,    5.5275019879E+01,    0.0000000000E+00,    0.0000000000E+00,    0.0000000000E+00,    5.5275019879E+01
     72450,      0.676929,CP6_after_kinetics,   1,    0.0000000000E+00,    5.5275019879E+01,    5.5275019879E+01,    0.0000000000E+00,    0.0000000000E+00,    0.0000000000E+00,    5.5275019879E+01
     72450,      0.676929,CP7_after_upper_clamp,   1,    0.0000000000E+00,    5.5275019879E+01,    5.5275019879E+01,    0.0000000000E+00,    0.0000000000E+00,    0.0000000000E+00,    5.5275019879E+01
     72450,      0.676929,CP8_after_OBC,   1,    0.0000000000E+00,    5.5275019879E+01,    5.5275019879E+01,    0.0000000000E+00,    0.0000000000E+00,    0.0000000000E+00,    5.5275019879E+01
     72450,      0.676929,CP9_after_PTsource,   1,    0.0000000000E+00,    5.5275019879E+01,    5.5275019879E+01,    0.0000000000E+00,    0.0000000000E+00,    0.0000000000E+00,    5.5275019879E+01
     72450,      0.676929,CP10_after_neg_clamp,   1,    0.0000000000E+00,    5.5275019879E+01,    5.5275019879E+01,    0.0000000000E+00,    0.0000000000E+00,    0.0000000000E+00,    5.5275019879E+01
     72450,      0.676929,CP11_after_MPI,   1,    0.0000000000E+00,    5.5275019879E+01,    5.5275019879E+01,    0.0000000000E+00,    0.0000000000E+00,    0.0000000000E+00,    5.5275019879E+01
     72450,      0.676929,CP12_end,   1,    0.0000000000E+00,    5.5275019879E+01,    5.5275019879E+01,    0.0000000000E+00,    0.0000000000E+00,    0.0000000000E+00,    5.5275019879E+01
     72500,      0.676929,CP0_start,   1,    0.0000000000E+00,    5.5339955373E+01,    5.5339955373E+01,    0.0000000000E+00,    0.0000000000E+00,    0.0000000000E+00,    5.5339955373E+01
     72500,      0.676929,CP1_after_deposition,   1,    0.0000000000E+00,    5.5339955373E+01,    5.5339955373E+01,    0.0000000000E+00,    0.0000000000E+00,    0.0000000000E+00,    5.5339955373E+01
     72500,      0.676929,CP2_after_erosion,   1,    0.0000000000E+00,    5.5339955373E+01,    5.5339955373E+01,    0.0000000000E+00,    0.0000000000E+00,    0.0000000000E+00,    5.5339955373E+01
     72500,      0.676929,CP3_after_update_bottom,   1,    0.0000000000E+00,    5.5339955373E+01,    5.5339955373E+01,    0.0000000000E+00,    0.0000000000E+00,    0.0000000000E+00,    5.5339955373E+01
     72500,      0.676929,CP4_after_advection,   1,    0.0000000000E+00,    5.5340897053E+01,    5.5340897053E+01,    0.0000000000E+00,    0.0000000000E+00,    0.0000000000E+00,    5.5340897053E+01
     72500,      0.676929,CP5_after_vdif,   1,    0.0000000000E+00,    5.5340897053E+01,    5.5340897053E+01,    0.0000000000E+00,    0.0000000000E+00,    0.0000000000E+00,    5.5340897053E+01
     72500,      0.676929,CP6_after_kinetics,   1,    0.0000000000E+00,    5.5340897053E+01,    5.5340897053E+01,    0.0000000000E+00,    0.0000000000E+00,    0.0000000000E+00,    5.5340897053E+01
     72500,      0.676929,CP7_after_upper_clamp,   1,    0.0000000000E+00,    5.5340897053E+01,    5.5340897053E+01,    0.0000000000E+00,    0.0000000000E+00,    0.0000000000E+00,    5.5340897053E+01
     72500,      0.676929,CP8_after_OBC,   1,    0.0000000000E+00,    5.5340897053E+01,    5.5340897053E+01,    0.0000000000E+00,    0.0000000000E+00,    0.0000000000E+00,    5.5340897053E+01
     72500,      0.676929,CP9_after_PTsource,   1,    0.0000000000E+00,    5.5340897053E+01,    5.5340897053E+01,    0.0000000000E+00,    0.0000000000E+00,    0.0000000000E+00,    5.5340897053E+01
     72500,      0.676929,CP10_after_neg_clamp,   1,    0.0000000000E+00,    5.5340897053E+01,    5.5340897053E+01,    0.0000000000E+00,    0.0000000000E+00,    0.0000000000E+00,    5.5340897053E+01
     72500,      0.676929,CP11_after_MPI,   1,    0.0000000000E+00,    5.5340897053E+01,    5.5340897053E+01,    0.0000000000E+00,    0.0000000000E+00,    0.0000000000E+00,    5.5340897053E+01
     72500,      0.676929,CP12_end,   1,    0.0000000000E+00,    5.5340897053E+01,    5.5340897053E+01,    0.0000000000E+00,    0.0000000000E+00,    0.0000000000E+00,    5.5340897053E+01
     72550,      0.676929,CP0_start,   1,    0.0000000000E+00,    5.5405646596E+01,    5.5405646596E+01,    0.0000000000E+00,    0.0000000000E+00,    0.0000000000E+00,    5.5405646596E+01
     72550,      0.676929,CP1_after_deposition,   1,    0.0000000000E+00,    5.5405646596E+01,    5.5405646596E+01,    0.0000000000E+00,    0.0000000000E+00,    0.0000000000E+00,    5.5405646596E+01
     72550,      0.676929,CP2_after_erosion,   1,    0.0000000000E+00,    5.5405646596E+01,    5.5405646596E+01,    0.0000000000E+00,    0.0000000000E+00,    0.0000000000E+00,    5.5405646596E+01
     72550,      0.676929,CP3_after_update_bottom,   1,    0.0000000000E+00,    5.5405646596E+01,    5.5405646596E+01,    0.0000000000E+00,    0.0000000000E+00,    0.0000000000E+00,    5.5405646596E+01
     72550,      0.676929,CP4_after_advection,   1,    0.0000000000E+00,    5.5406612360E+01,    5.5406612360E+01,    0.0000000000E+00,    0.0000000000E+00,    0.0000000000E+00,    5.5406612360E+01
     72550,      0.676929,CP5_after_vdif,   1,    0.0000000000E+00,    5.5406612360E+01,    5.5406612360E+01,    0.0000000000E+00,    0.0000000000E+00,    0.0000000000E+00,    5.5406612360E+01
     72550,      0.676929,CP6_after_kinetics,   1,    0.0000000000E+00,    5.5406612360E+01,    5.5406612360E+01,    0.0000000000E+00,    0.0000000000E+00,    0.0000000000E+00,    5.5406612360E+01
     72550,      0.676929,CP7_after_upper_clamp,   1,    0.0000000000E+00,    5.5406612360E+01,    5.5406612360E+01,    0.0000000000E+00,    0.0000000000E+00,    0.0000000000E+00,    5.5406612360E+01
     72550,      0.676929,CP8_after_OBC,   1,    0.0000000000E+00,    5.5406612360E+01,    5.5406612360E+01,    0.0000000000E+00,    0.0000000000E+00,    0.0000000000E+00,    5.5406612360E+01
     72550,      0.676929,CP9_after_PTsource,   1,    0.0000000000E+00,    5.5406612360E+01,    5.5406612360E+01,    0.0000000000E+00,    0.0000000000E+00,    0.0000000000E+00,    5.5406612360E+01
     72550,      0.676929,CP10_after_neg_clamp,   1,    0.0000000000E+00,    5.5406612360E+01,    5.5406612360E+01,    0.0000000000E+00,    0.0000000000E+00,    0.0000000000E+00,    5.5406612360E+01
     72550,      0.676929,CP11_after_MPI,   1,    0.0000000000E+00,    5.5406612360E+01,    5.5406612360E+01,    0.0000000000E+00,    0.0000000000E+00,    0.0000000000E+00,    5.5406612360E+01
     72550,      0.676929,CP12_end,   1,    0.0000000000E+00,    5.5406612360E+01,    5.5406612360E+01,    0.0000000000E+00,    0.0000000000E+00,    0.0000000000E+00,    5.5406612360E+01
     72600,      0.676929,CP0_start,   1,    0.0000000000E+00,    5.5471232561E+01,    5.5471232561E+01,    0.0000000000E+00,    0.0000000000E+00,    0.0000000000E+00,    5.5471232561E+01
     72600,      0.676929,CP1_after_deposition,   1,    0.0000000000E+00,    5.5471232561E+01,    5.5471232561E+01,    0.0000000000E+00,    0.0000000000E+00,    0.0000000000E+00,    5.5471232561E+01
     72600,      0.676929,CP2_after_erosion,   1,    0.0000000000E+00,    5.5471232561E+01,    5.5471232561E+01,    0.0000000000E+00,    0.0000000000E+00,    0.0000000000E+00,    5.5471232561E+01
     72600,      0.676929,CP3_after_update_bottom,   1,    0.0000000000E+00,    5.5471232561E+01,    5.5471232561E+01,    0.0000000000E+00,    0.0000000000E+00,    0.0000000000E+00,    5.5471232561E+01
     72600,      0.676929,CP4_after_advection,   1,    0.0000000000E+00,    5.5472221601E+01,    5.5472221601E+01,    0.0000000000E+00,    0.0000000000E+00,    0.0000000000E+00,    5.5472221601E+01
     72600,      0.676929,CP5_after_vdif,   1,    0.0000000000E+00,    5.5472221601E+01,    5.5472221601E+01,    0.0000000000E+00,    0.0000000000E+00,    0.0000000000E+00,    5.5472221601E+01
     72600,      0.676929,CP6_after_kinetics,   1,    0.0000000000E+00,    5.5472221601E+01,    5.5472221601E+01,    0.0000000000E+00,    0.0000000000E+00,    0.0000000000E+00,    5.5472221601E+01
     72600,      0.676929,CP7_after_upper_clamp,   1,    0.0000000000E+00,    5.5472221601E+01,    5.5472221601E+01,    0.0000000000E+00,    0.0000000000E+00,    0.0000000000E+00,    5.5472221601E+01
     72600,      0.676929,CP8_after_OBC,   1,    0.0000000000E+00,    5.5472221601E+01,    5.5472221601E+01,    0.0000000000E+00,    0.0000000000E+00,    0.0000000000E+00,    5.5472221601E+01
     72600,      0.676929,CP9_after_PTsource,   1,    0.0000000000E+00,    5.5472221601E+01,    5.5472221601E+01,    0.0000000000E+00,    0.0000000000E+00,    0.0000000000E+00,    5.5472221601E+01
     72600,      0.676929,CP10_after_neg_clamp,   1,    0.0000000000E+00,    5.5472221601E+01,    5.5472221601E+01,    0.0000000000E+00,    0.0000000000E+00,    0.0000000000E+00,    5.5472221601E+01
     72600,      0.676929,CP11_after_MPI,   1,    0.0000000000E+00,    5.5472221601E+01,    5.5472221601E+01,    0.0000000000E+00,    0.0000000000E+00,    0.0000000000E+00,    5.5472221601E+01
     72600,      0.676929,CP12_end,   1,    0.0000000000E+00,    5.5472221601E+01,    5.5472221601E+01,    0.0000000000E+00,    0.0000000000E+00,    0.0000000000E+00,    5.5472221601E+01
     72650,      0.676929,CP0_start,   1,    0.0000000000E+00,    5.5536766569E+01,    5.5536766569E+01,    0.0000000000E+00,    0.0000000000E+00,    0.0000000000E+00,    5.5536766569E+01
     72650,      0.676929,CP1_after_deposition,   1,    0.0000000000E+00,    5.5536766569E+01,    5.5536766569E+01,    0.0000000000E+00,    0.0000000000E+00,    0.0000000000E+00,    5.5536766569E+01
     72650,      0.676929,CP2_after_erosion,   1,    0.0000000000E+00,    5.5536766569E+01,    5.5536766569E+01,    0.0000000000E+00,    0.0000000000E+00,    0.0000000000E+00,    5.5536766569E+01
     72650,      0.676929,CP3_after_update_bottom,   1,    0.0000000000E+00,    5.5536766569E+01,    5.5536766569E+01,    0.0000000000E+00,    0.0000000000E+00,    0.0000000000E+00,    5.5536766569E+01
     72650,      0.676929,CP4_after_advection,   1,    0.0000000000E+00,    5.5537779926E+01,    5.5537779926E+01,    0.0000000000E+00,    0.0000000000E+00,    0.0000000000E+00,    5.5537779926E+01
     72650,      0.676929,CP5_after_vdif,   1,    0.0000000000E+00,    5.5537779926E+01,    5.5537779926E+01,    0.0000000000E+00,    0.0000000000E+00,    0.0000000000E+00,    5.5537779926E+01
     72650,      0.676929,CP6_after_kinetics,   1,    0.0000000000E+00,    5.5537779926E+01,    5.5537779926E+01,    0.0000000000E+00,    0.0000000000E+00,    0.0000000000E+00,    5.5537779926E+01
     72650,      0.676929,CP7_after_upper_clamp,   1,    0.0000000000E+00,    5.5537779926E+01,    5.5537779926E+01,    0.0000000000E+00,    0.0000000000E+00,    0.0000000000E+00,    5.5537779926E+01
     72650,      0.676929,CP8_after_OBC,   1,    0.0000000000E+00,    5.5537779926E+01,    5.5537779926E+01,    0.0000000000E+00,    0.0000000000E+00,    0.0000000000E+00,    5.5537779926E+01
     72650,      0.676929,CP9_after_PTsource,   1,    0.0000000000E+00,    5.5537779926E+01,    5.5537779926E+01,    0.0000000000E+00,    0.0000000000E+00,    0.0000000000E+00,    5.5537779926E+01
     72650,      0.676929,CP10_after_neg_clamp,   1,    0.0000000000E+00,    5.5537779926E+01,    5.5537779926E+01,    0.0000000000E+00,    0.0000000000E+00,    0.0000000000E+00,    5.5537779926E+01
     72650,      0.676929,CP11_after_MPI,   1,    0.0000000000E+00,    5.5537779926E+01,    5.5537779926E+01,    0.0000000000E+00,    0.0000000000E+00,    0.0000000000E+00,    5.5537779926E+01
     72650,      0.676929,CP12_end,   1,    0.0000000000E+00,    5.5537779926E+01,    5.5537779926E+01,    0.0000000000E+00,    0.0000000000E+00,    0.0000000000E+00,    5.5537779926E+01
     72700,      0.676929,CP0_start,   1,    0.0000000000E+00,    5.5602290152E+01,    5.5602290152E+01,    0.0000000000E+00,    0.0000000000E+00,    0.0000000000E+00,    5.5602290152E+01
     72700,      0.676929,CP1_after_deposition,   1,    0.0000000000E+00,    5.5602290152E+01,    5.5602290152E+01,    0.0000000000E+00,    0.0000000000E+00,    0.0000000000E+00,    5.5602290152E+01
     72700,      0.676929,CP2_after_erosion,   1,    0.0000000000E+00,    5.5602290152E+01,    5.5602290152E+01,    0.0000000000E+00,    0.0000000000E+00,    0.0000000000E+00,    5.5602290152E+01
     72700,      0.676929,CP3_after_update_bottom,   1,    0.0000000000E+00,    5.5602290152E+01,    5.5602290152E+01,    0.0000000000E+00,    0.0000000000E+00,    0.0000000000E+00,    5.5602290152E+01
     72700,      0.676929,CP4_after_advection,   1,    0.0000000000E+00,    5.5603329764E+01,    5.5603329764E+01,    0.0000000000E+00,    0.0000000000E+00,    0.0000000000E+00,    5.5603329764E+01
     72700,      0.676929,CP5_after_vdif,   1,    0.0000000000E+00,    5.5603329764E+01,    5.5603329764E+01,    0.0000000000E+00,    0.0000000000E+00,    0.0000000000E+00,    5.5603329764E+01
     72700,      0.676929,CP6_after_kinetics,   1,    0.0000000000E+00,    5.5603329764E+01,    5.5603329764E+01,    0.0000000000E+00,    0.0000000000E+00,    0.0000000000E+00,    5.5603329764E+01
     72700,      0.676929,CP7_after_upper_clamp,   1,    0.0000000000E+00,    5.5603329764E+01,    5.5603329764E+01,    0.0000000000E+00,    0.0000000000E+00,    0.0000000000E+00,    5.5603329764E+01
     72700,      0.676929,CP8_after_OBC,   1,    0.0000000000E+00,    5.5603329764E+01,    5.5603329764E+01,    0.0000000000E+00,    0.0000000000E+00,    0.0000000000E+00,    5.5603329764E+01
     72700,      0.676929,CP9_after_PTsource,   1,    0.0000000000E+00,    5.5603329764E+01,    5.5603329764E+01,    0.0000000000E+00,    0.0000000000E+00,    0.0000000000E+00,    5.5603329764E+01
     72700,      0.676929,CP10_after_neg_clamp,   1,    0.0000000000E+00,    5.5603329764E+01,    5.5603329764E+01,    0.0000000000E+00,    0.0000000000E+00,    0.0000000000E+00,    5.5603329764E+01
     72700,      0.676929,CP11_after_MPI,   1,    0.0000000000E+00,    5.5603329764E+01,    5.5603329764E+01,    0.0000000000E+00,    0.0000000000E+00,    0.0000000000E+00,    5.5603329764E+01
     72700,      0.676929,CP12_end,   1,    0.0000000000E+00,    5.5603329764E+01,    5.5603329764E+01,    0.0000000000E+00,    0.0000000000E+00,    0.0000000000E+00,    5.5603329764E+01
     72750,      0.676929,CP0_start,   1,    0.0000000000E+00,    5.5667836760E+01,    5.5667836760E+01,    0.0000000000E+00,    0.0000000000E+00,    0.0000000000E+00,    5.5667836760E+01
     72750,      0.676929,CP1_after_deposition,   1,    0.0000000000E+00,    5.5667836760E+01,    5.5667836760E+01,    0.0000000000E+00,    0.0000000000E+00,    0.0000000000E+00,    5.5667836760E+01
     72750,      0.676929,CP2_after_erosion,   1,    0.0000000000E+00,    5.5667836760E+01,    5.5667836760E+01,    0.0000000000E+00,    0.0000000000E+00,    0.0000000000E+00,    5.5667836760E+01
     72750,      0.676929,CP3_after_update_bottom,   1,    0.0000000000E+00,    5.5667836760E+01,    5.5667836760E+01,    0.0000000000E+00,    0.0000000000E+00,    0.0000000000E+00,    5.5667836760E+01
     72750,      0.676929,CP4_after_advection,   1,    0.0000000000E+00,    5.5668902793E+01,    5.5668902793E+01,    0.0000000000E+00,    0.0000000000E+00,    0.0000000000E+00,    5.5668902793E+01
     72750,      0.676929,CP5_after_vdif,   1,    0.0000000000E+00,    5.5668902793E+01,    5.5668902793E+01,    0.0000000000E+00,    0.0000000000E+00,    0.0000000000E+00,    5.5668902793E+01
     72750,      0.676929,CP6_after_kinetics,   1,    0.0000000000E+00,    5.5668902793E+01,    5.5668902793E+01,    0.0000000000E+00,    0.0000000000E+00,    0.0000000000E+00,    5.5668902793E+01
     72750,      0.676929,CP7_after_upper_clamp,   1,    0.0000000000E+00,    5.5668902793E+01,    5.5668902793E+01,    0.0000000000E+00,    0.0000000000E+00,    0.0000000000E+00,    5.5668902793E+01
     72750,      0.676929,CP8_after_OBC,   1,    0.0000000000E+00,    5.5668902793E+01,    5.5668902793E+01,    0.0000000000E+00,    0.0000000000E+00,    0.0000000000E+00,    5.5668902793E+01
     72750,      0.676929,CP9_after_PTsource,   1,    0.0000000000E+00,    5.5668902793E+01,    5.5668902793E+01,    0.0000000000E+00,    0.0000000000E+00,    0.0000000000E+00,    5.5668902793E+01
     72750,      0.676929,CP10_after_neg_clamp,   1,    0.0000000000E+00,    5.5668902793E+01,    5.5668902793E+01,    0.0000000000E+00,    0.0000000000E+00,    0.0000000000E+00,    5.5668902793E+01
     72750,      0.676929,CP11_after_MPI,   1,    0.0000000000E+00,    5.5668902793E+01,    5.5668902793E+01,    0.0000000000E+00,    0.0000000000E+00,    0.0000000000E+00,    5.5668902793E+01
     72750,      0.676929,CP12_end,   1,    0.0000000000E+00,    5.5668902793E+01,    5.5668902793E+01,    0.0000000000E+00,    0.0000000000E+00,    0.0000000000E+00,    5.5668902793E+01
     72800,      0.676929,CP0_start,   1,    0.0000000000E+00,    5.5733448173E+01,    5.5733448173E+01,    0.0000000000E+00,    0.0000000000E+00,    0.0000000000E+00,    5.5733448173E+01
     72800,      0.676929,CP1_after_deposition,   1,    0.0000000000E+00,    5.5733448173E+01,    5.5733448173E+01,    0.0000000000E+00,    0.0000000000E+00,    0.0000000000E+00,    5.5733448173E+01
     72800,      0.676929,CP2_after_erosion,   1,    0.0000000000E+00,    5.5733448173E+01,    5.5733448173E+01,    0.0000000000E+00,    0.0000000000E+00,    0.0000000000E+00,    5.5733448173E+01
     72800,      0.676929,CP3_after_update_bottom,   1,    0.0000000000E+00,    5.5733448173E+01,    5.5733448173E+01,    0.0000000000E+00,    0.0000000000E+00,    0.0000000000E+00,    5.5733448173E+01
     72800,      0.676929,CP4_after_advection,   1,    0.0000000000E+00,    5.5734543071E+01,    5.5734543071E+01,    0.0000000000E+00,    0.0000000000E+00,    0.0000000000E+00,    5.5734543071E+01
     72800,      0.676929,CP5_after_vdif,   1,    0.0000000000E+00,    5.5734543071E+01,    5.5734543071E+01,    0.0000000000E+00,    0.0000000000E+00,    0.0000000000E+00,    5.5734543071E+01
     72800,      0.676929,CP6_after_kinetics,   1,    0.0000000000E+00,    5.5734543071E+01,    5.5734543071E+01,    0.0000000000E+00,    0.0000000000E+00,    0.0000000000E+00,    5.5734543071E+01
     72800,      0.676929,CP7_after_upper_clamp,   1,    0.0000000000E+00,    5.5734543071E+01,    5.5734543071E+01,    0.0000000000E+00,    0.0000000000E+00,    0.0000000000E+00,    5.5734543071E+01
     72800,      0.676929,CP8_after_OBC,   1,    0.0000000000E+00,    5.5734543071E+01,    5.5734543071E+01,    0.0000000000E+00,    0.0000000000E+00,    0.0000000000E+00,    5.5734543071E+01
     72800,      0.676929,CP9_after_PTsource,   1,    0.0000000000E+00,    5.5734543071E+01,    5.5734543071E+01,    0.0000000000E+00,    0.0000000000E+00,    0.0000000000E+00,    5.5734543071E+01
     72800,      0.676929,CP10_after_neg_clamp,   1,    0.0000000000E+00,    5.5734543071E+01,    5.5734543071E+01,    0.0000000000E+00,    0.0000000000E+00,    0.0000000000E+00,    5.5734543071E+01
     72800,      0.676929,CP11_after_MPI,   1,    0.0000000000E+00,    5.5734543071E+01,    5.5734543071E+01,    0.0000000000E+00,    0.0000000000E+00,    0.0000000000E+00,    5.5734543071E+01
     72800,      0.676929,CP12_end,   1,    0.0000000000E+00,    5.5734543071E+01,    5.5734543071E+01,    0.0000000000E+00,    0.0000000000E+00,    0.0000000000E+00,    5.5734543071E+01
     72850,      0.676929,CP0_start,   1,    0.0000000000E+00,    5.5799152679E+01,    5.5799152679E+01,    0.0000000000E+00,    0.0000000000E+00,    0.0000000000E+00,    5.5799152679E+01
     72850,      0.676929,CP1_after_deposition,   1,    0.0000000000E+00,    5.5799152679E+01,    5.5799152679E+01,    0.0000000000E+00,    0.0000000000E+00,    0.0000000000E+00,    5.5799152679E+01
     72850,      0.676929,CP2_after_erosion,   1,    0.0000000000E+00,    5.5799152679E+01,    5.5799152679E+01,    0.0000000000E+00,    0.0000000000E+00,    0.0000000000E+00,    5.5799152679E+01
     72850,      0.676929,CP3_after_update_bottom,   1,    0.0000000000E+00,    5.5799152679E+01,    5.5799152679E+01,    0.0000000000E+00,    0.0000000000E+00,    0.0000000000E+00,    5.5799152679E+01
     72850,      0.676929,CP4_after_advection,   1,    0.0000000000E+00,    5.5800274821E+01,    5.5800274821E+01,    0.0000000000E+00,    0.0000000000E+00,    0.0000000000E+00,    5.5800274821E+01
     72850,      0.676929,CP5_after_vdif,   1,    0.0000000000E+00,    5.5800274821E+01,    5.5800274821E+01,    0.0000000000E+00,    0.0000000000E+00,    0.0000000000E+00,    5.5800274821E+01
     72850,      0.676929,CP6_after_kinetics,   1,    0.0000000000E+00,    5.5800274821E+01,    5.5800274821E+01,    0.0000000000E+00,    0.0000000000E+00,    0.0000000000E+00,    5.5800274821E+01
     72850,      0.676929,CP7_after_upper_clamp,   1,    0.0000000000E+00,    5.5800274821E+01,    5.5800274821E+01,    0.0000000000E+00,    0.0000000000E+00,    0.0000000000E+00,    5.5800274821E+01
     72850,      0.676929,CP8_after_OBC,   1,    0.0000000000E+00,    5.5800274821E+01,    5.5800274821E+01,    0.0000000000E+00,    0.0000000000E+00,    0.0000000000E+00,    5.5800274821E+01
     72850,      0.676929,CP9_after_PTsource,   1,    0.0000000000E+00,    5.5800274821E+01,    5.5800274821E+01,    0.0000000000E+00,    0.0000000000E+00,    0.0000000000E+00,    5.5800274821E+01
     72850,      0.676929,CP10_after_neg_clamp,   1,    0.0000000000E+00,    5.5800274821E+01,    5.5800274821E+01,    0.0000000000E+00,    0.0000000000E+00,    0.0000000000E+00,    5.5800274821E+01
     72850,      0.676929,CP11_after_MPI,   1,    0.0000000000E+00,    5.5800274821E+01,    5.5800274821E+01,    0.0000000000E+00,    0.0000000000E+00,    0.0000000000E+00,    5.5800274821E+01
     72850,      0.676929,CP12_end,   1,    0.0000000000E+00,    5.5800274821E+01,    5.5800274821E+01,    0.0000000000E+00,    0.0000000000E+00,    0.0000000000E+00,    5.5800274821E+01
     72900,      0.676929,CP0_start,   1,    0.0000000000E+00,    5.5864963344E+01,    5.5864963344E+01,    0.0000000000E+00,    0.0000000000E+00,    0.0000000000E+00,    5.5864963344E+01
     72900,      0.676929,CP1_after_deposition,   1,    0.0000000000E+00,    5.5864963344E+01,    5.5864963344E+01,    0.0000000000E+00,    0.0000000000E+00,    0.0000000000E+00,    5.5864963344E+01
     72900,      0.676929,CP2_after_erosion,   1,    0.0000000000E+00,    5.5864963344E+01,    5.5864963344E+01,    0.0000000000E+00,    0.0000000000E+00,    0.0000000000E+00,    5.5864963344E+01
     72900,      0.676929,CP3_after_update_bottom,   1,    0.0000000000E+00,    5.5864963344E+01,    5.5864963344E+01,    0.0000000000E+00,    0.0000000000E+00,    0.0000000000E+00,    5.5864963344E+01
     72900,      0.676929,CP4_after_advection,   1,    0.0000000000E+00,    5.5866113512E+01,    5.5866113512E+01,    0.0000000000E+00,    0.0000000000E+00,    0.0000000000E+00,    5.5866113512E+01
     72900,      0.676929,CP5_after_vdif,   1,    0.0000000000E+00,    5.5866113512E+01,    5.5866113512E+01,    0.0000000000E+00,    0.0000000000E+00,    0.0000000000E+00,    5.5866113512E+01
     72900,      0.676929,CP6_after_kinetics,   1,    0.0000000000E+00,    5.5866113512E+01,    5.5866113512E+01,    0.0000000000E+00,    0.0000000000E+00,    0.0000000000E+00,    5.5866113512E+01
     72900,      0.676929,CP7_after_upper_clamp,   1,    0.0000000000E+00,    5.5866113512E+01,    5.5866113512E+01,    0.0000000000E+00,    0.0000000000E+00,    0.0000000000E+00,    5.5866113512E+01
     72900,      0.676929,CP8_after_OBC,   1,    0.0000000000E+00,    5.5866113512E+01,    5.5866113512E+01,    0.0000000000E+00,    0.0000000000E+00,    0.0000000000E+00,    5.5866113512E+01
     72900,      0.676929,CP9_after_PTsource,   1,    0.0000000000E+00,    5.5866113512E+01,    5.5866113512E+01,    0.0000000000E+00,    0.0000000000E+00,    0.0000000000E+00,    5.5866113512E+01
     72900,      0.676929,CP10_after_neg_clamp,   1,    0.0000000000E+00,    5.5866113512E+01,    5.5866113512E+01,    0.0000000000E+00,    0.0000000000E+00,    0.0000000000E+00,    5.5866113512E+01
     72900,      0.676929,CP11_after_MPI,   1,    0.0000000000E+00,    5.5866113512E+01,    5.5866113512E+01,    0.0000000000E+00,    0.0000000000E+00,    0.0000000000E+00,    5.5866113512E+01
     72900,      0.676929,CP12_end,   1,    0.0000000000E+00,    5.5866113512E+01,    5.5866113512E+01,    0.0000000000E+00,    0.0000000000E+00,    0.0000000000E+00,    5.5866113512E+01
     72950,      0.676929,CP0_start,   1,    0.0000000000E+00,    5.5930840183E+01,    5.5930840183E+01,    0.0000000000E+00,    0.0000000000E+00,    0.0000000000E+00,    5.5930840183E+01
     72950,      0.676929,CP1_after_deposition,   1,    0.0000000000E+00,    5.5930840183E+01,    5.5930840183E+01,    0.0000000000E+00,    0.0000000000E+00,    0.0000000000E+00,    5.5930840183E+01
     72950,      0.676929,CP2_after_erosion,   1,    0.0000000000E+00,    5.5930840183E+01,    5.5930840183E+01,    0.0000000000E+00,    0.0000000000E+00,    0.0000000000E+00,    5.5930840183E+01
     72950,      0.676929,CP3_after_update_bottom,   1,    0.0000000000E+00,    5.5930840183E+01,    5.5930840183E+01,    0.0000000000E+00,    0.0000000000E+00,    0.0000000000E+00,    5.5930840183E+01
     72950,      0.676929,CP4_after_advection,   1,    0.0000000000E+00,    5.5932019953E+01,    5.5932019953E+01,    0.0000000000E+00,    0.0000000000E+00,    0.0000000000E+00,    5.5932019953E+01
     72950,      0.676929,CP5_after_vdif,   1,    0.0000000000E+00,    5.5932019953E+01,    5.5932019953E+01,    0.0000000000E+00,    0.0000000000E+00,    0.0000000000E+00,    5.5932019953E+01
     72950,      0.676929,CP6_after_kinetics,   1,    0.0000000000E+00,    5.5932019953E+01,    5.5932019953E+01,    0.0000000000E+00,    0.0000000000E+00,    0.0000000000E+00,    5.5932019953E+01
     72950,      0.676929,CP7_after_upper_clamp,   1,    0.0000000000E+00,    5.5932019953E+01,    5.5932019953E+01,    0.0000000000E+00,    0.0000000000E+00,    0.0000000000E+00,    5.5932019953E+01
     72950,      0.676929,CP8_after_OBC,   1,    0.0000000000E+00,    5.5932019953E+01,    5.5932019953E+01,    0.0000000000E+00,    0.0000000000E+00,    0.0000000000E+00,    5.5932019953E+01
     72950,      0.676929,CP9_after_PTsource,   1,    0.0000000000E+00,    5.5932019953E+01,    5.5932019953E+01,    0.0000000000E+00,    0.0000000000E+00,    0.0000000000E+00,    5.5932019953E+01
     72950,      0.676929,CP10_after_neg_clamp,   1,    0.0000000000E+00,    5.5932019953E+01,    5.5932019953E+01,    0.0000000000E+00,    0.0000000000E+00,    0.0000000000E+00,    5.5932019953E+01
     72950,      0.676929,CP11_after_MPI,   1,    0.0000000000E+00,    5.5932019953E+01,    5.5932019953E+01,    0.0000000000E+00,    0.0000000000E+00,    0.0000000000E+00,    5.5932019953E+01
     72950,      0.676929,CP12_end,   1,    0.0000000000E+00,    5.5932019953E+01,    5.5932019953E+01,    0.0000000000E+00,    0.0000000000E+00,    0.0000000000E+00,    5.5932019953E+01
     73000,      0.676929,CP0_start,   1,    0.0000000000E+00,    5.5996917840E+01,    5.5996917840E+01,    0.0000000000E+00,    0.0000000000E+00,    0.0000000000E+00,    5.5996917840E+01
     73000,      0.676929,CP1_after_deposition,   1,    0.0000000000E+00,    5.5996917840E+01,    5.5996917840E+01,    0.0000000000E+00,    0.0000000000E+00,    0.0000000000E+00,    5.5996917840E+01
     73000,      0.676929,CP2_after_erosion,   1,    0.0000000000E+00,    5.5996917840E+01,    5.5996917840E+01,    0.0000000000E+00,    0.0000000000E+00,    0.0000000000E+00,    5.5996917840E+01
     73000,      0.676929,CP3_after_update_bottom,   1,    0.0000000000E+00,    5.5996917840E+01,    5.5996917840E+01,    0.0000000000E+00,    0.0000000000E+00,    0.0000000000E+00,    5.5996917840E+01
     73000,      0.676929,CP4_after_advection,   1,    0.0000000000E+00,    5.5998128325E+01,    5.5998128325E+01,    0.0000000000E+00,    0.0000000000E+00,    0.0000000000E+00,    5.5998128325E+01
     73000,      0.676929,CP5_after_vdif,   1,    0.0000000000E+00,    5.5998128325E+01,    5.5998128325E+01,    0.0000000000E+00,    0.0000000000E+00,    0.0000000000E+00,    5.5998128325E+01
     73000,      0.676929,CP6_after_kinetics,   1,    0.0000000000E+00,    5.5998128325E+01,    5.5998128325E+01,    0.0000000000E+00,    0.0000000000E+00,    0.0000000000E+00,    5.5998128325E+01
     73000,      0.676929,CP7_after_upper_clamp,   1,    0.0000000000E+00,    5.5998128325E+01,    5.5998128325E+01,    0.0000000000E+00,    0.0000000000E+00,    0.0000000000E+00,    5.5998128325E+01
     73000,      0.676929,CP8_after_OBC,   1,    0.0000000000E+00,    5.5998128325E+01,    5.5998128325E+01,    0.0000000000E+00,    0.0000000000E+00,    0.0000000000E+00,    5.5998128325E+01
     73000,      0.676929,CP9_after_PTsource,   1,    0.0000000000E+00,    5.5998128325E+01,    5.5998128325E+01,    0.0000000000E+00,    0.0000000000E+00,    0.0000000000E+00,    5.5998128325E+01
     73000,      0.676929,CP10_after_neg_clamp,   1,    0.0000000000E+00,    5.5998128325E+01,    5.5998128325E+01,    0.0000000000E+00,    0.0000000000E+00,    0.0000000000E+00,    5.5998128325E+01
     73000,      0.676929,CP11_after_MPI,   1,    0.0000000000E+00,    5.5998128325E+01,    5.5998128325E+01,    0.0000000000E+00,    0.0000000000E+00,    0.0000000000E+00,    5.5998128325E+01
     73000,      0.676929,CP12_end,   1,    0.0000000000E+00,    5.5998128325E+01,    5.5998128325E+01,    0.0000000000E+00,    0.0000000000E+00,    0.0000000000E+00,    5.5998128325E+01
     73050,      0.676929,CP0_start,   1,    0.0000000000E+00,    5.6063245629E+01,    5.6063245629E+01,    0.0000000000E+00,    0.0000000000E+00,    0.0000000000E+00,    5.6063245629E+01
     73050,      0.676929,CP1_after_deposition,   1,    0.0000000000E+00,    5.6063245629E+01,    5.6063245629E+01,    0.0000000000E+00,    0.0000000000E+00,    0.0000000000E+00,    5.6063245629E+01
     73050,      0.676929,CP2_after_erosion,   1,    0.0000000000E+00,    5.6063245629E+01,    5.6063245629E+01,    0.0000000000E+00,    0.0000000000E+00,    0.0000000000E+00,    5.6063245629E+01
     73050,      0.676929,CP3_after_update_bottom,   1,    0.0000000000E+00,    5.6063245629E+01,    5.6063245629E+01,    0.0000000000E+00,    0.0000000000E+00,    0.0000000000E+00,    5.6063245629E+01
     73050,      0.676929,CP4_after_advection,   1,    0.0000000000E+00,    5.6064487402E+01,    5.6064487402E+01,    0.0000000000E+00,    0.0000000000E+00,    0.0000000000E+00,    5.6064487402E+01
     73050,      0.676929,CP5_after_vdif,   1,    0.0000000000E+00,    5.6064487402E+01,    5.6064487402E+01,    0.0000000000E+00,    0.0000000000E+00,    0.0000000000E+00,    5.6064487402E+01
     73050,      0.676929,CP6_after_kinetics,   1,    0.0000000000E+00,    5.6064487402E+01,    5.6064487402E+01,    0.0000000000E+00,    0.0000000000E+00,    0.0000000000E+00,    5.6064487402E+01
     73050,      0.676929,CP7_after_upper_clamp,   1,    0.0000000000E+00,    5.6064487402E+01,    5.6064487402E+01,    0.0000000000E+00,    0.0000000000E+00,    0.0000000000E+00,    5.6064487402E+01
     73050,      0.676929,CP8_after_OBC,   1,    0.0000000000E+00,    5.6064487402E+01,    5.6064487402E+01,    0.0000000000E+00,    0.0000000000E+00,    0.0000000000E+00,    5.6064487402E+01
     73050,      0.676929,CP9_after_PTsource,   1,    0.0000000000E+00,    5.6064487402E+01,    5.6064487402E+01,    0.0000000000E+00,    0.0000000000E+00,    0.0000000000E+00,    5.6064487402E+01
     73050,      0.676929,CP10_after_neg_clamp,   1,    0.0000000000E+00,    5.6064487402E+01,    5.6064487402E+01,    0.0000000000E+00,    0.0000000000E+00,    0.0000000000E+00,    5.6064487402E+01
     73050,      0.676929,CP11_after_MPI,   1,    0.0000000000E+00,    5.6064487402E+01,    5.6064487402E+01,    0.0000000000E+00,    0.0000000000E+00,    0.0000000000E+00,    5.6064487402E+01
     73050,      0.676929,CP12_end,   1,    0.0000000000E+00,    5.6064487402E+01,    5.6064487402E+01,    0.0000000000E+00,    0.0000000000E+00,    0.0000000000E+00,    5.6064487402E+01
     73100,      0.676929,CP0_start,   1,    0.0000000000E+00,    5.6129887583E+01,    5.6129887583E+01,    0.0000000000E+00,    0.0000000000E+00,    0.0000000000E+00,    5.6129887583E+01
     73100,      0.676929,CP1_after_deposition,   1,    0.0000000000E+00,    5.6129887583E+01,    5.6129887583E+01,    0.0000000000E+00,    0.0000000000E+00,    0.0000000000E+00,    5.6129887583E+01
     73100,      0.676929,CP2_after_erosion,   1,    0.0000000000E+00,    5.6129887583E+01,    5.6129887583E+01,    0.0000000000E+00,    0.0000000000E+00,    0.0000000000E+00,    5.6129887583E+01
     73100,      0.676929,CP3_after_update_bottom,   1,    0.0000000000E+00,    5.6129887583E+01,    5.6129887583E+01,    0.0000000000E+00,    0.0000000000E+00,    0.0000000000E+00,    5.6129887583E+01
     73100,      0.676929,CP4_after_advection,   1,    0.0000000000E+00,    5.6131161836E+01,    5.6131161836E+01,    0.0000000000E+00,    0.0000000000E+00,    0.0000000000E+00,    5.6131161836E+01
     73100,      0.676929,CP5_after_vdif,   1,    0.0000000000E+00,    5.6131161836E+01,    5.6131161836E+01,    0.0000000000E+00,    0.0000000000E+00,    0.0000000000E+00,    5.6131161836E+01
     73100,      0.676929,CP6_after_kinetics,   1,    0.0000000000E+00,    5.6131161836E+01,    5.6131161836E+01,    0.0000000000E+00,    0.0000000000E+00,    0.0000000000E+00,    5.6131161836E+01
     73100,      0.676929,CP7_after_upper_clamp,   1,    0.0000000000E+00,    5.6131161836E+01,    5.6131161836E+01,    0.0000000000E+00,    0.0000000000E+00,    0.0000000000E+00,    5.6131161836E+01
     73100,      0.676929,CP8_after_OBC,   1,    0.0000000000E+00,    5.6131161836E+01,    5.6131161836E+01,    0.0000000000E+00,    0.0000000000E+00,    0.0000000000E+00,    5.6131161836E+01
     73100,      0.676929,CP9_after_PTsource,   1,    0.0000000000E+00,    5.6131161836E+01,    5.6131161836E+01,    0.0000000000E+00,    0.0000000000E+00,    0.0000000000E+00,    5.6131161836E+01
     73100,      0.676929,CP10_after_neg_clamp,   1,    0.0000000000E+00,    5.6131161836E+01,    5.6131161836E+01,    0.0000000000E+00,    0.0000000000E+00,    0.0000000000E+00,    5.6131161836E+01
     73100,      0.676929,CP11_after_MPI,   1,    0.0000000000E+00,    5.6131161836E+01,    5.6131161836E+01,    0.0000000000E+00,    0.0000000000E+00,    0.0000000000E+00,    5.6131161836E+01
     73100,      0.676929,CP12_end,   1,    0.0000000000E+00,    5.6131161836E+01,    5.6131161836E+01,    0.0000000000E+00,    0.0000000000E+00,    0.0000000000E+00,    5.6131161836E+01
     73150,      0.676929,CP0_start,   1,    0.0000000000E+00,    5.6196924617E+01,    5.6196924617E+01,    0.0000000000E+00,    0.0000000000E+00,    0.0000000000E+00,    5.6196924617E+01
     73150,      0.676929,CP1_after_deposition,   1,    0.0000000000E+00,    5.6196924617E+01,    5.6196924617E+01,    0.0000000000E+00,    0.0000000000E+00,    0.0000000000E+00,    5.6196924617E+01
     73150,      0.676929,CP2_after_erosion,   1,    0.0000000000E+00,    5.6196924617E+01,    5.6196924617E+01,    0.0000000000E+00,    0.0000000000E+00,    0.0000000000E+00,    5.6196924617E+01
     73150,      0.676929,CP3_after_update_bottom,   1,    0.0000000000E+00,    5.6196924617E+01,    5.6196924617E+01,    0.0000000000E+00,    0.0000000000E+00,    0.0000000000E+00,    5.6196924617E+01
     73150,      0.676929,CP4_after_advection,   1,    0.0000000000E+00,    5.6198233511E+01,    5.6198233511E+01,    0.0000000000E+00,    0.0000000000E+00,    0.0000000000E+00,    5.6198233511E+01
     73150,      0.676929,CP5_after_vdif,   1,    0.0000000000E+00,    5.6198233511E+01,    5.6198233511E+01,    0.0000000000E+00,    0.0000000000E+00,    0.0000000000E+00,    5.6198233511E+01
     73150,      0.676929,CP6_after_kinetics,   1,    0.0000000000E+00,    5.6198233511E+01,    5.6198233511E+01,    0.0000000000E+00,    0.0000000000E+00,    0.0000000000E+00,    5.6198233511E+01
     73150,      0.676929,CP7_after_upper_clamp,   1,    0.0000000000E+00,    5.6198233511E+01,    5.6198233511E+01,    0.0000000000E+00,    0.0000000000E+00,    0.0000000000E+00,    5.6198233511E+01
     73150,      0.676929,CP8_after_OBC,   1,    0.0000000000E+00,    5.6198233511E+01,    5.6198233511E+01,    0.0000000000E+00,    0.0000000000E+00,    0.0000000000E+00,    5.6198233511E+01
     73150,      0.676929,CP9_after_PTsource,   1,    0.0000000000E+00,    5.6198233511E+01,    5.6198233511E+01,    0.0000000000E+00,    0.0000000000E+00,    0.0000000000E+00,    5.6198233511E+01
     73150,      0.676929,CP10_after_neg_clamp,   1,    0.0000000000E+00,    5.6198233511E+01,    5.6198233511E+01,    0.0000000000E+00,    0.0000000000E+00,    0.0000000000E+00,    5.6198233511E+01
     73150,      0.676929,CP11_after_MPI,   1,    0.0000000000E+00,    5.6198233511E+01,    5.6198233511E+01,    0.0000000000E+00,    0.0000000000E+00,    0.0000000000E+00,    5.6198233511E+01
     73150,      0.676929,CP12_end,   1,    0.0000000000E+00,    5.6198233511E+01,    5.6198233511E+01,    0.0000000000E+00,    0.0000000000E+00,    0.0000000000E+00,    5.6198233511E+01
     73200,      0.676929,CP0_start,   1,    0.0000000000E+00,    5.6264422727E+01,    5.6264422727E+01,    0.0000000000E+00,    0.0000000000E+00,    0.0000000000E+00,    5.6264422727E+01
     73200,      0.676929,CP1_after_deposition,   1,    0.0000000000E+00,    5.6264422727E+01,    5.6264422727E+01,    0.0000000000E+00,    0.0000000000E+00,    0.0000000000E+00,    5.6264422727E+01
     73200,      0.676929,CP2_after_erosion,   1,    0.0000000000E+00,    5.6264422727E+01,    5.6264422727E+01,    0.0000000000E+00,    0.0000000000E+00,    0.0000000000E+00,    5.6264422727E+01
     73200,      0.676929,CP3_after_update_bottom,   1,    0.0000000000E+00,    5.6264422727E+01,    5.6264422727E+01,    0.0000000000E+00,    0.0000000000E+00,    0.0000000000E+00,    5.6264422727E+01
     73200,      0.676929,CP4_after_advection,   1,    0.0000000000E+00,    5.6265770399E+01,    5.6265770399E+01,    0.0000000000E+00,    0.0000000000E+00,    0.0000000000E+00,    5.6265770399E+01
     73200,      0.676929,CP5_after_vdif,   1,    0.0000000000E+00,    5.6265770399E+01,    5.6265770399E+01,    0.0000000000E+00,    0.0000000000E+00,    0.0000000000E+00,    5.6265770399E+01
     73200,      0.676929,CP6_after_kinetics,   1,    0.0000000000E+00,    5.6265770399E+01,    5.6265770399E+01,    0.0000000000E+00,    0.0000000000E+00,    0.0000000000E+00,    5.6265770399E+01
     73200,      0.676929,CP7_after_upper_clamp,   1,    0.0000000000E+00,    5.6265770399E+01,    5.6265770399E+01,    0.0000000000E+00,    0.0000000000E+00,    0.0000000000E+00,    5.6265770399E+01
     73200,      0.676929,CP8_after_OBC,   1,    0.0000000000E+00,    5.6265770399E+01,    5.6265770399E+01,    0.0000000000E+00,    0.0000000000E+00,    0.0000000000E+00,    5.6265770399E+01
     73200,      0.676929,CP9_after_PTsource,   1,    0.0000000000E+00,    5.6265770399E+01,    5.6265770399E+01,    0.0000000000E+00,    0.0000000000E+00,    0.0000000000E+00,    5.6265770399E+01
     73200,      0.676929,CP10_after_neg_clamp,   1,    0.0000000000E+00,    5.6265770399E+01,    5.6265770399E+01,    0.0000000000E+00,    0.0000000000E+00,    0.0000000000E+00,    5.6265770399E+01
     73200,      0.676929,CP11_after_MPI,   1,    0.0000000000E+00,    5.6265770399E+01,    5.6265770399E+01,    0.0000000000E+00,    0.0000000000E+00,    0.0000000000E+00,    5.6265770399E+01
     73200,      0.676929,CP12_end,   1,    0.0000000000E+00,    5.6265770399E+01,    5.6265770399E+01,    0.0000000000E+00,    0.0000000000E+00,    0.0000000000E+00,    5.6265770399E+01
     73250,      0.676929,CP0_start,   1,    0.0000000000E+00,    5.6332458816E+01,    5.6332458816E+01,    0.0000000000E+00,    0.0000000000E+00,    0.0000000000E+00,    5.6332458816E+01
     73250,      0.676929,CP1_after_deposition,   1,    0.0000000000E+00,    5.6332458816E+01,    5.6332458816E+01,    0.0000000000E+00,    0.0000000000E+00,    0.0000000000E+00,    5.6332458816E+01
     73250,      0.676929,CP2_after_erosion,   1,    0.0000000000E+00,    5.6332458816E+01,    5.6332458816E+01,    0.0000000000E+00,    0.0000000000E+00,    0.0000000000E+00,    5.6332458816E+01
     73250,      0.676929,CP3_after_update_bottom,   1,    0.0000000000E+00,    5.6332458816E+01,    5.6332458816E+01,    0.0000000000E+00,    0.0000000000E+00,    0.0000000000E+00,    5.6332458816E+01
     73250,      0.676929,CP4_after_advection,   1,    0.0000000000E+00,    5.6333845506E+01,    5.6333845506E+01,    0.0000000000E+00,    0.0000000000E+00,    0.0000000000E+00,    5.6333845506E+01
     73250,      0.676929,CP5_after_vdif,   1,    0.0000000000E+00,    5.6333845506E+01,    5.6333845506E+01,    0.0000000000E+00,    0.0000000000E+00,    0.0000000000E+00,    5.6333845506E+01
     73250,      0.676929,CP6_after_kinetics,   1,    0.0000000000E+00,    5.6333845506E+01,    5.6333845506E+01,    0.0000000000E+00,    0.0000000000E+00,    0.0000000000E+00,    5.6333845506E+01
     73250,      0.676929,CP7_after_upper_clamp,   1,    0.0000000000E+00,    5.6333845506E+01,    5.6333845506E+01,    0.0000000000E+00,    0.0000000000E+00,    0.0000000000E+00,    5.6333845506E+01
     73250,      0.676929,CP8_after_OBC,   1,    0.0000000000E+00,    5.6333845506E+01,    5.6333845506E+01,    0.0000000000E+00,    0.0000000000E+00,    0.0000000000E+00,    5.6333845506E+01
     73250,      0.676929,CP9_after_PTsource,   1,    0.0000000000E+00,    5.6333845506E+01,    5.6333845506E+01,    0.0000000000E+00,    0.0000000000E+00,    0.0000000000E+00,    5.6333845506E+01
     73250,      0.676929,CP10_after_neg_clamp,   1,    0.0000000000E+00,    5.6333845506E+01,    5.6333845506E+01,    0.0000000000E+00,    0.0000000000E+00,    0.0000000000E+00,    5.6333845506E+01
     73250,      0.676929,CP11_after_MPI,   1,    0.0000000000E+00,    5.6333845506E+01,    5.6333845506E+01,    0.0000000000E+00,    0.0000000000E+00,    0.0000000000E+00,    5.6333845506E+01
     73250,      0.676929,CP12_end,   1,    0.0000000000E+00,    5.6333845506E+01,    5.6333845506E+01,    0.0000000000E+00,    0.0000000000E+00,    0.0000000000E+00,    5.6333845506E+01
     73300,      0.676929,CP0_start,   1,    0.0000000000E+00,    5.6401112347E+01,    5.6401112347E+01,    0.0000000000E+00,    0.0000000000E+00,    0.0000000000E+00,    5.6401112347E+01
     73300,      0.676929,CP1_after_deposition,   1,    0.0000000000E+00,    5.6401112347E+01,    5.6401112347E+01,    0.0000000000E+00,    0.0000000000E+00,    0.0000000000E+00,    5.6401112347E+01
     73300,      0.676929,CP2_after_erosion,   1,    0.0000000000E+00,    5.6401112347E+01,    5.6401112347E+01,    0.0000000000E+00,    0.0000000000E+00,    0.0000000000E+00,    5.6401112347E+01
     73300,      0.676929,CP3_after_update_bottom,   1,    0.0000000000E+00,    5.6401112347E+01,    5.6401112347E+01,    0.0000000000E+00,    0.0000000000E+00,    0.0000000000E+00,    5.6401112347E+01
     73300,      0.676929,CP4_after_advection,   1,    0.0000000000E+00,    5.6402538971E+01,    5.6402538971E+01,    0.0000000000E+00,    0.0000000000E+00,    0.0000000000E+00,    5.6402538971E+01
     73300,      0.676929,CP5_after_vdif,   1,    0.0000000000E+00,    5.6402538971E+01,    5.6402538971E+01,    0.0000000000E+00,    0.0000000000E+00,    0.0000000000E+00,    5.6402538971E+01
     73300,      0.676929,CP6_after_kinetics,   1,    0.0000000000E+00,    5.6402538971E+01,    5.6402538971E+01,    0.0000000000E+00,    0.0000000000E+00,    0.0000000000E+00,    5.6402538971E+01
     73300,      0.676929,CP7_after_upper_clamp,   1,    0.0000000000E+00,    5.6402538971E+01,    5.6402538971E+01,    0.0000000000E+00,    0.0000000000E+00,    0.0000000000E+00,    5.6402538971E+01
     73300,      0.676929,CP8_after_OBC,   1,    0.0000000000E+00,    5.6402538971E+01,    5.6402538971E+01,    0.0000000000E+00,    0.0000000000E+00,    0.0000000000E+00,    5.6402538971E+01
     73300,      0.676929,CP9_after_PTsource,   1,    0.0000000000E+00,    5.6402538971E+01,    5.6402538971E+01,    0.0000000000E+00,    0.0000000000E+00,    0.0000000000E+00,    5.6402538971E+01
     73300,      0.676929,CP10_after_neg_clamp,   1,    0.0000000000E+00,    5.6402538971E+01,    5.6402538971E+01,    0.0000000000E+00,    0.0000000000E+00,    0.0000000000E+00,    5.6402538971E+01
     73300,      0.676929,CP11_after_MPI,   1,    0.0000000000E+00,    5.6402538971E+01,    5.6402538971E+01,    0.0000000000E+00,    0.0000000000E+00,    0.0000000000E+00,    5.6402538971E+01
     73300,      0.676929,CP12_end,   1,    0.0000000000E+00,    5.6402538971E+01,    5.6402538971E+01,    0.0000000000E+00,    0.0000000000E+00,    0.0000000000E+00,    5.6402538971E+01
     73350,      0.676929,CP0_start,   1,    0.0000000000E+00,    5.6470443915E+01,    5.6470443915E+01,    0.0000000000E+00,    0.0000000000E+00,    0.0000000000E+00,    5.6470443915E+01
     73350,      0.676929,CP1_after_deposition,   1,    0.0000000000E+00,    5.6470443915E+01,    5.6470443915E+01,    0.0000000000E+00,    0.0000000000E+00,    0.0000000000E+00,    5.6470443915E+01
     73350,      0.676929,CP2_after_erosion,   1,    0.0000000000E+00,    5.6470443915E+01,    5.6470443915E+01,    0.0000000000E+00,    0.0000000000E+00,    0.0000000000E+00,    5.6470443915E+01
     73350,      0.676929,CP3_after_update_bottom,   1,    0.0000000000E+00,    5.6470443915E+01,    5.6470443915E+01,    0.0000000000E+00,    0.0000000000E+00,    0.0000000000E+00,    5.6470443915E+01
     73350,      0.676929,CP4_after_advection,   1,    0.0000000000E+00,    5.6471911672E+01,    5.6471911672E+01,    0.0000000000E+00,    0.0000000000E+00,    0.0000000000E+00,    5.6471911672E+01
     73350,      0.676929,CP5_after_vdif,   1,    0.0000000000E+00,    5.6471911672E+01,    5.6471911672E+01,    0.0000000000E+00,    0.0000000000E+00,    0.0000000000E+00,    5.6471911672E+01
     73350,      0.676929,CP6_after_kinetics,   1,    0.0000000000E+00,    5.6471911672E+01,    5.6471911672E+01,    0.0000000000E+00,    0.0000000000E+00,    0.0000000000E+00,    5.6471911672E+01
     73350,      0.676929,CP7_after_upper_clamp,   1,    0.0000000000E+00,    5.6471911672E+01,    5.6471911672E+01,    0.0000000000E+00,    0.0000000000E+00,    0.0000000000E+00,    5.6471911672E+01
     73350,      0.676929,CP8_after_OBC,   1,    0.0000000000E+00,    5.6471911672E+01,    5.6471911672E+01,    0.0000000000E+00,    0.0000000000E+00,    0.0000000000E+00,    5.6471911672E+01
     73350,      0.676929,CP9_after_PTsource,   1,    0.0000000000E+00,    5.6471911672E+01,    5.6471911672E+01,    0.0000000000E+00,    0.0000000000E+00,    0.0000000000E+00,    5.6471911672E+01
     73350,      0.676929,CP10_after_neg_clamp,   1,    0.0000000000E+00,    5.6471911672E+01,    5.6471911672E+01,    0.0000000000E+00,    0.0000000000E+00,    0.0000000000E+00,    5.6471911672E+01
     73350,      0.676929,CP11_after_MPI,   1,    0.0000000000E+00,    5.6471911672E+01,    5.6471911672E+01,    0.0000000000E+00,    0.0000000000E+00,    0.0000000000E+00,    5.6471911672E+01
     73350,      0.676929,CP12_end,   1,    0.0000000000E+00,    5.6471911672E+01,    5.6471911672E+01,    0.0000000000E+00,    0.0000000000E+00,    0.0000000000E+00,    5.6471911672E+01
     73400,      0.676929,CP0_start,   1,    0.0000000000E+00,    5.6540511314E+01,    5.6540511314E+01,    0.0000000000E+00,    0.0000000000E+00,    0.0000000000E+00,    5.6540511314E+01
     73400,      0.676929,CP1_after_deposition,   1,    0.0000000000E+00,    5.6540511314E+01,    5.6540511314E+01,    0.0000000000E+00,    0.0000000000E+00,    0.0000000000E+00,    5.6540511314E+01
     73400,      0.676929,CP2_after_erosion,   1,    0.0000000000E+00,    5.6540511314E+01,    5.6540511314E+01,    0.0000000000E+00,    0.0000000000E+00,    0.0000000000E+00,    5.6540511314E+01
     73400,      0.676929,CP3_after_update_bottom,   1,    0.0000000000E+00,    5.6540511314E+01,    5.6540511314E+01,    0.0000000000E+00,    0.0000000000E+00,    0.0000000000E+00,    5.6540511314E+01
     73400,      0.676929,CP4_after_advection,   1,    0.0000000000E+00,    5.6542021187E+01,    5.6542021187E+01,    0.0000000000E+00,    0.0000000000E+00,    0.0000000000E+00,    5.6542021187E+01
     73400,      0.676929,CP5_after_vdif,   1,    0.0000000000E+00,    5.6542021187E+01,    5.6542021187E+01,    0.0000000000E+00,    0.0000000000E+00,    0.0000000000E+00,    5.6542021187E+01
     73400,      0.676929,CP6_after_kinetics,   1,    0.0000000000E+00,    5.6542021187E+01,    5.6542021187E+01,    0.0000000000E+00,    0.0000000000E+00,    0.0000000000E+00,    5.6542021187E+01
     73400,      0.676929,CP7_after_upper_clamp,   1,    0.0000000000E+00,    5.6542021187E+01,    5.6542021187E+01,    0.0000000000E+00,    0.0000000000E+00,    0.0000000000E+00,    5.6542021187E+01
     73400,      0.676929,CP8_after_OBC,   1,    0.0000000000E+00,    5.6542021187E+01,    5.6542021187E+01,    0.0000000000E+00,    0.0000000000E+00,    0.0000000000E+00,    5.6542021187E+01
     73400,      0.676929,CP9_after_PTsource,   1,    0.0000000000E+00,    5.6542021187E+01,    5.6542021187E+01,    0.0000000000E+00,    0.0000000000E+00,    0.0000000000E+00,    5.6542021187E+01
     73400,      0.676929,CP10_after_neg_clamp,   1,    0.0000000000E+00,    5.6542021187E+01,    5.6542021187E+01,    0.0000000000E+00,    0.0000000000E+00,    0.0000000000E+00,    5.6542021187E+01
     73400,      0.676929,CP11_after_MPI,   1,    0.0000000000E+00,    5.6542021187E+01,    5.6542021187E+01,    0.0000000000E+00,    0.0000000000E+00,    0.0000000000E+00,    5.6542021187E+01
     73400,      0.676929,CP12_end,   1,    0.0000000000E+00,    5.6542021187E+01,    5.6542021187E+01,    0.0000000000E+00,    0.0000000000E+00,    0.0000000000E+00,    5.6542021187E+01
     73450,      0.676929,CP0_start,   1,    0.0000000000E+00,    5.6611328577E+01,    5.6611328577E+01,    0.0000000000E+00,    0.0000000000E+00,    0.0000000000E+00,    5.6611328577E+01
     73450,      0.676929,CP1_after_deposition,   1,    0.0000000000E+00,    5.6611328577E+01,    5.6611328577E+01,    0.0000000000E+00,    0.0000000000E+00,    0.0000000000E+00,    5.6611328577E+01
     73450,      0.676929,CP2_after_erosion,   1,    0.0000000000E+00,    5.6611328577E+01,    5.6611328577E+01,    0.0000000000E+00,    0.0000000000E+00,    0.0000000000E+00,    5.6611328577E+01
     73450,      0.676929,CP3_after_update_bottom,   1,    0.0000000000E+00,    5.6611328577E+01,    5.6611328577E+01,    0.0000000000E+00,    0.0000000000E+00,    0.0000000000E+00,    5.6611328577E+01
     73450,      0.676929,CP4_after_advection,   1,    0.0000000000E+00,    5.6612881106E+01,    5.6612881106E+01,    0.0000000000E+00,    0.0000000000E+00,    0.0000000000E+00,    5.6612881106E+01
     73450,      0.676929,CP5_after_vdif,   1,    0.0000000000E+00,    5.6612881106E+01,    5.6612881106E+01,    0.0000000000E+00,    0.0000000000E+00,    0.0000000000E+00,    5.6612881106E+01
     73450,      0.676929,CP6_after_kinetics,   1,    0.0000000000E+00,    5.6612881106E+01,    5.6612881106E+01,    0.0000000000E+00,    0.0000000000E+00,    0.0000000000E+00,    5.6612881106E+01
     73450,      0.676929,CP7_after_upper_clamp,   1,    0.0000000000E+00,    5.6612881106E+01,    5.6612881106E+01,    0.0000000000E+00,    0.0000000000E+00,    0.0000000000E+00,    5.6612881106E+01
     73450,      0.676929,CP8_after_OBC,   1,    0.0000000000E+00,    5.6612881106E+01,    5.6612881106E+01,    0.0000000000E+00,    0.0000000000E+00,    0.0000000000E+00,    5.6612881106E+01
     73450,      0.676929,CP9_after_PTsource,   1,    0.0000000000E+00,    5.6612881106E+01,    5.6612881106E+01,    0.0000000000E+00,    0.0000000000E+00,    0.0000000000E+00,    5.6612881106E+01
     73450,      0.676929,CP10_after_neg_clamp,   1,    0.0000000000E+00,    5.6612881106E+01,    5.6612881106E+01,    0.0000000000E+00,    0.0000000000E+00,    0.0000000000E+00,    5.6612881106E+01
     73450,      0.676929,CP11_after_MPI,   1,    0.0000000000E+00,    5.6612881106E+01,    5.6612881106E+01,    0.0000000000E+00,    0.0000000000E+00,    0.0000000000E+00,    5.6612881106E+01
     73450,      0.676929,CP12_end,   1,    0.0000000000E+00,    5.6612881106E+01,    5.6612881106E+01,    0.0000000000E+00,    0.0000000000E+00,    0.0000000000E+00,    5.6612881106E+01
     73500,      0.676929,CP0_start,   1,    0.0000000000E+00,    5.6682904356E+01,    5.6682904356E+01,    0.0000000000E+00,    0.0000000000E+00,    0.0000000000E+00,    5.6682904356E+01
     73500,      0.676929,CP1_after_deposition,   1,    0.0000000000E+00,    5.6682904356E+01,    5.6682904356E+01,    0.0000000000E+00,    0.0000000000E+00,    0.0000000000E+00,    5.6682904356E+01
     73500,      0.676929,CP2_after_erosion,   1,    0.0000000000E+00,    5.6682904356E+01,    5.6682904356E+01,    0.0000000000E+00,    0.0000000000E+00,    0.0000000000E+00,    5.6682904356E+01
     73500,      0.676929,CP3_after_update_bottom,   1,    0.0000000000E+00,    5.6682904356E+01,    5.6682904356E+01,    0.0000000000E+00,    0.0000000000E+00,    0.0000000000E+00,    5.6682904356E+01
     73500,      0.676929,CP4_after_advection,   1,    0.0000000000E+00,    5.6684499233E+01,    5.6684499233E+01,    0.0000000000E+00,    0.0000000000E+00,    0.0000000000E+00,    5.6684499233E+01
     73500,      0.676929,CP5_after_vdif,   1,    0.0000000000E+00,    5.6684499233E+01,    5.6684499233E+01,    0.0000000000E+00,    0.0000000000E+00,    0.0000000000E+00,    5.6684499233E+01
     73500,      0.676929,CP6_after_kinetics,   1,    0.0000000000E+00,    5.6684499233E+01,    5.6684499233E+01,    0.0000000000E+00,    0.0000000000E+00,    0.0000000000E+00,    5.6684499233E+01
     73500,      0.676929,CP7_after_upper_clamp,   1,    0.0000000000E+00,    5.6684499233E+01,    5.6684499233E+01,    0.0000000000E+00,    0.0000000000E+00,    0.0000000000E+00,    5.6684499233E+01
     73500,      0.676929,CP8_after_OBC,   1,    0.0000000000E+00,    5.6684499233E+01,    5.6684499233E+01,    0.0000000000E+00,    0.0000000000E+00,    0.0000000000E+00,    5.6684499233E+01
     73500,      0.676929,CP9_after_PTsource,   1,    0.0000000000E+00,    5.6684499233E+01,    5.6684499233E+01,    0.0000000000E+00,    0.0000000000E+00,    0.0000000000E+00,    5.6684499233E+01
     73500,      0.676929,CP10_after_neg_clamp,   1,    0.0000000000E+00,    5.6684499233E+01,    5.6684499233E+01,    0.0000000000E+00,    0.0000000000E+00,    0.0000000000E+00,    5.6684499233E+01
     73500,      0.676929,CP11_after_MPI,   1,    0.0000000000E+00,    5.6684499233E+01,    5.6684499233E+01,    0.0000000000E+00,    0.0000000000E+00,    0.0000000000E+00,    5.6684499233E+01
     73500,      0.676929,CP12_end,   1,    0.0000000000E+00,    5.6684499233E+01,    5.6684499233E+01,    0.0000000000E+00,    0.0000000000E+00,    0.0000000000E+00,    5.6684499233E+01
     73550,      0.676929,CP0_start,   1,    0.0000000000E+00,    5.6755221989E+01,    5.6755221989E+01,    0.0000000000E+00,    0.0000000000E+00,    0.0000000000E+00,    5.6755221989E+01
     73550,      0.676929,CP1_after_deposition,   1,    0.0000000000E+00,    5.6755221989E+01,    5.6755221989E+01,    0.0000000000E+00,    0.0000000000E+00,    0.0000000000E+00,    5.6755221989E+01
     73550,      0.676929,CP2_after_erosion,   1,    0.0000000000E+00,    5.6755221989E+01,    5.6755221989E+01,    0.0000000000E+00,    0.0000000000E+00,    0.0000000000E+00,    5.6755221989E+01
     73550,      0.676929,CP3_after_update_bottom,   1,    0.0000000000E+00,    5.6755221989E+01,    5.6755221989E+01,    0.0000000000E+00,    0.0000000000E+00,    0.0000000000E+00,    5.6755221989E+01
     73550,      0.676929,CP4_after_advection,   1,    0.0000000000E+00,    5.6756858556E+01,    5.6756858556E+01,    0.0000000000E+00,    0.0000000000E+00,    0.0000000000E+00,    5.6756858556E+01
     73550,      0.676929,CP5_after_vdif,   1,    0.0000000000E+00,    5.6756858556E+01,    5.6756858556E+01,    0.0000000000E+00,    0.0000000000E+00,    0.0000000000E+00,    5.6756858556E+01
     73550,      0.676929,CP6_after_kinetics,   1,    0.0000000000E+00,    5.6756858556E+01,    5.6756858556E+01,    0.0000000000E+00,    0.0000000000E+00,    0.0000000000E+00,    5.6756858556E+01
     73550,      0.676929,CP7_after_upper_clamp,   1,    0.0000000000E+00,    5.6756858556E+01,    5.6756858556E+01,    0.0000000000E+00,    0.0000000000E+00,    0.0000000000E+00,    5.6756858556E+01
     73550,      0.676929,CP8_after_OBC,   1,    0.0000000000E+00,    5.6756858556E+01,    5.6756858556E+01,    0.0000000000E+00,    0.0000000000E+00,    0.0000000000E+00,    5.6756858556E+01
     73550,      0.676929,CP9_after_PTsource,   1,    0.0000000000E+00,    5.6756858556E+01,    5.6756858556E+01,    0.0000000000E+00,    0.0000000000E+00,    0.0000000000E+00,    5.6756858556E+01
     73550,      0.676929,CP10_after_neg_clamp,   1,    0.0000000000E+00,    5.6756858556E+01,    5.6756858556E+01,    0.0000000000E+00,    0.0000000000E+00,    0.0000000000E+00,    5.6756858556E+01
     73550,      0.676929,CP11_after_MPI,   1,    0.0000000000E+00,    5.6756858556E+01,    5.6756858556E+01,    0.0000000000E+00,    0.0000000000E+00,    0.0000000000E+00,    5.6756858556E+01
     73550,      0.676929,CP12_end,   1,    0.0000000000E+00,    5.6756858556E+01,    5.6756858556E+01,    0.0000000000E+00,    0.0000000000E+00,    0.0000000000E+00,    5.6756858556E+01
     73600,      0.676929,CP0_start,   1,    0.0000000000E+00,    5.6828242035E+01,    5.6828242035E+01,    0.0000000000E+00,    0.0000000000E+00,    0.0000000000E+00,    5.6828242035E+01
     73600,      0.676929,CP1_after_deposition,   1,    0.0000000000E+00,    5.6828242035E+01,    5.6828242035E+01,    0.0000000000E+00,    0.0000000000E+00,    0.0000000000E+00,    5.6828242035E+01
     73600,      0.676929,CP2_after_erosion,   1,    0.0000000000E+00,    5.6828242035E+01,    5.6828242035E+01,    0.0000000000E+00,    0.0000000000E+00,    0.0000000000E+00,    5.6828242035E+01
     73600,      0.676929,CP3_after_update_bottom,   1,    0.0000000000E+00,    5.6828242035E+01,    5.6828242035E+01,    0.0000000000E+00,    0.0000000000E+00,    0.0000000000E+00,    5.6828242035E+01
     73600,      0.676929,CP4_after_advection,   1,    0.0000000000E+00,    5.6829920990E+01,    5.6829920990E+01,    0.0000000000E+00,    0.0000000000E+00,    0.0000000000E+00,    5.6829920990E+01
     73600,      0.676929,CP5_after_vdif,   1,    0.0000000000E+00,    5.6829920990E+01,    5.6829920990E+01,    0.0000000000E+00,    0.0000000000E+00,    0.0000000000E+00,    5.6829920990E+01
     73600,      0.676929,CP6_after_kinetics,   1,    0.0000000000E+00,    5.6829920990E+01,    5.6829920990E+01,    0.0000000000E+00,    0.0000000000E+00,    0.0000000000E+00,    5.6829920990E+01
     73600,      0.676929,CP7_after_upper_clamp,   1,    0.0000000000E+00,    5.6829920990E+01,    5.6829920990E+01,    0.0000000000E+00,    0.0000000000E+00,    0.0000000000E+00,    5.6829920990E+01
     73600,      0.676929,CP8_after_OBC,   1,    0.0000000000E+00,    5.6829920990E+01,    5.6829920990E+01,    0.0000000000E+00,    0.0000000000E+00,    0.0000000000E+00,    5.6829920990E+01
     73600,      0.676929,CP9_after_PTsource,   1,    0.0000000000E+00,    5.6829920990E+01,    5.6829920990E+01,    0.0000000000E+00,    0.0000000000E+00,    0.0000000000E+00,    5.6829920990E+01
     73600,      0.676929,CP10_after_neg_clamp,   1,    0.0000000000E+00,    5.6829920990E+01,    5.6829920990E+01,    0.0000000000E+00,    0.0000000000E+00,    0.0000000000E+00,    5.6829920990E+01
     73600,      0.676929,CP11_after_MPI,   1,    0.0000000000E+00,    5.6829920990E+01,    5.6829920990E+01,    0.0000000000E+00,    0.0000000000E+00,    0.0000000000E+00,    5.6829920990E+01
     73600,      0.676929,CP12_end,   1,    0.0000000000E+00,    5.6829920990E+01,    5.6829920990E+01,    0.0000000000E+00,    0.0000000000E+00,    0.0000000000E+00,    5.6829920990E+01
     73650,      0.676929,CP0_start,   1,    0.0000000000E+00,    5.6901885617E+01,    5.6901885617E+01,    0.0000000000E+00,    0.0000000000E+00,    0.0000000000E+00,    5.6901885617E+01
     73650,      0.676929,CP1_after_deposition,   1,    0.0000000000E+00,    5.6901885617E+01,    5.6901885617E+01,    0.0000000000E+00,    0.0000000000E+00,    0.0000000000E+00,    5.6901885617E+01
     73650,      0.676929,CP2_after_erosion,   1,    0.0000000000E+00,    5.6901885617E+01,    5.6901885617E+01,    0.0000000000E+00,    0.0000000000E+00,    0.0000000000E+00,    5.6901885617E+01
     73650,      0.676929,CP3_after_update_bottom,   1,    0.0000000000E+00,    5.6901885617E+01,    5.6901885617E+01,    0.0000000000E+00,    0.0000000000E+00,    0.0000000000E+00,    5.6901885617E+01
     73650,      0.676929,CP4_after_advection,   1,    0.0000000000E+00,    5.6903606413E+01,    5.6903606413E+01,    0.0000000000E+00,    0.0000000000E+00,    0.0000000000E+00,    5.6903606413E+01
     73650,      0.676929,CP5_after_vdif,   1,    0.0000000000E+00,    5.6903606413E+01,    5.6903606413E+01,    0.0000000000E+00,    0.0000000000E+00,    0.0000000000E+00,    5.6903606413E+01
     73650,      0.676929,CP6_after_kinetics,   1,    0.0000000000E+00,    5.6903606413E+01,    5.6903606413E+01,    0.0000000000E+00,    0.0000000000E+00,    0.0000000000E+00,    5.6903606413E+01
     73650,      0.676929,CP7_after_upper_clamp,   1,    0.0000000000E+00,    5.6903606413E+01,    5.6903606413E+01,    0.0000000000E+00,    0.0000000000E+00,    0.0000000000E+00,    5.6903606413E+01
     73650,      0.676929,CP8_after_OBC,   1,    0.0000000000E+00,    5.6903606413E+01,    5.6903606413E+01,    0.0000000000E+00,    0.0000000000E+00,    0.0000000000E+00,    5.6903606413E+01
     73650,      0.676929,CP9_after_PTsource,   1,    0.0000000000E+00,    5.6903606413E+01,    5.6903606413E+01,    0.0000000000E+00,    0.0000000000E+00,    0.0000000000E+00,    5.6903606413E+01
     73650,      0.676929,CP10_after_neg_clamp,   1,    0.0000000000E+00,    5.6903606413E+01,    5.6903606413E+01,    0.0000000000E+00,    0.0000000000E+00,    0.0000000000E+00,    5.6903606413E+01
     73650,      0.676929,CP11_after_MPI,   1,    0.0000000000E+00,    5.6903606413E+01,    5.6903606413E+01,    0.0000000000E+00,    0.0000000000E+00,    0.0000000000E+00,    5.6903606413E+01
     73650,      0.676929,CP12_end,   1,    0.0000000000E+00,    5.6903606413E+01,    5.6903606413E+01,    0.0000000000E+00,    0.0000000000E+00,    0.0000000000E+00,    5.6903606413E+01
     73700,      0.676929,CP0_start,   1,    0.0000000000E+00,    5.6976064198E+01,    5.6976064198E+01,    0.0000000000E+00,    0.0000000000E+00,    0.0000000000E+00,    5.6976064198E+01
     73700,      0.676929,CP1_after_deposition,   1,    0.0000000000E+00,    5.6976064198E+01,    5.6976064198E+01,    0.0000000000E+00,    0.0000000000E+00,    0.0000000000E+00,    5.6976064198E+01
     73700,      0.676929,CP2_after_erosion,   1,    0.0000000000E+00,    5.6976064198E+01,    5.6976064198E+01,    0.0000000000E+00,    0.0000000000E+00,    0.0000000000E+00,    5.6976064198E+01
     73700,      0.676929,CP3_after_update_bottom,   1,    0.0000000000E+00,    5.6976064198E+01,    5.6976064198E+01,    0.0000000000E+00,    0.0000000000E+00,    0.0000000000E+00,    5.6976064198E+01
     73700,      0.676929,CP4_after_advection,   1,    0.0000000000E+00,    5.6977825023E+01,    5.6977825023E+01,    0.0000000000E+00,    0.0000000000E+00,    0.0000000000E+00,    5.6977825023E+01
     73700,      0.676929,CP5_after_vdif,   1,    0.0000000000E+00,    5.6977825023E+01,    5.6977825023E+01,    0.0000000000E+00,    0.0000000000E+00,    0.0000000000E+00,    5.6977825023E+01
     73700,      0.676929,CP6_after_kinetics,   1,    0.0000000000E+00,    5.6977825023E+01,    5.6977825023E+01,    0.0000000000E+00,    0.0000000000E+00,    0.0000000000E+00,    5.6977825023E+01
     73700,      0.676929,CP7_after_upper_clamp,   1,    0.0000000000E+00,    5.6977825023E+01,    5.6977825023E+01,    0.0000000000E+00,    0.0000000000E+00,    0.0000000000E+00,    5.6977825023E+01
     73700,      0.676929,CP8_after_OBC,   1,    0.0000000000E+00,    5.6977825023E+01,    5.6977825023E+01,    0.0000000000E+00,    0.0000000000E+00,    0.0000000000E+00,    5.6977825023E+01
     73700,      0.676929,CP9_after_PTsource,   1,    0.0000000000E+00,    5.6977825023E+01,    5.6977825023E+01,    0.0000000000E+00,    0.0000000000E+00,    0.0000000000E+00,    5.6977825023E+01
     73700,      0.676929,CP10_after_neg_clamp,   1,    0.0000000000E+00,    5.6977825023E+01,    5.6977825023E+01,    0.0000000000E+00,    0.0000000000E+00,    0.0000000000E+00,    5.6977825023E+01
     73700,      0.676929,CP11_after_MPI,   1,    0.0000000000E+00,    5.6977825023E+01,    5.6977825023E+01,    0.0000000000E+00,    0.0000000000E+00,    0.0000000000E+00,    5.6977825023E+01
     73700,      0.676929,CP12_end,   1,    0.0000000000E+00,    5.6977825023E+01,    5.6977825023E+01,    0.0000000000E+00,    0.0000000000E+00,    0.0000000000E+00,    5.6977825023E+01
     73750,      0.676929,CP0_start,   1,    0.0000000000E+00,    5.7050654652E+01,    5.7050654652E+01,    0.0000000000E+00,    0.0000000000E+00,    0.0000000000E+00,    5.7050654652E+01
     73750,      0.676929,CP1_after_deposition,   1,    0.0000000000E+00,    5.7050654652E+01,    5.7050654652E+01,    0.0000000000E+00,    0.0000000000E+00,    0.0000000000E+00,    5.7050654652E+01
     73750,      0.676929,CP2_after_erosion,   1,    0.0000000000E+00,    5.7050654652E+01,    5.7050654652E+01,    0.0000000000E+00,    0.0000000000E+00,    0.0000000000E+00,    5.7050654652E+01
     73750,      0.676929,CP3_after_update_bottom,   1,    0.0000000000E+00,    5.7050654652E+01,    5.7050654652E+01,    0.0000000000E+00,    0.0000000000E+00,    0.0000000000E+00,    5.7050654652E+01
     73750,      0.676929,CP4_after_advection,   1,    0.0000000000E+00,    5.7052452344E+01,    5.7052452344E+01,    0.0000000000E+00,    0.0000000000E+00,    0.0000000000E+00,    5.7052452344E+01
     73750,      0.676929,CP5_after_vdif,   1,    0.0000000000E+00,    5.7052452344E+01,    5.7052452344E+01,    0.0000000000E+00,    0.0000000000E+00,    0.0000000000E+00,    5.7052452344E+01
     73750,      0.676929,CP6_after_kinetics,   1,    0.0000000000E+00,    5.7052452344E+01,    5.7052452344E+01,    0.0000000000E+00,    0.0000000000E+00,    0.0000000000E+00,    5.7052452344E+01
     73750,      0.676929,CP7_after_upper_clamp,   1,    0.0000000000E+00,    5.7052452344E+01,    5.7052452344E+01,    0.0000000000E+00,    0.0000000000E+00,    0.0000000000E+00,    5.7052452344E+01
     73750,      0.676929,CP8_after_OBC,   1,    0.0000000000E+00,    5.7052452344E+01,    5.7052452344E+01,    0.0000000000E+00,    0.0000000000E+00,    0.0000000000E+00,    5.7052452344E+01
     73750,      0.676929,CP9_after_PTsource,   1,    0.0000000000E+00,    5.7052452344E+01,    5.7052452344E+01,    0.0000000000E+00,    0.0000000000E+00,    0.0000000000E+00,    5.7052452344E+01
     73750,      0.676929,CP10_after_neg_clamp,   1,    0.0000000000E+00,    5.7052452344E+01,    5.7052452344E+01,    0.0000000000E+00,    0.0000000000E+00,    0.0000000000E+00,    5.7052452344E+01
     73750,      0.676929,CP11_after_MPI,   1,    0.0000000000E+00,    5.7052452344E+01,    5.7052452344E+01,    0.0000000000E+00,    0.0000000000E+00,    0.0000000000E+00,    5.7052452344E+01
     73750,      0.676929,CP12_end,   1,    0.0000000000E+00,    5.7052452344E+01,    5.7052452344E+01,    0.0000000000E+00,    0.0000000000E+00,    0.0000000000E+00,    5.7052452344E+01
     73800,      0.676929,CP0_start,   1,    0.0000000000E+00,    5.7125529553E+01,    5.7125529553E+01,    0.0000000000E+00,    0.0000000000E+00,    0.0000000000E+00,    5.7125529553E+01
     73800,      0.676929,CP1_after_deposition,   1,    0.0000000000E+00,    5.7125529553E+01,    5.7125529553E+01,    0.0000000000E+00,    0.0000000000E+00,    0.0000000000E+00,    5.7125529553E+01
     73800,      0.676929,CP2_after_erosion,   1,    0.0000000000E+00,    5.7125529553E+01,    5.7125529553E+01,    0.0000000000E+00,    0.0000000000E+00,    0.0000000000E+00,    5.7125529553E+01
     73800,      0.676929,CP3_after_update_bottom,   1,    0.0000000000E+00,    5.7125529553E+01,    5.7125529553E+01,    0.0000000000E+00,    0.0000000000E+00,    0.0000000000E+00,    5.7125529553E+01
     73800,      0.676929,CP4_after_advection,   1,    0.0000000000E+00,    5.7127362263E+01,    5.7127362263E+01,    0.0000000000E+00,    0.0000000000E+00,    0.0000000000E+00,    5.7127362263E+01
     73800,      0.676929,CP5_after_vdif,   1,    0.0000000000E+00,    5.7127362263E+01,    5.7127362263E+01,    0.0000000000E+00,    0.0000000000E+00,    0.0000000000E+00,    5.7127362263E+01
     73800,      0.676929,CP6_after_kinetics,   1,    0.0000000000E+00,    5.7127362263E+01,    5.7127362263E+01,    0.0000000000E+00,    0.0000000000E+00,    0.0000000000E+00,    5.7127362263E+01
     73800,      0.676929,CP7_after_upper_clamp,   1,    0.0000000000E+00,    5.7127362263E+01,    5.7127362263E+01,    0.0000000000E+00,    0.0000000000E+00,    0.0000000000E+00,    5.7127362263E+01
     73800,      0.676929,CP8_after_OBC,   1,    0.0000000000E+00,    5.7127362263E+01,    5.7127362263E+01,    0.0000000000E+00,    0.0000000000E+00,    0.0000000000E+00,    5.7127362263E+01
     73800,      0.676929,CP9_after_PTsource,   1,    0.0000000000E+00,    5.7127362263E+01,    5.7127362263E+01,    0.0000000000E+00,    0.0000000000E+00,    0.0000000000E+00,    5.7127362263E+01
     73800,      0.676929,CP10_after_neg_clamp,   1,    0.0000000000E+00,    5.7127362263E+01,    5.7127362263E+01,    0.0000000000E+00,    0.0000000000E+00,    0.0000000000E+00,    5.7127362263E+01
     73800,      0.676929,CP11_after_MPI,   1,    0.0000000000E+00,    5.7127362263E+01,    5.7127362263E+01,    0.0000000000E+00,    0.0000000000E+00,    0.0000000000E+00,    5.7127362263E+01
     73800,      0.676929,CP12_end,   1,    0.0000000000E+00,    5.7127362263E+01,    5.7127362263E+01,    0.0000000000E+00,    0.0000000000E+00,    0.0000000000E+00,    5.7127362263E+01
     73850,      0.676930,CP0_start,   1,    0.0000000000E+00,    5.7200530973E+01,    5.7200530973E+01,    0.0000000000E+00,    0.0000000000E+00,    0.0000000000E+00,    5.7200530973E+01
     73850,      0.676930,CP1_after_deposition,   1,    0.0000000000E+00,    5.7200530973E+01,    5.7200530973E+01,    0.0000000000E+00,    0.0000000000E+00,    0.0000000000E+00,    5.7200530973E+01
     73850,      0.676930,CP2_after_erosion,   1,    0.0000000000E+00,    5.7200530973E+01,    5.7200530973E+01,    0.0000000000E+00,    0.0000000000E+00,    0.0000000000E+00,    5.7200530973E+01
     73850,      0.676930,CP3_after_update_bottom,   1,    0.0000000000E+00,    5.7200530973E+01,    5.7200530973E+01,    0.0000000000E+00,    0.0000000000E+00,    0.0000000000E+00,    5.7200530973E+01
     73850,      0.676930,CP4_after_advection,   1,    0.0000000000E+00,    5.7202397263E+01,    5.7202397263E+01,    0.0000000000E+00,    0.0000000000E+00,    0.0000000000E+00,    5.7202397263E+01
     73850,      0.676930,CP5_after_vdif,   1,    0.0000000000E+00,    5.7202397263E+01,    5.7202397263E+01,    0.0000000000E+00,    0.0000000000E+00,    0.0000000000E+00,    5.7202397263E+01
     73850,      0.676930,CP6_after_kinetics,   1,    0.0000000000E+00,    5.7202397263E+01,    5.7202397263E+01,    0.0000000000E+00,    0.0000000000E+00,    0.0000000000E+00,    5.7202397263E+01
     73850,      0.676930,CP7_after_upper_clamp,   1,    0.0000000000E+00,    5.7202397263E+01,    5.7202397263E+01,    0.0000000000E+00,    0.0000000000E+00,    0.0000000000E+00,    5.7202397263E+01
     73850,      0.676930,CP8_after_OBC,   1,    0.0000000000E+00,    5.7202397263E+01,    5.7202397263E+01,    0.0000000000E+00,    0.0000000000E+00,    0.0000000000E+00,    5.7202397263E+01
     73850,      0.676930,CP9_after_PTsource,   1,    0.0000000000E+00,    5.7202397263E+01,    5.7202397263E+01,    0.0000000000E+00,    0.0000000000E+00,    0.0000000000E+00,    5.7202397263E+01
     73850,      0.676930,CP10_after_neg_clamp,   1,    0.0000000000E+00,    5.7202397263E+01,    5.7202397263E+01,    0.0000000000E+00,    0.0000000000E+00,    0.0000000000E+00,    5.7202397263E+01
     73850,      0.676930,CP11_after_MPI,   1,    0.0000000000E+00,    5.7202397263E+01,    5.7202397263E+01,    0.0000000000E+00,    0.0000000000E+00,    0.0000000000E+00,    5.7202397263E+01
     73850,      0.676930,CP12_end,   1,    0.0000000000E+00,    5.7202397263E+01,    5.7202397263E+01,    0.0000000000E+00,    0.0000000000E+00,    0.0000000000E+00,    5.7202397263E+01
     73900,      0.676930,CP0_start,   1,    0.0000000000E+00,    5.7275534962E+01,    5.7275534962E+01,    0.0000000000E+00,    0.0000000000E+00,    0.0000000000E+00,    5.7275534962E+01
     73900,      0.676930,CP1_after_deposition,   1,    0.0000000000E+00,    5.7275534962E+01,    5.7275534962E+01,    0.0000000000E+00,    0.0000000000E+00,    0.0000000000E+00,    5.7275534962E+01
     73900,      0.676930,CP2_after_erosion,   1,    0.0000000000E+00,    5.7275534962E+01,    5.7275534962E+01,    0.0000000000E+00,    0.0000000000E+00,    0.0000000000E+00,    5.7275534962E+01
     73900,      0.676930,CP3_after_update_bottom,   1,    0.0000000000E+00,    5.7275534962E+01,    5.7275534962E+01,    0.0000000000E+00,    0.0000000000E+00,    0.0000000000E+00,    5.7275534962E+01
     73900,      0.676930,CP4_after_advection,   1,    0.0000000000E+00,    5.7277432026E+01,    5.7277432026E+01,    0.0000000000E+00,    0.0000000000E+00,    0.0000000000E+00,    5.7277432026E+01
     73900,      0.676930,CP5_after_vdif,   1,    0.0000000000E+00,    5.7277432026E+01,    5.7277432026E+01,    0.0000000000E+00,    0.0000000000E+00,    0.0000000000E+00,    5.7277432026E+01
     73900,      0.676930,CP6_after_kinetics,   1,    0.0000000000E+00,    5.7277432026E+01,    5.7277432026E+01,    0.0000000000E+00,    0.0000000000E+00,    0.0000000000E+00,    5.7277432026E+01
     73900,      0.676930,CP7_after_upper_clamp,   1,    0.0000000000E+00,    5.7277432026E+01,    5.7277432026E+01,    0.0000000000E+00,    0.0000000000E+00,    0.0000000000E+00,    5.7277432026E+01
     73900,      0.676930,CP8_after_OBC,   1,    0.0000000000E+00,    5.7277432026E+01,    5.7277432026E+01,    0.0000000000E+00,    0.0000000000E+00,    0.0000000000E+00,    5.7277432026E+01
     73900,      0.676930,CP9_after_PTsource,   1,    0.0000000000E+00,    5.7277432026E+01,    5.7277432026E+01,    0.0000000000E+00,    0.0000000000E+00,    0.0000000000E+00,    5.7277432026E+01
     73900,      0.676930,CP10_after_neg_clamp,   1,    0.0000000000E+00,    5.7277432026E+01,    5.7277432026E+01,    0.0000000000E+00,    0.0000000000E+00,    0.0000000000E+00,    5.7277432026E+01
     73900,      0.676930,CP11_after_MPI,   1,    0.0000000000E+00,    5.7277432026E+01,    5.7277432026E+01,    0.0000000000E+00,    0.0000000000E+00,    0.0000000000E+00,    5.7277432026E+01
     73900,      0.676930,CP12_end,   1,    0.0000000000E+00,    5.7277432026E+01,    5.7277432026E+01,    0.0000000000E+00,    0.0000000000E+00,    0.0000000000E+00,    5.7277432026E+01
     73950,      0.676930,CP0_start,   1,    0.0000000000E+00,    5.7350385712E+01,    5.7350385712E+01,    0.0000000000E+00,    0.0000000000E+00,    0.0000000000E+00,    5.7350385712E+01
     73950,      0.676930,CP1_after_deposition,   1,    0.0000000000E+00,    5.7350385712E+01,    5.7350385712E+01,    0.0000000000E+00,    0.0000000000E+00,    0.0000000000E+00,    5.7350385712E+01
     73950,      0.676930,CP2_after_erosion,   1,    0.0000000000E+00,    5.7350385712E+01,    5.7350385712E+01,    0.0000000000E+00,    0.0000000000E+00,    0.0000000000E+00,    5.7350385712E+01
     73950,      0.676930,CP3_after_update_bottom,   1,    0.0000000000E+00,    5.7350385712E+01,    5.7350385712E+01,    0.0000000000E+00,    0.0000000000E+00,    0.0000000000E+00,    5.7350385712E+01
     73950,      0.676930,CP4_after_advection,   1,    0.0000000000E+00,    5.7352311480E+01,    5.7352311480E+01,    0.0000000000E+00,    0.0000000000E+00,    0.0000000000E+00,    5.7352311480E+01
     73950,      0.676930,CP5_after_vdif,   1,    0.0000000000E+00,    5.7352311480E+01,    5.7352311480E+01,    0.0000000000E+00,    0.0000000000E+00,    0.0000000000E+00,    5.7352311480E+01
     73950,      0.676930,CP6_after_kinetics,   1,    0.0000000000E+00,    5.7352311480E+01,    5.7352311480E+01,    0.0000000000E+00,    0.0000000000E+00,    0.0000000000E+00,    5.7352311480E+01
     73950,      0.676930,CP7_after_upper_clamp,   1,    0.0000000000E+00,    5.7352311480E+01,    5.7352311480E+01,    0.0000000000E+00,    0.0000000000E+00,    0.0000000000E+00,    5.7352311480E+01
     73950,      0.676930,CP8_after_OBC,   1,    0.0000000000E+00,    5.7352311480E+01,    5.7352311480E+01,    0.0000000000E+00,    0.0000000000E+00,    0.0000000000E+00,    5.7352311480E+01
     73950,      0.676930,CP9_after_PTsource,   1,    0.0000000000E+00,    5.7352311480E+01,    5.7352311480E+01,    0.0000000000E+00,    0.0000000000E+00,    0.0000000000E+00,    5.7352311480E+01
     73950,      0.676930,CP10_after_neg_clamp,   1,    0.0000000000E+00,    5.7352311480E+01,    5.7352311480E+01,    0.0000000000E+00,    0.0000000000E+00,    0.0000000000E+00,    5.7352311480E+01
     73950,      0.676930,CP11_after_MPI,   1,    0.0000000000E+00,    5.7352311480E+01,    5.7352311480E+01,    0.0000000000E+00,    0.0000000000E+00,    0.0000000000E+00,    5.7352311480E+01
     73950,      0.676930,CP12_end,   1,    0.0000000000E+00,    5.7352311480E+01,    5.7352311480E+01,    0.0000000000E+00,    0.0000000000E+00,    0.0000000000E+00,    5.7352311480E+01
     74000,      0.676930,CP0_start,   1,    0.0000000000E+00,    5.7424958106E+01,    5.7424958106E+01,    0.0000000000E+00,    0.0000000000E+00,    0.0000000000E+00,    5.7424958106E+01
     74000,      0.676930,CP1_after_deposition,   1,    0.0000000000E+00,    5.7424958106E+01,    5.7424958106E+01,    0.0000000000E+00,    0.0000000000E+00,    0.0000000000E+00,    5.7424958106E+01
     74000,      0.676930,CP2_after_erosion,   1,    0.0000000000E+00,    5.7424958106E+01,    5.7424958106E+01,    0.0000000000E+00,    0.0000000000E+00,    0.0000000000E+00,    5.7424958106E+01
     74000,      0.676930,CP3_after_update_bottom,   1,    0.0000000000E+00,    5.7424958106E+01,    5.7424958106E+01,    0.0000000000E+00,    0.0000000000E+00,    0.0000000000E+00,    5.7424958106E+01
     74000,      0.676930,CP4_after_advection,   1,    0.0000000000E+00,    5.7426911392E+01,    5.7426911392E+01,    0.0000000000E+00,    0.0000000000E+00,    0.0000000000E+00,    5.7426911392E+01
     74000,      0.676930,CP5_after_vdif,   1,    0.0000000000E+00,    5.7426911392E+01,    5.7426911392E+01,    0.0000000000E+00,    0.0000000000E+00,    0.0000000000E+00,    5.7426911392E+01
     74000,      0.676930,CP6_after_kinetics,   1,    0.0000000000E+00,    5.7426911392E+01,    5.7426911392E+01,    0.0000000000E+00,    0.0000000000E+00,    0.0000000000E+00,    5.7426911392E+01
     74000,      0.676930,CP7_after_upper_clamp,   1,    0.0000000000E+00,    5.7426911392E+01,    5.7426911392E+01,    0.0000000000E+00,    0.0000000000E+00,    0.0000000000E+00,    5.7426911392E+01
     74000,      0.676930,CP8_after_OBC,   1,    0.0000000000E+00,    5.7426911392E+01,    5.7426911392E+01,    0.0000000000E+00,    0.0000000000E+00,    0.0000000000E+00,    5.7426911392E+01
     74000,      0.676930,CP9_after_PTsource,   1,    0.0000000000E+00,    5.7426911392E+01,    5.7426911392E+01,    0.0000000000E+00,    0.0000000000E+00,    0.0000000000E+00,    5.7426911392E+01
     74000,      0.676930,CP10_after_neg_clamp,   1,    0.0000000000E+00,    5.7426911392E+01,    5.7426911392E+01,    0.0000000000E+00,    0.0000000000E+00,    0.0000000000E+00,    5.7426911392E+01
     74000,      0.676930,CP11_after_MPI,   1,    0.0000000000E+00,    5.7426911392E+01,    5.7426911392E+01,    0.0000000000E+00,    0.0000000000E+00,    0.0000000000E+00,    5.7426911392E+01
     74000,      0.676930,CP12_end,   1,    0.0000000000E+00,    5.7426911392E+01,    5.7426911392E+01,    0.0000000000E+00,    0.0000000000E+00,    0.0000000000E+00,    5.7426911392E+01
     74050,      0.676930,CP0_start,   1,    0.0000000000E+00,    5.7499141247E+01,    5.7499141247E+01,    0.0000000000E+00,    0.0000000000E+00,    0.0000000000E+00,    5.7499141247E+01
     74050,      0.676930,CP1_after_deposition,   1,    0.0000000000E+00,    5.7499141247E+01,    5.7499141247E+01,    0.0000000000E+00,    0.0000000000E+00,    0.0000000000E+00,    5.7499141247E+01
     74050,      0.676930,CP2_after_erosion,   1,    0.0000000000E+00,    5.7499141247E+01,    5.7499141247E+01,    0.0000000000E+00,    0.0000000000E+00,    0.0000000000E+00,    5.7499141247E+01
     74050,      0.676930,CP3_after_update_bottom,   1,    0.0000000000E+00,    5.7499141247E+01,    5.7499141247E+01,    0.0000000000E+00,    0.0000000000E+00,    0.0000000000E+00,    5.7499141247E+01
     74050,      0.676930,CP4_after_advection,   1,    0.0000000000E+00,    5.7501120453E+01,    5.7501120453E+01,    0.0000000000E+00,    0.0000000000E+00,    0.0000000000E+00,    5.7501120453E+01
     74050,      0.676930,CP5_after_vdif,   1,    0.0000000000E+00,    5.7501120453E+01,    5.7501120453E+01,    0.0000000000E+00,    0.0000000000E+00,    0.0000000000E+00,    5.7501120453E+01
     74050,      0.676930,CP6_after_kinetics,   1,    0.0000000000E+00,    5.7501120453E+01,    5.7501120453E+01,    0.0000000000E+00,    0.0000000000E+00,    0.0000000000E+00,    5.7501120453E+01
     74050,      0.676930,CP7_after_upper_clamp,   1,    0.0000000000E+00,    5.7501120453E+01,    5.7501120453E+01,    0.0000000000E+00,    0.0000000000E+00,    0.0000000000E+00,    5.7501120453E+01
     74050,      0.676930,CP8_after_OBC,   1,    0.0000000000E+00,    5.7501120453E+01,    5.7501120453E+01,    0.0000000000E+00,    0.0000000000E+00,    0.0000000000E+00,    5.7501120453E+01
     74050,      0.676930,CP9_after_PTsource,   1,    0.0000000000E+00,    5.7501120453E+01,    5.7501120453E+01,    0.0000000000E+00,    0.0000000000E+00,    0.0000000000E+00,    5.7501120453E+01
     74050,      0.676930,CP10_after_neg_clamp,   1,    0.0000000000E+00,    5.7501120453E+01,    5.7501120453E+01,    0.0000000000E+00,    0.0000000000E+00,    0.0000000000E+00,    5.7501120453E+01
     74050,      0.676930,CP11_after_MPI,   1,    0.0000000000E+00,    5.7501120453E+01,    5.7501120453E+01,    0.0000000000E+00,    0.0000000000E+00,    0.0000000000E+00,    5.7501120453E+01
     74050,      0.676930,CP12_end,   1,    0.0000000000E+00,    5.7501120453E+01,    5.7501120453E+01,    0.0000000000E+00,    0.0000000000E+00,    0.0000000000E+00,    5.7501120453E+01
     74100,      0.676930,CP0_start,   1,    0.0000000000E+00,    5.7572883947E+01,    5.7572883947E+01,    0.0000000000E+00,    0.0000000000E+00,    0.0000000000E+00,    5.7572883947E+01
     74100,      0.676930,CP1_after_deposition,   1,    0.0000000000E+00,    5.7572883947E+01,    5.7572883947E+01,    0.0000000000E+00,    0.0000000000E+00,    0.0000000000E+00,    5.7572883947E+01
     74100,      0.676930,CP2_after_erosion,   1,    0.0000000000E+00,    5.7572883947E+01,    5.7572883947E+01,    0.0000000000E+00,    0.0000000000E+00,    0.0000000000E+00,    5.7572883947E+01
     74100,      0.676930,CP3_after_update_bottom,   1,    0.0000000000E+00,    5.7572883947E+01,    5.7572883947E+01,    0.0000000000E+00,    0.0000000000E+00,    0.0000000000E+00,    5.7572883947E+01
     74100,      0.676930,CP4_after_advection,   1,    0.0000000000E+00,    5.7574888153E+01,    5.7574888153E+01,    0.0000000000E+00,    0.0000000000E+00,    0.0000000000E+00,    5.7574888153E+01
     74100,      0.676930,CP5_after_vdif,   1,    0.0000000000E+00,    5.7574888153E+01,    5.7574888153E+01,    0.0000000000E+00,    0.0000000000E+00,    0.0000000000E+00,    5.7574888153E+01
     74100,      0.676930,CP6_after_kinetics,   1,    0.0000000000E+00,    5.7574888153E+01,    5.7574888153E+01,    0.0000000000E+00,    0.0000000000E+00,    0.0000000000E+00,    5.7574888153E+01
     74100,      0.676930,CP7_after_upper_clamp,   1,    0.0000000000E+00,    5.7574888153E+01,    5.7574888153E+01,    0.0000000000E+00,    0.0000000000E+00,    0.0000000000E+00,    5.7574888153E+01
     74100,      0.676930,CP8_after_OBC,   1,    0.0000000000E+00,    5.7574888153E+01,    5.7574888153E+01,    0.0000000000E+00,    0.0000000000E+00,    0.0000000000E+00,    5.7574888153E+01
     74100,      0.676930,CP9_after_PTsource,   1,    0.0000000000E+00,    5.7574888153E+01,    5.7574888153E+01,    0.0000000000E+00,    0.0000000000E+00,    0.0000000000E+00,    5.7574888153E+01
     74100,      0.676930,CP10_after_neg_clamp,   1,    0.0000000000E+00,    5.7574888153E+01,    5.7574888153E+01,    0.0000000000E+00,    0.0000000000E+00,    0.0000000000E+00,    5.7574888153E+01
     74100,      0.676930,CP11_after_MPI,   1,    0.0000000000E+00,    5.7574888153E+01,    5.7574888153E+01,    0.0000000000E+00,    0.0000000000E+00,    0.0000000000E+00,    5.7574888153E+01
     74100,      0.676930,CP12_end,   1,    0.0000000000E+00,    5.7574888153E+01,    5.7574888153E+01,    0.0000000000E+00,    0.0000000000E+00,    0.0000000000E+00,    5.7574888153E+01
     74150,      0.676930,CP0_start,   1,    0.0000000000E+00,    5.7646156287E+01,    5.7646156287E+01,    0.0000000000E+00,    0.0000000000E+00,    0.0000000000E+00,    5.7646156287E+01
     74150,      0.676930,CP1_after_deposition,   1,    0.0000000000E+00,    5.7646156287E+01,    5.7646156287E+01,    0.0000000000E+00,    0.0000000000E+00,    0.0000000000E+00,    5.7646156287E+01
     74150,      0.676930,CP2_after_erosion,   1,    0.0000000000E+00,    5.7646156287E+01,    5.7646156287E+01,    0.0000000000E+00,    0.0000000000E+00,    0.0000000000E+00,    5.7646156287E+01
     74150,      0.676930,CP3_after_update_bottom,   1,    0.0000000000E+00,    5.7646156287E+01,    5.7646156287E+01,    0.0000000000E+00,    0.0000000000E+00,    0.0000000000E+00,    5.7646156287E+01
     74150,      0.676930,CP4_after_advection,   1,    0.0000000000E+00,    5.7648186247E+01,    5.7648186247E+01,    0.0000000000E+00,    0.0000000000E+00,    0.0000000000E+00,    5.7648186247E+01
     74150,      0.676930,CP5_after_vdif,   1,    0.0000000000E+00,    5.7648186247E+01,    5.7648186247E+01,    0.0000000000E+00,    0.0000000000E+00,    0.0000000000E+00,    5.7648186247E+01
     74150,      0.676930,CP6_after_kinetics,   1,    0.0000000000E+00,    5.7648186247E+01,    5.7648186247E+01,    0.0000000000E+00,    0.0000000000E+00,    0.0000000000E+00,    5.7648186247E+01
     74150,      0.676930,CP7_after_upper_clamp,   1,    0.0000000000E+00,    5.7648186247E+01,    5.7648186247E+01,    0.0000000000E+00,    0.0000000000E+00,    0.0000000000E+00,    5.7648186247E+01
     74150,      0.676930,CP8_after_OBC,   1,    0.0000000000E+00,    5.7648186247E+01,    5.7648186247E+01,    0.0000000000E+00,    0.0000000000E+00,    0.0000000000E+00,    5.7648186247E+01
     74150,      0.676930,CP9_after_PTsource,   1,    0.0000000000E+00,    5.7648186247E+01,    5.7648186247E+01,    0.0000000000E+00,    0.0000000000E+00,    0.0000000000E+00,    5.7648186247E+01
     74150,      0.676930,CP10_after_neg_clamp,   1,    0.0000000000E+00,    5.7648186247E+01,    5.7648186247E+01,    0.0000000000E+00,    0.0000000000E+00,    0.0000000000E+00,    5.7648186247E+01
     74150,      0.676930,CP11_after_MPI,   1,    0.0000000000E+00,    5.7648186247E+01,    5.7648186247E+01,    0.0000000000E+00,    0.0000000000E+00,    0.0000000000E+00,    5.7648186247E+01
     74150,      0.676930,CP12_end,   1,    0.0000000000E+00,    5.7648186247E+01,    5.7648186247E+01,    0.0000000000E+00,    0.0000000000E+00,    0.0000000000E+00,    5.7648186247E+01
     74200,      0.676930,CP0_start,   1,    0.0000000000E+00,    5.7719005070E+01,    5.7719005070E+01,    0.0000000000E+00,    0.0000000000E+00,    0.0000000000E+00,    5.7719005070E+01
     74200,      0.676930,CP1_after_deposition,   1,    0.0000000000E+00,    5.7719005070E+01,    5.7719005070E+01,    0.0000000000E+00,    0.0000000000E+00,    0.0000000000E+00,    5.7719005070E+01
     74200,      0.676930,CP2_after_erosion,   1,    0.0000000000E+00,    5.7719005070E+01,    5.7719005070E+01,    0.0000000000E+00,    0.0000000000E+00,    0.0000000000E+00,    5.7719005070E+01
     74200,      0.676930,CP3_after_update_bottom,   1,    0.0000000000E+00,    5.7719005070E+01,    5.7719005070E+01,    0.0000000000E+00,    0.0000000000E+00,    0.0000000000E+00,    5.7719005070E+01
     74200,      0.676930,CP4_after_advection,   1,    0.0000000000E+00,    5.7721062777E+01,    5.7721062777E+01,    0.0000000000E+00,    0.0000000000E+00,    0.0000000000E+00,    5.7721062777E+01
     74200,      0.676930,CP5_after_vdif,   1,    0.0000000000E+00,    5.7721062777E+01,    5.7721062777E+01,    0.0000000000E+00,    0.0000000000E+00,    0.0000000000E+00,    5.7721062777E+01
     74200,      0.676930,CP6_after_kinetics,   1,    0.0000000000E+00,    5.7721062777E+01,    5.7721062777E+01,    0.0000000000E+00,    0.0000000000E+00,    0.0000000000E+00,    5.7721062777E+01
     74200,      0.676930,CP7_after_upper_clamp,   1,    0.0000000000E+00,    5.7721062777E+01,    5.7721062777E+01,    0.0000000000E+00,    0.0000000000E+00,    0.0000000000E+00,    5.7721062777E+01
     74200,      0.676930,CP8_after_OBC,   1,    0.0000000000E+00,    5.7721062777E+01,    5.7721062777E+01,    0.0000000000E+00,    0.0000000000E+00,    0.0000000000E+00,    5.7721062777E+01
     74200,      0.676930,CP9_after_PTsource,   1,    0.0000000000E+00,    5.7721062777E+01,    5.7721062777E+01,    0.0000000000E+00,    0.0000000000E+00,    0.0000000000E+00,    5.7721062777E+01
     74200,      0.676930,CP10_after_neg_clamp,   1,    0.0000000000E+00,    5.7721062777E+01,    5.7721062777E+01,    0.0000000000E+00,    0.0000000000E+00,    0.0000000000E+00,    5.7721062777E+01
     74200,      0.676930,CP11_after_MPI,   1,    0.0000000000E+00,    5.7721062777E+01,    5.7721062777E+01,    0.0000000000E+00,    0.0000000000E+00,    0.0000000000E+00,    5.7721062777E+01
     74200,      0.676930,CP12_end,   1,    0.0000000000E+00,    5.7721062777E+01,    5.7721062777E+01,    0.0000000000E+00,    0.0000000000E+00,    0.0000000000E+00,    5.7721062777E+01
     74250,      0.676930,CP0_start,   1,    0.0000000000E+00,    5.7791542819E+01,    5.7791542819E+01,    0.0000000000E+00,    0.0000000000E+00,    0.0000000000E+00,    5.7791542819E+01
     74250,      0.676930,CP1_after_deposition,   1,    0.0000000000E+00,    5.7791542819E+01,    5.7791542819E+01,    0.0000000000E+00,    0.0000000000E+00,    0.0000000000E+00,    5.7791542819E+01
     74250,      0.676930,CP2_after_erosion,   1,    0.0000000000E+00,    5.7791542819E+01,    5.7791542819E+01,    0.0000000000E+00,    0.0000000000E+00,    0.0000000000E+00,    5.7791542819E+01
     74250,      0.676930,CP3_after_update_bottom,   1,    0.0000000000E+00,    5.7791542819E+01,    5.7791542819E+01,    0.0000000000E+00,    0.0000000000E+00,    0.0000000000E+00,    5.7791542819E+01
     74250,      0.676930,CP4_after_advection,   1,    0.0000000000E+00,    5.7793631658E+01,    5.7793631658E+01,    0.0000000000E+00,    0.0000000000E+00,    0.0000000000E+00,    5.7793631658E+01
     74250,      0.676930,CP5_after_vdif,   1,    0.0000000000E+00,    5.7793631658E+01,    5.7793631658E+01,    0.0000000000E+00,    0.0000000000E+00,    0.0000000000E+00,    5.7793631658E+01
     74250,      0.676930,CP6_after_kinetics,   1,    0.0000000000E+00,    5.7793631658E+01,    5.7793631658E+01,    0.0000000000E+00,    0.0000000000E+00,    0.0000000000E+00,    5.7793631658E+01
     74250,      0.676930,CP7_after_upper_clamp,   1,    0.0000000000E+00,    5.7793631658E+01,    5.7793631658E+01,    0.0000000000E+00,    0.0000000000E+00,    0.0000000000E+00,    5.7793631658E+01
     74250,      0.676930,CP8_after_OBC,   1,    0.0000000000E+00,    5.7793631658E+01,    5.7793631658E+01,    0.0000000000E+00,    0.0000000000E+00,    0.0000000000E+00,    5.7793631658E+01
     74250,      0.676930,CP9_after_PTsource,   1,    0.0000000000E+00,    5.7793631658E+01,    5.7793631658E+01,    0.0000000000E+00,    0.0000000000E+00,    0.0000000000E+00,    5.7793631658E+01
     74250,      0.676930,CP10_after_neg_clamp,   1,    0.0000000000E+00,    5.7793631658E+01,    5.7793631658E+01,    0.0000000000E+00,    0.0000000000E+00,    0.0000000000E+00,    5.7793631658E+01
     74250,      0.676930,CP11_after_MPI,   1,    0.0000000000E+00,    5.7793631658E+01,    5.7793631658E+01,    0.0000000000E+00,    0.0000000000E+00,    0.0000000000E+00,    5.7793631658E+01
     74250,      0.676930,CP12_end,   1,    0.0000000000E+00,    5.7793631658E+01,    5.7793631658E+01,    0.0000000000E+00,    0.0000000000E+00,    0.0000000000E+00,    5.7793631658E+01
     74300,      0.676930,CP0_start,   1,    0.0000000000E+00,    5.7863950009E+01,    5.7863950009E+01,    0.0000000000E+00,    0.0000000000E+00,    0.0000000000E+00,    5.7863950009E+01
     74300,      0.676930,CP1_after_deposition,   1,    0.0000000000E+00,    5.7863950009E+01,    5.7863950009E+01,    0.0000000000E+00,    0.0000000000E+00,    0.0000000000E+00,    5.7863950009E+01
     74300,      0.676930,CP2_after_erosion,   1,    0.0000000000E+00,    5.7863950009E+01,    5.7863950009E+01,    0.0000000000E+00,    0.0000000000E+00,    0.0000000000E+00,    5.7863950009E+01
     74300,      0.676930,CP3_after_update_bottom,   1,    0.0000000000E+00,    5.7863950009E+01,    5.7863950009E+01,    0.0000000000E+00,    0.0000000000E+00,    0.0000000000E+00,    5.7863950009E+01
     74300,      0.676930,CP4_after_advection,   1,    0.0000000000E+00,    5.7866073833E+01,    5.7866073833E+01,    0.0000000000E+00,    0.0000000000E+00,    0.0000000000E+00,    5.7866073833E+01
     74300,      0.676930,CP5_after_vdif,   1,    0.0000000000E+00,    5.7866073833E+01,    5.7866073833E+01,    0.0000000000E+00,    0.0000000000E+00,    0.0000000000E+00,    5.7866073833E+01
     74300,      0.676930,CP6_after_kinetics,   1,    0.0000000000E+00,    5.7866073833E+01,    5.7866073833E+01,    0.0000000000E+00,    0.0000000000E+00,    0.0000000000E+00,    5.7866073833E+01
     74300,      0.676930,CP7_after_upper_clamp,   1,    0.0000000000E+00,    5.7866073833E+01,    5.7866073833E+01,    0.0000000000E+00,    0.0000000000E+00,    0.0000000000E+00,    5.7866073833E+01
     74300,      0.676930,CP8_after_OBC,   1,    0.0000000000E+00,    5.7866073833E+01,    5.7866073833E+01,    0.0000000000E+00,    0.0000000000E+00,    0.0000000000E+00,    5.7866073833E+01
     74300,      0.676930,CP9_after_PTsource,   1,    0.0000000000E+00,    5.7866073833E+01,    5.7866073833E+01,    0.0000000000E+00,    0.0000000000E+00,    0.0000000000E+00,    5.7866073833E+01
     74300,      0.676930,CP10_after_neg_clamp,   1,    0.0000000000E+00,    5.7866073833E+01,    5.7866073833E+01,    0.0000000000E+00,    0.0000000000E+00,    0.0000000000E+00,    5.7866073833E+01
     74300,      0.676930,CP11_after_MPI,   1,    0.0000000000E+00,    5.7866073833E+01,    5.7866073833E+01,    0.0000000000E+00,    0.0000000000E+00,    0.0000000000E+00,    5.7866073833E+01
     74300,      0.676930,CP12_end,   1,    0.0000000000E+00,    5.7866073833E+01,    5.7866073833E+01,    0.0000000000E+00,    0.0000000000E+00,    0.0000000000E+00,    5.7866073833E+01
     74350,      0.676930,CP0_start,   1,    0.0000000000E+00,    5.7936442999E+01,    5.7936442999E+01,    0.0000000000E+00,    0.0000000000E+00,    0.0000000000E+00,    5.7936442999E+01
     74350,      0.676930,CP1_after_deposition,   1,    0.0000000000E+00,    5.7936442999E+01,    5.7936442999E+01,    0.0000000000E+00,    0.0000000000E+00,    0.0000000000E+00,    5.7936442999E+01
     74350,      0.676930,CP2_after_erosion,   1,    0.0000000000E+00,    5.7936442999E+01,    5.7936442999E+01,    0.0000000000E+00,    0.0000000000E+00,    0.0000000000E+00,    5.7936442999E+01
     74350,      0.676930,CP3_after_update_bottom,   1,    0.0000000000E+00,    5.7936442999E+01,    5.7936442999E+01,    0.0000000000E+00,    0.0000000000E+00,    0.0000000000E+00,    5.7936442999E+01
     74350,      0.676930,CP4_after_advection,   1,    0.0000000000E+00,    5.7938608884E+01,    5.7938608884E+01,    0.0000000000E+00,    0.0000000000E+00,    0.0000000000E+00,    5.7938608884E+01
     74350,      0.676930,CP5_after_vdif,   1,    0.0000000000E+00,    5.7938608884E+01,    5.7938608884E+01,    0.0000000000E+00,    0.0000000000E+00,    0.0000000000E+00,    5.7938608884E+01
     74350,      0.676930,CP6_after_kinetics,   1,    0.0000000000E+00,    5.7938608884E+01,    5.7938608884E+01,    0.0000000000E+00,    0.0000000000E+00,    0.0000000000E+00,    5.7938608884E+01
     74350,      0.676930,CP7_after_upper_clamp,   1,    0.0000000000E+00,    5.7938608884E+01,    5.7938608884E+01,    0.0000000000E+00,    0.0000000000E+00,    0.0000000000E+00,    5.7938608884E+01
     74350,      0.676930,CP8_after_OBC,   1,    0.0000000000E+00,    5.7938608884E+01,    5.7938608884E+01,    0.0000000000E+00,    0.0000000000E+00,    0.0000000000E+00,    5.7938608884E+01
     74350,      0.676930,CP9_after_PTsource,   1,    0.0000000000E+00,    5.7938608884E+01,    5.7938608884E+01,    0.0000000000E+00,    0.0000000000E+00,    0.0000000000E+00,    5.7938608884E+01
     74350,      0.676930,CP10_after_neg_clamp,   1,    0.0000000000E+00,    5.7938608884E+01,    5.7938608884E+01,    0.0000000000E+00,    0.0000000000E+00,    0.0000000000E+00,    5.7938608884E+01
     74350,      0.676930,CP11_after_MPI,   1,    0.0000000000E+00,    5.7938608884E+01,    5.7938608884E+01,    0.0000000000E+00,    0.0000000000E+00,    0.0000000000E+00,    5.7938608884E+01
     74350,      0.676930,CP12_end,   1,    0.0000000000E+00,    5.7938608884E+01,    5.7938608884E+01,    0.0000000000E+00,    0.0000000000E+00,    0.0000000000E+00,    5.7938608884E+01
     74400,      0.676930,CP0_start,   1,    0.0000000000E+00,    5.8009291051E+01,    5.8009291051E+01,    0.0000000000E+00,    0.0000000000E+00,    0.0000000000E+00,    5.8009291051E+01
     74400,      0.676930,CP1_after_deposition,   1,    0.0000000000E+00,    5.8009291051E+01,    5.8009291051E+01,    0.0000000000E+00,    0.0000000000E+00,    0.0000000000E+00,    5.8009291051E+01
     74400,      0.676930,CP2_after_erosion,   1,    0.0000000000E+00,    5.8009291051E+01,    5.8009291051E+01,    0.0000000000E+00,    0.0000000000E+00,    0.0000000000E+00,    5.8009291051E+01
     74400,      0.676930,CP3_after_update_bottom,   1,    0.0000000000E+00,    5.8009291051E+01,    5.8009291051E+01,    0.0000000000E+00,    0.0000000000E+00,    0.0000000000E+00,    5.8009291051E+01
     74400,      0.676930,CP4_after_advection,   1,    0.0000000000E+00,    5.8011504815E+01,    5.8011504815E+01,    0.0000000000E+00,    0.0000000000E+00,    0.0000000000E+00,    5.8011504815E+01
     74400,      0.676930,CP5_after_vdif,   1,    0.0000000000E+00,    5.8011504815E+01,    5.8011504815E+01,    0.0000000000E+00,    0.0000000000E+00,    0.0000000000E+00,    5.8011504815E+01
     74400,      0.676930,CP6_after_kinetics,   1,    0.0000000000E+00,    5.8011504815E+01,    5.8011504815E+01,    0.0000000000E+00,    0.0000000000E+00,    0.0000000000E+00,    5.8011504815E+01
     74400,      0.676930,CP7_after_upper_clamp,   1,    0.0000000000E+00,    5.8011504815E+01,    5.8011504815E+01,    0.0000000000E+00,    0.0000000000E+00,    0.0000000000E+00,    5.8011504815E+01
     74400,      0.676930,CP8_after_OBC,   1,    0.0000000000E+00,    5.8011504815E+01,    5.8011504815E+01,    0.0000000000E+00,    0.0000000000E+00,    0.0000000000E+00,    5.8011504815E+01
     74400,      0.676930,CP9_after_PTsource,   1,    0.0000000000E+00,    5.8011504815E+01,    5.8011504815E+01,    0.0000000000E+00,    0.0000000000E+00,    0.0000000000E+00,    5.8011504815E+01
     74400,      0.676930,CP10_after_neg_clamp,   1,    0.0000000000E+00,    5.8011504815E+01,    5.8011504815E+01,    0.0000000000E+00,    0.0000000000E+00,    0.0000000000E+00,    5.8011504815E+01
     74400,      0.676930,CP11_after_MPI,   1,    0.0000000000E+00,    5.8011504815E+01,    5.8011504815E+01,    0.0000000000E+00,    0.0000000000E+00,    0.0000000000E+00,    5.8011504815E+01
     74400,      0.676930,CP12_end,   1,    0.0000000000E+00,    5.8011504815E+01,    5.8011504815E+01,    0.0000000000E+00,    0.0000000000E+00,    0.0000000000E+00,    5.8011504815E+01
     74450,      0.676930,CP0_start,   1,    0.0000000000E+00,    5.8082755579E+01,    5.8082755579E+01,    0.0000000000E+00,    0.0000000000E+00,    0.0000000000E+00,    5.8082755579E+01
     74450,      0.676930,CP1_after_deposition,   1,    0.0000000000E+00,    5.8082755579E+01,    5.8082755579E+01,    0.0000000000E+00,    0.0000000000E+00,    0.0000000000E+00,    5.8082755579E+01
     74450,      0.676930,CP2_after_erosion,   1,    0.0000000000E+00,    5.8082755579E+01,    5.8082755579E+01,    0.0000000000E+00,    0.0000000000E+00,    0.0000000000E+00,    5.8082755579E+01
     74450,      0.676930,CP3_after_update_bottom,   1,    0.0000000000E+00,    5.8082755579E+01,    5.8082755579E+01,    0.0000000000E+00,    0.0000000000E+00,    0.0000000000E+00,    5.8082755579E+01
     74450,      0.676930,CP4_after_advection,   1,    0.0000000000E+00,    5.8085021497E+01,    5.8085021497E+01,    0.0000000000E+00,    0.0000000000E+00,    0.0000000000E+00,    5.8085021497E+01
     74450,      0.676930,CP5_after_vdif,   1,    0.0000000000E+00,    5.8085021497E+01,    5.8085021497E+01,    0.0000000000E+00,    0.0000000000E+00,    0.0000000000E+00,    5.8085021497E+01
     74450,      0.676930,CP6_after_kinetics,   1,    0.0000000000E+00,    5.8085021497E+01,    5.8085021497E+01,    0.0000000000E+00,    0.0000000000E+00,    0.0000000000E+00,    5.8085021497E+01
     74450,      0.676930,CP7_after_upper_clamp,   1,    0.0000000000E+00,    5.8085021497E+01,    5.8085021497E+01,    0.0000000000E+00,    0.0000000000E+00,    0.0000000000E+00,    5.8085021497E+01
     74450,      0.676930,CP8_after_OBC,   1,    0.0000000000E+00,    5.8085021497E+01,    5.8085021497E+01,    0.0000000000E+00,    0.0000000000E+00,    0.0000000000E+00,    5.8085021497E+01
     74450,      0.676930,CP9_after_PTsource,   1,    0.0000000000E+00,    5.8085021497E+01,    5.8085021497E+01,    0.0000000000E+00,    0.0000000000E+00,    0.0000000000E+00,    5.8085021497E+01
     74450,      0.676930,CP10_after_neg_clamp,   1,    0.0000000000E+00,    5.8085021497E+01,    5.8085021497E+01,    0.0000000000E+00,    0.0000000000E+00,    0.0000000000E+00,    5.8085021497E+01
     74450,      0.676930,CP11_after_MPI,   1,    0.0000000000E+00,    5.8085021497E+01,    5.8085021497E+01,    0.0000000000E+00,    0.0000000000E+00,    0.0000000000E+00,    5.8085021497E+01
     74450,      0.676930,CP12_end,   1,    0.0000000000E+00,    5.8085021497E+01,    5.8085021497E+01,    0.0000000000E+00,    0.0000000000E+00,    0.0000000000E+00,    5.8085021497E+01
     74500,      0.676930,CP0_start,   1,    0.0000000000E+00,    5.8157065548E+01,    5.8157065548E+01,    0.0000000000E+00,    0.0000000000E+00,    0.0000000000E+00,    5.8157065548E+01
     74500,      0.676930,CP1_after_deposition,   1,    0.0000000000E+00,    5.8157065548E+01,    5.8157065548E+01,    0.0000000000E+00,    0.0000000000E+00,    0.0000000000E+00,    5.8157065548E+01
     74500,      0.676930,CP2_after_erosion,   1,    0.0000000000E+00,    5.8157065548E+01,    5.8157065548E+01,    0.0000000000E+00,    0.0000000000E+00,    0.0000000000E+00,    5.8157065548E+01
     74500,      0.676930,CP3_after_update_bottom,   1,    0.0000000000E+00,    5.8157065548E+01,    5.8157065548E+01,    0.0000000000E+00,    0.0000000000E+00,    0.0000000000E+00,    5.8157065548E+01
     74500,      0.676930,CP4_after_advection,   1,    0.0000000000E+00,    5.8159390038E+01,    5.8159390038E+01,    0.0000000000E+00,    0.0000000000E+00,    0.0000000000E+00,    5.8159390038E+01
     74500,      0.676930,CP5_after_vdif,   1,    0.0000000000E+00,    5.8159390038E+01,    5.8159390038E+01,    0.0000000000E+00,    0.0000000000E+00,    0.0000000000E+00,    5.8159390038E+01
     74500,      0.676930,CP6_after_kinetics,   1,    0.0000000000E+00,    5.8159390038E+01,    5.8159390038E+01,    0.0000000000E+00,    0.0000000000E+00,    0.0000000000E+00,    5.8159390038E+01
     74500,      0.676930,CP7_after_upper_clamp,   1,    0.0000000000E+00,    5.8159390038E+01,    5.8159390038E+01,    0.0000000000E+00,    0.0000000000E+00,    0.0000000000E+00,    5.8159390038E+01
     74500,      0.676930,CP8_after_OBC,   1,    0.0000000000E+00,    5.8159390038E+01,    5.8159390038E+01,    0.0000000000E+00,    0.0000000000E+00,    0.0000000000E+00,    5.8159390038E+01
     74500,      0.676930,CP9_after_PTsource,   1,    0.0000000000E+00,    5.8159390038E+01,    5.8159390038E+01,    0.0000000000E+00,    0.0000000000E+00,    0.0000000000E+00,    5.8159390038E+01
     74500,      0.676930,CP10_after_neg_clamp,   1,    0.0000000000E+00,    5.8159390038E+01,    5.8159390038E+01,    0.0000000000E+00,    0.0000000000E+00,    0.0000000000E+00,    5.8159390038E+01
     74500,      0.676930,CP11_after_MPI,   1,    0.0000000000E+00,    5.8159390038E+01,    5.8159390038E+01,    0.0000000000E+00,    0.0000000000E+00,    0.0000000000E+00,    5.8159390038E+01
     74500,      0.676930,CP12_end,   1,    0.0000000000E+00,    5.8159390038E+01,    5.8159390038E+01,    0.0000000000E+00,    0.0000000000E+00,    0.0000000000E+00,    5.8159390038E+01
     74550,      0.676930,CP0_start,   1,    0.0000000000E+00,    5.8232414274E+01,    5.8232414274E+01,    0.0000000000E+00,    0.0000000000E+00,    0.0000000000E+00,    5.8232414274E+01
     74550,      0.676930,CP1_after_deposition,   1,    0.0000000000E+00,    5.8232414274E+01,    5.8232414274E+01,    0.0000000000E+00,    0.0000000000E+00,    0.0000000000E+00,    5.8232414274E+01
     74550,      0.676930,CP2_after_erosion,   1,    0.0000000000E+00,    5.8232414274E+01,    5.8232414274E+01,    0.0000000000E+00,    0.0000000000E+00,    0.0000000000E+00,    5.8232414274E+01
     74550,      0.676930,CP3_after_update_bottom,   1,    0.0000000000E+00,    5.8232414274E+01,    5.8232414274E+01,    0.0000000000E+00,    0.0000000000E+00,    0.0000000000E+00,    5.8232414274E+01
     74550,      0.676930,CP4_after_advection,   1,    0.0000000000E+00,    5.8234801191E+01,    5.8234801191E+01,    0.0000000000E+00,    0.0000000000E+00,    0.0000000000E+00,    5.8234801191E+01
     74550,      0.676930,CP5_after_vdif,   1,    0.0000000000E+00,    5.8234801191E+01,    5.8234801191E+01,    0.0000000000E+00,    0.0000000000E+00,    0.0000000000E+00,    5.8234801191E+01
     74550,      0.676930,CP6_after_kinetics,   1,    0.0000000000E+00,    5.8234801191E+01,    5.8234801191E+01,    0.0000000000E+00,    0.0000000000E+00,    0.0000000000E+00,    5.8234801191E+01
     74550,      0.676930,CP7_after_upper_clamp,   1,    0.0000000000E+00,    5.8234801191E+01,    5.8234801191E+01,    0.0000000000E+00,    0.0000000000E+00,    0.0000000000E+00,    5.8234801191E+01
     74550,      0.676930,CP8_after_OBC,   1,    0.0000000000E+00,    5.8234801191E+01,    5.8234801191E+01,    0.0000000000E+00,    0.0000000000E+00,    0.0000000000E+00,    5.8234801191E+01
     74550,      0.676930,CP9_after_PTsource,   1,    0.0000000000E+00,    5.8234801191E+01,    5.8234801191E+01,    0.0000000000E+00,    0.0000000000E+00,    0.0000000000E+00,    5.8234801191E+01
     74550,      0.676930,CP10_after_neg_clamp,   1,    0.0000000000E+00,    5.8234801191E+01,    5.8234801191E+01,    0.0000000000E+00,    0.0000000000E+00,    0.0000000000E+00,    5.8234801191E+01
     74550,      0.676930,CP11_after_MPI,   1,    0.0000000000E+00,    5.8234801191E+01,    5.8234801191E+01,    0.0000000000E+00,    0.0000000000E+00,    0.0000000000E+00,    5.8234801191E+01
     74550,      0.676930,CP12_end,   1,    0.0000000000E+00,    5.8234801191E+01,    5.8234801191E+01,    0.0000000000E+00,    0.0000000000E+00,    0.0000000000E+00,    5.8234801191E+01
     74600,      0.676930,CP0_start,   1,    0.0000000000E+00,    5.8308922219E+01,    5.8308922219E+01,    0.0000000000E+00,    0.0000000000E+00,    0.0000000000E+00,    5.8308922219E+01
     74600,      0.676930,CP1_after_deposition,   1,    0.0000000000E+00,    5.8308922219E+01,    5.8308922219E+01,    0.0000000000E+00,    0.0000000000E+00,    0.0000000000E+00,    5.8308922219E+01
     74600,      0.676930,CP2_after_erosion,   1,    0.0000000000E+00,    5.8308922219E+01,    5.8308922219E+01,    0.0000000000E+00,    0.0000000000E+00,    0.0000000000E+00,    5.8308922219E+01
     74600,      0.676930,CP3_after_update_bottom,   1,    0.0000000000E+00,    5.8308922219E+01,    5.8308922219E+01,    0.0000000000E+00,    0.0000000000E+00,    0.0000000000E+00,    5.8308922219E+01
     74600,      0.676930,CP4_after_advection,   1,    0.0000000000E+00,    5.8311373334E+01,    5.8311373334E+01,    0.0000000000E+00,    0.0000000000E+00,    0.0000000000E+00,    5.8311373334E+01
     74600,      0.676930,CP5_after_vdif,   1,    0.0000000000E+00,    5.8311373334E+01,    5.8311373334E+01,    0.0000000000E+00,    0.0000000000E+00,    0.0000000000E+00,    5.8311373334E+01
     74600,      0.676930,CP6_after_kinetics,   1,    0.0000000000E+00,    5.8311373334E+01,    5.8311373334E+01,    0.0000000000E+00,    0.0000000000E+00,    0.0000000000E+00,    5.8311373334E+01
     74600,      0.676930,CP7_after_upper_clamp,   1,    0.0000000000E+00,    5.8311373334E+01,    5.8311373334E+01,    0.0000000000E+00,    0.0000000000E+00,    0.0000000000E+00,    5.8311373334E+01
     74600,      0.676930,CP8_after_OBC,   1,    0.0000000000E+00,    5.8311373334E+01,    5.8311373334E+01,    0.0000000000E+00,    0.0000000000E+00,    0.0000000000E+00,    5.8311373334E+01
     74600,      0.676930,CP9_after_PTsource,   1,    0.0000000000E+00,    5.8311373334E+01,    5.8311373334E+01,    0.0000000000E+00,    0.0000000000E+00,    0.0000000000E+00,    5.8311373334E+01
     74600,      0.676930,CP10_after_neg_clamp,   1,    0.0000000000E+00,    5.8311373334E+01,    5.8311373334E+01,    0.0000000000E+00,    0.0000000000E+00,    0.0000000000E+00,    5.8311373334E+01
     74600,      0.676930,CP11_after_MPI,   1,    0.0000000000E+00,    5.8311373334E+01,    5.8311373334E+01,    0.0000000000E+00,    0.0000000000E+00,    0.0000000000E+00,    5.8311373334E+01
     74600,      0.676930,CP12_end,   1,    0.0000000000E+00,    5.8311373334E+01,    5.8311373334E+01,    0.0000000000E+00,    0.0000000000E+00,    0.0000000000E+00,    5.8311373334E+01
     74650,      0.676930,CP0_start,   1,    0.0000000000E+00,    5.8386637052E+01,    5.8386637052E+01,    0.0000000000E+00,    0.0000000000E+00,    0.0000000000E+00,    5.8386637052E+01
     74650,      0.676930,CP1_after_deposition,   1,    0.0000000000E+00,    5.8386637052E+01,    5.8386637052E+01,    0.0000000000E+00,    0.0000000000E+00,    0.0000000000E+00,    5.8386637052E+01
     74650,      0.676930,CP2_after_erosion,   1,    0.0000000000E+00,    5.8386637052E+01,    5.8386637052E+01,    0.0000000000E+00,    0.0000000000E+00,    0.0000000000E+00,    5.8386637052E+01
     74650,      0.676930,CP3_after_update_bottom,   1,    0.0000000000E+00,    5.8386637052E+01,    5.8386637052E+01,    0.0000000000E+00,    0.0000000000E+00,    0.0000000000E+00,    5.8386637052E+01
     74650,      0.676930,CP4_after_advection,   1,    0.0000000000E+00,    5.8389152680E+01,    5.8389152680E+01,    0.0000000000E+00,    0.0000000000E+00,    0.0000000000E+00,    5.8389152680E+01
     74650,      0.676930,CP5_after_vdif,   1,    0.0000000000E+00,    5.8389152680E+01,    5.8389152680E+01,    0.0000000000E+00,    0.0000000000E+00,    0.0000000000E+00,    5.8389152680E+01
     74650,      0.676930,CP6_after_kinetics,   1,    0.0000000000E+00,    5.8389152680E+01,    5.8389152680E+01,    0.0000000000E+00,    0.0000000000E+00,    0.0000000000E+00,    5.8389152680E+01
     74650,      0.676930,CP7_after_upper_clamp,   1,    0.0000000000E+00,    5.8389152680E+01,    5.8389152680E+01,    0.0000000000E+00,    0.0000000000E+00,    0.0000000000E+00,    5.8389152680E+01
     74650,      0.676930,CP8_after_OBC,   1,    0.0000000000E+00,    5.8389152680E+01,    5.8389152680E+01,    0.0000000000E+00,    0.0000000000E+00,    0.0000000000E+00,    5.8389152680E+01
     74650,      0.676930,CP9_after_PTsource,   1,    0.0000000000E+00,    5.8389152680E+01,    5.8389152680E+01,    0.0000000000E+00,    0.0000000000E+00,    0.0000000000E+00,    5.8389152680E+01
     74650,      0.676930,CP10_after_neg_clamp,   1,    0.0000000000E+00,    5.8389152680E+01,    5.8389152680E+01,    0.0000000000E+00,    0.0000000000E+00,    0.0000000000E+00,    5.8389152680E+01
     74650,      0.676930,CP11_after_MPI,   1,    0.0000000000E+00,    5.8389152680E+01,    5.8389152680E+01,    0.0000000000E+00,    0.0000000000E+00,    0.0000000000E+00,    5.8389152680E+01
     74650,      0.676930,CP12_end,   1,    0.0000000000E+00,    5.8389152680E+01,    5.8389152680E+01,    0.0000000000E+00,    0.0000000000E+00,    0.0000000000E+00,    5.8389152680E+01
     74700,      0.676930,CP0_start,   1,    0.0000000000E+00,    5.8465537951E+01,    5.8465537951E+01,    0.0000000000E+00,    0.0000000000E+00,    0.0000000000E+00,    5.8465537951E+01
     74700,      0.676930,CP1_after_deposition,   1,    0.0000000000E+00,    5.8465537951E+01,    5.8465537951E+01,    0.0000000000E+00,    0.0000000000E+00,    0.0000000000E+00,    5.8465537951E+01
     74700,      0.676930,CP2_after_erosion,   1,    0.0000000000E+00,    5.8465537951E+01,    5.8465537951E+01,    0.0000000000E+00,    0.0000000000E+00,    0.0000000000E+00,    5.8465537951E+01
     74700,      0.676930,CP3_after_update_bottom,   1,    0.0000000000E+00,    5.8465537951E+01,    5.8465537951E+01,    0.0000000000E+00,    0.0000000000E+00,    0.0000000000E+00,    5.8465537951E+01
     74700,      0.676930,CP4_after_advection,   1,    0.0000000000E+00,    5.8468118123E+01,    5.8468118123E+01,    0.0000000000E+00,    0.0000000000E+00,    0.0000000000E+00,    5.8468118123E+01
     74700,      0.676930,CP5_after_vdif,   1,    0.0000000000E+00,    5.8468118123E+01,    5.8468118123E+01,    0.0000000000E+00,    0.0000000000E+00,    0.0000000000E+00,    5.8468118123E+01
     74700,      0.676930,CP6_after_kinetics,   1,    0.0000000000E+00,    5.8468118123E+01,    5.8468118123E+01,    0.0000000000E+00,    0.0000000000E+00,    0.0000000000E+00,    5.8468118123E+01
     74700,      0.676930,CP7_after_upper_clamp,   1,    0.0000000000E+00,    5.8468118123E+01,    5.8468118123E+01,    0.0000000000E+00,    0.0000000000E+00,    0.0000000000E+00,    5.8468118123E+01
     74700,      0.676930,CP8_after_OBC,   1,    0.0000000000E+00,    5.8468118123E+01,    5.8468118123E+01,    0.0000000000E+00,    0.0000000000E+00,    0.0000000000E+00,    5.8468118123E+01
     74700,      0.676930,CP9_after_PTsource,   1,    0.0000000000E+00,    5.8468118123E+01,    5.8468118123E+01,    0.0000000000E+00,    0.0000000000E+00,    0.0000000000E+00,    5.8468118123E+01
     74700,      0.676930,CP10_after_neg_clamp,   1,    0.0000000000E+00,    5.8468118123E+01,    5.8468118123E+01,    0.0000000000E+00,    0.0000000000E+00,    0.0000000000E+00,    5.8468118123E+01
     74700,      0.676930,CP11_after_MPI,   1,    0.0000000000E+00,    5.8468118123E+01,    5.8468118123E+01,    0.0000000000E+00,    0.0000000000E+00,    0.0000000000E+00,    5.8468118123E+01
     74700,      0.676930,CP12_end,   1,    0.0000000000E+00,    5.8468118123E+01,    5.8468118123E+01,    0.0000000000E+00,    0.0000000000E+00,    0.0000000000E+00,    5.8468118123E+01
     74750,      0.676930,CP0_start,   1,    0.0000000000E+00,    5.8545398080E+01,    5.8545398080E+01,    0.0000000000E+00,    0.0000000000E+00,    0.0000000000E+00,    5.8545398080E+01
     74750,      0.676930,CP1_after_deposition,   1,    0.0000000000E+00,    5.8545398080E+01,    5.8545398080E+01,    0.0000000000E+00,    0.0000000000E+00,    0.0000000000E+00,    5.8545398080E+01
     74750,      0.676930,CP2_after_erosion,   1,    0.0000000000E+00,    5.8545398080E+01,    5.8545398080E+01,    0.0000000000E+00,    0.0000000000E+00,    0.0000000000E+00,    5.8545398080E+01
     74750,      0.676930,CP3_after_update_bottom,   1,    0.0000000000E+00,    5.8545398080E+01,    5.8545398080E+01,    0.0000000000E+00,    0.0000000000E+00,    0.0000000000E+00,    5.8545398080E+01
     74750,      0.676930,CP4_after_advection,   1,    0.0000000000E+00,    5.8548038944E+01,    5.8548038944E+01,    0.0000000000E+00,    0.0000000000E+00,    0.0000000000E+00,    5.8548038944E+01
     74750,      0.676930,CP5_after_vdif,   1,    0.0000000000E+00,    5.8548038944E+01,    5.8548038944E+01,    0.0000000000E+00,    0.0000000000E+00,    0.0000000000E+00,    5.8548038944E+01
     74750,      0.676930,CP6_after_kinetics,   1,    0.0000000000E+00,    5.8548038944E+01,    5.8548038944E+01,    0.0000000000E+00,    0.0000000000E+00,    0.0000000000E+00,    5.8548038944E+01
     74750,      0.676930,CP7_after_upper_clamp,   1,    0.0000000000E+00,    5.8548038944E+01,    5.8548038944E+01,    0.0000000000E+00,    0.0000000000E+00,    0.0000000000E+00,    5.8548038944E+01
     74750,      0.676930,CP8_after_OBC,   1,    0.0000000000E+00,    5.8548038944E+01,    5.8548038944E+01,    0.0000000000E+00,    0.0000000000E+00,    0.0000000000E+00,    5.8548038944E+01
     74750,      0.676930,CP9_after_PTsource,   1,    0.0000000000E+00,    5.8548038944E+01,    5.8548038944E+01,    0.0000000000E+00,    0.0000000000E+00,    0.0000000000E+00,    5.8548038944E+01
     74750,      0.676930,CP10_after_neg_clamp,   1,    0.0000000000E+00,    5.8548038944E+01,    5.8548038944E+01,    0.0000000000E+00,    0.0000000000E+00,    0.0000000000E+00,    5.8548038944E+01
     74750,      0.676930,CP11_after_MPI,   1,    0.0000000000E+00,    5.8548038944E+01,    5.8548038944E+01,    0.0000000000E+00,    0.0000000000E+00,    0.0000000000E+00,    5.8548038944E+01
     74750,      0.676930,CP12_end,   1,    0.0000000000E+00,    5.8548038944E+01,    5.8548038944E+01,    0.0000000000E+00,    0.0000000000E+00,    0.0000000000E+00,    5.8548038944E+01
     74800,      0.676930,CP0_start,   1,    0.0000000000E+00,    5.8626144491E+01,    5.8626144491E+01,    0.0000000000E+00,    0.0000000000E+00,    0.0000000000E+00,    5.8626144491E+01
     74800,      0.676930,CP1_after_deposition,   1,    0.0000000000E+00,    5.8626144491E+01,    5.8626144491E+01,    0.0000000000E+00,    0.0000000000E+00,    0.0000000000E+00,    5.8626144491E+01
     74800,      0.676930,CP2_after_erosion,   1,    0.0000000000E+00,    5.8626144491E+01,    5.8626144491E+01,    0.0000000000E+00,    0.0000000000E+00,    0.0000000000E+00,    5.8626144491E+01
     74800,      0.676930,CP3_after_update_bottom,   1,    0.0000000000E+00,    5.8626144491E+01,    5.8626144491E+01,    0.0000000000E+00,    0.0000000000E+00,    0.0000000000E+00,    5.8626144491E+01
     74800,      0.676930,CP4_after_advection,   1,    0.0000000000E+00,    5.8628840908E+01,    5.8628840908E+01,    0.0000000000E+00,    0.0000000000E+00,    0.0000000000E+00,    5.8628840908E+01
     74800,      0.676930,CP5_after_vdif,   1,    0.0000000000E+00,    5.8628840908E+01,    5.8628840908E+01,    0.0000000000E+00,    0.0000000000E+00,    0.0000000000E+00,    5.8628840908E+01
     74800,      0.676930,CP6_after_kinetics,   1,    0.0000000000E+00,    5.8628840908E+01,    5.8628840908E+01,    0.0000000000E+00,    0.0000000000E+00,    0.0000000000E+00,    5.8628840908E+01
     74800,      0.676930,CP7_after_upper_clamp,   1,    0.0000000000E+00,    5.8628840908E+01,    5.8628840908E+01,    0.0000000000E+00,    0.0000000000E+00,    0.0000000000E+00,    5.8628840908E+01
     74800,      0.676930,CP8_after_OBC,   1,    0.0000000000E+00,    5.8628840908E+01,    5.8628840908E+01,    0.0000000000E+00,    0.0000000000E+00,    0.0000000000E+00,    5.8628840908E+01
     74800,      0.676930,CP9_after_PTsource,   1,    0.0000000000E+00,    5.8628840908E+01,    5.8628840908E+01,    0.0000000000E+00,    0.0000000000E+00,    0.0000000000E+00,    5.8628840908E+01
     74800,      0.676930,CP10_after_neg_clamp,   1,    0.0000000000E+00,    5.8628840908E+01,    5.8628840908E+01,    0.0000000000E+00,    0.0000000000E+00,    0.0000000000E+00,    5.8628840908E+01
     74800,      0.676930,CP11_after_MPI,   1,    0.0000000000E+00,    5.8628840908E+01,    5.8628840908E+01,    0.0000000000E+00,    0.0000000000E+00,    0.0000000000E+00,    5.8628840908E+01
     74800,      0.676930,CP12_end,   1,    0.0000000000E+00,    5.8628840908E+01,    5.8628840908E+01,    0.0000000000E+00,    0.0000000000E+00,    0.0000000000E+00,    5.8628840908E+01
     74850,      0.676930,CP0_start,   1,    0.0000000000E+00,    5.8707548036E+01,    5.8707548036E+01,    0.0000000000E+00,    0.0000000000E+00,    0.0000000000E+00,    5.8707548036E+01
     74850,      0.676930,CP1_after_deposition,   1,    0.0000000000E+00,    5.8707548036E+01,    5.8707548036E+01,    0.0000000000E+00,    0.0000000000E+00,    0.0000000000E+00,    5.8707548036E+01
     74850,      0.676930,CP2_after_erosion,   1,    0.0000000000E+00,    5.8707548036E+01,    5.8707548036E+01,    0.0000000000E+00,    0.0000000000E+00,    0.0000000000E+00,    5.8707548036E+01
     74850,      0.676930,CP3_after_update_bottom,   1,    0.0000000000E+00,    5.8707548036E+01,    5.8707548036E+01,    0.0000000000E+00,    0.0000000000E+00,    0.0000000000E+00,    5.8707548036E+01
     74850,      0.676930,CP4_after_advection,   1,    0.0000000000E+00,    5.8710295887E+01,    5.8710295887E+01,    0.0000000000E+00,    0.0000000000E+00,    0.0000000000E+00,    5.8710295887E+01
     74850,      0.676930,CP5_after_vdif,   1,    0.0000000000E+00,    5.8710295887E+01,    5.8710295887E+01,    0.0000000000E+00,    0.0000000000E+00,    0.0000000000E+00,    5.8710295887E+01
     74850,      0.676930,CP6_after_kinetics,   1,    0.0000000000E+00,    5.8710295887E+01,    5.8710295887E+01,    0.0000000000E+00,    0.0000000000E+00,    0.0000000000E+00,    5.8710295887E+01
     74850,      0.676930,CP7_after_upper_clamp,   1,    0.0000000000E+00,    5.8710295887E+01,    5.8710295887E+01,    0.0000000000E+00,    0.0000000000E+00,    0.0000000000E+00,    5.8710295887E+01
     74850,      0.676930,CP8_after_OBC,   1,    0.0000000000E+00,    5.8710295887E+01,    5.8710295887E+01,    0.0000000000E+00,    0.0000000000E+00,    0.0000000000E+00,    5.8710295887E+01
     74850,      0.676930,CP9_after_PTsource,   1,    0.0000000000E+00,    5.8710295887E+01,    5.8710295887E+01,    0.0000000000E+00,    0.0000000000E+00,    0.0000000000E+00,    5.8710295887E+01
     74850,      0.676930,CP10_after_neg_clamp,   1,    0.0000000000E+00,    5.8710295887E+01,    5.8710295887E+01,    0.0000000000E+00,    0.0000000000E+00,    0.0000000000E+00,    5.8710295887E+01
     74850,      0.676930,CP11_after_MPI,   1,    0.0000000000E+00,    5.8710295887E+01,    5.8710295887E+01,    0.0000000000E+00,    0.0000000000E+00,    0.0000000000E+00,    5.8710295887E+01
     74850,      0.676930,CP12_end,   1,    0.0000000000E+00,    5.8710295887E+01,    5.8710295887E+01,    0.0000000000E+00,    0.0000000000E+00,    0.0000000000E+00,    5.8710295887E+01
     74900,      0.676930,CP0_start,   1,    0.0000000000E+00,    5.8789348210E+01,    5.8789348210E+01,    0.0000000000E+00,    0.0000000000E+00,    0.0000000000E+00,    5.8789348210E+01
     74900,      0.676930,CP1_after_deposition,   1,    0.0000000000E+00,    5.8789348210E+01,    5.8789348210E+01,    0.0000000000E+00,    0.0000000000E+00,    0.0000000000E+00,    5.8789348210E+01
     74900,      0.676930,CP2_after_erosion,   1,    0.0000000000E+00,    5.8789348210E+01,    5.8789348210E+01,    0.0000000000E+00,    0.0000000000E+00,    0.0000000000E+00,    5.8789348210E+01
     74900,      0.676930,CP3_after_update_bottom,   1,    0.0000000000E+00,    5.8789348210E+01,    5.8789348210E+01,    0.0000000000E+00,    0.0000000000E+00,    0.0000000000E+00,    5.8789348210E+01
     74900,      0.676930,CP4_after_advection,   1,    0.0000000000E+00,    5.8792142311E+01,    5.8792142311E+01,    0.0000000000E+00,    0.0000000000E+00,    0.0000000000E+00,    5.8792142311E+01
     74900,      0.676930,CP5_after_vdif,   1,    0.0000000000E+00,    5.8792142311E+01,    5.8792142311E+01,    0.0000000000E+00,    0.0000000000E+00,    0.0000000000E+00,    5.8792142311E+01
     74900,      0.676930,CP6_after_kinetics,   1,    0.0000000000E+00,    5.8792142311E+01,    5.8792142311E+01,    0.0000000000E+00,    0.0000000000E+00,    0.0000000000E+00,    5.8792142311E+01
     74900,      0.676930,CP7_after_upper_clamp,   1,    0.0000000000E+00,    5.8792142311E+01,    5.8792142311E+01,    0.0000000000E+00,    0.0000000000E+00,    0.0000000000E+00,    5.8792142311E+01
     74900,      0.676930,CP8_after_OBC,   1,    0.0000000000E+00,    5.8792142311E+01,    5.8792142311E+01,    0.0000000000E+00,    0.0000000000E+00,    0.0000000000E+00,    5.8792142311E+01
     74900,      0.676930,CP9_after_PTsource,   1,    0.0000000000E+00,    5.8792142311E+01,    5.8792142311E+01,    0.0000000000E+00,    0.0000000000E+00,    0.0000000000E+00,    5.8792142311E+01
     74900,      0.676930,CP10_after_neg_clamp,   1,    0.0000000000E+00,    5.8792142311E+01,    5.8792142311E+01,    0.0000000000E+00,    0.0000000000E+00,    0.0000000000E+00,    5.8792142311E+01
     74900,      0.676930,CP11_after_MPI,   1,    0.0000000000E+00,    5.8792142311E+01,    5.8792142311E+01,    0.0000000000E+00,    0.0000000000E+00,    0.0000000000E+00,    5.8792142311E+01
     74900,      0.676930,CP12_end,   1,    0.0000000000E+00,    5.8792142311E+01,    5.8792142311E+01,    0.0000000000E+00,    0.0000000000E+00,    0.0000000000E+00,    5.8792142311E+01
     74950,      0.676930,CP0_start,   1,    0.0000000000E+00,    5.8871275196E+01,    5.8871275196E+01,    0.0000000000E+00,    0.0000000000E+00,    0.0000000000E+00,    5.8871275196E+01
     74950,      0.676930,CP1_after_deposition,   1,    0.0000000000E+00,    5.8871275196E+01,    5.8871275196E+01,    0.0000000000E+00,    0.0000000000E+00,    0.0000000000E+00,    5.8871275196E+01
     74950,      0.676930,CP2_after_erosion,   1,    0.0000000000E+00,    5.8871275196E+01,    5.8871275196E+01,    0.0000000000E+00,    0.0000000000E+00,    0.0000000000E+00,    5.8871275196E+01
     74950,      0.676930,CP3_after_update_bottom,   1,    0.0000000000E+00,    5.8871275196E+01,    5.8871275196E+01,    0.0000000000E+00,    0.0000000000E+00,    0.0000000000E+00,    5.8871275196E+01
     74950,      0.676930,CP4_after_advection,   1,    0.0000000000E+00,    5.8874109315E+01,    5.8874109315E+01,    0.0000000000E+00,    0.0000000000E+00,    0.0000000000E+00,    5.8874109315E+01
     74950,      0.676930,CP5_after_vdif,   1,    0.0000000000E+00,    5.8874109315E+01,    5.8874109315E+01,    0.0000000000E+00,    0.0000000000E+00,    0.0000000000E+00,    5.8874109315E+01
     74950,      0.676930,CP6_after_kinetics,   1,    0.0000000000E+00,    5.8874109315E+01,    5.8874109315E+01,    0.0000000000E+00,    0.0000000000E+00,    0.0000000000E+00,    5.8874109315E+01
     74950,      0.676930,CP7_after_upper_clamp,   1,    0.0000000000E+00,    5.8874109315E+01,    5.8874109315E+01,    0.0000000000E+00,    0.0000000000E+00,    0.0000000000E+00,    5.8874109315E+01
     74950,      0.676930,CP8_after_OBC,   1,    0.0000000000E+00,    5.8874109315E+01,    5.8874109315E+01,    0.0000000000E+00,    0.0000000000E+00,    0.0000000000E+00,    5.8874109315E+01
     74950,      0.676930,CP9_after_PTsource,   1,    0.0000000000E+00,    5.8874109315E+01,    5.8874109315E+01,    0.0000000000E+00,    0.0000000000E+00,    0.0000000000E+00,    5.8874109315E+01
     74950,      0.676930,CP10_after_neg_clamp,   1,    0.0000000000E+00,    5.8874109315E+01,    5.8874109315E+01,    0.0000000000E+00,    0.0000000000E+00,    0.0000000000E+00,    5.8874109315E+01
     74950,      0.676930,CP11_after_MPI,   1,    0.0000000000E+00,    5.8874109315E+01,    5.8874109315E+01,    0.0000000000E+00,    0.0000000000E+00,    0.0000000000E+00,    5.8874109315E+01
     74950,      0.676930,CP12_end,   1,    0.0000000000E+00,    5.8874109315E+01,    5.8874109315E+01,    0.0000000000E+00,    0.0000000000E+00,    0.0000000000E+00,    5.8874109315E+01
     75000,      0.676930,CP0_start,   1,    0.0000000000E+00,    5.8953059154E+01,    5.8953059154E+01,    0.0000000000E+00,    0.0000000000E+00,    0.0000000000E+00,    5.8953059154E+01
     75000,      0.676930,CP1_after_deposition,   1,    0.0000000000E+00,    5.8953059154E+01,    5.8953059154E+01,    0.0000000000E+00,    0.0000000000E+00,    0.0000000000E+00,    5.8953059154E+01
     75000,      0.676930,CP2_after_erosion,   1,    0.0000000000E+00,    5.8953059154E+01,    5.8953059154E+01,    0.0000000000E+00,    0.0000000000E+00,    0.0000000000E+00,    5.8953059154E+01
     75000,      0.676930,CP3_after_update_bottom,   1,    0.0000000000E+00,    5.8953059154E+01,    5.8953059154E+01,    0.0000000000E+00,    0.0000000000E+00,    0.0000000000E+00,    5.8953059154E+01
     75000,      0.676930,CP4_after_advection,   1,    0.0000000000E+00,    5.8955927382E+01,    5.8955927382E+01,    0.0000000000E+00,    0.0000000000E+00,    0.0000000000E+00,    5.8955927382E+01
     75000,      0.676930,CP5_after_vdif,   1,    0.0000000000E+00,    5.8955927382E+01,    5.8955927382E+01,    0.0000000000E+00,    0.0000000000E+00,    0.0000000000E+00,    5.8955927382E+01
     75000,      0.676930,CP6_after_kinetics,   1,    0.0000000000E+00,    5.8955927382E+01,    5.8955927382E+01,    0.0000000000E+00,    0.0000000000E+00,    0.0000000000E+00,    5.8955927382E+01
     75000,      0.676930,CP7_after_upper_clamp,   1,    0.0000000000E+00,    5.8955927382E+01,    5.8955927382E+01,    0.0000000000E+00,    0.0000000000E+00,    0.0000000000E+00,    5.8955927382E+01
     75000,      0.676930,CP8_after_OBC,   1,    0.0000000000E+00,    5.8955927382E+01,    5.8955927382E+01,    0.0000000000E+00,    0.0000000000E+00,    0.0000000000E+00,    5.8955927382E+01
     75000,      0.676930,CP9_after_PTsource,   1,    0.0000000000E+00,    5.8955927382E+01,    5.8955927382E+01,    0.0000000000E+00,    0.0000000000E+00,    0.0000000000E+00,    5.8955927382E+01
     75000,      0.676930,CP10_after_neg_clamp,   1,    0.0000000000E+00,    5.8955927382E+01,    5.8955927382E+01,    0.0000000000E+00,    0.0000000000E+00,    0.0000000000E+00,    5.8955927382E+01
     75000,      0.676930,CP11_after_MPI,   1,    0.0000000000E+00,    5.8955927382E+01,    5.8955927382E+01,    0.0000000000E+00,    0.0000000000E+00,    0.0000000000E+00,    5.8955927382E+01
     75000,      0.676930,CP12_end,   1,    0.0000000000E+00,    5.8955927382E+01,    5.8955927382E+01,    0.0000000000E+00,    0.0000000000E+00,    0.0000000000E+00,    5.8955927382E+01
     75050,      0.676930,CP0_start,   1,    0.0000000000E+00,    5.9034423116E+01,    5.9034423116E+01,    0.0000000000E+00,    0.0000000000E+00,    0.0000000000E+00,    5.9034423116E+01
     75050,      0.676930,CP1_after_deposition,   1,    0.0000000000E+00,    5.9034423116E+01,    5.9034423116E+01,    0.0000000000E+00,    0.0000000000E+00,    0.0000000000E+00,    5.9034423116E+01
     75050,      0.676930,CP2_after_erosion,   1,    0.0000000000E+00,    5.9034423116E+01,    5.9034423116E+01,    0.0000000000E+00,    0.0000000000E+00,    0.0000000000E+00,    5.9034423116E+01
     75050,      0.676930,CP3_after_update_bottom,   1,    0.0000000000E+00,    5.9034423116E+01,    5.9034423116E+01,    0.0000000000E+00,    0.0000000000E+00,    0.0000000000E+00,    5.9034423116E+01
     75050,      0.676930,CP4_after_advection,   1,    0.0000000000E+00,    5.9037320862E+01,    5.9037320862E+01,    0.0000000000E+00,    0.0000000000E+00,    0.0000000000E+00,    5.9037320862E+01
     75050,      0.676930,CP5_after_vdif,   1,    0.0000000000E+00,    5.9037320862E+01,    5.9037320862E+01,    0.0000000000E+00,    0.0000000000E+00,    0.0000000000E+00,    5.9037320862E+01
     75050,      0.676930,CP6_after_kinetics,   1,    0.0000000000E+00,    5.9037320862E+01,    5.9037320862E+01,    0.0000000000E+00,    0.0000000000E+00,    0.0000000000E+00,    5.9037320862E+01
     75050,      0.676930,CP7_after_upper_clamp,   1,    0.0000000000E+00,    5.9037320862E+01,    5.9037320862E+01,    0.0000000000E+00,    0.0000000000E+00,    0.0000000000E+00,    5.9037320862E+01
     75050,      0.676930,CP8_after_OBC,   1,    0.0000000000E+00,    5.9037320862E+01,    5.9037320862E+01,    0.0000000000E+00,    0.0000000000E+00,    0.0000000000E+00,    5.9037320862E+01
     75050,      0.676930,CP9_after_PTsource,   1,    0.0000000000E+00,    5.9037320862E+01,    5.9037320862E+01,    0.0000000000E+00,    0.0000000000E+00,    0.0000000000E+00,    5.9037320862E+01
     75050,      0.676930,CP10_after_neg_clamp,   1,    0.0000000000E+00,    5.9037320862E+01,    5.9037320862E+01,    0.0000000000E+00,    0.0000000000E+00,    0.0000000000E+00,    5.9037320862E+01
     75050,      0.676930,CP11_after_MPI,   1,    0.0000000000E+00,    5.9037320862E+01,    5.9037320862E+01,    0.0000000000E+00,    0.0000000000E+00,    0.0000000000E+00,    5.9037320862E+01
     75050,      0.676930,CP12_end,   1,    0.0000000000E+00,    5.9037320862E+01,    5.9037320862E+01,    0.0000000000E+00,    0.0000000000E+00,    0.0000000000E+00,    5.9037320862E+01
     75100,      0.676930,CP0_start,   1,    0.0000000000E+00,    5.9115122818E+01,    5.9115122818E+01,    0.0000000000E+00,    0.0000000000E+00,    0.0000000000E+00,    5.9115122818E+01
     75100,      0.676930,CP1_after_deposition,   1,    0.0000000000E+00,    5.9115122818E+01,    5.9115122818E+01,    0.0000000000E+00,    0.0000000000E+00,    0.0000000000E+00,    5.9115122818E+01
     75100,      0.676930,CP2_after_erosion,   1,    0.0000000000E+00,    5.9115122818E+01,    5.9115122818E+01,    0.0000000000E+00,    0.0000000000E+00,    0.0000000000E+00,    5.9115122818E+01
     75100,      0.676930,CP3_after_update_bottom,   1,    0.0000000000E+00,    5.9115122818E+01,    5.9115122818E+01,    0.0000000000E+00,    0.0000000000E+00,    0.0000000000E+00,    5.9115122818E+01
     75100,      0.676930,CP4_after_advection,   1,    0.0000000000E+00,    5.9118045588E+01,    5.9118045588E+01,    0.0000000000E+00,    0.0000000000E+00,    0.0000000000E+00,    5.9118045588E+01
     75100,      0.676930,CP5_after_vdif,   1,    0.0000000000E+00,    5.9118045588E+01,    5.9118045588E+01,    0.0000000000E+00,    0.0000000000E+00,    0.0000000000E+00,    5.9118045588E+01
     75100,      0.676930,CP6_after_kinetics,   1,    0.0000000000E+00,    5.9118045588E+01,    5.9118045588E+01,    0.0000000000E+00,    0.0000000000E+00,    0.0000000000E+00,    5.9118045588E+01
     75100,      0.676930,CP7_after_upper_clamp,   1,    0.0000000000E+00,    5.9118045588E+01,    5.9118045588E+01,    0.0000000000E+00,    0.0000000000E+00,    0.0000000000E+00,    5.9118045588E+01
     75100,      0.676930,CP8_after_OBC,   1,    0.0000000000E+00,    5.9118045588E+01,    5.9118045588E+01,    0.0000000000E+00,    0.0000000000E+00,    0.0000000000E+00,    5.9118045588E+01
     75100,      0.676930,CP9_after_PTsource,   1,    0.0000000000E+00,    5.9118045588E+01,    5.9118045588E+01,    0.0000000000E+00,    0.0000000000E+00,    0.0000000000E+00,    5.9118045588E+01
     75100,      0.676930,CP10_after_neg_clamp,   1,    0.0000000000E+00,    5.9118045588E+01,    5.9118045588E+01,    0.0000000000E+00,    0.0000000000E+00,    0.0000000000E+00,    5.9118045588E+01
     75100,      0.676930,CP11_after_MPI,   1,    0.0000000000E+00,    5.9118045588E+01,    5.9118045588E+01,    0.0000000000E+00,    0.0000000000E+00,    0.0000000000E+00,    5.9118045588E+01
     75100,      0.676930,CP12_end,   1,    0.0000000000E+00,    5.9118045588E+01,    5.9118045588E+01,    0.0000000000E+00,    0.0000000000E+00,    0.0000000000E+00,    5.9118045588E+01
     75150,      0.676930,CP0_start,   1,    0.0000000000E+00,    5.9194979376E+01,    5.9194979376E+01,    0.0000000000E+00,    0.0000000000E+00,    0.0000000000E+00,    5.9194979376E+01
     75150,      0.676930,CP1_after_deposition,   1,    0.0000000000E+00,    5.9194979376E+01,    5.9194979376E+01,    0.0000000000E+00,    0.0000000000E+00,    0.0000000000E+00,    5.9194979376E+01
     75150,      0.676930,CP2_after_erosion,   1,    0.0000000000E+00,    5.9194979376E+01,    5.9194979376E+01,    0.0000000000E+00,    0.0000000000E+00,    0.0000000000E+00,    5.9194979376E+01
     75150,      0.676930,CP3_after_update_bottom,   1,    0.0000000000E+00,    5.9194979376E+01,    5.9194979376E+01,    0.0000000000E+00,    0.0000000000E+00,    0.0000000000E+00,    5.9194979376E+01
     75150,      0.676930,CP4_after_advection,   1,    0.0000000000E+00,    5.9197922831E+01,    5.9197922831E+01,    0.0000000000E+00,    0.0000000000E+00,    0.0000000000E+00,    5.9197922831E+01
     75150,      0.676930,CP5_after_vdif,   1,    0.0000000000E+00,    5.9197922831E+01,    5.9197922831E+01,    0.0000000000E+00,    0.0000000000E+00,    0.0000000000E+00,    5.9197922831E+01
     75150,      0.676930,CP6_after_kinetics,   1,    0.0000000000E+00,    5.9197922831E+01,    5.9197922831E+01,    0.0000000000E+00,    0.0000000000E+00,    0.0000000000E+00,    5.9197922831E+01
     75150,      0.676930,CP7_after_upper_clamp,   1,    0.0000000000E+00,    5.9197922831E+01,    5.9197922831E+01,    0.0000000000E+00,    0.0000000000E+00,    0.0000000000E+00,    5.9197922831E+01
     75150,      0.676930,CP8_after_OBC,   1,    0.0000000000E+00,    5.9197922831E+01,    5.9197922831E+01,    0.0000000000E+00,    0.0000000000E+00,    0.0000000000E+00,    5.9197922831E+01
     75150,      0.676930,CP9_after_PTsource,   1,    0.0000000000E+00,    5.9197922831E+01,    5.9197922831E+01,    0.0000000000E+00,    0.0000000000E+00,    0.0000000000E+00,    5.9197922831E+01
     75150,      0.676930,CP10_after_neg_clamp,   1,    0.0000000000E+00,    5.9197922831E+01,    5.9197922831E+01,    0.0000000000E+00,    0.0000000000E+00,    0.0000000000E+00,    5.9197922831E+01
     75150,      0.676930,CP11_after_MPI,   1,    0.0000000000E+00,    5.9197922831E+01,    5.9197922831E+01,    0.0000000000E+00,    0.0000000000E+00,    0.0000000000E+00,    5.9197922831E+01
     75150,      0.676930,CP12_end,   1,    0.0000000000E+00,    5.9197922831E+01,    5.9197922831E+01,    0.0000000000E+00,    0.0000000000E+00,    0.0000000000E+00,    5.9197922831E+01
     75200,      0.676930,CP0_start,   1,    0.0000000000E+00,    5.9273882072E+01,    5.9273882072E+01,    0.0000000000E+00,    0.0000000000E+00,    0.0000000000E+00,    5.9273882072E+01
     75200,      0.676930,CP1_after_deposition,   1,    0.0000000000E+00,    5.9273882072E+01,    5.9273882072E+01,    0.0000000000E+00,    0.0000000000E+00,    0.0000000000E+00,    5.9273882072E+01
     75200,      0.676930,CP2_after_erosion,   1,    0.0000000000E+00,    5.9273882072E+01,    5.9273882072E+01,    0.0000000000E+00,    0.0000000000E+00,    0.0000000000E+00,    5.9273882072E+01
     75200,      0.676930,CP3_after_update_bottom,   1,    0.0000000000E+00,    5.9273882072E+01,    5.9273882072E+01,    0.0000000000E+00,    0.0000000000E+00,    0.0000000000E+00,    5.9273882072E+01
     75200,      0.676930,CP4_after_advection,   1,    0.0000000000E+00,    5.9276843818E+01,    5.9276843818E+01,    0.0000000000E+00,    0.0000000000E+00,    0.0000000000E+00,    5.9276843818E+01
     75200,      0.676930,CP5_after_vdif,   1,    0.0000000000E+00,    5.9276843818E+01,    5.9276843818E+01,    0.0000000000E+00,    0.0000000000E+00,    0.0000000000E+00,    5.9276843818E+01
     75200,      0.676930,CP6_after_kinetics,   1,    0.0000000000E+00,    5.9276843818E+01,    5.9276843818E+01,    0.0000000000E+00,    0.0000000000E+00,    0.0000000000E+00,    5.9276843818E+01
     75200,      0.676930,CP7_after_upper_clamp,   1,    0.0000000000E+00,    5.9276843818E+01,    5.9276843818E+01,    0.0000000000E+00,    0.0000000000E+00,    0.0000000000E+00,    5.9276843818E+01
     75200,      0.676930,CP8_after_OBC,   1,    0.0000000000E+00,    5.9276843818E+01,    5.9276843818E+01,    0.0000000000E+00,    0.0000000000E+00,    0.0000000000E+00,    5.9276843818E+01
     75200,      0.676930,CP9_after_PTsource,   1,    0.0000000000E+00,    5.9276843818E+01,    5.9276843818E+01,    0.0000000000E+00,    0.0000000000E+00,    0.0000000000E+00,    5.9276843818E+01
     75200,      0.676930,CP10_after_neg_clamp,   1,    0.0000000000E+00,    5.9276843818E+01,    5.9276843818E+01,    0.0000000000E+00,    0.0000000000E+00,    0.0000000000E+00,    5.9276843818E+01
     75200,      0.676930,CP11_after_MPI,   1,    0.0000000000E+00,    5.9276843818E+01,    5.9276843818E+01,    0.0000000000E+00,    0.0000000000E+00,    0.0000000000E+00,    5.9276843818E+01
     75200,      0.676930,CP12_end,   1,    0.0000000000E+00,    5.9276843818E+01,    5.9276843818E+01,    0.0000000000E+00,    0.0000000000E+00,    0.0000000000E+00,    5.9276843818E+01
     75250,      0.676930,CP0_start,   1,    0.0000000000E+00,    5.9351735492E+01,    5.9351735492E+01,    0.0000000000E+00,    0.0000000000E+00,    0.0000000000E+00,    5.9351735492E+01
     75250,      0.676930,CP1_after_deposition,   1,    0.0000000000E+00,    5.9351735492E+01,    5.9351735492E+01,    0.0000000000E+00,    0.0000000000E+00,    0.0000000000E+00,    5.9351735492E+01
     75250,      0.676930,CP2_after_erosion,   1,    0.0000000000E+00,    5.9351735492E+01,    5.9351735492E+01,    0.0000000000E+00,    0.0000000000E+00,    0.0000000000E+00,    5.9351735492E+01
     75250,      0.676930,CP3_after_update_bottom,   1,    0.0000000000E+00,    5.9351735492E+01,    5.9351735492E+01,    0.0000000000E+00,    0.0000000000E+00,    0.0000000000E+00,    5.9351735492E+01
     75250,      0.676930,CP4_after_advection,   1,    0.0000000000E+00,    5.9354713251E+01,    5.9354713251E+01,    0.0000000000E+00,    0.0000000000E+00,    0.0000000000E+00,    5.9354713251E+01
     75250,      0.676930,CP5_after_vdif,   1,    0.0000000000E+00,    5.9354713251E+01,    5.9354713251E+01,    0.0000000000E+00,    0.0000000000E+00,    0.0000000000E+00,    5.9354713251E+01
     75250,      0.676930,CP6_after_kinetics,   1,    0.0000000000E+00,    5.9354713251E+01,    5.9354713251E+01,    0.0000000000E+00,    0.0000000000E+00,    0.0000000000E+00,    5.9354713251E+01
     75250,      0.676930,CP7_after_upper_clamp,   1,    0.0000000000E+00,    5.9354713251E+01,    5.9354713251E+01,    0.0000000000E+00,    0.0000000000E+00,    0.0000000000E+00,    5.9354713251E+01
     75250,      0.676930,CP8_after_OBC,   1,    0.0000000000E+00,    5.9354713251E+01,    5.9354713251E+01,    0.0000000000E+00,    0.0000000000E+00,    0.0000000000E+00,    5.9354713251E+01
     75250,      0.676930,CP9_after_PTsource,   1,    0.0000000000E+00,    5.9354713251E+01,    5.9354713251E+01,    0.0000000000E+00,    0.0000000000E+00,    0.0000000000E+00,    5.9354713251E+01
     75250,      0.676930,CP10_after_neg_clamp,   1,    0.0000000000E+00,    5.9354713251E+01,    5.9354713251E+01,    0.0000000000E+00,    0.0000000000E+00,    0.0000000000E+00,    5.9354713251E+01
     75250,      0.676930,CP11_after_MPI,   1,    0.0000000000E+00,    5.9354713251E+01,    5.9354713251E+01,    0.0000000000E+00,    0.0000000000E+00,    0.0000000000E+00,    5.9354713251E+01
     75250,      0.676930,CP12_end,   1,    0.0000000000E+00,    5.9354713251E+01,    5.9354713251E+01,    0.0000000000E+00,    0.0000000000E+00,    0.0000000000E+00,    5.9354713251E+01
     75300,      0.676930,CP0_start,   1,    0.0000000000E+00,    5.9428443019E+01,    5.9428443019E+01,    0.0000000000E+00,    0.0000000000E+00,    0.0000000000E+00,    5.9428443019E+01
     75300,      0.676930,CP1_after_deposition,   1,    0.0000000000E+00,    5.9428443019E+01,    5.9428443019E+01,    0.0000000000E+00,    0.0000000000E+00,    0.0000000000E+00,    5.9428443019E+01
     75300,      0.676930,CP2_after_erosion,   1,    0.0000000000E+00,    5.9428443019E+01,    5.9428443019E+01,    0.0000000000E+00,    0.0000000000E+00,    0.0000000000E+00,    5.9428443019E+01
     75300,      0.676930,CP3_after_update_bottom,   1,    0.0000000000E+00,    5.9428443019E+01,    5.9428443019E+01,    0.0000000000E+00,    0.0000000000E+00,    0.0000000000E+00,    5.9428443019E+01
     75300,      0.676930,CP4_after_advection,   1,    0.0000000000E+00,    5.9431432585E+01,    5.9431432585E+01,    0.0000000000E+00,    0.0000000000E+00,    0.0000000000E+00,    5.9431432585E+01
     75300,      0.676930,CP5_after_vdif,   1,    0.0000000000E+00,    5.9431432585E+01,    5.9431432585E+01,    0.0000000000E+00,    0.0000000000E+00,    0.0000000000E+00,    5.9431432585E+01
     75300,      0.676930,CP6_after_kinetics,   1,    0.0000000000E+00,    5.9431432585E+01,    5.9431432585E+01,    0.0000000000E+00,    0.0000000000E+00,    0.0000000000E+00,    5.9431432585E+01
     75300,      0.676930,CP7_after_upper_clamp,   1,    0.0000000000E+00,    5.9431432585E+01,    5.9431432585E+01,    0.0000000000E+00,    0.0000000000E+00,    0.0000000000E+00,    5.9431432585E+01
     75300,      0.676930,CP8_after_OBC,   1,    0.0000000000E+00,    5.9431432585E+01,    5.9431432585E+01,    0.0000000000E+00,    0.0000000000E+00,    0.0000000000E+00,    5.9431432585E+01
     75300,      0.676930,CP9_after_PTsource,   1,    0.0000000000E+00,    5.9431432585E+01,    5.9431432585E+01,    0.0000000000E+00,    0.0000000000E+00,    0.0000000000E+00,    5.9431432585E+01
     75300,      0.676930,CP10_after_neg_clamp,   1,    0.0000000000E+00,    5.9431432585E+01,    5.9431432585E+01,    0.0000000000E+00,    0.0000000000E+00,    0.0000000000E+00,    5.9431432585E+01
     75300,      0.676930,CP11_after_MPI,   1,    0.0000000000E+00,    5.9431432585E+01,    5.9431432585E+01,    0.0000000000E+00,    0.0000000000E+00,    0.0000000000E+00,    5.9431432585E+01
     75300,      0.676930,CP12_end,   1,    0.0000000000E+00,    5.9431432585E+01,    5.9431432585E+01,    0.0000000000E+00,    0.0000000000E+00,    0.0000000000E+00,    5.9431432585E+01
     75350,      0.676930,CP0_start,   1,    0.0000000000E+00,    5.9503913398E+01,    5.9503913398E+01,    0.0000000000E+00,    0.0000000000E+00,    0.0000000000E+00,    5.9503913398E+01
     75350,      0.676930,CP1_after_deposition,   1,    0.0000000000E+00,    5.9503913398E+01,    5.9503913398E+01,    0.0000000000E+00,    0.0000000000E+00,    0.0000000000E+00,    5.9503913398E+01
     75350,      0.676930,CP2_after_erosion,   1,    0.0000000000E+00,    5.9503913398E+01,    5.9503913398E+01,    0.0000000000E+00,    0.0000000000E+00,    0.0000000000E+00,    5.9503913398E+01
     75350,      0.676930,CP3_after_update_bottom,   1,    0.0000000000E+00,    5.9503913398E+01,    5.9503913398E+01,    0.0000000000E+00,    0.0000000000E+00,    0.0000000000E+00,    5.9503913398E+01
     75350,      0.676930,CP4_after_advection,   1,    0.0000000000E+00,    5.9506912235E+01,    5.9506912235E+01,    0.0000000000E+00,    0.0000000000E+00,    0.0000000000E+00,    5.9506912235E+01
     75350,      0.676930,CP5_after_vdif,   1,    0.0000000000E+00,    5.9506912235E+01,    5.9506912235E+01,    0.0000000000E+00,    0.0000000000E+00,    0.0000000000E+00,    5.9506912235E+01
     75350,      0.676930,CP6_after_kinetics,   1,    0.0000000000E+00,    5.9506912235E+01,    5.9506912235E+01,    0.0000000000E+00,    0.0000000000E+00,    0.0000000000E+00,    5.9506912235E+01
     75350,      0.676930,CP7_after_upper_clamp,   1,    0.0000000000E+00,    5.9506912235E+01,    5.9506912235E+01,    0.0000000000E+00,    0.0000000000E+00,    0.0000000000E+00,    5.9506912235E+01
     75350,      0.676930,CP8_after_OBC,   1,    0.0000000000E+00,    5.9506912235E+01,    5.9506912235E+01,    0.0000000000E+00,    0.0000000000E+00,    0.0000000000E+00,    5.9506912235E+01
     75350,      0.676930,CP9_after_PTsource,   1,    0.0000000000E+00,    5.9506912235E+01,    5.9506912235E+01,    0.0000000000E+00,    0.0000000000E+00,    0.0000000000E+00,    5.9506912235E+01
     75350,      0.676930,CP10_after_neg_clamp,   1,    0.0000000000E+00,    5.9506912235E+01,    5.9506912235E+01,    0.0000000000E+00,    0.0000000000E+00,    0.0000000000E+00,    5.9506912235E+01
     75350,      0.676930,CP11_after_MPI,   1,    0.0000000000E+00,    5.9506912235E+01,    5.9506912235E+01,    0.0000000000E+00,    0.0000000000E+00,    0.0000000000E+00,    5.9506912235E+01
     75350,      0.676930,CP12_end,   1,    0.0000000000E+00,    5.9506912235E+01,    5.9506912235E+01,    0.0000000000E+00,    0.0000000000E+00,    0.0000000000E+00,    5.9506912235E+01
     75400,      0.676930,CP0_start,   1,    0.0000000000E+00,    5.9578049697E+01,    5.9578049697E+01,    0.0000000000E+00,    0.0000000000E+00,    0.0000000000E+00,    5.9578049697E+01
     75400,      0.676930,CP1_after_deposition,   1,    0.0000000000E+00,    5.9578049697E+01,    5.9578049697E+01,    0.0000000000E+00,    0.0000000000E+00,    0.0000000000E+00,    5.9578049697E+01
     75400,      0.676930,CP2_after_erosion,   1,    0.0000000000E+00,    5.9578049697E+01,    5.9578049697E+01,    0.0000000000E+00,    0.0000000000E+00,    0.0000000000E+00,    5.9578049697E+01
     75400,      0.676930,CP3_after_update_bottom,   1,    0.0000000000E+00,    5.9578049697E+01,    5.9578049697E+01,    0.0000000000E+00,    0.0000000000E+00,    0.0000000000E+00,    5.9578049697E+01
     75400,      0.676930,CP4_after_advection,   1,    0.0000000000E+00,    5.9581055642E+01,    5.9581055642E+01,    0.0000000000E+00,    0.0000000000E+00,    0.0000000000E+00,    5.9581055642E+01
     75400,      0.676930,CP5_after_vdif,   1,    0.0000000000E+00,    5.9581055642E+01,    5.9581055642E+01,    0.0000000000E+00,    0.0000000000E+00,    0.0000000000E+00,    5.9581055642E+01
     75400,      0.676930,CP6_after_kinetics,   1,    0.0000000000E+00,    5.9581055642E+01,    5.9581055642E+01,    0.0000000000E+00,    0.0000000000E+00,    0.0000000000E+00,    5.9581055642E+01
     75400,      0.676930,CP7_after_upper_clamp,   1,    0.0000000000E+00,    5.9581055642E+01,    5.9581055642E+01,    0.0000000000E+00,    0.0000000000E+00,    0.0000000000E+00,    5.9581055642E+01
     75400,      0.676930,CP8_after_OBC,   1,    0.0000000000E+00,    5.9581055642E+01,    5.9581055642E+01,    0.0000000000E+00,    0.0000000000E+00,    0.0000000000E+00,    5.9581055642E+01
     75400,      0.676930,CP9_after_PTsource,   1,    0.0000000000E+00,    5.9581055642E+01,    5.9581055642E+01,    0.0000000000E+00,    0.0000000000E+00,    0.0000000000E+00,    5.9581055642E+01
     75400,      0.676930,CP10_after_neg_clamp,   1,    0.0000000000E+00,    5.9581055642E+01,    5.9581055642E+01,    0.0000000000E+00,    0.0000000000E+00,    0.0000000000E+00,    5.9581055642E+01
     75400,      0.676930,CP11_after_MPI,   1,    0.0000000000E+00,    5.9581055642E+01,    5.9581055642E+01,    0.0000000000E+00,    0.0000000000E+00,    0.0000000000E+00,    5.9581055642E+01
     75400,      0.676930,CP12_end,   1,    0.0000000000E+00,    5.9581055642E+01,    5.9581055642E+01,    0.0000000000E+00,    0.0000000000E+00,    0.0000000000E+00,    5.9581055642E+01
     75450,      0.676930,CP0_start,   1,    0.0000000000E+00,    5.9650769527E+01,    5.9650769527E+01,    0.0000000000E+00,    0.0000000000E+00,    0.0000000000E+00,    5.9650769527E+01
     75450,      0.676930,CP1_after_deposition,   1,    0.0000000000E+00,    5.9650769527E+01,    5.9650769527E+01,    0.0000000000E+00,    0.0000000000E+00,    0.0000000000E+00,    5.9650769527E+01
     75450,      0.676930,CP2_after_erosion,   1,    0.0000000000E+00,    5.9650769527E+01,    5.9650769527E+01,    0.0000000000E+00,    0.0000000000E+00,    0.0000000000E+00,    5.9650769527E+01
     75450,      0.676930,CP3_after_update_bottom,   1,    0.0000000000E+00,    5.9650769527E+01,    5.9650769527E+01,    0.0000000000E+00,    0.0000000000E+00,    0.0000000000E+00,    5.9650769527E+01
     75450,      0.676930,CP4_after_advection,   1,    0.0000000000E+00,    5.9653780936E+01,    5.9653780936E+01,    0.0000000000E+00,    0.0000000000E+00,    0.0000000000E+00,    5.9653780936E+01
     75450,      0.676930,CP5_after_vdif,   1,    0.0000000000E+00,    5.9653780936E+01,    5.9653780936E+01,    0.0000000000E+00,    0.0000000000E+00,    0.0000000000E+00,    5.9653780936E+01
     75450,      0.676930,CP6_after_kinetics,   1,    0.0000000000E+00,    5.9653780936E+01,    5.9653780936E+01,    0.0000000000E+00,    0.0000000000E+00,    0.0000000000E+00,    5.9653780936E+01
     75450,      0.676930,CP7_after_upper_clamp,   1,    0.0000000000E+00,    5.9653780936E+01,    5.9653780936E+01,    0.0000000000E+00,    0.0000000000E+00,    0.0000000000E+00,    5.9653780936E+01
     75450,      0.676930,CP8_after_OBC,   1,    0.0000000000E+00,    5.9653780936E+01,    5.9653780936E+01,    0.0000000000E+00,    0.0000000000E+00,    0.0000000000E+00,    5.9653780936E+01
     75450,      0.676930,CP9_after_PTsource,   1,    0.0000000000E+00,    5.9653780936E+01,    5.9653780936E+01,    0.0000000000E+00,    0.0000000000E+00,    0.0000000000E+00,    5.9653780936E+01
     75450,      0.676930,CP10_after_neg_clamp,   1,    0.0000000000E+00,    5.9653780936E+01,    5.9653780936E+01,    0.0000000000E+00,    0.0000000000E+00,    0.0000000000E+00,    5.9653780936E+01
     75450,      0.676930,CP11_after_MPI,   1,    0.0000000000E+00,    5.9653780936E+01,    5.9653780936E+01,    0.0000000000E+00,    0.0000000000E+00,    0.0000000000E+00,    5.9653780936E+01
     75450,      0.676930,CP12_end,   1,    0.0000000000E+00,    5.9653780936E+01,    5.9653780936E+01,    0.0000000000E+00,    0.0000000000E+00,    0.0000000000E+00,    5.9653780936E+01
     75500,      0.676930,CP0_start,   1,    0.0000000000E+00,    5.9722072710E+01,    5.9722072710E+01,    0.0000000000E+00,    0.0000000000E+00,    0.0000000000E+00,    5.9722072710E+01
     75500,      0.676930,CP1_after_deposition,   1,    0.0000000000E+00,    5.9722072710E+01,    5.9722072710E+01,    0.0000000000E+00,    0.0000000000E+00,    0.0000000000E+00,    5.9722072710E+01
     75500,      0.676930,CP2_after_erosion,   1,    0.0000000000E+00,    5.9722072710E+01,    5.9722072710E+01,    0.0000000000E+00,    0.0000000000E+00,    0.0000000000E+00,    5.9722072710E+01
     75500,      0.676930,CP3_after_update_bottom,   1,    0.0000000000E+00,    5.9722072710E+01,    5.9722072710E+01,    0.0000000000E+00,    0.0000000000E+00,    0.0000000000E+00,    5.9722072710E+01
     75500,      0.676930,CP4_after_advection,   1,    0.0000000000E+00,    5.9725089990E+01,    5.9725089990E+01,    0.0000000000E+00,    0.0000000000E+00,    0.0000000000E+00,    5.9725089990E+01
     75500,      0.676930,CP5_after_vdif,   1,    0.0000000000E+00,    5.9725089990E+01,    5.9725089990E+01,    0.0000000000E+00,    0.0000000000E+00,    0.0000000000E+00,    5.9725089990E+01
     75500,      0.676930,CP6_after_kinetics,   1,    0.0000000000E+00,    5.9725089990E+01,    5.9725089990E+01,    0.0000000000E+00,    0.0000000000E+00,    0.0000000000E+00,    5.9725089990E+01
     75500,      0.676930,CP7_after_upper_clamp,   1,    0.0000000000E+00,    5.9725089990E+01,    5.9725089990E+01,    0.0000000000E+00,    0.0000000000E+00,    0.0000000000E+00,    5.9725089990E+01
     75500,      0.676930,CP8_after_OBC,   1,    0.0000000000E+00,    5.9725089990E+01,    5.9725089990E+01,    0.0000000000E+00,    0.0000000000E+00,    0.0000000000E+00,    5.9725089990E+01
     75500,      0.676930,CP9_after_PTsource,   1,    0.0000000000E+00,    5.9725089990E+01,    5.9725089990E+01,    0.0000000000E+00,    0.0000000000E+00,    0.0000000000E+00,    5.9725089990E+01
     75500,      0.676930,CP10_after_neg_clamp,   1,    0.0000000000E+00,    5.9725089990E+01,    5.9725089990E+01,    0.0000000000E+00,    0.0000000000E+00,    0.0000000000E+00,    5.9725089990E+01
     75500,      0.676930,CP11_after_MPI,   1,    0.0000000000E+00,    5.9725089990E+01,    5.9725089990E+01,    0.0000000000E+00,    0.0000000000E+00,    0.0000000000E+00,    5.9725089990E+01
     75500,      0.676930,CP12_end,   1,    0.0000000000E+00,    5.9725089990E+01,    5.9725089990E+01,    0.0000000000E+00,    0.0000000000E+00,    0.0000000000E+00,    5.9725089990E+01
     75550,      0.676930,CP0_start,   1,    0.0000000000E+00,    5.9792026547E+01,    5.9792026547E+01,    0.0000000000E+00,    0.0000000000E+00,    0.0000000000E+00,    5.9792026547E+01
     75550,      0.676930,CP1_after_deposition,   1,    0.0000000000E+00,    5.9792026547E+01,    5.9792026547E+01,    0.0000000000E+00,    0.0000000000E+00,    0.0000000000E+00,    5.9792026547E+01
     75550,      0.676930,CP2_after_erosion,   1,    0.0000000000E+00,    5.9792026547E+01,    5.9792026547E+01,    0.0000000000E+00,    0.0000000000E+00,    0.0000000000E+00,    5.9792026547E+01
     75550,      0.676930,CP3_after_update_bottom,   1,    0.0000000000E+00,    5.9792026547E+01,    5.9792026547E+01,    0.0000000000E+00,    0.0000000000E+00,    0.0000000000E+00,    5.9792026547E+01
     75550,      0.676930,CP4_after_advection,   1,    0.0000000000E+00,    5.9795051304E+01,    5.9795051304E+01,    0.0000000000E+00,    0.0000000000E+00,    0.0000000000E+00,    5.9795051304E+01
     75550,      0.676930,CP5_after_vdif,   1,    0.0000000000E+00,    5.9795051304E+01,    5.9795051304E+01,    0.0000000000E+00,    0.0000000000E+00,    0.0000000000E+00,    5.9795051304E+01
     75550,      0.676930,CP6_after_kinetics,   1,    0.0000000000E+00,    5.9795051304E+01,    5.9795051304E+01,    0.0000000000E+00,    0.0000000000E+00,    0.0000000000E+00,    5.9795051304E+01
     75550,      0.676930,CP7_after_upper_clamp,   1,    0.0000000000E+00,    5.9795051304E+01,    5.9795051304E+01,    0.0000000000E+00,    0.0000000000E+00,    0.0000000000E+00,    5.9795051304E+01
     75550,      0.676930,CP8_after_OBC,   1,    0.0000000000E+00,    5.9795051304E+01,    5.9795051304E+01,    0.0000000000E+00,    0.0000000000E+00,    0.0000000000E+00,    5.9795051304E+01
     75550,      0.676930,CP9_after_PTsource,   1,    0.0000000000E+00,    5.9795051304E+01,    5.9795051304E+01,    0.0000000000E+00,    0.0000000000E+00,    0.0000000000E+00,    5.9795051304E+01
     75550,      0.676930,CP10_after_neg_clamp,   1,    0.0000000000E+00,    5.9795051304E+01,    5.9795051304E+01,    0.0000000000E+00,    0.0000000000E+00,    0.0000000000E+00,    5.9795051304E+01
     75550,      0.676930,CP11_after_MPI,   1,    0.0000000000E+00,    5.9795051304E+01,    5.9795051304E+01,    0.0000000000E+00,    0.0000000000E+00,    0.0000000000E+00,    5.9795051304E+01
     75550,      0.676930,CP12_end,   1,    0.0000000000E+00,    5.9795051304E+01,    5.9795051304E+01,    0.0000000000E+00,    0.0000000000E+00,    0.0000000000E+00,    5.9795051304E+01
     75600,      0.676930,CP0_start,   1,    0.0000000000E+00,    5.9860785935E+01,    5.9860785935E+01,    0.0000000000E+00,    0.0000000000E+00,    0.0000000000E+00,    5.9860785935E+01
     75600,      0.676930,CP1_after_deposition,   1,    0.0000000000E+00,    5.9860785935E+01,    5.9860785935E+01,    0.0000000000E+00,    0.0000000000E+00,    0.0000000000E+00,    5.9860785935E+01
     75600,      0.676930,CP2_after_erosion,   1,    0.0000000000E+00,    5.9860785935E+01,    5.9860785935E+01,    0.0000000000E+00,    0.0000000000E+00,    0.0000000000E+00,    5.9860785935E+01
     75600,      0.676930,CP3_after_update_bottom,   1,    0.0000000000E+00,    5.9860785935E+01,    5.9860785935E+01,    0.0000000000E+00,    0.0000000000E+00,    0.0000000000E+00,    5.9860785935E+01
     75600,      0.676930,CP4_after_advection,   1,    0.0000000000E+00,    5.9863821729E+01,    5.9863821729E+01,    0.0000000000E+00,    0.0000000000E+00,    0.0000000000E+00,    5.9863821729E+01
     75600,      0.676930,CP5_after_vdif,   1,    0.0000000000E+00,    5.9863821729E+01,    5.9863821729E+01,    0.0000000000E+00,    0.0000000000E+00,    0.0000000000E+00,    5.9863821729E+01
     75600,      0.676930,CP6_after_kinetics,   1,    0.0000000000E+00,    5.9863821729E+01,    5.9863821729E+01,    0.0000000000E+00,    0.0000000000E+00,    0.0000000000E+00,    5.9863821729E+01
     75600,      0.676930,CP7_after_upper_clamp,   1,    0.0000000000E+00,    5.9863821729E+01,    5.9863821729E+01,    0.0000000000E+00,    0.0000000000E+00,    0.0000000000E+00,    5.9863821729E+01
     75600,      0.676930,CP8_after_OBC,   1,    0.0000000000E+00,    5.9863821729E+01,    5.9863821729E+01,    0.0000000000E+00,    0.0000000000E+00,    0.0000000000E+00,    5.9863821729E+01
     75600,      0.676930,CP9_after_PTsource,   1,    0.0000000000E+00,    5.9863821729E+01,    5.9863821729E+01,    0.0000000000E+00,    0.0000000000E+00,    0.0000000000E+00,    5.9863821729E+01
     75600,      0.676930,CP10_after_neg_clamp,   1,    0.0000000000E+00,    5.9863821729E+01,    5.9863821729E+01,    0.0000000000E+00,    0.0000000000E+00,    0.0000000000E+00,    5.9863821729E+01
     75600,      0.676930,CP11_after_MPI,   1,    0.0000000000E+00,    5.9863821729E+01,    5.9863821729E+01,    0.0000000000E+00,    0.0000000000E+00,    0.0000000000E+00,    5.9863821729E+01
     75600,      0.676930,CP12_end,   1,    0.0000000000E+00,    5.9863821729E+01,    5.9863821729E+01,    0.0000000000E+00,    0.0000000000E+00,    0.0000000000E+00,    5.9863821729E+01
     75650,      0.676930,CP0_start,   1,    0.0000000000E+00,    5.9928613141E+01,    5.9928613141E+01,    0.0000000000E+00,    0.0000000000E+00,    0.0000000000E+00,    5.9928613141E+01
     75650,      0.676930,CP1_after_deposition,   1,    0.0000000000E+00,    5.9928613141E+01,    5.9928613141E+01,    0.0000000000E+00,    0.0000000000E+00,    0.0000000000E+00,    5.9928613141E+01
     75650,      0.676930,CP2_after_erosion,   1,    0.0000000000E+00,    5.9928613141E+01,    5.9928613141E+01,    0.0000000000E+00,    0.0000000000E+00,    0.0000000000E+00,    5.9928613141E+01
     75650,      0.676930,CP3_after_update_bottom,   1,    0.0000000000E+00,    5.9928613141E+01,    5.9928613141E+01,    0.0000000000E+00,    0.0000000000E+00,    0.0000000000E+00,    5.9928613141E+01
     75650,      0.676930,CP4_after_advection,   1,    0.0000000000E+00,    5.9931665070E+01,    5.9931665070E+01,    0.0000000000E+00,    0.0000000000E+00,    0.0000000000E+00,    5.9931665070E+01
     75650,      0.676930,CP5_after_vdif,   1,    0.0000000000E+00,    5.9931665070E+01,    5.9931665070E+01,    0.0000000000E+00,    0.0000000000E+00,    0.0000000000E+00,    5.9931665070E+01
     75650,      0.676930,CP6_after_kinetics,   1,    0.0000000000E+00,    5.9931665070E+01,    5.9931665070E+01,    0.0000000000E+00,    0.0000000000E+00,    0.0000000000E+00,    5.9931665070E+01
     75650,      0.676930,CP7_after_upper_clamp,   1,    0.0000000000E+00,    5.9931665070E+01,    5.9931665070E+01,    0.0000000000E+00,    0.0000000000E+00,    0.0000000000E+00,    5.9931665070E+01
     75650,      0.676930,CP8_after_OBC,   1,    0.0000000000E+00,    5.9931665070E+01,    5.9931665070E+01,    0.0000000000E+00,    0.0000000000E+00,    0.0000000000E+00,    5.9931665070E+01
     75650,      0.676930,CP9_after_PTsource,   1,    0.0000000000E+00,    5.9931665070E+01,    5.9931665070E+01,    0.0000000000E+00,    0.0000000000E+00,    0.0000000000E+00,    5.9931665070E+01
     75650,      0.676930,CP10_after_neg_clamp,   1,    0.0000000000E+00,    5.9931665070E+01,    5.9931665070E+01,    0.0000000000E+00,    0.0000000000E+00,    0.0000000000E+00,    5.9931665070E+01
     75650,      0.676930,CP11_after_MPI,   1,    0.0000000000E+00,    5.9931665070E+01,    5.9931665070E+01,    0.0000000000E+00,    0.0000000000E+00,    0.0000000000E+00,    5.9931665070E+01
     75650,      0.676930,CP12_end,   1,    0.0000000000E+00,    5.9931665070E+01,    5.9931665070E+01,    0.0000000000E+00,    0.0000000000E+00,    0.0000000000E+00,    5.9931665070E+01
     75700,      0.676930,CP0_start,   1,    0.0000000000E+00,    5.9995867285E+01,    5.9995867285E+01,    0.0000000000E+00,    0.0000000000E+00,    0.0000000000E+00,    5.9995867285E+01
     75700,      0.676930,CP1_after_deposition,   1,    0.0000000000E+00,    5.9995867285E+01,    5.9995867285E+01,    0.0000000000E+00,    0.0000000000E+00,    0.0000000000E+00,    5.9995867285E+01
     75700,      0.676930,CP2_after_erosion,   1,    0.0000000000E+00,    5.9995867285E+01,    5.9995867285E+01,    0.0000000000E+00,    0.0000000000E+00,    0.0000000000E+00,    5.9995867285E+01
     75700,      0.676930,CP3_after_update_bottom,   1,    0.0000000000E+00,    5.9995867285E+01,    5.9995867285E+01,    0.0000000000E+00,    0.0000000000E+00,    0.0000000000E+00,    5.9995867285E+01
     75700,      0.676930,CP4_after_advection,   1,    0.0000000000E+00,    5.9998943443E+01,    5.9998943443E+01,    0.0000000000E+00,    0.0000000000E+00,    0.0000000000E+00,    5.9998943443E+01
     75700,      0.676930,CP5_after_vdif,   1,    0.0000000000E+00,    5.9998943443E+01,    5.9998943443E+01,    0.0000000000E+00,    0.0000000000E+00,    0.0000000000E+00,    5.9998943443E+01
     75700,      0.676930,CP6_after_kinetics,   1,    0.0000000000E+00,    5.9998943443E+01,    5.9998943443E+01,    0.0000000000E+00,    0.0000000000E+00,    0.0000000000E+00,    5.9998943443E+01
     75700,      0.676930,CP7_after_upper_clamp,   1,    0.0000000000E+00,    5.9998943443E+01,    5.9998943443E+01,    0.0000000000E+00,    0.0000000000E+00,    0.0000000000E+00,    5.9998943443E+01
     75700,      0.676930,CP8_after_OBC,   1,    0.0000000000E+00,    5.9998943443E+01,    5.9998943443E+01,    0.0000000000E+00,    0.0000000000E+00,    0.0000000000E+00,    5.9998943443E+01
     75700,      0.676930,CP9_after_PTsource,   1,    0.0000000000E+00,    5.9998943443E+01,    5.9998943443E+01,    0.0000000000E+00,    0.0000000000E+00,    0.0000000000E+00,    5.9998943443E+01
     75700,      0.676930,CP10_after_neg_clamp,   1,    0.0000000000E+00,    5.9998943443E+01,    5.9998943443E+01,    0.0000000000E+00,    0.0000000000E+00,    0.0000000000E+00,    5.9998943443E+01
     75700,      0.676930,CP11_after_MPI,   1,    0.0000000000E+00,    5.9998943443E+01,    5.9998943443E+01,    0.0000000000E+00,    0.0000000000E+00,    0.0000000000E+00,    5.9998943443E+01
     75700,      0.676930,CP12_end,   1,    0.0000000000E+00,    5.9998943443E+01,    5.9998943443E+01,    0.0000000000E+00,    0.0000000000E+00,    0.0000000000E+00,    5.9998943443E+01
     75750,      0.676930,CP0_start,   1,    0.0000000000E+00,    6.0062976274E+01,    6.0062976274E+01,    0.0000000000E+00,    0.0000000000E+00,    0.0000000000E+00,    6.0062976274E+01
     75750,      0.676930,CP1_after_deposition,   1,    0.0000000000E+00,    6.0062976274E+01,    6.0062976274E+01,    0.0000000000E+00,    0.0000000000E+00,    0.0000000000E+00,    6.0062976274E+01
     75750,      0.676930,CP2_after_erosion,   1,    0.0000000000E+00,    6.0062976274E+01,    6.0062976274E+01,    0.0000000000E+00,    0.0000000000E+00,    0.0000000000E+00,    6.0062976274E+01
     75750,      0.676930,CP3_after_update_bottom,   1,    0.0000000000E+00,    6.0062976274E+01,    6.0062976274E+01,    0.0000000000E+00,    0.0000000000E+00,    0.0000000000E+00,    6.0062976274E+01
     75750,      0.676930,CP4_after_advection,   1,    0.0000000000E+00,    6.0066085022E+01,    6.0066085022E+01,    0.0000000000E+00,    0.0000000000E+00,    0.0000000000E+00,    6.0066085022E+01
     75750,      0.676930,CP5_after_vdif,   1,    0.0000000000E+00,    6.0066085022E+01,    6.0066085022E+01,    0.0000000000E+00,    0.0000000000E+00,    0.0000000000E+00,    6.0066085022E+01
     75750,      0.676930,CP6_after_kinetics,   1,    0.0000000000E+00,    6.0066085022E+01,    6.0066085022E+01,    0.0000000000E+00,    0.0000000000E+00,    0.0000000000E+00,    6.0066085022E+01
     75750,      0.676930,CP7_after_upper_clamp,   1,    0.0000000000E+00,    6.0066085022E+01,    6.0066085022E+01,    0.0000000000E+00,    0.0000000000E+00,    0.0000000000E+00,    6.0066085022E+01
     75750,      0.676930,CP8_after_OBC,   1,    0.0000000000E+00,    6.0066085022E+01,    6.0066085022E+01,    0.0000000000E+00,    0.0000000000E+00,    0.0000000000E+00,    6.0066085022E+01
     75750,      0.676930,CP9_after_PTsource,   1,    0.0000000000E+00,    6.0066085022E+01,    6.0066085022E+01,    0.0000000000E+00,    0.0000000000E+00,    0.0000000000E+00,    6.0066085022E+01
     75750,      0.676930,CP10_after_neg_clamp,   1,    0.0000000000E+00,    6.0066085022E+01,    6.0066085022E+01,    0.0000000000E+00,    0.0000000000E+00,    0.0000000000E+00,    6.0066085022E+01
     75750,      0.676930,CP11_after_MPI,   1,    0.0000000000E+00,    6.0066085022E+01,    6.0066085022E+01,    0.0000000000E+00,    0.0000000000E+00,    0.0000000000E+00,    6.0066085022E+01
     75750,      0.676930,CP12_end,   1,    0.0000000000E+00,    6.0066085022E+01,    6.0066085022E+01,    0.0000000000E+00,    0.0000000000E+00,    0.0000000000E+00,    6.0066085022E+01
     75800,      0.676930,CP0_start,   1,    0.0000000000E+00,    6.0130400508E+01,    6.0130400508E+01,    0.0000000000E+00,    0.0000000000E+00,    0.0000000000E+00,    6.0130400508E+01
     75800,      0.676930,CP1_after_deposition,   1,    0.0000000000E+00,    6.0130400508E+01,    6.0130400508E+01,    0.0000000000E+00,    0.0000000000E+00,    0.0000000000E+00,    6.0130400508E+01
     75800,      0.676930,CP2_after_erosion,   1,    0.0000000000E+00,    6.0130400508E+01,    6.0130400508E+01,    0.0000000000E+00,    0.0000000000E+00,    0.0000000000E+00,    6.0130400508E+01
     75800,      0.676930,CP3_after_update_bottom,   1,    0.0000000000E+00,    6.0130400508E+01,    6.0130400508E+01,    0.0000000000E+00,    0.0000000000E+00,    0.0000000000E+00,    6.0130400508E+01
     75800,      0.676930,CP4_after_advection,   1,    0.0000000000E+00,    6.0133550411E+01,    6.0133550411E+01,    0.0000000000E+00,    0.0000000000E+00,    0.0000000000E+00,    6.0133550411E+01
     75800,      0.676930,CP5_after_vdif,   1,    0.0000000000E+00,    6.0133550411E+01,    6.0133550411E+01,    0.0000000000E+00,    0.0000000000E+00,    0.0000000000E+00,    6.0133550411E+01
     75800,      0.676930,CP6_after_kinetics,   1,    0.0000000000E+00,    6.0133550411E+01,    6.0133550411E+01,    0.0000000000E+00,    0.0000000000E+00,    0.0000000000E+00,    6.0133550411E+01
     75800,      0.676930,CP7_after_upper_clamp,   1,    0.0000000000E+00,    6.0133550411E+01,    6.0133550411E+01,    0.0000000000E+00,    0.0000000000E+00,    0.0000000000E+00,    6.0133550411E+01
     75800,      0.676930,CP8_after_OBC,   1,    0.0000000000E+00,    6.0133550411E+01,    6.0133550411E+01,    0.0000000000E+00,    0.0000000000E+00,    0.0000000000E+00,    6.0133550411E+01
     75800,      0.676930,CP9_after_PTsource,   1,    0.0000000000E+00,    6.0133550411E+01,    6.0133550411E+01,    0.0000000000E+00,    0.0000000000E+00,    0.0000000000E+00,    6.0133550411E+01
     75800,      0.676930,CP10_after_neg_clamp,   1,    0.0000000000E+00,    6.0133550411E+01,    6.0133550411E+01,    0.0000000000E+00,    0.0000000000E+00,    0.0000000000E+00,    6.0133550411E+01
     75800,      0.676930,CP11_after_MPI,   1,    0.0000000000E+00,    6.0133550411E+01,    6.0133550411E+01,    0.0000000000E+00,    0.0000000000E+00,    0.0000000000E+00,    6.0133550411E+01
     75800,      0.676930,CP12_end,   1,    0.0000000000E+00,    6.0133550411E+01,    6.0133550411E+01,    0.0000000000E+00,    0.0000000000E+00,    0.0000000000E+00,    6.0133550411E+01
     75850,      0.676930,CP0_start,   1,    0.0000000000E+00,    6.0198591737E+01,    6.0198591737E+01,    0.0000000000E+00,    0.0000000000E+00,    0.0000000000E+00,    6.0198591737E+01
     75850,      0.676930,CP1_after_deposition,   1,    0.0000000000E+00,    6.0198591737E+01,    6.0198591737E+01,    0.0000000000E+00,    0.0000000000E+00,    0.0000000000E+00,    6.0198591737E+01
     75850,      0.676930,CP2_after_erosion,   1,    0.0000000000E+00,    6.0198591737E+01,    6.0198591737E+01,    0.0000000000E+00,    0.0000000000E+00,    0.0000000000E+00,    6.0198591737E+01
     75850,      0.676930,CP3_after_update_bottom,   1,    0.0000000000E+00,    6.0198591737E+01,    6.0198591737E+01,    0.0000000000E+00,    0.0000000000E+00,    0.0000000000E+00,    6.0198591737E+01
     75850,      0.676930,CP4_after_advection,   1,    0.0000000000E+00,    6.0201789703E+01,    6.0201789703E+01,    0.0000000000E+00,    0.0000000000E+00,    0.0000000000E+00,    6.0201789703E+01
     75850,      0.676930,CP5_after_vdif,   1,    0.0000000000E+00,    6.0201789703E+01,    6.0201789703E+01,    0.0000000000E+00,    0.0000000000E+00,    0.0000000000E+00,    6.0201789703E+01
     75850,      0.676930,CP6_after_kinetics,   1,    0.0000000000E+00,    6.0201789703E+01,    6.0201789703E+01,    0.0000000000E+00,    0.0000000000E+00,    0.0000000000E+00,    6.0201789703E+01
     75850,      0.676930,CP7_after_upper_clamp,   1,    0.0000000000E+00,    6.0201789703E+01,    6.0201789703E+01,    0.0000000000E+00,    0.0000000000E+00,    0.0000000000E+00,    6.0201789703E+01
     75850,      0.676930,CP8_after_OBC,   1,    0.0000000000E+00,    6.0201789703E+01,    6.0201789703E+01,    0.0000000000E+00,    0.0000000000E+00,    0.0000000000E+00,    6.0201789703E+01
     75850,      0.676930,CP9_after_PTsource,   1,    0.0000000000E+00,    6.0201789703E+01,    6.0201789703E+01,    0.0000000000E+00,    0.0000000000E+00,    0.0000000000E+00,    6.0201789703E+01
     75850,      0.676930,CP10_after_neg_clamp,   1,    0.0000000000E+00,    6.0201789703E+01,    6.0201789703E+01,    0.0000000000E+00,    0.0000000000E+00,    0.0000000000E+00,    6.0201789703E+01
     75850,      0.676930,CP11_after_MPI,   1,    0.0000000000E+00,    6.0201789703E+01,    6.0201789703E+01,    0.0000000000E+00,    0.0000000000E+00,    0.0000000000E+00,    6.0201789703E+01
     75850,      0.676930,CP12_end,   1,    0.0000000000E+00,    6.0201789703E+01,    6.0201789703E+01,    0.0000000000E+00,    0.0000000000E+00,    0.0000000000E+00,    6.0201789703E+01
     75900,      0.676930,CP0_start,   1,    0.0000000000E+00,    6.0267982820E+01,    6.0267982820E+01,    0.0000000000E+00,    0.0000000000E+00,    0.0000000000E+00,    6.0267982820E+01
     75900,      0.676930,CP1_after_deposition,   1,    0.0000000000E+00,    6.0267982820E+01,    6.0267982820E+01,    0.0000000000E+00,    0.0000000000E+00,    0.0000000000E+00,    6.0267982820E+01
     75900,      0.676930,CP2_after_erosion,   1,    0.0000000000E+00,    6.0267982820E+01,    6.0267982820E+01,    0.0000000000E+00,    0.0000000000E+00,    0.0000000000E+00,    6.0267982820E+01
     75900,      0.676930,CP3_after_update_bottom,   1,    0.0000000000E+00,    6.0267982820E+01,    6.0267982820E+01,    0.0000000000E+00,    0.0000000000E+00,    0.0000000000E+00,    6.0267982820E+01
     75900,      0.676930,CP4_after_advection,   1,    0.0000000000E+00,    6.0271235704E+01,    6.0271235704E+01,    0.0000000000E+00,    0.0000000000E+00,    0.0000000000E+00,    6.0271235704E+01
     75900,      0.676930,CP5_after_vdif,   1,    0.0000000000E+00,    6.0271235704E+01,    6.0271235704E+01,    0.0000000000E+00,    0.0000000000E+00,    0.0000000000E+00,    6.0271235704E+01
     75900,      0.676930,CP6_after_kinetics,   1,    0.0000000000E+00,    6.0271235704E+01,    6.0271235704E+01,    0.0000000000E+00,    0.0000000000E+00,    0.0000000000E+00,    6.0271235704E+01
     75900,      0.676930,CP7_after_upper_clamp,   1,    0.0000000000E+00,    6.0271235704E+01,    6.0271235704E+01,    0.0000000000E+00,    0.0000000000E+00,    0.0000000000E+00,    6.0271235704E+01
     75900,      0.676930,CP8_after_OBC,   1,    0.0000000000E+00,    6.0271235704E+01,    6.0271235704E+01,    0.0000000000E+00,    0.0000000000E+00,    0.0000000000E+00,    6.0271235704E+01
     75900,      0.676930,CP9_after_PTsource,   1,    0.0000000000E+00,    6.0271235704E+01,    6.0271235704E+01,    0.0000000000E+00,    0.0000000000E+00,    0.0000000000E+00,    6.0271235704E+01
     75900,      0.676930,CP10_after_neg_clamp,   1,    0.0000000000E+00,    6.0271235704E+01,    6.0271235704E+01,    0.0000000000E+00,    0.0000000000E+00,    0.0000000000E+00,    6.0271235704E+01
     75900,      0.676930,CP11_after_MPI,   1,    0.0000000000E+00,    6.0271235704E+01,    6.0271235704E+01,    0.0000000000E+00,    0.0000000000E+00,    0.0000000000E+00,    6.0271235704E+01
     75900,      0.676930,CP12_end,   1,    0.0000000000E+00,    6.0271235704E+01,    6.0271235704E+01,    0.0000000000E+00,    0.0000000000E+00,    0.0000000000E+00,    6.0271235704E+01
     75950,      0.676930,CP0_start,   1,    0.0000000000E+00,    6.0338925471E+01,    6.0338925471E+01,    0.0000000000E+00,    0.0000000000E+00,    0.0000000000E+00,    6.0338925471E+01
     75950,      0.676930,CP1_after_deposition,   1,    0.0000000000E+00,    6.0338925471E+01,    6.0338925471E+01,    0.0000000000E+00,    0.0000000000E+00,    0.0000000000E+00,    6.0338925471E+01
     75950,      0.676930,CP2_after_erosion,   1,    0.0000000000E+00,    6.0338925471E+01,    6.0338925471E+01,    0.0000000000E+00,    0.0000000000E+00,    0.0000000000E+00,    6.0338925471E+01
     75950,      0.676930,CP3_after_update_bottom,   1,    0.0000000000E+00,    6.0338925471E+01,    6.0338925471E+01,    0.0000000000E+00,    0.0000000000E+00,    0.0000000000E+00,    6.0338925471E+01
     75950,      0.676930,CP4_after_advection,   1,    0.0000000000E+00,    6.0342237765E+01,    6.0342237765E+01,    0.0000000000E+00,    0.0000000000E+00,    0.0000000000E+00,    6.0342237765E+01
     75950,      0.676930,CP5_after_vdif,   1,    0.0000000000E+00,    6.0342237765E+01,    6.0342237765E+01,    0.0000000000E+00,    0.0000000000E+00,    0.0000000000E+00,    6.0342237765E+01
     75950,      0.676930,CP6_after_kinetics,   1,    0.0000000000E+00,    6.0342237765E+01,    6.0342237765E+01,    0.0000000000E+00,    0.0000000000E+00,    0.0000000000E+00,    6.0342237765E+01
     75950,      0.676930,CP7_after_upper_clamp,   1,    0.0000000000E+00,    6.0342237765E+01,    6.0342237765E+01,    0.0000000000E+00,    0.0000000000E+00,    0.0000000000E+00,    6.0342237765E+01
     75950,      0.676930,CP8_after_OBC,   1,    0.0000000000E+00,    6.0342237765E+01,    6.0342237765E+01,    0.0000000000E+00,    0.0000000000E+00,    0.0000000000E+00,    6.0342237765E+01
     75950,      0.676930,CP9_after_PTsource,   1,    0.0000000000E+00,    6.0342237765E+01,    6.0342237765E+01,    0.0000000000E+00,    0.0000000000E+00,    0.0000000000E+00,    6.0342237765E+01
     75950,      0.676930,CP10_after_neg_clamp,   1,    0.0000000000E+00,    6.0342237765E+01,    6.0342237765E+01,    0.0000000000E+00,    0.0000000000E+00,    0.0000000000E+00,    6.0342237765E+01
     75950,      0.676930,CP11_after_MPI,   1,    0.0000000000E+00,    6.0342237765E+01,    6.0342237765E+01,    0.0000000000E+00,    0.0000000000E+00,    0.0000000000E+00,    6.0342237765E+01
     75950,      0.676930,CP12_end,   1,    0.0000000000E+00,    6.0342237765E+01,    6.0342237765E+01,    0.0000000000E+00,    0.0000000000E+00,    0.0000000000E+00,    6.0342237765E+01
     76000,      0.676930,CP0_start,   1,    0.0000000000E+00,    6.0411632184E+01,    6.0411632184E+01,    0.0000000000E+00,    0.0000000000E+00,    0.0000000000E+00,    6.0411632184E+01
     76000,      0.676930,CP1_after_deposition,   1,    0.0000000000E+00,    6.0411632184E+01,    6.0411632184E+01,    0.0000000000E+00,    0.0000000000E+00,    0.0000000000E+00,    6.0411632184E+01
     76000,      0.676930,CP2_after_erosion,   1,    0.0000000000E+00,    6.0411632184E+01,    6.0411632184E+01,    0.0000000000E+00,    0.0000000000E+00,    0.0000000000E+00,    6.0411632184E+01
     76000,      0.676930,CP3_after_update_bottom,   1,    0.0000000000E+00,    6.0411632184E+01,    6.0411632184E+01,    0.0000000000E+00,    0.0000000000E+00,    0.0000000000E+00,    6.0411632184E+01
     76000,      0.676930,CP4_after_advection,   1,    0.0000000000E+00,    6.0415004965E+01,    6.0415004965E+01,    0.0000000000E+00,    0.0000000000E+00,    0.0000000000E+00,    6.0415004965E+01
     76000,      0.676930,CP5_after_vdif,   1,    0.0000000000E+00,    6.0415004965E+01,    6.0415004965E+01,    0.0000000000E+00,    0.0000000000E+00,    0.0000000000E+00,    6.0415004965E+01
     76000,      0.676930,CP6_after_kinetics,   1,    0.0000000000E+00,    6.0415004965E+01,    6.0415004965E+01,    0.0000000000E+00,    0.0000000000E+00,    0.0000000000E+00,    6.0415004965E+01
     76000,      0.676930,CP7_after_upper_clamp,   1,    0.0000000000E+00,    6.0415004965E+01,    6.0415004965E+01,    0.0000000000E+00,    0.0000000000E+00,    0.0000000000E+00,    6.0415004965E+01
     76000,      0.676930,CP8_after_OBC,   1,    0.0000000000E+00,    6.0415004965E+01,    6.0415004965E+01,    0.0000000000E+00,    0.0000000000E+00,    0.0000000000E+00,    6.0415004965E+01
     76000,      0.676930,CP9_after_PTsource,   1,    0.0000000000E+00,    6.0415004965E+01,    6.0415004965E+01,    0.0000000000E+00,    0.0000000000E+00,    0.0000000000E+00,    6.0415004965E+01
     76000,      0.676930,CP10_after_neg_clamp,   1,    0.0000000000E+00,    6.0415004965E+01,    6.0415004965E+01,    0.0000000000E+00,    0.0000000000E+00,    0.0000000000E+00,    6.0415004965E+01
     76000,      0.676930,CP11_after_MPI,   1,    0.0000000000E+00,    6.0415004965E+01,    6.0415004965E+01,    0.0000000000E+00,    0.0000000000E+00,    0.0000000000E+00,    6.0415004965E+01
     76000,      0.676930,CP12_end,   1,    0.0000000000E+00,    6.0415004965E+01,    6.0415004965E+01,    0.0000000000E+00,    0.0000000000E+00,    0.0000000000E+00,    6.0415004965E+01
     76050,      0.676930,CP0_start,   1,    0.0000000000E+00,    6.0486141978E+01,    6.0486141978E+01,    0.0000000000E+00,    0.0000000000E+00,    0.0000000000E+00,    6.0486141978E+01
     76050,      0.676930,CP1_after_deposition,   1,    0.0000000000E+00,    6.0486141978E+01,    6.0486141978E+01,    0.0000000000E+00,    0.0000000000E+00,    0.0000000000E+00,    6.0486141978E+01
     76050,      0.676930,CP2_after_erosion,   1,    0.0000000000E+00,    6.0486141978E+01,    6.0486141978E+01,    0.0000000000E+00,    0.0000000000E+00,    0.0000000000E+00,    6.0486141978E+01
     76050,      0.676930,CP3_after_update_bottom,   1,    0.0000000000E+00,    6.0486141978E+01,    6.0486141978E+01,    0.0000000000E+00,    0.0000000000E+00,    0.0000000000E+00,    6.0486141978E+01
     76050,      0.676930,CP4_after_advection,   1,    0.0000000000E+00,    6.0489573722E+01,    6.0489573722E+01,    0.0000000000E+00,    0.0000000000E+00,    0.0000000000E+00,    6.0489573722E+01
     76050,      0.676930,CP5_after_vdif,   1,    0.0000000000E+00,    6.0489573722E+01,    6.0489573722E+01,    0.0000000000E+00,    0.0000000000E+00,    0.0000000000E+00,    6.0489573722E+01
     76050,      0.676930,CP6_after_kinetics,   1,    0.0000000000E+00,    6.0489573722E+01,    6.0489573722E+01,    0.0000000000E+00,    0.0000000000E+00,    0.0000000000E+00,    6.0489573722E+01
     76050,      0.676930,CP7_after_upper_clamp,   1,    0.0000000000E+00,    6.0489573722E+01,    6.0489573722E+01,    0.0000000000E+00,    0.0000000000E+00,    0.0000000000E+00,    6.0489573722E+01
     76050,      0.676930,CP8_after_OBC,   1,    0.0000000000E+00,    6.0489573722E+01,    6.0489573722E+01,    0.0000000000E+00,    0.0000000000E+00,    0.0000000000E+00,    6.0489573722E+01
     76050,      0.676930,CP9_after_PTsource,   1,    0.0000000000E+00,    6.0489573722E+01,    6.0489573722E+01,    0.0000000000E+00,    0.0000000000E+00,    0.0000000000E+00,    6.0489573722E+01
     76050,      0.676930,CP10_after_neg_clamp,   1,    0.0000000000E+00,    6.0489573722E+01,    6.0489573722E+01,    0.0000000000E+00,    0.0000000000E+00,    0.0000000000E+00,    6.0489573722E+01
     76050,      0.676930,CP11_after_MPI,   1,    0.0000000000E+00,    6.0489573722E+01,    6.0489573722E+01,    0.0000000000E+00,    0.0000000000E+00,    0.0000000000E+00,    6.0489573722E+01
     76050,      0.676930,CP12_end,   1,    0.0000000000E+00,    6.0489573722E+01,    6.0489573722E+01,    0.0000000000E+00,    0.0000000000E+00,    0.0000000000E+00,    6.0489573722E+01
     76100,      0.676930,CP0_start,   1,    0.0000000000E+00,    6.0562361692E+01,    6.0562361692E+01,    0.0000000000E+00,    0.0000000000E+00,    0.0000000000E+00,    6.0562361692E+01
     76100,      0.676930,CP1_after_deposition,   1,    0.0000000000E+00,    6.0562361692E+01,    6.0562361692E+01,    0.0000000000E+00,    0.0000000000E+00,    0.0000000000E+00,    6.0562361692E+01
     76100,      0.676930,CP2_after_erosion,   1,    0.0000000000E+00,    6.0562361692E+01,    6.0562361692E+01,    0.0000000000E+00,    0.0000000000E+00,    0.0000000000E+00,    6.0562361692E+01
     76100,      0.676930,CP3_after_update_bottom,   1,    0.0000000000E+00,    6.0562361692E+01,    6.0562361692E+01,    0.0000000000E+00,    0.0000000000E+00,    0.0000000000E+00,    6.0562361692E+01
     76100,      0.676930,CP4_after_advection,   1,    0.0000000000E+00,    6.0565848312E+01,    6.0565848312E+01,    0.0000000000E+00,    0.0000000000E+00,    0.0000000000E+00,    6.0565848312E+01
     76100,      0.676930,CP5_after_vdif,   1,    0.0000000000E+00,    6.0565848312E+01,    6.0565848312E+01,    0.0000000000E+00,    0.0000000000E+00,    0.0000000000E+00,    6.0565848312E+01
     76100,      0.676930,CP6_after_kinetics,   1,    0.0000000000E+00,    6.0565848312E+01,    6.0565848312E+01,    0.0000000000E+00,    0.0000000000E+00,    0.0000000000E+00,    6.0565848312E+01
     76100,      0.676930,CP7_after_upper_clamp,   1,    0.0000000000E+00,    6.0565848312E+01,    6.0565848312E+01,    0.0000000000E+00,    0.0000000000E+00,    0.0000000000E+00,    6.0565848312E+01
     76100,      0.676930,CP8_after_OBC,   1,    0.0000000000E+00,    6.0565848312E+01,    6.0565848312E+01,    0.0000000000E+00,    0.0000000000E+00,    0.0000000000E+00,    6.0565848312E+01
     76100,      0.676930,CP9_after_PTsource,   1,    0.0000000000E+00,    6.0565848312E+01,    6.0565848312E+01,    0.0000000000E+00,    0.0000000000E+00,    0.0000000000E+00,    6.0565848312E+01
     76100,      0.676930,CP10_after_neg_clamp,   1,    0.0000000000E+00,    6.0565848312E+01,    6.0565848312E+01,    0.0000000000E+00,    0.0000000000E+00,    0.0000000000E+00,    6.0565848312E+01
     76100,      0.676930,CP11_after_MPI,   1,    0.0000000000E+00,    6.0565848312E+01,    6.0565848312E+01,    0.0000000000E+00,    0.0000000000E+00,    0.0000000000E+00,    6.0565848312E+01
     76100,      0.676930,CP12_end,   1,    0.0000000000E+00,    6.0565848312E+01,    6.0565848312E+01,    0.0000000000E+00,    0.0000000000E+00,    0.0000000000E+00,    6.0565848312E+01
     76150,      0.676930,CP0_start,   1,    0.0000000000E+00,    6.0640103477E+01,    6.0640103477E+01,    0.0000000000E+00,    0.0000000000E+00,    0.0000000000E+00,    6.0640103477E+01
     76150,      0.676930,CP1_after_deposition,   1,    0.0000000000E+00,    6.0640103477E+01,    6.0640103477E+01,    0.0000000000E+00,    0.0000000000E+00,    0.0000000000E+00,    6.0640103477E+01
     76150,      0.676930,CP2_after_erosion,   1,    0.0000000000E+00,    6.0640103477E+01,    6.0640103477E+01,    0.0000000000E+00,    0.0000000000E+00,    0.0000000000E+00,    6.0640103477E+01
     76150,      0.676930,CP3_after_update_bottom,   1,    0.0000000000E+00,    6.0640103477E+01,    6.0640103477E+01,    0.0000000000E+00,    0.0000000000E+00,    0.0000000000E+00,    6.0640103477E+01
     76150,      0.676930,CP4_after_advection,   1,    0.0000000000E+00,    6.0643639228E+01,    6.0643639228E+01,    0.0000000000E+00,    0.0000000000E+00,    0.0000000000E+00,    6.0643639228E+01
     76150,      0.676930,CP5_after_vdif,   1,    0.0000000000E+00,    6.0643639228E+01,    6.0643639228E+01,    0.0000000000E+00,    0.0000000000E+00,    0.0000000000E+00,    6.0643639228E+01
     76150,      0.676930,CP6_after_kinetics,   1,    0.0000000000E+00,    6.0643639228E+01,    6.0643639228E+01,    0.0000000000E+00,    0.0000000000E+00,    0.0000000000E+00,    6.0643639228E+01
     76150,      0.676930,CP7_after_upper_clamp,   1,    0.0000000000E+00,    6.0643639228E+01,    6.0643639228E+01,    0.0000000000E+00,    0.0000000000E+00,    0.0000000000E+00,    6.0643639228E+01
     76150,      0.676930,CP8_after_OBC,   1,    0.0000000000E+00,    6.0643639228E+01,    6.0643639228E+01,    0.0000000000E+00,    0.0000000000E+00,    0.0000000000E+00,    6.0643639228E+01
     76150,      0.676930,CP9_after_PTsource,   1,    0.0000000000E+00,    6.0643639228E+01,    6.0643639228E+01,    0.0000000000E+00,    0.0000000000E+00,    0.0000000000E+00,    6.0643639228E+01
     76150,      0.676930,CP10_after_neg_clamp,   1,    0.0000000000E+00,    6.0643639228E+01,    6.0643639228E+01,    0.0000000000E+00,    0.0000000000E+00,    0.0000000000E+00,    6.0643639228E+01
     76150,      0.676930,CP11_after_MPI,   1,    0.0000000000E+00,    6.0643639228E+01,    6.0643639228E+01,    0.0000000000E+00,    0.0000000000E+00,    0.0000000000E+00,    6.0643639228E+01
     76150,      0.676930,CP12_end,   1,    0.0000000000E+00,    6.0643639228E+01,    6.0643639228E+01,    0.0000000000E+00,    0.0000000000E+00,    0.0000000000E+00,    6.0643639228E+01
     76200,      0.676930,CP0_start,   1,    0.0000000000E+00,    6.0719105667E+01,    6.0719105667E+01,    0.0000000000E+00,    0.0000000000E+00,    0.0000000000E+00,    6.0719105667E+01
     76200,      0.676930,CP1_after_deposition,   1,    0.0000000000E+00,    6.0719105667E+01,    6.0719105667E+01,    0.0000000000E+00,    0.0000000000E+00,    0.0000000000E+00,    6.0719105667E+01
     76200,      0.676930,CP2_after_erosion,   1,    0.0000000000E+00,    6.0719105667E+01,    6.0719105667E+01,    0.0000000000E+00,    0.0000000000E+00,    0.0000000000E+00,    6.0719105667E+01
     76200,      0.676930,CP3_after_update_bottom,   1,    0.0000000000E+00,    6.0719105667E+01,    6.0719105667E+01,    0.0000000000E+00,    0.0000000000E+00,    0.0000000000E+00,    6.0719105667E+01
     76200,      0.676930,CP4_after_advection,   1,    0.0000000000E+00,    6.0722684152E+01,    6.0722684152E+01,    0.0000000000E+00,    0.0000000000E+00,    0.0000000000E+00,    6.0722684152E+01
     76200,      0.676930,CP5_after_vdif,   1,    0.0000000000E+00,    6.0722684152E+01,    6.0722684152E+01,    0.0000000000E+00,    0.0000000000E+00,    0.0000000000E+00,    6.0722684152E+01
     76200,      0.676930,CP6_after_kinetics,   1,    0.0000000000E+00,    6.0722684152E+01,    6.0722684152E+01,    0.0000000000E+00,    0.0000000000E+00,    0.0000000000E+00,    6.0722684152E+01
     76200,      0.676930,CP7_after_upper_clamp,   1,    0.0000000000E+00,    6.0722684152E+01,    6.0722684152E+01,    0.0000000000E+00,    0.0000000000E+00,    0.0000000000E+00,    6.0722684152E+01
     76200,      0.676930,CP8_after_OBC,   1,    0.0000000000E+00,    6.0722684152E+01,    6.0722684152E+01,    0.0000000000E+00,    0.0000000000E+00,    0.0000000000E+00,    6.0722684152E+01
     76200,      0.676930,CP9_after_PTsource,   1,    0.0000000000E+00,    6.0722684152E+01,    6.0722684152E+01,    0.0000000000E+00,    0.0000000000E+00,    0.0000000000E+00,    6.0722684152E+01
     76200,      0.676930,CP10_after_neg_clamp,   1,    0.0000000000E+00,    6.0722684152E+01,    6.0722684152E+01,    0.0000000000E+00,    0.0000000000E+00,    0.0000000000E+00,    6.0722684152E+01
     76200,      0.676930,CP11_after_MPI,   1,    0.0000000000E+00,    6.0722684152E+01,    6.0722684152E+01,    0.0000000000E+00,    0.0000000000E+00,    0.0000000000E+00,    6.0722684152E+01
     76200,      0.676930,CP12_end,   1,    0.0000000000E+00,    6.0722684152E+01,    6.0722684152E+01,    0.0000000000E+00,    0.0000000000E+00,    0.0000000000E+00,    6.0722684152E+01
     76250,      0.676930,CP0_start,   1,    0.0000000000E+00,    6.0799079382E+01,    6.0799079382E+01,    0.0000000000E+00,    0.0000000000E+00,    0.0000000000E+00,    6.0799079382E+01
     76250,      0.676930,CP1_after_deposition,   1,    0.0000000000E+00,    6.0799079382E+01,    6.0799079382E+01,    0.0000000000E+00,    0.0000000000E+00,    0.0000000000E+00,    6.0799079382E+01
     76250,      0.676930,CP2_after_erosion,   1,    0.0000000000E+00,    6.0799079382E+01,    6.0799079382E+01,    0.0000000000E+00,    0.0000000000E+00,    0.0000000000E+00,    6.0799079382E+01
     76250,      0.676930,CP3_after_update_bottom,   1,    0.0000000000E+00,    6.0799079382E+01,    6.0799079382E+01,    0.0000000000E+00,    0.0000000000E+00,    0.0000000000E+00,    6.0799079382E+01
     76250,      0.676930,CP4_after_advection,   1,    0.0000000000E+00,    6.0802693591E+01,    6.0802693591E+01,    0.0000000000E+00,    0.0000000000E+00,    0.0000000000E+00,    6.0802693591E+01
     76250,      0.676930,CP5_after_vdif,   1,    0.0000000000E+00,    6.0802693591E+01,    6.0802693591E+01,    0.0000000000E+00,    0.0000000000E+00,    0.0000000000E+00,    6.0802693591E+01
     76250,      0.676930,CP6_after_kinetics,   1,    0.0000000000E+00,    6.0802693591E+01,    6.0802693591E+01,    0.0000000000E+00,    0.0000000000E+00,    0.0000000000E+00,    6.0802693591E+01
     76250,      0.676930,CP7_after_upper_clamp,   1,    0.0000000000E+00,    6.0802693591E+01,    6.0802693591E+01,    0.0000000000E+00,    0.0000000000E+00,    0.0000000000E+00,    6.0802693591E+01
     76250,      0.676930,CP8_after_OBC,   1,    0.0000000000E+00,    6.0802693591E+01,    6.0802693591E+01,    0.0000000000E+00,    0.0000000000E+00,    0.0000000000E+00,    6.0802693591E+01
     76250,      0.676930,CP9_after_PTsource,   1,    0.0000000000E+00,    6.0802693591E+01,    6.0802693591E+01,    0.0000000000E+00,    0.0000000000E+00,    0.0000000000E+00,    6.0802693591E+01
     76250,      0.676930,CP10_after_neg_clamp,   1,    0.0000000000E+00,    6.0802693591E+01,    6.0802693591E+01,    0.0000000000E+00,    0.0000000000E+00,    0.0000000000E+00,    6.0802693591E+01
     76250,      0.676930,CP11_after_MPI,   1,    0.0000000000E+00,    6.0802693591E+01,    6.0802693591E+01,    0.0000000000E+00,    0.0000000000E+00,    0.0000000000E+00,    6.0802693591E+01
     76250,      0.676930,CP12_end,   1,    0.0000000000E+00,    6.0802693591E+01,    6.0802693591E+01,    0.0000000000E+00,    0.0000000000E+00,    0.0000000000E+00,    6.0802693591E+01
     76300,      0.676930,CP0_start,   1,    0.0000000000E+00,    6.0879732773E+01,    6.0879732773E+01,    0.0000000000E+00,    0.0000000000E+00,    0.0000000000E+00,    6.0879732773E+01
     76300,      0.676930,CP1_after_deposition,   1,    0.0000000000E+00,    6.0879732773E+01,    6.0879732773E+01,    0.0000000000E+00,    0.0000000000E+00,    0.0000000000E+00,    6.0879732773E+01
     76300,      0.676930,CP2_after_erosion,   1,    0.0000000000E+00,    6.0879732773E+01,    6.0879732773E+01,    0.0000000000E+00,    0.0000000000E+00,    0.0000000000E+00,    6.0879732773E+01
     76300,      0.676930,CP3_after_update_bottom,   1,    0.0000000000E+00,    6.0879732773E+01,    6.0879732773E+01,    0.0000000000E+00,    0.0000000000E+00,    0.0000000000E+00,    6.0879732773E+01
     76300,      0.676930,CP4_after_advection,   1,    0.0000000000E+00,    6.0883376059E+01,    6.0883376059E+01,    0.0000000000E+00,    0.0000000000E+00,    0.0000000000E+00,    6.0883376059E+01
     76300,      0.676930,CP5_after_vdif,   1,    0.0000000000E+00,    6.0883376059E+01,    6.0883376059E+01,    0.0000000000E+00,    0.0000000000E+00,    0.0000000000E+00,    6.0883376059E+01
     76300,      0.676930,CP6_after_kinetics,   1,    0.0000000000E+00,    6.0883376059E+01,    6.0883376059E+01,    0.0000000000E+00,    0.0000000000E+00,    0.0000000000E+00,    6.0883376059E+01
     76300,      0.676930,CP7_after_upper_clamp,   1,    0.0000000000E+00,    6.0883376059E+01,    6.0883376059E+01,    0.0000000000E+00,    0.0000000000E+00,    0.0000000000E+00,    6.0883376059E+01
     76300,      0.676930,CP8_after_OBC,   1,    0.0000000000E+00,    6.0883376059E+01,    6.0883376059E+01,    0.0000000000E+00,    0.0000000000E+00,    0.0000000000E+00,    6.0883376059E+01
     76300,      0.676930,CP9_after_PTsource,   1,    0.0000000000E+00,    6.0883376059E+01,    6.0883376059E+01,    0.0000000000E+00,    0.0000000000E+00,    0.0000000000E+00,    6.0883376059E+01
     76300,      0.676930,CP10_after_neg_clamp,   1,    0.0000000000E+00,    6.0883376059E+01,    6.0883376059E+01,    0.0000000000E+00,    0.0000000000E+00,    0.0000000000E+00,    6.0883376059E+01
     76300,      0.676930,CP11_after_MPI,   1,    0.0000000000E+00,    6.0883376059E+01,    6.0883376059E+01,    0.0000000000E+00,    0.0000000000E+00,    0.0000000000E+00,    6.0883376059E+01
     76300,      0.676930,CP12_end,   1,    0.0000000000E+00,    6.0883376059E+01,    6.0883376059E+01,    0.0000000000E+00,    0.0000000000E+00,    0.0000000000E+00,    6.0883376059E+01
     76350,      0.676930,CP0_start,   1,    0.0000000000E+00,    6.0960815534E+01,    6.0960815534E+01,    0.0000000000E+00,    0.0000000000E+00,    0.0000000000E+00,    6.0960815534E+01
     76350,      0.676930,CP1_after_deposition,   1,    0.0000000000E+00,    6.0960815534E+01,    6.0960815534E+01,    0.0000000000E+00,    0.0000000000E+00,    0.0000000000E+00,    6.0960815534E+01
     76350,      0.676930,CP2_after_erosion,   1,    0.0000000000E+00,    6.0960815534E+01,    6.0960815534E+01,    0.0000000000E+00,    0.0000000000E+00,    0.0000000000E+00,    6.0960815534E+01
     76350,      0.676930,CP3_after_update_bottom,   1,    0.0000000000E+00,    6.0960815534E+01,    6.0960815534E+01,    0.0000000000E+00,    0.0000000000E+00,    0.0000000000E+00,    6.0960815534E+01
     76350,      0.676930,CP4_after_advection,   1,    0.0000000000E+00,    6.0964482567E+01,    6.0964482567E+01,    0.0000000000E+00,    0.0000000000E+00,    0.0000000000E+00,    6.0964482567E+01
     76350,      0.676930,CP5_after_vdif,   1,    0.0000000000E+00,    6.0964482567E+01,    6.0964482567E+01,    0.0000000000E+00,    0.0000000000E+00,    0.0000000000E+00,    6.0964482567E+01
     76350,      0.676930,CP6_after_kinetics,   1,    0.0000000000E+00,    6.0964482567E+01,    6.0964482567E+01,    0.0000000000E+00,    0.0000000000E+00,    0.0000000000E+00,    6.0964482567E+01
     76350,      0.676930,CP7_after_upper_clamp,   1,    0.0000000000E+00,    6.0964482567E+01,    6.0964482567E+01,    0.0000000000E+00,    0.0000000000E+00,    0.0000000000E+00,    6.0964482567E+01
     76350,      0.676930,CP8_after_OBC,   1,    0.0000000000E+00,    6.0964482567E+01,    6.0964482567E+01,    0.0000000000E+00,    0.0000000000E+00,    0.0000000000E+00,    6.0964482567E+01
     76350,      0.676930,CP9_after_PTsource,   1,    0.0000000000E+00,    6.0964482567E+01,    6.0964482567E+01,    0.0000000000E+00,    0.0000000000E+00,    0.0000000000E+00,    6.0964482567E+01
     76350,      0.676930,CP10_after_neg_clamp,   1,    0.0000000000E+00,    6.0964482567E+01,    6.0964482567E+01,    0.0000000000E+00,    0.0000000000E+00,    0.0000000000E+00,    6.0964482567E+01
     76350,      0.676930,CP11_after_MPI,   1,    0.0000000000E+00,    6.0964482567E+01,    6.0964482567E+01,    0.0000000000E+00,    0.0000000000E+00,    0.0000000000E+00,    6.0964482567E+01
     76350,      0.676930,CP12_end,   1,    0.0000000000E+00,    6.0964482567E+01,    6.0964482567E+01,    0.0000000000E+00,    0.0000000000E+00,    0.0000000000E+00,    6.0964482567E+01
     76400,      0.676930,CP0_start,   1,    0.0000000000E+00,    6.1042168739E+01,    6.1042168739E+01,    0.0000000000E+00,    0.0000000000E+00,    0.0000000000E+00,    6.1042168739E+01
     76400,      0.676930,CP1_after_deposition,   1,    0.0000000000E+00,    6.1042168739E+01,    6.1042168739E+01,    0.0000000000E+00,    0.0000000000E+00,    0.0000000000E+00,    6.1042168739E+01
     76400,      0.676930,CP2_after_erosion,   1,    0.0000000000E+00,    6.1042168739E+01,    6.1042168739E+01,    0.0000000000E+00,    0.0000000000E+00,    0.0000000000E+00,    6.1042168739E+01
     76400,      0.676930,CP3_after_update_bottom,   1,    0.0000000000E+00,    6.1042168739E+01,    6.1042168739E+01,    0.0000000000E+00,    0.0000000000E+00,    0.0000000000E+00,    6.1042168739E+01
     76400,      0.676930,CP4_after_advection,   1,    0.0000000000E+00,    6.1045856422E+01,    6.1045856422E+01,    0.0000000000E+00,    0.0000000000E+00,    0.0000000000E+00,    6.1045856422E+01
     76400,      0.676930,CP5_after_vdif,   1,    0.0000000000E+00,    6.1045856422E+01,    6.1045856422E+01,    0.0000000000E+00,    0.0000000000E+00,    0.0000000000E+00,    6.1045856422E+01
     76400,      0.676930,CP6_after_kinetics,   1,    0.0000000000E+00,    6.1045856422E+01,    6.1045856422E+01,    0.0000000000E+00,    0.0000000000E+00,    0.0000000000E+00,    6.1045856422E+01
     76400,      0.676930,CP7_after_upper_clamp,   1,    0.0000000000E+00,    6.1045856422E+01,    6.1045856422E+01,    0.0000000000E+00,    0.0000000000E+00,    0.0000000000E+00,    6.1045856422E+01
     76400,      0.676930,CP8_after_OBC,   1,    0.0000000000E+00,    6.1045856422E+01,    6.1045856422E+01,    0.0000000000E+00,    0.0000000000E+00,    0.0000000000E+00,    6.1045856422E+01
     76400,      0.676930,CP9_after_PTsource,   1,    0.0000000000E+00,    6.1045856422E+01,    6.1045856422E+01,    0.0000000000E+00,    0.0000000000E+00,    0.0000000000E+00,    6.1045856422E+01
     76400,      0.676930,CP10_after_neg_clamp,   1,    0.0000000000E+00,    6.1045856422E+01,    6.1045856422E+01,    0.0000000000E+00,    0.0000000000E+00,    0.0000000000E+00,    6.1045856422E+01
     76400,      0.676930,CP11_after_MPI,   1,    0.0000000000E+00,    6.1045856422E+01,    6.1045856422E+01,    0.0000000000E+00,    0.0000000000E+00,    0.0000000000E+00,    6.1045856422E+01
     76400,      0.676930,CP12_end,   1,    0.0000000000E+00,    6.1045856422E+01,    6.1045856422E+01,    0.0000000000E+00,    0.0000000000E+00,    0.0000000000E+00,    6.1045856422E+01
     76450,      0.676930,CP0_start,   1,    0.0000000000E+00,    6.1123671249E+01,    6.1123671249E+01,    0.0000000000E+00,    0.0000000000E+00,    0.0000000000E+00,    6.1123671249E+01
     76450,      0.676930,CP1_after_deposition,   1,    0.0000000000E+00,    6.1123671249E+01,    6.1123671249E+01,    0.0000000000E+00,    0.0000000000E+00,    0.0000000000E+00,    6.1123671249E+01
     76450,      0.676930,CP2_after_erosion,   1,    0.0000000000E+00,    6.1123671249E+01,    6.1123671249E+01,    0.0000000000E+00,    0.0000000000E+00,    0.0000000000E+00,    6.1123671249E+01
     76450,      0.676930,CP3_after_update_bottom,   1,    0.0000000000E+00,    6.1123671249E+01,    6.1123671249E+01,    0.0000000000E+00,    0.0000000000E+00,    0.0000000000E+00,    6.1123671249E+01
     76450,      0.676930,CP4_after_advection,   1,    0.0000000000E+00,    6.1127375840E+01,    6.1127375840E+01,    0.0000000000E+00,    0.0000000000E+00,    0.0000000000E+00,    6.1127375840E+01
     76450,      0.676930,CP5_after_vdif,   1,    0.0000000000E+00,    6.1127375840E+01,    6.1127375840E+01,    0.0000000000E+00,    0.0000000000E+00,    0.0000000000E+00,    6.1127375840E+01
     76450,      0.676930,CP6_after_kinetics,   1,    0.0000000000E+00,    6.1127375840E+01,    6.1127375840E+01,    0.0000000000E+00,    0.0000000000E+00,    0.0000000000E+00,    6.1127375840E+01
     76450,      0.676930,CP7_after_upper_clamp,   1,    0.0000000000E+00,    6.1127375840E+01,    6.1127375840E+01,    0.0000000000E+00,    0.0000000000E+00,    0.0000000000E+00,    6.1127375840E+01
     76450,      0.676930,CP8_after_OBC,   1,    0.0000000000E+00,    6.1127375840E+01,    6.1127375840E+01,    0.0000000000E+00,    0.0000000000E+00,    0.0000000000E+00,    6.1127375840E+01
     76450,      0.676930,CP9_after_PTsource,   1,    0.0000000000E+00,    6.1127375840E+01,    6.1127375840E+01,    0.0000000000E+00,    0.0000000000E+00,    0.0000000000E+00,    6.1127375840E+01
     76450,      0.676930,CP10_after_neg_clamp,   1,    0.0000000000E+00,    6.1127375840E+01,    6.1127375840E+01,    0.0000000000E+00,    0.0000000000E+00,    0.0000000000E+00,    6.1127375840E+01
     76450,      0.676930,CP11_after_MPI,   1,    0.0000000000E+00,    6.1127375840E+01,    6.1127375840E+01,    0.0000000000E+00,    0.0000000000E+00,    0.0000000000E+00,    6.1127375840E+01
     76450,      0.676930,CP12_end,   1,    0.0000000000E+00,    6.1127375840E+01,    6.1127375840E+01,    0.0000000000E+00,    0.0000000000E+00,    0.0000000000E+00,    6.1127375840E+01
     76500,      0.676930,CP0_start,   1,    0.0000000000E+00,    6.1205239583E+01,    6.1205239583E+01,    0.0000000000E+00,    0.0000000000E+00,    0.0000000000E+00,    6.1205239583E+01
     76500,      0.676930,CP1_after_deposition,   1,    0.0000000000E+00,    6.1205239583E+01,    6.1205239583E+01,    0.0000000000E+00,    0.0000000000E+00,    0.0000000000E+00,    6.1205239583E+01
     76500,      0.676930,CP2_after_erosion,   1,    0.0000000000E+00,    6.1205239583E+01,    6.1205239583E+01,    0.0000000000E+00,    0.0000000000E+00,    0.0000000000E+00,    6.1205239583E+01
     76500,      0.676930,CP3_after_update_bottom,   1,    0.0000000000E+00,    6.1205239583E+01,    6.1205239583E+01,    0.0000000000E+00,    0.0000000000E+00,    0.0000000000E+00,    6.1205239583E+01
     76500,      0.676930,CP4_after_advection,   1,    0.0000000000E+00,    6.1208958688E+01,    6.1208958688E+01,    0.0000000000E+00,    0.0000000000E+00,    0.0000000000E+00,    6.1208958688E+01
     76500,      0.676930,CP5_after_vdif,   1,    0.0000000000E+00,    6.1208958688E+01,    6.1208958688E+01,    0.0000000000E+00,    0.0000000000E+00,    0.0000000000E+00,    6.1208958688E+01
     76500,      0.676930,CP6_after_kinetics,   1,    0.0000000000E+00,    6.1208958688E+01,    6.1208958688E+01,    0.0000000000E+00,    0.0000000000E+00,    0.0000000000E+00,    6.1208958688E+01
     76500,      0.676930,CP7_after_upper_clamp,   1,    0.0000000000E+00,    6.1208958688E+01,    6.1208958688E+01,    0.0000000000E+00,    0.0000000000E+00,    0.0000000000E+00,    6.1208958688E+01
     76500,      0.676930,CP8_after_OBC,   1,    0.0000000000E+00,    6.1208958688E+01,    6.1208958688E+01,    0.0000000000E+00,    0.0000000000E+00,    0.0000000000E+00,    6.1208958688E+01
     76500,      0.676930,CP9_after_PTsource,   1,    0.0000000000E+00,    6.1208958688E+01,    6.1208958688E+01,    0.0000000000E+00,    0.0000000000E+00,    0.0000000000E+00,    6.1208958688E+01
     76500,      0.676930,CP10_after_neg_clamp,   1,    0.0000000000E+00,    6.1208958688E+01,    6.1208958688E+01,    0.0000000000E+00,    0.0000000000E+00,    0.0000000000E+00,    6.1208958688E+01
     76500,      0.676930,CP11_after_MPI,   1,    0.0000000000E+00,    6.1208958688E+01,    6.1208958688E+01,    0.0000000000E+00,    0.0000000000E+00,    0.0000000000E+00,    6.1208958688E+01
     76500,      0.676930,CP12_end,   1,    0.0000000000E+00,    6.1208958688E+01,    6.1208958688E+01,    0.0000000000E+00,    0.0000000000E+00,    0.0000000000E+00,    6.1208958688E+01
     76550,      0.676930,CP0_start,   1,    0.0000000000E+00,    6.1286393356E+01,    6.1286393356E+01,    0.0000000000E+00,    0.0000000000E+00,    0.0000000000E+00,    6.1286393356E+01
     76550,      0.676930,CP1_after_deposition,   1,    0.0000000000E+00,    6.1286393356E+01,    6.1286393356E+01,    0.0000000000E+00,    0.0000000000E+00,    0.0000000000E+00,    6.1286393356E+01
     76550,      0.676930,CP2_after_erosion,   1,    0.0000000000E+00,    6.1286393356E+01,    6.1286393356E+01,    0.0000000000E+00,    0.0000000000E+00,    0.0000000000E+00,    6.1286393356E+01
     76550,      0.676930,CP3_after_update_bottom,   1,    0.0000000000E+00,    6.1286393356E+01,    6.1286393356E+01,    0.0000000000E+00,    0.0000000000E+00,    0.0000000000E+00,    6.1286393356E+01
     76550,      0.676930,CP4_after_advection,   1,    0.0000000000E+00,    6.1290125118E+01,    6.1290125118E+01,    0.0000000000E+00,    0.0000000000E+00,    0.0000000000E+00,    6.1290125118E+01
     76550,      0.676930,CP5_after_vdif,   1,    0.0000000000E+00,    6.1290125118E+01,    6.1290125118E+01,    0.0000000000E+00,    0.0000000000E+00,    0.0000000000E+00,    6.1290125118E+01
     76550,      0.676930,CP6_after_kinetics,   1,    0.0000000000E+00,    6.1290125118E+01,    6.1290125118E+01,    0.0000000000E+00,    0.0000000000E+00,    0.0000000000E+00,    6.1290125118E+01
     76550,      0.676930,CP7_after_upper_clamp,   1,    0.0000000000E+00,    6.1290125118E+01,    6.1290125118E+01,    0.0000000000E+00,    0.0000000000E+00,    0.0000000000E+00,    6.1290125118E+01
     76550,      0.676930,CP8_after_OBC,   1,    0.0000000000E+00,    6.1290125118E+01,    6.1290125118E+01,    0.0000000000E+00,    0.0000000000E+00,    0.0000000000E+00,    6.1290125118E+01
     76550,      0.676930,CP9_after_PTsource,   1,    0.0000000000E+00,    6.1290125118E+01,    6.1290125118E+01,    0.0000000000E+00,    0.0000000000E+00,    0.0000000000E+00,    6.1290125118E+01
     76550,      0.676930,CP10_after_neg_clamp,   1,    0.0000000000E+00,    6.1290125118E+01,    6.1290125118E+01,    0.0000000000E+00,    0.0000000000E+00,    0.0000000000E+00,    6.1290125118E+01
     76550,      0.676930,CP11_after_MPI,   1,    0.0000000000E+00,    6.1290125118E+01,    6.1290125118E+01,    0.0000000000E+00,    0.0000000000E+00,    0.0000000000E+00,    6.1290125118E+01
     76550,      0.676930,CP12_end,   1,    0.0000000000E+00,    6.1290125118E+01,    6.1290125118E+01,    0.0000000000E+00,    0.0000000000E+00,    0.0000000000E+00,    6.1290125118E+01
     76600,      0.676930,CP0_start,   1,    0.0000000000E+00,    6.1367536256E+01,    6.1367536256E+01,    0.0000000000E+00,    0.0000000000E+00,    0.0000000000E+00,    6.1367536256E+01
     76600,      0.676930,CP1_after_deposition,   1,    0.0000000000E+00,    6.1367536256E+01,    6.1367536256E+01,    0.0000000000E+00,    0.0000000000E+00,    0.0000000000E+00,    6.1367536256E+01
     76600,      0.676930,CP2_after_erosion,   1,    0.0000000000E+00,    6.1367536256E+01,    6.1367536256E+01,    0.0000000000E+00,    0.0000000000E+00,    0.0000000000E+00,    6.1367536256E+01
     76600,      0.676930,CP3_after_update_bottom,   1,    0.0000000000E+00,    6.1367536256E+01,    6.1367536256E+01,    0.0000000000E+00,    0.0000000000E+00,    0.0000000000E+00,    6.1367536256E+01
     76600,      0.676930,CP4_after_advection,   1,    0.0000000000E+00,    6.1371279710E+01,    6.1371279710E+01,    0.0000000000E+00,    0.0000000000E+00,    0.0000000000E+00,    6.1371279710E+01
     76600,      0.676930,CP5_after_vdif,   1,    0.0000000000E+00,    6.1371279710E+01,    6.1371279710E+01,    0.0000000000E+00,    0.0000000000E+00,    0.0000000000E+00,    6.1371279710E+01
     76600,      0.676930,CP6_after_kinetics,   1,    0.0000000000E+00,    6.1371279710E+01,    6.1371279710E+01,    0.0000000000E+00,    0.0000000000E+00,    0.0000000000E+00,    6.1371279710E+01
     76600,      0.676930,CP7_after_upper_clamp,   1,    0.0000000000E+00,    6.1371279710E+01,    6.1371279710E+01,    0.0000000000E+00,    0.0000000000E+00,    0.0000000000E+00,    6.1371279710E+01
     76600,      0.676930,CP8_after_OBC,   1,    0.0000000000E+00,    6.1371279710E+01,    6.1371279710E+01,    0.0000000000E+00,    0.0000000000E+00,    0.0000000000E+00,    6.1371279710E+01
     76600,      0.676930,CP9_after_PTsource,   1,    0.0000000000E+00,    6.1371279710E+01,    6.1371279710E+01,    0.0000000000E+00,    0.0000000000E+00,    0.0000000000E+00,    6.1371279710E+01
     76600,      0.676930,CP10_after_neg_clamp,   1,    0.0000000000E+00,    6.1371279710E+01,    6.1371279710E+01,    0.0000000000E+00,    0.0000000000E+00,    0.0000000000E+00,    6.1371279710E+01
     76600,      0.676930,CP11_after_MPI,   1,    0.0000000000E+00,    6.1371279710E+01,    6.1371279710E+01,    0.0000000000E+00,    0.0000000000E+00,    0.0000000000E+00,    6.1371279710E+01
     76600,      0.676930,CP12_end,   1,    0.0000000000E+00,    6.1371279710E+01,    6.1371279710E+01,    0.0000000000E+00,    0.0000000000E+00,    0.0000000000E+00,    6.1371279710E+01
     76650,      0.676930,CP0_start,   1,    0.0000000000E+00,    6.1448606049E+01,    6.1448606049E+01,    0.0000000000E+00,    0.0000000000E+00,    0.0000000000E+00,    6.1448606049E+01
     76650,      0.676930,CP1_after_deposition,   1,    0.0000000000E+00,    6.1448606049E+01,    6.1448606049E+01,    0.0000000000E+00,    0.0000000000E+00,    0.0000000000E+00,    6.1448606049E+01
     76650,      0.676930,CP2_after_erosion,   1,    0.0000000000E+00,    6.1448606049E+01,    6.1448606049E+01,    0.0000000000E+00,    0.0000000000E+00,    0.0000000000E+00,    6.1448606049E+01
     76650,      0.676930,CP3_after_update_bottom,   1,    0.0000000000E+00,    6.1448606049E+01,    6.1448606049E+01,    0.0000000000E+00,    0.0000000000E+00,    0.0000000000E+00,    6.1448606049E+01
     76650,      0.676930,CP4_after_advection,   1,    0.0000000000E+00,    6.1452357728E+01,    6.1452357728E+01,    0.0000000000E+00,    0.0000000000E+00,    0.0000000000E+00,    6.1452357728E+01
     76650,      0.676930,CP5_after_vdif,   1,    0.0000000000E+00,    6.1452357728E+01,    6.1452357728E+01,    0.0000000000E+00,    0.0000000000E+00,    0.0000000000E+00,    6.1452357728E+01
     76650,      0.676930,CP6_after_kinetics,   1,    0.0000000000E+00,    6.1452357728E+01,    6.1452357728E+01,    0.0000000000E+00,    0.0000000000E+00,    0.0000000000E+00,    6.1452357728E+01
     76650,      0.676930,CP7_after_upper_clamp,   1,    0.0000000000E+00,    6.1452357728E+01,    6.1452357728E+01,    0.0000000000E+00,    0.0000000000E+00,    0.0000000000E+00,    6.1452357728E+01
     76650,      0.676930,CP8_after_OBC,   1,    0.0000000000E+00,    6.1452357728E+01,    6.1452357728E+01,    0.0000000000E+00,    0.0000000000E+00,    0.0000000000E+00,    6.1452357728E+01
     76650,      0.676930,CP9_after_PTsource,   1,    0.0000000000E+00,    6.1452357728E+01,    6.1452357728E+01,    0.0000000000E+00,    0.0000000000E+00,    0.0000000000E+00,    6.1452357728E+01
     76650,      0.676930,CP10_after_neg_clamp,   1,    0.0000000000E+00,    6.1452357728E+01,    6.1452357728E+01,    0.0000000000E+00,    0.0000000000E+00,    0.0000000000E+00,    6.1452357728E+01
     76650,      0.676930,CP11_after_MPI,   1,    0.0000000000E+00,    6.1452357728E+01,    6.1452357728E+01,    0.0000000000E+00,    0.0000000000E+00,    0.0000000000E+00,    6.1452357728E+01
     76650,      0.676930,CP12_end,   1,    0.0000000000E+00,    6.1452357728E+01,    6.1452357728E+01,    0.0000000000E+00,    0.0000000000E+00,    0.0000000000E+00,    6.1452357728E+01
     76700,      0.676930,CP0_start,   1,    0.0000000000E+00,    6.1529570034E+01,    6.1529570034E+01,    0.0000000000E+00,    0.0000000000E+00,    0.0000000000E+00,    6.1529570034E+01
     76700,      0.676930,CP1_after_deposition,   1,    0.0000000000E+00,    6.1529570034E+01,    6.1529570034E+01,    0.0000000000E+00,    0.0000000000E+00,    0.0000000000E+00,    6.1529570034E+01
     76700,      0.676930,CP2_after_erosion,   1,    0.0000000000E+00,    6.1529570034E+01,    6.1529570034E+01,    0.0000000000E+00,    0.0000000000E+00,    0.0000000000E+00,    6.1529570034E+01
     76700,      0.676930,CP3_after_update_bottom,   1,    0.0000000000E+00,    6.1529570034E+01,    6.1529570034E+01,    0.0000000000E+00,    0.0000000000E+00,    0.0000000000E+00,    6.1529570034E+01
     76700,      0.676930,CP4_after_advection,   1,    0.0000000000E+00,    6.1533327083E+01,    6.1533327083E+01,    0.0000000000E+00,    0.0000000000E+00,    0.0000000000E+00,    6.1533327083E+01
     76700,      0.676930,CP5_after_vdif,   1,    0.0000000000E+00,    6.1533327083E+01,    6.1533327083E+01,    0.0000000000E+00,    0.0000000000E+00,    0.0000000000E+00,    6.1533327083E+01
     76700,      0.676930,CP6_after_kinetics,   1,    0.0000000000E+00,    6.1533327083E+01,    6.1533327083E+01,    0.0000000000E+00,    0.0000000000E+00,    0.0000000000E+00,    6.1533327083E+01
     76700,      0.676930,CP7_after_upper_clamp,   1,    0.0000000000E+00,    6.1533327083E+01,    6.1533327083E+01,    0.0000000000E+00,    0.0000000000E+00,    0.0000000000E+00,    6.1533327083E+01
     76700,      0.676930,CP8_after_OBC,   1,    0.0000000000E+00,    6.1533327083E+01,    6.1533327083E+01,    0.0000000000E+00,    0.0000000000E+00,    0.0000000000E+00,    6.1533327083E+01
     76700,      0.676930,CP9_after_PTsource,   1,    0.0000000000E+00,    6.1533327083E+01,    6.1533327083E+01,    0.0000000000E+00,    0.0000000000E+00,    0.0000000000E+00,    6.1533327083E+01
     76700,      0.676930,CP10_after_neg_clamp,   1,    0.0000000000E+00,    6.1533327083E+01,    6.1533327083E+01,    0.0000000000E+00,    0.0000000000E+00,    0.0000000000E+00,    6.1533327083E+01
     76700,      0.676930,CP11_after_MPI,   1,    0.0000000000E+00,    6.1533327083E+01,    6.1533327083E+01,    0.0000000000E+00,    0.0000000000E+00,    0.0000000000E+00,    6.1533327083E+01
     76700,      0.676930,CP12_end,   1,    0.0000000000E+00,    6.1533327083E+01,    6.1533327083E+01,    0.0000000000E+00,    0.0000000000E+00,    0.0000000000E+00,    6.1533327083E+01
     76750,      0.676930,CP0_start,   1,    0.0000000000E+00,    6.1610297144E+01,    6.1610297144E+01,    0.0000000000E+00,    0.0000000000E+00,    0.0000000000E+00,    6.1610297144E+01
     76750,      0.676930,CP1_after_deposition,   1,    0.0000000000E+00,    6.1610297144E+01,    6.1610297144E+01,    0.0000000000E+00,    0.0000000000E+00,    0.0000000000E+00,    6.1610297144E+01
     76750,      0.676930,CP2_after_erosion,   1,    0.0000000000E+00,    6.1610297144E+01,    6.1610297144E+01,    0.0000000000E+00,    0.0000000000E+00,    0.0000000000E+00,    6.1610297144E+01
     76750,      0.676930,CP3_after_update_bottom,   1,    0.0000000000E+00,    6.1610297144E+01,    6.1610297144E+01,    0.0000000000E+00,    0.0000000000E+00,    0.0000000000E+00,    6.1610297144E+01
     76750,      0.676930,CP4_after_advection,   1,    0.0000000000E+00,    6.1614056748E+01,    6.1614056748E+01,    0.0000000000E+00,    0.0000000000E+00,    0.0000000000E+00,    6.1614056748E+01
     76750,      0.676930,CP5_after_vdif,   1,    0.0000000000E+00,    6.1614056748E+01,    6.1614056748E+01,    0.0000000000E+00,    0.0000000000E+00,    0.0000000000E+00,    6.1614056748E+01
     76750,      0.676930,CP6_after_kinetics,   1,    0.0000000000E+00,    6.1614056748E+01,    6.1614056748E+01,    0.0000000000E+00,    0.0000000000E+00,    0.0000000000E+00,    6.1614056748E+01
     76750,      0.676930,CP7_after_upper_clamp,   1,    0.0000000000E+00,    6.1614056748E+01,    6.1614056748E+01,    0.0000000000E+00,    0.0000000000E+00,    0.0000000000E+00,    6.1614056748E+01
     76750,      0.676930,CP8_after_OBC,   1,    0.0000000000E+00,    6.1614056748E+01,    6.1614056748E+01,    0.0000000000E+00,    0.0000000000E+00,    0.0000000000E+00,    6.1614056748E+01
     76750,      0.676930,CP9_after_PTsource,   1,    0.0000000000E+00,    6.1614056748E+01,    6.1614056748E+01,    0.0000000000E+00,    0.0000000000E+00,    0.0000000000E+00,    6.1614056748E+01
     76750,      0.676930,CP10_after_neg_clamp,   1,    0.0000000000E+00,    6.1614056748E+01,    6.1614056748E+01,    0.0000000000E+00,    0.0000000000E+00,    0.0000000000E+00,    6.1614056748E+01
     76750,      0.676930,CP11_after_MPI,   1,    0.0000000000E+00,    6.1614056748E+01,    6.1614056748E+01,    0.0000000000E+00,    0.0000000000E+00,    0.0000000000E+00,    6.1614056748E+01
     76750,      0.676930,CP12_end,   1,    0.0000000000E+00,    6.1614056748E+01,    6.1614056748E+01,    0.0000000000E+00,    0.0000000000E+00,    0.0000000000E+00,    6.1614056748E+01
     76800,      0.676930,CP0_start,   1,    0.0000000000E+00,    6.1690643882E+01,    6.1690643882E+01,    0.0000000000E+00,    0.0000000000E+00,    0.0000000000E+00,    6.1690643882E+01
     76800,      0.676930,CP1_after_deposition,   1,    0.0000000000E+00,    6.1690643882E+01,    6.1690643882E+01,    0.0000000000E+00,    0.0000000000E+00,    0.0000000000E+00,    6.1690643882E+01
     76800,      0.676930,CP2_after_erosion,   1,    0.0000000000E+00,    6.1690643882E+01,    6.1690643882E+01,    0.0000000000E+00,    0.0000000000E+00,    0.0000000000E+00,    6.1690643882E+01
     76800,      0.676930,CP3_after_update_bottom,   1,    0.0000000000E+00,    6.1690643882E+01,    6.1690643882E+01,    0.0000000000E+00,    0.0000000000E+00,    0.0000000000E+00,    6.1690643882E+01
     76800,      0.676930,CP4_after_advection,   1,    0.0000000000E+00,    6.1694401706E+01,    6.1694401706E+01,    0.0000000000E+00,    0.0000000000E+00,    0.0000000000E+00,    6.1694401706E+01
     76800,      0.676930,CP5_after_vdif,   1,    0.0000000000E+00,    6.1694401706E+01,    6.1694401706E+01,    0.0000000000E+00,    0.0000000000E+00,    0.0000000000E+00,    6.1694401706E+01
     76800,      0.676930,CP6_after_kinetics,   1,    0.0000000000E+00,    6.1694401706E+01,    6.1694401706E+01,    0.0000000000E+00,    0.0000000000E+00,    0.0000000000E+00,    6.1694401706E+01
     76800,      0.676930,CP7_after_upper_clamp,   1,    0.0000000000E+00,    6.1694401706E+01,    6.1694401706E+01,    0.0000000000E+00,    0.0000000000E+00,    0.0000000000E+00,    6.1694401706E+01
     76800,      0.676930,CP8_after_OBC,   1,    0.0000000000E+00,    6.1694401706E+01,    6.1694401706E+01,    0.0000000000E+00,    0.0000000000E+00,    0.0000000000E+00,    6.1694401706E+01
     76800,      0.676930,CP9_after_PTsource,   1,    0.0000000000E+00,    6.1694401706E+01,    6.1694401706E+01,    0.0000000000E+00,    0.0000000000E+00,    0.0000000000E+00,    6.1694401706E+01
     76800,      0.676930,CP10_after_neg_clamp,   1,    0.0000000000E+00,    6.1694401706E+01,    6.1694401706E+01,    0.0000000000E+00,    0.0000000000E+00,    0.0000000000E+00,    6.1694401706E+01
     76800,      0.676930,CP11_after_MPI,   1,    0.0000000000E+00,    6.1694401706E+01,    6.1694401706E+01,    0.0000000000E+00,    0.0000000000E+00,    0.0000000000E+00,    6.1694401706E+01
     76800,      0.676930,CP12_end,   1,    0.0000000000E+00,    6.1694401706E+01,    6.1694401706E+01,    0.0000000000E+00,    0.0000000000E+00,    0.0000000000E+00,    6.1694401706E+01
     76850,      0.676930,CP0_start,   1,    0.0000000000E+00,    6.1770514594E+01,    6.1770514594E+01,    0.0000000000E+00,    0.0000000000E+00,    0.0000000000E+00,    6.1770514594E+01
     76850,      0.676930,CP1_after_deposition,   1,    0.0000000000E+00,    6.1770514594E+01,    6.1770514594E+01,    0.0000000000E+00,    0.0000000000E+00,    0.0000000000E+00,    6.1770514594E+01
     76850,      0.676930,CP2_after_erosion,   1,    0.0000000000E+00,    6.1770514594E+01,    6.1770514594E+01,    0.0000000000E+00,    0.0000000000E+00,    0.0000000000E+00,    6.1770514594E+01
     76850,      0.676930,CP3_after_update_bottom,   1,    0.0000000000E+00,    6.1770514594E+01,    6.1770514594E+01,    0.0000000000E+00,    0.0000000000E+00,    0.0000000000E+00,    6.1770514594E+01
     76850,      0.676930,CP4_after_advection,   1,    0.0000000000E+00,    6.1774267917E+01,    6.1774267917E+01,    0.0000000000E+00,    0.0000000000E+00,    0.0000000000E+00,    6.1774267917E+01
     76850,      0.676930,CP5_after_vdif,   1,    0.0000000000E+00,    6.1774267917E+01,    6.1774267917E+01,    0.0000000000E+00,    0.0000000000E+00,    0.0000000000E+00,    6.1774267917E+01
     76850,      0.676930,CP6_after_kinetics,   1,    0.0000000000E+00,    6.1774267917E+01,    6.1774267917E+01,    0.0000000000E+00,    0.0000000000E+00,    0.0000000000E+00,    6.1774267917E+01
     76850,      0.676930,CP7_after_upper_clamp,   1,    0.0000000000E+00,    6.1774267917E+01,    6.1774267917E+01,    0.0000000000E+00,    0.0000000000E+00,    0.0000000000E+00,    6.1774267917E+01
     76850,      0.676930,CP8_after_OBC,   1,    0.0000000000E+00,    6.1774267917E+01,    6.1774267917E+01,    0.0000000000E+00,    0.0000000000E+00,    0.0000000000E+00,    6.1774267917E+01
     76850,      0.676930,CP9_after_PTsource,   1,    0.0000000000E+00,    6.1774267917E+01,    6.1774267917E+01,    0.0000000000E+00,    0.0000000000E+00,    0.0000000000E+00,    6.1774267917E+01
     76850,      0.676930,CP10_after_neg_clamp,   1,    0.0000000000E+00,    6.1774267917E+01,    6.1774267917E+01,    0.0000000000E+00,    0.0000000000E+00,    0.0000000000E+00,    6.1774267917E+01
     76850,      0.676930,CP11_after_MPI,   1,    0.0000000000E+00,    6.1774267917E+01,    6.1774267917E+01,    0.0000000000E+00,    0.0000000000E+00,    0.0000000000E+00,    6.1774267917E+01
     76850,      0.676930,CP12_end,   1,    0.0000000000E+00,    6.1774267917E+01,    6.1774267917E+01,    0.0000000000E+00,    0.0000000000E+00,    0.0000000000E+00,    6.1774267917E+01
     76900,      0.676930,CP0_start,   1,    0.0000000000E+00,    6.1849867856E+01,    6.1849867856E+01,    0.0000000000E+00,    0.0000000000E+00,    0.0000000000E+00,    6.1849867856E+01
     76900,      0.676930,CP1_after_deposition,   1,    0.0000000000E+00,    6.1849867856E+01,    6.1849867856E+01,    0.0000000000E+00,    0.0000000000E+00,    0.0000000000E+00,    6.1849867856E+01
     76900,      0.676930,CP2_after_erosion,   1,    0.0000000000E+00,    6.1849867856E+01,    6.1849867856E+01,    0.0000000000E+00,    0.0000000000E+00,    0.0000000000E+00,    6.1849867856E+01
     76900,      0.676930,CP3_after_update_bottom,   1,    0.0000000000E+00,    6.1849867856E+01,    6.1849867856E+01,    0.0000000000E+00,    0.0000000000E+00,    0.0000000000E+00,    6.1849867856E+01
     76900,      0.676930,CP4_after_advection,   1,    0.0000000000E+00,    6.1853617048E+01,    6.1853617048E+01,    0.0000000000E+00,    0.0000000000E+00,    0.0000000000E+00,    6.1853617048E+01
     76900,      0.676930,CP5_after_vdif,   1,    0.0000000000E+00,    6.1853617048E+01,    6.1853617048E+01,    0.0000000000E+00,    0.0000000000E+00,    0.0000000000E+00,    6.1853617048E+01
     76900,      0.676930,CP6_after_kinetics,   1,    0.0000000000E+00,    6.1853617048E+01,    6.1853617048E+01,    0.0000000000E+00,    0.0000000000E+00,    0.0000000000E+00,    6.1853617048E+01
     76900,      0.676930,CP7_after_upper_clamp,   1,    0.0000000000E+00,    6.1853617048E+01,    6.1853617048E+01,    0.0000000000E+00,    0.0000000000E+00,    0.0000000000E+00,    6.1853617048E+01
     76900,      0.676930,CP8_after_OBC,   1,    0.0000000000E+00,    6.1853617048E+01,    6.1853617048E+01,    0.0000000000E+00,    0.0000000000E+00,    0.0000000000E+00,    6.1853617048E+01
     76900,      0.676930,CP9_after_PTsource,   1,    0.0000000000E+00,    6.1853617048E+01,    6.1853617048E+01,    0.0000000000E+00,    0.0000000000E+00,    0.0000000000E+00,    6.1853617048E+01
     76900,      0.676930,CP10_after_neg_clamp,   1,    0.0000000000E+00,    6.1853617048E+01,    6.1853617048E+01,    0.0000000000E+00,    0.0000000000E+00,    0.0000000000E+00,    6.1853617048E+01
     76900,      0.676930,CP11_after_MPI,   1,    0.0000000000E+00,    6.1853617048E+01,    6.1853617048E+01,    0.0000000000E+00,    0.0000000000E+00,    0.0000000000E+00,    6.1853617048E+01
     76900,      0.676930,CP12_end,   1,    0.0000000000E+00,    6.1853617048E+01,    6.1853617048E+01,    0.0000000000E+00,    0.0000000000E+00,    0.0000000000E+00,    6.1853617048E+01
     76950,      0.676930,CP0_start,   1,    0.0000000000E+00,    6.1928673389E+01,    6.1928673389E+01,    0.0000000000E+00,    0.0000000000E+00,    0.0000000000E+00,    6.1928673389E+01
     76950,      0.676930,CP1_after_deposition,   1,    0.0000000000E+00,    6.1928673389E+01,    6.1928673389E+01,    0.0000000000E+00,    0.0000000000E+00,    0.0000000000E+00,    6.1928673389E+01
     76950,      0.676930,CP2_after_erosion,   1,    0.0000000000E+00,    6.1928673389E+01,    6.1928673389E+01,    0.0000000000E+00,    0.0000000000E+00,    0.0000000000E+00,    6.1928673389E+01
     76950,      0.676930,CP3_after_update_bottom,   1,    0.0000000000E+00,    6.1928673389E+01,    6.1928673389E+01,    0.0000000000E+00,    0.0000000000E+00,    0.0000000000E+00,    6.1928673389E+01
     76950,      0.676930,CP4_after_advection,   1,    0.0000000000E+00,    6.1932415615E+01,    6.1932415615E+01,    0.0000000000E+00,    0.0000000000E+00,    0.0000000000E+00,    6.1932415615E+01
     76950,      0.676930,CP5_after_vdif,   1,    0.0000000000E+00,    6.1932415615E+01,    6.1932415615E+01,    0.0000000000E+00,    0.0000000000E+00,    0.0000000000E+00,    6.1932415615E+01
     76950,      0.676930,CP6_after_kinetics,   1,    0.0000000000E+00,    6.1932415615E+01,    6.1932415615E+01,    0.0000000000E+00,    0.0000000000E+00,    0.0000000000E+00,    6.1932415615E+01
     76950,      0.676930,CP7_after_upper_clamp,   1,    0.0000000000E+00,    6.1932415615E+01,    6.1932415615E+01,    0.0000000000E+00,    0.0000000000E+00,    0.0000000000E+00,    6.1932415615E+01
     76950,      0.676930,CP8_after_OBC,   1,    0.0000000000E+00,    6.1932415615E+01,    6.1932415615E+01,    0.0000000000E+00,    0.0000000000E+00,    0.0000000000E+00,    6.1932415615E+01
     76950,      0.676930,CP9_after_PTsource,   1,    0.0000000000E+00,    6.1932415615E+01,    6.1932415615E+01,    0.0000000000E+00,    0.0000000000E+00,    0.0000000000E+00,    6.1932415615E+01
     76950,      0.676930,CP10_after_neg_clamp,   1,    0.0000000000E+00,    6.1932415615E+01,    6.1932415615E+01,    0.0000000000E+00,    0.0000000000E+00,    0.0000000000E+00,    6.1932415615E+01
     76950,      0.676930,CP11_after_MPI,   1,    0.0000000000E+00,    6.1932415615E+01,    6.1932415615E+01,    0.0000000000E+00,    0.0000000000E+00,    0.0000000000E+00,    6.1932415615E+01
     76950,      0.676930,CP12_end,   1,    0.0000000000E+00,    6.1932415615E+01,    6.1932415615E+01,    0.0000000000E+00,    0.0000000000E+00,    0.0000000000E+00,    6.1932415615E+01
     77000,      0.676930,CP0_start,   1,    0.0000000000E+00,    6.2006936436E+01,    6.2006936436E+01,    0.0000000000E+00,    0.0000000000E+00,    0.0000000000E+00,    6.2006936436E+01
     77000,      0.676930,CP1_after_deposition,   1,    0.0000000000E+00,    6.2006936436E+01,    6.2006936436E+01,    0.0000000000E+00,    0.0000000000E+00,    0.0000000000E+00,    6.2006936436E+01
     77000,      0.676930,CP2_after_erosion,   1,    0.0000000000E+00,    6.2006936436E+01,    6.2006936436E+01,    0.0000000000E+00,    0.0000000000E+00,    0.0000000000E+00,    6.2006936436E+01
     77000,      0.676930,CP3_after_update_bottom,   1,    0.0000000000E+00,    6.2006936436E+01,    6.2006936436E+01,    0.0000000000E+00,    0.0000000000E+00,    0.0000000000E+00,    6.2006936436E+01
     77000,      0.676930,CP4_after_advection,   1,    0.0000000000E+00,    6.2010671003E+01,    6.2010671003E+01,    0.0000000000E+00,    0.0000000000E+00,    0.0000000000E+00,    6.2010671003E+01
     77000,      0.676930,CP5_after_vdif,   1,    0.0000000000E+00,    6.2010671003E+01,    6.2010671003E+01,    0.0000000000E+00,    0.0000000000E+00,    0.0000000000E+00,    6.2010671003E+01
     77000,      0.676930,CP6_after_kinetics,   1,    0.0000000000E+00,    6.2010671003E+01,    6.2010671003E+01,    0.0000000000E+00,    0.0000000000E+00,    0.0000000000E+00,    6.2010671003E+01
     77000,      0.676930,CP7_after_upper_clamp,   1,    0.0000000000E+00,    6.2010671003E+01,    6.2010671003E+01,    0.0000000000E+00,    0.0000000000E+00,    0.0000000000E+00,    6.2010671003E+01
     77000,      0.676930,CP8_after_OBC,   1,    0.0000000000E+00,    6.2010671003E+01,    6.2010671003E+01,    0.0000000000E+00,    0.0000000000E+00,    0.0000000000E+00,    6.2010671003E+01
     77000,      0.676930,CP9_after_PTsource,   1,    0.0000000000E+00,    6.2010671003E+01,    6.2010671003E+01,    0.0000000000E+00,    0.0000000000E+00,    0.0000000000E+00,    6.2010671003E+01
     77000,      0.676930,CP10_after_neg_clamp,   1,    0.0000000000E+00,    6.2010671003E+01,    6.2010671003E+01,    0.0000000000E+00,    0.0000000000E+00,    0.0000000000E+00,    6.2010671003E+01
     77000,      0.676930,CP11_after_MPI,   1,    0.0000000000E+00,    6.2010671003E+01,    6.2010671003E+01,    0.0000000000E+00,    0.0000000000E+00,    0.0000000000E+00,    6.2010671003E+01
     77000,      0.676930,CP12_end,   1,    0.0000000000E+00,    6.2010671003E+01,    6.2010671003E+01,    0.0000000000E+00,    0.0000000000E+00,    0.0000000000E+00,    6.2010671003E+01
     77050,      0.676930,CP0_start,   1,    0.0000000000E+00,    6.2084734906E+01,    6.2084734906E+01,    0.0000000000E+00,    0.0000000000E+00,    0.0000000000E+00,    6.2084734906E+01
     77050,      0.676930,CP1_after_deposition,   1,    0.0000000000E+00,    6.2084734906E+01,    6.2084734906E+01,    0.0000000000E+00,    0.0000000000E+00,    0.0000000000E+00,    6.2084734906E+01
     77050,      0.676930,CP2_after_erosion,   1,    0.0000000000E+00,    6.2084734906E+01,    6.2084734906E+01,    0.0000000000E+00,    0.0000000000E+00,    0.0000000000E+00,    6.2084734906E+01
     77050,      0.676930,CP3_after_update_bottom,   1,    0.0000000000E+00,    6.2084734906E+01,    6.2084734906E+01,    0.0000000000E+00,    0.0000000000E+00,    0.0000000000E+00,    6.2084734906E+01
     77050,      0.676930,CP4_after_advection,   1,    0.0000000000E+00,    6.2088464697E+01,    6.2088464697E+01,    0.0000000000E+00,    0.0000000000E+00,    0.0000000000E+00,    6.2088464697E+01
     77050,      0.676930,CP5_after_vdif,   1,    0.0000000000E+00,    6.2088464697E+01,    6.2088464697E+01,    0.0000000000E+00,    0.0000000000E+00,    0.0000000000E+00,    6.2088464697E+01
     77050,      0.676930,CP6_after_kinetics,   1,    0.0000000000E+00,    6.2088464697E+01,    6.2088464697E+01,    0.0000000000E+00,    0.0000000000E+00,    0.0000000000E+00,    6.2088464697E+01
     77050,      0.676930,CP7_after_upper_clamp,   1,    0.0000000000E+00,    6.2088464697E+01,    6.2088464697E+01,    0.0000000000E+00,    0.0000000000E+00,    0.0000000000E+00,    6.2088464697E+01
     77050,      0.676930,CP8_after_OBC,   1,    0.0000000000E+00,    6.2088464697E+01,    6.2088464697E+01,    0.0000000000E+00,    0.0000000000E+00,    0.0000000000E+00,    6.2088464697E+01
     77050,      0.676930,CP9_after_PTsource,   1,    0.0000000000E+00,    6.2088464697E+01,    6.2088464697E+01,    0.0000000000E+00,    0.0000000000E+00,    0.0000000000E+00,    6.2088464697E+01
     77050,      0.676930,CP10_after_neg_clamp,   1,    0.0000000000E+00,    6.2088464697E+01,    6.2088464697E+01,    0.0000000000E+00,    0.0000000000E+00,    0.0000000000E+00,    6.2088464697E+01
     77050,      0.676930,CP11_after_MPI,   1,    0.0000000000E+00,    6.2088464697E+01,    6.2088464697E+01,    0.0000000000E+00,    0.0000000000E+00,    0.0000000000E+00,    6.2088464697E+01
     77050,      0.676930,CP12_end,   1,    0.0000000000E+00,    6.2088464697E+01,    6.2088464697E+01,    0.0000000000E+00,    0.0000000000E+00,    0.0000000000E+00,    6.2088464697E+01
     77100,      0.676930,CP0_start,   1,    0.0000000000E+00,    6.2162161462E+01,    6.2162161462E+01,    0.0000000000E+00,    0.0000000000E+00,    0.0000000000E+00,    6.2162161462E+01
     77100,      0.676930,CP1_after_deposition,   1,    0.0000000000E+00,    6.2162161462E+01,    6.2162161462E+01,    0.0000000000E+00,    0.0000000000E+00,    0.0000000000E+00,    6.2162161462E+01
     77100,      0.676930,CP2_after_erosion,   1,    0.0000000000E+00,    6.2162161462E+01,    6.2162161462E+01,    0.0000000000E+00,    0.0000000000E+00,    0.0000000000E+00,    6.2162161462E+01
     77100,      0.676930,CP3_after_update_bottom,   1,    0.0000000000E+00,    6.2162161462E+01,    6.2162161462E+01,    0.0000000000E+00,    0.0000000000E+00,    0.0000000000E+00,    6.2162161462E+01
     77100,      0.676930,CP4_after_advection,   1,    0.0000000000E+00,    6.2165884455E+01,    6.2165884455E+01,    0.0000000000E+00,    0.0000000000E+00,    0.0000000000E+00,    6.2165884455E+01
     77100,      0.676930,CP5_after_vdif,   1,    0.0000000000E+00,    6.2165884455E+01,    6.2165884455E+01,    0.0000000000E+00,    0.0000000000E+00,    0.0000000000E+00,    6.2165884455E+01
     77100,      0.676930,CP6_after_kinetics,   1,    0.0000000000E+00,    6.2165884455E+01,    6.2165884455E+01,    0.0000000000E+00,    0.0000000000E+00,    0.0000000000E+00,    6.2165884455E+01
     77100,      0.676930,CP7_after_upper_clamp,   1,    0.0000000000E+00,    6.2165884455E+01,    6.2165884455E+01,    0.0000000000E+00,    0.0000000000E+00,    0.0000000000E+00,    6.2165884455E+01
     77100,      0.676930,CP8_after_OBC,   1,    0.0000000000E+00,    6.2165884455E+01,    6.2165884455E+01,    0.0000000000E+00,    0.0000000000E+00,    0.0000000000E+00,    6.2165884455E+01
     77100,      0.676930,CP9_after_PTsource,   1,    0.0000000000E+00,    6.2165884455E+01,    6.2165884455E+01,    0.0000000000E+00,    0.0000000000E+00,    0.0000000000E+00,    6.2165884455E+01
     77100,      0.676930,CP10_after_neg_clamp,   1,    0.0000000000E+00,    6.2165884455E+01,    6.2165884455E+01,    0.0000000000E+00,    0.0000000000E+00,    0.0000000000E+00,    6.2165884455E+01
     77100,      0.676930,CP11_after_MPI,   1,    0.0000000000E+00,    6.2165884455E+01,    6.2165884455E+01,    0.0000000000E+00,    0.0000000000E+00,    0.0000000000E+00,    6.2165884455E+01
     77100,      0.676930,CP12_end,   1,    0.0000000000E+00,    6.2165884455E+01,    6.2165884455E+01,    0.0000000000E+00,    0.0000000000E+00,    0.0000000000E+00,    6.2165884455E+01
     77150,      0.676930,CP0_start,   1,    0.0000000000E+00,    6.2239260935E+01,    6.2239260935E+01,    0.0000000000E+00,    0.0000000000E+00,    0.0000000000E+00,    6.2239260935E+01
     77150,      0.676930,CP1_after_deposition,   1,    0.0000000000E+00,    6.2239260935E+01,    6.2239260935E+01,    0.0000000000E+00,    0.0000000000E+00,    0.0000000000E+00,    6.2239260935E+01
     77150,      0.676930,CP2_after_erosion,   1,    0.0000000000E+00,    6.2239260935E+01,    6.2239260935E+01,    0.0000000000E+00,    0.0000000000E+00,    0.0000000000E+00,    6.2239260935E+01
     77150,      0.676930,CP3_after_update_bottom,   1,    0.0000000000E+00,    6.2239260935E+01,    6.2239260935E+01,    0.0000000000E+00,    0.0000000000E+00,    0.0000000000E+00,    6.2239260935E+01
     77150,      0.676930,CP4_after_advection,   1,    0.0000000000E+00,    6.2242977836E+01,    6.2242977836E+01,    0.0000000000E+00,    0.0000000000E+00,    0.0000000000E+00,    6.2242977836E+01
     77150,      0.676930,CP5_after_vdif,   1,    0.0000000000E+00,    6.2242977836E+01,    6.2242977836E+01,    0.0000000000E+00,    0.0000000000E+00,    0.0000000000E+00,    6.2242977836E+01
     77150,      0.676930,CP6_after_kinetics,   1,    0.0000000000E+00,    6.2242977836E+01,    6.2242977836E+01,    0.0000000000E+00,    0.0000000000E+00,    0.0000000000E+00,    6.2242977836E+01
     77150,      0.676930,CP7_after_upper_clamp,   1,    0.0000000000E+00,    6.2242977836E+01,    6.2242977836E+01,    0.0000000000E+00,    0.0000000000E+00,    0.0000000000E+00,    6.2242977836E+01
     77150,      0.676930,CP8_after_OBC,   1,    0.0000000000E+00,    6.2242977836E+01,    6.2242977836E+01,    0.0000000000E+00,    0.0000000000E+00,    0.0000000000E+00,    6.2242977836E+01
     77150,      0.676930,CP9_after_PTsource,   1,    0.0000000000E+00,    6.2242977836E+01,    6.2242977836E+01,    0.0000000000E+00,    0.0000000000E+00,    0.0000000000E+00,    6.2242977836E+01
     77150,      0.676930,CP10_after_neg_clamp,   1,    0.0000000000E+00,    6.2242977836E+01,    6.2242977836E+01,    0.0000000000E+00,    0.0000000000E+00,    0.0000000000E+00,    6.2242977836E+01
     77150,      0.676930,CP11_after_MPI,   1,    0.0000000000E+00,    6.2242977836E+01,    6.2242977836E+01,    0.0000000000E+00,    0.0000000000E+00,    0.0000000000E+00,    6.2242977836E+01
     77150,      0.676930,CP12_end,   1,    0.0000000000E+00,    6.2242977836E+01,    6.2242977836E+01,    0.0000000000E+00,    0.0000000000E+00,    0.0000000000E+00,    6.2242977836E+01
     77200,      0.676930,CP0_start,   1,    0.0000000000E+00,    6.2316131455E+01,    6.2316131455E+01,    0.0000000000E+00,    0.0000000000E+00,    0.0000000000E+00,    6.2316131455E+01
     77200,      0.676930,CP1_after_deposition,   1,    0.0000000000E+00,    6.2316131455E+01,    6.2316131455E+01,    0.0000000000E+00,    0.0000000000E+00,    0.0000000000E+00,    6.2316131455E+01
     77200,      0.676930,CP2_after_erosion,   1,    0.0000000000E+00,    6.2316131455E+01,    6.2316131455E+01,    0.0000000000E+00,    0.0000000000E+00,    0.0000000000E+00,    6.2316131455E+01
     77200,      0.676930,CP3_after_update_bottom,   1,    0.0000000000E+00,    6.2316131455E+01,    6.2316131455E+01,    0.0000000000E+00,    0.0000000000E+00,    0.0000000000E+00,    6.2316131455E+01
     77200,      0.676930,CP4_after_advection,   1,    0.0000000000E+00,    6.2319840715E+01,    6.2319840715E+01,    0.0000000000E+00,    0.0000000000E+00,    0.0000000000E+00,    6.2319840715E+01
     77200,      0.676930,CP5_after_vdif,   1,    0.0000000000E+00,    6.2319840715E+01,    6.2319840715E+01,    0.0000000000E+00,    0.0000000000E+00,    0.0000000000E+00,    6.2319840715E+01
     77200,      0.676930,CP6_after_kinetics,   1,    0.0000000000E+00,    6.2319840715E+01,    6.2319840715E+01,    0.0000000000E+00,    0.0000000000E+00,    0.0000000000E+00,    6.2319840715E+01
     77200,      0.676930,CP7_after_upper_clamp,   1,    0.0000000000E+00,    6.2319840715E+01,    6.2319840715E+01,    0.0000000000E+00,    0.0000000000E+00,    0.0000000000E+00,    6.2319840715E+01
     77200,      0.676930,CP8_after_OBC,   1,    0.0000000000E+00,    6.2319840715E+01,    6.2319840715E+01,    0.0000000000E+00,    0.0000000000E+00,    0.0000000000E+00,    6.2319840715E+01
     77200,      0.676930,CP9_after_PTsource,   1,    0.0000000000E+00,    6.2319840715E+01,    6.2319840715E+01,    0.0000000000E+00,    0.0000000000E+00,    0.0000000000E+00,    6.2319840715E+01
     77200,      0.676930,CP10_after_neg_clamp,   1,    0.0000000000E+00,    6.2319840715E+01,    6.2319840715E+01,    0.0000000000E+00,    0.0000000000E+00,    0.0000000000E+00,    6.2319840715E+01
     77200,      0.676930,CP11_after_MPI,   1,    0.0000000000E+00,    6.2319840715E+01,    6.2319840715E+01,    0.0000000000E+00,    0.0000000000E+00,    0.0000000000E+00,    6.2319840715E+01
     77200,      0.676930,CP12_end,   1,    0.0000000000E+00,    6.2319840715E+01,    6.2319840715E+01,    0.0000000000E+00,    0.0000000000E+00,    0.0000000000E+00,    6.2319840715E+01
     77250,      0.676930,CP0_start,   1,    0.0000000000E+00,    6.2392823629E+01,    6.2392823629E+01,    0.0000000000E+00,    0.0000000000E+00,    0.0000000000E+00,    6.2392823629E+01
     77250,      0.676930,CP1_after_deposition,   1,    0.0000000000E+00,    6.2392823629E+01,    6.2392823629E+01,    0.0000000000E+00,    0.0000000000E+00,    0.0000000000E+00,    6.2392823629E+01
     77250,      0.676930,CP2_after_erosion,   1,    0.0000000000E+00,    6.2392823629E+01,    6.2392823629E+01,    0.0000000000E+00,    0.0000000000E+00,    0.0000000000E+00,    6.2392823629E+01
     77250,      0.676930,CP3_after_update_bottom,   1,    0.0000000000E+00,    6.2392823629E+01,    6.2392823629E+01,    0.0000000000E+00,    0.0000000000E+00,    0.0000000000E+00,    6.2392823629E+01
     77250,      0.676930,CP4_after_advection,   1,    0.0000000000E+00,    6.2396527399E+01,    6.2396527399E+01,    0.0000000000E+00,    0.0000000000E+00,    0.0000000000E+00,    6.2396527399E+01
     77250,      0.676930,CP5_after_vdif,   1,    0.0000000000E+00,    6.2396527399E+01,    6.2396527399E+01,    0.0000000000E+00,    0.0000000000E+00,    0.0000000000E+00,    6.2396527399E+01
     77250,      0.676930,CP6_after_kinetics,   1,    0.0000000000E+00,    6.2396527399E+01,    6.2396527399E+01,    0.0000000000E+00,    0.0000000000E+00,    0.0000000000E+00,    6.2396527399E+01
     77250,      0.676930,CP7_after_upper_clamp,   1,    0.0000000000E+00,    6.2396527399E+01,    6.2396527399E+01,    0.0000000000E+00,    0.0000000000E+00,    0.0000000000E+00,    6.2396527399E+01
     77250,      0.676930,CP8_after_OBC,   1,    0.0000000000E+00,    6.2396527399E+01,    6.2396527399E+01,    0.0000000000E+00,    0.0000000000E+00,    0.0000000000E+00,    6.2396527399E+01
     77250,      0.676930,CP9_after_PTsource,   1,    0.0000000000E+00,    6.2396527399E+01,    6.2396527399E+01,    0.0000000000E+00,    0.0000000000E+00,    0.0000000000E+00,    6.2396527399E+01
     77250,      0.676930,CP10_after_neg_clamp,   1,    0.0000000000E+00,    6.2396527399E+01,    6.2396527399E+01,    0.0000000000E+00,    0.0000000000E+00,    0.0000000000E+00,    6.2396527399E+01
     77250,      0.676930,CP11_after_MPI,   1,    0.0000000000E+00,    6.2396527399E+01,    6.2396527399E+01,    0.0000000000E+00,    0.0000000000E+00,    0.0000000000E+00,    6.2396527399E+01
     77250,      0.676930,CP12_end,   1,    0.0000000000E+00,    6.2396527399E+01,    6.2396527399E+01,    0.0000000000E+00,    0.0000000000E+00,    0.0000000000E+00,    6.2396527399E+01
     77300,      0.676930,CP0_start,   1,    0.0000000000E+00,    6.2469391053E+01,    6.2469391053E+01,    0.0000000000E+00,    0.0000000000E+00,    0.0000000000E+00,    6.2469391053E+01
     77300,      0.676930,CP1_after_deposition,   1,    0.0000000000E+00,    6.2469391053E+01,    6.2469391053E+01,    0.0000000000E+00,    0.0000000000E+00,    0.0000000000E+00,    6.2469391053E+01
     77300,      0.676930,CP2_after_erosion,   1,    0.0000000000E+00,    6.2469391053E+01,    6.2469391053E+01,    0.0000000000E+00,    0.0000000000E+00,    0.0000000000E+00,    6.2469391053E+01
     77300,      0.676930,CP3_after_update_bottom,   1,    0.0000000000E+00,    6.2469391053E+01,    6.2469391053E+01,    0.0000000000E+00,    0.0000000000E+00,    0.0000000000E+00,    6.2469391053E+01
     77300,      0.676930,CP4_after_advection,   1,    0.0000000000E+00,    6.2473089144E+01,    6.2473089144E+01,    0.0000000000E+00,    0.0000000000E+00,    0.0000000000E+00,    6.2473089144E+01
     77300,      0.676930,CP5_after_vdif,   1,    0.0000000000E+00,    6.2473089144E+01,    6.2473089144E+01,    0.0000000000E+00,    0.0000000000E+00,    0.0000000000E+00,    6.2473089144E+01
     77300,      0.676930,CP6_after_kinetics,   1,    0.0000000000E+00,    6.2473089144E+01,    6.2473089144E+01,    0.0000000000E+00,    0.0000000000E+00,    0.0000000000E+00,    6.2473089144E+01
     77300,      0.676930,CP7_after_upper_clamp,   1,    0.0000000000E+00,    6.2473089144E+01,    6.2473089144E+01,    0.0000000000E+00,    0.0000000000E+00,    0.0000000000E+00,    6.2473089144E+01
     77300,      0.676930,CP8_after_OBC,   1,    0.0000000000E+00,    6.2473089144E+01,    6.2473089144E+01,    0.0000000000E+00,    0.0000000000E+00,    0.0000000000E+00,    6.2473089144E+01
     77300,      0.676930,CP9_after_PTsource,   1,    0.0000000000E+00,    6.2473089144E+01,    6.2473089144E+01,    0.0000000000E+00,    0.0000000000E+00,    0.0000000000E+00,    6.2473089144E+01
     77300,      0.676930,CP10_after_neg_clamp,   1,    0.0000000000E+00,    6.2473089144E+01,    6.2473089144E+01,    0.0000000000E+00,    0.0000000000E+00,    0.0000000000E+00,    6.2473089144E+01
     77300,      0.676930,CP11_after_MPI,   1,    0.0000000000E+00,    6.2473089144E+01,    6.2473089144E+01,    0.0000000000E+00,    0.0000000000E+00,    0.0000000000E+00,    6.2473089144E+01
     77300,      0.676930,CP12_end,   1,    0.0000000000E+00,    6.2473089144E+01,    6.2473089144E+01,    0.0000000000E+00,    0.0000000000E+00,    0.0000000000E+00,    6.2473089144E+01
     77350,      0.676930,CP0_start,   1,    0.0000000000E+00,    6.2545877729E+01,    6.2545877729E+01,    0.0000000000E+00,    0.0000000000E+00,    0.0000000000E+00,    6.2545877729E+01
     77350,      0.676930,CP1_after_deposition,   1,    0.0000000000E+00,    6.2545877729E+01,    6.2545877729E+01,    0.0000000000E+00,    0.0000000000E+00,    0.0000000000E+00,    6.2545877729E+01
     77350,      0.676930,CP2_after_erosion,   1,    0.0000000000E+00,    6.2545877729E+01,    6.2545877729E+01,    0.0000000000E+00,    0.0000000000E+00,    0.0000000000E+00,    6.2545877729E+01
     77350,      0.676930,CP3_after_update_bottom,   1,    0.0000000000E+00,    6.2545877729E+01,    6.2545877729E+01,    0.0000000000E+00,    0.0000000000E+00,    0.0000000000E+00,    6.2545877729E+01
     77350,      0.676930,CP4_after_advection,   1,    0.0000000000E+00,    6.2549568331E+01,    6.2549568331E+01,    0.0000000000E+00,    0.0000000000E+00,    0.0000000000E+00,    6.2549568331E+01
     77350,      0.676930,CP5_after_vdif,   1,    0.0000000000E+00,    6.2549568331E+01,    6.2549568331E+01,    0.0000000000E+00,    0.0000000000E+00,    0.0000000000E+00,    6.2549568331E+01
     77350,      0.676930,CP6_after_kinetics,   1,    0.0000000000E+00,    6.2549568331E+01,    6.2549568331E+01,    0.0000000000E+00,    0.0000000000E+00,    0.0000000000E+00,    6.2549568331E+01
     77350,      0.676930,CP7_after_upper_clamp,   1,    0.0000000000E+00,    6.2549568331E+01,    6.2549568331E+01,    0.0000000000E+00,    0.0000000000E+00,    0.0000000000E+00,    6.2549568331E+01
     77350,      0.676930,CP8_after_OBC,   1,    0.0000000000E+00,    6.2549568331E+01,    6.2549568331E+01,    0.0000000000E+00,    0.0000000000E+00,    0.0000000000E+00,    6.2549568331E+01
     77350,      0.676930,CP9_after_PTsource,   1,    0.0000000000E+00,    6.2549568331E+01,    6.2549568331E+01,    0.0000000000E+00,    0.0000000000E+00,    0.0000000000E+00,    6.2549568331E+01
     77350,      0.676930,CP10_after_neg_clamp,   1,    0.0000000000E+00,    6.2549568331E+01,    6.2549568331E+01,    0.0000000000E+00,    0.0000000000E+00,    0.0000000000E+00,    6.2549568331E+01
     77350,      0.676930,CP11_after_MPI,   1,    0.0000000000E+00,    6.2549568331E+01,    6.2549568331E+01,    0.0000000000E+00,    0.0000000000E+00,    0.0000000000E+00,    6.2549568331E+01
     77350,      0.676930,CP12_end,   1,    0.0000000000E+00,    6.2549568331E+01,    6.2549568331E+01,    0.0000000000E+00,    0.0000000000E+00,    0.0000000000E+00,    6.2549568331E+01
     77400,      0.676930,CP0_start,   1,    0.0000000000E+00,    6.2622316425E+01,    6.2622316425E+01,    0.0000000000E+00,    0.0000000000E+00,    0.0000000000E+00,    6.2622316425E+01
     77400,      0.676930,CP1_after_deposition,   1,    0.0000000000E+00,    6.2622316425E+01,    6.2622316425E+01,    0.0000000000E+00,    0.0000000000E+00,    0.0000000000E+00,    6.2622316425E+01
     77400,      0.676930,CP2_after_erosion,   1,    0.0000000000E+00,    6.2622316425E+01,    6.2622316425E+01,    0.0000000000E+00,    0.0000000000E+00,    0.0000000000E+00,    6.2622316425E+01
     77400,      0.676930,CP3_after_update_bottom,   1,    0.0000000000E+00,    6.2622316425E+01,    6.2622316425E+01,    0.0000000000E+00,    0.0000000000E+00,    0.0000000000E+00,    6.2622316425E+01
     77400,      0.676930,CP4_after_advection,   1,    0.0000000000E+00,    6.2626000485E+01,    6.2626000485E+01,    0.0000000000E+00,    0.0000000000E+00,    0.0000000000E+00,    6.2626000485E+01
     77400,      0.676930,CP5_after_vdif,   1,    0.0000000000E+00,    6.2626000485E+01,    6.2626000485E+01,    0.0000000000E+00,    0.0000000000E+00,    0.0000000000E+00,    6.2626000485E+01
     77400,      0.676930,CP6_after_kinetics,   1,    0.0000000000E+00,    6.2626000485E+01,    6.2626000485E+01,    0.0000000000E+00,    0.0000000000E+00,    0.0000000000E+00,    6.2626000485E+01
     77400,      0.676930,CP7_after_upper_clamp,   1,    0.0000000000E+00,    6.2626000485E+01,    6.2626000485E+01,    0.0000000000E+00,    0.0000000000E+00,    0.0000000000E+00,    6.2626000485E+01
     77400,      0.676930,CP8_after_OBC,   1,    0.0000000000E+00,    6.2626000485E+01,    6.2626000485E+01,    0.0000000000E+00,    0.0000000000E+00,    0.0000000000E+00,    6.2626000485E+01
     77400,      0.676930,CP9_after_PTsource,   1,    0.0000000000E+00,    6.2626000485E+01,    6.2626000485E+01,    0.0000000000E+00,    0.0000000000E+00,    0.0000000000E+00,    6.2626000485E+01
     77400,      0.676930,CP10_after_neg_clamp,   1,    0.0000000000E+00,    6.2626000485E+01,    6.2626000485E+01,    0.0000000000E+00,    0.0000000000E+00,    0.0000000000E+00,    6.2626000485E+01
     77400,      0.676930,CP11_after_MPI,   1,    0.0000000000E+00,    6.2626000485E+01,    6.2626000485E+01,    0.0000000000E+00,    0.0000000000E+00,    0.0000000000E+00,    6.2626000485E+01
     77400,      0.676930,CP12_end,   1,    0.0000000000E+00,    6.2626000485E+01,    6.2626000485E+01,    0.0000000000E+00,    0.0000000000E+00,    0.0000000000E+00,    6.2626000485E+01
     77450,      0.676930,CP0_start,   1,    0.0000000000E+00,    6.2698715149E+01,    6.2698715149E+01,    0.0000000000E+00,    0.0000000000E+00,    0.0000000000E+00,    6.2698715149E+01
     77450,      0.676930,CP1_after_deposition,   1,    0.0000000000E+00,    6.2698715149E+01,    6.2698715149E+01,    0.0000000000E+00,    0.0000000000E+00,    0.0000000000E+00,    6.2698715149E+01
     77450,      0.676930,CP2_after_erosion,   1,    0.0000000000E+00,    6.2698715149E+01,    6.2698715149E+01,    0.0000000000E+00,    0.0000000000E+00,    0.0000000000E+00,    6.2698715149E+01
     77450,      0.676930,CP3_after_update_bottom,   1,    0.0000000000E+00,    6.2698715149E+01,    6.2698715149E+01,    0.0000000000E+00,    0.0000000000E+00,    0.0000000000E+00,    6.2698715149E+01
     77450,      0.676930,CP4_after_advection,   1,    0.0000000000E+00,    6.2702392165E+01,    6.2702392165E+01,    0.0000000000E+00,    0.0000000000E+00,    0.0000000000E+00,    6.2702392165E+01
     77450,      0.676930,CP5_after_vdif,   1,    0.0000000000E+00,    6.2702392165E+01,    6.2702392165E+01,    0.0000000000E+00,    0.0000000000E+00,    0.0000000000E+00,    6.2702392165E+01
     77450,      0.676930,CP6_after_kinetics,   1,    0.0000000000E+00,    6.2702392165E+01,    6.2702392165E+01,    0.0000000000E+00,    0.0000000000E+00,    0.0000000000E+00,    6.2702392165E+01
     77450,      0.676930,CP7_after_upper_clamp,   1,    0.0000000000E+00,    6.2702392165E+01,    6.2702392165E+01,    0.0000000000E+00,    0.0000000000E+00,    0.0000000000E+00,    6.2702392165E+01
     77450,      0.676930,CP8_after_OBC,   1,    0.0000000000E+00,    6.2702392165E+01,    6.2702392165E+01,    0.0000000000E+00,    0.0000000000E+00,    0.0000000000E+00,    6.2702392165E+01
     77450,      0.676930,CP9_after_PTsource,   1,    0.0000000000E+00,    6.2702392165E+01,    6.2702392165E+01,    0.0000000000E+00,    0.0000000000E+00,    0.0000000000E+00,    6.2702392165E+01
     77450,      0.676930,CP10_after_neg_clamp,   1,    0.0000000000E+00,    6.2702392165E+01,    6.2702392165E+01,    0.0000000000E+00,    0.0000000000E+00,    0.0000000000E+00,    6.2702392165E+01
     77450,      0.676930,CP11_after_MPI,   1,    0.0000000000E+00,    6.2702392165E+01,    6.2702392165E+01,    0.0000000000E+00,    0.0000000000E+00,    0.0000000000E+00,    6.2702392165E+01
     77450,      0.676930,CP12_end,   1,    0.0000000000E+00,    6.2702392165E+01,    6.2702392165E+01,    0.0000000000E+00,    0.0000000000E+00,    0.0000000000E+00,    6.2702392165E+01
     77500,      0.676930,CP0_start,   1,    0.0000000000E+00,    6.2775137833E+01,    6.2775137833E+01,    0.0000000000E+00,    0.0000000000E+00,    0.0000000000E+00,    6.2775137833E+01
     77500,      0.676930,CP1_after_deposition,   1,    0.0000000000E+00,    6.2775137833E+01,    6.2775137833E+01,    0.0000000000E+00,    0.0000000000E+00,    0.0000000000E+00,    6.2775137833E+01
     77500,      0.676930,CP2_after_erosion,   1,    0.0000000000E+00,    6.2775137833E+01,    6.2775137833E+01,    0.0000000000E+00,    0.0000000000E+00,    0.0000000000E+00,    6.2775137833E+01
     77500,      0.676930,CP3_after_update_bottom,   1,    0.0000000000E+00,    6.2775137833E+01,    6.2775137833E+01,    0.0000000000E+00,    0.0000000000E+00,    0.0000000000E+00,    6.2775137833E+01
     77500,      0.676930,CP4_after_advection,   1,    0.0000000000E+00,    6.2778810888E+01,    6.2778810888E+01,    0.0000000000E+00,    0.0000000000E+00,    0.0000000000E+00,    6.2778810888E+01
     77500,      0.676930,CP5_after_vdif,   1,    0.0000000000E+00,    6.2778810888E+01,    6.2778810888E+01,    0.0000000000E+00,    0.0000000000E+00,    0.0000000000E+00,    6.2778810888E+01
     77500,      0.676930,CP6_after_kinetics,   1,    0.0000000000E+00,    6.2778810888E+01,    6.2778810888E+01,    0.0000000000E+00,    0.0000000000E+00,    0.0000000000E+00,    6.2778810888E+01
     77500,      0.676930,CP7_after_upper_clamp,   1,    0.0000000000E+00,    6.2778810888E+01,    6.2778810888E+01,    0.0000000000E+00,    0.0000000000E+00,    0.0000000000E+00,    6.2778810888E+01
     77500,      0.676930,CP8_after_OBC,   1,    0.0000000000E+00,    6.2778810888E+01,    6.2778810888E+01,    0.0000000000E+00,    0.0000000000E+00,    0.0000000000E+00,    6.2778810888E+01
     77500,      0.676930,CP9_after_PTsource,   1,    0.0000000000E+00,    6.2778810888E+01,    6.2778810888E+01,    0.0000000000E+00,    0.0000000000E+00,    0.0000000000E+00,    6.2778810888E+01
     77500,      0.676930,CP10_after_neg_clamp,   1,    0.0000000000E+00,    6.2778810888E+01,    6.2778810888E+01,    0.0000000000E+00,    0.0000000000E+00,    0.0000000000E+00,    6.2778810888E+01
     77500,      0.676930,CP11_after_MPI,   1,    0.0000000000E+00,    6.2778810888E+01,    6.2778810888E+01,    0.0000000000E+00,    0.0000000000E+00,    0.0000000000E+00,    6.2778810888E+01
     77500,      0.676930,CP12_end,   1,    0.0000000000E+00,    6.2778810888E+01,    6.2778810888E+01,    0.0000000000E+00,    0.0000000000E+00,    0.0000000000E+00,    6.2778810888E+01
     77550,      0.676930,CP0_start,   1,    0.0000000000E+00,    6.2851614185E+01,    6.2851614185E+01,    0.0000000000E+00,    0.0000000000E+00,    0.0000000000E+00,    6.2851614185E+01
     77550,      0.676930,CP1_after_deposition,   1,    0.0000000000E+00,    6.2851614185E+01,    6.2851614185E+01,    0.0000000000E+00,    0.0000000000E+00,    0.0000000000E+00,    6.2851614185E+01
     77550,      0.676930,CP2_after_erosion,   1,    0.0000000000E+00,    6.2851614185E+01,    6.2851614185E+01,    0.0000000000E+00,    0.0000000000E+00,    0.0000000000E+00,    6.2851614185E+01
     77550,      0.676930,CP3_after_update_bottom,   1,    0.0000000000E+00,    6.2851614185E+01,    6.2851614185E+01,    0.0000000000E+00,    0.0000000000E+00,    0.0000000000E+00,    6.2851614185E+01
     77550,      0.676930,CP4_after_advection,   1,    0.0000000000E+00,    6.2855283834E+01,    6.2855283834E+01,    0.0000000000E+00,    0.0000000000E+00,    0.0000000000E+00,    6.2855283834E+01
     77550,      0.676930,CP5_after_vdif,   1,    0.0000000000E+00,    6.2855283834E+01,    6.2855283834E+01,    0.0000000000E+00,    0.0000000000E+00,    0.0000000000E+00,    6.2855283834E+01
     77550,      0.676930,CP6_after_kinetics,   1,    0.0000000000E+00,    6.2855283834E+01,    6.2855283834E+01,    0.0000000000E+00,    0.0000000000E+00,    0.0000000000E+00,    6.2855283834E+01
     77550,      0.676930,CP7_after_upper_clamp,   1,    0.0000000000E+00,    6.2855283834E+01,    6.2855283834E+01,    0.0000000000E+00,    0.0000000000E+00,    0.0000000000E+00,    6.2855283834E+01
     77550,      0.676930,CP8_after_OBC,   1,    0.0000000000E+00,    6.2855283834E+01,    6.2855283834E+01,    0.0000000000E+00,    0.0000000000E+00,    0.0000000000E+00,    6.2855283834E+01
     77550,      0.676930,CP9_after_PTsource,   1,    0.0000000000E+00,    6.2855283834E+01,    6.2855283834E+01,    0.0000000000E+00,    0.0000000000E+00,    0.0000000000E+00,    6.2855283834E+01
     77550,      0.676930,CP10_after_neg_clamp,   1,    0.0000000000E+00,    6.2855283834E+01,    6.2855283834E+01,    0.0000000000E+00,    0.0000000000E+00,    0.0000000000E+00,    6.2855283834E+01
     77550,      0.676930,CP11_after_MPI,   1,    0.0000000000E+00,    6.2855283834E+01,    6.2855283834E+01,    0.0000000000E+00,    0.0000000000E+00,    0.0000000000E+00,    6.2855283834E+01
     77550,      0.676930,CP12_end,   1,    0.0000000000E+00,    6.2855283834E+01,    6.2855283834E+01,    0.0000000000E+00,    0.0000000000E+00,    0.0000000000E+00,    6.2855283834E+01
     77600,      0.676931,CP0_start,   1,    0.0000000000E+00,    6.2928151792E+01,    6.2928151792E+01,    0.0000000000E+00,    0.0000000000E+00,    0.0000000000E+00,    6.2928151792E+01
     77600,      0.676931,CP1_after_deposition,   1,    0.0000000000E+00,    6.2928151792E+01,    6.2928151792E+01,    0.0000000000E+00,    0.0000000000E+00,    0.0000000000E+00,    6.2928151792E+01
     77600,      0.676931,CP2_after_erosion,   1,    0.0000000000E+00,    6.2928151792E+01,    6.2928151792E+01,    0.0000000000E+00,    0.0000000000E+00,    0.0000000000E+00,    6.2928151792E+01
     77600,      0.676931,CP3_after_update_bottom,   1,    0.0000000000E+00,    6.2928151792E+01,    6.2928151792E+01,    0.0000000000E+00,    0.0000000000E+00,    0.0000000000E+00,    6.2928151792E+01
     77600,      0.676931,CP4_after_advection,   1,    0.0000000000E+00,    6.2931817923E+01,    6.2931817923E+01,    0.0000000000E+00,    0.0000000000E+00,    0.0000000000E+00,    6.2931817923E+01
     77600,      0.676931,CP5_after_vdif,   1,    0.0000000000E+00,    6.2931817923E+01,    6.2931817923E+01,    0.0000000000E+00,    0.0000000000E+00,    0.0000000000E+00,    6.2931817923E+01
     77600,      0.676931,CP6_after_kinetics,   1,    0.0000000000E+00,    6.2931817923E+01,    6.2931817923E+01,    0.0000000000E+00,    0.0000000000E+00,    0.0000000000E+00,    6.2931817923E+01
     77600,      0.676931,CP7_after_upper_clamp,   1,    0.0000000000E+00,    6.2931817923E+01,    6.2931817923E+01,    0.0000000000E+00,    0.0000000000E+00,    0.0000000000E+00,    6.2931817923E+01
     77600,      0.676931,CP8_after_OBC,   1,    0.0000000000E+00,    6.2931817923E+01,    6.2931817923E+01,    0.0000000000E+00,    0.0000000000E+00,    0.0000000000E+00,    6.2931817923E+01
     77600,      0.676931,CP9_after_PTsource,   1,    0.0000000000E+00,    6.2931817923E+01,    6.2931817923E+01,    0.0000000000E+00,    0.0000000000E+00,    0.0000000000E+00,    6.2931817923E+01
     77600,      0.676931,CP10_after_neg_clamp,   1,    0.0000000000E+00,    6.2931817923E+01,    6.2931817923E+01,    0.0000000000E+00,    0.0000000000E+00,    0.0000000000E+00,    6.2931817923E+01
     77600,      0.676931,CP11_after_MPI,   1,    0.0000000000E+00,    6.2931817923E+01,    6.2931817923E+01,    0.0000000000E+00,    0.0000000000E+00,    0.0000000000E+00,    6.2931817923E+01
     77600,      0.676931,CP12_end,   1,    0.0000000000E+00,    6.2931817923E+01,    6.2931817923E+01,    0.0000000000E+00,    0.0000000000E+00,    0.0000000000E+00,    6.2931817923E+01
     77650,      0.676931,CP0_start,   1,    0.0000000000E+00,    6.3004751057E+01,    6.3004751057E+01,    0.0000000000E+00,    0.0000000000E+00,    0.0000000000E+00,    6.3004751057E+01
     77650,      0.676931,CP1_after_deposition,   1,    0.0000000000E+00,    6.3004751057E+01,    6.3004751057E+01,    0.0000000000E+00,    0.0000000000E+00,    0.0000000000E+00,    6.3004751057E+01
     77650,      0.676931,CP2_after_erosion,   1,    0.0000000000E+00,    6.3004751057E+01,    6.3004751057E+01,    0.0000000000E+00,    0.0000000000E+00,    0.0000000000E+00,    6.3004751057E+01
     77650,      0.676931,CP3_after_update_bottom,   1,    0.0000000000E+00,    6.3004751057E+01,    6.3004751057E+01,    0.0000000000E+00,    0.0000000000E+00,    0.0000000000E+00,    6.3004751057E+01
     77650,      0.676931,CP4_after_advection,   1,    0.0000000000E+00,    6.3008412666E+01,    6.3008412666E+01,    0.0000000000E+00,    0.0000000000E+00,    0.0000000000E+00,    6.3008412666E+01
     77650,      0.676931,CP5_after_vdif,   1,    0.0000000000E+00,    6.3008412666E+01,    6.3008412666E+01,    0.0000000000E+00,    0.0000000000E+00,    0.0000000000E+00,    6.3008412666E+01
     77650,      0.676931,CP6_after_kinetics,   1,    0.0000000000E+00,    6.3008412666E+01,    6.3008412666E+01,    0.0000000000E+00,    0.0000000000E+00,    0.0000000000E+00,    6.3008412666E+01
     77650,      0.676931,CP7_after_upper_clamp,   1,    0.0000000000E+00,    6.3008412666E+01,    6.3008412666E+01,    0.0000000000E+00,    0.0000000000E+00,    0.0000000000E+00,    6.3008412666E+01
     77650,      0.676931,CP8_after_OBC,   1,    0.0000000000E+00,    6.3008412666E+01,    6.3008412666E+01,    0.0000000000E+00,    0.0000000000E+00,    0.0000000000E+00,    6.3008412666E+01
     77650,      0.676931,CP9_after_PTsource,   1,    0.0000000000E+00,    6.3008412666E+01,    6.3008412666E+01,    0.0000000000E+00,    0.0000000000E+00,    0.0000000000E+00,    6.3008412666E+01
     77650,      0.676931,CP10_after_neg_clamp,   1,    0.0000000000E+00,    6.3008412666E+01,    6.3008412666E+01,    0.0000000000E+00,    0.0000000000E+00,    0.0000000000E+00,    6.3008412666E+01
     77650,      0.676931,CP11_after_MPI,   1,    0.0000000000E+00,    6.3008412666E+01,    6.3008412666E+01,    0.0000000000E+00,    0.0000000000E+00,    0.0000000000E+00,    6.3008412666E+01
     77650,      0.676931,CP12_end,   1,    0.0000000000E+00,    6.3008412666E+01,    6.3008412666E+01,    0.0000000000E+00,    0.0000000000E+00,    0.0000000000E+00,    6.3008412666E+01
     77700,      0.676931,CP0_start,   1,    0.0000000000E+00,    6.3081426889E+01,    6.3081426889E+01,    0.0000000000E+00,    0.0000000000E+00,    0.0000000000E+00,    6.3081426889E+01
     77700,      0.676931,CP1_after_deposition,   1,    0.0000000000E+00,    6.3081426889E+01,    6.3081426889E+01,    0.0000000000E+00,    0.0000000000E+00,    0.0000000000E+00,    6.3081426889E+01
     77700,      0.676931,CP2_after_erosion,   1,    0.0000000000E+00,    6.3081426889E+01,    6.3081426889E+01,    0.0000000000E+00,    0.0000000000E+00,    0.0000000000E+00,    6.3081426889E+01
     77700,      0.676931,CP3_after_update_bottom,   1,    0.0000000000E+00,    6.3081426889E+01,    6.3081426889E+01,    0.0000000000E+00,    0.0000000000E+00,    0.0000000000E+00,    6.3081426889E+01
     77700,      0.676931,CP4_after_advection,   1,    0.0000000000E+00,    6.3085084213E+01,    6.3085084213E+01,    0.0000000000E+00,    0.0000000000E+00,    0.0000000000E+00,    6.3085084213E+01
     77700,      0.676931,CP5_after_vdif,   1,    0.0000000000E+00,    6.3085084213E+01,    6.3085084213E+01,    0.0000000000E+00,    0.0000000000E+00,    0.0000000000E+00,    6.3085084213E+01
     77700,      0.676931,CP6_after_kinetics,   1,    0.0000000000E+00,    6.3085084213E+01,    6.3085084213E+01,    0.0000000000E+00,    0.0000000000E+00,    0.0000000000E+00,    6.3085084213E+01
     77700,      0.676931,CP7_after_upper_clamp,   1,    0.0000000000E+00,    6.3085084213E+01,    6.3085084213E+01,    0.0000000000E+00,    0.0000000000E+00,    0.0000000000E+00,    6.3085084213E+01
     77700,      0.676931,CP8_after_OBC,   1,    0.0000000000E+00,    6.3085084213E+01,    6.3085084213E+01,    0.0000000000E+00,    0.0000000000E+00,    0.0000000000E+00,    6.3085084213E+01
     77700,      0.676931,CP9_after_PTsource,   1,    0.0000000000E+00,    6.3085084213E+01,    6.3085084213E+01,    0.0000000000E+00,    0.0000000000E+00,    0.0000000000E+00,    6.3085084213E+01
     77700,      0.676931,CP10_after_neg_clamp,   1,    0.0000000000E+00,    6.3085084213E+01,    6.3085084213E+01,    0.0000000000E+00,    0.0000000000E+00,    0.0000000000E+00,    6.3085084213E+01
     77700,      0.676931,CP11_after_MPI,   1,    0.0000000000E+00,    6.3085084213E+01,    6.3085084213E+01,    0.0000000000E+00,    0.0000000000E+00,    0.0000000000E+00,    6.3085084213E+01
     77700,      0.676931,CP12_end,   1,    0.0000000000E+00,    6.3085084213E+01,    6.3085084213E+01,    0.0000000000E+00,    0.0000000000E+00,    0.0000000000E+00,    6.3085084213E+01
     77750,      0.676931,CP0_start,   1,    0.0000000000E+00,    6.3158195242E+01,    6.3158195242E+01,    0.0000000000E+00,    0.0000000000E+00,    0.0000000000E+00,    6.3158195242E+01
     77750,      0.676931,CP1_after_deposition,   1,    0.0000000000E+00,    6.3158195242E+01,    6.3158195242E+01,    0.0000000000E+00,    0.0000000000E+00,    0.0000000000E+00,    6.3158195242E+01
     77750,      0.676931,CP2_after_erosion,   1,    0.0000000000E+00,    6.3158195242E+01,    6.3158195242E+01,    0.0000000000E+00,    0.0000000000E+00,    0.0000000000E+00,    6.3158195242E+01
     77750,      0.676931,CP3_after_update_bottom,   1,    0.0000000000E+00,    6.3158195242E+01,    6.3158195242E+01,    0.0000000000E+00,    0.0000000000E+00,    0.0000000000E+00,    6.3158195242E+01
     77750,      0.676931,CP4_after_advection,   1,    0.0000000000E+00,    6.3161849260E+01,    6.3161849260E+01,    0.0000000000E+00,    0.0000000000E+00,    0.0000000000E+00,    6.3161849260E+01
     77750,      0.676931,CP5_after_vdif,   1,    0.0000000000E+00,    6.3161849260E+01,    6.3161849260E+01,    0.0000000000E+00,    0.0000000000E+00,    0.0000000000E+00,    6.3161849260E+01
     77750,      0.676931,CP6_after_kinetics,   1,    0.0000000000E+00,    6.3161849260E+01,    6.3161849260E+01,    0.0000000000E+00,    0.0000000000E+00,    0.0000000000E+00,    6.3161849260E+01
     77750,      0.676931,CP7_after_upper_clamp,   1,    0.0000000000E+00,    6.3161849260E+01,    6.3161849260E+01,    0.0000000000E+00,    0.0000000000E+00,    0.0000000000E+00,    6.3161849260E+01
     77750,      0.676931,CP8_after_OBC,   1,    0.0000000000E+00,    6.3161849260E+01,    6.3161849260E+01,    0.0000000000E+00,    0.0000000000E+00,    0.0000000000E+00,    6.3161849260E+01
     77750,      0.676931,CP9_after_PTsource,   1,    0.0000000000E+00,    6.3161849260E+01,    6.3161849260E+01,    0.0000000000E+00,    0.0000000000E+00,    0.0000000000E+00,    6.3161849260E+01
     77750,      0.676931,CP10_after_neg_clamp,   1,    0.0000000000E+00,    6.3161849260E+01,    6.3161849260E+01,    0.0000000000E+00,    0.0000000000E+00,    0.0000000000E+00,    6.3161849260E+01
     77750,      0.676931,CP11_after_MPI,   1,    0.0000000000E+00,    6.3161849260E+01,    6.3161849260E+01,    0.0000000000E+00,    0.0000000000E+00,    0.0000000000E+00,    6.3161849260E+01
     77750,      0.676931,CP12_end,   1,    0.0000000000E+00,    6.3161849260E+01,    6.3161849260E+01,    0.0000000000E+00,    0.0000000000E+00,    0.0000000000E+00,    6.3161849260E+01
     77800,      0.676931,CP0_start,   1,    0.0000000000E+00,    6.3235114805E+01,    6.3235114805E+01,    0.0000000000E+00,    0.0000000000E+00,    0.0000000000E+00,    6.3235114805E+01
     77800,      0.676931,CP1_after_deposition,   1,    0.0000000000E+00,    6.3235114805E+01,    6.3235114805E+01,    0.0000000000E+00,    0.0000000000E+00,    0.0000000000E+00,    6.3235114805E+01
     77800,      0.676931,CP2_after_erosion,   1,    0.0000000000E+00,    6.3235114805E+01,    6.3235114805E+01,    0.0000000000E+00,    0.0000000000E+00,    0.0000000000E+00,    6.3235114805E+01
     77800,      0.676931,CP3_after_update_bottom,   1,    0.0000000000E+00,    6.3235114805E+01,    6.3235114805E+01,    0.0000000000E+00,    0.0000000000E+00,    0.0000000000E+00,    6.3235114805E+01
     77800,      0.676931,CP4_after_advection,   1,    0.0000000000E+00,    6.3238765863E+01,    6.3238765863E+01,    0.0000000000E+00,    0.0000000000E+00,    0.0000000000E+00,    6.3238765863E+01
     77800,      0.676931,CP5_after_vdif,   1,    0.0000000000E+00,    6.3238765863E+01,    6.3238765863E+01,    0.0000000000E+00,    0.0000000000E+00,    0.0000000000E+00,    6.3238765863E+01
     77800,      0.676931,CP6_after_kinetics,   1,    0.0000000000E+00,    6.3238765863E+01,    6.3238765863E+01,    0.0000000000E+00,    0.0000000000E+00,    0.0000000000E+00,    6.3238765863E+01
     77800,      0.676931,CP7_after_upper_clamp,   1,    0.0000000000E+00,    6.3238765863E+01,    6.3238765863E+01,    0.0000000000E+00,    0.0000000000E+00,    0.0000000000E+00,    6.3238765863E+01
     77800,      0.676931,CP8_after_OBC,   1,    0.0000000000E+00,    6.3238765863E+01,    6.3238765863E+01,    0.0000000000E+00,    0.0000000000E+00,    0.0000000000E+00,    6.3238765863E+01
     77800,      0.676931,CP9_after_PTsource,   1,    0.0000000000E+00,    6.3238765863E+01,    6.3238765863E+01,    0.0000000000E+00,    0.0000000000E+00,    0.0000000000E+00,    6.3238765863E+01
     77800,      0.676931,CP10_after_neg_clamp,   1,    0.0000000000E+00,    6.3238765863E+01,    6.3238765863E+01,    0.0000000000E+00,    0.0000000000E+00,    0.0000000000E+00,    6.3238765863E+01
     77800,      0.676931,CP11_after_MPI,   1,    0.0000000000E+00,    6.3238765863E+01,    6.3238765863E+01,    0.0000000000E+00,    0.0000000000E+00,    0.0000000000E+00,    6.3238765863E+01
     77800,      0.676931,CP12_end,   1,    0.0000000000E+00,    6.3238765863E+01,    6.3238765863E+01,    0.0000000000E+00,    0.0000000000E+00,    0.0000000000E+00,    6.3238765863E+01
     77850,      0.676931,CP0_start,   1,    0.0000000000E+00,    6.3312252791E+01,    6.3312252791E+01,    0.0000000000E+00,    0.0000000000E+00,    0.0000000000E+00,    6.3312252791E+01
     77850,      0.676931,CP1_after_deposition,   1,    0.0000000000E+00,    6.3312252791E+01,    6.3312252791E+01,    0.0000000000E+00,    0.0000000000E+00,    0.0000000000E+00,    6.3312252791E+01
     77850,      0.676931,CP2_after_erosion,   1,    0.0000000000E+00,    6.3312252791E+01,    6.3312252791E+01,    0.0000000000E+00,    0.0000000000E+00,    0.0000000000E+00,    6.3312252791E+01
     77850,      0.676931,CP3_after_update_bottom,   1,    0.0000000000E+00,    6.3312252791E+01,    6.3312252791E+01,    0.0000000000E+00,    0.0000000000E+00,    0.0000000000E+00,    6.3312252791E+01
     77850,      0.676931,CP4_after_advection,   1,    0.0000000000E+00,    6.3315903532E+01,    6.3315903532E+01,    0.0000000000E+00,    0.0000000000E+00,    0.0000000000E+00,    6.3315903532E+01
     77850,      0.676931,CP5_after_vdif,   1,    0.0000000000E+00,    6.3315903532E+01,    6.3315903532E+01,    0.0000000000E+00,    0.0000000000E+00,    0.0000000000E+00,    6.3315903532E+01
     77850,      0.676931,CP6_after_kinetics,   1,    0.0000000000E+00,    6.3315903532E+01,    6.3315903532E+01,    0.0000000000E+00,    0.0000000000E+00,    0.0000000000E+00,    6.3315903532E+01
     77850,      0.676931,CP7_after_upper_clamp,   1,    0.0000000000E+00,    6.3315903532E+01,    6.3315903532E+01,    0.0000000000E+00,    0.0000000000E+00,    0.0000000000E+00,    6.3315903532E+01
     77850,      0.676931,CP8_after_OBC,   1,    0.0000000000E+00,    6.3315903532E+01,    6.3315903532E+01,    0.0000000000E+00,    0.0000000000E+00,    0.0000000000E+00,    6.3315903532E+01
     77850,      0.676931,CP9_after_PTsource,   1,    0.0000000000E+00,    6.3315903532E+01,    6.3315903532E+01,    0.0000000000E+00,    0.0000000000E+00,    0.0000000000E+00,    6.3315903532E+01
     77850,      0.676931,CP10_after_neg_clamp,   1,    0.0000000000E+00,    6.3315903532E+01,    6.3315903532E+01,    0.0000000000E+00,    0.0000000000E+00,    0.0000000000E+00,    6.3315903532E+01
     77850,      0.676931,CP11_after_MPI,   1,    0.0000000000E+00,    6.3315903532E+01,    6.3315903532E+01,    0.0000000000E+00,    0.0000000000E+00,    0.0000000000E+00,    6.3315903532E+01
     77850,      0.676931,CP12_end,   1,    0.0000000000E+00,    6.3315903532E+01,    6.3315903532E+01,    0.0000000000E+00,    0.0000000000E+00,    0.0000000000E+00,    6.3315903532E+01
     77900,      0.676931,CP0_start,   1,    0.0000000000E+00,    6.3389677227E+01,    6.3389677227E+01,    0.0000000000E+00,    0.0000000000E+00,    0.0000000000E+00,    6.3389677227E+01
     77900,      0.676931,CP1_after_deposition,   1,    0.0000000000E+00,    6.3389677227E+01,    6.3389677227E+01,    0.0000000000E+00,    0.0000000000E+00,    0.0000000000E+00,    6.3389677227E+01
     77900,      0.676931,CP2_after_erosion,   1,    0.0000000000E+00,    6.3389677227E+01,    6.3389677227E+01,    0.0000000000E+00,    0.0000000000E+00,    0.0000000000E+00,    6.3389677227E+01
     77900,      0.676931,CP3_after_update_bottom,   1,    0.0000000000E+00,    6.3389677227E+01,    6.3389677227E+01,    0.0000000000E+00,    0.0000000000E+00,    0.0000000000E+00,    6.3389677227E+01
     77900,      0.676931,CP4_after_advection,   1,    0.0000000000E+00,    6.3393326683E+01,    6.3393326683E+01,    0.0000000000E+00,    0.0000000000E+00,    0.0000000000E+00,    6.3393326683E+01
     77900,      0.676931,CP5_after_vdif,   1,    0.0000000000E+00,    6.3393326683E+01,    6.3393326683E+01,    0.0000000000E+00,    0.0000000000E+00,    0.0000000000E+00,    6.3393326683E+01
     77900,      0.676931,CP6_after_kinetics,   1,    0.0000000000E+00,    6.3393326683E+01,    6.3393326683E+01,    0.0000000000E+00,    0.0000000000E+00,    0.0000000000E+00,    6.3393326683E+01
     77900,      0.676931,CP7_after_upper_clamp,   1,    0.0000000000E+00,    6.3393326683E+01,    6.3393326683E+01,    0.0000000000E+00,    0.0000000000E+00,    0.0000000000E+00,    6.3393326683E+01
     77900,      0.676931,CP8_after_OBC,   1,    0.0000000000E+00,    6.3393326683E+01,    6.3393326683E+01,    0.0000000000E+00,    0.0000000000E+00,    0.0000000000E+00,    6.3393326683E+01
     77900,      0.676931,CP9_after_PTsource,   1,    0.0000000000E+00,    6.3393326683E+01,    6.3393326683E+01,    0.0000000000E+00,    0.0000000000E+00,    0.0000000000E+00,    6.3393326683E+01
     77900,      0.676931,CP10_after_neg_clamp,   1,    0.0000000000E+00,    6.3393326683E+01,    6.3393326683E+01,    0.0000000000E+00,    0.0000000000E+00,    0.0000000000E+00,    6.3393326683E+01
     77900,      0.676931,CP11_after_MPI,   1,    0.0000000000E+00,    6.3393326683E+01,    6.3393326683E+01,    0.0000000000E+00,    0.0000000000E+00,    0.0000000000E+00,    6.3393326683E+01
     77900,      0.676931,CP12_end,   1,    0.0000000000E+00,    6.3393326683E+01,    6.3393326683E+01,    0.0000000000E+00,    0.0000000000E+00,    0.0000000000E+00,    6.3393326683E+01
     77950,      0.676931,CP0_start,   1,    0.0000000000E+00,    6.3467496660E+01,    6.3467496660E+01,    0.0000000000E+00,    0.0000000000E+00,    0.0000000000E+00,    6.3467496660E+01
     77950,      0.676931,CP1_after_deposition,   1,    0.0000000000E+00,    6.3467496660E+01,    6.3467496660E+01,    0.0000000000E+00,    0.0000000000E+00,    0.0000000000E+00,    6.3467496660E+01
     77950,      0.676931,CP2_after_erosion,   1,    0.0000000000E+00,    6.3467496660E+01,    6.3467496660E+01,    0.0000000000E+00,    0.0000000000E+00,    0.0000000000E+00,    6.3467496660E+01
     77950,      0.676931,CP3_after_update_bottom,   1,    0.0000000000E+00,    6.3467496660E+01,    6.3467496660E+01,    0.0000000000E+00,    0.0000000000E+00,    0.0000000000E+00,    6.3467496660E+01
     77950,      0.676931,CP4_after_advection,   1,    0.0000000000E+00,    6.3471145980E+01,    6.3471145980E+01,    0.0000000000E+00,    0.0000000000E+00,    0.0000000000E+00,    6.3471145980E+01
     77950,      0.676931,CP5_after_vdif,   1,    0.0000000000E+00,    6.3471145980E+01,    6.3471145980E+01,    0.0000000000E+00,    0.0000000000E+00,    0.0000000000E+00,    6.3471145980E+01
     77950,      0.676931,CP6_after_kinetics,   1,    0.0000000000E+00,    6.3471145980E+01,    6.3471145980E+01,    0.0000000000E+00,    0.0000000000E+00,    0.0000000000E+00,    6.3471145980E+01
     77950,      0.676931,CP7_after_upper_clamp,   1,    0.0000000000E+00,    6.3471145980E+01,    6.3471145980E+01,    0.0000000000E+00,    0.0000000000E+00,    0.0000000000E+00,    6.3471145980E+01
     77950,      0.676931,CP8_after_OBC,   1,    0.0000000000E+00,    6.3471145980E+01,    6.3471145980E+01,    0.0000000000E+00,    0.0000000000E+00,    0.0000000000E+00,    6.3471145980E+01
     77950,      0.676931,CP9_after_PTsource,   1,    0.0000000000E+00,    6.3471145980E+01,    6.3471145980E+01,    0.0000000000E+00,    0.0000000000E+00,    0.0000000000E+00,    6.3471145980E+01
     77950,      0.676931,CP10_after_neg_clamp,   1,    0.0000000000E+00,    6.3471145980E+01,    6.3471145980E+01,    0.0000000000E+00,    0.0000000000E+00,    0.0000000000E+00,    6.3471145980E+01
     77950,      0.676931,CP11_after_MPI,   1,    0.0000000000E+00,    6.3471145980E+01,    6.3471145980E+01,    0.0000000000E+00,    0.0000000000E+00,    0.0000000000E+00,    6.3471145980E+01
     77950,      0.676931,CP12_end,   1,    0.0000000000E+00,    6.3471145980E+01,    6.3471145980E+01,    0.0000000000E+00,    0.0000000000E+00,    0.0000000000E+00,    6.3471145980E+01
     78000,      0.676931,CP0_start,   1,    0.0000000000E+00,    6.3545772839E+01,    6.3545772839E+01,    0.0000000000E+00,    0.0000000000E+00,    0.0000000000E+00,    6.3545772839E+01
     78000,      0.676931,CP1_after_deposition,   1,    0.0000000000E+00,    6.3545772839E+01,    6.3545772839E+01,    0.0000000000E+00,    0.0000000000E+00,    0.0000000000E+00,    6.3545772839E+01
     78000,      0.676931,CP2_after_erosion,   1,    0.0000000000E+00,    6.3545772839E+01,    6.3545772839E+01,    0.0000000000E+00,    0.0000000000E+00,    0.0000000000E+00,    6.3545772839E+01
     78000,      0.676931,CP3_after_update_bottom,   1,    0.0000000000E+00,    6.3545772839E+01,    6.3545772839E+01,    0.0000000000E+00,    0.0000000000E+00,    0.0000000000E+00,    6.3545772839E+01
     78000,      0.676931,CP4_after_advection,   1,    0.0000000000E+00,    6.3549423616E+01,    6.3549423616E+01,    0.0000000000E+00,    0.0000000000E+00,    0.0000000000E+00,    6.3549423616E+01
     78000,      0.676931,CP5_after_vdif,   1,    0.0000000000E+00,    6.3549423616E+01,    6.3549423616E+01,    0.0000000000E+00,    0.0000000000E+00,    0.0000000000E+00,    6.3549423616E+01
     78000,      0.676931,CP6_after_kinetics,   1,    0.0000000000E+00,    6.3549423616E+01,    6.3549423616E+01,    0.0000000000E+00,    0.0000000000E+00,    0.0000000000E+00,    6.3549423616E+01
     78000,      0.676931,CP7_after_upper_clamp,   1,    0.0000000000E+00,    6.3549423616E+01,    6.3549423616E+01,    0.0000000000E+00,    0.0000000000E+00,    0.0000000000E+00,    6.3549423616E+01
     78000,      0.676931,CP8_after_OBC,   1,    0.0000000000E+00,    6.3549423616E+01,    6.3549423616E+01,    0.0000000000E+00,    0.0000000000E+00,    0.0000000000E+00,    6.3549423616E+01
     78000,      0.676931,CP9_after_PTsource,   1,    0.0000000000E+00,    6.3549423616E+01,    6.3549423616E+01,    0.0000000000E+00,    0.0000000000E+00,    0.0000000000E+00,    6.3549423616E+01
     78000,      0.676931,CP10_after_neg_clamp,   1,    0.0000000000E+00,    6.3549423616E+01,    6.3549423616E+01,    0.0000000000E+00,    0.0000000000E+00,    0.0000000000E+00,    6.3549423616E+01
     78000,      0.676931,CP11_after_MPI,   1,    0.0000000000E+00,    6.3549423616E+01,    6.3549423616E+01,    0.0000000000E+00,    0.0000000000E+00,    0.0000000000E+00,    6.3549423616E+01
     78000,      0.676931,CP12_end,   1,    0.0000000000E+00,    6.3549423616E+01,    6.3549423616E+01,    0.0000000000E+00,    0.0000000000E+00,    0.0000000000E+00,    6.3549423616E+01
     78050,      0.676931,CP0_start,   1,    0.0000000000E+00,    6.3624557716E+01,    6.3624557716E+01,    0.0000000000E+00,    0.0000000000E+00,    0.0000000000E+00,    6.3624557716E+01
     78050,      0.676931,CP1_after_deposition,   1,    0.0000000000E+00,    6.3624557716E+01,    6.3624557716E+01,    0.0000000000E+00,    0.0000000000E+00,    0.0000000000E+00,    6.3624557716E+01
     78050,      0.676931,CP2_after_erosion,   1,    0.0000000000E+00,    6.3624557716E+01,    6.3624557716E+01,    0.0000000000E+00,    0.0000000000E+00,    0.0000000000E+00,    6.3624557716E+01
     78050,      0.676931,CP3_after_update_bottom,   1,    0.0000000000E+00,    6.3624557716E+01,    6.3624557716E+01,    0.0000000000E+00,    0.0000000000E+00,    0.0000000000E+00,    6.3624557716E+01
     78050,      0.676931,CP4_after_advection,   1,    0.0000000000E+00,    6.3628209622E+01,    6.3628209622E+01,    0.0000000000E+00,    0.0000000000E+00,    0.0000000000E+00,    6.3628209622E+01
     78050,      0.676931,CP5_after_vdif,   1,    0.0000000000E+00,    6.3628209622E+01,    6.3628209622E+01,    0.0000000000E+00,    0.0000000000E+00,    0.0000000000E+00,    6.3628209622E+01
     78050,      0.676931,CP6_after_kinetics,   1,    0.0000000000E+00,    6.3628209622E+01,    6.3628209622E+01,    0.0000000000E+00,    0.0000000000E+00,    0.0000000000E+00,    6.3628209622E+01
     78050,      0.676931,CP7_after_upper_clamp,   1,    0.0000000000E+00,    6.3628209622E+01,    6.3628209622E+01,    0.0000000000E+00,    0.0000000000E+00,    0.0000000000E+00,    6.3628209622E+01
     78050,      0.676931,CP8_after_OBC,   1,    0.0000000000E+00,    6.3628209622E+01,    6.3628209622E+01,    0.0000000000E+00,    0.0000000000E+00,    0.0000000000E+00,    6.3628209622E+01
     78050,      0.676931,CP9_after_PTsource,   1,    0.0000000000E+00,    6.3628209622E+01,    6.3628209622E+01,    0.0000000000E+00,    0.0000000000E+00,    0.0000000000E+00,    6.3628209622E+01
     78050,      0.676931,CP10_after_neg_clamp,   1,    0.0000000000E+00,    6.3628209622E+01,    6.3628209622E+01,    0.0000000000E+00,    0.0000000000E+00,    0.0000000000E+00,    6.3628209622E+01
     78050,      0.676931,CP11_after_MPI,   1,    0.0000000000E+00,    6.3628209622E+01,    6.3628209622E+01,    0.0000000000E+00,    0.0000000000E+00,    0.0000000000E+00,    6.3628209622E+01
     78050,      0.676931,CP12_end,   1,    0.0000000000E+00,    6.3628209622E+01,    6.3628209622E+01,    0.0000000000E+00,    0.0000000000E+00,    0.0000000000E+00,    6.3628209622E+01
     78100,      0.676931,CP0_start,   1,    0.0000000000E+00,    6.3703886295E+01,    6.3703886295E+01,    0.0000000000E+00,    0.0000000000E+00,    0.0000000000E+00,    6.3703886295E+01
     78100,      0.676931,CP1_after_deposition,   1,    0.0000000000E+00,    6.3703886295E+01,    6.3703886295E+01,    0.0000000000E+00,    0.0000000000E+00,    0.0000000000E+00,    6.3703886295E+01
     78100,      0.676931,CP2_after_erosion,   1,    0.0000000000E+00,    6.3703886295E+01,    6.3703886295E+01,    0.0000000000E+00,    0.0000000000E+00,    0.0000000000E+00,    6.3703886295E+01
     78100,      0.676931,CP3_after_update_bottom,   1,    0.0000000000E+00,    6.3703886295E+01,    6.3703886295E+01,    0.0000000000E+00,    0.0000000000E+00,    0.0000000000E+00,    6.3703886295E+01
     78100,      0.676931,CP4_after_advection,   1,    0.0000000000E+00,    6.3707539528E+01,    6.3707539528E+01,    0.0000000000E+00,    0.0000000000E+00,    0.0000000000E+00,    6.3707539528E+01
     78100,      0.676931,CP5_after_vdif,   1,    0.0000000000E+00,    6.3707539528E+01,    6.3707539528E+01,    0.0000000000E+00,    0.0000000000E+00,    0.0000000000E+00,    6.3707539528E+01
     78100,      0.676931,CP6_after_kinetics,   1,    0.0000000000E+00,    6.3707539528E+01,    6.3707539528E+01,    0.0000000000E+00,    0.0000000000E+00,    0.0000000000E+00,    6.3707539528E+01
     78100,      0.676931,CP7_after_upper_clamp,   1,    0.0000000000E+00,    6.3707539528E+01,    6.3707539528E+01,    0.0000000000E+00,    0.0000000000E+00,    0.0000000000E+00,    6.3707539528E+01
     78100,      0.676931,CP8_after_OBC,   1,    0.0000000000E+00,    6.3707539528E+01,    6.3707539528E+01,    0.0000000000E+00,    0.0000000000E+00,    0.0000000000E+00,    6.3707539528E+01
     78100,      0.676931,CP9_after_PTsource,   1,    0.0000000000E+00,    6.3707539528E+01,    6.3707539528E+01,    0.0000000000E+00,    0.0000000000E+00,    0.0000000000E+00,    6.3707539528E+01
     78100,      0.676931,CP10_after_neg_clamp,   1,    0.0000000000E+00,    6.3707539528E+01,    6.3707539528E+01,    0.0000000000E+00,    0.0000000000E+00,    0.0000000000E+00,    6.3707539528E+01
     78100,      0.676931,CP11_after_MPI,   1,    0.0000000000E+00,    6.3707539528E+01,    6.3707539528E+01,    0.0000000000E+00,    0.0000000000E+00,    0.0000000000E+00,    6.3707539528E+01
     78100,      0.676931,CP12_end,   1,    0.0000000000E+00,    6.3707539528E+01,    6.3707539528E+01,    0.0000000000E+00,    0.0000000000E+00,    0.0000000000E+00,    6.3707539528E+01
     78150,      0.676931,CP0_start,   1,    0.0000000000E+00,    6.3783723312E+01,    6.3783723312E+01,    0.0000000000E+00,    0.0000000000E+00,    0.0000000000E+00,    6.3783723312E+01
     78150,      0.676931,CP1_after_deposition,   1,    0.0000000000E+00,    6.3783723312E+01,    6.3783723312E+01,    0.0000000000E+00,    0.0000000000E+00,    0.0000000000E+00,    6.3783723312E+01
     78150,      0.676931,CP2_after_erosion,   1,    0.0000000000E+00,    6.3783723312E+01,    6.3783723312E+01,    0.0000000000E+00,    0.0000000000E+00,    0.0000000000E+00,    6.3783723312E+01
     78150,      0.676931,CP3_after_update_bottom,   1,    0.0000000000E+00,    6.3783723312E+01,    6.3783723312E+01,    0.0000000000E+00,    0.0000000000E+00,    0.0000000000E+00,    6.3783723312E+01
     78150,      0.676931,CP4_after_advection,   1,    0.0000000000E+00,    6.3787377706E+01,    6.3787377706E+01,    0.0000000000E+00,    0.0000000000E+00,    0.0000000000E+00,    6.3787377706E+01
     78150,      0.676931,CP5_after_vdif,   1,    0.0000000000E+00,    6.3787377706E+01,    6.3787377706E+01,    0.0000000000E+00,    0.0000000000E+00,    0.0000000000E+00,    6.3787377706E+01
     78150,      0.676931,CP6_after_kinetics,   1,    0.0000000000E+00,    6.3787377706E+01,    6.3787377706E+01,    0.0000000000E+00,    0.0000000000E+00,    0.0000000000E+00,    6.3787377706E+01
     78150,      0.676931,CP7_after_upper_clamp,   1,    0.0000000000E+00,    6.3787377706E+01,    6.3787377706E+01,    0.0000000000E+00,    0.0000000000E+00,    0.0000000000E+00,    6.3787377706E+01
     78150,      0.676931,CP8_after_OBC,   1,    0.0000000000E+00,    6.3787377706E+01,    6.3787377706E+01,    0.0000000000E+00,    0.0000000000E+00,    0.0000000000E+00,    6.3787377706E+01
     78150,      0.676931,CP9_after_PTsource,   1,    0.0000000000E+00,    6.3787377706E+01,    6.3787377706E+01,    0.0000000000E+00,    0.0000000000E+00,    0.0000000000E+00,    6.3787377706E+01
     78150,      0.676931,CP10_after_neg_clamp,   1,    0.0000000000E+00,    6.3787377706E+01,    6.3787377706E+01,    0.0000000000E+00,    0.0000000000E+00,    0.0000000000E+00,    6.3787377706E+01
     78150,      0.676931,CP11_after_MPI,   1,    0.0000000000E+00,    6.3787377706E+01,    6.3787377706E+01,    0.0000000000E+00,    0.0000000000E+00,    0.0000000000E+00,    6.3787377706E+01
     78150,      0.676931,CP12_end,   1,    0.0000000000E+00,    6.3787377706E+01,    6.3787377706E+01,    0.0000000000E+00,    0.0000000000E+00,    0.0000000000E+00,    6.3787377706E+01
     78200,      0.676931,CP0_start,   1,    0.0000000000E+00,    6.3864011330E+01,    6.3864011330E+01,    0.0000000000E+00,    0.0000000000E+00,    0.0000000000E+00,    6.3864011330E+01
     78200,      0.676931,CP1_after_deposition,   1,    0.0000000000E+00,    6.3864011330E+01,    6.3864011330E+01,    0.0000000000E+00,    0.0000000000E+00,    0.0000000000E+00,    6.3864011330E+01
     78200,      0.676931,CP2_after_erosion,   1,    0.0000000000E+00,    6.3864011330E+01,    6.3864011330E+01,    0.0000000000E+00,    0.0000000000E+00,    0.0000000000E+00,    6.3864011330E+01
     78200,      0.676931,CP3_after_update_bottom,   1,    0.0000000000E+00,    6.3864011330E+01,    6.3864011330E+01,    0.0000000000E+00,    0.0000000000E+00,    0.0000000000E+00,    6.3864011330E+01
     78200,      0.676931,CP4_after_advection,   1,    0.0000000000E+00,    6.3867664755E+01,    6.3867664755E+01,    0.0000000000E+00,    0.0000000000E+00,    0.0000000000E+00,    6.3867664755E+01
     78200,      0.676931,CP5_after_vdif,   1,    0.0000000000E+00,    6.3867664755E+01,    6.3867664755E+01,    0.0000000000E+00,    0.0000000000E+00,    0.0000000000E+00,    6.3867664755E+01
     78200,      0.676931,CP6_after_kinetics,   1,    0.0000000000E+00,    6.3867664755E+01,    6.3867664755E+01,    0.0000000000E+00,    0.0000000000E+00,    0.0000000000E+00,    6.3867664755E+01
     78200,      0.676931,CP7_after_upper_clamp,   1,    0.0000000000E+00,    6.3867664755E+01,    6.3867664755E+01,    0.0000000000E+00,    0.0000000000E+00,    0.0000000000E+00,    6.3867664755E+01
     78200,      0.676931,CP8_after_OBC,   1,    0.0000000000E+00,    6.3867664755E+01,    6.3867664755E+01,    0.0000000000E+00,    0.0000000000E+00,    0.0000000000E+00,    6.3867664755E+01
     78200,      0.676931,CP9_after_PTsource,   1,    0.0000000000E+00,    6.3867664755E+01,    6.3867664755E+01,    0.0000000000E+00,    0.0000000000E+00,    0.0000000000E+00,    6.3867664755E+01
     78200,      0.676931,CP10_after_neg_clamp,   1,    0.0000000000E+00,    6.3867664755E+01,    6.3867664755E+01,    0.0000000000E+00,    0.0000000000E+00,    0.0000000000E+00,    6.3867664755E+01
     78200,      0.676931,CP11_after_MPI,   1,    0.0000000000E+00,    6.3867664755E+01,    6.3867664755E+01,    0.0000000000E+00,    0.0000000000E+00,    0.0000000000E+00,    6.3867664755E+01
     78200,      0.676931,CP12_end,   1,    0.0000000000E+00,    6.3867664755E+01,    6.3867664755E+01,    0.0000000000E+00,    0.0000000000E+00,    0.0000000000E+00,    6.3867664755E+01
     78250,      0.676931,CP0_start,   1,    0.0000000000E+00,    6.3944653719E+01,    6.3944653719E+01,    0.0000000000E+00,    0.0000000000E+00,    0.0000000000E+00,    6.3944653719E+01
     78250,      0.676931,CP1_after_deposition,   1,    0.0000000000E+00,    6.3944653719E+01,    6.3944653719E+01,    0.0000000000E+00,    0.0000000000E+00,    0.0000000000E+00,    6.3944653719E+01
     78250,      0.676931,CP2_after_erosion,   1,    0.0000000000E+00,    6.3944653719E+01,    6.3944653719E+01,    0.0000000000E+00,    0.0000000000E+00,    0.0000000000E+00,    6.3944653719E+01
     78250,      0.676931,CP3_after_update_bottom,   1,    0.0000000000E+00,    6.3944653719E+01,    6.3944653719E+01,    0.0000000000E+00,    0.0000000000E+00,    0.0000000000E+00,    6.3944653719E+01
     78250,      0.676931,CP4_after_advection,   1,    0.0000000000E+00,    6.3948305395E+01,    6.3948305395E+01,    0.0000000000E+00,    0.0000000000E+00,    0.0000000000E+00,    6.3948305395E+01
     78250,      0.676931,CP5_after_vdif,   1,    0.0000000000E+00,    6.3948305395E+01,    6.3948305395E+01,    0.0000000000E+00,    0.0000000000E+00,    0.0000000000E+00,    6.3948305395E+01
     78250,      0.676931,CP6_after_kinetics,   1,    0.0000000000E+00,    6.3948305395E+01,    6.3948305395E+01,    0.0000000000E+00,    0.0000000000E+00,    0.0000000000E+00,    6.3948305395E+01
     78250,      0.676931,CP7_after_upper_clamp,   1,    0.0000000000E+00,    6.3948305395E+01,    6.3948305395E+01,    0.0000000000E+00,    0.0000000000E+00,    0.0000000000E+00,    6.3948305395E+01
     78250,      0.676931,CP8_after_OBC,   1,    0.0000000000E+00,    6.3948305395E+01,    6.3948305395E+01,    0.0000000000E+00,    0.0000000000E+00,    0.0000000000E+00,    6.3948305395E+01
     78250,      0.676931,CP9_after_PTsource,   1,    0.0000000000E+00,    6.3948305395E+01,    6.3948305395E+01,    0.0000000000E+00,    0.0000000000E+00,    0.0000000000E+00,    6.3948305395E+01
     78250,      0.676931,CP10_after_neg_clamp,   1,    0.0000000000E+00,    6.3948305395E+01,    6.3948305395E+01,    0.0000000000E+00,    0.0000000000E+00,    0.0000000000E+00,    6.3948305395E+01
     78250,      0.676931,CP11_after_MPI,   1,    0.0000000000E+00,    6.3948305395E+01,    6.3948305395E+01,    0.0000000000E+00,    0.0000000000E+00,    0.0000000000E+00,    6.3948305395E+01
     78250,      0.676931,CP12_end,   1,    0.0000000000E+00,    6.3948305395E+01,    6.3948305395E+01,    0.0000000000E+00,    0.0000000000E+00,    0.0000000000E+00,    6.3948305395E+01
     78300,      0.676931,CP0_start,   1,    0.0000000000E+00,    6.4025547633E+01,    6.4025547633E+01,    0.0000000000E+00,    0.0000000000E+00,    0.0000000000E+00,    6.4025547633E+01
     78300,      0.676931,CP1_after_deposition,   1,    0.0000000000E+00,    6.4025547633E+01,    6.4025547633E+01,    0.0000000000E+00,    0.0000000000E+00,    0.0000000000E+00,    6.4025547633E+01
     78300,      0.676931,CP2_after_erosion,   1,    0.0000000000E+00,    6.4025547633E+01,    6.4025547633E+01,    0.0000000000E+00,    0.0000000000E+00,    0.0000000000E+00,    6.4025547633E+01
     78300,      0.676931,CP3_after_update_bottom,   1,    0.0000000000E+00,    6.4025547633E+01,    6.4025547633E+01,    0.0000000000E+00,    0.0000000000E+00,    0.0000000000E+00,    6.4025547633E+01
     78300,      0.676931,CP4_after_advection,   1,    0.0000000000E+00,    6.4029195109E+01,    6.4029195109E+01,    0.0000000000E+00,    0.0000000000E+00,    0.0000000000E+00,    6.4029195109E+01
     78300,      0.676931,CP5_after_vdif,   1,    0.0000000000E+00,    6.4029195109E+01,    6.4029195109E+01,    0.0000000000E+00,    0.0000000000E+00,    0.0000000000E+00,    6.4029195109E+01
     78300,      0.676931,CP6_after_kinetics,   1,    0.0000000000E+00,    6.4029195109E+01,    6.4029195109E+01,    0.0000000000E+00,    0.0000000000E+00,    0.0000000000E+00,    6.4029195109E+01
     78300,      0.676931,CP7_after_upper_clamp,   1,    0.0000000000E+00,    6.4029195109E+01,    6.4029195109E+01,    0.0000000000E+00,    0.0000000000E+00,    0.0000000000E+00,    6.4029195109E+01
     78300,      0.676931,CP8_after_OBC,   1,    0.0000000000E+00,    6.4029195109E+01,    6.4029195109E+01,    0.0000000000E+00,    0.0000000000E+00,    0.0000000000E+00,    6.4029195109E+01
     78300,      0.676931,CP9_after_PTsource,   1,    0.0000000000E+00,    6.4029195109E+01,    6.4029195109E+01,    0.0000000000E+00,    0.0000000000E+00,    0.0000000000E+00,    6.4029195109E+01
     78300,      0.676931,CP10_after_neg_clamp,   1,    0.0000000000E+00,    6.4029195109E+01,    6.4029195109E+01,    0.0000000000E+00,    0.0000000000E+00,    0.0000000000E+00,    6.4029195109E+01
     78300,      0.676931,CP11_after_MPI,   1,    0.0000000000E+00,    6.4029195109E+01,    6.4029195109E+01,    0.0000000000E+00,    0.0000000000E+00,    0.0000000000E+00,    6.4029195109E+01
     78300,      0.676931,CP12_end,   1,    0.0000000000E+00,    6.4029195109E+01,    6.4029195109E+01,    0.0000000000E+00,    0.0000000000E+00,    0.0000000000E+00,    6.4029195109E+01
     78350,      0.676931,CP0_start,   1,    0.0000000000E+00,    6.4106008116E+01,    6.4106008116E+01,    0.0000000000E+00,    0.0000000000E+00,    0.0000000000E+00,    6.4106008116E+01
     78350,      0.676931,CP1_after_deposition,   1,    0.0000000000E+00,    6.4106008116E+01,    6.4106008116E+01,    0.0000000000E+00,    0.0000000000E+00,    0.0000000000E+00,    6.4106008116E+01
     78350,      0.676931,CP2_after_erosion,   1,    0.0000000000E+00,    6.4106008116E+01,    6.4106008116E+01,    0.0000000000E+00,    0.0000000000E+00,    0.0000000000E+00,    6.4106008116E+01
     78350,      0.676931,CP3_after_update_bottom,   1,    0.0000000000E+00,    6.4106008116E+01,    6.4106008116E+01,    0.0000000000E+00,    0.0000000000E+00,    0.0000000000E+00,    6.4106008116E+01
     78350,      0.676931,CP4_after_advection,   1,    0.0000000000E+00,    6.4109649641E+01,    6.4109649641E+01,    0.0000000000E+00,    0.0000000000E+00,    0.0000000000E+00,    6.4109649641E+01
     78350,      0.676931,CP5_after_vdif,   1,    0.0000000000E+00,    6.4109649641E+01,    6.4109649641E+01,    0.0000000000E+00,    0.0000000000E+00,    0.0000000000E+00,    6.4109649641E+01
     78350,      0.676931,CP6_after_kinetics,   1,    0.0000000000E+00,    6.4109649641E+01,    6.4109649641E+01,    0.0000000000E+00,    0.0000000000E+00,    0.0000000000E+00,    6.4109649641E+01
     78350,      0.676931,CP7_after_upper_clamp,   1,    0.0000000000E+00,    6.4109649641E+01,    6.4109649641E+01,    0.0000000000E+00,    0.0000000000E+00,    0.0000000000E+00,    6.4109649641E+01
     78350,      0.676931,CP8_after_OBC,   1,    0.0000000000E+00,    6.4109649641E+01,    6.4109649641E+01,    0.0000000000E+00,    0.0000000000E+00,    0.0000000000E+00,    6.4109649641E+01
     78350,      0.676931,CP9_after_PTsource,   1,    0.0000000000E+00,    6.4109649641E+01,    6.4109649641E+01,    0.0000000000E+00,    0.0000000000E+00,    0.0000000000E+00,    6.4109649641E+01
     78350,      0.676931,CP10_after_neg_clamp,   1,    0.0000000000E+00,    6.4109649641E+01,    6.4109649641E+01,    0.0000000000E+00,    0.0000000000E+00,    0.0000000000E+00,    6.4109649641E+01
     78350,      0.676931,CP11_after_MPI,   1,    0.0000000000E+00,    6.4109649641E+01,    6.4109649641E+01,    0.0000000000E+00,    0.0000000000E+00,    0.0000000000E+00,    6.4109649641E+01
     78350,      0.676931,CP12_end,   1,    0.0000000000E+00,    6.4109649641E+01,    6.4109649641E+01,    0.0000000000E+00,    0.0000000000E+00,    0.0000000000E+00,    6.4109649641E+01
     78400,      0.676931,CP0_start,   1,    0.0000000000E+00,    6.4186583870E+01,    6.4186583870E+01,    0.0000000000E+00,    0.0000000000E+00,    0.0000000000E+00,    6.4186583870E+01
     78400,      0.676931,CP1_after_deposition,   1,    0.0000000000E+00,    6.4186583870E+01,    6.4186583870E+01,    0.0000000000E+00,    0.0000000000E+00,    0.0000000000E+00,    6.4186583870E+01
     78400,      0.676931,CP2_after_erosion,   1,    0.0000000000E+00,    6.4186583870E+01,    6.4186583870E+01,    0.0000000000E+00,    0.0000000000E+00,    0.0000000000E+00,    6.4186583870E+01
     78400,      0.676931,CP3_after_update_bottom,   1,    0.0000000000E+00,    6.4186583870E+01,    6.4186583870E+01,    0.0000000000E+00,    0.0000000000E+00,    0.0000000000E+00,    6.4186583870E+01
     78400,      0.676931,CP4_after_advection,   1,    0.0000000000E+00,    6.4190219597E+01,    6.4190219597E+01,    0.0000000000E+00,    0.0000000000E+00,    0.0000000000E+00,    6.4190219597E+01
     78400,      0.676931,CP5_after_vdif,   1,    0.0000000000E+00,    6.4190219597E+01,    6.4190219597E+01,    0.0000000000E+00,    0.0000000000E+00,    0.0000000000E+00,    6.4190219597E+01
     78400,      0.676931,CP6_after_kinetics,   1,    0.0000000000E+00,    6.4190219597E+01,    6.4190219597E+01,    0.0000000000E+00,    0.0000000000E+00,    0.0000000000E+00,    6.4190219597E+01
     78400,      0.676931,CP7_after_upper_clamp,   1,    0.0000000000E+00,    6.4190219597E+01,    6.4190219597E+01,    0.0000000000E+00,    0.0000000000E+00,    0.0000000000E+00,    6.4190219597E+01
     78400,      0.676931,CP8_after_OBC,   1,    0.0000000000E+00,    6.4190219597E+01,    6.4190219597E+01,    0.0000000000E+00,    0.0000000000E+00,    0.0000000000E+00,    6.4190219597E+01
     78400,      0.676931,CP9_after_PTsource,   1,    0.0000000000E+00,    6.4190219597E+01,    6.4190219597E+01,    0.0000000000E+00,    0.0000000000E+00,    0.0000000000E+00,    6.4190219597E+01
     78400,      0.676931,CP10_after_neg_clamp,   1,    0.0000000000E+00,    6.4190219597E+01,    6.4190219597E+01,    0.0000000000E+00,    0.0000000000E+00,    0.0000000000E+00,    6.4190219597E+01
     78400,      0.676931,CP11_after_MPI,   1,    0.0000000000E+00,    6.4190219597E+01,    6.4190219597E+01,    0.0000000000E+00,    0.0000000000E+00,    0.0000000000E+00,    6.4190219597E+01
     78400,      0.676931,CP12_end,   1,    0.0000000000E+00,    6.4190219597E+01,    6.4190219597E+01,    0.0000000000E+00,    0.0000000000E+00,    0.0000000000E+00,    6.4190219597E+01
     78450,      0.676931,CP0_start,   1,    0.0000000000E+00,    6.4267210072E+01,    6.4267210072E+01,    0.0000000000E+00,    0.0000000000E+00,    0.0000000000E+00,    6.4267210072E+01
     78450,      0.676931,CP1_after_deposition,   1,    0.0000000000E+00,    6.4267210072E+01,    6.4267210072E+01,    0.0000000000E+00,    0.0000000000E+00,    0.0000000000E+00,    6.4267210072E+01
     78450,      0.676931,CP2_after_erosion,   1,    0.0000000000E+00,    6.4267210072E+01,    6.4267210072E+01,    0.0000000000E+00,    0.0000000000E+00,    0.0000000000E+00,    6.4267210072E+01
     78450,      0.676931,CP3_after_update_bottom,   1,    0.0000000000E+00,    6.4267210072E+01,    6.4267210072E+01,    0.0000000000E+00,    0.0000000000E+00,    0.0000000000E+00,    6.4267210072E+01
     78450,      0.676931,CP4_after_advection,   1,    0.0000000000E+00,    6.4270837448E+01,    6.4270837448E+01,    0.0000000000E+00,    0.0000000000E+00,    0.0000000000E+00,    6.4270837448E+01
     78450,      0.676931,CP5_after_vdif,   1,    0.0000000000E+00,    6.4270837448E+01,    6.4270837448E+01,    0.0000000000E+00,    0.0000000000E+00,    0.0000000000E+00,    6.4270837448E+01
     78450,      0.676931,CP6_after_kinetics,   1,    0.0000000000E+00,    6.4270837448E+01,    6.4270837448E+01,    0.0000000000E+00,    0.0000000000E+00,    0.0000000000E+00,    6.4270837448E+01
     78450,      0.676931,CP7_after_upper_clamp,   1,    0.0000000000E+00,    6.4270837448E+01,    6.4270837448E+01,    0.0000000000E+00,    0.0000000000E+00,    0.0000000000E+00,    6.4270837448E+01
     78450,      0.676931,CP8_after_OBC,   1,    0.0000000000E+00,    6.4270837448E+01,    6.4270837448E+01,    0.0000000000E+00,    0.0000000000E+00,    0.0000000000E+00,    6.4270837448E+01
     78450,      0.676931,CP9_after_PTsource,   1,    0.0000000000E+00,    6.4270837448E+01,    6.4270837448E+01,    0.0000000000E+00,    0.0000000000E+00,    0.0000000000E+00,    6.4270837448E+01
     78450,      0.676931,CP10_after_neg_clamp,   1,    0.0000000000E+00,    6.4270837448E+01,    6.4270837448E+01,    0.0000000000E+00,    0.0000000000E+00,    0.0000000000E+00,    6.4270837448E+01
     78450,      0.676931,CP11_after_MPI,   1,    0.0000000000E+00,    6.4270837448E+01,    6.4270837448E+01,    0.0000000000E+00,    0.0000000000E+00,    0.0000000000E+00,    6.4270837448E+01
     78450,      0.676931,CP12_end,   1,    0.0000000000E+00,    6.4270837448E+01,    6.4270837448E+01,    0.0000000000E+00,    0.0000000000E+00,    0.0000000000E+00,    6.4270837448E+01
     78500,      0.676931,CP0_start,   1,    0.0000000000E+00,    6.4347907602E+01,    6.4347907602E+01,    0.0000000000E+00,    0.0000000000E+00,    0.0000000000E+00,    6.4347907602E+01
     78500,      0.676931,CP1_after_deposition,   1,    0.0000000000E+00,    6.4347907602E+01,    6.4347907602E+01,    0.0000000000E+00,    0.0000000000E+00,    0.0000000000E+00,    6.4347907602E+01
     78500,      0.676931,CP2_after_erosion,   1,    0.0000000000E+00,    6.4347907602E+01,    6.4347907602E+01,    0.0000000000E+00,    0.0000000000E+00,    0.0000000000E+00,    6.4347907602E+01
     78500,      0.676931,CP3_after_update_bottom,   1,    0.0000000000E+00,    6.4347907602E+01,    6.4347907602E+01,    0.0000000000E+00,    0.0000000000E+00,    0.0000000000E+00,    6.4347907602E+01
     78500,      0.676931,CP4_after_advection,   1,    0.0000000000E+00,    6.4351526406E+01,    6.4351526406E+01,    0.0000000000E+00,    0.0000000000E+00,    0.0000000000E+00,    6.4351526406E+01
     78500,      0.676931,CP5_after_vdif,   1,    0.0000000000E+00,    6.4351526406E+01,    6.4351526406E+01,    0.0000000000E+00,    0.0000000000E+00,    0.0000000000E+00,    6.4351526406E+01
     78500,      0.676931,CP6_after_kinetics,   1,    0.0000000000E+00,    6.4351526406E+01,    6.4351526406E+01,    0.0000000000E+00,    0.0000000000E+00,    0.0000000000E+00,    6.4351526406E+01
     78500,      0.676931,CP7_after_upper_clamp,   1,    0.0000000000E+00,    6.4351526406E+01,    6.4351526406E+01,    0.0000000000E+00,    0.0000000000E+00,    0.0000000000E+00,    6.4351526406E+01
     78500,      0.676931,CP8_after_OBC,   1,    0.0000000000E+00,    6.4351526406E+01,    6.4351526406E+01,    0.0000000000E+00,    0.0000000000E+00,    0.0000000000E+00,    6.4351526406E+01
     78500,      0.676931,CP9_after_PTsource,   1,    0.0000000000E+00,    6.4351526406E+01,    6.4351526406E+01,    0.0000000000E+00,    0.0000000000E+00,    0.0000000000E+00,    6.4351526406E+01
     78500,      0.676931,CP10_after_neg_clamp,   1,    0.0000000000E+00,    6.4351526406E+01,    6.4351526406E+01,    0.0000000000E+00,    0.0000000000E+00,    0.0000000000E+00,    6.4351526406E+01
     78500,      0.676931,CP11_after_MPI,   1,    0.0000000000E+00,    6.4351526406E+01,    6.4351526406E+01,    0.0000000000E+00,    0.0000000000E+00,    0.0000000000E+00,    6.4351526406E+01
     78500,      0.676931,CP12_end,   1,    0.0000000000E+00,    6.4351526406E+01,    6.4351526406E+01,    0.0000000000E+00,    0.0000000000E+00,    0.0000000000E+00,    6.4351526406E+01
     78550,      0.676931,CP0_start,   1,    0.0000000000E+00,    6.4428674588E+01,    6.4428674588E+01,    0.0000000000E+00,    0.0000000000E+00,    0.0000000000E+00,    6.4428674588E+01
     78550,      0.676931,CP1_after_deposition,   1,    0.0000000000E+00,    6.4428674588E+01,    6.4428674588E+01,    0.0000000000E+00,    0.0000000000E+00,    0.0000000000E+00,    6.4428674588E+01
     78550,      0.676931,CP2_after_erosion,   1,    0.0000000000E+00,    6.4428674588E+01,    6.4428674588E+01,    0.0000000000E+00,    0.0000000000E+00,    0.0000000000E+00,    6.4428674588E+01
     78550,      0.676931,CP3_after_update_bottom,   1,    0.0000000000E+00,    6.4428674588E+01,    6.4428674588E+01,    0.0000000000E+00,    0.0000000000E+00,    0.0000000000E+00,    6.4428674588E+01
     78550,      0.676931,CP4_after_advection,   1,    0.0000000000E+00,    6.4432285634E+01,    6.4432285634E+01,    0.0000000000E+00,    0.0000000000E+00,    0.0000000000E+00,    6.4432285634E+01
     78550,      0.676931,CP5_after_vdif,   1,    0.0000000000E+00,    6.4432285634E+01,    6.4432285634E+01,    0.0000000000E+00,    0.0000000000E+00,    0.0000000000E+00,    6.4432285634E+01
     78550,      0.676931,CP6_after_kinetics,   1,    0.0000000000E+00,    6.4432285634E+01,    6.4432285634E+01,    0.0000000000E+00,    0.0000000000E+00,    0.0000000000E+00,    6.4432285634E+01
     78550,      0.676931,CP7_after_upper_clamp,   1,    0.0000000000E+00,    6.4432285634E+01,    6.4432285634E+01,    0.0000000000E+00,    0.0000000000E+00,    0.0000000000E+00,    6.4432285634E+01
     78550,      0.676931,CP8_after_OBC,   1,    0.0000000000E+00,    6.4432285634E+01,    6.4432285634E+01,    0.0000000000E+00,    0.0000000000E+00,    0.0000000000E+00,    6.4432285634E+01
     78550,      0.676931,CP9_after_PTsource,   1,    0.0000000000E+00,    6.4432285634E+01,    6.4432285634E+01,    0.0000000000E+00,    0.0000000000E+00,    0.0000000000E+00,    6.4432285634E+01
     78550,      0.676931,CP10_after_neg_clamp,   1,    0.0000000000E+00,    6.4432285634E+01,    6.4432285634E+01,    0.0000000000E+00,    0.0000000000E+00,    0.0000000000E+00,    6.4432285634E+01
     78550,      0.676931,CP11_after_MPI,   1,    0.0000000000E+00,    6.4432285634E+01,    6.4432285634E+01,    0.0000000000E+00,    0.0000000000E+00,    0.0000000000E+00,    6.4432285634E+01
     78550,      0.676931,CP12_end,   1,    0.0000000000E+00,    6.4432285634E+01,    6.4432285634E+01,    0.0000000000E+00,    0.0000000000E+00,    0.0000000000E+00,    6.4432285634E+01
     78600,      0.676931,CP0_start,   1,    0.0000000000E+00,    6.4509465505E+01,    6.4509465505E+01,    0.0000000000E+00,    0.0000000000E+00,    0.0000000000E+00,    6.4509465505E+01
     78600,      0.676931,CP1_after_deposition,   1,    0.0000000000E+00,    6.4509465505E+01,    6.4509465505E+01,    0.0000000000E+00,    0.0000000000E+00,    0.0000000000E+00,    6.4509465505E+01
     78600,      0.676931,CP2_after_erosion,   1,    0.0000000000E+00,    6.4509465505E+01,    6.4509465505E+01,    0.0000000000E+00,    0.0000000000E+00,    0.0000000000E+00,    6.4509465505E+01
     78600,      0.676931,CP3_after_update_bottom,   1,    0.0000000000E+00,    6.4509465505E+01,    6.4509465505E+01,    0.0000000000E+00,    0.0000000000E+00,    0.0000000000E+00,    6.4509465505E+01
     78600,      0.676931,CP4_after_advection,   1,    0.0000000000E+00,    6.4513068131E+01,    6.4513068131E+01,    0.0000000000E+00,    0.0000000000E+00,    0.0000000000E+00,    6.4513068131E+01
     78600,      0.676931,CP5_after_vdif,   1,    0.0000000000E+00,    6.4513068131E+01,    6.4513068131E+01,    0.0000000000E+00,    0.0000000000E+00,    0.0000000000E+00,    6.4513068131E+01
     78600,      0.676931,CP6_after_kinetics,   1,    0.0000000000E+00,    6.4513068131E+01,    6.4513068131E+01,    0.0000000000E+00,    0.0000000000E+00,    0.0000000000E+00,    6.4513068131E+01
     78600,      0.676931,CP7_after_upper_clamp,   1,    0.0000000000E+00,    6.4513068131E+01,    6.4513068131E+01,    0.0000000000E+00,    0.0000000000E+00,    0.0000000000E+00,    6.4513068131E+01
     78600,      0.676931,CP8_after_OBC,   1,    0.0000000000E+00,    6.4513068131E+01,    6.4513068131E+01,    0.0000000000E+00,    0.0000000000E+00,    0.0000000000E+00,    6.4513068131E+01
     78600,      0.676931,CP9_after_PTsource,   1,    0.0000000000E+00,    6.4513068131E+01,    6.4513068131E+01,    0.0000000000E+00,    0.0000000000E+00,    0.0000000000E+00,    6.4513068131E+01
     78600,      0.676931,CP10_after_neg_clamp,   1,    0.0000000000E+00,    6.4513068131E+01,    6.4513068131E+01,    0.0000000000E+00,    0.0000000000E+00,    0.0000000000E+00,    6.4513068131E+01
     78600,      0.676931,CP11_after_MPI,   1,    0.0000000000E+00,    6.4513068131E+01,    6.4513068131E+01,    0.0000000000E+00,    0.0000000000E+00,    0.0000000000E+00,    6.4513068131E+01
     78600,      0.676931,CP12_end,   1,    0.0000000000E+00,    6.4513068131E+01,    6.4513068131E+01,    0.0000000000E+00,    0.0000000000E+00,    0.0000000000E+00,    6.4513068131E+01
     78650,      0.676931,CP0_start,   1,    0.0000000000E+00,    6.4590348512E+01,    6.4590348512E+01,    0.0000000000E+00,    0.0000000000E+00,    0.0000000000E+00,    6.4590348512E+01
     78650,      0.676931,CP1_after_deposition,   1,    0.0000000000E+00,    6.4590348512E+01,    6.4590348512E+01,    0.0000000000E+00,    0.0000000000E+00,    0.0000000000E+00,    6.4590348512E+01
     78650,      0.676931,CP2_after_erosion,   1,    0.0000000000E+00,    6.4590348512E+01,    6.4590348512E+01,    0.0000000000E+00,    0.0000000000E+00,    0.0000000000E+00,    6.4590348512E+01
     78650,      0.676931,CP3_after_update_bottom,   1,    0.0000000000E+00,    6.4590348512E+01,    6.4590348512E+01,    0.0000000000E+00,    0.0000000000E+00,    0.0000000000E+00,    6.4590348512E+01
     78650,      0.676931,CP4_after_advection,   1,    0.0000000000E+00,    6.4593945280E+01,    6.4593945280E+01,    0.0000000000E+00,    0.0000000000E+00,    0.0000000000E+00,    6.4593945280E+01
     78650,      0.676931,CP5_after_vdif,   1,    0.0000000000E+00,    6.4593945280E+01,    6.4593945280E+01,    0.0000000000E+00,    0.0000000000E+00,    0.0000000000E+00,    6.4593945280E+01
     78650,      0.676931,CP6_after_kinetics,   1,    0.0000000000E+00,    6.4593945280E+01,    6.4593945280E+01,    0.0000000000E+00,    0.0000000000E+00,    0.0000000000E+00,    6.4593945280E+01
     78650,      0.676931,CP7_after_upper_clamp,   1,    0.0000000000E+00,    6.4593945280E+01,    6.4593945280E+01,    0.0000000000E+00,    0.0000000000E+00,    0.0000000000E+00,    6.4593945280E+01
     78650,      0.676931,CP8_after_OBC,   1,    0.0000000000E+00,    6.4593945280E+01,    6.4593945280E+01,    0.0000000000E+00,    0.0000000000E+00,    0.0000000000E+00,    6.4593945280E+01
     78650,      0.676931,CP9_after_PTsource,   1,    0.0000000000E+00,    6.4593945280E+01,    6.4593945280E+01,    0.0000000000E+00,    0.0000000000E+00,    0.0000000000E+00,    6.4593945280E+01
     78650,      0.676931,CP10_after_neg_clamp,   1,    0.0000000000E+00,    6.4593945280E+01,    6.4593945280E+01,    0.0000000000E+00,    0.0000000000E+00,    0.0000000000E+00,    6.4593945280E+01
     78650,      0.676931,CP11_after_MPI,   1,    0.0000000000E+00,    6.4593945280E+01,    6.4593945280E+01,    0.0000000000E+00,    0.0000000000E+00,    0.0000000000E+00,    6.4593945280E+01
     78650,      0.676931,CP12_end,   1,    0.0000000000E+00,    6.4593945280E+01,    6.4593945280E+01,    0.0000000000E+00,    0.0000000000E+00,    0.0000000000E+00,    6.4593945280E+01
     78700,      0.676931,CP0_start,   1,    0.0000000000E+00,    6.4671325401E+01,    6.4671325401E+01,    0.0000000000E+00,    0.0000000000E+00,    0.0000000000E+00,    6.4671325401E+01
     78700,      0.676931,CP1_after_deposition,   1,    0.0000000000E+00,    6.4671325401E+01,    6.4671325401E+01,    0.0000000000E+00,    0.0000000000E+00,    0.0000000000E+00,    6.4671325401E+01
     78700,      0.676931,CP2_after_erosion,   1,    0.0000000000E+00,    6.4671325401E+01,    6.4671325401E+01,    0.0000000000E+00,    0.0000000000E+00,    0.0000000000E+00,    6.4671325401E+01
     78700,      0.676931,CP3_after_update_bottom,   1,    0.0000000000E+00,    6.4671325401E+01,    6.4671325401E+01,    0.0000000000E+00,    0.0000000000E+00,    0.0000000000E+00,    6.4671325401E+01
     78700,      0.676931,CP4_after_advection,   1,    0.0000000000E+00,    6.4674915057E+01,    6.4674915057E+01,    0.0000000000E+00,    0.0000000000E+00,    0.0000000000E+00,    6.4674915057E+01
     78700,      0.676931,CP5_after_vdif,   1,    0.0000000000E+00,    6.4674915057E+01,    6.4674915057E+01,    0.0000000000E+00,    0.0000000000E+00,    0.0000000000E+00,    6.4674915057E+01
     78700,      0.676931,CP6_after_kinetics,   1,    0.0000000000E+00,    6.4674915057E+01,    6.4674915057E+01,    0.0000000000E+00,    0.0000000000E+00,    0.0000000000E+00,    6.4674915057E+01
     78700,      0.676931,CP7_after_upper_clamp,   1,    0.0000000000E+00,    6.4674915057E+01,    6.4674915057E+01,    0.0000000000E+00,    0.0000000000E+00,    0.0000000000E+00,    6.4674915057E+01
     78700,      0.676931,CP8_after_OBC,   1,    0.0000000000E+00,    6.4674915057E+01,    6.4674915057E+01,    0.0000000000E+00,    0.0000000000E+00,    0.0000000000E+00,    6.4674915057E+01
     78700,      0.676931,CP9_after_PTsource,   1,    0.0000000000E+00,    6.4674915057E+01,    6.4674915057E+01,    0.0000000000E+00,    0.0000000000E+00,    0.0000000000E+00,    6.4674915057E+01
     78700,      0.676931,CP10_after_neg_clamp,   1,    0.0000000000E+00,    6.4674915057E+01,    6.4674915057E+01,    0.0000000000E+00,    0.0000000000E+00,    0.0000000000E+00,    6.4674915057E+01
     78700,      0.676931,CP11_after_MPI,   1,    0.0000000000E+00,    6.4674915057E+01,    6.4674915057E+01,    0.0000000000E+00,    0.0000000000E+00,    0.0000000000E+00,    6.4674915057E+01
     78700,      0.676931,CP12_end,   1,    0.0000000000E+00,    6.4674915057E+01,    6.4674915057E+01,    0.0000000000E+00,    0.0000000000E+00,    0.0000000000E+00,    6.4674915057E+01
     78750,      0.676931,CP0_start,   1,    0.0000000000E+00,    6.4752453485E+01,    6.4752453485E+01,    0.0000000000E+00,    0.0000000000E+00,    0.0000000000E+00,    6.4752453485E+01
     78750,      0.676931,CP1_after_deposition,   1,    0.0000000000E+00,    6.4752453485E+01,    6.4752453485E+01,    0.0000000000E+00,    0.0000000000E+00,    0.0000000000E+00,    6.4752453485E+01
     78750,      0.676931,CP2_after_erosion,   1,    0.0000000000E+00,    6.4752453485E+01,    6.4752453485E+01,    0.0000000000E+00,    0.0000000000E+00,    0.0000000000E+00,    6.4752453485E+01
     78750,      0.676931,CP3_after_update_bottom,   1,    0.0000000000E+00,    6.4752453485E+01,    6.4752453485E+01,    0.0000000000E+00,    0.0000000000E+00,    0.0000000000E+00,    6.4752453485E+01
     78750,      0.676931,CP4_after_advection,   1,    0.0000000000E+00,    6.4756037901E+01,    6.4756037901E+01,    0.0000000000E+00,    0.0000000000E+00,    0.0000000000E+00,    6.4756037901E+01
     78750,      0.676931,CP5_after_vdif,   1,    0.0000000000E+00,    6.4756037901E+01,    6.4756037901E+01,    0.0000000000E+00,    0.0000000000E+00,    0.0000000000E+00,    6.4756037901E+01
     78750,      0.676931,CP6_after_kinetics,   1,    0.0000000000E+00,    6.4756037901E+01,    6.4756037901E+01,    0.0000000000E+00,    0.0000000000E+00,    0.0000000000E+00,    6.4756037901E+01
     78750,      0.676931,CP7_after_upper_clamp,   1,    0.0000000000E+00,    6.4756037901E+01,    6.4756037901E+01,    0.0000000000E+00,    0.0000000000E+00,    0.0000000000E+00,    6.4756037901E+01
     78750,      0.676931,CP8_after_OBC,   1,    0.0000000000E+00,    6.4756037901E+01,    6.4756037901E+01,    0.0000000000E+00,    0.0000000000E+00,    0.0000000000E+00,    6.4756037901E+01
     78750,      0.676931,CP9_after_PTsource,   1,    0.0000000000E+00,    6.4756037901E+01,    6.4756037901E+01,    0.0000000000E+00,    0.0000000000E+00,    0.0000000000E+00,    6.4756037901E+01
     78750,      0.676931,CP10_after_neg_clamp,   1,    0.0000000000E+00,    6.4756037901E+01,    6.4756037901E+01,    0.0000000000E+00,    0.0000000000E+00,    0.0000000000E+00,    6.4756037901E+01
     78750,      0.676931,CP11_after_MPI,   1,    0.0000000000E+00,    6.4756037901E+01,    6.4756037901E+01,    0.0000000000E+00,    0.0000000000E+00,    0.0000000000E+00,    6.4756037901E+01
     78750,      0.676931,CP12_end,   1,    0.0000000000E+00,    6.4756037901E+01,    6.4756037901E+01,    0.0000000000E+00,    0.0000000000E+00,    0.0000000000E+00,    6.4756037901E+01
     78800,      0.676931,CP0_start,   1,    0.0000000000E+00,    6.4833778868E+01,    6.4833778868E+01,    0.0000000000E+00,    0.0000000000E+00,    0.0000000000E+00,    6.4833778868E+01
     78800,      0.676931,CP1_after_deposition,   1,    0.0000000000E+00,    6.4833778868E+01,    6.4833778868E+01,    0.0000000000E+00,    0.0000000000E+00,    0.0000000000E+00,    6.4833778868E+01
     78800,      0.676931,CP2_after_erosion,   1,    0.0000000000E+00,    6.4833778868E+01,    6.4833778868E+01,    0.0000000000E+00,    0.0000000000E+00,    0.0000000000E+00,    6.4833778868E+01
     78800,      0.676931,CP3_after_update_bottom,   1,    0.0000000000E+00,    6.4833778868E+01,    6.4833778868E+01,    0.0000000000E+00,    0.0000000000E+00,    0.0000000000E+00,    6.4833778868E+01
     78800,      0.676931,CP4_after_advection,   1,    0.0000000000E+00,    6.4837358974E+01,    6.4837358974E+01,    0.0000000000E+00,    0.0000000000E+00,    0.0000000000E+00,    6.4837358974E+01
     78800,      0.676931,CP5_after_vdif,   1,    0.0000000000E+00,    6.4837358974E+01,    6.4837358974E+01,    0.0000000000E+00,    0.0000000000E+00,    0.0000000000E+00,    6.4837358974E+01
     78800,      0.676931,CP6_after_kinetics,   1,    0.0000000000E+00,    6.4837358974E+01,    6.4837358974E+01,    0.0000000000E+00,    0.0000000000E+00,    0.0000000000E+00,    6.4837358974E+01
     78800,      0.676931,CP7_after_upper_clamp,   1,    0.0000000000E+00,    6.4837358974E+01,    6.4837358974E+01,    0.0000000000E+00,    0.0000000000E+00,    0.0000000000E+00,    6.4837358974E+01
     78800,      0.676931,CP8_after_OBC,   1,    0.0000000000E+00,    6.4837358974E+01,    6.4837358974E+01,    0.0000000000E+00,    0.0000000000E+00,    0.0000000000E+00,    6.4837358974E+01
     78800,      0.676931,CP9_after_PTsource,   1,    0.0000000000E+00,    6.4837358974E+01,    6.4837358974E+01,    0.0000000000E+00,    0.0000000000E+00,    0.0000000000E+00,    6.4837358974E+01
     78800,      0.676931,CP10_after_neg_clamp,   1,    0.0000000000E+00,    6.4837358974E+01,    6.4837358974E+01,    0.0000000000E+00,    0.0000000000E+00,    0.0000000000E+00,    6.4837358974E+01
     78800,      0.676931,CP11_after_MPI,   1,    0.0000000000E+00,    6.4837358974E+01,    6.4837358974E+01,    0.0000000000E+00,    0.0000000000E+00,    0.0000000000E+00,    6.4837358974E+01
     78800,      0.676931,CP12_end,   1,    0.0000000000E+00,    6.4837358974E+01,    6.4837358974E+01,    0.0000000000E+00,    0.0000000000E+00,    0.0000000000E+00,    6.4837358974E+01
     78850,      0.676931,CP0_start,   1,    0.0000000000E+00,    6.4915299234E+01,    6.4915299234E+01,    0.0000000000E+00,    0.0000000000E+00,    0.0000000000E+00,    6.4915299234E+01
     78850,      0.676931,CP1_after_deposition,   1,    0.0000000000E+00,    6.4915299234E+01,    6.4915299234E+01,    0.0000000000E+00,    0.0000000000E+00,    0.0000000000E+00,    6.4915299234E+01
     78850,      0.676931,CP2_after_erosion,   1,    0.0000000000E+00,    6.4915299234E+01,    6.4915299234E+01,    0.0000000000E+00,    0.0000000000E+00,    0.0000000000E+00,    6.4915299234E+01
     78850,      0.676931,CP3_after_update_bottom,   1,    0.0000000000E+00,    6.4915299234E+01,    6.4915299234E+01,    0.0000000000E+00,    0.0000000000E+00,    0.0000000000E+00,    6.4915299234E+01
     78850,      0.676931,CP4_after_advection,   1,    0.0000000000E+00,    6.4918876790E+01,    6.4918876790E+01,    0.0000000000E+00,    0.0000000000E+00,    0.0000000000E+00,    6.4918876790E+01
     78850,      0.676931,CP5_after_vdif,   1,    0.0000000000E+00,    6.4918876790E+01,    6.4918876790E+01,    0.0000000000E+00,    0.0000000000E+00,    0.0000000000E+00,    6.4918876790E+01
     78850,      0.676931,CP6_after_kinetics,   1,    0.0000000000E+00,    6.4918876790E+01,    6.4918876790E+01,    0.0000000000E+00,    0.0000000000E+00,    0.0000000000E+00,    6.4918876790E+01
     78850,      0.676931,CP7_after_upper_clamp,   1,    0.0000000000E+00,    6.4918876790E+01,    6.4918876790E+01,    0.0000000000E+00,    0.0000000000E+00,    0.0000000000E+00,    6.4918876790E+01
     78850,      0.676931,CP8_after_OBC,   1,    0.0000000000E+00,    6.4918876790E+01,    6.4918876790E+01,    0.0000000000E+00,    0.0000000000E+00,    0.0000000000E+00,    6.4918876790E+01
     78850,      0.676931,CP9_after_PTsource,   1,    0.0000000000E+00,    6.4918876790E+01,    6.4918876790E+01,    0.0000000000E+00,    0.0000000000E+00,    0.0000000000E+00,    6.4918876790E+01
     78850,      0.676931,CP10_after_neg_clamp,   1,    0.0000000000E+00,    6.4918876790E+01,    6.4918876790E+01,    0.0000000000E+00,    0.0000000000E+00,    0.0000000000E+00,    6.4918876790E+01
     78850,      0.676931,CP11_after_MPI,   1,    0.0000000000E+00,    6.4918876790E+01,    6.4918876790E+01,    0.0000000000E+00,    0.0000000000E+00,    0.0000000000E+00,    6.4918876790E+01
     78850,      0.676931,CP12_end,   1,    0.0000000000E+00,    6.4918876790E+01,    6.4918876790E+01,    0.0000000000E+00,    0.0000000000E+00,    0.0000000000E+00,    6.4918876790E+01
     78900,      0.676931,CP0_start,   1,    0.0000000000E+00,    6.4997063121E+01,    6.4997063121E+01,    0.0000000000E+00,    0.0000000000E+00,    0.0000000000E+00,    6.4997063121E+01
     78900,      0.676931,CP1_after_deposition,   1,    0.0000000000E+00,    6.4997063121E+01,    6.4997063121E+01,    0.0000000000E+00,    0.0000000000E+00,    0.0000000000E+00,    6.4997063121E+01
     78900,      0.676931,CP2_after_erosion,   1,    0.0000000000E+00,    6.4997063121E+01,    6.4997063121E+01,    0.0000000000E+00,    0.0000000000E+00,    0.0000000000E+00,    6.4997063121E+01
     78900,      0.676931,CP3_after_update_bottom,   1,    0.0000000000E+00,    6.4997063121E+01,    6.4997063121E+01,    0.0000000000E+00,    0.0000000000E+00,    0.0000000000E+00,    6.4997063121E+01
     78900,      0.676931,CP4_after_advection,   1,    0.0000000000E+00,    6.5000634874E+01,    6.5000634874E+01,    0.0000000000E+00,    0.0000000000E+00,    0.0000000000E+00,    6.5000634874E+01
     78900,      0.676931,CP5_after_vdif,   1,    0.0000000000E+00,    6.5000634874E+01,    6.5000634874E+01,    0.0000000000E+00,    0.0000000000E+00,    0.0000000000E+00,    6.5000634874E+01
     78900,      0.676931,CP6_after_kinetics,   1,    0.0000000000E+00,    6.5000634874E+01,    6.5000634874E+01,    0.0000000000E+00,    0.0000000000E+00,    0.0000000000E+00,    6.5000634874E+01
     78900,      0.676931,CP7_after_upper_clamp,   1,    0.0000000000E+00,    6.5000634874E+01,    6.5000634874E+01,    0.0000000000E+00,    0.0000000000E+00,    0.0000000000E+00,    6.5000634874E+01
     78900,      0.676931,CP8_after_OBC,   1,    0.0000000000E+00,    6.5000634874E+01,    6.5000634874E+01,    0.0000000000E+00,    0.0000000000E+00,    0.0000000000E+00,    6.5000634874E+01
     78900,      0.676931,CP9_after_PTsource,   1,    0.0000000000E+00,    6.5000634874E+01,    6.5000634874E+01,    0.0000000000E+00,    0.0000000000E+00,    0.0000000000E+00,    6.5000634874E+01
     78900,      0.676931,CP10_after_neg_clamp,   1,    0.0000000000E+00,    6.5000634874E+01,    6.5000634874E+01,    0.0000000000E+00,    0.0000000000E+00,    0.0000000000E+00,    6.5000634874E+01
     78900,      0.676931,CP11_after_MPI,   1,    0.0000000000E+00,    6.5000634874E+01,    6.5000634874E+01,    0.0000000000E+00,    0.0000000000E+00,    0.0000000000E+00,    6.5000634874E+01
     78900,      0.676931,CP12_end,   1,    0.0000000000E+00,    6.5000634874E+01,    6.5000634874E+01,    0.0000000000E+00,    0.0000000000E+00,    0.0000000000E+00,    6.5000634874E+01
     78950,      0.676931,CP0_start,   1,    0.0000000000E+00,    6.5079036175E+01,    6.5079036175E+01,    0.0000000000E+00,    0.0000000000E+00,    0.0000000000E+00,    6.5079036175E+01
     78950,      0.676931,CP1_after_deposition,   1,    0.0000000000E+00,    6.5079036175E+01,    6.5079036175E+01,    0.0000000000E+00,    0.0000000000E+00,    0.0000000000E+00,    6.5079036175E+01
     78950,      0.676931,CP2_after_erosion,   1,    0.0000000000E+00,    6.5079036175E+01,    6.5079036175E+01,    0.0000000000E+00,    0.0000000000E+00,    0.0000000000E+00,    6.5079036175E+01
     78950,      0.676931,CP3_after_update_bottom,   1,    0.0000000000E+00,    6.5079036175E+01,    6.5079036175E+01,    0.0000000000E+00,    0.0000000000E+00,    0.0000000000E+00,    6.5079036175E+01
     78950,      0.676931,CP4_after_advection,   1,    0.0000000000E+00,    6.5082602367E+01,    6.5082602367E+01,    0.0000000000E+00,    0.0000000000E+00,    0.0000000000E+00,    6.5082602367E+01
     78950,      0.676931,CP5_after_vdif,   1,    0.0000000000E+00,    6.5082602367E+01,    6.5082602367E+01,    0.0000000000E+00,    0.0000000000E+00,    0.0000000000E+00,    6.5082602367E+01
     78950,      0.676931,CP6_after_kinetics,   1,    0.0000000000E+00,    6.5082602367E+01,    6.5082602367E+01,    0.0000000000E+00,    0.0000000000E+00,    0.0000000000E+00,    6.5082602367E+01
     78950,      0.676931,CP7_after_upper_clamp,   1,    0.0000000000E+00,    6.5082602367E+01,    6.5082602367E+01,    0.0000000000E+00,    0.0000000000E+00,    0.0000000000E+00,    6.5082602367E+01
     78950,      0.676931,CP8_after_OBC,   1,    0.0000000000E+00,    6.5082602367E+01,    6.5082602367E+01,    0.0000000000E+00,    0.0000000000E+00,    0.0000000000E+00,    6.5082602367E+01
     78950,      0.676931,CP9_after_PTsource,   1,    0.0000000000E+00,    6.5082602367E+01,    6.5082602367E+01,    0.0000000000E+00,    0.0000000000E+00,    0.0000000000E+00,    6.5082602367E+01
     78950,      0.676931,CP10_after_neg_clamp,   1,    0.0000000000E+00,    6.5082602367E+01,    6.5082602367E+01,    0.0000000000E+00,    0.0000000000E+00,    0.0000000000E+00,    6.5082602367E+01
     78950,      0.676931,CP11_after_MPI,   1,    0.0000000000E+00,    6.5082602367E+01,    6.5082602367E+01,    0.0000000000E+00,    0.0000000000E+00,    0.0000000000E+00,    6.5082602367E+01
     78950,      0.676931,CP12_end,   1,    0.0000000000E+00,    6.5082602367E+01,    6.5082602367E+01,    0.0000000000E+00,    0.0000000000E+00,    0.0000000000E+00,    6.5082602367E+01
     79000,      0.676931,CP0_start,   1,    0.0000000000E+00,    6.5161188152E+01,    6.5161188152E+01,    0.0000000000E+00,    0.0000000000E+00,    0.0000000000E+00,    6.5161188152E+01
     79000,      0.676931,CP1_after_deposition,   1,    0.0000000000E+00,    6.5161188152E+01,    6.5161188152E+01,    0.0000000000E+00,    0.0000000000E+00,    0.0000000000E+00,    6.5161188152E+01
     79000,      0.676931,CP2_after_erosion,   1,    0.0000000000E+00,    6.5161188152E+01,    6.5161188152E+01,    0.0000000000E+00,    0.0000000000E+00,    0.0000000000E+00,    6.5161188152E+01
     79000,      0.676931,CP3_after_update_bottom,   1,    0.0000000000E+00,    6.5161188152E+01,    6.5161188152E+01,    0.0000000000E+00,    0.0000000000E+00,    0.0000000000E+00,    6.5161188152E+01
     79000,      0.676931,CP4_after_advection,   1,    0.0000000000E+00,    6.5164750749E+01,    6.5164750749E+01,    0.0000000000E+00,    0.0000000000E+00,    0.0000000000E+00,    6.5164750749E+01
     79000,      0.676931,CP5_after_vdif,   1,    0.0000000000E+00,    6.5164750749E+01,    6.5164750749E+01,    0.0000000000E+00,    0.0000000000E+00,    0.0000000000E+00,    6.5164750749E+01
     79000,      0.676931,CP6_after_kinetics,   1,    0.0000000000E+00,    6.5164750749E+01,    6.5164750749E+01,    0.0000000000E+00,    0.0000000000E+00,    0.0000000000E+00,    6.5164750749E+01
     79000,      0.676931,CP7_after_upper_clamp,   1,    0.0000000000E+00,    6.5164750749E+01,    6.5164750749E+01,    0.0000000000E+00,    0.0000000000E+00,    0.0000000000E+00,    6.5164750749E+01
     79000,      0.676931,CP8_after_OBC,   1,    0.0000000000E+00,    6.5164750749E+01,    6.5164750749E+01,    0.0000000000E+00,    0.0000000000E+00,    0.0000000000E+00,    6.5164750749E+01
     79000,      0.676931,CP9_after_PTsource,   1,    0.0000000000E+00,    6.5164750749E+01,    6.5164750749E+01,    0.0000000000E+00,    0.0000000000E+00,    0.0000000000E+00,    6.5164750749E+01
     79000,      0.676931,CP10_after_neg_clamp,   1,    0.0000000000E+00,    6.5164750749E+01,    6.5164750749E+01,    0.0000000000E+00,    0.0000000000E+00,    0.0000000000E+00,    6.5164750749E+01
     79000,      0.676931,CP11_after_MPI,   1,    0.0000000000E+00,    6.5164750749E+01,    6.5164750749E+01,    0.0000000000E+00,    0.0000000000E+00,    0.0000000000E+00,    6.5164750749E+01
     79000,      0.676931,CP12_end,   1,    0.0000000000E+00,    6.5164750749E+01,    6.5164750749E+01,    0.0000000000E+00,    0.0000000000E+00,    0.0000000000E+00,    6.5164750749E+01
     79050,      0.676931,CP0_start,   1,    0.0000000000E+00,    6.5243488038E+01,    6.5243488038E+01,    0.0000000000E+00,    0.0000000000E+00,    0.0000000000E+00,    6.5243488038E+01
     79050,      0.676931,CP1_after_deposition,   1,    0.0000000000E+00,    6.5243488038E+01,    6.5243488038E+01,    0.0000000000E+00,    0.0000000000E+00,    0.0000000000E+00,    6.5243488038E+01
     79050,      0.676931,CP2_after_erosion,   1,    0.0000000000E+00,    6.5243488038E+01,    6.5243488038E+01,    0.0000000000E+00,    0.0000000000E+00,    0.0000000000E+00,    6.5243488038E+01
     79050,      0.676931,CP3_after_update_bottom,   1,    0.0000000000E+00,    6.5243488038E+01,    6.5243488038E+01,    0.0000000000E+00,    0.0000000000E+00,    0.0000000000E+00,    6.5243488038E+01
     79050,      0.676931,CP4_after_advection,   1,    0.0000000000E+00,    6.5247040745E+01,    6.5247040745E+01,    0.0000000000E+00,    0.0000000000E+00,    0.0000000000E+00,    6.5247040745E+01
     79050,      0.676931,CP5_after_vdif,   1,    0.0000000000E+00,    6.5247040745E+01,    6.5247040745E+01,    0.0000000000E+00,    0.0000000000E+00,    0.0000000000E+00,    6.5247040745E+01
     79050,      0.676931,CP6_after_kinetics,   1,    0.0000000000E+00,    6.5247040745E+01,    6.5247040745E+01,    0.0000000000E+00,    0.0000000000E+00,    0.0000000000E+00,    6.5247040745E+01
     79050,      0.676931,CP7_after_upper_clamp,   1,    0.0000000000E+00,    6.5247040745E+01,    6.5247040745E+01,    0.0000000000E+00,    0.0000000000E+00,    0.0000000000E+00,    6.5247040745E+01
     79050,      0.676931,CP8_after_OBC,   1,    0.0000000000E+00,    6.5247040745E+01,    6.5247040745E+01,    0.0000000000E+00,    0.0000000000E+00,    0.0000000000E+00,    6.5247040745E+01
     79050,      0.676931,CP9_after_PTsource,   1,    0.0000000000E+00,    6.5247040745E+01,    6.5247040745E+01,    0.0000000000E+00,    0.0000000000E+00,    0.0000000000E+00,    6.5247040745E+01
     79050,      0.676931,CP10_after_neg_clamp,   1,    0.0000000000E+00,    6.5247040745E+01,    6.5247040745E+01,    0.0000000000E+00,    0.0000000000E+00,    0.0000000000E+00,    6.5247040745E+01
     79050,      0.676931,CP11_after_MPI,   1,    0.0000000000E+00,    6.5247040745E+01,    6.5247040745E+01,    0.0000000000E+00,    0.0000000000E+00,    0.0000000000E+00,    6.5247040745E+01
     79050,      0.676931,CP12_end,   1,    0.0000000000E+00,    6.5247040745E+01,    6.5247040745E+01,    0.0000000000E+00,    0.0000000000E+00,    0.0000000000E+00,    6.5247040745E+01
     79100,      0.676931,CP0_start,   1,    0.0000000000E+00,    6.5325893316E+01,    6.5325893316E+01,    0.0000000000E+00,    0.0000000000E+00,    0.0000000000E+00,    6.5325893316E+01
     79100,      0.676931,CP1_after_deposition,   1,    0.0000000000E+00,    6.5325893316E+01,    6.5325893316E+01,    0.0000000000E+00,    0.0000000000E+00,    0.0000000000E+00,    6.5325893316E+01
     79100,      0.676931,CP2_after_erosion,   1,    0.0000000000E+00,    6.5325893316E+01,    6.5325893316E+01,    0.0000000000E+00,    0.0000000000E+00,    0.0000000000E+00,    6.5325893316E+01
     79100,      0.676931,CP3_after_update_bottom,   1,    0.0000000000E+00,    6.5325893316E+01,    6.5325893316E+01,    0.0000000000E+00,    0.0000000000E+00,    0.0000000000E+00,    6.5325893316E+01
     79100,      0.676931,CP4_after_advection,   1,    0.0000000000E+00,    6.5329437332E+01,    6.5329437332E+01,    0.0000000000E+00,    0.0000000000E+00,    0.0000000000E+00,    6.5329437332E+01
     79100,      0.676931,CP5_after_vdif,   1,    0.0000000000E+00,    6.5329437332E+01,    6.5329437332E+01,    0.0000000000E+00,    0.0000000000E+00,    0.0000000000E+00,    6.5329437332E+01
     79100,      0.676931,CP6_after_kinetics,   1,    0.0000000000E+00,    6.5329437332E+01,    6.5329437332E+01,    0.0000000000E+00,    0.0000000000E+00,    0.0000000000E+00,    6.5329437332E+01
     79100,      0.676931,CP7_after_upper_clamp,   1,    0.0000000000E+00,    6.5329437332E+01,    6.5329437332E+01,    0.0000000000E+00,    0.0000000000E+00,    0.0000000000E+00,    6.5329437332E+01
     79100,      0.676931,CP8_after_OBC,   1,    0.0000000000E+00,    6.5329437332E+01,    6.5329437332E+01,    0.0000000000E+00,    0.0000000000E+00,    0.0000000000E+00,    6.5329437332E+01
     79100,      0.676931,CP9_after_PTsource,   1,    0.0000000000E+00,    6.5329437332E+01,    6.5329437332E+01,    0.0000000000E+00,    0.0000000000E+00,    0.0000000000E+00,    6.5329437332E+01
     79100,      0.676931,CP10_after_neg_clamp,   1,    0.0000000000E+00,    6.5329437332E+01,    6.5329437332E+01,    0.0000000000E+00,    0.0000000000E+00,    0.0000000000E+00,    6.5329437332E+01
     79100,      0.676931,CP11_after_MPI,   1,    0.0000000000E+00,    6.5329437332E+01,    6.5329437332E+01,    0.0000000000E+00,    0.0000000000E+00,    0.0000000000E+00,    6.5329437332E+01
     79100,      0.676931,CP12_end,   1,    0.0000000000E+00,    6.5329437332E+01,    6.5329437332E+01,    0.0000000000E+00,    0.0000000000E+00,    0.0000000000E+00,    6.5329437332E+01
     79150,      0.676931,CP0_start,   1,    0.0000000000E+00,    6.5408291769E+01,    6.5408291769E+01,    0.0000000000E+00,    0.0000000000E+00,    0.0000000000E+00,    6.5408291769E+01
     79150,      0.676931,CP1_after_deposition,   1,    0.0000000000E+00,    6.5408291769E+01,    6.5408291769E+01,    0.0000000000E+00,    0.0000000000E+00,    0.0000000000E+00,    6.5408291769E+01
     79150,      0.676931,CP2_after_erosion,   1,    0.0000000000E+00,    6.5408291769E+01,    6.5408291769E+01,    0.0000000000E+00,    0.0000000000E+00,    0.0000000000E+00,    6.5408291769E+01
     79150,      0.676931,CP3_after_update_bottom,   1,    0.0000000000E+00,    6.5408291769E+01,    6.5408291769E+01,    0.0000000000E+00,    0.0000000000E+00,    0.0000000000E+00,    6.5408291769E+01
     79150,      0.676931,CP4_after_advection,   1,    0.0000000000E+00,    6.5411824215E+01,    6.5411824215E+01,    0.0000000000E+00,    0.0000000000E+00,    0.0000000000E+00,    6.5411824215E+01
     79150,      0.676931,CP5_after_vdif,   1,    0.0000000000E+00,    6.5411824215E+01,    6.5411824215E+01,    0.0000000000E+00,    0.0000000000E+00,    0.0000000000E+00,    6.5411824215E+01
     79150,      0.676931,CP6_after_kinetics,   1,    0.0000000000E+00,    6.5411824215E+01,    6.5411824215E+01,    0.0000000000E+00,    0.0000000000E+00,    0.0000000000E+00,    6.5411824215E+01
     79150,      0.676931,CP7_after_upper_clamp,   1,    0.0000000000E+00,    6.5411824215E+01,    6.5411824215E+01,    0.0000000000E+00,    0.0000000000E+00,    0.0000000000E+00,    6.5411824215E+01
     79150,      0.676931,CP8_after_OBC,   1,    0.0000000000E+00,    6.5411824215E+01,    6.5411824215E+01,    0.0000000000E+00,    0.0000000000E+00,    0.0000000000E+00,    6.5411824215E+01
     79150,      0.676931,CP9_after_PTsource,   1,    0.0000000000E+00,    6.5411824215E+01,    6.5411824215E+01,    0.0000000000E+00,    0.0000000000E+00,    0.0000000000E+00,    6.5411824215E+01
     79150,      0.676931,CP10_after_neg_clamp,   1,    0.0000000000E+00,    6.5411824215E+01,    6.5411824215E+01,    0.0000000000E+00,    0.0000000000E+00,    0.0000000000E+00,    6.5411824215E+01
     79150,      0.676931,CP11_after_MPI,   1,    0.0000000000E+00,    6.5411824215E+01,    6.5411824215E+01,    0.0000000000E+00,    0.0000000000E+00,    0.0000000000E+00,    6.5411824215E+01
     79150,      0.676931,CP12_end,   1,    0.0000000000E+00,    6.5411824215E+01,    6.5411824215E+01,    0.0000000000E+00,    0.0000000000E+00,    0.0000000000E+00,    6.5411824215E+01
     79200,      0.676931,CP0_start,   1,    0.0000000000E+00,    6.5490663426E+01,    6.5490663426E+01,    0.0000000000E+00,    0.0000000000E+00,    0.0000000000E+00,    6.5490663426E+01
     79200,      0.676931,CP1_after_deposition,   1,    0.0000000000E+00,    6.5490663426E+01,    6.5490663426E+01,    0.0000000000E+00,    0.0000000000E+00,    0.0000000000E+00,    6.5490663426E+01
     79200,      0.676931,CP2_after_erosion,   1,    0.0000000000E+00,    6.5490663426E+01,    6.5490663426E+01,    0.0000000000E+00,    0.0000000000E+00,    0.0000000000E+00,    6.5490663426E+01
     79200,      0.676931,CP3_after_update_bottom,   1,    0.0000000000E+00,    6.5490663426E+01,    6.5490663426E+01,    0.0000000000E+00,    0.0000000000E+00,    0.0000000000E+00,    6.5490663426E+01
     79200,      0.676931,CP4_after_advection,   1,    0.0000000000E+00,    6.5494177971E+01,    6.5494177971E+01,    0.0000000000E+00,    0.0000000000E+00,    0.0000000000E+00,    6.5494177971E+01
     79200,      0.676931,CP5_after_vdif,   1,    0.0000000000E+00,    6.5494177971E+01,    6.5494177971E+01,    0.0000000000E+00,    0.0000000000E+00,    0.0000000000E+00,    6.5494177971E+01
     79200,      0.676931,CP6_after_kinetics,   1,    0.0000000000E+00,    6.5494177971E+01,    6.5494177971E+01,    0.0000000000E+00,    0.0000000000E+00,    0.0000000000E+00,    6.5494177971E+01
     79200,      0.676931,CP7_after_upper_clamp,   1,    0.0000000000E+00,    6.5494177971E+01,    6.5494177971E+01,    0.0000000000E+00,    0.0000000000E+00,    0.0000000000E+00,    6.5494177971E+01
     79200,      0.676931,CP8_after_OBC,   1,    0.0000000000E+00,    6.5494177971E+01,    6.5494177971E+01,    0.0000000000E+00,    0.0000000000E+00,    0.0000000000E+00,    6.5494177971E+01
     79200,      0.676931,CP9_after_PTsource,   1,    0.0000000000E+00,    6.5494177971E+01,    6.5494177971E+01,    0.0000000000E+00,    0.0000000000E+00,    0.0000000000E+00,    6.5494177971E+01
     79200,      0.676931,CP10_after_neg_clamp,   1,    0.0000000000E+00,    6.5494177971E+01,    6.5494177971E+01,    0.0000000000E+00,    0.0000000000E+00,    0.0000000000E+00,    6.5494177971E+01
     79200,      0.676931,CP11_after_MPI,   1,    0.0000000000E+00,    6.5494177971E+01,    6.5494177971E+01,    0.0000000000E+00,    0.0000000000E+00,    0.0000000000E+00,    6.5494177971E+01
     79200,      0.676931,CP12_end,   1,    0.0000000000E+00,    6.5494177971E+01,    6.5494177971E+01,    0.0000000000E+00,    0.0000000000E+00,    0.0000000000E+00,    6.5494177971E+01
     79250,      0.676931,CP0_start,   1,    0.0000000000E+00,    6.5572860873E+01,    6.5572860873E+01,    0.0000000000E+00,    0.0000000000E+00,    0.0000000000E+00,    6.5572860873E+01
     79250,      0.676931,CP1_after_deposition,   1,    0.0000000000E+00,    6.5572860873E+01,    6.5572860873E+01,    0.0000000000E+00,    0.0000000000E+00,    0.0000000000E+00,    6.5572860873E+01
     79250,      0.676931,CP2_after_erosion,   1,    0.0000000000E+00,    6.5572860873E+01,    6.5572860873E+01,    0.0000000000E+00,    0.0000000000E+00,    0.0000000000E+00,    6.5572860873E+01
     79250,      0.676931,CP3_after_update_bottom,   1,    0.0000000000E+00,    6.5572860873E+01,    6.5572860873E+01,    0.0000000000E+00,    0.0000000000E+00,    0.0000000000E+00,    6.5572860873E+01
     79250,      0.676931,CP4_after_advection,   1,    0.0000000000E+00,    6.5576362040E+01,    6.5576362040E+01,    0.0000000000E+00,    0.0000000000E+00,    0.0000000000E+00,    6.5576362040E+01
     79250,      0.676931,CP5_after_vdif,   1,    0.0000000000E+00,    6.5576362040E+01,    6.5576362040E+01,    0.0000000000E+00,    0.0000000000E+00,    0.0000000000E+00,    6.5576362040E+01
     79250,      0.676931,CP6_after_kinetics,   1,    0.0000000000E+00,    6.5576362040E+01,    6.5576362040E+01,    0.0000000000E+00,    0.0000000000E+00,    0.0000000000E+00,    6.5576362040E+01
     79250,      0.676931,CP7_after_upper_clamp,   1,    0.0000000000E+00,    6.5576362040E+01,    6.5576362040E+01,    0.0000000000E+00,    0.0000000000E+00,    0.0000000000E+00,    6.5576362040E+01
     79250,      0.676931,CP8_after_OBC,   1,    0.0000000000E+00,    6.5576362040E+01,    6.5576362040E+01,    0.0000000000E+00,    0.0000000000E+00,    0.0000000000E+00,    6.5576362040E+01
     79250,      0.676931,CP9_after_PTsource,   1,    0.0000000000E+00,    6.5576362040E+01,    6.5576362040E+01,    0.0000000000E+00,    0.0000000000E+00,    0.0000000000E+00,    6.5576362040E+01
     79250,      0.676931,CP10_after_neg_clamp,   1,    0.0000000000E+00,    6.5576362040E+01,    6.5576362040E+01,    0.0000000000E+00,    0.0000000000E+00,    0.0000000000E+00,    6.5576362040E+01
     79250,      0.676931,CP11_after_MPI,   1,    0.0000000000E+00,    6.5576362040E+01,    6.5576362040E+01,    0.0000000000E+00,    0.0000000000E+00,    0.0000000000E+00,    6.5576362040E+01
     79250,      0.676931,CP12_end,   1,    0.0000000000E+00,    6.5576362040E+01,    6.5576362040E+01,    0.0000000000E+00,    0.0000000000E+00,    0.0000000000E+00,    6.5576362040E+01
     79300,      0.676931,CP0_start,   1,    0.0000000000E+00,    6.5654831941E+01,    6.5654831941E+01,    0.0000000000E+00,    0.0000000000E+00,    0.0000000000E+00,    6.5654831941E+01
     79300,      0.676931,CP1_after_deposition,   1,    0.0000000000E+00,    6.5654831941E+01,    6.5654831941E+01,    0.0000000000E+00,    0.0000000000E+00,    0.0000000000E+00,    6.5654831941E+01
     79300,      0.676931,CP2_after_erosion,   1,    0.0000000000E+00,    6.5654831941E+01,    6.5654831941E+01,    0.0000000000E+00,    0.0000000000E+00,    0.0000000000E+00,    6.5654831941E+01
     79300,      0.676931,CP3_after_update_bottom,   1,    0.0000000000E+00,    6.5654831941E+01,    6.5654831941E+01,    0.0000000000E+00,    0.0000000000E+00,    0.0000000000E+00,    6.5654831941E+01
     79300,      0.676931,CP4_after_advection,   1,    0.0000000000E+00,    6.5658315859E+01,    6.5658315859E+01,    0.0000000000E+00,    0.0000000000E+00,    0.0000000000E+00,    6.5658315859E+01
     79300,      0.676931,CP5_after_vdif,   1,    0.0000000000E+00,    6.5658315859E+01,    6.5658315859E+01,    0.0000000000E+00,    0.0000000000E+00,    0.0000000000E+00,    6.5658315859E+01
     79300,      0.676931,CP6_after_kinetics,   1,    0.0000000000E+00,    6.5658315859E+01,    6.5658315859E+01,    0.0000000000E+00,    0.0000000000E+00,    0.0000000000E+00,    6.5658315859E+01
     79300,      0.676931,CP7_after_upper_clamp,   1,    0.0000000000E+00,    6.5658315859E+01,    6.5658315859E+01,    0.0000000000E+00,    0.0000000000E+00,    0.0000000000E+00,    6.5658315859E+01
     79300,      0.676931,CP8_after_OBC,   1,    0.0000000000E+00,    6.5658315859E+01,    6.5658315859E+01,    0.0000000000E+00,    0.0000000000E+00,    0.0000000000E+00,    6.5658315859E+01
     79300,      0.676931,CP9_after_PTsource,   1,    0.0000000000E+00,    6.5658315859E+01,    6.5658315859E+01,    0.0000000000E+00,    0.0000000000E+00,    0.0000000000E+00,    6.5658315859E+01
     79300,      0.676931,CP10_after_neg_clamp,   1,    0.0000000000E+00,    6.5658315859E+01,    6.5658315859E+01,    0.0000000000E+00,    0.0000000000E+00,    0.0000000000E+00,    6.5658315859E+01
     79300,      0.676931,CP11_after_MPI,   1,    0.0000000000E+00,    6.5658315859E+01,    6.5658315859E+01,    0.0000000000E+00,    0.0000000000E+00,    0.0000000000E+00,    6.5658315859E+01
     79300,      0.676931,CP12_end,   1,    0.0000000000E+00,    6.5658315859E+01,    6.5658315859E+01,    0.0000000000E+00,    0.0000000000E+00,    0.0000000000E+00,    6.5658315859E+01
     79350,      0.676931,CP0_start,   1,    0.0000000000E+00,    6.5736498661E+01,    6.5736498661E+01,    0.0000000000E+00,    0.0000000000E+00,    0.0000000000E+00,    6.5736498661E+01
     79350,      0.676931,CP1_after_deposition,   1,    0.0000000000E+00,    6.5736498661E+01,    6.5736498661E+01,    0.0000000000E+00,    0.0000000000E+00,    0.0000000000E+00,    6.5736498661E+01
     79350,      0.676931,CP2_after_erosion,   1,    0.0000000000E+00,    6.5736498661E+01,    6.5736498661E+01,    0.0000000000E+00,    0.0000000000E+00,    0.0000000000E+00,    6.5736498661E+01
     79350,      0.676931,CP3_after_update_bottom,   1,    0.0000000000E+00,    6.5736498661E+01,    6.5736498661E+01,    0.0000000000E+00,    0.0000000000E+00,    0.0000000000E+00,    6.5736498661E+01
     79350,      0.676931,CP4_after_advection,   1,    0.0000000000E+00,    6.5739967329E+01,    6.5739967329E+01,    0.0000000000E+00,    0.0000000000E+00,    0.0000000000E+00,    6.5739967329E+01
     79350,      0.676931,CP5_after_vdif,   1,    0.0000000000E+00,    6.5739967329E+01,    6.5739967329E+01,    0.0000000000E+00,    0.0000000000E+00,    0.0000000000E+00,    6.5739967329E+01
     79350,      0.676931,CP6_after_kinetics,   1,    0.0000000000E+00,    6.5739967329E+01,    6.5739967329E+01,    0.0000000000E+00,    0.0000000000E+00,    0.0000000000E+00,    6.5739967329E+01
     79350,      0.676931,CP7_after_upper_clamp,   1,    0.0000000000E+00,    6.5739967329E+01,    6.5739967329E+01,    0.0000000000E+00,    0.0000000000E+00,    0.0000000000E+00,    6.5739967329E+01
     79350,      0.676931,CP8_after_OBC,   1,    0.0000000000E+00,    6.5739967329E+01,    6.5739967329E+01,    0.0000000000E+00,    0.0000000000E+00,    0.0000000000E+00,    6.5739967329E+01
     79350,      0.676931,CP9_after_PTsource,   1,    0.0000000000E+00,    6.5739967329E+01,    6.5739967329E+01,    0.0000000000E+00,    0.0000000000E+00,    0.0000000000E+00,    6.5739967329E+01
     79350,      0.676931,CP10_after_neg_clamp,   1,    0.0000000000E+00,    6.5739967329E+01,    6.5739967329E+01,    0.0000000000E+00,    0.0000000000E+00,    0.0000000000E+00,    6.5739967329E+01
     79350,      0.676931,CP11_after_MPI,   1,    0.0000000000E+00,    6.5739967329E+01,    6.5739967329E+01,    0.0000000000E+00,    0.0000000000E+00,    0.0000000000E+00,    6.5739967329E+01
     79350,      0.676931,CP12_end,   1,    0.0000000000E+00,    6.5739967329E+01,    6.5739967329E+01,    0.0000000000E+00,    0.0000000000E+00,    0.0000000000E+00,    6.5739967329E+01
     79400,      0.676931,CP0_start,   1,    0.0000000000E+00,    6.5817859138E+01,    6.5817859138E+01,    0.0000000000E+00,    0.0000000000E+00,    0.0000000000E+00,    6.5817859138E+01
     79400,      0.676931,CP1_after_deposition,   1,    0.0000000000E+00,    6.5817859138E+01,    6.5817859138E+01,    0.0000000000E+00,    0.0000000000E+00,    0.0000000000E+00,    6.5817859138E+01
     79400,      0.676931,CP2_after_erosion,   1,    0.0000000000E+00,    6.5817859138E+01,    6.5817859138E+01,    0.0000000000E+00,    0.0000000000E+00,    0.0000000000E+00,    6.5817859138E+01
     79400,      0.676931,CP3_after_update_bottom,   1,    0.0000000000E+00,    6.5817859138E+01,    6.5817859138E+01,    0.0000000000E+00,    0.0000000000E+00,    0.0000000000E+00,    6.5817859138E+01
     79400,      0.676931,CP4_after_advection,   1,    0.0000000000E+00,    6.5821311541E+01,    6.5821311541E+01,    0.0000000000E+00,    0.0000000000E+00,    0.0000000000E+00,    6.5821311541E+01
     79400,      0.676931,CP5_after_vdif,   1,    0.0000000000E+00,    6.5821311541E+01,    6.5821311541E+01,    0.0000000000E+00,    0.0000000000E+00,    0.0000000000E+00,    6.5821311541E+01
     79400,      0.676931,CP6_after_kinetics,   1,    0.0000000000E+00,    6.5821311541E+01,    6.5821311541E+01,    0.0000000000E+00,    0.0000000000E+00,    0.0000000000E+00,    6.5821311541E+01
     79400,      0.676931,CP7_after_upper_clamp,   1,    0.0000000000E+00,    6.5821311541E+01,    6.5821311541E+01,    0.0000000000E+00,    0.0000000000E+00,    0.0000000000E+00,    6.5821311541E+01
     79400,      0.676931,CP8_after_OBC,   1,    0.0000000000E+00,    6.5821311541E+01,    6.5821311541E+01,    0.0000000000E+00,    0.0000000000E+00,    0.0000000000E+00,    6.5821311541E+01
     79400,      0.676931,CP9_after_PTsource,   1,    0.0000000000E+00,    6.5821311541E+01,    6.5821311541E+01,    0.0000000000E+00,    0.0000000000E+00,    0.0000000000E+00,    6.5821311541E+01
     79400,      0.676931,CP10_after_neg_clamp,   1,    0.0000000000E+00,    6.5821311541E+01,    6.5821311541E+01,    0.0000000000E+00,    0.0000000000E+00,    0.0000000000E+00,    6.5821311541E+01
     79400,      0.676931,CP11_after_MPI,   1,    0.0000000000E+00,    6.5821311541E+01,    6.5821311541E+01,    0.0000000000E+00,    0.0000000000E+00,    0.0000000000E+00,    6.5821311541E+01
     79400,      0.676931,CP12_end,   1,    0.0000000000E+00,    6.5821311541E+01,    6.5821311541E+01,    0.0000000000E+00,    0.0000000000E+00,    0.0000000000E+00,    6.5821311541E+01
     79450,      0.676931,CP0_start,   1,    0.0000000000E+00,    6.5898846690E+01,    6.5898846690E+01,    0.0000000000E+00,    0.0000000000E+00,    0.0000000000E+00,    6.5898846690E+01
     79450,      0.676931,CP1_after_deposition,   1,    0.0000000000E+00,    6.5898846690E+01,    6.5898846690E+01,    0.0000000000E+00,    0.0000000000E+00,    0.0000000000E+00,    6.5898846690E+01
     79450,      0.676931,CP2_after_erosion,   1,    0.0000000000E+00,    6.5898846690E+01,    6.5898846690E+01,    0.0000000000E+00,    0.0000000000E+00,    0.0000000000E+00,    6.5898846690E+01
     79450,      0.676931,CP3_after_update_bottom,   1,    0.0000000000E+00,    6.5898846690E+01,    6.5898846690E+01,    0.0000000000E+00,    0.0000000000E+00,    0.0000000000E+00,    6.5898846690E+01
     79450,      0.676931,CP4_after_advection,   1,    0.0000000000E+00,    6.5902281611E+01,    6.5902281611E+01,    0.0000000000E+00,    0.0000000000E+00,    0.0000000000E+00,    6.5902281611E+01
     79450,      0.676931,CP5_after_vdif,   1,    0.0000000000E+00,    6.5902281611E+01,    6.5902281611E+01,    0.0000000000E+00,    0.0000000000E+00,    0.0000000000E+00,    6.5902281611E+01
     79450,      0.676931,CP6_after_kinetics,   1,    0.0000000000E+00,    6.5902281611E+01,    6.5902281611E+01,    0.0000000000E+00,    0.0000000000E+00,    0.0000000000E+00,    6.5902281611E+01
     79450,      0.676931,CP7_after_upper_clamp,   1,    0.0000000000E+00,    6.5902281611E+01,    6.5902281611E+01,    0.0000000000E+00,    0.0000000000E+00,    0.0000000000E+00,    6.5902281611E+01
     79450,      0.676931,CP8_after_OBC,   1,    0.0000000000E+00,    6.5902281611E+01,    6.5902281611E+01,    0.0000000000E+00,    0.0000000000E+00,    0.0000000000E+00,    6.5902281611E+01
     79450,      0.676931,CP9_after_PTsource,   1,    0.0000000000E+00,    6.5902281611E+01,    6.5902281611E+01,    0.0000000000E+00,    0.0000000000E+00,    0.0000000000E+00,    6.5902281611E+01
     79450,      0.676931,CP10_after_neg_clamp,   1,    0.0000000000E+00,    6.5902281611E+01,    6.5902281611E+01,    0.0000000000E+00,    0.0000000000E+00,    0.0000000000E+00,    6.5902281611E+01
     79450,      0.676931,CP11_after_MPI,   1,    0.0000000000E+00,    6.5902281611E+01,    6.5902281611E+01,    0.0000000000E+00,    0.0000000000E+00,    0.0000000000E+00,    6.5902281611E+01
     79450,      0.676931,CP12_end,   1,    0.0000000000E+00,    6.5902281611E+01,    6.5902281611E+01,    0.0000000000E+00,    0.0000000000E+00,    0.0000000000E+00,    6.5902281611E+01
     79500,      0.676931,CP0_start,   1,    0.0000000000E+00,    6.5979443923E+01,    6.5979443923E+01,    0.0000000000E+00,    0.0000000000E+00,    0.0000000000E+00,    6.5979443923E+01
     79500,      0.676931,CP1_after_deposition,   1,    0.0000000000E+00,    6.5979443923E+01,    6.5979443923E+01,    0.0000000000E+00,    0.0000000000E+00,    0.0000000000E+00,    6.5979443923E+01
     79500,      0.676931,CP2_after_erosion,   1,    0.0000000000E+00,    6.5979443923E+01,    6.5979443923E+01,    0.0000000000E+00,    0.0000000000E+00,    0.0000000000E+00,    6.5979443923E+01
     79500,      0.676931,CP3_after_update_bottom,   1,    0.0000000000E+00,    6.5979443923E+01,    6.5979443923E+01,    0.0000000000E+00,    0.0000000000E+00,    0.0000000000E+00,    6.5979443923E+01
     79500,      0.676931,CP4_after_advection,   1,    0.0000000000E+00,    6.5982860119E+01,    6.5982860119E+01,    0.0000000000E+00,    0.0000000000E+00,    0.0000000000E+00,    6.5982860119E+01
     79500,      0.676931,CP5_after_vdif,   1,    0.0000000000E+00,    6.5982860119E+01,    6.5982860119E+01,    0.0000000000E+00,    0.0000000000E+00,    0.0000000000E+00,    6.5982860119E+01
     79500,      0.676931,CP6_after_kinetics,   1,    0.0000000000E+00,    6.5982860119E+01,    6.5982860119E+01,    0.0000000000E+00,    0.0000000000E+00,    0.0000000000E+00,    6.5982860119E+01
     79500,      0.676931,CP7_after_upper_clamp,   1,    0.0000000000E+00,    6.5982860119E+01,    6.5982860119E+01,    0.0000000000E+00,    0.0000000000E+00,    0.0000000000E+00,    6.5982860119E+01
     79500,      0.676931,CP8_after_OBC,   1,    0.0000000000E+00,    6.5982860119E+01,    6.5982860119E+01,    0.0000000000E+00,    0.0000000000E+00,    0.0000000000E+00,    6.5982860119E+01
     79500,      0.676931,CP9_after_PTsource,   1,    0.0000000000E+00,    6.5982860119E+01,    6.5982860119E+01,    0.0000000000E+00,    0.0000000000E+00,    0.0000000000E+00,    6.5982860119E+01
     79500,      0.676931,CP10_after_neg_clamp,   1,    0.0000000000E+00,    6.5982860119E+01,    6.5982860119E+01,    0.0000000000E+00,    0.0000000000E+00,    0.0000000000E+00,    6.5982860119E+01
     79500,      0.676931,CP11_after_MPI,   1,    0.0000000000E+00,    6.5982860119E+01,    6.5982860119E+01,    0.0000000000E+00,    0.0000000000E+00,    0.0000000000E+00,    6.5982860119E+01
     79500,      0.676931,CP12_end,   1,    0.0000000000E+00,    6.5982860119E+01,    6.5982860119E+01,    0.0000000000E+00,    0.0000000000E+00,    0.0000000000E+00,    6.5982860119E+01
     79550,      0.676931,CP0_start,   1,    0.0000000000E+00,    6.6059659372E+01,    6.6059659372E+01,    0.0000000000E+00,    0.0000000000E+00,    0.0000000000E+00,    6.6059659372E+01
     79550,      0.676931,CP1_after_deposition,   1,    0.0000000000E+00,    6.6059659372E+01,    6.6059659372E+01,    0.0000000000E+00,    0.0000000000E+00,    0.0000000000E+00,    6.6059659372E+01
     79550,      0.676931,CP2_after_erosion,   1,    0.0000000000E+00,    6.6059659372E+01,    6.6059659372E+01,    0.0000000000E+00,    0.0000000000E+00,    0.0000000000E+00,    6.6059659372E+01
     79550,      0.676931,CP3_after_update_bottom,   1,    0.0000000000E+00,    6.6059659372E+01,    6.6059659372E+01,    0.0000000000E+00,    0.0000000000E+00,    0.0000000000E+00,    6.6059659372E+01
     79550,      0.676931,CP4_after_advection,   1,    0.0000000000E+00,    6.6063059193E+01,    6.6063059193E+01,    0.0000000000E+00,    0.0000000000E+00,    0.0000000000E+00,    6.6063059193E+01
     79550,      0.676931,CP5_after_vdif,   1,    0.0000000000E+00,    6.6063059193E+01,    6.6063059193E+01,    0.0000000000E+00,    0.0000000000E+00,    0.0000000000E+00,    6.6063059193E+01
     79550,      0.676931,CP6_after_kinetics,   1,    0.0000000000E+00,    6.6063059193E+01,    6.6063059193E+01,    0.0000000000E+00,    0.0000000000E+00,    0.0000000000E+00,    6.6063059193E+01
     79550,      0.676931,CP7_after_upper_clamp,   1,    0.0000000000E+00,    6.6063059193E+01,    6.6063059193E+01,    0.0000000000E+00,    0.0000000000E+00,    0.0000000000E+00,    6.6063059193E+01
     79550,      0.676931,CP8_after_OBC,   1,    0.0000000000E+00,    6.6063059193E+01,    6.6063059193E+01,    0.0000000000E+00,    0.0000000000E+00,    0.0000000000E+00,    6.6063059193E+01
     79550,      0.676931,CP9_after_PTsource,   1,    0.0000000000E+00,    6.6063059193E+01,    6.6063059193E+01,    0.0000000000E+00,    0.0000000000E+00,    0.0000000000E+00,    6.6063059193E+01
     79550,      0.676931,CP10_after_neg_clamp,   1,    0.0000000000E+00,    6.6063059193E+01,    6.6063059193E+01,    0.0000000000E+00,    0.0000000000E+00,    0.0000000000E+00,    6.6063059193E+01
     79550,      0.676931,CP11_after_MPI,   1,    0.0000000000E+00,    6.6063059193E+01,    6.6063059193E+01,    0.0000000000E+00,    0.0000000000E+00,    0.0000000000E+00,    6.6063059193E+01
     79550,      0.676931,CP12_end,   1,    0.0000000000E+00,    6.6063059193E+01,    6.6063059193E+01,    0.0000000000E+00,    0.0000000000E+00,    0.0000000000E+00,    6.6063059193E+01
     79600,      0.676931,CP0_start,   1,    0.0000000000E+00,    6.6139521950E+01,    6.6139521950E+01,    0.0000000000E+00,    0.0000000000E+00,    0.0000000000E+00,    6.6139521950E+01
     79600,      0.676931,CP1_after_deposition,   1,    0.0000000000E+00,    6.6139521950E+01,    6.6139521950E+01,    0.0000000000E+00,    0.0000000000E+00,    0.0000000000E+00,    6.6139521950E+01
     79600,      0.676931,CP2_after_erosion,   1,    0.0000000000E+00,    6.6139521950E+01,    6.6139521950E+01,    0.0000000000E+00,    0.0000000000E+00,    0.0000000000E+00,    6.6139521950E+01
     79600,      0.676931,CP3_after_update_bottom,   1,    0.0000000000E+00,    6.6139521950E+01,    6.6139521950E+01,    0.0000000000E+00,    0.0000000000E+00,    0.0000000000E+00,    6.6139521950E+01
     79600,      0.676931,CP4_after_advection,   1,    0.0000000000E+00,    6.6142906377E+01,    6.6142906377E+01,    0.0000000000E+00,    0.0000000000E+00,    0.0000000000E+00,    6.6142906377E+01
     79600,      0.676931,CP5_after_vdif,   1,    0.0000000000E+00,    6.6142906377E+01,    6.6142906377E+01,    0.0000000000E+00,    0.0000000000E+00,    0.0000000000E+00,    6.6142906377E+01
     79600,      0.676931,CP6_after_kinetics,   1,    0.0000000000E+00,    6.6142906377E+01,    6.6142906377E+01,    0.0000000000E+00,    0.0000000000E+00,    0.0000000000E+00,    6.6142906377E+01
     79600,      0.676931,CP7_after_upper_clamp,   1,    0.0000000000E+00,    6.6142906377E+01,    6.6142906377E+01,    0.0000000000E+00,    0.0000000000E+00,    0.0000000000E+00,    6.6142906377E+01
     79600,      0.676931,CP8_after_OBC,   1,    0.0000000000E+00,    6.6142906377E+01,    6.6142906377E+01,    0.0000000000E+00,    0.0000000000E+00,    0.0000000000E+00,    6.6142906377E+01
     79600,      0.676931,CP9_after_PTsource,   1,    0.0000000000E+00,    6.6142906377E+01,    6.6142906377E+01,    0.0000000000E+00,    0.0000000000E+00,    0.0000000000E+00,    6.6142906377E+01
     79600,      0.676931,CP10_after_neg_clamp,   1,    0.0000000000E+00,    6.6142906377E+01,    6.6142906377E+01,    0.0000000000E+00,    0.0000000000E+00,    0.0000000000E+00,    6.6142906377E+01
     79600,      0.676931,CP11_after_MPI,   1,    0.0000000000E+00,    6.6142906377E+01,    6.6142906377E+01,    0.0000000000E+00,    0.0000000000E+00,    0.0000000000E+00,    6.6142906377E+01
     79600,      0.676931,CP12_end,   1,    0.0000000000E+00,    6.6142906377E+01,    6.6142906377E+01,    0.0000000000E+00,    0.0000000000E+00,    0.0000000000E+00,    6.6142906377E+01
     79650,      0.676931,CP0_start,   1,    0.0000000000E+00,    6.6219097731E+01,    6.6219097731E+01,    0.0000000000E+00,    0.0000000000E+00,    0.0000000000E+00,    6.6219097731E+01
     79650,      0.676931,CP1_after_deposition,   1,    0.0000000000E+00,    6.6219097731E+01,    6.6219097731E+01,    0.0000000000E+00,    0.0000000000E+00,    0.0000000000E+00,    6.6219097731E+01
     79650,      0.676931,CP2_after_erosion,   1,    0.0000000000E+00,    6.6219097731E+01,    6.6219097731E+01,    0.0000000000E+00,    0.0000000000E+00,    0.0000000000E+00,    6.6219097731E+01
     79650,      0.676931,CP3_after_update_bottom,   1,    0.0000000000E+00,    6.6219097731E+01,    6.6219097731E+01,    0.0000000000E+00,    0.0000000000E+00,    0.0000000000E+00,    6.6219097731E+01
     79650,      0.676931,CP4_after_advection,   1,    0.0000000000E+00,    6.6222467599E+01,    6.6222467599E+01,    0.0000000000E+00,    0.0000000000E+00,    0.0000000000E+00,    6.6222467599E+01
     79650,      0.676931,CP5_after_vdif,   1,    0.0000000000E+00,    6.6222467599E+01,    6.6222467599E+01,    0.0000000000E+00,    0.0000000000E+00,    0.0000000000E+00,    6.6222467599E+01
     79650,      0.676931,CP6_after_kinetics,   1,    0.0000000000E+00,    6.6222467599E+01,    6.6222467599E+01,    0.0000000000E+00,    0.0000000000E+00,    0.0000000000E+00,    6.6222467599E+01
     79650,      0.676931,CP7_after_upper_clamp,   1,    0.0000000000E+00,    6.6222467599E+01,    6.6222467599E+01,    0.0000000000E+00,    0.0000000000E+00,    0.0000000000E+00,    6.6222467599E+01
     79650,      0.676931,CP8_after_OBC,   1,    0.0000000000E+00,    6.6222467599E+01,    6.6222467599E+01,    0.0000000000E+00,    0.0000000000E+00,    0.0000000000E+00,    6.6222467599E+01
     79650,      0.676931,CP9_after_PTsource,   1,    0.0000000000E+00,    6.6222467599E+01,    6.6222467599E+01,    0.0000000000E+00,    0.0000000000E+00,    0.0000000000E+00,    6.6222467599E+01
     79650,      0.676931,CP10_after_neg_clamp,   1,    0.0000000000E+00,    6.6222467599E+01,    6.6222467599E+01,    0.0000000000E+00,    0.0000000000E+00,    0.0000000000E+00,    6.6222467599E+01
     79650,      0.676931,CP11_after_MPI,   1,    0.0000000000E+00,    6.6222467599E+01,    6.6222467599E+01,    0.0000000000E+00,    0.0000000000E+00,    0.0000000000E+00,    6.6222467599E+01
     79650,      0.676931,CP12_end,   1,    0.0000000000E+00,    6.6222467599E+01,    6.6222467599E+01,    0.0000000000E+00,    0.0000000000E+00,    0.0000000000E+00,    6.6222467599E+01
     79700,      0.676931,CP0_start,   1,    0.0000000000E+00,    6.6298439025E+01,    6.6298439025E+01,    0.0000000000E+00,    0.0000000000E+00,    0.0000000000E+00,    6.6298439025E+01
     79700,      0.676931,CP1_after_deposition,   1,    0.0000000000E+00,    6.6298439025E+01,    6.6298439025E+01,    0.0000000000E+00,    0.0000000000E+00,    0.0000000000E+00,    6.6298439025E+01
     79700,      0.676931,CP2_after_erosion,   1,    0.0000000000E+00,    6.6298439025E+01,    6.6298439025E+01,    0.0000000000E+00,    0.0000000000E+00,    0.0000000000E+00,    6.6298439025E+01
     79700,      0.676931,CP3_after_update_bottom,   1,    0.0000000000E+00,    6.6298439025E+01,    6.6298439025E+01,    0.0000000000E+00,    0.0000000000E+00,    0.0000000000E+00,    6.6298439025E+01
     79700,      0.676931,CP4_after_advection,   1,    0.0000000000E+00,    6.6301797677E+01,    6.6301797677E+01,    0.0000000000E+00,    0.0000000000E+00,    0.0000000000E+00,    6.6301797677E+01
     79700,      0.676931,CP5_after_vdif,   1,    0.0000000000E+00,    6.6301797677E+01,    6.6301797677E+01,    0.0000000000E+00,    0.0000000000E+00,    0.0000000000E+00,    6.6301797677E+01
     79700,      0.676931,CP6_after_kinetics,   1,    0.0000000000E+00,    6.6301797677E+01,    6.6301797677E+01,    0.0000000000E+00,    0.0000000000E+00,    0.0000000000E+00,    6.6301797677E+01
     79700,      0.676931,CP7_after_upper_clamp,   1,    0.0000000000E+00,    6.6301797677E+01,    6.6301797677E+01,    0.0000000000E+00,    0.0000000000E+00,    0.0000000000E+00,    6.6301797677E+01
     79700,      0.676931,CP8_after_OBC,   1,    0.0000000000E+00,    6.6301797677E+01,    6.6301797677E+01,    0.0000000000E+00,    0.0000000000E+00,    0.0000000000E+00,    6.6301797677E+01
     79700,      0.676931,CP9_after_PTsource,   1,    0.0000000000E+00,    6.6301797677E+01,    6.6301797677E+01,    0.0000000000E+00,    0.0000000000E+00,    0.0000000000E+00,    6.6301797677E+01
     79700,      0.676931,CP10_after_neg_clamp,   1,    0.0000000000E+00,    6.6301797677E+01,    6.6301797677E+01,    0.0000000000E+00,    0.0000000000E+00,    0.0000000000E+00,    6.6301797677E+01
     79700,      0.676931,CP11_after_MPI,   1,    0.0000000000E+00,    6.6301797677E+01,    6.6301797677E+01,    0.0000000000E+00,    0.0000000000E+00,    0.0000000000E+00,    6.6301797677E+01
     79700,      0.676931,CP12_end,   1,    0.0000000000E+00,    6.6301797677E+01,    6.6301797677E+01,    0.0000000000E+00,    0.0000000000E+00,    0.0000000000E+00,    6.6301797677E+01
     79750,      0.676931,CP0_start,   1,    0.0000000000E+00,    6.6377582106E+01,    6.6377582106E+01,    0.0000000000E+00,    0.0000000000E+00,    0.0000000000E+00,    6.6377582106E+01
     79750,      0.676931,CP1_after_deposition,   1,    0.0000000000E+00,    6.6377582106E+01,    6.6377582106E+01,    0.0000000000E+00,    0.0000000000E+00,    0.0000000000E+00,    6.6377582106E+01
     79750,      0.676931,CP2_after_erosion,   1,    0.0000000000E+00,    6.6377582106E+01,    6.6377582106E+01,    0.0000000000E+00,    0.0000000000E+00,    0.0000000000E+00,    6.6377582106E+01
     79750,      0.676931,CP3_after_update_bottom,   1,    0.0000000000E+00,    6.6377582106E+01,    6.6377582106E+01,    0.0000000000E+00,    0.0000000000E+00,    0.0000000000E+00,    6.6377582106E+01
     79750,      0.676931,CP4_after_advection,   1,    0.0000000000E+00,    6.6380928429E+01,    6.6380928429E+01,    0.0000000000E+00,    0.0000000000E+00,    0.0000000000E+00,    6.6380928429E+01
     79750,      0.676931,CP5_after_vdif,   1,    0.0000000000E+00,    6.6380928429E+01,    6.6380928429E+01,    0.0000000000E+00,    0.0000000000E+00,    0.0000000000E+00,    6.6380928429E+01
     79750,      0.676931,CP6_after_kinetics,   1,    0.0000000000E+00,    6.6380928429E+01,    6.6380928429E+01,    0.0000000000E+00,    0.0000000000E+00,    0.0000000000E+00,    6.6380928429E+01
     79750,      0.676931,CP7_after_upper_clamp,   1,    0.0000000000E+00,    6.6380928429E+01,    6.6380928429E+01,    0.0000000000E+00,    0.0000000000E+00,    0.0000000000E+00,    6.6380928429E+01
     79750,      0.676931,CP8_after_OBC,   1,    0.0000000000E+00,    6.6380928429E+01,    6.6380928429E+01,    0.0000000000E+00,    0.0000000000E+00,    0.0000000000E+00,    6.6380928429E+01
     79750,      0.676931,CP9_after_PTsource,   1,    0.0000000000E+00,    6.6380928429E+01,    6.6380928429E+01,    0.0000000000E+00,    0.0000000000E+00,    0.0000000000E+00,    6.6380928429E+01
     79750,      0.676931,CP10_after_neg_clamp,   1,    0.0000000000E+00,    6.6380928429E+01,    6.6380928429E+01,    0.0000000000E+00,    0.0000000000E+00,    0.0000000000E+00,    6.6380928429E+01
     79750,      0.676931,CP11_after_MPI,   1,    0.0000000000E+00,    6.6380928429E+01,    6.6380928429E+01,    0.0000000000E+00,    0.0000000000E+00,    0.0000000000E+00,    6.6380928429E+01
     79750,      0.676931,CP12_end,   1,    0.0000000000E+00,    6.6380928429E+01,    6.6380928429E+01,    0.0000000000E+00,    0.0000000000E+00,    0.0000000000E+00,    6.6380928429E+01
     79800,      0.676931,CP0_start,   1,    0.0000000000E+00,    6.6456600160E+01,    6.6456600160E+01,    0.0000000000E+00,    0.0000000000E+00,    0.0000000000E+00,    6.6456600160E+01
     79800,      0.676931,CP1_after_deposition,   1,    0.0000000000E+00,    6.6456600160E+01,    6.6456600160E+01,    0.0000000000E+00,    0.0000000000E+00,    0.0000000000E+00,    6.6456600160E+01
     79800,      0.676931,CP2_after_erosion,   1,    0.0000000000E+00,    6.6456600160E+01,    6.6456600160E+01,    0.0000000000E+00,    0.0000000000E+00,    0.0000000000E+00,    6.6456600160E+01
     79800,      0.676931,CP3_after_update_bottom,   1,    0.0000000000E+00,    6.6456600160E+01,    6.6456600160E+01,    0.0000000000E+00,    0.0000000000E+00,    0.0000000000E+00,    6.6456600160E+01
     79800,      0.676931,CP4_after_advection,   1,    0.0000000000E+00,    6.6459932908E+01,    6.6459932908E+01,    0.0000000000E+00,    0.0000000000E+00,    0.0000000000E+00,    6.6459932908E+01
     79800,      0.676931,CP5_after_vdif,   1,    0.0000000000E+00,    6.6459932908E+01,    6.6459932908E+01,    0.0000000000E+00,    0.0000000000E+00,    0.0000000000E+00,    6.6459932908E+01
     79800,      0.676931,CP6_after_kinetics,   1,    0.0000000000E+00,    6.6459932908E+01,    6.6459932908E+01,    0.0000000000E+00,    0.0000000000E+00,    0.0000000000E+00,    6.6459932908E+01
     79800,      0.676931,CP7_after_upper_clamp,   1,    0.0000000000E+00,    6.6459932908E+01,    6.6459932908E+01,    0.0000000000E+00,    0.0000000000E+00,    0.0000000000E+00,    6.6459932908E+01
     79800,      0.676931,CP8_after_OBC,   1,    0.0000000000E+00,    6.6459932908E+01,    6.6459932908E+01,    0.0000000000E+00,    0.0000000000E+00,    0.0000000000E+00,    6.6459932908E+01
     79800,      0.676931,CP9_after_PTsource,   1,    0.0000000000E+00,    6.6459932908E+01,    6.6459932908E+01,    0.0000000000E+00,    0.0000000000E+00,    0.0000000000E+00,    6.6459932908E+01
     79800,      0.676931,CP10_after_neg_clamp,   1,    0.0000000000E+00,    6.6459932908E+01,    6.6459932908E+01,    0.0000000000E+00,    0.0000000000E+00,    0.0000000000E+00,    6.6459932908E+01
     79800,      0.676931,CP11_after_MPI,   1,    0.0000000000E+00,    6.6459932908E+01,    6.6459932908E+01,    0.0000000000E+00,    0.0000000000E+00,    0.0000000000E+00,    6.6459932908E+01
     79800,      0.676931,CP12_end,   1,    0.0000000000E+00,    6.6459932908E+01,    6.6459932908E+01,    0.0000000000E+00,    0.0000000000E+00,    0.0000000000E+00,    6.6459932908E+01
     79850,      0.676931,CP0_start,   1,    0.0000000000E+00,    6.6535550003E+01,    6.6535550003E+01,    0.0000000000E+00,    0.0000000000E+00,    0.0000000000E+00,    6.6535550003E+01
     79850,      0.676931,CP1_after_deposition,   1,    0.0000000000E+00,    6.6535550003E+01,    6.6535550003E+01,    0.0000000000E+00,    0.0000000000E+00,    0.0000000000E+00,    6.6535550003E+01
     79850,      0.676931,CP2_after_erosion,   1,    0.0000000000E+00,    6.6535550003E+01,    6.6535550003E+01,    0.0000000000E+00,    0.0000000000E+00,    0.0000000000E+00,    6.6535550003E+01
     79850,      0.676931,CP3_after_update_bottom,   1,    0.0000000000E+00,    6.6535550003E+01,    6.6535550003E+01,    0.0000000000E+00,    0.0000000000E+00,    0.0000000000E+00,    6.6535550003E+01
     79850,      0.676931,CP4_after_advection,   1,    0.0000000000E+00,    6.6538871907E+01,    6.6538871907E+01,    0.0000000000E+00,    0.0000000000E+00,    0.0000000000E+00,    6.6538871907E+01
     79850,      0.676931,CP5_after_vdif,   1,    0.0000000000E+00,    6.6538871907E+01,    6.6538871907E+01,    0.0000000000E+00,    0.0000000000E+00,    0.0000000000E+00,    6.6538871907E+01
     79850,      0.676931,CP6_after_kinetics,   1,    0.0000000000E+00,    6.6538871907E+01,    6.6538871907E+01,    0.0000000000E+00,    0.0000000000E+00,    0.0000000000E+00,    6.6538871907E+01
     79850,      0.676931,CP7_after_upper_clamp,   1,    0.0000000000E+00,    6.6538871907E+01,    6.6538871907E+01,    0.0000000000E+00,    0.0000000000E+00,    0.0000000000E+00,    6.6538871907E+01
     79850,      0.676931,CP8_after_OBC,   1,    0.0000000000E+00,    6.6538871907E+01,    6.6538871907E+01,    0.0000000000E+00,    0.0000000000E+00,    0.0000000000E+00,    6.6538871907E+01
     79850,      0.676931,CP9_after_PTsource,   1,    0.0000000000E+00,    6.6538871907E+01,    6.6538871907E+01,    0.0000000000E+00,    0.0000000000E+00,    0.0000000000E+00,    6.6538871907E+01
     79850,      0.676931,CP10_after_neg_clamp,   1,    0.0000000000E+00,    6.6538871907E+01,    6.6538871907E+01,    0.0000000000E+00,    0.0000000000E+00,    0.0000000000E+00,    6.6538871907E+01
     79850,      0.676931,CP11_after_MPI,   1,    0.0000000000E+00,    6.6538871907E+01,    6.6538871907E+01,    0.0000000000E+00,    0.0000000000E+00,    0.0000000000E+00,    6.6538871907E+01
     79850,      0.676931,CP12_end,   1,    0.0000000000E+00,    6.6538871907E+01,    6.6538871907E+01,    0.0000000000E+00,    0.0000000000E+00,    0.0000000000E+00,    6.6538871907E+01
     79900,      0.676931,CP0_start,   1,    0.0000000000E+00,    6.6614513170E+01,    6.6614513170E+01,    0.0000000000E+00,    0.0000000000E+00,    0.0000000000E+00,    6.6614513170E+01
     79900,      0.676931,CP1_after_deposition,   1,    0.0000000000E+00,    6.6614513170E+01,    6.6614513170E+01,    0.0000000000E+00,    0.0000000000E+00,    0.0000000000E+00,    6.6614513170E+01
     79900,      0.676931,CP2_after_erosion,   1,    0.0000000000E+00,    6.6614513170E+01,    6.6614513170E+01,    0.0000000000E+00,    0.0000000000E+00,    0.0000000000E+00,    6.6614513170E+01
     79900,      0.676931,CP3_after_update_bottom,   1,    0.0000000000E+00,    6.6614513170E+01,    6.6614513170E+01,    0.0000000000E+00,    0.0000000000E+00,    0.0000000000E+00,    6.6614513170E+01
     79900,      0.676931,CP4_after_advection,   1,    0.0000000000E+00,    6.6617826062E+01,    6.6617826062E+01,    0.0000000000E+00,    0.0000000000E+00,    0.0000000000E+00,    6.6617826062E+01
     79900,      0.676931,CP5_after_vdif,   1,    0.0000000000E+00,    6.6617826062E+01,    6.6617826062E+01,    0.0000000000E+00,    0.0000000000E+00,    0.0000000000E+00,    6.6617826062E+01
     79900,      0.676931,CP6_after_kinetics,   1,    0.0000000000E+00,    6.6617826062E+01,    6.6617826062E+01,    0.0000000000E+00,    0.0000000000E+00,    0.0000000000E+00,    6.6617826062E+01
     79900,      0.676931,CP7_after_upper_clamp,   1,    0.0000000000E+00,    6.6617826062E+01,    6.6617826062E+01,    0.0000000000E+00,    0.0000000000E+00,    0.0000000000E+00,    6.6617826062E+01
     79900,      0.676931,CP8_after_OBC,   1,    0.0000000000E+00,    6.6617826062E+01,    6.6617826062E+01,    0.0000000000E+00,    0.0000000000E+00,    0.0000000000E+00,    6.6617826062E+01
     79900,      0.676931,CP9_after_PTsource,   1,    0.0000000000E+00,    6.6617826062E+01,    6.6617826062E+01,    0.0000000000E+00,    0.0000000000E+00,    0.0000000000E+00,    6.6617826062E+01
     79900,      0.676931,CP10_after_neg_clamp,   1,    0.0000000000E+00,    6.6617826062E+01,    6.6617826062E+01,    0.0000000000E+00,    0.0000000000E+00,    0.0000000000E+00,    6.6617826062E+01
     79900,      0.676931,CP11_after_MPI,   1,    0.0000000000E+00,    6.6617826062E+01,    6.6617826062E+01,    0.0000000000E+00,    0.0000000000E+00,    0.0000000000E+00,    6.6617826062E+01
     79900,      0.676931,CP12_end,   1,    0.0000000000E+00,    6.6617826062E+01,    6.6617826062E+01,    0.0000000000E+00,    0.0000000000E+00,    0.0000000000E+00,    6.6617826062E+01
     79950,      0.676931,CP0_start,   1,    0.0000000000E+00,    6.6693575776E+01,    6.6693575776E+01,    0.0000000000E+00,    0.0000000000E+00,    0.0000000000E+00,    6.6693575776E+01
     79950,      0.676931,CP1_after_deposition,   1,    0.0000000000E+00,    6.6693575776E+01,    6.6693575776E+01,    0.0000000000E+00,    0.0000000000E+00,    0.0000000000E+00,    6.6693575776E+01
     79950,      0.676931,CP2_after_erosion,   1,    0.0000000000E+00,    6.6693575776E+01,    6.6693575776E+01,    0.0000000000E+00,    0.0000000000E+00,    0.0000000000E+00,    6.6693575776E+01
     79950,      0.676931,CP3_after_update_bottom,   1,    0.0000000000E+00,    6.6693575776E+01,    6.6693575776E+01,    0.0000000000E+00,    0.0000000000E+00,    0.0000000000E+00,    6.6693575776E+01
     79950,      0.676931,CP4_after_advection,   1,    0.0000000000E+00,    6.6696880243E+01,    6.6696880243E+01,    0.0000000000E+00,    0.0000000000E+00,    0.0000000000E+00,    6.6696880243E+01
     79950,      0.676931,CP5_after_vdif,   1,    0.0000000000E+00,    6.6696880243E+01,    6.6696880243E+01,    0.0000000000E+00,    0.0000000000E+00,    0.0000000000E+00,    6.6696880243E+01
     79950,      0.676931,CP6_after_kinetics,   1,    0.0000000000E+00,    6.6696880243E+01,    6.6696880243E+01,    0.0000000000E+00,    0.0000000000E+00,    0.0000000000E+00,    6.6696880243E+01
     79950,      0.676931,CP7_after_upper_clamp,   1,    0.0000000000E+00,    6.6696880243E+01,    6.6696880243E+01,    0.0000000000E+00,    0.0000000000E+00,    0.0000000000E+00,    6.6696880243E+01
     79950,      0.676931,CP8_after_OBC,   1,    0.0000000000E+00,    6.6696880243E+01,    6.6696880243E+01,    0.0000000000E+00,    0.0000000000E+00,    0.0000000000E+00,    6.6696880243E+01
     79950,      0.676931,CP9_after_PTsource,   1,    0.0000000000E+00,    6.6696880243E+01,    6.6696880243E+01,    0.0000000000E+00,    0.0000000000E+00,    0.0000000000E+00,    6.6696880243E+01
     79950,      0.676931,CP10_after_neg_clamp,   1,    0.0000000000E+00,    6.6696880243E+01,    6.6696880243E+01,    0.0000000000E+00,    0.0000000000E+00,    0.0000000000E+00,    6.6696880243E+01
     79950,      0.676931,CP11_after_MPI,   1,    0.0000000000E+00,    6.6696880243E+01,    6.6696880243E+01,    0.0000000000E+00,    0.0000000000E+00,    0.0000000000E+00,    6.6696880243E+01
     79950,      0.676931,CP12_end,   1,    0.0000000000E+00,    6.6696880243E+01,    6.6696880243E+01,    0.0000000000E+00,    0.0000000000E+00,    0.0000000000E+00,    6.6696880243E+01
     80000,      0.676931,CP0_start,   1,    0.0000000000E+00,    6.6772802926E+01,    6.6772802926E+01,    0.0000000000E+00,    0.0000000000E+00,    0.0000000000E+00,    6.6772802926E+01
     80000,      0.676931,CP1_after_deposition,   1,    0.0000000000E+00,    6.6772802926E+01,    6.6772802926E+01,    0.0000000000E+00,    0.0000000000E+00,    0.0000000000E+00,    6.6772802926E+01
     80000,      0.676931,CP2_after_erosion,   1,    0.0000000000E+00,    6.6772802926E+01,    6.6772802926E+01,    0.0000000000E+00,    0.0000000000E+00,    0.0000000000E+00,    6.6772802926E+01
     80000,      0.676931,CP3_after_update_bottom,   1,    0.0000000000E+00,    6.6772802926E+01,    6.6772802926E+01,    0.0000000000E+00,    0.0000000000E+00,    0.0000000000E+00,    6.6772802926E+01
     80000,      0.676931,CP4_after_advection,   1,    0.0000000000E+00,    6.6776101206E+01,    6.6776101206E+01,    0.0000000000E+00,    0.0000000000E+00,    0.0000000000E+00,    6.6776101206E+01
     80000,      0.676931,CP5_after_vdif,   1,    0.0000000000E+00,    6.6776101206E+01,    6.6776101206E+01,    0.0000000000E+00,    0.0000000000E+00,    0.0000000000E+00,    6.6776101206E+01
     80000,      0.676931,CP6_after_kinetics,   1,    0.0000000000E+00,    6.6776101206E+01,    6.6776101206E+01,    0.0000000000E+00,    0.0000000000E+00,    0.0000000000E+00,    6.6776101206E+01
     80000,      0.676931,CP7_after_upper_clamp,   1,    0.0000000000E+00,    6.6776101206E+01,    6.6776101206E+01,    0.0000000000E+00,    0.0000000000E+00,    0.0000000000E+00,    6.6776101206E+01
     80000,      0.676931,CP8_after_OBC,   1,    0.0000000000E+00,    6.6776101206E+01,    6.6776101206E+01,    0.0000000000E+00,    0.0000000000E+00,    0.0000000000E+00,    6.6776101206E+01
     80000,      0.676931,CP9_after_PTsource,   1,    0.0000000000E+00,    6.6776101206E+01,    6.6776101206E+01,    0.0000000000E+00,    0.0000000000E+00,    0.0000000000E+00,    6.6776101206E+01
     80000,      0.676931,CP10_after_neg_clamp,   1,    0.0000000000E+00,    6.6776101206E+01,    6.6776101206E+01,    0.0000000000E+00,    0.0000000000E+00,    0.0000000000E+00,    6.6776101206E+01
     80000,      0.676931,CP11_after_MPI,   1,    0.0000000000E+00,    6.6776101206E+01,    6.6776101206E+01,    0.0000000000E+00,    0.0000000000E+00,    0.0000000000E+00,    6.6776101206E+01
     80000,      0.676931,CP12_end,   1,    0.0000000000E+00,    6.6776101206E+01,    6.6776101206E+01,    0.0000000000E+00,    0.0000000000E+00,    0.0000000000E+00,    6.6776101206E+01
     80050,      0.676931,CP0_start,   1,    0.0000000000E+00,    6.6852226605E+01,    6.6852226605E+01,    0.0000000000E+00,    0.0000000000E+00,    0.0000000000E+00,    6.6852226605E+01
     80050,      0.676931,CP1_after_deposition,   1,    0.0000000000E+00,    6.6852226605E+01,    6.6852226605E+01,    0.0000000000E+00,    0.0000000000E+00,    0.0000000000E+00,    6.6852226605E+01
     80050,      0.676931,CP2_after_erosion,   1,    0.0000000000E+00,    6.6852226605E+01,    6.6852226605E+01,    0.0000000000E+00,    0.0000000000E+00,    0.0000000000E+00,    6.6852226605E+01
     80050,      0.676931,CP3_after_update_bottom,   1,    0.0000000000E+00,    6.6852226605E+01,    6.6852226605E+01,    0.0000000000E+00,    0.0000000000E+00,    0.0000000000E+00,    6.6852226605E+01
     80050,      0.676931,CP4_after_advection,   1,    0.0000000000E+00,    6.6855519083E+01,    6.6855519083E+01,    0.0000000000E+00,    0.0000000000E+00,    0.0000000000E+00,    6.6855519083E+01
     80050,      0.676931,CP5_after_vdif,   1,    0.0000000000E+00,    6.6855519083E+01,    6.6855519083E+01,    0.0000000000E+00,    0.0000000000E+00,    0.0000000000E+00,    6.6855519083E+01
     80050,      0.676931,CP6_after_kinetics,   1,    0.0000000000E+00,    6.6855519083E+01,    6.6855519083E+01,    0.0000000000E+00,    0.0000000000E+00,    0.0000000000E+00,    6.6855519083E+01
     80050,      0.676931,CP7_after_upper_clamp,   1,    0.0000000000E+00,    6.6855519083E+01,    6.6855519083E+01,    0.0000000000E+00,    0.0000000000E+00,    0.0000000000E+00,    6.6855519083E+01
     80050,      0.676931,CP8_after_OBC,   1,    0.0000000000E+00,    6.6855519083E+01,    6.6855519083E+01,    0.0000000000E+00,    0.0000000000E+00,    0.0000000000E+00,    6.6855519083E+01
     80050,      0.676931,CP9_after_PTsource,   1,    0.0000000000E+00,    6.6855519083E+01,    6.6855519083E+01,    0.0000000000E+00,    0.0000000000E+00,    0.0000000000E+00,    6.6855519083E+01
     80050,      0.676931,CP10_after_neg_clamp,   1,    0.0000000000E+00,    6.6855519083E+01,    6.6855519083E+01,    0.0000000000E+00,    0.0000000000E+00,    0.0000000000E+00,    6.6855519083E+01
     80050,      0.676931,CP11_after_MPI,   1,    0.0000000000E+00,    6.6855519083E+01,    6.6855519083E+01,    0.0000000000E+00,    0.0000000000E+00,    0.0000000000E+00,    6.6855519083E+01
     80050,      0.676931,CP12_end,   1,    0.0000000000E+00,    6.6855519083E+01,    6.6855519083E+01,    0.0000000000E+00,    0.0000000000E+00,    0.0000000000E+00,    6.6855519083E+01
     80100,      0.676931,CP0_start,   1,    0.0000000000E+00,    6.6931877850E+01,    6.6931877850E+01,    0.0000000000E+00,    0.0000000000E+00,    0.0000000000E+00,    6.6931877850E+01
     80100,      0.676931,CP1_after_deposition,   1,    0.0000000000E+00,    6.6931877850E+01,    6.6931877850E+01,    0.0000000000E+00,    0.0000000000E+00,    0.0000000000E+00,    6.6931877850E+01
     80100,      0.676931,CP2_after_erosion,   1,    0.0000000000E+00,    6.6931877850E+01,    6.6931877850E+01,    0.0000000000E+00,    0.0000000000E+00,    0.0000000000E+00,    6.6931877850E+01
     80100,      0.676931,CP3_after_update_bottom,   1,    0.0000000000E+00,    6.6931877850E+01,    6.6931877850E+01,    0.0000000000E+00,    0.0000000000E+00,    0.0000000000E+00,    6.6931877850E+01
     80100,      0.676931,CP4_after_advection,   1,    0.0000000000E+00,    6.6935165654E+01,    6.6935165654E+01,    0.0000000000E+00,    0.0000000000E+00,    0.0000000000E+00,    6.6935165654E+01
     80100,      0.676931,CP5_after_vdif,   1,    0.0000000000E+00,    6.6935165654E+01,    6.6935165654E+01,    0.0000000000E+00,    0.0000000000E+00,    0.0000000000E+00,    6.6935165654E+01
     80100,      0.676931,CP6_after_kinetics,   1,    0.0000000000E+00,    6.6935165654E+01,    6.6935165654E+01,    0.0000000000E+00,    0.0000000000E+00,    0.0000000000E+00,    6.6935165654E+01
     80100,      0.676931,CP7_after_upper_clamp,   1,    0.0000000000E+00,    6.6935165654E+01,    6.6935165654E+01,    0.0000000000E+00,    0.0000000000E+00,    0.0000000000E+00,    6.6935165654E+01
     80100,      0.676931,CP8_after_OBC,   1,    0.0000000000E+00,    6.6935165654E+01,    6.6935165654E+01,    0.0000000000E+00,    0.0000000000E+00,    0.0000000000E+00,    6.6935165654E+01
     80100,      0.676931,CP9_after_PTsource,   1,    0.0000000000E+00,    6.6935165654E+01,    6.6935165654E+01,    0.0000000000E+00,    0.0000000000E+00,    0.0000000000E+00,    6.6935165654E+01
     80100,      0.676931,CP10_after_neg_clamp,   1,    0.0000000000E+00,    6.6935165654E+01,    6.6935165654E+01,    0.0000000000E+00,    0.0000000000E+00,    0.0000000000E+00,    6.6935165654E+01
     80100,      0.676931,CP11_after_MPI,   1,    0.0000000000E+00,    6.6935165654E+01,    6.6935165654E+01,    0.0000000000E+00,    0.0000000000E+00,    0.0000000000E+00,    6.6935165654E+01
     80100,      0.676931,CP12_end,   1,    0.0000000000E+00,    6.6935165654E+01,    6.6935165654E+01,    0.0000000000E+00,    0.0000000000E+00,    0.0000000000E+00,    6.6935165654E+01
     80150,      0.676931,CP0_start,   1,    0.0000000000E+00,    6.7011143397E+01,    6.7011143397E+01,    0.0000000000E+00,    0.0000000000E+00,    0.0000000000E+00,    6.7011143397E+01
     80150,      0.676931,CP1_after_deposition,   1,    0.0000000000E+00,    6.7011143397E+01,    6.7011143397E+01,    0.0000000000E+00,    0.0000000000E+00,    0.0000000000E+00,    6.7011143397E+01
     80150,      0.676931,CP2_after_erosion,   1,    0.0000000000E+00,    6.7011143397E+01,    6.7011143397E+01,    0.0000000000E+00,    0.0000000000E+00,    0.0000000000E+00,    6.7011143397E+01
     80150,      0.676931,CP3_after_update_bottom,   1,    0.0000000000E+00,    6.7011143397E+01,    6.7011143397E+01,    0.0000000000E+00,    0.0000000000E+00,    0.0000000000E+00,    6.7011143397E+01
     80150,      0.676931,CP4_after_advection,   1,    0.0000000000E+00,    6.7014426830E+01,    6.7014426830E+01,    0.0000000000E+00,    0.0000000000E+00,    0.0000000000E+00,    6.7014426830E+01
     80150,      0.676931,CP5_after_vdif,   1,    0.0000000000E+00,    6.7014426830E+01,    6.7014426830E+01,    0.0000000000E+00,    0.0000000000E+00,    0.0000000000E+00,    6.7014426830E+01
     80150,      0.676931,CP6_after_kinetics,   1,    0.0000000000E+00,    6.7014426830E+01,    6.7014426830E+01,    0.0000000000E+00,    0.0000000000E+00,    0.0000000000E+00,    6.7014426830E+01
     80150,      0.676931,CP7_after_upper_clamp,   1,    0.0000000000E+00,    6.7014426830E+01,    6.7014426830E+01,    0.0000000000E+00,    0.0000000000E+00,    0.0000000000E+00,    6.7014426830E+01
     80150,      0.676931,CP8_after_OBC,   1,    0.0000000000E+00,    6.7014426830E+01,    6.7014426830E+01,    0.0000000000E+00,    0.0000000000E+00,    0.0000000000E+00,    6.7014426830E+01
     80150,      0.676931,CP9_after_PTsource,   1,    0.0000000000E+00,    6.7014426830E+01,    6.7014426830E+01,    0.0000000000E+00,    0.0000000000E+00,    0.0000000000E+00,    6.7014426830E+01
     80150,      0.676931,CP10_after_neg_clamp,   1,    0.0000000000E+00,    6.7014426830E+01,    6.7014426830E+01,    0.0000000000E+00,    0.0000000000E+00,    0.0000000000E+00,    6.7014426830E+01
     80150,      0.676931,CP11_after_MPI,   1,    0.0000000000E+00,    6.7014426830E+01,    6.7014426830E+01,    0.0000000000E+00,    0.0000000000E+00,    0.0000000000E+00,    6.7014426830E+01
     80150,      0.676931,CP12_end,   1,    0.0000000000E+00,    6.7014426830E+01,    6.7014426830E+01,    0.0000000000E+00,    0.0000000000E+00,    0.0000000000E+00,    6.7014426830E+01
     80200,      0.676931,CP0_start,   1,    0.0000000000E+00,    6.7090651354E+01,    6.7090651354E+01,    0.0000000000E+00,    0.0000000000E+00,    0.0000000000E+00,    6.7090651354E+01
     80200,      0.676931,CP1_after_deposition,   1,    0.0000000000E+00,    6.7090651354E+01,    6.7090651354E+01,    0.0000000000E+00,    0.0000000000E+00,    0.0000000000E+00,    6.7090651354E+01
     80200,      0.676931,CP2_after_erosion,   1,    0.0000000000E+00,    6.7090651354E+01,    6.7090651354E+01,    0.0000000000E+00,    0.0000000000E+00,    0.0000000000E+00,    6.7090651354E+01
     80200,      0.676931,CP3_after_update_bottom,   1,    0.0000000000E+00,    6.7090651354E+01,    6.7090651354E+01,    0.0000000000E+00,    0.0000000000E+00,    0.0000000000E+00,    6.7090651354E+01
     80200,      0.676931,CP4_after_advection,   1,    0.0000000000E+00,    6.7093932381E+01,    6.7093932381E+01,    0.0000000000E+00,    0.0000000000E+00,    0.0000000000E+00,    6.7093932381E+01
     80200,      0.676931,CP5_after_vdif,   1,    0.0000000000E+00,    6.7093932381E+01,    6.7093932381E+01,    0.0000000000E+00,    0.0000000000E+00,    0.0000000000E+00,    6.7093932381E+01
     80200,      0.676931,CP6_after_kinetics,   1,    0.0000000000E+00,    6.7093932381E+01,    6.7093932381E+01,    0.0000000000E+00,    0.0000000000E+00,    0.0000000000E+00,    6.7093932381E+01
     80200,      0.676931,CP7_after_upper_clamp,   1,    0.0000000000E+00,    6.7093932381E+01,    6.7093932381E+01,    0.0000000000E+00,    0.0000000000E+00,    0.0000000000E+00,    6.7093932381E+01
     80200,      0.676931,CP8_after_OBC,   1,    0.0000000000E+00,    6.7093932381E+01,    6.7093932381E+01,    0.0000000000E+00,    0.0000000000E+00,    0.0000000000E+00,    6.7093932381E+01
     80200,      0.676931,CP9_after_PTsource,   1,    0.0000000000E+00,    6.7093932381E+01,    6.7093932381E+01,    0.0000000000E+00,    0.0000000000E+00,    0.0000000000E+00,    6.7093932381E+01
     80200,      0.676931,CP10_after_neg_clamp,   1,    0.0000000000E+00,    6.7093932381E+01,    6.7093932381E+01,    0.0000000000E+00,    0.0000000000E+00,    0.0000000000E+00,    6.7093932381E+01
     80200,      0.676931,CP11_after_MPI,   1,    0.0000000000E+00,    6.7093932381E+01,    6.7093932381E+01,    0.0000000000E+00,    0.0000000000E+00,    0.0000000000E+00,    6.7093932381E+01
     80200,      0.676931,CP12_end,   1,    0.0000000000E+00,    6.7093932381E+01,    6.7093932381E+01,    0.0000000000E+00,    0.0000000000E+00,    0.0000000000E+00,    6.7093932381E+01
     80250,      0.676931,CP0_start,   1,    0.0000000000E+00,    6.7170431108E+01,    6.7170431108E+01,    0.0000000000E+00,    0.0000000000E+00,    0.0000000000E+00,    6.7170431108E+01
     80250,      0.676931,CP1_after_deposition,   1,    0.0000000000E+00,    6.7170431108E+01,    6.7170431108E+01,    0.0000000000E+00,    0.0000000000E+00,    0.0000000000E+00,    6.7170431108E+01
     80250,      0.676931,CP2_after_erosion,   1,    0.0000000000E+00,    6.7170431108E+01,    6.7170431108E+01,    0.0000000000E+00,    0.0000000000E+00,    0.0000000000E+00,    6.7170431108E+01
     80250,      0.676931,CP3_after_update_bottom,   1,    0.0000000000E+00,    6.7170431108E+01,    6.7170431108E+01,    0.0000000000E+00,    0.0000000000E+00,    0.0000000000E+00,    6.7170431108E+01
     80250,      0.676931,CP4_after_advection,   1,    0.0000000000E+00,    6.7173708491E+01,    6.7173708491E+01,    0.0000000000E+00,    0.0000000000E+00,    0.0000000000E+00,    6.7173708491E+01
     80250,      0.676931,CP5_after_vdif,   1,    0.0000000000E+00,    6.7173708491E+01,    6.7173708491E+01,    0.0000000000E+00,    0.0000000000E+00,    0.0000000000E+00,    6.7173708491E+01
     80250,      0.676931,CP6_after_kinetics,   1,    0.0000000000E+00,    6.7173708491E+01,    6.7173708491E+01,    0.0000000000E+00,    0.0000000000E+00,    0.0000000000E+00,    6.7173708491E+01
     80250,      0.676931,CP7_after_upper_clamp,   1,    0.0000000000E+00,    6.7173708491E+01,    6.7173708491E+01,    0.0000000000E+00,    0.0000000000E+00,    0.0000000000E+00,    6.7173708491E+01
     80250,      0.676931,CP8_after_OBC,   1,    0.0000000000E+00,    6.7173708491E+01,    6.7173708491E+01,    0.0000000000E+00,    0.0000000000E+00,    0.0000000000E+00,    6.7173708491E+01
     80250,      0.676931,CP9_after_PTsource,   1,    0.0000000000E+00,    6.7173708491E+01,    6.7173708491E+01,    0.0000000000E+00,    0.0000000000E+00,    0.0000000000E+00,    6.7173708491E+01
     80250,      0.676931,CP10_after_neg_clamp,   1,    0.0000000000E+00,    6.7173708491E+01,    6.7173708491E+01,    0.0000000000E+00,    0.0000000000E+00,    0.0000000000E+00,    6.7173708491E+01
     80250,      0.676931,CP11_after_MPI,   1,    0.0000000000E+00,    6.7173708491E+01,    6.7173708491E+01,    0.0000000000E+00,    0.0000000000E+00,    0.0000000000E+00,    6.7173708491E+01
     80250,      0.676931,CP12_end,   1,    0.0000000000E+00,    6.7173708491E+01,    6.7173708491E+01,    0.0000000000E+00,    0.0000000000E+00,    0.0000000000E+00,    6.7173708491E+01
     80300,      0.676931,CP0_start,   1,    0.0000000000E+00,    6.7250515365E+01,    6.7250515365E+01,    0.0000000000E+00,    0.0000000000E+00,    0.0000000000E+00,    6.7250515365E+01
     80300,      0.676931,CP1_after_deposition,   1,    0.0000000000E+00,    6.7250515365E+01,    6.7250515365E+01,    0.0000000000E+00,    0.0000000000E+00,    0.0000000000E+00,    6.7250515365E+01
     80300,      0.676931,CP2_after_erosion,   1,    0.0000000000E+00,    6.7250515365E+01,    6.7250515365E+01,    0.0000000000E+00,    0.0000000000E+00,    0.0000000000E+00,    6.7250515365E+01
     80300,      0.676931,CP3_after_update_bottom,   1,    0.0000000000E+00,    6.7250515365E+01,    6.7250515365E+01,    0.0000000000E+00,    0.0000000000E+00,    0.0000000000E+00,    6.7250515365E+01
     80300,      0.676931,CP4_after_advection,   1,    0.0000000000E+00,    6.7253788912E+01,    6.7253788912E+01,    0.0000000000E+00,    0.0000000000E+00,    0.0000000000E+00,    6.7253788912E+01
     80300,      0.676931,CP5_after_vdif,   1,    0.0000000000E+00,    6.7253788912E+01,    6.7253788912E+01,    0.0000000000E+00,    0.0000000000E+00,    0.0000000000E+00,    6.7253788912E+01
     80300,      0.676931,CP6_after_kinetics,   1,    0.0000000000E+00,    6.7253788912E+01,    6.7253788912E+01,    0.0000000000E+00,    0.0000000000E+00,    0.0000000000E+00,    6.7253788912E+01
     80300,      0.676931,CP7_after_upper_clamp,   1,    0.0000000000E+00,    6.7253788912E+01,    6.7253788912E+01,    0.0000000000E+00,    0.0000000000E+00,    0.0000000000E+00,    6.7253788912E+01
     80300,      0.676931,CP8_after_OBC,   1,    0.0000000000E+00,    6.7253788912E+01,    6.7253788912E+01,    0.0000000000E+00,    0.0000000000E+00,    0.0000000000E+00,    6.7253788912E+01
     80300,      0.676931,CP9_after_PTsource,   1,    0.0000000000E+00,    6.7253788912E+01,    6.7253788912E+01,    0.0000000000E+00,    0.0000000000E+00,    0.0000000000E+00,    6.7253788912E+01
     80300,      0.676931,CP10_after_neg_clamp,   1,    0.0000000000E+00,    6.7253788912E+01,    6.7253788912E+01,    0.0000000000E+00,    0.0000000000E+00,    0.0000000000E+00,    6.7253788912E+01
     80300,      0.676931,CP11_after_MPI,   1,    0.0000000000E+00,    6.7253788912E+01,    6.7253788912E+01,    0.0000000000E+00,    0.0000000000E+00,    0.0000000000E+00,    6.7253788912E+01
     80300,      0.676931,CP12_end,   1,    0.0000000000E+00,    6.7253788912E+01,    6.7253788912E+01,    0.0000000000E+00,    0.0000000000E+00,    0.0000000000E+00,    6.7253788912E+01
     80350,      0.676931,CP0_start,   1,    0.0000000000E+00,    6.7330946186E+01,    6.7330946186E+01,    0.0000000000E+00,    0.0000000000E+00,    0.0000000000E+00,    6.7330946186E+01
     80350,      0.676931,CP1_after_deposition,   1,    0.0000000000E+00,    6.7330946186E+01,    6.7330946186E+01,    0.0000000000E+00,    0.0000000000E+00,    0.0000000000E+00,    6.7330946186E+01
     80350,      0.676931,CP2_after_erosion,   1,    0.0000000000E+00,    6.7330946186E+01,    6.7330946186E+01,    0.0000000000E+00,    0.0000000000E+00,    0.0000000000E+00,    6.7330946186E+01
     80350,      0.676931,CP3_after_update_bottom,   1,    0.0000000000E+00,    6.7330946186E+01,    6.7330946186E+01,    0.0000000000E+00,    0.0000000000E+00,    0.0000000000E+00,    6.7330946186E+01
     80350,      0.676931,CP4_after_advection,   1,    0.0000000000E+00,    6.7334217752E+01,    6.7334217752E+01,    0.0000000000E+00,    0.0000000000E+00,    0.0000000000E+00,    6.7334217752E+01
     80350,      0.676931,CP5_after_vdif,   1,    0.0000000000E+00,    6.7334217752E+01,    6.7334217752E+01,    0.0000000000E+00,    0.0000000000E+00,    0.0000000000E+00,    6.7334217752E+01
     80350,      0.676931,CP6_after_kinetics,   1,    0.0000000000E+00,    6.7334217752E+01,    6.7334217752E+01,    0.0000000000E+00,    0.0000000000E+00,    0.0000000000E+00,    6.7334217752E+01
     80350,      0.676931,CP7_after_upper_clamp,   1,    0.0000000000E+00,    6.7334217752E+01,    6.7334217752E+01,    0.0000000000E+00,    0.0000000000E+00,    0.0000000000E+00,    6.7334217752E+01
     80350,      0.676931,CP8_after_OBC,   1,    0.0000000000E+00,    6.7334217752E+01,    6.7334217752E+01,    0.0000000000E+00,    0.0000000000E+00,    0.0000000000E+00,    6.7334217752E+01
     80350,      0.676931,CP9_after_PTsource,   1,    0.0000000000E+00,    6.7334217752E+01,    6.7334217752E+01,    0.0000000000E+00,    0.0000000000E+00,    0.0000000000E+00,    6.7334217752E+01
     80350,      0.676931,CP10_after_neg_clamp,   1,    0.0000000000E+00,    6.7334217752E+01,    6.7334217752E+01,    0.0000000000E+00,    0.0000000000E+00,    0.0000000000E+00,    6.7334217752E+01
     80350,      0.676931,CP11_after_MPI,   1,    0.0000000000E+00,    6.7334217752E+01,    6.7334217752E+01,    0.0000000000E+00,    0.0000000000E+00,    0.0000000000E+00,    6.7334217752E+01
     80350,      0.676931,CP12_end,   1,    0.0000000000E+00,    6.7334217752E+01,    6.7334217752E+01,    0.0000000000E+00,    0.0000000000E+00,    0.0000000000E+00,    6.7334217752E+01
     80400,      0.676931,CP0_start,   1,    0.0000000000E+00,    6.7411655499E+01,    6.7411655499E+01,    0.0000000000E+00,    0.0000000000E+00,    0.0000000000E+00,    6.7411655499E+01
     80400,      0.676931,CP1_after_deposition,   1,    0.0000000000E+00,    6.7411655499E+01,    6.7411655499E+01,    0.0000000000E+00,    0.0000000000E+00,    0.0000000000E+00,    6.7411655499E+01
     80400,      0.676931,CP2_after_erosion,   1,    0.0000000000E+00,    6.7411655499E+01,    6.7411655499E+01,    0.0000000000E+00,    0.0000000000E+00,    0.0000000000E+00,    6.7411655499E+01
     80400,      0.676931,CP3_after_update_bottom,   1,    0.0000000000E+00,    6.7411655499E+01,    6.7411655499E+01,    0.0000000000E+00,    0.0000000000E+00,    0.0000000000E+00,    6.7411655499E+01
     80400,      0.676931,CP4_after_advection,   1,    0.0000000000E+00,    6.7414923127E+01,    6.7414923127E+01,    0.0000000000E+00,    0.0000000000E+00,    0.0000000000E+00,    6.7414923127E+01
     80400,      0.676931,CP5_after_vdif,   1,    0.0000000000E+00,    6.7414923127E+01,    6.7414923127E+01,    0.0000000000E+00,    0.0000000000E+00,    0.0000000000E+00,    6.7414923127E+01
     80400,      0.676931,CP6_after_kinetics,   1,    0.0000000000E+00,    6.7414923127E+01,    6.7414923127E+01,    0.0000000000E+00,    0.0000000000E+00,    0.0000000000E+00,    6.7414923127E+01
     80400,      0.676931,CP7_after_upper_clamp,   1,    0.0000000000E+00,    6.7414923127E+01,    6.7414923127E+01,    0.0000000000E+00,    0.0000000000E+00,    0.0000000000E+00,    6.7414923127E+01
     80400,      0.676931,CP8_after_OBC,   1,    0.0000000000E+00,    6.7414923127E+01,    6.7414923127E+01,    0.0000000000E+00,    0.0000000000E+00,    0.0000000000E+00,    6.7414923127E+01
     80400,      0.676931,CP9_after_PTsource,   1,    0.0000000000E+00,    6.7414923127E+01,    6.7414923127E+01,    0.0000000000E+00,    0.0000000000E+00,    0.0000000000E+00,    6.7414923127E+01
     80400,      0.676931,CP10_after_neg_clamp,   1,    0.0000000000E+00,    6.7414923127E+01,    6.7414923127E+01,    0.0000000000E+00,    0.0000000000E+00,    0.0000000000E+00,    6.7414923127E+01
     80400,      0.676931,CP11_after_MPI,   1,    0.0000000000E+00,    6.7414923127E+01,    6.7414923127E+01,    0.0000000000E+00,    0.0000000000E+00,    0.0000000000E+00,    6.7414923127E+01
     80400,      0.676931,CP12_end,   1,    0.0000000000E+00,    6.7414923127E+01,    6.7414923127E+01,    0.0000000000E+00,    0.0000000000E+00,    0.0000000000E+00,    6.7414923127E+01
     80450,      0.676931,CP0_start,   1,    0.0000000000E+00,    6.7492704306E+01,    6.7492704306E+01,    0.0000000000E+00,    0.0000000000E+00,    0.0000000000E+00,    6.7492704306E+01
     80450,      0.676931,CP1_after_deposition,   1,    0.0000000000E+00,    6.7492704306E+01,    6.7492704306E+01,    0.0000000000E+00,    0.0000000000E+00,    0.0000000000E+00,    6.7492704306E+01
     80450,      0.676931,CP2_after_erosion,   1,    0.0000000000E+00,    6.7492704306E+01,    6.7492704306E+01,    0.0000000000E+00,    0.0000000000E+00,    0.0000000000E+00,    6.7492704306E+01
     80450,      0.676931,CP3_after_update_bottom,   1,    0.0000000000E+00,    6.7492704306E+01,    6.7492704306E+01,    0.0000000000E+00,    0.0000000000E+00,    0.0000000000E+00,    6.7492704306E+01
     80450,      0.676931,CP4_after_advection,   1,    0.0000000000E+00,    6.7495969695E+01,    6.7495969695E+01,    0.0000000000E+00,    0.0000000000E+00,    0.0000000000E+00,    6.7495969695E+01
     80450,      0.676931,CP5_after_vdif,   1,    0.0000000000E+00,    6.7495969695E+01,    6.7495969695E+01,    0.0000000000E+00,    0.0000000000E+00,    0.0000000000E+00,    6.7495969695E+01
     80450,      0.676931,CP6_after_kinetics,   1,    0.0000000000E+00,    6.7495969695E+01,    6.7495969695E+01,    0.0000000000E+00,    0.0000000000E+00,    0.0000000000E+00,    6.7495969695E+01
     80450,      0.676931,CP7_after_upper_clamp,   1,    0.0000000000E+00,    6.7495969695E+01,    6.7495969695E+01,    0.0000000000E+00,    0.0000000000E+00,    0.0000000000E+00,    6.7495969695E+01
     80450,      0.676931,CP8_after_OBC,   1,    0.0000000000E+00,    6.7495969695E+01,    6.7495969695E+01,    0.0000000000E+00,    0.0000000000E+00,    0.0000000000E+00,    6.7495969695E+01
     80450,      0.676931,CP9_after_PTsource,   1,    0.0000000000E+00,    6.7495969695E+01,    6.7495969695E+01,    0.0000000000E+00,    0.0000000000E+00,    0.0000000000E+00,    6.7495969695E+01
     80450,      0.676931,CP10_after_neg_clamp,   1,    0.0000000000E+00,    6.7495969695E+01,    6.7495969695E+01,    0.0000000000E+00,    0.0000000000E+00,    0.0000000000E+00,    6.7495969695E+01
     80450,      0.676931,CP11_after_MPI,   1,    0.0000000000E+00,    6.7495969695E+01,    6.7495969695E+01,    0.0000000000E+00,    0.0000000000E+00,    0.0000000000E+00,    6.7495969695E+01
     80450,      0.676931,CP12_end,   1,    0.0000000000E+00,    6.7495969695E+01,    6.7495969695E+01,    0.0000000000E+00,    0.0000000000E+00,    0.0000000000E+00,    6.7495969695E+01
     80500,      0.676931,CP0_start,   1,    0.0000000000E+00,    6.7574040722E+01,    6.7574040722E+01,    0.0000000000E+00,    0.0000000000E+00,    0.0000000000E+00,    6.7574040722E+01
     80500,      0.676931,CP1_after_deposition,   1,    0.0000000000E+00,    6.7574040722E+01,    6.7574040722E+01,    0.0000000000E+00,    0.0000000000E+00,    0.0000000000E+00,    6.7574040722E+01
     80500,      0.676931,CP2_after_erosion,   1,    0.0000000000E+00,    6.7574040722E+01,    6.7574040722E+01,    0.0000000000E+00,    0.0000000000E+00,    0.0000000000E+00,    6.7574040722E+01
     80500,      0.676931,CP3_after_update_bottom,   1,    0.0000000000E+00,    6.7574040722E+01,    6.7574040722E+01,    0.0000000000E+00,    0.0000000000E+00,    0.0000000000E+00,    6.7574040722E+01
     80500,      0.676931,CP4_after_advection,   1,    0.0000000000E+00,    6.7577302319E+01,    6.7577302319E+01,    0.0000000000E+00,    0.0000000000E+00,    0.0000000000E+00,    6.7577302319E+01
     80500,      0.676931,CP5_after_vdif,   1,    0.0000000000E+00,    6.7577302319E+01,    6.7577302319E+01,    0.0000000000E+00,    0.0000000000E+00,    0.0000000000E+00,    6.7577302319E+01
     80500,      0.676931,CP6_after_kinetics,   1,    0.0000000000E+00,    6.7577302319E+01,    6.7577302319E+01,    0.0000000000E+00,    0.0000000000E+00,    0.0000000000E+00,    6.7577302319E+01
     80500,      0.676931,CP7_after_upper_clamp,   1,    0.0000000000E+00,    6.7577302319E+01,    6.7577302319E+01,    0.0000000000E+00,    0.0000000000E+00,    0.0000000000E+00,    6.7577302319E+01
     80500,      0.676931,CP8_after_OBC,   1,    0.0000000000E+00,    6.7577302319E+01,    6.7577302319E+01,    0.0000000000E+00,    0.0000000000E+00,    0.0000000000E+00,    6.7577302319E+01
     80500,      0.676931,CP9_after_PTsource,   1,    0.0000000000E+00,    6.7577302319E+01,    6.7577302319E+01,    0.0000000000E+00,    0.0000000000E+00,    0.0000000000E+00,    6.7577302319E+01
     80500,      0.676931,CP10_after_neg_clamp,   1,    0.0000000000E+00,    6.7577302319E+01,    6.7577302319E+01,    0.0000000000E+00,    0.0000000000E+00,    0.0000000000E+00,    6.7577302319E+01
     80500,      0.676931,CP11_after_MPI,   1,    0.0000000000E+00,    6.7577302319E+01,    6.7577302319E+01,    0.0000000000E+00,    0.0000000000E+00,    0.0000000000E+00,    6.7577302319E+01
     80500,      0.676931,CP12_end,   1,    0.0000000000E+00,    6.7577302319E+01,    6.7577302319E+01,    0.0000000000E+00,    0.0000000000E+00,    0.0000000000E+00,    6.7577302319E+01
     80550,      0.676931,CP0_start,   1,    0.0000000000E+00,    6.7655686461E+01,    6.7655686461E+01,    0.0000000000E+00,    0.0000000000E+00,    0.0000000000E+00,    6.7655686461E+01
     80550,      0.676931,CP1_after_deposition,   1,    0.0000000000E+00,    6.7655686461E+01,    6.7655686461E+01,    0.0000000000E+00,    0.0000000000E+00,    0.0000000000E+00,    6.7655686461E+01
     80550,      0.676931,CP2_after_erosion,   1,    0.0000000000E+00,    6.7655686461E+01,    6.7655686461E+01,    0.0000000000E+00,    0.0000000000E+00,    0.0000000000E+00,    6.7655686461E+01
     80550,      0.676931,CP3_after_update_bottom,   1,    0.0000000000E+00,    6.7655686461E+01,    6.7655686461E+01,    0.0000000000E+00,    0.0000000000E+00,    0.0000000000E+00,    6.7655686461E+01
     80550,      0.676931,CP4_after_advection,   1,    0.0000000000E+00,    6.7658944925E+01,    6.7658944925E+01,    0.0000000000E+00,    0.0000000000E+00,    0.0000000000E+00,    6.7658944925E+01
     80550,      0.676931,CP5_after_vdif,   1,    0.0000000000E+00,    6.7658944925E+01,    6.7658944925E+01,    0.0000000000E+00,    0.0000000000E+00,    0.0000000000E+00,    6.7658944925E+01
     80550,      0.676931,CP6_after_kinetics,   1,    0.0000000000E+00,    6.7658944925E+01,    6.7658944925E+01,    0.0000000000E+00,    0.0000000000E+00,    0.0000000000E+00,    6.7658944925E+01
     80550,      0.676931,CP7_after_upper_clamp,   1,    0.0000000000E+00,    6.7658944925E+01,    6.7658944925E+01,    0.0000000000E+00,    0.0000000000E+00,    0.0000000000E+00,    6.7658944925E+01
     80550,      0.676931,CP8_after_OBC,   1,    0.0000000000E+00,    6.7658944925E+01,    6.7658944925E+01,    0.0000000000E+00,    0.0000000000E+00,    0.0000000000E+00,    6.7658944925E+01
     80550,      0.676931,CP9_after_PTsource,   1,    0.0000000000E+00,    6.7658944925E+01,    6.7658944925E+01,    0.0000000000E+00,    0.0000000000E+00,    0.0000000000E+00,    6.7658944925E+01
     80550,      0.676931,CP10_after_neg_clamp,   1,    0.0000000000E+00,    6.7658944925E+01,    6.7658944925E+01,    0.0000000000E+00,    0.0000000000E+00,    0.0000000000E+00,    6.7658944925E+01
     80550,      0.676931,CP11_after_MPI,   1,    0.0000000000E+00,    6.7658944925E+01,    6.7658944925E+01,    0.0000000000E+00,    0.0000000000E+00,    0.0000000000E+00,    6.7658944925E+01
     80550,      0.676931,CP12_end,   1,    0.0000000000E+00,    6.7658944925E+01,    6.7658944925E+01,    0.0000000000E+00,    0.0000000000E+00,    0.0000000000E+00,    6.7658944925E+01
     80600,      0.676931,CP0_start,   1,    0.0000000000E+00,    6.7737616870E+01,    6.7737616870E+01,    0.0000000000E+00,    0.0000000000E+00,    0.0000000000E+00,    6.7737616870E+01
     80600,      0.676931,CP1_after_deposition,   1,    0.0000000000E+00,    6.7737616870E+01,    6.7737616870E+01,    0.0000000000E+00,    0.0000000000E+00,    0.0000000000E+00,    6.7737616870E+01
     80600,      0.676931,CP2_after_erosion,   1,    0.0000000000E+00,    6.7737616870E+01,    6.7737616870E+01,    0.0000000000E+00,    0.0000000000E+00,    0.0000000000E+00,    6.7737616870E+01
     80600,      0.676931,CP3_after_update_bottom,   1,    0.0000000000E+00,    6.7737616870E+01,    6.7737616870E+01,    0.0000000000E+00,    0.0000000000E+00,    0.0000000000E+00,    6.7737616870E+01
     80600,      0.676931,CP4_after_advection,   1,    0.0000000000E+00,    6.7740871497E+01,    6.7740871497E+01,    0.0000000000E+00,    0.0000000000E+00,    0.0000000000E+00,    6.7740871497E+01
     80600,      0.676931,CP5_after_vdif,   1,    0.0000000000E+00,    6.7740871497E+01,    6.7740871497E+01,    0.0000000000E+00,    0.0000000000E+00,    0.0000000000E+00,    6.7740871497E+01
     80600,      0.676931,CP6_after_kinetics,   1,    0.0000000000E+00,    6.7740871497E+01,    6.7740871497E+01,    0.0000000000E+00,    0.0000000000E+00,    0.0000000000E+00,    6.7740871497E+01
     80600,      0.676931,CP7_after_upper_clamp,   1,    0.0000000000E+00,    6.7740871497E+01,    6.7740871497E+01,    0.0000000000E+00,    0.0000000000E+00,    0.0000000000E+00,    6.7740871497E+01
     80600,      0.676931,CP8_after_OBC,   1,    0.0000000000E+00,    6.7740871497E+01,    6.7740871497E+01,    0.0000000000E+00,    0.0000000000E+00,    0.0000000000E+00,    6.7740871497E+01
     80600,      0.676931,CP9_after_PTsource,   1,    0.0000000000E+00,    6.7740871497E+01,    6.7740871497E+01,    0.0000000000E+00,    0.0000000000E+00,    0.0000000000E+00,    6.7740871497E+01
     80600,      0.676931,CP10_after_neg_clamp,   1,    0.0000000000E+00,    6.7740871497E+01,    6.7740871497E+01,    0.0000000000E+00,    0.0000000000E+00,    0.0000000000E+00,    6.7740871497E+01
     80600,      0.676931,CP11_after_MPI,   1,    0.0000000000E+00,    6.7740871497E+01,    6.7740871497E+01,    0.0000000000E+00,    0.0000000000E+00,    0.0000000000E+00,    6.7740871497E+01
     80600,      0.676931,CP12_end,   1,    0.0000000000E+00,    6.7740871497E+01,    6.7740871497E+01,    0.0000000000E+00,    0.0000000000E+00,    0.0000000000E+00,    6.7740871497E+01
     80650,      0.676931,CP0_start,   1,    0.0000000000E+00,    6.7819769107E+01,    6.7819769107E+01,    0.0000000000E+00,    0.0000000000E+00,    0.0000000000E+00,    6.7819769107E+01
     80650,      0.676931,CP1_after_deposition,   1,    0.0000000000E+00,    6.7819769107E+01,    6.7819769107E+01,    0.0000000000E+00,    0.0000000000E+00,    0.0000000000E+00,    6.7819769107E+01
     80650,      0.676931,CP2_after_erosion,   1,    0.0000000000E+00,    6.7819769107E+01,    6.7819769107E+01,    0.0000000000E+00,    0.0000000000E+00,    0.0000000000E+00,    6.7819769107E+01
     80650,      0.676931,CP3_after_update_bottom,   1,    0.0000000000E+00,    6.7819769107E+01,    6.7819769107E+01,    0.0000000000E+00,    0.0000000000E+00,    0.0000000000E+00,    6.7819769107E+01
     80650,      0.676931,CP4_after_advection,   1,    0.0000000000E+00,    6.7823021052E+01,    6.7823021052E+01,    0.0000000000E+00,    0.0000000000E+00,    0.0000000000E+00,    6.7823021052E+01
     80650,      0.676931,CP5_after_vdif,   1,    0.0000000000E+00,    6.7823021052E+01,    6.7823021052E+01,    0.0000000000E+00,    0.0000000000E+00,    0.0000000000E+00,    6.7823021052E+01
     80650,      0.676931,CP6_after_kinetics,   1,    0.0000000000E+00,    6.7823021052E+01,    6.7823021052E+01,    0.0000000000E+00,    0.0000000000E+00,    0.0000000000E+00,    6.7823021052E+01
     80650,      0.676931,CP7_after_upper_clamp,   1,    0.0000000000E+00,    6.7823021052E+01,    6.7823021052E+01,    0.0000000000E+00,    0.0000000000E+00,    0.0000000000E+00,    6.7823021052E+01
     80650,      0.676931,CP8_after_OBC,   1,    0.0000000000E+00,    6.7823021052E+01,    6.7823021052E+01,    0.0000000000E+00,    0.0000000000E+00,    0.0000000000E+00,    6.7823021052E+01
     80650,      0.676931,CP9_after_PTsource,   1,    0.0000000000E+00,    6.7823021052E+01,    6.7823021052E+01,    0.0000000000E+00,    0.0000000000E+00,    0.0000000000E+00,    6.7823021052E+01
     80650,      0.676931,CP10_after_neg_clamp,   1,    0.0000000000E+00,    6.7823021052E+01,    6.7823021052E+01,    0.0000000000E+00,    0.0000000000E+00,    0.0000000000E+00,    6.7823021052E+01
     80650,      0.676931,CP11_after_MPI,   1,    0.0000000000E+00,    6.7823021052E+01,    6.7823021052E+01,    0.0000000000E+00,    0.0000000000E+00,    0.0000000000E+00,    6.7823021052E+01
     80650,      0.676931,CP12_end,   1,    0.0000000000E+00,    6.7823021052E+01,    6.7823021052E+01,    0.0000000000E+00,    0.0000000000E+00,    0.0000000000E+00,    6.7823021052E+01
     80700,      0.676931,CP0_start,   1,    0.0000000000E+00,    6.7902135123E+01,    6.7902135123E+01,    0.0000000000E+00,    0.0000000000E+00,    0.0000000000E+00,    6.7902135123E+01
     80700,      0.676931,CP1_after_deposition,   1,    0.0000000000E+00,    6.7902135123E+01,    6.7902135123E+01,    0.0000000000E+00,    0.0000000000E+00,    0.0000000000E+00,    6.7902135123E+01
     80700,      0.676931,CP2_after_erosion,   1,    0.0000000000E+00,    6.7902135123E+01,    6.7902135123E+01,    0.0000000000E+00,    0.0000000000E+00,    0.0000000000E+00,    6.7902135123E+01
     80700,      0.676931,CP3_after_update_bottom,   1,    0.0000000000E+00,    6.7902135123E+01,    6.7902135123E+01,    0.0000000000E+00,    0.0000000000E+00,    0.0000000000E+00,    6.7902135123E+01
     80700,      0.676931,CP4_after_advection,   1,    0.0000000000E+00,    6.7905385277E+01,    6.7905385277E+01,    0.0000000000E+00,    0.0000000000E+00,    0.0000000000E+00,    6.7905385277E+01
     80700,      0.676931,CP5_after_vdif,   1,    0.0000000000E+00,    6.7905385277E+01,    6.7905385277E+01,    0.0000000000E+00,    0.0000000000E+00,    0.0000000000E+00,    6.7905385277E+01
     80700,      0.676931,CP6_after_kinetics,   1,    0.0000000000E+00,    6.7905385277E+01,    6.7905385277E+01,    0.0000000000E+00,    0.0000000000E+00,    0.0000000000E+00,    6.7905385277E+01
     80700,      0.676931,CP7_after_upper_clamp,   1,    0.0000000000E+00,    6.7905385277E+01,    6.7905385277E+01,    0.0000000000E+00,    0.0000000000E+00,    0.0000000000E+00,    6.7905385277E+01
     80700,      0.676931,CP8_after_OBC,   1,    0.0000000000E+00,    6.7905385277E+01,    6.7905385277E+01,    0.0000000000E+00,    0.0000000000E+00,    0.0000000000E+00,    6.7905385277E+01
     80700,      0.676931,CP9_after_PTsource,   1,    0.0000000000E+00,    6.7905385277E+01,    6.7905385277E+01,    0.0000000000E+00,    0.0000000000E+00,    0.0000000000E+00,    6.7905385277E+01
     80700,      0.676931,CP10_after_neg_clamp,   1,    0.0000000000E+00,    6.7905385277E+01,    6.7905385277E+01,    0.0000000000E+00,    0.0000000000E+00,    0.0000000000E+00,    6.7905385277E+01
     80700,      0.676931,CP11_after_MPI,   1,    0.0000000000E+00,    6.7905385277E+01,    6.7905385277E+01,    0.0000000000E+00,    0.0000000000E+00,    0.0000000000E+00,    6.7905385277E+01
     80700,      0.676931,CP12_end,   1,    0.0000000000E+00,    6.7905385277E+01,    6.7905385277E+01,    0.0000000000E+00,    0.0000000000E+00,    0.0000000000E+00,    6.7905385277E+01
     80750,      0.676931,CP0_start,   1,    0.0000000000E+00,    6.7984691895E+01,    6.7984691895E+01,    0.0000000000E+00,    0.0000000000E+00,    0.0000000000E+00,    6.7984691895E+01
     80750,      0.676931,CP1_after_deposition,   1,    0.0000000000E+00,    6.7984691895E+01,    6.7984691895E+01,    0.0000000000E+00,    0.0000000000E+00,    0.0000000000E+00,    6.7984691895E+01
     80750,      0.676931,CP2_after_erosion,   1,    0.0000000000E+00,    6.7984691895E+01,    6.7984691895E+01,    0.0000000000E+00,    0.0000000000E+00,    0.0000000000E+00,    6.7984691895E+01
     80750,      0.676931,CP3_after_update_bottom,   1,    0.0000000000E+00,    6.7984691895E+01,    6.7984691895E+01,    0.0000000000E+00,    0.0000000000E+00,    0.0000000000E+00,    6.7984691895E+01
     80750,      0.676931,CP4_after_advection,   1,    0.0000000000E+00,    6.7987935764E+01,    6.7987935764E+01,    0.0000000000E+00,    0.0000000000E+00,    0.0000000000E+00,    6.7987935764E+01
     80750,      0.676931,CP5_after_vdif,   1,    0.0000000000E+00,    6.7987935764E+01,    6.7987935764E+01,    0.0000000000E+00,    0.0000000000E+00,    0.0000000000E+00,    6.7987935764E+01
     80750,      0.676931,CP6_after_kinetics,   1,    0.0000000000E+00,    6.7987935764E+01,    6.7987935764E+01,    0.0000000000E+00,    0.0000000000E+00,    0.0000000000E+00,    6.7987935764E+01
     80750,      0.676931,CP7_after_upper_clamp,   1,    0.0000000000E+00,    6.7987935764E+01,    6.7987935764E+01,    0.0000000000E+00,    0.0000000000E+00,    0.0000000000E+00,    6.7987935764E+01
     80750,      0.676931,CP8_after_OBC,   1,    0.0000000000E+00,    6.7987935764E+01,    6.7987935764E+01,    0.0000000000E+00,    0.0000000000E+00,    0.0000000000E+00,    6.7987935764E+01
     80750,      0.676931,CP9_after_PTsource,   1,    0.0000000000E+00,    6.7987935764E+01,    6.7987935764E+01,    0.0000000000E+00,    0.0000000000E+00,    0.0000000000E+00,    6.7987935764E+01
     80750,      0.676931,CP10_after_neg_clamp,   1,    0.0000000000E+00,    6.7987935764E+01,    6.7987935764E+01,    0.0000000000E+00,    0.0000000000E+00,    0.0000000000E+00,    6.7987935764E+01
     80750,      0.676931,CP11_after_MPI,   1,    0.0000000000E+00,    6.7987935764E+01,    6.7987935764E+01,    0.0000000000E+00,    0.0000000000E+00,    0.0000000000E+00,    6.7987935764E+01
     80750,      0.676931,CP12_end,   1,    0.0000000000E+00,    6.7987935764E+01,    6.7987935764E+01,    0.0000000000E+00,    0.0000000000E+00,    0.0000000000E+00,    6.7987935764E+01
     80800,      0.676931,CP0_start,   1,    0.0000000000E+00,    6.8067339952E+01,    6.8067339952E+01,    0.0000000000E+00,    0.0000000000E+00,    0.0000000000E+00,    6.8067339952E+01
     80800,      0.676931,CP1_after_deposition,   1,    0.0000000000E+00,    6.8067339952E+01,    6.8067339952E+01,    0.0000000000E+00,    0.0000000000E+00,    0.0000000000E+00,    6.8067339952E+01
     80800,      0.676931,CP2_after_erosion,   1,    0.0000000000E+00,    6.8067339952E+01,    6.8067339952E+01,    0.0000000000E+00,    0.0000000000E+00,    0.0000000000E+00,    6.8067339952E+01
     80800,      0.676931,CP3_after_update_bottom,   1,    0.0000000000E+00,    6.8067339952E+01,    6.8067339952E+01,    0.0000000000E+00,    0.0000000000E+00,    0.0000000000E+00,    6.8067339952E+01
     80800,      0.676931,CP4_after_advection,   1,    0.0000000000E+00,    6.8070577217E+01,    6.8070577217E+01,    0.0000000000E+00,    0.0000000000E+00,    0.0000000000E+00,    6.8070577217E+01
     80800,      0.676931,CP5_after_vdif,   1,    0.0000000000E+00,    6.8070577217E+01,    6.8070577217E+01,    0.0000000000E+00,    0.0000000000E+00,    0.0000000000E+00,    6.8070577217E+01
     80800,      0.676931,CP6_after_kinetics,   1,    0.0000000000E+00,    6.8070577217E+01,    6.8070577217E+01,    0.0000000000E+00,    0.0000000000E+00,    0.0000000000E+00,    6.8070577217E+01
     80800,      0.676931,CP7_after_upper_clamp,   1,    0.0000000000E+00,    6.8070577217E+01,    6.8070577217E+01,    0.0000000000E+00,    0.0000000000E+00,    0.0000000000E+00,    6.8070577217E+01
     80800,      0.676931,CP8_after_OBC,   1,    0.0000000000E+00,    6.8070577217E+01,    6.8070577217E+01,    0.0000000000E+00,    0.0000000000E+00,    0.0000000000E+00,    6.8070577217E+01
     80800,      0.676931,CP9_after_PTsource,   1,    0.0000000000E+00,    6.8070577217E+01,    6.8070577217E+01,    0.0000000000E+00,    0.0000000000E+00,    0.0000000000E+00,    6.8070577217E+01
     80800,      0.676931,CP10_after_neg_clamp,   1,    0.0000000000E+00,    6.8070577217E+01,    6.8070577217E+01,    0.0000000000E+00,    0.0000000000E+00,    0.0000000000E+00,    6.8070577217E+01
     80800,      0.676931,CP11_after_MPI,   1,    0.0000000000E+00,    6.8070577217E+01,    6.8070577217E+01,    0.0000000000E+00,    0.0000000000E+00,    0.0000000000E+00,    6.8070577217E+01
     80800,      0.676931,CP12_end,   1,    0.0000000000E+00,    6.8070577217E+01,    6.8070577217E+01,    0.0000000000E+00,    0.0000000000E+00,    0.0000000000E+00,    6.8070577217E+01
     80850,      0.676931,CP0_start,   1,    0.0000000000E+00,    6.8150079008E+01,    6.8150079008E+01,    0.0000000000E+00,    0.0000000000E+00,    0.0000000000E+00,    6.8150079008E+01
     80850,      0.676931,CP1_after_deposition,   1,    0.0000000000E+00,    6.8150079008E+01,    6.8150079008E+01,    0.0000000000E+00,    0.0000000000E+00,    0.0000000000E+00,    6.8150079008E+01
     80850,      0.676931,CP2_after_erosion,   1,    0.0000000000E+00,    6.8150079008E+01,    6.8150079008E+01,    0.0000000000E+00,    0.0000000000E+00,    0.0000000000E+00,    6.8150079008E+01
     80850,      0.676931,CP3_after_update_bottom,   1,    0.0000000000E+00,    6.8150079008E+01,    6.8150079008E+01,    0.0000000000E+00,    0.0000000000E+00,    0.0000000000E+00,    6.8150079008E+01
     80850,      0.676931,CP4_after_advection,   1,    0.0000000000E+00,    6.8153305237E+01,    6.8153305237E+01,    0.0000000000E+00,    0.0000000000E+00,    0.0000000000E+00,    6.8153305237E+01
     80850,      0.676931,CP5_after_vdif,   1,    0.0000000000E+00,    6.8153305237E+01,    6.8153305237E+01,    0.0000000000E+00,    0.0000000000E+00,    0.0000000000E+00,    6.8153305237E+01
     80850,      0.676931,CP6_after_kinetics,   1,    0.0000000000E+00,    6.8153305237E+01,    6.8153305237E+01,    0.0000000000E+00,    0.0000000000E+00,    0.0000000000E+00,    6.8153305237E+01
     80850,      0.676931,CP7_after_upper_clamp,   1,    0.0000000000E+00,    6.8153305237E+01,    6.8153305237E+01,    0.0000000000E+00,    0.0000000000E+00,    0.0000000000E+00,    6.8153305237E+01
     80850,      0.676931,CP8_after_OBC,   1,    0.0000000000E+00,    6.8153305237E+01,    6.8153305237E+01,    0.0000000000E+00,    0.0000000000E+00,    0.0000000000E+00,    6.8153305237E+01
     80850,      0.676931,CP9_after_PTsource,   1,    0.0000000000E+00,    6.8153305237E+01,    6.8153305237E+01,    0.0000000000E+00,    0.0000000000E+00,    0.0000000000E+00,    6.8153305237E+01
     80850,      0.676931,CP10_after_neg_clamp,   1,    0.0000000000E+00,    6.8153305237E+01,    6.8153305237E+01,    0.0000000000E+00,    0.0000000000E+00,    0.0000000000E+00,    6.8153305237E+01
     80850,      0.676931,CP11_after_MPI,   1,    0.0000000000E+00,    6.8153305237E+01,    6.8153305237E+01,    0.0000000000E+00,    0.0000000000E+00,    0.0000000000E+00,    6.8153305237E+01
     80850,      0.676931,CP12_end,   1,    0.0000000000E+00,    6.8153305237E+01,    6.8153305237E+01,    0.0000000000E+00,    0.0000000000E+00,    0.0000000000E+00,    6.8153305237E+01
     80900,      0.676931,CP0_start,   1,    0.0000000000E+00,    6.8232874151E+01,    6.8232874151E+01,    0.0000000000E+00,    0.0000000000E+00,    0.0000000000E+00,    6.8232874151E+01
     80900,      0.676931,CP1_after_deposition,   1,    0.0000000000E+00,    6.8232874151E+01,    6.8232874151E+01,    0.0000000000E+00,    0.0000000000E+00,    0.0000000000E+00,    6.8232874151E+01
     80900,      0.676931,CP2_after_erosion,   1,    0.0000000000E+00,    6.8232874151E+01,    6.8232874151E+01,    0.0000000000E+00,    0.0000000000E+00,    0.0000000000E+00,    6.8232874151E+01
     80900,      0.676931,CP3_after_update_bottom,   1,    0.0000000000E+00,    6.8232874151E+01,    6.8232874151E+01,    0.0000000000E+00,    0.0000000000E+00,    0.0000000000E+00,    6.8232874151E+01
     80900,      0.676931,CP4_after_advection,   1,    0.0000000000E+00,    6.8236091441E+01,    6.8236091441E+01,    0.0000000000E+00,    0.0000000000E+00,    0.0000000000E+00,    6.8236091441E+01
     80900,      0.676931,CP5_after_vdif,   1,    0.0000000000E+00,    6.8236091441E+01,    6.8236091441E+01,    0.0000000000E+00,    0.0000000000E+00,    0.0000000000E+00,    6.8236091441E+01
     80900,      0.676931,CP6_after_kinetics,   1,    0.0000000000E+00,    6.8236091441E+01,    6.8236091441E+01,    0.0000000000E+00,    0.0000000000E+00,    0.0000000000E+00,    6.8236091441E+01
     80900,      0.676931,CP7_after_upper_clamp,   1,    0.0000000000E+00,    6.8236091441E+01,    6.8236091441E+01,    0.0000000000E+00,    0.0000000000E+00,    0.0000000000E+00,    6.8236091441E+01
     80900,      0.676931,CP8_after_OBC,   1,    0.0000000000E+00,    6.8236091441E+01,    6.8236091441E+01,    0.0000000000E+00,    0.0000000000E+00,    0.0000000000E+00,    6.8236091441E+01
     80900,      0.676931,CP9_after_PTsource,   1,    0.0000000000E+00,    6.8236091441E+01,    6.8236091441E+01,    0.0000000000E+00,    0.0000000000E+00,    0.0000000000E+00,    6.8236091441E+01
     80900,      0.676931,CP10_after_neg_clamp,   1,    0.0000000000E+00,    6.8236091441E+01,    6.8236091441E+01,    0.0000000000E+00,    0.0000000000E+00,    0.0000000000E+00,    6.8236091441E+01
     80900,      0.676931,CP11_after_MPI,   1,    0.0000000000E+00,    6.8236091441E+01,    6.8236091441E+01,    0.0000000000E+00,    0.0000000000E+00,    0.0000000000E+00,    6.8236091441E+01
     80900,      0.676931,CP12_end,   1,    0.0000000000E+00,    6.8236091441E+01,    6.8236091441E+01,    0.0000000000E+00,    0.0000000000E+00,    0.0000000000E+00,    6.8236091441E+01
     80950,      0.676931,CP0_start,   1,    0.0000000000E+00,    6.8315681323E+01,    6.8315681323E+01,    0.0000000000E+00,    0.0000000000E+00,    0.0000000000E+00,    6.8315681323E+01
     80950,      0.676931,CP1_after_deposition,   1,    0.0000000000E+00,    6.8315681323E+01,    6.8315681323E+01,    0.0000000000E+00,    0.0000000000E+00,    0.0000000000E+00,    6.8315681323E+01
     80950,      0.676931,CP2_after_erosion,   1,    0.0000000000E+00,    6.8315681323E+01,    6.8315681323E+01,    0.0000000000E+00,    0.0000000000E+00,    0.0000000000E+00,    6.8315681323E+01
     80950,      0.676931,CP3_after_update_bottom,   1,    0.0000000000E+00,    6.8315681323E+01,    6.8315681323E+01,    0.0000000000E+00,    0.0000000000E+00,    0.0000000000E+00,    6.8315681323E+01
     80950,      0.676931,CP4_after_advection,   1,    0.0000000000E+00,    6.8318890826E+01,    6.8318890826E+01,    0.0000000000E+00,    0.0000000000E+00,    0.0000000000E+00,    6.8318890826E+01
     80950,      0.676931,CP5_after_vdif,   1,    0.0000000000E+00,    6.8318890826E+01,    6.8318890826E+01,    0.0000000000E+00,    0.0000000000E+00,    0.0000000000E+00,    6.8318890826E+01
     80950,      0.676931,CP6_after_kinetics,   1,    0.0000000000E+00,    6.8318890826E+01,    6.8318890826E+01,    0.0000000000E+00,    0.0000000000E+00,    0.0000000000E+00,    6.8318890826E+01
     80950,      0.676931,CP7_after_upper_clamp,   1,    0.0000000000E+00,    6.8318890826E+01,    6.8318890826E+01,    0.0000000000E+00,    0.0000000000E+00,    0.0000000000E+00,    6.8318890826E+01
     80950,      0.676931,CP8_after_OBC,   1,    0.0000000000E+00,    6.8318890826E+01,    6.8318890826E+01,    0.0000000000E+00,    0.0000000000E+00,    0.0000000000E+00,    6.8318890826E+01
     80950,      0.676931,CP9_after_PTsource,   1,    0.0000000000E+00,    6.8318890826E+01,    6.8318890826E+01,    0.0000000000E+00,    0.0000000000E+00,    0.0000000000E+00,    6.8318890826E+01
     80950,      0.676931,CP10_after_neg_clamp,   1,    0.0000000000E+00,    6.8318890826E+01,    6.8318890826E+01,    0.0000000000E+00,    0.0000000000E+00,    0.0000000000E+00,    6.8318890826E+01
     80950,      0.676931,CP11_after_MPI,   1,    0.0000000000E+00,    6.8318890826E+01,    6.8318890826E+01,    0.0000000000E+00,    0.0000000000E+00,    0.0000000000E+00,    6.8318890826E+01
     80950,      0.676931,CP12_end,   1,    0.0000000000E+00,    6.8318890826E+01,    6.8318890826E+01,    0.0000000000E+00,    0.0000000000E+00,    0.0000000000E+00,    6.8318890826E+01
     81000,      0.676931,CP0_start,   1,    0.0000000000E+00,    6.8398497161E+01,    6.8398497161E+01,    0.0000000000E+00,    0.0000000000E+00,    0.0000000000E+00,    6.8398497161E+01
     81000,      0.676931,CP1_after_deposition,   1,    0.0000000000E+00,    6.8398497161E+01,    6.8398497161E+01,    0.0000000000E+00,    0.0000000000E+00,    0.0000000000E+00,    6.8398497161E+01
     81000,      0.676931,CP2_after_erosion,   1,    0.0000000000E+00,    6.8398497161E+01,    6.8398497161E+01,    0.0000000000E+00,    0.0000000000E+00,    0.0000000000E+00,    6.8398497161E+01
     81000,      0.676931,CP3_after_update_bottom,   1,    0.0000000000E+00,    6.8398497161E+01,    6.8398497161E+01,    0.0000000000E+00,    0.0000000000E+00,    0.0000000000E+00,    6.8398497161E+01
     81000,      0.676931,CP4_after_advection,   1,    0.0000000000E+00,    6.8401692873E+01,    6.8401692873E+01,    0.0000000000E+00,    0.0000000000E+00,    0.0000000000E+00,    6.8401692873E+01
     81000,      0.676931,CP5_after_vdif,   1,    0.0000000000E+00,    6.8401692873E+01,    6.8401692873E+01,    0.0000000000E+00,    0.0000000000E+00,    0.0000000000E+00,    6.8401692873E+01
     81000,      0.676931,CP6_after_kinetics,   1,    0.0000000000E+00,    6.8401692873E+01,    6.8401692873E+01,    0.0000000000E+00,    0.0000000000E+00,    0.0000000000E+00,    6.8401692873E+01
     81000,      0.676931,CP7_after_upper_clamp,   1,    0.0000000000E+00,    6.8401692873E+01,    6.8401692873E+01,    0.0000000000E+00,    0.0000000000E+00,    0.0000000000E+00,    6.8401692873E+01
     81000,      0.676931,CP8_after_OBC,   1,    0.0000000000E+00,    6.8401692873E+01,    6.8401692873E+01,    0.0000000000E+00,    0.0000000000E+00,    0.0000000000E+00,    6.8401692873E+01
     81000,      0.676931,CP9_after_PTsource,   1,    0.0000000000E+00,    6.8401692873E+01,    6.8401692873E+01,    0.0000000000E+00,    0.0000000000E+00,    0.0000000000E+00,    6.8401692873E+01
     81000,      0.676931,CP10_after_neg_clamp,   1,    0.0000000000E+00,    6.8401692873E+01,    6.8401692873E+01,    0.0000000000E+00,    0.0000000000E+00,    0.0000000000E+00,    6.8401692873E+01
     81000,      0.676931,CP11_after_MPI,   1,    0.0000000000E+00,    6.8401692873E+01,    6.8401692873E+01,    0.0000000000E+00,    0.0000000000E+00,    0.0000000000E+00,    6.8401692873E+01
     81000,      0.676931,CP12_end,   1,    0.0000000000E+00,    6.8401692873E+01,    6.8401692873E+01,    0.0000000000E+00,    0.0000000000E+00,    0.0000000000E+00,    6.8401692873E+01
     81050,      0.676931,CP0_start,   1,    0.0000000000E+00,    6.8481285005E+01,    6.8481285005E+01,    0.0000000000E+00,    0.0000000000E+00,    0.0000000000E+00,    6.8481285005E+01
     81050,      0.676931,CP1_after_deposition,   1,    0.0000000000E+00,    6.8481285005E+01,    6.8481285005E+01,    0.0000000000E+00,    0.0000000000E+00,    0.0000000000E+00,    6.8481285005E+01
     81050,      0.676931,CP2_after_erosion,   1,    0.0000000000E+00,    6.8481285005E+01,    6.8481285005E+01,    0.0000000000E+00,    0.0000000000E+00,    0.0000000000E+00,    6.8481285005E+01
     81050,      0.676931,CP3_after_update_bottom,   1,    0.0000000000E+00,    6.8481285005E+01,    6.8481285005E+01,    0.0000000000E+00,    0.0000000000E+00,    0.0000000000E+00,    6.8481285005E+01
     81050,      0.676931,CP4_after_advection,   1,    0.0000000000E+00,    6.8484469216E+01,    6.8484469216E+01,    0.0000000000E+00,    0.0000000000E+00,    0.0000000000E+00,    6.8484469216E+01
     81050,      0.676931,CP5_after_vdif,   1,    0.0000000000E+00,    6.8484469216E+01,    6.8484469216E+01,    0.0000000000E+00,    0.0000000000E+00,    0.0000000000E+00,    6.8484469216E+01
     81050,      0.676931,CP6_after_kinetics,   1,    0.0000000000E+00,    6.8484469216E+01,    6.8484469216E+01,    0.0000000000E+00,    0.0000000000E+00,    0.0000000000E+00,    6.8484469216E+01
     81050,      0.676931,CP7_after_upper_clamp,   1,    0.0000000000E+00,    6.8484469216E+01,    6.8484469216E+01,    0.0000000000E+00,    0.0000000000E+00,    0.0000000000E+00,    6.8484469216E+01
     81050,      0.676931,CP8_after_OBC,   1,    0.0000000000E+00,    6.8484469216E+01,    6.8484469216E+01,    0.0000000000E+00,    0.0000000000E+00,    0.0000000000E+00,    6.8484469216E+01
     81050,      0.676931,CP9_after_PTsource,   1,    0.0000000000E+00,    6.8484469216E+01,    6.8484469216E+01,    0.0000000000E+00,    0.0000000000E+00,    0.0000000000E+00,    6.8484469216E+01
     81050,      0.676931,CP10_after_neg_clamp,   1,    0.0000000000E+00,    6.8484469216E+01,    6.8484469216E+01,    0.0000000000E+00,    0.0000000000E+00,    0.0000000000E+00,    6.8484469216E+01
     81050,      0.676931,CP11_after_MPI,   1,    0.0000000000E+00,    6.8484469216E+01,    6.8484469216E+01,    0.0000000000E+00,    0.0000000000E+00,    0.0000000000E+00,    6.8484469216E+01
     81050,      0.676931,CP12_end,   1,    0.0000000000E+00,    6.8484469216E+01,    6.8484469216E+01,    0.0000000000E+00,    0.0000000000E+00,    0.0000000000E+00,    6.8484469216E+01
     81100,      0.676931,CP0_start,   1,    0.0000000000E+00,    6.8563967400E+01,    6.8563967400E+01,    0.0000000000E+00,    0.0000000000E+00,    0.0000000000E+00,    6.8563967400E+01
     81100,      0.676931,CP1_after_deposition,   1,    0.0000000000E+00,    6.8563967400E+01,    6.8563967400E+01,    0.0000000000E+00,    0.0000000000E+00,    0.0000000000E+00,    6.8563967400E+01
     81100,      0.676931,CP2_after_erosion,   1,    0.0000000000E+00,    6.8563967400E+01,    6.8563967400E+01,    0.0000000000E+00,    0.0000000000E+00,    0.0000000000E+00,    6.8563967400E+01
     81100,      0.676931,CP3_after_update_bottom,   1,    0.0000000000E+00,    6.8563967400E+01,    6.8563967400E+01,    0.0000000000E+00,    0.0000000000E+00,    0.0000000000E+00,    6.8563967400E+01
     81100,      0.676931,CP4_after_advection,   1,    0.0000000000E+00,    6.8567139662E+01,    6.8567139662E+01,    0.0000000000E+00,    0.0000000000E+00,    0.0000000000E+00,    6.8567139662E+01
     81100,      0.676931,CP5_after_vdif,   1,    0.0000000000E+00,    6.8567139662E+01,    6.8567139662E+01,    0.0000000000E+00,    0.0000000000E+00,    0.0000000000E+00,    6.8567139662E+01
     81100,      0.676931,CP6_after_kinetics,   1,    0.0000000000E+00,    6.8567139662E+01,    6.8567139662E+01,    0.0000000000E+00,    0.0000000000E+00,    0.0000000000E+00,    6.8567139662E+01
     81100,      0.676931,CP7_after_upper_clamp,   1,    0.0000000000E+00,    6.8567139662E+01,    6.8567139662E+01,    0.0000000000E+00,    0.0000000000E+00,    0.0000000000E+00,    6.8567139662E+01
     81100,      0.676931,CP8_after_OBC,   1,    0.0000000000E+00,    6.8567139662E+01,    6.8567139662E+01,    0.0000000000E+00,    0.0000000000E+00,    0.0000000000E+00,    6.8567139662E+01
     81100,      0.676931,CP9_after_PTsource,   1,    0.0000000000E+00,    6.8567139662E+01,    6.8567139662E+01,    0.0000000000E+00,    0.0000000000E+00,    0.0000000000E+00,    6.8567139662E+01
     81100,      0.676931,CP10_after_neg_clamp,   1,    0.0000000000E+00,    6.8567139662E+01,    6.8567139662E+01,    0.0000000000E+00,    0.0000000000E+00,    0.0000000000E+00,    6.8567139662E+01
     81100,      0.676931,CP11_after_MPI,   1,    0.0000000000E+00,    6.8567139662E+01,    6.8567139662E+01,    0.0000000000E+00,    0.0000000000E+00,    0.0000000000E+00,    6.8567139662E+01
     81100,      0.676931,CP12_end,   1,    0.0000000000E+00,    6.8567139662E+01,    6.8567139662E+01,    0.0000000000E+00,    0.0000000000E+00,    0.0000000000E+00,    6.8567139662E+01
     81150,      0.676931,CP0_start,   1,    0.0000000000E+00,    6.8646566046E+01,    6.8646566046E+01,    0.0000000000E+00,    0.0000000000E+00,    0.0000000000E+00,    6.8646566046E+01
     81150,      0.676931,CP1_after_deposition,   1,    0.0000000000E+00,    6.8646566046E+01,    6.8646566046E+01,    0.0000000000E+00,    0.0000000000E+00,    0.0000000000E+00,    6.8646566046E+01
     81150,      0.676931,CP2_after_erosion,   1,    0.0000000000E+00,    6.8646566046E+01,    6.8646566046E+01,    0.0000000000E+00,    0.0000000000E+00,    0.0000000000E+00,    6.8646566046E+01
     81150,      0.676931,CP3_after_update_bottom,   1,    0.0000000000E+00,    6.8646566046E+01,    6.8646566046E+01,    0.0000000000E+00,    0.0000000000E+00,    0.0000000000E+00,    6.8646566046E+01
     81150,      0.676931,CP4_after_advection,   1,    0.0000000000E+00,    6.8649726417E+01,    6.8649726417E+01,    0.0000000000E+00,    0.0000000000E+00,    0.0000000000E+00,    6.8649726417E+01
     81150,      0.676931,CP5_after_vdif,   1,    0.0000000000E+00,    6.8649726417E+01,    6.8649726417E+01,    0.0000000000E+00,    0.0000000000E+00,    0.0000000000E+00,    6.8649726417E+01
     81150,      0.676931,CP6_after_kinetics,   1,    0.0000000000E+00,    6.8649726417E+01,    6.8649726417E+01,    0.0000000000E+00,    0.0000000000E+00,    0.0000000000E+00,    6.8649726417E+01
     81150,      0.676931,CP7_after_upper_clamp,   1,    0.0000000000E+00,    6.8649726417E+01,    6.8649726417E+01,    0.0000000000E+00,    0.0000000000E+00,    0.0000000000E+00,    6.8649726417E+01
     81150,      0.676931,CP8_after_OBC,   1,    0.0000000000E+00,    6.8649726417E+01,    6.8649726417E+01,    0.0000000000E+00,    0.0000000000E+00,    0.0000000000E+00,    6.8649726417E+01
     81150,      0.676931,CP9_after_PTsource,   1,    0.0000000000E+00,    6.8649726417E+01,    6.8649726417E+01,    0.0000000000E+00,    0.0000000000E+00,    0.0000000000E+00,    6.8649726417E+01
     81150,      0.676931,CP10_after_neg_clamp,   1,    0.0000000000E+00,    6.8649726417E+01,    6.8649726417E+01,    0.0000000000E+00,    0.0000000000E+00,    0.0000000000E+00,    6.8649726417E+01
     81150,      0.676931,CP11_after_MPI,   1,    0.0000000000E+00,    6.8649726417E+01,    6.8649726417E+01,    0.0000000000E+00,    0.0000000000E+00,    0.0000000000E+00,    6.8649726417E+01
     81150,      0.676931,CP12_end,   1,    0.0000000000E+00,    6.8649726417E+01,    6.8649726417E+01,    0.0000000000E+00,    0.0000000000E+00,    0.0000000000E+00,    6.8649726417E+01
     81200,      0.676931,CP0_start,   1,    0.0000000000E+00,    6.8729027455E+01,    6.8729027455E+01,    0.0000000000E+00,    0.0000000000E+00,    0.0000000000E+00,    6.8729027455E+01
     81200,      0.676931,CP1_after_deposition,   1,    0.0000000000E+00,    6.8729027455E+01,    6.8729027455E+01,    0.0000000000E+00,    0.0000000000E+00,    0.0000000000E+00,    6.8729027455E+01
     81200,      0.676931,CP2_after_erosion,   1,    0.0000000000E+00,    6.8729027455E+01,    6.8729027455E+01,    0.0000000000E+00,    0.0000000000E+00,    0.0000000000E+00,    6.8729027455E+01
     81200,      0.676931,CP3_after_update_bottom,   1,    0.0000000000E+00,    6.8729027455E+01,    6.8729027455E+01,    0.0000000000E+00,    0.0000000000E+00,    0.0000000000E+00,    6.8729027455E+01
     81200,      0.676931,CP4_after_advection,   1,    0.0000000000E+00,    6.8732176571E+01,    6.8732176571E+01,    0.0000000000E+00,    0.0000000000E+00,    0.0000000000E+00,    6.8732176571E+01
     81200,      0.676931,CP5_after_vdif,   1,    0.0000000000E+00,    6.8732176571E+01,    6.8732176571E+01,    0.0000000000E+00,    0.0000000000E+00,    0.0000000000E+00,    6.8732176571E+01
     81200,      0.676931,CP6_after_kinetics,   1,    0.0000000000E+00,    6.8732176571E+01,    6.8732176571E+01,    0.0000000000E+00,    0.0000000000E+00,    0.0000000000E+00,    6.8732176571E+01
     81200,      0.676931,CP7_after_upper_clamp,   1,    0.0000000000E+00,    6.8732176571E+01,    6.8732176571E+01,    0.0000000000E+00,    0.0000000000E+00,    0.0000000000E+00,    6.8732176571E+01
     81200,      0.676931,CP8_after_OBC,   1,    0.0000000000E+00,    6.8732176571E+01,    6.8732176571E+01,    0.0000000000E+00,    0.0000000000E+00,    0.0000000000E+00,    6.8732176571E+01
     81200,      0.676931,CP9_after_PTsource,   1,    0.0000000000E+00,    6.8732176571E+01,    6.8732176571E+01,    0.0000000000E+00,    0.0000000000E+00,    0.0000000000E+00,    6.8732176571E+01
     81200,      0.676931,CP10_after_neg_clamp,   1,    0.0000000000E+00,    6.8732176571E+01,    6.8732176571E+01,    0.0000000000E+00,    0.0000000000E+00,    0.0000000000E+00,    6.8732176571E+01
     81200,      0.676931,CP11_after_MPI,   1,    0.0000000000E+00,    6.8732176571E+01,    6.8732176571E+01,    0.0000000000E+00,    0.0000000000E+00,    0.0000000000E+00,    6.8732176571E+01
     81200,      0.676931,CP12_end,   1,    0.0000000000E+00,    6.8732176571E+01,    6.8732176571E+01,    0.0000000000E+00,    0.0000000000E+00,    0.0000000000E+00,    6.8732176571E+01
     81250,      0.676931,CP0_start,   1,    0.0000000000E+00,    6.8811408618E+01,    6.8811408618E+01,    0.0000000000E+00,    0.0000000000E+00,    0.0000000000E+00,    6.8811408618E+01
     81250,      0.676931,CP1_after_deposition,   1,    0.0000000000E+00,    6.8811408618E+01,    6.8811408618E+01,    0.0000000000E+00,    0.0000000000E+00,    0.0000000000E+00,    6.8811408618E+01
     81250,      0.676931,CP2_after_erosion,   1,    0.0000000000E+00,    6.8811408618E+01,    6.8811408618E+01,    0.0000000000E+00,    0.0000000000E+00,    0.0000000000E+00,    6.8811408618E+01
     81250,      0.676931,CP3_after_update_bottom,   1,    0.0000000000E+00,    6.8811408618E+01,    6.8811408618E+01,    0.0000000000E+00,    0.0000000000E+00,    0.0000000000E+00,    6.8811408618E+01
     81250,      0.676931,CP4_after_advection,   1,    0.0000000000E+00,    6.8814546865E+01,    6.8814546865E+01,    0.0000000000E+00,    0.0000000000E+00,    0.0000000000E+00,    6.8814546865E+01
     81250,      0.676931,CP5_after_vdif,   1,    0.0000000000E+00,    6.8814546865E+01,    6.8814546865E+01,    0.0000000000E+00,    0.0000000000E+00,    0.0000000000E+00,    6.8814546865E+01
     81250,      0.676931,CP6_after_kinetics,   1,    0.0000000000E+00,    6.8814546865E+01,    6.8814546865E+01,    0.0000000000E+00,    0.0000000000E+00,    0.0000000000E+00,    6.8814546865E+01
     81250,      0.676931,CP7_after_upper_clamp,   1,    0.0000000000E+00,    6.8814546865E+01,    6.8814546865E+01,    0.0000000000E+00,    0.0000000000E+00,    0.0000000000E+00,    6.8814546865E+01
     81250,      0.676931,CP8_after_OBC,   1,    0.0000000000E+00,    6.8814546865E+01,    6.8814546865E+01,    0.0000000000E+00,    0.0000000000E+00,    0.0000000000E+00,    6.8814546865E+01
     81250,      0.676931,CP9_after_PTsource,   1,    0.0000000000E+00,    6.8814546865E+01,    6.8814546865E+01,    0.0000000000E+00,    0.0000000000E+00,    0.0000000000E+00,    6.8814546865E+01
     81250,      0.676931,CP10_after_neg_clamp,   1,    0.0000000000E+00,    6.8814546865E+01,    6.8814546865E+01,    0.0000000000E+00,    0.0000000000E+00,    0.0000000000E+00,    6.8814546865E+01
     81250,      0.676931,CP11_after_MPI,   1,    0.0000000000E+00,    6.8814546865E+01,    6.8814546865E+01,    0.0000000000E+00,    0.0000000000E+00,    0.0000000000E+00,    6.8814546865E+01
     81250,      0.676931,CP12_end,   1,    0.0000000000E+00,    6.8814546865E+01,    6.8814546865E+01,    0.0000000000E+00,    0.0000000000E+00,    0.0000000000E+00,    6.8814546865E+01
     81300,      0.676932,CP0_start,   1,    0.0000000000E+00,    6.8893668768E+01,    6.8893668768E+01,    0.0000000000E+00,    0.0000000000E+00,    0.0000000000E+00,    6.8893668768E+01
     81300,      0.676932,CP1_after_deposition,   1,    0.0000000000E+00,    6.8893668768E+01,    6.8893668768E+01,    0.0000000000E+00,    0.0000000000E+00,    0.0000000000E+00,    6.8893668768E+01
     81300,      0.676932,CP2_after_erosion,   1,    0.0000000000E+00,    6.8893668768E+01,    6.8893668768E+01,    0.0000000000E+00,    0.0000000000E+00,    0.0000000000E+00,    6.8893668768E+01
     81300,      0.676932,CP3_after_update_bottom,   1,    0.0000000000E+00,    6.8893668768E+01,    6.8893668768E+01,    0.0000000000E+00,    0.0000000000E+00,    0.0000000000E+00,    6.8893668768E+01
     81300,      0.676932,CP4_after_advection,   1,    0.0000000000E+00,    6.8896796775E+01,    6.8896796775E+01,    0.0000000000E+00,    0.0000000000E+00,    0.0000000000E+00,    6.8896796775E+01
     81300,      0.676932,CP5_after_vdif,   1,    0.0000000000E+00,    6.8896796775E+01,    6.8896796775E+01,    0.0000000000E+00,    0.0000000000E+00,    0.0000000000E+00,    6.8896796775E+01
     81300,      0.676932,CP6_after_kinetics,   1,    0.0000000000E+00,    6.8896796775E+01,    6.8896796775E+01,    0.0000000000E+00,    0.0000000000E+00,    0.0000000000E+00,    6.8896796775E+01
     81300,      0.676932,CP7_after_upper_clamp,   1,    0.0000000000E+00,    6.8896796775E+01,    6.8896796775E+01,    0.0000000000E+00,    0.0000000000E+00,    0.0000000000E+00,    6.8896796775E+01
     81300,      0.676932,CP8_after_OBC,   1,    0.0000000000E+00,    6.8896796775E+01,    6.8896796775E+01,    0.0000000000E+00,    0.0000000000E+00,    0.0000000000E+00,    6.8896796775E+01
     81300,      0.676932,CP9_after_PTsource,   1,    0.0000000000E+00,    6.8896796775E+01,    6.8896796775E+01,    0.0000000000E+00,    0.0000000000E+00,    0.0000000000E+00,    6.8896796775E+01
     81300,      0.676932,CP10_after_neg_clamp,   1,    0.0000000000E+00,    6.8896796775E+01,    6.8896796775E+01,    0.0000000000E+00,    0.0000000000E+00,    0.0000000000E+00,    6.8896796775E+01
     81300,      0.676932,CP11_after_MPI,   1,    0.0000000000E+00,    6.8896796775E+01,    6.8896796775E+01,    0.0000000000E+00,    0.0000000000E+00,    0.0000000000E+00,    6.8896796775E+01
     81300,      0.676932,CP12_end,   1,    0.0000000000E+00,    6.8896796775E+01,    6.8896796775E+01,    0.0000000000E+00,    0.0000000000E+00,    0.0000000000E+00,    6.8896796775E+01
     81350,      0.676932,CP0_start,   1,    0.0000000000E+00,    6.8975824384E+01,    6.8975824384E+01,    0.0000000000E+00,    0.0000000000E+00,    0.0000000000E+00,    6.8975824384E+01
     81350,      0.676932,CP1_after_deposition,   1,    0.0000000000E+00,    6.8975824384E+01,    6.8975824384E+01,    0.0000000000E+00,    0.0000000000E+00,    0.0000000000E+00,    6.8975824384E+01
     81350,      0.676932,CP2_after_erosion,   1,    0.0000000000E+00,    6.8975824384E+01,    6.8975824384E+01,    0.0000000000E+00,    0.0000000000E+00,    0.0000000000E+00,    6.8975824384E+01
     81350,      0.676932,CP3_after_update_bottom,   1,    0.0000000000E+00,    6.8975824384E+01,    6.8975824384E+01,    0.0000000000E+00,    0.0000000000E+00,    0.0000000000E+00,    6.8975824384E+01
     81350,      0.676932,CP4_after_advection,   1,    0.0000000000E+00,    6.8978940853E+01,    6.8978940853E+01,    0.0000000000E+00,    0.0000000000E+00,    0.0000000000E+00,    6.8978940853E+01
     81350,      0.676932,CP5_after_vdif,   1,    0.0000000000E+00,    6.8978940853E+01,    6.8978940853E+01,    0.0000000000E+00,    0.0000000000E+00,    0.0000000000E+00,    6.8978940853E+01
     81350,      0.676932,CP6_after_kinetics,   1,    0.0000000000E+00,    6.8978940853E+01,    6.8978940853E+01,    0.0000000000E+00,    0.0000000000E+00,    0.0000000000E+00,    6.8978940853E+01
     81350,      0.676932,CP7_after_upper_clamp,   1,    0.0000000000E+00,    6.8978940853E+01,    6.8978940853E+01,    0.0000000000E+00,    0.0000000000E+00,    0.0000000000E+00,    6.8978940853E+01
     81350,      0.676932,CP8_after_OBC,   1,    0.0000000000E+00,    6.8978940853E+01,    6.8978940853E+01,    0.0000000000E+00,    0.0000000000E+00,    0.0000000000E+00,    6.8978940853E+01
     81350,      0.676932,CP9_after_PTsource,   1,    0.0000000000E+00,    6.8978940853E+01,    6.8978940853E+01,    0.0000000000E+00,    0.0000000000E+00,    0.0000000000E+00,    6.8978940853E+01
     81350,      0.676932,CP10_after_neg_clamp,   1,    0.0000000000E+00,    6.8978940853E+01,    6.8978940853E+01,    0.0000000000E+00,    0.0000000000E+00,    0.0000000000E+00,    6.8978940853E+01
     81350,      0.676932,CP11_after_MPI,   1,    0.0000000000E+00,    6.8978940853E+01,    6.8978940853E+01,    0.0000000000E+00,    0.0000000000E+00,    0.0000000000E+00,    6.8978940853E+01
     81350,      0.676932,CP12_end,   1,    0.0000000000E+00,    6.8978940853E+01,    6.8978940853E+01,    0.0000000000E+00,    0.0000000000E+00,    0.0000000000E+00,    6.8978940853E+01
     81400,      0.676932,CP0_start,   1,    0.0000000000E+00,    6.9057884691E+01,    6.9057884691E+01,    0.0000000000E+00,    0.0000000000E+00,    0.0000000000E+00,    6.9057884691E+01
     81400,      0.676932,CP1_after_deposition,   1,    0.0000000000E+00,    6.9057884691E+01,    6.9057884691E+01,    0.0000000000E+00,    0.0000000000E+00,    0.0000000000E+00,    6.9057884691E+01
     81400,      0.676932,CP2_after_erosion,   1,    0.0000000000E+00,    6.9057884691E+01,    6.9057884691E+01,    0.0000000000E+00,    0.0000000000E+00,    0.0000000000E+00,    6.9057884691E+01
     81400,      0.676932,CP3_after_update_bottom,   1,    0.0000000000E+00,    6.9057884691E+01,    6.9057884691E+01,    0.0000000000E+00,    0.0000000000E+00,    0.0000000000E+00,    6.9057884691E+01
     81400,      0.676932,CP4_after_advection,   1,    0.0000000000E+00,    6.9060991393E+01,    6.9060991393E+01,    0.0000000000E+00,    0.0000000000E+00,    0.0000000000E+00,    6.9060991393E+01
     81400,      0.676932,CP5_after_vdif,   1,    0.0000000000E+00,    6.9060991393E+01,    6.9060991393E+01,    0.0000000000E+00,    0.0000000000E+00,    0.0000000000E+00,    6.9060991393E+01
     81400,      0.676932,CP6_after_kinetics,   1,    0.0000000000E+00,    6.9060991393E+01,    6.9060991393E+01,    0.0000000000E+00,    0.0000000000E+00,    0.0000000000E+00,    6.9060991393E+01
     81400,      0.676932,CP7_after_upper_clamp,   1,    0.0000000000E+00,    6.9060991393E+01,    6.9060991393E+01,    0.0000000000E+00,    0.0000000000E+00,    0.0000000000E+00,    6.9060991393E+01
     81400,      0.676932,CP8_after_OBC,   1,    0.0000000000E+00,    6.9060991393E+01,    6.9060991393E+01,    0.0000000000E+00,    0.0000000000E+00,    0.0000000000E+00,    6.9060991393E+01
     81400,      0.676932,CP9_after_PTsource,   1,    0.0000000000E+00,    6.9060991393E+01,    6.9060991393E+01,    0.0000000000E+00,    0.0000000000E+00,    0.0000000000E+00,    6.9060991393E+01
     81400,      0.676932,CP10_after_neg_clamp,   1,    0.0000000000E+00,    6.9060991393E+01,    6.9060991393E+01,    0.0000000000E+00,    0.0000000000E+00,    0.0000000000E+00,    6.9060991393E+01
     81400,      0.676932,CP11_after_MPI,   1,    0.0000000000E+00,    6.9060991393E+01,    6.9060991393E+01,    0.0000000000E+00,    0.0000000000E+00,    0.0000000000E+00,    6.9060991393E+01
     81400,      0.676932,CP12_end,   1,    0.0000000000E+00,    6.9060991393E+01,    6.9060991393E+01,    0.0000000000E+00,    0.0000000000E+00,    0.0000000000E+00,    6.9060991393E+01
     81450,      0.676932,CP0_start,   1,    0.0000000000E+00,    6.9139853633E+01,    6.9139853633E+01,    0.0000000000E+00,    0.0000000000E+00,    0.0000000000E+00,    6.9139853633E+01
     81450,      0.676932,CP1_after_deposition,   1,    0.0000000000E+00,    6.9139853633E+01,    6.9139853633E+01,    0.0000000000E+00,    0.0000000000E+00,    0.0000000000E+00,    6.9139853633E+01
     81450,      0.676932,CP2_after_erosion,   1,    0.0000000000E+00,    6.9139853633E+01,    6.9139853633E+01,    0.0000000000E+00,    0.0000000000E+00,    0.0000000000E+00,    6.9139853633E+01
     81450,      0.676932,CP3_after_update_bottom,   1,    0.0000000000E+00,    6.9139853633E+01,    6.9139853633E+01,    0.0000000000E+00,    0.0000000000E+00,    0.0000000000E+00,    6.9139853633E+01
     81450,      0.676932,CP4_after_advection,   1,    0.0000000000E+00,    6.9142951415E+01,    6.9142951415E+01,    0.0000000000E+00,    0.0000000000E+00,    0.0000000000E+00,    6.9142951415E+01
     81450,      0.676932,CP5_after_vdif,   1,    0.0000000000E+00,    6.9142951415E+01,    6.9142951415E+01,    0.0000000000E+00,    0.0000000000E+00,    0.0000000000E+00,    6.9142951415E+01
     81450,      0.676932,CP6_after_kinetics,   1,    0.0000000000E+00,    6.9142951415E+01,    6.9142951415E+01,    0.0000000000E+00,    0.0000000000E+00,    0.0000000000E+00,    6.9142951415E+01
     81450,      0.676932,CP7_after_upper_clamp,   1,    0.0000000000E+00,    6.9142951415E+01,    6.9142951415E+01,    0.0000000000E+00,    0.0000000000E+00,    0.0000000000E+00,    6.9142951415E+01
     81450,      0.676932,CP8_after_OBC,   1,    0.0000000000E+00,    6.9142951415E+01,    6.9142951415E+01,    0.0000000000E+00,    0.0000000000E+00,    0.0000000000E+00,    6.9142951415E+01
     81450,      0.676932,CP9_after_PTsource,   1,    0.0000000000E+00,    6.9142951415E+01,    6.9142951415E+01,    0.0000000000E+00,    0.0000000000E+00,    0.0000000000E+00,    6.9142951415E+01
     81450,      0.676932,CP10_after_neg_clamp,   1,    0.0000000000E+00,    6.9142951415E+01,    6.9142951415E+01,    0.0000000000E+00,    0.0000000000E+00,    0.0000000000E+00,    6.9142951415E+01
     81450,      0.676932,CP11_after_MPI,   1,    0.0000000000E+00,    6.9142951415E+01,    6.9142951415E+01,    0.0000000000E+00,    0.0000000000E+00,    0.0000000000E+00,    6.9142951415E+01
     81450,      0.676932,CP12_end,   1,    0.0000000000E+00,    6.9142951415E+01,    6.9142951415E+01,    0.0000000000E+00,    0.0000000000E+00,    0.0000000000E+00,    6.9142951415E+01
     81500,      0.676932,CP0_start,   1,    0.0000000000E+00,    6.9221774167E+01,    6.9221774167E+01,    0.0000000000E+00,    0.0000000000E+00,    0.0000000000E+00,    6.9221774167E+01
     81500,      0.676932,CP1_after_deposition,   1,    0.0000000000E+00,    6.9221774167E+01,    6.9221774167E+01,    0.0000000000E+00,    0.0000000000E+00,    0.0000000000E+00,    6.9221774167E+01
     81500,      0.676932,CP2_after_erosion,   1,    0.0000000000E+00,    6.9221774167E+01,    6.9221774167E+01,    0.0000000000E+00,    0.0000000000E+00,    0.0000000000E+00,    6.9221774167E+01
     81500,      0.676932,CP3_after_update_bottom,   1,    0.0000000000E+00,    6.9221774167E+01,    6.9221774167E+01,    0.0000000000E+00,    0.0000000000E+00,    0.0000000000E+00,    6.9221774167E+01
     81500,      0.676932,CP4_after_advection,   1,    0.0000000000E+00,    6.9224862675E+01,    6.9224862675E+01,    0.0000000000E+00,    0.0000000000E+00,    0.0000000000E+00,    6.9224862675E+01
     81500,      0.676932,CP5_after_vdif,   1,    0.0000000000E+00,    6.9224862675E+01,    6.9224862675E+01,    0.0000000000E+00,    0.0000000000E+00,    0.0000000000E+00,    6.9224862675E+01
     81500,      0.676932,CP6_after_kinetics,   1,    0.0000000000E+00,    6.9224862675E+01,    6.9224862675E+01,    0.0000000000E+00,    0.0000000000E+00,    0.0000000000E+00,    6.9224862675E+01
     81500,      0.676932,CP7_after_upper_clamp,   1,    0.0000000000E+00,    6.9224862675E+01,    6.9224862675E+01,    0.0000000000E+00,    0.0000000000E+00,    0.0000000000E+00,    6.9224862675E+01
     81500,      0.676932,CP8_after_OBC,   1,    0.0000000000E+00,    6.9224862675E+01,    6.9224862675E+01,    0.0000000000E+00,    0.0000000000E+00,    0.0000000000E+00,    6.9224862675E+01
     81500,      0.676932,CP9_after_PTsource,   1,    0.0000000000E+00,    6.9224862675E+01,    6.9224862675E+01,    0.0000000000E+00,    0.0000000000E+00,    0.0000000000E+00,    6.9224862675E+01
     81500,      0.676932,CP10_after_neg_clamp,   1,    0.0000000000E+00,    6.9224862675E+01,    6.9224862675E+01,    0.0000000000E+00,    0.0000000000E+00,    0.0000000000E+00,    6.9224862675E+01
     81500,      0.676932,CP11_after_MPI,   1,    0.0000000000E+00,    6.9224862675E+01,    6.9224862675E+01,    0.0000000000E+00,    0.0000000000E+00,    0.0000000000E+00,    6.9224862675E+01
     81500,      0.676932,CP12_end,   1,    0.0000000000E+00,    6.9224862675E+01,    6.9224862675E+01,    0.0000000000E+00,    0.0000000000E+00,    0.0000000000E+00,    6.9224862675E+01
     81550,      0.676932,CP0_start,   1,    0.0000000000E+00,    6.9303669355E+01,    6.9303669355E+01,    0.0000000000E+00,    0.0000000000E+00,    0.0000000000E+00,    6.9303669355E+01
     81550,      0.676932,CP1_after_deposition,   1,    0.0000000000E+00,    6.9303669355E+01,    6.9303669355E+01,    0.0000000000E+00,    0.0000000000E+00,    0.0000000000E+00,    6.9303669355E+01
     81550,      0.676932,CP2_after_erosion,   1,    0.0000000000E+00,    6.9303669355E+01,    6.9303669355E+01,    0.0000000000E+00,    0.0000000000E+00,    0.0000000000E+00,    6.9303669355E+01
     81550,      0.676932,CP3_after_update_bottom,   1,    0.0000000000E+00,    6.9303669355E+01,    6.9303669355E+01,    0.0000000000E+00,    0.0000000000E+00,    0.0000000000E+00,    6.9303669355E+01
     81550,      0.676932,CP4_after_advection,   1,    0.0000000000E+00,    6.9306750522E+01,    6.9306750522E+01,    0.0000000000E+00,    0.0000000000E+00,    0.0000000000E+00,    6.9306750522E+01
     81550,      0.676932,CP5_after_vdif,   1,    0.0000000000E+00,    6.9306750522E+01,    6.9306750522E+01,    0.0000000000E+00,    0.0000000000E+00,    0.0000000000E+00,    6.9306750522E+01
     81550,      0.676932,CP6_after_kinetics,   1,    0.0000000000E+00,    6.9306750522E+01,    6.9306750522E+01,    0.0000000000E+00,    0.0000000000E+00,    0.0000000000E+00,    6.9306750522E+01
     81550,      0.676932,CP7_after_upper_clamp,   1,    0.0000000000E+00,    6.9306750522E+01,    6.9306750522E+01,    0.0000000000E+00,    0.0000000000E+00,    0.0000000000E+00,    6.9306750522E+01
     81550,      0.676932,CP8_after_OBC,   1,    0.0000000000E+00,    6.9306750522E+01,    6.9306750522E+01,    0.0000000000E+00,    0.0000000000E+00,    0.0000000000E+00,    6.9306750522E+01
     81550,      0.676932,CP9_after_PTsource,   1,    0.0000000000E+00,    6.9306750522E+01,    6.9306750522E+01,    0.0000000000E+00,    0.0000000000E+00,    0.0000000000E+00,    6.9306750522E+01
     81550,      0.676932,CP10_after_neg_clamp,   1,    0.0000000000E+00,    6.9306750522E+01,    6.9306750522E+01,    0.0000000000E+00,    0.0000000000E+00,    0.0000000000E+00,    6.9306750522E+01
     81550,      0.676932,CP11_after_MPI,   1,    0.0000000000E+00,    6.9306750522E+01,    6.9306750522E+01,    0.0000000000E+00,    0.0000000000E+00,    0.0000000000E+00,    6.9306750522E+01
     81550,      0.676932,CP12_end,   1,    0.0000000000E+00,    6.9306750522E+01,    6.9306750522E+01,    0.0000000000E+00,    0.0000000000E+00,    0.0000000000E+00,    6.9306750522E+01
     81600,      0.676932,CP0_start,   1,    0.0000000000E+00,    6.9385524164E+01,    6.9385524164E+01,    0.0000000000E+00,    0.0000000000E+00,    0.0000000000E+00,    6.9385524164E+01
     81600,      0.676932,CP1_after_deposition,   1,    0.0000000000E+00,    6.9385524164E+01,    6.9385524164E+01,    0.0000000000E+00,    0.0000000000E+00,    0.0000000000E+00,    6.9385524164E+01
     81600,      0.676932,CP2_after_erosion,   1,    0.0000000000E+00,    6.9385524164E+01,    6.9385524164E+01,    0.0000000000E+00,    0.0000000000E+00,    0.0000000000E+00,    6.9385524164E+01
     81600,      0.676932,CP3_after_update_bottom,   1,    0.0000000000E+00,    6.9385524164E+01,    6.9385524164E+01,    0.0000000000E+00,    0.0000000000E+00,    0.0000000000E+00,    6.9385524164E+01
     81600,      0.676932,CP4_after_advection,   1,    0.0000000000E+00,    6.9388597703E+01,    6.9388597703E+01,    0.0000000000E+00,    0.0000000000E+00,    0.0000000000E+00,    6.9388597703E+01
     81600,      0.676932,CP5_after_vdif,   1,    0.0000000000E+00,    6.9388597703E+01,    6.9388597703E+01,    0.0000000000E+00,    0.0000000000E+00,    0.0000000000E+00,    6.9388597703E+01
     81600,      0.676932,CP6_after_kinetics,   1,    0.0000000000E+00,    6.9388597703E+01,    6.9388597703E+01,    0.0000000000E+00,    0.0000000000E+00,    0.0000000000E+00,    6.9388597703E+01
     81600,      0.676932,CP7_after_upper_clamp,   1,    0.0000000000E+00,    6.9388597703E+01,    6.9388597703E+01,    0.0000000000E+00,    0.0000000000E+00,    0.0000000000E+00,    6.9388597703E+01
     81600,      0.676932,CP8_after_OBC,   1,    0.0000000000E+00,    6.9388597703E+01,    6.9388597703E+01,    0.0000000000E+00,    0.0000000000E+00,    0.0000000000E+00,    6.9388597703E+01
     81600,      0.676932,CP9_after_PTsource,   1,    0.0000000000E+00,    6.9388597703E+01,    6.9388597703E+01,    0.0000000000E+00,    0.0000000000E+00,    0.0000000000E+00,    6.9388597703E+01
     81600,      0.676932,CP10_after_neg_clamp,   1,    0.0000000000E+00,    6.9388597703E+01,    6.9388597703E+01,    0.0000000000E+00,    0.0000000000E+00,    0.0000000000E+00,    6.9388597703E+01
     81600,      0.676932,CP11_after_MPI,   1,    0.0000000000E+00,    6.9388597703E+01,    6.9388597703E+01,    0.0000000000E+00,    0.0000000000E+00,    0.0000000000E+00,    6.9388597703E+01
     81600,      0.676932,CP12_end,   1,    0.0000000000E+00,    6.9388597703E+01,    6.9388597703E+01,    0.0000000000E+00,    0.0000000000E+00,    0.0000000000E+00,    6.9388597703E+01
     81650,      0.676932,CP0_start,   1,    0.0000000000E+00,    6.9467357003E+01,    6.9467357003E+01,    0.0000000000E+00,    0.0000000000E+00,    0.0000000000E+00,    6.9467357003E+01
     81650,      0.676932,CP1_after_deposition,   1,    0.0000000000E+00,    6.9467357003E+01,    6.9467357003E+01,    0.0000000000E+00,    0.0000000000E+00,    0.0000000000E+00,    6.9467357003E+01
     81650,      0.676932,CP2_after_erosion,   1,    0.0000000000E+00,    6.9467357003E+01,    6.9467357003E+01,    0.0000000000E+00,    0.0000000000E+00,    0.0000000000E+00,    6.9467357003E+01
     81650,      0.676932,CP3_after_update_bottom,   1,    0.0000000000E+00,    6.9467357003E+01,    6.9467357003E+01,    0.0000000000E+00,    0.0000000000E+00,    0.0000000000E+00,    6.9467357003E+01
     81650,      0.676932,CP4_after_advection,   1,    0.0000000000E+00,    6.9470421464E+01,    6.9470421464E+01,    0.0000000000E+00,    0.0000000000E+00,    0.0000000000E+00,    6.9470421464E+01
     81650,      0.676932,CP5_after_vdif,   1,    0.0000000000E+00,    6.9470421464E+01,    6.9470421464E+01,    0.0000000000E+00,    0.0000000000E+00,    0.0000000000E+00,    6.9470421464E+01
     81650,      0.676932,CP6_after_kinetics,   1,    0.0000000000E+00,    6.9470421464E+01,    6.9470421464E+01,    0.0000000000E+00,    0.0000000000E+00,    0.0000000000E+00,    6.9470421464E+01
     81650,      0.676932,CP7_after_upper_clamp,   1,    0.0000000000E+00,    6.9470421464E+01,    6.9470421464E+01,    0.0000000000E+00,    0.0000000000E+00,    0.0000000000E+00,    6.9470421464E+01
     81650,      0.676932,CP8_after_OBC,   1,    0.0000000000E+00,    6.9470421464E+01,    6.9470421464E+01,    0.0000000000E+00,    0.0000000000E+00,    0.0000000000E+00,    6.9470421464E+01
     81650,      0.676932,CP9_after_PTsource,   1,    0.0000000000E+00,    6.9470421464E+01,    6.9470421464E+01,    0.0000000000E+00,    0.0000000000E+00,    0.0000000000E+00,    6.9470421464E+01
     81650,      0.676932,CP10_after_neg_clamp,   1,    0.0000000000E+00,    6.9470421464E+01,    6.9470421464E+01,    0.0000000000E+00,    0.0000000000E+00,    0.0000000000E+00,    6.9470421464E+01
     81650,      0.676932,CP11_after_MPI,   1,    0.0000000000E+00,    6.9470421464E+01,    6.9470421464E+01,    0.0000000000E+00,    0.0000000000E+00,    0.0000000000E+00,    6.9470421464E+01
     81650,      0.676932,CP12_end,   1,    0.0000000000E+00,    6.9470421464E+01,    6.9470421464E+01,    0.0000000000E+00,    0.0000000000E+00,    0.0000000000E+00,    6.9470421464E+01
     81700,      0.676932,CP0_start,   1,    0.0000000000E+00,    6.9549199311E+01,    6.9549199311E+01,    0.0000000000E+00,    0.0000000000E+00,    0.0000000000E+00,    6.9549199311E+01
     81700,      0.676932,CP1_after_deposition,   1,    0.0000000000E+00,    6.9549199311E+01,    6.9549199311E+01,    0.0000000000E+00,    0.0000000000E+00,    0.0000000000E+00,    6.9549199311E+01
     81700,      0.676932,CP2_after_erosion,   1,    0.0000000000E+00,    6.9549199311E+01,    6.9549199311E+01,    0.0000000000E+00,    0.0000000000E+00,    0.0000000000E+00,    6.9549199311E+01
     81700,      0.676932,CP3_after_update_bottom,   1,    0.0000000000E+00,    6.9549199311E+01,    6.9549199311E+01,    0.0000000000E+00,    0.0000000000E+00,    0.0000000000E+00,    6.9549199311E+01
     81700,      0.676932,CP4_after_advection,   1,    0.0000000000E+00,    6.9552254060E+01,    6.9552254060E+01,    0.0000000000E+00,    0.0000000000E+00,    0.0000000000E+00,    6.9552254060E+01
     81700,      0.676932,CP5_after_vdif,   1,    0.0000000000E+00,    6.9552254060E+01,    6.9552254060E+01,    0.0000000000E+00,    0.0000000000E+00,    0.0000000000E+00,    6.9552254060E+01
     81700,      0.676932,CP6_after_kinetics,   1,    0.0000000000E+00,    6.9552254060E+01,    6.9552254060E+01,    0.0000000000E+00,    0.0000000000E+00,    0.0000000000E+00,    6.9552254060E+01
     81700,      0.676932,CP7_after_upper_clamp,   1,    0.0000000000E+00,    6.9552254060E+01,    6.9552254060E+01,    0.0000000000E+00,    0.0000000000E+00,    0.0000000000E+00,    6.9552254060E+01
     81700,      0.676932,CP8_after_OBC,   1,    0.0000000000E+00,    6.9552254060E+01,    6.9552254060E+01,    0.0000000000E+00,    0.0000000000E+00,    0.0000000000E+00,    6.9552254060E+01
     81700,      0.676932,CP9_after_PTsource,   1,    0.0000000000E+00,    6.9552254060E+01,    6.9552254060E+01,    0.0000000000E+00,    0.0000000000E+00,    0.0000000000E+00,    6.9552254060E+01
     81700,      0.676932,CP10_after_neg_clamp,   1,    0.0000000000E+00,    6.9552254060E+01,    6.9552254060E+01,    0.0000000000E+00,    0.0000000000E+00,    0.0000000000E+00,    6.9552254060E+01
     81700,      0.676932,CP11_after_MPI,   1,    0.0000000000E+00,    6.9552254060E+01,    6.9552254060E+01,    0.0000000000E+00,    0.0000000000E+00,    0.0000000000E+00,    6.9552254060E+01
     81700,      0.676932,CP12_end,   1,    0.0000000000E+00,    6.9552254060E+01,    6.9552254060E+01,    0.0000000000E+00,    0.0000000000E+00,    0.0000000000E+00,    6.9552254060E+01
     81750,      0.676932,CP0_start,   1,    0.0000000000E+00,    6.9631067943E+01,    6.9631067943E+01,    0.0000000000E+00,    0.0000000000E+00,    0.0000000000E+00,    6.9631067943E+01
     81750,      0.676932,CP1_after_deposition,   1,    0.0000000000E+00,    6.9631067943E+01,    6.9631067943E+01,    0.0000000000E+00,    0.0000000000E+00,    0.0000000000E+00,    6.9631067943E+01
     81750,      0.676932,CP2_after_erosion,   1,    0.0000000000E+00,    6.9631067943E+01,    6.9631067943E+01,    0.0000000000E+00,    0.0000000000E+00,    0.0000000000E+00,    6.9631067943E+01
     81750,      0.676932,CP3_after_update_bottom,   1,    0.0000000000E+00,    6.9631067943E+01,    6.9631067943E+01,    0.0000000000E+00,    0.0000000000E+00,    0.0000000000E+00,    6.9631067943E+01
     81750,      0.676932,CP4_after_advection,   1,    0.0000000000E+00,    6.9634114957E+01,    6.9634114957E+01,    0.0000000000E+00,    0.0000000000E+00,    0.0000000000E+00,    6.9634114957E+01
     81750,      0.676932,CP5_after_vdif,   1,    0.0000000000E+00,    6.9634114957E+01,    6.9634114957E+01,    0.0000000000E+00,    0.0000000000E+00,    0.0000000000E+00,    6.9634114957E+01
     81750,      0.676932,CP6_after_kinetics,   1,    0.0000000000E+00,    6.9634114957E+01,    6.9634114957E+01,    0.0000000000E+00,    0.0000000000E+00,    0.0000000000E+00,    6.9634114957E+01
     81750,      0.676932,CP7_after_upper_clamp,   1,    0.0000000000E+00,    6.9634114957E+01,    6.9634114957E+01,    0.0000000000E+00,    0.0000000000E+00,    0.0000000000E+00,    6.9634114957E+01
     81750,      0.676932,CP8_after_OBC,   1,    0.0000000000E+00,    6.9634114957E+01,    6.9634114957E+01,    0.0000000000E+00,    0.0000000000E+00,    0.0000000000E+00,    6.9634114957E+01
     81750,      0.676932,CP9_after_PTsource,   1,    0.0000000000E+00,    6.9634114957E+01,    6.9634114957E+01,    0.0000000000E+00,    0.0000000000E+00,    0.0000000000E+00,    6.9634114957E+01
     81750,      0.676932,CP10_after_neg_clamp,   1,    0.0000000000E+00,    6.9634114957E+01,    6.9634114957E+01,    0.0000000000E+00,    0.0000000000E+00,    0.0000000000E+00,    6.9634114957E+01
     81750,      0.676932,CP11_after_MPI,   1,    0.0000000000E+00,    6.9634114957E+01,    6.9634114957E+01,    0.0000000000E+00,    0.0000000000E+00,    0.0000000000E+00,    6.9634114957E+01
     81750,      0.676932,CP12_end,   1,    0.0000000000E+00,    6.9634114957E+01,    6.9634114957E+01,    0.0000000000E+00,    0.0000000000E+00,    0.0000000000E+00,    6.9634114957E+01
     81800,      0.676932,CP0_start,   1,    0.0000000000E+00,    6.9712979437E+01,    6.9712979437E+01,    0.0000000000E+00,    0.0000000000E+00,    0.0000000000E+00,    6.9712979437E+01
     81800,      0.676932,CP1_after_deposition,   1,    0.0000000000E+00,    6.9712979437E+01,    6.9712979437E+01,    0.0000000000E+00,    0.0000000000E+00,    0.0000000000E+00,    6.9712979437E+01
     81800,      0.676932,CP2_after_erosion,   1,    0.0000000000E+00,    6.9712979437E+01,    6.9712979437E+01,    0.0000000000E+00,    0.0000000000E+00,    0.0000000000E+00,    6.9712979437E+01
     81800,      0.676932,CP3_after_update_bottom,   1,    0.0000000000E+00,    6.9712979437E+01,    6.9712979437E+01,    0.0000000000E+00,    0.0000000000E+00,    0.0000000000E+00,    6.9712979437E+01
     81800,      0.676932,CP4_after_advection,   1,    0.0000000000E+00,    6.9716019272E+01,    6.9716019272E+01,    0.0000000000E+00,    0.0000000000E+00,    0.0000000000E+00,    6.9716019272E+01
     81800,      0.676932,CP5_after_vdif,   1,    0.0000000000E+00,    6.9716019272E+01,    6.9716019272E+01,    0.0000000000E+00,    0.0000000000E+00,    0.0000000000E+00,    6.9716019272E+01
     81800,      0.676932,CP6_after_kinetics,   1,    0.0000000000E+00,    6.9716019272E+01,    6.9716019272E+01,    0.0000000000E+00,    0.0000000000E+00,    0.0000000000E+00,    6.9716019272E+01
     81800,      0.676932,CP7_after_upper_clamp,   1,    0.0000000000E+00,    6.9716019272E+01,    6.9716019272E+01,    0.0000000000E+00,    0.0000000000E+00,    0.0000000000E+00,    6.9716019272E+01
     81800,      0.676932,CP8_after_OBC,   1,    0.0000000000E+00,    6.9716019272E+01,    6.9716019272E+01,    0.0000000000E+00,    0.0000000000E+00,    0.0000000000E+00,    6.9716019272E+01
     81800,      0.676932,CP9_after_PTsource,   1,    0.0000000000E+00,    6.9716019272E+01,    6.9716019272E+01,    0.0000000000E+00,    0.0000000000E+00,    0.0000000000E+00,    6.9716019272E+01
     81800,      0.676932,CP10_after_neg_clamp,   1,    0.0000000000E+00,    6.9716019272E+01,    6.9716019272E+01,    0.0000000000E+00,    0.0000000000E+00,    0.0000000000E+00,    6.9716019272E+01
     81800,      0.676932,CP11_after_MPI,   1,    0.0000000000E+00,    6.9716019272E+01,    6.9716019272E+01,    0.0000000000E+00,    0.0000000000E+00,    0.0000000000E+00,    6.9716019272E+01
     81800,      0.676932,CP12_end,   1,    0.0000000000E+00,    6.9716019272E+01,    6.9716019272E+01,    0.0000000000E+00,    0.0000000000E+00,    0.0000000000E+00,    6.9716019272E+01
     81850,      0.676932,CP0_start,   1,    0.0000000000E+00,    6.9794956163E+01,    6.9794956163E+01,    0.0000000000E+00,    0.0000000000E+00,    0.0000000000E+00,    6.9794956163E+01
     81850,      0.676932,CP1_after_deposition,   1,    0.0000000000E+00,    6.9794956163E+01,    6.9794956163E+01,    0.0000000000E+00,    0.0000000000E+00,    0.0000000000E+00,    6.9794956163E+01
     81850,      0.676932,CP2_after_erosion,   1,    0.0000000000E+00,    6.9794956163E+01,    6.9794956163E+01,    0.0000000000E+00,    0.0000000000E+00,    0.0000000000E+00,    6.9794956163E+01
     81850,      0.676932,CP3_after_update_bottom,   1,    0.0000000000E+00,    6.9794956163E+01,    6.9794956163E+01,    0.0000000000E+00,    0.0000000000E+00,    0.0000000000E+00,    6.9794956163E+01
     81850,      0.676932,CP4_after_advection,   1,    0.0000000000E+00,    6.9797988932E+01,    6.9797988932E+01,    0.0000000000E+00,    0.0000000000E+00,    0.0000000000E+00,    6.9797988932E+01
     81850,      0.676932,CP5_after_vdif,   1,    0.0000000000E+00,    6.9797988932E+01,    6.9797988932E+01,    0.0000000000E+00,    0.0000000000E+00,    0.0000000000E+00,    6.9797988932E+01
     81850,      0.676932,CP6_after_kinetics,   1,    0.0000000000E+00,    6.9797988932E+01,    6.9797988932E+01,    0.0000000000E+00,    0.0000000000E+00,    0.0000000000E+00,    6.9797988932E+01
     81850,      0.676932,CP7_after_upper_clamp,   1,    0.0000000000E+00,    6.9797988932E+01,    6.9797988932E+01,    0.0000000000E+00,    0.0000000000E+00,    0.0000000000E+00,    6.9797988932E+01
     81850,      0.676932,CP8_after_OBC,   1,    0.0000000000E+00,    6.9797988932E+01,    6.9797988932E+01,    0.0000000000E+00,    0.0000000000E+00,    0.0000000000E+00,    6.9797988932E+01
     81850,      0.676932,CP9_after_PTsource,   1,    0.0000000000E+00,    6.9797988932E+01,    6.9797988932E+01,    0.0000000000E+00,    0.0000000000E+00,    0.0000000000E+00,    6.9797988932E+01
     81850,      0.676932,CP10_after_neg_clamp,   1,    0.0000000000E+00,    6.9797988932E+01,    6.9797988932E+01,    0.0000000000E+00,    0.0000000000E+00,    0.0000000000E+00,    6.9797988932E+01
     81850,      0.676932,CP11_after_MPI,   1,    0.0000000000E+00,    6.9797988932E+01,    6.9797988932E+01,    0.0000000000E+00,    0.0000000000E+00,    0.0000000000E+00,    6.9797988932E+01
     81850,      0.676932,CP12_end,   1,    0.0000000000E+00,    6.9797988932E+01,    6.9797988932E+01,    0.0000000000E+00,    0.0000000000E+00,    0.0000000000E+00,    6.9797988932E+01
     81900,      0.676932,CP0_start,   1,    0.0000000000E+00,    6.9877007711E+01,    6.9877007711E+01,    0.0000000000E+00,    0.0000000000E+00,    0.0000000000E+00,    6.9877007711E+01
     81900,      0.676932,CP1_after_deposition,   1,    0.0000000000E+00,    6.9877007711E+01,    6.9877007711E+01,    0.0000000000E+00,    0.0000000000E+00,    0.0000000000E+00,    6.9877007711E+01
     81900,      0.676932,CP2_after_erosion,   1,    0.0000000000E+00,    6.9877007711E+01,    6.9877007711E+01,    0.0000000000E+00,    0.0000000000E+00,    0.0000000000E+00,    6.9877007711E+01
     81900,      0.676932,CP3_after_update_bottom,   1,    0.0000000000E+00,    6.9877007711E+01,    6.9877007711E+01,    0.0000000000E+00,    0.0000000000E+00,    0.0000000000E+00,    6.9877007711E+01
     81900,      0.676932,CP4_after_advection,   1,    0.0000000000E+00,    6.9880033049E+01,    6.9880033049E+01,    0.0000000000E+00,    0.0000000000E+00,    0.0000000000E+00,    6.9880033049E+01
     81900,      0.676932,CP5_after_vdif,   1,    0.0000000000E+00,    6.9880033049E+01,    6.9880033049E+01,    0.0000000000E+00,    0.0000000000E+00,    0.0000000000E+00,    6.9880033049E+01
     81900,      0.676932,CP6_after_kinetics,   1,    0.0000000000E+00,    6.9880033049E+01,    6.9880033049E+01,    0.0000000000E+00,    0.0000000000E+00,    0.0000000000E+00,    6.9880033049E+01
     81900,      0.676932,CP7_after_upper_clamp,   1,    0.0000000000E+00,    6.9880033049E+01,    6.9880033049E+01,    0.0000000000E+00,    0.0000000000E+00,    0.0000000000E+00,    6.9880033049E+01
     81900,      0.676932,CP8_after_OBC,   1,    0.0000000000E+00,    6.9880033049E+01,    6.9880033049E+01,    0.0000000000E+00,    0.0000000000E+00,    0.0000000000E+00,    6.9880033049E+01
     81900,      0.676932,CP9_after_PTsource,   1,    0.0000000000E+00,    6.9880033049E+01,    6.9880033049E+01,    0.0000000000E+00,    0.0000000000E+00,    0.0000000000E+00,    6.9880033049E+01
     81900,      0.676932,CP10_after_neg_clamp,   1,    0.0000000000E+00,    6.9880033049E+01,    6.9880033049E+01,    0.0000000000E+00,    0.0000000000E+00,    0.0000000000E+00,    6.9880033049E+01
     81900,      0.676932,CP11_after_MPI,   1,    0.0000000000E+00,    6.9880033049E+01,    6.9880033049E+01,    0.0000000000E+00,    0.0000000000E+00,    0.0000000000E+00,    6.9880033049E+01
     81900,      0.676932,CP12_end,   1,    0.0000000000E+00,    6.9880033049E+01,    6.9880033049E+01,    0.0000000000E+00,    0.0000000000E+00,    0.0000000000E+00,    6.9880033049E+01
     81950,      0.676932,CP0_start,   1,    0.0000000000E+00,    6.9958695269E+01,    6.9958695269E+01,    0.0000000000E+00,    0.0000000000E+00,    0.0000000000E+00,    6.9958695269E+01
     81950,      0.676932,CP1_after_deposition,   1,    0.0000000000E+00,    6.9958695269E+01,    6.9958695269E+01,    0.0000000000E+00,    0.0000000000E+00,    0.0000000000E+00,    6.9958695269E+01
     81950,      0.676932,CP2_after_erosion,   1,    0.0000000000E+00,    6.9958695269E+01,    6.9958695269E+01,    0.0000000000E+00,    0.0000000000E+00,    0.0000000000E+00,    6.9958695269E+01
     81950,      0.676932,CP3_after_update_bottom,   1,    0.0000000000E+00,    6.9958695269E+01,    6.9958695269E+01,    0.0000000000E+00,    0.0000000000E+00,    0.0000000000E+00,    6.9958695269E+01
     81950,      0.676932,CP4_after_advection,   1,    0.0000000000E+00,    6.9961713427E+01,    6.9961713427E+01,    0.0000000000E+00,    0.0000000000E+00,    0.0000000000E+00,    6.9961713427E+01
     81950,      0.676932,CP5_after_vdif,   1,    0.0000000000E+00,    6.9961713427E+01,    6.9961713427E+01,    0.0000000000E+00,    0.0000000000E+00,    0.0000000000E+00,    6.9961713427E+01
     81950,      0.676932,CP6_after_kinetics,   1,    0.0000000000E+00,    6.9961713427E+01,    6.9961713427E+01,    0.0000000000E+00,    0.0000000000E+00,    0.0000000000E+00,    6.9961713427E+01
     81950,      0.676932,CP7_after_upper_clamp,   1,    0.0000000000E+00,    6.9961713427E+01,    6.9961713427E+01,    0.0000000000E+00,    0.0000000000E+00,    0.0000000000E+00,    6.9961713427E+01
     81950,      0.676932,CP8_after_OBC,   1,    0.0000000000E+00,    6.9961713427E+01,    6.9961713427E+01,    0.0000000000E+00,    0.0000000000E+00,    0.0000000000E+00,    6.9961713427E+01
     81950,      0.676932,CP9_after_PTsource,   1,    0.0000000000E+00,    6.9961713427E+01,    6.9961713427E+01,    0.0000000000E+00,    0.0000000000E+00,    0.0000000000E+00,    6.9961713427E+01
     81950,      0.676932,CP10_after_neg_clamp,   1,    0.0000000000E+00,    6.9961713427E+01,    6.9961713427E+01,    0.0000000000E+00,    0.0000000000E+00,    0.0000000000E+00,    6.9961713427E+01
     81950,      0.676932,CP11_after_MPI,   1,    0.0000000000E+00,    6.9961713427E+01,    6.9961713427E+01,    0.0000000000E+00,    0.0000000000E+00,    0.0000000000E+00,    6.9961713427E+01
     81950,      0.676932,CP12_end,   1,    0.0000000000E+00,    6.9961713427E+01,    6.9961713427E+01,    0.0000000000E+00,    0.0000000000E+00,    0.0000000000E+00,    6.9961713427E+01
     82000,      0.676932,CP0_start,   1,    0.0000000000E+00,    7.0040472311E+01,    7.0040472311E+01,    0.0000000000E+00,    0.0000000000E+00,    0.0000000000E+00,    7.0040472311E+01
     82000,      0.676932,CP1_after_deposition,   1,    0.0000000000E+00,    7.0040472311E+01,    7.0040472311E+01,    0.0000000000E+00,    0.0000000000E+00,    0.0000000000E+00,    7.0040472311E+01
     82000,      0.676932,CP2_after_erosion,   1,    0.0000000000E+00,    7.0040472311E+01,    7.0040472311E+01,    0.0000000000E+00,    0.0000000000E+00,    0.0000000000E+00,    7.0040472311E+01
     82000,      0.676932,CP3_after_update_bottom,   1,    0.0000000000E+00,    7.0040472311E+01,    7.0040472311E+01,    0.0000000000E+00,    0.0000000000E+00,    0.0000000000E+00,    7.0040472311E+01
     82000,      0.676932,CP4_after_advection,   1,    0.0000000000E+00,    7.0043483353E+01,    7.0043483353E+01,    0.0000000000E+00,    0.0000000000E+00,    0.0000000000E+00,    7.0043483353E+01
     82000,      0.676932,CP5_after_vdif,   1,    0.0000000000E+00,    7.0043483353E+01,    7.0043483353E+01,    0.0000000000E+00,    0.0000000000E+00,    0.0000000000E+00,    7.0043483353E+01
     82000,      0.676932,CP6_after_kinetics,   1,    0.0000000000E+00,    7.0043483353E+01,    7.0043483353E+01,    0.0000000000E+00,    0.0000000000E+00,    0.0000000000E+00,    7.0043483353E+01
     82000,      0.676932,CP7_after_upper_clamp,   1,    0.0000000000E+00,    7.0043483353E+01,    7.0043483353E+01,    0.0000000000E+00,    0.0000000000E+00,    0.0000000000E+00,    7.0043483353E+01
     82000,      0.676932,CP8_after_OBC,   1,    0.0000000000E+00,    7.0043483353E+01,    7.0043483353E+01,    0.0000000000E+00,    0.0000000000E+00,    0.0000000000E+00,    7.0043483353E+01
     82000,      0.676932,CP9_after_PTsource,   1,    0.0000000000E+00,    7.0043483353E+01,    7.0043483353E+01,    0.0000000000E+00,    0.0000000000E+00,    0.0000000000E+00,    7.0043483353E+01
     82000,      0.676932,CP10_after_neg_clamp,   1,    0.0000000000E+00,    7.0043483353E+01,    7.0043483353E+01,    0.0000000000E+00,    0.0000000000E+00,    0.0000000000E+00,    7.0043483353E+01
     82000,      0.676932,CP11_after_MPI,   1,    0.0000000000E+00,    7.0043483353E+01,    7.0043483353E+01,    0.0000000000E+00,    0.0000000000E+00,    0.0000000000E+00,    7.0043483353E+01
     82000,      0.676932,CP12_end,   1,    0.0000000000E+00,    7.0043483353E+01,    7.0043483353E+01,    0.0000000000E+00,    0.0000000000E+00,    0.0000000000E+00,    7.0043483353E+01
     82050,      0.676932,CP0_start,   1,    0.0000000000E+00,    7.0122339749E+01,    7.0122339749E+01,    0.0000000000E+00,    0.0000000000E+00,    0.0000000000E+00,    7.0122339749E+01
     82050,      0.676932,CP1_after_deposition,   1,    0.0000000000E+00,    7.0122339749E+01,    7.0122339749E+01,    0.0000000000E+00,    0.0000000000E+00,    0.0000000000E+00,    7.0122339749E+01
     82050,      0.676932,CP2_after_erosion,   1,    0.0000000000E+00,    7.0122339749E+01,    7.0122339749E+01,    0.0000000000E+00,    0.0000000000E+00,    0.0000000000E+00,    7.0122339749E+01
     82050,      0.676932,CP3_after_update_bottom,   1,    0.0000000000E+00,    7.0122339749E+01,    7.0122339749E+01,    0.0000000000E+00,    0.0000000000E+00,    0.0000000000E+00,    7.0122339749E+01
     82050,      0.676932,CP4_after_advection,   1,    0.0000000000E+00,    7.0125344044E+01,    7.0125344044E+01,    0.0000000000E+00,    0.0000000000E+00,    0.0000000000E+00,    7.0125344044E+01
     82050,      0.676932,CP5_after_vdif,   1,    0.0000000000E+00,    7.0125344044E+01,    7.0125344044E+01,    0.0000000000E+00,    0.0000000000E+00,    0.0000000000E+00,    7.0125344044E+01
     82050,      0.676932,CP6_after_kinetics,   1,    0.0000000000E+00,    7.0125344044E+01,    7.0125344044E+01,    0.0000000000E+00,    0.0000000000E+00,    0.0000000000E+00,    7.0125344044E+01
     82050,      0.676932,CP7_after_upper_clamp,   1,    0.0000000000E+00,    7.0125344044E+01,    7.0125344044E+01,    0.0000000000E+00,    0.0000000000E+00,    0.0000000000E+00,    7.0125344044E+01
     82050,      0.676932,CP8_after_OBC,   1,    0.0000000000E+00,    7.0125344044E+01,    7.0125344044E+01,    0.0000000000E+00,    0.0000000000E+00,    0.0000000000E+00,    7.0125344044E+01
     82050,      0.676932,CP9_after_PTsource,   1,    0.0000000000E+00,    7.0125344044E+01,    7.0125344044E+01,    0.0000000000E+00,    0.0000000000E+00,    0.0000000000E+00,    7.0125344044E+01
     82050,      0.676932,CP10_after_neg_clamp,   1,    0.0000000000E+00,    7.0125344044E+01,    7.0125344044E+01,    0.0000000000E+00,    0.0000000000E+00,    0.0000000000E+00,    7.0125344044E+01
     82050,      0.676932,CP11_after_MPI,   1,    0.0000000000E+00,    7.0125344044E+01,    7.0125344044E+01,    0.0000000000E+00,    0.0000000000E+00,    0.0000000000E+00,    7.0125344044E+01
     82050,      0.676932,CP12_end,   1,    0.0000000000E+00,    7.0125344044E+01,    7.0125344044E+01,    0.0000000000E+00,    0.0000000000E+00,    0.0000000000E+00,    7.0125344044E+01
     82100,      0.676932,CP0_start,   1,    0.0000000000E+00,    7.0204309062E+01,    7.0204309062E+01,    0.0000000000E+00,    0.0000000000E+00,    0.0000000000E+00,    7.0204309062E+01
     82100,      0.676932,CP1_after_deposition,   1,    0.0000000000E+00,    7.0204309062E+01,    7.0204309062E+01,    0.0000000000E+00,    0.0000000000E+00,    0.0000000000E+00,    7.0204309062E+01
     82100,      0.676932,CP2_after_erosion,   1,    0.0000000000E+00,    7.0204309062E+01,    7.0204309062E+01,    0.0000000000E+00,    0.0000000000E+00,    0.0000000000E+00,    7.0204309062E+01
     82100,      0.676932,CP3_after_update_bottom,   1,    0.0000000000E+00,    7.0204309062E+01,    7.0204309062E+01,    0.0000000000E+00,    0.0000000000E+00,    0.0000000000E+00,    7.0204309062E+01
     82100,      0.676932,CP4_after_advection,   1,    0.0000000000E+00,    7.0207308143E+01,    7.0207308143E+01,    0.0000000000E+00,    0.0000000000E+00,    0.0000000000E+00,    7.0207308143E+01
     82100,      0.676932,CP5_after_vdif,   1,    0.0000000000E+00,    7.0207308143E+01,    7.0207308143E+01,    0.0000000000E+00,    0.0000000000E+00,    0.0000000000E+00,    7.0207308143E+01
     82100,      0.676932,CP6_after_kinetics,   1,    0.0000000000E+00,    7.0207308143E+01,    7.0207308143E+01,    0.0000000000E+00,    0.0000000000E+00,    0.0000000000E+00,    7.0207308143E+01
     82100,      0.676932,CP7_after_upper_clamp,   1,    0.0000000000E+00,    7.0207308143E+01,    7.0207308143E+01,    0.0000000000E+00,    0.0000000000E+00,    0.0000000000E+00,    7.0207308143E+01
     82100,      0.676932,CP8_after_OBC,   1,    0.0000000000E+00,    7.0207308143E+01,    7.0207308143E+01,    0.0000000000E+00,    0.0000000000E+00,    0.0000000000E+00,    7.0207308143E+01
     82100,      0.676932,CP9_after_PTsource,   1,    0.0000000000E+00,    7.0207308143E+01,    7.0207308143E+01,    0.0000000000E+00,    0.0000000000E+00,    0.0000000000E+00,    7.0207308143E+01
     82100,      0.676932,CP10_after_neg_clamp,   1,    0.0000000000E+00,    7.0207308143E+01,    7.0207308143E+01,    0.0000000000E+00,    0.0000000000E+00,    0.0000000000E+00,    7.0207308143E+01
     82100,      0.676932,CP11_after_MPI,   1,    0.0000000000E+00,    7.0207308143E+01,    7.0207308143E+01,    0.0000000000E+00,    0.0000000000E+00,    0.0000000000E+00,    7.0207308143E+01
     82100,      0.676932,CP12_end,   1,    0.0000000000E+00,    7.0207308143E+01,    7.0207308143E+01,    0.0000000000E+00,    0.0000000000E+00,    0.0000000000E+00,    7.0207308143E+01
     82150,      0.676932,CP0_start,   1,    0.0000000000E+00,    7.0286428444E+01,    7.0286428444E+01,    0.0000000000E+00,    0.0000000000E+00,    0.0000000000E+00,    7.0286428444E+01
     82150,      0.676932,CP1_after_deposition,   1,    0.0000000000E+00,    7.0286428444E+01,    7.0286428444E+01,    0.0000000000E+00,    0.0000000000E+00,    0.0000000000E+00,    7.0286428444E+01
     82150,      0.676932,CP2_after_erosion,   1,    0.0000000000E+00,    7.0286428444E+01,    7.0286428444E+01,    0.0000000000E+00,    0.0000000000E+00,    0.0000000000E+00,    7.0286428444E+01
     82150,      0.676932,CP3_after_update_bottom,   1,    0.0000000000E+00,    7.0286428444E+01,    7.0286428444E+01,    0.0000000000E+00,    0.0000000000E+00,    0.0000000000E+00,    7.0286428444E+01
     82150,      0.676932,CP4_after_advection,   1,    0.0000000000E+00,    7.0289420797E+01,    7.0289420797E+01,    0.0000000000E+00,    0.0000000000E+00,    0.0000000000E+00,    7.0289420797E+01
     82150,      0.676932,CP5_after_vdif,   1,    0.0000000000E+00,    7.0289420797E+01,    7.0289420797E+01,    0.0000000000E+00,    0.0000000000E+00,    0.0000000000E+00,    7.0289420797E+01
     82150,      0.676932,CP6_after_kinetics,   1,    0.0000000000E+00,    7.0289420797E+01,    7.0289420797E+01,    0.0000000000E+00,    0.0000000000E+00,    0.0000000000E+00,    7.0289420797E+01
     82150,      0.676932,CP7_after_upper_clamp,   1,    0.0000000000E+00,    7.0289420797E+01,    7.0289420797E+01,    0.0000000000E+00,    0.0000000000E+00,    0.0000000000E+00,    7.0289420797E+01
     82150,      0.676932,CP8_after_OBC,   1,    0.0000000000E+00,    7.0289420797E+01,    7.0289420797E+01,    0.0000000000E+00,    0.0000000000E+00,    0.0000000000E+00,    7.0289420797E+01
     82150,      0.676932,CP9_after_PTsource,   1,    0.0000000000E+00,    7.0289420797E+01,    7.0289420797E+01,    0.0000000000E+00,    0.0000000000E+00,    0.0000000000E+00,    7.0289420797E+01
     82150,      0.676932,CP10_after_neg_clamp,   1,    0.0000000000E+00,    7.0289420797E+01,    7.0289420797E+01,    0.0000000000E+00,    0.0000000000E+00,    0.0000000000E+00,    7.0289420797E+01
     82150,      0.676932,CP11_after_MPI,   1,    0.0000000000E+00,    7.0289420797E+01,    7.0289420797E+01,    0.0000000000E+00,    0.0000000000E+00,    0.0000000000E+00,    7.0289420797E+01
     82150,      0.676932,CP12_end,   1,    0.0000000000E+00,    7.0289420797E+01,    7.0289420797E+01,    0.0000000000E+00,    0.0000000000E+00,    0.0000000000E+00,    7.0289420797E+01
     82200,      0.676932,CP0_start,   1,    0.0000000000E+00,    7.0368655831E+01,    7.0368655831E+01,    0.0000000000E+00,    0.0000000000E+00,    0.0000000000E+00,    7.0368655831E+01
     82200,      0.676932,CP1_after_deposition,   1,    0.0000000000E+00,    7.0368655831E+01,    7.0368655831E+01,    0.0000000000E+00,    0.0000000000E+00,    0.0000000000E+00,    7.0368655831E+01
     82200,      0.676932,CP2_after_erosion,   1,    0.0000000000E+00,    7.0368655831E+01,    7.0368655831E+01,    0.0000000000E+00,    0.0000000000E+00,    0.0000000000E+00,    7.0368655831E+01
     82200,      0.676932,CP3_after_update_bottom,   1,    0.0000000000E+00,    7.0368655831E+01,    7.0368655831E+01,    0.0000000000E+00,    0.0000000000E+00,    0.0000000000E+00,    7.0368655831E+01
     82200,      0.676932,CP4_after_advection,   1,    0.0000000000E+00,    7.0371641344E+01,    7.0371641344E+01,    0.0000000000E+00,    0.0000000000E+00,    0.0000000000E+00,    7.0371641344E+01
     82200,      0.676932,CP5_after_vdif,   1,    0.0000000000E+00,    7.0371641344E+01,    7.0371641344E+01,    0.0000000000E+00,    0.0000000000E+00,    0.0000000000E+00,    7.0371641344E+01
     82200,      0.676932,CP6_after_kinetics,   1,    0.0000000000E+00,    7.0371641344E+01,    7.0371641344E+01,    0.0000000000E+00,    0.0000000000E+00,    0.0000000000E+00,    7.0371641344E+01
     82200,      0.676932,CP7_after_upper_clamp,   1,    0.0000000000E+00,    7.0371641344E+01,    7.0371641344E+01,    0.0000000000E+00,    0.0000000000E+00,    0.0000000000E+00,    7.0371641344E+01
     82200,      0.676932,CP8_after_OBC,   1,    0.0000000000E+00,    7.0371641344E+01,    7.0371641344E+01,    0.0000000000E+00,    0.0000000000E+00,    0.0000000000E+00,    7.0371641344E+01
     82200,      0.676932,CP9_after_PTsource,   1,    0.0000000000E+00,    7.0371641344E+01,    7.0371641344E+01,    0.0000000000E+00,    0.0000000000E+00,    0.0000000000E+00,    7.0371641344E+01
     82200,      0.676932,CP10_after_neg_clamp,   1,    0.0000000000E+00,    7.0371641344E+01,    7.0371641344E+01,    0.0000000000E+00,    0.0000000000E+00,    0.0000000000E+00,    7.0371641344E+01
     82200,      0.676932,CP11_after_MPI,   1,    0.0000000000E+00,    7.0371641344E+01,    7.0371641344E+01,    0.0000000000E+00,    0.0000000000E+00,    0.0000000000E+00,    7.0371641344E+01
     82200,      0.676932,CP12_end,   1,    0.0000000000E+00,    7.0371641344E+01,    7.0371641344E+01,    0.0000000000E+00,    0.0000000000E+00,    0.0000000000E+00,    7.0371641344E+01
     82250,      0.676932,CP0_start,   1,    0.0000000000E+00,    7.0451038068E+01,    7.0451038068E+01,    0.0000000000E+00,    0.0000000000E+00,    0.0000000000E+00,    7.0451038068E+01
     82250,      0.676932,CP1_after_deposition,   1,    0.0000000000E+00,    7.0451038068E+01,    7.0451038068E+01,    0.0000000000E+00,    0.0000000000E+00,    0.0000000000E+00,    7.0451038068E+01
     82250,      0.676932,CP2_after_erosion,   1,    0.0000000000E+00,    7.0451038068E+01,    7.0451038068E+01,    0.0000000000E+00,    0.0000000000E+00,    0.0000000000E+00,    7.0451038068E+01
     82250,      0.676932,CP3_after_update_bottom,   1,    0.0000000000E+00,    7.0451038068E+01,    7.0451038068E+01,    0.0000000000E+00,    0.0000000000E+00,    0.0000000000E+00,    7.0451038068E+01
     82250,      0.676932,CP4_after_advection,   1,    0.0000000000E+00,    7.0454018271E+01,    7.0454018271E+01,    0.0000000000E+00,    0.0000000000E+00,    0.0000000000E+00,    7.0454018271E+01
     82250,      0.676932,CP5_after_vdif,   1,    0.0000000000E+00,    7.0454018271E+01,    7.0454018271E+01,    0.0000000000E+00,    0.0000000000E+00,    0.0000000000E+00,    7.0454018271E+01
     82250,      0.676932,CP6_after_kinetics,   1,    0.0000000000E+00,    7.0454018271E+01,    7.0454018271E+01,    0.0000000000E+00,    0.0000000000E+00,    0.0000000000E+00,    7.0454018271E+01
     82250,      0.676932,CP7_after_upper_clamp,   1,    0.0000000000E+00,    7.0454018271E+01,    7.0454018271E+01,    0.0000000000E+00,    0.0000000000E+00,    0.0000000000E+00,    7.0454018271E+01
     82250,      0.676932,CP8_after_OBC,   1,    0.0000000000E+00,    7.0454018271E+01,    7.0454018271E+01,    0.0000000000E+00,    0.0000000000E+00,    0.0000000000E+00,    7.0454018271E+01
     82250,      0.676932,CP9_after_PTsource,   1,    0.0000000000E+00,    7.0454018271E+01,    7.0454018271E+01,    0.0000000000E+00,    0.0000000000E+00,    0.0000000000E+00,    7.0454018271E+01
     82250,      0.676932,CP10_after_neg_clamp,   1,    0.0000000000E+00,    7.0454018271E+01,    7.0454018271E+01,    0.0000000000E+00,    0.0000000000E+00,    0.0000000000E+00,    7.0454018271E+01
     82250,      0.676932,CP11_after_MPI,   1,    0.0000000000E+00,    7.0454018271E+01,    7.0454018271E+01,    0.0000000000E+00,    0.0000000000E+00,    0.0000000000E+00,    7.0454018271E+01
     82250,      0.676932,CP12_end,   1,    0.0000000000E+00,    7.0454018271E+01,    7.0454018271E+01,    0.0000000000E+00,    0.0000000000E+00,    0.0000000000E+00,    7.0454018271E+01
     82300,      0.676932,CP0_start,   1,    0.0000000000E+00,    7.0533525593E+01,    7.0533525593E+01,    0.0000000000E+00,    0.0000000000E+00,    0.0000000000E+00,    7.0533525593E+01
     82300,      0.676932,CP1_after_deposition,   1,    0.0000000000E+00,    7.0533525593E+01,    7.0533525593E+01,    0.0000000000E+00,    0.0000000000E+00,    0.0000000000E+00,    7.0533525593E+01
     82300,      0.676932,CP2_after_erosion,   1,    0.0000000000E+00,    7.0533525593E+01,    7.0533525593E+01,    0.0000000000E+00,    0.0000000000E+00,    0.0000000000E+00,    7.0533525593E+01
     82300,      0.676932,CP3_after_update_bottom,   1,    0.0000000000E+00,    7.0533525593E+01,    7.0533525593E+01,    0.0000000000E+00,    0.0000000000E+00,    0.0000000000E+00,    7.0533525593E+01
     82300,      0.676932,CP4_after_advection,   1,    0.0000000000E+00,    7.0536499305E+01,    7.0536499305E+01,    0.0000000000E+00,    0.0000000000E+00,    0.0000000000E+00,    7.0536499305E+01
     82300,      0.676932,CP5_after_vdif,   1,    0.0000000000E+00,    7.0536499305E+01,    7.0536499305E+01,    0.0000000000E+00,    0.0000000000E+00,    0.0000000000E+00,    7.0536499305E+01
     82300,      0.676932,CP6_after_kinetics,   1,    0.0000000000E+00,    7.0536499305E+01,    7.0536499305E+01,    0.0000000000E+00,    0.0000000000E+00,    0.0000000000E+00,    7.0536499305E+01
     82300,      0.676932,CP7_after_upper_clamp,   1,    0.0000000000E+00,    7.0536499305E+01,    7.0536499305E+01,    0.0000000000E+00,    0.0000000000E+00,    0.0000000000E+00,    7.0536499305E+01
     82300,      0.676932,CP8_after_OBC,   1,    0.0000000000E+00,    7.0536499305E+01,    7.0536499305E+01,    0.0000000000E+00,    0.0000000000E+00,    0.0000000000E+00,    7.0536499305E+01
     82300,      0.676932,CP9_after_PTsource,   1,    0.0000000000E+00,    7.0536499305E+01,    7.0536499305E+01,    0.0000000000E+00,    0.0000000000E+00,    0.0000000000E+00,    7.0536499305E+01
     82300,      0.676932,CP10_after_neg_clamp,   1,    0.0000000000E+00,    7.0536499305E+01,    7.0536499305E+01,    0.0000000000E+00,    0.0000000000E+00,    0.0000000000E+00,    7.0536499305E+01
     82300,      0.676932,CP11_after_MPI,   1,    0.0000000000E+00,    7.0536499305E+01,    7.0536499305E+01,    0.0000000000E+00,    0.0000000000E+00,    0.0000000000E+00,    7.0536499305E+01
     82300,      0.676932,CP12_end,   1,    0.0000000000E+00,    7.0536499305E+01,    7.0536499305E+01,    0.0000000000E+00,    0.0000000000E+00,    0.0000000000E+00,    7.0536499305E+01
     82350,      0.676932,CP0_start,   1,    0.0000000000E+00,    7.0616156679E+01,    7.0616156679E+01,    0.0000000000E+00,    0.0000000000E+00,    0.0000000000E+00,    7.0616156679E+01
     82350,      0.676932,CP1_after_deposition,   1,    0.0000000000E+00,    7.0616156679E+01,    7.0616156679E+01,    0.0000000000E+00,    0.0000000000E+00,    0.0000000000E+00,    7.0616156679E+01
     82350,      0.676932,CP2_after_erosion,   1,    0.0000000000E+00,    7.0616156679E+01,    7.0616156679E+01,    0.0000000000E+00,    0.0000000000E+00,    0.0000000000E+00,    7.0616156679E+01
     82350,      0.676932,CP3_after_update_bottom,   1,    0.0000000000E+00,    7.0616156679E+01,    7.0616156679E+01,    0.0000000000E+00,    0.0000000000E+00,    0.0000000000E+00,    7.0616156679E+01
     82350,      0.676932,CP4_after_advection,   1,    0.0000000000E+00,    7.0619123200E+01,    7.0619123200E+01,    0.0000000000E+00,    0.0000000000E+00,    0.0000000000E+00,    7.0619123200E+01
     82350,      0.676932,CP5_after_vdif,   1,    0.0000000000E+00,    7.0619123200E+01,    7.0619123200E+01,    0.0000000000E+00,    0.0000000000E+00,    0.0000000000E+00,    7.0619123200E+01
     82350,      0.676932,CP6_after_kinetics,   1,    0.0000000000E+00,    7.0619123200E+01,    7.0619123200E+01,    0.0000000000E+00,    0.0000000000E+00,    0.0000000000E+00,    7.0619123200E+01
     82350,      0.676932,CP7_after_upper_clamp,   1,    0.0000000000E+00,    7.0619123200E+01,    7.0619123200E+01,    0.0000000000E+00,    0.0000000000E+00,    0.0000000000E+00,    7.0619123200E+01
     82350,      0.676932,CP8_after_OBC,   1,    0.0000000000E+00,    7.0619123200E+01,    7.0619123200E+01,    0.0000000000E+00,    0.0000000000E+00,    0.0000000000E+00,    7.0619123200E+01
     82350,      0.676932,CP9_after_PTsource,   1,    0.0000000000E+00,    7.0619123200E+01,    7.0619123200E+01,    0.0000000000E+00,    0.0000000000E+00,    0.0000000000E+00,    7.0619123200E+01
     82350,      0.676932,CP10_after_neg_clamp,   1,    0.0000000000E+00,    7.0619123200E+01,    7.0619123200E+01,    0.0000000000E+00,    0.0000000000E+00,    0.0000000000E+00,    7.0619123200E+01
     82350,      0.676932,CP11_after_MPI,   1,    0.0000000000E+00,    7.0619123200E+01,    7.0619123200E+01,    0.0000000000E+00,    0.0000000000E+00,    0.0000000000E+00,    7.0619123200E+01
     82350,      0.676932,CP12_end,   1,    0.0000000000E+00,    7.0619123200E+01,    7.0619123200E+01,    0.0000000000E+00,    0.0000000000E+00,    0.0000000000E+00,    7.0619123200E+01
     82400,      0.676932,CP0_start,   1,    0.0000000000E+00,    7.0698912032E+01,    7.0698912032E+01,    0.0000000000E+00,    0.0000000000E+00,    0.0000000000E+00,    7.0698912032E+01
     82400,      0.676932,CP1_after_deposition,   1,    0.0000000000E+00,    7.0698912032E+01,    7.0698912032E+01,    0.0000000000E+00,    0.0000000000E+00,    0.0000000000E+00,    7.0698912032E+01
     82400,      0.676932,CP2_after_erosion,   1,    0.0000000000E+00,    7.0698912032E+01,    7.0698912032E+01,    0.0000000000E+00,    0.0000000000E+00,    0.0000000000E+00,    7.0698912032E+01
     82400,      0.676932,CP3_after_update_bottom,   1,    0.0000000000E+00,    7.0698912032E+01,    7.0698912032E+01,    0.0000000000E+00,    0.0000000000E+00,    0.0000000000E+00,    7.0698912032E+01
     82400,      0.676932,CP4_after_advection,   1,    0.0000000000E+00,    7.0701871211E+01,    7.0701871211E+01,    0.0000000000E+00,    0.0000000000E+00,    0.0000000000E+00,    7.0701871211E+01
     82400,      0.676932,CP5_after_vdif,   1,    0.0000000000E+00,    7.0701871211E+01,    7.0701871211E+01,    0.0000000000E+00,    0.0000000000E+00,    0.0000000000E+00,    7.0701871211E+01
     82400,      0.676932,CP6_after_kinetics,   1,    0.0000000000E+00,    7.0701871211E+01,    7.0701871211E+01,    0.0000000000E+00,    0.0000000000E+00,    0.0000000000E+00,    7.0701871211E+01
     82400,      0.676932,CP7_after_upper_clamp,   1,    0.0000000000E+00,    7.0701871211E+01,    7.0701871211E+01,    0.0000000000E+00,    0.0000000000E+00,    0.0000000000E+00,    7.0701871211E+01
     82400,      0.676932,CP8_after_OBC,   1,    0.0000000000E+00,    7.0701871211E+01,    7.0701871211E+01,    0.0000000000E+00,    0.0000000000E+00,    0.0000000000E+00,    7.0701871211E+01
     82400,      0.676932,CP9_after_PTsource,   1,    0.0000000000E+00,    7.0701871211E+01,    7.0701871211E+01,    0.0000000000E+00,    0.0000000000E+00,    0.0000000000E+00,    7.0701871211E+01
     82400,      0.676932,CP10_after_neg_clamp,   1,    0.0000000000E+00,    7.0701871211E+01,    7.0701871211E+01,    0.0000000000E+00,    0.0000000000E+00,    0.0000000000E+00,    7.0701871211E+01
     82400,      0.676932,CP11_after_MPI,   1,    0.0000000000E+00,    7.0701871211E+01,    7.0701871211E+01,    0.0000000000E+00,    0.0000000000E+00,    0.0000000000E+00,    7.0701871211E+01
     82400,      0.676932,CP12_end,   1,    0.0000000000E+00,    7.0701871211E+01,    7.0701871211E+01,    0.0000000000E+00,    0.0000000000E+00,    0.0000000000E+00,    7.0701871211E+01
     82450,      0.676932,CP0_start,   1,    0.0000000000E+00,    7.0781767453E+01,    7.0781767453E+01,    0.0000000000E+00,    0.0000000000E+00,    0.0000000000E+00,    7.0781767453E+01
     82450,      0.676932,CP1_after_deposition,   1,    0.0000000000E+00,    7.0781767453E+01,    7.0781767453E+01,    0.0000000000E+00,    0.0000000000E+00,    0.0000000000E+00,    7.0781767453E+01
     82450,      0.676932,CP2_after_erosion,   1,    0.0000000000E+00,    7.0781767453E+01,    7.0781767453E+01,    0.0000000000E+00,    0.0000000000E+00,    0.0000000000E+00,    7.0781767453E+01
     82450,      0.676932,CP3_after_update_bottom,   1,    0.0000000000E+00,    7.0781767453E+01,    7.0781767453E+01,    0.0000000000E+00,    0.0000000000E+00,    0.0000000000E+00,    7.0781767453E+01
     82450,      0.676932,CP4_after_advection,   1,    0.0000000000E+00,    7.0784719724E+01,    7.0784719724E+01,    0.0000000000E+00,    0.0000000000E+00,    0.0000000000E+00,    7.0784719724E+01
     82450,      0.676932,CP5_after_vdif,   1,    0.0000000000E+00,    7.0784719724E+01,    7.0784719724E+01,    0.0000000000E+00,    0.0000000000E+00,    0.0000000000E+00,    7.0784719724E+01
     82450,      0.676932,CP6_after_kinetics,   1,    0.0000000000E+00,    7.0784719724E+01,    7.0784719724E+01,    0.0000000000E+00,    0.0000000000E+00,    0.0000000000E+00,    7.0784719724E+01
     82450,      0.676932,CP7_after_upper_clamp,   1,    0.0000000000E+00,    7.0784719724E+01,    7.0784719724E+01,    0.0000000000E+00,    0.0000000000E+00,    0.0000000000E+00,    7.0784719724E+01
     82450,      0.676932,CP8_after_OBC,   1,    0.0000000000E+00,    7.0784719724E+01,    7.0784719724E+01,    0.0000000000E+00,    0.0000000000E+00,    0.0000000000E+00,    7.0784719724E+01
     82450,      0.676932,CP9_after_PTsource,   1,    0.0000000000E+00,    7.0784719724E+01,    7.0784719724E+01,    0.0000000000E+00,    0.0000000000E+00,    0.0000000000E+00,    7.0784719724E+01
     82450,      0.676932,CP10_after_neg_clamp,   1,    0.0000000000E+00,    7.0784719724E+01,    7.0784719724E+01,    0.0000000000E+00,    0.0000000000E+00,    0.0000000000E+00,    7.0784719724E+01
     82450,      0.676932,CP11_after_MPI,   1,    0.0000000000E+00,    7.0784719724E+01,    7.0784719724E+01,    0.0000000000E+00,    0.0000000000E+00,    0.0000000000E+00,    7.0784719724E+01
     82450,      0.676932,CP12_end,   1,    0.0000000000E+00,    7.0784719724E+01,    7.0784719724E+01,    0.0000000000E+00,    0.0000000000E+00,    0.0000000000E+00,    7.0784719724E+01
     82500,      0.676932,CP0_start,   1,    0.0000000000E+00,    7.0864732082E+01,    7.0864732082E+01,    0.0000000000E+00,    0.0000000000E+00,    0.0000000000E+00,    7.0864732082E+01
     82500,      0.676932,CP1_after_deposition,   1,    0.0000000000E+00,    7.0864732082E+01,    7.0864732082E+01,    0.0000000000E+00,    0.0000000000E+00,    0.0000000000E+00,    7.0864732082E+01
     82500,      0.676932,CP2_after_erosion,   1,    0.0000000000E+00,    7.0864732082E+01,    7.0864732082E+01,    0.0000000000E+00,    0.0000000000E+00,    0.0000000000E+00,    7.0864732082E+01
     82500,      0.676932,CP3_after_update_bottom,   1,    0.0000000000E+00,    7.0864732082E+01,    7.0864732082E+01,    0.0000000000E+00,    0.0000000000E+00,    0.0000000000E+00,    7.0864732082E+01
     82500,      0.676932,CP4_after_advection,   1,    0.0000000000E+00,    7.0867679786E+01,    7.0867679786E+01,    0.0000000000E+00,    0.0000000000E+00,    0.0000000000E+00,    7.0867679786E+01
     82500,      0.676932,CP5_after_vdif,   1,    0.0000000000E+00,    7.0867679786E+01,    7.0867679786E+01,    0.0000000000E+00,    0.0000000000E+00,    0.0000000000E+00,    7.0867679786E+01
     82500,      0.676932,CP6_after_kinetics,   1,    0.0000000000E+00,    7.0867679786E+01,    7.0867679786E+01,    0.0000000000E+00,    0.0000000000E+00,    0.0000000000E+00,    7.0867679786E+01
     82500,      0.676932,CP7_after_upper_clamp,   1,    0.0000000000E+00,    7.0867679786E+01,    7.0867679786E+01,    0.0000000000E+00,    0.0000000000E+00,    0.0000000000E+00,    7.0867679786E+01
     82500,      0.676932,CP8_after_OBC,   1,    0.0000000000E+00,    7.0867679786E+01,    7.0867679786E+01,    0.0000000000E+00,    0.0000000000E+00,    0.0000000000E+00,    7.0867679786E+01
     82500,      0.676932,CP9_after_PTsource,   1,    0.0000000000E+00,    7.0867679786E+01,    7.0867679786E+01,    0.0000000000E+00,    0.0000000000E+00,    0.0000000000E+00,    7.0867679786E+01
     82500,      0.676932,CP10_after_neg_clamp,   1,    0.0000000000E+00,    7.0867679786E+01,    7.0867679786E+01,    0.0000000000E+00,    0.0000000000E+00,    0.0000000000E+00,    7.0867679786E+01
     82500,      0.676932,CP11_after_MPI,   1,    0.0000000000E+00,    7.0867679786E+01,    7.0867679786E+01,    0.0000000000E+00,    0.0000000000E+00,    0.0000000000E+00,    7.0867679786E+01
     82500,      0.676932,CP12_end,   1,    0.0000000000E+00,    7.0867679786E+01,    7.0867679786E+01,    0.0000000000E+00,    0.0000000000E+00,    0.0000000000E+00,    7.0867679786E+01
     82550,      0.676932,CP0_start,   1,    0.0000000000E+00,    7.0947798592E+01,    7.0947798592E+01,    0.0000000000E+00,    0.0000000000E+00,    0.0000000000E+00,    7.0947798592E+01
     82550,      0.676932,CP1_after_deposition,   1,    0.0000000000E+00,    7.0947798592E+01,    7.0947798592E+01,    0.0000000000E+00,    0.0000000000E+00,    0.0000000000E+00,    7.0947798592E+01
     82550,      0.676932,CP2_after_erosion,   1,    0.0000000000E+00,    7.0947798592E+01,    7.0947798592E+01,    0.0000000000E+00,    0.0000000000E+00,    0.0000000000E+00,    7.0947798592E+01
     82550,      0.676932,CP3_after_update_bottom,   1,    0.0000000000E+00,    7.0947798592E+01,    7.0947798592E+01,    0.0000000000E+00,    0.0000000000E+00,    0.0000000000E+00,    7.0947798592E+01
     82550,      0.676932,CP4_after_advection,   1,    0.0000000000E+00,    7.0950738666E+01,    7.0950738666E+01,    0.0000000000E+00,    0.0000000000E+00,    0.0000000000E+00,    7.0950738666E+01
     82550,      0.676932,CP5_after_vdif,   1,    0.0000000000E+00,    7.0950738666E+01,    7.0950738666E+01,    0.0000000000E+00,    0.0000000000E+00,    0.0000000000E+00,    7.0950738666E+01
     82550,      0.676932,CP6_after_kinetics,   1,    0.0000000000E+00,    7.0950738666E+01,    7.0950738666E+01,    0.0000000000E+00,    0.0000000000E+00,    0.0000000000E+00,    7.0950738666E+01
     82550,      0.676932,CP7_after_upper_clamp,   1,    0.0000000000E+00,    7.0950738666E+01,    7.0950738666E+01,    0.0000000000E+00,    0.0000000000E+00,    0.0000000000E+00,    7.0950738666E+01
     82550,      0.676932,CP8_after_OBC,   1,    0.0000000000E+00,    7.0950738666E+01,    7.0950738666E+01,    0.0000000000E+00,    0.0000000000E+00,    0.0000000000E+00,    7.0950738666E+01
     82550,      0.676932,CP9_after_PTsource,   1,    0.0000000000E+00,    7.0950738666E+01,    7.0950738666E+01,    0.0000000000E+00,    0.0000000000E+00,    0.0000000000E+00,    7.0950738666E+01
     82550,      0.676932,CP10_after_neg_clamp,   1,    0.0000000000E+00,    7.0950738666E+01,    7.0950738666E+01,    0.0000000000E+00,    0.0000000000E+00,    0.0000000000E+00,    7.0950738666E+01
     82550,      0.676932,CP11_after_MPI,   1,    0.0000000000E+00,    7.0950738666E+01,    7.0950738666E+01,    0.0000000000E+00,    0.0000000000E+00,    0.0000000000E+00,    7.0950738666E+01
     82550,      0.676932,CP12_end,   1,    0.0000000000E+00,    7.0950738666E+01,    7.0950738666E+01,    0.0000000000E+00,    0.0000000000E+00,    0.0000000000E+00,    7.0950738666E+01
     82600,      0.676932,CP0_start,   1,    0.0000000000E+00,    7.1030918932E+01,    7.1030918932E+01,    0.0000000000E+00,    0.0000000000E+00,    0.0000000000E+00,    7.1030918932E+01
     82600,      0.676932,CP1_after_deposition,   1,    0.0000000000E+00,    7.1030918932E+01,    7.1030918932E+01,    0.0000000000E+00,    0.0000000000E+00,    0.0000000000E+00,    7.1030918932E+01
     82600,      0.676932,CP2_after_erosion,   1,    0.0000000000E+00,    7.1030918932E+01,    7.1030918932E+01,    0.0000000000E+00,    0.0000000000E+00,    0.0000000000E+00,    7.1030918932E+01
     82600,      0.676932,CP3_after_update_bottom,   1,    0.0000000000E+00,    7.1030918932E+01,    7.1030918932E+01,    0.0000000000E+00,    0.0000000000E+00,    0.0000000000E+00,    7.1030918932E+01
     82600,      0.676932,CP4_after_advection,   1,    0.0000000000E+00,    7.1033851579E+01,    7.1033851579E+01,    0.0000000000E+00,    0.0000000000E+00,    0.0000000000E+00,    7.1033851579E+01
     82600,      0.676932,CP5_after_vdif,   1,    0.0000000000E+00,    7.1033851579E+01,    7.1033851579E+01,    0.0000000000E+00,    0.0000000000E+00,    0.0000000000E+00,    7.1033851579E+01
     82600,      0.676932,CP6_after_kinetics,   1,    0.0000000000E+00,    7.1033851579E+01,    7.1033851579E+01,    0.0000000000E+00,    0.0000000000E+00,    0.0000000000E+00,    7.1033851579E+01
     82600,      0.676932,CP7_after_upper_clamp,   1,    0.0000000000E+00,    7.1033851579E+01,    7.1033851579E+01,    0.0000000000E+00,    0.0000000000E+00,    0.0000000000E+00,    7.1033851579E+01
     82600,      0.676932,CP8_after_OBC,   1,    0.0000000000E+00,    7.1033851579E+01,    7.1033851579E+01,    0.0000000000E+00,    0.0000000000E+00,    0.0000000000E+00,    7.1033851579E+01
     82600,      0.676932,CP9_after_PTsource,   1,    0.0000000000E+00,    7.1033851579E+01,    7.1033851579E+01,    0.0000000000E+00,    0.0000000000E+00,    0.0000000000E+00,    7.1033851579E+01
     82600,      0.676932,CP10_after_neg_clamp,   1,    0.0000000000E+00,    7.1033851579E+01,    7.1033851579E+01,    0.0000000000E+00,    0.0000000000E+00,    0.0000000000E+00,    7.1033851579E+01
     82600,      0.676932,CP11_after_MPI,   1,    0.0000000000E+00,    7.1033851579E+01,    7.1033851579E+01,    0.0000000000E+00,    0.0000000000E+00,    0.0000000000E+00,    7.1033851579E+01
     82600,      0.676932,CP12_end,   1,    0.0000000000E+00,    7.1033851579E+01,    7.1033851579E+01,    0.0000000000E+00,    0.0000000000E+00,    0.0000000000E+00,    7.1033851579E+01
     82650,      0.676932,CP0_start,   1,    0.0000000000E+00,    7.1114103682E+01,    7.1114103682E+01,    0.0000000000E+00,    0.0000000000E+00,    0.0000000000E+00,    7.1114103682E+01
     82650,      0.676932,CP1_after_deposition,   1,    0.0000000000E+00,    7.1114103682E+01,    7.1114103682E+01,    0.0000000000E+00,    0.0000000000E+00,    0.0000000000E+00,    7.1114103682E+01
     82650,      0.676932,CP2_after_erosion,   1,    0.0000000000E+00,    7.1114103682E+01,    7.1114103682E+01,    0.0000000000E+00,    0.0000000000E+00,    0.0000000000E+00,    7.1114103682E+01
     82650,      0.676932,CP3_after_update_bottom,   1,    0.0000000000E+00,    7.1114103682E+01,    7.1114103682E+01,    0.0000000000E+00,    0.0000000000E+00,    0.0000000000E+00,    7.1114103682E+01
     82650,      0.676932,CP4_after_advection,   1,    0.0000000000E+00,    7.1117027283E+01,    7.1117027283E+01,    0.0000000000E+00,    0.0000000000E+00,    0.0000000000E+00,    7.1117027283E+01
     82650,      0.676932,CP5_after_vdif,   1,    0.0000000000E+00,    7.1117027283E+01,    7.1117027283E+01,    0.0000000000E+00,    0.0000000000E+00,    0.0000000000E+00,    7.1117027283E+01
     82650,      0.676932,CP6_after_kinetics,   1,    0.0000000000E+00,    7.1117027283E+01,    7.1117027283E+01,    0.0000000000E+00,    0.0000000000E+00,    0.0000000000E+00,    7.1117027283E+01
     82650,      0.676932,CP7_after_upper_clamp,   1,    0.0000000000E+00,    7.1117027283E+01,    7.1117027283E+01,    0.0000000000E+00,    0.0000000000E+00,    0.0000000000E+00,    7.1117027283E+01
     82650,      0.676932,CP8_after_OBC,   1,    0.0000000000E+00,    7.1117027283E+01,    7.1117027283E+01,    0.0000000000E+00,    0.0000000000E+00,    0.0000000000E+00,    7.1117027283E+01
     82650,      0.676932,CP9_after_PTsource,   1,    0.0000000000E+00,    7.1117027283E+01,    7.1117027283E+01,    0.0000000000E+00,    0.0000000000E+00,    0.0000000000E+00,    7.1117027283E+01
     82650,      0.676932,CP10_after_neg_clamp,   1,    0.0000000000E+00,    7.1117027283E+01,    7.1117027283E+01,    0.0000000000E+00,    0.0000000000E+00,    0.0000000000E+00,    7.1117027283E+01
     82650,      0.676932,CP11_after_MPI,   1,    0.0000000000E+00,    7.1117027283E+01,    7.1117027283E+01,    0.0000000000E+00,    0.0000000000E+00,    0.0000000000E+00,    7.1117027283E+01
     82650,      0.676932,CP12_end,   1,    0.0000000000E+00,    7.1117027283E+01,    7.1117027283E+01,    0.0000000000E+00,    0.0000000000E+00,    0.0000000000E+00,    7.1117027283E+01
     82700,      0.676932,CP0_start,   1,    0.0000000000E+00,    7.1197315793E+01,    7.1197315793E+01,    0.0000000000E+00,    0.0000000000E+00,    0.0000000000E+00,    7.1197315793E+01
     82700,      0.676932,CP1_after_deposition,   1,    0.0000000000E+00,    7.1197315793E+01,    7.1197315793E+01,    0.0000000000E+00,    0.0000000000E+00,    0.0000000000E+00,    7.1197315793E+01
     82700,      0.676932,CP2_after_erosion,   1,    0.0000000000E+00,    7.1197315793E+01,    7.1197315793E+01,    0.0000000000E+00,    0.0000000000E+00,    0.0000000000E+00,    7.1197315793E+01
     82700,      0.676932,CP3_after_update_bottom,   1,    0.0000000000E+00,    7.1197315793E+01,    7.1197315793E+01,    0.0000000000E+00,    0.0000000000E+00,    0.0000000000E+00,    7.1197315793E+01
     82700,      0.676932,CP4_after_advection,   1,    0.0000000000E+00,    7.1200227982E+01,    7.1200227982E+01,    0.0000000000E+00,    0.0000000000E+00,    0.0000000000E+00,    7.1200227982E+01
     82700,      0.676932,CP5_after_vdif,   1,    0.0000000000E+00,    7.1200227982E+01,    7.1200227982E+01,    0.0000000000E+00,    0.0000000000E+00,    0.0000000000E+00,    7.1200227982E+01
     82700,      0.676932,CP6_after_kinetics,   1,    0.0000000000E+00,    7.1200227982E+01,    7.1200227982E+01,    0.0000000000E+00,    0.0000000000E+00,    0.0000000000E+00,    7.1200227982E+01
     82700,      0.676932,CP7_after_upper_clamp,   1,    0.0000000000E+00,    7.1200227982E+01,    7.1200227982E+01,    0.0000000000E+00,    0.0000000000E+00,    0.0000000000E+00,    7.1200227982E+01
     82700,      0.676932,CP8_after_OBC,   1,    0.0000000000E+00,    7.1200227982E+01,    7.1200227982E+01,    0.0000000000E+00,    0.0000000000E+00,    0.0000000000E+00,    7.1200227982E+01
     82700,      0.676932,CP9_after_PTsource,   1,    0.0000000000E+00,    7.1200227982E+01,    7.1200227982E+01,    0.0000000000E+00,    0.0000000000E+00,    0.0000000000E+00,    7.1200227982E+01
     82700,      0.676932,CP10_after_neg_clamp,   1,    0.0000000000E+00,    7.1200227982E+01,    7.1200227982E+01,    0.0000000000E+00,    0.0000000000E+00,    0.0000000000E+00,    7.1200227982E+01
     82700,      0.676932,CP11_after_MPI,   1,    0.0000000000E+00,    7.1200227982E+01,    7.1200227982E+01,    0.0000000000E+00,    0.0000000000E+00,    0.0000000000E+00,    7.1200227982E+01
     82700,      0.676932,CP12_end,   1,    0.0000000000E+00,    7.1200227982E+01,    7.1200227982E+01,    0.0000000000E+00,    0.0000000000E+00,    0.0000000000E+00,    7.1200227982E+01
     82750,      0.676932,CP0_start,   1,    0.0000000000E+00,    7.1280544158E+01,    7.1280544158E+01,    0.0000000000E+00,    0.0000000000E+00,    0.0000000000E+00,    7.1280544158E+01
     82750,      0.676932,CP1_after_deposition,   1,    0.0000000000E+00,    7.1280544158E+01,    7.1280544158E+01,    0.0000000000E+00,    0.0000000000E+00,    0.0000000000E+00,    7.1280544158E+01
     82750,      0.676932,CP2_after_erosion,   1,    0.0000000000E+00,    7.1280544158E+01,    7.1280544158E+01,    0.0000000000E+00,    0.0000000000E+00,    0.0000000000E+00,    7.1280544158E+01
     82750,      0.676932,CP3_after_update_bottom,   1,    0.0000000000E+00,    7.1280544158E+01,    7.1280544158E+01,    0.0000000000E+00,    0.0000000000E+00,    0.0000000000E+00,    7.1280544158E+01
     82750,      0.676932,CP4_after_advection,   1,    0.0000000000E+00,    7.1283445329E+01,    7.1283445329E+01,    0.0000000000E+00,    0.0000000000E+00,    0.0000000000E+00,    7.1283445329E+01
     82750,      0.676932,CP5_after_vdif,   1,    0.0000000000E+00,    7.1283445329E+01,    7.1283445329E+01,    0.0000000000E+00,    0.0000000000E+00,    0.0000000000E+00,    7.1283445329E+01
     82750,      0.676932,CP6_after_kinetics,   1,    0.0000000000E+00,    7.1283445329E+01,    7.1283445329E+01,    0.0000000000E+00,    0.0000000000E+00,    0.0000000000E+00,    7.1283445329E+01
     82750,      0.676932,CP7_after_upper_clamp,   1,    0.0000000000E+00,    7.1283445329E+01,    7.1283445329E+01,    0.0000000000E+00,    0.0000000000E+00,    0.0000000000E+00,    7.1283445329E+01
     82750,      0.676932,CP8_after_OBC,   1,    0.0000000000E+00,    7.1283445329E+01,    7.1283445329E+01,    0.0000000000E+00,    0.0000000000E+00,    0.0000000000E+00,    7.1283445329E+01
     82750,      0.676932,CP9_after_PTsource,   1,    0.0000000000E+00,    7.1283445329E+01,    7.1283445329E+01,    0.0000000000E+00,    0.0000000000E+00,    0.0000000000E+00,    7.1283445329E+01
     82750,      0.676932,CP10_after_neg_clamp,   1,    0.0000000000E+00,    7.1283445329E+01,    7.1283445329E+01,    0.0000000000E+00,    0.0000000000E+00,    0.0000000000E+00,    7.1283445329E+01
     82750,      0.676932,CP11_after_MPI,   1,    0.0000000000E+00,    7.1283445329E+01,    7.1283445329E+01,    0.0000000000E+00,    0.0000000000E+00,    0.0000000000E+00,    7.1283445329E+01
     82750,      0.676932,CP12_end,   1,    0.0000000000E+00,    7.1283445329E+01,    7.1283445329E+01,    0.0000000000E+00,    0.0000000000E+00,    0.0000000000E+00,    7.1283445329E+01
     82800,      0.676932,CP0_start,   1,    0.0000000000E+00,    7.1363753263E+01,    7.1363753263E+01,    0.0000000000E+00,    0.0000000000E+00,    0.0000000000E+00,    7.1363753263E+01
     82800,      0.676932,CP1_after_deposition,   1,    0.0000000000E+00,    7.1363753263E+01,    7.1363753263E+01,    0.0000000000E+00,    0.0000000000E+00,    0.0000000000E+00,    7.1363753263E+01
     82800,      0.676932,CP2_after_erosion,   1,    0.0000000000E+00,    7.1363753263E+01,    7.1363753263E+01,    0.0000000000E+00,    0.0000000000E+00,    0.0000000000E+00,    7.1363753263E+01
     82800,      0.676932,CP3_after_update_bottom,   1,    0.0000000000E+00,    7.1363753263E+01,    7.1363753263E+01,    0.0000000000E+00,    0.0000000000E+00,    0.0000000000E+00,    7.1363753263E+01
     82800,      0.676932,CP4_after_advection,   1,    0.0000000000E+00,    7.1366641754E+01,    7.1366641754E+01,    0.0000000000E+00,    0.0000000000E+00,    0.0000000000E+00,    7.1366641754E+01
     82800,      0.676932,CP5_after_vdif,   1,    0.0000000000E+00,    7.1366641754E+01,    7.1366641754E+01,    0.0000000000E+00,    0.0000000000E+00,    0.0000000000E+00,    7.1366641754E+01
     82800,      0.676932,CP6_after_kinetics,   1,    0.0000000000E+00,    7.1366641754E+01,    7.1366641754E+01,    0.0000000000E+00,    0.0000000000E+00,    0.0000000000E+00,    7.1366641754E+01
     82800,      0.676932,CP7_after_upper_clamp,   1,    0.0000000000E+00,    7.1366641754E+01,    7.1366641754E+01,    0.0000000000E+00,    0.0000000000E+00,    0.0000000000E+00,    7.1366641754E+01
     82800,      0.676932,CP8_after_OBC,   1,    0.0000000000E+00,    7.1366641754E+01,    7.1366641754E+01,    0.0000000000E+00,    0.0000000000E+00,    0.0000000000E+00,    7.1366641754E+01
     82800,      0.676932,CP9_after_PTsource,   1,    0.0000000000E+00,    7.1366641754E+01,    7.1366641754E+01,    0.0000000000E+00,    0.0000000000E+00,    0.0000000000E+00,    7.1366641754E+01
     82800,      0.676932,CP10_after_neg_clamp,   1,    0.0000000000E+00,    7.1366641754E+01,    7.1366641754E+01,    0.0000000000E+00,    0.0000000000E+00,    0.0000000000E+00,    7.1366641754E+01
     82800,      0.676932,CP11_after_MPI,   1,    0.0000000000E+00,    7.1366641754E+01,    7.1366641754E+01,    0.0000000000E+00,    0.0000000000E+00,    0.0000000000E+00,    7.1366641754E+01
     82800,      0.676932,CP12_end,   1,    0.0000000000E+00,    7.1366641754E+01,    7.1366641754E+01,    0.0000000000E+00,    0.0000000000E+00,    0.0000000000E+00,    7.1366641754E+01
     82850,      0.676932,CP0_start,   1,    0.0000000000E+00,    7.1446931615E+01,    7.1446931615E+01,    0.0000000000E+00,    0.0000000000E+00,    0.0000000000E+00,    7.1446931615E+01
     82850,      0.676932,CP1_after_deposition,   1,    0.0000000000E+00,    7.1446931615E+01,    7.1446931615E+01,    0.0000000000E+00,    0.0000000000E+00,    0.0000000000E+00,    7.1446931615E+01
     82850,      0.676932,CP2_after_erosion,   1,    0.0000000000E+00,    7.1446931615E+01,    7.1446931615E+01,    0.0000000000E+00,    0.0000000000E+00,    0.0000000000E+00,    7.1446931615E+01
     82850,      0.676932,CP3_after_update_bottom,   1,    0.0000000000E+00,    7.1446931615E+01,    7.1446931615E+01,    0.0000000000E+00,    0.0000000000E+00,    0.0000000000E+00,    7.1446931615E+01
     82850,      0.676932,CP4_after_advection,   1,    0.0000000000E+00,    7.1449808149E+01,    7.1449808149E+01,    0.0000000000E+00,    0.0000000000E+00,    0.0000000000E+00,    7.1449808149E+01
     82850,      0.676932,CP5_after_vdif,   1,    0.0000000000E+00,    7.1449808149E+01,    7.1449808149E+01,    0.0000000000E+00,    0.0000000000E+00,    0.0000000000E+00,    7.1449808149E+01
     82850,      0.676932,CP6_after_kinetics,   1,    0.0000000000E+00,    7.1449808149E+01,    7.1449808149E+01,    0.0000000000E+00,    0.0000000000E+00,    0.0000000000E+00,    7.1449808149E+01
     82850,      0.676932,CP7_after_upper_clamp,   1,    0.0000000000E+00,    7.1449808149E+01,    7.1449808149E+01,    0.0000000000E+00,    0.0000000000E+00,    0.0000000000E+00,    7.1449808149E+01
     82850,      0.676932,CP8_after_OBC,   1,    0.0000000000E+00,    7.1449808149E+01,    7.1449808149E+01,    0.0000000000E+00,    0.0000000000E+00,    0.0000000000E+00,    7.1449808149E+01
     82850,      0.676932,CP9_after_PTsource,   1,    0.0000000000E+00,    7.1449808149E+01,    7.1449808149E+01,    0.0000000000E+00,    0.0000000000E+00,    0.0000000000E+00,    7.1449808149E+01
     82850,      0.676932,CP10_after_neg_clamp,   1,    0.0000000000E+00,    7.1449808149E+01,    7.1449808149E+01,    0.0000000000E+00,    0.0000000000E+00,    0.0000000000E+00,    7.1449808149E+01
     82850,      0.676932,CP11_after_MPI,   1,    0.0000000000E+00,    7.1449808149E+01,    7.1449808149E+01,    0.0000000000E+00,    0.0000000000E+00,    0.0000000000E+00,    7.1449808149E+01
     82850,      0.676932,CP12_end,   1,    0.0000000000E+00,    7.1449808149E+01,    7.1449808149E+01,    0.0000000000E+00,    0.0000000000E+00,    0.0000000000E+00,    7.1449808149E+01
     82900,      0.676932,CP0_start,   1,    0.0000000000E+00,    7.1530053459E+01,    7.1530053459E+01,    0.0000000000E+00,    0.0000000000E+00,    0.0000000000E+00,    7.1530053459E+01
     82900,      0.676932,CP1_after_deposition,   1,    0.0000000000E+00,    7.1530053459E+01,    7.1530053459E+01,    0.0000000000E+00,    0.0000000000E+00,    0.0000000000E+00,    7.1530053459E+01
     82900,      0.676932,CP2_after_erosion,   1,    0.0000000000E+00,    7.1530053459E+01,    7.1530053459E+01,    0.0000000000E+00,    0.0000000000E+00,    0.0000000000E+00,    7.1530053459E+01
     82900,      0.676932,CP3_after_update_bottom,   1,    0.0000000000E+00,    7.1530053459E+01,    7.1530053459E+01,    0.0000000000E+00,    0.0000000000E+00,    0.0000000000E+00,    7.1530053459E+01
     82900,      0.676932,CP4_after_advection,   1,    0.0000000000E+00,    7.1532918635E+01,    7.1532918635E+01,    0.0000000000E+00,    0.0000000000E+00,    0.0000000000E+00,    7.1532918635E+01
     82900,      0.676932,CP5_after_vdif,   1,    0.0000000000E+00,    7.1532918635E+01,    7.1532918635E+01,    0.0000000000E+00,    0.0000000000E+00,    0.0000000000E+00,    7.1532918635E+01
     82900,      0.676932,CP6_after_kinetics,   1,    0.0000000000E+00,    7.1532918635E+01,    7.1532918635E+01,    0.0000000000E+00,    0.0000000000E+00,    0.0000000000E+00,    7.1532918635E+01
     82900,      0.676932,CP7_after_upper_clamp,   1,    0.0000000000E+00,    7.1532918635E+01,    7.1532918635E+01,    0.0000000000E+00,    0.0000000000E+00,    0.0000000000E+00,    7.1532918635E+01
     82900,      0.676932,CP8_after_OBC,   1,    0.0000000000E+00,    7.1532918635E+01,    7.1532918635E+01,    0.0000000000E+00,    0.0000000000E+00,    0.0000000000E+00,    7.1532918635E+01
     82900,      0.676932,CP9_after_PTsource,   1,    0.0000000000E+00,    7.1532918635E+01,    7.1532918635E+01,    0.0000000000E+00,    0.0000000000E+00,    0.0000000000E+00,    7.1532918635E+01
     82900,      0.676932,CP10_after_neg_clamp,   1,    0.0000000000E+00,    7.1532918635E+01,    7.1532918635E+01,    0.0000000000E+00,    0.0000000000E+00,    0.0000000000E+00,    7.1532918635E+01
     82900,      0.676932,CP11_after_MPI,   1,    0.0000000000E+00,    7.1532918635E+01,    7.1532918635E+01,    0.0000000000E+00,    0.0000000000E+00,    0.0000000000E+00,    7.1532918635E+01
     82900,      0.676932,CP12_end,   1,    0.0000000000E+00,    7.1532918635E+01,    7.1532918635E+01,    0.0000000000E+00,    0.0000000000E+00,    0.0000000000E+00,    7.1532918635E+01
     82950,      0.676932,CP0_start,   1,    0.0000000000E+00,    7.1613122663E+01,    7.1613122663E+01,    0.0000000000E+00,    0.0000000000E+00,    0.0000000000E+00,    7.1613122663E+01
     82950,      0.676932,CP1_after_deposition,   1,    0.0000000000E+00,    7.1613122663E+01,    7.1613122663E+01,    0.0000000000E+00,    0.0000000000E+00,    0.0000000000E+00,    7.1613122663E+01
     82950,      0.676932,CP2_after_erosion,   1,    0.0000000000E+00,    7.1613122663E+01,    7.1613122663E+01,    0.0000000000E+00,    0.0000000000E+00,    0.0000000000E+00,    7.1613122663E+01
     82950,      0.676932,CP3_after_update_bottom,   1,    0.0000000000E+00,    7.1613122663E+01,    7.1613122663E+01,    0.0000000000E+00,    0.0000000000E+00,    0.0000000000E+00,    7.1613122663E+01
     82950,      0.676932,CP4_after_advection,   1,    0.0000000000E+00,    7.1615974698E+01,    7.1615974698E+01,    0.0000000000E+00,    0.0000000000E+00,    0.0000000000E+00,    7.1615974698E+01
     82950,      0.676932,CP5_after_vdif,   1,    0.0000000000E+00,    7.1615974698E+01,    7.1615974698E+01,    0.0000000000E+00,    0.0000000000E+00,    0.0000000000E+00,    7.1615974698E+01
     82950,      0.676932,CP6_after_kinetics,   1,    0.0000000000E+00,    7.1615974698E+01,    7.1615974698E+01,    0.0000000000E+00,    0.0000000000E+00,    0.0000000000E+00,    7.1615974698E+01
     82950,      0.676932,CP7_after_upper_clamp,   1,    0.0000000000E+00,    7.1615974698E+01,    7.1615974698E+01,    0.0000000000E+00,    0.0000000000E+00,    0.0000000000E+00,    7.1615974698E+01
     82950,      0.676932,CP8_after_OBC,   1,    0.0000000000E+00,    7.1615974698E+01,    7.1615974698E+01,    0.0000000000E+00,    0.0000000000E+00,    0.0000000000E+00,    7.1615974698E+01
     82950,      0.676932,CP9_after_PTsource,   1,    0.0000000000E+00,    7.1615974698E+01,    7.1615974698E+01,    0.0000000000E+00,    0.0000000000E+00,    0.0000000000E+00,    7.1615974698E+01
     82950,      0.676932,CP10_after_neg_clamp,   1,    0.0000000000E+00,    7.1615974698E+01,    7.1615974698E+01,    0.0000000000E+00,    0.0000000000E+00,    0.0000000000E+00,    7.1615974698E+01
     82950,      0.676932,CP11_after_MPI,   1,    0.0000000000E+00,    7.1615974698E+01,    7.1615974698E+01,    0.0000000000E+00,    0.0000000000E+00,    0.0000000000E+00,    7.1615974698E+01
     82950,      0.676932,CP12_end,   1,    0.0000000000E+00,    7.1615974698E+01,    7.1615974698E+01,    0.0000000000E+00,    0.0000000000E+00,    0.0000000000E+00,    7.1615974698E+01
     83000,      0.676932,CP0_start,   1,    0.0000000000E+00,    7.1696098507E+01,    7.1696098507E+01,    0.0000000000E+00,    0.0000000000E+00,    0.0000000000E+00,    7.1696098507E+01
     83000,      0.676932,CP1_after_deposition,   1,    0.0000000000E+00,    7.1696098507E+01,    7.1696098507E+01,    0.0000000000E+00,    0.0000000000E+00,    0.0000000000E+00,    7.1696098507E+01
     83000,      0.676932,CP2_after_erosion,   1,    0.0000000000E+00,    7.1696098507E+01,    7.1696098507E+01,    0.0000000000E+00,    0.0000000000E+00,    0.0000000000E+00,    7.1696098507E+01
     83000,      0.676932,CP3_after_update_bottom,   1,    0.0000000000E+00,    7.1696098507E+01,    7.1696098507E+01,    0.0000000000E+00,    0.0000000000E+00,    0.0000000000E+00,    7.1696098507E+01
     83000,      0.676932,CP4_after_advection,   1,    0.0000000000E+00,    7.1698938619E+01,    7.1698938619E+01,    0.0000000000E+00,    0.0000000000E+00,    0.0000000000E+00,    7.1698938619E+01
     83000,      0.676932,CP5_after_vdif,   1,    0.0000000000E+00,    7.1698938619E+01,    7.1698938619E+01,    0.0000000000E+00,    0.0000000000E+00,    0.0000000000E+00,    7.1698938619E+01
     83000,      0.676932,CP6_after_kinetics,   1,    0.0000000000E+00,    7.1698938619E+01,    7.1698938619E+01,    0.0000000000E+00,    0.0000000000E+00,    0.0000000000E+00,    7.1698938619E+01
     83000,      0.676932,CP7_after_upper_clamp,   1,    0.0000000000E+00,    7.1698938619E+01,    7.1698938619E+01,    0.0000000000E+00,    0.0000000000E+00,    0.0000000000E+00,    7.1698938619E+01
     83000,      0.676932,CP8_after_OBC,   1,    0.0000000000E+00,    7.1698938619E+01,    7.1698938619E+01,    0.0000000000E+00,    0.0000000000E+00,    0.0000000000E+00,    7.1698938619E+01
     83000,      0.676932,CP9_after_PTsource,   1,    0.0000000000E+00,    7.1698938619E+01,    7.1698938619E+01,    0.0000000000E+00,    0.0000000000E+00,    0.0000000000E+00,    7.1698938619E+01
     83000,      0.676932,CP10_after_neg_clamp,   1,    0.0000000000E+00,    7.1698938619E+01,    7.1698938619E+01,    0.0000000000E+00,    0.0000000000E+00,    0.0000000000E+00,    7.1698938619E+01
     83000,      0.676932,CP11_after_MPI,   1,    0.0000000000E+00,    7.1698938619E+01,    7.1698938619E+01,    0.0000000000E+00,    0.0000000000E+00,    0.0000000000E+00,    7.1698938619E+01
     83000,      0.676932,CP12_end,   1,    0.0000000000E+00,    7.1698938619E+01,    7.1698938619E+01,    0.0000000000E+00,    0.0000000000E+00,    0.0000000000E+00,    7.1698938619E+01
     83050,      0.676932,CP0_start,   1,    0.0000000000E+00,    7.1778992748E+01,    7.1778992748E+01,    0.0000000000E+00,    0.0000000000E+00,    0.0000000000E+00,    7.1778992748E+01
     83050,      0.676932,CP1_after_deposition,   1,    0.0000000000E+00,    7.1778992748E+01,    7.1778992748E+01,    0.0000000000E+00,    0.0000000000E+00,    0.0000000000E+00,    7.1778992748E+01
     83050,      0.676932,CP2_after_erosion,   1,                 NaN,                 NaN,                 NaN,    0.0000000000E+00,    0.0000000000E+00,    0.0000000000E+00,                 NaN
     83050,      0.676932,CP3_after_update_bottom,   1,                 NaN,                 NaN,                 NaN,    0.0000000000E+00,    0.0000000000E+00,    0.0000000000E+00,                 NaN
     83050,      0.676932,CP4_after_advection,   1,                 NaN,                 NaN,                 NaN,    0.0000000000E+00,    0.0000000000E+00,    0.0000000000E+00,                 NaN
     83050,      0.676932,CP5_after_vdif,   1,                 NaN,                 NaN,                 NaN,    0.0000000000E+00,    0.0000000000E+00,    0.0000000000E+00,                 NaN
     83050,      0.676932,CP6_after_kinetics,   1,                 NaN,                 NaN,                 NaN,    0.0000000000E+00,    0.0000000000E+00,    0.0000000000E+00,                 NaN
     83050,      0.676932,CP7_after_upper_clamp,   1,                 NaN,                 NaN,                 NaN,    0.0000000000E+00,    0.0000000000E+00,    0.0000000000E+00,                 NaN
     83050,      0.676932,CP8_after_OBC,   1,                 NaN,                 NaN,                 NaN,    0.0000000000E+00,    0.0000000000E+00,    0.0000000000E+00,                 NaN
     83050,      0.676932,CP9_after_PTsource,   1,                 NaN,                 NaN,                 NaN,    0.0000000000E+00,    0.0000000000E+00,    0.0000000000E+00,                 NaN
     83050,      0.676932,CP10_after_neg_clamp,   1,    0.0000000000E+00,    7.1781818937E+01,    7.1781818937E+01,    0.0000000000E+00,    0.0000000000E+00,    0.0000000000E+00,    7.1781818937E+01
     83050,      0.676932,CP11_after_MPI,   1,    0.0000000000E+00,    7.1781818937E+01,    7.1781818937E+01,    0.0000000000E+00,    0.0000000000E+00,    0.0000000000E+00,    7.1781818937E+01
     83050,      0.676932,CP12_end,   1,    0.0000000000E+00,    7.1781818937E+01,    7.1781818937E+01,    0.0000000000E+00,    0.0000000000E+00,    0.0000000000E+00,    7.1781818937E+01
     83100,      0.676932,CP0_start,   1,    0.0000000000E+00,    7.1861804010E+01,    7.1861804010E+01,    0.0000000000E+00,    0.0000000000E+00,    0.0000000000E+00,    7.1861804010E+01
     83100,      0.676932,CP1_after_deposition,   1,    0.0000000000E+00,    7.1861804010E+01,    7.1861804010E+01,    0.0000000000E+00,    0.0000000000E+00,    0.0000000000E+00,    7.1861804010E+01
     83100,      0.676932,CP2_after_erosion,   1,    0.0000000000E+00,    7.1861804010E+01,    7.1861804010E+01,    0.0000000000E+00,    0.0000000000E+00,    0.0000000000E+00,    7.1861804010E+01
     83100,      0.676932,CP3_after_update_bottom,   1,    0.0000000000E+00,    7.1861804010E+01,    7.1861804010E+01,    0.0000000000E+00,    0.0000000000E+00,    0.0000000000E+00,    7.1861804010E+01
     83100,      0.676932,CP4_after_advection,   1,    0.0000000000E+00,    7.1864617612E+01,    7.1864617612E+01,    0.0000000000E+00,    0.0000000000E+00,    0.0000000000E+00,    7.1864617612E+01
     83100,      0.676932,CP5_after_vdif,   1,    0.0000000000E+00,    7.1864617612E+01,    7.1864617612E+01,    0.0000000000E+00,    0.0000000000E+00,    0.0000000000E+00,    7.1864617612E+01
     83100,      0.676932,CP6_after_kinetics,   1,    0.0000000000E+00,    7.1864617612E+01,    7.1864617612E+01,    0.0000000000E+00,    0.0000000000E+00,    0.0000000000E+00,    7.1864617612E+01
     83100,      0.676932,CP7_after_upper_clamp,   1,    0.0000000000E+00,    7.1864617612E+01,    7.1864617612E+01,    0.0000000000E+00,    0.0000000000E+00,    0.0000000000E+00,    7.1864617612E+01
     83100,      0.676932,CP8_after_OBC,   1,    0.0000000000E+00,    7.1864617612E+01,    7.1864617612E+01,    0.0000000000E+00,    0.0000000000E+00,    0.0000000000E+00,    7.1864617612E+01
     83100,      0.676932,CP9_after_PTsource,   1,    0.0000000000E+00,    7.1864617612E+01,    7.1864617612E+01,    0.0000000000E+00,    0.0000000000E+00,    0.0000000000E+00,    7.1864617612E+01
     83100,      0.676932,CP10_after_neg_clamp,   1,    0.0000000000E+00,    7.1864617612E+01,    7.1864617612E+01,    0.0000000000E+00,    0.0000000000E+00,    0.0000000000E+00,    7.1864617612E+01
     83100,      0.676932,CP11_after_MPI,   1,    0.0000000000E+00,    7.1864617612E+01,    7.1864617612E+01,    0.0000000000E+00,    0.0000000000E+00,    0.0000000000E+00,    7.1864617612E+01
     83100,      0.676932,CP12_end,   1,    0.0000000000E+00,    7.1864617612E+01,    7.1864617612E+01,    0.0000000000E+00,    0.0000000000E+00,    0.0000000000E+00,    7.1864617612E+01
     83150,      0.676932,CP0_start,   1,    0.0000000000E+00,    7.1944517409E+01,    7.1944517409E+01,    0.0000000000E+00,    0.0000000000E+00,    0.0000000000E+00,    7.1944517409E+01
     83150,      0.676932,CP1_after_deposition,   1,    0.0000000000E+00,    7.1944517409E+01,    7.1944517409E+01,    0.0000000000E+00,    0.0000000000E+00,    0.0000000000E+00,    7.1944517409E+01
     83150,      0.676932,CP2_after_erosion,   1,    0.0000000000E+00,    7.1944517409E+01,    7.1944517409E+01,    0.0000000000E+00,    0.0000000000E+00,    0.0000000000E+00,    7.1944517409E+01
     83150,      0.676932,CP3_after_update_bottom,   1,    0.0000000000E+00,    7.1944517409E+01,    7.1944517409E+01,    0.0000000000E+00,    0.0000000000E+00,    0.0000000000E+00,    7.1944517409E+01
     83150,      0.676932,CP4_after_advection,   1,    0.0000000000E+00,    7.1947317865E+01,    7.1947317865E+01,    0.0000000000E+00,    0.0000000000E+00,    0.0000000000E+00,    7.1947317865E+01
     83150,      0.676932,CP5_after_vdif,   1,    0.0000000000E+00,    7.1947317865E+01,    7.1947317865E+01,    0.0000000000E+00,    0.0000000000E+00,    0.0000000000E+00,    7.1947317865E+01
     83150,      0.676932,CP6_after_kinetics,   1,    0.0000000000E+00,    7.1947317865E+01,    7.1947317865E+01,    0.0000000000E+00,    0.0000000000E+00,    0.0000000000E+00,    7.1947317865E+01
     83150,      0.676932,CP7_after_upper_clamp,   1,    0.0000000000E+00,    7.1947317865E+01,    7.1947317865E+01,    0.0000000000E+00,    0.0000000000E+00,    0.0000000000E+00,    7.1947317865E+01
     83150,      0.676932,CP8_after_OBC,   1,    0.0000000000E+00,    7.1947317865E+01,    7.1947317865E+01,    0.0000000000E+00,    0.0000000000E+00,    0.0000000000E+00,    7.1947317865E+01
     83150,      0.676932,CP9_after_PTsource,   1,    0.0000000000E+00,    7.1947317865E+01,    7.1947317865E+01,    0.0000000000E+00,    0.0000000000E+00,    0.0000000000E+00,    7.1947317865E+01
     83150,      0.676932,CP10_after_neg_clamp,   1,    0.0000000000E+00,    7.1947317865E+01,    7.1947317865E+01,    0.0000000000E+00,    0.0000000000E+00,    0.0000000000E+00,    7.1947317865E+01
     83150,      0.676932,CP11_after_MPI,   1,    0.0000000000E+00,    7.1947317865E+01,    7.1947317865E+01,    0.0000000000E+00,    0.0000000000E+00,    0.0000000000E+00,    7.1947317865E+01
     83150,      0.676932,CP12_end,   1,    0.0000000000E+00,    7.1947317865E+01,    7.1947317865E+01,    0.0000000000E+00,    0.0000000000E+00,    0.0000000000E+00,    7.1947317865E+01
     83200,      0.676932,CP0_start,   1,    0.0000000000E+00,    7.2027130996E+01,    7.2027130996E+01,    0.0000000000E+00,    0.0000000000E+00,    0.0000000000E+00,    7.2027130996E+01
     83200,      0.676932,CP1_after_deposition,   1,    0.0000000000E+00,    7.2027130996E+01,    7.2027130996E+01,    0.0000000000E+00,    0.0000000000E+00,    0.0000000000E+00,    7.2027130996E+01
     83200,      0.676932,CP2_after_erosion,   1,    0.0000000000E+00,    7.2027130996E+01,    7.2027130996E+01,    0.0000000000E+00,    0.0000000000E+00,    0.0000000000E+00,    7.2027130996E+01
     83200,      0.676932,CP3_after_update_bottom,   1,    0.0000000000E+00,    7.2027130996E+01,    7.2027130996E+01,    0.0000000000E+00,    0.0000000000E+00,    0.0000000000E+00,    7.2027130996E+01
     83200,      0.676932,CP4_after_advection,   1,    0.0000000000E+00,    7.2029917853E+01,    7.2029917853E+01,    0.0000000000E+00,    0.0000000000E+00,    0.0000000000E+00,    7.2029917853E+01
     83200,      0.676932,CP5_after_vdif,   1,    0.0000000000E+00,    7.2029917853E+01,    7.2029917853E+01,    0.0000000000E+00,    0.0000000000E+00,    0.0000000000E+00,    7.2029917853E+01
     83200,      0.676932,CP6_after_kinetics,   1,    0.0000000000E+00,    7.2029917853E+01,    7.2029917853E+01,    0.0000000000E+00,    0.0000000000E+00,    0.0000000000E+00,    7.2029917853E+01
     83200,      0.676932,CP7_after_upper_clamp,   1,    0.0000000000E+00,    7.2029917853E+01,    7.2029917853E+01,    0.0000000000E+00,    0.0000000000E+00,    0.0000000000E+00,    7.2029917853E+01
     83200,      0.676932,CP8_after_OBC,   1,    0.0000000000E+00,    7.2029917853E+01,    7.2029917853E+01,    0.0000000000E+00,    0.0000000000E+00,    0.0000000000E+00,    7.2029917853E+01
     83200,      0.676932,CP9_after_PTsource,   1,    0.0000000000E+00,    7.2029917853E+01,    7.2029917853E+01,    0.0000000000E+00,    0.0000000000E+00,    0.0000000000E+00,    7.2029917853E+01
     83200,      0.676932,CP10_after_neg_clamp,   1,    0.0000000000E+00,    7.2029917853E+01,    7.2029917853E+01,    0.0000000000E+00,    0.0000000000E+00,    0.0000000000E+00,    7.2029917853E+01
     83200,      0.676932,CP11_after_MPI,   1,    0.0000000000E+00,    7.2029917853E+01,    7.2029917853E+01,    0.0000000000E+00,    0.0000000000E+00,    0.0000000000E+00,    7.2029917853E+01
     83200,      0.676932,CP12_end,   1,    0.0000000000E+00,    7.2029917853E+01,    7.2029917853E+01,    0.0000000000E+00,    0.0000000000E+00,    0.0000000000E+00,    7.2029917853E+01
     83250,      0.676932,CP0_start,   1,    0.0000000000E+00,    7.2109644424E+01,    7.2109644424E+01,    0.0000000000E+00,    0.0000000000E+00,    0.0000000000E+00,    7.2109644424E+01
     83250,      0.676932,CP1_after_deposition,   1,    0.0000000000E+00,    7.2109644424E+01,    7.2109644424E+01,    0.0000000000E+00,    0.0000000000E+00,    0.0000000000E+00,    7.2109644424E+01
     83250,      0.676932,CP2_after_erosion,   1,    0.0000000000E+00,    7.2109644424E+01,    7.2109644424E+01,    0.0000000000E+00,    0.0000000000E+00,    0.0000000000E+00,    7.2109644424E+01
     83250,      0.676932,CP3_after_update_bottom,   1,    0.0000000000E+00,    7.2109644424E+01,    7.2109644424E+01,    0.0000000000E+00,    0.0000000000E+00,    0.0000000000E+00,    7.2109644424E+01
     83250,      0.676932,CP4_after_advection,   1,    0.0000000000E+00,    7.2112418231E+01,    7.2112418231E+01,    0.0000000000E+00,    0.0000000000E+00,    0.0000000000E+00,    7.2112418231E+01
     83250,      0.676932,CP5_after_vdif,   1,    0.0000000000E+00,    7.2112418231E+01,    7.2112418231E+01,    0.0000000000E+00,    0.0000000000E+00,    0.0000000000E+00,    7.2112418231E+01
     83250,      0.676932,CP6_after_kinetics,   1,    0.0000000000E+00,    7.2112418231E+01,    7.2112418231E+01,    0.0000000000E+00,    0.0000000000E+00,    0.0000000000E+00,    7.2112418231E+01
     83250,      0.676932,CP7_after_upper_clamp,   1,    0.0000000000E+00,    7.2112418231E+01,    7.2112418231E+01,    0.0000000000E+00,    0.0000000000E+00,    0.0000000000E+00,    7.2112418231E+01
     83250,      0.676932,CP8_after_OBC,   1,    0.0000000000E+00,    7.2112418231E+01,    7.2112418231E+01,    0.0000000000E+00,    0.0000000000E+00,    0.0000000000E+00,    7.2112418231E+01
     83250,      0.676932,CP9_after_PTsource,   1,    0.0000000000E+00,    7.2112418231E+01,    7.2112418231E+01,    0.0000000000E+00,    0.0000000000E+00,    0.0000000000E+00,    7.2112418231E+01
     83250,      0.676932,CP10_after_neg_clamp,   1,    0.0000000000E+00,    7.2112418231E+01,    7.2112418231E+01,    0.0000000000E+00,    0.0000000000E+00,    0.0000000000E+00,    7.2112418231E+01
     83250,      0.676932,CP11_after_MPI,   1,    0.0000000000E+00,    7.2112418231E+01,    7.2112418231E+01,    0.0000000000E+00,    0.0000000000E+00,    0.0000000000E+00,    7.2112418231E+01
     83250,      0.676932,CP12_end,   1,    0.0000000000E+00,    7.2112418231E+01,    7.2112418231E+01,    0.0000000000E+00,    0.0000000000E+00,    0.0000000000E+00,    7.2112418231E+01
     83300,      0.676932,CP0_start,   1,    0.0000000000E+00,    7.2192034772E+01,    7.2192034772E+01,    0.0000000000E+00,    0.0000000000E+00,    0.0000000000E+00,    7.2192034772E+01
     83300,      0.676932,CP1_after_deposition,   1,    0.0000000000E+00,    7.2192034772E+01,    7.2192034772E+01,    0.0000000000E+00,    0.0000000000E+00,    0.0000000000E+00,    7.2192034772E+01
     83300,      0.676932,CP2_after_erosion,   1,    0.0000000000E+00,    7.2192034772E+01,    7.2192034772E+01,    0.0000000000E+00,    0.0000000000E+00,    0.0000000000E+00,    7.2192034772E+01
     83300,      0.676932,CP3_after_update_bottom,   1,    0.0000000000E+00,    7.2192034772E+01,    7.2192034772E+01,    0.0000000000E+00,    0.0000000000E+00,    0.0000000000E+00,    7.2192034772E+01
     83300,      0.676932,CP4_after_advection,   1,    0.0000000000E+00,    7.2194796035E+01,    7.2194796035E+01,    0.0000000000E+00,    0.0000000000E+00,    0.0000000000E+00,    7.2194796035E+01
     83300,      0.676932,CP5_after_vdif,   1,    0.0000000000E+00,    7.2194796035E+01,    7.2194796035E+01,    0.0000000000E+00,    0.0000000000E+00,    0.0000000000E+00,    7.2194796035E+01
     83300,      0.676932,CP6_after_kinetics,   1,    0.0000000000E+00,    7.2194796035E+01,    7.2194796035E+01,    0.0000000000E+00,    0.0000000000E+00,    0.0000000000E+00,    7.2194796035E+01
     83300,      0.676932,CP7_after_upper_clamp,   1,    0.0000000000E+00,    7.2194796035E+01,    7.2194796035E+01,    0.0000000000E+00,    0.0000000000E+00,    0.0000000000E+00,    7.2194796035E+01
     83300,      0.676932,CP8_after_OBC,   1,    0.0000000000E+00,    7.2194796035E+01,    7.2194796035E+01,    0.0000000000E+00,    0.0000000000E+00,    0.0000000000E+00,    7.2194796035E+01
     83300,      0.676932,CP9_after_PTsource,   1,    0.0000000000E+00,    7.2194796035E+01,    7.2194796035E+01,    0.0000000000E+00,    0.0000000000E+00,    0.0000000000E+00,    7.2194796035E+01
     83300,      0.676932,CP10_after_neg_clamp,   1,    0.0000000000E+00,    7.2194796035E+01,    7.2194796035E+01,    0.0000000000E+00,    0.0000000000E+00,    0.0000000000E+00,    7.2194796035E+01
     83300,      0.676932,CP11_after_MPI,   1,    0.0000000000E+00,    7.2194796035E+01,    7.2194796035E+01,    0.0000000000E+00,    0.0000000000E+00,    0.0000000000E+00,    7.2194796035E+01
     83300,      0.676932,CP12_end,   1,    0.0000000000E+00,    7.2194796035E+01,    7.2194796035E+01,    0.0000000000E+00,    0.0000000000E+00,    0.0000000000E+00,    7.2194796035E+01
     83350,      0.676932,CP0_start,   1,    0.0000000000E+00,    7.2274334359E+01,    7.2274334359E+01,    0.0000000000E+00,    0.0000000000E+00,    0.0000000000E+00,    7.2274334359E+01
     83350,      0.676932,CP1_after_deposition,   1,    0.0000000000E+00,    7.2274334359E+01,    7.2274334359E+01,    0.0000000000E+00,    0.0000000000E+00,    0.0000000000E+00,    7.2274334359E+01
     83350,      0.676932,CP2_after_erosion,   1,    0.0000000000E+00,    7.2274334359E+01,    7.2274334359E+01,    0.0000000000E+00,    0.0000000000E+00,    0.0000000000E+00,    7.2274334359E+01
     83350,      0.676932,CP3_after_update_bottom,   1,    0.0000000000E+00,    7.2274334359E+01,    7.2274334359E+01,    0.0000000000E+00,    0.0000000000E+00,    0.0000000000E+00,    7.2274334359E+01
     83350,      0.676932,CP4_after_advection,   1,    0.0000000000E+00,    7.2277082598E+01,    7.2277082598E+01,    0.0000000000E+00,    0.0000000000E+00,    0.0000000000E+00,    7.2277082598E+01
     83350,      0.676932,CP5_after_vdif,   1,    0.0000000000E+00,    7.2277082598E+01,    7.2277082598E+01,    0.0000000000E+00,    0.0000000000E+00,    0.0000000000E+00,    7.2277082598E+01
     83350,      0.676932,CP6_after_kinetics,   1,    0.0000000000E+00,    7.2277082598E+01,    7.2277082598E+01,    0.0000000000E+00,    0.0000000000E+00,    0.0000000000E+00,    7.2277082598E+01
     83350,      0.676932,CP7_after_upper_clamp,   1,    0.0000000000E+00,    7.2277082598E+01,    7.2277082598E+01,    0.0000000000E+00,    0.0000000000E+00,    0.0000000000E+00,    7.2277082598E+01
     83350,      0.676932,CP8_after_OBC,   1,    0.0000000000E+00,    7.2277082598E+01,    7.2277082598E+01,    0.0000000000E+00,    0.0000000000E+00,    0.0000000000E+00,    7.2277082598E+01
     83350,      0.676932,CP9_after_PTsource,   1,    0.0000000000E+00,    7.2277082598E+01,    7.2277082598E+01,    0.0000000000E+00,    0.0000000000E+00,    0.0000000000E+00,    7.2277082598E+01
     83350,      0.676932,CP10_after_neg_clamp,   1,    0.0000000000E+00,    7.2277082598E+01,    7.2277082598E+01,    0.0000000000E+00,    0.0000000000E+00,    0.0000000000E+00,    7.2277082598E+01
     83350,      0.676932,CP11_after_MPI,   1,    0.0000000000E+00,    7.2277082598E+01,    7.2277082598E+01,    0.0000000000E+00,    0.0000000000E+00,    0.0000000000E+00,    7.2277082598E+01
     83350,      0.676932,CP12_end,   1,    0.0000000000E+00,    7.2277082598E+01,    7.2277082598E+01,    0.0000000000E+00,    0.0000000000E+00,    0.0000000000E+00,    7.2277082598E+01
     83400,      0.676932,CP0_start,   1,    0.0000000000E+00,    7.2356549181E+01,    7.2356549181E+01,    0.0000000000E+00,    0.0000000000E+00,    0.0000000000E+00,    7.2356549181E+01
     83400,      0.676932,CP1_after_deposition,   1,    0.0000000000E+00,    7.2356549181E+01,    7.2356549181E+01,    0.0000000000E+00,    0.0000000000E+00,    0.0000000000E+00,    7.2356549181E+01
     83400,      0.676932,CP2_after_erosion,   1,    0.0000000000E+00,    7.2356549181E+01,    7.2356549181E+01,    0.0000000000E+00,    0.0000000000E+00,    0.0000000000E+00,    7.2356549181E+01
     83400,      0.676932,CP3_after_update_bottom,   1,    0.0000000000E+00,    7.2356549181E+01,    7.2356549181E+01,    0.0000000000E+00,    0.0000000000E+00,    0.0000000000E+00,    7.2356549181E+01
     83400,      0.676932,CP4_after_advection,   1,    0.0000000000E+00,    7.2359285101E+01,    7.2359285101E+01,    0.0000000000E+00,    0.0000000000E+00,    0.0000000000E+00,    7.2359285101E+01
     83400,      0.676932,CP5_after_vdif,   1,    0.0000000000E+00,    7.2359285101E+01,    7.2359285101E+01,    0.0000000000E+00,    0.0000000000E+00,    0.0000000000E+00,    7.2359285101E+01
     83400,      0.676932,CP6_after_kinetics,   1,    0.0000000000E+00,    7.2359285101E+01,    7.2359285101E+01,    0.0000000000E+00,    0.0000000000E+00,    0.0000000000E+00,    7.2359285101E+01
     83400,      0.676932,CP7_after_upper_clamp,   1,    0.0000000000E+00,    7.2359285101E+01,    7.2359285101E+01,    0.0000000000E+00,    0.0000000000E+00,    0.0000000000E+00,    7.2359285101E+01
     83400,      0.676932,CP8_after_OBC,   1,    0.0000000000E+00,    7.2359285101E+01,    7.2359285101E+01,    0.0000000000E+00,    0.0000000000E+00,    0.0000000000E+00,    7.2359285101E+01
     83400,      0.676932,CP9_after_PTsource,   1,    0.0000000000E+00,    7.2359285101E+01,    7.2359285101E+01,    0.0000000000E+00,    0.0000000000E+00,    0.0000000000E+00,    7.2359285101E+01
     83400,      0.676932,CP10_after_neg_clamp,   1,    0.0000000000E+00,    7.2359285101E+01,    7.2359285101E+01,    0.0000000000E+00,    0.0000000000E+00,    0.0000000000E+00,    7.2359285101E+01
     83400,      0.676932,CP11_after_MPI,   1,    0.0000000000E+00,    7.2359285101E+01,    7.2359285101E+01,    0.0000000000E+00,    0.0000000000E+00,    0.0000000000E+00,    7.2359285101E+01
     83400,      0.676932,CP12_end,   1,    0.0000000000E+00,    7.2359285101E+01,    7.2359285101E+01,    0.0000000000E+00,    0.0000000000E+00,    0.0000000000E+00,    7.2359285101E+01
     83450,      0.676932,CP0_start,   1,    0.0000000000E+00,    7.2438670647E+01,    7.2438670647E+01,    0.0000000000E+00,    0.0000000000E+00,    0.0000000000E+00,    7.2438670647E+01
     83450,      0.676932,CP1_after_deposition,   1,    0.0000000000E+00,    7.2438670647E+01,    7.2438670647E+01,    0.0000000000E+00,    0.0000000000E+00,    0.0000000000E+00,    7.2438670647E+01
     83450,      0.676932,CP2_after_erosion,   1,    0.0000000000E+00,    7.2438670647E+01,    7.2438670647E+01,    0.0000000000E+00,    0.0000000000E+00,    0.0000000000E+00,    7.2438670647E+01
     83450,      0.676932,CP3_after_update_bottom,   1,    0.0000000000E+00,    7.2438670647E+01,    7.2438670647E+01,    0.0000000000E+00,    0.0000000000E+00,    0.0000000000E+00,    7.2438670647E+01
     83450,      0.676932,CP4_after_advection,   1,    0.0000000000E+00,    7.2441393760E+01,    7.2441393760E+01,    0.0000000000E+00,    0.0000000000E+00,    0.0000000000E+00,    7.2441393760E+01
     83450,      0.676932,CP5_after_vdif,   1,    0.0000000000E+00,    7.2441393760E+01,    7.2441393760E+01,    0.0000000000E+00,    0.0000000000E+00,    0.0000000000E+00,    7.2441393760E+01
     83450,      0.676932,CP6_after_kinetics,   1,    0.0000000000E+00,    7.2441393760E+01,    7.2441393760E+01,    0.0000000000E+00,    0.0000000000E+00,    0.0000000000E+00,    7.2441393760E+01
     83450,      0.676932,CP7_after_upper_clamp,   1,    0.0000000000E+00,    7.2441393760E+01,    7.2441393760E+01,    0.0000000000E+00,    0.0000000000E+00,    0.0000000000E+00,    7.2441393760E+01
     83450,      0.676932,CP8_after_OBC,   1,    0.0000000000E+00,    7.2441393760E+01,    7.2441393760E+01,    0.0000000000E+00,    0.0000000000E+00,    0.0000000000E+00,    7.2441393760E+01
     83450,      0.676932,CP9_after_PTsource,   1,    0.0000000000E+00,    7.2441393760E+01,    7.2441393760E+01,    0.0000000000E+00,    0.0000000000E+00,    0.0000000000E+00,    7.2441393760E+01
     83450,      0.676932,CP10_after_neg_clamp,   1,    0.0000000000E+00,    7.2441393760E+01,    7.2441393760E+01,    0.0000000000E+00,    0.0000000000E+00,    0.0000000000E+00,    7.2441393760E+01
     83450,      0.676932,CP11_after_MPI,   1,    0.0000000000E+00,    7.2441393760E+01,    7.2441393760E+01,    0.0000000000E+00,    0.0000000000E+00,    0.0000000000E+00,    7.2441393760E+01
     83450,      0.676932,CP12_end,   1,    0.0000000000E+00,    7.2441393760E+01,    7.2441393760E+01,    0.0000000000E+00,    0.0000000000E+00,    0.0000000000E+00,    7.2441393760E+01
     83500,      0.676932,CP0_start,   1,    0.0000000000E+00,    7.2520694977E+01,    7.2520694977E+01,    0.0000000000E+00,    0.0000000000E+00,    0.0000000000E+00,    7.2520694977E+01
     83500,      0.676932,CP1_after_deposition,   1,    0.0000000000E+00,    7.2520694977E+01,    7.2520694977E+01,    0.0000000000E+00,    0.0000000000E+00,    0.0000000000E+00,    7.2520694977E+01
     83500,      0.676932,CP2_after_erosion,   1,    0.0000000000E+00,    7.2520694977E+01,    7.2520694977E+01,    0.0000000000E+00,    0.0000000000E+00,    0.0000000000E+00,    7.2520694977E+01
     83500,      0.676932,CP3_after_update_bottom,   1,    0.0000000000E+00,    7.2520694977E+01,    7.2520694977E+01,    0.0000000000E+00,    0.0000000000E+00,    0.0000000000E+00,    7.2520694977E+01
     83500,      0.676932,CP4_after_advection,   1,    0.0000000000E+00,    7.2523405496E+01,    7.2523405496E+01,    0.0000000000E+00,    0.0000000000E+00,    0.0000000000E+00,    7.2523405496E+01
     83500,      0.676932,CP5_after_vdif,   1,    0.0000000000E+00,    7.2523405496E+01,    7.2523405496E+01,    0.0000000000E+00,    0.0000000000E+00,    0.0000000000E+00,    7.2523405496E+01
     83500,      0.676932,CP6_after_kinetics,   1,    0.0000000000E+00,    7.2523405496E+01,    7.2523405496E+01,    0.0000000000E+00,    0.0000000000E+00,    0.0000000000E+00,    7.2523405496E+01
     83500,      0.676932,CP7_after_upper_clamp,   1,    0.0000000000E+00,    7.2523405496E+01,    7.2523405496E+01,    0.0000000000E+00,    0.0000000000E+00,    0.0000000000E+00,    7.2523405496E+01
     83500,      0.676932,CP8_after_OBC,   1,    0.0000000000E+00,    7.2523405496E+01,    7.2523405496E+01,    0.0000000000E+00,    0.0000000000E+00,    0.0000000000E+00,    7.2523405496E+01
     83500,      0.676932,CP9_after_PTsource,   1,    0.0000000000E+00,    7.2523405496E+01,    7.2523405496E+01,    0.0000000000E+00,    0.0000000000E+00,    0.0000000000E+00,    7.2523405496E+01
     83500,      0.676932,CP10_after_neg_clamp,   1,    0.0000000000E+00,    7.2523405496E+01,    7.2523405496E+01,    0.0000000000E+00,    0.0000000000E+00,    0.0000000000E+00,    7.2523405496E+01
     83500,      0.676932,CP11_after_MPI,   1,    0.0000000000E+00,    7.2523405496E+01,    7.2523405496E+01,    0.0000000000E+00,    0.0000000000E+00,    0.0000000000E+00,    7.2523405496E+01
     83500,      0.676932,CP12_end,   1,    0.0000000000E+00,    7.2523405496E+01,    7.2523405496E+01,    0.0000000000E+00,    0.0000000000E+00,    0.0000000000E+00,    7.2523405496E+01
     83550,      0.676932,CP0_start,   1,    0.0000000000E+00,    7.2602644488E+01,    7.2602644488E+01,    0.0000000000E+00,    0.0000000000E+00,    0.0000000000E+00,    7.2602644488E+01
     83550,      0.676932,CP1_after_deposition,   1,    0.0000000000E+00,    7.2602644488E+01,    7.2602644488E+01,    0.0000000000E+00,    0.0000000000E+00,    0.0000000000E+00,    7.2602644488E+01
     83550,      0.676932,CP2_after_erosion,   1,    0.0000000000E+00,    7.2602644488E+01,    7.2602644488E+01,    0.0000000000E+00,    0.0000000000E+00,    0.0000000000E+00,    7.2602644488E+01
     83550,      0.676932,CP3_after_update_bottom,   1,    0.0000000000E+00,    7.2602644488E+01,    7.2602644488E+01,    0.0000000000E+00,    0.0000000000E+00,    0.0000000000E+00,    7.2602644488E+01
     83550,      0.676932,CP4_after_advection,   1,    0.0000000000E+00,    7.2605339778E+01,    7.2605339778E+01,    0.0000000000E+00,    0.0000000000E+00,    0.0000000000E+00,    7.2605339778E+01
     83550,      0.676932,CP5_after_vdif,   1,    0.0000000000E+00,    7.2605339778E+01,    7.2605339778E+01,    0.0000000000E+00,    0.0000000000E+00,    0.0000000000E+00,    7.2605339778E+01
     83550,      0.676932,CP6_after_kinetics,   1,    0.0000000000E+00,    7.2605339778E+01,    7.2605339778E+01,    0.0000000000E+00,    0.0000000000E+00,    0.0000000000E+00,    7.2605339778E+01
     83550,      0.676932,CP7_after_upper_clamp,   1,    0.0000000000E+00,    7.2605339778E+01,    7.2605339778E+01,    0.0000000000E+00,    0.0000000000E+00,    0.0000000000E+00,    7.2605339778E+01
     83550,      0.676932,CP8_after_OBC,   1,    0.0000000000E+00,    7.2605339778E+01,    7.2605339778E+01,    0.0000000000E+00,    0.0000000000E+00,    0.0000000000E+00,    7.2605339778E+01
     83550,      0.676932,CP9_after_PTsource,   1,    0.0000000000E+00,    7.2605339778E+01,    7.2605339778E+01,    0.0000000000E+00,    0.0000000000E+00,    0.0000000000E+00,    7.2605339778E+01
     83550,      0.676932,CP10_after_neg_clamp,   1,    0.0000000000E+00,    7.2605339778E+01,    7.2605339778E+01,    0.0000000000E+00,    0.0000000000E+00,    0.0000000000E+00,    7.2605339778E+01
     83550,      0.676932,CP11_after_MPI,   1,    0.0000000000E+00,    7.2605339778E+01,    7.2605339778E+01,    0.0000000000E+00,    0.0000000000E+00,    0.0000000000E+00,    7.2605339778E+01
     83550,      0.676932,CP12_end,   1,    0.0000000000E+00,    7.2605339778E+01,    7.2605339778E+01,    0.0000000000E+00,    0.0000000000E+00,    0.0000000000E+00,    7.2605339778E+01
     83600,      0.676932,CP0_start,   1,    0.0000000000E+00,    7.2684514305E+01,    7.2684514305E+01,    0.0000000000E+00,    0.0000000000E+00,    0.0000000000E+00,    7.2684514305E+01
     83600,      0.676932,CP1_after_deposition,   1,    0.0000000000E+00,    7.2684514305E+01,    7.2684514305E+01,    0.0000000000E+00,    0.0000000000E+00,    0.0000000000E+00,    7.2684514305E+01
     83600,      0.676932,CP2_after_erosion,   1,    0.0000000000E+00,    7.2684514305E+01,    7.2684514305E+01,    0.0000000000E+00,    0.0000000000E+00,    0.0000000000E+00,    7.2684514305E+01
     83600,      0.676932,CP3_after_update_bottom,   1,    0.0000000000E+00,    7.2684514305E+01,    7.2684514305E+01,    0.0000000000E+00,    0.0000000000E+00,    0.0000000000E+00,    7.2684514305E+01
     83600,      0.676932,CP4_after_advection,   1,    0.0000000000E+00,    7.2687194978E+01,    7.2687194978E+01,    0.0000000000E+00,    0.0000000000E+00,    0.0000000000E+00,    7.2687194978E+01
     83600,      0.676932,CP5_after_vdif,   1,    0.0000000000E+00,    7.2687194978E+01,    7.2687194978E+01,    0.0000000000E+00,    0.0000000000E+00,    0.0000000000E+00,    7.2687194978E+01
     83600,      0.676932,CP6_after_kinetics,   1,    0.0000000000E+00,    7.2687194978E+01,    7.2687194978E+01,    0.0000000000E+00,    0.0000000000E+00,    0.0000000000E+00,    7.2687194978E+01
     83600,      0.676932,CP7_after_upper_clamp,   1,    0.0000000000E+00,    7.2687194978E+01,    7.2687194978E+01,    0.0000000000E+00,    0.0000000000E+00,    0.0000000000E+00,    7.2687194978E+01
     83600,      0.676932,CP8_after_OBC,   1,    0.0000000000E+00,    7.2687194978E+01,    7.2687194978E+01,    0.0000000000E+00,    0.0000000000E+00,    0.0000000000E+00,    7.2687194978E+01
     83600,      0.676932,CP9_after_PTsource,   1,    0.0000000000E+00,    7.2687194978E+01,    7.2687194978E+01,    0.0000000000E+00,    0.0000000000E+00,    0.0000000000E+00,    7.2687194978E+01
     83600,      0.676932,CP10_after_neg_clamp,   1,    0.0000000000E+00,    7.2687194978E+01,    7.2687194978E+01,    0.0000000000E+00,    0.0000000000E+00,    0.0000000000E+00,    7.2687194978E+01
     83600,      0.676932,CP11_after_MPI,   1,    0.0000000000E+00,    7.2687194978E+01,    7.2687194978E+01,    0.0000000000E+00,    0.0000000000E+00,    0.0000000000E+00,    7.2687194978E+01
     83600,      0.676932,CP12_end,   1,    0.0000000000E+00,    7.2687194978E+01,    7.2687194978E+01,    0.0000000000E+00,    0.0000000000E+00,    0.0000000000E+00,    7.2687194978E+01
     83650,      0.676932,CP0_start,   1,    0.0000000000E+00,    7.2766306603E+01,    7.2766306603E+01,    0.0000000000E+00,    0.0000000000E+00,    0.0000000000E+00,    7.2766306603E+01
     83650,      0.676932,CP1_after_deposition,   1,    0.0000000000E+00,    7.2766306603E+01,    7.2766306603E+01,    0.0000000000E+00,    0.0000000000E+00,    0.0000000000E+00,    7.2766306603E+01
     83650,      0.676932,CP2_after_erosion,   1,    0.0000000000E+00,    7.2766306603E+01,    7.2766306603E+01,    0.0000000000E+00,    0.0000000000E+00,    0.0000000000E+00,    7.2766306603E+01
     83650,      0.676932,CP3_after_update_bottom,   1,    0.0000000000E+00,    7.2766306603E+01,    7.2766306603E+01,    0.0000000000E+00,    0.0000000000E+00,    0.0000000000E+00,    7.2766306603E+01
     83650,      0.676932,CP4_after_advection,   1,    0.0000000000E+00,    7.2768973870E+01,    7.2768973870E+01,    0.0000000000E+00,    0.0000000000E+00,    0.0000000000E+00,    7.2768973870E+01
     83650,      0.676932,CP5_after_vdif,   1,    0.0000000000E+00,    7.2768973870E+01,    7.2768973870E+01,    0.0000000000E+00,    0.0000000000E+00,    0.0000000000E+00,    7.2768973870E+01
     83650,      0.676932,CP6_after_kinetics,   1,    0.0000000000E+00,    7.2768973870E+01,    7.2768973870E+01,    0.0000000000E+00,    0.0000000000E+00,    0.0000000000E+00,    7.2768973870E+01
     83650,      0.676932,CP7_after_upper_clamp,   1,    0.0000000000E+00,    7.2768973870E+01,    7.2768973870E+01,    0.0000000000E+00,    0.0000000000E+00,    0.0000000000E+00,    7.2768973870E+01
     83650,      0.676932,CP8_after_OBC,   1,    0.0000000000E+00,    7.2768973870E+01,    7.2768973870E+01,    0.0000000000E+00,    0.0000000000E+00,    0.0000000000E+00,    7.2768973870E+01
     83650,      0.676932,CP9_after_PTsource,   1,    0.0000000000E+00,    7.2768973870E+01,    7.2768973870E+01,    0.0000000000E+00,    0.0000000000E+00,    0.0000000000E+00,    7.2768973870E+01
     83650,      0.676932,CP10_after_neg_clamp,   1,    0.0000000000E+00,    7.2768973870E+01,    7.2768973870E+01,    0.0000000000E+00,    0.0000000000E+00,    0.0000000000E+00,    7.2768973870E+01
     83650,      0.676932,CP11_after_MPI,   1,    0.0000000000E+00,    7.2768973870E+01,    7.2768973870E+01,    0.0000000000E+00,    0.0000000000E+00,    0.0000000000E+00,    7.2768973870E+01
     83650,      0.676932,CP12_end,   1,    0.0000000000E+00,    7.2768973870E+01,    7.2768973870E+01,    0.0000000000E+00,    0.0000000000E+00,    0.0000000000E+00,    7.2768973870E+01
     83700,      0.676932,CP0_start,   1,    0.0000000000E+00,    7.2848024972E+01,    7.2848024972E+01,    0.0000000000E+00,    0.0000000000E+00,    0.0000000000E+00,    7.2848024972E+01
     83700,      0.676932,CP1_after_deposition,   1,    0.0000000000E+00,    7.2848024972E+01,    7.2848024972E+01,    0.0000000000E+00,    0.0000000000E+00,    0.0000000000E+00,    7.2848024972E+01
     83700,      0.676932,CP2_after_erosion,   1,    0.0000000000E+00,    7.2848024972E+01,    7.2848024972E+01,    0.0000000000E+00,    0.0000000000E+00,    0.0000000000E+00,    7.2848024972E+01
     83700,      0.676932,CP3_after_update_bottom,   1,    0.0000000000E+00,    7.2848024972E+01,    7.2848024972E+01,    0.0000000000E+00,    0.0000000000E+00,    0.0000000000E+00,    7.2848024972E+01
     83700,      0.676932,CP4_after_advection,   1,    0.0000000000E+00,    7.2850678064E+01,    7.2850678064E+01,    0.0000000000E+00,    0.0000000000E+00,    0.0000000000E+00,    7.2850678064E+01
     83700,      0.676932,CP5_after_vdif,   1,    0.0000000000E+00,    7.2850678064E+01,    7.2850678064E+01,    0.0000000000E+00,    0.0000000000E+00,    0.0000000000E+00,    7.2850678064E+01
     83700,      0.676932,CP6_after_kinetics,   1,    0.0000000000E+00,    7.2850678064E+01,    7.2850678064E+01,    0.0000000000E+00,    0.0000000000E+00,    0.0000000000E+00,    7.2850678064E+01
     83700,      0.676932,CP7_after_upper_clamp,   1,    0.0000000000E+00,    7.2850678064E+01,    7.2850678064E+01,    0.0000000000E+00,    0.0000000000E+00,    0.0000000000E+00,    7.2850678064E+01
     83700,      0.676932,CP8_after_OBC,   1,    0.0000000000E+00,    7.2850678064E+01,    7.2850678064E+01,    0.0000000000E+00,    0.0000000000E+00,    0.0000000000E+00,    7.2850678064E+01
     83700,      0.676932,CP9_after_PTsource,   1,    0.0000000000E+00,    7.2850678064E+01,    7.2850678064E+01,    0.0000000000E+00,    0.0000000000E+00,    0.0000000000E+00,    7.2850678064E+01
     83700,      0.676932,CP10_after_neg_clamp,   1,    0.0000000000E+00,    7.2850678064E+01,    7.2850678064E+01,    0.0000000000E+00,    0.0000000000E+00,    0.0000000000E+00,    7.2850678064E+01
     83700,      0.676932,CP11_after_MPI,   1,    0.0000000000E+00,    7.2850678064E+01,    7.2850678064E+01,    0.0000000000E+00,    0.0000000000E+00,    0.0000000000E+00,    7.2850678064E+01
     83700,      0.676932,CP12_end,   1,    0.0000000000E+00,    7.2850678064E+01,    7.2850678064E+01,    0.0000000000E+00,    0.0000000000E+00,    0.0000000000E+00,    7.2850678064E+01
     83750,      0.676932,CP0_start,   1,    0.0000000000E+00,    7.2929133716E+01,    7.2929133716E+01,    0.0000000000E+00,    0.0000000000E+00,    0.0000000000E+00,    7.2929133716E+01
     83750,      0.676932,CP1_after_deposition,   1,    0.0000000000E+00,    7.2929133716E+01,    7.2929133716E+01,    0.0000000000E+00,    0.0000000000E+00,    0.0000000000E+00,    7.2929133716E+01
     83750,      0.676932,CP2_after_erosion,   1,    0.0000000000E+00,    7.2929133716E+01,    7.2929133716E+01,    0.0000000000E+00,    0.0000000000E+00,    0.0000000000E+00,    7.2929133716E+01
     83750,      0.676932,CP3_after_update_bottom,   1,    0.0000000000E+00,    7.2929133716E+01,    7.2929133716E+01,    0.0000000000E+00,    0.0000000000E+00,    0.0000000000E+00,    7.2929133716E+01
     83750,      0.676932,CP4_after_advection,   1,    0.0000000000E+00,    7.2931772159E+01,    7.2931772159E+01,    0.0000000000E+00,    0.0000000000E+00,    0.0000000000E+00,    7.2931772159E+01
     83750,      0.676932,CP5_after_vdif,   1,    0.0000000000E+00,    7.2931772159E+01,    7.2931772159E+01,    0.0000000000E+00,    0.0000000000E+00,    0.0000000000E+00,    7.2931772159E+01
     83750,      0.676932,CP6_after_kinetics,   1,    0.0000000000E+00,    7.2931772159E+01,    7.2931772159E+01,    0.0000000000E+00,    0.0000000000E+00,    0.0000000000E+00,    7.2931772159E+01
     83750,      0.676932,CP7_after_upper_clamp,   1,    0.0000000000E+00,    7.2931772159E+01,    7.2931772159E+01,    0.0000000000E+00,    0.0000000000E+00,    0.0000000000E+00,    7.2931772159E+01
     83750,      0.676932,CP8_after_OBC,   1,    0.0000000000E+00,    7.2931772159E+01,    7.2931772159E+01,    0.0000000000E+00,    0.0000000000E+00,    0.0000000000E+00,    7.2931772159E+01
     83750,      0.676932,CP9_after_PTsource,   1,    0.0000000000E+00,    7.2931772159E+01,    7.2931772159E+01,    0.0000000000E+00,    0.0000000000E+00,    0.0000000000E+00,    7.2931772159E+01
     83750,      0.676932,CP10_after_neg_clamp,   1,    0.0000000000E+00,    7.2931772159E+01,    7.2931772159E+01,    0.0000000000E+00,    0.0000000000E+00,    0.0000000000E+00,    7.2931772159E+01
     83750,      0.676932,CP11_after_MPI,   1,    0.0000000000E+00,    7.2931772159E+01,    7.2931772159E+01,    0.0000000000E+00,    0.0000000000E+00,    0.0000000000E+00,    7.2931772159E+01
     83750,      0.676932,CP12_end,   1,    0.0000000000E+00,    7.2931772159E+01,    7.2931772159E+01,    0.0000000000E+00,    0.0000000000E+00,    0.0000000000E+00,    7.2931772159E+01
     83800,      0.676932,CP0_start,   1,    0.0000000000E+00,    7.3010159441E+01,    7.3010159441E+01,    0.0000000000E+00,    0.0000000000E+00,    0.0000000000E+00,    7.3010159441E+01
     83800,      0.676932,CP1_after_deposition,   1,    0.0000000000E+00,    7.3010159441E+01,    7.3010159441E+01,    0.0000000000E+00,    0.0000000000E+00,    0.0000000000E+00,    7.3010159441E+01
     83800,      0.676932,CP2_after_erosion,   1,    0.0000000000E+00,    7.3010159441E+01,    7.3010159441E+01,    0.0000000000E+00,    0.0000000000E+00,    0.0000000000E+00,    7.3010159441E+01
     83800,      0.676932,CP3_after_update_bottom,   1,    0.0000000000E+00,    7.3010159441E+01,    7.3010159441E+01,    0.0000000000E+00,    0.0000000000E+00,    0.0000000000E+00,    7.3010159441E+01
     83800,      0.676932,CP4_after_advection,   1,    0.0000000000E+00,    7.3012782447E+01,    7.3012782447E+01,    0.0000000000E+00,    0.0000000000E+00,    0.0000000000E+00,    7.3012782447E+01
     83800,      0.676932,CP5_after_vdif,   1,    0.0000000000E+00,    7.3012782447E+01,    7.3012782447E+01,    0.0000000000E+00,    0.0000000000E+00,    0.0000000000E+00,    7.3012782447E+01
     83800,      0.676932,CP6_after_kinetics,   1,    0.0000000000E+00,    7.3012782447E+01,    7.3012782447E+01,    0.0000000000E+00,    0.0000000000E+00,    0.0000000000E+00,    7.3012782447E+01
     83800,      0.676932,CP7_after_upper_clamp,   1,    0.0000000000E+00,    7.3012782447E+01,    7.3012782447E+01,    0.0000000000E+00,    0.0000000000E+00,    0.0000000000E+00,    7.3012782447E+01
     83800,      0.676932,CP8_after_OBC,   1,    0.0000000000E+00,    7.3012782447E+01,    7.3012782447E+01,    0.0000000000E+00,    0.0000000000E+00,    0.0000000000E+00,    7.3012782447E+01
     83800,      0.676932,CP9_after_PTsource,   1,    0.0000000000E+00,    7.3012782447E+01,    7.3012782447E+01,    0.0000000000E+00,    0.0000000000E+00,    0.0000000000E+00,    7.3012782447E+01
     83800,      0.676932,CP10_after_neg_clamp,   1,    0.0000000000E+00,    7.3012782447E+01,    7.3012782447E+01,    0.0000000000E+00,    0.0000000000E+00,    0.0000000000E+00,    7.3012782447E+01
     83800,      0.676932,CP11_after_MPI,   1,    0.0000000000E+00,    7.3012782447E+01,    7.3012782447E+01,    0.0000000000E+00,    0.0000000000E+00,    0.0000000000E+00,    7.3012782447E+01
     83800,      0.676932,CP12_end,   1,    0.0000000000E+00,    7.3012782447E+01,    7.3012782447E+01,    0.0000000000E+00,    0.0000000000E+00,    0.0000000000E+00,    7.3012782447E+01
     83850,      0.676932,CP0_start,   1,    0.0000000000E+00,    7.3091104116E+01,    7.3091104116E+01,    0.0000000000E+00,    0.0000000000E+00,    0.0000000000E+00,    7.3091104116E+01
     83850,      0.676932,CP1_after_deposition,   1,    0.0000000000E+00,    7.3091104116E+01,    7.3091104116E+01,    0.0000000000E+00,    0.0000000000E+00,    0.0000000000E+00,    7.3091104116E+01
     83850,      0.676932,CP2_after_erosion,   1,    0.0000000000E+00,    7.3091104116E+01,    7.3091104116E+01,    0.0000000000E+00,    0.0000000000E+00,    0.0000000000E+00,    7.3091104116E+01
     83850,      0.676932,CP3_after_update_bottom,   1,    0.0000000000E+00,    7.3091104116E+01,    7.3091104116E+01,    0.0000000000E+00,    0.0000000000E+00,    0.0000000000E+00,    7.3091104116E+01
     83850,      0.676932,CP4_after_advection,   1,    0.0000000000E+00,    7.3093711896E+01,    7.3093711896E+01,    0.0000000000E+00,    0.0000000000E+00,    0.0000000000E+00,    7.3093711896E+01
     83850,      0.676932,CP5_after_vdif,   1,    0.0000000000E+00,    7.3093711896E+01,    7.3093711896E+01,    0.0000000000E+00,    0.0000000000E+00,    0.0000000000E+00,    7.3093711896E+01
     83850,      0.676932,CP6_after_kinetics,   1,    0.0000000000E+00,    7.3093711896E+01,    7.3093711896E+01,    0.0000000000E+00,    0.0000000000E+00,    0.0000000000E+00,    7.3093711896E+01
     83850,      0.676932,CP7_after_upper_clamp,   1,    0.0000000000E+00,    7.3093711896E+01,    7.3093711896E+01,    0.0000000000E+00,    0.0000000000E+00,    0.0000000000E+00,    7.3093711896E+01
     83850,      0.676932,CP8_after_OBC,   1,    0.0000000000E+00,    7.3093711896E+01,    7.3093711896E+01,    0.0000000000E+00,    0.0000000000E+00,    0.0000000000E+00,    7.3093711896E+01
     83850,      0.676932,CP9_after_PTsource,   1,    0.0000000000E+00,    7.3093711896E+01,    7.3093711896E+01,    0.0000000000E+00,    0.0000000000E+00,    0.0000000000E+00,    7.3093711896E+01
     83850,      0.676932,CP10_after_neg_clamp,   1,    0.0000000000E+00,    7.3093711896E+01,    7.3093711896E+01,    0.0000000000E+00,    0.0000000000E+00,    0.0000000000E+00,    7.3093711896E+01
     83850,      0.676932,CP11_after_MPI,   1,    0.0000000000E+00,    7.3093711896E+01,    7.3093711896E+01,    0.0000000000E+00,    0.0000000000E+00,    0.0000000000E+00,    7.3093711896E+01
     83850,      0.676932,CP12_end,   1,    0.0000000000E+00,    7.3093711896E+01,    7.3093711896E+01,    0.0000000000E+00,    0.0000000000E+00,    0.0000000000E+00,    7.3093711896E+01
     83900,      0.676932,CP0_start,   1,    0.0000000000E+00,    7.3171943428E+01,    7.3171943428E+01,    0.0000000000E+00,    0.0000000000E+00,    0.0000000000E+00,    7.3171943428E+01
     83900,      0.676932,CP1_after_deposition,   1,    0.0000000000E+00,    7.3171943428E+01,    7.3171943428E+01,    0.0000000000E+00,    0.0000000000E+00,    0.0000000000E+00,    7.3171943428E+01
     83900,      0.676932,CP2_after_erosion,   1,    0.0000000000E+00,    7.3171943428E+01,    7.3171943428E+01,    0.0000000000E+00,    0.0000000000E+00,    0.0000000000E+00,    7.3171943428E+01
     83900,      0.676932,CP3_after_update_bottom,   1,    0.0000000000E+00,    7.3171943428E+01,    7.3171943428E+01,    0.0000000000E+00,    0.0000000000E+00,    0.0000000000E+00,    7.3171943428E+01
     83900,      0.676932,CP4_after_advection,   1,    0.0000000000E+00,    7.3174535442E+01,    7.3174535442E+01,    0.0000000000E+00,    0.0000000000E+00,    0.0000000000E+00,    7.3174535442E+01
     83900,      0.676932,CP5_after_vdif,   1,    0.0000000000E+00,    7.3174535442E+01,    7.3174535442E+01,    0.0000000000E+00,    0.0000000000E+00,    0.0000000000E+00,    7.3174535442E+01
     83900,      0.676932,CP6_after_kinetics,   1,    0.0000000000E+00,    7.3174535442E+01,    7.3174535442E+01,    0.0000000000E+00,    0.0000000000E+00,    0.0000000000E+00,    7.3174535442E+01
     83900,      0.676932,CP7_after_upper_clamp,   1,    0.0000000000E+00,    7.3174535442E+01,    7.3174535442E+01,    0.0000000000E+00,    0.0000000000E+00,    0.0000000000E+00,    7.3174535442E+01
     83900,      0.676932,CP8_after_OBC,   1,    0.0000000000E+00,    7.3174535442E+01,    7.3174535442E+01,    0.0000000000E+00,    0.0000000000E+00,    0.0000000000E+00,    7.3174535442E+01
     83900,      0.676932,CP9_after_PTsource,   1,    0.0000000000E+00,    7.3174535442E+01,    7.3174535442E+01,    0.0000000000E+00,    0.0000000000E+00,    0.0000000000E+00,    7.3174535442E+01
     83900,      0.676932,CP10_after_neg_clamp,   1,    0.0000000000E+00,    7.3174535442E+01,    7.3174535442E+01,    0.0000000000E+00,    0.0000000000E+00,    0.0000000000E+00,    7.3174535442E+01
     83900,      0.676932,CP11_after_MPI,   1,    0.0000000000E+00,    7.3174535442E+01,    7.3174535442E+01,    0.0000000000E+00,    0.0000000000E+00,    0.0000000000E+00,    7.3174535442E+01
     83900,      0.676932,CP12_end,   1,    0.0000000000E+00,    7.3174535442E+01,    7.3174535442E+01,    0.0000000000E+00,    0.0000000000E+00,    0.0000000000E+00,    7.3174535442E+01
     83950,      0.676932,CP0_start,   1,    0.0000000000E+00,    7.3252750143E+01,    7.3252750143E+01,    0.0000000000E+00,    0.0000000000E+00,    0.0000000000E+00,    7.3252750143E+01
     83950,      0.676932,CP1_after_deposition,   1,    0.0000000000E+00,    7.3252750143E+01,    7.3252750143E+01,    0.0000000000E+00,    0.0000000000E+00,    0.0000000000E+00,    7.3252750143E+01
     83950,      0.676932,CP2_after_erosion,   1,    0.0000000000E+00,    7.3252750143E+01,    7.3252750143E+01,    0.0000000000E+00,    0.0000000000E+00,    0.0000000000E+00,    7.3252750143E+01
     83950,      0.676932,CP3_after_update_bottom,   1,    0.0000000000E+00,    7.3252750143E+01,    7.3252750143E+01,    0.0000000000E+00,    0.0000000000E+00,    0.0000000000E+00,    7.3252750143E+01
     83950,      0.676932,CP4_after_advection,   1,    0.0000000000E+00,    7.3255327682E+01,    7.3255327682E+01,    0.0000000000E+00,    0.0000000000E+00,    0.0000000000E+00,    7.3255327682E+01
     83950,      0.676932,CP5_after_vdif,   1,    0.0000000000E+00,    7.3255327682E+01,    7.3255327682E+01,    0.0000000000E+00,    0.0000000000E+00,    0.0000000000E+00,    7.3255327682E+01
     83950,      0.676932,CP6_after_kinetics,   1,    0.0000000000E+00,    7.3255327682E+01,    7.3255327682E+01,    0.0000000000E+00,    0.0000000000E+00,    0.0000000000E+00,    7.3255327682E+01
     83950,      0.676932,CP7_after_upper_clamp,   1,    0.0000000000E+00,    7.3255327682E+01,    7.3255327682E+01,    0.0000000000E+00,    0.0000000000E+00,    0.0000000000E+00,    7.3255327682E+01
     83950,      0.676932,CP8_after_OBC,   1,    0.0000000000E+00,    7.3255327682E+01,    7.3255327682E+01,    0.0000000000E+00,    0.0000000000E+00,    0.0000000000E+00,    7.3255327682E+01
     83950,      0.676932,CP9_after_PTsource,   1,    0.0000000000E+00,    7.3255327682E+01,    7.3255327682E+01,    0.0000000000E+00,    0.0000000000E+00,    0.0000000000E+00,    7.3255327682E+01
     83950,      0.676932,CP10_after_neg_clamp,   1,    0.0000000000E+00,    7.3255327682E+01,    7.3255327682E+01,    0.0000000000E+00,    0.0000000000E+00,    0.0000000000E+00,    7.3255327682E+01
     83950,      0.676932,CP11_after_MPI,   1,    0.0000000000E+00,    7.3255327682E+01,    7.3255327682E+01,    0.0000000000E+00,    0.0000000000E+00,    0.0000000000E+00,    7.3255327682E+01
     83950,      0.676932,CP12_end,   1,    0.0000000000E+00,    7.3255327682E+01,    7.3255327682E+01,    0.0000000000E+00,    0.0000000000E+00,    0.0000000000E+00,    7.3255327682E+01
     84000,      0.676932,CP0_start,   1,    0.0000000000E+00,    7.3333473832E+01,    7.3333473832E+01,    0.0000000000E+00,    0.0000000000E+00,    0.0000000000E+00,    7.3333473832E+01
     84000,      0.676932,CP1_after_deposition,   1,    0.0000000000E+00,    7.3333473832E+01,    7.3333473832E+01,    0.0000000000E+00,    0.0000000000E+00,    0.0000000000E+00,    7.3333473832E+01
     84000,      0.676932,CP2_after_erosion,   1,    0.0000000000E+00,    7.3333473832E+01,    7.3333473832E+01,    0.0000000000E+00,    0.0000000000E+00,    0.0000000000E+00,    7.3333473832E+01
     84000,      0.676932,CP3_after_update_bottom,   1,    0.0000000000E+00,    7.3333473832E+01,    7.3333473832E+01,    0.0000000000E+00,    0.0000000000E+00,    0.0000000000E+00,    7.3333473832E+01
     84000,      0.676932,CP4_after_advection,   1,    0.0000000000E+00,    7.3336035773E+01,    7.3336035773E+01,    0.0000000000E+00,    0.0000000000E+00,    0.0000000000E+00,    7.3336035773E+01
     84000,      0.676932,CP5_after_vdif,   1,    0.0000000000E+00,    7.3336035773E+01,    7.3336035773E+01,    0.0000000000E+00,    0.0000000000E+00,    0.0000000000E+00,    7.3336035773E+01
     84000,      0.676932,CP6_after_kinetics,   1,    0.0000000000E+00,    7.3336035773E+01,    7.3336035773E+01,    0.0000000000E+00,    0.0000000000E+00,    0.0000000000E+00,    7.3336035773E+01
     84000,      0.676932,CP7_after_upper_clamp,   1,    0.0000000000E+00,    7.3336035773E+01,    7.3336035773E+01,    0.0000000000E+00,    0.0000000000E+00,    0.0000000000E+00,    7.3336035773E+01
     84000,      0.676932,CP8_after_OBC,   1,    0.0000000000E+00,    7.3336035773E+01,    7.3336035773E+01,    0.0000000000E+00,    0.0000000000E+00,    0.0000000000E+00,    7.3336035773E+01
     84000,      0.676932,CP9_after_PTsource,   1,    0.0000000000E+00,    7.3336035773E+01,    7.3336035773E+01,    0.0000000000E+00,    0.0000000000E+00,    0.0000000000E+00,    7.3336035773E+01
     84000,      0.676932,CP10_after_neg_clamp,   1,    0.0000000000E+00,    7.3336035773E+01,    7.3336035773E+01,    0.0000000000E+00,    0.0000000000E+00,    0.0000000000E+00,    7.3336035773E+01
     84000,      0.676932,CP11_after_MPI,   1,    0.0000000000E+00,    7.3336035773E+01,    7.3336035773E+01,    0.0000000000E+00,    0.0000000000E+00,    0.0000000000E+00,    7.3336035773E+01
     84000,      0.676932,CP12_end,   1,    0.0000000000E+00,    7.3336035773E+01,    7.3336035773E+01,    0.0000000000E+00,    0.0000000000E+00,    0.0000000000E+00,    7.3336035773E+01
     84050,      0.676932,CP0_start,   1,    0.0000000000E+00,    7.3414120232E+01,    7.3414120232E+01,    0.0000000000E+00,    0.0000000000E+00,    0.0000000000E+00,    7.3414120232E+01
     84050,      0.676932,CP1_after_deposition,   1,    0.0000000000E+00,    7.3414120232E+01,    7.3414120232E+01,    0.0000000000E+00,    0.0000000000E+00,    0.0000000000E+00,    7.3414120232E+01
     84050,      0.676932,CP2_after_erosion,   1,    0.0000000000E+00,    7.3414120232E+01,    7.3414120232E+01,    0.0000000000E+00,    0.0000000000E+00,    0.0000000000E+00,    7.3414120232E+01
     84050,      0.676932,CP3_after_update_bottom,   1,    0.0000000000E+00,    7.3414120232E+01,    7.3414120232E+01,    0.0000000000E+00,    0.0000000000E+00,    0.0000000000E+00,    7.3414120232E+01
     84050,      0.676932,CP4_after_advection,   1,    0.0000000000E+00,    7.3416666285E+01,    7.3416666285E+01,    0.0000000000E+00,    0.0000000000E+00,    0.0000000000E+00,    7.3416666285E+01
     84050,      0.676932,CP5_after_vdif,   1,    0.0000000000E+00,    7.3416666285E+01,    7.3416666285E+01,    0.0000000000E+00,    0.0000000000E+00,    0.0000000000E+00,    7.3416666285E+01
     84050,      0.676932,CP6_after_kinetics,   1,    0.0000000000E+00,    7.3416666285E+01,    7.3416666285E+01,    0.0000000000E+00,    0.0000000000E+00,    0.0000000000E+00,    7.3416666285E+01
     84050,      0.676932,CP7_after_upper_clamp,   1,    0.0000000000E+00,    7.3416666285E+01,    7.3416666285E+01,    0.0000000000E+00,    0.0000000000E+00,    0.0000000000E+00,    7.3416666285E+01
     84050,      0.676932,CP8_after_OBC,   1,    0.0000000000E+00,    7.3416666285E+01,    7.3416666285E+01,    0.0000000000E+00,    0.0000000000E+00,    0.0000000000E+00,    7.3416666285E+01
     84050,      0.676932,CP9_after_PTsource,   1,    0.0000000000E+00,    7.3416666285E+01,    7.3416666285E+01,    0.0000000000E+00,    0.0000000000E+00,    0.0000000000E+00,    7.3416666285E+01
     84050,      0.676932,CP10_after_neg_clamp,   1,    0.0000000000E+00,    7.3416666285E+01,    7.3416666285E+01,    0.0000000000E+00,    0.0000000000E+00,    0.0000000000E+00,    7.3416666285E+01
     84050,      0.676932,CP11_after_MPI,   1,    0.0000000000E+00,    7.3416666285E+01,    7.3416666285E+01,    0.0000000000E+00,    0.0000000000E+00,    0.0000000000E+00,    7.3416666285E+01
     84050,      0.676932,CP12_end,   1,    0.0000000000E+00,    7.3416666285E+01,    7.3416666285E+01,    0.0000000000E+00,    0.0000000000E+00,    0.0000000000E+00,    7.3416666285E+01
     84100,      0.676932,CP0_start,   1,    0.0000000000E+00,    7.3494688988E+01,    7.3494688988E+01,    0.0000000000E+00,    0.0000000000E+00,    0.0000000000E+00,    7.3494688988E+01
     84100,      0.676932,CP1_after_deposition,   1,    0.0000000000E+00,    7.3494688988E+01,    7.3494688988E+01,    0.0000000000E+00,    0.0000000000E+00,    0.0000000000E+00,    7.3494688988E+01
     84100,      0.676932,CP2_after_erosion,   1,    0.0000000000E+00,    7.3494688988E+01,    7.3494688988E+01,    0.0000000000E+00,    0.0000000000E+00,    0.0000000000E+00,    7.3494688988E+01
     84100,      0.676932,CP3_after_update_bottom,   1,    0.0000000000E+00,    7.3494688988E+01,    7.3494688988E+01,    0.0000000000E+00,    0.0000000000E+00,    0.0000000000E+00,    7.3494688988E+01
     84100,      0.676932,CP4_after_advection,   1,    0.0000000000E+00,    7.3497218472E+01,    7.3497218472E+01,    0.0000000000E+00,    0.0000000000E+00,    0.0000000000E+00,    7.3497218472E+01
     84100,      0.676932,CP5_after_vdif,   1,    0.0000000000E+00,    7.3497218472E+01,    7.3497218472E+01,    0.0000000000E+00,    0.0000000000E+00,    0.0000000000E+00,    7.3497218472E+01
     84100,      0.676932,CP6_after_kinetics,   1,    0.0000000000E+00,    7.3497218472E+01,    7.3497218472E+01,    0.0000000000E+00,    0.0000000000E+00,    0.0000000000E+00,    7.3497218472E+01
     84100,      0.676932,CP7_after_upper_clamp,   1,    0.0000000000E+00,    7.3497218472E+01,    7.3497218472E+01,    0.0000000000E+00,    0.0000000000E+00,    0.0000000000E+00,    7.3497218472E+01
     84100,      0.676932,CP8_after_OBC,   1,    0.0000000000E+00,    7.3497218472E+01,    7.3497218472E+01,    0.0000000000E+00,    0.0000000000E+00,    0.0000000000E+00,    7.3497218472E+01
     84100,      0.676932,CP9_after_PTsource,   1,    0.0000000000E+00,    7.3497218472E+01,    7.3497218472E+01,    0.0000000000E+00,    0.0000000000E+00,    0.0000000000E+00,    7.3497218472E+01
     84100,      0.676932,CP10_after_neg_clamp,   1,    0.0000000000E+00,    7.3497218472E+01,    7.3497218472E+01,    0.0000000000E+00,    0.0000000000E+00,    0.0000000000E+00,    7.3497218472E+01
     84100,      0.676932,CP11_after_MPI,   1,    0.0000000000E+00,    7.3497218472E+01,    7.3497218472E+01,    0.0000000000E+00,    0.0000000000E+00,    0.0000000000E+00,    7.3497218472E+01
     84100,      0.676932,CP12_end,   1,    0.0000000000E+00,    7.3497218472E+01,    7.3497218472E+01,    0.0000000000E+00,    0.0000000000E+00,    0.0000000000E+00,    7.3497218472E+01
     84150,      0.676932,CP0_start,   1,    0.0000000000E+00,    7.3575174275E+01,    7.3575174275E+01,    0.0000000000E+00,    0.0000000000E+00,    0.0000000000E+00,    7.3575174275E+01
     84150,      0.676932,CP1_after_deposition,   1,    0.0000000000E+00,    7.3575174275E+01,    7.3575174275E+01,    0.0000000000E+00,    0.0000000000E+00,    0.0000000000E+00,    7.3575174275E+01
     84150,      0.676932,CP2_after_erosion,   1,    0.0000000000E+00,    7.3575174275E+01,    7.3575174275E+01,    0.0000000000E+00,    0.0000000000E+00,    0.0000000000E+00,    7.3575174275E+01
     84150,      0.676932,CP3_after_update_bottom,   1,    0.0000000000E+00,    7.3575174275E+01,    7.3575174275E+01,    0.0000000000E+00,    0.0000000000E+00,    0.0000000000E+00,    7.3575174275E+01
     84150,      0.676932,CP4_after_advection,   1,    0.0000000000E+00,    7.3577686284E+01,    7.3577686284E+01,    0.0000000000E+00,    0.0000000000E+00,    0.0000000000E+00,    7.3577686284E+01
     84150,      0.676932,CP5_after_vdif,   1,    0.0000000000E+00,    7.3577686284E+01,    7.3577686284E+01,    0.0000000000E+00,    0.0000000000E+00,    0.0000000000E+00,    7.3577686284E+01
     84150,      0.676932,CP6_after_kinetics,   1,    0.0000000000E+00,    7.3577686284E+01,    7.3577686284E+01,    0.0000000000E+00,    0.0000000000E+00,    0.0000000000E+00,    7.3577686284E+01
     84150,      0.676932,CP7_after_upper_clamp,   1,    0.0000000000E+00,    7.3577686284E+01,    7.3577686284E+01,    0.0000000000E+00,    0.0000000000E+00,    0.0000000000E+00,    7.3577686284E+01
     84150,      0.676932,CP8_after_OBC,   1,    0.0000000000E+00,    7.3577686284E+01,    7.3577686284E+01,    0.0000000000E+00,    0.0000000000E+00,    0.0000000000E+00,    7.3577686284E+01
     84150,      0.676932,CP9_after_PTsource,   1,    0.0000000000E+00,    7.3577686284E+01,    7.3577686284E+01,    0.0000000000E+00,    0.0000000000E+00,    0.0000000000E+00,    7.3577686284E+01
     84150,      0.676932,CP10_after_neg_clamp,   1,    0.0000000000E+00,    7.3577686284E+01,    7.3577686284E+01,    0.0000000000E+00,    0.0000000000E+00,    0.0000000000E+00,    7.3577686284E+01
     84150,      0.676932,CP11_after_MPI,   1,    0.0000000000E+00,    7.3577686284E+01,    7.3577686284E+01,    0.0000000000E+00,    0.0000000000E+00,    0.0000000000E+00,    7.3577686284E+01
     84150,      0.676932,CP12_end,   1,    0.0000000000E+00,    7.3577686284E+01,    7.3577686284E+01,    0.0000000000E+00,    0.0000000000E+00,    0.0000000000E+00,    7.3577686284E+01
     84200,      0.676932,CP0_start,   1,    0.0000000000E+00,    7.3655560663E+01,    7.3655560663E+01,    0.0000000000E+00,    0.0000000000E+00,    0.0000000000E+00,    7.3655560663E+01
     84200,      0.676932,CP1_after_deposition,   1,    0.0000000000E+00,    7.3655560663E+01,    7.3655560663E+01,    0.0000000000E+00,    0.0000000000E+00,    0.0000000000E+00,    7.3655560663E+01
     84200,      0.676932,CP2_after_erosion,   1,    0.0000000000E+00,    7.3655560663E+01,    7.3655560663E+01,    0.0000000000E+00,    0.0000000000E+00,    0.0000000000E+00,    7.3655560663E+01
     84200,      0.676932,CP3_after_update_bottom,   1,    0.0000000000E+00,    7.3655560663E+01,    7.3655560663E+01,    0.0000000000E+00,    0.0000000000E+00,    0.0000000000E+00,    7.3655560663E+01
     84200,      0.676932,CP4_after_advection,   1,    0.0000000000E+00,    7.3658054951E+01,    7.3658054951E+01,    0.0000000000E+00,    0.0000000000E+00,    0.0000000000E+00,    7.3658054951E+01
     84200,      0.676932,CP5_after_vdif,   1,    0.0000000000E+00,    7.3658054951E+01,    7.3658054951E+01,    0.0000000000E+00,    0.0000000000E+00,    0.0000000000E+00,    7.3658054951E+01
     84200,      0.676932,CP6_after_kinetics,   1,    0.0000000000E+00,    7.3658054951E+01,    7.3658054951E+01,    0.0000000000E+00,    0.0000000000E+00,    0.0000000000E+00,    7.3658054951E+01
     84200,      0.676932,CP7_after_upper_clamp,   1,    0.0000000000E+00,    7.3658054951E+01,    7.3658054951E+01,    0.0000000000E+00,    0.0000000000E+00,    0.0000000000E+00,    7.3658054951E+01
     84200,      0.676932,CP8_after_OBC,   1,    0.0000000000E+00,    7.3658054951E+01,    7.3658054951E+01,    0.0000000000E+00,    0.0000000000E+00,    0.0000000000E+00,    7.3658054951E+01
     84200,      0.676932,CP9_after_PTsource,   1,    0.0000000000E+00,    7.3658054951E+01,    7.3658054951E+01,    0.0000000000E+00,    0.0000000000E+00,    0.0000000000E+00,    7.3658054951E+01
     84200,      0.676932,CP10_after_neg_clamp,   1,    0.0000000000E+00,    7.3658054951E+01,    7.3658054951E+01,    0.0000000000E+00,    0.0000000000E+00,    0.0000000000E+00,    7.3658054951E+01
     84200,      0.676932,CP11_after_MPI,   1,    0.0000000000E+00,    7.3658054951E+01,    7.3658054951E+01,    0.0000000000E+00,    0.0000000000E+00,    0.0000000000E+00,    7.3658054951E+01
     84200,      0.676932,CP12_end,   1,    0.0000000000E+00,    7.3658054951E+01,    7.3658054951E+01,    0.0000000000E+00,    0.0000000000E+00,    0.0000000000E+00,    7.3658054951E+01
     84250,      0.676932,CP0_start,   1,    0.0000000000E+00,    7.3735866962E+01,    7.3735866962E+01,    0.0000000000E+00,    0.0000000000E+00,    0.0000000000E+00,    7.3735866962E+01
     84250,      0.676932,CP1_after_deposition,   1,    0.0000000000E+00,    7.3735866962E+01,    7.3735866962E+01,    0.0000000000E+00,    0.0000000000E+00,    0.0000000000E+00,    7.3735866962E+01
     84250,      0.676932,CP2_after_erosion,   1,    0.0000000000E+00,    7.3735866962E+01,    7.3735866962E+01,    0.0000000000E+00,    0.0000000000E+00,    0.0000000000E+00,    7.3735866962E+01
     84250,      0.676932,CP3_after_update_bottom,   1,    0.0000000000E+00,    7.3735866962E+01,    7.3735866962E+01,    0.0000000000E+00,    0.0000000000E+00,    0.0000000000E+00,    7.3735866962E+01
     84250,      0.676932,CP4_after_advection,   1,    0.0000000000E+00,    7.3738343380E+01,    7.3738343380E+01,    0.0000000000E+00,    0.0000000000E+00,    0.0000000000E+00,    7.3738343380E+01
     84250,      0.676932,CP5_after_vdif,   1,    0.0000000000E+00,    7.3738343380E+01,    7.3738343380E+01,    0.0000000000E+00,    0.0000000000E+00,    0.0000000000E+00,    7.3738343380E+01
     84250,      0.676932,CP6_after_kinetics,   1,    0.0000000000E+00,    7.3738343380E+01,    7.3738343380E+01,    0.0000000000E+00,    0.0000000000E+00,    0.0000000000E+00,    7.3738343380E+01
     84250,      0.676932,CP7_after_upper_clamp,   1,    0.0000000000E+00,    7.3738343380E+01,    7.3738343380E+01,    0.0000000000E+00,    0.0000000000E+00,    0.0000000000E+00,    7.3738343380E+01
     84250,      0.676932,CP8_after_OBC,   1,    0.0000000000E+00,    7.3738343380E+01,    7.3738343380E+01,    0.0000000000E+00,    0.0000000000E+00,    0.0000000000E+00,    7.3738343380E+01
     84250,      0.676932,CP9_after_PTsource,   1,    0.0000000000E+00,    7.3738343380E+01,    7.3738343380E+01,    0.0000000000E+00,    0.0000000000E+00,    0.0000000000E+00,    7.3738343380E+01
     84250,      0.676932,CP10_after_neg_clamp,   1,    0.0000000000E+00,    7.3738343380E+01,    7.3738343380E+01,    0.0000000000E+00,    0.0000000000E+00,    0.0000000000E+00,    7.3738343380E+01
     84250,      0.676932,CP11_after_MPI,   1,    0.0000000000E+00,    7.3738343380E+01,    7.3738343380E+01,    0.0000000000E+00,    0.0000000000E+00,    0.0000000000E+00,    7.3738343380E+01
     84250,      0.676932,CP12_end,   1,    0.0000000000E+00,    7.3738343380E+01,    7.3738343380E+01,    0.0000000000E+00,    0.0000000000E+00,    0.0000000000E+00,    7.3738343380E+01
     84300,      0.676932,CP0_start,   1,    0.0000000000E+00,    7.3816109882E+01,    7.3816109882E+01,    0.0000000000E+00,    0.0000000000E+00,    0.0000000000E+00,    7.3816109882E+01
     84300,      0.676932,CP1_after_deposition,   1,    0.0000000000E+00,    7.3816109882E+01,    7.3816109882E+01,    0.0000000000E+00,    0.0000000000E+00,    0.0000000000E+00,    7.3816109882E+01
     84300,      0.676932,CP2_after_erosion,   1,    0.0000000000E+00,    7.3816109882E+01,    7.3816109882E+01,    0.0000000000E+00,    0.0000000000E+00,    0.0000000000E+00,    7.3816109882E+01
     84300,      0.676932,CP3_after_update_bottom,   1,    0.0000000000E+00,    7.3816109882E+01,    7.3816109882E+01,    0.0000000000E+00,    0.0000000000E+00,    0.0000000000E+00,    7.3816109882E+01
     84300,      0.676932,CP4_after_advection,   1,    0.0000000000E+00,    7.3818570097E+01,    7.3818570097E+01,    0.0000000000E+00,    0.0000000000E+00,    0.0000000000E+00,    7.3818570097E+01
     84300,      0.676932,CP5_after_vdif,   1,    0.0000000000E+00,    7.3818570097E+01,    7.3818570097E+01,    0.0000000000E+00,    0.0000000000E+00,    0.0000000000E+00,    7.3818570097E+01
     84300,      0.676932,CP6_after_kinetics,   1,    0.0000000000E+00,    7.3818570097E+01,    7.3818570097E+01,    0.0000000000E+00,    0.0000000000E+00,    0.0000000000E+00,    7.3818570097E+01
     84300,      0.676932,CP7_after_upper_clamp,   1,    0.0000000000E+00,    7.3818570097E+01,    7.3818570097E+01,    0.0000000000E+00,    0.0000000000E+00,    0.0000000000E+00,    7.3818570097E+01
     84300,      0.676932,CP8_after_OBC,   1,    0.0000000000E+00,    7.3818570097E+01,    7.3818570097E+01,    0.0000000000E+00,    0.0000000000E+00,    0.0000000000E+00,    7.3818570097E+01
     84300,      0.676932,CP9_after_PTsource,   1,    0.0000000000E+00,    7.3818570097E+01,    7.3818570097E+01,    0.0000000000E+00,    0.0000000000E+00,    0.0000000000E+00,    7.3818570097E+01
     84300,      0.676932,CP10_after_neg_clamp,   1,    0.0000000000E+00,    7.3818570097E+01,    7.3818570097E+01,    0.0000000000E+00,    0.0000000000E+00,    0.0000000000E+00,    7.3818570097E+01
     84300,      0.676932,CP11_after_MPI,   1,    0.0000000000E+00,    7.3818570097E+01,    7.3818570097E+01,    0.0000000000E+00,    0.0000000000E+00,    0.0000000000E+00,    7.3818570097E+01
     84300,      0.676932,CP12_end,   1,    0.0000000000E+00,    7.3818570097E+01,    7.3818570097E+01,    0.0000000000E+00,    0.0000000000E+00,    0.0000000000E+00,    7.3818570097E+01
     84350,      0.676932,CP0_start,   1,    0.0000000000E+00,    7.3896277985E+01,    7.3896277985E+01,    0.0000000000E+00,    0.0000000000E+00,    0.0000000000E+00,    7.3896277985E+01
     84350,      0.676932,CP1_after_deposition,   1,    0.0000000000E+00,    7.3896277985E+01,    7.3896277985E+01,    0.0000000000E+00,    0.0000000000E+00,    0.0000000000E+00,    7.3896277985E+01
     84350,      0.676932,CP2_after_erosion,   1,    0.0000000000E+00,    7.3896277985E+01,    7.3896277985E+01,    0.0000000000E+00,    0.0000000000E+00,    0.0000000000E+00,    7.3896277985E+01
     84350,      0.676932,CP3_after_update_bottom,   1,    0.0000000000E+00,    7.3896277985E+01,    7.3896277985E+01,    0.0000000000E+00,    0.0000000000E+00,    0.0000000000E+00,    7.3896277985E+01
     84350,      0.676932,CP4_after_advection,   1,    0.0000000000E+00,    7.3898721168E+01,    7.3898721168E+01,    0.0000000000E+00,    0.0000000000E+00,    0.0000000000E+00,    7.3898721168E+01
     84350,      0.676932,CP5_after_vdif,   1,    0.0000000000E+00,    7.3898721168E+01,    7.3898721168E+01,    0.0000000000E+00,    0.0000000000E+00,    0.0000000000E+00,    7.3898721168E+01
     84350,      0.676932,CP6_after_kinetics,   1,    0.0000000000E+00,    7.3898721168E+01,    7.3898721168E+01,    0.0000000000E+00,    0.0000000000E+00,    0.0000000000E+00,    7.3898721168E+01
     84350,      0.676932,CP7_after_upper_clamp,   1,    0.0000000000E+00,    7.3898721168E+01,    7.3898721168E+01,    0.0000000000E+00,    0.0000000000E+00,    0.0000000000E+00,    7.3898721168E+01
     84350,      0.676932,CP8_after_OBC,   1,    0.0000000000E+00,    7.3898721168E+01,    7.3898721168E+01,    0.0000000000E+00,    0.0000000000E+00,    0.0000000000E+00,    7.3898721168E+01
     84350,      0.676932,CP9_after_PTsource,   1,    0.0000000000E+00,    7.3898721168E+01,    7.3898721168E+01,    0.0000000000E+00,    0.0000000000E+00,    0.0000000000E+00,    7.3898721168E+01
     84350,      0.676932,CP10_after_neg_clamp,   1,    0.0000000000E+00,    7.3898721168E+01,    7.3898721168E+01,    0.0000000000E+00,    0.0000000000E+00,    0.0000000000E+00,    7.3898721168E+01
     84350,      0.676932,CP11_after_MPI,   1,    0.0000000000E+00,    7.3898721168E+01,    7.3898721168E+01,    0.0000000000E+00,    0.0000000000E+00,    0.0000000000E+00,    7.3898721168E+01
     84350,      0.676932,CP12_end,   1,    0.0000000000E+00,    7.3898721168E+01,    7.3898721168E+01,    0.0000000000E+00,    0.0000000000E+00,    0.0000000000E+00,    7.3898721168E+01
     84400,      0.676932,CP0_start,   1,    0.0000000000E+00,    7.3976347545E+01,    7.3976347545E+01,    0.0000000000E+00,    0.0000000000E+00,    0.0000000000E+00,    7.3976347545E+01
     84400,      0.676932,CP1_after_deposition,   1,    0.0000000000E+00,    7.3976347545E+01,    7.3976347545E+01,    0.0000000000E+00,    0.0000000000E+00,    0.0000000000E+00,    7.3976347545E+01
     84400,      0.676932,CP2_after_erosion,   1,    0.0000000000E+00,    7.3976347545E+01,    7.3976347545E+01,    0.0000000000E+00,    0.0000000000E+00,    0.0000000000E+00,    7.3976347545E+01
     84400,      0.676932,CP3_after_update_bottom,   1,    0.0000000000E+00,    7.3976347545E+01,    7.3976347545E+01,    0.0000000000E+00,    0.0000000000E+00,    0.0000000000E+00,    7.3976347545E+01
     84400,      0.676932,CP4_after_advection,   1,    0.0000000000E+00,    7.3978770434E+01,    7.3978770434E+01,    0.0000000000E+00,    0.0000000000E+00,    0.0000000000E+00,    7.3978770434E+01
     84400,      0.676932,CP5_after_vdif,   1,    0.0000000000E+00,    7.3978770434E+01,    7.3978770434E+01,    0.0000000000E+00,    0.0000000000E+00,    0.0000000000E+00,    7.3978770434E+01
     84400,      0.676932,CP6_after_kinetics,   1,    0.0000000000E+00,    7.3978770434E+01,    7.3978770434E+01,    0.0000000000E+00,    0.0000000000E+00,    0.0000000000E+00,    7.3978770434E+01
     84400,      0.676932,CP7_after_upper_clamp,   1,    0.0000000000E+00,    7.3978770434E+01,    7.3978770434E+01,    0.0000000000E+00,    0.0000000000E+00,    0.0000000000E+00,    7.3978770434E+01
     84400,      0.676932,CP8_after_OBC,   1,    0.0000000000E+00,    7.3978770434E+01,    7.3978770434E+01,    0.0000000000E+00,    0.0000000000E+00,    0.0000000000E+00,    7.3978770434E+01
     84400,      0.676932,CP9_after_PTsource,   1,    0.0000000000E+00,    7.3978770434E+01,    7.3978770434E+01,    0.0000000000E+00,    0.0000000000E+00,    0.0000000000E+00,    7.3978770434E+01
     84400,      0.676932,CP10_after_neg_clamp,   1,    0.0000000000E+00,    7.3978770434E+01,    7.3978770434E+01,    0.0000000000E+00,    0.0000000000E+00,    0.0000000000E+00,    7.3978770434E+01
     84400,      0.676932,CP11_after_MPI,   1,    0.0000000000E+00,    7.3978770434E+01,    7.3978770434E+01,    0.0000000000E+00,    0.0000000000E+00,    0.0000000000E+00,    7.3978770434E+01
     84400,      0.676932,CP12_end,   1,    0.0000000000E+00,    7.3978770434E+01,    7.3978770434E+01,    0.0000000000E+00,    0.0000000000E+00,    0.0000000000E+00,    7.3978770434E+01
     84450,      0.676932,CP0_start,   1,    0.0000000000E+00,    7.4056333204E+01,    7.4056333204E+01,    0.0000000000E+00,    0.0000000000E+00,    0.0000000000E+00,    7.4056333204E+01
     84450,      0.676932,CP1_after_deposition,   1,    0.0000000000E+00,    7.4056333204E+01,    7.4056333204E+01,    0.0000000000E+00,    0.0000000000E+00,    0.0000000000E+00,    7.4056333204E+01
     84450,      0.676932,CP2_after_erosion,   1,    0.0000000000E+00,    7.4056333204E+01,    7.4056333204E+01,    0.0000000000E+00,    0.0000000000E+00,    0.0000000000E+00,    7.4056333204E+01
     84450,      0.676932,CP3_after_update_bottom,   1,    0.0000000000E+00,    7.4056333204E+01,    7.4056333204E+01,    0.0000000000E+00,    0.0000000000E+00,    0.0000000000E+00,    7.4056333204E+01
     84450,      0.676932,CP4_after_advection,   1,    0.0000000000E+00,    7.4058737238E+01,    7.4058737238E+01,    0.0000000000E+00,    0.0000000000E+00,    0.0000000000E+00,    7.4058737238E+01
     84450,      0.676932,CP5_after_vdif,   1,    0.0000000000E+00,    7.4058737238E+01,    7.4058737238E+01,    0.0000000000E+00,    0.0000000000E+00,    0.0000000000E+00,    7.4058737238E+01
     84450,      0.676932,CP6_after_kinetics,   1,    0.0000000000E+00,    7.4058737238E+01,    7.4058737238E+01,    0.0000000000E+00,    0.0000000000E+00,    0.0000000000E+00,    7.4058737238E+01
     84450,      0.676932,CP7_after_upper_clamp,   1,    0.0000000000E+00,    7.4058737238E+01,    7.4058737238E+01,    0.0000000000E+00,    0.0000000000E+00,    0.0000000000E+00,    7.4058737238E+01
     84450,      0.676932,CP8_after_OBC,   1,    0.0000000000E+00,    7.4058737238E+01,    7.4058737238E+01,    0.0000000000E+00,    0.0000000000E+00,    0.0000000000E+00,    7.4058737238E+01
     84450,      0.676932,CP9_after_PTsource,   1,    0.0000000000E+00,    7.4058737238E+01,    7.4058737238E+01,    0.0000000000E+00,    0.0000000000E+00,    0.0000000000E+00,    7.4058737238E+01
     84450,      0.676932,CP10_after_neg_clamp,   1,    0.0000000000E+00,    7.4058737238E+01,    7.4058737238E+01,    0.0000000000E+00,    0.0000000000E+00,    0.0000000000E+00,    7.4058737238E+01
     84450,      0.676932,CP11_after_MPI,   1,    0.0000000000E+00,    7.4058737238E+01,    7.4058737238E+01,    0.0000000000E+00,    0.0000000000E+00,    0.0000000000E+00,    7.4058737238E+01
     84450,      0.676932,CP12_end,   1,    0.0000000000E+00,    7.4058737238E+01,    7.4058737238E+01,    0.0000000000E+00,    0.0000000000E+00,    0.0000000000E+00,    7.4058737238E+01
     84500,      0.676932,CP0_start,   1,    0.0000000000E+00,    7.4136234377E+01,    7.4136234377E+01,    0.0000000000E+00,    0.0000000000E+00,    0.0000000000E+00,    7.4136234377E+01
     84500,      0.676932,CP1_after_deposition,   1,    0.0000000000E+00,    7.4136234377E+01,    7.4136234377E+01,    0.0000000000E+00,    0.0000000000E+00,    0.0000000000E+00,    7.4136234377E+01
     84500,      0.676932,CP2_after_erosion,   1,    0.0000000000E+00,    7.4136234377E+01,    7.4136234377E+01,    0.0000000000E+00,    0.0000000000E+00,    0.0000000000E+00,    7.4136234377E+01
     84500,      0.676932,CP3_after_update_bottom,   1,    0.0000000000E+00,    7.4136234377E+01,    7.4136234377E+01,    0.0000000000E+00,    0.0000000000E+00,    0.0000000000E+00,    7.4136234377E+01
     84500,      0.676932,CP4_after_advection,   1,    0.0000000000E+00,    7.4138618540E+01,    7.4138618540E+01,    0.0000000000E+00,    0.0000000000E+00,    0.0000000000E+00,    7.4138618540E+01
     84500,      0.676932,CP5_after_vdif,   1,    0.0000000000E+00,    7.4138618540E+01,    7.4138618540E+01,    0.0000000000E+00,    0.0000000000E+00,    0.0000000000E+00,    7.4138618540E+01
     84500,      0.676932,CP6_after_kinetics,   1,    0.0000000000E+00,    7.4138618540E+01,    7.4138618540E+01,    0.0000000000E+00,    0.0000000000E+00,    0.0000000000E+00,    7.4138618540E+01
     84500,      0.676932,CP7_after_upper_clamp,   1,    0.0000000000E+00,    7.4138618540E+01,    7.4138618540E+01,    0.0000000000E+00,    0.0000000000E+00,    0.0000000000E+00,    7.4138618540E+01
     84500,      0.676932,CP8_after_OBC,   1,    0.0000000000E+00,    7.4138618540E+01,    7.4138618540E+01,    0.0000000000E+00,    0.0000000000E+00,    0.0000000000E+00,    7.4138618540E+01
     84500,      0.676932,CP9_after_PTsource,   1,    0.0000000000E+00,    7.4138618540E+01,    7.4138618540E+01,    0.0000000000E+00,    0.0000000000E+00,    0.0000000000E+00,    7.4138618540E+01
     84500,      0.676932,CP10_after_neg_clamp,   1,    0.0000000000E+00,    7.4138618540E+01,    7.4138618540E+01,    0.0000000000E+00,    0.0000000000E+00,    0.0000000000E+00,    7.4138618540E+01
     84500,      0.676932,CP11_after_MPI,   1,    0.0000000000E+00,    7.4138618540E+01,    7.4138618540E+01,    0.0000000000E+00,    0.0000000000E+00,    0.0000000000E+00,    7.4138618540E+01
     84500,      0.676932,CP12_end,   1,    0.0000000000E+00,    7.4138618540E+01,    7.4138618540E+01,    0.0000000000E+00,    0.0000000000E+00,    0.0000000000E+00,    7.4138618540E+01
     84550,      0.676932,CP0_start,   1,    0.0000000000E+00,    7.4216050302E+01,    7.4216050302E+01,    0.0000000000E+00,    0.0000000000E+00,    0.0000000000E+00,    7.4216050302E+01
     84550,      0.676932,CP1_after_deposition,   1,    0.0000000000E+00,    7.4216050302E+01,    7.4216050302E+01,    0.0000000000E+00,    0.0000000000E+00,    0.0000000000E+00,    7.4216050302E+01
     84550,      0.676932,CP2_after_erosion,   1,    0.0000000000E+00,    7.4216050302E+01,    7.4216050302E+01,    0.0000000000E+00,    0.0000000000E+00,    0.0000000000E+00,    7.4216050302E+01
     84550,      0.676932,CP3_after_update_bottom,   1,    0.0000000000E+00,    7.4216050302E+01,    7.4216050302E+01,    0.0000000000E+00,    0.0000000000E+00,    0.0000000000E+00,    7.4216050302E+01
     84550,      0.676932,CP4_after_advection,   1,    0.0000000000E+00,    7.4218413933E+01,    7.4218413933E+01,    0.0000000000E+00,    0.0000000000E+00,    0.0000000000E+00,    7.4218413933E+01
     84550,      0.676932,CP5_after_vdif,   1,    0.0000000000E+00,    7.4218413933E+01,    7.4218413933E+01,    0.0000000000E+00,    0.0000000000E+00,    0.0000000000E+00,    7.4218413933E+01
     84550,      0.676932,CP6_after_kinetics,   1,    0.0000000000E+00,    7.4218413933E+01,    7.4218413933E+01,    0.0000000000E+00,    0.0000000000E+00,    0.0000000000E+00,    7.4218413933E+01
     84550,      0.676932,CP7_after_upper_clamp,   1,    0.0000000000E+00,    7.4218413933E+01,    7.4218413933E+01,    0.0000000000E+00,    0.0000000000E+00,    0.0000000000E+00,    7.4218413933E+01
     84550,      0.676932,CP8_after_OBC,   1,    0.0000000000E+00,    7.4218413933E+01,    7.4218413933E+01,    0.0000000000E+00,    0.0000000000E+00,    0.0000000000E+00,    7.4218413933E+01
     84550,      0.676932,CP9_after_PTsource,   1,    0.0000000000E+00,    7.4218413933E+01,    7.4218413933E+01,    0.0000000000E+00,    0.0000000000E+00,    0.0000000000E+00,    7.4218413933E+01
     84550,      0.676932,CP10_after_neg_clamp,   1,    0.0000000000E+00,    7.4218413933E+01,    7.4218413933E+01,    0.0000000000E+00,    0.0000000000E+00,    0.0000000000E+00,    7.4218413933E+01
     84550,      0.676932,CP11_after_MPI,   1,    0.0000000000E+00,    7.4218413933E+01,    7.4218413933E+01,    0.0000000000E+00,    0.0000000000E+00,    0.0000000000E+00,    7.4218413933E+01
     84550,      0.676932,CP12_end,   1,    0.0000000000E+00,    7.4218413933E+01,    7.4218413933E+01,    0.0000000000E+00,    0.0000000000E+00,    0.0000000000E+00,    7.4218413933E+01
     84600,      0.676932,CP0_start,   1,    0.0000000000E+00,    7.4295738262E+01,    7.4295738262E+01,    0.0000000000E+00,    0.0000000000E+00,    0.0000000000E+00,    7.4295738262E+01
     84600,      0.676932,CP1_after_deposition,   1,    0.0000000000E+00,    7.4295738262E+01,    7.4295738262E+01,    0.0000000000E+00,    0.0000000000E+00,    0.0000000000E+00,    7.4295738262E+01
     84600,      0.676932,CP2_after_erosion,   1,    0.0000000000E+00,    7.4295738262E+01,    7.4295738262E+01,    0.0000000000E+00,    0.0000000000E+00,    0.0000000000E+00,    7.4295738262E+01
     84600,      0.676932,CP3_after_update_bottom,   1,    0.0000000000E+00,    7.4295738262E+01,    7.4295738262E+01,    0.0000000000E+00,    0.0000000000E+00,    0.0000000000E+00,    7.4295738262E+01
     84600,      0.676932,CP4_after_advection,   1,    0.0000000000E+00,    7.4298080344E+01,    7.4298080344E+01,    0.0000000000E+00,    0.0000000000E+00,    0.0000000000E+00,    7.4298080344E+01
     84600,      0.676932,CP5_after_vdif,   1,    0.0000000000E+00,    7.4298080344E+01,    7.4298080344E+01,    0.0000000000E+00,    0.0000000000E+00,    0.0000000000E+00,    7.4298080344E+01
     84600,      0.676932,CP6_after_kinetics,   1,    0.0000000000E+00,    7.4298080344E+01,    7.4298080344E+01,    0.0000000000E+00,    0.0000000000E+00,    0.0000000000E+00,    7.4298080344E+01
     84600,      0.676932,CP7_after_upper_clamp,   1,    0.0000000000E+00,    7.4298080344E+01,    7.4298080344E+01,    0.0000000000E+00,    0.0000000000E+00,    0.0000000000E+00,    7.4298080344E+01
     84600,      0.676932,CP8_after_OBC,   1,    0.0000000000E+00,    7.4298080344E+01,    7.4298080344E+01,    0.0000000000E+00,    0.0000000000E+00,    0.0000000000E+00,    7.4298080344E+01
     84600,      0.676932,CP9_after_PTsource,   1,    0.0000000000E+00,    7.4298080344E+01,    7.4298080344E+01,    0.0000000000E+00,    0.0000000000E+00,    0.0000000000E+00,    7.4298080344E+01
     84600,      0.676932,CP10_after_neg_clamp,   1,    0.0000000000E+00,    7.4298080344E+01,    7.4298080344E+01,    0.0000000000E+00,    0.0000000000E+00,    0.0000000000E+00,    7.4298080344E+01
     84600,      0.676932,CP11_after_MPI,   1,    0.0000000000E+00,    7.4298080344E+01,    7.4298080344E+01,    0.0000000000E+00,    0.0000000000E+00,    0.0000000000E+00,    7.4298080344E+01
     84600,      0.676932,CP12_end,   1,    0.0000000000E+00,    7.4298080344E+01,    7.4298080344E+01,    0.0000000000E+00,    0.0000000000E+00,    0.0000000000E+00,    7.4298080344E+01
     84650,      0.676932,CP0_start,   1,    0.0000000000E+00,    7.4375323100E+01,    7.4375323100E+01,    0.0000000000E+00,    0.0000000000E+00,    0.0000000000E+00,    7.4375323100E+01
     84650,      0.676932,CP1_after_deposition,   1,    0.0000000000E+00,    7.4375323100E+01,    7.4375323100E+01,    0.0000000000E+00,    0.0000000000E+00,    0.0000000000E+00,    7.4375323100E+01
     84650,      0.676932,CP2_after_erosion,   1,    0.0000000000E+00,    7.4375323100E+01,    7.4375323100E+01,    0.0000000000E+00,    0.0000000000E+00,    0.0000000000E+00,    7.4375323100E+01
     84650,      0.676932,CP3_after_update_bottom,   1,    0.0000000000E+00,    7.4375323100E+01,    7.4375323100E+01,    0.0000000000E+00,    0.0000000000E+00,    0.0000000000E+00,    7.4375323100E+01
     84650,      0.676932,CP4_after_advection,   1,    0.0000000000E+00,    7.4377638560E+01,    7.4377638560E+01,    0.0000000000E+00,    0.0000000000E+00,    0.0000000000E+00,    7.4377638560E+01
     84650,      0.676932,CP5_after_vdif,   1,    0.0000000000E+00,    7.4377638560E+01,    7.4377638560E+01,    0.0000000000E+00,    0.0000000000E+00,    0.0000000000E+00,    7.4377638560E+01
     84650,      0.676932,CP6_after_kinetics,   1,    0.0000000000E+00,    7.4377638560E+01,    7.4377638560E+01,    0.0000000000E+00,    0.0000000000E+00,    0.0000000000E+00,    7.4377638560E+01
     84650,      0.676932,CP7_after_upper_clamp,   1,    0.0000000000E+00,    7.4377638560E+01,    7.4377638560E+01,    0.0000000000E+00,    0.0000000000E+00,    0.0000000000E+00,    7.4377638560E+01
     84650,      0.676932,CP8_after_OBC,   1,    0.0000000000E+00,    7.4377638560E+01,    7.4377638560E+01,    0.0000000000E+00,    0.0000000000E+00,    0.0000000000E+00,    7.4377638560E+01
     84650,      0.676932,CP9_after_PTsource,   1,    0.0000000000E+00,    7.4377638560E+01,    7.4377638560E+01,    0.0000000000E+00,    0.0000000000E+00,    0.0000000000E+00,    7.4377638560E+01
     84650,      0.676932,CP10_after_neg_clamp,   1,    0.0000000000E+00,    7.4377638560E+01,    7.4377638560E+01,    0.0000000000E+00,    0.0000000000E+00,    0.0000000000E+00,    7.4377638560E+01
     84650,      0.676932,CP11_after_MPI,   1,    0.0000000000E+00,    7.4377638560E+01,    7.4377638560E+01,    0.0000000000E+00,    0.0000000000E+00,    0.0000000000E+00,    7.4377638560E+01
     84650,      0.676932,CP12_end,   1,    0.0000000000E+00,    7.4377638560E+01,    7.4377638560E+01,    0.0000000000E+00,    0.0000000000E+00,    0.0000000000E+00,    7.4377638560E+01
     84700,      0.676932,CP0_start,   1,    0.0000000000E+00,    7.4454785045E+01,    7.4454785045E+01,    0.0000000000E+00,    0.0000000000E+00,    0.0000000000E+00,    7.4454785045E+01
     84700,      0.676932,CP1_after_deposition,   1,    0.0000000000E+00,    7.4454785045E+01,    7.4454785045E+01,    0.0000000000E+00,    0.0000000000E+00,    0.0000000000E+00,    7.4454785045E+01
     84700,      0.676932,CP2_after_erosion,   1,    0.0000000000E+00,    7.4454785045E+01,    7.4454785045E+01,    0.0000000000E+00,    0.0000000000E+00,    0.0000000000E+00,    7.4454785045E+01
     84700,      0.676932,CP3_after_update_bottom,   1,    0.0000000000E+00,    7.4454785045E+01,    7.4454785045E+01,    0.0000000000E+00,    0.0000000000E+00,    0.0000000000E+00,    7.4454785045E+01
     84700,      0.676932,CP4_after_advection,   1,    0.0000000000E+00,    7.4457077953E+01,    7.4457077953E+01,    0.0000000000E+00,    0.0000000000E+00,    0.0000000000E+00,    7.4457077953E+01
     84700,      0.676932,CP5_after_vdif,   1,    0.0000000000E+00,    7.4457077953E+01,    7.4457077953E+01,    0.0000000000E+00,    0.0000000000E+00,    0.0000000000E+00,    7.4457077953E+01
     84700,      0.676932,CP6_after_kinetics,   1,    0.0000000000E+00,    7.4457077953E+01,    7.4457077953E+01,    0.0000000000E+00,    0.0000000000E+00,    0.0000000000E+00,    7.4457077953E+01
     84700,      0.676932,CP7_after_upper_clamp,   1,    0.0000000000E+00,    7.4457077953E+01,    7.4457077953E+01,    0.0000000000E+00,    0.0000000000E+00,    0.0000000000E+00,    7.4457077953E+01
     84700,      0.676932,CP8_after_OBC,   1,    0.0000000000E+00,    7.4457077953E+01,    7.4457077953E+01,    0.0000000000E+00,    0.0000000000E+00,    0.0000000000E+00,    7.4457077953E+01
     84700,      0.676932,CP9_after_PTsource,   1,    0.0000000000E+00,    7.4457077953E+01,    7.4457077953E+01,    0.0000000000E+00,    0.0000000000E+00,    0.0000000000E+00,    7.4457077953E+01
     84700,      0.676932,CP10_after_neg_clamp,   1,    0.0000000000E+00,    7.4457077953E+01,    7.4457077953E+01,    0.0000000000E+00,    0.0000000000E+00,    0.0000000000E+00,    7.4457077953E+01
     84700,      0.676932,CP11_after_MPI,   1,    0.0000000000E+00,    7.4457077953E+01,    7.4457077953E+01,    0.0000000000E+00,    0.0000000000E+00,    0.0000000000E+00,    7.4457077953E+01
     84700,      0.676932,CP12_end,   1,    0.0000000000E+00,    7.4457077953E+01,    7.4457077953E+01,    0.0000000000E+00,    0.0000000000E+00,    0.0000000000E+00,    7.4457077953E+01
     84750,      0.676932,CP0_start,   1,    0.0000000000E+00,    7.4534124482E+01,    7.4534124482E+01,    0.0000000000E+00,    0.0000000000E+00,    0.0000000000E+00,    7.4534124482E+01
     84750,      0.676932,CP1_after_deposition,   1,    0.0000000000E+00,    7.4534124482E+01,    7.4534124482E+01,    0.0000000000E+00,    0.0000000000E+00,    0.0000000000E+00,    7.4534124482E+01
     84750,      0.676932,CP2_after_erosion,   1,    0.0000000000E+00,    7.4534124482E+01,    7.4534124482E+01,    0.0000000000E+00,    0.0000000000E+00,    0.0000000000E+00,    7.4534124482E+01
     84750,      0.676932,CP3_after_update_bottom,   1,    0.0000000000E+00,    7.4534124482E+01,    7.4534124482E+01,    0.0000000000E+00,    0.0000000000E+00,    0.0000000000E+00,    7.4534124482E+01
     84750,      0.676932,CP4_after_advection,   1,    0.0000000000E+00,    7.4536392256E+01,    7.4536392256E+01,    0.0000000000E+00,    0.0000000000E+00,    0.0000000000E+00,    7.4536392256E+01
     84750,      0.676932,CP5_after_vdif,   1,    0.0000000000E+00,    7.4536392256E+01,    7.4536392256E+01,    0.0000000000E+00,    0.0000000000E+00,    0.0000000000E+00,    7.4536392256E+01
     84750,      0.676932,CP6_after_kinetics,   1,    0.0000000000E+00,    7.4536392256E+01,    7.4536392256E+01,    0.0000000000E+00,    0.0000000000E+00,    0.0000000000E+00,    7.4536392256E+01
     84750,      0.676932,CP7_after_upper_clamp,   1,    0.0000000000E+00,    7.4536392256E+01,    7.4536392256E+01,    0.0000000000E+00,    0.0000000000E+00,    0.0000000000E+00,    7.4536392256E+01
     84750,      0.676932,CP8_after_OBC,   1,    0.0000000000E+00,    7.4536392256E+01,    7.4536392256E+01,    0.0000000000E+00,    0.0000000000E+00,    0.0000000000E+00,    7.4536392256E+01
     84750,      0.676932,CP9_after_PTsource,   1,    0.0000000000E+00,    7.4536392256E+01,    7.4536392256E+01,    0.0000000000E+00,    0.0000000000E+00,    0.0000000000E+00,    7.4536392256E+01
     84750,      0.676932,CP10_after_neg_clamp,   1,    0.0000000000E+00,    7.4536392256E+01,    7.4536392256E+01,    0.0000000000E+00,    0.0000000000E+00,    0.0000000000E+00,    7.4536392256E+01
     84750,      0.676932,CP11_after_MPI,   1,    0.0000000000E+00,    7.4536392256E+01,    7.4536392256E+01,    0.0000000000E+00,    0.0000000000E+00,    0.0000000000E+00,    7.4536392256E+01
     84750,      0.676932,CP12_end,   1,    0.0000000000E+00,    7.4536392256E+01,    7.4536392256E+01,    0.0000000000E+00,    0.0000000000E+00,    0.0000000000E+00,    7.4536392256E+01
     84800,      0.676932,CP0_start,   1,    0.0000000000E+00,    7.4613376391E+01,    7.4613376391E+01,    0.0000000000E+00,    0.0000000000E+00,    0.0000000000E+00,    7.4613376391E+01
     84800,      0.676932,CP1_after_deposition,   1,    0.0000000000E+00,    7.4613376391E+01,    7.4613376391E+01,    0.0000000000E+00,    0.0000000000E+00,    0.0000000000E+00,    7.4613376391E+01
     84800,      0.676932,CP2_after_erosion,   1,    0.0000000000E+00,    7.4613376391E+01,    7.4613376391E+01,    0.0000000000E+00,    0.0000000000E+00,    0.0000000000E+00,    7.4613376391E+01
     84800,      0.676932,CP3_after_update_bottom,   1,    0.0000000000E+00,    7.4613376391E+01,    7.4613376391E+01,    0.0000000000E+00,    0.0000000000E+00,    0.0000000000E+00,    7.4613376391E+01
     84800,      0.676932,CP4_after_advection,   1,    0.0000000000E+00,    7.4615620868E+01,    7.4615620868E+01,    0.0000000000E+00,    0.0000000000E+00,    0.0000000000E+00,    7.4615620868E+01
     84800,      0.676932,CP5_after_vdif,   1,    0.0000000000E+00,    7.4615620868E+01,    7.4615620868E+01,    0.0000000000E+00,    0.0000000000E+00,    0.0000000000E+00,    7.4615620868E+01
     84800,      0.676932,CP6_after_kinetics,   1,    0.0000000000E+00,    7.4615620868E+01,    7.4615620868E+01,    0.0000000000E+00,    0.0000000000E+00,    0.0000000000E+00,    7.4615620868E+01
     84800,      0.676932,CP7_after_upper_clamp,   1,    0.0000000000E+00,    7.4615620868E+01,    7.4615620868E+01,    0.0000000000E+00,    0.0000000000E+00,    0.0000000000E+00,    7.4615620868E+01
     84800,      0.676932,CP8_after_OBC,   1,    0.0000000000E+00,    7.4615620868E+01,    7.4615620868E+01,    0.0000000000E+00,    0.0000000000E+00,    0.0000000000E+00,    7.4615620868E+01
     84800,      0.676932,CP9_after_PTsource,   1,    0.0000000000E+00,    7.4615620868E+01,    7.4615620868E+01,    0.0000000000E+00,    0.0000000000E+00,    0.0000000000E+00,    7.4615620868E+01
     84800,      0.676932,CP10_after_neg_clamp,   1,    0.0000000000E+00,    7.4615620868E+01,    7.4615620868E+01,    0.0000000000E+00,    0.0000000000E+00,    0.0000000000E+00,    7.4615620868E+01
     84800,      0.676932,CP11_after_MPI,   1,    0.0000000000E+00,    7.4615620868E+01,    7.4615620868E+01,    0.0000000000E+00,    0.0000000000E+00,    0.0000000000E+00,    7.4615620868E+01
     84800,      0.676932,CP12_end,   1,    0.0000000000E+00,    7.4615620868E+01,    7.4615620868E+01,    0.0000000000E+00,    0.0000000000E+00,    0.0000000000E+00,    7.4615620868E+01
     84850,      0.676932,CP0_start,   1,    0.0000000000E+00,    7.4692516882E+01,    7.4692516882E+01,    0.0000000000E+00,    0.0000000000E+00,    0.0000000000E+00,    7.4692516882E+01
     84850,      0.676932,CP1_after_deposition,   1,    0.0000000000E+00,    7.4692516882E+01,    7.4692516882E+01,    0.0000000000E+00,    0.0000000000E+00,    0.0000000000E+00,    7.4692516882E+01
     84850,      0.676932,CP2_after_erosion,   1,    0.0000000000E+00,    7.4692516882E+01,    7.4692516882E+01,    0.0000000000E+00,    0.0000000000E+00,    0.0000000000E+00,    7.4692516882E+01
     84850,      0.676932,CP3_after_update_bottom,   1,    0.0000000000E+00,    7.4692516882E+01,    7.4692516882E+01,    0.0000000000E+00,    0.0000000000E+00,    0.0000000000E+00,    7.4692516882E+01
     84850,      0.676932,CP4_after_advection,   1,    0.0000000000E+00,    7.4694737622E+01,    7.4694737622E+01,    0.0000000000E+00,    0.0000000000E+00,    0.0000000000E+00,    7.4694737622E+01
     84850,      0.676932,CP5_after_vdif,   1,    0.0000000000E+00,    7.4694737622E+01,    7.4694737622E+01,    0.0000000000E+00,    0.0000000000E+00,    0.0000000000E+00,    7.4694737622E+01
     84850,      0.676932,CP6_after_kinetics,   1,    0.0000000000E+00,    7.4694737622E+01,    7.4694737622E+01,    0.0000000000E+00,    0.0000000000E+00,    0.0000000000E+00,    7.4694737622E+01
     84850,      0.676932,CP7_after_upper_clamp,   1,    0.0000000000E+00,    7.4694737622E+01,    7.4694737622E+01,    0.0000000000E+00,    0.0000000000E+00,    0.0000000000E+00,    7.4694737622E+01
     84850,      0.676932,CP8_after_OBC,   1,    0.0000000000E+00,    7.4694737622E+01,    7.4694737622E+01,    0.0000000000E+00,    0.0000000000E+00,    0.0000000000E+00,    7.4694737622E+01
     84850,      0.676932,CP9_after_PTsource,   1,    0.0000000000E+00,    7.4694737622E+01,    7.4694737622E+01,    0.0000000000E+00,    0.0000000000E+00,    0.0000000000E+00,    7.4694737622E+01
     84850,      0.676932,CP10_after_neg_clamp,   1,    0.0000000000E+00,    7.4694737622E+01,    7.4694737622E+01,    0.0000000000E+00,    0.0000000000E+00,    0.0000000000E+00,    7.4694737622E+01
     84850,      0.676932,CP11_after_MPI,   1,    0.0000000000E+00,    7.4694737622E+01,    7.4694737622E+01,    0.0000000000E+00,    0.0000000000E+00,    0.0000000000E+00,    7.4694737622E+01
     84850,      0.676932,CP12_end,   1,    0.0000000000E+00,    7.4694737622E+01,    7.4694737622E+01,    0.0000000000E+00,    0.0000000000E+00,    0.0000000000E+00,    7.4694737622E+01
     84900,      0.676932,CP0_start,   1,    0.0000000000E+00,    7.4771613382E+01,    7.4771613382E+01,    0.0000000000E+00,    0.0000000000E+00,    0.0000000000E+00,    7.4771613382E+01
     84900,      0.676932,CP1_after_deposition,   1,    0.0000000000E+00,    7.4771613382E+01,    7.4771613382E+01,    0.0000000000E+00,    0.0000000000E+00,    0.0000000000E+00,    7.4771613382E+01
     84900,      0.676932,CP2_after_erosion,   1,    0.0000000000E+00,    7.4771613382E+01,    7.4771613382E+01,    0.0000000000E+00,    0.0000000000E+00,    0.0000000000E+00,    7.4771613382E+01
     84900,      0.676932,CP3_after_update_bottom,   1,    0.0000000000E+00,    7.4771613382E+01,    7.4771613382E+01,    0.0000000000E+00,    0.0000000000E+00,    0.0000000000E+00,    7.4771613382E+01
     84900,      0.676932,CP4_after_advection,   1,    0.0000000000E+00,    7.4773808995E+01,    7.4773808995E+01,    0.0000000000E+00,    0.0000000000E+00,    0.0000000000E+00,    7.4773808995E+01
     84900,      0.676932,CP5_after_vdif,   1,    0.0000000000E+00,    7.4773808995E+01,    7.4773808995E+01,    0.0000000000E+00,    0.0000000000E+00,    0.0000000000E+00,    7.4773808995E+01
     84900,      0.676932,CP6_after_kinetics,   1,    0.0000000000E+00,    7.4773808995E+01,    7.4773808995E+01,    0.0000000000E+00,    0.0000000000E+00,    0.0000000000E+00,    7.4773808995E+01
     84900,      0.676932,CP7_after_upper_clamp,   1,    0.0000000000E+00,    7.4773808995E+01,    7.4773808995E+01,    0.0000000000E+00,    0.0000000000E+00,    0.0000000000E+00,    7.4773808995E+01
     84900,      0.676932,CP8_after_OBC,   1,    0.0000000000E+00,    7.4773808995E+01,    7.4773808995E+01,    0.0000000000E+00,    0.0000000000E+00,    0.0000000000E+00,    7.4773808995E+01
     84900,      0.676932,CP9_after_PTsource,   1,    0.0000000000E+00,    7.4773808995E+01,    7.4773808995E+01,    0.0000000000E+00,    0.0000000000E+00,    0.0000000000E+00,    7.4773808995E+01
     84900,      0.676932,CP10_after_neg_clamp,   1,    0.0000000000E+00,    7.4773808995E+01,    7.4773808995E+01,    0.0000000000E+00,    0.0000000000E+00,    0.0000000000E+00,    7.4773808995E+01
     84900,      0.676932,CP11_after_MPI,   1,    0.0000000000E+00,    7.4773808995E+01,    7.4773808995E+01,    0.0000000000E+00,    0.0000000000E+00,    0.0000000000E+00,    7.4773808995E+01
     84900,      0.676932,CP12_end,   1,    0.0000000000E+00,    7.4773808995E+01,    7.4773808995E+01,    0.0000000000E+00,    0.0000000000E+00,    0.0000000000E+00,    7.4773808995E+01
     84950,      0.676932,CP0_start,   1,    0.0000000000E+00,    7.4850648957E+01,    7.4850648957E+01,    0.0000000000E+00,    0.0000000000E+00,    0.0000000000E+00,    7.4850648957E+01
     84950,      0.676932,CP1_after_deposition,   1,    0.0000000000E+00,    7.4850648957E+01,    7.4850648957E+01,    0.0000000000E+00,    0.0000000000E+00,    0.0000000000E+00,    7.4850648957E+01
     84950,      0.676932,CP2_after_erosion,   1,    0.0000000000E+00,    7.4850648957E+01,    7.4850648957E+01,    0.0000000000E+00,    0.0000000000E+00,    0.0000000000E+00,    7.4850648957E+01
     84950,      0.676932,CP3_after_update_bottom,   1,    0.0000000000E+00,    7.4850648957E+01,    7.4850648957E+01,    0.0000000000E+00,    0.0000000000E+00,    0.0000000000E+00,    7.4850648957E+01
     84950,      0.676932,CP4_after_advection,   1,    0.0000000000E+00,    7.4852819088E+01,    7.4852819088E+01,    0.0000000000E+00,    0.0000000000E+00,    0.0000000000E+00,    7.4852819088E+01
     84950,      0.676932,CP5_after_vdif,   1,    0.0000000000E+00,    7.4852819088E+01,    7.4852819088E+01,    0.0000000000E+00,    0.0000000000E+00,    0.0000000000E+00,    7.4852819088E+01
     84950,      0.676932,CP6_after_kinetics,   1,    0.0000000000E+00,    7.4852819088E+01,    7.4852819088E+01,    0.0000000000E+00,    0.0000000000E+00,    0.0000000000E+00,    7.4852819088E+01
     84950,      0.676932,CP7_after_upper_clamp,   1,    0.0000000000E+00,    7.4852819088E+01,    7.4852819088E+01,    0.0000000000E+00,    0.0000000000E+00,    0.0000000000E+00,    7.4852819088E+01
     84950,      0.676932,CP8_after_OBC,   1,    0.0000000000E+00,    7.4852819088E+01,    7.4852819088E+01,    0.0000000000E+00,    0.0000000000E+00,    0.0000000000E+00,    7.4852819088E+01
     84950,      0.676932,CP9_after_PTsource,   1,    0.0000000000E+00,    7.4852819088E+01,    7.4852819088E+01,    0.0000000000E+00,    0.0000000000E+00,    0.0000000000E+00,    7.4852819088E+01
     84950,      0.676932,CP10_after_neg_clamp,   1,    0.0000000000E+00,    7.4852819088E+01,    7.4852819088E+01,    0.0000000000E+00,    0.0000000000E+00,    0.0000000000E+00,    7.4852819088E+01
     84950,      0.676932,CP11_after_MPI,   1,    0.0000000000E+00,    7.4852819088E+01,    7.4852819088E+01,    0.0000000000E+00,    0.0000000000E+00,    0.0000000000E+00,    7.4852819088E+01
     84950,      0.676932,CP12_end,   1,    0.0000000000E+00,    7.4852819088E+01,    7.4852819088E+01,    0.0000000000E+00,    0.0000000000E+00,    0.0000000000E+00,    7.4852819088E+01
     85000,      0.676932,CP0_start,   1,    0.0000000000E+00,    7.4929627214E+01,    7.4929627214E+01,    0.0000000000E+00,    0.0000000000E+00,    0.0000000000E+00,    7.4929627214E+01
     85000,      0.676932,CP1_after_deposition,   1,    0.0000000000E+00,    7.4929627214E+01,    7.4929627214E+01,    0.0000000000E+00,    0.0000000000E+00,    0.0000000000E+00,    7.4929627214E+01
     85000,      0.676932,CP2_after_erosion,   1,    0.0000000000E+00,    7.4929627214E+01,    7.4929627214E+01,    0.0000000000E+00,    0.0000000000E+00,    0.0000000000E+00,    7.4929627214E+01
     85000,      0.676932,CP3_after_update_bottom,   1,    0.0000000000E+00,    7.4929627214E+01,    7.4929627214E+01,    0.0000000000E+00,    0.0000000000E+00,    0.0000000000E+00,    7.4929627214E+01
     85000,      0.676932,CP4_after_advection,   1,    0.0000000000E+00,    7.4931770718E+01,    7.4931770718E+01,    0.0000000000E+00,    0.0000000000E+00,    0.0000000000E+00,    7.4931770718E+01
     85000,      0.676932,CP5_after_vdif,   1,    0.0000000000E+00,    7.4931770718E+01,    7.4931770718E+01,    0.0000000000E+00,    0.0000000000E+00,    0.0000000000E+00,    7.4931770718E+01
     85000,      0.676932,CP6_after_kinetics,   1,    0.0000000000E+00,    7.4931770718E+01,    7.4931770718E+01,    0.0000000000E+00,    0.0000000000E+00,    0.0000000000E+00,    7.4931770718E+01
     85000,      0.676932,CP7_after_upper_clamp,   1,    0.0000000000E+00,    7.4931770718E+01,    7.4931770718E+01,    0.0000000000E+00,    0.0000000000E+00,    0.0000000000E+00,    7.4931770718E+01
     85000,      0.676932,CP8_after_OBC,   1,    0.0000000000E+00,    7.4931770718E+01,    7.4931770718E+01,    0.0000000000E+00,    0.0000000000E+00,    0.0000000000E+00,    7.4931770718E+01
     85000,      0.676932,CP9_after_PTsource,   1,    0.0000000000E+00,    7.4931770718E+01,    7.4931770718E+01,    0.0000000000E+00,    0.0000000000E+00,    0.0000000000E+00,    7.4931770718E+01
     85000,      0.676932,CP10_after_neg_clamp,   1,    0.0000000000E+00,    7.4931770718E+01,    7.4931770718E+01,    0.0000000000E+00,    0.0000000000E+00,    0.0000000000E+00,    7.4931770718E+01
     85000,      0.676932,CP11_after_MPI,   1,    0.0000000000E+00,    7.4931770718E+01,    7.4931770718E+01,    0.0000000000E+00,    0.0000000000E+00,    0.0000000000E+00,    7.4931770718E+01
     85000,      0.676932,CP12_end,   1,    0.0000000000E+00,    7.4931770718E+01,    7.4931770718E+01,    0.0000000000E+00,    0.0000000000E+00,    0.0000000000E+00,    7.4931770718E+01
     85050,      0.676933,CP0_start,   1,    0.0000000000E+00,    7.5008551621E+01,    7.5008551621E+01,    0.0000000000E+00,    0.0000000000E+00,    0.0000000000E+00,    7.5008551621E+01
     85050,      0.676933,CP1_after_deposition,   1,    0.0000000000E+00,    7.5008551621E+01,    7.5008551621E+01,    0.0000000000E+00,    0.0000000000E+00,    0.0000000000E+00,    7.5008551621E+01
     85050,      0.676933,CP2_after_erosion,   1,    0.0000000000E+00,    7.5008551621E+01,    7.5008551621E+01,    0.0000000000E+00,    0.0000000000E+00,    0.0000000000E+00,    7.5008551621E+01
     85050,      0.676933,CP3_after_update_bottom,   1,    0.0000000000E+00,    7.5008551621E+01,    7.5008551621E+01,    0.0000000000E+00,    0.0000000000E+00,    0.0000000000E+00,    7.5008551621E+01
     85050,      0.676933,CP4_after_advection,   1,    0.0000000000E+00,    7.5010667765E+01,    7.5010667765E+01,    0.0000000000E+00,    0.0000000000E+00,    0.0000000000E+00,    7.5010667765E+01
     85050,      0.676933,CP5_after_vdif,   1,    0.0000000000E+00,    7.5010667765E+01,    7.5010667765E+01,    0.0000000000E+00,    0.0000000000E+00,    0.0000000000E+00,    7.5010667765E+01
     85050,      0.676933,CP6_after_kinetics,   1,    0.0000000000E+00,    7.5010667765E+01,    7.5010667765E+01,    0.0000000000E+00,    0.0000000000E+00,    0.0000000000E+00,    7.5010667765E+01
     85050,      0.676933,CP7_after_upper_clamp,   1,    0.0000000000E+00,    7.5010667765E+01,    7.5010667765E+01,    0.0000000000E+00,    0.0000000000E+00,    0.0000000000E+00,    7.5010667765E+01
     85050,      0.676933,CP8_after_OBC,   1,    0.0000000000E+00,    7.5010667765E+01,    7.5010667765E+01,    0.0000000000E+00,    0.0000000000E+00,    0.0000000000E+00,    7.5010667765E+01
     85050,      0.676933,CP9_after_PTsource,   1,    0.0000000000E+00,    7.5010667765E+01,    7.5010667765E+01,    0.0000000000E+00,    0.0000000000E+00,    0.0000000000E+00,    7.5010667765E+01
     85050,      0.676933,CP10_after_neg_clamp,   1,    0.0000000000E+00,    7.5010667765E+01,    7.5010667765E+01,    0.0000000000E+00,    0.0000000000E+00,    0.0000000000E+00,    7.5010667765E+01
     85050,      0.676933,CP11_after_MPI,   1,    0.0000000000E+00,    7.5010667765E+01,    7.5010667765E+01,    0.0000000000E+00,    0.0000000000E+00,    0.0000000000E+00,    7.5010667765E+01
     85050,      0.676933,CP12_end,   1,    0.0000000000E+00,    7.5010667765E+01,    7.5010667765E+01,    0.0000000000E+00,    0.0000000000E+00,    0.0000000000E+00,    7.5010667765E+01
     85100,      0.676933,CP0_start,   1,    0.0000000000E+00,    7.5087442066E+01,    7.5087442066E+01,    0.0000000000E+00,    0.0000000000E+00,    0.0000000000E+00,    7.5087442066E+01
     85100,      0.676933,CP1_after_deposition,   1,    0.0000000000E+00,    7.5087442066E+01,    7.5087442066E+01,    0.0000000000E+00,    0.0000000000E+00,    0.0000000000E+00,    7.5087442066E+01
     85100,      0.676933,CP2_after_erosion,   1,    0.0000000000E+00,    7.5087442066E+01,    7.5087442066E+01,    0.0000000000E+00,    0.0000000000E+00,    0.0000000000E+00,    7.5087442066E+01
     85100,      0.676933,CP3_after_update_bottom,   1,    0.0000000000E+00,    7.5087442066E+01,    7.5087442066E+01,    0.0000000000E+00,    0.0000000000E+00,    0.0000000000E+00,    7.5087442066E+01
     85100,      0.676933,CP4_after_advection,   1,    0.0000000000E+00,    7.5089533532E+01,    7.5089533532E+01,    0.0000000000E+00,    0.0000000000E+00,    0.0000000000E+00,    7.5089533532E+01
     85100,      0.676933,CP5_after_vdif,   1,    0.0000000000E+00,    7.5089533532E+01,    7.5089533532E+01,    0.0000000000E+00,    0.0000000000E+00,    0.0000000000E+00,    7.5089533532E+01
     85100,      0.676933,CP6_after_kinetics,   1,    0.0000000000E+00,    7.5089533532E+01,    7.5089533532E+01,    0.0000000000E+00,    0.0000000000E+00,    0.0000000000E+00,    7.5089533532E+01
     85100,      0.676933,CP7_after_upper_clamp,   1,    0.0000000000E+00,    7.5089533532E+01,    7.5089533532E+01,    0.0000000000E+00,    0.0000000000E+00,    0.0000000000E+00,    7.5089533532E+01
     85100,      0.676933,CP8_after_OBC,   1,    0.0000000000E+00,    7.5089533532E+01,    7.5089533532E+01,    0.0000000000E+00,    0.0000000000E+00,    0.0000000000E+00,    7.5089533532E+01
     85100,      0.676933,CP9_after_PTsource,   1,    0.0000000000E+00,    7.5089533532E+01,    7.5089533532E+01,    0.0000000000E+00,    0.0000000000E+00,    0.0000000000E+00,    7.5089533532E+01
     85100,      0.676933,CP10_after_neg_clamp,   1,    0.0000000000E+00,    7.5089533532E+01,    7.5089533532E+01,    0.0000000000E+00,    0.0000000000E+00,    0.0000000000E+00,    7.5089533532E+01
     85100,      0.676933,CP11_after_MPI,   1,    0.0000000000E+00,    7.5089533532E+01,    7.5089533532E+01,    0.0000000000E+00,    0.0000000000E+00,    0.0000000000E+00,    7.5089533532E+01
     85100,      0.676933,CP12_end,   1,    0.0000000000E+00,    7.5089533532E+01,    7.5089533532E+01,    0.0000000000E+00,    0.0000000000E+00,    0.0000000000E+00,    7.5089533532E+01
     85150,      0.676933,CP0_start,   1,    0.0000000000E+00,    7.5166311619E+01,    7.5166311619E+01,    0.0000000000E+00,    0.0000000000E+00,    0.0000000000E+00,    7.5166311619E+01
     85150,      0.676933,CP1_after_deposition,   1,    0.0000000000E+00,    7.5166311619E+01,    7.5166311619E+01,    0.0000000000E+00,    0.0000000000E+00,    0.0000000000E+00,    7.5166311619E+01
     85150,      0.676933,CP2_after_erosion,   1,    0.0000000000E+00,    7.5166311619E+01,    7.5166311619E+01,    0.0000000000E+00,    0.0000000000E+00,    0.0000000000E+00,    7.5166311619E+01
     85150,      0.676933,CP3_after_update_bottom,   1,    0.0000000000E+00,    7.5166311619E+01,    7.5166311619E+01,    0.0000000000E+00,    0.0000000000E+00,    0.0000000000E+00,    7.5166311619E+01
     85150,      0.676933,CP4_after_advection,   1,    0.0000000000E+00,    7.5168377835E+01,    7.5168377835E+01,    0.0000000000E+00,    0.0000000000E+00,    0.0000000000E+00,    7.5168377835E+01
     85150,      0.676933,CP5_after_vdif,   1,    0.0000000000E+00,    7.5168377835E+01,    7.5168377835E+01,    0.0000000000E+00,    0.0000000000E+00,    0.0000000000E+00,    7.5168377835E+01
     85150,      0.676933,CP6_after_kinetics,   1,    0.0000000000E+00,    7.5168377835E+01,    7.5168377835E+01,    0.0000000000E+00,    0.0000000000E+00,    0.0000000000E+00,    7.5168377835E+01
     85150,      0.676933,CP7_after_upper_clamp,   1,    0.0000000000E+00,    7.5168377835E+01,    7.5168377835E+01,    0.0000000000E+00,    0.0000000000E+00,    0.0000000000E+00,    7.5168377835E+01
     85150,      0.676933,CP8_after_OBC,   1,    0.0000000000E+00,    7.5168377835E+01,    7.5168377835E+01,    0.0000000000E+00,    0.0000000000E+00,    0.0000000000E+00,    7.5168377835E+01
     85150,      0.676933,CP9_after_PTsource,   1,    0.0000000000E+00,    7.5168377835E+01,    7.5168377835E+01,    0.0000000000E+00,    0.0000000000E+00,    0.0000000000E+00,    7.5168377835E+01
     85150,      0.676933,CP10_after_neg_clamp,   1,    0.0000000000E+00,    7.5168377835E+01,    7.5168377835E+01,    0.0000000000E+00,    0.0000000000E+00,    0.0000000000E+00,    7.5168377835E+01
     85150,      0.676933,CP11_after_MPI,   1,    0.0000000000E+00,    7.5168377835E+01,    7.5168377835E+01,    0.0000000000E+00,    0.0000000000E+00,    0.0000000000E+00,    7.5168377835E+01
     85150,      0.676933,CP12_end,   1,    0.0000000000E+00,    7.5168377835E+01,    7.5168377835E+01,    0.0000000000E+00,    0.0000000000E+00,    0.0000000000E+00,    7.5168377835E+01
     85200,      0.676933,CP0_start,   1,    0.0000000000E+00,    7.5245192336E+01,    7.5245192336E+01,    0.0000000000E+00,    0.0000000000E+00,    0.0000000000E+00,    7.5245192336E+01
     85200,      0.676933,CP1_after_deposition,   1,    0.0000000000E+00,    7.5245192336E+01,    7.5245192336E+01,    0.0000000000E+00,    0.0000000000E+00,    0.0000000000E+00,    7.5245192336E+01
     85200,      0.676933,CP2_after_erosion,   1,    0.0000000000E+00,    7.5245192336E+01,    7.5245192336E+01,    0.0000000000E+00,    0.0000000000E+00,    0.0000000000E+00,    7.5245192336E+01
     85200,      0.676933,CP3_after_update_bottom,   1,    0.0000000000E+00,    7.5245192336E+01,    7.5245192336E+01,    0.0000000000E+00,    0.0000000000E+00,    0.0000000000E+00,    7.5245192336E+01
     85200,      0.676933,CP4_after_advection,   1,    0.0000000000E+00,    7.5247233526E+01,    7.5247233526E+01,    0.0000000000E+00,    0.0000000000E+00,    0.0000000000E+00,    7.5247233526E+01
     85200,      0.676933,CP5_after_vdif,   1,    0.0000000000E+00,    7.5247233526E+01,    7.5247233526E+01,    0.0000000000E+00,    0.0000000000E+00,    0.0000000000E+00,    7.5247233526E+01
     85200,      0.676933,CP6_after_kinetics,   1,    0.0000000000E+00,    7.5247233526E+01,    7.5247233526E+01,    0.0000000000E+00,    0.0000000000E+00,    0.0000000000E+00,    7.5247233526E+01
     85200,      0.676933,CP7_after_upper_clamp,   1,    0.0000000000E+00,    7.5247233526E+01,    7.5247233526E+01,    0.0000000000E+00,    0.0000000000E+00,    0.0000000000E+00,    7.5247233526E+01
     85200,      0.676933,CP8_after_OBC,   1,    0.0000000000E+00,    7.5247233526E+01,    7.5247233526E+01,    0.0000000000E+00,    0.0000000000E+00,    0.0000000000E+00,    7.5247233526E+01
     85200,      0.676933,CP9_after_PTsource,   1,    0.0000000000E+00,    7.5247233526E+01,    7.5247233526E+01,    0.0000000000E+00,    0.0000000000E+00,    0.0000000000E+00,    7.5247233526E+01
     85200,      0.676933,CP10_after_neg_clamp,   1,    0.0000000000E+00,    7.5247233526E+01,    7.5247233526E+01,    0.0000000000E+00,    0.0000000000E+00,    0.0000000000E+00,    7.5247233526E+01
     85200,      0.676933,CP11_after_MPI,   1,    0.0000000000E+00,    7.5247233526E+01,    7.5247233526E+01,    0.0000000000E+00,    0.0000000000E+00,    0.0000000000E+00,    7.5247233526E+01
     85200,      0.676933,CP12_end,   1,    0.0000000000E+00,    7.5247233526E+01,    7.5247233526E+01,    0.0000000000E+00,    0.0000000000E+00,    0.0000000000E+00,    7.5247233526E+01
     85250,      0.676933,CP0_start,   1,    0.0000000000E+00,    7.5324083568E+01,    7.5324083568E+01,    0.0000000000E+00,    0.0000000000E+00,    0.0000000000E+00,    7.5324083568E+01
     85250,      0.676933,CP1_after_deposition,   1,    0.0000000000E+00,    7.5324083568E+01,    7.5324083568E+01,    0.0000000000E+00,    0.0000000000E+00,    0.0000000000E+00,    7.5324083568E+01
     85250,      0.676933,CP2_after_erosion,   1,    0.0000000000E+00,    7.5324083568E+01,    7.5324083568E+01,    0.0000000000E+00,    0.0000000000E+00,    0.0000000000E+00,    7.5324083568E+01
     85250,      0.676933,CP3_after_update_bottom,   1,    0.0000000000E+00,    7.5324083568E+01,    7.5324083568E+01,    0.0000000000E+00,    0.0000000000E+00,    0.0000000000E+00,    7.5324083568E+01
     85250,      0.676933,CP4_after_advection,   1,    0.0000000000E+00,    7.5326099134E+01,    7.5326099134E+01,    0.0000000000E+00,    0.0000000000E+00,    0.0000000000E+00,    7.5326099134E+01
     85250,      0.676933,CP5_after_vdif,   1,    0.0000000000E+00,    7.5326099134E+01,    7.5326099134E+01,    0.0000000000E+00,    0.0000000000E+00,    0.0000000000E+00,    7.5326099134E+01
     85250,      0.676933,CP6_after_kinetics,   1,    0.0000000000E+00,    7.5326099134E+01,    7.5326099134E+01,    0.0000000000E+00,    0.0000000000E+00,    0.0000000000E+00,    7.5326099134E+01
     85250,      0.676933,CP7_after_upper_clamp,   1,    0.0000000000E+00,    7.5326099134E+01,    7.5326099134E+01,    0.0000000000E+00,    0.0000000000E+00,    0.0000000000E+00,    7.5326099134E+01
     85250,      0.676933,CP8_after_OBC,   1,    0.0000000000E+00,    7.5326099134E+01,    7.5326099134E+01,    0.0000000000E+00,    0.0000000000E+00,    0.0000000000E+00,    7.5326099134E+01
     85250,      0.676933,CP9_after_PTsource,   1,    0.0000000000E+00,    7.5326099134E+01,    7.5326099134E+01,    0.0000000000E+00,    0.0000000000E+00,    0.0000000000E+00,    7.5326099134E+01
     85250,      0.676933,CP10_after_neg_clamp,   1,    0.0000000000E+00,    7.5326099134E+01,    7.5326099134E+01,    0.0000000000E+00,    0.0000000000E+00,    0.0000000000E+00,    7.5326099134E+01
     85250,      0.676933,CP11_after_MPI,   1,    0.0000000000E+00,    7.5326099134E+01,    7.5326099134E+01,    0.0000000000E+00,    0.0000000000E+00,    0.0000000000E+00,    7.5326099134E+01
     85250,      0.676933,CP12_end,   1,    0.0000000000E+00,    7.5326099134E+01,    7.5326099134E+01,    0.0000000000E+00,    0.0000000000E+00,    0.0000000000E+00,    7.5326099134E+01
     85300,      0.676933,CP0_start,   1,    0.0000000000E+00,    7.5402988263E+01,    7.5402988263E+01,    0.0000000000E+00,    0.0000000000E+00,    0.0000000000E+00,    7.5402988263E+01
     85300,      0.676933,CP1_after_deposition,   1,    0.0000000000E+00,    7.5402988263E+01,    7.5402988263E+01,    0.0000000000E+00,    0.0000000000E+00,    0.0000000000E+00,    7.5402988263E+01
     85300,      0.676933,CP2_after_erosion,   1,    0.0000000000E+00,    7.5402988263E+01,    7.5402988263E+01,    0.0000000000E+00,    0.0000000000E+00,    0.0000000000E+00,    7.5402988263E+01
     85300,      0.676933,CP3_after_update_bottom,   1,    0.0000000000E+00,    7.5402988263E+01,    7.5402988263E+01,    0.0000000000E+00,    0.0000000000E+00,    0.0000000000E+00,    7.5402988263E+01
     85300,      0.676933,CP4_after_advection,   1,    0.0000000000E+00,    7.5404978629E+01,    7.5404978629E+01,    0.0000000000E+00,    0.0000000000E+00,    0.0000000000E+00,    7.5404978629E+01
     85300,      0.676933,CP5_after_vdif,   1,    0.0000000000E+00,    7.5404978629E+01,    7.5404978629E+01,    0.0000000000E+00,    0.0000000000E+00,    0.0000000000E+00,    7.5404978629E+01
     85300,      0.676933,CP6_after_kinetics,   1,    0.0000000000E+00,    7.5404978629E+01,    7.5404978629E+01,    0.0000000000E+00,    0.0000000000E+00,    0.0000000000E+00,    7.5404978629E+01
     85300,      0.676933,CP7_after_upper_clamp,   1,    0.0000000000E+00,    7.5404978629E+01,    7.5404978629E+01,    0.0000000000E+00,    0.0000000000E+00,    0.0000000000E+00,    7.5404978629E+01
     85300,      0.676933,CP8_after_OBC,   1,    0.0000000000E+00,    7.5404978629E+01,    7.5404978629E+01,    0.0000000000E+00,    0.0000000000E+00,    0.0000000000E+00,    7.5404978629E+01
     85300,      0.676933,CP9_after_PTsource,   1,    0.0000000000E+00,    7.5404978629E+01,    7.5404978629E+01,    0.0000000000E+00,    0.0000000000E+00,    0.0000000000E+00,    7.5404978629E+01
     85300,      0.676933,CP10_after_neg_clamp,   1,    0.0000000000E+00,    7.5404978629E+01,    7.5404978629E+01,    0.0000000000E+00,    0.0000000000E+00,    0.0000000000E+00,    7.5404978629E+01
     85300,      0.676933,CP11_after_MPI,   1,    0.0000000000E+00,    7.5404978629E+01,    7.5404978629E+01,    0.0000000000E+00,    0.0000000000E+00,    0.0000000000E+00,    7.5404978629E+01
     85300,      0.676933,CP12_end,   1,    0.0000000000E+00,    7.5404978629E+01,    7.5404978629E+01,    0.0000000000E+00,    0.0000000000E+00,    0.0000000000E+00,    7.5404978629E+01
     85350,      0.676933,CP0_start,   1,    0.0000000000E+00,    7.5481920176E+01,    7.5481920176E+01,    0.0000000000E+00,    0.0000000000E+00,    0.0000000000E+00,    7.5481920176E+01
     85350,      0.676933,CP1_after_deposition,   1,    0.0000000000E+00,    7.5481920176E+01,    7.5481920176E+01,    0.0000000000E+00,    0.0000000000E+00,    0.0000000000E+00,    7.5481920176E+01
     85350,      0.676933,CP2_after_erosion,   1,    0.0000000000E+00,    7.5481920176E+01,    7.5481920176E+01,    0.0000000000E+00,    0.0000000000E+00,    0.0000000000E+00,    7.5481920176E+01
     85350,      0.676933,CP3_after_update_bottom,   1,    0.0000000000E+00,    7.5481920176E+01,    7.5481920176E+01,    0.0000000000E+00,    0.0000000000E+00,    0.0000000000E+00,    7.5481920176E+01
     85350,      0.676933,CP4_after_advection,   1,    0.0000000000E+00,    7.5483884540E+01,    7.5483884540E+01,    0.0000000000E+00,    0.0000000000E+00,    0.0000000000E+00,    7.5483884540E+01
     85350,      0.676933,CP5_after_vdif,   1,    0.0000000000E+00,    7.5483884540E+01,    7.5483884540E+01,    0.0000000000E+00,    0.0000000000E+00,    0.0000000000E+00,    7.5483884540E+01
     85350,      0.676933,CP6_after_kinetics,   1,    0.0000000000E+00,    7.5483884540E+01,    7.5483884540E+01,    0.0000000000E+00,    0.0000000000E+00,    0.0000000000E+00,    7.5483884540E+01
     85350,      0.676933,CP7_after_upper_clamp,   1,    0.0000000000E+00,    7.5483884540E+01,    7.5483884540E+01,    0.0000000000E+00,    0.0000000000E+00,    0.0000000000E+00,    7.5483884540E+01
     85350,      0.676933,CP8_after_OBC,   1,    0.0000000000E+00,    7.5483884540E+01,    7.5483884540E+01,    0.0000000000E+00,    0.0000000000E+00,    0.0000000000E+00,    7.5483884540E+01
     85350,      0.676933,CP9_after_PTsource,   1,    0.0000000000E+00,    7.5483884540E+01,    7.5483884540E+01,    0.0000000000E+00,    0.0000000000E+00,    0.0000000000E+00,    7.5483884540E+01
     85350,      0.676933,CP10_after_neg_clamp,   1,    0.0000000000E+00,    7.5483884540E+01,    7.5483884540E+01,    0.0000000000E+00,    0.0000000000E+00,    0.0000000000E+00,    7.5483884540E+01
     85350,      0.676933,CP11_after_MPI,   1,    0.0000000000E+00,    7.5483884540E+01,    7.5483884540E+01,    0.0000000000E+00,    0.0000000000E+00,    0.0000000000E+00,    7.5483884540E+01
     85350,      0.676933,CP12_end,   1,    0.0000000000E+00,    7.5483884540E+01,    7.5483884540E+01,    0.0000000000E+00,    0.0000000000E+00,    0.0000000000E+00,    7.5483884540E+01
     85400,      0.676933,CP0_start,   1,    0.0000000000E+00,    7.5560904148E+01,    7.5560904148E+01,    0.0000000000E+00,    0.0000000000E+00,    0.0000000000E+00,    7.5560904148E+01
     85400,      0.676933,CP1_after_deposition,   1,    0.0000000000E+00,    7.5560904148E+01,    7.5560904148E+01,    0.0000000000E+00,    0.0000000000E+00,    0.0000000000E+00,    7.5560904148E+01
     85400,      0.676933,CP2_after_erosion,   1,    0.0000000000E+00,    7.5560904148E+01,    7.5560904148E+01,    0.0000000000E+00,    0.0000000000E+00,    0.0000000000E+00,    7.5560904148E+01
     85400,      0.676933,CP3_after_update_bottom,   1,    0.0000000000E+00,    7.5560904148E+01,    7.5560904148E+01,    0.0000000000E+00,    0.0000000000E+00,    0.0000000000E+00,    7.5560904148E+01
     85400,      0.676933,CP4_after_advection,   1,    0.0000000000E+00,    7.5562841174E+01,    7.5562841174E+01,    0.0000000000E+00,    0.0000000000E+00,    0.0000000000E+00,    7.5562841174E+01
     85400,      0.676933,CP5_after_vdif,   1,    0.0000000000E+00,    7.5562841174E+01,    7.5562841174E+01,    0.0000000000E+00,    0.0000000000E+00,    0.0000000000E+00,    7.5562841174E+01
     85400,      0.676933,CP6_after_kinetics,   1,    0.0000000000E+00,    7.5562841174E+01,    7.5562841174E+01,    0.0000000000E+00,    0.0000000000E+00,    0.0000000000E+00,    7.5562841174E+01
     85400,      0.676933,CP7_after_upper_clamp,   1,    0.0000000000E+00,    7.5562841174E+01,    7.5562841174E+01,    0.0000000000E+00,    0.0000000000E+00,    0.0000000000E+00,    7.5562841174E+01
     85400,      0.676933,CP8_after_OBC,   1,    0.0000000000E+00,    7.5562841174E+01,    7.5562841174E+01,    0.0000000000E+00,    0.0000000000E+00,    0.0000000000E+00,    7.5562841174E+01
     85400,      0.676933,CP9_after_PTsource,   1,    0.0000000000E+00,    7.5562841174E+01,    7.5562841174E+01,    0.0000000000E+00,    0.0000000000E+00,    0.0000000000E+00,    7.5562841174E+01
     85400,      0.676933,CP10_after_neg_clamp,   1,    0.0000000000E+00,    7.5562841174E+01,    7.5562841174E+01,    0.0000000000E+00,    0.0000000000E+00,    0.0000000000E+00,    7.5562841174E+01
     85400,      0.676933,CP11_after_MPI,   1,    0.0000000000E+00,    7.5562841174E+01,    7.5562841174E+01,    0.0000000000E+00,    0.0000000000E+00,    0.0000000000E+00,    7.5562841174E+01
     85400,      0.676933,CP12_end,   1,    0.0000000000E+00,    7.5562841174E+01,    7.5562841174E+01,    0.0000000000E+00,    0.0000000000E+00,    0.0000000000E+00,    7.5562841174E+01
     85450,      0.676933,CP0_start,   1,    0.0000000000E+00,    7.5639963243E+01,    7.5639963243E+01,    0.0000000000E+00,    0.0000000000E+00,    0.0000000000E+00,    7.5639963243E+01
     85450,      0.676933,CP1_after_deposition,   1,    0.0000000000E+00,    7.5639963243E+01,    7.5639963243E+01,    0.0000000000E+00,    0.0000000000E+00,    0.0000000000E+00,    7.5639963243E+01
     85450,      0.676933,CP2_after_erosion,   1,    0.0000000000E+00,    7.5639963243E+01,    7.5639963243E+01,    0.0000000000E+00,    0.0000000000E+00,    0.0000000000E+00,    7.5639963243E+01
     85450,      0.676933,CP3_after_update_bottom,   1,    0.0000000000E+00,    7.5639963243E+01,    7.5639963243E+01,    0.0000000000E+00,    0.0000000000E+00,    0.0000000000E+00,    7.5639963243E+01
     85450,      0.676933,CP4_after_advection,   1,    0.0000000000E+00,    7.5641873174E+01,    7.5641873174E+01,    0.0000000000E+00,    0.0000000000E+00,    0.0000000000E+00,    7.5641873174E+01
     85450,      0.676933,CP5_after_vdif,   1,    0.0000000000E+00,    7.5641873174E+01,    7.5641873174E+01,    0.0000000000E+00,    0.0000000000E+00,    0.0000000000E+00,    7.5641873174E+01
     85450,      0.676933,CP6_after_kinetics,   1,    0.0000000000E+00,    7.5641873174E+01,    7.5641873174E+01,    0.0000000000E+00,    0.0000000000E+00,    0.0000000000E+00,    7.5641873174E+01
     85450,      0.676933,CP7_after_upper_clamp,   1,    0.0000000000E+00,    7.5641873174E+01,    7.5641873174E+01,    0.0000000000E+00,    0.0000000000E+00,    0.0000000000E+00,    7.5641873174E+01
     85450,      0.676933,CP8_after_OBC,   1,    0.0000000000E+00,    7.5641873174E+01,    7.5641873174E+01,    0.0000000000E+00,    0.0000000000E+00,    0.0000000000E+00,    7.5641873174E+01
     85450,      0.676933,CP9_after_PTsource,   1,    0.0000000000E+00,    7.5641873174E+01,    7.5641873174E+01,    0.0000000000E+00,    0.0000000000E+00,    0.0000000000E+00,    7.5641873174E+01
     85450,      0.676933,CP10_after_neg_clamp,   1,    0.0000000000E+00,    7.5641873174E+01,    7.5641873174E+01,    0.0000000000E+00,    0.0000000000E+00,    0.0000000000E+00,    7.5641873174E+01
     85450,      0.676933,CP11_after_MPI,   1,    0.0000000000E+00,    7.5641873174E+01,    7.5641873174E+01,    0.0000000000E+00,    0.0000000000E+00,    0.0000000000E+00,    7.5641873174E+01
     85450,      0.676933,CP12_end,   1,    0.0000000000E+00,    7.5641873174E+01,    7.5641873174E+01,    0.0000000000E+00,    0.0000000000E+00,    0.0000000000E+00,    7.5641873174E+01
     85500,      0.676933,CP0_start,   1,    0.0000000000E+00,    7.5719117628E+01,    7.5719117628E+01,    0.0000000000E+00,    0.0000000000E+00,    0.0000000000E+00,    7.5719117628E+01
     85500,      0.676933,CP1_after_deposition,   1,    0.0000000000E+00,    7.5719117628E+01,    7.5719117628E+01,    0.0000000000E+00,    0.0000000000E+00,    0.0000000000E+00,    7.5719117628E+01
     85500,      0.676933,CP2_after_erosion,   1,    0.0000000000E+00,    7.5719117628E+01,    7.5719117628E+01,    0.0000000000E+00,    0.0000000000E+00,    0.0000000000E+00,    7.5719117628E+01
     85500,      0.676933,CP3_after_update_bottom,   1,    0.0000000000E+00,    7.5719117628E+01,    7.5719117628E+01,    0.0000000000E+00,    0.0000000000E+00,    0.0000000000E+00,    7.5719117628E+01
     85500,      0.676933,CP4_after_advection,   1,    0.0000000000E+00,    7.5721001831E+01,    7.5721001831E+01,    0.0000000000E+00,    0.0000000000E+00,    0.0000000000E+00,    7.5721001831E+01
     85500,      0.676933,CP5_after_vdif,   1,    0.0000000000E+00,    7.5721001831E+01,    7.5721001831E+01,    0.0000000000E+00,    0.0000000000E+00,    0.0000000000E+00,    7.5721001831E+01
     85500,      0.676933,CP6_after_kinetics,   1,    0.0000000000E+00,    7.5721001831E+01,    7.5721001831E+01,    0.0000000000E+00,    0.0000000000E+00,    0.0000000000E+00,    7.5721001831E+01
     85500,      0.676933,CP7_after_upper_clamp,   1,    0.0000000000E+00,    7.5721001831E+01,    7.5721001831E+01,    0.0000000000E+00,    0.0000000000E+00,    0.0000000000E+00,    7.5721001831E+01
     85500,      0.676933,CP8_after_OBC,   1,    0.0000000000E+00,    7.5721001831E+01,    7.5721001831E+01,    0.0000000000E+00,    0.0000000000E+00,    0.0000000000E+00,    7.5721001831E+01
     85500,      0.676933,CP9_after_PTsource,   1,    0.0000000000E+00,    7.5721001831E+01,    7.5721001831E+01,    0.0000000000E+00,    0.0000000000E+00,    0.0000000000E+00,    7.5721001831E+01
     85500,      0.676933,CP10_after_neg_clamp,   1,    0.0000000000E+00,    7.5721001831E+01,    7.5721001831E+01,    0.0000000000E+00,    0.0000000000E+00,    0.0000000000E+00,    7.5721001831E+01
     85500,      0.676933,CP11_after_MPI,   1,    0.0000000000E+00,    7.5721001831E+01,    7.5721001831E+01,    0.0000000000E+00,    0.0000000000E+00,    0.0000000000E+00,    7.5721001831E+01
     85500,      0.676933,CP12_end,   1,    0.0000000000E+00,    7.5721001831E+01,    7.5721001831E+01,    0.0000000000E+00,    0.0000000000E+00,    0.0000000000E+00,    7.5721001831E+01
     85550,      0.676933,CP0_start,   1,    0.0000000000E+00,    7.5798084443E+01,    7.5798084443E+01,    0.0000000000E+00,    0.0000000000E+00,    0.0000000000E+00,    7.5798084443E+01
     85550,      0.676933,CP1_after_deposition,   1,    0.0000000000E+00,    7.5798084443E+01,    7.5798084443E+01,    0.0000000000E+00,    0.0000000000E+00,    0.0000000000E+00,    7.5798084443E+01
     85550,      0.676933,CP2_after_erosion,   1,    0.0000000000E+00,    7.5798084443E+01,    7.5798084443E+01,    0.0000000000E+00,    0.0000000000E+00,    0.0000000000E+00,    7.5798084443E+01
     85550,      0.676933,CP3_after_update_bottom,   1,    0.0000000000E+00,    7.5798084443E+01,    7.5798084443E+01,    0.0000000000E+00,    0.0000000000E+00,    0.0000000000E+00,    7.5798084443E+01
     85550,      0.676933,CP4_after_advection,   1,    0.0000000000E+00,    7.5799942825E+01,    7.5799942825E+01,    0.0000000000E+00,    0.0000000000E+00,    0.0000000000E+00,    7.5799942825E+01
     85550,      0.676933,CP5_after_vdif,   1,    0.0000000000E+00,    7.5799942825E+01,    7.5799942825E+01,    0.0000000000E+00,    0.0000000000E+00,    0.0000000000E+00,    7.5799942825E+01
     85550,      0.676933,CP6_after_kinetics,   1,    0.0000000000E+00,    7.5799942825E+01,    7.5799942825E+01,    0.0000000000E+00,    0.0000000000E+00,    0.0000000000E+00,    7.5799942825E+01
     85550,      0.676933,CP7_after_upper_clamp,   1,    0.0000000000E+00,    7.5799942825E+01,    7.5799942825E+01,    0.0000000000E+00,    0.0000000000E+00,    0.0000000000E+00,    7.5799942825E+01
     85550,      0.676933,CP8_after_OBC,   1,    0.0000000000E+00,    7.5799942825E+01,    7.5799942825E+01,    0.0000000000E+00,    0.0000000000E+00,    0.0000000000E+00,    7.5799942825E+01
     85550,      0.676933,CP9_after_PTsource,   1,    0.0000000000E+00,    7.5799942825E+01,    7.5799942825E+01,    0.0000000000E+00,    0.0000000000E+00,    0.0000000000E+00,    7.5799942825E+01
     85550,      0.676933,CP10_after_neg_clamp,   1,    0.0000000000E+00,    7.5799942825E+01,    7.5799942825E+01,    0.0000000000E+00,    0.0000000000E+00,    0.0000000000E+00,    7.5799942825E+01
     85550,      0.676933,CP11_after_MPI,   1,    0.0000000000E+00,    7.5799942825E+01,    7.5799942825E+01,    0.0000000000E+00,    0.0000000000E+00,    0.0000000000E+00,    7.5799942825E+01
     85550,      0.676933,CP12_end,   1,    0.0000000000E+00,    7.5799942825E+01,    7.5799942825E+01,    0.0000000000E+00,    0.0000000000E+00,    0.0000000000E+00,    7.5799942825E+01
     85600,      0.676933,CP0_start,   1,    0.0000000000E+00,    7.5877193623E+01,    7.5877193623E+01,    0.0000000000E+00,    0.0000000000E+00,    0.0000000000E+00,    7.5877193623E+01
     85600,      0.676933,CP1_after_deposition,   1,    0.0000000000E+00,    7.5877193623E+01,    7.5877193623E+01,    0.0000000000E+00,    0.0000000000E+00,    0.0000000000E+00,    7.5877193623E+01
     85600,      0.676933,CP2_after_erosion,   1,    0.0000000000E+00,    7.5877193623E+01,    7.5877193623E+01,    0.0000000000E+00,    0.0000000000E+00,    0.0000000000E+00,    7.5877193623E+01
     85600,      0.676933,CP3_after_update_bottom,   1,    0.0000000000E+00,    7.5877193623E+01,    7.5877193623E+01,    0.0000000000E+00,    0.0000000000E+00,    0.0000000000E+00,    7.5877193623E+01
     85600,      0.676933,CP4_after_advection,   1,    0.0000000000E+00,    7.5879025908E+01,    7.5879025908E+01,    0.0000000000E+00,    0.0000000000E+00,    0.0000000000E+00,    7.5879025908E+01
     85600,      0.676933,CP5_after_vdif,   1,    0.0000000000E+00,    7.5879025908E+01,    7.5879025908E+01,    0.0000000000E+00,    0.0000000000E+00,    0.0000000000E+00,    7.5879025908E+01
     85600,      0.676933,CP6_after_kinetics,   1,    0.0000000000E+00,    7.5879025908E+01,    7.5879025908E+01,    0.0000000000E+00,    0.0000000000E+00,    0.0000000000E+00,    7.5879025908E+01
     85600,      0.676933,CP7_after_upper_clamp,   1,    0.0000000000E+00,    7.5879025908E+01,    7.5879025908E+01,    0.0000000000E+00,    0.0000000000E+00,    0.0000000000E+00,    7.5879025908E+01
     85600,      0.676933,CP8_after_OBC,   1,    0.0000000000E+00,    7.5879025908E+01,    7.5879025908E+01,    0.0000000000E+00,    0.0000000000E+00,    0.0000000000E+00,    7.5879025908E+01
     85600,      0.676933,CP9_after_PTsource,   1,    0.0000000000E+00,    7.5879025908E+01,    7.5879025908E+01,    0.0000000000E+00,    0.0000000000E+00,    0.0000000000E+00,    7.5879025908E+01
     85600,      0.676933,CP10_after_neg_clamp,   1,    0.0000000000E+00,    7.5879025908E+01,    7.5879025908E+01,    0.0000000000E+00,    0.0000000000E+00,    0.0000000000E+00,    7.5879025908E+01
     85600,      0.676933,CP11_after_MPI,   1,    0.0000000000E+00,    7.5879025908E+01,    7.5879025908E+01,    0.0000000000E+00,    0.0000000000E+00,    0.0000000000E+00,    7.5879025908E+01
     85600,      0.676933,CP12_end,   1,    0.0000000000E+00,    7.5879025908E+01,    7.5879025908E+01,    0.0000000000E+00,    0.0000000000E+00,    0.0000000000E+00,    7.5879025908E+01
     85650,      0.676933,CP0_start,   1,    0.0000000000E+00,    7.5956448811E+01,    7.5956448811E+01,    0.0000000000E+00,    0.0000000000E+00,    0.0000000000E+00,    7.5956448811E+01
     85650,      0.676933,CP1_after_deposition,   1,    0.0000000000E+00,    7.5956448811E+01,    7.5956448811E+01,    0.0000000000E+00,    0.0000000000E+00,    0.0000000000E+00,    7.5956448811E+01
     85650,      0.676933,CP2_after_erosion,   1,    0.0000000000E+00,    7.5956448811E+01,    7.5956448811E+01,    0.0000000000E+00,    0.0000000000E+00,    0.0000000000E+00,    7.5956448811E+01
     85650,      0.676933,CP3_after_update_bottom,   1,    0.0000000000E+00,    7.5956448811E+01,    7.5956448811E+01,    0.0000000000E+00,    0.0000000000E+00,    0.0000000000E+00,    7.5956448811E+01
     85650,      0.676933,CP4_after_advection,   1,    0.0000000000E+00,    7.5958254656E+01,    7.5958254656E+01,    0.0000000000E+00,    0.0000000000E+00,    0.0000000000E+00,    7.5958254656E+01
     85650,      0.676933,CP5_after_vdif,   1,    0.0000000000E+00,    7.5958254656E+01,    7.5958254656E+01,    0.0000000000E+00,    0.0000000000E+00,    0.0000000000E+00,    7.5958254656E+01
     85650,      0.676933,CP6_after_kinetics,   1,    0.0000000000E+00,    7.5958254656E+01,    7.5958254656E+01,    0.0000000000E+00,    0.0000000000E+00,    0.0000000000E+00,    7.5958254656E+01
     85650,      0.676933,CP7_after_upper_clamp,   1,    0.0000000000E+00,    7.5958254656E+01,    7.5958254656E+01,    0.0000000000E+00,    0.0000000000E+00,    0.0000000000E+00,    7.5958254656E+01
     85650,      0.676933,CP8_after_OBC,   1,    0.0000000000E+00,    7.5958254656E+01,    7.5958254656E+01,    0.0000000000E+00,    0.0000000000E+00,    0.0000000000E+00,    7.5958254656E+01
     85650,      0.676933,CP9_after_PTsource,   1,    0.0000000000E+00,    7.5958254656E+01,    7.5958254656E+01,    0.0000000000E+00,    0.0000000000E+00,    0.0000000000E+00,    7.5958254656E+01
     85650,      0.676933,CP10_after_neg_clamp,   1,    0.0000000000E+00,    7.5958254656E+01,    7.5958254656E+01,    0.0000000000E+00,    0.0000000000E+00,    0.0000000000E+00,    7.5958254656E+01
     85650,      0.676933,CP11_after_MPI,   1,    0.0000000000E+00,    7.5958254656E+01,    7.5958254656E+01,    0.0000000000E+00,    0.0000000000E+00,    0.0000000000E+00,    7.5958254656E+01
     85650,      0.676933,CP12_end,   1,    0.0000000000E+00,    7.5958254656E+01,    7.5958254656E+01,    0.0000000000E+00,    0.0000000000E+00,    0.0000000000E+00,    7.5958254656E+01
     85700,      0.676933,CP0_start,   1,    0.0000000000E+00,    7.6035854256E+01,    7.6035854256E+01,    0.0000000000E+00,    0.0000000000E+00,    0.0000000000E+00,    7.6035854256E+01
     85700,      0.676933,CP1_after_deposition,   1,    0.0000000000E+00,    7.6035854256E+01,    7.6035854256E+01,    0.0000000000E+00,    0.0000000000E+00,    0.0000000000E+00,    7.6035854256E+01
     85700,      0.676933,CP2_after_erosion,   1,    0.0000000000E+00,    7.6035854256E+01,    7.6035854256E+01,    0.0000000000E+00,    0.0000000000E+00,    0.0000000000E+00,    7.6035854256E+01
     85700,      0.676933,CP3_after_update_bottom,   1,    0.0000000000E+00,    7.6035854256E+01,    7.6035854256E+01,    0.0000000000E+00,    0.0000000000E+00,    0.0000000000E+00,    7.6035854256E+01
     85700,      0.676933,CP4_after_advection,   1,    0.0000000000E+00,    7.6037633860E+01,    7.6037633860E+01,    0.0000000000E+00,    0.0000000000E+00,    0.0000000000E+00,    7.6037633860E+01
     85700,      0.676933,CP5_after_vdif,   1,    0.0000000000E+00,    7.6037633860E+01,    7.6037633860E+01,    0.0000000000E+00,    0.0000000000E+00,    0.0000000000E+00,    7.6037633860E+01
     85700,      0.676933,CP6_after_kinetics,   1,    0.0000000000E+00,    7.6037633860E+01,    7.6037633860E+01,    0.0000000000E+00,    0.0000000000E+00,    0.0000000000E+00,    7.6037633860E+01
     85700,      0.676933,CP7_after_upper_clamp,   1,    0.0000000000E+00,    7.6037633860E+01,    7.6037633860E+01,    0.0000000000E+00,    0.0000000000E+00,    0.0000000000E+00,    7.6037633860E+01
     85700,      0.676933,CP8_after_OBC,   1,    0.0000000000E+00,    7.6037633860E+01,    7.6037633860E+01,    0.0000000000E+00,    0.0000000000E+00,    0.0000000000E+00,    7.6037633860E+01
     85700,      0.676933,CP9_after_PTsource,   1,    0.0000000000E+00,    7.6037633860E+01,    7.6037633860E+01,    0.0000000000E+00,    0.0000000000E+00,    0.0000000000E+00,    7.6037633860E+01
     85700,      0.676933,CP10_after_neg_clamp,   1,    0.0000000000E+00,    7.6037633860E+01,    7.6037633860E+01,    0.0000000000E+00,    0.0000000000E+00,    0.0000000000E+00,    7.6037633860E+01
     85700,      0.676933,CP11_after_MPI,   1,    0.0000000000E+00,    7.6037633860E+01,    7.6037633860E+01,    0.0000000000E+00,    0.0000000000E+00,    0.0000000000E+00,    7.6037633860E+01
     85700,      0.676933,CP12_end,   1,    0.0000000000E+00,    7.6037633860E+01,    7.6037633860E+01,    0.0000000000E+00,    0.0000000000E+00,    0.0000000000E+00,    7.6037633860E+01
     85750,      0.676933,CP0_start,   1,    0.0000000000E+00,    7.6115429388E+01,    7.6115429388E+01,    0.0000000000E+00,    0.0000000000E+00,    0.0000000000E+00,    7.6115429388E+01
     85750,      0.676933,CP1_after_deposition,   1,    0.0000000000E+00,    7.6115429388E+01,    7.6115429388E+01,    0.0000000000E+00,    0.0000000000E+00,    0.0000000000E+00,    7.6115429388E+01
     85750,      0.676933,CP2_after_erosion,   1,    0.0000000000E+00,    7.6115429388E+01,    7.6115429388E+01,    0.0000000000E+00,    0.0000000000E+00,    0.0000000000E+00,    7.6115429388E+01
     85750,      0.676933,CP3_after_update_bottom,   1,    0.0000000000E+00,    7.6115429388E+01,    7.6115429388E+01,    0.0000000000E+00,    0.0000000000E+00,    0.0000000000E+00,    7.6115429388E+01
     85750,      0.676933,CP4_after_advection,   1,    0.0000000000E+00,    7.6117182449E+01,    7.6117182449E+01,    0.0000000000E+00,    0.0000000000E+00,    0.0000000000E+00,    7.6117182449E+01
     85750,      0.676933,CP5_after_vdif,   1,    0.0000000000E+00,    7.6117182449E+01,    7.6117182449E+01,    0.0000000000E+00,    0.0000000000E+00,    0.0000000000E+00,    7.6117182449E+01
     85750,      0.676933,CP6_after_kinetics,   1,    0.0000000000E+00,    7.6117182449E+01,    7.6117182449E+01,    0.0000000000E+00,    0.0000000000E+00,    0.0000000000E+00,    7.6117182449E+01
     85750,      0.676933,CP7_after_upper_clamp,   1,    0.0000000000E+00,    7.6117182449E+01,    7.6117182449E+01,    0.0000000000E+00,    0.0000000000E+00,    0.0000000000E+00,    7.6117182449E+01
     85750,      0.676933,CP8_after_OBC,   1,    0.0000000000E+00,    7.6117182449E+01,    7.6117182449E+01,    0.0000000000E+00,    0.0000000000E+00,    0.0000000000E+00,    7.6117182449E+01
     85750,      0.676933,CP9_after_PTsource,   1,    0.0000000000E+00,    7.6117182449E+01,    7.6117182449E+01,    0.0000000000E+00,    0.0000000000E+00,    0.0000000000E+00,    7.6117182449E+01
     85750,      0.676933,CP10_after_neg_clamp,   1,    0.0000000000E+00,    7.6117182449E+01,    7.6117182449E+01,    0.0000000000E+00,    0.0000000000E+00,    0.0000000000E+00,    7.6117182449E+01
     85750,      0.676933,CP11_after_MPI,   1,    0.0000000000E+00,    7.6117182449E+01,    7.6117182449E+01,    0.0000000000E+00,    0.0000000000E+00,    0.0000000000E+00,    7.6117182449E+01
     85750,      0.676933,CP12_end,   1,    0.0000000000E+00,    7.6117182449E+01,    7.6117182449E+01,    0.0000000000E+00,    0.0000000000E+00,    0.0000000000E+00,    7.6117182449E+01
     85800,      0.676933,CP0_start,   1,    0.0000000000E+00,    7.6195158093E+01,    7.6195158093E+01,    0.0000000000E+00,    0.0000000000E+00,    0.0000000000E+00,    7.6195158093E+01
     85800,      0.676933,CP1_after_deposition,   1,    0.0000000000E+00,    7.6195158093E+01,    7.6195158093E+01,    0.0000000000E+00,    0.0000000000E+00,    0.0000000000E+00,    7.6195158093E+01
     85800,      0.676933,CP2_after_erosion,   1,    0.0000000000E+00,    7.6195158093E+01,    7.6195158093E+01,    0.0000000000E+00,    0.0000000000E+00,    0.0000000000E+00,    7.6195158093E+01
     85800,      0.676933,CP3_after_update_bottom,   1,    0.0000000000E+00,    7.6195158093E+01,    7.6195158093E+01,    0.0000000000E+00,    0.0000000000E+00,    0.0000000000E+00,    7.6195158093E+01
     85800,      0.676933,CP4_after_advection,   1,    0.0000000000E+00,    7.6196885911E+01,    7.6196885911E+01,    0.0000000000E+00,    0.0000000000E+00,    0.0000000000E+00,    7.6196885911E+01
     85800,      0.676933,CP5_after_vdif,   1,    0.0000000000E+00,    7.6196885911E+01,    7.6196885911E+01,    0.0000000000E+00,    0.0000000000E+00,    0.0000000000E+00,    7.6196885911E+01
     85800,      0.676933,CP6_after_kinetics,   1,    0.0000000000E+00,    7.6196885911E+01,    7.6196885911E+01,    0.0000000000E+00,    0.0000000000E+00,    0.0000000000E+00,    7.6196885911E+01
     85800,      0.676933,CP7_after_upper_clamp,   1,    0.0000000000E+00,    7.6196885911E+01,    7.6196885911E+01,    0.0000000000E+00,    0.0000000000E+00,    0.0000000000E+00,    7.6196885911E+01
     85800,      0.676933,CP8_after_OBC,   1,    0.0000000000E+00,    7.6196885911E+01,    7.6196885911E+01,    0.0000000000E+00,    0.0000000000E+00,    0.0000000000E+00,    7.6196885911E+01
     85800,      0.676933,CP9_after_PTsource,   1,    0.0000000000E+00,    7.6196885911E+01,    7.6196885911E+01,    0.0000000000E+00,    0.0000000000E+00,    0.0000000000E+00,    7.6196885911E+01
     85800,      0.676933,CP10_after_neg_clamp,   1,    0.0000000000E+00,    7.6196885911E+01,    7.6196885911E+01,    0.0000000000E+00,    0.0000000000E+00,    0.0000000000E+00,    7.6196885911E+01
     85800,      0.676933,CP11_after_MPI,   1,    0.0000000000E+00,    7.6196885911E+01,    7.6196885911E+01,    0.0000000000E+00,    0.0000000000E+00,    0.0000000000E+00,    7.6196885911E+01
     85800,      0.676933,CP12_end,   1,    0.0000000000E+00,    7.6196885911E+01,    7.6196885911E+01,    0.0000000000E+00,    0.0000000000E+00,    0.0000000000E+00,    7.6196885911E+01
     85850,      0.676933,CP0_start,   1,    0.0000000000E+00,    7.6275047371E+01,    7.6275047371E+01,    0.0000000000E+00,    0.0000000000E+00,    0.0000000000E+00,    7.6275047371E+01
     85850,      0.676933,CP1_after_deposition,   1,    0.0000000000E+00,    7.6275047371E+01,    7.6275047371E+01,    0.0000000000E+00,    0.0000000000E+00,    0.0000000000E+00,    7.6275047371E+01
     85850,      0.676933,CP2_after_erosion,   1,    0.0000000000E+00,    7.6275047371E+01,    7.6275047371E+01,    0.0000000000E+00,    0.0000000000E+00,    0.0000000000E+00,    7.6275047371E+01
     85850,      0.676933,CP3_after_update_bottom,   1,    0.0000000000E+00,    7.6275047371E+01,    7.6275047371E+01,    0.0000000000E+00,    0.0000000000E+00,    0.0000000000E+00,    7.6275047371E+01
     85850,      0.676933,CP4_after_advection,   1,    0.0000000000E+00,    7.6276750206E+01,    7.6276750206E+01,    0.0000000000E+00,    0.0000000000E+00,    0.0000000000E+00,    7.6276750206E+01
     85850,      0.676933,CP5_after_vdif,   1,    0.0000000000E+00,    7.6276750206E+01,    7.6276750206E+01,    0.0000000000E+00,    0.0000000000E+00,    0.0000000000E+00,    7.6276750206E+01
     85850,      0.676933,CP6_after_kinetics,   1,    0.0000000000E+00,    7.6276750206E+01,    7.6276750206E+01,    0.0000000000E+00,    0.0000000000E+00,    0.0000000000E+00,    7.6276750206E+01
     85850,      0.676933,CP7_after_upper_clamp,   1,    0.0000000000E+00,    7.6276750206E+01,    7.6276750206E+01,    0.0000000000E+00,    0.0000000000E+00,    0.0000000000E+00,    7.6276750206E+01
     85850,      0.676933,CP8_after_OBC,   1,    0.0000000000E+00,    7.6276750206E+01,    7.6276750206E+01,    0.0000000000E+00,    0.0000000000E+00,    0.0000000000E+00,    7.6276750206E+01
     85850,      0.676933,CP9_after_PTsource,   1,    0.0000000000E+00,    7.6276750206E+01,    7.6276750206E+01,    0.0000000000E+00,    0.0000000000E+00,    0.0000000000E+00,    7.6276750206E+01
     85850,      0.676933,CP10_after_neg_clamp,   1,    0.0000000000E+00,    7.6276750206E+01,    7.6276750206E+01,    0.0000000000E+00,    0.0000000000E+00,    0.0000000000E+00,    7.6276750206E+01
     85850,      0.676933,CP11_after_MPI,   1,    0.0000000000E+00,    7.6276750206E+01,    7.6276750206E+01,    0.0000000000E+00,    0.0000000000E+00,    0.0000000000E+00,    7.6276750206E+01
     85850,      0.676933,CP12_end,   1,    0.0000000000E+00,    7.6276750206E+01,    7.6276750206E+01,    0.0000000000E+00,    0.0000000000E+00,    0.0000000000E+00,    7.6276750206E+01
     85900,      0.676933,CP0_start,   1,    0.0000000000E+00,    7.6355089747E+01,    7.6355089747E+01,    0.0000000000E+00,    0.0000000000E+00,    0.0000000000E+00,    7.6355089747E+01
     85900,      0.676933,CP1_after_deposition,   1,    0.0000000000E+00,    7.6355089747E+01,    7.6355089747E+01,    0.0000000000E+00,    0.0000000000E+00,    0.0000000000E+00,    7.6355089747E+01
     85900,      0.676933,CP2_after_erosion,   1,    0.0000000000E+00,    7.6355089747E+01,    7.6355089747E+01,    0.0000000000E+00,    0.0000000000E+00,    0.0000000000E+00,    7.6355089747E+01
     85900,      0.676933,CP3_after_update_bottom,   1,    0.0000000000E+00,    7.6355089747E+01,    7.6355089747E+01,    0.0000000000E+00,    0.0000000000E+00,    0.0000000000E+00,    7.6355089747E+01
     85900,      0.676933,CP4_after_advection,   1,    0.0000000000E+00,    7.6356767723E+01,    7.6356767723E+01,    0.0000000000E+00,    0.0000000000E+00,    0.0000000000E+00,    7.6356767723E+01
     85900,      0.676933,CP5_after_vdif,   1,    0.0000000000E+00,    7.6356767723E+01,    7.6356767723E+01,    0.0000000000E+00,    0.0000000000E+00,    0.0000000000E+00,    7.6356767723E+01
     85900,      0.676933,CP6_after_kinetics,   1,    0.0000000000E+00,    7.6356767723E+01,    7.6356767723E+01,    0.0000000000E+00,    0.0000000000E+00,    0.0000000000E+00,    7.6356767723E+01
     85900,      0.676933,CP7_after_upper_clamp,   1,    0.0000000000E+00,    7.6356767723E+01,    7.6356767723E+01,    0.0000000000E+00,    0.0000000000E+00,    0.0000000000E+00,    7.6356767723E+01
     85900,      0.676933,CP8_after_OBC,   1,    0.0000000000E+00,    7.6356767723E+01,    7.6356767723E+01,    0.0000000000E+00,    0.0000000000E+00,    0.0000000000E+00,    7.6356767723E+01
     85900,      0.676933,CP9_after_PTsource,   1,    0.0000000000E+00,    7.6356767723E+01,    7.6356767723E+01,    0.0000000000E+00,    0.0000000000E+00,    0.0000000000E+00,    7.6356767723E+01
     85900,      0.676933,CP10_after_neg_clamp,   1,    0.0000000000E+00,    7.6356767723E+01,    7.6356767723E+01,    0.0000000000E+00,    0.0000000000E+00,    0.0000000000E+00,    7.6356767723E+01
     85900,      0.676933,CP11_after_MPI,   1,    0.0000000000E+00,    7.6356767723E+01,    7.6356767723E+01,    0.0000000000E+00,    0.0000000000E+00,    0.0000000000E+00,    7.6356767723E+01
     85900,      0.676933,CP12_end,   1,    0.0000000000E+00,    7.6356767723E+01,    7.6356767723E+01,    0.0000000000E+00,    0.0000000000E+00,    0.0000000000E+00,    7.6356767723E+01
     85950,      0.676933,CP0_start,   1,    0.0000000000E+00,    7.6435336746E+01,    7.6435336746E+01,    0.0000000000E+00,    0.0000000000E+00,    0.0000000000E+00,    7.6435336746E+01
     85950,      0.676933,CP1_after_deposition,   1,    0.0000000000E+00,    7.6435336746E+01,    7.6435336746E+01,    0.0000000000E+00,    0.0000000000E+00,    0.0000000000E+00,    7.6435336746E+01
     85950,      0.676933,CP2_after_erosion,   1,    0.0000000000E+00,    7.6435336746E+01,    7.6435336746E+01,    0.0000000000E+00,    0.0000000000E+00,    0.0000000000E+00,    7.6435336746E+01
     85950,      0.676933,CP3_after_update_bottom,   1,    0.0000000000E+00,    7.6435336746E+01,    7.6435336746E+01,    0.0000000000E+00,    0.0000000000E+00,    0.0000000000E+00,    7.6435336746E+01
     85950,      0.676933,CP4_after_advection,   1,    0.0000000000E+00,    7.6436991195E+01,    7.6436991195E+01,    0.0000000000E+00,    0.0000000000E+00,    0.0000000000E+00,    7.6436991195E+01
     85950,      0.676933,CP5_after_vdif,   1,    0.0000000000E+00,    7.6436991195E+01,    7.6436991195E+01,    0.0000000000E+00,    0.0000000000E+00,    0.0000000000E+00,    7.6436991195E+01
     85950,      0.676933,CP6_after_kinetics,   1,    0.0000000000E+00,    7.6436991195E+01,    7.6436991195E+01,    0.0000000000E+00,    0.0000000000E+00,    0.0000000000E+00,    7.6436991195E+01
     85950,      0.676933,CP7_after_upper_clamp,   1,    0.0000000000E+00,    7.6436991195E+01,    7.6436991195E+01,    0.0000000000E+00,    0.0000000000E+00,    0.0000000000E+00,    7.6436991195E+01
     85950,      0.676933,CP8_after_OBC,   1,    0.0000000000E+00,    7.6436991195E+01,    7.6436991195E+01,    0.0000000000E+00,    0.0000000000E+00,    0.0000000000E+00,    7.6436991195E+01
     85950,      0.676933,CP9_after_PTsource,   1,    0.0000000000E+00,    7.6436991195E+01,    7.6436991195E+01,    0.0000000000E+00,    0.0000000000E+00,    0.0000000000E+00,    7.6436991195E+01
     85950,      0.676933,CP10_after_neg_clamp,   1,    0.0000000000E+00,    7.6436991195E+01,    7.6436991195E+01,    0.0000000000E+00,    0.0000000000E+00,    0.0000000000E+00,    7.6436991195E+01
     85950,      0.676933,CP11_after_MPI,   1,    0.0000000000E+00,    7.6436991195E+01,    7.6436991195E+01,    0.0000000000E+00,    0.0000000000E+00,    0.0000000000E+00,    7.6436991195E+01
     85950,      0.676933,CP12_end,   1,    0.0000000000E+00,    7.6436991195E+01,    7.6436991195E+01,    0.0000000000E+00,    0.0000000000E+00,    0.0000000000E+00,    7.6436991195E+01
     86000,      0.676933,CP0_start,   1,    0.0000000000E+00,    7.6515761415E+01,    7.6515761415E+01,    0.0000000000E+00,    0.0000000000E+00,    0.0000000000E+00,    7.6515761415E+01
     86000,      0.676933,CP1_after_deposition,   1,    0.0000000000E+00,    7.6515761415E+01,    7.6515761415E+01,    0.0000000000E+00,    0.0000000000E+00,    0.0000000000E+00,    7.6515761415E+01
     86000,      0.676933,CP2_after_erosion,   1,    0.0000000000E+00,    7.6515761415E+01,    7.6515761415E+01,    0.0000000000E+00,    0.0000000000E+00,    0.0000000000E+00,    7.6515761415E+01
     86000,      0.676933,CP3_after_update_bottom,   1,    0.0000000000E+00,    7.6515761415E+01,    7.6515761415E+01,    0.0000000000E+00,    0.0000000000E+00,    0.0000000000E+00,    7.6515761415E+01
     86000,      0.676933,CP4_after_advection,   1,    0.0000000000E+00,    7.6517393603E+01,    7.6517393603E+01,    0.0000000000E+00,    0.0000000000E+00,    0.0000000000E+00,    7.6517393603E+01
     86000,      0.676933,CP5_after_vdif,   1,    0.0000000000E+00,    7.6517393603E+01,    7.6517393603E+01,    0.0000000000E+00,    0.0000000000E+00,    0.0000000000E+00,    7.6517393603E+01
     86000,      0.676933,CP6_after_kinetics,   1,    0.0000000000E+00,    7.6517393603E+01,    7.6517393603E+01,    0.0000000000E+00,    0.0000000000E+00,    0.0000000000E+00,    7.6517393603E+01
     86000,      0.676933,CP7_after_upper_clamp,   1,    0.0000000000E+00,    7.6517393603E+01,    7.6517393603E+01,    0.0000000000E+00,    0.0000000000E+00,    0.0000000000E+00,    7.6517393603E+01
     86000,      0.676933,CP8_after_OBC,   1,    0.0000000000E+00,    7.6517393603E+01,    7.6517393603E+01,    0.0000000000E+00,    0.0000000000E+00,    0.0000000000E+00,    7.6517393603E+01
     86000,      0.676933,CP9_after_PTsource,   1,    0.0000000000E+00,    7.6517393603E+01,    7.6517393603E+01,    0.0000000000E+00,    0.0000000000E+00,    0.0000000000E+00,    7.6517393603E+01
     86000,      0.676933,CP10_after_neg_clamp,   1,    0.0000000000E+00,    7.6517393603E+01,    7.6517393603E+01,    0.0000000000E+00,    0.0000000000E+00,    0.0000000000E+00,    7.6517393603E+01
     86000,      0.676933,CP11_after_MPI,   1,    0.0000000000E+00,    7.6517393603E+01,    7.6517393603E+01,    0.0000000000E+00,    0.0000000000E+00,    0.0000000000E+00,    7.6517393603E+01
     86000,      0.676933,CP12_end,   1,    0.0000000000E+00,    7.6517393603E+01,    7.6517393603E+01,    0.0000000000E+00,    0.0000000000E+00,    0.0000000000E+00,    7.6517393603E+01
     86050,      0.676933,CP0_start,   1,    0.0000000000E+00,    7.6596392496E+01,    7.6596392496E+01,    0.0000000000E+00,    0.0000000000E+00,    0.0000000000E+00,    7.6596392496E+01
     86050,      0.676933,CP1_after_deposition,   1,    0.0000000000E+00,    7.6596392496E+01,    7.6596392496E+01,    0.0000000000E+00,    0.0000000000E+00,    0.0000000000E+00,    7.6596392496E+01
     86050,      0.676933,CP2_after_erosion,   1,    0.0000000000E+00,    7.6596392496E+01,    7.6596392496E+01,    0.0000000000E+00,    0.0000000000E+00,    0.0000000000E+00,    7.6596392496E+01
     86050,      0.676933,CP3_after_update_bottom,   1,    0.0000000000E+00,    7.6596392496E+01,    7.6596392496E+01,    0.0000000000E+00,    0.0000000000E+00,    0.0000000000E+00,    7.6596392496E+01
     86050,      0.676933,CP4_after_advection,   1,    0.0000000000E+00,    7.6598002347E+01,    7.6598002347E+01,    0.0000000000E+00,    0.0000000000E+00,    0.0000000000E+00,    7.6598002347E+01
     86050,      0.676933,CP5_after_vdif,   1,    0.0000000000E+00,    7.6598002347E+01,    7.6598002347E+01,    0.0000000000E+00,    0.0000000000E+00,    0.0000000000E+00,    7.6598002347E+01
     86050,      0.676933,CP6_after_kinetics,   1,    0.0000000000E+00,    7.6598002347E+01,    7.6598002347E+01,    0.0000000000E+00,    0.0000000000E+00,    0.0000000000E+00,    7.6598002347E+01
     86050,      0.676933,CP7_after_upper_clamp,   1,    0.0000000000E+00,    7.6598002347E+01,    7.6598002347E+01,    0.0000000000E+00,    0.0000000000E+00,    0.0000000000E+00,    7.6598002347E+01
     86050,      0.676933,CP8_after_OBC,   1,    0.0000000000E+00,    7.6598002347E+01,    7.6598002347E+01,    0.0000000000E+00,    0.0000000000E+00,    0.0000000000E+00,    7.6598002347E+01
     86050,      0.676933,CP9_after_PTsource,   1,    0.0000000000E+00,    7.6598002347E+01,    7.6598002347E+01,    0.0000000000E+00,    0.0000000000E+00,    0.0000000000E+00,    7.6598002347E+01
     86050,      0.676933,CP10_after_neg_clamp,   1,    0.0000000000E+00,    7.6598002347E+01,    7.6598002347E+01,    0.0000000000E+00,    0.0000000000E+00,    0.0000000000E+00,    7.6598002347E+01
     86050,      0.676933,CP11_after_MPI,   1,    0.0000000000E+00,    7.6598002347E+01,    7.6598002347E+01,    0.0000000000E+00,    0.0000000000E+00,    0.0000000000E+00,    7.6598002347E+01
     86050,      0.676933,CP12_end,   1,    0.0000000000E+00,    7.6598002347E+01,    7.6598002347E+01,    0.0000000000E+00,    0.0000000000E+00,    0.0000000000E+00,    7.6598002347E+01
     86100,      0.676933,CP0_start,   1,    0.0000000000E+00,    7.6677255806E+01,    7.6677255806E+01,    0.0000000000E+00,    0.0000000000E+00,    0.0000000000E+00,    7.6677255806E+01
     86100,      0.676933,CP1_after_deposition,   1,    0.0000000000E+00,    7.6677255806E+01,    7.6677255806E+01,    0.0000000000E+00,    0.0000000000E+00,    0.0000000000E+00,    7.6677255806E+01
     86100,      0.676933,CP2_after_erosion,   1,    0.0000000000E+00,    7.6677255806E+01,    7.6677255806E+01,    0.0000000000E+00,    0.0000000000E+00,    0.0000000000E+00,    7.6677255806E+01
     86100,      0.676933,CP3_after_update_bottom,   1,    0.0000000000E+00,    7.6677255806E+01,    7.6677255806E+01,    0.0000000000E+00,    0.0000000000E+00,    0.0000000000E+00,    7.6677255806E+01
     86100,      0.676933,CP4_after_advection,   1,    0.0000000000E+00,    7.6678844692E+01,    7.6678844692E+01,    0.0000000000E+00,    0.0000000000E+00,    0.0000000000E+00,    7.6678844692E+01
     86100,      0.676933,CP5_after_vdif,   1,    0.0000000000E+00,    7.6678844692E+01,    7.6678844692E+01,    0.0000000000E+00,    0.0000000000E+00,    0.0000000000E+00,    7.6678844692E+01
     86100,      0.676933,CP6_after_kinetics,   1,    0.0000000000E+00,    7.6678844692E+01,    7.6678844692E+01,    0.0000000000E+00,    0.0000000000E+00,    0.0000000000E+00,    7.6678844692E+01
     86100,      0.676933,CP7_after_upper_clamp,   1,    0.0000000000E+00,    7.6678844692E+01,    7.6678844692E+01,    0.0000000000E+00,    0.0000000000E+00,    0.0000000000E+00,    7.6678844692E+01
     86100,      0.676933,CP8_after_OBC,   1,    0.0000000000E+00,    7.6678844692E+01,    7.6678844692E+01,    0.0000000000E+00,    0.0000000000E+00,    0.0000000000E+00,    7.6678844692E+01
     86100,      0.676933,CP9_after_PTsource,   1,    0.0000000000E+00,    7.6678844692E+01,    7.6678844692E+01,    0.0000000000E+00,    0.0000000000E+00,    0.0000000000E+00,    7.6678844692E+01
     86100,      0.676933,CP10_after_neg_clamp,   1,    0.0000000000E+00,    7.6678844692E+01,    7.6678844692E+01,    0.0000000000E+00,    0.0000000000E+00,    0.0000000000E+00,    7.6678844692E+01
     86100,      0.676933,CP11_after_MPI,   1,    0.0000000000E+00,    7.6678844692E+01,    7.6678844692E+01,    0.0000000000E+00,    0.0000000000E+00,    0.0000000000E+00,    7.6678844692E+01
     86100,      0.676933,CP12_end,   1,    0.0000000000E+00,    7.6678844692E+01,    7.6678844692E+01,    0.0000000000E+00,    0.0000000000E+00,    0.0000000000E+00,    7.6678844692E+01
     86150,      0.676933,CP0_start,   1,    0.0000000000E+00,    7.6758352524E+01,    7.6758352524E+01,    0.0000000000E+00,    0.0000000000E+00,    0.0000000000E+00,    7.6758352524E+01
     86150,      0.676933,CP1_after_deposition,   1,    0.0000000000E+00,    7.6758352524E+01,    7.6758352524E+01,    0.0000000000E+00,    0.0000000000E+00,    0.0000000000E+00,    7.6758352524E+01
     86150,      0.676933,CP2_after_erosion,   1,    0.0000000000E+00,    7.6758352524E+01,    7.6758352524E+01,    0.0000000000E+00,    0.0000000000E+00,    0.0000000000E+00,    7.6758352524E+01
     86150,      0.676933,CP3_after_update_bottom,   1,    0.0000000000E+00,    7.6758352524E+01,    7.6758352524E+01,    0.0000000000E+00,    0.0000000000E+00,    0.0000000000E+00,    7.6758352524E+01
     86150,      0.676933,CP4_after_advection,   1,    0.0000000000E+00,    7.6759921634E+01,    7.6759921634E+01,    0.0000000000E+00,    0.0000000000E+00,    0.0000000000E+00,    7.6759921634E+01
     86150,      0.676933,CP5_after_vdif,   1,    0.0000000000E+00,    7.6759921634E+01,    7.6759921634E+01,    0.0000000000E+00,    0.0000000000E+00,    0.0000000000E+00,    7.6759921634E+01
     86150,      0.676933,CP6_after_kinetics,   1,    0.0000000000E+00,    7.6759921634E+01,    7.6759921634E+01,    0.0000000000E+00,    0.0000000000E+00,    0.0000000000E+00,    7.6759921634E+01
     86150,      0.676933,CP7_after_upper_clamp,   1,    0.0000000000E+00,    7.6759921634E+01,    7.6759921634E+01,    0.0000000000E+00,    0.0000000000E+00,    0.0000000000E+00,    7.6759921634E+01
     86150,      0.676933,CP8_after_OBC,   1,    0.0000000000E+00,    7.6759921634E+01,    7.6759921634E+01,    0.0000000000E+00,    0.0000000000E+00,    0.0000000000E+00,    7.6759921634E+01
     86150,      0.676933,CP9_after_PTsource,   1,    0.0000000000E+00,    7.6759921634E+01,    7.6759921634E+01,    0.0000000000E+00,    0.0000000000E+00,    0.0000000000E+00,    7.6759921634E+01
     86150,      0.676933,CP10_after_neg_clamp,   1,    0.0000000000E+00,    7.6759921634E+01,    7.6759921634E+01,    0.0000000000E+00,    0.0000000000E+00,    0.0000000000E+00,    7.6759921634E+01
     86150,      0.676933,CP11_after_MPI,   1,    0.0000000000E+00,    7.6759921634E+01,    7.6759921634E+01,    0.0000000000E+00,    0.0000000000E+00,    0.0000000000E+00,    7.6759921634E+01
     86150,      0.676933,CP12_end,   1,    0.0000000000E+00,    7.6759921634E+01,    7.6759921634E+01,    0.0000000000E+00,    0.0000000000E+00,    0.0000000000E+00,    7.6759921634E+01
     86200,      0.676933,CP0_start,   1,    0.0000000000E+00,    7.6839701506E+01,    7.6839701506E+01,    0.0000000000E+00,    0.0000000000E+00,    0.0000000000E+00,    7.6839701506E+01
     86200,      0.676933,CP1_after_deposition,   1,    0.0000000000E+00,    7.6839701506E+01,    7.6839701506E+01,    0.0000000000E+00,    0.0000000000E+00,    0.0000000000E+00,    7.6839701506E+01
     86200,      0.676933,CP2_after_erosion,   1,    0.0000000000E+00,    7.6839701506E+01,    7.6839701506E+01,    0.0000000000E+00,    0.0000000000E+00,    0.0000000000E+00,    7.6839701506E+01
     86200,      0.676933,CP3_after_update_bottom,   1,    0.0000000000E+00,    7.6839701506E+01,    7.6839701506E+01,    0.0000000000E+00,    0.0000000000E+00,    0.0000000000E+00,    7.6839701506E+01
     86200,      0.676933,CP4_after_advection,   1,    0.0000000000E+00,    7.6841251799E+01,    7.6841251799E+01,    0.0000000000E+00,    0.0000000000E+00,    0.0000000000E+00,    7.6841251799E+01
     86200,      0.676933,CP5_after_vdif,   1,    0.0000000000E+00,    7.6841251799E+01,    7.6841251799E+01,    0.0000000000E+00,    0.0000000000E+00,    0.0000000000E+00,    7.6841251799E+01
     86200,      0.676933,CP6_after_kinetics,   1,    0.0000000000E+00,    7.6841251799E+01,    7.6841251799E+01,    0.0000000000E+00,    0.0000000000E+00,    0.0000000000E+00,    7.6841251799E+01
     86200,      0.676933,CP7_after_upper_clamp,   1,    0.0000000000E+00,    7.6841251799E+01,    7.6841251799E+01,    0.0000000000E+00,    0.0000000000E+00,    0.0000000000E+00,    7.6841251799E+01
     86200,      0.676933,CP8_after_OBC,   1,    0.0000000000E+00,    7.6841251799E+01,    7.6841251799E+01,    0.0000000000E+00,    0.0000000000E+00,    0.0000000000E+00,    7.6841251799E+01
     86200,      0.676933,CP9_after_PTsource,   1,    0.0000000000E+00,    7.6841251799E+01,    7.6841251799E+01,    0.0000000000E+00,    0.0000000000E+00,    0.0000000000E+00,    7.6841251799E+01
     86200,      0.676933,CP10_after_neg_clamp,   1,    0.0000000000E+00,    7.6841251799E+01,    7.6841251799E+01,    0.0000000000E+00,    0.0000000000E+00,    0.0000000000E+00,    7.6841251799E+01
     86200,      0.676933,CP11_after_MPI,   1,    0.0000000000E+00,    7.6841251799E+01,    7.6841251799E+01,    0.0000000000E+00,    0.0000000000E+00,    0.0000000000E+00,    7.6841251799E+01
     86200,      0.676933,CP12_end,   1,    0.0000000000E+00,    7.6841251799E+01,    7.6841251799E+01,    0.0000000000E+00,    0.0000000000E+00,    0.0000000000E+00,    7.6841251799E+01
     86250,      0.676933,CP0_start,   1,    0.0000000000E+00,    7.6921273187E+01,    7.6921273187E+01,    0.0000000000E+00,    0.0000000000E+00,    0.0000000000E+00,    7.6921273187E+01
     86250,      0.676933,CP1_after_deposition,   1,    0.0000000000E+00,    7.6921273187E+01,    7.6921273187E+01,    0.0000000000E+00,    0.0000000000E+00,    0.0000000000E+00,    7.6921273187E+01
     86250,      0.676933,CP2_after_erosion,   1,    0.0000000000E+00,    7.6921273187E+01,    7.6921273187E+01,    0.0000000000E+00,    0.0000000000E+00,    0.0000000000E+00,    7.6921273187E+01
     86250,      0.676933,CP3_after_update_bottom,   1,    0.0000000000E+00,    7.6921273187E+01,    7.6921273187E+01,    0.0000000000E+00,    0.0000000000E+00,    0.0000000000E+00,    7.6921273187E+01
     86250,      0.676933,CP4_after_advection,   1,    0.0000000000E+00,    7.6922805799E+01,    7.6922805799E+01,    0.0000000000E+00,    0.0000000000E+00,    0.0000000000E+00,    7.6922805799E+01
     86250,      0.676933,CP5_after_vdif,   1,    0.0000000000E+00,    7.6922805799E+01,    7.6922805799E+01,    0.0000000000E+00,    0.0000000000E+00,    0.0000000000E+00,    7.6922805799E+01
     86250,      0.676933,CP6_after_kinetics,   1,    0.0000000000E+00,    7.6922805799E+01,    7.6922805799E+01,    0.0000000000E+00,    0.0000000000E+00,    0.0000000000E+00,    7.6922805799E+01
     86250,      0.676933,CP7_after_upper_clamp,   1,    0.0000000000E+00,    7.6922805799E+01,    7.6922805799E+01,    0.0000000000E+00,    0.0000000000E+00,    0.0000000000E+00,    7.6922805799E+01
     86250,      0.676933,CP8_after_OBC,   1,    0.0000000000E+00,    7.6922805799E+01,    7.6922805799E+01,    0.0000000000E+00,    0.0000000000E+00,    0.0000000000E+00,    7.6922805799E+01
     86250,      0.676933,CP9_after_PTsource,   1,    0.0000000000E+00,    7.6922805799E+01,    7.6922805799E+01,    0.0000000000E+00,    0.0000000000E+00,    0.0000000000E+00,    7.6922805799E+01
     86250,      0.676933,CP10_after_neg_clamp,   1,    0.0000000000E+00,    7.6922805799E+01,    7.6922805799E+01,    0.0000000000E+00,    0.0000000000E+00,    0.0000000000E+00,    7.6922805799E+01
     86250,      0.676933,CP11_after_MPI,   1,    0.0000000000E+00,    7.6922805799E+01,    7.6922805799E+01,    0.0000000000E+00,    0.0000000000E+00,    0.0000000000E+00,    7.6922805799E+01
     86250,      0.676933,CP12_end,   1,    0.0000000000E+00,    7.6922805799E+01,    7.6922805799E+01,    0.0000000000E+00,    0.0000000000E+00,    0.0000000000E+00,    7.6922805799E+01
     86300,      0.676933,CP0_start,   1,    0.0000000000E+00,    7.7003088646E+01,    7.7003088646E+01,    0.0000000000E+00,    0.0000000000E+00,    0.0000000000E+00,    7.7003088646E+01
     86300,      0.676933,CP1_after_deposition,   1,    0.0000000000E+00,    7.7003088646E+01,    7.7003088646E+01,    0.0000000000E+00,    0.0000000000E+00,    0.0000000000E+00,    7.7003088646E+01
     86300,      0.676933,CP2_after_erosion,   1,    0.0000000000E+00,    7.7003088646E+01,    7.7003088646E+01,    0.0000000000E+00,    0.0000000000E+00,    0.0000000000E+00,    7.7003088646E+01
     86300,      0.676933,CP3_after_update_bottom,   1,    0.0000000000E+00,    7.7003088646E+01,    7.7003088646E+01,    0.0000000000E+00,    0.0000000000E+00,    0.0000000000E+00,    7.7003088646E+01
     86300,      0.676933,CP4_after_advection,   1,    0.0000000000E+00,    7.7004603085E+01,    7.7004603085E+01,    0.0000000000E+00,    0.0000000000E+00,    0.0000000000E+00,    7.7004603085E+01
     86300,      0.676933,CP5_after_vdif,   1,    0.0000000000E+00,    7.7004603085E+01,    7.7004603085E+01,    0.0000000000E+00,    0.0000000000E+00,    0.0000000000E+00,    7.7004603085E+01
     86300,      0.676933,CP6_after_kinetics,   1,    0.0000000000E+00,    7.7004603085E+01,    7.7004603085E+01,    0.0000000000E+00,    0.0000000000E+00,    0.0000000000E+00,    7.7004603085E+01
     86300,      0.676933,CP7_after_upper_clamp,   1,    0.0000000000E+00,    7.7004603085E+01,    7.7004603085E+01,    0.0000000000E+00,    0.0000000000E+00,    0.0000000000E+00,    7.7004603085E+01
     86300,      0.676933,CP8_after_OBC,   1,    0.0000000000E+00,    7.7004603085E+01,    7.7004603085E+01,    0.0000000000E+00,    0.0000000000E+00,    0.0000000000E+00,    7.7004603085E+01
     86300,      0.676933,CP9_after_PTsource,   1,    0.0000000000E+00,    7.7004603085E+01,    7.7004603085E+01,    0.0000000000E+00,    0.0000000000E+00,    0.0000000000E+00,    7.7004603085E+01
     86300,      0.676933,CP10_after_neg_clamp,   1,    0.0000000000E+00,    7.7004603085E+01,    7.7004603085E+01,    0.0000000000E+00,    0.0000000000E+00,    0.0000000000E+00,    7.7004603085E+01
     86300,      0.676933,CP11_after_MPI,   1,    0.0000000000E+00,    7.7004603085E+01,    7.7004603085E+01,    0.0000000000E+00,    0.0000000000E+00,    0.0000000000E+00,    7.7004603085E+01
     86300,      0.676933,CP12_end,   1,    0.0000000000E+00,    7.7004603085E+01,    7.7004603085E+01,    0.0000000000E+00,    0.0000000000E+00,    0.0000000000E+00,    7.7004603085E+01
     86350,      0.676933,CP0_start,   1,    0.0000000000E+00,    7.7085141138E+01,    7.7085141138E+01,    0.0000000000E+00,    0.0000000000E+00,    0.0000000000E+00,    7.7085141138E+01
     86350,      0.676933,CP1_after_deposition,   1,    0.0000000000E+00,    7.7085141138E+01,    7.7085141138E+01,    0.0000000000E+00,    0.0000000000E+00,    0.0000000000E+00,    7.7085141138E+01
     86350,      0.676933,CP2_after_erosion,   1,    0.0000000000E+00,    7.7085141138E+01,    7.7085141138E+01,    0.0000000000E+00,    0.0000000000E+00,    0.0000000000E+00,    7.7085141138E+01
     86350,      0.676933,CP3_after_update_bottom,   1,    0.0000000000E+00,    7.7085141138E+01,    7.7085141138E+01,    0.0000000000E+00,    0.0000000000E+00,    0.0000000000E+00,    7.7085141138E+01
     86350,      0.676933,CP4_after_advection,   1,    0.0000000000E+00,    7.7086638108E+01,    7.7086638108E+01,    0.0000000000E+00,    0.0000000000E+00,    0.0000000000E+00,    7.7086638108E+01
     86350,      0.676933,CP5_after_vdif,   1,    0.0000000000E+00,    7.7086638108E+01,    7.7086638108E+01,    0.0000000000E+00,    0.0000000000E+00,    0.0000000000E+00,    7.7086638108E+01
     86350,      0.676933,CP6_after_kinetics,   1,    0.0000000000E+00,    7.7086638108E+01,    7.7086638108E+01,    0.0000000000E+00,    0.0000000000E+00,    0.0000000000E+00,    7.7086638108E+01
     86350,      0.676933,CP7_after_upper_clamp,   1,    0.0000000000E+00,    7.7086638108E+01,    7.7086638108E+01,    0.0000000000E+00,    0.0000000000E+00,    0.0000000000E+00,    7.7086638108E+01
     86350,      0.676933,CP8_after_OBC,   1,    0.0000000000E+00,    7.7086638108E+01,    7.7086638108E+01,    0.0000000000E+00,    0.0000000000E+00,    0.0000000000E+00,    7.7086638108E+01
     86350,      0.676933,CP9_after_PTsource,   1,    0.0000000000E+00,    7.7086638108E+01,    7.7086638108E+01,    0.0000000000E+00,    0.0000000000E+00,    0.0000000000E+00,    7.7086638108E+01
     86350,      0.676933,CP10_after_neg_clamp,   1,    0.0000000000E+00,    7.7086638108E+01,    7.7086638108E+01,    0.0000000000E+00,    0.0000000000E+00,    0.0000000000E+00,    7.7086638108E+01
     86350,      0.676933,CP11_after_MPI,   1,    0.0000000000E+00,    7.7086638108E+01,    7.7086638108E+01,    0.0000000000E+00,    0.0000000000E+00,    0.0000000000E+00,    7.7086638108E+01
     86350,      0.676933,CP12_end,   1,    0.0000000000E+00,    7.7086638108E+01,    7.7086638108E+01,    0.0000000000E+00,    0.0000000000E+00,    0.0000000000E+00,    7.7086638108E+01
     86400,      0.676933,CP0_start,   1,    0.0000000000E+00,    7.7167371100E+01,    7.7167371100E+01,    0.0000000000E+00,    0.0000000000E+00,    0.0000000000E+00,    7.7167371100E+01
     86400,      0.676933,CP1_after_deposition,   1,    0.0000000000E+00,    7.7167371100E+01,    7.7167371100E+01,    0.0000000000E+00,    0.0000000000E+00,    0.0000000000E+00,    7.7167371100E+01
     86400,      0.676933,CP2_after_erosion,   1,    0.0000000000E+00,    7.7167371100E+01,    7.7167371100E+01,    0.0000000000E+00,    0.0000000000E+00,    0.0000000000E+00,    7.7167371100E+01
     86400,      0.676933,CP3_after_update_bottom,   1,    0.0000000000E+00,    7.7167371100E+01,    7.7167371100E+01,    0.0000000000E+00,    0.0000000000E+00,    0.0000000000E+00,    7.7167371100E+01
     86400,      0.676933,CP4_after_advection,   1,    0.0000000000E+00,    7.7168849384E+01,    7.7168849384E+01,    0.0000000000E+00,    0.0000000000E+00,    0.0000000000E+00,    7.7168849384E+01
     86400,      0.676933,CP5_after_vdif,   1,    0.0000000000E+00,    7.7168849384E+01,    7.7168849384E+01,    0.0000000000E+00,    0.0000000000E+00,    0.0000000000E+00,    7.7168849384E+01
     86400,      0.676933,CP6_after_kinetics,   1,    0.0000000000E+00,    7.7168849384E+01,    7.7168849384E+01,    0.0000000000E+00,    0.0000000000E+00,    0.0000000000E+00,    7.7168849384E+01
     86400,      0.676933,CP7_after_upper_clamp,   1,    0.0000000000E+00,    7.7168849384E+01,    7.7168849384E+01,    0.0000000000E+00,    0.0000000000E+00,    0.0000000000E+00,    7.7168849384E+01
     86400,      0.676933,CP8_after_OBC,   1,    0.0000000000E+00,    7.7168849384E+01,    7.7168849384E+01,    0.0000000000E+00,    0.0000000000E+00,    0.0000000000E+00,    7.7168849384E+01
     86400,      0.676933,CP9_after_PTsource,   1,    0.0000000000E+00,    7.7168849384E+01,    7.7168849384E+01,    0.0000000000E+00,    0.0000000000E+00,    0.0000000000E+00,    7.7168849384E+01
     86400,      0.676933,CP10_after_neg_clamp,   1,    0.0000000000E+00,    7.7168849384E+01,    7.7168849384E+01,    0.0000000000E+00,    0.0000000000E+00,    0.0000000000E+00,    7.7168849384E+01
     86400,      0.676933,CP11_after_MPI,   1,    0.0000000000E+00,    7.7168849384E+01,    7.7168849384E+01,    0.0000000000E+00,    0.0000000000E+00,    0.0000000000E+00,    7.7168849384E+01
     86400,      0.676933,CP12_end,   1,    0.0000000000E+00,    7.7168849384E+01,    7.7168849384E+01,    0.0000000000E+00,    0.0000000000E+00,    0.0000000000E+00,    7.7168849384E+01
     86450,      0.676933,CP0_start,   1,    0.0000000000E+00,    7.7249752891E+01,    7.7249752891E+01,    0.0000000000E+00,    0.0000000000E+00,    0.0000000000E+00,    7.7249752891E+01
     86450,      0.676933,CP1_after_deposition,   1,    0.0000000000E+00,    7.7249752891E+01,    7.7249752891E+01,    0.0000000000E+00,    0.0000000000E+00,    0.0000000000E+00,    7.7249752891E+01
     86450,      0.676933,CP2_after_erosion,   1,    0.0000000000E+00,    7.7249752891E+01,    7.7249752891E+01,    0.0000000000E+00,    0.0000000000E+00,    0.0000000000E+00,    7.7249752891E+01
     86450,      0.676933,CP3_after_update_bottom,   1,    0.0000000000E+00,    7.7249752891E+01,    7.7249752891E+01,    0.0000000000E+00,    0.0000000000E+00,    0.0000000000E+00,    7.7249752891E+01
     86450,      0.676933,CP4_after_advection,   1,    0.0000000000E+00,    7.7251213111E+01,    7.7251213111E+01,    0.0000000000E+00,    0.0000000000E+00,    0.0000000000E+00,    7.7251213111E+01
     86450,      0.676933,CP5_after_vdif,   1,    0.0000000000E+00,    7.7251213111E+01,    7.7251213111E+01,    0.0000000000E+00,    0.0000000000E+00,    0.0000000000E+00,    7.7251213111E+01
     86450,      0.676933,CP6_after_kinetics,   1,    0.0000000000E+00,    7.7251213111E+01,    7.7251213111E+01,    0.0000000000E+00,    0.0000000000E+00,    0.0000000000E+00,    7.7251213111E+01
     86450,      0.676933,CP7_after_upper_clamp,   1,    0.0000000000E+00,    7.7251213111E+01,    7.7251213111E+01,    0.0000000000E+00,    0.0000000000E+00,    0.0000000000E+00,    7.7251213111E+01
     86450,      0.676933,CP8_after_OBC,   1,    0.0000000000E+00,    7.7251213111E+01,    7.7251213111E+01,    0.0000000000E+00,    0.0000000000E+00,    0.0000000000E+00,    7.7251213111E+01
     86450,      0.676933,CP9_after_PTsource,   1,    0.0000000000E+00,    7.7251213111E+01,    7.7251213111E+01,    0.0000000000E+00,    0.0000000000E+00,    0.0000000000E+00,    7.7251213111E+01
     86450,      0.676933,CP10_after_neg_clamp,   1,    0.0000000000E+00,    7.7251213111E+01,    7.7251213111E+01,    0.0000000000E+00,    0.0000000000E+00,    0.0000000000E+00,    7.7251213111E+01
     86450,      0.676933,CP11_after_MPI,   1,    0.0000000000E+00,    7.7251213111E+01,    7.7251213111E+01,    0.0000000000E+00,    0.0000000000E+00,    0.0000000000E+00,    7.7251213111E+01
     86450,      0.676933,CP12_end,   1,    0.0000000000E+00,    7.7251213111E+01,    7.7251213111E+01,    0.0000000000E+00,    0.0000000000E+00,    0.0000000000E+00,    7.7251213111E+01
     86500,      0.676933,CP0_start,   1,    0.0000000000E+00,    7.7332250362E+01,    7.7332250362E+01,    0.0000000000E+00,    0.0000000000E+00,    0.0000000000E+00,    7.7332250362E+01
     86500,      0.676933,CP1_after_deposition,   1,    0.0000000000E+00,    7.7332250362E+01,    7.7332250362E+01,    0.0000000000E+00,    0.0000000000E+00,    0.0000000000E+00,    7.7332250362E+01
     86500,      0.676933,CP2_after_erosion,   1,    0.0000000000E+00,    7.7332250362E+01,    7.7332250362E+01,    0.0000000000E+00,    0.0000000000E+00,    0.0000000000E+00,    7.7332250362E+01
     86500,      0.676933,CP3_after_update_bottom,   1,    0.0000000000E+00,    7.7332250362E+01,    7.7332250362E+01,    0.0000000000E+00,    0.0000000000E+00,    0.0000000000E+00,    7.7332250362E+01
     86500,      0.676933,CP4_after_advection,   1,    0.0000000000E+00,    7.7333694079E+01,    7.7333694079E+01,    0.0000000000E+00,    0.0000000000E+00,    0.0000000000E+00,    7.7333694079E+01
     86500,      0.676933,CP5_after_vdif,   1,    0.0000000000E+00,    7.7333694079E+01,    7.7333694079E+01,    0.0000000000E+00,    0.0000000000E+00,    0.0000000000E+00,    7.7333694079E+01
     86500,      0.676933,CP6_after_kinetics,   1,    0.0000000000E+00,    7.7333694079E+01,    7.7333694079E+01,    0.0000000000E+00,    0.0000000000E+00,    0.0000000000E+00,    7.7333694079E+01
     86500,      0.676933,CP7_after_upper_clamp,   1,    0.0000000000E+00,    7.7333694079E+01,    7.7333694079E+01,    0.0000000000E+00,    0.0000000000E+00,    0.0000000000E+00,    7.7333694079E+01
     86500,      0.676933,CP8_after_OBC,   1,    0.0000000000E+00,    7.7333694079E+01,    7.7333694079E+01,    0.0000000000E+00,    0.0000000000E+00,    0.0000000000E+00,    7.7333694079E+01
     86500,      0.676933,CP9_after_PTsource,   1,    0.0000000000E+00,    7.7333694079E+01,    7.7333694079E+01,    0.0000000000E+00,    0.0000000000E+00,    0.0000000000E+00,    7.7333694079E+01
     86500,      0.676933,CP10_after_neg_clamp,   1,    0.0000000000E+00,    7.7333694079E+01,    7.7333694079E+01,    0.0000000000E+00,    0.0000000000E+00,    0.0000000000E+00,    7.7333694079E+01
     86500,      0.676933,CP11_after_MPI,   1,    0.0000000000E+00,    7.7333694079E+01,    7.7333694079E+01,    0.0000000000E+00,    0.0000000000E+00,    0.0000000000E+00,    7.7333694079E+01
     86500,      0.676933,CP12_end,   1,    0.0000000000E+00,    7.7333694079E+01,    7.7333694079E+01,    0.0000000000E+00,    0.0000000000E+00,    0.0000000000E+00,    7.7333694079E+01
     86550,      0.676933,CP0_start,   1,    0.0000000000E+00,    7.7414841112E+01,    7.7414841112E+01,    0.0000000000E+00,    0.0000000000E+00,    0.0000000000E+00,    7.7414841112E+01
     86550,      0.676933,CP1_after_deposition,   1,    0.0000000000E+00,    7.7414841112E+01,    7.7414841112E+01,    0.0000000000E+00,    0.0000000000E+00,    0.0000000000E+00,    7.7414841112E+01
     86550,      0.676933,CP2_after_erosion,   1,    0.0000000000E+00,    7.7414841112E+01,    7.7414841112E+01,    0.0000000000E+00,    0.0000000000E+00,    0.0000000000E+00,    7.7414841112E+01
     86550,      0.676933,CP3_after_update_bottom,   1,    0.0000000000E+00,    7.7414841112E+01,    7.7414841112E+01,    0.0000000000E+00,    0.0000000000E+00,    0.0000000000E+00,    7.7414841112E+01
     86550,      0.676933,CP4_after_advection,   1,    0.0000000000E+00,    7.7416268188E+01,    7.7416268188E+01,    0.0000000000E+00,    0.0000000000E+00,    0.0000000000E+00,    7.7416268188E+01
     86550,      0.676933,CP5_after_vdif,   1,    0.0000000000E+00,    7.7416268188E+01,    7.7416268188E+01,    0.0000000000E+00,    0.0000000000E+00,    0.0000000000E+00,    7.7416268188E+01
     86550,      0.676933,CP6_after_kinetics,   1,    0.0000000000E+00,    7.7416268188E+01,    7.7416268188E+01,    0.0000000000E+00,    0.0000000000E+00,    0.0000000000E+00,    7.7416268188E+01
     86550,      0.676933,CP7_after_upper_clamp,   1,    0.0000000000E+00,    7.7416268188E+01,    7.7416268188E+01,    0.0000000000E+00,    0.0000000000E+00,    0.0000000000E+00,    7.7416268188E+01
     86550,      0.676933,CP8_after_OBC,   1,    0.0000000000E+00,    7.7416268188E+01,    7.7416268188E+01,    0.0000000000E+00,    0.0000000000E+00,    0.0000000000E+00,    7.7416268188E+01
     86550,      0.676933,CP9_after_PTsource,   1,    0.0000000000E+00,    7.7416268188E+01,    7.7416268188E+01,    0.0000000000E+00,    0.0000000000E+00,    0.0000000000E+00,    7.7416268188E+01
     86550,      0.676933,CP10_after_neg_clamp,   1,    0.0000000000E+00,    7.7416268188E+01,    7.7416268188E+01,    0.0000000000E+00,    0.0000000000E+00,    0.0000000000E+00,    7.7416268188E+01
     86550,      0.676933,CP11_after_MPI,   1,    0.0000000000E+00,    7.7416268188E+01,    7.7416268188E+01,    0.0000000000E+00,    0.0000000000E+00,    0.0000000000E+00,    7.7416268188E+01
     86550,      0.676933,CP12_end,   1,    0.0000000000E+00,    7.7416268188E+01,    7.7416268188E+01,    0.0000000000E+00,    0.0000000000E+00,    0.0000000000E+00,    7.7416268188E+01
     86600,      0.676933,CP0_start,   1,    0.0000000000E+00,    7.7497500985E+01,    7.7497500985E+01,    0.0000000000E+00,    0.0000000000E+00,    0.0000000000E+00,    7.7497500985E+01
     86600,      0.676933,CP1_after_deposition,   1,    0.0000000000E+00,    7.7497500985E+01,    7.7497500985E+01,    0.0000000000E+00,    0.0000000000E+00,    0.0000000000E+00,    7.7497500985E+01
     86600,      0.676933,CP2_after_erosion,   1,    0.0000000000E+00,    7.7497500985E+01,    7.7497500985E+01,    0.0000000000E+00,    0.0000000000E+00,    0.0000000000E+00,    7.7497500985E+01
     86600,      0.676933,CP3_after_update_bottom,   1,    0.0000000000E+00,    7.7497500985E+01,    7.7497500985E+01,    0.0000000000E+00,    0.0000000000E+00,    0.0000000000E+00,    7.7497500985E+01
     86600,      0.676933,CP4_after_advection,   1,    0.0000000000E+00,    7.7498912324E+01,    7.7498912324E+01,    0.0000000000E+00,    0.0000000000E+00,    0.0000000000E+00,    7.7498912324E+01
     86600,      0.676933,CP5_after_vdif,   1,    0.0000000000E+00,    7.7498912324E+01,    7.7498912324E+01,    0.0000000000E+00,    0.0000000000E+00,    0.0000000000E+00,    7.7498912324E+01
     86600,      0.676933,CP6_after_kinetics,   1,    0.0000000000E+00,    7.7498912324E+01,    7.7498912324E+01,    0.0000000000E+00,    0.0000000000E+00,    0.0000000000E+00,    7.7498912324E+01
     86600,      0.676933,CP7_after_upper_clamp,   1,    0.0000000000E+00,    7.7498912324E+01,    7.7498912324E+01,    0.0000000000E+00,    0.0000000000E+00,    0.0000000000E+00,    7.7498912324E+01
     86600,      0.676933,CP8_after_OBC,   1,    0.0000000000E+00,    7.7498912324E+01,    7.7498912324E+01,    0.0000000000E+00,    0.0000000000E+00,    0.0000000000E+00,    7.7498912324E+01
     86600,      0.676933,CP9_after_PTsource,   1,    0.0000000000E+00,    7.7498912324E+01,    7.7498912324E+01,    0.0000000000E+00,    0.0000000000E+00,    0.0000000000E+00,    7.7498912324E+01
     86600,      0.676933,CP10_after_neg_clamp,   1,    0.0000000000E+00,    7.7498912324E+01,    7.7498912324E+01,    0.0000000000E+00,    0.0000000000E+00,    0.0000000000E+00,    7.7498912324E+01
     86600,      0.676933,CP11_after_MPI,   1,    0.0000000000E+00,    7.7498912324E+01,    7.7498912324E+01,    0.0000000000E+00,    0.0000000000E+00,    0.0000000000E+00,    7.7498912324E+01
     86600,      0.676933,CP12_end,   1,    0.0000000000E+00,    7.7498912324E+01,    7.7498912324E+01,    0.0000000000E+00,    0.0000000000E+00,    0.0000000000E+00,    7.7498912324E+01
     86650,      0.676933,CP0_start,   1,    0.0000000000E+00,    7.7580222758E+01,    7.7580222758E+01,    0.0000000000E+00,    0.0000000000E+00,    0.0000000000E+00,    7.7580222758E+01
     86650,      0.676933,CP1_after_deposition,   1,    0.0000000000E+00,    7.7580222758E+01,    7.7580222758E+01,    0.0000000000E+00,    0.0000000000E+00,    0.0000000000E+00,    7.7580222758E+01
     86650,      0.676933,CP2_after_erosion,   1,    0.0000000000E+00,    7.7580222758E+01,    7.7580222758E+01,    0.0000000000E+00,    0.0000000000E+00,    0.0000000000E+00,    7.7580222758E+01
     86650,      0.676933,CP3_after_update_bottom,   1,    0.0000000000E+00,    7.7580222758E+01,    7.7580222758E+01,    0.0000000000E+00,    0.0000000000E+00,    0.0000000000E+00,    7.7580222758E+01
     86650,      0.676933,CP4_after_advection,   1,    0.0000000000E+00,    7.7581618655E+01,    7.7581618655E+01,    0.0000000000E+00,    0.0000000000E+00,    0.0000000000E+00,    7.7581618655E+01
     86650,      0.676933,CP5_after_vdif,   1,    0.0000000000E+00,    7.7581618655E+01,    7.7581618655E+01,    0.0000000000E+00,    0.0000000000E+00,    0.0000000000E+00,    7.7581618655E+01
     86650,      0.676933,CP6_after_kinetics,   1,    0.0000000000E+00,    7.7581618655E+01,    7.7581618655E+01,    0.0000000000E+00,    0.0000000000E+00,    0.0000000000E+00,    7.7581618655E+01
     86650,      0.676933,CP7_after_upper_clamp,   1,    0.0000000000E+00,    7.7581618655E+01,    7.7581618655E+01,    0.0000000000E+00,    0.0000000000E+00,    0.0000000000E+00,    7.7581618655E+01
     86650,      0.676933,CP8_after_OBC,   1,    0.0000000000E+00,    7.7581618655E+01,    7.7581618655E+01,    0.0000000000E+00,    0.0000000000E+00,    0.0000000000E+00,    7.7581618655E+01
     86650,      0.676933,CP9_after_PTsource,   1,    0.0000000000E+00,    7.7581618655E+01,    7.7581618655E+01,    0.0000000000E+00,    0.0000000000E+00,    0.0000000000E+00,    7.7581618655E+01
     86650,      0.676933,CP10_after_neg_clamp,   1,    0.0000000000E+00,    7.7581618655E+01,    7.7581618655E+01,    0.0000000000E+00,    0.0000000000E+00,    0.0000000000E+00,    7.7581618655E+01
     86650,      0.676933,CP11_after_MPI,   1,    0.0000000000E+00,    7.7581618655E+01,    7.7581618655E+01,    0.0000000000E+00,    0.0000000000E+00,    0.0000000000E+00,    7.7581618655E+01
     86650,      0.676933,CP12_end,   1,    0.0000000000E+00,    7.7581618655E+01,    7.7581618655E+01,    0.0000000000E+00,    0.0000000000E+00,    0.0000000000E+00,    7.7581618655E+01
     86700,      0.676933,CP0_start,   1,    0.0000000000E+00,    7.7663061614E+01,    7.7663061614E+01,    0.0000000000E+00,    0.0000000000E+00,    0.0000000000E+00,    7.7663061614E+01
     86700,      0.676933,CP1_after_deposition,   1,    0.0000000000E+00,    7.7663061614E+01,    7.7663061614E+01,    0.0000000000E+00,    0.0000000000E+00,    0.0000000000E+00,    7.7663061614E+01
     86700,      0.676933,CP2_after_erosion,   1,    0.0000000000E+00,    7.7663061614E+01,    7.7663061614E+01,    0.0000000000E+00,    0.0000000000E+00,    0.0000000000E+00,    7.7663061614E+01
     86700,      0.676933,CP3_after_update_bottom,   1,    0.0000000000E+00,    7.7663061614E+01,    7.7663061614E+01,    0.0000000000E+00,    0.0000000000E+00,    0.0000000000E+00,    7.7663061614E+01
     86700,      0.676933,CP4_after_advection,   1,    0.0000000000E+00,    7.7664443948E+01,    7.7664443948E+01,    0.0000000000E+00,    0.0000000000E+00,    0.0000000000E+00,    7.7664443948E+01
     86700,      0.676933,CP5_after_vdif,   1,    0.0000000000E+00,    7.7664443948E+01,    7.7664443948E+01,    0.0000000000E+00,    0.0000000000E+00,    0.0000000000E+00,    7.7664443948E+01
     86700,      0.676933,CP6_after_kinetics,   1,    0.0000000000E+00,    7.7664443948E+01,    7.7664443948E+01,    0.0000000000E+00,    0.0000000000E+00,    0.0000000000E+00,    7.7664443948E+01
     86700,      0.676933,CP7_after_upper_clamp,   1,    0.0000000000E+00,    7.7664443948E+01,    7.7664443948E+01,    0.0000000000E+00,    0.0000000000E+00,    0.0000000000E+00,    7.7664443948E+01
     86700,      0.676933,CP8_after_OBC,   1,    0.0000000000E+00,    7.7664443948E+01,    7.7664443948E+01,    0.0000000000E+00,    0.0000000000E+00,    0.0000000000E+00,    7.7664443948E+01
     86700,      0.676933,CP9_after_PTsource,   1,    0.0000000000E+00,    7.7664443948E+01,    7.7664443948E+01,    0.0000000000E+00,    0.0000000000E+00,    0.0000000000E+00,    7.7664443948E+01
     86700,      0.676933,CP10_after_neg_clamp,   1,    0.0000000000E+00,    7.7664443948E+01,    7.7664443948E+01,    0.0000000000E+00,    0.0000000000E+00,    0.0000000000E+00,    7.7664443948E+01
     86700,      0.676933,CP11_after_MPI,   1,    0.0000000000E+00,    7.7664443948E+01,    7.7664443948E+01,    0.0000000000E+00,    0.0000000000E+00,    0.0000000000E+00,    7.7664443948E+01
     86700,      0.676933,CP12_end,   1,    0.0000000000E+00,    7.7664443948E+01,    7.7664443948E+01,    0.0000000000E+00,    0.0000000000E+00,    0.0000000000E+00,    7.7664443948E+01
     86750,      0.676933,CP0_start,   1,    0.0000000000E+00,    7.7746126977E+01,    7.7746126977E+01,    0.0000000000E+00,    0.0000000000E+00,    0.0000000000E+00,    7.7746126977E+01
     86750,      0.676933,CP1_after_deposition,   1,    0.0000000000E+00,    7.7746126977E+01,    7.7746126977E+01,    0.0000000000E+00,    0.0000000000E+00,    0.0000000000E+00,    7.7746126977E+01
     86750,      0.676933,CP2_after_erosion,   1,    0.0000000000E+00,    7.7746126977E+01,    7.7746126977E+01,    0.0000000000E+00,    0.0000000000E+00,    0.0000000000E+00,    7.7746126977E+01
     86750,      0.676933,CP3_after_update_bottom,   1,    0.0000000000E+00,    7.7746126977E+01,    7.7746126977E+01,    0.0000000000E+00,    0.0000000000E+00,    0.0000000000E+00,    7.7746126977E+01
     86750,      0.676933,CP4_after_advection,   1,    0.0000000000E+00,    7.7747498009E+01,    7.7747498009E+01,    0.0000000000E+00,    0.0000000000E+00,    0.0000000000E+00,    7.7747498009E+01
     86750,      0.676933,CP5_after_vdif,   1,    0.0000000000E+00,    7.7747498009E+01,    7.7747498009E+01,    0.0000000000E+00,    0.0000000000E+00,    0.0000000000E+00,    7.7747498009E+01
     86750,      0.676933,CP6_after_kinetics,   1,    0.0000000000E+00,    7.7747498009E+01,    7.7747498009E+01,    0.0000000000E+00,    0.0000000000E+00,    0.0000000000E+00,    7.7747498009E+01
     86750,      0.676933,CP7_after_upper_clamp,   1,    0.0000000000E+00,    7.7747498009E+01,    7.7747498009E+01,    0.0000000000E+00,    0.0000000000E+00,    0.0000000000E+00,    7.7747498009E+01
     86750,      0.676933,CP8_after_OBC,   1,    0.0000000000E+00,    7.7747498009E+01,    7.7747498009E+01,    0.0000000000E+00,    0.0000000000E+00,    0.0000000000E+00,    7.7747498009E+01
     86750,      0.676933,CP9_after_PTsource,   1,    0.0000000000E+00,    7.7747498009E+01,    7.7747498009E+01,    0.0000000000E+00,    0.0000000000E+00,    0.0000000000E+00,    7.7747498009E+01
     86750,      0.676933,CP10_after_neg_clamp,   1,    0.0000000000E+00,    7.7747498009E+01,    7.7747498009E+01,    0.0000000000E+00,    0.0000000000E+00,    0.0000000000E+00,    7.7747498009E+01
     86750,      0.676933,CP11_after_MPI,   1,    0.0000000000E+00,    7.7747498009E+01,    7.7747498009E+01,    0.0000000000E+00,    0.0000000000E+00,    0.0000000000E+00,    7.7747498009E+01
     86750,      0.676933,CP12_end,   1,    0.0000000000E+00,    7.7747498009E+01,    7.7747498009E+01,    0.0000000000E+00,    0.0000000000E+00,    0.0000000000E+00,    7.7747498009E+01
     86800,      0.676933,CP0_start,   1,    0.0000000000E+00,    7.7829537529E+01,    7.7829537529E+01,    0.0000000000E+00,    0.0000000000E+00,    0.0000000000E+00,    7.7829537529E+01
     86800,      0.676933,CP1_after_deposition,   1,    0.0000000000E+00,    7.7829537529E+01,    7.7829537529E+01,    0.0000000000E+00,    0.0000000000E+00,    0.0000000000E+00,    7.7829537529E+01
     86800,      0.676933,CP2_after_erosion,   1,    0.0000000000E+00,    7.7829537529E+01,    7.7829537529E+01,    0.0000000000E+00,    0.0000000000E+00,    0.0000000000E+00,    7.7829537529E+01
     86800,      0.676933,CP3_after_update_bottom,   1,    0.0000000000E+00,    7.7829537529E+01,    7.7829537529E+01,    0.0000000000E+00,    0.0000000000E+00,    0.0000000000E+00,    7.7829537529E+01
     86800,      0.676933,CP4_after_advection,   1,    0.0000000000E+00,    7.7830899328E+01,    7.7830899328E+01,    0.0000000000E+00,    0.0000000000E+00,    0.0000000000E+00,    7.7830899328E+01
     86800,      0.676933,CP5_after_vdif,   1,    0.0000000000E+00,    7.7830899328E+01,    7.7830899328E+01,    0.0000000000E+00,    0.0000000000E+00,    0.0000000000E+00,    7.7830899328E+01
     86800,      0.676933,CP6_after_kinetics,   1,    0.0000000000E+00,    7.7830899328E+01,    7.7830899328E+01,    0.0000000000E+00,    0.0000000000E+00,    0.0000000000E+00,    7.7830899328E+01
     86800,      0.676933,CP7_after_upper_clamp,   1,    0.0000000000E+00,    7.7830899328E+01,    7.7830899328E+01,    0.0000000000E+00,    0.0000000000E+00,    0.0000000000E+00,    7.7830899328E+01
     86800,      0.676933,CP8_after_OBC,   1,    0.0000000000E+00,    7.7830899328E+01,    7.7830899328E+01,    0.0000000000E+00,    0.0000000000E+00,    0.0000000000E+00,    7.7830899328E+01
     86800,      0.676933,CP9_after_PTsource,   1,    0.0000000000E+00,    7.7830899328E+01,    7.7830899328E+01,    0.0000000000E+00,    0.0000000000E+00,    0.0000000000E+00,    7.7830899328E+01
     86800,      0.676933,CP10_after_neg_clamp,   1,    0.0000000000E+00,    7.7830899328E+01,    7.7830899328E+01,    0.0000000000E+00,    0.0000000000E+00,    0.0000000000E+00,    7.7830899328E+01
     86800,      0.676933,CP11_after_MPI,   1,    0.0000000000E+00,    7.7830899328E+01,    7.7830899328E+01,    0.0000000000E+00,    0.0000000000E+00,    0.0000000000E+00,    7.7830899328E+01
     86800,      0.676933,CP12_end,   1,    0.0000000000E+00,    7.7830899328E+01,    7.7830899328E+01,    0.0000000000E+00,    0.0000000000E+00,    0.0000000000E+00,    7.7830899328E+01
     86850,      0.676933,CP0_start,   1,    0.0000000000E+00,    7.7913306604E+01,    7.7913306604E+01,    0.0000000000E+00,    0.0000000000E+00,    0.0000000000E+00,    7.7913306604E+01
     86850,      0.676933,CP1_after_deposition,   1,    0.0000000000E+00,    7.7913306604E+01,    7.7913306604E+01,    0.0000000000E+00,    0.0000000000E+00,    0.0000000000E+00,    7.7913306604E+01
     86850,      0.676933,CP2_after_erosion,   1,    0.0000000000E+00,    7.7913306604E+01,    7.7913306604E+01,    0.0000000000E+00,    0.0000000000E+00,    0.0000000000E+00,    7.7913306604E+01
     86850,      0.676933,CP3_after_update_bottom,   1,    0.0000000000E+00,    7.7913306604E+01,    7.7913306604E+01,    0.0000000000E+00,    0.0000000000E+00,    0.0000000000E+00,    7.7913306604E+01
     86850,      0.676933,CP4_after_advection,   1,    0.0000000000E+00,    7.7914659866E+01,    7.7914659866E+01,    0.0000000000E+00,    0.0000000000E+00,    0.0000000000E+00,    7.7914659866E+01
     86850,      0.676933,CP5_after_vdif,   1,    0.0000000000E+00,    7.7914659866E+01,    7.7914659866E+01,    0.0000000000E+00,    0.0000000000E+00,    0.0000000000E+00,    7.7914659866E+01
     86850,      0.676933,CP6_after_kinetics,   1,    0.0000000000E+00,    7.7914659866E+01,    7.7914659866E+01,    0.0000000000E+00,    0.0000000000E+00,    0.0000000000E+00,    7.7914659866E+01
     86850,      0.676933,CP7_after_upper_clamp,   1,    0.0000000000E+00,    7.7914659866E+01,    7.7914659866E+01,    0.0000000000E+00,    0.0000000000E+00,    0.0000000000E+00,    7.7914659866E+01
     86850,      0.676933,CP8_after_OBC,   1,    0.0000000000E+00,    7.7914659866E+01,    7.7914659866E+01,    0.0000000000E+00,    0.0000000000E+00,    0.0000000000E+00,    7.7914659866E+01
     86850,      0.676933,CP9_after_PTsource,   1,    0.0000000000E+00,    7.7914659866E+01,    7.7914659866E+01,    0.0000000000E+00,    0.0000000000E+00,    0.0000000000E+00,    7.7914659866E+01
     86850,      0.676933,CP10_after_neg_clamp,   1,    0.0000000000E+00,    7.7914659866E+01,    7.7914659866E+01,    0.0000000000E+00,    0.0000000000E+00,    0.0000000000E+00,    7.7914659866E+01
     86850,      0.676933,CP11_after_MPI,   1,    0.0000000000E+00,    7.7914659866E+01,    7.7914659866E+01,    0.0000000000E+00,    0.0000000000E+00,    0.0000000000E+00,    7.7914659866E+01
     86850,      0.676933,CP12_end,   1,    0.0000000000E+00,    7.7914659866E+01,    7.7914659866E+01,    0.0000000000E+00,    0.0000000000E+00,    0.0000000000E+00,    7.7914659866E+01
     86900,      0.676933,CP0_start,   1,    0.0000000000E+00,    7.7997406298E+01,    7.7997406298E+01,    0.0000000000E+00,    0.0000000000E+00,    0.0000000000E+00,    7.7997406298E+01
     86900,      0.676933,CP1_after_deposition,   1,    0.0000000000E+00,    7.7997406298E+01,    7.7997406298E+01,    0.0000000000E+00,    0.0000000000E+00,    0.0000000000E+00,    7.7997406298E+01
     86900,      0.676933,CP2_after_erosion,   1,    0.0000000000E+00,    7.7997406298E+01,    7.7997406298E+01,    0.0000000000E+00,    0.0000000000E+00,    0.0000000000E+00,    7.7997406298E+01
     86900,      0.676933,CP3_after_update_bottom,   1,    0.0000000000E+00,    7.7997406298E+01,    7.7997406298E+01,    0.0000000000E+00,    0.0000000000E+00,    0.0000000000E+00,    7.7997406298E+01
     86900,      0.676933,CP4_after_advection,   1,    0.0000000000E+00,    7.7998749231E+01,    7.7998749231E+01,    0.0000000000E+00,    0.0000000000E+00,    0.0000000000E+00,    7.7998749231E+01
     86900,      0.676933,CP5_after_vdif,   1,    0.0000000000E+00,    7.7998749231E+01,    7.7998749231E+01,    0.0000000000E+00,    0.0000000000E+00,    0.0000000000E+00,    7.7998749231E+01
     86900,      0.676933,CP6_after_kinetics,   1,    0.0000000000E+00,    7.7998749231E+01,    7.7998749231E+01,    0.0000000000E+00,    0.0000000000E+00,    0.0000000000E+00,    7.7998749231E+01
     86900,      0.676933,CP7_after_upper_clamp,   1,    0.0000000000E+00,    7.7998749231E+01,    7.7998749231E+01,    0.0000000000E+00,    0.0000000000E+00,    0.0000000000E+00,    7.7998749231E+01
     86900,      0.676933,CP8_after_OBC,   1,    0.0000000000E+00,    7.7998749231E+01,    7.7998749231E+01,    0.0000000000E+00,    0.0000000000E+00,    0.0000000000E+00,    7.7998749231E+01
     86900,      0.676933,CP9_after_PTsource,   1,    0.0000000000E+00,    7.7998749231E+01,    7.7998749231E+01,    0.0000000000E+00,    0.0000000000E+00,    0.0000000000E+00,    7.7998749231E+01
     86900,      0.676933,CP10_after_neg_clamp,   1,    0.0000000000E+00,    7.7998749231E+01,    7.7998749231E+01,    0.0000000000E+00,    0.0000000000E+00,    0.0000000000E+00,    7.7998749231E+01
     86900,      0.676933,CP11_after_MPI,   1,    0.0000000000E+00,    7.7998749231E+01,    7.7998749231E+01,    0.0000000000E+00,    0.0000000000E+00,    0.0000000000E+00,    7.7998749231E+01
     86900,      0.676933,CP12_end,   1,    0.0000000000E+00,    7.7998749231E+01,    7.7998749231E+01,    0.0000000000E+00,    0.0000000000E+00,    0.0000000000E+00,    7.7998749231E+01
     86950,      0.676933,CP0_start,   1,    0.0000000000E+00,    7.8081767167E+01,    7.8081767167E+01,    0.0000000000E+00,    0.0000000000E+00,    0.0000000000E+00,    7.8081767167E+01
     86950,      0.676933,CP1_after_deposition,   1,    0.0000000000E+00,    7.8081767167E+01,    7.8081767167E+01,    0.0000000000E+00,    0.0000000000E+00,    0.0000000000E+00,    7.8081767167E+01
     86950,      0.676933,CP2_after_erosion,   1,    0.0000000000E+00,    7.8081767167E+01,    7.8081767167E+01,    0.0000000000E+00,    0.0000000000E+00,    0.0000000000E+00,    7.8081767167E+01
     86950,      0.676933,CP3_after_update_bottom,   1,    0.0000000000E+00,    7.8081767167E+01,    7.8081767167E+01,    0.0000000000E+00,    0.0000000000E+00,    0.0000000000E+00,    7.8081767167E+01
     86950,      0.676933,CP4_after_advection,   1,    0.0000000000E+00,    7.8083098520E+01,    7.8083098520E+01,    0.0000000000E+00,    0.0000000000E+00,    0.0000000000E+00,    7.8083098520E+01
     86950,      0.676933,CP5_after_vdif,   1,    0.0000000000E+00,    7.8083098520E+01,    7.8083098520E+01,    0.0000000000E+00,    0.0000000000E+00,    0.0000000000E+00,    7.8083098520E+01
     86950,      0.676933,CP6_after_kinetics,   1,    0.0000000000E+00,    7.8083098520E+01,    7.8083098520E+01,    0.0000000000E+00,    0.0000000000E+00,    0.0000000000E+00,    7.8083098520E+01
     86950,      0.676933,CP7_after_upper_clamp,   1,    0.0000000000E+00,    7.8083098520E+01,    7.8083098520E+01,    0.0000000000E+00,    0.0000000000E+00,    0.0000000000E+00,    7.8083098520E+01
     86950,      0.676933,CP8_after_OBC,   1,    0.0000000000E+00,    7.8083098520E+01,    7.8083098520E+01,    0.0000000000E+00,    0.0000000000E+00,    0.0000000000E+00,    7.8083098520E+01
     86950,      0.676933,CP9_after_PTsource,   1,    0.0000000000E+00,    7.8083098520E+01,    7.8083098520E+01,    0.0000000000E+00,    0.0000000000E+00,    0.0000000000E+00,    7.8083098520E+01
     86950,      0.676933,CP10_after_neg_clamp,   1,    0.0000000000E+00,    7.8083098520E+01,    7.8083098520E+01,    0.0000000000E+00,    0.0000000000E+00,    0.0000000000E+00,    7.8083098520E+01
     86950,      0.676933,CP11_after_MPI,   1,    0.0000000000E+00,    7.8083098520E+01,    7.8083098520E+01,    0.0000000000E+00,    0.0000000000E+00,    0.0000000000E+00,    7.8083098520E+01
     86950,      0.676933,CP12_end,   1,    0.0000000000E+00,    7.8083098520E+01,    7.8083098520E+01,    0.0000000000E+00,    0.0000000000E+00,    0.0000000000E+00,    7.8083098520E+01
     87000,      0.676933,CP0_start,   1,    0.0000000000E+00,    7.8166304247E+01,    7.8166304247E+01,    0.0000000000E+00,    0.0000000000E+00,    0.0000000000E+00,    7.8166304247E+01
     87000,      0.676933,CP1_after_deposition,   1,    0.0000000000E+00,    7.8166304247E+01,    7.8166304247E+01,    0.0000000000E+00,    0.0000000000E+00,    0.0000000000E+00,    7.8166304247E+01
     87000,      0.676933,CP2_after_erosion,   1,    0.0000000000E+00,    7.8166304247E+01,    7.8166304247E+01,    0.0000000000E+00,    0.0000000000E+00,    0.0000000000E+00,    7.8166304247E+01
     87000,      0.676933,CP3_after_update_bottom,   1,    0.0000000000E+00,    7.8166304247E+01,    7.8166304247E+01,    0.0000000000E+00,    0.0000000000E+00,    0.0000000000E+00,    7.8166304247E+01
     87000,      0.676933,CP4_after_advection,   1,    0.0000000000E+00,    7.8167622375E+01,    7.8167622375E+01,    0.0000000000E+00,    0.0000000000E+00,    0.0000000000E+00,    7.8167622375E+01
     87000,      0.676933,CP5_after_vdif,   1,    0.0000000000E+00,    7.8167622375E+01,    7.8167622375E+01,    0.0000000000E+00,    0.0000000000E+00,    0.0000000000E+00,    7.8167622375E+01
     87000,      0.676933,CP6_after_kinetics,   1,    0.0000000000E+00,    7.8167622375E+01,    7.8167622375E+01,    0.0000000000E+00,    0.0000000000E+00,    0.0000000000E+00,    7.8167622375E+01
     87000,      0.676933,CP7_after_upper_clamp,   1,    0.0000000000E+00,    7.8167622375E+01,    7.8167622375E+01,    0.0000000000E+00,    0.0000000000E+00,    0.0000000000E+00,    7.8167622375E+01
     87000,      0.676933,CP8_after_OBC,   1,    0.0000000000E+00,    7.8167622375E+01,    7.8167622375E+01,    0.0000000000E+00,    0.0000000000E+00,    0.0000000000E+00,    7.8167622375E+01
     87000,      0.676933,CP9_after_PTsource,   1,    0.0000000000E+00,    7.8167622375E+01,    7.8167622375E+01,    0.0000000000E+00,    0.0000000000E+00,    0.0000000000E+00,    7.8167622375E+01
     87000,      0.676933,CP10_after_neg_clamp,   1,    0.0000000000E+00,    7.8167622375E+01,    7.8167622375E+01,    0.0000000000E+00,    0.0000000000E+00,    0.0000000000E+00,    7.8167622375E+01
     87000,      0.676933,CP11_after_MPI,   1,    0.0000000000E+00,    7.8167622375E+01,    7.8167622375E+01,    0.0000000000E+00,    0.0000000000E+00,    0.0000000000E+00,    7.8167622375E+01
     87000,      0.676933,CP12_end,   1,    0.0000000000E+00,    7.8167622375E+01,    7.8167622375E+01,    0.0000000000E+00,    0.0000000000E+00,    0.0000000000E+00,    7.8167622375E+01
     87050,      0.676933,CP0_start,   1,    0.0000000000E+00,    7.8250915535E+01,    7.8250915535E+01,    0.0000000000E+00,    0.0000000000E+00,    0.0000000000E+00,    7.8250915535E+01
     87050,      0.676933,CP1_after_deposition,   1,    0.0000000000E+00,    7.8250915535E+01,    7.8250915535E+01,    0.0000000000E+00,    0.0000000000E+00,    0.0000000000E+00,    7.8250915535E+01
     87050,      0.676933,CP2_after_erosion,   1,    0.0000000000E+00,    7.8250915535E+01,    7.8250915535E+01,    0.0000000000E+00,    0.0000000000E+00,    0.0000000000E+00,    7.8250915535E+01
     87050,      0.676933,CP3_after_update_bottom,   1,    0.0000000000E+00,    7.8250915535E+01,    7.8250915535E+01,    0.0000000000E+00,    0.0000000000E+00,    0.0000000000E+00,    7.8250915535E+01
     87050,      0.676933,CP4_after_advection,   1,    0.0000000000E+00,    7.8252217832E+01,    7.8252217832E+01,    0.0000000000E+00,    0.0000000000E+00,    0.0000000000E+00,    7.8252217832E+01
     87050,      0.676933,CP5_after_vdif,   1,    0.0000000000E+00,    7.8252217832E+01,    7.8252217832E+01,    0.0000000000E+00,    0.0000000000E+00,    0.0000000000E+00,    7.8252217832E+01
     87050,      0.676933,CP6_after_kinetics,   1,    0.0000000000E+00,    7.8252217832E+01,    7.8252217832E+01,    0.0000000000E+00,    0.0000000000E+00,    0.0000000000E+00,    7.8252217832E+01
     87050,      0.676933,CP7_after_upper_clamp,   1,    0.0000000000E+00,    7.8252217832E+01,    7.8252217832E+01,    0.0000000000E+00,    0.0000000000E+00,    0.0000000000E+00,    7.8252217832E+01
     87050,      0.676933,CP8_after_OBC,   1,    0.0000000000E+00,    7.8252217832E+01,    7.8252217832E+01,    0.0000000000E+00,    0.0000000000E+00,    0.0000000000E+00,    7.8252217832E+01
     87050,      0.676933,CP9_after_PTsource,   1,    0.0000000000E+00,    7.8252217832E+01,    7.8252217832E+01,    0.0000000000E+00,    0.0000000000E+00,    0.0000000000E+00,    7.8252217832E+01
     87050,      0.676933,CP10_after_neg_clamp,   1,    0.0000000000E+00,    7.8252217832E+01,    7.8252217832E+01,    0.0000000000E+00,    0.0000000000E+00,    0.0000000000E+00,    7.8252217832E+01
     87050,      0.676933,CP11_after_MPI,   1,    0.0000000000E+00,    7.8252217832E+01,    7.8252217832E+01,    0.0000000000E+00,    0.0000000000E+00,    0.0000000000E+00,    7.8252217832E+01
     87050,      0.676933,CP12_end,   1,    0.0000000000E+00,    7.8252217832E+01,    7.8252217832E+01,    0.0000000000E+00,    0.0000000000E+00,    0.0000000000E+00,    7.8252217832E+01
     87100,      0.676933,CP0_start,   1,    0.0000000000E+00,    7.8335480384E+01,    7.8335480384E+01,    0.0000000000E+00,    0.0000000000E+00,    0.0000000000E+00,    7.8335480384E+01
     87100,      0.676933,CP1_after_deposition,   1,    0.0000000000E+00,    7.8335480384E+01,    7.8335480384E+01,    0.0000000000E+00,    0.0000000000E+00,    0.0000000000E+00,    7.8335480384E+01
     87100,      0.676933,CP2_after_erosion,   1,    0.0000000000E+00,    7.8335480384E+01,    7.8335480384E+01,    0.0000000000E+00,    0.0000000000E+00,    0.0000000000E+00,    7.8335480384E+01
     87100,      0.676933,CP3_after_update_bottom,   1,    0.0000000000E+00,    7.8335480384E+01,    7.8335480384E+01,    0.0000000000E+00,    0.0000000000E+00,    0.0000000000E+00,    7.8335480384E+01
     87100,      0.676933,CP4_after_advection,   1,    0.0000000000E+00,    7.8336763570E+01,    7.8336763570E+01,    0.0000000000E+00,    0.0000000000E+00,    0.0000000000E+00,    7.8336763570E+01
     87100,      0.676933,CP5_after_vdif,   1,    0.0000000000E+00,    7.8336763570E+01,    7.8336763570E+01,    0.0000000000E+00,    0.0000000000E+00,    0.0000000000E+00,    7.8336763570E+01
     87100,      0.676933,CP6_after_kinetics,   1,    0.0000000000E+00,    7.8336763570E+01,    7.8336763570E+01,    0.0000000000E+00,    0.0000000000E+00,    0.0000000000E+00,    7.8336763570E+01
     87100,      0.676933,CP7_after_upper_clamp,   1,    0.0000000000E+00,    7.8336763570E+01,    7.8336763570E+01,    0.0000000000E+00,    0.0000000000E+00,    0.0000000000E+00,    7.8336763570E+01
     87100,      0.676933,CP8_after_OBC,   1,    0.0000000000E+00,    7.8336763570E+01,    7.8336763570E+01,    0.0000000000E+00,    0.0000000000E+00,    0.0000000000E+00,    7.8336763570E+01
     87100,      0.676933,CP9_after_PTsource,   1,    0.0000000000E+00,    7.8336763570E+01,    7.8336763570E+01,    0.0000000000E+00,    0.0000000000E+00,    0.0000000000E+00,    7.8336763570E+01
     87100,      0.676933,CP10_after_neg_clamp,   1,    0.0000000000E+00,    7.8336763570E+01,    7.8336763570E+01,    0.0000000000E+00,    0.0000000000E+00,    0.0000000000E+00,    7.8336763570E+01
     87100,      0.676933,CP11_after_MPI,   1,    0.0000000000E+00,    7.8336763570E+01,    7.8336763570E+01,    0.0000000000E+00,    0.0000000000E+00,    0.0000000000E+00,    7.8336763570E+01
     87100,      0.676933,CP12_end,   1,    0.0000000000E+00,    7.8336763570E+01,    7.8336763570E+01,    0.0000000000E+00,    0.0000000000E+00,    0.0000000000E+00,    7.8336763570E+01
     87150,      0.676933,CP0_start,   1,    0.0000000000E+00,    7.8419893798E+01,    7.8419893798E+01,    0.0000000000E+00,    0.0000000000E+00,    0.0000000000E+00,    7.8419893798E+01
     87150,      0.676933,CP1_after_deposition,   1,    0.0000000000E+00,    7.8419893798E+01,    7.8419893798E+01,    0.0000000000E+00,    0.0000000000E+00,    0.0000000000E+00,    7.8419893798E+01
     87150,      0.676933,CP2_after_erosion,   1,    0.0000000000E+00,    7.8419893798E+01,    7.8419893798E+01,    0.0000000000E+00,    0.0000000000E+00,    0.0000000000E+00,    7.8419893798E+01
     87150,      0.676933,CP3_after_update_bottom,   1,    0.0000000000E+00,    7.8419893798E+01,    7.8419893798E+01,    0.0000000000E+00,    0.0000000000E+00,    0.0000000000E+00,    7.8419893798E+01
     87150,      0.676933,CP4_after_advection,   1,    0.0000000000E+00,    7.8421154062E+01,    7.8421154062E+01,    0.0000000000E+00,    0.0000000000E+00,    0.0000000000E+00,    7.8421154062E+01
     87150,      0.676933,CP5_after_vdif,   1,    0.0000000000E+00,    7.8421154062E+01,    7.8421154062E+01,    0.0000000000E+00,    0.0000000000E+00,    0.0000000000E+00,    7.8421154062E+01
     87150,      0.676933,CP6_after_kinetics,   1,    0.0000000000E+00,    7.8421154062E+01,    7.8421154062E+01,    0.0000000000E+00,    0.0000000000E+00,    0.0000000000E+00,    7.8421154062E+01
     87150,      0.676933,CP7_after_upper_clamp,   1,    0.0000000000E+00,    7.8421154062E+01,    7.8421154062E+01,    0.0000000000E+00,    0.0000000000E+00,    0.0000000000E+00,    7.8421154062E+01
     87150,      0.676933,CP8_after_OBC,   1,    0.0000000000E+00,    7.8421154062E+01,    7.8421154062E+01,    0.0000000000E+00,    0.0000000000E+00,    0.0000000000E+00,    7.8421154062E+01
     87150,      0.676933,CP9_after_PTsource,   1,    0.0000000000E+00,    7.8421154062E+01,    7.8421154062E+01,    0.0000000000E+00,    0.0000000000E+00,    0.0000000000E+00,    7.8421154062E+01
     87150,      0.676933,CP10_after_neg_clamp,   1,    0.0000000000E+00,    7.8421154062E+01,    7.8421154062E+01,    0.0000000000E+00,    0.0000000000E+00,    0.0000000000E+00,    7.8421154062E+01
     87150,      0.676933,CP11_after_MPI,   1,    0.0000000000E+00,    7.8421154062E+01,    7.8421154062E+01,    0.0000000000E+00,    0.0000000000E+00,    0.0000000000E+00,    7.8421154062E+01
     87150,      0.676933,CP12_end,   1,    0.0000000000E+00,    7.8421154062E+01,    7.8421154062E+01,    0.0000000000E+00,    0.0000000000E+00,    0.0000000000E+00,    7.8421154062E+01
     87200,      0.676933,CP0_start,   1,    0.0000000000E+00,    7.8504037564E+01,    7.8504037564E+01,    0.0000000000E+00,    0.0000000000E+00,    0.0000000000E+00,    7.8504037564E+01
     87200,      0.676933,CP1_after_deposition,   1,    0.0000000000E+00,    7.8504037564E+01,    7.8504037564E+01,    0.0000000000E+00,    0.0000000000E+00,    0.0000000000E+00,    7.8504037564E+01
     87200,      0.676933,CP2_after_erosion,   1,    0.0000000000E+00,    7.8504037564E+01,    7.8504037564E+01,    0.0000000000E+00,    0.0000000000E+00,    0.0000000000E+00,    7.8504037564E+01
     87200,      0.676933,CP3_after_update_bottom,   1,    0.0000000000E+00,    7.8504037564E+01,    7.8504037564E+01,    0.0000000000E+00,    0.0000000000E+00,    0.0000000000E+00,    7.8504037564E+01
     87200,      0.676933,CP4_after_advection,   1,    0.0000000000E+00,    7.8505271149E+01,    7.8505271149E+01,    0.0000000000E+00,    0.0000000000E+00,    0.0000000000E+00,    7.8505271149E+01
     87200,      0.676933,CP5_after_vdif,   1,    0.0000000000E+00,    7.8505271149E+01,    7.8505271149E+01,    0.0000000000E+00,    0.0000000000E+00,    0.0000000000E+00,    7.8505271149E+01
     87200,      0.676933,CP6_after_kinetics,   1,    0.0000000000E+00,    7.8505271149E+01,    7.8505271149E+01,    0.0000000000E+00,    0.0000000000E+00,    0.0000000000E+00,    7.8505271149E+01
     87200,      0.676933,CP7_after_upper_clamp,   1,    0.0000000000E+00,    7.8505271149E+01,    7.8505271149E+01,    0.0000000000E+00,    0.0000000000E+00,    0.0000000000E+00,    7.8505271149E+01
     87200,      0.676933,CP8_after_OBC,   1,    0.0000000000E+00,    7.8505271149E+01,    7.8505271149E+01,    0.0000000000E+00,    0.0000000000E+00,    0.0000000000E+00,    7.8505271149E+01
     87200,      0.676933,CP9_after_PTsource,   1,    0.0000000000E+00,    7.8505271149E+01,    7.8505271149E+01,    0.0000000000E+00,    0.0000000000E+00,    0.0000000000E+00,    7.8505271149E+01
     87200,      0.676933,CP10_after_neg_clamp,   1,    0.0000000000E+00,    7.8505271149E+01,    7.8505271149E+01,    0.0000000000E+00,    0.0000000000E+00,    0.0000000000E+00,    7.8505271149E+01
     87200,      0.676933,CP11_after_MPI,   1,    0.0000000000E+00,    7.8505271149E+01,    7.8505271149E+01,    0.0000000000E+00,    0.0000000000E+00,    0.0000000000E+00,    7.8505271149E+01
     87200,      0.676933,CP12_end,   1,    0.0000000000E+00,    7.8505271149E+01,    7.8505271149E+01,    0.0000000000E+00,    0.0000000000E+00,    0.0000000000E+00,    7.8505271149E+01
     87250,      0.676933,CP0_start,   1,    0.0000000000E+00,    7.8587810538E+01,    7.8587810538E+01,    0.0000000000E+00,    0.0000000000E+00,    0.0000000000E+00,    7.8587810538E+01
     87250,      0.676933,CP1_after_deposition,   1,    0.0000000000E+00,    7.8587810538E+01,    7.8587810538E+01,    0.0000000000E+00,    0.0000000000E+00,    0.0000000000E+00,    7.8587810538E+01
     87250,      0.676933,CP2_after_erosion,   1,    0.0000000000E+00,    7.8587810538E+01,    7.8587810538E+01,    0.0000000000E+00,    0.0000000000E+00,    0.0000000000E+00,    7.8587810538E+01
     87250,      0.676933,CP3_after_update_bottom,   1,    0.0000000000E+00,    7.8587810538E+01,    7.8587810538E+01,    0.0000000000E+00,    0.0000000000E+00,    0.0000000000E+00,    7.8587810538E+01
     87250,      0.676933,CP4_after_advection,   1,    0.0000000000E+00,    7.8589014238E+01,    7.8589014238E+01,    0.0000000000E+00,    0.0000000000E+00,    0.0000000000E+00,    7.8589014238E+01
     87250,      0.676933,CP5_after_vdif,   1,    0.0000000000E+00,    7.8589014238E+01,    7.8589014238E+01,    0.0000000000E+00,    0.0000000000E+00,    0.0000000000E+00,    7.8589014238E+01
     87250,      0.676933,CP6_after_kinetics,   1,    0.0000000000E+00,    7.8589014238E+01,    7.8589014238E+01,    0.0000000000E+00,    0.0000000000E+00,    0.0000000000E+00,    7.8589014238E+01
     87250,      0.676933,CP7_after_upper_clamp,   1,    0.0000000000E+00,    7.8589014238E+01,    7.8589014238E+01,    0.0000000000E+00,    0.0000000000E+00,    0.0000000000E+00,    7.8589014238E+01
     87250,      0.676933,CP8_after_OBC,   1,    0.0000000000E+00,    7.8589014238E+01,    7.8589014238E+01,    0.0000000000E+00,    0.0000000000E+00,    0.0000000000E+00,    7.8589014238E+01
     87250,      0.676933,CP9_after_PTsource,   1,    0.0000000000E+00,    7.8589014238E+01,    7.8589014238E+01,    0.0000000000E+00,    0.0000000000E+00,    0.0000000000E+00,    7.8589014238E+01
     87250,      0.676933,CP10_after_neg_clamp,   1,    0.0000000000E+00,    7.8589014238E+01,    7.8589014238E+01,    0.0000000000E+00,    0.0000000000E+00,    0.0000000000E+00,    7.8589014238E+01
     87250,      0.676933,CP11_after_MPI,   1,    0.0000000000E+00,    7.8589014238E+01,    7.8589014238E+01,    0.0000000000E+00,    0.0000000000E+00,    0.0000000000E+00,    7.8589014238E+01
     87250,      0.676933,CP12_end,   1,    0.0000000000E+00,    7.8589014238E+01,    7.8589014238E+01,    0.0000000000E+00,    0.0000000000E+00,    0.0000000000E+00,    7.8589014238E+01
     87300,      0.676933,CP0_start,   1,    0.0000000000E+00,    7.8671133866E+01,    7.8671133866E+01,    0.0000000000E+00,    0.0000000000E+00,    0.0000000000E+00,    7.8671133866E+01
     87300,      0.676933,CP1_after_deposition,   1,    0.0000000000E+00,    7.8671133866E+01,    7.8671133866E+01,    0.0000000000E+00,    0.0000000000E+00,    0.0000000000E+00,    7.8671133866E+01
     87300,      0.676933,CP2_after_erosion,   1,    0.0000000000E+00,    7.8671133866E+01,    7.8671133866E+01,    0.0000000000E+00,    0.0000000000E+00,    0.0000000000E+00,    7.8671133866E+01
     87300,      0.676933,CP3_after_update_bottom,   1,    0.0000000000E+00,    7.8671133866E+01,    7.8671133866E+01,    0.0000000000E+00,    0.0000000000E+00,    0.0000000000E+00,    7.8671133866E+01
     87300,      0.676933,CP4_after_advection,   1,    0.0000000000E+00,    7.8672305300E+01,    7.8672305300E+01,    0.0000000000E+00,    0.0000000000E+00,    0.0000000000E+00,    7.8672305300E+01
     87300,      0.676933,CP5_after_vdif,   1,    0.0000000000E+00,    7.8672305300E+01,    7.8672305300E+01,    0.0000000000E+00,    0.0000000000E+00,    0.0000000000E+00,    7.8672305300E+01
     87300,      0.676933,CP6_after_kinetics,   1,    0.0000000000E+00,    7.8672305300E+01,    7.8672305300E+01,    0.0000000000E+00,    0.0000000000E+00,    0.0000000000E+00,    7.8672305300E+01
     87300,      0.676933,CP7_after_upper_clamp,   1,    0.0000000000E+00,    7.8672305300E+01,    7.8672305300E+01,    0.0000000000E+00,    0.0000000000E+00,    0.0000000000E+00,    7.8672305300E+01
     87300,      0.676933,CP8_after_OBC,   1,    0.0000000000E+00,    7.8672305300E+01,    7.8672305300E+01,    0.0000000000E+00,    0.0000000000E+00,    0.0000000000E+00,    7.8672305300E+01
     87300,      0.676933,CP9_after_PTsource,   1,    0.0000000000E+00,    7.8672305300E+01,    7.8672305300E+01,    0.0000000000E+00,    0.0000000000E+00,    0.0000000000E+00,    7.8672305300E+01
     87300,      0.676933,CP10_after_neg_clamp,   1,    0.0000000000E+00,    7.8672305300E+01,    7.8672305300E+01,    0.0000000000E+00,    0.0000000000E+00,    0.0000000000E+00,    7.8672305300E+01
     87300,      0.676933,CP11_after_MPI,   1,    0.0000000000E+00,    7.8672305300E+01,    7.8672305300E+01,    0.0000000000E+00,    0.0000000000E+00,    0.0000000000E+00,    7.8672305300E+01
     87300,      0.676933,CP12_end,   1,    0.0000000000E+00,    7.8672305300E+01,    7.8672305300E+01,    0.0000000000E+00,    0.0000000000E+00,    0.0000000000E+00,    7.8672305300E+01
     87350,      0.676933,CP0_start,   1,    0.0000000000E+00,    7.8753751457E+01,    7.8753751457E+01,    0.0000000000E+00,    0.0000000000E+00,    0.0000000000E+00,    7.8753751457E+01
     87350,      0.676933,CP1_after_deposition,   1,    0.0000000000E+00,    7.8753751457E+01,    7.8753751457E+01,    0.0000000000E+00,    0.0000000000E+00,    0.0000000000E+00,    7.8753751457E+01
     87350,      0.676933,CP2_after_erosion,   1,    0.0000000000E+00,    7.8753751457E+01,    7.8753751457E+01,    0.0000000000E+00,    0.0000000000E+00,    0.0000000000E+00,    7.8753751457E+01
     87350,      0.676933,CP3_after_update_bottom,   1,    0.0000000000E+00,    7.8753751457E+01,    7.8753751457E+01,    0.0000000000E+00,    0.0000000000E+00,    0.0000000000E+00,    7.8753751457E+01
     87350,      0.676933,CP4_after_advection,   1,    0.0000000000E+00,    7.8754886917E+01,    7.8754886917E+01,    0.0000000000E+00,    0.0000000000E+00,    0.0000000000E+00,    7.8754886917E+01
     87350,      0.676933,CP5_after_vdif,   1,    0.0000000000E+00,    7.8754886917E+01,    7.8754886917E+01,    0.0000000000E+00,    0.0000000000E+00,    0.0000000000E+00,    7.8754886917E+01
     87350,      0.676933,CP6_after_kinetics,   1,    0.0000000000E+00,    7.8754886917E+01,    7.8754886917E+01,    0.0000000000E+00,    0.0000000000E+00,    0.0000000000E+00,    7.8754886917E+01
     87350,      0.676933,CP7_after_upper_clamp,   1,    0.0000000000E+00,    7.8754886917E+01,    7.8754886917E+01,    0.0000000000E+00,    0.0000000000E+00,    0.0000000000E+00,    7.8754886917E+01
     87350,      0.676933,CP8_after_OBC,   1,    0.0000000000E+00,    7.8754886917E+01,    7.8754886917E+01,    0.0000000000E+00,    0.0000000000E+00,    0.0000000000E+00,    7.8754886917E+01
     87350,      0.676933,CP9_after_PTsource,   1,    0.0000000000E+00,    7.8754886917E+01,    7.8754886917E+01,    0.0000000000E+00,    0.0000000000E+00,    0.0000000000E+00,    7.8754886917E+01
     87350,      0.676933,CP10_after_neg_clamp,   1,    0.0000000000E+00,    7.8754886917E+01,    7.8754886917E+01,    0.0000000000E+00,    0.0000000000E+00,    0.0000000000E+00,    7.8754886917E+01
     87350,      0.676933,CP11_after_MPI,   1,    0.0000000000E+00,    7.8754886917E+01,    7.8754886917E+01,    0.0000000000E+00,    0.0000000000E+00,    0.0000000000E+00,    7.8754886917E+01
     87350,      0.676933,CP12_end,   1,    0.0000000000E+00,    7.8754886917E+01,    7.8754886917E+01,    0.0000000000E+00,    0.0000000000E+00,    0.0000000000E+00,    7.8754886917E+01
     87400,      0.676933,CP0_start,   1,    0.0000000000E+00,    7.8835777574E+01,    7.8835777574E+01,    0.0000000000E+00,    0.0000000000E+00,    0.0000000000E+00,    7.8835777574E+01
     87400,      0.676933,CP1_after_deposition,   1,    0.0000000000E+00,    7.8835777574E+01,    7.8835777574E+01,    0.0000000000E+00,    0.0000000000E+00,    0.0000000000E+00,    7.8835777574E+01
     87400,      0.676933,CP2_after_erosion,   1,    0.0000000000E+00,    7.8835777574E+01,    7.8835777574E+01,    0.0000000000E+00,    0.0000000000E+00,    0.0000000000E+00,    7.8835777574E+01
     87400,      0.676933,CP3_after_update_bottom,   1,    0.0000000000E+00,    7.8835777574E+01,    7.8835777574E+01,    0.0000000000E+00,    0.0000000000E+00,    0.0000000000E+00,    7.8835777574E+01
     87400,      0.676933,CP4_after_advection,   1,    0.0000000000E+00,    7.8836872449E+01,    7.8836872449E+01,    0.0000000000E+00,    0.0000000000E+00,    0.0000000000E+00,    7.8836872449E+01
     87400,      0.676933,CP5_after_vdif,   1,    0.0000000000E+00,    7.8836872449E+01,    7.8836872449E+01,    0.0000000000E+00,    0.0000000000E+00,    0.0000000000E+00,    7.8836872449E+01
     87400,      0.676933,CP6_after_kinetics,   1,    0.0000000000E+00,    7.8836872449E+01,    7.8836872449E+01,    0.0000000000E+00,    0.0000000000E+00,    0.0000000000E+00,    7.8836872449E+01
     87400,      0.676933,CP7_after_upper_clamp,   1,    0.0000000000E+00,    7.8836872449E+01,    7.8836872449E+01,    0.0000000000E+00,    0.0000000000E+00,    0.0000000000E+00,    7.8836872449E+01
     87400,      0.676933,CP8_after_OBC,   1,    0.0000000000E+00,    7.8836872449E+01,    7.8836872449E+01,    0.0000000000E+00,    0.0000000000E+00,    0.0000000000E+00,    7.8836872449E+01
     87400,      0.676933,CP9_after_PTsource,   1,    0.0000000000E+00,    7.8836872449E+01,    7.8836872449E+01,    0.0000000000E+00,    0.0000000000E+00,    0.0000000000E+00,    7.8836872449E+01
     87400,      0.676933,CP10_after_neg_clamp,   1,    0.0000000000E+00,    7.8836872449E+01,    7.8836872449E+01,    0.0000000000E+00,    0.0000000000E+00,    0.0000000000E+00,    7.8836872449E+01
     87400,      0.676933,CP11_after_MPI,   1,    0.0000000000E+00,    7.8836872449E+01,    7.8836872449E+01,    0.0000000000E+00,    0.0000000000E+00,    0.0000000000E+00,    7.8836872449E+01
     87400,      0.676933,CP12_end,   1,    0.0000000000E+00,    7.8836872449E+01,    7.8836872449E+01,    0.0000000000E+00,    0.0000000000E+00,    0.0000000000E+00,    7.8836872449E+01
     87450,      0.676933,CP0_start,   1,    0.0000000000E+00,    7.8917140771E+01,    7.8917140771E+01,    0.0000000000E+00,    0.0000000000E+00,    0.0000000000E+00,    7.8917140771E+01
     87450,      0.676933,CP1_after_deposition,   1,    0.0000000000E+00,    7.8917140771E+01,    7.8917140771E+01,    0.0000000000E+00,    0.0000000000E+00,    0.0000000000E+00,    7.8917140771E+01
     87450,      0.676933,CP2_after_erosion,   1,    0.0000000000E+00,    7.8917140771E+01,    7.8917140771E+01,    0.0000000000E+00,    0.0000000000E+00,    0.0000000000E+00,    7.8917140771E+01
     87450,      0.676933,CP3_after_update_bottom,   1,    0.0000000000E+00,    7.8917140771E+01,    7.8917140771E+01,    0.0000000000E+00,    0.0000000000E+00,    0.0000000000E+00,    7.8917140771E+01
     87450,      0.676933,CP4_after_advection,   1,    0.0000000000E+00,    7.8918191660E+01,    7.8918191660E+01,    0.0000000000E+00,    0.0000000000E+00,    0.0000000000E+00,    7.8918191660E+01
     87450,      0.676933,CP5_after_vdif,   1,    0.0000000000E+00,    7.8918191660E+01,    7.8918191660E+01,    0.0000000000E+00,    0.0000000000E+00,    0.0000000000E+00,    7.8918191660E+01
     87450,      0.676933,CP6_after_kinetics,   1,    0.0000000000E+00,    7.8918191660E+01,    7.8918191660E+01,    0.0000000000E+00,    0.0000000000E+00,    0.0000000000E+00,    7.8918191660E+01
     87450,      0.676933,CP7_after_upper_clamp,   1,    0.0000000000E+00,    7.8918191660E+01,    7.8918191660E+01,    0.0000000000E+00,    0.0000000000E+00,    0.0000000000E+00,    7.8918191660E+01
     87450,      0.676933,CP8_after_OBC,   1,    0.0000000000E+00,    7.8918191660E+01,    7.8918191660E+01,    0.0000000000E+00,    0.0000000000E+00,    0.0000000000E+00,    7.8918191660E+01
     87450,      0.676933,CP9_after_PTsource,   1,    0.0000000000E+00,    7.8918191660E+01,    7.8918191660E+01,    0.0000000000E+00,    0.0000000000E+00,    0.0000000000E+00,    7.8918191660E+01
     87450,      0.676933,CP10_after_neg_clamp,   1,    0.0000000000E+00,    7.8918191660E+01,    7.8918191660E+01,    0.0000000000E+00,    0.0000000000E+00,    0.0000000000E+00,    7.8918191660E+01
     87450,      0.676933,CP11_after_MPI,   1,    0.0000000000E+00,    7.8918191660E+01,    7.8918191660E+01,    0.0000000000E+00,    0.0000000000E+00,    0.0000000000E+00,    7.8918191660E+01
     87450,      0.676933,CP12_end,   1,    0.0000000000E+00,    7.8918191660E+01,    7.8918191660E+01,    0.0000000000E+00,    0.0000000000E+00,    0.0000000000E+00,    7.8918191660E+01
     87500,      0.676933,CP0_start,   1,    0.0000000000E+00,    7.8997744986E+01,    7.8997744986E+01,    0.0000000000E+00,    0.0000000000E+00,    0.0000000000E+00,    7.8997744986E+01
     87500,      0.676933,CP1_after_deposition,   1,    0.0000000000E+00,    7.8997744986E+01,    7.8997744986E+01,    0.0000000000E+00,    0.0000000000E+00,    0.0000000000E+00,    7.8997744986E+01
     87500,      0.676933,CP2_after_erosion,   1,    0.0000000000E+00,    7.8997744986E+01,    7.8997744986E+01,    0.0000000000E+00,    0.0000000000E+00,    0.0000000000E+00,    7.8997744986E+01
     87500,      0.676933,CP3_after_update_bottom,   1,    0.0000000000E+00,    7.8997744986E+01,    7.8997744986E+01,    0.0000000000E+00,    0.0000000000E+00,    0.0000000000E+00,    7.8997744986E+01
     87500,      0.676933,CP4_after_advection,   1,    0.0000000000E+00,    7.8998747984E+01,    7.8998747984E+01,    0.0000000000E+00,    0.0000000000E+00,    0.0000000000E+00,    7.8998747984E+01
     87500,      0.676933,CP5_after_vdif,   1,    0.0000000000E+00,    7.8998747984E+01,    7.8998747984E+01,    0.0000000000E+00,    0.0000000000E+00,    0.0000000000E+00,    7.8998747984E+01
     87500,      0.676933,CP6_after_kinetics,   1,    0.0000000000E+00,    7.8998747984E+01,    7.8998747984E+01,    0.0000000000E+00,    0.0000000000E+00,    0.0000000000E+00,    7.8998747984E+01
     87500,      0.676933,CP7_after_upper_clamp,   1,    0.0000000000E+00,    7.8998747984E+01,    7.8998747984E+01,    0.0000000000E+00,    0.0000000000E+00,    0.0000000000E+00,    7.8998747984E+01
     87500,      0.676933,CP8_after_OBC,   1,    0.0000000000E+00,    7.8998747984E+01,    7.8998747984E+01,    0.0000000000E+00,    0.0000000000E+00,    0.0000000000E+00,    7.8998747984E+01
     87500,      0.676933,CP9_after_PTsource,   1,    0.0000000000E+00,    7.8998747984E+01,    7.8998747984E+01,    0.0000000000E+00,    0.0000000000E+00,    0.0000000000E+00,    7.8998747984E+01
     87500,      0.676933,CP10_after_neg_clamp,   1,    0.0000000000E+00,    7.8998747984E+01,    7.8998747984E+01,    0.0000000000E+00,    0.0000000000E+00,    0.0000000000E+00,    7.8998747984E+01
     87500,      0.676933,CP11_after_MPI,   1,    0.0000000000E+00,    7.8998747984E+01,    7.8998747984E+01,    0.0000000000E+00,    0.0000000000E+00,    0.0000000000E+00,    7.8998747984E+01
     87500,      0.676933,CP12_end,   1,    0.0000000000E+00,    7.8998747984E+01,    7.8998747984E+01,    0.0000000000E+00,    0.0000000000E+00,    0.0000000000E+00,    7.8998747984E+01
     87550,      0.676933,CP0_start,   1,    0.0000000000E+00,    7.9077621959E+01,    7.9077621959E+01,    0.0000000000E+00,    0.0000000000E+00,    0.0000000000E+00,    7.9077621959E+01
     87550,      0.676933,CP1_after_deposition,   1,    0.0000000000E+00,    7.9077621959E+01,    7.9077621959E+01,    0.0000000000E+00,    0.0000000000E+00,    0.0000000000E+00,    7.9077621959E+01
     87550,      0.676933,CP2_after_erosion,   1,    0.0000000000E+00,    7.9077621959E+01,    7.9077621959E+01,    0.0000000000E+00,    0.0000000000E+00,    0.0000000000E+00,    7.9077621959E+01
     87550,      0.676933,CP3_after_update_bottom,   1,    0.0000000000E+00,    7.9077621959E+01,    7.9077621959E+01,    0.0000000000E+00,    0.0000000000E+00,    0.0000000000E+00,    7.9077621959E+01
     87550,      0.676933,CP4_after_advection,   1,    0.0000000000E+00,    7.9078573061E+01,    7.9078573061E+01,    0.0000000000E+00,    0.0000000000E+00,    0.0000000000E+00,    7.9078573061E+01
     87550,      0.676933,CP5_after_vdif,   1,    0.0000000000E+00,    7.9078573061E+01,    7.9078573061E+01,    0.0000000000E+00,    0.0000000000E+00,    0.0000000000E+00,    7.9078573061E+01
     87550,      0.676933,CP6_after_kinetics,   1,    0.0000000000E+00,    7.9078573061E+01,    7.9078573061E+01,    0.0000000000E+00,    0.0000000000E+00,    0.0000000000E+00,    7.9078573061E+01
     87550,      0.676933,CP7_after_upper_clamp,   1,    0.0000000000E+00,    7.9078573061E+01,    7.9078573061E+01,    0.0000000000E+00,    0.0000000000E+00,    0.0000000000E+00,    7.9078573061E+01
     87550,      0.676933,CP8_after_OBC,   1,    0.0000000000E+00,    7.9078573061E+01,    7.9078573061E+01,    0.0000000000E+00,    0.0000000000E+00,    0.0000000000E+00,    7.9078573061E+01
     87550,      0.676933,CP9_after_PTsource,   1,    0.0000000000E+00,    7.9078573061E+01,    7.9078573061E+01,    0.0000000000E+00,    0.0000000000E+00,    0.0000000000E+00,    7.9078573061E+01
     87550,      0.676933,CP10_after_neg_clamp,   1,    0.0000000000E+00,    7.9078573061E+01,    7.9078573061E+01,    0.0000000000E+00,    0.0000000000E+00,    0.0000000000E+00,    7.9078573061E+01
     87550,      0.676933,CP11_after_MPI,   1,    0.0000000000E+00,    7.9078573061E+01,    7.9078573061E+01,    0.0000000000E+00,    0.0000000000E+00,    0.0000000000E+00,    7.9078573061E+01
     87550,      0.676933,CP12_end,   1,    0.0000000000E+00,    7.9078573061E+01,    7.9078573061E+01,    0.0000000000E+00,    0.0000000000E+00,    0.0000000000E+00,    7.9078573061E+01
     87600,      0.676933,CP0_start,   1,    0.0000000000E+00,    7.9156807988E+01,    7.9156807988E+01,    0.0000000000E+00,    0.0000000000E+00,    0.0000000000E+00,    7.9156807988E+01
     87600,      0.676933,CP1_after_deposition,   1,    0.0000000000E+00,    7.9156807988E+01,    7.9156807988E+01,    0.0000000000E+00,    0.0000000000E+00,    0.0000000000E+00,    7.9156807988E+01
     87600,      0.676933,CP2_after_erosion,   1,    0.0000000000E+00,    7.9156807988E+01,    7.9156807988E+01,    0.0000000000E+00,    0.0000000000E+00,    0.0000000000E+00,    7.9156807988E+01
     87600,      0.676933,CP3_after_update_bottom,   1,    0.0000000000E+00,    7.9156807988E+01,    7.9156807988E+01,    0.0000000000E+00,    0.0000000000E+00,    0.0000000000E+00,    7.9156807988E+01
     87600,      0.676933,CP4_after_advection,   1,    0.0000000000E+00,    7.9157705107E+01,    7.9157705107E+01,    0.0000000000E+00,    0.0000000000E+00,    0.0000000000E+00,    7.9157705107E+01
     87600,      0.676933,CP5_after_vdif,   1,    0.0000000000E+00,    7.9157705107E+01,    7.9157705107E+01,    0.0000000000E+00,    0.0000000000E+00,    0.0000000000E+00,    7.9157705107E+01
     87600,      0.676933,CP6_after_kinetics,   1,    0.0000000000E+00,    7.9157705107E+01,    7.9157705107E+01,    0.0000000000E+00,    0.0000000000E+00,    0.0000000000E+00,    7.9157705107E+01
     87600,      0.676933,CP7_after_upper_clamp,   1,    0.0000000000E+00,    7.9157705107E+01,    7.9157705107E+01,    0.0000000000E+00,    0.0000000000E+00,    0.0000000000E+00,    7.9157705107E+01
     87600,      0.676933,CP8_after_OBC,   1,    0.0000000000E+00,    7.9157705107E+01,    7.9157705107E+01,    0.0000000000E+00,    0.0000000000E+00,    0.0000000000E+00,    7.9157705107E+01
     87600,      0.676933,CP9_after_PTsource,   1,    0.0000000000E+00,    7.9157705107E+01,    7.9157705107E+01,    0.0000000000E+00,    0.0000000000E+00,    0.0000000000E+00,    7.9157705107E+01
     87600,      0.676933,CP10_after_neg_clamp,   1,    0.0000000000E+00,    7.9157705107E+01,    7.9157705107E+01,    0.0000000000E+00,    0.0000000000E+00,    0.0000000000E+00,    7.9157705107E+01
     87600,      0.676933,CP11_after_MPI,   1,    0.0000000000E+00,    7.9157705107E+01,    7.9157705107E+01,    0.0000000000E+00,    0.0000000000E+00,    0.0000000000E+00,    7.9157705107E+01
     87600,      0.676933,CP12_end,   1,    0.0000000000E+00,    7.9157705107E+01,    7.9157705107E+01,    0.0000000000E+00,    0.0000000000E+00,    0.0000000000E+00,    7.9157705107E+01
     87650,      0.676933,CP0_start,   1,    0.0000000000E+00,    7.9235406393E+01,    7.9235406393E+01,    0.0000000000E+00,    0.0000000000E+00,    0.0000000000E+00,    7.9235406393E+01
     87650,      0.676933,CP1_after_deposition,   1,    0.0000000000E+00,    7.9235406393E+01,    7.9235406393E+01,    0.0000000000E+00,    0.0000000000E+00,    0.0000000000E+00,    7.9235406393E+01
     87650,      0.676933,CP2_after_erosion,   1,    0.0000000000E+00,    7.9235406393E+01,    7.9235406393E+01,    0.0000000000E+00,    0.0000000000E+00,    0.0000000000E+00,    7.9235406393E+01
     87650,      0.676933,CP3_after_update_bottom,   1,    0.0000000000E+00,    7.9235406393E+01,    7.9235406393E+01,    0.0000000000E+00,    0.0000000000E+00,    0.0000000000E+00,    7.9235406393E+01
     87650,      0.676933,CP4_after_advection,   1,    0.0000000000E+00,    7.9236248970E+01,    7.9236248970E+01,    0.0000000000E+00,    0.0000000000E+00,    0.0000000000E+00,    7.9236248970E+01
     87650,      0.676933,CP5_after_vdif,   1,    0.0000000000E+00,    7.9236248970E+01,    7.9236248970E+01,    0.0000000000E+00,    0.0000000000E+00,    0.0000000000E+00,    7.9236248970E+01
     87650,      0.676933,CP6_after_kinetics,   1,    0.0000000000E+00,    7.9236248970E+01,    7.9236248970E+01,    0.0000000000E+00,    0.0000000000E+00,    0.0000000000E+00,    7.9236248970E+01
     87650,      0.676933,CP7_after_upper_clamp,   1,    0.0000000000E+00,    7.9236248970E+01,    7.9236248970E+01,    0.0000000000E+00,    0.0000000000E+00,    0.0000000000E+00,    7.9236248970E+01
     87650,      0.676933,CP8_after_OBC,   1,    0.0000000000E+00,    7.9236248970E+01,    7.9236248970E+01,    0.0000000000E+00,    0.0000000000E+00,    0.0000000000E+00,    7.9236248970E+01
     87650,      0.676933,CP9_after_PTsource,   1,    0.0000000000E+00,    7.9236248970E+01,    7.9236248970E+01,    0.0000000000E+00,    0.0000000000E+00,    0.0000000000E+00,    7.9236248970E+01
     87650,      0.676933,CP10_after_neg_clamp,   1,    0.0000000000E+00,    7.9236248970E+01,    7.9236248970E+01,    0.0000000000E+00,    0.0000000000E+00,    0.0000000000E+00,    7.9236248970E+01
     87650,      0.676933,CP11_after_MPI,   1,    0.0000000000E+00,    7.9236248970E+01,    7.9236248970E+01,    0.0000000000E+00,    0.0000000000E+00,    0.0000000000E+00,    7.9236248970E+01
     87650,      0.676933,CP12_end,   1,    0.0000000000E+00,    7.9236248970E+01,    7.9236248970E+01,    0.0000000000E+00,    0.0000000000E+00,    0.0000000000E+00,    7.9236248970E+01
     87700,      0.676933,CP0_start,   1,    0.0000000000E+00,    7.9313603079E+01,    7.9313603079E+01,    0.0000000000E+00,    0.0000000000E+00,    0.0000000000E+00,    7.9313603079E+01
     87700,      0.676933,CP1_after_deposition,   1,    0.0000000000E+00,    7.9313603079E+01,    7.9313603079E+01,    0.0000000000E+00,    0.0000000000E+00,    0.0000000000E+00,    7.9313603079E+01
     87700,      0.676933,CP2_after_erosion,   1,    0.0000000000E+00,    7.9313603079E+01,    7.9313603079E+01,    0.0000000000E+00,    0.0000000000E+00,    0.0000000000E+00,    7.9313603079E+01
     87700,      0.676933,CP3_after_update_bottom,   1,    0.0000000000E+00,    7.9313603079E+01,    7.9313603079E+01,    0.0000000000E+00,    0.0000000000E+00,    0.0000000000E+00,    7.9313603079E+01
     87700,      0.676933,CP4_after_advection,   1,    0.0000000000E+00,    7.9314392079E+01,    7.9314392079E+01,    0.0000000000E+00,    0.0000000000E+00,    0.0000000000E+00,    7.9314392079E+01
     87700,      0.676933,CP5_after_vdif,   1,    0.0000000000E+00,    7.9314392079E+01,    7.9314392079E+01,    0.0000000000E+00,    0.0000000000E+00,    0.0000000000E+00,    7.9314392079E+01
     87700,      0.676933,CP6_after_kinetics,   1,    0.0000000000E+00,    7.9314392079E+01,    7.9314392079E+01,    0.0000000000E+00,    0.0000000000E+00,    0.0000000000E+00,    7.9314392079E+01
     87700,      0.676933,CP7_after_upper_clamp,   1,    0.0000000000E+00,    7.9314392079E+01,    7.9314392079E+01,    0.0000000000E+00,    0.0000000000E+00,    0.0000000000E+00,    7.9314392079E+01
     87700,      0.676933,CP8_after_OBC,   1,    0.0000000000E+00,    7.9314392079E+01,    7.9314392079E+01,    0.0000000000E+00,    0.0000000000E+00,    0.0000000000E+00,    7.9314392079E+01
     87700,      0.676933,CP9_after_PTsource,   1,    0.0000000000E+00,    7.9314392079E+01,    7.9314392079E+01,    0.0000000000E+00,    0.0000000000E+00,    0.0000000000E+00,    7.9314392079E+01
     87700,      0.676933,CP10_after_neg_clamp,   1,    0.0000000000E+00,    7.9314392079E+01,    7.9314392079E+01,    0.0000000000E+00,    0.0000000000E+00,    0.0000000000E+00,    7.9314392079E+01
     87700,      0.676933,CP11_after_MPI,   1,    0.0000000000E+00,    7.9314392079E+01,    7.9314392079E+01,    0.0000000000E+00,    0.0000000000E+00,    0.0000000000E+00,    7.9314392079E+01
     87700,      0.676933,CP12_end,   1,    0.0000000000E+00,    7.9314392079E+01,    7.9314392079E+01,    0.0000000000E+00,    0.0000000000E+00,    0.0000000000E+00,    7.9314392079E+01
     87750,      0.676933,CP0_start,   1,    0.0000000000E+00,    7.9391660158E+01,    7.9391660158E+01,    0.0000000000E+00,    0.0000000000E+00,    0.0000000000E+00,    7.9391660158E+01
     87750,      0.676933,CP1_after_deposition,   1,    0.0000000000E+00,    7.9391660158E+01,    7.9391660158E+01,    0.0000000000E+00,    0.0000000000E+00,    0.0000000000E+00,    7.9391660158E+01
     87750,      0.676933,CP2_after_erosion,   1,    0.0000000000E+00,    7.9391660158E+01,    7.9391660158E+01,    0.0000000000E+00,    0.0000000000E+00,    0.0000000000E+00,    7.9391660158E+01
     87750,      0.676933,CP3_after_update_bottom,   1,    0.0000000000E+00,    7.9391660158E+01,    7.9391660158E+01,    0.0000000000E+00,    0.0000000000E+00,    0.0000000000E+00,    7.9391660158E+01
     87750,      0.676933,CP4_after_advection,   1,    0.0000000000E+00,    7.9392396493E+01,    7.9392396493E+01,    0.0000000000E+00,    0.0000000000E+00,    0.0000000000E+00,    7.9392396493E+01
     87750,      0.676933,CP5_after_vdif,   1,    0.0000000000E+00,    7.9392396493E+01,    7.9392396493E+01,    0.0000000000E+00,    0.0000000000E+00,    0.0000000000E+00,    7.9392396493E+01
     87750,      0.676933,CP6_after_kinetics,   1,    0.0000000000E+00,    7.9392396493E+01,    7.9392396493E+01,    0.0000000000E+00,    0.0000000000E+00,    0.0000000000E+00,    7.9392396493E+01
     87750,      0.676933,CP7_after_upper_clamp,   1,    0.0000000000E+00,    7.9392396493E+01,    7.9392396493E+01,    0.0000000000E+00,    0.0000000000E+00,    0.0000000000E+00,    7.9392396493E+01
     87750,      0.676933,CP8_after_OBC,   1,    0.0000000000E+00,    7.9392396493E+01,    7.9392396493E+01,    0.0000000000E+00,    0.0000000000E+00,    0.0000000000E+00,    7.9392396493E+01
     87750,      0.676933,CP9_after_PTsource,   1,    0.0000000000E+00,    7.9392396493E+01,    7.9392396493E+01,    0.0000000000E+00,    0.0000000000E+00,    0.0000000000E+00,    7.9392396493E+01
     87750,      0.676933,CP10_after_neg_clamp,   1,    0.0000000000E+00,    7.9392396493E+01,    7.9392396493E+01,    0.0000000000E+00,    0.0000000000E+00,    0.0000000000E+00,    7.9392396493E+01
     87750,      0.676933,CP11_after_MPI,   1,    0.0000000000E+00,    7.9392396493E+01,    7.9392396493E+01,    0.0000000000E+00,    0.0000000000E+00,    0.0000000000E+00,    7.9392396493E+01
     87750,      0.676933,CP12_end,   1,    0.0000000000E+00,    7.9392396493E+01,    7.9392396493E+01,    0.0000000000E+00,    0.0000000000E+00,    0.0000000000E+00,    7.9392396493E+01
     87800,      0.676933,CP0_start,   1,    0.0000000000E+00,    7.9469906172E+01,    7.9469906172E+01,    0.0000000000E+00,    0.0000000000E+00,    0.0000000000E+00,    7.9469906172E+01
     87800,      0.676933,CP1_after_deposition,   1,    0.0000000000E+00,    7.9469906172E+01,    7.9469906172E+01,    0.0000000000E+00,    0.0000000000E+00,    0.0000000000E+00,    7.9469906172E+01
     87800,      0.676933,CP2_after_erosion,   1,    0.0000000000E+00,    7.9469906172E+01,    7.9469906172E+01,    0.0000000000E+00,    0.0000000000E+00,    0.0000000000E+00,    7.9469906172E+01
     87800,      0.676933,CP3_after_update_bottom,   1,    0.0000000000E+00,    7.9469906172E+01,    7.9469906172E+01,    0.0000000000E+00,    0.0000000000E+00,    0.0000000000E+00,    7.9469906172E+01
     87800,      0.676933,CP4_after_advection,   1,    0.0000000000E+00,    7.9470593138E+01,    7.9470593138E+01,    0.0000000000E+00,    0.0000000000E+00,    0.0000000000E+00,    7.9470593138E+01
     87800,      0.676933,CP5_after_vdif,   1,    0.0000000000E+00,    7.9470593138E+01,    7.9470593138E+01,    0.0000000000E+00,    0.0000000000E+00,    0.0000000000E+00,    7.9470593138E+01
     87800,      0.676933,CP6_after_kinetics,   1,    0.0000000000E+00,    7.9470593138E+01,    7.9470593138E+01,    0.0000000000E+00,    0.0000000000E+00,    0.0000000000E+00,    7.9470593138E+01
     87800,      0.676933,CP7_after_upper_clamp,   1,    0.0000000000E+00,    7.9470593138E+01,    7.9470593138E+01,    0.0000000000E+00,    0.0000000000E+00,    0.0000000000E+00,    7.9470593138E+01
     87800,      0.676933,CP8_after_OBC,   1,    0.0000000000E+00,    7.9470593138E+01,    7.9470593138E+01,    0.0000000000E+00,    0.0000000000E+00,    0.0000000000E+00,    7.9470593138E+01
     87800,      0.676933,CP9_after_PTsource,   1,    0.0000000000E+00,    7.9470593138E+01,    7.9470593138E+01,    0.0000000000E+00,    0.0000000000E+00,    0.0000000000E+00,    7.9470593138E+01
     87800,      0.676933,CP10_after_neg_clamp,   1,    0.0000000000E+00,    7.9470593138E+01,    7.9470593138E+01,    0.0000000000E+00,    0.0000000000E+00,    0.0000000000E+00,    7.9470593138E+01
     87800,      0.676933,CP11_after_MPI,   1,    0.0000000000E+00,    7.9470593138E+01,    7.9470593138E+01,    0.0000000000E+00,    0.0000000000E+00,    0.0000000000E+00,    7.9470593138E+01
     87800,      0.676933,CP12_end,   1,    0.0000000000E+00,    7.9470593138E+01,    7.9470593138E+01,    0.0000000000E+00,    0.0000000000E+00,    0.0000000000E+00,    7.9470593138E+01
     87850,      0.676933,CP0_start,   1,    0.0000000000E+00,    7.9548721482E+01,    7.9548721482E+01,    0.0000000000E+00,    0.0000000000E+00,    0.0000000000E+00,    7.9548721482E+01
     87850,      0.676933,CP1_after_deposition,   1,    0.0000000000E+00,    7.9548721482E+01,    7.9548721482E+01,    0.0000000000E+00,    0.0000000000E+00,    0.0000000000E+00,    7.9548721482E+01
     87850,      0.676933,CP2_after_erosion,   1,    0.0000000000E+00,    7.9548721482E+01,    7.9548721482E+01,    0.0000000000E+00,    0.0000000000E+00,    0.0000000000E+00,    7.9548721482E+01
     87850,      0.676933,CP3_after_update_bottom,   1,    0.0000000000E+00,    7.9548721482E+01,    7.9548721482E+01,    0.0000000000E+00,    0.0000000000E+00,    0.0000000000E+00,    7.9548721482E+01
     87850,      0.676933,CP4_after_advection,   1,    0.0000000000E+00,    7.9549360065E+01,    7.9549360065E+01,    0.0000000000E+00,    0.0000000000E+00,    0.0000000000E+00,    7.9549360065E+01
     87850,      0.676933,CP5_after_vdif,   1,    0.0000000000E+00,    7.9549360065E+01,    7.9549360065E+01,    0.0000000000E+00,    0.0000000000E+00,    0.0000000000E+00,    7.9549360065E+01
     87850,      0.676933,CP6_after_kinetics,   1,    0.0000000000E+00,    7.9549360065E+01,    7.9549360065E+01,    0.0000000000E+00,    0.0000000000E+00,    0.0000000000E+00,    7.9549360065E+01
     87850,      0.676933,CP7_after_upper_clamp,   1,    0.0000000000E+00,    7.9549360065E+01,    7.9549360065E+01,    0.0000000000E+00,    0.0000000000E+00,    0.0000000000E+00,    7.9549360065E+01
     87850,      0.676933,CP8_after_OBC,   1,    0.0000000000E+00,    7.9549360065E+01,    7.9549360065E+01,    0.0000000000E+00,    0.0000000000E+00,    0.0000000000E+00,    7.9549360065E+01
     87850,      0.676933,CP9_after_PTsource,   1,    0.0000000000E+00,    7.9549360065E+01,    7.9549360065E+01,    0.0000000000E+00,    0.0000000000E+00,    0.0000000000E+00,    7.9549360065E+01
     87850,      0.676933,CP10_after_neg_clamp,   1,    0.0000000000E+00,    7.9549360065E+01,    7.9549360065E+01,    0.0000000000E+00,    0.0000000000E+00,    0.0000000000E+00,    7.9549360065E+01
     87850,      0.676933,CP11_after_MPI,   1,    0.0000000000E+00,    7.9549360065E+01,    7.9549360065E+01,    0.0000000000E+00,    0.0000000000E+00,    0.0000000000E+00,    7.9549360065E+01
     87850,      0.676933,CP12_end,   1,    0.0000000000E+00,    7.9549360065E+01,    7.9549360065E+01,    0.0000000000E+00,    0.0000000000E+00,    0.0000000000E+00,    7.9549360065E+01
     87900,      0.676933,CP0_start,   1,    0.0000000000E+00,    7.9628336593E+01,    7.9628336593E+01,    0.0000000000E+00,    0.0000000000E+00,    0.0000000000E+00,    7.9628336593E+01
     87900,      0.676933,CP1_after_deposition,   1,    0.0000000000E+00,    7.9628336593E+01,    7.9628336593E+01,    0.0000000000E+00,    0.0000000000E+00,    0.0000000000E+00,    7.9628336593E+01
     87900,      0.676933,CP2_after_erosion,   1,    0.0000000000E+00,    7.9628336593E+01,    7.9628336593E+01,    0.0000000000E+00,    0.0000000000E+00,    0.0000000000E+00,    7.9628336593E+01
     87900,      0.676933,CP3_after_update_bottom,   1,    0.0000000000E+00,    7.9628336593E+01,    7.9628336593E+01,    0.0000000000E+00,    0.0000000000E+00,    0.0000000000E+00,    7.9628336593E+01
     87900,      0.676933,CP4_after_advection,   1,    0.0000000000E+00,    7.9628927454E+01,    7.9628927454E+01,    0.0000000000E+00,    0.0000000000E+00,    0.0000000000E+00,    7.9628927454E+01
     87900,      0.676933,CP5_after_vdif,   1,    0.0000000000E+00,    7.9628927454E+01,    7.9628927454E+01,    0.0000000000E+00,    0.0000000000E+00,    0.0000000000E+00,    7.9628927454E+01
     87900,      0.676933,CP6_after_kinetics,   1,    0.0000000000E+00,    7.9628927454E+01,    7.9628927454E+01,    0.0000000000E+00,    0.0000000000E+00,    0.0000000000E+00,    7.9628927454E+01
     87900,      0.676933,CP7_after_upper_clamp,   1,    0.0000000000E+00,    7.9628927454E+01,    7.9628927454E+01,    0.0000000000E+00,    0.0000000000E+00,    0.0000000000E+00,    7.9628927454E+01
     87900,      0.676933,CP8_after_OBC,   1,    0.0000000000E+00,    7.9628927454E+01,    7.9628927454E+01,    0.0000000000E+00,    0.0000000000E+00,    0.0000000000E+00,    7.9628927454E+01
     87900,      0.676933,CP9_after_PTsource,   1,    0.0000000000E+00,    7.9628927454E+01,    7.9628927454E+01,    0.0000000000E+00,    0.0000000000E+00,    0.0000000000E+00,    7.9628927454E+01
     87900,      0.676933,CP10_after_neg_clamp,   1,    0.0000000000E+00,    7.9628927454E+01,    7.9628927454E+01,    0.0000000000E+00,    0.0000000000E+00,    0.0000000000E+00,    7.9628927454E+01
     87900,      0.676933,CP11_after_MPI,   1,    0.0000000000E+00,    7.9628927454E+01,    7.9628927454E+01,    0.0000000000E+00,    0.0000000000E+00,    0.0000000000E+00,    7.9628927454E+01
     87900,      0.676933,CP12_end,   1,    0.0000000000E+00,    7.9628927454E+01,    7.9628927454E+01,    0.0000000000E+00,    0.0000000000E+00,    0.0000000000E+00,    7.9628927454E+01
     87950,      0.676933,CP0_start,   1,    0.0000000000E+00,    7.9708837632E+01,    7.9708837632E+01,    0.0000000000E+00,    0.0000000000E+00,    0.0000000000E+00,    7.9708837632E+01
     87950,      0.676933,CP1_after_deposition,   1,    0.0000000000E+00,    7.9708837632E+01,    7.9708837632E+01,    0.0000000000E+00,    0.0000000000E+00,    0.0000000000E+00,    7.9708837632E+01
     87950,      0.676933,CP2_after_erosion,   1,    0.0000000000E+00,    7.9708837632E+01,    7.9708837632E+01,    0.0000000000E+00,    0.0000000000E+00,    0.0000000000E+00,    7.9708837632E+01
     87950,      0.676933,CP3_after_update_bottom,   1,    0.0000000000E+00,    7.9708837632E+01,    7.9708837632E+01,    0.0000000000E+00,    0.0000000000E+00,    0.0000000000E+00,    7.9708837632E+01
     87950,      0.676933,CP4_after_advection,   1,    0.0000000000E+00,    7.9709375924E+01,    7.9709375924E+01,    0.0000000000E+00,    0.0000000000E+00,    0.0000000000E+00,    7.9709375924E+01
     87950,      0.676933,CP5_after_vdif,   1,    0.0000000000E+00,    7.9709375924E+01,    7.9709375924E+01,    0.0000000000E+00,    0.0000000000E+00,    0.0000000000E+00,    7.9709375924E+01
     87950,      0.676933,CP6_after_kinetics,   1,    0.0000000000E+00,    7.9709375924E+01,    7.9709375924E+01,    0.0000000000E+00,    0.0000000000E+00,    0.0000000000E+00,    7.9709375924E+01
     87950,      0.676933,CP7_after_upper_clamp,   1,    0.0000000000E+00,    7.9709375924E+01,    7.9709375924E+01,    0.0000000000E+00,    0.0000000000E+00,    0.0000000000E+00,    7.9709375924E+01
     87950,      0.676933,CP8_after_OBC,   1,    0.0000000000E+00,    7.9709375924E+01,    7.9709375924E+01,    0.0000000000E+00,    0.0000000000E+00,    0.0000000000E+00,    7.9709375924E+01
     87950,      0.676933,CP9_after_PTsource,   1,    0.0000000000E+00,    7.9709375924E+01,    7.9709375924E+01,    0.0000000000E+00,    0.0000000000E+00,    0.0000000000E+00,    7.9709375924E+01
     87950,      0.676933,CP10_after_neg_clamp,   1,    0.0000000000E+00,    7.9709375924E+01,    7.9709375924E+01,    0.0000000000E+00,    0.0000000000E+00,    0.0000000000E+00,    7.9709375924E+01
     87950,      0.676933,CP11_after_MPI,   1,    0.0000000000E+00,    7.9709375924E+01,    7.9709375924E+01,    0.0000000000E+00,    0.0000000000E+00,    0.0000000000E+00,    7.9709375924E+01
     87950,      0.676933,CP12_end,   1,    0.0000000000E+00,    7.9709375924E+01,    7.9709375924E+01,    0.0000000000E+00,    0.0000000000E+00,    0.0000000000E+00,    7.9709375924E+01
     88000,      0.676933,CP0_start,   1,    0.0000000000E+00,    7.9790201101E+01,    7.9790201101E+01,    0.0000000000E+00,    0.0000000000E+00,    0.0000000000E+00,    7.9790201101E+01
     88000,      0.676933,CP1_after_deposition,   1,    0.0000000000E+00,    7.9790201101E+01,    7.9790201101E+01,    0.0000000000E+00,    0.0000000000E+00,    0.0000000000E+00,    7.9790201101E+01
     88000,      0.676933,CP2_after_erosion,   1,    0.0000000000E+00,    7.9790201101E+01,    7.9790201101E+01,    0.0000000000E+00,    0.0000000000E+00,    0.0000000000E+00,    7.9790201101E+01
     88000,      0.676933,CP3_after_update_bottom,   1,    0.0000000000E+00,    7.9790201101E+01,    7.9790201101E+01,    0.0000000000E+00,    0.0000000000E+00,    0.0000000000E+00,    7.9790201101E+01
     88000,      0.676933,CP4_after_advection,   1,    0.0000000000E+00,    7.9790679645E+01,    7.9790679645E+01,    0.0000000000E+00,    0.0000000000E+00,    0.0000000000E+00,    7.9790679645E+01
     88000,      0.676933,CP5_after_vdif,   1,    0.0000000000E+00,    7.9790679645E+01,    7.9790679645E+01,    0.0000000000E+00,    0.0000000000E+00,    0.0000000000E+00,    7.9790679645E+01
     88000,      0.676933,CP6_after_kinetics,   1,    0.0000000000E+00,    7.9790679645E+01,    7.9790679645E+01,    0.0000000000E+00,    0.0000000000E+00,    0.0000000000E+00,    7.9790679645E+01
     88000,      0.676933,CP7_after_upper_clamp,   1,    0.0000000000E+00,    7.9790679645E+01,    7.9790679645E+01,    0.0000000000E+00,    0.0000000000E+00,    0.0000000000E+00,    7.9790679645E+01
     88000,      0.676933,CP8_after_OBC,   1,    0.0000000000E+00,    7.9790679645E+01,    7.9790679645E+01,    0.0000000000E+00,    0.0000000000E+00,    0.0000000000E+00,    7.9790679645E+01
     88000,      0.676933,CP9_after_PTsource,   1,    0.0000000000E+00,    7.9790679645E+01,    7.9790679645E+01,    0.0000000000E+00,    0.0000000000E+00,    0.0000000000E+00,    7.9790679645E+01
     88000,      0.676933,CP10_after_neg_clamp,   1,    0.0000000000E+00,    7.9790679645E+01,    7.9790679645E+01,    0.0000000000E+00,    0.0000000000E+00,    0.0000000000E+00,    7.9790679645E+01
     88000,      0.676933,CP11_after_MPI,   1,    0.0000000000E+00,    7.9790679645E+01,    7.9790679645E+01,    0.0000000000E+00,    0.0000000000E+00,    0.0000000000E+00,    7.9790679645E+01
     88000,      0.676933,CP12_end,   1,    0.0000000000E+00,    7.9790679645E+01,    7.9790679645E+01,    0.0000000000E+00,    0.0000000000E+00,    0.0000000000E+00,    7.9790679645E+01
     88050,      0.676933,CP0_start,   1,    0.0000000000E+00,    7.9872290600E+01,    7.9872290600E+01,    0.0000000000E+00,    0.0000000000E+00,    0.0000000000E+00,    7.9872290600E+01
     88050,      0.676933,CP1_after_deposition,   1,    0.0000000000E+00,    7.9872290600E+01,    7.9872290600E+01,    0.0000000000E+00,    0.0000000000E+00,    0.0000000000E+00,    7.9872290600E+01
     88050,      0.676933,CP2_after_erosion,   1,    0.0000000000E+00,    7.9872290600E+01,    7.9872290600E+01,    0.0000000000E+00,    0.0000000000E+00,    0.0000000000E+00,    7.9872290600E+01
     88050,      0.676933,CP3_after_update_bottom,   1,    0.0000000000E+00,    7.9872290600E+01,    7.9872290600E+01,    0.0000000000E+00,    0.0000000000E+00,    0.0000000000E+00,    7.9872290600E+01
     88050,      0.676933,CP4_after_advection,   1,    0.0000000000E+00,    7.9872701407E+01,    7.9872701407E+01,    0.0000000000E+00,    0.0000000000E+00,    0.0000000000E+00,    7.9872701407E+01
     88050,      0.676933,CP5_after_vdif,   1,    0.0000000000E+00,    7.9872701407E+01,    7.9872701407E+01,    0.0000000000E+00,    0.0000000000E+00,    0.0000000000E+00,    7.9872701407E+01
     88050,      0.676933,CP6_after_kinetics,   1,    0.0000000000E+00,    7.9872701407E+01,    7.9872701407E+01,    0.0000000000E+00,    0.0000000000E+00,    0.0000000000E+00,    7.9872701407E+01
     88050,      0.676933,CP7_after_upper_clamp,   1,    0.0000000000E+00,    7.9872701407E+01,    7.9872701407E+01,    0.0000000000E+00,    0.0000000000E+00,    0.0000000000E+00,    7.9872701407E+01
     88050,      0.676933,CP8_after_OBC,   1,    0.0000000000E+00,    7.9872701407E+01,    7.9872701407E+01,    0.0000000000E+00,    0.0000000000E+00,    0.0000000000E+00,    7.9872701407E+01
     88050,      0.676933,CP9_after_PTsource,   1,    0.0000000000E+00,    7.9872701407E+01,    7.9872701407E+01,    0.0000000000E+00,    0.0000000000E+00,    0.0000000000E+00,    7.9872701407E+01
     88050,      0.676933,CP10_after_neg_clamp,   1,    0.0000000000E+00,    7.9872701407E+01,    7.9872701407E+01,    0.0000000000E+00,    0.0000000000E+00,    0.0000000000E+00,    7.9872701407E+01
     88050,      0.676933,CP11_after_MPI,   1,    0.0000000000E+00,    7.9872701407E+01,    7.9872701407E+01,    0.0000000000E+00,    0.0000000000E+00,    0.0000000000E+00,    7.9872701407E+01
     88050,      0.676933,CP12_end,   1,    0.0000000000E+00,    7.9872701407E+01,    7.9872701407E+01,    0.0000000000E+00,    0.0000000000E+00,    0.0000000000E+00,    7.9872701407E+01
     88100,      0.676933,CP0_start,   1,    0.0000000000E+00,    7.9954908284E+01,    7.9954908284E+01,    0.0000000000E+00,    0.0000000000E+00,    0.0000000000E+00,    7.9954908284E+01
     88100,      0.676933,CP1_after_deposition,   1,    0.0000000000E+00,    7.9954908284E+01,    7.9954908284E+01,    0.0000000000E+00,    0.0000000000E+00,    0.0000000000E+00,    7.9954908284E+01
     88100,      0.676933,CP2_after_erosion,   1,    0.0000000000E+00,    7.9954908284E+01,    7.9954908284E+01,    0.0000000000E+00,    0.0000000000E+00,    0.0000000000E+00,    7.9954908284E+01
     88100,      0.676933,CP3_after_update_bottom,   1,    0.0000000000E+00,    7.9954908284E+01,    7.9954908284E+01,    0.0000000000E+00,    0.0000000000E+00,    0.0000000000E+00,    7.9954908284E+01
     88100,      0.676933,CP4_after_advection,   1,    0.0000000000E+00,    7.9955241975E+01,    7.9955241975E+01,    0.0000000000E+00,    0.0000000000E+00,    0.0000000000E+00,    7.9955241975E+01
     88100,      0.676933,CP5_after_vdif,   1,    0.0000000000E+00,    7.9955241975E+01,    7.9955241975E+01,    0.0000000000E+00,    0.0000000000E+00,    0.0000000000E+00,    7.9955241975E+01
     88100,      0.676933,CP6_after_kinetics,   1,    0.0000000000E+00,    7.9955241975E+01,    7.9955241975E+01,    0.0000000000E+00,    0.0000000000E+00,    0.0000000000E+00,    7.9955241975E+01
     88100,      0.676933,CP7_after_upper_clamp,   1,    0.0000000000E+00,    7.9955241975E+01,    7.9955241975E+01,    0.0000000000E+00,    0.0000000000E+00,    0.0000000000E+00,    7.9955241975E+01
     88100,      0.676933,CP8_after_OBC,   1,    0.0000000000E+00,    7.9955241975E+01,    7.9955241975E+01,    0.0000000000E+00,    0.0000000000E+00,    0.0000000000E+00,    7.9955241975E+01
     88100,      0.676933,CP9_after_PTsource,   1,    0.0000000000E+00,    7.9955241975E+01,    7.9955241975E+01,    0.0000000000E+00,    0.0000000000E+00,    0.0000000000E+00,    7.9955241975E+01
     88100,      0.676933,CP10_after_neg_clamp,   1,    0.0000000000E+00,    7.9955241975E+01,    7.9955241975E+01,    0.0000000000E+00,    0.0000000000E+00,    0.0000000000E+00,    7.9955241975E+01
     88100,      0.676933,CP11_after_MPI,   1,    0.0000000000E+00,    7.9955241975E+01,    7.9955241975E+01,    0.0000000000E+00,    0.0000000000E+00,    0.0000000000E+00,    7.9955241975E+01
     88100,      0.676933,CP12_end,   1,    0.0000000000E+00,    7.9955241975E+01,    7.9955241975E+01,    0.0000000000E+00,    0.0000000000E+00,    0.0000000000E+00,    7.9955241975E+01
     88150,      0.676933,CP0_start,   1,    0.0000000000E+00,    8.0037802230E+01,    8.0037802230E+01,    0.0000000000E+00,    0.0000000000E+00,    0.0000000000E+00,    8.0037802230E+01
     88150,      0.676933,CP1_after_deposition,   1,    0.0000000000E+00,    8.0037802230E+01,    8.0037802230E+01,    0.0000000000E+00,    0.0000000000E+00,    0.0000000000E+00,    8.0037802230E+01
     88150,      0.676933,CP2_after_erosion,   1,    0.0000000000E+00,    8.0037802230E+01,    8.0037802230E+01,    0.0000000000E+00,    0.0000000000E+00,    0.0000000000E+00,    8.0037802230E+01
     88150,      0.676933,CP3_after_update_bottom,   1,    0.0000000000E+00,    8.0037802230E+01,    8.0037802230E+01,    0.0000000000E+00,    0.0000000000E+00,    0.0000000000E+00,    8.0037802230E+01
     88150,      0.676933,CP4_after_advection,   1,    0.0000000000E+00,    8.0038048737E+01,    8.0038048737E+01,    0.0000000000E+00,    0.0000000000E+00,    0.0000000000E+00,    8.0038048737E+01
     88150,      0.676933,CP5_after_vdif,   1,    0.0000000000E+00,    8.0038048737E+01,    8.0038048737E+01,    0.0000000000E+00,    0.0000000000E+00,    0.0000000000E+00,    8.0038048737E+01
     88150,      0.676933,CP6_after_kinetics,   1,    0.0000000000E+00,    8.0038048737E+01,    8.0038048737E+01,    0.0000000000E+00,    0.0000000000E+00,    0.0000000000E+00,    8.0038048737E+01
     88150,      0.676933,CP7_after_upper_clamp,   1,    0.0000000000E+00,    8.0038048737E+01,    8.0038048737E+01,    0.0000000000E+00,    0.0000000000E+00,    0.0000000000E+00,    8.0038048737E+01
     88150,      0.676933,CP8_after_OBC,   1,    0.0000000000E+00,    8.0038048737E+01,    8.0038048737E+01,    0.0000000000E+00,    0.0000000000E+00,    0.0000000000E+00,    8.0038048737E+01
     88150,      0.676933,CP9_after_PTsource,   1,    0.0000000000E+00,    8.0038048737E+01,    8.0038048737E+01,    0.0000000000E+00,    0.0000000000E+00,    0.0000000000E+00,    8.0038048737E+01
     88150,      0.676933,CP10_after_neg_clamp,   1,    0.0000000000E+00,    8.0038048737E+01,    8.0038048737E+01,    0.0000000000E+00,    0.0000000000E+00,    0.0000000000E+00,    8.0038048737E+01
     88150,      0.676933,CP11_after_MPI,   1,    0.0000000000E+00,    8.0038048737E+01,    8.0038048737E+01,    0.0000000000E+00,    0.0000000000E+00,    0.0000000000E+00,    8.0038048737E+01
     88150,      0.676933,CP12_end,   1,    0.0000000000E+00,    8.0038048737E+01,    8.0038048737E+01,    0.0000000000E+00,    0.0000000000E+00,    0.0000000000E+00,    8.0038048737E+01
     88200,      0.676933,CP0_start,   1,    0.0000000000E+00,    8.0120713266E+01,    8.0120713266E+01,    0.0000000000E+00,    0.0000000000E+00,    0.0000000000E+00,    8.0120713266E+01
     88200,      0.676933,CP1_after_deposition,   1,    0.0000000000E+00,    8.0120713266E+01,    8.0120713266E+01,    0.0000000000E+00,    0.0000000000E+00,    0.0000000000E+00,    8.0120713266E+01
     88200,      0.676933,CP2_after_erosion,   1,    0.0000000000E+00,    8.0120713266E+01,    8.0120713266E+01,    0.0000000000E+00,    0.0000000000E+00,    0.0000000000E+00,    8.0120713266E+01
     88200,      0.676933,CP3_after_update_bottom,   1,    0.0000000000E+00,    8.0120713266E+01,    8.0120713266E+01,    0.0000000000E+00,    0.0000000000E+00,    0.0000000000E+00,    8.0120713266E+01
     88200,      0.676933,CP4_after_advection,   1,    0.0000000000E+00,    8.0120862638E+01,    8.0120862638E+01,    0.0000000000E+00,    0.0000000000E+00,    0.0000000000E+00,    8.0120862638E+01
     88200,      0.676933,CP5_after_vdif,   1,    0.0000000000E+00,    8.0120862638E+01,    8.0120862638E+01,    0.0000000000E+00,    0.0000000000E+00,    0.0000000000E+00,    8.0120862638E+01
     88200,      0.676933,CP6_after_kinetics,   1,    0.0000000000E+00,    8.0120862638E+01,    8.0120862638E+01,    0.0000000000E+00,    0.0000000000E+00,    0.0000000000E+00,    8.0120862638E+01
     88200,      0.676933,CP7_after_upper_clamp,   1,    0.0000000000E+00,    8.0120862638E+01,    8.0120862638E+01,    0.0000000000E+00,    0.0000000000E+00,    0.0000000000E+00,    8.0120862638E+01
     88200,      0.676933,CP8_after_OBC,   1,    0.0000000000E+00,    8.0120862638E+01,    8.0120862638E+01,    0.0000000000E+00,    0.0000000000E+00,    0.0000000000E+00,    8.0120862638E+01
     88200,      0.676933,CP9_after_PTsource,   1,    0.0000000000E+00,    8.0120862638E+01,    8.0120862638E+01,    0.0000000000E+00,    0.0000000000E+00,    0.0000000000E+00,    8.0120862638E+01
     88200,      0.676933,CP10_after_neg_clamp,   1,    0.0000000000E+00,    8.0120862638E+01,    8.0120862638E+01,    0.0000000000E+00,    0.0000000000E+00,    0.0000000000E+00,    8.0120862638E+01
     88200,      0.676933,CP11_after_MPI,   1,    0.0000000000E+00,    8.0120862638E+01,    8.0120862638E+01,    0.0000000000E+00,    0.0000000000E+00,    0.0000000000E+00,    8.0120862638E+01
     88200,      0.676933,CP12_end,   1,    0.0000000000E+00,    8.0120862638E+01,    8.0120862638E+01,    0.0000000000E+00,    0.0000000000E+00,    0.0000000000E+00,    8.0120862638E+01
     88250,      0.676933,CP0_start,   1,    0.0000000000E+00,    8.0203373653E+01,    8.0203373653E+01,    0.0000000000E+00,    0.0000000000E+00,    0.0000000000E+00,    8.0203373653E+01
     88250,      0.676933,CP1_after_deposition,   1,    0.0000000000E+00,    8.0203373653E+01,    8.0203373653E+01,    0.0000000000E+00,    0.0000000000E+00,    0.0000000000E+00,    8.0203373653E+01
     88250,      0.676933,CP2_after_erosion,   1,    0.0000000000E+00,    8.0203373653E+01,    8.0203373653E+01,    0.0000000000E+00,    0.0000000000E+00,    0.0000000000E+00,    8.0203373653E+01
     88250,      0.676933,CP3_after_update_bottom,   1,    0.0000000000E+00,    8.0203373653E+01,    8.0203373653E+01,    0.0000000000E+00,    0.0000000000E+00,    0.0000000000E+00,    8.0203373653E+01
     88250,      0.676933,CP4_after_advection,   1,    0.0000000000E+00,    8.0203417572E+01,    8.0203417572E+01,    0.0000000000E+00,    0.0000000000E+00,    0.0000000000E+00,    8.0203417572E+01
     88250,      0.676933,CP5_after_vdif,   1,    0.0000000000E+00,    8.0203417572E+01,    8.0203417572E+01,    0.0000000000E+00,    0.0000000000E+00,    0.0000000000E+00,    8.0203417572E+01
     88250,      0.676933,CP6_after_kinetics,   1,    0.0000000000E+00,    8.0203417572E+01,    8.0203417572E+01,    0.0000000000E+00,    0.0000000000E+00,    0.0000000000E+00,    8.0203417572E+01
     88250,      0.676933,CP7_after_upper_clamp,   1,    0.0000000000E+00,    8.0203417572E+01,    8.0203417572E+01,    0.0000000000E+00,    0.0000000000E+00,    0.0000000000E+00,    8.0203417572E+01
     88250,      0.676933,CP8_after_OBC,   1,    0.0000000000E+00,    8.0203417572E+01,    8.0203417572E+01,    0.0000000000E+00,    0.0000000000E+00,    0.0000000000E+00,    8.0203417572E+01
     88250,      0.676933,CP9_after_PTsource,   1,    0.0000000000E+00,    8.0203417572E+01,    8.0203417572E+01,    0.0000000000E+00,    0.0000000000E+00,    0.0000000000E+00,    8.0203417572E+01
     88250,      0.676933,CP10_after_neg_clamp,   1,    0.0000000000E+00,    8.0203417572E+01,    8.0203417572E+01,    0.0000000000E+00,    0.0000000000E+00,    0.0000000000E+00,    8.0203417572E+01
     88250,      0.676933,CP11_after_MPI,   1,    0.0000000000E+00,    8.0203417572E+01,    8.0203417572E+01,    0.0000000000E+00,    0.0000000000E+00,    0.0000000000E+00,    8.0203417572E+01
     88250,      0.676933,CP12_end,   1,    0.0000000000E+00,    8.0203417572E+01,    8.0203417572E+01,    0.0000000000E+00,    0.0000000000E+00,    0.0000000000E+00,    8.0203417572E+01
     88300,      0.676933,CP0_start,   1,    0.0000000000E+00,    8.0285591067E+01,    8.0285591067E+01,    0.0000000000E+00,    0.0000000000E+00,    0.0000000000E+00,    8.0285591067E+01
     88300,      0.676933,CP1_after_deposition,   1,    0.0000000000E+00,    8.0285591067E+01,    8.0285591067E+01,    0.0000000000E+00,    0.0000000000E+00,    0.0000000000E+00,    8.0285591067E+01
     88300,      0.676933,CP2_after_erosion,   1,    0.0000000000E+00,    8.0285591067E+01,    8.0285591067E+01,    0.0000000000E+00,    0.0000000000E+00,    0.0000000000E+00,    8.0285591067E+01
     88300,      0.676933,CP3_after_update_bottom,   1,    0.0000000000E+00,    8.0285591067E+01,    8.0285591067E+01,    0.0000000000E+00,    0.0000000000E+00,    0.0000000000E+00,    8.0285591067E+01
     88300,      0.676933,CP4_after_advection,   1,    0.0000000000E+00,    8.0285522783E+01,    8.0285522783E+01,    0.0000000000E+00,    0.0000000000E+00,    0.0000000000E+00,    8.0285522783E+01
     88300,      0.676933,CP5_after_vdif,   1,    0.0000000000E+00,    8.0285522783E+01,    8.0285522783E+01,    0.0000000000E+00,    0.0000000000E+00,    0.0000000000E+00,    8.0285522783E+01
     88300,      0.676933,CP6_after_kinetics,   1,    0.0000000000E+00,    8.0285522783E+01,    8.0285522783E+01,    0.0000000000E+00,    0.0000000000E+00,    0.0000000000E+00,    8.0285522783E+01
     88300,      0.676933,CP7_after_upper_clamp,   1,    0.0000000000E+00,    8.0285522783E+01,    8.0285522783E+01,    0.0000000000E+00,    0.0000000000E+00,    0.0000000000E+00,    8.0285522783E+01
     88300,      0.676933,CP8_after_OBC,   1,    0.0000000000E+00,    8.0285522783E+01,    8.0285522783E+01,    0.0000000000E+00,    0.0000000000E+00,    0.0000000000E+00,    8.0285522783E+01
     88300,      0.676933,CP9_after_PTsource,   1,    0.0000000000E+00,    8.0285522783E+01,    8.0285522783E+01,    0.0000000000E+00,    0.0000000000E+00,    0.0000000000E+00,    8.0285522783E+01
     88300,      0.676933,CP10_after_neg_clamp,   1,    0.0000000000E+00,    8.0285522783E+01,    8.0285522783E+01,    0.0000000000E+00,    0.0000000000E+00,    0.0000000000E+00,    8.0285522783E+01
     88300,      0.676933,CP11_after_MPI,   1,    0.0000000000E+00,    8.0285522783E+01,    8.0285522783E+01,    0.0000000000E+00,    0.0000000000E+00,    0.0000000000E+00,    8.0285522783E+01
     88300,      0.676933,CP12_end,   1,    0.0000000000E+00,    8.0285522783E+01,    8.0285522783E+01,    0.0000000000E+00,    0.0000000000E+00,    0.0000000000E+00,    8.0285522783E+01
     88350,      0.676933,CP0_start,   1,    0.0000000000E+00,    8.0367199555E+01,    8.0367199555E+01,    0.0000000000E+00,    0.0000000000E+00,    0.0000000000E+00,    8.0367199555E+01
     88350,      0.676933,CP1_after_deposition,   1,    0.0000000000E+00,    8.0367199555E+01,    8.0367199555E+01,    0.0000000000E+00,    0.0000000000E+00,    0.0000000000E+00,    8.0367199555E+01
     88350,      0.676933,CP2_after_erosion,   1,    0.0000000000E+00,    8.0367199555E+01,    8.0367199555E+01,    0.0000000000E+00,    0.0000000000E+00,    0.0000000000E+00,    8.0367199555E+01
     88350,      0.676933,CP3_after_update_bottom,   1,    0.0000000000E+00,    8.0367199555E+01,    8.0367199555E+01,    0.0000000000E+00,    0.0000000000E+00,    0.0000000000E+00,    8.0367199555E+01
     88350,      0.676933,CP4_after_advection,   1,    0.0000000000E+00,    8.0367013344E+01,    8.0367013344E+01,    0.0000000000E+00,    0.0000000000E+00,    0.0000000000E+00,    8.0367013344E+01
     88350,      0.676933,CP5_after_vdif,   1,    0.0000000000E+00,    8.0367013344E+01,    8.0367013344E+01,    0.0000000000E+00,    0.0000000000E+00,    0.0000000000E+00,    8.0367013344E+01
     88350,      0.676933,CP6_after_kinetics,   1,    0.0000000000E+00,    8.0367013344E+01,    8.0367013344E+01,    0.0000000000E+00,    0.0000000000E+00,    0.0000000000E+00,    8.0367013344E+01
     88350,      0.676933,CP7_after_upper_clamp,   1,    0.0000000000E+00,    8.0367013344E+01,    8.0367013344E+01,    0.0000000000E+00,    0.0000000000E+00,    0.0000000000E+00,    8.0367013344E+01
     88350,      0.676933,CP8_after_OBC,   1,    0.0000000000E+00,    8.0367013344E+01,    8.0367013344E+01,    0.0000000000E+00,    0.0000000000E+00,    0.0000000000E+00,    8.0367013344E+01
     88350,      0.676933,CP9_after_PTsource,   1,    0.0000000000E+00,    8.0367013344E+01,    8.0367013344E+01,    0.0000000000E+00,    0.0000000000E+00,    0.0000000000E+00,    8.0367013344E+01
     88350,      0.676933,CP10_after_neg_clamp,   1,    0.0000000000E+00,    8.0367013344E+01,    8.0367013344E+01,    0.0000000000E+00,    0.0000000000E+00,    0.0000000000E+00,    8.0367013344E+01
     88350,      0.676933,CP11_after_MPI,   1,    0.0000000000E+00,    8.0367013344E+01,    8.0367013344E+01,    0.0000000000E+00,    0.0000000000E+00,    0.0000000000E+00,    8.0367013344E+01
     88350,      0.676933,CP12_end,   1,    0.0000000000E+00,    8.0367013344E+01,    8.0367013344E+01,    0.0000000000E+00,    0.0000000000E+00,    0.0000000000E+00,    8.0367013344E+01
     88400,      0.676933,CP0_start,   1,    0.0000000000E+00,    8.0448112160E+01,    8.0448112160E+01,    0.0000000000E+00,    0.0000000000E+00,    0.0000000000E+00,    8.0448112160E+01
     88400,      0.676933,CP1_after_deposition,   1,    0.0000000000E+00,    8.0448112160E+01,    8.0448112160E+01,    0.0000000000E+00,    0.0000000000E+00,    0.0000000000E+00,    8.0448112160E+01
     88400,      0.676933,CP2_after_erosion,   1,    0.0000000000E+00,    8.0448112160E+01,    8.0448112160E+01,    0.0000000000E+00,    0.0000000000E+00,    0.0000000000E+00,    8.0448112160E+01
     88400,      0.676933,CP3_after_update_bottom,   1,    0.0000000000E+00,    8.0448112160E+01,    8.0448112160E+01,    0.0000000000E+00,    0.0000000000E+00,    0.0000000000E+00,    8.0448112160E+01
     88400,      0.676933,CP4_after_advection,   1,    0.0000000000E+00,    8.0447803660E+01,    8.0447803660E+01,    0.0000000000E+00,    0.0000000000E+00,    0.0000000000E+00,    8.0447803660E+01
     88400,      0.676933,CP5_after_vdif,   1,    0.0000000000E+00,    8.0447803660E+01,    8.0447803660E+01,    0.0000000000E+00,    0.0000000000E+00,    0.0000000000E+00,    8.0447803660E+01
     88400,      0.676933,CP6_after_kinetics,   1,    0.0000000000E+00,    8.0447803660E+01,    8.0447803660E+01,    0.0000000000E+00,    0.0000000000E+00,    0.0000000000E+00,    8.0447803660E+01
     88400,      0.676933,CP7_after_upper_clamp,   1,    0.0000000000E+00,    8.0447803660E+01,    8.0447803660E+01,    0.0000000000E+00,    0.0000000000E+00,    0.0000000000E+00,    8.0447803660E+01
     88400,      0.676933,CP8_after_OBC,   1,    0.0000000000E+00,    8.0447803660E+01,    8.0447803660E+01,    0.0000000000E+00,    0.0000000000E+00,    0.0000000000E+00,    8.0447803660E+01
     88400,      0.676933,CP9_after_PTsource,   1,    0.0000000000E+00,    8.0447803660E+01,    8.0447803660E+01,    0.0000000000E+00,    0.0000000000E+00,    0.0000000000E+00,    8.0447803660E+01
     88400,      0.676933,CP10_after_neg_clamp,   1,    0.0000000000E+00,    8.0447803660E+01,    8.0447803660E+01,    0.0000000000E+00,    0.0000000000E+00,    0.0000000000E+00,    8.0447803660E+01
     88400,      0.676933,CP11_after_MPI,   1,    0.0000000000E+00,    8.0447803660E+01,    8.0447803660E+01,    0.0000000000E+00,    0.0000000000E+00,    0.0000000000E+00,    8.0447803660E+01
     88400,      0.676933,CP12_end,   1,    0.0000000000E+00,    8.0447803660E+01,    8.0447803660E+01,    0.0000000000E+00,    0.0000000000E+00,    0.0000000000E+00,    8.0447803660E+01
     88450,      0.676933,CP0_start,   1,    0.0000000000E+00,    8.0528359172E+01,    8.0528359172E+01,    0.0000000000E+00,    0.0000000000E+00,    0.0000000000E+00,    8.0528359172E+01
     88450,      0.676933,CP1_after_deposition,   1,    0.0000000000E+00,    8.0528359172E+01,    8.0528359172E+01,    0.0000000000E+00,    0.0000000000E+00,    0.0000000000E+00,    8.0528359172E+01
     88450,      0.676933,CP2_after_erosion,   1,    0.0000000000E+00,    8.0528359172E+01,    8.0528359172E+01,    0.0000000000E+00,    0.0000000000E+00,    0.0000000000E+00,    8.0528359172E+01
     88450,      0.676933,CP3_after_update_bottom,   1,    0.0000000000E+00,    8.0528359172E+01,    8.0528359172E+01,    0.0000000000E+00,    0.0000000000E+00,    0.0000000000E+00,    8.0528359172E+01
     88450,      0.676933,CP4_after_advection,   1,    0.0000000000E+00,    8.0527929372E+01,    8.0527929372E+01,    0.0000000000E+00,    0.0000000000E+00,    0.0000000000E+00,    8.0527929372E+01
     88450,      0.676933,CP5_after_vdif,   1,    0.0000000000E+00,    8.0527929372E+01,    8.0527929372E+01,    0.0000000000E+00,    0.0000000000E+00,    0.0000000000E+00,    8.0527929372E+01
     88450,      0.676933,CP6_after_kinetics,   1,    0.0000000000E+00,    8.0527929372E+01,    8.0527929372E+01,    0.0000000000E+00,    0.0000000000E+00,    0.0000000000E+00,    8.0527929372E+01
     88450,      0.676933,CP7_after_upper_clamp,   1,    0.0000000000E+00,    8.0527929372E+01,    8.0527929372E+01,    0.0000000000E+00,    0.0000000000E+00,    0.0000000000E+00,    8.0527929372E+01
     88450,      0.676933,CP8_after_OBC,   1,    0.0000000000E+00,    8.0527929372E+01,    8.0527929372E+01,    0.0000000000E+00,    0.0000000000E+00,    0.0000000000E+00,    8.0527929372E+01
     88450,      0.676933,CP9_after_PTsource,   1,    0.0000000000E+00,    8.0527929372E+01,    8.0527929372E+01,    0.0000000000E+00,    0.0000000000E+00,    0.0000000000E+00,    8.0527929372E+01
     88450,      0.676933,CP10_after_neg_clamp,   1,    0.0000000000E+00,    8.0527929372E+01,    8.0527929372E+01,    0.0000000000E+00,    0.0000000000E+00,    0.0000000000E+00,    8.0527929372E+01
     88450,      0.676933,CP11_after_MPI,   1,    0.0000000000E+00,    8.0527929372E+01,    8.0527929372E+01,    0.0000000000E+00,    0.0000000000E+00,    0.0000000000E+00,    8.0527929372E+01
     88450,      0.676933,CP12_end,   1,    0.0000000000E+00,    8.0527929372E+01,    8.0527929372E+01,    0.0000000000E+00,    0.0000000000E+00,    0.0000000000E+00,    8.0527929372E+01
     88500,      0.676933,CP0_start,   1,    0.0000000000E+00,    8.0608115739E+01,    8.0608115739E+01,    0.0000000000E+00,    0.0000000000E+00,    0.0000000000E+00,    8.0608115739E+01
     88500,      0.676933,CP1_after_deposition,   1,    0.0000000000E+00,    8.0608115739E+01,    8.0608115739E+01,    0.0000000000E+00,    0.0000000000E+00,    0.0000000000E+00,    8.0608115739E+01
     88500,      0.676933,CP2_after_erosion,   1,    0.0000000000E+00,    8.0608115739E+01,    8.0608115739E+01,    0.0000000000E+00,    0.0000000000E+00,    0.0000000000E+00,    8.0608115739E+01
     88500,      0.676933,CP3_after_update_bottom,   1,    0.0000000000E+00,    8.0608115739E+01,    8.0608115739E+01,    0.0000000000E+00,    0.0000000000E+00,    0.0000000000E+00,    8.0608115739E+01
     88500,      0.676933,CP4_after_advection,   1,    0.0000000000E+00,    8.0607566581E+01,    8.0607566581E+01,    0.0000000000E+00,    0.0000000000E+00,    0.0000000000E+00,    8.0607566581E+01
     88500,      0.676933,CP5_after_vdif,   1,    0.0000000000E+00,    8.0607566581E+01,    8.0607566581E+01,    0.0000000000E+00,    0.0000000000E+00,    0.0000000000E+00,    8.0607566581E+01
     88500,      0.676933,CP6_after_kinetics,   1,    0.0000000000E+00,    8.0607566581E+01,    8.0607566581E+01,    0.0000000000E+00,    0.0000000000E+00,    0.0000000000E+00,    8.0607566581E+01
     88500,      0.676933,CP7_after_upper_clamp,   1,    0.0000000000E+00,    8.0607566581E+01,    8.0607566581E+01,    0.0000000000E+00,    0.0000000000E+00,    0.0000000000E+00,    8.0607566581E+01
     88500,      0.676933,CP8_after_OBC,   1,    0.0000000000E+00,    8.0607566581E+01,    8.0607566581E+01,    0.0000000000E+00,    0.0000000000E+00,    0.0000000000E+00,    8.0607566581E+01
     88500,      0.676933,CP9_after_PTsource,   1,    0.0000000000E+00,    8.0607566581E+01,    8.0607566581E+01,    0.0000000000E+00,    0.0000000000E+00,    0.0000000000E+00,    8.0607566581E+01
     88500,      0.676933,CP10_after_neg_clamp,   1,    0.0000000000E+00,    8.0607566581E+01,    8.0607566581E+01,    0.0000000000E+00,    0.0000000000E+00,    0.0000000000E+00,    8.0607566581E+01
     88500,      0.676933,CP11_after_MPI,   1,    0.0000000000E+00,    8.0607566581E+01,    8.0607566581E+01,    0.0000000000E+00,    0.0000000000E+00,    0.0000000000E+00,    8.0607566581E+01
     88500,      0.676933,CP12_end,   1,    0.0000000000E+00,    8.0607566581E+01,    8.0607566581E+01,    0.0000000000E+00,    0.0000000000E+00,    0.0000000000E+00,    8.0607566581E+01
     88550,      0.676933,CP0_start,   1,    0.0000000000E+00,    8.0687647083E+01,    8.0687647083E+01,    0.0000000000E+00,    0.0000000000E+00,    0.0000000000E+00,    8.0687647083E+01
     88550,      0.676933,CP1_after_deposition,   1,    0.0000000000E+00,    8.0687647083E+01,    8.0687647083E+01,    0.0000000000E+00,    0.0000000000E+00,    0.0000000000E+00,    8.0687647083E+01
     88550,      0.676933,CP2_after_erosion,   1,    0.0000000000E+00,    8.0687647083E+01,    8.0687647083E+01,    0.0000000000E+00,    0.0000000000E+00,    0.0000000000E+00,    8.0687647083E+01
     88550,      0.676933,CP3_after_update_bottom,   1,    0.0000000000E+00,    8.0687647083E+01,    8.0687647083E+01,    0.0000000000E+00,    0.0000000000E+00,    0.0000000000E+00,    8.0687647083E+01
     88550,      0.676933,CP4_after_advection,   1,    0.0000000000E+00,    8.0686982761E+01,    8.0686982761E+01,    0.0000000000E+00,    0.0000000000E+00,    0.0000000000E+00,    8.0686982761E+01
     88550,      0.676933,CP5_after_vdif,   1,    0.0000000000E+00,    8.0686982761E+01,    8.0686982761E+01,    0.0000000000E+00,    0.0000000000E+00,    0.0000000000E+00,    8.0686982761E+01
     88550,      0.676933,CP6_after_kinetics,   1,    0.0000000000E+00,    8.0686982761E+01,    8.0686982761E+01,    0.0000000000E+00,    0.0000000000E+00,    0.0000000000E+00,    8.0686982761E+01
     88550,      0.676933,CP7_after_upper_clamp,   1,    0.0000000000E+00,    8.0686982761E+01,    8.0686982761E+01,    0.0000000000E+00,    0.0000000000E+00,    0.0000000000E+00,    8.0686982761E+01
     88550,      0.676933,CP8_after_OBC,   1,    0.0000000000E+00,    8.0686982761E+01,    8.0686982761E+01,    0.0000000000E+00,    0.0000000000E+00,    0.0000000000E+00,    8.0686982761E+01
     88550,      0.676933,CP9_after_PTsource,   1,    0.0000000000E+00,    8.0686982761E+01,    8.0686982761E+01,    0.0000000000E+00,    0.0000000000E+00,    0.0000000000E+00,    8.0686982761E+01
     88550,      0.676933,CP10_after_neg_clamp,   1,    0.0000000000E+00,    8.0686982761E+01,    8.0686982761E+01,    0.0000000000E+00,    0.0000000000E+00,    0.0000000000E+00,    8.0686982761E+01
     88550,      0.676933,CP11_after_MPI,   1,    0.0000000000E+00,    8.0686982761E+01,    8.0686982761E+01,    0.0000000000E+00,    0.0000000000E+00,    0.0000000000E+00,    8.0686982761E+01
     88550,      0.676933,CP12_end,   1,    0.0000000000E+00,    8.0686982761E+01,    8.0686982761E+01,    0.0000000000E+00,    0.0000000000E+00,    0.0000000000E+00,    8.0686982761E+01
     88600,      0.676933,CP0_start,   1,    0.0000000000E+00,    8.0767243410E+01,    8.0767243410E+01,    0.0000000000E+00,    0.0000000000E+00,    0.0000000000E+00,    8.0767243410E+01
     88600,      0.676933,CP1_after_deposition,   1,    0.0000000000E+00,    8.0767243410E+01,    8.0767243410E+01,    0.0000000000E+00,    0.0000000000E+00,    0.0000000000E+00,    8.0767243410E+01
     88600,      0.676933,CP2_after_erosion,   1,    0.0000000000E+00,    8.0767243410E+01,    8.0767243410E+01,    0.0000000000E+00,    0.0000000000E+00,    0.0000000000E+00,    8.0767243410E+01
     88600,      0.676933,CP3_after_update_bottom,   1,    0.0000000000E+00,    8.0767243410E+01,    8.0767243410E+01,    0.0000000000E+00,    0.0000000000E+00,    0.0000000000E+00,    8.0767243410E+01
     88600,      0.676933,CP4_after_advection,   1,    0.0000000000E+00,    8.0766468953E+01,    8.0766468953E+01,    0.0000000000E+00,    0.0000000000E+00,    0.0000000000E+00,    8.0766468953E+01
     88600,      0.676933,CP5_after_vdif,   1,    0.0000000000E+00,    8.0766468953E+01,    8.0766468953E+01,    0.0000000000E+00,    0.0000000000E+00,    0.0000000000E+00,    8.0766468953E+01
     88600,      0.676933,CP6_after_kinetics,   1,    0.0000000000E+00,    8.0766468953E+01,    8.0766468953E+01,    0.0000000000E+00,    0.0000000000E+00,    0.0000000000E+00,    8.0766468953E+01
     88600,      0.676933,CP7_after_upper_clamp,   1,    0.0000000000E+00,    8.0766468953E+01,    8.0766468953E+01,    0.0000000000E+00,    0.0000000000E+00,    0.0000000000E+00,    8.0766468953E+01
     88600,      0.676933,CP8_after_OBC,   1,    0.0000000000E+00,    8.0766468953E+01,    8.0766468953E+01,    0.0000000000E+00,    0.0000000000E+00,    0.0000000000E+00,    8.0766468953E+01
     88600,      0.676933,CP9_after_PTsource,   1,    0.0000000000E+00,    8.0766468953E+01,    8.0766468953E+01,    0.0000000000E+00,    0.0000000000E+00,    0.0000000000E+00,    8.0766468953E+01
     88600,      0.676933,CP10_after_neg_clamp,   1,    0.0000000000E+00,    8.0766468953E+01,    8.0766468953E+01,    0.0000000000E+00,    0.0000000000E+00,    0.0000000000E+00,    8.0766468953E+01
     88600,      0.676933,CP11_after_MPI,   1,    0.0000000000E+00,    8.0766468953E+01,    8.0766468953E+01,    0.0000000000E+00,    0.0000000000E+00,    0.0000000000E+00,    8.0766468953E+01
     88600,      0.676933,CP12_end,   1,    0.0000000000E+00,    8.0766468953E+01,    8.0766468953E+01,    0.0000000000E+00,    0.0000000000E+00,    0.0000000000E+00,    8.0766468953E+01
     88650,      0.676933,CP0_start,   1,    0.0000000000E+00,    8.0847134758E+01,    8.0847134758E+01,    0.0000000000E+00,    0.0000000000E+00,    0.0000000000E+00,    8.0847134758E+01
     88650,      0.676933,CP1_after_deposition,   1,    0.0000000000E+00,    8.0847134758E+01,    8.0847134758E+01,    0.0000000000E+00,    0.0000000000E+00,    0.0000000000E+00,    8.0847134758E+01
     88650,      0.676933,CP2_after_erosion,   1,    0.0000000000E+00,    8.0847134758E+01,    8.0847134758E+01,    0.0000000000E+00,    0.0000000000E+00,    0.0000000000E+00,    8.0847134758E+01
     88650,      0.676933,CP3_after_update_bottom,   1,    0.0000000000E+00,    8.0847134758E+01,    8.0847134758E+01,    0.0000000000E+00,    0.0000000000E+00,    0.0000000000E+00,    8.0847134758E+01
     88650,      0.676933,CP4_after_advection,   1,    0.0000000000E+00,    8.0846253081E+01,    8.0846253081E+01,    0.0000000000E+00,    0.0000000000E+00,    0.0000000000E+00,    8.0846253081E+01
     88650,      0.676933,CP5_after_vdif,   1,    0.0000000000E+00,    8.0846253081E+01,    8.0846253081E+01,    0.0000000000E+00,    0.0000000000E+00,    0.0000000000E+00,    8.0846253081E+01
     88650,      0.676933,CP6_after_kinetics,   1,    0.0000000000E+00,    8.0846253081E+01,    8.0846253081E+01,    0.0000000000E+00,    0.0000000000E+00,    0.0000000000E+00,    8.0846253081E+01
     88650,      0.676933,CP7_after_upper_clamp,   1,    0.0000000000E+00,    8.0846253081E+01,    8.0846253081E+01,    0.0000000000E+00,    0.0000000000E+00,    0.0000000000E+00,    8.0846253081E+01
     88650,      0.676933,CP8_after_OBC,   1,    0.0000000000E+00,    8.0846253081E+01,    8.0846253081E+01,    0.0000000000E+00,    0.0000000000E+00,    0.0000000000E+00,    8.0846253081E+01
     88650,      0.676933,CP9_after_PTsource,   1,    0.0000000000E+00,    8.0846253081E+01,    8.0846253081E+01,    0.0000000000E+00,    0.0000000000E+00,    0.0000000000E+00,    8.0846253081E+01
     88650,      0.676933,CP10_after_neg_clamp,   1,    0.0000000000E+00,    8.0846253081E+01,    8.0846253081E+01,    0.0000000000E+00,    0.0000000000E+00,    0.0000000000E+00,    8.0846253081E+01
     88650,      0.676933,CP11_after_MPI,   1,    0.0000000000E+00,    8.0846253081E+01,    8.0846253081E+01,    0.0000000000E+00,    0.0000000000E+00,    0.0000000000E+00,    8.0846253081E+01
     88650,      0.676933,CP12_end,   1,    0.0000000000E+00,    8.0846253081E+01,    8.0846253081E+01,    0.0000000000E+00,    0.0000000000E+00,    0.0000000000E+00,    8.0846253081E+01
     88700,      0.676933,CP0_start,   1,    0.0000000000E+00,    8.0927398178E+01,    8.0927398178E+01,    0.0000000000E+00,    0.0000000000E+00,    0.0000000000E+00,    8.0927398178E+01
     88700,      0.676933,CP1_after_deposition,   1,    0.0000000000E+00,    8.0927398178E+01,    8.0927398178E+01,    0.0000000000E+00,    0.0000000000E+00,    0.0000000000E+00,    8.0927398178E+01
     88700,      0.676933,CP2_after_erosion,   1,    0.0000000000E+00,    8.0927398178E+01,    8.0927398178E+01,    0.0000000000E+00,    0.0000000000E+00,    0.0000000000E+00,    8.0927398178E+01
     88700,      0.676933,CP3_after_update_bottom,   1,    0.0000000000E+00,    8.0927398178E+01,    8.0927398178E+01,    0.0000000000E+00,    0.0000000000E+00,    0.0000000000E+00,    8.0927398178E+01
     88700,      0.676933,CP4_after_advection,   1,    0.0000000000E+00,    8.0926408558E+01,    8.0926408558E+01,    0.0000000000E+00,    0.0000000000E+00,    0.0000000000E+00,    8.0926408558E+01
     88700,      0.676933,CP5_after_vdif,   1,    0.0000000000E+00,    8.0926408558E+01,    8.0926408558E+01,    0.0000000000E+00,    0.0000000000E+00,    0.0000000000E+00,    8.0926408558E+01
     88700,      0.676933,CP6_after_kinetics,   1,    0.0000000000E+00,    8.0926408558E+01,    8.0926408558E+01,    0.0000000000E+00,    0.0000000000E+00,    0.0000000000E+00,    8.0926408558E+01
     88700,      0.676933,CP7_after_upper_clamp,   1,    0.0000000000E+00,    8.0926408558E+01,    8.0926408558E+01,    0.0000000000E+00,    0.0000000000E+00,    0.0000000000E+00,    8.0926408558E+01
     88700,      0.676933,CP8_after_OBC,   1,    0.0000000000E+00,    8.0926408558E+01,    8.0926408558E+01,    0.0000000000E+00,    0.0000000000E+00,    0.0000000000E+00,    8.0926408558E+01
     88700,      0.676933,CP9_after_PTsource,   1,    0.0000000000E+00,    8.0926408558E+01,    8.0926408558E+01,    0.0000000000E+00,    0.0000000000E+00,    0.0000000000E+00,    8.0926408558E+01
     88700,      0.676933,CP10_after_neg_clamp,   1,    0.0000000000E+00,    8.0926408558E+01,    8.0926408558E+01,    0.0000000000E+00,    0.0000000000E+00,    0.0000000000E+00,    8.0926408558E+01
     88700,      0.676933,CP11_after_MPI,   1,    0.0000000000E+00,    8.0926408558E+01,    8.0926408558E+01,    0.0000000000E+00,    0.0000000000E+00,    0.0000000000E+00,    8.0926408558E+01
     88700,      0.676933,CP12_end,   1,    0.0000000000E+00,    8.0926408558E+01,    8.0926408558E+01,    0.0000000000E+00,    0.0000000000E+00,    0.0000000000E+00,    8.0926408558E+01
     88750,      0.676933,CP0_start,   1,    0.0000000000E+00,    8.1007890079E+01,    8.1007890079E+01,    0.0000000000E+00,    0.0000000000E+00,    0.0000000000E+00,    8.1007890079E+01
     88750,      0.676933,CP1_after_deposition,   1,    0.0000000000E+00,    8.1007890079E+01,    8.1007890079E+01,    0.0000000000E+00,    0.0000000000E+00,    0.0000000000E+00,    8.1007890079E+01
     88750,      0.676933,CP2_after_erosion,   1,    0.0000000000E+00,    8.1007890079E+01,    8.1007890079E+01,    0.0000000000E+00,    0.0000000000E+00,    0.0000000000E+00,    8.1007890079E+01
     88750,      0.676933,CP3_after_update_bottom,   1,    0.0000000000E+00,    8.1007890079E+01,    8.1007890079E+01,    0.0000000000E+00,    0.0000000000E+00,    0.0000000000E+00,    8.1007890079E+01
     88750,      0.676933,CP4_after_advection,   1,    0.0000000000E+00,    8.1006789090E+01,    8.1006789090E+01,    0.0000000000E+00,    0.0000000000E+00,    0.0000000000E+00,    8.1006789090E+01
     88750,      0.676933,CP5_after_vdif,   1,    0.0000000000E+00,    8.1006789090E+01,    8.1006789090E+01,    0.0000000000E+00,    0.0000000000E+00,    0.0000000000E+00,    8.1006789090E+01
     88750,      0.676933,CP6_after_kinetics,   1,    0.0000000000E+00,    8.1006789090E+01,    8.1006789090E+01,    0.0000000000E+00,    0.0000000000E+00,    0.0000000000E+00,    8.1006789090E+01
     88750,      0.676933,CP7_after_upper_clamp,   1,    0.0000000000E+00,    8.1006789090E+01,    8.1006789090E+01,    0.0000000000E+00,    0.0000000000E+00,    0.0000000000E+00,    8.1006789090E+01
     88750,      0.676933,CP8_after_OBC,   1,    0.0000000000E+00,    8.1006789090E+01,    8.1006789090E+01,    0.0000000000E+00,    0.0000000000E+00,    0.0000000000E+00,    8.1006789090E+01
     88750,      0.676933,CP9_after_PTsource,   1,    0.0000000000E+00,    8.1006789090E+01,    8.1006789090E+01,    0.0000000000E+00,    0.0000000000E+00,    0.0000000000E+00,    8.1006789090E+01
     88750,      0.676933,CP10_after_neg_clamp,   1,    0.0000000000E+00,    8.1006789090E+01,    8.1006789090E+01,    0.0000000000E+00,    0.0000000000E+00,    0.0000000000E+00,    8.1006789090E+01
     88750,      0.676933,CP11_after_MPI,   1,    0.0000000000E+00,    8.1006789090E+01,    8.1006789090E+01,    0.0000000000E+00,    0.0000000000E+00,    0.0000000000E+00,    8.1006789090E+01
     88750,      0.676933,CP12_end,   1,    0.0000000000E+00,    8.1006789090E+01,    8.1006789090E+01,    0.0000000000E+00,    0.0000000000E+00,    0.0000000000E+00,    8.1006789090E+01
     88800,      0.676934,CP0_start,   1,    0.0000000000E+00,    8.1088338700E+01,    8.1088338700E+01,    0.0000000000E+00,    0.0000000000E+00,    0.0000000000E+00,    8.1088338700E+01
     88800,      0.676934,CP1_after_deposition,   1,    0.0000000000E+00,    8.1088338700E+01,    8.1088338700E+01,    0.0000000000E+00,    0.0000000000E+00,    0.0000000000E+00,    8.1088338700E+01
     88800,      0.676934,CP2_after_erosion,   1,    0.0000000000E+00,    8.1088338700E+01,    8.1088338700E+01,    0.0000000000E+00,    0.0000000000E+00,    0.0000000000E+00,    8.1088338700E+01
     88800,      0.676934,CP3_after_update_bottom,   1,    0.0000000000E+00,    8.1088338700E+01,    8.1088338700E+01,    0.0000000000E+00,    0.0000000000E+00,    0.0000000000E+00,    8.1088338700E+01
     88800,      0.676934,CP4_after_advection,   1,    0.0000000000E+00,    8.1087122217E+01,    8.1087122217E+01,    0.0000000000E+00,    0.0000000000E+00,    0.0000000000E+00,    8.1087122217E+01
     88800,      0.676934,CP5_after_vdif,   1,    0.0000000000E+00,    8.1087122217E+01,    8.1087122217E+01,    0.0000000000E+00,    0.0000000000E+00,    0.0000000000E+00,    8.1087122217E+01
     88800,      0.676934,CP6_after_kinetics,   1,    0.0000000000E+00,    8.1087122217E+01,    8.1087122217E+01,    0.0000000000E+00,    0.0000000000E+00,    0.0000000000E+00,    8.1087122217E+01
     88800,      0.676934,CP7_after_upper_clamp,   1,    0.0000000000E+00,    8.1087122217E+01,    8.1087122217E+01,    0.0000000000E+00,    0.0000000000E+00,    0.0000000000E+00,    8.1087122217E+01
     88800,      0.676934,CP8_after_OBC,   1,    0.0000000000E+00,    8.1087122217E+01,    8.1087122217E+01,    0.0000000000E+00,    0.0000000000E+00,    0.0000000000E+00,    8.1087122217E+01
     88800,      0.676934,CP9_after_PTsource,   1,    0.0000000000E+00,    8.1087122217E+01,    8.1087122217E+01,    0.0000000000E+00,    0.0000000000E+00,    0.0000000000E+00,    8.1087122217E+01
     88800,      0.676934,CP10_after_neg_clamp,   1,    0.0000000000E+00,    8.1087122217E+01,    8.1087122217E+01,    0.0000000000E+00,    0.0000000000E+00,    0.0000000000E+00,    8.1087122217E+01
     88800,      0.676934,CP11_after_MPI,   1,    0.0000000000E+00,    8.1087122217E+01,    8.1087122217E+01,    0.0000000000E+00,    0.0000000000E+00,    0.0000000000E+00,    8.1087122217E+01
     88800,      0.676934,CP12_end,   1,    0.0000000000E+00,    8.1087122217E+01,    8.1087122217E+01,    0.0000000000E+00,    0.0000000000E+00,    0.0000000000E+00,    8.1087122217E+01
     88850,      0.676934,CP0_start,   1,    0.0000000000E+00,    8.1168451774E+01,    8.1168451774E+01,    0.0000000000E+00,    0.0000000000E+00,    0.0000000000E+00,    8.1168451774E+01
     88850,      0.676934,CP1_after_deposition,   1,    0.0000000000E+00,    8.1168451774E+01,    8.1168451774E+01,    0.0000000000E+00,    0.0000000000E+00,    0.0000000000E+00,    8.1168451774E+01
     88850,      0.676934,CP2_after_erosion,   1,    0.0000000000E+00,    8.1168451774E+01,    8.1168451774E+01,    0.0000000000E+00,    0.0000000000E+00,    0.0000000000E+00,    8.1168451774E+01
     88850,      0.676934,CP3_after_update_bottom,   1,    0.0000000000E+00,    8.1168451774E+01,    8.1168451774E+01,    0.0000000000E+00,    0.0000000000E+00,    0.0000000000E+00,    8.1168451774E+01
     88850,      0.676934,CP4_after_advection,   1,    0.0000000000E+00,    8.1167117483E+01,    8.1167117483E+01,    0.0000000000E+00,    0.0000000000E+00,    0.0000000000E+00,    8.1167117483E+01
     88850,      0.676934,CP5_after_vdif,   1,    0.0000000000E+00,    8.1167117483E+01,    8.1167117483E+01,    0.0000000000E+00,    0.0000000000E+00,    0.0000000000E+00,    8.1167117483E+01
     88850,      0.676934,CP6_after_kinetics,   1,    0.0000000000E+00,    8.1167117483E+01,    8.1167117483E+01,    0.0000000000E+00,    0.0000000000E+00,    0.0000000000E+00,    8.1167117483E+01
     88850,      0.676934,CP7_after_upper_clamp,   1,    0.0000000000E+00,    8.1167117483E+01,    8.1167117483E+01,    0.0000000000E+00,    0.0000000000E+00,    0.0000000000E+00,    8.1167117483E+01
     88850,      0.676934,CP8_after_OBC,   1,    0.0000000000E+00,    8.1167117483E+01,    8.1167117483E+01,    0.0000000000E+00,    0.0000000000E+00,    0.0000000000E+00,    8.1167117483E+01
     88850,      0.676934,CP9_after_PTsource,   1,    0.0000000000E+00,    8.1167117483E+01,    8.1167117483E+01,    0.0000000000E+00,    0.0000000000E+00,    0.0000000000E+00,    8.1167117483E+01
     88850,      0.676934,CP10_after_neg_clamp,   1,    0.0000000000E+00,    8.1167117483E+01,    8.1167117483E+01,    0.0000000000E+00,    0.0000000000E+00,    0.0000000000E+00,    8.1167117483E+01
     88850,      0.676934,CP11_after_MPI,   1,    0.0000000000E+00,    8.1167117483E+01,    8.1167117483E+01,    0.0000000000E+00,    0.0000000000E+00,    0.0000000000E+00,    8.1167117483E+01
     88850,      0.676934,CP12_end,   1,    0.0000000000E+00,    8.1167117483E+01,    8.1167117483E+01,    0.0000000000E+00,    0.0000000000E+00,    0.0000000000E+00,    8.1167117483E+01
     88900,      0.676934,CP0_start,   1,    0.0000000000E+00,    8.1248131041E+01,    8.1248131041E+01,    0.0000000000E+00,    0.0000000000E+00,    0.0000000000E+00,    8.1248131041E+01
     88900,      0.676934,CP1_after_deposition,   1,    0.0000000000E+00,    8.1248131041E+01,    8.1248131041E+01,    0.0000000000E+00,    0.0000000000E+00,    0.0000000000E+00,    8.1248131041E+01
     88900,      0.676934,CP2_after_erosion,   1,    0.0000000000E+00,    8.1248131041E+01,    8.1248131041E+01,    0.0000000000E+00,    0.0000000000E+00,    0.0000000000E+00,    8.1248131041E+01
     88900,      0.676934,CP3_after_update_bottom,   1,    0.0000000000E+00,    8.1248131041E+01,    8.1248131041E+01,    0.0000000000E+00,    0.0000000000E+00,    0.0000000000E+00,    8.1248131041E+01
     88900,      0.676934,CP4_after_advection,   1,    0.0000000000E+00,    8.1246680430E+01,    8.1246680430E+01,    0.0000000000E+00,    0.0000000000E+00,    0.0000000000E+00,    8.1246680430E+01
     88900,      0.676934,CP5_after_vdif,   1,    0.0000000000E+00,    8.1246680430E+01,    8.1246680430E+01,    0.0000000000E+00,    0.0000000000E+00,    0.0000000000E+00,    8.1246680430E+01
     88900,      0.676934,CP6_after_kinetics,   1,    0.0000000000E+00,    8.1246680430E+01,    8.1246680430E+01,    0.0000000000E+00,    0.0000000000E+00,    0.0000000000E+00,    8.1246680430E+01
     88900,      0.676934,CP7_after_upper_clamp,   1,    0.0000000000E+00,    8.1246680430E+01,    8.1246680430E+01,    0.0000000000E+00,    0.0000000000E+00,    0.0000000000E+00,    8.1246680430E+01
     88900,      0.676934,CP8_after_OBC,   1,    0.0000000000E+00,    8.1246680430E+01,    8.1246680430E+01,    0.0000000000E+00,    0.0000000000E+00,    0.0000000000E+00,    8.1246680430E+01
     88900,      0.676934,CP9_after_PTsource,   1,    0.0000000000E+00,    8.1246680430E+01,    8.1246680430E+01,    0.0000000000E+00,    0.0000000000E+00,    0.0000000000E+00,    8.1246680430E+01
     88900,      0.676934,CP10_after_neg_clamp,   1,    0.0000000000E+00,    8.1246680430E+01,    8.1246680430E+01,    0.0000000000E+00,    0.0000000000E+00,    0.0000000000E+00,    8.1246680430E+01
     88900,      0.676934,CP11_after_MPI,   1,    0.0000000000E+00,    8.1246680430E+01,    8.1246680430E+01,    0.0000000000E+00,    0.0000000000E+00,    0.0000000000E+00,    8.1246680430E+01
     88900,      0.676934,CP12_end,   1,    0.0000000000E+00,    8.1246680430E+01,    8.1246680430E+01,    0.0000000000E+00,    0.0000000000E+00,    0.0000000000E+00,    8.1246680430E+01
     88950,      0.676934,CP0_start,   1,    0.0000000000E+00,    8.1327371316E+01,    8.1327371316E+01,    0.0000000000E+00,    0.0000000000E+00,    0.0000000000E+00,    8.1327371316E+01
     88950,      0.676934,CP1_after_deposition,   1,    0.0000000000E+00,    8.1327371316E+01,    8.1327371316E+01,    0.0000000000E+00,    0.0000000000E+00,    0.0000000000E+00,    8.1327371316E+01
     88950,      0.676934,CP2_after_erosion,   1,    0.0000000000E+00,    8.1327371316E+01,    8.1327371316E+01,    0.0000000000E+00,    0.0000000000E+00,    0.0000000000E+00,    8.1327371316E+01
     88950,      0.676934,CP3_after_update_bottom,   1,    0.0000000000E+00,    8.1327371316E+01,    8.1327371316E+01,    0.0000000000E+00,    0.0000000000E+00,    0.0000000000E+00,    8.1327371316E+01
     88950,      0.676934,CP4_after_advection,   1,    0.0000000000E+00,    8.1325807191E+01,    8.1325807191E+01,    0.0000000000E+00,    0.0000000000E+00,    0.0000000000E+00,    8.1325807191E+01
     88950,      0.676934,CP5_after_vdif,   1,    0.0000000000E+00,    8.1325807191E+01,    8.1325807191E+01,    0.0000000000E+00,    0.0000000000E+00,    0.0000000000E+00,    8.1325807191E+01
     88950,      0.676934,CP6_after_kinetics,   1,    0.0000000000E+00,    8.1325807191E+01,    8.1325807191E+01,    0.0000000000E+00,    0.0000000000E+00,    0.0000000000E+00,    8.1325807191E+01
     88950,      0.676934,CP7_after_upper_clamp,   1,    0.0000000000E+00,    8.1325807191E+01,    8.1325807191E+01,    0.0000000000E+00,    0.0000000000E+00,    0.0000000000E+00,    8.1325807191E+01
     88950,      0.676934,CP8_after_OBC,   1,    0.0000000000E+00,    8.1325807191E+01,    8.1325807191E+01,    0.0000000000E+00,    0.0000000000E+00,    0.0000000000E+00,    8.1325807191E+01
     88950,      0.676934,CP9_after_PTsource,   1,    0.0000000000E+00,    8.1325807191E+01,    8.1325807191E+01,    0.0000000000E+00,    0.0000000000E+00,    0.0000000000E+00,    8.1325807191E+01
     88950,      0.676934,CP10_after_neg_clamp,   1,    0.0000000000E+00,    8.1325807191E+01,    8.1325807191E+01,    0.0000000000E+00,    0.0000000000E+00,    0.0000000000E+00,    8.1325807191E+01
     88950,      0.676934,CP11_after_MPI,   1,    0.0000000000E+00,    8.1325807191E+01,    8.1325807191E+01,    0.0000000000E+00,    0.0000000000E+00,    0.0000000000E+00,    8.1325807191E+01
     88950,      0.676934,CP12_end,   1,    0.0000000000E+00,    8.1325807191E+01,    8.1325807191E+01,    0.0000000000E+00,    0.0000000000E+00,    0.0000000000E+00,    8.1325807191E+01
     89000,      0.676934,CP0_start,   1,    0.0000000000E+00,    8.1406108255E+01,    8.1406108255E+01,    0.0000000000E+00,    0.0000000000E+00,    0.0000000000E+00,    8.1406108255E+01
     89000,      0.676934,CP1_after_deposition,   1,    0.0000000000E+00,    8.1406108255E+01,    8.1406108255E+01,    0.0000000000E+00,    0.0000000000E+00,    0.0000000000E+00,    8.1406108255E+01
     89000,      0.676934,CP2_after_erosion,   1,    0.0000000000E+00,    8.1406108255E+01,    8.1406108255E+01,    0.0000000000E+00,    0.0000000000E+00,    0.0000000000E+00,    8.1406108255E+01
     89000,      0.676934,CP3_after_update_bottom,   1,    0.0000000000E+00,    8.1406108255E+01,    8.1406108255E+01,    0.0000000000E+00,    0.0000000000E+00,    0.0000000000E+00,    8.1406108255E+01
     89000,      0.676934,CP4_after_advection,   1,    0.0000000000E+00,    8.1404429163E+01,    8.1404429163E+01,    0.0000000000E+00,    0.0000000000E+00,    0.0000000000E+00,    8.1404429163E+01
     89000,      0.676934,CP5_after_vdif,   1,    0.0000000000E+00,    8.1404429163E+01,    8.1404429163E+01,    0.0000000000E+00,    0.0000000000E+00,    0.0000000000E+00,    8.1404429163E+01
     89000,      0.676934,CP6_after_kinetics,   1,    0.0000000000E+00,    8.1404429163E+01,    8.1404429163E+01,    0.0000000000E+00,    0.0000000000E+00,    0.0000000000E+00,    8.1404429163E+01
     89000,      0.676934,CP7_after_upper_clamp,   1,    0.0000000000E+00,    8.1404429163E+01,    8.1404429163E+01,    0.0000000000E+00,    0.0000000000E+00,    0.0000000000E+00,    8.1404429163E+01
     89000,      0.676934,CP8_after_OBC,   1,    0.0000000000E+00,    8.1404429163E+01,    8.1404429163E+01,    0.0000000000E+00,    0.0000000000E+00,    0.0000000000E+00,    8.1404429163E+01
     89000,      0.676934,CP9_after_PTsource,   1,    0.0000000000E+00,    8.1404429163E+01,    8.1404429163E+01,    0.0000000000E+00,    0.0000000000E+00,    0.0000000000E+00,    8.1404429163E+01
     89000,      0.676934,CP10_after_neg_clamp,   1,    0.0000000000E+00,    8.1404429163E+01,    8.1404429163E+01,    0.0000000000E+00,    0.0000000000E+00,    0.0000000000E+00,    8.1404429163E+01
     89000,      0.676934,CP11_after_MPI,   1,    0.0000000000E+00,    8.1404429163E+01,    8.1404429163E+01,    0.0000000000E+00,    0.0000000000E+00,    0.0000000000E+00,    8.1404429163E+01
     89000,      0.676934,CP12_end,   1,    0.0000000000E+00,    8.1404429163E+01,    8.1404429163E+01,    0.0000000000E+00,    0.0000000000E+00,    0.0000000000E+00,    8.1404429163E+01
     89050,      0.676934,CP0_start,   1,    0.0000000000E+00,    8.1484094015E+01,    8.1484094015E+01,    0.0000000000E+00,    0.0000000000E+00,    0.0000000000E+00,    8.1484094015E+01
     89050,      0.676934,CP1_after_deposition,   1,    0.0000000000E+00,    8.1484094015E+01,    8.1484094015E+01,    0.0000000000E+00,    0.0000000000E+00,    0.0000000000E+00,    8.1484094015E+01
     89050,      0.676934,CP2_after_erosion,   1,    0.0000000000E+00,    8.1484094015E+01,    8.1484094015E+01,    0.0000000000E+00,    0.0000000000E+00,    0.0000000000E+00,    8.1484094015E+01
     89050,      0.676934,CP3_after_update_bottom,   1,    0.0000000000E+00,    8.1484094015E+01,    8.1484094015E+01,    0.0000000000E+00,    0.0000000000E+00,    0.0000000000E+00,    8.1484094015E+01
     89050,      0.676934,CP4_after_advection,   1,    0.0000000000E+00,    8.1482296814E+01,    8.1482296814E+01,    0.0000000000E+00,    0.0000000000E+00,    0.0000000000E+00,    8.1482296814E+01
     89050,      0.676934,CP5_after_vdif,   1,    0.0000000000E+00,    8.1482296814E+01,    8.1482296814E+01,    0.0000000000E+00,    0.0000000000E+00,    0.0000000000E+00,    8.1482296814E+01
     89050,      0.676934,CP6_after_kinetics,   1,    0.0000000000E+00,    8.1482296814E+01,    8.1482296814E+01,    0.0000000000E+00,    0.0000000000E+00,    0.0000000000E+00,    8.1482296814E+01
     89050,      0.676934,CP7_after_upper_clamp,   1,    0.0000000000E+00,    8.1482296814E+01,    8.1482296814E+01,    0.0000000000E+00,    0.0000000000E+00,    0.0000000000E+00,    8.1482296814E+01
     89050,      0.676934,CP8_after_OBC,   1,    0.0000000000E+00,    8.1482296814E+01,    8.1482296814E+01,    0.0000000000E+00,    0.0000000000E+00,    0.0000000000E+00,    8.1482296814E+01
     89050,      0.676934,CP9_after_PTsource,   1,    0.0000000000E+00,    8.1482296814E+01,    8.1482296814E+01,    0.0000000000E+00,    0.0000000000E+00,    0.0000000000E+00,    8.1482296814E+01
     89050,      0.676934,CP10_after_neg_clamp,   1,    0.0000000000E+00,    8.1482296814E+01,    8.1482296814E+01,    0.0000000000E+00,    0.0000000000E+00,    0.0000000000E+00,    8.1482296814E+01
     89050,      0.676934,CP11_after_MPI,   1,    0.0000000000E+00,    8.1482296814E+01,    8.1482296814E+01,    0.0000000000E+00,    0.0000000000E+00,    0.0000000000E+00,    8.1482296814E+01
     89050,      0.676934,CP12_end,   1,    0.0000000000E+00,    8.1482296814E+01,    8.1482296814E+01,    0.0000000000E+00,    0.0000000000E+00,    0.0000000000E+00,    8.1482296814E+01
     89100,      0.676934,CP0_start,   1,    0.0000000000E+00,    8.1561093245E+01,    8.1561093245E+01,    0.0000000000E+00,    0.0000000000E+00,    0.0000000000E+00,    8.1561093245E+01
     89100,      0.676934,CP1_after_deposition,   1,    0.0000000000E+00,    8.1561093245E+01,    8.1561093245E+01,    0.0000000000E+00,    0.0000000000E+00,    0.0000000000E+00,    8.1561093245E+01
     89100,      0.676934,CP2_after_erosion,   1,    0.0000000000E+00,    8.1561093245E+01,    8.1561093245E+01,    0.0000000000E+00,    0.0000000000E+00,    0.0000000000E+00,    8.1561093245E+01
     89100,      0.676934,CP3_after_update_bottom,   1,    0.0000000000E+00,    8.1561093245E+01,    8.1561093245E+01,    0.0000000000E+00,    0.0000000000E+00,    0.0000000000E+00,    8.1561093245E+01
     89100,      0.676934,CP4_after_advection,   1,    0.0000000000E+00,    8.1559181111E+01,    8.1559181111E+01,    0.0000000000E+00,    0.0000000000E+00,    0.0000000000E+00,    8.1559181111E+01
     89100,      0.676934,CP5_after_vdif,   1,    0.0000000000E+00,    8.1559181111E+01,    8.1559181111E+01,    0.0000000000E+00,    0.0000000000E+00,    0.0000000000E+00,    8.1559181111E+01
     89100,      0.676934,CP6_after_kinetics,   1,    0.0000000000E+00,    8.1559181111E+01,    8.1559181111E+01,    0.0000000000E+00,    0.0000000000E+00,    0.0000000000E+00,    8.1559181111E+01
     89100,      0.676934,CP7_after_upper_clamp,   1,    0.0000000000E+00,    8.1559181111E+01,    8.1559181111E+01,    0.0000000000E+00,    0.0000000000E+00,    0.0000000000E+00,    8.1559181111E+01
     89100,      0.676934,CP8_after_OBC,   1,    0.0000000000E+00,    8.1559181111E+01,    8.1559181111E+01,    0.0000000000E+00,    0.0000000000E+00,    0.0000000000E+00,    8.1559181111E+01
     89100,      0.676934,CP9_after_PTsource,   1,    0.0000000000E+00,    8.1559181111E+01,    8.1559181111E+01,    0.0000000000E+00,    0.0000000000E+00,    0.0000000000E+00,    8.1559181111E+01
     89100,      0.676934,CP10_after_neg_clamp,   1,    0.0000000000E+00,    8.1559181111E+01,    8.1559181111E+01,    0.0000000000E+00,    0.0000000000E+00,    0.0000000000E+00,    8.1559181111E+01
     89100,      0.676934,CP11_after_MPI,   1,    0.0000000000E+00,    8.1559181111E+01,    8.1559181111E+01,    0.0000000000E+00,    0.0000000000E+00,    0.0000000000E+00,    8.1559181111E+01
     89100,      0.676934,CP12_end,   1,    0.0000000000E+00,    8.1559181111E+01,    8.1559181111E+01,    0.0000000000E+00,    0.0000000000E+00,    0.0000000000E+00,    8.1559181111E+01
     89150,      0.676934,CP0_start,   1,    0.0000000000E+00,    8.1636716887E+01,    8.1636716887E+01,    0.0000000000E+00,    0.0000000000E+00,    0.0000000000E+00,    8.1636716887E+01
     89150,      0.676934,CP1_after_deposition,   1,    0.0000000000E+00,    8.1636716887E+01,    8.1636716887E+01,    0.0000000000E+00,    0.0000000000E+00,    0.0000000000E+00,    8.1636716887E+01
     89150,      0.676934,CP2_after_erosion,   1,    0.0000000000E+00,    8.1636716887E+01,    8.1636716887E+01,    0.0000000000E+00,    0.0000000000E+00,    0.0000000000E+00,    8.1636716887E+01
     89150,      0.676934,CP3_after_update_bottom,   1,    0.0000000000E+00,    8.1636716887E+01,    8.1636716887E+01,    0.0000000000E+00,    0.0000000000E+00,    0.0000000000E+00,    8.1636716887E+01
     89150,      0.676934,CP4_after_advection,   1,    0.0000000000E+00,    8.1634701672E+01,    8.1634701672E+01,    0.0000000000E+00,    0.0000000000E+00,    0.0000000000E+00,    8.1634701672E+01
     89150,      0.676934,CP5_after_vdif,   1,    0.0000000000E+00,    8.1634701672E+01,    8.1634701672E+01,    0.0000000000E+00,    0.0000000000E+00,    0.0000000000E+00,    8.1634701672E+01
     89150,      0.676934,CP6_after_kinetics,   1,    0.0000000000E+00,    8.1634701672E+01,    8.1634701672E+01,    0.0000000000E+00,    0.0000000000E+00,    0.0000000000E+00,    8.1634701672E+01
     89150,      0.676934,CP7_after_upper_clamp,   1,    0.0000000000E+00,    8.1634701672E+01,    8.1634701672E+01,    0.0000000000E+00,    0.0000000000E+00,    0.0000000000E+00,    8.1634701672E+01
     89150,      0.676934,CP8_after_OBC,   1,    0.0000000000E+00,    8.1634701672E+01,    8.1634701672E+01,    0.0000000000E+00,    0.0000000000E+00,    0.0000000000E+00,    8.1634701672E+01
     89150,      0.676934,CP9_after_PTsource,   1,    0.0000000000E+00,    8.1634701672E+01,    8.1634701672E+01,    0.0000000000E+00,    0.0000000000E+00,    0.0000000000E+00,    8.1634701672E+01
     89150,      0.676934,CP10_after_neg_clamp,   1,    0.0000000000E+00,    8.1634701672E+01,    8.1634701672E+01,    0.0000000000E+00,    0.0000000000E+00,    0.0000000000E+00,    8.1634701672E+01
     89150,      0.676934,CP11_after_MPI,   1,    0.0000000000E+00,    8.1634701672E+01,    8.1634701672E+01,    0.0000000000E+00,    0.0000000000E+00,    0.0000000000E+00,    8.1634701672E+01
     89150,      0.676934,CP12_end,   1,    0.0000000000E+00,    8.1634701672E+01,    8.1634701672E+01,    0.0000000000E+00,    0.0000000000E+00,    0.0000000000E+00,    8.1634701672E+01
     89200,      0.676934,CP0_start,   1,    0.0000000000E+00,    8.1712049844E+01,    8.1712049844E+01,    0.0000000000E+00,    0.0000000000E+00,    0.0000000000E+00,    8.1712049844E+01
     89200,      0.676934,CP1_after_deposition,   1,    0.0000000000E+00,    8.1712049844E+01,    8.1712049844E+01,    0.0000000000E+00,    0.0000000000E+00,    0.0000000000E+00,    8.1712049844E+01
     89200,      0.676934,CP2_after_erosion,   1,    0.0000000000E+00,    8.1712049844E+01,    8.1712049844E+01,    0.0000000000E+00,    0.0000000000E+00,    0.0000000000E+00,    8.1712049844E+01
     89200,      0.676934,CP3_after_update_bottom,   1,    0.0000000000E+00,    8.1712049844E+01,    8.1712049844E+01,    0.0000000000E+00,    0.0000000000E+00,    0.0000000000E+00,    8.1712049844E+01
     89200,      0.676934,CP4_after_advection,   1,    0.0000000000E+00,    8.1709946529E+01,    8.1709946529E+01,    0.0000000000E+00,    0.0000000000E+00,    0.0000000000E+00,    8.1709946529E+01
     89200,      0.676934,CP5_after_vdif,   1,    0.0000000000E+00,    8.1709946529E+01,    8.1709946529E+01,    0.0000000000E+00,    0.0000000000E+00,    0.0000000000E+00,    8.1709946529E+01
     89200,      0.676934,CP6_after_kinetics,   1,    0.0000000000E+00,    8.1709946529E+01,    8.1709946529E+01,    0.0000000000E+00,    0.0000000000E+00,    0.0000000000E+00,    8.1709946529E+01
     89200,      0.676934,CP7_after_upper_clamp,   1,    0.0000000000E+00,    8.1709946529E+01,    8.1709946529E+01,    0.0000000000E+00,    0.0000000000E+00,    0.0000000000E+00,    8.1709946529E+01
     89200,      0.676934,CP8_after_OBC,   1,    0.0000000000E+00,    8.1709946529E+01,    8.1709946529E+01,    0.0000000000E+00,    0.0000000000E+00,    0.0000000000E+00,    8.1709946529E+01
     89200,      0.676934,CP9_after_PTsource,   1,    0.0000000000E+00,    8.1709946529E+01,    8.1709946529E+01,    0.0000000000E+00,    0.0000000000E+00,    0.0000000000E+00,    8.1709946529E+01
     89200,      0.676934,CP10_after_neg_clamp,   1,    0.0000000000E+00,    8.1709946529E+01,    8.1709946529E+01,    0.0000000000E+00,    0.0000000000E+00,    0.0000000000E+00,    8.1709946529E+01
     89200,      0.676934,CP11_after_MPI,   1,    0.0000000000E+00,    8.1709946529E+01,    8.1709946529E+01,    0.0000000000E+00,    0.0000000000E+00,    0.0000000000E+00,    8.1709946529E+01
     89200,      0.676934,CP12_end,   1,    0.0000000000E+00,    8.1709946529E+01,    8.1709946529E+01,    0.0000000000E+00,    0.0000000000E+00,    0.0000000000E+00,    8.1709946529E+01
     89250,      0.676934,CP0_start,   1,    0.0000000000E+00,    8.1787668355E+01,    8.1787668355E+01,    0.0000000000E+00,    0.0000000000E+00,    0.0000000000E+00,    8.1787668355E+01
     89250,      0.676934,CP1_after_deposition,   1,    0.0000000000E+00,    8.1787668355E+01,    8.1787668355E+01,    0.0000000000E+00,    0.0000000000E+00,    0.0000000000E+00,    8.1787668355E+01
     89250,      0.676934,CP2_after_erosion,   1,    0.0000000000E+00,    8.1787668355E+01,    8.1787668355E+01,    0.0000000000E+00,    0.0000000000E+00,    0.0000000000E+00,    8.1787668355E+01
     89250,      0.676934,CP3_after_update_bottom,   1,    0.0000000000E+00,    8.1787668355E+01,    8.1787668355E+01,    0.0000000000E+00,    0.0000000000E+00,    0.0000000000E+00,    8.1787668355E+01
     89250,      0.676934,CP4_after_advection,   1,    0.0000000000E+00,    8.1785492347E+01,    8.1785492347E+01,    0.0000000000E+00,    0.0000000000E+00,    0.0000000000E+00,    8.1785492347E+01
     89250,      0.676934,CP5_after_vdif,   1,    0.0000000000E+00,    8.1785492347E+01,    8.1785492347E+01,    0.0000000000E+00,    0.0000000000E+00,    0.0000000000E+00,    8.1785492347E+01
     89250,      0.676934,CP6_after_kinetics,   1,    0.0000000000E+00,    8.1785492347E+01,    8.1785492347E+01,    0.0000000000E+00,    0.0000000000E+00,    0.0000000000E+00,    8.1785492347E+01
     89250,      0.676934,CP7_after_upper_clamp,   1,    0.0000000000E+00,    8.1785492347E+01,    8.1785492347E+01,    0.0000000000E+00,    0.0000000000E+00,    0.0000000000E+00,    8.1785492347E+01
     89250,      0.676934,CP8_after_OBC,   1,    0.0000000000E+00,    8.1785492347E+01,    8.1785492347E+01,    0.0000000000E+00,    0.0000000000E+00,    0.0000000000E+00,    8.1785492347E+01
     89250,      0.676934,CP9_after_PTsource,   1,    0.0000000000E+00,    8.1785492347E+01,    8.1785492347E+01,    0.0000000000E+00,    0.0000000000E+00,    0.0000000000E+00,    8.1785492347E+01
     89250,      0.676934,CP10_after_neg_clamp,   1,    0.0000000000E+00,    8.1785492347E+01,    8.1785492347E+01,    0.0000000000E+00,    0.0000000000E+00,    0.0000000000E+00,    8.1785492347E+01
     89250,      0.676934,CP11_after_MPI,   1,    0.0000000000E+00,    8.1785492347E+01,    8.1785492347E+01,    0.0000000000E+00,    0.0000000000E+00,    0.0000000000E+00,    8.1785492347E+01
     89250,      0.676934,CP12_end,   1,    0.0000000000E+00,    8.1785492347E+01,    8.1785492347E+01,    0.0000000000E+00,    0.0000000000E+00,    0.0000000000E+00,    8.1785492347E+01
     89300,      0.676934,CP0_start,   1,    0.0000000000E+00,    8.1863943726E+01,    8.1863943726E+01,    0.0000000000E+00,    0.0000000000E+00,    0.0000000000E+00,    8.1863943726E+01
     89300,      0.676934,CP1_after_deposition,   1,    0.0000000000E+00,    8.1863943726E+01,    8.1863943726E+01,    0.0000000000E+00,    0.0000000000E+00,    0.0000000000E+00,    8.1863943726E+01
     89300,      0.676934,CP2_after_erosion,   1,    0.0000000000E+00,    8.1863943726E+01,    8.1863943726E+01,    0.0000000000E+00,    0.0000000000E+00,    0.0000000000E+00,    8.1863943726E+01
     89300,      0.676934,CP3_after_update_bottom,   1,    0.0000000000E+00,    8.1863943726E+01,    8.1863943726E+01,    0.0000000000E+00,    0.0000000000E+00,    0.0000000000E+00,    8.1863943726E+01
     89300,      0.676934,CP4_after_advection,   1,    0.0000000000E+00,    8.1861704104E+01,    8.1861704104E+01,    0.0000000000E+00,    0.0000000000E+00,    0.0000000000E+00,    8.1861704104E+01
     89300,      0.676934,CP5_after_vdif,   1,    0.0000000000E+00,    8.1861704104E+01,    8.1861704104E+01,    0.0000000000E+00,    0.0000000000E+00,    0.0000000000E+00,    8.1861704104E+01
     89300,      0.676934,CP6_after_kinetics,   1,    0.0000000000E+00,    8.1861704104E+01,    8.1861704104E+01,    0.0000000000E+00,    0.0000000000E+00,    0.0000000000E+00,    8.1861704104E+01
     89300,      0.676934,CP7_after_upper_clamp,   1,    0.0000000000E+00,    8.1861704104E+01,    8.1861704104E+01,    0.0000000000E+00,    0.0000000000E+00,    0.0000000000E+00,    8.1861704104E+01
     89300,      0.676934,CP8_after_OBC,   1,    0.0000000000E+00,    8.1861704104E+01,    8.1861704104E+01,    0.0000000000E+00,    0.0000000000E+00,    0.0000000000E+00,    8.1861704104E+01
     89300,      0.676934,CP9_after_PTsource,   1,    0.0000000000E+00,    8.1861704104E+01,    8.1861704104E+01,    0.0000000000E+00,    0.0000000000E+00,    0.0000000000E+00,    8.1861704104E+01
     89300,      0.676934,CP10_after_neg_clamp,   1,    0.0000000000E+00,    8.1861704104E+01,    8.1861704104E+01,    0.0000000000E+00,    0.0000000000E+00,    0.0000000000E+00,    8.1861704104E+01
     89300,      0.676934,CP11_after_MPI,   1,    0.0000000000E+00,    8.1861704104E+01,    8.1861704104E+01,    0.0000000000E+00,    0.0000000000E+00,    0.0000000000E+00,    8.1861704104E+01
     89300,      0.676934,CP12_end,   1,    0.0000000000E+00,    8.1861704104E+01,    8.1861704104E+01,    0.0000000000E+00,    0.0000000000E+00,    0.0000000000E+00,    8.1861704104E+01
     89350,      0.676934,CP0_start,   1,    0.0000000000E+00,    8.1941010849E+01,    8.1941010849E+01,    0.0000000000E+00,    0.0000000000E+00,    0.0000000000E+00,    8.1941010849E+01
     89350,      0.676934,CP1_after_deposition,   1,    0.0000000000E+00,    8.1941010849E+01,    8.1941010849E+01,    0.0000000000E+00,    0.0000000000E+00,    0.0000000000E+00,    8.1941010849E+01
     89350,      0.676934,CP2_after_erosion,   1,    0.0000000000E+00,    8.1941010849E+01,    8.1941010849E+01,    0.0000000000E+00,    0.0000000000E+00,    0.0000000000E+00,    8.1941010849E+01
     89350,      0.676934,CP3_after_update_bottom,   1,    0.0000000000E+00,    8.1941010849E+01,    8.1941010849E+01,    0.0000000000E+00,    0.0000000000E+00,    0.0000000000E+00,    8.1941010849E+01
     89350,      0.676934,CP4_after_advection,   1,    0.0000000000E+00,    8.1938710267E+01,    8.1938710267E+01,    0.0000000000E+00,    0.0000000000E+00,    0.0000000000E+00,    8.1938710267E+01
     89350,      0.676934,CP5_after_vdif,   1,    0.0000000000E+00,    8.1938710267E+01,    8.1938710267E+01,    0.0000000000E+00,    0.0000000000E+00,    0.0000000000E+00,    8.1938710267E+01
     89350,      0.676934,CP6_after_kinetics,   1,    0.0000000000E+00,    8.1938710267E+01,    8.1938710267E+01,    0.0000000000E+00,    0.0000000000E+00,    0.0000000000E+00,    8.1938710267E+01
     89350,      0.676934,CP7_after_upper_clamp,   1,    0.0000000000E+00,    8.1938710267E+01,    8.1938710267E+01,    0.0000000000E+00,    0.0000000000E+00,    0.0000000000E+00,    8.1938710267E+01
     89350,      0.676934,CP8_after_OBC,   1,    0.0000000000E+00,    8.1938710267E+01,    8.1938710267E+01,    0.0000000000E+00,    0.0000000000E+00,    0.0000000000E+00,    8.1938710267E+01
     89350,      0.676934,CP9_after_PTsource,   1,    0.0000000000E+00,    8.1938710267E+01,    8.1938710267E+01,    0.0000000000E+00,    0.0000000000E+00,    0.0000000000E+00,    8.1938710267E+01
     89350,      0.676934,CP10_after_neg_clamp,   1,    0.0000000000E+00,    8.1938710267E+01,    8.1938710267E+01,    0.0000000000E+00,    0.0000000000E+00,    0.0000000000E+00,    8.1938710267E+01
     89350,      0.676934,CP11_after_MPI,   1,    0.0000000000E+00,    8.1938710267E+01,    8.1938710267E+01,    0.0000000000E+00,    0.0000000000E+00,    0.0000000000E+00,    8.1938710267E+01
     89350,      0.676934,CP12_end,   1,    0.0000000000E+00,    8.1938710267E+01,    8.1938710267E+01,    0.0000000000E+00,    0.0000000000E+00,    0.0000000000E+00,    8.1938710267E+01
     89400,      0.676934,CP0_start,   1,    0.0000000000E+00,    8.2018691643E+01,    8.2018691643E+01,    0.0000000000E+00,    0.0000000000E+00,    0.0000000000E+00,    8.2018691643E+01
     89400,      0.676934,CP1_after_deposition,   1,    0.0000000000E+00,    8.2018691643E+01,    8.2018691643E+01,    0.0000000000E+00,    0.0000000000E+00,    0.0000000000E+00,    8.2018691643E+01
     89400,      0.676934,CP2_after_erosion,   1,    0.0000000000E+00,    8.2018691643E+01,    8.2018691643E+01,    0.0000000000E+00,    0.0000000000E+00,    0.0000000000E+00,    8.2018691643E+01
     89400,      0.676934,CP3_after_update_bottom,   1,    0.0000000000E+00,    8.2018691643E+01,    8.2018691643E+01,    0.0000000000E+00,    0.0000000000E+00,    0.0000000000E+00,    8.2018691643E+01
     89400,      0.676934,CP4_after_advection,   1,    0.0000000000E+00,    8.2016333422E+01,    8.2016333422E+01,    0.0000000000E+00,    0.0000000000E+00,    0.0000000000E+00,    8.2016333422E+01
     89400,      0.676934,CP5_after_vdif,   1,    0.0000000000E+00,    8.2016333422E+01,    8.2016333422E+01,    0.0000000000E+00,    0.0000000000E+00,    0.0000000000E+00,    8.2016333422E+01
     89400,      0.676934,CP6_after_kinetics,   1,    0.0000000000E+00,    8.2016333422E+01,    8.2016333422E+01,    0.0000000000E+00,    0.0000000000E+00,    0.0000000000E+00,    8.2016333422E+01
     89400,      0.676934,CP7_after_upper_clamp,   1,    0.0000000000E+00,    8.2016333422E+01,    8.2016333422E+01,    0.0000000000E+00,    0.0000000000E+00,    0.0000000000E+00,    8.2016333422E+01
     89400,      0.676934,CP8_after_OBC,   1,    0.0000000000E+00,    8.2016333422E+01,    8.2016333422E+01,    0.0000000000E+00,    0.0000000000E+00,    0.0000000000E+00,    8.2016333422E+01
     89400,      0.676934,CP9_after_PTsource,   1,    0.0000000000E+00,    8.2016333422E+01,    8.2016333422E+01,    0.0000000000E+00,    0.0000000000E+00,    0.0000000000E+00,    8.2016333422E+01
     89400,      0.676934,CP10_after_neg_clamp,   1,    0.0000000000E+00,    8.2016333422E+01,    8.2016333422E+01,    0.0000000000E+00,    0.0000000000E+00,    0.0000000000E+00,    8.2016333422E+01
     89400,      0.676934,CP11_after_MPI,   1,    0.0000000000E+00,    8.2016333422E+01,    8.2016333422E+01,    0.0000000000E+00,    0.0000000000E+00,    0.0000000000E+00,    8.2016333422E+01
     89400,      0.676934,CP12_end,   1,    0.0000000000E+00,    8.2016333422E+01,    8.2016333422E+01,    0.0000000000E+00,    0.0000000000E+00,    0.0000000000E+00,    8.2016333422E+01
     89450,      0.676934,CP0_start,   1,    0.0000000000E+00,    8.2097077487E+01,    8.2097077487E+01,    0.0000000000E+00,    0.0000000000E+00,    0.0000000000E+00,    8.2097077487E+01
     89450,      0.676934,CP1_after_deposition,   1,    0.0000000000E+00,    8.2097077487E+01,    8.2097077487E+01,    0.0000000000E+00,    0.0000000000E+00,    0.0000000000E+00,    8.2097077487E+01
     89450,      0.676934,CP2_after_erosion,   1,    0.0000000000E+00,    8.2097077487E+01,    8.2097077487E+01,    0.0000000000E+00,    0.0000000000E+00,    0.0000000000E+00,    8.2097077487E+01
     89450,      0.676934,CP3_after_update_bottom,   1,    0.0000000000E+00,    8.2097077487E+01,    8.2097077487E+01,    0.0000000000E+00,    0.0000000000E+00,    0.0000000000E+00,    8.2097077487E+01
     89450,      0.676934,CP4_after_advection,   1,    0.0000000000E+00,    8.2094669233E+01,    8.2094669233E+01,    0.0000000000E+00,    0.0000000000E+00,    0.0000000000E+00,    8.2094669233E+01
     89450,      0.676934,CP5_after_vdif,   1,    0.0000000000E+00,    8.2094669233E+01,    8.2094669233E+01,    0.0000000000E+00,    0.0000000000E+00,    0.0000000000E+00,    8.2094669233E+01
     89450,      0.676934,CP6_after_kinetics,   1,    0.0000000000E+00,    8.2094669233E+01,    8.2094669233E+01,    0.0000000000E+00,    0.0000000000E+00,    0.0000000000E+00,    8.2094669233E+01
     89450,      0.676934,CP7_after_upper_clamp,   1,    0.0000000000E+00,    8.2094669233E+01,    8.2094669233E+01,    0.0000000000E+00,    0.0000000000E+00,    0.0000000000E+00,    8.2094669233E+01
     89450,      0.676934,CP8_after_OBC,   1,    0.0000000000E+00,    8.2094669233E+01,    8.2094669233E+01,    0.0000000000E+00,    0.0000000000E+00,    0.0000000000E+00,    8.2094669233E+01
     89450,      0.676934,CP9_after_PTsource,   1,    0.0000000000E+00,    8.2094669233E+01,    8.2094669233E+01,    0.0000000000E+00,    0.0000000000E+00,    0.0000000000E+00,    8.2094669233E+01
     89450,      0.676934,CP10_after_neg_clamp,   1,    0.0000000000E+00,    8.2094669233E+01,    8.2094669233E+01,    0.0000000000E+00,    0.0000000000E+00,    0.0000000000E+00,    8.2094669233E+01
     89450,      0.676934,CP11_after_MPI,   1,    0.0000000000E+00,    8.2094669233E+01,    8.2094669233E+01,    0.0000000000E+00,    0.0000000000E+00,    0.0000000000E+00,    8.2094669233E+01
     89450,      0.676934,CP12_end,   1,    0.0000000000E+00,    8.2094669233E+01,    8.2094669233E+01,    0.0000000000E+00,    0.0000000000E+00,    0.0000000000E+00,    8.2094669233E+01
     89500,      0.676934,CP0_start,   1,    0.0000000000E+00,    8.2176326666E+01,    8.2176326666E+01,    0.0000000000E+00,    0.0000000000E+00,    0.0000000000E+00,    8.2176326666E+01
     89500,      0.676934,CP1_after_deposition,   1,    0.0000000000E+00,    8.2176326666E+01,    8.2176326666E+01,    0.0000000000E+00,    0.0000000000E+00,    0.0000000000E+00,    8.2176326666E+01
     89500,      0.676934,CP2_after_erosion,   1,    0.0000000000E+00,    8.2176326666E+01,    8.2176326666E+01,    0.0000000000E+00,    0.0000000000E+00,    0.0000000000E+00,    8.2176326666E+01
     89500,      0.676934,CP3_after_update_bottom,   1,    0.0000000000E+00,    8.2176326666E+01,    8.2176326666E+01,    0.0000000000E+00,    0.0000000000E+00,    0.0000000000E+00,    8.2176326666E+01
     89500,      0.676934,CP4_after_advection,   1,    0.0000000000E+00,    8.2173874947E+01,    8.2173874947E+01,    0.0000000000E+00,    0.0000000000E+00,    0.0000000000E+00,    8.2173874947E+01
     89500,      0.676934,CP5_after_vdif,   1,    0.0000000000E+00,    8.2173874947E+01,    8.2173874947E+01,    0.0000000000E+00,    0.0000000000E+00,    0.0000000000E+00,    8.2173874947E+01
     89500,      0.676934,CP6_after_kinetics,   1,    0.0000000000E+00,    8.2173874947E+01,    8.2173874947E+01,    0.0000000000E+00,    0.0000000000E+00,    0.0000000000E+00,    8.2173874947E+01
     89500,      0.676934,CP7_after_upper_clamp,   1,    0.0000000000E+00,    8.2173874947E+01,    8.2173874947E+01,    0.0000000000E+00,    0.0000000000E+00,    0.0000000000E+00,    8.2173874947E+01
     89500,      0.676934,CP8_after_OBC,   1,    0.0000000000E+00,    8.2173874947E+01,    8.2173874947E+01,    0.0000000000E+00,    0.0000000000E+00,    0.0000000000E+00,    8.2173874947E+01
     89500,      0.676934,CP9_after_PTsource,   1,    0.0000000000E+00,    8.2173874947E+01,    8.2173874947E+01,    0.0000000000E+00,    0.0000000000E+00,    0.0000000000E+00,    8.2173874947E+01
     89500,      0.676934,CP10_after_neg_clamp,   1,    0.0000000000E+00,    8.2173874947E+01,    8.2173874947E+01,    0.0000000000E+00,    0.0000000000E+00,    0.0000000000E+00,    8.2173874947E+01
     89500,      0.676934,CP11_after_MPI,   1,    0.0000000000E+00,    8.2173874947E+01,    8.2173874947E+01,    0.0000000000E+00,    0.0000000000E+00,    0.0000000000E+00,    8.2173874947E+01
     89500,      0.676934,CP12_end,   1,    0.0000000000E+00,    8.2173874947E+01,    8.2173874947E+01,    0.0000000000E+00,    0.0000000000E+00,    0.0000000000E+00,    8.2173874947E+01
     89550,      0.676934,CP0_start,   1,    0.0000000000E+00,    8.2256444922E+01,    8.2256444922E+01,    0.0000000000E+00,    0.0000000000E+00,    0.0000000000E+00,    8.2256444922E+01
     89550,      0.676934,CP1_after_deposition,   1,    0.0000000000E+00,    8.2256444922E+01,    8.2256444922E+01,    0.0000000000E+00,    0.0000000000E+00,    0.0000000000E+00,    8.2256444922E+01
     89550,      0.676934,CP2_after_erosion,   1,    0.0000000000E+00,    8.2256444922E+01,    8.2256444922E+01,    0.0000000000E+00,    0.0000000000E+00,    0.0000000000E+00,    8.2256444922E+01
     89550,      0.676934,CP3_after_update_bottom,   1,    0.0000000000E+00,    8.2256444922E+01,    8.2256444922E+01,    0.0000000000E+00,    0.0000000000E+00,    0.0000000000E+00,    8.2256444922E+01
     89550,      0.676934,CP4_after_advection,   1,    0.0000000000E+00,    8.2253952557E+01,    8.2253952557E+01,    0.0000000000E+00,    0.0000000000E+00,    0.0000000000E+00,    8.2253952557E+01
     89550,      0.676934,CP5_after_vdif,   1,    0.0000000000E+00,    8.2253952557E+01,    8.2253952557E+01,    0.0000000000E+00,    0.0000000000E+00,    0.0000000000E+00,    8.2253952557E+01
     89550,      0.676934,CP6_after_kinetics,   1,    0.0000000000E+00,    8.2253952557E+01,    8.2253952557E+01,    0.0000000000E+00,    0.0000000000E+00,    0.0000000000E+00,    8.2253952557E+01
     89550,      0.676934,CP7_after_upper_clamp,   1,    0.0000000000E+00,    8.2253952557E+01,    8.2253952557E+01,    0.0000000000E+00,    0.0000000000E+00,    0.0000000000E+00,    8.2253952557E+01
     89550,      0.676934,CP8_after_OBC,   1,    0.0000000000E+00,    8.2253952557E+01,    8.2253952557E+01,    0.0000000000E+00,    0.0000000000E+00,    0.0000000000E+00,    8.2253952557E+01
     89550,      0.676934,CP9_after_PTsource,   1,    0.0000000000E+00,    8.2253952557E+01,    8.2253952557E+01,    0.0000000000E+00,    0.0000000000E+00,    0.0000000000E+00,    8.2253952557E+01
     89550,      0.676934,CP10_after_neg_clamp,   1,    0.0000000000E+00,    8.2253952557E+01,    8.2253952557E+01,    0.0000000000E+00,    0.0000000000E+00,    0.0000000000E+00,    8.2253952557E+01
     89550,      0.676934,CP11_after_MPI,   1,    0.0000000000E+00,    8.2253952557E+01,    8.2253952557E+01,    0.0000000000E+00,    0.0000000000E+00,    0.0000000000E+00,    8.2253952557E+01
     89550,      0.676934,CP12_end,   1,    0.0000000000E+00,    8.2253952557E+01,    8.2253952557E+01,    0.0000000000E+00,    0.0000000000E+00,    0.0000000000E+00,    8.2253952557E+01
     89600,      0.676934,CP0_start,   1,    0.0000000000E+00,    8.2337227857E+01,    8.2337227857E+01,    0.0000000000E+00,    0.0000000000E+00,    0.0000000000E+00,    8.2337227857E+01
     89600,      0.676934,CP1_after_deposition,   1,    0.0000000000E+00,    8.2337227857E+01,    8.2337227857E+01,    0.0000000000E+00,    0.0000000000E+00,    0.0000000000E+00,    8.2337227857E+01
     89600,      0.676934,CP2_after_erosion,   1,    0.0000000000E+00,    8.2337227857E+01,    8.2337227857E+01,    0.0000000000E+00,    0.0000000000E+00,    0.0000000000E+00,    8.2337227857E+01
     89600,      0.676934,CP3_after_update_bottom,   1,    0.0000000000E+00,    8.2337227857E+01,    8.2337227857E+01,    0.0000000000E+00,    0.0000000000E+00,    0.0000000000E+00,    8.2337227857E+01
     89600,      0.676934,CP4_after_advection,   1,    0.0000000000E+00,    8.2334696424E+01,    8.2334696424E+01,    0.0000000000E+00,    0.0000000000E+00,    0.0000000000E+00,    8.2334696424E+01
     89600,      0.676934,CP5_after_vdif,   1,    0.0000000000E+00,    8.2334696424E+01,    8.2334696424E+01,    0.0000000000E+00,    0.0000000000E+00,    0.0000000000E+00,    8.2334696424E+01
     89600,      0.676934,CP6_after_kinetics,   1,    0.0000000000E+00,    8.2334696424E+01,    8.2334696424E+01,    0.0000000000E+00,    0.0000000000E+00,    0.0000000000E+00,    8.2334696424E+01
     89600,      0.676934,CP7_after_upper_clamp,   1,    0.0000000000E+00,    8.2334696424E+01,    8.2334696424E+01,    0.0000000000E+00,    0.0000000000E+00,    0.0000000000E+00,    8.2334696424E+01
     89600,      0.676934,CP8_after_OBC,   1,    0.0000000000E+00,    8.2334696424E+01,    8.2334696424E+01,    0.0000000000E+00,    0.0000000000E+00,    0.0000000000E+00,    8.2334696424E+01
     89600,      0.676934,CP9_after_PTsource,   1,    0.0000000000E+00,    8.2334696424E+01,    8.2334696424E+01,    0.0000000000E+00,    0.0000000000E+00,    0.0000000000E+00,    8.2334696424E+01
     89600,      0.676934,CP10_after_neg_clamp,   1,    0.0000000000E+00,    8.2334696424E+01,    8.2334696424E+01,    0.0000000000E+00,    0.0000000000E+00,    0.0000000000E+00,    8.2334696424E+01
     89600,      0.676934,CP11_after_MPI,   1,    0.0000000000E+00,    8.2334696424E+01,    8.2334696424E+01,    0.0000000000E+00,    0.0000000000E+00,    0.0000000000E+00,    8.2334696424E+01
     89600,      0.676934,CP12_end,   1,    0.0000000000E+00,    8.2334696424E+01,    8.2334696424E+01,    0.0000000000E+00,    0.0000000000E+00,    0.0000000000E+00,    8.2334696424E+01
     89650,      0.676934,CP0_start,   1,    0.0000000000E+00,    8.2418579934E+01,    8.2418579934E+01,    0.0000000000E+00,    0.0000000000E+00,    0.0000000000E+00,    8.2418579934E+01
     89650,      0.676934,CP1_after_deposition,   1,    0.0000000000E+00,    8.2418579934E+01,    8.2418579934E+01,    0.0000000000E+00,    0.0000000000E+00,    0.0000000000E+00,    8.2418579934E+01
     89650,      0.676934,CP2_after_erosion,   1,    0.0000000000E+00,    8.2418579934E+01,    8.2418579934E+01,    0.0000000000E+00,    0.0000000000E+00,    0.0000000000E+00,    8.2418579934E+01
     89650,      0.676934,CP3_after_update_bottom,   1,    0.0000000000E+00,    8.2418579934E+01,    8.2418579934E+01,    0.0000000000E+00,    0.0000000000E+00,    0.0000000000E+00,    8.2418579934E+01
     89650,      0.676934,CP4_after_advection,   1,    0.0000000000E+00,    8.2416011395E+01,    8.2416011395E+01,    0.0000000000E+00,    0.0000000000E+00,    0.0000000000E+00,    8.2416011395E+01
     89650,      0.676934,CP5_after_vdif,   1,    0.0000000000E+00,    8.2416011395E+01,    8.2416011395E+01,    0.0000000000E+00,    0.0000000000E+00,    0.0000000000E+00,    8.2416011395E+01
     89650,      0.676934,CP6_after_kinetics,   1,    0.0000000000E+00,    8.2416011395E+01,    8.2416011395E+01,    0.0000000000E+00,    0.0000000000E+00,    0.0000000000E+00,    8.2416011395E+01
     89650,      0.676934,CP7_after_upper_clamp,   1,    0.0000000000E+00,    8.2416011395E+01,    8.2416011395E+01,    0.0000000000E+00,    0.0000000000E+00,    0.0000000000E+00,    8.2416011395E+01
     89650,      0.676934,CP8_after_OBC,   1,    0.0000000000E+00,    8.2416011395E+01,    8.2416011395E+01,    0.0000000000E+00,    0.0000000000E+00,    0.0000000000E+00,    8.2416011395E+01
     89650,      0.676934,CP9_after_PTsource,   1,    0.0000000000E+00,    8.2416011395E+01,    8.2416011395E+01,    0.0000000000E+00,    0.0000000000E+00,    0.0000000000E+00,    8.2416011395E+01
     89650,      0.676934,CP10_after_neg_clamp,   1,    0.0000000000E+00,    8.2416011395E+01,    8.2416011395E+01,    0.0000000000E+00,    0.0000000000E+00,    0.0000000000E+00,    8.2416011395E+01
     89650,      0.676934,CP11_after_MPI,   1,    0.0000000000E+00,    8.2416011395E+01,    8.2416011395E+01,    0.0000000000E+00,    0.0000000000E+00,    0.0000000000E+00,    8.2416011395E+01
     89650,      0.676934,CP12_end,   1,    0.0000000000E+00,    8.2416011395E+01,    8.2416011395E+01,    0.0000000000E+00,    0.0000000000E+00,    0.0000000000E+00,    8.2416011395E+01
     89700,      0.676934,CP0_start,   1,    0.0000000000E+00,    8.2500380443E+01,    8.2500380443E+01,    0.0000000000E+00,    0.0000000000E+00,    0.0000000000E+00,    8.2500380443E+01
     89700,      0.676934,CP1_after_deposition,   1,    0.0000000000E+00,    8.2500380443E+01,    8.2500380443E+01,    0.0000000000E+00,    0.0000000000E+00,    0.0000000000E+00,    8.2500380443E+01
     89700,      0.676934,CP2_after_erosion,   1,    0.0000000000E+00,    8.2500380443E+01,    8.2500380443E+01,    0.0000000000E+00,    0.0000000000E+00,    0.0000000000E+00,    8.2500380443E+01
     89700,      0.676934,CP3_after_update_bottom,   1,    0.0000000000E+00,    8.2500380443E+01,    8.2500380443E+01,    0.0000000000E+00,    0.0000000000E+00,    0.0000000000E+00,    8.2500380443E+01
     89700,      0.676934,CP4_after_advection,   1,    0.0000000000E+00,    8.2497779178E+01,    8.2497779178E+01,    0.0000000000E+00,    0.0000000000E+00,    0.0000000000E+00,    8.2497779178E+01
     89700,      0.676934,CP5_after_vdif,   1,    0.0000000000E+00,    8.2497779178E+01,    8.2497779178E+01,    0.0000000000E+00,    0.0000000000E+00,    0.0000000000E+00,    8.2497779178E+01
     89700,      0.676934,CP6_after_kinetics,   1,    0.0000000000E+00,    8.2497779178E+01,    8.2497779178E+01,    0.0000000000E+00,    0.0000000000E+00,    0.0000000000E+00,    8.2497779178E+01
     89700,      0.676934,CP7_after_upper_clamp,   1,    0.0000000000E+00,    8.2497779178E+01,    8.2497779178E+01,    0.0000000000E+00,    0.0000000000E+00,    0.0000000000E+00,    8.2497779178E+01
     89700,      0.676934,CP8_after_OBC,   1,    0.0000000000E+00,    8.2497779178E+01,    8.2497779178E+01,    0.0000000000E+00,    0.0000000000E+00,    0.0000000000E+00,    8.2497779178E+01
     89700,      0.676934,CP9_after_PTsource,   1,    0.0000000000E+00,    8.2497779178E+01,    8.2497779178E+01,    0.0000000000E+00,    0.0000000000E+00,    0.0000000000E+00,    8.2497779178E+01
     89700,      0.676934,CP10_after_neg_clamp,   1,    0.0000000000E+00,    8.2497779178E+01,    8.2497779178E+01,    0.0000000000E+00,    0.0000000000E+00,    0.0000000000E+00,    8.2497779178E+01
     89700,      0.676934,CP11_after_MPI,   1,    0.0000000000E+00,    8.2497779178E+01,    8.2497779178E+01,    0.0000000000E+00,    0.0000000000E+00,    0.0000000000E+00,    8.2497779178E+01
     89700,      0.676934,CP12_end,   1,    0.0000000000E+00,    8.2497779178E+01,    8.2497779178E+01,    0.0000000000E+00,    0.0000000000E+00,    0.0000000000E+00,    8.2497779178E+01
     89750,      0.676934,CP0_start,   1,    0.0000000000E+00,    8.2582379312E+01,    8.2582379312E+01,    0.0000000000E+00,    0.0000000000E+00,    0.0000000000E+00,    8.2582379312E+01
     89750,      0.676934,CP1_after_deposition,   1,    0.0000000000E+00,    8.2582379312E+01,    8.2582379312E+01,    0.0000000000E+00,    0.0000000000E+00,    0.0000000000E+00,    8.2582379312E+01
     89750,      0.676934,CP2_after_erosion,   1,    0.0000000000E+00,    8.2582379312E+01,    8.2582379312E+01,    0.0000000000E+00,    0.0000000000E+00,    0.0000000000E+00,    8.2582379312E+01
     89750,      0.676934,CP3_after_update_bottom,   1,    0.0000000000E+00,    8.2582379312E+01,    8.2582379312E+01,    0.0000000000E+00,    0.0000000000E+00,    0.0000000000E+00,    8.2582379312E+01
     89750,      0.676934,CP4_after_advection,   1,    0.0000000000E+00,    8.2579743431E+01,    8.2579743431E+01,    0.0000000000E+00,    0.0000000000E+00,    0.0000000000E+00,    8.2579743431E+01
     89750,      0.676934,CP5_after_vdif,   1,    0.0000000000E+00,    8.2579743431E+01,    8.2579743431E+01,    0.0000000000E+00,    0.0000000000E+00,    0.0000000000E+00,    8.2579743431E+01
     89750,      0.676934,CP6_after_kinetics,   1,    0.0000000000E+00,    8.2579743431E+01,    8.2579743431E+01,    0.0000000000E+00,    0.0000000000E+00,    0.0000000000E+00,    8.2579743431E+01
     89750,      0.676934,CP7_after_upper_clamp,   1,    0.0000000000E+00,    8.2579743431E+01,    8.2579743431E+01,    0.0000000000E+00,    0.0000000000E+00,    0.0000000000E+00,    8.2579743431E+01
     89750,      0.676934,CP8_after_OBC,   1,    0.0000000000E+00,    8.2579743431E+01,    8.2579743431E+01,    0.0000000000E+00,    0.0000000000E+00,    0.0000000000E+00,    8.2579743431E+01
     89750,      0.676934,CP9_after_PTsource,   1,    0.0000000000E+00,    8.2579743431E+01,    8.2579743431E+01,    0.0000000000E+00,    0.0000000000E+00,    0.0000000000E+00,    8.2579743431E+01
     89750,      0.676934,CP10_after_neg_clamp,   1,    0.0000000000E+00,    8.2579743431E+01,    8.2579743431E+01,    0.0000000000E+00,    0.0000000000E+00,    0.0000000000E+00,    8.2579743431E+01
     89750,      0.676934,CP11_after_MPI,   1,    0.0000000000E+00,    8.2579743431E+01,    8.2579743431E+01,    0.0000000000E+00,    0.0000000000E+00,    0.0000000000E+00,    8.2579743431E+01
     89750,      0.676934,CP12_end,   1,    0.0000000000E+00,    8.2579743431E+01,    8.2579743431E+01,    0.0000000000E+00,    0.0000000000E+00,    0.0000000000E+00,    8.2579743431E+01
     89800,      0.676934,CP0_start,   1,    0.0000000000E+00,    8.2664237860E+01,    8.2664237860E+01,    0.0000000000E+00,    0.0000000000E+00,    0.0000000000E+00,    8.2664237860E+01
     89800,      0.676934,CP1_after_deposition,   1,    0.0000000000E+00,    8.2664237860E+01,    8.2664237860E+01,    0.0000000000E+00,    0.0000000000E+00,    0.0000000000E+00,    8.2664237860E+01
     89800,      0.676934,CP2_after_erosion,   1,    0.0000000000E+00,    8.2664237860E+01,    8.2664237860E+01,    0.0000000000E+00,    0.0000000000E+00,    0.0000000000E+00,    8.2664237860E+01
     89800,      0.676934,CP3_after_update_bottom,   1,    0.0000000000E+00,    8.2664237860E+01,    8.2664237860E+01,    0.0000000000E+00,    0.0000000000E+00,    0.0000000000E+00,    8.2664237860E+01
     89800,      0.676934,CP4_after_advection,   1,    0.0000000000E+00,    8.2661561107E+01,    8.2661561107E+01,    0.0000000000E+00,    0.0000000000E+00,    0.0000000000E+00,    8.2661561107E+01
     89800,      0.676934,CP5_after_vdif,   1,    0.0000000000E+00,    8.2661561107E+01,    8.2661561107E+01,    0.0000000000E+00,    0.0000000000E+00,    0.0000000000E+00,    8.2661561107E+01
     89800,      0.676934,CP6_after_kinetics,   1,    0.0000000000E+00,    8.2661561107E+01,    8.2661561107E+01,    0.0000000000E+00,    0.0000000000E+00,    0.0000000000E+00,    8.2661561107E+01
     89800,      0.676934,CP7_after_upper_clamp,   1,    0.0000000000E+00,    8.2661561107E+01,    8.2661561107E+01,    0.0000000000E+00,    0.0000000000E+00,    0.0000000000E+00,    8.2661561107E+01
     89800,      0.676934,CP8_after_OBC,   1,    0.0000000000E+00,    8.2661561107E+01,    8.2661561107E+01,    0.0000000000E+00,    0.0000000000E+00,    0.0000000000E+00,    8.2661561107E+01
     89800,      0.676934,CP9_after_PTsource,   1,    0.0000000000E+00,    8.2661561107E+01,    8.2661561107E+01,    0.0000000000E+00,    0.0000000000E+00,    0.0000000000E+00,    8.2661561107E+01
     89800,      0.676934,CP10_after_neg_clamp,   1,    0.0000000000E+00,    8.2661561107E+01,    8.2661561107E+01,    0.0000000000E+00,    0.0000000000E+00,    0.0000000000E+00,    8.2661561107E+01
     89800,      0.676934,CP11_after_MPI,   1,    0.0000000000E+00,    8.2661561107E+01,    8.2661561107E+01,    0.0000000000E+00,    0.0000000000E+00,    0.0000000000E+00,    8.2661561107E+01
     89800,      0.676934,CP12_end,   1,    0.0000000000E+00,    8.2661561107E+01,    8.2661561107E+01,    0.0000000000E+00,    0.0000000000E+00,    0.0000000000E+00,    8.2661561107E+01
     89850,      0.676934,CP0_start,   1,    0.0000000000E+00,    8.2745528065E+01,    8.2745528065E+01,    0.0000000000E+00,    0.0000000000E+00,    0.0000000000E+00,    8.2745528065E+01
     89850,      0.676934,CP1_after_deposition,   1,    0.0000000000E+00,    8.2745528065E+01,    8.2745528065E+01,    0.0000000000E+00,    0.0000000000E+00,    0.0000000000E+00,    8.2745528065E+01
     89850,      0.676934,CP2_after_erosion,   1,    0.0000000000E+00,    8.2745528065E+01,    8.2745528065E+01,    0.0000000000E+00,    0.0000000000E+00,    0.0000000000E+00,    8.2745528065E+01
     89850,      0.676934,CP3_after_update_bottom,   1,    0.0000000000E+00,    8.2745528065E+01,    8.2745528065E+01,    0.0000000000E+00,    0.0000000000E+00,    0.0000000000E+00,    8.2745528065E+01
     89850,      0.676934,CP4_after_advection,   1,    0.0000000000E+00,    8.2742812228E+01,    8.2742812228E+01,    0.0000000000E+00,    0.0000000000E+00,    0.0000000000E+00,    8.2742812228E+01
     89850,      0.676934,CP5_after_vdif,   1,    0.0000000000E+00,    8.2742812228E+01,    8.2742812228E+01,    0.0000000000E+00,    0.0000000000E+00,    0.0000000000E+00,    8.2742812228E+01
     89850,      0.676934,CP6_after_kinetics,   1,    0.0000000000E+00,    8.2742812228E+01,    8.2742812228E+01,    0.0000000000E+00,    0.0000000000E+00,    0.0000000000E+00,    8.2742812228E+01
     89850,      0.676934,CP7_after_upper_clamp,   1,    0.0000000000E+00,    8.2742812228E+01,    8.2742812228E+01,    0.0000000000E+00,    0.0000000000E+00,    0.0000000000E+00,    8.2742812228E+01
     89850,      0.676934,CP8_after_OBC,   1,    0.0000000000E+00,    8.2742812228E+01,    8.2742812228E+01,    0.0000000000E+00,    0.0000000000E+00,    0.0000000000E+00,    8.2742812228E+01
     89850,      0.676934,CP9_after_PTsource,   1,    0.0000000000E+00,    8.2742812228E+01,    8.2742812228E+01,    0.0000000000E+00,    0.0000000000E+00,    0.0000000000E+00,    8.2742812228E+01
     89850,      0.676934,CP10_after_neg_clamp,   1,    0.0000000000E+00,    8.2742812228E+01,    8.2742812228E+01,    0.0000000000E+00,    0.0000000000E+00,    0.0000000000E+00,    8.2742812228E+01
     89850,      0.676934,CP11_after_MPI,   1,    0.0000000000E+00,    8.2742812228E+01,    8.2742812228E+01,    0.0000000000E+00,    0.0000000000E+00,    0.0000000000E+00,    8.2742812228E+01
     89850,      0.676934,CP12_end,   1,    0.0000000000E+00,    8.2742812228E+01,    8.2742812228E+01,    0.0000000000E+00,    0.0000000000E+00,    0.0000000000E+00,    8.2742812228E+01
     89900,      0.676934,CP0_start,   1,    0.0000000000E+00,    8.2826056320E+01,    8.2826056320E+01,    0.0000000000E+00,    0.0000000000E+00,    0.0000000000E+00,    8.2826056320E+01
     89900,      0.676934,CP1_after_deposition,   1,    0.0000000000E+00,    8.2826056320E+01,    8.2826056320E+01,    0.0000000000E+00,    0.0000000000E+00,    0.0000000000E+00,    8.2826056320E+01
     89900,      0.676934,CP2_after_erosion,   1,    0.0000000000E+00,    8.2826056320E+01,    8.2826056320E+01,    0.0000000000E+00,    0.0000000000E+00,    0.0000000000E+00,    8.2826056320E+01
     89900,      0.676934,CP3_after_update_bottom,   1,    0.0000000000E+00,    8.2826056320E+01,    8.2826056320E+01,    0.0000000000E+00,    0.0000000000E+00,    0.0000000000E+00,    8.2826056320E+01
     89900,      0.676934,CP4_after_advection,   1,    0.0000000000E+00,    8.2823298585E+01,    8.2823298585E+01,    0.0000000000E+00,    0.0000000000E+00,    0.0000000000E+00,    8.2823298585E+01
     89900,      0.676934,CP5_after_vdif,   1,    0.0000000000E+00,    8.2823298585E+01,    8.2823298585E+01,    0.0000000000E+00,    0.0000000000E+00,    0.0000000000E+00,    8.2823298585E+01
     89900,      0.676934,CP6_after_kinetics,   1,    0.0000000000E+00,    8.2823298585E+01,    8.2823298585E+01,    0.0000000000E+00,    0.0000000000E+00,    0.0000000000E+00,    8.2823298585E+01
     89900,      0.676934,CP7_after_upper_clamp,   1,    0.0000000000E+00,    8.2823298585E+01,    8.2823298585E+01,    0.0000000000E+00,    0.0000000000E+00,    0.0000000000E+00,    8.2823298585E+01
     89900,      0.676934,CP8_after_OBC,   1,    0.0000000000E+00,    8.2823298585E+01,    8.2823298585E+01,    0.0000000000E+00,    0.0000000000E+00,    0.0000000000E+00,    8.2823298585E+01
     89900,      0.676934,CP9_after_PTsource,   1,    0.0000000000E+00,    8.2823298585E+01,    8.2823298585E+01,    0.0000000000E+00,    0.0000000000E+00,    0.0000000000E+00,    8.2823298585E+01
     89900,      0.676934,CP10_after_neg_clamp,   1,    0.0000000000E+00,    8.2823298585E+01,    8.2823298585E+01,    0.0000000000E+00,    0.0000000000E+00,    0.0000000000E+00,    8.2823298585E+01
     89900,      0.676934,CP11_after_MPI,   1,    0.0000000000E+00,    8.2823298585E+01,    8.2823298585E+01,    0.0000000000E+00,    0.0000000000E+00,    0.0000000000E+00,    8.2823298585E+01
     89900,      0.676934,CP12_end,   1,    0.0000000000E+00,    8.2823298585E+01,    8.2823298585E+01,    0.0000000000E+00,    0.0000000000E+00,    0.0000000000E+00,    8.2823298585E+01
     89950,      0.676934,CP0_start,   1,    0.0000000000E+00,    8.2905924833E+01,    8.2905924833E+01,    0.0000000000E+00,    0.0000000000E+00,    0.0000000000E+00,    8.2905924833E+01
     89950,      0.676934,CP1_after_deposition,   1,    0.0000000000E+00,    8.2905924833E+01,    8.2905924833E+01,    0.0000000000E+00,    0.0000000000E+00,    0.0000000000E+00,    8.2905924833E+01
     89950,      0.676934,CP2_after_erosion,   1,    0.0000000000E+00,    8.2905924833E+01,    8.2905924833E+01,    0.0000000000E+00,    0.0000000000E+00,    0.0000000000E+00,    8.2905924833E+01
     89950,      0.676934,CP3_after_update_bottom,   1,    0.0000000000E+00,    8.2905924833E+01,    8.2905924833E+01,    0.0000000000E+00,    0.0000000000E+00,    0.0000000000E+00,    8.2905924833E+01
     89950,      0.676934,CP4_after_advection,   1,    0.0000000000E+00,    8.2903137989E+01,    8.2903137989E+01,    0.0000000000E+00,    0.0000000000E+00,    0.0000000000E+00,    8.2903137989E+01
     89950,      0.676934,CP5_after_vdif,   1,    0.0000000000E+00,    8.2903137989E+01,    8.2903137989E+01,    0.0000000000E+00,    0.0000000000E+00,    0.0000000000E+00,    8.2903137989E+01
     89950,      0.676934,CP6_after_kinetics,   1,    0.0000000000E+00,    8.2903137989E+01,    8.2903137989E+01,    0.0000000000E+00,    0.0000000000E+00,    0.0000000000E+00,    8.2903137989E+01
     89950,      0.676934,CP7_after_upper_clamp,   1,    0.0000000000E+00,    8.2903137989E+01,    8.2903137989E+01,    0.0000000000E+00,    0.0000000000E+00,    0.0000000000E+00,    8.2903137989E+01
     89950,      0.676934,CP8_after_OBC,   1,    0.0000000000E+00,    8.2903137989E+01,    8.2903137989E+01,    0.0000000000E+00,    0.0000000000E+00,    0.0000000000E+00,    8.2903137989E+01
     89950,      0.676934,CP9_after_PTsource,   1,    0.0000000000E+00,    8.2903137989E+01,    8.2903137989E+01,    0.0000000000E+00,    0.0000000000E+00,    0.0000000000E+00,    8.2903137989E+01
     89950,      0.676934,CP10_after_neg_clamp,   1,    0.0000000000E+00,    8.2903137989E+01,    8.2903137989E+01,    0.0000000000E+00,    0.0000000000E+00,    0.0000000000E+00,    8.2903137989E+01
     89950,      0.676934,CP11_after_MPI,   1,    0.0000000000E+00,    8.2903137989E+01,    8.2903137989E+01,    0.0000000000E+00,    0.0000000000E+00,    0.0000000000E+00,    8.2903137989E+01
     89950,      0.676934,CP12_end,   1,    0.0000000000E+00,    8.2903137989E+01,    8.2903137989E+01,    0.0000000000E+00,    0.0000000000E+00,    0.0000000000E+00,    8.2903137989E+01
     90000,      0.676934,CP0_start,   1,    0.0000000000E+00,    8.2985536409E+01,    8.2985536409E+01,    0.0000000000E+00,    0.0000000000E+00,    0.0000000000E+00,    8.2985536409E+01
     90000,      0.676934,CP1_after_deposition,   1,    0.0000000000E+00,    8.2985536409E+01,    8.2985536409E+01,    0.0000000000E+00,    0.0000000000E+00,    0.0000000000E+00,    8.2985536409E+01
     90000,      0.676934,CP2_after_erosion,   1,    0.0000000000E+00,    8.2985536409E+01,    8.2985536409E+01,    0.0000000000E+00,    0.0000000000E+00,    0.0000000000E+00,    8.2985536409E+01
     90000,      0.676934,CP3_after_update_bottom,   1,    0.0000000000E+00,    8.2985536409E+01,    8.2985536409E+01,    0.0000000000E+00,    0.0000000000E+00,    0.0000000000E+00,    8.2985536409E+01
     90000,      0.676934,CP4_after_advection,   1,    0.0000000000E+00,    8.2982734308E+01,    8.2982734308E+01,    0.0000000000E+00,    0.0000000000E+00,    0.0000000000E+00,    8.2982734308E+01
     90000,      0.676934,CP5_after_vdif,   1,    0.0000000000E+00,    8.2982734308E+01,    8.2982734308E+01,    0.0000000000E+00,    0.0000000000E+00,    0.0000000000E+00,    8.2982734308E+01
     90000,      0.676934,CP6_after_kinetics,   1,    0.0000000000E+00,    8.2982734308E+01,    8.2982734308E+01,    0.0000000000E+00,    0.0000000000E+00,    0.0000000000E+00,    8.2982734308E+01
     90000,      0.676934,CP7_after_upper_clamp,   1,    0.0000000000E+00,    8.2982734308E+01,    8.2982734308E+01,    0.0000000000E+00,    0.0000000000E+00,    0.0000000000E+00,    8.2982734308E+01
     90000,      0.676934,CP8_after_OBC,   1,    0.0000000000E+00,    8.2982734308E+01,    8.2982734308E+01,    0.0000000000E+00,    0.0000000000E+00,    0.0000000000E+00,    8.2982734308E+01
     90000,      0.676934,CP9_after_PTsource,   1,    0.0000000000E+00,    8.2982734308E+01,    8.2982734308E+01,    0.0000000000E+00,    0.0000000000E+00,    0.0000000000E+00,    8.2982734308E+01
     90000,      0.676934,CP10_after_neg_clamp,   1,    0.0000000000E+00,    8.2982734308E+01,    8.2982734308E+01,    0.0000000000E+00,    0.0000000000E+00,    0.0000000000E+00,    8.2982734308E+01
     90000,      0.676934,CP11_after_MPI,   1,    0.0000000000E+00,    8.2982734308E+01,    8.2982734308E+01,    0.0000000000E+00,    0.0000000000E+00,    0.0000000000E+00,    8.2982734308E+01
     90000,      0.676934,CP12_end,   1,    0.0000000000E+00,    8.2982734308E+01,    8.2982734308E+01,    0.0000000000E+00,    0.0000000000E+00,    0.0000000000E+00,    8.2982734308E+01
     90050,      0.676934,CP0_start,   1,    0.0000000000E+00,    8.3065204805E+01,    8.3065204805E+01,    0.0000000000E+00,    0.0000000000E+00,    0.0000000000E+00,    8.3065204805E+01
     90050,      0.676934,CP1_after_deposition,   1,    0.0000000000E+00,    8.3065204805E+01,    8.3065204805E+01,    0.0000000000E+00,    0.0000000000E+00,    0.0000000000E+00,    8.3065204805E+01
     90050,      0.676934,CP2_after_erosion,   1,    0.0000000000E+00,    8.3065204805E+01,    8.3065204805E+01,    0.0000000000E+00,    0.0000000000E+00,    0.0000000000E+00,    8.3065204805E+01
     90050,      0.676934,CP3_after_update_bottom,   1,    0.0000000000E+00,    8.3065204805E+01,    8.3065204805E+01,    0.0000000000E+00,    0.0000000000E+00,    0.0000000000E+00,    8.3065204805E+01
     90050,      0.676934,CP4_after_advection,   1,    0.0000000000E+00,    8.3062395566E+01,    8.3062395566E+01,    0.0000000000E+00,    0.0000000000E+00,    0.0000000000E+00,    8.3062395566E+01
     90050,      0.676934,CP5_after_vdif,   1,    0.0000000000E+00,    8.3062395566E+01,    8.3062395566E+01,    0.0000000000E+00,    0.0000000000E+00,    0.0000000000E+00,    8.3062395566E+01
     90050,      0.676934,CP6_after_kinetics,   1,    0.0000000000E+00,    8.3062395566E+01,    8.3062395566E+01,    0.0000000000E+00,    0.0000000000E+00,    0.0000000000E+00,    8.3062395566E+01
     90050,      0.676934,CP7_after_upper_clamp,   1,    0.0000000000E+00,    8.3062395566E+01,    8.3062395566E+01,    0.0000000000E+00,    0.0000000000E+00,    0.0000000000E+00,    8.3062395566E+01
     90050,      0.676934,CP8_after_OBC,   1,    0.0000000000E+00,    8.3062395566E+01,    8.3062395566E+01,    0.0000000000E+00,    0.0000000000E+00,    0.0000000000E+00,    8.3062395566E+01
     90050,      0.676934,CP9_after_PTsource,   1,    0.0000000000E+00,    8.3062395566E+01,    8.3062395566E+01,    0.0000000000E+00,    0.0000000000E+00,    0.0000000000E+00,    8.3062395566E+01
     90050,      0.676934,CP10_after_neg_clamp,   1,    0.0000000000E+00,    8.3062395566E+01,    8.3062395566E+01,    0.0000000000E+00,    0.0000000000E+00,    0.0000000000E+00,    8.3062395566E+01
     90050,      0.676934,CP11_after_MPI,   1,    0.0000000000E+00,    8.3062395566E+01,    8.3062395566E+01,    0.0000000000E+00,    0.0000000000E+00,    0.0000000000E+00,    8.3062395566E+01
     90050,      0.676934,CP12_end,   1,    0.0000000000E+00,    8.3062395566E+01,    8.3062395566E+01,    0.0000000000E+00,    0.0000000000E+00,    0.0000000000E+00,    8.3062395566E+01
     90100,      0.676934,CP0_start,   1,    0.0000000000E+00,    8.3145075754E+01,    8.3145075754E+01,    0.0000000000E+00,    0.0000000000E+00,    0.0000000000E+00,    8.3145075754E+01
     90100,      0.676934,CP1_after_deposition,   1,    0.0000000000E+00,    8.3145075754E+01,    8.3145075754E+01,    0.0000000000E+00,    0.0000000000E+00,    0.0000000000E+00,    8.3145075754E+01
     90100,      0.676934,CP2_after_erosion,   1,    0.0000000000E+00,    8.3145075754E+01,    8.3145075754E+01,    0.0000000000E+00,    0.0000000000E+00,    0.0000000000E+00,    8.3145075754E+01
     90100,      0.676934,CP3_after_update_bottom,   1,    0.0000000000E+00,    8.3145075754E+01,    8.3145075754E+01,    0.0000000000E+00,    0.0000000000E+00,    0.0000000000E+00,    8.3145075754E+01
     90100,      0.676934,CP4_after_advection,   1,    0.0000000000E+00,    8.3142258162E+01,    8.3142258162E+01,    0.0000000000E+00,    0.0000000000E+00,    0.0000000000E+00,    8.3142258162E+01
     90100,      0.676934,CP5_after_vdif,   1,    0.0000000000E+00,    8.3142258162E+01,    8.3142258162E+01,    0.0000000000E+00,    0.0000000000E+00,    0.0000000000E+00,    8.3142258162E+01
     90100,      0.676934,CP6_after_kinetics,   1,    0.0000000000E+00,    8.3142258162E+01,    8.3142258162E+01,    0.0000000000E+00,    0.0000000000E+00,    0.0000000000E+00,    8.3142258162E+01
     90100,      0.676934,CP7_after_upper_clamp,   1,    0.0000000000E+00,    8.3142258162E+01,    8.3142258162E+01,    0.0000000000E+00,    0.0000000000E+00,    0.0000000000E+00,    8.3142258162E+01
     90100,      0.676934,CP8_after_OBC,   1,    0.0000000000E+00,    8.3142258162E+01,    8.3142258162E+01,    0.0000000000E+00,    0.0000000000E+00,    0.0000000000E+00,    8.3142258162E+01
     90100,      0.676934,CP9_after_PTsource,   1,    0.0000000000E+00,    8.3142258162E+01,    8.3142258162E+01,    0.0000000000E+00,    0.0000000000E+00,    0.0000000000E+00,    8.3142258162E+01
     90100,      0.676934,CP10_after_neg_clamp,   1,    0.0000000000E+00,    8.3142258162E+01,    8.3142258162E+01,    0.0000000000E+00,    0.0000000000E+00,    0.0000000000E+00,    8.3142258162E+01
     90100,      0.676934,CP11_after_MPI,   1,    0.0000000000E+00,    8.3142258162E+01,    8.3142258162E+01,    0.0000000000E+00,    0.0000000000E+00,    0.0000000000E+00,    8.3142258162E+01
     90100,      0.676934,CP12_end,   1,    0.0000000000E+00,    8.3142258162E+01,    8.3142258162E+01,    0.0000000000E+00,    0.0000000000E+00,    0.0000000000E+00,    8.3142258162E+01
     90150,      0.676934,CP0_start,   1,    0.0000000000E+00,    8.3224905228E+01,    8.3224905228E+01,    0.0000000000E+00,    0.0000000000E+00,    0.0000000000E+00,    8.3224905228E+01
     90150,      0.676934,CP1_after_deposition,   1,    0.0000000000E+00,    8.3224905228E+01,    8.3224905228E+01,    0.0000000000E+00,    0.0000000000E+00,    0.0000000000E+00,    8.3224905228E+01
     90150,      0.676934,CP2_after_erosion,   1,    0.0000000000E+00,    8.3224905228E+01,    8.3224905228E+01,    0.0000000000E+00,    0.0000000000E+00,    0.0000000000E+00,    8.3224905228E+01
     90150,      0.676934,CP3_after_update_bottom,   1,    0.0000000000E+00,    8.3224905228E+01,    8.3224905228E+01,    0.0000000000E+00,    0.0000000000E+00,    0.0000000000E+00,    8.3224905228E+01
     90150,      0.676934,CP4_after_advection,   1,    0.0000000000E+00,    8.3222081840E+01,    8.3222081840E+01,    0.0000000000E+00,    0.0000000000E+00,    0.0000000000E+00,    8.3222081840E+01
     90150,      0.676934,CP5_after_vdif,   1,    0.0000000000E+00,    8.3222081840E+01,    8.3222081840E+01,    0.0000000000E+00,    0.0000000000E+00,    0.0000000000E+00,    8.3222081840E+01
     90150,      0.676934,CP6_after_kinetics,   1,    0.0000000000E+00,    8.3222081840E+01,    8.3222081840E+01,    0.0000000000E+00,    0.0000000000E+00,    0.0000000000E+00,    8.3222081840E+01
     90150,      0.676934,CP7_after_upper_clamp,   1,    0.0000000000E+00,    8.3222081840E+01,    8.3222081840E+01,    0.0000000000E+00,    0.0000000000E+00,    0.0000000000E+00,    8.3222081840E+01
     90150,      0.676934,CP8_after_OBC,   1,    0.0000000000E+00,    8.3222081840E+01,    8.3222081840E+01,    0.0000000000E+00,    0.0000000000E+00,    0.0000000000E+00,    8.3222081840E+01
     90150,      0.676934,CP9_after_PTsource,   1,    0.0000000000E+00,    8.3222081840E+01,    8.3222081840E+01,    0.0000000000E+00,    0.0000000000E+00,    0.0000000000E+00,    8.3222081840E+01
     90150,      0.676934,CP10_after_neg_clamp,   1,    0.0000000000E+00,    8.3222081840E+01,    8.3222081840E+01,    0.0000000000E+00,    0.0000000000E+00,    0.0000000000E+00,    8.3222081840E+01
     90150,      0.676934,CP11_after_MPI,   1,    0.0000000000E+00,    8.3222081840E+01,    8.3222081840E+01,    0.0000000000E+00,    0.0000000000E+00,    0.0000000000E+00,    8.3222081840E+01
     90150,      0.676934,CP12_end,   1,    0.0000000000E+00,    8.3222081840E+01,    8.3222081840E+01,    0.0000000000E+00,    0.0000000000E+00,    0.0000000000E+00,    8.3222081840E+01
     90200,      0.676934,CP0_start,   1,    0.0000000000E+00,    8.3304422231E+01,    8.3304422231E+01,    0.0000000000E+00,    0.0000000000E+00,    0.0000000000E+00,    8.3304422231E+01
     90200,      0.676934,CP1_after_deposition,   1,    0.0000000000E+00,    8.3304422231E+01,    8.3304422231E+01,    0.0000000000E+00,    0.0000000000E+00,    0.0000000000E+00,    8.3304422231E+01
     90200,      0.676934,CP2_after_erosion,   1,    0.0000000000E+00,    8.3304422231E+01,    8.3304422231E+01,    0.0000000000E+00,    0.0000000000E+00,    0.0000000000E+00,    8.3304422231E+01
     90200,      0.676934,CP3_after_update_bottom,   1,    0.0000000000E+00,    8.3304422231E+01,    8.3304422231E+01,    0.0000000000E+00,    0.0000000000E+00,    0.0000000000E+00,    8.3304422231E+01
     90200,      0.676934,CP4_after_advection,   1,    0.0000000000E+00,    8.3301588092E+01,    8.3301588092E+01,    0.0000000000E+00,    0.0000000000E+00,    0.0000000000E+00,    8.3301588092E+01
     90200,      0.676934,CP5_after_vdif,   1,    0.0000000000E+00,    8.3301588092E+01,    8.3301588092E+01,    0.0000000000E+00,    0.0000000000E+00,    0.0000000000E+00,    8.3301588092E+01
     90200,      0.676934,CP6_after_kinetics,   1,    0.0000000000E+00,    8.3301588092E+01,    8.3301588092E+01,    0.0000000000E+00,    0.0000000000E+00,    0.0000000000E+00,    8.3301588092E+01
     90200,      0.676934,CP7_after_upper_clamp,   1,    0.0000000000E+00,    8.3301588092E+01,    8.3301588092E+01,    0.0000000000E+00,    0.0000000000E+00,    0.0000000000E+00,    8.3301588092E+01
     90200,      0.676934,CP8_after_OBC,   1,    0.0000000000E+00,    8.3301588092E+01,    8.3301588092E+01,    0.0000000000E+00,    0.0000000000E+00,    0.0000000000E+00,    8.3301588092E+01
     90200,      0.676934,CP9_after_PTsource,   1,    0.0000000000E+00,    8.3301588092E+01,    8.3301588092E+01,    0.0000000000E+00,    0.0000000000E+00,    0.0000000000E+00,    8.3301588092E+01
     90200,      0.676934,CP10_after_neg_clamp,   1,    0.0000000000E+00,    8.3301588092E+01,    8.3301588092E+01,    0.0000000000E+00,    0.0000000000E+00,    0.0000000000E+00,    8.3301588092E+01
     90200,      0.676934,CP11_after_MPI,   1,    0.0000000000E+00,    8.3301588092E+01,    8.3301588092E+01,    0.0000000000E+00,    0.0000000000E+00,    0.0000000000E+00,    8.3301588092E+01
     90200,      0.676934,CP12_end,   1,    0.0000000000E+00,    8.3301588092E+01,    8.3301588092E+01,    0.0000000000E+00,    0.0000000000E+00,    0.0000000000E+00,    8.3301588092E+01
     90250,      0.676934,CP0_start,   1,    0.0000000000E+00,    8.3383270113E+01,    8.3383270113E+01,    0.0000000000E+00,    0.0000000000E+00,    0.0000000000E+00,    8.3383270113E+01
     90250,      0.676934,CP1_after_deposition,   1,    0.0000000000E+00,    8.3383270113E+01,    8.3383270113E+01,    0.0000000000E+00,    0.0000000000E+00,    0.0000000000E+00,    8.3383270113E+01
     90250,      0.676934,CP2_after_erosion,   1,    0.0000000000E+00,    8.3383270113E+01,    8.3383270113E+01,    0.0000000000E+00,    0.0000000000E+00,    0.0000000000E+00,    8.3383270113E+01
     90250,      0.676934,CP3_after_update_bottom,   1,    0.0000000000E+00,    8.3383270113E+01,    8.3383270113E+01,    0.0000000000E+00,    0.0000000000E+00,    0.0000000000E+00,    8.3383270113E+01
     90250,      0.676934,CP4_after_advection,   1,    0.0000000000E+00,    8.3380423163E+01,    8.3380423163E+01,    0.0000000000E+00,    0.0000000000E+00,    0.0000000000E+00,    8.3380423163E+01
     90250,      0.676934,CP5_after_vdif,   1,    0.0000000000E+00,    8.3380423163E+01,    8.3380423163E+01,    0.0000000000E+00,    0.0000000000E+00,    0.0000000000E+00,    8.3380423163E+01
     90250,      0.676934,CP6_after_kinetics,   1,    0.0000000000E+00,    8.3380423163E+01,    8.3380423163E+01,    0.0000000000E+00,    0.0000000000E+00,    0.0000000000E+00,    8.3380423163E+01
     90250,      0.676934,CP7_after_upper_clamp,   1,    0.0000000000E+00,    8.3380423163E+01,    8.3380423163E+01,    0.0000000000E+00,    0.0000000000E+00,    0.0000000000E+00,    8.3380423163E+01
     90250,      0.676934,CP8_after_OBC,   1,    0.0000000000E+00,    8.3380423163E+01,    8.3380423163E+01,    0.0000000000E+00,    0.0000000000E+00,    0.0000000000E+00,    8.3380423163E+01
     90250,      0.676934,CP9_after_PTsource,   1,    0.0000000000E+00,    8.3380423163E+01,    8.3380423163E+01,    0.0000000000E+00,    0.0000000000E+00,    0.0000000000E+00,    8.3380423163E+01
     90250,      0.676934,CP10_after_neg_clamp,   1,    0.0000000000E+00,    8.3380423163E+01,    8.3380423163E+01,    0.0000000000E+00,    0.0000000000E+00,    0.0000000000E+00,    8.3380423163E+01
     90250,      0.676934,CP11_after_MPI,   1,    0.0000000000E+00,    8.3380423163E+01,    8.3380423163E+01,    0.0000000000E+00,    0.0000000000E+00,    0.0000000000E+00,    8.3380423163E+01
     90250,      0.676934,CP12_end,   1,    0.0000000000E+00,    8.3380423163E+01,    8.3380423163E+01,    0.0000000000E+00,    0.0000000000E+00,    0.0000000000E+00,    8.3380423163E+01
     90300,      0.676934,CP0_start,   1,    0.0000000000E+00,    8.3461306738E+01,    8.3461306738E+01,    0.0000000000E+00,    0.0000000000E+00,    0.0000000000E+00,    8.3461306738E+01
     90300,      0.676934,CP1_after_deposition,   1,    0.0000000000E+00,    8.3461306738E+01,    8.3461306738E+01,    0.0000000000E+00,    0.0000000000E+00,    0.0000000000E+00,    8.3461306738E+01
     90300,      0.676934,CP2_after_erosion,   1,                 NaN,                 NaN,                 NaN,    0.0000000000E+00,    0.0000000000E+00,    0.0000000000E+00,                 NaN
     90300,      0.676934,CP3_after_update_bottom,   1,                 NaN,                 NaN,                 NaN,    0.0000000000E+00,    0.0000000000E+00,    0.0000000000E+00,                 NaN
     90300,      0.676934,CP4_after_advection,   1,                 NaN,                 NaN,                 NaN,    0.0000000000E+00,    0.0000000000E+00,    0.0000000000E+00,                 NaN
     90300,      0.676934,CP5_after_vdif,   1,                 NaN,                 NaN,                 NaN,    0.0000000000E+00,    0.0000000000E+00,    0.0000000000E+00,                 NaN
     90300,      0.676934,CP6_after_kinetics,   1,                 NaN,                 NaN,                 NaN,    0.0000000000E+00,    0.0000000000E+00,    0.0000000000E+00,                 NaN
     90300,      0.676934,CP7_after_upper_clamp,   1,                 NaN,                 NaN,                 NaN,    0.0000000000E+00,    0.0000000000E+00,    0.0000000000E+00,                 NaN
     90300,      0.676934,CP8_after_OBC,   1,                 NaN,                 NaN,                 NaN,    0.0000000000E+00,    0.0000000000E+00,    0.0000000000E+00,                 NaN
     90300,      0.676934,CP9_after_PTsource,   1,                 NaN,                 NaN,                 NaN,    0.0000000000E+00,    0.0000000000E+00,    0.0000000000E+00,                 NaN
     90300,      0.676934,CP10_after_neg_clamp,   1,    0.0000000000E+00,    8.3458453470E+01,    8.3458453470E+01,    0.0000000000E+00,    0.0000000000E+00,    0.0000000000E+00,    8.3458453470E+01
     90300,      0.676934,CP11_after_MPI,   1,    0.0000000000E+00,    8.3458453470E+01,    8.3458453470E+01,    0.0000000000E+00,    0.0000000000E+00,    0.0000000000E+00,    8.3458453470E+01
     90300,      0.676934,CP12_end,   1,    0.0000000000E+00,    8.3458453470E+01,    8.3458453470E+01,    0.0000000000E+00,    0.0000000000E+00,    0.0000000000E+00,    8.3458453470E+01
     90350,      0.676934,CP0_start,   1,    0.0000000000E+00,    8.3538671121E+01,    8.3538671121E+01,    0.0000000000E+00,    0.0000000000E+00,    0.0000000000E+00,    8.3538671121E+01
     90350,      0.676934,CP1_after_deposition,   1,    0.0000000000E+00,    8.3538671121E+01,    8.3538671121E+01,    0.0000000000E+00,    0.0000000000E+00,    0.0000000000E+00,    8.3538671121E+01
     90350,      0.676934,CP2_after_erosion,   1,    0.0000000000E+00,    8.3538671121E+01,    8.3538671121E+01,    0.0000000000E+00,    0.0000000000E+00,    0.0000000000E+00,    8.3538671121E+01
     90350,      0.676934,CP3_after_update_bottom,   1,    0.0000000000E+00,    8.3538671121E+01,    8.3538671121E+01,    0.0000000000E+00,    0.0000000000E+00,    0.0000000000E+00,    8.3538671121E+01
     90350,      0.676934,CP4_after_advection,   1,    0.0000000000E+00,    8.3535815242E+01,    8.3535815242E+01,    0.0000000000E+00,    0.0000000000E+00,    0.0000000000E+00,    8.3535815242E+01
     90350,      0.676934,CP5_after_vdif,   1,    0.0000000000E+00,    8.3535815242E+01,    8.3535815242E+01,    0.0000000000E+00,    0.0000000000E+00,    0.0000000000E+00,    8.3535815242E+01
     90350,      0.676934,CP6_after_kinetics,   1,    0.0000000000E+00,    8.3535815242E+01,    8.3535815242E+01,    0.0000000000E+00,    0.0000000000E+00,    0.0000000000E+00,    8.3535815242E+01
     90350,      0.676934,CP7_after_upper_clamp,   1,    0.0000000000E+00,    8.3535815242E+01,    8.3535815242E+01,    0.0000000000E+00,    0.0000000000E+00,    0.0000000000E+00,    8.3535815242E+01
     90350,      0.676934,CP8_after_OBC,   1,    0.0000000000E+00,    8.3535815242E+01,    8.3535815242E+01,    0.0000000000E+00,    0.0000000000E+00,    0.0000000000E+00,    8.3535815242E+01
     90350,      0.676934,CP9_after_PTsource,   1,    0.0000000000E+00,    8.3535815242E+01,    8.3535815242E+01,    0.0000000000E+00,    0.0000000000E+00,    0.0000000000E+00,    8.3535815242E+01
     90350,      0.676934,CP10_after_neg_clamp,   1,    0.0000000000E+00,    8.3535815242E+01,    8.3535815242E+01,    0.0000000000E+00,    0.0000000000E+00,    0.0000000000E+00,    8.3535815242E+01
     90350,      0.676934,CP11_after_MPI,   1,    0.0000000000E+00,    8.3535815242E+01,    8.3535815242E+01,    0.0000000000E+00,    0.0000000000E+00,    0.0000000000E+00,    8.3535815242E+01
     90350,      0.676934,CP12_end,   1,    0.0000000000E+00,    8.3535815242E+01,    8.3535815242E+01,    0.0000000000E+00,    0.0000000000E+00,    0.0000000000E+00,    8.3535815242E+01
     90400,      0.676934,CP0_start,   1,    0.0000000000E+00,    8.3615696453E+01,    8.3615696453E+01,    0.0000000000E+00,    0.0000000000E+00,    0.0000000000E+00,    8.3615696453E+01
     90400,      0.676934,CP1_after_deposition,   1,    0.0000000000E+00,    8.3615696453E+01,    8.3615696453E+01,    0.0000000000E+00,    0.0000000000E+00,    0.0000000000E+00,    8.3615696453E+01
     90400,      0.676934,CP2_after_erosion,   1,    0.0000000000E+00,    8.3615696453E+01,    8.3615696453E+01,    0.0000000000E+00,    0.0000000000E+00,    0.0000000000E+00,    8.3615696453E+01
     90400,      0.676934,CP3_after_update_bottom,   1,    0.0000000000E+00,    8.3615696453E+01,    8.3615696453E+01,    0.0000000000E+00,    0.0000000000E+00,    0.0000000000E+00,    8.3615696453E+01
     90400,      0.676934,CP4_after_advection,   1,    0.0000000000E+00,    8.3612850284E+01,    8.3612850284E+01,    0.0000000000E+00,    0.0000000000E+00,    0.0000000000E+00,    8.3612850284E+01
     90400,      0.676934,CP5_after_vdif,   1,    0.0000000000E+00,    8.3612850284E+01,    8.3612850284E+01,    0.0000000000E+00,    0.0000000000E+00,    0.0000000000E+00,    8.3612850284E+01
     90400,      0.676934,CP6_after_kinetics,   1,    0.0000000000E+00,    8.3612850284E+01,    8.3612850284E+01,    0.0000000000E+00,    0.0000000000E+00,    0.0000000000E+00,    8.3612850284E+01
     90400,      0.676934,CP7_after_upper_clamp,   1,    0.0000000000E+00,    8.3612850284E+01,    8.3612850284E+01,    0.0000000000E+00,    0.0000000000E+00,    0.0000000000E+00,    8.3612850284E+01
     90400,      0.676934,CP8_after_OBC,   1,    0.0000000000E+00,    8.3612850284E+01,    8.3612850284E+01,    0.0000000000E+00,    0.0000000000E+00,    0.0000000000E+00,    8.3612850284E+01
     90400,      0.676934,CP9_after_PTsource,   1,    0.0000000000E+00,    8.3612850284E+01,    8.3612850284E+01,    0.0000000000E+00,    0.0000000000E+00,    0.0000000000E+00,    8.3612850284E+01
     90400,      0.676934,CP10_after_neg_clamp,   1,    0.0000000000E+00,    8.3612850284E+01,    8.3612850284E+01,    0.0000000000E+00,    0.0000000000E+00,    0.0000000000E+00,    8.3612850284E+01
     90400,      0.676934,CP11_after_MPI,   1,    0.0000000000E+00,    8.3612850284E+01,    8.3612850284E+01,    0.0000000000E+00,    0.0000000000E+00,    0.0000000000E+00,    8.3612850284E+01
     90400,      0.676934,CP12_end,   1,    0.0000000000E+00,    8.3612850284E+01,    8.3612850284E+01,    0.0000000000E+00,    0.0000000000E+00,    0.0000000000E+00,    8.3612850284E+01
     90450,      0.676934,CP0_start,   1,    0.0000000000E+00,    8.3692672134E+01,    8.3692672134E+01,    0.0000000000E+00,    0.0000000000E+00,    0.0000000000E+00,    8.3692672134E+01
     90450,      0.676934,CP1_after_deposition,   1,    0.0000000000E+00,    8.3692672134E+01,    8.3692672134E+01,    0.0000000000E+00,    0.0000000000E+00,    0.0000000000E+00,    8.3692672134E+01
     90450,      0.676934,CP2_after_erosion,   1,    0.0000000000E+00,    8.3692672134E+01,    8.3692672134E+01,    0.0000000000E+00,    0.0000000000E+00,    0.0000000000E+00,    8.3692672134E+01
     90450,      0.676934,CP3_after_update_bottom,   1,    0.0000000000E+00,    8.3692672134E+01,    8.3692672134E+01,    0.0000000000E+00,    0.0000000000E+00,    0.0000000000E+00,    8.3692672134E+01
     90450,      0.676934,CP4_after_advection,   1,    0.0000000000E+00,    8.3689845891E+01,    8.3689845891E+01,    0.0000000000E+00,    0.0000000000E+00,    0.0000000000E+00,    8.3689845891E+01
     90450,      0.676934,CP5_after_vdif,   1,    0.0000000000E+00,    8.3689845891E+01,    8.3689845891E+01,    0.0000000000E+00,    0.0000000000E+00,    0.0000000000E+00,    8.3689845891E+01
     90450,      0.676934,CP6_after_kinetics,   1,    0.0000000000E+00,    8.3689845891E+01,    8.3689845891E+01,    0.0000000000E+00,    0.0000000000E+00,    0.0000000000E+00,    8.3689845891E+01
     90450,      0.676934,CP7_after_upper_clamp,   1,    0.0000000000E+00,    8.3689845891E+01,    8.3689845891E+01,    0.0000000000E+00,    0.0000000000E+00,    0.0000000000E+00,    8.3689845891E+01
     90450,      0.676934,CP8_after_OBC,   1,    0.0000000000E+00,    8.3689845891E+01,    8.3689845891E+01,    0.0000000000E+00,    0.0000000000E+00,    0.0000000000E+00,    8.3689845891E+01
     90450,      0.676934,CP9_after_PTsource,   1,    0.0000000000E+00,    8.3689845891E+01,    8.3689845891E+01,    0.0000000000E+00,    0.0000000000E+00,    0.0000000000E+00,    8.3689845891E+01
     90450,      0.676934,CP10_after_neg_clamp,   1,    0.0000000000E+00,    8.3689845891E+01,    8.3689845891E+01,    0.0000000000E+00,    0.0000000000E+00,    0.0000000000E+00,    8.3689845891E+01
     90450,      0.676934,CP11_after_MPI,   1,    0.0000000000E+00,    8.3689845891E+01,    8.3689845891E+01,    0.0000000000E+00,    0.0000000000E+00,    0.0000000000E+00,    8.3689845891E+01
     90450,      0.676934,CP12_end,   1,    0.0000000000E+00,    8.3689845891E+01,    8.3689845891E+01,    0.0000000000E+00,    0.0000000000E+00,    0.0000000000E+00,    8.3689845891E+01
     90500,      0.676934,CP0_start,   1,    0.0000000000E+00,    8.3769888028E+01,    8.3769888028E+01,    0.0000000000E+00,    0.0000000000E+00,    0.0000000000E+00,    8.3769888028E+01
     90500,      0.676934,CP1_after_deposition,   1,    0.0000000000E+00,    8.3769888028E+01,    8.3769888028E+01,    0.0000000000E+00,    0.0000000000E+00,    0.0000000000E+00,    8.3769888028E+01
     90500,      0.676934,CP2_after_erosion,   1,    0.0000000000E+00,    8.3769888028E+01,    8.3769888028E+01,    0.0000000000E+00,    0.0000000000E+00,    0.0000000000E+00,    8.3769888028E+01
     90500,      0.676934,CP3_after_update_bottom,   1,    0.0000000000E+00,    8.3769888028E+01,    8.3769888028E+01,    0.0000000000E+00,    0.0000000000E+00,    0.0000000000E+00,    8.3769888028E+01
     90500,      0.676934,CP4_after_advection,   1,    0.0000000000E+00,    8.3767089710E+01,    8.3767089710E+01,    0.0000000000E+00,    0.0000000000E+00,    0.0000000000E+00,    8.3767089710E+01
     90500,      0.676934,CP5_after_vdif,   1,    0.0000000000E+00,    8.3767089710E+01,    8.3767089710E+01,    0.0000000000E+00,    0.0000000000E+00,    0.0000000000E+00,    8.3767089710E+01
     90500,      0.676934,CP6_after_kinetics,   1,    0.0000000000E+00,    8.3767089710E+01,    8.3767089710E+01,    0.0000000000E+00,    0.0000000000E+00,    0.0000000000E+00,    8.3767089710E+01
     90500,      0.676934,CP7_after_upper_clamp,   1,    0.0000000000E+00,    8.3767089710E+01,    8.3767089710E+01,    0.0000000000E+00,    0.0000000000E+00,    0.0000000000E+00,    8.3767089710E+01
     90500,      0.676934,CP8_after_OBC,   1,    0.0000000000E+00,    8.3767089710E+01,    8.3767089710E+01,    0.0000000000E+00,    0.0000000000E+00,    0.0000000000E+00,    8.3767089710E+01
     90500,      0.676934,CP9_after_PTsource,   1,    0.0000000000E+00,    8.3767089710E+01,    8.3767089710E+01,    0.0000000000E+00,    0.0000000000E+00,    0.0000000000E+00,    8.3767089710E+01
     90500,      0.676934,CP10_after_neg_clamp,   1,    0.0000000000E+00,    8.3767089710E+01,    8.3767089710E+01,    0.0000000000E+00,    0.0000000000E+00,    0.0000000000E+00,    8.3767089710E+01
     90500,      0.676934,CP11_after_MPI,   1,    0.0000000000E+00,    8.3767089710E+01,    8.3767089710E+01,    0.0000000000E+00,    0.0000000000E+00,    0.0000000000E+00,    8.3767089710E+01
     90500,      0.676934,CP12_end,   1,    0.0000000000E+00,    8.3767089710E+01,    8.3767089710E+01,    0.0000000000E+00,    0.0000000000E+00,    0.0000000000E+00,    8.3767089710E+01
     90550,      0.676934,CP0_start,   1,    0.0000000000E+00,    8.3847466645E+01,    8.3847466645E+01,    0.0000000000E+00,    0.0000000000E+00,    0.0000000000E+00,    8.3847466645E+01
     90550,      0.676934,CP1_after_deposition,   1,    0.0000000000E+00,    8.3847466645E+01,    8.3847466645E+01,    0.0000000000E+00,    0.0000000000E+00,    0.0000000000E+00,    8.3847466645E+01
     90550,      0.676934,CP2_after_erosion,   1,    0.0000000000E+00,    8.3847466645E+01,    8.3847466645E+01,    0.0000000000E+00,    0.0000000000E+00,    0.0000000000E+00,    8.3847466645E+01
     90550,      0.676934,CP3_after_update_bottom,   1,    0.0000000000E+00,    8.3847466645E+01,    8.3847466645E+01,    0.0000000000E+00,    0.0000000000E+00,    0.0000000000E+00,    8.3847466645E+01
     90550,      0.676934,CP4_after_advection,   1,    0.0000000000E+00,    8.3844700074E+01,    8.3844700074E+01,    0.0000000000E+00,    0.0000000000E+00,    0.0000000000E+00,    8.3844700074E+01
     90550,      0.676934,CP5_after_vdif,   1,    0.0000000000E+00,    8.3844700074E+01,    8.3844700074E+01,    0.0000000000E+00,    0.0000000000E+00,    0.0000000000E+00,    8.3844700074E+01
     90550,      0.676934,CP6_after_kinetics,   1,    0.0000000000E+00,    8.3844700074E+01,    8.3844700074E+01,    0.0000000000E+00,    0.0000000000E+00,    0.0000000000E+00,    8.3844700074E+01
     90550,      0.676934,CP7_after_upper_clamp,   1,    0.0000000000E+00,    8.3844700074E+01,    8.3844700074E+01,    0.0000000000E+00,    0.0000000000E+00,    0.0000000000E+00,    8.3844700074E+01
     90550,      0.676934,CP8_after_OBC,   1,    0.0000000000E+00,    8.3844700074E+01,    8.3844700074E+01,    0.0000000000E+00,    0.0000000000E+00,    0.0000000000E+00,    8.3844700074E+01
     90550,      0.676934,CP9_after_PTsource,   1,    0.0000000000E+00,    8.3844700074E+01,    8.3844700074E+01,    0.0000000000E+00,    0.0000000000E+00,    0.0000000000E+00,    8.3844700074E+01
     90550,      0.676934,CP10_after_neg_clamp,   1,    0.0000000000E+00,    8.3844700074E+01,    8.3844700074E+01,    0.0000000000E+00,    0.0000000000E+00,    0.0000000000E+00,    8.3844700074E+01
     90550,      0.676934,CP11_after_MPI,   1,    0.0000000000E+00,    8.3844700074E+01,    8.3844700074E+01,    0.0000000000E+00,    0.0000000000E+00,    0.0000000000E+00,    8.3844700074E+01
     90550,      0.676934,CP12_end,   1,    0.0000000000E+00,    8.3844700074E+01,    8.3844700074E+01,    0.0000000000E+00,    0.0000000000E+00,    0.0000000000E+00,    8.3844700074E+01
     90600,      0.676934,CP0_start,   1,    0.0000000000E+00,    8.3925427855E+01,    8.3925427855E+01,    0.0000000000E+00,    0.0000000000E+00,    0.0000000000E+00,    8.3925427855E+01
     90600,      0.676934,CP1_after_deposition,   1,    0.0000000000E+00,    8.3925427855E+01,    8.3925427855E+01,    0.0000000000E+00,    0.0000000000E+00,    0.0000000000E+00,    8.3925427855E+01
     90600,      0.676934,CP2_after_erosion,   1,    0.0000000000E+00,    8.3925427855E+01,    8.3925427855E+01,    0.0000000000E+00,    0.0000000000E+00,    0.0000000000E+00,    8.3925427855E+01
     90600,      0.676934,CP3_after_update_bottom,   1,    0.0000000000E+00,    8.3925427855E+01,    8.3925427855E+01,    0.0000000000E+00,    0.0000000000E+00,    0.0000000000E+00,    8.3925427855E+01
     90600,      0.676934,CP4_after_advection,   1,    0.0000000000E+00,    8.3922699176E+01,    8.3922699176E+01,    0.0000000000E+00,    0.0000000000E+00,    0.0000000000E+00,    8.3922699176E+01
     90600,      0.676934,CP5_after_vdif,   1,    0.0000000000E+00,    8.3922699176E+01,    8.3922699176E+01,    0.0000000000E+00,    0.0000000000E+00,    0.0000000000E+00,    8.3922699176E+01
     90600,      0.676934,CP6_after_kinetics,   1,    0.0000000000E+00,    8.3922699176E+01,    8.3922699176E+01,    0.0000000000E+00,    0.0000000000E+00,    0.0000000000E+00,    8.3922699176E+01
     90600,      0.676934,CP7_after_upper_clamp,   1,    0.0000000000E+00,    8.3922699176E+01,    8.3922699176E+01,    0.0000000000E+00,    0.0000000000E+00,    0.0000000000E+00,    8.3922699176E+01
     90600,      0.676934,CP8_after_OBC,   1,    0.0000000000E+00,    8.3922699176E+01,    8.3922699176E+01,    0.0000000000E+00,    0.0000000000E+00,    0.0000000000E+00,    8.3922699176E+01
     90600,      0.676934,CP9_after_PTsource,   1,    0.0000000000E+00,    8.3922699176E+01,    8.3922699176E+01,    0.0000000000E+00,    0.0000000000E+00,    0.0000000000E+00,    8.3922699176E+01
     90600,      0.676934,CP10_after_neg_clamp,   1,    0.0000000000E+00,    8.3922699176E+01,    8.3922699176E+01,    0.0000000000E+00,    0.0000000000E+00,    0.0000000000E+00,    8.3922699176E+01
     90600,      0.676934,CP11_after_MPI,   1,    0.0000000000E+00,    8.3922699176E+01,    8.3922699176E+01,    0.0000000000E+00,    0.0000000000E+00,    0.0000000000E+00,    8.3922699176E+01
     90600,      0.676934,CP12_end,   1,    0.0000000000E+00,    8.3922699176E+01,    8.3922699176E+01,    0.0000000000E+00,    0.0000000000E+00,    0.0000000000E+00,    8.3922699176E+01
     90650,      0.676934,CP0_start,   1,    0.0000000000E+00,    8.4003715436E+01,    8.4003715436E+01,    0.0000000000E+00,    0.0000000000E+00,    0.0000000000E+00,    8.4003715436E+01
     90650,      0.676934,CP1_after_deposition,   1,    0.0000000000E+00,    8.4003715436E+01,    8.4003715436E+01,    0.0000000000E+00,    0.0000000000E+00,    0.0000000000E+00,    8.4003715436E+01
     90650,      0.676934,CP2_after_erosion,   1,    0.0000000000E+00,    8.4003715436E+01,    8.4003715436E+01,    0.0000000000E+00,    0.0000000000E+00,    0.0000000000E+00,    8.4003715436E+01
     90650,      0.676934,CP3_after_update_bottom,   1,    0.0000000000E+00,    8.4003715436E+01,    8.4003715436E+01,    0.0000000000E+00,    0.0000000000E+00,    0.0000000000E+00,    8.4003715436E+01
     90650,      0.676934,CP4_after_advection,   1,    0.0000000000E+00,    8.4001023179E+01,    8.4001023179E+01,    0.0000000000E+00,    0.0000000000E+00,    0.0000000000E+00,    8.4001023179E+01
     90650,      0.676934,CP5_after_vdif,   1,    0.0000000000E+00,    8.4001023179E+01,    8.4001023179E+01,    0.0000000000E+00,    0.0000000000E+00,    0.0000000000E+00,    8.4001023179E+01
     90650,      0.676934,CP6_after_kinetics,   1,    0.0000000000E+00,    8.4001023179E+01,    8.4001023179E+01,    0.0000000000E+00,    0.0000000000E+00,    0.0000000000E+00,    8.4001023179E+01
     90650,      0.676934,CP7_after_upper_clamp,   1,    0.0000000000E+00,    8.4001023179E+01,    8.4001023179E+01,    0.0000000000E+00,    0.0000000000E+00,    0.0000000000E+00,    8.4001023179E+01
     90650,      0.676934,CP8_after_OBC,   1,    0.0000000000E+00,    8.4001023179E+01,    8.4001023179E+01,    0.0000000000E+00,    0.0000000000E+00,    0.0000000000E+00,    8.4001023179E+01
     90650,      0.676934,CP9_after_PTsource,   1,    0.0000000000E+00,    8.4001023179E+01,    8.4001023179E+01,    0.0000000000E+00,    0.0000000000E+00,    0.0000000000E+00,    8.4001023179E+01
     90650,      0.676934,CP10_after_neg_clamp,   1,    0.0000000000E+00,    8.4001023179E+01,    8.4001023179E+01,    0.0000000000E+00,    0.0000000000E+00,    0.0000000000E+00,    8.4001023179E+01
     90650,      0.676934,CP11_after_MPI,   1,    0.0000000000E+00,    8.4001023179E+01,    8.4001023179E+01,    0.0000000000E+00,    0.0000000000E+00,    0.0000000000E+00,    8.4001023179E+01
     90650,      0.676934,CP12_end,   1,    0.0000000000E+00,    8.4001023179E+01,    8.4001023179E+01,    0.0000000000E+00,    0.0000000000E+00,    0.0000000000E+00,    8.4001023179E+01
     90700,      0.676934,CP0_start,   1,    0.0000000000E+00,    8.4082270466E+01,    8.4082270466E+01,    0.0000000000E+00,    0.0000000000E+00,    0.0000000000E+00,    8.4082270466E+01
     90700,      0.676934,CP1_after_deposition,   1,    0.0000000000E+00,    8.4082270466E+01,    8.4082270466E+01,    0.0000000000E+00,    0.0000000000E+00,    0.0000000000E+00,    8.4082270466E+01
     90700,      0.676934,CP2_after_erosion,   1,    0.0000000000E+00,    8.4082270466E+01,    8.4082270466E+01,    0.0000000000E+00,    0.0000000000E+00,    0.0000000000E+00,    8.4082270466E+01
     90700,      0.676934,CP3_after_update_bottom,   1,    0.0000000000E+00,    8.4082270466E+01,    8.4082270466E+01,    0.0000000000E+00,    0.0000000000E+00,    0.0000000000E+00,    8.4082270466E+01
     90700,      0.676934,CP4_after_advection,   1,    0.0000000000E+00,    8.4079616217E+01,    8.4079616217E+01,    0.0000000000E+00,    0.0000000000E+00,    0.0000000000E+00,    8.4079616217E+01
     90700,      0.676934,CP5_after_vdif,   1,    0.0000000000E+00,    8.4079616217E+01,    8.4079616217E+01,    0.0000000000E+00,    0.0000000000E+00,    0.0000000000E+00,    8.4079616217E+01
     90700,      0.676934,CP6_after_kinetics,   1,    0.0000000000E+00,    8.4079616217E+01,    8.4079616217E+01,    0.0000000000E+00,    0.0000000000E+00,    0.0000000000E+00,    8.4079616217E+01
     90700,      0.676934,CP7_after_upper_clamp,   1,    0.0000000000E+00,    8.4079616217E+01,    8.4079616217E+01,    0.0000000000E+00,    0.0000000000E+00,    0.0000000000E+00,    8.4079616217E+01
     90700,      0.676934,CP8_after_OBC,   1,    0.0000000000E+00,    8.4079616217E+01,    8.4079616217E+01,    0.0000000000E+00,    0.0000000000E+00,    0.0000000000E+00,    8.4079616217E+01
     90700,      0.676934,CP9_after_PTsource,   1,    0.0000000000E+00,    8.4079616217E+01,    8.4079616217E+01,    0.0000000000E+00,    0.0000000000E+00,    0.0000000000E+00,    8.4079616217E+01
     90700,      0.676934,CP10_after_neg_clamp,   1,    0.0000000000E+00,    8.4079616217E+01,    8.4079616217E+01,    0.0000000000E+00,    0.0000000000E+00,    0.0000000000E+00,    8.4079616217E+01
     90700,      0.676934,CP11_after_MPI,   1,    0.0000000000E+00,    8.4079616217E+01,    8.4079616217E+01,    0.0000000000E+00,    0.0000000000E+00,    0.0000000000E+00,    8.4079616217E+01
     90700,      0.676934,CP12_end,   1,    0.0000000000E+00,    8.4079616217E+01,    8.4079616217E+01,    0.0000000000E+00,    0.0000000000E+00,    0.0000000000E+00,    8.4079616217E+01
     90750,      0.676934,CP0_start,   1,    0.0000000000E+00,    8.4160966293E+01,    8.4160966293E+01,    0.0000000000E+00,    0.0000000000E+00,    0.0000000000E+00,    8.4160966293E+01
     90750,      0.676934,CP1_after_deposition,   1,    0.0000000000E+00,    8.4160966293E+01,    8.4160966293E+01,    0.0000000000E+00,    0.0000000000E+00,    0.0000000000E+00,    8.4160966293E+01
     90750,      0.676934,CP2_after_erosion,   1,    0.0000000000E+00,    8.4160966293E+01,    8.4160966293E+01,    0.0000000000E+00,    0.0000000000E+00,    0.0000000000E+00,    8.4160966293E+01
     90750,      0.676934,CP3_after_update_bottom,   1,    0.0000000000E+00,    8.4160966293E+01,    8.4160966293E+01,    0.0000000000E+00,    0.0000000000E+00,    0.0000000000E+00,    8.4160966293E+01
     90750,      0.676934,CP4_after_advection,   1,    0.0000000000E+00,    8.4158351647E+01,    8.4158351647E+01,    0.0000000000E+00,    0.0000000000E+00,    0.0000000000E+00,    8.4158351647E+01
     90750,      0.676934,CP5_after_vdif,   1,    0.0000000000E+00,    8.4158351647E+01,    8.4158351647E+01,    0.0000000000E+00,    0.0000000000E+00,    0.0000000000E+00,    8.4158351647E+01
     90750,      0.676934,CP6_after_kinetics,   1,    0.0000000000E+00,    8.4158351647E+01,    8.4158351647E+01,    0.0000000000E+00,    0.0000000000E+00,    0.0000000000E+00,    8.4158351647E+01
     90750,      0.676934,CP7_after_upper_clamp,   1,    0.0000000000E+00,    8.4158351647E+01,    8.4158351647E+01,    0.0000000000E+00,    0.0000000000E+00,    0.0000000000E+00,    8.4158351647E+01
     90750,      0.676934,CP8_after_OBC,   1,    0.0000000000E+00,    8.4158351647E+01,    8.4158351647E+01,    0.0000000000E+00,    0.0000000000E+00,    0.0000000000E+00,    8.4158351647E+01
     90750,      0.676934,CP9_after_PTsource,   1,    0.0000000000E+00,    8.4158351647E+01,    8.4158351647E+01,    0.0000000000E+00,    0.0000000000E+00,    0.0000000000E+00,    8.4158351647E+01
     90750,      0.676934,CP10_after_neg_clamp,   1,    0.0000000000E+00,    8.4158351647E+01,    8.4158351647E+01,    0.0000000000E+00,    0.0000000000E+00,    0.0000000000E+00,    8.4158351647E+01
     90750,      0.676934,CP11_after_MPI,   1,    0.0000000000E+00,    8.4158351647E+01,    8.4158351647E+01,    0.0000000000E+00,    0.0000000000E+00,    0.0000000000E+00,    8.4158351647E+01
     90750,      0.676934,CP12_end,   1,    0.0000000000E+00,    8.4158351647E+01,    8.4158351647E+01,    0.0000000000E+00,    0.0000000000E+00,    0.0000000000E+00,    8.4158351647E+01
     90800,      0.676934,CP0_start,   1,    0.0000000000E+00,    8.4239737840E+01,    8.4239737840E+01,    0.0000000000E+00,    0.0000000000E+00,    0.0000000000E+00,    8.4239737840E+01
     90800,      0.676934,CP1_after_deposition,   1,    0.0000000000E+00,    8.4239737840E+01,    8.4239737840E+01,    0.0000000000E+00,    0.0000000000E+00,    0.0000000000E+00,    8.4239737840E+01
     90800,      0.676934,CP2_after_erosion,   1,    0.0000000000E+00,    8.4239737840E+01,    8.4239737840E+01,    0.0000000000E+00,    0.0000000000E+00,    0.0000000000E+00,    8.4239737840E+01
     90800,      0.676934,CP3_after_update_bottom,   1,    0.0000000000E+00,    8.4239737840E+01,    8.4239737840E+01,    0.0000000000E+00,    0.0000000000E+00,    0.0000000000E+00,    8.4239737840E+01
     90800,      0.676934,CP4_after_advection,   1,    0.0000000000E+00,    8.4237163657E+01,    8.4237163657E+01,    0.0000000000E+00,    0.0000000000E+00,    0.0000000000E+00,    8.4237163657E+01
     90800,      0.676934,CP5_after_vdif,   1,    0.0000000000E+00,    8.4237163657E+01,    8.4237163657E+01,    0.0000000000E+00,    0.0000000000E+00,    0.0000000000E+00,    8.4237163657E+01
     90800,      0.676934,CP6_after_kinetics,   1,    0.0000000000E+00,    8.4237163657E+01,    8.4237163657E+01,    0.0000000000E+00,    0.0000000000E+00,    0.0000000000E+00,    8.4237163657E+01
     90800,      0.676934,CP7_after_upper_clamp,   1,    0.0000000000E+00,    8.4237163657E+01,    8.4237163657E+01,    0.0000000000E+00,    0.0000000000E+00,    0.0000000000E+00,    8.4237163657E+01
     90800,      0.676934,CP8_after_OBC,   1,    0.0000000000E+00,    8.4237163657E+01,    8.4237163657E+01,    0.0000000000E+00,    0.0000000000E+00,    0.0000000000E+00,    8.4237163657E+01
     90800,      0.676934,CP9_after_PTsource,   1,    0.0000000000E+00,    8.4237163657E+01,    8.4237163657E+01,    0.0000000000E+00,    0.0000000000E+00,    0.0000000000E+00,    8.4237163657E+01
     90800,      0.676934,CP10_after_neg_clamp,   1,    0.0000000000E+00,    8.4237163657E+01,    8.4237163657E+01,    0.0000000000E+00,    0.0000000000E+00,    0.0000000000E+00,    8.4237163657E+01
     90800,      0.676934,CP11_after_MPI,   1,    0.0000000000E+00,    8.4237163657E+01,    8.4237163657E+01,    0.0000000000E+00,    0.0000000000E+00,    0.0000000000E+00,    8.4237163657E+01
     90800,      0.676934,CP12_end,   1,    0.0000000000E+00,    8.4237163657E+01,    8.4237163657E+01,    0.0000000000E+00,    0.0000000000E+00,    0.0000000000E+00,    8.4237163657E+01
     90850,      0.676934,CP0_start,   1,    0.0000000000E+00,    8.4318551046E+01,    8.4318551046E+01,    0.0000000000E+00,    0.0000000000E+00,    0.0000000000E+00,    8.4318551046E+01
     90850,      0.676934,CP1_after_deposition,   1,    0.0000000000E+00,    8.4318551046E+01,    8.4318551046E+01,    0.0000000000E+00,    0.0000000000E+00,    0.0000000000E+00,    8.4318551046E+01
     90850,      0.676934,CP2_after_erosion,   1,    0.0000000000E+00,    8.4318551046E+01,    8.4318551046E+01,    0.0000000000E+00,    0.0000000000E+00,    0.0000000000E+00,    8.4318551046E+01
     90850,      0.676934,CP3_after_update_bottom,   1,    0.0000000000E+00,    8.4318551046E+01,    8.4318551046E+01,    0.0000000000E+00,    0.0000000000E+00,    0.0000000000E+00,    8.4318551046E+01
     90850,      0.676934,CP4_after_advection,   1,    0.0000000000E+00,    8.4316020994E+01,    8.4316020994E+01,    0.0000000000E+00,    0.0000000000E+00,    0.0000000000E+00,    8.4316020994E+01
     90850,      0.676934,CP5_after_vdif,   1,    0.0000000000E+00,    8.4316020994E+01,    8.4316020994E+01,    0.0000000000E+00,    0.0000000000E+00,    0.0000000000E+00,    8.4316020994E+01
     90850,      0.676934,CP6_after_kinetics,   1,    0.0000000000E+00,    8.4316020994E+01,    8.4316020994E+01,    0.0000000000E+00,    0.0000000000E+00,    0.0000000000E+00,    8.4316020994E+01
     90850,      0.676934,CP7_after_upper_clamp,   1,    0.0000000000E+00,    8.4316020994E+01,    8.4316020994E+01,    0.0000000000E+00,    0.0000000000E+00,    0.0000000000E+00,    8.4316020994E+01
     90850,      0.676934,CP8_after_OBC,   1,    0.0000000000E+00,    8.4316020994E+01,    8.4316020994E+01,    0.0000000000E+00,    0.0000000000E+00,    0.0000000000E+00,    8.4316020994E+01
     90850,      0.676934,CP9_after_PTsource,   1,    0.0000000000E+00,    8.4316020994E+01,    8.4316020994E+01,    0.0000000000E+00,    0.0000000000E+00,    0.0000000000E+00,    8.4316020994E+01
     90850,      0.676934,CP10_after_neg_clamp,   1,    0.0000000000E+00,    8.4316020994E+01,    8.4316020994E+01,    0.0000000000E+00,    0.0000000000E+00,    0.0000000000E+00,    8.4316020994E+01
     90850,      0.676934,CP11_after_MPI,   1,    0.0000000000E+00,    8.4316020994E+01,    8.4316020994E+01,    0.0000000000E+00,    0.0000000000E+00,    0.0000000000E+00,    8.4316020994E+01
     90850,      0.676934,CP12_end,   1,    0.0000000000E+00,    8.4316020994E+01,    8.4316020994E+01,    0.0000000000E+00,    0.0000000000E+00,    0.0000000000E+00,    8.4316020994E+01
     90900,      0.676934,CP0_start,   1,    0.0000000000E+00,    8.4397423383E+01,    8.4397423383E+01,    0.0000000000E+00,    0.0000000000E+00,    0.0000000000E+00,    8.4397423383E+01
     90900,      0.676934,CP1_after_deposition,   1,    0.0000000000E+00,    8.4397423383E+01,    8.4397423383E+01,    0.0000000000E+00,    0.0000000000E+00,    0.0000000000E+00,    8.4397423383E+01
     90900,      0.676934,CP2_after_erosion,   1,    0.0000000000E+00,    8.4397423383E+01,    8.4397423383E+01,    0.0000000000E+00,    0.0000000000E+00,    0.0000000000E+00,    8.4397423383E+01
     90900,      0.676934,CP3_after_update_bottom,   1,    0.0000000000E+00,    8.4397423383E+01,    8.4397423383E+01,    0.0000000000E+00,    0.0000000000E+00,    0.0000000000E+00,    8.4397423383E+01
     90900,      0.676934,CP4_after_advection,   1,    0.0000000000E+00,    8.4394937874E+01,    8.4394937874E+01,    0.0000000000E+00,    0.0000000000E+00,    0.0000000000E+00,    8.4394937874E+01
     90900,      0.676934,CP5_after_vdif,   1,    0.0000000000E+00,    8.4394937874E+01,    8.4394937874E+01,    0.0000000000E+00,    0.0000000000E+00,    0.0000000000E+00,    8.4394937874E+01
     90900,      0.676934,CP6_after_kinetics,   1,    0.0000000000E+00,    8.4394937874E+01,    8.4394937874E+01,    0.0000000000E+00,    0.0000000000E+00,    0.0000000000E+00,    8.4394937874E+01
     90900,      0.676934,CP7_after_upper_clamp,   1,    0.0000000000E+00,    8.4394937874E+01,    8.4394937874E+01,    0.0000000000E+00,    0.0000000000E+00,    0.0000000000E+00,    8.4394937874E+01
     90900,      0.676934,CP8_after_OBC,   1,    0.0000000000E+00,    8.4394937874E+01,    8.4394937874E+01,    0.0000000000E+00,    0.0000000000E+00,    0.0000000000E+00,    8.4394937874E+01
     90900,      0.676934,CP9_after_PTsource,   1,    0.0000000000E+00,    8.4394937874E+01,    8.4394937874E+01,    0.0000000000E+00,    0.0000000000E+00,    0.0000000000E+00,    8.4394937874E+01
     90900,      0.676934,CP10_after_neg_clamp,   1,    0.0000000000E+00,    8.4394937874E+01,    8.4394937874E+01,    0.0000000000E+00,    0.0000000000E+00,    0.0000000000E+00,    8.4394937874E+01
     90900,      0.676934,CP11_after_MPI,   1,    0.0000000000E+00,    8.4394937874E+01,    8.4394937874E+01,    0.0000000000E+00,    0.0000000000E+00,    0.0000000000E+00,    8.4394937874E+01
     90900,      0.676934,CP12_end,   1,    0.0000000000E+00,    8.4394937874E+01,    8.4394937874E+01,    0.0000000000E+00,    0.0000000000E+00,    0.0000000000E+00,    8.4394937874E+01
     90950,      0.676934,CP0_start,   1,    0.0000000000E+00,    8.4475806529E+01,    8.4475806529E+01,    0.0000000000E+00,    0.0000000000E+00,    0.0000000000E+00,    8.4475806529E+01
     90950,      0.676934,CP1_after_deposition,   1,    0.0000000000E+00,    8.4475806529E+01,    8.4475806529E+01,    0.0000000000E+00,    0.0000000000E+00,    0.0000000000E+00,    8.4475806529E+01
     90950,      0.676934,CP2_after_erosion,   1,    0.0000000000E+00,    8.4475806529E+01,    8.4475806529E+01,    0.0000000000E+00,    0.0000000000E+00,    0.0000000000E+00,    8.4475806529E+01
     90950,      0.676934,CP3_after_update_bottom,   1,    0.0000000000E+00,    8.4475806529E+01,    8.4475806529E+01,    0.0000000000E+00,    0.0000000000E+00,    0.0000000000E+00,    8.4475806529E+01
     90950,      0.676934,CP4_after_advection,   1,    0.0000000000E+00,    8.4473366088E+01,    8.4473366088E+01,    0.0000000000E+00,    0.0000000000E+00,    0.0000000000E+00,    8.4473366088E+01
     90950,      0.676934,CP5_after_vdif,   1,    0.0000000000E+00,    8.4473366088E+01,    8.4473366088E+01,    0.0000000000E+00,    0.0000000000E+00,    0.0000000000E+00,    8.4473366088E+01
     90950,      0.676934,CP6_after_kinetics,   1,    0.0000000000E+00,    8.4473366088E+01,    8.4473366088E+01,    0.0000000000E+00,    0.0000000000E+00,    0.0000000000E+00,    8.4473366088E+01
     90950,      0.676934,CP7_after_upper_clamp,   1,    0.0000000000E+00,    8.4473366088E+01,    8.4473366088E+01,    0.0000000000E+00,    0.0000000000E+00,    0.0000000000E+00,    8.4473366088E+01
     90950,      0.676934,CP8_after_OBC,   1,    0.0000000000E+00,    8.4473366088E+01,    8.4473366088E+01,    0.0000000000E+00,    0.0000000000E+00,    0.0000000000E+00,    8.4473366088E+01
     90950,      0.676934,CP9_after_PTsource,   1,    0.0000000000E+00,    8.4473366088E+01,    8.4473366088E+01,    0.0000000000E+00,    0.0000000000E+00,    0.0000000000E+00,    8.4473366088E+01
     90950,      0.676934,CP10_after_neg_clamp,   1,    0.0000000000E+00,    8.4473366088E+01,    8.4473366088E+01,    0.0000000000E+00,    0.0000000000E+00,    0.0000000000E+00,    8.4473366088E+01
     90950,      0.676934,CP11_after_MPI,   1,    0.0000000000E+00,    8.4473366088E+01,    8.4473366088E+01,    0.0000000000E+00,    0.0000000000E+00,    0.0000000000E+00,    8.4473366088E+01
     90950,      0.676934,CP12_end,   1,    0.0000000000E+00,    8.4473366088E+01,    8.4473366088E+01,    0.0000000000E+00,    0.0000000000E+00,    0.0000000000E+00,    8.4473366088E+01
     91000,      0.676934,CP0_start,   1,    0.0000000000E+00,    8.4554217519E+01,    8.4554217519E+01,    0.0000000000E+00,    0.0000000000E+00,    0.0000000000E+00,    8.4554217519E+01
     91000,      0.676934,CP1_after_deposition,   1,    0.0000000000E+00,    8.4554217519E+01,    8.4554217519E+01,    0.0000000000E+00,    0.0000000000E+00,    0.0000000000E+00,    8.4554217519E+01
     91000,      0.676934,CP2_after_erosion,   1,    0.0000000000E+00,    8.4554217519E+01,    8.4554217519E+01,    0.0000000000E+00,    0.0000000000E+00,    0.0000000000E+00,    8.4554217519E+01
     91000,      0.676934,CP3_after_update_bottom,   1,    0.0000000000E+00,    8.4554217519E+01,    8.4554217519E+01,    0.0000000000E+00,    0.0000000000E+00,    0.0000000000E+00,    8.4554217519E+01
     91000,      0.676934,CP4_after_advection,   1,    0.0000000000E+00,    8.4551824079E+01,    8.4551824079E+01,    0.0000000000E+00,    0.0000000000E+00,    0.0000000000E+00,    8.4551824079E+01
     91000,      0.676934,CP5_after_vdif,   1,    0.0000000000E+00,    8.4551824079E+01,    8.4551824079E+01,    0.0000000000E+00,    0.0000000000E+00,    0.0000000000E+00,    8.4551824079E+01
     91000,      0.676934,CP6_after_kinetics,   1,    0.0000000000E+00,    8.4551824079E+01,    8.4551824079E+01,    0.0000000000E+00,    0.0000000000E+00,    0.0000000000E+00,    8.4551824079E+01
     91000,      0.676934,CP7_after_upper_clamp,   1,    0.0000000000E+00,    8.4551824079E+01,    8.4551824079E+01,    0.0000000000E+00,    0.0000000000E+00,    0.0000000000E+00,    8.4551824079E+01
     91000,      0.676934,CP8_after_OBC,   1,    0.0000000000E+00,    8.4551824079E+01,    8.4551824079E+01,    0.0000000000E+00,    0.0000000000E+00,    0.0000000000E+00,    8.4551824079E+01
     91000,      0.676934,CP9_after_PTsource,   1,    0.0000000000E+00,    8.4551824079E+01,    8.4551824079E+01,    0.0000000000E+00,    0.0000000000E+00,    0.0000000000E+00,    8.4551824079E+01
     91000,      0.676934,CP10_after_neg_clamp,   1,    0.0000000000E+00,    8.4551824079E+01,    8.4551824079E+01,    0.0000000000E+00,    0.0000000000E+00,    0.0000000000E+00,    8.4551824079E+01
     91000,      0.676934,CP11_after_MPI,   1,    0.0000000000E+00,    8.4551824079E+01,    8.4551824079E+01,    0.0000000000E+00,    0.0000000000E+00,    0.0000000000E+00,    8.4551824079E+01
     91000,      0.676934,CP12_end,   1,    0.0000000000E+00,    8.4551824079E+01,    8.4551824079E+01,    0.0000000000E+00,    0.0000000000E+00,    0.0000000000E+00,    8.4551824079E+01
     91050,      0.676934,CP0_start,   1,    0.0000000000E+00,    8.4632626680E+01,    8.4632626680E+01,    0.0000000000E+00,    0.0000000000E+00,    0.0000000000E+00,    8.4632626680E+01
     91050,      0.676934,CP1_after_deposition,   1,    0.0000000000E+00,    8.4632626680E+01,    8.4632626680E+01,    0.0000000000E+00,    0.0000000000E+00,    0.0000000000E+00,    8.4632626680E+01
     91050,      0.676934,CP2_after_erosion,   1,    0.0000000000E+00,    8.4632626680E+01,    8.4632626680E+01,    0.0000000000E+00,    0.0000000000E+00,    0.0000000000E+00,    8.4632626680E+01
     91050,      0.676934,CP3_after_update_bottom,   1,    0.0000000000E+00,    8.4632626680E+01,    8.4632626680E+01,    0.0000000000E+00,    0.0000000000E+00,    0.0000000000E+00,    8.4632626680E+01
     91050,      0.676934,CP4_after_advection,   1,    0.0000000000E+00,    8.4630283243E+01,    8.4630283243E+01,    0.0000000000E+00,    0.0000000000E+00,    0.0000000000E+00,    8.4630283243E+01
     91050,      0.676934,CP5_after_vdif,   1,    0.0000000000E+00,    8.4630283243E+01,    8.4630283243E+01,    0.0000000000E+00,    0.0000000000E+00,    0.0000000000E+00,    8.4630283243E+01
     91050,      0.676934,CP6_after_kinetics,   1,    0.0000000000E+00,    8.4630283243E+01,    8.4630283243E+01,    0.0000000000E+00,    0.0000000000E+00,    0.0000000000E+00,    8.4630283243E+01
     91050,      0.676934,CP7_after_upper_clamp,   1,    0.0000000000E+00,    8.4630283243E+01,    8.4630283243E+01,    0.0000000000E+00,    0.0000000000E+00,    0.0000000000E+00,    8.4630283243E+01
     91050,      0.676934,CP8_after_OBC,   1,    0.0000000000E+00,    8.4630283243E+01,    8.4630283243E+01,    0.0000000000E+00,    0.0000000000E+00,    0.0000000000E+00,    8.4630283243E+01
     91050,      0.676934,CP9_after_PTsource,   1,    0.0000000000E+00,    8.4630283243E+01,    8.4630283243E+01,    0.0000000000E+00,    0.0000000000E+00,    0.0000000000E+00,    8.4630283243E+01
     91050,      0.676934,CP10_after_neg_clamp,   1,    0.0000000000E+00,    8.4630283243E+01,    8.4630283243E+01,    0.0000000000E+00,    0.0000000000E+00,    0.0000000000E+00,    8.4630283243E+01
     91050,      0.676934,CP11_after_MPI,   1,    0.0000000000E+00,    8.4630283243E+01,    8.4630283243E+01,    0.0000000000E+00,    0.0000000000E+00,    0.0000000000E+00,    8.4630283243E+01
     91050,      0.676934,CP12_end,   1,    0.0000000000E+00,    8.4630283243E+01,    8.4630283243E+01,    0.0000000000E+00,    0.0000000000E+00,    0.0000000000E+00,    8.4630283243E+01
     91100,      0.676934,CP0_start,   1,    0.0000000000E+00,    8.4711154518E+01,    8.4711154518E+01,    0.0000000000E+00,    0.0000000000E+00,    0.0000000000E+00,    8.4711154518E+01
     91100,      0.676934,CP1_after_deposition,   1,    0.0000000000E+00,    8.4711154518E+01,    8.4711154518E+01,    0.0000000000E+00,    0.0000000000E+00,    0.0000000000E+00,    8.4711154518E+01
     91100,      0.676934,CP2_after_erosion,   1,    0.0000000000E+00,    8.4711154518E+01,    8.4711154518E+01,    0.0000000000E+00,    0.0000000000E+00,    0.0000000000E+00,    8.4711154518E+01
     91100,      0.676934,CP3_after_update_bottom,   1,    0.0000000000E+00,    8.4711154518E+01,    8.4711154518E+01,    0.0000000000E+00,    0.0000000000E+00,    0.0000000000E+00,    8.4711154518E+01
     91100,      0.676934,CP4_after_advection,   1,    0.0000000000E+00,    8.4708861059E+01,    8.4708861059E+01,    0.0000000000E+00,    0.0000000000E+00,    0.0000000000E+00,    8.4708861059E+01
     91100,      0.676934,CP5_after_vdif,   1,    0.0000000000E+00,    8.4708861059E+01,    8.4708861059E+01,    0.0000000000E+00,    0.0000000000E+00,    0.0000000000E+00,    8.4708861059E+01
     91100,      0.676934,CP6_after_kinetics,   1,    0.0000000000E+00,    8.4708861059E+01,    8.4708861059E+01,    0.0000000000E+00,    0.0000000000E+00,    0.0000000000E+00,    8.4708861059E+01
     91100,      0.676934,CP7_after_upper_clamp,   1,    0.0000000000E+00,    8.4708861059E+01,    8.4708861059E+01,    0.0000000000E+00,    0.0000000000E+00,    0.0000000000E+00,    8.4708861059E+01
     91100,      0.676934,CP8_after_OBC,   1,    0.0000000000E+00,    8.4708861059E+01,    8.4708861059E+01,    0.0000000000E+00,    0.0000000000E+00,    0.0000000000E+00,    8.4708861059E+01
     91100,      0.676934,CP9_after_PTsource,   1,    0.0000000000E+00,    8.4708861059E+01,    8.4708861059E+01,    0.0000000000E+00,    0.0000000000E+00,    0.0000000000E+00,    8.4708861059E+01
     91100,      0.676934,CP10_after_neg_clamp,   1,    0.0000000000E+00,    8.4708861059E+01,    8.4708861059E+01,    0.0000000000E+00,    0.0000000000E+00,    0.0000000000E+00,    8.4708861059E+01
     91100,      0.676934,CP11_after_MPI,   1,    0.0000000000E+00,    8.4708861059E+01,    8.4708861059E+01,    0.0000000000E+00,    0.0000000000E+00,    0.0000000000E+00,    8.4708861059E+01
     91100,      0.676934,CP12_end,   1,    0.0000000000E+00,    8.4708861059E+01,    8.4708861059E+01,    0.0000000000E+00,    0.0000000000E+00,    0.0000000000E+00,    8.4708861059E+01
     91150,      0.676934,CP0_start,   1,    0.0000000000E+00,    8.4789923693E+01,    8.4789923693E+01,    0.0000000000E+00,    0.0000000000E+00,    0.0000000000E+00,    8.4789923693E+01
     91150,      0.676934,CP1_after_deposition,   1,    0.0000000000E+00,    8.4789923693E+01,    8.4789923693E+01,    0.0000000000E+00,    0.0000000000E+00,    0.0000000000E+00,    8.4789923693E+01
     91150,      0.676934,CP2_after_erosion,   1,    0.0000000000E+00,    8.4789923693E+01,    8.4789923693E+01,    0.0000000000E+00,    0.0000000000E+00,    0.0000000000E+00,    8.4789923693E+01
     91150,      0.676934,CP3_after_update_bottom,   1,    0.0000000000E+00,    8.4789923693E+01,    8.4789923693E+01,    0.0000000000E+00,    0.0000000000E+00,    0.0000000000E+00,    8.4789923693E+01
     91150,      0.676934,CP4_after_advection,   1,    0.0000000000E+00,    8.4787685691E+01,    8.4787685691E+01,    0.0000000000E+00,    0.0000000000E+00,    0.0000000000E+00,    8.4787685691E+01
     91150,      0.676934,CP5_after_vdif,   1,    0.0000000000E+00,    8.4787685691E+01,    8.4787685691E+01,    0.0000000000E+00,    0.0000000000E+00,    0.0000000000E+00,    8.4787685691E+01
     91150,      0.676934,CP6_after_kinetics,   1,    0.0000000000E+00,    8.4787685691E+01,    8.4787685691E+01,    0.0000000000E+00,    0.0000000000E+00,    0.0000000000E+00,    8.4787685691E+01
     91150,      0.676934,CP7_after_upper_clamp,   1,    0.0000000000E+00,    8.4787685691E+01,    8.4787685691E+01,    0.0000000000E+00,    0.0000000000E+00,    0.0000000000E+00,    8.4787685691E+01
     91150,      0.676934,CP8_after_OBC,   1,    0.0000000000E+00,    8.4787685691E+01,    8.4787685691E+01,    0.0000000000E+00,    0.0000000000E+00,    0.0000000000E+00,    8.4787685691E+01
     91150,      0.676934,CP9_after_PTsource,   1,    0.0000000000E+00,    8.4787685691E+01,    8.4787685691E+01,    0.0000000000E+00,    0.0000000000E+00,    0.0000000000E+00,    8.4787685691E+01
     91150,      0.676934,CP10_after_neg_clamp,   1,    0.0000000000E+00,    8.4787685691E+01,    8.4787685691E+01,    0.0000000000E+00,    0.0000000000E+00,    0.0000000000E+00,    8.4787685691E+01
     91150,      0.676934,CP11_after_MPI,   1,    0.0000000000E+00,    8.4787685691E+01,    8.4787685691E+01,    0.0000000000E+00,    0.0000000000E+00,    0.0000000000E+00,    8.4787685691E+01
     91150,      0.676934,CP12_end,   1,    0.0000000000E+00,    8.4787685691E+01,    8.4787685691E+01,    0.0000000000E+00,    0.0000000000E+00,    0.0000000000E+00,    8.4787685691E+01
     91200,      0.676934,CP0_start,   1,    0.0000000000E+00,    8.4869036868E+01,    8.4869036868E+01,    0.0000000000E+00,    0.0000000000E+00,    0.0000000000E+00,    8.4869036868E+01
     91200,      0.676934,CP1_after_deposition,   1,    0.0000000000E+00,    8.4869036868E+01,    8.4869036868E+01,    0.0000000000E+00,    0.0000000000E+00,    0.0000000000E+00,    8.4869036868E+01
     91200,      0.676934,CP2_after_erosion,   1,    0.0000000000E+00,    8.4869036868E+01,    8.4869036868E+01,    0.0000000000E+00,    0.0000000000E+00,    0.0000000000E+00,    8.4869036868E+01
     91200,      0.676934,CP3_after_update_bottom,   1,    0.0000000000E+00,    8.4869036868E+01,    8.4869036868E+01,    0.0000000000E+00,    0.0000000000E+00,    0.0000000000E+00,    8.4869036868E+01
     91200,      0.676934,CP4_after_advection,   1,    0.0000000000E+00,    8.4866857979E+01,    8.4866857979E+01,    0.0000000000E+00,    0.0000000000E+00,    0.0000000000E+00,    8.4866857979E+01
     91200,      0.676934,CP5_after_vdif,   1,    0.0000000000E+00,    8.4866857979E+01,    8.4866857979E+01,    0.0000000000E+00,    0.0000000000E+00,    0.0000000000E+00,    8.4866857979E+01
     91200,      0.676934,CP6_after_kinetics,   1,    0.0000000000E+00,    8.4866857979E+01,    8.4866857979E+01,    0.0000000000E+00,    0.0000000000E+00,    0.0000000000E+00,    8.4866857979E+01
     91200,      0.676934,CP7_after_upper_clamp,   1,    0.0000000000E+00,    8.4866857979E+01,    8.4866857979E+01,    0.0000000000E+00,    0.0000000000E+00,    0.0000000000E+00,    8.4866857979E+01
     91200,      0.676934,CP8_after_OBC,   1,    0.0000000000E+00,    8.4866857979E+01,    8.4866857979E+01,    0.0000000000E+00,    0.0000000000E+00,    0.0000000000E+00,    8.4866857979E+01
     91200,      0.676934,CP9_after_PTsource,   1,    0.0000000000E+00,    8.4866857979E+01,    8.4866857979E+01,    0.0000000000E+00,    0.0000000000E+00,    0.0000000000E+00,    8.4866857979E+01
     91200,      0.676934,CP10_after_neg_clamp,   1,    0.0000000000E+00,    8.4866857979E+01,    8.4866857979E+01,    0.0000000000E+00,    0.0000000000E+00,    0.0000000000E+00,    8.4866857979E+01
     91200,      0.676934,CP11_after_MPI,   1,    0.0000000000E+00,    8.4866857979E+01,    8.4866857979E+01,    0.0000000000E+00,    0.0000000000E+00,    0.0000000000E+00,    8.4866857979E+01
     91200,      0.676934,CP12_end,   1,    0.0000000000E+00,    8.4866857979E+01,    8.4866857979E+01,    0.0000000000E+00,    0.0000000000E+00,    0.0000000000E+00,    8.4866857979E+01
     91250,      0.676934,CP0_start,   1,    0.0000000000E+00,    8.4948604743E+01,    8.4948604743E+01,    0.0000000000E+00,    0.0000000000E+00,    0.0000000000E+00,    8.4948604743E+01
     91250,      0.676934,CP1_after_deposition,   1,    0.0000000000E+00,    8.4948604743E+01,    8.4948604743E+01,    0.0000000000E+00,    0.0000000000E+00,    0.0000000000E+00,    8.4948604743E+01
     91250,      0.676934,CP2_after_erosion,   1,    0.0000000000E+00,    8.4948604743E+01,    8.4948604743E+01,    0.0000000000E+00,    0.0000000000E+00,    0.0000000000E+00,    8.4948604743E+01
     91250,      0.676934,CP3_after_update_bottom,   1,    0.0000000000E+00,    8.4948604743E+01,    8.4948604743E+01,    0.0000000000E+00,    0.0000000000E+00,    0.0000000000E+00,    8.4948604743E+01
     91250,      0.676934,CP4_after_advection,   1,    0.0000000000E+00,    8.4946485214E+01,    8.4946485214E+01,    0.0000000000E+00,    0.0000000000E+00,    0.0000000000E+00,    8.4946485214E+01
     91250,      0.676934,CP5_after_vdif,   1,    0.0000000000E+00,    8.4946485214E+01,    8.4946485214E+01,    0.0000000000E+00,    0.0000000000E+00,    0.0000000000E+00,    8.4946485214E+01
     91250,      0.676934,CP6_after_kinetics,   1,    0.0000000000E+00,    8.4946485214E+01,    8.4946485214E+01,    0.0000000000E+00,    0.0000000000E+00,    0.0000000000E+00,    8.4946485214E+01
     91250,      0.676934,CP7_after_upper_clamp,   1,    0.0000000000E+00,    8.4946485214E+01,    8.4946485214E+01,    0.0000000000E+00,    0.0000000000E+00,    0.0000000000E+00,    8.4946485214E+01
     91250,      0.676934,CP8_after_OBC,   1,    0.0000000000E+00,    8.4946485214E+01,    8.4946485214E+01,    0.0000000000E+00,    0.0000000000E+00,    0.0000000000E+00,    8.4946485214E+01
     91250,      0.676934,CP9_after_PTsource,   1,    0.0000000000E+00,    8.4946485214E+01,    8.4946485214E+01,    0.0000000000E+00,    0.0000000000E+00,    0.0000000000E+00,    8.4946485214E+01
     91250,      0.676934,CP10_after_neg_clamp,   1,    0.0000000000E+00,    8.4946485214E+01,    8.4946485214E+01,    0.0000000000E+00,    0.0000000000E+00,    0.0000000000E+00,    8.4946485214E+01
     91250,      0.676934,CP11_after_MPI,   1,    0.0000000000E+00,    8.4946485214E+01,    8.4946485214E+01,    0.0000000000E+00,    0.0000000000E+00,    0.0000000000E+00,    8.4946485214E+01
     91250,      0.676934,CP12_end,   1,    0.0000000000E+00,    8.4946485214E+01,    8.4946485214E+01,    0.0000000000E+00,    0.0000000000E+00,    0.0000000000E+00,    8.4946485214E+01
     91300,      0.676934,CP0_start,   1,    0.0000000000E+00,    8.5028614235E+01,    8.5028614235E+01,    0.0000000000E+00,    0.0000000000E+00,    0.0000000000E+00,    8.5028614235E+01
     91300,      0.676934,CP1_after_deposition,   1,    0.0000000000E+00,    8.5028614235E+01,    8.5028614235E+01,    0.0000000000E+00,    0.0000000000E+00,    0.0000000000E+00,    8.5028614235E+01
     91300,      0.676934,CP2_after_erosion,   1,    0.0000000000E+00,    8.5028614235E+01,    8.5028614235E+01,    0.0000000000E+00,    0.0000000000E+00,    0.0000000000E+00,    8.5028614235E+01
     91300,      0.676934,CP3_after_update_bottom,   1,    0.0000000000E+00,    8.5028614235E+01,    8.5028614235E+01,    0.0000000000E+00,    0.0000000000E+00,    0.0000000000E+00,    8.5028614235E+01
     91300,      0.676934,CP4_after_advection,   1,    0.0000000000E+00,    8.5026553341E+01,    8.5026553341E+01,    0.0000000000E+00,    0.0000000000E+00,    0.0000000000E+00,    8.5026553341E+01
     91300,      0.676934,CP5_after_vdif,   1,    0.0000000000E+00,    8.5026553341E+01,    8.5026553341E+01,    0.0000000000E+00,    0.0000000000E+00,    0.0000000000E+00,    8.5026553341E+01
     91300,      0.676934,CP6_after_kinetics,   1,    0.0000000000E+00,    8.5026553341E+01,    8.5026553341E+01,    0.0000000000E+00,    0.0000000000E+00,    0.0000000000E+00,    8.5026553341E+01
     91300,      0.676934,CP7_after_upper_clamp,   1,    0.0000000000E+00,    8.5026553341E+01,    8.5026553341E+01,    0.0000000000E+00,    0.0000000000E+00,    0.0000000000E+00,    8.5026553341E+01
     91300,      0.676934,CP8_after_OBC,   1,    0.0000000000E+00,    8.5026553341E+01,    8.5026553341E+01,    0.0000000000E+00,    0.0000000000E+00,    0.0000000000E+00,    8.5026553341E+01
     91300,      0.676934,CP9_after_PTsource,   1,    0.0000000000E+00,    8.5026553341E+01,    8.5026553341E+01,    0.0000000000E+00,    0.0000000000E+00,    0.0000000000E+00,    8.5026553341E+01
     91300,      0.676934,CP10_after_neg_clamp,   1,    0.0000000000E+00,    8.5026553341E+01,    8.5026553341E+01,    0.0000000000E+00,    0.0000000000E+00,    0.0000000000E+00,    8.5026553341E+01
     91300,      0.676934,CP11_after_MPI,   1,    0.0000000000E+00,    8.5026553341E+01,    8.5026553341E+01,    0.0000000000E+00,    0.0000000000E+00,    0.0000000000E+00,    8.5026553341E+01
     91300,      0.676934,CP12_end,   1,    0.0000000000E+00,    8.5026553341E+01,    8.5026553341E+01,    0.0000000000E+00,    0.0000000000E+00,    0.0000000000E+00,    8.5026553341E+01
     91350,      0.676934,CP0_start,   1,    0.0000000000E+00,    8.5109047195E+01,    8.5109047195E+01,    0.0000000000E+00,    0.0000000000E+00,    0.0000000000E+00,    8.5109047195E+01
     91350,      0.676934,CP1_after_deposition,   1,    0.0000000000E+00,    8.5109047195E+01,    8.5109047195E+01,    0.0000000000E+00,    0.0000000000E+00,    0.0000000000E+00,    8.5109047195E+01
     91350,      0.676934,CP2_after_erosion,   1,    0.0000000000E+00,    8.5109047195E+01,    8.5109047195E+01,    0.0000000000E+00,    0.0000000000E+00,    0.0000000000E+00,    8.5109047195E+01
     91350,      0.676934,CP3_after_update_bottom,   1,    0.0000000000E+00,    8.5109047195E+01,    8.5109047195E+01,    0.0000000000E+00,    0.0000000000E+00,    0.0000000000E+00,    8.5109047195E+01
     91350,      0.676934,CP4_after_advection,   1,    0.0000000000E+00,    8.5107046246E+01,    8.5107046246E+01,    0.0000000000E+00,    0.0000000000E+00,    0.0000000000E+00,    8.5107046246E+01
     91350,      0.676934,CP5_after_vdif,   1,    0.0000000000E+00,    8.5107046246E+01,    8.5107046246E+01,    0.0000000000E+00,    0.0000000000E+00,    0.0000000000E+00,    8.5107046246E+01
     91350,      0.676934,CP6_after_kinetics,   1,    0.0000000000E+00,    8.5107046246E+01,    8.5107046246E+01,    0.0000000000E+00,    0.0000000000E+00,    0.0000000000E+00,    8.5107046246E+01
     91350,      0.676934,CP7_after_upper_clamp,   1,    0.0000000000E+00,    8.5107046246E+01,    8.5107046246E+01,    0.0000000000E+00,    0.0000000000E+00,    0.0000000000E+00,    8.5107046246E+01
     91350,      0.676934,CP8_after_OBC,   1,    0.0000000000E+00,    8.5107046246E+01,    8.5107046246E+01,    0.0000000000E+00,    0.0000000000E+00,    0.0000000000E+00,    8.5107046246E+01
     91350,      0.676934,CP9_after_PTsource,   1,    0.0000000000E+00,    8.5107046246E+01,    8.5107046246E+01,    0.0000000000E+00,    0.0000000000E+00,    0.0000000000E+00,    8.5107046246E+01
     91350,      0.676934,CP10_after_neg_clamp,   1,    0.0000000000E+00,    8.5107046246E+01,    8.5107046246E+01,    0.0000000000E+00,    0.0000000000E+00,    0.0000000000E+00,    8.5107046246E+01
     91350,      0.676934,CP11_after_MPI,   1,    0.0000000000E+00,    8.5107046246E+01,    8.5107046246E+01,    0.0000000000E+00,    0.0000000000E+00,    0.0000000000E+00,    8.5107046246E+01
     91350,      0.676934,CP12_end,   1,    0.0000000000E+00,    8.5107046246E+01,    8.5107046246E+01,    0.0000000000E+00,    0.0000000000E+00,    0.0000000000E+00,    8.5107046246E+01
     91400,      0.676934,CP0_start,   1,    0.0000000000E+00,    8.5189870123E+01,    8.5189870123E+01,    0.0000000000E+00,    0.0000000000E+00,    0.0000000000E+00,    8.5189870123E+01
     91400,      0.676934,CP1_after_deposition,   1,    0.0000000000E+00,    8.5189870123E+01,    8.5189870123E+01,    0.0000000000E+00,    0.0000000000E+00,    0.0000000000E+00,    8.5189870123E+01
     91400,      0.676934,CP2_after_erosion,   1,    0.0000000000E+00,    8.5189870123E+01,    8.5189870123E+01,    0.0000000000E+00,    0.0000000000E+00,    0.0000000000E+00,    8.5189870123E+01
     91400,      0.676934,CP3_after_update_bottom,   1,    0.0000000000E+00,    8.5189870123E+01,    8.5189870123E+01,    0.0000000000E+00,    0.0000000000E+00,    0.0000000000E+00,    8.5189870123E+01
     91400,      0.676934,CP4_after_advection,   1,    0.0000000000E+00,    8.5187925755E+01,    8.5187925755E+01,    0.0000000000E+00,    0.0000000000E+00,    0.0000000000E+00,    8.5187925755E+01
     91400,      0.676934,CP5_after_vdif,   1,    0.0000000000E+00,    8.5187925755E+01,    8.5187925755E+01,    0.0000000000E+00,    0.0000000000E+00,    0.0000000000E+00,    8.5187925755E+01
     91400,      0.676934,CP6_after_kinetics,   1,    0.0000000000E+00,    8.5187925755E+01,    8.5187925755E+01,    0.0000000000E+00,    0.0000000000E+00,    0.0000000000E+00,    8.5187925755E+01
     91400,      0.676934,CP7_after_upper_clamp,   1,    0.0000000000E+00,    8.5187925755E+01,    8.5187925755E+01,    0.0000000000E+00,    0.0000000000E+00,    0.0000000000E+00,    8.5187925755E+01
     91400,      0.676934,CP8_after_OBC,   1,    0.0000000000E+00,    8.5187925755E+01,    8.5187925755E+01,    0.0000000000E+00,    0.0000000000E+00,    0.0000000000E+00,    8.5187925755E+01
     91400,      0.676934,CP9_after_PTsource,   1,    0.0000000000E+00,    8.5187925755E+01,    8.5187925755E+01,    0.0000000000E+00,    0.0000000000E+00,    0.0000000000E+00,    8.5187925755E+01
     91400,      0.676934,CP10_after_neg_clamp,   1,    0.0000000000E+00,    8.5187925755E+01,    8.5187925755E+01,    0.0000000000E+00,    0.0000000000E+00,    0.0000000000E+00,    8.5187925755E+01
     91400,      0.676934,CP11_after_MPI,   1,    0.0000000000E+00,    8.5187925755E+01,    8.5187925755E+01,    0.0000000000E+00,    0.0000000000E+00,    0.0000000000E+00,    8.5187925755E+01
     91400,      0.676934,CP12_end,   1,    0.0000000000E+00,    8.5187925755E+01,    8.5187925755E+01,    0.0000000000E+00,    0.0000000000E+00,    0.0000000000E+00,    8.5187925755E+01
     91450,      0.676934,CP0_start,   1,    0.0000000000E+00,    8.5270997574E+01,    8.5270997574E+01,    0.0000000000E+00,    0.0000000000E+00,    0.0000000000E+00,    8.5270997574E+01
     91450,      0.676934,CP1_after_deposition,   1,    0.0000000000E+00,    8.5270997574E+01,    8.5270997574E+01,    0.0000000000E+00,    0.0000000000E+00,    0.0000000000E+00,    8.5270997574E+01
     91450,      0.676934,CP2_after_erosion,   1,                 NaN,                 NaN,                 NaN,    0.0000000000E+00,    0.0000000000E+00,    0.0000000000E+00,                 NaN
     91450,      0.676934,CP3_after_update_bottom,   1,                 NaN,                 NaN,                 NaN,    0.0000000000E+00,    0.0000000000E+00,    0.0000000000E+00,                 NaN
     91450,      0.676934,CP4_after_advection,   1,                 NaN,                 NaN,                 NaN,    0.0000000000E+00,    0.0000000000E+00,    0.0000000000E+00,                 NaN
     91450,      0.676934,CP5_after_vdif,   1,                 NaN,                 NaN,                 NaN,    0.0000000000E+00,    0.0000000000E+00,    0.0000000000E+00,                 NaN
     91450,      0.676934,CP6_after_kinetics,   1,                 NaN,                 NaN,                 NaN,    0.0000000000E+00,    0.0000000000E+00,    0.0000000000E+00,                 NaN
     91450,      0.676934,CP7_after_upper_clamp,   1,                 NaN,                 NaN,                 NaN,    0.0000000000E+00,    0.0000000000E+00,    0.0000000000E+00,                 NaN
     91450,      0.676934,CP8_after_OBC,   1,                 NaN,                 NaN,                 NaN,    0.0000000000E+00,    0.0000000000E+00,    0.0000000000E+00,                 NaN
     91450,      0.676934,CP9_after_PTsource,   1,                 NaN,                 NaN,                 NaN,    0.0000000000E+00,    0.0000000000E+00,    0.0000000000E+00,                 NaN
     91450,      0.676934,CP10_after_neg_clamp,   1,    0.0000000000E+00,    8.5269111628E+01,    8.5269111628E+01,    0.0000000000E+00,    0.0000000000E+00,    0.0000000000E+00,    8.5269111628E+01
     91450,      0.676934,CP11_after_MPI,   1,    0.0000000000E+00,    8.5269111628E+01,    8.5269111628E+01,    0.0000000000E+00,    0.0000000000E+00,    0.0000000000E+00,    8.5269111628E+01
     91450,      0.676934,CP12_end,   1,    0.0000000000E+00,    8.5269111628E+01,    8.5269111628E+01,    0.0000000000E+00,    0.0000000000E+00,    0.0000000000E+00,    8.5269111628E+01
     91500,      0.676934,CP0_start,   1,    0.0000000000E+00,    8.5352344701E+01,    8.5352344701E+01,    0.0000000000E+00,    0.0000000000E+00,    0.0000000000E+00,    8.5352344701E+01
     91500,      0.676934,CP1_after_deposition,   1,    0.0000000000E+00,    8.5352344701E+01,    8.5352344701E+01,    0.0000000000E+00,    0.0000000000E+00,    0.0000000000E+00,    8.5352344701E+01
     91500,      0.676934,CP2_after_erosion,   1,    0.0000000000E+00,    8.5352344701E+01,    8.5352344701E+01,    0.0000000000E+00,    0.0000000000E+00,    0.0000000000E+00,    8.5352344701E+01
     91500,      0.676934,CP3_after_update_bottom,   1,    0.0000000000E+00,    8.5352344701E+01,    8.5352344701E+01,    0.0000000000E+00,    0.0000000000E+00,    0.0000000000E+00,    8.5352344701E+01
     91500,      0.676934,CP4_after_advection,   1,    0.0000000000E+00,    8.5350512069E+01,    8.5350512069E+01,    0.0000000000E+00,    0.0000000000E+00,    0.0000000000E+00,    8.5350512069E+01
     91500,      0.676934,CP5_after_vdif,   1,    0.0000000000E+00,    8.5350512069E+01,    8.5350512069E+01,    0.0000000000E+00,    0.0000000000E+00,    0.0000000000E+00,    8.5350512069E+01
     91500,      0.676934,CP6_after_kinetics,   1,    0.0000000000E+00,    8.5350512069E+01,    8.5350512069E+01,    0.0000000000E+00,    0.0000000000E+00,    0.0000000000E+00,    8.5350512069E+01
     91500,      0.676934,CP7_after_upper_clamp,   1,    0.0000000000E+00,    8.5350512069E+01,    8.5350512069E+01,    0.0000000000E+00,    0.0000000000E+00,    0.0000000000E+00,    8.5350512069E+01
     91500,      0.676934,CP8_after_OBC,   1,    0.0000000000E+00,    8.5350512069E+01,    8.5350512069E+01,    0.0000000000E+00,    0.0000000000E+00,    0.0000000000E+00,    8.5350512069E+01
     91500,      0.676934,CP9_after_PTsource,   1,    0.0000000000E+00,    8.5350512069E+01,    8.5350512069E+01,    0.0000000000E+00,    0.0000000000E+00,    0.0000000000E+00,    8.5350512069E+01
     91500,      0.676934,CP10_after_neg_clamp,   1,    0.0000000000E+00,    8.5350512069E+01,    8.5350512069E+01,    0.0000000000E+00,    0.0000000000E+00,    0.0000000000E+00,    8.5350512069E+01
     91500,      0.676934,CP11_after_MPI,   1,    0.0000000000E+00,    8.5350512069E+01,    8.5350512069E+01,    0.0000000000E+00,    0.0000000000E+00,    0.0000000000E+00,    8.5350512069E+01
     91500,      0.676934,CP12_end,   1,    0.0000000000E+00,    8.5350512069E+01,    8.5350512069E+01,    0.0000000000E+00,    0.0000000000E+00,    0.0000000000E+00,    8.5350512069E+01
     91550,      0.676934,CP0_start,   1,    0.0000000000E+00,    8.5433854897E+01,    8.5433854897E+01,    0.0000000000E+00,    0.0000000000E+00,    0.0000000000E+00,    8.5433854897E+01
     91550,      0.676934,CP1_after_deposition,   1,    0.0000000000E+00,    8.5433854897E+01,    8.5433854897E+01,    0.0000000000E+00,    0.0000000000E+00,    0.0000000000E+00,    8.5433854897E+01
     91550,      0.676934,CP2_after_erosion,   1,    0.0000000000E+00,    8.5433854897E+01,    8.5433854897E+01,    0.0000000000E+00,    0.0000000000E+00,    0.0000000000E+00,    8.5433854897E+01
     91550,      0.676934,CP3_after_update_bottom,   1,    0.0000000000E+00,    8.5433854897E+01,    8.5433854897E+01,    0.0000000000E+00,    0.0000000000E+00,    0.0000000000E+00,    8.5433854897E+01
     91550,      0.676934,CP4_after_advection,   1,    0.0000000000E+00,    8.5432072548E+01,    8.5432072548E+01,    0.0000000000E+00,    0.0000000000E+00,    0.0000000000E+00,    8.5432072548E+01
     91550,      0.676934,CP5_after_vdif,   1,    0.0000000000E+00,    8.5432072548E+01,    8.5432072548E+01,    0.0000000000E+00,    0.0000000000E+00,    0.0000000000E+00,    8.5432072548E+01
     91550,      0.676934,CP6_after_kinetics,   1,    0.0000000000E+00,    8.5432072548E+01,    8.5432072548E+01,    0.0000000000E+00,    0.0000000000E+00,    0.0000000000E+00,    8.5432072548E+01
     91550,      0.676934,CP7_after_upper_clamp,   1,    0.0000000000E+00,    8.5432072548E+01,    8.5432072548E+01,    0.0000000000E+00,    0.0000000000E+00,    0.0000000000E+00,    8.5432072548E+01
     91550,      0.676934,CP8_after_OBC,   1,    0.0000000000E+00,    8.5432072548E+01,    8.5432072548E+01,    0.0000000000E+00,    0.0000000000E+00,    0.0000000000E+00,    8.5432072548E+01
     91550,      0.676934,CP9_after_PTsource,   1,    0.0000000000E+00,    8.5432072548E+01,    8.5432072548E+01,    0.0000000000E+00,    0.0000000000E+00,    0.0000000000E+00,    8.5432072548E+01
     91550,      0.676934,CP10_after_neg_clamp,   1,    0.0000000000E+00,    8.5432072548E+01,    8.5432072548E+01,    0.0000000000E+00,    0.0000000000E+00,    0.0000000000E+00,    8.5432072548E+01
     91550,      0.676934,CP11_after_MPI,   1,    0.0000000000E+00,    8.5432072548E+01,    8.5432072548E+01,    0.0000000000E+00,    0.0000000000E+00,    0.0000000000E+00,    8.5432072548E+01
     91550,      0.676934,CP12_end,   1,    0.0000000000E+00,    8.5432072548E+01,    8.5432072548E+01,    0.0000000000E+00,    0.0000000000E+00,    0.0000000000E+00,    8.5432072548E+01
     91600,      0.676934,CP0_start,   1,    0.0000000000E+00,    8.5515372706E+01,    8.5515372706E+01,    0.0000000000E+00,    0.0000000000E+00,    0.0000000000E+00,    8.5515372706E+01
     91600,      0.676934,CP1_after_deposition,   1,    0.0000000000E+00,    8.5515372706E+01,    8.5515372706E+01,    0.0000000000E+00,    0.0000000000E+00,    0.0000000000E+00,    8.5515372706E+01
     91600,      0.676934,CP2_after_erosion,   1,    0.0000000000E+00,    8.5515372706E+01,    8.5515372706E+01,    0.0000000000E+00,    0.0000000000E+00,    0.0000000000E+00,    8.5515372706E+01
     91600,      0.676934,CP3_after_update_bottom,   1,    0.0000000000E+00,    8.5515372706E+01,    8.5515372706E+01,    0.0000000000E+00,    0.0000000000E+00,    0.0000000000E+00,    8.5515372706E+01
     91600,      0.676934,CP4_after_advection,   1,    0.0000000000E+00,    8.5513643100E+01,    8.5513643100E+01,    0.0000000000E+00,    0.0000000000E+00,    0.0000000000E+00,    8.5513643100E+01
     91600,      0.676934,CP5_after_vdif,   1,    0.0000000000E+00,    8.5513643100E+01,    8.5513643100E+01,    0.0000000000E+00,    0.0000000000E+00,    0.0000000000E+00,    8.5513643100E+01
     91600,      0.676934,CP6_after_kinetics,   1,    0.0000000000E+00,    8.5513643100E+01,    8.5513643100E+01,    0.0000000000E+00,    0.0000000000E+00,    0.0000000000E+00,    8.5513643100E+01
     91600,      0.676934,CP7_after_upper_clamp,   1,    0.0000000000E+00,    8.5513643100E+01,    8.5513643100E+01,    0.0000000000E+00,    0.0000000000E+00,    0.0000000000E+00,    8.5513643100E+01
     91600,      0.676934,CP8_after_OBC,   1,    0.0000000000E+00,    8.5513643100E+01,    8.5513643100E+01,    0.0000000000E+00,    0.0000000000E+00,    0.0000000000E+00,    8.5513643100E+01
     91600,      0.676934,CP9_after_PTsource,   1,    0.0000000000E+00,    8.5513643100E+01,    8.5513643100E+01,    0.0000000000E+00,    0.0000000000E+00,    0.0000000000E+00,    8.5513643100E+01
     91600,      0.676934,CP10_after_neg_clamp,   1,    0.0000000000E+00,    8.5513643100E+01,    8.5513643100E+01,    0.0000000000E+00,    0.0000000000E+00,    0.0000000000E+00,    8.5513643100E+01
     91600,      0.676934,CP11_after_MPI,   1,    0.0000000000E+00,    8.5513643100E+01,    8.5513643100E+01,    0.0000000000E+00,    0.0000000000E+00,    0.0000000000E+00,    8.5513643100E+01
     91600,      0.676934,CP12_end,   1,    0.0000000000E+00,    8.5513643100E+01,    8.5513643100E+01,    0.0000000000E+00,    0.0000000000E+00,    0.0000000000E+00,    8.5513643100E+01
     91650,      0.676934,CP0_start,   1,    0.0000000000E+00,    8.5596879930E+01,    8.5596879930E+01,    0.0000000000E+00,    0.0000000000E+00,    0.0000000000E+00,    8.5596879930E+01
     91650,      0.676934,CP1_after_deposition,   1,    0.0000000000E+00,    8.5596879930E+01,    8.5596879930E+01,    0.0000000000E+00,    0.0000000000E+00,    0.0000000000E+00,    8.5596879930E+01
     91650,      0.676934,CP2_after_erosion,   1,    0.0000000000E+00,    8.5596879930E+01,    8.5596879930E+01,    0.0000000000E+00,    0.0000000000E+00,    0.0000000000E+00,    8.5596879930E+01
     91650,      0.676934,CP3_after_update_bottom,   1,    0.0000000000E+00,    8.5596879930E+01,    8.5596879930E+01,    0.0000000000E+00,    0.0000000000E+00,    0.0000000000E+00,    8.5596879930E+01
     91650,      0.676934,CP4_after_advection,   1,    0.0000000000E+00,    8.5595191355E+01,    8.5595191355E+01,    0.0000000000E+00,    0.0000000000E+00,    0.0000000000E+00,    8.5595191355E+01
     91650,      0.676934,CP5_after_vdif,   1,    0.0000000000E+00,    8.5595191355E+01,    8.5595191355E+01,    0.0000000000E+00,    0.0000000000E+00,    0.0000000000E+00,    8.5595191355E+01
     91650,      0.676934,CP6_after_kinetics,   1,    0.0000000000E+00,    8.5595191355E+01,    8.5595191355E+01,    0.0000000000E+00,    0.0000000000E+00,    0.0000000000E+00,    8.5595191355E+01
     91650,      0.676934,CP7_after_upper_clamp,   1,    0.0000000000E+00,    8.5595191355E+01,    8.5595191355E+01,    0.0000000000E+00,    0.0000000000E+00,    0.0000000000E+00,    8.5595191355E+01
     91650,      0.676934,CP8_after_OBC,   1,    0.0000000000E+00,    8.5595191355E+01,    8.5595191355E+01,    0.0000000000E+00,    0.0000000000E+00,    0.0000000000E+00,    8.5595191355E+01
     91650,      0.676934,CP9_after_PTsource,   1,    0.0000000000E+00,    8.5595191355E+01,    8.5595191355E+01,    0.0000000000E+00,    0.0000000000E+00,    0.0000000000E+00,    8.5595191355E+01
     91650,      0.676934,CP10_after_neg_clamp,   1,    0.0000000000E+00,    8.5595191355E+01,    8.5595191355E+01,    0.0000000000E+00,    0.0000000000E+00,    0.0000000000E+00,    8.5595191355E+01
     91650,      0.676934,CP11_after_MPI,   1,    0.0000000000E+00,    8.5595191355E+01,    8.5595191355E+01,    0.0000000000E+00,    0.0000000000E+00,    0.0000000000E+00,    8.5595191355E+01
     91650,      0.676934,CP12_end,   1,    0.0000000000E+00,    8.5595191355E+01,    8.5595191355E+01,    0.0000000000E+00,    0.0000000000E+00,    0.0000000000E+00,    8.5595191355E+01
     91700,      0.676934,CP0_start,   1,    0.0000000000E+00,    8.5678293830E+01,    8.5678293830E+01,    0.0000000000E+00,    0.0000000000E+00,    0.0000000000E+00,    8.5678293830E+01
     91700,      0.676934,CP1_after_deposition,   1,    0.0000000000E+00,    8.5678293830E+01,    8.5678293830E+01,    0.0000000000E+00,    0.0000000000E+00,    0.0000000000E+00,    8.5678293830E+01
     91700,      0.676934,CP2_after_erosion,   1,    0.0000000000E+00,    8.5678293830E+01,    8.5678293830E+01,    0.0000000000E+00,    0.0000000000E+00,    0.0000000000E+00,    8.5678293830E+01
     91700,      0.676934,CP3_after_update_bottom,   1,    0.0000000000E+00,    8.5678293830E+01,    8.5678293830E+01,    0.0000000000E+00,    0.0000000000E+00,    0.0000000000E+00,    8.5678293830E+01
     91700,      0.676934,CP4_after_advection,   1,    0.0000000000E+00,    8.5676645875E+01,    8.5676645875E+01,    0.0000000000E+00,    0.0000000000E+00,    0.0000000000E+00,    8.5676645875E+01
     91700,      0.676934,CP5_after_vdif,   1,    0.0000000000E+00,    8.5676645875E+01,    8.5676645875E+01,    0.0000000000E+00,    0.0000000000E+00,    0.0000000000E+00,    8.5676645875E+01
     91700,      0.676934,CP6_after_kinetics,   1,    0.0000000000E+00,    8.5676645875E+01,    8.5676645875E+01,    0.0000000000E+00,    0.0000000000E+00,    0.0000000000E+00,    8.5676645875E+01
     91700,      0.676934,CP7_after_upper_clamp,   1,    0.0000000000E+00,    8.5676645875E+01,    8.5676645875E+01,    0.0000000000E+00,    0.0000000000E+00,    0.0000000000E+00,    8.5676645875E+01
     91700,      0.676934,CP8_after_OBC,   1,    0.0000000000E+00,    8.5676645875E+01,    8.5676645875E+01,    0.0000000000E+00,    0.0000000000E+00,    0.0000000000E+00,    8.5676645875E+01
     91700,      0.676934,CP9_after_PTsource,   1,    0.0000000000E+00,    8.5676645875E+01,    8.5676645875E+01,    0.0000000000E+00,    0.0000000000E+00,    0.0000000000E+00,    8.5676645875E+01
     91700,      0.676934,CP10_after_neg_clamp,   1,    0.0000000000E+00,    8.5676645875E+01,    8.5676645875E+01,    0.0000000000E+00,    0.0000000000E+00,    0.0000000000E+00,    8.5676645875E+01
     91700,      0.676934,CP11_after_MPI,   1,    0.0000000000E+00,    8.5676645875E+01,    8.5676645875E+01,    0.0000000000E+00,    0.0000000000E+00,    0.0000000000E+00,    8.5676645875E+01
     91700,      0.676934,CP12_end,   1,    0.0000000000E+00,    8.5676645875E+01,    8.5676645875E+01,    0.0000000000E+00,    0.0000000000E+00,    0.0000000000E+00,    8.5676645875E+01
     91750,      0.676934,CP0_start,   1,    0.0000000000E+00,    8.5759519153E+01,    8.5759519153E+01,    0.0000000000E+00,    0.0000000000E+00,    0.0000000000E+00,    8.5759519153E+01
     91750,      0.676934,CP1_after_deposition,   1,    0.0000000000E+00,    8.5759519153E+01,    8.5759519153E+01,    0.0000000000E+00,    0.0000000000E+00,    0.0000000000E+00,    8.5759519153E+01
     91750,      0.676934,CP2_after_erosion,   1,    0.0000000000E+00,    8.5759519153E+01,    8.5759519153E+01,    0.0000000000E+00,    0.0000000000E+00,    0.0000000000E+00,    8.5759519153E+01
     91750,      0.676934,CP3_after_update_bottom,   1,    0.0000000000E+00,    8.5759519153E+01,    8.5759519153E+01,    0.0000000000E+00,    0.0000000000E+00,    0.0000000000E+00,    8.5759519153E+01
     91750,      0.676934,CP4_after_advection,   1,    0.0000000000E+00,    8.5757913008E+01,    8.5757913008E+01,    0.0000000000E+00,    0.0000000000E+00,    0.0000000000E+00,    8.5757913008E+01
     91750,      0.676934,CP5_after_vdif,   1,    0.0000000000E+00,    8.5757913008E+01,    8.5757913008E+01,    0.0000000000E+00,    0.0000000000E+00,    0.0000000000E+00,    8.5757913008E+01
     91750,      0.676934,CP6_after_kinetics,   1,    0.0000000000E+00,    8.5757913008E+01,    8.5757913008E+01,    0.0000000000E+00,    0.0000000000E+00,    0.0000000000E+00,    8.5757913008E+01
     91750,      0.676934,CP7_after_upper_clamp,   1,    0.0000000000E+00,    8.5757913008E+01,    8.5757913008E+01,    0.0000000000E+00,    0.0000000000E+00,    0.0000000000E+00,    8.5757913008E+01
     91750,      0.676934,CP8_after_OBC,   1,    0.0000000000E+00,    8.5757913008E+01,    8.5757913008E+01,    0.0000000000E+00,    0.0000000000E+00,    0.0000000000E+00,    8.5757913008E+01
     91750,      0.676934,CP9_after_PTsource,   1,    0.0000000000E+00,    8.5757913008E+01,    8.5757913008E+01,    0.0000000000E+00,    0.0000000000E+00,    0.0000000000E+00,    8.5757913008E+01
     91750,      0.676934,CP10_after_neg_clamp,   1,    0.0000000000E+00,    8.5757913008E+01,    8.5757913008E+01,    0.0000000000E+00,    0.0000000000E+00,    0.0000000000E+00,    8.5757913008E+01
     91750,      0.676934,CP11_after_MPI,   1,    0.0000000000E+00,    8.5757913008E+01,    8.5757913008E+01,    0.0000000000E+00,    0.0000000000E+00,    0.0000000000E+00,    8.5757913008E+01
     91750,      0.676934,CP12_end,   1,    0.0000000000E+00,    8.5757913008E+01,    8.5757913008E+01,    0.0000000000E+00,    0.0000000000E+00,    0.0000000000E+00,    8.5757913008E+01
     91800,      0.676934,CP0_start,   1,    0.0000000000E+00,    8.5840547004E+01,    8.5840547004E+01,    0.0000000000E+00,    0.0000000000E+00,    0.0000000000E+00,    8.5840547004E+01
     91800,      0.676934,CP1_after_deposition,   1,    0.0000000000E+00,    8.5840547004E+01,    8.5840547004E+01,    0.0000000000E+00,    0.0000000000E+00,    0.0000000000E+00,    8.5840547004E+01
     91800,      0.676934,CP2_after_erosion,   1,    0.0000000000E+00,    8.5840547004E+01,    8.5840547004E+01,    0.0000000000E+00,    0.0000000000E+00,    0.0000000000E+00,    8.5840547004E+01
     91800,      0.676934,CP3_after_update_bottom,   1,    0.0000000000E+00,    8.5840547004E+01,    8.5840547004E+01,    0.0000000000E+00,    0.0000000000E+00,    0.0000000000E+00,    8.5840547004E+01
     91800,      0.676934,CP4_after_advection,   1,    0.0000000000E+00,    8.5838981981E+01,    8.5838981981E+01,    0.0000000000E+00,    0.0000000000E+00,    0.0000000000E+00,    8.5838981981E+01
     91800,      0.676934,CP5_after_vdif,   1,    0.0000000000E+00,    8.5838981981E+01,    8.5838981981E+01,    0.0000000000E+00,    0.0000000000E+00,    0.0000000000E+00,    8.5838981981E+01
     91800,      0.676934,CP6_after_kinetics,   1,    0.0000000000E+00,    8.5838981981E+01,    8.5838981981E+01,    0.0000000000E+00,    0.0000000000E+00,    0.0000000000E+00,    8.5838981981E+01
     91800,      0.676934,CP7_after_upper_clamp,   1,    0.0000000000E+00,    8.5838981981E+01,    8.5838981981E+01,    0.0000000000E+00,    0.0000000000E+00,    0.0000000000E+00,    8.5838981981E+01
     91800,      0.676934,CP8_after_OBC,   1,    0.0000000000E+00,    8.5838981981E+01,    8.5838981981E+01,    0.0000000000E+00,    0.0000000000E+00,    0.0000000000E+00,    8.5838981981E+01
     91800,      0.676934,CP9_after_PTsource,   1,    0.0000000000E+00,    8.5838981981E+01,    8.5838981981E+01,    0.0000000000E+00,    0.0000000000E+00,    0.0000000000E+00,    8.5838981981E+01
     91800,      0.676934,CP10_after_neg_clamp,   1,    0.0000000000E+00,    8.5838981981E+01,    8.5838981981E+01,    0.0000000000E+00,    0.0000000000E+00,    0.0000000000E+00,    8.5838981981E+01
     91800,      0.676934,CP11_after_MPI,   1,    0.0000000000E+00,    8.5838981981E+01,    8.5838981981E+01,    0.0000000000E+00,    0.0000000000E+00,    0.0000000000E+00,    8.5838981981E+01
     91800,      0.676934,CP12_end,   1,    0.0000000000E+00,    8.5838981981E+01,    8.5838981981E+01,    0.0000000000E+00,    0.0000000000E+00,    0.0000000000E+00,    8.5838981981E+01
     91850,      0.676934,CP0_start,   1,    0.0000000000E+00,    8.5921319126E+01,    8.5921319126E+01,    0.0000000000E+00,    0.0000000000E+00,    0.0000000000E+00,    8.5921319126E+01
     91850,      0.676934,CP1_after_deposition,   1,    0.0000000000E+00,    8.5921319126E+01,    8.5921319126E+01,    0.0000000000E+00,    0.0000000000E+00,    0.0000000000E+00,    8.5921319126E+01
     91850,      0.676934,CP2_after_erosion,   1,    0.0000000000E+00,    8.5921319126E+01,    8.5921319126E+01,    0.0000000000E+00,    0.0000000000E+00,    0.0000000000E+00,    8.5921319126E+01
     91850,      0.676934,CP3_after_update_bottom,   1,    0.0000000000E+00,    8.5921319126E+01,    8.5921319126E+01,    0.0000000000E+00,    0.0000000000E+00,    0.0000000000E+00,    8.5921319126E+01
     91850,      0.676934,CP4_after_advection,   1,    0.0000000000E+00,    8.5919791617E+01,    8.5919791617E+01,    0.0000000000E+00,    0.0000000000E+00,    0.0000000000E+00,    8.5919791617E+01
     91850,      0.676934,CP5_after_vdif,   1,    0.0000000000E+00,    8.5919791617E+01,    8.5919791617E+01,    0.0000000000E+00,    0.0000000000E+00,    0.0000000000E+00,    8.5919791617E+01
     91850,      0.676934,CP6_after_kinetics,   1,    0.0000000000E+00,    8.5919791617E+01,    8.5919791617E+01,    0.0000000000E+00,    0.0000000000E+00,    0.0000000000E+00,    8.5919791617E+01
     91850,      0.676934,CP7_after_upper_clamp,   1,    0.0000000000E+00,    8.5919791617E+01,    8.5919791617E+01,    0.0000000000E+00,    0.0000000000E+00,    0.0000000000E+00,    8.5919791617E+01
     91850,      0.676934,CP8_after_OBC,   1,    0.0000000000E+00,    8.5919791617E+01,    8.5919791617E+01,    0.0000000000E+00,    0.0000000000E+00,    0.0000000000E+00,    8.5919791617E+01
     91850,      0.676934,CP9_after_PTsource,   1,    0.0000000000E+00,    8.5919791617E+01,    8.5919791617E+01,    0.0000000000E+00,    0.0000000000E+00,    0.0000000000E+00,    8.5919791617E+01
     91850,      0.676934,CP10_after_neg_clamp,   1,    0.0000000000E+00,    8.5919791617E+01,    8.5919791617E+01,    0.0000000000E+00,    0.0000000000E+00,    0.0000000000E+00,    8.5919791617E+01
     91850,      0.676934,CP11_after_MPI,   1,    0.0000000000E+00,    8.5919791617E+01,    8.5919791617E+01,    0.0000000000E+00,    0.0000000000E+00,    0.0000000000E+00,    8.5919791617E+01
     91850,      0.676934,CP12_end,   1,    0.0000000000E+00,    8.5919791617E+01,    8.5919791617E+01,    0.0000000000E+00,    0.0000000000E+00,    0.0000000000E+00,    8.5919791617E+01
     91900,      0.676934,CP0_start,   1,    0.0000000000E+00,    8.6001758616E+01,    8.6001758616E+01,    0.0000000000E+00,    0.0000000000E+00,    0.0000000000E+00,    8.6001758616E+01
     91900,      0.676934,CP1_after_deposition,   1,    0.0000000000E+00,    8.6001758616E+01,    8.6001758616E+01,    0.0000000000E+00,    0.0000000000E+00,    0.0000000000E+00,    8.6001758616E+01
     91900,      0.676934,CP2_after_erosion,   1,    0.0000000000E+00,    8.6001758616E+01,    8.6001758616E+01,    0.0000000000E+00,    0.0000000000E+00,    0.0000000000E+00,    8.6001758616E+01
     91900,      0.676934,CP3_after_update_bottom,   1,    0.0000000000E+00,    8.6001758616E+01,    8.6001758616E+01,    0.0000000000E+00,    0.0000000000E+00,    0.0000000000E+00,    8.6001758616E+01
     91900,      0.676934,CP4_after_advection,   1,    0.0000000000E+00,    8.6000268273E+01,    8.6000268273E+01,    0.0000000000E+00,    0.0000000000E+00,    0.0000000000E+00,    8.6000268273E+01
     91900,      0.676934,CP5_after_vdif,   1,    0.0000000000E+00,    8.6000268273E+01,    8.6000268273E+01,    0.0000000000E+00,    0.0000000000E+00,    0.0000000000E+00,    8.6000268273E+01
     91900,      0.676934,CP6_after_kinetics,   1,    0.0000000000E+00,    8.6000268273E+01,    8.6000268273E+01,    0.0000000000E+00,    0.0000000000E+00,    0.0000000000E+00,    8.6000268273E+01
     91900,      0.676934,CP7_after_upper_clamp,   1,    0.0000000000E+00,    8.6000268273E+01,    8.6000268273E+01,    0.0000000000E+00,    0.0000000000E+00,    0.0000000000E+00,    8.6000268273E+01
     91900,      0.676934,CP8_after_OBC,   1,    0.0000000000E+00,    8.6000268273E+01,    8.6000268273E+01,    0.0000000000E+00,    0.0000000000E+00,    0.0000000000E+00,    8.6000268273E+01
     91900,      0.676934,CP9_after_PTsource,   1,    0.0000000000E+00,    8.6000268273E+01,    8.6000268273E+01,    0.0000000000E+00,    0.0000000000E+00,    0.0000000000E+00,    8.6000268273E+01
     91900,      0.676934,CP10_after_neg_clamp,   1,    0.0000000000E+00,    8.6000268273E+01,    8.6000268273E+01,    0.0000000000E+00,    0.0000000000E+00,    0.0000000000E+00,    8.6000268273E+01
     91900,      0.676934,CP11_after_MPI,   1,    0.0000000000E+00,    8.6000268273E+01,    8.6000268273E+01,    0.0000000000E+00,    0.0000000000E+00,    0.0000000000E+00,    8.6000268273E+01
     91900,      0.676934,CP12_end,   1,    0.0000000000E+00,    8.6000268273E+01,    8.6000268273E+01,    0.0000000000E+00,    0.0000000000E+00,    0.0000000000E+00,    8.6000268273E+01
     91950,      0.676934,CP0_start,   1,    0.0000000000E+00,    8.6081797876E+01,    8.6081797876E+01,    0.0000000000E+00,    0.0000000000E+00,    0.0000000000E+00,    8.6081797876E+01
     91950,      0.676934,CP1_after_deposition,   1,    0.0000000000E+00,    8.6081797876E+01,    8.6081797876E+01,    0.0000000000E+00,    0.0000000000E+00,    0.0000000000E+00,    8.6081797876E+01
     91950,      0.676934,CP2_after_erosion,   1,    0.0000000000E+00,    8.6081797876E+01,    8.6081797876E+01,    0.0000000000E+00,    0.0000000000E+00,    0.0000000000E+00,    8.6081797876E+01
     91950,      0.676934,CP3_after_update_bottom,   1,    0.0000000000E+00,    8.6081797876E+01,    8.6081797876E+01,    0.0000000000E+00,    0.0000000000E+00,    0.0000000000E+00,    8.6081797876E+01
     91950,      0.676934,CP4_after_advection,   1,    0.0000000000E+00,    8.6080340575E+01,    8.6080340575E+01,    0.0000000000E+00,    0.0000000000E+00,    0.0000000000E+00,    8.6080340575E+01
     91950,      0.676934,CP5_after_vdif,   1,    0.0000000000E+00,    8.6080340575E+01,    8.6080340575E+01,    0.0000000000E+00,    0.0000000000E+00,    0.0000000000E+00,    8.6080340575E+01
     91950,      0.676934,CP6_after_kinetics,   1,    0.0000000000E+00,    8.6080340575E+01,    8.6080340575E+01,    0.0000000000E+00,    0.0000000000E+00,    0.0000000000E+00,    8.6080340575E+01
     91950,      0.676934,CP7_after_upper_clamp,   1,    0.0000000000E+00,    8.6080340575E+01,    8.6080340575E+01,    0.0000000000E+00,    0.0000000000E+00,    0.0000000000E+00,    8.6080340575E+01
     91950,      0.676934,CP8_after_OBC,   1,    0.0000000000E+00,    8.6080340575E+01,    8.6080340575E+01,    0.0000000000E+00,    0.0000000000E+00,    0.0000000000E+00,    8.6080340575E+01
     91950,      0.676934,CP9_after_PTsource,   1,    0.0000000000E+00,    8.6080340575E+01,    8.6080340575E+01,    0.0000000000E+00,    0.0000000000E+00,    0.0000000000E+00,    8.6080340575E+01
     91950,      0.676934,CP10_after_neg_clamp,   1,    0.0000000000E+00,    8.6080340575E+01,    8.6080340575E+01,    0.0000000000E+00,    0.0000000000E+00,    0.0000000000E+00,    8.6080340575E+01
     91950,      0.676934,CP11_after_MPI,   1,    0.0000000000E+00,    8.6080340575E+01,    8.6080340575E+01,    0.0000000000E+00,    0.0000000000E+00,    0.0000000000E+00,    8.6080340575E+01
     91950,      0.676934,CP12_end,   1,    0.0000000000E+00,    8.6080340575E+01,    8.6080340575E+01,    0.0000000000E+00,    0.0000000000E+00,    0.0000000000E+00,    8.6080340575E+01
     92000,      0.676934,CP0_start,   1,    0.0000000000E+00,    8.6161440162E+01,    8.6161440162E+01,    0.0000000000E+00,    0.0000000000E+00,    0.0000000000E+00,    8.6161440162E+01
     92000,      0.676934,CP1_after_deposition,   1,    0.0000000000E+00,    8.6161440162E+01,    8.6161440162E+01,    0.0000000000E+00,    0.0000000000E+00,    0.0000000000E+00,    8.6161440162E+01
     92000,      0.676934,CP2_after_erosion,   1,    0.0000000000E+00,    8.6161440162E+01,    8.6161440162E+01,    0.0000000000E+00,    0.0000000000E+00,    0.0000000000E+00,    8.6161440162E+01
     92000,      0.676934,CP3_after_update_bottom,   1,    0.0000000000E+00,    8.6161440162E+01,    8.6161440162E+01,    0.0000000000E+00,    0.0000000000E+00,    0.0000000000E+00,    8.6161440162E+01
     92000,      0.676934,CP4_after_advection,   1,    0.0000000000E+00,    8.6160018409E+01,    8.6160018409E+01,    0.0000000000E+00,    0.0000000000E+00,    0.0000000000E+00,    8.6160018409E+01
     92000,      0.676934,CP5_after_vdif,   1,    0.0000000000E+00,    8.6160018409E+01,    8.6160018409E+01,    0.0000000000E+00,    0.0000000000E+00,    0.0000000000E+00,    8.6160018409E+01
     92000,      0.676934,CP6_after_kinetics,   1,    0.0000000000E+00,    8.6160018409E+01,    8.6160018409E+01,    0.0000000000E+00,    0.0000000000E+00,    0.0000000000E+00,    8.6160018409E+01
     92000,      0.676934,CP7_after_upper_clamp,   1,    0.0000000000E+00,    8.6160018409E+01,    8.6160018409E+01,    0.0000000000E+00,    0.0000000000E+00,    0.0000000000E+00,    8.6160018409E+01
     92000,      0.676934,CP8_after_OBC,   1,    0.0000000000E+00,    8.6160018409E+01,    8.6160018409E+01,    0.0000000000E+00,    0.0000000000E+00,    0.0000000000E+00,    8.6160018409E+01
     92000,      0.676934,CP9_after_PTsource,   1,    0.0000000000E+00,    8.6160018409E+01,    8.6160018409E+01,    0.0000000000E+00,    0.0000000000E+00,    0.0000000000E+00,    8.6160018409E+01
     92000,      0.676934,CP10_after_neg_clamp,   1,    0.0000000000E+00,    8.6160018409E+01,    8.6160018409E+01,    0.0000000000E+00,    0.0000000000E+00,    0.0000000000E+00,    8.6160018409E+01
     92000,      0.676934,CP11_after_MPI,   1,    0.0000000000E+00,    8.6160018409E+01,    8.6160018409E+01,    0.0000000000E+00,    0.0000000000E+00,    0.0000000000E+00,    8.6160018409E+01
     92000,      0.676934,CP12_end,   1,    0.0000000000E+00,    8.6160018409E+01,    8.6160018409E+01,    0.0000000000E+00,    0.0000000000E+00,    0.0000000000E+00,    8.6160018409E+01
     92050,      0.676934,CP0_start,   1,    0.0000000000E+00,    8.6240627578E+01,    8.6240627578E+01,    0.0000000000E+00,    0.0000000000E+00,    0.0000000000E+00,    8.6240627578E+01
     92050,      0.676934,CP1_after_deposition,   1,    0.0000000000E+00,    8.6240627578E+01,    8.6240627578E+01,    0.0000000000E+00,    0.0000000000E+00,    0.0000000000E+00,    8.6240627578E+01
     92050,      0.676934,CP2_after_erosion,   1,    0.0000000000E+00,    8.6240627578E+01,    8.6240627578E+01,    0.0000000000E+00,    0.0000000000E+00,    0.0000000000E+00,    8.6240627578E+01
     92050,      0.676934,CP3_after_update_bottom,   1,    0.0000000000E+00,    8.6240627578E+01,    8.6240627578E+01,    0.0000000000E+00,    0.0000000000E+00,    0.0000000000E+00,    8.6240627578E+01
     92050,      0.676934,CP4_after_advection,   1,    0.0000000000E+00,    8.6239236730E+01,    8.6239236730E+01,    0.0000000000E+00,    0.0000000000E+00,    0.0000000000E+00,    8.6239236730E+01
     92050,      0.676934,CP5_after_vdif,   1,    0.0000000000E+00,    8.6239236730E+01,    8.6239236730E+01,    0.0000000000E+00,    0.0000000000E+00,    0.0000000000E+00,    8.6239236730E+01
     92050,      0.676934,CP6_after_kinetics,   1,    0.0000000000E+00,    8.6239236730E+01,    8.6239236730E+01,    0.0000000000E+00,    0.0000000000E+00,    0.0000000000E+00,    8.6239236730E+01
     92050,      0.676934,CP7_after_upper_clamp,   1,    0.0000000000E+00,    8.6239236730E+01,    8.6239236730E+01,    0.0000000000E+00,    0.0000000000E+00,    0.0000000000E+00,    8.6239236730E+01
     92050,      0.676934,CP8_after_OBC,   1,    0.0000000000E+00,    8.6239236730E+01,    8.6239236730E+01,    0.0000000000E+00,    0.0000000000E+00,    0.0000000000E+00,    8.6239236730E+01
     92050,      0.676934,CP9_after_PTsource,   1,    0.0000000000E+00,    8.6239236730E+01,    8.6239236730E+01,    0.0000000000E+00,    0.0000000000E+00,    0.0000000000E+00,    8.6239236730E+01
     92050,      0.676934,CP10_after_neg_clamp,   1,    0.0000000000E+00,    8.6239236730E+01,    8.6239236730E+01,    0.0000000000E+00,    0.0000000000E+00,    0.0000000000E+00,    8.6239236730E+01
     92050,      0.676934,CP11_after_MPI,   1,    0.0000000000E+00,    8.6239236730E+01,    8.6239236730E+01,    0.0000000000E+00,    0.0000000000E+00,    0.0000000000E+00,    8.6239236730E+01
     92050,      0.676934,CP12_end,   1,    0.0000000000E+00,    8.6239236730E+01,    8.6239236730E+01,    0.0000000000E+00,    0.0000000000E+00,    0.0000000000E+00,    8.6239236730E+01
     92100,      0.676934,CP0_start,   1,    0.0000000000E+00,    8.6319471547E+01,    8.6319471547E+01,    0.0000000000E+00,    0.0000000000E+00,    0.0000000000E+00,    8.6319471547E+01
     92100,      0.676934,CP1_after_deposition,   1,    0.0000000000E+00,    8.6319471547E+01,    8.6319471547E+01,    0.0000000000E+00,    0.0000000000E+00,    0.0000000000E+00,    8.6319471547E+01
     92100,      0.676934,CP2_after_erosion,   1,    0.0000000000E+00,    8.6319471547E+01,    8.6319471547E+01,    0.0000000000E+00,    0.0000000000E+00,    0.0000000000E+00,    8.6319471547E+01
     92100,      0.676934,CP3_after_update_bottom,   1,    0.0000000000E+00,    8.6319471547E+01,    8.6319471547E+01,    0.0000000000E+00,    0.0000000000E+00,    0.0000000000E+00,    8.6319471547E+01
     92100,      0.676934,CP4_after_advection,   1,    0.0000000000E+00,    8.6318114476E+01,    8.6318114476E+01,    0.0000000000E+00,    0.0000000000E+00,    0.0000000000E+00,    8.6318114476E+01
     92100,      0.676934,CP5_after_vdif,   1,    0.0000000000E+00,    8.6318114476E+01,    8.6318114476E+01,    0.0000000000E+00,    0.0000000000E+00,    0.0000000000E+00,    8.6318114476E+01
     92100,      0.676934,CP6_after_kinetics,   1,    0.0000000000E+00,    8.6318114476E+01,    8.6318114476E+01,    0.0000000000E+00,    0.0000000000E+00,    0.0000000000E+00,    8.6318114476E+01
     92100,      0.676934,CP7_after_upper_clamp,   1,    0.0000000000E+00,    8.6318114476E+01,    8.6318114476E+01,    0.0000000000E+00,    0.0000000000E+00,    0.0000000000E+00,    8.6318114476E+01
     92100,      0.676934,CP8_after_OBC,   1,    0.0000000000E+00,    8.6318114476E+01,    8.6318114476E+01,    0.0000000000E+00,    0.0000000000E+00,    0.0000000000E+00,    8.6318114476E+01
     92100,      0.676934,CP9_after_PTsource,   1,    0.0000000000E+00,    8.6318114476E+01,    8.6318114476E+01,    0.0000000000E+00,    0.0000000000E+00,    0.0000000000E+00,    8.6318114476E+01
     92100,      0.676934,CP10_after_neg_clamp,   1,    0.0000000000E+00,    8.6318114476E+01,    8.6318114476E+01,    0.0000000000E+00,    0.0000000000E+00,    0.0000000000E+00,    8.6318114476E+01
     92100,      0.676934,CP11_after_MPI,   1,    0.0000000000E+00,    8.6318114476E+01,    8.6318114476E+01,    0.0000000000E+00,    0.0000000000E+00,    0.0000000000E+00,    8.6318114476E+01
     92100,      0.676934,CP12_end,   1,    0.0000000000E+00,    8.6318114476E+01,    8.6318114476E+01,    0.0000000000E+00,    0.0000000000E+00,    0.0000000000E+00,    8.6318114476E+01
     92150,      0.676934,CP0_start,   1,    0.0000000000E+00,    8.6397989103E+01,    8.6397989103E+01,    0.0000000000E+00,    0.0000000000E+00,    0.0000000000E+00,    8.6397989103E+01
     92150,      0.676934,CP1_after_deposition,   1,    0.0000000000E+00,    8.6397989103E+01,    8.6397989103E+01,    0.0000000000E+00,    0.0000000000E+00,    0.0000000000E+00,    8.6397989103E+01
     92150,      0.676934,CP2_after_erosion,   1,    0.0000000000E+00,    8.6397989103E+01,    8.6397989103E+01,    0.0000000000E+00,    0.0000000000E+00,    0.0000000000E+00,    8.6397989103E+01
     92150,      0.676934,CP3_after_update_bottom,   1,    0.0000000000E+00,    8.6397989103E+01,    8.6397989103E+01,    0.0000000000E+00,    0.0000000000E+00,    0.0000000000E+00,    8.6397989103E+01
     92150,      0.676934,CP4_after_advection,   1,    0.0000000000E+00,    8.6396667788E+01,    8.6396667788E+01,    0.0000000000E+00,    0.0000000000E+00,    0.0000000000E+00,    8.6396667788E+01
     92150,      0.676934,CP5_after_vdif,   1,    0.0000000000E+00,    8.6396667788E+01,    8.6396667788E+01,    0.0000000000E+00,    0.0000000000E+00,    0.0000000000E+00,    8.6396667788E+01
     92150,      0.676934,CP6_after_kinetics,   1,    0.0000000000E+00,    8.6396667788E+01,    8.6396667788E+01,    0.0000000000E+00,    0.0000000000E+00,    0.0000000000E+00,    8.6396667788E+01
     92150,      0.676934,CP7_after_upper_clamp,   1,    0.0000000000E+00,    8.6396667788E+01,    8.6396667788E+01,    0.0000000000E+00,    0.0000000000E+00,    0.0000000000E+00,    8.6396667788E+01
     92150,      0.676934,CP8_after_OBC,   1,    0.0000000000E+00,    8.6396667788E+01,    8.6396667788E+01,    0.0000000000E+00,    0.0000000000E+00,    0.0000000000E+00,    8.6396667788E+01
     92150,      0.676934,CP9_after_PTsource,   1,    0.0000000000E+00,    8.6396667788E+01,    8.6396667788E+01,    0.0000000000E+00,    0.0000000000E+00,    0.0000000000E+00,    8.6396667788E+01
     92150,      0.676934,CP10_after_neg_clamp,   1,    0.0000000000E+00,    8.6396667788E+01,    8.6396667788E+01,    0.0000000000E+00,    0.0000000000E+00,    0.0000000000E+00,    8.6396667788E+01
     92150,      0.676934,CP11_after_MPI,   1,    0.0000000000E+00,    8.6396667788E+01,    8.6396667788E+01,    0.0000000000E+00,    0.0000000000E+00,    0.0000000000E+00,    8.6396667788E+01
     92150,      0.676934,CP12_end,   1,    0.0000000000E+00,    8.6396667788E+01,    8.6396667788E+01,    0.0000000000E+00,    0.0000000000E+00,    0.0000000000E+00,    8.6396667788E+01
     92200,      0.676934,CP0_start,   1,    0.0000000000E+00,    8.6476334228E+01,    8.6476334228E+01,    0.0000000000E+00,    0.0000000000E+00,    0.0000000000E+00,    8.6476334228E+01
     92200,      0.676934,CP1_after_deposition,   1,    0.0000000000E+00,    8.6476334228E+01,    8.6476334228E+01,    0.0000000000E+00,    0.0000000000E+00,    0.0000000000E+00,    8.6476334228E+01
     92200,      0.676934,CP2_after_erosion,   1,    0.0000000000E+00,    8.6476334228E+01,    8.6476334228E+01,    0.0000000000E+00,    0.0000000000E+00,    0.0000000000E+00,    8.6476334228E+01
     92200,      0.676934,CP3_after_update_bottom,   1,    0.0000000000E+00,    8.6476334228E+01,    8.6476334228E+01,    0.0000000000E+00,    0.0000000000E+00,    0.0000000000E+00,    8.6476334228E+01
     92200,      0.676934,CP4_after_advection,   1,    0.0000000000E+00,    8.6475048954E+01,    8.6475048954E+01,    0.0000000000E+00,    0.0000000000E+00,    0.0000000000E+00,    8.6475048954E+01
     92200,      0.676934,CP5_after_vdif,   1,    0.0000000000E+00,    8.6475048954E+01,    8.6475048954E+01,    0.0000000000E+00,    0.0000000000E+00,    0.0000000000E+00,    8.6475048954E+01
     92200,      0.676934,CP6_after_kinetics,   1,    0.0000000000E+00,    8.6475048954E+01,    8.6475048954E+01,    0.0000000000E+00,    0.0000000000E+00,    0.0000000000E+00,    8.6475048954E+01
     92200,      0.676934,CP7_after_upper_clamp,   1,    0.0000000000E+00,    8.6475048954E+01,    8.6475048954E+01,    0.0000000000E+00,    0.0000000000E+00,    0.0000000000E+00,    8.6475048954E+01
     92200,      0.676934,CP8_after_OBC,   1,    0.0000000000E+00,    8.6475048954E+01,    8.6475048954E+01,    0.0000000000E+00,    0.0000000000E+00,    0.0000000000E+00,    8.6475048954E+01
     92200,      0.676934,CP9_after_PTsource,   1,    0.0000000000E+00,    8.6475048954E+01,    8.6475048954E+01,    0.0000000000E+00,    0.0000000000E+00,    0.0000000000E+00,    8.6475048954E+01
     92200,      0.676934,CP10_after_neg_clamp,   1,    0.0000000000E+00,    8.6475048954E+01,    8.6475048954E+01,    0.0000000000E+00,    0.0000000000E+00,    0.0000000000E+00,    8.6475048954E+01
     92200,      0.676934,CP11_after_MPI,   1,    0.0000000000E+00,    8.6475048954E+01,    8.6475048954E+01,    0.0000000000E+00,    0.0000000000E+00,    0.0000000000E+00,    8.6475048954E+01
     92200,      0.676934,CP12_end,   1,    0.0000000000E+00,    8.6475048954E+01,    8.6475048954E+01,    0.0000000000E+00,    0.0000000000E+00,    0.0000000000E+00,    8.6475048954E+01
     92250,      0.676934,CP0_start,   1,    0.0000000000E+00,    8.6554614404E+01,    8.6554614404E+01,    0.0000000000E+00,    0.0000000000E+00,    0.0000000000E+00,    8.6554614404E+01
     92250,      0.676934,CP1_after_deposition,   1,    0.0000000000E+00,    8.6554614404E+01,    8.6554614404E+01,    0.0000000000E+00,    0.0000000000E+00,    0.0000000000E+00,    8.6554614404E+01
     92250,      0.676934,CP2_after_erosion,   1,    0.0000000000E+00,    8.6554614404E+01,    8.6554614404E+01,    0.0000000000E+00,    0.0000000000E+00,    0.0000000000E+00,    8.6554614404E+01
     92250,      0.676934,CP3_after_update_bottom,   1,    0.0000000000E+00,    8.6554614404E+01,    8.6554614404E+01,    0.0000000000E+00,    0.0000000000E+00,    0.0000000000E+00,    8.6554614404E+01
     92250,      0.676934,CP4_after_advection,   1,    0.0000000000E+00,    8.6553369294E+01,    8.6553369294E+01,    0.0000000000E+00,    0.0000000000E+00,    0.0000000000E+00,    8.6553369294E+01
     92250,      0.676934,CP5_after_vdif,   1,    0.0000000000E+00,    8.6553369294E+01,    8.6553369294E+01,    0.0000000000E+00,    0.0000000000E+00,    0.0000000000E+00,    8.6553369294E+01
     92250,      0.676934,CP6_after_kinetics,   1,    0.0000000000E+00,    8.6553369294E+01,    8.6553369294E+01,    0.0000000000E+00,    0.0000000000E+00,    0.0000000000E+00,    8.6553369294E+01
     92250,      0.676934,CP7_after_upper_clamp,   1,    0.0000000000E+00,    8.6553369294E+01,    8.6553369294E+01,    0.0000000000E+00,    0.0000000000E+00,    0.0000000000E+00,    8.6553369294E+01
     92250,      0.676934,CP8_after_OBC,   1,    0.0000000000E+00,    8.6553369294E+01,    8.6553369294E+01,    0.0000000000E+00,    0.0000000000E+00,    0.0000000000E+00,    8.6553369294E+01
     92250,      0.676934,CP9_after_PTsource,   1,    0.0000000000E+00,    8.6553369294E+01,    8.6553369294E+01,    0.0000000000E+00,    0.0000000000E+00,    0.0000000000E+00,    8.6553369294E+01
     92250,      0.676934,CP10_after_neg_clamp,   1,    0.0000000000E+00,    8.6553369294E+01,    8.6553369294E+01,    0.0000000000E+00,    0.0000000000E+00,    0.0000000000E+00,    8.6553369294E+01
     92250,      0.676934,CP11_after_MPI,   1,    0.0000000000E+00,    8.6553369294E+01,    8.6553369294E+01,    0.0000000000E+00,    0.0000000000E+00,    0.0000000000E+00,    8.6553369294E+01
     92250,      0.676934,CP12_end,   1,    0.0000000000E+00,    8.6553369294E+01,    8.6553369294E+01,    0.0000000000E+00,    0.0000000000E+00,    0.0000000000E+00,    8.6553369294E+01
     92300,      0.676934,CP0_start,   1,    0.0000000000E+00,    8.6633045333E+01,    8.6633045333E+01,    0.0000000000E+00,    0.0000000000E+00,    0.0000000000E+00,    8.6633045333E+01
     92300,      0.676934,CP1_after_deposition,   1,    0.0000000000E+00,    8.6633045333E+01,    8.6633045333E+01,    0.0000000000E+00,    0.0000000000E+00,    0.0000000000E+00,    8.6633045333E+01
     92300,      0.676934,CP2_after_erosion,   1,    0.0000000000E+00,    8.6633045333E+01,    8.6633045333E+01,    0.0000000000E+00,    0.0000000000E+00,    0.0000000000E+00,    8.6633045333E+01
     92300,      0.676934,CP3_after_update_bottom,   1,    0.0000000000E+00,    8.6633045333E+01,    8.6633045333E+01,    0.0000000000E+00,    0.0000000000E+00,    0.0000000000E+00,    8.6633045333E+01
     92300,      0.676934,CP4_after_advection,   1,    0.0000000000E+00,    8.6631842667E+01,    8.6631842667E+01,    0.0000000000E+00,    0.0000000000E+00,    0.0000000000E+00,    8.6631842667E+01
     92300,      0.676934,CP5_after_vdif,   1,    0.0000000000E+00,    8.6631842667E+01,    8.6631842667E+01,    0.0000000000E+00,    0.0000000000E+00,    0.0000000000E+00,    8.6631842667E+01
     92300,      0.676934,CP6_after_kinetics,   1,    0.0000000000E+00,    8.6631842667E+01,    8.6631842667E+01,    0.0000000000E+00,    0.0000000000E+00,    0.0000000000E+00,    8.6631842667E+01
     92300,      0.676934,CP7_after_upper_clamp,   1,    0.0000000000E+00,    8.6631842667E+01,    8.6631842667E+01,    0.0000000000E+00,    0.0000000000E+00,    0.0000000000E+00,    8.6631842667E+01
     92300,      0.676934,CP8_after_OBC,   1,    0.0000000000E+00,    8.6631842667E+01,    8.6631842667E+01,    0.0000000000E+00,    0.0000000000E+00,    0.0000000000E+00,    8.6631842667E+01
     92300,      0.676934,CP9_after_PTsource,   1,    0.0000000000E+00,    8.6631842667E+01,    8.6631842667E+01,    0.0000000000E+00,    0.0000000000E+00,    0.0000000000E+00,    8.6631842667E+01
     92300,      0.676934,CP10_after_neg_clamp,   1,    0.0000000000E+00,    8.6631842667E+01,    8.6631842667E+01,    0.0000000000E+00,    0.0000000000E+00,    0.0000000000E+00,    8.6631842667E+01
     92300,      0.676934,CP11_after_MPI,   1,    0.0000000000E+00,    8.6631842667E+01,    8.6631842667E+01,    0.0000000000E+00,    0.0000000000E+00,    0.0000000000E+00,    8.6631842667E+01
     92300,      0.676934,CP12_end,   1,    0.0000000000E+00,    8.6631842667E+01,    8.6631842667E+01,    0.0000000000E+00,    0.0000000000E+00,    0.0000000000E+00,    8.6631842667E+01
     92350,      0.676934,CP0_start,   1,    0.0000000000E+00,    8.6711802359E+01,    8.6711802359E+01,    0.0000000000E+00,    0.0000000000E+00,    0.0000000000E+00,    8.6711802359E+01
     92350,      0.676934,CP1_after_deposition,   1,    0.0000000000E+00,    8.6711802359E+01,    8.6711802359E+01,    0.0000000000E+00,    0.0000000000E+00,    0.0000000000E+00,    8.6711802359E+01
     92350,      0.676934,CP2_after_erosion,   1,    0.0000000000E+00,    8.6711802359E+01,    8.6711802359E+01,    0.0000000000E+00,    0.0000000000E+00,    0.0000000000E+00,    8.6711802359E+01
     92350,      0.676934,CP3_after_update_bottom,   1,    0.0000000000E+00,    8.6711802359E+01,    8.6711802359E+01,    0.0000000000E+00,    0.0000000000E+00,    0.0000000000E+00,    8.6711802359E+01
     92350,      0.676934,CP4_after_advection,   1,    0.0000000000E+00,    8.6710646575E+01,    8.6710646575E+01,    0.0000000000E+00,    0.0000000000E+00,    0.0000000000E+00,    8.6710646575E+01
     92350,      0.676934,CP5_after_vdif,   1,    0.0000000000E+00,    8.6710646575E+01,    8.6710646575E+01,    0.0000000000E+00,    0.0000000000E+00,    0.0000000000E+00,    8.6710646575E+01
     92350,      0.676934,CP6_after_kinetics,   1,    0.0000000000E+00,    8.6710646575E+01,    8.6710646575E+01,    0.0000000000E+00,    0.0000000000E+00,    0.0000000000E+00,    8.6710646575E+01
     92350,      0.676934,CP7_after_upper_clamp,   1,    0.0000000000E+00,    8.6710646575E+01,    8.6710646575E+01,    0.0000000000E+00,    0.0000000000E+00,    0.0000000000E+00,    8.6710646575E+01
     92350,      0.676934,CP8_after_OBC,   1,    0.0000000000E+00,    8.6710646575E+01,    8.6710646575E+01,    0.0000000000E+00,    0.0000000000E+00,    0.0000000000E+00,    8.6710646575E+01
     92350,      0.676934,CP9_after_PTsource,   1,    0.0000000000E+00,    8.6710646575E+01,    8.6710646575E+01,    0.0000000000E+00,    0.0000000000E+00,    0.0000000000E+00,    8.6710646575E+01
     92350,      0.676934,CP10_after_neg_clamp,   1,    0.0000000000E+00,    8.6710646575E+01,    8.6710646575E+01,    0.0000000000E+00,    0.0000000000E+00,    0.0000000000E+00,    8.6710646575E+01
     92350,      0.676934,CP11_after_MPI,   1,    0.0000000000E+00,    8.6710646575E+01,    8.6710646575E+01,    0.0000000000E+00,    0.0000000000E+00,    0.0000000000E+00,    8.6710646575E+01
     92350,      0.676934,CP12_end,   1,    0.0000000000E+00,    8.6710646575E+01,    8.6710646575E+01,    0.0000000000E+00,    0.0000000000E+00,    0.0000000000E+00,    8.6710646575E+01
     92400,      0.676934,CP0_start,   1,    0.0000000000E+00,    8.6791080953E+01,    8.6791080953E+01,    0.0000000000E+00,    0.0000000000E+00,    0.0000000000E+00,    8.6791080953E+01
     92400,      0.676934,CP1_after_deposition,   1,    0.0000000000E+00,    8.6791080953E+01,    8.6791080953E+01,    0.0000000000E+00,    0.0000000000E+00,    0.0000000000E+00,    8.6791080953E+01
     92400,      0.676934,CP2_after_erosion,   1,    0.0000000000E+00,    8.6791080953E+01,    8.6791080953E+01,    0.0000000000E+00,    0.0000000000E+00,    0.0000000000E+00,    8.6791080953E+01
     92400,      0.676934,CP3_after_update_bottom,   1,    0.0000000000E+00,    8.6791080953E+01,    8.6791080953E+01,    0.0000000000E+00,    0.0000000000E+00,    0.0000000000E+00,    8.6791080953E+01
     92400,      0.676934,CP4_after_advection,   1,    0.0000000000E+00,    8.6789973662E+01,    8.6789973662E+01,    0.0000000000E+00,    0.0000000000E+00,    0.0000000000E+00,    8.6789973662E+01
     92400,      0.676934,CP5_after_vdif,   1,    0.0000000000E+00,    8.6789973662E+01,    8.6789973662E+01,    0.0000000000E+00,    0.0000000000E+00,    0.0000000000E+00,    8.6789973662E+01
     92400,      0.676934,CP6_after_kinetics,   1,    0.0000000000E+00,    8.6789973662E+01,    8.6789973662E+01,    0.0000000000E+00,    0.0000000000E+00,    0.0000000000E+00,    8.6789973662E+01
     92400,      0.676934,CP7_after_upper_clamp,   1,    0.0000000000E+00,    8.6789973662E+01,    8.6789973662E+01,    0.0000000000E+00,    0.0000000000E+00,    0.0000000000E+00,    8.6789973662E+01
     92400,      0.676934,CP8_after_OBC,   1,    0.0000000000E+00,    8.6789973662E+01,    8.6789973662E+01,    0.0000000000E+00,    0.0000000000E+00,    0.0000000000E+00,    8.6789973662E+01
     92400,      0.676934,CP9_after_PTsource,   1,    0.0000000000E+00,    8.6789973662E+01,    8.6789973662E+01,    0.0000000000E+00,    0.0000000000E+00,    0.0000000000E+00,    8.6789973662E+01
     92400,      0.676934,CP10_after_neg_clamp,   1,    0.0000000000E+00,    8.6789973662E+01,    8.6789973662E+01,    0.0000000000E+00,    0.0000000000E+00,    0.0000000000E+00,    8.6789973662E+01
     92400,      0.676934,CP11_after_MPI,   1,    0.0000000000E+00,    8.6789973662E+01,    8.6789973662E+01,    0.0000000000E+00,    0.0000000000E+00,    0.0000000000E+00,    8.6789973662E+01
     92400,      0.676934,CP12_end,   1,    0.0000000000E+00,    8.6789973662E+01,    8.6789973662E+01,    0.0000000000E+00,    0.0000000000E+00,    0.0000000000E+00,    8.6789973662E+01
     92450,      0.676934,CP0_start,   1,    0.0000000000E+00,    8.6871026103E+01,    8.6871026103E+01,    0.0000000000E+00,    0.0000000000E+00,    0.0000000000E+00,    8.6871026103E+01
     92450,      0.676934,CP1_after_deposition,   1,    0.0000000000E+00,    8.6871026103E+01,    8.6871026103E+01,    0.0000000000E+00,    0.0000000000E+00,    0.0000000000E+00,    8.6871026103E+01
     92450,      0.676934,CP2_after_erosion,   1,    0.0000000000E+00,    8.6871026103E+01,    8.6871026103E+01,    0.0000000000E+00,    0.0000000000E+00,    0.0000000000E+00,    8.6871026103E+01
     92450,      0.676934,CP3_after_update_bottom,   1,    0.0000000000E+00,    8.6871026103E+01,    8.6871026103E+01,    0.0000000000E+00,    0.0000000000E+00,    0.0000000000E+00,    8.6871026103E+01
     92450,      0.676934,CP4_after_advection,   1,    0.0000000000E+00,    8.6869968330E+01,    8.6869968330E+01,    0.0000000000E+00,    0.0000000000E+00,    0.0000000000E+00,    8.6869968330E+01
     92450,      0.676934,CP5_after_vdif,   1,    0.0000000000E+00,    8.6869968330E+01,    8.6869968330E+01,    0.0000000000E+00,    0.0000000000E+00,    0.0000000000E+00,    8.6869968330E+01
     92450,      0.676934,CP6_after_kinetics,   1,    0.0000000000E+00,    8.6869968330E+01,    8.6869968330E+01,    0.0000000000E+00,    0.0000000000E+00,    0.0000000000E+00,    8.6869968330E+01
     92450,      0.676934,CP7_after_upper_clamp,   1,    0.0000000000E+00,    8.6869968330E+01,    8.6869968330E+01,    0.0000000000E+00,    0.0000000000E+00,    0.0000000000E+00,    8.6869968330E+01
     92450,      0.676934,CP8_after_OBC,   1,    0.0000000000E+00,    8.6869968330E+01,    8.6869968330E+01,    0.0000000000E+00,    0.0000000000E+00,    0.0000000000E+00,    8.6869968330E+01
     92450,      0.676934,CP9_after_PTsource,   1,    0.0000000000E+00,    8.6869968330E+01,    8.6869968330E+01,    0.0000000000E+00,    0.0000000000E+00,    0.0000000000E+00,    8.6869968330E+01
     92450,      0.676934,CP10_after_neg_clamp,   1,    0.0000000000E+00,    8.6869968330E+01,    8.6869968330E+01,    0.0000000000E+00,    0.0000000000E+00,    0.0000000000E+00,    8.6869968330E+01
     92450,      0.676934,CP11_after_MPI,   1,    0.0000000000E+00,    8.6869968330E+01,    8.6869968330E+01,    0.0000000000E+00,    0.0000000000E+00,    0.0000000000E+00,    8.6869968330E+01
     92450,      0.676934,CP12_end,   1,    0.0000000000E+00,    8.6869968330E+01,    8.6869968330E+01,    0.0000000000E+00,    0.0000000000E+00,    0.0000000000E+00,    8.6869968330E+01
     92500,      0.676935,CP0_start,   1,    0.0000000000E+00,    8.6951845157E+01,    8.6951845157E+01,    0.0000000000E+00,    0.0000000000E+00,    0.0000000000E+00,    8.6951845157E+01
     92500,      0.676935,CP1_after_deposition,   1,    0.0000000000E+00,    8.6951845157E+01,    8.6951845157E+01,    0.0000000000E+00,    0.0000000000E+00,    0.0000000000E+00,    8.6951845157E+01
     92500,      0.676935,CP2_after_erosion,   1,    0.0000000000E+00,    8.6951845157E+01,    8.6951845157E+01,    0.0000000000E+00,    0.0000000000E+00,    0.0000000000E+00,    8.6951845157E+01
     92500,      0.676935,CP3_after_update_bottom,   1,    0.0000000000E+00,    8.6951845157E+01,    8.6951845157E+01,    0.0000000000E+00,    0.0000000000E+00,    0.0000000000E+00,    8.6951845157E+01
     92500,      0.676935,CP4_after_advection,   1,    0.0000000000E+00,    8.6950842792E+01,    8.6950842792E+01,    0.0000000000E+00,    0.0000000000E+00,    0.0000000000E+00,    8.6950842792E+01
     92500,      0.676935,CP5_after_vdif,   1,    0.0000000000E+00,    8.6950842792E+01,    8.6950842792E+01,    0.0000000000E+00,    0.0000000000E+00,    0.0000000000E+00,    8.6950842792E+01
     92500,      0.676935,CP6_after_kinetics,   1,    0.0000000000E+00,    8.6950842792E+01,    8.6950842792E+01,    0.0000000000E+00,    0.0000000000E+00,    0.0000000000E+00,    8.6950842792E+01
     92500,      0.676935,CP7_after_upper_clamp,   1,    0.0000000000E+00,    8.6950842792E+01,    8.6950842792E+01,    0.0000000000E+00,    0.0000000000E+00,    0.0000000000E+00,    8.6950842792E+01
     92500,      0.676935,CP8_after_OBC,   1,    0.0000000000E+00,    8.6950842792E+01,    8.6950842792E+01,    0.0000000000E+00,    0.0000000000E+00,    0.0000000000E+00,    8.6950842792E+01
     92500,      0.676935,CP9_after_PTsource,   1,    0.0000000000E+00,    8.6950842792E+01,    8.6950842792E+01,    0.0000000000E+00,    0.0000000000E+00,    0.0000000000E+00,    8.6950842792E+01
     92500,      0.676935,CP10_after_neg_clamp,   1,    0.0000000000E+00,    8.6950842792E+01,    8.6950842792E+01,    0.0000000000E+00,    0.0000000000E+00,    0.0000000000E+00,    8.6950842792E+01
     92500,      0.676935,CP11_after_MPI,   1,    0.0000000000E+00,    8.6950842792E+01,    8.6950842792E+01,    0.0000000000E+00,    0.0000000000E+00,    0.0000000000E+00,    8.6950842792E+01
     92500,      0.676935,CP12_end,   1,    0.0000000000E+00,    8.6950842792E+01,    8.6950842792E+01,    0.0000000000E+00,    0.0000000000E+00,    0.0000000000E+00,    8.6950842792E+01
     92550,      0.676935,CP0_start,   1,    0.0000000000E+00,    8.7033617217E+01,    8.7033617217E+01,    0.0000000000E+00,    0.0000000000E+00,    0.0000000000E+00,    8.7033617217E+01
     92550,      0.676935,CP1_after_deposition,   1,    0.0000000000E+00,    8.7033617217E+01,    8.7033617217E+01,    0.0000000000E+00,    0.0000000000E+00,    0.0000000000E+00,    8.7033617217E+01
     92550,      0.676935,CP2_after_erosion,   1,    0.0000000000E+00,    8.7033617217E+01,    8.7033617217E+01,    0.0000000000E+00,    0.0000000000E+00,    0.0000000000E+00,    8.7033617217E+01
     92550,      0.676935,CP3_after_update_bottom,   1,    0.0000000000E+00,    8.7033617217E+01,    8.7033617217E+01,    0.0000000000E+00,    0.0000000000E+00,    0.0000000000E+00,    8.7033617217E+01
     92550,      0.676935,CP4_after_advection,   1,    0.0000000000E+00,    8.7032670992E+01,    8.7032670992E+01,    0.0000000000E+00,    0.0000000000E+00,    0.0000000000E+00,    8.7032670992E+01
     92550,      0.676935,CP5_after_vdif,   1,    0.0000000000E+00,    8.7032670992E+01,    8.7032670992E+01,    0.0000000000E+00,    0.0000000000E+00,    0.0000000000E+00,    8.7032670992E+01
     92550,      0.676935,CP6_after_kinetics,   1,    0.0000000000E+00,    8.7032670992E+01,    8.7032670992E+01,    0.0000000000E+00,    0.0000000000E+00,    0.0000000000E+00,    8.7032670992E+01
     92550,      0.676935,CP7_after_upper_clamp,   1,    0.0000000000E+00,    8.7032670992E+01,    8.7032670992E+01,    0.0000000000E+00,    0.0000000000E+00,    0.0000000000E+00,    8.7032670992E+01
     92550,      0.676935,CP8_after_OBC,   1,    0.0000000000E+00,    8.7032670992E+01,    8.7032670992E+01,    0.0000000000E+00,    0.0000000000E+00,    0.0000000000E+00,    8.7032670992E+01
     92550,      0.676935,CP9_after_PTsource,   1,    0.0000000000E+00,    8.7032670992E+01,    8.7032670992E+01,    0.0000000000E+00,    0.0000000000E+00,    0.0000000000E+00,    8.7032670992E+01
     92550,      0.676935,CP10_after_neg_clamp,   1,    0.0000000000E+00,    8.7032670992E+01,    8.7032670992E+01,    0.0000000000E+00,    0.0000000000E+00,    0.0000000000E+00,    8.7032670992E+01
     92550,      0.676935,CP11_after_MPI,   1,    0.0000000000E+00,    8.7032670992E+01,    8.7032670992E+01,    0.0000000000E+00,    0.0000000000E+00,    0.0000000000E+00,    8.7032670992E+01
     92550,      0.676935,CP12_end,   1,    0.0000000000E+00,    8.7032670992E+01,    8.7032670992E+01,    0.0000000000E+00,    0.0000000000E+00,    0.0000000000E+00,    8.7032670992E+01
     92600,      0.676935,CP0_start,   1,    0.0000000000E+00,    8.7116334301E+01,    8.7116334301E+01,    0.0000000000E+00,    0.0000000000E+00,    0.0000000000E+00,    8.7116334301E+01
     92600,      0.676935,CP1_after_deposition,   1,    0.0000000000E+00,    8.7116334301E+01,    8.7116334301E+01,    0.0000000000E+00,    0.0000000000E+00,    0.0000000000E+00,    8.7116334301E+01
     92600,      0.676935,CP2_after_erosion,   1,    0.0000000000E+00,    8.7116334301E+01,    8.7116334301E+01,    0.0000000000E+00,    0.0000000000E+00,    0.0000000000E+00,    8.7116334301E+01
     92600,      0.676935,CP3_after_update_bottom,   1,    0.0000000000E+00,    8.7116334301E+01,    8.7116334301E+01,    0.0000000000E+00,    0.0000000000E+00,    0.0000000000E+00,    8.7116334301E+01
     92600,      0.676935,CP4_after_advection,   1,    0.0000000000E+00,    8.7115442233E+01,    8.7115442233E+01,    0.0000000000E+00,    0.0000000000E+00,    0.0000000000E+00,    8.7115442233E+01
     92600,      0.676935,CP5_after_vdif,   1,    0.0000000000E+00,    8.7115442233E+01,    8.7115442233E+01,    0.0000000000E+00,    0.0000000000E+00,    0.0000000000E+00,    8.7115442233E+01
     92600,      0.676935,CP6_after_kinetics,   1,    0.0000000000E+00,    8.7115442233E+01,    8.7115442233E+01,    0.0000000000E+00,    0.0000000000E+00,    0.0000000000E+00,    8.7115442233E+01
     92600,      0.676935,CP7_after_upper_clamp,   1,    0.0000000000E+00,    8.7115442233E+01,    8.7115442233E+01,    0.0000000000E+00,    0.0000000000E+00,    0.0000000000E+00,    8.7115442233E+01
     92600,      0.676935,CP8_after_OBC,   1,    0.0000000000E+00,    8.7115442233E+01,    8.7115442233E+01,    0.0000000000E+00,    0.0000000000E+00,    0.0000000000E+00,    8.7115442233E+01
     92600,      0.676935,CP9_after_PTsource,   1,    0.0000000000E+00,    8.7115442233E+01,    8.7115442233E+01,    0.0000000000E+00,    0.0000000000E+00,    0.0000000000E+00,    8.7115442233E+01
     92600,      0.676935,CP10_after_neg_clamp,   1,    0.0000000000E+00,    8.7115442233E+01,    8.7115442233E+01,    0.0000000000E+00,    0.0000000000E+00,    0.0000000000E+00,    8.7115442233E+01
     92600,      0.676935,CP11_after_MPI,   1,    0.0000000000E+00,    8.7115442233E+01,    8.7115442233E+01,    0.0000000000E+00,    0.0000000000E+00,    0.0000000000E+00,    8.7115442233E+01
     92600,      0.676935,CP12_end,   1,    0.0000000000E+00,    8.7115442233E+01,    8.7115442233E+01,    0.0000000000E+00,    0.0000000000E+00,    0.0000000000E+00,    8.7115442233E+01
     92650,      0.676935,CP0_start,   1,    0.0000000000E+00,    8.7199838722E+01,    8.7199838722E+01,    0.0000000000E+00,    0.0000000000E+00,    0.0000000000E+00,    8.7199838722E+01
     92650,      0.676935,CP1_after_deposition,   1,    0.0000000000E+00,    8.7199838722E+01,    8.7199838722E+01,    0.0000000000E+00,    0.0000000000E+00,    0.0000000000E+00,    8.7199838722E+01
     92650,      0.676935,CP2_after_erosion,   1,    0.0000000000E+00,    8.7199838722E+01,    8.7199838722E+01,    0.0000000000E+00,    0.0000000000E+00,    0.0000000000E+00,    8.7199838722E+01
     92650,      0.676935,CP3_after_update_bottom,   1,    0.0000000000E+00,    8.7199838722E+01,    8.7199838722E+01,    0.0000000000E+00,    0.0000000000E+00,    0.0000000000E+00,    8.7199838722E+01
     92650,      0.676935,CP4_after_advection,   1,    0.0000000000E+00,    8.7198992712E+01,    8.7198992712E+01,    0.0000000000E+00,    0.0000000000E+00,    0.0000000000E+00,    8.7198992712E+01
     92650,      0.676935,CP5_after_vdif,   1,    0.0000000000E+00,    8.7198992712E+01,    8.7198992712E+01,    0.0000000000E+00,    0.0000000000E+00,    0.0000000000E+00,    8.7198992712E+01
     92650,      0.676935,CP6_after_kinetics,   1,    0.0000000000E+00,    8.7198992712E+01,    8.7198992712E+01,    0.0000000000E+00,    0.0000000000E+00,    0.0000000000E+00,    8.7198992712E+01
     92650,      0.676935,CP7_after_upper_clamp,   1,    0.0000000000E+00,    8.7198992712E+01,    8.7198992712E+01,    0.0000000000E+00,    0.0000000000E+00,    0.0000000000E+00,    8.7198992712E+01
     92650,      0.676935,CP8_after_OBC,   1,    0.0000000000E+00,    8.7198992712E+01,    8.7198992712E+01,    0.0000000000E+00,    0.0000000000E+00,    0.0000000000E+00,    8.7198992712E+01
     92650,      0.676935,CP9_after_PTsource,   1,    0.0000000000E+00,    8.7198992712E+01,    8.7198992712E+01,    0.0000000000E+00,    0.0000000000E+00,    0.0000000000E+00,    8.7198992712E+01
     92650,      0.676935,CP10_after_neg_clamp,   1,    0.0000000000E+00,    8.7198992712E+01,    8.7198992712E+01,    0.0000000000E+00,    0.0000000000E+00,    0.0000000000E+00,    8.7198992712E+01
     92650,      0.676935,CP11_after_MPI,   1,    0.0000000000E+00,    8.7198992712E+01,    8.7198992712E+01,    0.0000000000E+00,    0.0000000000E+00,    0.0000000000E+00,    8.7198992712E+01
     92650,      0.676935,CP12_end,   1,    0.0000000000E+00,    8.7198992712E+01,    8.7198992712E+01,    0.0000000000E+00,    0.0000000000E+00,    0.0000000000E+00,    8.7198992712E+01
     92700,      0.676935,CP0_start,   1,    0.0000000000E+00,    8.7283772736E+01,    8.7283772736E+01,    0.0000000000E+00,    0.0000000000E+00,    0.0000000000E+00,    8.7283772736E+01
     92700,      0.676935,CP1_after_deposition,   1,    0.0000000000E+00,    8.7283772736E+01,    8.7283772736E+01,    0.0000000000E+00,    0.0000000000E+00,    0.0000000000E+00,    8.7283772736E+01
     92700,      0.676935,CP2_after_erosion,   1,    0.0000000000E+00,    8.7283772736E+01,    8.7283772736E+01,    0.0000000000E+00,    0.0000000000E+00,    0.0000000000E+00,    8.7283772736E+01
     92700,      0.676935,CP3_after_update_bottom,   1,    0.0000000000E+00,    8.7283772736E+01,    8.7283772736E+01,    0.0000000000E+00,    0.0000000000E+00,    0.0000000000E+00,    8.7283772736E+01
     92700,      0.676935,CP4_after_advection,   1,    0.0000000000E+00,    8.7282963970E+01,    8.7282963970E+01,    0.0000000000E+00,    0.0000000000E+00,    0.0000000000E+00,    8.7282963970E+01
     92700,      0.676935,CP5_after_vdif,   1,    0.0000000000E+00,    8.7282963970E+01,    8.7282963970E+01,    0.0000000000E+00,    0.0000000000E+00,    0.0000000000E+00,    8.7282963970E+01
     92700,      0.676935,CP6_after_kinetics,   1,    0.0000000000E+00,    8.7282963970E+01,    8.7282963970E+01,    0.0000000000E+00,    0.0000000000E+00,    0.0000000000E+00,    8.7282963970E+01
     92700,      0.676935,CP7_after_upper_clamp,   1,    0.0000000000E+00,    8.7282963970E+01,    8.7282963970E+01,    0.0000000000E+00,    0.0000000000E+00,    0.0000000000E+00,    8.7282963970E+01
     92700,      0.676935,CP8_after_OBC,   1,    0.0000000000E+00,    8.7282963970E+01,    8.7282963970E+01,    0.0000000000E+00,    0.0000000000E+00,    0.0000000000E+00,    8.7282963970E+01
     92700,      0.676935,CP9_after_PTsource,   1,    0.0000000000E+00,    8.7282963970E+01,    8.7282963970E+01,    0.0000000000E+00,    0.0000000000E+00,    0.0000000000E+00,    8.7282963970E+01
     92700,      0.676935,CP10_after_neg_clamp,   1,    0.0000000000E+00,    8.7282963970E+01,    8.7282963970E+01,    0.0000000000E+00,    0.0000000000E+00,    0.0000000000E+00,    8.7282963970E+01
     92700,      0.676935,CP11_after_MPI,   1,    0.0000000000E+00,    8.7282963970E+01,    8.7282963970E+01,    0.0000000000E+00,    0.0000000000E+00,    0.0000000000E+00,    8.7282963970E+01
     92700,      0.676935,CP12_end,   1,    0.0000000000E+00,    8.7282963970E+01,    8.7282963970E+01,    0.0000000000E+00,    0.0000000000E+00,    0.0000000000E+00,    8.7282963970E+01
     92750,      0.676935,CP0_start,   1,    0.0000000000E+00,    8.7367602468E+01,    8.7367602468E+01,    0.0000000000E+00,    0.0000000000E+00,    0.0000000000E+00,    8.7367602468E+01
     92750,      0.676935,CP1_after_deposition,   1,    0.0000000000E+00,    8.7367602468E+01,    8.7367602468E+01,    0.0000000000E+00,    0.0000000000E+00,    0.0000000000E+00,    8.7367602468E+01
     92750,      0.676935,CP2_after_erosion,   1,    0.0000000000E+00,    8.7367602468E+01,    8.7367602468E+01,    0.0000000000E+00,    0.0000000000E+00,    0.0000000000E+00,    8.7367602468E+01
     92750,      0.676935,CP3_after_update_bottom,   1,    0.0000000000E+00,    8.7367602468E+01,    8.7367602468E+01,    0.0000000000E+00,    0.0000000000E+00,    0.0000000000E+00,    8.7367602468E+01
     92750,      0.676935,CP4_after_advection,   1,    0.0000000000E+00,    8.7366827795E+01,    8.7366827795E+01,    0.0000000000E+00,    0.0000000000E+00,    0.0000000000E+00,    8.7366827795E+01
     92750,      0.676935,CP5_after_vdif,   1,    0.0000000000E+00,    8.7366827795E+01,    8.7366827795E+01,    0.0000000000E+00,    0.0000000000E+00,    0.0000000000E+00,    8.7366827795E+01
     92750,      0.676935,CP6_after_kinetics,   1,    0.0000000000E+00,    8.7366827795E+01,    8.7366827795E+01,    0.0000000000E+00,    0.0000000000E+00,    0.0000000000E+00,    8.7366827795E+01
     92750,      0.676935,CP7_after_upper_clamp,   1,    0.0000000000E+00,    8.7366827795E+01,    8.7366827795E+01,    0.0000000000E+00,    0.0000000000E+00,    0.0000000000E+00,    8.7366827795E+01
     92750,      0.676935,CP8_after_OBC,   1,    0.0000000000E+00,    8.7366827795E+01,    8.7366827795E+01,    0.0000000000E+00,    0.0000000000E+00,    0.0000000000E+00,    8.7366827795E+01
     92750,      0.676935,CP9_after_PTsource,   1,    0.0000000000E+00,    8.7366827795E+01,    8.7366827795E+01,    0.0000000000E+00,    0.0000000000E+00,    0.0000000000E+00,    8.7366827795E+01
     92750,      0.676935,CP10_after_neg_clamp,   1,    0.0000000000E+00,    8.7366827795E+01,    8.7366827795E+01,    0.0000000000E+00,    0.0000000000E+00,    0.0000000000E+00,    8.7366827795E+01
     92750,      0.676935,CP11_after_MPI,   1,    0.0000000000E+00,    8.7366827795E+01,    8.7366827795E+01,    0.0000000000E+00,    0.0000000000E+00,    0.0000000000E+00,    8.7366827795E+01
     92750,      0.676935,CP12_end,   1,    0.0000000000E+00,    8.7366827795E+01,    8.7366827795E+01,    0.0000000000E+00,    0.0000000000E+00,    0.0000000000E+00,    8.7366827795E+01
     92800,      0.676935,CP0_start,   1,    0.0000000000E+00,    8.7451167504E+01,    8.7451167504E+01,    0.0000000000E+00,    0.0000000000E+00,    0.0000000000E+00,    8.7451167504E+01
     92800,      0.676935,CP1_after_deposition,   1,    0.0000000000E+00,    8.7451167504E+01,    8.7451167504E+01,    0.0000000000E+00,    0.0000000000E+00,    0.0000000000E+00,    8.7451167504E+01
     92800,      0.676935,CP2_after_erosion,   1,    0.0000000000E+00,    8.7451167504E+01,    8.7451167504E+01,    0.0000000000E+00,    0.0000000000E+00,    0.0000000000E+00,    8.7451167504E+01
     92800,      0.676935,CP3_after_update_bottom,   1,    0.0000000000E+00,    8.7451167504E+01,    8.7451167504E+01,    0.0000000000E+00,    0.0000000000E+00,    0.0000000000E+00,    8.7451167504E+01
     92800,      0.676935,CP4_after_advection,   1,    0.0000000000E+00,    8.7450422779E+01,    8.7450422779E+01,    0.0000000000E+00,    0.0000000000E+00,    0.0000000000E+00,    8.7450422779E+01
     92800,      0.676935,CP5_after_vdif,   1,    0.0000000000E+00,    8.7450422779E+01,    8.7450422779E+01,    0.0000000000E+00,    0.0000000000E+00,    0.0000000000E+00,    8.7450422779E+01
     92800,      0.676935,CP6_after_kinetics,   1,    0.0000000000E+00,    8.7450422779E+01,    8.7450422779E+01,    0.0000000000E+00,    0.0000000000E+00,    0.0000000000E+00,    8.7450422779E+01
     92800,      0.676935,CP7_after_upper_clamp,   1,    0.0000000000E+00,    8.7450422779E+01,    8.7450422779E+01,    0.0000000000E+00,    0.0000000000E+00,    0.0000000000E+00,    8.7450422779E+01
     92800,      0.676935,CP8_after_OBC,   1,    0.0000000000E+00,    8.7450422779E+01,    8.7450422779E+01,    0.0000000000E+00,    0.0000000000E+00,    0.0000000000E+00,    8.7450422779E+01
     92800,      0.676935,CP9_after_PTsource,   1,    0.0000000000E+00,    8.7450422779E+01,    8.7450422779E+01,    0.0000000000E+00,    0.0000000000E+00,    0.0000000000E+00,    8.7450422779E+01
     92800,      0.676935,CP10_after_neg_clamp,   1,    0.0000000000E+00,    8.7450422779E+01,    8.7450422779E+01,    0.0000000000E+00,    0.0000000000E+00,    0.0000000000E+00,    8.7450422779E+01
     92800,      0.676935,CP11_after_MPI,   1,    0.0000000000E+00,    8.7450422779E+01,    8.7450422779E+01,    0.0000000000E+00,    0.0000000000E+00,    0.0000000000E+00,    8.7450422779E+01
     92800,      0.676935,CP12_end,   1,    0.0000000000E+00,    8.7450422779E+01,    8.7450422779E+01,    0.0000000000E+00,    0.0000000000E+00,    0.0000000000E+00,    8.7450422779E+01
     92850,      0.676935,CP0_start,   1,    0.0000000000E+00,    8.7534287459E+01,    8.7534287459E+01,    0.0000000000E+00,    0.0000000000E+00,    0.0000000000E+00,    8.7534287459E+01
     92850,      0.676935,CP1_after_deposition,   1,    0.0000000000E+00,    8.7534287459E+01,    8.7534287459E+01,    0.0000000000E+00,    0.0000000000E+00,    0.0000000000E+00,    8.7534287459E+01
     92850,      0.676935,CP2_after_erosion,   1,    0.0000000000E+00,    8.7534287459E+01,    8.7534287459E+01,    0.0000000000E+00,    0.0000000000E+00,    0.0000000000E+00,    8.7534287459E+01
     92850,      0.676935,CP3_after_update_bottom,   1,    0.0000000000E+00,    8.7534287459E+01,    8.7534287459E+01,    0.0000000000E+00,    0.0000000000E+00,    0.0000000000E+00,    8.7534287459E+01
     92850,      0.676935,CP4_after_advection,   1,    0.0000000000E+00,    8.7533569429E+01,    8.7533569429E+01,    0.0000000000E+00,    0.0000000000E+00,    0.0000000000E+00,    8.7533569429E+01
     92850,      0.676935,CP5_after_vdif,   1,    0.0000000000E+00,    8.7533569429E+01,    8.7533569429E+01,    0.0000000000E+00,    0.0000000000E+00,    0.0000000000E+00,    8.7533569429E+01
     92850,      0.676935,CP6_after_kinetics,   1,    0.0000000000E+00,    8.7533569429E+01,    8.7533569429E+01,    0.0000000000E+00,    0.0000000000E+00,    0.0000000000E+00,    8.7533569429E+01
     92850,      0.676935,CP7_after_upper_clamp,   1,    0.0000000000E+00,    8.7533569429E+01,    8.7533569429E+01,    0.0000000000E+00,    0.0000000000E+00,    0.0000000000E+00,    8.7533569429E+01
     92850,      0.676935,CP8_after_OBC,   1,    0.0000000000E+00,    8.7533569429E+01,    8.7533569429E+01,    0.0000000000E+00,    0.0000000000E+00,    0.0000000000E+00,    8.7533569429E+01
     92850,      0.676935,CP9_after_PTsource,   1,    0.0000000000E+00,    8.7533569429E+01,    8.7533569429E+01,    0.0000000000E+00,    0.0000000000E+00,    0.0000000000E+00,    8.7533569429E+01
     92850,      0.676935,CP10_after_neg_clamp,   1,    0.0000000000E+00,    8.7533569429E+01,    8.7533569429E+01,    0.0000000000E+00,    0.0000000000E+00,    0.0000000000E+00,    8.7533569429E+01
     92850,      0.676935,CP11_after_MPI,   1,    0.0000000000E+00,    8.7533569429E+01,    8.7533569429E+01,    0.0000000000E+00,    0.0000000000E+00,    0.0000000000E+00,    8.7533569429E+01
     92850,      0.676935,CP12_end,   1,    0.0000000000E+00,    8.7533569429E+01,    8.7533569429E+01,    0.0000000000E+00,    0.0000000000E+00,    0.0000000000E+00,    8.7533569429E+01
     92900,      0.676935,CP0_start,   1,    0.0000000000E+00,    8.7617000531E+01,    8.7617000531E+01,    0.0000000000E+00,    0.0000000000E+00,    0.0000000000E+00,    8.7617000531E+01
     92900,      0.676935,CP1_after_deposition,   1,    0.0000000000E+00,    8.7617000531E+01,    8.7617000531E+01,    0.0000000000E+00,    0.0000000000E+00,    0.0000000000E+00,    8.7617000531E+01
     92900,      0.676935,CP2_after_erosion,   1,    0.0000000000E+00,    8.7617000531E+01,    8.7617000531E+01,    0.0000000000E+00,    0.0000000000E+00,    0.0000000000E+00,    8.7617000531E+01
     92900,      0.676935,CP3_after_update_bottom,   1,    0.0000000000E+00,    8.7617000531E+01,    8.7617000531E+01,    0.0000000000E+00,    0.0000000000E+00,    0.0000000000E+00,    8.7617000531E+01
     92900,      0.676935,CP4_after_advection,   1,    0.0000000000E+00,    8.7616306663E+01,    8.7616306663E+01,    0.0000000000E+00,    0.0000000000E+00,    0.0000000000E+00,    8.7616306663E+01
     92900,      0.676935,CP5_after_vdif,   1,    0.0000000000E+00,    8.7616306663E+01,    8.7616306663E+01,    0.0000000000E+00,    0.0000000000E+00,    0.0000000000E+00,    8.7616306663E+01
     92900,      0.676935,CP6_after_kinetics,   1,    0.0000000000E+00,    8.7616306663E+01,    8.7616306663E+01,    0.0000000000E+00,    0.0000000000E+00,    0.0000000000E+00,    8.7616306663E+01
     92900,      0.676935,CP7_after_upper_clamp,   1,    0.0000000000E+00,    8.7616306663E+01,    8.7616306663E+01,    0.0000000000E+00,    0.0000000000E+00,    0.0000000000E+00,    8.7616306663E+01
     92900,      0.676935,CP8_after_OBC,   1,    0.0000000000E+00,    8.7616306663E+01,    8.7616306663E+01,    0.0000000000E+00,    0.0000000000E+00,    0.0000000000E+00,    8.7616306663E+01
     92900,      0.676935,CP9_after_PTsource,   1,    0.0000000000E+00,    8.7616306663E+01,    8.7616306663E+01,    0.0000000000E+00,    0.0000000000E+00,    0.0000000000E+00,    8.7616306663E+01
     92900,      0.676935,CP10_after_neg_clamp,   1,    0.0000000000E+00,    8.7616306663E+01,    8.7616306663E+01,    0.0000000000E+00,    0.0000000000E+00,    0.0000000000E+00,    8.7616306663E+01
     92900,      0.676935,CP11_after_MPI,   1,    0.0000000000E+00,    8.7616306663E+01,    8.7616306663E+01,    0.0000000000E+00,    0.0000000000E+00,    0.0000000000E+00,    8.7616306663E+01
     92900,      0.676935,CP12_end,   1,    0.0000000000E+00,    8.7616306663E+01,    8.7616306663E+01,    0.0000000000E+00,    0.0000000000E+00,    0.0000000000E+00,    8.7616306663E+01
     92950,      0.676935,CP0_start,   1,    0.0000000000E+00,    8.7699345195E+01,    8.7699345195E+01,    0.0000000000E+00,    0.0000000000E+00,    0.0000000000E+00,    8.7699345195E+01
     92950,      0.676935,CP1_after_deposition,   1,    0.0000000000E+00,    8.7699345195E+01,    8.7699345195E+01,    0.0000000000E+00,    0.0000000000E+00,    0.0000000000E+00,    8.7699345195E+01
     92950,      0.676935,CP2_after_erosion,   1,    0.0000000000E+00,    8.7699345195E+01,    8.7699345195E+01,    0.0000000000E+00,    0.0000000000E+00,    0.0000000000E+00,    8.7699345195E+01
     92950,      0.676935,CP3_after_update_bottom,   1,    0.0000000000E+00,    8.7699345195E+01,    8.7699345195E+01,    0.0000000000E+00,    0.0000000000E+00,    0.0000000000E+00,    8.7699345195E+01
     92950,      0.676935,CP4_after_advection,   1,    0.0000000000E+00,    8.7698681396E+01,    8.7698681396E+01,    0.0000000000E+00,    0.0000000000E+00,    0.0000000000E+00,    8.7698681396E+01
     92950,      0.676935,CP5_after_vdif,   1,    0.0000000000E+00,    8.7698681396E+01,    8.7698681396E+01,    0.0000000000E+00,    0.0000000000E+00,    0.0000000000E+00,    8.7698681396E+01
     92950,      0.676935,CP6_after_kinetics,   1,    0.0000000000E+00,    8.7698681396E+01,    8.7698681396E+01,    0.0000000000E+00,    0.0000000000E+00,    0.0000000000E+00,    8.7698681396E+01
     92950,      0.676935,CP7_after_upper_clamp,   1,    0.0000000000E+00,    8.7698681396E+01,    8.7698681396E+01,    0.0000000000E+00,    0.0000000000E+00,    0.0000000000E+00,    8.7698681396E+01
     92950,      0.676935,CP8_after_OBC,   1,    0.0000000000E+00,    8.7698681396E+01,    8.7698681396E+01,    0.0000000000E+00,    0.0000000000E+00,    0.0000000000E+00,    8.7698681396E+01
     92950,      0.676935,CP9_after_PTsource,   1,    0.0000000000E+00,    8.7698681396E+01,    8.7698681396E+01,    0.0000000000E+00,    0.0000000000E+00,    0.0000000000E+00,    8.7698681396E+01
     92950,      0.676935,CP10_after_neg_clamp,   1,    0.0000000000E+00,    8.7698681396E+01,    8.7698681396E+01,    0.0000000000E+00,    0.0000000000E+00,    0.0000000000E+00,    8.7698681396E+01
     92950,      0.676935,CP11_after_MPI,   1,    0.0000000000E+00,    8.7698681396E+01,    8.7698681396E+01,    0.0000000000E+00,    0.0000000000E+00,    0.0000000000E+00,    8.7698681396E+01
     92950,      0.676935,CP12_end,   1,    0.0000000000E+00,    8.7698681396E+01,    8.7698681396E+01,    0.0000000000E+00,    0.0000000000E+00,    0.0000000000E+00,    8.7698681396E+01
     93000,      0.676935,CP0_start,   1,    0.0000000000E+00,    8.7781433955E+01,    8.7781433955E+01,    0.0000000000E+00,    0.0000000000E+00,    0.0000000000E+00,    8.7781433955E+01
     93000,      0.676935,CP1_after_deposition,   1,    0.0000000000E+00,    8.7781433955E+01,    8.7781433955E+01,    0.0000000000E+00,    0.0000000000E+00,    0.0000000000E+00,    8.7781433955E+01
     93000,      0.676935,CP2_after_erosion,   1,    0.0000000000E+00,    8.7781433955E+01,    8.7781433955E+01,    0.0000000000E+00,    0.0000000000E+00,    0.0000000000E+00,    8.7781433955E+01
     93000,      0.676935,CP3_after_update_bottom,   1,    0.0000000000E+00,    8.7781433955E+01,    8.7781433955E+01,    0.0000000000E+00,    0.0000000000E+00,    0.0000000000E+00,    8.7781433955E+01
     93000,      0.676935,CP4_after_advection,   1,    0.0000000000E+00,    8.7780800040E+01,    8.7780800040E+01,    0.0000000000E+00,    0.0000000000E+00,    0.0000000000E+00,    8.7780800040E+01
     93000,      0.676935,CP5_after_vdif,   1,    0.0000000000E+00,    8.7780800040E+01,    8.7780800040E+01,    0.0000000000E+00,    0.0000000000E+00,    0.0000000000E+00,    8.7780800040E+01
     93000,      0.676935,CP6_after_kinetics,   1,    0.0000000000E+00,    8.7780800040E+01,    8.7780800040E+01,    0.0000000000E+00,    0.0000000000E+00,    0.0000000000E+00,    8.7780800040E+01
     93000,      0.676935,CP7_after_upper_clamp,   1,    0.0000000000E+00,    8.7780800040E+01,    8.7780800040E+01,    0.0000000000E+00,    0.0000000000E+00,    0.0000000000E+00,    8.7780800040E+01
     93000,      0.676935,CP8_after_OBC,   1,    0.0000000000E+00,    8.7780800040E+01,    8.7780800040E+01,    0.0000000000E+00,    0.0000000000E+00,    0.0000000000E+00,    8.7780800040E+01
     93000,      0.676935,CP9_after_PTsource,   1,    0.0000000000E+00,    8.7780800040E+01,    8.7780800040E+01,    0.0000000000E+00,    0.0000000000E+00,    0.0000000000E+00,    8.7780800040E+01
     93000,      0.676935,CP10_after_neg_clamp,   1,    0.0000000000E+00,    8.7780800040E+01,    8.7780800040E+01,    0.0000000000E+00,    0.0000000000E+00,    0.0000000000E+00,    8.7780800040E+01
     93000,      0.676935,CP11_after_MPI,   1,    0.0000000000E+00,    8.7780800040E+01,    8.7780800040E+01,    0.0000000000E+00,    0.0000000000E+00,    0.0000000000E+00,    8.7780800040E+01
     93000,      0.676935,CP12_end,   1,    0.0000000000E+00,    8.7780800040E+01,    8.7780800040E+01,    0.0000000000E+00,    0.0000000000E+00,    0.0000000000E+00,    8.7780800040E+01
     93050,      0.676935,CP0_start,   1,    0.0000000000E+00,    8.7863327256E+01,    8.7863327256E+01,    0.0000000000E+00,    0.0000000000E+00,    0.0000000000E+00,    8.7863327256E+01
     93050,      0.676935,CP1_after_deposition,   1,    0.0000000000E+00,    8.7863327256E+01,    8.7863327256E+01,    0.0000000000E+00,    0.0000000000E+00,    0.0000000000E+00,    8.7863327256E+01
     93050,      0.676935,CP2_after_erosion,   1,    0.0000000000E+00,    8.7863327256E+01,    8.7863327256E+01,    0.0000000000E+00,    0.0000000000E+00,    0.0000000000E+00,    8.7863327256E+01
     93050,      0.676935,CP3_after_update_bottom,   1,    0.0000000000E+00,    8.7863327256E+01,    8.7863327256E+01,    0.0000000000E+00,    0.0000000000E+00,    0.0000000000E+00,    8.7863327256E+01
     93050,      0.676935,CP4_after_advection,   1,    0.0000000000E+00,    8.7862726043E+01,    8.7862726043E+01,    0.0000000000E+00,    0.0000000000E+00,    0.0000000000E+00,    8.7862726043E+01
     93050,      0.676935,CP5_after_vdif,   1,    0.0000000000E+00,    8.7862726043E+01,    8.7862726043E+01,    0.0000000000E+00,    0.0000000000E+00,    0.0000000000E+00,    8.7862726043E+01
     93050,      0.676935,CP6_after_kinetics,   1,    0.0000000000E+00,    8.7862726043E+01,    8.7862726043E+01,    0.0000000000E+00,    0.0000000000E+00,    0.0000000000E+00,    8.7862726043E+01
     93050,      0.676935,CP7_after_upper_clamp,   1,    0.0000000000E+00,    8.7862726043E+01,    8.7862726043E+01,    0.0000000000E+00,    0.0000000000E+00,    0.0000000000E+00,    8.7862726043E+01
     93050,      0.676935,CP8_after_OBC,   1,    0.0000000000E+00,    8.7862726043E+01,    8.7862726043E+01,    0.0000000000E+00,    0.0000000000E+00,    0.0000000000E+00,    8.7862726043E+01
     93050,      0.676935,CP9_after_PTsource,   1,    0.0000000000E+00,    8.7862726043E+01,    8.7862726043E+01,    0.0000000000E+00,    0.0000000000E+00,    0.0000000000E+00,    8.7862726043E+01
     93050,      0.676935,CP10_after_neg_clamp,   1,    0.0000000000E+00,    8.7862726043E+01,    8.7862726043E+01,    0.0000000000E+00,    0.0000000000E+00,    0.0000000000E+00,    8.7862726043E+01
     93050,      0.676935,CP11_after_MPI,   1,    0.0000000000E+00,    8.7862726043E+01,    8.7862726043E+01,    0.0000000000E+00,    0.0000000000E+00,    0.0000000000E+00,    8.7862726043E+01
     93050,      0.676935,CP12_end,   1,    0.0000000000E+00,    8.7862726043E+01,    8.7862726043E+01,    0.0000000000E+00,    0.0000000000E+00,    0.0000000000E+00,    8.7862726043E+01
     93100,      0.676935,CP0_start,   1,    0.0000000000E+00,    8.7945173254E+01,    8.7945173254E+01,    0.0000000000E+00,    0.0000000000E+00,    0.0000000000E+00,    8.7945173254E+01
     93100,      0.676935,CP1_after_deposition,   1,    0.0000000000E+00,    8.7945173254E+01,    8.7945173254E+01,    0.0000000000E+00,    0.0000000000E+00,    0.0000000000E+00,    8.7945173254E+01
     93100,      0.676935,CP2_after_erosion,   1,    0.0000000000E+00,    8.7945173254E+01,    8.7945173254E+01,    0.0000000000E+00,    0.0000000000E+00,    0.0000000000E+00,    8.7945173254E+01
     93100,      0.676935,CP3_after_update_bottom,   1,    0.0000000000E+00,    8.7945173254E+01,    8.7945173254E+01,    0.0000000000E+00,    0.0000000000E+00,    0.0000000000E+00,    8.7945173254E+01
     93100,      0.676935,CP4_after_advection,   1,    0.0000000000E+00,    8.7944605823E+01,    8.7944605823E+01,    0.0000000000E+00,    0.0000000000E+00,    0.0000000000E+00,    8.7944605823E+01
     93100,      0.676935,CP5_after_vdif,   1,    0.0000000000E+00,    8.7944605823E+01,    8.7944605823E+01,    0.0000000000E+00,    0.0000000000E+00,    0.0000000000E+00,    8.7944605823E+01
     93100,      0.676935,CP6_after_kinetics,   1,    0.0000000000E+00,    8.7944605823E+01,    8.7944605823E+01,    0.0000000000E+00,    0.0000000000E+00,    0.0000000000E+00,    8.7944605823E+01
     93100,      0.676935,CP7_after_upper_clamp,   1,    0.0000000000E+00,    8.7944605823E+01,    8.7944605823E+01,    0.0000000000E+00,    0.0000000000E+00,    0.0000000000E+00,    8.7944605823E+01
     93100,      0.676935,CP8_after_OBC,   1,    0.0000000000E+00,    8.7944605823E+01,    8.7944605823E+01,    0.0000000000E+00,    0.0000000000E+00,    0.0000000000E+00,    8.7944605823E+01
     93100,      0.676935,CP9_after_PTsource,   1,    0.0000000000E+00,    8.7944605823E+01,    8.7944605823E+01,    0.0000000000E+00,    0.0000000000E+00,    0.0000000000E+00,    8.7944605823E+01
     93100,      0.676935,CP10_after_neg_clamp,   1,    0.0000000000E+00,    8.7944605823E+01,    8.7944605823E+01,    0.0000000000E+00,    0.0000000000E+00,    0.0000000000E+00,    8.7944605823E+01
     93100,      0.676935,CP11_after_MPI,   1,    0.0000000000E+00,    8.7944605823E+01,    8.7944605823E+01,    0.0000000000E+00,    0.0000000000E+00,    0.0000000000E+00,    8.7944605823E+01
     93100,      0.676935,CP12_end,   1,    0.0000000000E+00,    8.7944605823E+01,    8.7944605823E+01,    0.0000000000E+00,    0.0000000000E+00,    0.0000000000E+00,    8.7944605823E+01
     93150,      0.676935,CP0_start,   1,    0.0000000000E+00,    8.8027067725E+01,    8.8027067725E+01,    0.0000000000E+00,    0.0000000000E+00,    0.0000000000E+00,    8.8027067725E+01
     93150,      0.676935,CP1_after_deposition,   1,    0.0000000000E+00,    8.8027067725E+01,    8.8027067725E+01,    0.0000000000E+00,    0.0000000000E+00,    0.0000000000E+00,    8.8027067725E+01
     93150,      0.676935,CP2_after_erosion,   1,    0.0000000000E+00,    8.8027067725E+01,    8.8027067725E+01,    0.0000000000E+00,    0.0000000000E+00,    0.0000000000E+00,    8.8027067725E+01
     93150,      0.676935,CP3_after_update_bottom,   1,    0.0000000000E+00,    8.8027067725E+01,    8.8027067725E+01,    0.0000000000E+00,    0.0000000000E+00,    0.0000000000E+00,    8.8027067725E+01
     93150,      0.676935,CP4_after_advection,   1,    0.0000000000E+00,    8.8026534766E+01,    8.8026534766E+01,    0.0000000000E+00,    0.0000000000E+00,    0.0000000000E+00,    8.8026534766E+01
     93150,      0.676935,CP5_after_vdif,   1,    0.0000000000E+00,    8.8026534766E+01,    8.8026534766E+01,    0.0000000000E+00,    0.0000000000E+00,    0.0000000000E+00,    8.8026534766E+01
     93150,      0.676935,CP6_after_kinetics,   1,    0.0000000000E+00,    8.8026534766E+01,    8.8026534766E+01,    0.0000000000E+00,    0.0000000000E+00,    0.0000000000E+00,    8.8026534766E+01
     93150,      0.676935,CP7_after_upper_clamp,   1,    0.0000000000E+00,    8.8026534766E+01,    8.8026534766E+01,    0.0000000000E+00,    0.0000000000E+00,    0.0000000000E+00,    8.8026534766E+01
     93150,      0.676935,CP8_after_OBC,   1,    0.0000000000E+00,    8.8026534766E+01,    8.8026534766E+01,    0.0000000000E+00,    0.0000000000E+00,    0.0000000000E+00,    8.8026534766E+01
     93150,      0.676935,CP9_after_PTsource,   1,    0.0000000000E+00,    8.8026534766E+01,    8.8026534766E+01,    0.0000000000E+00,    0.0000000000E+00,    0.0000000000E+00,    8.8026534766E+01
     93150,      0.676935,CP10_after_neg_clamp,   1,    0.0000000000E+00,    8.8026534766E+01,    8.8026534766E+01,    0.0000000000E+00,    0.0000000000E+00,    0.0000000000E+00,    8.8026534766E+01
     93150,      0.676935,CP11_after_MPI,   1,    0.0000000000E+00,    8.8026534766E+01,    8.8026534766E+01,    0.0000000000E+00,    0.0000000000E+00,    0.0000000000E+00,    8.8026534766E+01
     93150,      0.676935,CP12_end,   1,    0.0000000000E+00,    8.8026534766E+01,    8.8026534766E+01,    0.0000000000E+00,    0.0000000000E+00,    0.0000000000E+00,    8.8026534766E+01
     93200,      0.676935,CP0_start,   1,    0.0000000000E+00,    8.8109125347E+01,    8.8109125347E+01,    0.0000000000E+00,    0.0000000000E+00,    0.0000000000E+00,    8.8109125347E+01
     93200,      0.676935,CP1_after_deposition,   1,    0.0000000000E+00,    8.8109125347E+01,    8.8109125347E+01,    0.0000000000E+00,    0.0000000000E+00,    0.0000000000E+00,    8.8109125347E+01
     93200,      0.676935,CP2_after_erosion,   1,    0.0000000000E+00,    8.8109125347E+01,    8.8109125347E+01,    0.0000000000E+00,    0.0000000000E+00,    0.0000000000E+00,    8.8109125347E+01
     93200,      0.676935,CP3_after_update_bottom,   1,    0.0000000000E+00,    8.8109125347E+01,    8.8109125347E+01,    0.0000000000E+00,    0.0000000000E+00,    0.0000000000E+00,    8.8109125347E+01
     93200,      0.676935,CP4_after_advection,   1,    0.0000000000E+00,    8.8108627172E+01,    8.8108627172E+01,    0.0000000000E+00,    0.0000000000E+00,    0.0000000000E+00,    8.8108627172E+01
     93200,      0.676935,CP5_after_vdif,   1,    0.0000000000E+00,    8.8108627172E+01,    8.8108627172E+01,    0.0000000000E+00,    0.0000000000E+00,    0.0000000000E+00,    8.8108627172E+01
     93200,      0.676935,CP6_after_kinetics,   1,    0.0000000000E+00,    8.8108627172E+01,    8.8108627172E+01,    0.0000000000E+00,    0.0000000000E+00,    0.0000000000E+00,    8.8108627172E+01
     93200,      0.676935,CP7_after_upper_clamp,   1,    0.0000000000E+00,    8.8108627172E+01,    8.8108627172E+01,    0.0000000000E+00,    0.0000000000E+00,    0.0000000000E+00,    8.8108627172E+01
     93200,      0.676935,CP8_after_OBC,   1,    0.0000000000E+00,    8.8108627172E+01,    8.8108627172E+01,    0.0000000000E+00,    0.0000000000E+00,    0.0000000000E+00,    8.8108627172E+01
     93200,      0.676935,CP9_after_PTsource,   1,    0.0000000000E+00,    8.8108627172E+01,    8.8108627172E+01,    0.0000000000E+00,    0.0000000000E+00,    0.0000000000E+00,    8.8108627172E+01
     93200,      0.676935,CP10_after_neg_clamp,   1,    0.0000000000E+00,    8.8108627172E+01,    8.8108627172E+01,    0.0000000000E+00,    0.0000000000E+00,    0.0000000000E+00,    8.8108627172E+01
     93200,      0.676935,CP11_after_MPI,   1,    0.0000000000E+00,    8.8108627172E+01,    8.8108627172E+01,    0.0000000000E+00,    0.0000000000E+00,    0.0000000000E+00,    8.8108627172E+01
     93200,      0.676935,CP12_end,   1,    0.0000000000E+00,    8.8108627172E+01,    8.8108627172E+01,    0.0000000000E+00,    0.0000000000E+00,    0.0000000000E+00,    8.8108627172E+01
     93250,      0.676935,CP0_start,   1,    0.0000000000E+00,    8.8191431547E+01,    8.8191431547E+01,    0.0000000000E+00,    0.0000000000E+00,    0.0000000000E+00,    8.8191431547E+01
     93250,      0.676935,CP1_after_deposition,   1,    0.0000000000E+00,    8.8191431547E+01,    8.8191431547E+01,    0.0000000000E+00,    0.0000000000E+00,    0.0000000000E+00,    8.8191431547E+01
     93250,      0.676935,CP2_after_erosion,   1,    0.0000000000E+00,    8.8191431547E+01,    8.8191431547E+01,    0.0000000000E+00,    0.0000000000E+00,    0.0000000000E+00,    8.8191431547E+01
     93250,      0.676935,CP3_after_update_bottom,   1,    0.0000000000E+00,    8.8191431547E+01,    8.8191431547E+01,    0.0000000000E+00,    0.0000000000E+00,    0.0000000000E+00,    8.8191431547E+01
     93250,      0.676935,CP4_after_advection,   1,    0.0000000000E+00,    8.8190970756E+01,    8.8190970756E+01,    0.0000000000E+00,    0.0000000000E+00,    0.0000000000E+00,    8.8190970756E+01
     93250,      0.676935,CP5_after_vdif,   1,    0.0000000000E+00,    8.8190970756E+01,    8.8190970756E+01,    0.0000000000E+00,    0.0000000000E+00,    0.0000000000E+00,    8.8190970756E+01
     93250,      0.676935,CP6_after_kinetics,   1,    0.0000000000E+00,    8.8190970756E+01,    8.8190970756E+01,    0.0000000000E+00,    0.0000000000E+00,    0.0000000000E+00,    8.8190970756E+01
     93250,      0.676935,CP7_after_upper_clamp,   1,    0.0000000000E+00,    8.8190970756E+01,    8.8190970756E+01,    0.0000000000E+00,    0.0000000000E+00,    0.0000000000E+00,    8.8190970756E+01
     93250,      0.676935,CP8_after_OBC,   1,    0.0000000000E+00,    8.8190970756E+01,    8.8190970756E+01,    0.0000000000E+00,    0.0000000000E+00,    0.0000000000E+00,    8.8190970756E+01
     93250,      0.676935,CP9_after_PTsource,   1,    0.0000000000E+00,    8.8190970756E+01,    8.8190970756E+01,    0.0000000000E+00,    0.0000000000E+00,    0.0000000000E+00,    8.8190970756E+01
     93250,      0.676935,CP10_after_neg_clamp,   1,    0.0000000000E+00,    8.8190970756E+01,    8.8190970756E+01,    0.0000000000E+00,    0.0000000000E+00,    0.0000000000E+00,    8.8190970756E+01
     93250,      0.676935,CP11_after_MPI,   1,    0.0000000000E+00,    8.8190970756E+01,    8.8190970756E+01,    0.0000000000E+00,    0.0000000000E+00,    0.0000000000E+00,    8.8190970756E+01
     93250,      0.676935,CP12_end,   1,    0.0000000000E+00,    8.8190970756E+01,    8.8190970756E+01,    0.0000000000E+00,    0.0000000000E+00,    0.0000000000E+00,    8.8190970756E+01
     93300,      0.676935,CP0_start,   1,    0.0000000000E+00,    8.8274104985E+01,    8.8274104985E+01,    0.0000000000E+00,    0.0000000000E+00,    0.0000000000E+00,    8.8274104985E+01
     93300,      0.676935,CP1_after_deposition,   1,    0.0000000000E+00,    8.8274104985E+01,    8.8274104985E+01,    0.0000000000E+00,    0.0000000000E+00,    0.0000000000E+00,    8.8274104985E+01
     93300,      0.676935,CP2_after_erosion,   1,    0.0000000000E+00,    8.8274104985E+01,    8.8274104985E+01,    0.0000000000E+00,    0.0000000000E+00,    0.0000000000E+00,    8.8274104985E+01
     93300,      0.676935,CP3_after_update_bottom,   1,    0.0000000000E+00,    8.8274104985E+01,    8.8274104985E+01,    0.0000000000E+00,    0.0000000000E+00,    0.0000000000E+00,    8.8274104985E+01
     93300,      0.676935,CP4_after_advection,   1,    0.0000000000E+00,    8.8273678468E+01,    8.8273678468E+01,    0.0000000000E+00,    0.0000000000E+00,    0.0000000000E+00,    8.8273678468E+01
     93300,      0.676935,CP5_after_vdif,   1,    0.0000000000E+00,    8.8273678468E+01,    8.8273678468E+01,    0.0000000000E+00,    0.0000000000E+00,    0.0000000000E+00,    8.8273678468E+01
     93300,      0.676935,CP6_after_kinetics,   1,    0.0000000000E+00,    8.8273678468E+01,    8.8273678468E+01,    0.0000000000E+00,    0.0000000000E+00,    0.0000000000E+00,    8.8273678468E+01
     93300,      0.676935,CP7_after_upper_clamp,   1,    0.0000000000E+00,    8.8273678468E+01,    8.8273678468E+01,    0.0000000000E+00,    0.0000000000E+00,    0.0000000000E+00,    8.8273678468E+01
     93300,      0.676935,CP8_after_OBC,   1,    0.0000000000E+00,    8.8273678468E+01,    8.8273678468E+01,    0.0000000000E+00,    0.0000000000E+00,    0.0000000000E+00,    8.8273678468E+01
     93300,      0.676935,CP9_after_PTsource,   1,    0.0000000000E+00,    8.8273678468E+01,    8.8273678468E+01,    0.0000000000E+00,    0.0000000000E+00,    0.0000000000E+00,    8.8273678468E+01
     93300,      0.676935,CP10_after_neg_clamp,   1,    0.0000000000E+00,    8.8273678468E+01,    8.8273678468E+01,    0.0000000000E+00,    0.0000000000E+00,    0.0000000000E+00,    8.8273678468E+01
     93300,      0.676935,CP11_after_MPI,   1,    0.0000000000E+00,    8.8273678468E+01,    8.8273678468E+01,    0.0000000000E+00,    0.0000000000E+00,    0.0000000000E+00,    8.8273678468E+01
     93300,      0.676935,CP12_end,   1,    0.0000000000E+00,    8.8273678468E+01,    8.8273678468E+01,    0.0000000000E+00,    0.0000000000E+00,    0.0000000000E+00,    8.8273678468E+01
     93350,      0.676935,CP0_start,   1,    0.0000000000E+00,    8.8357202456E+01,    8.8357202456E+01,    0.0000000000E+00,    0.0000000000E+00,    0.0000000000E+00,    8.8357202456E+01
     93350,      0.676935,CP1_after_deposition,   1,    0.0000000000E+00,    8.8357202456E+01,    8.8357202456E+01,    0.0000000000E+00,    0.0000000000E+00,    0.0000000000E+00,    8.8357202456E+01
     93350,      0.676935,CP2_after_erosion,   1,    0.0000000000E+00,    8.8357202456E+01,    8.8357202456E+01,    0.0000000000E+00,    0.0000000000E+00,    0.0000000000E+00,    8.8357202456E+01
     93350,      0.676935,CP3_after_update_bottom,   1,    0.0000000000E+00,    8.8357202456E+01,    8.8357202456E+01,    0.0000000000E+00,    0.0000000000E+00,    0.0000000000E+00,    8.8357202456E+01
     93350,      0.676935,CP4_after_advection,   1,    0.0000000000E+00,    8.8356813269E+01,    8.8356813269E+01,    0.0000000000E+00,    0.0000000000E+00,    0.0000000000E+00,    8.8356813269E+01
     93350,      0.676935,CP5_after_vdif,   1,    0.0000000000E+00,    8.8356813269E+01,    8.8356813269E+01,    0.0000000000E+00,    0.0000000000E+00,    0.0000000000E+00,    8.8356813269E+01
     93350,      0.676935,CP6_after_kinetics,   1,    0.0000000000E+00,    8.8356813269E+01,    8.8356813269E+01,    0.0000000000E+00,    0.0000000000E+00,    0.0000000000E+00,    8.8356813269E+01
     93350,      0.676935,CP7_after_upper_clamp,   1,    0.0000000000E+00,    8.8356813269E+01,    8.8356813269E+01,    0.0000000000E+00,    0.0000000000E+00,    0.0000000000E+00,    8.8356813269E+01
     93350,      0.676935,CP8_after_OBC,   1,    0.0000000000E+00,    8.8356813269E+01,    8.8356813269E+01,    0.0000000000E+00,    0.0000000000E+00,    0.0000000000E+00,    8.8356813269E+01
     93350,      0.676935,CP9_after_PTsource,   1,    0.0000000000E+00,    8.8356813269E+01,    8.8356813269E+01,    0.0000000000E+00,    0.0000000000E+00,    0.0000000000E+00,    8.8356813269E+01
     93350,      0.676935,CP10_after_neg_clamp,   1,    0.0000000000E+00,    8.8356813269E+01,    8.8356813269E+01,    0.0000000000E+00,    0.0000000000E+00,    0.0000000000E+00,    8.8356813269E+01
     93350,      0.676935,CP11_after_MPI,   1,    0.0000000000E+00,    8.8356813269E+01,    8.8356813269E+01,    0.0000000000E+00,    0.0000000000E+00,    0.0000000000E+00,    8.8356813269E+01
     93350,      0.676935,CP12_end,   1,    0.0000000000E+00,    8.8356813269E+01,    8.8356813269E+01,    0.0000000000E+00,    0.0000000000E+00,    0.0000000000E+00,    8.8356813269E+01
     93400,      0.676935,CP0_start,   1,    0.0000000000E+00,    8.8440778093E+01,    8.8440778093E+01,    0.0000000000E+00,    0.0000000000E+00,    0.0000000000E+00,    8.8440778093E+01
     93400,      0.676935,CP1_after_deposition,   1,    0.0000000000E+00,    8.8440778093E+01,    8.8440778093E+01,    0.0000000000E+00,    0.0000000000E+00,    0.0000000000E+00,    8.8440778093E+01
     93400,      0.676935,CP2_after_erosion,   1,    0.0000000000E+00,    8.8440778093E+01,    8.8440778093E+01,    0.0000000000E+00,    0.0000000000E+00,    0.0000000000E+00,    8.8440778093E+01
     93400,      0.676935,CP3_after_update_bottom,   1,    0.0000000000E+00,    8.8440778093E+01,    8.8440778093E+01,    0.0000000000E+00,    0.0000000000E+00,    0.0000000000E+00,    8.8440778093E+01
     93400,      0.676935,CP4_after_advection,   1,    0.0000000000E+00,    8.8440423493E+01,    8.8440423493E+01,    0.0000000000E+00,    0.0000000000E+00,    0.0000000000E+00,    8.8440423493E+01
     93400,      0.676935,CP5_after_vdif,   1,    0.0000000000E+00,    8.8440423493E+01,    8.8440423493E+01,    0.0000000000E+00,    0.0000000000E+00,    0.0000000000E+00,    8.8440423493E+01
     93400,      0.676935,CP6_after_kinetics,   1,    0.0000000000E+00,    8.8440423493E+01,    8.8440423493E+01,    0.0000000000E+00,    0.0000000000E+00,    0.0000000000E+00,    8.8440423493E+01
     93400,      0.676935,CP7_after_upper_clamp,   1,    0.0000000000E+00,    8.8440423493E+01,    8.8440423493E+01,    0.0000000000E+00,    0.0000000000E+00,    0.0000000000E+00,    8.8440423493E+01
     93400,      0.676935,CP8_after_OBC,   1,    0.0000000000E+00,    8.8440423493E+01,    8.8440423493E+01,    0.0000000000E+00,    0.0000000000E+00,    0.0000000000E+00,    8.8440423493E+01
     93400,      0.676935,CP9_after_PTsource,   1,    0.0000000000E+00,    8.8440423493E+01,    8.8440423493E+01,    0.0000000000E+00,    0.0000000000E+00,    0.0000000000E+00,    8.8440423493E+01
     93400,      0.676935,CP10_after_neg_clamp,   1,    0.0000000000E+00,    8.8440423493E+01,    8.8440423493E+01,    0.0000000000E+00,    0.0000000000E+00,    0.0000000000E+00,    8.8440423493E+01
     93400,      0.676935,CP11_after_MPI,   1,    0.0000000000E+00,    8.8440423493E+01,    8.8440423493E+01,    0.0000000000E+00,    0.0000000000E+00,    0.0000000000E+00,    8.8440423493E+01
     93400,      0.676935,CP12_end,   1,    0.0000000000E+00,    8.8440423493E+01,    8.8440423493E+01,    0.0000000000E+00,    0.0000000000E+00,    0.0000000000E+00,    8.8440423493E+01
     93450,      0.676935,CP0_start,   1,    0.0000000000E+00,    8.8524884309E+01,    8.8524884309E+01,    0.0000000000E+00,    0.0000000000E+00,    0.0000000000E+00,    8.8524884309E+01
     93450,      0.676935,CP1_after_deposition,   1,    0.0000000000E+00,    8.8524884309E+01,    8.8524884309E+01,    0.0000000000E+00,    0.0000000000E+00,    0.0000000000E+00,    8.8524884309E+01
     93450,      0.676935,CP2_after_erosion,   1,    0.0000000000E+00,    8.8524884309E+01,    8.8524884309E+01,    0.0000000000E+00,    0.0000000000E+00,    0.0000000000E+00,    8.8524884309E+01
     93450,      0.676935,CP3_after_update_bottom,   1,    0.0000000000E+00,    8.8524884309E+01,    8.8524884309E+01,    0.0000000000E+00,    0.0000000000E+00,    0.0000000000E+00,    8.8524884309E+01
     93450,      0.676935,CP4_after_advection,   1,    0.0000000000E+00,    8.8524565922E+01,    8.8524565922E+01,    0.0000000000E+00,    0.0000000000E+00,    0.0000000000E+00,    8.8524565922E+01
     93450,      0.676935,CP5_after_vdif,   1,    0.0000000000E+00,    8.8524565922E+01,    8.8524565922E+01,    0.0000000000E+00,    0.0000000000E+00,    0.0000000000E+00,    8.8524565922E+01
     93450,      0.676935,CP6_after_kinetics,   1,    0.0000000000E+00,    8.8524565922E+01,    8.8524565922E+01,    0.0000000000E+00,    0.0000000000E+00,    0.0000000000E+00,    8.8524565922E+01
     93450,      0.676935,CP7_after_upper_clamp,   1,    0.0000000000E+00,    8.8524565922E+01,    8.8524565922E+01,    0.0000000000E+00,    0.0000000000E+00,    0.0000000000E+00,    8.8524565922E+01
     93450,      0.676935,CP8_after_OBC,   1,    0.0000000000E+00,    8.8524565922E+01,    8.8524565922E+01,    0.0000000000E+00,    0.0000000000E+00,    0.0000000000E+00,    8.8524565922E+01
     93450,      0.676935,CP9_after_PTsource,   1,    0.0000000000E+00,    8.8524565922E+01,    8.8524565922E+01,    0.0000000000E+00,    0.0000000000E+00,    0.0000000000E+00,    8.8524565922E+01
     93450,      0.676935,CP10_after_neg_clamp,   1,    0.0000000000E+00,    8.8524565922E+01,    8.8524565922E+01,    0.0000000000E+00,    0.0000000000E+00,    0.0000000000E+00,    8.8524565922E+01
     93450,      0.676935,CP11_after_MPI,   1,    0.0000000000E+00,    8.8524565922E+01,    8.8524565922E+01,    0.0000000000E+00,    0.0000000000E+00,    0.0000000000E+00,    8.8524565922E+01
     93450,      0.676935,CP12_end,   1,    0.0000000000E+00,    8.8524565922E+01,    8.8524565922E+01,    0.0000000000E+00,    0.0000000000E+00,    0.0000000000E+00,    8.8524565922E+01
     93500,      0.676935,CP0_start,   1,    0.0000000000E+00,    8.8609514434E+01,    8.8609514434E+01,    0.0000000000E+00,    0.0000000000E+00,    0.0000000000E+00,    8.8609514434E+01
     93500,      0.676935,CP1_after_deposition,   1,    0.0000000000E+00,    8.8609514434E+01,    8.8609514434E+01,    0.0000000000E+00,    0.0000000000E+00,    0.0000000000E+00,    8.8609514434E+01
     93500,      0.676935,CP2_after_erosion,   1,    0.0000000000E+00,    8.8609514434E+01,    8.8609514434E+01,    0.0000000000E+00,    0.0000000000E+00,    0.0000000000E+00,    8.8609514434E+01
     93500,      0.676935,CP3_after_update_bottom,   1,    0.0000000000E+00,    8.8609514434E+01,    8.8609514434E+01,    0.0000000000E+00,    0.0000000000E+00,    0.0000000000E+00,    8.8609514434E+01
     93500,      0.676935,CP4_after_advection,   1,    0.0000000000E+00,    8.8609227489E+01,    8.8609227489E+01,    0.0000000000E+00,    0.0000000000E+00,    0.0000000000E+00,    8.8609227489E+01
     93500,      0.676935,CP5_after_vdif,   1,    0.0000000000E+00,    8.8609227489E+01,    8.8609227489E+01,    0.0000000000E+00,    0.0000000000E+00,    0.0000000000E+00,    8.8609227489E+01
     93500,      0.676935,CP6_after_kinetics,   1,    0.0000000000E+00,    8.8609227489E+01,    8.8609227489E+01,    0.0000000000E+00,    0.0000000000E+00,    0.0000000000E+00,    8.8609227489E+01
     93500,      0.676935,CP7_after_upper_clamp,   1,    0.0000000000E+00,    8.8609227489E+01,    8.8609227489E+01,    0.0000000000E+00,    0.0000000000E+00,    0.0000000000E+00,    8.8609227489E+01
     93500,      0.676935,CP8_after_OBC,   1,    0.0000000000E+00,    8.8609227489E+01,    8.8609227489E+01,    0.0000000000E+00,    0.0000000000E+00,    0.0000000000E+00,    8.8609227489E+01
     93500,      0.676935,CP9_after_PTsource,   1,    0.0000000000E+00,    8.8609227489E+01,    8.8609227489E+01,    0.0000000000E+00,    0.0000000000E+00,    0.0000000000E+00,    8.8609227489E+01
     93500,      0.676935,CP10_after_neg_clamp,   1,    0.0000000000E+00,    8.8609227489E+01,    8.8609227489E+01,    0.0000000000E+00,    0.0000000000E+00,    0.0000000000E+00,    8.8609227489E+01
     93500,      0.676935,CP11_after_MPI,   1,    0.0000000000E+00,    8.8609227489E+01,    8.8609227489E+01,    0.0000000000E+00,    0.0000000000E+00,    0.0000000000E+00,    8.8609227489E+01
     93500,      0.676935,CP12_end,   1,    0.0000000000E+00,    8.8609227489E+01,    8.8609227489E+01,    0.0000000000E+00,    0.0000000000E+00,    0.0000000000E+00,    8.8609227489E+01
     93550,      0.676935,CP0_start,   1,    0.0000000000E+00,    8.8694661534E+01,    8.8694661534E+01,    0.0000000000E+00,    0.0000000000E+00,    0.0000000000E+00,    8.8694661534E+01
     93550,      0.676935,CP1_after_deposition,   1,    0.0000000000E+00,    8.8694661534E+01,    8.8694661534E+01,    0.0000000000E+00,    0.0000000000E+00,    0.0000000000E+00,    8.8694661534E+01
     93550,      0.676935,CP2_after_erosion,   1,    0.0000000000E+00,    8.8694661534E+01,    8.8694661534E+01,    0.0000000000E+00,    0.0000000000E+00,    0.0000000000E+00,    8.8694661534E+01
     93550,      0.676935,CP3_after_update_bottom,   1,    0.0000000000E+00,    8.8694661534E+01,    8.8694661534E+01,    0.0000000000E+00,    0.0000000000E+00,    0.0000000000E+00,    8.8694661534E+01
     93550,      0.676935,CP4_after_advection,   1,    0.0000000000E+00,    8.8694409224E+01,    8.8694409224E+01,    0.0000000000E+00,    0.0000000000E+00,    0.0000000000E+00,    8.8694409224E+01
     93550,      0.676935,CP5_after_vdif,   1,    0.0000000000E+00,    8.8694409224E+01,    8.8694409224E+01,    0.0000000000E+00,    0.0000000000E+00,    0.0000000000E+00,    8.8694409224E+01
     93550,      0.676935,CP6_after_kinetics,   1,    0.0000000000E+00,    8.8694409224E+01,    8.8694409224E+01,    0.0000000000E+00,    0.0000000000E+00,    0.0000000000E+00,    8.8694409224E+01
     93550,      0.676935,CP7_after_upper_clamp,   1,    0.0000000000E+00,    8.8694409224E+01,    8.8694409224E+01,    0.0000000000E+00,    0.0000000000E+00,    0.0000000000E+00,    8.8694409224E+01
     93550,      0.676935,CP8_after_OBC,   1,    0.0000000000E+00,    8.8694409224E+01,    8.8694409224E+01,    0.0000000000E+00,    0.0000000000E+00,    0.0000000000E+00,    8.8694409224E+01
     93550,      0.676935,CP9_after_PTsource,   1,    0.0000000000E+00,    8.8694409224E+01,    8.8694409224E+01,    0.0000000000E+00,    0.0000000000E+00,    0.0000000000E+00,    8.8694409224E+01
     93550,      0.676935,CP10_after_neg_clamp,   1,    0.0000000000E+00,    8.8694409224E+01,    8.8694409224E+01,    0.0000000000E+00,    0.0000000000E+00,    0.0000000000E+00,    8.8694409224E+01
     93550,      0.676935,CP11_after_MPI,   1,    0.0000000000E+00,    8.8694409224E+01,    8.8694409224E+01,    0.0000000000E+00,    0.0000000000E+00,    0.0000000000E+00,    8.8694409224E+01
     93550,      0.676935,CP12_end,   1,    0.0000000000E+00,    8.8694409224E+01,    8.8694409224E+01,    0.0000000000E+00,    0.0000000000E+00,    0.0000000000E+00,    8.8694409224E+01
     93600,      0.676935,CP0_start,   1,    0.0000000000E+00,    8.8780249529E+01,    8.8780249529E+01,    0.0000000000E+00,    0.0000000000E+00,    0.0000000000E+00,    8.8780249529E+01
     93600,      0.676935,CP1_after_deposition,   1,    0.0000000000E+00,    8.8780249529E+01,    8.8780249529E+01,    0.0000000000E+00,    0.0000000000E+00,    0.0000000000E+00,    8.8780249529E+01
     93600,      0.676935,CP2_after_erosion,   1,    0.0000000000E+00,    8.8780249529E+01,    8.8780249529E+01,    0.0000000000E+00,    0.0000000000E+00,    0.0000000000E+00,    8.8780249529E+01
     93600,      0.676935,CP3_after_update_bottom,   1,    0.0000000000E+00,    8.8780249529E+01,    8.8780249529E+01,    0.0000000000E+00,    0.0000000000E+00,    0.0000000000E+00,    8.8780249529E+01
     93600,      0.676935,CP4_after_advection,   1,    0.0000000000E+00,    8.8780029915E+01,    8.8780029915E+01,    0.0000000000E+00,    0.0000000000E+00,    0.0000000000E+00,    8.8780029915E+01
     93600,      0.676935,CP5_after_vdif,   1,    0.0000000000E+00,    8.8780029915E+01,    8.8780029915E+01,    0.0000000000E+00,    0.0000000000E+00,    0.0000000000E+00,    8.8780029915E+01
     93600,      0.676935,CP6_after_kinetics,   1,    0.0000000000E+00,    8.8780029915E+01,    8.8780029915E+01,    0.0000000000E+00,    0.0000000000E+00,    0.0000000000E+00,    8.8780029915E+01
     93600,      0.676935,CP7_after_upper_clamp,   1,    0.0000000000E+00,    8.8780029915E+01,    8.8780029915E+01,    0.0000000000E+00,    0.0000000000E+00,    0.0000000000E+00,    8.8780029915E+01
     93600,      0.676935,CP8_after_OBC,   1,    0.0000000000E+00,    8.8780029915E+01,    8.8780029915E+01,    0.0000000000E+00,    0.0000000000E+00,    0.0000000000E+00,    8.8780029915E+01
     93600,      0.676935,CP9_after_PTsource,   1,    0.0000000000E+00,    8.8780029915E+01,    8.8780029915E+01,    0.0000000000E+00,    0.0000000000E+00,    0.0000000000E+00,    8.8780029915E+01
     93600,      0.676935,CP10_after_neg_clamp,   1,    0.0000000000E+00,    8.8780029915E+01,    8.8780029915E+01,    0.0000000000E+00,    0.0000000000E+00,    0.0000000000E+00,    8.8780029915E+01
     93600,      0.676935,CP11_after_MPI,   1,    0.0000000000E+00,    8.8780029915E+01,    8.8780029915E+01,    0.0000000000E+00,    0.0000000000E+00,    0.0000000000E+00,    8.8780029915E+01
     93600,      0.676935,CP12_end,   1,    0.0000000000E+00,    8.8780029915E+01,    8.8780029915E+01,    0.0000000000E+00,    0.0000000000E+00,    0.0000000000E+00,    8.8780029915E+01
     93650,      0.676935,CP0_start,   1,    0.0000000000E+00,    8.8866205677E+01,    8.8866205677E+01,    0.0000000000E+00,    0.0000000000E+00,    0.0000000000E+00,    8.8866205677E+01
     93650,      0.676935,CP1_after_deposition,   1,    0.0000000000E+00,    8.8866205677E+01,    8.8866205677E+01,    0.0000000000E+00,    0.0000000000E+00,    0.0000000000E+00,    8.8866205677E+01
     93650,      0.676935,CP2_after_erosion,   1,    0.0000000000E+00,    8.8866205677E+01,    8.8866205677E+01,    0.0000000000E+00,    0.0000000000E+00,    0.0000000000E+00,    8.8866205677E+01
     93650,      0.676935,CP3_after_update_bottom,   1,    0.0000000000E+00,    8.8866205677E+01,    8.8866205677E+01,    0.0000000000E+00,    0.0000000000E+00,    0.0000000000E+00,    8.8866205677E+01
     93650,      0.676935,CP4_after_advection,   1,    0.0000000000E+00,    8.8866016974E+01,    8.8866016974E+01,    0.0000000000E+00,    0.0000000000E+00,    0.0000000000E+00,    8.8866016974E+01
     93650,      0.676935,CP5_after_vdif,   1,    0.0000000000E+00,    8.8866016974E+01,    8.8866016974E+01,    0.0000000000E+00,    0.0000000000E+00,    0.0000000000E+00,    8.8866016974E+01
     93650,      0.676935,CP6_after_kinetics,   1,    0.0000000000E+00,    8.8866016974E+01,    8.8866016974E+01,    0.0000000000E+00,    0.0000000000E+00,    0.0000000000E+00,    8.8866016974E+01
     93650,      0.676935,CP7_after_upper_clamp,   1,    0.0000000000E+00,    8.8866016974E+01,    8.8866016974E+01,    0.0000000000E+00,    0.0000000000E+00,    0.0000000000E+00,    8.8866016974E+01
     93650,      0.676935,CP8_after_OBC,   1,    0.0000000000E+00,    8.8866016974E+01,    8.8866016974E+01,    0.0000000000E+00,    0.0000000000E+00,    0.0000000000E+00,    8.8866016974E+01
     93650,      0.676935,CP9_after_PTsource,   1,    0.0000000000E+00,    8.8866016974E+01,    8.8866016974E+01,    0.0000000000E+00,    0.0000000000E+00,    0.0000000000E+00,    8.8866016974E+01
     93650,      0.676935,CP10_after_neg_clamp,   1,    0.0000000000E+00,    8.8866016974E+01,    8.8866016974E+01,    0.0000000000E+00,    0.0000000000E+00,    0.0000000000E+00,    8.8866016974E+01
     93650,      0.676935,CP11_after_MPI,   1,    0.0000000000E+00,    8.8866016974E+01,    8.8866016974E+01,    0.0000000000E+00,    0.0000000000E+00,    0.0000000000E+00,    8.8866016974E+01
     93650,      0.676935,CP12_end,   1,    0.0000000000E+00,    8.8866016974E+01,    8.8866016974E+01,    0.0000000000E+00,    0.0000000000E+00,    0.0000000000E+00,    8.8866016974E+01
     93700,      0.676935,CP0_start,   1,    0.0000000000E+00,    8.8952386653E+01,    8.8952386653E+01,    0.0000000000E+00,    0.0000000000E+00,    0.0000000000E+00,    8.8952386653E+01
     93700,      0.676935,CP1_after_deposition,   1,    0.0000000000E+00,    8.8952386653E+01,    8.8952386653E+01,    0.0000000000E+00,    0.0000000000E+00,    0.0000000000E+00,    8.8952386653E+01
     93700,      0.676935,CP2_after_erosion,   1,    0.0000000000E+00,    8.8952386653E+01,    8.8952386653E+01,    0.0000000000E+00,    0.0000000000E+00,    0.0000000000E+00,    8.8952386653E+01
     93700,      0.676935,CP3_after_update_bottom,   1,    0.0000000000E+00,    8.8952386653E+01,    8.8952386653E+01,    0.0000000000E+00,    0.0000000000E+00,    0.0000000000E+00,    8.8952386653E+01
     93700,      0.676935,CP4_after_advection,   1,    0.0000000000E+00,    8.8952223303E+01,    8.8952223303E+01,    0.0000000000E+00,    0.0000000000E+00,    0.0000000000E+00,    8.8952223303E+01
     93700,      0.676935,CP5_after_vdif,   1,    0.0000000000E+00,    8.8952223303E+01,    8.8952223303E+01,    0.0000000000E+00,    0.0000000000E+00,    0.0000000000E+00,    8.8952223303E+01
     93700,      0.676935,CP6_after_kinetics,   1,    0.0000000000E+00,    8.8952223303E+01,    8.8952223303E+01,    0.0000000000E+00,    0.0000000000E+00,    0.0000000000E+00,    8.8952223303E+01
     93700,      0.676935,CP7_after_upper_clamp,   1,    0.0000000000E+00,    8.8952223303E+01,    8.8952223303E+01,    0.0000000000E+00,    0.0000000000E+00,    0.0000000000E+00,    8.8952223303E+01
     93700,      0.676935,CP8_after_OBC,   1,    0.0000000000E+00,    8.8952223303E+01,    8.8952223303E+01,    0.0000000000E+00,    0.0000000000E+00,    0.0000000000E+00,    8.8952223303E+01
     93700,      0.676935,CP9_after_PTsource,   1,    0.0000000000E+00,    8.8952223303E+01,    8.8952223303E+01,    0.0000000000E+00,    0.0000000000E+00,    0.0000000000E+00,    8.8952223303E+01
     93700,      0.676935,CP10_after_neg_clamp,   1,    0.0000000000E+00,    8.8952223303E+01,    8.8952223303E+01,    0.0000000000E+00,    0.0000000000E+00,    0.0000000000E+00,    8.8952223303E+01
     93700,      0.676935,CP11_after_MPI,   1,    0.0000000000E+00,    8.8952223303E+01,    8.8952223303E+01,    0.0000000000E+00,    0.0000000000E+00,    0.0000000000E+00,    8.8952223303E+01
     93700,      0.676935,CP12_end,   1,    0.0000000000E+00,    8.8952223303E+01,    8.8952223303E+01,    0.0000000000E+00,    0.0000000000E+00,    0.0000000000E+00,    8.8952223303E+01
     93750,      0.676935,CP0_start,   1,    0.0000000000E+00,    8.9038675820E+01,    8.9038675820E+01,    0.0000000000E+00,    0.0000000000E+00,    0.0000000000E+00,    8.9038675820E+01
     93750,      0.676935,CP1_after_deposition,   1,    0.0000000000E+00,    8.9038675820E+01,    8.9038675820E+01,    0.0000000000E+00,    0.0000000000E+00,    0.0000000000E+00,    8.9038675820E+01
     93750,      0.676935,CP2_after_erosion,   1,    0.0000000000E+00,    8.9038675820E+01,    8.9038675820E+01,    0.0000000000E+00,    0.0000000000E+00,    0.0000000000E+00,    8.9038675820E+01
     93750,      0.676935,CP3_after_update_bottom,   1,    0.0000000000E+00,    8.9038675820E+01,    8.9038675820E+01,    0.0000000000E+00,    0.0000000000E+00,    0.0000000000E+00,    8.9038675820E+01
     93750,      0.676935,CP4_after_advection,   1,    0.0000000000E+00,    8.9038535830E+01,    8.9038535830E+01,    0.0000000000E+00,    0.0000000000E+00,    0.0000000000E+00,    8.9038535830E+01
     93750,      0.676935,CP5_after_vdif,   1,    0.0000000000E+00,    8.9038535830E+01,    8.9038535830E+01,    0.0000000000E+00,    0.0000000000E+00,    0.0000000000E+00,    8.9038535830E+01
     93750,      0.676935,CP6_after_kinetics,   1,    0.0000000000E+00,    8.9038535830E+01,    8.9038535830E+01,    0.0000000000E+00,    0.0000000000E+00,    0.0000000000E+00,    8.9038535830E+01
     93750,      0.676935,CP7_after_upper_clamp,   1,    0.0000000000E+00,    8.9038535830E+01,    8.9038535830E+01,    0.0000000000E+00,    0.0000000000E+00,    0.0000000000E+00,    8.9038535830E+01
     93750,      0.676935,CP8_after_OBC,   1,    0.0000000000E+00,    8.9038535830E+01,    8.9038535830E+01,    0.0000000000E+00,    0.0000000000E+00,    0.0000000000E+00,    8.9038535830E+01
     93750,      0.676935,CP9_after_PTsource,   1,    0.0000000000E+00,    8.9038535830E+01,    8.9038535830E+01,    0.0000000000E+00,    0.0000000000E+00,    0.0000000000E+00,    8.9038535830E+01
     93750,      0.676935,CP10_after_neg_clamp,   1,    0.0000000000E+00,    8.9038535830E+01,    8.9038535830E+01,    0.0000000000E+00,    0.0000000000E+00,    0.0000000000E+00,    8.9038535830E+01
     93750,      0.676935,CP11_after_MPI,   1,    0.0000000000E+00,    8.9038535830E+01,    8.9038535830E+01,    0.0000000000E+00,    0.0000000000E+00,    0.0000000000E+00,    8.9038535830E+01
     93750,      0.676935,CP12_end,   1,    0.0000000000E+00,    8.9038535830E+01,    8.9038535830E+01,    0.0000000000E+00,    0.0000000000E+00,    0.0000000000E+00,    8.9038535830E+01
     93800,      0.676935,CP0_start,   1,    0.0000000000E+00,    8.9124892933E+01,    8.9124892933E+01,    0.0000000000E+00,    0.0000000000E+00,    0.0000000000E+00,    8.9124892933E+01
     93800,      0.676935,CP1_after_deposition,   1,    0.0000000000E+00,    8.9124892933E+01,    8.9124892933E+01,    0.0000000000E+00,    0.0000000000E+00,    0.0000000000E+00,    8.9124892933E+01
     93800,      0.676935,CP2_after_erosion,   1,    0.0000000000E+00,    8.9124892933E+01,    8.9124892933E+01,    0.0000000000E+00,    0.0000000000E+00,    0.0000000000E+00,    8.9124892933E+01
     93800,      0.676935,CP3_after_update_bottom,   1,    0.0000000000E+00,    8.9124892933E+01,    8.9124892933E+01,    0.0000000000E+00,    0.0000000000E+00,    0.0000000000E+00,    8.9124892933E+01
     93800,      0.676935,CP4_after_advection,   1,    0.0000000000E+00,    8.9124773345E+01,    8.9124773345E+01,    0.0000000000E+00,    0.0000000000E+00,    0.0000000000E+00,    8.9124773345E+01
     93800,      0.676935,CP5_after_vdif,   1,    0.0000000000E+00,    8.9124773345E+01,    8.9124773345E+01,    0.0000000000E+00,    0.0000000000E+00,    0.0000000000E+00,    8.9124773345E+01
     93800,      0.676935,CP6_after_kinetics,   1,    0.0000000000E+00,    8.9124773345E+01,    8.9124773345E+01,    0.0000000000E+00,    0.0000000000E+00,    0.0000000000E+00,    8.9124773345E+01
     93800,      0.676935,CP7_after_upper_clamp,   1,    0.0000000000E+00,    8.9124773345E+01,    8.9124773345E+01,    0.0000000000E+00,    0.0000000000E+00,    0.0000000000E+00,    8.9124773345E+01
     93800,      0.676935,CP8_after_OBC,   1,    0.0000000000E+00,    8.9124773345E+01,    8.9124773345E+01,    0.0000000000E+00,    0.0000000000E+00,    0.0000000000E+00,    8.9124773345E+01
     93800,      0.676935,CP9_after_PTsource,   1,    0.0000000000E+00,    8.9124773345E+01,    8.9124773345E+01,    0.0000000000E+00,    0.0000000000E+00,    0.0000000000E+00,    8.9124773345E+01
     93800,      0.676935,CP10_after_neg_clamp,   1,    0.0000000000E+00,    8.9124773345E+01,    8.9124773345E+01,    0.0000000000E+00,    0.0000000000E+00,    0.0000000000E+00,    8.9124773345E+01
     93800,      0.676935,CP11_after_MPI,   1,    0.0000000000E+00,    8.9124773345E+01,    8.9124773345E+01,    0.0000000000E+00,    0.0000000000E+00,    0.0000000000E+00,    8.9124773345E+01
     93800,      0.676935,CP12_end,   1,    0.0000000000E+00,    8.9124773345E+01,    8.9124773345E+01,    0.0000000000E+00,    0.0000000000E+00,    0.0000000000E+00,    8.9124773345E+01
     93850,      0.676935,CP0_start,   1,    0.0000000000E+00,    8.9210946976E+01,    8.9210946976E+01,    0.0000000000E+00,    0.0000000000E+00,    0.0000000000E+00,    8.9210946976E+01
     93850,      0.676935,CP1_after_deposition,   1,    0.0000000000E+00,    8.9210946976E+01,    8.9210946976E+01,    0.0000000000E+00,    0.0000000000E+00,    0.0000000000E+00,    8.9210946976E+01
     93850,      0.676935,CP2_after_erosion,   1,    0.0000000000E+00,    8.9210946976E+01,    8.9210946976E+01,    0.0000000000E+00,    0.0000000000E+00,    0.0000000000E+00,    8.9210946976E+01
     93850,      0.676935,CP3_after_update_bottom,   1,    0.0000000000E+00,    8.9210946976E+01,    8.9210946976E+01,    0.0000000000E+00,    0.0000000000E+00,    0.0000000000E+00,    8.9210946976E+01
     93850,      0.676935,CP4_after_advection,   1,    0.0000000000E+00,    8.9210845568E+01,    8.9210845568E+01,    0.0000000000E+00,    0.0000000000E+00,    0.0000000000E+00,    8.9210845568E+01
     93850,      0.676935,CP5_after_vdif,   1,    0.0000000000E+00,    8.9210845568E+01,    8.9210845568E+01,    0.0000000000E+00,    0.0000000000E+00,    0.0000000000E+00,    8.9210845568E+01
     93850,      0.676935,CP6_after_kinetics,   1,    0.0000000000E+00,    8.9210845568E+01,    8.9210845568E+01,    0.0000000000E+00,    0.0000000000E+00,    0.0000000000E+00,    8.9210845568E+01
     93850,      0.676935,CP7_after_upper_clamp,   1,    0.0000000000E+00,    8.9210845568E+01,    8.9210845568E+01,    0.0000000000E+00,    0.0000000000E+00,    0.0000000000E+00,    8.9210845568E+01
     93850,      0.676935,CP8_after_OBC,   1,    0.0000000000E+00,    8.9210845568E+01,    8.9210845568E+01,    0.0000000000E+00,    0.0000000000E+00,    0.0000000000E+00,    8.9210845568E+01
     93850,      0.676935,CP9_after_PTsource,   1,    0.0000000000E+00,    8.9210845568E+01,    8.9210845568E+01,    0.0000000000E+00,    0.0000000000E+00,    0.0000000000E+00,    8.9210845568E+01
     93850,      0.676935,CP10_after_neg_clamp,   1,    0.0000000000E+00,    8.9210845568E+01,    8.9210845568E+01,    0.0000000000E+00,    0.0000000000E+00,    0.0000000000E+00,    8.9210845568E+01
     93850,      0.676935,CP11_after_MPI,   1,    0.0000000000E+00,    8.9210845568E+01,    8.9210845568E+01,    0.0000000000E+00,    0.0000000000E+00,    0.0000000000E+00,    8.9210845568E+01
     93850,      0.676935,CP12_end,   1,    0.0000000000E+00,    8.9210845568E+01,    8.9210845568E+01,    0.0000000000E+00,    0.0000000000E+00,    0.0000000000E+00,    8.9210845568E+01
     93900,      0.676935,CP0_start,   1,    0.0000000000E+00,    8.9296694898E+01,    8.9296694898E+01,    0.0000000000E+00,    0.0000000000E+00,    0.0000000000E+00,    8.9296694898E+01
     93900,      0.676935,CP1_after_deposition,   1,    0.0000000000E+00,    8.9296694898E+01,    8.9296694898E+01,    0.0000000000E+00,    0.0000000000E+00,    0.0000000000E+00,    8.9296694898E+01
     93900,      0.676935,CP2_after_erosion,   1,    0.0000000000E+00,    8.9296694898E+01,    8.9296694898E+01,    0.0000000000E+00,    0.0000000000E+00,    0.0000000000E+00,    8.9296694898E+01
     93900,      0.676935,CP3_after_update_bottom,   1,    0.0000000000E+00,    8.9296694898E+01,    8.9296694898E+01,    0.0000000000E+00,    0.0000000000E+00,    0.0000000000E+00,    8.9296694898E+01
     93900,      0.676935,CP4_after_advection,   1,    0.0000000000E+00,    8.9296607858E+01,    8.9296607858E+01,    0.0000000000E+00,    0.0000000000E+00,    0.0000000000E+00,    8.9296607858E+01
     93900,      0.676935,CP5_after_vdif,   1,    0.0000000000E+00,    8.9296607858E+01,    8.9296607858E+01,    0.0000000000E+00,    0.0000000000E+00,    0.0000000000E+00,    8.9296607858E+01
     93900,      0.676935,CP6_after_kinetics,   1,    0.0000000000E+00,    8.9296607858E+01,    8.9296607858E+01,    0.0000000000E+00,    0.0000000000E+00,    0.0000000000E+00,    8.9296607858E+01
     93900,      0.676935,CP7_after_upper_clamp,   1,    0.0000000000E+00,    8.9296607858E+01,    8.9296607858E+01,    0.0000000000E+00,    0.0000000000E+00,    0.0000000000E+00,    8.9296607858E+01
     93900,      0.676935,CP8_after_OBC,   1,    0.0000000000E+00,    8.9296607858E+01,    8.9296607858E+01,    0.0000000000E+00,    0.0000000000E+00,    0.0000000000E+00,    8.9296607858E+01
     93900,      0.676935,CP9_after_PTsource,   1,    0.0000000000E+00,    8.9296607858E+01,    8.9296607858E+01,    0.0000000000E+00,    0.0000000000E+00,    0.0000000000E+00,    8.9296607858E+01
     93900,      0.676935,CP10_after_neg_clamp,   1,    0.0000000000E+00,    8.9296607858E+01,    8.9296607858E+01,    0.0000000000E+00,    0.0000000000E+00,    0.0000000000E+00,    8.9296607858E+01
     93900,      0.676935,CP11_after_MPI,   1,    0.0000000000E+00,    8.9296607858E+01,    8.9296607858E+01,    0.0000000000E+00,    0.0000000000E+00,    0.0000000000E+00,    8.9296607858E+01
     93900,      0.676935,CP12_end,   1,    0.0000000000E+00,    8.9296607858E+01,    8.9296607858E+01,    0.0000000000E+00,    0.0000000000E+00,    0.0000000000E+00,    8.9296607858E+01
     93950,      0.676935,CP0_start,   1,    0.0000000000E+00,    8.9382065437E+01,    8.9382065437E+01,    0.0000000000E+00,    0.0000000000E+00,    0.0000000000E+00,    8.9382065437E+01
     93950,      0.676935,CP1_after_deposition,   1,    0.0000000000E+00,    8.9382065437E+01,    8.9382065437E+01,    0.0000000000E+00,    0.0000000000E+00,    0.0000000000E+00,    8.9382065437E+01
     93950,      0.676935,CP2_after_erosion,   1,    0.0000000000E+00,    8.9382065437E+01,    8.9382065437E+01,    0.0000000000E+00,    0.0000000000E+00,    0.0000000000E+00,    8.9382065437E+01
     93950,      0.676935,CP3_after_update_bottom,   1,    0.0000000000E+00,    8.9382065437E+01,    8.9382065437E+01,    0.0000000000E+00,    0.0000000000E+00,    0.0000000000E+00,    8.9382065437E+01
     93950,      0.676935,CP4_after_advection,   1,    0.0000000000E+00,    8.9381994525E+01,    8.9381994525E+01,    0.0000000000E+00,    0.0000000000E+00,    0.0000000000E+00,    8.9381994525E+01
     93950,      0.676935,CP5_after_vdif,   1,    0.0000000000E+00,    8.9381994525E+01,    8.9381994525E+01,    0.0000000000E+00,    0.0000000000E+00,    0.0000000000E+00,    8.9381994525E+01
     93950,      0.676935,CP6_after_kinetics,   1,    0.0000000000E+00,    8.9381994525E+01,    8.9381994525E+01,    0.0000000000E+00,    0.0000000000E+00,    0.0000000000E+00,    8.9381994525E+01
     93950,      0.676935,CP7_after_upper_clamp,   1,    0.0000000000E+00,    8.9381994525E+01,    8.9381994525E+01,    0.0000000000E+00,    0.0000000000E+00,    0.0000000000E+00,    8.9381994525E+01
     93950,      0.676935,CP8_after_OBC,   1,    0.0000000000E+00,    8.9381994525E+01,    8.9381994525E+01,    0.0000000000E+00,    0.0000000000E+00,    0.0000000000E+00,    8.9381994525E+01
     93950,      0.676935,CP9_after_PTsource,   1,    0.0000000000E+00,    8.9381994525E+01,    8.9381994525E+01,    0.0000000000E+00,    0.0000000000E+00,    0.0000000000E+00,    8.9381994525E+01
     93950,      0.676935,CP10_after_neg_clamp,   1,    0.0000000000E+00,    8.9381994525E+01,    8.9381994525E+01,    0.0000000000E+00,    0.0000000000E+00,    0.0000000000E+00,    8.9381994525E+01
     93950,      0.676935,CP11_after_MPI,   1,    0.0000000000E+00,    8.9381994525E+01,    8.9381994525E+01,    0.0000000000E+00,    0.0000000000E+00,    0.0000000000E+00,    8.9381994525E+01
     93950,      0.676935,CP12_end,   1,    0.0000000000E+00,    8.9381994525E+01,    8.9381994525E+01,    0.0000000000E+00,    0.0000000000E+00,    0.0000000000E+00,    8.9381994525E+01
     94000,      0.676935,CP0_start,   1,    0.0000000000E+00,    8.9467013374E+01,    8.9467013374E+01,    0.0000000000E+00,    0.0000000000E+00,    0.0000000000E+00,    8.9467013374E+01
     94000,      0.676935,CP1_after_deposition,   1,    0.0000000000E+00,    8.9467013374E+01,    8.9467013374E+01,    0.0000000000E+00,    0.0000000000E+00,    0.0000000000E+00,    8.9467013374E+01
     94000,      0.676935,CP2_after_erosion,   1,    0.0000000000E+00,    8.9467013374E+01,    8.9467013374E+01,    0.0000000000E+00,    0.0000000000E+00,    0.0000000000E+00,    8.9467013374E+01
     94000,      0.676935,CP3_after_update_bottom,   1,    0.0000000000E+00,    8.9467013374E+01,    8.9467013374E+01,    0.0000000000E+00,    0.0000000000E+00,    0.0000000000E+00,    8.9467013374E+01
     94000,      0.676935,CP4_after_advection,   1,    0.0000000000E+00,    8.9466955745E+01,    8.9466955745E+01,    0.0000000000E+00,    0.0000000000E+00,    0.0000000000E+00,    8.9466955745E+01
     94000,      0.676935,CP5_after_vdif,   1,    0.0000000000E+00,    8.9466955745E+01,    8.9466955745E+01,    0.0000000000E+00,    0.0000000000E+00,    0.0000000000E+00,    8.9466955745E+01
     94000,      0.676935,CP6_after_kinetics,   1,    0.0000000000E+00,    8.9466955745E+01,    8.9466955745E+01,    0.0000000000E+00,    0.0000000000E+00,    0.0000000000E+00,    8.9466955745E+01
     94000,      0.676935,CP7_after_upper_clamp,   1,    0.0000000000E+00,    8.9466955745E+01,    8.9466955745E+01,    0.0000000000E+00,    0.0000000000E+00,    0.0000000000E+00,    8.9466955745E+01
     94000,      0.676935,CP8_after_OBC,   1,    0.0000000000E+00,    8.9466955745E+01,    8.9466955745E+01,    0.0000000000E+00,    0.0000000000E+00,    0.0000000000E+00,    8.9466955745E+01
     94000,      0.676935,CP9_after_PTsource,   1,    0.0000000000E+00,    8.9466955745E+01,    8.9466955745E+01,    0.0000000000E+00,    0.0000000000E+00,    0.0000000000E+00,    8.9466955745E+01
     94000,      0.676935,CP10_after_neg_clamp,   1,    0.0000000000E+00,    8.9466955745E+01,    8.9466955745E+01,    0.0000000000E+00,    0.0000000000E+00,    0.0000000000E+00,    8.9466955745E+01
     94000,      0.676935,CP11_after_MPI,   1,    0.0000000000E+00,    8.9466955745E+01,    8.9466955745E+01,    0.0000000000E+00,    0.0000000000E+00,    0.0000000000E+00,    8.9466955745E+01
     94000,      0.676935,CP12_end,   1,    0.0000000000E+00,    8.9466955745E+01,    8.9466955745E+01,    0.0000000000E+00,    0.0000000000E+00,    0.0000000000E+00,    8.9466955745E+01
     94050,      0.676935,CP0_start,   1,    0.0000000000E+00,    8.9551537651E+01,    8.9551537651E+01,    0.0000000000E+00,    0.0000000000E+00,    0.0000000000E+00,    8.9551537651E+01
     94050,      0.676935,CP1_after_deposition,   1,    0.0000000000E+00,    8.9551537651E+01,    8.9551537651E+01,    0.0000000000E+00,    0.0000000000E+00,    0.0000000000E+00,    8.9551537651E+01
     94050,      0.676935,CP2_after_erosion,   1,    0.0000000000E+00,    8.9551537651E+01,    8.9551537651E+01,    0.0000000000E+00,    0.0000000000E+00,    0.0000000000E+00,    8.9551537651E+01
     94050,      0.676935,CP3_after_update_bottom,   1,    0.0000000000E+00,    8.9551537651E+01,    8.9551537651E+01,    0.0000000000E+00,    0.0000000000E+00,    0.0000000000E+00,    8.9551537651E+01
     94050,      0.676935,CP4_after_advection,   1,    0.0000000000E+00,    8.9551493731E+01,    8.9551493731E+01,    0.0000000000E+00,    0.0000000000E+00,    0.0000000000E+00,    8.9551493731E+01
     94050,      0.676935,CP5_after_vdif,   1,    0.0000000000E+00,    8.9551493731E+01,    8.9551493731E+01,    0.0000000000E+00,    0.0000000000E+00,    0.0000000000E+00,    8.9551493731E+01
     94050,      0.676935,CP6_after_kinetics,   1,    0.0000000000E+00,    8.9551493731E+01,    8.9551493731E+01,    0.0000000000E+00,    0.0000000000E+00,    0.0000000000E+00,    8.9551493731E+01
     94050,      0.676935,CP7_after_upper_clamp,   1,    0.0000000000E+00,    8.9551493731E+01,    8.9551493731E+01,    0.0000000000E+00,    0.0000000000E+00,    0.0000000000E+00,    8.9551493731E+01
     94050,      0.676935,CP8_after_OBC,   1,    0.0000000000E+00,    8.9551493731E+01,    8.9551493731E+01,    0.0000000000E+00,    0.0000000000E+00,    0.0000000000E+00,    8.9551493731E+01
     94050,      0.676935,CP9_after_PTsource,   1,    0.0000000000E+00,    8.9551493731E+01,    8.9551493731E+01,    0.0000000000E+00,    0.0000000000E+00,    0.0000000000E+00,    8.9551493731E+01
     94050,      0.676935,CP10_after_neg_clamp,   1,    0.0000000000E+00,    8.9551493731E+01,    8.9551493731E+01,    0.0000000000E+00,    0.0000000000E+00,    0.0000000000E+00,    8.9551493731E+01
     94050,      0.676935,CP11_after_MPI,   1,    0.0000000000E+00,    8.9551493731E+01,    8.9551493731E+01,    0.0000000000E+00,    0.0000000000E+00,    0.0000000000E+00,    8.9551493731E+01
     94050,      0.676935,CP12_end,   1,    0.0000000000E+00,    8.9551493731E+01,    8.9551493731E+01,    0.0000000000E+00,    0.0000000000E+00,    0.0000000000E+00,    8.9551493731E+01
     94100,      0.676935,CP0_start,   1,    0.0000000000E+00,    8.9635652053E+01,    8.9635652053E+01,    0.0000000000E+00,    0.0000000000E+00,    0.0000000000E+00,    8.9635652053E+01
     94100,      0.676935,CP1_after_deposition,   1,    0.0000000000E+00,    8.9635652053E+01,    8.9635652053E+01,    0.0000000000E+00,    0.0000000000E+00,    0.0000000000E+00,    8.9635652053E+01
     94100,      0.676935,CP2_after_erosion,   1,                 NaN,                 NaN,                 NaN,    0.0000000000E+00,    0.0000000000E+00,    0.0000000000E+00,                 NaN
     94100,      0.676935,CP3_after_update_bottom,   1,                 NaN,                 NaN,                 NaN,    0.0000000000E+00,    0.0000000000E+00,    0.0000000000E+00,                 NaN
     94100,      0.676935,CP4_after_advection,   1,                 NaN,                 NaN,                 NaN,    0.0000000000E+00,    0.0000000000E+00,    0.0000000000E+00,                 NaN
     94100,      0.676935,CP5_after_vdif,   1,                 NaN,                 NaN,                 NaN,    0.0000000000E+00,    0.0000000000E+00,    0.0000000000E+00,                 NaN
     94100,      0.676935,CP6_after_kinetics,   1,                 NaN,                 NaN,                 NaN,    0.0000000000E+00,    0.0000000000E+00,    0.0000000000E+00,                 NaN
     94100,      0.676935,CP7_after_upper_clamp,   1,                 NaN,                 NaN,                 NaN,    0.0000000000E+00,    0.0000000000E+00,    0.0000000000E+00,                 NaN
     94100,      0.676935,CP8_after_OBC,   1,                 NaN,                 NaN,                 NaN,    0.0000000000E+00,    0.0000000000E+00,    0.0000000000E+00,                 NaN
     94100,      0.676935,CP9_after_PTsource,   1,                 NaN,                 NaN,                 NaN,    0.0000000000E+00,    0.0000000000E+00,    0.0000000000E+00,                 NaN
     94100,      0.676935,CP10_after_neg_clamp,   1,    0.0000000000E+00,    8.9635620598E+01,    8.9635620598E+01,    0.0000000000E+00,    0.0000000000E+00,    0.0000000000E+00,    8.9635620598E+01
     94100,      0.676935,CP11_after_MPI,   1,    0.0000000000E+00,    8.9635620598E+01,    8.9635620598E+01,    0.0000000000E+00,    0.0000000000E+00,    0.0000000000E+00,    8.9635620598E+01
     94100,      0.676935,CP12_end,   1,    0.0000000000E+00,    8.9635620598E+01,    8.9635620598E+01,    0.0000000000E+00,    0.0000000000E+00,    0.0000000000E+00,    8.9635620598E+01
     94150,      0.676935,CP0_start,   1,    0.0000000000E+00,    8.9719391805E+01,    8.9719391805E+01,    0.0000000000E+00,    0.0000000000E+00,    0.0000000000E+00,    8.9719391805E+01
     94150,      0.676935,CP1_after_deposition,   1,    0.0000000000E+00,    8.9719391805E+01,    8.9719391805E+01,    0.0000000000E+00,    0.0000000000E+00,    0.0000000000E+00,    8.9719391805E+01
     94150,      0.676935,CP2_after_erosion,   1,    0.0000000000E+00,    8.9719391805E+01,    8.9719391805E+01,    0.0000000000E+00,    0.0000000000E+00,    0.0000000000E+00,    8.9719391805E+01
     94150,      0.676935,CP3_after_update_bottom,   1,    0.0000000000E+00,    8.9719391805E+01,    8.9719391805E+01,    0.0000000000E+00,    0.0000000000E+00,    0.0000000000E+00,    8.9719391805E+01
     94150,      0.676935,CP4_after_advection,   1,    0.0000000000E+00,    8.9719376311E+01,    8.9719376311E+01,    0.0000000000E+00,    0.0000000000E+00,    0.0000000000E+00,    8.9719376311E+01
     94150,      0.676935,CP5_after_vdif,   1,    0.0000000000E+00,    8.9719376311E+01,    8.9719376311E+01,    0.0000000000E+00,    0.0000000000E+00,    0.0000000000E+00,    8.9719376311E+01
     94150,      0.676935,CP6_after_kinetics,   1,    0.0000000000E+00,    8.9719376311E+01,    8.9719376311E+01,    0.0000000000E+00,    0.0000000000E+00,    0.0000000000E+00,    8.9719376311E+01
     94150,      0.676935,CP7_after_upper_clamp,   1,    0.0000000000E+00,    8.9719376311E+01,    8.9719376311E+01,    0.0000000000E+00,    0.0000000000E+00,    0.0000000000E+00,    8.9719376311E+01
     94150,      0.676935,CP8_after_OBC,   1,    0.0000000000E+00,    8.9719376311E+01,    8.9719376311E+01,    0.0000000000E+00,    0.0000000000E+00,    0.0000000000E+00,    8.9719376311E+01
     94150,      0.676935,CP9_after_PTsource,   1,    0.0000000000E+00,    8.9719376311E+01,    8.9719376311E+01,    0.0000000000E+00,    0.0000000000E+00,    0.0000000000E+00,    8.9719376311E+01
     94150,      0.676935,CP10_after_neg_clamp,   1,    0.0000000000E+00,    8.9719376311E+01,    8.9719376311E+01,    0.0000000000E+00,    0.0000000000E+00,    0.0000000000E+00,    8.9719376311E+01
     94150,      0.676935,CP11_after_MPI,   1,    0.0000000000E+00,    8.9719376311E+01,    8.9719376311E+01,    0.0000000000E+00,    0.0000000000E+00,    0.0000000000E+00,    8.9719376311E+01
     94150,      0.676935,CP12_end,   1,    0.0000000000E+00,    8.9719376311E+01,    8.9719376311E+01,    0.0000000000E+00,    0.0000000000E+00,    0.0000000000E+00,    8.9719376311E+01
     94200,      0.676935,CP0_start,   1,    0.0000000000E+00,    8.9802832533E+01,    8.9802832533E+01,    0.0000000000E+00,    0.0000000000E+00,    0.0000000000E+00,    8.9802832533E+01
     94200,      0.676935,CP1_after_deposition,   1,    0.0000000000E+00,    8.9802832533E+01,    8.9802832533E+01,    0.0000000000E+00,    0.0000000000E+00,    0.0000000000E+00,    8.9802832533E+01
     94200,      0.676935,CP2_after_erosion,   1,    0.0000000000E+00,    8.9802832533E+01,    8.9802832533E+01,    0.0000000000E+00,    0.0000000000E+00,    0.0000000000E+00,    8.9802832533E+01
     94200,      0.676935,CP3_after_update_bottom,   1,    0.0000000000E+00,    8.9802832533E+01,    8.9802832533E+01,    0.0000000000E+00,    0.0000000000E+00,    0.0000000000E+00,    8.9802832533E+01
     94200,      0.676935,CP4_after_advection,   1,    0.0000000000E+00,    8.9802834872E+01,    8.9802834872E+01,    0.0000000000E+00,    0.0000000000E+00,    0.0000000000E+00,    8.9802834872E+01
     94200,      0.676935,CP5_after_vdif,   1,    0.0000000000E+00,    8.9802834872E+01,    8.9802834872E+01,    0.0000000000E+00,    0.0000000000E+00,    0.0000000000E+00,    8.9802834872E+01
     94200,      0.676935,CP6_after_kinetics,   1,    0.0000000000E+00,    8.9802834872E+01,    8.9802834872E+01,    0.0000000000E+00,    0.0000000000E+00,    0.0000000000E+00,    8.9802834872E+01
     94200,      0.676935,CP7_after_upper_clamp,   1,    0.0000000000E+00,    8.9802834872E+01,    8.9802834872E+01,    0.0000000000E+00,    0.0000000000E+00,    0.0000000000E+00,    8.9802834872E+01
     94200,      0.676935,CP8_after_OBC,   1,    0.0000000000E+00,    8.9802834872E+01,    8.9802834872E+01,    0.0000000000E+00,    0.0000000000E+00,    0.0000000000E+00,    8.9802834872E+01
     94200,      0.676935,CP9_after_PTsource,   1,    0.0000000000E+00,    8.9802834872E+01,    8.9802834872E+01,    0.0000000000E+00,    0.0000000000E+00,    0.0000000000E+00,    8.9802834872E+01
     94200,      0.676935,CP10_after_neg_clamp,   1,    0.0000000000E+00,    8.9802834872E+01,    8.9802834872E+01,    0.0000000000E+00,    0.0000000000E+00,    0.0000000000E+00,    8.9802834872E+01
     94200,      0.676935,CP11_after_MPI,   1,    0.0000000000E+00,    8.9802834872E+01,    8.9802834872E+01,    0.0000000000E+00,    0.0000000000E+00,    0.0000000000E+00,    8.9802834872E+01
     94200,      0.676935,CP12_end,   1,    0.0000000000E+00,    8.9802834872E+01,    8.9802834872E+01,    0.0000000000E+00,    0.0000000000E+00,    0.0000000000E+00,    8.9802834872E+01
     94250,      0.676935,CP0_start,   1,    0.0000000000E+00,    8.9886042753E+01,    8.9886042753E+01,    0.0000000000E+00,    0.0000000000E+00,    0.0000000000E+00,    8.9886042753E+01
     94250,      0.676935,CP1_after_deposition,   1,    0.0000000000E+00,    8.9886042753E+01,    8.9886042753E+01,    0.0000000000E+00,    0.0000000000E+00,    0.0000000000E+00,    8.9886042753E+01
     94250,      0.676935,CP2_after_erosion,   1,                 NaN,                 NaN,                 NaN,    0.0000000000E+00,    0.0000000000E+00,    0.0000000000E+00,                 NaN
     94250,      0.676935,CP3_after_update_bottom,   1,                 NaN,                 NaN,                 NaN,    0.0000000000E+00,    0.0000000000E+00,    0.0000000000E+00,                 NaN
     94250,      0.676935,CP4_after_advection,   1,                 NaN,                 NaN,                 NaN,    0.0000000000E+00,    0.0000000000E+00,    0.0000000000E+00,                 NaN
     94250,      0.676935,CP5_after_vdif,   1,                 NaN,                 NaN,                 NaN,    0.0000000000E+00,    0.0000000000E+00,    0.0000000000E+00,                 NaN
     94250,      0.676935,CP6_after_kinetics,   1,                 NaN,                 NaN,                 NaN,    0.0000000000E+00,    0.0000000000E+00,    0.0000000000E+00,                 NaN
     94250,      0.676935,CP7_after_upper_clamp,   1,                 NaN,                 NaN,                 NaN,    0.0000000000E+00,    0.0000000000E+00,    0.0000000000E+00,                 NaN
     94250,      0.676935,CP8_after_OBC,   1,                 NaN,                 NaN,                 NaN,    0.0000000000E+00,    0.0000000000E+00,    0.0000000000E+00,                 NaN
     94250,      0.676935,CP9_after_PTsource,   1,                 NaN,                 NaN,                 NaN,    0.0000000000E+00,    0.0000000000E+00,    0.0000000000E+00,                 NaN
     94250,      0.676935,CP10_after_neg_clamp,   1,    0.0000000000E+00,    8.9886064380E+01,    8.9886064380E+01,    0.0000000000E+00,    0.0000000000E+00,    0.0000000000E+00,    8.9886064380E+01
     94250,      0.676935,CP11_after_MPI,   1,    0.0000000000E+00,    8.9886064380E+01,    8.9886064380E+01,    0.0000000000E+00,    0.0000000000E+00,    0.0000000000E+00,    8.9886064380E+01
     94250,      0.676935,CP12_end,   1,    0.0000000000E+00,    8.9886064380E+01,    8.9886064380E+01,    0.0000000000E+00,    0.0000000000E+00,    0.0000000000E+00,    8.9886064380E+01
     94300,      0.676935,CP0_start,   1,    0.0000000000E+00,    8.9969063031E+01,    8.9969063031E+01,    0.0000000000E+00,    0.0000000000E+00,    0.0000000000E+00,    8.9969063031E+01
     94300,      0.676935,CP1_after_deposition,   1,    0.0000000000E+00,    8.9969063031E+01,    8.9969063031E+01,    0.0000000000E+00,    0.0000000000E+00,    0.0000000000E+00,    8.9969063031E+01
     94300,      0.676935,CP2_after_erosion,   1,    0.0000000000E+00,    8.9969063031E+01,    8.9969063031E+01,    0.0000000000E+00,    0.0000000000E+00,    0.0000000000E+00,    8.9969063031E+01
     94300,      0.676935,CP3_after_update_bottom,   1,    0.0000000000E+00,    8.9969063031E+01,    8.9969063031E+01,    0.0000000000E+00,    0.0000000000E+00,    0.0000000000E+00,    8.9969063031E+01
     94300,      0.676935,CP4_after_advection,   1,    0.0000000000E+00,    8.9969105899E+01,    8.9969105899E+01,    0.0000000000E+00,    0.0000000000E+00,    0.0000000000E+00,    8.9969105899E+01
     94300,      0.676935,CP5_after_vdif,   1,    0.0000000000E+00,    8.9969105899E+01,    8.9969105899E+01,    0.0000000000E+00,    0.0000000000E+00,    0.0000000000E+00,    8.9969105899E+01
     94300,      0.676935,CP6_after_kinetics,   1,    0.0000000000E+00,    8.9969105899E+01,    8.9969105899E+01,    0.0000000000E+00,    0.0000000000E+00,    0.0000000000E+00,    8.9969105899E+01
     94300,      0.676935,CP7_after_upper_clamp,   1,    0.0000000000E+00,    8.9969105899E+01,    8.9969105899E+01,    0.0000000000E+00,    0.0000000000E+00,    0.0000000000E+00,    8.9969105899E+01
     94300,      0.676935,CP8_after_OBC,   1,    0.0000000000E+00,    8.9969105899E+01,    8.9969105899E+01,    0.0000000000E+00,    0.0000000000E+00,    0.0000000000E+00,    8.9969105899E+01
     94300,      0.676935,CP9_after_PTsource,   1,    0.0000000000E+00,    8.9969105899E+01,    8.9969105899E+01,    0.0000000000E+00,    0.0000000000E+00,    0.0000000000E+00,    8.9969105899E+01
     94300,      0.676935,CP10_after_neg_clamp,   1,    0.0000000000E+00,    8.9969105899E+01,    8.9969105899E+01,    0.0000000000E+00,    0.0000000000E+00,    0.0000000000E+00,    8.9969105899E+01
     94300,      0.676935,CP11_after_MPI,   1,    0.0000000000E+00,    8.9969105899E+01,    8.9969105899E+01,    0.0000000000E+00,    0.0000000000E+00,    0.0000000000E+00,    8.9969105899E+01
     94300,      0.676935,CP12_end,   1,    0.0000000000E+00,    8.9969105899E+01,    8.9969105899E+01,    0.0000000000E+00,    0.0000000000E+00,    0.0000000000E+00,    8.9969105899E+01
     94350,      0.676935,CP0_start,   1,    0.0000000000E+00,    9.0051915574E+01,    9.0051915574E+01,    0.0000000000E+00,    0.0000000000E+00,    0.0000000000E+00,    9.0051915574E+01
     94350,      0.676935,CP1_after_deposition,   1,    0.0000000000E+00,    9.0051915574E+01,    9.0051915574E+01,    0.0000000000E+00,    0.0000000000E+00,    0.0000000000E+00,    9.0051915574E+01
     94350,      0.676935,CP2_after_erosion,   1,    0.0000000000E+00,    9.0051915574E+01,    9.0051915574E+01,    0.0000000000E+00,    0.0000000000E+00,    0.0000000000E+00,    9.0051915574E+01
     94350,      0.676935,CP3_after_update_bottom,   1,    0.0000000000E+00,    9.0051915574E+01,    9.0051915574E+01,    0.0000000000E+00,    0.0000000000E+00,    0.0000000000E+00,    9.0051915574E+01
     94350,      0.676935,CP4_after_advection,   1,    0.0000000000E+00,    9.0051981980E+01,    9.0051981980E+01,    0.0000000000E+00,    0.0000000000E+00,    0.0000000000E+00,    9.0051981980E+01
     94350,      0.676935,CP5_after_vdif,   1,    0.0000000000E+00,    9.0051981980E+01,    9.0051981980E+01,    0.0000000000E+00,    0.0000000000E+00,    0.0000000000E+00,    9.0051981980E+01
     94350,      0.676935,CP6_after_kinetics,   1,    0.0000000000E+00,    9.0051981980E+01,    9.0051981980E+01,    0.0000000000E+00,    0.0000000000E+00,    0.0000000000E+00,    9.0051981980E+01
     94350,      0.676935,CP7_after_upper_clamp,   1,    0.0000000000E+00,    9.0051981980E+01,    9.0051981980E+01,    0.0000000000E+00,    0.0000000000E+00,    0.0000000000E+00,    9.0051981980E+01
     94350,      0.676935,CP8_after_OBC,   1,    0.0000000000E+00,    9.0051981980E+01,    9.0051981980E+01,    0.0000000000E+00,    0.0000000000E+00,    0.0000000000E+00,    9.0051981980E+01
     94350,      0.676935,CP9_after_PTsource,   1,    0.0000000000E+00,    9.0051981980E+01,    9.0051981980E+01,    0.0000000000E+00,    0.0000000000E+00,    0.0000000000E+00,    9.0051981980E+01
     94350,      0.676935,CP10_after_neg_clamp,   1,    0.0000000000E+00,    9.0051981980E+01,    9.0051981980E+01,    0.0000000000E+00,    0.0000000000E+00,    0.0000000000E+00,    9.0051981980E+01
     94350,      0.676935,CP11_after_MPI,   1,    0.0000000000E+00,    9.0051981980E+01,    9.0051981980E+01,    0.0000000000E+00,    0.0000000000E+00,    0.0000000000E+00,    9.0051981980E+01
     94350,      0.676935,CP12_end,   1,    0.0000000000E+00,    9.0051981980E+01,    9.0051981980E+01,    0.0000000000E+00,    0.0000000000E+00,    0.0000000000E+00,    9.0051981980E+01
     94400,      0.676935,CP0_start,   1,    0.0000000000E+00,    9.0134597662E+01,    9.0134597662E+01,    0.0000000000E+00,    0.0000000000E+00,    0.0000000000E+00,    9.0134597662E+01
     94400,      0.676935,CP1_after_deposition,   1,    0.0000000000E+00,    9.0134597662E+01,    9.0134597662E+01,    0.0000000000E+00,    0.0000000000E+00,    0.0000000000E+00,    9.0134597662E+01
     94400,      0.676935,CP2_after_erosion,   1,    0.0000000000E+00,    9.0134597662E+01,    9.0134597662E+01,    0.0000000000E+00,    0.0000000000E+00,    0.0000000000E+00,    9.0134597662E+01
     94400,      0.676935,CP3_after_update_bottom,   1,    0.0000000000E+00,    9.0134597662E+01,    9.0134597662E+01,    0.0000000000E+00,    0.0000000000E+00,    0.0000000000E+00,    9.0134597662E+01
     94400,      0.676935,CP4_after_advection,   1,    0.0000000000E+00,    9.0134683848E+01,    9.0134683848E+01,    0.0000000000E+00,    0.0000000000E+00,    0.0000000000E+00,    9.0134683848E+01
     94400,      0.676935,CP5_after_vdif,   1,    0.0000000000E+00,    9.0134683848E+01,    9.0134683848E+01,    0.0000000000E+00,    0.0000000000E+00,    0.0000000000E+00,    9.0134683848E+01
     94400,      0.676935,CP6_after_kinetics,   1,    0.0000000000E+00,    9.0134683848E+01,    9.0134683848E+01,    0.0000000000E+00,    0.0000000000E+00,    0.0000000000E+00,    9.0134683848E+01
     94400,      0.676935,CP7_after_upper_clamp,   1,    0.0000000000E+00,    9.0134683848E+01,    9.0134683848E+01,    0.0000000000E+00,    0.0000000000E+00,    0.0000000000E+00,    9.0134683848E+01
     94400,      0.676935,CP8_after_OBC,   1,    0.0000000000E+00,    9.0134683848E+01,    9.0134683848E+01,    0.0000000000E+00,    0.0000000000E+00,    0.0000000000E+00,    9.0134683848E+01
     94400,      0.676935,CP9_after_PTsource,   1,    0.0000000000E+00,    9.0134683848E+01,    9.0134683848E+01,    0.0000000000E+00,    0.0000000000E+00,    0.0000000000E+00,    9.0134683848E+01
     94400,      0.676935,CP10_after_neg_clamp,   1,    0.0000000000E+00,    9.0134683848E+01,    9.0134683848E+01,    0.0000000000E+00,    0.0000000000E+00,    0.0000000000E+00,    9.0134683848E+01
     94400,      0.676935,CP11_after_MPI,   1,    0.0000000000E+00,    9.0134683848E+01,    9.0134683848E+01,    0.0000000000E+00,    0.0000000000E+00,    0.0000000000E+00,    9.0134683848E+01
     94400,      0.676935,CP12_end,   1,    0.0000000000E+00,    9.0134683848E+01,    9.0134683848E+01,    0.0000000000E+00,    0.0000000000E+00,    0.0000000000E+00,    9.0134683848E+01
     94450,      0.676935,CP0_start,   1,    0.0000000000E+00,    9.0216987704E+01,    9.0216987704E+01,    0.0000000000E+00,    0.0000000000E+00,    0.0000000000E+00,    9.0216987704E+01
     94450,      0.676935,CP1_after_deposition,   1,    0.0000000000E+00,    9.0216987704E+01,    9.0216987704E+01,    0.0000000000E+00,    0.0000000000E+00,    0.0000000000E+00,    9.0216987704E+01
     94450,      0.676935,CP2_after_erosion,   1,    0.0000000000E+00,    9.0216987704E+01,    9.0216987704E+01,    0.0000000000E+00,    0.0000000000E+00,    0.0000000000E+00,    9.0216987704E+01
     94450,      0.676935,CP3_after_update_bottom,   1,    0.0000000000E+00,    9.0216987704E+01,    9.0216987704E+01,    0.0000000000E+00,    0.0000000000E+00,    0.0000000000E+00,    9.0216987704E+01
     94450,      0.676935,CP4_after_advection,   1,    0.0000000000E+00,    9.0217094483E+01,    9.0217094483E+01,    0.0000000000E+00,    0.0000000000E+00,    0.0000000000E+00,    9.0217094483E+01
     94450,      0.676935,CP5_after_vdif,   1,    0.0000000000E+00,    9.0217094483E+01,    9.0217094483E+01,    0.0000000000E+00,    0.0000000000E+00,    0.0000000000E+00,    9.0217094483E+01
     94450,      0.676935,CP6_after_kinetics,   1,    0.0000000000E+00,    9.0217094483E+01,    9.0217094483E+01,    0.0000000000E+00,    0.0000000000E+00,    0.0000000000E+00,    9.0217094483E+01
     94450,      0.676935,CP7_after_upper_clamp,   1,    0.0000000000E+00,    9.0217094483E+01,    9.0217094483E+01,    0.0000000000E+00,    0.0000000000E+00,    0.0000000000E+00,    9.0217094483E+01
     94450,      0.676935,CP8_after_OBC,   1,    0.0000000000E+00,    9.0217094483E+01,    9.0217094483E+01,    0.0000000000E+00,    0.0000000000E+00,    0.0000000000E+00,    9.0217094483E+01
     94450,      0.676935,CP9_after_PTsource,   1,    0.0000000000E+00,    9.0217094483E+01,    9.0217094483E+01,    0.0000000000E+00,    0.0000000000E+00,    0.0000000000E+00,    9.0217094483E+01
     94450,      0.676935,CP10_after_neg_clamp,   1,    0.0000000000E+00,    9.0217094483E+01,    9.0217094483E+01,    0.0000000000E+00,    0.0000000000E+00,    0.0000000000E+00,    9.0217094483E+01
     94450,      0.676935,CP11_after_MPI,   1,    0.0000000000E+00,    9.0217094483E+01,    9.0217094483E+01,    0.0000000000E+00,    0.0000000000E+00,    0.0000000000E+00,    9.0217094483E+01
     94450,      0.676935,CP12_end,   1,    0.0000000000E+00,    9.0217094483E+01,    9.0217094483E+01,    0.0000000000E+00,    0.0000000000E+00,    0.0000000000E+00,    9.0217094483E+01
     94500,      0.676935,CP0_start,   1,    0.0000000000E+00,    9.0298959466E+01,    9.0298959466E+01,    0.0000000000E+00,    0.0000000000E+00,    0.0000000000E+00,    9.0298959466E+01
     94500,      0.676935,CP1_after_deposition,   1,    0.0000000000E+00,    9.0298959466E+01,    9.0298959466E+01,    0.0000000000E+00,    0.0000000000E+00,    0.0000000000E+00,    9.0298959466E+01
     94500,      0.676935,CP2_after_erosion,   1,    0.0000000000E+00,    9.0298959466E+01,    9.0298959466E+01,    0.0000000000E+00,    0.0000000000E+00,    0.0000000000E+00,    9.0298959466E+01
     94500,      0.676935,CP3_after_update_bottom,   1,    0.0000000000E+00,    9.0298959466E+01,    9.0298959466E+01,    0.0000000000E+00,    0.0000000000E+00,    0.0000000000E+00,    9.0298959466E+01
     94500,      0.676935,CP4_after_advection,   1,    0.0000000000E+00,    9.0299083898E+01,    9.0299083898E+01,    0.0000000000E+00,    0.0000000000E+00,    0.0000000000E+00,    9.0299083898E+01
     94500,      0.676935,CP5_after_vdif,   1,    0.0000000000E+00,    9.0299083898E+01,    9.0299083898E+01,    0.0000000000E+00,    0.0000000000E+00,    0.0000000000E+00,    9.0299083898E+01
     94500,      0.676935,CP6_after_kinetics,   1,    0.0000000000E+00,    9.0299083898E+01,    9.0299083898E+01,    0.0000000000E+00,    0.0000000000E+00,    0.0000000000E+00,    9.0299083898E+01
     94500,      0.676935,CP7_after_upper_clamp,   1,    0.0000000000E+00,    9.0299083898E+01,    9.0299083898E+01,    0.0000000000E+00,    0.0000000000E+00,    0.0000000000E+00,    9.0299083898E+01
     94500,      0.676935,CP8_after_OBC,   1,    0.0000000000E+00,    9.0299083898E+01,    9.0299083898E+01,    0.0000000000E+00,    0.0000000000E+00,    0.0000000000E+00,    9.0299083898E+01
     94500,      0.676935,CP9_after_PTsource,   1,    0.0000000000E+00,    9.0299083898E+01,    9.0299083898E+01,    0.0000000000E+00,    0.0000000000E+00,    0.0000000000E+00,    9.0299083898E+01
     94500,      0.676935,CP10_after_neg_clamp,   1,    0.0000000000E+00,    9.0299083898E+01,    9.0299083898E+01,    0.0000000000E+00,    0.0000000000E+00,    0.0000000000E+00,    9.0299083898E+01
     94500,      0.676935,CP11_after_MPI,   1,    0.0000000000E+00,    9.0299083898E+01,    9.0299083898E+01,    0.0000000000E+00,    0.0000000000E+00,    0.0000000000E+00,    9.0299083898E+01
     94500,      0.676935,CP12_end,   1,    0.0000000000E+00,    9.0299083898E+01,    9.0299083898E+01,    0.0000000000E+00,    0.0000000000E+00,    0.0000000000E+00,    9.0299083898E+01
     94550,      0.676935,CP0_start,   1,    0.0000000000E+00,    9.0379798564E+01,    9.0379798564E+01,    0.0000000000E+00,    0.0000000000E+00,    0.0000000000E+00,    9.0379798564E+01
     94550,      0.676935,CP1_after_deposition,   1,    0.0000000000E+00,    9.0379798564E+01,    9.0379798564E+01,    0.0000000000E+00,    0.0000000000E+00,    0.0000000000E+00,    9.0379798564E+01
     94550,      0.676935,CP2_after_erosion,   1,    0.0000000000E+00,    9.0379798564E+01,    9.0379798564E+01,    0.0000000000E+00,    0.0000000000E+00,    0.0000000000E+00,    9.0379798564E+01
     94550,      0.676935,CP3_after_update_bottom,   1,    0.0000000000E+00,    9.0379798564E+01,    9.0379798564E+01,    0.0000000000E+00,    0.0000000000E+00,    0.0000000000E+00,    9.0379798564E+01
     94550,      0.676935,CP4_after_advection,   1,    0.0000000000E+00,    9.0379938578E+01,    9.0379938578E+01,    0.0000000000E+00,    0.0000000000E+00,    0.0000000000E+00,    9.0379938578E+01
     94550,      0.676935,CP5_after_vdif,   1,    0.0000000000E+00,    9.0379938578E+01,    9.0379938578E+01,    0.0000000000E+00,    0.0000000000E+00,    0.0000000000E+00,    9.0379938578E+01
     94550,      0.676935,CP6_after_kinetics,   1,    0.0000000000E+00,    9.0379938578E+01,    9.0379938578E+01,    0.0000000000E+00,    0.0000000000E+00,    0.0000000000E+00,    9.0379938578E+01
     94550,      0.676935,CP7_after_upper_clamp,   1,    0.0000000000E+00,    9.0379938578E+01,    9.0379938578E+01,    0.0000000000E+00,    0.0000000000E+00,    0.0000000000E+00,    9.0379938578E+01
     94550,      0.676935,CP8_after_OBC,   1,    0.0000000000E+00,    9.0379938578E+01,    9.0379938578E+01,    0.0000000000E+00,    0.0000000000E+00,    0.0000000000E+00,    9.0379938578E+01
     94550,      0.676935,CP9_after_PTsource,   1,    0.0000000000E+00,    9.0379938578E+01,    9.0379938578E+01,    0.0000000000E+00,    0.0000000000E+00,    0.0000000000E+00,    9.0379938578E+01
     94550,      0.676935,CP10_after_neg_clamp,   1,    0.0000000000E+00,    9.0379938578E+01,    9.0379938578E+01,    0.0000000000E+00,    0.0000000000E+00,    0.0000000000E+00,    9.0379938578E+01
     94550,      0.676935,CP11_after_MPI,   1,    0.0000000000E+00,    9.0379938578E+01,    9.0379938578E+01,    0.0000000000E+00,    0.0000000000E+00,    0.0000000000E+00,    9.0379938578E+01
     94550,      0.676935,CP12_end,   1,    0.0000000000E+00,    9.0379938578E+01,    9.0379938578E+01,    0.0000000000E+00,    0.0000000000E+00,    0.0000000000E+00,    9.0379938578E+01
     94600,      0.676935,CP0_start,   1,    0.0000000000E+00,    9.0459882989E+01,    9.0459882989E+01,    0.0000000000E+00,    0.0000000000E+00,    0.0000000000E+00,    9.0459882989E+01
     94600,      0.676935,CP1_after_deposition,   1,    0.0000000000E+00,    9.0459882989E+01,    9.0459882989E+01,    0.0000000000E+00,    0.0000000000E+00,    0.0000000000E+00,    9.0459882989E+01
     94600,      0.676935,CP2_after_erosion,   1,    0.0000000000E+00,    9.0459882989E+01,    9.0459882989E+01,    0.0000000000E+00,    0.0000000000E+00,    0.0000000000E+00,    9.0459882989E+01
     94600,      0.676935,CP3_after_update_bottom,   1,    0.0000000000E+00,    9.0459882989E+01,    9.0459882989E+01,    0.0000000000E+00,    0.0000000000E+00,    0.0000000000E+00,    9.0459882989E+01
     94600,      0.676935,CP4_after_advection,   1,    0.0000000000E+00,    9.0460034896E+01,    9.0460034896E+01,    0.0000000000E+00,    0.0000000000E+00,    0.0000000000E+00,    9.0460034896E+01
     94600,      0.676935,CP5_after_vdif,   1,    0.0000000000E+00,    9.0460034896E+01,    9.0460034896E+01,    0.0000000000E+00,    0.0000000000E+00,    0.0000000000E+00,    9.0460034896E+01
     94600,      0.676935,CP6_after_kinetics,   1,    0.0000000000E+00,    9.0460034896E+01,    9.0460034896E+01,    0.0000000000E+00,    0.0000000000E+00,    0.0000000000E+00,    9.0460034896E+01
     94600,      0.676935,CP7_after_upper_clamp,   1,    0.0000000000E+00,    9.0460034896E+01,    9.0460034896E+01,    0.0000000000E+00,    0.0000000000E+00,    0.0000000000E+00,    9.0460034896E+01
     94600,      0.676935,CP8_after_OBC,   1,    0.0000000000E+00,    9.0460034896E+01,    9.0460034896E+01,    0.0000000000E+00,    0.0000000000E+00,    0.0000000000E+00,    9.0460034896E+01
     94600,      0.676935,CP9_after_PTsource,   1,    0.0000000000E+00,    9.0460034896E+01,    9.0460034896E+01,    0.0000000000E+00,    0.0000000000E+00,    0.0000000000E+00,    9.0460034896E+01
     94600,      0.676935,CP10_after_neg_clamp,   1,    0.0000000000E+00,    9.0460034896E+01,    9.0460034896E+01,    0.0000000000E+00,    0.0000000000E+00,    0.0000000000E+00,    9.0460034896E+01
     94600,      0.676935,CP11_after_MPI,   1,    0.0000000000E+00,    9.0460034896E+01,    9.0460034896E+01,    0.0000000000E+00,    0.0000000000E+00,    0.0000000000E+00,    9.0460034896E+01
     94600,      0.676935,CP12_end,   1,    0.0000000000E+00,    9.0460034896E+01,    9.0460034896E+01,    0.0000000000E+00,    0.0000000000E+00,    0.0000000000E+00,    9.0460034896E+01
     94650,      0.676935,CP0_start,   1,    0.0000000000E+00,    9.0539098288E+01,    9.0539098288E+01,    0.0000000000E+00,    0.0000000000E+00,    0.0000000000E+00,    9.0539098288E+01
     94650,      0.676935,CP1_after_deposition,   1,    0.0000000000E+00,    9.0539098288E+01,    9.0539098288E+01,    0.0000000000E+00,    0.0000000000E+00,    0.0000000000E+00,    9.0539098288E+01
     94650,      0.676935,CP2_after_erosion,   1,    0.0000000000E+00,    9.0539098288E+01,    9.0539098288E+01,    0.0000000000E+00,    0.0000000000E+00,    0.0000000000E+00,    9.0539098288E+01
     94650,      0.676935,CP3_after_update_bottom,   1,    0.0000000000E+00,    9.0539098288E+01,    9.0539098288E+01,    0.0000000000E+00,    0.0000000000E+00,    0.0000000000E+00,    9.0539098288E+01
     94650,      0.676935,CP4_after_advection,   1,    0.0000000000E+00,    9.0539264922E+01,    9.0539264922E+01,    0.0000000000E+00,    0.0000000000E+00,    0.0000000000E+00,    9.0539264922E+01
     94650,      0.676935,CP5_after_vdif,   1,    0.0000000000E+00,    9.0539264922E+01,    9.0539264922E+01,    0.0000000000E+00,    0.0000000000E+00,    0.0000000000E+00,    9.0539264922E+01
     94650,      0.676935,CP6_after_kinetics,   1,    0.0000000000E+00,    9.0539264922E+01,    9.0539264922E+01,    0.0000000000E+00,    0.0000000000E+00,    0.0000000000E+00,    9.0539264922E+01
     94650,      0.676935,CP7_after_upper_clamp,   1,    0.0000000000E+00,    9.0539264922E+01,    9.0539264922E+01,    0.0000000000E+00,    0.0000000000E+00,    0.0000000000E+00,    9.0539264922E+01
     94650,      0.676935,CP8_after_OBC,   1,    0.0000000000E+00,    9.0539264922E+01,    9.0539264922E+01,    0.0000000000E+00,    0.0000000000E+00,    0.0000000000E+00,    9.0539264922E+01
     94650,      0.676935,CP9_after_PTsource,   1,    0.0000000000E+00,    9.0539264922E+01,    9.0539264922E+01,    0.0000000000E+00,    0.0000000000E+00,    0.0000000000E+00,    9.0539264922E+01
     94650,      0.676935,CP10_after_neg_clamp,   1,    0.0000000000E+00,    9.0539264922E+01,    9.0539264922E+01,    0.0000000000E+00,    0.0000000000E+00,    0.0000000000E+00,    9.0539264922E+01
     94650,      0.676935,CP11_after_MPI,   1,    0.0000000000E+00,    9.0539264922E+01,    9.0539264922E+01,    0.0000000000E+00,    0.0000000000E+00,    0.0000000000E+00,    9.0539264922E+01
     94650,      0.676935,CP12_end,   1,    0.0000000000E+00,    9.0539264922E+01,    9.0539264922E+01,    0.0000000000E+00,    0.0000000000E+00,    0.0000000000E+00,    9.0539264922E+01
     94700,      0.676935,CP0_start,   1,    0.0000000000E+00,    9.0617519761E+01,    9.0617519761E+01,    0.0000000000E+00,    0.0000000000E+00,    0.0000000000E+00,    9.0617519761E+01
     94700,      0.676935,CP1_after_deposition,   1,    0.0000000000E+00,    9.0617519761E+01,    9.0617519761E+01,    0.0000000000E+00,    0.0000000000E+00,    0.0000000000E+00,    9.0617519761E+01
     94700,      0.676935,CP2_after_erosion,   1,    0.0000000000E+00,    9.0617519761E+01,    9.0617519761E+01,    0.0000000000E+00,    0.0000000000E+00,    0.0000000000E+00,    9.0617519761E+01
     94700,      0.676935,CP3_after_update_bottom,   1,    0.0000000000E+00,    9.0617519761E+01,    9.0617519761E+01,    0.0000000000E+00,    0.0000000000E+00,    0.0000000000E+00,    9.0617519761E+01
     94700,      0.676935,CP4_after_advection,   1,    0.0000000000E+00,    9.0617704354E+01,    9.0617704354E+01,    0.0000000000E+00,    0.0000000000E+00,    0.0000000000E+00,    9.0617704354E+01
     94700,      0.676935,CP5_after_vdif,   1,    0.0000000000E+00,    9.0617704354E+01,    9.0617704354E+01,    0.0000000000E+00,    0.0000000000E+00,    0.0000000000E+00,    9.0617704354E+01
     94700,      0.676935,CP6_after_kinetics,   1,    0.0000000000E+00,    9.0617704354E+01,    9.0617704354E+01,    0.0000000000E+00,    0.0000000000E+00,    0.0000000000E+00,    9.0617704354E+01
     94700,      0.676935,CP7_after_upper_clamp,   1,    0.0000000000E+00,    9.0617704354E+01,    9.0617704354E+01,    0.0000000000E+00,    0.0000000000E+00,    0.0000000000E+00,    9.0617704354E+01
     94700,      0.676935,CP8_after_OBC,   1,    0.0000000000E+00,    9.0617704354E+01,    9.0617704354E+01,    0.0000000000E+00,    0.0000000000E+00,    0.0000000000E+00,    9.0617704354E+01
     94700,      0.676935,CP9_after_PTsource,   1,    0.0000000000E+00,    9.0617704354E+01,    9.0617704354E+01,    0.0000000000E+00,    0.0000000000E+00,    0.0000000000E+00,    9.0617704354E+01
     94700,      0.676935,CP10_after_neg_clamp,   1,    0.0000000000E+00,    9.0617704354E+01,    9.0617704354E+01,    0.0000000000E+00,    0.0000000000E+00,    0.0000000000E+00,    9.0617704354E+01
     94700,      0.676935,CP11_after_MPI,   1,    0.0000000000E+00,    9.0617704354E+01,    9.0617704354E+01,    0.0000000000E+00,    0.0000000000E+00,    0.0000000000E+00,    9.0617704354E+01
     94700,      0.676935,CP12_end,   1,    0.0000000000E+00,    9.0617704354E+01,    9.0617704354E+01,    0.0000000000E+00,    0.0000000000E+00,    0.0000000000E+00,    9.0617704354E+01
     94750,      0.676935,CP0_start,   1,    0.0000000000E+00,    9.0695147120E+01,    9.0695147120E+01,    0.0000000000E+00,    0.0000000000E+00,    0.0000000000E+00,    9.0695147120E+01
     94750,      0.676935,CP1_after_deposition,   1,    0.0000000000E+00,    9.0695147120E+01,    9.0695147120E+01,    0.0000000000E+00,    0.0000000000E+00,    0.0000000000E+00,    9.0695147120E+01
     94750,      0.676935,CP2_after_erosion,   1,    0.0000000000E+00,    9.0695147120E+01,    9.0695147120E+01,    0.0000000000E+00,    0.0000000000E+00,    0.0000000000E+00,    9.0695147120E+01
     94750,      0.676935,CP3_after_update_bottom,   1,    0.0000000000E+00,    9.0695147120E+01,    9.0695147120E+01,    0.0000000000E+00,    0.0000000000E+00,    0.0000000000E+00,    9.0695147120E+01
     94750,      0.676935,CP4_after_advection,   1,    0.0000000000E+00,    9.0695350852E+01,    9.0695350852E+01,    0.0000000000E+00,    0.0000000000E+00,    0.0000000000E+00,    9.0695350852E+01
     94750,      0.676935,CP5_after_vdif,   1,    0.0000000000E+00,    9.0695350852E+01,    9.0695350852E+01,    0.0000000000E+00,    0.0000000000E+00,    0.0000000000E+00,    9.0695350852E+01
     94750,      0.676935,CP6_after_kinetics,   1,    0.0000000000E+00,    9.0695350852E+01,    9.0695350852E+01,    0.0000000000E+00,    0.0000000000E+00,    0.0000000000E+00,    9.0695350852E+01
     94750,      0.676935,CP7_after_upper_clamp,   1,    0.0000000000E+00,    9.0695350852E+01,    9.0695350852E+01,    0.0000000000E+00,    0.0000000000E+00,    0.0000000000E+00,    9.0695350852E+01
     94750,      0.676935,CP8_after_OBC,   1,    0.0000000000E+00,    9.0695350852E+01,    9.0695350852E+01,    0.0000000000E+00,    0.0000000000E+00,    0.0000000000E+00,    9.0695350852E+01
     94750,      0.676935,CP9_after_PTsource,   1,    0.0000000000E+00,    9.0695350852E+01,    9.0695350852E+01,    0.0000000000E+00,    0.0000000000E+00,    0.0000000000E+00,    9.0695350852E+01
     94750,      0.676935,CP10_after_neg_clamp,   1,    0.0000000000E+00,    9.0695350852E+01,    9.0695350852E+01,    0.0000000000E+00,    0.0000000000E+00,    0.0000000000E+00,    9.0695350852E+01
     94750,      0.676935,CP11_after_MPI,   1,    0.0000000000E+00,    9.0695350852E+01,    9.0695350852E+01,    0.0000000000E+00,    0.0000000000E+00,    0.0000000000E+00,    9.0695350852E+01
     94750,      0.676935,CP12_end,   1,    0.0000000000E+00,    9.0695350852E+01,    9.0695350852E+01,    0.0000000000E+00,    0.0000000000E+00,    0.0000000000E+00,    9.0695350852E+01
     94800,      0.676935,CP0_start,   1,    0.0000000000E+00,    9.0772068512E+01,    9.0772068512E+01,    0.0000000000E+00,    0.0000000000E+00,    0.0000000000E+00,    9.0772068512E+01
     94800,      0.676935,CP1_after_deposition,   1,    0.0000000000E+00,    9.0772068512E+01,    9.0772068512E+01,    0.0000000000E+00,    0.0000000000E+00,    0.0000000000E+00,    9.0772068512E+01
     94800,      0.676935,CP2_after_erosion,   1,    0.0000000000E+00,    9.0772068512E+01,    9.0772068512E+01,    0.0000000000E+00,    0.0000000000E+00,    0.0000000000E+00,    9.0772068512E+01
     94800,      0.676935,CP3_after_update_bottom,   1,    0.0000000000E+00,    9.0772068512E+01,    9.0772068512E+01,    0.0000000000E+00,    0.0000000000E+00,    0.0000000000E+00,    9.0772068512E+01
     94800,      0.676935,CP4_after_advection,   1,    0.0000000000E+00,    9.0772294803E+01,    9.0772294803E+01,    0.0000000000E+00,    0.0000000000E+00,    0.0000000000E+00,    9.0772294803E+01
     94800,      0.676935,CP5_after_vdif,   1,    0.0000000000E+00,    9.0772294803E+01,    9.0772294803E+01,    0.0000000000E+00,    0.0000000000E+00,    0.0000000000E+00,    9.0772294803E+01
     94800,      0.676935,CP6_after_kinetics,   1,    0.0000000000E+00,    9.0772294803E+01,    9.0772294803E+01,    0.0000000000E+00,    0.0000000000E+00,    0.0000000000E+00,    9.0772294803E+01
     94800,      0.676935,CP7_after_upper_clamp,   1,    0.0000000000E+00,    9.0772294803E+01,    9.0772294803E+01,    0.0000000000E+00,    0.0000000000E+00,    0.0000000000E+00,    9.0772294803E+01
     94800,      0.676935,CP8_after_OBC,   1,    0.0000000000E+00,    9.0772294803E+01,    9.0772294803E+01,    0.0000000000E+00,    0.0000000000E+00,    0.0000000000E+00,    9.0772294803E+01
     94800,      0.676935,CP9_after_PTsource,   1,    0.0000000000E+00,    9.0772294803E+01,    9.0772294803E+01,    0.0000000000E+00,    0.0000000000E+00,    0.0000000000E+00,    9.0772294803E+01
     94800,      0.676935,CP10_after_neg_clamp,   1,    0.0000000000E+00,    9.0772294803E+01,    9.0772294803E+01,    0.0000000000E+00,    0.0000000000E+00,    0.0000000000E+00,    9.0772294803E+01
     94800,      0.676935,CP11_after_MPI,   1,    0.0000000000E+00,    9.0772294803E+01,    9.0772294803E+01,    0.0000000000E+00,    0.0000000000E+00,    0.0000000000E+00,    9.0772294803E+01
     94800,      0.676935,CP12_end,   1,    0.0000000000E+00,    9.0772294803E+01,    9.0772294803E+01,    0.0000000000E+00,    0.0000000000E+00,    0.0000000000E+00,    9.0772294803E+01
     94850,      0.676935,CP0_start,   1,    0.0000000000E+00,    9.0848426925E+01,    9.0848426925E+01,    0.0000000000E+00,    0.0000000000E+00,    0.0000000000E+00,    9.0848426925E+01
     94850,      0.676935,CP1_after_deposition,   1,    0.0000000000E+00,    9.0848426925E+01,    9.0848426925E+01,    0.0000000000E+00,    0.0000000000E+00,    0.0000000000E+00,    9.0848426925E+01
     94850,      0.676935,CP2_after_erosion,   1,    0.0000000000E+00,    9.0848426925E+01,    9.0848426925E+01,    0.0000000000E+00,    0.0000000000E+00,    0.0000000000E+00,    9.0848426925E+01
     94850,      0.676935,CP3_after_update_bottom,   1,    0.0000000000E+00,    9.0848426925E+01,    9.0848426925E+01,    0.0000000000E+00,    0.0000000000E+00,    0.0000000000E+00,    9.0848426925E+01
     94850,      0.676935,CP4_after_advection,   1,    0.0000000000E+00,    9.0848683090E+01,    9.0848683090E+01,    0.0000000000E+00,    0.0000000000E+00,    0.0000000000E+00,    9.0848683090E+01
     94850,      0.676935,CP5_after_vdif,   1,    0.0000000000E+00,    9.0848683090E+01,    9.0848683090E+01,    0.0000000000E+00,    0.0000000000E+00,    0.0000000000E+00,    9.0848683090E+01
     94850,      0.676935,CP6_after_kinetics,   1,    0.0000000000E+00,    9.0848683090E+01,    9.0848683090E+01,    0.0000000000E+00,    0.0000000000E+00,    0.0000000000E+00,    9.0848683090E+01
     94850,      0.676935,CP7_after_upper_clamp,   1,    0.0000000000E+00,    9.0848683090E+01,    9.0848683090E+01,    0.0000000000E+00,    0.0000000000E+00,    0.0000000000E+00,    9.0848683090E+01
     94850,      0.676935,CP8_after_OBC,   1,    0.0000000000E+00,    9.0848683090E+01,    9.0848683090E+01,    0.0000000000E+00,    0.0000000000E+00,    0.0000000000E+00,    9.0848683090E+01
     94850,      0.676935,CP9_after_PTsource,   1,    0.0000000000E+00,    9.0848683090E+01,    9.0848683090E+01,    0.0000000000E+00,    0.0000000000E+00,    0.0000000000E+00,    9.0848683090E+01
     94850,      0.676935,CP10_after_neg_clamp,   1,    0.0000000000E+00,    9.0848683090E+01,    9.0848683090E+01,    0.0000000000E+00,    0.0000000000E+00,    0.0000000000E+00,    9.0848683090E+01
     94850,      0.676935,CP11_after_MPI,   1,    0.0000000000E+00,    9.0848683090E+01,    9.0848683090E+01,    0.0000000000E+00,    0.0000000000E+00,    0.0000000000E+00,    9.0848683090E+01
     94850,      0.676935,CP12_end,   1,    0.0000000000E+00,    9.0848683090E+01,    9.0848683090E+01,    0.0000000000E+00,    0.0000000000E+00,    0.0000000000E+00,    9.0848683090E+01
     94900,      0.676935,CP0_start,   1,    0.0000000000E+00,    9.0924432345E+01,    9.0924432345E+01,    0.0000000000E+00,    0.0000000000E+00,    0.0000000000E+00,    9.0924432345E+01
     94900,      0.676935,CP1_after_deposition,   1,    0.0000000000E+00,    9.0924432345E+01,    9.0924432345E+01,    0.0000000000E+00,    0.0000000000E+00,    0.0000000000E+00,    9.0924432345E+01
     94900,      0.676935,CP2_after_erosion,   1,    0.0000000000E+00,    9.0924432345E+01,    9.0924432345E+01,    0.0000000000E+00,    0.0000000000E+00,    0.0000000000E+00,    9.0924432345E+01
     94900,      0.676935,CP3_after_update_bottom,   1,    0.0000000000E+00,    9.0924432345E+01,    9.0924432345E+01,    0.0000000000E+00,    0.0000000000E+00,    0.0000000000E+00,    9.0924432345E+01
     94900,      0.676935,CP4_after_advection,   1,    0.0000000000E+00,    9.0924720611E+01,    9.0924720611E+01,    0.0000000000E+00,    0.0000000000E+00,    0.0000000000E+00,    9.0924720611E+01
     94900,      0.676935,CP5_after_vdif,   1,    0.0000000000E+00,    9.0924720611E+01,    9.0924720611E+01,    0.0000000000E+00,    0.0000000000E+00,    0.0000000000E+00,    9.0924720611E+01
     94900,      0.676935,CP6_after_kinetics,   1,    0.0000000000E+00,    9.0924720611E+01,    9.0924720611E+01,    0.0000000000E+00,    0.0000000000E+00,    0.0000000000E+00,    9.0924720611E+01
     94900,      0.676935,CP7_after_upper_clamp,   1,    0.0000000000E+00,    9.0924720611E+01,    9.0924720611E+01,    0.0000000000E+00,    0.0000000000E+00,    0.0000000000E+00,    9.0924720611E+01
     94900,      0.676935,CP8_after_OBC,   1,    0.0000000000E+00,    9.0924720611E+01,    9.0924720611E+01,    0.0000000000E+00,    0.0000000000E+00,    0.0000000000E+00,    9.0924720611E+01
     94900,      0.676935,CP9_after_PTsource,   1,    0.0000000000E+00,    9.0924720611E+01,    9.0924720611E+01,    0.0000000000E+00,    0.0000000000E+00,    0.0000000000E+00,    9.0924720611E+01
     94900,      0.676935,CP10_after_neg_clamp,   1,    0.0000000000E+00,    9.0924720611E+01,    9.0924720611E+01,    0.0000000000E+00,    0.0000000000E+00,    0.0000000000E+00,    9.0924720611E+01
     94900,      0.676935,CP11_after_MPI,   1,    0.0000000000E+00,    9.0924720611E+01,    9.0924720611E+01,    0.0000000000E+00,    0.0000000000E+00,    0.0000000000E+00,    9.0924720611E+01
     94900,      0.676935,CP12_end,   1,    0.0000000000E+00,    9.0924720611E+01,    9.0924720611E+01,    0.0000000000E+00,    0.0000000000E+00,    0.0000000000E+00,    9.0924720611E+01
     94950,      0.676935,CP0_start,   1,    0.0000000000E+00,    9.1000189922E+01,    9.1000189922E+01,    0.0000000000E+00,    0.0000000000E+00,    0.0000000000E+00,    9.1000189922E+01
     94950,      0.676935,CP1_after_deposition,   1,    0.0000000000E+00,    9.1000189922E+01,    9.1000189922E+01,    0.0000000000E+00,    0.0000000000E+00,    0.0000000000E+00,    9.1000189922E+01
     94950,      0.676935,CP2_after_erosion,   1,    0.0000000000E+00,    9.1000189922E+01,    9.1000189922E+01,    0.0000000000E+00,    0.0000000000E+00,    0.0000000000E+00,    9.1000189922E+01
     94950,      0.676935,CP3_after_update_bottom,   1,    0.0000000000E+00,    9.1000189922E+01,    9.1000189922E+01,    0.0000000000E+00,    0.0000000000E+00,    0.0000000000E+00,    9.1000189922E+01
     94950,      0.676935,CP4_after_advection,   1,    0.0000000000E+00,    9.1000517243E+01,    9.1000517243E+01,    0.0000000000E+00,    0.0000000000E+00,    0.0000000000E+00,    9.1000517243E+01
     94950,      0.676935,CP5_after_vdif,   1,    0.0000000000E+00,    9.1000517243E+01,    9.1000517243E+01,    0.0000000000E+00,    0.0000000000E+00,    0.0000000000E+00,    9.1000517243E+01
     94950,      0.676935,CP6_after_kinetics,   1,    0.0000000000E+00,    9.1000517243E+01,    9.1000517243E+01,    0.0000000000E+00,    0.0000000000E+00,    0.0000000000E+00,    9.1000517243E+01
     94950,      0.676935,CP7_after_upper_clamp,   1,    0.0000000000E+00,    9.1000517243E+01,    9.1000517243E+01,    0.0000000000E+00,    0.0000000000E+00,    0.0000000000E+00,    9.1000517243E+01
     94950,      0.676935,CP8_after_OBC,   1,    0.0000000000E+00,    9.1000517243E+01,    9.1000517243E+01,    0.0000000000E+00,    0.0000000000E+00,    0.0000000000E+00,    9.1000517243E+01
     94950,      0.676935,CP9_after_PTsource,   1,    0.0000000000E+00,    9.1000517243E+01,    9.1000517243E+01,    0.0000000000E+00,    0.0000000000E+00,    0.0000000000E+00,    9.1000517243E+01
     94950,      0.676935,CP10_after_neg_clamp,   1,    0.0000000000E+00,    9.1000517243E+01,    9.1000517243E+01,    0.0000000000E+00,    0.0000000000E+00,    0.0000000000E+00,    9.1000517243E+01
     94950,      0.676935,CP11_after_MPI,   1,    0.0000000000E+00,    9.1000517243E+01,    9.1000517243E+01,    0.0000000000E+00,    0.0000000000E+00,    0.0000000000E+00,    9.1000517243E+01
     94950,      0.676935,CP12_end,   1,    0.0000000000E+00,    9.1000517243E+01,    9.1000517243E+01,    0.0000000000E+00,    0.0000000000E+00,    0.0000000000E+00,    9.1000517243E+01
     95000,      0.676935,CP0_start,   1,    0.0000000000E+00,    9.1075808454E+01,    9.1075808454E+01,    0.0000000000E+00,    0.0000000000E+00,    0.0000000000E+00,    9.1075808454E+01
     95000,      0.676935,CP1_after_deposition,   1,    0.0000000000E+00,    9.1075808454E+01,    9.1075808454E+01,    0.0000000000E+00,    0.0000000000E+00,    0.0000000000E+00,    9.1075808454E+01
     95000,      0.676935,CP2_after_erosion,   1,    0.0000000000E+00,    9.1075808454E+01,    9.1075808454E+01,    0.0000000000E+00,    0.0000000000E+00,    0.0000000000E+00,    9.1075808454E+01
     95000,      0.676935,CP3_after_update_bottom,   1,    0.0000000000E+00,    9.1075808454E+01,    9.1075808454E+01,    0.0000000000E+00,    0.0000000000E+00,    0.0000000000E+00,    9.1075808454E+01
     95000,      0.676935,CP4_after_advection,   1,    0.0000000000E+00,    9.1076176868E+01,    9.1076176868E+01,    0.0000000000E+00,    0.0000000000E+00,    0.0000000000E+00,    9.1076176868E+01
     95000,      0.676935,CP5_after_vdif,   1,    0.0000000000E+00,    9.1076176868E+01,    9.1076176868E+01,    0.0000000000E+00,    0.0000000000E+00,    0.0000000000E+00,    9.1076176868E+01
     95000,      0.676935,CP6_after_kinetics,   1,    0.0000000000E+00,    9.1076176868E+01,    9.1076176868E+01,    0.0000000000E+00,    0.0000000000E+00,    0.0000000000E+00,    9.1076176868E+01
     95000,      0.676935,CP7_after_upper_clamp,   1,    0.0000000000E+00,    9.1076176868E+01,    9.1076176868E+01,    0.0000000000E+00,    0.0000000000E+00,    0.0000000000E+00,    9.1076176868E+01
     95000,      0.676935,CP8_after_OBC,   1,    0.0000000000E+00,    9.1076176868E+01,    9.1076176868E+01,    0.0000000000E+00,    0.0000000000E+00,    0.0000000000E+00,    9.1076176868E+01
     95000,      0.676935,CP9_after_PTsource,   1,    0.0000000000E+00,    9.1076176868E+01,    9.1076176868E+01,    0.0000000000E+00,    0.0000000000E+00,    0.0000000000E+00,    9.1076176868E+01
     95000,      0.676935,CP10_after_neg_clamp,   1,    0.0000000000E+00,    9.1076176868E+01,    9.1076176868E+01,    0.0000000000E+00,    0.0000000000E+00,    0.0000000000E+00,    9.1076176868E+01
     95000,      0.676935,CP11_after_MPI,   1,    0.0000000000E+00,    9.1076176868E+01,    9.1076176868E+01,    0.0000000000E+00,    0.0000000000E+00,    0.0000000000E+00,    9.1076176868E+01
     95000,      0.676935,CP12_end,   1,    0.0000000000E+00,    9.1076176868E+01,    9.1076176868E+01,    0.0000000000E+00,    0.0000000000E+00,    0.0000000000E+00,    9.1076176868E+01
     95050,      0.676935,CP0_start,   1,    0.0000000000E+00,    9.1151435660E+01,    9.1151435660E+01,    0.0000000000E+00,    0.0000000000E+00,    0.0000000000E+00,    9.1151435660E+01
     95050,      0.676935,CP1_after_deposition,   1,    0.0000000000E+00,    9.1151435660E+01,    9.1151435660E+01,    0.0000000000E+00,    0.0000000000E+00,    0.0000000000E+00,    9.1151435660E+01
     95050,      0.676935,CP2_after_erosion,   1,    0.0000000000E+00,    9.1151435660E+01,    9.1151435660E+01,    0.0000000000E+00,    0.0000000000E+00,    0.0000000000E+00,    9.1151435660E+01
     95050,      0.676935,CP3_after_update_bottom,   1,    0.0000000000E+00,    9.1151435660E+01,    9.1151435660E+01,    0.0000000000E+00,    0.0000000000E+00,    0.0000000000E+00,    9.1151435660E+01
     95050,      0.676935,CP4_after_advection,   1,    0.0000000000E+00,    9.1151849966E+01,    9.1151849966E+01,    0.0000000000E+00,    0.0000000000E+00,    0.0000000000E+00,    9.1151849966E+01
     95050,      0.676935,CP5_after_vdif,   1,    0.0000000000E+00,    9.1151849966E+01,    9.1151849966E+01,    0.0000000000E+00,    0.0000000000E+00,    0.0000000000E+00,    9.1151849966E+01
     95050,      0.676935,CP6_after_kinetics,   1,    0.0000000000E+00,    9.1151849966E+01,    9.1151849966E+01,    0.0000000000E+00,    0.0000000000E+00,    0.0000000000E+00,    9.1151849966E+01
     95050,      0.676935,CP7_after_upper_clamp,   1,    0.0000000000E+00,    9.1151849966E+01,    9.1151849966E+01,    0.0000000000E+00,    0.0000000000E+00,    0.0000000000E+00,    9.1151849966E+01
     95050,      0.676935,CP8_after_OBC,   1,    0.0000000000E+00,    9.1151849966E+01,    9.1151849966E+01,    0.0000000000E+00,    0.0000000000E+00,    0.0000000000E+00,    9.1151849966E+01
     95050,      0.676935,CP9_after_PTsource,   1,    0.0000000000E+00,    9.1151849966E+01,    9.1151849966E+01,    0.0000000000E+00,    0.0000000000E+00,    0.0000000000E+00,    9.1151849966E+01
     95050,      0.676935,CP10_after_neg_clamp,   1,    0.0000000000E+00,    9.1151849966E+01,    9.1151849966E+01,    0.0000000000E+00,    0.0000000000E+00,    0.0000000000E+00,    9.1151849966E+01
     95050,      0.676935,CP11_after_MPI,   1,    0.0000000000E+00,    9.1151849966E+01,    9.1151849966E+01,    0.0000000000E+00,    0.0000000000E+00,    0.0000000000E+00,    9.1151849966E+01
     95050,      0.676935,CP12_end,   1,    0.0000000000E+00,    9.1151849966E+01,    9.1151849966E+01,    0.0000000000E+00,    0.0000000000E+00,    0.0000000000E+00,    9.1151849966E+01
     95100,      0.676935,CP0_start,   1,    0.0000000000E+00,    9.1227211737E+01,    9.1227211737E+01,    0.0000000000E+00,    0.0000000000E+00,    0.0000000000E+00,    9.1227211737E+01
     95100,      0.676935,CP1_after_deposition,   1,    0.0000000000E+00,    9.1227211737E+01,    9.1227211737E+01,    0.0000000000E+00,    0.0000000000E+00,    0.0000000000E+00,    9.1227211737E+01
     95100,      0.676935,CP2_after_erosion,   1,    0.0000000000E+00,    9.1227211737E+01,    9.1227211737E+01,    0.0000000000E+00,    0.0000000000E+00,    0.0000000000E+00,    9.1227211737E+01
     95100,      0.676935,CP3_after_update_bottom,   1,    0.0000000000E+00,    9.1227211737E+01,    9.1227211737E+01,    0.0000000000E+00,    0.0000000000E+00,    0.0000000000E+00,    9.1227211737E+01
     95100,      0.676935,CP4_after_advection,   1,    0.0000000000E+00,    9.1227670899E+01,    9.1227670899E+01,    0.0000000000E+00,    0.0000000000E+00,    0.0000000000E+00,    9.1227670899E+01
     95100,      0.676935,CP5_after_vdif,   1,    0.0000000000E+00,    9.1227670899E+01,    9.1227670899E+01,    0.0000000000E+00,    0.0000000000E+00,    0.0000000000E+00,    9.1227670899E+01
     95100,      0.676935,CP6_after_kinetics,   1,    0.0000000000E+00,    9.1227670899E+01,    9.1227670899E+01,    0.0000000000E+00,    0.0000000000E+00,    0.0000000000E+00,    9.1227670899E+01
     95100,      0.676935,CP7_after_upper_clamp,   1,    0.0000000000E+00,    9.1227670899E+01,    9.1227670899E+01,    0.0000000000E+00,    0.0000000000E+00,    0.0000000000E+00,    9.1227670899E+01
     95100,      0.676935,CP8_after_OBC,   1,    0.0000000000E+00,    9.1227670899E+01,    9.1227670899E+01,    0.0000000000E+00,    0.0000000000E+00,    0.0000000000E+00,    9.1227670899E+01
     95100,      0.676935,CP9_after_PTsource,   1,    0.0000000000E+00,    9.1227670899E+01,    9.1227670899E+01,    0.0000000000E+00,    0.0000000000E+00,    0.0000000000E+00,    9.1227670899E+01
     95100,      0.676935,CP10_after_neg_clamp,   1,    0.0000000000E+00,    9.1227670899E+01,    9.1227670899E+01,    0.0000000000E+00,    0.0000000000E+00,    0.0000000000E+00,    9.1227670899E+01
     95100,      0.676935,CP11_after_MPI,   1,    0.0000000000E+00,    9.1227670899E+01,    9.1227670899E+01,    0.0000000000E+00,    0.0000000000E+00,    0.0000000000E+00,    9.1227670899E+01
     95100,      0.676935,CP12_end,   1,    0.0000000000E+00,    9.1227670899E+01,    9.1227670899E+01,    0.0000000000E+00,    0.0000000000E+00,    0.0000000000E+00,    9.1227670899E+01
     95150,      0.676935,CP0_start,   1,    0.0000000000E+00,    9.1303190581E+01,    9.1303190581E+01,    0.0000000000E+00,    0.0000000000E+00,    0.0000000000E+00,    9.1303190581E+01
     95150,      0.676935,CP1_after_deposition,   1,    0.0000000000E+00,    9.1303190581E+01,    9.1303190581E+01,    0.0000000000E+00,    0.0000000000E+00,    0.0000000000E+00,    9.1303190581E+01
     95150,      0.676935,CP2_after_erosion,   1,    0.0000000000E+00,    9.1303190581E+01,    9.1303190581E+01,    0.0000000000E+00,    0.0000000000E+00,    0.0000000000E+00,    9.1303190581E+01
     95150,      0.676935,CP3_after_update_bottom,   1,    0.0000000000E+00,    9.1303190581E+01,    9.1303190581E+01,    0.0000000000E+00,    0.0000000000E+00,    0.0000000000E+00,    9.1303190581E+01
     95150,      0.676935,CP4_after_advection,   1,    0.0000000000E+00,    9.1303703155E+01,    9.1303703155E+01,    0.0000000000E+00,    0.0000000000E+00,    0.0000000000E+00,    9.1303703155E+01
     95150,      0.676935,CP5_after_vdif,   1,    0.0000000000E+00,    9.1303703155E+01,    9.1303703155E+01,    0.0000000000E+00,    0.0000000000E+00,    0.0000000000E+00,    9.1303703155E+01
     95150,      0.676935,CP6_after_kinetics,   1,    0.0000000000E+00,    9.1303703155E+01,    9.1303703155E+01,    0.0000000000E+00,    0.0000000000E+00,    0.0000000000E+00,    9.1303703155E+01
     95150,      0.676935,CP7_after_upper_clamp,   1,    0.0000000000E+00,    9.1303703155E+01,    9.1303703155E+01,    0.0000000000E+00,    0.0000000000E+00,    0.0000000000E+00,    9.1303703155E+01
     95150,      0.676935,CP8_after_OBC,   1,    0.0000000000E+00,    9.1303703155E+01,    9.1303703155E+01,    0.0000000000E+00,    0.0000000000E+00,    0.0000000000E+00,    9.1303703155E+01
     95150,      0.676935,CP9_after_PTsource,   1,    0.0000000000E+00,    9.1303703155E+01,    9.1303703155E+01,    0.0000000000E+00,    0.0000000000E+00,    0.0000000000E+00,    9.1303703155E+01
     95150,      0.676935,CP10_after_neg_clamp,   1,    0.0000000000E+00,    9.1303703155E+01,    9.1303703155E+01,    0.0000000000E+00,    0.0000000000E+00,    0.0000000000E+00,    9.1303703155E+01
     95150,      0.676935,CP11_after_MPI,   1,    0.0000000000E+00,    9.1303703155E+01,    9.1303703155E+01,    0.0000000000E+00,    0.0000000000E+00,    0.0000000000E+00,    9.1303703155E+01
     95150,      0.676935,CP12_end,   1,    0.0000000000E+00,    9.1303703155E+01,    9.1303703155E+01,    0.0000000000E+00,    0.0000000000E+00,    0.0000000000E+00,    9.1303703155E+01
     95200,      0.676935,CP0_start,   1,    0.0000000000E+00,    9.1379492621E+01,    9.1379492621E+01,    0.0000000000E+00,    0.0000000000E+00,    0.0000000000E+00,    9.1379492621E+01
     95200,      0.676935,CP1_after_deposition,   1,    0.0000000000E+00,    9.1379492621E+01,    9.1379492621E+01,    0.0000000000E+00,    0.0000000000E+00,    0.0000000000E+00,    9.1379492621E+01
     95200,      0.676935,CP2_after_erosion,   1,    0.0000000000E+00,    9.1379492621E+01,    9.1379492621E+01,    0.0000000000E+00,    0.0000000000E+00,    0.0000000000E+00,    9.1379492621E+01
     95200,      0.676935,CP3_after_update_bottom,   1,    0.0000000000E+00,    9.1379492621E+01,    9.1379492621E+01,    0.0000000000E+00,    0.0000000000E+00,    0.0000000000E+00,    9.1379492621E+01
     95200,      0.676935,CP4_after_advection,   1,    0.0000000000E+00,    9.1380054677E+01,    9.1380054677E+01,    0.0000000000E+00,    0.0000000000E+00,    0.0000000000E+00,    9.1380054677E+01
     95200,      0.676935,CP5_after_vdif,   1,    0.0000000000E+00,    9.1380054677E+01,    9.1380054677E+01,    0.0000000000E+00,    0.0000000000E+00,    0.0000000000E+00,    9.1380054677E+01
     95200,      0.676935,CP6_after_kinetics,   1,    0.0000000000E+00,    9.1380054677E+01,    9.1380054677E+01,    0.0000000000E+00,    0.0000000000E+00,    0.0000000000E+00,    9.1380054677E+01
     95200,      0.676935,CP7_after_upper_clamp,   1,    0.0000000000E+00,    9.1380054677E+01,    9.1380054677E+01,    0.0000000000E+00,    0.0000000000E+00,    0.0000000000E+00,    9.1380054677E+01
     95200,      0.676935,CP8_after_OBC,   1,    0.0000000000E+00,    9.1380054677E+01,    9.1380054677E+01,    0.0000000000E+00,    0.0000000000E+00,    0.0000000000E+00,    9.1380054677E+01
     95200,      0.676935,CP9_after_PTsource,   1,    0.0000000000E+00,    9.1380054677E+01,    9.1380054677E+01,    0.0000000000E+00,    0.0000000000E+00,    0.0000000000E+00,    9.1380054677E+01
     95200,      0.676935,CP10_after_neg_clamp,   1,    0.0000000000E+00,    9.1380054677E+01,    9.1380054677E+01,    0.0000000000E+00,    0.0000000000E+00,    0.0000000000E+00,    9.1380054677E+01
     95200,      0.676935,CP11_after_MPI,   1,    0.0000000000E+00,    9.1380054677E+01,    9.1380054677E+01,    0.0000000000E+00,    0.0000000000E+00,    0.0000000000E+00,    9.1380054677E+01
     95200,      0.676935,CP12_end,   1,    0.0000000000E+00,    9.1380054677E+01,    9.1380054677E+01,    0.0000000000E+00,    0.0000000000E+00,    0.0000000000E+00,    9.1380054677E+01
     95250,      0.676935,CP0_start,   1,    0.0000000000E+00,    9.1456197458E+01,    9.1456197458E+01,    0.0000000000E+00,    0.0000000000E+00,    0.0000000000E+00,    9.1456197458E+01
     95250,      0.676935,CP1_after_deposition,   1,    0.0000000000E+00,    9.1456197458E+01,    9.1456197458E+01,    0.0000000000E+00,    0.0000000000E+00,    0.0000000000E+00,    9.1456197458E+01
     95250,      0.676935,CP2_after_erosion,   1,                 NaN,                 NaN,                 NaN,    0.0000000000E+00,    0.0000000000E+00,    0.0000000000E+00,                 NaN
     95250,      0.676935,CP3_after_update_bottom,   1,                 NaN,                 NaN,                 NaN,    0.0000000000E+00,    0.0000000000E+00,    0.0000000000E+00,                 NaN
     95250,      0.676935,CP4_after_advection,   1,                 NaN,                 NaN,                 NaN,    0.0000000000E+00,    0.0000000000E+00,    0.0000000000E+00,                 NaN
     95250,      0.676935,CP5_after_vdif,   1,                 NaN,                 NaN,                 NaN,    0.0000000000E+00,    0.0000000000E+00,    0.0000000000E+00,                 NaN
     95250,      0.676935,CP6_after_kinetics,   1,                 NaN,                 NaN,                 NaN,    0.0000000000E+00,    0.0000000000E+00,    0.0000000000E+00,                 NaN
     95250,      0.676935,CP7_after_upper_clamp,   1,                 NaN,                 NaN,                 NaN,    0.0000000000E+00,    0.0000000000E+00,    0.0000000000E+00,                 NaN
     95250,      0.676935,CP8_after_OBC,   1,                 NaN,                 NaN,                 NaN,    0.0000000000E+00,    0.0000000000E+00,    0.0000000000E+00,                 NaN
     95250,      0.676935,CP9_after_PTsource,   1,                 NaN,                 NaN,                 NaN,    0.0000000000E+00,    0.0000000000E+00,    0.0000000000E+00,                 NaN
     95250,      0.676935,CP10_after_neg_clamp,   1,    0.0000000000E+00,    9.1456808601E+01,    9.1456808601E+01,    0.0000000000E+00,    0.0000000000E+00,    0.0000000000E+00,    9.1456808601E+01
     95250,      0.676935,CP11_after_MPI,   1,    0.0000000000E+00,    9.1456808601E+01,    9.1456808601E+01,    0.0000000000E+00,    0.0000000000E+00,    0.0000000000E+00,    9.1456808601E+01
     95250,      0.676935,CP12_end,   1,    0.0000000000E+00,    9.1456808601E+01,    9.1456808601E+01,    0.0000000000E+00,    0.0000000000E+00,    0.0000000000E+00,    9.1456808601E+01
     95300,      0.676935,CP0_start,   1,    0.0000000000E+00,    9.1533342957E+01,    9.1533342957E+01,    0.0000000000E+00,    0.0000000000E+00,    0.0000000000E+00,    9.1533342957E+01
     95300,      0.676935,CP1_after_deposition,   1,    0.0000000000E+00,    9.1533342957E+01,    9.1533342957E+01,    0.0000000000E+00,    0.0000000000E+00,    0.0000000000E+00,    9.1533342957E+01
     95300,      0.676935,CP2_after_erosion,   1,    0.0000000000E+00,    9.1533342957E+01,    9.1533342957E+01,    0.0000000000E+00,    0.0000000000E+00,    0.0000000000E+00,    9.1533342957E+01
     95300,      0.676935,CP3_after_update_bottom,   1,    0.0000000000E+00,    9.1533342957E+01,    9.1533342957E+01,    0.0000000000E+00,    0.0000000000E+00,    0.0000000000E+00,    9.1533342957E+01
     95300,      0.676935,CP4_after_advection,   1,    0.0000000000E+00,    9.1534006365E+01,    9.1534006365E+01,    0.0000000000E+00,    0.0000000000E+00,    0.0000000000E+00,    9.1534006365E+01
     95300,      0.676935,CP5_after_vdif,   1,    0.0000000000E+00,    9.1534006365E+01,    9.1534006365E+01,    0.0000000000E+00,    0.0000000000E+00,    0.0000000000E+00,    9.1534006365E+01
     95300,      0.676935,CP6_after_kinetics,   1,    0.0000000000E+00,    9.1534006365E+01,    9.1534006365E+01,    0.0000000000E+00,    0.0000000000E+00,    0.0000000000E+00,    9.1534006365E+01
     95300,      0.676935,CP7_after_upper_clamp,   1,    0.0000000000E+00,    9.1534006365E+01,    9.1534006365E+01,    0.0000000000E+00,    0.0000000000E+00,    0.0000000000E+00,    9.1534006365E+01
     95300,      0.676935,CP8_after_OBC,   1,    0.0000000000E+00,    9.1534006365E+01,    9.1534006365E+01,    0.0000000000E+00,    0.0000000000E+00,    0.0000000000E+00,    9.1534006365E+01
     95300,      0.676935,CP9_after_PTsource,   1,    0.0000000000E+00,    9.1534006365E+01,    9.1534006365E+01,    0.0000000000E+00,    0.0000000000E+00,    0.0000000000E+00,    9.1534006365E+01
     95300,      0.676935,CP10_after_neg_clamp,   1,    0.0000000000E+00,    9.1534006365E+01,    9.1534006365E+01,    0.0000000000E+00,    0.0000000000E+00,    0.0000000000E+00,    9.1534006365E+01
     95300,      0.676935,CP11_after_MPI,   1,    0.0000000000E+00,    9.1534006365E+01,    9.1534006365E+01,    0.0000000000E+00,    0.0000000000E+00,    0.0000000000E+00,    9.1534006365E+01
     95300,      0.676935,CP12_end,   1,    0.0000000000E+00,    9.1534006365E+01,    9.1534006365E+01,    0.0000000000E+00,    0.0000000000E+00,    0.0000000000E+00,    9.1534006365E+01
     95350,      0.676935,CP0_start,   1,    0.0000000000E+00,    9.1611064419E+01,    9.1611064419E+01,    0.0000000000E+00,    0.0000000000E+00,    0.0000000000E+00,    9.1611064419E+01
     95350,      0.676935,CP1_after_deposition,   1,    0.0000000000E+00,    9.1611064419E+01,    9.1611064419E+01,    0.0000000000E+00,    0.0000000000E+00,    0.0000000000E+00,    9.1611064419E+01
     95350,      0.676935,CP2_after_erosion,   1,    0.0000000000E+00,    9.1611064419E+01,    9.1611064419E+01,    0.0000000000E+00,    0.0000000000E+00,    0.0000000000E+00,    9.1611064419E+01
     95350,      0.676935,CP3_after_update_bottom,   1,    0.0000000000E+00,    9.1611064419E+01,    9.1611064419E+01,    0.0000000000E+00,    0.0000000000E+00,    0.0000000000E+00,    9.1611064419E+01
     95350,      0.676935,CP4_after_advection,   1,    0.0000000000E+00,    9.1611783948E+01,    9.1611783948E+01,    0.0000000000E+00,    0.0000000000E+00,    0.0000000000E+00,    9.1611783948E+01
     95350,      0.676935,CP5_after_vdif,   1,    0.0000000000E+00,    9.1611783948E+01,    9.1611783948E+01,    0.0000000000E+00,    0.0000000000E+00,    0.0000000000E+00,    9.1611783948E+01
     95350,      0.676935,CP6_after_kinetics,   1,    0.0000000000E+00,    9.1611783948E+01,    9.1611783948E+01,    0.0000000000E+00,    0.0000000000E+00,    0.0000000000E+00,    9.1611783948E+01
     95350,      0.676935,CP7_after_upper_clamp,   1,    0.0000000000E+00,    9.1611783948E+01,    9.1611783948E+01,    0.0000000000E+00,    0.0000000000E+00,    0.0000000000E+00,    9.1611783948E+01
     95350,      0.676935,CP8_after_OBC,   1,    0.0000000000E+00,    9.1611783948E+01,    9.1611783948E+01,    0.0000000000E+00,    0.0000000000E+00,    0.0000000000E+00,    9.1611783948E+01
     95350,      0.676935,CP9_after_PTsource,   1,    0.0000000000E+00,    9.1611783948E+01,    9.1611783948E+01,    0.0000000000E+00,    0.0000000000E+00,    0.0000000000E+00,    9.1611783948E+01
     95350,      0.676935,CP10_after_neg_clamp,   1,    0.0000000000E+00,    9.1611783948E+01,    9.1611783948E+01,    0.0000000000E+00,    0.0000000000E+00,    0.0000000000E+00,    9.1611783948E+01
     95350,      0.676935,CP11_after_MPI,   1,    0.0000000000E+00,    9.1611783948E+01,    9.1611783948E+01,    0.0000000000E+00,    0.0000000000E+00,    0.0000000000E+00,    9.1611783948E+01
     95350,      0.676935,CP12_end,   1,    0.0000000000E+00,    9.1611783948E+01,    9.1611783948E+01,    0.0000000000E+00,    0.0000000000E+00,    0.0000000000E+00,    9.1611783948E+01
     95400,      0.676935,CP0_start,   1,    0.0000000000E+00,    9.1689353100E+01,    9.1689353100E+01,    0.0000000000E+00,    0.0000000000E+00,    0.0000000000E+00,    9.1689353100E+01
     95400,      0.676935,CP1_after_deposition,   1,    0.0000000000E+00,    9.1689353100E+01,    9.1689353100E+01,    0.0000000000E+00,    0.0000000000E+00,    0.0000000000E+00,    9.1689353100E+01
     95400,      0.676935,CP2_after_erosion,   1,    0.0000000000E+00,    9.1689353100E+01,    9.1689353100E+01,    0.0000000000E+00,    0.0000000000E+00,    0.0000000000E+00,    9.1689353100E+01
     95400,      0.676935,CP3_after_update_bottom,   1,    0.0000000000E+00,    9.1689353100E+01,    9.1689353100E+01,    0.0000000000E+00,    0.0000000000E+00,    0.0000000000E+00,    9.1689353100E+01
     95400,      0.676935,CP4_after_advection,   1,    0.0000000000E+00,    9.1690133181E+01,    9.1690133181E+01,    0.0000000000E+00,    0.0000000000E+00,    0.0000000000E+00,    9.1690133181E+01
     95400,      0.676935,CP5_after_vdif,   1,    0.0000000000E+00,    9.1690133181E+01,    9.1690133181E+01,    0.0000000000E+00,    0.0000000000E+00,    0.0000000000E+00,    9.1690133181E+01
     95400,      0.676935,CP6_after_kinetics,   1,    0.0000000000E+00,    9.1690133181E+01,    9.1690133181E+01,    0.0000000000E+00,    0.0000000000E+00,    0.0000000000E+00,    9.1690133181E+01
     95400,      0.676935,CP7_after_upper_clamp,   1,    0.0000000000E+00,    9.1690133181E+01,    9.1690133181E+01,    0.0000000000E+00,    0.0000000000E+00,    0.0000000000E+00,    9.1690133181E+01
     95400,      0.676935,CP8_after_OBC,   1,    0.0000000000E+00,    9.1690133181E+01,    9.1690133181E+01,    0.0000000000E+00,    0.0000000000E+00,    0.0000000000E+00,    9.1690133181E+01
     95400,      0.676935,CP9_after_PTsource,   1,    0.0000000000E+00,    9.1690133181E+01,    9.1690133181E+01,    0.0000000000E+00,    0.0000000000E+00,    0.0000000000E+00,    9.1690133181E+01
     95400,      0.676935,CP10_after_neg_clamp,   1,    0.0000000000E+00,    9.1690133181E+01,    9.1690133181E+01,    0.0000000000E+00,    0.0000000000E+00,    0.0000000000E+00,    9.1690133181E+01
     95400,      0.676935,CP11_after_MPI,   1,    0.0000000000E+00,    9.1690133181E+01,    9.1690133181E+01,    0.0000000000E+00,    0.0000000000E+00,    0.0000000000E+00,    9.1690133181E+01
     95400,      0.676935,CP12_end,   1,    0.0000000000E+00,    9.1690133181E+01,    9.1690133181E+01,    0.0000000000E+00,    0.0000000000E+00,    0.0000000000E+00,    9.1690133181E+01
     95450,      0.676935,CP0_start,   1,    0.0000000000E+00,    9.1768345381E+01,    9.1768345381E+01,    0.0000000000E+00,    0.0000000000E+00,    0.0000000000E+00,    9.1768345381E+01
     95450,      0.676935,CP1_after_deposition,   1,    0.0000000000E+00,    9.1768345381E+01,    9.1768345381E+01,    0.0000000000E+00,    0.0000000000E+00,    0.0000000000E+00,    9.1768345381E+01
     95450,      0.676935,CP2_after_erosion,   1,    0.0000000000E+00,    9.1768345381E+01,    9.1768345381E+01,    0.0000000000E+00,    0.0000000000E+00,    0.0000000000E+00,    9.1768345381E+01
     95450,      0.676935,CP3_after_update_bottom,   1,    0.0000000000E+00,    9.1768345381E+01,    9.1768345381E+01,    0.0000000000E+00,    0.0000000000E+00,    0.0000000000E+00,    9.1768345381E+01
     95450,      0.676935,CP4_after_advection,   1,    0.0000000000E+00,    9.1769180716E+01,    9.1769180716E+01,    0.0000000000E+00,    0.0000000000E+00,    0.0000000000E+00,    9.1769180716E+01
     95450,      0.676935,CP5_after_vdif,   1,    0.0000000000E+00,    9.1769180716E+01,    9.1769180716E+01,    0.0000000000E+00,    0.0000000000E+00,    0.0000000000E+00,    9.1769180716E+01
     95450,      0.676935,CP6_after_kinetics,   1,    0.0000000000E+00,    9.1769180716E+01,    9.1769180716E+01,    0.0000000000E+00,    0.0000000000E+00,    0.0000000000E+00,    9.1769180716E+01
     95450,      0.676935,CP7_after_upper_clamp,   1,    0.0000000000E+00,    9.1769180716E+01,    9.1769180716E+01,    0.0000000000E+00,    0.0000000000E+00,    0.0000000000E+00,    9.1769180716E+01
     95450,      0.676935,CP8_after_OBC,   1,    0.0000000000E+00,    9.1769180716E+01,    9.1769180716E+01,    0.0000000000E+00,    0.0000000000E+00,    0.0000000000E+00,    9.1769180716E+01
     95450,      0.676935,CP9_after_PTsource,   1,    0.0000000000E+00,    9.1769180716E+01,    9.1769180716E+01,    0.0000000000E+00,    0.0000000000E+00,    0.0000000000E+00,    9.1769180716E+01
     95450,      0.676935,CP10_after_neg_clamp,   1,    0.0000000000E+00,    9.1769180716E+01,    9.1769180716E+01,    0.0000000000E+00,    0.0000000000E+00,    0.0000000000E+00,    9.1769180716E+01
     95450,      0.676935,CP11_after_MPI,   1,    0.0000000000E+00,    9.1769180716E+01,    9.1769180716E+01,    0.0000000000E+00,    0.0000000000E+00,    0.0000000000E+00,    9.1769180716E+01
     95450,      0.676935,CP12_end,   1,    0.0000000000E+00,    9.1769180716E+01,    9.1769180716E+01,    0.0000000000E+00,    0.0000000000E+00,    0.0000000000E+00,    9.1769180716E+01
     95500,      0.676935,CP0_start,   1,    0.0000000000E+00,    9.1848072060E+01,    9.1848072060E+01,    0.0000000000E+00,    0.0000000000E+00,    0.0000000000E+00,    9.1848072060E+01
     95500,      0.676935,CP1_after_deposition,   1,    0.0000000000E+00,    9.1848072060E+01,    9.1848072060E+01,    0.0000000000E+00,    0.0000000000E+00,    0.0000000000E+00,    9.1848072060E+01
     95500,      0.676935,CP2_after_erosion,   1,    0.0000000000E+00,    9.1848072060E+01,    9.1848072060E+01,    0.0000000000E+00,    0.0000000000E+00,    0.0000000000E+00,    9.1848072060E+01
     95500,      0.676935,CP3_after_update_bottom,   1,    0.0000000000E+00,    9.1848072060E+01,    9.1848072060E+01,    0.0000000000E+00,    0.0000000000E+00,    0.0000000000E+00,    9.1848072060E+01
     95500,      0.676935,CP4_after_advection,   1,    0.0000000000E+00,    9.1848968652E+01,    9.1848968652E+01,    0.0000000000E+00,    0.0000000000E+00,    0.0000000000E+00,    9.1848968652E+01
     95500,      0.676935,CP5_after_vdif,   1,    0.0000000000E+00,    9.1848968652E+01,    9.1848968652E+01,    0.0000000000E+00,    0.0000000000E+00,    0.0000000000E+00,    9.1848968652E+01
     95500,      0.676935,CP6_after_kinetics,   1,    0.0000000000E+00,    9.1848968652E+01,    9.1848968652E+01,    0.0000000000E+00,    0.0000000000E+00,    0.0000000000E+00,    9.1848968652E+01
     95500,      0.676935,CP7_after_upper_clamp,   1,    0.0000000000E+00,    9.1848968652E+01,    9.1848968652E+01,    0.0000000000E+00,    0.0000000000E+00,    0.0000000000E+00,    9.1848968652E+01
     95500,      0.676935,CP8_after_OBC,   1,    0.0000000000E+00,    9.1848968652E+01,    9.1848968652E+01,    0.0000000000E+00,    0.0000000000E+00,    0.0000000000E+00,    9.1848968652E+01
     95500,      0.676935,CP9_after_PTsource,   1,    0.0000000000E+00,    9.1848968652E+01,    9.1848968652E+01,    0.0000000000E+00,    0.0000000000E+00,    0.0000000000E+00,    9.1848968652E+01
     95500,      0.676935,CP10_after_neg_clamp,   1,    0.0000000000E+00,    9.1848968652E+01,    9.1848968652E+01,    0.0000000000E+00,    0.0000000000E+00,    0.0000000000E+00,    9.1848968652E+01
     95500,      0.676935,CP11_after_MPI,   1,    0.0000000000E+00,    9.1848968652E+01,    9.1848968652E+01,    0.0000000000E+00,    0.0000000000E+00,    0.0000000000E+00,    9.1848968652E+01
     95500,      0.676935,CP12_end,   1,    0.0000000000E+00,    9.1848968652E+01,    9.1848968652E+01,    0.0000000000E+00,    0.0000000000E+00,    0.0000000000E+00,    9.1848968652E+01
     95550,      0.676935,CP0_start,   1,    0.0000000000E+00,    9.1928562608E+01,    9.1928562608E+01,    0.0000000000E+00,    0.0000000000E+00,    0.0000000000E+00,    9.1928562608E+01
     95550,      0.676935,CP1_after_deposition,   1,    0.0000000000E+00,    9.1928562608E+01,    9.1928562608E+01,    0.0000000000E+00,    0.0000000000E+00,    0.0000000000E+00,    9.1928562608E+01
     95550,      0.676935,CP2_after_erosion,   1,    0.0000000000E+00,    9.1928562608E+01,    9.1928562608E+01,    0.0000000000E+00,    0.0000000000E+00,    0.0000000000E+00,    9.1928562608E+01
     95550,      0.676935,CP3_after_update_bottom,   1,    0.0000000000E+00,    9.1928562608E+01,    9.1928562608E+01,    0.0000000000E+00,    0.0000000000E+00,    0.0000000000E+00,    9.1928562608E+01
     95550,      0.676935,CP4_after_advection,   1,    0.0000000000E+00,    9.1929520078E+01,    9.1929520078E+01,    0.0000000000E+00,    0.0000000000E+00,    0.0000000000E+00,    9.1929520078E+01
     95550,      0.676935,CP5_after_vdif,   1,    0.0000000000E+00,    9.1929520078E+01,    9.1929520078E+01,    0.0000000000E+00,    0.0000000000E+00,    0.0000000000E+00,    9.1929520078E+01
     95550,      0.676935,CP6_after_kinetics,   1,    0.0000000000E+00,    9.1929520078E+01,    9.1929520078E+01,    0.0000000000E+00,    0.0000000000E+00,    0.0000000000E+00,    9.1929520078E+01
     95550,      0.676935,CP7_after_upper_clamp,   1,    0.0000000000E+00,    9.1929520078E+01,    9.1929520078E+01,    0.0000000000E+00,    0.0000000000E+00,    0.0000000000E+00,    9.1929520078E+01
     95550,      0.676935,CP8_after_OBC,   1,    0.0000000000E+00,    9.1929520078E+01,    9.1929520078E+01,    0.0000000000E+00,    0.0000000000E+00,    0.0000000000E+00,    9.1929520078E+01
     95550,      0.676935,CP9_after_PTsource,   1,    0.0000000000E+00,    9.1929520078E+01,    9.1929520078E+01,    0.0000000000E+00,    0.0000000000E+00,    0.0000000000E+00,    9.1929520078E+01
     95550,      0.676935,CP10_after_neg_clamp,   1,    0.0000000000E+00,    9.1929520078E+01,    9.1929520078E+01,    0.0000000000E+00,    0.0000000000E+00,    0.0000000000E+00,    9.1929520078E+01
     95550,      0.676935,CP11_after_MPI,   1,    0.0000000000E+00,    9.1929520078E+01,    9.1929520078E+01,    0.0000000000E+00,    0.0000000000E+00,    0.0000000000E+00,    9.1929520078E+01
     95550,      0.676935,CP12_end,   1,    0.0000000000E+00,    9.1929520078E+01,    9.1929520078E+01,    0.0000000000E+00,    0.0000000000E+00,    0.0000000000E+00,    9.1929520078E+01
     95600,      0.676935,CP0_start,   1,    0.0000000000E+00,    9.2009771285E+01,    9.2009771285E+01,    0.0000000000E+00,    0.0000000000E+00,    0.0000000000E+00,    9.2009771285E+01
     95600,      0.676935,CP1_after_deposition,   1,    0.0000000000E+00,    9.2009771285E+01,    9.2009771285E+01,    0.0000000000E+00,    0.0000000000E+00,    0.0000000000E+00,    9.2009771285E+01
     95600,      0.676935,CP2_after_erosion,   1,    0.0000000000E+00,    9.2009771285E+01,    9.2009771285E+01,    0.0000000000E+00,    0.0000000000E+00,    0.0000000000E+00,    9.2009771285E+01
     95600,      0.676935,CP3_after_update_bottom,   1,    0.0000000000E+00,    9.2009771285E+01,    9.2009771285E+01,    0.0000000000E+00,    0.0000000000E+00,    0.0000000000E+00,    9.2009771285E+01
     95600,      0.676935,CP4_after_advection,   1,    0.0000000000E+00,    9.2010791182E+01,    9.2010791182E+01,    0.0000000000E+00,    0.0000000000E+00,    0.0000000000E+00,    9.2010791182E+01
     95600,      0.676935,CP5_after_vdif,   1,    0.0000000000E+00,    9.2010791182E+01,    9.2010791182E+01,    0.0000000000E+00,    0.0000000000E+00,    0.0000000000E+00,    9.2010791182E+01
     95600,      0.676935,CP6_after_kinetics,   1,    0.0000000000E+00,    9.2010791182E+01,    9.2010791182E+01,    0.0000000000E+00,    0.0000000000E+00,    0.0000000000E+00,    9.2010791182E+01
     95600,      0.676935,CP7_after_upper_clamp,   1,    0.0000000000E+00,    9.2010791182E+01,    9.2010791182E+01,    0.0000000000E+00,    0.0000000000E+00,    0.0000000000E+00,    9.2010791182E+01
     95600,      0.676935,CP8_after_OBC,   1,    0.0000000000E+00,    9.2010791182E+01,    9.2010791182E+01,    0.0000000000E+00,    0.0000000000E+00,    0.0000000000E+00,    9.2010791182E+01
     95600,      0.676935,CP9_after_PTsource,   1,    0.0000000000E+00,    9.2010791182E+01,    9.2010791182E+01,    0.0000000000E+00,    0.0000000000E+00,    0.0000000000E+00,    9.2010791182E+01
     95600,      0.676935,CP10_after_neg_clamp,   1,    0.0000000000E+00,    9.2010791182E+01,    9.2010791182E+01,    0.0000000000E+00,    0.0000000000E+00,    0.0000000000E+00,    9.2010791182E+01
     95600,      0.676935,CP11_after_MPI,   1,    0.0000000000E+00,    9.2010791182E+01,    9.2010791182E+01,    0.0000000000E+00,    0.0000000000E+00,    0.0000000000E+00,    9.2010791182E+01
     95600,      0.676935,CP12_end,   1,    0.0000000000E+00,    9.2010791182E+01,    9.2010791182E+01,    0.0000000000E+00,    0.0000000000E+00,    0.0000000000E+00,    9.2010791182E+01
     95650,      0.676935,CP0_start,   1,    0.0000000000E+00,    9.2091652621E+01,    9.2091652621E+01,    0.0000000000E+00,    0.0000000000E+00,    0.0000000000E+00,    9.2091652621E+01
     95650,      0.676935,CP1_after_deposition,   1,    0.0000000000E+00,    9.2091652621E+01,    9.2091652621E+01,    0.0000000000E+00,    0.0000000000E+00,    0.0000000000E+00,    9.2091652621E+01
     95650,      0.676935,CP2_after_erosion,   1,    0.0000000000E+00,    9.2091652621E+01,    9.2091652621E+01,    0.0000000000E+00,    0.0000000000E+00,    0.0000000000E+00,    9.2091652621E+01
     95650,      0.676935,CP3_after_update_bottom,   1,    0.0000000000E+00,    9.2091652621E+01,    9.2091652621E+01,    0.0000000000E+00,    0.0000000000E+00,    0.0000000000E+00,    9.2091652621E+01
     95650,      0.676935,CP4_after_advection,   1,    0.0000000000E+00,    9.2092733621E+01,    9.2092733621E+01,    0.0000000000E+00,    0.0000000000E+00,    0.0000000000E+00,    9.2092733621E+01
     95650,      0.676935,CP5_after_vdif,   1,    0.0000000000E+00,    9.2092733621E+01,    9.2092733621E+01,    0.0000000000E+00,    0.0000000000E+00,    0.0000000000E+00,    9.2092733621E+01
     95650,      0.676935,CP6_after_kinetics,   1,    0.0000000000E+00,    9.2092733621E+01,    9.2092733621E+01,    0.0000000000E+00,    0.0000000000E+00,    0.0000000000E+00,    9.2092733621E+01
     95650,      0.676935,CP7_after_upper_clamp,   1,    0.0000000000E+00,    9.2092733621E+01,    9.2092733621E+01,    0.0000000000E+00,    0.0000000000E+00,    0.0000000000E+00,    9.2092733621E+01
     95650,      0.676935,CP8_after_OBC,   1,    0.0000000000E+00,    9.2092733621E+01,    9.2092733621E+01,    0.0000000000E+00,    0.0000000000E+00,    0.0000000000E+00,    9.2092733621E+01
     95650,      0.676935,CP9_after_PTsource,   1,    0.0000000000E+00,    9.2092733621E+01,    9.2092733621E+01,    0.0000000000E+00,    0.0000000000E+00,    0.0000000000E+00,    9.2092733621E+01
     95650,      0.676935,CP10_after_neg_clamp,   1,    0.0000000000E+00,    9.2092733621E+01,    9.2092733621E+01,    0.0000000000E+00,    0.0000000000E+00,    0.0000000000E+00,    9.2092733621E+01
     95650,      0.676935,CP11_after_MPI,   1,    0.0000000000E+00,    9.2092733621E+01,    9.2092733621E+01,    0.0000000000E+00,    0.0000000000E+00,    0.0000000000E+00,    9.2092733621E+01
     95650,      0.676935,CP12_end,   1,    0.0000000000E+00,    9.2092733621E+01,    9.2092733621E+01,    0.0000000000E+00,    0.0000000000E+00,    0.0000000000E+00,    9.2092733621E+01
     95700,      0.676935,CP0_start,   1,    0.0000000000E+00,    9.2174094858E+01,    9.2174094858E+01,    0.0000000000E+00,    0.0000000000E+00,    0.0000000000E+00,    9.2174094858E+01
     95700,      0.676935,CP1_after_deposition,   1,    0.0000000000E+00,    9.2174094858E+01,    9.2174094858E+01,    0.0000000000E+00,    0.0000000000E+00,    0.0000000000E+00,    9.2174094858E+01
     95700,      0.676935,CP2_after_erosion,   1,    0.0000000000E+00,    9.2174094858E+01,    9.2174094858E+01,    0.0000000000E+00,    0.0000000000E+00,    0.0000000000E+00,    9.2174094858E+01
     95700,      0.676935,CP3_after_update_bottom,   1,    0.0000000000E+00,    9.2174094858E+01,    9.2174094858E+01,    0.0000000000E+00,    0.0000000000E+00,    0.0000000000E+00,    9.2174094858E+01
     95700,      0.676935,CP4_after_advection,   1,    0.0000000000E+00,    9.2175232583E+01,    9.2175232583E+01,    0.0000000000E+00,    0.0000000000E+00,    0.0000000000E+00,    9.2175232583E+01
     95700,      0.676935,CP5_after_vdif,   1,    0.0000000000E+00,    9.2175232583E+01,    9.2175232583E+01,    0.0000000000E+00,    0.0000000000E+00,    0.0000000000E+00,    9.2175232583E+01
     95700,      0.676935,CP6_after_kinetics,   1,    0.0000000000E+00,    9.2175232583E+01,    9.2175232583E+01,    0.0000000000E+00,    0.0000000000E+00,    0.0000000000E+00,    9.2175232583E+01
     95700,      0.676935,CP7_after_upper_clamp,   1,    0.0000000000E+00,    9.2175232583E+01,    9.2175232583E+01,    0.0000000000E+00,    0.0000000000E+00,    0.0000000000E+00,    9.2175232583E+01
     95700,      0.676935,CP8_after_OBC,   1,    0.0000000000E+00,    9.2175232583E+01,    9.2175232583E+01,    0.0000000000E+00,    0.0000000000E+00,    0.0000000000E+00,    9.2175232583E+01
     95700,      0.676935,CP9_after_PTsource,   1,    0.0000000000E+00,    9.2175232583E+01,    9.2175232583E+01,    0.0000000000E+00,    0.0000000000E+00,    0.0000000000E+00,    9.2175232583E+01
     95700,      0.676935,CP10_after_neg_clamp,   1,    0.0000000000E+00,    9.2175232583E+01,    9.2175232583E+01,    0.0000000000E+00,    0.0000000000E+00,    0.0000000000E+00,    9.2175232583E+01
     95700,      0.676935,CP11_after_MPI,   1,    0.0000000000E+00,    9.2175232583E+01,    9.2175232583E+01,    0.0000000000E+00,    0.0000000000E+00,    0.0000000000E+00,    9.2175232583E+01
     95700,      0.676935,CP12_end,   1,    0.0000000000E+00,    9.2175232583E+01,    9.2175232583E+01,    0.0000000000E+00,    0.0000000000E+00,    0.0000000000E+00,    9.2175232583E+01
     95750,      0.676935,CP0_start,   1,    0.0000000000E+00,    9.2256915546E+01,    9.2256915546E+01,    0.0000000000E+00,    0.0000000000E+00,    0.0000000000E+00,    9.2256915546E+01
     95750,      0.676935,CP1_after_deposition,   1,    0.0000000000E+00,    9.2256915546E+01,    9.2256915546E+01,    0.0000000000E+00,    0.0000000000E+00,    0.0000000000E+00,    9.2256915546E+01
     95750,      0.676935,CP2_after_erosion,   1,    0.0000000000E+00,    9.2256915546E+01,    9.2256915546E+01,    0.0000000000E+00,    0.0000000000E+00,    0.0000000000E+00,    9.2256915546E+01
     95750,      0.676935,CP3_after_update_bottom,   1,    0.0000000000E+00,    9.2256915546E+01,    9.2256915546E+01,    0.0000000000E+00,    0.0000000000E+00,    0.0000000000E+00,    9.2256915546E+01
     95750,      0.676935,CP4_after_advection,   1,    0.0000000000E+00,    9.2258108273E+01,    9.2258108273E+01,    0.0000000000E+00,    0.0000000000E+00,    0.0000000000E+00,    9.2258108273E+01
     95750,      0.676935,CP5_after_vdif,   1,    0.0000000000E+00,    9.2258108273E+01,    9.2258108273E+01,    0.0000000000E+00,    0.0000000000E+00,    0.0000000000E+00,    9.2258108273E+01
     95750,      0.676935,CP6_after_kinetics,   1,    0.0000000000E+00,    9.2258108273E+01,    9.2258108273E+01,    0.0000000000E+00,    0.0000000000E+00,    0.0000000000E+00,    9.2258108273E+01
     95750,      0.676935,CP7_after_upper_clamp,   1,    0.0000000000E+00,    9.2258108273E+01,    9.2258108273E+01,    0.0000000000E+00,    0.0000000000E+00,    0.0000000000E+00,    9.2258108273E+01
     95750,      0.676935,CP8_after_OBC,   1,    0.0000000000E+00,    9.2258108273E+01,    9.2258108273E+01,    0.0000000000E+00,    0.0000000000E+00,    0.0000000000E+00,    9.2258108273E+01
     95750,      0.676935,CP9_after_PTsource,   1,    0.0000000000E+00,    9.2258108273E+01,    9.2258108273E+01,    0.0000000000E+00,    0.0000000000E+00,    0.0000000000E+00,    9.2258108273E+01
     95750,      0.676935,CP10_after_neg_clamp,   1,    0.0000000000E+00,    9.2258108273E+01,    9.2258108273E+01,    0.0000000000E+00,    0.0000000000E+00,    0.0000000000E+00,    9.2258108273E+01
     95750,      0.676935,CP11_after_MPI,   1,    0.0000000000E+00,    9.2258108273E+01,    9.2258108273E+01,    0.0000000000E+00,    0.0000000000E+00,    0.0000000000E+00,    9.2258108273E+01
     95750,      0.676935,CP12_end,   1,    0.0000000000E+00,    9.2258108273E+01,    9.2258108273E+01,    0.0000000000E+00,    0.0000000000E+00,    0.0000000000E+00,    9.2258108273E+01
     95800,      0.676935,CP0_start,   1,    0.0000000000E+00,    9.2339972018E+01,    9.2339972018E+01,    0.0000000000E+00,    0.0000000000E+00,    0.0000000000E+00,    9.2339972018E+01
     95800,      0.676935,CP1_after_deposition,   1,    0.0000000000E+00,    9.2339972018E+01,    9.2339972018E+01,    0.0000000000E+00,    0.0000000000E+00,    0.0000000000E+00,    9.2339972018E+01
     95800,      0.676935,CP2_after_erosion,   1,    0.0000000000E+00,    9.2339972018E+01,    9.2339972018E+01,    0.0000000000E+00,    0.0000000000E+00,    0.0000000000E+00,    9.2339972018E+01
     95800,      0.676935,CP3_after_update_bottom,   1,    0.0000000000E+00,    9.2339972018E+01,    9.2339972018E+01,    0.0000000000E+00,    0.0000000000E+00,    0.0000000000E+00,    9.2339972018E+01
     95800,      0.676935,CP4_after_advection,   1,    0.0000000000E+00,    9.2341218311E+01,    9.2341218311E+01,    0.0000000000E+00,    0.0000000000E+00,    0.0000000000E+00,    9.2341218311E+01
     95800,      0.676935,CP5_after_vdif,   1,    0.0000000000E+00,    9.2341218311E+01,    9.2341218311E+01,    0.0000000000E+00,    0.0000000000E+00,    0.0000000000E+00,    9.2341218311E+01
     95800,      0.676935,CP6_after_kinetics,   1,    0.0000000000E+00,    9.2341218311E+01,    9.2341218311E+01,    0.0000000000E+00,    0.0000000000E+00,    0.0000000000E+00,    9.2341218311E+01
     95800,      0.676935,CP7_after_upper_clamp,   1,    0.0000000000E+00,    9.2341218311E+01,    9.2341218311E+01,    0.0000000000E+00,    0.0000000000E+00,    0.0000000000E+00,    9.2341218311E+01
     95800,      0.676935,CP8_after_OBC,   1,    0.0000000000E+00,    9.2341218311E+01,    9.2341218311E+01,    0.0000000000E+00,    0.0000000000E+00,    0.0000000000E+00,    9.2341218311E+01
     95800,      0.676935,CP9_after_PTsource,   1,    0.0000000000E+00,    9.2341218311E+01,    9.2341218311E+01,    0.0000000000E+00,    0.0000000000E+00,    0.0000000000E+00,    9.2341218311E+01
     95800,      0.676935,CP10_after_neg_clamp,   1,    0.0000000000E+00,    9.2341218311E+01,    9.2341218311E+01,    0.0000000000E+00,    0.0000000000E+00,    0.0000000000E+00,    9.2341218311E+01
     95800,      0.676935,CP11_after_MPI,   1,    0.0000000000E+00,    9.2341218311E+01,    9.2341218311E+01,    0.0000000000E+00,    0.0000000000E+00,    0.0000000000E+00,    9.2341218311E+01
     95800,      0.676935,CP12_end,   1,    0.0000000000E+00,    9.2341218311E+01,    9.2341218311E+01,    0.0000000000E+00,    0.0000000000E+00,    0.0000000000E+00,    9.2341218311E+01
     95850,      0.676935,CP0_start,   1,    0.0000000000E+00,    9.2423148014E+01,    9.2423148014E+01,    0.0000000000E+00,    0.0000000000E+00,    0.0000000000E+00,    9.2423148014E+01
     95850,      0.676935,CP1_after_deposition,   1,    0.0000000000E+00,    9.2423148014E+01,    9.2423148014E+01,    0.0000000000E+00,    0.0000000000E+00,    0.0000000000E+00,    9.2423148014E+01
     95850,      0.676935,CP2_after_erosion,   1,    0.0000000000E+00,    9.2423148014E+01,    9.2423148014E+01,    0.0000000000E+00,    0.0000000000E+00,    0.0000000000E+00,    9.2423148014E+01
     95850,      0.676935,CP3_after_update_bottom,   1,    0.0000000000E+00,    9.2423148014E+01,    9.2423148014E+01,    0.0000000000E+00,    0.0000000000E+00,    0.0000000000E+00,    9.2423148014E+01
     95850,      0.676935,CP4_after_advection,   1,    0.0000000000E+00,    9.2424441476E+01,    9.2424441476E+01,    0.0000000000E+00,    0.0000000000E+00,    0.0000000000E+00,    9.2424441476E+01
     95850,      0.676935,CP5_after_vdif,   1,    0.0000000000E+00,    9.2424441476E+01,    9.2424441476E+01,    0.0000000000E+00,    0.0000000000E+00,    0.0000000000E+00,    9.2424441476E+01
     95850,      0.676935,CP6_after_kinetics,   1,    0.0000000000E+00,    9.2424441476E+01,    9.2424441476E+01,    0.0000000000E+00,    0.0000000000E+00,    0.0000000000E+00,    9.2424441476E+01
     95850,      0.676935,CP7_after_upper_clamp,   1,    0.0000000000E+00,    9.2424441476E+01,    9.2424441476E+01,    0.0000000000E+00,    0.0000000000E+00,    0.0000000000E+00,    9.2424441476E+01
     95850,      0.676935,CP8_after_OBC,   1,    0.0000000000E+00,    9.2424441476E+01,    9.2424441476E+01,    0.0000000000E+00,    0.0000000000E+00,    0.0000000000E+00,    9.2424441476E+01
     95850,      0.676935,CP9_after_PTsource,   1,    0.0000000000E+00,    9.2424441476E+01,    9.2424441476E+01,    0.0000000000E+00,    0.0000000000E+00,    0.0000000000E+00,    9.2424441476E+01
     95850,      0.676935,CP10_after_neg_clamp,   1,    0.0000000000E+00,    9.2424441476E+01,    9.2424441476E+01,    0.0000000000E+00,    0.0000000000E+00,    0.0000000000E+00,    9.2424441476E+01
     95850,      0.676935,CP11_after_MPI,   1,    0.0000000000E+00,    9.2424441476E+01,    9.2424441476E+01,    0.0000000000E+00,    0.0000000000E+00,    0.0000000000E+00,    9.2424441476E+01
     95850,      0.676935,CP12_end,   1,    0.0000000000E+00,    9.2424441476E+01,    9.2424441476E+01,    0.0000000000E+00,    0.0000000000E+00,    0.0000000000E+00,    9.2424441476E+01
     95900,      0.676935,CP0_start,   1,    0.0000000000E+00,    9.2506283638E+01,    9.2506283638E+01,    0.0000000000E+00,    0.0000000000E+00,    0.0000000000E+00,    9.2506283638E+01
     95900,      0.676935,CP1_after_deposition,   1,    0.0000000000E+00,    9.2506283638E+01,    9.2506283638E+01,    0.0000000000E+00,    0.0000000000E+00,    0.0000000000E+00,    9.2506283638E+01
     95900,      0.676935,CP2_after_erosion,   1,    0.0000000000E+00,    9.2506283638E+01,    9.2506283638E+01,    0.0000000000E+00,    0.0000000000E+00,    0.0000000000E+00,    9.2506283638E+01
     95900,      0.676935,CP3_after_update_bottom,   1,    0.0000000000E+00,    9.2506283638E+01,    9.2506283638E+01,    0.0000000000E+00,    0.0000000000E+00,    0.0000000000E+00,    9.2506283638E+01
     95900,      0.676935,CP4_after_advection,   1,    0.0000000000E+00,    9.2507623982E+01,    9.2507623982E+01,    0.0000000000E+00,    0.0000000000E+00,    0.0000000000E+00,    9.2507623982E+01
     95900,      0.676935,CP5_after_vdif,   1,    0.0000000000E+00,    9.2507623982E+01,    9.2507623982E+01,    0.0000000000E+00,    0.0000000000E+00,    0.0000000000E+00,    9.2507623982E+01
     95900,      0.676935,CP6_after_kinetics,   1,    0.0000000000E+00,    9.2507623982E+01,    9.2507623982E+01,    0.0000000000E+00,    0.0000000000E+00,    0.0000000000E+00,    9.2507623982E+01
     95900,      0.676935,CP7_after_upper_clamp,   1,    0.0000000000E+00,    9.2507623982E+01,    9.2507623982E+01,    0.0000000000E+00,    0.0000000000E+00,    0.0000000000E+00,    9.2507623982E+01
     95900,      0.676935,CP8_after_OBC,   1,    0.0000000000E+00,    9.2507623982E+01,    9.2507623982E+01,    0.0000000000E+00,    0.0000000000E+00,    0.0000000000E+00,    9.2507623982E+01
     95900,      0.676935,CP9_after_PTsource,   1,    0.0000000000E+00,    9.2507623982E+01,    9.2507623982E+01,    0.0000000000E+00,    0.0000000000E+00,    0.0000000000E+00,    9.2507623982E+01
     95900,      0.676935,CP10_after_neg_clamp,   1,    0.0000000000E+00,    9.2507623982E+01,    9.2507623982E+01,    0.0000000000E+00,    0.0000000000E+00,    0.0000000000E+00,    9.2507623982E+01
     95900,      0.676935,CP11_after_MPI,   1,    0.0000000000E+00,    9.2507623982E+01,    9.2507623982E+01,    0.0000000000E+00,    0.0000000000E+00,    0.0000000000E+00,    9.2507623982E+01
     95900,      0.676935,CP12_end,   1,    0.0000000000E+00,    9.2507623982E+01,    9.2507623982E+01,    0.0000000000E+00,    0.0000000000E+00,    0.0000000000E+00,    9.2507623982E+01
     95950,      0.676935,CP0_start,   1,    0.0000000000E+00,    9.2589281764E+01,    9.2589281764E+01,    0.0000000000E+00,    0.0000000000E+00,    0.0000000000E+00,    9.2589281764E+01
     95950,      0.676935,CP1_after_deposition,   1,    0.0000000000E+00,    9.2589281764E+01,    9.2589281764E+01,    0.0000000000E+00,    0.0000000000E+00,    0.0000000000E+00,    9.2589281764E+01
     95950,      0.676935,CP2_after_erosion,   1,    0.0000000000E+00,    9.2589281764E+01,    9.2589281764E+01,    0.0000000000E+00,    0.0000000000E+00,    0.0000000000E+00,    9.2589281764E+01
     95950,      0.676935,CP3_after_update_bottom,   1,    0.0000000000E+00,    9.2589281764E+01,    9.2589281764E+01,    0.0000000000E+00,    0.0000000000E+00,    0.0000000000E+00,    9.2589281764E+01
     95950,      0.676935,CP4_after_advection,   1,    0.0000000000E+00,    9.2590669707E+01,    9.2590669707E+01,    0.0000000000E+00,    0.0000000000E+00,    0.0000000000E+00,    9.2590669707E+01
     95950,      0.676935,CP5_after_vdif,   1,    0.0000000000E+00,    9.2590669707E+01,    9.2590669707E+01,    0.0000000000E+00,    0.0000000000E+00,    0.0000000000E+00,    9.2590669707E+01
     95950,      0.676935,CP6_after_kinetics,   1,    0.0000000000E+00,    9.2590669707E+01,    9.2590669707E+01,    0.0000000000E+00,    0.0000000000E+00,    0.0000000000E+00,    9.2590669707E+01
     95950,      0.676935,CP7_after_upper_clamp,   1,    0.0000000000E+00,    9.2590669707E+01,    9.2590669707E+01,    0.0000000000E+00,    0.0000000000E+00,    0.0000000000E+00,    9.2590669707E+01
     95950,      0.676935,CP8_after_OBC,   1,    0.0000000000E+00,    9.2590669707E+01,    9.2590669707E+01,    0.0000000000E+00,    0.0000000000E+00,    0.0000000000E+00,    9.2590669707E+01
     95950,      0.676935,CP9_after_PTsource,   1,    0.0000000000E+00,    9.2590669707E+01,    9.2590669707E+01,    0.0000000000E+00,    0.0000000000E+00,    0.0000000000E+00,    9.2590669707E+01
     95950,      0.676935,CP10_after_neg_clamp,   1,    0.0000000000E+00,    9.2590669707E+01,    9.2590669707E+01,    0.0000000000E+00,    0.0000000000E+00,    0.0000000000E+00,    9.2590669707E+01
     95950,      0.676935,CP11_after_MPI,   1,    0.0000000000E+00,    9.2590669707E+01,    9.2590669707E+01,    0.0000000000E+00,    0.0000000000E+00,    0.0000000000E+00,    9.2590669707E+01
     95950,      0.676935,CP12_end,   1,    0.0000000000E+00,    9.2590669707E+01,    9.2590669707E+01,    0.0000000000E+00,    0.0000000000E+00,    0.0000000000E+00,    9.2590669707E+01
     96000,      0.676935,CP0_start,   1,    0.0000000000E+00,    9.2672146269E+01,    9.2672146269E+01,    0.0000000000E+00,    0.0000000000E+00,    0.0000000000E+00,    9.2672146269E+01
     96000,      0.676935,CP1_after_deposition,   1,    0.0000000000E+00,    9.2672146269E+01,    9.2672146269E+01,    0.0000000000E+00,    0.0000000000E+00,    0.0000000000E+00,    9.2672146269E+01
     96000,      0.676935,CP2_after_erosion,   1,    0.0000000000E+00,    9.2672146269E+01,    9.2672146269E+01,    0.0000000000E+00,    0.0000000000E+00,    0.0000000000E+00,    9.2672146269E+01
     96000,      0.676935,CP3_after_update_bottom,   1,    0.0000000000E+00,    9.2672146269E+01,    9.2672146269E+01,    0.0000000000E+00,    0.0000000000E+00,    0.0000000000E+00,    9.2672146269E+01
     96000,      0.676935,CP4_after_advection,   1,    0.0000000000E+00,    9.2673584981E+01,    9.2673584981E+01,    0.0000000000E+00,    0.0000000000E+00,    0.0000000000E+00,    9.2673584981E+01
     96000,      0.676935,CP5_after_vdif,   1,    0.0000000000E+00,    9.2673584981E+01,    9.2673584981E+01,    0.0000000000E+00,    0.0000000000E+00,    0.0000000000E+00,    9.2673584981E+01
     96000,      0.676935,CP6_after_kinetics,   1,    0.0000000000E+00,    9.2673584981E+01,    9.2673584981E+01,    0.0000000000E+00,    0.0000000000E+00,    0.0000000000E+00,    9.2673584981E+01
     96000,      0.676935,CP7_after_upper_clamp,   1,    0.0000000000E+00,    9.2673584981E+01,    9.2673584981E+01,    0.0000000000E+00,    0.0000000000E+00,    0.0000000000E+00,    9.2673584981E+01
     96000,      0.676935,CP8_after_OBC,   1,    0.0000000000E+00,    9.2673584981E+01,    9.2673584981E+01,    0.0000000000E+00,    0.0000000000E+00,    0.0000000000E+00,    9.2673584981E+01
     96000,      0.676935,CP9_after_PTsource,   1,    0.0000000000E+00,    9.2673584981E+01,    9.2673584981E+01,    0.0000000000E+00,    0.0000000000E+00,    0.0000000000E+00,    9.2673584981E+01
     96000,      0.676935,CP10_after_neg_clamp,   1,    0.0000000000E+00,    9.2673584981E+01,    9.2673584981E+01,    0.0000000000E+00,    0.0000000000E+00,    0.0000000000E+00,    9.2673584981E+01
     96000,      0.676935,CP11_after_MPI,   1,    0.0000000000E+00,    9.2673584981E+01,    9.2673584981E+01,    0.0000000000E+00,    0.0000000000E+00,    0.0000000000E+00,    9.2673584981E+01
     96000,      0.676935,CP12_end,   1,    0.0000000000E+00,    9.2673584981E+01,    9.2673584981E+01,    0.0000000000E+00,    0.0000000000E+00,    0.0000000000E+00,    9.2673584981E+01
     96050,      0.676935,CP0_start,   1,    0.0000000000E+00,    9.2754848447E+01,    9.2754848447E+01,    0.0000000000E+00,    0.0000000000E+00,    0.0000000000E+00,    9.2754848447E+01
     96050,      0.676935,CP1_after_deposition,   1,    0.0000000000E+00,    9.2754848447E+01,    9.2754848447E+01,    0.0000000000E+00,    0.0000000000E+00,    0.0000000000E+00,    9.2754848447E+01
     96050,      0.676935,CP2_after_erosion,   1,    0.0000000000E+00,    9.2754848447E+01,    9.2754848447E+01,    0.0000000000E+00,    0.0000000000E+00,    0.0000000000E+00,    9.2754848447E+01
     96050,      0.676935,CP3_after_update_bottom,   1,    0.0000000000E+00,    9.2754848447E+01,    9.2754848447E+01,    0.0000000000E+00,    0.0000000000E+00,    0.0000000000E+00,    9.2754848447E+01
     96050,      0.676935,CP4_after_advection,   1,    0.0000000000E+00,    9.2756335794E+01,    9.2756335794E+01,    0.0000000000E+00,    0.0000000000E+00,    0.0000000000E+00,    9.2756335794E+01
     96050,      0.676935,CP5_after_vdif,   1,    0.0000000000E+00,    9.2756335794E+01,    9.2756335794E+01,    0.0000000000E+00,    0.0000000000E+00,    0.0000000000E+00,    9.2756335794E+01
     96050,      0.676935,CP6_after_kinetics,   1,    0.0000000000E+00,    9.2756335794E+01,    9.2756335794E+01,    0.0000000000E+00,    0.0000000000E+00,    0.0000000000E+00,    9.2756335794E+01
     96050,      0.676935,CP7_after_upper_clamp,   1,    0.0000000000E+00,    9.2756335794E+01,    9.2756335794E+01,    0.0000000000E+00,    0.0000000000E+00,    0.0000000000E+00,    9.2756335794E+01
     96050,      0.676935,CP8_after_OBC,   1,    0.0000000000E+00,    9.2756335794E+01,    9.2756335794E+01,    0.0000000000E+00,    0.0000000000E+00,    0.0000000000E+00,    9.2756335794E+01
     96050,      0.676935,CP9_after_PTsource,   1,    0.0000000000E+00,    9.2756335794E+01,    9.2756335794E+01,    0.0000000000E+00,    0.0000000000E+00,    0.0000000000E+00,    9.2756335794E+01
     96050,      0.676935,CP10_after_neg_clamp,   1,    0.0000000000E+00,    9.2756335794E+01,    9.2756335794E+01,    0.0000000000E+00,    0.0000000000E+00,    0.0000000000E+00,    9.2756335794E+01
     96050,      0.676935,CP11_after_MPI,   1,    0.0000000000E+00,    9.2756335794E+01,    9.2756335794E+01,    0.0000000000E+00,    0.0000000000E+00,    0.0000000000E+00,    9.2756335794E+01
     96050,      0.676935,CP12_end,   1,    0.0000000000E+00,    9.2756335794E+01,    9.2756335794E+01,    0.0000000000E+00,    0.0000000000E+00,    0.0000000000E+00,    9.2756335794E+01
     96100,      0.676935,CP0_start,   1,    0.0000000000E+00,    9.2837445816E+01,    9.2837445816E+01,    0.0000000000E+00,    0.0000000000E+00,    0.0000000000E+00,    9.2837445816E+01
     96100,      0.676935,CP1_after_deposition,   1,    0.0000000000E+00,    9.2837445816E+01,    9.2837445816E+01,    0.0000000000E+00,    0.0000000000E+00,    0.0000000000E+00,    9.2837445816E+01
     96100,      0.676935,CP2_after_erosion,   1,    0.0000000000E+00,    9.2837445816E+01,    9.2837445816E+01,    0.0000000000E+00,    0.0000000000E+00,    0.0000000000E+00,    9.2837445816E+01
     96100,      0.676935,CP3_after_update_bottom,   1,    0.0000000000E+00,    9.2837445816E+01,    9.2837445816E+01,    0.0000000000E+00,    0.0000000000E+00,    0.0000000000E+00,    9.2837445816E+01
     96100,      0.676935,CP4_after_advection,   1,    0.0000000000E+00,    9.2838985002E+01,    9.2838985002E+01,    0.0000000000E+00,    0.0000000000E+00,    0.0000000000E+00,    9.2838985002E+01
     96100,      0.676935,CP5_after_vdif,   1,    0.0000000000E+00,    9.2838985002E+01,    9.2838985002E+01,    0.0000000000E+00,    0.0000000000E+00,    0.0000000000E+00,    9.2838985002E+01
     96100,      0.676935,CP6_after_kinetics,   1,    0.0000000000E+00,    9.2838985002E+01,    9.2838985002E+01,    0.0000000000E+00,    0.0000000000E+00,    0.0000000000E+00,    9.2838985002E+01
     96100,      0.676935,CP7_after_upper_clamp,   1,    0.0000000000E+00,    9.2838985002E+01,    9.2838985002E+01,    0.0000000000E+00,    0.0000000000E+00,    0.0000000000E+00,    9.2838985002E+01
     96100,      0.676935,CP8_after_OBC,   1,    0.0000000000E+00,    9.2838985002E+01,    9.2838985002E+01,    0.0000000000E+00,    0.0000000000E+00,    0.0000000000E+00,    9.2838985002E+01
     96100,      0.676935,CP9_after_PTsource,   1,    0.0000000000E+00,    9.2838985002E+01,    9.2838985002E+01,    0.0000000000E+00,    0.0000000000E+00,    0.0000000000E+00,    9.2838985002E+01
     96100,      0.676935,CP10_after_neg_clamp,   1,    0.0000000000E+00,    9.2838985002E+01,    9.2838985002E+01,    0.0000000000E+00,    0.0000000000E+00,    0.0000000000E+00,    9.2838985002E+01
     96100,      0.676935,CP11_after_MPI,   1,    0.0000000000E+00,    9.2838985002E+01,    9.2838985002E+01,    0.0000000000E+00,    0.0000000000E+00,    0.0000000000E+00,    9.2838985002E+01
     96100,      0.676935,CP12_end,   1,    0.0000000000E+00,    9.2838985002E+01,    9.2838985002E+01,    0.0000000000E+00,    0.0000000000E+00,    0.0000000000E+00,    9.2838985002E+01
     96150,      0.676935,CP0_start,   1,    0.0000000000E+00,    9.2920027487E+01,    9.2920027487E+01,    0.0000000000E+00,    0.0000000000E+00,    0.0000000000E+00,    9.2920027487E+01
     96150,      0.676935,CP1_after_deposition,   1,    0.0000000000E+00,    9.2920027487E+01,    9.2920027487E+01,    0.0000000000E+00,    0.0000000000E+00,    0.0000000000E+00,    9.2920027487E+01
     96150,      0.676935,CP2_after_erosion,   1,    0.0000000000E+00,    9.2920027487E+01,    9.2920027487E+01,    0.0000000000E+00,    0.0000000000E+00,    0.0000000000E+00,    9.2920027487E+01
     96150,      0.676935,CP3_after_update_bottom,   1,    0.0000000000E+00,    9.2920027487E+01,    9.2920027487E+01,    0.0000000000E+00,    0.0000000000E+00,    0.0000000000E+00,    9.2920027487E+01
     96150,      0.676935,CP4_after_advection,   1,    0.0000000000E+00,    9.2921618638E+01,    9.2921618638E+01,    0.0000000000E+00,    0.0000000000E+00,    0.0000000000E+00,    9.2921618638E+01
     96150,      0.676935,CP5_after_vdif,   1,    0.0000000000E+00,    9.2921618638E+01,    9.2921618638E+01,    0.0000000000E+00,    0.0000000000E+00,    0.0000000000E+00,    9.2921618638E+01
     96150,      0.676935,CP6_after_kinetics,   1,    0.0000000000E+00,    9.2921618638E+01,    9.2921618638E+01,    0.0000000000E+00,    0.0000000000E+00,    0.0000000000E+00,    9.2921618638E+01
     96150,      0.676935,CP7_after_upper_clamp,   1,    0.0000000000E+00,    9.2921618638E+01,    9.2921618638E+01,    0.0000000000E+00,    0.0000000000E+00,    0.0000000000E+00,    9.2921618638E+01
     96150,      0.676935,CP8_after_OBC,   1,    0.0000000000E+00,    9.2921618638E+01,    9.2921618638E+01,    0.0000000000E+00,    0.0000000000E+00,    0.0000000000E+00,    9.2921618638E+01
     96150,      0.676935,CP9_after_PTsource,   1,    0.0000000000E+00,    9.2921618638E+01,    9.2921618638E+01,    0.0000000000E+00,    0.0000000000E+00,    0.0000000000E+00,    9.2921618638E+01
     96150,      0.676935,CP10_after_neg_clamp,   1,    0.0000000000E+00,    9.2921618638E+01,    9.2921618638E+01,    0.0000000000E+00,    0.0000000000E+00,    0.0000000000E+00,    9.2921618638E+01
     96150,      0.676935,CP11_after_MPI,   1,    0.0000000000E+00,    9.2921618638E+01,    9.2921618638E+01,    0.0000000000E+00,    0.0000000000E+00,    0.0000000000E+00,    9.2921618638E+01
     96150,      0.676935,CP12_end,   1,    0.0000000000E+00,    9.2921618638E+01,    9.2921618638E+01,    0.0000000000E+00,    0.0000000000E+00,    0.0000000000E+00,    9.2921618638E+01
     96200,      0.676935,CP0_start,   1,    0.0000000000E+00,    9.3002665232E+01,    9.3002665232E+01,    0.0000000000E+00,    0.0000000000E+00,    0.0000000000E+00,    9.3002665232E+01
     96200,      0.676935,CP1_after_deposition,   1,    0.0000000000E+00,    9.3002665232E+01,    9.3002665232E+01,    0.0000000000E+00,    0.0000000000E+00,    0.0000000000E+00,    9.3002665232E+01
     96200,      0.676935,CP2_after_erosion,   1,    0.0000000000E+00,    9.3002665232E+01,    9.3002665232E+01,    0.0000000000E+00,    0.0000000000E+00,    0.0000000000E+00,    9.3002665232E+01
     96200,      0.676935,CP3_after_update_bottom,   1,    0.0000000000E+00,    9.3002665232E+01,    9.3002665232E+01,    0.0000000000E+00,    0.0000000000E+00,    0.0000000000E+00,    9.3002665232E+01
     96200,      0.676935,CP4_after_advection,   1,    0.0000000000E+00,    9.3004310336E+01,    9.3004310336E+01,    0.0000000000E+00,    0.0000000000E+00,    0.0000000000E+00,    9.3004310336E+01
     96200,      0.676935,CP5_after_vdif,   1,    0.0000000000E+00,    9.3004310336E+01,    9.3004310336E+01,    0.0000000000E+00,    0.0000000000E+00,    0.0000000000E+00,    9.3004310336E+01
     96200,      0.676935,CP6_after_kinetics,   1,    0.0000000000E+00,    9.3004310336E+01,    9.3004310336E+01,    0.0000000000E+00,    0.0000000000E+00,    0.0000000000E+00,    9.3004310336E+01
     96200,      0.676935,CP7_after_upper_clamp,   1,    0.0000000000E+00,    9.3004310336E+01,    9.3004310336E+01,    0.0000000000E+00,    0.0000000000E+00,    0.0000000000E+00,    9.3004310336E+01
     96200,      0.676935,CP8_after_OBC,   1,    0.0000000000E+00,    9.3004310336E+01,    9.3004310336E+01,    0.0000000000E+00,    0.0000000000E+00,    0.0000000000E+00,    9.3004310336E+01
     96200,      0.676935,CP9_after_PTsource,   1,    0.0000000000E+00,    9.3004310336E+01,    9.3004310336E+01,    0.0000000000E+00,    0.0000000000E+00,    0.0000000000E+00,    9.3004310336E+01
     96200,      0.676935,CP10_after_neg_clamp,   1,    0.0000000000E+00,    9.3004310336E+01,    9.3004310336E+01,    0.0000000000E+00,    0.0000000000E+00,    0.0000000000E+00,    9.3004310336E+01
     96200,      0.676935,CP11_after_MPI,   1,    0.0000000000E+00,    9.3004310336E+01,    9.3004310336E+01,    0.0000000000E+00,    0.0000000000E+00,    0.0000000000E+00,    9.3004310336E+01
     96200,      0.676935,CP12_end,   1,    0.0000000000E+00,    9.3004310336E+01,    9.3004310336E+01,    0.0000000000E+00,    0.0000000000E+00,    0.0000000000E+00,    9.3004310336E+01
     96250,      0.676936,CP0_start,   1,    0.0000000000E+00,    9.3085467270E+01,    9.3085467270E+01,    0.0000000000E+00,    0.0000000000E+00,    0.0000000000E+00,    9.3085467270E+01
     96250,      0.676936,CP1_after_deposition,   1,    0.0000000000E+00,    9.3085467270E+01,    9.3085467270E+01,    0.0000000000E+00,    0.0000000000E+00,    0.0000000000E+00,    9.3085467270E+01
     96250,      0.676936,CP2_after_erosion,   1,    0.0000000000E+00,    9.3085467270E+01,    9.3085467270E+01,    0.0000000000E+00,    0.0000000000E+00,    0.0000000000E+00,    9.3085467270E+01
     96250,      0.676936,CP3_after_update_bottom,   1,    0.0000000000E+00,    9.3085467270E+01,    9.3085467270E+01,    0.0000000000E+00,    0.0000000000E+00,    0.0000000000E+00,    9.3085467270E+01
     96250,      0.676936,CP4_after_advection,   1,    0.0000000000E+00,    9.3087171122E+01,    9.3087171122E+01,    0.0000000000E+00,    0.0000000000E+00,    0.0000000000E+00,    9.3087171122E+01
     96250,      0.676936,CP5_after_vdif,   1,    0.0000000000E+00,    9.3087171122E+01,    9.3087171122E+01,    0.0000000000E+00,    0.0000000000E+00,    0.0000000000E+00,    9.3087171122E+01
     96250,      0.676936,CP6_after_kinetics,   1,    0.0000000000E+00,    9.3087171122E+01,    9.3087171122E+01,    0.0000000000E+00,    0.0000000000E+00,    0.0000000000E+00,    9.3087171122E+01
     96250,      0.676936,CP7_after_upper_clamp,   1,    0.0000000000E+00,    9.3087171122E+01,    9.3087171122E+01,    0.0000000000E+00,    0.0000000000E+00,    0.0000000000E+00,    9.3087171122E+01
     96250,      0.676936,CP8_after_OBC,   1,    0.0000000000E+00,    9.3087171122E+01,    9.3087171122E+01,    0.0000000000E+00,    0.0000000000E+00,    0.0000000000E+00,    9.3087171122E+01
     96250,      0.676936,CP9_after_PTsource,   1,    0.0000000000E+00,    9.3087171122E+01,    9.3087171122E+01,    0.0000000000E+00,    0.0000000000E+00,    0.0000000000E+00,    9.3087171122E+01
     96250,      0.676936,CP10_after_neg_clamp,   1,    0.0000000000E+00,    9.3087171122E+01,    9.3087171122E+01,    0.0000000000E+00,    0.0000000000E+00,    0.0000000000E+00,    9.3087171122E+01
     96250,      0.676936,CP11_after_MPI,   1,    0.0000000000E+00,    9.3087171122E+01,    9.3087171122E+01,    0.0000000000E+00,    0.0000000000E+00,    0.0000000000E+00,    9.3087171122E+01
     96250,      0.676936,CP12_end,   1,    0.0000000000E+00,    9.3087171122E+01,    9.3087171122E+01,    0.0000000000E+00,    0.0000000000E+00,    0.0000000000E+00,    9.3087171122E+01
     96300,      0.676936,CP0_start,   1,    0.0000000000E+00,    9.3168554348E+01,    9.3168554348E+01,    0.0000000000E+00,    0.0000000000E+00,    0.0000000000E+00,    9.3168554348E+01
     96300,      0.676936,CP1_after_deposition,   1,    0.0000000000E+00,    9.3168554348E+01,    9.3168554348E+01,    0.0000000000E+00,    0.0000000000E+00,    0.0000000000E+00,    9.3168554348E+01
     96300,      0.676936,CP2_after_erosion,   1,    0.0000000000E+00,    9.3168554348E+01,    9.3168554348E+01,    0.0000000000E+00,    0.0000000000E+00,    0.0000000000E+00,    9.3168554348E+01
     96300,      0.676936,CP3_after_update_bottom,   1,    0.0000000000E+00,    9.3168554348E+01,    9.3168554348E+01,    0.0000000000E+00,    0.0000000000E+00,    0.0000000000E+00,    9.3168554348E+01
     96300,      0.676936,CP4_after_advection,   1,    0.0000000000E+00,    9.3170321300E+01,    9.3170321300E+01,    0.0000000000E+00,    0.0000000000E+00,    0.0000000000E+00,    9.3170321300E+01
     96300,      0.676936,CP5_after_vdif,   1,    0.0000000000E+00,    9.3170321300E+01,    9.3170321300E+01,    0.0000000000E+00,    0.0000000000E+00,    0.0000000000E+00,    9.3170321300E+01
     96300,      0.676936,CP6_after_kinetics,   1,    0.0000000000E+00,    9.3170321300E+01,    9.3170321300E+01,    0.0000000000E+00,    0.0000000000E+00,    0.0000000000E+00,    9.3170321300E+01
     96300,      0.676936,CP7_after_upper_clamp,   1,    0.0000000000E+00,    9.3170321300E+01,    9.3170321300E+01,    0.0000000000E+00,    0.0000000000E+00,    0.0000000000E+00,    9.3170321300E+01
     96300,      0.676936,CP8_after_OBC,   1,    0.0000000000E+00,    9.3170321300E+01,    9.3170321300E+01,    0.0000000000E+00,    0.0000000000E+00,    0.0000000000E+00,    9.3170321300E+01
     96300,      0.676936,CP9_after_PTsource,   1,    0.0000000000E+00,    9.3170321300E+01,    9.3170321300E+01,    0.0000000000E+00,    0.0000000000E+00,    0.0000000000E+00,    9.3170321300E+01
     96300,      0.676936,CP10_after_neg_clamp,   1,    0.0000000000E+00,    9.3170321300E+01,    9.3170321300E+01,    0.0000000000E+00,    0.0000000000E+00,    0.0000000000E+00,    9.3170321300E+01
     96300,      0.676936,CP11_after_MPI,   1,    0.0000000000E+00,    9.3170321300E+01,    9.3170321300E+01,    0.0000000000E+00,    0.0000000000E+00,    0.0000000000E+00,    9.3170321300E+01
     96300,      0.676936,CP12_end,   1,    0.0000000000E+00,    9.3170321300E+01,    9.3170321300E+01,    0.0000000000E+00,    0.0000000000E+00,    0.0000000000E+00,    9.3170321300E+01
     96350,      0.676936,CP0_start,   1,    0.0000000000E+00,    9.3251461178E+01,    9.3251461178E+01,    0.0000000000E+00,    0.0000000000E+00,    0.0000000000E+00,    9.3251461178E+01
     96350,      0.676936,CP1_after_deposition,   1,    0.0000000000E+00,    9.3251461178E+01,    9.3251461178E+01,    0.0000000000E+00,    0.0000000000E+00,    0.0000000000E+00,    9.3251461178E+01
     96350,      0.676936,CP2_after_erosion,   1,    0.0000000000E+00,    9.3251461178E+01,    9.3251461178E+01,    0.0000000000E+00,    0.0000000000E+00,    0.0000000000E+00,    9.3251461178E+01
     96350,      0.676936,CP3_after_update_bottom,   1,    0.0000000000E+00,    9.3251461178E+01,    9.3251461178E+01,    0.0000000000E+00,    0.0000000000E+00,    0.0000000000E+00,    9.3251461178E+01
     96350,      0.676936,CP4_after_advection,   1,    0.0000000000E+00,    9.3253289849E+01,    9.3253289849E+01,    0.0000000000E+00,    0.0000000000E+00,    0.0000000000E+00,    9.3253289849E+01
     96350,      0.676936,CP5_after_vdif,   1,    0.0000000000E+00,    9.3253289849E+01,    9.3253289849E+01,    0.0000000000E+00,    0.0000000000E+00,    0.0000000000E+00,    9.3253289849E+01
     96350,      0.676936,CP6_after_kinetics,   1,    0.0000000000E+00,    9.3253289849E+01,    9.3253289849E+01,    0.0000000000E+00,    0.0000000000E+00,    0.0000000000E+00,    9.3253289849E+01
     96350,      0.676936,CP7_after_upper_clamp,   1,    0.0000000000E+00,    9.3253289849E+01,    9.3253289849E+01,    0.0000000000E+00,    0.0000000000E+00,    0.0000000000E+00,    9.3253289849E+01
     96350,      0.676936,CP8_after_OBC,   1,    0.0000000000E+00,    9.3253289849E+01,    9.3253289849E+01,    0.0000000000E+00,    0.0000000000E+00,    0.0000000000E+00,    9.3253289849E+01
     96350,      0.676936,CP9_after_PTsource,   1,    0.0000000000E+00,    9.3253289849E+01,    9.3253289849E+01,    0.0000000000E+00,    0.0000000000E+00,    0.0000000000E+00,    9.3253289849E+01
     96350,      0.676936,CP10_after_neg_clamp,   1,    0.0000000000E+00,    9.3253289849E+01,    9.3253289849E+01,    0.0000000000E+00,    0.0000000000E+00,    0.0000000000E+00,    9.3253289849E+01
     96350,      0.676936,CP11_after_MPI,   1,    0.0000000000E+00,    9.3253289849E+01,    9.3253289849E+01,    0.0000000000E+00,    0.0000000000E+00,    0.0000000000E+00,    9.3253289849E+01
     96350,      0.676936,CP12_end,   1,    0.0000000000E+00,    9.3253289849E+01,    9.3253289849E+01,    0.0000000000E+00,    0.0000000000E+00,    0.0000000000E+00,    9.3253289849E+01
     96400,      0.676936,CP0_start,   1,    0.0000000000E+00,    9.3334790622E+01,    9.3334790622E+01,    0.0000000000E+00,    0.0000000000E+00,    0.0000000000E+00,    9.3334790622E+01
     96400,      0.676936,CP1_after_deposition,   1,    0.0000000000E+00,    9.3334790622E+01,    9.3334790622E+01,    0.0000000000E+00,    0.0000000000E+00,    0.0000000000E+00,    9.3334790622E+01
     96400,      0.676936,CP2_after_erosion,   1,    0.0000000000E+00,    9.3334790622E+01,    9.3334790622E+01,    0.0000000000E+00,    0.0000000000E+00,    0.0000000000E+00,    9.3334790622E+01
     96400,      0.676936,CP3_after_update_bottom,   1,    0.0000000000E+00,    9.3334790622E+01,    9.3334790622E+01,    0.0000000000E+00,    0.0000000000E+00,    0.0000000000E+00,    9.3334790622E+01
     96400,      0.676936,CP4_after_advection,   1,    0.0000000000E+00,    9.3336685110E+01,    9.3336685110E+01,    0.0000000000E+00,    0.0000000000E+00,    0.0000000000E+00,    9.3336685110E+01
     96400,      0.676936,CP5_after_vdif,   1,    0.0000000000E+00,    9.3336685110E+01,    9.3336685110E+01,    0.0000000000E+00,    0.0000000000E+00,    0.0000000000E+00,    9.3336685110E+01
     96400,      0.676936,CP6_after_kinetics,   1,    0.0000000000E+00,    9.3336685110E+01,    9.3336685110E+01,    0.0000000000E+00,    0.0000000000E+00,    0.0000000000E+00,    9.3336685110E+01
     96400,      0.676936,CP7_after_upper_clamp,   1,    0.0000000000E+00,    9.3336685110E+01,    9.3336685110E+01,    0.0000000000E+00,    0.0000000000E+00,    0.0000000000E+00,    9.3336685110E+01
     96400,      0.676936,CP8_after_OBC,   1,    0.0000000000E+00,    9.3336685110E+01,    9.3336685110E+01,    0.0000000000E+00,    0.0000000000E+00,    0.0000000000E+00,    9.3336685110E+01
     96400,      0.676936,CP9_after_PTsource,   1,    0.0000000000E+00,    9.3336685110E+01,    9.3336685110E+01,    0.0000000000E+00,    0.0000000000E+00,    0.0000000000E+00,    9.3336685110E+01
     96400,      0.676936,CP10_after_neg_clamp,   1,    0.0000000000E+00,    9.3336685110E+01,    9.3336685110E+01,    0.0000000000E+00,    0.0000000000E+00,    0.0000000000E+00,    9.3336685110E+01
     96400,      0.676936,CP11_after_MPI,   1,    0.0000000000E+00,    9.3336685110E+01,    9.3336685110E+01,    0.0000000000E+00,    0.0000000000E+00,    0.0000000000E+00,    9.3336685110E+01
     96400,      0.676936,CP12_end,   1,    0.0000000000E+00,    9.3336685110E+01,    9.3336685110E+01,    0.0000000000E+00,    0.0000000000E+00,    0.0000000000E+00,    9.3336685110E+01
     96450,      0.676936,CP0_start,   1,    0.0000000000E+00,    9.3418566909E+01,    9.3418566909E+01,    0.0000000000E+00,    0.0000000000E+00,    0.0000000000E+00,    9.3418566909E+01
     96450,      0.676936,CP1_after_deposition,   1,    0.0000000000E+00,    9.3418566909E+01,    9.3418566909E+01,    0.0000000000E+00,    0.0000000000E+00,    0.0000000000E+00,    9.3418566909E+01
     96450,      0.676936,CP2_after_erosion,   1,    0.0000000000E+00,    9.3418566909E+01,    9.3418566909E+01,    0.0000000000E+00,    0.0000000000E+00,    0.0000000000E+00,    9.3418566909E+01
     96450,      0.676936,CP3_after_update_bottom,   1,    0.0000000000E+00,    9.3418566909E+01,    9.3418566909E+01,    0.0000000000E+00,    0.0000000000E+00,    0.0000000000E+00,    9.3418566909E+01
     96450,      0.676936,CP4_after_advection,   1,    0.0000000000E+00,    9.3420530201E+01,    9.3420530201E+01,    0.0000000000E+00,    0.0000000000E+00,    0.0000000000E+00,    9.3420530201E+01
     96450,      0.676936,CP5_after_vdif,   1,    0.0000000000E+00,    9.3420530201E+01,    9.3420530201E+01,    0.0000000000E+00,    0.0000000000E+00,    0.0000000000E+00,    9.3420530201E+01
     96450,      0.676936,CP6_after_kinetics,   1,    0.0000000000E+00,    9.3420530201E+01,    9.3420530201E+01,    0.0000000000E+00,    0.0000000000E+00,    0.0000000000E+00,    9.3420530201E+01
     96450,      0.676936,CP7_after_upper_clamp,   1,    0.0000000000E+00,    9.3420530201E+01,    9.3420530201E+01,    0.0000000000E+00,    0.0000000000E+00,    0.0000000000E+00,    9.3420530201E+01
     96450,      0.676936,CP8_after_OBC,   1,    0.0000000000E+00,    9.3420530201E+01,    9.3420530201E+01,    0.0000000000E+00,    0.0000000000E+00,    0.0000000000E+00,    9.3420530201E+01
     96450,      0.676936,CP9_after_PTsource,   1,    0.0000000000E+00,    9.3420530201E+01,    9.3420530201E+01,    0.0000000000E+00,    0.0000000000E+00,    0.0000000000E+00,    9.3420530201E+01
     96450,      0.676936,CP10_after_neg_clamp,   1,    0.0000000000E+00,    9.3420530201E+01,    9.3420530201E+01,    0.0000000000E+00,    0.0000000000E+00,    0.0000000000E+00,    9.3420530201E+01
     96450,      0.676936,CP11_after_MPI,   1,    0.0000000000E+00,    9.3420530201E+01,    9.3420530201E+01,    0.0000000000E+00,    0.0000000000E+00,    0.0000000000E+00,    9.3420530201E+01
     96450,      0.676936,CP12_end,   1,    0.0000000000E+00,    9.3420530201E+01,    9.3420530201E+01,    0.0000000000E+00,    0.0000000000E+00,    0.0000000000E+00,    9.3420530201E+01
     96500,      0.676936,CP0_start,   1,    0.0000000000E+00,    9.3502915491E+01,    9.3502915491E+01,    0.0000000000E+00,    0.0000000000E+00,    0.0000000000E+00,    9.3502915491E+01
     96500,      0.676936,CP1_after_deposition,   1,    0.0000000000E+00,    9.3502915491E+01,    9.3502915491E+01,    0.0000000000E+00,    0.0000000000E+00,    0.0000000000E+00,    9.3502915491E+01
     96500,      0.676936,CP2_after_erosion,   1,    0.0000000000E+00,    9.3502915491E+01,    9.3502915491E+01,    0.0000000000E+00,    0.0000000000E+00,    0.0000000000E+00,    9.3502915491E+01
     96500,      0.676936,CP3_after_update_bottom,   1,    0.0000000000E+00,    9.3502915491E+01,    9.3502915491E+01,    0.0000000000E+00,    0.0000000000E+00,    0.0000000000E+00,    9.3502915491E+01
     96500,      0.676936,CP4_after_advection,   1,    0.0000000000E+00,    9.3504948625E+01,    9.3504948625E+01,    0.0000000000E+00,    0.0000000000E+00,    0.0000000000E+00,    9.3504948625E+01
     96500,      0.676936,CP5_after_vdif,   1,    0.0000000000E+00,    9.3504948625E+01,    9.3504948625E+01,    0.0000000000E+00,    0.0000000000E+00,    0.0000000000E+00,    9.3504948625E+01
     96500,      0.676936,CP6_after_kinetics,   1,    0.0000000000E+00,    9.3504948625E+01,    9.3504948625E+01,    0.0000000000E+00,    0.0000000000E+00,    0.0000000000E+00,    9.3504948625E+01
     96500,      0.676936,CP7_after_upper_clamp,   1,    0.0000000000E+00,    9.3504948625E+01,    9.3504948625E+01,    0.0000000000E+00,    0.0000000000E+00,    0.0000000000E+00,    9.3504948625E+01
     96500,      0.676936,CP8_after_OBC,   1,    0.0000000000E+00,    9.3504948625E+01,    9.3504948625E+01,    0.0000000000E+00,    0.0000000000E+00,    0.0000000000E+00,    9.3504948625E+01
     96500,      0.676936,CP9_after_PTsource,   1,    0.0000000000E+00,    9.3504948625E+01,    9.3504948625E+01,    0.0000000000E+00,    0.0000000000E+00,    0.0000000000E+00,    9.3504948625E+01
     96500,      0.676936,CP10_after_neg_clamp,   1,    0.0000000000E+00,    9.3504948625E+01,    9.3504948625E+01,    0.0000000000E+00,    0.0000000000E+00,    0.0000000000E+00,    9.3504948625E+01
     96500,      0.676936,CP11_after_MPI,   1,    0.0000000000E+00,    9.3504948625E+01,    9.3504948625E+01,    0.0000000000E+00,    0.0000000000E+00,    0.0000000000E+00,    9.3504948625E+01
     96500,      0.676936,CP12_end,   1,    0.0000000000E+00,    9.3504948625E+01,    9.3504948625E+01,    0.0000000000E+00,    0.0000000000E+00,    0.0000000000E+00,    9.3504948625E+01
     96550,      0.676936,CP0_start,   1,    0.0000000000E+00,    9.3587818558E+01,    9.3587818558E+01,    0.0000000000E+00,    0.0000000000E+00,    0.0000000000E+00,    9.3587818558E+01
     96550,      0.676936,CP1_after_deposition,   1,    0.0000000000E+00,    9.3587818558E+01,    9.3587818558E+01,    0.0000000000E+00,    0.0000000000E+00,    0.0000000000E+00,    9.3587818558E+01
     96550,      0.676936,CP2_after_erosion,   1,    0.0000000000E+00,    9.3587818558E+01,    9.3587818558E+01,    0.0000000000E+00,    0.0000000000E+00,    0.0000000000E+00,    9.3587818558E+01
     96550,      0.676936,CP3_after_update_bottom,   1,    0.0000000000E+00,    9.3587818558E+01,    9.3587818558E+01,    0.0000000000E+00,    0.0000000000E+00,    0.0000000000E+00,    9.3587818558E+01
     96550,      0.676936,CP4_after_advection,   1,    0.0000000000E+00,    9.3589922814E+01,    9.3589922814E+01,    0.0000000000E+00,    0.0000000000E+00,    0.0000000000E+00,    9.3589922814E+01
     96550,      0.676936,CP5_after_vdif,   1,    0.0000000000E+00,    9.3589922814E+01,    9.3589922814E+01,    0.0000000000E+00,    0.0000000000E+00,    0.0000000000E+00,    9.3589922814E+01
     96550,      0.676936,CP6_after_kinetics,   1,    0.0000000000E+00,    9.3589922814E+01,    9.3589922814E+01,    0.0000000000E+00,    0.0000000000E+00,    0.0000000000E+00,    9.3589922814E+01
     96550,      0.676936,CP7_after_upper_clamp,   1,    0.0000000000E+00,    9.3589922814E+01,    9.3589922814E+01,    0.0000000000E+00,    0.0000000000E+00,    0.0000000000E+00,    9.3589922814E+01
     96550,      0.676936,CP8_after_OBC,   1,    0.0000000000E+00,    9.3589922814E+01,    9.3589922814E+01,    0.0000000000E+00,    0.0000000000E+00,    0.0000000000E+00,    9.3589922814E+01
     96550,      0.676936,CP9_after_PTsource,   1,    0.0000000000E+00,    9.3589922814E+01,    9.3589922814E+01,    0.0000000000E+00,    0.0000000000E+00,    0.0000000000E+00,    9.3589922814E+01
     96550,      0.676936,CP10_after_neg_clamp,   1,    0.0000000000E+00,    9.3589922814E+01,    9.3589922814E+01,    0.0000000000E+00,    0.0000000000E+00,    0.0000000000E+00,    9.3589922814E+01
     96550,      0.676936,CP11_after_MPI,   1,    0.0000000000E+00,    9.3589922814E+01,    9.3589922814E+01,    0.0000000000E+00,    0.0000000000E+00,    0.0000000000E+00,    9.3589922814E+01
     96550,      0.676936,CP12_end,   1,    0.0000000000E+00,    9.3589922814E+01,    9.3589922814E+01,    0.0000000000E+00,    0.0000000000E+00,    0.0000000000E+00,    9.3589922814E+01
     96600,      0.676936,CP0_start,   1,    0.0000000000E+00,    9.3673264709E+01,    9.3673264709E+01,    0.0000000000E+00,    0.0000000000E+00,    0.0000000000E+00,    9.3673264709E+01
     96600,      0.676936,CP1_after_deposition,   1,    0.0000000000E+00,    9.3673264709E+01,    9.3673264709E+01,    0.0000000000E+00,    0.0000000000E+00,    0.0000000000E+00,    9.3673264709E+01
     96600,      0.676936,CP2_after_erosion,   1,    0.0000000000E+00,    9.3673264709E+01,    9.3673264709E+01,    0.0000000000E+00,    0.0000000000E+00,    0.0000000000E+00,    9.3673264709E+01
     96600,      0.676936,CP3_after_update_bottom,   1,    0.0000000000E+00,    9.3673264709E+01,    9.3673264709E+01,    0.0000000000E+00,    0.0000000000E+00,    0.0000000000E+00,    9.3673264709E+01
     96600,      0.676936,CP4_after_advection,   1,    0.0000000000E+00,    9.3675439829E+01,    9.3675439829E+01,    0.0000000000E+00,    0.0000000000E+00,    0.0000000000E+00,    9.3675439829E+01
     96600,      0.676936,CP5_after_vdif,   1,    0.0000000000E+00,    9.3675439829E+01,    9.3675439829E+01,    0.0000000000E+00,    0.0000000000E+00,    0.0000000000E+00,    9.3675439829E+01
     96600,      0.676936,CP6_after_kinetics,   1,    0.0000000000E+00,    9.3675439829E+01,    9.3675439829E+01,    0.0000000000E+00,    0.0000000000E+00,    0.0000000000E+00,    9.3675439829E+01
     96600,      0.676936,CP7_after_upper_clamp,   1,    0.0000000000E+00,    9.3675439829E+01,    9.3675439829E+01,    0.0000000000E+00,    0.0000000000E+00,    0.0000000000E+00,    9.3675439829E+01
     96600,      0.676936,CP8_after_OBC,   1,    0.0000000000E+00,    9.3675439829E+01,    9.3675439829E+01,    0.0000000000E+00,    0.0000000000E+00,    0.0000000000E+00,    9.3675439829E+01
     96600,      0.676936,CP9_after_PTsource,   1,    0.0000000000E+00,    9.3675439829E+01,    9.3675439829E+01,    0.0000000000E+00,    0.0000000000E+00,    0.0000000000E+00,    9.3675439829E+01
     96600,      0.676936,CP10_after_neg_clamp,   1,    0.0000000000E+00,    9.3675439829E+01,    9.3675439829E+01,    0.0000000000E+00,    0.0000000000E+00,    0.0000000000E+00,    9.3675439829E+01
     96600,      0.676936,CP11_after_MPI,   1,    0.0000000000E+00,    9.3675439829E+01,    9.3675439829E+01,    0.0000000000E+00,    0.0000000000E+00,    0.0000000000E+00,    9.3675439829E+01
     96600,      0.676936,CP12_end,   1,    0.0000000000E+00,    9.3675439829E+01,    9.3675439829E+01,    0.0000000000E+00,    0.0000000000E+00,    0.0000000000E+00,    9.3675439829E+01
     96650,      0.676936,CP0_start,   1,    0.0000000000E+00,    9.3759224907E+01,    9.3759224907E+01,    0.0000000000E+00,    0.0000000000E+00,    0.0000000000E+00,    9.3759224907E+01
     96650,      0.676936,CP1_after_deposition,   1,    0.0000000000E+00,    9.3759224907E+01,    9.3759224907E+01,    0.0000000000E+00,    0.0000000000E+00,    0.0000000000E+00,    9.3759224907E+01
     96650,      0.676936,CP2_after_erosion,   1,    0.0000000000E+00,    9.3759224907E+01,    9.3759224907E+01,    0.0000000000E+00,    0.0000000000E+00,    0.0000000000E+00,    9.3759224907E+01
     96650,      0.676936,CP3_after_update_bottom,   1,    0.0000000000E+00,    9.3759224907E+01,    9.3759224907E+01,    0.0000000000E+00,    0.0000000000E+00,    0.0000000000E+00,    9.3759224907E+01
     96650,      0.676936,CP4_after_advection,   1,    0.0000000000E+00,    9.3761472498E+01,    9.3761472498E+01,    0.0000000000E+00,    0.0000000000E+00,    0.0000000000E+00,    9.3761472498E+01
     96650,      0.676936,CP5_after_vdif,   1,    0.0000000000E+00,    9.3761472498E+01,    9.3761472498E+01,    0.0000000000E+00,    0.0000000000E+00,    0.0000000000E+00,    9.3761472498E+01
     96650,      0.676936,CP6_after_kinetics,   1,    0.0000000000E+00,    9.3761472498E+01,    9.3761472498E+01,    0.0000000000E+00,    0.0000000000E+00,    0.0000000000E+00,    9.3761472498E+01
     96650,      0.676936,CP7_after_upper_clamp,   1,    0.0000000000E+00,    9.3761472498E+01,    9.3761472498E+01,    0.0000000000E+00,    0.0000000000E+00,    0.0000000000E+00,    9.3761472498E+01
     96650,      0.676936,CP8_after_OBC,   1,    0.0000000000E+00,    9.3761472498E+01,    9.3761472498E+01,    0.0000000000E+00,    0.0000000000E+00,    0.0000000000E+00,    9.3761472498E+01
     96650,      0.676936,CP9_after_PTsource,   1,    0.0000000000E+00,    9.3761472498E+01,    9.3761472498E+01,    0.0000000000E+00,    0.0000000000E+00,    0.0000000000E+00,    9.3761472498E+01
     96650,      0.676936,CP10_after_neg_clamp,   1,    0.0000000000E+00,    9.3761472498E+01,    9.3761472498E+01,    0.0000000000E+00,    0.0000000000E+00,    0.0000000000E+00,    9.3761472498E+01
     96650,      0.676936,CP11_after_MPI,   1,    0.0000000000E+00,    9.3761472498E+01,    9.3761472498E+01,    0.0000000000E+00,    0.0000000000E+00,    0.0000000000E+00,    9.3761472498E+01
     96650,      0.676936,CP12_end,   1,    0.0000000000E+00,    9.3761472498E+01,    9.3761472498E+01,    0.0000000000E+00,    0.0000000000E+00,    0.0000000000E+00,    9.3761472498E+01
     96700,      0.676936,CP0_start,   1,    0.0000000000E+00,    9.3845671965E+01,    9.3845671965E+01,    0.0000000000E+00,    0.0000000000E+00,    0.0000000000E+00,    9.3845671965E+01
     96700,      0.676936,CP1_after_deposition,   1,    0.0000000000E+00,    9.3845671965E+01,    9.3845671965E+01,    0.0000000000E+00,    0.0000000000E+00,    0.0000000000E+00,    9.3845671965E+01
     96700,      0.676936,CP2_after_erosion,   1,    0.0000000000E+00,    9.3845671965E+01,    9.3845671965E+01,    0.0000000000E+00,    0.0000000000E+00,    0.0000000000E+00,    9.3845671965E+01
     96700,      0.676936,CP3_after_update_bottom,   1,    0.0000000000E+00,    9.3845671965E+01,    9.3845671965E+01,    0.0000000000E+00,    0.0000000000E+00,    0.0000000000E+00,    9.3845671965E+01
     96700,      0.676936,CP4_after_advection,   1,    0.0000000000E+00,    9.3847991360E+01,    9.3847991360E+01,    0.0000000000E+00,    0.0000000000E+00,    0.0000000000E+00,    9.3847991360E+01
     96700,      0.676936,CP5_after_vdif,   1,    0.0000000000E+00,    9.3847991360E+01,    9.3847991360E+01,    0.0000000000E+00,    0.0000000000E+00,    0.0000000000E+00,    9.3847991360E+01
     96700,      0.676936,CP6_after_kinetics,   1,    0.0000000000E+00,    9.3847991360E+01,    9.3847991360E+01,    0.0000000000E+00,    0.0000000000E+00,    0.0000000000E+00,    9.3847991360E+01
     96700,      0.676936,CP7_after_upper_clamp,   1,    0.0000000000E+00,    9.3847991360E+01,    9.3847991360E+01,    0.0000000000E+00,    0.0000000000E+00,    0.0000000000E+00,    9.3847991360E+01
     96700,      0.676936,CP8_after_OBC,   1,    0.0000000000E+00,    9.3847991360E+01,    9.3847991360E+01,    0.0000000000E+00,    0.0000000000E+00,    0.0000000000E+00,    9.3847991360E+01
     96700,      0.676936,CP9_after_PTsource,   1,    0.0000000000E+00,    9.3847991360E+01,    9.3847991360E+01,    0.0000000000E+00,    0.0000000000E+00,    0.0000000000E+00,    9.3847991360E+01
     96700,      0.676936,CP10_after_neg_clamp,   1,    0.0000000000E+00,    9.3847991360E+01,    9.3847991360E+01,    0.0000000000E+00,    0.0000000000E+00,    0.0000000000E+00,    9.3847991360E+01
     96700,      0.676936,CP11_after_MPI,   1,    0.0000000000E+00,    9.3847991360E+01,    9.3847991360E+01,    0.0000000000E+00,    0.0000000000E+00,    0.0000000000E+00,    9.3847991360E+01
     96700,      0.676936,CP12_end,   1,    0.0000000000E+00,    9.3847991360E+01,    9.3847991360E+01,    0.0000000000E+00,    0.0000000000E+00,    0.0000000000E+00,    9.3847991360E+01
     96750,      0.676936,CP0_start,   1,    0.0000000000E+00,    9.3932451404E+01,    9.3932451404E+01,    0.0000000000E+00,    0.0000000000E+00,    0.0000000000E+00,    9.3932451404E+01
     96750,      0.676936,CP1_after_deposition,   1,    0.0000000000E+00,    9.3932451404E+01,    9.3932451404E+01,    0.0000000000E+00,    0.0000000000E+00,    0.0000000000E+00,    9.3932451404E+01
     96750,      0.676936,CP2_after_erosion,   1,    0.0000000000E+00,    9.3932451404E+01,    9.3932451404E+01,    0.0000000000E+00,    0.0000000000E+00,    0.0000000000E+00,    9.3932451404E+01
     96750,      0.676936,CP3_after_update_bottom,   1,    0.0000000000E+00,    9.3932451404E+01,    9.3932451404E+01,    0.0000000000E+00,    0.0000000000E+00,    0.0000000000E+00,    9.3932451404E+01
     96750,      0.676936,CP4_after_advection,   1,    0.0000000000E+00,    9.3934839233E+01,    9.3934839233E+01,    0.0000000000E+00,    0.0000000000E+00,    0.0000000000E+00,    9.3934839233E+01
     96750,      0.676936,CP5_after_vdif,   1,    0.0000000000E+00,    9.3934839233E+01,    9.3934839233E+01,    0.0000000000E+00,    0.0000000000E+00,    0.0000000000E+00,    9.3934839233E+01
     96750,      0.676936,CP6_after_kinetics,   1,    0.0000000000E+00,    9.3934839233E+01,    9.3934839233E+01,    0.0000000000E+00,    0.0000000000E+00,    0.0000000000E+00,    9.3934839233E+01
     96750,      0.676936,CP7_after_upper_clamp,   1,    0.0000000000E+00,    9.3934839233E+01,    9.3934839233E+01,    0.0000000000E+00,    0.0000000000E+00,    0.0000000000E+00,    9.3934839233E+01
     96750,      0.676936,CP8_after_OBC,   1,    0.0000000000E+00,    9.3934839233E+01,    9.3934839233E+01,    0.0000000000E+00,    0.0000000000E+00,    0.0000000000E+00,    9.3934839233E+01
     96750,      0.676936,CP9_after_PTsource,   1,    0.0000000000E+00,    9.3934839233E+01,    9.3934839233E+01,    0.0000000000E+00,    0.0000000000E+00,    0.0000000000E+00,    9.3934839233E+01
     96750,      0.676936,CP10_after_neg_clamp,   1,    0.0000000000E+00,    9.3934839233E+01,    9.3934839233E+01,    0.0000000000E+00,    0.0000000000E+00,    0.0000000000E+00,    9.3934839233E+01
     96750,      0.676936,CP11_after_MPI,   1,    0.0000000000E+00,    9.3934839233E+01,    9.3934839233E+01,    0.0000000000E+00,    0.0000000000E+00,    0.0000000000E+00,    9.3934839233E+01
     96750,      0.676936,CP12_end,   1,    0.0000000000E+00,    9.3934839233E+01,    9.3934839233E+01,    0.0000000000E+00,    0.0000000000E+00,    0.0000000000E+00,    9.3934839233E+01
     96800,      0.676936,CP0_start,   1,    0.0000000000E+00,    9.4019349809E+01,    9.4019349809E+01,    0.0000000000E+00,    0.0000000000E+00,    0.0000000000E+00,    9.4019349809E+01
     96800,      0.676936,CP1_after_deposition,   1,    0.0000000000E+00,    9.4019349809E+01,    9.4019349809E+01,    0.0000000000E+00,    0.0000000000E+00,    0.0000000000E+00,    9.4019349809E+01
     96800,      0.676936,CP2_after_erosion,   1,    0.0000000000E+00,    9.4019349809E+01,    9.4019349809E+01,    0.0000000000E+00,    0.0000000000E+00,    0.0000000000E+00,    9.4019349809E+01
     96800,      0.676936,CP3_after_update_bottom,   1,    0.0000000000E+00,    9.4019349809E+01,    9.4019349809E+01,    0.0000000000E+00,    0.0000000000E+00,    0.0000000000E+00,    9.4019349809E+01
     96800,      0.676936,CP4_after_advection,   1,    0.0000000000E+00,    9.4021804142E+01,    9.4021804142E+01,    0.0000000000E+00,    0.0000000000E+00,    0.0000000000E+00,    9.4021804142E+01
     96800,      0.676936,CP5_after_vdif,   1,    0.0000000000E+00,    9.4021804142E+01,    9.4021804142E+01,    0.0000000000E+00,    0.0000000000E+00,    0.0000000000E+00,    9.4021804142E+01
     96800,      0.676936,CP6_after_kinetics,   1,    0.0000000000E+00,    9.4021804142E+01,    9.4021804142E+01,    0.0000000000E+00,    0.0000000000E+00,    0.0000000000E+00,    9.4021804142E+01
     96800,      0.676936,CP7_after_upper_clamp,   1,    0.0000000000E+00,    9.4021804142E+01,    9.4021804142E+01,    0.0000000000E+00,    0.0000000000E+00,    0.0000000000E+00,    9.4021804142E+01
     96800,      0.676936,CP8_after_OBC,   1,    0.0000000000E+00,    9.4021804142E+01,    9.4021804142E+01,    0.0000000000E+00,    0.0000000000E+00,    0.0000000000E+00,    9.4021804142E+01
     96800,      0.676936,CP9_after_PTsource,   1,    0.0000000000E+00,    9.4021804142E+01,    9.4021804142E+01,    0.0000000000E+00,    0.0000000000E+00,    0.0000000000E+00,    9.4021804142E+01
     96800,      0.676936,CP10_after_neg_clamp,   1,    0.0000000000E+00,    9.4021804142E+01,    9.4021804142E+01,    0.0000000000E+00,    0.0000000000E+00,    0.0000000000E+00,    9.4021804142E+01
     96800,      0.676936,CP11_after_MPI,   1,    0.0000000000E+00,    9.4021804142E+01,    9.4021804142E+01,    0.0000000000E+00,    0.0000000000E+00,    0.0000000000E+00,    9.4021804142E+01
     96800,      0.676936,CP12_end,   1,    0.0000000000E+00,    9.4021804142E+01,    9.4021804142E+01,    0.0000000000E+00,    0.0000000000E+00,    0.0000000000E+00,    9.4021804142E+01
     96850,      0.676936,CP0_start,   1,    0.0000000000E+00,    9.4106144791E+01,    9.4106144791E+01,    0.0000000000E+00,    0.0000000000E+00,    0.0000000000E+00,    9.4106144791E+01
     96850,      0.676936,CP1_after_deposition,   1,    0.0000000000E+00,    9.4106144791E+01,    9.4106144791E+01,    0.0000000000E+00,    0.0000000000E+00,    0.0000000000E+00,    9.4106144791E+01
     96850,      0.676936,CP2_after_erosion,   1,    0.0000000000E+00,    9.4106144791E+01,    9.4106144791E+01,    0.0000000000E+00,    0.0000000000E+00,    0.0000000000E+00,    9.4106144791E+01
     96850,      0.676936,CP3_after_update_bottom,   1,    0.0000000000E+00,    9.4106144791E+01,    9.4106144791E+01,    0.0000000000E+00,    0.0000000000E+00,    0.0000000000E+00,    9.4106144791E+01
     96850,      0.676936,CP4_after_advection,   1,    0.0000000000E+00,    9.4108661859E+01,    9.4108661859E+01,    0.0000000000E+00,    0.0000000000E+00,    0.0000000000E+00,    9.4108661859E+01
     96850,      0.676936,CP5_after_vdif,   1,    0.0000000000E+00,    9.4108661859E+01,    9.4108661859E+01,    0.0000000000E+00,    0.0000000000E+00,    0.0000000000E+00,    9.4108661859E+01
     96850,      0.676936,CP6_after_kinetics,   1,    0.0000000000E+00,    9.4108661859E+01,    9.4108661859E+01,    0.0000000000E+00,    0.0000000000E+00,    0.0000000000E+00,    9.4108661859E+01
     96850,      0.676936,CP7_after_upper_clamp,   1,    0.0000000000E+00,    9.4108661859E+01,    9.4108661859E+01,    0.0000000000E+00,    0.0000000000E+00,    0.0000000000E+00,    9.4108661859E+01
     96850,      0.676936,CP8_after_OBC,   1,    0.0000000000E+00,    9.4108661859E+01,    9.4108661859E+01,    0.0000000000E+00,    0.0000000000E+00,    0.0000000000E+00,    9.4108661859E+01
     96850,      0.676936,CP9_after_PTsource,   1,    0.0000000000E+00,    9.4108661859E+01,    9.4108661859E+01,    0.0000000000E+00,    0.0000000000E+00,    0.0000000000E+00,    9.4108661859E+01
     96850,      0.676936,CP10_after_neg_clamp,   1,    0.0000000000E+00,    9.4108661859E+01,    9.4108661859E+01,    0.0000000000E+00,    0.0000000000E+00,    0.0000000000E+00,    9.4108661859E+01
     96850,      0.676936,CP11_after_MPI,   1,    0.0000000000E+00,    9.4108661859E+01,    9.4108661859E+01,    0.0000000000E+00,    0.0000000000E+00,    0.0000000000E+00,    9.4108661859E+01
     96850,      0.676936,CP12_end,   1,    0.0000000000E+00,    9.4108661859E+01,    9.4108661859E+01,    0.0000000000E+00,    0.0000000000E+00,    0.0000000000E+00,    9.4108661859E+01
     96900,      0.676936,CP0_start,   1,    0.0000000000E+00,    9.4192617121E+01,    9.4192617121E+01,    0.0000000000E+00,    0.0000000000E+00,    0.0000000000E+00,    9.4192617121E+01
     96900,      0.676936,CP1_after_deposition,   1,    0.0000000000E+00,    9.4192617121E+01,    9.4192617121E+01,    0.0000000000E+00,    0.0000000000E+00,    0.0000000000E+00,    9.4192617121E+01
     96900,      0.676936,CP2_after_erosion,   1,    0.0000000000E+00,    9.4192617121E+01,    9.4192617121E+01,    0.0000000000E+00,    0.0000000000E+00,    0.0000000000E+00,    9.4192617121E+01
     96900,      0.676936,CP3_after_update_bottom,   1,    0.0000000000E+00,    9.4192617121E+01,    9.4192617121E+01,    0.0000000000E+00,    0.0000000000E+00,    0.0000000000E+00,    9.4192617121E+01
     96900,      0.676936,CP4_after_advection,   1,    0.0000000000E+00,    9.4195190676E+01,    9.4195190676E+01,    0.0000000000E+00,    0.0000000000E+00,    0.0000000000E+00,    9.4195190676E+01
     96900,      0.676936,CP5_after_vdif,   1,    0.0000000000E+00,    9.4195190676E+01,    9.4195190676E+01,    0.0000000000E+00,    0.0000000000E+00,    0.0000000000E+00,    9.4195190676E+01
     96900,      0.676936,CP6_after_kinetics,   1,    0.0000000000E+00,    9.4195190676E+01,    9.4195190676E+01,    0.0000000000E+00,    0.0000000000E+00,    0.0000000000E+00,    9.4195190676E+01
     96900,      0.676936,CP7_after_upper_clamp,   1,    0.0000000000E+00,    9.4195190676E+01,    9.4195190676E+01,    0.0000000000E+00,    0.0000000000E+00,    0.0000000000E+00,    9.4195190676E+01
     96900,      0.676936,CP8_after_OBC,   1,    0.0000000000E+00,    9.4195190676E+01,    9.4195190676E+01,    0.0000000000E+00,    0.0000000000E+00,    0.0000000000E+00,    9.4195190676E+01
     96900,      0.676936,CP9_after_PTsource,   1,    0.0000000000E+00,    9.4195190676E+01,    9.4195190676E+01,    0.0000000000E+00,    0.0000000000E+00,    0.0000000000E+00,    9.4195190676E+01
     96900,      0.676936,CP10_after_neg_clamp,   1,    0.0000000000E+00,    9.4195190676E+01,    9.4195190676E+01,    0.0000000000E+00,    0.0000000000E+00,    0.0000000000E+00,    9.4195190676E+01
     96900,      0.676936,CP11_after_MPI,   1,    0.0000000000E+00,    9.4195190676E+01,    9.4195190676E+01,    0.0000000000E+00,    0.0000000000E+00,    0.0000000000E+00,    9.4195190676E+01
     96900,      0.676936,CP12_end,   1,    0.0000000000E+00,    9.4195190676E+01,    9.4195190676E+01,    0.0000000000E+00,    0.0000000000E+00,    0.0000000000E+00,    9.4195190676E+01
     96950,      0.676936,CP0_start,   1,    0.0000000000E+00,    9.4278578698E+01,    9.4278578698E+01,    0.0000000000E+00,    0.0000000000E+00,    0.0000000000E+00,    9.4278578698E+01
     96950,      0.676936,CP1_after_deposition,   1,    0.0000000000E+00,    9.4278578698E+01,    9.4278578698E+01,    0.0000000000E+00,    0.0000000000E+00,    0.0000000000E+00,    9.4278578698E+01
     96950,      0.676936,CP2_after_erosion,   1,    0.0000000000E+00,    9.4278578698E+01,    9.4278578698E+01,    0.0000000000E+00,    0.0000000000E+00,    0.0000000000E+00,    9.4278578698E+01
     96950,      0.676936,CP3_after_update_bottom,   1,    0.0000000000E+00,    9.4278578698E+01,    9.4278578698E+01,    0.0000000000E+00,    0.0000000000E+00,    0.0000000000E+00,    9.4278578698E+01
     96950,      0.676936,CP4_after_advection,   1,    0.0000000000E+00,    9.4281209473E+01,    9.4281209473E+01,    0.0000000000E+00,    0.0000000000E+00,    0.0000000000E+00,    9.4281209473E+01
     96950,      0.676936,CP5_after_vdif,   1,    0.0000000000E+00,    9.4281209473E+01,    9.4281209473E+01,    0.0000000000E+00,    0.0000000000E+00,    0.0000000000E+00,    9.4281209473E+01
     96950,      0.676936,CP6_after_kinetics,   1,    0.0000000000E+00,    9.4281209473E+01,    9.4281209473E+01,    0.0000000000E+00,    0.0000000000E+00,    0.0000000000E+00,    9.4281209473E+01
     96950,      0.676936,CP7_after_upper_clamp,   1,    0.0000000000E+00,    9.4281209473E+01,    9.4281209473E+01,    0.0000000000E+00,    0.0000000000E+00,    0.0000000000E+00,    9.4281209473E+01
     96950,      0.676936,CP8_after_OBC,   1,    0.0000000000E+00,    9.4281209473E+01,    9.4281209473E+01,    0.0000000000E+00,    0.0000000000E+00,    0.0000000000E+00,    9.4281209473E+01
     96950,      0.676936,CP9_after_PTsource,   1,    0.0000000000E+00,    9.4281209473E+01,    9.4281209473E+01,    0.0000000000E+00,    0.0000000000E+00,    0.0000000000E+00,    9.4281209473E+01
     96950,      0.676936,CP10_after_neg_clamp,   1,    0.0000000000E+00,    9.4281209473E+01,    9.4281209473E+01,    0.0000000000E+00,    0.0000000000E+00,    0.0000000000E+00,    9.4281209473E+01
     96950,      0.676936,CP11_after_MPI,   1,    0.0000000000E+00,    9.4281209473E+01,    9.4281209473E+01,    0.0000000000E+00,    0.0000000000E+00,    0.0000000000E+00,    9.4281209473E+01
     96950,      0.676936,CP12_end,   1,    0.0000000000E+00,    9.4281209473E+01,    9.4281209473E+01,    0.0000000000E+00,    0.0000000000E+00,    0.0000000000E+00,    9.4281209473E+01
     97000,      0.676936,CP0_start,   1,    0.0000000000E+00,    9.4363972899E+01,    9.4363972899E+01,    0.0000000000E+00,    0.0000000000E+00,    0.0000000000E+00,    9.4363972899E+01
     97000,      0.676936,CP1_after_deposition,   1,    0.0000000000E+00,    9.4363972899E+01,    9.4363972899E+01,    0.0000000000E+00,    0.0000000000E+00,    0.0000000000E+00,    9.4363972899E+01
     97000,      0.676936,CP2_after_erosion,   1,    0.0000000000E+00,    9.4363972899E+01,    9.4363972899E+01,    0.0000000000E+00,    0.0000000000E+00,    0.0000000000E+00,    9.4363972899E+01
     97000,      0.676936,CP3_after_update_bottom,   1,    0.0000000000E+00,    9.4363972899E+01,    9.4363972899E+01,    0.0000000000E+00,    0.0000000000E+00,    0.0000000000E+00,    9.4363972899E+01
     97000,      0.676936,CP4_after_advection,   1,    0.0000000000E+00,    9.4366661469E+01,    9.4366661469E+01,    0.0000000000E+00,    0.0000000000E+00,    0.0000000000E+00,    9.4366661469E+01
     97000,      0.676936,CP5_after_vdif,   1,    0.0000000000E+00,    9.4366661469E+01,    9.4366661469E+01,    0.0000000000E+00,    0.0000000000E+00,    0.0000000000E+00,    9.4366661469E+01
     97000,      0.676936,CP6_after_kinetics,   1,    0.0000000000E+00,    9.4366661469E+01,    9.4366661469E+01,    0.0000000000E+00,    0.0000000000E+00,    0.0000000000E+00,    9.4366661469E+01
     97000,      0.676936,CP7_after_upper_clamp,   1,    0.0000000000E+00,    9.4366661469E+01,    9.4366661469E+01,    0.0000000000E+00,    0.0000000000E+00,    0.0000000000E+00,    9.4366661469E+01
     97000,      0.676936,CP8_after_OBC,   1,    0.0000000000E+00,    9.4366661469E+01,    9.4366661469E+01,    0.0000000000E+00,    0.0000000000E+00,    0.0000000000E+00,    9.4366661469E+01
     97000,      0.676936,CP9_after_PTsource,   1,    0.0000000000E+00,    9.4366661469E+01,    9.4366661469E+01,    0.0000000000E+00,    0.0000000000E+00,    0.0000000000E+00,    9.4366661469E+01
     97000,      0.676936,CP10_after_neg_clamp,   1,    0.0000000000E+00,    9.4366661469E+01,    9.4366661469E+01,    0.0000000000E+00,    0.0000000000E+00,    0.0000000000E+00,    9.4366661469E+01
     97000,      0.676936,CP11_after_MPI,   1,    0.0000000000E+00,    9.4366661469E+01,    9.4366661469E+01,    0.0000000000E+00,    0.0000000000E+00,    0.0000000000E+00,    9.4366661469E+01
     97000,      0.676936,CP12_end,   1,    0.0000000000E+00,    9.4366661469E+01,    9.4366661469E+01,    0.0000000000E+00,    0.0000000000E+00,    0.0000000000E+00,    9.4366661469E+01
     97050,      0.676936,CP0_start,   1,    0.0000000000E+00,    9.4448965742E+01,    9.4448965742E+01,    0.0000000000E+00,    0.0000000000E+00,    0.0000000000E+00,    9.4448965742E+01
     97050,      0.676936,CP1_after_deposition,   1,    0.0000000000E+00,    9.4448965742E+01,    9.4448965742E+01,    0.0000000000E+00,    0.0000000000E+00,    0.0000000000E+00,    9.4448965742E+01
     97050,      0.676936,CP2_after_erosion,   1,    0.0000000000E+00,    9.4448965742E+01,    9.4448965742E+01,    0.0000000000E+00,    0.0000000000E+00,    0.0000000000E+00,    9.4448965742E+01
     97050,      0.676936,CP3_after_update_bottom,   1,    0.0000000000E+00,    9.4448965742E+01,    9.4448965742E+01,    0.0000000000E+00,    0.0000000000E+00,    0.0000000000E+00,    9.4448965742E+01
     97050,      0.676936,CP4_after_advection,   1,    0.0000000000E+00,    9.4451714527E+01,    9.4451714527E+01,    0.0000000000E+00,    0.0000000000E+00,    0.0000000000E+00,    9.4451714527E+01
     97050,      0.676936,CP5_after_vdif,   1,    0.0000000000E+00,    9.4451714527E+01,    9.4451714527E+01,    0.0000000000E+00,    0.0000000000E+00,    0.0000000000E+00,    9.4451714527E+01
     97050,      0.676936,CP6_after_kinetics,   1,    0.0000000000E+00,    9.4451714527E+01,    9.4451714527E+01,    0.0000000000E+00,    0.0000000000E+00,    0.0000000000E+00,    9.4451714527E+01
     97050,      0.676936,CP7_after_upper_clamp,   1,    0.0000000000E+00,    9.4451714527E+01,    9.4451714527E+01,    0.0000000000E+00,    0.0000000000E+00,    0.0000000000E+00,    9.4451714527E+01
     97050,      0.676936,CP8_after_OBC,   1,    0.0000000000E+00,    9.4451714527E+01,    9.4451714527E+01,    0.0000000000E+00,    0.0000000000E+00,    0.0000000000E+00,    9.4451714527E+01
     97050,      0.676936,CP9_after_PTsource,   1,    0.0000000000E+00,    9.4451714527E+01,    9.4451714527E+01,    0.0000000000E+00,    0.0000000000E+00,    0.0000000000E+00,    9.4451714527E+01
     97050,      0.676936,CP10_after_neg_clamp,   1,    0.0000000000E+00,    9.4451714527E+01,    9.4451714527E+01,    0.0000000000E+00,    0.0000000000E+00,    0.0000000000E+00,    9.4451714527E+01
     97050,      0.676936,CP11_after_MPI,   1,    0.0000000000E+00,    9.4451714527E+01,    9.4451714527E+01,    0.0000000000E+00,    0.0000000000E+00,    0.0000000000E+00,    9.4451714527E+01
     97050,      0.676936,CP12_end,   1,    0.0000000000E+00,    9.4451714527E+01,    9.4451714527E+01,    0.0000000000E+00,    0.0000000000E+00,    0.0000000000E+00,    9.4451714527E+01
     97100,      0.676936,CP0_start,   1,    0.0000000000E+00,    9.4533958354E+01,    9.4533958354E+01,    0.0000000000E+00,    0.0000000000E+00,    0.0000000000E+00,    9.4533958354E+01
     97100,      0.676936,CP1_after_deposition,   1,    0.0000000000E+00,    9.4533958354E+01,    9.4533958354E+01,    0.0000000000E+00,    0.0000000000E+00,    0.0000000000E+00,    9.4533958354E+01
     97100,      0.676936,CP2_after_erosion,   1,    0.0000000000E+00,    9.4533958354E+01,    9.4533958354E+01,    0.0000000000E+00,    0.0000000000E+00,    0.0000000000E+00,    9.4533958354E+01
     97100,      0.676936,CP3_after_update_bottom,   1,    0.0000000000E+00,    9.4533958354E+01,    9.4533958354E+01,    0.0000000000E+00,    0.0000000000E+00,    0.0000000000E+00,    9.4533958354E+01
     97100,      0.676936,CP4_after_advection,   1,    0.0000000000E+00,    9.4536780059E+01,    9.4536780059E+01,    0.0000000000E+00,    0.0000000000E+00,    0.0000000000E+00,    9.4536780059E+01
     97100,      0.676936,CP5_after_vdif,   1,    0.0000000000E+00,    9.4536780059E+01,    9.4536780059E+01,    0.0000000000E+00,    0.0000000000E+00,    0.0000000000E+00,    9.4536780059E+01
     97100,      0.676936,CP6_after_kinetics,   1,    0.0000000000E+00,    9.4536780059E+01,    9.4536780059E+01,    0.0000000000E+00,    0.0000000000E+00,    0.0000000000E+00,    9.4536780059E+01
     97100,      0.676936,CP7_after_upper_clamp,   1,    0.0000000000E+00,    9.4536780059E+01,    9.4536780059E+01,    0.0000000000E+00,    0.0000000000E+00,    0.0000000000E+00,    9.4536780059E+01
     97100,      0.676936,CP8_after_OBC,   1,    0.0000000000E+00,    9.4536780059E+01,    9.4536780059E+01,    0.0000000000E+00,    0.0000000000E+00,    0.0000000000E+00,    9.4536780059E+01
     97100,      0.676936,CP9_after_PTsource,   1,    0.0000000000E+00,    9.4536780059E+01,    9.4536780059E+01,    0.0000000000E+00,    0.0000000000E+00,    0.0000000000E+00,    9.4536780059E+01
     97100,      0.676936,CP10_after_neg_clamp,   1,    0.0000000000E+00,    9.4536780059E+01,    9.4536780059E+01,    0.0000000000E+00,    0.0000000000E+00,    0.0000000000E+00,    9.4536780059E+01
     97100,      0.676936,CP11_after_MPI,   1,    0.0000000000E+00,    9.4536780059E+01,    9.4536780059E+01,    0.0000000000E+00,    0.0000000000E+00,    0.0000000000E+00,    9.4536780059E+01
     97100,      0.676936,CP12_end,   1,    0.0000000000E+00,    9.4536780059E+01,    9.4536780059E+01,    0.0000000000E+00,    0.0000000000E+00,    0.0000000000E+00,    9.4536780059E+01
     97150,      0.676936,CP0_start,   1,    0.0000000000E+00,    9.4619650002E+01,    9.4619650002E+01,    0.0000000000E+00,    0.0000000000E+00,    0.0000000000E+00,    9.4619650002E+01
     97150,      0.676936,CP1_after_deposition,   1,    0.0000000000E+00,    9.4619650002E+01,    9.4619650002E+01,    0.0000000000E+00,    0.0000000000E+00,    0.0000000000E+00,    9.4619650002E+01
     97150,      0.676936,CP2_after_erosion,   1,    0.0000000000E+00,    9.4619650002E+01,    9.4619650002E+01,    0.0000000000E+00,    0.0000000000E+00,    0.0000000000E+00,    9.4619650002E+01
     97150,      0.676936,CP3_after_update_bottom,   1,    0.0000000000E+00,    9.4619650002E+01,    9.4619650002E+01,    0.0000000000E+00,    0.0000000000E+00,    0.0000000000E+00,    9.4619650002E+01
     97150,      0.676936,CP4_after_advection,   1,    0.0000000000E+00,    9.4622564771E+01,    9.4622564771E+01,    0.0000000000E+00,    0.0000000000E+00,    0.0000000000E+00,    9.4622564771E+01
     97150,      0.676936,CP5_after_vdif,   1,    0.0000000000E+00,    9.4622564771E+01,    9.4622564771E+01,    0.0000000000E+00,    0.0000000000E+00,    0.0000000000E+00,    9.4622564771E+01
     97150,      0.676936,CP6_after_kinetics,   1,    0.0000000000E+00,    9.4622564771E+01,    9.4622564771E+01,    0.0000000000E+00,    0.0000000000E+00,    0.0000000000E+00,    9.4622564771E+01
     97150,      0.676936,CP7_after_upper_clamp,   1,    0.0000000000E+00,    9.4622564771E+01,    9.4622564771E+01,    0.0000000000E+00,    0.0000000000E+00,    0.0000000000E+00,    9.4622564771E+01
     97150,      0.676936,CP8_after_OBC,   1,    0.0000000000E+00,    9.4622564771E+01,    9.4622564771E+01,    0.0000000000E+00,    0.0000000000E+00,    0.0000000000E+00,    9.4622564771E+01
     97150,      0.676936,CP9_after_PTsource,   1,    0.0000000000E+00,    9.4622564771E+01,    9.4622564771E+01,    0.0000000000E+00,    0.0000000000E+00,    0.0000000000E+00,    9.4622564771E+01
     97150,      0.676936,CP10_after_neg_clamp,   1,    0.0000000000E+00,    9.4622564771E+01,    9.4622564771E+01,    0.0000000000E+00,    0.0000000000E+00,    0.0000000000E+00,    9.4622564771E+01
     97150,      0.676936,CP11_after_MPI,   1,    0.0000000000E+00,    9.4622564771E+01,    9.4622564771E+01,    0.0000000000E+00,    0.0000000000E+00,    0.0000000000E+00,    9.4622564771E+01
     97150,      0.676936,CP12_end,   1,    0.0000000000E+00,    9.4622564771E+01,    9.4622564771E+01,    0.0000000000E+00,    0.0000000000E+00,    0.0000000000E+00,    9.4622564771E+01
     97200,      0.676936,CP0_start,   1,    0.0000000000E+00,    9.4706795522E+01,    9.4706795522E+01,    0.0000000000E+00,    0.0000000000E+00,    0.0000000000E+00,    9.4706795522E+01
     97200,      0.676936,CP1_after_deposition,   1,    0.0000000000E+00,    9.4706795522E+01,    9.4706795522E+01,    0.0000000000E+00,    0.0000000000E+00,    0.0000000000E+00,    9.4706795522E+01
     97200,      0.676936,CP2_after_erosion,   1,    0.0000000000E+00,    9.4706795522E+01,    9.4706795522E+01,    0.0000000000E+00,    0.0000000000E+00,    0.0000000000E+00,    9.4706795522E+01
     97200,      0.676936,CP3_after_update_bottom,   1,    0.0000000000E+00,    9.4706795522E+01,    9.4706795522E+01,    0.0000000000E+00,    0.0000000000E+00,    0.0000000000E+00,    9.4706795522E+01
     97200,      0.676936,CP4_after_advection,   1,    0.0000000000E+00,    9.4709821191E+01,    9.4709821191E+01,    0.0000000000E+00,    0.0000000000E+00,    0.0000000000E+00,    9.4709821191E+01
     97200,      0.676936,CP5_after_vdif,   1,    0.0000000000E+00,    9.4709821191E+01,    9.4709821191E+01,    0.0000000000E+00,    0.0000000000E+00,    0.0000000000E+00,    9.4709821191E+01
     97200,      0.676936,CP6_after_kinetics,   1,    0.0000000000E+00,    9.4709821191E+01,    9.4709821191E+01,    0.0000000000E+00,    0.0000000000E+00,    0.0000000000E+00,    9.4709821191E+01
     97200,      0.676936,CP7_after_upper_clamp,   1,    0.0000000000E+00,    9.4709821191E+01,    9.4709821191E+01,    0.0000000000E+00,    0.0000000000E+00,    0.0000000000E+00,    9.4709821191E+01
     97200,      0.676936,CP8_after_OBC,   1,    0.0000000000E+00,    9.4709821191E+01,    9.4709821191E+01,    0.0000000000E+00,    0.0000000000E+00,    0.0000000000E+00,    9.4709821191E+01
     97200,      0.676936,CP9_after_PTsource,   1,    0.0000000000E+00,    9.4709821191E+01,    9.4709821191E+01,    0.0000000000E+00,    0.0000000000E+00,    0.0000000000E+00,    9.4709821191E+01
     97200,      0.676936,CP10_after_neg_clamp,   1,    0.0000000000E+00,    9.4709821191E+01,    9.4709821191E+01,    0.0000000000E+00,    0.0000000000E+00,    0.0000000000E+00,    9.4709821191E+01
     97200,      0.676936,CP11_after_MPI,   1,    0.0000000000E+00,    9.4709821191E+01,    9.4709821191E+01,    0.0000000000E+00,    0.0000000000E+00,    0.0000000000E+00,    9.4709821191E+01
     97200,      0.676936,CP12_end,   1,    0.0000000000E+00,    9.4709821191E+01,    9.4709821191E+01,    0.0000000000E+00,    0.0000000000E+00,    0.0000000000E+00,    9.4709821191E+01
     97250,      0.676936,CP0_start,   1,    0.0000000000E+00,    9.4796198111E+01,    9.4796198111E+01,    0.0000000000E+00,    0.0000000000E+00,    0.0000000000E+00,    9.4796198111E+01
     97250,      0.676936,CP1_after_deposition,   1,    0.0000000000E+00,    9.4796198111E+01,    9.4796198111E+01,    0.0000000000E+00,    0.0000000000E+00,    0.0000000000E+00,    9.4796198111E+01
     97250,      0.676936,CP2_after_erosion,   1,    0.0000000000E+00,    9.4796198111E+01,    9.4796198111E+01,    0.0000000000E+00,    0.0000000000E+00,    0.0000000000E+00,    9.4796198111E+01
     97250,      0.676936,CP3_after_update_bottom,   1,    0.0000000000E+00,    9.4796198111E+01,    9.4796198111E+01,    0.0000000000E+00,    0.0000000000E+00,    0.0000000000E+00,    9.4796198111E+01
     97250,      0.676936,CP4_after_advection,   1,    0.0000000000E+00,    9.4799341828E+01,    9.4799341828E+01,    0.0000000000E+00,    0.0000000000E+00,    0.0000000000E+00,    9.4799341828E+01
     97250,      0.676936,CP5_after_vdif,   1,    0.0000000000E+00,    9.4799341828E+01,    9.4799341828E+01,    0.0000000000E+00,    0.0000000000E+00,    0.0000000000E+00,    9.4799341828E+01
     97250,      0.676936,CP6_after_kinetics,   1,    0.0000000000E+00,    9.4799341828E+01,    9.4799341828E+01,    0.0000000000E+00,    0.0000000000E+00,    0.0000000000E+00,    9.4799341828E+01
     97250,      0.676936,CP7_after_upper_clamp,   1,    0.0000000000E+00,    9.4799341828E+01,    9.4799341828E+01,    0.0000000000E+00,    0.0000000000E+00,    0.0000000000E+00,    9.4799341828E+01
     97250,      0.676936,CP8_after_OBC,   1,    0.0000000000E+00,    9.4799341828E+01,    9.4799341828E+01,    0.0000000000E+00,    0.0000000000E+00,    0.0000000000E+00,    9.4799341828E+01
     97250,      0.676936,CP9_after_PTsource,   1,    0.0000000000E+00,    9.4799341828E+01,    9.4799341828E+01,    0.0000000000E+00,    0.0000000000E+00,    0.0000000000E+00,    9.4799341828E+01
     97250,      0.676936,CP10_after_neg_clamp,   1,    0.0000000000E+00,    9.4799341828E+01,    9.4799341828E+01,    0.0000000000E+00,    0.0000000000E+00,    0.0000000000E+00,    9.4799341828E+01
     97250,      0.676936,CP11_after_MPI,   1,    0.0000000000E+00,    9.4799341828E+01,    9.4799341828E+01,    0.0000000000E+00,    0.0000000000E+00,    0.0000000000E+00,    9.4799341828E+01
     97250,      0.676936,CP12_end,   1,    0.0000000000E+00,    9.4799341828E+01,    9.4799341828E+01,    0.0000000000E+00,    0.0000000000E+00,    0.0000000000E+00,    9.4799341828E+01
     97300,      0.676936,CP0_start,   1,    0.0000000000E+00,    9.4888351333E+01,    9.4888351333E+01,    0.0000000000E+00,    0.0000000000E+00,    0.0000000000E+00,    9.4888351333E+01
     97300,      0.676936,CP1_after_deposition,   1,    0.0000000000E+00,    9.4888351333E+01,    9.4888351333E+01,    0.0000000000E+00,    0.0000000000E+00,    0.0000000000E+00,    9.4888351333E+01
     97300,      0.676936,CP2_after_erosion,   1,    0.0000000000E+00,    9.4888351333E+01,    9.4888351333E+01,    0.0000000000E+00,    0.0000000000E+00,    0.0000000000E+00,    9.4888351333E+01
     97300,      0.676936,CP3_after_update_bottom,   1,    0.0000000000E+00,    9.4888351333E+01,    9.4888351333E+01,    0.0000000000E+00,    0.0000000000E+00,    0.0000000000E+00,    9.4888351333E+01
     97300,      0.676936,CP4_after_advection,   1,    0.0000000000E+00,    9.4891624559E+01,    9.4891624559E+01,    0.0000000000E+00,    0.0000000000E+00,    0.0000000000E+00,    9.4891624559E+01
     97300,      0.676936,CP5_after_vdif,   1,    0.0000000000E+00,    9.4891624559E+01,    9.4891624559E+01,    0.0000000000E+00,    0.0000000000E+00,    0.0000000000E+00,    9.4891624559E+01
     97300,      0.676936,CP6_after_kinetics,   1,    0.0000000000E+00,    9.4891624559E+01,    9.4891624559E+01,    0.0000000000E+00,    0.0000000000E+00,    0.0000000000E+00,    9.4891624559E+01
     97300,      0.676936,CP7_after_upper_clamp,   1,    0.0000000000E+00,    9.4891624559E+01,    9.4891624559E+01,    0.0000000000E+00,    0.0000000000E+00,    0.0000000000E+00,    9.4891624559E+01
     97300,      0.676936,CP8_after_OBC,   1,    0.0000000000E+00,    9.4891624559E+01,    9.4891624559E+01,    0.0000000000E+00,    0.0000000000E+00,    0.0000000000E+00,    9.4891624559E+01
     97300,      0.676936,CP9_after_PTsource,   1,    0.0000000000E+00,    9.4891624559E+01,    9.4891624559E+01,    0.0000000000E+00,    0.0000000000E+00,    0.0000000000E+00,    9.4891624559E+01
     97300,      0.676936,CP10_after_neg_clamp,   1,    0.0000000000E+00,    9.4891624559E+01,    9.4891624559E+01,    0.0000000000E+00,    0.0000000000E+00,    0.0000000000E+00,    9.4891624559E+01
     97300,      0.676936,CP11_after_MPI,   1,    0.0000000000E+00,    9.4891624559E+01,    9.4891624559E+01,    0.0000000000E+00,    0.0000000000E+00,    0.0000000000E+00,    9.4891624559E+01
     97300,      0.676936,CP12_end,   1,    0.0000000000E+00,    9.4891624559E+01,    9.4891624559E+01,    0.0000000000E+00,    0.0000000000E+00,    0.0000000000E+00,    9.4891624559E+01
     97350,      0.676936,CP0_start,   1,    0.0000000000E+00,    9.4983420671E+01,    9.4983420671E+01,    0.0000000000E+00,    0.0000000000E+00,    0.0000000000E+00,    9.4983420671E+01
     97350,      0.676936,CP1_after_deposition,   1,    0.0000000000E+00,    9.4983420671E+01,    9.4983420671E+01,    0.0000000000E+00,    0.0000000000E+00,    0.0000000000E+00,    9.4983420671E+01
     97350,      0.676936,CP2_after_erosion,   1,    0.0000000000E+00,    9.4983420671E+01,    9.4983420671E+01,    0.0000000000E+00,    0.0000000000E+00,    0.0000000000E+00,    9.4983420671E+01
     97350,      0.676936,CP3_after_update_bottom,   1,    0.0000000000E+00,    9.4983420671E+01,    9.4983420671E+01,    0.0000000000E+00,    0.0000000000E+00,    0.0000000000E+00,    9.4983420671E+01
     97350,      0.676936,CP4_after_advection,   1,    0.0000000000E+00,    9.4986824683E+01,    9.4986824683E+01,    0.0000000000E+00,    0.0000000000E+00,    0.0000000000E+00,    9.4986824683E+01
     97350,      0.676936,CP5_after_vdif,   1,    0.0000000000E+00,    9.4986824683E+01,    9.4986824683E+01,    0.0000000000E+00,    0.0000000000E+00,    0.0000000000E+00,    9.4986824683E+01
     97350,      0.676936,CP6_after_kinetics,   1,    0.0000000000E+00,    9.4986824683E+01,    9.4986824683E+01,    0.0000000000E+00,    0.0000000000E+00,    0.0000000000E+00,    9.4986824683E+01
     97350,      0.676936,CP7_after_upper_clamp,   1,    0.0000000000E+00,    9.4986824683E+01,    9.4986824683E+01,    0.0000000000E+00,    0.0000000000E+00,    0.0000000000E+00,    9.4986824683E+01
     97350,      0.676936,CP8_after_OBC,   1,    0.0000000000E+00,    9.4986824683E+01,    9.4986824683E+01,    0.0000000000E+00,    0.0000000000E+00,    0.0000000000E+00,    9.4986824683E+01
     97350,      0.676936,CP9_after_PTsource,   1,    0.0000000000E+00,    9.4986824683E+01,    9.4986824683E+01,    0.0000000000E+00,    0.0000000000E+00,    0.0000000000E+00,    9.4986824683E+01
     97350,      0.676936,CP10_after_neg_clamp,   1,    0.0000000000E+00,    9.4986824683E+01,    9.4986824683E+01,    0.0000000000E+00,    0.0000000000E+00,    0.0000000000E+00,    9.4986824683E+01
     97350,      0.676936,CP11_after_MPI,   1,    0.0000000000E+00,    9.4986824683E+01,    9.4986824683E+01,    0.0000000000E+00,    0.0000000000E+00,    0.0000000000E+00,    9.4986824683E+01
     97350,      0.676936,CP12_end,   1,    0.0000000000E+00,    9.4986824683E+01,    9.4986824683E+01,    0.0000000000E+00,    0.0000000000E+00,    0.0000000000E+00,    9.4986824683E+01
     97400,      0.676936,CP0_start,   1,    0.0000000000E+00,    9.5081230862E+01,    9.5081230862E+01,    0.0000000000E+00,    0.0000000000E+00,    0.0000000000E+00,    9.5081230862E+01
     97400,      0.676936,CP1_after_deposition,   1,    0.0000000000E+00,    9.5081230862E+01,    9.5081230862E+01,    0.0000000000E+00,    0.0000000000E+00,    0.0000000000E+00,    9.5081230862E+01
     97400,      0.676936,CP2_after_erosion,   1,    0.0000000000E+00,    9.5081230862E+01,    9.5081230862E+01,    0.0000000000E+00,    0.0000000000E+00,    0.0000000000E+00,    9.5081230862E+01
     97400,      0.676936,CP3_after_update_bottom,   1,    0.0000000000E+00,    9.5081230862E+01,    9.5081230862E+01,    0.0000000000E+00,    0.0000000000E+00,    0.0000000000E+00,    9.5081230862E+01
     97400,      0.676936,CP4_after_advection,   1,    0.0000000000E+00,    9.5084756320E+01,    9.5084756320E+01,    0.0000000000E+00,    0.0000000000E+00,    0.0000000000E+00,    9.5084756320E+01
     97400,      0.676936,CP5_after_vdif,   1,    0.0000000000E+00,    9.5084756320E+01,    9.5084756320E+01,    0.0000000000E+00,    0.0000000000E+00,    0.0000000000E+00,    9.5084756320E+01
     97400,      0.676936,CP6_after_kinetics,   1,    0.0000000000E+00,    9.5084756320E+01,    9.5084756320E+01,    0.0000000000E+00,    0.0000000000E+00,    0.0000000000E+00,    9.5084756320E+01
     97400,      0.676936,CP7_after_upper_clamp,   1,    0.0000000000E+00,    9.5084756320E+01,    9.5084756320E+01,    0.0000000000E+00,    0.0000000000E+00,    0.0000000000E+00,    9.5084756320E+01
     97400,      0.676936,CP8_after_OBC,   1,    0.0000000000E+00,    9.5084756320E+01,    9.5084756320E+01,    0.0000000000E+00,    0.0000000000E+00,    0.0000000000E+00,    9.5084756320E+01
     97400,      0.676936,CP9_after_PTsource,   1,    0.0000000000E+00,    9.5084756320E+01,    9.5084756320E+01,    0.0000000000E+00,    0.0000000000E+00,    0.0000000000E+00,    9.5084756320E+01
     97400,      0.676936,CP10_after_neg_clamp,   1,    0.0000000000E+00,    9.5084756320E+01,    9.5084756320E+01,    0.0000000000E+00,    0.0000000000E+00,    0.0000000000E+00,    9.5084756320E+01
     97400,      0.676936,CP11_after_MPI,   1,    0.0000000000E+00,    9.5084756320E+01,    9.5084756320E+01,    0.0000000000E+00,    0.0000000000E+00,    0.0000000000E+00,    9.5084756320E+01
     97400,      0.676936,CP12_end,   1,    0.0000000000E+00,    9.5084756320E+01,    9.5084756320E+01,    0.0000000000E+00,    0.0000000000E+00,    0.0000000000E+00,    9.5084756320E+01
     97450,      0.676936,CP0_start,   1,    0.0000000000E+00,    9.5181226951E+01,    9.5181226951E+01,    0.0000000000E+00,    0.0000000000E+00,    0.0000000000E+00,    9.5181226951E+01
     97450,      0.676936,CP1_after_deposition,   1,    0.0000000000E+00,    9.5181226951E+01,    9.5181226951E+01,    0.0000000000E+00,    0.0000000000E+00,    0.0000000000E+00,    9.5181226951E+01
     97450,      0.676936,CP2_after_erosion,   1,    0.0000000000E+00,    9.5181226951E+01,    9.5181226951E+01,    0.0000000000E+00,    0.0000000000E+00,    0.0000000000E+00,    9.5181226951E+01
     97450,      0.676936,CP3_after_update_bottom,   1,    0.0000000000E+00,    9.5181226951E+01,    9.5181226951E+01,    0.0000000000E+00,    0.0000000000E+00,    0.0000000000E+00,    9.5181226951E+01
     97450,      0.676936,CP4_after_advection,   1,    0.0000000000E+00,    9.5184862988E+01,    9.5184862988E+01,    0.0000000000E+00,    0.0000000000E+00,    0.0000000000E+00,    9.5184862988E+01
     97450,      0.676936,CP5_after_vdif,   1,    0.0000000000E+00,    9.5184862988E+01,    9.5184862988E+01,    0.0000000000E+00,    0.0000000000E+00,    0.0000000000E+00,    9.5184862988E+01
     97450,      0.676936,CP6_after_kinetics,   1,    0.0000000000E+00,    9.5184862988E+01,    9.5184862988E+01,    0.0000000000E+00,    0.0000000000E+00,    0.0000000000E+00,    9.5184862988E+01
     97450,      0.676936,CP7_after_upper_clamp,   1,    0.0000000000E+00,    9.5184862988E+01,    9.5184862988E+01,    0.0000000000E+00,    0.0000000000E+00,    0.0000000000E+00,    9.5184862988E+01
     97450,      0.676936,CP8_after_OBC,   1,    0.0000000000E+00,    9.5184862988E+01,    9.5184862988E+01,    0.0000000000E+00,    0.0000000000E+00,    0.0000000000E+00,    9.5184862988E+01
     97450,      0.676936,CP9_after_PTsource,   1,    0.0000000000E+00,    9.5184862988E+01,    9.5184862988E+01,    0.0000000000E+00,    0.0000000000E+00,    0.0000000000E+00,    9.5184862988E+01
     97450,      0.676936,CP10_after_neg_clamp,   1,    0.0000000000E+00,    9.5184862988E+01,    9.5184862988E+01,    0.0000000000E+00,    0.0000000000E+00,    0.0000000000E+00,    9.5184862988E+01
     97450,      0.676936,CP11_after_MPI,   1,    0.0000000000E+00,    9.5184862988E+01,    9.5184862988E+01,    0.0000000000E+00,    0.0000000000E+00,    0.0000000000E+00,    9.5184862988E+01
     97450,      0.676936,CP12_end,   1,    0.0000000000E+00,    9.5184862988E+01,    9.5184862988E+01,    0.0000000000E+00,    0.0000000000E+00,    0.0000000000E+00,    9.5184862988E+01
     97500,      0.676936,CP0_start,   1,    0.0000000000E+00,    9.5282661815E+01,    9.5282661815E+01,    0.0000000000E+00,    0.0000000000E+00,    0.0000000000E+00,    9.5282661815E+01
     97500,      0.676936,CP1_after_deposition,   1,    0.0000000000E+00,    9.5282661815E+01,    9.5282661815E+01,    0.0000000000E+00,    0.0000000000E+00,    0.0000000000E+00,    9.5282661815E+01
     97500,      0.676936,CP2_after_erosion,   1,    0.0000000000E+00,    9.5282661815E+01,    9.5282661815E+01,    0.0000000000E+00,    0.0000000000E+00,    0.0000000000E+00,    9.5282661815E+01
     97500,      0.676936,CP3_after_update_bottom,   1,    0.0000000000E+00,    9.5282661815E+01,    9.5282661815E+01,    0.0000000000E+00,    0.0000000000E+00,    0.0000000000E+00,    9.5282661815E+01
     97500,      0.676936,CP4_after_advection,   1,    0.0000000000E+00,    9.5286389431E+01,    9.5286389431E+01,    0.0000000000E+00,    0.0000000000E+00,    0.0000000000E+00,    9.5286389431E+01
     97500,      0.676936,CP5_after_vdif,   1,    0.0000000000E+00,    9.5286389431E+01,    9.5286389431E+01,    0.0000000000E+00,    0.0000000000E+00,    0.0000000000E+00,    9.5286389431E+01
     97500,      0.676936,CP6_after_kinetics,   1,    0.0000000000E+00,    9.5286389431E+01,    9.5286389431E+01,    0.0000000000E+00,    0.0000000000E+00,    0.0000000000E+00,    9.5286389431E+01
     97500,      0.676936,CP7_after_upper_clamp,   1,    0.0000000000E+00,    9.5286389431E+01,    9.5286389431E+01,    0.0000000000E+00,    0.0000000000E+00,    0.0000000000E+00,    9.5286389431E+01
     97500,      0.676936,CP8_after_OBC,   1,    0.0000000000E+00,    9.5286389431E+01,    9.5286389431E+01,    0.0000000000E+00,    0.0000000000E+00,    0.0000000000E+00,    9.5286389431E+01
     97500,      0.676936,CP9_after_PTsource,   1,    0.0000000000E+00,    9.5286389431E+01,    9.5286389431E+01,    0.0000000000E+00,    0.0000000000E+00,    0.0000000000E+00,    9.5286389431E+01
     97500,      0.676936,CP10_after_neg_clamp,   1,    0.0000000000E+00,    9.5286389431E+01,    9.5286389431E+01,    0.0000000000E+00,    0.0000000000E+00,    0.0000000000E+00,    9.5286389431E+01
     97500,      0.676936,CP11_after_MPI,   1,    0.0000000000E+00,    9.5286389431E+01,    9.5286389431E+01,    0.0000000000E+00,    0.0000000000E+00,    0.0000000000E+00,    9.5286389431E+01
     97500,      0.676936,CP12_end,   1,    0.0000000000E+00,    9.5286389431E+01,    9.5286389431E+01,    0.0000000000E+00,    0.0000000000E+00,    0.0000000000E+00,    9.5286389431E+01
     97550,      0.676936,CP0_start,   1,    0.0000000000E+00,    9.5384729776E+01,    9.5384729776E+01,    0.0000000000E+00,    0.0000000000E+00,    0.0000000000E+00,    9.5384729776E+01
     97550,      0.676936,CP1_after_deposition,   1,    0.0000000000E+00,    9.5384729776E+01,    9.5384729776E+01,    0.0000000000E+00,    0.0000000000E+00,    0.0000000000E+00,    9.5384729776E+01
     97550,      0.676936,CP2_after_erosion,   1,    0.0000000000E+00,    9.5384729776E+01,    9.5384729776E+01,    0.0000000000E+00,    0.0000000000E+00,    0.0000000000E+00,    9.5384729776E+01
     97550,      0.676936,CP3_after_update_bottom,   1,    0.0000000000E+00,    9.5384729776E+01,    9.5384729776E+01,    0.0000000000E+00,    0.0000000000E+00,    0.0000000000E+00,    9.5384729776E+01
     97550,      0.676936,CP4_after_advection,   1,    0.0000000000E+00,    9.5388534789E+01,    9.5388534789E+01,    0.0000000000E+00,    0.0000000000E+00,    0.0000000000E+00,    9.5388534789E+01
     97550,      0.676936,CP5_after_vdif,   1,    0.0000000000E+00,    9.5388534789E+01,    9.5388534789E+01,    0.0000000000E+00,    0.0000000000E+00,    0.0000000000E+00,    9.5388534789E+01
     97550,      0.676936,CP6_after_kinetics,   1,    0.0000000000E+00,    9.5388534789E+01,    9.5388534789E+01,    0.0000000000E+00,    0.0000000000E+00,    0.0000000000E+00,    9.5388534789E+01
     97550,      0.676936,CP7_after_upper_clamp,   1,    0.0000000000E+00,    9.5388534789E+01,    9.5388534789E+01,    0.0000000000E+00,    0.0000000000E+00,    0.0000000000E+00,    9.5388534789E+01
     97550,      0.676936,CP8_after_OBC,   1,    0.0000000000E+00,    9.5388534789E+01,    9.5388534789E+01,    0.0000000000E+00,    0.0000000000E+00,    0.0000000000E+00,    9.5388534789E+01
     97550,      0.676936,CP9_after_PTsource,   1,    0.0000000000E+00,    9.5388534789E+01,    9.5388534789E+01,    0.0000000000E+00,    0.0000000000E+00,    0.0000000000E+00,    9.5388534789E+01
     97550,      0.676936,CP10_after_neg_clamp,   1,    0.0000000000E+00,    9.5388534789E+01,    9.5388534789E+01,    0.0000000000E+00,    0.0000000000E+00,    0.0000000000E+00,    9.5388534789E+01
     97550,      0.676936,CP11_after_MPI,   1,    0.0000000000E+00,    9.5388534789E+01,    9.5388534789E+01,    0.0000000000E+00,    0.0000000000E+00,    0.0000000000E+00,    9.5388534789E+01
     97550,      0.676936,CP12_end,   1,    0.0000000000E+00,    9.5388534789E+01,    9.5388534789E+01,    0.0000000000E+00,    0.0000000000E+00,    0.0000000000E+00,    9.5388534789E+01
     97600,      0.676936,CP0_start,   1,    0.0000000000E+00,    9.5486853535E+01,    9.5486853535E+01,    0.0000000000E+00,    0.0000000000E+00,    0.0000000000E+00,    9.5486853535E+01
     97600,      0.676936,CP1_after_deposition,   1,    0.0000000000E+00,    9.5486853535E+01,    9.5486853535E+01,    0.0000000000E+00,    0.0000000000E+00,    0.0000000000E+00,    9.5486853535E+01
     97600,      0.676936,CP2_after_erosion,   1,    0.0000000000E+00,    9.5486853535E+01,    9.5486853535E+01,    0.0000000000E+00,    0.0000000000E+00,    0.0000000000E+00,    9.5486853535E+01
     97600,      0.676936,CP3_after_update_bottom,   1,    0.0000000000E+00,    9.5486853535E+01,    9.5486853535E+01,    0.0000000000E+00,    0.0000000000E+00,    0.0000000000E+00,    9.5486853535E+01
     97600,      0.676936,CP4_after_advection,   1,    0.0000000000E+00,    9.5490730195E+01,    9.5490730195E+01,    0.0000000000E+00,    0.0000000000E+00,    0.0000000000E+00,    9.5490730195E+01
     97600,      0.676936,CP5_after_vdif,   1,    0.0000000000E+00,    9.5490730195E+01,    9.5490730195E+01,    0.0000000000E+00,    0.0000000000E+00,    0.0000000000E+00,    9.5490730195E+01
     97600,      0.676936,CP6_after_kinetics,   1,    0.0000000000E+00,    9.5490730195E+01,    9.5490730195E+01,    0.0000000000E+00,    0.0000000000E+00,    0.0000000000E+00,    9.5490730195E+01
     97600,      0.676936,CP7_after_upper_clamp,   1,    0.0000000000E+00,    9.5490730195E+01,    9.5490730195E+01,    0.0000000000E+00,    0.0000000000E+00,    0.0000000000E+00,    9.5490730195E+01
     97600,      0.676936,CP8_after_OBC,   1,    0.0000000000E+00,    9.5490730195E+01,    9.5490730195E+01,    0.0000000000E+00,    0.0000000000E+00,    0.0000000000E+00,    9.5490730195E+01
     97600,      0.676936,CP9_after_PTsource,   1,    0.0000000000E+00,    9.5490730195E+01,    9.5490730195E+01,    0.0000000000E+00,    0.0000000000E+00,    0.0000000000E+00,    9.5490730195E+01
     97600,      0.676936,CP10_after_neg_clamp,   1,    0.0000000000E+00,    9.5490730195E+01,    9.5490730195E+01,    0.0000000000E+00,    0.0000000000E+00,    0.0000000000E+00,    9.5490730195E+01
     97600,      0.676936,CP11_after_MPI,   1,    0.0000000000E+00,    9.5490730195E+01,    9.5490730195E+01,    0.0000000000E+00,    0.0000000000E+00,    0.0000000000E+00,    9.5490730195E+01
     97600,      0.676936,CP12_end,   1,    0.0000000000E+00,    9.5490730195E+01,    9.5490730195E+01,    0.0000000000E+00,    0.0000000000E+00,    0.0000000000E+00,    9.5490730195E+01
     97650,      0.676936,CP0_start,   1,    0.0000000000E+00,    9.5588667730E+01,    9.5588667730E+01,    0.0000000000E+00,    0.0000000000E+00,    0.0000000000E+00,    9.5588667730E+01
     97650,      0.676936,CP1_after_deposition,   1,    0.0000000000E+00,    9.5588667730E+01,    9.5588667730E+01,    0.0000000000E+00,    0.0000000000E+00,    0.0000000000E+00,    9.5588667730E+01
     97650,      0.676936,CP2_after_erosion,   1,    0.0000000000E+00,    9.5588667730E+01,    9.5588667730E+01,    0.0000000000E+00,    0.0000000000E+00,    0.0000000000E+00,    9.5588667730E+01
     97650,      0.676936,CP3_after_update_bottom,   1,    0.0000000000E+00,    9.5588667730E+01,    9.5588667730E+01,    0.0000000000E+00,    0.0000000000E+00,    0.0000000000E+00,    9.5588667730E+01
     97650,      0.676936,CP4_after_advection,   1,    0.0000000000E+00,    9.5592604927E+01,    9.5592604927E+01,    0.0000000000E+00,    0.0000000000E+00,    0.0000000000E+00,    9.5592604927E+01
     97650,      0.676936,CP5_after_vdif,   1,    0.0000000000E+00,    9.5592604927E+01,    9.5592604927E+01,    0.0000000000E+00,    0.0000000000E+00,    0.0000000000E+00,    9.5592604927E+01
     97650,      0.676936,CP6_after_kinetics,   1,    0.0000000000E+00,    9.5592604927E+01,    9.5592604927E+01,    0.0000000000E+00,    0.0000000000E+00,    0.0000000000E+00,    9.5592604927E+01
     97650,      0.676936,CP7_after_upper_clamp,   1,    0.0000000000E+00,    9.5592604927E+01,    9.5592604927E+01,    0.0000000000E+00,    0.0000000000E+00,    0.0000000000E+00,    9.5592604927E+01
     97650,      0.676936,CP8_after_OBC,   1,    0.0000000000E+00,    9.5592604927E+01,    9.5592604927E+01,    0.0000000000E+00,    0.0000000000E+00,    0.0000000000E+00,    9.5592604927E+01
     97650,      0.676936,CP9_after_PTsource,   1,    0.0000000000E+00,    9.5592604927E+01,    9.5592604927E+01,    0.0000000000E+00,    0.0000000000E+00,    0.0000000000E+00,    9.5592604927E+01
     97650,      0.676936,CP10_after_neg_clamp,   1,    0.0000000000E+00,    9.5592604927E+01,    9.5592604927E+01,    0.0000000000E+00,    0.0000000000E+00,    0.0000000000E+00,    9.5592604927E+01
     97650,      0.676936,CP11_after_MPI,   1,    0.0000000000E+00,    9.5592604927E+01,    9.5592604927E+01,    0.0000000000E+00,    0.0000000000E+00,    0.0000000000E+00,    9.5592604927E+01
     97650,      0.676936,CP12_end,   1,    0.0000000000E+00,    9.5592604927E+01,    9.5592604927E+01,    0.0000000000E+00,    0.0000000000E+00,    0.0000000000E+00,    9.5592604927E+01
     97700,      0.676936,CP0_start,   1,    0.0000000000E+00,    9.5689917633E+01,    9.5689917633E+01,    0.0000000000E+00,    0.0000000000E+00,    0.0000000000E+00,    9.5689917633E+01
     97700,      0.676936,CP1_after_deposition,   1,    0.0000000000E+00,    9.5689917633E+01,    9.5689917633E+01,    0.0000000000E+00,    0.0000000000E+00,    0.0000000000E+00,    9.5689917633E+01
     97700,      0.676936,CP2_after_erosion,   1,    0.0000000000E+00,    9.5689917633E+01,    9.5689917633E+01,    0.0000000000E+00,    0.0000000000E+00,    0.0000000000E+00,    9.5689917633E+01
     97700,      0.676936,CP3_after_update_bottom,   1,    0.0000000000E+00,    9.5689917633E+01,    9.5689917633E+01,    0.0000000000E+00,    0.0000000000E+00,    0.0000000000E+00,    9.5689917633E+01
     97700,      0.676936,CP4_after_advection,   1,    0.0000000000E+00,    9.5693913025E+01,    9.5693913025E+01,    0.0000000000E+00,    0.0000000000E+00,    0.0000000000E+00,    9.5693913025E+01
     97700,      0.676936,CP5_after_vdif,   1,    0.0000000000E+00,    9.5693913025E+01,    9.5693913025E+01,    0.0000000000E+00,    0.0000000000E+00,    0.0000000000E+00,    9.5693913025E+01
     97700,      0.676936,CP6_after_kinetics,   1,    0.0000000000E+00,    9.5693913025E+01,    9.5693913025E+01,    0.0000000000E+00,    0.0000000000E+00,    0.0000000000E+00,    9.5693913025E+01
     97700,      0.676936,CP7_after_upper_clamp,   1,    0.0000000000E+00,    9.5693913025E+01,    9.5693913025E+01,    0.0000000000E+00,    0.0000000000E+00,    0.0000000000E+00,    9.5693913025E+01
     97700,      0.676936,CP8_after_OBC,   1,    0.0000000000E+00,    9.5693913025E+01,    9.5693913025E+01,    0.0000000000E+00,    0.0000000000E+00,    0.0000000000E+00,    9.5693913025E+01
     97700,      0.676936,CP9_after_PTsource,   1,    0.0000000000E+00,    9.5693913025E+01,    9.5693913025E+01,    0.0000000000E+00,    0.0000000000E+00,    0.0000000000E+00,    9.5693913025E+01
     97700,      0.676936,CP10_after_neg_clamp,   1,    0.0000000000E+00,    9.5693913025E+01,    9.5693913025E+01,    0.0000000000E+00,    0.0000000000E+00,    0.0000000000E+00,    9.5693913025E+01
     97700,      0.676936,CP11_after_MPI,   1,    0.0000000000E+00,    9.5693913025E+01,    9.5693913025E+01,    0.0000000000E+00,    0.0000000000E+00,    0.0000000000E+00,    9.5693913025E+01
     97700,      0.676936,CP12_end,   1,    0.0000000000E+00,    9.5693913025E+01,    9.5693913025E+01,    0.0000000000E+00,    0.0000000000E+00,    0.0000000000E+00,    9.5693913025E+01
     97750,      0.676936,CP0_start,   1,    0.0000000000E+00,    9.5790690357E+01,    9.5790690357E+01,    0.0000000000E+00,    0.0000000000E+00,    0.0000000000E+00,    9.5790690357E+01
     97750,      0.676936,CP1_after_deposition,   1,    0.0000000000E+00,    9.5790690357E+01,    9.5790690357E+01,    0.0000000000E+00,    0.0000000000E+00,    0.0000000000E+00,    9.5790690357E+01
     97750,      0.676936,CP2_after_erosion,   1,    0.0000000000E+00,    9.5790690357E+01,    9.5790690357E+01,    0.0000000000E+00,    0.0000000000E+00,    0.0000000000E+00,    9.5790690357E+01
     97750,      0.676936,CP3_after_update_bottom,   1,    0.0000000000E+00,    9.5790690357E+01,    9.5790690357E+01,    0.0000000000E+00,    0.0000000000E+00,    0.0000000000E+00,    9.5790690357E+01
     97750,      0.676936,CP4_after_advection,   1,    0.0000000000E+00,    9.5794753666E+01,    9.5794753666E+01,    0.0000000000E+00,    0.0000000000E+00,    0.0000000000E+00,    9.5794753666E+01
     97750,      0.676936,CP5_after_vdif,   1,    0.0000000000E+00,    9.5794753666E+01,    9.5794753666E+01,    0.0000000000E+00,    0.0000000000E+00,    0.0000000000E+00,    9.5794753666E+01
     97750,      0.676936,CP6_after_kinetics,   1,    0.0000000000E+00,    9.5794753666E+01,    9.5794753666E+01,    0.0000000000E+00,    0.0000000000E+00,    0.0000000000E+00,    9.5794753666E+01
     97750,      0.676936,CP7_after_upper_clamp,   1,    0.0000000000E+00,    9.5794753666E+01,    9.5794753666E+01,    0.0000000000E+00,    0.0000000000E+00,    0.0000000000E+00,    9.5794753666E+01
     97750,      0.676936,CP8_after_OBC,   1,    0.0000000000E+00,    9.5794753666E+01,    9.5794753666E+01,    0.0000000000E+00,    0.0000000000E+00,    0.0000000000E+00,    9.5794753666E+01
     97750,      0.676936,CP9_after_PTsource,   1,    0.0000000000E+00,    9.5794753666E+01,    9.5794753666E+01,    0.0000000000E+00,    0.0000000000E+00,    0.0000000000E+00,    9.5794753666E+01
     97750,      0.676936,CP10_after_neg_clamp,   1,    0.0000000000E+00,    9.5794753666E+01,    9.5794753666E+01,    0.0000000000E+00,    0.0000000000E+00,    0.0000000000E+00,    9.5794753666E+01
     97750,      0.676936,CP11_after_MPI,   1,    0.0000000000E+00,    9.5794753666E+01,    9.5794753666E+01,    0.0000000000E+00,    0.0000000000E+00,    0.0000000000E+00,    9.5794753666E+01
     97750,      0.676936,CP12_end,   1,    0.0000000000E+00,    9.5794753666E+01,    9.5794753666E+01,    0.0000000000E+00,    0.0000000000E+00,    0.0000000000E+00,    9.5794753666E+01
     97800,      0.676936,CP0_start,   1,    0.0000000000E+00,    9.5891306036E+01,    9.5891306036E+01,    0.0000000000E+00,    0.0000000000E+00,    0.0000000000E+00,    9.5891306036E+01
     97800,      0.676936,CP1_after_deposition,   1,    0.0000000000E+00,    9.5891306036E+01,    9.5891306036E+01,    0.0000000000E+00,    0.0000000000E+00,    0.0000000000E+00,    9.5891306036E+01
     97800,      0.676936,CP2_after_erosion,   1,    0.0000000000E+00,    9.5891306036E+01,    9.5891306036E+01,    0.0000000000E+00,    0.0000000000E+00,    0.0000000000E+00,    9.5891306036E+01
     97800,      0.676936,CP3_after_update_bottom,   1,    0.0000000000E+00,    9.5891306036E+01,    9.5891306036E+01,    0.0000000000E+00,    0.0000000000E+00,    0.0000000000E+00,    9.5891306036E+01
     97800,      0.676936,CP4_after_advection,   1,    0.0000000000E+00,    9.5895443275E+01,    9.5895443275E+01,    0.0000000000E+00,    0.0000000000E+00,    0.0000000000E+00,    9.5895443275E+01
     97800,      0.676936,CP5_after_vdif,   1,    0.0000000000E+00,    9.5895443275E+01,    9.5895443275E+01,    0.0000000000E+00,    0.0000000000E+00,    0.0000000000E+00,    9.5895443275E+01
     97800,      0.676936,CP6_after_kinetics,   1,    0.0000000000E+00,    9.5895443275E+01,    9.5895443275E+01,    0.0000000000E+00,    0.0000000000E+00,    0.0000000000E+00,    9.5895443275E+01
     97800,      0.676936,CP7_after_upper_clamp,   1,    0.0000000000E+00,    9.5895443275E+01,    9.5895443275E+01,    0.0000000000E+00,    0.0000000000E+00,    0.0000000000E+00,    9.5895443275E+01
     97800,      0.676936,CP8_after_OBC,   1,    0.0000000000E+00,    9.5895443275E+01,    9.5895443275E+01,    0.0000000000E+00,    0.0000000000E+00,    0.0000000000E+00,    9.5895443275E+01
     97800,      0.676936,CP9_after_PTsource,   1,    0.0000000000E+00,    9.5895443275E+01,    9.5895443275E+01,    0.0000000000E+00,    0.0000000000E+00,    0.0000000000E+00,    9.5895443275E+01
     97800,      0.676936,CP10_after_neg_clamp,   1,    0.0000000000E+00,    9.5895443275E+01,    9.5895443275E+01,    0.0000000000E+00,    0.0000000000E+00,    0.0000000000E+00,    9.5895443275E+01
     97800,      0.676936,CP11_after_MPI,   1,    0.0000000000E+00,    9.5895443275E+01,    9.5895443275E+01,    0.0000000000E+00,    0.0000000000E+00,    0.0000000000E+00,    9.5895443275E+01
     97800,      0.676936,CP12_end,   1,    0.0000000000E+00,    9.5895443275E+01,    9.5895443275E+01,    0.0000000000E+00,    0.0000000000E+00,    0.0000000000E+00,    9.5895443275E+01
     97850,      0.676936,CP0_start,   1,    0.0000000000E+00,    9.5992118183E+01,    9.5992118183E+01,    0.0000000000E+00,    0.0000000000E+00,    0.0000000000E+00,    9.5992118183E+01
     97850,      0.676936,CP1_after_deposition,   1,    0.0000000000E+00,    9.5992118183E+01,    9.5992118183E+01,    0.0000000000E+00,    0.0000000000E+00,    0.0000000000E+00,    9.5992118183E+01
     97850,      0.676936,CP2_after_erosion,   1,    0.0000000000E+00,    9.5992118183E+01,    9.5992118183E+01,    0.0000000000E+00,    0.0000000000E+00,    0.0000000000E+00,    9.5992118183E+01
     97850,      0.676936,CP3_after_update_bottom,   1,    0.0000000000E+00,    9.5992118183E+01,    9.5992118183E+01,    0.0000000000E+00,    0.0000000000E+00,    0.0000000000E+00,    9.5992118183E+01
     97850,      0.676936,CP4_after_advection,   1,    0.0000000000E+00,    9.5996335468E+01,    9.5996335468E+01,    0.0000000000E+00,    0.0000000000E+00,    0.0000000000E+00,    9.5996335468E+01
     97850,      0.676936,CP5_after_vdif,   1,    0.0000000000E+00,    9.5996335468E+01,    9.5996335468E+01,    0.0000000000E+00,    0.0000000000E+00,    0.0000000000E+00,    9.5996335468E+01
     97850,      0.676936,CP6_after_kinetics,   1,    0.0000000000E+00,    9.5996335468E+01,    9.5996335468E+01,    0.0000000000E+00,    0.0000000000E+00,    0.0000000000E+00,    9.5996335468E+01
     97850,      0.676936,CP7_after_upper_clamp,   1,    0.0000000000E+00,    9.5996335468E+01,    9.5996335468E+01,    0.0000000000E+00,    0.0000000000E+00,    0.0000000000E+00,    9.5996335468E+01
     97850,      0.676936,CP8_after_OBC,   1,    0.0000000000E+00,    9.5996335468E+01,    9.5996335468E+01,    0.0000000000E+00,    0.0000000000E+00,    0.0000000000E+00,    9.5996335468E+01
     97850,      0.676936,CP9_after_PTsource,   1,    0.0000000000E+00,    9.5996335468E+01,    9.5996335468E+01,    0.0000000000E+00,    0.0000000000E+00,    0.0000000000E+00,    9.5996335468E+01
     97850,      0.676936,CP10_after_neg_clamp,   1,    0.0000000000E+00,    9.5996335468E+01,    9.5996335468E+01,    0.0000000000E+00,    0.0000000000E+00,    0.0000000000E+00,    9.5996335468E+01
     97850,      0.676936,CP11_after_MPI,   1,    0.0000000000E+00,    9.5996335468E+01,    9.5996335468E+01,    0.0000000000E+00,    0.0000000000E+00,    0.0000000000E+00,    9.5996335468E+01
     97850,      0.676936,CP12_end,   1,    0.0000000000E+00,    9.5996335468E+01,    9.5996335468E+01,    0.0000000000E+00,    0.0000000000E+00,    0.0000000000E+00,    9.5996335468E+01
     97900,      0.676936,CP0_start,   1,    0.0000000000E+00,    9.6093309988E+01,    9.6093309988E+01,    0.0000000000E+00,    0.0000000000E+00,    0.0000000000E+00,    9.6093309988E+01
     97900,      0.676936,CP1_after_deposition,   1,    0.0000000000E+00,    9.6093309988E+01,    9.6093309988E+01,    0.0000000000E+00,    0.0000000000E+00,    0.0000000000E+00,    9.6093309988E+01
     97900,      0.676936,CP2_after_erosion,   1,    0.0000000000E+00,    9.6093309988E+01,    9.6093309988E+01,    0.0000000000E+00,    0.0000000000E+00,    0.0000000000E+00,    9.6093309988E+01
     97900,      0.676936,CP3_after_update_bottom,   1,    0.0000000000E+00,    9.6093309988E+01,    9.6093309988E+01,    0.0000000000E+00,    0.0000000000E+00,    0.0000000000E+00,    9.6093309988E+01
     97900,      0.676936,CP4_after_advection,   1,    0.0000000000E+00,    9.6097602723E+01,    9.6097602723E+01,    0.0000000000E+00,    0.0000000000E+00,    0.0000000000E+00,    9.6097602723E+01
     97900,      0.676936,CP5_after_vdif,   1,    0.0000000000E+00,    9.6097602723E+01,    9.6097602723E+01,    0.0000000000E+00,    0.0000000000E+00,    0.0000000000E+00,    9.6097602723E+01
     97900,      0.676936,CP6_after_kinetics,   1,    0.0000000000E+00,    9.6097602723E+01,    9.6097602723E+01,    0.0000000000E+00,    0.0000000000E+00,    0.0000000000E+00,    9.6097602723E+01
     97900,      0.676936,CP7_after_upper_clamp,   1,    0.0000000000E+00,    9.6097602723E+01,    9.6097602723E+01,    0.0000000000E+00,    0.0000000000E+00,    0.0000000000E+00,    9.6097602723E+01
     97900,      0.676936,CP8_after_OBC,   1,    0.0000000000E+00,    9.6097602723E+01,    9.6097602723E+01,    0.0000000000E+00,    0.0000000000E+00,    0.0000000000E+00,    9.6097602723E+01
     97900,      0.676936,CP9_after_PTsource,   1,    0.0000000000E+00,    9.6097602723E+01,    9.6097602723E+01,    0.0000000000E+00,    0.0000000000E+00,    0.0000000000E+00,    9.6097602723E+01
     97900,      0.676936,CP10_after_neg_clamp,   1,    0.0000000000E+00,    9.6097602723E+01,    9.6097602723E+01,    0.0000000000E+00,    0.0000000000E+00,    0.0000000000E+00,    9.6097602723E+01
     97900,      0.676936,CP11_after_MPI,   1,    0.0000000000E+00,    9.6097602723E+01,    9.6097602723E+01,    0.0000000000E+00,    0.0000000000E+00,    0.0000000000E+00,    9.6097602723E+01
     97900,      0.676936,CP12_end,   1,    0.0000000000E+00,    9.6097602723E+01,    9.6097602723E+01,    0.0000000000E+00,    0.0000000000E+00,    0.0000000000E+00,    9.6097602723E+01
     97950,      0.676936,CP0_start,   1,    0.0000000000E+00,    9.6194797577E+01,    9.6194797577E+01,    0.0000000000E+00,    0.0000000000E+00,    0.0000000000E+00,    9.6194797577E+01
     97950,      0.676936,CP1_after_deposition,   1,    0.0000000000E+00,    9.6194797577E+01,    9.6194797577E+01,    0.0000000000E+00,    0.0000000000E+00,    0.0000000000E+00,    9.6194797577E+01
     97950,      0.676936,CP2_after_erosion,   1,                 NaN,                 NaN,                 NaN,    0.0000000000E+00,    0.0000000000E+00,    0.0000000000E+00,                 NaN
     97950,      0.676936,CP3_after_update_bottom,   1,                 NaN,                 NaN,                 NaN,    0.0000000000E+00,    0.0000000000E+00,    0.0000000000E+00,                 NaN
     97950,      0.676936,CP4_after_advection,   1,                 NaN,                 NaN,                 NaN,    0.0000000000E+00,    0.0000000000E+00,    0.0000000000E+00,                 NaN
     97950,      0.676936,CP5_after_vdif,   1,                 NaN,                 NaN,                 NaN,    0.0000000000E+00,    0.0000000000E+00,    0.0000000000E+00,                 NaN
     97950,      0.676936,CP6_after_kinetics,   1,                 NaN,                 NaN,                 NaN,    0.0000000000E+00,    0.0000000000E+00,    0.0000000000E+00,                 NaN
     97950,      0.676936,CP7_after_upper_clamp,   1,                 NaN,                 NaN,                 NaN,    0.0000000000E+00,    0.0000000000E+00,    0.0000000000E+00,                 NaN
     97950,      0.676936,CP8_after_OBC,   1,                 NaN,                 NaN,                 NaN,    0.0000000000E+00,    0.0000000000E+00,    0.0000000000E+00,                 NaN
     97950,      0.676936,CP9_after_PTsource,   1,                 NaN,                 NaN,                 NaN,    0.0000000000E+00,    0.0000000000E+00,    0.0000000000E+00,                 NaN
     97950,      0.676936,CP10_after_neg_clamp,   1,    0.0000000000E+00,    9.6199163968E+01,    9.6199163968E+01,    0.0000000000E+00,    0.0000000000E+00,    0.0000000000E+00,    9.6199163968E+01
     97950,      0.676936,CP11_after_MPI,   1,    0.0000000000E+00,    9.6199163968E+01,    9.6199163968E+01,    0.0000000000E+00,    0.0000000000E+00,    0.0000000000E+00,    9.6199163968E+01
     97950,      0.676936,CP12_end,   1,    0.0000000000E+00,    9.6199163968E+01,    9.6199163968E+01,    0.0000000000E+00,    0.0000000000E+00,    0.0000000000E+00,    9.6199163968E+01
     98000,      0.676936,CP0_start,   1,    0.0000000000E+00,    9.6296393025E+01,    9.6296393025E+01,    0.0000000000E+00,    0.0000000000E+00,    0.0000000000E+00,    9.6296393025E+01
     98000,      0.676936,CP1_after_deposition,   1,    0.0000000000E+00,    9.6296393025E+01,    9.6296393025E+01,    0.0000000000E+00,    0.0000000000E+00,    0.0000000000E+00,    9.6296393025E+01
     98000,      0.676936,CP2_after_erosion,   1,    0.0000000000E+00,    9.6296393025E+01,    9.6296393025E+01,    0.0000000000E+00,    0.0000000000E+00,    0.0000000000E+00,    9.6296393025E+01
     98000,      0.676936,CP3_after_update_bottom,   1,    0.0000000000E+00,    9.6296393025E+01,    9.6296393025E+01,    0.0000000000E+00,    0.0000000000E+00,    0.0000000000E+00,    9.6296393025E+01
     98000,      0.676936,CP4_after_advection,   1,    0.0000000000E+00,    9.6300826970E+01,    9.6300826970E+01,    0.0000000000E+00,    0.0000000000E+00,    0.0000000000E+00,    9.6300826970E+01
     98000,      0.676936,CP5_after_vdif,   1,    0.0000000000E+00,    9.6300826970E+01,    9.6300826970E+01,    0.0000000000E+00,    0.0000000000E+00,    0.0000000000E+00,    9.6300826970E+01
     98000,      0.676936,CP6_after_kinetics,   1,    0.0000000000E+00,    9.6300826970E+01,    9.6300826970E+01,    0.0000000000E+00,    0.0000000000E+00,    0.0000000000E+00,    9.6300826970E+01
     98000,      0.676936,CP7_after_upper_clamp,   1,    0.0000000000E+00,    9.6300826970E+01,    9.6300826970E+01,    0.0000000000E+00,    0.0000000000E+00,    0.0000000000E+00,    9.6300826970E+01
     98000,      0.676936,CP8_after_OBC,   1,    0.0000000000E+00,    9.6300826970E+01,    9.6300826970E+01,    0.0000000000E+00,    0.0000000000E+00,    0.0000000000E+00,    9.6300826970E+01
     98000,      0.676936,CP9_after_PTsource,   1,    0.0000000000E+00,    9.6300826970E+01,    9.6300826970E+01,    0.0000000000E+00,    0.0000000000E+00,    0.0000000000E+00,    9.6300826970E+01
     98000,      0.676936,CP10_after_neg_clamp,   1,    0.0000000000E+00,    9.6300826970E+01,    9.6300826970E+01,    0.0000000000E+00,    0.0000000000E+00,    0.0000000000E+00,    9.6300826970E+01
     98000,      0.676936,CP11_after_MPI,   1,    0.0000000000E+00,    9.6300826970E+01,    9.6300826970E+01,    0.0000000000E+00,    0.0000000000E+00,    0.0000000000E+00,    9.6300826970E+01
     98000,      0.676936,CP12_end,   1,    0.0000000000E+00,    9.6300826970E+01,    9.6300826970E+01,    0.0000000000E+00,    0.0000000000E+00,    0.0000000000E+00,    9.6300826970E+01
     98050,      0.676936,CP0_start,   1,    0.0000000000E+00,    9.6397773566E+01,    9.6397773566E+01,    0.0000000000E+00,    0.0000000000E+00,    0.0000000000E+00,    9.6397773566E+01
     98050,      0.676936,CP1_after_deposition,   1,    0.0000000000E+00,    9.6397773566E+01,    9.6397773566E+01,    0.0000000000E+00,    0.0000000000E+00,    0.0000000000E+00,    9.6397773566E+01
     98050,      0.676936,CP2_after_erosion,   1,    0.0000000000E+00,    9.6397773566E+01,    9.6397773566E+01,    0.0000000000E+00,    0.0000000000E+00,    0.0000000000E+00,    9.6397773566E+01
     98050,      0.676936,CP3_after_update_bottom,   1,    0.0000000000E+00,    9.6397773566E+01,    9.6397773566E+01,    0.0000000000E+00,    0.0000000000E+00,    0.0000000000E+00,    9.6397773566E+01
     98050,      0.676936,CP4_after_advection,   1,    0.0000000000E+00,    9.6402264334E+01,    9.6402264334E+01,    0.0000000000E+00,    0.0000000000E+00,    0.0000000000E+00,    9.6402264334E+01
     98050,      0.676936,CP5_after_vdif,   1,    0.0000000000E+00,    9.6402264334E+01,    9.6402264334E+01,    0.0000000000E+00,    0.0000000000E+00,    0.0000000000E+00,    9.6402264334E+01
     98050,      0.676936,CP6_after_kinetics,   1,    0.0000000000E+00,    9.6402264334E+01,    9.6402264334E+01,    0.0000000000E+00,    0.0000000000E+00,    0.0000000000E+00,    9.6402264334E+01
     98050,      0.676936,CP7_after_upper_clamp,   1,    0.0000000000E+00,    9.6402264334E+01,    9.6402264334E+01,    0.0000000000E+00,    0.0000000000E+00,    0.0000000000E+00,    9.6402264334E+01
     98050,      0.676936,CP8_after_OBC,   1,    0.0000000000E+00,    9.6402264334E+01,    9.6402264334E+01,    0.0000000000E+00,    0.0000000000E+00,    0.0000000000E+00,    9.6402264334E+01
     98050,      0.676936,CP9_after_PTsource,   1,    0.0000000000E+00,    9.6402264334E+01,    9.6402264334E+01,    0.0000000000E+00,    0.0000000000E+00,    0.0000000000E+00,    9.6402264334E+01
     98050,      0.676936,CP10_after_neg_clamp,   1,    0.0000000000E+00,    9.6402264334E+01,    9.6402264334E+01,    0.0000000000E+00,    0.0000000000E+00,    0.0000000000E+00,    9.6402264334E+01
     98050,      0.676936,CP11_after_MPI,   1,    0.0000000000E+00,    9.6402264334E+01,    9.6402264334E+01,    0.0000000000E+00,    0.0000000000E+00,    0.0000000000E+00,    9.6402264334E+01
     98050,      0.676936,CP12_end,   1,    0.0000000000E+00,    9.6402264334E+01,    9.6402264334E+01,    0.0000000000E+00,    0.0000000000E+00,    0.0000000000E+00,    9.6402264334E+01
     98100,      0.676936,CP0_start,   1,    0.0000000000E+00,    9.6498472826E+01,    9.6498472826E+01,    0.0000000000E+00,    0.0000000000E+00,    0.0000000000E+00,    9.6498472826E+01
     98100,      0.676936,CP1_after_deposition,   1,    0.0000000000E+00,    9.6498472826E+01,    9.6498472826E+01,    0.0000000000E+00,    0.0000000000E+00,    0.0000000000E+00,    9.6498472826E+01
     98100,      0.676936,CP2_after_erosion,   1,    0.0000000000E+00,    9.6498472826E+01,    9.6498472826E+01,    0.0000000000E+00,    0.0000000000E+00,    0.0000000000E+00,    9.6498472826E+01
     98100,      0.676936,CP3_after_update_bottom,   1,    0.0000000000E+00,    9.6498472826E+01,    9.6498472826E+01,    0.0000000000E+00,    0.0000000000E+00,    0.0000000000E+00,    9.6498472826E+01
     98100,      0.676936,CP4_after_advection,   1,    0.0000000000E+00,    9.6503011640E+01,    9.6503011640E+01,    0.0000000000E+00,    0.0000000000E+00,    0.0000000000E+00,    9.6503011640E+01
     98100,      0.676936,CP5_after_vdif,   1,    0.0000000000E+00,    9.6503011640E+01,    9.6503011640E+01,    0.0000000000E+00,    0.0000000000E+00,    0.0000000000E+00,    9.6503011640E+01
     98100,      0.676936,CP6_after_kinetics,   1,    0.0000000000E+00,    9.6503011640E+01,    9.6503011640E+01,    0.0000000000E+00,    0.0000000000E+00,    0.0000000000E+00,    9.6503011640E+01
     98100,      0.676936,CP7_after_upper_clamp,   1,    0.0000000000E+00,    9.6503011640E+01,    9.6503011640E+01,    0.0000000000E+00,    0.0000000000E+00,    0.0000000000E+00,    9.6503011640E+01
     98100,      0.676936,CP8_after_OBC,   1,    0.0000000000E+00,    9.6503011640E+01,    9.6503011640E+01,    0.0000000000E+00,    0.0000000000E+00,    0.0000000000E+00,    9.6503011640E+01
     98100,      0.676936,CP9_after_PTsource,   1,    0.0000000000E+00,    9.6503011640E+01,    9.6503011640E+01,    0.0000000000E+00,    0.0000000000E+00,    0.0000000000E+00,    9.6503011640E+01
     98100,      0.676936,CP10_after_neg_clamp,   1,    0.0000000000E+00,    9.6503011640E+01,    9.6503011640E+01,    0.0000000000E+00,    0.0000000000E+00,    0.0000000000E+00,    9.6503011640E+01
     98100,      0.676936,CP11_after_MPI,   1,    0.0000000000E+00,    9.6503011640E+01,    9.6503011640E+01,    0.0000000000E+00,    0.0000000000E+00,    0.0000000000E+00,    9.6503011640E+01
     98100,      0.676936,CP12_end,   1,    0.0000000000E+00,    9.6503011640E+01,    9.6503011640E+01,    0.0000000000E+00,    0.0000000000E+00,    0.0000000000E+00,    9.6503011640E+01
     98150,      0.676936,CP0_start,   1,    0.0000000000E+00,    9.6597609659E+01,    9.6597609659E+01,    0.0000000000E+00,    0.0000000000E+00,    0.0000000000E+00,    9.6597609659E+01
     98150,      0.676936,CP1_after_deposition,   1,    0.0000000000E+00,    9.6597609659E+01,    9.6597609659E+01,    0.0000000000E+00,    0.0000000000E+00,    0.0000000000E+00,    9.6597609659E+01
     98150,      0.676936,CP2_after_erosion,   1,    0.0000000000E+00,    9.6597609659E+01,    9.6597609659E+01,    0.0000000000E+00,    0.0000000000E+00,    0.0000000000E+00,    9.6597609659E+01
     98150,      0.676936,CP3_after_update_bottom,   1,    0.0000000000E+00,    9.6597609659E+01,    9.6597609659E+01,    0.0000000000E+00,    0.0000000000E+00,    0.0000000000E+00,    9.6597609659E+01
     98150,      0.676936,CP4_after_advection,   1,    0.0000000000E+00,    9.6602182732E+01,    9.6602182732E+01,    0.0000000000E+00,    0.0000000000E+00,    0.0000000000E+00,    9.6602182732E+01
     98150,      0.676936,CP5_after_vdif,   1,    0.0000000000E+00,    9.6602182732E+01,    9.6602182732E+01,    0.0000000000E+00,    0.0000000000E+00,    0.0000000000E+00,    9.6602182732E+01
     98150,      0.676936,CP6_after_kinetics,   1,    0.0000000000E+00,    9.6602182732E+01,    9.6602182732E+01,    0.0000000000E+00,    0.0000000000E+00,    0.0000000000E+00,    9.6602182732E+01
     98150,      0.676936,CP7_after_upper_clamp,   1,    0.0000000000E+00,    9.6602182732E+01,    9.6602182732E+01,    0.0000000000E+00,    0.0000000000E+00,    0.0000000000E+00,    9.6602182732E+01
     98150,      0.676936,CP8_after_OBC,   1,    0.0000000000E+00,    9.6602182732E+01,    9.6602182732E+01,    0.0000000000E+00,    0.0000000000E+00,    0.0000000000E+00,    9.6602182732E+01
     98150,      0.676936,CP9_after_PTsource,   1,    0.0000000000E+00,    9.6602182732E+01,    9.6602182732E+01,    0.0000000000E+00,    0.0000000000E+00,    0.0000000000E+00,    9.6602182732E+01
     98150,      0.676936,CP10_after_neg_clamp,   1,    0.0000000000E+00,    9.6602182732E+01,    9.6602182732E+01,    0.0000000000E+00,    0.0000000000E+00,    0.0000000000E+00,    9.6602182732E+01
     98150,      0.676936,CP11_after_MPI,   1,    0.0000000000E+00,    9.6602182732E+01,    9.6602182732E+01,    0.0000000000E+00,    0.0000000000E+00,    0.0000000000E+00,    9.6602182732E+01
     98150,      0.676936,CP12_end,   1,    0.0000000000E+00,    9.6602182732E+01,    9.6602182732E+01,    0.0000000000E+00,    0.0000000000E+00,    0.0000000000E+00,    9.6602182732E+01
     98200,      0.676936,CP0_start,   1,    0.0000000000E+00,    9.6694957953E+01,    9.6694957953E+01,    0.0000000000E+00,    0.0000000000E+00,    0.0000000000E+00,    9.6694957953E+01
     98200,      0.676936,CP1_after_deposition,   1,    0.0000000000E+00,    9.6694957953E+01,    9.6694957953E+01,    0.0000000000E+00,    0.0000000000E+00,    0.0000000000E+00,    9.6694957953E+01
     98200,      0.676936,CP2_after_erosion,   1,    0.0000000000E+00,    9.6694957953E+01,    9.6694957953E+01,    0.0000000000E+00,    0.0000000000E+00,    0.0000000000E+00,    9.6694957953E+01
     98200,      0.676936,CP3_after_update_bottom,   1,    0.0000000000E+00,    9.6694957953E+01,    9.6694957953E+01,    0.0000000000E+00,    0.0000000000E+00,    0.0000000000E+00,    9.6694957953E+01
     98200,      0.676936,CP4_after_advection,   1,    0.0000000000E+00,    9.6699552554E+01,    9.6699552554E+01,    0.0000000000E+00,    0.0000000000E+00,    0.0000000000E+00,    9.6699552554E+01
     98200,      0.676936,CP5_after_vdif,   1,    0.0000000000E+00,    9.6699552554E+01,    9.6699552554E+01,    0.0000000000E+00,    0.0000000000E+00,    0.0000000000E+00,    9.6699552554E+01
     98200,      0.676936,CP6_after_kinetics,   1,    0.0000000000E+00,    9.6699552554E+01,    9.6699552554E+01,    0.0000000000E+00,    0.0000000000E+00,    0.0000000000E+00,    9.6699552554E+01
     98200,      0.676936,CP7_after_upper_clamp,   1,    0.0000000000E+00,    9.6699552554E+01,    9.6699552554E+01,    0.0000000000E+00,    0.0000000000E+00,    0.0000000000E+00,    9.6699552554E+01
     98200,      0.676936,CP8_after_OBC,   1,    0.0000000000E+00,    9.6699552554E+01,    9.6699552554E+01,    0.0000000000E+00,    0.0000000000E+00,    0.0000000000E+00,    9.6699552554E+01
     98200,      0.676936,CP9_after_PTsource,   1,    0.0000000000E+00,    9.6699552554E+01,    9.6699552554E+01,    0.0000000000E+00,    0.0000000000E+00,    0.0000000000E+00,    9.6699552554E+01
     98200,      0.676936,CP10_after_neg_clamp,   1,    0.0000000000E+00,    9.6699552554E+01,    9.6699552554E+01,    0.0000000000E+00,    0.0000000000E+00,    0.0000000000E+00,    9.6699552554E+01
     98200,      0.676936,CP11_after_MPI,   1,    0.0000000000E+00,    9.6699552554E+01,    9.6699552554E+01,    0.0000000000E+00,    0.0000000000E+00,    0.0000000000E+00,    9.6699552554E+01
     98200,      0.676936,CP12_end,   1,    0.0000000000E+00,    9.6699552554E+01,    9.6699552554E+01,    0.0000000000E+00,    0.0000000000E+00,    0.0000000000E+00,    9.6699552554E+01
     98250,      0.676936,CP0_start,   1,    0.0000000000E+00,    9.6789931603E+01,    9.6789931603E+01,    0.0000000000E+00,    0.0000000000E+00,    0.0000000000E+00,    9.6789931603E+01
     98250,      0.676936,CP1_after_deposition,   1,    0.0000000000E+00,    9.6789931603E+01,    9.6789931603E+01,    0.0000000000E+00,    0.0000000000E+00,    0.0000000000E+00,    9.6789931603E+01
     98250,      0.676936,CP2_after_erosion,   1,    0.0000000000E+00,    9.6789931603E+01,    9.6789931603E+01,    0.0000000000E+00,    0.0000000000E+00,    0.0000000000E+00,    9.6789931603E+01
     98250,      0.676936,CP3_after_update_bottom,   1,    0.0000000000E+00,    9.6789931603E+01,    9.6789931603E+01,    0.0000000000E+00,    0.0000000000E+00,    0.0000000000E+00,    9.6789931603E+01
     98250,      0.676936,CP4_after_advection,   1,    0.0000000000E+00,    9.6794535405E+01,    9.6794535405E+01,    0.0000000000E+00,    0.0000000000E+00,    0.0000000000E+00,    9.6794535405E+01
     98250,      0.676936,CP5_after_vdif,   1,    0.0000000000E+00,    9.6794535405E+01,    9.6794535405E+01,    0.0000000000E+00,    0.0000000000E+00,    0.0000000000E+00,    9.6794535405E+01
     98250,      0.676936,CP6_after_kinetics,   1,    0.0000000000E+00,    9.6794535405E+01,    9.6794535405E+01,    0.0000000000E+00,    0.0000000000E+00,    0.0000000000E+00,    9.6794535405E+01
     98250,      0.676936,CP7_after_upper_clamp,   1,    0.0000000000E+00,    9.6794535405E+01,    9.6794535405E+01,    0.0000000000E+00,    0.0000000000E+00,    0.0000000000E+00,    9.6794535405E+01
     98250,      0.676936,CP8_after_OBC,   1,    0.0000000000E+00,    9.6794535405E+01,    9.6794535405E+01,    0.0000000000E+00,    0.0000000000E+00,    0.0000000000E+00,    9.6794535405E+01
     98250,      0.676936,CP9_after_PTsource,   1,    0.0000000000E+00,    9.6794535405E+01,    9.6794535405E+01,    0.0000000000E+00,    0.0000000000E+00,    0.0000000000E+00,    9.6794535405E+01
     98250,      0.676936,CP10_after_neg_clamp,   1,    0.0000000000E+00,    9.6794535405E+01,    9.6794535405E+01,    0.0000000000E+00,    0.0000000000E+00,    0.0000000000E+00,    9.6794535405E+01
     98250,      0.676936,CP11_after_MPI,   1,    0.0000000000E+00,    9.6794535405E+01,    9.6794535405E+01,    0.0000000000E+00,    0.0000000000E+00,    0.0000000000E+00,    9.6794535405E+01
     98250,      0.676936,CP12_end,   1,    0.0000000000E+00,    9.6794535405E+01,    9.6794535405E+01,    0.0000000000E+00,    0.0000000000E+00,    0.0000000000E+00,    9.6794535405E+01
     98300,      0.676936,CP0_start,   1,    0.0000000000E+00,    9.6882100227E+01,    9.6882100227E+01,    0.0000000000E+00,    0.0000000000E+00,    0.0000000000E+00,    9.6882100227E+01
     98300,      0.676936,CP1_after_deposition,   1,    0.0000000000E+00,    9.6882100227E+01,    9.6882100227E+01,    0.0000000000E+00,    0.0000000000E+00,    0.0000000000E+00,    9.6882100227E+01
     98300,      0.676936,CP2_after_erosion,   1,    0.0000000000E+00,    9.6882100227E+01,    9.6882100227E+01,    0.0000000000E+00,    0.0000000000E+00,    0.0000000000E+00,    9.6882100227E+01
     98300,      0.676936,CP3_after_update_bottom,   1,    0.0000000000E+00,    9.6882100227E+01,    9.6882100227E+01,    0.0000000000E+00,    0.0000000000E+00,    0.0000000000E+00,    9.6882100227E+01
     98300,      0.676936,CP4_after_advection,   1,    0.0000000000E+00,    9.6886700730E+01,    9.6886700730E+01,    0.0000000000E+00,    0.0000000000E+00,    0.0000000000E+00,    9.6886700730E+01
     98300,      0.676936,CP5_after_vdif,   1,    0.0000000000E+00,    9.6886700730E+01,    9.6886700730E+01,    0.0000000000E+00,    0.0000000000E+00,    0.0000000000E+00,    9.6886700730E+01
     98300,      0.676936,CP6_after_kinetics,   1,    0.0000000000E+00,    9.6886700730E+01,    9.6886700730E+01,    0.0000000000E+00,    0.0000000000E+00,    0.0000000000E+00,    9.6886700730E+01
     98300,      0.676936,CP7_after_upper_clamp,   1,    0.0000000000E+00,    9.6886700730E+01,    9.6886700730E+01,    0.0000000000E+00,    0.0000000000E+00,    0.0000000000E+00,    9.6886700730E+01
     98300,      0.676936,CP8_after_OBC,   1,    0.0000000000E+00,    9.6886700730E+01,    9.6886700730E+01,    0.0000000000E+00,    0.0000000000E+00,    0.0000000000E+00,    9.6886700730E+01
     98300,      0.676936,CP9_after_PTsource,   1,    0.0000000000E+00,    9.6886700730E+01,    9.6886700730E+01,    0.0000000000E+00,    0.0000000000E+00,    0.0000000000E+00,    9.6886700730E+01
     98300,      0.676936,CP10_after_neg_clamp,   1,    0.0000000000E+00,    9.6886700730E+01,    9.6886700730E+01,    0.0000000000E+00,    0.0000000000E+00,    0.0000000000E+00,    9.6886700730E+01
     98300,      0.676936,CP11_after_MPI,   1,    0.0000000000E+00,    9.6886700730E+01,    9.6886700730E+01,    0.0000000000E+00,    0.0000000000E+00,    0.0000000000E+00,    9.6886700730E+01
     98300,      0.676936,CP12_end,   1,    0.0000000000E+00,    9.6886700730E+01,    9.6886700730E+01,    0.0000000000E+00,    0.0000000000E+00,    0.0000000000E+00,    9.6886700730E+01
     98350,      0.676936,CP0_start,   1,    0.0000000000E+00,    9.6970961492E+01,    9.6970961492E+01,    0.0000000000E+00,    0.0000000000E+00,    0.0000000000E+00,    9.6970961492E+01
     98350,      0.676936,CP1_after_deposition,   1,    0.0000000000E+00,    9.6970961492E+01,    9.6970961492E+01,    0.0000000000E+00,    0.0000000000E+00,    0.0000000000E+00,    9.6970961492E+01
     98350,      0.676936,CP2_after_erosion,   1,    0.0000000000E+00,    9.6970961492E+01,    9.6970961492E+01,    0.0000000000E+00,    0.0000000000E+00,    0.0000000000E+00,    9.6970961492E+01
     98350,      0.676936,CP3_after_update_bottom,   1,    0.0000000000E+00,    9.6970961492E+01,    9.6970961492E+01,    0.0000000000E+00,    0.0000000000E+00,    0.0000000000E+00,    9.6970961492E+01
     98350,      0.676936,CP4_after_advection,   1,    0.0000000000E+00,    9.6975548058E+01,    9.6975548058E+01,    0.0000000000E+00,    0.0000000000E+00,    0.0000000000E+00,    9.6975548058E+01
     98350,      0.676936,CP5_after_vdif,   1,    0.0000000000E+00,    9.6975548058E+01,    9.6975548058E+01,    0.0000000000E+00,    0.0000000000E+00,    0.0000000000E+00,    9.6975548058E+01
     98350,      0.676936,CP6_after_kinetics,   1,    0.0000000000E+00,    9.6975548058E+01,    9.6975548058E+01,    0.0000000000E+00,    0.0000000000E+00,    0.0000000000E+00,    9.6975548058E+01
     98350,      0.676936,CP7_after_upper_clamp,   1,    0.0000000000E+00,    9.6975548058E+01,    9.6975548058E+01,    0.0000000000E+00,    0.0000000000E+00,    0.0000000000E+00,    9.6975548058E+01
     98350,      0.676936,CP8_after_OBC,   1,    0.0000000000E+00,    9.6975548058E+01,    9.6975548058E+01,    0.0000000000E+00,    0.0000000000E+00,    0.0000000000E+00,    9.6975548058E+01
     98350,      0.676936,CP9_after_PTsource,   1,    0.0000000000E+00,    9.6975548058E+01,    9.6975548058E+01,    0.0000000000E+00,    0.0000000000E+00,    0.0000000000E+00,    9.6975548058E+01
     98350,      0.676936,CP10_after_neg_clamp,   1,    0.0000000000E+00,    9.6975548058E+01,    9.6975548058E+01,    0.0000000000E+00,    0.0000000000E+00,    0.0000000000E+00,    9.6975548058E+01
     98350,      0.676936,CP11_after_MPI,   1,    0.0000000000E+00,    9.6975548058E+01,    9.6975548058E+01,    0.0000000000E+00,    0.0000000000E+00,    0.0000000000E+00,    9.6975548058E+01
     98350,      0.676936,CP12_end,   1,    0.0000000000E+00,    9.6975548058E+01,    9.6975548058E+01,    0.0000000000E+00,    0.0000000000E+00,    0.0000000000E+00,    9.6975548058E+01
     98400,      0.676936,CP0_start,   1,    0.0000000000E+00,    9.7056168215E+01,    9.7056168215E+01,    0.0000000000E+00,    0.0000000000E+00,    0.0000000000E+00,    9.7056168215E+01
     98400,      0.676936,CP1_after_deposition,   1,    0.0000000000E+00,    9.7056168215E+01,    9.7056168215E+01,    0.0000000000E+00,    0.0000000000E+00,    0.0000000000E+00,    9.7056168215E+01
     98400,      0.676936,CP2_after_erosion,   1,    0.0000000000E+00,    9.7056168215E+01,    9.7056168215E+01,    0.0000000000E+00,    0.0000000000E+00,    0.0000000000E+00,    9.7056168215E+01
     98400,      0.676936,CP3_after_update_bottom,   1,    0.0000000000E+00,    9.7056168215E+01,    9.7056168215E+01,    0.0000000000E+00,    0.0000000000E+00,    0.0000000000E+00,    9.7056168215E+01
     98400,      0.676936,CP4_after_advection,   1,    0.0000000000E+00,    9.7060733840E+01,    9.7060733840E+01,    0.0000000000E+00,    0.0000000000E+00,    0.0000000000E+00,    9.7060733840E+01
     98400,      0.676936,CP5_after_vdif,   1,    0.0000000000E+00,    9.7060733840E+01,    9.7060733840E+01,    0.0000000000E+00,    0.0000000000E+00,    0.0000000000E+00,    9.7060733840E+01
     98400,      0.676936,CP6_after_kinetics,   1,    0.0000000000E+00,    9.7060733840E+01,    9.7060733840E+01,    0.0000000000E+00,    0.0000000000E+00,    0.0000000000E+00,    9.7060733840E+01
     98400,      0.676936,CP7_after_upper_clamp,   1,    0.0000000000E+00,    9.7060733840E+01,    9.7060733840E+01,    0.0000000000E+00,    0.0000000000E+00,    0.0000000000E+00,    9.7060733840E+01
     98400,      0.676936,CP8_after_OBC,   1,    0.0000000000E+00,    9.7060733840E+01,    9.7060733840E+01,    0.0000000000E+00,    0.0000000000E+00,    0.0000000000E+00,    9.7060733840E+01
     98400,      0.676936,CP9_after_PTsource,   1,    0.0000000000E+00,    9.7060733840E+01,    9.7060733840E+01,    0.0000000000E+00,    0.0000000000E+00,    0.0000000000E+00,    9.7060733840E+01
     98400,      0.676936,CP10_after_neg_clamp,   1,    0.0000000000E+00,    9.7060733840E+01,    9.7060733840E+01,    0.0000000000E+00,    0.0000000000E+00,    0.0000000000E+00,    9.7060733840E+01
     98400,      0.676936,CP11_after_MPI,   1,    0.0000000000E+00,    9.7060733840E+01,    9.7060733840E+01,    0.0000000000E+00,    0.0000000000E+00,    0.0000000000E+00,    9.7060733840E+01
     98400,      0.676936,CP12_end,   1,    0.0000000000E+00,    9.7060733840E+01,    9.7060733840E+01,    0.0000000000E+00,    0.0000000000E+00,    0.0000000000E+00,    9.7060733840E+01
     98450,      0.676936,CP0_start,   1,    0.0000000000E+00,    9.7137834840E+01,    9.7137834840E+01,    0.0000000000E+00,    0.0000000000E+00,    0.0000000000E+00,    9.7137834840E+01
     98450,      0.676936,CP1_after_deposition,   1,    0.0000000000E+00,    9.7137834840E+01,    9.7137834840E+01,    0.0000000000E+00,    0.0000000000E+00,    0.0000000000E+00,    9.7137834840E+01
     98450,      0.676936,CP2_after_erosion,   1,    0.0000000000E+00,    9.7137834840E+01,    9.7137834840E+01,    0.0000000000E+00,    0.0000000000E+00,    0.0000000000E+00,    9.7137834840E+01
     98450,      0.676936,CP3_after_update_bottom,   1,    0.0000000000E+00,    9.7137834840E+01,    9.7137834840E+01,    0.0000000000E+00,    0.0000000000E+00,    0.0000000000E+00,    9.7137834840E+01
     98450,      0.676936,CP4_after_advection,   1,    0.0000000000E+00,    9.7142387724E+01,    9.7142387724E+01,    0.0000000000E+00,    0.0000000000E+00,    0.0000000000E+00,    9.7142387724E+01
     98450,      0.676936,CP5_after_vdif,   1,    0.0000000000E+00,    9.7142387724E+01,    9.7142387724E+01,    0.0000000000E+00,    0.0000000000E+00,    0.0000000000E+00,    9.7142387724E+01
     98450,      0.676936,CP6_after_kinetics,   1,    0.0000000000E+00,    9.7142387724E+01,    9.7142387724E+01,    0.0000000000E+00,    0.0000000000E+00,    0.0000000000E+00,    9.7142387724E+01
     98450,      0.676936,CP7_after_upper_clamp,   1,    0.0000000000E+00,    9.7142387724E+01,    9.7142387724E+01,    0.0000000000E+00,    0.0000000000E+00,    0.0000000000E+00,    9.7142387724E+01
     98450,      0.676936,CP8_after_OBC,   1,    0.0000000000E+00,    9.7142387724E+01,    9.7142387724E+01,    0.0000000000E+00,    0.0000000000E+00,    0.0000000000E+00,    9.7142387724E+01
     98450,      0.676936,CP9_after_PTsource,   1,    0.0000000000E+00,    9.7142387724E+01,    9.7142387724E+01,    0.0000000000E+00,    0.0000000000E+00,    0.0000000000E+00,    9.7142387724E+01
     98450,      0.676936,CP10_after_neg_clamp,   1,    0.0000000000E+00,    9.7142387724E+01,    9.7142387724E+01,    0.0000000000E+00,    0.0000000000E+00,    0.0000000000E+00,    9.7142387724E+01
     98450,      0.676936,CP11_after_MPI,   1,    0.0000000000E+00,    9.7142387724E+01,    9.7142387724E+01,    0.0000000000E+00,    0.0000000000E+00,    0.0000000000E+00,    9.7142387724E+01
     98450,      0.676936,CP12_end,   1,    0.0000000000E+00,    9.7142387724E+01,    9.7142387724E+01,    0.0000000000E+00,    0.0000000000E+00,    0.0000000000E+00,    9.7142387724E+01
     98500,      0.676936,CP0_start,   1,    0.0000000000E+00,    9.7216601521E+01,    9.7216601521E+01,    0.0000000000E+00,    0.0000000000E+00,    0.0000000000E+00,    9.7216601521E+01
     98500,      0.676936,CP1_after_deposition,   1,    0.0000000000E+00,    9.7216601521E+01,    9.7216601521E+01,    0.0000000000E+00,    0.0000000000E+00,    0.0000000000E+00,    9.7216601521E+01
     98500,      0.676936,CP2_after_erosion,   1,    0.0000000000E+00,    9.7216601521E+01,    9.7216601521E+01,    0.0000000000E+00,    0.0000000000E+00,    0.0000000000E+00,    9.7216601521E+01
     98500,      0.676936,CP3_after_update_bottom,   1,    0.0000000000E+00,    9.7216601521E+01,    9.7216601521E+01,    0.0000000000E+00,    0.0000000000E+00,    0.0000000000E+00,    9.7216601521E+01
     98500,      0.676936,CP4_after_advection,   1,    0.0000000000E+00,    9.7221156242E+01,    9.7221156242E+01,    0.0000000000E+00,    0.0000000000E+00,    0.0000000000E+00,    9.7221156242E+01
     98500,      0.676936,CP5_after_vdif,   1,    0.0000000000E+00,    9.7221156242E+01,    9.7221156242E+01,    0.0000000000E+00,    0.0000000000E+00,    0.0000000000E+00,    9.7221156242E+01
     98500,      0.676936,CP6_after_kinetics,   1,    0.0000000000E+00,    9.7221156242E+01,    9.7221156242E+01,    0.0000000000E+00,    0.0000000000E+00,    0.0000000000E+00,    9.7221156242E+01
     98500,      0.676936,CP7_after_upper_clamp,   1,    0.0000000000E+00,    9.7221156242E+01,    9.7221156242E+01,    0.0000000000E+00,    0.0000000000E+00,    0.0000000000E+00,    9.7221156242E+01
     98500,      0.676936,CP8_after_OBC,   1,    0.0000000000E+00,    9.7221156242E+01,    9.7221156242E+01,    0.0000000000E+00,    0.0000000000E+00,    0.0000000000E+00,    9.7221156242E+01
     98500,      0.676936,CP9_after_PTsource,   1,    0.0000000000E+00,    9.7221156242E+01,    9.7221156242E+01,    0.0000000000E+00,    0.0000000000E+00,    0.0000000000E+00,    9.7221156242E+01
     98500,      0.676936,CP10_after_neg_clamp,   1,    0.0000000000E+00,    9.7221156242E+01,    9.7221156242E+01,    0.0000000000E+00,    0.0000000000E+00,    0.0000000000E+00,    9.7221156242E+01
     98500,      0.676936,CP11_after_MPI,   1,    0.0000000000E+00,    9.7221156242E+01,    9.7221156242E+01,    0.0000000000E+00,    0.0000000000E+00,    0.0000000000E+00,    9.7221156242E+01
     98500,      0.676936,CP12_end,   1,    0.0000000000E+00,    9.7221156242E+01,    9.7221156242E+01,    0.0000000000E+00,    0.0000000000E+00,    0.0000000000E+00,    9.7221156242E+01
     98550,      0.676936,CP0_start,   1,    0.0000000000E+00,    9.7293448611E+01,    9.7293448611E+01,    0.0000000000E+00,    0.0000000000E+00,    0.0000000000E+00,    9.7293448611E+01
     98550,      0.676936,CP1_after_deposition,   1,    0.0000000000E+00,    9.7293448611E+01,    9.7293448611E+01,    0.0000000000E+00,    0.0000000000E+00,    0.0000000000E+00,    9.7293448611E+01
     98550,      0.676936,CP2_after_erosion,   1,    0.0000000000E+00,    9.7293448611E+01,    9.7293448611E+01,    0.0000000000E+00,    0.0000000000E+00,    0.0000000000E+00,    9.7293448611E+01
     98550,      0.676936,CP3_after_update_bottom,   1,    0.0000000000E+00,    9.7293448611E+01,    9.7293448611E+01,    0.0000000000E+00,    0.0000000000E+00,    0.0000000000E+00,    9.7293448611E+01
     98550,      0.676936,CP4_after_advection,   1,    0.0000000000E+00,    9.7298022834E+01,    9.7298022834E+01,    0.0000000000E+00,    0.0000000000E+00,    0.0000000000E+00,    9.7298022834E+01
     98550,      0.676936,CP5_after_vdif,   1,    0.0000000000E+00,    9.7298022834E+01,    9.7298022834E+01,    0.0000000000E+00,    0.0000000000E+00,    0.0000000000E+00,    9.7298022834E+01
     98550,      0.676936,CP6_after_kinetics,   1,    0.0000000000E+00,    9.7298022834E+01,    9.7298022834E+01,    0.0000000000E+00,    0.0000000000E+00,    0.0000000000E+00,    9.7298022834E+01
     98550,      0.676936,CP7_after_upper_clamp,   1,    0.0000000000E+00,    9.7298022834E+01,    9.7298022834E+01,    0.0000000000E+00,    0.0000000000E+00,    0.0000000000E+00,    9.7298022834E+01
     98550,      0.676936,CP8_after_OBC,   1,    0.0000000000E+00,    9.7298022834E+01,    9.7298022834E+01,    0.0000000000E+00,    0.0000000000E+00,    0.0000000000E+00,    9.7298022834E+01
     98550,      0.676936,CP9_after_PTsource,   1,    0.0000000000E+00,    9.7298022834E+01,    9.7298022834E+01,    0.0000000000E+00,    0.0000000000E+00,    0.0000000000E+00,    9.7298022834E+01
     98550,      0.676936,CP10_after_neg_clamp,   1,    0.0000000000E+00,    9.7298022834E+01,    9.7298022834E+01,    0.0000000000E+00,    0.0000000000E+00,    0.0000000000E+00,    9.7298022834E+01
     98550,      0.676936,CP11_after_MPI,   1,    0.0000000000E+00,    9.7298022834E+01,    9.7298022834E+01,    0.0000000000E+00,    0.0000000000E+00,    0.0000000000E+00,    9.7298022834E+01
     98550,      0.676936,CP12_end,   1,    0.0000000000E+00,    9.7298022834E+01,    9.7298022834E+01,    0.0000000000E+00,    0.0000000000E+00,    0.0000000000E+00,    9.7298022834E+01
     98600,      0.676936,CP0_start,   1,    0.0000000000E+00,    9.7369490875E+01,    9.7369490875E+01,    0.0000000000E+00,    0.0000000000E+00,    0.0000000000E+00,    9.7369490875E+01
     98600,      0.676936,CP1_after_deposition,   1,    0.0000000000E+00,    9.7369490875E+01,    9.7369490875E+01,    0.0000000000E+00,    0.0000000000E+00,    0.0000000000E+00,    9.7369490875E+01
     98600,      0.676936,CP2_after_erosion,   1,    0.0000000000E+00,    9.7369490875E+01,    9.7369490875E+01,    0.0000000000E+00,    0.0000000000E+00,    0.0000000000E+00,    9.7369490875E+01
     98600,      0.676936,CP3_after_update_bottom,   1,    0.0000000000E+00,    9.7369490875E+01,    9.7369490875E+01,    0.0000000000E+00,    0.0000000000E+00,    0.0000000000E+00,    9.7369490875E+01
     98600,      0.676936,CP4_after_advection,   1,    0.0000000000E+00,    9.7374109254E+01,    9.7374109254E+01,    0.0000000000E+00,    0.0000000000E+00,    0.0000000000E+00,    9.7374109254E+01
     98600,      0.676936,CP5_after_vdif,   1,    0.0000000000E+00,    9.7374109254E+01,    9.7374109254E+01,    0.0000000000E+00,    0.0000000000E+00,    0.0000000000E+00,    9.7374109254E+01
     98600,      0.676936,CP6_after_kinetics,   1,    0.0000000000E+00,    9.7374109254E+01,    9.7374109254E+01,    0.0000000000E+00,    0.0000000000E+00,    0.0000000000E+00,    9.7374109254E+01
     98600,      0.676936,CP7_after_upper_clamp,   1,    0.0000000000E+00,    9.7374109254E+01,    9.7374109254E+01,    0.0000000000E+00,    0.0000000000E+00,    0.0000000000E+00,    9.7374109254E+01
     98600,      0.676936,CP8_after_OBC,   1,    0.0000000000E+00,    9.7374109254E+01,    9.7374109254E+01,    0.0000000000E+00,    0.0000000000E+00,    0.0000000000E+00,    9.7374109254E+01
     98600,      0.676936,CP9_after_PTsource,   1,    0.0000000000E+00,    9.7374109254E+01,    9.7374109254E+01,    0.0000000000E+00,    0.0000000000E+00,    0.0000000000E+00,    9.7374109254E+01
     98600,      0.676936,CP10_after_neg_clamp,   1,    0.0000000000E+00,    9.7374109254E+01,    9.7374109254E+01,    0.0000000000E+00,    0.0000000000E+00,    0.0000000000E+00,    9.7374109254E+01
     98600,      0.676936,CP11_after_MPI,   1,    0.0000000000E+00,    9.7374109254E+01,    9.7374109254E+01,    0.0000000000E+00,    0.0000000000E+00,    0.0000000000E+00,    9.7374109254E+01
     98600,      0.676936,CP12_end,   1,    0.0000000000E+00,    9.7374109254E+01,    9.7374109254E+01,    0.0000000000E+00,    0.0000000000E+00,    0.0000000000E+00,    9.7374109254E+01
     98650,      0.676936,CP0_start,   1,    0.0000000000E+00,    9.7445838919E+01,    9.7445838919E+01,    0.0000000000E+00,    0.0000000000E+00,    0.0000000000E+00,    9.7445838919E+01
     98650,      0.676936,CP1_after_deposition,   1,    0.0000000000E+00,    9.7445838919E+01,    9.7445838919E+01,    0.0000000000E+00,    0.0000000000E+00,    0.0000000000E+00,    9.7445838919E+01
     98650,      0.676936,CP2_after_erosion,   1,    0.0000000000E+00,    9.7445838919E+01,    9.7445838919E+01,    0.0000000000E+00,    0.0000000000E+00,    0.0000000000E+00,    9.7445838919E+01
     98650,      0.676936,CP3_after_update_bottom,   1,    0.0000000000E+00,    9.7445838919E+01,    9.7445838919E+01,    0.0000000000E+00,    0.0000000000E+00,    0.0000000000E+00,    9.7445838919E+01
     98650,      0.676936,CP4_after_advection,   1,    0.0000000000E+00,    9.7450518351E+01,    9.7450518351E+01,    0.0000000000E+00,    0.0000000000E+00,    0.0000000000E+00,    9.7450518351E+01
     98650,      0.676936,CP5_after_vdif,   1,    0.0000000000E+00,    9.7450518351E+01,    9.7450518351E+01,    0.0000000000E+00,    0.0000000000E+00,    0.0000000000E+00,    9.7450518351E+01
     98650,      0.676936,CP6_after_kinetics,   1,    0.0000000000E+00,    9.7450518351E+01,    9.7450518351E+01,    0.0000000000E+00,    0.0000000000E+00,    0.0000000000E+00,    9.7450518351E+01
     98650,      0.676936,CP7_after_upper_clamp,   1,    0.0000000000E+00,    9.7450518351E+01,    9.7450518351E+01,    0.0000000000E+00,    0.0000000000E+00,    0.0000000000E+00,    9.7450518351E+01
     98650,      0.676936,CP8_after_OBC,   1,    0.0000000000E+00,    9.7450518351E+01,    9.7450518351E+01,    0.0000000000E+00,    0.0000000000E+00,    0.0000000000E+00,    9.7450518351E+01
     98650,      0.676936,CP9_after_PTsource,   1,    0.0000000000E+00,    9.7450518351E+01,    9.7450518351E+01,    0.0000000000E+00,    0.0000000000E+00,    0.0000000000E+00,    9.7450518351E+01
     98650,      0.676936,CP10_after_neg_clamp,   1,    0.0000000000E+00,    9.7450518351E+01,    9.7450518351E+01,    0.0000000000E+00,    0.0000000000E+00,    0.0000000000E+00,    9.7450518351E+01
     98650,      0.676936,CP11_after_MPI,   1,    0.0000000000E+00,    9.7450518351E+01,    9.7450518351E+01,    0.0000000000E+00,    0.0000000000E+00,    0.0000000000E+00,    9.7450518351E+01
     98650,      0.676936,CP12_end,   1,    0.0000000000E+00,    9.7450518351E+01,    9.7450518351E+01,    0.0000000000E+00,    0.0000000000E+00,    0.0000000000E+00,    9.7450518351E+01
     98700,      0.676936,CP0_start,   1,    0.0000000000E+00,    9.7523540062E+01,    9.7523540062E+01,    0.0000000000E+00,    0.0000000000E+00,    0.0000000000E+00,    9.7523540062E+01
     98700,      0.676936,CP1_after_deposition,   1,    0.0000000000E+00,    9.7523540062E+01,    9.7523540062E+01,    0.0000000000E+00,    0.0000000000E+00,    0.0000000000E+00,    9.7523540062E+01
     98700,      0.676936,CP2_after_erosion,   1,    0.0000000000E+00,    9.7523540062E+01,    9.7523540062E+01,    0.0000000000E+00,    0.0000000000E+00,    0.0000000000E+00,    9.7523540062E+01
     98700,      0.676936,CP3_after_update_bottom,   1,    0.0000000000E+00,    9.7523540062E+01,    9.7523540062E+01,    0.0000000000E+00,    0.0000000000E+00,    0.0000000000E+00,    9.7523540062E+01
     98700,      0.676936,CP4_after_advection,   1,    0.0000000000E+00,    9.7528295343E+01,    9.7528295343E+01,    0.0000000000E+00,    0.0000000000E+00,    0.0000000000E+00,    9.7528295343E+01
     98700,      0.676936,CP5_after_vdif,   1,    0.0000000000E+00,    9.7528295343E+01,    9.7528295343E+01,    0.0000000000E+00,    0.0000000000E+00,    0.0000000000E+00,    9.7528295343E+01
     98700,      0.676936,CP6_after_kinetics,   1,    0.0000000000E+00,    9.7528295343E+01,    9.7528295343E+01,    0.0000000000E+00,    0.0000000000E+00,    0.0000000000E+00,    9.7528295343E+01
     98700,      0.676936,CP7_after_upper_clamp,   1,    0.0000000000E+00,    9.7528295343E+01,    9.7528295343E+01,    0.0000000000E+00,    0.0000000000E+00,    0.0000000000E+00,    9.7528295343E+01
     98700,      0.676936,CP8_after_OBC,   1,    0.0000000000E+00,    9.7528295343E+01,    9.7528295343E+01,    0.0000000000E+00,    0.0000000000E+00,    0.0000000000E+00,    9.7528295343E+01
     98700,      0.676936,CP9_after_PTsource,   1,    0.0000000000E+00,    9.7528295343E+01,    9.7528295343E+01,    0.0000000000E+00,    0.0000000000E+00,    0.0000000000E+00,    9.7528295343E+01
     98700,      0.676936,CP10_after_neg_clamp,   1,    0.0000000000E+00,    9.7528295343E+01,    9.7528295343E+01,    0.0000000000E+00,    0.0000000000E+00,    0.0000000000E+00,    9.7528295343E+01
     98700,      0.676936,CP11_after_MPI,   1,    0.0000000000E+00,    9.7528295343E+01,    9.7528295343E+01,    0.0000000000E+00,    0.0000000000E+00,    0.0000000000E+00,    9.7528295343E+01
     98700,      0.676936,CP12_end,   1,    0.0000000000E+00,    9.7528295343E+01,    9.7528295343E+01,    0.0000000000E+00,    0.0000000000E+00,    0.0000000000E+00,    9.7528295343E+01
     98750,      0.676936,CP0_start,   1,    0.0000000000E+00,    9.7603579590E+01,    9.7603579590E+01,    0.0000000000E+00,    0.0000000000E+00,    0.0000000000E+00,    9.7603579590E+01
     98750,      0.676936,CP1_after_deposition,   1,    0.0000000000E+00,    9.7603579590E+01,    9.7603579590E+01,    0.0000000000E+00,    0.0000000000E+00,    0.0000000000E+00,    9.7603579590E+01
     98750,      0.676936,CP2_after_erosion,   1,    0.0000000000E+00,    9.7603579590E+01,    9.7603579590E+01,    0.0000000000E+00,    0.0000000000E+00,    0.0000000000E+00,    9.7603579590E+01
     98750,      0.676936,CP3_after_update_bottom,   1,    0.0000000000E+00,    9.7603579590E+01,    9.7603579590E+01,    0.0000000000E+00,    0.0000000000E+00,    0.0000000000E+00,    9.7603579590E+01
     98750,      0.676936,CP4_after_advection,   1,    0.0000000000E+00,    9.7608432239E+01,    9.7608432239E+01,    0.0000000000E+00,    0.0000000000E+00,    0.0000000000E+00,    9.7608432239E+01
     98750,      0.676936,CP5_after_vdif,   1,    0.0000000000E+00,    9.7608432239E+01,    9.7608432239E+01,    0.0000000000E+00,    0.0000000000E+00,    0.0000000000E+00,    9.7608432239E+01
     98750,      0.676936,CP6_after_kinetics,   1,    0.0000000000E+00,    9.7608432239E+01,    9.7608432239E+01,    0.0000000000E+00,    0.0000000000E+00,    0.0000000000E+00,    9.7608432239E+01
     98750,      0.676936,CP7_after_upper_clamp,   1,    0.0000000000E+00,    9.7608432239E+01,    9.7608432239E+01,    0.0000000000E+00,    0.0000000000E+00,    0.0000000000E+00,    9.7608432239E+01
     98750,      0.676936,CP8_after_OBC,   1,    0.0000000000E+00,    9.7608432239E+01,    9.7608432239E+01,    0.0000000000E+00,    0.0000000000E+00,    0.0000000000E+00,    9.7608432239E+01
     98750,      0.676936,CP9_after_PTsource,   1,    0.0000000000E+00,    9.7608432239E+01,    9.7608432239E+01,    0.0000000000E+00,    0.0000000000E+00,    0.0000000000E+00,    9.7608432239E+01
     98750,      0.676936,CP10_after_neg_clamp,   1,    0.0000000000E+00,    9.7608432239E+01,    9.7608432239E+01,    0.0000000000E+00,    0.0000000000E+00,    0.0000000000E+00,    9.7608432239E+01
     98750,      0.676936,CP11_after_MPI,   1,    0.0000000000E+00,    9.7608432239E+01,    9.7608432239E+01,    0.0000000000E+00,    0.0000000000E+00,    0.0000000000E+00,    9.7608432239E+01
     98750,      0.676936,CP12_end,   1,    0.0000000000E+00,    9.7608432239E+01,    9.7608432239E+01,    0.0000000000E+00,    0.0000000000E+00,    0.0000000000E+00,    9.7608432239E+01
     98800,      0.676936,CP0_start,   1,    0.0000000000E+00,    9.7686841638E+01,    9.7686841638E+01,    0.0000000000E+00,    0.0000000000E+00,    0.0000000000E+00,    9.7686841638E+01
     98800,      0.676936,CP1_after_deposition,   1,    0.0000000000E+00,    9.7686841638E+01,    9.7686841638E+01,    0.0000000000E+00,    0.0000000000E+00,    0.0000000000E+00,    9.7686841638E+01
     98800,      0.676936,CP2_after_erosion,   1,    0.0000000000E+00,    9.7686841638E+01,    9.7686841638E+01,    0.0000000000E+00,    0.0000000000E+00,    0.0000000000E+00,    9.7686841638E+01
     98800,      0.676936,CP3_after_update_bottom,   1,    0.0000000000E+00,    9.7686841638E+01,    9.7686841638E+01,    0.0000000000E+00,    0.0000000000E+00,    0.0000000000E+00,    9.7686841638E+01
     98800,      0.676936,CP4_after_advection,   1,    0.0000000000E+00,    9.7691802865E+01,    9.7691802865E+01,    0.0000000000E+00,    0.0000000000E+00,    0.0000000000E+00,    9.7691802865E+01
     98800,      0.676936,CP5_after_vdif,   1,    0.0000000000E+00,    9.7691802865E+01,    9.7691802865E+01,    0.0000000000E+00,    0.0000000000E+00,    0.0000000000E+00,    9.7691802865E+01
     98800,      0.676936,CP6_after_kinetics,   1,    0.0000000000E+00,    9.7691802865E+01,    9.7691802865E+01,    0.0000000000E+00,    0.0000000000E+00,    0.0000000000E+00,    9.7691802865E+01
     98800,      0.676936,CP7_after_upper_clamp,   1,    0.0000000000E+00,    9.7691802865E+01,    9.7691802865E+01,    0.0000000000E+00,    0.0000000000E+00,    0.0000000000E+00,    9.7691802865E+01
     98800,      0.676936,CP8_after_OBC,   1,    0.0000000000E+00,    9.7691802865E+01,    9.7691802865E+01,    0.0000000000E+00,    0.0000000000E+00,    0.0000000000E+00,    9.7691802865E+01
     98800,      0.676936,CP9_after_PTsource,   1,    0.0000000000E+00,    9.7691802865E+01,    9.7691802865E+01,    0.0000000000E+00,    0.0000000000E+00,    0.0000000000E+00,    9.7691802865E+01
     98800,      0.676936,CP10_after_neg_clamp,   1,    0.0000000000E+00,    9.7691802865E+01,    9.7691802865E+01,    0.0000000000E+00,    0.0000000000E+00,    0.0000000000E+00,    9.7691802865E+01
     98800,      0.676936,CP11_after_MPI,   1,    0.0000000000E+00,    9.7691802865E+01,    9.7691802865E+01,    0.0000000000E+00,    0.0000000000E+00,    0.0000000000E+00,    9.7691802865E+01
     98800,      0.676936,CP12_end,   1,    0.0000000000E+00,    9.7691802865E+01,    9.7691802865E+01,    0.0000000000E+00,    0.0000000000E+00,    0.0000000000E+00,    9.7691802865E+01
     98850,      0.676936,CP0_start,   1,    0.0000000000E+00,    9.7773987741E+01,    9.7773987741E+01,    0.0000000000E+00,    0.0000000000E+00,    0.0000000000E+00,    9.7773987741E+01
     98850,      0.676936,CP1_after_deposition,   1,    0.0000000000E+00,    9.7773987741E+01,    9.7773987741E+01,    0.0000000000E+00,    0.0000000000E+00,    0.0000000000E+00,    9.7773987741E+01
     98850,      0.676936,CP2_after_erosion,   1,    0.0000000000E+00,    9.7773987741E+01,    9.7773987741E+01,    0.0000000000E+00,    0.0000000000E+00,    0.0000000000E+00,    9.7773987741E+01
     98850,      0.676936,CP3_after_update_bottom,   1,    0.0000000000E+00,    9.7773987741E+01,    9.7773987741E+01,    0.0000000000E+00,    0.0000000000E+00,    0.0000000000E+00,    9.7773987741E+01
     98850,      0.676936,CP4_after_advection,   1,    0.0000000000E+00,    9.7779062162E+01,    9.7779062162E+01,    0.0000000000E+00,    0.0000000000E+00,    0.0000000000E+00,    9.7779062162E+01
     98850,      0.676936,CP5_after_vdif,   1,    0.0000000000E+00,    9.7779062162E+01,    9.7779062162E+01,    0.0000000000E+00,    0.0000000000E+00,    0.0000000000E+00,    9.7779062162E+01
     98850,      0.676936,CP6_after_kinetics,   1,    0.0000000000E+00,    9.7779062162E+01,    9.7779062162E+01,    0.0000000000E+00,    0.0000000000E+00,    0.0000000000E+00,    9.7779062162E+01
     98850,      0.676936,CP7_after_upper_clamp,   1,    0.0000000000E+00,    9.7779062162E+01,    9.7779062162E+01,    0.0000000000E+00,    0.0000000000E+00,    0.0000000000E+00,    9.7779062162E+01
     98850,      0.676936,CP8_after_OBC,   1,    0.0000000000E+00,    9.7779062162E+01,    9.7779062162E+01,    0.0000000000E+00,    0.0000000000E+00,    0.0000000000E+00,    9.7779062162E+01
     98850,      0.676936,CP9_after_PTsource,   1,    0.0000000000E+00,    9.7779062162E+01,    9.7779062162E+01,    0.0000000000E+00,    0.0000000000E+00,    0.0000000000E+00,    9.7779062162E+01
     98850,      0.676936,CP10_after_neg_clamp,   1,    0.0000000000E+00,    9.7779062162E+01,    9.7779062162E+01,    0.0000000000E+00,    0.0000000000E+00,    0.0000000000E+00,    9.7779062162E+01
     98850,      0.676936,CP11_after_MPI,   1,    0.0000000000E+00,    9.7779062162E+01,    9.7779062162E+01,    0.0000000000E+00,    0.0000000000E+00,    0.0000000000E+00,    9.7779062162E+01
     98850,      0.676936,CP12_end,   1,    0.0000000000E+00,    9.7779062162E+01,    9.7779062162E+01,    0.0000000000E+00,    0.0000000000E+00,    0.0000000000E+00,    9.7779062162E+01
     98900,      0.676936,CP0_start,   1,    0.0000000000E+00,    9.7865310244E+01,    9.7865310244E+01,    0.0000000000E+00,    0.0000000000E+00,    0.0000000000E+00,    9.7865310244E+01
     98900,      0.676936,CP1_after_deposition,   1,    0.0000000000E+00,    9.7865310244E+01,    9.7865310244E+01,    0.0000000000E+00,    0.0000000000E+00,    0.0000000000E+00,    9.7865310244E+01
     98900,      0.676936,CP2_after_erosion,   1,    0.0000000000E+00,    9.7865310244E+01,    9.7865310244E+01,    0.0000000000E+00,    0.0000000000E+00,    0.0000000000E+00,    9.7865310244E+01
     98900,      0.676936,CP3_after_update_bottom,   1,    0.0000000000E+00,    9.7865310244E+01,    9.7865310244E+01,    0.0000000000E+00,    0.0000000000E+00,    0.0000000000E+00,    9.7865310244E+01
     98900,      0.676936,CP4_after_advection,   1,    0.0000000000E+00,    9.7870497019E+01,    9.7870497019E+01,    0.0000000000E+00,    0.0000000000E+00,    0.0000000000E+00,    9.7870497019E+01
     98900,      0.676936,CP5_after_vdif,   1,    0.0000000000E+00,    9.7870497019E+01,    9.7870497019E+01,    0.0000000000E+00,    0.0000000000E+00,    0.0000000000E+00,    9.7870497019E+01
     98900,      0.676936,CP6_after_kinetics,   1,    0.0000000000E+00,    9.7870497019E+01,    9.7870497019E+01,    0.0000000000E+00,    0.0000000000E+00,    0.0000000000E+00,    9.7870497019E+01
     98900,      0.676936,CP7_after_upper_clamp,   1,    0.0000000000E+00,    9.7870497019E+01,    9.7870497019E+01,    0.0000000000E+00,    0.0000000000E+00,    0.0000000000E+00,    9.7870497019E+01
     98900,      0.676936,CP8_after_OBC,   1,    0.0000000000E+00,    9.7870497019E+01,    9.7870497019E+01,    0.0000000000E+00,    0.0000000000E+00,    0.0000000000E+00,    9.7870497019E+01
     98900,      0.676936,CP9_after_PTsource,   1,    0.0000000000E+00,    9.7870497019E+01,    9.7870497019E+01,    0.0000000000E+00,    0.0000000000E+00,    0.0000000000E+00,    9.7870497019E+01
     98900,      0.676936,CP10_after_neg_clamp,   1,    0.0000000000E+00,    9.7870497019E+01,    9.7870497019E+01,    0.0000000000E+00,    0.0000000000E+00,    0.0000000000E+00,    9.7870497019E+01
     98900,      0.676936,CP11_after_MPI,   1,    0.0000000000E+00,    9.7870497019E+01,    9.7870497019E+01,    0.0000000000E+00,    0.0000000000E+00,    0.0000000000E+00,    9.7870497019E+01
     98900,      0.676936,CP12_end,   1,    0.0000000000E+00,    9.7870497019E+01,    9.7870497019E+01,    0.0000000000E+00,    0.0000000000E+00,    0.0000000000E+00,    9.7870497019E+01
     98950,      0.676936,CP0_start,   1,    0.0000000000E+00,    9.7960795586E+01,    9.7960795586E+01,    0.0000000000E+00,    0.0000000000E+00,    0.0000000000E+00,    9.7960795586E+01
     98950,      0.676936,CP1_after_deposition,   1,    0.0000000000E+00,    9.7960795586E+01,    9.7960795586E+01,    0.0000000000E+00,    0.0000000000E+00,    0.0000000000E+00,    9.7960795586E+01
     98950,      0.676936,CP2_after_erosion,   1,    0.0000000000E+00,    9.7960795586E+01,    9.7960795586E+01,    0.0000000000E+00,    0.0000000000E+00,    0.0000000000E+00,    9.7960795586E+01
     98950,      0.676936,CP3_after_update_bottom,   1,    0.0000000000E+00,    9.7960795586E+01,    9.7960795586E+01,    0.0000000000E+00,    0.0000000000E+00,    0.0000000000E+00,    9.7960795586E+01
     98950,      0.676936,CP4_after_advection,   1,    0.0000000000E+00,    9.7966091741E+01,    9.7966091741E+01,    0.0000000000E+00,    0.0000000000E+00,    0.0000000000E+00,    9.7966091741E+01
     98950,      0.676936,CP5_after_vdif,   1,    0.0000000000E+00,    9.7966091741E+01,    9.7966091741E+01,    0.0000000000E+00,    0.0000000000E+00,    0.0000000000E+00,    9.7966091741E+01
     98950,      0.676936,CP6_after_kinetics,   1,    0.0000000000E+00,    9.7966091741E+01,    9.7966091741E+01,    0.0000000000E+00,    0.0000000000E+00,    0.0000000000E+00,    9.7966091741E+01
     98950,      0.676936,CP7_after_upper_clamp,   1,    0.0000000000E+00,    9.7966091741E+01,    9.7966091741E+01,    0.0000000000E+00,    0.0000000000E+00,    0.0000000000E+00,    9.7966091741E+01
     98950,      0.676936,CP8_after_OBC,   1,    0.0000000000E+00,    9.7966091741E+01,    9.7966091741E+01,    0.0000000000E+00,    0.0000000000E+00,    0.0000000000E+00,    9.7966091741E+01
     98950,      0.676936,CP9_after_PTsource,   1,    0.0000000000E+00,    9.7966091741E+01,    9.7966091741E+01,    0.0000000000E+00,    0.0000000000E+00,    0.0000000000E+00,    9.7966091741E+01
     98950,      0.676936,CP10_after_neg_clamp,   1,    0.0000000000E+00,    9.7966091741E+01,    9.7966091741E+01,    0.0000000000E+00,    0.0000000000E+00,    0.0000000000E+00,    9.7966091741E+01
     98950,      0.676936,CP11_after_MPI,   1,    0.0000000000E+00,    9.7966091741E+01,    9.7966091741E+01,    0.0000000000E+00,    0.0000000000E+00,    0.0000000000E+00,    9.7966091741E+01
     98950,      0.676936,CP12_end,   1,    0.0000000000E+00,    9.7966091741E+01,    9.7966091741E+01,    0.0000000000E+00,    0.0000000000E+00,    0.0000000000E+00,    9.7966091741E+01
     99000,      0.676936,CP0_start,   1,    0.0000000000E+00,    9.8060058555E+01,    9.8060058555E+01,    0.0000000000E+00,    0.0000000000E+00,    0.0000000000E+00,    9.8060058555E+01
     99000,      0.676936,CP1_after_deposition,   1,    0.0000000000E+00,    9.8060058555E+01,    9.8060058555E+01,    0.0000000000E+00,    0.0000000000E+00,    0.0000000000E+00,    9.8060058555E+01
     99000,      0.676936,CP2_after_erosion,   1,    0.0000000000E+00,    9.8060058555E+01,    9.8060058555E+01,    0.0000000000E+00,    0.0000000000E+00,    0.0000000000E+00,    9.8060058555E+01
     99000,      0.676936,CP3_after_update_bottom,   1,    0.0000000000E+00,    9.8060058555E+01,    9.8060058555E+01,    0.0000000000E+00,    0.0000000000E+00,    0.0000000000E+00,    9.8060058555E+01
     99000,      0.676936,CP4_after_advection,   1,    0.0000000000E+00,    9.8065455183E+01,    9.8065455183E+01,    0.0000000000E+00,    0.0000000000E+00,    0.0000000000E+00,    9.8065455183E+01
     99000,      0.676936,CP5_after_vdif,   1,    0.0000000000E+00,    9.8065455183E+01,    9.8065455183E+01,    0.0000000000E+00,    0.0000000000E+00,    0.0000000000E+00,    9.8065455183E+01
     99000,      0.676936,CP6_after_kinetics,   1,    0.0000000000E+00,    9.8065455183E+01,    9.8065455183E+01,    0.0000000000E+00,    0.0000000000E+00,    0.0000000000E+00,    9.8065455183E+01
     99000,      0.676936,CP7_after_upper_clamp,   1,    0.0000000000E+00,    9.8065455183E+01,    9.8065455183E+01,    0.0000000000E+00,    0.0000000000E+00,    0.0000000000E+00,    9.8065455183E+01
     99000,      0.676936,CP8_after_OBC,   1,    0.0000000000E+00,    9.8065455183E+01,    9.8065455183E+01,    0.0000000000E+00,    0.0000000000E+00,    0.0000000000E+00,    9.8065455183E+01
     99000,      0.676936,CP9_after_PTsource,   1,    0.0000000000E+00,    9.8065455183E+01,    9.8065455183E+01,    0.0000000000E+00,    0.0000000000E+00,    0.0000000000E+00,    9.8065455183E+01
     99000,      0.676936,CP10_after_neg_clamp,   1,    0.0000000000E+00,    9.8065455183E+01,    9.8065455183E+01,    0.0000000000E+00,    0.0000000000E+00,    0.0000000000E+00,    9.8065455183E+01
     99000,      0.676936,CP11_after_MPI,   1,    0.0000000000E+00,    9.8065455183E+01,    9.8065455183E+01,    0.0000000000E+00,    0.0000000000E+00,    0.0000000000E+00,    9.8065455183E+01
     99000,      0.676936,CP12_end,   1,    0.0000000000E+00,    9.8065455183E+01,    9.8065455183E+01,    0.0000000000E+00,    0.0000000000E+00,    0.0000000000E+00,    9.8065455183E+01
     99050,      0.676936,CP0_start,   1,    0.0000000000E+00,    9.8162544445E+01,    9.8162544445E+01,    0.0000000000E+00,    0.0000000000E+00,    0.0000000000E+00,    9.8162544445E+01
     99050,      0.676936,CP1_after_deposition,   1,    0.0000000000E+00,    9.8162544445E+01,    9.8162544445E+01,    0.0000000000E+00,    0.0000000000E+00,    0.0000000000E+00,    9.8162544445E+01
     99050,      0.676936,CP2_after_erosion,   1,    0.0000000000E+00,    9.8162544445E+01,    9.8162544445E+01,    0.0000000000E+00,    0.0000000000E+00,    0.0000000000E+00,    9.8162544445E+01
     99050,      0.676936,CP3_after_update_bottom,   1,    0.0000000000E+00,    9.8162544445E+01,    9.8162544445E+01,    0.0000000000E+00,    0.0000000000E+00,    0.0000000000E+00,    9.8162544445E+01
     99050,      0.676936,CP4_after_advection,   1,    0.0000000000E+00,    9.8168023943E+01,    9.8168023943E+01,    0.0000000000E+00,    0.0000000000E+00,    0.0000000000E+00,    9.8168023943E+01
     99050,      0.676936,CP5_after_vdif,   1,    0.0000000000E+00,    9.8168023943E+01,    9.8168023943E+01,    0.0000000000E+00,    0.0000000000E+00,    0.0000000000E+00,    9.8168023943E+01
     99050,      0.676936,CP6_after_kinetics,   1,    0.0000000000E+00,    9.8168023943E+01,    9.8168023943E+01,    0.0000000000E+00,    0.0000000000E+00,    0.0000000000E+00,    9.8168023943E+01
     99050,      0.676936,CP7_after_upper_clamp,   1,    0.0000000000E+00,    9.8168023943E+01,    9.8168023943E+01,    0.0000000000E+00,    0.0000000000E+00,    0.0000000000E+00,    9.8168023943E+01
     99050,      0.676936,CP8_after_OBC,   1,    0.0000000000E+00,    9.8168023943E+01,    9.8168023943E+01,    0.0000000000E+00,    0.0000000000E+00,    0.0000000000E+00,    9.8168023943E+01
     99050,      0.676936,CP9_after_PTsource,   1,    0.0000000000E+00,    9.8168023943E+01,    9.8168023943E+01,    0.0000000000E+00,    0.0000000000E+00,    0.0000000000E+00,    9.8168023943E+01
     99050,      0.676936,CP10_after_neg_clamp,   1,    0.0000000000E+00,    9.8168023943E+01,    9.8168023943E+01,    0.0000000000E+00,    0.0000000000E+00,    0.0000000000E+00,    9.8168023943E+01
     99050,      0.676936,CP11_after_MPI,   1,    0.0000000000E+00,    9.8168023943E+01,    9.8168023943E+01,    0.0000000000E+00,    0.0000000000E+00,    0.0000000000E+00,    9.8168023943E+01
     99050,      0.676936,CP12_end,   1,    0.0000000000E+00,    9.8168023943E+01,    9.8168023943E+01,    0.0000000000E+00,    0.0000000000E+00,    0.0000000000E+00,    9.8168023943E+01
     99100,      0.676936,CP0_start,   1,    0.0000000000E+00,    9.8267509125E+01,    9.8267509125E+01,    0.0000000000E+00,    0.0000000000E+00,    0.0000000000E+00,    9.8267509125E+01
     99100,      0.676936,CP1_after_deposition,   1,    0.0000000000E+00,    9.8267509125E+01,    9.8267509125E+01,    0.0000000000E+00,    0.0000000000E+00,    0.0000000000E+00,    9.8267509125E+01
     99100,      0.676936,CP2_after_erosion,   1,    0.0000000000E+00,    9.8267509125E+01,    9.8267509125E+01,    0.0000000000E+00,    0.0000000000E+00,    0.0000000000E+00,    9.8267509125E+01
     99100,      0.676936,CP3_after_update_bottom,   1,    0.0000000000E+00,    9.8267509125E+01,    9.8267509125E+01,    0.0000000000E+00,    0.0000000000E+00,    0.0000000000E+00,    9.8267509125E+01
     99100,      0.676936,CP4_after_advection,   1,    0.0000000000E+00,    9.8273053130E+01,    9.8273053130E+01,    0.0000000000E+00,    0.0000000000E+00,    0.0000000000E+00,    9.8273053130E+01
     99100,      0.676936,CP5_after_vdif,   1,    0.0000000000E+00,    9.8273053130E+01,    9.8273053130E+01,    0.0000000000E+00,    0.0000000000E+00,    0.0000000000E+00,    9.8273053130E+01
     99100,      0.676936,CP6_after_kinetics,   1,    0.0000000000E+00,    9.8273053130E+01,    9.8273053130E+01,    0.0000000000E+00,    0.0000000000E+00,    0.0000000000E+00,    9.8273053130E+01
     99100,      0.676936,CP7_after_upper_clamp,   1,    0.0000000000E+00,    9.8273053130E+01,    9.8273053130E+01,    0.0000000000E+00,    0.0000000000E+00,    0.0000000000E+00,    9.8273053130E+01
     99100,      0.676936,CP8_after_OBC,   1,    0.0000000000E+00,    9.8273053130E+01,    9.8273053130E+01,    0.0000000000E+00,    0.0000000000E+00,    0.0000000000E+00,    9.8273053130E+01
     99100,      0.676936,CP9_after_PTsource,   1,    0.0000000000E+00,    9.8273053130E+01,    9.8273053130E+01,    0.0000000000E+00,    0.0000000000E+00,    0.0000000000E+00,    9.8273053130E+01
     99100,      0.676936,CP10_after_neg_clamp,   1,    0.0000000000E+00,    9.8273053130E+01,    9.8273053130E+01,    0.0000000000E+00,    0.0000000000E+00,    0.0000000000E+00,    9.8273053130E+01
     99100,      0.676936,CP11_after_MPI,   1,    0.0000000000E+00,    9.8273053130E+01,    9.8273053130E+01,    0.0000000000E+00,    0.0000000000E+00,    0.0000000000E+00,    9.8273053130E+01
     99100,      0.676936,CP12_end,   1,    0.0000000000E+00,    9.8273053130E+01,    9.8273053130E+01,    0.0000000000E+00,    0.0000000000E+00,    0.0000000000E+00,    9.8273053130E+01
     99150,      0.676936,CP0_start,   1,    0.0000000000E+00,    9.8374107734E+01,    9.8374107734E+01,    0.0000000000E+00,    0.0000000000E+00,    0.0000000000E+00,    9.8374107734E+01
     99150,      0.676936,CP1_after_deposition,   1,    0.0000000000E+00,    9.8374107734E+01,    9.8374107734E+01,    0.0000000000E+00,    0.0000000000E+00,    0.0000000000E+00,    9.8374107734E+01
     99150,      0.676936,CP2_after_erosion,   1,    0.0000000000E+00,    9.8374107734E+01,    9.8374107734E+01,    0.0000000000E+00,    0.0000000000E+00,    0.0000000000E+00,    9.8374107734E+01
     99150,      0.676936,CP3_after_update_bottom,   1,    0.0000000000E+00,    9.8374107734E+01,    9.8374107734E+01,    0.0000000000E+00,    0.0000000000E+00,    0.0000000000E+00,    9.8374107734E+01
     99150,      0.676936,CP4_after_advection,   1,    0.0000000000E+00,    9.8379697508E+01,    9.8379697508E+01,    0.0000000000E+00,    0.0000000000E+00,    0.0000000000E+00,    9.8379697508E+01
     99150,      0.676936,CP5_after_vdif,   1,    0.0000000000E+00,    9.8379697508E+01,    9.8379697508E+01,    0.0000000000E+00,    0.0000000000E+00,    0.0000000000E+00,    9.8379697508E+01
     99150,      0.676936,CP6_after_kinetics,   1,    0.0000000000E+00,    9.8379697508E+01,    9.8379697508E+01,    0.0000000000E+00,    0.0000000000E+00,    0.0000000000E+00,    9.8379697508E+01
     99150,      0.676936,CP7_after_upper_clamp,   1,    0.0000000000E+00,    9.8379697508E+01,    9.8379697508E+01,    0.0000000000E+00,    0.0000000000E+00,    0.0000000000E+00,    9.8379697508E+01
     99150,      0.676936,CP8_after_OBC,   1,    0.0000000000E+00,    9.8379697508E+01,    9.8379697508E+01,    0.0000000000E+00,    0.0000000000E+00,    0.0000000000E+00,    9.8379697508E+01
     99150,      0.676936,CP9_after_PTsource,   1,    0.0000000000E+00,    9.8379697508E+01,    9.8379697508E+01,    0.0000000000E+00,    0.0000000000E+00,    0.0000000000E+00,    9.8379697508E+01
     99150,      0.676936,CP10_after_neg_clamp,   1,    0.0000000000E+00,    9.8379697508E+01,    9.8379697508E+01,    0.0000000000E+00,    0.0000000000E+00,    0.0000000000E+00,    9.8379697508E+01
     99150,      0.676936,CP11_after_MPI,   1,    0.0000000000E+00,    9.8379697508E+01,    9.8379697508E+01,    0.0000000000E+00,    0.0000000000E+00,    0.0000000000E+00,    9.8379697508E+01
     99150,      0.676936,CP12_end,   1,    0.0000000000E+00,    9.8379697508E+01,    9.8379697508E+01,    0.0000000000E+00,    0.0000000000E+00,    0.0000000000E+00,    9.8379697508E+01
     99200,      0.676936,CP0_start,   1,    0.0000000000E+00,    9.8481419193E+01,    9.8481419193E+01,    0.0000000000E+00,    0.0000000000E+00,    0.0000000000E+00,    9.8481419193E+01
     99200,      0.676936,CP1_after_deposition,   1,    0.0000000000E+00,    9.8481419193E+01,    9.8481419193E+01,    0.0000000000E+00,    0.0000000000E+00,    0.0000000000E+00,    9.8481419193E+01
     99200,      0.676936,CP2_after_erosion,   1,    0.0000000000E+00,    9.8481419193E+01,    9.8481419193E+01,    0.0000000000E+00,    0.0000000000E+00,    0.0000000000E+00,    9.8481419193E+01
     99200,      0.676936,CP3_after_update_bottom,   1,    0.0000000000E+00,    9.8481419193E+01,    9.8481419193E+01,    0.0000000000E+00,    0.0000000000E+00,    0.0000000000E+00,    9.8481419193E+01
     99200,      0.676936,CP4_after_advection,   1,    0.0000000000E+00,    9.8487035332E+01,    9.8487035332E+01,    0.0000000000E+00,    0.0000000000E+00,    0.0000000000E+00,    9.8487035332E+01
     99200,      0.676936,CP5_after_vdif,   1,    0.0000000000E+00,    9.8487035332E+01,    9.8487035332E+01,    0.0000000000E+00,    0.0000000000E+00,    0.0000000000E+00,    9.8487035332E+01
     99200,      0.676936,CP6_after_kinetics,   1,    0.0000000000E+00,    9.8487035332E+01,    9.8487035332E+01,    0.0000000000E+00,    0.0000000000E+00,    0.0000000000E+00,    9.8487035332E+01
     99200,      0.676936,CP7_after_upper_clamp,   1,    0.0000000000E+00,    9.8487035332E+01,    9.8487035332E+01,    0.0000000000E+00,    0.0000000000E+00,    0.0000000000E+00,    9.8487035332E+01
     99200,      0.676936,CP8_after_OBC,   1,    0.0000000000E+00,    9.8487035332E+01,    9.8487035332E+01,    0.0000000000E+00,    0.0000000000E+00,    0.0000000000E+00,    9.8487035332E+01
     99200,      0.676936,CP9_after_PTsource,   1,    0.0000000000E+00,    9.8487035332E+01,    9.8487035332E+01,    0.0000000000E+00,    0.0000000000E+00,    0.0000000000E+00,    9.8487035332E+01
     99200,      0.676936,CP10_after_neg_clamp,   1,    0.0000000000E+00,    9.8487035332E+01,    9.8487035332E+01,    0.0000000000E+00,    0.0000000000E+00,    0.0000000000E+00,    9.8487035332E+01
     99200,      0.676936,CP11_after_MPI,   1,    0.0000000000E+00,    9.8487035332E+01,    9.8487035332E+01,    0.0000000000E+00,    0.0000000000E+00,    0.0000000000E+00,    9.8487035332E+01
     99200,      0.676936,CP12_end,   1,    0.0000000000E+00,    9.8487035332E+01,    9.8487035332E+01,    0.0000000000E+00,    0.0000000000E+00,    0.0000000000E+00,    9.8487035332E+01
     99250,      0.676936,CP0_start,   1,    0.0000000000E+00,    9.8588623674E+01,    9.8588623674E+01,    0.0000000000E+00,    0.0000000000E+00,    0.0000000000E+00,    9.8588623674E+01
     99250,      0.676936,CP1_after_deposition,   1,    0.0000000000E+00,    9.8588623674E+01,    9.8588623674E+01,    0.0000000000E+00,    0.0000000000E+00,    0.0000000000E+00,    9.8588623674E+01
     99250,      0.676936,CP2_after_erosion,   1,    0.0000000000E+00,    9.8588623674E+01,    9.8588623674E+01,    0.0000000000E+00,    0.0000000000E+00,    0.0000000000E+00,    9.8588623674E+01
     99250,      0.676936,CP3_after_update_bottom,   1,    0.0000000000E+00,    9.8588623674E+01,    9.8588623674E+01,    0.0000000000E+00,    0.0000000000E+00,    0.0000000000E+00,    9.8588623674E+01
     99250,      0.676936,CP4_after_advection,   1,    0.0000000000E+00,    9.8594250271E+01,    9.8594250271E+01,    0.0000000000E+00,    0.0000000000E+00,    0.0000000000E+00,    9.8594250271E+01
     99250,      0.676936,CP5_after_vdif,   1,    0.0000000000E+00,    9.8594250271E+01,    9.8594250271E+01,    0.0000000000E+00,    0.0000000000E+00,    0.0000000000E+00,    9.8594250271E+01
     99250,      0.676936,CP6_after_kinetics,   1,    0.0000000000E+00,    9.8594250271E+01,    9.8594250271E+01,    0.0000000000E+00,    0.0000000000E+00,    0.0000000000E+00,    9.8594250271E+01
     99250,      0.676936,CP7_after_upper_clamp,   1,    0.0000000000E+00,    9.8594250271E+01,    9.8594250271E+01,    0.0000000000E+00,    0.0000000000E+00,    0.0000000000E+00,    9.8594250271E+01
     99250,      0.676936,CP8_after_OBC,   1,    0.0000000000E+00,    9.8594250271E+01,    9.8594250271E+01,    0.0000000000E+00,    0.0000000000E+00,    0.0000000000E+00,    9.8594250271E+01
     99250,      0.676936,CP9_after_PTsource,   1,    0.0000000000E+00,    9.8594250271E+01,    9.8594250271E+01,    0.0000000000E+00,    0.0000000000E+00,    0.0000000000E+00,    9.8594250271E+01
     99250,      0.676936,CP10_after_neg_clamp,   1,    0.0000000000E+00,    9.8594250271E+01,    9.8594250271E+01,    0.0000000000E+00,    0.0000000000E+00,    0.0000000000E+00,    9.8594250271E+01
     99250,      0.676936,CP11_after_MPI,   1,    0.0000000000E+00,    9.8594250271E+01,    9.8594250271E+01,    0.0000000000E+00,    0.0000000000E+00,    0.0000000000E+00,    9.8594250271E+01
     99250,      0.676936,CP12_end,   1,    0.0000000000E+00,    9.8594250271E+01,    9.8594250271E+01,    0.0000000000E+00,    0.0000000000E+00,    0.0000000000E+00,    9.8594250271E+01
     99300,      0.676936,CP0_start,   1,    0.0000000000E+00,    9.8695072562E+01,    9.8695072562E+01,    0.0000000000E+00,    0.0000000000E+00,    0.0000000000E+00,    9.8695072562E+01
     99300,      0.676936,CP1_after_deposition,   1,    0.0000000000E+00,    9.8695072562E+01,    9.8695072562E+01,    0.0000000000E+00,    0.0000000000E+00,    0.0000000000E+00,    9.8695072562E+01
     99300,      0.676936,CP2_after_erosion,   1,    0.0000000000E+00,    9.8695072562E+01,    9.8695072562E+01,    0.0000000000E+00,    0.0000000000E+00,    0.0000000000E+00,    9.8695072562E+01
     99300,      0.676936,CP3_after_update_bottom,   1,    0.0000000000E+00,    9.8695072562E+01,    9.8695072562E+01,    0.0000000000E+00,    0.0000000000E+00,    0.0000000000E+00,    9.8695072562E+01
     99300,      0.676936,CP4_after_advection,   1,    0.0000000000E+00,    9.8700693344E+01,    9.8700693344E+01,    0.0000000000E+00,    0.0000000000E+00,    0.0000000000E+00,    9.8700693344E+01
     99300,      0.676936,CP5_after_vdif,   1,    0.0000000000E+00,    9.8700693344E+01,    9.8700693344E+01,    0.0000000000E+00,    0.0000000000E+00,    0.0000000000E+00,    9.8700693344E+01
     99300,      0.676936,CP6_after_kinetics,   1,    0.0000000000E+00,    9.8700693344E+01,    9.8700693344E+01,    0.0000000000E+00,    0.0000000000E+00,    0.0000000000E+00,    9.8700693344E+01
     99300,      0.676936,CP7_after_upper_clamp,   1,    0.0000000000E+00,    9.8700693344E+01,    9.8700693344E+01,    0.0000000000E+00,    0.0000000000E+00,    0.0000000000E+00,    9.8700693344E+01
     99300,      0.676936,CP8_after_OBC,   1,    0.0000000000E+00,    9.8700693344E+01,    9.8700693344E+01,    0.0000000000E+00,    0.0000000000E+00,    0.0000000000E+00,    9.8700693344E+01
     99300,      0.676936,CP9_after_PTsource,   1,    0.0000000000E+00,    9.8700693344E+01,    9.8700693344E+01,    0.0000000000E+00,    0.0000000000E+00,    0.0000000000E+00,    9.8700693344E+01
     99300,      0.676936,CP10_after_neg_clamp,   1,    0.0000000000E+00,    9.8700693344E+01,    9.8700693344E+01,    0.0000000000E+00,    0.0000000000E+00,    0.0000000000E+00,    9.8700693344E+01
     99300,      0.676936,CP11_after_MPI,   1,    0.0000000000E+00,    9.8700693344E+01,    9.8700693344E+01,    0.0000000000E+00,    0.0000000000E+00,    0.0000000000E+00,    9.8700693344E+01
     99300,      0.676936,CP12_end,   1,    0.0000000000E+00,    9.8700693344E+01,    9.8700693344E+01,    0.0000000000E+00,    0.0000000000E+00,    0.0000000000E+00,    9.8700693344E+01
     99350,      0.676936,CP0_start,   1,    0.0000000000E+00,    9.8800298930E+01,    9.8800298930E+01,    0.0000000000E+00,    0.0000000000E+00,    0.0000000000E+00,    9.8800298930E+01
     99350,      0.676936,CP1_after_deposition,   1,    0.0000000000E+00,    9.8800298930E+01,    9.8800298930E+01,    0.0000000000E+00,    0.0000000000E+00,    0.0000000000E+00,    9.8800298930E+01
     99350,      0.676936,CP2_after_erosion,   1,    0.0000000000E+00,    9.8800298930E+01,    9.8800298930E+01,    0.0000000000E+00,    0.0000000000E+00,    0.0000000000E+00,    9.8800298930E+01
     99350,      0.676936,CP3_after_update_bottom,   1,    0.0000000000E+00,    9.8800298930E+01,    9.8800298930E+01,    0.0000000000E+00,    0.0000000000E+00,    0.0000000000E+00,    9.8800298930E+01
     99350,      0.676936,CP4_after_advection,   1,    0.0000000000E+00,    9.8805905434E+01,    9.8805905434E+01,    0.0000000000E+00,    0.0000000000E+00,    0.0000000000E+00,    9.8805905434E+01
     99350,      0.676936,CP5_after_vdif,   1,    0.0000000000E+00,    9.8805905434E+01,    9.8805905434E+01,    0.0000000000E+00,    0.0000000000E+00,    0.0000000000E+00,    9.8805905434E+01
     99350,      0.676936,CP6_after_kinetics,   1,    0.0000000000E+00,    9.8805905434E+01,    9.8805905434E+01,    0.0000000000E+00,    0.0000000000E+00,    0.0000000000E+00,    9.8805905434E+01
     99350,      0.676936,CP7_after_upper_clamp,   1,    0.0000000000E+00,    9.8805905434E+01,    9.8805905434E+01,    0.0000000000E+00,    0.0000000000E+00,    0.0000000000E+00,    9.8805905434E+01
     99350,      0.676936,CP8_after_OBC,   1,    0.0000000000E+00,    9.8805905434E+01,    9.8805905434E+01,    0.0000000000E+00,    0.0000000000E+00,    0.0000000000E+00,    9.8805905434E+01
     99350,      0.676936,CP9_after_PTsource,   1,    0.0000000000E+00,    9.8805905434E+01,    9.8805905434E+01,    0.0000000000E+00,    0.0000000000E+00,    0.0000000000E+00,    9.8805905434E+01
     99350,      0.676936,CP10_after_neg_clamp,   1,    0.0000000000E+00,    9.8805905434E+01,    9.8805905434E+01,    0.0000000000E+00,    0.0000000000E+00,    0.0000000000E+00,    9.8805905434E+01
     99350,      0.676936,CP11_after_MPI,   1,    0.0000000000E+00,    9.8805905434E+01,    9.8805905434E+01,    0.0000000000E+00,    0.0000000000E+00,    0.0000000000E+00,    9.8805905434E+01
     99350,      0.676936,CP12_end,   1,    0.0000000000E+00,    9.8805905434E+01,    9.8805905434E+01,    0.0000000000E+00,    0.0000000000E+00,    0.0000000000E+00,    9.8805905434E+01
     99400,      0.676936,CP0_start,   1,    0.0000000000E+00,    9.8904044911E+01,    9.8904044911E+01,    0.0000000000E+00,    0.0000000000E+00,    0.0000000000E+00,    9.8904044911E+01
     99400,      0.676936,CP1_after_deposition,   1,    0.0000000000E+00,    9.8904044911E+01,    9.8904044911E+01,    0.0000000000E+00,    0.0000000000E+00,    0.0000000000E+00,    9.8904044911E+01
     99400,      0.676936,CP2_after_erosion,   1,    0.0000000000E+00,    9.8904044911E+01,    9.8904044911E+01,    0.0000000000E+00,    0.0000000000E+00,    0.0000000000E+00,    9.8904044911E+01
     99400,      0.676936,CP3_after_update_bottom,   1,    0.0000000000E+00,    9.8904044911E+01,    9.8904044911E+01,    0.0000000000E+00,    0.0000000000E+00,    0.0000000000E+00,    9.8904044911E+01
     99400,      0.676936,CP4_after_advection,   1,    0.0000000000E+00,    9.8909632636E+01,    9.8909632636E+01,    0.0000000000E+00,    0.0000000000E+00,    0.0000000000E+00,    9.8909632636E+01
     99400,      0.676936,CP5_after_vdif,   1,    0.0000000000E+00,    9.8909632636E+01,    9.8909632636E+01,    0.0000000000E+00,    0.0000000000E+00,    0.0000000000E+00,    9.8909632636E+01
     99400,      0.676936,CP6_after_kinetics,   1,    0.0000000000E+00,    9.8909632636E+01,    9.8909632636E+01,    0.0000000000E+00,    0.0000000000E+00,    0.0000000000E+00,    9.8909632636E+01
     99400,      0.676936,CP7_after_upper_clamp,   1,    0.0000000000E+00,    9.8909632636E+01,    9.8909632636E+01,    0.0000000000E+00,    0.0000000000E+00,    0.0000000000E+00,    9.8909632636E+01
     99400,      0.676936,CP8_after_OBC,   1,    0.0000000000E+00,    9.8909632636E+01,    9.8909632636E+01,    0.0000000000E+00,    0.0000000000E+00,    0.0000000000E+00,    9.8909632636E+01
     99400,      0.676936,CP9_after_PTsource,   1,    0.0000000000E+00,    9.8909632636E+01,    9.8909632636E+01,    0.0000000000E+00,    0.0000000000E+00,    0.0000000000E+00,    9.8909632636E+01
     99400,      0.676936,CP10_after_neg_clamp,   1,    0.0000000000E+00,    9.8909632636E+01,    9.8909632636E+01,    0.0000000000E+00,    0.0000000000E+00,    0.0000000000E+00,    9.8909632636E+01
     99400,      0.676936,CP11_after_MPI,   1,    0.0000000000E+00,    9.8909632636E+01,    9.8909632636E+01,    0.0000000000E+00,    0.0000000000E+00,    0.0000000000E+00,    9.8909632636E+01
     99400,      0.676936,CP12_end,   1,    0.0000000000E+00,    9.8909632636E+01,    9.8909632636E+01,    0.0000000000E+00,    0.0000000000E+00,    0.0000000000E+00,    9.8909632636E+01
     99450,      0.676936,CP0_start,   1,    0.0000000000E+00,    9.9006218797E+01,    9.9006218797E+01,    0.0000000000E+00,    0.0000000000E+00,    0.0000000000E+00,    9.9006218797E+01
     99450,      0.676936,CP1_after_deposition,   1,    0.0000000000E+00,    9.9006218797E+01,    9.9006218797E+01,    0.0000000000E+00,    0.0000000000E+00,    0.0000000000E+00,    9.9006218797E+01
     99450,      0.676936,CP2_after_erosion,   1,    0.0000000000E+00,    9.9006218797E+01,    9.9006218797E+01,    0.0000000000E+00,    0.0000000000E+00,    0.0000000000E+00,    9.9006218797E+01
     99450,      0.676936,CP3_after_update_bottom,   1,    0.0000000000E+00,    9.9006218797E+01,    9.9006218797E+01,    0.0000000000E+00,    0.0000000000E+00,    0.0000000000E+00,    9.9006218797E+01
     99450,      0.676936,CP4_after_advection,   1,    0.0000000000E+00,    9.9011786009E+01,    9.9011786009E+01,    0.0000000000E+00,    0.0000000000E+00,    0.0000000000E+00,    9.9011786009E+01
     99450,      0.676936,CP5_after_vdif,   1,    0.0000000000E+00,    9.9011786009E+01,    9.9011786009E+01,    0.0000000000E+00,    0.0000000000E+00,    0.0000000000E+00,    9.9011786009E+01
     99450,      0.676936,CP6_after_kinetics,   1,    0.0000000000E+00,    9.9011786009E+01,    9.9011786009E+01,    0.0000000000E+00,    0.0000000000E+00,    0.0000000000E+00,    9.9011786009E+01
     99450,      0.676936,CP7_after_upper_clamp,   1,    0.0000000000E+00,    9.9011786009E+01,    9.9011786009E+01,    0.0000000000E+00,    0.0000000000E+00,    0.0000000000E+00,    9.9011786009E+01
     99450,      0.676936,CP8_after_OBC,   1,    0.0000000000E+00,    9.9011786009E+01,    9.9011786009E+01,    0.0000000000E+00,    0.0000000000E+00,    0.0000000000E+00,    9.9011786009E+01
     99450,      0.676936,CP9_after_PTsource,   1,    0.0000000000E+00,    9.9011786009E+01,    9.9011786009E+01,    0.0000000000E+00,    0.0000000000E+00,    0.0000000000E+00,    9.9011786009E+01
     99450,      0.676936,CP10_after_neg_clamp,   1,    0.0000000000E+00,    9.9011786009E+01,    9.9011786009E+01,    0.0000000000E+00,    0.0000000000E+00,    0.0000000000E+00,    9.9011786009E+01
     99450,      0.676936,CP11_after_MPI,   1,    0.0000000000E+00,    9.9011786009E+01,    9.9011786009E+01,    0.0000000000E+00,    0.0000000000E+00,    0.0000000000E+00,    9.9011786009E+01
     99450,      0.676936,CP12_end,   1,    0.0000000000E+00,    9.9011786009E+01,    9.9011786009E+01,    0.0000000000E+00,    0.0000000000E+00,    0.0000000000E+00,    9.9011786009E+01
     99500,      0.676936,CP0_start,   1,    0.0000000000E+00,    9.9106909575E+01,    9.9106909575E+01,    0.0000000000E+00,    0.0000000000E+00,    0.0000000000E+00,    9.9106909575E+01
     99500,      0.676936,CP1_after_deposition,   1,    0.0000000000E+00,    9.9106909575E+01,    9.9106909575E+01,    0.0000000000E+00,    0.0000000000E+00,    0.0000000000E+00,    9.9106909575E+01
     99500,      0.676936,CP2_after_erosion,   1,    0.0000000000E+00,    9.9106909575E+01,    9.9106909575E+01,    0.0000000000E+00,    0.0000000000E+00,    0.0000000000E+00,    9.9106909575E+01
     99500,      0.676936,CP3_after_update_bottom,   1,    0.0000000000E+00,    9.9106909575E+01,    9.9106909575E+01,    0.0000000000E+00,    0.0000000000E+00,    0.0000000000E+00,    9.9106909575E+01
     99500,      0.676936,CP4_after_advection,   1,    0.0000000000E+00,    9.9112456495E+01,    9.9112456495E+01,    0.0000000000E+00,    0.0000000000E+00,    0.0000000000E+00,    9.9112456495E+01
     99500,      0.676936,CP5_after_vdif,   1,    0.0000000000E+00,    9.9112456495E+01,    9.9112456495E+01,    0.0000000000E+00,    0.0000000000E+00,    0.0000000000E+00,    9.9112456495E+01
     99500,      0.676936,CP6_after_kinetics,   1,    0.0000000000E+00,    9.9112456495E+01,    9.9112456495E+01,    0.0000000000E+00,    0.0000000000E+00,    0.0000000000E+00,    9.9112456495E+01
     99500,      0.676936,CP7_after_upper_clamp,   1,    0.0000000000E+00,    9.9112456495E+01,    9.9112456495E+01,    0.0000000000E+00,    0.0000000000E+00,    0.0000000000E+00,    9.9112456495E+01
     99500,      0.676936,CP8_after_OBC,   1,    0.0000000000E+00,    9.9112456495E+01,    9.9112456495E+01,    0.0000000000E+00,    0.0000000000E+00,    0.0000000000E+00,    9.9112456495E+01
     99500,      0.676936,CP9_after_PTsource,   1,    0.0000000000E+00,    9.9112456495E+01,    9.9112456495E+01,    0.0000000000E+00,    0.0000000000E+00,    0.0000000000E+00,    9.9112456495E+01
     99500,      0.676936,CP10_after_neg_clamp,   1,    0.0000000000E+00,    9.9112456495E+01,    9.9112456495E+01,    0.0000000000E+00,    0.0000000000E+00,    0.0000000000E+00,    9.9112456495E+01
     99500,      0.676936,CP11_after_MPI,   1,    0.0000000000E+00,    9.9112456495E+01,    9.9112456495E+01,    0.0000000000E+00,    0.0000000000E+00,    0.0000000000E+00,    9.9112456495E+01
     99500,      0.676936,CP12_end,   1,    0.0000000000E+00,    9.9112456495E+01,    9.9112456495E+01,    0.0000000000E+00,    0.0000000000E+00,    0.0000000000E+00,    9.9112456495E+01
     99550,      0.676936,CP0_start,   1,    0.0000000000E+00,    9.9206271174E+01,    9.9206271174E+01,    0.0000000000E+00,    0.0000000000E+00,    0.0000000000E+00,    9.9206271174E+01
     99550,      0.676936,CP1_after_deposition,   1,    0.0000000000E+00,    9.9206271174E+01,    9.9206271174E+01,    0.0000000000E+00,    0.0000000000E+00,    0.0000000000E+00,    9.9206271174E+01
     99550,      0.676936,CP2_after_erosion,   1,    0.0000000000E+00,    9.9206271174E+01,    9.9206271174E+01,    0.0000000000E+00,    0.0000000000E+00,    0.0000000000E+00,    9.9206271174E+01
     99550,      0.676936,CP3_after_update_bottom,   1,    0.0000000000E+00,    9.9206271174E+01,    9.9206271174E+01,    0.0000000000E+00,    0.0000000000E+00,    0.0000000000E+00,    9.9206271174E+01
     99550,      0.676936,CP4_after_advection,   1,    0.0000000000E+00,    9.9211798544E+01,    9.9211798544E+01,    0.0000000000E+00,    0.0000000000E+00,    0.0000000000E+00,    9.9211798544E+01
     99550,      0.676936,CP5_after_vdif,   1,    0.0000000000E+00,    9.9211798544E+01,    9.9211798544E+01,    0.0000000000E+00,    0.0000000000E+00,    0.0000000000E+00,    9.9211798544E+01
     99550,      0.676936,CP6_after_kinetics,   1,    0.0000000000E+00,    9.9211798544E+01,    9.9211798544E+01,    0.0000000000E+00,    0.0000000000E+00,    0.0000000000E+00,    9.9211798544E+01
     99550,      0.676936,CP7_after_upper_clamp,   1,    0.0000000000E+00,    9.9211798544E+01,    9.9211798544E+01,    0.0000000000E+00,    0.0000000000E+00,    0.0000000000E+00,    9.9211798544E+01
     99550,      0.676936,CP8_after_OBC,   1,    0.0000000000E+00,    9.9211798544E+01,    9.9211798544E+01,    0.0000000000E+00,    0.0000000000E+00,    0.0000000000E+00,    9.9211798544E+01
     99550,      0.676936,CP9_after_PTsource,   1,    0.0000000000E+00,    9.9211798544E+01,    9.9211798544E+01,    0.0000000000E+00,    0.0000000000E+00,    0.0000000000E+00,    9.9211798544E+01
     99550,      0.676936,CP10_after_neg_clamp,   1,    0.0000000000E+00,    9.9211798544E+01,    9.9211798544E+01,    0.0000000000E+00,    0.0000000000E+00,    0.0000000000E+00,    9.9211798544E+01
     99550,      0.676936,CP11_after_MPI,   1,    0.0000000000E+00,    9.9211798544E+01,    9.9211798544E+01,    0.0000000000E+00,    0.0000000000E+00,    0.0000000000E+00,    9.9211798544E+01
     99550,      0.676936,CP12_end,   1,    0.0000000000E+00,    9.9211798544E+01,    9.9211798544E+01,    0.0000000000E+00,    0.0000000000E+00,    0.0000000000E+00,    9.9211798544E+01
     99600,      0.676936,CP0_start,   1,    0.0000000000E+00,    9.9304438032E+01,    9.9304438032E+01,    0.0000000000E+00,    0.0000000000E+00,    0.0000000000E+00,    9.9304438032E+01
     99600,      0.676936,CP1_after_deposition,   1,    0.0000000000E+00,    9.9304438032E+01,    9.9304438032E+01,    0.0000000000E+00,    0.0000000000E+00,    0.0000000000E+00,    9.9304438032E+01
     99600,      0.676936,CP2_after_erosion,   1,    0.0000000000E+00,    9.9304438032E+01,    9.9304438032E+01,    0.0000000000E+00,    0.0000000000E+00,    0.0000000000E+00,    9.9304438032E+01
     99600,      0.676936,CP3_after_update_bottom,   1,    0.0000000000E+00,    9.9304438032E+01,    9.9304438032E+01,    0.0000000000E+00,    0.0000000000E+00,    0.0000000000E+00,    9.9304438032E+01
     99600,      0.676936,CP4_after_advection,   1,    0.0000000000E+00,    9.9309947162E+01,    9.9309947162E+01,    0.0000000000E+00,    0.0000000000E+00,    0.0000000000E+00,    9.9309947162E+01
     99600,      0.676936,CP5_after_vdif,   1,    0.0000000000E+00,    9.9309947162E+01,    9.9309947162E+01,    0.0000000000E+00,    0.0000000000E+00,    0.0000000000E+00,    9.9309947162E+01
     99600,      0.676936,CP6_after_kinetics,   1,    0.0000000000E+00,    9.9309947162E+01,    9.9309947162E+01,    0.0000000000E+00,    0.0000000000E+00,    0.0000000000E+00,    9.9309947162E+01
     99600,      0.676936,CP7_after_upper_clamp,   1,    0.0000000000E+00,    9.9309947162E+01,    9.9309947162E+01,    0.0000000000E+00,    0.0000000000E+00,    0.0000000000E+00,    9.9309947162E+01
     99600,      0.676936,CP8_after_OBC,   1,    0.0000000000E+00,    9.9309947162E+01,    9.9309947162E+01,    0.0000000000E+00,    0.0000000000E+00,    0.0000000000E+00,    9.9309947162E+01
     99600,      0.676936,CP9_after_PTsource,   1,    0.0000000000E+00,    9.9309947162E+01,    9.9309947162E+01,    0.0000000000E+00,    0.0000000000E+00,    0.0000000000E+00,    9.9309947162E+01
     99600,      0.676936,CP10_after_neg_clamp,   1,    0.0000000000E+00,    9.9309947162E+01,    9.9309947162E+01,    0.0000000000E+00,    0.0000000000E+00,    0.0000000000E+00,    9.9309947162E+01
     99600,      0.676936,CP11_after_MPI,   1,    0.0000000000E+00,    9.9309947162E+01,    9.9309947162E+01,    0.0000000000E+00,    0.0000000000E+00,    0.0000000000E+00,    9.9309947162E+01
     99600,      0.676936,CP12_end,   1,    0.0000000000E+00,    9.9309947162E+01,    9.9309947162E+01,    0.0000000000E+00,    0.0000000000E+00,    0.0000000000E+00,    9.9309947162E+01
     99650,      0.676936,CP0_start,   1,    0.0000000000E+00,    9.9401406052E+01,    9.9401406052E+01,    0.0000000000E+00,    0.0000000000E+00,    0.0000000000E+00,    9.9401406052E+01
     99650,      0.676936,CP1_after_deposition,   1,    0.0000000000E+00,    9.9401406052E+01,    9.9401406052E+01,    0.0000000000E+00,    0.0000000000E+00,    0.0000000000E+00,    9.9401406052E+01
     99650,      0.676936,CP2_after_erosion,   1,    0.0000000000E+00,    9.9401406052E+01,    9.9401406052E+01,    0.0000000000E+00,    0.0000000000E+00,    0.0000000000E+00,    9.9401406052E+01
     99650,      0.676936,CP3_after_update_bottom,   1,    0.0000000000E+00,    9.9401406052E+01,    9.9401406052E+01,    0.0000000000E+00,    0.0000000000E+00,    0.0000000000E+00,    9.9401406052E+01
     99650,      0.676936,CP4_after_advection,   1,    0.0000000000E+00,    9.9406893364E+01,    9.9406893364E+01,    0.0000000000E+00,    0.0000000000E+00,    0.0000000000E+00,    9.9406893364E+01
     99650,      0.676936,CP5_after_vdif,   1,    0.0000000000E+00,    9.9406893364E+01,    9.9406893364E+01,    0.0000000000E+00,    0.0000000000E+00,    0.0000000000E+00,    9.9406893364E+01
     99650,      0.676936,CP6_after_kinetics,   1,    0.0000000000E+00,    9.9406893364E+01,    9.9406893364E+01,    0.0000000000E+00,    0.0000000000E+00,    0.0000000000E+00,    9.9406893364E+01
     99650,      0.676936,CP7_after_upper_clamp,   1,    0.0000000000E+00,    9.9406893364E+01,    9.9406893364E+01,    0.0000000000E+00,    0.0000000000E+00,    0.0000000000E+00,    9.9406893364E+01
     99650,      0.676936,CP8_after_OBC,   1,    0.0000000000E+00,    9.9406893364E+01,    9.9406893364E+01,    0.0000000000E+00,    0.0000000000E+00,    0.0000000000E+00,    9.9406893364E+01
     99650,      0.676936,CP9_after_PTsource,   1,    0.0000000000E+00,    9.9406893364E+01,    9.9406893364E+01,    0.0000000000E+00,    0.0000000000E+00,    0.0000000000E+00,    9.9406893364E+01
     99650,      0.676936,CP10_after_neg_clamp,   1,    0.0000000000E+00,    9.9406893364E+01,    9.9406893364E+01,    0.0000000000E+00,    0.0000000000E+00,    0.0000000000E+00,    9.9406893364E+01
     99650,      0.676936,CP11_after_MPI,   1,    0.0000000000E+00,    9.9406893364E+01,    9.9406893364E+01,    0.0000000000E+00,    0.0000000000E+00,    0.0000000000E+00,    9.9406893364E+01
     99650,      0.676936,CP12_end,   1,    0.0000000000E+00,    9.9406893364E+01,    9.9406893364E+01,    0.0000000000E+00,    0.0000000000E+00,    0.0000000000E+00,    9.9406893364E+01
     99700,      0.676936,CP0_start,   1,    0.0000000000E+00,    9.9497011177E+01,    9.9497011177E+01,    0.0000000000E+00,    0.0000000000E+00,    0.0000000000E+00,    9.9497011177E+01
     99700,      0.676936,CP1_after_deposition,   1,    0.0000000000E+00,    9.9497011177E+01,    9.9497011177E+01,    0.0000000000E+00,    0.0000000000E+00,    0.0000000000E+00,    9.9497011177E+01
     99700,      0.676936,CP2_after_erosion,   1,    0.0000000000E+00,    9.9497011177E+01,    9.9497011177E+01,    0.0000000000E+00,    0.0000000000E+00,    0.0000000000E+00,    9.9497011177E+01
     99700,      0.676936,CP3_after_update_bottom,   1,    0.0000000000E+00,    9.9497011177E+01,    9.9497011177E+01,    0.0000000000E+00,    0.0000000000E+00,    0.0000000000E+00,    9.9497011177E+01
     99700,      0.676936,CP4_after_advection,   1,    0.0000000000E+00,    9.9502471317E+01,    9.9502471317E+01,    0.0000000000E+00,    0.0000000000E+00,    0.0000000000E+00,    9.9502471317E+01
     99700,      0.676936,CP5_after_vdif,   1,    0.0000000000E+00,    9.9502471317E+01,    9.9502471317E+01,    0.0000000000E+00,    0.0000000000E+00,    0.0000000000E+00,    9.9502471317E+01
     99700,      0.676936,CP6_after_kinetics,   1,    0.0000000000E+00,    9.9502471317E+01,    9.9502471317E+01,    0.0000000000E+00,    0.0000000000E+00,    0.0000000000E+00,    9.9502471317E+01
     99700,      0.676936,CP7_after_upper_clamp,   1,    0.0000000000E+00,    9.9502471317E+01,    9.9502471317E+01,    0.0000000000E+00,    0.0000000000E+00,    0.0000000000E+00,    9.9502471317E+01
     99700,      0.676936,CP8_after_OBC,   1,    0.0000000000E+00,    9.9502471317E+01,    9.9502471317E+01,    0.0000000000E+00,    0.0000000000E+00,    0.0000000000E+00,    9.9502471317E+01
     99700,      0.676936,CP9_after_PTsource,   1,    0.0000000000E+00,    9.9502471317E+01,    9.9502471317E+01,    0.0000000000E+00,    0.0000000000E+00,    0.0000000000E+00,    9.9502471317E+01
     99700,      0.676936,CP10_after_neg_clamp,   1,    0.0000000000E+00,    9.9502471317E+01,    9.9502471317E+01,    0.0000000000E+00,    0.0000000000E+00,    0.0000000000E+00,    9.9502471317E+01
     99700,      0.676936,CP11_after_MPI,   1,    0.0000000000E+00,    9.9502471317E+01,    9.9502471317E+01,    0.0000000000E+00,    0.0000000000E+00,    0.0000000000E+00,    9.9502471317E+01
     99700,      0.676936,CP12_end,   1,    0.0000000000E+00,    9.9502471317E+01,    9.9502471317E+01,    0.0000000000E+00,    0.0000000000E+00,    0.0000000000E+00,    9.9502471317E+01
     99750,      0.676936,CP0_start,   1,    0.0000000000E+00,    9.9590930053E+01,    9.9590930053E+01,    0.0000000000E+00,    0.0000000000E+00,    0.0000000000E+00,    9.9590930053E+01
     99750,      0.676936,CP1_after_deposition,   1,    0.0000000000E+00,    9.9590930053E+01,    9.9590930053E+01,    0.0000000000E+00,    0.0000000000E+00,    0.0000000000E+00,    9.9590930053E+01
     99750,      0.676936,CP2_after_erosion,   1,    0.0000000000E+00,    9.9590930053E+01,    9.9590930053E+01,    0.0000000000E+00,    0.0000000000E+00,    0.0000000000E+00,    9.9590930053E+01
     99750,      0.676936,CP3_after_update_bottom,   1,    0.0000000000E+00,    9.9590930053E+01,    9.9590930053E+01,    0.0000000000E+00,    0.0000000000E+00,    0.0000000000E+00,    9.9590930053E+01
     99750,      0.676936,CP4_after_advection,   1,    0.0000000000E+00,    9.9596351212E+01,    9.9596351212E+01,    0.0000000000E+00,    0.0000000000E+00,    0.0000000000E+00,    9.9596351212E+01
     99750,      0.676936,CP5_after_vdif,   1,    0.0000000000E+00,    9.9596351212E+01,    9.9596351212E+01,    0.0000000000E+00,    0.0000000000E+00,    0.0000000000E+00,    9.9596351212E+01
     99750,      0.676936,CP6_after_kinetics,   1,    0.0000000000E+00,    9.9596351212E+01,    9.9596351212E+01,    0.0000000000E+00,    0.0000000000E+00,    0.0000000000E+00,    9.9596351212E+01
     99750,      0.676936,CP7_after_upper_clamp,   1,    0.0000000000E+00,    9.9596351212E+01,    9.9596351212E+01,    0.0000000000E+00,    0.0000000000E+00,    0.0000000000E+00,    9.9596351212E+01
     99750,      0.676936,CP8_after_OBC,   1,    0.0000000000E+00,    9.9596351212E+01,    9.9596351212E+01,    0.0000000000E+00,    0.0000000000E+00,    0.0000000000E+00,    9.9596351212E+01
     99750,      0.676936,CP9_after_PTsource,   1,    0.0000000000E+00,    9.9596351212E+01,    9.9596351212E+01,    0.0000000000E+00,    0.0000000000E+00,    0.0000000000E+00,    9.9596351212E+01
     99750,      0.676936,CP10_after_neg_clamp,   1,    0.0000000000E+00,    9.9596351212E+01,    9.9596351212E+01,    0.0000000000E+00,    0.0000000000E+00,    0.0000000000E+00,    9.9596351212E+01
     99750,      0.676936,CP11_after_MPI,   1,    0.0000000000E+00,    9.9596351212E+01,    9.9596351212E+01,    0.0000000000E+00,    0.0000000000E+00,    0.0000000000E+00,    9.9596351212E+01
     99750,      0.676936,CP12_end,   1,    0.0000000000E+00,    9.9596351212E+01,    9.9596351212E+01,    0.0000000000E+00,    0.0000000000E+00,    0.0000000000E+00,    9.9596351212E+01
     99800,      0.676936,CP0_start,   1,    0.0000000000E+00,    9.9682732554E+01,    9.9682732554E+01,    0.0000000000E+00,    0.0000000000E+00,    0.0000000000E+00,    9.9682732554E+01
     99800,      0.676936,CP1_after_deposition,   1,    0.0000000000E+00,    9.9682732554E+01,    9.9682732554E+01,    0.0000000000E+00,    0.0000000000E+00,    0.0000000000E+00,    9.9682732554E+01
     99800,      0.676936,CP2_after_erosion,   1,    0.0000000000E+00,    9.9682732554E+01,    9.9682732554E+01,    0.0000000000E+00,    0.0000000000E+00,    0.0000000000E+00,    9.9682732554E+01
     99800,      0.676936,CP3_after_update_bottom,   1,    0.0000000000E+00,    9.9682732554E+01,    9.9682732554E+01,    0.0000000000E+00,    0.0000000000E+00,    0.0000000000E+00,    9.9682732554E+01
     99800,      0.676936,CP4_after_advection,   1,    0.0000000000E+00,    9.9688106388E+01,    9.9688106388E+01,    0.0000000000E+00,    0.0000000000E+00,    0.0000000000E+00,    9.9688106388E+01
     99800,      0.676936,CP5_after_vdif,   1,    0.0000000000E+00,    9.9688106388E+01,    9.9688106388E+01,    0.0000000000E+00,    0.0000000000E+00,    0.0000000000E+00,    9.9688106388E+01
     99800,      0.676936,CP6_after_kinetics,   1,    0.0000000000E+00,    9.9688106388E+01,    9.9688106388E+01,    0.0000000000E+00,    0.0000000000E+00,    0.0000000000E+00,    9.9688106388E+01
     99800,      0.676936,CP7_after_upper_clamp,   1,    0.0000000000E+00,    9.9688106388E+01,    9.9688106388E+01,    0.0000000000E+00,    0.0000000000E+00,    0.0000000000E+00,    9.9688106388E+01
     99800,      0.676936,CP8_after_OBC,   1,    0.0000000000E+00,    9.9688106388E+01,    9.9688106388E+01,    0.0000000000E+00,    0.0000000000E+00,    0.0000000000E+00,    9.9688106388E+01
     99800,      0.676936,CP9_after_PTsource,   1,    0.0000000000E+00,    9.9688106388E+01,    9.9688106388E+01,    0.0000000000E+00,    0.0000000000E+00,    0.0000000000E+00,    9.9688106388E+01
     99800,      0.676936,CP10_after_neg_clamp,   1,    0.0000000000E+00,    9.9688106388E+01,    9.9688106388E+01,    0.0000000000E+00,    0.0000000000E+00,    0.0000000000E+00,    9.9688106388E+01
     99800,      0.676936,CP11_after_MPI,   1,    0.0000000000E+00,    9.9688106388E+01,    9.9688106388E+01,    0.0000000000E+00,    0.0000000000E+00,    0.0000000000E+00,    9.9688106388E+01
     99800,      0.676936,CP12_end,   1,    0.0000000000E+00,    9.9688106388E+01,    9.9688106388E+01,    0.0000000000E+00,    0.0000000000E+00,    0.0000000000E+00,    9.9688106388E+01
     99850,      0.676936,CP0_start,   1,    0.0000000000E+00,    9.9772100466E+01,    9.9772100466E+01,    0.0000000000E+00,    0.0000000000E+00,    0.0000000000E+00,    9.9772100466E+01
     99850,      0.676936,CP1_after_deposition,   1,    0.0000000000E+00,    9.9772100466E+01,    9.9772100466E+01,    0.0000000000E+00,    0.0000000000E+00,    0.0000000000E+00,    9.9772100466E+01
     99850,      0.676936,CP2_after_erosion,   1,    0.0000000000E+00,    9.9772100466E+01,    9.9772100466E+01,    0.0000000000E+00,    0.0000000000E+00,    0.0000000000E+00,    9.9772100466E+01
     99850,      0.676936,CP3_after_update_bottom,   1,    0.0000000000E+00,    9.9772100466E+01,    9.9772100466E+01,    0.0000000000E+00,    0.0000000000E+00,    0.0000000000E+00,    9.9772100466E+01
     99850,      0.676936,CP4_after_advection,   1,    0.0000000000E+00,    9.9777422055E+01,    9.9777422055E+01,    0.0000000000E+00,    0.0000000000E+00,    0.0000000000E+00,    9.9777422055E+01
     99850,      0.676936,CP5_after_vdif,   1,    0.0000000000E+00,    9.9777422055E+01,    9.9777422055E+01,    0.0000000000E+00,    0.0000000000E+00,    0.0000000000E+00,    9.9777422055E+01
     99850,      0.676936,CP6_after_kinetics,   1,    0.0000000000E+00,    9.9777422055E+01,    9.9777422055E+01,    0.0000000000E+00,    0.0000000000E+00,    0.0000000000E+00,    9.9777422055E+01
     99850,      0.676936,CP7_after_upper_clamp,   1,    0.0000000000E+00,    9.9777422055E+01,    9.9777422055E+01,    0.0000000000E+00,    0.0000000000E+00,    0.0000000000E+00,    9.9777422055E+01
     99850,      0.676936,CP8_after_OBC,   1,    0.0000000000E+00,    9.9777422055E+01,    9.9777422055E+01,    0.0000000000E+00,    0.0000000000E+00,    0.0000000000E+00,    9.9777422055E+01
     99850,      0.676936,CP9_after_PTsource,   1,    0.0000000000E+00,    9.9777422055E+01,    9.9777422055E+01,    0.0000000000E+00,    0.0000000000E+00,    0.0000000000E+00,    9.9777422055E+01
     99850,      0.676936,CP10_after_neg_clamp,   1,    0.0000000000E+00,    9.9777422055E+01,    9.9777422055E+01,    0.0000000000E+00,    0.0000000000E+00,    0.0000000000E+00,    9.9777422055E+01
     99850,      0.676936,CP11_after_MPI,   1,    0.0000000000E+00,    9.9777422055E+01,    9.9777422055E+01,    0.0000000000E+00,    0.0000000000E+00,    0.0000000000E+00,    9.9777422055E+01
     99850,      0.676936,CP12_end,   1,    0.0000000000E+00,    9.9777422055E+01,    9.9777422055E+01,    0.0000000000E+00,    0.0000000000E+00,    0.0000000000E+00,    9.9777422055E+01
     99900,      0.676936,CP0_start,   1,    0.0000000000E+00,    9.9858873785E+01,    9.9858873785E+01,    0.0000000000E+00,    0.0000000000E+00,    0.0000000000E+00,    9.9858873785E+01
     99900,      0.676936,CP1_after_deposition,   1,    0.0000000000E+00,    9.9858873785E+01,    9.9858873785E+01,    0.0000000000E+00,    0.0000000000E+00,    0.0000000000E+00,    9.9858873785E+01
     99900,      0.676936,CP2_after_erosion,   1,    0.0000000000E+00,    9.9858873785E+01,    9.9858873785E+01,    0.0000000000E+00,    0.0000000000E+00,    0.0000000000E+00,    9.9858873785E+01
     99900,      0.676936,CP3_after_update_bottom,   1,    0.0000000000E+00,    9.9858873785E+01,    9.9858873785E+01,    0.0000000000E+00,    0.0000000000E+00,    0.0000000000E+00,    9.9858873785E+01
     99900,      0.676936,CP4_after_advection,   1,    0.0000000000E+00,    9.9864138739E+01,    9.9864138739E+01,    0.0000000000E+00,    0.0000000000E+00,    0.0000000000E+00,    9.9864138739E+01
     99900,      0.676936,CP5_after_vdif,   1,    0.0000000000E+00,    9.9864138739E+01,    9.9864138739E+01,    0.0000000000E+00,    0.0000000000E+00,    0.0000000000E+00,    9.9864138739E+01
     99900,      0.676936,CP6_after_kinetics,   1,    0.0000000000E+00,    9.9864138739E+01,    9.9864138739E+01,    0.0000000000E+00,    0.0000000000E+00,    0.0000000000E+00,    9.9864138739E+01
     99900,      0.676936,CP7_after_upper_clamp,   1,    0.0000000000E+00,    9.9864138739E+01,    9.9864138739E+01,    0.0000000000E+00,    0.0000000000E+00,    0.0000000000E+00,    9.9864138739E+01
     99900,      0.676936,CP8_after_OBC,   1,    0.0000000000E+00,    9.9864138739E+01,    9.9864138739E+01,    0.0000000000E+00,    0.0000000000E+00,    0.0000000000E+00,    9.9864138739E+01
     99900,      0.676936,CP9_after_PTsource,   1,    0.0000000000E+00,    9.9864138739E+01,    9.9864138739E+01,    0.0000000000E+00,    0.0000000000E+00,    0.0000000000E+00,    9.9864138739E+01
     99900,      0.676936,CP10_after_neg_clamp,   1,    0.0000000000E+00,    9.9864138739E+01,    9.9864138739E+01,    0.0000000000E+00,    0.0000000000E+00,    0.0000000000E+00,    9.9864138739E+01
     99900,      0.676936,CP11_after_MPI,   1,    0.0000000000E+00,    9.9864138739E+01,    9.9864138739E+01,    0.0000000000E+00,    0.0000000000E+00,    0.0000000000E+00,    9.9864138739E+01
     99900,      0.676936,CP12_end,   1,    0.0000000000E+00,    9.9864138739E+01,    9.9864138739E+01,    0.0000000000E+00,    0.0000000000E+00,    0.0000000000E+00,    9.9864138739E+01
     99950,      0.676937,CP0_start,   1,    0.0000000000E+00,    9.9942151250E+01,    9.9942151250E+01,    0.0000000000E+00,    0.0000000000E+00,    0.0000000000E+00,    9.9942151250E+01
     99950,      0.676937,CP1_after_deposition,   1,    0.0000000000E+00,    9.9942151250E+01,    9.9942151250E+01,    0.0000000000E+00,    0.0000000000E+00,    0.0000000000E+00,    9.9942151250E+01
     99950,      0.676937,CP2_after_erosion,   1,    0.0000000000E+00,    9.9942151250E+01,    9.9942151250E+01,    0.0000000000E+00,    0.0000000000E+00,    0.0000000000E+00,    9.9942151250E+01
     99950,      0.676937,CP3_after_update_bottom,   1,    0.0000000000E+00,    9.9942151250E+01,    9.9942151250E+01,    0.0000000000E+00,    0.0000000000E+00,    0.0000000000E+00,    9.9942151250E+01
     99950,      0.676937,CP4_after_advection,   1,    0.0000000000E+00,    9.9947362985E+01,    9.9947362985E+01,    0.0000000000E+00,    0.0000000000E+00,    0.0000000000E+00,    9.9947362985E+01
     99950,      0.676937,CP5_after_vdif,   1,    0.0000000000E+00,    9.9947362985E+01,    9.9947362985E+01,    0.0000000000E+00,    0.0000000000E+00,    0.0000000000E+00,    9.9947362985E+01
     99950,      0.676937,CP6_after_kinetics,   1,    0.0000000000E+00,    9.9947362985E+01,    9.9947362985E+01,    0.0000000000E+00,    0.0000000000E+00,    0.0000000000E+00,    9.9947362985E+01
     99950,      0.676937,CP7_after_upper_clamp,   1,    0.0000000000E+00,    9.9947362985E+01,    9.9947362985E+01,    0.0000000000E+00,    0.0000000000E+00,    0.0000000000E+00,    9.9947362985E+01
     99950,      0.676937,CP8_after_OBC,   1,    0.0000000000E+00,    9.9947362985E+01,    9.9947362985E+01,    0.0000000000E+00,    0.0000000000E+00,    0.0000000000E+00,    9.9947362985E+01
     99950,      0.676937,CP9_after_PTsource,   1,    0.0000000000E+00,    9.9947362985E+01,    9.9947362985E+01,    0.0000000000E+00,    0.0000000000E+00,    0.0000000000E+00,    9.9947362985E+01
     99950,      0.676937,CP10_after_neg_clamp,   1,    0.0000000000E+00,    9.9947362985E+01,    9.9947362985E+01,    0.0000000000E+00,    0.0000000000E+00,    0.0000000000E+00,    9.9947362985E+01
     99950,      0.676937,CP11_after_MPI,   1,    0.0000000000E+00,    9.9947362985E+01,    9.9947362985E+01,    0.0000000000E+00,    0.0000000000E+00,    0.0000000000E+00,    9.9947362985E+01
     99950,      0.676937,CP12_end,   1,    0.0000000000E+00,    9.9947362985E+01,    9.9947362985E+01,    0.0000000000E+00,    0.0000000000E+00,    0.0000000000E+00,    9.9947362985E+01
    100000,      0.676937,CP0_start,   1,    0.0000000000E+00,    1.0002318880E+02,    1.0002318880E+02,    0.0000000000E+00,    0.0000000000E+00,    0.0000000000E+00,    1.0002318880E+02
    100000,      0.676937,CP1_after_deposition,   1,    0.0000000000E+00,    1.0002318880E+02,    1.0002318880E+02,    0.0000000000E+00,    0.0000000000E+00,    0.0000000000E+00,    1.0002318880E+02
    100000,      0.676937,CP2_after_erosion,   1,    0.0000000000E+00,    1.0002318880E+02,    1.0002318880E+02,    0.0000000000E+00,    0.0000000000E+00,    0.0000000000E+00,    1.0002318880E+02
    100000,      0.676937,CP3_after_update_bottom,   1,    0.0000000000E+00,    1.0002318880E+02,    1.0002318880E+02,    0.0000000000E+00,    0.0000000000E+00,    0.0000000000E+00,    1.0002318880E+02
    100000,      0.676937,CP4_after_advection,   1,    0.0000000000E+00,    1.0002835549E+02,    1.0002835549E+02,    0.0000000000E+00,    0.0000000000E+00,    0.0000000000E+00,    1.0002835549E+02
    100000,      0.676937,CP5_after_vdif,   1,    0.0000000000E+00,    1.0002835549E+02,    1.0002835549E+02,    0.0000000000E+00,    0.0000000000E+00,    0.0000000000E+00,    1.0002835549E+02
    100000,      0.676937,CP6_after_kinetics,   1,    0.0000000000E+00,    1.0002835549E+02,    1.0002835549E+02,    0.0000000000E+00,    0.0000000000E+00,    0.0000000000E+00,    1.0002835549E+02
    100000,      0.676937,CP7_after_upper_clamp,   1,    0.0000000000E+00,    1.0002835549E+02,    1.0002835549E+02,    0.0000000000E+00,    0.0000000000E+00,    0.0000000000E+00,    1.0002835549E+02
    100000,      0.676937,CP8_after_OBC,   1,    0.0000000000E+00,    1.0002835549E+02,    1.0002835549E+02,    0.0000000000E+00,    0.0000000000E+00,    0.0000000000E+00,    1.0002835549E+02
    100000,      0.676937,CP9_after_PTsource,   1,    0.0000000000E+00,    1.0002835549E+02,    1.0002835549E+02,    0.0000000000E+00,    0.0000000000E+00,    0.0000000000E+00,    1.0002835549E+02
    100000,      0.676937,CP10_after_neg_clamp,   1,    0.0000000000E+00,    1.0002835549E+02,    1.0002835549E+02,    0.0000000000E+00,    0.0000000000E+00,    0.0000000000E+00,    1.0002835549E+02
    100000,      0.676937,CP11_after_MPI,   1,    0.0000000000E+00,    1.0002835549E+02,    1.0002835549E+02,    0.0000000000E+00,    0.0000000000E+00,    0.0000000000E+00,    1.0002835549E+02
    100000,      0.676937,CP12_end,   1,    0.0000000000E+00,    1.0002835549E+02,    1.0002835549E+02,    0.0000000000E+00,    0.0000000000E+00,    0.0000000000E+00,    1.0002835549E+02
    100050,      0.676937,CP0_start,   1,    0.0000000000E+00,    1.0010240689E+02,    1.0010240689E+02,    0.0000000000E+00,    0.0000000000E+00,    0.0000000000E+00,    1.0010240689E+02
    100050,      0.676937,CP1_after_deposition,   1,    0.0000000000E+00,    1.0010240689E+02,    1.0010240689E+02,    0.0000000000E+00,    0.0000000000E+00,    0.0000000000E+00,    1.0010240689E+02
    100050,      0.676937,CP2_after_erosion,   1,    0.0000000000E+00,    1.0010240689E+02,    1.0010240689E+02,    0.0000000000E+00,    0.0000000000E+00,    0.0000000000E+00,    1.0010240689E+02
    100050,      0.676937,CP3_after_update_bottom,   1,    0.0000000000E+00,    1.0010240689E+02,    1.0010240689E+02,    0.0000000000E+00,    0.0000000000E+00,    0.0000000000E+00,    1.0010240689E+02
    100050,      0.676937,CP4_after_advection,   1,    0.0000000000E+00,    1.0010753534E+02,    1.0010753534E+02,    0.0000000000E+00,    0.0000000000E+00,    0.0000000000E+00,    1.0010753534E+02
    100050,      0.676937,CP5_after_vdif,   1,    0.0000000000E+00,    1.0010753534E+02,    1.0010753534E+02,    0.0000000000E+00,    0.0000000000E+00,    0.0000000000E+00,    1.0010753534E+02
    100050,      0.676937,CP6_after_kinetics,   1,    0.0000000000E+00,    1.0010753534E+02,    1.0010753534E+02,    0.0000000000E+00,    0.0000000000E+00,    0.0000000000E+00,    1.0010753534E+02
    100050,      0.676937,CP7_after_upper_clamp,   1,    0.0000000000E+00,    1.0010753534E+02,    1.0010753534E+02,    0.0000000000E+00,    0.0000000000E+00,    0.0000000000E+00,    1.0010753534E+02
    100050,      0.676937,CP8_after_OBC,   1,    0.0000000000E+00,    1.0010753534E+02,    1.0010753534E+02,    0.0000000000E+00,    0.0000000000E+00,    0.0000000000E+00,    1.0010753534E+02
    100050,      0.676937,CP9_after_PTsource,   1,    0.0000000000E+00,    1.0010753534E+02,    1.0010753534E+02,    0.0000000000E+00,    0.0000000000E+00,    0.0000000000E+00,    1.0010753534E+02
    100050,      0.676937,CP10_after_neg_clamp,   1,    0.0000000000E+00,    1.0010753534E+02,    1.0010753534E+02,    0.0000000000E+00,    0.0000000000E+00,    0.0000000000E+00,    1.0010753534E+02
    100050,      0.676937,CP11_after_MPI,   1,    0.0000000000E+00,    1.0010753534E+02,    1.0010753534E+02,    0.0000000000E+00,    0.0000000000E+00,    0.0000000000E+00,    1.0010753534E+02
    100050,      0.676937,CP12_end,   1,    0.0000000000E+00,    1.0010753534E+02,    1.0010753534E+02,    0.0000000000E+00,    0.0000000000E+00,    0.0000000000E+00,    1.0010753534E+02
    100100,      0.676937,CP0_start,   1,    0.0000000000E+00,    1.0018045867E+02,    1.0018045867E+02,    0.0000000000E+00,    0.0000000000E+00,    0.0000000000E+00,    1.0018045867E+02
    100100,      0.676937,CP1_after_deposition,   1,    0.0000000000E+00,    1.0018045867E+02,    1.0018045867E+02,    0.0000000000E+00,    0.0000000000E+00,    0.0000000000E+00,    1.0018045867E+02
    100100,      0.676937,CP2_after_erosion,   1,    0.0000000000E+00,    1.0018045867E+02,    1.0018045867E+02,    0.0000000000E+00,    0.0000000000E+00,    0.0000000000E+00,    1.0018045867E+02
    100100,      0.676937,CP3_after_update_bottom,   1,    0.0000000000E+00,    1.0018045867E+02,    1.0018045867E+02,    0.0000000000E+00,    0.0000000000E+00,    0.0000000000E+00,    1.0018045867E+02
    100100,      0.676937,CP4_after_advection,   1,    0.0000000000E+00,    1.0018556086E+02,    1.0018556086E+02,    0.0000000000E+00,    0.0000000000E+00,    0.0000000000E+00,    1.0018556086E+02
    100100,      0.676937,CP5_after_vdif,   1,    0.0000000000E+00,    1.0018556086E+02,    1.0018556086E+02,    0.0000000000E+00,    0.0000000000E+00,    0.0000000000E+00,    1.0018556086E+02
    100100,      0.676937,CP6_after_kinetics,   1,    0.0000000000E+00,    1.0018556086E+02,    1.0018556086E+02,    0.0000000000E+00,    0.0000000000E+00,    0.0000000000E+00,    1.0018556086E+02
    100100,      0.676937,CP7_after_upper_clamp,   1,    0.0000000000E+00,    1.0018556086E+02,    1.0018556086E+02,    0.0000000000E+00,    0.0000000000E+00,    0.0000000000E+00,    1.0018556086E+02
    100100,      0.676937,CP8_after_OBC,   1,    0.0000000000E+00,    1.0018556086E+02,    1.0018556086E+02,    0.0000000000E+00,    0.0000000000E+00,    0.0000000000E+00,    1.0018556086E+02
    100100,      0.676937,CP9_after_PTsource,   1,    0.0000000000E+00,    1.0018556086E+02,    1.0018556086E+02,    0.0000000000E+00,    0.0000000000E+00,    0.0000000000E+00,    1.0018556086E+02
    100100,      0.676937,CP10_after_neg_clamp,   1,    0.0000000000E+00,    1.0018556086E+02,    1.0018556086E+02,    0.0000000000E+00,    0.0000000000E+00,    0.0000000000E+00,    1.0018556086E+02
    100100,      0.676937,CP11_after_MPI,   1,    0.0000000000E+00,    1.0018556086E+02,    1.0018556086E+02,    0.0000000000E+00,    0.0000000000E+00,    0.0000000000E+00,    1.0018556086E+02
    100100,      0.676937,CP12_end,   1,    0.0000000000E+00,    1.0018556086E+02,    1.0018556086E+02,    0.0000000000E+00,    0.0000000000E+00,    0.0000000000E+00,    1.0018556086E+02
    100150,      0.676937,CP0_start,   1,    0.0000000000E+00,    1.0025785508E+02,    1.0025785508E+02,    0.0000000000E+00,    0.0000000000E+00,    0.0000000000E+00,    1.0025785508E+02
    100150,      0.676937,CP1_after_deposition,   1,    0.0000000000E+00,    1.0025785508E+02,    1.0025785508E+02,    0.0000000000E+00,    0.0000000000E+00,    0.0000000000E+00,    1.0025785508E+02
    100150,      0.676937,CP2_after_erosion,   1,    0.0000000000E+00,    1.0025785508E+02,    1.0025785508E+02,    0.0000000000E+00,    0.0000000000E+00,    0.0000000000E+00,    1.0025785508E+02
    100150,      0.676937,CP3_after_update_bottom,   1,    0.0000000000E+00,    1.0025785508E+02,    1.0025785508E+02,    0.0000000000E+00,    0.0000000000E+00,    0.0000000000E+00,    1.0025785508E+02
    100150,      0.676937,CP4_after_advection,   1,    0.0000000000E+00,    1.0026294116E+02,    1.0026294116E+02,    0.0000000000E+00,    0.0000000000E+00,    0.0000000000E+00,    1.0026294116E+02
    100150,      0.676937,CP5_after_vdif,   1,    0.0000000000E+00,    1.0026294116E+02,    1.0026294116E+02,    0.0000000000E+00,    0.0000000000E+00,    0.0000000000E+00,    1.0026294116E+02
    100150,      0.676937,CP6_after_kinetics,   1,    0.0000000000E+00,    1.0026294116E+02,    1.0026294116E+02,    0.0000000000E+00,    0.0000000000E+00,    0.0000000000E+00,    1.0026294116E+02
    100150,      0.676937,CP7_after_upper_clamp,   1,    0.0000000000E+00,    1.0026294116E+02,    1.0026294116E+02,    0.0000000000E+00,    0.0000000000E+00,    0.0000000000E+00,    1.0026294116E+02
    100150,      0.676937,CP8_after_OBC,   1,    0.0000000000E+00,    1.0026294116E+02,    1.0026294116E+02,    0.0000000000E+00,    0.0000000000E+00,    0.0000000000E+00,    1.0026294116E+02
    100150,      0.676937,CP9_after_PTsource,   1,    0.0000000000E+00,    1.0026294116E+02,    1.0026294116E+02,    0.0000000000E+00,    0.0000000000E+00,    0.0000000000E+00,    1.0026294116E+02
    100150,      0.676937,CP10_after_neg_clamp,   1,    0.0000000000E+00,    1.0026294116E+02,    1.0026294116E+02,    0.0000000000E+00,    0.0000000000E+00,    0.0000000000E+00,    1.0026294116E+02
    100150,      0.676937,CP11_after_MPI,   1,    0.0000000000E+00,    1.0026294116E+02,    1.0026294116E+02,    0.0000000000E+00,    0.0000000000E+00,    0.0000000000E+00,    1.0026294116E+02
    100150,      0.676937,CP12_end,   1,    0.0000000000E+00,    1.0026294116E+02,    1.0026294116E+02,    0.0000000000E+00,    0.0000000000E+00,    0.0000000000E+00,    1.0026294116E+02
    100200,      0.676937,CP0_start,   1,    0.0000000000E+00,    1.0033511117E+02,    1.0033511117E+02,    0.0000000000E+00,    0.0000000000E+00,    0.0000000000E+00,    1.0033511117E+02
    100200,      0.676937,CP1_after_deposition,   1,    0.0000000000E+00,    1.0033511117E+02,    1.0033511117E+02,    0.0000000000E+00,    0.0000000000E+00,    0.0000000000E+00,    1.0033511117E+02
    100200,      0.676937,CP2_after_erosion,   1,    0.0000000000E+00,    1.0033511117E+02,    1.0033511117E+02,    0.0000000000E+00,    0.0000000000E+00,    0.0000000000E+00,    1.0033511117E+02
    100200,      0.676937,CP3_after_update_bottom,   1,    0.0000000000E+00,    1.0033511117E+02,    1.0033511117E+02,    0.0000000000E+00,    0.0000000000E+00,    0.0000000000E+00,    1.0033511117E+02
    100200,      0.676937,CP4_after_advection,   1,    0.0000000000E+00,    1.0034019022E+02,    1.0034019022E+02,    0.0000000000E+00,    0.0000000000E+00,    0.0000000000E+00,    1.0034019022E+02
    100200,      0.676937,CP5_after_vdif,   1,    0.0000000000E+00,    1.0034019022E+02,    1.0034019022E+02,    0.0000000000E+00,    0.0000000000E+00,    0.0000000000E+00,    1.0034019022E+02
    100200,      0.676937,CP6_after_kinetics,   1,    0.0000000000E+00,    1.0034019022E+02,    1.0034019022E+02,    0.0000000000E+00,    0.0000000000E+00,    0.0000000000E+00,    1.0034019022E+02
    100200,      0.676937,CP7_after_upper_clamp,   1,    0.0000000000E+00,    1.0034019022E+02,    1.0034019022E+02,    0.0000000000E+00,    0.0000000000E+00,    0.0000000000E+00,    1.0034019022E+02
    100200,      0.676937,CP8_after_OBC,   1,    0.0000000000E+00,    1.0034019022E+02,    1.0034019022E+02,    0.0000000000E+00,    0.0000000000E+00,    0.0000000000E+00,    1.0034019022E+02
    100200,      0.676937,CP9_after_PTsource,   1,    0.0000000000E+00,    1.0034019022E+02,    1.0034019022E+02,    0.0000000000E+00,    0.0000000000E+00,    0.0000000000E+00,    1.0034019022E+02
    100200,      0.676937,CP10_after_neg_clamp,   1,    0.0000000000E+00,    1.0034019022E+02,    1.0034019022E+02,    0.0000000000E+00,    0.0000000000E+00,    0.0000000000E+00,    1.0034019022E+02
    100200,      0.676937,CP11_after_MPI,   1,    0.0000000000E+00,    1.0034019022E+02,    1.0034019022E+02,    0.0000000000E+00,    0.0000000000E+00,    0.0000000000E+00,    1.0034019022E+02
    100200,      0.676937,CP12_end,   1,    0.0000000000E+00,    1.0034019022E+02,    1.0034019022E+02,    0.0000000000E+00,    0.0000000000E+00,    0.0000000000E+00,    1.0034019022E+02
    100250,      0.676937,CP0_start,   1,    0.0000000000E+00,    1.0041280548E+02,    1.0041280548E+02,    0.0000000000E+00,    0.0000000000E+00,    0.0000000000E+00,    1.0041280548E+02
    100250,      0.676937,CP1_after_deposition,   1,    0.0000000000E+00,    1.0041280548E+02,    1.0041280548E+02,    0.0000000000E+00,    0.0000000000E+00,    0.0000000000E+00,    1.0041280548E+02
    100250,      0.676937,CP2_after_erosion,   1,    0.0000000000E+00,    1.0041280548E+02,    1.0041280548E+02,    0.0000000000E+00,    0.0000000000E+00,    0.0000000000E+00,    1.0041280548E+02
    100250,      0.676937,CP3_after_update_bottom,   1,    0.0000000000E+00,    1.0041280548E+02,    1.0041280548E+02,    0.0000000000E+00,    0.0000000000E+00,    0.0000000000E+00,    1.0041280548E+02
    100250,      0.676937,CP4_after_advection,   1,    0.0000000000E+00,    1.0041788852E+02,    1.0041788852E+02,    0.0000000000E+00,    0.0000000000E+00,    0.0000000000E+00,    1.0041788852E+02
    100250,      0.676937,CP5_after_vdif,   1,    0.0000000000E+00,    1.0041788852E+02,    1.0041788852E+02,    0.0000000000E+00,    0.0000000000E+00,    0.0000000000E+00,    1.0041788852E+02
    100250,      0.676937,CP6_after_kinetics,   1,    0.0000000000E+00,    1.0041788852E+02,    1.0041788852E+02,    0.0000000000E+00,    0.0000000000E+00,    0.0000000000E+00,    1.0041788852E+02
    100250,      0.676937,CP7_after_upper_clamp,   1,    0.0000000000E+00,    1.0041788852E+02,    1.0041788852E+02,    0.0000000000E+00,    0.0000000000E+00,    0.0000000000E+00,    1.0041788852E+02
    100250,      0.676937,CP8_after_OBC,   1,    0.0000000000E+00,    1.0041788852E+02,    1.0041788852E+02,    0.0000000000E+00,    0.0000000000E+00,    0.0000000000E+00,    1.0041788852E+02
    100250,      0.676937,CP9_after_PTsource,   1,    0.0000000000E+00,    1.0041788852E+02,    1.0041788852E+02,    0.0000000000E+00,    0.0000000000E+00,    0.0000000000E+00,    1.0041788852E+02
    100250,      0.676937,CP10_after_neg_clamp,   1,    0.0000000000E+00,    1.0041788852E+02,    1.0041788852E+02,    0.0000000000E+00,    0.0000000000E+00,    0.0000000000E+00,    1.0041788852E+02
    100250,      0.676937,CP11_after_MPI,   1,    0.0000000000E+00,    1.0041788852E+02,    1.0041788852E+02,    0.0000000000E+00,    0.0000000000E+00,    0.0000000000E+00,    1.0041788852E+02
    100250,      0.676937,CP12_end,   1,    0.0000000000E+00,    1.0041788852E+02,    1.0041788852E+02,    0.0000000000E+00,    0.0000000000E+00,    0.0000000000E+00,    1.0041788852E+02
    100300,      0.676937,CP0_start,   1,    0.0000000000E+00,    1.0049145337E+02,    1.0049145337E+02,    0.0000000000E+00,    0.0000000000E+00,    0.0000000000E+00,    1.0049145337E+02
    100300,      0.676937,CP1_after_deposition,   1,    0.0000000000E+00,    1.0049145337E+02,    1.0049145337E+02,    0.0000000000E+00,    0.0000000000E+00,    0.0000000000E+00,    1.0049145337E+02
    100300,      0.676937,CP2_after_erosion,   1,    0.0000000000E+00,    1.0049145337E+02,    1.0049145337E+02,    0.0000000000E+00,    0.0000000000E+00,    0.0000000000E+00,    1.0049145337E+02
    100300,      0.676937,CP3_after_update_bottom,   1,    0.0000000000E+00,    1.0049145337E+02,    1.0049145337E+02,    0.0000000000E+00,    0.0000000000E+00,    0.0000000000E+00,    1.0049145337E+02
    100300,      0.676937,CP4_after_advection,   1,    0.0000000000E+00,    1.0049654809E+02,    1.0049654809E+02,    0.0000000000E+00,    0.0000000000E+00,    0.0000000000E+00,    1.0049654809E+02
    100300,      0.676937,CP5_after_vdif,   1,    0.0000000000E+00,    1.0049654809E+02,    1.0049654809E+02,    0.0000000000E+00,    0.0000000000E+00,    0.0000000000E+00,    1.0049654809E+02
    100300,      0.676937,CP6_after_kinetics,   1,    0.0000000000E+00,    1.0049654809E+02,    1.0049654809E+02,    0.0000000000E+00,    0.0000000000E+00,    0.0000000000E+00,    1.0049654809E+02
    100300,      0.676937,CP7_after_upper_clamp,   1,    0.0000000000E+00,    1.0049654809E+02,    1.0049654809E+02,    0.0000000000E+00,    0.0000000000E+00,    0.0000000000E+00,    1.0049654809E+02
    100300,      0.676937,CP8_after_OBC,   1,    0.0000000000E+00,    1.0049654809E+02,    1.0049654809E+02,    0.0000000000E+00,    0.0000000000E+00,    0.0000000000E+00,    1.0049654809E+02
    100300,      0.676937,CP9_after_PTsource,   1,    0.0000000000E+00,    1.0049654809E+02,    1.0049654809E+02,    0.0000000000E+00,    0.0000000000E+00,    0.0000000000E+00,    1.0049654809E+02
    100300,      0.676937,CP10_after_neg_clamp,   1,    0.0000000000E+00,    1.0049654809E+02,    1.0049654809E+02,    0.0000000000E+00,    0.0000000000E+00,    0.0000000000E+00,    1.0049654809E+02
    100300,      0.676937,CP11_after_MPI,   1,    0.0000000000E+00,    1.0049654809E+02,    1.0049654809E+02,    0.0000000000E+00,    0.0000000000E+00,    0.0000000000E+00,    1.0049654809E+02
    100300,      0.676937,CP12_end,   1,    0.0000000000E+00,    1.0049654809E+02,    1.0049654809E+02,    0.0000000000E+00,    0.0000000000E+00,    0.0000000000E+00,    1.0049654809E+02
    100350,      0.676937,CP0_start,   1,    0.0000000000E+00,    1.0057142461E+02,    1.0057142461E+02,    0.0000000000E+00,    0.0000000000E+00,    0.0000000000E+00,    1.0057142461E+02
    100350,      0.676937,CP1_after_deposition,   1,    0.0000000000E+00,    1.0057142461E+02,    1.0057142461E+02,    0.0000000000E+00,    0.0000000000E+00,    0.0000000000E+00,    1.0057142461E+02
    100350,      0.676937,CP2_after_erosion,   1,    0.0000000000E+00,    1.0057142461E+02,    1.0057142461E+02,    0.0000000000E+00,    0.0000000000E+00,    0.0000000000E+00,    1.0057142461E+02
    100350,      0.676937,CP3_after_update_bottom,   1,    0.0000000000E+00,    1.0057142461E+02,    1.0057142461E+02,    0.0000000000E+00,    0.0000000000E+00,    0.0000000000E+00,    1.0057142461E+02
    100350,      0.676937,CP4_after_advection,   1,    0.0000000000E+00,    1.0057653640E+02,    1.0057653640E+02,    0.0000000000E+00,    0.0000000000E+00,    0.0000000000E+00,    1.0057653640E+02
    100350,      0.676937,CP5_after_vdif,   1,    0.0000000000E+00,    1.0057653640E+02,    1.0057653640E+02,    0.0000000000E+00,    0.0000000000E+00,    0.0000000000E+00,    1.0057653640E+02
    100350,      0.676937,CP6_after_kinetics,   1,    0.0000000000E+00,    1.0057653640E+02,    1.0057653640E+02,    0.0000000000E+00,    0.0000000000E+00,    0.0000000000E+00,    1.0057653640E+02
    100350,      0.676937,CP7_after_upper_clamp,   1,    0.0000000000E+00,    1.0057653640E+02,    1.0057653640E+02,    0.0000000000E+00,    0.0000000000E+00,    0.0000000000E+00,    1.0057653640E+02
    100350,      0.676937,CP8_after_OBC,   1,    0.0000000000E+00,    1.0057653640E+02,    1.0057653640E+02,    0.0000000000E+00,    0.0000000000E+00,    0.0000000000E+00,    1.0057653640E+02
    100350,      0.676937,CP9_after_PTsource,   1,    0.0000000000E+00,    1.0057653640E+02,    1.0057653640E+02,    0.0000000000E+00,    0.0000000000E+00,    0.0000000000E+00,    1.0057653640E+02
    100350,      0.676937,CP10_after_neg_clamp,   1,    0.0000000000E+00,    1.0057653640E+02,    1.0057653640E+02,    0.0000000000E+00,    0.0000000000E+00,    0.0000000000E+00,    1.0057653640E+02
    100350,      0.676937,CP11_after_MPI,   1,    0.0000000000E+00,    1.0057653640E+02,    1.0057653640E+02,    0.0000000000E+00,    0.0000000000E+00,    0.0000000000E+00,    1.0057653640E+02
    100350,      0.676937,CP12_end,   1,    0.0000000000E+00,    1.0057653640E+02,    1.0057653640E+02,    0.0000000000E+00,    0.0000000000E+00,    0.0000000000E+00,    1.0057653640E+02
    100400,      0.676937,CP0_start,   1,    0.0000000000E+00,    1.0065301640E+02,    1.0065301640E+02,    0.0000000000E+00,    0.0000000000E+00,    0.0000000000E+00,    1.0065301640E+02
    100400,      0.676937,CP1_after_deposition,   1,    0.0000000000E+00,    1.0065301640E+02,    1.0065301640E+02,    0.0000000000E+00,    0.0000000000E+00,    0.0000000000E+00,    1.0065301640E+02
    100400,      0.676937,CP2_after_erosion,   1,    0.0000000000E+00,    1.0065301640E+02,    1.0065301640E+02,    0.0000000000E+00,    0.0000000000E+00,    0.0000000000E+00,    1.0065301640E+02
    100400,      0.676937,CP3_after_update_bottom,   1,    0.0000000000E+00,    1.0065301640E+02,    1.0065301640E+02,    0.0000000000E+00,    0.0000000000E+00,    0.0000000000E+00,    1.0065301640E+02
    100400,      0.676937,CP4_after_advection,   1,    0.0000000000E+00,    1.0065815064E+02,    1.0065815064E+02,    0.0000000000E+00,    0.0000000000E+00,    0.0000000000E+00,    1.0065815064E+02
    100400,      0.676937,CP5_after_vdif,   1,    0.0000000000E+00,    1.0065815064E+02,    1.0065815064E+02,    0.0000000000E+00,    0.0000000000E+00,    0.0000000000E+00,    1.0065815064E+02
    100400,      0.676937,CP6_after_kinetics,   1,    0.0000000000E+00,    1.0065815064E+02,    1.0065815064E+02,    0.0000000000E+00,    0.0000000000E+00,    0.0000000000E+00,    1.0065815064E+02
    100400,      0.676937,CP7_after_upper_clamp,   1,    0.0000000000E+00,    1.0065815064E+02,    1.0065815064E+02,    0.0000000000E+00,    0.0000000000E+00,    0.0000000000E+00,    1.0065815064E+02
    100400,      0.676937,CP8_after_OBC,   1,    0.0000000000E+00,    1.0065815064E+02,    1.0065815064E+02,    0.0000000000E+00,    0.0000000000E+00,    0.0000000000E+00,    1.0065815064E+02
    100400,      0.676937,CP9_after_PTsource,   1,    0.0000000000E+00,    1.0065815064E+02,    1.0065815064E+02,    0.0000000000E+00,    0.0000000000E+00,    0.0000000000E+00,    1.0065815064E+02
    100400,      0.676937,CP10_after_neg_clamp,   1,    0.0000000000E+00,    1.0065815064E+02,    1.0065815064E+02,    0.0000000000E+00,    0.0000000000E+00,    0.0000000000E+00,    1.0065815064E+02
    100400,      0.676937,CP11_after_MPI,   1,    0.0000000000E+00,    1.0065815064E+02,    1.0065815064E+02,    0.0000000000E+00,    0.0000000000E+00,    0.0000000000E+00,    1.0065815064E+02
    100400,      0.676937,CP12_end,   1,    0.0000000000E+00,    1.0065815064E+02,    1.0065815064E+02,    0.0000000000E+00,    0.0000000000E+00,    0.0000000000E+00,    1.0065815064E+02
    100450,      0.676937,CP0_start,   1,    0.0000000000E+00,    1.0073644333E+02,    1.0073644333E+02,    0.0000000000E+00,    0.0000000000E+00,    0.0000000000E+00,    1.0073644333E+02
    100450,      0.676937,CP1_after_deposition,   1,    0.0000000000E+00,    1.0073644333E+02,    1.0073644333E+02,    0.0000000000E+00,    0.0000000000E+00,    0.0000000000E+00,    1.0073644333E+02
    100450,      0.676937,CP2_after_erosion,   1,    0.0000000000E+00,    1.0073644333E+02,    1.0073644333E+02,    0.0000000000E+00,    0.0000000000E+00,    0.0000000000E+00,    1.0073644333E+02
    100450,      0.676937,CP3_after_update_bottom,   1,    0.0000000000E+00,    1.0073644333E+02,    1.0073644333E+02,    0.0000000000E+00,    0.0000000000E+00,    0.0000000000E+00,    1.0073644333E+02
    100450,      0.676937,CP4_after_advection,   1,    0.0000000000E+00,    1.0074160559E+02,    1.0074160559E+02,    0.0000000000E+00,    0.0000000000E+00,    0.0000000000E+00,    1.0074160559E+02
    100450,      0.676937,CP5_after_vdif,   1,    0.0000000000E+00,    1.0074160559E+02,    1.0074160559E+02,    0.0000000000E+00,    0.0000000000E+00,    0.0000000000E+00,    1.0074160559E+02
    100450,      0.676937,CP6_after_kinetics,   1,    0.0000000000E+00,    1.0074160559E+02,    1.0074160559E+02,    0.0000000000E+00,    0.0000000000E+00,    0.0000000000E+00,    1.0074160559E+02
    100450,      0.676937,CP7_after_upper_clamp,   1,    0.0000000000E+00,    1.0074160559E+02,    1.0074160559E+02,    0.0000000000E+00,    0.0000000000E+00,    0.0000000000E+00,    1.0074160559E+02
    100450,      0.676937,CP8_after_OBC,   1,    0.0000000000E+00,    1.0074160559E+02,    1.0074160559E+02,    0.0000000000E+00,    0.0000000000E+00,    0.0000000000E+00,    1.0074160559E+02
    100450,      0.676937,CP9_after_PTsource,   1,    0.0000000000E+00,    1.0074160559E+02,    1.0074160559E+02,    0.0000000000E+00,    0.0000000000E+00,    0.0000000000E+00,    1.0074160559E+02
    100450,      0.676937,CP10_after_neg_clamp,   1,    0.0000000000E+00,    1.0074160559E+02,    1.0074160559E+02,    0.0000000000E+00,    0.0000000000E+00,    0.0000000000E+00,    1.0074160559E+02
    100450,      0.676937,CP11_after_MPI,   1,    0.0000000000E+00,    1.0074160559E+02,    1.0074160559E+02,    0.0000000000E+00,    0.0000000000E+00,    0.0000000000E+00,    1.0074160559E+02
    100450,      0.676937,CP12_end,   1,    0.0000000000E+00,    1.0074160559E+02,    1.0074160559E+02,    0.0000000000E+00,    0.0000000000E+00,    0.0000000000E+00,    1.0074160559E+02
    100500,      0.676937,CP0_start,   1,    0.0000000000E+00,    1.0082184660E+02,    1.0082184660E+02,    0.0000000000E+00,    0.0000000000E+00,    0.0000000000E+00,    1.0082184660E+02
    100500,      0.676937,CP1_after_deposition,   1,    0.0000000000E+00,    1.0082184660E+02,    1.0082184660E+02,    0.0000000000E+00,    0.0000000000E+00,    0.0000000000E+00,    1.0082184660E+02
    100500,      0.676937,CP2_after_erosion,   1,    0.0000000000E+00,    1.0082184660E+02,    1.0082184660E+02,    0.0000000000E+00,    0.0000000000E+00,    0.0000000000E+00,    1.0082184660E+02
    100500,      0.676937,CP3_after_update_bottom,   1,    0.0000000000E+00,    1.0082184660E+02,    1.0082184660E+02,    0.0000000000E+00,    0.0000000000E+00,    0.0000000000E+00,    1.0082184660E+02
    100500,      0.676937,CP4_after_advection,   1,    0.0000000000E+00,    1.0082703753E+02,    1.0082703753E+02,    0.0000000000E+00,    0.0000000000E+00,    0.0000000000E+00,    1.0082703753E+02
    100500,      0.676937,CP5_after_vdif,   1,    0.0000000000E+00,    1.0082703753E+02,    1.0082703753E+02,    0.0000000000E+00,    0.0000000000E+00,    0.0000000000E+00,    1.0082703753E+02
    100500,      0.676937,CP6_after_kinetics,   1,    0.0000000000E+00,    1.0082703753E+02,    1.0082703753E+02,    0.0000000000E+00,    0.0000000000E+00,    0.0000000000E+00,    1.0082703753E+02
    100500,      0.676937,CP7_after_upper_clamp,   1,    0.0000000000E+00,    1.0082703753E+02,    1.0082703753E+02,    0.0000000000E+00,    0.0000000000E+00,    0.0000000000E+00,    1.0082703753E+02
    100500,      0.676937,CP8_after_OBC,   1,    0.0000000000E+00,    1.0082703753E+02,    1.0082703753E+02,    0.0000000000E+00,    0.0000000000E+00,    0.0000000000E+00,    1.0082703753E+02
    100500,      0.676937,CP9_after_PTsource,   1,    0.0000000000E+00,    1.0082703753E+02,    1.0082703753E+02,    0.0000000000E+00,    0.0000000000E+00,    0.0000000000E+00,    1.0082703753E+02
    100500,      0.676937,CP10_after_neg_clamp,   1,    0.0000000000E+00,    1.0082703753E+02,    1.0082703753E+02,    0.0000000000E+00,    0.0000000000E+00,    0.0000000000E+00,    1.0082703753E+02
    100500,      0.676937,CP11_after_MPI,   1,    0.0000000000E+00,    1.0082703753E+02,    1.0082703753E+02,    0.0000000000E+00,    0.0000000000E+00,    0.0000000000E+00,    1.0082703753E+02
    100500,      0.676937,CP12_end,   1,    0.0000000000E+00,    1.0082703753E+02,    1.0082703753E+02,    0.0000000000E+00,    0.0000000000E+00,    0.0000000000E+00,    1.0082703753E+02
    100550,      0.676937,CP0_start,   1,    0.0000000000E+00,    1.0090922128E+02,    1.0090922128E+02,    0.0000000000E+00,    0.0000000000E+00,    0.0000000000E+00,    1.0090922128E+02
    100550,      0.676937,CP1_after_deposition,   1,    0.0000000000E+00,    1.0090922128E+02,    1.0090922128E+02,    0.0000000000E+00,    0.0000000000E+00,    0.0000000000E+00,    1.0090922128E+02
    100550,      0.676937,CP2_after_erosion,   1,    0.0000000000E+00,    1.0090922128E+02,    1.0090922128E+02,    0.0000000000E+00,    0.0000000000E+00,    0.0000000000E+00,    1.0090922128E+02
    100550,      0.676937,CP3_after_update_bottom,   1,    0.0000000000E+00,    1.0090922128E+02,    1.0090922128E+02,    0.0000000000E+00,    0.0000000000E+00,    0.0000000000E+00,    1.0090922128E+02
    100550,      0.676937,CP4_after_advection,   1,    0.0000000000E+00,    1.0091443995E+02,    1.0091443995E+02,    0.0000000000E+00,    0.0000000000E+00,    0.0000000000E+00,    1.0091443995E+02
    100550,      0.676937,CP5_after_vdif,   1,    0.0000000000E+00,    1.0091443995E+02,    1.0091443995E+02,    0.0000000000E+00,    0.0000000000E+00,    0.0000000000E+00,    1.0091443995E+02
    100550,      0.676937,CP6_after_kinetics,   1,    0.0000000000E+00,    1.0091443995E+02,    1.0091443995E+02,    0.0000000000E+00,    0.0000000000E+00,    0.0000000000E+00,    1.0091443995E+02
    100550,      0.676937,CP7_after_upper_clamp,   1,    0.0000000000E+00,    1.0091443995E+02,    1.0091443995E+02,    0.0000000000E+00,    0.0000000000E+00,    0.0000000000E+00,    1.0091443995E+02
    100550,      0.676937,CP8_after_OBC,   1,    0.0000000000E+00,    1.0091443995E+02,    1.0091443995E+02,    0.0000000000E+00,    0.0000000000E+00,    0.0000000000E+00,    1.0091443995E+02
    100550,      0.676937,CP9_after_PTsource,   1,    0.0000000000E+00,    1.0091443995E+02,    1.0091443995E+02,    0.0000000000E+00,    0.0000000000E+00,    0.0000000000E+00,    1.0091443995E+02
    100550,      0.676937,CP10_after_neg_clamp,   1,    0.0000000000E+00,    1.0091443995E+02,    1.0091443995E+02,    0.0000000000E+00,    0.0000000000E+00,    0.0000000000E+00,    1.0091443995E+02
    100550,      0.676937,CP11_after_MPI,   1,    0.0000000000E+00,    1.0091443995E+02,    1.0091443995E+02,    0.0000000000E+00,    0.0000000000E+00,    0.0000000000E+00,    1.0091443995E+02
    100550,      0.676937,CP12_end,   1,    0.0000000000E+00,    1.0091443995E+02,    1.0091443995E+02,    0.0000000000E+00,    0.0000000000E+00,    0.0000000000E+00,    1.0091443995E+02
    100600,      0.676937,CP0_start,   1,    0.0000000000E+00,    1.0099866268E+02,    1.0099866268E+02,    0.0000000000E+00,    0.0000000000E+00,    0.0000000000E+00,    1.0099866268E+02
    100600,      0.676937,CP1_after_deposition,   1,    0.0000000000E+00,    1.0099866268E+02,    1.0099866268E+02,    0.0000000000E+00,    0.0000000000E+00,    0.0000000000E+00,    1.0099866268E+02
    100600,      0.676937,CP2_after_erosion,   1,    0.0000000000E+00,    1.0099866268E+02,    1.0099866268E+02,    0.0000000000E+00,    0.0000000000E+00,    0.0000000000E+00,    1.0099866268E+02
    100600,      0.676937,CP3_after_update_bottom,   1,    0.0000000000E+00,    1.0099866268E+02,    1.0099866268E+02,    0.0000000000E+00,    0.0000000000E+00,    0.0000000000E+00,    1.0099866268E+02
    100600,      0.676937,CP4_after_advection,   1,    0.0000000000E+00,    1.0100390030E+02,    1.0100390030E+02,    0.0000000000E+00,    0.0000000000E+00,    0.0000000000E+00,    1.0100390030E+02
    100600,      0.676937,CP5_after_vdif,   1,    0.0000000000E+00,    1.0100390030E+02,    1.0100390030E+02,    0.0000000000E+00,    0.0000000000E+00,    0.0000000000E+00,    1.0100390030E+02
    100600,      0.676937,CP6_after_kinetics,   1,    0.0000000000E+00,    1.0100390030E+02,    1.0100390030E+02,    0.0000000000E+00,    0.0000000000E+00,    0.0000000000E+00,    1.0100390030E+02
    100600,      0.676937,CP7_after_upper_clamp,   1,    0.0000000000E+00,    1.0100390030E+02,    1.0100390030E+02,    0.0000000000E+00,    0.0000000000E+00,    0.0000000000E+00,    1.0100390030E+02
    100600,      0.676937,CP8_after_OBC,   1,    0.0000000000E+00,    1.0100390030E+02,    1.0100390030E+02,    0.0000000000E+00,    0.0000000000E+00,    0.0000000000E+00,    1.0100390030E+02
    100600,      0.676937,CP9_after_PTsource,   1,    0.0000000000E+00,    1.0100390030E+02,    1.0100390030E+02,    0.0000000000E+00,    0.0000000000E+00,    0.0000000000E+00,    1.0100390030E+02
    100600,      0.676937,CP10_after_neg_clamp,   1,    0.0000000000E+00,    1.0100390030E+02,    1.0100390030E+02,    0.0000000000E+00,    0.0000000000E+00,    0.0000000000E+00,    1.0100390030E+02
    100600,      0.676937,CP11_after_MPI,   1,    0.0000000000E+00,    1.0100390030E+02,    1.0100390030E+02,    0.0000000000E+00,    0.0000000000E+00,    0.0000000000E+00,    1.0100390030E+02
    100600,      0.676937,CP12_end,   1,    0.0000000000E+00,    1.0100390030E+02,    1.0100390030E+02,    0.0000000000E+00,    0.0000000000E+00,    0.0000000000E+00,    1.0100390030E+02
    100650,      0.676937,CP0_start,   1,    0.0000000000E+00,    1.0109010673E+02,    1.0109010673E+02,    0.0000000000E+00,    0.0000000000E+00,    0.0000000000E+00,    1.0109010673E+02
    100650,      0.676937,CP1_after_deposition,   1,    0.0000000000E+00,    1.0109010673E+02,    1.0109010673E+02,    0.0000000000E+00,    0.0000000000E+00,    0.0000000000E+00,    1.0109010673E+02
    100650,      0.676937,CP2_after_erosion,   1,    0.0000000000E+00,    1.0109010673E+02,    1.0109010673E+02,    0.0000000000E+00,    0.0000000000E+00,    0.0000000000E+00,    1.0109010673E+02
    100650,      0.676937,CP3_after_update_bottom,   1,    0.0000000000E+00,    1.0109010673E+02,    1.0109010673E+02,    0.0000000000E+00,    0.0000000000E+00,    0.0000000000E+00,    1.0109010673E+02
    100650,      0.676937,CP4_after_advection,   1,    0.0000000000E+00,    1.0109536696E+02,    1.0109536696E+02,    0.0000000000E+00,    0.0000000000E+00,    0.0000000000E+00,    1.0109536696E+02
    100650,      0.676937,CP5_after_vdif,   1,    0.0000000000E+00,    1.0109536696E+02,    1.0109536696E+02,    0.0000000000E+00,    0.0000000000E+00,    0.0000000000E+00,    1.0109536696E+02
    100650,      0.676937,CP6_after_kinetics,   1,    0.0000000000E+00,    1.0109536696E+02,    1.0109536696E+02,    0.0000000000E+00,    0.0000000000E+00,    0.0000000000E+00,    1.0109536696E+02
    100650,      0.676937,CP7_after_upper_clamp,   1,    0.0000000000E+00,    1.0109536696E+02,    1.0109536696E+02,    0.0000000000E+00,    0.0000000000E+00,    0.0000000000E+00,    1.0109536696E+02
    100650,      0.676937,CP8_after_OBC,   1,    0.0000000000E+00,    1.0109536696E+02,    1.0109536696E+02,    0.0000000000E+00,    0.0000000000E+00,    0.0000000000E+00,    1.0109536696E+02
    100650,      0.676937,CP9_after_PTsource,   1,    0.0000000000E+00,    1.0109536696E+02,    1.0109536696E+02,    0.0000000000E+00,    0.0000000000E+00,    0.0000000000E+00,    1.0109536696E+02
    100650,      0.676937,CP10_after_neg_clamp,   1,    0.0000000000E+00,    1.0109536696E+02,    1.0109536696E+02,    0.0000000000E+00,    0.0000000000E+00,    0.0000000000E+00,    1.0109536696E+02
    100650,      0.676937,CP11_after_MPI,   1,    0.0000000000E+00,    1.0109536696E+02,    1.0109536696E+02,    0.0000000000E+00,    0.0000000000E+00,    0.0000000000E+00,    1.0109536696E+02
    100650,      0.676937,CP12_end,   1,    0.0000000000E+00,    1.0109536696E+02,    1.0109536696E+02,    0.0000000000E+00,    0.0000000000E+00,    0.0000000000E+00,    1.0109536696E+02
    100700,      0.676937,CP0_start,   1,    0.0000000000E+00,    1.0118338620E+02,    1.0118338620E+02,    0.0000000000E+00,    0.0000000000E+00,    0.0000000000E+00,    1.0118338620E+02
    100700,      0.676937,CP1_after_deposition,   1,    0.0000000000E+00,    1.0118338620E+02,    1.0118338620E+02,    0.0000000000E+00,    0.0000000000E+00,    0.0000000000E+00,    1.0118338620E+02
    100700,      0.676937,CP2_after_erosion,   1,    0.0000000000E+00,    1.0118338620E+02,    1.0118338620E+02,    0.0000000000E+00,    0.0000000000E+00,    0.0000000000E+00,    1.0118338620E+02
    100700,      0.676937,CP3_after_update_bottom,   1,    0.0000000000E+00,    1.0118338620E+02,    1.0118338620E+02,    0.0000000000E+00,    0.0000000000E+00,    0.0000000000E+00,    1.0118338620E+02
    100700,      0.676937,CP4_after_advection,   1,    0.0000000000E+00,    1.0118866226E+02,    1.0118866226E+02,    0.0000000000E+00,    0.0000000000E+00,    0.0000000000E+00,    1.0118866226E+02
    100700,      0.676937,CP5_after_vdif,   1,    0.0000000000E+00,    1.0118866226E+02,    1.0118866226E+02,    0.0000000000E+00,    0.0000000000E+00,    0.0000000000E+00,    1.0118866226E+02
    100700,      0.676937,CP6_after_kinetics,   1,    0.0000000000E+00,    1.0118866226E+02,    1.0118866226E+02,    0.0000000000E+00,    0.0000000000E+00,    0.0000000000E+00,    1.0118866226E+02
    100700,      0.676937,CP7_after_upper_clamp,   1,    0.0000000000E+00,    1.0118866226E+02,    1.0118866226E+02,    0.0000000000E+00,    0.0000000000E+00,    0.0000000000E+00,    1.0118866226E+02
    100700,      0.676937,CP8_after_OBC,   1,    0.0000000000E+00,    1.0118866226E+02,    1.0118866226E+02,    0.0000000000E+00,    0.0000000000E+00,    0.0000000000E+00,    1.0118866226E+02
    100700,      0.676937,CP9_after_PTsource,   1,    0.0000000000E+00,    1.0118866226E+02,    1.0118866226E+02,    0.0000000000E+00,    0.0000000000E+00,    0.0000000000E+00,    1.0118866226E+02
    100700,      0.676937,CP10_after_neg_clamp,   1,    0.0000000000E+00,    1.0118866226E+02,    1.0118866226E+02,    0.0000000000E+00,    0.0000000000E+00,    0.0000000000E+00,    1.0118866226E+02
    100700,      0.676937,CP11_after_MPI,   1,    0.0000000000E+00,    1.0118866226E+02,    1.0118866226E+02,    0.0000000000E+00,    0.0000000000E+00,    0.0000000000E+00,    1.0118866226E+02
    100700,      0.676937,CP12_end,   1,    0.0000000000E+00,    1.0118866226E+02,    1.0118866226E+02,    0.0000000000E+00,    0.0000000000E+00,    0.0000000000E+00,    1.0118866226E+02
    100750,      0.676937,CP0_start,   1,    0.0000000000E+00,    1.0127820246E+02,    1.0127820246E+02,    0.0000000000E+00,    0.0000000000E+00,    0.0000000000E+00,    1.0127820246E+02
    100750,      0.676937,CP1_after_deposition,   1,    0.0000000000E+00,    1.0127820246E+02,    1.0127820246E+02,    0.0000000000E+00,    0.0000000000E+00,    0.0000000000E+00,    1.0127820246E+02
    100750,      0.676937,CP2_after_erosion,   1,    0.0000000000E+00,    1.0127820246E+02,    1.0127820246E+02,    0.0000000000E+00,    0.0000000000E+00,    0.0000000000E+00,    1.0127820246E+02
    100750,      0.676937,CP3_after_update_bottom,   1,    0.0000000000E+00,    1.0127820246E+02,    1.0127820246E+02,    0.0000000000E+00,    0.0000000000E+00,    0.0000000000E+00,    1.0127820246E+02
    100750,      0.676937,CP4_after_advection,   1,    0.0000000000E+00,    1.0128348668E+02,    1.0128348668E+02,    0.0000000000E+00,    0.0000000000E+00,    0.0000000000E+00,    1.0128348668E+02
    100750,      0.676937,CP5_after_vdif,   1,    0.0000000000E+00,    1.0128348668E+02,    1.0128348668E+02,    0.0000000000E+00,    0.0000000000E+00,    0.0000000000E+00,    1.0128348668E+02
    100750,      0.676937,CP6_after_kinetics,   1,    0.0000000000E+00,    1.0128348668E+02,    1.0128348668E+02,    0.0000000000E+00,    0.0000000000E+00,    0.0000000000E+00,    1.0128348668E+02
    100750,      0.676937,CP7_after_upper_clamp,   1,    0.0000000000E+00,    1.0128348668E+02,    1.0128348668E+02,    0.0000000000E+00,    0.0000000000E+00,    0.0000000000E+00,    1.0128348668E+02
    100750,      0.676937,CP8_after_OBC,   1,    0.0000000000E+00,    1.0128348668E+02,    1.0128348668E+02,    0.0000000000E+00,    0.0000000000E+00,    0.0000000000E+00,    1.0128348668E+02
    100750,      0.676937,CP9_after_PTsource,   1,    0.0000000000E+00,    1.0128348668E+02,    1.0128348668E+02,    0.0000000000E+00,    0.0000000000E+00,    0.0000000000E+00,    1.0128348668E+02
    100750,      0.676937,CP10_after_neg_clamp,   1,    0.0000000000E+00,    1.0128348668E+02,    1.0128348668E+02,    0.0000000000E+00,    0.0000000000E+00,    0.0000000000E+00,    1.0128348668E+02
    100750,      0.676937,CP11_after_MPI,   1,    0.0000000000E+00,    1.0128348668E+02,    1.0128348668E+02,    0.0000000000E+00,    0.0000000000E+00,    0.0000000000E+00,    1.0128348668E+02
    100750,      0.676937,CP12_end,   1,    0.0000000000E+00,    1.0128348668E+02,    1.0128348668E+02,    0.0000000000E+00,    0.0000000000E+00,    0.0000000000E+00,    1.0128348668E+02
    100800,      0.676937,CP0_start,   1,    0.0000000000E+00,    1.0137427234E+02,    1.0137427234E+02,    0.0000000000E+00,    0.0000000000E+00,    0.0000000000E+00,    1.0137427234E+02
    100800,      0.676937,CP1_after_deposition,   1,    0.0000000000E+00,    1.0137427234E+02,    1.0137427234E+02,    0.0000000000E+00,    0.0000000000E+00,    0.0000000000E+00,    1.0137427234E+02
    100800,      0.676937,CP2_after_erosion,   1,    0.0000000000E+00,    1.0137427234E+02,    1.0137427234E+02,    0.0000000000E+00,    0.0000000000E+00,    0.0000000000E+00,    1.0137427234E+02
    100800,      0.676937,CP3_after_update_bottom,   1,    0.0000000000E+00,    1.0137427234E+02,    1.0137427234E+02,    0.0000000000E+00,    0.0000000000E+00,    0.0000000000E+00,    1.0137427234E+02
    100800,      0.676937,CP4_after_advection,   1,    0.0000000000E+00,    1.0137955447E+02,    1.0137955447E+02,    0.0000000000E+00,    0.0000000000E+00,    0.0000000000E+00,    1.0137955447E+02
    100800,      0.676937,CP5_after_vdif,   1,    0.0000000000E+00,    1.0137955447E+02,    1.0137955447E+02,    0.0000000000E+00,    0.0000000000E+00,    0.0000000000E+00,    1.0137955447E+02
    100800,      0.676937,CP6_after_kinetics,   1,    0.0000000000E+00,    1.0137955447E+02,    1.0137955447E+02,    0.0000000000E+00,    0.0000000000E+00,    0.0000000000E+00,    1.0137955447E+02
    100800,      0.676937,CP7_after_upper_clamp,   1,    0.0000000000E+00,    1.0137955447E+02,    1.0137955447E+02,    0.0000000000E+00,    0.0000000000E+00,    0.0000000000E+00,    1.0137955447E+02
    100800,      0.676937,CP8_after_OBC,   1,    0.0000000000E+00,    1.0137955447E+02,    1.0137955447E+02,    0.0000000000E+00,    0.0000000000E+00,    0.0000000000E+00,    1.0137955447E+02
    100800,      0.676937,CP9_after_PTsource,   1,    0.0000000000E+00,    1.0137955447E+02,    1.0137955447E+02,    0.0000000000E+00,    0.0000000000E+00,    0.0000000000E+00,    1.0137955447E+02
    100800,      0.676937,CP10_after_neg_clamp,   1,    0.0000000000E+00,    1.0137955447E+02,    1.0137955447E+02,    0.0000000000E+00,    0.0000000000E+00,    0.0000000000E+00,    1.0137955447E+02
    100800,      0.676937,CP11_after_MPI,   1,    0.0000000000E+00,    1.0137955447E+02,    1.0137955447E+02,    0.0000000000E+00,    0.0000000000E+00,    0.0000000000E+00,    1.0137955447E+02
    100800,      0.676937,CP12_end,   1,    0.0000000000E+00,    1.0137955447E+02,    1.0137955447E+02,    0.0000000000E+00,    0.0000000000E+00,    0.0000000000E+00,    1.0137955447E+02
    100850,      0.676937,CP0_start,   1,    0.0000000000E+00,    1.0147112062E+02,    1.0147112062E+02,    0.0000000000E+00,    0.0000000000E+00,    0.0000000000E+00,    1.0147112062E+02
    100850,      0.676937,CP1_after_deposition,   1,    0.0000000000E+00,    1.0147112062E+02,    1.0147112062E+02,    0.0000000000E+00,    0.0000000000E+00,    0.0000000000E+00,    1.0147112062E+02
    100850,      0.676937,CP2_after_erosion,   1,    0.0000000000E+00,    1.0147112062E+02,    1.0147112062E+02,    0.0000000000E+00,    0.0000000000E+00,    0.0000000000E+00,    1.0147112062E+02
    100850,      0.676937,CP3_after_update_bottom,   1,    0.0000000000E+00,    1.0147112062E+02,    1.0147112062E+02,    0.0000000000E+00,    0.0000000000E+00,    0.0000000000E+00,    1.0147112062E+02
    100850,      0.676937,CP4_after_advection,   1,    0.0000000000E+00,    1.0147640064E+02,    1.0147640064E+02,    0.0000000000E+00,    0.0000000000E+00,    0.0000000000E+00,    1.0147640064E+02
    100850,      0.676937,CP5_after_vdif,   1,    0.0000000000E+00,    1.0147640064E+02,    1.0147640064E+02,    0.0000000000E+00,    0.0000000000E+00,    0.0000000000E+00,    1.0147640064E+02
    100850,      0.676937,CP6_after_kinetics,   1,    0.0000000000E+00,    1.0147640064E+02,    1.0147640064E+02,    0.0000000000E+00,    0.0000000000E+00,    0.0000000000E+00,    1.0147640064E+02
    100850,      0.676937,CP7_after_upper_clamp,   1,    0.0000000000E+00,    1.0147640064E+02,    1.0147640064E+02,    0.0000000000E+00,    0.0000000000E+00,    0.0000000000E+00,    1.0147640064E+02
    100850,      0.676937,CP8_after_OBC,   1,    0.0000000000E+00,    1.0147640064E+02,    1.0147640064E+02,    0.0000000000E+00,    0.0000000000E+00,    0.0000000000E+00,    1.0147640064E+02
    100850,      0.676937,CP9_after_PTsource,   1,    0.0000000000E+00,    1.0147640064E+02,    1.0147640064E+02,    0.0000000000E+00,    0.0000000000E+00,    0.0000000000E+00,    1.0147640064E+02
    100850,      0.676937,CP10_after_neg_clamp,   1,    0.0000000000E+00,    1.0147640064E+02,    1.0147640064E+02,    0.0000000000E+00,    0.0000000000E+00,    0.0000000000E+00,    1.0147640064E+02
    100850,      0.676937,CP11_after_MPI,   1,    0.0000000000E+00,    1.0147640064E+02,    1.0147640064E+02,    0.0000000000E+00,    0.0000000000E+00,    0.0000000000E+00,    1.0147640064E+02
    100850,      0.676937,CP12_end,   1,    0.0000000000E+00,    1.0147640064E+02,    1.0147640064E+02,    0.0000000000E+00,    0.0000000000E+00,    0.0000000000E+00,    1.0147640064E+02
    100900,      0.676937,CP0_start,   1,    0.0000000000E+00,    1.0156850840E+02,    1.0156850840E+02,    0.0000000000E+00,    0.0000000000E+00,    0.0000000000E+00,    1.0156850840E+02
    100900,      0.676937,CP1_after_deposition,   1,    0.0000000000E+00,    1.0156850840E+02,    1.0156850840E+02,    0.0000000000E+00,    0.0000000000E+00,    0.0000000000E+00,    1.0156850840E+02
    100900,      0.676937,CP2_after_erosion,   1,    0.0000000000E+00,    1.0156850840E+02,    1.0156850840E+02,    0.0000000000E+00,    0.0000000000E+00,    0.0000000000E+00,    1.0156850840E+02
    100900,      0.676937,CP3_after_update_bottom,   1,    0.0000000000E+00,    1.0156850840E+02,    1.0156850840E+02,    0.0000000000E+00,    0.0000000000E+00,    0.0000000000E+00,    1.0156850840E+02
    100900,      0.676937,CP4_after_advection,   1,    0.0000000000E+00,    1.0157377658E+02,    1.0157377658E+02,    0.0000000000E+00,    0.0000000000E+00,    0.0000000000E+00,    1.0157377658E+02
    100900,      0.676937,CP5_after_vdif,   1,    0.0000000000E+00,    1.0157377658E+02,    1.0157377658E+02,    0.0000000000E+00,    0.0000000000E+00,    0.0000000000E+00,    1.0157377658E+02
    100900,      0.676937,CP6_after_kinetics,   1,    0.0000000000E+00,    1.0157377658E+02,    1.0157377658E+02,    0.0000000000E+00,    0.0000000000E+00,    0.0000000000E+00,    1.0157377658E+02
    100900,      0.676937,CP7_after_upper_clamp,   1,    0.0000000000E+00,    1.0157377658E+02,    1.0157377658E+02,    0.0000000000E+00,    0.0000000000E+00,    0.0000000000E+00,    1.0157377658E+02
    100900,      0.676937,CP8_after_OBC,   1,    0.0000000000E+00,    1.0157377658E+02,    1.0157377658E+02,    0.0000000000E+00,    0.0000000000E+00,    0.0000000000E+00,    1.0157377658E+02
    100900,      0.676937,CP9_after_PTsource,   1,    0.0000000000E+00,    1.0157377658E+02,    1.0157377658E+02,    0.0000000000E+00,    0.0000000000E+00,    0.0000000000E+00,    1.0157377658E+02
    100900,      0.676937,CP10_after_neg_clamp,   1,    0.0000000000E+00,    1.0157377658E+02,    1.0157377658E+02,    0.0000000000E+00,    0.0000000000E+00,    0.0000000000E+00,    1.0157377658E+02
    100900,      0.676937,CP11_after_MPI,   1,    0.0000000000E+00,    1.0157377658E+02,    1.0157377658E+02,    0.0000000000E+00,    0.0000000000E+00,    0.0000000000E+00,    1.0157377658E+02
    100900,      0.676937,CP12_end,   1,    0.0000000000E+00,    1.0157377658E+02,    1.0157377658E+02,    0.0000000000E+00,    0.0000000000E+00,    0.0000000000E+00,    1.0157377658E+02
    100950,      0.676937,CP0_start,   1,    0.0000000000E+00,    1.0166605517E+02,    1.0166605517E+02,    0.0000000000E+00,    0.0000000000E+00,    0.0000000000E+00,    1.0166605517E+02
    100950,      0.676937,CP1_after_deposition,   1,    0.0000000000E+00,    1.0166605517E+02,    1.0166605517E+02,    0.0000000000E+00,    0.0000000000E+00,    0.0000000000E+00,    1.0166605517E+02
    100950,      0.676937,CP2_after_erosion,   1,    0.0000000000E+00,    1.0166605517E+02,    1.0166605517E+02,    0.0000000000E+00,    0.0000000000E+00,    0.0000000000E+00,    1.0166605517E+02
    100950,      0.676937,CP3_after_update_bottom,   1,    0.0000000000E+00,    1.0166605517E+02,    1.0166605517E+02,    0.0000000000E+00,    0.0000000000E+00,    0.0000000000E+00,    1.0166605517E+02
    100950,      0.676937,CP4_after_advection,   1,    0.0000000000E+00,    1.0167131064E+02,    1.0167131064E+02,    0.0000000000E+00,    0.0000000000E+00,    0.0000000000E+00,    1.0167131064E+02
    100950,      0.676937,CP5_after_vdif,   1,    0.0000000000E+00,    1.0167131064E+02,    1.0167131064E+02,    0.0000000000E+00,    0.0000000000E+00,    0.0000000000E+00,    1.0167131064E+02
    100950,      0.676937,CP6_after_kinetics,   1,    0.0000000000E+00,    1.0167131064E+02,    1.0167131064E+02,    0.0000000000E+00,    0.0000000000E+00,    0.0000000000E+00,    1.0167131064E+02
    100950,      0.676937,CP7_after_upper_clamp,   1,    0.0000000000E+00,    1.0167131064E+02,    1.0167131064E+02,    0.0000000000E+00,    0.0000000000E+00,    0.0000000000E+00,    1.0167131064E+02
    100950,      0.676937,CP8_after_OBC,   1,    0.0000000000E+00,    1.0167131064E+02,    1.0167131064E+02,    0.0000000000E+00,    0.0000000000E+00,    0.0000000000E+00,    1.0167131064E+02
    100950,      0.676937,CP9_after_PTsource,   1,    0.0000000000E+00,    1.0167131064E+02,    1.0167131064E+02,    0.0000000000E+00,    0.0000000000E+00,    0.0000000000E+00,    1.0167131064E+02
    100950,      0.676937,CP10_after_neg_clamp,   1,    0.0000000000E+00,    1.0167131064E+02,    1.0167131064E+02,    0.0000000000E+00,    0.0000000000E+00,    0.0000000000E+00,    1.0167131064E+02
    100950,      0.676937,CP11_after_MPI,   1,    0.0000000000E+00,    1.0167131064E+02,    1.0167131064E+02,    0.0000000000E+00,    0.0000000000E+00,    0.0000000000E+00,    1.0167131064E+02
    100950,      0.676937,CP12_end,   1,    0.0000000000E+00,    1.0167131064E+02,    1.0167131064E+02,    0.0000000000E+00,    0.0000000000E+00,    0.0000000000E+00,    1.0167131064E+02
    101000,      0.676937,CP0_start,   1,    0.0000000000E+00,    1.0176351815E+02,    1.0176351815E+02,    0.0000000000E+00,    0.0000000000E+00,    0.0000000000E+00,    1.0176351815E+02
    101000,      0.676937,CP1_after_deposition,   1,    0.0000000000E+00,    1.0176351815E+02,    1.0176351815E+02,    0.0000000000E+00,    0.0000000000E+00,    0.0000000000E+00,    1.0176351815E+02
    101000,      0.676937,CP2_after_erosion,   1,    0.0000000000E+00,    1.0176351815E+02,    1.0176351815E+02,    0.0000000000E+00,    0.0000000000E+00,    0.0000000000E+00,    1.0176351815E+02
    101000,      0.676937,CP3_after_update_bottom,   1,    0.0000000000E+00,    1.0176351815E+02,    1.0176351815E+02,    0.0000000000E+00,    0.0000000000E+00,    0.0000000000E+00,    1.0176351815E+02
    101000,      0.676937,CP4_after_advection,   1,    0.0000000000E+00,    1.0176874971E+02,    1.0176874971E+02,    0.0000000000E+00,    0.0000000000E+00,    0.0000000000E+00,    1.0176874971E+02
    101000,      0.676937,CP5_after_vdif,   1,    0.0000000000E+00,    1.0176874971E+02,    1.0176874971E+02,    0.0000000000E+00,    0.0000000000E+00,    0.0000000000E+00,    1.0176874971E+02
    101000,      0.676937,CP6_after_kinetics,   1,    0.0000000000E+00,    1.0176874971E+02,    1.0176874971E+02,    0.0000000000E+00,    0.0000000000E+00,    0.0000000000E+00,    1.0176874971E+02
    101000,      0.676937,CP7_after_upper_clamp,   1,    0.0000000000E+00,    1.0176874971E+02,    1.0176874971E+02,    0.0000000000E+00,    0.0000000000E+00,    0.0000000000E+00,    1.0176874971E+02
    101000,      0.676937,CP8_after_OBC,   1,    0.0000000000E+00,    1.0176874971E+02,    1.0176874971E+02,    0.0000000000E+00,    0.0000000000E+00,    0.0000000000E+00,    1.0176874971E+02
    101000,      0.676937,CP9_after_PTsource,   1,    0.0000000000E+00,    1.0176874971E+02,    1.0176874971E+02,    0.0000000000E+00,    0.0000000000E+00,    0.0000000000E+00,    1.0176874971E+02
    101000,      0.676937,CP10_after_neg_clamp,   1,    0.0000000000E+00,    1.0176874971E+02,    1.0176874971E+02,    0.0000000000E+00,    0.0000000000E+00,    0.0000000000E+00,    1.0176874971E+02
    101000,      0.676937,CP11_after_MPI,   1,    0.0000000000E+00,    1.0176874971E+02,    1.0176874971E+02,    0.0000000000E+00,    0.0000000000E+00,    0.0000000000E+00,    1.0176874971E+02
    101000,      0.676937,CP12_end,   1,    0.0000000000E+00,    1.0176874971E+02,    1.0176874971E+02,    0.0000000000E+00,    0.0000000000E+00,    0.0000000000E+00,    1.0176874971E+02
    101050,      0.676937,CP0_start,   1,    0.0000000000E+00,    1.0186054289E+02,    1.0186054289E+02,    0.0000000000E+00,    0.0000000000E+00,    0.0000000000E+00,    1.0186054289E+02
    101050,      0.676937,CP1_after_deposition,   1,    0.0000000000E+00,    1.0186054289E+02,    1.0186054289E+02,    0.0000000000E+00,    0.0000000000E+00,    0.0000000000E+00,    1.0186054289E+02
    101050,      0.676937,CP2_after_erosion,   1,    0.0000000000E+00,    1.0186054289E+02,    1.0186054289E+02,    0.0000000000E+00,    0.0000000000E+00,    0.0000000000E+00,    1.0186054289E+02
    101050,      0.676937,CP3_after_update_bottom,   1,    0.0000000000E+00,    1.0186054289E+02,    1.0186054289E+02,    0.0000000000E+00,    0.0000000000E+00,    0.0000000000E+00,    1.0186054289E+02
    101050,      0.676937,CP4_after_advection,   1,    0.0000000000E+00,    1.0186574019E+02,    1.0186574019E+02,    0.0000000000E+00,    0.0000000000E+00,    0.0000000000E+00,    1.0186574019E+02
    101050,      0.676937,CP5_after_vdif,   1,    0.0000000000E+00,    1.0186574019E+02,    1.0186574019E+02,    0.0000000000E+00,    0.0000000000E+00,    0.0000000000E+00,    1.0186574019E+02
    101050,      0.676937,CP6_after_kinetics,   1,    0.0000000000E+00,    1.0186574019E+02,    1.0186574019E+02,    0.0000000000E+00,    0.0000000000E+00,    0.0000000000E+00,    1.0186574019E+02
    101050,      0.676937,CP7_after_upper_clamp,   1,    0.0000000000E+00,    1.0186574019E+02,    1.0186574019E+02,    0.0000000000E+00,    0.0000000000E+00,    0.0000000000E+00,    1.0186574019E+02
    101050,      0.676937,CP8_after_OBC,   1,    0.0000000000E+00,    1.0186574019E+02,    1.0186574019E+02,    0.0000000000E+00,    0.0000000000E+00,    0.0000000000E+00,    1.0186574019E+02
    101050,      0.676937,CP9_after_PTsource,   1,    0.0000000000E+00,    1.0186574019E+02,    1.0186574019E+02,    0.0000000000E+00,    0.0000000000E+00,    0.0000000000E+00,    1.0186574019E+02
    101050,      0.676937,CP10_after_neg_clamp,   1,    0.0000000000E+00,    1.0186574019E+02,    1.0186574019E+02,    0.0000000000E+00,    0.0000000000E+00,    0.0000000000E+00,    1.0186574019E+02
    101050,      0.676937,CP11_after_MPI,   1,    0.0000000000E+00,    1.0186574019E+02,    1.0186574019E+02,    0.0000000000E+00,    0.0000000000E+00,    0.0000000000E+00,    1.0186574019E+02
    101050,      0.676937,CP12_end,   1,    0.0000000000E+00,    1.0186574019E+02,    1.0186574019E+02,    0.0000000000E+00,    0.0000000000E+00,    0.0000000000E+00,    1.0186574019E+02
    101100,      0.676937,CP0_start,   1,    0.0000000000E+00,    1.0195689077E+02,    1.0195689077E+02,    0.0000000000E+00,    0.0000000000E+00,    0.0000000000E+00,    1.0195689077E+02
    101100,      0.676937,CP1_after_deposition,   1,    0.0000000000E+00,    1.0195689077E+02,    1.0195689077E+02,    0.0000000000E+00,    0.0000000000E+00,    0.0000000000E+00,    1.0195689077E+02
    101100,      0.676937,CP2_after_erosion,   1,    0.0000000000E+00,    1.0195689077E+02,    1.0195689077E+02,    0.0000000000E+00,    0.0000000000E+00,    0.0000000000E+00,    1.0195689077E+02
    101100,      0.676937,CP3_after_update_bottom,   1,    0.0000000000E+00,    1.0195689077E+02,    1.0195689077E+02,    0.0000000000E+00,    0.0000000000E+00,    0.0000000000E+00,    1.0195689077E+02
    101100,      0.676937,CP4_after_advection,   1,    0.0000000000E+00,    1.0196205200E+02,    1.0196205200E+02,    0.0000000000E+00,    0.0000000000E+00,    0.0000000000E+00,    1.0196205200E+02
    101100,      0.676937,CP5_after_vdif,   1,    0.0000000000E+00,    1.0196205200E+02,    1.0196205200E+02,    0.0000000000E+00,    0.0000000000E+00,    0.0000000000E+00,    1.0196205200E+02
    101100,      0.676937,CP6_after_kinetics,   1,    0.0000000000E+00,    1.0196205200E+02,    1.0196205200E+02,    0.0000000000E+00,    0.0000000000E+00,    0.0000000000E+00,    1.0196205200E+02
    101100,      0.676937,CP7_after_upper_clamp,   1,    0.0000000000E+00,    1.0196205200E+02,    1.0196205200E+02,    0.0000000000E+00,    0.0000000000E+00,    0.0000000000E+00,    1.0196205200E+02
    101100,      0.676937,CP8_after_OBC,   1,    0.0000000000E+00,    1.0196205200E+02,    1.0196205200E+02,    0.0000000000E+00,    0.0000000000E+00,    0.0000000000E+00,    1.0196205200E+02
    101100,      0.676937,CP9_after_PTsource,   1,    0.0000000000E+00,    1.0196205200E+02,    1.0196205200E+02,    0.0000000000E+00,    0.0000000000E+00,    0.0000000000E+00,    1.0196205200E+02
    101100,      0.676937,CP10_after_neg_clamp,   1,    0.0000000000E+00,    1.0196205200E+02,    1.0196205200E+02,    0.0000000000E+00,    0.0000000000E+00,    0.0000000000E+00,    1.0196205200E+02
    101100,      0.676937,CP11_after_MPI,   1,    0.0000000000E+00,    1.0196205200E+02,    1.0196205200E+02,    0.0000000000E+00,    0.0000000000E+00,    0.0000000000E+00,    1.0196205200E+02
    101100,      0.676937,CP12_end,   1,    0.0000000000E+00,    1.0196205200E+02,    1.0196205200E+02,    0.0000000000E+00,    0.0000000000E+00,    0.0000000000E+00,    1.0196205200E+02
    101150,      0.676937,CP0_start,   1,    0.0000000000E+00,    1.0205230466E+02,    1.0205230466E+02,    0.0000000000E+00,    0.0000000000E+00,    0.0000000000E+00,    1.0205230466E+02
    101150,      0.676937,CP1_after_deposition,   1,    0.0000000000E+00,    1.0205230466E+02,    1.0205230466E+02,    0.0000000000E+00,    0.0000000000E+00,    0.0000000000E+00,    1.0205230466E+02
    101150,      0.676937,CP2_after_erosion,   1,    0.0000000000E+00,    1.0205230466E+02,    1.0205230466E+02,    0.0000000000E+00,    0.0000000000E+00,    0.0000000000E+00,    1.0205230466E+02
    101150,      0.676937,CP3_after_update_bottom,   1,    0.0000000000E+00,    1.0205230466E+02,    1.0205230466E+02,    0.0000000000E+00,    0.0000000000E+00,    0.0000000000E+00,    1.0205230466E+02
    101150,      0.676937,CP4_after_advection,   1,    0.0000000000E+00,    1.0205742133E+02,    1.0205742133E+02,    0.0000000000E+00,    0.0000000000E+00,    0.0000000000E+00,    1.0205742133E+02
    101150,      0.676937,CP5_after_vdif,   1,    0.0000000000E+00,    1.0205742133E+02,    1.0205742133E+02,    0.0000000000E+00,    0.0000000000E+00,    0.0000000000E+00,    1.0205742133E+02
    101150,      0.676937,CP6_after_kinetics,   1,    0.0000000000E+00,    1.0205742133E+02,    1.0205742133E+02,    0.0000000000E+00,    0.0000000000E+00,    0.0000000000E+00,    1.0205742133E+02
    101150,      0.676937,CP7_after_upper_clamp,   1,    0.0000000000E+00,    1.0205742133E+02,    1.0205742133E+02,    0.0000000000E+00,    0.0000000000E+00,    0.0000000000E+00,    1.0205742133E+02
    101150,      0.676937,CP8_after_OBC,   1,    0.0000000000E+00,    1.0205742133E+02,    1.0205742133E+02,    0.0000000000E+00,    0.0000000000E+00,    0.0000000000E+00,    1.0205742133E+02
    101150,      0.676937,CP9_after_PTsource,   1,    0.0000000000E+00,    1.0205742133E+02,    1.0205742133E+02,    0.0000000000E+00,    0.0000000000E+00,    0.0000000000E+00,    1.0205742133E+02
    101150,      0.676937,CP10_after_neg_clamp,   1,    0.0000000000E+00,    1.0205742133E+02,    1.0205742133E+02,    0.0000000000E+00,    0.0000000000E+00,    0.0000000000E+00,    1.0205742133E+02
    101150,      0.676937,CP11_after_MPI,   1,    0.0000000000E+00,    1.0205742133E+02,    1.0205742133E+02,    0.0000000000E+00,    0.0000000000E+00,    0.0000000000E+00,    1.0205742133E+02
    101150,      0.676937,CP12_end,   1,    0.0000000000E+00,    1.0205742133E+02,    1.0205742133E+02,    0.0000000000E+00,    0.0000000000E+00,    0.0000000000E+00,    1.0205742133E+02
    101200,      0.676937,CP0_start,   1,    0.0000000000E+00,    1.0214656008E+02,    1.0214656008E+02,    0.0000000000E+00,    0.0000000000E+00,    0.0000000000E+00,    1.0214656008E+02
    101200,      0.676937,CP1_after_deposition,   1,    0.0000000000E+00,    1.0214656008E+02,    1.0214656008E+02,    0.0000000000E+00,    0.0000000000E+00,    0.0000000000E+00,    1.0214656008E+02
    101200,      0.676937,CP2_after_erosion,   1,    0.0000000000E+00,    1.0214656008E+02,    1.0214656008E+02,    0.0000000000E+00,    0.0000000000E+00,    0.0000000000E+00,    1.0214656008E+02
    101200,      0.676937,CP3_after_update_bottom,   1,    0.0000000000E+00,    1.0214656008E+02,    1.0214656008E+02,    0.0000000000E+00,    0.0000000000E+00,    0.0000000000E+00,    1.0214656008E+02
    101200,      0.676937,CP4_after_advection,   1,    0.0000000000E+00,    1.0215163226E+02,    1.0215163226E+02,    0.0000000000E+00,    0.0000000000E+00,    0.0000000000E+00,    1.0215163226E+02
    101200,      0.676937,CP5_after_vdif,   1,    0.0000000000E+00,    1.0215163226E+02,    1.0215163226E+02,    0.0000000000E+00,    0.0000000000E+00,    0.0000000000E+00,    1.0215163226E+02
    101200,      0.676937,CP6_after_kinetics,   1,    0.0000000000E+00,    1.0215163226E+02,    1.0215163226E+02,    0.0000000000E+00,    0.0000000000E+00,    0.0000000000E+00,    1.0215163226E+02
    101200,      0.676937,CP7_after_upper_clamp,   1,    0.0000000000E+00,    1.0215163226E+02,    1.0215163226E+02,    0.0000000000E+00,    0.0000000000E+00,    0.0000000000E+00,    1.0215163226E+02
    101200,      0.676937,CP8_after_OBC,   1,    0.0000000000E+00,    1.0215163226E+02,    1.0215163226E+02,    0.0000000000E+00,    0.0000000000E+00,    0.0000000000E+00,    1.0215163226E+02
    101200,      0.676937,CP9_after_PTsource,   1,    0.0000000000E+00,    1.0215163226E+02,    1.0215163226E+02,    0.0000000000E+00,    0.0000000000E+00,    0.0000000000E+00,    1.0215163226E+02
    101200,      0.676937,CP10_after_neg_clamp,   1,    0.0000000000E+00,    1.0215163226E+02,    1.0215163226E+02,    0.0000000000E+00,    0.0000000000E+00,    0.0000000000E+00,    1.0215163226E+02
    101200,      0.676937,CP11_after_MPI,   1,    0.0000000000E+00,    1.0215163226E+02,    1.0215163226E+02,    0.0000000000E+00,    0.0000000000E+00,    0.0000000000E+00,    1.0215163226E+02
    101200,      0.676937,CP12_end,   1,    0.0000000000E+00,    1.0215163226E+02,    1.0215163226E+02,    0.0000000000E+00,    0.0000000000E+00,    0.0000000000E+00,    1.0215163226E+02
    101250,      0.676937,CP0_start,   1,    0.0000000000E+00,    1.0223955322E+02,    1.0223955322E+02,    0.0000000000E+00,    0.0000000000E+00,    0.0000000000E+00,    1.0223955322E+02
    101250,      0.676937,CP1_after_deposition,   1,    0.0000000000E+00,    1.0223955322E+02,    1.0223955322E+02,    0.0000000000E+00,    0.0000000000E+00,    0.0000000000E+00,    1.0223955322E+02
    101250,      0.676937,CP2_after_erosion,   1,    0.0000000000E+00,    1.0223955322E+02,    1.0223955322E+02,    0.0000000000E+00,    0.0000000000E+00,    0.0000000000E+00,    1.0223955322E+02
    101250,      0.676937,CP3_after_update_bottom,   1,    0.0000000000E+00,    1.0223955322E+02,    1.0223955322E+02,    0.0000000000E+00,    0.0000000000E+00,    0.0000000000E+00,    1.0223955322E+02
    101250,      0.676937,CP4_after_advection,   1,    0.0000000000E+00,    1.0224458137E+02,    1.0224458137E+02,    0.0000000000E+00,    0.0000000000E+00,    0.0000000000E+00,    1.0224458137E+02
    101250,      0.676937,CP5_after_vdif,   1,    0.0000000000E+00,    1.0224458137E+02,    1.0224458137E+02,    0.0000000000E+00,    0.0000000000E+00,    0.0000000000E+00,    1.0224458137E+02
    101250,      0.676937,CP6_after_kinetics,   1,    0.0000000000E+00,    1.0224458137E+02,    1.0224458137E+02,    0.0000000000E+00,    0.0000000000E+00,    0.0000000000E+00,    1.0224458137E+02
    101250,      0.676937,CP7_after_upper_clamp,   1,    0.0000000000E+00,    1.0224458137E+02,    1.0224458137E+02,    0.0000000000E+00,    0.0000000000E+00,    0.0000000000E+00,    1.0224458137E+02
    101250,      0.676937,CP8_after_OBC,   1,    0.0000000000E+00,    1.0224458137E+02,    1.0224458137E+02,    0.0000000000E+00,    0.0000000000E+00,    0.0000000000E+00,    1.0224458137E+02
    101250,      0.676937,CP9_after_PTsource,   1,    0.0000000000E+00,    1.0224458137E+02,    1.0224458137E+02,    0.0000000000E+00,    0.0000000000E+00,    0.0000000000E+00,    1.0224458137E+02
    101250,      0.676937,CP10_after_neg_clamp,   1,    0.0000000000E+00,    1.0224458137E+02,    1.0224458137E+02,    0.0000000000E+00,    0.0000000000E+00,    0.0000000000E+00,    1.0224458137E+02
    101250,      0.676937,CP11_after_MPI,   1,    0.0000000000E+00,    1.0224458137E+02,    1.0224458137E+02,    0.0000000000E+00,    0.0000000000E+00,    0.0000000000E+00,    1.0224458137E+02
    101250,      0.676937,CP12_end,   1,    0.0000000000E+00,    1.0224458137E+02,    1.0224458137E+02,    0.0000000000E+00,    0.0000000000E+00,    0.0000000000E+00,    1.0224458137E+02
    101300,      0.676937,CP0_start,   1,    0.0000000000E+00,    1.0233122270E+02,    1.0233122270E+02,    0.0000000000E+00,    0.0000000000E+00,    0.0000000000E+00,    1.0233122270E+02
    101300,      0.676937,CP1_after_deposition,   1,    0.0000000000E+00,    1.0233122270E+02,    1.0233122270E+02,    0.0000000000E+00,    0.0000000000E+00,    0.0000000000E+00,    1.0233122270E+02
    101300,      0.676937,CP2_after_erosion,   1,    0.0000000000E+00,    1.0233122270E+02,    1.0233122270E+02,    0.0000000000E+00,    0.0000000000E+00,    0.0000000000E+00,    1.0233122270E+02
    101300,      0.676937,CP3_after_update_bottom,   1,    0.0000000000E+00,    1.0233122270E+02,    1.0233122270E+02,    0.0000000000E+00,    0.0000000000E+00,    0.0000000000E+00,    1.0233122270E+02
    101300,      0.676937,CP4_after_advection,   1,    0.0000000000E+00,    1.0233620543E+02,    1.0233620543E+02,    0.0000000000E+00,    0.0000000000E+00,    0.0000000000E+00,    1.0233620543E+02
    101300,      0.676937,CP5_after_vdif,   1,    0.0000000000E+00,    1.0233620543E+02,    1.0233620543E+02,    0.0000000000E+00,    0.0000000000E+00,    0.0000000000E+00,    1.0233620543E+02
    101300,      0.676937,CP6_after_kinetics,   1,    0.0000000000E+00,    1.0233620543E+02,    1.0233620543E+02,    0.0000000000E+00,    0.0000000000E+00,    0.0000000000E+00,    1.0233620543E+02
    101300,      0.676937,CP7_after_upper_clamp,   1,    0.0000000000E+00,    1.0233620543E+02,    1.0233620543E+02,    0.0000000000E+00,    0.0000000000E+00,    0.0000000000E+00,    1.0233620543E+02
    101300,      0.676937,CP8_after_OBC,   1,    0.0000000000E+00,    1.0233620543E+02,    1.0233620543E+02,    0.0000000000E+00,    0.0000000000E+00,    0.0000000000E+00,    1.0233620543E+02
    101300,      0.676937,CP9_after_PTsource,   1,    0.0000000000E+00,    1.0233620543E+02,    1.0233620543E+02,    0.0000000000E+00,    0.0000000000E+00,    0.0000000000E+00,    1.0233620543E+02
    101300,      0.676937,CP10_after_neg_clamp,   1,    0.0000000000E+00,    1.0233620543E+02,    1.0233620543E+02,    0.0000000000E+00,    0.0000000000E+00,    0.0000000000E+00,    1.0233620543E+02
    101300,      0.676937,CP11_after_MPI,   1,    0.0000000000E+00,    1.0233620543E+02,    1.0233620543E+02,    0.0000000000E+00,    0.0000000000E+00,    0.0000000000E+00,    1.0233620543E+02
    101300,      0.676937,CP12_end,   1,    0.0000000000E+00,    1.0233620543E+02,    1.0233620543E+02,    0.0000000000E+00,    0.0000000000E+00,    0.0000000000E+00,    1.0233620543E+02
    101350,      0.676937,CP0_start,   1,    0.0000000000E+00,    1.0242165949E+02,    1.0242165949E+02,    0.0000000000E+00,    0.0000000000E+00,    0.0000000000E+00,    1.0242165949E+02
    101350,      0.676937,CP1_after_deposition,   1,    0.0000000000E+00,    1.0242165949E+02,    1.0242165949E+02,    0.0000000000E+00,    0.0000000000E+00,    0.0000000000E+00,    1.0242165949E+02
    101350,      0.676937,CP2_after_erosion,   1,    0.0000000000E+00,    1.0242165949E+02,    1.0242165949E+02,    0.0000000000E+00,    0.0000000000E+00,    0.0000000000E+00,    1.0242165949E+02
    101350,      0.676937,CP3_after_update_bottom,   1,    0.0000000000E+00,    1.0242165949E+02,    1.0242165949E+02,    0.0000000000E+00,    0.0000000000E+00,    0.0000000000E+00,    1.0242165949E+02
    101350,      0.676937,CP4_after_advection,   1,    0.0000000000E+00,    1.0242659599E+02,    1.0242659599E+02,    0.0000000000E+00,    0.0000000000E+00,    0.0000000000E+00,    1.0242659599E+02
    101350,      0.676937,CP5_after_vdif,   1,    0.0000000000E+00,    1.0242659599E+02,    1.0242659599E+02,    0.0000000000E+00,    0.0000000000E+00,    0.0000000000E+00,    1.0242659599E+02
    101350,      0.676937,CP6_after_kinetics,   1,    0.0000000000E+00,    1.0242659599E+02,    1.0242659599E+02,    0.0000000000E+00,    0.0000000000E+00,    0.0000000000E+00,    1.0242659599E+02
    101350,      0.676937,CP7_after_upper_clamp,   1,    0.0000000000E+00,    1.0242659599E+02,    1.0242659599E+02,    0.0000000000E+00,    0.0000000000E+00,    0.0000000000E+00,    1.0242659599E+02
    101350,      0.676937,CP8_after_OBC,   1,    0.0000000000E+00,    1.0242659599E+02,    1.0242659599E+02,    0.0000000000E+00,    0.0000000000E+00,    0.0000000000E+00,    1.0242659599E+02
    101350,      0.676937,CP9_after_PTsource,   1,    0.0000000000E+00,    1.0242659599E+02,    1.0242659599E+02,    0.0000000000E+00,    0.0000000000E+00,    0.0000000000E+00,    1.0242659599E+02
    101350,      0.676937,CP10_after_neg_clamp,   1,    0.0000000000E+00,    1.0242659599E+02,    1.0242659599E+02,    0.0000000000E+00,    0.0000000000E+00,    0.0000000000E+00,    1.0242659599E+02
    101350,      0.676937,CP11_after_MPI,   1,    0.0000000000E+00,    1.0242659599E+02,    1.0242659599E+02,    0.0000000000E+00,    0.0000000000E+00,    0.0000000000E+00,    1.0242659599E+02
    101350,      0.676937,CP12_end,   1,    0.0000000000E+00,    1.0242659599E+02,    1.0242659599E+02,    0.0000000000E+00,    0.0000000000E+00,    0.0000000000E+00,    1.0242659599E+02
    101400,      0.676937,CP0_start,   1,    0.0000000000E+00,    1.0251091948E+02,    1.0251091948E+02,    0.0000000000E+00,    0.0000000000E+00,    0.0000000000E+00,    1.0251091948E+02
    101400,      0.676937,CP1_after_deposition,   1,    0.0000000000E+00,    1.0251091948E+02,    1.0251091948E+02,    0.0000000000E+00,    0.0000000000E+00,    0.0000000000E+00,    1.0251091948E+02
    101400,      0.676937,CP2_after_erosion,   1,    0.0000000000E+00,    1.0251091948E+02,    1.0251091948E+02,    0.0000000000E+00,    0.0000000000E+00,    0.0000000000E+00,    1.0251091948E+02
    101400,      0.676937,CP3_after_update_bottom,   1,    0.0000000000E+00,    1.0251091948E+02,    1.0251091948E+02,    0.0000000000E+00,    0.0000000000E+00,    0.0000000000E+00,    1.0251091948E+02
    101400,      0.676937,CP4_after_advection,   1,    0.0000000000E+00,    1.0251581416E+02,    1.0251581416E+02,    0.0000000000E+00,    0.0000000000E+00,    0.0000000000E+00,    1.0251581416E+02
    101400,      0.676937,CP5_after_vdif,   1,    0.0000000000E+00,    1.0251581416E+02,    1.0251581416E+02,    0.0000000000E+00,    0.0000000000E+00,    0.0000000000E+00,    1.0251581416E+02
    101400,      0.676937,CP6_after_kinetics,   1,    0.0000000000E+00,    1.0251581416E+02,    1.0251581416E+02,    0.0000000000E+00,    0.0000000000E+00,    0.0000000000E+00,    1.0251581416E+02
    101400,      0.676937,CP7_after_upper_clamp,   1,    0.0000000000E+00,    1.0251581416E+02,    1.0251581416E+02,    0.0000000000E+00,    0.0000000000E+00,    0.0000000000E+00,    1.0251581416E+02
    101400,      0.676937,CP8_after_OBC,   1,    0.0000000000E+00,    1.0251581416E+02,    1.0251581416E+02,    0.0000000000E+00,    0.0000000000E+00,    0.0000000000E+00,    1.0251581416E+02
    101400,      0.676937,CP9_after_PTsource,   1,    0.0000000000E+00,    1.0251581416E+02,    1.0251581416E+02,    0.0000000000E+00,    0.0000000000E+00,    0.0000000000E+00,    1.0251581416E+02
    101400,      0.676937,CP10_after_neg_clamp,   1,    0.0000000000E+00,    1.0251581416E+02,    1.0251581416E+02,    0.0000000000E+00,    0.0000000000E+00,    0.0000000000E+00,    1.0251581416E+02
    101400,      0.676937,CP11_after_MPI,   1,    0.0000000000E+00,    1.0251581416E+02,    1.0251581416E+02,    0.0000000000E+00,    0.0000000000E+00,    0.0000000000E+00,    1.0251581416E+02
    101400,      0.676937,CP12_end,   1,    0.0000000000E+00,    1.0251581416E+02,    1.0251581416E+02,    0.0000000000E+00,    0.0000000000E+00,    0.0000000000E+00,    1.0251581416E+02
    101450,      0.676937,CP0_start,   1,    0.0000000000E+00,    1.0259917261E+02,    1.0259917261E+02,    0.0000000000E+00,    0.0000000000E+00,    0.0000000000E+00,    1.0259917261E+02
    101450,      0.676937,CP1_after_deposition,   1,    0.0000000000E+00,    1.0259917261E+02,    1.0259917261E+02,    0.0000000000E+00,    0.0000000000E+00,    0.0000000000E+00,    1.0259917261E+02
    101450,      0.676937,CP2_after_erosion,   1,    0.0000000000E+00,    1.0259917261E+02,    1.0259917261E+02,    0.0000000000E+00,    0.0000000000E+00,    0.0000000000E+00,    1.0259917261E+02
    101450,      0.676937,CP3_after_update_bottom,   1,    0.0000000000E+00,    1.0259917261E+02,    1.0259917261E+02,    0.0000000000E+00,    0.0000000000E+00,    0.0000000000E+00,    1.0259917261E+02
    101450,      0.676937,CP4_after_advection,   1,    0.0000000000E+00,    1.0260402462E+02,    1.0260402462E+02,    0.0000000000E+00,    0.0000000000E+00,    0.0000000000E+00,    1.0260402462E+02
    101450,      0.676937,CP5_after_vdif,   1,    0.0000000000E+00,    1.0260402462E+02,    1.0260402462E+02,    0.0000000000E+00,    0.0000000000E+00,    0.0000000000E+00,    1.0260402462E+02
    101450,      0.676937,CP6_after_kinetics,   1,    0.0000000000E+00,    1.0260402462E+02,    1.0260402462E+02,    0.0000000000E+00,    0.0000000000E+00,    0.0000000000E+00,    1.0260402462E+02
    101450,      0.676937,CP7_after_upper_clamp,   1,    0.0000000000E+00,    1.0260402462E+02,    1.0260402462E+02,    0.0000000000E+00,    0.0000000000E+00,    0.0000000000E+00,    1.0260402462E+02
    101450,      0.676937,CP8_after_OBC,   1,    0.0000000000E+00,    1.0260402462E+02,    1.0260402462E+02,    0.0000000000E+00,    0.0000000000E+00,    0.0000000000E+00,    1.0260402462E+02
    101450,      0.676937,CP9_after_PTsource,   1,    0.0000000000E+00,    1.0260402462E+02,    1.0260402462E+02,    0.0000000000E+00,    0.0000000000E+00,    0.0000000000E+00,    1.0260402462E+02
    101450,      0.676937,CP10_after_neg_clamp,   1,    0.0000000000E+00,    1.0260402462E+02,    1.0260402462E+02,    0.0000000000E+00,    0.0000000000E+00,    0.0000000000E+00,    1.0260402462E+02
    101450,      0.676937,CP11_after_MPI,   1,    0.0000000000E+00,    1.0260402462E+02,    1.0260402462E+02,    0.0000000000E+00,    0.0000000000E+00,    0.0000000000E+00,    1.0260402462E+02
    101450,      0.676937,CP12_end,   1,    0.0000000000E+00,    1.0260402462E+02,    1.0260402462E+02,    0.0000000000E+00,    0.0000000000E+00,    0.0000000000E+00,    1.0260402462E+02
    101500,      0.676937,CP0_start,   1,    0.0000000000E+00,    1.0268664500E+02,    1.0268664500E+02,    0.0000000000E+00,    0.0000000000E+00,    0.0000000000E+00,    1.0268664500E+02
    101500,      0.676937,CP1_after_deposition,   1,    0.0000000000E+00,    1.0268664500E+02,    1.0268664500E+02,    0.0000000000E+00,    0.0000000000E+00,    0.0000000000E+00,    1.0268664500E+02
    101500,      0.676937,CP2_after_erosion,   1,    0.0000000000E+00,    1.0268664500E+02,    1.0268664500E+02,    0.0000000000E+00,    0.0000000000E+00,    0.0000000000E+00,    1.0268664500E+02
    101500,      0.676937,CP3_after_update_bottom,   1,    0.0000000000E+00,    1.0268664500E+02,    1.0268664500E+02,    0.0000000000E+00,    0.0000000000E+00,    0.0000000000E+00,    1.0268664500E+02
    101500,      0.676937,CP4_after_advection,   1,    0.0000000000E+00,    1.0269145978E+02,    1.0269145978E+02,    0.0000000000E+00,    0.0000000000E+00,    0.0000000000E+00,    1.0269145978E+02
    101500,      0.676937,CP5_after_vdif,   1,    0.0000000000E+00,    1.0269145978E+02,    1.0269145978E+02,    0.0000000000E+00,    0.0000000000E+00,    0.0000000000E+00,    1.0269145978E+02
    101500,      0.676937,CP6_after_kinetics,   1,    0.0000000000E+00,    1.0269145978E+02,    1.0269145978E+02,    0.0000000000E+00,    0.0000000000E+00,    0.0000000000E+00,    1.0269145978E+02
    101500,      0.676937,CP7_after_upper_clamp,   1,    0.0000000000E+00,    1.0269145978E+02,    1.0269145978E+02,    0.0000000000E+00,    0.0000000000E+00,    0.0000000000E+00,    1.0269145978E+02
    101500,      0.676937,CP8_after_OBC,   1,    0.0000000000E+00,    1.0269145978E+02,    1.0269145978E+02,    0.0000000000E+00,    0.0000000000E+00,    0.0000000000E+00,    1.0269145978E+02
    101500,      0.676937,CP9_after_PTsource,   1,    0.0000000000E+00,    1.0269145978E+02,    1.0269145978E+02,    0.0000000000E+00,    0.0000000000E+00,    0.0000000000E+00,    1.0269145978E+02
    101500,      0.676937,CP10_after_neg_clamp,   1,    0.0000000000E+00,    1.0269145978E+02,    1.0269145978E+02,    0.0000000000E+00,    0.0000000000E+00,    0.0000000000E+00,    1.0269145978E+02
    101500,      0.676937,CP11_after_MPI,   1,    0.0000000000E+00,    1.0269145978E+02,    1.0269145978E+02,    0.0000000000E+00,    0.0000000000E+00,    0.0000000000E+00,    1.0269145978E+02
    101500,      0.676937,CP12_end,   1,    0.0000000000E+00,    1.0269145978E+02,    1.0269145978E+02,    0.0000000000E+00,    0.0000000000E+00,    0.0000000000E+00,    1.0269145978E+02
    101550,      0.676937,CP0_start,   1,    0.0000000000E+00,    1.0277355644E+02,    1.0277355644E+02,    0.0000000000E+00,    0.0000000000E+00,    0.0000000000E+00,    1.0277355644E+02
    101550,      0.676937,CP1_after_deposition,   1,    0.0000000000E+00,    1.0277355644E+02,    1.0277355644E+02,    0.0000000000E+00,    0.0000000000E+00,    0.0000000000E+00,    1.0277355644E+02
    101550,      0.676937,CP2_after_erosion,   1,    0.0000000000E+00,    1.0277355644E+02,    1.0277355644E+02,    0.0000000000E+00,    0.0000000000E+00,    0.0000000000E+00,    1.0277355644E+02
    101550,      0.676937,CP3_after_update_bottom,   1,    0.0000000000E+00,    1.0277355644E+02,    1.0277355644E+02,    0.0000000000E+00,    0.0000000000E+00,    0.0000000000E+00,    1.0277355644E+02
    101550,      0.676937,CP4_after_advection,   1,    0.0000000000E+00,    1.0277834216E+02,    1.0277834216E+02,    0.0000000000E+00,    0.0000000000E+00,    0.0000000000E+00,    1.0277834216E+02
    101550,      0.676937,CP5_after_vdif,   1,    0.0000000000E+00,    1.0277834216E+02,    1.0277834216E+02,    0.0000000000E+00,    0.0000000000E+00,    0.0000000000E+00,    1.0277834216E+02
    101550,      0.676937,CP6_after_kinetics,   1,    0.0000000000E+00,    1.0277834216E+02,    1.0277834216E+02,    0.0000000000E+00,    0.0000000000E+00,    0.0000000000E+00,    1.0277834216E+02
    101550,      0.676937,CP7_after_upper_clamp,   1,    0.0000000000E+00,    1.0277834216E+02,    1.0277834216E+02,    0.0000000000E+00,    0.0000000000E+00,    0.0000000000E+00,    1.0277834216E+02
    101550,      0.676937,CP8_after_OBC,   1,    0.0000000000E+00,    1.0277834216E+02,    1.0277834216E+02,    0.0000000000E+00,    0.0000000000E+00,    0.0000000000E+00,    1.0277834216E+02
    101550,      0.676937,CP9_after_PTsource,   1,    0.0000000000E+00,    1.0277834216E+02,    1.0277834216E+02,    0.0000000000E+00,    0.0000000000E+00,    0.0000000000E+00,    1.0277834216E+02
    101550,      0.676937,CP10_after_neg_clamp,   1,    0.0000000000E+00,    1.0277834216E+02,    1.0277834216E+02,    0.0000000000E+00,    0.0000000000E+00,    0.0000000000E+00,    1.0277834216E+02
    101550,      0.676937,CP11_after_MPI,   1,    0.0000000000E+00,    1.0277834216E+02,    1.0277834216E+02,    0.0000000000E+00,    0.0000000000E+00,    0.0000000000E+00,    1.0277834216E+02
    101550,      0.676937,CP12_end,   1,    0.0000000000E+00,    1.0277834216E+02,    1.0277834216E+02,    0.0000000000E+00,    0.0000000000E+00,    0.0000000000E+00,    1.0277834216E+02
    101600,      0.676937,CP0_start,   1,    0.0000000000E+00,    1.0286015996E+02,    1.0286015996E+02,    0.0000000000E+00,    0.0000000000E+00,    0.0000000000E+00,    1.0286015996E+02
    101600,      0.676937,CP1_after_deposition,   1,    0.0000000000E+00,    1.0286015996E+02,    1.0286015996E+02,    0.0000000000E+00,    0.0000000000E+00,    0.0000000000E+00,    1.0286015996E+02
    101600,      0.676937,CP2_after_erosion,   1,    0.0000000000E+00,    1.0286015996E+02,    1.0286015996E+02,    0.0000000000E+00,    0.0000000000E+00,    0.0000000000E+00,    1.0286015996E+02
    101600,      0.676937,CP3_after_update_bottom,   1,    0.0000000000E+00,    1.0286015996E+02,    1.0286015996E+02,    0.0000000000E+00,    0.0000000000E+00,    0.0000000000E+00,    1.0286015996E+02
    101600,      0.676937,CP4_after_advection,   1,    0.0000000000E+00,    1.0286492004E+02,    1.0286492004E+02,    0.0000000000E+00,    0.0000000000E+00,    0.0000000000E+00,    1.0286492004E+02
    101600,      0.676937,CP5_after_vdif,   1,    0.0000000000E+00,    1.0286492004E+02,    1.0286492004E+02,    0.0000000000E+00,    0.0000000000E+00,    0.0000000000E+00,    1.0286492004E+02
    101600,      0.676937,CP6_after_kinetics,   1,    0.0000000000E+00,    1.0286492004E+02,    1.0286492004E+02,    0.0000000000E+00,    0.0000000000E+00,    0.0000000000E+00,    1.0286492004E+02
    101600,      0.676937,CP7_after_upper_clamp,   1,    0.0000000000E+00,    1.0286492004E+02,    1.0286492004E+02,    0.0000000000E+00,    0.0000000000E+00,    0.0000000000E+00,    1.0286492004E+02
    101600,      0.676937,CP8_after_OBC,   1,    0.0000000000E+00,    1.0286492004E+02,    1.0286492004E+02,    0.0000000000E+00,    0.0000000000E+00,    0.0000000000E+00,    1.0286492004E+02
    101600,      0.676937,CP9_after_PTsource,   1,    0.0000000000E+00,    1.0286492004E+02,    1.0286492004E+02,    0.0000000000E+00,    0.0000000000E+00,    0.0000000000E+00,    1.0286492004E+02
    101600,      0.676937,CP10_after_neg_clamp,   1,    0.0000000000E+00,    1.0286492004E+02,    1.0286492004E+02,    0.0000000000E+00,    0.0000000000E+00,    0.0000000000E+00,    1.0286492004E+02
    101600,      0.676937,CP11_after_MPI,   1,    0.0000000000E+00,    1.0286492004E+02,    1.0286492004E+02,    0.0000000000E+00,    0.0000000000E+00,    0.0000000000E+00,    1.0286492004E+02
    101600,      0.676937,CP12_end,   1,    0.0000000000E+00,    1.0286492004E+02,    1.0286492004E+02,    0.0000000000E+00,    0.0000000000E+00,    0.0000000000E+00,    1.0286492004E+02
    101650,      0.676937,CP0_start,   1,    0.0000000000E+00,    1.0294674091E+02,    1.0294674091E+02,    0.0000000000E+00,    0.0000000000E+00,    0.0000000000E+00,    1.0294674091E+02
    101650,      0.676937,CP1_after_deposition,   1,    0.0000000000E+00,    1.0294674091E+02,    1.0294674091E+02,    0.0000000000E+00,    0.0000000000E+00,    0.0000000000E+00,    1.0294674091E+02
    101650,      0.676937,CP2_after_erosion,   1,    0.0000000000E+00,    1.0294674091E+02,    1.0294674091E+02,    0.0000000000E+00,    0.0000000000E+00,    0.0000000000E+00,    1.0294674091E+02
    101650,      0.676937,CP3_after_update_bottom,   1,    0.0000000000E+00,    1.0294674091E+02,    1.0294674091E+02,    0.0000000000E+00,    0.0000000000E+00,    0.0000000000E+00,    1.0294674091E+02
    101650,      0.676937,CP4_after_advection,   1,    0.0000000000E+00,    1.0295148156E+02,    1.0295148156E+02,    0.0000000000E+00,    0.0000000000E+00,    0.0000000000E+00,    1.0295148156E+02
    101650,      0.676937,CP5_after_vdif,   1,    0.0000000000E+00,    1.0295148156E+02,    1.0295148156E+02,    0.0000000000E+00,    0.0000000000E+00,    0.0000000000E+00,    1.0295148156E+02
    101650,      0.676937,CP6_after_kinetics,   1,    0.0000000000E+00,    1.0295148156E+02,    1.0295148156E+02,    0.0000000000E+00,    0.0000000000E+00,    0.0000000000E+00,    1.0295148156E+02
    101650,      0.676937,CP7_after_upper_clamp,   1,    0.0000000000E+00,    1.0295148156E+02,    1.0295148156E+02,    0.0000000000E+00,    0.0000000000E+00,    0.0000000000E+00,    1.0295148156E+02
    101650,      0.676937,CP8_after_OBC,   1,    0.0000000000E+00,    1.0295148156E+02,    1.0295148156E+02,    0.0000000000E+00,    0.0000000000E+00,    0.0000000000E+00,    1.0295148156E+02
    101650,      0.676937,CP9_after_PTsource,   1,    0.0000000000E+00,    1.0295148156E+02,    1.0295148156E+02,    0.0000000000E+00,    0.0000000000E+00,    0.0000000000E+00,    1.0295148156E+02
    101650,      0.676937,CP10_after_neg_clamp,   1,    0.0000000000E+00,    1.0295148156E+02,    1.0295148156E+02,    0.0000000000E+00,    0.0000000000E+00,    0.0000000000E+00,    1.0295148156E+02
    101650,      0.676937,CP11_after_MPI,   1,    0.0000000000E+00,    1.0295148156E+02,    1.0295148156E+02,    0.0000000000E+00,    0.0000000000E+00,    0.0000000000E+00,    1.0295148156E+02
    101650,      0.676937,CP12_end,   1,    0.0000000000E+00,    1.0295148156E+02,    1.0295148156E+02,    0.0000000000E+00,    0.0000000000E+00,    0.0000000000E+00,    1.0295148156E+02
    101700,      0.676937,CP0_start,   1,    0.0000000000E+00,    1.0303351958E+02,    1.0303351958E+02,    0.0000000000E+00,    0.0000000000E+00,    0.0000000000E+00,    1.0303351958E+02
    101700,      0.676937,CP1_after_deposition,   1,    0.0000000000E+00,    1.0303351958E+02,    1.0303351958E+02,    0.0000000000E+00,    0.0000000000E+00,    0.0000000000E+00,    1.0303351958E+02
    101700,      0.676937,CP2_after_erosion,   1,    0.0000000000E+00,    1.0303351958E+02,    1.0303351958E+02,    0.0000000000E+00,    0.0000000000E+00,    0.0000000000E+00,    1.0303351958E+02
    101700,      0.676937,CP3_after_update_bottom,   1,    0.0000000000E+00,    1.0303351958E+02,    1.0303351958E+02,    0.0000000000E+00,    0.0000000000E+00,    0.0000000000E+00,    1.0303351958E+02
    101700,      0.676937,CP4_after_advection,   1,    0.0000000000E+00,    1.0303824445E+02,    1.0303824445E+02,    0.0000000000E+00,    0.0000000000E+00,    0.0000000000E+00,    1.0303824445E+02
    101700,      0.676937,CP5_after_vdif,   1,    0.0000000000E+00,    1.0303824445E+02,    1.0303824445E+02,    0.0000000000E+00,    0.0000000000E+00,    0.0000000000E+00,    1.0303824445E+02
    101700,      0.676937,CP6_after_kinetics,   1,    0.0000000000E+00,    1.0303824445E+02,    1.0303824445E+02,    0.0000000000E+00,    0.0000000000E+00,    0.0000000000E+00,    1.0303824445E+02
    101700,      0.676937,CP7_after_upper_clamp,   1,    0.0000000000E+00,    1.0303824445E+02,    1.0303824445E+02,    0.0000000000E+00,    0.0000000000E+00,    0.0000000000E+00,    1.0303824445E+02
    101700,      0.676937,CP8_after_OBC,   1,    0.0000000000E+00,    1.0303824445E+02,    1.0303824445E+02,    0.0000000000E+00,    0.0000000000E+00,    0.0000000000E+00,    1.0303824445E+02
    101700,      0.676937,CP9_after_PTsource,   1,    0.0000000000E+00,    1.0303824445E+02,    1.0303824445E+02,    0.0000000000E+00,    0.0000000000E+00,    0.0000000000E+00,    1.0303824445E+02
    101700,      0.676937,CP10_after_neg_clamp,   1,    0.0000000000E+00,    1.0303824445E+02,    1.0303824445E+02,    0.0000000000E+00,    0.0000000000E+00,    0.0000000000E+00,    1.0303824445E+02
    101700,      0.676937,CP11_after_MPI,   1,    0.0000000000E+00,    1.0303824445E+02,    1.0303824445E+02,    0.0000000000E+00,    0.0000000000E+00,    0.0000000000E+00,    1.0303824445E+02
    101700,      0.676937,CP12_end,   1,    0.0000000000E+00,    1.0303824445E+02,    1.0303824445E+02,    0.0000000000E+00,    0.0000000000E+00,    0.0000000000E+00,    1.0303824445E+02
    101750,      0.676937,CP0_start,   1,    0.0000000000E+00,    1.0312026465E+02,    1.0312026465E+02,    0.0000000000E+00,    0.0000000000E+00,    0.0000000000E+00,    1.0312026465E+02
    101750,      0.676937,CP1_after_deposition,   1,    0.0000000000E+00,    1.0312026465E+02,    1.0312026465E+02,    0.0000000000E+00,    0.0000000000E+00,    0.0000000000E+00,    1.0312026465E+02
    101750,      0.676937,CP2_after_erosion,   1,    0.0000000000E+00,    1.0312026465E+02,    1.0312026465E+02,    0.0000000000E+00,    0.0000000000E+00,    0.0000000000E+00,    1.0312026465E+02
    101750,      0.676937,CP3_after_update_bottom,   1,    0.0000000000E+00,    1.0312026465E+02,    1.0312026465E+02,    0.0000000000E+00,    0.0000000000E+00,    0.0000000000E+00,    1.0312026465E+02
    101750,      0.676937,CP4_after_advection,   1,    0.0000000000E+00,    1.0312497796E+02,    1.0312497796E+02,    0.0000000000E+00,    0.0000000000E+00,    0.0000000000E+00,    1.0312497796E+02
    101750,      0.676937,CP5_after_vdif,   1,    0.0000000000E+00,    1.0312497796E+02,    1.0312497796E+02,    0.0000000000E+00,    0.0000000000E+00,    0.0000000000E+00,    1.0312497796E+02
    101750,      0.676937,CP6_after_kinetics,   1,    0.0000000000E+00,    1.0312497796E+02,    1.0312497796E+02,    0.0000000000E+00,    0.0000000000E+00,    0.0000000000E+00,    1.0312497796E+02
    101750,      0.676937,CP7_after_upper_clamp,   1,    0.0000000000E+00,    1.0312497796E+02,    1.0312497796E+02,    0.0000000000E+00,    0.0000000000E+00,    0.0000000000E+00,    1.0312497796E+02
    101750,      0.676937,CP8_after_OBC,   1,    0.0000000000E+00,    1.0312497796E+02,    1.0312497796E+02,    0.0000000000E+00,    0.0000000000E+00,    0.0000000000E+00,    1.0312497796E+02
    101750,      0.676937,CP9_after_PTsource,   1,    0.0000000000E+00,    1.0312497796E+02,    1.0312497796E+02,    0.0000000000E+00,    0.0000000000E+00,    0.0000000000E+00,    1.0312497796E+02
    101750,      0.676937,CP10_after_neg_clamp,   1,    0.0000000000E+00,    1.0312497796E+02,    1.0312497796E+02,    0.0000000000E+00,    0.0000000000E+00,    0.0000000000E+00,    1.0312497796E+02
    101750,      0.676937,CP11_after_MPI,   1,    0.0000000000E+00,    1.0312497796E+02,    1.0312497796E+02,    0.0000000000E+00,    0.0000000000E+00,    0.0000000000E+00,    1.0312497796E+02
    101750,      0.676937,CP12_end,   1,    0.0000000000E+00,    1.0312497796E+02,    1.0312497796E+02,    0.0000000000E+00,    0.0000000000E+00,    0.0000000000E+00,    1.0312497796E+02
    101800,      0.676937,CP0_start,   1,    0.0000000000E+00,    1.0320764504E+02,    1.0320764504E+02,    0.0000000000E+00,    0.0000000000E+00,    0.0000000000E+00,    1.0320764504E+02
    101800,      0.676937,CP1_after_deposition,   1,    0.0000000000E+00,    1.0320764504E+02,    1.0320764504E+02,    0.0000000000E+00,    0.0000000000E+00,    0.0000000000E+00,    1.0320764504E+02
    101800,      0.676937,CP2_after_erosion,   1,    0.0000000000E+00,    1.0320764504E+02,    1.0320764504E+02,    0.0000000000E+00,    0.0000000000E+00,    0.0000000000E+00,    1.0320764504E+02
    101800,      0.676937,CP3_after_update_bottom,   1,    0.0000000000E+00,    1.0320764504E+02,    1.0320764504E+02,    0.0000000000E+00,    0.0000000000E+00,    0.0000000000E+00,    1.0320764504E+02
    101800,      0.676937,CP4_after_advection,   1,    0.0000000000E+00,    1.0321235051E+02,    1.0321235051E+02,    0.0000000000E+00,    0.0000000000E+00,    0.0000000000E+00,    1.0321235051E+02
    101800,      0.676937,CP5_after_vdif,   1,    0.0000000000E+00,    1.0321235051E+02,    1.0321235051E+02,    0.0000000000E+00,    0.0000000000E+00,    0.0000000000E+00,    1.0321235051E+02
    101800,      0.676937,CP6_after_kinetics,   1,    0.0000000000E+00,    1.0321235051E+02,    1.0321235051E+02,    0.0000000000E+00,    0.0000000000E+00,    0.0000000000E+00,    1.0321235051E+02
    101800,      0.676937,CP7_after_upper_clamp,   1,    0.0000000000E+00,    1.0321235051E+02,    1.0321235051E+02,    0.0000000000E+00,    0.0000000000E+00,    0.0000000000E+00,    1.0321235051E+02
    101800,      0.676937,CP8_after_OBC,   1,    0.0000000000E+00,    1.0321235051E+02,    1.0321235051E+02,    0.0000000000E+00,    0.0000000000E+00,    0.0000000000E+00,    1.0321235051E+02
    101800,      0.676937,CP9_after_PTsource,   1,    0.0000000000E+00,    1.0321235051E+02,    1.0321235051E+02,    0.0000000000E+00,    0.0000000000E+00,    0.0000000000E+00,    1.0321235051E+02
    101800,      0.676937,CP10_after_neg_clamp,   1,    0.0000000000E+00,    1.0321235051E+02,    1.0321235051E+02,    0.0000000000E+00,    0.0000000000E+00,    0.0000000000E+00,    1.0321235051E+02
    101800,      0.676937,CP11_after_MPI,   1,    0.0000000000E+00,    1.0321235051E+02,    1.0321235051E+02,    0.0000000000E+00,    0.0000000000E+00,    0.0000000000E+00,    1.0321235051E+02
    101800,      0.676937,CP12_end,   1,    0.0000000000E+00,    1.0321235051E+02,    1.0321235051E+02,    0.0000000000E+00,    0.0000000000E+00,    0.0000000000E+00,    1.0321235051E+02
    101850,      0.676937,CP0_start,   1,    0.0000000000E+00,    1.0329581444E+02,    1.0329581444E+02,    0.0000000000E+00,    0.0000000000E+00,    0.0000000000E+00,    1.0329581444E+02
    101850,      0.676937,CP1_after_deposition,   1,    0.0000000000E+00,    1.0329581444E+02,    1.0329581444E+02,    0.0000000000E+00,    0.0000000000E+00,    0.0000000000E+00,    1.0329581444E+02
    101850,      0.676937,CP2_after_erosion,   1,    0.0000000000E+00,    1.0329581444E+02,    1.0329581444E+02,    0.0000000000E+00,    0.0000000000E+00,    0.0000000000E+00,    1.0329581444E+02
    101850,      0.676937,CP3_after_update_bottom,   1,    0.0000000000E+00,    1.0329581444E+02,    1.0329581444E+02,    0.0000000000E+00,    0.0000000000E+00,    0.0000000000E+00,    1.0329581444E+02
    101850,      0.676937,CP4_after_advection,   1,    0.0000000000E+00,    1.0330051661E+02,    1.0330051661E+02,    0.0000000000E+00,    0.0000000000E+00,    0.0000000000E+00,    1.0330051661E+02
    101850,      0.676937,CP5_after_vdif,   1,    0.0000000000E+00,    1.0330051661E+02,    1.0330051661E+02,    0.0000000000E+00,    0.0000000000E+00,    0.0000000000E+00,    1.0330051661E+02
    101850,      0.676937,CP6_after_kinetics,   1,    0.0000000000E+00,    1.0330051661E+02,    1.0330051661E+02,    0.0000000000E+00,    0.0000000000E+00,    0.0000000000E+00,    1.0330051661E+02
    101850,      0.676937,CP7_after_upper_clamp,   1,    0.0000000000E+00,    1.0330051661E+02,    1.0330051661E+02,    0.0000000000E+00,    0.0000000000E+00,    0.0000000000E+00,    1.0330051661E+02
    101850,      0.676937,CP8_after_OBC,   1,    0.0000000000E+00,    1.0330051661E+02,    1.0330051661E+02,    0.0000000000E+00,    0.0000000000E+00,    0.0000000000E+00,    1.0330051661E+02
    101850,      0.676937,CP9_after_PTsource,   1,    0.0000000000E+00,    1.0330051661E+02,    1.0330051661E+02,    0.0000000000E+00,    0.0000000000E+00,    0.0000000000E+00,    1.0330051661E+02
    101850,      0.676937,CP10_after_neg_clamp,   1,    0.0000000000E+00,    1.0330051661E+02,    1.0330051661E+02,    0.0000000000E+00,    0.0000000000E+00,    0.0000000000E+00,    1.0330051661E+02
    101850,      0.676937,CP11_after_MPI,   1,    0.0000000000E+00,    1.0330051661E+02,    1.0330051661E+02,    0.0000000000E+00,    0.0000000000E+00,    0.0000000000E+00,    1.0330051661E+02
    101850,      0.676937,CP12_end,   1,    0.0000000000E+00,    1.0330051661E+02,    1.0330051661E+02,    0.0000000000E+00,    0.0000000000E+00,    0.0000000000E+00,    1.0330051661E+02
    101900,      0.676937,CP0_start,   1,    0.0000000000E+00,    1.0338488215E+02,    1.0338488215E+02,    0.0000000000E+00,    0.0000000000E+00,    0.0000000000E+00,    1.0338488215E+02
    101900,      0.676937,CP1_after_deposition,   1,    0.0000000000E+00,    1.0338488215E+02,    1.0338488215E+02,    0.0000000000E+00,    0.0000000000E+00,    0.0000000000E+00,    1.0338488215E+02
    101900,      0.676937,CP2_after_erosion,   1,    0.0000000000E+00,    1.0338488215E+02,    1.0338488215E+02,    0.0000000000E+00,    0.0000000000E+00,    0.0000000000E+00,    1.0338488215E+02
    101900,      0.676937,CP3_after_update_bottom,   1,    0.0000000000E+00,    1.0338488215E+02,    1.0338488215E+02,    0.0000000000E+00,    0.0000000000E+00,    0.0000000000E+00,    1.0338488215E+02
    101900,      0.676937,CP4_after_advection,   1,    0.0000000000E+00,    1.0338958229E+02,    1.0338958229E+02,    0.0000000000E+00,    0.0000000000E+00,    0.0000000000E+00,    1.0338958229E+02
    101900,      0.676937,CP5_after_vdif,   1,    0.0000000000E+00,    1.0338958229E+02,    1.0338958229E+02,    0.0000000000E+00,    0.0000000000E+00,    0.0000000000E+00,    1.0338958229E+02
    101900,      0.676937,CP6_after_kinetics,   1,    0.0000000000E+00,    1.0338958229E+02,    1.0338958229E+02,    0.0000000000E+00,    0.0000000000E+00,    0.0000000000E+00,    1.0338958229E+02
    101900,      0.676937,CP7_after_upper_clamp,   1,    0.0000000000E+00,    1.0338958229E+02,    1.0338958229E+02,    0.0000000000E+00,    0.0000000000E+00,    0.0000000000E+00,    1.0338958229E+02
    101900,      0.676937,CP8_after_OBC,   1,    0.0000000000E+00,    1.0338958229E+02,    1.0338958229E+02,    0.0000000000E+00,    0.0000000000E+00,    0.0000000000E+00,    1.0338958229E+02
    101900,      0.676937,CP9_after_PTsource,   1,    0.0000000000E+00,    1.0338958229E+02,    1.0338958229E+02,    0.0000000000E+00,    0.0000000000E+00,    0.0000000000E+00,    1.0338958229E+02
    101900,      0.676937,CP10_after_neg_clamp,   1,    0.0000000000E+00,    1.0338958229E+02,    1.0338958229E+02,    0.0000000000E+00,    0.0000000000E+00,    0.0000000000E+00,    1.0338958229E+02
    101900,      0.676937,CP11_after_MPI,   1,    0.0000000000E+00,    1.0338958229E+02,    1.0338958229E+02,    0.0000000000E+00,    0.0000000000E+00,    0.0000000000E+00,    1.0338958229E+02
    101900,      0.676937,CP12_end,   1,    0.0000000000E+00,    1.0338958229E+02,    1.0338958229E+02,    0.0000000000E+00,    0.0000000000E+00,    0.0000000000E+00,    1.0338958229E+02
    101950,      0.676937,CP0_start,   1,    0.0000000000E+00,    1.0347492424E+02,    1.0347492424E+02,    0.0000000000E+00,    0.0000000000E+00,    0.0000000000E+00,    1.0347492424E+02
    101950,      0.676937,CP1_after_deposition,   1,    0.0000000000E+00,    1.0347492424E+02,    1.0347492424E+02,    0.0000000000E+00,    0.0000000000E+00,    0.0000000000E+00,    1.0347492424E+02
    101950,      0.676937,CP2_after_erosion,   1,    0.0000000000E+00,    1.0347492424E+02,    1.0347492424E+02,    0.0000000000E+00,    0.0000000000E+00,    0.0000000000E+00,    1.0347492424E+02
    101950,      0.676937,CP3_after_update_bottom,   1,    0.0000000000E+00,    1.0347492424E+02,    1.0347492424E+02,    0.0000000000E+00,    0.0000000000E+00,    0.0000000000E+00,    1.0347492424E+02
    101950,      0.676937,CP4_after_advection,   1,    0.0000000000E+00,    1.0347962135E+02,    1.0347962135E+02,    0.0000000000E+00,    0.0000000000E+00,    0.0000000000E+00,    1.0347962135E+02
    101950,      0.676937,CP5_after_vdif,   1,    0.0000000000E+00,    1.0347962135E+02,    1.0347962135E+02,    0.0000000000E+00,    0.0000000000E+00,    0.0000000000E+00,    1.0347962135E+02
    101950,      0.676937,CP6_after_kinetics,   1,    0.0000000000E+00,    1.0347962135E+02,    1.0347962135E+02,    0.0000000000E+00,    0.0000000000E+00,    0.0000000000E+00,    1.0347962135E+02
    101950,      0.676937,CP7_after_upper_clamp,   1,    0.0000000000E+00,    1.0347962135E+02,    1.0347962135E+02,    0.0000000000E+00,    0.0000000000E+00,    0.0000000000E+00,    1.0347962135E+02
    101950,      0.676937,CP8_after_OBC,   1,    0.0000000000E+00,    1.0347962135E+02,    1.0347962135E+02,    0.0000000000E+00,    0.0000000000E+00,    0.0000000000E+00,    1.0347962135E+02
    101950,      0.676937,CP9_after_PTsource,   1,    0.0000000000E+00,    1.0347962135E+02,    1.0347962135E+02,    0.0000000000E+00,    0.0000000000E+00,    0.0000000000E+00,    1.0347962135E+02
    101950,      0.676937,CP10_after_neg_clamp,   1,    0.0000000000E+00,    1.0347962135E+02,    1.0347962135E+02,    0.0000000000E+00,    0.0000000000E+00,    0.0000000000E+00,    1.0347962135E+02
    101950,      0.676937,CP11_after_MPI,   1,    0.0000000000E+00,    1.0347962135E+02,    1.0347962135E+02,    0.0000000000E+00,    0.0000000000E+00,    0.0000000000E+00,    1.0347962135E+02
    101950,      0.676937,CP12_end,   1,    0.0000000000E+00,    1.0347962135E+02,    1.0347962135E+02,    0.0000000000E+00,    0.0000000000E+00,    0.0000000000E+00,    1.0347962135E+02
    102000,      0.676937,CP0_start,   1,    0.0000000000E+00,    1.0356587453E+02,    1.0356587453E+02,    0.0000000000E+00,    0.0000000000E+00,    0.0000000000E+00,    1.0356587453E+02
    102000,      0.676937,CP1_after_deposition,   1,    0.0000000000E+00,    1.0356587453E+02,    1.0356587453E+02,    0.0000000000E+00,    0.0000000000E+00,    0.0000000000E+00,    1.0356587453E+02
    102000,      0.676937,CP2_after_erosion,   1,    0.0000000000E+00,    1.0356587453E+02,    1.0356587453E+02,    0.0000000000E+00,    0.0000000000E+00,    0.0000000000E+00,    1.0356587453E+02
    102000,      0.676937,CP3_after_update_bottom,   1,    0.0000000000E+00,    1.0356587453E+02,    1.0356587453E+02,    0.0000000000E+00,    0.0000000000E+00,    0.0000000000E+00,    1.0356587453E+02
    102000,      0.676937,CP4_after_advection,   1,    0.0000000000E+00,    1.0357057068E+02,    1.0357057068E+02,    0.0000000000E+00,    0.0000000000E+00,    0.0000000000E+00,    1.0357057068E+02
    102000,      0.676937,CP5_after_vdif,   1,    0.0000000000E+00,    1.0357057068E+02,    1.0357057068E+02,    0.0000000000E+00,    0.0000000000E+00,    0.0000000000E+00,    1.0357057068E+02
    102000,      0.676937,CP6_after_kinetics,   1,    0.0000000000E+00,    1.0357057068E+02,    1.0357057068E+02,    0.0000000000E+00,    0.0000000000E+00,    0.0000000000E+00,    1.0357057068E+02
    102000,      0.676937,CP7_after_upper_clamp,   1,    0.0000000000E+00,    1.0357057068E+02,    1.0357057068E+02,    0.0000000000E+00,    0.0000000000E+00,    0.0000000000E+00,    1.0357057068E+02
    102000,      0.676937,CP8_after_OBC,   1,    0.0000000000E+00,    1.0357057068E+02,    1.0357057068E+02,    0.0000000000E+00,    0.0000000000E+00,    0.0000000000E+00,    1.0357057068E+02
    102000,      0.676937,CP9_after_PTsource,   1,    0.0000000000E+00,    1.0357057068E+02,    1.0357057068E+02,    0.0000000000E+00,    0.0000000000E+00,    0.0000000000E+00,    1.0357057068E+02
    102000,      0.676937,CP10_after_neg_clamp,   1,    0.0000000000E+00,    1.0357057068E+02,    1.0357057068E+02,    0.0000000000E+00,    0.0000000000E+00,    0.0000000000E+00,    1.0357057068E+02
    102000,      0.676937,CP11_after_MPI,   1,    0.0000000000E+00,    1.0357057068E+02,    1.0357057068E+02,    0.0000000000E+00,    0.0000000000E+00,    0.0000000000E+00,    1.0357057068E+02
    102000,      0.676937,CP12_end,   1,    0.0000000000E+00,    1.0357057068E+02,    1.0357057068E+02,    0.0000000000E+00,    0.0000000000E+00,    0.0000000000E+00,    1.0357057068E+02
    102050,      0.676937,CP0_start,   1,    0.0000000000E+00,    1.0365776320E+02,    1.0365776320E+02,    0.0000000000E+00,    0.0000000000E+00,    0.0000000000E+00,    1.0365776320E+02
    102050,      0.676937,CP1_after_deposition,   1,    0.0000000000E+00,    1.0365776320E+02,    1.0365776320E+02,    0.0000000000E+00,    0.0000000000E+00,    0.0000000000E+00,    1.0365776320E+02
    102050,      0.676937,CP2_after_erosion,   1,    0.0000000000E+00,    1.0365776320E+02,    1.0365776320E+02,    0.0000000000E+00,    0.0000000000E+00,    0.0000000000E+00,    1.0365776320E+02
    102050,      0.676937,CP3_after_update_bottom,   1,    0.0000000000E+00,    1.0365776320E+02,    1.0365776320E+02,    0.0000000000E+00,    0.0000000000E+00,    0.0000000000E+00,    1.0365776320E+02
    102050,      0.676937,CP4_after_advection,   1,    0.0000000000E+00,    1.0366245832E+02,    1.0366245832E+02,    0.0000000000E+00,    0.0000000000E+00,    0.0000000000E+00,    1.0366245832E+02
    102050,      0.676937,CP5_after_vdif,   1,    0.0000000000E+00,    1.0366245832E+02,    1.0366245832E+02,    0.0000000000E+00,    0.0000000000E+00,    0.0000000000E+00,    1.0366245832E+02
    102050,      0.676937,CP6_after_kinetics,   1,    0.0000000000E+00,    1.0366245832E+02,    1.0366245832E+02,    0.0000000000E+00,    0.0000000000E+00,    0.0000000000E+00,    1.0366245832E+02
    102050,      0.676937,CP7_after_upper_clamp,   1,    0.0000000000E+00,    1.0366245832E+02,    1.0366245832E+02,    0.0000000000E+00,    0.0000000000E+00,    0.0000000000E+00,    1.0366245832E+02
    102050,      0.676937,CP8_after_OBC,   1,    0.0000000000E+00,    1.0366245832E+02,    1.0366245832E+02,    0.0000000000E+00,    0.0000000000E+00,    0.0000000000E+00,    1.0366245832E+02
    102050,      0.676937,CP9_after_PTsource,   1,    0.0000000000E+00,    1.0366245832E+02,    1.0366245832E+02,    0.0000000000E+00,    0.0000000000E+00,    0.0000000000E+00,    1.0366245832E+02
    102050,      0.676937,CP10_after_neg_clamp,   1,    0.0000000000E+00,    1.0366245832E+02,    1.0366245832E+02,    0.0000000000E+00,    0.0000000000E+00,    0.0000000000E+00,    1.0366245832E+02
    102050,      0.676937,CP11_after_MPI,   1,    0.0000000000E+00,    1.0366245832E+02,    1.0366245832E+02,    0.0000000000E+00,    0.0000000000E+00,    0.0000000000E+00,    1.0366245832E+02
    102050,      0.676937,CP12_end,   1,    0.0000000000E+00,    1.0366245832E+02,    1.0366245832E+02,    0.0000000000E+00,    0.0000000000E+00,    0.0000000000E+00,    1.0366245832E+02
    102100,      0.676937,CP0_start,   1,    0.0000000000E+00,    1.0375046326E+02,    1.0375046326E+02,    0.0000000000E+00,    0.0000000000E+00,    0.0000000000E+00,    1.0375046326E+02
    102100,      0.676937,CP1_after_deposition,   1,    0.0000000000E+00,    1.0375046326E+02,    1.0375046326E+02,    0.0000000000E+00,    0.0000000000E+00,    0.0000000000E+00,    1.0375046326E+02
    102100,      0.676937,CP2_after_erosion,   1,    0.0000000000E+00,    1.0375046326E+02,    1.0375046326E+02,    0.0000000000E+00,    0.0000000000E+00,    0.0000000000E+00,    1.0375046326E+02
    102100,      0.676937,CP3_after_update_bottom,   1,    0.0000000000E+00,    1.0375046326E+02,    1.0375046326E+02,    0.0000000000E+00,    0.0000000000E+00,    0.0000000000E+00,    1.0375046326E+02
    102100,      0.676937,CP4_after_advection,   1,    0.0000000000E+00,    1.0375515275E+02,    1.0375515275E+02,    0.0000000000E+00,    0.0000000000E+00,    0.0000000000E+00,    1.0375515275E+02
    102100,      0.676937,CP5_after_vdif,   1,    0.0000000000E+00,    1.0375515275E+02,    1.0375515275E+02,    0.0000000000E+00,    0.0000000000E+00,    0.0000000000E+00,    1.0375515275E+02
    102100,      0.676937,CP6_after_kinetics,   1,    0.0000000000E+00,    1.0375515275E+02,    1.0375515275E+02,    0.0000000000E+00,    0.0000000000E+00,    0.0000000000E+00,    1.0375515275E+02
    102100,      0.676937,CP7_after_upper_clamp,   1,    0.0000000000E+00,    1.0375515275E+02,    1.0375515275E+02,    0.0000000000E+00,    0.0000000000E+00,    0.0000000000E+00,    1.0375515275E+02
    102100,      0.676937,CP8_after_OBC,   1,    0.0000000000E+00,    1.0375515275E+02,    1.0375515275E+02,    0.0000000000E+00,    0.0000000000E+00,    0.0000000000E+00,    1.0375515275E+02
    102100,      0.676937,CP9_after_PTsource,   1,    0.0000000000E+00,    1.0375515275E+02,    1.0375515275E+02,    0.0000000000E+00,    0.0000000000E+00,    0.0000000000E+00,    1.0375515275E+02
    102100,      0.676937,CP10_after_neg_clamp,   1,    0.0000000000E+00,    1.0375515275E+02,    1.0375515275E+02,    0.0000000000E+00,    0.0000000000E+00,    0.0000000000E+00,    1.0375515275E+02
    102100,      0.676937,CP11_after_MPI,   1,    0.0000000000E+00,    1.0375515275E+02,    1.0375515275E+02,    0.0000000000E+00,    0.0000000000E+00,    0.0000000000E+00,    1.0375515275E+02
    102100,      0.676937,CP12_end,   1,    0.0000000000E+00,    1.0375515275E+02,    1.0375515275E+02,    0.0000000000E+00,    0.0000000000E+00,    0.0000000000E+00,    1.0375515275E+02
    102150,      0.676937,CP0_start,   1,    0.0000000000E+00,    1.0384384538E+02,    1.0384384538E+02,    0.0000000000E+00,    0.0000000000E+00,    0.0000000000E+00,    1.0384384538E+02
    102150,      0.676937,CP1_after_deposition,   1,    0.0000000000E+00,    1.0384384538E+02,    1.0384384538E+02,    0.0000000000E+00,    0.0000000000E+00,    0.0000000000E+00,    1.0384384538E+02
    102150,      0.676937,CP2_after_erosion,   1,    0.0000000000E+00,    1.0384384538E+02,    1.0384384538E+02,    0.0000000000E+00,    0.0000000000E+00,    0.0000000000E+00,    1.0384384538E+02
    102150,      0.676937,CP3_after_update_bottom,   1,    0.0000000000E+00,    1.0384384538E+02,    1.0384384538E+02,    0.0000000000E+00,    0.0000000000E+00,    0.0000000000E+00,    1.0384384538E+02
    102150,      0.676937,CP4_after_advection,   1,    0.0000000000E+00,    1.0384852902E+02,    1.0384852902E+02,    0.0000000000E+00,    0.0000000000E+00,    0.0000000000E+00,    1.0384852902E+02
    102150,      0.676937,CP5_after_vdif,   1,    0.0000000000E+00,    1.0384852902E+02,    1.0384852902E+02,    0.0000000000E+00,    0.0000000000E+00,    0.0000000000E+00,    1.0384852902E+02
    102150,      0.676937,CP6_after_kinetics,   1,    0.0000000000E+00,    1.0384852902E+02,    1.0384852902E+02,    0.0000000000E+00,    0.0000000000E+00,    0.0000000000E+00,    1.0384852902E+02
    102150,      0.676937,CP7_after_upper_clamp,   1,    0.0000000000E+00,    1.0384852902E+02,    1.0384852902E+02,    0.0000000000E+00,    0.0000000000E+00,    0.0000000000E+00,    1.0384852902E+02
    102150,      0.676937,CP8_after_OBC,   1,    0.0000000000E+00,    1.0384852902E+02,    1.0384852902E+02,    0.0000000000E+00,    0.0000000000E+00,    0.0000000000E+00,    1.0384852902E+02
    102150,      0.676937,CP9_after_PTsource,   1,    0.0000000000E+00,    1.0384852902E+02,    1.0384852902E+02,    0.0000000000E+00,    0.0000000000E+00,    0.0000000000E+00,    1.0384852902E+02
    102150,      0.676937,CP10_after_neg_clamp,   1,    0.0000000000E+00,    1.0384852902E+02,    1.0384852902E+02,    0.0000000000E+00,    0.0000000000E+00,    0.0000000000E+00,    1.0384852902E+02
    102150,      0.676937,CP11_after_MPI,   1,    0.0000000000E+00,    1.0384852902E+02,    1.0384852902E+02,    0.0000000000E+00,    0.0000000000E+00,    0.0000000000E+00,    1.0384852902E+02
    102150,      0.676937,CP12_end,   1,    0.0000000000E+00,    1.0384852902E+02,    1.0384852902E+02,    0.0000000000E+00,    0.0000000000E+00,    0.0000000000E+00,    1.0384852902E+02
    102200,      0.676937,CP0_start,   1,    0.0000000000E+00,    1.0393784888E+02,    1.0393784888E+02,    0.0000000000E+00,    0.0000000000E+00,    0.0000000000E+00,    1.0393784888E+02
    102200,      0.676937,CP1_after_deposition,   1,    0.0000000000E+00,    1.0393784888E+02,    1.0393784888E+02,    0.0000000000E+00,    0.0000000000E+00,    0.0000000000E+00,    1.0393784888E+02
    102200,      0.676937,CP2_after_erosion,   1,    0.0000000000E+00,    1.0393784888E+02,    1.0393784888E+02,    0.0000000000E+00,    0.0000000000E+00,    0.0000000000E+00,    1.0393784888E+02
    102200,      0.676937,CP3_after_update_bottom,   1,    0.0000000000E+00,    1.0393784888E+02,    1.0393784888E+02,    0.0000000000E+00,    0.0000000000E+00,    0.0000000000E+00,    1.0393784888E+02
    102200,      0.676937,CP4_after_advection,   1,    0.0000000000E+00,    1.0394252352E+02,    1.0394252352E+02,    0.0000000000E+00,    0.0000000000E+00,    0.0000000000E+00,    1.0394252352E+02
    102200,      0.676937,CP5_after_vdif,   1,    0.0000000000E+00,    1.0394252352E+02,    1.0394252352E+02,    0.0000000000E+00,    0.0000000000E+00,    0.0000000000E+00,    1.0394252352E+02
    102200,      0.676937,CP6_after_kinetics,   1,    0.0000000000E+00,    1.0394252352E+02,    1.0394252352E+02,    0.0000000000E+00,    0.0000000000E+00,    0.0000000000E+00,    1.0394252352E+02
    102200,      0.676937,CP7_after_upper_clamp,   1,    0.0000000000E+00,    1.0394252352E+02,    1.0394252352E+02,    0.0000000000E+00,    0.0000000000E+00,    0.0000000000E+00,    1.0394252352E+02
    102200,      0.676937,CP8_after_OBC,   1,    0.0000000000E+00,    1.0394252352E+02,    1.0394252352E+02,    0.0000000000E+00,    0.0000000000E+00,    0.0000000000E+00,    1.0394252352E+02
    102200,      0.676937,CP9_after_PTsource,   1,    0.0000000000E+00,    1.0394252352E+02,    1.0394252352E+02,    0.0000000000E+00,    0.0000000000E+00,    0.0000000000E+00,    1.0394252352E+02
    102200,      0.676937,CP10_after_neg_clamp,   1,    0.0000000000E+00,    1.0394252352E+02,    1.0394252352E+02,    0.0000000000E+00,    0.0000000000E+00,    0.0000000000E+00,    1.0394252352E+02
    102200,      0.676937,CP11_after_MPI,   1,    0.0000000000E+00,    1.0394252352E+02,    1.0394252352E+02,    0.0000000000E+00,    0.0000000000E+00,    0.0000000000E+00,    1.0394252352E+02
    102200,      0.676937,CP12_end,   1,    0.0000000000E+00,    1.0394252352E+02,    1.0394252352E+02,    0.0000000000E+00,    0.0000000000E+00,    0.0000000000E+00,    1.0394252352E+02
    102250,      0.676937,CP0_start,   1,    0.0000000000E+00,    1.0403232745E+02,    1.0403232745E+02,    0.0000000000E+00,    0.0000000000E+00,    0.0000000000E+00,    1.0403232745E+02
    102250,      0.676937,CP1_after_deposition,   1,    0.0000000000E+00,    1.0403232745E+02,    1.0403232745E+02,    0.0000000000E+00,    0.0000000000E+00,    0.0000000000E+00,    1.0403232745E+02
    102250,      0.676937,CP2_after_erosion,   1,    0.0000000000E+00,    1.0403232745E+02,    1.0403232745E+02,    0.0000000000E+00,    0.0000000000E+00,    0.0000000000E+00,    1.0403232745E+02
    102250,      0.676937,CP3_after_update_bottom,   1,    0.0000000000E+00,    1.0403232745E+02,    1.0403232745E+02,    0.0000000000E+00,    0.0000000000E+00,    0.0000000000E+00,    1.0403232745E+02
    102250,      0.676937,CP4_after_advection,   1,    0.0000000000E+00,    1.0403699285E+02,    1.0403699285E+02,    0.0000000000E+00,    0.0000000000E+00,    0.0000000000E+00,    1.0403699285E+02
    102250,      0.676937,CP5_after_vdif,   1,    0.0000000000E+00,    1.0403699285E+02,    1.0403699285E+02,    0.0000000000E+00,    0.0000000000E+00,    0.0000000000E+00,    1.0403699285E+02
    102250,      0.676937,CP6_after_kinetics,   1,    0.0000000000E+00,    1.0403699285E+02,    1.0403699285E+02,    0.0000000000E+00,    0.0000000000E+00,    0.0000000000E+00,    1.0403699285E+02
    102250,      0.676937,CP7_after_upper_clamp,   1,    0.0000000000E+00,    1.0403699285E+02,    1.0403699285E+02,    0.0000000000E+00,    0.0000000000E+00,    0.0000000000E+00,    1.0403699285E+02
    102250,      0.676937,CP8_after_OBC,   1,    0.0000000000E+00,    1.0403699285E+02,    1.0403699285E+02,    0.0000000000E+00,    0.0000000000E+00,    0.0000000000E+00,    1.0403699285E+02
    102250,      0.676937,CP9_after_PTsource,   1,    0.0000000000E+00,    1.0403699285E+02,    1.0403699285E+02,    0.0000000000E+00,    0.0000000000E+00,    0.0000000000E+00,    1.0403699285E+02
    102250,      0.676937,CP10_after_neg_clamp,   1,    0.0000000000E+00,    1.0403699285E+02,    1.0403699285E+02,    0.0000000000E+00,    0.0000000000E+00,    0.0000000000E+00,    1.0403699285E+02
    102250,      0.676937,CP11_after_MPI,   1,    0.0000000000E+00,    1.0403699285E+02,    1.0403699285E+02,    0.0000000000E+00,    0.0000000000E+00,    0.0000000000E+00,    1.0403699285E+02
    102250,      0.676937,CP12_end,   1,    0.0000000000E+00,    1.0403699285E+02,    1.0403699285E+02,    0.0000000000E+00,    0.0000000000E+00,    0.0000000000E+00,    1.0403699285E+02
    102300,      0.676937,CP0_start,   1,    0.0000000000E+00,    1.0412717741E+02,    1.0412717741E+02,    0.0000000000E+00,    0.0000000000E+00,    0.0000000000E+00,    1.0412717741E+02
    102300,      0.676937,CP1_after_deposition,   1,    0.0000000000E+00,    1.0412717741E+02,    1.0412717741E+02,    0.0000000000E+00,    0.0000000000E+00,    0.0000000000E+00,    1.0412717741E+02
    102300,      0.676937,CP2_after_erosion,   1,    0.0000000000E+00,    1.0412717741E+02,    1.0412717741E+02,    0.0000000000E+00,    0.0000000000E+00,    0.0000000000E+00,    1.0412717741E+02
    102300,      0.676937,CP3_after_update_bottom,   1,    0.0000000000E+00,    1.0412717741E+02,    1.0412717741E+02,    0.0000000000E+00,    0.0000000000E+00,    0.0000000000E+00,    1.0412717741E+02
    102300,      0.676937,CP4_after_advection,   1,    0.0000000000E+00,    1.0413183306E+02,    1.0413183306E+02,    0.0000000000E+00,    0.0000000000E+00,    0.0000000000E+00,    1.0413183306E+02
    102300,      0.676937,CP5_after_vdif,   1,    0.0000000000E+00,    1.0413183306E+02,    1.0413183306E+02,    0.0000000000E+00,    0.0000000000E+00,    0.0000000000E+00,    1.0413183306E+02
    102300,      0.676937,CP6_after_kinetics,   1,    0.0000000000E+00,    1.0413183306E+02,    1.0413183306E+02,    0.0000000000E+00,    0.0000000000E+00,    0.0000000000E+00,    1.0413183306E+02
    102300,      0.676937,CP7_after_upper_clamp,   1,    0.0000000000E+00,    1.0413183306E+02,    1.0413183306E+02,    0.0000000000E+00,    0.0000000000E+00,    0.0000000000E+00,    1.0413183306E+02
    102300,      0.676937,CP8_after_OBC,   1,    0.0000000000E+00,    1.0413183306E+02,    1.0413183306E+02,    0.0000000000E+00,    0.0000000000E+00,    0.0000000000E+00,    1.0413183306E+02
    102300,      0.676937,CP9_after_PTsource,   1,    0.0000000000E+00,    1.0413183306E+02,    1.0413183306E+02,    0.0000000000E+00,    0.0000000000E+00,    0.0000000000E+00,    1.0413183306E+02
    102300,      0.676937,CP10_after_neg_clamp,   1,    0.0000000000E+00,    1.0413183306E+02,    1.0413183306E+02,    0.0000000000E+00,    0.0000000000E+00,    0.0000000000E+00,    1.0413183306E+02
    102300,      0.676937,CP11_after_MPI,   1,    0.0000000000E+00,    1.0413183306E+02,    1.0413183306E+02,    0.0000000000E+00,    0.0000000000E+00,    0.0000000000E+00,    1.0413183306E+02
    102300,      0.676937,CP12_end,   1,    0.0000000000E+00,    1.0413183306E+02,    1.0413183306E+02,    0.0000000000E+00,    0.0000000000E+00,    0.0000000000E+00,    1.0413183306E+02
    102350,      0.676937,CP0_start,   1,    0.0000000000E+00,    1.0422226834E+02,    1.0422226834E+02,    0.0000000000E+00,    0.0000000000E+00,    0.0000000000E+00,    1.0422226834E+02
    102350,      0.676937,CP1_after_deposition,   1,    0.0000000000E+00,    1.0422226834E+02,    1.0422226834E+02,    0.0000000000E+00,    0.0000000000E+00,    0.0000000000E+00,    1.0422226834E+02
    102350,      0.676937,CP2_after_erosion,   1,    0.0000000000E+00,    1.0422226834E+02,    1.0422226834E+02,    0.0000000000E+00,    0.0000000000E+00,    0.0000000000E+00,    1.0422226834E+02
    102350,      0.676937,CP3_after_update_bottom,   1,    0.0000000000E+00,    1.0422226834E+02,    1.0422226834E+02,    0.0000000000E+00,    0.0000000000E+00,    0.0000000000E+00,    1.0422226834E+02
    102350,      0.676937,CP4_after_advection,   1,    0.0000000000E+00,    1.0422690313E+02,    1.0422690313E+02,    0.0000000000E+00,    0.0000000000E+00,    0.0000000000E+00,    1.0422690313E+02
    102350,      0.676937,CP5_after_vdif,   1,    0.0000000000E+00,    1.0422690313E+02,    1.0422690313E+02,    0.0000000000E+00,    0.0000000000E+00,    0.0000000000E+00,    1.0422690313E+02
    102350,      0.676937,CP6_after_kinetics,   1,    0.0000000000E+00,    1.0422690313E+02,    1.0422690313E+02,    0.0000000000E+00,    0.0000000000E+00,    0.0000000000E+00,    1.0422690313E+02
    102350,      0.676937,CP7_after_upper_clamp,   1,    0.0000000000E+00,    1.0422690313E+02,    1.0422690313E+02,    0.0000000000E+00,    0.0000000000E+00,    0.0000000000E+00,    1.0422690313E+02
    102350,      0.676937,CP8_after_OBC,   1,    0.0000000000E+00,    1.0422690313E+02,    1.0422690313E+02,    0.0000000000E+00,    0.0000000000E+00,    0.0000000000E+00,    1.0422690313E+02
    102350,      0.676937,CP9_after_PTsource,   1,    0.0000000000E+00,    1.0422690313E+02,    1.0422690313E+02,    0.0000000000E+00,    0.0000000000E+00,    0.0000000000E+00,    1.0422690313E+02
    102350,      0.676937,CP10_after_neg_clamp,   1,    0.0000000000E+00,    1.0422690313E+02,    1.0422690313E+02,    0.0000000000E+00,    0.0000000000E+00,    0.0000000000E+00,    1.0422690313E+02
    102350,      0.676937,CP11_after_MPI,   1,    0.0000000000E+00,    1.0422690313E+02,    1.0422690313E+02,    0.0000000000E+00,    0.0000000000E+00,    0.0000000000E+00,    1.0422690313E+02
    102350,      0.676937,CP12_end,   1,    0.0000000000E+00,    1.0422690313E+02,    1.0422690313E+02,    0.0000000000E+00,    0.0000000000E+00,    0.0000000000E+00,    1.0422690313E+02
    102400,      0.676937,CP0_start,   1,    0.0000000000E+00,    1.0431747228E+02,    1.0431747228E+02,    0.0000000000E+00,    0.0000000000E+00,    0.0000000000E+00,    1.0431747228E+02
    102400,      0.676937,CP1_after_deposition,   1,    0.0000000000E+00,    1.0431747228E+02,    1.0431747228E+02,    0.0000000000E+00,    0.0000000000E+00,    0.0000000000E+00,    1.0431747228E+02
    102400,      0.676937,CP2_after_erosion,   1,    0.0000000000E+00,    1.0431747228E+02,    1.0431747228E+02,    0.0000000000E+00,    0.0000000000E+00,    0.0000000000E+00,    1.0431747228E+02
    102400,      0.676937,CP3_after_update_bottom,   1,    0.0000000000E+00,    1.0431747228E+02,    1.0431747228E+02,    0.0000000000E+00,    0.0000000000E+00,    0.0000000000E+00,    1.0431747228E+02
    102400,      0.676937,CP4_after_advection,   1,    0.0000000000E+00,    1.0432209553E+02,    1.0432209553E+02,    0.0000000000E+00,    0.0000000000E+00,    0.0000000000E+00,    1.0432209553E+02
    102400,      0.676937,CP5_after_vdif,   1,    0.0000000000E+00,    1.0432209553E+02,    1.0432209553E+02,    0.0000000000E+00,    0.0000000000E+00,    0.0000000000E+00,    1.0432209553E+02
    102400,      0.676937,CP6_after_kinetics,   1,    0.0000000000E+00,    1.0432209553E+02,    1.0432209553E+02,    0.0000000000E+00,    0.0000000000E+00,    0.0000000000E+00,    1.0432209553E+02
    102400,      0.676937,CP7_after_upper_clamp,   1,    0.0000000000E+00,    1.0432209553E+02,    1.0432209553E+02,    0.0000000000E+00,    0.0000000000E+00,    0.0000000000E+00,    1.0432209553E+02
    102400,      0.676937,CP8_after_OBC,   1,    0.0000000000E+00,    1.0432209553E+02,    1.0432209553E+02,    0.0000000000E+00,    0.0000000000E+00,    0.0000000000E+00,    1.0432209553E+02
    102400,      0.676937,CP9_after_PTsource,   1,    0.0000000000E+00,    1.0432209553E+02,    1.0432209553E+02,    0.0000000000E+00,    0.0000000000E+00,    0.0000000000E+00,    1.0432209553E+02
    102400,      0.676937,CP10_after_neg_clamp,   1,    0.0000000000E+00,    1.0432209553E+02,    1.0432209553E+02,    0.0000000000E+00,    0.0000000000E+00,    0.0000000000E+00,    1.0432209553E+02
    102400,      0.676937,CP11_after_MPI,   1,    0.0000000000E+00,    1.0432209553E+02,    1.0432209553E+02,    0.0000000000E+00,    0.0000000000E+00,    0.0000000000E+00,    1.0432209553E+02
    102400,      0.676937,CP12_end,   1,    0.0000000000E+00,    1.0432209553E+02,    1.0432209553E+02,    0.0000000000E+00,    0.0000000000E+00,    0.0000000000E+00,    1.0432209553E+02
    102450,      0.676937,CP0_start,   1,    0.0000000000E+00,    1.0441270731E+02,    1.0441270731E+02,    0.0000000000E+00,    0.0000000000E+00,    0.0000000000E+00,    1.0441270731E+02
    102450,      0.676937,CP1_after_deposition,   1,    0.0000000000E+00,    1.0441270731E+02,    1.0441270731E+02,    0.0000000000E+00,    0.0000000000E+00,    0.0000000000E+00,    1.0441270731E+02
    102450,      0.676937,CP2_after_erosion,   1,    0.0000000000E+00,    1.0441270731E+02,    1.0441270731E+02,    0.0000000000E+00,    0.0000000000E+00,    0.0000000000E+00,    1.0441270731E+02
    102450,      0.676937,CP3_after_update_bottom,   1,    0.0000000000E+00,    1.0441270731E+02,    1.0441270731E+02,    0.0000000000E+00,    0.0000000000E+00,    0.0000000000E+00,    1.0441270731E+02
    102450,      0.676937,CP4_after_advection,   1,    0.0000000000E+00,    1.0441730927E+02,    1.0441730927E+02,    0.0000000000E+00,    0.0000000000E+00,    0.0000000000E+00,    1.0441730927E+02
    102450,      0.676937,CP5_after_vdif,   1,    0.0000000000E+00,    1.0441730927E+02,    1.0441730927E+02,    0.0000000000E+00,    0.0000000000E+00,    0.0000000000E+00,    1.0441730927E+02
    102450,      0.676937,CP6_after_kinetics,   1,    0.0000000000E+00,    1.0441730927E+02,    1.0441730927E+02,    0.0000000000E+00,    0.0000000000E+00,    0.0000000000E+00,    1.0441730927E+02
    102450,      0.676937,CP7_after_upper_clamp,   1,    0.0000000000E+00,    1.0441730927E+02,    1.0441730927E+02,    0.0000000000E+00,    0.0000000000E+00,    0.0000000000E+00,    1.0441730927E+02
    102450,      0.676937,CP8_after_OBC,   1,    0.0000000000E+00,    1.0441730927E+02,    1.0441730927E+02,    0.0000000000E+00,    0.0000000000E+00,    0.0000000000E+00,    1.0441730927E+02
    102450,      0.676937,CP9_after_PTsource,   1,    0.0000000000E+00,    1.0441730927E+02,    1.0441730927E+02,    0.0000000000E+00,    0.0000000000E+00,    0.0000000000E+00,    1.0441730927E+02
    102450,      0.676937,CP10_after_neg_clamp,   1,    0.0000000000E+00,    1.0441730927E+02,    1.0441730927E+02,    0.0000000000E+00,    0.0000000000E+00,    0.0000000000E+00,    1.0441730927E+02
    102450,      0.676937,CP11_after_MPI,   1,    0.0000000000E+00,    1.0441730927E+02,    1.0441730927E+02,    0.0000000000E+00,    0.0000000000E+00,    0.0000000000E+00,    1.0441730927E+02
    102450,      0.676937,CP12_end,   1,    0.0000000000E+00,    1.0441730927E+02,    1.0441730927E+02,    0.0000000000E+00,    0.0000000000E+00,    0.0000000000E+00,    1.0441730927E+02
    102500,      0.676937,CP0_start,   1,    0.0000000000E+00,    1.0450788919E+02,    1.0450788919E+02,    0.0000000000E+00,    0.0000000000E+00,    0.0000000000E+00,    1.0450788919E+02
    102500,      0.676937,CP1_after_deposition,   1,    0.0000000000E+00,    1.0450788919E+02,    1.0450788919E+02,    0.0000000000E+00,    0.0000000000E+00,    0.0000000000E+00,    1.0450788919E+02
    102500,      0.676937,CP2_after_erosion,   1,    0.0000000000E+00,    1.0450788919E+02,    1.0450788919E+02,    0.0000000000E+00,    0.0000000000E+00,    0.0000000000E+00,    1.0450788919E+02
    102500,      0.676937,CP3_after_update_bottom,   1,    0.0000000000E+00,    1.0450788919E+02,    1.0450788919E+02,    0.0000000000E+00,    0.0000000000E+00,    0.0000000000E+00,    1.0450788919E+02
    102500,      0.676937,CP4_after_advection,   1,    0.0000000000E+00,    1.0451247101E+02,    1.0451247101E+02,    0.0000000000E+00,    0.0000000000E+00,    0.0000000000E+00,    1.0451247101E+02
    102500,      0.676937,CP5_after_vdif,   1,    0.0000000000E+00,    1.0451247101E+02,    1.0451247101E+02,    0.0000000000E+00,    0.0000000000E+00,    0.0000000000E+00,    1.0451247101E+02
    102500,      0.676937,CP6_after_kinetics,   1,    0.0000000000E+00,    1.0451247101E+02,    1.0451247101E+02,    0.0000000000E+00,    0.0000000000E+00,    0.0000000000E+00,    1.0451247101E+02
    102500,      0.676937,CP7_after_upper_clamp,   1,    0.0000000000E+00,    1.0451247101E+02,    1.0451247101E+02,    0.0000000000E+00,    0.0000000000E+00,    0.0000000000E+00,    1.0451247101E+02
    102500,      0.676937,CP8_after_OBC,   1,    0.0000000000E+00,    1.0451247101E+02,    1.0451247101E+02,    0.0000000000E+00,    0.0000000000E+00,    0.0000000000E+00,    1.0451247101E+02
    102500,      0.676937,CP9_after_PTsource,   1,    0.0000000000E+00,    1.0451247101E+02,    1.0451247101E+02,    0.0000000000E+00,    0.0000000000E+00,    0.0000000000E+00,    1.0451247101E+02
    102500,      0.676937,CP10_after_neg_clamp,   1,    0.0000000000E+00,    1.0451247101E+02,    1.0451247101E+02,    0.0000000000E+00,    0.0000000000E+00,    0.0000000000E+00,    1.0451247101E+02
    102500,      0.676937,CP11_after_MPI,   1,    0.0000000000E+00,    1.0451247101E+02,    1.0451247101E+02,    0.0000000000E+00,    0.0000000000E+00,    0.0000000000E+00,    1.0451247101E+02
    102500,      0.676937,CP12_end,   1,    0.0000000000E+00,    1.0451247101E+02,    1.0451247101E+02,    0.0000000000E+00,    0.0000000000E+00,    0.0000000000E+00,    1.0451247101E+02
    102550,      0.676937,CP0_start,   1,    0.0000000000E+00,    1.0460289039E+02,    1.0460289039E+02,    0.0000000000E+00,    0.0000000000E+00,    0.0000000000E+00,    1.0460289039E+02
    102550,      0.676937,CP1_after_deposition,   1,    0.0000000000E+00,    1.0460289039E+02,    1.0460289039E+02,    0.0000000000E+00,    0.0000000000E+00,    0.0000000000E+00,    1.0460289039E+02
    102550,      0.676937,CP2_after_erosion,   1,    0.0000000000E+00,    1.0460289039E+02,    1.0460289039E+02,    0.0000000000E+00,    0.0000000000E+00,    0.0000000000E+00,    1.0460289039E+02
    102550,      0.676937,CP3_after_update_bottom,   1,    0.0000000000E+00,    1.0460289039E+02,    1.0460289039E+02,    0.0000000000E+00,    0.0000000000E+00,    0.0000000000E+00,    1.0460289039E+02
    102550,      0.676937,CP4_after_advection,   1,    0.0000000000E+00,    1.0460745347E+02,    1.0460745347E+02,    0.0000000000E+00,    0.0000000000E+00,    0.0000000000E+00,    1.0460745347E+02
    102550,      0.676937,CP5_after_vdif,   1,    0.0000000000E+00,    1.0460745347E+02,    1.0460745347E+02,    0.0000000000E+00,    0.0000000000E+00,    0.0000000000E+00,    1.0460745347E+02
    102550,      0.676937,CP6_after_kinetics,   1,    0.0000000000E+00,    1.0460745347E+02,    1.0460745347E+02,    0.0000000000E+00,    0.0000000000E+00,    0.0000000000E+00,    1.0460745347E+02
    102550,      0.676937,CP7_after_upper_clamp,   1,    0.0000000000E+00,    1.0460745347E+02,    1.0460745347E+02,    0.0000000000E+00,    0.0000000000E+00,    0.0000000000E+00,    1.0460745347E+02
    102550,      0.676937,CP8_after_OBC,   1,    0.0000000000E+00,    1.0460745347E+02,    1.0460745347E+02,    0.0000000000E+00,    0.0000000000E+00,    0.0000000000E+00,    1.0460745347E+02
    102550,      0.676937,CP9_after_PTsource,   1,    0.0000000000E+00,    1.0460745347E+02,    1.0460745347E+02,    0.0000000000E+00,    0.0000000000E+00,    0.0000000000E+00,    1.0460745347E+02
    102550,      0.676937,CP10_after_neg_clamp,   1,    0.0000000000E+00,    1.0460745347E+02,    1.0460745347E+02,    0.0000000000E+00,    0.0000000000E+00,    0.0000000000E+00,    1.0460745347E+02
    102550,      0.676937,CP11_after_MPI,   1,    0.0000000000E+00,    1.0460745347E+02,    1.0460745347E+02,    0.0000000000E+00,    0.0000000000E+00,    0.0000000000E+00,    1.0460745347E+02
    102550,      0.676937,CP12_end,   1,    0.0000000000E+00,    1.0460745347E+02,    1.0460745347E+02,    0.0000000000E+00,    0.0000000000E+00,    0.0000000000E+00,    1.0460745347E+02
    102600,      0.676937,CP0_start,   1,    0.0000000000E+00,    1.0469770012E+02,    1.0469770012E+02,    0.0000000000E+00,    0.0000000000E+00,    0.0000000000E+00,    1.0469770012E+02
    102600,      0.676937,CP1_after_deposition,   1,    0.0000000000E+00,    1.0469770012E+02,    1.0469770012E+02,    0.0000000000E+00,    0.0000000000E+00,    0.0000000000E+00,    1.0469770012E+02
    102600,      0.676937,CP2_after_erosion,   1,    0.0000000000E+00,    1.0469770012E+02,    1.0469770012E+02,    0.0000000000E+00,    0.0000000000E+00,    0.0000000000E+00,    1.0469770012E+02
    102600,      0.676937,CP3_after_update_bottom,   1,    0.0000000000E+00,    1.0469770012E+02,    1.0469770012E+02,    0.0000000000E+00,    0.0000000000E+00,    0.0000000000E+00,    1.0469770012E+02
    102600,      0.676937,CP4_after_advection,   1,    0.0000000000E+00,    1.0470223791E+02,    1.0470223791E+02,    0.0000000000E+00,    0.0000000000E+00,    0.0000000000E+00,    1.0470223791E+02
    102600,      0.676937,CP5_after_vdif,   1,    0.0000000000E+00,    1.0470223791E+02,    1.0470223791E+02,    0.0000000000E+00,    0.0000000000E+00,    0.0000000000E+00,    1.0470223791E+02
    102600,      0.676937,CP6_after_kinetics,   1,    0.0000000000E+00,    1.0470223791E+02,    1.0470223791E+02,    0.0000000000E+00,    0.0000000000E+00,    0.0000000000E+00,    1.0470223791E+02
    102600,      0.676937,CP7_after_upper_clamp,   1,    0.0000000000E+00,    1.0470223791E+02,    1.0470223791E+02,    0.0000000000E+00,    0.0000000000E+00,    0.0000000000E+00,    1.0470223791E+02
    102600,      0.676937,CP8_after_OBC,   1,    0.0000000000E+00,    1.0470223791E+02,    1.0470223791E+02,    0.0000000000E+00,    0.0000000000E+00,    0.0000000000E+00,    1.0470223791E+02
    102600,      0.676937,CP9_after_PTsource,   1,    0.0000000000E+00,    1.0470223791E+02,    1.0470223791E+02,    0.0000000000E+00,    0.0000000000E+00,    0.0000000000E+00,    1.0470223791E+02
    102600,      0.676937,CP10_after_neg_clamp,   1,    0.0000000000E+00,    1.0470223791E+02,    1.0470223791E+02,    0.0000000000E+00,    0.0000000000E+00,    0.0000000000E+00,    1.0470223791E+02
    102600,      0.676937,CP11_after_MPI,   1,    0.0000000000E+00,    1.0470223791E+02,    1.0470223791E+02,    0.0000000000E+00,    0.0000000000E+00,    0.0000000000E+00,    1.0470223791E+02
    102600,      0.676937,CP12_end,   1,    0.0000000000E+00,    1.0470223791E+02,    1.0470223791E+02,    0.0000000000E+00,    0.0000000000E+00,    0.0000000000E+00,    1.0470223791E+02
    102650,      0.676937,CP0_start,   1,    0.0000000000E+00,    1.0479225668E+02,    1.0479225668E+02,    0.0000000000E+00,    0.0000000000E+00,    0.0000000000E+00,    1.0479225668E+02
    102650,      0.676937,CP1_after_deposition,   1,    0.0000000000E+00,    1.0479225668E+02,    1.0479225668E+02,    0.0000000000E+00,    0.0000000000E+00,    0.0000000000E+00,    1.0479225668E+02
    102650,      0.676937,CP2_after_erosion,   1,    0.0000000000E+00,    1.0479225668E+02,    1.0479225668E+02,    0.0000000000E+00,    0.0000000000E+00,    0.0000000000E+00,    1.0479225668E+02
    102650,      0.676937,CP3_after_update_bottom,   1,    0.0000000000E+00,    1.0479225668E+02,    1.0479225668E+02,    0.0000000000E+00,    0.0000000000E+00,    0.0000000000E+00,    1.0479225668E+02
    102650,      0.676937,CP4_after_advection,   1,    0.0000000000E+00,    1.0479676960E+02,    1.0479676960E+02,    0.0000000000E+00,    0.0000000000E+00,    0.0000000000E+00,    1.0479676960E+02
    102650,      0.676937,CP5_after_vdif,   1,    0.0000000000E+00,    1.0479676960E+02,    1.0479676960E+02,    0.0000000000E+00,    0.0000000000E+00,    0.0000000000E+00,    1.0479676960E+02
    102650,      0.676937,CP6_after_kinetics,   1,    0.0000000000E+00,    1.0479676960E+02,    1.0479676960E+02,    0.0000000000E+00,    0.0000000000E+00,    0.0000000000E+00,    1.0479676960E+02
    102650,      0.676937,CP7_after_upper_clamp,   1,    0.0000000000E+00,    1.0479676960E+02,    1.0479676960E+02,    0.0000000000E+00,    0.0000000000E+00,    0.0000000000E+00,    1.0479676960E+02
    102650,      0.676937,CP8_after_OBC,   1,    0.0000000000E+00,    1.0479676960E+02,    1.0479676960E+02,    0.0000000000E+00,    0.0000000000E+00,    0.0000000000E+00,    1.0479676960E+02
    102650,      0.676937,CP9_after_PTsource,   1,    0.0000000000E+00,    1.0479676960E+02,    1.0479676960E+02,    0.0000000000E+00,    0.0000000000E+00,    0.0000000000E+00,    1.0479676960E+02
    102650,      0.676937,CP10_after_neg_clamp,   1,    0.0000000000E+00,    1.0479676960E+02,    1.0479676960E+02,    0.0000000000E+00,    0.0000000000E+00,    0.0000000000E+00,    1.0479676960E+02
    102650,      0.676937,CP11_after_MPI,   1,    0.0000000000E+00,    1.0479676960E+02,    1.0479676960E+02,    0.0000000000E+00,    0.0000000000E+00,    0.0000000000E+00,    1.0479676960E+02
    102650,      0.676937,CP12_end,   1,    0.0000000000E+00,    1.0479676960E+02,    1.0479676960E+02,    0.0000000000E+00,    0.0000000000E+00,    0.0000000000E+00,    1.0479676960E+02
    102700,      0.676937,CP0_start,   1,    0.0000000000E+00,    1.0488652833E+02,    1.0488652833E+02,    0.0000000000E+00,    0.0000000000E+00,    0.0000000000E+00,    1.0488652833E+02
    102700,      0.676937,CP1_after_deposition,   1,    0.0000000000E+00,    1.0488652833E+02,    1.0488652833E+02,    0.0000000000E+00,    0.0000000000E+00,    0.0000000000E+00,    1.0488652833E+02
    102700,      0.676937,CP2_after_erosion,   1,    0.0000000000E+00,    1.0488652833E+02,    1.0488652833E+02,    0.0000000000E+00,    0.0000000000E+00,    0.0000000000E+00,    1.0488652833E+02
    102700,      0.676937,CP3_after_update_bottom,   1,    0.0000000000E+00,    1.0488652833E+02,    1.0488652833E+02,    0.0000000000E+00,    0.0000000000E+00,    0.0000000000E+00,    1.0488652833E+02
    102700,      0.676937,CP4_after_advection,   1,    0.0000000000E+00,    1.0489101769E+02,    1.0489101769E+02,    0.0000000000E+00,    0.0000000000E+00,    0.0000000000E+00,    1.0489101769E+02
    102700,      0.676937,CP5_after_vdif,   1,    0.0000000000E+00,    1.0489101769E+02,    1.0489101769E+02,    0.0000000000E+00,    0.0000000000E+00,    0.0000000000E+00,    1.0489101769E+02
    102700,      0.676937,CP6_after_kinetics,   1,    0.0000000000E+00,    1.0489101769E+02,    1.0489101769E+02,    0.0000000000E+00,    0.0000000000E+00,    0.0000000000E+00,    1.0489101769E+02
    102700,      0.676937,CP7_after_upper_clamp,   1,    0.0000000000E+00,    1.0489101769E+02,    1.0489101769E+02,    0.0000000000E+00,    0.0000000000E+00,    0.0000000000E+00,    1.0489101769E+02
    102700,      0.676937,CP8_after_OBC,   1,    0.0000000000E+00,    1.0489101769E+02,    1.0489101769E+02,    0.0000000000E+00,    0.0000000000E+00,    0.0000000000E+00,    1.0489101769E+02
    102700,      0.676937,CP9_after_PTsource,   1,    0.0000000000E+00,    1.0489101769E+02,    1.0489101769E+02,    0.0000000000E+00,    0.0000000000E+00,    0.0000000000E+00,    1.0489101769E+02
    102700,      0.676937,CP10_after_neg_clamp,   1,    0.0000000000E+00,    1.0489101769E+02,    1.0489101769E+02,    0.0000000000E+00,    0.0000000000E+00,    0.0000000000E+00,    1.0489101769E+02
    102700,      0.676937,CP11_after_MPI,   1,    0.0000000000E+00,    1.0489101769E+02,    1.0489101769E+02,    0.0000000000E+00,    0.0000000000E+00,    0.0000000000E+00,    1.0489101769E+02
    102700,      0.676937,CP12_end,   1,    0.0000000000E+00,    1.0489101769E+02,    1.0489101769E+02,    0.0000000000E+00,    0.0000000000E+00,    0.0000000000E+00,    1.0489101769E+02
    102750,      0.676937,CP0_start,   1,    0.0000000000E+00,    1.0498050988E+02,    1.0498050988E+02,    0.0000000000E+00,    0.0000000000E+00,    0.0000000000E+00,    1.0498050988E+02
    102750,      0.676937,CP1_after_deposition,   1,    0.0000000000E+00,    1.0498050988E+02,    1.0498050988E+02,    0.0000000000E+00,    0.0000000000E+00,    0.0000000000E+00,    1.0498050988E+02
    102750,      0.676937,CP2_after_erosion,   1,    0.0000000000E+00,    1.0498050988E+02,    1.0498050988E+02,    0.0000000000E+00,    0.0000000000E+00,    0.0000000000E+00,    1.0498050988E+02
    102750,      0.676937,CP3_after_update_bottom,   1,    0.0000000000E+00,    1.0498050988E+02,    1.0498050988E+02,    0.0000000000E+00,    0.0000000000E+00,    0.0000000000E+00,    1.0498050988E+02
    102750,      0.676937,CP4_after_advection,   1,    0.0000000000E+00,    1.0498497627E+02,    1.0498497627E+02,    0.0000000000E+00,    0.0000000000E+00,    0.0000000000E+00,    1.0498497627E+02
    102750,      0.676937,CP5_after_vdif,   1,    0.0000000000E+00,    1.0498497627E+02,    1.0498497627E+02,    0.0000000000E+00,    0.0000000000E+00,    0.0000000000E+00,    1.0498497627E+02
    102750,      0.676937,CP6_after_kinetics,   1,    0.0000000000E+00,    1.0498497627E+02,    1.0498497627E+02,    0.0000000000E+00,    0.0000000000E+00,    0.0000000000E+00,    1.0498497627E+02
    102750,      0.676937,CP7_after_upper_clamp,   1,    0.0000000000E+00,    1.0498497627E+02,    1.0498497627E+02,    0.0000000000E+00,    0.0000000000E+00,    0.0000000000E+00,    1.0498497627E+02
    102750,      0.676937,CP8_after_OBC,   1,    0.0000000000E+00,    1.0498497627E+02,    1.0498497627E+02,    0.0000000000E+00,    0.0000000000E+00,    0.0000000000E+00,    1.0498497627E+02
    102750,      0.676937,CP9_after_PTsource,   1,    0.0000000000E+00,    1.0498497627E+02,    1.0498497627E+02,    0.0000000000E+00,    0.0000000000E+00,    0.0000000000E+00,    1.0498497627E+02
    102750,      0.676937,CP10_after_neg_clamp,   1,    0.0000000000E+00,    1.0498497627E+02,    1.0498497627E+02,    0.0000000000E+00,    0.0000000000E+00,    0.0000000000E+00,    1.0498497627E+02
    102750,      0.676937,CP11_after_MPI,   1,    0.0000000000E+00,    1.0498497627E+02,    1.0498497627E+02,    0.0000000000E+00,    0.0000000000E+00,    0.0000000000E+00,    1.0498497627E+02
    102750,      0.676937,CP12_end,   1,    0.0000000000E+00,    1.0498497627E+02,    1.0498497627E+02,    0.0000000000E+00,    0.0000000000E+00,    0.0000000000E+00,    1.0498497627E+02
    102800,      0.676937,CP0_start,   1,    0.0000000000E+00,    1.0507423733E+02,    1.0507423733E+02,    0.0000000000E+00,    0.0000000000E+00,    0.0000000000E+00,    1.0507423733E+02
    102800,      0.676937,CP1_after_deposition,   1,    0.0000000000E+00,    1.0507423733E+02,    1.0507423733E+02,    0.0000000000E+00,    0.0000000000E+00,    0.0000000000E+00,    1.0507423733E+02
    102800,      0.676937,CP2_after_erosion,   1,    0.0000000000E+00,    1.0507423733E+02,    1.0507423733E+02,    0.0000000000E+00,    0.0000000000E+00,    0.0000000000E+00,    1.0507423733E+02
    102800,      0.676937,CP3_after_update_bottom,   1,    0.0000000000E+00,    1.0507423733E+02,    1.0507423733E+02,    0.0000000000E+00,    0.0000000000E+00,    0.0000000000E+00,    1.0507423733E+02
    102800,      0.676937,CP4_after_advection,   1,    0.0000000000E+00,    1.0507868492E+02,    1.0507868492E+02,    0.0000000000E+00,    0.0000000000E+00,    0.0000000000E+00,    1.0507868492E+02
    102800,      0.676937,CP5_after_vdif,   1,    0.0000000000E+00,    1.0507868492E+02,    1.0507868492E+02,    0.0000000000E+00,    0.0000000000E+00,    0.0000000000E+00,    1.0507868492E+02
    102800,      0.676937,CP6_after_kinetics,   1,    0.0000000000E+00,    1.0507868492E+02,    1.0507868492E+02,    0.0000000000E+00,    0.0000000000E+00,    0.0000000000E+00,    1.0507868492E+02
    102800,      0.676937,CP7_after_upper_clamp,   1,    0.0000000000E+00,    1.0507868492E+02,    1.0507868492E+02,    0.0000000000E+00,    0.0000000000E+00,    0.0000000000E+00,    1.0507868492E+02
    102800,      0.676937,CP8_after_OBC,   1,    0.0000000000E+00,    1.0507868492E+02,    1.0507868492E+02,    0.0000000000E+00,    0.0000000000E+00,    0.0000000000E+00,    1.0507868492E+02
    102800,      0.676937,CP9_after_PTsource,   1,    0.0000000000E+00,    1.0507868492E+02,    1.0507868492E+02,    0.0000000000E+00,    0.0000000000E+00,    0.0000000000E+00,    1.0507868492E+02
    102800,      0.676937,CP10_after_neg_clamp,   1,    0.0000000000E+00,    1.0507868492E+02,    1.0507868492E+02,    0.0000000000E+00,    0.0000000000E+00,    0.0000000000E+00,    1.0507868492E+02
    102800,      0.676937,CP11_after_MPI,   1,    0.0000000000E+00,    1.0507868492E+02,    1.0507868492E+02,    0.0000000000E+00,    0.0000000000E+00,    0.0000000000E+00,    1.0507868492E+02
    102800,      0.676937,CP12_end,   1,    0.0000000000E+00,    1.0507868492E+02,    1.0507868492E+02,    0.0000000000E+00,    0.0000000000E+00,    0.0000000000E+00,    1.0507868492E+02
    102850,      0.676937,CP0_start,   1,    0.0000000000E+00,    1.0516775254E+02,    1.0516775254E+02,    0.0000000000E+00,    0.0000000000E+00,    0.0000000000E+00,    1.0516775254E+02
    102850,      0.676937,CP1_after_deposition,   1,    0.0000000000E+00,    1.0516775254E+02,    1.0516775254E+02,    0.0000000000E+00,    0.0000000000E+00,    0.0000000000E+00,    1.0516775254E+02
    102850,      0.676937,CP2_after_erosion,   1,    0.0000000000E+00,    1.0516775254E+02,    1.0516775254E+02,    0.0000000000E+00,    0.0000000000E+00,    0.0000000000E+00,    1.0516775254E+02
    102850,      0.676937,CP3_after_update_bottom,   1,    0.0000000000E+00,    1.0516775254E+02,    1.0516775254E+02,    0.0000000000E+00,    0.0000000000E+00,    0.0000000000E+00,    1.0516775254E+02
    102850,      0.676937,CP4_after_advection,   1,    0.0000000000E+00,    1.0517217897E+02,    1.0517217897E+02,    0.0000000000E+00,    0.0000000000E+00,    0.0000000000E+00,    1.0517217897E+02
    102850,      0.676937,CP5_after_vdif,   1,    0.0000000000E+00,    1.0517217897E+02,    1.0517217897E+02,    0.0000000000E+00,    0.0000000000E+00,    0.0000000000E+00,    1.0517217897E+02
    102850,      0.676937,CP6_after_kinetics,   1,    0.0000000000E+00,    1.0517217897E+02,    1.0517217897E+02,    0.0000000000E+00,    0.0000000000E+00,    0.0000000000E+00,    1.0517217897E+02
    102850,      0.676937,CP7_after_upper_clamp,   1,    0.0000000000E+00,    1.0517217897E+02,    1.0517217897E+02,    0.0000000000E+00,    0.0000000000E+00,    0.0000000000E+00,    1.0517217897E+02
    102850,      0.676937,CP8_after_OBC,   1,    0.0000000000E+00,    1.0517217897E+02,    1.0517217897E+02,    0.0000000000E+00,    0.0000000000E+00,    0.0000000000E+00,    1.0517217897E+02
    102850,      0.676937,CP9_after_PTsource,   1,    0.0000000000E+00,    1.0517217897E+02,    1.0517217897E+02,    0.0000000000E+00,    0.0000000000E+00,    0.0000000000E+00,    1.0517217897E+02
    102850,      0.676937,CP10_after_neg_clamp,   1,    0.0000000000E+00,    1.0517217897E+02,    1.0517217897E+02,    0.0000000000E+00,    0.0000000000E+00,    0.0000000000E+00,    1.0517217897E+02
    102850,      0.676937,CP11_after_MPI,   1,    0.0000000000E+00,    1.0517217897E+02,    1.0517217897E+02,    0.0000000000E+00,    0.0000000000E+00,    0.0000000000E+00,    1.0517217897E+02
    102850,      0.676937,CP12_end,   1,    0.0000000000E+00,    1.0517217897E+02,    1.0517217897E+02,    0.0000000000E+00,    0.0000000000E+00,    0.0000000000E+00,    1.0517217897E+02
    102900,      0.676937,CP0_start,   1,    0.0000000000E+00,    1.0526106467E+02,    1.0526106467E+02,    0.0000000000E+00,    0.0000000000E+00,    0.0000000000E+00,    1.0526106467E+02
    102900,      0.676937,CP1_after_deposition,   1,    0.0000000000E+00,    1.0526106467E+02,    1.0526106467E+02,    0.0000000000E+00,    0.0000000000E+00,    0.0000000000E+00,    1.0526106467E+02
    102900,      0.676937,CP2_after_erosion,   1,    0.0000000000E+00,    1.0526106467E+02,    1.0526106467E+02,    0.0000000000E+00,    0.0000000000E+00,    0.0000000000E+00,    1.0526106467E+02
    102900,      0.676937,CP3_after_update_bottom,   1,    0.0000000000E+00,    1.0526106467E+02,    1.0526106467E+02,    0.0000000000E+00,    0.0000000000E+00,    0.0000000000E+00,    1.0526106467E+02
    102900,      0.676937,CP4_after_advection,   1,    0.0000000000E+00,    1.0526547052E+02,    1.0526547052E+02,    0.0000000000E+00,    0.0000000000E+00,    0.0000000000E+00,    1.0526547052E+02
    102900,      0.676937,CP5_after_vdif,   1,    0.0000000000E+00,    1.0526547052E+02,    1.0526547052E+02,    0.0000000000E+00,    0.0000000000E+00,    0.0000000000E+00,    1.0526547052E+02
    102900,      0.676937,CP6_after_kinetics,   1,    0.0000000000E+00,    1.0526547052E+02,    1.0526547052E+02,    0.0000000000E+00,    0.0000000000E+00,    0.0000000000E+00,    1.0526547052E+02
    102900,      0.676937,CP7_after_upper_clamp,   1,    0.0000000000E+00,    1.0526547052E+02,    1.0526547052E+02,    0.0000000000E+00,    0.0000000000E+00,    0.0000000000E+00,    1.0526547052E+02
    102900,      0.676937,CP8_after_OBC,   1,    0.0000000000E+00,    1.0526547052E+02,    1.0526547052E+02,    0.0000000000E+00,    0.0000000000E+00,    0.0000000000E+00,    1.0526547052E+02
    102900,      0.676937,CP9_after_PTsource,   1,    0.0000000000E+00,    1.0526547052E+02,    1.0526547052E+02,    0.0000000000E+00,    0.0000000000E+00,    0.0000000000E+00,    1.0526547052E+02
    102900,      0.676937,CP10_after_neg_clamp,   1,    0.0000000000E+00,    1.0526547052E+02,    1.0526547052E+02,    0.0000000000E+00,    0.0000000000E+00,    0.0000000000E+00,    1.0526547052E+02
    102900,      0.676937,CP11_after_MPI,   1,    0.0000000000E+00,    1.0526547052E+02,    1.0526547052E+02,    0.0000000000E+00,    0.0000000000E+00,    0.0000000000E+00,    1.0526547052E+02
    102900,      0.676937,CP12_end,   1,    0.0000000000E+00,    1.0526547052E+02,    1.0526547052E+02,    0.0000000000E+00,    0.0000000000E+00,    0.0000000000E+00,    1.0526547052E+02
    102950,      0.676937,CP0_start,   1,    0.0000000000E+00,    1.0535426169E+02,    1.0535426169E+02,    0.0000000000E+00,    0.0000000000E+00,    0.0000000000E+00,    1.0535426169E+02
    102950,      0.676937,CP1_after_deposition,   1,    0.0000000000E+00,    1.0535426169E+02,    1.0535426169E+02,    0.0000000000E+00,    0.0000000000E+00,    0.0000000000E+00,    1.0535426169E+02
    102950,      0.676937,CP2_after_erosion,   1,    0.0000000000E+00,    1.0535426169E+02,    1.0535426169E+02,    0.0000000000E+00,    0.0000000000E+00,    0.0000000000E+00,    1.0535426169E+02
    102950,      0.676937,CP3_after_update_bottom,   1,    0.0000000000E+00,    1.0535426169E+02,    1.0535426169E+02,    0.0000000000E+00,    0.0000000000E+00,    0.0000000000E+00,    1.0535426169E+02
    102950,      0.676937,CP4_after_advection,   1,    0.0000000000E+00,    1.0535864681E+02,    1.0535864681E+02,    0.0000000000E+00,    0.0000000000E+00,    0.0000000000E+00,    1.0535864681E+02
    102950,      0.676937,CP5_after_vdif,   1,    0.0000000000E+00,    1.0535864681E+02,    1.0535864681E+02,    0.0000000000E+00,    0.0000000000E+00,    0.0000000000E+00,    1.0535864681E+02
    102950,      0.676937,CP6_after_kinetics,   1,    0.0000000000E+00,    1.0535864681E+02,    1.0535864681E+02,    0.0000000000E+00,    0.0000000000E+00,    0.0000000000E+00,    1.0535864681E+02
    102950,      0.676937,CP7_after_upper_clamp,   1,    0.0000000000E+00,    1.0535864681E+02,    1.0535864681E+02,    0.0000000000E+00,    0.0000000000E+00,    0.0000000000E+00,    1.0535864681E+02
    102950,      0.676937,CP8_after_OBC,   1,    0.0000000000E+00,    1.0535864681E+02,    1.0535864681E+02,    0.0000000000E+00,    0.0000000000E+00,    0.0000000000E+00,    1.0535864681E+02
    102950,      0.676937,CP9_after_PTsource,   1,    0.0000000000E+00,    1.0535864681E+02,    1.0535864681E+02,    0.0000000000E+00,    0.0000000000E+00,    0.0000000000E+00,    1.0535864681E+02
    102950,      0.676937,CP10_after_neg_clamp,   1,    0.0000000000E+00,    1.0535864681E+02,    1.0535864681E+02,    0.0000000000E+00,    0.0000000000E+00,    0.0000000000E+00,    1.0535864681E+02
    102950,      0.676937,CP11_after_MPI,   1,    0.0000000000E+00,    1.0535864681E+02,    1.0535864681E+02,    0.0000000000E+00,    0.0000000000E+00,    0.0000000000E+00,    1.0535864681E+02
    102950,      0.676937,CP12_end,   1,    0.0000000000E+00,    1.0535864681E+02,    1.0535864681E+02,    0.0000000000E+00,    0.0000000000E+00,    0.0000000000E+00,    1.0535864681E+02
    103000,      0.676937,CP0_start,   1,    0.0000000000E+00,    1.0544741475E+02,    1.0544741475E+02,    0.0000000000E+00,    0.0000000000E+00,    0.0000000000E+00,    1.0544741475E+02
    103000,      0.676937,CP1_after_deposition,   1,    0.0000000000E+00,    1.0544741475E+02,    1.0544741475E+02,    0.0000000000E+00,    0.0000000000E+00,    0.0000000000E+00,    1.0544741475E+02
    103000,      0.676937,CP2_after_erosion,   1,    0.0000000000E+00,    1.0544741475E+02,    1.0544741475E+02,    0.0000000000E+00,    0.0000000000E+00,    0.0000000000E+00,    1.0544741475E+02
    103000,      0.676937,CP3_after_update_bottom,   1,    0.0000000000E+00,    1.0544741475E+02,    1.0544741475E+02,    0.0000000000E+00,    0.0000000000E+00,    0.0000000000E+00,    1.0544741475E+02
    103000,      0.676937,CP4_after_advection,   1,    0.0000000000E+00,    1.0545178359E+02,    1.0545178359E+02,    0.0000000000E+00,    0.0000000000E+00,    0.0000000000E+00,    1.0545178359E+02
    103000,      0.676937,CP5_after_vdif,   1,    0.0000000000E+00,    1.0545178359E+02,    1.0545178359E+02,    0.0000000000E+00,    0.0000000000E+00,    0.0000000000E+00,    1.0545178359E+02
    103000,      0.676937,CP6_after_kinetics,   1,    0.0000000000E+00,    1.0545178359E+02,    1.0545178359E+02,    0.0000000000E+00,    0.0000000000E+00,    0.0000000000E+00,    1.0545178359E+02
    103000,      0.676937,CP7_after_upper_clamp,   1,    0.0000000000E+00,    1.0545178359E+02,    1.0545178359E+02,    0.0000000000E+00,    0.0000000000E+00,    0.0000000000E+00,    1.0545178359E+02
    103000,      0.676937,CP8_after_OBC,   1,    0.0000000000E+00,    1.0545178359E+02,    1.0545178359E+02,    0.0000000000E+00,    0.0000000000E+00,    0.0000000000E+00,    1.0545178359E+02
    103000,      0.676937,CP9_after_PTsource,   1,    0.0000000000E+00,    1.0545178359E+02,    1.0545178359E+02,    0.0000000000E+00,    0.0000000000E+00,    0.0000000000E+00,    1.0545178359E+02
    103000,      0.676937,CP10_after_neg_clamp,   1,    0.0000000000E+00,    1.0545178359E+02,    1.0545178359E+02,    0.0000000000E+00,    0.0000000000E+00,    0.0000000000E+00,    1.0545178359E+02
    103000,      0.676937,CP11_after_MPI,   1,    0.0000000000E+00,    1.0545178359E+02,    1.0545178359E+02,    0.0000000000E+00,    0.0000000000E+00,    0.0000000000E+00,    1.0545178359E+02
    103000,      0.676937,CP12_end,   1,    0.0000000000E+00,    1.0545178359E+02,    1.0545178359E+02,    0.0000000000E+00,    0.0000000000E+00,    0.0000000000E+00,    1.0545178359E+02
    103050,      0.676937,CP0_start,   1,    0.0000000000E+00,    1.0554059858E+02,    1.0554059858E+02,    0.0000000000E+00,    0.0000000000E+00,    0.0000000000E+00,    1.0554059858E+02
    103050,      0.676937,CP1_after_deposition,   1,    0.0000000000E+00,    1.0554059858E+02,    1.0554059858E+02,    0.0000000000E+00,    0.0000000000E+00,    0.0000000000E+00,    1.0554059858E+02
    103050,      0.676937,CP2_after_erosion,   1,    0.0000000000E+00,    1.0554059858E+02,    1.0554059858E+02,    0.0000000000E+00,    0.0000000000E+00,    0.0000000000E+00,    1.0554059858E+02
    103050,      0.676937,CP3_after_update_bottom,   1,    0.0000000000E+00,    1.0554059858E+02,    1.0554059858E+02,    0.0000000000E+00,    0.0000000000E+00,    0.0000000000E+00,    1.0554059858E+02
    103050,      0.676937,CP4_after_advection,   1,    0.0000000000E+00,    1.0554495370E+02,    1.0554495370E+02,    0.0000000000E+00,    0.0000000000E+00,    0.0000000000E+00,    1.0554495370E+02
    103050,      0.676937,CP5_after_vdif,   1,    0.0000000000E+00,    1.0554495370E+02,    1.0554495370E+02,    0.0000000000E+00,    0.0000000000E+00,    0.0000000000E+00,    1.0554495370E+02
    103050,      0.676937,CP6_after_kinetics,   1,    0.0000000000E+00,    1.0554495370E+02,    1.0554495370E+02,    0.0000000000E+00,    0.0000000000E+00,    0.0000000000E+00,    1.0554495370E+02
    103050,      0.676937,CP7_after_upper_clamp,   1,    0.0000000000E+00,    1.0554495370E+02,    1.0554495370E+02,    0.0000000000E+00,    0.0000000000E+00,    0.0000000000E+00,    1.0554495370E+02
    103050,      0.676937,CP8_after_OBC,   1,    0.0000000000E+00,    1.0554495370E+02,    1.0554495370E+02,    0.0000000000E+00,    0.0000000000E+00,    0.0000000000E+00,    1.0554495370E+02
    103050,      0.676937,CP9_after_PTsource,   1,    0.0000000000E+00,    1.0554495370E+02,    1.0554495370E+02,    0.0000000000E+00,    0.0000000000E+00,    0.0000000000E+00,    1.0554495370E+02
    103050,      0.676937,CP10_after_neg_clamp,   1,    0.0000000000E+00,    1.0554495370E+02,    1.0554495370E+02,    0.0000000000E+00,    0.0000000000E+00,    0.0000000000E+00,    1.0554495370E+02
    103050,      0.676937,CP11_after_MPI,   1,    0.0000000000E+00,    1.0554495370E+02,    1.0554495370E+02,    0.0000000000E+00,    0.0000000000E+00,    0.0000000000E+00,    1.0554495370E+02
    103050,      0.676937,CP12_end,   1,    0.0000000000E+00,    1.0554495370E+02,    1.0554495370E+02,    0.0000000000E+00,    0.0000000000E+00,    0.0000000000E+00,    1.0554495370E+02
    103100,      0.676937,CP0_start,   1,    0.0000000000E+00,    1.0563390715E+02,    1.0563390715E+02,    0.0000000000E+00,    0.0000000000E+00,    0.0000000000E+00,    1.0563390715E+02
    103100,      0.676937,CP1_after_deposition,   1,    0.0000000000E+00,    1.0563390715E+02,    1.0563390715E+02,    0.0000000000E+00,    0.0000000000E+00,    0.0000000000E+00,    1.0563390715E+02
    103100,      0.676937,CP2_after_erosion,   1,    0.0000000000E+00,    1.0563390715E+02,    1.0563390715E+02,    0.0000000000E+00,    0.0000000000E+00,    0.0000000000E+00,    1.0563390715E+02
    103100,      0.676937,CP3_after_update_bottom,   1,    0.0000000000E+00,    1.0563390715E+02,    1.0563390715E+02,    0.0000000000E+00,    0.0000000000E+00,    0.0000000000E+00,    1.0563390715E+02
    103100,      0.676937,CP4_after_advection,   1,    0.0000000000E+00,    1.0563825008E+02,    1.0563825008E+02,    0.0000000000E+00,    0.0000000000E+00,    0.0000000000E+00,    1.0563825008E+02
    103100,      0.676937,CP5_after_vdif,   1,    0.0000000000E+00,    1.0563825008E+02,    1.0563825008E+02,    0.0000000000E+00,    0.0000000000E+00,    0.0000000000E+00,    1.0563825008E+02
    103100,      0.676937,CP6_after_kinetics,   1,    0.0000000000E+00,    1.0563825008E+02,    1.0563825008E+02,    0.0000000000E+00,    0.0000000000E+00,    0.0000000000E+00,    1.0563825008E+02
    103100,      0.676937,CP7_after_upper_clamp,   1,    0.0000000000E+00,    1.0563825008E+02,    1.0563825008E+02,    0.0000000000E+00,    0.0000000000E+00,    0.0000000000E+00,    1.0563825008E+02
    103100,      0.676937,CP8_after_OBC,   1,    0.0000000000E+00,    1.0563825008E+02,    1.0563825008E+02,    0.0000000000E+00,    0.0000000000E+00,    0.0000000000E+00,    1.0563825008E+02
    103100,      0.676937,CP9_after_PTsource,   1,    0.0000000000E+00,    1.0563825008E+02,    1.0563825008E+02,    0.0000000000E+00,    0.0000000000E+00,    0.0000000000E+00,    1.0563825008E+02
    103100,      0.676937,CP10_after_neg_clamp,   1,    0.0000000000E+00,    1.0563825008E+02,    1.0563825008E+02,    0.0000000000E+00,    0.0000000000E+00,    0.0000000000E+00,    1.0563825008E+02
    103100,      0.676937,CP11_after_MPI,   1,    0.0000000000E+00,    1.0563825008E+02,    1.0563825008E+02,    0.0000000000E+00,    0.0000000000E+00,    0.0000000000E+00,    1.0563825008E+02
    103100,      0.676937,CP12_end,   1,    0.0000000000E+00,    1.0563825008E+02,    1.0563825008E+02,    0.0000000000E+00,    0.0000000000E+00,    0.0000000000E+00,    1.0563825008E+02
    103150,      0.676937,CP0_start,   1,    0.0000000000E+00,    1.0572741739E+02,    1.0572741739E+02,    0.0000000000E+00,    0.0000000000E+00,    0.0000000000E+00,    1.0572741739E+02
    103150,      0.676937,CP1_after_deposition,   1,    0.0000000000E+00,    1.0572741739E+02,    1.0572741739E+02,    0.0000000000E+00,    0.0000000000E+00,    0.0000000000E+00,    1.0572741739E+02
    103150,      0.676937,CP2_after_erosion,   1,    0.0000000000E+00,    1.0572741739E+02,    1.0572741739E+02,    0.0000000000E+00,    0.0000000000E+00,    0.0000000000E+00,    1.0572741739E+02
    103150,      0.676937,CP3_after_update_bottom,   1,    0.0000000000E+00,    1.0572741739E+02,    1.0572741739E+02,    0.0000000000E+00,    0.0000000000E+00,    0.0000000000E+00,    1.0572741739E+02
    103150,      0.676937,CP4_after_advection,   1,    0.0000000000E+00,    1.0573175082E+02,    1.0573175082E+02,    0.0000000000E+00,    0.0000000000E+00,    0.0000000000E+00,    1.0573175082E+02
    103150,      0.676937,CP5_after_vdif,   1,    0.0000000000E+00,    1.0573175082E+02,    1.0573175082E+02,    0.0000000000E+00,    0.0000000000E+00,    0.0000000000E+00,    1.0573175082E+02
    103150,      0.676937,CP6_after_kinetics,   1,    0.0000000000E+00,    1.0573175082E+02,    1.0573175082E+02,    0.0000000000E+00,    0.0000000000E+00,    0.0000000000E+00,    1.0573175082E+02
    103150,      0.676937,CP7_after_upper_clamp,   1,    0.0000000000E+00,    1.0573175082E+02,    1.0573175082E+02,    0.0000000000E+00,    0.0000000000E+00,    0.0000000000E+00,    1.0573175082E+02
    103150,      0.676937,CP8_after_OBC,   1,    0.0000000000E+00,    1.0573175082E+02,    1.0573175082E+02,    0.0000000000E+00,    0.0000000000E+00,    0.0000000000E+00,    1.0573175082E+02
    103150,      0.676937,CP9_after_PTsource,   1,    0.0000000000E+00,    1.0573175082E+02,    1.0573175082E+02,    0.0000000000E+00,    0.0000000000E+00,    0.0000000000E+00,    1.0573175082E+02
    103150,      0.676937,CP10_after_neg_clamp,   1,    0.0000000000E+00,    1.0573175082E+02,    1.0573175082E+02,    0.0000000000E+00,    0.0000000000E+00,    0.0000000000E+00,    1.0573175082E+02
    103150,      0.676937,CP11_after_MPI,   1,    0.0000000000E+00,    1.0573175082E+02,    1.0573175082E+02,    0.0000000000E+00,    0.0000000000E+00,    0.0000000000E+00,    1.0573175082E+02
    103150,      0.676937,CP12_end,   1,    0.0000000000E+00,    1.0573175082E+02,    1.0573175082E+02,    0.0000000000E+00,    0.0000000000E+00,    0.0000000000E+00,    1.0573175082E+02
    103200,      0.676937,CP0_start,   1,    0.0000000000E+00,    1.0582119571E+02,    1.0582119571E+02,    0.0000000000E+00,    0.0000000000E+00,    0.0000000000E+00,    1.0582119571E+02
    103200,      0.676937,CP1_after_deposition,   1,    0.0000000000E+00,    1.0582119571E+02,    1.0582119571E+02,    0.0000000000E+00,    0.0000000000E+00,    0.0000000000E+00,    1.0582119571E+02
    103200,      0.676937,CP2_after_erosion,   1,    0.0000000000E+00,    1.0582119571E+02,    1.0582119571E+02,    0.0000000000E+00,    0.0000000000E+00,    0.0000000000E+00,    1.0582119571E+02
    103200,      0.676937,CP3_after_update_bottom,   1,    0.0000000000E+00,    1.0582119571E+02,    1.0582119571E+02,    0.0000000000E+00,    0.0000000000E+00,    0.0000000000E+00,    1.0582119571E+02
    103200,      0.676937,CP4_after_advection,   1,    0.0000000000E+00,    1.0582552020E+02,    1.0582552020E+02,    0.0000000000E+00,    0.0000000000E+00,    0.0000000000E+00,    1.0582552020E+02
    103200,      0.676937,CP5_after_vdif,   1,    0.0000000000E+00,    1.0582552020E+02,    1.0582552020E+02,    0.0000000000E+00,    0.0000000000E+00,    0.0000000000E+00,    1.0582552020E+02
    103200,      0.676937,CP6_after_kinetics,   1,    0.0000000000E+00,    1.0582552020E+02,    1.0582552020E+02,    0.0000000000E+00,    0.0000000000E+00,    0.0000000000E+00,    1.0582552020E+02
    103200,      0.676937,CP7_after_upper_clamp,   1,    0.0000000000E+00,    1.0582552020E+02,    1.0582552020E+02,    0.0000000000E+00,    0.0000000000E+00,    0.0000000000E+00,    1.0582552020E+02
    103200,      0.676937,CP8_after_OBC,   1,    0.0000000000E+00,    1.0582552020E+02,    1.0582552020E+02,    0.0000000000E+00,    0.0000000000E+00,    0.0000000000E+00,    1.0582552020E+02
    103200,      0.676937,CP9_after_PTsource,   1,    0.0000000000E+00,    1.0582552020E+02,    1.0582552020E+02,    0.0000000000E+00,    0.0000000000E+00,    0.0000000000E+00,    1.0582552020E+02
    103200,      0.676937,CP10_after_neg_clamp,   1,    0.0000000000E+00,    1.0582552020E+02,    1.0582552020E+02,    0.0000000000E+00,    0.0000000000E+00,    0.0000000000E+00,    1.0582552020E+02
    103200,      0.676937,CP11_after_MPI,   1,    0.0000000000E+00,    1.0582552020E+02,    1.0582552020E+02,    0.0000000000E+00,    0.0000000000E+00,    0.0000000000E+00,    1.0582552020E+02
    103200,      0.676937,CP12_end,   1,    0.0000000000E+00,    1.0582552020E+02,    1.0582552020E+02,    0.0000000000E+00,    0.0000000000E+00,    0.0000000000E+00,    1.0582552020E+02
    103250,      0.676937,CP0_start,   1,    0.0000000000E+00,    1.0591531506E+02,    1.0591531506E+02,    0.0000000000E+00,    0.0000000000E+00,    0.0000000000E+00,    1.0591531506E+02
    103250,      0.676937,CP1_after_deposition,   1,    0.0000000000E+00,    1.0591531506E+02,    1.0591531506E+02,    0.0000000000E+00,    0.0000000000E+00,    0.0000000000E+00,    1.0591531506E+02
    103250,      0.676937,CP2_after_erosion,   1,    0.0000000000E+00,    1.0591531506E+02,    1.0591531506E+02,    0.0000000000E+00,    0.0000000000E+00,    0.0000000000E+00,    1.0591531506E+02
    103250,      0.676937,CP3_after_update_bottom,   1,    0.0000000000E+00,    1.0591531506E+02,    1.0591531506E+02,    0.0000000000E+00,    0.0000000000E+00,    0.0000000000E+00,    1.0591531506E+02
    103250,      0.676937,CP4_after_advection,   1,    0.0000000000E+00,    1.0591963140E+02,    1.0591963140E+02,    0.0000000000E+00,    0.0000000000E+00,    0.0000000000E+00,    1.0591963140E+02
    103250,      0.676937,CP5_after_vdif,   1,    0.0000000000E+00,    1.0591963140E+02,    1.0591963140E+02,    0.0000000000E+00,    0.0000000000E+00,    0.0000000000E+00,    1.0591963140E+02
    103250,      0.676937,CP6_after_kinetics,   1,    0.0000000000E+00,    1.0591963140E+02,    1.0591963140E+02,    0.0000000000E+00,    0.0000000000E+00,    0.0000000000E+00,    1.0591963140E+02
    103250,      0.676937,CP7_after_upper_clamp,   1,    0.0000000000E+00,    1.0591963140E+02,    1.0591963140E+02,    0.0000000000E+00,    0.0000000000E+00,    0.0000000000E+00,    1.0591963140E+02
    103250,      0.676937,CP8_after_OBC,   1,    0.0000000000E+00,    1.0591963140E+02,    1.0591963140E+02,    0.0000000000E+00,    0.0000000000E+00,    0.0000000000E+00,    1.0591963140E+02
    103250,      0.676937,CP9_after_PTsource,   1,    0.0000000000E+00,    1.0591963140E+02,    1.0591963140E+02,    0.0000000000E+00,    0.0000000000E+00,    0.0000000000E+00,    1.0591963140E+02
    103250,      0.676937,CP10_after_neg_clamp,   1,    0.0000000000E+00,    1.0591963140E+02,    1.0591963140E+02,    0.0000000000E+00,    0.0000000000E+00,    0.0000000000E+00,    1.0591963140E+02
    103250,      0.676937,CP11_after_MPI,   1,    0.0000000000E+00,    1.0591963140E+02,    1.0591963140E+02,    0.0000000000E+00,    0.0000000000E+00,    0.0000000000E+00,    1.0591963140E+02
    103250,      0.676937,CP12_end,   1,    0.0000000000E+00,    1.0591963140E+02,    1.0591963140E+02,    0.0000000000E+00,    0.0000000000E+00,    0.0000000000E+00,    1.0591963140E+02
    103300,      0.676937,CP0_start,   1,    0.0000000000E+00,    1.0600981418E+02,    1.0600981418E+02,    0.0000000000E+00,    0.0000000000E+00,    0.0000000000E+00,    1.0600981418E+02
    103300,      0.676937,CP1_after_deposition,   1,    0.0000000000E+00,    1.0600981418E+02,    1.0600981418E+02,    0.0000000000E+00,    0.0000000000E+00,    0.0000000000E+00,    1.0600981418E+02
    103300,      0.676937,CP2_after_erosion,   1,    0.0000000000E+00,    1.0600981418E+02,    1.0600981418E+02,    0.0000000000E+00,    0.0000000000E+00,    0.0000000000E+00,    1.0600981418E+02
    103300,      0.676937,CP3_after_update_bottom,   1,    0.0000000000E+00,    1.0600981418E+02,    1.0600981418E+02,    0.0000000000E+00,    0.0000000000E+00,    0.0000000000E+00,    1.0600981418E+02
    103300,      0.676937,CP4_after_advection,   1,    0.0000000000E+00,    1.0601412319E+02,    1.0601412319E+02,    0.0000000000E+00,    0.0000000000E+00,    0.0000000000E+00,    1.0601412319E+02
    103300,      0.676937,CP5_after_vdif,   1,    0.0000000000E+00,    1.0601412319E+02,    1.0601412319E+02,    0.0000000000E+00,    0.0000000000E+00,    0.0000000000E+00,    1.0601412319E+02
    103300,      0.676937,CP6_after_kinetics,   1,    0.0000000000E+00,    1.0601412319E+02,    1.0601412319E+02,    0.0000000000E+00,    0.0000000000E+00,    0.0000000000E+00,    1.0601412319E+02
    103300,      0.676937,CP7_after_upper_clamp,   1,    0.0000000000E+00,    1.0601412319E+02,    1.0601412319E+02,    0.0000000000E+00,    0.0000000000E+00,    0.0000000000E+00,    1.0601412319E+02
    103300,      0.676937,CP8_after_OBC,   1,    0.0000000000E+00,    1.0601412319E+02,    1.0601412319E+02,    0.0000000000E+00,    0.0000000000E+00,    0.0000000000E+00,    1.0601412319E+02
    103300,      0.676937,CP9_after_PTsource,   1,    0.0000000000E+00,    1.0601412319E+02,    1.0601412319E+02,    0.0000000000E+00,    0.0000000000E+00,    0.0000000000E+00,    1.0601412319E+02
    103300,      0.676937,CP10_after_neg_clamp,   1,    0.0000000000E+00,    1.0601412319E+02,    1.0601412319E+02,    0.0000000000E+00,    0.0000000000E+00,    0.0000000000E+00,    1.0601412319E+02
    103300,      0.676937,CP11_after_MPI,   1,    0.0000000000E+00,    1.0601412319E+02,    1.0601412319E+02,    0.0000000000E+00,    0.0000000000E+00,    0.0000000000E+00,    1.0601412319E+02
    103300,      0.676937,CP12_end,   1,    0.0000000000E+00,    1.0601412319E+02,    1.0601412319E+02,    0.0000000000E+00,    0.0000000000E+00,    0.0000000000E+00,    1.0601412319E+02
    103350,      0.676937,CP0_start,   1,    0.0000000000E+00,    1.0610471182E+02,    1.0610471182E+02,    0.0000000000E+00,    0.0000000000E+00,    0.0000000000E+00,    1.0610471182E+02
    103350,      0.676937,CP1_after_deposition,   1,    0.0000000000E+00,    1.0610471182E+02,    1.0610471182E+02,    0.0000000000E+00,    0.0000000000E+00,    0.0000000000E+00,    1.0610471182E+02
    103350,      0.676937,CP2_after_erosion,   1,    0.0000000000E+00,    1.0610471182E+02,    1.0610471182E+02,    0.0000000000E+00,    0.0000000000E+00,    0.0000000000E+00,    1.0610471182E+02
    103350,      0.676937,CP3_after_update_bottom,   1,    0.0000000000E+00,    1.0610471182E+02,    1.0610471182E+02,    0.0000000000E+00,    0.0000000000E+00,    0.0000000000E+00,    1.0610471182E+02
    103350,      0.676937,CP4_after_advection,   1,    0.0000000000E+00,    1.0610901245E+02,    1.0610901245E+02,    0.0000000000E+00,    0.0000000000E+00,    0.0000000000E+00,    1.0610901245E+02
    103350,      0.676937,CP5_after_vdif,   1,    0.0000000000E+00,    1.0610901245E+02,    1.0610901245E+02,    0.0000000000E+00,    0.0000000000E+00,    0.0000000000E+00,    1.0610901245E+02
    103350,      0.676937,CP6_after_kinetics,   1,    0.0000000000E+00,    1.0610901245E+02,    1.0610901245E+02,    0.0000000000E+00,    0.0000000000E+00,    0.0000000000E+00,    1.0610901245E+02
    103350,      0.676937,CP7_after_upper_clamp,   1,    0.0000000000E+00,    1.0610901245E+02,    1.0610901245E+02,    0.0000000000E+00,    0.0000000000E+00,    0.0000000000E+00,    1.0610901245E+02
    103350,      0.676937,CP8_after_OBC,   1,    0.0000000000E+00,    1.0610901245E+02,    1.0610901245E+02,    0.0000000000E+00,    0.0000000000E+00,    0.0000000000E+00,    1.0610901245E+02
    103350,      0.676937,CP9_after_PTsource,   1,    0.0000000000E+00,    1.0610901245E+02,    1.0610901245E+02,    0.0000000000E+00,    0.0000000000E+00,    0.0000000000E+00,    1.0610901245E+02
    103350,      0.676937,CP10_after_neg_clamp,   1,    0.0000000000E+00,    1.0610901245E+02,    1.0610901245E+02,    0.0000000000E+00,    0.0000000000E+00,    0.0000000000E+00,    1.0610901245E+02
    103350,      0.676937,CP11_after_MPI,   1,    0.0000000000E+00,    1.0610901245E+02,    1.0610901245E+02,    0.0000000000E+00,    0.0000000000E+00,    0.0000000000E+00,    1.0610901245E+02
    103350,      0.676937,CP12_end,   1,    0.0000000000E+00,    1.0610901245E+02,    1.0610901245E+02,    0.0000000000E+00,    0.0000000000E+00,    0.0000000000E+00,    1.0610901245E+02
    103400,      0.676937,CP0_start,   1,    0.0000000000E+00,    1.0620005007E+02,    1.0620005007E+02,    0.0000000000E+00,    0.0000000000E+00,    0.0000000000E+00,    1.0620005007E+02
    103400,      0.676937,CP1_after_deposition,   1,    0.0000000000E+00,    1.0620005007E+02,    1.0620005007E+02,    0.0000000000E+00,    0.0000000000E+00,    0.0000000000E+00,    1.0620005007E+02
    103400,      0.676937,CP2_after_erosion,   1,    0.0000000000E+00,    1.0620005007E+02,    1.0620005007E+02,    0.0000000000E+00,    0.0000000000E+00,    0.0000000000E+00,    1.0620005007E+02
    103400,      0.676937,CP3_after_update_bottom,   1,    0.0000000000E+00,    1.0620005007E+02,    1.0620005007E+02,    0.0000000000E+00,    0.0000000000E+00,    0.0000000000E+00,    1.0620005007E+02
    103400,      0.676937,CP4_after_advection,   1,    0.0000000000E+00,    1.0620434420E+02,    1.0620434420E+02,    0.0000000000E+00,    0.0000000000E+00,    0.0000000000E+00,    1.0620434420E+02
    103400,      0.676937,CP5_after_vdif,   1,    0.0000000000E+00,    1.0620434420E+02,    1.0620434420E+02,    0.0000000000E+00,    0.0000000000E+00,    0.0000000000E+00,    1.0620434420E+02
    103400,      0.676937,CP6_after_kinetics,   1,    0.0000000000E+00,    1.0620434420E+02,    1.0620434420E+02,    0.0000000000E+00,    0.0000000000E+00,    0.0000000000E+00,    1.0620434420E+02
    103400,      0.676937,CP7_after_upper_clamp,   1,    0.0000000000E+00,    1.0620434420E+02,    1.0620434420E+02,    0.0000000000E+00,    0.0000000000E+00,    0.0000000000E+00,    1.0620434420E+02
    103400,      0.676937,CP8_after_OBC,   1,    0.0000000000E+00,    1.0620434420E+02,    1.0620434420E+02,    0.0000000000E+00,    0.0000000000E+00,    0.0000000000E+00,    1.0620434420E+02
    103400,      0.676937,CP9_after_PTsource,   1,    0.0000000000E+00,    1.0620434420E+02,    1.0620434420E+02,    0.0000000000E+00,    0.0000000000E+00,    0.0000000000E+00,    1.0620434420E+02
    103400,      0.676937,CP10_after_neg_clamp,   1,    0.0000000000E+00,    1.0620434420E+02,    1.0620434420E+02,    0.0000000000E+00,    0.0000000000E+00,    0.0000000000E+00,    1.0620434420E+02
    103400,      0.676937,CP11_after_MPI,   1,    0.0000000000E+00,    1.0620434420E+02,    1.0620434420E+02,    0.0000000000E+00,    0.0000000000E+00,    0.0000000000E+00,    1.0620434420E+02
    103400,      0.676937,CP12_end,   1,    0.0000000000E+00,    1.0620434420E+02,    1.0620434420E+02,    0.0000000000E+00,    0.0000000000E+00,    0.0000000000E+00,    1.0620434420E+02
    103450,      0.676937,CP0_start,   1,    0.0000000000E+00,    1.0629583318E+02,    1.0629583318E+02,    0.0000000000E+00,    0.0000000000E+00,    0.0000000000E+00,    1.0629583318E+02
    103450,      0.676937,CP1_after_deposition,   1,    0.0000000000E+00,    1.0629583318E+02,    1.0629583318E+02,    0.0000000000E+00,    0.0000000000E+00,    0.0000000000E+00,    1.0629583318E+02
    103450,      0.676937,CP2_after_erosion,   1,    0.0000000000E+00,    1.0629583318E+02,    1.0629583318E+02,    0.0000000000E+00,    0.0000000000E+00,    0.0000000000E+00,    1.0629583318E+02
    103450,      0.676937,CP3_after_update_bottom,   1,    0.0000000000E+00,    1.0629583318E+02,    1.0629583318E+02,    0.0000000000E+00,    0.0000000000E+00,    0.0000000000E+00,    1.0629583318E+02
    103450,      0.676937,CP4_after_advection,   1,    0.0000000000E+00,    1.0630012014E+02,    1.0630012014E+02,    0.0000000000E+00,    0.0000000000E+00,    0.0000000000E+00,    1.0630012014E+02
    103450,      0.676937,CP5_after_vdif,   1,    0.0000000000E+00,    1.0630012014E+02,    1.0630012014E+02,    0.0000000000E+00,    0.0000000000E+00,    0.0000000000E+00,    1.0630012014E+02
    103450,      0.676937,CP6_after_kinetics,   1,    0.0000000000E+00,    1.0630012014E+02,    1.0630012014E+02,    0.0000000000E+00,    0.0000000000E+00,    0.0000000000E+00,    1.0630012014E+02
    103450,      0.676937,CP7_after_upper_clamp,   1,    0.0000000000E+00,    1.0630012014E+02,    1.0630012014E+02,    0.0000000000E+00,    0.0000000000E+00,    0.0000000000E+00,    1.0630012014E+02
    103450,      0.676937,CP8_after_OBC,   1,    0.0000000000E+00,    1.0630012014E+02,    1.0630012014E+02,    0.0000000000E+00,    0.0000000000E+00,    0.0000000000E+00,    1.0630012014E+02
    103450,      0.676937,CP9_after_PTsource,   1,    0.0000000000E+00,    1.0630012014E+02,    1.0630012014E+02,    0.0000000000E+00,    0.0000000000E+00,    0.0000000000E+00,    1.0630012014E+02
    103450,      0.676937,CP10_after_neg_clamp,   1,    0.0000000000E+00,    1.0630012014E+02,    1.0630012014E+02,    0.0000000000E+00,    0.0000000000E+00,    0.0000000000E+00,    1.0630012014E+02
    103450,      0.676937,CP11_after_MPI,   1,    0.0000000000E+00,    1.0630012014E+02,    1.0630012014E+02,    0.0000000000E+00,    0.0000000000E+00,    0.0000000000E+00,    1.0630012014E+02
    103450,      0.676937,CP12_end,   1,    0.0000000000E+00,    1.0630012014E+02,    1.0630012014E+02,    0.0000000000E+00,    0.0000000000E+00,    0.0000000000E+00,    1.0630012014E+02
    103500,      0.676937,CP0_start,   1,    0.0000000000E+00,    1.0639204890E+02,    1.0639204890E+02,    0.0000000000E+00,    0.0000000000E+00,    0.0000000000E+00,    1.0639204890E+02
    103500,      0.676937,CP1_after_deposition,   1,    0.0000000000E+00,    1.0639204890E+02,    1.0639204890E+02,    0.0000000000E+00,    0.0000000000E+00,    0.0000000000E+00,    1.0639204890E+02
    103500,      0.676937,CP2_after_erosion,   1,    0.0000000000E+00,    1.0639204890E+02,    1.0639204890E+02,    0.0000000000E+00,    0.0000000000E+00,    0.0000000000E+00,    1.0639204890E+02
    103500,      0.676937,CP3_after_update_bottom,   1,    0.0000000000E+00,    1.0639204890E+02,    1.0639204890E+02,    0.0000000000E+00,    0.0000000000E+00,    0.0000000000E+00,    1.0639204890E+02
    103500,      0.676937,CP4_after_advection,   1,    0.0000000000E+00,    1.0639632997E+02,    1.0639632997E+02,    0.0000000000E+00,    0.0000000000E+00,    0.0000000000E+00,    1.0639632997E+02
    103500,      0.676937,CP5_after_vdif,   1,    0.0000000000E+00,    1.0639632997E+02,    1.0639632997E+02,    0.0000000000E+00,    0.0000000000E+00,    0.0000000000E+00,    1.0639632997E+02
    103500,      0.676937,CP6_after_kinetics,   1,    0.0000000000E+00,    1.0639632997E+02,    1.0639632997E+02,    0.0000000000E+00,    0.0000000000E+00,    0.0000000000E+00,    1.0639632997E+02
    103500,      0.676937,CP7_after_upper_clamp,   1,    0.0000000000E+00,    1.0639632997E+02,    1.0639632997E+02,    0.0000000000E+00,    0.0000000000E+00,    0.0000000000E+00,    1.0639632997E+02
    103500,      0.676937,CP8_after_OBC,   1,    0.0000000000E+00,    1.0639632997E+02,    1.0639632997E+02,    0.0000000000E+00,    0.0000000000E+00,    0.0000000000E+00,    1.0639632997E+02
    103500,      0.676937,CP9_after_PTsource,   1,    0.0000000000E+00,    1.0639632997E+02,    1.0639632997E+02,    0.0000000000E+00,    0.0000000000E+00,    0.0000000000E+00,    1.0639632997E+02
    103500,      0.676937,CP10_after_neg_clamp,   1,    0.0000000000E+00,    1.0639632997E+02,    1.0639632997E+02,    0.0000000000E+00,    0.0000000000E+00,    0.0000000000E+00,    1.0639632997E+02
    103500,      0.676937,CP11_after_MPI,   1,    0.0000000000E+00,    1.0639632997E+02,    1.0639632997E+02,    0.0000000000E+00,    0.0000000000E+00,    0.0000000000E+00,    1.0639632997E+02
    103500,      0.676937,CP12_end,   1,    0.0000000000E+00,    1.0639632997E+02,    1.0639632997E+02,    0.0000000000E+00,    0.0000000000E+00,    0.0000000000E+00,    1.0639632997E+02
    103550,      0.676937,CP0_start,   1,    0.0000000000E+00,    1.0648791584E+02,    1.0648791584E+02,    0.0000000000E+00,    0.0000000000E+00,    0.0000000000E+00,    1.0648791584E+02
    103550,      0.676937,CP1_after_deposition,   1,    0.0000000000E+00,    1.0648791584E+02,    1.0648791584E+02,    0.0000000000E+00,    0.0000000000E+00,    0.0000000000E+00,    1.0648791584E+02
    103550,      0.676937,CP2_after_erosion,   1,    0.0000000000E+00,    1.0648791584E+02,    1.0648791584E+02,    0.0000000000E+00,    0.0000000000E+00,    0.0000000000E+00,    1.0648791584E+02
    103550,      0.676937,CP3_after_update_bottom,   1,    0.0000000000E+00,    1.0648791584E+02,    1.0648791584E+02,    0.0000000000E+00,    0.0000000000E+00,    0.0000000000E+00,    1.0648791584E+02
    103550,      0.676937,CP4_after_advection,   1,    0.0000000000E+00,    1.0649219042E+02,    1.0649219042E+02,    0.0000000000E+00,    0.0000000000E+00,    0.0000000000E+00,    1.0649219042E+02
    103550,      0.676937,CP5_after_vdif,   1,    0.0000000000E+00,    1.0649219042E+02,    1.0649219042E+02,    0.0000000000E+00,    0.0000000000E+00,    0.0000000000E+00,    1.0649219042E+02
    103550,      0.676937,CP6_after_kinetics,   1,    0.0000000000E+00,    1.0649219042E+02,    1.0649219042E+02,    0.0000000000E+00,    0.0000000000E+00,    0.0000000000E+00,    1.0649219042E+02
    103550,      0.676937,CP7_after_upper_clamp,   1,    0.0000000000E+00,    1.0649219042E+02,    1.0649219042E+02,    0.0000000000E+00,    0.0000000000E+00,    0.0000000000E+00,    1.0649219042E+02
    103550,      0.676937,CP8_after_OBC,   1,    0.0000000000E+00,    1.0649219042E+02,    1.0649219042E+02,    0.0000000000E+00,    0.0000000000E+00,    0.0000000000E+00,    1.0649219042E+02
    103550,      0.676937,CP9_after_PTsource,   1,    0.0000000000E+00,    1.0649219042E+02,    1.0649219042E+02,    0.0000000000E+00,    0.0000000000E+00,    0.0000000000E+00,    1.0649219042E+02
    103550,      0.676937,CP10_after_neg_clamp,   1,    0.0000000000E+00,    1.0649219042E+02,    1.0649219042E+02,    0.0000000000E+00,    0.0000000000E+00,    0.0000000000E+00,    1.0649219042E+02
    103550,      0.676937,CP11_after_MPI,   1,    0.0000000000E+00,    1.0649219042E+02,    1.0649219042E+02,    0.0000000000E+00,    0.0000000000E+00,    0.0000000000E+00,    1.0649219042E+02
    103550,      0.676937,CP12_end,   1,    0.0000000000E+00,    1.0649219042E+02,    1.0649219042E+02,    0.0000000000E+00,    0.0000000000E+00,    0.0000000000E+00,    1.0649219042E+02
    103600,      0.676937,CP0_start,   1,    0.0000000000E+00,    1.0658416504E+02,    1.0658416504E+02,    0.0000000000E+00,    0.0000000000E+00,    0.0000000000E+00,    1.0658416504E+02
    103600,      0.676937,CP1_after_deposition,   1,    0.0000000000E+00,    1.0658416504E+02,    1.0658416504E+02,    0.0000000000E+00,    0.0000000000E+00,    0.0000000000E+00,    1.0658416504E+02
    103600,      0.676937,CP2_after_erosion,   1,    0.0000000000E+00,    1.0658416504E+02,    1.0658416504E+02,    0.0000000000E+00,    0.0000000000E+00,    0.0000000000E+00,    1.0658416504E+02
    103600,      0.676937,CP3_after_update_bottom,   1,    0.0000000000E+00,    1.0658416504E+02,    1.0658416504E+02,    0.0000000000E+00,    0.0000000000E+00,    0.0000000000E+00,    1.0658416504E+02
    103600,      0.676937,CP4_after_advection,   1,    0.0000000000E+00,    1.0658843421E+02,    1.0658843421E+02,    0.0000000000E+00,    0.0000000000E+00,    0.0000000000E+00,    1.0658843421E+02
    103600,      0.676937,CP5_after_vdif,   1,    0.0000000000E+00,    1.0658843421E+02,    1.0658843421E+02,    0.0000000000E+00,    0.0000000000E+00,    0.0000000000E+00,    1.0658843421E+02
    103600,      0.676937,CP6_after_kinetics,   1,    0.0000000000E+00,    1.0658843421E+02,    1.0658843421E+02,    0.0000000000E+00,    0.0000000000E+00,    0.0000000000E+00,    1.0658843421E+02
    103600,      0.676937,CP7_after_upper_clamp,   1,    0.0000000000E+00,    1.0658843421E+02,    1.0658843421E+02,    0.0000000000E+00,    0.0000000000E+00,    0.0000000000E+00,    1.0658843421E+02
    103600,      0.676937,CP8_after_OBC,   1,    0.0000000000E+00,    1.0658843421E+02,    1.0658843421E+02,    0.0000000000E+00,    0.0000000000E+00,    0.0000000000E+00,    1.0658843421E+02
    103600,      0.676937,CP9_after_PTsource,   1,    0.0000000000E+00,    1.0658843421E+02,    1.0658843421E+02,    0.0000000000E+00,    0.0000000000E+00,    0.0000000000E+00,    1.0658843421E+02
    103600,      0.676937,CP10_after_neg_clamp,   1,    0.0000000000E+00,    1.0658843421E+02,    1.0658843421E+02,    0.0000000000E+00,    0.0000000000E+00,    0.0000000000E+00,    1.0658843421E+02
    103600,      0.676937,CP11_after_MPI,   1,    0.0000000000E+00,    1.0658843421E+02,    1.0658843421E+02,    0.0000000000E+00,    0.0000000000E+00,    0.0000000000E+00,    1.0658843421E+02
    103600,      0.676937,CP12_end,   1,    0.0000000000E+00,    1.0658843421E+02,    1.0658843421E+02,    0.0000000000E+00,    0.0000000000E+00,    0.0000000000E+00,    1.0658843421E+02
    103650,      0.676937,CP0_start,   1,    0.0000000000E+00,    1.0668074661E+02,    1.0668074661E+02,    0.0000000000E+00,    0.0000000000E+00,    0.0000000000E+00,    1.0668074661E+02
    103650,      0.676937,CP1_after_deposition,   1,    0.0000000000E+00,    1.0668074661E+02,    1.0668074661E+02,    0.0000000000E+00,    0.0000000000E+00,    0.0000000000E+00,    1.0668074661E+02
    103650,      0.676937,CP2_after_erosion,   1,    0.0000000000E+00,    1.0668074661E+02,    1.0668074661E+02,    0.0000000000E+00,    0.0000000000E+00,    0.0000000000E+00,    1.0668074661E+02
    103650,      0.676937,CP3_after_update_bottom,   1,    0.0000000000E+00,    1.0668074661E+02,    1.0668074661E+02,    0.0000000000E+00,    0.0000000000E+00,    0.0000000000E+00,    1.0668074661E+02
    103650,      0.676937,CP4_after_advection,   1,    0.0000000000E+00,    1.0668500957E+02,    1.0668500957E+02,    0.0000000000E+00,    0.0000000000E+00,    0.0000000000E+00,    1.0668500957E+02
    103650,      0.676937,CP5_after_vdif,   1,    0.0000000000E+00,    1.0668500957E+02,    1.0668500957E+02,    0.0000000000E+00,    0.0000000000E+00,    0.0000000000E+00,    1.0668500957E+02
    103650,      0.676937,CP6_after_kinetics,   1,    0.0000000000E+00,    1.0668500957E+02,    1.0668500957E+02,    0.0000000000E+00,    0.0000000000E+00,    0.0000000000E+00,    1.0668500957E+02
    103650,      0.676937,CP7_after_upper_clamp,   1,    0.0000000000E+00,    1.0668500957E+02,    1.0668500957E+02,    0.0000000000E+00,    0.0000000000E+00,    0.0000000000E+00,    1.0668500957E+02
    103650,      0.676937,CP8_after_OBC,   1,    0.0000000000E+00,    1.0668500957E+02,    1.0668500957E+02,    0.0000000000E+00,    0.0000000000E+00,    0.0000000000E+00,    1.0668500957E+02
    103650,      0.676937,CP9_after_PTsource,   1,    0.0000000000E+00,    1.0668500957E+02,    1.0668500957E+02,    0.0000000000E+00,    0.0000000000E+00,    0.0000000000E+00,    1.0668500957E+02
    103650,      0.676937,CP10_after_neg_clamp,   1,    0.0000000000E+00,    1.0668500957E+02,    1.0668500957E+02,    0.0000000000E+00,    0.0000000000E+00,    0.0000000000E+00,    1.0668500957E+02
    103650,      0.676937,CP11_after_MPI,   1,    0.0000000000E+00,    1.0668500957E+02,    1.0668500957E+02,    0.0000000000E+00,    0.0000000000E+00,    0.0000000000E+00,    1.0668500957E+02
    103650,      0.676937,CP12_end,   1,    0.0000000000E+00,    1.0668500957E+02,    1.0668500957E+02,    0.0000000000E+00,    0.0000000000E+00,    0.0000000000E+00,    1.0668500957E+02
    103700,      0.676938,CP0_start,   1,    0.0000000000E+00,    1.0677762480E+02,    1.0677762480E+02,    0.0000000000E+00,    0.0000000000E+00,    0.0000000000E+00,    1.0677762480E+02
    103700,      0.676938,CP1_after_deposition,   1,    0.0000000000E+00,    1.0677762480E+02,    1.0677762480E+02,    0.0000000000E+00,    0.0000000000E+00,    0.0000000000E+00,    1.0677762480E+02
    103700,      0.676938,CP2_after_erosion,   1,    0.0000000000E+00,    1.0677762480E+02,    1.0677762480E+02,    0.0000000000E+00,    0.0000000000E+00,    0.0000000000E+00,    1.0677762480E+02
    103700,      0.676938,CP3_after_update_bottom,   1,    0.0000000000E+00,    1.0677762480E+02,    1.0677762480E+02,    0.0000000000E+00,    0.0000000000E+00,    0.0000000000E+00,    1.0677762480E+02
    103700,      0.676938,CP4_after_advection,   1,    0.0000000000E+00,    1.0678187843E+02,    1.0678187843E+02,    0.0000000000E+00,    0.0000000000E+00,    0.0000000000E+00,    1.0678187843E+02
    103700,      0.676938,CP5_after_vdif,   1,    0.0000000000E+00,    1.0678187843E+02,    1.0678187843E+02,    0.0000000000E+00,    0.0000000000E+00,    0.0000000000E+00,    1.0678187843E+02
    103700,      0.676938,CP6_after_kinetics,   1,    0.0000000000E+00,    1.0678187843E+02,    1.0678187843E+02,    0.0000000000E+00,    0.0000000000E+00,    0.0000000000E+00,    1.0678187843E+02
    103700,      0.676938,CP7_after_upper_clamp,   1,    0.0000000000E+00,    1.0678187843E+02,    1.0678187843E+02,    0.0000000000E+00,    0.0000000000E+00,    0.0000000000E+00,    1.0678187843E+02
    103700,      0.676938,CP8_after_OBC,   1,    0.0000000000E+00,    1.0678187843E+02,    1.0678187843E+02,    0.0000000000E+00,    0.0000000000E+00,    0.0000000000E+00,    1.0678187843E+02
    103700,      0.676938,CP9_after_PTsource,   1,    0.0000000000E+00,    1.0678187843E+02,    1.0678187843E+02,    0.0000000000E+00,    0.0000000000E+00,    0.0000000000E+00,    1.0678187843E+02
    103700,      0.676938,CP10_after_neg_clamp,   1,    0.0000000000E+00,    1.0678187843E+02,    1.0678187843E+02,    0.0000000000E+00,    0.0000000000E+00,    0.0000000000E+00,    1.0678187843E+02
    103700,      0.676938,CP11_after_MPI,   1,    0.0000000000E+00,    1.0678187843E+02,    1.0678187843E+02,    0.0000000000E+00,    0.0000000000E+00,    0.0000000000E+00,    1.0678187843E+02
    103700,      0.676938,CP12_end,   1,    0.0000000000E+00,    1.0678187843E+02,    1.0678187843E+02,    0.0000000000E+00,    0.0000000000E+00,    0.0000000000E+00,    1.0678187843E+02
    103750,      0.676938,CP0_start,   1,    0.0000000000E+00,    1.0687479303E+02,    1.0687479303E+02,    0.0000000000E+00,    0.0000000000E+00,    0.0000000000E+00,    1.0687479303E+02
    103750,      0.676938,CP1_after_deposition,   1,    0.0000000000E+00,    1.0687479303E+02,    1.0687479303E+02,    0.0000000000E+00,    0.0000000000E+00,    0.0000000000E+00,    1.0687479303E+02
    103750,      0.676938,CP2_after_erosion,   1,    0.0000000000E+00,    1.0687479303E+02,    1.0687479303E+02,    0.0000000000E+00,    0.0000000000E+00,    0.0000000000E+00,    1.0687479303E+02
    103750,      0.676938,CP3_after_update_bottom,   1,    0.0000000000E+00,    1.0687479303E+02,    1.0687479303E+02,    0.0000000000E+00,    0.0000000000E+00,    0.0000000000E+00,    1.0687479303E+02
    103750,      0.676938,CP4_after_advection,   1,    0.0000000000E+00,    1.0687903848E+02,    1.0687903848E+02,    0.0000000000E+00,    0.0000000000E+00,    0.0000000000E+00,    1.0687903848E+02
    103750,      0.676938,CP5_after_vdif,   1,    0.0000000000E+00,    1.0687903848E+02,    1.0687903848E+02,    0.0000000000E+00,    0.0000000000E+00,    0.0000000000E+00,    1.0687903848E+02
    103750,      0.676938,CP6_after_kinetics,   1,    0.0000000000E+00,    1.0687903848E+02,    1.0687903848E+02,    0.0000000000E+00,    0.0000000000E+00,    0.0000000000E+00,    1.0687903848E+02
    103750,      0.676938,CP7_after_upper_clamp,   1,    0.0000000000E+00,    1.0687903848E+02,    1.0687903848E+02,    0.0000000000E+00,    0.0000000000E+00,    0.0000000000E+00,    1.0687903848E+02
    103750,      0.676938,CP8_after_OBC,   1,    0.0000000000E+00,    1.0687903848E+02,    1.0687903848E+02,    0.0000000000E+00,    0.0000000000E+00,    0.0000000000E+00,    1.0687903848E+02
    103750,      0.676938,CP9_after_PTsource,   1,    0.0000000000E+00,    1.0687903848E+02,    1.0687903848E+02,    0.0000000000E+00,    0.0000000000E+00,    0.0000000000E+00,    1.0687903848E+02
    103750,      0.676938,CP10_after_neg_clamp,   1,    0.0000000000E+00,    1.0687903848E+02,    1.0687903848E+02,    0.0000000000E+00,    0.0000000000E+00,    0.0000000000E+00,    1.0687903848E+02
    103750,      0.676938,CP11_after_MPI,   1,    0.0000000000E+00,    1.0687903848E+02,    1.0687903848E+02,    0.0000000000E+00,    0.0000000000E+00,    0.0000000000E+00,    1.0687903848E+02
    103750,      0.676938,CP12_end,   1,    0.0000000000E+00,    1.0687903848E+02,    1.0687903848E+02,    0.0000000000E+00,    0.0000000000E+00,    0.0000000000E+00,    1.0687903848E+02
    103800,      0.676938,CP0_start,   1,    0.0000000000E+00,    1.0697212347E+02,    1.0697212347E+02,    0.0000000000E+00,    0.0000000000E+00,    0.0000000000E+00,    1.0697212347E+02
    103800,      0.676938,CP1_after_deposition,   1,    0.0000000000E+00,    1.0697212347E+02,    1.0697212347E+02,    0.0000000000E+00,    0.0000000000E+00,    0.0000000000E+00,    1.0697212347E+02
    103800,      0.676938,CP2_after_erosion,   1,    0.0000000000E+00,    1.0697212347E+02,    1.0697212347E+02,    0.0000000000E+00,    0.0000000000E+00,    0.0000000000E+00,    1.0697212347E+02
    103800,      0.676938,CP3_after_update_bottom,   1,    0.0000000000E+00,    1.0697212347E+02,    1.0697212347E+02,    0.0000000000E+00,    0.0000000000E+00,    0.0000000000E+00,    1.0697212347E+02
    103800,      0.676938,CP4_after_advection,   1,    0.0000000000E+00,    1.0697635846E+02,    1.0697635846E+02,    0.0000000000E+00,    0.0000000000E+00,    0.0000000000E+00,    1.0697635846E+02
    103800,      0.676938,CP5_after_vdif,   1,    0.0000000000E+00,    1.0697635846E+02,    1.0697635846E+02,    0.0000000000E+00,    0.0000000000E+00,    0.0000000000E+00,    1.0697635846E+02
    103800,      0.676938,CP6_after_kinetics,   1,    0.0000000000E+00,    1.0697635846E+02,    1.0697635846E+02,    0.0000000000E+00,    0.0000000000E+00,    0.0000000000E+00,    1.0697635846E+02
    103800,      0.676938,CP7_after_upper_clamp,   1,    0.0000000000E+00,    1.0697635846E+02,    1.0697635846E+02,    0.0000000000E+00,    0.0000000000E+00,    0.0000000000E+00,    1.0697635846E+02
    103800,      0.676938,CP8_after_OBC,   1,    0.0000000000E+00,    1.0697635846E+02,    1.0697635846E+02,    0.0000000000E+00,    0.0000000000E+00,    0.0000000000E+00,    1.0697635846E+02
    103800,      0.676938,CP9_after_PTsource,   1,    0.0000000000E+00,    1.0697635846E+02,    1.0697635846E+02,    0.0000000000E+00,    0.0000000000E+00,    0.0000000000E+00,    1.0697635846E+02
    103800,      0.676938,CP10_after_neg_clamp,   1,    0.0000000000E+00,    1.0697635846E+02,    1.0697635846E+02,    0.0000000000E+00,    0.0000000000E+00,    0.0000000000E+00,    1.0697635846E+02
    103800,      0.676938,CP11_after_MPI,   1,    0.0000000000E+00,    1.0697635846E+02,    1.0697635846E+02,    0.0000000000E+00,    0.0000000000E+00,    0.0000000000E+00,    1.0697635846E+02
    103800,      0.676938,CP12_end,   1,    0.0000000000E+00,    1.0697635846E+02,    1.0697635846E+02,    0.0000000000E+00,    0.0000000000E+00,    0.0000000000E+00,    1.0697635846E+02
    103850,      0.676938,CP0_start,   1,    0.0000000000E+00,    1.0706962647E+02,    1.0706962647E+02,    0.0000000000E+00,    0.0000000000E+00,    0.0000000000E+00,    1.0706962647E+02
    103850,      0.676938,CP1_after_deposition,   1,    0.0000000000E+00,    1.0706962647E+02,    1.0706962647E+02,    0.0000000000E+00,    0.0000000000E+00,    0.0000000000E+00,    1.0706962647E+02
    103850,      0.676938,CP2_after_erosion,   1,    0.0000000000E+00,    1.0706962647E+02,    1.0706962647E+02,    0.0000000000E+00,    0.0000000000E+00,    0.0000000000E+00,    1.0706962647E+02
    103850,      0.676938,CP3_after_update_bottom,   1,    0.0000000000E+00,    1.0706962647E+02,    1.0706962647E+02,    0.0000000000E+00,    0.0000000000E+00,    0.0000000000E+00,    1.0706962647E+02
    103850,      0.676938,CP4_after_advection,   1,    0.0000000000E+00,    1.0707384988E+02,    1.0707384988E+02,    0.0000000000E+00,    0.0000000000E+00,    0.0000000000E+00,    1.0707384988E+02
    103850,      0.676938,CP5_after_vdif,   1,    0.0000000000E+00,    1.0707384988E+02,    1.0707384988E+02,    0.0000000000E+00,    0.0000000000E+00,    0.0000000000E+00,    1.0707384988E+02
    103850,      0.676938,CP6_after_kinetics,   1,    0.0000000000E+00,    1.0707384988E+02,    1.0707384988E+02,    0.0000000000E+00,    0.0000000000E+00,    0.0000000000E+00,    1.0707384988E+02
    103850,      0.676938,CP7_after_upper_clamp,   1,    0.0000000000E+00,    1.0707384988E+02,    1.0707384988E+02,    0.0000000000E+00,    0.0000000000E+00,    0.0000000000E+00,    1.0707384988E+02
    103850,      0.676938,CP8_after_OBC,   1,    0.0000000000E+00,    1.0707384988E+02,    1.0707384988E+02,    0.0000000000E+00,    0.0000000000E+00,    0.0000000000E+00,    1.0707384988E+02
    103850,      0.676938,CP9_after_PTsource,   1,    0.0000000000E+00,    1.0707384988E+02,    1.0707384988E+02,    0.0000000000E+00,    0.0000000000E+00,    0.0000000000E+00,    1.0707384988E+02
    103850,      0.676938,CP10_after_neg_clamp,   1,    0.0000000000E+00,    1.0707384988E+02,    1.0707384988E+02,    0.0000000000E+00,    0.0000000000E+00,    0.0000000000E+00,    1.0707384988E+02
    103850,      0.676938,CP11_after_MPI,   1,    0.0000000000E+00,    1.0707384988E+02,    1.0707384988E+02,    0.0000000000E+00,    0.0000000000E+00,    0.0000000000E+00,    1.0707384988E+02
    103850,      0.676938,CP12_end,   1,    0.0000000000E+00,    1.0707384988E+02,    1.0707384988E+02,    0.0000000000E+00,    0.0000000000E+00,    0.0000000000E+00,    1.0707384988E+02
    103900,      0.676938,CP0_start,   1,    0.0000000000E+00,    1.0716719539E+02,    1.0716719539E+02,    0.0000000000E+00,    0.0000000000E+00,    0.0000000000E+00,    1.0716719539E+02
    103900,      0.676938,CP1_after_deposition,   1,    0.0000000000E+00,    1.0716719539E+02,    1.0716719539E+02,    0.0000000000E+00,    0.0000000000E+00,    0.0000000000E+00,    1.0716719539E+02
    103900,      0.676938,CP2_after_erosion,   1,    0.0000000000E+00,    1.0716719539E+02,    1.0716719539E+02,    0.0000000000E+00,    0.0000000000E+00,    0.0000000000E+00,    1.0716719539E+02
    103900,      0.676938,CP3_after_update_bottom,   1,    0.0000000000E+00,    1.0716719539E+02,    1.0716719539E+02,    0.0000000000E+00,    0.0000000000E+00,    0.0000000000E+00,    1.0716719539E+02
    103900,      0.676938,CP4_after_advection,   1,    0.0000000000E+00,    1.0717140575E+02,    1.0717140575E+02,    0.0000000000E+00,    0.0000000000E+00,    0.0000000000E+00,    1.0717140575E+02
    103900,      0.676938,CP5_after_vdif,   1,    0.0000000000E+00,    1.0717140575E+02,    1.0717140575E+02,    0.0000000000E+00,    0.0000000000E+00,    0.0000000000E+00,    1.0717140575E+02
    103900,      0.676938,CP6_after_kinetics,   1,    0.0000000000E+00,    1.0717140575E+02,    1.0717140575E+02,    0.0000000000E+00,    0.0000000000E+00,    0.0000000000E+00,    1.0717140575E+02
    103900,      0.676938,CP7_after_upper_clamp,   1,    0.0000000000E+00,    1.0717140575E+02,    1.0717140575E+02,    0.0000000000E+00,    0.0000000000E+00,    0.0000000000E+00,    1.0717140575E+02
    103900,      0.676938,CP8_after_OBC,   1,    0.0000000000E+00,    1.0717140575E+02,    1.0717140575E+02,    0.0000000000E+00,    0.0000000000E+00,    0.0000000000E+00,    1.0717140575E+02
    103900,      0.676938,CP9_after_PTsource,   1,    0.0000000000E+00,    1.0717140575E+02,    1.0717140575E+02,    0.0000000000E+00,    0.0000000000E+00,    0.0000000000E+00,    1.0717140575E+02
    103900,      0.676938,CP10_after_neg_clamp,   1,    0.0000000000E+00,    1.0717140575E+02,    1.0717140575E+02,    0.0000000000E+00,    0.0000000000E+00,    0.0000000000E+00,    1.0717140575E+02
    103900,      0.676938,CP11_after_MPI,   1,    0.0000000000E+00,    1.0717140575E+02,    1.0717140575E+02,    0.0000000000E+00,    0.0000000000E+00,    0.0000000000E+00,    1.0717140575E+02
    103900,      0.676938,CP12_end,   1,    0.0000000000E+00,    1.0717140575E+02,    1.0717140575E+02,    0.0000000000E+00,    0.0000000000E+00,    0.0000000000E+00,    1.0717140575E+02
    103950,      0.676938,CP0_start,   1,    0.0000000000E+00,    1.0726477511E+02,    1.0726477511E+02,    0.0000000000E+00,    0.0000000000E+00,    0.0000000000E+00,    1.0726477511E+02
    103950,      0.676938,CP1_after_deposition,   1,    0.0000000000E+00,    1.0726477511E+02,    1.0726477511E+02,    0.0000000000E+00,    0.0000000000E+00,    0.0000000000E+00,    1.0726477511E+02
    103950,      0.676938,CP2_after_erosion,   1,    0.0000000000E+00,    1.0726477511E+02,    1.0726477511E+02,    0.0000000000E+00,    0.0000000000E+00,    0.0000000000E+00,    1.0726477511E+02
    103950,      0.676938,CP3_after_update_bottom,   1,    0.0000000000E+00,    1.0726477511E+02,    1.0726477511E+02,    0.0000000000E+00,    0.0000000000E+00,    0.0000000000E+00,    1.0726477511E+02
    103950,      0.676938,CP4_after_advection,   1,    0.0000000000E+00,    1.0726897147E+02,    1.0726897147E+02,    0.0000000000E+00,    0.0000000000E+00,    0.0000000000E+00,    1.0726897147E+02
    103950,      0.676938,CP5_after_vdif,   1,    0.0000000000E+00,    1.0726897147E+02,    1.0726897147E+02,    0.0000000000E+00,    0.0000000000E+00,    0.0000000000E+00,    1.0726897147E+02
    103950,      0.676938,CP6_after_kinetics,   1,    0.0000000000E+00,    1.0726897147E+02,    1.0726897147E+02,    0.0000000000E+00,    0.0000000000E+00,    0.0000000000E+00,    1.0726897147E+02
    103950,      0.676938,CP7_after_upper_clamp,   1,    0.0000000000E+00,    1.0726897147E+02,    1.0726897147E+02,    0.0000000000E+00,    0.0000000000E+00,    0.0000000000E+00,    1.0726897147E+02
    103950,      0.676938,CP8_after_OBC,   1,    0.0000000000E+00,    1.0726897147E+02,    1.0726897147E+02,    0.0000000000E+00,    0.0000000000E+00,    0.0000000000E+00,    1.0726897147E+02
    103950,      0.676938,CP9_after_PTsource,   1,    0.0000000000E+00,    1.0726897147E+02,    1.0726897147E+02,    0.0000000000E+00,    0.0000000000E+00,    0.0000000000E+00,    1.0726897147E+02
    103950,      0.676938,CP10_after_neg_clamp,   1,    0.0000000000E+00,    1.0726897147E+02,    1.0726897147E+02,    0.0000000000E+00,    0.0000000000E+00,    0.0000000000E+00,    1.0726897147E+02
    103950,      0.676938,CP11_after_MPI,   1,    0.0000000000E+00,    1.0726897147E+02,    1.0726897147E+02,    0.0000000000E+00,    0.0000000000E+00,    0.0000000000E+00,    1.0726897147E+02
    103950,      0.676938,CP12_end,   1,    0.0000000000E+00,    1.0726897147E+02,    1.0726897147E+02,    0.0000000000E+00,    0.0000000000E+00,    0.0000000000E+00,    1.0726897147E+02
    104000,      0.676938,CP0_start,   1,    0.0000000000E+00,    1.0736229792E+02,    1.0736229792E+02,    0.0000000000E+00,    0.0000000000E+00,    0.0000000000E+00,    1.0736229792E+02
    104000,      0.676938,CP1_after_deposition,   1,    0.0000000000E+00,    1.0736229792E+02,    1.0736229792E+02,    0.0000000000E+00,    0.0000000000E+00,    0.0000000000E+00,    1.0736229792E+02
    104000,      0.676938,CP2_after_erosion,   1,    0.0000000000E+00,    1.0736229792E+02,    1.0736229792E+02,    0.0000000000E+00,    0.0000000000E+00,    0.0000000000E+00,    1.0736229792E+02
    104000,      0.676938,CP3_after_update_bottom,   1,    0.0000000000E+00,    1.0736229792E+02,    1.0736229792E+02,    0.0000000000E+00,    0.0000000000E+00,    0.0000000000E+00,    1.0736229792E+02
    104000,      0.676938,CP4_after_advection,   1,    0.0000000000E+00,    1.0736647893E+02,    1.0736647893E+02,    0.0000000000E+00,    0.0000000000E+00,    0.0000000000E+00,    1.0736647893E+02
    104000,      0.676938,CP5_after_vdif,   1,    0.0000000000E+00,    1.0736647893E+02,    1.0736647893E+02,    0.0000000000E+00,    0.0000000000E+00,    0.0000000000E+00,    1.0736647893E+02
    104000,      0.676938,CP6_after_kinetics,   1,    0.0000000000E+00,    1.0736647893E+02,    1.0736647893E+02,    0.0000000000E+00,    0.0000000000E+00,    0.0000000000E+00,    1.0736647893E+02
    104000,      0.676938,CP7_after_upper_clamp,   1,    0.0000000000E+00,    1.0736647893E+02,    1.0736647893E+02,    0.0000000000E+00,    0.0000000000E+00,    0.0000000000E+00,    1.0736647893E+02
    104000,      0.676938,CP8_after_OBC,   1,    0.0000000000E+00,    1.0736647893E+02,    1.0736647893E+02,    0.0000000000E+00,    0.0000000000E+00,    0.0000000000E+00,    1.0736647893E+02
    104000,      0.676938,CP9_after_PTsource,   1,    0.0000000000E+00,    1.0736647893E+02,    1.0736647893E+02,    0.0000000000E+00,    0.0000000000E+00,    0.0000000000E+00,    1.0736647893E+02
    104000,      0.676938,CP10_after_neg_clamp,   1,    0.0000000000E+00,    1.0736647893E+02,    1.0736647893E+02,    0.0000000000E+00,    0.0000000000E+00,    0.0000000000E+00,    1.0736647893E+02
    104000,      0.676938,CP11_after_MPI,   1,    0.0000000000E+00,    1.0736647893E+02,    1.0736647893E+02,    0.0000000000E+00,    0.0000000000E+00,    0.0000000000E+00,    1.0736647893E+02
    104000,      0.676938,CP12_end,   1,    0.0000000000E+00,    1.0736647893E+02,    1.0736647893E+02,    0.0000000000E+00,    0.0000000000E+00,    0.0000000000E+00,    1.0736647893E+02
    104050,      0.676938,CP0_start,   1,    0.0000000000E+00,    1.0745966184E+02,    1.0745966184E+02,    0.0000000000E+00,    0.0000000000E+00,    0.0000000000E+00,    1.0745966184E+02
    104050,      0.676938,CP1_after_deposition,   1,    0.0000000000E+00,    1.0745966184E+02,    1.0745966184E+02,    0.0000000000E+00,    0.0000000000E+00,    0.0000000000E+00,    1.0745966184E+02
    104050,      0.676938,CP2_after_erosion,   1,    0.0000000000E+00,    1.0745966184E+02,    1.0745966184E+02,    0.0000000000E+00,    0.0000000000E+00,    0.0000000000E+00,    1.0745966184E+02
    104050,      0.676938,CP3_after_update_bottom,   1,    0.0000000000E+00,    1.0745966184E+02,    1.0745966184E+02,    0.0000000000E+00,    0.0000000000E+00,    0.0000000000E+00,    1.0745966184E+02
    104050,      0.676938,CP4_after_advection,   1,    0.0000000000E+00,    1.0746382789E+02,    1.0746382789E+02,    0.0000000000E+00,    0.0000000000E+00,    0.0000000000E+00,    1.0746382789E+02
    104050,      0.676938,CP5_after_vdif,   1,    0.0000000000E+00,    1.0746382789E+02,    1.0746382789E+02,    0.0000000000E+00,    0.0000000000E+00,    0.0000000000E+00,    1.0746382789E+02
    104050,      0.676938,CP6_after_kinetics,   1,    0.0000000000E+00,    1.0746382789E+02,    1.0746382789E+02,    0.0000000000E+00,    0.0000000000E+00,    0.0000000000E+00,    1.0746382789E+02
    104050,      0.676938,CP7_after_upper_clamp,   1,    0.0000000000E+00,    1.0746382789E+02,    1.0746382789E+02,    0.0000000000E+00,    0.0000000000E+00,    0.0000000000E+00,    1.0746382789E+02
    104050,      0.676938,CP8_after_OBC,   1,    0.0000000000E+00,    1.0746382789E+02,    1.0746382789E+02,    0.0000000000E+00,    0.0000000000E+00,    0.0000000000E+00,    1.0746382789E+02
    104050,      0.676938,CP9_after_PTsource,   1,    0.0000000000E+00,    1.0746382789E+02,    1.0746382789E+02,    0.0000000000E+00,    0.0000000000E+00,    0.0000000000E+00,    1.0746382789E+02
    104050,      0.676938,CP10_after_neg_clamp,   1,    0.0000000000E+00,    1.0746382789E+02,    1.0746382789E+02,    0.0000000000E+00,    0.0000000000E+00,    0.0000000000E+00,    1.0746382789E+02
    104050,      0.676938,CP11_after_MPI,   1,    0.0000000000E+00,    1.0746382789E+02,    1.0746382789E+02,    0.0000000000E+00,    0.0000000000E+00,    0.0000000000E+00,    1.0746382789E+02
    104050,      0.676938,CP12_end,   1,    0.0000000000E+00,    1.0746382789E+02,    1.0746382789E+02,    0.0000000000E+00,    0.0000000000E+00,    0.0000000000E+00,    1.0746382789E+02
    104100,      0.676938,CP0_start,   1,    0.0000000000E+00,    1.0755686649E+02,    1.0755686649E+02,    0.0000000000E+00,    0.0000000000E+00,    0.0000000000E+00,    1.0755686649E+02
    104100,      0.676938,CP1_after_deposition,   1,    0.0000000000E+00,    1.0755686649E+02,    1.0755686649E+02,    0.0000000000E+00,    0.0000000000E+00,    0.0000000000E+00,    1.0755686649E+02
    104100,      0.676938,CP2_after_erosion,   1,    0.0000000000E+00,    1.0755686649E+02,    1.0755686649E+02,    0.0000000000E+00,    0.0000000000E+00,    0.0000000000E+00,    1.0755686649E+02
    104100,      0.676938,CP3_after_update_bottom,   1,    0.0000000000E+00,    1.0755686649E+02,    1.0755686649E+02,    0.0000000000E+00,    0.0000000000E+00,    0.0000000000E+00,    1.0755686649E+02
    104100,      0.676938,CP4_after_advection,   1,    0.0000000000E+00,    1.0756101806E+02,    1.0756101806E+02,    0.0000000000E+00,    0.0000000000E+00,    0.0000000000E+00,    1.0756101806E+02
    104100,      0.676938,CP5_after_vdif,   1,    0.0000000000E+00,    1.0756101806E+02,    1.0756101806E+02,    0.0000000000E+00,    0.0000000000E+00,    0.0000000000E+00,    1.0756101806E+02
    104100,      0.676938,CP6_after_kinetics,   1,    0.0000000000E+00,    1.0756101806E+02,    1.0756101806E+02,    0.0000000000E+00,    0.0000000000E+00,    0.0000000000E+00,    1.0756101806E+02
    104100,      0.676938,CP7_after_upper_clamp,   1,    0.0000000000E+00,    1.0756101806E+02,    1.0756101806E+02,    0.0000000000E+00,    0.0000000000E+00,    0.0000000000E+00,    1.0756101806E+02
    104100,      0.676938,CP8_after_OBC,   1,    0.0000000000E+00,    1.0756101806E+02,    1.0756101806E+02,    0.0000000000E+00,    0.0000000000E+00,    0.0000000000E+00,    1.0756101806E+02
    104100,      0.676938,CP9_after_PTsource,   1,    0.0000000000E+00,    1.0756101806E+02,    1.0756101806E+02,    0.0000000000E+00,    0.0000000000E+00,    0.0000000000E+00,    1.0756101806E+02
    104100,      0.676938,CP10_after_neg_clamp,   1,    0.0000000000E+00,    1.0756101806E+02,    1.0756101806E+02,    0.0000000000E+00,    0.0000000000E+00,    0.0000000000E+00,    1.0756101806E+02
    104100,      0.676938,CP11_after_MPI,   1,    0.0000000000E+00,    1.0756101806E+02,    1.0756101806E+02,    0.0000000000E+00,    0.0000000000E+00,    0.0000000000E+00,    1.0756101806E+02
    104100,      0.676938,CP12_end,   1,    0.0000000000E+00,    1.0756101806E+02,    1.0756101806E+02,    0.0000000000E+00,    0.0000000000E+00,    0.0000000000E+00,    1.0756101806E+02
    104150,      0.676938,CP0_start,   1,    0.0000000000E+00,    1.0765390958E+02,    1.0765390958E+02,    0.0000000000E+00,    0.0000000000E+00,    0.0000000000E+00,    1.0765390958E+02
    104150,      0.676938,CP1_after_deposition,   1,    0.0000000000E+00,    1.0765390958E+02,    1.0765390958E+02,    0.0000000000E+00,    0.0000000000E+00,    0.0000000000E+00,    1.0765390958E+02
    104150,      0.676938,CP2_after_erosion,   1,    0.0000000000E+00,    1.0765390958E+02,    1.0765390958E+02,    0.0000000000E+00,    0.0000000000E+00,    0.0000000000E+00,    1.0765390958E+02
    104150,      0.676938,CP3_after_update_bottom,   1,    0.0000000000E+00,    1.0765390958E+02,    1.0765390958E+02,    0.0000000000E+00,    0.0000000000E+00,    0.0000000000E+00,    1.0765390958E+02
    104150,      0.676938,CP4_after_advection,   1,    0.0000000000E+00,    1.0765804177E+02,    1.0765804177E+02,    0.0000000000E+00,    0.0000000000E+00,    0.0000000000E+00,    1.0765804177E+02
    104150,      0.676938,CP5_after_vdif,   1,    0.0000000000E+00,    1.0765804177E+02,    1.0765804177E+02,    0.0000000000E+00,    0.0000000000E+00,    0.0000000000E+00,    1.0765804177E+02
    104150,      0.676938,CP6_after_kinetics,   1,    0.0000000000E+00,    1.0765804177E+02,    1.0765804177E+02,    0.0000000000E+00,    0.0000000000E+00,    0.0000000000E+00,    1.0765804177E+02
    104150,      0.676938,CP7_after_upper_clamp,   1,    0.0000000000E+00,    1.0765804177E+02,    1.0765804177E+02,    0.0000000000E+00,    0.0000000000E+00,    0.0000000000E+00,    1.0765804177E+02
    104150,      0.676938,CP8_after_OBC,   1,    0.0000000000E+00,    1.0765804177E+02,    1.0765804177E+02,    0.0000000000E+00,    0.0000000000E+00,    0.0000000000E+00,    1.0765804177E+02
    104150,      0.676938,CP9_after_PTsource,   1,    0.0000000000E+00,    1.0765804177E+02,    1.0765804177E+02,    0.0000000000E+00,    0.0000000000E+00,    0.0000000000E+00,    1.0765804177E+02
    104150,      0.676938,CP10_after_neg_clamp,   1,    0.0000000000E+00,    1.0765804177E+02,    1.0765804177E+02,    0.0000000000E+00,    0.0000000000E+00,    0.0000000000E+00,    1.0765804177E+02
    104150,      0.676938,CP11_after_MPI,   1,    0.0000000000E+00,    1.0765804177E+02,    1.0765804177E+02,    0.0000000000E+00,    0.0000000000E+00,    0.0000000000E+00,    1.0765804177E+02
    104150,      0.676938,CP12_end,   1,    0.0000000000E+00,    1.0765804177E+02,    1.0765804177E+02,    0.0000000000E+00,    0.0000000000E+00,    0.0000000000E+00,    1.0765804177E+02
    104200,      0.676938,CP0_start,   1,    0.0000000000E+00,    1.0775067569E+02,    1.0775067569E+02,    0.0000000000E+00,    0.0000000000E+00,    0.0000000000E+00,    1.0775067569E+02
    104200,      0.676938,CP1_after_deposition,   1,    0.0000000000E+00,    1.0775067569E+02,    1.0775067569E+02,    0.0000000000E+00,    0.0000000000E+00,    0.0000000000E+00,    1.0775067569E+02
    104200,      0.676938,CP2_after_erosion,   1,    0.0000000000E+00,    1.0775067569E+02,    1.0775067569E+02,    0.0000000000E+00,    0.0000000000E+00,    0.0000000000E+00,    1.0775067569E+02
    104200,      0.676938,CP3_after_update_bottom,   1,    0.0000000000E+00,    1.0775067569E+02,    1.0775067569E+02,    0.0000000000E+00,    0.0000000000E+00,    0.0000000000E+00,    1.0775067569E+02
    104200,      0.676938,CP4_after_advection,   1,    0.0000000000E+00,    1.0775479151E+02,    1.0775479151E+02,    0.0000000000E+00,    0.0000000000E+00,    0.0000000000E+00,    1.0775479151E+02
    104200,      0.676938,CP5_after_vdif,   1,    0.0000000000E+00,    1.0775479151E+02,    1.0775479151E+02,    0.0000000000E+00,    0.0000000000E+00,    0.0000000000E+00,    1.0775479151E+02
    104200,      0.676938,CP6_after_kinetics,   1,    0.0000000000E+00,    1.0775479151E+02,    1.0775479151E+02,    0.0000000000E+00,    0.0000000000E+00,    0.0000000000E+00,    1.0775479151E+02
    104200,      0.676938,CP7_after_upper_clamp,   1,    0.0000000000E+00,    1.0775479151E+02,    1.0775479151E+02,    0.0000000000E+00,    0.0000000000E+00,    0.0000000000E+00,    1.0775479151E+02
    104200,      0.676938,CP8_after_OBC,   1,    0.0000000000E+00,    1.0775479151E+02,    1.0775479151E+02,    0.0000000000E+00,    0.0000000000E+00,    0.0000000000E+00,    1.0775479151E+02
    104200,      0.676938,CP9_after_PTsource,   1,    0.0000000000E+00,    1.0775479151E+02,    1.0775479151E+02,    0.0000000000E+00,    0.0000000000E+00,    0.0000000000E+00,    1.0775479151E+02
    104200,      0.676938,CP10_after_neg_clamp,   1,    0.0000000000E+00,    1.0775479151E+02,    1.0775479151E+02,    0.0000000000E+00,    0.0000000000E+00,    0.0000000000E+00,    1.0775479151E+02
    104200,      0.676938,CP11_after_MPI,   1,    0.0000000000E+00,    1.0775479151E+02,    1.0775479151E+02,    0.0000000000E+00,    0.0000000000E+00,    0.0000000000E+00,    1.0775479151E+02
    104200,      0.676938,CP12_end,   1,    0.0000000000E+00,    1.0775479151E+02,    1.0775479151E+02,    0.0000000000E+00,    0.0000000000E+00,    0.0000000000E+00,    1.0775479151E+02
    104250,      0.676938,CP0_start,   1,    0.0000000000E+00,    1.0784717119E+02,    1.0784717119E+02,    0.0000000000E+00,    0.0000000000E+00,    0.0000000000E+00,    1.0784717119E+02
    104250,      0.676938,CP1_after_deposition,   1,    0.0000000000E+00,    1.0784717119E+02,    1.0784717119E+02,    0.0000000000E+00,    0.0000000000E+00,    0.0000000000E+00,    1.0784717119E+02
    104250,      0.676938,CP2_after_erosion,   1,    0.0000000000E+00,    1.0784717119E+02,    1.0784717119E+02,    0.0000000000E+00,    0.0000000000E+00,    0.0000000000E+00,    1.0784717119E+02
    104250,      0.676938,CP3_after_update_bottom,   1,    0.0000000000E+00,    1.0784717119E+02,    1.0784717119E+02,    0.0000000000E+00,    0.0000000000E+00,    0.0000000000E+00,    1.0784717119E+02
    104250,      0.676938,CP4_after_advection,   1,    0.0000000000E+00,    1.0785126218E+02,    1.0785126218E+02,    0.0000000000E+00,    0.0000000000E+00,    0.0000000000E+00,    1.0785126218E+02
    104250,      0.676938,CP5_after_vdif,   1,    0.0000000000E+00,    1.0785126218E+02,    1.0785126218E+02,    0.0000000000E+00,    0.0000000000E+00,    0.0000000000E+00,    1.0785126218E+02
    104250,      0.676938,CP6_after_kinetics,   1,    0.0000000000E+00,    1.0785126218E+02,    1.0785126218E+02,    0.0000000000E+00,    0.0000000000E+00,    0.0000000000E+00,    1.0785126218E+02
    104250,      0.676938,CP7_after_upper_clamp,   1,    0.0000000000E+00,    1.0785126218E+02,    1.0785126218E+02,    0.0000000000E+00,    0.0000000000E+00,    0.0000000000E+00,    1.0785126218E+02
    104250,      0.676938,CP8_after_OBC,   1,    0.0000000000E+00,    1.0785126218E+02,    1.0785126218E+02,    0.0000000000E+00,    0.0000000000E+00,    0.0000000000E+00,    1.0785126218E+02
    104250,      0.676938,CP9_after_PTsource,   1,    0.0000000000E+00,    1.0785126218E+02,    1.0785126218E+02,    0.0000000000E+00,    0.0000000000E+00,    0.0000000000E+00,    1.0785126218E+02
    104250,      0.676938,CP10_after_neg_clamp,   1,    0.0000000000E+00,    1.0785126218E+02,    1.0785126218E+02,    0.0000000000E+00,    0.0000000000E+00,    0.0000000000E+00,    1.0785126218E+02
    104250,      0.676938,CP11_after_MPI,   1,    0.0000000000E+00,    1.0785126218E+02,    1.0785126218E+02,    0.0000000000E+00,    0.0000000000E+00,    0.0000000000E+00,    1.0785126218E+02
    104250,      0.676938,CP12_end,   1,    0.0000000000E+00,    1.0785126218E+02,    1.0785126218E+02,    0.0000000000E+00,    0.0000000000E+00,    0.0000000000E+00,    1.0785126218E+02
    104300,      0.676938,CP0_start,   1,    0.0000000000E+00,    1.0794335716E+02,    1.0794335716E+02,    0.0000000000E+00,    0.0000000000E+00,    0.0000000000E+00,    1.0794335716E+02
    104300,      0.676938,CP1_after_deposition,   1,    0.0000000000E+00,    1.0794335716E+02,    1.0794335716E+02,    0.0000000000E+00,    0.0000000000E+00,    0.0000000000E+00,    1.0794335716E+02
    104300,      0.676938,CP2_after_erosion,   1,    0.0000000000E+00,    1.0794335716E+02,    1.0794335716E+02,    0.0000000000E+00,    0.0000000000E+00,    0.0000000000E+00,    1.0794335716E+02
    104300,      0.676938,CP3_after_update_bottom,   1,    0.0000000000E+00,    1.0794335716E+02,    1.0794335716E+02,    0.0000000000E+00,    0.0000000000E+00,    0.0000000000E+00,    1.0794335716E+02
    104300,      0.676938,CP4_after_advection,   1,    0.0000000000E+00,    1.0794742521E+02,    1.0794742521E+02,    0.0000000000E+00,    0.0000000000E+00,    0.0000000000E+00,    1.0794742521E+02
    104300,      0.676938,CP5_after_vdif,   1,    0.0000000000E+00,    1.0794742521E+02,    1.0794742521E+02,    0.0000000000E+00,    0.0000000000E+00,    0.0000000000E+00,    1.0794742521E+02
    104300,      0.676938,CP6_after_kinetics,   1,    0.0000000000E+00,    1.0794742521E+02,    1.0794742521E+02,    0.0000000000E+00,    0.0000000000E+00,    0.0000000000E+00,    1.0794742521E+02
    104300,      0.676938,CP7_after_upper_clamp,   1,    0.0000000000E+00,    1.0794742521E+02,    1.0794742521E+02,    0.0000000000E+00,    0.0000000000E+00,    0.0000000000E+00,    1.0794742521E+02
    104300,      0.676938,CP8_after_OBC,   1,    0.0000000000E+00,    1.0794742521E+02,    1.0794742521E+02,    0.0000000000E+00,    0.0000000000E+00,    0.0000000000E+00,    1.0794742521E+02
    104300,      0.676938,CP9_after_PTsource,   1,    0.0000000000E+00,    1.0794742521E+02,    1.0794742521E+02,    0.0000000000E+00,    0.0000000000E+00,    0.0000000000E+00,    1.0794742521E+02
    104300,      0.676938,CP10_after_neg_clamp,   1,    0.0000000000E+00,    1.0794742521E+02,    1.0794742521E+02,    0.0000000000E+00,    0.0000000000E+00,    0.0000000000E+00,    1.0794742521E+02
    104300,      0.676938,CP11_after_MPI,   1,    0.0000000000E+00,    1.0794742521E+02,    1.0794742521E+02,    0.0000000000E+00,    0.0000000000E+00,    0.0000000000E+00,    1.0794742521E+02
    104300,      0.676938,CP12_end,   1,    0.0000000000E+00,    1.0794742521E+02,    1.0794742521E+02,    0.0000000000E+00,    0.0000000000E+00,    0.0000000000E+00,    1.0794742521E+02
    104350,      0.676938,CP0_start,   1,    0.0000000000E+00,    1.0803921395E+02,    1.0803921395E+02,    0.0000000000E+00,    0.0000000000E+00,    0.0000000000E+00,    1.0803921395E+02
    104350,      0.676938,CP1_after_deposition,   1,    0.0000000000E+00,    1.0803921395E+02,    1.0803921395E+02,    0.0000000000E+00,    0.0000000000E+00,    0.0000000000E+00,    1.0803921395E+02
    104350,      0.676938,CP2_after_erosion,   1,    0.0000000000E+00,    1.0803921395E+02,    1.0803921395E+02,    0.0000000000E+00,    0.0000000000E+00,    0.0000000000E+00,    1.0803921395E+02
    104350,      0.676938,CP3_after_update_bottom,   1,    0.0000000000E+00,    1.0803921395E+02,    1.0803921395E+02,    0.0000000000E+00,    0.0000000000E+00,    0.0000000000E+00,    1.0803921395E+02
    104350,      0.676938,CP4_after_advection,   1,    0.0000000000E+00,    1.0804326134E+02,    1.0804326134E+02,    0.0000000000E+00,    0.0000000000E+00,    0.0000000000E+00,    1.0804326134E+02
    104350,      0.676938,CP5_after_vdif,   1,    0.0000000000E+00,    1.0804326134E+02,    1.0804326134E+02,    0.0000000000E+00,    0.0000000000E+00,    0.0000000000E+00,    1.0804326134E+02
    104350,      0.676938,CP6_after_kinetics,   1,    0.0000000000E+00,    1.0804326134E+02,    1.0804326134E+02,    0.0000000000E+00,    0.0000000000E+00,    0.0000000000E+00,    1.0804326134E+02
    104350,      0.676938,CP7_after_upper_clamp,   1,    0.0000000000E+00,    1.0804326134E+02,    1.0804326134E+02,    0.0000000000E+00,    0.0000000000E+00,    0.0000000000E+00,    1.0804326134E+02
    104350,      0.676938,CP8_after_OBC,   1,    0.0000000000E+00,    1.0804326134E+02,    1.0804326134E+02,    0.0000000000E+00,    0.0000000000E+00,    0.0000000000E+00,    1.0804326134E+02
    104350,      0.676938,CP9_after_PTsource,   1,    0.0000000000E+00,    1.0804326134E+02,    1.0804326134E+02,    0.0000000000E+00,    0.0000000000E+00,    0.0000000000E+00,    1.0804326134E+02
    104350,      0.676938,CP10_after_neg_clamp,   1,    0.0000000000E+00,    1.0804326134E+02,    1.0804326134E+02,    0.0000000000E+00,    0.0000000000E+00,    0.0000000000E+00,    1.0804326134E+02
    104350,      0.676938,CP11_after_MPI,   1,    0.0000000000E+00,    1.0804326134E+02,    1.0804326134E+02,    0.0000000000E+00,    0.0000000000E+00,    0.0000000000E+00,    1.0804326134E+02
    104350,      0.676938,CP12_end,   1,    0.0000000000E+00,    1.0804326134E+02,    1.0804326134E+02,    0.0000000000E+00,    0.0000000000E+00,    0.0000000000E+00,    1.0804326134E+02
    104400,      0.676938,CP0_start,   1,    0.0000000000E+00,    1.0813478508E+02,    1.0813478508E+02,    0.0000000000E+00,    0.0000000000E+00,    0.0000000000E+00,    1.0813478508E+02
    104400,      0.676938,CP1_after_deposition,   1,    0.0000000000E+00,    1.0813478508E+02,    1.0813478508E+02,    0.0000000000E+00,    0.0000000000E+00,    0.0000000000E+00,    1.0813478508E+02
    104400,      0.676938,CP2_after_erosion,   1,    0.0000000000E+00,    1.0813478508E+02,    1.0813478508E+02,    0.0000000000E+00,    0.0000000000E+00,    0.0000000000E+00,    1.0813478508E+02
    104400,      0.676938,CP3_after_update_bottom,   1,    0.0000000000E+00,    1.0813478508E+02,    1.0813478508E+02,    0.0000000000E+00,    0.0000000000E+00,    0.0000000000E+00,    1.0813478508E+02
    104400,      0.676938,CP4_after_advection,   1,    0.0000000000E+00,    1.0813881364E+02,    1.0813881364E+02,    0.0000000000E+00,    0.0000000000E+00,    0.0000000000E+00,    1.0813881364E+02
    104400,      0.676938,CP5_after_vdif,   1,    0.0000000000E+00,    1.0813881364E+02,    1.0813881364E+02,    0.0000000000E+00,    0.0000000000E+00,    0.0000000000E+00,    1.0813881364E+02
    104400,      0.676938,CP6_after_kinetics,   1,    0.0000000000E+00,    1.0813881364E+02,    1.0813881364E+02,    0.0000000000E+00,    0.0000000000E+00,    0.0000000000E+00,    1.0813881364E+02
    104400,      0.676938,CP7_after_upper_clamp,   1,    0.0000000000E+00,    1.0813881364E+02,    1.0813881364E+02,    0.0000000000E+00,    0.0000000000E+00,    0.0000000000E+00,    1.0813881364E+02
    104400,      0.676938,CP8_after_OBC,   1,    0.0000000000E+00,    1.0813881364E+02,    1.0813881364E+02,    0.0000000000E+00,    0.0000000000E+00,    0.0000000000E+00,    1.0813881364E+02
    104400,      0.676938,CP9_after_PTsource,   1,    0.0000000000E+00,    1.0813881364E+02,    1.0813881364E+02,    0.0000000000E+00,    0.0000000000E+00,    0.0000000000E+00,    1.0813881364E+02
    104400,      0.676938,CP10_after_neg_clamp,   1,    0.0000000000E+00,    1.0813881364E+02,    1.0813881364E+02,    0.0000000000E+00,    0.0000000000E+00,    0.0000000000E+00,    1.0813881364E+02
    104400,      0.676938,CP11_after_MPI,   1,    0.0000000000E+00,    1.0813881364E+02,    1.0813881364E+02,    0.0000000000E+00,    0.0000000000E+00,    0.0000000000E+00,    1.0813881364E+02
    104400,      0.676938,CP12_end,   1,    0.0000000000E+00,    1.0813881364E+02,    1.0813881364E+02,    0.0000000000E+00,    0.0000000000E+00,    0.0000000000E+00,    1.0813881364E+02
    104450,      0.676938,CP0_start,   1,    0.0000000000E+00,    1.0823011517E+02,    1.0823011517E+02,    0.0000000000E+00,    0.0000000000E+00,    0.0000000000E+00,    1.0823011517E+02
    104450,      0.676938,CP1_after_deposition,   1,    0.0000000000E+00,    1.0823011517E+02,    1.0823011517E+02,    0.0000000000E+00,    0.0000000000E+00,    0.0000000000E+00,    1.0823011517E+02
    104450,      0.676938,CP2_after_erosion,   1,    0.0000000000E+00,    1.0823011517E+02,    1.0823011517E+02,    0.0000000000E+00,    0.0000000000E+00,    0.0000000000E+00,    1.0823011517E+02
    104450,      0.676938,CP3_after_update_bottom,   1,    0.0000000000E+00,    1.0823011517E+02,    1.0823011517E+02,    0.0000000000E+00,    0.0000000000E+00,    0.0000000000E+00,    1.0823011517E+02
    104450,      0.676938,CP4_after_advection,   1,    0.0000000000E+00,    1.0823412055E+02,    1.0823412055E+02,    0.0000000000E+00,    0.0000000000E+00,    0.0000000000E+00,    1.0823412055E+02
    104450,      0.676938,CP5_after_vdif,   1,    0.0000000000E+00,    1.0823412055E+02,    1.0823412055E+02,    0.0000000000E+00,    0.0000000000E+00,    0.0000000000E+00,    1.0823412055E+02
    104450,      0.676938,CP6_after_kinetics,   1,    0.0000000000E+00,    1.0823412055E+02,    1.0823412055E+02,    0.0000000000E+00,    0.0000000000E+00,    0.0000000000E+00,    1.0823412055E+02
    104450,      0.676938,CP7_after_upper_clamp,   1,    0.0000000000E+00,    1.0823412055E+02,    1.0823412055E+02,    0.0000000000E+00,    0.0000000000E+00,    0.0000000000E+00,    1.0823412055E+02
    104450,      0.676938,CP8_after_OBC,   1,    0.0000000000E+00,    1.0823412055E+02,    1.0823412055E+02,    0.0000000000E+00,    0.0000000000E+00,    0.0000000000E+00,    1.0823412055E+02
    104450,      0.676938,CP9_after_PTsource,   1,    0.0000000000E+00,    1.0823412055E+02,    1.0823412055E+02,    0.0000000000E+00,    0.0000000000E+00,    0.0000000000E+00,    1.0823412055E+02
    104450,      0.676938,CP10_after_neg_clamp,   1,    0.0000000000E+00,    1.0823412055E+02,    1.0823412055E+02,    0.0000000000E+00,    0.0000000000E+00,    0.0000000000E+00,    1.0823412055E+02
    104450,      0.676938,CP11_after_MPI,   1,    0.0000000000E+00,    1.0823412055E+02,    1.0823412055E+02,    0.0000000000E+00,    0.0000000000E+00,    0.0000000000E+00,    1.0823412055E+02
    104450,      0.676938,CP12_end,   1,    0.0000000000E+00,    1.0823412055E+02,    1.0823412055E+02,    0.0000000000E+00,    0.0000000000E+00,    0.0000000000E+00,    1.0823412055E+02
    104500,      0.676938,CP0_start,   1,    0.0000000000E+00,    1.0832513446E+02,    1.0832513446E+02,    0.0000000000E+00,    0.0000000000E+00,    0.0000000000E+00,    1.0832513446E+02
    104500,      0.676938,CP1_after_deposition,   1,    0.0000000000E+00,    1.0832513446E+02,    1.0832513446E+02,    0.0000000000E+00,    0.0000000000E+00,    0.0000000000E+00,    1.0832513446E+02
    104500,      0.676938,CP2_after_erosion,   1,    0.0000000000E+00,    1.0832513446E+02,    1.0832513446E+02,    0.0000000000E+00,    0.0000000000E+00,    0.0000000000E+00,    1.0832513446E+02
    104500,      0.676938,CP3_after_update_bottom,   1,    0.0000000000E+00,    1.0832513446E+02,    1.0832513446E+02,    0.0000000000E+00,    0.0000000000E+00,    0.0000000000E+00,    1.0832513446E+02
    104500,      0.676938,CP4_after_advection,   1,    0.0000000000E+00,    1.0832911853E+02,    1.0832911853E+02,    0.0000000000E+00,    0.0000000000E+00,    0.0000000000E+00,    1.0832911853E+02
    104500,      0.676938,CP5_after_vdif,   1,    0.0000000000E+00,    1.0832911853E+02,    1.0832911853E+02,    0.0000000000E+00,    0.0000000000E+00,    0.0000000000E+00,    1.0832911853E+02
    104500,      0.676938,CP6_after_kinetics,   1,    0.0000000000E+00,    1.0832911853E+02,    1.0832911853E+02,    0.0000000000E+00,    0.0000000000E+00,    0.0000000000E+00,    1.0832911853E+02
    104500,      0.676938,CP7_after_upper_clamp,   1,    0.0000000000E+00,    1.0832911853E+02,    1.0832911853E+02,    0.0000000000E+00,    0.0000000000E+00,    0.0000000000E+00,    1.0832911853E+02
    104500,      0.676938,CP8_after_OBC,   1,    0.0000000000E+00,    1.0832911853E+02,    1.0832911853E+02,    0.0000000000E+00,    0.0000000000E+00,    0.0000000000E+00,    1.0832911853E+02
    104500,      0.676938,CP9_after_PTsource,   1,    0.0000000000E+00,    1.0832911853E+02,    1.0832911853E+02,    0.0000000000E+00,    0.0000000000E+00,    0.0000000000E+00,    1.0832911853E+02
    104500,      0.676938,CP10_after_neg_clamp,   1,    0.0000000000E+00,    1.0832911853E+02,    1.0832911853E+02,    0.0000000000E+00,    0.0000000000E+00,    0.0000000000E+00,    1.0832911853E+02
    104500,      0.676938,CP11_after_MPI,   1,    0.0000000000E+00,    1.0832911853E+02,    1.0832911853E+02,    0.0000000000E+00,    0.0000000000E+00,    0.0000000000E+00,    1.0832911853E+02
    104500,      0.676938,CP12_end,   1,    0.0000000000E+00,    1.0832911853E+02,    1.0832911853E+02,    0.0000000000E+00,    0.0000000000E+00,    0.0000000000E+00,    1.0832911853E+02
    104550,      0.676938,CP0_start,   1,    0.0000000000E+00,    1.0841989124E+02,    1.0841989124E+02,    0.0000000000E+00,    0.0000000000E+00,    0.0000000000E+00,    1.0841989124E+02
    104550,      0.676938,CP1_after_deposition,   1,    0.0000000000E+00,    1.0841989124E+02,    1.0841989124E+02,    0.0000000000E+00,    0.0000000000E+00,    0.0000000000E+00,    1.0841989124E+02
    104550,      0.676938,CP2_after_erosion,   1,    0.0000000000E+00,    1.0841989124E+02,    1.0841989124E+02,    0.0000000000E+00,    0.0000000000E+00,    0.0000000000E+00,    1.0841989124E+02
    104550,      0.676938,CP3_after_update_bottom,   1,    0.0000000000E+00,    1.0841989124E+02,    1.0841989124E+02,    0.0000000000E+00,    0.0000000000E+00,    0.0000000000E+00,    1.0841989124E+02
    104550,      0.676938,CP4_after_advection,   1,    0.0000000000E+00,    1.0842385332E+02,    1.0842385332E+02,    0.0000000000E+00,    0.0000000000E+00,    0.0000000000E+00,    1.0842385332E+02
    104550,      0.676938,CP5_after_vdif,   1,    0.0000000000E+00,    1.0842385332E+02,    1.0842385332E+02,    0.0000000000E+00,    0.0000000000E+00,    0.0000000000E+00,    1.0842385332E+02
    104550,      0.676938,CP6_after_kinetics,   1,    0.0000000000E+00,    1.0842385332E+02,    1.0842385332E+02,    0.0000000000E+00,    0.0000000000E+00,    0.0000000000E+00,    1.0842385332E+02
    104550,      0.676938,CP7_after_upper_clamp,   1,    0.0000000000E+00,    1.0842385332E+02,    1.0842385332E+02,    0.0000000000E+00,    0.0000000000E+00,    0.0000000000E+00,    1.0842385332E+02
    104550,      0.676938,CP8_after_OBC,   1,    0.0000000000E+00,    1.0842385332E+02,    1.0842385332E+02,    0.0000000000E+00,    0.0000000000E+00,    0.0000000000E+00,    1.0842385332E+02
    104550,      0.676938,CP9_after_PTsource,   1,    0.0000000000E+00,    1.0842385332E+02,    1.0842385332E+02,    0.0000000000E+00,    0.0000000000E+00,    0.0000000000E+00,    1.0842385332E+02
    104550,      0.676938,CP10_after_neg_clamp,   1,    0.0000000000E+00,    1.0842385332E+02,    1.0842385332E+02,    0.0000000000E+00,    0.0000000000E+00,    0.0000000000E+00,    1.0842385332E+02
    104550,      0.676938,CP11_after_MPI,   1,    0.0000000000E+00,    1.0842385332E+02,    1.0842385332E+02,    0.0000000000E+00,    0.0000000000E+00,    0.0000000000E+00,    1.0842385332E+02
    104550,      0.676938,CP12_end,   1,    0.0000000000E+00,    1.0842385332E+02,    1.0842385332E+02,    0.0000000000E+00,    0.0000000000E+00,    0.0000000000E+00,    1.0842385332E+02
    104600,      0.676938,CP0_start,   1,    0.0000000000E+00,    1.0851433296E+02,    1.0851433296E+02,    0.0000000000E+00,    0.0000000000E+00,    0.0000000000E+00,    1.0851433296E+02
    104600,      0.676938,CP1_after_deposition,   1,    0.0000000000E+00,    1.0851433296E+02,    1.0851433296E+02,    0.0000000000E+00,    0.0000000000E+00,    0.0000000000E+00,    1.0851433296E+02
    104600,      0.676938,CP2_after_erosion,   1,    0.0000000000E+00,    1.0851433296E+02,    1.0851433296E+02,    0.0000000000E+00,    0.0000000000E+00,    0.0000000000E+00,    1.0851433296E+02
    104600,      0.676938,CP3_after_update_bottom,   1,    0.0000000000E+00,    1.0851433296E+02,    1.0851433296E+02,    0.0000000000E+00,    0.0000000000E+00,    0.0000000000E+00,    1.0851433296E+02
    104600,      0.676938,CP4_after_advection,   1,    0.0000000000E+00,    1.0851827477E+02,    1.0851827477E+02,    0.0000000000E+00,    0.0000000000E+00,    0.0000000000E+00,    1.0851827477E+02
    104600,      0.676938,CP5_after_vdif,   1,    0.0000000000E+00,    1.0851827477E+02,    1.0851827477E+02,    0.0000000000E+00,    0.0000000000E+00,    0.0000000000E+00,    1.0851827477E+02
    104600,      0.676938,CP6_after_kinetics,   1,    0.0000000000E+00,    1.0851827477E+02,    1.0851827477E+02,    0.0000000000E+00,    0.0000000000E+00,    0.0000000000E+00,    1.0851827477E+02
    104600,      0.676938,CP7_after_upper_clamp,   1,    0.0000000000E+00,    1.0851827477E+02,    1.0851827477E+02,    0.0000000000E+00,    0.0000000000E+00,    0.0000000000E+00,    1.0851827477E+02
    104600,      0.676938,CP8_after_OBC,   1,    0.0000000000E+00,    1.0851827477E+02,    1.0851827477E+02,    0.0000000000E+00,    0.0000000000E+00,    0.0000000000E+00,    1.0851827477E+02
    104600,      0.676938,CP9_after_PTsource,   1,    0.0000000000E+00,    1.0851827477E+02,    1.0851827477E+02,    0.0000000000E+00,    0.0000000000E+00,    0.0000000000E+00,    1.0851827477E+02
    104600,      0.676938,CP10_after_neg_clamp,   1,    0.0000000000E+00,    1.0851827477E+02,    1.0851827477E+02,    0.0000000000E+00,    0.0000000000E+00,    0.0000000000E+00,    1.0851827477E+02
    104600,      0.676938,CP11_after_MPI,   1,    0.0000000000E+00,    1.0851827477E+02,    1.0851827477E+02,    0.0000000000E+00,    0.0000000000E+00,    0.0000000000E+00,    1.0851827477E+02
    104600,      0.676938,CP12_end,   1,    0.0000000000E+00,    1.0851827477E+02,    1.0851827477E+02,    0.0000000000E+00,    0.0000000000E+00,    0.0000000000E+00,    1.0851827477E+02
    104650,      0.676938,CP0_start,   1,    0.0000000000E+00,    1.0860857051E+02,    1.0860857051E+02,    0.0000000000E+00,    0.0000000000E+00,    0.0000000000E+00,    1.0860857051E+02
    104650,      0.676938,CP1_after_deposition,   1,    0.0000000000E+00,    1.0860857051E+02,    1.0860857051E+02,    0.0000000000E+00,    0.0000000000E+00,    0.0000000000E+00,    1.0860857051E+02
    104650,      0.676938,CP2_after_erosion,   1,    0.0000000000E+00,    1.0860857051E+02,    1.0860857051E+02,    0.0000000000E+00,    0.0000000000E+00,    0.0000000000E+00,    1.0860857051E+02
    104650,      0.676938,CP3_after_update_bottom,   1,    0.0000000000E+00,    1.0860857051E+02,    1.0860857051E+02,    0.0000000000E+00,    0.0000000000E+00,    0.0000000000E+00,    1.0860857051E+02
    104650,      0.676938,CP4_after_advection,   1,    0.0000000000E+00,    1.0861249611E+02,    1.0861249611E+02,    0.0000000000E+00,    0.0000000000E+00,    0.0000000000E+00,    1.0861249611E+02
    104650,      0.676938,CP5_after_vdif,   1,    0.0000000000E+00,    1.0861249611E+02,    1.0861249611E+02,    0.0000000000E+00,    0.0000000000E+00,    0.0000000000E+00,    1.0861249611E+02
    104650,      0.676938,CP6_after_kinetics,   1,    0.0000000000E+00,    1.0861249611E+02,    1.0861249611E+02,    0.0000000000E+00,    0.0000000000E+00,    0.0000000000E+00,    1.0861249611E+02
    104650,      0.676938,CP7_after_upper_clamp,   1,    0.0000000000E+00,    1.0861249611E+02,    1.0861249611E+02,    0.0000000000E+00,    0.0000000000E+00,    0.0000000000E+00,    1.0861249611E+02
    104650,      0.676938,CP8_after_OBC,   1,    0.0000000000E+00,    1.0861249611E+02,    1.0861249611E+02,    0.0000000000E+00,    0.0000000000E+00,    0.0000000000E+00,    1.0861249611E+02
    104650,      0.676938,CP9_after_PTsource,   1,    0.0000000000E+00,    1.0861249611E+02,    1.0861249611E+02,    0.0000000000E+00,    0.0000000000E+00,    0.0000000000E+00,    1.0861249611E+02
    104650,      0.676938,CP10_after_neg_clamp,   1,    0.0000000000E+00,    1.0861249611E+02,    1.0861249611E+02,    0.0000000000E+00,    0.0000000000E+00,    0.0000000000E+00,    1.0861249611E+02
    104650,      0.676938,CP11_after_MPI,   1,    0.0000000000E+00,    1.0861249611E+02,    1.0861249611E+02,    0.0000000000E+00,    0.0000000000E+00,    0.0000000000E+00,    1.0861249611E+02
    104650,      0.676938,CP12_end,   1,    0.0000000000E+00,    1.0861249611E+02,    1.0861249611E+02,    0.0000000000E+00,    0.0000000000E+00,    0.0000000000E+00,    1.0861249611E+02
    104700,      0.676938,CP0_start,   1,    0.0000000000E+00,    1.0870256874E+02,    1.0870256874E+02,    0.0000000000E+00,    0.0000000000E+00,    0.0000000000E+00,    1.0870256874E+02
    104700,      0.676938,CP1_after_deposition,   1,    0.0000000000E+00,    1.0870256874E+02,    1.0870256874E+02,    0.0000000000E+00,    0.0000000000E+00,    0.0000000000E+00,    1.0870256874E+02
    104700,      0.676938,CP2_after_erosion,   1,    0.0000000000E+00,    1.0870256874E+02,    1.0870256874E+02,    0.0000000000E+00,    0.0000000000E+00,    0.0000000000E+00,    1.0870256874E+02
    104700,      0.676938,CP3_after_update_bottom,   1,    0.0000000000E+00,    1.0870256874E+02,    1.0870256874E+02,    0.0000000000E+00,    0.0000000000E+00,    0.0000000000E+00,    1.0870256874E+02
    104700,      0.676938,CP4_after_advection,   1,    0.0000000000E+00,    1.0870647454E+02,    1.0870647454E+02,    0.0000000000E+00,    0.0000000000E+00,    0.0000000000E+00,    1.0870647454E+02
    104700,      0.676938,CP5_after_vdif,   1,    0.0000000000E+00,    1.0870647454E+02,    1.0870647454E+02,    0.0000000000E+00,    0.0000000000E+00,    0.0000000000E+00,    1.0870647454E+02
    104700,      0.676938,CP6_after_kinetics,   1,    0.0000000000E+00,    1.0870647454E+02,    1.0870647454E+02,    0.0000000000E+00,    0.0000000000E+00,    0.0000000000E+00,    1.0870647454E+02
    104700,      0.676938,CP7_after_upper_clamp,   1,    0.0000000000E+00,    1.0870647454E+02,    1.0870647454E+02,    0.0000000000E+00,    0.0000000000E+00,    0.0000000000E+00,    1.0870647454E+02
    104700,      0.676938,CP8_after_OBC,   1,    0.0000000000E+00,    1.0870647454E+02,    1.0870647454E+02,    0.0000000000E+00,    0.0000000000E+00,    0.0000000000E+00,    1.0870647454E+02
    104700,      0.676938,CP9_after_PTsource,   1,    0.0000000000E+00,    1.0870647454E+02,    1.0870647454E+02,    0.0000000000E+00,    0.0000000000E+00,    0.0000000000E+00,    1.0870647454E+02
    104700,      0.676938,CP10_after_neg_clamp,   1,    0.0000000000E+00,    1.0870647454E+02,    1.0870647454E+02,    0.0000000000E+00,    0.0000000000E+00,    0.0000000000E+00,    1.0870647454E+02
    104700,      0.676938,CP11_after_MPI,   1,    0.0000000000E+00,    1.0870647454E+02,    1.0870647454E+02,    0.0000000000E+00,    0.0000000000E+00,    0.0000000000E+00,    1.0870647454E+02
    104700,      0.676938,CP12_end,   1,    0.0000000000E+00,    1.0870647454E+02,    1.0870647454E+02,    0.0000000000E+00,    0.0000000000E+00,    0.0000000000E+00,    1.0870647454E+02
    104750,      0.676938,CP0_start,   1,    0.0000000000E+00,    1.0879632494E+02,    1.0879632494E+02,    0.0000000000E+00,    0.0000000000E+00,    0.0000000000E+00,    1.0879632494E+02
    104750,      0.676938,CP1_after_deposition,   1,    0.0000000000E+00,    1.0879632494E+02,    1.0879632494E+02,    0.0000000000E+00,    0.0000000000E+00,    0.0000000000E+00,    1.0879632494E+02
    104750,      0.676938,CP2_after_erosion,   1,    0.0000000000E+00,    1.0879632494E+02,    1.0879632494E+02,    0.0000000000E+00,    0.0000000000E+00,    0.0000000000E+00,    1.0879632494E+02
    104750,      0.676938,CP3_after_update_bottom,   1,    0.0000000000E+00,    1.0879632494E+02,    1.0879632494E+02,    0.0000000000E+00,    0.0000000000E+00,    0.0000000000E+00,    1.0879632494E+02
    104750,      0.676938,CP4_after_advection,   1,    0.0000000000E+00,    1.0880020698E+02,    1.0880020698E+02,    0.0000000000E+00,    0.0000000000E+00,    0.0000000000E+00,    1.0880020698E+02
    104750,      0.676938,CP5_after_vdif,   1,    0.0000000000E+00,    1.0880020698E+02,    1.0880020698E+02,    0.0000000000E+00,    0.0000000000E+00,    0.0000000000E+00,    1.0880020698E+02
    104750,      0.676938,CP6_after_kinetics,   1,    0.0000000000E+00,    1.0880020698E+02,    1.0880020698E+02,    0.0000000000E+00,    0.0000000000E+00,    0.0000000000E+00,    1.0880020698E+02
    104750,      0.676938,CP7_after_upper_clamp,   1,    0.0000000000E+00,    1.0880020698E+02,    1.0880020698E+02,    0.0000000000E+00,    0.0000000000E+00,    0.0000000000E+00,    1.0880020698E+02
    104750,      0.676938,CP8_after_OBC,   1,    0.0000000000E+00,    1.0880020698E+02,    1.0880020698E+02,    0.0000000000E+00,    0.0000000000E+00,    0.0000000000E+00,    1.0880020698E+02
    104750,      0.676938,CP9_after_PTsource,   1,    0.0000000000E+00,    1.0880020698E+02,    1.0880020698E+02,    0.0000000000E+00,    0.0000000000E+00,    0.0000000000E+00,    1.0880020698E+02
    104750,      0.676938,CP10_after_neg_clamp,   1,    0.0000000000E+00,    1.0880020698E+02,    1.0880020698E+02,    0.0000000000E+00,    0.0000000000E+00,    0.0000000000E+00,    1.0880020698E+02
    104750,      0.676938,CP11_after_MPI,   1,    0.0000000000E+00,    1.0880020698E+02,    1.0880020698E+02,    0.0000000000E+00,    0.0000000000E+00,    0.0000000000E+00,    1.0880020698E+02
    104750,      0.676938,CP12_end,   1,    0.0000000000E+00,    1.0880020698E+02,    1.0880020698E+02,    0.0000000000E+00,    0.0000000000E+00,    0.0000000000E+00,    1.0880020698E+02
    104800,      0.676938,CP0_start,   1,    0.0000000000E+00,    1.0888984836E+02,    1.0888984836E+02,    0.0000000000E+00,    0.0000000000E+00,    0.0000000000E+00,    1.0888984836E+02
    104800,      0.676938,CP1_after_deposition,   1,    0.0000000000E+00,    1.0888984836E+02,    1.0888984836E+02,    0.0000000000E+00,    0.0000000000E+00,    0.0000000000E+00,    1.0888984836E+02
    104800,      0.676938,CP2_after_erosion,   1,    0.0000000000E+00,    1.0888984836E+02,    1.0888984836E+02,    0.0000000000E+00,    0.0000000000E+00,    0.0000000000E+00,    1.0888984836E+02
    104800,      0.676938,CP3_after_update_bottom,   1,    0.0000000000E+00,    1.0888984836E+02,    1.0888984836E+02,    0.0000000000E+00,    0.0000000000E+00,    0.0000000000E+00,    1.0888984836E+02
    104800,      0.676938,CP4_after_advection,   1,    0.0000000000E+00,    1.0889370435E+02,    1.0889370435E+02,    0.0000000000E+00,    0.0000000000E+00,    0.0000000000E+00,    1.0889370435E+02
    104800,      0.676938,CP5_after_vdif,   1,    0.0000000000E+00,    1.0889370435E+02,    1.0889370435E+02,    0.0000000000E+00,    0.0000000000E+00,    0.0000000000E+00,    1.0889370435E+02
    104800,      0.676938,CP6_after_kinetics,   1,    0.0000000000E+00,    1.0889370435E+02,    1.0889370435E+02,    0.0000000000E+00,    0.0000000000E+00,    0.0000000000E+00,    1.0889370435E+02
    104800,      0.676938,CP7_after_upper_clamp,   1,    0.0000000000E+00,    1.0889370435E+02,    1.0889370435E+02,    0.0000000000E+00,    0.0000000000E+00,    0.0000000000E+00,    1.0889370435E+02
    104800,      0.676938,CP8_after_OBC,   1,    0.0000000000E+00,    1.0889370435E+02,    1.0889370435E+02,    0.0000000000E+00,    0.0000000000E+00,    0.0000000000E+00,    1.0889370435E+02
    104800,      0.676938,CP9_after_PTsource,   1,    0.0000000000E+00,    1.0889370435E+02,    1.0889370435E+02,    0.0000000000E+00,    0.0000000000E+00,    0.0000000000E+00,    1.0889370435E+02
    104800,      0.676938,CP10_after_neg_clamp,   1,    0.0000000000E+00,    1.0889370435E+02,    1.0889370435E+02,    0.0000000000E+00,    0.0000000000E+00,    0.0000000000E+00,    1.0889370435E+02
    104800,      0.676938,CP11_after_MPI,   1,    0.0000000000E+00,    1.0889370435E+02,    1.0889370435E+02,    0.0000000000E+00,    0.0000000000E+00,    0.0000000000E+00,    1.0889370435E+02
    104800,      0.676938,CP12_end,   1,    0.0000000000E+00,    1.0889370435E+02,    1.0889370435E+02,    0.0000000000E+00,    0.0000000000E+00,    0.0000000000E+00,    1.0889370435E+02
    104850,      0.676938,CP0_start,   1,    0.0000000000E+00,    1.0898314555E+02,    1.0898314555E+02,    0.0000000000E+00,    0.0000000000E+00,    0.0000000000E+00,    1.0898314555E+02
    104850,      0.676938,CP1_after_deposition,   1,    0.0000000000E+00,    1.0898314555E+02,    1.0898314555E+02,    0.0000000000E+00,    0.0000000000E+00,    0.0000000000E+00,    1.0898314555E+02
    104850,      0.676938,CP2_after_erosion,   1,    0.0000000000E+00,    1.0898314555E+02,    1.0898314555E+02,    0.0000000000E+00,    0.0000000000E+00,    0.0000000000E+00,    1.0898314555E+02
    104850,      0.676938,CP3_after_update_bottom,   1,    0.0000000000E+00,    1.0898314555E+02,    1.0898314555E+02,    0.0000000000E+00,    0.0000000000E+00,    0.0000000000E+00,    1.0898314555E+02
    104850,      0.676938,CP4_after_advection,   1,    0.0000000000E+00,    1.0898698229E+02,    1.0898698229E+02,    0.0000000000E+00,    0.0000000000E+00,    0.0000000000E+00,    1.0898698229E+02
    104850,      0.676938,CP5_after_vdif,   1,    0.0000000000E+00,    1.0898698229E+02,    1.0898698229E+02,    0.0000000000E+00,    0.0000000000E+00,    0.0000000000E+00,    1.0898698229E+02
    104850,      0.676938,CP6_after_kinetics,   1,    0.0000000000E+00,    1.0898698229E+02,    1.0898698229E+02,    0.0000000000E+00,    0.0000000000E+00,    0.0000000000E+00,    1.0898698229E+02
    104850,      0.676938,CP7_after_upper_clamp,   1,    0.0000000000E+00,    1.0898698229E+02,    1.0898698229E+02,    0.0000000000E+00,    0.0000000000E+00,    0.0000000000E+00,    1.0898698229E+02
    104850,      0.676938,CP8_after_OBC,   1,    0.0000000000E+00,    1.0898698229E+02,    1.0898698229E+02,    0.0000000000E+00,    0.0000000000E+00,    0.0000000000E+00,    1.0898698229E+02
    104850,      0.676938,CP9_after_PTsource,   1,    0.0000000000E+00,    1.0898698229E+02,    1.0898698229E+02,    0.0000000000E+00,    0.0000000000E+00,    0.0000000000E+00,    1.0898698229E+02
    104850,      0.676938,CP10_after_neg_clamp,   1,    0.0000000000E+00,    1.0898698229E+02,    1.0898698229E+02,    0.0000000000E+00,    0.0000000000E+00,    0.0000000000E+00,    1.0898698229E+02
    104850,      0.676938,CP11_after_MPI,   1,    0.0000000000E+00,    1.0898698229E+02,    1.0898698229E+02,    0.0000000000E+00,    0.0000000000E+00,    0.0000000000E+00,    1.0898698229E+02
    104850,      0.676938,CP12_end,   1,    0.0000000000E+00,    1.0898698229E+02,    1.0898698229E+02,    0.0000000000E+00,    0.0000000000E+00,    0.0000000000E+00,    1.0898698229E+02
    104900,      0.676938,CP0_start,   1,    0.0000000000E+00,    1.0907629432E+02,    1.0907629432E+02,    0.0000000000E+00,    0.0000000000E+00,    0.0000000000E+00,    1.0907629432E+02
    104900,      0.676938,CP1_after_deposition,   1,    0.0000000000E+00,    1.0907629432E+02,    1.0907629432E+02,    0.0000000000E+00,    0.0000000000E+00,    0.0000000000E+00,    1.0907629432E+02
    104900,      0.676938,CP2_after_erosion,   1,    0.0000000000E+00,    1.0907629432E+02,    1.0907629432E+02,    0.0000000000E+00,    0.0000000000E+00,    0.0000000000E+00,    1.0907629432E+02
    104900,      0.676938,CP3_after_update_bottom,   1,    0.0000000000E+00,    1.0907629432E+02,    1.0907629432E+02,    0.0000000000E+00,    0.0000000000E+00,    0.0000000000E+00,    1.0907629432E+02
    104900,      0.676938,CP4_after_advection,   1,    0.0000000000E+00,    1.0908011222E+02,    1.0908011222E+02,    0.0000000000E+00,    0.0000000000E+00,    0.0000000000E+00,    1.0908011222E+02
    104900,      0.676938,CP5_after_vdif,   1,    0.0000000000E+00,    1.0908011222E+02,    1.0908011222E+02,    0.0000000000E+00,    0.0000000000E+00,    0.0000000000E+00,    1.0908011222E+02
    104900,      0.676938,CP6_after_kinetics,   1,    0.0000000000E+00,    1.0908011222E+02,    1.0908011222E+02,    0.0000000000E+00,    0.0000000000E+00,    0.0000000000E+00,    1.0908011222E+02
    104900,      0.676938,CP7_after_upper_clamp,   1,    0.0000000000E+00,    1.0908011222E+02,    1.0908011222E+02,    0.0000000000E+00,    0.0000000000E+00,    0.0000000000E+00,    1.0908011222E+02
    104900,      0.676938,CP8_after_OBC,   1,    0.0000000000E+00,    1.0908011222E+02,    1.0908011222E+02,    0.0000000000E+00,    0.0000000000E+00,    0.0000000000E+00,    1.0908011222E+02
    104900,      0.676938,CP9_after_PTsource,   1,    0.0000000000E+00,    1.0908011222E+02,    1.0908011222E+02,    0.0000000000E+00,    0.0000000000E+00,    0.0000000000E+00,    1.0908011222E+02
    104900,      0.676938,CP10_after_neg_clamp,   1,    0.0000000000E+00,    1.0908011222E+02,    1.0908011222E+02,    0.0000000000E+00,    0.0000000000E+00,    0.0000000000E+00,    1.0908011222E+02
    104900,      0.676938,CP11_after_MPI,   1,    0.0000000000E+00,    1.0908011222E+02,    1.0908011222E+02,    0.0000000000E+00,    0.0000000000E+00,    0.0000000000E+00,    1.0908011222E+02
    104900,      0.676938,CP12_end,   1,    0.0000000000E+00,    1.0908011222E+02,    1.0908011222E+02,    0.0000000000E+00,    0.0000000000E+00,    0.0000000000E+00,    1.0908011222E+02
    104950,      0.676938,CP0_start,   1,    0.0000000000E+00,    1.0916936239E+02,    1.0916936239E+02,    0.0000000000E+00,    0.0000000000E+00,    0.0000000000E+00,    1.0916936239E+02
    104950,      0.676938,CP1_after_deposition,   1,    0.0000000000E+00,    1.0916936239E+02,    1.0916936239E+02,    0.0000000000E+00,    0.0000000000E+00,    0.0000000000E+00,    1.0916936239E+02
    104950,      0.676938,CP2_after_erosion,   1,    0.0000000000E+00,    1.0916936239E+02,    1.0916936239E+02,    0.0000000000E+00,    0.0000000000E+00,    0.0000000000E+00,    1.0916936239E+02
    104950,      0.676938,CP3_after_update_bottom,   1,    0.0000000000E+00,    1.0916936239E+02,    1.0916936239E+02,    0.0000000000E+00,    0.0000000000E+00,    0.0000000000E+00,    1.0916936239E+02
    104950,      0.676938,CP4_after_advection,   1,    0.0000000000E+00,    1.0917316274E+02,    1.0917316274E+02,    0.0000000000E+00,    0.0000000000E+00,    0.0000000000E+00,    1.0917316274E+02
    104950,      0.676938,CP5_after_vdif,   1,    0.0000000000E+00,    1.0917316274E+02,    1.0917316274E+02,    0.0000000000E+00,    0.0000000000E+00,    0.0000000000E+00,    1.0917316274E+02
    104950,      0.676938,CP6_after_kinetics,   1,    0.0000000000E+00,    1.0917316274E+02,    1.0917316274E+02,    0.0000000000E+00,    0.0000000000E+00,    0.0000000000E+00,    1.0917316274E+02
    104950,      0.676938,CP7_after_upper_clamp,   1,    0.0000000000E+00,    1.0917316274E+02,    1.0917316274E+02,    0.0000000000E+00,    0.0000000000E+00,    0.0000000000E+00,    1.0917316274E+02
    104950,      0.676938,CP8_after_OBC,   1,    0.0000000000E+00,    1.0917316274E+02,    1.0917316274E+02,    0.0000000000E+00,    0.0000000000E+00,    0.0000000000E+00,    1.0917316274E+02
    104950,      0.676938,CP9_after_PTsource,   1,    0.0000000000E+00,    1.0917316274E+02,    1.0917316274E+02,    0.0000000000E+00,    0.0000000000E+00,    0.0000000000E+00,    1.0917316274E+02
    104950,      0.676938,CP10_after_neg_clamp,   1,    0.0000000000E+00,    1.0917316274E+02,    1.0917316274E+02,    0.0000000000E+00,    0.0000000000E+00,    0.0000000000E+00,    1.0917316274E+02
    104950,      0.676938,CP11_after_MPI,   1,    0.0000000000E+00,    1.0917316274E+02,    1.0917316274E+02,    0.0000000000E+00,    0.0000000000E+00,    0.0000000000E+00,    1.0917316274E+02
    104950,      0.676938,CP12_end,   1,    0.0000000000E+00,    1.0917316274E+02,    1.0917316274E+02,    0.0000000000E+00,    0.0000000000E+00,    0.0000000000E+00,    1.0917316274E+02
    105000,      0.676938,CP0_start,   1,    0.0000000000E+00,    1.0926234519E+02,    1.0926234519E+02,    0.0000000000E+00,    0.0000000000E+00,    0.0000000000E+00,    1.0926234519E+02
    105000,      0.676938,CP1_after_deposition,   1,    0.0000000000E+00,    1.0926234519E+02,    1.0926234519E+02,    0.0000000000E+00,    0.0000000000E+00,    0.0000000000E+00,    1.0926234519E+02
    105000,      0.676938,CP2_after_erosion,   1,    0.0000000000E+00,    1.0926234519E+02,    1.0926234519E+02,    0.0000000000E+00,    0.0000000000E+00,    0.0000000000E+00,    1.0926234519E+02
    105000,      0.676938,CP3_after_update_bottom,   1,    0.0000000000E+00,    1.0926234519E+02,    1.0926234519E+02,    0.0000000000E+00,    0.0000000000E+00,    0.0000000000E+00,    1.0926234519E+02
    105000,      0.676938,CP4_after_advection,   1,    0.0000000000E+00,    1.0926612757E+02,    1.0926612757E+02,    0.0000000000E+00,    0.0000000000E+00,    0.0000000000E+00,    1.0926612757E+02
    105000,      0.676938,CP5_after_vdif,   1,    0.0000000000E+00,    1.0926612757E+02,    1.0926612757E+02,    0.0000000000E+00,    0.0000000000E+00,    0.0000000000E+00,    1.0926612757E+02
    105000,      0.676938,CP6_after_kinetics,   1,    0.0000000000E+00,    1.0926612757E+02,    1.0926612757E+02,    0.0000000000E+00,    0.0000000000E+00,    0.0000000000E+00,    1.0926612757E+02
    105000,      0.676938,CP7_after_upper_clamp,   1,    0.0000000000E+00,    1.0926612757E+02,    1.0926612757E+02,    0.0000000000E+00,    0.0000000000E+00,    0.0000000000E+00,    1.0926612757E+02
    105000,      0.676938,CP8_after_OBC,   1,    0.0000000000E+00,    1.0926612757E+02,    1.0926612757E+02,    0.0000000000E+00,    0.0000000000E+00,    0.0000000000E+00,    1.0926612757E+02
    105000,      0.676938,CP9_after_PTsource,   1,    0.0000000000E+00,    1.0926612757E+02,    1.0926612757E+02,    0.0000000000E+00,    0.0000000000E+00,    0.0000000000E+00,    1.0926612757E+02
    105000,      0.676938,CP10_after_neg_clamp,   1,    0.0000000000E+00,    1.0926612757E+02,    1.0926612757E+02,    0.0000000000E+00,    0.0000000000E+00,    0.0000000000E+00,    1.0926612757E+02
    105000,      0.676938,CP11_after_MPI,   1,    0.0000000000E+00,    1.0926612757E+02,    1.0926612757E+02,    0.0000000000E+00,    0.0000000000E+00,    0.0000000000E+00,    1.0926612757E+02
    105000,      0.676938,CP12_end,   1,    0.0000000000E+00,    1.0926612757E+02,    1.0926612757E+02,    0.0000000000E+00,    0.0000000000E+00,    0.0000000000E+00,    1.0926612757E+02
    105050,      0.676938,CP0_start,   1,    0.0000000000E+00,    1.0935526011E+02,    1.0935526011E+02,    0.0000000000E+00,    0.0000000000E+00,    0.0000000000E+00,    1.0935526011E+02
    105050,      0.676938,CP1_after_deposition,   1,    0.0000000000E+00,    1.0935526011E+02,    1.0935526011E+02,    0.0000000000E+00,    0.0000000000E+00,    0.0000000000E+00,    1.0935526011E+02
    105050,      0.676938,CP2_after_erosion,   1,    0.0000000000E+00,    1.0935526011E+02,    1.0935526011E+02,    0.0000000000E+00,    0.0000000000E+00,    0.0000000000E+00,    1.0935526011E+02
    105050,      0.676938,CP3_after_update_bottom,   1,    0.0000000000E+00,    1.0935526011E+02,    1.0935526011E+02,    0.0000000000E+00,    0.0000000000E+00,    0.0000000000E+00,    1.0935526011E+02
    105050,      0.676938,CP4_after_advection,   1,    0.0000000000E+00,    1.0935902360E+02,    1.0935902360E+02,    0.0000000000E+00,    0.0000000000E+00,    0.0000000000E+00,    1.0935902360E+02
    105050,      0.676938,CP5_after_vdif,   1,    0.0000000000E+00,    1.0935902360E+02,    1.0935902360E+02,    0.0000000000E+00,    0.0000000000E+00,    0.0000000000E+00,    1.0935902360E+02
    105050,      0.676938,CP6_after_kinetics,   1,    0.0000000000E+00,    1.0935902360E+02,    1.0935902360E+02,    0.0000000000E+00,    0.0000000000E+00,    0.0000000000E+00,    1.0935902360E+02
    105050,      0.676938,CP7_after_upper_clamp,   1,    0.0000000000E+00,    1.0935902360E+02,    1.0935902360E+02,    0.0000000000E+00,    0.0000000000E+00,    0.0000000000E+00,    1.0935902360E+02
    105050,      0.676938,CP8_after_OBC,   1,    0.0000000000E+00,    1.0935902360E+02,    1.0935902360E+02,    0.0000000000E+00,    0.0000000000E+00,    0.0000000000E+00,    1.0935902360E+02
    105050,      0.676938,CP9_after_PTsource,   1,    0.0000000000E+00,    1.0935902360E+02,    1.0935902360E+02,    0.0000000000E+00,    0.0000000000E+00,    0.0000000000E+00,    1.0935902360E+02
    105050,      0.676938,CP10_after_neg_clamp,   1,    0.0000000000E+00,    1.0935902360E+02,    1.0935902360E+02,    0.0000000000E+00,    0.0000000000E+00,    0.0000000000E+00,    1.0935902360E+02
    105050,      0.676938,CP11_after_MPI,   1,    0.0000000000E+00,    1.0935902360E+02,    1.0935902360E+02,    0.0000000000E+00,    0.0000000000E+00,    0.0000000000E+00,    1.0935902360E+02
    105050,      0.676938,CP12_end,   1,    0.0000000000E+00,    1.0935902360E+02,    1.0935902360E+02,    0.0000000000E+00,    0.0000000000E+00,    0.0000000000E+00,    1.0935902360E+02
    105100,      0.676938,CP0_start,   1,    0.0000000000E+00,    1.0944816314E+02,    1.0944816314E+02,    0.0000000000E+00,    0.0000000000E+00,    0.0000000000E+00,    1.0944816314E+02
    105100,      0.676938,CP1_after_deposition,   1,    0.0000000000E+00,    1.0944816314E+02,    1.0944816314E+02,    0.0000000000E+00,    0.0000000000E+00,    0.0000000000E+00,    1.0944816314E+02
    105100,      0.676938,CP2_after_erosion,   1,    0.0000000000E+00,    1.0944816314E+02,    1.0944816314E+02,    0.0000000000E+00,    0.0000000000E+00,    0.0000000000E+00,    1.0944816314E+02
    105100,      0.676938,CP3_after_update_bottom,   1,    0.0000000000E+00,    1.0944816314E+02,    1.0944816314E+02,    0.0000000000E+00,    0.0000000000E+00,    0.0000000000E+00,    1.0944816314E+02
    105100,      0.676938,CP4_after_advection,   1,    0.0000000000E+00,    1.0945190884E+02,    1.0945190884E+02,    0.0000000000E+00,    0.0000000000E+00,    0.0000000000E+00,    1.0945190884E+02
    105100,      0.676938,CP5_after_vdif,   1,    0.0000000000E+00,    1.0945190884E+02,    1.0945190884E+02,    0.0000000000E+00,    0.0000000000E+00,    0.0000000000E+00,    1.0945190884E+02
    105100,      0.676938,CP6_after_kinetics,   1,    0.0000000000E+00,    1.0945190884E+02,    1.0945190884E+02,    0.0000000000E+00,    0.0000000000E+00,    0.0000000000E+00,    1.0945190884E+02
    105100,      0.676938,CP7_after_upper_clamp,   1,    0.0000000000E+00,    1.0945190884E+02,    1.0945190884E+02,    0.0000000000E+00,    0.0000000000E+00,    0.0000000000E+00,    1.0945190884E+02
    105100,      0.676938,CP8_after_OBC,   1,    0.0000000000E+00,    1.0945190884E+02,    1.0945190884E+02,    0.0000000000E+00,    0.0000000000E+00,    0.0000000000E+00,    1.0945190884E+02
    105100,      0.676938,CP9_after_PTsource,   1,    0.0000000000E+00,    1.0945190884E+02,    1.0945190884E+02,    0.0000000000E+00,    0.0000000000E+00,    0.0000000000E+00,    1.0945190884E+02
    105100,      0.676938,CP10_after_neg_clamp,   1,    0.0000000000E+00,    1.0945190884E+02,    1.0945190884E+02,    0.0000000000E+00,    0.0000000000E+00,    0.0000000000E+00,    1.0945190884E+02
    105100,      0.676938,CP11_after_MPI,   1,    0.0000000000E+00,    1.0945190884E+02,    1.0945190884E+02,    0.0000000000E+00,    0.0000000000E+00,    0.0000000000E+00,    1.0945190884E+02
    105100,      0.676938,CP12_end,   1,    0.0000000000E+00,    1.0945190884E+02,    1.0945190884E+02,    0.0000000000E+00,    0.0000000000E+00,    0.0000000000E+00,    1.0945190884E+02
    105150,      0.676938,CP0_start,   1,    0.0000000000E+00,    1.0954111430E+02,    1.0954111430E+02,    0.0000000000E+00,    0.0000000000E+00,    0.0000000000E+00,    1.0954111430E+02
    105150,      0.676938,CP1_after_deposition,   1,    0.0000000000E+00,    1.0954111430E+02,    1.0954111430E+02,    0.0000000000E+00,    0.0000000000E+00,    0.0000000000E+00,    1.0954111430E+02
    105150,      0.676938,CP2_after_erosion,   1,    0.0000000000E+00,    1.0954111430E+02,    1.0954111430E+02,    0.0000000000E+00,    0.0000000000E+00,    0.0000000000E+00,    1.0954111430E+02
    105150,      0.676938,CP3_after_update_bottom,   1,    0.0000000000E+00,    1.0954111430E+02,    1.0954111430E+02,    0.0000000000E+00,    0.0000000000E+00,    0.0000000000E+00,    1.0954111430E+02
    105150,      0.676938,CP4_after_advection,   1,    0.0000000000E+00,    1.0954484503E+02,    1.0954484503E+02,    0.0000000000E+00,    0.0000000000E+00,    0.0000000000E+00,    1.0954484503E+02
    105150,      0.676938,CP5_after_vdif,   1,    0.0000000000E+00,    1.0954484503E+02,    1.0954484503E+02,    0.0000000000E+00,    0.0000000000E+00,    0.0000000000E+00,    1.0954484503E+02
    105150,      0.676938,CP6_after_kinetics,   1,    0.0000000000E+00,    1.0954484503E+02,    1.0954484503E+02,    0.0000000000E+00,    0.0000000000E+00,    0.0000000000E+00,    1.0954484503E+02
    105150,      0.676938,CP7_after_upper_clamp,   1,    0.0000000000E+00,    1.0954484503E+02,    1.0954484503E+02,    0.0000000000E+00,    0.0000000000E+00,    0.0000000000E+00,    1.0954484503E+02
    105150,      0.676938,CP8_after_OBC,   1,    0.0000000000E+00,    1.0954484503E+02,    1.0954484503E+02,    0.0000000000E+00,    0.0000000000E+00,    0.0000000000E+00,    1.0954484503E+02
    105150,      0.676938,CP9_after_PTsource,   1,    0.0000000000E+00,    1.0954484503E+02,    1.0954484503E+02,    0.0000000000E+00,    0.0000000000E+00,    0.0000000000E+00,    1.0954484503E+02
    105150,      0.676938,CP10_after_neg_clamp,   1,    0.0000000000E+00,    1.0954484503E+02,    1.0954484503E+02,    0.0000000000E+00,    0.0000000000E+00,    0.0000000000E+00,    1.0954484503E+02
    105150,      0.676938,CP11_after_MPI,   1,    0.0000000000E+00,    1.0954484503E+02,    1.0954484503E+02,    0.0000000000E+00,    0.0000000000E+00,    0.0000000000E+00,    1.0954484503E+02
    105150,      0.676938,CP12_end,   1,    0.0000000000E+00,    1.0954484503E+02,    1.0954484503E+02,    0.0000000000E+00,    0.0000000000E+00,    0.0000000000E+00,    1.0954484503E+02
    105200,      0.676938,CP0_start,   1,    0.0000000000E+00,    1.0963417030E+02,    1.0963417030E+02,    0.0000000000E+00,    0.0000000000E+00,    0.0000000000E+00,    1.0963417030E+02
    105200,      0.676938,CP1_after_deposition,   1,    0.0000000000E+00,    1.0963417030E+02,    1.0963417030E+02,    0.0000000000E+00,    0.0000000000E+00,    0.0000000000E+00,    1.0963417030E+02
    105200,      0.676938,CP2_after_erosion,   1,    0.0000000000E+00,    1.0963417030E+02,    1.0963417030E+02,    0.0000000000E+00,    0.0000000000E+00,    0.0000000000E+00,    1.0963417030E+02
    105200,      0.676938,CP3_after_update_bottom,   1,    0.0000000000E+00,    1.0963417030E+02,    1.0963417030E+02,    0.0000000000E+00,    0.0000000000E+00,    0.0000000000E+00,    1.0963417030E+02
    105200,      0.676938,CP4_after_advection,   1,    0.0000000000E+00,    1.0963788310E+02,    1.0963788310E+02,    0.0000000000E+00,    0.0000000000E+00,    0.0000000000E+00,    1.0963788310E+02
    105200,      0.676938,CP5_after_vdif,   1,    0.0000000000E+00,    1.0963788310E+02,    1.0963788310E+02,    0.0000000000E+00,    0.0000000000E+00,    0.0000000000E+00,    1.0963788310E+02
    105200,      0.676938,CP6_after_kinetics,   1,    0.0000000000E+00,    1.0963788310E+02,    1.0963788310E+02,    0.0000000000E+00,    0.0000000000E+00,    0.0000000000E+00,    1.0963788310E+02
    105200,      0.676938,CP7_after_upper_clamp,   1,    0.0000000000E+00,    1.0963788310E+02,    1.0963788310E+02,    0.0000000000E+00,    0.0000000000E+00,    0.0000000000E+00,    1.0963788310E+02
    105200,      0.676938,CP8_after_OBC,   1,    0.0000000000E+00,    1.0963788310E+02,    1.0963788310E+02,    0.0000000000E+00,    0.0000000000E+00,    0.0000000000E+00,    1.0963788310E+02
    105200,      0.676938,CP9_after_PTsource,   1,    0.0000000000E+00,    1.0963788310E+02,    1.0963788310E+02,    0.0000000000E+00,    0.0000000000E+00,    0.0000000000E+00,    1.0963788310E+02
    105200,      0.676938,CP10_after_neg_clamp,   1,    0.0000000000E+00,    1.0963788310E+02,    1.0963788310E+02,    0.0000000000E+00,    0.0000000000E+00,    0.0000000000E+00,    1.0963788310E+02
    105200,      0.676938,CP11_after_MPI,   1,    0.0000000000E+00,    1.0963788310E+02,    1.0963788310E+02,    0.0000000000E+00,    0.0000000000E+00,    0.0000000000E+00,    1.0963788310E+02
    105200,      0.676938,CP12_end,   1,    0.0000000000E+00,    1.0963788310E+02,    1.0963788310E+02,    0.0000000000E+00,    0.0000000000E+00,    0.0000000000E+00,    1.0963788310E+02
    105250,      0.676938,CP0_start,   1,    0.0000000000E+00,    1.0972735768E+02,    1.0972735768E+02,    0.0000000000E+00,    0.0000000000E+00,    0.0000000000E+00,    1.0972735768E+02
    105250,      0.676938,CP1_after_deposition,   1,    0.0000000000E+00,    1.0972735768E+02,    1.0972735768E+02,    0.0000000000E+00,    0.0000000000E+00,    0.0000000000E+00,    1.0972735768E+02
    105250,      0.676938,CP2_after_erosion,   1,    0.0000000000E+00,    1.0972735768E+02,    1.0972735768E+02,    0.0000000000E+00,    0.0000000000E+00,    0.0000000000E+00,    1.0972735768E+02
    105250,      0.676938,CP3_after_update_bottom,   1,    0.0000000000E+00,    1.0972735768E+02,    1.0972735768E+02,    0.0000000000E+00,    0.0000000000E+00,    0.0000000000E+00,    1.0972735768E+02
    105250,      0.676938,CP4_after_advection,   1,    0.0000000000E+00,    1.0973105393E+02,    1.0973105393E+02,    0.0000000000E+00,    0.0000000000E+00,    0.0000000000E+00,    1.0973105393E+02
    105250,      0.676938,CP5_after_vdif,   1,    0.0000000000E+00,    1.0973105393E+02,    1.0973105393E+02,    0.0000000000E+00,    0.0000000000E+00,    0.0000000000E+00,    1.0973105393E+02
    105250,      0.676938,CP6_after_kinetics,   1,    0.0000000000E+00,    1.0973105393E+02,    1.0973105393E+02,    0.0000000000E+00,    0.0000000000E+00,    0.0000000000E+00,    1.0973105393E+02
    105250,      0.676938,CP7_after_upper_clamp,   1,    0.0000000000E+00,    1.0973105393E+02,    1.0973105393E+02,    0.0000000000E+00,    0.0000000000E+00,    0.0000000000E+00,    1.0973105393E+02
    105250,      0.676938,CP8_after_OBC,   1,    0.0000000000E+00,    1.0973105393E+02,    1.0973105393E+02,    0.0000000000E+00,    0.0000000000E+00,    0.0000000000E+00,    1.0973105393E+02
    105250,      0.676938,CP9_after_PTsource,   1,    0.0000000000E+00,    1.0973105393E+02,    1.0973105393E+02,    0.0000000000E+00,    0.0000000000E+00,    0.0000000000E+00,    1.0973105393E+02
    105250,      0.676938,CP10_after_neg_clamp,   1,    0.0000000000E+00,    1.0973105393E+02,    1.0973105393E+02,    0.0000000000E+00,    0.0000000000E+00,    0.0000000000E+00,    1.0973105393E+02
    105250,      0.676938,CP11_after_MPI,   1,    0.0000000000E+00,    1.0973105393E+02,    1.0973105393E+02,    0.0000000000E+00,    0.0000000000E+00,    0.0000000000E+00,    1.0973105393E+02
    105250,      0.676938,CP12_end,   1,    0.0000000000E+00,    1.0973105393E+02,    1.0973105393E+02,    0.0000000000E+00,    0.0000000000E+00,    0.0000000000E+00,    1.0973105393E+02
    105300,      0.676938,CP0_start,   1,    0.0000000000E+00,    1.0982070530E+02,    1.0982070530E+02,    0.0000000000E+00,    0.0000000000E+00,    0.0000000000E+00,    1.0982070530E+02
    105300,      0.676938,CP1_after_deposition,   1,    0.0000000000E+00,    1.0982070530E+02,    1.0982070530E+02,    0.0000000000E+00,    0.0000000000E+00,    0.0000000000E+00,    1.0982070530E+02
    105300,      0.676938,CP2_after_erosion,   1,    0.0000000000E+00,    1.0982070530E+02,    1.0982070530E+02,    0.0000000000E+00,    0.0000000000E+00,    0.0000000000E+00,    1.0982070530E+02
    105300,      0.676938,CP3_after_update_bottom,   1,    0.0000000000E+00,    1.0982070530E+02,    1.0982070530E+02,    0.0000000000E+00,    0.0000000000E+00,    0.0000000000E+00,    1.0982070530E+02
    105300,      0.676938,CP4_after_advection,   1,    0.0000000000E+00,    1.0982438573E+02,    1.0982438573E+02,    0.0000000000E+00,    0.0000000000E+00,    0.0000000000E+00,    1.0982438573E+02
    105300,      0.676938,CP5_after_vdif,   1,    0.0000000000E+00,    1.0982438573E+02,    1.0982438573E+02,    0.0000000000E+00,    0.0000000000E+00,    0.0000000000E+00,    1.0982438573E+02
    105300,      0.676938,CP6_after_kinetics,   1,    0.0000000000E+00,    1.0982438573E+02,    1.0982438573E+02,    0.0000000000E+00,    0.0000000000E+00,    0.0000000000E+00,    1.0982438573E+02
    105300,      0.676938,CP7_after_upper_clamp,   1,    0.0000000000E+00,    1.0982438573E+02,    1.0982438573E+02,    0.0000000000E+00,    0.0000000000E+00,    0.0000000000E+00,    1.0982438573E+02
    105300,      0.676938,CP8_after_OBC,   1,    0.0000000000E+00,    1.0982438573E+02,    1.0982438573E+02,    0.0000000000E+00,    0.0000000000E+00,    0.0000000000E+00,    1.0982438573E+02
    105300,      0.676938,CP9_after_PTsource,   1,    0.0000000000E+00,    1.0982438573E+02,    1.0982438573E+02,    0.0000000000E+00,    0.0000000000E+00,    0.0000000000E+00,    1.0982438573E+02
    105300,      0.676938,CP10_after_neg_clamp,   1,    0.0000000000E+00,    1.0982438573E+02,    1.0982438573E+02,    0.0000000000E+00,    0.0000000000E+00,    0.0000000000E+00,    1.0982438573E+02
    105300,      0.676938,CP11_after_MPI,   1,    0.0000000000E+00,    1.0982438573E+02,    1.0982438573E+02,    0.0000000000E+00,    0.0000000000E+00,    0.0000000000E+00,    1.0982438573E+02
    105300,      0.676938,CP12_end,   1,    0.0000000000E+00,    1.0982438573E+02,    1.0982438573E+02,    0.0000000000E+00,    0.0000000000E+00,    0.0000000000E+00,    1.0982438573E+02
    105350,      0.676938,CP0_start,   1,    0.0000000000E+00,    1.0991360421E+02,    1.0991360421E+02,    0.0000000000E+00,    0.0000000000E+00,    0.0000000000E+00,    1.0991360421E+02
    105350,      0.676938,CP1_after_deposition,   1,    0.0000000000E+00,    1.0991360421E+02,    1.0991360421E+02,    0.0000000000E+00,    0.0000000000E+00,    0.0000000000E+00,    1.0991360421E+02
    105350,      0.676938,CP2_after_erosion,   1,    0.0000000000E+00,    1.0991360421E+02,    1.0991360421E+02,    0.0000000000E+00,    0.0000000000E+00,    0.0000000000E+00,    1.0991360421E+02
    105350,      0.676938,CP3_after_update_bottom,   1,    0.0000000000E+00,    1.0991360421E+02,    1.0991360421E+02,    0.0000000000E+00,    0.0000000000E+00,    0.0000000000E+00,    1.0991360421E+02
    105350,      0.676938,CP4_after_advection,   1,    0.0000000000E+00,    1.0991726858E+02,    1.0991726858E+02,    0.0000000000E+00,    0.0000000000E+00,    0.0000000000E+00,    1.0991726858E+02
    105350,      0.676938,CP5_after_vdif,   1,    0.0000000000E+00,    1.0991726858E+02,    1.0991726858E+02,    0.0000000000E+00,    0.0000000000E+00,    0.0000000000E+00,    1.0991726858E+02
    105350,      0.676938,CP6_after_kinetics,   1,    0.0000000000E+00,    1.0991726858E+02,    1.0991726858E+02,    0.0000000000E+00,    0.0000000000E+00,    0.0000000000E+00,    1.0991726858E+02
    105350,      0.676938,CP7_after_upper_clamp,   1,    0.0000000000E+00,    1.0991726858E+02,    1.0991726858E+02,    0.0000000000E+00,    0.0000000000E+00,    0.0000000000E+00,    1.0991726858E+02
    105350,      0.676938,CP8_after_OBC,   1,    0.0000000000E+00,    1.0991726858E+02,    1.0991726858E+02,    0.0000000000E+00,    0.0000000000E+00,    0.0000000000E+00,    1.0991726858E+02
    105350,      0.676938,CP9_after_PTsource,   1,    0.0000000000E+00,    1.0991726858E+02,    1.0991726858E+02,    0.0000000000E+00,    0.0000000000E+00,    0.0000000000E+00,    1.0991726858E+02
    105350,      0.676938,CP10_after_neg_clamp,   1,    0.0000000000E+00,    1.0991726858E+02,    1.0991726858E+02,    0.0000000000E+00,    0.0000000000E+00,    0.0000000000E+00,    1.0991726858E+02
    105350,      0.676938,CP11_after_MPI,   1,    0.0000000000E+00,    1.0991726858E+02,    1.0991726858E+02,    0.0000000000E+00,    0.0000000000E+00,    0.0000000000E+00,    1.0991726858E+02
    105350,      0.676938,CP12_end,   1,    0.0000000000E+00,    1.0991726858E+02,    1.0991726858E+02,    0.0000000000E+00,    0.0000000000E+00,    0.0000000000E+00,    1.0991726858E+02
    105400,      0.676938,CP0_start,   1,    0.0000000000E+00,    1.1000673911E+02,    1.1000673911E+02,    0.0000000000E+00,    0.0000000000E+00,    0.0000000000E+00,    1.1000673911E+02
    105400,      0.676938,CP1_after_deposition,   1,    0.0000000000E+00,    1.1000673911E+02,    1.1000673911E+02,    0.0000000000E+00,    0.0000000000E+00,    0.0000000000E+00,    1.1000673911E+02
    105400,      0.676938,CP2_after_erosion,   1,    0.0000000000E+00,    1.1000673911E+02,    1.1000673911E+02,    0.0000000000E+00,    0.0000000000E+00,    0.0000000000E+00,    1.1000673911E+02
    105400,      0.676938,CP3_after_update_bottom,   1,    0.0000000000E+00,    1.1000673911E+02,    1.1000673911E+02,    0.0000000000E+00,    0.0000000000E+00,    0.0000000000E+00,    1.1000673911E+02
    105400,      0.676938,CP4_after_advection,   1,    0.0000000000E+00,    1.1001038646E+02,    1.1001038646E+02,    0.0000000000E+00,    0.0000000000E+00,    0.0000000000E+00,    1.1001038646E+02
    105400,      0.676938,CP5_after_vdif,   1,    0.0000000000E+00,    1.1001038646E+02,    1.1001038646E+02,    0.0000000000E+00,    0.0000000000E+00,    0.0000000000E+00,    1.1001038646E+02
    105400,      0.676938,CP6_after_kinetics,   1,    0.0000000000E+00,    1.1001038646E+02,    1.1001038646E+02,    0.0000000000E+00,    0.0000000000E+00,    0.0000000000E+00,    1.1001038646E+02
    105400,      0.676938,CP7_after_upper_clamp,   1,    0.0000000000E+00,    1.1001038646E+02,    1.1001038646E+02,    0.0000000000E+00,    0.0000000000E+00,    0.0000000000E+00,    1.1001038646E+02
    105400,      0.676938,CP8_after_OBC,   1,    0.0000000000E+00,    1.1001038646E+02,    1.1001038646E+02,    0.0000000000E+00,    0.0000000000E+00,    0.0000000000E+00,    1.1001038646E+02
    105400,      0.676938,CP9_after_PTsource,   1,    0.0000000000E+00,    1.1001038646E+02,    1.1001038646E+02,    0.0000000000E+00,    0.0000000000E+00,    0.0000000000E+00,    1.1001038646E+02
    105400,      0.676938,CP10_after_neg_clamp,   1,    0.0000000000E+00,    1.1001038646E+02,    1.1001038646E+02,    0.0000000000E+00,    0.0000000000E+00,    0.0000000000E+00,    1.1001038646E+02
    105400,      0.676938,CP11_after_MPI,   1,    0.0000000000E+00,    1.1001038646E+02,    1.1001038646E+02,    0.0000000000E+00,    0.0000000000E+00,    0.0000000000E+00,    1.1001038646E+02
    105400,      0.676938,CP12_end,   1,    0.0000000000E+00,    1.1001038646E+02,    1.1001038646E+02,    0.0000000000E+00,    0.0000000000E+00,    0.0000000000E+00,    1.1001038646E+02
    105450,      0.676938,CP0_start,   1,    0.0000000000E+00,    1.1010015892E+02,    1.1010015892E+02,    0.0000000000E+00,    0.0000000000E+00,    0.0000000000E+00,    1.1010015892E+02
    105450,      0.676938,CP1_after_deposition,   1,    0.0000000000E+00,    1.1010015892E+02,    1.1010015892E+02,    0.0000000000E+00,    0.0000000000E+00,    0.0000000000E+00,    1.1010015892E+02
    105450,      0.676938,CP2_after_erosion,   1,    0.0000000000E+00,    1.1010015892E+02,    1.1010015892E+02,    0.0000000000E+00,    0.0000000000E+00,    0.0000000000E+00,    1.1010015892E+02
    105450,      0.676938,CP3_after_update_bottom,   1,    0.0000000000E+00,    1.1010015892E+02,    1.1010015892E+02,    0.0000000000E+00,    0.0000000000E+00,    0.0000000000E+00,    1.1010015892E+02
    105450,      0.676938,CP4_after_advection,   1,    0.0000000000E+00,    1.1010379474E+02,    1.1010379474E+02,    0.0000000000E+00,    0.0000000000E+00,    0.0000000000E+00,    1.1010379474E+02
    105450,      0.676938,CP5_after_vdif,   1,    0.0000000000E+00,    1.1010379474E+02,    1.1010379474E+02,    0.0000000000E+00,    0.0000000000E+00,    0.0000000000E+00,    1.1010379474E+02
    105450,      0.676938,CP6_after_kinetics,   1,    0.0000000000E+00,    1.1010379474E+02,    1.1010379474E+02,    0.0000000000E+00,    0.0000000000E+00,    0.0000000000E+00,    1.1010379474E+02
    105450,      0.676938,CP7_after_upper_clamp,   1,    0.0000000000E+00,    1.1010379474E+02,    1.1010379474E+02,    0.0000000000E+00,    0.0000000000E+00,    0.0000000000E+00,    1.1010379474E+02
    105450,      0.676938,CP8_after_OBC,   1,    0.0000000000E+00,    1.1010379474E+02,    1.1010379474E+02,    0.0000000000E+00,    0.0000000000E+00,    0.0000000000E+00,    1.1010379474E+02
    105450,      0.676938,CP9_after_PTsource,   1,    0.0000000000E+00,    1.1010379474E+02,    1.1010379474E+02,    0.0000000000E+00,    0.0000000000E+00,    0.0000000000E+00,    1.1010379474E+02
    105450,      0.676938,CP10_after_neg_clamp,   1,    0.0000000000E+00,    1.1010379474E+02,    1.1010379474E+02,    0.0000000000E+00,    0.0000000000E+00,    0.0000000000E+00,    1.1010379474E+02
    105450,      0.676938,CP11_after_MPI,   1,    0.0000000000E+00,    1.1010379474E+02,    1.1010379474E+02,    0.0000000000E+00,    0.0000000000E+00,    0.0000000000E+00,    1.1010379474E+02
    105450,      0.676938,CP12_end,   1,    0.0000000000E+00,    1.1010379474E+02,    1.1010379474E+02,    0.0000000000E+00,    0.0000000000E+00,    0.0000000000E+00,    1.1010379474E+02
    105500,      0.676938,CP0_start,   1,    0.0000000000E+00,    1.1019387897E+02,    1.1019387897E+02,    0.0000000000E+00,    0.0000000000E+00,    0.0000000000E+00,    1.1019387897E+02
    105500,      0.676938,CP1_after_deposition,   1,    0.0000000000E+00,    1.1019387897E+02,    1.1019387897E+02,    0.0000000000E+00,    0.0000000000E+00,    0.0000000000E+00,    1.1019387897E+02
    105500,      0.676938,CP2_after_erosion,   1,    0.0000000000E+00,    1.1019387897E+02,    1.1019387897E+02,    0.0000000000E+00,    0.0000000000E+00,    0.0000000000E+00,    1.1019387897E+02
    105500,      0.676938,CP3_after_update_bottom,   1,    0.0000000000E+00,    1.1019387897E+02,    1.1019387897E+02,    0.0000000000E+00,    0.0000000000E+00,    0.0000000000E+00,    1.1019387897E+02
    105500,      0.676938,CP4_after_advection,   1,    0.0000000000E+00,    1.1019750254E+02,    1.1019750254E+02,    0.0000000000E+00,    0.0000000000E+00,    0.0000000000E+00,    1.1019750254E+02
    105500,      0.676938,CP5_after_vdif,   1,    0.0000000000E+00,    1.1019750254E+02,    1.1019750254E+02,    0.0000000000E+00,    0.0000000000E+00,    0.0000000000E+00,    1.1019750254E+02
    105500,      0.676938,CP6_after_kinetics,   1,    0.0000000000E+00,    1.1019750254E+02,    1.1019750254E+02,    0.0000000000E+00,    0.0000000000E+00,    0.0000000000E+00,    1.1019750254E+02
    105500,      0.676938,CP7_after_upper_clamp,   1,    0.0000000000E+00,    1.1019750254E+02,    1.1019750254E+02,    0.0000000000E+00,    0.0000000000E+00,    0.0000000000E+00,    1.1019750254E+02
    105500,      0.676938,CP8_after_OBC,   1,    0.0000000000E+00,    1.1019750254E+02,    1.1019750254E+02,    0.0000000000E+00,    0.0000000000E+00,    0.0000000000E+00,    1.1019750254E+02
    105500,      0.676938,CP9_after_PTsource,   1,    0.0000000000E+00,    1.1019750254E+02,    1.1019750254E+02,    0.0000000000E+00,    0.0000000000E+00,    0.0000000000E+00,    1.1019750254E+02
    105500,      0.676938,CP10_after_neg_clamp,   1,    0.0000000000E+00,    1.1019750254E+02,    1.1019750254E+02,    0.0000000000E+00,    0.0000000000E+00,    0.0000000000E+00,    1.1019750254E+02
    105500,      0.676938,CP11_after_MPI,   1,    0.0000000000E+00,    1.1019750254E+02,    1.1019750254E+02,    0.0000000000E+00,    0.0000000000E+00,    0.0000000000E+00,    1.1019750254E+02
    105500,      0.676938,CP12_end,   1,    0.0000000000E+00,    1.1019750254E+02,    1.1019750254E+02,    0.0000000000E+00,    0.0000000000E+00,    0.0000000000E+00,    1.1019750254E+02
    105550,      0.676938,CP0_start,   1,    0.0000000000E+00,    1.1028798439E+02,    1.1028798439E+02,    0.0000000000E+00,    0.0000000000E+00,    0.0000000000E+00,    1.1028798439E+02
    105550,      0.676938,CP1_after_deposition,   1,    0.0000000000E+00,    1.1028798439E+02,    1.1028798439E+02,    0.0000000000E+00,    0.0000000000E+00,    0.0000000000E+00,    1.1028798439E+02
    105550,      0.676938,CP2_after_erosion,   1,    0.0000000000E+00,    1.1028798439E+02,    1.1028798439E+02,    0.0000000000E+00,    0.0000000000E+00,    0.0000000000E+00,    1.1028798439E+02
    105550,      0.676938,CP3_after_update_bottom,   1,    0.0000000000E+00,    1.1028798439E+02,    1.1028798439E+02,    0.0000000000E+00,    0.0000000000E+00,    0.0000000000E+00,    1.1028798439E+02
    105550,      0.676938,CP4_after_advection,   1,    0.0000000000E+00,    1.1029159540E+02,    1.1029159540E+02,    0.0000000000E+00,    0.0000000000E+00,    0.0000000000E+00,    1.1029159540E+02
    105550,      0.676938,CP5_after_vdif,   1,    0.0000000000E+00,    1.1029159540E+02,    1.1029159540E+02,    0.0000000000E+00,    0.0000000000E+00,    0.0000000000E+00,    1.1029159540E+02
    105550,      0.676938,CP6_after_kinetics,   1,    0.0000000000E+00,    1.1029159540E+02,    1.1029159540E+02,    0.0000000000E+00,    0.0000000000E+00,    0.0000000000E+00,    1.1029159540E+02
    105550,      0.676938,CP7_after_upper_clamp,   1,    0.0000000000E+00,    1.1029159540E+02,    1.1029159540E+02,    0.0000000000E+00,    0.0000000000E+00,    0.0000000000E+00,    1.1029159540E+02
    105550,      0.676938,CP8_after_OBC,   1,    0.0000000000E+00,    1.1029159540E+02,    1.1029159540E+02,    0.0000000000E+00,    0.0000000000E+00,    0.0000000000E+00,    1.1029159540E+02
    105550,      0.676938,CP9_after_PTsource,   1,    0.0000000000E+00,    1.1029159540E+02,    1.1029159540E+02,    0.0000000000E+00,    0.0000000000E+00,    0.0000000000E+00,    1.1029159540E+02
    105550,      0.676938,CP10_after_neg_clamp,   1,    0.0000000000E+00,    1.1029159540E+02,    1.1029159540E+02,    0.0000000000E+00,    0.0000000000E+00,    0.0000000000E+00,    1.1029159540E+02
    105550,      0.676938,CP11_after_MPI,   1,    0.0000000000E+00,    1.1029159540E+02,    1.1029159540E+02,    0.0000000000E+00,    0.0000000000E+00,    0.0000000000E+00,    1.1029159540E+02
    105550,      0.676938,CP12_end,   1,    0.0000000000E+00,    1.1029159540E+02,    1.1029159540E+02,    0.0000000000E+00,    0.0000000000E+00,    0.0000000000E+00,    1.1029159540E+02
    105600,      0.676938,CP0_start,   1,    0.0000000000E+00,    1.1038242144E+02,    1.1038242144E+02,    0.0000000000E+00,    0.0000000000E+00,    0.0000000000E+00,    1.1038242144E+02
    105600,      0.676938,CP1_after_deposition,   1,    0.0000000000E+00,    1.1038242144E+02,    1.1038242144E+02,    0.0000000000E+00,    0.0000000000E+00,    0.0000000000E+00,    1.1038242144E+02
    105600,      0.676938,CP2_after_erosion,   1,    0.0000000000E+00,    1.1038242144E+02,    1.1038242144E+02,    0.0000000000E+00,    0.0000000000E+00,    0.0000000000E+00,    1.1038242144E+02
    105600,      0.676938,CP3_after_update_bottom,   1,    0.0000000000E+00,    1.1038242144E+02,    1.1038242144E+02,    0.0000000000E+00,    0.0000000000E+00,    0.0000000000E+00,    1.1038242144E+02
    105600,      0.676938,CP4_after_advection,   1,    0.0000000000E+00,    1.1038601717E+02,    1.1038601717E+02,    0.0000000000E+00,    0.0000000000E+00,    0.0000000000E+00,    1.1038601717E+02
    105600,      0.676938,CP5_after_vdif,   1,    0.0000000000E+00,    1.1038601717E+02,    1.1038601717E+02,    0.0000000000E+00,    0.0000000000E+00,    0.0000000000E+00,    1.1038601717E+02
    105600,      0.676938,CP6_after_kinetics,   1,    0.0000000000E+00,    1.1038601717E+02,    1.1038601717E+02,    0.0000000000E+00,    0.0000000000E+00,    0.0000000000E+00,    1.1038601717E+02
    105600,      0.676938,CP7_after_upper_clamp,   1,    0.0000000000E+00,    1.1038601717E+02,    1.1038601717E+02,    0.0000000000E+00,    0.0000000000E+00,    0.0000000000E+00,    1.1038601717E+02
    105600,      0.676938,CP8_after_OBC,   1,    0.0000000000E+00,    1.1038601717E+02,    1.1038601717E+02,    0.0000000000E+00,    0.0000000000E+00,    0.0000000000E+00,    1.1038601717E+02
    105600,      0.676938,CP9_after_PTsource,   1,    0.0000000000E+00,    1.1038601717E+02,    1.1038601717E+02,    0.0000000000E+00,    0.0000000000E+00,    0.0000000000E+00,    1.1038601717E+02
    105600,      0.676938,CP10_after_neg_clamp,   1,    0.0000000000E+00,    1.1038601717E+02,    1.1038601717E+02,    0.0000000000E+00,    0.0000000000E+00,    0.0000000000E+00,    1.1038601717E+02
    105600,      0.676938,CP11_after_MPI,   1,    0.0000000000E+00,    1.1038601717E+02,    1.1038601717E+02,    0.0000000000E+00,    0.0000000000E+00,    0.0000000000E+00,    1.1038601717E+02
    105600,      0.676938,CP12_end,   1,    0.0000000000E+00,    1.1038601717E+02,    1.1038601717E+02,    0.0000000000E+00,    0.0000000000E+00,    0.0000000000E+00,    1.1038601717E+02
    105650,      0.676938,CP0_start,   1,    0.0000000000E+00,    1.1047724164E+02,    1.1047724164E+02,    0.0000000000E+00,    0.0000000000E+00,    0.0000000000E+00,    1.1047724164E+02
    105650,      0.676938,CP1_after_deposition,   1,    0.0000000000E+00,    1.1047724164E+02,    1.1047724164E+02,    0.0000000000E+00,    0.0000000000E+00,    0.0000000000E+00,    1.1047724164E+02
    105650,      0.676938,CP2_after_erosion,   1,    0.0000000000E+00,    1.1047724164E+02,    1.1047724164E+02,    0.0000000000E+00,    0.0000000000E+00,    0.0000000000E+00,    1.1047724164E+02
    105650,      0.676938,CP3_after_update_bottom,   1,    0.0000000000E+00,    1.1047724164E+02,    1.1047724164E+02,    0.0000000000E+00,    0.0000000000E+00,    0.0000000000E+00,    1.1047724164E+02
    105650,      0.676938,CP4_after_advection,   1,    0.0000000000E+00,    1.1048082156E+02,    1.1048082156E+02,    0.0000000000E+00,    0.0000000000E+00,    0.0000000000E+00,    1.1048082156E+02
    105650,      0.676938,CP5_after_vdif,   1,    0.0000000000E+00,    1.1048082156E+02,    1.1048082156E+02,    0.0000000000E+00,    0.0000000000E+00,    0.0000000000E+00,    1.1048082156E+02
    105650,      0.676938,CP6_after_kinetics,   1,    0.0000000000E+00,    1.1048082156E+02,    1.1048082156E+02,    0.0000000000E+00,    0.0000000000E+00,    0.0000000000E+00,    1.1048082156E+02
    105650,      0.676938,CP7_after_upper_clamp,   1,    0.0000000000E+00,    1.1048082156E+02,    1.1048082156E+02,    0.0000000000E+00,    0.0000000000E+00,    0.0000000000E+00,    1.1048082156E+02
    105650,      0.676938,CP8_after_OBC,   1,    0.0000000000E+00,    1.1048082156E+02,    1.1048082156E+02,    0.0000000000E+00,    0.0000000000E+00,    0.0000000000E+00,    1.1048082156E+02
    105650,      0.676938,CP9_after_PTsource,   1,    0.0000000000E+00,    1.1048082156E+02,    1.1048082156E+02,    0.0000000000E+00,    0.0000000000E+00,    0.0000000000E+00,    1.1048082156E+02
    105650,      0.676938,CP10_after_neg_clamp,   1,    0.0000000000E+00,    1.1048082156E+02,    1.1048082156E+02,    0.0000000000E+00,    0.0000000000E+00,    0.0000000000E+00,    1.1048082156E+02
    105650,      0.676938,CP11_after_MPI,   1,    0.0000000000E+00,    1.1048082156E+02,    1.1048082156E+02,    0.0000000000E+00,    0.0000000000E+00,    0.0000000000E+00,    1.1048082156E+02
    105650,      0.676938,CP12_end,   1,    0.0000000000E+00,    1.1048082156E+02,    1.1048082156E+02,    0.0000000000E+00,    0.0000000000E+00,    0.0000000000E+00,    1.1048082156E+02
    105700,      0.676938,CP0_start,   1,    0.0000000000E+00,    1.1057240321E+02,    1.1057240321E+02,    0.0000000000E+00,    0.0000000000E+00,    0.0000000000E+00,    1.1057240321E+02
    105700,      0.676938,CP1_after_deposition,   1,    0.0000000000E+00,    1.1057240321E+02,    1.1057240321E+02,    0.0000000000E+00,    0.0000000000E+00,    0.0000000000E+00,    1.1057240321E+02
    105700,      0.676938,CP2_after_erosion,   1,    0.0000000000E+00,    1.1057240321E+02,    1.1057240321E+02,    0.0000000000E+00,    0.0000000000E+00,    0.0000000000E+00,    1.1057240321E+02
    105700,      0.676938,CP3_after_update_bottom,   1,    0.0000000000E+00,    1.1057240321E+02,    1.1057240321E+02,    0.0000000000E+00,    0.0000000000E+00,    0.0000000000E+00,    1.1057240321E+02
    105700,      0.676938,CP4_after_advection,   1,    0.0000000000E+00,    1.1057596862E+02,    1.1057596862E+02,    0.0000000000E+00,    0.0000000000E+00,    0.0000000000E+00,    1.1057596862E+02
    105700,      0.676938,CP5_after_vdif,   1,    0.0000000000E+00,    1.1057596862E+02,    1.1057596862E+02,    0.0000000000E+00,    0.0000000000E+00,    0.0000000000E+00,    1.1057596862E+02
    105700,      0.676938,CP6_after_kinetics,   1,    0.0000000000E+00,    1.1057596862E+02,    1.1057596862E+02,    0.0000000000E+00,    0.0000000000E+00,    0.0000000000E+00,    1.1057596862E+02
    105700,      0.676938,CP7_after_upper_clamp,   1,    0.0000000000E+00,    1.1057596862E+02,    1.1057596862E+02,    0.0000000000E+00,    0.0000000000E+00,    0.0000000000E+00,    1.1057596862E+02
    105700,      0.676938,CP8_after_OBC,   1,    0.0000000000E+00,    1.1057596862E+02,    1.1057596862E+02,    0.0000000000E+00,    0.0000000000E+00,    0.0000000000E+00,    1.1057596862E+02
    105700,      0.676938,CP9_after_PTsource,   1,    0.0000000000E+00,    1.1057596862E+02,    1.1057596862E+02,    0.0000000000E+00,    0.0000000000E+00,    0.0000000000E+00,    1.1057596862E+02
    105700,      0.676938,CP10_after_neg_clamp,   1,    0.0000000000E+00,    1.1057596862E+02,    1.1057596862E+02,    0.0000000000E+00,    0.0000000000E+00,    0.0000000000E+00,    1.1057596862E+02
    105700,      0.676938,CP11_after_MPI,   1,    0.0000000000E+00,    1.1057596862E+02,    1.1057596862E+02,    0.0000000000E+00,    0.0000000000E+00,    0.0000000000E+00,    1.1057596862E+02
    105700,      0.676938,CP12_end,   1,    0.0000000000E+00,    1.1057596862E+02,    1.1057596862E+02,    0.0000000000E+00,    0.0000000000E+00,    0.0000000000E+00,    1.1057596862E+02
    105750,      0.676938,CP0_start,   1,    0.0000000000E+00,    1.1066789203E+02,    1.1066789203E+02,    0.0000000000E+00,    0.0000000000E+00,    0.0000000000E+00,    1.1066789203E+02
    105750,      0.676938,CP1_after_deposition,   1,    0.0000000000E+00,    1.1066789203E+02,    1.1066789203E+02,    0.0000000000E+00,    0.0000000000E+00,    0.0000000000E+00,    1.1066789203E+02
    105750,      0.676938,CP2_after_erosion,   1,    0.0000000000E+00,    1.1066789203E+02,    1.1066789203E+02,    0.0000000000E+00,    0.0000000000E+00,    0.0000000000E+00,    1.1066789203E+02
    105750,      0.676938,CP3_after_update_bottom,   1,    0.0000000000E+00,    1.1066789203E+02,    1.1066789203E+02,    0.0000000000E+00,    0.0000000000E+00,    0.0000000000E+00,    1.1066789203E+02
    105750,      0.676938,CP4_after_advection,   1,    0.0000000000E+00,    1.1067144115E+02,    1.1067144115E+02,    0.0000000000E+00,    0.0000000000E+00,    0.0000000000E+00,    1.1067144115E+02
    105750,      0.676938,CP5_after_vdif,   1,    0.0000000000E+00,    1.1067144115E+02,    1.1067144115E+02,    0.0000000000E+00,    0.0000000000E+00,    0.0000000000E+00,    1.1067144115E+02
    105750,      0.676938,CP6_after_kinetics,   1,    0.0000000000E+00,    1.1067144115E+02,    1.1067144115E+02,    0.0000000000E+00,    0.0000000000E+00,    0.0000000000E+00,    1.1067144115E+02
    105750,      0.676938,CP7_after_upper_clamp,   1,    0.0000000000E+00,    1.1067144115E+02,    1.1067144115E+02,    0.0000000000E+00,    0.0000000000E+00,    0.0000000000E+00,    1.1067144115E+02
    105750,      0.676938,CP8_after_OBC,   1,    0.0000000000E+00,    1.1067144115E+02,    1.1067144115E+02,    0.0000000000E+00,    0.0000000000E+00,    0.0000000000E+00,    1.1067144115E+02
    105750,      0.676938,CP9_after_PTsource,   1,    0.0000000000E+00,    1.1067144115E+02,    1.1067144115E+02,    0.0000000000E+00,    0.0000000000E+00,    0.0000000000E+00,    1.1067144115E+02
    105750,      0.676938,CP10_after_neg_clamp,   1,    0.0000000000E+00,    1.1067144115E+02,    1.1067144115E+02,    0.0000000000E+00,    0.0000000000E+00,    0.0000000000E+00,    1.1067144115E+02
    105750,      0.676938,CP11_after_MPI,   1,    0.0000000000E+00,    1.1067144115E+02,    1.1067144115E+02,    0.0000000000E+00,    0.0000000000E+00,    0.0000000000E+00,    1.1067144115E+02
    105750,      0.676938,CP12_end,   1,    0.0000000000E+00,    1.1067144115E+02,    1.1067144115E+02,    0.0000000000E+00,    0.0000000000E+00,    0.0000000000E+00,    1.1067144115E+02
    105800,      0.676938,CP0_start,   1,    0.0000000000E+00,    1.1076369371E+02,    1.1076369371E+02,    0.0000000000E+00,    0.0000000000E+00,    0.0000000000E+00,    1.1076369371E+02
    105800,      0.676938,CP1_after_deposition,   1,    0.0000000000E+00,    1.1076369371E+02,    1.1076369371E+02,    0.0000000000E+00,    0.0000000000E+00,    0.0000000000E+00,    1.1076369371E+02
    105800,      0.676938,CP2_after_erosion,   1,    0.0000000000E+00,    1.1076369371E+02,    1.1076369371E+02,    0.0000000000E+00,    0.0000000000E+00,    0.0000000000E+00,    1.1076369371E+02
    105800,      0.676938,CP3_after_update_bottom,   1,    0.0000000000E+00,    1.1076369371E+02,    1.1076369371E+02,    0.0000000000E+00,    0.0000000000E+00,    0.0000000000E+00,    1.1076369371E+02
    105800,      0.676938,CP4_after_advection,   1,    0.0000000000E+00,    1.1076722581E+02,    1.1076722581E+02,    0.0000000000E+00,    0.0000000000E+00,    0.0000000000E+00,    1.1076722581E+02
    105800,      0.676938,CP5_after_vdif,   1,    0.0000000000E+00,    1.1076722581E+02,    1.1076722581E+02,    0.0000000000E+00,    0.0000000000E+00,    0.0000000000E+00,    1.1076722581E+02
    105800,      0.676938,CP6_after_kinetics,   1,    0.0000000000E+00,    1.1076722581E+02,    1.1076722581E+02,    0.0000000000E+00,    0.0000000000E+00,    0.0000000000E+00,    1.1076722581E+02
    105800,      0.676938,CP7_after_upper_clamp,   1,    0.0000000000E+00,    1.1076722581E+02,    1.1076722581E+02,    0.0000000000E+00,    0.0000000000E+00,    0.0000000000E+00,    1.1076722581E+02
    105800,      0.676938,CP8_after_OBC,   1,    0.0000000000E+00,    1.1076722581E+02,    1.1076722581E+02,    0.0000000000E+00,    0.0000000000E+00,    0.0000000000E+00,    1.1076722581E+02
    105800,      0.676938,CP9_after_PTsource,   1,    0.0000000000E+00,    1.1076722581E+02,    1.1076722581E+02,    0.0000000000E+00,    0.0000000000E+00,    0.0000000000E+00,    1.1076722581E+02
    105800,      0.676938,CP10_after_neg_clamp,   1,    0.0000000000E+00,    1.1076722581E+02,    1.1076722581E+02,    0.0000000000E+00,    0.0000000000E+00,    0.0000000000E+00,    1.1076722581E+02
    105800,      0.676938,CP11_after_MPI,   1,    0.0000000000E+00,    1.1076722581E+02,    1.1076722581E+02,    0.0000000000E+00,    0.0000000000E+00,    0.0000000000E+00,    1.1076722581E+02
    105800,      0.676938,CP12_end,   1,    0.0000000000E+00,    1.1076722581E+02,    1.1076722581E+02,    0.0000000000E+00,    0.0000000000E+00,    0.0000000000E+00,    1.1076722581E+02
    105850,      0.676938,CP0_start,   1,    0.0000000000E+00,    1.1085974046E+02,    1.1085974046E+02,    0.0000000000E+00,    0.0000000000E+00,    0.0000000000E+00,    1.1085974046E+02
    105850,      0.676938,CP1_after_deposition,   1,    0.0000000000E+00,    1.1085974046E+02,    1.1085974046E+02,    0.0000000000E+00,    0.0000000000E+00,    0.0000000000E+00,    1.1085974046E+02
    105850,      0.676938,CP2_after_erosion,   1,    0.0000000000E+00,    1.1085974046E+02,    1.1085974046E+02,    0.0000000000E+00,    0.0000000000E+00,    0.0000000000E+00,    1.1085974046E+02
    105850,      0.676938,CP3_after_update_bottom,   1,    0.0000000000E+00,    1.1085974046E+02,    1.1085974046E+02,    0.0000000000E+00,    0.0000000000E+00,    0.0000000000E+00,    1.1085974046E+02
    105850,      0.676938,CP4_after_advection,   1,    0.0000000000E+00,    1.1086325506E+02,    1.1086325506E+02,    0.0000000000E+00,    0.0000000000E+00,    0.0000000000E+00,    1.1086325506E+02
    105850,      0.676938,CP5_after_vdif,   1,    0.0000000000E+00,    1.1086325506E+02,    1.1086325506E+02,    0.0000000000E+00,    0.0000000000E+00,    0.0000000000E+00,    1.1086325506E+02
    105850,      0.676938,CP6_after_kinetics,   1,    0.0000000000E+00,    1.1086325506E+02,    1.1086325506E+02,    0.0000000000E+00,    0.0000000000E+00,    0.0000000000E+00,    1.1086325506E+02
    105850,      0.676938,CP7_after_upper_clamp,   1,    0.0000000000E+00,    1.1086325506E+02,    1.1086325506E+02,    0.0000000000E+00,    0.0000000000E+00,    0.0000000000E+00,    1.1086325506E+02
    105850,      0.676938,CP8_after_OBC,   1,    0.0000000000E+00,    1.1086325506E+02,    1.1086325506E+02,    0.0000000000E+00,    0.0000000000E+00,    0.0000000000E+00,    1.1086325506E+02
    105850,      0.676938,CP9_after_PTsource,   1,    0.0000000000E+00,    1.1086325506E+02,    1.1086325506E+02,    0.0000000000E+00,    0.0000000000E+00,    0.0000000000E+00,    1.1086325506E+02
    105850,      0.676938,CP10_after_neg_clamp,   1,    0.0000000000E+00,    1.1086325506E+02,    1.1086325506E+02,    0.0000000000E+00,    0.0000000000E+00,    0.0000000000E+00,    1.1086325506E+02
    105850,      0.676938,CP11_after_MPI,   1,    0.0000000000E+00,    1.1086325506E+02,    1.1086325506E+02,    0.0000000000E+00,    0.0000000000E+00,    0.0000000000E+00,    1.1086325506E+02
    105850,      0.676938,CP12_end,   1,    0.0000000000E+00,    1.1086325506E+02,    1.1086325506E+02,    0.0000000000E+00,    0.0000000000E+00,    0.0000000000E+00,    1.1086325506E+02
    105900,      0.676938,CP0_start,   1,    0.0000000000E+00,    1.1095604639E+02,    1.1095604639E+02,    0.0000000000E+00,    0.0000000000E+00,    0.0000000000E+00,    1.1095604639E+02
    105900,      0.676938,CP1_after_deposition,   1,    0.0000000000E+00,    1.1095604639E+02,    1.1095604639E+02,    0.0000000000E+00,    0.0000000000E+00,    0.0000000000E+00,    1.1095604639E+02
    105900,      0.676938,CP2_after_erosion,   1,    0.0000000000E+00,    1.1095604639E+02,    1.1095604639E+02,    0.0000000000E+00,    0.0000000000E+00,    0.0000000000E+00,    1.1095604639E+02
    105900,      0.676938,CP3_after_update_bottom,   1,    0.0000000000E+00,    1.1095604639E+02,    1.1095604639E+02,    0.0000000000E+00,    0.0000000000E+00,    0.0000000000E+00,    1.1095604639E+02
    105900,      0.676938,CP4_after_advection,   1,    0.0000000000E+00,    1.1095954441E+02,    1.1095954441E+02,    0.0000000000E+00,    0.0000000000E+00,    0.0000000000E+00,    1.1095954441E+02
    105900,      0.676938,CP5_after_vdif,   1,    0.0000000000E+00,    1.1095954441E+02,    1.1095954441E+02,    0.0000000000E+00,    0.0000000000E+00,    0.0000000000E+00,    1.1095954441E+02
    105900,      0.676938,CP6_after_kinetics,   1,    0.0000000000E+00,    1.1095954441E+02,    1.1095954441E+02,    0.0000000000E+00,    0.0000000000E+00,    0.0000000000E+00,    1.1095954441E+02
    105900,      0.676938,CP7_after_upper_clamp,   1,    0.0000000000E+00,    1.1095954441E+02,    1.1095954441E+02,    0.0000000000E+00,    0.0000000000E+00,    0.0000000000E+00,    1.1095954441E+02
    105900,      0.676938,CP8_after_OBC,   1,    0.0000000000E+00,    1.1095954441E+02,    1.1095954441E+02,    0.0000000000E+00,    0.0000000000E+00,    0.0000000000E+00,    1.1095954441E+02
    105900,      0.676938,CP9_after_PTsource,   1,    0.0000000000E+00,    1.1095954441E+02,    1.1095954441E+02,    0.0000000000E+00,    0.0000000000E+00,    0.0000000000E+00,    1.1095954441E+02
    105900,      0.676938,CP10_after_neg_clamp,   1,    0.0000000000E+00,    1.1095954441E+02,    1.1095954441E+02,    0.0000000000E+00,    0.0000000000E+00,    0.0000000000E+00,    1.1095954441E+02
    105900,      0.676938,CP11_after_MPI,   1,    0.0000000000E+00,    1.1095954441E+02,    1.1095954441E+02,    0.0000000000E+00,    0.0000000000E+00,    0.0000000000E+00,    1.1095954441E+02
    105900,      0.676938,CP12_end,   1,    0.0000000000E+00,    1.1095954441E+02,    1.1095954441E+02,    0.0000000000E+00,    0.0000000000E+00,    0.0000000000E+00,    1.1095954441E+02
    105950,      0.676938,CP0_start,   1,    0.0000000000E+00,    1.1105261958E+02,    1.1105261958E+02,    0.0000000000E+00,    0.0000000000E+00,    0.0000000000E+00,    1.1105261958E+02
    105950,      0.676938,CP1_after_deposition,   1,    0.0000000000E+00,    1.1105261958E+02,    1.1105261958E+02,    0.0000000000E+00,    0.0000000000E+00,    0.0000000000E+00,    1.1105261958E+02
    105950,      0.676938,CP2_after_erosion,   1,    0.0000000000E+00,    1.1105261958E+02,    1.1105261958E+02,    0.0000000000E+00,    0.0000000000E+00,    0.0000000000E+00,    1.1105261958E+02
    105950,      0.676938,CP3_after_update_bottom,   1,    0.0000000000E+00,    1.1105261958E+02,    1.1105261958E+02,    0.0000000000E+00,    0.0000000000E+00,    0.0000000000E+00,    1.1105261958E+02
    105950,      0.676938,CP4_after_advection,   1,    0.0000000000E+00,    1.1105609869E+02,    1.1105609869E+02,    0.0000000000E+00,    0.0000000000E+00,    0.0000000000E+00,    1.1105609869E+02
    105950,      0.676938,CP5_after_vdif,   1,    0.0000000000E+00,    1.1105609869E+02,    1.1105609869E+02,    0.0000000000E+00,    0.0000000000E+00,    0.0000000000E+00,    1.1105609869E+02
    105950,      0.676938,CP6_after_kinetics,   1,    0.0000000000E+00,    1.1105609869E+02,    1.1105609869E+02,    0.0000000000E+00,    0.0000000000E+00,    0.0000000000E+00,    1.1105609869E+02
    105950,      0.676938,CP7_after_upper_clamp,   1,    0.0000000000E+00,    1.1105609869E+02,    1.1105609869E+02,    0.0000000000E+00,    0.0000000000E+00,    0.0000000000E+00,    1.1105609869E+02
    105950,      0.676938,CP8_after_OBC,   1,    0.0000000000E+00,    1.1105609869E+02,    1.1105609869E+02,    0.0000000000E+00,    0.0000000000E+00,    0.0000000000E+00,    1.1105609869E+02
    105950,      0.676938,CP9_after_PTsource,   1,    0.0000000000E+00,    1.1105609869E+02,    1.1105609869E+02,    0.0000000000E+00,    0.0000000000E+00,    0.0000000000E+00,    1.1105609869E+02
    105950,      0.676938,CP10_after_neg_clamp,   1,    0.0000000000E+00,    1.1105609869E+02,    1.1105609869E+02,    0.0000000000E+00,    0.0000000000E+00,    0.0000000000E+00,    1.1105609869E+02
    105950,      0.676938,CP11_after_MPI,   1,    0.0000000000E+00,    1.1105609869E+02,    1.1105609869E+02,    0.0000000000E+00,    0.0000000000E+00,    0.0000000000E+00,    1.1105609869E+02
    105950,      0.676938,CP12_end,   1,    0.0000000000E+00,    1.1105609869E+02,    1.1105609869E+02,    0.0000000000E+00,    0.0000000000E+00,    0.0000000000E+00,    1.1105609869E+02
    106000,      0.676938,CP0_start,   1,    0.0000000000E+00,    1.1114942462E+02,    1.1114942462E+02,    0.0000000000E+00,    0.0000000000E+00,    0.0000000000E+00,    1.1114942462E+02
    106000,      0.676938,CP1_after_deposition,   1,    0.0000000000E+00,    1.1114942462E+02,    1.1114942462E+02,    0.0000000000E+00,    0.0000000000E+00,    0.0000000000E+00,    1.1114942462E+02
    106000,      0.676938,CP2_after_erosion,   1,    0.0000000000E+00,    1.1114942462E+02,    1.1114942462E+02,    0.0000000000E+00,    0.0000000000E+00,    0.0000000000E+00,    1.1114942462E+02
    106000,      0.676938,CP3_after_update_bottom,   1,    0.0000000000E+00,    1.1114942462E+02,    1.1114942462E+02,    0.0000000000E+00,    0.0000000000E+00,    0.0000000000E+00,    1.1114942462E+02
    106000,      0.676938,CP4_after_advection,   1,    0.0000000000E+00,    1.1115288287E+02,    1.1115288287E+02,    0.0000000000E+00,    0.0000000000E+00,    0.0000000000E+00,    1.1115288287E+02
    106000,      0.676938,CP5_after_vdif,   1,    0.0000000000E+00,    1.1115288287E+02,    1.1115288287E+02,    0.0000000000E+00,    0.0000000000E+00,    0.0000000000E+00,    1.1115288287E+02
    106000,      0.676938,CP6_after_kinetics,   1,    0.0000000000E+00,    1.1115288287E+02,    1.1115288287E+02,    0.0000000000E+00,    0.0000000000E+00,    0.0000000000E+00,    1.1115288287E+02
    106000,      0.676938,CP7_after_upper_clamp,   1,    0.0000000000E+00,    1.1115288287E+02,    1.1115288287E+02,    0.0000000000E+00,    0.0000000000E+00,    0.0000000000E+00,    1.1115288287E+02
    106000,      0.676938,CP8_after_OBC,   1,    0.0000000000E+00,    1.1115288287E+02,    1.1115288287E+02,    0.0000000000E+00,    0.0000000000E+00,    0.0000000000E+00,    1.1115288287E+02
    106000,      0.676938,CP9_after_PTsource,   1,    0.0000000000E+00,    1.1115288287E+02,    1.1115288287E+02,    0.0000000000E+00,    0.0000000000E+00,    0.0000000000E+00,    1.1115288287E+02
    106000,      0.676938,CP10_after_neg_clamp,   1,    0.0000000000E+00,    1.1115288287E+02,    1.1115288287E+02,    0.0000000000E+00,    0.0000000000E+00,    0.0000000000E+00,    1.1115288287E+02
    106000,      0.676938,CP11_after_MPI,   1,    0.0000000000E+00,    1.1115288287E+02,    1.1115288287E+02,    0.0000000000E+00,    0.0000000000E+00,    0.0000000000E+00,    1.1115288287E+02
    106000,      0.676938,CP12_end,   1,    0.0000000000E+00,    1.1115288287E+02,    1.1115288287E+02,    0.0000000000E+00,    0.0000000000E+00,    0.0000000000E+00,    1.1115288287E+02
    106050,      0.676938,CP0_start,   1,    0.0000000000E+00,    1.1124657860E+02,    1.1124657860E+02,    0.0000000000E+00,    0.0000000000E+00,    0.0000000000E+00,    1.1124657860E+02
    106050,      0.676938,CP1_after_deposition,   1,    0.0000000000E+00,    1.1124657860E+02,    1.1124657860E+02,    0.0000000000E+00,    0.0000000000E+00,    0.0000000000E+00,    1.1124657860E+02
    106050,      0.676938,CP2_after_erosion,   1,    0.0000000000E+00,    1.1124657860E+02,    1.1124657860E+02,    0.0000000000E+00,    0.0000000000E+00,    0.0000000000E+00,    1.1124657860E+02
    106050,      0.676938,CP3_after_update_bottom,   1,    0.0000000000E+00,    1.1124657860E+02,    1.1124657860E+02,    0.0000000000E+00,    0.0000000000E+00,    0.0000000000E+00,    1.1124657860E+02
    106050,      0.676938,CP4_after_advection,   1,    0.0000000000E+00,    1.1125001917E+02,    1.1125001917E+02,    0.0000000000E+00,    0.0000000000E+00,    0.0000000000E+00,    1.1125001917E+02
    106050,      0.676938,CP5_after_vdif,   1,    0.0000000000E+00,    1.1125001917E+02,    1.1125001917E+02,    0.0000000000E+00,    0.0000000000E+00,    0.0000000000E+00,    1.1125001917E+02
    106050,      0.676938,CP6_after_kinetics,   1,    0.0000000000E+00,    1.1125001917E+02,    1.1125001917E+02,    0.0000000000E+00,    0.0000000000E+00,    0.0000000000E+00,    1.1125001917E+02
    106050,      0.676938,CP7_after_upper_clamp,   1,    0.0000000000E+00,    1.1125001917E+02,    1.1125001917E+02,    0.0000000000E+00,    0.0000000000E+00,    0.0000000000E+00,    1.1125001917E+02
    106050,      0.676938,CP8_after_OBC,   1,    0.0000000000E+00,    1.1125001917E+02,    1.1125001917E+02,    0.0000000000E+00,    0.0000000000E+00,    0.0000000000E+00,    1.1125001917E+02
    106050,      0.676938,CP9_after_PTsource,   1,    0.0000000000E+00,    1.1125001917E+02,    1.1125001917E+02,    0.0000000000E+00,    0.0000000000E+00,    0.0000000000E+00,    1.1125001917E+02
    106050,      0.676938,CP10_after_neg_clamp,   1,    0.0000000000E+00,    1.1125001917E+02,    1.1125001917E+02,    0.0000000000E+00,    0.0000000000E+00,    0.0000000000E+00,    1.1125001917E+02
    106050,      0.676938,CP11_after_MPI,   1,    0.0000000000E+00,    1.1125001917E+02,    1.1125001917E+02,    0.0000000000E+00,    0.0000000000E+00,    0.0000000000E+00,    1.1125001917E+02
    106050,      0.676938,CP12_end,   1,    0.0000000000E+00,    1.1125001917E+02,    1.1125001917E+02,    0.0000000000E+00,    0.0000000000E+00,    0.0000000000E+00,    1.1125001917E+02
    106100,      0.676938,CP0_start,   1,    0.0000000000E+00,    1.1134411055E+02,    1.1134411055E+02,    0.0000000000E+00,    0.0000000000E+00,    0.0000000000E+00,    1.1134411055E+02
    106100,      0.676938,CP1_after_deposition,   1,    0.0000000000E+00,    1.1134411055E+02,    1.1134411055E+02,    0.0000000000E+00,    0.0000000000E+00,    0.0000000000E+00,    1.1134411055E+02
    106100,      0.676938,CP2_after_erosion,   1,    0.0000000000E+00,    1.1134411055E+02,    1.1134411055E+02,    0.0000000000E+00,    0.0000000000E+00,    0.0000000000E+00,    1.1134411055E+02
    106100,      0.676938,CP3_after_update_bottom,   1,    0.0000000000E+00,    1.1134411055E+02,    1.1134411055E+02,    0.0000000000E+00,    0.0000000000E+00,    0.0000000000E+00,    1.1134411055E+02
    106100,      0.676938,CP4_after_advection,   1,    0.0000000000E+00,    1.1134753312E+02,    1.1134753312E+02,    0.0000000000E+00,    0.0000000000E+00,    0.0000000000E+00,    1.1134753312E+02
    106100,      0.676938,CP5_after_vdif,   1,    0.0000000000E+00,    1.1134753312E+02,    1.1134753312E+02,    0.0000000000E+00,    0.0000000000E+00,    0.0000000000E+00,    1.1134753312E+02
    106100,      0.676938,CP6_after_kinetics,   1,    0.0000000000E+00,    1.1134753312E+02,    1.1134753312E+02,    0.0000000000E+00,    0.0000000000E+00,    0.0000000000E+00,    1.1134753312E+02
    106100,      0.676938,CP7_after_upper_clamp,   1,    0.0000000000E+00,    1.1134753312E+02,    1.1134753312E+02,    0.0000000000E+00,    0.0000000000E+00,    0.0000000000E+00,    1.1134753312E+02
    106100,      0.676938,CP8_after_OBC,   1,    0.0000000000E+00,    1.1134753312E+02,    1.1134753312E+02,    0.0000000000E+00,    0.0000000000E+00,    0.0000000000E+00,    1.1134753312E+02
    106100,      0.676938,CP9_after_PTsource,   1,    0.0000000000E+00,    1.1134753312E+02,    1.1134753312E+02,    0.0000000000E+00,    0.0000000000E+00,    0.0000000000E+00,    1.1134753312E+02
    106100,      0.676938,CP10_after_neg_clamp,   1,    0.0000000000E+00,    1.1134753312E+02,    1.1134753312E+02,    0.0000000000E+00,    0.0000000000E+00,    0.0000000000E+00,    1.1134753312E+02
    106100,      0.676938,CP11_after_MPI,   1,    0.0000000000E+00,    1.1134753312E+02,    1.1134753312E+02,    0.0000000000E+00,    0.0000000000E+00,    0.0000000000E+00,    1.1134753312E+02
    106100,      0.676938,CP12_end,   1,    0.0000000000E+00,    1.1134753312E+02,    1.1134753312E+02,    0.0000000000E+00,    0.0000000000E+00,    0.0000000000E+00,    1.1134753312E+02
    106150,      0.676938,CP0_start,   1,    0.0000000000E+00,    1.1144211488E+02,    1.1144211488E+02,    0.0000000000E+00,    0.0000000000E+00,    0.0000000000E+00,    1.1144211488E+02
    106150,      0.676938,CP1_after_deposition,   1,    0.0000000000E+00,    1.1144211488E+02,    1.1144211488E+02,    0.0000000000E+00,    0.0000000000E+00,    0.0000000000E+00,    1.1144211488E+02
    106150,      0.676938,CP2_after_erosion,   1,    0.0000000000E+00,    1.1144211488E+02,    1.1144211488E+02,    0.0000000000E+00,    0.0000000000E+00,    0.0000000000E+00,    1.1144211488E+02
    106150,      0.676938,CP3_after_update_bottom,   1,    0.0000000000E+00,    1.1144211488E+02,    1.1144211488E+02,    0.0000000000E+00,    0.0000000000E+00,    0.0000000000E+00,    1.1144211488E+02
    106150,      0.676938,CP4_after_advection,   1,    0.0000000000E+00,    1.1144551915E+02,    1.1144551915E+02,    0.0000000000E+00,    0.0000000000E+00,    0.0000000000E+00,    1.1144551915E+02
    106150,      0.676938,CP5_after_vdif,   1,    0.0000000000E+00,    1.1144551915E+02,    1.1144551915E+02,    0.0000000000E+00,    0.0000000000E+00,    0.0000000000E+00,    1.1144551915E+02
    106150,      0.676938,CP6_after_kinetics,   1,    0.0000000000E+00,    1.1144551915E+02,    1.1144551915E+02,    0.0000000000E+00,    0.0000000000E+00,    0.0000000000E+00,    1.1144551915E+02
    106150,      0.676938,CP7_after_upper_clamp,   1,    0.0000000000E+00,    1.1144551915E+02,    1.1144551915E+02,    0.0000000000E+00,    0.0000000000E+00,    0.0000000000E+00,    1.1144551915E+02
    106150,      0.676938,CP8_after_OBC,   1,    0.0000000000E+00,    1.1144551915E+02,    1.1144551915E+02,    0.0000000000E+00,    0.0000000000E+00,    0.0000000000E+00,    1.1144551915E+02
    106150,      0.676938,CP9_after_PTsource,   1,    0.0000000000E+00,    1.1144551915E+02,    1.1144551915E+02,    0.0000000000E+00,    0.0000000000E+00,    0.0000000000E+00,    1.1144551915E+02
    106150,      0.676938,CP10_after_neg_clamp,   1,    0.0000000000E+00,    1.1144551915E+02,    1.1144551915E+02,    0.0000000000E+00,    0.0000000000E+00,    0.0000000000E+00,    1.1144551915E+02
    106150,      0.676938,CP11_after_MPI,   1,    0.0000000000E+00,    1.1144551915E+02,    1.1144551915E+02,    0.0000000000E+00,    0.0000000000E+00,    0.0000000000E+00,    1.1144551915E+02
    106150,      0.676938,CP12_end,   1,    0.0000000000E+00,    1.1144551915E+02,    1.1144551915E+02,    0.0000000000E+00,    0.0000000000E+00,    0.0000000000E+00,    1.1144551915E+02
    106200,      0.676938,CP0_start,   1,    0.0000000000E+00,    1.1154057853E+02,    1.1154057853E+02,    0.0000000000E+00,    0.0000000000E+00,    0.0000000000E+00,    1.1154057853E+02
    106200,      0.676938,CP1_after_deposition,   1,    0.0000000000E+00,    1.1154057853E+02,    1.1154057853E+02,    0.0000000000E+00,    0.0000000000E+00,    0.0000000000E+00,    1.1154057853E+02
    106200,      0.676938,CP2_after_erosion,   1,    0.0000000000E+00,    1.1154057853E+02,    1.1154057853E+02,    0.0000000000E+00,    0.0000000000E+00,    0.0000000000E+00,    1.1154057853E+02
    106200,      0.676938,CP3_after_update_bottom,   1,    0.0000000000E+00,    1.1154057853E+02,    1.1154057853E+02,    0.0000000000E+00,    0.0000000000E+00,    0.0000000000E+00,    1.1154057853E+02
    106200,      0.676938,CP4_after_advection,   1,    0.0000000000E+00,    1.1154396797E+02,    1.1154396797E+02,    0.0000000000E+00,    0.0000000000E+00,    0.0000000000E+00,    1.1154396797E+02
    106200,      0.676938,CP5_after_vdif,   1,    0.0000000000E+00,    1.1154396797E+02,    1.1154396797E+02,    0.0000000000E+00,    0.0000000000E+00,    0.0000000000E+00,    1.1154396797E+02
    106200,      0.676938,CP6_after_kinetics,   1,    0.0000000000E+00,    1.1154396797E+02,    1.1154396797E+02,    0.0000000000E+00,    0.0000000000E+00,    0.0000000000E+00,    1.1154396797E+02
    106200,      0.676938,CP7_after_upper_clamp,   1,    0.0000000000E+00,    1.1154396797E+02,    1.1154396797E+02,    0.0000000000E+00,    0.0000000000E+00,    0.0000000000E+00,    1.1154396797E+02
    106200,      0.676938,CP8_after_OBC,   1,    0.0000000000E+00,    1.1154396797E+02,    1.1154396797E+02,    0.0000000000E+00,    0.0000000000E+00,    0.0000000000E+00,    1.1154396797E+02
    106200,      0.676938,CP9_after_PTsource,   1,    0.0000000000E+00,    1.1154396797E+02,    1.1154396797E+02,    0.0000000000E+00,    0.0000000000E+00,    0.0000000000E+00,    1.1154396797E+02
    106200,      0.676938,CP10_after_neg_clamp,   1,    0.0000000000E+00,    1.1154396797E+02,    1.1154396797E+02,    0.0000000000E+00,    0.0000000000E+00,    0.0000000000E+00,    1.1154396797E+02
    106200,      0.676938,CP11_after_MPI,   1,    0.0000000000E+00,    1.1154396797E+02,    1.1154396797E+02,    0.0000000000E+00,    0.0000000000E+00,    0.0000000000E+00,    1.1154396797E+02
    106200,      0.676938,CP12_end,   1,    0.0000000000E+00,    1.1154396797E+02,    1.1154396797E+02,    0.0000000000E+00,    0.0000000000E+00,    0.0000000000E+00,    1.1154396797E+02
    106250,      0.676938,CP0_start,   1,    0.0000000000E+00,    1.1163957641E+02,    1.1163957641E+02,    0.0000000000E+00,    0.0000000000E+00,    0.0000000000E+00,    1.1163957641E+02
    106250,      0.676938,CP1_after_deposition,   1,    0.0000000000E+00,    1.1163957641E+02,    1.1163957641E+02,    0.0000000000E+00,    0.0000000000E+00,    0.0000000000E+00,    1.1163957641E+02
    106250,      0.676938,CP2_after_erosion,   1,    0.0000000000E+00,    1.1163957641E+02,    1.1163957641E+02,    0.0000000000E+00,    0.0000000000E+00,    0.0000000000E+00,    1.1163957641E+02
    106250,      0.676938,CP3_after_update_bottom,   1,    0.0000000000E+00,    1.1163957641E+02,    1.1163957641E+02,    0.0000000000E+00,    0.0000000000E+00,    0.0000000000E+00,    1.1163957641E+02
    106250,      0.676938,CP4_after_advection,   1,    0.0000000000E+00,    1.1164294244E+02,    1.1164294244E+02,    0.0000000000E+00,    0.0000000000E+00,    0.0000000000E+00,    1.1164294244E+02
    106250,      0.676938,CP5_after_vdif,   1,    0.0000000000E+00,    1.1164294244E+02,    1.1164294244E+02,    0.0000000000E+00,    0.0000000000E+00,    0.0000000000E+00,    1.1164294244E+02
    106250,      0.676938,CP6_after_kinetics,   1,    0.0000000000E+00,    1.1164294244E+02,    1.1164294244E+02,    0.0000000000E+00,    0.0000000000E+00,    0.0000000000E+00,    1.1164294244E+02
    106250,      0.676938,CP7_after_upper_clamp,   1,    0.0000000000E+00,    1.1164294244E+02,    1.1164294244E+02,    0.0000000000E+00,    0.0000000000E+00,    0.0000000000E+00,    1.1164294244E+02
    106250,      0.676938,CP8_after_OBC,   1,    0.0000000000E+00,    1.1164294244E+02,    1.1164294244E+02,    0.0000000000E+00,    0.0000000000E+00,    0.0000000000E+00,    1.1164294244E+02
    106250,      0.676938,CP9_after_PTsource,   1,    0.0000000000E+00,    1.1164294244E+02,    1.1164294244E+02,    0.0000000000E+00,    0.0000000000E+00,    0.0000000000E+00,    1.1164294244E+02
    106250,      0.676938,CP10_after_neg_clamp,   1,    0.0000000000E+00,    1.1164294244E+02,    1.1164294244E+02,    0.0000000000E+00,    0.0000000000E+00,    0.0000000000E+00,    1.1164294244E+02
    106250,      0.676938,CP11_after_MPI,   1,    0.0000000000E+00,    1.1164294244E+02,    1.1164294244E+02,    0.0000000000E+00,    0.0000000000E+00,    0.0000000000E+00,    1.1164294244E+02
    106250,      0.676938,CP12_end,   1,    0.0000000000E+00,    1.1164294244E+02,    1.1164294244E+02,    0.0000000000E+00,    0.0000000000E+00,    0.0000000000E+00,    1.1164294244E+02
    106300,      0.676938,CP0_start,   1,    0.0000000000E+00,    1.1173907763E+02,    1.1173907763E+02,    0.0000000000E+00,    0.0000000000E+00,    0.0000000000E+00,    1.1173907763E+02
    106300,      0.676938,CP1_after_deposition,   1,    0.0000000000E+00,    1.1173907763E+02,    1.1173907763E+02,    0.0000000000E+00,    0.0000000000E+00,    0.0000000000E+00,    1.1173907763E+02
    106300,      0.676938,CP2_after_erosion,   1,    0.0000000000E+00,    1.1173907763E+02,    1.1173907763E+02,    0.0000000000E+00,    0.0000000000E+00,    0.0000000000E+00,    1.1173907763E+02
    106300,      0.676938,CP3_after_update_bottom,   1,    0.0000000000E+00,    1.1173907763E+02,    1.1173907763E+02,    0.0000000000E+00,    0.0000000000E+00,    0.0000000000E+00,    1.1173907763E+02
    106300,      0.676938,CP4_after_advection,   1,    0.0000000000E+00,    1.1174242438E+02,    1.1174242438E+02,    0.0000000000E+00,    0.0000000000E+00,    0.0000000000E+00,    1.1174242438E+02
    106300,      0.676938,CP5_after_vdif,   1,    0.0000000000E+00,    1.1174242438E+02,    1.1174242438E+02,    0.0000000000E+00,    0.0000000000E+00,    0.0000000000E+00,    1.1174242438E+02
    106300,      0.676938,CP6_after_kinetics,   1,    0.0000000000E+00,    1.1174242438E+02,    1.1174242438E+02,    0.0000000000E+00,    0.0000000000E+00,    0.0000000000E+00,    1.1174242438E+02
    106300,      0.676938,CP7_after_upper_clamp,   1,    0.0000000000E+00,    1.1174242438E+02,    1.1174242438E+02,    0.0000000000E+00,    0.0000000000E+00,    0.0000000000E+00,    1.1174242438E+02
    106300,      0.676938,CP8_after_OBC,   1,    0.0000000000E+00,    1.1174242438E+02,    1.1174242438E+02,    0.0000000000E+00,    0.0000000000E+00,    0.0000000000E+00,    1.1174242438E+02
    106300,      0.676938,CP9_after_PTsource,   1,    0.0000000000E+00,    1.1174242438E+02,    1.1174242438E+02,    0.0000000000E+00,    0.0000000000E+00,    0.0000000000E+00,    1.1174242438E+02
    106300,      0.676938,CP10_after_neg_clamp,   1,    0.0000000000E+00,    1.1174242438E+02,    1.1174242438E+02,    0.0000000000E+00,    0.0000000000E+00,    0.0000000000E+00,    1.1174242438E+02
    106300,      0.676938,CP11_after_MPI,   1,    0.0000000000E+00,    1.1174242438E+02,    1.1174242438E+02,    0.0000000000E+00,    0.0000000000E+00,    0.0000000000E+00,    1.1174242438E+02
    106300,      0.676938,CP12_end,   1,    0.0000000000E+00,    1.1174242438E+02,    1.1174242438E+02,    0.0000000000E+00,    0.0000000000E+00,    0.0000000000E+00,    1.1174242438E+02
    106350,      0.676938,CP0_start,   1,    0.0000000000E+00,    1.1183909128E+02,    1.1183909128E+02,    0.0000000000E+00,    0.0000000000E+00,    0.0000000000E+00,    1.1183909128E+02
    106350,      0.676938,CP1_after_deposition,   1,    0.0000000000E+00,    1.1183909128E+02,    1.1183909128E+02,    0.0000000000E+00,    0.0000000000E+00,    0.0000000000E+00,    1.1183909128E+02
    106350,      0.676938,CP2_after_erosion,   1,    0.0000000000E+00,    1.1183909128E+02,    1.1183909128E+02,    0.0000000000E+00,    0.0000000000E+00,    0.0000000000E+00,    1.1183909128E+02
    106350,      0.676938,CP3_after_update_bottom,   1,    0.0000000000E+00,    1.1183909128E+02,    1.1183909128E+02,    0.0000000000E+00,    0.0000000000E+00,    0.0000000000E+00,    1.1183909128E+02
    106350,      0.676938,CP4_after_advection,   1,    0.0000000000E+00,    1.1184241845E+02,    1.1184241845E+02,    0.0000000000E+00,    0.0000000000E+00,    0.0000000000E+00,    1.1184241845E+02
    106350,      0.676938,CP5_after_vdif,   1,    0.0000000000E+00,    1.1184241845E+02,    1.1184241845E+02,    0.0000000000E+00,    0.0000000000E+00,    0.0000000000E+00,    1.1184241845E+02
    106350,      0.676938,CP6_after_kinetics,   1,    0.0000000000E+00,    1.1184241845E+02,    1.1184241845E+02,    0.0000000000E+00,    0.0000000000E+00,    0.0000000000E+00,    1.1184241845E+02
    106350,      0.676938,CP7_after_upper_clamp,   1,    0.0000000000E+00,    1.1184241845E+02,    1.1184241845E+02,    0.0000000000E+00,    0.0000000000E+00,    0.0000000000E+00,    1.1184241845E+02
    106350,      0.676938,CP8_after_OBC,   1,    0.0000000000E+00,    1.1184241845E+02,    1.1184241845E+02,    0.0000000000E+00,    0.0000000000E+00,    0.0000000000E+00,    1.1184241845E+02
    106350,      0.676938,CP9_after_PTsource,   1,    0.0000000000E+00,    1.1184241845E+02,    1.1184241845E+02,    0.0000000000E+00,    0.0000000000E+00,    0.0000000000E+00,    1.1184241845E+02
    106350,      0.676938,CP10_after_neg_clamp,   1,    0.0000000000E+00,    1.1184241845E+02,    1.1184241845E+02,    0.0000000000E+00,    0.0000000000E+00,    0.0000000000E+00,    1.1184241845E+02
    106350,      0.676938,CP11_after_MPI,   1,    0.0000000000E+00,    1.1184241845E+02,    1.1184241845E+02,    0.0000000000E+00,    0.0000000000E+00,    0.0000000000E+00,    1.1184241845E+02
    106350,      0.676938,CP12_end,   1,    0.0000000000E+00,    1.1184241845E+02,    1.1184241845E+02,    0.0000000000E+00,    0.0000000000E+00,    0.0000000000E+00,    1.1184241845E+02
    106400,      0.676938,CP0_start,   1,    0.0000000000E+00,    1.1193962385E+02,    1.1193962385E+02,    0.0000000000E+00,    0.0000000000E+00,    0.0000000000E+00,    1.1193962385E+02
    106400,      0.676938,CP1_after_deposition,   1,    0.0000000000E+00,    1.1193962385E+02,    1.1193962385E+02,    0.0000000000E+00,    0.0000000000E+00,    0.0000000000E+00,    1.1193962385E+02
    106400,      0.676938,CP2_after_erosion,   1,    0.0000000000E+00,    1.1193962385E+02,    1.1193962385E+02,    0.0000000000E+00,    0.0000000000E+00,    0.0000000000E+00,    1.1193962385E+02
    106400,      0.676938,CP3_after_update_bottom,   1,    0.0000000000E+00,    1.1193962385E+02,    1.1193962385E+02,    0.0000000000E+00,    0.0000000000E+00,    0.0000000000E+00,    1.1193962385E+02
    106400,      0.676938,CP4_after_advection,   1,    0.0000000000E+00,    1.1194293199E+02,    1.1194293199E+02,    0.0000000000E+00,    0.0000000000E+00,    0.0000000000E+00,    1.1194293199E+02
    106400,      0.676938,CP5_after_vdif,   1,    0.0000000000E+00,    1.1194293199E+02,    1.1194293199E+02,    0.0000000000E+00,    0.0000000000E+00,    0.0000000000E+00,    1.1194293199E+02
    106400,      0.676938,CP6_after_kinetics,   1,    0.0000000000E+00,    1.1194293199E+02,    1.1194293199E+02,    0.0000000000E+00,    0.0000000000E+00,    0.0000000000E+00,    1.1194293199E+02
    106400,      0.676938,CP7_after_upper_clamp,   1,    0.0000000000E+00,    1.1194293199E+02,    1.1194293199E+02,    0.0000000000E+00,    0.0000000000E+00,    0.0000000000E+00,    1.1194293199E+02
    106400,      0.676938,CP8_after_OBC,   1,    0.0000000000E+00,    1.1194293199E+02,    1.1194293199E+02,    0.0000000000E+00,    0.0000000000E+00,    0.0000000000E+00,    1.1194293199E+02
    106400,      0.676938,CP9_after_PTsource,   1,    0.0000000000E+00,    1.1194293199E+02,    1.1194293199E+02,    0.0000000000E+00,    0.0000000000E+00,    0.0000000000E+00,    1.1194293199E+02
    106400,      0.676938,CP10_after_neg_clamp,   1,    0.0000000000E+00,    1.1194293199E+02,    1.1194293199E+02,    0.0000000000E+00,    0.0000000000E+00,    0.0000000000E+00,    1.1194293199E+02
    106400,      0.676938,CP11_after_MPI,   1,    0.0000000000E+00,    1.1194293199E+02,    1.1194293199E+02,    0.0000000000E+00,    0.0000000000E+00,    0.0000000000E+00,    1.1194293199E+02
    106400,      0.676938,CP12_end,   1,    0.0000000000E+00,    1.1194293199E+02,    1.1194293199E+02,    0.0000000000E+00,    0.0000000000E+00,    0.0000000000E+00,    1.1194293199E+02
    106450,      0.676938,CP0_start,   1,    0.0000000000E+00,    1.1204067868E+02,    1.1204067868E+02,    0.0000000000E+00,    0.0000000000E+00,    0.0000000000E+00,    1.1204067868E+02
    106450,      0.676938,CP1_after_deposition,   1,    0.0000000000E+00,    1.1204067868E+02,    1.1204067868E+02,    0.0000000000E+00,    0.0000000000E+00,    0.0000000000E+00,    1.1204067868E+02
    106450,      0.676938,CP2_after_erosion,   1,    0.0000000000E+00,    1.1204067868E+02,    1.1204067868E+02,    0.0000000000E+00,    0.0000000000E+00,    0.0000000000E+00,    1.1204067868E+02
    106450,      0.676938,CP3_after_update_bottom,   1,    0.0000000000E+00,    1.1204067868E+02,    1.1204067868E+02,    0.0000000000E+00,    0.0000000000E+00,    0.0000000000E+00,    1.1204067868E+02
    106450,      0.676938,CP4_after_advection,   1,    0.0000000000E+00,    1.1204396269E+02,    1.1204396269E+02,    0.0000000000E+00,    0.0000000000E+00,    0.0000000000E+00,    1.1204396269E+02
    106450,      0.676938,CP5_after_vdif,   1,    0.0000000000E+00,    1.1204396269E+02,    1.1204396269E+02,    0.0000000000E+00,    0.0000000000E+00,    0.0000000000E+00,    1.1204396269E+02
    106450,      0.676938,CP6_after_kinetics,   1,    0.0000000000E+00,    1.1204396269E+02,    1.1204396269E+02,    0.0000000000E+00,    0.0000000000E+00,    0.0000000000E+00,    1.1204396269E+02
    106450,      0.676938,CP7_after_upper_clamp,   1,    0.0000000000E+00,    1.1204396269E+02,    1.1204396269E+02,    0.0000000000E+00,    0.0000000000E+00,    0.0000000000E+00,    1.1204396269E+02
    106450,      0.676938,CP8_after_OBC,   1,    0.0000000000E+00,    1.1204396269E+02,    1.1204396269E+02,    0.0000000000E+00,    0.0000000000E+00,    0.0000000000E+00,    1.1204396269E+02
    106450,      0.676938,CP9_after_PTsource,   1,    0.0000000000E+00,    1.1204396269E+02,    1.1204396269E+02,    0.0000000000E+00,    0.0000000000E+00,    0.0000000000E+00,    1.1204396269E+02
    106450,      0.676938,CP10_after_neg_clamp,   1,    0.0000000000E+00,    1.1204396269E+02,    1.1204396269E+02,    0.0000000000E+00,    0.0000000000E+00,    0.0000000000E+00,    1.1204396269E+02
    106450,      0.676938,CP11_after_MPI,   1,    0.0000000000E+00,    1.1204396269E+02,    1.1204396269E+02,    0.0000000000E+00,    0.0000000000E+00,    0.0000000000E+00,    1.1204396269E+02
    106450,      0.676938,CP12_end,   1,    0.0000000000E+00,    1.1204396269E+02,    1.1204396269E+02,    0.0000000000E+00,    0.0000000000E+00,    0.0000000000E+00,    1.1204396269E+02
    106500,      0.676938,CP0_start,   1,    0.0000000000E+00,    1.1214224959E+02,    1.1214224959E+02,    0.0000000000E+00,    0.0000000000E+00,    0.0000000000E+00,    1.1214224959E+02
    106500,      0.676938,CP1_after_deposition,   1,    0.0000000000E+00,    1.1214224959E+02,    1.1214224959E+02,    0.0000000000E+00,    0.0000000000E+00,    0.0000000000E+00,    1.1214224959E+02
    106500,      0.676938,CP2_after_erosion,   1,    0.0000000000E+00,    1.1214224959E+02,    1.1214224959E+02,    0.0000000000E+00,    0.0000000000E+00,    0.0000000000E+00,    1.1214224959E+02
    106500,      0.676938,CP3_after_update_bottom,   1,    0.0000000000E+00,    1.1214224959E+02,    1.1214224959E+02,    0.0000000000E+00,    0.0000000000E+00,    0.0000000000E+00,    1.1214224959E+02
    106500,      0.676938,CP4_after_advection,   1,    0.0000000000E+00,    1.1214551117E+02,    1.1214551117E+02,    0.0000000000E+00,    0.0000000000E+00,    0.0000000000E+00,    1.1214551117E+02
    106500,      0.676938,CP5_after_vdif,   1,    0.0000000000E+00,    1.1214551117E+02,    1.1214551117E+02,    0.0000000000E+00,    0.0000000000E+00,    0.0000000000E+00,    1.1214551117E+02
    106500,      0.676938,CP6_after_kinetics,   1,    0.0000000000E+00,    1.1214551117E+02,    1.1214551117E+02,    0.0000000000E+00,    0.0000000000E+00,    0.0000000000E+00,    1.1214551117E+02
    106500,      0.676938,CP7_after_upper_clamp,   1,    0.0000000000E+00,    1.1214551117E+02,    1.1214551117E+02,    0.0000000000E+00,    0.0000000000E+00,    0.0000000000E+00,    1.1214551117E+02
    106500,      0.676938,CP8_after_OBC,   1,    0.0000000000E+00,    1.1214551117E+02,    1.1214551117E+02,    0.0000000000E+00,    0.0000000000E+00,    0.0000000000E+00,    1.1214551117E+02
    106500,      0.676938,CP9_after_PTsource,   1,    0.0000000000E+00,    1.1214551117E+02,    1.1214551117E+02,    0.0000000000E+00,    0.0000000000E+00,    0.0000000000E+00,    1.1214551117E+02
    106500,      0.676938,CP10_after_neg_clamp,   1,    0.0000000000E+00,    1.1214551117E+02,    1.1214551117E+02,    0.0000000000E+00,    0.0000000000E+00,    0.0000000000E+00,    1.1214551117E+02
    106500,      0.676938,CP11_after_MPI,   1,    0.0000000000E+00,    1.1214551117E+02,    1.1214551117E+02,    0.0000000000E+00,    0.0000000000E+00,    0.0000000000E+00,    1.1214551117E+02
    106500,      0.676938,CP12_end,   1,    0.0000000000E+00,    1.1214551117E+02,    1.1214551117E+02,    0.0000000000E+00,    0.0000000000E+00,    0.0000000000E+00,    1.1214551117E+02
    106550,      0.676938,CP0_start,   1,    0.0000000000E+00,    1.1224429741E+02,    1.1224429741E+02,    0.0000000000E+00,    0.0000000000E+00,    0.0000000000E+00,    1.1224429741E+02
    106550,      0.676938,CP1_after_deposition,   1,    0.0000000000E+00,    1.1224429741E+02,    1.1224429741E+02,    0.0000000000E+00,    0.0000000000E+00,    0.0000000000E+00,    1.1224429741E+02
    106550,      0.676938,CP2_after_erosion,   1,    0.0000000000E+00,    1.1224429741E+02,    1.1224429741E+02,    0.0000000000E+00,    0.0000000000E+00,    0.0000000000E+00,    1.1224429741E+02
    106550,      0.676938,CP3_after_update_bottom,   1,    0.0000000000E+00,    1.1224429741E+02,    1.1224429741E+02,    0.0000000000E+00,    0.0000000000E+00,    0.0000000000E+00,    1.1224429741E+02
    106550,      0.676938,CP4_after_advection,   1,    0.0000000000E+00,    1.1224753543E+02,    1.1224753543E+02,    0.0000000000E+00,    0.0000000000E+00,    0.0000000000E+00,    1.1224753543E+02
    106550,      0.676938,CP5_after_vdif,   1,    0.0000000000E+00,    1.1224753543E+02,    1.1224753543E+02,    0.0000000000E+00,    0.0000000000E+00,    0.0000000000E+00,    1.1224753543E+02
    106550,      0.676938,CP6_after_kinetics,   1,    0.0000000000E+00,    1.1224753543E+02,    1.1224753543E+02,    0.0000000000E+00,    0.0000000000E+00,    0.0000000000E+00,    1.1224753543E+02
    106550,      0.676938,CP7_after_upper_clamp,   1,    0.0000000000E+00,    1.1224753543E+02,    1.1224753543E+02,    0.0000000000E+00,    0.0000000000E+00,    0.0000000000E+00,    1.1224753543E+02
    106550,      0.676938,CP8_after_OBC,   1,    0.0000000000E+00,    1.1224753543E+02,    1.1224753543E+02,    0.0000000000E+00,    0.0000000000E+00,    0.0000000000E+00,    1.1224753543E+02
    106550,      0.676938,CP9_after_PTsource,   1,    0.0000000000E+00,    1.1224753543E+02,    1.1224753543E+02,    0.0000000000E+00,    0.0000000000E+00,    0.0000000000E+00,    1.1224753543E+02
    106550,      0.676938,CP10_after_neg_clamp,   1,    0.0000000000E+00,    1.1224753543E+02,    1.1224753543E+02,    0.0000000000E+00,    0.0000000000E+00,    0.0000000000E+00,    1.1224753543E+02
    106550,      0.676938,CP11_after_MPI,   1,    0.0000000000E+00,    1.1224753543E+02,    1.1224753543E+02,    0.0000000000E+00,    0.0000000000E+00,    0.0000000000E+00,    1.1224753543E+02
    106550,      0.676938,CP12_end,   1,    0.0000000000E+00,    1.1224753543E+02,    1.1224753543E+02,    0.0000000000E+00,    0.0000000000E+00,    0.0000000000E+00,    1.1224753543E+02
    106600,      0.676938,CP0_start,   1,    0.0000000000E+00,    1.1234678947E+02,    1.1234678947E+02,    0.0000000000E+00,    0.0000000000E+00,    0.0000000000E+00,    1.1234678947E+02
    106600,      0.676938,CP1_after_deposition,   1,    0.0000000000E+00,    1.1234678947E+02,    1.1234678947E+02,    0.0000000000E+00,    0.0000000000E+00,    0.0000000000E+00,    1.1234678947E+02
    106600,      0.676938,CP2_after_erosion,   1,    0.0000000000E+00,    1.1234678947E+02,    1.1234678947E+02,    0.0000000000E+00,    0.0000000000E+00,    0.0000000000E+00,    1.1234678947E+02
    106600,      0.676938,CP3_after_update_bottom,   1,    0.0000000000E+00,    1.1234678947E+02,    1.1234678947E+02,    0.0000000000E+00,    0.0000000000E+00,    0.0000000000E+00,    1.1234678947E+02
    106600,      0.676938,CP4_after_advection,   1,    0.0000000000E+00,    1.1234999966E+02,    1.1234999966E+02,    0.0000000000E+00,    0.0000000000E+00,    0.0000000000E+00,    1.1234999966E+02
    106600,      0.676938,CP5_after_vdif,   1,    0.0000000000E+00,    1.1234999966E+02,    1.1234999966E+02,    0.0000000000E+00,    0.0000000000E+00,    0.0000000000E+00,    1.1234999966E+02
    106600,      0.676938,CP6_after_kinetics,   1,    0.0000000000E+00,    1.1234999966E+02,    1.1234999966E+02,    0.0000000000E+00,    0.0000000000E+00,    0.0000000000E+00,    1.1234999966E+02
    106600,      0.676938,CP7_after_upper_clamp,   1,    0.0000000000E+00,    1.1234999966E+02,    1.1234999966E+02,    0.0000000000E+00,    0.0000000000E+00,    0.0000000000E+00,    1.1234999966E+02
    106600,      0.676938,CP8_after_OBC,   1,    0.0000000000E+00,    1.1234999966E+02,    1.1234999966E+02,    0.0000000000E+00,    0.0000000000E+00,    0.0000000000E+00,    1.1234999966E+02
    106600,      0.676938,CP9_after_PTsource,   1,    0.0000000000E+00,    1.1234999966E+02,    1.1234999966E+02,    0.0000000000E+00,    0.0000000000E+00,    0.0000000000E+00,    1.1234999966E+02
    106600,      0.676938,CP10_after_neg_clamp,   1,    0.0000000000E+00,    1.1234999966E+02,    1.1234999966E+02,    0.0000000000E+00,    0.0000000000E+00,    0.0000000000E+00,    1.1234999966E+02
    106600,      0.676938,CP11_after_MPI,   1,    0.0000000000E+00,    1.1234999966E+02,    1.1234999966E+02,    0.0000000000E+00,    0.0000000000E+00,    0.0000000000E+00,    1.1234999966E+02
    106600,      0.676938,CP12_end,   1,    0.0000000000E+00,    1.1234999966E+02,    1.1234999966E+02,    0.0000000000E+00,    0.0000000000E+00,    0.0000000000E+00,    1.1234999966E+02
    106650,      0.676938,CP0_start,   1,    0.0000000000E+00,    1.1244972564E+02,    1.1244972564E+02,    0.0000000000E+00,    0.0000000000E+00,    0.0000000000E+00,    1.1244972564E+02
    106650,      0.676938,CP1_after_deposition,   1,    0.0000000000E+00,    1.1244972564E+02,    1.1244972564E+02,    0.0000000000E+00,    0.0000000000E+00,    0.0000000000E+00,    1.1244972564E+02
    106650,      0.676938,CP2_after_erosion,   1,    0.0000000000E+00,    1.1244972564E+02,    1.1244972564E+02,    0.0000000000E+00,    0.0000000000E+00,    0.0000000000E+00,    1.1244972564E+02
    106650,      0.676938,CP3_after_update_bottom,   1,    0.0000000000E+00,    1.1244972564E+02,    1.1244972564E+02,    0.0000000000E+00,    0.0000000000E+00,    0.0000000000E+00,    1.1244972564E+02
    106650,      0.676938,CP4_after_advection,   1,    0.0000000000E+00,    1.1245290515E+02,    1.1245290515E+02,    0.0000000000E+00,    0.0000000000E+00,    0.0000000000E+00,    1.1245290515E+02
    106650,      0.676938,CP5_after_vdif,   1,    0.0000000000E+00,    1.1245290515E+02,    1.1245290515E+02,    0.0000000000E+00,    0.0000000000E+00,    0.0000000000E+00,    1.1245290515E+02
    106650,      0.676938,CP6_after_kinetics,   1,    0.0000000000E+00,    1.1245290515E+02,    1.1245290515E+02,    0.0000000000E+00,    0.0000000000E+00,    0.0000000000E+00,    1.1245290515E+02
    106650,      0.676938,CP7_after_upper_clamp,   1,    0.0000000000E+00,    1.1245290515E+02,    1.1245290515E+02,    0.0000000000E+00,    0.0000000000E+00,    0.0000000000E+00,    1.1245290515E+02
    106650,      0.676938,CP8_after_OBC,   1,    0.0000000000E+00,    1.1245290515E+02,    1.1245290515E+02,    0.0000000000E+00,    0.0000000000E+00,    0.0000000000E+00,    1.1245290515E+02
    106650,      0.676938,CP9_after_PTsource,   1,    0.0000000000E+00,    1.1245290515E+02,    1.1245290515E+02,    0.0000000000E+00,    0.0000000000E+00,    0.0000000000E+00,    1.1245290515E+02
    106650,      0.676938,CP10_after_neg_clamp,   1,    0.0000000000E+00,    1.1245290515E+02,    1.1245290515E+02,    0.0000000000E+00,    0.0000000000E+00,    0.0000000000E+00,    1.1245290515E+02
    106650,      0.676938,CP11_after_MPI,   1,    0.0000000000E+00,    1.1245290515E+02,    1.1245290515E+02,    0.0000000000E+00,    0.0000000000E+00,    0.0000000000E+00,    1.1245290515E+02
    106650,      0.676938,CP12_end,   1,    0.0000000000E+00,    1.1245290515E+02,    1.1245290515E+02,    0.0000000000E+00,    0.0000000000E+00,    0.0000000000E+00,    1.1245290515E+02
    106700,      0.676938,CP0_start,   1,    0.0000000000E+00,    1.1255302655E+02,    1.1255302655E+02,    0.0000000000E+00,    0.0000000000E+00,    0.0000000000E+00,    1.1255302655E+02
    106700,      0.676938,CP1_after_deposition,   1,    0.0000000000E+00,    1.1255302655E+02,    1.1255302655E+02,    0.0000000000E+00,    0.0000000000E+00,    0.0000000000E+00,    1.1255302655E+02
    106700,      0.676938,CP2_after_erosion,   1,    0.0000000000E+00,    1.1255302655E+02,    1.1255302655E+02,    0.0000000000E+00,    0.0000000000E+00,    0.0000000000E+00,    1.1255302655E+02
    106700,      0.676938,CP3_after_update_bottom,   1,    0.0000000000E+00,    1.1255302655E+02,    1.1255302655E+02,    0.0000000000E+00,    0.0000000000E+00,    0.0000000000E+00,    1.1255302655E+02
    106700,      0.676938,CP4_after_advection,   1,    0.0000000000E+00,    1.1255617517E+02,    1.1255617517E+02,    0.0000000000E+00,    0.0000000000E+00,    0.0000000000E+00,    1.1255617517E+02
    106700,      0.676938,CP5_after_vdif,   1,    0.0000000000E+00,    1.1255617517E+02,    1.1255617517E+02,    0.0000000000E+00,    0.0000000000E+00,    0.0000000000E+00,    1.1255617517E+02
    106700,      0.676938,CP6_after_kinetics,   1,    0.0000000000E+00,    1.1255617517E+02,    1.1255617517E+02,    0.0000000000E+00,    0.0000000000E+00,    0.0000000000E+00,    1.1255617517E+02
    106700,      0.676938,CP7_after_upper_clamp,   1,    0.0000000000E+00,    1.1255617517E+02,    1.1255617517E+02,    0.0000000000E+00,    0.0000000000E+00,    0.0000000000E+00,    1.1255617517E+02
    106700,      0.676938,CP8_after_OBC,   1,    0.0000000000E+00,    1.1255617517E+02,    1.1255617517E+02,    0.0000000000E+00,    0.0000000000E+00,    0.0000000000E+00,    1.1255617517E+02
    106700,      0.676938,CP9_after_PTsource,   1,    0.0000000000E+00,    1.1255617517E+02,    1.1255617517E+02,    0.0000000000E+00,    0.0000000000E+00,    0.0000000000E+00,    1.1255617517E+02
    106700,      0.676938,CP10_after_neg_clamp,   1,    0.0000000000E+00,    1.1255617517E+02,    1.1255617517E+02,    0.0000000000E+00,    0.0000000000E+00,    0.0000000000E+00,    1.1255617517E+02
    106700,      0.676938,CP11_after_MPI,   1,    0.0000000000E+00,    1.1255617517E+02,    1.1255617517E+02,    0.0000000000E+00,    0.0000000000E+00,    0.0000000000E+00,    1.1255617517E+02
    106700,      0.676938,CP12_end,   1,    0.0000000000E+00,    1.1255617517E+02,    1.1255617517E+02,    0.0000000000E+00,    0.0000000000E+00,    0.0000000000E+00,    1.1255617517E+02
    106750,      0.676938,CP0_start,   1,    0.0000000000E+00,    1.1265666921E+02,    1.1265666921E+02,    0.0000000000E+00,    0.0000000000E+00,    0.0000000000E+00,    1.1265666921E+02
    106750,      0.676938,CP1_after_deposition,   1,    0.0000000000E+00,    1.1265666921E+02,    1.1265666921E+02,    0.0000000000E+00,    0.0000000000E+00,    0.0000000000E+00,    1.1265666921E+02
    106750,      0.676938,CP2_after_erosion,   1,    0.0000000000E+00,    1.1265666921E+02,    1.1265666921E+02,    0.0000000000E+00,    0.0000000000E+00,    0.0000000000E+00,    1.1265666921E+02
    106750,      0.676938,CP3_after_update_bottom,   1,    0.0000000000E+00,    1.1265666921E+02,    1.1265666921E+02,    0.0000000000E+00,    0.0000000000E+00,    0.0000000000E+00,    1.1265666921E+02
    106750,      0.676938,CP4_after_advection,   1,    0.0000000000E+00,    1.1265978618E+02,    1.1265978618E+02,    0.0000000000E+00,    0.0000000000E+00,    0.0000000000E+00,    1.1265978618E+02
    106750,      0.676938,CP5_after_vdif,   1,    0.0000000000E+00,    1.1265978618E+02,    1.1265978618E+02,    0.0000000000E+00,    0.0000000000E+00,    0.0000000000E+00,    1.1265978618E+02
    106750,      0.676938,CP6_after_kinetics,   1,    0.0000000000E+00,    1.1265978618E+02,    1.1265978618E+02,    0.0000000000E+00,    0.0000000000E+00,    0.0000000000E+00,    1.1265978618E+02
    106750,      0.676938,CP7_after_upper_clamp,   1,    0.0000000000E+00,    1.1265978618E+02,    1.1265978618E+02,    0.0000000000E+00,    0.0000000000E+00,    0.0000000000E+00,    1.1265978618E+02
    106750,      0.676938,CP8_after_OBC,   1,    0.0000000000E+00,    1.1265978618E+02,    1.1265978618E+02,    0.0000000000E+00,    0.0000000000E+00,    0.0000000000E+00,    1.1265978618E+02
    106750,      0.676938,CP9_after_PTsource,   1,    0.0000000000E+00,    1.1265978618E+02,    1.1265978618E+02,    0.0000000000E+00,    0.0000000000E+00,    0.0000000000E+00,    1.1265978618E+02
    106750,      0.676938,CP10_after_neg_clamp,   1,    0.0000000000E+00,    1.1265978618E+02,    1.1265978618E+02,    0.0000000000E+00,    0.0000000000E+00,    0.0000000000E+00,    1.1265978618E+02
    106750,      0.676938,CP11_after_MPI,   1,    0.0000000000E+00,    1.1265978618E+02,    1.1265978618E+02,    0.0000000000E+00,    0.0000000000E+00,    0.0000000000E+00,    1.1265978618E+02
    106750,      0.676938,CP12_end,   1,    0.0000000000E+00,    1.1265978618E+02,    1.1265978618E+02,    0.0000000000E+00,    0.0000000000E+00,    0.0000000000E+00,    1.1265978618E+02
    106800,      0.676938,CP0_start,   1,    0.0000000000E+00,    1.1276053984E+02,    1.1276053984E+02,    0.0000000000E+00,    0.0000000000E+00,    0.0000000000E+00,    1.1276053984E+02
    106800,      0.676938,CP1_after_deposition,   1,    0.0000000000E+00,    1.1276053984E+02,    1.1276053984E+02,    0.0000000000E+00,    0.0000000000E+00,    0.0000000000E+00,    1.1276053984E+02
    106800,      0.676938,CP2_after_erosion,   1,    0.0000000000E+00,    1.1276053984E+02,    1.1276053984E+02,    0.0000000000E+00,    0.0000000000E+00,    0.0000000000E+00,    1.1276053984E+02
    106800,      0.676938,CP3_after_update_bottom,   1,    0.0000000000E+00,    1.1276053984E+02,    1.1276053984E+02,    0.0000000000E+00,    0.0000000000E+00,    0.0000000000E+00,    1.1276053984E+02
    106800,      0.676938,CP4_after_advection,   1,    0.0000000000E+00,    1.1276362408E+02,    1.1276362408E+02,    0.0000000000E+00,    0.0000000000E+00,    0.0000000000E+00,    1.1276362408E+02
    106800,      0.676938,CP5_after_vdif,   1,    0.0000000000E+00,    1.1276362408E+02,    1.1276362408E+02,    0.0000000000E+00,    0.0000000000E+00,    0.0000000000E+00,    1.1276362408E+02
    106800,      0.676938,CP6_after_kinetics,   1,    0.0000000000E+00,    1.1276362408E+02,    1.1276362408E+02,    0.0000000000E+00,    0.0000000000E+00,    0.0000000000E+00,    1.1276362408E+02
    106800,      0.676938,CP7_after_upper_clamp,   1,    0.0000000000E+00,    1.1276362408E+02,    1.1276362408E+02,    0.0000000000E+00,    0.0000000000E+00,    0.0000000000E+00,    1.1276362408E+02
    106800,      0.676938,CP8_after_OBC,   1,    0.0000000000E+00,    1.1276362408E+02,    1.1276362408E+02,    0.0000000000E+00,    0.0000000000E+00,    0.0000000000E+00,    1.1276362408E+02
    106800,      0.676938,CP9_after_PTsource,   1,    0.0000000000E+00,    1.1276362408E+02,    1.1276362408E+02,    0.0000000000E+00,    0.0000000000E+00,    0.0000000000E+00,    1.1276362408E+02
    106800,      0.676938,CP10_after_neg_clamp,   1,    0.0000000000E+00,    1.1276362408E+02,    1.1276362408E+02,    0.0000000000E+00,    0.0000000000E+00,    0.0000000000E+00,    1.1276362408E+02
    106800,      0.676938,CP11_after_MPI,   1,    0.0000000000E+00,    1.1276362408E+02,    1.1276362408E+02,    0.0000000000E+00,    0.0000000000E+00,    0.0000000000E+00,    1.1276362408E+02
    106800,      0.676938,CP12_end,   1,    0.0000000000E+00,    1.1276362408E+02,    1.1276362408E+02,    0.0000000000E+00,    0.0000000000E+00,    0.0000000000E+00,    1.1276362408E+02
    106850,      0.676938,CP0_start,   1,    0.0000000000E+00,    1.1286456636E+02,    1.1286456636E+02,    0.0000000000E+00,    0.0000000000E+00,    0.0000000000E+00,    1.1286456636E+02
    106850,      0.676938,CP1_after_deposition,   1,    0.0000000000E+00,    1.1286456636E+02,    1.1286456636E+02,    0.0000000000E+00,    0.0000000000E+00,    0.0000000000E+00,    1.1286456636E+02
    106850,      0.676938,CP2_after_erosion,   1,    0.0000000000E+00,    1.1286456636E+02,    1.1286456636E+02,    0.0000000000E+00,    0.0000000000E+00,    0.0000000000E+00,    1.1286456636E+02
    106850,      0.676938,CP3_after_update_bottom,   1,    0.0000000000E+00,    1.1286456636E+02,    1.1286456636E+02,    0.0000000000E+00,    0.0000000000E+00,    0.0000000000E+00,    1.1286456636E+02
    106850,      0.676938,CP4_after_advection,   1,    0.0000000000E+00,    1.1286761448E+02,    1.1286761448E+02,    0.0000000000E+00,    0.0000000000E+00,    0.0000000000E+00,    1.1286761448E+02
    106850,      0.676938,CP5_after_vdif,   1,    0.0000000000E+00,    1.1286761448E+02,    1.1286761448E+02,    0.0000000000E+00,    0.0000000000E+00,    0.0000000000E+00,    1.1286761448E+02
    106850,      0.676938,CP6_after_kinetics,   1,    0.0000000000E+00,    1.1286761448E+02,    1.1286761448E+02,    0.0000000000E+00,    0.0000000000E+00,    0.0000000000E+00,    1.1286761448E+02
    106850,      0.676938,CP7_after_upper_clamp,   1,    0.0000000000E+00,    1.1286761448E+02,    1.1286761448E+02,    0.0000000000E+00,    0.0000000000E+00,    0.0000000000E+00,    1.1286761448E+02
    106850,      0.676938,CP8_after_OBC,   1,    0.0000000000E+00,    1.1286761448E+02,    1.1286761448E+02,    0.0000000000E+00,    0.0000000000E+00,    0.0000000000E+00,    1.1286761448E+02
    106850,      0.676938,CP9_after_PTsource,   1,    0.0000000000E+00,    1.1286761448E+02,    1.1286761448E+02,    0.0000000000E+00,    0.0000000000E+00,    0.0000000000E+00,    1.1286761448E+02
    106850,      0.676938,CP10_after_neg_clamp,   1,    0.0000000000E+00,    1.1286761448E+02,    1.1286761448E+02,    0.0000000000E+00,    0.0000000000E+00,    0.0000000000E+00,    1.1286761448E+02
    106850,      0.676938,CP11_after_MPI,   1,    0.0000000000E+00,    1.1286761448E+02,    1.1286761448E+02,    0.0000000000E+00,    0.0000000000E+00,    0.0000000000E+00,    1.1286761448E+02
    106850,      0.676938,CP12_end,   1,    0.0000000000E+00,    1.1286761448E+02,    1.1286761448E+02,    0.0000000000E+00,    0.0000000000E+00,    0.0000000000E+00,    1.1286761448E+02
    106900,      0.676938,CP0_start,   1,    0.0000000000E+00,    1.1296870676E+02,    1.1296870676E+02,    0.0000000000E+00,    0.0000000000E+00,    0.0000000000E+00,    1.1296870676E+02
    106900,      0.676938,CP1_after_deposition,   1,    0.0000000000E+00,    1.1296870676E+02,    1.1296870676E+02,    0.0000000000E+00,    0.0000000000E+00,    0.0000000000E+00,    1.1296870676E+02
    106900,      0.676938,CP2_after_erosion,   1,    0.0000000000E+00,    1.1296870676E+02,    1.1296870676E+02,    0.0000000000E+00,    0.0000000000E+00,    0.0000000000E+00,    1.1296870676E+02
    106900,      0.676938,CP3_after_update_bottom,   1,    0.0000000000E+00,    1.1296870676E+02,    1.1296870676E+02,    0.0000000000E+00,    0.0000000000E+00,    0.0000000000E+00,    1.1296870676E+02
    106900,      0.676938,CP4_after_advection,   1,    0.0000000000E+00,    1.1297171800E+02,    1.1297171800E+02,    0.0000000000E+00,    0.0000000000E+00,    0.0000000000E+00,    1.1297171800E+02
    106900,      0.676938,CP5_after_vdif,   1,    0.0000000000E+00,    1.1297171800E+02,    1.1297171800E+02,    0.0000000000E+00,    0.0000000000E+00,    0.0000000000E+00,    1.1297171800E+02
    106900,      0.676938,CP6_after_kinetics,   1,    0.0000000000E+00,    1.1297171800E+02,    1.1297171800E+02,    0.0000000000E+00,    0.0000000000E+00,    0.0000000000E+00,    1.1297171800E+02
    106900,      0.676938,CP7_after_upper_clamp,   1,    0.0000000000E+00,    1.1297171800E+02,    1.1297171800E+02,    0.0000000000E+00,    0.0000000000E+00,    0.0000000000E+00,    1.1297171800E+02
    106900,      0.676938,CP8_after_OBC,   1,    0.0000000000E+00,    1.1297171800E+02,    1.1297171800E+02,    0.0000000000E+00,    0.0000000000E+00,    0.0000000000E+00,    1.1297171800E+02
    106900,      0.676938,CP9_after_PTsource,   1,    0.0000000000E+00,    1.1297171800E+02,    1.1297171800E+02,    0.0000000000E+00,    0.0000000000E+00,    0.0000000000E+00,    1.1297171800E+02
    106900,      0.676938,CP10_after_neg_clamp,   1,    0.0000000000E+00,    1.1297171800E+02,    1.1297171800E+02,    0.0000000000E+00,    0.0000000000E+00,    0.0000000000E+00,    1.1297171800E+02
    106900,      0.676938,CP11_after_MPI,   1,    0.0000000000E+00,    1.1297171800E+02,    1.1297171800E+02,    0.0000000000E+00,    0.0000000000E+00,    0.0000000000E+00,    1.1297171800E+02
    106900,      0.676938,CP12_end,   1,    0.0000000000E+00,    1.1297171800E+02,    1.1297171800E+02,    0.0000000000E+00,    0.0000000000E+00,    0.0000000000E+00,    1.1297171800E+02
    106950,      0.676938,CP0_start,   1,    0.0000000000E+00,    1.1307297535E+02,    1.1307297535E+02,    0.0000000000E+00,    0.0000000000E+00,    0.0000000000E+00,    1.1307297535E+02
    106950,      0.676938,CP1_after_deposition,   1,    0.0000000000E+00,    1.1307297535E+02,    1.1307297535E+02,    0.0000000000E+00,    0.0000000000E+00,    0.0000000000E+00,    1.1307297535E+02
    106950,      0.676938,CP2_after_erosion,   1,    0.0000000000E+00,    1.1307297535E+02,    1.1307297535E+02,    0.0000000000E+00,    0.0000000000E+00,    0.0000000000E+00,    1.1307297535E+02
    106950,      0.676938,CP3_after_update_bottom,   1,    0.0000000000E+00,    1.1307297535E+02,    1.1307297535E+02,    0.0000000000E+00,    0.0000000000E+00,    0.0000000000E+00,    1.1307297535E+02
    106950,      0.676938,CP4_after_advection,   1,    0.0000000000E+00,    1.1307594789E+02,    1.1307594789E+02,    0.0000000000E+00,    0.0000000000E+00,    0.0000000000E+00,    1.1307594789E+02
    106950,      0.676938,CP5_after_vdif,   1,    0.0000000000E+00,    1.1307594789E+02,    1.1307594789E+02,    0.0000000000E+00,    0.0000000000E+00,    0.0000000000E+00,    1.1307594789E+02
    106950,      0.676938,CP6_after_kinetics,   1,    0.0000000000E+00,    1.1307594789E+02,    1.1307594789E+02,    0.0000000000E+00,    0.0000000000E+00,    0.0000000000E+00,    1.1307594789E+02
    106950,      0.676938,CP7_after_upper_clamp,   1,    0.0000000000E+00,    1.1307594789E+02,    1.1307594789E+02,    0.0000000000E+00,    0.0000000000E+00,    0.0000000000E+00,    1.1307594789E+02
    106950,      0.676938,CP8_after_OBC,   1,    0.0000000000E+00,    1.1307594789E+02,    1.1307594789E+02,    0.0000000000E+00,    0.0000000000E+00,    0.0000000000E+00,    1.1307594789E+02
    106950,      0.676938,CP9_after_PTsource,   1,    0.0000000000E+00,    1.1307594789E+02,    1.1307594789E+02,    0.0000000000E+00,    0.0000000000E+00,    0.0000000000E+00,    1.1307594789E+02
    106950,      0.676938,CP10_after_neg_clamp,   1,    0.0000000000E+00,    1.1307594789E+02,    1.1307594789E+02,    0.0000000000E+00,    0.0000000000E+00,    0.0000000000E+00,    1.1307594789E+02
    106950,      0.676938,CP11_after_MPI,   1,    0.0000000000E+00,    1.1307594789E+02,    1.1307594789E+02,    0.0000000000E+00,    0.0000000000E+00,    0.0000000000E+00,    1.1307594789E+02
    106950,      0.676938,CP12_end,   1,    0.0000000000E+00,    1.1307594789E+02,    1.1307594789E+02,    0.0000000000E+00,    0.0000000000E+00,    0.0000000000E+00,    1.1307594789E+02
    107000,      0.676938,CP0_start,   1,    0.0000000000E+00,    1.1317737531E+02,    1.1317737531E+02,    0.0000000000E+00,    0.0000000000E+00,    0.0000000000E+00,    1.1317737531E+02
    107000,      0.676938,CP1_after_deposition,   1,    0.0000000000E+00,    1.1317737531E+02,    1.1317737531E+02,    0.0000000000E+00,    0.0000000000E+00,    0.0000000000E+00,    1.1317737531E+02
    107000,      0.676938,CP2_after_erosion,   1,    0.0000000000E+00,    1.1317737531E+02,    1.1317737531E+02,    0.0000000000E+00,    0.0000000000E+00,    0.0000000000E+00,    1.1317737531E+02
    107000,      0.676938,CP3_after_update_bottom,   1,    0.0000000000E+00,    1.1317737531E+02,    1.1317737531E+02,    0.0000000000E+00,    0.0000000000E+00,    0.0000000000E+00,    1.1317737531E+02
    107000,      0.676938,CP4_after_advection,   1,    0.0000000000E+00,    1.1318030918E+02,    1.1318030918E+02,    0.0000000000E+00,    0.0000000000E+00,    0.0000000000E+00,    1.1318030918E+02
    107000,      0.676938,CP5_after_vdif,   1,    0.0000000000E+00,    1.1318030918E+02,    1.1318030918E+02,    0.0000000000E+00,    0.0000000000E+00,    0.0000000000E+00,    1.1318030918E+02
    107000,      0.676938,CP6_after_kinetics,   1,    0.0000000000E+00,    1.1318030918E+02,    1.1318030918E+02,    0.0000000000E+00,    0.0000000000E+00,    0.0000000000E+00,    1.1318030918E+02
    107000,      0.676938,CP7_after_upper_clamp,   1,    0.0000000000E+00,    1.1318030918E+02,    1.1318030918E+02,    0.0000000000E+00,    0.0000000000E+00,    0.0000000000E+00,    1.1318030918E+02
    107000,      0.676938,CP8_after_OBC,   1,    0.0000000000E+00,    1.1318030918E+02,    1.1318030918E+02,    0.0000000000E+00,    0.0000000000E+00,    0.0000000000E+00,    1.1318030918E+02
    107000,      0.676938,CP9_after_PTsource,   1,    0.0000000000E+00,    1.1318030918E+02,    1.1318030918E+02,    0.0000000000E+00,    0.0000000000E+00,    0.0000000000E+00,    1.1318030918E+02
    107000,      0.676938,CP10_after_neg_clamp,   1,    0.0000000000E+00,    1.1318030918E+02,    1.1318030918E+02,    0.0000000000E+00,    0.0000000000E+00,    0.0000000000E+00,    1.1318030918E+02
    107000,      0.676938,CP11_after_MPI,   1,    0.0000000000E+00,    1.1318030918E+02,    1.1318030918E+02,    0.0000000000E+00,    0.0000000000E+00,    0.0000000000E+00,    1.1318030918E+02
    107000,      0.676938,CP12_end,   1,    0.0000000000E+00,    1.1318030918E+02,    1.1318030918E+02,    0.0000000000E+00,    0.0000000000E+00,    0.0000000000E+00,    1.1318030918E+02
    107050,      0.676938,CP0_start,   1,    0.0000000000E+00,    1.1328186434E+02,    1.1328186434E+02,    0.0000000000E+00,    0.0000000000E+00,    0.0000000000E+00,    1.1328186434E+02
    107050,      0.676938,CP1_after_deposition,   1,    0.0000000000E+00,    1.1328186434E+02,    1.1328186434E+02,    0.0000000000E+00,    0.0000000000E+00,    0.0000000000E+00,    1.1328186434E+02
    107050,      0.676938,CP2_after_erosion,   1,    0.0000000000E+00,    1.1328186434E+02,    1.1328186434E+02,    0.0000000000E+00,    0.0000000000E+00,    0.0000000000E+00,    1.1328186434E+02
    107050,      0.676938,CP3_after_update_bottom,   1,    0.0000000000E+00,    1.1328186434E+02,    1.1328186434E+02,    0.0000000000E+00,    0.0000000000E+00,    0.0000000000E+00,    1.1328186434E+02
    107050,      0.676938,CP4_after_advection,   1,    0.0000000000E+00,    1.1328475864E+02,    1.1328475864E+02,    0.0000000000E+00,    0.0000000000E+00,    0.0000000000E+00,    1.1328475864E+02
    107050,      0.676938,CP5_after_vdif,   1,    0.0000000000E+00,    1.1328475864E+02,    1.1328475864E+02,    0.0000000000E+00,    0.0000000000E+00,    0.0000000000E+00,    1.1328475864E+02
    107050,      0.676938,CP6_after_kinetics,   1,    0.0000000000E+00,    1.1328475864E+02,    1.1328475864E+02,    0.0000000000E+00,    0.0000000000E+00,    0.0000000000E+00,    1.1328475864E+02
    107050,      0.676938,CP7_after_upper_clamp,   1,    0.0000000000E+00,    1.1328475864E+02,    1.1328475864E+02,    0.0000000000E+00,    0.0000000000E+00,    0.0000000000E+00,    1.1328475864E+02
    107050,      0.676938,CP8_after_OBC,   1,    0.0000000000E+00,    1.1328475864E+02,    1.1328475864E+02,    0.0000000000E+00,    0.0000000000E+00,    0.0000000000E+00,    1.1328475864E+02
    107050,      0.676938,CP9_after_PTsource,   1,    0.0000000000E+00,    1.1328475864E+02,    1.1328475864E+02,    0.0000000000E+00,    0.0000000000E+00,    0.0000000000E+00,    1.1328475864E+02
    107050,      0.676938,CP10_after_neg_clamp,   1,    0.0000000000E+00,    1.1328475864E+02,    1.1328475864E+02,    0.0000000000E+00,    0.0000000000E+00,    0.0000000000E+00,    1.1328475864E+02
    107050,      0.676938,CP11_after_MPI,   1,    0.0000000000E+00,    1.1328475864E+02,    1.1328475864E+02,    0.0000000000E+00,    0.0000000000E+00,    0.0000000000E+00,    1.1328475864E+02
    107050,      0.676938,CP12_end,   1,    0.0000000000E+00,    1.1328475864E+02,    1.1328475864E+02,    0.0000000000E+00,    0.0000000000E+00,    0.0000000000E+00,    1.1328475864E+02
    107100,      0.676938,CP0_start,   1,    0.0000000000E+00,    1.1338639969E+02,    1.1338639969E+02,    0.0000000000E+00,    0.0000000000E+00,    0.0000000000E+00,    1.1338639969E+02
    107100,      0.676938,CP1_after_deposition,   1,    0.0000000000E+00,    1.1338639969E+02,    1.1338639969E+02,    0.0000000000E+00,    0.0000000000E+00,    0.0000000000E+00,    1.1338639969E+02
    107100,      0.676938,CP2_after_erosion,   1,    0.0000000000E+00,    1.1338639969E+02,    1.1338639969E+02,    0.0000000000E+00,    0.0000000000E+00,    0.0000000000E+00,    1.1338639969E+02
    107100,      0.676938,CP3_after_update_bottom,   1,    0.0000000000E+00,    1.1338639969E+02,    1.1338639969E+02,    0.0000000000E+00,    0.0000000000E+00,    0.0000000000E+00,    1.1338639969E+02
    107100,      0.676938,CP4_after_advection,   1,    0.0000000000E+00,    1.1338925301E+02,    1.1338925301E+02,    0.0000000000E+00,    0.0000000000E+00,    0.0000000000E+00,    1.1338925301E+02
    107100,      0.676938,CP5_after_vdif,   1,    0.0000000000E+00,    1.1338925301E+02,    1.1338925301E+02,    0.0000000000E+00,    0.0000000000E+00,    0.0000000000E+00,    1.1338925301E+02
    107100,      0.676938,CP6_after_kinetics,   1,    0.0000000000E+00,    1.1338925301E+02,    1.1338925301E+02,    0.0000000000E+00,    0.0000000000E+00,    0.0000000000E+00,    1.1338925301E+02
    107100,      0.676938,CP7_after_upper_clamp,   1,    0.0000000000E+00,    1.1338925301E+02,    1.1338925301E+02,    0.0000000000E+00,    0.0000000000E+00,    0.0000000000E+00,    1.1338925301E+02
    107100,      0.676938,CP8_after_OBC,   1,    0.0000000000E+00,    1.1338925301E+02,    1.1338925301E+02,    0.0000000000E+00,    0.0000000000E+00,    0.0000000000E+00,    1.1338925301E+02
    107100,      0.676938,CP9_after_PTsource,   1,    0.0000000000E+00,    1.1338925301E+02,    1.1338925301E+02,    0.0000000000E+00,    0.0000000000E+00,    0.0000000000E+00,    1.1338925301E+02
    107100,      0.676938,CP10_after_neg_clamp,   1,    0.0000000000E+00,    1.1338925301E+02,    1.1338925301E+02,    0.0000000000E+00,    0.0000000000E+00,    0.0000000000E+00,    1.1338925301E+02
    107100,      0.676938,CP11_after_MPI,   1,    0.0000000000E+00,    1.1338925301E+02,    1.1338925301E+02,    0.0000000000E+00,    0.0000000000E+00,    0.0000000000E+00,    1.1338925301E+02
    107100,      0.676938,CP12_end,   1,    0.0000000000E+00,    1.1338925301E+02,    1.1338925301E+02,    0.0000000000E+00,    0.0000000000E+00,    0.0000000000E+00,    1.1338925301E+02
    107150,      0.676938,CP0_start,   1,    0.0000000000E+00,    1.1349034487E+02,    1.1349034487E+02,    0.0000000000E+00,    0.0000000000E+00,    0.0000000000E+00,    1.1349034487E+02
    107150,      0.676938,CP1_after_deposition,   1,    0.0000000000E+00,    1.1349034487E+02,    1.1349034487E+02,    0.0000000000E+00,    0.0000000000E+00,    0.0000000000E+00,    1.1349034487E+02
    107150,      0.676938,CP2_after_erosion,   1,    0.0000000000E+00,    1.1349034487E+02,    1.1349034487E+02,    0.0000000000E+00,    0.0000000000E+00,    0.0000000000E+00,    1.1349034487E+02
    107150,      0.676938,CP3_after_update_bottom,   1,    0.0000000000E+00,    1.1349034487E+02,    1.1349034487E+02,    0.0000000000E+00,    0.0000000000E+00,    0.0000000000E+00,    1.1349034487E+02
    107150,      0.676938,CP4_after_advection,   1,    0.0000000000E+00,    1.1349315337E+02,    1.1349315337E+02,    0.0000000000E+00,    0.0000000000E+00,    0.0000000000E+00,    1.1349315337E+02
    107150,      0.676938,CP5_after_vdif,   1,    0.0000000000E+00,    1.1349315337E+02,    1.1349315337E+02,    0.0000000000E+00,    0.0000000000E+00,    0.0000000000E+00,    1.1349315337E+02
    107150,      0.676938,CP6_after_kinetics,   1,    0.0000000000E+00,    1.1349315337E+02,    1.1349315337E+02,    0.0000000000E+00,    0.0000000000E+00,    0.0000000000E+00,    1.1349315337E+02
    107150,      0.676938,CP7_after_upper_clamp,   1,    0.0000000000E+00,    1.1349315337E+02,    1.1349315337E+02,    0.0000000000E+00,    0.0000000000E+00,    0.0000000000E+00,    1.1349315337E+02
    107150,      0.676938,CP8_after_OBC,   1,    0.0000000000E+00,    1.1349315337E+02,    1.1349315337E+02,    0.0000000000E+00,    0.0000000000E+00,    0.0000000000E+00,    1.1349315337E+02
    107150,      0.676938,CP9_after_PTsource,   1,    0.0000000000E+00,    1.1349315337E+02,    1.1349315337E+02,    0.0000000000E+00,    0.0000000000E+00,    0.0000000000E+00,    1.1349315337E+02
    107150,      0.676938,CP10_after_neg_clamp,   1,    0.0000000000E+00,    1.1349315337E+02,    1.1349315337E+02,    0.0000000000E+00,    0.0000000000E+00,    0.0000000000E+00,    1.1349315337E+02
    107150,      0.676938,CP11_after_MPI,   1,    0.0000000000E+00,    1.1349315337E+02,    1.1349315337E+02,    0.0000000000E+00,    0.0000000000E+00,    0.0000000000E+00,    1.1349315337E+02
    107150,      0.676938,CP12_end,   1,    0.0000000000E+00,    1.1349315337E+02,    1.1349315337E+02,    0.0000000000E+00,    0.0000000000E+00,    0.0000000000E+00,    1.1349315337E+02
    107200,      0.676938,CP0_start,   1,    0.0000000000E+00,    1.1359424707E+02,    1.1359424707E+02,    0.0000000000E+00,    0.0000000000E+00,    0.0000000000E+00,    1.1359424707E+02
    107200,      0.676938,CP1_after_deposition,   1,    0.0000000000E+00,    1.1359424707E+02,    1.1359424707E+02,    0.0000000000E+00,    0.0000000000E+00,    0.0000000000E+00,    1.1359424707E+02
    107200,      0.676938,CP2_after_erosion,   1,    0.0000000000E+00,    1.1359424707E+02,    1.1359424707E+02,    0.0000000000E+00,    0.0000000000E+00,    0.0000000000E+00,    1.1359424707E+02
    107200,      0.676938,CP3_after_update_bottom,   1,    0.0000000000E+00,    1.1359424707E+02,    1.1359424707E+02,    0.0000000000E+00,    0.0000000000E+00,    0.0000000000E+00,    1.1359424707E+02
    107200,      0.676938,CP4_after_advection,   1,    0.0000000000E+00,    1.1359700949E+02,    1.1359700949E+02,    0.0000000000E+00,    0.0000000000E+00,    0.0000000000E+00,    1.1359700949E+02
    107200,      0.676938,CP5_after_vdif,   1,    0.0000000000E+00,    1.1359700949E+02,    1.1359700949E+02,    0.0000000000E+00,    0.0000000000E+00,    0.0000000000E+00,    1.1359700949E+02
    107200,      0.676938,CP6_after_kinetics,   1,    0.0000000000E+00,    1.1359700949E+02,    1.1359700949E+02,    0.0000000000E+00,    0.0000000000E+00,    0.0000000000E+00,    1.1359700949E+02
    107200,      0.676938,CP7_after_upper_clamp,   1,    0.0000000000E+00,    1.1359700949E+02,    1.1359700949E+02,    0.0000000000E+00,    0.0000000000E+00,    0.0000000000E+00,    1.1359700949E+02
    107200,      0.676938,CP8_after_OBC,   1,    0.0000000000E+00,    1.1359700949E+02,    1.1359700949E+02,    0.0000000000E+00,    0.0000000000E+00,    0.0000000000E+00,    1.1359700949E+02
    107200,      0.676938,CP9_after_PTsource,   1,    0.0000000000E+00,    1.1359700949E+02,    1.1359700949E+02,    0.0000000000E+00,    0.0000000000E+00,    0.0000000000E+00,    1.1359700949E+02
    107200,      0.676938,CP10_after_neg_clamp,   1,    0.0000000000E+00,    1.1359700949E+02,    1.1359700949E+02,    0.0000000000E+00,    0.0000000000E+00,    0.0000000000E+00,    1.1359700949E+02
    107200,      0.676938,CP11_after_MPI,   1,    0.0000000000E+00,    1.1359700949E+02,    1.1359700949E+02,    0.0000000000E+00,    0.0000000000E+00,    0.0000000000E+00,    1.1359700949E+02
    107200,      0.676938,CP12_end,   1,    0.0000000000E+00,    1.1359700949E+02,    1.1359700949E+02,    0.0000000000E+00,    0.0000000000E+00,    0.0000000000E+00,    1.1359700949E+02
    107250,      0.676938,CP0_start,   1,    0.0000000000E+00,    1.1369806950E+02,    1.1369806950E+02,    0.0000000000E+00,    0.0000000000E+00,    0.0000000000E+00,    1.1369806950E+02
    107250,      0.676938,CP1_after_deposition,   1,    0.0000000000E+00,    1.1369806950E+02,    1.1369806950E+02,    0.0000000000E+00,    0.0000000000E+00,    0.0000000000E+00,    1.1369806950E+02
    107250,      0.676938,CP2_after_erosion,   1,    0.0000000000E+00,    1.1369806950E+02,    1.1369806950E+02,    0.0000000000E+00,    0.0000000000E+00,    0.0000000000E+00,    1.1369806950E+02
    107250,      0.676938,CP3_after_update_bottom,   1,    0.0000000000E+00,    1.1369806950E+02,    1.1369806950E+02,    0.0000000000E+00,    0.0000000000E+00,    0.0000000000E+00,    1.1369806950E+02
    107250,      0.676938,CP4_after_advection,   1,    0.0000000000E+00,    1.1370078648E+02,    1.1370078648E+02,    0.0000000000E+00,    0.0000000000E+00,    0.0000000000E+00,    1.1370078648E+02
    107250,      0.676938,CP5_after_vdif,   1,    0.0000000000E+00,    1.1370078648E+02,    1.1370078648E+02,    0.0000000000E+00,    0.0000000000E+00,    0.0000000000E+00,    1.1370078648E+02
    107250,      0.676938,CP6_after_kinetics,   1,    0.0000000000E+00,    1.1370078648E+02,    1.1370078648E+02,    0.0000000000E+00,    0.0000000000E+00,    0.0000000000E+00,    1.1370078648E+02
    107250,      0.676938,CP7_after_upper_clamp,   1,    0.0000000000E+00,    1.1370078648E+02,    1.1370078648E+02,    0.0000000000E+00,    0.0000000000E+00,    0.0000000000E+00,    1.1370078648E+02
    107250,      0.676938,CP8_after_OBC,   1,    0.0000000000E+00,    1.1370078648E+02,    1.1370078648E+02,    0.0000000000E+00,    0.0000000000E+00,    0.0000000000E+00,    1.1370078648E+02
    107250,      0.676938,CP9_after_PTsource,   1,    0.0000000000E+00,    1.1370078648E+02,    1.1370078648E+02,    0.0000000000E+00,    0.0000000000E+00,    0.0000000000E+00,    1.1370078648E+02
    107250,      0.676938,CP10_after_neg_clamp,   1,    0.0000000000E+00,    1.1370078648E+02,    1.1370078648E+02,    0.0000000000E+00,    0.0000000000E+00,    0.0000000000E+00,    1.1370078648E+02
    107250,      0.676938,CP11_after_MPI,   1,    0.0000000000E+00,    1.1370078648E+02,    1.1370078648E+02,    0.0000000000E+00,    0.0000000000E+00,    0.0000000000E+00,    1.1370078648E+02
    107250,      0.676938,CP12_end,   1,    0.0000000000E+00,    1.1370078648E+02,    1.1370078648E+02,    0.0000000000E+00,    0.0000000000E+00,    0.0000000000E+00,    1.1370078648E+02
    107300,      0.676938,CP0_start,   1,    0.0000000000E+00,    1.1380182649E+02,    1.1380182649E+02,    0.0000000000E+00,    0.0000000000E+00,    0.0000000000E+00,    1.1380182649E+02
    107300,      0.676938,CP1_after_deposition,   1,    0.0000000000E+00,    1.1380182649E+02,    1.1380182649E+02,    0.0000000000E+00,    0.0000000000E+00,    0.0000000000E+00,    1.1380182649E+02
    107300,      0.676938,CP2_after_erosion,   1,    0.0000000000E+00,    1.1380182649E+02,    1.1380182649E+02,    0.0000000000E+00,    0.0000000000E+00,    0.0000000000E+00,    1.1380182649E+02
    107300,      0.676938,CP3_after_update_bottom,   1,    0.0000000000E+00,    1.1380182649E+02,    1.1380182649E+02,    0.0000000000E+00,    0.0000000000E+00,    0.0000000000E+00,    1.1380182649E+02
    107300,      0.676938,CP4_after_advection,   1,    0.0000000000E+00,    1.1380449919E+02,    1.1380449919E+02,    0.0000000000E+00,    0.0000000000E+00,    0.0000000000E+00,    1.1380449919E+02
    107300,      0.676938,CP5_after_vdif,   1,    0.0000000000E+00,    1.1380449919E+02,    1.1380449919E+02,    0.0000000000E+00,    0.0000000000E+00,    0.0000000000E+00,    1.1380449919E+02
    107300,      0.676938,CP6_after_kinetics,   1,    0.0000000000E+00,    1.1380449919E+02,    1.1380449919E+02,    0.0000000000E+00,    0.0000000000E+00,    0.0000000000E+00,    1.1380449919E+02
    107300,      0.676938,CP7_after_upper_clamp,   1,    0.0000000000E+00,    1.1380449919E+02,    1.1380449919E+02,    0.0000000000E+00,    0.0000000000E+00,    0.0000000000E+00,    1.1380449919E+02
    107300,      0.676938,CP8_after_OBC,   1,    0.0000000000E+00,    1.1380449919E+02,    1.1380449919E+02,    0.0000000000E+00,    0.0000000000E+00,    0.0000000000E+00,    1.1380449919E+02
    107300,      0.676938,CP9_after_PTsource,   1,    0.0000000000E+00,    1.1380449919E+02,    1.1380449919E+02,    0.0000000000E+00,    0.0000000000E+00,    0.0000000000E+00,    1.1380449919E+02
    107300,      0.676938,CP10_after_neg_clamp,   1,    0.0000000000E+00,    1.1380449919E+02,    1.1380449919E+02,    0.0000000000E+00,    0.0000000000E+00,    0.0000000000E+00,    1.1380449919E+02
    107300,      0.676938,CP11_after_MPI,   1,    0.0000000000E+00,    1.1380449919E+02,    1.1380449919E+02,    0.0000000000E+00,    0.0000000000E+00,    0.0000000000E+00,    1.1380449919E+02
    107300,      0.676938,CP12_end,   1,    0.0000000000E+00,    1.1380449919E+02,    1.1380449919E+02,    0.0000000000E+00,    0.0000000000E+00,    0.0000000000E+00,    1.1380449919E+02
    107350,      0.676938,CP0_start,   1,    0.0000000000E+00,    1.1390561607E+02,    1.1390561607E+02,    0.0000000000E+00,    0.0000000000E+00,    0.0000000000E+00,    1.1390561607E+02
    107350,      0.676938,CP1_after_deposition,   1,    0.0000000000E+00,    1.1390561607E+02,    1.1390561607E+02,    0.0000000000E+00,    0.0000000000E+00,    0.0000000000E+00,    1.1390561607E+02
    107350,      0.676938,CP2_after_erosion,   1,    0.0000000000E+00,    1.1390561607E+02,    1.1390561607E+02,    0.0000000000E+00,    0.0000000000E+00,    0.0000000000E+00,    1.1390561607E+02
    107350,      0.676938,CP3_after_update_bottom,   1,    0.0000000000E+00,    1.1390561607E+02,    1.1390561607E+02,    0.0000000000E+00,    0.0000000000E+00,    0.0000000000E+00,    1.1390561607E+02
    107350,      0.676938,CP4_after_advection,   1,    0.0000000000E+00,    1.1390824663E+02,    1.1390824663E+02,    0.0000000000E+00,    0.0000000000E+00,    0.0000000000E+00,    1.1390824663E+02
    107350,      0.676938,CP5_after_vdif,   1,    0.0000000000E+00,    1.1390824663E+02,    1.1390824663E+02,    0.0000000000E+00,    0.0000000000E+00,    0.0000000000E+00,    1.1390824663E+02
    107350,      0.676938,CP6_after_kinetics,   1,    0.0000000000E+00,    1.1390824663E+02,    1.1390824663E+02,    0.0000000000E+00,    0.0000000000E+00,    0.0000000000E+00,    1.1390824663E+02
    107350,      0.676938,CP7_after_upper_clamp,   1,    0.0000000000E+00,    1.1390824663E+02,    1.1390824663E+02,    0.0000000000E+00,    0.0000000000E+00,    0.0000000000E+00,    1.1390824663E+02
    107350,      0.676938,CP8_after_OBC,   1,    0.0000000000E+00,    1.1390824663E+02,    1.1390824663E+02,    0.0000000000E+00,    0.0000000000E+00,    0.0000000000E+00,    1.1390824663E+02
    107350,      0.676938,CP9_after_PTsource,   1,    0.0000000000E+00,    1.1390824663E+02,    1.1390824663E+02,    0.0000000000E+00,    0.0000000000E+00,    0.0000000000E+00,    1.1390824663E+02
    107350,      0.676938,CP10_after_neg_clamp,   1,    0.0000000000E+00,    1.1390824663E+02,    1.1390824663E+02,    0.0000000000E+00,    0.0000000000E+00,    0.0000000000E+00,    1.1390824663E+02
    107350,      0.676938,CP11_after_MPI,   1,    0.0000000000E+00,    1.1390824663E+02,    1.1390824663E+02,    0.0000000000E+00,    0.0000000000E+00,    0.0000000000E+00,    1.1390824663E+02
    107350,      0.676938,CP12_end,   1,    0.0000000000E+00,    1.1390824663E+02,    1.1390824663E+02,    0.0000000000E+00,    0.0000000000E+00,    0.0000000000E+00,    1.1390824663E+02
    107400,      0.676938,CP0_start,   1,    0.0000000000E+00,    1.1400949885E+02,    1.1400949885E+02,    0.0000000000E+00,    0.0000000000E+00,    0.0000000000E+00,    1.1400949885E+02
    107400,      0.676938,CP1_after_deposition,   1,    0.0000000000E+00,    1.1400949885E+02,    1.1400949885E+02,    0.0000000000E+00,    0.0000000000E+00,    0.0000000000E+00,    1.1400949885E+02
    107400,      0.676938,CP2_after_erosion,   1,    0.0000000000E+00,    1.1400949885E+02,    1.1400949885E+02,    0.0000000000E+00,    0.0000000000E+00,    0.0000000000E+00,    1.1400949885E+02
    107400,      0.676938,CP3_after_update_bottom,   1,    0.0000000000E+00,    1.1400949885E+02,    1.1400949885E+02,    0.0000000000E+00,    0.0000000000E+00,    0.0000000000E+00,    1.1400949885E+02
    107400,      0.676938,CP4_after_advection,   1,    0.0000000000E+00,    1.1401209181E+02,    1.1401209181E+02,    0.0000000000E+00,    0.0000000000E+00,    0.0000000000E+00,    1.1401209181E+02
    107400,      0.676938,CP5_after_vdif,   1,    0.0000000000E+00,    1.1401209181E+02,    1.1401209181E+02,    0.0000000000E+00,    0.0000000000E+00,    0.0000000000E+00,    1.1401209181E+02
    107400,      0.676938,CP6_after_kinetics,   1,    0.0000000000E+00,    1.1401209181E+02,    1.1401209181E+02,    0.0000000000E+00,    0.0000000000E+00,    0.0000000000E+00,    1.1401209181E+02
    107400,      0.676938,CP7_after_upper_clamp,   1,    0.0000000000E+00,    1.1401209181E+02,    1.1401209181E+02,    0.0000000000E+00,    0.0000000000E+00,    0.0000000000E+00,    1.1401209181E+02
    107400,      0.676938,CP8_after_OBC,   1,    0.0000000000E+00,    1.1401209181E+02,    1.1401209181E+02,    0.0000000000E+00,    0.0000000000E+00,    0.0000000000E+00,    1.1401209181E+02
    107400,      0.676938,CP9_after_PTsource,   1,    0.0000000000E+00,    1.1401209181E+02,    1.1401209181E+02,    0.0000000000E+00,    0.0000000000E+00,    0.0000000000E+00,    1.1401209181E+02
    107400,      0.676938,CP10_after_neg_clamp,   1,    0.0000000000E+00,    1.1401209181E+02,    1.1401209181E+02,    0.0000000000E+00,    0.0000000000E+00,    0.0000000000E+00,    1.1401209181E+02
    107400,      0.676938,CP11_after_MPI,   1,    0.0000000000E+00,    1.1401209181E+02,    1.1401209181E+02,    0.0000000000E+00,    0.0000000000E+00,    0.0000000000E+00,    1.1401209181E+02
    107400,      0.676938,CP12_end,   1,    0.0000000000E+00,    1.1401209181E+02,    1.1401209181E+02,    0.0000000000E+00,    0.0000000000E+00,    0.0000000000E+00,    1.1401209181E+02
    107450,      0.676939,CP0_start,   1,    0.0000000000E+00,    1.1411367927E+02,    1.1411367927E+02,    0.0000000000E+00,    0.0000000000E+00,    0.0000000000E+00,    1.1411367927E+02
    107450,      0.676939,CP1_after_deposition,   1,    0.0000000000E+00,    1.1411367927E+02,    1.1411367927E+02,    0.0000000000E+00,    0.0000000000E+00,    0.0000000000E+00,    1.1411367927E+02
    107450,      0.676939,CP2_after_erosion,   1,    0.0000000000E+00,    1.1411367927E+02,    1.1411367927E+02,    0.0000000000E+00,    0.0000000000E+00,    0.0000000000E+00,    1.1411367927E+02
    107450,      0.676939,CP3_after_update_bottom,   1,    0.0000000000E+00,    1.1411367927E+02,    1.1411367927E+02,    0.0000000000E+00,    0.0000000000E+00,    0.0000000000E+00,    1.1411367927E+02
    107450,      0.676939,CP4_after_advection,   1,    0.0000000000E+00,    1.1411623546E+02,    1.1411623546E+02,    0.0000000000E+00,    0.0000000000E+00,    0.0000000000E+00,    1.1411623546E+02
    107450,      0.676939,CP5_after_vdif,   1,    0.0000000000E+00,    1.1411623546E+02,    1.1411623546E+02,    0.0000000000E+00,    0.0000000000E+00,    0.0000000000E+00,    1.1411623546E+02
    107450,      0.676939,CP6_after_kinetics,   1,    0.0000000000E+00,    1.1411623546E+02,    1.1411623546E+02,    0.0000000000E+00,    0.0000000000E+00,    0.0000000000E+00,    1.1411623546E+02
    107450,      0.676939,CP7_after_upper_clamp,   1,    0.0000000000E+00,    1.1411623546E+02,    1.1411623546E+02,    0.0000000000E+00,    0.0000000000E+00,    0.0000000000E+00,    1.1411623546E+02
    107450,      0.676939,CP8_after_OBC,   1,    0.0000000000E+00,    1.1411623546E+02,    1.1411623546E+02,    0.0000000000E+00,    0.0000000000E+00,    0.0000000000E+00,    1.1411623546E+02
    107450,      0.676939,CP9_after_PTsource,   1,    0.0000000000E+00,    1.1411623546E+02,    1.1411623546E+02,    0.0000000000E+00,    0.0000000000E+00,    0.0000000000E+00,    1.1411623546E+02
    107450,      0.676939,CP10_after_neg_clamp,   1,    0.0000000000E+00,    1.1411623546E+02,    1.1411623546E+02,    0.0000000000E+00,    0.0000000000E+00,    0.0000000000E+00,    1.1411623546E+02
    107450,      0.676939,CP11_after_MPI,   1,    0.0000000000E+00,    1.1411623546E+02,    1.1411623546E+02,    0.0000000000E+00,    0.0000000000E+00,    0.0000000000E+00,    1.1411623546E+02
    107450,      0.676939,CP12_end,   1,    0.0000000000E+00,    1.1411623546E+02,    1.1411623546E+02,    0.0000000000E+00,    0.0000000000E+00,    0.0000000000E+00,    1.1411623546E+02
    107500,      0.676939,CP0_start,   1,    0.0000000000E+00,    1.1421839084E+02,    1.1421839084E+02,    0.0000000000E+00,    0.0000000000E+00,    0.0000000000E+00,    1.1421839084E+02
    107500,      0.676939,CP1_after_deposition,   1,    0.0000000000E+00,    1.1421839084E+02,    1.1421839084E+02,    0.0000000000E+00,    0.0000000000E+00,    0.0000000000E+00,    1.1421839084E+02
    107500,      0.676939,CP2_after_erosion,   1,    0.0000000000E+00,    1.1421839084E+02,    1.1421839084E+02,    0.0000000000E+00,    0.0000000000E+00,    0.0000000000E+00,    1.1421839084E+02
    107500,      0.676939,CP3_after_update_bottom,   1,    0.0000000000E+00,    1.1421839084E+02,    1.1421839084E+02,    0.0000000000E+00,    0.0000000000E+00,    0.0000000000E+00,    1.1421839084E+02
    107500,      0.676939,CP4_after_advection,   1,    0.0000000000E+00,    1.1422091712E+02,    1.1422091712E+02,    0.0000000000E+00,    0.0000000000E+00,    0.0000000000E+00,    1.1422091712E+02
    107500,      0.676939,CP5_after_vdif,   1,    0.0000000000E+00,    1.1422091712E+02,    1.1422091712E+02,    0.0000000000E+00,    0.0000000000E+00,    0.0000000000E+00,    1.1422091712E+02
    107500,      0.676939,CP6_after_kinetics,   1,    0.0000000000E+00,    1.1422091712E+02,    1.1422091712E+02,    0.0000000000E+00,    0.0000000000E+00,    0.0000000000E+00,    1.1422091712E+02
    107500,      0.676939,CP7_after_upper_clamp,   1,    0.0000000000E+00,    1.1422091712E+02,    1.1422091712E+02,    0.0000000000E+00,    0.0000000000E+00,    0.0000000000E+00,    1.1422091712E+02
    107500,      0.676939,CP8_after_OBC,   1,    0.0000000000E+00,    1.1422091712E+02,    1.1422091712E+02,    0.0000000000E+00,    0.0000000000E+00,    0.0000000000E+00,    1.1422091712E+02
    107500,      0.676939,CP9_after_PTsource,   1,    0.0000000000E+00,    1.1422091712E+02,    1.1422091712E+02,    0.0000000000E+00,    0.0000000000E+00,    0.0000000000E+00,    1.1422091712E+02
    107500,      0.676939,CP10_after_neg_clamp,   1,    0.0000000000E+00,    1.1422091712E+02,    1.1422091712E+02,    0.0000000000E+00,    0.0000000000E+00,    0.0000000000E+00,    1.1422091712E+02
    107500,      0.676939,CP11_after_MPI,   1,    0.0000000000E+00,    1.1422091712E+02,    1.1422091712E+02,    0.0000000000E+00,    0.0000000000E+00,    0.0000000000E+00,    1.1422091712E+02
    107500,      0.676939,CP12_end,   1,    0.0000000000E+00,    1.1422091712E+02,    1.1422091712E+02,    0.0000000000E+00,    0.0000000000E+00,    0.0000000000E+00,    1.1422091712E+02
    107550,      0.676939,CP0_start,   1,    0.0000000000E+00,    1.1432388674E+02,    1.1432388674E+02,    0.0000000000E+00,    0.0000000000E+00,    0.0000000000E+00,    1.1432388674E+02
    107550,      0.676939,CP1_after_deposition,   1,    0.0000000000E+00,    1.1432388674E+02,    1.1432388674E+02,    0.0000000000E+00,    0.0000000000E+00,    0.0000000000E+00,    1.1432388674E+02
    107550,      0.676939,CP2_after_erosion,   1,    0.0000000000E+00,    1.1432388674E+02,    1.1432388674E+02,    0.0000000000E+00,    0.0000000000E+00,    0.0000000000E+00,    1.1432388674E+02
    107550,      0.676939,CP3_after_update_bottom,   1,    0.0000000000E+00,    1.1432388674E+02,    1.1432388674E+02,    0.0000000000E+00,    0.0000000000E+00,    0.0000000000E+00,    1.1432388674E+02
    107550,      0.676939,CP4_after_advection,   1,    0.0000000000E+00,    1.1432638663E+02,    1.1432638663E+02,    0.0000000000E+00,    0.0000000000E+00,    0.0000000000E+00,    1.1432638663E+02
    107550,      0.676939,CP5_after_vdif,   1,    0.0000000000E+00,    1.1432638663E+02,    1.1432638663E+02,    0.0000000000E+00,    0.0000000000E+00,    0.0000000000E+00,    1.1432638663E+02
    107550,      0.676939,CP6_after_kinetics,   1,    0.0000000000E+00,    1.1432638663E+02,    1.1432638663E+02,    0.0000000000E+00,    0.0000000000E+00,    0.0000000000E+00,    1.1432638663E+02
    107550,      0.676939,CP7_after_upper_clamp,   1,    0.0000000000E+00,    1.1432638663E+02,    1.1432638663E+02,    0.0000000000E+00,    0.0000000000E+00,    0.0000000000E+00,    1.1432638663E+02
    107550,      0.676939,CP8_after_OBC,   1,    0.0000000000E+00,    1.1432638663E+02,    1.1432638663E+02,    0.0000000000E+00,    0.0000000000E+00,    0.0000000000E+00,    1.1432638663E+02
    107550,      0.676939,CP9_after_PTsource,   1,    0.0000000000E+00,    1.1432638663E+02,    1.1432638663E+02,    0.0000000000E+00,    0.0000000000E+00,    0.0000000000E+00,    1.1432638663E+02
    107550,      0.676939,CP10_after_neg_clamp,   1,    0.0000000000E+00,    1.1432638663E+02,    1.1432638663E+02,    0.0000000000E+00,    0.0000000000E+00,    0.0000000000E+00,    1.1432638663E+02
    107550,      0.676939,CP11_after_MPI,   1,    0.0000000000E+00,    1.1432638663E+02,    1.1432638663E+02,    0.0000000000E+00,    0.0000000000E+00,    0.0000000000E+00,    1.1432638663E+02
    107550,      0.676939,CP12_end,   1,    0.0000000000E+00,    1.1432638663E+02,    1.1432638663E+02,    0.0000000000E+00,    0.0000000000E+00,    0.0000000000E+00,    1.1432638663E+02
    107600,      0.676939,CP0_start,   1,    0.0000000000E+00,    1.1443029029E+02,    1.1443029029E+02,    0.0000000000E+00,    0.0000000000E+00,    0.0000000000E+00,    1.1443029029E+02
    107600,      0.676939,CP1_after_deposition,   1,    0.0000000000E+00,    1.1443029029E+02,    1.1443029029E+02,    0.0000000000E+00,    0.0000000000E+00,    0.0000000000E+00,    1.1443029029E+02
    107600,      0.676939,CP2_after_erosion,   1,    0.0000000000E+00,    1.1443029029E+02,    1.1443029029E+02,    0.0000000000E+00,    0.0000000000E+00,    0.0000000000E+00,    1.1443029029E+02
    107600,      0.676939,CP3_after_update_bottom,   1,    0.0000000000E+00,    1.1443029029E+02,    1.1443029029E+02,    0.0000000000E+00,    0.0000000000E+00,    0.0000000000E+00,    1.1443029029E+02
    107600,      0.676939,CP4_after_advection,   1,    0.0000000000E+00,    1.1443276685E+02,    1.1443276685E+02,    0.0000000000E+00,    0.0000000000E+00,    0.0000000000E+00,    1.1443276685E+02
    107600,      0.676939,CP5_after_vdif,   1,    0.0000000000E+00,    1.1443276685E+02,    1.1443276685E+02,    0.0000000000E+00,    0.0000000000E+00,    0.0000000000E+00,    1.1443276685E+02
    107600,      0.676939,CP6_after_kinetics,   1,    0.0000000000E+00,    1.1443276685E+02,    1.1443276685E+02,    0.0000000000E+00,    0.0000000000E+00,    0.0000000000E+00,    1.1443276685E+02
    107600,      0.676939,CP7_after_upper_clamp,   1,    0.0000000000E+00,    1.1443276685E+02,    1.1443276685E+02,    0.0000000000E+00,    0.0000000000E+00,    0.0000000000E+00,    1.1443276685E+02
    107600,      0.676939,CP8_after_OBC,   1,    0.0000000000E+00,    1.1443276685E+02,    1.1443276685E+02,    0.0000000000E+00,    0.0000000000E+00,    0.0000000000E+00,    1.1443276685E+02
    107600,      0.676939,CP9_after_PTsource,   1,    0.0000000000E+00,    1.1443276685E+02,    1.1443276685E+02,    0.0000000000E+00,    0.0000000000E+00,    0.0000000000E+00,    1.1443276685E+02
    107600,      0.676939,CP10_after_neg_clamp,   1,    0.0000000000E+00,    1.1443276685E+02,    1.1443276685E+02,    0.0000000000E+00,    0.0000000000E+00,    0.0000000000E+00,    1.1443276685E+02
    107600,      0.676939,CP11_after_MPI,   1,    0.0000000000E+00,    1.1443276685E+02,    1.1443276685E+02,    0.0000000000E+00,    0.0000000000E+00,    0.0000000000E+00,    1.1443276685E+02
    107600,      0.676939,CP12_end,   1,    0.0000000000E+00,    1.1443276685E+02,    1.1443276685E+02,    0.0000000000E+00,    0.0000000000E+00,    0.0000000000E+00,    1.1443276685E+02
    107650,      0.676939,CP0_start,   1,    0.0000000000E+00,    1.1453760167E+02,    1.1453760167E+02,    0.0000000000E+00,    0.0000000000E+00,    0.0000000000E+00,    1.1453760167E+02
    107650,      0.676939,CP1_after_deposition,   1,    0.0000000000E+00,    1.1453760167E+02,    1.1453760167E+02,    0.0000000000E+00,    0.0000000000E+00,    0.0000000000E+00,    1.1453760167E+02
    107650,      0.676939,CP2_after_erosion,   1,    0.0000000000E+00,    1.1453760167E+02,    1.1453760167E+02,    0.0000000000E+00,    0.0000000000E+00,    0.0000000000E+00,    1.1453760167E+02
    107650,      0.676939,CP3_after_update_bottom,   1,    0.0000000000E+00,    1.1453760167E+02,    1.1453760167E+02,    0.0000000000E+00,    0.0000000000E+00,    0.0000000000E+00,    1.1453760167E+02
    107650,      0.676939,CP4_after_advection,   1,    0.0000000000E+00,    1.1454005189E+02,    1.1454005189E+02,    0.0000000000E+00,    0.0000000000E+00,    0.0000000000E+00,    1.1454005189E+02
    107650,      0.676939,CP5_after_vdif,   1,    0.0000000000E+00,    1.1454005189E+02,    1.1454005189E+02,    0.0000000000E+00,    0.0000000000E+00,    0.0000000000E+00,    1.1454005189E+02
    107650,      0.676939,CP6_after_kinetics,   1,    0.0000000000E+00,    1.1454005189E+02,    1.1454005189E+02,    0.0000000000E+00,    0.0000000000E+00,    0.0000000000E+00,    1.1454005189E+02
    107650,      0.676939,CP7_after_upper_clamp,   1,    0.0000000000E+00,    1.1454005189E+02,    1.1454005189E+02,    0.0000000000E+00,    0.0000000000E+00,    0.0000000000E+00,    1.1454005189E+02
    107650,      0.676939,CP8_after_OBC,   1,    0.0000000000E+00,    1.1454005189E+02,    1.1454005189E+02,    0.0000000000E+00,    0.0000000000E+00,    0.0000000000E+00,    1.1454005189E+02
    107650,      0.676939,CP9_after_PTsource,   1,    0.0000000000E+00,    1.1454005189E+02,    1.1454005189E+02,    0.0000000000E+00,    0.0000000000E+00,    0.0000000000E+00,    1.1454005189E+02
    107650,      0.676939,CP10_after_neg_clamp,   1,    0.0000000000E+00,    1.1454005189E+02,    1.1454005189E+02,    0.0000000000E+00,    0.0000000000E+00,    0.0000000000E+00,    1.1454005189E+02
    107650,      0.676939,CP11_after_MPI,   1,    0.0000000000E+00,    1.1454005189E+02,    1.1454005189E+02,    0.0000000000E+00,    0.0000000000E+00,    0.0000000000E+00,    1.1454005189E+02
    107650,      0.676939,CP12_end,   1,    0.0000000000E+00,    1.1454005189E+02,    1.1454005189E+02,    0.0000000000E+00,    0.0000000000E+00,    0.0000000000E+00,    1.1454005189E+02
    107700,      0.676939,CP0_start,   1,    0.0000000000E+00,    1.1464563038E+02,    1.1464563038E+02,    0.0000000000E+00,    0.0000000000E+00,    0.0000000000E+00,    1.1464563038E+02
    107700,      0.676939,CP1_after_deposition,   1,    0.0000000000E+00,    1.1464563038E+02,    1.1464563038E+02,    0.0000000000E+00,    0.0000000000E+00,    0.0000000000E+00,    1.1464563038E+02
    107700,      0.676939,CP2_after_erosion,   1,    0.0000000000E+00,    1.1464563038E+02,    1.1464563038E+02,    0.0000000000E+00,    0.0000000000E+00,    0.0000000000E+00,    1.1464563038E+02
    107700,      0.676939,CP3_after_update_bottom,   1,    0.0000000000E+00,    1.1464563038E+02,    1.1464563038E+02,    0.0000000000E+00,    0.0000000000E+00,    0.0000000000E+00,    1.1464563038E+02
    107700,      0.676939,CP4_after_advection,   1,    0.0000000000E+00,    1.1464804970E+02,    1.1464804970E+02,    0.0000000000E+00,    0.0000000000E+00,    0.0000000000E+00,    1.1464804970E+02
    107700,      0.676939,CP5_after_vdif,   1,    0.0000000000E+00,    1.1464804970E+02,    1.1464804970E+02,    0.0000000000E+00,    0.0000000000E+00,    0.0000000000E+00,    1.1464804970E+02
    107700,      0.676939,CP6_after_kinetics,   1,    0.0000000000E+00,    1.1464804970E+02,    1.1464804970E+02,    0.0000000000E+00,    0.0000000000E+00,    0.0000000000E+00,    1.1464804970E+02
    107700,      0.676939,CP7_after_upper_clamp,   1,    0.0000000000E+00,    1.1464804970E+02,    1.1464804970E+02,    0.0000000000E+00,    0.0000000000E+00,    0.0000000000E+00,    1.1464804970E+02
    107700,      0.676939,CP8_after_OBC,   1,    0.0000000000E+00,    1.1464804970E+02,    1.1464804970E+02,    0.0000000000E+00,    0.0000000000E+00,    0.0000000000E+00,    1.1464804970E+02
    107700,      0.676939,CP9_after_PTsource,   1,    0.0000000000E+00,    1.1464804970E+02,    1.1464804970E+02,    0.0000000000E+00,    0.0000000000E+00,    0.0000000000E+00,    1.1464804970E+02
    107700,      0.676939,CP10_after_neg_clamp,   1,    0.0000000000E+00,    1.1464804970E+02,    1.1464804970E+02,    0.0000000000E+00,    0.0000000000E+00,    0.0000000000E+00,    1.1464804970E+02
    107700,      0.676939,CP11_after_MPI,   1,    0.0000000000E+00,    1.1464804970E+02,    1.1464804970E+02,    0.0000000000E+00,    0.0000000000E+00,    0.0000000000E+00,    1.1464804970E+02
    107700,      0.676939,CP12_end,   1,    0.0000000000E+00,    1.1464804970E+02,    1.1464804970E+02,    0.0000000000E+00,    0.0000000000E+00,    0.0000000000E+00,    1.1464804970E+02
    107750,      0.676939,CP0_start,   1,    0.0000000000E+00,    1.1475402448E+02,    1.1475402448E+02,    0.0000000000E+00,    0.0000000000E+00,    0.0000000000E+00,    1.1475402448E+02
    107750,      0.676939,CP1_after_deposition,   1,    0.0000000000E+00,    1.1475402448E+02,    1.1475402448E+02,    0.0000000000E+00,    0.0000000000E+00,    0.0000000000E+00,    1.1475402448E+02
    107750,      0.676939,CP2_after_erosion,   1,    0.0000000000E+00,    1.1475402448E+02,    1.1475402448E+02,    0.0000000000E+00,    0.0000000000E+00,    0.0000000000E+00,    1.1475402448E+02
    107750,      0.676939,CP3_after_update_bottom,   1,    0.0000000000E+00,    1.1475402448E+02,    1.1475402448E+02,    0.0000000000E+00,    0.0000000000E+00,    0.0000000000E+00,    1.1475402448E+02
    107750,      0.676939,CP4_after_advection,   1,    0.0000000000E+00,    1.1475640890E+02,    1.1475640890E+02,    0.0000000000E+00,    0.0000000000E+00,    0.0000000000E+00,    1.1475640890E+02
    107750,      0.676939,CP5_after_vdif,   1,    0.0000000000E+00,    1.1475640890E+02,    1.1475640890E+02,    0.0000000000E+00,    0.0000000000E+00,    0.0000000000E+00,    1.1475640890E+02
    107750,      0.676939,CP6_after_kinetics,   1,    0.0000000000E+00,    1.1475640890E+02,    1.1475640890E+02,    0.0000000000E+00,    0.0000000000E+00,    0.0000000000E+00,    1.1475640890E+02
    107750,      0.676939,CP7_after_upper_clamp,   1,    0.0000000000E+00,    1.1475640890E+02,    1.1475640890E+02,    0.0000000000E+00,    0.0000000000E+00,    0.0000000000E+00,    1.1475640890E+02
    107750,      0.676939,CP8_after_OBC,   1,    0.0000000000E+00,    1.1475640890E+02,    1.1475640890E+02,    0.0000000000E+00,    0.0000000000E+00,    0.0000000000E+00,    1.1475640890E+02
    107750,      0.676939,CP9_after_PTsource,   1,    0.0000000000E+00,    1.1475640890E+02,    1.1475640890E+02,    0.0000000000E+00,    0.0000000000E+00,    0.0000000000E+00,    1.1475640890E+02
    107750,      0.676939,CP10_after_neg_clamp,   1,    0.0000000000E+00,    1.1475640890E+02,    1.1475640890E+02,    0.0000000000E+00,    0.0000000000E+00,    0.0000000000E+00,    1.1475640890E+02
    107750,      0.676939,CP11_after_MPI,   1,    0.0000000000E+00,    1.1475640890E+02,    1.1475640890E+02,    0.0000000000E+00,    0.0000000000E+00,    0.0000000000E+00,    1.1475640890E+02
    107750,      0.676939,CP12_end,   1,    0.0000000000E+00,    1.1475640890E+02,    1.1475640890E+02,    0.0000000000E+00,    0.0000000000E+00,    0.0000000000E+00,    1.1475640890E+02
    107800,      0.676939,CP0_start,   1,    0.0000000000E+00,    1.1486245177E+02,    1.1486245177E+02,    0.0000000000E+00,    0.0000000000E+00,    0.0000000000E+00,    1.1486245177E+02
    107800,      0.676939,CP1_after_deposition,   1,    0.0000000000E+00,    1.1486245177E+02,    1.1486245177E+02,    0.0000000000E+00,    0.0000000000E+00,    0.0000000000E+00,    1.1486245177E+02
    107800,      0.676939,CP2_after_erosion,   1,    0.0000000000E+00,    1.1486245177E+02,    1.1486245177E+02,    0.0000000000E+00,    0.0000000000E+00,    0.0000000000E+00,    1.1486245177E+02
    107800,      0.676939,CP3_after_update_bottom,   1,    0.0000000000E+00,    1.1486245177E+02,    1.1486245177E+02,    0.0000000000E+00,    0.0000000000E+00,    0.0000000000E+00,    1.1486245177E+02
    107800,      0.676939,CP4_after_advection,   1,    0.0000000000E+00,    1.1486479183E+02,    1.1486479183E+02,    0.0000000000E+00,    0.0000000000E+00,    0.0000000000E+00,    1.1486479183E+02
    107800,      0.676939,CP5_after_vdif,   1,    0.0000000000E+00,    1.1486479183E+02,    1.1486479183E+02,    0.0000000000E+00,    0.0000000000E+00,    0.0000000000E+00,    1.1486479183E+02
    107800,      0.676939,CP6_after_kinetics,   1,    0.0000000000E+00,    1.1486479183E+02,    1.1486479183E+02,    0.0000000000E+00,    0.0000000000E+00,    0.0000000000E+00,    1.1486479183E+02
    107800,      0.676939,CP7_after_upper_clamp,   1,    0.0000000000E+00,    1.1486479183E+02,    1.1486479183E+02,    0.0000000000E+00,    0.0000000000E+00,    0.0000000000E+00,    1.1486479183E+02
    107800,      0.676939,CP8_after_OBC,   1,    0.0000000000E+00,    1.1486479183E+02,    1.1486479183E+02,    0.0000000000E+00,    0.0000000000E+00,    0.0000000000E+00,    1.1486479183E+02
    107800,      0.676939,CP9_after_PTsource,   1,    0.0000000000E+00,    1.1486479183E+02,    1.1486479183E+02,    0.0000000000E+00,    0.0000000000E+00,    0.0000000000E+00,    1.1486479183E+02
    107800,      0.676939,CP10_after_neg_clamp,   1,    0.0000000000E+00,    1.1486479183E+02,    1.1486479183E+02,    0.0000000000E+00,    0.0000000000E+00,    0.0000000000E+00,    1.1486479183E+02
    107800,      0.676939,CP11_after_MPI,   1,    0.0000000000E+00,    1.1486479183E+02,    1.1486479183E+02,    0.0000000000E+00,    0.0000000000E+00,    0.0000000000E+00,    1.1486479183E+02
    107800,      0.676939,CP12_end,   1,    0.0000000000E+00,    1.1486479183E+02,    1.1486479183E+02,    0.0000000000E+00,    0.0000000000E+00,    0.0000000000E+00,    1.1486479183E+02
    107850,      0.676939,CP0_start,   1,    0.0000000000E+00,    1.1497060208E+02,    1.1497060208E+02,    0.0000000000E+00,    0.0000000000E+00,    0.0000000000E+00,    1.1497060208E+02
    107850,      0.676939,CP1_after_deposition,   1,    0.0000000000E+00,    1.1497060208E+02,    1.1497060208E+02,    0.0000000000E+00,    0.0000000000E+00,    0.0000000000E+00,    1.1497060208E+02
    107850,      0.676939,CP2_after_erosion,   1,    0.0000000000E+00,    1.1497060208E+02,    1.1497060208E+02,    0.0000000000E+00,    0.0000000000E+00,    0.0000000000E+00,    1.1497060208E+02
    107850,      0.676939,CP3_after_update_bottom,   1,    0.0000000000E+00,    1.1497060208E+02,    1.1497060208E+02,    0.0000000000E+00,    0.0000000000E+00,    0.0000000000E+00,    1.1497060208E+02
    107850,      0.676939,CP4_after_advection,   1,    0.0000000000E+00,    1.1497289743E+02,    1.1497289743E+02,    0.0000000000E+00,    0.0000000000E+00,    0.0000000000E+00,    1.1497289743E+02
    107850,      0.676939,CP5_after_vdif,   1,    0.0000000000E+00,    1.1497289743E+02,    1.1497289743E+02,    0.0000000000E+00,    0.0000000000E+00,    0.0000000000E+00,    1.1497289743E+02
    107850,      0.676939,CP6_after_kinetics,   1,    0.0000000000E+00,    1.1497289743E+02,    1.1497289743E+02,    0.0000000000E+00,    0.0000000000E+00,    0.0000000000E+00,    1.1497289743E+02
    107850,      0.676939,CP7_after_upper_clamp,   1,    0.0000000000E+00,    1.1497289743E+02,    1.1497289743E+02,    0.0000000000E+00,    0.0000000000E+00,    0.0000000000E+00,    1.1497289743E+02
    107850,      0.676939,CP8_after_OBC,   1,    0.0000000000E+00,    1.1497289743E+02,    1.1497289743E+02,    0.0000000000E+00,    0.0000000000E+00,    0.0000000000E+00,    1.1497289743E+02
    107850,      0.676939,CP9_after_PTsource,   1,    0.0000000000E+00,    1.1497289743E+02,    1.1497289743E+02,    0.0000000000E+00,    0.0000000000E+00,    0.0000000000E+00,    1.1497289743E+02
    107850,      0.676939,CP10_after_neg_clamp,   1,    0.0000000000E+00,    1.1497289743E+02,    1.1497289743E+02,    0.0000000000E+00,    0.0000000000E+00,    0.0000000000E+00,    1.1497289743E+02
    107850,      0.676939,CP11_after_MPI,   1,    0.0000000000E+00,    1.1497289743E+02,    1.1497289743E+02,    0.0000000000E+00,    0.0000000000E+00,    0.0000000000E+00,    1.1497289743E+02
    107850,      0.676939,CP12_end,   1,    0.0000000000E+00,    1.1497289743E+02,    1.1497289743E+02,    0.0000000000E+00,    0.0000000000E+00,    0.0000000000E+00,    1.1497289743E+02
    107900,      0.676939,CP0_start,   1,    0.0000000000E+00,    1.1507820081E+02,    1.1507820081E+02,    0.0000000000E+00,    0.0000000000E+00,    0.0000000000E+00,    1.1507820081E+02
    107900,      0.676939,CP1_after_deposition,   1,    0.0000000000E+00,    1.1507820081E+02,    1.1507820081E+02,    0.0000000000E+00,    0.0000000000E+00,    0.0000000000E+00,    1.1507820081E+02
    107900,      0.676939,CP2_after_erosion,   1,    0.0000000000E+00,    1.1507820081E+02,    1.1507820081E+02,    0.0000000000E+00,    0.0000000000E+00,    0.0000000000E+00,    1.1507820081E+02
    107900,      0.676939,CP3_after_update_bottom,   1,    0.0000000000E+00,    1.1507820081E+02,    1.1507820081E+02,    0.0000000000E+00,    0.0000000000E+00,    0.0000000000E+00,    1.1507820081E+02
    107900,      0.676939,CP4_after_advection,   1,    0.0000000000E+00,    1.1508044058E+02,    1.1508044058E+02,    0.0000000000E+00,    0.0000000000E+00,    0.0000000000E+00,    1.1508044058E+02
    107900,      0.676939,CP5_after_vdif,   1,    0.0000000000E+00,    1.1508044058E+02,    1.1508044058E+02,    0.0000000000E+00,    0.0000000000E+00,    0.0000000000E+00,    1.1508044058E+02
    107900,      0.676939,CP6_after_kinetics,   1,    0.0000000000E+00,    1.1508044058E+02,    1.1508044058E+02,    0.0000000000E+00,    0.0000000000E+00,    0.0000000000E+00,    1.1508044058E+02
    107900,      0.676939,CP7_after_upper_clamp,   1,    0.0000000000E+00,    1.1508044058E+02,    1.1508044058E+02,    0.0000000000E+00,    0.0000000000E+00,    0.0000000000E+00,    1.1508044058E+02
    107900,      0.676939,CP8_after_OBC,   1,    0.0000000000E+00,    1.1508044058E+02,    1.1508044058E+02,    0.0000000000E+00,    0.0000000000E+00,    0.0000000000E+00,    1.1508044058E+02
    107900,      0.676939,CP9_after_PTsource,   1,    0.0000000000E+00,    1.1508044058E+02,    1.1508044058E+02,    0.0000000000E+00,    0.0000000000E+00,    0.0000000000E+00,    1.1508044058E+02
    107900,      0.676939,CP10_after_neg_clamp,   1,    0.0000000000E+00,    1.1508044058E+02,    1.1508044058E+02,    0.0000000000E+00,    0.0000000000E+00,    0.0000000000E+00,    1.1508044058E+02
    107900,      0.676939,CP11_after_MPI,   1,    0.0000000000E+00,    1.1508044058E+02,    1.1508044058E+02,    0.0000000000E+00,    0.0000000000E+00,    0.0000000000E+00,    1.1508044058E+02
    107900,      0.676939,CP12_end,   1,    0.0000000000E+00,    1.1508044058E+02,    1.1508044058E+02,    0.0000000000E+00,    0.0000000000E+00,    0.0000000000E+00,    1.1508044058E+02
    107950,      0.676939,CP0_start,   1,    0.0000000000E+00,    1.1518496578E+02,    1.1518496578E+02,    0.0000000000E+00,    0.0000000000E+00,    0.0000000000E+00,    1.1518496578E+02
    107950,      0.676939,CP1_after_deposition,   1,    0.0000000000E+00,    1.1518496578E+02,    1.1518496578E+02,    0.0000000000E+00,    0.0000000000E+00,    0.0000000000E+00,    1.1518496578E+02
    107950,      0.676939,CP2_after_erosion,   1,    0.0000000000E+00,    1.1518496578E+02,    1.1518496578E+02,    0.0000000000E+00,    0.0000000000E+00,    0.0000000000E+00,    1.1518496578E+02
    107950,      0.676939,CP3_after_update_bottom,   1,    0.0000000000E+00,    1.1518496578E+02,    1.1518496578E+02,    0.0000000000E+00,    0.0000000000E+00,    0.0000000000E+00,    1.1518496578E+02
    107950,      0.676939,CP4_after_advection,   1,    0.0000000000E+00,    1.1518714540E+02,    1.1518714540E+02,    0.0000000000E+00,    0.0000000000E+00,    0.0000000000E+00,    1.1518714540E+02
    107950,      0.676939,CP5_after_vdif,   1,    0.0000000000E+00,    1.1518714540E+02,    1.1518714540E+02,    0.0000000000E+00,    0.0000000000E+00,    0.0000000000E+00,    1.1518714540E+02
    107950,      0.676939,CP6_after_kinetics,   1,    0.0000000000E+00,    1.1518714540E+02,    1.1518714540E+02,    0.0000000000E+00,    0.0000000000E+00,    0.0000000000E+00,    1.1518714540E+02
    107950,      0.676939,CP7_after_upper_clamp,   1,    0.0000000000E+00,    1.1518714540E+02,    1.1518714540E+02,    0.0000000000E+00,    0.0000000000E+00,    0.0000000000E+00,    1.1518714540E+02
    107950,      0.676939,CP8_after_OBC,   1,    0.0000000000E+00,    1.1518714540E+02,    1.1518714540E+02,    0.0000000000E+00,    0.0000000000E+00,    0.0000000000E+00,    1.1518714540E+02
    107950,      0.676939,CP9_after_PTsource,   1,    0.0000000000E+00,    1.1518714540E+02,    1.1518714540E+02,    0.0000000000E+00,    0.0000000000E+00,    0.0000000000E+00,    1.1518714540E+02
    107950,      0.676939,CP10_after_neg_clamp,   1,    0.0000000000E+00,    1.1518714540E+02,    1.1518714540E+02,    0.0000000000E+00,    0.0000000000E+00,    0.0000000000E+00,    1.1518714540E+02
    107950,      0.676939,CP11_after_MPI,   1,    0.0000000000E+00,    1.1518714540E+02,    1.1518714540E+02,    0.0000000000E+00,    0.0000000000E+00,    0.0000000000E+00,    1.1518714540E+02
    107950,      0.676939,CP12_end,   1,    0.0000000000E+00,    1.1518714540E+02,    1.1518714540E+02,    0.0000000000E+00,    0.0000000000E+00,    0.0000000000E+00,    1.1518714540E+02
    108000,      0.676939,CP0_start,   1,    0.0000000000E+00,    1.1529064776E+02,    1.1529064776E+02,    0.0000000000E+00,    0.0000000000E+00,    0.0000000000E+00,    1.1529064776E+02
    108000,      0.676939,CP1_after_deposition,   1,    0.0000000000E+00,    1.1529064776E+02,    1.1529064776E+02,    0.0000000000E+00,    0.0000000000E+00,    0.0000000000E+00,    1.1529064776E+02
    108000,      0.676939,CP2_after_erosion,   1,    0.0000000000E+00,    1.1529064776E+02,    1.1529064776E+02,    0.0000000000E+00,    0.0000000000E+00,    0.0000000000E+00,    1.1529064776E+02
    108000,      0.676939,CP3_after_update_bottom,   1,    0.0000000000E+00,    1.1529064776E+02,    1.1529064776E+02,    0.0000000000E+00,    0.0000000000E+00,    0.0000000000E+00,    1.1529064776E+02
    108000,      0.676939,CP4_after_advection,   1,    0.0000000000E+00,    1.1529276932E+02,    1.1529276932E+02,    0.0000000000E+00,    0.0000000000E+00,    0.0000000000E+00,    1.1529276932E+02
    108000,      0.676939,CP5_after_vdif,   1,    0.0000000000E+00,    1.1529276932E+02,    1.1529276932E+02,    0.0000000000E+00,    0.0000000000E+00,    0.0000000000E+00,    1.1529276932E+02
    108000,      0.676939,CP6_after_kinetics,   1,    0.0000000000E+00,    1.1529276932E+02,    1.1529276932E+02,    0.0000000000E+00,    0.0000000000E+00,    0.0000000000E+00,    1.1529276932E+02
    108000,      0.676939,CP7_after_upper_clamp,   1,    0.0000000000E+00,    1.1529276932E+02,    1.1529276932E+02,    0.0000000000E+00,    0.0000000000E+00,    0.0000000000E+00,    1.1529276932E+02
    108000,      0.676939,CP8_after_OBC,   1,    0.0000000000E+00,    1.1529276932E+02,    1.1529276932E+02,    0.0000000000E+00,    0.0000000000E+00,    0.0000000000E+00,    1.1529276932E+02
    108000,      0.676939,CP9_after_PTsource,   1,    0.0000000000E+00,    1.1529276932E+02,    1.1529276932E+02,    0.0000000000E+00,    0.0000000000E+00,    0.0000000000E+00,    1.1529276932E+02
    108000,      0.676939,CP10_after_neg_clamp,   1,    0.0000000000E+00,    1.1529276932E+02,    1.1529276932E+02,    0.0000000000E+00,    0.0000000000E+00,    0.0000000000E+00,    1.1529276932E+02
    108000,      0.676939,CP11_after_MPI,   1,    0.0000000000E+00,    1.1529276932E+02,    1.1529276932E+02,    0.0000000000E+00,    0.0000000000E+00,    0.0000000000E+00,    1.1529276932E+02
    108000,      0.676939,CP12_end,   1,    0.0000000000E+00,    1.1529276932E+02,    1.1529276932E+02,    0.0000000000E+00,    0.0000000000E+00,    0.0000000000E+00,    1.1529276932E+02
    108050,      0.676939,CP0_start,   1,    0.0000000000E+00,    1.1539513333E+02,    1.1539513333E+02,    0.0000000000E+00,    0.0000000000E+00,    0.0000000000E+00,    1.1539513333E+02
    108050,      0.676939,CP1_after_deposition,   1,    0.0000000000E+00,    1.1539513333E+02,    1.1539513333E+02,    0.0000000000E+00,    0.0000000000E+00,    0.0000000000E+00,    1.1539513333E+02
    108050,      0.676939,CP2_after_erosion,   1,    0.0000000000E+00,    1.1539513333E+02,    1.1539513333E+02,    0.0000000000E+00,    0.0000000000E+00,    0.0000000000E+00,    1.1539513333E+02
    108050,      0.676939,CP3_after_update_bottom,   1,    0.0000000000E+00,    1.1539513333E+02,    1.1539513333E+02,    0.0000000000E+00,    0.0000000000E+00,    0.0000000000E+00,    1.1539513333E+02
    108050,      0.676939,CP4_after_advection,   1,    0.0000000000E+00,    1.1539719378E+02,    1.1539719378E+02,    0.0000000000E+00,    0.0000000000E+00,    0.0000000000E+00,    1.1539719378E+02
    108050,      0.676939,CP5_after_vdif,   1,    0.0000000000E+00,    1.1539719378E+02,    1.1539719378E+02,    0.0000000000E+00,    0.0000000000E+00,    0.0000000000E+00,    1.1539719378E+02
    108050,      0.676939,CP6_after_kinetics,   1,    0.0000000000E+00,    1.1539719378E+02,    1.1539719378E+02,    0.0000000000E+00,    0.0000000000E+00,    0.0000000000E+00,    1.1539719378E+02
    108050,      0.676939,CP7_after_upper_clamp,   1,    0.0000000000E+00,    1.1539719378E+02,    1.1539719378E+02,    0.0000000000E+00,    0.0000000000E+00,    0.0000000000E+00,    1.1539719378E+02
    108050,      0.676939,CP8_after_OBC,   1,    0.0000000000E+00,    1.1539719378E+02,    1.1539719378E+02,    0.0000000000E+00,    0.0000000000E+00,    0.0000000000E+00,    1.1539719378E+02
    108050,      0.676939,CP9_after_PTsource,   1,    0.0000000000E+00,    1.1539719378E+02,    1.1539719378E+02,    0.0000000000E+00,    0.0000000000E+00,    0.0000000000E+00,    1.1539719378E+02
    108050,      0.676939,CP10_after_neg_clamp,   1,    0.0000000000E+00,    1.1539719378E+02,    1.1539719378E+02,    0.0000000000E+00,    0.0000000000E+00,    0.0000000000E+00,    1.1539719378E+02
    108050,      0.676939,CP11_after_MPI,   1,    0.0000000000E+00,    1.1539719378E+02,    1.1539719378E+02,    0.0000000000E+00,    0.0000000000E+00,    0.0000000000E+00,    1.1539719378E+02
    108050,      0.676939,CP12_end,   1,    0.0000000000E+00,    1.1539719378E+02,    1.1539719378E+02,    0.0000000000E+00,    0.0000000000E+00,    0.0000000000E+00,    1.1539719378E+02
    108100,      0.676939,CP0_start,   1,    0.0000000000E+00,    1.1549824138E+02,    1.1549824138E+02,    0.0000000000E+00,    0.0000000000E+00,    0.0000000000E+00,    1.1549824138E+02
    108100,      0.676939,CP1_after_deposition,   1,    0.0000000000E+00,    1.1549824138E+02,    1.1549824138E+02,    0.0000000000E+00,    0.0000000000E+00,    0.0000000000E+00,    1.1549824138E+02
    108100,      0.676939,CP2_after_erosion,   1,    0.0000000000E+00,    1.1549824138E+02,    1.1549824138E+02,    0.0000000000E+00,    0.0000000000E+00,    0.0000000000E+00,    1.1549824138E+02
    108100,      0.676939,CP3_after_update_bottom,   1,    0.0000000000E+00,    1.1549824138E+02,    1.1549824138E+02,    0.0000000000E+00,    0.0000000000E+00,    0.0000000000E+00,    1.1549824138E+02
    108100,      0.676939,CP4_after_advection,   1,    0.0000000000E+00,    1.1550023764E+02,    1.1550023764E+02,    0.0000000000E+00,    0.0000000000E+00,    0.0000000000E+00,    1.1550023764E+02
    108100,      0.676939,CP5_after_vdif,   1,    0.0000000000E+00,    1.1550023764E+02,    1.1550023764E+02,    0.0000000000E+00,    0.0000000000E+00,    0.0000000000E+00,    1.1550023764E+02
    108100,      0.676939,CP6_after_kinetics,   1,    0.0000000000E+00,    1.1550023764E+02,    1.1550023764E+02,    0.0000000000E+00,    0.0000000000E+00,    0.0000000000E+00,    1.1550023764E+02
    108100,      0.676939,CP7_after_upper_clamp,   1,    0.0000000000E+00,    1.1550023764E+02,    1.1550023764E+02,    0.0000000000E+00,    0.0000000000E+00,    0.0000000000E+00,    1.1550023764E+02
    108100,      0.676939,CP8_after_OBC,   1,    0.0000000000E+00,    1.1550023764E+02,    1.1550023764E+02,    0.0000000000E+00,    0.0000000000E+00,    0.0000000000E+00,    1.1550023764E+02
    108100,      0.676939,CP9_after_PTsource,   1,    0.0000000000E+00,    1.1550023764E+02,    1.1550023764E+02,    0.0000000000E+00,    0.0000000000E+00,    0.0000000000E+00,    1.1550023764E+02
    108100,      0.676939,CP10_after_neg_clamp,   1,    0.0000000000E+00,    1.1550023764E+02,    1.1550023764E+02,    0.0000000000E+00,    0.0000000000E+00,    0.0000000000E+00,    1.1550023764E+02
    108100,      0.676939,CP11_after_MPI,   1,    0.0000000000E+00,    1.1550023764E+02,    1.1550023764E+02,    0.0000000000E+00,    0.0000000000E+00,    0.0000000000E+00,    1.1550023764E+02
    108100,      0.676939,CP12_end,   1,    0.0000000000E+00,    1.1550023764E+02,    1.1550023764E+02,    0.0000000000E+00,    0.0000000000E+00,    0.0000000000E+00,    1.1550023764E+02
    108150,      0.676939,CP0_start,   1,    0.0000000000E+00,    1.1559967696E+02,    1.1559967696E+02,    0.0000000000E+00,    0.0000000000E+00,    0.0000000000E+00,    1.1559967696E+02
    108150,      0.676939,CP1_after_deposition,   1,    0.0000000000E+00,    1.1559967696E+02,    1.1559967696E+02,    0.0000000000E+00,    0.0000000000E+00,    0.0000000000E+00,    1.1559967696E+02
    108150,      0.676939,CP2_after_erosion,   1,    0.0000000000E+00,    1.1559967696E+02,    1.1559967696E+02,    0.0000000000E+00,    0.0000000000E+00,    0.0000000000E+00,    1.1559967696E+02
    108150,      0.676939,CP3_after_update_bottom,   1,    0.0000000000E+00,    1.1559967696E+02,    1.1559967696E+02,    0.0000000000E+00,    0.0000000000E+00,    0.0000000000E+00,    1.1559967696E+02
    108150,      0.676939,CP4_after_advection,   1,    0.0000000000E+00,    1.1560160640E+02,    1.1560160640E+02,    0.0000000000E+00,    0.0000000000E+00,    0.0000000000E+00,    1.1560160640E+02
    108150,      0.676939,CP5_after_vdif,   1,    0.0000000000E+00,    1.1560160640E+02,    1.1560160640E+02,    0.0000000000E+00,    0.0000000000E+00,    0.0000000000E+00,    1.1560160640E+02
    108150,      0.676939,CP6_after_kinetics,   1,    0.0000000000E+00,    1.1560160640E+02,    1.1560160640E+02,    0.0000000000E+00,    0.0000000000E+00,    0.0000000000E+00,    1.1560160640E+02
    108150,      0.676939,CP7_after_upper_clamp,   1,    0.0000000000E+00,    1.1560160640E+02,    1.1560160640E+02,    0.0000000000E+00,    0.0000000000E+00,    0.0000000000E+00,    1.1560160640E+02
    108150,      0.676939,CP8_after_OBC,   1,    0.0000000000E+00,    1.1560160640E+02,    1.1560160640E+02,    0.0000000000E+00,    0.0000000000E+00,    0.0000000000E+00,    1.1560160640E+02
    108150,      0.676939,CP9_after_PTsource,   1,    0.0000000000E+00,    1.1560160640E+02,    1.1560160640E+02,    0.0000000000E+00,    0.0000000000E+00,    0.0000000000E+00,    1.1560160640E+02
    108150,      0.676939,CP10_after_neg_clamp,   1,    0.0000000000E+00,    1.1560160640E+02,    1.1560160640E+02,    0.0000000000E+00,    0.0000000000E+00,    0.0000000000E+00,    1.1560160640E+02
    108150,      0.676939,CP11_after_MPI,   1,    0.0000000000E+00,    1.1560160640E+02,    1.1560160640E+02,    0.0000000000E+00,    0.0000000000E+00,    0.0000000000E+00,    1.1560160640E+02
    108150,      0.676939,CP12_end,   1,    0.0000000000E+00,    1.1560160640E+02,    1.1560160640E+02,    0.0000000000E+00,    0.0000000000E+00,    0.0000000000E+00,    1.1560160640E+02
    108200,      0.676939,CP0_start,   1,    0.0000000000E+00,    1.1569908761E+02,    1.1569908761E+02,    0.0000000000E+00,    0.0000000000E+00,    0.0000000000E+00,    1.1569908761E+02
    108200,      0.676939,CP1_after_deposition,   1,    0.0000000000E+00,    1.1569908761E+02,    1.1569908761E+02,    0.0000000000E+00,    0.0000000000E+00,    0.0000000000E+00,    1.1569908761E+02
    108200,      0.676939,CP2_after_erosion,   1,    0.0000000000E+00,    1.1569908761E+02,    1.1569908761E+02,    0.0000000000E+00,    0.0000000000E+00,    0.0000000000E+00,    1.1569908761E+02
    108200,      0.676939,CP3_after_update_bottom,   1,    0.0000000000E+00,    1.1569908761E+02,    1.1569908761E+02,    0.0000000000E+00,    0.0000000000E+00,    0.0000000000E+00,    1.1569908761E+02
    108200,      0.676939,CP4_after_advection,   1,    0.0000000000E+00,    1.1570094381E+02,    1.1570094381E+02,    0.0000000000E+00,    0.0000000000E+00,    0.0000000000E+00,    1.1570094381E+02
    108200,      0.676939,CP5_after_vdif,   1,    0.0000000000E+00,    1.1570094381E+02,    1.1570094381E+02,    0.0000000000E+00,    0.0000000000E+00,    0.0000000000E+00,    1.1570094381E+02
    108200,      0.676939,CP6_after_kinetics,   1,    0.0000000000E+00,    1.1570094381E+02,    1.1570094381E+02,    0.0000000000E+00,    0.0000000000E+00,    0.0000000000E+00,    1.1570094381E+02
    108200,      0.676939,CP7_after_upper_clamp,   1,    0.0000000000E+00,    1.1570094381E+02,    1.1570094381E+02,    0.0000000000E+00,    0.0000000000E+00,    0.0000000000E+00,    1.1570094381E+02
    108200,      0.676939,CP8_after_OBC,   1,    0.0000000000E+00,    1.1570094381E+02,    1.1570094381E+02,    0.0000000000E+00,    0.0000000000E+00,    0.0000000000E+00,    1.1570094381E+02
    108200,      0.676939,CP9_after_PTsource,   1,    0.0000000000E+00,    1.1570094381E+02,    1.1570094381E+02,    0.0000000000E+00,    0.0000000000E+00,    0.0000000000E+00,    1.1570094381E+02
    108200,      0.676939,CP10_after_neg_clamp,   1,    0.0000000000E+00,    1.1570094381E+02,    1.1570094381E+02,    0.0000000000E+00,    0.0000000000E+00,    0.0000000000E+00,    1.1570094381E+02
    108200,      0.676939,CP11_after_MPI,   1,    0.0000000000E+00,    1.1570094381E+02,    1.1570094381E+02,    0.0000000000E+00,    0.0000000000E+00,    0.0000000000E+00,    1.1570094381E+02
    108200,      0.676939,CP12_end,   1,    0.0000000000E+00,    1.1570094381E+02,    1.1570094381E+02,    0.0000000000E+00,    0.0000000000E+00,    0.0000000000E+00,    1.1570094381E+02
    108250,      0.676939,CP0_start,   1,    0.0000000000E+00,    1.1579603095E+02,    1.1579603095E+02,    0.0000000000E+00,    0.0000000000E+00,    0.0000000000E+00,    1.1579603095E+02
    108250,      0.676939,CP1_after_deposition,   1,    0.0000000000E+00,    1.1579603095E+02,    1.1579603095E+02,    0.0000000000E+00,    0.0000000000E+00,    0.0000000000E+00,    1.1579603095E+02
    108250,      0.676939,CP2_after_erosion,   1,    0.0000000000E+00,    1.1579603095E+02,    1.1579603095E+02,    0.0000000000E+00,    0.0000000000E+00,    0.0000000000E+00,    1.1579603095E+02
    108250,      0.676939,CP3_after_update_bottom,   1,    0.0000000000E+00,    1.1579603095E+02,    1.1579603095E+02,    0.0000000000E+00,    0.0000000000E+00,    0.0000000000E+00,    1.1579603095E+02
    108250,      0.676939,CP4_after_advection,   1,    0.0000000000E+00,    1.1579780581E+02,    1.1579780581E+02,    0.0000000000E+00,    0.0000000000E+00,    0.0000000000E+00,    1.1579780581E+02
    108250,      0.676939,CP5_after_vdif,   1,    0.0000000000E+00,    1.1579780581E+02,    1.1579780581E+02,    0.0000000000E+00,    0.0000000000E+00,    0.0000000000E+00,    1.1579780581E+02
    108250,      0.676939,CP6_after_kinetics,   1,    0.0000000000E+00,    1.1579780581E+02,    1.1579780581E+02,    0.0000000000E+00,    0.0000000000E+00,    0.0000000000E+00,    1.1579780581E+02
    108250,      0.676939,CP7_after_upper_clamp,   1,    0.0000000000E+00,    1.1579780581E+02,    1.1579780581E+02,    0.0000000000E+00,    0.0000000000E+00,    0.0000000000E+00,    1.1579780581E+02
    108250,      0.676939,CP8_after_OBC,   1,    0.0000000000E+00,    1.1579780581E+02,    1.1579780581E+02,    0.0000000000E+00,    0.0000000000E+00,    0.0000000000E+00,    1.1579780581E+02
    108250,      0.676939,CP9_after_PTsource,   1,    0.0000000000E+00,    1.1579780581E+02,    1.1579780581E+02,    0.0000000000E+00,    0.0000000000E+00,    0.0000000000E+00,    1.1579780581E+02
    108250,      0.676939,CP10_after_neg_clamp,   1,    0.0000000000E+00,    1.1579780581E+02,    1.1579780581E+02,    0.0000000000E+00,    0.0000000000E+00,    0.0000000000E+00,    1.1579780581E+02
    108250,      0.676939,CP11_after_MPI,   1,    0.0000000000E+00,    1.1579780581E+02,    1.1579780581E+02,    0.0000000000E+00,    0.0000000000E+00,    0.0000000000E+00,    1.1579780581E+02
    108250,      0.676939,CP12_end,   1,    0.0000000000E+00,    1.1579780581E+02,    1.1579780581E+02,    0.0000000000E+00,    0.0000000000E+00,    0.0000000000E+00,    1.1579780581E+02
    108300,      0.676939,CP0_start,   1,    0.0000000000E+00,    1.1589009087E+02,    1.1589009087E+02,    0.0000000000E+00,    0.0000000000E+00,    0.0000000000E+00,    1.1589009087E+02
    108300,      0.676939,CP1_after_deposition,   1,    0.0000000000E+00,    1.1589009087E+02,    1.1589009087E+02,    0.0000000000E+00,    0.0000000000E+00,    0.0000000000E+00,    1.1589009087E+02
    108300,      0.676939,CP2_after_erosion,   1,    0.0000000000E+00,    1.1589009087E+02,    1.1589009087E+02,    0.0000000000E+00,    0.0000000000E+00,    0.0000000000E+00,    1.1589009087E+02
    108300,      0.676939,CP3_after_update_bottom,   1,    0.0000000000E+00,    1.1589009087E+02,    1.1589009087E+02,    0.0000000000E+00,    0.0000000000E+00,    0.0000000000E+00,    1.1589009087E+02
    108300,      0.676939,CP4_after_advection,   1,    0.0000000000E+00,    1.1589177430E+02,    1.1589177430E+02,    0.0000000000E+00,    0.0000000000E+00,    0.0000000000E+00,    1.1589177430E+02
    108300,      0.676939,CP5_after_vdif,   1,    0.0000000000E+00,    1.1589177430E+02,    1.1589177430E+02,    0.0000000000E+00,    0.0000000000E+00,    0.0000000000E+00,    1.1589177430E+02
    108300,      0.676939,CP6_after_kinetics,   1,    0.0000000000E+00,    1.1589177430E+02,    1.1589177430E+02,    0.0000000000E+00,    0.0000000000E+00,    0.0000000000E+00,    1.1589177430E+02
    108300,      0.676939,CP7_after_upper_clamp,   1,    0.0000000000E+00,    1.1589177430E+02,    1.1589177430E+02,    0.0000000000E+00,    0.0000000000E+00,    0.0000000000E+00,    1.1589177430E+02
    108300,      0.676939,CP8_after_OBC,   1,    0.0000000000E+00,    1.1589177430E+02,    1.1589177430E+02,    0.0000000000E+00,    0.0000000000E+00,    0.0000000000E+00,    1.1589177430E+02
    108300,      0.676939,CP9_after_PTsource,   1,    0.0000000000E+00,    1.1589177430E+02,    1.1589177430E+02,    0.0000000000E+00,    0.0000000000E+00,    0.0000000000E+00,    1.1589177430E+02
    108300,      0.676939,CP10_after_neg_clamp,   1,    0.0000000000E+00,    1.1589177430E+02,    1.1589177430E+02,    0.0000000000E+00,    0.0000000000E+00,    0.0000000000E+00,    1.1589177430E+02
    108300,      0.676939,CP11_after_MPI,   1,    0.0000000000E+00,    1.1589177430E+02,    1.1589177430E+02,    0.0000000000E+00,    0.0000000000E+00,    0.0000000000E+00,    1.1589177430E+02
    108300,      0.676939,CP12_end,   1,    0.0000000000E+00,    1.1589177430E+02,    1.1589177430E+02,    0.0000000000E+00,    0.0000000000E+00,    0.0000000000E+00,    1.1589177430E+02
    108350,      0.676939,CP0_start,   1,    0.0000000000E+00,    1.1598070591E+02,    1.1598070591E+02,    0.0000000000E+00,    0.0000000000E+00,    0.0000000000E+00,    1.1598070591E+02
    108350,      0.676939,CP1_after_deposition,   1,    0.0000000000E+00,    1.1598070591E+02,    1.1598070591E+02,    0.0000000000E+00,    0.0000000000E+00,    0.0000000000E+00,    1.1598070591E+02
    108350,      0.676939,CP2_after_erosion,   1,    0.0000000000E+00,    1.1598070591E+02,    1.1598070591E+02,    0.0000000000E+00,    0.0000000000E+00,    0.0000000000E+00,    1.1598070591E+02
    108350,      0.676939,CP3_after_update_bottom,   1,    0.0000000000E+00,    1.1598070591E+02,    1.1598070591E+02,    0.0000000000E+00,    0.0000000000E+00,    0.0000000000E+00,    1.1598070591E+02
    108350,      0.676939,CP4_after_advection,   1,    0.0000000000E+00,    1.1598228908E+02,    1.1598228908E+02,    0.0000000000E+00,    0.0000000000E+00,    0.0000000000E+00,    1.1598228908E+02
    108350,      0.676939,CP5_after_vdif,   1,    0.0000000000E+00,    1.1598228908E+02,    1.1598228908E+02,    0.0000000000E+00,    0.0000000000E+00,    0.0000000000E+00,    1.1598228908E+02
    108350,      0.676939,CP6_after_kinetics,   1,    0.0000000000E+00,    1.1598228908E+02,    1.1598228908E+02,    0.0000000000E+00,    0.0000000000E+00,    0.0000000000E+00,    1.1598228908E+02
    108350,      0.676939,CP7_after_upper_clamp,   1,    0.0000000000E+00,    1.1598228908E+02,    1.1598228908E+02,    0.0000000000E+00,    0.0000000000E+00,    0.0000000000E+00,    1.1598228908E+02
    108350,      0.676939,CP8_after_OBC,   1,    0.0000000000E+00,    1.1598228908E+02,    1.1598228908E+02,    0.0000000000E+00,    0.0000000000E+00,    0.0000000000E+00,    1.1598228908E+02
    108350,      0.676939,CP9_after_PTsource,   1,    0.0000000000E+00,    1.1598228908E+02,    1.1598228908E+02,    0.0000000000E+00,    0.0000000000E+00,    0.0000000000E+00,    1.1598228908E+02
    108350,      0.676939,CP10_after_neg_clamp,   1,    0.0000000000E+00,    1.1598228908E+02,    1.1598228908E+02,    0.0000000000E+00,    0.0000000000E+00,    0.0000000000E+00,    1.1598228908E+02
    108350,      0.676939,CP11_after_MPI,   1,    0.0000000000E+00,    1.1598228908E+02,    1.1598228908E+02,    0.0000000000E+00,    0.0000000000E+00,    0.0000000000E+00,    1.1598228908E+02
    108350,      0.676939,CP12_end,   1,    0.0000000000E+00,    1.1598228908E+02,    1.1598228908E+02,    0.0000000000E+00,    0.0000000000E+00,    0.0000000000E+00,    1.1598228908E+02
    108400,      0.676939,CP0_start,   1,    0.0000000000E+00,    1.1606744557E+02,    1.1606744557E+02,    0.0000000000E+00,    0.0000000000E+00,    0.0000000000E+00,    1.1606744557E+02
    108400,      0.676939,CP1_after_deposition,   1,    0.0000000000E+00,    1.1606744557E+02,    1.1606744557E+02,    0.0000000000E+00,    0.0000000000E+00,    0.0000000000E+00,    1.1606744557E+02
    108400,      0.676939,CP2_after_erosion,   1,    0.0000000000E+00,    1.1606744557E+02,    1.1606744557E+02,    0.0000000000E+00,    0.0000000000E+00,    0.0000000000E+00,    1.1606744557E+02
    108400,      0.676939,CP3_after_update_bottom,   1,    0.0000000000E+00,    1.1606744557E+02,    1.1606744557E+02,    0.0000000000E+00,    0.0000000000E+00,    0.0000000000E+00,    1.1606744557E+02
    108400,      0.676939,CP4_after_advection,   1,    0.0000000000E+00,    1.1606892399E+02,    1.1606892399E+02,    0.0000000000E+00,    0.0000000000E+00,    0.0000000000E+00,    1.1606892399E+02
    108400,      0.676939,CP5_after_vdif,   1,    0.0000000000E+00,    1.1606892399E+02,    1.1606892399E+02,    0.0000000000E+00,    0.0000000000E+00,    0.0000000000E+00,    1.1606892399E+02
    108400,      0.676939,CP6_after_kinetics,   1,    0.0000000000E+00,    1.1606892399E+02,    1.1606892399E+02,    0.0000000000E+00,    0.0000000000E+00,    0.0000000000E+00,    1.1606892399E+02
    108400,      0.676939,CP7_after_upper_clamp,   1,    0.0000000000E+00,    1.1606892399E+02,    1.1606892399E+02,    0.0000000000E+00,    0.0000000000E+00,    0.0000000000E+00,    1.1606892399E+02
    108400,      0.676939,CP8_after_OBC,   1,    0.0000000000E+00,    1.1606892399E+02,    1.1606892399E+02,    0.0000000000E+00,    0.0000000000E+00,    0.0000000000E+00,    1.1606892399E+02
    108400,      0.676939,CP9_after_PTsource,   1,    0.0000000000E+00,    1.1606892399E+02,    1.1606892399E+02,    0.0000000000E+00,    0.0000000000E+00,    0.0000000000E+00,    1.1606892399E+02
    108400,      0.676939,CP10_after_neg_clamp,   1,    0.0000000000E+00,    1.1606892399E+02,    1.1606892399E+02,    0.0000000000E+00,    0.0000000000E+00,    0.0000000000E+00,    1.1606892399E+02
    108400,      0.676939,CP11_after_MPI,   1,    0.0000000000E+00,    1.1606892399E+02,    1.1606892399E+02,    0.0000000000E+00,    0.0000000000E+00,    0.0000000000E+00,    1.1606892399E+02
    108400,      0.676939,CP12_end,   1,    0.0000000000E+00,    1.1606892399E+02,    1.1606892399E+02,    0.0000000000E+00,    0.0000000000E+00,    0.0000000000E+00,    1.1606892399E+02
    108450,      0.676939,CP0_start,   1,    0.0000000000E+00,    1.1615015378E+02,    1.1615015378E+02,    0.0000000000E+00,    0.0000000000E+00,    0.0000000000E+00,    1.1615015378E+02
    108450,      0.676939,CP1_after_deposition,   1,    0.0000000000E+00,    1.1615015378E+02,    1.1615015378E+02,    0.0000000000E+00,    0.0000000000E+00,    0.0000000000E+00,    1.1615015378E+02
    108450,      0.676939,CP2_after_erosion,   1,    0.0000000000E+00,    1.1615015378E+02,    1.1615015378E+02,    0.0000000000E+00,    0.0000000000E+00,    0.0000000000E+00,    1.1615015378E+02
    108450,      0.676939,CP3_after_update_bottom,   1,    0.0000000000E+00,    1.1615015378E+02,    1.1615015378E+02,    0.0000000000E+00,    0.0000000000E+00,    0.0000000000E+00,    1.1615015378E+02
    108450,      0.676939,CP4_after_advection,   1,    0.0000000000E+00,    1.1615152594E+02,    1.1615152594E+02,    0.0000000000E+00,    0.0000000000E+00,    0.0000000000E+00,    1.1615152594E+02
    108450,      0.676939,CP5_after_vdif,   1,    0.0000000000E+00,    1.1615152594E+02,    1.1615152594E+02,    0.0000000000E+00,    0.0000000000E+00,    0.0000000000E+00,    1.1615152594E+02
    108450,      0.676939,CP6_after_kinetics,   1,    0.0000000000E+00,    1.1615152594E+02,    1.1615152594E+02,    0.0000000000E+00,    0.0000000000E+00,    0.0000000000E+00,    1.1615152594E+02
    108450,      0.676939,CP7_after_upper_clamp,   1,    0.0000000000E+00,    1.1615152594E+02,    1.1615152594E+02,    0.0000000000E+00,    0.0000000000E+00,    0.0000000000E+00,    1.1615152594E+02
    108450,      0.676939,CP8_after_OBC,   1,    0.0000000000E+00,    1.1615152594E+02,    1.1615152594E+02,    0.0000000000E+00,    0.0000000000E+00,    0.0000000000E+00,    1.1615152594E+02
    108450,      0.676939,CP9_after_PTsource,   1,    0.0000000000E+00,    1.1615152594E+02,    1.1615152594E+02,    0.0000000000E+00,    0.0000000000E+00,    0.0000000000E+00,    1.1615152594E+02
    108450,      0.676939,CP10_after_neg_clamp,   1,    0.0000000000E+00,    1.1615152594E+02,    1.1615152594E+02,    0.0000000000E+00,    0.0000000000E+00,    0.0000000000E+00,    1.1615152594E+02
    108450,      0.676939,CP11_after_MPI,   1,    0.0000000000E+00,    1.1615152594E+02,    1.1615152594E+02,    0.0000000000E+00,    0.0000000000E+00,    0.0000000000E+00,    1.1615152594E+02
    108450,      0.676939,CP12_end,   1,    0.0000000000E+00,    1.1615152594E+02,    1.1615152594E+02,    0.0000000000E+00,    0.0000000000E+00,    0.0000000000E+00,    1.1615152594E+02
    108500,      0.676939,CP0_start,   1,    0.0000000000E+00,    1.1622885355E+02,    1.1622885355E+02,    0.0000000000E+00,    0.0000000000E+00,    0.0000000000E+00,    1.1622885355E+02
    108500,      0.676939,CP1_after_deposition,   1,    0.0000000000E+00,    1.1622885355E+02,    1.1622885355E+02,    0.0000000000E+00,    0.0000000000E+00,    0.0000000000E+00,    1.1622885355E+02
    108500,      0.676939,CP2_after_erosion,   1,    0.0000000000E+00,    1.1622885355E+02,    1.1622885355E+02,    0.0000000000E+00,    0.0000000000E+00,    0.0000000000E+00,    1.1622885355E+02
    108500,      0.676939,CP3_after_update_bottom,   1,    0.0000000000E+00,    1.1622885355E+02,    1.1622885355E+02,    0.0000000000E+00,    0.0000000000E+00,    0.0000000000E+00,    1.1622885355E+02
    108500,      0.676939,CP4_after_advection,   1,    0.0000000000E+00,    1.1623012404E+02,    1.1623012404E+02,    0.0000000000E+00,    0.0000000000E+00,    0.0000000000E+00,    1.1623012404E+02
    108500,      0.676939,CP5_after_vdif,   1,    0.0000000000E+00,    1.1623012404E+02,    1.1623012404E+02,    0.0000000000E+00,    0.0000000000E+00,    0.0000000000E+00,    1.1623012404E+02
    108500,      0.676939,CP6_after_kinetics,   1,    0.0000000000E+00,    1.1623012404E+02,    1.1623012404E+02,    0.0000000000E+00,    0.0000000000E+00,    0.0000000000E+00,    1.1623012404E+02
    108500,      0.676939,CP7_after_upper_clamp,   1,    0.0000000000E+00,    1.1623012404E+02,    1.1623012404E+02,    0.0000000000E+00,    0.0000000000E+00,    0.0000000000E+00,    1.1623012404E+02
    108500,      0.676939,CP8_after_OBC,   1,    0.0000000000E+00,    1.1623012404E+02,    1.1623012404E+02,    0.0000000000E+00,    0.0000000000E+00,    0.0000000000E+00,    1.1623012404E+02
    108500,      0.676939,CP9_after_PTsource,   1,    0.0000000000E+00,    1.1623012404E+02,    1.1623012404E+02,    0.0000000000E+00,    0.0000000000E+00,    0.0000000000E+00,    1.1623012404E+02
    108500,      0.676939,CP10_after_neg_clamp,   1,    0.0000000000E+00,    1.1623012404E+02,    1.1623012404E+02,    0.0000000000E+00,    0.0000000000E+00,    0.0000000000E+00,    1.1623012404E+02
    108500,      0.676939,CP11_after_MPI,   1,    0.0000000000E+00,    1.1623012404E+02,    1.1623012404E+02,    0.0000000000E+00,    0.0000000000E+00,    0.0000000000E+00,    1.1623012404E+02
    108500,      0.676939,CP12_end,   1,    0.0000000000E+00,    1.1623012404E+02,    1.1623012404E+02,    0.0000000000E+00,    0.0000000000E+00,    0.0000000000E+00,    1.1623012404E+02
    108550,      0.676939,CP0_start,   1,    0.0000000000E+00,    1.1630374242E+02,    1.1630374242E+02,    0.0000000000E+00,    0.0000000000E+00,    0.0000000000E+00,    1.1630374242E+02
    108550,      0.676939,CP1_after_deposition,   1,    0.0000000000E+00,    1.1630374242E+02,    1.1630374242E+02,    0.0000000000E+00,    0.0000000000E+00,    0.0000000000E+00,    1.1630374242E+02
    108550,      0.676939,CP2_after_erosion,   1,    0.0000000000E+00,    1.1630374242E+02,    1.1630374242E+02,    0.0000000000E+00,    0.0000000000E+00,    0.0000000000E+00,    1.1630374242E+02
    108550,      0.676939,CP3_after_update_bottom,   1,    0.0000000000E+00,    1.1630374242E+02,    1.1630374242E+02,    0.0000000000E+00,    0.0000000000E+00,    0.0000000000E+00,    1.1630374242E+02
    108550,      0.676939,CP4_after_advection,   1,    0.0000000000E+00,    1.1630491345E+02,    1.1630491345E+02,    0.0000000000E+00,    0.0000000000E+00,    0.0000000000E+00,    1.1630491345E+02
    108550,      0.676939,CP5_after_vdif,   1,    0.0000000000E+00,    1.1630491345E+02,    1.1630491345E+02,    0.0000000000E+00,    0.0000000000E+00,    0.0000000000E+00,    1.1630491345E+02
    108550,      0.676939,CP6_after_kinetics,   1,    0.0000000000E+00,    1.1630491345E+02,    1.1630491345E+02,    0.0000000000E+00,    0.0000000000E+00,    0.0000000000E+00,    1.1630491345E+02
    108550,      0.676939,CP7_after_upper_clamp,   1,    0.0000000000E+00,    1.1630491345E+02,    1.1630491345E+02,    0.0000000000E+00,    0.0000000000E+00,    0.0000000000E+00,    1.1630491345E+02
    108550,      0.676939,CP8_after_OBC,   1,    0.0000000000E+00,    1.1630491345E+02,    1.1630491345E+02,    0.0000000000E+00,    0.0000000000E+00,    0.0000000000E+00,    1.1630491345E+02
    108550,      0.676939,CP9_after_PTsource,   1,    0.0000000000E+00,    1.1630491345E+02,    1.1630491345E+02,    0.0000000000E+00,    0.0000000000E+00,    0.0000000000E+00,    1.1630491345E+02
    108550,      0.676939,CP10_after_neg_clamp,   1,    0.0000000000E+00,    1.1630491345E+02,    1.1630491345E+02,    0.0000000000E+00,    0.0000000000E+00,    0.0000000000E+00,    1.1630491345E+02
    108550,      0.676939,CP11_after_MPI,   1,    0.0000000000E+00,    1.1630491345E+02,    1.1630491345E+02,    0.0000000000E+00,    0.0000000000E+00,    0.0000000000E+00,    1.1630491345E+02
    108550,      0.676939,CP12_end,   1,    0.0000000000E+00,    1.1630491345E+02,    1.1630491345E+02,    0.0000000000E+00,    0.0000000000E+00,    0.0000000000E+00,    1.1630491345E+02
    108600,      0.676939,CP0_start,   1,    0.0000000000E+00,    1.1637508487E+02,    1.1637508487E+02,    0.0000000000E+00,    0.0000000000E+00,    0.0000000000E+00,    1.1637508487E+02
    108600,      0.676939,CP1_after_deposition,   1,    0.0000000000E+00,    1.1637508487E+02,    1.1637508487E+02,    0.0000000000E+00,    0.0000000000E+00,    0.0000000000E+00,    1.1637508487E+02
    108600,      0.676939,CP2_after_erosion,   1,    0.0000000000E+00,    1.1637508487E+02,    1.1637508487E+02,    0.0000000000E+00,    0.0000000000E+00,    0.0000000000E+00,    1.1637508487E+02
    108600,      0.676939,CP3_after_update_bottom,   1,    0.0000000000E+00,    1.1637508487E+02,    1.1637508487E+02,    0.0000000000E+00,    0.0000000000E+00,    0.0000000000E+00,    1.1637508487E+02
    108600,      0.676939,CP4_after_advection,   1,    0.0000000000E+00,    1.1637616576E+02,    1.1637616576E+02,    0.0000000000E+00,    0.0000000000E+00,    0.0000000000E+00,    1.1637616576E+02
    108600,      0.676939,CP5_after_vdif,   1,    0.0000000000E+00,    1.1637616576E+02,    1.1637616576E+02,    0.0000000000E+00,    0.0000000000E+00,    0.0000000000E+00,    1.1637616576E+02
    108600,      0.676939,CP6_after_kinetics,   1,    0.0000000000E+00,    1.1637616576E+02,    1.1637616576E+02,    0.0000000000E+00,    0.0000000000E+00,    0.0000000000E+00,    1.1637616576E+02
    108600,      0.676939,CP7_after_upper_clamp,   1,    0.0000000000E+00,    1.1637616576E+02,    1.1637616576E+02,    0.0000000000E+00,    0.0000000000E+00,    0.0000000000E+00,    1.1637616576E+02
    108600,      0.676939,CP8_after_OBC,   1,    0.0000000000E+00,    1.1637616576E+02,    1.1637616576E+02,    0.0000000000E+00,    0.0000000000E+00,    0.0000000000E+00,    1.1637616576E+02
    108600,      0.676939,CP9_after_PTsource,   1,    0.0000000000E+00,    1.1637616576E+02,    1.1637616576E+02,    0.0000000000E+00,    0.0000000000E+00,    0.0000000000E+00,    1.1637616576E+02
    108600,      0.676939,CP10_after_neg_clamp,   1,    0.0000000000E+00,    1.1637616576E+02,    1.1637616576E+02,    0.0000000000E+00,    0.0000000000E+00,    0.0000000000E+00,    1.1637616576E+02
    108600,      0.676939,CP11_after_MPI,   1,    0.0000000000E+00,    1.1637616576E+02,    1.1637616576E+02,    0.0000000000E+00,    0.0000000000E+00,    0.0000000000E+00,    1.1637616576E+02
    108600,      0.676939,CP12_end,   1,    0.0000000000E+00,    1.1637616576E+02,    1.1637616576E+02,    0.0000000000E+00,    0.0000000000E+00,    0.0000000000E+00,    1.1637616576E+02
    108650,      0.676939,CP0_start,   1,    0.0000000000E+00,    1.1644325997E+02,    1.1644325997E+02,    0.0000000000E+00,    0.0000000000E+00,    0.0000000000E+00,    1.1644325997E+02
    108650,      0.676939,CP1_after_deposition,   1,    0.0000000000E+00,    1.1644325997E+02,    1.1644325997E+02,    0.0000000000E+00,    0.0000000000E+00,    0.0000000000E+00,    1.1644325997E+02
    108650,      0.676939,CP2_after_erosion,   1,    0.0000000000E+00,    1.1644325997E+02,    1.1644325997E+02,    0.0000000000E+00,    0.0000000000E+00,    0.0000000000E+00,    1.1644325997E+02
    108650,      0.676939,CP3_after_update_bottom,   1,    0.0000000000E+00,    1.1644325997E+02,    1.1644325997E+02,    0.0000000000E+00,    0.0000000000E+00,    0.0000000000E+00,    1.1644325997E+02
    108650,      0.676939,CP4_after_advection,   1,    0.0000000000E+00,    1.1644425894E+02,    1.1644425894E+02,    0.0000000000E+00,    0.0000000000E+00,    0.0000000000E+00,    1.1644425894E+02
    108650,      0.676939,CP5_after_vdif,   1,    0.0000000000E+00,    1.1644425894E+02,    1.1644425894E+02,    0.0000000000E+00,    0.0000000000E+00,    0.0000000000E+00,    1.1644425894E+02
    108650,      0.676939,CP6_after_kinetics,   1,    0.0000000000E+00,    1.1644425894E+02,    1.1644425894E+02,    0.0000000000E+00,    0.0000000000E+00,    0.0000000000E+00,    1.1644425894E+02
    108650,      0.676939,CP7_after_upper_clamp,   1,    0.0000000000E+00,    1.1644425894E+02,    1.1644425894E+02,    0.0000000000E+00,    0.0000000000E+00,    0.0000000000E+00,    1.1644425894E+02
    108650,      0.676939,CP8_after_OBC,   1,    0.0000000000E+00,    1.1644425894E+02,    1.1644425894E+02,    0.0000000000E+00,    0.0000000000E+00,    0.0000000000E+00,    1.1644425894E+02
    108650,      0.676939,CP9_after_PTsource,   1,    0.0000000000E+00,    1.1644425894E+02,    1.1644425894E+02,    0.0000000000E+00,    0.0000000000E+00,    0.0000000000E+00,    1.1644425894E+02
    108650,      0.676939,CP10_after_neg_clamp,   1,    0.0000000000E+00,    1.1644425894E+02,    1.1644425894E+02,    0.0000000000E+00,    0.0000000000E+00,    0.0000000000E+00,    1.1644425894E+02
    108650,      0.676939,CP11_after_MPI,   1,    0.0000000000E+00,    1.1644425894E+02,    1.1644425894E+02,    0.0000000000E+00,    0.0000000000E+00,    0.0000000000E+00,    1.1644425894E+02
    108650,      0.676939,CP12_end,   1,    0.0000000000E+00,    1.1644425894E+02,    1.1644425894E+02,    0.0000000000E+00,    0.0000000000E+00,    0.0000000000E+00,    1.1644425894E+02
    108700,      0.676939,CP0_start,   1,    0.0000000000E+00,    1.1650874105E+02,    1.1650874105E+02,    0.0000000000E+00,    0.0000000000E+00,    0.0000000000E+00,    1.1650874105E+02
    108700,      0.676939,CP1_after_deposition,   1,    0.0000000000E+00,    1.1650874105E+02,    1.1650874105E+02,    0.0000000000E+00,    0.0000000000E+00,    0.0000000000E+00,    1.1650874105E+02
    108700,      0.676939,CP2_after_erosion,   1,    0.0000000000E+00,    1.1650874105E+02,    1.1650874105E+02,    0.0000000000E+00,    0.0000000000E+00,    0.0000000000E+00,    1.1650874105E+02
    108700,      0.676939,CP3_after_update_bottom,   1,    0.0000000000E+00,    1.1650874105E+02,    1.1650874105E+02,    0.0000000000E+00,    0.0000000000E+00,    0.0000000000E+00,    1.1650874105E+02
    108700,      0.676939,CP4_after_advection,   1,    0.0000000000E+00,    1.1650966831E+02,    1.1650966831E+02,    0.0000000000E+00,    0.0000000000E+00,    0.0000000000E+00,    1.1650966831E+02
    108700,      0.676939,CP5_after_vdif,   1,    0.0000000000E+00,    1.1650966831E+02,    1.1650966831E+02,    0.0000000000E+00,    0.0000000000E+00,    0.0000000000E+00,    1.1650966831E+02
    108700,      0.676939,CP6_after_kinetics,   1,    0.0000000000E+00,    1.1650966831E+02,    1.1650966831E+02,    0.0000000000E+00,    0.0000000000E+00,    0.0000000000E+00,    1.1650966831E+02
    108700,      0.676939,CP7_after_upper_clamp,   1,    0.0000000000E+00,    1.1650966831E+02,    1.1650966831E+02,    0.0000000000E+00,    0.0000000000E+00,    0.0000000000E+00,    1.1650966831E+02
    108700,      0.676939,CP8_after_OBC,   1,    0.0000000000E+00,    1.1650966831E+02,    1.1650966831E+02,    0.0000000000E+00,    0.0000000000E+00,    0.0000000000E+00,    1.1650966831E+02
    108700,      0.676939,CP9_after_PTsource,   1,    0.0000000000E+00,    1.1650966831E+02,    1.1650966831E+02,    0.0000000000E+00,    0.0000000000E+00,    0.0000000000E+00,    1.1650966831E+02
    108700,      0.676939,CP10_after_neg_clamp,   1,    0.0000000000E+00,    1.1650966831E+02,    1.1650966831E+02,    0.0000000000E+00,    0.0000000000E+00,    0.0000000000E+00,    1.1650966831E+02
    108700,      0.676939,CP11_after_MPI,   1,    0.0000000000E+00,    1.1650966831E+02,    1.1650966831E+02,    0.0000000000E+00,    0.0000000000E+00,    0.0000000000E+00,    1.1650966831E+02
    108700,      0.676939,CP12_end,   1,    0.0000000000E+00,    1.1650966831E+02,    1.1650966831E+02,    0.0000000000E+00,    0.0000000000E+00,    0.0000000000E+00,    1.1650966831E+02
    108750,      0.676939,CP0_start,   1,    0.0000000000E+00,    1.1657202915E+02,    1.1657202915E+02,    0.0000000000E+00,    0.0000000000E+00,    0.0000000000E+00,    1.1657202915E+02
    108750,      0.676939,CP1_after_deposition,   1,    0.0000000000E+00,    1.1657202915E+02,    1.1657202915E+02,    0.0000000000E+00,    0.0000000000E+00,    0.0000000000E+00,    1.1657202915E+02
    108750,      0.676939,CP2_after_erosion,   1,    0.0000000000E+00,    1.1657202915E+02,    1.1657202915E+02,    0.0000000000E+00,    0.0000000000E+00,    0.0000000000E+00,    1.1657202915E+02
    108750,      0.676939,CP3_after_update_bottom,   1,    0.0000000000E+00,    1.1657202915E+02,    1.1657202915E+02,    0.0000000000E+00,    0.0000000000E+00,    0.0000000000E+00,    1.1657202915E+02
    108750,      0.676939,CP4_after_advection,   1,    0.0000000000E+00,    1.1657289264E+02,    1.1657289264E+02,    0.0000000000E+00,    0.0000000000E+00,    0.0000000000E+00,    1.1657289264E+02
    108750,      0.676939,CP5_after_vdif,   1,    0.0000000000E+00,    1.1657289264E+02,    1.1657289264E+02,    0.0000000000E+00,    0.0000000000E+00,    0.0000000000E+00,    1.1657289264E+02
    108750,      0.676939,CP6_after_kinetics,   1,    0.0000000000E+00,    1.1657289264E+02,    1.1657289264E+02,    0.0000000000E+00,    0.0000000000E+00,    0.0000000000E+00,    1.1657289264E+02
    108750,      0.676939,CP7_after_upper_clamp,   1,    0.0000000000E+00,    1.1657289264E+02,    1.1657289264E+02,    0.0000000000E+00,    0.0000000000E+00,    0.0000000000E+00,    1.1657289264E+02
    108750,      0.676939,CP8_after_OBC,   1,    0.0000000000E+00,    1.1657289264E+02,    1.1657289264E+02,    0.0000000000E+00,    0.0000000000E+00,    0.0000000000E+00,    1.1657289264E+02
    108750,      0.676939,CP9_after_PTsource,   1,    0.0000000000E+00,    1.1657289264E+02,    1.1657289264E+02,    0.0000000000E+00,    0.0000000000E+00,    0.0000000000E+00,    1.1657289264E+02
    108750,      0.676939,CP10_after_neg_clamp,   1,    0.0000000000E+00,    1.1657289264E+02,    1.1657289264E+02,    0.0000000000E+00,    0.0000000000E+00,    0.0000000000E+00,    1.1657289264E+02
    108750,      0.676939,CP11_after_MPI,   1,    0.0000000000E+00,    1.1657289264E+02,    1.1657289264E+02,    0.0000000000E+00,    0.0000000000E+00,    0.0000000000E+00,    1.1657289264E+02
    108750,      0.676939,CP12_end,   1,    0.0000000000E+00,    1.1657289264E+02,    1.1657289264E+02,    0.0000000000E+00,    0.0000000000E+00,    0.0000000000E+00,    1.1657289264E+02
    108800,      0.676939,CP0_start,   1,    0.0000000000E+00,    1.1663365513E+02,    1.1663365513E+02,    0.0000000000E+00,    0.0000000000E+00,    0.0000000000E+00,    1.1663365513E+02
    108800,      0.676939,CP1_after_deposition,   1,    0.0000000000E+00,    1.1663365513E+02,    1.1663365513E+02,    0.0000000000E+00,    0.0000000000E+00,    0.0000000000E+00,    1.1663365513E+02
    108800,      0.676939,CP2_after_erosion,   1,    0.0000000000E+00,    1.1663365513E+02,    1.1663365513E+02,    0.0000000000E+00,    0.0000000000E+00,    0.0000000000E+00,    1.1663365513E+02
    108800,      0.676939,CP3_after_update_bottom,   1,    0.0000000000E+00,    1.1663365513E+02,    1.1663365513E+02,    0.0000000000E+00,    0.0000000000E+00,    0.0000000000E+00,    1.1663365513E+02
    108800,      0.676939,CP4_after_advection,   1,    0.0000000000E+00,    1.1663446486E+02,    1.1663446486E+02,    0.0000000000E+00,    0.0000000000E+00,    0.0000000000E+00,    1.1663446486E+02
    108800,      0.676939,CP5_after_vdif,   1,    0.0000000000E+00,    1.1663446486E+02,    1.1663446486E+02,    0.0000000000E+00,    0.0000000000E+00,    0.0000000000E+00,    1.1663446486E+02
    108800,      0.676939,CP6_after_kinetics,   1,    0.0000000000E+00,    1.1663446486E+02,    1.1663446486E+02,    0.0000000000E+00,    0.0000000000E+00,    0.0000000000E+00,    1.1663446486E+02
    108800,      0.676939,CP7_after_upper_clamp,   1,    0.0000000000E+00,    1.1663446486E+02,    1.1663446486E+02,    0.0000000000E+00,    0.0000000000E+00,    0.0000000000E+00,    1.1663446486E+02
    108800,      0.676939,CP8_after_OBC,   1,    0.0000000000E+00,    1.1663446486E+02,    1.1663446486E+02,    0.0000000000E+00,    0.0000000000E+00,    0.0000000000E+00,    1.1663446486E+02
    108800,      0.676939,CP9_after_PTsource,   1,    0.0000000000E+00,    1.1663446486E+02,    1.1663446486E+02,    0.0000000000E+00,    0.0000000000E+00,    0.0000000000E+00,    1.1663446486E+02
    108800,      0.676939,CP10_after_neg_clamp,   1,    0.0000000000E+00,    1.1663446486E+02,    1.1663446486E+02,    0.0000000000E+00,    0.0000000000E+00,    0.0000000000E+00,    1.1663446486E+02
    108800,      0.676939,CP11_after_MPI,   1,    0.0000000000E+00,    1.1663446486E+02,    1.1663446486E+02,    0.0000000000E+00,    0.0000000000E+00,    0.0000000000E+00,    1.1663446486E+02
    108800,      0.676939,CP12_end,   1,    0.0000000000E+00,    1.1663446486E+02,    1.1663446486E+02,    0.0000000000E+00,    0.0000000000E+00,    0.0000000000E+00,    1.1663446486E+02
    108850,      0.676939,CP0_start,   1,    0.0000000000E+00,    1.1669420176E+02,    1.1669420176E+02,    0.0000000000E+00,    0.0000000000E+00,    0.0000000000E+00,    1.1669420176E+02
    108850,      0.676939,CP1_after_deposition,   1,    0.0000000000E+00,    1.1669420176E+02,    1.1669420176E+02,    0.0000000000E+00,    0.0000000000E+00,    0.0000000000E+00,    1.1669420176E+02
    108850,      0.676939,CP2_after_erosion,   1,    0.0000000000E+00,    1.1669420176E+02,    1.1669420176E+02,    0.0000000000E+00,    0.0000000000E+00,    0.0000000000E+00,    1.1669420176E+02
    108850,      0.676939,CP3_after_update_bottom,   1,    0.0000000000E+00,    1.1669420176E+02,    1.1669420176E+02,    0.0000000000E+00,    0.0000000000E+00,    0.0000000000E+00,    1.1669420176E+02
    108850,      0.676939,CP4_after_advection,   1,    0.0000000000E+00,    1.1669497027E+02,    1.1669497027E+02,    0.0000000000E+00,    0.0000000000E+00,    0.0000000000E+00,    1.1669497027E+02
    108850,      0.676939,CP5_after_vdif,   1,    0.0000000000E+00,    1.1669497027E+02,    1.1669497027E+02,    0.0000000000E+00,    0.0000000000E+00,    0.0000000000E+00,    1.1669497027E+02
    108850,      0.676939,CP6_after_kinetics,   1,    0.0000000000E+00,    1.1669497027E+02,    1.1669497027E+02,    0.0000000000E+00,    0.0000000000E+00,    0.0000000000E+00,    1.1669497027E+02
    108850,      0.676939,CP7_after_upper_clamp,   1,    0.0000000000E+00,    1.1669497027E+02,    1.1669497027E+02,    0.0000000000E+00,    0.0000000000E+00,    0.0000000000E+00,    1.1669497027E+02
    108850,      0.676939,CP8_after_OBC,   1,    0.0000000000E+00,    1.1669497027E+02,    1.1669497027E+02,    0.0000000000E+00,    0.0000000000E+00,    0.0000000000E+00,    1.1669497027E+02
    108850,      0.676939,CP9_after_PTsource,   1,    0.0000000000E+00,    1.1669497027E+02,    1.1669497027E+02,    0.0000000000E+00,    0.0000000000E+00,    0.0000000000E+00,    1.1669497027E+02
    108850,      0.676939,CP10_after_neg_clamp,   1,    0.0000000000E+00,    1.1669497027E+02,    1.1669497027E+02,    0.0000000000E+00,    0.0000000000E+00,    0.0000000000E+00,    1.1669497027E+02
    108850,      0.676939,CP11_after_MPI,   1,    0.0000000000E+00,    1.1669497027E+02,    1.1669497027E+02,    0.0000000000E+00,    0.0000000000E+00,    0.0000000000E+00,    1.1669497027E+02
    108850,      0.676939,CP12_end,   1,    0.0000000000E+00,    1.1669497027E+02,    1.1669497027E+02,    0.0000000000E+00,    0.0000000000E+00,    0.0000000000E+00,    1.1669497027E+02
    108900,      0.676939,CP0_start,   1,    0.0000000000E+00,    1.1675442875E+02,    1.1675442875E+02,    0.0000000000E+00,    0.0000000000E+00,    0.0000000000E+00,    1.1675442875E+02
    108900,      0.676939,CP1_after_deposition,   1,    0.0000000000E+00,    1.1675442875E+02,    1.1675442875E+02,    0.0000000000E+00,    0.0000000000E+00,    0.0000000000E+00,    1.1675442875E+02
    108900,      0.676939,CP2_after_erosion,   1,    0.0000000000E+00,    1.1675442875E+02,    1.1675442875E+02,    0.0000000000E+00,    0.0000000000E+00,    0.0000000000E+00,    1.1675442875E+02
    108900,      0.676939,CP3_after_update_bottom,   1,    0.0000000000E+00,    1.1675442875E+02,    1.1675442875E+02,    0.0000000000E+00,    0.0000000000E+00,    0.0000000000E+00,    1.1675442875E+02
    108900,      0.676939,CP4_after_advection,   1,    0.0000000000E+00,    1.1675517298E+02,    1.1675517298E+02,    0.0000000000E+00,    0.0000000000E+00,    0.0000000000E+00,    1.1675517298E+02
    108900,      0.676939,CP5_after_vdif,   1,    0.0000000000E+00,    1.1675517298E+02,    1.1675517298E+02,    0.0000000000E+00,    0.0000000000E+00,    0.0000000000E+00,    1.1675517298E+02
    108900,      0.676939,CP6_after_kinetics,   1,    0.0000000000E+00,    1.1675517298E+02,    1.1675517298E+02,    0.0000000000E+00,    0.0000000000E+00,    0.0000000000E+00,    1.1675517298E+02
    108900,      0.676939,CP7_after_upper_clamp,   1,    0.0000000000E+00,    1.1675517298E+02,    1.1675517298E+02,    0.0000000000E+00,    0.0000000000E+00,    0.0000000000E+00,    1.1675517298E+02
    108900,      0.676939,CP8_after_OBC,   1,    0.0000000000E+00,    1.1675517298E+02,    1.1675517298E+02,    0.0000000000E+00,    0.0000000000E+00,    0.0000000000E+00,    1.1675517298E+02
    108900,      0.676939,CP9_after_PTsource,   1,    0.0000000000E+00,    1.1675517298E+02,    1.1675517298E+02,    0.0000000000E+00,    0.0000000000E+00,    0.0000000000E+00,    1.1675517298E+02
    108900,      0.676939,CP10_after_neg_clamp,   1,    0.0000000000E+00,    1.1675517298E+02,    1.1675517298E+02,    0.0000000000E+00,    0.0000000000E+00,    0.0000000000E+00,    1.1675517298E+02
    108900,      0.676939,CP11_after_MPI,   1,    0.0000000000E+00,    1.1675517298E+02,    1.1675517298E+02,    0.0000000000E+00,    0.0000000000E+00,    0.0000000000E+00,    1.1675517298E+02
    108900,      0.676939,CP12_end,   1,    0.0000000000E+00,    1.1675517298E+02,    1.1675517298E+02,    0.0000000000E+00,    0.0000000000E+00,    0.0000000000E+00,    1.1675517298E+02
    108950,      0.676939,CP0_start,   1,    0.0000000000E+00,    1.1681497565E+02,    1.1681497565E+02,    0.0000000000E+00,    0.0000000000E+00,    0.0000000000E+00,    1.1681497565E+02
    108950,      0.676939,CP1_after_deposition,   1,    0.0000000000E+00,    1.1681497565E+02,    1.1681497565E+02,    0.0000000000E+00,    0.0000000000E+00,    0.0000000000E+00,    1.1681497565E+02
    108950,      0.676939,CP2_after_erosion,   1,    0.0000000000E+00,    1.1681497565E+02,    1.1681497565E+02,    0.0000000000E+00,    0.0000000000E+00,    0.0000000000E+00,    1.1681497565E+02
    108950,      0.676939,CP3_after_update_bottom,   1,    0.0000000000E+00,    1.1681497565E+02,    1.1681497565E+02,    0.0000000000E+00,    0.0000000000E+00,    0.0000000000E+00,    1.1681497565E+02
    108950,      0.676939,CP4_after_advection,   1,    0.0000000000E+00,    1.1681571634E+02,    1.1681571634E+02,    0.0000000000E+00,    0.0000000000E+00,    0.0000000000E+00,    1.1681571634E+02
    108950,      0.676939,CP5_after_vdif,   1,    0.0000000000E+00,    1.1681571634E+02,    1.1681571634E+02,    0.0000000000E+00,    0.0000000000E+00,    0.0000000000E+00,    1.1681571634E+02
    108950,      0.676939,CP6_after_kinetics,   1,    0.0000000000E+00,    1.1681571634E+02,    1.1681571634E+02,    0.0000000000E+00,    0.0000000000E+00,    0.0000000000E+00,    1.1681571634E+02
    108950,      0.676939,CP7_after_upper_clamp,   1,    0.0000000000E+00,    1.1681571634E+02,    1.1681571634E+02,    0.0000000000E+00,    0.0000000000E+00,    0.0000000000E+00,    1.1681571634E+02
    108950,      0.676939,CP8_after_OBC,   1,    0.0000000000E+00,    1.1681571634E+02,    1.1681571634E+02,    0.0000000000E+00,    0.0000000000E+00,    0.0000000000E+00,    1.1681571634E+02
    108950,      0.676939,CP9_after_PTsource,   1,    0.0000000000E+00,    1.1681571634E+02,    1.1681571634E+02,    0.0000000000E+00,    0.0000000000E+00,    0.0000000000E+00,    1.1681571634E+02
    108950,      0.676939,CP10_after_neg_clamp,   1,    0.0000000000E+00,    1.1681571634E+02,    1.1681571634E+02,    0.0000000000E+00,    0.0000000000E+00,    0.0000000000E+00,    1.1681571634E+02
    108950,      0.676939,CP11_after_MPI,   1,    0.0000000000E+00,    1.1681571634E+02,    1.1681571634E+02,    0.0000000000E+00,    0.0000000000E+00,    0.0000000000E+00,    1.1681571634E+02
    108950,      0.676939,CP12_end,   1,    0.0000000000E+00,    1.1681571634E+02,    1.1681571634E+02,    0.0000000000E+00,    0.0000000000E+00,    0.0000000000E+00,    1.1681571634E+02
    109000,      0.676939,CP0_start,   1,    0.0000000000E+00,    1.1687751087E+02,    1.1687751087E+02,    0.0000000000E+00,    0.0000000000E+00,    0.0000000000E+00,    1.1687751087E+02
    109000,      0.676939,CP1_after_deposition,   1,    0.0000000000E+00,    1.1687751087E+02,    1.1687751087E+02,    0.0000000000E+00,    0.0000000000E+00,    0.0000000000E+00,    1.1687751087E+02
    109000,      0.676939,CP2_after_erosion,   1,    0.0000000000E+00,    1.1687751087E+02,    1.1687751087E+02,    0.0000000000E+00,    0.0000000000E+00,    0.0000000000E+00,    1.1687751087E+02
    109000,      0.676939,CP3_after_update_bottom,   1,    0.0000000000E+00,    1.1687751087E+02,    1.1687751087E+02,    0.0000000000E+00,    0.0000000000E+00,    0.0000000000E+00,    1.1687751087E+02
    109000,      0.676939,CP4_after_advection,   1,    0.0000000000E+00,    1.1687827026E+02,    1.1687827026E+02,    0.0000000000E+00,    0.0000000000E+00,    0.0000000000E+00,    1.1687827026E+02
    109000,      0.676939,CP5_after_vdif,   1,    0.0000000000E+00,    1.1687827026E+02,    1.1687827026E+02,    0.0000000000E+00,    0.0000000000E+00,    0.0000000000E+00,    1.1687827026E+02
    109000,      0.676939,CP6_after_kinetics,   1,    0.0000000000E+00,    1.1687827026E+02,    1.1687827026E+02,    0.0000000000E+00,    0.0000000000E+00,    0.0000000000E+00,    1.1687827026E+02
    109000,      0.676939,CP7_after_upper_clamp,   1,    0.0000000000E+00,    1.1687827026E+02,    1.1687827026E+02,    0.0000000000E+00,    0.0000000000E+00,    0.0000000000E+00,    1.1687827026E+02
    109000,      0.676939,CP8_after_OBC,   1,    0.0000000000E+00,    1.1687827026E+02,    1.1687827026E+02,    0.0000000000E+00,    0.0000000000E+00,    0.0000000000E+00,    1.1687827026E+02
    109000,      0.676939,CP9_after_PTsource,   1,    0.0000000000E+00,    1.1687827026E+02,    1.1687827026E+02,    0.0000000000E+00,    0.0000000000E+00,    0.0000000000E+00,    1.1687827026E+02
    109000,      0.676939,CP10_after_neg_clamp,   1,    0.0000000000E+00,    1.1687827026E+02,    1.1687827026E+02,    0.0000000000E+00,    0.0000000000E+00,    0.0000000000E+00,    1.1687827026E+02
    109000,      0.676939,CP11_after_MPI,   1,    0.0000000000E+00,    1.1687827026E+02,    1.1687827026E+02,    0.0000000000E+00,    0.0000000000E+00,    0.0000000000E+00,    1.1687827026E+02
    109000,      0.676939,CP12_end,   1,    0.0000000000E+00,    1.1687827026E+02,    1.1687827026E+02,    0.0000000000E+00,    0.0000000000E+00,    0.0000000000E+00,    1.1687827026E+02
    109050,      0.676939,CP0_start,   1,    0.0000000000E+00,    1.1694317344E+02,    1.1694317344E+02,    0.0000000000E+00,    0.0000000000E+00,    0.0000000000E+00,    1.1694317344E+02
    109050,      0.676939,CP1_after_deposition,   1,    0.0000000000E+00,    1.1694317344E+02,    1.1694317344E+02,    0.0000000000E+00,    0.0000000000E+00,    0.0000000000E+00,    1.1694317344E+02
    109050,      0.676939,CP2_after_erosion,   1,    0.0000000000E+00,    1.1694317344E+02,    1.1694317344E+02,    0.0000000000E+00,    0.0000000000E+00,    0.0000000000E+00,    1.1694317344E+02
    109050,      0.676939,CP3_after_update_bottom,   1,    0.0000000000E+00,    1.1694317344E+02,    1.1694317344E+02,    0.0000000000E+00,    0.0000000000E+00,    0.0000000000E+00,    1.1694317344E+02
    109050,      0.676939,CP4_after_advection,   1,    0.0000000000E+00,    1.1694397054E+02,    1.1694397054E+02,    0.0000000000E+00,    0.0000000000E+00,    0.0000000000E+00,    1.1694397054E+02
    109050,      0.676939,CP5_after_vdif,   1,    0.0000000000E+00,    1.1694397054E+02,    1.1694397054E+02,    0.0000000000E+00,    0.0000000000E+00,    0.0000000000E+00,    1.1694397054E+02
    109050,      0.676939,CP6_after_kinetics,   1,    0.0000000000E+00,    1.1694397054E+02,    1.1694397054E+02,    0.0000000000E+00,    0.0000000000E+00,    0.0000000000E+00,    1.1694397054E+02
    109050,      0.676939,CP7_after_upper_clamp,   1,    0.0000000000E+00,    1.1694397054E+02,    1.1694397054E+02,    0.0000000000E+00,    0.0000000000E+00,    0.0000000000E+00,    1.1694397054E+02
    109050,      0.676939,CP8_after_OBC,   1,    0.0000000000E+00,    1.1694397054E+02,    1.1694397054E+02,    0.0000000000E+00,    0.0000000000E+00,    0.0000000000E+00,    1.1694397054E+02
    109050,      0.676939,CP9_after_PTsource,   1,    0.0000000000E+00,    1.1694397054E+02,    1.1694397054E+02,    0.0000000000E+00,    0.0000000000E+00,    0.0000000000E+00,    1.1694397054E+02
    109050,      0.676939,CP10_after_neg_clamp,   1,    0.0000000000E+00,    1.1694397054E+02,    1.1694397054E+02,    0.0000000000E+00,    0.0000000000E+00,    0.0000000000E+00,    1.1694397054E+02
    109050,      0.676939,CP11_after_MPI,   1,    0.0000000000E+00,    1.1694397054E+02,    1.1694397054E+02,    0.0000000000E+00,    0.0000000000E+00,    0.0000000000E+00,    1.1694397054E+02
    109050,      0.676939,CP12_end,   1,    0.0000000000E+00,    1.1694397054E+02,    1.1694397054E+02,    0.0000000000E+00,    0.0000000000E+00,    0.0000000000E+00,    1.1694397054E+02
    109100,      0.676939,CP0_start,   1,    0.0000000000E+00,    1.1701296187E+02,    1.1701296187E+02,    0.0000000000E+00,    0.0000000000E+00,    0.0000000000E+00,    1.1701296187E+02
    109100,      0.676939,CP1_after_deposition,   1,    0.0000000000E+00,    1.1701296187E+02,    1.1701296187E+02,    0.0000000000E+00,    0.0000000000E+00,    0.0000000000E+00,    1.1701296187E+02
    109100,      0.676939,CP2_after_erosion,   1,    0.0000000000E+00,    1.1701296187E+02,    1.1701296187E+02,    0.0000000000E+00,    0.0000000000E+00,    0.0000000000E+00,    1.1701296187E+02
    109100,      0.676939,CP3_after_update_bottom,   1,    0.0000000000E+00,    1.1701296187E+02,    1.1701296187E+02,    0.0000000000E+00,    0.0000000000E+00,    0.0000000000E+00,    1.1701296187E+02
    109100,      0.676939,CP4_after_advection,   1,    0.0000000000E+00,    1.1701381031E+02,    1.1701381031E+02,    0.0000000000E+00,    0.0000000000E+00,    0.0000000000E+00,    1.1701381031E+02
    109100,      0.676939,CP5_after_vdif,   1,    0.0000000000E+00,    1.1701381031E+02,    1.1701381031E+02,    0.0000000000E+00,    0.0000000000E+00,    0.0000000000E+00,    1.1701381031E+02
    109100,      0.676939,CP6_after_kinetics,   1,    0.0000000000E+00,    1.1701381031E+02,    1.1701381031E+02,    0.0000000000E+00,    0.0000000000E+00,    0.0000000000E+00,    1.1701381031E+02
    109100,      0.676939,CP7_after_upper_clamp,   1,    0.0000000000E+00,    1.1701381031E+02,    1.1701381031E+02,    0.0000000000E+00,    0.0000000000E+00,    0.0000000000E+00,    1.1701381031E+02
    109100,      0.676939,CP8_after_OBC,   1,    0.0000000000E+00,    1.1701381031E+02,    1.1701381031E+02,    0.0000000000E+00,    0.0000000000E+00,    0.0000000000E+00,    1.1701381031E+02
    109100,      0.676939,CP9_after_PTsource,   1,    0.0000000000E+00,    1.1701381031E+02,    1.1701381031E+02,    0.0000000000E+00,    0.0000000000E+00,    0.0000000000E+00,    1.1701381031E+02
    109100,      0.676939,CP10_after_neg_clamp,   1,    0.0000000000E+00,    1.1701381031E+02,    1.1701381031E+02,    0.0000000000E+00,    0.0000000000E+00,    0.0000000000E+00,    1.1701381031E+02
    109100,      0.676939,CP11_after_MPI,   1,    0.0000000000E+00,    1.1701381031E+02,    1.1701381031E+02,    0.0000000000E+00,    0.0000000000E+00,    0.0000000000E+00,    1.1701381031E+02
    109100,      0.676939,CP12_end,   1,    0.0000000000E+00,    1.1701381031E+02,    1.1701381031E+02,    0.0000000000E+00,    0.0000000000E+00,    0.0000000000E+00,    1.1701381031E+02
    109150,      0.676939,CP0_start,   1,    0.0000000000E+00,    1.1708764269E+02,    1.1708764269E+02,    0.0000000000E+00,    0.0000000000E+00,    0.0000000000E+00,    1.1708764269E+02
    109150,      0.676939,CP1_after_deposition,   1,    0.0000000000E+00,    1.1708764269E+02,    1.1708764269E+02,    0.0000000000E+00,    0.0000000000E+00,    0.0000000000E+00,    1.1708764269E+02
    109150,      0.676939,CP2_after_erosion,   1,    0.0000000000E+00,    1.1708764269E+02,    1.1708764269E+02,    0.0000000000E+00,    0.0000000000E+00,    0.0000000000E+00,    1.1708764269E+02
    109150,      0.676939,CP3_after_update_bottom,   1,    0.0000000000E+00,    1.1708764269E+02,    1.1708764269E+02,    0.0000000000E+00,    0.0000000000E+00,    0.0000000000E+00,    1.1708764269E+02
    109150,      0.676939,CP4_after_advection,   1,    0.0000000000E+00,    1.1708854732E+02,    1.1708854732E+02,    0.0000000000E+00,    0.0000000000E+00,    0.0000000000E+00,    1.1708854732E+02
    109150,      0.676939,CP5_after_vdif,   1,    0.0000000000E+00,    1.1708854732E+02,    1.1708854732E+02,    0.0000000000E+00,    0.0000000000E+00,    0.0000000000E+00,    1.1708854732E+02
    109150,      0.676939,CP6_after_kinetics,   1,    0.0000000000E+00,    1.1708854732E+02,    1.1708854732E+02,    0.0000000000E+00,    0.0000000000E+00,    0.0000000000E+00,    1.1708854732E+02
    109150,      0.676939,CP7_after_upper_clamp,   1,    0.0000000000E+00,    1.1708854732E+02,    1.1708854732E+02,    0.0000000000E+00,    0.0000000000E+00,    0.0000000000E+00,    1.1708854732E+02
    109150,      0.676939,CP8_after_OBC,   1,    0.0000000000E+00,    1.1708854732E+02,    1.1708854732E+02,    0.0000000000E+00,    0.0000000000E+00,    0.0000000000E+00,    1.1708854732E+02
    109150,      0.676939,CP9_after_PTsource,   1,    0.0000000000E+00,    1.1708854732E+02,    1.1708854732E+02,    0.0000000000E+00,    0.0000000000E+00,    0.0000000000E+00,    1.1708854732E+02
    109150,      0.676939,CP10_after_neg_clamp,   1,    0.0000000000E+00,    1.1708854732E+02,    1.1708854732E+02,    0.0000000000E+00,    0.0000000000E+00,    0.0000000000E+00,    1.1708854732E+02
    109150,      0.676939,CP11_after_MPI,   1,    0.0000000000E+00,    1.1708854732E+02,    1.1708854732E+02,    0.0000000000E+00,    0.0000000000E+00,    0.0000000000E+00,    1.1708854732E+02
    109150,      0.676939,CP12_end,   1,    0.0000000000E+00,    1.1708854732E+02,    1.1708854732E+02,    0.0000000000E+00,    0.0000000000E+00,    0.0000000000E+00,    1.1708854732E+02
    109200,      0.676939,CP0_start,   1,    0.0000000000E+00,    1.1716746008E+02,    1.1716746008E+02,    0.0000000000E+00,    0.0000000000E+00,    0.0000000000E+00,    1.1716746008E+02
    109200,      0.676939,CP1_after_deposition,   1,    0.0000000000E+00,    1.1716746008E+02,    1.1716746008E+02,    0.0000000000E+00,    0.0000000000E+00,    0.0000000000E+00,    1.1716746008E+02
    109200,      0.676939,CP2_after_erosion,   1,    0.0000000000E+00,    1.1716746008E+02,    1.1716746008E+02,    0.0000000000E+00,    0.0000000000E+00,    0.0000000000E+00,    1.1716746008E+02
    109200,      0.676939,CP3_after_update_bottom,   1,    0.0000000000E+00,    1.1716746008E+02,    1.1716746008E+02,    0.0000000000E+00,    0.0000000000E+00,    0.0000000000E+00,    1.1716746008E+02
    109200,      0.676939,CP4_after_advection,   1,    0.0000000000E+00,    1.1716842075E+02,    1.1716842075E+02,    0.0000000000E+00,    0.0000000000E+00,    0.0000000000E+00,    1.1716842075E+02
    109200,      0.676939,CP5_after_vdif,   1,    0.0000000000E+00,    1.1716842075E+02,    1.1716842075E+02,    0.0000000000E+00,    0.0000000000E+00,    0.0000000000E+00,    1.1716842075E+02
    109200,      0.676939,CP6_after_kinetics,   1,    0.0000000000E+00,    1.1716842075E+02,    1.1716842075E+02,    0.0000000000E+00,    0.0000000000E+00,    0.0000000000E+00,    1.1716842075E+02
    109200,      0.676939,CP7_after_upper_clamp,   1,    0.0000000000E+00,    1.1716842075E+02,    1.1716842075E+02,    0.0000000000E+00,    0.0000000000E+00,    0.0000000000E+00,    1.1716842075E+02
    109200,      0.676939,CP8_after_OBC,   1,    0.0000000000E+00,    1.1716842075E+02,    1.1716842075E+02,    0.0000000000E+00,    0.0000000000E+00,    0.0000000000E+00,    1.1716842075E+02
    109200,      0.676939,CP9_after_PTsource,   1,    0.0000000000E+00,    1.1716842075E+02,    1.1716842075E+02,    0.0000000000E+00,    0.0000000000E+00,    0.0000000000E+00,    1.1716842075E+02
    109200,      0.676939,CP10_after_neg_clamp,   1,    0.0000000000E+00,    1.1716842075E+02,    1.1716842075E+02,    0.0000000000E+00,    0.0000000000E+00,    0.0000000000E+00,    1.1716842075E+02
    109200,      0.676939,CP11_after_MPI,   1,    0.0000000000E+00,    1.1716842075E+02,    1.1716842075E+02,    0.0000000000E+00,    0.0000000000E+00,    0.0000000000E+00,    1.1716842075E+02
    109200,      0.676939,CP12_end,   1,    0.0000000000E+00,    1.1716842075E+02,    1.1716842075E+02,    0.0000000000E+00,    0.0000000000E+00,    0.0000000000E+00,    1.1716842075E+02
    109250,      0.676939,CP0_start,   1,    0.0000000000E+00,    1.1725251435E+02,    1.1725251435E+02,    0.0000000000E+00,    0.0000000000E+00,    0.0000000000E+00,    1.1725251435E+02
    109250,      0.676939,CP1_after_deposition,   1,    0.0000000000E+00,    1.1725251435E+02,    1.1725251435E+02,    0.0000000000E+00,    0.0000000000E+00,    0.0000000000E+00,    1.1725251435E+02
    109250,      0.676939,CP2_after_erosion,   1,    0.0000000000E+00,    1.1725251435E+02,    1.1725251435E+02,    0.0000000000E+00,    0.0000000000E+00,    0.0000000000E+00,    1.1725251435E+02
    109250,      0.676939,CP3_after_update_bottom,   1,    0.0000000000E+00,    1.1725251435E+02,    1.1725251435E+02,    0.0000000000E+00,    0.0000000000E+00,    0.0000000000E+00,    1.1725251435E+02
    109250,      0.676939,CP4_after_advection,   1,    0.0000000000E+00,    1.1725352589E+02,    1.1725352589E+02,    0.0000000000E+00,    0.0000000000E+00,    0.0000000000E+00,    1.1725352589E+02
    109250,      0.676939,CP5_after_vdif,   1,    0.0000000000E+00,    1.1725352589E+02,    1.1725352589E+02,    0.0000000000E+00,    0.0000000000E+00,    0.0000000000E+00,    1.1725352589E+02
    109250,      0.676939,CP6_after_kinetics,   1,    0.0000000000E+00,    1.1725352589E+02,    1.1725352589E+02,    0.0000000000E+00,    0.0000000000E+00,    0.0000000000E+00,    1.1725352589E+02
    109250,      0.676939,CP7_after_upper_clamp,   1,    0.0000000000E+00,    1.1725352589E+02,    1.1725352589E+02,    0.0000000000E+00,    0.0000000000E+00,    0.0000000000E+00,    1.1725352589E+02
    109250,      0.676939,CP8_after_OBC,   1,    0.0000000000E+00,    1.1725352589E+02,    1.1725352589E+02,    0.0000000000E+00,    0.0000000000E+00,    0.0000000000E+00,    1.1725352589E+02
    109250,      0.676939,CP9_after_PTsource,   1,    0.0000000000E+00,    1.1725352589E+02,    1.1725352589E+02,    0.0000000000E+00,    0.0000000000E+00,    0.0000000000E+00,    1.1725352589E+02
    109250,      0.676939,CP10_after_neg_clamp,   1,    0.0000000000E+00,    1.1725352589E+02,    1.1725352589E+02,    0.0000000000E+00,    0.0000000000E+00,    0.0000000000E+00,    1.1725352589E+02
    109250,      0.676939,CP11_after_MPI,   1,    0.0000000000E+00,    1.1725352589E+02,    1.1725352589E+02,    0.0000000000E+00,    0.0000000000E+00,    0.0000000000E+00,    1.1725352589E+02
    109250,      0.676939,CP12_end,   1,    0.0000000000E+00,    1.1725352589E+02,    1.1725352589E+02,    0.0000000000E+00,    0.0000000000E+00,    0.0000000000E+00,    1.1725352589E+02
    109300,      0.676939,CP0_start,   1,    0.0000000000E+00,    1.1734254017E+02,    1.1734254017E+02,    0.0000000000E+00,    0.0000000000E+00,    0.0000000000E+00,    1.1734254017E+02
    109300,      0.676939,CP1_after_deposition,   1,    0.0000000000E+00,    1.1734254017E+02,    1.1734254017E+02,    0.0000000000E+00,    0.0000000000E+00,    0.0000000000E+00,    1.1734254017E+02
    109300,      0.676939,CP2_after_erosion,   1,    0.0000000000E+00,    1.1734254017E+02,    1.1734254017E+02,    0.0000000000E+00,    0.0000000000E+00,    0.0000000000E+00,    1.1734254017E+02
    109300,      0.676939,CP3_after_update_bottom,   1,    0.0000000000E+00,    1.1734254017E+02,    1.1734254017E+02,    0.0000000000E+00,    0.0000000000E+00,    0.0000000000E+00,    1.1734254017E+02
    109300,      0.676939,CP4_after_advection,   1,    0.0000000000E+00,    1.1734358726E+02,    1.1734358726E+02,    0.0000000000E+00,    0.0000000000E+00,    0.0000000000E+00,    1.1734358726E+02
    109300,      0.676939,CP5_after_vdif,   1,    0.0000000000E+00,    1.1734358726E+02,    1.1734358726E+02,    0.0000000000E+00,    0.0000000000E+00,    0.0000000000E+00,    1.1734358726E+02
    109300,      0.676939,CP6_after_kinetics,   1,    0.0000000000E+00,    1.1734358726E+02,    1.1734358726E+02,    0.0000000000E+00,    0.0000000000E+00,    0.0000000000E+00,    1.1734358726E+02
    109300,      0.676939,CP7_after_upper_clamp,   1,    0.0000000000E+00,    1.1734358726E+02,    1.1734358726E+02,    0.0000000000E+00,    0.0000000000E+00,    0.0000000000E+00,    1.1734358726E+02
    109300,      0.676939,CP8_after_OBC,   1,    0.0000000000E+00,    1.1734358726E+02,    1.1734358726E+02,    0.0000000000E+00,    0.0000000000E+00,    0.0000000000E+00,    1.1734358726E+02
    109300,      0.676939,CP9_after_PTsource,   1,    0.0000000000E+00,    1.1734358726E+02,    1.1734358726E+02,    0.0000000000E+00,    0.0000000000E+00,    0.0000000000E+00,    1.1734358726E+02
    109300,      0.676939,CP10_after_neg_clamp,   1,    0.0000000000E+00,    1.1734358726E+02,    1.1734358726E+02,    0.0000000000E+00,    0.0000000000E+00,    0.0000000000E+00,    1.1734358726E+02
    109300,      0.676939,CP11_after_MPI,   1,    0.0000000000E+00,    1.1734358726E+02,    1.1734358726E+02,    0.0000000000E+00,    0.0000000000E+00,    0.0000000000E+00,    1.1734358726E+02
    109300,      0.676939,CP12_end,   1,    0.0000000000E+00,    1.1734358726E+02,    1.1734358726E+02,    0.0000000000E+00,    0.0000000000E+00,    0.0000000000E+00,    1.1734358726E+02
    109350,      0.676939,CP0_start,   1,    0.0000000000E+00,    1.1743702963E+02,    1.1743702963E+02,    0.0000000000E+00,    0.0000000000E+00,    0.0000000000E+00,    1.1743702963E+02
    109350,      0.676939,CP1_after_deposition,   1,    0.0000000000E+00,    1.1743702963E+02,    1.1743702963E+02,    0.0000000000E+00,    0.0000000000E+00,    0.0000000000E+00,    1.1743702963E+02
    109350,      0.676939,CP2_after_erosion,   1,    0.0000000000E+00,    1.1743702963E+02,    1.1743702963E+02,    0.0000000000E+00,    0.0000000000E+00,    0.0000000000E+00,    1.1743702963E+02
    109350,      0.676939,CP3_after_update_bottom,   1,    0.0000000000E+00,    1.1743702963E+02,    1.1743702963E+02,    0.0000000000E+00,    0.0000000000E+00,    0.0000000000E+00,    1.1743702963E+02
    109350,      0.676939,CP4_after_advection,   1,    0.0000000000E+00,    1.1743809032E+02,    1.1743809032E+02,    0.0000000000E+00,    0.0000000000E+00,    0.0000000000E+00,    1.1743809032E+02
    109350,      0.676939,CP5_after_vdif,   1,    0.0000000000E+00,    1.1743809032E+02,    1.1743809032E+02,    0.0000000000E+00,    0.0000000000E+00,    0.0000000000E+00,    1.1743809032E+02
    109350,      0.676939,CP6_after_kinetics,   1,    0.0000000000E+00,    1.1743809032E+02,    1.1743809032E+02,    0.0000000000E+00,    0.0000000000E+00,    0.0000000000E+00,    1.1743809032E+02
    109350,      0.676939,CP7_after_upper_clamp,   1,    0.0000000000E+00,    1.1743809032E+02,    1.1743809032E+02,    0.0000000000E+00,    0.0000000000E+00,    0.0000000000E+00,    1.1743809032E+02
    109350,      0.676939,CP8_after_OBC,   1,    0.0000000000E+00,    1.1743809032E+02,    1.1743809032E+02,    0.0000000000E+00,    0.0000000000E+00,    0.0000000000E+00,    1.1743809032E+02
    109350,      0.676939,CP9_after_PTsource,   1,    0.0000000000E+00,    1.1743809032E+02,    1.1743809032E+02,    0.0000000000E+00,    0.0000000000E+00,    0.0000000000E+00,    1.1743809032E+02
    109350,      0.676939,CP10_after_neg_clamp,   1,    0.0000000000E+00,    1.1743809032E+02,    1.1743809032E+02,    0.0000000000E+00,    0.0000000000E+00,    0.0000000000E+00,    1.1743809032E+02
    109350,      0.676939,CP11_after_MPI,   1,    0.0000000000E+00,    1.1743809032E+02,    1.1743809032E+02,    0.0000000000E+00,    0.0000000000E+00,    0.0000000000E+00,    1.1743809032E+02
    109350,      0.676939,CP12_end,   1,    0.0000000000E+00,    1.1743809032E+02,    1.1743809032E+02,    0.0000000000E+00,    0.0000000000E+00,    0.0000000000E+00,    1.1743809032E+02
    109400,      0.676939,CP0_start,   1,    0.0000000000E+00,    1.1753494658E+02,    1.1753494658E+02,    0.0000000000E+00,    0.0000000000E+00,    0.0000000000E+00,    1.1753494658E+02
    109400,      0.676939,CP1_after_deposition,   1,    0.0000000000E+00,    1.1753494658E+02,    1.1753494658E+02,    0.0000000000E+00,    0.0000000000E+00,    0.0000000000E+00,    1.1753494658E+02
    109400,      0.676939,CP2_after_erosion,   1,    0.0000000000E+00,    1.1753494658E+02,    1.1753494658E+02,    0.0000000000E+00,    0.0000000000E+00,    0.0000000000E+00,    1.1753494658E+02
    109400,      0.676939,CP3_after_update_bottom,   1,    0.0000000000E+00,    1.1753494658E+02,    1.1753494658E+02,    0.0000000000E+00,    0.0000000000E+00,    0.0000000000E+00,    1.1753494658E+02
    109400,      0.676939,CP4_after_advection,   1,    0.0000000000E+00,    1.1753599169E+02,    1.1753599169E+02,    0.0000000000E+00,    0.0000000000E+00,    0.0000000000E+00,    1.1753599169E+02
    109400,      0.676939,CP5_after_vdif,   1,    0.0000000000E+00,    1.1753599169E+02,    1.1753599169E+02,    0.0000000000E+00,    0.0000000000E+00,    0.0000000000E+00,    1.1753599169E+02
    109400,      0.676939,CP6_after_kinetics,   1,    0.0000000000E+00,    1.1753599169E+02,    1.1753599169E+02,    0.0000000000E+00,    0.0000000000E+00,    0.0000000000E+00,    1.1753599169E+02
    109400,      0.676939,CP7_after_upper_clamp,   1,    0.0000000000E+00,    1.1753599169E+02,    1.1753599169E+02,    0.0000000000E+00,    0.0000000000E+00,    0.0000000000E+00,    1.1753599169E+02
    109400,      0.676939,CP8_after_OBC,   1,    0.0000000000E+00,    1.1753599169E+02,    1.1753599169E+02,    0.0000000000E+00,    0.0000000000E+00,    0.0000000000E+00,    1.1753599169E+02
    109400,      0.676939,CP9_after_PTsource,   1,    0.0000000000E+00,    1.1753599169E+02,    1.1753599169E+02,    0.0000000000E+00,    0.0000000000E+00,    0.0000000000E+00,    1.1753599169E+02
    109400,      0.676939,CP10_after_neg_clamp,   1,    0.0000000000E+00,    1.1753599169E+02,    1.1753599169E+02,    0.0000000000E+00,    0.0000000000E+00,    0.0000000000E+00,    1.1753599169E+02
    109400,      0.676939,CP11_after_MPI,   1,    0.0000000000E+00,    1.1753599169E+02,    1.1753599169E+02,    0.0000000000E+00,    0.0000000000E+00,    0.0000000000E+00,    1.1753599169E+02
    109400,      0.676939,CP12_end,   1,    0.0000000000E+00,    1.1753599169E+02,    1.1753599169E+02,    0.0000000000E+00,    0.0000000000E+00,    0.0000000000E+00,    1.1753599169E+02
    109450,      0.676939,CP0_start,   1,    0.0000000000E+00,    1.1763478664E+02,    1.1763478664E+02,    0.0000000000E+00,    0.0000000000E+00,    0.0000000000E+00,    1.1763478664E+02
    109450,      0.676939,CP1_after_deposition,   1,    0.0000000000E+00,    1.1763478664E+02,    1.1763478664E+02,    0.0000000000E+00,    0.0000000000E+00,    0.0000000000E+00,    1.1763478664E+02
    109450,      0.676939,CP2_after_erosion,   1,    0.0000000000E+00,    1.1763478664E+02,    1.1763478664E+02,    0.0000000000E+00,    0.0000000000E+00,    0.0000000000E+00,    1.1763478664E+02
    109450,      0.676939,CP3_after_update_bottom,   1,    0.0000000000E+00,    1.1763478664E+02,    1.1763478664E+02,    0.0000000000E+00,    0.0000000000E+00,    0.0000000000E+00,    1.1763478664E+02
    109450,      0.676939,CP4_after_advection,   1,    0.0000000000E+00,    1.1763577421E+02,    1.1763577421E+02,    0.0000000000E+00,    0.0000000000E+00,    0.0000000000E+00,    1.1763577421E+02
    109450,      0.676939,CP5_after_vdif,   1,    0.0000000000E+00,    1.1763577421E+02,    1.1763577421E+02,    0.0000000000E+00,    0.0000000000E+00,    0.0000000000E+00,    1.1763577421E+02
    109450,      0.676939,CP6_after_kinetics,   1,    0.0000000000E+00,    1.1763577421E+02,    1.1763577421E+02,    0.0000000000E+00,    0.0000000000E+00,    0.0000000000E+00,    1.1763577421E+02
    109450,      0.676939,CP7_after_upper_clamp,   1,    0.0000000000E+00,    1.1763577421E+02,    1.1763577421E+02,    0.0000000000E+00,    0.0000000000E+00,    0.0000000000E+00,    1.1763577421E+02
    109450,      0.676939,CP8_after_OBC,   1,    0.0000000000E+00,    1.1763577421E+02,    1.1763577421E+02,    0.0000000000E+00,    0.0000000000E+00,    0.0000000000E+00,    1.1763577421E+02
    109450,      0.676939,CP9_after_PTsource,   1,    0.0000000000E+00,    1.1763577421E+02,    1.1763577421E+02,    0.0000000000E+00,    0.0000000000E+00,    0.0000000000E+00,    1.1763577421E+02
    109450,      0.676939,CP10_after_neg_clamp,   1,    0.0000000000E+00,    1.1763577421E+02,    1.1763577421E+02,    0.0000000000E+00,    0.0000000000E+00,    0.0000000000E+00,    1.1763577421E+02
    109450,      0.676939,CP11_after_MPI,   1,    0.0000000000E+00,    1.1763577421E+02,    1.1763577421E+02,    0.0000000000E+00,    0.0000000000E+00,    0.0000000000E+00,    1.1763577421E+02
    109450,      0.676939,CP12_end,   1,    0.0000000000E+00,    1.1763577421E+02,    1.1763577421E+02,    0.0000000000E+00,    0.0000000000E+00,    0.0000000000E+00,    1.1763577421E+02
    109500,      0.676939,CP0_start,   1,    0.0000000000E+00,    1.1773482965E+02,    1.1773482965E+02,    0.0000000000E+00,    0.0000000000E+00,    0.0000000000E+00,    1.1773482965E+02
    109500,      0.676939,CP1_after_deposition,   1,    0.0000000000E+00,    1.1773482965E+02,    1.1773482965E+02,    0.0000000000E+00,    0.0000000000E+00,    0.0000000000E+00,    1.1773482965E+02
    109500,      0.676939,CP2_after_erosion,   1,    0.0000000000E+00,    1.1773482965E+02,    1.1773482965E+02,    0.0000000000E+00,    0.0000000000E+00,    0.0000000000E+00,    1.1773482965E+02
    109500,      0.676939,CP3_after_update_bottom,   1,    0.0000000000E+00,    1.1773482965E+02,    1.1773482965E+02,    0.0000000000E+00,    0.0000000000E+00,    0.0000000000E+00,    1.1773482965E+02
    109500,      0.676939,CP4_after_advection,   1,    0.0000000000E+00,    1.1773572144E+02,    1.1773572144E+02,    0.0000000000E+00,    0.0000000000E+00,    0.0000000000E+00,    1.1773572144E+02
    109500,      0.676939,CP5_after_vdif,   1,    0.0000000000E+00,    1.1773572144E+02,    1.1773572144E+02,    0.0000000000E+00,    0.0000000000E+00,    0.0000000000E+00,    1.1773572144E+02
    109500,      0.676939,CP6_after_kinetics,   1,    0.0000000000E+00,    1.1773572144E+02,    1.1773572144E+02,    0.0000000000E+00,    0.0000000000E+00,    0.0000000000E+00,    1.1773572144E+02
    109500,      0.676939,CP7_after_upper_clamp,   1,    0.0000000000E+00,    1.1773572144E+02,    1.1773572144E+02,    0.0000000000E+00,    0.0000000000E+00,    0.0000000000E+00,    1.1773572144E+02
    109500,      0.676939,CP8_after_OBC,   1,    0.0000000000E+00,    1.1773572144E+02,    1.1773572144E+02,    0.0000000000E+00,    0.0000000000E+00,    0.0000000000E+00,    1.1773572144E+02
    109500,      0.676939,CP9_after_PTsource,   1,    0.0000000000E+00,    1.1773572144E+02,    1.1773572144E+02,    0.0000000000E+00,    0.0000000000E+00,    0.0000000000E+00,    1.1773572144E+02
    109500,      0.676939,CP10_after_neg_clamp,   1,    0.0000000000E+00,    1.1773572144E+02,    1.1773572144E+02,    0.0000000000E+00,    0.0000000000E+00,    0.0000000000E+00,    1.1773572144E+02
    109500,      0.676939,CP11_after_MPI,   1,    0.0000000000E+00,    1.1773572144E+02,    1.1773572144E+02,    0.0000000000E+00,    0.0000000000E+00,    0.0000000000E+00,    1.1773572144E+02
    109500,      0.676939,CP12_end,   1,    0.0000000000E+00,    1.1773572144E+02,    1.1773572144E+02,    0.0000000000E+00,    0.0000000000E+00,    0.0000000000E+00,    1.1773572144E+02
    109550,      0.676939,CP0_start,   1,    0.0000000000E+00,    1.1783383311E+02,    1.1783383311E+02,    0.0000000000E+00,    0.0000000000E+00,    0.0000000000E+00,    1.1783383311E+02
    109550,      0.676939,CP1_after_deposition,   1,    0.0000000000E+00,    1.1783383311E+02,    1.1783383311E+02,    0.0000000000E+00,    0.0000000000E+00,    0.0000000000E+00,    1.1783383311E+02
    109550,      0.676939,CP2_after_erosion,   1,    0.0000000000E+00,    1.1783383311E+02,    1.1783383311E+02,    0.0000000000E+00,    0.0000000000E+00,    0.0000000000E+00,    1.1783383311E+02
    109550,      0.676939,CP3_after_update_bottom,   1,    0.0000000000E+00,    1.1783383311E+02,    1.1783383311E+02,    0.0000000000E+00,    0.0000000000E+00,    0.0000000000E+00,    1.1783383311E+02
    109550,      0.676939,CP4_after_advection,   1,    0.0000000000E+00,    1.1783460614E+02,    1.1783460614E+02,    0.0000000000E+00,    0.0000000000E+00,    0.0000000000E+00,    1.1783460614E+02
    109550,      0.676939,CP5_after_vdif,   1,    0.0000000000E+00,    1.1783460614E+02,    1.1783460614E+02,    0.0000000000E+00,    0.0000000000E+00,    0.0000000000E+00,    1.1783460614E+02
    109550,      0.676939,CP6_after_kinetics,   1,    0.0000000000E+00,    1.1783460614E+02,    1.1783460614E+02,    0.0000000000E+00,    0.0000000000E+00,    0.0000000000E+00,    1.1783460614E+02
    109550,      0.676939,CP7_after_upper_clamp,   1,    0.0000000000E+00,    1.1783460614E+02,    1.1783460614E+02,    0.0000000000E+00,    0.0000000000E+00,    0.0000000000E+00,    1.1783460614E+02
    109550,      0.676939,CP8_after_OBC,   1,    0.0000000000E+00,    1.1783460614E+02,    1.1783460614E+02,    0.0000000000E+00,    0.0000000000E+00,    0.0000000000E+00,    1.1783460614E+02
    109550,      0.676939,CP9_after_PTsource,   1,    0.0000000000E+00,    1.1783460614E+02,    1.1783460614E+02,    0.0000000000E+00,    0.0000000000E+00,    0.0000000000E+00,    1.1783460614E+02
    109550,      0.676939,CP10_after_neg_clamp,   1,    0.0000000000E+00,    1.1783460614E+02,    1.1783460614E+02,    0.0000000000E+00,    0.0000000000E+00,    0.0000000000E+00,    1.1783460614E+02
    109550,      0.676939,CP11_after_MPI,   1,    0.0000000000E+00,    1.1783460614E+02,    1.1783460614E+02,    0.0000000000E+00,    0.0000000000E+00,    0.0000000000E+00,    1.1783460614E+02
    109550,      0.676939,CP12_end,   1,    0.0000000000E+00,    1.1783460614E+02,    1.1783460614E+02,    0.0000000000E+00,    0.0000000000E+00,    0.0000000000E+00,    1.1783460614E+02
    109600,      0.676939,CP0_start,   1,    0.0000000000E+00,    1.1793129596E+02,    1.1793129596E+02,    0.0000000000E+00,    0.0000000000E+00,    0.0000000000E+00,    1.1793129596E+02
    109600,      0.676939,CP1_after_deposition,   1,    0.0000000000E+00,    1.1793129596E+02,    1.1793129596E+02,    0.0000000000E+00,    0.0000000000E+00,    0.0000000000E+00,    1.1793129596E+02
    109600,      0.676939,CP2_after_erosion,   1,    0.0000000000E+00,    1.1793129596E+02,    1.1793129596E+02,    0.0000000000E+00,    0.0000000000E+00,    0.0000000000E+00,    1.1793129596E+02
    109600,      0.676939,CP3_after_update_bottom,   1,    0.0000000000E+00,    1.1793129596E+02,    1.1793129596E+02,    0.0000000000E+00,    0.0000000000E+00,    0.0000000000E+00,    1.1793129596E+02
    109600,      0.676939,CP4_after_advection,   1,    0.0000000000E+00,    1.1793193578E+02,    1.1793193578E+02,    0.0000000000E+00,    0.0000000000E+00,    0.0000000000E+00,    1.1793193578E+02
    109600,      0.676939,CP5_after_vdif,   1,    0.0000000000E+00,    1.1793193578E+02,    1.1793193578E+02,    0.0000000000E+00,    0.0000000000E+00,    0.0000000000E+00,    1.1793193578E+02
    109600,      0.676939,CP6_after_kinetics,   1,    0.0000000000E+00,    1.1793193578E+02,    1.1793193578E+02,    0.0000000000E+00,    0.0000000000E+00,    0.0000000000E+00,    1.1793193578E+02
    109600,      0.676939,CP7_after_upper_clamp,   1,    0.0000000000E+00,    1.1793193578E+02,    1.1793193578E+02,    0.0000000000E+00,    0.0000000000E+00,    0.0000000000E+00,    1.1793193578E+02
    109600,      0.676939,CP8_after_OBC,   1,    0.0000000000E+00,    1.1793193578E+02,    1.1793193578E+02,    0.0000000000E+00,    0.0000000000E+00,    0.0000000000E+00,    1.1793193578E+02
    109600,      0.676939,CP9_after_PTsource,   1,    0.0000000000E+00,    1.1793193578E+02,    1.1793193578E+02,    0.0000000000E+00,    0.0000000000E+00,    0.0000000000E+00,    1.1793193578E+02
    109600,      0.676939,CP10_after_neg_clamp,   1,    0.0000000000E+00,    1.1793193578E+02,    1.1793193578E+02,    0.0000000000E+00,    0.0000000000E+00,    0.0000000000E+00,    1.1793193578E+02
    109600,      0.676939,CP11_after_MPI,   1,    0.0000000000E+00,    1.1793193578E+02,    1.1793193578E+02,    0.0000000000E+00,    0.0000000000E+00,    0.0000000000E+00,    1.1793193578E+02
    109600,      0.676939,CP12_end,   1,    0.0000000000E+00,    1.1793193578E+02,    1.1793193578E+02,    0.0000000000E+00,    0.0000000000E+00,    0.0000000000E+00,    1.1793193578E+02
    109650,      0.676939,CP0_start,   1,    0.0000000000E+00,    1.1802723546E+02,    1.1802723546E+02,    0.0000000000E+00,    0.0000000000E+00,    0.0000000000E+00,    1.1802723546E+02
    109650,      0.676939,CP1_after_deposition,   1,    0.0000000000E+00,    1.1802723546E+02,    1.1802723546E+02,    0.0000000000E+00,    0.0000000000E+00,    0.0000000000E+00,    1.1802723546E+02
    109650,      0.676939,CP2_after_erosion,   1,    0.0000000000E+00,    1.1802723546E+02,    1.1802723546E+02,    0.0000000000E+00,    0.0000000000E+00,    0.0000000000E+00,    1.1802723546E+02
    109650,      0.676939,CP3_after_update_bottom,   1,    0.0000000000E+00,    1.1802723546E+02,    1.1802723546E+02,    0.0000000000E+00,    0.0000000000E+00,    0.0000000000E+00,    1.1802723546E+02
    109650,      0.676939,CP4_after_advection,   1,    0.0000000000E+00,    1.1802774283E+02,    1.1802774283E+02,    0.0000000000E+00,    0.0000000000E+00,    0.0000000000E+00,    1.1802774283E+02
    109650,      0.676939,CP5_after_vdif,   1,    0.0000000000E+00,    1.1802774283E+02,    1.1802774283E+02,    0.0000000000E+00,    0.0000000000E+00,    0.0000000000E+00,    1.1802774283E+02
    109650,      0.676939,CP6_after_kinetics,   1,    0.0000000000E+00,    1.1802774283E+02,    1.1802774283E+02,    0.0000000000E+00,    0.0000000000E+00,    0.0000000000E+00,    1.1802774283E+02
    109650,      0.676939,CP7_after_upper_clamp,   1,    0.0000000000E+00,    1.1802774283E+02,    1.1802774283E+02,    0.0000000000E+00,    0.0000000000E+00,    0.0000000000E+00,    1.1802774283E+02
    109650,      0.676939,CP8_after_OBC,   1,    0.0000000000E+00,    1.1802774283E+02,    1.1802774283E+02,    0.0000000000E+00,    0.0000000000E+00,    0.0000000000E+00,    1.1802774283E+02
    109650,      0.676939,CP9_after_PTsource,   1,    0.0000000000E+00,    1.1802774283E+02,    1.1802774283E+02,    0.0000000000E+00,    0.0000000000E+00,    0.0000000000E+00,    1.1802774283E+02
    109650,      0.676939,CP10_after_neg_clamp,   1,    0.0000000000E+00,    1.1802774283E+02,    1.1802774283E+02,    0.0000000000E+00,    0.0000000000E+00,    0.0000000000E+00,    1.1802774283E+02
    109650,      0.676939,CP11_after_MPI,   1,    0.0000000000E+00,    1.1802774283E+02,    1.1802774283E+02,    0.0000000000E+00,    0.0000000000E+00,    0.0000000000E+00,    1.1802774283E+02
    109650,      0.676939,CP12_end,   1,    0.0000000000E+00,    1.1802774283E+02,    1.1802774283E+02,    0.0000000000E+00,    0.0000000000E+00,    0.0000000000E+00,    1.1802774283E+02
    109700,      0.676939,CP0_start,   1,    0.0000000000E+00,    1.1812199061E+02,    1.1812199061E+02,    0.0000000000E+00,    0.0000000000E+00,    0.0000000000E+00,    1.1812199061E+02
    109700,      0.676939,CP1_after_deposition,   1,    0.0000000000E+00,    1.1812199061E+02,    1.1812199061E+02,    0.0000000000E+00,    0.0000000000E+00,    0.0000000000E+00,    1.1812199061E+02
    109700,      0.676939,CP2_after_erosion,   1,    0.0000000000E+00,    1.1812199061E+02,    1.1812199061E+02,    0.0000000000E+00,    0.0000000000E+00,    0.0000000000E+00,    1.1812199061E+02
    109700,      0.676939,CP3_after_update_bottom,   1,    0.0000000000E+00,    1.1812199061E+02,    1.1812199061E+02,    0.0000000000E+00,    0.0000000000E+00,    0.0000000000E+00,    1.1812199061E+02
    109700,      0.676939,CP4_after_advection,   1,    0.0000000000E+00,    1.1812236076E+02,    1.1812236076E+02,    0.0000000000E+00,    0.0000000000E+00,    0.0000000000E+00,    1.1812236076E+02
    109700,      0.676939,CP5_after_vdif,   1,    0.0000000000E+00,    1.1812236076E+02,    1.1812236076E+02,    0.0000000000E+00,    0.0000000000E+00,    0.0000000000E+00,    1.1812236076E+02
    109700,      0.676939,CP6_after_kinetics,   1,    0.0000000000E+00,    1.1812236076E+02,    1.1812236076E+02,    0.0000000000E+00,    0.0000000000E+00,    0.0000000000E+00,    1.1812236076E+02
    109700,      0.676939,CP7_after_upper_clamp,   1,    0.0000000000E+00,    1.1812236076E+02,    1.1812236076E+02,    0.0000000000E+00,    0.0000000000E+00,    0.0000000000E+00,    1.1812236076E+02
    109700,      0.676939,CP8_after_OBC,   1,    0.0000000000E+00,    1.1812236076E+02,    1.1812236076E+02,    0.0000000000E+00,    0.0000000000E+00,    0.0000000000E+00,    1.1812236076E+02
    109700,      0.676939,CP9_after_PTsource,   1,    0.0000000000E+00,    1.1812236076E+02,    1.1812236076E+02,    0.0000000000E+00,    0.0000000000E+00,    0.0000000000E+00,    1.1812236076E+02
    109700,      0.676939,CP10_after_neg_clamp,   1,    0.0000000000E+00,    1.1812236076E+02,    1.1812236076E+02,    0.0000000000E+00,    0.0000000000E+00,    0.0000000000E+00,    1.1812236076E+02
    109700,      0.676939,CP11_after_MPI,   1,    0.0000000000E+00,    1.1812236076E+02,    1.1812236076E+02,    0.0000000000E+00,    0.0000000000E+00,    0.0000000000E+00,    1.1812236076E+02
    109700,      0.676939,CP12_end,   1,    0.0000000000E+00,    1.1812236076E+02,    1.1812236076E+02,    0.0000000000E+00,    0.0000000000E+00,    0.0000000000E+00,    1.1812236076E+02
    109750,      0.676939,CP0_start,   1,    0.0000000000E+00,    1.1821595130E+02,    1.1821595130E+02,    0.0000000000E+00,    0.0000000000E+00,    0.0000000000E+00,    1.1821595130E+02
    109750,      0.676939,CP1_after_deposition,   1,    0.0000000000E+00,    1.1821595130E+02,    1.1821595130E+02,    0.0000000000E+00,    0.0000000000E+00,    0.0000000000E+00,    1.1821595130E+02
    109750,      0.676939,CP2_after_erosion,   1,    0.0000000000E+00,    1.1821595130E+02,    1.1821595130E+02,    0.0000000000E+00,    0.0000000000E+00,    0.0000000000E+00,    1.1821595130E+02
    109750,      0.676939,CP3_after_update_bottom,   1,    0.0000000000E+00,    1.1821595130E+02,    1.1821595130E+02,    0.0000000000E+00,    0.0000000000E+00,    0.0000000000E+00,    1.1821595130E+02
    109750,      0.676939,CP4_after_advection,   1,    0.0000000000E+00,    1.1821619176E+02,    1.1821619176E+02,    0.0000000000E+00,    0.0000000000E+00,    0.0000000000E+00,    1.1821619176E+02
    109750,      0.676939,CP5_after_vdif,   1,    0.0000000000E+00,    1.1821619176E+02,    1.1821619176E+02,    0.0000000000E+00,    0.0000000000E+00,    0.0000000000E+00,    1.1821619176E+02
    109750,      0.676939,CP6_after_kinetics,   1,    0.0000000000E+00,    1.1821619176E+02,    1.1821619176E+02,    0.0000000000E+00,    0.0000000000E+00,    0.0000000000E+00,    1.1821619176E+02
    109750,      0.676939,CP7_after_upper_clamp,   1,    0.0000000000E+00,    1.1821619176E+02,    1.1821619176E+02,    0.0000000000E+00,    0.0000000000E+00,    0.0000000000E+00,    1.1821619176E+02
    109750,      0.676939,CP8_after_OBC,   1,    0.0000000000E+00,    1.1821619176E+02,    1.1821619176E+02,    0.0000000000E+00,    0.0000000000E+00,    0.0000000000E+00,    1.1821619176E+02
    109750,      0.676939,CP9_after_PTsource,   1,    0.0000000000E+00,    1.1821619176E+02,    1.1821619176E+02,    0.0000000000E+00,    0.0000000000E+00,    0.0000000000E+00,    1.1821619176E+02
    109750,      0.676939,CP10_after_neg_clamp,   1,    0.0000000000E+00,    1.1821619176E+02,    1.1821619176E+02,    0.0000000000E+00,    0.0000000000E+00,    0.0000000000E+00,    1.1821619176E+02
    109750,      0.676939,CP11_after_MPI,   1,    0.0000000000E+00,    1.1821619176E+02,    1.1821619176E+02,    0.0000000000E+00,    0.0000000000E+00,    0.0000000000E+00,    1.1821619176E+02
    109750,      0.676939,CP12_end,   1,    0.0000000000E+00,    1.1821619176E+02,    1.1821619176E+02,    0.0000000000E+00,    0.0000000000E+00,    0.0000000000E+00,    1.1821619176E+02
    109800,      0.676939,CP0_start,   1,    0.0000000000E+00,    1.1831007827E+02,    1.1831007827E+02,    0.0000000000E+00,    0.0000000000E+00,    0.0000000000E+00,    1.1831007827E+02
    109800,      0.676939,CP1_after_deposition,   1,    0.0000000000E+00,    1.1831007827E+02,    1.1831007827E+02,    0.0000000000E+00,    0.0000000000E+00,    0.0000000000E+00,    1.1831007827E+02
    109800,      0.676939,CP2_after_erosion,   1,                 NaN,                 NaN,                 NaN,    0.0000000000E+00,    0.0000000000E+00,    0.0000000000E+00,                 NaN
    109800,      0.676939,CP3_after_update_bottom,   1,                 NaN,                 NaN,                 NaN,    0.0000000000E+00,    0.0000000000E+00,    0.0000000000E+00,                 NaN
    109800,      0.676939,CP4_after_advection,   1,                 NaN,                 NaN,                 NaN,    0.0000000000E+00,    0.0000000000E+00,    0.0000000000E+00,                 NaN
    109800,      0.676939,CP5_after_vdif,   1,                 NaN,                 NaN,                 NaN,    0.0000000000E+00,    0.0000000000E+00,    0.0000000000E+00,                 NaN
    109800,      0.676939,CP6_after_kinetics,   1,                 NaN,                 NaN,                 NaN,    0.0000000000E+00,    0.0000000000E+00,    0.0000000000E+00,                 NaN
    109800,      0.676939,CP7_after_upper_clamp,   1,                 NaN,                 NaN,                 NaN,    0.0000000000E+00,    0.0000000000E+00,    0.0000000000E+00,                 NaN
    109800,      0.676939,CP8_after_OBC,   1,                 NaN,                 NaN,                 NaN,    0.0000000000E+00,    0.0000000000E+00,    0.0000000000E+00,                 NaN
    109800,      0.676939,CP9_after_PTsource,   1,                 NaN,                 NaN,                 NaN,    0.0000000000E+00,    0.0000000000E+00,    0.0000000000E+00,                 NaN
    109800,      0.676939,CP10_after_neg_clamp,   1,    0.0000000000E+00,    1.1828128299E+02,    1.1828128299E+02,    0.0000000000E+00,    0.0000000000E+00,    0.0000000000E+00,    1.1828128299E+02
    109800,      0.676939,CP11_after_MPI,   1,    0.0000000000E+00,    1.1828128299E+02,    1.1828128299E+02,    0.0000000000E+00,    0.0000000000E+00,    0.0000000000E+00,    1.1828128299E+02
    109800,      0.676939,CP12_end,   1,    0.0000000000E+00,    1.1828128299E+02,    1.1828128299E+02,    0.0000000000E+00,    0.0000000000E+00,    0.0000000000E+00,    1.1828128299E+02
    109850,      0.676939,CP0_start,   1,    0.0000000000E+00,    1.1838016731E+02,    1.1838016731E+02,    0.0000000000E+00,    0.0000000000E+00,    0.0000000000E+00,    1.1838016731E+02
    109850,      0.676939,CP1_after_deposition,   1,    0.0000000000E+00,    1.1838016731E+02,    1.1838016731E+02,    0.0000000000E+00,    0.0000000000E+00,    0.0000000000E+00,    1.1838016731E+02
    109850,      0.676939,CP2_after_erosion,   1,    0.0000000000E+00,    1.1838016731E+02,    1.1838016731E+02,    0.0000000000E+00,    0.0000000000E+00,    0.0000000000E+00,    1.1838016731E+02
    109850,      0.676939,CP3_after_update_bottom,   1,    0.0000000000E+00,    1.1838016731E+02,    1.1838016731E+02,    0.0000000000E+00,    0.0000000000E+00,    0.0000000000E+00,    1.1838016731E+02
    109850,      0.676939,CP4_after_advection,   1,    0.0000000000E+00,    1.1838026014E+02,    1.1838026014E+02,    0.0000000000E+00,    0.0000000000E+00,    0.0000000000E+00,    1.1838026014E+02
    109850,      0.676939,CP5_after_vdif,   1,    0.0000000000E+00,    1.1838026014E+02,    1.1838026014E+02,    0.0000000000E+00,    0.0000000000E+00,    0.0000000000E+00,    1.1838026014E+02
    109850,      0.676939,CP6_after_kinetics,   1,    0.0000000000E+00,    1.1838026014E+02,    1.1838026014E+02,    0.0000000000E+00,    0.0000000000E+00,    0.0000000000E+00,    1.1838026014E+02
    109850,      0.676939,CP7_after_upper_clamp,   1,    0.0000000000E+00,    1.1838026014E+02,    1.1838026014E+02,    0.0000000000E+00,    0.0000000000E+00,    0.0000000000E+00,    1.1838026014E+02
    109850,      0.676939,CP8_after_OBC,   1,    0.0000000000E+00,    1.1838026014E+02,    1.1838026014E+02,    0.0000000000E+00,    0.0000000000E+00,    0.0000000000E+00,    1.1838026014E+02
    109850,      0.676939,CP9_after_PTsource,   1,    0.0000000000E+00,    1.1838026014E+02,    1.1838026014E+02,    0.0000000000E+00,    0.0000000000E+00,    0.0000000000E+00,    1.1838026014E+02
    109850,      0.676939,CP10_after_neg_clamp,   1,    0.0000000000E+00,    1.1838026014E+02,    1.1838026014E+02,    0.0000000000E+00,    0.0000000000E+00,    0.0000000000E+00,    1.1838026014E+02
    109850,      0.676939,CP11_after_MPI,   1,    0.0000000000E+00,    1.1838026014E+02,    1.1838026014E+02,    0.0000000000E+00,    0.0000000000E+00,    0.0000000000E+00,    1.1838026014E+02
    109850,      0.676939,CP12_end,   1,    0.0000000000E+00,    1.1838026014E+02,    1.1838026014E+02,    0.0000000000E+00,    0.0000000000E+00,    0.0000000000E+00,    1.1838026014E+02
    109900,      0.676939,CP0_start,   1,    0.0000000000E+00,    1.1848031689E+02,    1.1848031689E+02,    0.0000000000E+00,    0.0000000000E+00,    0.0000000000E+00,    1.1848031689E+02
    109900,      0.676939,CP1_after_deposition,   1,    0.0000000000E+00,    1.1848031689E+02,    1.1848031689E+02,    0.0000000000E+00,    0.0000000000E+00,    0.0000000000E+00,    1.1848031689E+02
    109900,      0.676939,CP2_after_erosion,   1,    0.0000000000E+00,    1.1848031689E+02,    1.1848031689E+02,    0.0000000000E+00,    0.0000000000E+00,    0.0000000000E+00,    1.1848031689E+02
    109900,      0.676939,CP3_after_update_bottom,   1,    0.0000000000E+00,    1.1848031689E+02,    1.1848031689E+02,    0.0000000000E+00,    0.0000000000E+00,    0.0000000000E+00,    1.1848031689E+02
    109900,      0.676939,CP4_after_advection,   1,    0.0000000000E+00,    1.1848028496E+02,    1.1848028496E+02,    0.0000000000E+00,    0.0000000000E+00,    0.0000000000E+00,    1.1848028496E+02
    109900,      0.676939,CP5_after_vdif,   1,    0.0000000000E+00,    1.1848028496E+02,    1.1848028496E+02,    0.0000000000E+00,    0.0000000000E+00,    0.0000000000E+00,    1.1848028496E+02
    109900,      0.676939,CP6_after_kinetics,   1,    0.0000000000E+00,    1.1848028496E+02,    1.1848028496E+02,    0.0000000000E+00,    0.0000000000E+00,    0.0000000000E+00,    1.1848028496E+02
    109900,      0.676939,CP7_after_upper_clamp,   1,    0.0000000000E+00,    1.1848028496E+02,    1.1848028496E+02,    0.0000000000E+00,    0.0000000000E+00,    0.0000000000E+00,    1.1848028496E+02
    109900,      0.676939,CP8_after_OBC,   1,    0.0000000000E+00,    1.1848028496E+02,    1.1848028496E+02,    0.0000000000E+00,    0.0000000000E+00,    0.0000000000E+00,    1.1848028496E+02
    109900,      0.676939,CP9_after_PTsource,   1,    0.0000000000E+00,    1.1848028496E+02,    1.1848028496E+02,    0.0000000000E+00,    0.0000000000E+00,    0.0000000000E+00,    1.1848028496E+02
    109900,      0.676939,CP10_after_neg_clamp,   1,    0.0000000000E+00,    1.1848028496E+02,    1.1848028496E+02,    0.0000000000E+00,    0.0000000000E+00,    0.0000000000E+00,    1.1848028496E+02
    109900,      0.676939,CP11_after_MPI,   1,    0.0000000000E+00,    1.1848028496E+02,    1.1848028496E+02,    0.0000000000E+00,    0.0000000000E+00,    0.0000000000E+00,    1.1848028496E+02
    109900,      0.676939,CP12_end,   1,    0.0000000000E+00,    1.1848028496E+02,    1.1848028496E+02,    0.0000000000E+00,    0.0000000000E+00,    0.0000000000E+00,    1.1848028496E+02
    109950,      0.676939,CP0_start,   1,    0.0000000000E+00,    1.1858160314E+02,    1.1858160314E+02,    0.0000000000E+00,    0.0000000000E+00,    0.0000000000E+00,    1.1858160314E+02
    109950,      0.676939,CP1_after_deposition,   1,    0.0000000000E+00,    1.1858160314E+02,    1.1858160314E+02,    0.0000000000E+00,    0.0000000000E+00,    0.0000000000E+00,    1.1858160314E+02
    109950,      0.676939,CP2_after_erosion,   1,    0.0000000000E+00,    1.1858160314E+02,    1.1858160314E+02,    0.0000000000E+00,    0.0000000000E+00,    0.0000000000E+00,    1.1858160314E+02
    109950,      0.676939,CP3_after_update_bottom,   1,    0.0000000000E+00,    1.1858160314E+02,    1.1858160314E+02,    0.0000000000E+00,    0.0000000000E+00,    0.0000000000E+00,    1.1858160314E+02
    109950,      0.676939,CP4_after_advection,   1,    0.0000000000E+00,    1.1858144910E+02,    1.1858144910E+02,    0.0000000000E+00,    0.0000000000E+00,    0.0000000000E+00,    1.1858144910E+02
    109950,      0.676939,CP5_after_vdif,   1,    0.0000000000E+00,    1.1858144910E+02,    1.1858144910E+02,    0.0000000000E+00,    0.0000000000E+00,    0.0000000000E+00,    1.1858144910E+02
    109950,      0.676939,CP6_after_kinetics,   1,    0.0000000000E+00,    1.1858144910E+02,    1.1858144910E+02,    0.0000000000E+00,    0.0000000000E+00,    0.0000000000E+00,    1.1858144910E+02
    109950,      0.676939,CP7_after_upper_clamp,   1,    0.0000000000E+00,    1.1858144910E+02,    1.1858144910E+02,    0.0000000000E+00,    0.0000000000E+00,    0.0000000000E+00,    1.1858144910E+02
    109950,      0.676939,CP8_after_OBC,   1,    0.0000000000E+00,    1.1858144910E+02,    1.1858144910E+02,    0.0000000000E+00,    0.0000000000E+00,    0.0000000000E+00,    1.1858144910E+02
    109950,      0.676939,CP9_after_PTsource,   1,    0.0000000000E+00,    1.1858144910E+02,    1.1858144910E+02,    0.0000000000E+00,    0.0000000000E+00,    0.0000000000E+00,    1.1858144910E+02
    109950,      0.676939,CP10_after_neg_clamp,   1,    0.0000000000E+00,    1.1858144910E+02,    1.1858144910E+02,    0.0000000000E+00,    0.0000000000E+00,    0.0000000000E+00,    1.1858144910E+02
    109950,      0.676939,CP11_after_MPI,   1,    0.0000000000E+00,    1.1858144910E+02,    1.1858144910E+02,    0.0000000000E+00,    0.0000000000E+00,    0.0000000000E+00,    1.1858144910E+02
    109950,      0.676939,CP12_end,   1,    0.0000000000E+00,    1.1858144910E+02,    1.1858144910E+02,    0.0000000000E+00,    0.0000000000E+00,    0.0000000000E+00,    1.1858144910E+02
    110000,      0.676939,CP0_start,   1,    0.0000000000E+00,    1.1868436794E+02,    1.1868436794E+02,    0.0000000000E+00,    0.0000000000E+00,    0.0000000000E+00,    1.1868436794E+02
    110000,      0.676939,CP1_after_deposition,   1,    0.0000000000E+00,    1.1868436794E+02,    1.1868436794E+02,    0.0000000000E+00,    0.0000000000E+00,    0.0000000000E+00,    1.1868436794E+02
    110000,      0.676939,CP2_after_erosion,   1,    0.0000000000E+00,    1.1868436794E+02,    1.1868436794E+02,    0.0000000000E+00,    0.0000000000E+00,    0.0000000000E+00,    1.1868436794E+02
    110000,      0.676939,CP3_after_update_bottom,   1,    0.0000000000E+00,    1.1868436794E+02,    1.1868436794E+02,    0.0000000000E+00,    0.0000000000E+00,    0.0000000000E+00,    1.1868436794E+02
    110000,      0.676939,CP4_after_advection,   1,    0.0000000000E+00,    1.1868409028E+02,    1.1868409028E+02,    0.0000000000E+00,    0.0000000000E+00,    0.0000000000E+00,    1.1868409028E+02
    110000,      0.676939,CP5_after_vdif,   1,    0.0000000000E+00,    1.1868409028E+02,    1.1868409028E+02,    0.0000000000E+00,    0.0000000000E+00,    0.0000000000E+00,    1.1868409028E+02
    110000,      0.676939,CP6_after_kinetics,   1,    0.0000000000E+00,    1.1868409028E+02,    1.1868409028E+02,    0.0000000000E+00,    0.0000000000E+00,    0.0000000000E+00,    1.1868409028E+02
    110000,      0.676939,CP7_after_upper_clamp,   1,    0.0000000000E+00,    1.1868409028E+02,    1.1868409028E+02,    0.0000000000E+00,    0.0000000000E+00,    0.0000000000E+00,    1.1868409028E+02
    110000,      0.676939,CP8_after_OBC,   1,    0.0000000000E+00,    1.1868409028E+02,    1.1868409028E+02,    0.0000000000E+00,    0.0000000000E+00,    0.0000000000E+00,    1.1868409028E+02
    110000,      0.676939,CP9_after_PTsource,   1,    0.0000000000E+00,    1.1868409028E+02,    1.1868409028E+02,    0.0000000000E+00,    0.0000000000E+00,    0.0000000000E+00,    1.1868409028E+02
    110000,      0.676939,CP10_after_neg_clamp,   1,    0.0000000000E+00,    1.1868409028E+02,    1.1868409028E+02,    0.0000000000E+00,    0.0000000000E+00,    0.0000000000E+00,    1.1868409028E+02
    110000,      0.676939,CP11_after_MPI,   1,    0.0000000000E+00,    1.1868409028E+02,    1.1868409028E+02,    0.0000000000E+00,    0.0000000000E+00,    0.0000000000E+00,    1.1868409028E+02
    110000,      0.676939,CP12_end,   1,    0.0000000000E+00,    1.1868409028E+02,    1.1868409028E+02,    0.0000000000E+00,    0.0000000000E+00,    0.0000000000E+00,    1.1868409028E+02
    110050,      0.676939,CP0_start,   1,    0.0000000000E+00,    1.1878843235E+02,    1.1878843235E+02,    0.0000000000E+00,    0.0000000000E+00,    0.0000000000E+00,    1.1878843235E+02
    110050,      0.676939,CP1_after_deposition,   1,    0.0000000000E+00,    1.1878843235E+02,    1.1878843235E+02,    0.0000000000E+00,    0.0000000000E+00,    0.0000000000E+00,    1.1878843235E+02
    110050,      0.676939,CP2_after_erosion,   1,    0.0000000000E+00,    1.1878843235E+02,    1.1878843235E+02,    0.0000000000E+00,    0.0000000000E+00,    0.0000000000E+00,    1.1878843235E+02
    110050,      0.676939,CP3_after_update_bottom,   1,    0.0000000000E+00,    1.1878843235E+02,    1.1878843235E+02,    0.0000000000E+00,    0.0000000000E+00,    0.0000000000E+00,    1.1878843235E+02
    110050,      0.676939,CP4_after_advection,   1,    0.0000000000E+00,    1.1878801769E+02,    1.1878801769E+02,    0.0000000000E+00,    0.0000000000E+00,    0.0000000000E+00,    1.1878801769E+02
    110050,      0.676939,CP5_after_vdif,   1,    0.0000000000E+00,    1.1878801769E+02,    1.1878801769E+02,    0.0000000000E+00,    0.0000000000E+00,    0.0000000000E+00,    1.1878801769E+02
    110050,      0.676939,CP6_after_kinetics,   1,    0.0000000000E+00,    1.1878801769E+02,    1.1878801769E+02,    0.0000000000E+00,    0.0000000000E+00,    0.0000000000E+00,    1.1878801769E+02
    110050,      0.676939,CP7_after_upper_clamp,   1,    0.0000000000E+00,    1.1878801769E+02,    1.1878801769E+02,    0.0000000000E+00,    0.0000000000E+00,    0.0000000000E+00,    1.1878801769E+02
    110050,      0.676939,CP8_after_OBC,   1,    0.0000000000E+00,    1.1878801769E+02,    1.1878801769E+02,    0.0000000000E+00,    0.0000000000E+00,    0.0000000000E+00,    1.1878801769E+02
    110050,      0.676939,CP9_after_PTsource,   1,    0.0000000000E+00,    1.1878801769E+02,    1.1878801769E+02,    0.0000000000E+00,    0.0000000000E+00,    0.0000000000E+00,    1.1878801769E+02
    110050,      0.676939,CP10_after_neg_clamp,   1,    0.0000000000E+00,    1.1878801769E+02,    1.1878801769E+02,    0.0000000000E+00,    0.0000000000E+00,    0.0000000000E+00,    1.1878801769E+02
    110050,      0.676939,CP11_after_MPI,   1,    0.0000000000E+00,    1.1878801769E+02,    1.1878801769E+02,    0.0000000000E+00,    0.0000000000E+00,    0.0000000000E+00,    1.1878801769E+02
    110050,      0.676939,CP12_end,   1,    0.0000000000E+00,    1.1878801769E+02,    1.1878801769E+02,    0.0000000000E+00,    0.0000000000E+00,    0.0000000000E+00,    1.1878801769E+02
    110100,      0.676939,CP0_start,   1,    0.0000000000E+00,    1.1889314938E+02,    1.1889314938E+02,    0.0000000000E+00,    0.0000000000E+00,    0.0000000000E+00,    1.1889314938E+02
    110100,      0.676939,CP1_after_deposition,   1,    0.0000000000E+00,    1.1889314938E+02,    1.1889314938E+02,    0.0000000000E+00,    0.0000000000E+00,    0.0000000000E+00,    1.1889314938E+02
    110100,      0.676939,CP2_after_erosion,   1,    0.0000000000E+00,    1.1889314938E+02,    1.1889314938E+02,    0.0000000000E+00,    0.0000000000E+00,    0.0000000000E+00,    1.1889314938E+02
    110100,      0.676939,CP3_after_update_bottom,   1,    0.0000000000E+00,    1.1889314938E+02,    1.1889314938E+02,    0.0000000000E+00,    0.0000000000E+00,    0.0000000000E+00,    1.1889314938E+02
    110100,      0.676939,CP4_after_advection,   1,    0.0000000000E+00,    1.1889257520E+02,    1.1889257520E+02,    0.0000000000E+00,    0.0000000000E+00,    0.0000000000E+00,    1.1889257520E+02
    110100,      0.676939,CP5_after_vdif,   1,    0.0000000000E+00,    1.1889257520E+02,    1.1889257520E+02,    0.0000000000E+00,    0.0000000000E+00,    0.0000000000E+00,    1.1889257520E+02
    110100,      0.676939,CP6_after_kinetics,   1,    0.0000000000E+00,    1.1889257520E+02,    1.1889257520E+02,    0.0000000000E+00,    0.0000000000E+00,    0.0000000000E+00,    1.1889257520E+02
    110100,      0.676939,CP7_after_upper_clamp,   1,    0.0000000000E+00,    1.1889257520E+02,    1.1889257520E+02,    0.0000000000E+00,    0.0000000000E+00,    0.0000000000E+00,    1.1889257520E+02
    110100,      0.676939,CP8_after_OBC,   1,    0.0000000000E+00,    1.1889257520E+02,    1.1889257520E+02,    0.0000000000E+00,    0.0000000000E+00,    0.0000000000E+00,    1.1889257520E+02
    110100,      0.676939,CP9_after_PTsource,   1,    0.0000000000E+00,    1.1889257520E+02,    1.1889257520E+02,    0.0000000000E+00,    0.0000000000E+00,    0.0000000000E+00,    1.1889257520E+02
    110100,      0.676939,CP10_after_neg_clamp,   1,    0.0000000000E+00,    1.1889257520E+02,    1.1889257520E+02,    0.0000000000E+00,    0.0000000000E+00,    0.0000000000E+00,    1.1889257520E+02
    110100,      0.676939,CP11_after_MPI,   1,    0.0000000000E+00,    1.1889257520E+02,    1.1889257520E+02,    0.0000000000E+00,    0.0000000000E+00,    0.0000000000E+00,    1.1889257520E+02
    110100,      0.676939,CP12_end,   1,    0.0000000000E+00,    1.1889257520E+02,    1.1889257520E+02,    0.0000000000E+00,    0.0000000000E+00,    0.0000000000E+00,    1.1889257520E+02
    110150,      0.676939,CP0_start,   1,    0.0000000000E+00,    1.1899752754E+02,    1.1899752754E+02,    0.0000000000E+00,    0.0000000000E+00,    0.0000000000E+00,    1.1899752754E+02
    110150,      0.676939,CP1_after_deposition,   1,    0.0000000000E+00,    1.1899752754E+02,    1.1899752754E+02,    0.0000000000E+00,    0.0000000000E+00,    0.0000000000E+00,    1.1899752754E+02
    110150,      0.676939,CP2_after_erosion,   1,    0.0000000000E+00,    1.1899752754E+02,    1.1899752754E+02,    0.0000000000E+00,    0.0000000000E+00,    0.0000000000E+00,    1.1899752754E+02
    110150,      0.676939,CP3_after_update_bottom,   1,    0.0000000000E+00,    1.1899752754E+02,    1.1899752754E+02,    0.0000000000E+00,    0.0000000000E+00,    0.0000000000E+00,    1.1899752754E+02
    110150,      0.676939,CP4_after_advection,   1,    0.0000000000E+00,    1.1899677111E+02,    1.1899677111E+02,    0.0000000000E+00,    0.0000000000E+00,    0.0000000000E+00,    1.1899677111E+02
    110150,      0.676939,CP5_after_vdif,   1,    0.0000000000E+00,    1.1899677111E+02,    1.1899677111E+02,    0.0000000000E+00,    0.0000000000E+00,    0.0000000000E+00,    1.1899677111E+02
    110150,      0.676939,CP6_after_kinetics,   1,    0.0000000000E+00,    1.1899677111E+02,    1.1899677111E+02,    0.0000000000E+00,    0.0000000000E+00,    0.0000000000E+00,    1.1899677111E+02
    110150,      0.676939,CP7_after_upper_clamp,   1,    0.0000000000E+00,    1.1899677111E+02,    1.1899677111E+02,    0.0000000000E+00,    0.0000000000E+00,    0.0000000000E+00,    1.1899677111E+02
    110150,      0.676939,CP8_after_OBC,   1,    0.0000000000E+00,    1.1899677111E+02,    1.1899677111E+02,    0.0000000000E+00,    0.0000000000E+00,    0.0000000000E+00,    1.1899677111E+02
    110150,      0.676939,CP9_after_PTsource,   1,    0.0000000000E+00,    1.1899677111E+02,    1.1899677111E+02,    0.0000000000E+00,    0.0000000000E+00,    0.0000000000E+00,    1.1899677111E+02
    110150,      0.676939,CP10_after_neg_clamp,   1,    0.0000000000E+00,    1.1899677111E+02,    1.1899677111E+02,    0.0000000000E+00,    0.0000000000E+00,    0.0000000000E+00,    1.1899677111E+02
    110150,      0.676939,CP11_after_MPI,   1,    0.0000000000E+00,    1.1899677111E+02,    1.1899677111E+02,    0.0000000000E+00,    0.0000000000E+00,    0.0000000000E+00,    1.1899677111E+02
    110150,      0.676939,CP12_end,   1,    0.0000000000E+00,    1.1899677111E+02,    1.1899677111E+02,    0.0000000000E+00,    0.0000000000E+00,    0.0000000000E+00,    1.1899677111E+02
    110200,      0.676939,CP0_start,   1,    0.0000000000E+00,    1.1910053154E+02,    1.1910053154E+02,    0.0000000000E+00,    0.0000000000E+00,    0.0000000000E+00,    1.1910053154E+02
    110200,      0.676939,CP1_after_deposition,   1,    0.0000000000E+00,    1.1910053154E+02,    1.1910053154E+02,    0.0000000000E+00,    0.0000000000E+00,    0.0000000000E+00,    1.1910053154E+02
    110200,      0.676939,CP2_after_erosion,   1,    0.0000000000E+00,    1.1910053154E+02,    1.1910053154E+02,    0.0000000000E+00,    0.0000000000E+00,    0.0000000000E+00,    1.1910053154E+02
    110200,      0.676939,CP3_after_update_bottom,   1,    0.0000000000E+00,    1.1910053154E+02,    1.1910053154E+02,    0.0000000000E+00,    0.0000000000E+00,    0.0000000000E+00,    1.1910053154E+02
    110200,      0.676939,CP4_after_advection,   1,    0.0000000000E+00,    1.1909957076E+02,    1.1909957076E+02,    0.0000000000E+00,    0.0000000000E+00,    0.0000000000E+00,    1.1909957076E+02
    110200,      0.676939,CP5_after_vdif,   1,    0.0000000000E+00,    1.1909957076E+02,    1.1909957076E+02,    0.0000000000E+00,    0.0000000000E+00,    0.0000000000E+00,    1.1909957076E+02
    110200,      0.676939,CP6_after_kinetics,   1,    0.0000000000E+00,    1.1909957076E+02,    1.1909957076E+02,    0.0000000000E+00,    0.0000000000E+00,    0.0000000000E+00,    1.1909957076E+02
    110200,      0.676939,CP7_after_upper_clamp,   1,    0.0000000000E+00,    1.1909957076E+02,    1.1909957076E+02,    0.0000000000E+00,    0.0000000000E+00,    0.0000000000E+00,    1.1909957076E+02
    110200,      0.676939,CP8_after_OBC,   1,    0.0000000000E+00,    1.1909957076E+02,    1.1909957076E+02,    0.0000000000E+00,    0.0000000000E+00,    0.0000000000E+00,    1.1909957076E+02
    110200,      0.676939,CP9_after_PTsource,   1,    0.0000000000E+00,    1.1909957076E+02,    1.1909957076E+02,    0.0000000000E+00,    0.0000000000E+00,    0.0000000000E+00,    1.1909957076E+02
    110200,      0.676939,CP10_after_neg_clamp,   1,    0.0000000000E+00,    1.1909957076E+02,    1.1909957076E+02,    0.0000000000E+00,    0.0000000000E+00,    0.0000000000E+00,    1.1909957076E+02
    110200,      0.676939,CP11_after_MPI,   1,    0.0000000000E+00,    1.1909957076E+02,    1.1909957076E+02,    0.0000000000E+00,    0.0000000000E+00,    0.0000000000E+00,    1.1909957076E+02
    110200,      0.676939,CP12_end,   1,    0.0000000000E+00,    1.1909957076E+02,    1.1909957076E+02,    0.0000000000E+00,    0.0000000000E+00,    0.0000000000E+00,    1.1909957076E+02
    110250,      0.676939,CP0_start,   1,    0.0000000000E+00,    1.1920135636E+02,    1.1920135636E+02,    0.0000000000E+00,    0.0000000000E+00,    0.0000000000E+00,    1.1920135636E+02
    110250,      0.676939,CP1_after_deposition,   1,    0.0000000000E+00,    1.1920135636E+02,    1.1920135636E+02,    0.0000000000E+00,    0.0000000000E+00,    0.0000000000E+00,    1.1920135636E+02
    110250,      0.676939,CP2_after_erosion,   1,    0.0000000000E+00,    1.1920135636E+02,    1.1920135636E+02,    0.0000000000E+00,    0.0000000000E+00,    0.0000000000E+00,    1.1920135636E+02
    110250,      0.676939,CP3_after_update_bottom,   1,    0.0000000000E+00,    1.1920135636E+02,    1.1920135636E+02,    0.0000000000E+00,    0.0000000000E+00,    0.0000000000E+00,    1.1920135636E+02
    110250,      0.676939,CP4_after_advection,   1,    0.0000000000E+00,    1.1920017632E+02,    1.1920017632E+02,    0.0000000000E+00,    0.0000000000E+00,    0.0000000000E+00,    1.1920017632E+02
    110250,      0.676939,CP5_after_vdif,   1,    0.0000000000E+00,    1.1920017632E+02,    1.1920017632E+02,    0.0000000000E+00,    0.0000000000E+00,    0.0000000000E+00,    1.1920017632E+02
    110250,      0.676939,CP6_after_kinetics,   1,    0.0000000000E+00,    1.1920017632E+02,    1.1920017632E+02,    0.0000000000E+00,    0.0000000000E+00,    0.0000000000E+00,    1.1920017632E+02
    110250,      0.676939,CP7_after_upper_clamp,   1,    0.0000000000E+00,    1.1920017632E+02,    1.1920017632E+02,    0.0000000000E+00,    0.0000000000E+00,    0.0000000000E+00,    1.1920017632E+02
    110250,      0.676939,CP8_after_OBC,   1,    0.0000000000E+00,    1.1920017632E+02,    1.1920017632E+02,    0.0000000000E+00,    0.0000000000E+00,    0.0000000000E+00,    1.1920017632E+02
    110250,      0.676939,CP9_after_PTsource,   1,    0.0000000000E+00,    1.1920017632E+02,    1.1920017632E+02,    0.0000000000E+00,    0.0000000000E+00,    0.0000000000E+00,    1.1920017632E+02
    110250,      0.676939,CP10_after_neg_clamp,   1,    0.0000000000E+00,    1.1920017632E+02,    1.1920017632E+02,    0.0000000000E+00,    0.0000000000E+00,    0.0000000000E+00,    1.1920017632E+02
    110250,      0.676939,CP11_after_MPI,   1,    0.0000000000E+00,    1.1920017632E+02,    1.1920017632E+02,    0.0000000000E+00,    0.0000000000E+00,    0.0000000000E+00,    1.1920017632E+02
    110250,      0.676939,CP12_end,   1,    0.0000000000E+00,    1.1920017632E+02,    1.1920017632E+02,    0.0000000000E+00,    0.0000000000E+00,    0.0000000000E+00,    1.1920017632E+02
    110300,      0.676939,CP0_start,   1,    0.0000000000E+00,    1.1929993231E+02,    1.1929993231E+02,    0.0000000000E+00,    0.0000000000E+00,    0.0000000000E+00,    1.1929993231E+02
    110300,      0.676939,CP1_after_deposition,   1,    0.0000000000E+00,    1.1929993231E+02,    1.1929993231E+02,    0.0000000000E+00,    0.0000000000E+00,    0.0000000000E+00,    1.1929993231E+02
    110300,      0.676939,CP2_after_erosion,   1,    0.0000000000E+00,    1.1929993231E+02,    1.1929993231E+02,    0.0000000000E+00,    0.0000000000E+00,    0.0000000000E+00,    1.1929993231E+02
    110300,      0.676939,CP3_after_update_bottom,   1,    0.0000000000E+00,    1.1929993231E+02,    1.1929993231E+02,    0.0000000000E+00,    0.0000000000E+00,    0.0000000000E+00,    1.1929993231E+02
    110300,      0.676939,CP4_after_advection,   1,    0.0000000000E+00,    1.1929853936E+02,    1.1929853936E+02,    0.0000000000E+00,    0.0000000000E+00,    0.0000000000E+00,    1.1929853936E+02
    110300,      0.676939,CP5_after_vdif,   1,    0.0000000000E+00,    1.1929853936E+02,    1.1929853936E+02,    0.0000000000E+00,    0.0000000000E+00,    0.0000000000E+00,    1.1929853936E+02
    110300,      0.676939,CP6_after_kinetics,   1,    0.0000000000E+00,    1.1929853936E+02,    1.1929853936E+02,    0.0000000000E+00,    0.0000000000E+00,    0.0000000000E+00,    1.1929853936E+02
    110300,      0.676939,CP7_after_upper_clamp,   1,    0.0000000000E+00,    1.1929853936E+02,    1.1929853936E+02,    0.0000000000E+00,    0.0000000000E+00,    0.0000000000E+00,    1.1929853936E+02
    110300,      0.676939,CP8_after_OBC,   1,    0.0000000000E+00,    1.1929853936E+02,    1.1929853936E+02,    0.0000000000E+00,    0.0000000000E+00,    0.0000000000E+00,    1.1929853936E+02
    110300,      0.676939,CP9_after_PTsource,   1,    0.0000000000E+00,    1.1929853936E+02,    1.1929853936E+02,    0.0000000000E+00,    0.0000000000E+00,    0.0000000000E+00,    1.1929853936E+02
    110300,      0.676939,CP10_after_neg_clamp,   1,    0.0000000000E+00,    1.1929853936E+02,    1.1929853936E+02,    0.0000000000E+00,    0.0000000000E+00,    0.0000000000E+00,    1.1929853936E+02
    110300,      0.676939,CP11_after_MPI,   1,    0.0000000000E+00,    1.1929853936E+02,    1.1929853936E+02,    0.0000000000E+00,    0.0000000000E+00,    0.0000000000E+00,    1.1929853936E+02
    110300,      0.676939,CP12_end,   1,    0.0000000000E+00,    1.1929853936E+02,    1.1929853936E+02,    0.0000000000E+00,    0.0000000000E+00,    0.0000000000E+00,    1.1929853936E+02
    110350,      0.676939,CP0_start,   1,    0.0000000000E+00,    1.1939671196E+02,    1.1939671196E+02,    0.0000000000E+00,    0.0000000000E+00,    0.0000000000E+00,    1.1939671196E+02
    110350,      0.676939,CP1_after_deposition,   1,    0.0000000000E+00,    1.1939671196E+02,    1.1939671196E+02,    0.0000000000E+00,    0.0000000000E+00,    0.0000000000E+00,    1.1939671196E+02
    110350,      0.676939,CP2_after_erosion,   1,    0.0000000000E+00,    1.1939671196E+02,    1.1939671196E+02,    0.0000000000E+00,    0.0000000000E+00,    0.0000000000E+00,    1.1939671196E+02
    110350,      0.676939,CP3_after_update_bottom,   1,    0.0000000000E+00,    1.1939671196E+02,    1.1939671196E+02,    0.0000000000E+00,    0.0000000000E+00,    0.0000000000E+00,    1.1939671196E+02
    110350,      0.676939,CP4_after_advection,   1,    0.0000000000E+00,    1.1939511692E+02,    1.1939511692E+02,    0.0000000000E+00,    0.0000000000E+00,    0.0000000000E+00,    1.1939511692E+02
    110350,      0.676939,CP5_after_vdif,   1,    0.0000000000E+00,    1.1939511692E+02,    1.1939511692E+02,    0.0000000000E+00,    0.0000000000E+00,    0.0000000000E+00,    1.1939511692E+02
    110350,      0.676939,CP6_after_kinetics,   1,    0.0000000000E+00,    1.1939511692E+02,    1.1939511692E+02,    0.0000000000E+00,    0.0000000000E+00,    0.0000000000E+00,    1.1939511692E+02
    110350,      0.676939,CP7_after_upper_clamp,   1,    0.0000000000E+00,    1.1939511692E+02,    1.1939511692E+02,    0.0000000000E+00,    0.0000000000E+00,    0.0000000000E+00,    1.1939511692E+02
    110350,      0.676939,CP8_after_OBC,   1,    0.0000000000E+00,    1.1939511692E+02,    1.1939511692E+02,    0.0000000000E+00,    0.0000000000E+00,    0.0000000000E+00,    1.1939511692E+02
    110350,      0.676939,CP9_after_PTsource,   1,    0.0000000000E+00,    1.1939511692E+02,    1.1939511692E+02,    0.0000000000E+00,    0.0000000000E+00,    0.0000000000E+00,    1.1939511692E+02
    110350,      0.676939,CP10_after_neg_clamp,   1,    0.0000000000E+00,    1.1939511692E+02,    1.1939511692E+02,    0.0000000000E+00,    0.0000000000E+00,    0.0000000000E+00,    1.1939511692E+02
    110350,      0.676939,CP11_after_MPI,   1,    0.0000000000E+00,    1.1939511692E+02,    1.1939511692E+02,    0.0000000000E+00,    0.0000000000E+00,    0.0000000000E+00,    1.1939511692E+02
    110350,      0.676939,CP12_end,   1,    0.0000000000E+00,    1.1939511692E+02,    1.1939511692E+02,    0.0000000000E+00,    0.0000000000E+00,    0.0000000000E+00,    1.1939511692E+02
    110400,      0.676939,CP0_start,   1,    0.0000000000E+00,    1.1949235325E+02,    1.1949235325E+02,    0.0000000000E+00,    0.0000000000E+00,    0.0000000000E+00,    1.1949235325E+02
    110400,      0.676939,CP1_after_deposition,   1,    0.0000000000E+00,    1.1949235325E+02,    1.1949235325E+02,    0.0000000000E+00,    0.0000000000E+00,    0.0000000000E+00,    1.1949235325E+02
    110400,      0.676939,CP2_after_erosion,   1,    0.0000000000E+00,    1.1949235325E+02,    1.1949235325E+02,    0.0000000000E+00,    0.0000000000E+00,    0.0000000000E+00,    1.1949235325E+02
    110400,      0.676939,CP3_after_update_bottom,   1,    0.0000000000E+00,    1.1949235325E+02,    1.1949235325E+02,    0.0000000000E+00,    0.0000000000E+00,    0.0000000000E+00,    1.1949235325E+02
    110400,      0.676939,CP4_after_advection,   1,    0.0000000000E+00,    1.1949056915E+02,    1.1949056915E+02,    0.0000000000E+00,    0.0000000000E+00,    0.0000000000E+00,    1.1949056915E+02
    110400,      0.676939,CP5_after_vdif,   1,    0.0000000000E+00,    1.1949056915E+02,    1.1949056915E+02,    0.0000000000E+00,    0.0000000000E+00,    0.0000000000E+00,    1.1949056915E+02
    110400,      0.676939,CP6_after_kinetics,   1,    0.0000000000E+00,    1.1949056915E+02,    1.1949056915E+02,    0.0000000000E+00,    0.0000000000E+00,    0.0000000000E+00,    1.1949056915E+02
    110400,      0.676939,CP7_after_upper_clamp,   1,    0.0000000000E+00,    1.1949056915E+02,    1.1949056915E+02,    0.0000000000E+00,    0.0000000000E+00,    0.0000000000E+00,    1.1949056915E+02
    110400,      0.676939,CP8_after_OBC,   1,    0.0000000000E+00,    1.1949056915E+02,    1.1949056915E+02,    0.0000000000E+00,    0.0000000000E+00,    0.0000000000E+00,    1.1949056915E+02
    110400,      0.676939,CP9_after_PTsource,   1,    0.0000000000E+00,    1.1949056915E+02,    1.1949056915E+02,    0.0000000000E+00,    0.0000000000E+00,    0.0000000000E+00,    1.1949056915E+02
    110400,      0.676939,CP10_after_neg_clamp,   1,    0.0000000000E+00,    1.1949056915E+02,    1.1949056915E+02,    0.0000000000E+00,    0.0000000000E+00,    0.0000000000E+00,    1.1949056915E+02
    110400,      0.676939,CP11_after_MPI,   1,    0.0000000000E+00,    1.1949056915E+02,    1.1949056915E+02,    0.0000000000E+00,    0.0000000000E+00,    0.0000000000E+00,    1.1949056915E+02
    110400,      0.676939,CP12_end,   1,    0.0000000000E+00,    1.1949056915E+02,    1.1949056915E+02,    0.0000000000E+00,    0.0000000000E+00,    0.0000000000E+00,    1.1949056915E+02
    110450,      0.676939,CP0_start,   1,    0.0000000000E+00,    1.1958723318E+02,    1.1958723318E+02,    0.0000000000E+00,    0.0000000000E+00,    0.0000000000E+00,    1.1958723318E+02
    110450,      0.676939,CP1_after_deposition,   1,    0.0000000000E+00,    1.1958723318E+02,    1.1958723318E+02,    0.0000000000E+00,    0.0000000000E+00,    0.0000000000E+00,    1.1958723318E+02
    110450,      0.676939,CP2_after_erosion,   1,    0.0000000000E+00,    1.1958723318E+02,    1.1958723318E+02,    0.0000000000E+00,    0.0000000000E+00,    0.0000000000E+00,    1.1958723318E+02
    110450,      0.676939,CP3_after_update_bottom,   1,    0.0000000000E+00,    1.1958723318E+02,    1.1958723318E+02,    0.0000000000E+00,    0.0000000000E+00,    0.0000000000E+00,    1.1958723318E+02
    110450,      0.676939,CP4_after_advection,   1,    0.0000000000E+00,    1.1958526432E+02,    1.1958526432E+02,    0.0000000000E+00,    0.0000000000E+00,    0.0000000000E+00,    1.1958526432E+02
    110450,      0.676939,CP5_after_vdif,   1,    0.0000000000E+00,    1.1958526432E+02,    1.1958526432E+02,    0.0000000000E+00,    0.0000000000E+00,    0.0000000000E+00,    1.1958526432E+02
    110450,      0.676939,CP6_after_kinetics,   1,    0.0000000000E+00,    1.1958526432E+02,    1.1958526432E+02,    0.0000000000E+00,    0.0000000000E+00,    0.0000000000E+00,    1.1958526432E+02
    110450,      0.676939,CP7_after_upper_clamp,   1,    0.0000000000E+00,    1.1958526432E+02,    1.1958526432E+02,    0.0000000000E+00,    0.0000000000E+00,    0.0000000000E+00,    1.1958526432E+02
    110450,      0.676939,CP8_after_OBC,   1,    0.0000000000E+00,    1.1958526432E+02,    1.1958526432E+02,    0.0000000000E+00,    0.0000000000E+00,    0.0000000000E+00,    1.1958526432E+02
    110450,      0.676939,CP9_after_PTsource,   1,    0.0000000000E+00,    1.1958526432E+02,    1.1958526432E+02,    0.0000000000E+00,    0.0000000000E+00,    0.0000000000E+00,    1.1958526432E+02
    110450,      0.676939,CP10_after_neg_clamp,   1,    0.0000000000E+00,    1.1958526432E+02,    1.1958526432E+02,    0.0000000000E+00,    0.0000000000E+00,    0.0000000000E+00,    1.1958526432E+02
    110450,      0.676939,CP11_after_MPI,   1,    0.0000000000E+00,    1.1958526432E+02,    1.1958526432E+02,    0.0000000000E+00,    0.0000000000E+00,    0.0000000000E+00,    1.1958526432E+02
    110450,      0.676939,CP12_end,   1,    0.0000000000E+00,    1.1958526432E+02,    1.1958526432E+02,    0.0000000000E+00,    0.0000000000E+00,    0.0000000000E+00,    1.1958526432E+02
    110500,      0.676939,CP0_start,   1,    0.0000000000E+00,    1.1968150253E+02,    1.1968150253E+02,    0.0000000000E+00,    0.0000000000E+00,    0.0000000000E+00,    1.1968150253E+02
    110500,      0.676939,CP1_after_deposition,   1,    0.0000000000E+00,    1.1968150253E+02,    1.1968150253E+02,    0.0000000000E+00,    0.0000000000E+00,    0.0000000000E+00,    1.1968150253E+02
    110500,      0.676939,CP2_after_erosion,   1,    0.0000000000E+00,    1.1968150253E+02,    1.1968150253E+02,    0.0000000000E+00,    0.0000000000E+00,    0.0000000000E+00,    1.1968150253E+02
    110500,      0.676939,CP3_after_update_bottom,   1,    0.0000000000E+00,    1.1968150253E+02,    1.1968150253E+02,    0.0000000000E+00,    0.0000000000E+00,    0.0000000000E+00,    1.1968150253E+02
    110500,      0.676939,CP4_after_advection,   1,    0.0000000000E+00,    1.1967935299E+02,    1.1967935299E+02,    0.0000000000E+00,    0.0000000000E+00,    0.0000000000E+00,    1.1967935299E+02
    110500,      0.676939,CP5_after_vdif,   1,    0.0000000000E+00,    1.1967935299E+02,    1.1967935299E+02,    0.0000000000E+00,    0.0000000000E+00,    0.0000000000E+00,    1.1967935299E+02
    110500,      0.676939,CP6_after_kinetics,   1,    0.0000000000E+00,    1.1967935299E+02,    1.1967935299E+02,    0.0000000000E+00,    0.0000000000E+00,    0.0000000000E+00,    1.1967935299E+02
    110500,      0.676939,CP7_after_upper_clamp,   1,    0.0000000000E+00,    1.1967935299E+02,    1.1967935299E+02,    0.0000000000E+00,    0.0000000000E+00,    0.0000000000E+00,    1.1967935299E+02
    110500,      0.676939,CP8_after_OBC,   1,    0.0000000000E+00,    1.1967935299E+02,    1.1967935299E+02,    0.0000000000E+00,    0.0000000000E+00,    0.0000000000E+00,    1.1967935299E+02
    110500,      0.676939,CP9_after_PTsource,   1,    0.0000000000E+00,    1.1967935299E+02,    1.1967935299E+02,    0.0000000000E+00,    0.0000000000E+00,    0.0000000000E+00,    1.1967935299E+02
    110500,      0.676939,CP10_after_neg_clamp,   1,    0.0000000000E+00,    1.1967935299E+02,    1.1967935299E+02,    0.0000000000E+00,    0.0000000000E+00,    0.0000000000E+00,    1.1967935299E+02
    110500,      0.676939,CP11_after_MPI,   1,    0.0000000000E+00,    1.1967935299E+02,    1.1967935299E+02,    0.0000000000E+00,    0.0000000000E+00,    0.0000000000E+00,    1.1967935299E+02
    110500,      0.676939,CP12_end,   1,    0.0000000000E+00,    1.1967935299E+02,    1.1967935299E+02,    0.0000000000E+00,    0.0000000000E+00,    0.0000000000E+00,    1.1967935299E+02
    110550,      0.676939,CP0_start,   1,    0.0000000000E+00,    1.1977546267E+02,    1.1977546267E+02,    0.0000000000E+00,    0.0000000000E+00,    0.0000000000E+00,    1.1977546267E+02
    110550,      0.676939,CP1_after_deposition,   1,    0.0000000000E+00,    1.1977546267E+02,    1.1977546267E+02,    0.0000000000E+00,    0.0000000000E+00,    0.0000000000E+00,    1.1977546267E+02
    110550,      0.676939,CP2_after_erosion,   1,    0.0000000000E+00,    1.1977546267E+02,    1.1977546267E+02,    0.0000000000E+00,    0.0000000000E+00,    0.0000000000E+00,    1.1977546267E+02
    110550,      0.676939,CP3_after_update_bottom,   1,    0.0000000000E+00,    1.1977546267E+02,    1.1977546267E+02,    0.0000000000E+00,    0.0000000000E+00,    0.0000000000E+00,    1.1977546267E+02
    110550,      0.676939,CP4_after_advection,   1,    0.0000000000E+00,    1.1977314606E+02,    1.1977314606E+02,    0.0000000000E+00,    0.0000000000E+00,    0.0000000000E+00,    1.1977314606E+02
    110550,      0.676939,CP5_after_vdif,   1,    0.0000000000E+00,    1.1977314606E+02,    1.1977314606E+02,    0.0000000000E+00,    0.0000000000E+00,    0.0000000000E+00,    1.1977314606E+02
    110550,      0.676939,CP6_after_kinetics,   1,    0.0000000000E+00,    1.1977314606E+02,    1.1977314606E+02,    0.0000000000E+00,    0.0000000000E+00,    0.0000000000E+00,    1.1977314606E+02
    110550,      0.676939,CP7_after_upper_clamp,   1,    0.0000000000E+00,    1.1977314606E+02,    1.1977314606E+02,    0.0000000000E+00,    0.0000000000E+00,    0.0000000000E+00,    1.1977314606E+02
    110550,      0.676939,CP8_after_OBC,   1,    0.0000000000E+00,    1.1977314606E+02,    1.1977314606E+02,    0.0000000000E+00,    0.0000000000E+00,    0.0000000000E+00,    1.1977314606E+02
    110550,      0.676939,CP9_after_PTsource,   1,    0.0000000000E+00,    1.1977314606E+02,    1.1977314606E+02,    0.0000000000E+00,    0.0000000000E+00,    0.0000000000E+00,    1.1977314606E+02
    110550,      0.676939,CP10_after_neg_clamp,   1,    0.0000000000E+00,    1.1977314606E+02,    1.1977314606E+02,    0.0000000000E+00,    0.0000000000E+00,    0.0000000000E+00,    1.1977314606E+02
    110550,      0.676939,CP11_after_MPI,   1,    0.0000000000E+00,    1.1977314606E+02,    1.1977314606E+02,    0.0000000000E+00,    0.0000000000E+00,    0.0000000000E+00,    1.1977314606E+02
    110550,      0.676939,CP12_end,   1,    0.0000000000E+00,    1.1977314606E+02,    1.1977314606E+02,    0.0000000000E+00,    0.0000000000E+00,    0.0000000000E+00,    1.1977314606E+02
    110600,      0.676939,CP0_start,   1,    0.0000000000E+00,    1.1986963051E+02,    1.1986963051E+02,    0.0000000000E+00,    0.0000000000E+00,    0.0000000000E+00,    1.1986963051E+02
    110600,      0.676939,CP1_after_deposition,   1,    0.0000000000E+00,    1.1986963051E+02,    1.1986963051E+02,    0.0000000000E+00,    0.0000000000E+00,    0.0000000000E+00,    1.1986963051E+02
    110600,      0.676939,CP2_after_erosion,   1,    0.0000000000E+00,    1.1986963051E+02,    1.1986963051E+02,    0.0000000000E+00,    0.0000000000E+00,    0.0000000000E+00,    1.1986963051E+02
    110600,      0.676939,CP3_after_update_bottom,   1,    0.0000000000E+00,    1.1986963051E+02,    1.1986963051E+02,    0.0000000000E+00,    0.0000000000E+00,    0.0000000000E+00,    1.1986963051E+02
    110600,      0.676939,CP4_after_advection,   1,    0.0000000000E+00,    1.1986715325E+02,    1.1986715325E+02,    0.0000000000E+00,    0.0000000000E+00,    0.0000000000E+00,    1.1986715325E+02
    110600,      0.676939,CP5_after_vdif,   1,    0.0000000000E+00,    1.1986715325E+02,    1.1986715325E+02,    0.0000000000E+00,    0.0000000000E+00,    0.0000000000E+00,    1.1986715325E+02
    110600,      0.676939,CP6_after_kinetics,   1,    0.0000000000E+00,    1.1986715325E+02,    1.1986715325E+02,    0.0000000000E+00,    0.0000000000E+00,    0.0000000000E+00,    1.1986715325E+02
    110600,      0.676939,CP7_after_upper_clamp,   1,    0.0000000000E+00,    1.1986715325E+02,    1.1986715325E+02,    0.0000000000E+00,    0.0000000000E+00,    0.0000000000E+00,    1.1986715325E+02
    110600,      0.676939,CP8_after_OBC,   1,    0.0000000000E+00,    1.1986715325E+02,    1.1986715325E+02,    0.0000000000E+00,    0.0000000000E+00,    0.0000000000E+00,    1.1986715325E+02
    110600,      0.676939,CP9_after_PTsource,   1,    0.0000000000E+00,    1.1986715325E+02,    1.1986715325E+02,    0.0000000000E+00,    0.0000000000E+00,    0.0000000000E+00,    1.1986715325E+02
    110600,      0.676939,CP10_after_neg_clamp,   1,    0.0000000000E+00,    1.1986715325E+02,    1.1986715325E+02,    0.0000000000E+00,    0.0000000000E+00,    0.0000000000E+00,    1.1986715325E+02
    110600,      0.676939,CP11_after_MPI,   1,    0.0000000000E+00,    1.1986715325E+02,    1.1986715325E+02,    0.0000000000E+00,    0.0000000000E+00,    0.0000000000E+00,    1.1986715325E+02
    110600,      0.676939,CP12_end,   1,    0.0000000000E+00,    1.1986715325E+02,    1.1986715325E+02,    0.0000000000E+00,    0.0000000000E+00,    0.0000000000E+00,    1.1986715325E+02
    110650,      0.676939,CP0_start,   1,    0.0000000000E+00,    1.1996380001E+02,    1.1996380001E+02,    0.0000000000E+00,    0.0000000000E+00,    0.0000000000E+00,    1.1996380001E+02
    110650,      0.676939,CP1_after_deposition,   1,    0.0000000000E+00,    1.1996380001E+02,    1.1996380001E+02,    0.0000000000E+00,    0.0000000000E+00,    0.0000000000E+00,    1.1996380001E+02
    110650,      0.676939,CP2_after_erosion,   1,    0.0000000000E+00,    1.1996380001E+02,    1.1996380001E+02,    0.0000000000E+00,    0.0000000000E+00,    0.0000000000E+00,    1.1996380001E+02
    110650,      0.676939,CP3_after_update_bottom,   1,    0.0000000000E+00,    1.1996380001E+02,    1.1996380001E+02,    0.0000000000E+00,    0.0000000000E+00,    0.0000000000E+00,    1.1996380001E+02
    110650,      0.676939,CP4_after_advection,   1,    0.0000000000E+00,    1.1996115236E+02,    1.1996115236E+02,    0.0000000000E+00,    0.0000000000E+00,    0.0000000000E+00,    1.1996115236E+02
    110650,      0.676939,CP5_after_vdif,   1,    0.0000000000E+00,    1.1996115236E+02,    1.1996115236E+02,    0.0000000000E+00,    0.0000000000E+00,    0.0000000000E+00,    1.1996115236E+02
    110650,      0.676939,CP6_after_kinetics,   1,    0.0000000000E+00,    1.1996115236E+02,    1.1996115236E+02,    0.0000000000E+00,    0.0000000000E+00,    0.0000000000E+00,    1.1996115236E+02
    110650,      0.676939,CP7_after_upper_clamp,   1,    0.0000000000E+00,    1.1996115236E+02,    1.1996115236E+02,    0.0000000000E+00,    0.0000000000E+00,    0.0000000000E+00,    1.1996115236E+02
    110650,      0.676939,CP8_after_OBC,   1,    0.0000000000E+00,    1.1996115236E+02,    1.1996115236E+02,    0.0000000000E+00,    0.0000000000E+00,    0.0000000000E+00,    1.1996115236E+02
    110650,      0.676939,CP9_after_PTsource,   1,    0.0000000000E+00,    1.1996115236E+02,    1.1996115236E+02,    0.0000000000E+00,    0.0000000000E+00,    0.0000000000E+00,    1.1996115236E+02
    110650,      0.676939,CP10_after_neg_clamp,   1,    0.0000000000E+00,    1.1996115236E+02,    1.1996115236E+02,    0.0000000000E+00,    0.0000000000E+00,    0.0000000000E+00,    1.1996115236E+02
    110650,      0.676939,CP11_after_MPI,   1,    0.0000000000E+00,    1.1996115236E+02,    1.1996115236E+02,    0.0000000000E+00,    0.0000000000E+00,    0.0000000000E+00,    1.1996115236E+02
    110650,      0.676939,CP12_end,   1,    0.0000000000E+00,    1.1996115236E+02,    1.1996115236E+02,    0.0000000000E+00,    0.0000000000E+00,    0.0000000000E+00,    1.1996115236E+02
    110700,      0.676939,CP0_start,   1,    0.0000000000E+00,    1.2005698977E+02,    1.2005698977E+02,    0.0000000000E+00,    0.0000000000E+00,    0.0000000000E+00,    1.2005698977E+02
    110700,      0.676939,CP1_after_deposition,   1,    0.0000000000E+00,    1.2005698977E+02,    1.2005698977E+02,    0.0000000000E+00,    0.0000000000E+00,    0.0000000000E+00,    1.2005698977E+02
    110700,      0.676939,CP2_after_erosion,   1,    0.0000000000E+00,    1.2005698977E+02,    1.2005698977E+02,    0.0000000000E+00,    0.0000000000E+00,    0.0000000000E+00,    1.2005698977E+02
    110700,      0.676939,CP3_after_update_bottom,   1,    0.0000000000E+00,    1.2005698977E+02,    1.2005698977E+02,    0.0000000000E+00,    0.0000000000E+00,    0.0000000000E+00,    1.2005698977E+02
    110700,      0.676939,CP4_after_advection,   1,    0.0000000000E+00,    1.2005415571E+02,    1.2005415571E+02,    0.0000000000E+00,    0.0000000000E+00,    0.0000000000E+00,    1.2005415571E+02
    110700,      0.676939,CP5_after_vdif,   1,    0.0000000000E+00,    1.2005415571E+02,    1.2005415571E+02,    0.0000000000E+00,    0.0000000000E+00,    0.0000000000E+00,    1.2005415571E+02
    110700,      0.676939,CP6_after_kinetics,   1,    0.0000000000E+00,    1.2005415571E+02,    1.2005415571E+02,    0.0000000000E+00,    0.0000000000E+00,    0.0000000000E+00,    1.2005415571E+02
    110700,      0.676939,CP7_after_upper_clamp,   1,    0.0000000000E+00,    1.2005415571E+02,    1.2005415571E+02,    0.0000000000E+00,    0.0000000000E+00,    0.0000000000E+00,    1.2005415571E+02
    110700,      0.676939,CP8_after_OBC,   1,    0.0000000000E+00,    1.2005415571E+02,    1.2005415571E+02,    0.0000000000E+00,    0.0000000000E+00,    0.0000000000E+00,    1.2005415571E+02
    110700,      0.676939,CP9_after_PTsource,   1,    0.0000000000E+00,    1.2005415571E+02,    1.2005415571E+02,    0.0000000000E+00,    0.0000000000E+00,    0.0000000000E+00,    1.2005415571E+02
    110700,      0.676939,CP10_after_neg_clamp,   1,    0.0000000000E+00,    1.2005415571E+02,    1.2005415571E+02,    0.0000000000E+00,    0.0000000000E+00,    0.0000000000E+00,    1.2005415571E+02
    110700,      0.676939,CP11_after_MPI,   1,    0.0000000000E+00,    1.2005415571E+02,    1.2005415571E+02,    0.0000000000E+00,    0.0000000000E+00,    0.0000000000E+00,    1.2005415571E+02
    110700,      0.676939,CP12_end,   1,    0.0000000000E+00,    1.2005415571E+02,    1.2005415571E+02,    0.0000000000E+00,    0.0000000000E+00,    0.0000000000E+00,    1.2005415571E+02
    110750,      0.676939,CP0_start,   1,    0.0000000000E+00,    1.2014787572E+02,    1.2014787572E+02,    0.0000000000E+00,    0.0000000000E+00,    0.0000000000E+00,    1.2014787572E+02
    110750,      0.676939,CP1_after_deposition,   1,    0.0000000000E+00,    1.2014787572E+02,    1.2014787572E+02,    0.0000000000E+00,    0.0000000000E+00,    0.0000000000E+00,    1.2014787572E+02
    110750,      0.676939,CP2_after_erosion,   1,    0.0000000000E+00,    1.2014787572E+02,    1.2014787572E+02,    0.0000000000E+00,    0.0000000000E+00,    0.0000000000E+00,    1.2014787572E+02
    110750,      0.676939,CP3_after_update_bottom,   1,    0.0000000000E+00,    1.2014787572E+02,    1.2014787572E+02,    0.0000000000E+00,    0.0000000000E+00,    0.0000000000E+00,    1.2014787572E+02
    110750,      0.676939,CP4_after_advection,   1,    0.0000000000E+00,    1.2014484345E+02,    1.2014484345E+02,    0.0000000000E+00,    0.0000000000E+00,    0.0000000000E+00,    1.2014484345E+02
    110750,      0.676939,CP5_after_vdif,   1,    0.0000000000E+00,    1.2014484345E+02,    1.2014484345E+02,    0.0000000000E+00,    0.0000000000E+00,    0.0000000000E+00,    1.2014484345E+02
    110750,      0.676939,CP6_after_kinetics,   1,    0.0000000000E+00,    1.2014484345E+02,    1.2014484345E+02,    0.0000000000E+00,    0.0000000000E+00,    0.0000000000E+00,    1.2014484345E+02
    110750,      0.676939,CP7_after_upper_clamp,   1,    0.0000000000E+00,    1.2014484345E+02,    1.2014484345E+02,    0.0000000000E+00,    0.0000000000E+00,    0.0000000000E+00,    1.2014484345E+02
    110750,      0.676939,CP8_after_OBC,   1,    0.0000000000E+00,    1.2014484345E+02,    1.2014484345E+02,    0.0000000000E+00,    0.0000000000E+00,    0.0000000000E+00,    1.2014484345E+02
    110750,      0.676939,CP9_after_PTsource,   1,    0.0000000000E+00,    1.2014484345E+02,    1.2014484345E+02,    0.0000000000E+00,    0.0000000000E+00,    0.0000000000E+00,    1.2014484345E+02
    110750,      0.676939,CP10_after_neg_clamp,   1,    0.0000000000E+00,    1.2014484345E+02,    1.2014484345E+02,    0.0000000000E+00,    0.0000000000E+00,    0.0000000000E+00,    1.2014484345E+02
    110750,      0.676939,CP11_after_MPI,   1,    0.0000000000E+00,    1.2014484345E+02,    1.2014484345E+02,    0.0000000000E+00,    0.0000000000E+00,    0.0000000000E+00,    1.2014484345E+02
    110750,      0.676939,CP12_end,   1,    0.0000000000E+00,    1.2014484345E+02,    1.2014484345E+02,    0.0000000000E+00,    0.0000000000E+00,    0.0000000000E+00,    1.2014484345E+02
    110800,      0.676939,CP0_start,   1,    0.0000000000E+00,    1.2023646020E+02,    1.2023646020E+02,    0.0000000000E+00,    0.0000000000E+00,    0.0000000000E+00,    1.2023646020E+02
    110800,      0.676939,CP1_after_deposition,   1,    0.0000000000E+00,    1.2023646020E+02,    1.2023646020E+02,    0.0000000000E+00,    0.0000000000E+00,    0.0000000000E+00,    1.2023646020E+02
    110800,      0.676939,CP2_after_erosion,   1,    0.0000000000E+00,    1.2023646020E+02,    1.2023646020E+02,    0.0000000000E+00,    0.0000000000E+00,    0.0000000000E+00,    1.2023646020E+02
    110800,      0.676939,CP3_after_update_bottom,   1,    0.0000000000E+00,    1.2023646020E+02,    1.2023646020E+02,    0.0000000000E+00,    0.0000000000E+00,    0.0000000000E+00,    1.2023646020E+02
    110800,      0.676939,CP4_after_advection,   1,    0.0000000000E+00,    1.2023323862E+02,    1.2023323862E+02,    0.0000000000E+00,    0.0000000000E+00,    0.0000000000E+00,    1.2023323862E+02
    110800,      0.676939,CP5_after_vdif,   1,    0.0000000000E+00,    1.2023323862E+02,    1.2023323862E+02,    0.0000000000E+00,    0.0000000000E+00,    0.0000000000E+00,    1.2023323862E+02
    110800,      0.676939,CP6_after_kinetics,   1,    0.0000000000E+00,    1.2023323862E+02,    1.2023323862E+02,    0.0000000000E+00,    0.0000000000E+00,    0.0000000000E+00,    1.2023323862E+02
    110800,      0.676939,CP7_after_upper_clamp,   1,    0.0000000000E+00,    1.2023323862E+02,    1.2023323862E+02,    0.0000000000E+00,    0.0000000000E+00,    0.0000000000E+00,    1.2023323862E+02
    110800,      0.676939,CP8_after_OBC,   1,    0.0000000000E+00,    1.2023323862E+02,    1.2023323862E+02,    0.0000000000E+00,    0.0000000000E+00,    0.0000000000E+00,    1.2023323862E+02
    110800,      0.676939,CP9_after_PTsource,   1,    0.0000000000E+00,    1.2023323862E+02,    1.2023323862E+02,    0.0000000000E+00,    0.0000000000E+00,    0.0000000000E+00,    1.2023323862E+02
    110800,      0.676939,CP10_after_neg_clamp,   1,    0.0000000000E+00,    1.2023323862E+02,    1.2023323862E+02,    0.0000000000E+00,    0.0000000000E+00,    0.0000000000E+00,    1.2023323862E+02
    110800,      0.676939,CP11_after_MPI,   1,    0.0000000000E+00,    1.2023323862E+02,    1.2023323862E+02,    0.0000000000E+00,    0.0000000000E+00,    0.0000000000E+00,    1.2023323862E+02
    110800,      0.676939,CP12_end,   1,    0.0000000000E+00,    1.2023323862E+02,    1.2023323862E+02,    0.0000000000E+00,    0.0000000000E+00,    0.0000000000E+00,    1.2023323862E+02
    110850,      0.676939,CP0_start,   1,    0.0000000000E+00,    1.2032309908E+02,    1.2032309908E+02,    0.0000000000E+00,    0.0000000000E+00,    0.0000000000E+00,    1.2032309908E+02
    110850,      0.676939,CP1_after_deposition,   1,    0.0000000000E+00,    1.2032309908E+02,    1.2032309908E+02,    0.0000000000E+00,    0.0000000000E+00,    0.0000000000E+00,    1.2032309908E+02
    110850,      0.676939,CP2_after_erosion,   1,    0.0000000000E+00,    1.2032309908E+02,    1.2032309908E+02,    0.0000000000E+00,    0.0000000000E+00,    0.0000000000E+00,    1.2032309908E+02
    110850,      0.676939,CP3_after_update_bottom,   1,    0.0000000000E+00,    1.2032309908E+02,    1.2032309908E+02,    0.0000000000E+00,    0.0000000000E+00,    0.0000000000E+00,    1.2032309908E+02
    110850,      0.676939,CP4_after_advection,   1,    0.0000000000E+00,    1.2031969918E+02,    1.2031969918E+02,    0.0000000000E+00,    0.0000000000E+00,    0.0000000000E+00,    1.2031969918E+02
    110850,      0.676939,CP5_after_vdif,   1,    0.0000000000E+00,    1.2031969918E+02,    1.2031969918E+02,    0.0000000000E+00,    0.0000000000E+00,    0.0000000000E+00,    1.2031969918E+02
    110850,      0.676939,CP6_after_kinetics,   1,    0.0000000000E+00,    1.2031969918E+02,    1.2031969918E+02,    0.0000000000E+00,    0.0000000000E+00,    0.0000000000E+00,    1.2031969918E+02
    110850,      0.676939,CP7_after_upper_clamp,   1,    0.0000000000E+00,    1.2031969918E+02,    1.2031969918E+02,    0.0000000000E+00,    0.0000000000E+00,    0.0000000000E+00,    1.2031969918E+02
    110850,      0.676939,CP8_after_OBC,   1,    0.0000000000E+00,    1.2031969918E+02,    1.2031969918E+02,    0.0000000000E+00,    0.0000000000E+00,    0.0000000000E+00,    1.2031969918E+02
    110850,      0.676939,CP9_after_PTsource,   1,    0.0000000000E+00,    1.2031969918E+02,    1.2031969918E+02,    0.0000000000E+00,    0.0000000000E+00,    0.0000000000E+00,    1.2031969918E+02
    110850,      0.676939,CP10_after_neg_clamp,   1,    0.0000000000E+00,    1.2031969918E+02,    1.2031969918E+02,    0.0000000000E+00,    0.0000000000E+00,    0.0000000000E+00,    1.2031969918E+02
    110850,      0.676939,CP11_after_MPI,   1,    0.0000000000E+00,    1.2031969918E+02,    1.2031969918E+02,    0.0000000000E+00,    0.0000000000E+00,    0.0000000000E+00,    1.2031969918E+02
    110850,      0.676939,CP12_end,   1,    0.0000000000E+00,    1.2031969918E+02,    1.2031969918E+02,    0.0000000000E+00,    0.0000000000E+00,    0.0000000000E+00,    1.2031969918E+02
    110900,      0.676939,CP0_start,   1,    0.0000000000E+00,    1.2040804132E+02,    1.2040804132E+02,    0.0000000000E+00,    0.0000000000E+00,    0.0000000000E+00,    1.2040804132E+02
    110900,      0.676939,CP1_after_deposition,   1,    0.0000000000E+00,    1.2040804132E+02,    1.2040804132E+02,    0.0000000000E+00,    0.0000000000E+00,    0.0000000000E+00,    1.2040804132E+02
    110900,      0.676939,CP2_after_erosion,   1,    0.0000000000E+00,    1.2040804132E+02,    1.2040804132E+02,    0.0000000000E+00,    0.0000000000E+00,    0.0000000000E+00,    1.2040804132E+02
    110900,      0.676939,CP3_after_update_bottom,   1,    0.0000000000E+00,    1.2040804132E+02,    1.2040804132E+02,    0.0000000000E+00,    0.0000000000E+00,    0.0000000000E+00,    1.2040804132E+02
    110900,      0.676939,CP4_after_advection,   1,    0.0000000000E+00,    1.2040447255E+02,    1.2040447255E+02,    0.0000000000E+00,    0.0000000000E+00,    0.0000000000E+00,    1.2040447255E+02
    110900,      0.676939,CP5_after_vdif,   1,    0.0000000000E+00,    1.2040447255E+02,    1.2040447255E+02,    0.0000000000E+00,    0.0000000000E+00,    0.0000000000E+00,    1.2040447255E+02
    110900,      0.676939,CP6_after_kinetics,   1,    0.0000000000E+00,    1.2040447255E+02,    1.2040447255E+02,    0.0000000000E+00,    0.0000000000E+00,    0.0000000000E+00,    1.2040447255E+02
    110900,      0.676939,CP7_after_upper_clamp,   1,    0.0000000000E+00,    1.2040447255E+02,    1.2040447255E+02,    0.0000000000E+00,    0.0000000000E+00,    0.0000000000E+00,    1.2040447255E+02
    110900,      0.676939,CP8_after_OBC,   1,    0.0000000000E+00,    1.2040447255E+02,    1.2040447255E+02,    0.0000000000E+00,    0.0000000000E+00,    0.0000000000E+00,    1.2040447255E+02
    110900,      0.676939,CP9_after_PTsource,   1,    0.0000000000E+00,    1.2040447255E+02,    1.2040447255E+02,    0.0000000000E+00,    0.0000000000E+00,    0.0000000000E+00,    1.2040447255E+02
    110900,      0.676939,CP10_after_neg_clamp,   1,    0.0000000000E+00,    1.2040447255E+02,    1.2040447255E+02,    0.0000000000E+00,    0.0000000000E+00,    0.0000000000E+00,    1.2040447255E+02
    110900,      0.676939,CP11_after_MPI,   1,    0.0000000000E+00,    1.2040447255E+02,    1.2040447255E+02,    0.0000000000E+00,    0.0000000000E+00,    0.0000000000E+00,    1.2040447255E+02
    110900,      0.676939,CP12_end,   1,    0.0000000000E+00,    1.2040447255E+02,    1.2040447255E+02,    0.0000000000E+00,    0.0000000000E+00,    0.0000000000E+00,    1.2040447255E+02
    110950,      0.676939,CP0_start,   1,    0.0000000000E+00,    1.2049133670E+02,    1.2049133670E+02,    0.0000000000E+00,    0.0000000000E+00,    0.0000000000E+00,    1.2049133670E+02
    110950,      0.676939,CP1_after_deposition,   1,    0.0000000000E+00,    1.2049133670E+02,    1.2049133670E+02,    0.0000000000E+00,    0.0000000000E+00,    0.0000000000E+00,    1.2049133670E+02
    110950,      0.676939,CP2_after_erosion,   1,    0.0000000000E+00,    1.2049133670E+02,    1.2049133670E+02,    0.0000000000E+00,    0.0000000000E+00,    0.0000000000E+00,    1.2049133670E+02
    110950,      0.676939,CP3_after_update_bottom,   1,    0.0000000000E+00,    1.2049133670E+02,    1.2049133670E+02,    0.0000000000E+00,    0.0000000000E+00,    0.0000000000E+00,    1.2049133670E+02
    110950,      0.676939,CP4_after_advection,   1,    0.0000000000E+00,    1.2048760450E+02,    1.2048760450E+02,    0.0000000000E+00,    0.0000000000E+00,    0.0000000000E+00,    1.2048760450E+02
    110950,      0.676939,CP5_after_vdif,   1,    0.0000000000E+00,    1.2048760450E+02,    1.2048760450E+02,    0.0000000000E+00,    0.0000000000E+00,    0.0000000000E+00,    1.2048760450E+02
    110950,      0.676939,CP6_after_kinetics,   1,    0.0000000000E+00,    1.2048760450E+02,    1.2048760450E+02,    0.0000000000E+00,    0.0000000000E+00,    0.0000000000E+00,    1.2048760450E+02
    110950,      0.676939,CP7_after_upper_clamp,   1,    0.0000000000E+00,    1.2048760450E+02,    1.2048760450E+02,    0.0000000000E+00,    0.0000000000E+00,    0.0000000000E+00,    1.2048760450E+02
    110950,      0.676939,CP8_after_OBC,   1,    0.0000000000E+00,    1.2048760450E+02,    1.2048760450E+02,    0.0000000000E+00,    0.0000000000E+00,    0.0000000000E+00,    1.2048760450E+02
    110950,      0.676939,CP9_after_PTsource,   1,    0.0000000000E+00,    1.2048760450E+02,    1.2048760450E+02,    0.0000000000E+00,    0.0000000000E+00,    0.0000000000E+00,    1.2048760450E+02
    110950,      0.676939,CP10_after_neg_clamp,   1,    0.0000000000E+00,    1.2048760450E+02,    1.2048760450E+02,    0.0000000000E+00,    0.0000000000E+00,    0.0000000000E+00,    1.2048760450E+02
    110950,      0.676939,CP11_after_MPI,   1,    0.0000000000E+00,    1.2048760450E+02,    1.2048760450E+02,    0.0000000000E+00,    0.0000000000E+00,    0.0000000000E+00,    1.2048760450E+02
    110950,      0.676939,CP12_end,   1,    0.0000000000E+00,    1.2048760450E+02,    1.2048760450E+02,    0.0000000000E+00,    0.0000000000E+00,    0.0000000000E+00,    1.2048760450E+02
    111000,      0.676939,CP0_start,   1,    0.0000000000E+00,    1.2057316080E+02,    1.2057316080E+02,    0.0000000000E+00,    0.0000000000E+00,    0.0000000000E+00,    1.2057316080E+02
    111000,      0.676939,CP1_after_deposition,   1,    0.0000000000E+00,    1.2057316080E+02,    1.2057316080E+02,    0.0000000000E+00,    0.0000000000E+00,    0.0000000000E+00,    1.2057316080E+02
    111000,      0.676939,CP2_after_erosion,   1,    0.0000000000E+00,    1.2057316080E+02,    1.2057316080E+02,    0.0000000000E+00,    0.0000000000E+00,    0.0000000000E+00,    1.2057316080E+02
    111000,      0.676939,CP3_after_update_bottom,   1,    0.0000000000E+00,    1.2057316080E+02,    1.2057316080E+02,    0.0000000000E+00,    0.0000000000E+00,    0.0000000000E+00,    1.2057316080E+02
    111000,      0.676939,CP4_after_advection,   1,    0.0000000000E+00,    1.2056927666E+02,    1.2056927666E+02,    0.0000000000E+00,    0.0000000000E+00,    0.0000000000E+00,    1.2056927666E+02
    111000,      0.676939,CP5_after_vdif,   1,    0.0000000000E+00,    1.2056927666E+02,    1.2056927666E+02,    0.0000000000E+00,    0.0000000000E+00,    0.0000000000E+00,    1.2056927666E+02
    111000,      0.676939,CP6_after_kinetics,   1,    0.0000000000E+00,    1.2056927666E+02,    1.2056927666E+02,    0.0000000000E+00,    0.0000000000E+00,    0.0000000000E+00,    1.2056927666E+02
    111000,      0.676939,CP7_after_upper_clamp,   1,    0.0000000000E+00,    1.2056927666E+02,    1.2056927666E+02,    0.0000000000E+00,    0.0000000000E+00,    0.0000000000E+00,    1.2056927666E+02
    111000,      0.676939,CP8_after_OBC,   1,    0.0000000000E+00,    1.2056927666E+02,    1.2056927666E+02,    0.0000000000E+00,    0.0000000000E+00,    0.0000000000E+00,    1.2056927666E+02
    111000,      0.676939,CP9_after_PTsource,   1,    0.0000000000E+00,    1.2056927666E+02,    1.2056927666E+02,    0.0000000000E+00,    0.0000000000E+00,    0.0000000000E+00,    1.2056927666E+02
    111000,      0.676939,CP10_after_neg_clamp,   1,    0.0000000000E+00,    1.2056927666E+02,    1.2056927666E+02,    0.0000000000E+00,    0.0000000000E+00,    0.0000000000E+00,    1.2056927666E+02
    111000,      0.676939,CP11_after_MPI,   1,    0.0000000000E+00,    1.2056927666E+02,    1.2056927666E+02,    0.0000000000E+00,    0.0000000000E+00,    0.0000000000E+00,    1.2056927666E+02
    111000,      0.676939,CP12_end,   1,    0.0000000000E+00,    1.2056927666E+02,    1.2056927666E+02,    0.0000000000E+00,    0.0000000000E+00,    0.0000000000E+00,    1.2056927666E+02
    111050,      0.676939,CP0_start,   1,    0.0000000000E+00,    1.2065371316E+02,    1.2065371316E+02,    0.0000000000E+00,    0.0000000000E+00,    0.0000000000E+00,    1.2065371316E+02
    111050,      0.676939,CP1_after_deposition,   1,    0.0000000000E+00,    1.2065371316E+02,    1.2065371316E+02,    0.0000000000E+00,    0.0000000000E+00,    0.0000000000E+00,    1.2065371316E+02
    111050,      0.676939,CP2_after_erosion,   1,    0.0000000000E+00,    1.2065371316E+02,    1.2065371316E+02,    0.0000000000E+00,    0.0000000000E+00,    0.0000000000E+00,    1.2065371316E+02
    111050,      0.676939,CP3_after_update_bottom,   1,    0.0000000000E+00,    1.2065371316E+02,    1.2065371316E+02,    0.0000000000E+00,    0.0000000000E+00,    0.0000000000E+00,    1.2065371316E+02
    111050,      0.676939,CP4_after_advection,   1,    0.0000000000E+00,    1.2064968728E+02,    1.2064968728E+02,    0.0000000000E+00,    0.0000000000E+00,    0.0000000000E+00,    1.2064968728E+02
    111050,      0.676939,CP5_after_vdif,   1,    0.0000000000E+00,    1.2064968728E+02,    1.2064968728E+02,    0.0000000000E+00,    0.0000000000E+00,    0.0000000000E+00,    1.2064968728E+02
    111050,      0.676939,CP6_after_kinetics,   1,    0.0000000000E+00,    1.2064968728E+02,    1.2064968728E+02,    0.0000000000E+00,    0.0000000000E+00,    0.0000000000E+00,    1.2064968728E+02
    111050,      0.676939,CP7_after_upper_clamp,   1,    0.0000000000E+00,    1.2064968728E+02,    1.2064968728E+02,    0.0000000000E+00,    0.0000000000E+00,    0.0000000000E+00,    1.2064968728E+02
    111050,      0.676939,CP8_after_OBC,   1,    0.0000000000E+00,    1.2064968728E+02,    1.2064968728E+02,    0.0000000000E+00,    0.0000000000E+00,    0.0000000000E+00,    1.2064968728E+02
    111050,      0.676939,CP9_after_PTsource,   1,    0.0000000000E+00,    1.2064968728E+02,    1.2064968728E+02,    0.0000000000E+00,    0.0000000000E+00,    0.0000000000E+00,    1.2064968728E+02
    111050,      0.676939,CP10_after_neg_clamp,   1,    0.0000000000E+00,    1.2064968728E+02,    1.2064968728E+02,    0.0000000000E+00,    0.0000000000E+00,    0.0000000000E+00,    1.2064968728E+02
    111050,      0.676939,CP11_after_MPI,   1,    0.0000000000E+00,    1.2064968728E+02,    1.2064968728E+02,    0.0000000000E+00,    0.0000000000E+00,    0.0000000000E+00,    1.2064968728E+02
    111050,      0.676939,CP12_end,   1,    0.0000000000E+00,    1.2064968728E+02,    1.2064968728E+02,    0.0000000000E+00,    0.0000000000E+00,    0.0000000000E+00,    1.2064968728E+02
    111100,      0.676939,CP0_start,   1,    0.0000000000E+00,    1.2073375863E+02,    1.2073375863E+02,    0.0000000000E+00,    0.0000000000E+00,    0.0000000000E+00,    1.2073375863E+02
    111100,      0.676939,CP1_after_deposition,   1,    0.0000000000E+00,    1.2073375863E+02,    1.2073375863E+02,    0.0000000000E+00,    0.0000000000E+00,    0.0000000000E+00,    1.2073375863E+02
    111100,      0.676939,CP2_after_erosion,   1,    0.0000000000E+00,    1.2073375863E+02,    1.2073375863E+02,    0.0000000000E+00,    0.0000000000E+00,    0.0000000000E+00,    1.2073375863E+02
    111100,      0.676939,CP3_after_update_bottom,   1,    0.0000000000E+00,    1.2073375863E+02,    1.2073375863E+02,    0.0000000000E+00,    0.0000000000E+00,    0.0000000000E+00,    1.2073375863E+02
    111100,      0.676939,CP4_after_advection,   1,    0.0000000000E+00,    1.2072962389E+02,    1.2072962389E+02,    0.0000000000E+00,    0.0000000000E+00,    0.0000000000E+00,    1.2072962389E+02
    111100,      0.676939,CP5_after_vdif,   1,    0.0000000000E+00,    1.2072962389E+02,    1.2072962389E+02,    0.0000000000E+00,    0.0000000000E+00,    0.0000000000E+00,    1.2072962389E+02
    111100,      0.676939,CP6_after_kinetics,   1,    0.0000000000E+00,    1.2072962389E+02,    1.2072962389E+02,    0.0000000000E+00,    0.0000000000E+00,    0.0000000000E+00,    1.2072962389E+02
    111100,      0.676939,CP7_after_upper_clamp,   1,    0.0000000000E+00,    1.2072962389E+02,    1.2072962389E+02,    0.0000000000E+00,    0.0000000000E+00,    0.0000000000E+00,    1.2072962389E+02
    111100,      0.676939,CP8_after_OBC,   1,    0.0000000000E+00,    1.2072962389E+02,    1.2072962389E+02,    0.0000000000E+00,    0.0000000000E+00,    0.0000000000E+00,    1.2072962389E+02
    111100,      0.676939,CP9_after_PTsource,   1,    0.0000000000E+00,    1.2072962389E+02,    1.2072962389E+02,    0.0000000000E+00,    0.0000000000E+00,    0.0000000000E+00,    1.2072962389E+02
    111100,      0.676939,CP10_after_neg_clamp,   1,    0.0000000000E+00,    1.2072962389E+02,    1.2072962389E+02,    0.0000000000E+00,    0.0000000000E+00,    0.0000000000E+00,    1.2072962389E+02
    111100,      0.676939,CP11_after_MPI,   1,    0.0000000000E+00,    1.2072962389E+02,    1.2072962389E+02,    0.0000000000E+00,    0.0000000000E+00,    0.0000000000E+00,    1.2072962389E+02
    111100,      0.676939,CP12_end,   1,    0.0000000000E+00,    1.2072962389E+02,    1.2072962389E+02,    0.0000000000E+00,    0.0000000000E+00,    0.0000000000E+00,    1.2072962389E+02
    111150,      0.676940,CP0_start,   1,    0.0000000000E+00,    1.2081467938E+02,    1.2081467938E+02,    0.0000000000E+00,    0.0000000000E+00,    0.0000000000E+00,    1.2081467938E+02
    111150,      0.676940,CP1_after_deposition,   1,    0.0000000000E+00,    1.2081467938E+02,    1.2081467938E+02,    0.0000000000E+00,    0.0000000000E+00,    0.0000000000E+00,    1.2081467938E+02
    111150,      0.676940,CP2_after_erosion,   1,    0.0000000000E+00,    1.2081467938E+02,    1.2081467938E+02,    0.0000000000E+00,    0.0000000000E+00,    0.0000000000E+00,    1.2081467938E+02
    111150,      0.676940,CP3_after_update_bottom,   1,    0.0000000000E+00,    1.2081467938E+02,    1.2081467938E+02,    0.0000000000E+00,    0.0000000000E+00,    0.0000000000E+00,    1.2081467938E+02
    111150,      0.676940,CP4_after_advection,   1,    0.0000000000E+00,    1.2081046763E+02,    1.2081046763E+02,    0.0000000000E+00,    0.0000000000E+00,    0.0000000000E+00,    1.2081046763E+02
    111150,      0.676940,CP5_after_vdif,   1,    0.0000000000E+00,    1.2081046763E+02,    1.2081046763E+02,    0.0000000000E+00,    0.0000000000E+00,    0.0000000000E+00,    1.2081046763E+02
    111150,      0.676940,CP6_after_kinetics,   1,    0.0000000000E+00,    1.2081046763E+02,    1.2081046763E+02,    0.0000000000E+00,    0.0000000000E+00,    0.0000000000E+00,    1.2081046763E+02
    111150,      0.676940,CP7_after_upper_clamp,   1,    0.0000000000E+00,    1.2081046763E+02,    1.2081046763E+02,    0.0000000000E+00,    0.0000000000E+00,    0.0000000000E+00,    1.2081046763E+02
    111150,      0.676940,CP8_after_OBC,   1,    0.0000000000E+00,    1.2081046763E+02,    1.2081046763E+02,    0.0000000000E+00,    0.0000000000E+00,    0.0000000000E+00,    1.2081046763E+02
    111150,      0.676940,CP9_after_PTsource,   1,    0.0000000000E+00,    1.2081046763E+02,    1.2081046763E+02,    0.0000000000E+00,    0.0000000000E+00,    0.0000000000E+00,    1.2081046763E+02
    111150,      0.676940,CP10_after_neg_clamp,   1,    0.0000000000E+00,    1.2081046763E+02,    1.2081046763E+02,    0.0000000000E+00,    0.0000000000E+00,    0.0000000000E+00,    1.2081046763E+02
    111150,      0.676940,CP11_after_MPI,   1,    0.0000000000E+00,    1.2081046763E+02,    1.2081046763E+02,    0.0000000000E+00,    0.0000000000E+00,    0.0000000000E+00,    1.2081046763E+02
    111150,      0.676940,CP12_end,   1,    0.0000000000E+00,    1.2081046763E+02,    1.2081046763E+02,    0.0000000000E+00,    0.0000000000E+00,    0.0000000000E+00,    1.2081046763E+02
    111200,      0.676940,CP0_start,   1,    0.0000000000E+00,    1.2089748859E+02,    1.2089748859E+02,    0.0000000000E+00,    0.0000000000E+00,    0.0000000000E+00,    1.2089748859E+02
    111200,      0.676940,CP1_after_deposition,   1,    0.0000000000E+00,    1.2089748859E+02,    1.2089748859E+02,    0.0000000000E+00,    0.0000000000E+00,    0.0000000000E+00,    1.2089748859E+02
    111200,      0.676940,CP2_after_erosion,   1,    0.0000000000E+00,    1.2089748859E+02,    1.2089748859E+02,    0.0000000000E+00,    0.0000000000E+00,    0.0000000000E+00,    1.2089748859E+02
    111200,      0.676940,CP3_after_update_bottom,   1,    0.0000000000E+00,    1.2089748859E+02,    1.2089748859E+02,    0.0000000000E+00,    0.0000000000E+00,    0.0000000000E+00,    1.2089748859E+02
    111200,      0.676940,CP4_after_advection,   1,    0.0000000000E+00,    1.2089321984E+02,    1.2089321984E+02,    0.0000000000E+00,    0.0000000000E+00,    0.0000000000E+00,    1.2089321984E+02
    111200,      0.676940,CP5_after_vdif,   1,    0.0000000000E+00,    1.2089321984E+02,    1.2089321984E+02,    0.0000000000E+00,    0.0000000000E+00,    0.0000000000E+00,    1.2089321984E+02
    111200,      0.676940,CP6_after_kinetics,   1,    0.0000000000E+00,    1.2089321984E+02,    1.2089321984E+02,    0.0000000000E+00,    0.0000000000E+00,    0.0000000000E+00,    1.2089321984E+02
    111200,      0.676940,CP7_after_upper_clamp,   1,    0.0000000000E+00,    1.2089321984E+02,    1.2089321984E+02,    0.0000000000E+00,    0.0000000000E+00,    0.0000000000E+00,    1.2089321984E+02
    111200,      0.676940,CP8_after_OBC,   1,    0.0000000000E+00,    1.2089321984E+02,    1.2089321984E+02,    0.0000000000E+00,    0.0000000000E+00,    0.0000000000E+00,    1.2089321984E+02
    111200,      0.676940,CP9_after_PTsource,   1,    0.0000000000E+00,    1.2089321984E+02,    1.2089321984E+02,    0.0000000000E+00,    0.0000000000E+00,    0.0000000000E+00,    1.2089321984E+02
    111200,      0.676940,CP10_after_neg_clamp,   1,    0.0000000000E+00,    1.2089321984E+02,    1.2089321984E+02,    0.0000000000E+00,    0.0000000000E+00,    0.0000000000E+00,    1.2089321984E+02
    111200,      0.676940,CP11_after_MPI,   1,    0.0000000000E+00,    1.2089321984E+02,    1.2089321984E+02,    0.0000000000E+00,    0.0000000000E+00,    0.0000000000E+00,    1.2089321984E+02
    111200,      0.676940,CP12_end,   1,    0.0000000000E+00,    1.2089321984E+02,    1.2089321984E+02,    0.0000000000E+00,    0.0000000000E+00,    0.0000000000E+00,    1.2089321984E+02
    111250,      0.676940,CP0_start,   1,    0.0000000000E+00,    1.2098269561E+02,    1.2098269561E+02,    0.0000000000E+00,    0.0000000000E+00,    0.0000000000E+00,    1.2098269561E+02
    111250,      0.676940,CP1_after_deposition,   1,    0.0000000000E+00,    1.2098269561E+02,    1.2098269561E+02,    0.0000000000E+00,    0.0000000000E+00,    0.0000000000E+00,    1.2098269561E+02
    111250,      0.676940,CP2_after_erosion,   1,    0.0000000000E+00,    1.2098269561E+02,    1.2098269561E+02,    0.0000000000E+00,    0.0000000000E+00,    0.0000000000E+00,    1.2098269561E+02
    111250,      0.676940,CP3_after_update_bottom,   1,    0.0000000000E+00,    1.2098269561E+02,    1.2098269561E+02,    0.0000000000E+00,    0.0000000000E+00,    0.0000000000E+00,    1.2098269561E+02
    111250,      0.676940,CP4_after_advection,   1,    0.0000000000E+00,    1.2097838182E+02,    1.2097838182E+02,    0.0000000000E+00,    0.0000000000E+00,    0.0000000000E+00,    1.2097838182E+02
    111250,      0.676940,CP5_after_vdif,   1,    0.0000000000E+00,    1.2097838182E+02,    1.2097838182E+02,    0.0000000000E+00,    0.0000000000E+00,    0.0000000000E+00,    1.2097838182E+02
    111250,      0.676940,CP6_after_kinetics,   1,    0.0000000000E+00,    1.2097838182E+02,    1.2097838182E+02,    0.0000000000E+00,    0.0000000000E+00,    0.0000000000E+00,    1.2097838182E+02
    111250,      0.676940,CP7_after_upper_clamp,   1,    0.0000000000E+00,    1.2097838182E+02,    1.2097838182E+02,    0.0000000000E+00,    0.0000000000E+00,    0.0000000000E+00,    1.2097838182E+02
    111250,      0.676940,CP8_after_OBC,   1,    0.0000000000E+00,    1.2097838182E+02,    1.2097838182E+02,    0.0000000000E+00,    0.0000000000E+00,    0.0000000000E+00,    1.2097838182E+02
    111250,      0.676940,CP9_after_PTsource,   1,    0.0000000000E+00,    1.2097838182E+02,    1.2097838182E+02,    0.0000000000E+00,    0.0000000000E+00,    0.0000000000E+00,    1.2097838182E+02
    111250,      0.676940,CP10_after_neg_clamp,   1,    0.0000000000E+00,    1.2097838182E+02,    1.2097838182E+02,    0.0000000000E+00,    0.0000000000E+00,    0.0000000000E+00,    1.2097838182E+02
    111250,      0.676940,CP11_after_MPI,   1,    0.0000000000E+00,    1.2097838182E+02,    1.2097838182E+02,    0.0000000000E+00,    0.0000000000E+00,    0.0000000000E+00,    1.2097838182E+02
    111250,      0.676940,CP12_end,   1,    0.0000000000E+00,    1.2097838182E+02,    1.2097838182E+02,    0.0000000000E+00,    0.0000000000E+00,    0.0000000000E+00,    1.2097838182E+02
    111300,      0.676940,CP0_start,   1,    0.0000000000E+00,    1.2107053759E+02,    1.2107053759E+02,    0.0000000000E+00,    0.0000000000E+00,    0.0000000000E+00,    1.2107053759E+02
    111300,      0.676940,CP1_after_deposition,   1,    0.0000000000E+00,    1.2107053759E+02,    1.2107053759E+02,    0.0000000000E+00,    0.0000000000E+00,    0.0000000000E+00,    1.2107053759E+02
    111300,      0.676940,CP2_after_erosion,   1,    0.0000000000E+00,    1.2107053759E+02,    1.2107053759E+02,    0.0000000000E+00,    0.0000000000E+00,    0.0000000000E+00,    1.2107053759E+02
    111300,      0.676940,CP3_after_update_bottom,   1,    0.0000000000E+00,    1.2107053759E+02,    1.2107053759E+02,    0.0000000000E+00,    0.0000000000E+00,    0.0000000000E+00,    1.2107053759E+02
    111300,      0.676940,CP4_after_advection,   1,    0.0000000000E+00,    1.2106619095E+02,    1.2106619095E+02,    0.0000000000E+00,    0.0000000000E+00,    0.0000000000E+00,    1.2106619095E+02
    111300,      0.676940,CP5_after_vdif,   1,    0.0000000000E+00,    1.2106619095E+02,    1.2106619095E+02,    0.0000000000E+00,    0.0000000000E+00,    0.0000000000E+00,    1.2106619095E+02
    111300,      0.676940,CP6_after_kinetics,   1,    0.0000000000E+00,    1.2106619095E+02,    1.2106619095E+02,    0.0000000000E+00,    0.0000000000E+00,    0.0000000000E+00,    1.2106619095E+02
    111300,      0.676940,CP7_after_upper_clamp,   1,    0.0000000000E+00,    1.2106619095E+02,    1.2106619095E+02,    0.0000000000E+00,    0.0000000000E+00,    0.0000000000E+00,    1.2106619095E+02
    111300,      0.676940,CP8_after_OBC,   1,    0.0000000000E+00,    1.2106619095E+02,    1.2106619095E+02,    0.0000000000E+00,    0.0000000000E+00,    0.0000000000E+00,    1.2106619095E+02
    111300,      0.676940,CP9_after_PTsource,   1,    0.0000000000E+00,    1.2106619095E+02,    1.2106619095E+02,    0.0000000000E+00,    0.0000000000E+00,    0.0000000000E+00,    1.2106619095E+02
    111300,      0.676940,CP10_after_neg_clamp,   1,    0.0000000000E+00,    1.2106619095E+02,    1.2106619095E+02,    0.0000000000E+00,    0.0000000000E+00,    0.0000000000E+00,    1.2106619095E+02
    111300,      0.676940,CP11_after_MPI,   1,    0.0000000000E+00,    1.2106619095E+02,    1.2106619095E+02,    0.0000000000E+00,    0.0000000000E+00,    0.0000000000E+00,    1.2106619095E+02
    111300,      0.676940,CP12_end,   1,    0.0000000000E+00,    1.2106619095E+02,    1.2106619095E+02,    0.0000000000E+00,    0.0000000000E+00,    0.0000000000E+00,    1.2106619095E+02
    111350,      0.676940,CP0_start,   1,    0.0000000000E+00,    1.2116128461E+02,    1.2116128461E+02,    0.0000000000E+00,    0.0000000000E+00,    0.0000000000E+00,    1.2116128461E+02
    111350,      0.676940,CP1_after_deposition,   1,    0.0000000000E+00,    1.2116128461E+02,    1.2116128461E+02,    0.0000000000E+00,    0.0000000000E+00,    0.0000000000E+00,    1.2116128461E+02
    111350,      0.676940,CP2_after_erosion,   1,    0.0000000000E+00,    1.2116128461E+02,    1.2116128461E+02,    0.0000000000E+00,    0.0000000000E+00,    0.0000000000E+00,    1.2116128461E+02
    111350,      0.676940,CP3_after_update_bottom,   1,    0.0000000000E+00,    1.2116128461E+02,    1.2116128461E+02,    0.0000000000E+00,    0.0000000000E+00,    0.0000000000E+00,    1.2116128461E+02
    111350,      0.676940,CP4_after_advection,   1,    0.0000000000E+00,    1.2115691514E+02,    1.2115691514E+02,    0.0000000000E+00,    0.0000000000E+00,    0.0000000000E+00,    1.2115691514E+02
    111350,      0.676940,CP5_after_vdif,   1,    0.0000000000E+00,    1.2115691514E+02,    1.2115691514E+02,    0.0000000000E+00,    0.0000000000E+00,    0.0000000000E+00,    1.2115691514E+02
    111350,      0.676940,CP6_after_kinetics,   1,    0.0000000000E+00,    1.2115691514E+02,    1.2115691514E+02,    0.0000000000E+00,    0.0000000000E+00,    0.0000000000E+00,    1.2115691514E+02
    111350,      0.676940,CP7_after_upper_clamp,   1,    0.0000000000E+00,    1.2115691514E+02,    1.2115691514E+02,    0.0000000000E+00,    0.0000000000E+00,    0.0000000000E+00,    1.2115691514E+02
    111350,      0.676940,CP8_after_OBC,   1,    0.0000000000E+00,    1.2115691514E+02,    1.2115691514E+02,    0.0000000000E+00,    0.0000000000E+00,    0.0000000000E+00,    1.2115691514E+02
    111350,      0.676940,CP9_after_PTsource,   1,    0.0000000000E+00,    1.2115691514E+02,    1.2115691514E+02,    0.0000000000E+00,    0.0000000000E+00,    0.0000000000E+00,    1.2115691514E+02
    111350,      0.676940,CP10_after_neg_clamp,   1,    0.0000000000E+00,    1.2115691514E+02,    1.2115691514E+02,    0.0000000000E+00,    0.0000000000E+00,    0.0000000000E+00,    1.2115691514E+02
    111350,      0.676940,CP11_after_MPI,   1,    0.0000000000E+00,    1.2115691514E+02,    1.2115691514E+02,    0.0000000000E+00,    0.0000000000E+00,    0.0000000000E+00,    1.2115691514E+02
    111350,      0.676940,CP12_end,   1,    0.0000000000E+00,    1.2115691514E+02,    1.2115691514E+02,    0.0000000000E+00,    0.0000000000E+00,    0.0000000000E+00,    1.2115691514E+02
    111400,      0.676940,CP0_start,   1,    0.0000000000E+00,    1.2125481665E+02,    1.2125481665E+02,    0.0000000000E+00,    0.0000000000E+00,    0.0000000000E+00,    1.2125481665E+02
    111400,      0.676940,CP1_after_deposition,   1,    0.0000000000E+00,    1.2125481665E+02,    1.2125481665E+02,    0.0000000000E+00,    0.0000000000E+00,    0.0000000000E+00,    1.2125481665E+02
    111400,      0.676940,CP2_after_erosion,   1,    0.0000000000E+00,    1.2125481665E+02,    1.2125481665E+02,    0.0000000000E+00,    0.0000000000E+00,    0.0000000000E+00,    1.2125481665E+02
    111400,      0.676940,CP3_after_update_bottom,   1,    0.0000000000E+00,    1.2125481665E+02,    1.2125481665E+02,    0.0000000000E+00,    0.0000000000E+00,    0.0000000000E+00,    1.2125481665E+02
    111400,      0.676940,CP4_after_advection,   1,    0.0000000000E+00,    1.2125041665E+02,    1.2125041665E+02,    0.0000000000E+00,    0.0000000000E+00,    0.0000000000E+00,    1.2125041665E+02
    111400,      0.676940,CP5_after_vdif,   1,    0.0000000000E+00,    1.2125041665E+02,    1.2125041665E+02,    0.0000000000E+00,    0.0000000000E+00,    0.0000000000E+00,    1.2125041665E+02
    111400,      0.676940,CP6_after_kinetics,   1,    0.0000000000E+00,    1.2125041665E+02,    1.2125041665E+02,    0.0000000000E+00,    0.0000000000E+00,    0.0000000000E+00,    1.2125041665E+02
    111400,      0.676940,CP7_after_upper_clamp,   1,    0.0000000000E+00,    1.2125041665E+02,    1.2125041665E+02,    0.0000000000E+00,    0.0000000000E+00,    0.0000000000E+00,    1.2125041665E+02
    111400,      0.676940,CP8_after_OBC,   1,    0.0000000000E+00,    1.2125041665E+02,    1.2125041665E+02,    0.0000000000E+00,    0.0000000000E+00,    0.0000000000E+00,    1.2125041665E+02
    111400,      0.676940,CP9_after_PTsource,   1,    0.0000000000E+00,    1.2125041665E+02,    1.2125041665E+02,    0.0000000000E+00,    0.0000000000E+00,    0.0000000000E+00,    1.2125041665E+02
    111400,      0.676940,CP10_after_neg_clamp,   1,    0.0000000000E+00,    1.2125041665E+02,    1.2125041665E+02,    0.0000000000E+00,    0.0000000000E+00,    0.0000000000E+00,    1.2125041665E+02
    111400,      0.676940,CP11_after_MPI,   1,    0.0000000000E+00,    1.2125041665E+02,    1.2125041665E+02,    0.0000000000E+00,    0.0000000000E+00,    0.0000000000E+00,    1.2125041665E+02
    111400,      0.676940,CP12_end,   1,    0.0000000000E+00,    1.2125041665E+02,    1.2125041665E+02,    0.0000000000E+00,    0.0000000000E+00,    0.0000000000E+00,    1.2125041665E+02
    111450,      0.676940,CP0_start,   1,    0.0000000000E+00,    1.2135042166E+02,    1.2135042166E+02,    0.0000000000E+00,    0.0000000000E+00,    0.0000000000E+00,    1.2135042166E+02
    111450,      0.676940,CP1_after_deposition,   1,    0.0000000000E+00,    1.2135042166E+02,    1.2135042166E+02,    0.0000000000E+00,    0.0000000000E+00,    0.0000000000E+00,    1.2135042166E+02
    111450,      0.676940,CP2_after_erosion,   1,    0.0000000000E+00,    1.2135042166E+02,    1.2135042166E+02,    0.0000000000E+00,    0.0000000000E+00,    0.0000000000E+00,    1.2135042166E+02
    111450,      0.676940,CP3_after_update_bottom,   1,    0.0000000000E+00,    1.2135042166E+02,    1.2135042166E+02,    0.0000000000E+00,    0.0000000000E+00,    0.0000000000E+00,    1.2135042166E+02
    111450,      0.676940,CP4_after_advection,   1,    0.0000000000E+00,    1.2134598043E+02,    1.2134598043E+02,    0.0000000000E+00,    0.0000000000E+00,    0.0000000000E+00,    1.2134598043E+02
    111450,      0.676940,CP5_after_vdif,   1,    0.0000000000E+00,    1.2134598043E+02,    1.2134598043E+02,    0.0000000000E+00,    0.0000000000E+00,    0.0000000000E+00,    1.2134598043E+02
    111450,      0.676940,CP6_after_kinetics,   1,    0.0000000000E+00,    1.2134598043E+02,    1.2134598043E+02,    0.0000000000E+00,    0.0000000000E+00,    0.0000000000E+00,    1.2134598043E+02
    111450,      0.676940,CP7_after_upper_clamp,   1,    0.0000000000E+00,    1.2134598043E+02,    1.2134598043E+02,    0.0000000000E+00,    0.0000000000E+00,    0.0000000000E+00,    1.2134598043E+02
    111450,      0.676940,CP8_after_OBC,   1,    0.0000000000E+00,    1.2134598043E+02,    1.2134598043E+02,    0.0000000000E+00,    0.0000000000E+00,    0.0000000000E+00,    1.2134598043E+02
    111450,      0.676940,CP9_after_PTsource,   1,    0.0000000000E+00,    1.2134598043E+02,    1.2134598043E+02,    0.0000000000E+00,    0.0000000000E+00,    0.0000000000E+00,    1.2134598043E+02
    111450,      0.676940,CP10_after_neg_clamp,   1,    0.0000000000E+00,    1.2134598043E+02,    1.2134598043E+02,    0.0000000000E+00,    0.0000000000E+00,    0.0000000000E+00,    1.2134598043E+02
    111450,      0.676940,CP11_after_MPI,   1,    0.0000000000E+00,    1.2134598043E+02,    1.2134598043E+02,    0.0000000000E+00,    0.0000000000E+00,    0.0000000000E+00,    1.2134598043E+02
    111450,      0.676940,CP12_end,   1,    0.0000000000E+00,    1.2134598043E+02,    1.2134598043E+02,    0.0000000000E+00,    0.0000000000E+00,    0.0000000000E+00,    1.2134598043E+02
    111500,      0.676940,CP0_start,   1,    0.0000000000E+00,    1.2144696539E+02,    1.2144696539E+02,    0.0000000000E+00,    0.0000000000E+00,    0.0000000000E+00,    1.2144696539E+02
    111500,      0.676940,CP1_after_deposition,   1,    0.0000000000E+00,    1.2144696539E+02,    1.2144696539E+02,    0.0000000000E+00,    0.0000000000E+00,    0.0000000000E+00,    1.2144696539E+02
    111500,      0.676940,CP2_after_erosion,   1,    0.0000000000E+00,    1.2144696539E+02,    1.2144696539E+02,    0.0000000000E+00,    0.0000000000E+00,    0.0000000000E+00,    1.2144696539E+02
    111500,      0.676940,CP3_after_update_bottom,   1,    0.0000000000E+00,    1.2144696539E+02,    1.2144696539E+02,    0.0000000000E+00,    0.0000000000E+00,    0.0000000000E+00,    1.2144696539E+02
    111500,      0.676940,CP4_after_advection,   1,    0.0000000000E+00,    1.2144245548E+02,    1.2144245548E+02,    0.0000000000E+00,    0.0000000000E+00,    0.0000000000E+00,    1.2144245548E+02
    111500,      0.676940,CP5_after_vdif,   1,    0.0000000000E+00,    1.2144245548E+02,    1.2144245548E+02,    0.0000000000E+00,    0.0000000000E+00,    0.0000000000E+00,    1.2144245548E+02
    111500,      0.676940,CP6_after_kinetics,   1,    0.0000000000E+00,    1.2144245548E+02,    1.2144245548E+02,    0.0000000000E+00,    0.0000000000E+00,    0.0000000000E+00,    1.2144245548E+02
    111500,      0.676940,CP7_after_upper_clamp,   1,    0.0000000000E+00,    1.2144245548E+02,    1.2144245548E+02,    0.0000000000E+00,    0.0000000000E+00,    0.0000000000E+00,    1.2144245548E+02
    111500,      0.676940,CP8_after_OBC,   1,    0.0000000000E+00,    1.2144245548E+02,    1.2144245548E+02,    0.0000000000E+00,    0.0000000000E+00,    0.0000000000E+00,    1.2144245548E+02
    111500,      0.676940,CP9_after_PTsource,   1,    0.0000000000E+00,    1.2144245548E+02,    1.2144245548E+02,    0.0000000000E+00,    0.0000000000E+00,    0.0000000000E+00,    1.2144245548E+02
    111500,      0.676940,CP10_after_neg_clamp,   1,    0.0000000000E+00,    1.2144245548E+02,    1.2144245548E+02,    0.0000000000E+00,    0.0000000000E+00,    0.0000000000E+00,    1.2144245548E+02
    111500,      0.676940,CP11_after_MPI,   1,    0.0000000000E+00,    1.2144245548E+02,    1.2144245548E+02,    0.0000000000E+00,    0.0000000000E+00,    0.0000000000E+00,    1.2144245548E+02
    111500,      0.676940,CP12_end,   1,    0.0000000000E+00,    1.2144245548E+02,    1.2144245548E+02,    0.0000000000E+00,    0.0000000000E+00,    0.0000000000E+00,    1.2144245548E+02
    111550,      0.676940,CP0_start,   1,    0.0000000000E+00,    1.2154267061E+02,    1.2154267061E+02,    0.0000000000E+00,    0.0000000000E+00,    0.0000000000E+00,    1.2154267061E+02
    111550,      0.676940,CP1_after_deposition,   1,    0.0000000000E+00,    1.2154267061E+02,    1.2154267061E+02,    0.0000000000E+00,    0.0000000000E+00,    0.0000000000E+00,    1.2154267061E+02
    111550,      0.676940,CP2_after_erosion,   1,    0.0000000000E+00,    1.2154267061E+02,    1.2154267061E+02,    0.0000000000E+00,    0.0000000000E+00,    0.0000000000E+00,    1.2154267061E+02
    111550,      0.676940,CP3_after_update_bottom,   1,    0.0000000000E+00,    1.2154267061E+02,    1.2154267061E+02,    0.0000000000E+00,    0.0000000000E+00,    0.0000000000E+00,    1.2154267061E+02
    111550,      0.676940,CP4_after_advection,   1,    0.0000000000E+00,    1.2153806069E+02,    1.2153806069E+02,    0.0000000000E+00,    0.0000000000E+00,    0.0000000000E+00,    1.2153806069E+02
    111550,      0.676940,CP5_after_vdif,   1,    0.0000000000E+00,    1.2153806069E+02,    1.2153806069E+02,    0.0000000000E+00,    0.0000000000E+00,    0.0000000000E+00,    1.2153806069E+02
    111550,      0.676940,CP6_after_kinetics,   1,    0.0000000000E+00,    1.2153806069E+02,    1.2153806069E+02,    0.0000000000E+00,    0.0000000000E+00,    0.0000000000E+00,    1.2153806069E+02
    111550,      0.676940,CP7_after_upper_clamp,   1,    0.0000000000E+00,    1.2153806069E+02,    1.2153806069E+02,    0.0000000000E+00,    0.0000000000E+00,    0.0000000000E+00,    1.2153806069E+02
    111550,      0.676940,CP8_after_OBC,   1,    0.0000000000E+00,    1.2153806069E+02,    1.2153806069E+02,    0.0000000000E+00,    0.0000000000E+00,    0.0000000000E+00,    1.2153806069E+02
    111550,      0.676940,CP9_after_PTsource,   1,    0.0000000000E+00,    1.2153806069E+02,    1.2153806069E+02,    0.0000000000E+00,    0.0000000000E+00,    0.0000000000E+00,    1.2153806069E+02
    111550,      0.676940,CP10_after_neg_clamp,   1,    0.0000000000E+00,    1.2153806069E+02,    1.2153806069E+02,    0.0000000000E+00,    0.0000000000E+00,    0.0000000000E+00,    1.2153806069E+02
    111550,      0.676940,CP11_after_MPI,   1,    0.0000000000E+00,    1.2153806069E+02,    1.2153806069E+02,    0.0000000000E+00,    0.0000000000E+00,    0.0000000000E+00,    1.2153806069E+02
    111550,      0.676940,CP12_end,   1,    0.0000000000E+00,    1.2153806069E+02,    1.2153806069E+02,    0.0000000000E+00,    0.0000000000E+00,    0.0000000000E+00,    1.2153806069E+02
    111600,      0.676940,CP0_start,   1,    0.0000000000E+00,    1.2163610490E+02,    1.2163610490E+02,    0.0000000000E+00,    0.0000000000E+00,    0.0000000000E+00,    1.2163610490E+02
    111600,      0.676940,CP1_after_deposition,   1,    0.0000000000E+00,    1.2163610490E+02,    1.2163610490E+02,    0.0000000000E+00,    0.0000000000E+00,    0.0000000000E+00,    1.2163610490E+02
    111600,      0.676940,CP2_after_erosion,   1,    0.0000000000E+00,    1.2163610490E+02,    1.2163610490E+02,    0.0000000000E+00,    0.0000000000E+00,    0.0000000000E+00,    1.2163610490E+02
    111600,      0.676940,CP3_after_update_bottom,   1,    0.0000000000E+00,    1.2163610490E+02,    1.2163610490E+02,    0.0000000000E+00,    0.0000000000E+00,    0.0000000000E+00,    1.2163610490E+02
    111600,      0.676940,CP4_after_advection,   1,    0.0000000000E+00,    1.2163138598E+02,    1.2163138598E+02,    0.0000000000E+00,    0.0000000000E+00,    0.0000000000E+00,    1.2163138598E+02
    111600,      0.676940,CP5_after_vdif,   1,    0.0000000000E+00,    1.2163138598E+02,    1.2163138598E+02,    0.0000000000E+00,    0.0000000000E+00,    0.0000000000E+00,    1.2163138598E+02
    111600,      0.676940,CP6_after_kinetics,   1,    0.0000000000E+00,    1.2163138598E+02,    1.2163138598E+02,    0.0000000000E+00,    0.0000000000E+00,    0.0000000000E+00,    1.2163138598E+02
    111600,      0.676940,CP7_after_upper_clamp,   1,    0.0000000000E+00,    1.2163138598E+02,    1.2163138598E+02,    0.0000000000E+00,    0.0000000000E+00,    0.0000000000E+00,    1.2163138598E+02
    111600,      0.676940,CP8_after_OBC,   1,    0.0000000000E+00,    1.2163138598E+02,    1.2163138598E+02,    0.0000000000E+00,    0.0000000000E+00,    0.0000000000E+00,    1.2163138598E+02
    111600,      0.676940,CP9_after_PTsource,   1,    0.0000000000E+00,    1.2163138598E+02,    1.2163138598E+02,    0.0000000000E+00,    0.0000000000E+00,    0.0000000000E+00,    1.2163138598E+02
    111600,      0.676940,CP10_after_neg_clamp,   1,    0.0000000000E+00,    1.2163138598E+02,    1.2163138598E+02,    0.0000000000E+00,    0.0000000000E+00,    0.0000000000E+00,    1.2163138598E+02
    111600,      0.676940,CP11_after_MPI,   1,    0.0000000000E+00,    1.2163138598E+02,    1.2163138598E+02,    0.0000000000E+00,    0.0000000000E+00,    0.0000000000E+00,    1.2163138598E+02
    111600,      0.676940,CP12_end,   1,    0.0000000000E+00,    1.2163138598E+02,    1.2163138598E+02,    0.0000000000E+00,    0.0000000000E+00,    0.0000000000E+00,    1.2163138598E+02
    111650,      0.676940,CP0_start,   1,    0.0000000000E+00,    1.2172678510E+02,    1.2172678510E+02,    0.0000000000E+00,    0.0000000000E+00,    0.0000000000E+00,    1.2172678510E+02
    111650,      0.676940,CP1_after_deposition,   1,    0.0000000000E+00,    1.2172678510E+02,    1.2172678510E+02,    0.0000000000E+00,    0.0000000000E+00,    0.0000000000E+00,    1.2172678510E+02
    111650,      0.676940,CP2_after_erosion,   1,    0.0000000000E+00,    1.2172678510E+02,    1.2172678510E+02,    0.0000000000E+00,    0.0000000000E+00,    0.0000000000E+00,    1.2172678510E+02
    111650,      0.676940,CP3_after_update_bottom,   1,    0.0000000000E+00,    1.2172678510E+02,    1.2172678510E+02,    0.0000000000E+00,    0.0000000000E+00,    0.0000000000E+00,    1.2172678510E+02
    111650,      0.676940,CP4_after_advection,   1,    0.0000000000E+00,    1.2172196143E+02,    1.2172196143E+02,    0.0000000000E+00,    0.0000000000E+00,    0.0000000000E+00,    1.2172196143E+02
    111650,      0.676940,CP5_after_vdif,   1,    0.0000000000E+00,    1.2172196143E+02,    1.2172196143E+02,    0.0000000000E+00,    0.0000000000E+00,    0.0000000000E+00,    1.2172196143E+02
    111650,      0.676940,CP6_after_kinetics,   1,    0.0000000000E+00,    1.2172196143E+02,    1.2172196143E+02,    0.0000000000E+00,    0.0000000000E+00,    0.0000000000E+00,    1.2172196143E+02
    111650,      0.676940,CP7_after_upper_clamp,   1,    0.0000000000E+00,    1.2172196143E+02,    1.2172196143E+02,    0.0000000000E+00,    0.0000000000E+00,    0.0000000000E+00,    1.2172196143E+02
    111650,      0.676940,CP8_after_OBC,   1,    0.0000000000E+00,    1.2172196143E+02,    1.2172196143E+02,    0.0000000000E+00,    0.0000000000E+00,    0.0000000000E+00,    1.2172196143E+02
    111650,      0.676940,CP9_after_PTsource,   1,    0.0000000000E+00,    1.2172196143E+02,    1.2172196143E+02,    0.0000000000E+00,    0.0000000000E+00,    0.0000000000E+00,    1.2172196143E+02
    111650,      0.676940,CP10_after_neg_clamp,   1,    0.0000000000E+00,    1.2172196143E+02,    1.2172196143E+02,    0.0000000000E+00,    0.0000000000E+00,    0.0000000000E+00,    1.2172196143E+02
    111650,      0.676940,CP11_after_MPI,   1,    0.0000000000E+00,    1.2172196143E+02,    1.2172196143E+02,    0.0000000000E+00,    0.0000000000E+00,    0.0000000000E+00,    1.2172196143E+02
    111650,      0.676940,CP12_end,   1,    0.0000000000E+00,    1.2172196143E+02,    1.2172196143E+02,    0.0000000000E+00,    0.0000000000E+00,    0.0000000000E+00,    1.2172196143E+02
    111700,      0.676940,CP0_start,   1,    0.0000000000E+00,    1.2181501899E+02,    1.2181501899E+02,    0.0000000000E+00,    0.0000000000E+00,    0.0000000000E+00,    1.2181501899E+02
    111700,      0.676940,CP1_after_deposition,   1,    0.0000000000E+00,    1.2181501899E+02,    1.2181501899E+02,    0.0000000000E+00,    0.0000000000E+00,    0.0000000000E+00,    1.2181501899E+02
    111700,      0.676940,CP2_after_erosion,   1,    0.0000000000E+00,    1.2181501899E+02,    1.2181501899E+02,    0.0000000000E+00,    0.0000000000E+00,    0.0000000000E+00,    1.2181501899E+02
    111700,      0.676940,CP3_after_update_bottom,   1,    0.0000000000E+00,    1.2181501899E+02,    1.2181501899E+02,    0.0000000000E+00,    0.0000000000E+00,    0.0000000000E+00,    1.2181501899E+02
    111700,      0.676940,CP4_after_advection,   1,    0.0000000000E+00,    1.2181010201E+02,    1.2181010201E+02,    0.0000000000E+00,    0.0000000000E+00,    0.0000000000E+00,    1.2181010201E+02
    111700,      0.676940,CP5_after_vdif,   1,    0.0000000000E+00,    1.2181010201E+02,    1.2181010201E+02,    0.0000000000E+00,    0.0000000000E+00,    0.0000000000E+00,    1.2181010201E+02
    111700,      0.676940,CP6_after_kinetics,   1,    0.0000000000E+00,    1.2181010201E+02,    1.2181010201E+02,    0.0000000000E+00,    0.0000000000E+00,    0.0000000000E+00,    1.2181010201E+02
    111700,      0.676940,CP7_after_upper_clamp,   1,    0.0000000000E+00,    1.2181010201E+02,    1.2181010201E+02,    0.0000000000E+00,    0.0000000000E+00,    0.0000000000E+00,    1.2181010201E+02
    111700,      0.676940,CP8_after_OBC,   1,    0.0000000000E+00,    1.2181010201E+02,    1.2181010201E+02,    0.0000000000E+00,    0.0000000000E+00,    0.0000000000E+00,    1.2181010201E+02
    111700,      0.676940,CP9_after_PTsource,   1,    0.0000000000E+00,    1.2181010201E+02,    1.2181010201E+02,    0.0000000000E+00,    0.0000000000E+00,    0.0000000000E+00,    1.2181010201E+02
    111700,      0.676940,CP10_after_neg_clamp,   1,    0.0000000000E+00,    1.2181010201E+02,    1.2181010201E+02,    0.0000000000E+00,    0.0000000000E+00,    0.0000000000E+00,    1.2181010201E+02
    111700,      0.676940,CP11_after_MPI,   1,    0.0000000000E+00,    1.2181010201E+02,    1.2181010201E+02,    0.0000000000E+00,    0.0000000000E+00,    0.0000000000E+00,    1.2181010201E+02
    111700,      0.676940,CP12_end,   1,    0.0000000000E+00,    1.2181010201E+02,    1.2181010201E+02,    0.0000000000E+00,    0.0000000000E+00,    0.0000000000E+00,    1.2181010201E+02
    111750,      0.676940,CP0_start,   1,    0.0000000000E+00,    1.2190099250E+02,    1.2190099250E+02,    0.0000000000E+00,    0.0000000000E+00,    0.0000000000E+00,    1.2190099250E+02
    111750,      0.676940,CP1_after_deposition,   1,    0.0000000000E+00,    1.2190099250E+02,    1.2190099250E+02,    0.0000000000E+00,    0.0000000000E+00,    0.0000000000E+00,    1.2190099250E+02
    111750,      0.676940,CP2_after_erosion,   1,    0.0000000000E+00,    1.2190099250E+02,    1.2190099250E+02,    0.0000000000E+00,    0.0000000000E+00,    0.0000000000E+00,    1.2190099250E+02
    111750,      0.676940,CP3_after_update_bottom,   1,    0.0000000000E+00,    1.2190099250E+02,    1.2190099250E+02,    0.0000000000E+00,    0.0000000000E+00,    0.0000000000E+00,    1.2190099250E+02
    111750,      0.676940,CP4_after_advection,   1,    0.0000000000E+00,    1.2189598515E+02,    1.2189598515E+02,    0.0000000000E+00,    0.0000000000E+00,    0.0000000000E+00,    1.2189598515E+02
    111750,      0.676940,CP5_after_vdif,   1,    0.0000000000E+00,    1.2189598515E+02,    1.2189598515E+02,    0.0000000000E+00,    0.0000000000E+00,    0.0000000000E+00,    1.2189598515E+02
    111750,      0.676940,CP6_after_kinetics,   1,    0.0000000000E+00,    1.2189598515E+02,    1.2189598515E+02,    0.0000000000E+00,    0.0000000000E+00,    0.0000000000E+00,    1.2189598515E+02
    111750,      0.676940,CP7_after_upper_clamp,   1,    0.0000000000E+00,    1.2189598515E+02,    1.2189598515E+02,    0.0000000000E+00,    0.0000000000E+00,    0.0000000000E+00,    1.2189598515E+02
    111750,      0.676940,CP8_after_OBC,   1,    0.0000000000E+00,    1.2189598515E+02,    1.2189598515E+02,    0.0000000000E+00,    0.0000000000E+00,    0.0000000000E+00,    1.2189598515E+02
    111750,      0.676940,CP9_after_PTsource,   1,    0.0000000000E+00,    1.2189598515E+02,    1.2189598515E+02,    0.0000000000E+00,    0.0000000000E+00,    0.0000000000E+00,    1.2189598515E+02
    111750,      0.676940,CP10_after_neg_clamp,   1,    0.0000000000E+00,    1.2189598515E+02,    1.2189598515E+02,    0.0000000000E+00,    0.0000000000E+00,    0.0000000000E+00,    1.2189598515E+02
    111750,      0.676940,CP11_after_MPI,   1,    0.0000000000E+00,    1.2189598515E+02,    1.2189598515E+02,    0.0000000000E+00,    0.0000000000E+00,    0.0000000000E+00,    1.2189598515E+02
    111750,      0.676940,CP12_end,   1,    0.0000000000E+00,    1.2189598515E+02,    1.2189598515E+02,    0.0000000000E+00,    0.0000000000E+00,    0.0000000000E+00,    1.2189598515E+02
    111800,      0.676940,CP0_start,   1,    0.0000000000E+00,    1.2198464385E+02,    1.2198464385E+02,    0.0000000000E+00,    0.0000000000E+00,    0.0000000000E+00,    1.2198464385E+02
    111800,      0.676940,CP1_after_deposition,   1,    0.0000000000E+00,    1.2198464385E+02,    1.2198464385E+02,    0.0000000000E+00,    0.0000000000E+00,    0.0000000000E+00,    1.2198464385E+02
    111800,      0.676940,CP2_after_erosion,   1,    0.0000000000E+00,    1.2198464385E+02,    1.2198464385E+02,    0.0000000000E+00,    0.0000000000E+00,    0.0000000000E+00,    1.2198464385E+02
    111800,      0.676940,CP3_after_update_bottom,   1,    0.0000000000E+00,    1.2198464385E+02,    1.2198464385E+02,    0.0000000000E+00,    0.0000000000E+00,    0.0000000000E+00,    1.2198464385E+02
    111800,      0.676940,CP4_after_advection,   1,    0.0000000000E+00,    1.2197954982E+02,    1.2197954982E+02,    0.0000000000E+00,    0.0000000000E+00,    0.0000000000E+00,    1.2197954982E+02
    111800,      0.676940,CP5_after_vdif,   1,    0.0000000000E+00,    1.2197954982E+02,    1.2197954982E+02,    0.0000000000E+00,    0.0000000000E+00,    0.0000000000E+00,    1.2197954982E+02
    111800,      0.676940,CP6_after_kinetics,   1,    0.0000000000E+00,    1.2197954982E+02,    1.2197954982E+02,    0.0000000000E+00,    0.0000000000E+00,    0.0000000000E+00,    1.2197954982E+02
    111800,      0.676940,CP7_after_upper_clamp,   1,    0.0000000000E+00,    1.2197954982E+02,    1.2197954982E+02,    0.0000000000E+00,    0.0000000000E+00,    0.0000000000E+00,    1.2197954982E+02
    111800,      0.676940,CP8_after_OBC,   1,    0.0000000000E+00,    1.2197954982E+02,    1.2197954982E+02,    0.0000000000E+00,    0.0000000000E+00,    0.0000000000E+00,    1.2197954982E+02
    111800,      0.676940,CP9_after_PTsource,   1,    0.0000000000E+00,    1.2197954982E+02,    1.2197954982E+02,    0.0000000000E+00,    0.0000000000E+00,    0.0000000000E+00,    1.2197954982E+02
    111800,      0.676940,CP10_after_neg_clamp,   1,    0.0000000000E+00,    1.2197954982E+02,    1.2197954982E+02,    0.0000000000E+00,    0.0000000000E+00,    0.0000000000E+00,    1.2197954982E+02
    111800,      0.676940,CP11_after_MPI,   1,    0.0000000000E+00,    1.2197954982E+02,    1.2197954982E+02,    0.0000000000E+00,    0.0000000000E+00,    0.0000000000E+00,    1.2197954982E+02
    111800,      0.676940,CP12_end,   1,    0.0000000000E+00,    1.2197954982E+02,    1.2197954982E+02,    0.0000000000E+00,    0.0000000000E+00,    0.0000000000E+00,    1.2197954982E+02
    111850,      0.676940,CP0_start,   1,    0.0000000000E+00,    1.2206553443E+02,    1.2206553443E+02,    0.0000000000E+00,    0.0000000000E+00,    0.0000000000E+00,    1.2206553443E+02
    111850,      0.676940,CP1_after_deposition,   1,    0.0000000000E+00,    1.2206553443E+02,    1.2206553443E+02,    0.0000000000E+00,    0.0000000000E+00,    0.0000000000E+00,    1.2206553443E+02
    111850,      0.676940,CP2_after_erosion,   1,    0.0000000000E+00,    1.2206553443E+02,    1.2206553443E+02,    0.0000000000E+00,    0.0000000000E+00,    0.0000000000E+00,    1.2206553443E+02
    111850,      0.676940,CP3_after_update_bottom,   1,    0.0000000000E+00,    1.2206553443E+02,    1.2206553443E+02,    0.0000000000E+00,    0.0000000000E+00,    0.0000000000E+00,    1.2206553443E+02
    111850,      0.676940,CP4_after_advection,   1,    0.0000000000E+00,    1.2206034772E+02,    1.2206034772E+02,    0.0000000000E+00,    0.0000000000E+00,    0.0000000000E+00,    1.2206034772E+02
    111850,      0.676940,CP5_after_vdif,   1,    0.0000000000E+00,    1.2206034772E+02,    1.2206034772E+02,    0.0000000000E+00,    0.0000000000E+00,    0.0000000000E+00,    1.2206034772E+02
    111850,      0.676940,CP6_after_kinetics,   1,    0.0000000000E+00,    1.2206034772E+02,    1.2206034772E+02,    0.0000000000E+00,    0.0000000000E+00,    0.0000000000E+00,    1.2206034772E+02
    111850,      0.676940,CP7_after_upper_clamp,   1,    0.0000000000E+00,    1.2206034772E+02,    1.2206034772E+02,    0.0000000000E+00,    0.0000000000E+00,    0.0000000000E+00,    1.2206034772E+02
    111850,      0.676940,CP8_after_OBC,   1,    0.0000000000E+00,    1.2206034772E+02,    1.2206034772E+02,    0.0000000000E+00,    0.0000000000E+00,    0.0000000000E+00,    1.2206034772E+02
    111850,      0.676940,CP9_after_PTsource,   1,    0.0000000000E+00,    1.2206034772E+02,    1.2206034772E+02,    0.0000000000E+00,    0.0000000000E+00,    0.0000000000E+00,    1.2206034772E+02
    111850,      0.676940,CP10_after_neg_clamp,   1,    0.0000000000E+00,    1.2206034772E+02,    1.2206034772E+02,    0.0000000000E+00,    0.0000000000E+00,    0.0000000000E+00,    1.2206034772E+02
    111850,      0.676940,CP11_after_MPI,   1,    0.0000000000E+00,    1.2206034772E+02,    1.2206034772E+02,    0.0000000000E+00,    0.0000000000E+00,    0.0000000000E+00,    1.2206034772E+02
    111850,      0.676940,CP12_end,   1,    0.0000000000E+00,    1.2206034772E+02,    1.2206034772E+02,    0.0000000000E+00,    0.0000000000E+00,    0.0000000000E+00,    1.2206034772E+02
    111900,      0.676940,CP0_start,   1,    0.0000000000E+00,    1.2214299125E+02,    1.2214299125E+02,    0.0000000000E+00,    0.0000000000E+00,    0.0000000000E+00,    1.2214299125E+02
    111900,      0.676940,CP1_after_deposition,   1,    0.0000000000E+00,    1.2214299125E+02,    1.2214299125E+02,    0.0000000000E+00,    0.0000000000E+00,    0.0000000000E+00,    1.2214299125E+02
    111900,      0.676940,CP2_after_erosion,   1,    0.0000000000E+00,    1.2214299125E+02,    1.2214299125E+02,    0.0000000000E+00,    0.0000000000E+00,    0.0000000000E+00,    1.2214299125E+02
    111900,      0.676940,CP3_after_update_bottom,   1,    0.0000000000E+00,    1.2214299125E+02,    1.2214299125E+02,    0.0000000000E+00,    0.0000000000E+00,    0.0000000000E+00,    1.2214299125E+02
    111900,      0.676940,CP4_after_advection,   1,    0.0000000000E+00,    1.2213770112E+02,    1.2213770112E+02,    0.0000000000E+00,    0.0000000000E+00,    0.0000000000E+00,    1.2213770112E+02
    111900,      0.676940,CP5_after_vdif,   1,    0.0000000000E+00,    1.2213770112E+02,    1.2213770112E+02,    0.0000000000E+00,    0.0000000000E+00,    0.0000000000E+00,    1.2213770112E+02
    111900,      0.676940,CP6_after_kinetics,   1,    0.0000000000E+00,    1.2213770112E+02,    1.2213770112E+02,    0.0000000000E+00,    0.0000000000E+00,    0.0000000000E+00,    1.2213770112E+02
    111900,      0.676940,CP7_after_upper_clamp,   1,    0.0000000000E+00,    1.2213770112E+02,    1.2213770112E+02,    0.0000000000E+00,    0.0000000000E+00,    0.0000000000E+00,    1.2213770112E+02
    111900,      0.676940,CP8_after_OBC,   1,    0.0000000000E+00,    1.2213770112E+02,    1.2213770112E+02,    0.0000000000E+00,    0.0000000000E+00,    0.0000000000E+00,    1.2213770112E+02
    111900,      0.676940,CP9_after_PTsource,   1,    0.0000000000E+00,    1.2213770112E+02,    1.2213770112E+02,    0.0000000000E+00,    0.0000000000E+00,    0.0000000000E+00,    1.2213770112E+02
    111900,      0.676940,CP10_after_neg_clamp,   1,    0.0000000000E+00,    1.2213770112E+02,    1.2213770112E+02,    0.0000000000E+00,    0.0000000000E+00,    0.0000000000E+00,    1.2213770112E+02
    111900,      0.676940,CP11_after_MPI,   1,    0.0000000000E+00,    1.2213770112E+02,    1.2213770112E+02,    0.0000000000E+00,    0.0000000000E+00,    0.0000000000E+00,    1.2213770112E+02
    111900,      0.676940,CP12_end,   1,    0.0000000000E+00,    1.2213770112E+02,    1.2213770112E+02,    0.0000000000E+00,    0.0000000000E+00,    0.0000000000E+00,    1.2213770112E+02
    111950,      0.676940,CP0_start,   1,    0.0000000000E+00,    1.2221637461E+02,    1.2221637461E+02,    0.0000000000E+00,    0.0000000000E+00,    0.0000000000E+00,    1.2221637461E+02
    111950,      0.676940,CP1_after_deposition,   1,    0.0000000000E+00,    1.2221637461E+02,    1.2221637461E+02,    0.0000000000E+00,    0.0000000000E+00,    0.0000000000E+00,    1.2221637461E+02
    111950,      0.676940,CP2_after_erosion,   1,    0.0000000000E+00,    1.2221637461E+02,    1.2221637461E+02,    0.0000000000E+00,    0.0000000000E+00,    0.0000000000E+00,    1.2221637461E+02
    111950,      0.676940,CP3_after_update_bottom,   1,    0.0000000000E+00,    1.2221637461E+02,    1.2221637461E+02,    0.0000000000E+00,    0.0000000000E+00,    0.0000000000E+00,    1.2221637461E+02
    111950,      0.676940,CP4_after_advection,   1,    0.0000000000E+00,    1.2221097628E+02,    1.2221097628E+02,    0.0000000000E+00,    0.0000000000E+00,    0.0000000000E+00,    1.2221097628E+02
    111950,      0.676940,CP5_after_vdif,   1,    0.0000000000E+00,    1.2221097628E+02,    1.2221097628E+02,    0.0000000000E+00,    0.0000000000E+00,    0.0000000000E+00,    1.2221097628E+02
    111950,      0.676940,CP6_after_kinetics,   1,    0.0000000000E+00,    1.2221097628E+02,    1.2221097628E+02,    0.0000000000E+00,    0.0000000000E+00,    0.0000000000E+00,    1.2221097628E+02
    111950,      0.676940,CP7_after_upper_clamp,   1,    0.0000000000E+00,    1.2221097628E+02,    1.2221097628E+02,    0.0000000000E+00,    0.0000000000E+00,    0.0000000000E+00,    1.2221097628E+02
    111950,      0.676940,CP8_after_OBC,   1,    0.0000000000E+00,    1.2221097628E+02,    1.2221097628E+02,    0.0000000000E+00,    0.0000000000E+00,    0.0000000000E+00,    1.2221097628E+02
    111950,      0.676940,CP9_after_PTsource,   1,    0.0000000000E+00,    1.2221097628E+02,    1.2221097628E+02,    0.0000000000E+00,    0.0000000000E+00,    0.0000000000E+00,    1.2221097628E+02
    111950,      0.676940,CP10_after_neg_clamp,   1,    0.0000000000E+00,    1.2221097628E+02,    1.2221097628E+02,    0.0000000000E+00,    0.0000000000E+00,    0.0000000000E+00,    1.2221097628E+02
    111950,      0.676940,CP11_after_MPI,   1,    0.0000000000E+00,    1.2221097628E+02,    1.2221097628E+02,    0.0000000000E+00,    0.0000000000E+00,    0.0000000000E+00,    1.2221097628E+02
    111950,      0.676940,CP12_end,   1,    0.0000000000E+00,    1.2221097628E+02,    1.2221097628E+02,    0.0000000000E+00,    0.0000000000E+00,    0.0000000000E+00,    1.2221097628E+02
    112000,      0.676940,CP0_start,   1,    0.0000000000E+00,    1.2228567827E+02,    1.2228567827E+02,    0.0000000000E+00,    0.0000000000E+00,    0.0000000000E+00,    1.2228567827E+02
    112000,      0.676940,CP1_after_deposition,   1,    0.0000000000E+00,    1.2228567827E+02,    1.2228567827E+02,    0.0000000000E+00,    0.0000000000E+00,    0.0000000000E+00,    1.2228567827E+02
    112000,      0.676940,CP2_after_erosion,   1,    0.0000000000E+00,    1.2228567827E+02,    1.2228567827E+02,    0.0000000000E+00,    0.0000000000E+00,    0.0000000000E+00,    1.2228567827E+02
    112000,      0.676940,CP3_after_update_bottom,   1,    0.0000000000E+00,    1.2228567827E+02,    1.2228567827E+02,    0.0000000000E+00,    0.0000000000E+00,    0.0000000000E+00,    1.2228567827E+02
    112000,      0.676940,CP4_after_advection,   1,    0.0000000000E+00,    1.2228018952E+02,    1.2228018952E+02,    0.0000000000E+00,    0.0000000000E+00,    0.0000000000E+00,    1.2228018952E+02
    112000,      0.676940,CP5_after_vdif,   1,    0.0000000000E+00,    1.2228018952E+02,    1.2228018952E+02,    0.0000000000E+00,    0.0000000000E+00,    0.0000000000E+00,    1.2228018952E+02
    112000,      0.676940,CP6_after_kinetics,   1,    0.0000000000E+00,    1.2228018952E+02,    1.2228018952E+02,    0.0000000000E+00,    0.0000000000E+00,    0.0000000000E+00,    1.2228018952E+02
    112000,      0.676940,CP7_after_upper_clamp,   1,    0.0000000000E+00,    1.2228018952E+02,    1.2228018952E+02,    0.0000000000E+00,    0.0000000000E+00,    0.0000000000E+00,    1.2228018952E+02
    112000,      0.676940,CP8_after_OBC,   1,    0.0000000000E+00,    1.2228018952E+02,    1.2228018952E+02,    0.0000000000E+00,    0.0000000000E+00,    0.0000000000E+00,    1.2228018952E+02
    112000,      0.676940,CP9_after_PTsource,   1,    0.0000000000E+00,    1.2228018952E+02,    1.2228018952E+02,    0.0000000000E+00,    0.0000000000E+00,    0.0000000000E+00,    1.2228018952E+02
    112000,      0.676940,CP10_after_neg_clamp,   1,    0.0000000000E+00,    1.2228018952E+02,    1.2228018952E+02,    0.0000000000E+00,    0.0000000000E+00,    0.0000000000E+00,    1.2228018952E+02
    112000,      0.676940,CP11_after_MPI,   1,    0.0000000000E+00,    1.2228018952E+02,    1.2228018952E+02,    0.0000000000E+00,    0.0000000000E+00,    0.0000000000E+00,    1.2228018952E+02
    112000,      0.676940,CP12_end,   1,    0.0000000000E+00,    1.2228018952E+02,    1.2228018952E+02,    0.0000000000E+00,    0.0000000000E+00,    0.0000000000E+00,    1.2228018952E+02
    112050,      0.676940,CP0_start,   1,    0.0000000000E+00,    1.2235187310E+02,    1.2235187310E+02,    0.0000000000E+00,    0.0000000000E+00,    0.0000000000E+00,    1.2235187310E+02
    112050,      0.676940,CP1_after_deposition,   1,    0.0000000000E+00,    1.2235187310E+02,    1.2235187310E+02,    0.0000000000E+00,    0.0000000000E+00,    0.0000000000E+00,    1.2235187310E+02
    112050,      0.676940,CP2_after_erosion,   1,    0.0000000000E+00,    1.2235187310E+02,    1.2235187310E+02,    0.0000000000E+00,    0.0000000000E+00,    0.0000000000E+00,    1.2235187310E+02
    112050,      0.676940,CP3_after_update_bottom,   1,    0.0000000000E+00,    1.2235187310E+02,    1.2235187310E+02,    0.0000000000E+00,    0.0000000000E+00,    0.0000000000E+00,    1.2235187310E+02
    112050,      0.676940,CP4_after_advection,   1,    0.0000000000E+00,    1.2234632494E+02,    1.2234632494E+02,    0.0000000000E+00,    0.0000000000E+00,    0.0000000000E+00,    1.2234632494E+02
    112050,      0.676940,CP5_after_vdif,   1,    0.0000000000E+00,    1.2234632494E+02,    1.2234632494E+02,    0.0000000000E+00,    0.0000000000E+00,    0.0000000000E+00,    1.2234632494E+02
    112050,      0.676940,CP6_after_kinetics,   1,    0.0000000000E+00,    1.2234632494E+02,    1.2234632494E+02,    0.0000000000E+00,    0.0000000000E+00,    0.0000000000E+00,    1.2234632494E+02
    112050,      0.676940,CP7_after_upper_clamp,   1,    0.0000000000E+00,    1.2234632494E+02,    1.2234632494E+02,    0.0000000000E+00,    0.0000000000E+00,    0.0000000000E+00,    1.2234632494E+02
    112050,      0.676940,CP8_after_OBC,   1,    0.0000000000E+00,    1.2234632494E+02,    1.2234632494E+02,    0.0000000000E+00,    0.0000000000E+00,    0.0000000000E+00,    1.2234632494E+02
    112050,      0.676940,CP9_after_PTsource,   1,    0.0000000000E+00,    1.2234632494E+02,    1.2234632494E+02,    0.0000000000E+00,    0.0000000000E+00,    0.0000000000E+00,    1.2234632494E+02
    112050,      0.676940,CP10_after_neg_clamp,   1,    0.0000000000E+00,    1.2234632494E+02,    1.2234632494E+02,    0.0000000000E+00,    0.0000000000E+00,    0.0000000000E+00,    1.2234632494E+02
    112050,      0.676940,CP11_after_MPI,   1,    0.0000000000E+00,    1.2234632494E+02,    1.2234632494E+02,    0.0000000000E+00,    0.0000000000E+00,    0.0000000000E+00,    1.2234632494E+02
    112050,      0.676940,CP12_end,   1,    0.0000000000E+00,    1.2234632494E+02,    1.2234632494E+02,    0.0000000000E+00,    0.0000000000E+00,    0.0000000000E+00,    1.2234632494E+02
    112100,      0.676940,CP0_start,   1,    0.0000000000E+00,    1.2241660748E+02,    1.2241660748E+02,    0.0000000000E+00,    0.0000000000E+00,    0.0000000000E+00,    1.2241660748E+02
    112100,      0.676940,CP1_after_deposition,   1,    0.0000000000E+00,    1.2241660748E+02,    1.2241660748E+02,    0.0000000000E+00,    0.0000000000E+00,    0.0000000000E+00,    1.2241660748E+02
    112100,      0.676940,CP2_after_erosion,   1,    0.0000000000E+00,    1.2241660748E+02,    1.2241660748E+02,    0.0000000000E+00,    0.0000000000E+00,    0.0000000000E+00,    1.2241660748E+02
    112100,      0.676940,CP3_after_update_bottom,   1,    0.0000000000E+00,    1.2241660748E+02,    1.2241660748E+02,    0.0000000000E+00,    0.0000000000E+00,    0.0000000000E+00,    1.2241660748E+02
    112100,      0.676940,CP4_after_advection,   1,    0.0000000000E+00,    1.2241103575E+02,    1.2241103575E+02,    0.0000000000E+00,    0.0000000000E+00,    0.0000000000E+00,    1.2241103575E+02
    112100,      0.676940,CP5_after_vdif,   1,    0.0000000000E+00,    1.2241103575E+02,    1.2241103575E+02,    0.0000000000E+00,    0.0000000000E+00,    0.0000000000E+00,    1.2241103575E+02
    112100,      0.676940,CP6_after_kinetics,   1,    0.0000000000E+00,    1.2241103575E+02,    1.2241103575E+02,    0.0000000000E+00,    0.0000000000E+00,    0.0000000000E+00,    1.2241103575E+02
    112100,      0.676940,CP7_after_upper_clamp,   1,    0.0000000000E+00,    1.2241103575E+02,    1.2241103575E+02,    0.0000000000E+00,    0.0000000000E+00,    0.0000000000E+00,    1.2241103575E+02
    112100,      0.676940,CP8_after_OBC,   1,    0.0000000000E+00,    1.2241103575E+02,    1.2241103575E+02,    0.0000000000E+00,    0.0000000000E+00,    0.0000000000E+00,    1.2241103575E+02
    112100,      0.676940,CP9_after_PTsource,   1,    0.0000000000E+00,    1.2241103575E+02,    1.2241103575E+02,    0.0000000000E+00,    0.0000000000E+00,    0.0000000000E+00,    1.2241103575E+02
    112100,      0.676940,CP10_after_neg_clamp,   1,    0.0000000000E+00,    1.2241103575E+02,    1.2241103575E+02,    0.0000000000E+00,    0.0000000000E+00,    0.0000000000E+00,    1.2241103575E+02
    112100,      0.676940,CP11_after_MPI,   1,    0.0000000000E+00,    1.2241103575E+02,    1.2241103575E+02,    0.0000000000E+00,    0.0000000000E+00,    0.0000000000E+00,    1.2241103575E+02
    112100,      0.676940,CP12_end,   1,    0.0000000000E+00,    1.2241103575E+02,    1.2241103575E+02,    0.0000000000E+00,    0.0000000000E+00,    0.0000000000E+00,    1.2241103575E+02
    112150,      0.676940,CP0_start,   1,    0.0000000000E+00,    1.2248153664E+02,    1.2248153664E+02,    0.0000000000E+00,    0.0000000000E+00,    0.0000000000E+00,    1.2248153664E+02
    112150,      0.676940,CP1_after_deposition,   1,    0.0000000000E+00,    1.2248153664E+02,    1.2248153664E+02,    0.0000000000E+00,    0.0000000000E+00,    0.0000000000E+00,    1.2248153664E+02
    112150,      0.676940,CP2_after_erosion,   1,    0.0000000000E+00,    1.2248153664E+02,    1.2248153664E+02,    0.0000000000E+00,    0.0000000000E+00,    0.0000000000E+00,    1.2248153664E+02
    112150,      0.676940,CP3_after_update_bottom,   1,    0.0000000000E+00,    1.2248153664E+02,    1.2248153664E+02,    0.0000000000E+00,    0.0000000000E+00,    0.0000000000E+00,    1.2248153664E+02
    112150,      0.676940,CP4_after_advection,   1,    0.0000000000E+00,    1.2247597697E+02,    1.2247597697E+02,    0.0000000000E+00,    0.0000000000E+00,    0.0000000000E+00,    1.2247597697E+02
    112150,      0.676940,CP5_after_vdif,   1,    0.0000000000E+00,    1.2247597697E+02,    1.2247597697E+02,    0.0000000000E+00,    0.0000000000E+00,    0.0000000000E+00,    1.2247597697E+02
    112150,      0.676940,CP6_after_kinetics,   1,    0.0000000000E+00,    1.2247597697E+02,    1.2247597697E+02,    0.0000000000E+00,    0.0000000000E+00,    0.0000000000E+00,    1.2247597697E+02
    112150,      0.676940,CP7_after_upper_clamp,   1,    0.0000000000E+00,    1.2247597697E+02,    1.2247597697E+02,    0.0000000000E+00,    0.0000000000E+00,    0.0000000000E+00,    1.2247597697E+02
    112150,      0.676940,CP8_after_OBC,   1,    0.0000000000E+00,    1.2247597697E+02,    1.2247597697E+02,    0.0000000000E+00,    0.0000000000E+00,    0.0000000000E+00,    1.2247597697E+02
    112150,      0.676940,CP9_after_PTsource,   1,    0.0000000000E+00,    1.2247597697E+02,    1.2247597697E+02,    0.0000000000E+00,    0.0000000000E+00,    0.0000000000E+00,    1.2247597697E+02
    112150,      0.676940,CP10_after_neg_clamp,   1,    0.0000000000E+00,    1.2247597697E+02,    1.2247597697E+02,    0.0000000000E+00,    0.0000000000E+00,    0.0000000000E+00,    1.2247597697E+02
    112150,      0.676940,CP11_after_MPI,   1,    0.0000000000E+00,    1.2247597697E+02,    1.2247597697E+02,    0.0000000000E+00,    0.0000000000E+00,    0.0000000000E+00,    1.2247597697E+02
    112150,      0.676940,CP12_end,   1,    0.0000000000E+00,    1.2247597697E+02,    1.2247597697E+02,    0.0000000000E+00,    0.0000000000E+00,    0.0000000000E+00,    1.2247597697E+02
    112200,      0.676940,CP0_start,   1,    0.0000000000E+00,    1.2254790279E+02,    1.2254790279E+02,    0.0000000000E+00,    0.0000000000E+00,    0.0000000000E+00,    1.2254790279E+02
    112200,      0.676940,CP1_after_deposition,   1,    0.0000000000E+00,    1.2254790279E+02,    1.2254790279E+02,    0.0000000000E+00,    0.0000000000E+00,    0.0000000000E+00,    1.2254790279E+02
    112200,      0.676940,CP2_after_erosion,   1,    0.0000000000E+00,    1.2254790279E+02,    1.2254790279E+02,    0.0000000000E+00,    0.0000000000E+00,    0.0000000000E+00,    1.2254790279E+02
    112200,      0.676940,CP3_after_update_bottom,   1,    0.0000000000E+00,    1.2254790279E+02,    1.2254790279E+02,    0.0000000000E+00,    0.0000000000E+00,    0.0000000000E+00,    1.2254790279E+02
    112200,      0.676940,CP4_after_advection,   1,    0.0000000000E+00,    1.2254237949E+02,    1.2254237949E+02,    0.0000000000E+00,    0.0000000000E+00,    0.0000000000E+00,    1.2254237949E+02
    112200,      0.676940,CP5_after_vdif,   1,    0.0000000000E+00,    1.2254237949E+02,    1.2254237949E+02,    0.0000000000E+00,    0.0000000000E+00,    0.0000000000E+00,    1.2254237949E+02
    112200,      0.676940,CP6_after_kinetics,   1,    0.0000000000E+00,    1.2254237949E+02,    1.2254237949E+02,    0.0000000000E+00,    0.0000000000E+00,    0.0000000000E+00,    1.2254237949E+02
    112200,      0.676940,CP7_after_upper_clamp,   1,    0.0000000000E+00,    1.2254237949E+02,    1.2254237949E+02,    0.0000000000E+00,    0.0000000000E+00,    0.0000000000E+00,    1.2254237949E+02
    112200,      0.676940,CP8_after_OBC,   1,    0.0000000000E+00,    1.2254237949E+02,    1.2254237949E+02,    0.0000000000E+00,    0.0000000000E+00,    0.0000000000E+00,    1.2254237949E+02
    112200,      0.676940,CP9_after_PTsource,   1,    0.0000000000E+00,    1.2254237949E+02,    1.2254237949E+02,    0.0000000000E+00,    0.0000000000E+00,    0.0000000000E+00,    1.2254237949E+02
    112200,      0.676940,CP10_after_neg_clamp,   1,    0.0000000000E+00,    1.2254237949E+02,    1.2254237949E+02,    0.0000000000E+00,    0.0000000000E+00,    0.0000000000E+00,    1.2254237949E+02
    112200,      0.676940,CP11_after_MPI,   1,    0.0000000000E+00,    1.2254237949E+02,    1.2254237949E+02,    0.0000000000E+00,    0.0000000000E+00,    0.0000000000E+00,    1.2254237949E+02
    112200,      0.676940,CP12_end,   1,    0.0000000000E+00,    1.2254237949E+02,    1.2254237949E+02,    0.0000000000E+00,    0.0000000000E+00,    0.0000000000E+00,    1.2254237949E+02
    112250,      0.676940,CP0_start,   1,    0.0000000000E+00,    1.2261635940E+02,    1.2261635940E+02,    0.0000000000E+00,    0.0000000000E+00,    0.0000000000E+00,    1.2261635940E+02
    112250,      0.676940,CP1_after_deposition,   1,    0.0000000000E+00,    1.2261635940E+02,    1.2261635940E+02,    0.0000000000E+00,    0.0000000000E+00,    0.0000000000E+00,    1.2261635940E+02
    112250,      0.676940,CP2_after_erosion,   1,    0.0000000000E+00,    1.2261635940E+02,    1.2261635940E+02,    0.0000000000E+00,    0.0000000000E+00,    0.0000000000E+00,    1.2261635940E+02
    112250,      0.676940,CP3_after_update_bottom,   1,    0.0000000000E+00,    1.2261635940E+02,    1.2261635940E+02,    0.0000000000E+00,    0.0000000000E+00,    0.0000000000E+00,    1.2261635940E+02
    112250,      0.676940,CP4_after_advection,   1,    0.0000000000E+00,    1.2261088337E+02,    1.2261088337E+02,    0.0000000000E+00,    0.0000000000E+00,    0.0000000000E+00,    1.2261088337E+02
    112250,      0.676940,CP5_after_vdif,   1,    0.0000000000E+00,    1.2261088337E+02,    1.2261088337E+02,    0.0000000000E+00,    0.0000000000E+00,    0.0000000000E+00,    1.2261088337E+02
    112250,      0.676940,CP6_after_kinetics,   1,    0.0000000000E+00,    1.2261088337E+02,    1.2261088337E+02,    0.0000000000E+00,    0.0000000000E+00,    0.0000000000E+00,    1.2261088337E+02
    112250,      0.676940,CP7_after_upper_clamp,   1,    0.0000000000E+00,    1.2261088337E+02,    1.2261088337E+02,    0.0000000000E+00,    0.0000000000E+00,    0.0000000000E+00,    1.2261088337E+02
    112250,      0.676940,CP8_after_OBC,   1,    0.0000000000E+00,    1.2261088337E+02,    1.2261088337E+02,    0.0000000000E+00,    0.0000000000E+00,    0.0000000000E+00,    1.2261088337E+02
    112250,      0.676940,CP9_after_PTsource,   1,    0.0000000000E+00,    1.2261088337E+02,    1.2261088337E+02,    0.0000000000E+00,    0.0000000000E+00,    0.0000000000E+00,    1.2261088337E+02
    112250,      0.676940,CP10_after_neg_clamp,   1,    0.0000000000E+00,    1.2261088337E+02,    1.2261088337E+02,    0.0000000000E+00,    0.0000000000E+00,    0.0000000000E+00,    1.2261088337E+02
    112250,      0.676940,CP11_after_MPI,   1,    0.0000000000E+00,    1.2261088337E+02,    1.2261088337E+02,    0.0000000000E+00,    0.0000000000E+00,    0.0000000000E+00,    1.2261088337E+02
    112250,      0.676940,CP12_end,   1,    0.0000000000E+00,    1.2261088337E+02,    1.2261088337E+02,    0.0000000000E+00,    0.0000000000E+00,    0.0000000000E+00,    1.2261088337E+02
    112300,      0.676940,CP0_start,   1,    0.0000000000E+00,    1.2268710570E+02,    1.2268710570E+02,    0.0000000000E+00,    0.0000000000E+00,    0.0000000000E+00,    1.2268710570E+02
    112300,      0.676940,CP1_after_deposition,   1,    0.0000000000E+00,    1.2268710570E+02,    1.2268710570E+02,    0.0000000000E+00,    0.0000000000E+00,    0.0000000000E+00,    1.2268710570E+02
    112300,      0.676940,CP2_after_erosion,   1,    0.0000000000E+00,    1.2268710570E+02,    1.2268710570E+02,    0.0000000000E+00,    0.0000000000E+00,    0.0000000000E+00,    1.2268710570E+02
    112300,      0.676940,CP3_after_update_bottom,   1,    0.0000000000E+00,    1.2268710570E+02,    1.2268710570E+02,    0.0000000000E+00,    0.0000000000E+00,    0.0000000000E+00,    1.2268710570E+02
    112300,      0.676940,CP4_after_advection,   1,    0.0000000000E+00,    1.2268168108E+02,    1.2268168108E+02,    0.0000000000E+00,    0.0000000000E+00,    0.0000000000E+00,    1.2268168108E+02
    112300,      0.676940,CP5_after_vdif,   1,    0.0000000000E+00,    1.2268168108E+02,    1.2268168108E+02,    0.0000000000E+00,    0.0000000000E+00,    0.0000000000E+00,    1.2268168108E+02
    112300,      0.676940,CP6_after_kinetics,   1,    0.0000000000E+00,    1.2268168108E+02,    1.2268168108E+02,    0.0000000000E+00,    0.0000000000E+00,    0.0000000000E+00,    1.2268168108E+02
    112300,      0.676940,CP7_after_upper_clamp,   1,    0.0000000000E+00,    1.2268168108E+02,    1.2268168108E+02,    0.0000000000E+00,    0.0000000000E+00,    0.0000000000E+00,    1.2268168108E+02
    112300,      0.676940,CP8_after_OBC,   1,    0.0000000000E+00,    1.2268168108E+02,    1.2268168108E+02,    0.0000000000E+00,    0.0000000000E+00,    0.0000000000E+00,    1.2268168108E+02
    112300,      0.676940,CP9_after_PTsource,   1,    0.0000000000E+00,    1.2268168108E+02,    1.2268168108E+02,    0.0000000000E+00,    0.0000000000E+00,    0.0000000000E+00,    1.2268168108E+02
    112300,      0.676940,CP10_after_neg_clamp,   1,    0.0000000000E+00,    1.2268168108E+02,    1.2268168108E+02,    0.0000000000E+00,    0.0000000000E+00,    0.0000000000E+00,    1.2268168108E+02
    112300,      0.676940,CP11_after_MPI,   1,    0.0000000000E+00,    1.2268168108E+02,    1.2268168108E+02,    0.0000000000E+00,    0.0000000000E+00,    0.0000000000E+00,    1.2268168108E+02
    112300,      0.676940,CP12_end,   1,    0.0000000000E+00,    1.2268168108E+02,    1.2268168108E+02,    0.0000000000E+00,    0.0000000000E+00,    0.0000000000E+00,    1.2268168108E+02
    112350,      0.676940,CP0_start,   1,    0.0000000000E+00,    1.2276000897E+02,    1.2276000897E+02,    0.0000000000E+00,    0.0000000000E+00,    0.0000000000E+00,    1.2276000897E+02
    112350,      0.676940,CP1_after_deposition,   1,    0.0000000000E+00,    1.2276000897E+02,    1.2276000897E+02,    0.0000000000E+00,    0.0000000000E+00,    0.0000000000E+00,    1.2276000897E+02
    112350,      0.676940,CP2_after_erosion,   1,    0.0000000000E+00,    1.2276000897E+02,    1.2276000897E+02,    0.0000000000E+00,    0.0000000000E+00,    0.0000000000E+00,    1.2276000897E+02
    112350,      0.676940,CP3_after_update_bottom,   1,    0.0000000000E+00,    1.2276000897E+02,    1.2276000897E+02,    0.0000000000E+00,    0.0000000000E+00,    0.0000000000E+00,    1.2276000897E+02
    112350,      0.676940,CP4_after_advection,   1,    0.0000000000E+00,    1.2275463804E+02,    1.2275463804E+02,    0.0000000000E+00,    0.0000000000E+00,    0.0000000000E+00,    1.2275463804E+02
    112350,      0.676940,CP5_after_vdif,   1,    0.0000000000E+00,    1.2275463804E+02,    1.2275463804E+02,    0.0000000000E+00,    0.0000000000E+00,    0.0000000000E+00,    1.2275463804E+02
    112350,      0.676940,CP6_after_kinetics,   1,    0.0000000000E+00,    1.2275463804E+02,    1.2275463804E+02,    0.0000000000E+00,    0.0000000000E+00,    0.0000000000E+00,    1.2275463804E+02
    112350,      0.676940,CP7_after_upper_clamp,   1,    0.0000000000E+00,    1.2275463804E+02,    1.2275463804E+02,    0.0000000000E+00,    0.0000000000E+00,    0.0000000000E+00,    1.2275463804E+02
    112350,      0.676940,CP8_after_OBC,   1,    0.0000000000E+00,    1.2275463804E+02,    1.2275463804E+02,    0.0000000000E+00,    0.0000000000E+00,    0.0000000000E+00,    1.2275463804E+02
    112350,      0.676940,CP9_after_PTsource,   1,    0.0000000000E+00,    1.2275463804E+02,    1.2275463804E+02,    0.0000000000E+00,    0.0000000000E+00,    0.0000000000E+00,    1.2275463804E+02
    112350,      0.676940,CP10_after_neg_clamp,   1,    0.0000000000E+00,    1.2275463804E+02,    1.2275463804E+02,    0.0000000000E+00,    0.0000000000E+00,    0.0000000000E+00,    1.2275463804E+02
    112350,      0.676940,CP11_after_MPI,   1,    0.0000000000E+00,    1.2275463804E+02,    1.2275463804E+02,    0.0000000000E+00,    0.0000000000E+00,    0.0000000000E+00,    1.2275463804E+02
    112350,      0.676940,CP12_end,   1,    0.0000000000E+00,    1.2275463804E+02,    1.2275463804E+02,    0.0000000000E+00,    0.0000000000E+00,    0.0000000000E+00,    1.2275463804E+02
    112400,      0.676940,CP0_start,   1,    0.0000000000E+00,    1.2283473114E+02,    1.2283473114E+02,    0.0000000000E+00,    0.0000000000E+00,    0.0000000000E+00,    1.2283473114E+02
    112400,      0.676940,CP1_after_deposition,   1,    0.0000000000E+00,    1.2283473114E+02,    1.2283473114E+02,    0.0000000000E+00,    0.0000000000E+00,    0.0000000000E+00,    1.2283473114E+02
    112400,      0.676940,CP2_after_erosion,   1,    0.0000000000E+00,    1.2283473114E+02,    1.2283473114E+02,    0.0000000000E+00,    0.0000000000E+00,    0.0000000000E+00,    1.2283473114E+02
    112400,      0.676940,CP3_after_update_bottom,   1,    0.0000000000E+00,    1.2283473114E+02,    1.2283473114E+02,    0.0000000000E+00,    0.0000000000E+00,    0.0000000000E+00,    1.2283473114E+02
    112400,      0.676940,CP4_after_advection,   1,    0.0000000000E+00,    1.2282941043E+02,    1.2282941043E+02,    0.0000000000E+00,    0.0000000000E+00,    0.0000000000E+00,    1.2282941043E+02
    112400,      0.676940,CP5_after_vdif,   1,    0.0000000000E+00,    1.2282941043E+02,    1.2282941043E+02,    0.0000000000E+00,    0.0000000000E+00,    0.0000000000E+00,    1.2282941043E+02
    112400,      0.676940,CP6_after_kinetics,   1,    0.0000000000E+00,    1.2282941043E+02,    1.2282941043E+02,    0.0000000000E+00,    0.0000000000E+00,    0.0000000000E+00,    1.2282941043E+02
    112400,      0.676940,CP7_after_upper_clamp,   1,    0.0000000000E+00,    1.2282941043E+02,    1.2282941043E+02,    0.0000000000E+00,    0.0000000000E+00,    0.0000000000E+00,    1.2282941043E+02
    112400,      0.676940,CP8_after_OBC,   1,    0.0000000000E+00,    1.2282941043E+02,    1.2282941043E+02,    0.0000000000E+00,    0.0000000000E+00,    0.0000000000E+00,    1.2282941043E+02
    112400,      0.676940,CP9_after_PTsource,   1,    0.0000000000E+00,    1.2282941043E+02,    1.2282941043E+02,    0.0000000000E+00,    0.0000000000E+00,    0.0000000000E+00,    1.2282941043E+02
    112400,      0.676940,CP10_after_neg_clamp,   1,    0.0000000000E+00,    1.2282941043E+02,    1.2282941043E+02,    0.0000000000E+00,    0.0000000000E+00,    0.0000000000E+00,    1.2282941043E+02
    112400,      0.676940,CP11_after_MPI,   1,    0.0000000000E+00,    1.2282941043E+02,    1.2282941043E+02,    0.0000000000E+00,    0.0000000000E+00,    0.0000000000E+00,    1.2282941043E+02
    112400,      0.676940,CP12_end,   1,    0.0000000000E+00,    1.2282941043E+02,    1.2282941043E+02,    0.0000000000E+00,    0.0000000000E+00,    0.0000000000E+00,    1.2282941043E+02
    112450,      0.676940,CP0_start,   1,    0.0000000000E+00,    1.2291090193E+02,    1.2291090193E+02,    0.0000000000E+00,    0.0000000000E+00,    0.0000000000E+00,    1.2291090193E+02
    112450,      0.676940,CP1_after_deposition,   1,    0.0000000000E+00,    1.2291090193E+02,    1.2291090193E+02,    0.0000000000E+00,    0.0000000000E+00,    0.0000000000E+00,    1.2291090193E+02
    112450,      0.676940,CP2_after_erosion,   1,    0.0000000000E+00,    1.2291090193E+02,    1.2291090193E+02,    0.0000000000E+00,    0.0000000000E+00,    0.0000000000E+00,    1.2291090193E+02
    112450,      0.676940,CP3_after_update_bottom,   1,    0.0000000000E+00,    1.2291090193E+02,    1.2291090193E+02,    0.0000000000E+00,    0.0000000000E+00,    0.0000000000E+00,    1.2291090193E+02
    112450,      0.676940,CP4_after_advection,   1,    0.0000000000E+00,    1.2290563107E+02,    1.2290563107E+02,    0.0000000000E+00,    0.0000000000E+00,    0.0000000000E+00,    1.2290563107E+02
    112450,      0.676940,CP5_after_vdif,   1,    0.0000000000E+00,    1.2290563107E+02,    1.2290563107E+02,    0.0000000000E+00,    0.0000000000E+00,    0.0000000000E+00,    1.2290563107E+02
    112450,      0.676940,CP6_after_kinetics,   1,    0.0000000000E+00,    1.2290563107E+02,    1.2290563107E+02,    0.0000000000E+00,    0.0000000000E+00,    0.0000000000E+00,    1.2290563107E+02
    112450,      0.676940,CP7_after_upper_clamp,   1,    0.0000000000E+00,    1.2290563107E+02,    1.2290563107E+02,    0.0000000000E+00,    0.0000000000E+00,    0.0000000000E+00,    1.2290563107E+02
    112450,      0.676940,CP8_after_OBC,   1,    0.0000000000E+00,    1.2290563107E+02,    1.2290563107E+02,    0.0000000000E+00,    0.0000000000E+00,    0.0000000000E+00,    1.2290563107E+02
    112450,      0.676940,CP9_after_PTsource,   1,    0.0000000000E+00,    1.2290563107E+02,    1.2290563107E+02,    0.0000000000E+00,    0.0000000000E+00,    0.0000000000E+00,    1.2290563107E+02
    112450,      0.676940,CP10_after_neg_clamp,   1,    0.0000000000E+00,    1.2290563107E+02,    1.2290563107E+02,    0.0000000000E+00,    0.0000000000E+00,    0.0000000000E+00,    1.2290563107E+02
    112450,      0.676940,CP11_after_MPI,   1,    0.0000000000E+00,    1.2290563107E+02,    1.2290563107E+02,    0.0000000000E+00,    0.0000000000E+00,    0.0000000000E+00,    1.2290563107E+02
    112450,      0.676940,CP12_end,   1,    0.0000000000E+00,    1.2290563107E+02,    1.2290563107E+02,    0.0000000000E+00,    0.0000000000E+00,    0.0000000000E+00,    1.2290563107E+02
    112500,      0.676940,CP0_start,   1,    0.0000000000E+00,    1.2298839273E+02,    1.2298839273E+02,    0.0000000000E+00,    0.0000000000E+00,    0.0000000000E+00,    1.2298839273E+02
    112500,      0.676940,CP1_after_deposition,   1,    0.0000000000E+00,    1.2298839273E+02,    1.2298839273E+02,    0.0000000000E+00,    0.0000000000E+00,    0.0000000000E+00,    1.2298839273E+02
    112500,      0.676940,CP2_after_erosion,   1,    0.0000000000E+00,    1.2298839273E+02,    1.2298839273E+02,    0.0000000000E+00,    0.0000000000E+00,    0.0000000000E+00,    1.2298839273E+02
    112500,      0.676940,CP3_after_update_bottom,   1,    0.0000000000E+00,    1.2298839273E+02,    1.2298839273E+02,    0.0000000000E+00,    0.0000000000E+00,    0.0000000000E+00,    1.2298839273E+02
    112500,      0.676940,CP4_after_advection,   1,    0.0000000000E+00,    1.2298317436E+02,    1.2298317436E+02,    0.0000000000E+00,    0.0000000000E+00,    0.0000000000E+00,    1.2298317436E+02
    112500,      0.676940,CP5_after_vdif,   1,    0.0000000000E+00,    1.2298317436E+02,    1.2298317436E+02,    0.0000000000E+00,    0.0000000000E+00,    0.0000000000E+00,    1.2298317436E+02
    112500,      0.676940,CP6_after_kinetics,   1,    0.0000000000E+00,    1.2298317436E+02,    1.2298317436E+02,    0.0000000000E+00,    0.0000000000E+00,    0.0000000000E+00,    1.2298317436E+02
    112500,      0.676940,CP7_after_upper_clamp,   1,    0.0000000000E+00,    1.2298317436E+02,    1.2298317436E+02,    0.0000000000E+00,    0.0000000000E+00,    0.0000000000E+00,    1.2298317436E+02
    112500,      0.676940,CP8_after_OBC,   1,    0.0000000000E+00,    1.2298317436E+02,    1.2298317436E+02,    0.0000000000E+00,    0.0000000000E+00,    0.0000000000E+00,    1.2298317436E+02
    112500,      0.676940,CP9_after_PTsource,   1,    0.0000000000E+00,    1.2298317436E+02,    1.2298317436E+02,    0.0000000000E+00,    0.0000000000E+00,    0.0000000000E+00,    1.2298317436E+02
    112500,      0.676940,CP10_after_neg_clamp,   1,    0.0000000000E+00,    1.2298317436E+02,    1.2298317436E+02,    0.0000000000E+00,    0.0000000000E+00,    0.0000000000E+00,    1.2298317436E+02
    112500,      0.676940,CP11_after_MPI,   1,    0.0000000000E+00,    1.2298317436E+02,    1.2298317436E+02,    0.0000000000E+00,    0.0000000000E+00,    0.0000000000E+00,    1.2298317436E+02
    112500,      0.676940,CP12_end,   1,    0.0000000000E+00,    1.2298317436E+02,    1.2298317436E+02,    0.0000000000E+00,    0.0000000000E+00,    0.0000000000E+00,    1.2298317436E+02
    112550,      0.676940,CP0_start,   1,    0.0000000000E+00,    1.2306658551E+02,    1.2306658551E+02,    0.0000000000E+00,    0.0000000000E+00,    0.0000000000E+00,    1.2306658551E+02
    112550,      0.676940,CP1_after_deposition,   1,    0.0000000000E+00,    1.2306658551E+02,    1.2306658551E+02,    0.0000000000E+00,    0.0000000000E+00,    0.0000000000E+00,    1.2306658551E+02
    112550,      0.676940,CP2_after_erosion,   1,    0.0000000000E+00,    1.2306658551E+02,    1.2306658551E+02,    0.0000000000E+00,    0.0000000000E+00,    0.0000000000E+00,    1.2306658551E+02
    112550,      0.676940,CP3_after_update_bottom,   1,    0.0000000000E+00,    1.2306658551E+02,    1.2306658551E+02,    0.0000000000E+00,    0.0000000000E+00,    0.0000000000E+00,    1.2306658551E+02
    112550,      0.676940,CP4_after_advection,   1,    0.0000000000E+00,    1.2306142668E+02,    1.2306142668E+02,    0.0000000000E+00,    0.0000000000E+00,    0.0000000000E+00,    1.2306142668E+02
    112550,      0.676940,CP5_after_vdif,   1,    0.0000000000E+00,    1.2306142668E+02,    1.2306142668E+02,    0.0000000000E+00,    0.0000000000E+00,    0.0000000000E+00,    1.2306142668E+02
    112550,      0.676940,CP6_after_kinetics,   1,    0.0000000000E+00,    1.2306142668E+02,    1.2306142668E+02,    0.0000000000E+00,    0.0000000000E+00,    0.0000000000E+00,    1.2306142668E+02
    112550,      0.676940,CP7_after_upper_clamp,   1,    0.0000000000E+00,    1.2306142668E+02,    1.2306142668E+02,    0.0000000000E+00,    0.0000000000E+00,    0.0000000000E+00,    1.2306142668E+02
    112550,      0.676940,CP8_after_OBC,   1,    0.0000000000E+00,    1.2306142668E+02,    1.2306142668E+02,    0.0000000000E+00,    0.0000000000E+00,    0.0000000000E+00,    1.2306142668E+02
    112550,      0.676940,CP9_after_PTsource,   1,    0.0000000000E+00,    1.2306142668E+02,    1.2306142668E+02,    0.0000000000E+00,    0.0000000000E+00,    0.0000000000E+00,    1.2306142668E+02
    112550,      0.676940,CP10_after_neg_clamp,   1,    0.0000000000E+00,    1.2306142668E+02,    1.2306142668E+02,    0.0000000000E+00,    0.0000000000E+00,    0.0000000000E+00,    1.2306142668E+02
    112550,      0.676940,CP11_after_MPI,   1,    0.0000000000E+00,    1.2306142668E+02,    1.2306142668E+02,    0.0000000000E+00,    0.0000000000E+00,    0.0000000000E+00,    1.2306142668E+02
    112550,      0.676940,CP12_end,   1,    0.0000000000E+00,    1.2306142668E+02,    1.2306142668E+02,    0.0000000000E+00,    0.0000000000E+00,    0.0000000000E+00,    1.2306142668E+02
    112600,      0.676940,CP0_start,   1,    0.0000000000E+00,    1.2314614706E+02,    1.2314614706E+02,    0.0000000000E+00,    0.0000000000E+00,    0.0000000000E+00,    1.2314614706E+02
    112600,      0.676940,CP1_after_deposition,   1,    0.0000000000E+00,    1.2314614706E+02,    1.2314614706E+02,    0.0000000000E+00,    0.0000000000E+00,    0.0000000000E+00,    1.2314614706E+02
    112600,      0.676940,CP2_after_erosion,   1,    0.0000000000E+00,    1.2314614706E+02,    1.2314614706E+02,    0.0000000000E+00,    0.0000000000E+00,    0.0000000000E+00,    1.2314614706E+02
    112600,      0.676940,CP3_after_update_bottom,   1,    0.0000000000E+00,    1.2314614706E+02,    1.2314614706E+02,    0.0000000000E+00,    0.0000000000E+00,    0.0000000000E+00,    1.2314614706E+02
    112600,      0.676940,CP4_after_advection,   1,    0.0000000000E+00,    1.2314105147E+02,    1.2314105147E+02,    0.0000000000E+00,    0.0000000000E+00,    0.0000000000E+00,    1.2314105147E+02
    112600,      0.676940,CP5_after_vdif,   1,    0.0000000000E+00,    1.2314105147E+02,    1.2314105147E+02,    0.0000000000E+00,    0.0000000000E+00,    0.0000000000E+00,    1.2314105147E+02
    112600,      0.676940,CP6_after_kinetics,   1,    0.0000000000E+00,    1.2314105147E+02,    1.2314105147E+02,    0.0000000000E+00,    0.0000000000E+00,    0.0000000000E+00,    1.2314105147E+02
    112600,      0.676940,CP7_after_upper_clamp,   1,    0.0000000000E+00,    1.2314105147E+02,    1.2314105147E+02,    0.0000000000E+00,    0.0000000000E+00,    0.0000000000E+00,    1.2314105147E+02
    112600,      0.676940,CP8_after_OBC,   1,    0.0000000000E+00,    1.2314105147E+02,    1.2314105147E+02,    0.0000000000E+00,    0.0000000000E+00,    0.0000000000E+00,    1.2314105147E+02
    112600,      0.676940,CP9_after_PTsource,   1,    0.0000000000E+00,    1.2314105147E+02,    1.2314105147E+02,    0.0000000000E+00,    0.0000000000E+00,    0.0000000000E+00,    1.2314105147E+02
    112600,      0.676940,CP10_after_neg_clamp,   1,    0.0000000000E+00,    1.2314105147E+02,    1.2314105147E+02,    0.0000000000E+00,    0.0000000000E+00,    0.0000000000E+00,    1.2314105147E+02
    112600,      0.676940,CP11_after_MPI,   1,    0.0000000000E+00,    1.2314105147E+02,    1.2314105147E+02,    0.0000000000E+00,    0.0000000000E+00,    0.0000000000E+00,    1.2314105147E+02
    112600,      0.676940,CP12_end,   1,    0.0000000000E+00,    1.2314105147E+02,    1.2314105147E+02,    0.0000000000E+00,    0.0000000000E+00,    0.0000000000E+00,    1.2314105147E+02
    112650,      0.676940,CP0_start,   1,    0.0000000000E+00,    1.2322692635E+02,    1.2322692635E+02,    0.0000000000E+00,    0.0000000000E+00,    0.0000000000E+00,    1.2322692635E+02
    112650,      0.676940,CP1_after_deposition,   1,    0.0000000000E+00,    1.2322692635E+02,    1.2322692635E+02,    0.0000000000E+00,    0.0000000000E+00,    0.0000000000E+00,    1.2322692635E+02
    112650,      0.676940,CP2_after_erosion,   1,    0.0000000000E+00,    1.2322692635E+02,    1.2322692635E+02,    0.0000000000E+00,    0.0000000000E+00,    0.0000000000E+00,    1.2322692635E+02
    112650,      0.676940,CP3_after_update_bottom,   1,    0.0000000000E+00,    1.2322692635E+02,    1.2322692635E+02,    0.0000000000E+00,    0.0000000000E+00,    0.0000000000E+00,    1.2322692635E+02
    112650,      0.676940,CP4_after_advection,   1,    0.0000000000E+00,    1.2322189453E+02,    1.2322189453E+02,    0.0000000000E+00,    0.0000000000E+00,    0.0000000000E+00,    1.2322189453E+02
    112650,      0.676940,CP5_after_vdif,   1,    0.0000000000E+00,    1.2322189453E+02,    1.2322189453E+02,    0.0000000000E+00,    0.0000000000E+00,    0.0000000000E+00,    1.2322189453E+02
    112650,      0.676940,CP6_after_kinetics,   1,    0.0000000000E+00,    1.2322189453E+02,    1.2322189453E+02,    0.0000000000E+00,    0.0000000000E+00,    0.0000000000E+00,    1.2322189453E+02
    112650,      0.676940,CP7_after_upper_clamp,   1,    0.0000000000E+00,    1.2322189453E+02,    1.2322189453E+02,    0.0000000000E+00,    0.0000000000E+00,    0.0000000000E+00,    1.2322189453E+02
    112650,      0.676940,CP8_after_OBC,   1,    0.0000000000E+00,    1.2322189453E+02,    1.2322189453E+02,    0.0000000000E+00,    0.0000000000E+00,    0.0000000000E+00,    1.2322189453E+02
    112650,      0.676940,CP9_after_PTsource,   1,    0.0000000000E+00,    1.2322189453E+02,    1.2322189453E+02,    0.0000000000E+00,    0.0000000000E+00,    0.0000000000E+00,    1.2322189453E+02
    112650,      0.676940,CP10_after_neg_clamp,   1,    0.0000000000E+00,    1.2322189453E+02,    1.2322189453E+02,    0.0000000000E+00,    0.0000000000E+00,    0.0000000000E+00,    1.2322189453E+02
    112650,      0.676940,CP11_after_MPI,   1,    0.0000000000E+00,    1.2322189453E+02,    1.2322189453E+02,    0.0000000000E+00,    0.0000000000E+00,    0.0000000000E+00,    1.2322189453E+02
    112650,      0.676940,CP12_end,   1,    0.0000000000E+00,    1.2322189453E+02,    1.2322189453E+02,    0.0000000000E+00,    0.0000000000E+00,    0.0000000000E+00,    1.2322189453E+02
    112700,      0.676940,CP0_start,   1,    0.0000000000E+00,    1.2330878615E+02,    1.2330878615E+02,    0.0000000000E+00,    0.0000000000E+00,    0.0000000000E+00,    1.2330878615E+02
    112700,      0.676940,CP1_after_deposition,   1,    0.0000000000E+00,    1.2330878615E+02,    1.2330878615E+02,    0.0000000000E+00,    0.0000000000E+00,    0.0000000000E+00,    1.2330878615E+02
    112700,      0.676940,CP2_after_erosion,   1,    0.0000000000E+00,    1.2330878615E+02,    1.2330878615E+02,    0.0000000000E+00,    0.0000000000E+00,    0.0000000000E+00,    1.2330878615E+02
    112700,      0.676940,CP3_after_update_bottom,   1,    0.0000000000E+00,    1.2330878615E+02,    1.2330878615E+02,    0.0000000000E+00,    0.0000000000E+00,    0.0000000000E+00,    1.2330878615E+02
    112700,      0.676940,CP4_after_advection,   1,    0.0000000000E+00,    1.2330381638E+02,    1.2330381638E+02,    0.0000000000E+00,    0.0000000000E+00,    0.0000000000E+00,    1.2330381638E+02
    112700,      0.676940,CP5_after_vdif,   1,    0.0000000000E+00,    1.2330381638E+02,    1.2330381638E+02,    0.0000000000E+00,    0.0000000000E+00,    0.0000000000E+00,    1.2330381638E+02
    112700,      0.676940,CP6_after_kinetics,   1,    0.0000000000E+00,    1.2330381638E+02,    1.2330381638E+02,    0.0000000000E+00,    0.0000000000E+00,    0.0000000000E+00,    1.2330381638E+02
    112700,      0.676940,CP7_after_upper_clamp,   1,    0.0000000000E+00,    1.2330381638E+02,    1.2330381638E+02,    0.0000000000E+00,    0.0000000000E+00,    0.0000000000E+00,    1.2330381638E+02
    112700,      0.676940,CP8_after_OBC,   1,    0.0000000000E+00,    1.2330381638E+02,    1.2330381638E+02,    0.0000000000E+00,    0.0000000000E+00,    0.0000000000E+00,    1.2330381638E+02
    112700,      0.676940,CP9_after_PTsource,   1,    0.0000000000E+00,    1.2330381638E+02,    1.2330381638E+02,    0.0000000000E+00,    0.0000000000E+00,    0.0000000000E+00,    1.2330381638E+02
    112700,      0.676940,CP10_after_neg_clamp,   1,    0.0000000000E+00,    1.2330381638E+02,    1.2330381638E+02,    0.0000000000E+00,    0.0000000000E+00,    0.0000000000E+00,    1.2330381638E+02
    112700,      0.676940,CP11_after_MPI,   1,    0.0000000000E+00,    1.2330381638E+02,    1.2330381638E+02,    0.0000000000E+00,    0.0000000000E+00,    0.0000000000E+00,    1.2330381638E+02
    112700,      0.676940,CP12_end,   1,    0.0000000000E+00,    1.2330381638E+02,    1.2330381638E+02,    0.0000000000E+00,    0.0000000000E+00,    0.0000000000E+00,    1.2330381638E+02
    112750,      0.676940,CP0_start,   1,    0.0000000000E+00,    1.2339153601E+02,    1.2339153601E+02,    0.0000000000E+00,    0.0000000000E+00,    0.0000000000E+00,    1.2339153601E+02
    112750,      0.676940,CP1_after_deposition,   1,    0.0000000000E+00,    1.2339153601E+02,    1.2339153601E+02,    0.0000000000E+00,    0.0000000000E+00,    0.0000000000E+00,    1.2339153601E+02
    112750,      0.676940,CP2_after_erosion,   1,    0.0000000000E+00,    1.2339153601E+02,    1.2339153601E+02,    0.0000000000E+00,    0.0000000000E+00,    0.0000000000E+00,    1.2339153601E+02
    112750,      0.676940,CP3_after_update_bottom,   1,    0.0000000000E+00,    1.2339153601E+02,    1.2339153601E+02,    0.0000000000E+00,    0.0000000000E+00,    0.0000000000E+00,    1.2339153601E+02
    112750,      0.676940,CP4_after_advection,   1,    0.0000000000E+00,    1.2338663239E+02,    1.2338663239E+02,    0.0000000000E+00,    0.0000000000E+00,    0.0000000000E+00,    1.2338663239E+02
    112750,      0.676940,CP5_after_vdif,   1,    0.0000000000E+00,    1.2338663239E+02,    1.2338663239E+02,    0.0000000000E+00,    0.0000000000E+00,    0.0000000000E+00,    1.2338663239E+02
    112750,      0.676940,CP6_after_kinetics,   1,    0.0000000000E+00,    1.2338663239E+02,    1.2338663239E+02,    0.0000000000E+00,    0.0000000000E+00,    0.0000000000E+00,    1.2338663239E+02
    112750,      0.676940,CP7_after_upper_clamp,   1,    0.0000000000E+00,    1.2338663239E+02,    1.2338663239E+02,    0.0000000000E+00,    0.0000000000E+00,    0.0000000000E+00,    1.2338663239E+02
    112750,      0.676940,CP8_after_OBC,   1,    0.0000000000E+00,    1.2338663239E+02,    1.2338663239E+02,    0.0000000000E+00,    0.0000000000E+00,    0.0000000000E+00,    1.2338663239E+02
    112750,      0.676940,CP9_after_PTsource,   1,    0.0000000000E+00,    1.2338663239E+02,    1.2338663239E+02,    0.0000000000E+00,    0.0000000000E+00,    0.0000000000E+00,    1.2338663239E+02
    112750,      0.676940,CP10_after_neg_clamp,   1,    0.0000000000E+00,    1.2338663239E+02,    1.2338663239E+02,    0.0000000000E+00,    0.0000000000E+00,    0.0000000000E+00,    1.2338663239E+02
    112750,      0.676940,CP11_after_MPI,   1,    0.0000000000E+00,    1.2338663239E+02,    1.2338663239E+02,    0.0000000000E+00,    0.0000000000E+00,    0.0000000000E+00,    1.2338663239E+02
    112750,      0.676940,CP12_end,   1,    0.0000000000E+00,    1.2338663239E+02,    1.2338663239E+02,    0.0000000000E+00,    0.0000000000E+00,    0.0000000000E+00,    1.2338663239E+02
    112800,      0.676940,CP0_start,   1,    0.0000000000E+00,    1.2347504695E+02,    1.2347504695E+02,    0.0000000000E+00,    0.0000000000E+00,    0.0000000000E+00,    1.2347504695E+02
    112800,      0.676940,CP1_after_deposition,   1,    0.0000000000E+00,    1.2347504695E+02,    1.2347504695E+02,    0.0000000000E+00,    0.0000000000E+00,    0.0000000000E+00,    1.2347504695E+02
    112800,      0.676940,CP2_after_erosion,   1,    0.0000000000E+00,    1.2347504695E+02,    1.2347504695E+02,    0.0000000000E+00,    0.0000000000E+00,    0.0000000000E+00,    1.2347504695E+02
    112800,      0.676940,CP3_after_update_bottom,   1,    0.0000000000E+00,    1.2347504695E+02,    1.2347504695E+02,    0.0000000000E+00,    0.0000000000E+00,    0.0000000000E+00,    1.2347504695E+02
    112800,      0.676940,CP4_after_advection,   1,    0.0000000000E+00,    1.2347021028E+02,    1.2347021028E+02,    0.0000000000E+00,    0.0000000000E+00,    0.0000000000E+00,    1.2347021028E+02
    112800,      0.676940,CP5_after_vdif,   1,    0.0000000000E+00,    1.2347021028E+02,    1.2347021028E+02,    0.0000000000E+00,    0.0000000000E+00,    0.0000000000E+00,    1.2347021028E+02
    112800,      0.676940,CP6_after_kinetics,   1,    0.0000000000E+00,    1.2347021028E+02,    1.2347021028E+02,    0.0000000000E+00,    0.0000000000E+00,    0.0000000000E+00,    1.2347021028E+02
    112800,      0.676940,CP7_after_upper_clamp,   1,    0.0000000000E+00,    1.2347021028E+02,    1.2347021028E+02,    0.0000000000E+00,    0.0000000000E+00,    0.0000000000E+00,    1.2347021028E+02
    112800,      0.676940,CP8_after_OBC,   1,    0.0000000000E+00,    1.2347021028E+02,    1.2347021028E+02,    0.0000000000E+00,    0.0000000000E+00,    0.0000000000E+00,    1.2347021028E+02
    112800,      0.676940,CP9_after_PTsource,   1,    0.0000000000E+00,    1.2347021028E+02,    1.2347021028E+02,    0.0000000000E+00,    0.0000000000E+00,    0.0000000000E+00,    1.2347021028E+02
    112800,      0.676940,CP10_after_neg_clamp,   1,    0.0000000000E+00,    1.2347021028E+02,    1.2347021028E+02,    0.0000000000E+00,    0.0000000000E+00,    0.0000000000E+00,    1.2347021028E+02
    112800,      0.676940,CP11_after_MPI,   1,    0.0000000000E+00,    1.2347021028E+02,    1.2347021028E+02,    0.0000000000E+00,    0.0000000000E+00,    0.0000000000E+00,    1.2347021028E+02
    112800,      0.676940,CP12_end,   1,    0.0000000000E+00,    1.2347021028E+02,    1.2347021028E+02,    0.0000000000E+00,    0.0000000000E+00,    0.0000000000E+00,    1.2347021028E+02
    112850,      0.676940,CP0_start,   1,    0.0000000000E+00,    1.2355925764E+02,    1.2355925764E+02,    0.0000000000E+00,    0.0000000000E+00,    0.0000000000E+00,    1.2355925764E+02
    112850,      0.676940,CP1_after_deposition,   1,    0.0000000000E+00,    1.2355925764E+02,    1.2355925764E+02,    0.0000000000E+00,    0.0000000000E+00,    0.0000000000E+00,    1.2355925764E+02
    112850,      0.676940,CP2_after_erosion,   1,    0.0000000000E+00,    1.2355925764E+02,    1.2355925764E+02,    0.0000000000E+00,    0.0000000000E+00,    0.0000000000E+00,    1.2355925764E+02
    112850,      0.676940,CP3_after_update_bottom,   1,    0.0000000000E+00,    1.2355925764E+02,    1.2355925764E+02,    0.0000000000E+00,    0.0000000000E+00,    0.0000000000E+00,    1.2355925764E+02
    112850,      0.676940,CP4_after_advection,   1,    0.0000000000E+00,    1.2355448987E+02,    1.2355448987E+02,    0.0000000000E+00,    0.0000000000E+00,    0.0000000000E+00,    1.2355448987E+02
    112850,      0.676940,CP5_after_vdif,   1,    0.0000000000E+00,    1.2355448987E+02,    1.2355448987E+02,    0.0000000000E+00,    0.0000000000E+00,    0.0000000000E+00,    1.2355448987E+02
    112850,      0.676940,CP6_after_kinetics,   1,    0.0000000000E+00,    1.2355448987E+02,    1.2355448987E+02,    0.0000000000E+00,    0.0000000000E+00,    0.0000000000E+00,    1.2355448987E+02
    112850,      0.676940,CP7_after_upper_clamp,   1,    0.0000000000E+00,    1.2355448987E+02,    1.2355448987E+02,    0.0000000000E+00,    0.0000000000E+00,    0.0000000000E+00,    1.2355448987E+02
    112850,      0.676940,CP8_after_OBC,   1,    0.0000000000E+00,    1.2355448987E+02,    1.2355448987E+02,    0.0000000000E+00,    0.0000000000E+00,    0.0000000000E+00,    1.2355448987E+02
    112850,      0.676940,CP9_after_PTsource,   1,    0.0000000000E+00,    1.2355448987E+02,    1.2355448987E+02,    0.0000000000E+00,    0.0000000000E+00,    0.0000000000E+00,    1.2355448987E+02
    112850,      0.676940,CP10_after_neg_clamp,   1,    0.0000000000E+00,    1.2355448987E+02,    1.2355448987E+02,    0.0000000000E+00,    0.0000000000E+00,    0.0000000000E+00,    1.2355448987E+02
    112850,      0.676940,CP11_after_MPI,   1,    0.0000000000E+00,    1.2355448987E+02,    1.2355448987E+02,    0.0000000000E+00,    0.0000000000E+00,    0.0000000000E+00,    1.2355448987E+02
    112850,      0.676940,CP12_end,   1,    0.0000000000E+00,    1.2355448987E+02,    1.2355448987E+02,    0.0000000000E+00,    0.0000000000E+00,    0.0000000000E+00,    1.2355448987E+02
    112900,      0.676940,CP0_start,   1,    0.0000000000E+00,    1.2364409265E+02,    1.2364409265E+02,    0.0000000000E+00,    0.0000000000E+00,    0.0000000000E+00,    1.2364409265E+02
    112900,      0.676940,CP1_after_deposition,   1,    0.0000000000E+00,    1.2364409265E+02,    1.2364409265E+02,    0.0000000000E+00,    0.0000000000E+00,    0.0000000000E+00,    1.2364409265E+02
    112900,      0.676940,CP2_after_erosion,   1,    0.0000000000E+00,    1.2364409265E+02,    1.2364409265E+02,    0.0000000000E+00,    0.0000000000E+00,    0.0000000000E+00,    1.2364409265E+02
    112900,      0.676940,CP3_after_update_bottom,   1,    0.0000000000E+00,    1.2364409265E+02,    1.2364409265E+02,    0.0000000000E+00,    0.0000000000E+00,    0.0000000000E+00,    1.2364409265E+02
    112900,      0.676940,CP4_after_advection,   1,    0.0000000000E+00,    1.2363939894E+02,    1.2363939894E+02,    0.0000000000E+00,    0.0000000000E+00,    0.0000000000E+00,    1.2363939894E+02
    112900,      0.676940,CP5_after_vdif,   1,    0.0000000000E+00,    1.2363939894E+02,    1.2363939894E+02,    0.0000000000E+00,    0.0000000000E+00,    0.0000000000E+00,    1.2363939894E+02
    112900,      0.676940,CP6_after_kinetics,   1,    0.0000000000E+00,    1.2363939894E+02,    1.2363939894E+02,    0.0000000000E+00,    0.0000000000E+00,    0.0000000000E+00,    1.2363939894E+02
    112900,      0.676940,CP7_after_upper_clamp,   1,    0.0000000000E+00,    1.2363939894E+02,    1.2363939894E+02,    0.0000000000E+00,    0.0000000000E+00,    0.0000000000E+00,    1.2363939894E+02
    112900,      0.676940,CP8_after_OBC,   1,    0.0000000000E+00,    1.2363939894E+02,    1.2363939894E+02,    0.0000000000E+00,    0.0000000000E+00,    0.0000000000E+00,    1.2363939894E+02
    112900,      0.676940,CP9_after_PTsource,   1,    0.0000000000E+00,    1.2363939894E+02,    1.2363939894E+02,    0.0000000000E+00,    0.0000000000E+00,    0.0000000000E+00,    1.2363939894E+02
    112900,      0.676940,CP10_after_neg_clamp,   1,    0.0000000000E+00,    1.2363939894E+02,    1.2363939894E+02,    0.0000000000E+00,    0.0000000000E+00,    0.0000000000E+00,    1.2363939894E+02
    112900,      0.676940,CP11_after_MPI,   1,    0.0000000000E+00,    1.2363939894E+02,    1.2363939894E+02,    0.0000000000E+00,    0.0000000000E+00,    0.0000000000E+00,    1.2363939894E+02
    112900,      0.676940,CP12_end,   1,    0.0000000000E+00,    1.2363939894E+02,    1.2363939894E+02,    0.0000000000E+00,    0.0000000000E+00,    0.0000000000E+00,    1.2363939894E+02
    112950,      0.676940,CP0_start,   1,    0.0000000000E+00,    1.2372947710E+02,    1.2372947710E+02,    0.0000000000E+00,    0.0000000000E+00,    0.0000000000E+00,    1.2372947710E+02
    112950,      0.676940,CP1_after_deposition,   1,    0.0000000000E+00,    1.2372947710E+02,    1.2372947710E+02,    0.0000000000E+00,    0.0000000000E+00,    0.0000000000E+00,    1.2372947710E+02
    112950,      0.676940,CP2_after_erosion,   1,    0.0000000000E+00,    1.2372947710E+02,    1.2372947710E+02,    0.0000000000E+00,    0.0000000000E+00,    0.0000000000E+00,    1.2372947710E+02
    112950,      0.676940,CP3_after_update_bottom,   1,    0.0000000000E+00,    1.2372947710E+02,    1.2372947710E+02,    0.0000000000E+00,    0.0000000000E+00,    0.0000000000E+00,    1.2372947710E+02
    112950,      0.676940,CP4_after_advection,   1,    0.0000000000E+00,    1.2372486104E+02,    1.2372486104E+02,    0.0000000000E+00,    0.0000000000E+00,    0.0000000000E+00,    1.2372486104E+02
    112950,      0.676940,CP5_after_vdif,   1,    0.0000000000E+00,    1.2372486104E+02,    1.2372486104E+02,    0.0000000000E+00,    0.0000000000E+00,    0.0000000000E+00,    1.2372486104E+02
    112950,      0.676940,CP6_after_kinetics,   1,    0.0000000000E+00,    1.2372486104E+02,    1.2372486104E+02,    0.0000000000E+00,    0.0000000000E+00,    0.0000000000E+00,    1.2372486104E+02
    112950,      0.676940,CP7_after_upper_clamp,   1,    0.0000000000E+00,    1.2372486104E+02,    1.2372486104E+02,    0.0000000000E+00,    0.0000000000E+00,    0.0000000000E+00,    1.2372486104E+02
    112950,      0.676940,CP8_after_OBC,   1,    0.0000000000E+00,    1.2372486104E+02,    1.2372486104E+02,    0.0000000000E+00,    0.0000000000E+00,    0.0000000000E+00,    1.2372486104E+02
    112950,      0.676940,CP9_after_PTsource,   1,    0.0000000000E+00,    1.2372486104E+02,    1.2372486104E+02,    0.0000000000E+00,    0.0000000000E+00,    0.0000000000E+00,    1.2372486104E+02
    112950,      0.676940,CP10_after_neg_clamp,   1,    0.0000000000E+00,    1.2372486104E+02,    1.2372486104E+02,    0.0000000000E+00,    0.0000000000E+00,    0.0000000000E+00,    1.2372486104E+02
    112950,      0.676940,CP11_after_MPI,   1,    0.0000000000E+00,    1.2372486104E+02,    1.2372486104E+02,    0.0000000000E+00,    0.0000000000E+00,    0.0000000000E+00,    1.2372486104E+02
    112950,      0.676940,CP12_end,   1,    0.0000000000E+00,    1.2372486104E+02,    1.2372486104E+02,    0.0000000000E+00,    0.0000000000E+00,    0.0000000000E+00,    1.2372486104E+02
    113000,      0.676940,CP0_start,   1,    0.0000000000E+00,    1.2381533103E+02,    1.2381533103E+02,    0.0000000000E+00,    0.0000000000E+00,    0.0000000000E+00,    1.2381533103E+02
    113000,      0.676940,CP1_after_deposition,   1,    0.0000000000E+00,    1.2381533103E+02,    1.2381533103E+02,    0.0000000000E+00,    0.0000000000E+00,    0.0000000000E+00,    1.2381533103E+02
    113000,      0.676940,CP2_after_erosion,   1,    0.0000000000E+00,    1.2381533103E+02,    1.2381533103E+02,    0.0000000000E+00,    0.0000000000E+00,    0.0000000000E+00,    1.2381533103E+02
    113000,      0.676940,CP3_after_update_bottom,   1,    0.0000000000E+00,    1.2381533103E+02,    1.2381533103E+02,    0.0000000000E+00,    0.0000000000E+00,    0.0000000000E+00,    1.2381533103E+02
    113000,      0.676940,CP4_after_advection,   1,    0.0000000000E+00,    1.2381079274E+02,    1.2381079274E+02,    0.0000000000E+00,    0.0000000000E+00,    0.0000000000E+00,    1.2381079274E+02
    113000,      0.676940,CP5_after_vdif,   1,    0.0000000000E+00,    1.2381079274E+02,    1.2381079274E+02,    0.0000000000E+00,    0.0000000000E+00,    0.0000000000E+00,    1.2381079274E+02
    113000,      0.676940,CP6_after_kinetics,   1,    0.0000000000E+00,    1.2381079274E+02,    1.2381079274E+02,    0.0000000000E+00,    0.0000000000E+00,    0.0000000000E+00,    1.2381079274E+02
    113000,      0.676940,CP7_after_upper_clamp,   1,    0.0000000000E+00,    1.2381079274E+02,    1.2381079274E+02,    0.0000000000E+00,    0.0000000000E+00,    0.0000000000E+00,    1.2381079274E+02
    113000,      0.676940,CP8_after_OBC,   1,    0.0000000000E+00,    1.2381079274E+02,    1.2381079274E+02,    0.0000000000E+00,    0.0000000000E+00,    0.0000000000E+00,    1.2381079274E+02
    113000,      0.676940,CP9_after_PTsource,   1,    0.0000000000E+00,    1.2381079274E+02,    1.2381079274E+02,    0.0000000000E+00,    0.0000000000E+00,    0.0000000000E+00,    1.2381079274E+02
    113000,      0.676940,CP10_after_neg_clamp,   1,    0.0000000000E+00,    1.2381079274E+02,    1.2381079274E+02,    0.0000000000E+00,    0.0000000000E+00,    0.0000000000E+00,    1.2381079274E+02
    113000,      0.676940,CP11_after_MPI,   1,    0.0000000000E+00,    1.2381079274E+02,    1.2381079274E+02,    0.0000000000E+00,    0.0000000000E+00,    0.0000000000E+00,    1.2381079274E+02
    113000,      0.676940,CP12_end,   1,    0.0000000000E+00,    1.2381079274E+02,    1.2381079274E+02,    0.0000000000E+00,    0.0000000000E+00,    0.0000000000E+00,    1.2381079274E+02
    113050,      0.676940,CP0_start,   1,    0.0000000000E+00,    1.2390150109E+02,    1.2390150109E+02,    0.0000000000E+00,    0.0000000000E+00,    0.0000000000E+00,    1.2390150109E+02
    113050,      0.676940,CP1_after_deposition,   1,    0.0000000000E+00,    1.2390150109E+02,    1.2390150109E+02,    0.0000000000E+00,    0.0000000000E+00,    0.0000000000E+00,    1.2390150109E+02
    113050,      0.676940,CP2_after_erosion,   1,    0.0000000000E+00,    1.2390150109E+02,    1.2390150109E+02,    0.0000000000E+00,    0.0000000000E+00,    0.0000000000E+00,    1.2390150109E+02
    113050,      0.676940,CP3_after_update_bottom,   1,    0.0000000000E+00,    1.2390150109E+02,    1.2390150109E+02,    0.0000000000E+00,    0.0000000000E+00,    0.0000000000E+00,    1.2390150109E+02
    113050,      0.676940,CP4_after_advection,   1,    0.0000000000E+00,    1.2389704393E+02,    1.2389704393E+02,    0.0000000000E+00,    0.0000000000E+00,    0.0000000000E+00,    1.2389704393E+02
    113050,      0.676940,CP5_after_vdif,   1,    0.0000000000E+00,    1.2389704393E+02,    1.2389704393E+02,    0.0000000000E+00,    0.0000000000E+00,    0.0000000000E+00,    1.2389704393E+02
    113050,      0.676940,CP6_after_kinetics,   1,    0.0000000000E+00,    1.2389704393E+02,    1.2389704393E+02,    0.0000000000E+00,    0.0000000000E+00,    0.0000000000E+00,    1.2389704393E+02
    113050,      0.676940,CP7_after_upper_clamp,   1,    0.0000000000E+00,    1.2389704393E+02,    1.2389704393E+02,    0.0000000000E+00,    0.0000000000E+00,    0.0000000000E+00,    1.2389704393E+02
    113050,      0.676940,CP8_after_OBC,   1,    0.0000000000E+00,    1.2389704393E+02,    1.2389704393E+02,    0.0000000000E+00,    0.0000000000E+00,    0.0000000000E+00,    1.2389704393E+02
    113050,      0.676940,CP9_after_PTsource,   1,    0.0000000000E+00,    1.2389704393E+02,    1.2389704393E+02,    0.0000000000E+00,    0.0000000000E+00,    0.0000000000E+00,    1.2389704393E+02
    113050,      0.676940,CP10_after_neg_clamp,   1,    0.0000000000E+00,    1.2389704393E+02,    1.2389704393E+02,    0.0000000000E+00,    0.0000000000E+00,    0.0000000000E+00,    1.2389704393E+02
    113050,      0.676940,CP11_after_MPI,   1,    0.0000000000E+00,    1.2389704393E+02,    1.2389704393E+02,    0.0000000000E+00,    0.0000000000E+00,    0.0000000000E+00,    1.2389704393E+02
    113050,      0.676940,CP12_end,   1,    0.0000000000E+00,    1.2389704393E+02,    1.2389704393E+02,    0.0000000000E+00,    0.0000000000E+00,    0.0000000000E+00,    1.2389704393E+02
    113100,      0.676940,CP0_start,   1,    0.0000000000E+00,    1.2398784560E+02,    1.2398784560E+02,    0.0000000000E+00,    0.0000000000E+00,    0.0000000000E+00,    1.2398784560E+02
    113100,      0.676940,CP1_after_deposition,   1,    0.0000000000E+00,    1.2398784560E+02,    1.2398784560E+02,    0.0000000000E+00,    0.0000000000E+00,    0.0000000000E+00,    1.2398784560E+02
    113100,      0.676940,CP2_after_erosion,   1,    0.0000000000E+00,    1.2398784560E+02,    1.2398784560E+02,    0.0000000000E+00,    0.0000000000E+00,    0.0000000000E+00,    1.2398784560E+02
    113100,      0.676940,CP3_after_update_bottom,   1,    0.0000000000E+00,    1.2398784560E+02,    1.2398784560E+02,    0.0000000000E+00,    0.0000000000E+00,    0.0000000000E+00,    1.2398784560E+02
    113100,      0.676940,CP4_after_advection,   1,    0.0000000000E+00,    1.2398347025E+02,    1.2398347025E+02,    0.0000000000E+00,    0.0000000000E+00,    0.0000000000E+00,    1.2398347025E+02
    113100,      0.676940,CP5_after_vdif,   1,    0.0000000000E+00,    1.2398347025E+02,    1.2398347025E+02,    0.0000000000E+00,    0.0000000000E+00,    0.0000000000E+00,    1.2398347025E+02
    113100,      0.676940,CP6_after_kinetics,   1,    0.0000000000E+00,    1.2398347025E+02,    1.2398347025E+02,    0.0000000000E+00,    0.0000000000E+00,    0.0000000000E+00,    1.2398347025E+02
    113100,      0.676940,CP7_after_upper_clamp,   1,    0.0000000000E+00,    1.2398347025E+02,    1.2398347025E+02,    0.0000000000E+00,    0.0000000000E+00,    0.0000000000E+00,    1.2398347025E+02
    113100,      0.676940,CP8_after_OBC,   1,    0.0000000000E+00,    1.2398347025E+02,    1.2398347025E+02,    0.0000000000E+00,    0.0000000000E+00,    0.0000000000E+00,    1.2398347025E+02
    113100,      0.676940,CP9_after_PTsource,   1,    0.0000000000E+00,    1.2398347025E+02,    1.2398347025E+02,    0.0000000000E+00,    0.0000000000E+00,    0.0000000000E+00,    1.2398347025E+02
    113100,      0.676940,CP10_after_neg_clamp,   1,    0.0000000000E+00,    1.2398347025E+02,    1.2398347025E+02,    0.0000000000E+00,    0.0000000000E+00,    0.0000000000E+00,    1.2398347025E+02
    113100,      0.676940,CP11_after_MPI,   1,    0.0000000000E+00,    1.2398347025E+02,    1.2398347025E+02,    0.0000000000E+00,    0.0000000000E+00,    0.0000000000E+00,    1.2398347025E+02
    113100,      0.676940,CP12_end,   1,    0.0000000000E+00,    1.2398347025E+02,    1.2398347025E+02,    0.0000000000E+00,    0.0000000000E+00,    0.0000000000E+00,    1.2398347025E+02
    113150,      0.676940,CP0_start,   1,    0.0000000000E+00,    1.2407442401E+02,    1.2407442401E+02,    0.0000000000E+00,    0.0000000000E+00,    0.0000000000E+00,    1.2407442401E+02
    113150,      0.676940,CP1_after_deposition,   1,    0.0000000000E+00,    1.2407442401E+02,    1.2407442401E+02,    0.0000000000E+00,    0.0000000000E+00,    0.0000000000E+00,    1.2407442401E+02
    113150,      0.676940,CP2_after_erosion,   1,    0.0000000000E+00,    1.2407442401E+02,    1.2407442401E+02,    0.0000000000E+00,    0.0000000000E+00,    0.0000000000E+00,    1.2407442401E+02
    113150,      0.676940,CP3_after_update_bottom,   1,    0.0000000000E+00,    1.2407442401E+02,    1.2407442401E+02,    0.0000000000E+00,    0.0000000000E+00,    0.0000000000E+00,    1.2407442401E+02
    113150,      0.676940,CP4_after_advection,   1,    0.0000000000E+00,    1.2407013384E+02,    1.2407013384E+02,    0.0000000000E+00,    0.0000000000E+00,    0.0000000000E+00,    1.2407013384E+02
    113150,      0.676940,CP5_after_vdif,   1,    0.0000000000E+00,    1.2407013384E+02,    1.2407013384E+02,    0.0000000000E+00,    0.0000000000E+00,    0.0000000000E+00,    1.2407013384E+02
    113150,      0.676940,CP6_after_kinetics,   1,    0.0000000000E+00,    1.2407013384E+02,    1.2407013384E+02,    0.0000000000E+00,    0.0000000000E+00,    0.0000000000E+00,    1.2407013384E+02
    113150,      0.676940,CP7_after_upper_clamp,   1,    0.0000000000E+00,    1.2407013384E+02,    1.2407013384E+02,    0.0000000000E+00,    0.0000000000E+00,    0.0000000000E+00,    1.2407013384E+02
    113150,      0.676940,CP8_after_OBC,   1,    0.0000000000E+00,    1.2407013384E+02,    1.2407013384E+02,    0.0000000000E+00,    0.0000000000E+00,    0.0000000000E+00,    1.2407013384E+02
    113150,      0.676940,CP9_after_PTsource,   1,    0.0000000000E+00,    1.2407013384E+02,    1.2407013384E+02,    0.0000000000E+00,    0.0000000000E+00,    0.0000000000E+00,    1.2407013384E+02
    113150,      0.676940,CP10_after_neg_clamp,   1,    0.0000000000E+00,    1.2407013384E+02,    1.2407013384E+02,    0.0000000000E+00,    0.0000000000E+00,    0.0000000000E+00,    1.2407013384E+02
    113150,      0.676940,CP11_after_MPI,   1,    0.0000000000E+00,    1.2407013384E+02,    1.2407013384E+02,    0.0000000000E+00,    0.0000000000E+00,    0.0000000000E+00,    1.2407013384E+02
    113150,      0.676940,CP12_end,   1,    0.0000000000E+00,    1.2407013384E+02,    1.2407013384E+02,    0.0000000000E+00,    0.0000000000E+00,    0.0000000000E+00,    1.2407013384E+02
    113200,      0.676940,CP0_start,   1,    0.0000000000E+00,    1.2416136758E+02,    1.2416136758E+02,    0.0000000000E+00,    0.0000000000E+00,    0.0000000000E+00,    1.2416136758E+02
    113200,      0.676940,CP1_after_deposition,   1,    0.0000000000E+00,    1.2416136758E+02,    1.2416136758E+02,    0.0000000000E+00,    0.0000000000E+00,    0.0000000000E+00,    1.2416136758E+02
    113200,      0.676940,CP2_after_erosion,   1,    0.0000000000E+00,    1.2416136758E+02,    1.2416136758E+02,    0.0000000000E+00,    0.0000000000E+00,    0.0000000000E+00,    1.2416136758E+02
    113200,      0.676940,CP3_after_update_bottom,   1,    0.0000000000E+00,    1.2416136758E+02,    1.2416136758E+02,    0.0000000000E+00,    0.0000000000E+00,    0.0000000000E+00,    1.2416136758E+02
    113200,      0.676940,CP4_after_advection,   1,    0.0000000000E+00,    1.2415717103E+02,    1.2415717103E+02,    0.0000000000E+00,    0.0000000000E+00,    0.0000000000E+00,    1.2415717103E+02
    113200,      0.676940,CP5_after_vdif,   1,    0.0000000000E+00,    1.2415717103E+02,    1.2415717103E+02,    0.0000000000E+00,    0.0000000000E+00,    0.0000000000E+00,    1.2415717103E+02
    113200,      0.676940,CP6_after_kinetics,   1,    0.0000000000E+00,    1.2415717103E+02,    1.2415717103E+02,    0.0000000000E+00,    0.0000000000E+00,    0.0000000000E+00,    1.2415717103E+02
    113200,      0.676940,CP7_after_upper_clamp,   1,    0.0000000000E+00,    1.2415717103E+02,    1.2415717103E+02,    0.0000000000E+00,    0.0000000000E+00,    0.0000000000E+00,    1.2415717103E+02
    113200,      0.676940,CP8_after_OBC,   1,    0.0000000000E+00,    1.2415717103E+02,    1.2415717103E+02,    0.0000000000E+00,    0.0000000000E+00,    0.0000000000E+00,    1.2415717103E+02
    113200,      0.676940,CP9_after_PTsource,   1,    0.0000000000E+00,    1.2415717103E+02,    1.2415717103E+02,    0.0000000000E+00,    0.0000000000E+00,    0.0000000000E+00,    1.2415717103E+02
    113200,      0.676940,CP10_after_neg_clamp,   1,    0.0000000000E+00,    1.2415717103E+02,    1.2415717103E+02,    0.0000000000E+00,    0.0000000000E+00,    0.0000000000E+00,    1.2415717103E+02
    113200,      0.676940,CP11_after_MPI,   1,    0.0000000000E+00,    1.2415717103E+02,    1.2415717103E+02,    0.0000000000E+00,    0.0000000000E+00,    0.0000000000E+00,    1.2415717103E+02
    113200,      0.676940,CP12_end,   1,    0.0000000000E+00,    1.2415717103E+02,    1.2415717103E+02,    0.0000000000E+00,    0.0000000000E+00,    0.0000000000E+00,    1.2415717103E+02
    113250,      0.676940,CP0_start,   1,    0.0000000000E+00,    1.2424875811E+02,    1.2424875811E+02,    0.0000000000E+00,    0.0000000000E+00,    0.0000000000E+00,    1.2424875811E+02
    113250,      0.676940,CP1_after_deposition,   1,    0.0000000000E+00,    1.2424875811E+02,    1.2424875811E+02,    0.0000000000E+00,    0.0000000000E+00,    0.0000000000E+00,    1.2424875811E+02
    113250,      0.676940,CP2_after_erosion,   1,    0.0000000000E+00,    1.2424875811E+02,    1.2424875811E+02,    0.0000000000E+00,    0.0000000000E+00,    0.0000000000E+00,    1.2424875811E+02
    113250,      0.676940,CP3_after_update_bottom,   1,    0.0000000000E+00,    1.2424875811E+02,    1.2424875811E+02,    0.0000000000E+00,    0.0000000000E+00,    0.0000000000E+00,    1.2424875811E+02
    113250,      0.676940,CP4_after_advection,   1,    0.0000000000E+00,    1.2424465696E+02,    1.2424465696E+02,    0.0000000000E+00,    0.0000000000E+00,    0.0000000000E+00,    1.2424465696E+02
    113250,      0.676940,CP5_after_vdif,   1,    0.0000000000E+00,    1.2424465696E+02,    1.2424465696E+02,    0.0000000000E+00,    0.0000000000E+00,    0.0000000000E+00,    1.2424465696E+02
    113250,      0.676940,CP6_after_kinetics,   1,    0.0000000000E+00,    1.2424465696E+02,    1.2424465696E+02,    0.0000000000E+00,    0.0000000000E+00,    0.0000000000E+00,    1.2424465696E+02
    113250,      0.676940,CP7_after_upper_clamp,   1,    0.0000000000E+00,    1.2424465696E+02,    1.2424465696E+02,    0.0000000000E+00,    0.0000000000E+00,    0.0000000000E+00,    1.2424465696E+02
    113250,      0.676940,CP8_after_OBC,   1,    0.0000000000E+00,    1.2424465696E+02,    1.2424465696E+02,    0.0000000000E+00,    0.0000000000E+00,    0.0000000000E+00,    1.2424465696E+02
    113250,      0.676940,CP9_after_PTsource,   1,    0.0000000000E+00,    1.2424465696E+02,    1.2424465696E+02,    0.0000000000E+00,    0.0000000000E+00,    0.0000000000E+00,    1.2424465696E+02
    113250,      0.676940,CP10_after_neg_clamp,   1,    0.0000000000E+00,    1.2424465696E+02,    1.2424465696E+02,    0.0000000000E+00,    0.0000000000E+00,    0.0000000000E+00,    1.2424465696E+02
    113250,      0.676940,CP11_after_MPI,   1,    0.0000000000E+00,    1.2424465696E+02,    1.2424465696E+02,    0.0000000000E+00,    0.0000000000E+00,    0.0000000000E+00,    1.2424465696E+02
    113250,      0.676940,CP12_end,   1,    0.0000000000E+00,    1.2424465696E+02,    1.2424465696E+02,    0.0000000000E+00,    0.0000000000E+00,    0.0000000000E+00,    1.2424465696E+02
    113300,      0.676940,CP0_start,   1,    0.0000000000E+00,    1.2433666006E+02,    1.2433666006E+02,    0.0000000000E+00,    0.0000000000E+00,    0.0000000000E+00,    1.2433666006E+02
    113300,      0.676940,CP1_after_deposition,   1,    0.0000000000E+00,    1.2433666006E+02,    1.2433666006E+02,    0.0000000000E+00,    0.0000000000E+00,    0.0000000000E+00,    1.2433666006E+02
    113300,      0.676940,CP2_after_erosion,   1,    0.0000000000E+00,    1.2433666006E+02,    1.2433666006E+02,    0.0000000000E+00,    0.0000000000E+00,    0.0000000000E+00,    1.2433666006E+02
    113300,      0.676940,CP3_after_update_bottom,   1,    0.0000000000E+00,    1.2433666006E+02,    1.2433666006E+02,    0.0000000000E+00,    0.0000000000E+00,    0.0000000000E+00,    1.2433666006E+02
    113300,      0.676940,CP4_after_advection,   1,    0.0000000000E+00,    1.2433265732E+02,    1.2433265732E+02,    0.0000000000E+00,    0.0000000000E+00,    0.0000000000E+00,    1.2433265732E+02
    113300,      0.676940,CP5_after_vdif,   1,    0.0000000000E+00,    1.2433265732E+02,    1.2433265732E+02,    0.0000000000E+00,    0.0000000000E+00,    0.0000000000E+00,    1.2433265732E+02
    113300,      0.676940,CP6_after_kinetics,   1,    0.0000000000E+00,    1.2433265732E+02,    1.2433265732E+02,    0.0000000000E+00,    0.0000000000E+00,    0.0000000000E+00,    1.2433265732E+02
    113300,      0.676940,CP7_after_upper_clamp,   1,    0.0000000000E+00,    1.2433265732E+02,    1.2433265732E+02,    0.0000000000E+00,    0.0000000000E+00,    0.0000000000E+00,    1.2433265732E+02
    113300,      0.676940,CP8_after_OBC,   1,    0.0000000000E+00,    1.2433265732E+02,    1.2433265732E+02,    0.0000000000E+00,    0.0000000000E+00,    0.0000000000E+00,    1.2433265732E+02
    113300,      0.676940,CP9_after_PTsource,   1,    0.0000000000E+00,    1.2433265732E+02,    1.2433265732E+02,    0.0000000000E+00,    0.0000000000E+00,    0.0000000000E+00,    1.2433265732E+02
    113300,      0.676940,CP10_after_neg_clamp,   1,    0.0000000000E+00,    1.2433265732E+02,    1.2433265732E+02,    0.0000000000E+00,    0.0000000000E+00,    0.0000000000E+00,    1.2433265732E+02
    113300,      0.676940,CP11_after_MPI,   1,    0.0000000000E+00,    1.2433265732E+02,    1.2433265732E+02,    0.0000000000E+00,    0.0000000000E+00,    0.0000000000E+00,    1.2433265732E+02
    113300,      0.676940,CP12_end,   1,    0.0000000000E+00,    1.2433265732E+02,    1.2433265732E+02,    0.0000000000E+00,    0.0000000000E+00,    0.0000000000E+00,    1.2433265732E+02
    113350,      0.676940,CP0_start,   1,    0.0000000000E+00,    1.2442519925E+02,    1.2442519925E+02,    0.0000000000E+00,    0.0000000000E+00,    0.0000000000E+00,    1.2442519925E+02
    113350,      0.676940,CP1_after_deposition,   1,    0.0000000000E+00,    1.2442519925E+02,    1.2442519925E+02,    0.0000000000E+00,    0.0000000000E+00,    0.0000000000E+00,    1.2442519925E+02
    113350,      0.676940,CP2_after_erosion,   1,    0.0000000000E+00,    1.2442519925E+02,    1.2442519925E+02,    0.0000000000E+00,    0.0000000000E+00,    0.0000000000E+00,    1.2442519925E+02
    113350,      0.676940,CP3_after_update_bottom,   1,    0.0000000000E+00,    1.2442519925E+02,    1.2442519925E+02,    0.0000000000E+00,    0.0000000000E+00,    0.0000000000E+00,    1.2442519925E+02
    113350,      0.676940,CP4_after_advection,   1,    0.0000000000E+00,    1.2442130029E+02,    1.2442130029E+02,    0.0000000000E+00,    0.0000000000E+00,    0.0000000000E+00,    1.2442130029E+02
    113350,      0.676940,CP5_after_vdif,   1,    0.0000000000E+00,    1.2442130029E+02,    1.2442130029E+02,    0.0000000000E+00,    0.0000000000E+00,    0.0000000000E+00,    1.2442130029E+02
    113350,      0.676940,CP6_after_kinetics,   1,    0.0000000000E+00,    1.2442130029E+02,    1.2442130029E+02,    0.0000000000E+00,    0.0000000000E+00,    0.0000000000E+00,    1.2442130029E+02
    113350,      0.676940,CP7_after_upper_clamp,   1,    0.0000000000E+00,    1.2442130029E+02,    1.2442130029E+02,    0.0000000000E+00,    0.0000000000E+00,    0.0000000000E+00,    1.2442130029E+02
    113350,      0.676940,CP8_after_OBC,   1,    0.0000000000E+00,    1.2442130029E+02,    1.2442130029E+02,    0.0000000000E+00,    0.0000000000E+00,    0.0000000000E+00,    1.2442130029E+02
    113350,      0.676940,CP9_after_PTsource,   1,    0.0000000000E+00,    1.2442130029E+02,    1.2442130029E+02,    0.0000000000E+00,    0.0000000000E+00,    0.0000000000E+00,    1.2442130029E+02
    113350,      0.676940,CP10_after_neg_clamp,   1,    0.0000000000E+00,    1.2442130029E+02,    1.2442130029E+02,    0.0000000000E+00,    0.0000000000E+00,    0.0000000000E+00,    1.2442130029E+02
    113350,      0.676940,CP11_after_MPI,   1,    0.0000000000E+00,    1.2442130029E+02,    1.2442130029E+02,    0.0000000000E+00,    0.0000000000E+00,    0.0000000000E+00,    1.2442130029E+02
    113350,      0.676940,CP12_end,   1,    0.0000000000E+00,    1.2442130029E+02,    1.2442130029E+02,    0.0000000000E+00,    0.0000000000E+00,    0.0000000000E+00,    1.2442130029E+02
    113400,      0.676940,CP0_start,   1,    0.0000000000E+00,    1.2451442489E+02,    1.2451442489E+02,    0.0000000000E+00,    0.0000000000E+00,    0.0000000000E+00,    1.2451442489E+02
    113400,      0.676940,CP1_after_deposition,   1,    0.0000000000E+00,    1.2451442489E+02,    1.2451442489E+02,    0.0000000000E+00,    0.0000000000E+00,    0.0000000000E+00,    1.2451442489E+02
    113400,      0.676940,CP2_after_erosion,   1,    0.0000000000E+00,    1.2451442489E+02,    1.2451442489E+02,    0.0000000000E+00,    0.0000000000E+00,    0.0000000000E+00,    1.2451442489E+02
    113400,      0.676940,CP3_after_update_bottom,   1,    0.0000000000E+00,    1.2451442489E+02,    1.2451442489E+02,    0.0000000000E+00,    0.0000000000E+00,    0.0000000000E+00,    1.2451442489E+02
    113400,      0.676940,CP4_after_advection,   1,    0.0000000000E+00,    1.2451062953E+02,    1.2451062953E+02,    0.0000000000E+00,    0.0000000000E+00,    0.0000000000E+00,    1.2451062953E+02
    113400,      0.676940,CP5_after_vdif,   1,    0.0000000000E+00,    1.2451062953E+02,    1.2451062953E+02,    0.0000000000E+00,    0.0000000000E+00,    0.0000000000E+00,    1.2451062953E+02
    113400,      0.676940,CP6_after_kinetics,   1,    0.0000000000E+00,    1.2451062953E+02,    1.2451062953E+02,    0.0000000000E+00,    0.0000000000E+00,    0.0000000000E+00,    1.2451062953E+02
    113400,      0.676940,CP7_after_upper_clamp,   1,    0.0000000000E+00,    1.2451062953E+02,    1.2451062953E+02,    0.0000000000E+00,    0.0000000000E+00,    0.0000000000E+00,    1.2451062953E+02
    113400,      0.676940,CP8_after_OBC,   1,    0.0000000000E+00,    1.2451062953E+02,    1.2451062953E+02,    0.0000000000E+00,    0.0000000000E+00,    0.0000000000E+00,    1.2451062953E+02
    113400,      0.676940,CP9_after_PTsource,   1,    0.0000000000E+00,    1.2451062953E+02,    1.2451062953E+02,    0.0000000000E+00,    0.0000000000E+00,    0.0000000000E+00,    1.2451062953E+02
    113400,      0.676940,CP10_after_neg_clamp,   1,    0.0000000000E+00,    1.2451062953E+02,    1.2451062953E+02,    0.0000000000E+00,    0.0000000000E+00,    0.0000000000E+00,    1.2451062953E+02
    113400,      0.676940,CP11_after_MPI,   1,    0.0000000000E+00,    1.2451062953E+02,    1.2451062953E+02,    0.0000000000E+00,    0.0000000000E+00,    0.0000000000E+00,    1.2451062953E+02
    113400,      0.676940,CP12_end,   1,    0.0000000000E+00,    1.2451062953E+02,    1.2451062953E+02,    0.0000000000E+00,    0.0000000000E+00,    0.0000000000E+00,    1.2451062953E+02
    113450,      0.676940,CP0_start,   1,    0.0000000000E+00,    1.2460410804E+02,    1.2460410804E+02,    0.0000000000E+00,    0.0000000000E+00,    0.0000000000E+00,    1.2460410804E+02
    113450,      0.676940,CP1_after_deposition,   1,    0.0000000000E+00,    1.2460410804E+02,    1.2460410804E+02,    0.0000000000E+00,    0.0000000000E+00,    0.0000000000E+00,    1.2460410804E+02
    113450,      0.676940,CP2_after_erosion,   1,    0.0000000000E+00,    1.2460410804E+02,    1.2460410804E+02,    0.0000000000E+00,    0.0000000000E+00,    0.0000000000E+00,    1.2460410804E+02
    113450,      0.676940,CP3_after_update_bottom,   1,    0.0000000000E+00,    1.2460410804E+02,    1.2460410804E+02,    0.0000000000E+00,    0.0000000000E+00,    0.0000000000E+00,    1.2460410804E+02
    113450,      0.676940,CP4_after_advection,   1,    0.0000000000E+00,    1.2460040991E+02,    1.2460040991E+02,    0.0000000000E+00,    0.0000000000E+00,    0.0000000000E+00,    1.2460040991E+02
    113450,      0.676940,CP5_after_vdif,   1,    0.0000000000E+00,    1.2460040991E+02,    1.2460040991E+02,    0.0000000000E+00,    0.0000000000E+00,    0.0000000000E+00,    1.2460040991E+02
    113450,      0.676940,CP6_after_kinetics,   1,    0.0000000000E+00,    1.2460040991E+02,    1.2460040991E+02,    0.0000000000E+00,    0.0000000000E+00,    0.0000000000E+00,    1.2460040991E+02
    113450,      0.676940,CP7_after_upper_clamp,   1,    0.0000000000E+00,    1.2460040991E+02,    1.2460040991E+02,    0.0000000000E+00,    0.0000000000E+00,    0.0000000000E+00,    1.2460040991E+02
    113450,      0.676940,CP8_after_OBC,   1,    0.0000000000E+00,    1.2460040991E+02,    1.2460040991E+02,    0.0000000000E+00,    0.0000000000E+00,    0.0000000000E+00,    1.2460040991E+02
    113450,      0.676940,CP9_after_PTsource,   1,    0.0000000000E+00,    1.2460040991E+02,    1.2460040991E+02,    0.0000000000E+00,    0.0000000000E+00,    0.0000000000E+00,    1.2460040991E+02
    113450,      0.676940,CP10_after_neg_clamp,   1,    0.0000000000E+00,    1.2460040991E+02,    1.2460040991E+02,    0.0000000000E+00,    0.0000000000E+00,    0.0000000000E+00,    1.2460040991E+02
    113450,      0.676940,CP11_after_MPI,   1,    0.0000000000E+00,    1.2460040991E+02,    1.2460040991E+02,    0.0000000000E+00,    0.0000000000E+00,    0.0000000000E+00,    1.2460040991E+02
    113450,      0.676940,CP12_end,   1,    0.0000000000E+00,    1.2460040991E+02,    1.2460040991E+02,    0.0000000000E+00,    0.0000000000E+00,    0.0000000000E+00,    1.2460040991E+02
    113500,      0.676940,CP0_start,   1,    0.0000000000E+00,    1.2469402432E+02,    1.2469402432E+02,    0.0000000000E+00,    0.0000000000E+00,    0.0000000000E+00,    1.2469402432E+02
    113500,      0.676940,CP1_after_deposition,   1,    0.0000000000E+00,    1.2469402432E+02,    1.2469402432E+02,    0.0000000000E+00,    0.0000000000E+00,    0.0000000000E+00,    1.2469402432E+02
    113500,      0.676940,CP2_after_erosion,   1,    0.0000000000E+00,    1.2469402432E+02,    1.2469402432E+02,    0.0000000000E+00,    0.0000000000E+00,    0.0000000000E+00,    1.2469402432E+02
    113500,      0.676940,CP3_after_update_bottom,   1,    0.0000000000E+00,    1.2469402432E+02,    1.2469402432E+02,    0.0000000000E+00,    0.0000000000E+00,    0.0000000000E+00,    1.2469402432E+02
    113500,      0.676940,CP4_after_advection,   1,    0.0000000000E+00,    1.2469041395E+02,    1.2469041395E+02,    0.0000000000E+00,    0.0000000000E+00,    0.0000000000E+00,    1.2469041395E+02
    113500,      0.676940,CP5_after_vdif,   1,    0.0000000000E+00,    1.2469041395E+02,    1.2469041395E+02,    0.0000000000E+00,    0.0000000000E+00,    0.0000000000E+00,    1.2469041395E+02
    113500,      0.676940,CP6_after_kinetics,   1,    0.0000000000E+00,    1.2469041395E+02,    1.2469041395E+02,    0.0000000000E+00,    0.0000000000E+00,    0.0000000000E+00,    1.2469041395E+02
    113500,      0.676940,CP7_after_upper_clamp,   1,    0.0000000000E+00,    1.2469041395E+02,    1.2469041395E+02,    0.0000000000E+00,    0.0000000000E+00,    0.0000000000E+00,    1.2469041395E+02
    113500,      0.676940,CP8_after_OBC,   1,    0.0000000000E+00,    1.2469041395E+02,    1.2469041395E+02,    0.0000000000E+00,    0.0000000000E+00,    0.0000000000E+00,    1.2469041395E+02
    113500,      0.676940,CP9_after_PTsource,   1,    0.0000000000E+00,    1.2469041395E+02,    1.2469041395E+02,    0.0000000000E+00,    0.0000000000E+00,    0.0000000000E+00,    1.2469041395E+02
    113500,      0.676940,CP10_after_neg_clamp,   1,    0.0000000000E+00,    1.2469041395E+02,    1.2469041395E+02,    0.0000000000E+00,    0.0000000000E+00,    0.0000000000E+00,    1.2469041395E+02
    113500,      0.676940,CP11_after_MPI,   1,    0.0000000000E+00,    1.2469041395E+02,    1.2469041395E+02,    0.0000000000E+00,    0.0000000000E+00,    0.0000000000E+00,    1.2469041395E+02
    113500,      0.676940,CP12_end,   1,    0.0000000000E+00,    1.2469041395E+02,    1.2469041395E+02,    0.0000000000E+00,    0.0000000000E+00,    0.0000000000E+00,    1.2469041395E+02
    113550,      0.676940,CP0_start,   1,    0.0000000000E+00,    1.2478384594E+02,    1.2478384594E+02,    0.0000000000E+00,    0.0000000000E+00,    0.0000000000E+00,    1.2478384594E+02
    113550,      0.676940,CP1_after_deposition,   1,    0.0000000000E+00,    1.2478384594E+02,    1.2478384594E+02,    0.0000000000E+00,    0.0000000000E+00,    0.0000000000E+00,    1.2478384594E+02
    113550,      0.676940,CP2_after_erosion,   1,    0.0000000000E+00,    1.2478384594E+02,    1.2478384594E+02,    0.0000000000E+00,    0.0000000000E+00,    0.0000000000E+00,    1.2478384594E+02
    113550,      0.676940,CP3_after_update_bottom,   1,    0.0000000000E+00,    1.2478384594E+02,    1.2478384594E+02,    0.0000000000E+00,    0.0000000000E+00,    0.0000000000E+00,    1.2478384594E+02
    113550,      0.676940,CP4_after_advection,   1,    0.0000000000E+00,    1.2478032323E+02,    1.2478032323E+02,    0.0000000000E+00,    0.0000000000E+00,    0.0000000000E+00,    1.2478032323E+02
    113550,      0.676940,CP5_after_vdif,   1,    0.0000000000E+00,    1.2478032323E+02,    1.2478032323E+02,    0.0000000000E+00,    0.0000000000E+00,    0.0000000000E+00,    1.2478032323E+02
    113550,      0.676940,CP6_after_kinetics,   1,    0.0000000000E+00,    1.2478032323E+02,    1.2478032323E+02,    0.0000000000E+00,    0.0000000000E+00,    0.0000000000E+00,    1.2478032323E+02
    113550,      0.676940,CP7_after_upper_clamp,   1,    0.0000000000E+00,    1.2478032323E+02,    1.2478032323E+02,    0.0000000000E+00,    0.0000000000E+00,    0.0000000000E+00,    1.2478032323E+02
    113550,      0.676940,CP8_after_OBC,   1,    0.0000000000E+00,    1.2478032323E+02,    1.2478032323E+02,    0.0000000000E+00,    0.0000000000E+00,    0.0000000000E+00,    1.2478032323E+02
    113550,      0.676940,CP9_after_PTsource,   1,    0.0000000000E+00,    1.2478032323E+02,    1.2478032323E+02,    0.0000000000E+00,    0.0000000000E+00,    0.0000000000E+00,    1.2478032323E+02
    113550,      0.676940,CP10_after_neg_clamp,   1,    0.0000000000E+00,    1.2478032323E+02,    1.2478032323E+02,    0.0000000000E+00,    0.0000000000E+00,    0.0000000000E+00,    1.2478032323E+02
    113550,      0.676940,CP11_after_MPI,   1,    0.0000000000E+00,    1.2478032323E+02,    1.2478032323E+02,    0.0000000000E+00,    0.0000000000E+00,    0.0000000000E+00,    1.2478032323E+02
    113550,      0.676940,CP12_end,   1,    0.0000000000E+00,    1.2478032323E+02,    1.2478032323E+02,    0.0000000000E+00,    0.0000000000E+00,    0.0000000000E+00,    1.2478032323E+02
    113600,      0.676940,CP0_start,   1,    0.0000000000E+00,    1.2487326463E+02,    1.2487326463E+02,    0.0000000000E+00,    0.0000000000E+00,    0.0000000000E+00,    1.2487326463E+02
    113600,      0.676940,CP1_after_deposition,   1,    0.0000000000E+00,    1.2487326463E+02,    1.2487326463E+02,    0.0000000000E+00,    0.0000000000E+00,    0.0000000000E+00,    1.2487326463E+02
    113600,      0.676940,CP2_after_erosion,   1,    0.0000000000E+00,    1.2487326463E+02,    1.2487326463E+02,    0.0000000000E+00,    0.0000000000E+00,    0.0000000000E+00,    1.2487326463E+02
    113600,      0.676940,CP3_after_update_bottom,   1,    0.0000000000E+00,    1.2487326463E+02,    1.2487326463E+02,    0.0000000000E+00,    0.0000000000E+00,    0.0000000000E+00,    1.2487326463E+02
    113600,      0.676940,CP4_after_advection,   1,    0.0000000000E+00,    1.2486981999E+02,    1.2486981999E+02,    0.0000000000E+00,    0.0000000000E+00,    0.0000000000E+00,    1.2486981999E+02
    113600,      0.676940,CP5_after_vdif,   1,    0.0000000000E+00,    1.2486981999E+02,    1.2486981999E+02,    0.0000000000E+00,    0.0000000000E+00,    0.0000000000E+00,    1.2486981999E+02
    113600,      0.676940,CP6_after_kinetics,   1,    0.0000000000E+00,    1.2486981999E+02,    1.2486981999E+02,    0.0000000000E+00,    0.0000000000E+00,    0.0000000000E+00,    1.2486981999E+02
    113600,      0.676940,CP7_after_upper_clamp,   1,    0.0000000000E+00,    1.2486981999E+02,    1.2486981999E+02,    0.0000000000E+00,    0.0000000000E+00,    0.0000000000E+00,    1.2486981999E+02
    113600,      0.676940,CP8_after_OBC,   1,    0.0000000000E+00,    1.2486981999E+02,    1.2486981999E+02,    0.0000000000E+00,    0.0000000000E+00,    0.0000000000E+00,    1.2486981999E+02
    113600,      0.676940,CP9_after_PTsource,   1,    0.0000000000E+00,    1.2486981999E+02,    1.2486981999E+02,    0.0000000000E+00,    0.0000000000E+00,    0.0000000000E+00,    1.2486981999E+02
    113600,      0.676940,CP10_after_neg_clamp,   1,    0.0000000000E+00,    1.2486981999E+02,    1.2486981999E+02,    0.0000000000E+00,    0.0000000000E+00,    0.0000000000E+00,    1.2486981999E+02
    113600,      0.676940,CP11_after_MPI,   1,    0.0000000000E+00,    1.2486981999E+02,    1.2486981999E+02,    0.0000000000E+00,    0.0000000000E+00,    0.0000000000E+00,    1.2486981999E+02
    113600,      0.676940,CP12_end,   1,    0.0000000000E+00,    1.2486981999E+02,    1.2486981999E+02,    0.0000000000E+00,    0.0000000000E+00,    0.0000000000E+00,    1.2486981999E+02
    113650,      0.676940,CP0_start,   1,    0.0000000000E+00,    1.2496200358E+02,    1.2496200358E+02,    0.0000000000E+00,    0.0000000000E+00,    0.0000000000E+00,    1.2496200358E+02
    113650,      0.676940,CP1_after_deposition,   1,    0.0000000000E+00,    1.2496200358E+02,    1.2496200358E+02,    0.0000000000E+00,    0.0000000000E+00,    0.0000000000E+00,    1.2496200358E+02
    113650,      0.676940,CP2_after_erosion,   1,    0.0000000000E+00,    1.2496200358E+02,    1.2496200358E+02,    0.0000000000E+00,    0.0000000000E+00,    0.0000000000E+00,    1.2496200358E+02
    113650,      0.676940,CP3_after_update_bottom,   1,    0.0000000000E+00,    1.2496200358E+02,    1.2496200358E+02,    0.0000000000E+00,    0.0000000000E+00,    0.0000000000E+00,    1.2496200358E+02
    113650,      0.676940,CP4_after_advection,   1,    0.0000000000E+00,    1.2495862998E+02,    1.2495862998E+02,    0.0000000000E+00,    0.0000000000E+00,    0.0000000000E+00,    1.2495862998E+02
    113650,      0.676940,CP5_after_vdif,   1,    0.0000000000E+00,    1.2495862998E+02,    1.2495862998E+02,    0.0000000000E+00,    0.0000000000E+00,    0.0000000000E+00,    1.2495862998E+02
    113650,      0.676940,CP6_after_kinetics,   1,    0.0000000000E+00,    1.2495862998E+02,    1.2495862998E+02,    0.0000000000E+00,    0.0000000000E+00,    0.0000000000E+00,    1.2495862998E+02
    113650,      0.676940,CP7_after_upper_clamp,   1,    0.0000000000E+00,    1.2495862998E+02,    1.2495862998E+02,    0.0000000000E+00,    0.0000000000E+00,    0.0000000000E+00,    1.2495862998E+02
    113650,      0.676940,CP8_after_OBC,   1,    0.0000000000E+00,    1.2495862998E+02,    1.2495862998E+02,    0.0000000000E+00,    0.0000000000E+00,    0.0000000000E+00,    1.2495862998E+02
    113650,      0.676940,CP9_after_PTsource,   1,    0.0000000000E+00,    1.2495862998E+02,    1.2495862998E+02,    0.0000000000E+00,    0.0000000000E+00,    0.0000000000E+00,    1.2495862998E+02
    113650,      0.676940,CP10_after_neg_clamp,   1,    0.0000000000E+00,    1.2495862998E+02,    1.2495862998E+02,    0.0000000000E+00,    0.0000000000E+00,    0.0000000000E+00,    1.2495862998E+02
    113650,      0.676940,CP11_after_MPI,   1,    0.0000000000E+00,    1.2495862998E+02,    1.2495862998E+02,    0.0000000000E+00,    0.0000000000E+00,    0.0000000000E+00,    1.2495862998E+02
    113650,      0.676940,CP12_end,   1,    0.0000000000E+00,    1.2495862998E+02,    1.2495862998E+02,    0.0000000000E+00,    0.0000000000E+00,    0.0000000000E+00,    1.2495862998E+02
    113700,      0.676940,CP0_start,   1,    0.0000000000E+00,    1.2504993431E+02,    1.2504993431E+02,    0.0000000000E+00,    0.0000000000E+00,    0.0000000000E+00,    1.2504993431E+02
    113700,      0.676940,CP1_after_deposition,   1,    0.0000000000E+00,    1.2504993431E+02,    1.2504993431E+02,    0.0000000000E+00,    0.0000000000E+00,    0.0000000000E+00,    1.2504993431E+02
    113700,      0.676940,CP2_after_erosion,   1,    0.0000000000E+00,    1.2504993431E+02,    1.2504993431E+02,    0.0000000000E+00,    0.0000000000E+00,    0.0000000000E+00,    1.2504993431E+02
    113700,      0.676940,CP3_after_update_bottom,   1,    0.0000000000E+00,    1.2504993431E+02,    1.2504993431E+02,    0.0000000000E+00,    0.0000000000E+00,    0.0000000000E+00,    1.2504993431E+02
    113700,      0.676940,CP4_after_advection,   1,    0.0000000000E+00,    1.2504663005E+02,    1.2504663005E+02,    0.0000000000E+00,    0.0000000000E+00,    0.0000000000E+00,    1.2504663005E+02
    113700,      0.676940,CP5_after_vdif,   1,    0.0000000000E+00,    1.2504663005E+02,    1.2504663005E+02,    0.0000000000E+00,    0.0000000000E+00,    0.0000000000E+00,    1.2504663005E+02
    113700,      0.676940,CP6_after_kinetics,   1,    0.0000000000E+00,    1.2504663005E+02,    1.2504663005E+02,    0.0000000000E+00,    0.0000000000E+00,    0.0000000000E+00,    1.2504663005E+02
    113700,      0.676940,CP7_after_upper_clamp,   1,    0.0000000000E+00,    1.2504663005E+02,    1.2504663005E+02,    0.0000000000E+00,    0.0000000000E+00,    0.0000000000E+00,    1.2504663005E+02
    113700,      0.676940,CP8_after_OBC,   1,    0.0000000000E+00,    1.2504663005E+02,    1.2504663005E+02,    0.0000000000E+00,    0.0000000000E+00,    0.0000000000E+00,    1.2504663005E+02
    113700,      0.676940,CP9_after_PTsource,   1,    0.0000000000E+00,    1.2504663005E+02,    1.2504663005E+02,    0.0000000000E+00,    0.0000000000E+00,    0.0000000000E+00,    1.2504663005E+02
    113700,      0.676940,CP10_after_neg_clamp,   1,    0.0000000000E+00,    1.2504663005E+02,    1.2504663005E+02,    0.0000000000E+00,    0.0000000000E+00,    0.0000000000E+00,    1.2504663005E+02
    113700,      0.676940,CP11_after_MPI,   1,    0.0000000000E+00,    1.2504663005E+02,    1.2504663005E+02,    0.0000000000E+00,    0.0000000000E+00,    0.0000000000E+00,    1.2504663005E+02
    113700,      0.676940,CP12_end,   1,    0.0000000000E+00,    1.2504663005E+02,    1.2504663005E+02,    0.0000000000E+00,    0.0000000000E+00,    0.0000000000E+00,    1.2504663005E+02
    113750,      0.676940,CP0_start,   1,    0.0000000000E+00,    1.2513696992E+02,    1.2513696992E+02,    0.0000000000E+00,    0.0000000000E+00,    0.0000000000E+00,    1.2513696992E+02
    113750,      0.676940,CP1_after_deposition,   1,    0.0000000000E+00,    1.2513696992E+02,    1.2513696992E+02,    0.0000000000E+00,    0.0000000000E+00,    0.0000000000E+00,    1.2513696992E+02
    113750,      0.676940,CP2_after_erosion,   1,    0.0000000000E+00,    1.2513696992E+02,    1.2513696992E+02,    0.0000000000E+00,    0.0000000000E+00,    0.0000000000E+00,    1.2513696992E+02
    113750,      0.676940,CP3_after_update_bottom,   1,    0.0000000000E+00,    1.2513696992E+02,    1.2513696992E+02,    0.0000000000E+00,    0.0000000000E+00,    0.0000000000E+00,    1.2513696992E+02
    113750,      0.676940,CP4_after_advection,   1,    0.0000000000E+00,    1.2513372882E+02,    1.2513372882E+02,    0.0000000000E+00,    0.0000000000E+00,    0.0000000000E+00,    1.2513372882E+02
    113750,      0.676940,CP5_after_vdif,   1,    0.0000000000E+00,    1.2513372882E+02,    1.2513372882E+02,    0.0000000000E+00,    0.0000000000E+00,    0.0000000000E+00,    1.2513372882E+02
    113750,      0.676940,CP6_after_kinetics,   1,    0.0000000000E+00,    1.2513372882E+02,    1.2513372882E+02,    0.0000000000E+00,    0.0000000000E+00,    0.0000000000E+00,    1.2513372882E+02
    113750,      0.676940,CP7_after_upper_clamp,   1,    0.0000000000E+00,    1.2513372882E+02,    1.2513372882E+02,    0.0000000000E+00,    0.0000000000E+00,    0.0000000000E+00,    1.2513372882E+02
    113750,      0.676940,CP8_after_OBC,   1,    0.0000000000E+00,    1.2513372882E+02,    1.2513372882E+02,    0.0000000000E+00,    0.0000000000E+00,    0.0000000000E+00,    1.2513372882E+02
    113750,      0.676940,CP9_after_PTsource,   1,    0.0000000000E+00,    1.2513372882E+02,    1.2513372882E+02,    0.0000000000E+00,    0.0000000000E+00,    0.0000000000E+00,    1.2513372882E+02
    113750,      0.676940,CP10_after_neg_clamp,   1,    0.0000000000E+00,    1.2513372882E+02,    1.2513372882E+02,    0.0000000000E+00,    0.0000000000E+00,    0.0000000000E+00,    1.2513372882E+02
    113750,      0.676940,CP11_after_MPI,   1,    0.0000000000E+00,    1.2513372882E+02,    1.2513372882E+02,    0.0000000000E+00,    0.0000000000E+00,    0.0000000000E+00,    1.2513372882E+02
    113750,      0.676940,CP12_end,   1,    0.0000000000E+00,    1.2513372882E+02,    1.2513372882E+02,    0.0000000000E+00,    0.0000000000E+00,    0.0000000000E+00,    1.2513372882E+02
    113800,      0.676940,CP0_start,   1,    0.0000000000E+00,    1.2522311582E+02,    1.2522311582E+02,    0.0000000000E+00,    0.0000000000E+00,    0.0000000000E+00,    1.2522311582E+02
    113800,      0.676940,CP1_after_deposition,   1,    0.0000000000E+00,    1.2522311582E+02,    1.2522311582E+02,    0.0000000000E+00,    0.0000000000E+00,    0.0000000000E+00,    1.2522311582E+02
    113800,      0.676940,CP2_after_erosion,   1,    0.0000000000E+00,    1.2522311582E+02,    1.2522311582E+02,    0.0000000000E+00,    0.0000000000E+00,    0.0000000000E+00,    1.2522311582E+02
    113800,      0.676940,CP3_after_update_bottom,   1,    0.0000000000E+00,    1.2522311582E+02,    1.2522311582E+02,    0.0000000000E+00,    0.0000000000E+00,    0.0000000000E+00,    1.2522311582E+02
    113800,      0.676940,CP4_after_advection,   1,    0.0000000000E+00,    1.2521993298E+02,    1.2521993298E+02,    0.0000000000E+00,    0.0000000000E+00,    0.0000000000E+00,    1.2521993298E+02
    113800,      0.676940,CP5_after_vdif,   1,    0.0000000000E+00,    1.2521993298E+02,    1.2521993298E+02,    0.0000000000E+00,    0.0000000000E+00,    0.0000000000E+00,    1.2521993298E+02
    113800,      0.676940,CP6_after_kinetics,   1,    0.0000000000E+00,    1.2521993298E+02,    1.2521993298E+02,    0.0000000000E+00,    0.0000000000E+00,    0.0000000000E+00,    1.2521993298E+02
    113800,      0.676940,CP7_after_upper_clamp,   1,    0.0000000000E+00,    1.2521993298E+02,    1.2521993298E+02,    0.0000000000E+00,    0.0000000000E+00,    0.0000000000E+00,    1.2521993298E+02
    113800,      0.676940,CP8_after_OBC,   1,    0.0000000000E+00,    1.2521993298E+02,    1.2521993298E+02,    0.0000000000E+00,    0.0000000000E+00,    0.0000000000E+00,    1.2521993298E+02
    113800,      0.676940,CP9_after_PTsource,   1,    0.0000000000E+00,    1.2521993298E+02,    1.2521993298E+02,    0.0000000000E+00,    0.0000000000E+00,    0.0000000000E+00,    1.2521993298E+02
    113800,      0.676940,CP10_after_neg_clamp,   1,    0.0000000000E+00,    1.2521993298E+02,    1.2521993298E+02,    0.0000000000E+00,    0.0000000000E+00,    0.0000000000E+00,    1.2521993298E+02
    113800,      0.676940,CP11_after_MPI,   1,    0.0000000000E+00,    1.2521993298E+02,    1.2521993298E+02,    0.0000000000E+00,    0.0000000000E+00,    0.0000000000E+00,    1.2521993298E+02
    113800,      0.676940,CP12_end,   1,    0.0000000000E+00,    1.2521993298E+02,    1.2521993298E+02,    0.0000000000E+00,    0.0000000000E+00,    0.0000000000E+00,    1.2521993298E+02
    113850,      0.676940,CP0_start,   1,    0.0000000000E+00,    1.2530832351E+02,    1.2530832351E+02,    0.0000000000E+00,    0.0000000000E+00,    0.0000000000E+00,    1.2530832351E+02
    113850,      0.676940,CP1_after_deposition,   1,    0.0000000000E+00,    1.2530832351E+02,    1.2530832351E+02,    0.0000000000E+00,    0.0000000000E+00,    0.0000000000E+00,    1.2530832351E+02
    113850,      0.676940,CP2_after_erosion,   1,    0.0000000000E+00,    1.2530832351E+02,    1.2530832351E+02,    0.0000000000E+00,    0.0000000000E+00,    0.0000000000E+00,    1.2530832351E+02
    113850,      0.676940,CP3_after_update_bottom,   1,    0.0000000000E+00,    1.2530832351E+02,    1.2530832351E+02,    0.0000000000E+00,    0.0000000000E+00,    0.0000000000E+00,    1.2530832351E+02
    113850,      0.676940,CP4_after_advection,   1,    0.0000000000E+00,    1.2530519483E+02,    1.2530519483E+02,    0.0000000000E+00,    0.0000000000E+00,    0.0000000000E+00,    1.2530519483E+02
    113850,      0.676940,CP5_after_vdif,   1,    0.0000000000E+00,    1.2530519483E+02,    1.2530519483E+02,    0.0000000000E+00,    0.0000000000E+00,    0.0000000000E+00,    1.2530519483E+02
    113850,      0.676940,CP6_after_kinetics,   1,    0.0000000000E+00,    1.2530519483E+02,    1.2530519483E+02,    0.0000000000E+00,    0.0000000000E+00,    0.0000000000E+00,    1.2530519483E+02
    113850,      0.676940,CP7_after_upper_clamp,   1,    0.0000000000E+00,    1.2530519483E+02,    1.2530519483E+02,    0.0000000000E+00,    0.0000000000E+00,    0.0000000000E+00,    1.2530519483E+02
    113850,      0.676940,CP8_after_OBC,   1,    0.0000000000E+00,    1.2530519483E+02,    1.2530519483E+02,    0.0000000000E+00,    0.0000000000E+00,    0.0000000000E+00,    1.2530519483E+02
    113850,      0.676940,CP9_after_PTsource,   1,    0.0000000000E+00,    1.2530519483E+02,    1.2530519483E+02,    0.0000000000E+00,    0.0000000000E+00,    0.0000000000E+00,    1.2530519483E+02
    113850,      0.676940,CP10_after_neg_clamp,   1,    0.0000000000E+00,    1.2530519483E+02,    1.2530519483E+02,    0.0000000000E+00,    0.0000000000E+00,    0.0000000000E+00,    1.2530519483E+02
    113850,      0.676940,CP11_after_MPI,   1,    0.0000000000E+00,    1.2530519483E+02,    1.2530519483E+02,    0.0000000000E+00,    0.0000000000E+00,    0.0000000000E+00,    1.2530519483E+02
    113850,      0.676940,CP12_end,   1,    0.0000000000E+00,    1.2530519483E+02,    1.2530519483E+02,    0.0000000000E+00,    0.0000000000E+00,    0.0000000000E+00,    1.2530519483E+02
    113900,      0.676940,CP0_start,   1,    0.0000000000E+00,    1.2539264363E+02,    1.2539264363E+02,    0.0000000000E+00,    0.0000000000E+00,    0.0000000000E+00,    1.2539264363E+02
    113900,      0.676940,CP1_after_deposition,   1,    0.0000000000E+00,    1.2539264363E+02,    1.2539264363E+02,    0.0000000000E+00,    0.0000000000E+00,    0.0000000000E+00,    1.2539264363E+02
    113900,      0.676940,CP2_after_erosion,   1,    0.0000000000E+00,    1.2539264363E+02,    1.2539264363E+02,    0.0000000000E+00,    0.0000000000E+00,    0.0000000000E+00,    1.2539264363E+02
    113900,      0.676940,CP3_after_update_bottom,   1,    0.0000000000E+00,    1.2539264363E+02,    1.2539264363E+02,    0.0000000000E+00,    0.0000000000E+00,    0.0000000000E+00,    1.2539264363E+02
    113900,      0.676940,CP4_after_advection,   1,    0.0000000000E+00,    1.2538956990E+02,    1.2538956990E+02,    0.0000000000E+00,    0.0000000000E+00,    0.0000000000E+00,    1.2538956990E+02
    113900,      0.676940,CP5_after_vdif,   1,    0.0000000000E+00,    1.2538956990E+02,    1.2538956990E+02,    0.0000000000E+00,    0.0000000000E+00,    0.0000000000E+00,    1.2538956990E+02
    113900,      0.676940,CP6_after_kinetics,   1,    0.0000000000E+00,    1.2538956990E+02,    1.2538956990E+02,    0.0000000000E+00,    0.0000000000E+00,    0.0000000000E+00,    1.2538956990E+02
    113900,      0.676940,CP7_after_upper_clamp,   1,    0.0000000000E+00,    1.2538956990E+02,    1.2538956990E+02,    0.0000000000E+00,    0.0000000000E+00,    0.0000000000E+00,    1.2538956990E+02
    113900,      0.676940,CP8_after_OBC,   1,    0.0000000000E+00,    1.2538956990E+02,    1.2538956990E+02,    0.0000000000E+00,    0.0000000000E+00,    0.0000000000E+00,    1.2538956990E+02
    113900,      0.676940,CP9_after_PTsource,   1,    0.0000000000E+00,    1.2538956990E+02,    1.2538956990E+02,    0.0000000000E+00,    0.0000000000E+00,    0.0000000000E+00,    1.2538956990E+02
    113900,      0.676940,CP10_after_neg_clamp,   1,    0.0000000000E+00,    1.2538956990E+02,    1.2538956990E+02,    0.0000000000E+00,    0.0000000000E+00,    0.0000000000E+00,    1.2538956990E+02
    113900,      0.676940,CP11_after_MPI,   1,    0.0000000000E+00,    1.2538956990E+02,    1.2538956990E+02,    0.0000000000E+00,    0.0000000000E+00,    0.0000000000E+00,    1.2538956990E+02
    113900,      0.676940,CP12_end,   1,    0.0000000000E+00,    1.2538956990E+02,    1.2538956990E+02,    0.0000000000E+00,    0.0000000000E+00,    0.0000000000E+00,    1.2538956990E+02
    113950,      0.676940,CP0_start,   1,    0.0000000000E+00,    1.2547625814E+02,    1.2547625814E+02,    0.0000000000E+00,    0.0000000000E+00,    0.0000000000E+00,    1.2547625814E+02
    113950,      0.676940,CP1_after_deposition,   1,    0.0000000000E+00,    1.2547625814E+02,    1.2547625814E+02,    0.0000000000E+00,    0.0000000000E+00,    0.0000000000E+00,    1.2547625814E+02
    113950,      0.676940,CP2_after_erosion,   1,    0.0000000000E+00,    1.2547625814E+02,    1.2547625814E+02,    0.0000000000E+00,    0.0000000000E+00,    0.0000000000E+00,    1.2547625814E+02
    113950,      0.676940,CP3_after_update_bottom,   1,    0.0000000000E+00,    1.2547625814E+02,    1.2547625814E+02,    0.0000000000E+00,    0.0000000000E+00,    0.0000000000E+00,    1.2547625814E+02
    113950,      0.676940,CP4_after_advection,   1,    0.0000000000E+00,    1.2547324040E+02,    1.2547324040E+02,    0.0000000000E+00,    0.0000000000E+00,    0.0000000000E+00,    1.2547324040E+02
    113950,      0.676940,CP5_after_vdif,   1,    0.0000000000E+00,    1.2547324040E+02,    1.2547324040E+02,    0.0000000000E+00,    0.0000000000E+00,    0.0000000000E+00,    1.2547324040E+02
    113950,      0.676940,CP6_after_kinetics,   1,    0.0000000000E+00,    1.2547324040E+02,    1.2547324040E+02,    0.0000000000E+00,    0.0000000000E+00,    0.0000000000E+00,    1.2547324040E+02
    113950,      0.676940,CP7_after_upper_clamp,   1,    0.0000000000E+00,    1.2547324040E+02,    1.2547324040E+02,    0.0000000000E+00,    0.0000000000E+00,    0.0000000000E+00,    1.2547324040E+02
    113950,      0.676940,CP8_after_OBC,   1,    0.0000000000E+00,    1.2547324040E+02,    1.2547324040E+02,    0.0000000000E+00,    0.0000000000E+00,    0.0000000000E+00,    1.2547324040E+02
    113950,      0.676940,CP9_after_PTsource,   1,    0.0000000000E+00,    1.2547324040E+02,    1.2547324040E+02,    0.0000000000E+00,    0.0000000000E+00,    0.0000000000E+00,    1.2547324040E+02
    113950,      0.676940,CP10_after_neg_clamp,   1,    0.0000000000E+00,    1.2547324040E+02,    1.2547324040E+02,    0.0000000000E+00,    0.0000000000E+00,    0.0000000000E+00,    1.2547324040E+02
    113950,      0.676940,CP11_after_MPI,   1,    0.0000000000E+00,    1.2547324040E+02,    1.2547324040E+02,    0.0000000000E+00,    0.0000000000E+00,    0.0000000000E+00,    1.2547324040E+02
    113950,      0.676940,CP12_end,   1,    0.0000000000E+00,    1.2547324040E+02,    1.2547324040E+02,    0.0000000000E+00,    0.0000000000E+00,    0.0000000000E+00,    1.2547324040E+02
    114000,      0.676940,CP0_start,   1,    0.0000000000E+00,    1.2555928415E+02,    1.2555928415E+02,    0.0000000000E+00,    0.0000000000E+00,    0.0000000000E+00,    1.2555928415E+02
    114000,      0.676940,CP1_after_deposition,   1,    0.0000000000E+00,    1.2555928415E+02,    1.2555928415E+02,    0.0000000000E+00,    0.0000000000E+00,    0.0000000000E+00,    1.2555928415E+02
    114000,      0.676940,CP2_after_erosion,   1,    0.0000000000E+00,    1.2555928415E+02,    1.2555928415E+02,    0.0000000000E+00,    0.0000000000E+00,    0.0000000000E+00,    1.2555928415E+02
    114000,      0.676940,CP3_after_update_bottom,   1,    0.0000000000E+00,    1.2555928415E+02,    1.2555928415E+02,    0.0000000000E+00,    0.0000000000E+00,    0.0000000000E+00,    1.2555928415E+02
    114000,      0.676940,CP4_after_advection,   1,    0.0000000000E+00,    1.2555632232E+02,    1.2555632232E+02,    0.0000000000E+00,    0.0000000000E+00,    0.0000000000E+00,    1.2555632232E+02
    114000,      0.676940,CP5_after_vdif,   1,    0.0000000000E+00,    1.2555632232E+02,    1.2555632232E+02,    0.0000000000E+00,    0.0000000000E+00,    0.0000000000E+00,    1.2555632232E+02
    114000,      0.676940,CP6_after_kinetics,   1,    0.0000000000E+00,    1.2555632232E+02,    1.2555632232E+02,    0.0000000000E+00,    0.0000000000E+00,    0.0000000000E+00,    1.2555632232E+02
    114000,      0.676940,CP7_after_upper_clamp,   1,    0.0000000000E+00,    1.2555632232E+02,    1.2555632232E+02,    0.0000000000E+00,    0.0000000000E+00,    0.0000000000E+00,    1.2555632232E+02
    114000,      0.676940,CP8_after_OBC,   1,    0.0000000000E+00,    1.2555632232E+02,    1.2555632232E+02,    0.0000000000E+00,    0.0000000000E+00,    0.0000000000E+00,    1.2555632232E+02
    114000,      0.676940,CP9_after_PTsource,   1,    0.0000000000E+00,    1.2555632232E+02,    1.2555632232E+02,    0.0000000000E+00,    0.0000000000E+00,    0.0000000000E+00,    1.2555632232E+02
    114000,      0.676940,CP10_after_neg_clamp,   1,    0.0000000000E+00,    1.2555632232E+02,    1.2555632232E+02,    0.0000000000E+00,    0.0000000000E+00,    0.0000000000E+00,    1.2555632232E+02
    114000,      0.676940,CP11_after_MPI,   1,    0.0000000000E+00,    1.2555632232E+02,    1.2555632232E+02,    0.0000000000E+00,    0.0000000000E+00,    0.0000000000E+00,    1.2555632232E+02
    114000,      0.676940,CP12_end,   1,    0.0000000000E+00,    1.2555632232E+02,    1.2555632232E+02,    0.0000000000E+00,    0.0000000000E+00,    0.0000000000E+00,    1.2555632232E+02
    114050,      0.676940,CP0_start,   1,    0.0000000000E+00,    1.2564187223E+02,    1.2564187223E+02,    0.0000000000E+00,    0.0000000000E+00,    0.0000000000E+00,    1.2564187223E+02
    114050,      0.676940,CP1_after_deposition,   1,    0.0000000000E+00,    1.2564187223E+02,    1.2564187223E+02,    0.0000000000E+00,    0.0000000000E+00,    0.0000000000E+00,    1.2564187223E+02
    114050,      0.676940,CP2_after_erosion,   1,    0.0000000000E+00,    1.2564187223E+02,    1.2564187223E+02,    0.0000000000E+00,    0.0000000000E+00,    0.0000000000E+00,    1.2564187223E+02
    114050,      0.676940,CP3_after_update_bottom,   1,    0.0000000000E+00,    1.2564187223E+02,    1.2564187223E+02,    0.0000000000E+00,    0.0000000000E+00,    0.0000000000E+00,    1.2564187223E+02
    114050,      0.676940,CP4_after_advection,   1,    0.0000000000E+00,    1.2563896735E+02,    1.2563896735E+02,    0.0000000000E+00,    0.0000000000E+00,    0.0000000000E+00,    1.2563896735E+02
    114050,      0.676940,CP5_after_vdif,   1,    0.0000000000E+00,    1.2563896735E+02,    1.2563896735E+02,    0.0000000000E+00,    0.0000000000E+00,    0.0000000000E+00,    1.2563896735E+02
    114050,      0.676940,CP6_after_kinetics,   1,    0.0000000000E+00,    1.2563896735E+02,    1.2563896735E+02,    0.0000000000E+00,    0.0000000000E+00,    0.0000000000E+00,    1.2563896735E+02
    114050,      0.676940,CP7_after_upper_clamp,   1,    0.0000000000E+00,    1.2563896735E+02,    1.2563896735E+02,    0.0000000000E+00,    0.0000000000E+00,    0.0000000000E+00,    1.2563896735E+02
    114050,      0.676940,CP8_after_OBC,   1,    0.0000000000E+00,    1.2563896735E+02,    1.2563896735E+02,    0.0000000000E+00,    0.0000000000E+00,    0.0000000000E+00,    1.2563896735E+02
    114050,      0.676940,CP9_after_PTsource,   1,    0.0000000000E+00,    1.2563896735E+02,    1.2563896735E+02,    0.0000000000E+00,    0.0000000000E+00,    0.0000000000E+00,    1.2563896735E+02
    114050,      0.676940,CP10_after_neg_clamp,   1,    0.0000000000E+00,    1.2563896735E+02,    1.2563896735E+02,    0.0000000000E+00,    0.0000000000E+00,    0.0000000000E+00,    1.2563896735E+02
    114050,      0.676940,CP11_after_MPI,   1,    0.0000000000E+00,    1.2563896735E+02,    1.2563896735E+02,    0.0000000000E+00,    0.0000000000E+00,    0.0000000000E+00,    1.2563896735E+02
    114050,      0.676940,CP12_end,   1,    0.0000000000E+00,    1.2563896735E+02,    1.2563896735E+02,    0.0000000000E+00,    0.0000000000E+00,    0.0000000000E+00,    1.2563896735E+02
    114100,      0.676940,CP0_start,   1,    0.0000000000E+00,    1.2572421942E+02,    1.2572421942E+02,    0.0000000000E+00,    0.0000000000E+00,    0.0000000000E+00,    1.2572421942E+02
    114100,      0.676940,CP1_after_deposition,   1,    0.0000000000E+00,    1.2572421942E+02,    1.2572421942E+02,    0.0000000000E+00,    0.0000000000E+00,    0.0000000000E+00,    1.2572421942E+02
    114100,      0.676940,CP2_after_erosion,   1,    0.0000000000E+00,    1.2572421942E+02,    1.2572421942E+02,    0.0000000000E+00,    0.0000000000E+00,    0.0000000000E+00,    1.2572421942E+02
    114100,      0.676940,CP3_after_update_bottom,   1,    0.0000000000E+00,    1.2572421942E+02,    1.2572421942E+02,    0.0000000000E+00,    0.0000000000E+00,    0.0000000000E+00,    1.2572421942E+02
    114100,      0.676940,CP4_after_advection,   1,    0.0000000000E+00,    1.2572137386E+02,    1.2572137386E+02,    0.0000000000E+00,    0.0000000000E+00,    0.0000000000E+00,    1.2572137386E+02
    114100,      0.676940,CP5_after_vdif,   1,    0.0000000000E+00,    1.2572137386E+02,    1.2572137386E+02,    0.0000000000E+00,    0.0000000000E+00,    0.0000000000E+00,    1.2572137386E+02
    114100,      0.676940,CP6_after_kinetics,   1,    0.0000000000E+00,    1.2572137386E+02,    1.2572137386E+02,    0.0000000000E+00,    0.0000000000E+00,    0.0000000000E+00,    1.2572137386E+02
    114100,      0.676940,CP7_after_upper_clamp,   1,    0.0000000000E+00,    1.2572137386E+02,    1.2572137386E+02,    0.0000000000E+00,    0.0000000000E+00,    0.0000000000E+00,    1.2572137386E+02
    114100,      0.676940,CP8_after_OBC,   1,    0.0000000000E+00,    1.2572137386E+02,    1.2572137386E+02,    0.0000000000E+00,    0.0000000000E+00,    0.0000000000E+00,    1.2572137386E+02
    114100,      0.676940,CP9_after_PTsource,   1,    0.0000000000E+00,    1.2572137386E+02,    1.2572137386E+02,    0.0000000000E+00,    0.0000000000E+00,    0.0000000000E+00,    1.2572137386E+02
    114100,      0.676940,CP10_after_neg_clamp,   1,    0.0000000000E+00,    1.2572137386E+02,    1.2572137386E+02,    0.0000000000E+00,    0.0000000000E+00,    0.0000000000E+00,    1.2572137386E+02
    114100,      0.676940,CP11_after_MPI,   1,    0.0000000000E+00,    1.2572137386E+02,    1.2572137386E+02,    0.0000000000E+00,    0.0000000000E+00,    0.0000000000E+00,    1.2572137386E+02
    114100,      0.676940,CP12_end,   1,    0.0000000000E+00,    1.2572137386E+02,    1.2572137386E+02,    0.0000000000E+00,    0.0000000000E+00,    0.0000000000E+00,    1.2572137386E+02
    114150,      0.676940,CP0_start,   1,    0.0000000000E+00,    1.2580656062E+02,    1.2580656062E+02,    0.0000000000E+00,    0.0000000000E+00,    0.0000000000E+00,    1.2580656062E+02
    114150,      0.676940,CP1_after_deposition,   1,    0.0000000000E+00,    1.2580656062E+02,    1.2580656062E+02,    0.0000000000E+00,    0.0000000000E+00,    0.0000000000E+00,    1.2580656062E+02
    114150,      0.676940,CP2_after_erosion,   1,    0.0000000000E+00,    1.2580656062E+02,    1.2580656062E+02,    0.0000000000E+00,    0.0000000000E+00,    0.0000000000E+00,    1.2580656062E+02
    114150,      0.676940,CP3_after_update_bottom,   1,    0.0000000000E+00,    1.2580656062E+02,    1.2580656062E+02,    0.0000000000E+00,    0.0000000000E+00,    0.0000000000E+00,    1.2580656062E+02
    114150,      0.676940,CP4_after_advection,   1,    0.0000000000E+00,    1.2580377543E+02,    1.2580377543E+02,    0.0000000000E+00,    0.0000000000E+00,    0.0000000000E+00,    1.2580377543E+02
    114150,      0.676940,CP5_after_vdif,   1,    0.0000000000E+00,    1.2580377543E+02,    1.2580377543E+02,    0.0000000000E+00,    0.0000000000E+00,    0.0000000000E+00,    1.2580377543E+02
    114150,      0.676940,CP6_after_kinetics,   1,    0.0000000000E+00,    1.2580377543E+02,    1.2580377543E+02,    0.0000000000E+00,    0.0000000000E+00,    0.0000000000E+00,    1.2580377543E+02
    114150,      0.676940,CP7_after_upper_clamp,   1,    0.0000000000E+00,    1.2580377543E+02,    1.2580377543E+02,    0.0000000000E+00,    0.0000000000E+00,    0.0000000000E+00,    1.2580377543E+02
    114150,      0.676940,CP8_after_OBC,   1,    0.0000000000E+00,    1.2580377543E+02,    1.2580377543E+02,    0.0000000000E+00,    0.0000000000E+00,    0.0000000000E+00,    1.2580377543E+02
    114150,      0.676940,CP9_after_PTsource,   1,    0.0000000000E+00,    1.2580377543E+02,    1.2580377543E+02,    0.0000000000E+00,    0.0000000000E+00,    0.0000000000E+00,    1.2580377543E+02
    114150,      0.676940,CP10_after_neg_clamp,   1,    0.0000000000E+00,    1.2580377543E+02,    1.2580377543E+02,    0.0000000000E+00,    0.0000000000E+00,    0.0000000000E+00,    1.2580377543E+02
    114150,      0.676940,CP11_after_MPI,   1,    0.0000000000E+00,    1.2580377543E+02,    1.2580377543E+02,    0.0000000000E+00,    0.0000000000E+00,    0.0000000000E+00,    1.2580377543E+02
    114150,      0.676940,CP12_end,   1,    0.0000000000E+00,    1.2580377543E+02,    1.2580377543E+02,    0.0000000000E+00,    0.0000000000E+00,    0.0000000000E+00,    1.2580377543E+02
    114200,      0.676940,CP0_start,   1,    0.0000000000E+00,    1.2588908863E+02,    1.2588908863E+02,    0.0000000000E+00,    0.0000000000E+00,    0.0000000000E+00,    1.2588908863E+02
    114200,      0.676940,CP1_after_deposition,   1,    0.0000000000E+00,    1.2588908863E+02,    1.2588908863E+02,    0.0000000000E+00,    0.0000000000E+00,    0.0000000000E+00,    1.2588908863E+02
    114200,      0.676940,CP2_after_erosion,   1,    0.0000000000E+00,    1.2588908863E+02,    1.2588908863E+02,    0.0000000000E+00,    0.0000000000E+00,    0.0000000000E+00,    1.2588908863E+02
    114200,      0.676940,CP3_after_update_bottom,   1,    0.0000000000E+00,    1.2588908863E+02,    1.2588908863E+02,    0.0000000000E+00,    0.0000000000E+00,    0.0000000000E+00,    1.2588908863E+02
    114200,      0.676940,CP4_after_advection,   1,    0.0000000000E+00,    1.2588636379E+02,    1.2588636379E+02,    0.0000000000E+00,    0.0000000000E+00,    0.0000000000E+00,    1.2588636379E+02
    114200,      0.676940,CP5_after_vdif,   1,    0.0000000000E+00,    1.2588636379E+02,    1.2588636379E+02,    0.0000000000E+00,    0.0000000000E+00,    0.0000000000E+00,    1.2588636379E+02
    114200,      0.676940,CP6_after_kinetics,   1,    0.0000000000E+00,    1.2588636379E+02,    1.2588636379E+02,    0.0000000000E+00,    0.0000000000E+00,    0.0000000000E+00,    1.2588636379E+02
    114200,      0.676940,CP7_after_upper_clamp,   1,    0.0000000000E+00,    1.2588636379E+02,    1.2588636379E+02,    0.0000000000E+00,    0.0000000000E+00,    0.0000000000E+00,    1.2588636379E+02
    114200,      0.676940,CP8_after_OBC,   1,    0.0000000000E+00,    1.2588636379E+02,    1.2588636379E+02,    0.0000000000E+00,    0.0000000000E+00,    0.0000000000E+00,    1.2588636379E+02
    114200,      0.676940,CP9_after_PTsource,   1,    0.0000000000E+00,    1.2588636379E+02,    1.2588636379E+02,    0.0000000000E+00,    0.0000000000E+00,    0.0000000000E+00,    1.2588636379E+02
    114200,      0.676940,CP10_after_neg_clamp,   1,    0.0000000000E+00,    1.2588636379E+02,    1.2588636379E+02,    0.0000000000E+00,    0.0000000000E+00,    0.0000000000E+00,    1.2588636379E+02
    114200,      0.676940,CP11_after_MPI,   1,    0.0000000000E+00,    1.2588636379E+02,    1.2588636379E+02,    0.0000000000E+00,    0.0000000000E+00,    0.0000000000E+00,    1.2588636379E+02
    114200,      0.676940,CP12_end,   1,    0.0000000000E+00,    1.2588636379E+02,    1.2588636379E+02,    0.0000000000E+00,    0.0000000000E+00,    0.0000000000E+00,    1.2588636379E+02
    114250,      0.676940,CP0_start,   1,    0.0000000000E+00,    1.2597194338E+02,    1.2597194338E+02,    0.0000000000E+00,    0.0000000000E+00,    0.0000000000E+00,    1.2597194338E+02
    114250,      0.676940,CP1_after_deposition,   1,    0.0000000000E+00,    1.2597194338E+02,    1.2597194338E+02,    0.0000000000E+00,    0.0000000000E+00,    0.0000000000E+00,    1.2597194338E+02
    114250,      0.676940,CP2_after_erosion,   1,    0.0000000000E+00,    1.2597194338E+02,    1.2597194338E+02,    0.0000000000E+00,    0.0000000000E+00,    0.0000000000E+00,    1.2597194338E+02
    114250,      0.676940,CP3_after_update_bottom,   1,    0.0000000000E+00,    1.2597194338E+02,    1.2597194338E+02,    0.0000000000E+00,    0.0000000000E+00,    0.0000000000E+00,    1.2597194338E+02
    114250,      0.676940,CP4_after_advection,   1,    0.0000000000E+00,    1.2596927999E+02,    1.2596927999E+02,    0.0000000000E+00,    0.0000000000E+00,    0.0000000000E+00,    1.2596927999E+02
    114250,      0.676940,CP5_after_vdif,   1,    0.0000000000E+00,    1.2596927999E+02,    1.2596927999E+02,    0.0000000000E+00,    0.0000000000E+00,    0.0000000000E+00,    1.2596927999E+02
    114250,      0.676940,CP6_after_kinetics,   1,    0.0000000000E+00,    1.2596927999E+02,    1.2596927999E+02,    0.0000000000E+00,    0.0000000000E+00,    0.0000000000E+00,    1.2596927999E+02
    114250,      0.676940,CP7_after_upper_clamp,   1,    0.0000000000E+00,    1.2596927999E+02,    1.2596927999E+02,    0.0000000000E+00,    0.0000000000E+00,    0.0000000000E+00,    1.2596927999E+02
    114250,      0.676940,CP8_after_OBC,   1,    0.0000000000E+00,    1.2596927999E+02,    1.2596927999E+02,    0.0000000000E+00,    0.0000000000E+00,    0.0000000000E+00,    1.2596927999E+02
    114250,      0.676940,CP9_after_PTsource,   1,    0.0000000000E+00,    1.2596927999E+02,    1.2596927999E+02,    0.0000000000E+00,    0.0000000000E+00,    0.0000000000E+00,    1.2596927999E+02
    114250,      0.676940,CP10_after_neg_clamp,   1,    0.0000000000E+00,    1.2596927999E+02,    1.2596927999E+02,    0.0000000000E+00,    0.0000000000E+00,    0.0000000000E+00,    1.2596927999E+02
    114250,      0.676940,CP11_after_MPI,   1,    0.0000000000E+00,    1.2596927999E+02,    1.2596927999E+02,    0.0000000000E+00,    0.0000000000E+00,    0.0000000000E+00,    1.2596927999E+02
    114250,      0.676940,CP12_end,   1,    0.0000000000E+00,    1.2596927999E+02,    1.2596927999E+02,    0.0000000000E+00,    0.0000000000E+00,    0.0000000000E+00,    1.2596927999E+02
    114300,      0.676940,CP0_start,   1,    0.0000000000E+00,    1.2605525279E+02,    1.2605525279E+02,    0.0000000000E+00,    0.0000000000E+00,    0.0000000000E+00,    1.2605525279E+02
    114300,      0.676940,CP1_after_deposition,   1,    0.0000000000E+00,    1.2605525279E+02,    1.2605525279E+02,    0.0000000000E+00,    0.0000000000E+00,    0.0000000000E+00,    1.2605525279E+02
    114300,      0.676940,CP2_after_erosion,   1,    0.0000000000E+00,    1.2605525279E+02,    1.2605525279E+02,    0.0000000000E+00,    0.0000000000E+00,    0.0000000000E+00,    1.2605525279E+02
    114300,      0.676940,CP3_after_update_bottom,   1,    0.0000000000E+00,    1.2605525279E+02,    1.2605525279E+02,    0.0000000000E+00,    0.0000000000E+00,    0.0000000000E+00,    1.2605525279E+02
    114300,      0.676940,CP4_after_advection,   1,    0.0000000000E+00,    1.2605265423E+02,    1.2605265423E+02,    0.0000000000E+00,    0.0000000000E+00,    0.0000000000E+00,    1.2605265423E+02
    114300,      0.676940,CP5_after_vdif,   1,    0.0000000000E+00,    1.2605265423E+02,    1.2605265423E+02,    0.0000000000E+00,    0.0000000000E+00,    0.0000000000E+00,    1.2605265423E+02
    114300,      0.676940,CP6_after_kinetics,   1,    0.0000000000E+00,    1.2605265423E+02,    1.2605265423E+02,    0.0000000000E+00,    0.0000000000E+00,    0.0000000000E+00,    1.2605265423E+02
    114300,      0.676940,CP7_after_upper_clamp,   1,    0.0000000000E+00,    1.2605265423E+02,    1.2605265423E+02,    0.0000000000E+00,    0.0000000000E+00,    0.0000000000E+00,    1.2605265423E+02
    114300,      0.676940,CP8_after_OBC,   1,    0.0000000000E+00,    1.2605265423E+02,    1.2605265423E+02,    0.0000000000E+00,    0.0000000000E+00,    0.0000000000E+00,    1.2605265423E+02
    114300,      0.676940,CP9_after_PTsource,   1,    0.0000000000E+00,    1.2605265423E+02,    1.2605265423E+02,    0.0000000000E+00,    0.0000000000E+00,    0.0000000000E+00,    1.2605265423E+02
    114300,      0.676940,CP10_after_neg_clamp,   1,    0.0000000000E+00,    1.2605265423E+02,    1.2605265423E+02,    0.0000000000E+00,    0.0000000000E+00,    0.0000000000E+00,    1.2605265423E+02
    114300,      0.676940,CP11_after_MPI,   1,    0.0000000000E+00,    1.2605265423E+02,    1.2605265423E+02,    0.0000000000E+00,    0.0000000000E+00,    0.0000000000E+00,    1.2605265423E+02
    114300,      0.676940,CP12_end,   1,    0.0000000000E+00,    1.2605265423E+02,    1.2605265423E+02,    0.0000000000E+00,    0.0000000000E+00,    0.0000000000E+00,    1.2605265423E+02
    114350,      0.676940,CP0_start,   1,    0.0000000000E+00,    1.2613849699E+02,    1.2613849699E+02,    0.0000000000E+00,    0.0000000000E+00,    0.0000000000E+00,    1.2613849699E+02
    114350,      0.676940,CP1_after_deposition,   1,    0.0000000000E+00,    1.2613849699E+02,    1.2613849699E+02,    0.0000000000E+00,    0.0000000000E+00,    0.0000000000E+00,    1.2613849699E+02
    114350,      0.676940,CP2_after_erosion,   1,    0.0000000000E+00,    1.2613849699E+02,    1.2613849699E+02,    0.0000000000E+00,    0.0000000000E+00,    0.0000000000E+00,    1.2613849699E+02
    114350,      0.676940,CP3_after_update_bottom,   1,    0.0000000000E+00,    1.2613849699E+02,    1.2613849699E+02,    0.0000000000E+00,    0.0000000000E+00,    0.0000000000E+00,    1.2613849699E+02
    114350,      0.676940,CP4_after_advection,   1,    0.0000000000E+00,    1.2613596383E+02,    1.2613596383E+02,    0.0000000000E+00,    0.0000000000E+00,    0.0000000000E+00,    1.2613596383E+02
    114350,      0.676940,CP5_after_vdif,   1,    0.0000000000E+00,    1.2613596383E+02,    1.2613596383E+02,    0.0000000000E+00,    0.0000000000E+00,    0.0000000000E+00,    1.2613596383E+02
    114350,      0.676940,CP6_after_kinetics,   1,    0.0000000000E+00,    1.2613596383E+02,    1.2613596383E+02,    0.0000000000E+00,    0.0000000000E+00,    0.0000000000E+00,    1.2613596383E+02
    114350,      0.676940,CP7_after_upper_clamp,   1,    0.0000000000E+00,    1.2613596383E+02,    1.2613596383E+02,    0.0000000000E+00,    0.0000000000E+00,    0.0000000000E+00,    1.2613596383E+02
    114350,      0.676940,CP8_after_OBC,   1,    0.0000000000E+00,    1.2613596383E+02,    1.2613596383E+02,    0.0000000000E+00,    0.0000000000E+00,    0.0000000000E+00,    1.2613596383E+02
    114350,      0.676940,CP9_after_PTsource,   1,    0.0000000000E+00,    1.2613596383E+02,    1.2613596383E+02,    0.0000000000E+00,    0.0000000000E+00,    0.0000000000E+00,    1.2613596383E+02
    114350,      0.676940,CP10_after_neg_clamp,   1,    0.0000000000E+00,    1.2613596383E+02,    1.2613596383E+02,    0.0000000000E+00,    0.0000000000E+00,    0.0000000000E+00,    1.2613596383E+02
    114350,      0.676940,CP11_after_MPI,   1,    0.0000000000E+00,    1.2613596383E+02,    1.2613596383E+02,    0.0000000000E+00,    0.0000000000E+00,    0.0000000000E+00,    1.2613596383E+02
    114350,      0.676940,CP12_end,   1,    0.0000000000E+00,    1.2613596383E+02,    1.2613596383E+02,    0.0000000000E+00,    0.0000000000E+00,    0.0000000000E+00,    1.2613596383E+02
    114400,      0.676940,CP0_start,   1,    0.0000000000E+00,    1.2622226281E+02,    1.2622226281E+02,    0.0000000000E+00,    0.0000000000E+00,    0.0000000000E+00,    1.2622226281E+02
    114400,      0.676940,CP1_after_deposition,   1,    0.0000000000E+00,    1.2622226281E+02,    1.2622226281E+02,    0.0000000000E+00,    0.0000000000E+00,    0.0000000000E+00,    1.2622226281E+02
    114400,      0.676940,CP2_after_erosion,   1,    0.0000000000E+00,    1.2622226281E+02,    1.2622226281E+02,    0.0000000000E+00,    0.0000000000E+00,    0.0000000000E+00,    1.2622226281E+02
    114400,      0.676940,CP3_after_update_bottom,   1,    0.0000000000E+00,    1.2622226281E+02,    1.2622226281E+02,    0.0000000000E+00,    0.0000000000E+00,    0.0000000000E+00,    1.2622226281E+02
    114400,      0.676940,CP4_after_advection,   1,    0.0000000000E+00,    1.2621979438E+02,    1.2621979438E+02,    0.0000000000E+00,    0.0000000000E+00,    0.0000000000E+00,    1.2621979438E+02
    114400,      0.676940,CP5_after_vdif,   1,    0.0000000000E+00,    1.2621979438E+02,    1.2621979438E+02,    0.0000000000E+00,    0.0000000000E+00,    0.0000000000E+00,    1.2621979438E+02
    114400,      0.676940,CP6_after_kinetics,   1,    0.0000000000E+00,    1.2621979438E+02,    1.2621979438E+02,    0.0000000000E+00,    0.0000000000E+00,    0.0000000000E+00,    1.2621979438E+02
    114400,      0.676940,CP7_after_upper_clamp,   1,    0.0000000000E+00,    1.2621979438E+02,    1.2621979438E+02,    0.0000000000E+00,    0.0000000000E+00,    0.0000000000E+00,    1.2621979438E+02
    114400,      0.676940,CP8_after_OBC,   1,    0.0000000000E+00,    1.2621979438E+02,    1.2621979438E+02,    0.0000000000E+00,    0.0000000000E+00,    0.0000000000E+00,    1.2621979438E+02
    114400,      0.676940,CP9_after_PTsource,   1,    0.0000000000E+00,    1.2621979438E+02,    1.2621979438E+02,    0.0000000000E+00,    0.0000000000E+00,    0.0000000000E+00,    1.2621979438E+02
    114400,      0.676940,CP10_after_neg_clamp,   1,    0.0000000000E+00,    1.2621979438E+02,    1.2621979438E+02,    0.0000000000E+00,    0.0000000000E+00,    0.0000000000E+00,    1.2621979438E+02
    114400,      0.676940,CP11_after_MPI,   1,    0.0000000000E+00,    1.2621979438E+02,    1.2621979438E+02,    0.0000000000E+00,    0.0000000000E+00,    0.0000000000E+00,    1.2621979438E+02
    114400,      0.676940,CP12_end,   1,    0.0000000000E+00,    1.2621979438E+02,    1.2621979438E+02,    0.0000000000E+00,    0.0000000000E+00,    0.0000000000E+00,    1.2621979438E+02
    114450,      0.676940,CP0_start,   1,    0.0000000000E+00,    1.2630656250E+02,    1.2630656250E+02,    0.0000000000E+00,    0.0000000000E+00,    0.0000000000E+00,    1.2630656250E+02
    114450,      0.676940,CP1_after_deposition,   1,    0.0000000000E+00,    1.2630656250E+02,    1.2630656250E+02,    0.0000000000E+00,    0.0000000000E+00,    0.0000000000E+00,    1.2630656250E+02
    114450,      0.676940,CP2_after_erosion,   1,    0.0000000000E+00,    1.2630656250E+02,    1.2630656250E+02,    0.0000000000E+00,    0.0000000000E+00,    0.0000000000E+00,    1.2630656250E+02
    114450,      0.676940,CP3_after_update_bottom,   1,    0.0000000000E+00,    1.2630656250E+02,    1.2630656250E+02,    0.0000000000E+00,    0.0000000000E+00,    0.0000000000E+00,    1.2630656250E+02
    114450,      0.676940,CP4_after_advection,   1,    0.0000000000E+00,    1.2630415807E+02,    1.2630415807E+02,    0.0000000000E+00,    0.0000000000E+00,    0.0000000000E+00,    1.2630415807E+02
    114450,      0.676940,CP5_after_vdif,   1,    0.0000000000E+00,    1.2630415807E+02,    1.2630415807E+02,    0.0000000000E+00,    0.0000000000E+00,    0.0000000000E+00,    1.2630415807E+02
    114450,      0.676940,CP6_after_kinetics,   1,    0.0000000000E+00,    1.2630415807E+02,    1.2630415807E+02,    0.0000000000E+00,    0.0000000000E+00,    0.0000000000E+00,    1.2630415807E+02
    114450,      0.676940,CP7_after_upper_clamp,   1,    0.0000000000E+00,    1.2630415807E+02,    1.2630415807E+02,    0.0000000000E+00,    0.0000000000E+00,    0.0000000000E+00,    1.2630415807E+02
    114450,      0.676940,CP8_after_OBC,   1,    0.0000000000E+00,    1.2630415807E+02,    1.2630415807E+02,    0.0000000000E+00,    0.0000000000E+00,    0.0000000000E+00,    1.2630415807E+02
    114450,      0.676940,CP9_after_PTsource,   1,    0.0000000000E+00,    1.2630415807E+02,    1.2630415807E+02,    0.0000000000E+00,    0.0000000000E+00,    0.0000000000E+00,    1.2630415807E+02
    114450,      0.676940,CP10_after_neg_clamp,   1,    0.0000000000E+00,    1.2630415807E+02,    1.2630415807E+02,    0.0000000000E+00,    0.0000000000E+00,    0.0000000000E+00,    1.2630415807E+02
    114450,      0.676940,CP11_after_MPI,   1,    0.0000000000E+00,    1.2630415807E+02,    1.2630415807E+02,    0.0000000000E+00,    0.0000000000E+00,    0.0000000000E+00,    1.2630415807E+02
    114450,      0.676940,CP12_end,   1,    0.0000000000E+00,    1.2630415807E+02,    1.2630415807E+02,    0.0000000000E+00,    0.0000000000E+00,    0.0000000000E+00,    1.2630415807E+02
    114500,      0.676940,CP0_start,   1,    0.0000000000E+00,    1.2639150162E+02,    1.2639150162E+02,    0.0000000000E+00,    0.0000000000E+00,    0.0000000000E+00,    1.2639150162E+02
    114500,      0.676940,CP1_after_deposition,   1,    0.0000000000E+00,    1.2639150162E+02,    1.2639150162E+02,    0.0000000000E+00,    0.0000000000E+00,    0.0000000000E+00,    1.2639150162E+02
    114500,      0.676940,CP2_after_erosion,   1,    0.0000000000E+00,    1.2639150162E+02,    1.2639150162E+02,    0.0000000000E+00,    0.0000000000E+00,    0.0000000000E+00,    1.2639150162E+02
    114500,      0.676940,CP3_after_update_bottom,   1,    0.0000000000E+00,    1.2639150162E+02,    1.2639150162E+02,    0.0000000000E+00,    0.0000000000E+00,    0.0000000000E+00,    1.2639150162E+02
    114500,      0.676940,CP4_after_advection,   1,    0.0000000000E+00,    1.2638916230E+02,    1.2638916230E+02,    0.0000000000E+00,    0.0000000000E+00,    0.0000000000E+00,    1.2638916230E+02
    114500,      0.676940,CP5_after_vdif,   1,    0.0000000000E+00,    1.2638916230E+02,    1.2638916230E+02,    0.0000000000E+00,    0.0000000000E+00,    0.0000000000E+00,    1.2638916230E+02
    114500,      0.676940,CP6_after_kinetics,   1,    0.0000000000E+00,    1.2638916230E+02,    1.2638916230E+02,    0.0000000000E+00,    0.0000000000E+00,    0.0000000000E+00,    1.2638916230E+02
    114500,      0.676940,CP7_after_upper_clamp,   1,    0.0000000000E+00,    1.2638916230E+02,    1.2638916230E+02,    0.0000000000E+00,    0.0000000000E+00,    0.0000000000E+00,    1.2638916230E+02
    114500,      0.676940,CP8_after_OBC,   1,    0.0000000000E+00,    1.2638916230E+02,    1.2638916230E+02,    0.0000000000E+00,    0.0000000000E+00,    0.0000000000E+00,    1.2638916230E+02
    114500,      0.676940,CP9_after_PTsource,   1,    0.0000000000E+00,    1.2638916230E+02,    1.2638916230E+02,    0.0000000000E+00,    0.0000000000E+00,    0.0000000000E+00,    1.2638916230E+02
    114500,      0.676940,CP10_after_neg_clamp,   1,    0.0000000000E+00,    1.2638916230E+02,    1.2638916230E+02,    0.0000000000E+00,    0.0000000000E+00,    0.0000000000E+00,    1.2638916230E+02
    114500,      0.676940,CP11_after_MPI,   1,    0.0000000000E+00,    1.2638916230E+02,    1.2638916230E+02,    0.0000000000E+00,    0.0000000000E+00,    0.0000000000E+00,    1.2638916230E+02
    114500,      0.676940,CP12_end,   1,    0.0000000000E+00,    1.2638916230E+02,    1.2638916230E+02,    0.0000000000E+00,    0.0000000000E+00,    0.0000000000E+00,    1.2638916230E+02
    114550,      0.676940,CP0_start,   1,    0.0000000000E+00,    1.2647704793E+02,    1.2647704793E+02,    0.0000000000E+00,    0.0000000000E+00,    0.0000000000E+00,    1.2647704793E+02
    114550,      0.676940,CP1_after_deposition,   1,    0.0000000000E+00,    1.2647704793E+02,    1.2647704793E+02,    0.0000000000E+00,    0.0000000000E+00,    0.0000000000E+00,    1.2647704793E+02
    114550,      0.676940,CP2_after_erosion,   1,    0.0000000000E+00,    1.2647704793E+02,    1.2647704793E+02,    0.0000000000E+00,    0.0000000000E+00,    0.0000000000E+00,    1.2647704793E+02
    114550,      0.676940,CP3_after_update_bottom,   1,    0.0000000000E+00,    1.2647704793E+02,    1.2647704793E+02,    0.0000000000E+00,    0.0000000000E+00,    0.0000000000E+00,    1.2647704793E+02
    114550,      0.676940,CP4_after_advection,   1,    0.0000000000E+00,    1.2647477355E+02,    1.2647477355E+02,    0.0000000000E+00,    0.0000000000E+00,    0.0000000000E+00,    1.2647477355E+02
    114550,      0.676940,CP5_after_vdif,   1,    0.0000000000E+00,    1.2647477355E+02,    1.2647477355E+02,    0.0000000000E+00,    0.0000000000E+00,    0.0000000000E+00,    1.2647477355E+02
    114550,      0.676940,CP6_after_kinetics,   1,    0.0000000000E+00,    1.2647477355E+02,    1.2647477355E+02,    0.0000000000E+00,    0.0000000000E+00,    0.0000000000E+00,    1.2647477355E+02
    114550,      0.676940,CP7_after_upper_clamp,   1,    0.0000000000E+00,    1.2647477355E+02,    1.2647477355E+02,    0.0000000000E+00,    0.0000000000E+00,    0.0000000000E+00,    1.2647477355E+02
    114550,      0.676940,CP8_after_OBC,   1,    0.0000000000E+00,    1.2647477355E+02,    1.2647477355E+02,    0.0000000000E+00,    0.0000000000E+00,    0.0000000000E+00,    1.2647477355E+02
    114550,      0.676940,CP9_after_PTsource,   1,    0.0000000000E+00,    1.2647477355E+02,    1.2647477355E+02,    0.0000000000E+00,    0.0000000000E+00,    0.0000000000E+00,    1.2647477355E+02
    114550,      0.676940,CP10_after_neg_clamp,   1,    0.0000000000E+00,    1.2647477355E+02,    1.2647477355E+02,    0.0000000000E+00,    0.0000000000E+00,    0.0000000000E+00,    1.2647477355E+02
    114550,      0.676940,CP11_after_MPI,   1,    0.0000000000E+00,    1.2647477355E+02,    1.2647477355E+02,    0.0000000000E+00,    0.0000000000E+00,    0.0000000000E+00,    1.2647477355E+02
    114550,      0.676940,CP12_end,   1,    0.0000000000E+00,    1.2647477355E+02,    1.2647477355E+02,    0.0000000000E+00,    0.0000000000E+00,    0.0000000000E+00,    1.2647477355E+02
    114600,      0.676940,CP0_start,   1,    0.0000000000E+00,    1.2656321393E+02,    1.2656321393E+02,    0.0000000000E+00,    0.0000000000E+00,    0.0000000000E+00,    1.2656321393E+02
    114600,      0.676940,CP1_after_deposition,   1,    0.0000000000E+00,    1.2656321393E+02,    1.2656321393E+02,    0.0000000000E+00,    0.0000000000E+00,    0.0000000000E+00,    1.2656321393E+02
    114600,      0.676940,CP2_after_erosion,   1,    0.0000000000E+00,    1.2656321393E+02,    1.2656321393E+02,    0.0000000000E+00,    0.0000000000E+00,    0.0000000000E+00,    1.2656321393E+02
    114600,      0.676940,CP3_after_update_bottom,   1,    0.0000000000E+00,    1.2656321393E+02,    1.2656321393E+02,    0.0000000000E+00,    0.0000000000E+00,    0.0000000000E+00,    1.2656321393E+02
    114600,      0.676940,CP4_after_advection,   1,    0.0000000000E+00,    1.2656100425E+02,    1.2656100425E+02,    0.0000000000E+00,    0.0000000000E+00,    0.0000000000E+00,    1.2656100425E+02
    114600,      0.676940,CP5_after_vdif,   1,    0.0000000000E+00,    1.2656100425E+02,    1.2656100425E+02,    0.0000000000E+00,    0.0000000000E+00,    0.0000000000E+00,    1.2656100425E+02
    114600,      0.676940,CP6_after_kinetics,   1,    0.0000000000E+00,    1.2656100425E+02,    1.2656100425E+02,    0.0000000000E+00,    0.0000000000E+00,    0.0000000000E+00,    1.2656100425E+02
    114600,      0.676940,CP7_after_upper_clamp,   1,    0.0000000000E+00,    1.2656100425E+02,    1.2656100425E+02,    0.0000000000E+00,    0.0000000000E+00,    0.0000000000E+00,    1.2656100425E+02
    114600,      0.676940,CP8_after_OBC,   1,    0.0000000000E+00,    1.2656100425E+02,    1.2656100425E+02,    0.0000000000E+00,    0.0000000000E+00,    0.0000000000E+00,    1.2656100425E+02
    114600,      0.676940,CP9_after_PTsource,   1,    0.0000000000E+00,    1.2656100425E+02,    1.2656100425E+02,    0.0000000000E+00,    0.0000000000E+00,    0.0000000000E+00,    1.2656100425E+02
    114600,      0.676940,CP10_after_neg_clamp,   1,    0.0000000000E+00,    1.2656100425E+02,    1.2656100425E+02,    0.0000000000E+00,    0.0000000000E+00,    0.0000000000E+00,    1.2656100425E+02
    114600,      0.676940,CP11_after_MPI,   1,    0.0000000000E+00,    1.2656100425E+02,    1.2656100425E+02,    0.0000000000E+00,    0.0000000000E+00,    0.0000000000E+00,    1.2656100425E+02
    114600,      0.676940,CP12_end,   1,    0.0000000000E+00,    1.2656100425E+02,    1.2656100425E+02,    0.0000000000E+00,    0.0000000000E+00,    0.0000000000E+00,    1.2656100425E+02
    114650,      0.676940,CP0_start,   1,    0.0000000000E+00,    1.2665003535E+02,    1.2665003535E+02,    0.0000000000E+00,    0.0000000000E+00,    0.0000000000E+00,    1.2665003535E+02
    114650,      0.676940,CP1_after_deposition,   1,    0.0000000000E+00,    1.2665003535E+02,    1.2665003535E+02,    0.0000000000E+00,    0.0000000000E+00,    0.0000000000E+00,    1.2665003535E+02
    114650,      0.676940,CP2_after_erosion,   1,    0.0000000000E+00,    1.2665003535E+02,    1.2665003535E+02,    0.0000000000E+00,    0.0000000000E+00,    0.0000000000E+00,    1.2665003535E+02
    114650,      0.676940,CP3_after_update_bottom,   1,    0.0000000000E+00,    1.2665003535E+02,    1.2665003535E+02,    0.0000000000E+00,    0.0000000000E+00,    0.0000000000E+00,    1.2665003535E+02
    114650,      0.676940,CP4_after_advection,   1,    0.0000000000E+00,    1.2664789064E+02,    1.2664789064E+02,    0.0000000000E+00,    0.0000000000E+00,    0.0000000000E+00,    1.2664789064E+02
    114650,      0.676940,CP5_after_vdif,   1,    0.0000000000E+00,    1.2664789064E+02,    1.2664789064E+02,    0.0000000000E+00,    0.0000000000E+00,    0.0000000000E+00,    1.2664789064E+02
    114650,      0.676940,CP6_after_kinetics,   1,    0.0000000000E+00,    1.2664789064E+02,    1.2664789064E+02,    0.0000000000E+00,    0.0000000000E+00,    0.0000000000E+00,    1.2664789064E+02
    114650,      0.676940,CP7_after_upper_clamp,   1,    0.0000000000E+00,    1.2664789064E+02,    1.2664789064E+02,    0.0000000000E+00,    0.0000000000E+00,    0.0000000000E+00,    1.2664789064E+02
    114650,      0.676940,CP8_after_OBC,   1,    0.0000000000E+00,    1.2664789064E+02,    1.2664789064E+02,    0.0000000000E+00,    0.0000000000E+00,    0.0000000000E+00,    1.2664789064E+02
    114650,      0.676940,CP9_after_PTsource,   1,    0.0000000000E+00,    1.2664789064E+02,    1.2664789064E+02,    0.0000000000E+00,    0.0000000000E+00,    0.0000000000E+00,    1.2664789064E+02
    114650,      0.676940,CP10_after_neg_clamp,   1,    0.0000000000E+00,    1.2664789064E+02,    1.2664789064E+02,    0.0000000000E+00,    0.0000000000E+00,    0.0000000000E+00,    1.2664789064E+02
    114650,      0.676940,CP11_after_MPI,   1,    0.0000000000E+00,    1.2664789064E+02,    1.2664789064E+02,    0.0000000000E+00,    0.0000000000E+00,    0.0000000000E+00,    1.2664789064E+02
    114650,      0.676940,CP12_end,   1,    0.0000000000E+00,    1.2664789064E+02,    1.2664789064E+02,    0.0000000000E+00,    0.0000000000E+00,    0.0000000000E+00,    1.2664789064E+02
    114700,      0.676940,CP0_start,   1,    0.0000000000E+00,    1.2673754319E+02,    1.2673754319E+02,    0.0000000000E+00,    0.0000000000E+00,    0.0000000000E+00,    1.2673754319E+02
    114700,      0.676940,CP1_after_deposition,   1,    0.0000000000E+00,    1.2673754319E+02,    1.2673754319E+02,    0.0000000000E+00,    0.0000000000E+00,    0.0000000000E+00,    1.2673754319E+02
    114700,      0.676940,CP2_after_erosion,   1,    0.0000000000E+00,    1.2673754319E+02,    1.2673754319E+02,    0.0000000000E+00,    0.0000000000E+00,    0.0000000000E+00,    1.2673754319E+02
    114700,      0.676940,CP3_after_update_bottom,   1,    0.0000000000E+00,    1.2673754319E+02,    1.2673754319E+02,    0.0000000000E+00,    0.0000000000E+00,    0.0000000000E+00,    1.2673754319E+02
    114700,      0.676940,CP4_after_advection,   1,    0.0000000000E+00,    1.2673546127E+02,    1.2673546127E+02,    0.0000000000E+00,    0.0000000000E+00,    0.0000000000E+00,    1.2673546127E+02
    114700,      0.676940,CP5_after_vdif,   1,    0.0000000000E+00,    1.2673546127E+02,    1.2673546127E+02,    0.0000000000E+00,    0.0000000000E+00,    0.0000000000E+00,    1.2673546127E+02
    114700,      0.676940,CP6_after_kinetics,   1,    0.0000000000E+00,    1.2673546127E+02,    1.2673546127E+02,    0.0000000000E+00,    0.0000000000E+00,    0.0000000000E+00,    1.2673546127E+02
    114700,      0.676940,CP7_after_upper_clamp,   1,    0.0000000000E+00,    1.2673546127E+02,    1.2673546127E+02,    0.0000000000E+00,    0.0000000000E+00,    0.0000000000E+00,    1.2673546127E+02
    114700,      0.676940,CP8_after_OBC,   1,    0.0000000000E+00,    1.2673546127E+02,    1.2673546127E+02,    0.0000000000E+00,    0.0000000000E+00,    0.0000000000E+00,    1.2673546127E+02
    114700,      0.676940,CP9_after_PTsource,   1,    0.0000000000E+00,    1.2673546127E+02,    1.2673546127E+02,    0.0000000000E+00,    0.0000000000E+00,    0.0000000000E+00,    1.2673546127E+02
    114700,      0.676940,CP10_after_neg_clamp,   1,    0.0000000000E+00,    1.2673546127E+02,    1.2673546127E+02,    0.0000000000E+00,    0.0000000000E+00,    0.0000000000E+00,    1.2673546127E+02
    114700,      0.676940,CP11_after_MPI,   1,    0.0000000000E+00,    1.2673546127E+02,    1.2673546127E+02,    0.0000000000E+00,    0.0000000000E+00,    0.0000000000E+00,    1.2673546127E+02
    114700,      0.676940,CP12_end,   1,    0.0000000000E+00,    1.2673546127E+02,    1.2673546127E+02,    0.0000000000E+00,    0.0000000000E+00,    0.0000000000E+00,    1.2673546127E+02
    114750,      0.676940,CP0_start,   1,    0.0000000000E+00,    1.2682568147E+02,    1.2682568147E+02,    0.0000000000E+00,    0.0000000000E+00,    0.0000000000E+00,    1.2682568147E+02
    114750,      0.676940,CP1_after_deposition,   1,    0.0000000000E+00,    1.2682568147E+02,    1.2682568147E+02,    0.0000000000E+00,    0.0000000000E+00,    0.0000000000E+00,    1.2682568147E+02
    114750,      0.676940,CP2_after_erosion,   1,    0.0000000000E+00,    1.2682568147E+02,    1.2682568147E+02,    0.0000000000E+00,    0.0000000000E+00,    0.0000000000E+00,    1.2682568147E+02
    114750,      0.676940,CP3_after_update_bottom,   1,    0.0000000000E+00,    1.2682568147E+02,    1.2682568147E+02,    0.0000000000E+00,    0.0000000000E+00,    0.0000000000E+00,    1.2682568147E+02
    114750,      0.676940,CP4_after_advection,   1,    0.0000000000E+00,    1.2682365881E+02,    1.2682365881E+02,    0.0000000000E+00,    0.0000000000E+00,    0.0000000000E+00,    1.2682365881E+02
    114750,      0.676940,CP5_after_vdif,   1,    0.0000000000E+00,    1.2682365881E+02,    1.2682365881E+02,    0.0000000000E+00,    0.0000000000E+00,    0.0000000000E+00,    1.2682365881E+02
    114750,      0.676940,CP6_after_kinetics,   1,    0.0000000000E+00,    1.2682365881E+02,    1.2682365881E+02,    0.0000000000E+00,    0.0000000000E+00,    0.0000000000E+00,    1.2682365881E+02
    114750,      0.676940,CP7_after_upper_clamp,   1,    0.0000000000E+00,    1.2682365881E+02,    1.2682365881E+02,    0.0000000000E+00,    0.0000000000E+00,    0.0000000000E+00,    1.2682365881E+02
    114750,      0.676940,CP8_after_OBC,   1,    0.0000000000E+00,    1.2682365881E+02,    1.2682365881E+02,    0.0000000000E+00,    0.0000000000E+00,    0.0000000000E+00,    1.2682365881E+02
    114750,      0.676940,CP9_after_PTsource,   1,    0.0000000000E+00,    1.2682365881E+02,    1.2682365881E+02,    0.0000000000E+00,    0.0000000000E+00,    0.0000000000E+00,    1.2682365881E+02
    114750,      0.676940,CP10_after_neg_clamp,   1,    0.0000000000E+00,    1.2682365881E+02,    1.2682365881E+02,    0.0000000000E+00,    0.0000000000E+00,    0.0000000000E+00,    1.2682365881E+02
    114750,      0.676940,CP11_after_MPI,   1,    0.0000000000E+00,    1.2682365881E+02,    1.2682365881E+02,    0.0000000000E+00,    0.0000000000E+00,    0.0000000000E+00,    1.2682365881E+02
    114750,      0.676940,CP12_end,   1,    0.0000000000E+00,    1.2682365881E+02,    1.2682365881E+02,    0.0000000000E+00,    0.0000000000E+00,    0.0000000000E+00,    1.2682365881E+02
    114800,      0.676940,CP0_start,   1,    0.0000000000E+00,    1.2691432363E+02,    1.2691432363E+02,    0.0000000000E+00,    0.0000000000E+00,    0.0000000000E+00,    1.2691432363E+02
    114800,      0.676940,CP1_after_deposition,   1,    0.0000000000E+00,    1.2691432363E+02,    1.2691432363E+02,    0.0000000000E+00,    0.0000000000E+00,    0.0000000000E+00,    1.2691432363E+02
    114800,      0.676940,CP2_after_erosion,   1,    0.0000000000E+00,    1.2691432363E+02,    1.2691432363E+02,    0.0000000000E+00,    0.0000000000E+00,    0.0000000000E+00,    1.2691432363E+02
    114800,      0.676940,CP3_after_update_bottom,   1,    0.0000000000E+00,    1.2691432363E+02,    1.2691432363E+02,    0.0000000000E+00,    0.0000000000E+00,    0.0000000000E+00,    1.2691432363E+02
    114800,      0.676940,CP4_after_advection,   1,    0.0000000000E+00,    1.2691236146E+02,    1.2691236146E+02,    0.0000000000E+00,    0.0000000000E+00,    0.0000000000E+00,    1.2691236146E+02
    114800,      0.676940,CP5_after_vdif,   1,    0.0000000000E+00,    1.2691236146E+02,    1.2691236146E+02,    0.0000000000E+00,    0.0000000000E+00,    0.0000000000E+00,    1.2691236146E+02
    114800,      0.676940,CP6_after_kinetics,   1,    0.0000000000E+00,    1.2691236146E+02,    1.2691236146E+02,    0.0000000000E+00,    0.0000000000E+00,    0.0000000000E+00,    1.2691236146E+02
    114800,      0.676940,CP7_after_upper_clamp,   1,    0.0000000000E+00,    1.2691236146E+02,    1.2691236146E+02,    0.0000000000E+00,    0.0000000000E+00,    0.0000000000E+00,    1.2691236146E+02
    114800,      0.676940,CP8_after_OBC,   1,    0.0000000000E+00,    1.2691236146E+02,    1.2691236146E+02,    0.0000000000E+00,    0.0000000000E+00,    0.0000000000E+00,    1.2691236146E+02
    114800,      0.676940,CP9_after_PTsource,   1,    0.0000000000E+00,    1.2691236146E+02,    1.2691236146E+02,    0.0000000000E+00,    0.0000000000E+00,    0.0000000000E+00,    1.2691236146E+02
    114800,      0.676940,CP10_after_neg_clamp,   1,    0.0000000000E+00,    1.2691236146E+02,    1.2691236146E+02,    0.0000000000E+00,    0.0000000000E+00,    0.0000000000E+00,    1.2691236146E+02
    114800,      0.676940,CP11_after_MPI,   1,    0.0000000000E+00,    1.2691236146E+02,    1.2691236146E+02,    0.0000000000E+00,    0.0000000000E+00,    0.0000000000E+00,    1.2691236146E+02
    114800,      0.676940,CP12_end,   1,    0.0000000000E+00,    1.2691236146E+02,    1.2691236146E+02,    0.0000000000E+00,    0.0000000000E+00,    0.0000000000E+00,    1.2691236146E+02
    114850,      0.676940,CP0_start,   1,    0.0000000000E+00,    1.2700339453E+02,    1.2700339453E+02,    0.0000000000E+00,    0.0000000000E+00,    0.0000000000E+00,    1.2700339453E+02
    114850,      0.676940,CP1_after_deposition,   1,    0.0000000000E+00,    1.2700339453E+02,    1.2700339453E+02,    0.0000000000E+00,    0.0000000000E+00,    0.0000000000E+00,    1.2700339453E+02
    114850,      0.676940,CP2_after_erosion,   1,    0.0000000000E+00,    1.2700339453E+02,    1.2700339453E+02,    0.0000000000E+00,    0.0000000000E+00,    0.0000000000E+00,    1.2700339453E+02
    114850,      0.676940,CP3_after_update_bottom,   1,    0.0000000000E+00,    1.2700339453E+02,    1.2700339453E+02,    0.0000000000E+00,    0.0000000000E+00,    0.0000000000E+00,    1.2700339453E+02
    114850,      0.676940,CP4_after_advection,   1,    0.0000000000E+00,    1.2700148440E+02,    1.2700148440E+02,    0.0000000000E+00,    0.0000000000E+00,    0.0000000000E+00,    1.2700148440E+02
    114850,      0.676940,CP5_after_vdif,   1,    0.0000000000E+00,    1.2700148440E+02,    1.2700148440E+02,    0.0000000000E+00,    0.0000000000E+00,    0.0000000000E+00,    1.2700148440E+02
    114850,      0.676940,CP6_after_kinetics,   1,    0.0000000000E+00,    1.2700148440E+02,    1.2700148440E+02,    0.0000000000E+00,    0.0000000000E+00,    0.0000000000E+00,    1.2700148440E+02
    114850,      0.676940,CP7_after_upper_clamp,   1,    0.0000000000E+00,    1.2700148440E+02,    1.2700148440E+02,    0.0000000000E+00,    0.0000000000E+00,    0.0000000000E+00,    1.2700148440E+02
    114850,      0.676940,CP8_after_OBC,   1,    0.0000000000E+00,    1.2700148440E+02,    1.2700148440E+02,    0.0000000000E+00,    0.0000000000E+00,    0.0000000000E+00,    1.2700148440E+02
    114850,      0.676940,CP9_after_PTsource,   1,    0.0000000000E+00,    1.2700148440E+02,    1.2700148440E+02,    0.0000000000E+00,    0.0000000000E+00,    0.0000000000E+00,    1.2700148440E+02
    114850,      0.676940,CP10_after_neg_clamp,   1,    0.0000000000E+00,    1.2700148440E+02,    1.2700148440E+02,    0.0000000000E+00,    0.0000000000E+00,    0.0000000000E+00,    1.2700148440E+02
    114850,      0.676940,CP11_after_MPI,   1,    0.0000000000E+00,    1.2700148440E+02,    1.2700148440E+02,    0.0000000000E+00,    0.0000000000E+00,    0.0000000000E+00,    1.2700148440E+02
    114850,      0.676940,CP12_end,   1,    0.0000000000E+00,    1.2700148440E+02,    1.2700148440E+02,    0.0000000000E+00,    0.0000000000E+00,    0.0000000000E+00,    1.2700148440E+02
    114900,      0.676941,CP0_start,   1,    0.0000000000E+00,    1.2709272567E+02,    1.2709272567E+02,    0.0000000000E+00,    0.0000000000E+00,    0.0000000000E+00,    1.2709272567E+02
    114900,      0.676941,CP1_after_deposition,   1,    0.0000000000E+00,    1.2709272567E+02,    1.2709272567E+02,    0.0000000000E+00,    0.0000000000E+00,    0.0000000000E+00,    1.2709272567E+02
    114900,      0.676941,CP2_after_erosion,   1,    0.0000000000E+00,    1.2709272567E+02,    1.2709272567E+02,    0.0000000000E+00,    0.0000000000E+00,    0.0000000000E+00,    1.2709272567E+02
    114900,      0.676941,CP3_after_update_bottom,   1,    0.0000000000E+00,    1.2709272567E+02,    1.2709272567E+02,    0.0000000000E+00,    0.0000000000E+00,    0.0000000000E+00,    1.2709272567E+02
    114900,      0.676941,CP4_after_advection,   1,    0.0000000000E+00,    1.2709086465E+02,    1.2709086465E+02,    0.0000000000E+00,    0.0000000000E+00,    0.0000000000E+00,    1.2709086465E+02
    114900,      0.676941,CP5_after_vdif,   1,    0.0000000000E+00,    1.2709086465E+02,    1.2709086465E+02,    0.0000000000E+00,    0.0000000000E+00,    0.0000000000E+00,    1.2709086465E+02
    114900,      0.676941,CP6_after_kinetics,   1,    0.0000000000E+00,    1.2709086465E+02,    1.2709086465E+02,    0.0000000000E+00,    0.0000000000E+00,    0.0000000000E+00,    1.2709086465E+02
    114900,      0.676941,CP7_after_upper_clamp,   1,    0.0000000000E+00,    1.2709086465E+02,    1.2709086465E+02,    0.0000000000E+00,    0.0000000000E+00,    0.0000000000E+00,    1.2709086465E+02
    114900,      0.676941,CP8_after_OBC,   1,    0.0000000000E+00,    1.2709086465E+02,    1.2709086465E+02,    0.0000000000E+00,    0.0000000000E+00,    0.0000000000E+00,    1.2709086465E+02
    114900,      0.676941,CP9_after_PTsource,   1,    0.0000000000E+00,    1.2709086465E+02,    1.2709086465E+02,    0.0000000000E+00,    0.0000000000E+00,    0.0000000000E+00,    1.2709086465E+02
    114900,      0.676941,CP10_after_neg_clamp,   1,    0.0000000000E+00,    1.2709086465E+02,    1.2709086465E+02,    0.0000000000E+00,    0.0000000000E+00,    0.0000000000E+00,    1.2709086465E+02
    114900,      0.676941,CP11_after_MPI,   1,    0.0000000000E+00,    1.2709086465E+02,    1.2709086465E+02,    0.0000000000E+00,    0.0000000000E+00,    0.0000000000E+00,    1.2709086465E+02
    114900,      0.676941,CP12_end,   1,    0.0000000000E+00,    1.2709086465E+02,    1.2709086465E+02,    0.0000000000E+00,    0.0000000000E+00,    0.0000000000E+00,    1.2709086465E+02
    114950,      0.676941,CP0_start,   1,    0.0000000000E+00,    1.2718215253E+02,    1.2718215253E+02,    0.0000000000E+00,    0.0000000000E+00,    0.0000000000E+00,    1.2718215253E+02
    114950,      0.676941,CP1_after_deposition,   1,    0.0000000000E+00,    1.2718215253E+02,    1.2718215253E+02,    0.0000000000E+00,    0.0000000000E+00,    0.0000000000E+00,    1.2718215253E+02
    114950,      0.676941,CP2_after_erosion,   1,    0.0000000000E+00,    1.2718215253E+02,    1.2718215253E+02,    0.0000000000E+00,    0.0000000000E+00,    0.0000000000E+00,    1.2718215253E+02
    114950,      0.676941,CP3_after_update_bottom,   1,    0.0000000000E+00,    1.2718215253E+02,    1.2718215253E+02,    0.0000000000E+00,    0.0000000000E+00,    0.0000000000E+00,    1.2718215253E+02
    114950,      0.676941,CP4_after_advection,   1,    0.0000000000E+00,    1.2718034257E+02,    1.2718034257E+02,    0.0000000000E+00,    0.0000000000E+00,    0.0000000000E+00,    1.2718034257E+02
    114950,      0.676941,CP5_after_vdif,   1,    0.0000000000E+00,    1.2718034257E+02,    1.2718034257E+02,    0.0000000000E+00,    0.0000000000E+00,    0.0000000000E+00,    1.2718034257E+02
    114950,      0.676941,CP6_after_kinetics,   1,    0.0000000000E+00,    1.2718034257E+02,    1.2718034257E+02,    0.0000000000E+00,    0.0000000000E+00,    0.0000000000E+00,    1.2718034257E+02
    114950,      0.676941,CP7_after_upper_clamp,   1,    0.0000000000E+00,    1.2718034257E+02,    1.2718034257E+02,    0.0000000000E+00,    0.0000000000E+00,    0.0000000000E+00,    1.2718034257E+02
    114950,      0.676941,CP8_after_OBC,   1,    0.0000000000E+00,    1.2718034257E+02,    1.2718034257E+02,    0.0000000000E+00,    0.0000000000E+00,    0.0000000000E+00,    1.2718034257E+02
    114950,      0.676941,CP9_after_PTsource,   1,    0.0000000000E+00,    1.2718034257E+02,    1.2718034257E+02,    0.0000000000E+00,    0.0000000000E+00,    0.0000000000E+00,    1.2718034257E+02
    114950,      0.676941,CP10_after_neg_clamp,   1,    0.0000000000E+00,    1.2718034257E+02,    1.2718034257E+02,    0.0000000000E+00,    0.0000000000E+00,    0.0000000000E+00,    1.2718034257E+02
    114950,      0.676941,CP11_after_MPI,   1,    0.0000000000E+00,    1.2718034257E+02,    1.2718034257E+02,    0.0000000000E+00,    0.0000000000E+00,    0.0000000000E+00,    1.2718034257E+02
    114950,      0.676941,CP12_end,   1,    0.0000000000E+00,    1.2718034257E+02,    1.2718034257E+02,    0.0000000000E+00,    0.0000000000E+00,    0.0000000000E+00,    1.2718034257E+02
    115000,      0.676941,CP0_start,   1,    0.0000000000E+00,    1.2727161422E+02,    1.2727161422E+02,    0.0000000000E+00,    0.0000000000E+00,    0.0000000000E+00,    1.2727161422E+02
    115000,      0.676941,CP1_after_deposition,   1,    0.0000000000E+00,    1.2727161422E+02,    1.2727161422E+02,    0.0000000000E+00,    0.0000000000E+00,    0.0000000000E+00,    1.2727161422E+02
    115000,      0.676941,CP2_after_erosion,   1,    0.0000000000E+00,    1.2727161422E+02,    1.2727161422E+02,    0.0000000000E+00,    0.0000000000E+00,    0.0000000000E+00,    1.2727161422E+02
    115000,      0.676941,CP3_after_update_bottom,   1,    0.0000000000E+00,    1.2727161422E+02,    1.2727161422E+02,    0.0000000000E+00,    0.0000000000E+00,    0.0000000000E+00,    1.2727161422E+02
    115000,      0.676941,CP4_after_advection,   1,    0.0000000000E+00,    1.2726984413E+02,    1.2726984413E+02,    0.0000000000E+00,    0.0000000000E+00,    0.0000000000E+00,    1.2726984413E+02
    115000,      0.676941,CP5_after_vdif,   1,    0.0000000000E+00,    1.2726984413E+02,    1.2726984413E+02,    0.0000000000E+00,    0.0000000000E+00,    0.0000000000E+00,    1.2726984413E+02
    115000,      0.676941,CP6_after_kinetics,   1,    0.0000000000E+00,    1.2726984413E+02,    1.2726984413E+02,    0.0000000000E+00,    0.0000000000E+00,    0.0000000000E+00,    1.2726984413E+02
    115000,      0.676941,CP7_after_upper_clamp,   1,    0.0000000000E+00,    1.2726984413E+02,    1.2726984413E+02,    0.0000000000E+00,    0.0000000000E+00,    0.0000000000E+00,    1.2726984413E+02
    115000,      0.676941,CP8_after_OBC,   1,    0.0000000000E+00,    1.2726984413E+02,    1.2726984413E+02,    0.0000000000E+00,    0.0000000000E+00,    0.0000000000E+00,    1.2726984413E+02
    115000,      0.676941,CP9_after_PTsource,   1,    0.0000000000E+00,    1.2726984413E+02,    1.2726984413E+02,    0.0000000000E+00,    0.0000000000E+00,    0.0000000000E+00,    1.2726984413E+02
    115000,      0.676941,CP10_after_neg_clamp,   1,    0.0000000000E+00,    1.2726984413E+02,    1.2726984413E+02,    0.0000000000E+00,    0.0000000000E+00,    0.0000000000E+00,    1.2726984413E+02
    115000,      0.676941,CP11_after_MPI,   1,    0.0000000000E+00,    1.2726984413E+02,    1.2726984413E+02,    0.0000000000E+00,    0.0000000000E+00,    0.0000000000E+00,    1.2726984413E+02
    115000,      0.676941,CP12_end,   1,    0.0000000000E+00,    1.2726984413E+02,    1.2726984413E+02,    0.0000000000E+00,    0.0000000000E+00,    0.0000000000E+00,    1.2726984413E+02
    115050,      0.676941,CP0_start,   1,    0.0000000000E+00,    1.2736103508E+02,    1.2736103508E+02,    0.0000000000E+00,    0.0000000000E+00,    0.0000000000E+00,    1.2736103508E+02
    115050,      0.676941,CP1_after_deposition,   1,    0.0000000000E+00,    1.2736103508E+02,    1.2736103508E+02,    0.0000000000E+00,    0.0000000000E+00,    0.0000000000E+00,    1.2736103508E+02
    115050,      0.676941,CP2_after_erosion,   1,    0.0000000000E+00,    1.2736103508E+02,    1.2736103508E+02,    0.0000000000E+00,    0.0000000000E+00,    0.0000000000E+00,    1.2736103508E+02
    115050,      0.676941,CP3_after_update_bottom,   1,    0.0000000000E+00,    1.2736103508E+02,    1.2736103508E+02,    0.0000000000E+00,    0.0000000000E+00,    0.0000000000E+00,    1.2736103508E+02
    115050,      0.676941,CP4_after_advection,   1,    0.0000000000E+00,    1.2735930300E+02,    1.2735930300E+02,    0.0000000000E+00,    0.0000000000E+00,    0.0000000000E+00,    1.2735930300E+02
    115050,      0.676941,CP5_after_vdif,   1,    0.0000000000E+00,    1.2735930300E+02,    1.2735930300E+02,    0.0000000000E+00,    0.0000000000E+00,    0.0000000000E+00,    1.2735930300E+02
    115050,      0.676941,CP6_after_kinetics,   1,    0.0000000000E+00,    1.2735930300E+02,    1.2735930300E+02,    0.0000000000E+00,    0.0000000000E+00,    0.0000000000E+00,    1.2735930300E+02
    115050,      0.676941,CP7_after_upper_clamp,   1,    0.0000000000E+00,    1.2735930300E+02,    1.2735930300E+02,    0.0000000000E+00,    0.0000000000E+00,    0.0000000000E+00,    1.2735930300E+02
    115050,      0.676941,CP8_after_OBC,   1,    0.0000000000E+00,    1.2735930300E+02,    1.2735930300E+02,    0.0000000000E+00,    0.0000000000E+00,    0.0000000000E+00,    1.2735930300E+02
    115050,      0.676941,CP9_after_PTsource,   1,    0.0000000000E+00,    1.2735930300E+02,    1.2735930300E+02,    0.0000000000E+00,    0.0000000000E+00,    0.0000000000E+00,    1.2735930300E+02
    115050,      0.676941,CP10_after_neg_clamp,   1,    0.0000000000E+00,    1.2735930300E+02,    1.2735930300E+02,    0.0000000000E+00,    0.0000000000E+00,    0.0000000000E+00,    1.2735930300E+02
    115050,      0.676941,CP11_after_MPI,   1,    0.0000000000E+00,    1.2735930300E+02,    1.2735930300E+02,    0.0000000000E+00,    0.0000000000E+00,    0.0000000000E+00,    1.2735930300E+02
    115050,      0.676941,CP12_end,   1,    0.0000000000E+00,    1.2735930300E+02,    1.2735930300E+02,    0.0000000000E+00,    0.0000000000E+00,    0.0000000000E+00,    1.2735930300E+02
    115100,      0.676941,CP0_start,   1,    0.0000000000E+00,    1.2745035351E+02,    1.2745035351E+02,    0.0000000000E+00,    0.0000000000E+00,    0.0000000000E+00,    1.2745035351E+02
    115100,      0.676941,CP1_after_deposition,   1,    0.0000000000E+00,    1.2745035351E+02,    1.2745035351E+02,    0.0000000000E+00,    0.0000000000E+00,    0.0000000000E+00,    1.2745035351E+02
    115100,      0.676941,CP2_after_erosion,   1,    0.0000000000E+00,    1.2745035351E+02,    1.2745035351E+02,    0.0000000000E+00,    0.0000000000E+00,    0.0000000000E+00,    1.2745035351E+02
    115100,      0.676941,CP3_after_update_bottom,   1,    0.0000000000E+00,    1.2745035351E+02,    1.2745035351E+02,    0.0000000000E+00,    0.0000000000E+00,    0.0000000000E+00,    1.2745035351E+02
    115100,      0.676941,CP4_after_advection,   1,    0.0000000000E+00,    1.2744866057E+02,    1.2744866057E+02,    0.0000000000E+00,    0.0000000000E+00,    0.0000000000E+00,    1.2744866057E+02
    115100,      0.676941,CP5_after_vdif,   1,    0.0000000000E+00,    1.2744866057E+02,    1.2744866057E+02,    0.0000000000E+00,    0.0000000000E+00,    0.0000000000E+00,    1.2744866057E+02
    115100,      0.676941,CP6_after_kinetics,   1,    0.0000000000E+00,    1.2744866057E+02,    1.2744866057E+02,    0.0000000000E+00,    0.0000000000E+00,    0.0000000000E+00,    1.2744866057E+02
    115100,      0.676941,CP7_after_upper_clamp,   1,    0.0000000000E+00,    1.2744866057E+02,    1.2744866057E+02,    0.0000000000E+00,    0.0000000000E+00,    0.0000000000E+00,    1.2744866057E+02
    115100,      0.676941,CP8_after_OBC,   1,    0.0000000000E+00,    1.2744866057E+02,    1.2744866057E+02,    0.0000000000E+00,    0.0000000000E+00,    0.0000000000E+00,    1.2744866057E+02
    115100,      0.676941,CP9_after_PTsource,   1,    0.0000000000E+00,    1.2744866057E+02,    1.2744866057E+02,    0.0000000000E+00,    0.0000000000E+00,    0.0000000000E+00,    1.2744866057E+02
    115100,      0.676941,CP10_after_neg_clamp,   1,    0.0000000000E+00,    1.2744866057E+02,    1.2744866057E+02,    0.0000000000E+00,    0.0000000000E+00,    0.0000000000E+00,    1.2744866057E+02
    115100,      0.676941,CP11_after_MPI,   1,    0.0000000000E+00,    1.2744866057E+02,    1.2744866057E+02,    0.0000000000E+00,    0.0000000000E+00,    0.0000000000E+00,    1.2744866057E+02
    115100,      0.676941,CP12_end,   1,    0.0000000000E+00,    1.2744866057E+02,    1.2744866057E+02,    0.0000000000E+00,    0.0000000000E+00,    0.0000000000E+00,    1.2744866057E+02
    115150,      0.676941,CP0_start,   1,    0.0000000000E+00,    1.2753961643E+02,    1.2753961643E+02,    0.0000000000E+00,    0.0000000000E+00,    0.0000000000E+00,    1.2753961643E+02
    115150,      0.676941,CP1_after_deposition,   1,    0.0000000000E+00,    1.2753961643E+02,    1.2753961643E+02,    0.0000000000E+00,    0.0000000000E+00,    0.0000000000E+00,    1.2753961643E+02
    115150,      0.676941,CP2_after_erosion,   1,    0.0000000000E+00,    1.2753961643E+02,    1.2753961643E+02,    0.0000000000E+00,    0.0000000000E+00,    0.0000000000E+00,    1.2753961643E+02
    115150,      0.676941,CP3_after_update_bottom,   1,    0.0000000000E+00,    1.2753961643E+02,    1.2753961643E+02,    0.0000000000E+00,    0.0000000000E+00,    0.0000000000E+00,    1.2753961643E+02
    115150,      0.676941,CP4_after_advection,   1,    0.0000000000E+00,    1.2753795713E+02,    1.2753795713E+02,    0.0000000000E+00,    0.0000000000E+00,    0.0000000000E+00,    1.2753795713E+02
    115150,      0.676941,CP5_after_vdif,   1,    0.0000000000E+00,    1.2753795713E+02,    1.2753795713E+02,    0.0000000000E+00,    0.0000000000E+00,    0.0000000000E+00,    1.2753795713E+02
    115150,      0.676941,CP6_after_kinetics,   1,    0.0000000000E+00,    1.2753795713E+02,    1.2753795713E+02,    0.0000000000E+00,    0.0000000000E+00,    0.0000000000E+00,    1.2753795713E+02
    115150,      0.676941,CP7_after_upper_clamp,   1,    0.0000000000E+00,    1.2753795713E+02,    1.2753795713E+02,    0.0000000000E+00,    0.0000000000E+00,    0.0000000000E+00,    1.2753795713E+02
    115150,      0.676941,CP8_after_OBC,   1,    0.0000000000E+00,    1.2753795713E+02,    1.2753795713E+02,    0.0000000000E+00,    0.0000000000E+00,    0.0000000000E+00,    1.2753795713E+02
    115150,      0.676941,CP9_after_PTsource,   1,    0.0000000000E+00,    1.2753795713E+02,    1.2753795713E+02,    0.0000000000E+00,    0.0000000000E+00,    0.0000000000E+00,    1.2753795713E+02
    115150,      0.676941,CP10_after_neg_clamp,   1,    0.0000000000E+00,    1.2753795713E+02,    1.2753795713E+02,    0.0000000000E+00,    0.0000000000E+00,    0.0000000000E+00,    1.2753795713E+02
    115150,      0.676941,CP11_after_MPI,   1,    0.0000000000E+00,    1.2753795713E+02,    1.2753795713E+02,    0.0000000000E+00,    0.0000000000E+00,    0.0000000000E+00,    1.2753795713E+02
    115150,      0.676941,CP12_end,   1,    0.0000000000E+00,    1.2753795713E+02,    1.2753795713E+02,    0.0000000000E+00,    0.0000000000E+00,    0.0000000000E+00,    1.2753795713E+02
    115200,      0.676941,CP0_start,   1,    0.0000000000E+00,    1.2762875401E+02,    1.2762875401E+02,    0.0000000000E+00,    0.0000000000E+00,    0.0000000000E+00,    1.2762875401E+02
    115200,      0.676941,CP1_after_deposition,   1,    0.0000000000E+00,    1.2762875401E+02,    1.2762875401E+02,    0.0000000000E+00,    0.0000000000E+00,    0.0000000000E+00,    1.2762875401E+02
    115200,      0.676941,CP2_after_erosion,   1,    0.0000000000E+00,    1.2762875401E+02,    1.2762875401E+02,    0.0000000000E+00,    0.0000000000E+00,    0.0000000000E+00,    1.2762875401E+02
    115200,      0.676941,CP3_after_update_bottom,   1,    0.0000000000E+00,    1.2762875401E+02,    1.2762875401E+02,    0.0000000000E+00,    0.0000000000E+00,    0.0000000000E+00,    1.2762875401E+02
    115200,      0.676941,CP4_after_advection,   1,    0.0000000000E+00,    1.2762712897E+02,    1.2762712897E+02,    0.0000000000E+00,    0.0000000000E+00,    0.0000000000E+00,    1.2762712897E+02
    115200,      0.676941,CP5_after_vdif,   1,    0.0000000000E+00,    1.2762712897E+02,    1.2762712897E+02,    0.0000000000E+00,    0.0000000000E+00,    0.0000000000E+00,    1.2762712897E+02
    115200,      0.676941,CP6_after_kinetics,   1,    0.0000000000E+00,    1.2762712897E+02,    1.2762712897E+02,    0.0000000000E+00,    0.0000000000E+00,    0.0000000000E+00,    1.2762712897E+02
    115200,      0.676941,CP7_after_upper_clamp,   1,    0.0000000000E+00,    1.2762712897E+02,    1.2762712897E+02,    0.0000000000E+00,    0.0000000000E+00,    0.0000000000E+00,    1.2762712897E+02
    115200,      0.676941,CP8_after_OBC,   1,    0.0000000000E+00,    1.2762712897E+02,    1.2762712897E+02,    0.0000000000E+00,    0.0000000000E+00,    0.0000000000E+00,    1.2762712897E+02
    115200,      0.676941,CP9_after_PTsource,   1,    0.0000000000E+00,    1.2762712897E+02,    1.2762712897E+02,    0.0000000000E+00,    0.0000000000E+00,    0.0000000000E+00,    1.2762712897E+02
    115200,      0.676941,CP10_after_neg_clamp,   1,    0.0000000000E+00,    1.2762712897E+02,    1.2762712897E+02,    0.0000000000E+00,    0.0000000000E+00,    0.0000000000E+00,    1.2762712897E+02
    115200,      0.676941,CP11_after_MPI,   1,    0.0000000000E+00,    1.2762712897E+02,    1.2762712897E+02,    0.0000000000E+00,    0.0000000000E+00,    0.0000000000E+00,    1.2762712897E+02
    115200,      0.676941,CP12_end,   1,    0.0000000000E+00,    1.2762712897E+02,    1.2762712897E+02,    0.0000000000E+00,    0.0000000000E+00,    0.0000000000E+00,    1.2762712897E+02
    115250,      0.676941,CP0_start,   1,    0.0000000000E+00,    1.2771778698E+02,    1.2771778698E+02,    0.0000000000E+00,    0.0000000000E+00,    0.0000000000E+00,    1.2771778698E+02
    115250,      0.676941,CP1_after_deposition,   1,    0.0000000000E+00,    1.2771778698E+02,    1.2771778698E+02,    0.0000000000E+00,    0.0000000000E+00,    0.0000000000E+00,    1.2771778698E+02
    115250,      0.676941,CP2_after_erosion,   1,    0.0000000000E+00,    1.2771778698E+02,    1.2771778698E+02,    0.0000000000E+00,    0.0000000000E+00,    0.0000000000E+00,    1.2771778698E+02
    115250,      0.676941,CP3_after_update_bottom,   1,    0.0000000000E+00,    1.2771778698E+02,    1.2771778698E+02,    0.0000000000E+00,    0.0000000000E+00,    0.0000000000E+00,    1.2771778698E+02
    115250,      0.676941,CP4_after_advection,   1,    0.0000000000E+00,    1.2771619253E+02,    1.2771619253E+02,    0.0000000000E+00,    0.0000000000E+00,    0.0000000000E+00,    1.2771619253E+02
    115250,      0.676941,CP5_after_vdif,   1,    0.0000000000E+00,    1.2771619253E+02,    1.2771619253E+02,    0.0000000000E+00,    0.0000000000E+00,    0.0000000000E+00,    1.2771619253E+02
    115250,      0.676941,CP6_after_kinetics,   1,    0.0000000000E+00,    1.2771619253E+02,    1.2771619253E+02,    0.0000000000E+00,    0.0000000000E+00,    0.0000000000E+00,    1.2771619253E+02
    115250,      0.676941,CP7_after_upper_clamp,   1,    0.0000000000E+00,    1.2771619253E+02,    1.2771619253E+02,    0.0000000000E+00,    0.0000000000E+00,    0.0000000000E+00,    1.2771619253E+02
    115250,      0.676941,CP8_after_OBC,   1,    0.0000000000E+00,    1.2771619253E+02,    1.2771619253E+02,    0.0000000000E+00,    0.0000000000E+00,    0.0000000000E+00,    1.2771619253E+02
    115250,      0.676941,CP9_after_PTsource,   1,    0.0000000000E+00,    1.2771619253E+02,    1.2771619253E+02,    0.0000000000E+00,    0.0000000000E+00,    0.0000000000E+00,    1.2771619253E+02
    115250,      0.676941,CP10_after_neg_clamp,   1,    0.0000000000E+00,    1.2771619253E+02,    1.2771619253E+02,    0.0000000000E+00,    0.0000000000E+00,    0.0000000000E+00,    1.2771619253E+02
    115250,      0.676941,CP11_after_MPI,   1,    0.0000000000E+00,    1.2771619253E+02,    1.2771619253E+02,    0.0000000000E+00,    0.0000000000E+00,    0.0000000000E+00,    1.2771619253E+02
    115250,      0.676941,CP12_end,   1,    0.0000000000E+00,    1.2771619253E+02,    1.2771619253E+02,    0.0000000000E+00,    0.0000000000E+00,    0.0000000000E+00,    1.2771619253E+02
    115300,      0.676941,CP0_start,   1,    0.0000000000E+00,    1.2780670500E+02,    1.2780670500E+02,    0.0000000000E+00,    0.0000000000E+00,    0.0000000000E+00,    1.2780670500E+02
    115300,      0.676941,CP1_after_deposition,   1,    0.0000000000E+00,    1.2780670500E+02,    1.2780670500E+02,    0.0000000000E+00,    0.0000000000E+00,    0.0000000000E+00,    1.2780670500E+02
    115300,      0.676941,CP2_after_erosion,   1,    0.0000000000E+00,    1.2780670500E+02,    1.2780670500E+02,    0.0000000000E+00,    0.0000000000E+00,    0.0000000000E+00,    1.2780670500E+02
    115300,      0.676941,CP3_after_update_bottom,   1,    0.0000000000E+00,    1.2780670500E+02,    1.2780670500E+02,    0.0000000000E+00,    0.0000000000E+00,    0.0000000000E+00,    1.2780670500E+02
    115300,      0.676941,CP4_after_advection,   1,    0.0000000000E+00,    1.2780514727E+02,    1.2780514727E+02,    0.0000000000E+00,    0.0000000000E+00,    0.0000000000E+00,    1.2780514727E+02
    115300,      0.676941,CP5_after_vdif,   1,    0.0000000000E+00,    1.2780514727E+02,    1.2780514727E+02,    0.0000000000E+00,    0.0000000000E+00,    0.0000000000E+00,    1.2780514727E+02
    115300,      0.676941,CP6_after_kinetics,   1,    0.0000000000E+00,    1.2780514727E+02,    1.2780514727E+02,    0.0000000000E+00,    0.0000000000E+00,    0.0000000000E+00,    1.2780514727E+02
    115300,      0.676941,CP7_after_upper_clamp,   1,    0.0000000000E+00,    1.2780514727E+02,    1.2780514727E+02,    0.0000000000E+00,    0.0000000000E+00,    0.0000000000E+00,    1.2780514727E+02
    115300,      0.676941,CP8_after_OBC,   1,    0.0000000000E+00,    1.2780514727E+02,    1.2780514727E+02,    0.0000000000E+00,    0.0000000000E+00,    0.0000000000E+00,    1.2780514727E+02
    115300,      0.676941,CP9_after_PTsource,   1,    0.0000000000E+00,    1.2780514727E+02,    1.2780514727E+02,    0.0000000000E+00,    0.0000000000E+00,    0.0000000000E+00,    1.2780514727E+02
    115300,      0.676941,CP10_after_neg_clamp,   1,    0.0000000000E+00,    1.2780514727E+02,    1.2780514727E+02,    0.0000000000E+00,    0.0000000000E+00,    0.0000000000E+00,    1.2780514727E+02
    115300,      0.676941,CP11_after_MPI,   1,    0.0000000000E+00,    1.2780514727E+02,    1.2780514727E+02,    0.0000000000E+00,    0.0000000000E+00,    0.0000000000E+00,    1.2780514727E+02
    115300,      0.676941,CP12_end,   1,    0.0000000000E+00,    1.2780514727E+02,    1.2780514727E+02,    0.0000000000E+00,    0.0000000000E+00,    0.0000000000E+00,    1.2780514727E+02
    115350,      0.676941,CP0_start,   1,    0.0000000000E+00,    1.2789550188E+02,    1.2789550188E+02,    0.0000000000E+00,    0.0000000000E+00,    0.0000000000E+00,    1.2789550188E+02
    115350,      0.676941,CP1_after_deposition,   1,    0.0000000000E+00,    1.2789550188E+02,    1.2789550188E+02,    0.0000000000E+00,    0.0000000000E+00,    0.0000000000E+00,    1.2789550188E+02
    115350,      0.676941,CP2_after_erosion,   1,    0.0000000000E+00,    1.2789550188E+02,    1.2789550188E+02,    0.0000000000E+00,    0.0000000000E+00,    0.0000000000E+00,    1.2789550188E+02
    115350,      0.676941,CP3_after_update_bottom,   1,    0.0000000000E+00,    1.2789550188E+02,    1.2789550188E+02,    0.0000000000E+00,    0.0000000000E+00,    0.0000000000E+00,    1.2789550188E+02
    115350,      0.676941,CP4_after_advection,   1,    0.0000000000E+00,    1.2789397510E+02,    1.2789397510E+02,    0.0000000000E+00,    0.0000000000E+00,    0.0000000000E+00,    1.2789397510E+02
    115350,      0.676941,CP5_after_vdif,   1,    0.0000000000E+00,    1.2789397510E+02,    1.2789397510E+02,    0.0000000000E+00,    0.0000000000E+00,    0.0000000000E+00,    1.2789397510E+02
    115350,      0.676941,CP6_after_kinetics,   1,    0.0000000000E+00,    1.2789397510E+02,    1.2789397510E+02,    0.0000000000E+00,    0.0000000000E+00,    0.0000000000E+00,    1.2789397510E+02
    115350,      0.676941,CP7_after_upper_clamp,   1,    0.0000000000E+00,    1.2789397510E+02,    1.2789397510E+02,    0.0000000000E+00,    0.0000000000E+00,    0.0000000000E+00,    1.2789397510E+02
    115350,      0.676941,CP8_after_OBC,   1,    0.0000000000E+00,    1.2789397510E+02,    1.2789397510E+02,    0.0000000000E+00,    0.0000000000E+00,    0.0000000000E+00,    1.2789397510E+02
    115350,      0.676941,CP9_after_PTsource,   1,    0.0000000000E+00,    1.2789397510E+02,    1.2789397510E+02,    0.0000000000E+00,    0.0000000000E+00,    0.0000000000E+00,    1.2789397510E+02
    115350,      0.676941,CP10_after_neg_clamp,   1,    0.0000000000E+00,    1.2789397510E+02,    1.2789397510E+02,    0.0000000000E+00,    0.0000000000E+00,    0.0000000000E+00,    1.2789397510E+02
    115350,      0.676941,CP11_after_MPI,   1,    0.0000000000E+00,    1.2789397510E+02,    1.2789397510E+02,    0.0000000000E+00,    0.0000000000E+00,    0.0000000000E+00,    1.2789397510E+02
    115350,      0.676941,CP12_end,   1,    0.0000000000E+00,    1.2789397510E+02,    1.2789397510E+02,    0.0000000000E+00,    0.0000000000E+00,    0.0000000000E+00,    1.2789397510E+02
    115400,      0.676941,CP0_start,   1,    0.0000000000E+00,    1.2798413672E+02,    1.2798413672E+02,    0.0000000000E+00,    0.0000000000E+00,    0.0000000000E+00,    1.2798413672E+02
    115400,      0.676941,CP1_after_deposition,   1,    0.0000000000E+00,    1.2798413672E+02,    1.2798413672E+02,    0.0000000000E+00,    0.0000000000E+00,    0.0000000000E+00,    1.2798413672E+02
    115400,      0.676941,CP2_after_erosion,   1,    0.0000000000E+00,    1.2798413672E+02,    1.2798413672E+02,    0.0000000000E+00,    0.0000000000E+00,    0.0000000000E+00,    1.2798413672E+02
    115400,      0.676941,CP3_after_update_bottom,   1,    0.0000000000E+00,    1.2798413672E+02,    1.2798413672E+02,    0.0000000000E+00,    0.0000000000E+00,    0.0000000000E+00,    1.2798413672E+02
    115400,      0.676941,CP4_after_advection,   1,    0.0000000000E+00,    1.2798263821E+02,    1.2798263821E+02,    0.0000000000E+00,    0.0000000000E+00,    0.0000000000E+00,    1.2798263821E+02
    115400,      0.676941,CP5_after_vdif,   1,    0.0000000000E+00,    1.2798263821E+02,    1.2798263821E+02,    0.0000000000E+00,    0.0000000000E+00,    0.0000000000E+00,    1.2798263821E+02
    115400,      0.676941,CP6_after_kinetics,   1,    0.0000000000E+00,    1.2798263821E+02,    1.2798263821E+02,    0.0000000000E+00,    0.0000000000E+00,    0.0000000000E+00,    1.2798263821E+02
    115400,      0.676941,CP7_after_upper_clamp,   1,    0.0000000000E+00,    1.2798263821E+02,    1.2798263821E+02,    0.0000000000E+00,    0.0000000000E+00,    0.0000000000E+00,    1.2798263821E+02
    115400,      0.676941,CP8_after_OBC,   1,    0.0000000000E+00,    1.2798263821E+02,    1.2798263821E+02,    0.0000000000E+00,    0.0000000000E+00,    0.0000000000E+00,    1.2798263821E+02
    115400,      0.676941,CP9_after_PTsource,   1,    0.0000000000E+00,    1.2798263821E+02,    1.2798263821E+02,    0.0000000000E+00,    0.0000000000E+00,    0.0000000000E+00,    1.2798263821E+02
    115400,      0.676941,CP10_after_neg_clamp,   1,    0.0000000000E+00,    1.2798263821E+02,    1.2798263821E+02,    0.0000000000E+00,    0.0000000000E+00,    0.0000000000E+00,    1.2798263821E+02
    115400,      0.676941,CP11_after_MPI,   1,    0.0000000000E+00,    1.2798263821E+02,    1.2798263821E+02,    0.0000000000E+00,    0.0000000000E+00,    0.0000000000E+00,    1.2798263821E+02
    115400,      0.676941,CP12_end,   1,    0.0000000000E+00,    1.2798263821E+02,    1.2798263821E+02,    0.0000000000E+00,    0.0000000000E+00,    0.0000000000E+00,    1.2798263821E+02
    115450,      0.676941,CP0_start,   1,    0.0000000000E+00,    1.2807261878E+02,    1.2807261878E+02,    0.0000000000E+00,    0.0000000000E+00,    0.0000000000E+00,    1.2807261878E+02
    115450,      0.676941,CP1_after_deposition,   1,    0.0000000000E+00,    1.2807261878E+02,    1.2807261878E+02,    0.0000000000E+00,    0.0000000000E+00,    0.0000000000E+00,    1.2807261878E+02
    115450,      0.676941,CP2_after_erosion,   1,    0.0000000000E+00,    1.2807261878E+02,    1.2807261878E+02,    0.0000000000E+00,    0.0000000000E+00,    0.0000000000E+00,    1.2807261878E+02
    115450,      0.676941,CP3_after_update_bottom,   1,    0.0000000000E+00,    1.2807261878E+02,    1.2807261878E+02,    0.0000000000E+00,    0.0000000000E+00,    0.0000000000E+00,    1.2807261878E+02
    115450,      0.676941,CP4_after_advection,   1,    0.0000000000E+00,    1.2807114960E+02,    1.2807114960E+02,    0.0000000000E+00,    0.0000000000E+00,    0.0000000000E+00,    1.2807114960E+02
    115450,      0.676941,CP5_after_vdif,   1,    0.0000000000E+00,    1.2807114960E+02,    1.2807114960E+02,    0.0000000000E+00,    0.0000000000E+00,    0.0000000000E+00,    1.2807114960E+02
    115450,      0.676941,CP6_after_kinetics,   1,    0.0000000000E+00,    1.2807114960E+02,    1.2807114960E+02,    0.0000000000E+00,    0.0000000000E+00,    0.0000000000E+00,    1.2807114960E+02
    115450,      0.676941,CP7_after_upper_clamp,   1,    0.0000000000E+00,    1.2807114960E+02,    1.2807114960E+02,    0.0000000000E+00,    0.0000000000E+00,    0.0000000000E+00,    1.2807114960E+02
    115450,      0.676941,CP8_after_OBC,   1,    0.0000000000E+00,    1.2807114960E+02,    1.2807114960E+02,    0.0000000000E+00,    0.0000000000E+00,    0.0000000000E+00,    1.2807114960E+02
    115450,      0.676941,CP9_after_PTsource,   1,    0.0000000000E+00,    1.2807114960E+02,    1.2807114960E+02,    0.0000000000E+00,    0.0000000000E+00,    0.0000000000E+00,    1.2807114960E+02
    115450,      0.676941,CP10_after_neg_clamp,   1,    0.0000000000E+00,    1.2807114960E+02,    1.2807114960E+02,    0.0000000000E+00,    0.0000000000E+00,    0.0000000000E+00,    1.2807114960E+02
    115450,      0.676941,CP11_after_MPI,   1,    0.0000000000E+00,    1.2807114960E+02,    1.2807114960E+02,    0.0000000000E+00,    0.0000000000E+00,    0.0000000000E+00,    1.2807114960E+02
    115450,      0.676941,CP12_end,   1,    0.0000000000E+00,    1.2807114960E+02,    1.2807114960E+02,    0.0000000000E+00,    0.0000000000E+00,    0.0000000000E+00,    1.2807114960E+02
    115500,      0.676941,CP0_start,   1,    0.0000000000E+00,    1.2816092001E+02,    1.2816092001E+02,    0.0000000000E+00,    0.0000000000E+00,    0.0000000000E+00,    1.2816092001E+02
    115500,      0.676941,CP1_after_deposition,   1,    0.0000000000E+00,    1.2816092001E+02,    1.2816092001E+02,    0.0000000000E+00,    0.0000000000E+00,    0.0000000000E+00,    1.2816092001E+02
    115500,      0.676941,CP2_after_erosion,   1,    0.0000000000E+00,    1.2816092001E+02,    1.2816092001E+02,    0.0000000000E+00,    0.0000000000E+00,    0.0000000000E+00,    1.2816092001E+02
    115500,      0.676941,CP3_after_update_bottom,   1,    0.0000000000E+00,    1.2816092001E+02,    1.2816092001E+02,    0.0000000000E+00,    0.0000000000E+00,    0.0000000000E+00,    1.2816092001E+02
    115500,      0.676941,CP4_after_advection,   1,    0.0000000000E+00,    1.2815947730E+02,    1.2815947730E+02,    0.0000000000E+00,    0.0000000000E+00,    0.0000000000E+00,    1.2815947730E+02
    115500,      0.676941,CP5_after_vdif,   1,    0.0000000000E+00,    1.2815947730E+02,    1.2815947730E+02,    0.0000000000E+00,    0.0000000000E+00,    0.0000000000E+00,    1.2815947730E+02
    115500,      0.676941,CP6_after_kinetics,   1,    0.0000000000E+00,    1.2815947730E+02,    1.2815947730E+02,    0.0000000000E+00,    0.0000000000E+00,    0.0000000000E+00,    1.2815947730E+02
    115500,      0.676941,CP7_after_upper_clamp,   1,    0.0000000000E+00,    1.2815947730E+02,    1.2815947730E+02,    0.0000000000E+00,    0.0000000000E+00,    0.0000000000E+00,    1.2815947730E+02
    115500,      0.676941,CP8_after_OBC,   1,    0.0000000000E+00,    1.2815947730E+02,    1.2815947730E+02,    0.0000000000E+00,    0.0000000000E+00,    0.0000000000E+00,    1.2815947730E+02
    115500,      0.676941,CP9_after_PTsource,   1,    0.0000000000E+00,    1.2815947730E+02,    1.2815947730E+02,    0.0000000000E+00,    0.0000000000E+00,    0.0000000000E+00,    1.2815947730E+02
    115500,      0.676941,CP10_after_neg_clamp,   1,    0.0000000000E+00,    1.2815947730E+02,    1.2815947730E+02,    0.0000000000E+00,    0.0000000000E+00,    0.0000000000E+00,    1.2815947730E+02
    115500,      0.676941,CP11_after_MPI,   1,    0.0000000000E+00,    1.2815947730E+02,    1.2815947730E+02,    0.0000000000E+00,    0.0000000000E+00,    0.0000000000E+00,    1.2815947730E+02
    115500,      0.676941,CP12_end,   1,    0.0000000000E+00,    1.2815947730E+02,    1.2815947730E+02,    0.0000000000E+00,    0.0000000000E+00,    0.0000000000E+00,    1.2815947730E+02
    115550,      0.676941,CP0_start,   1,    0.0000000000E+00,    1.2824902059E+02,    1.2824902059E+02,    0.0000000000E+00,    0.0000000000E+00,    0.0000000000E+00,    1.2824902059E+02
    115550,      0.676941,CP1_after_deposition,   1,    0.0000000000E+00,    1.2824902059E+02,    1.2824902059E+02,    0.0000000000E+00,    0.0000000000E+00,    0.0000000000E+00,    1.2824902059E+02
    115550,      0.676941,CP2_after_erosion,   1,    0.0000000000E+00,    1.2824902059E+02,    1.2824902059E+02,    0.0000000000E+00,    0.0000000000E+00,    0.0000000000E+00,    1.2824902059E+02
    115550,      0.676941,CP3_after_update_bottom,   1,    0.0000000000E+00,    1.2824902059E+02,    1.2824902059E+02,    0.0000000000E+00,    0.0000000000E+00,    0.0000000000E+00,    1.2824902059E+02
    115550,      0.676941,CP4_after_advection,   1,    0.0000000000E+00,    1.2824760243E+02,    1.2824760243E+02,    0.0000000000E+00,    0.0000000000E+00,    0.0000000000E+00,    1.2824760243E+02
    115550,      0.676941,CP5_after_vdif,   1,    0.0000000000E+00,    1.2824760243E+02,    1.2824760243E+02,    0.0000000000E+00,    0.0000000000E+00,    0.0000000000E+00,    1.2824760243E+02
    115550,      0.676941,CP6_after_kinetics,   1,    0.0000000000E+00,    1.2824760243E+02,    1.2824760243E+02,    0.0000000000E+00,    0.0000000000E+00,    0.0000000000E+00,    1.2824760243E+02
    115550,      0.676941,CP7_after_upper_clamp,   1,    0.0000000000E+00,    1.2824760243E+02,    1.2824760243E+02,    0.0000000000E+00,    0.0000000000E+00,    0.0000000000E+00,    1.2824760243E+02
    115550,      0.676941,CP8_after_OBC,   1,    0.0000000000E+00,    1.2824760243E+02,    1.2824760243E+02,    0.0000000000E+00,    0.0000000000E+00,    0.0000000000E+00,    1.2824760243E+02
    115550,      0.676941,CP9_after_PTsource,   1,    0.0000000000E+00,    1.2824760243E+02,    1.2824760243E+02,    0.0000000000E+00,    0.0000000000E+00,    0.0000000000E+00,    1.2824760243E+02
    115550,      0.676941,CP10_after_neg_clamp,   1,    0.0000000000E+00,    1.2824760243E+02,    1.2824760243E+02,    0.0000000000E+00,    0.0000000000E+00,    0.0000000000E+00,    1.2824760243E+02
    115550,      0.676941,CP11_after_MPI,   1,    0.0000000000E+00,    1.2824760243E+02,    1.2824760243E+02,    0.0000000000E+00,    0.0000000000E+00,    0.0000000000E+00,    1.2824760243E+02
    115550,      0.676941,CP12_end,   1,    0.0000000000E+00,    1.2824760243E+02,    1.2824760243E+02,    0.0000000000E+00,    0.0000000000E+00,    0.0000000000E+00,    1.2824760243E+02
    115600,      0.676941,CP0_start,   1,    0.0000000000E+00,    1.2833696944E+02,    1.2833696944E+02,    0.0000000000E+00,    0.0000000000E+00,    0.0000000000E+00,    1.2833696944E+02
    115600,      0.676941,CP1_after_deposition,   1,    0.0000000000E+00,    1.2833696944E+02,    1.2833696944E+02,    0.0000000000E+00,    0.0000000000E+00,    0.0000000000E+00,    1.2833696944E+02
    115600,      0.676941,CP2_after_erosion,   1,    0.0000000000E+00,    1.2833696944E+02,    1.2833696944E+02,    0.0000000000E+00,    0.0000000000E+00,    0.0000000000E+00,    1.2833696944E+02
    115600,      0.676941,CP3_after_update_bottom,   1,    0.0000000000E+00,    1.2833696944E+02,    1.2833696944E+02,    0.0000000000E+00,    0.0000000000E+00,    0.0000000000E+00,    1.2833696944E+02
    115600,      0.676941,CP4_after_advection,   1,    0.0000000000E+00,    1.2833557813E+02,    1.2833557813E+02,    0.0000000000E+00,    0.0000000000E+00,    0.0000000000E+00,    1.2833557813E+02
    115600,      0.676941,CP5_after_vdif,   1,    0.0000000000E+00,    1.2833557813E+02,    1.2833557813E+02,    0.0000000000E+00,    0.0000000000E+00,    0.0000000000E+00,    1.2833557813E+02
    115600,      0.676941,CP6_after_kinetics,   1,    0.0000000000E+00,    1.2833557813E+02,    1.2833557813E+02,    0.0000000000E+00,    0.0000000000E+00,    0.0000000000E+00,    1.2833557813E+02
    115600,      0.676941,CP7_after_upper_clamp,   1,    0.0000000000E+00,    1.2833557813E+02,    1.2833557813E+02,    0.0000000000E+00,    0.0000000000E+00,    0.0000000000E+00,    1.2833557813E+02
    115600,      0.676941,CP8_after_OBC,   1,    0.0000000000E+00,    1.2833557813E+02,    1.2833557813E+02,    0.0000000000E+00,    0.0000000000E+00,    0.0000000000E+00,    1.2833557813E+02
    115600,      0.676941,CP9_after_PTsource,   1,    0.0000000000E+00,    1.2833557813E+02,    1.2833557813E+02,    0.0000000000E+00,    0.0000000000E+00,    0.0000000000E+00,    1.2833557813E+02
    115600,      0.676941,CP10_after_neg_clamp,   1,    0.0000000000E+00,    1.2833557813E+02,    1.2833557813E+02,    0.0000000000E+00,    0.0000000000E+00,    0.0000000000E+00,    1.2833557813E+02
    115600,      0.676941,CP11_after_MPI,   1,    0.0000000000E+00,    1.2833557813E+02,    1.2833557813E+02,    0.0000000000E+00,    0.0000000000E+00,    0.0000000000E+00,    1.2833557813E+02
    115600,      0.676941,CP12_end,   1,    0.0000000000E+00,    1.2833557813E+02,    1.2833557813E+02,    0.0000000000E+00,    0.0000000000E+00,    0.0000000000E+00,    1.2833557813E+02
    115650,      0.676941,CP0_start,   1,    0.0000000000E+00,    1.2842481384E+02,    1.2842481384E+02,    0.0000000000E+00,    0.0000000000E+00,    0.0000000000E+00,    1.2842481384E+02
    115650,      0.676941,CP1_after_deposition,   1,    0.0000000000E+00,    1.2842481384E+02,    1.2842481384E+02,    0.0000000000E+00,    0.0000000000E+00,    0.0000000000E+00,    1.2842481384E+02
    115650,      0.676941,CP2_after_erosion,   1,    0.0000000000E+00,    1.2842481384E+02,    1.2842481384E+02,    0.0000000000E+00,    0.0000000000E+00,    0.0000000000E+00,    1.2842481384E+02
    115650,      0.676941,CP3_after_update_bottom,   1,    0.0000000000E+00,    1.2842481384E+02,    1.2842481384E+02,    0.0000000000E+00,    0.0000000000E+00,    0.0000000000E+00,    1.2842481384E+02
    115650,      0.676941,CP4_after_advection,   1,    0.0000000000E+00,    1.2842344741E+02,    1.2842344741E+02,    0.0000000000E+00,    0.0000000000E+00,    0.0000000000E+00,    1.2842344741E+02
    115650,      0.676941,CP5_after_vdif,   1,    0.0000000000E+00,    1.2842344741E+02,    1.2842344741E+02,    0.0000000000E+00,    0.0000000000E+00,    0.0000000000E+00,    1.2842344741E+02
    115650,      0.676941,CP6_after_kinetics,   1,    0.0000000000E+00,    1.2842344741E+02,    1.2842344741E+02,    0.0000000000E+00,    0.0000000000E+00,    0.0000000000E+00,    1.2842344741E+02
    115650,      0.676941,CP7_after_upper_clamp,   1,    0.0000000000E+00,    1.2842344741E+02,    1.2842344741E+02,    0.0000000000E+00,    0.0000000000E+00,    0.0000000000E+00,    1.2842344741E+02
    115650,      0.676941,CP8_after_OBC,   1,    0.0000000000E+00,    1.2842344741E+02,    1.2842344741E+02,    0.0000000000E+00,    0.0000000000E+00,    0.0000000000E+00,    1.2842344741E+02
    115650,      0.676941,CP9_after_PTsource,   1,    0.0000000000E+00,    1.2842344741E+02,    1.2842344741E+02,    0.0000000000E+00,    0.0000000000E+00,    0.0000000000E+00,    1.2842344741E+02
    115650,      0.676941,CP10_after_neg_clamp,   1,    0.0000000000E+00,    1.2842344741E+02,    1.2842344741E+02,    0.0000000000E+00,    0.0000000000E+00,    0.0000000000E+00,    1.2842344741E+02
    115650,      0.676941,CP11_after_MPI,   1,    0.0000000000E+00,    1.2842344741E+02,    1.2842344741E+02,    0.0000000000E+00,    0.0000000000E+00,    0.0000000000E+00,    1.2842344741E+02
    115650,      0.676941,CP12_end,   1,    0.0000000000E+00,    1.2842344741E+02,    1.2842344741E+02,    0.0000000000E+00,    0.0000000000E+00,    0.0000000000E+00,    1.2842344741E+02
    115700,      0.676941,CP0_start,   1,    0.0000000000E+00,    1.2851252499E+02,    1.2851252499E+02,    0.0000000000E+00,    0.0000000000E+00,    0.0000000000E+00,    1.2851252499E+02
    115700,      0.676941,CP1_after_deposition,   1,    0.0000000000E+00,    1.2851252499E+02,    1.2851252499E+02,    0.0000000000E+00,    0.0000000000E+00,    0.0000000000E+00,    1.2851252499E+02
    115700,      0.676941,CP2_after_erosion,   1,    0.0000000000E+00,    1.2851252499E+02,    1.2851252499E+02,    0.0000000000E+00,    0.0000000000E+00,    0.0000000000E+00,    1.2851252499E+02
    115700,      0.676941,CP3_after_update_bottom,   1,    0.0000000000E+00,    1.2851252499E+02,    1.2851252499E+02,    0.0000000000E+00,    0.0000000000E+00,    0.0000000000E+00,    1.2851252499E+02
    115700,      0.676941,CP4_after_advection,   1,    0.0000000000E+00,    1.2851118442E+02,    1.2851118442E+02,    0.0000000000E+00,    0.0000000000E+00,    0.0000000000E+00,    1.2851118442E+02
    115700,      0.676941,CP5_after_vdif,   1,    0.0000000000E+00,    1.2851118442E+02,    1.2851118442E+02,    0.0000000000E+00,    0.0000000000E+00,    0.0000000000E+00,    1.2851118442E+02
    115700,      0.676941,CP6_after_kinetics,   1,    0.0000000000E+00,    1.2851118442E+02,    1.2851118442E+02,    0.0000000000E+00,    0.0000000000E+00,    0.0000000000E+00,    1.2851118442E+02
    115700,      0.676941,CP7_after_upper_clamp,   1,    0.0000000000E+00,    1.2851118442E+02,    1.2851118442E+02,    0.0000000000E+00,    0.0000000000E+00,    0.0000000000E+00,    1.2851118442E+02
    115700,      0.676941,CP8_after_OBC,   1,    0.0000000000E+00,    1.2851118442E+02,    1.2851118442E+02,    0.0000000000E+00,    0.0000000000E+00,    0.0000000000E+00,    1.2851118442E+02
    115700,      0.676941,CP9_after_PTsource,   1,    0.0000000000E+00,    1.2851118442E+02,    1.2851118442E+02,    0.0000000000E+00,    0.0000000000E+00,    0.0000000000E+00,    1.2851118442E+02
    115700,      0.676941,CP10_after_neg_clamp,   1,    0.0000000000E+00,    1.2851118442E+02,    1.2851118442E+02,    0.0000000000E+00,    0.0000000000E+00,    0.0000000000E+00,    1.2851118442E+02
    115700,      0.676941,CP11_after_MPI,   1,    0.0000000000E+00,    1.2851118442E+02,    1.2851118442E+02,    0.0000000000E+00,    0.0000000000E+00,    0.0000000000E+00,    1.2851118442E+02
    115700,      0.676941,CP12_end,   1,    0.0000000000E+00,    1.2851118442E+02,    1.2851118442E+02,    0.0000000000E+00,    0.0000000000E+00,    0.0000000000E+00,    1.2851118442E+02
    115750,      0.676941,CP0_start,   1,    0.0000000000E+00,    1.2860012120E+02,    1.2860012120E+02,    0.0000000000E+00,    0.0000000000E+00,    0.0000000000E+00,    1.2860012120E+02
    115750,      0.676941,CP1_after_deposition,   1,    0.0000000000E+00,    1.2860012120E+02,    1.2860012120E+02,    0.0000000000E+00,    0.0000000000E+00,    0.0000000000E+00,    1.2860012120E+02
    115750,      0.676941,CP2_after_erosion,   1,    0.0000000000E+00,    1.2860012120E+02,    1.2860012120E+02,    0.0000000000E+00,    0.0000000000E+00,    0.0000000000E+00,    1.2860012120E+02
    115750,      0.676941,CP3_after_update_bottom,   1,    0.0000000000E+00,    1.2860012120E+02,    1.2860012120E+02,    0.0000000000E+00,    0.0000000000E+00,    0.0000000000E+00,    1.2860012120E+02
    115750,      0.676941,CP4_after_advection,   1,    0.0000000000E+00,    1.2859880881E+02,    1.2859880881E+02,    0.0000000000E+00,    0.0000000000E+00,    0.0000000000E+00,    1.2859880881E+02
    115750,      0.676941,CP5_after_vdif,   1,    0.0000000000E+00,    1.2859880881E+02,    1.2859880881E+02,    0.0000000000E+00,    0.0000000000E+00,    0.0000000000E+00,    1.2859880881E+02
    115750,      0.676941,CP6_after_kinetics,   1,    0.0000000000E+00,    1.2859880881E+02,    1.2859880881E+02,    0.0000000000E+00,    0.0000000000E+00,    0.0000000000E+00,    1.2859880881E+02
    115750,      0.676941,CP7_after_upper_clamp,   1,    0.0000000000E+00,    1.2859880881E+02,    1.2859880881E+02,    0.0000000000E+00,    0.0000000000E+00,    0.0000000000E+00,    1.2859880881E+02
    115750,      0.676941,CP8_after_OBC,   1,    0.0000000000E+00,    1.2859880881E+02,    1.2859880881E+02,    0.0000000000E+00,    0.0000000000E+00,    0.0000000000E+00,    1.2859880881E+02
    115750,      0.676941,CP9_after_PTsource,   1,    0.0000000000E+00,    1.2859880881E+02,    1.2859880881E+02,    0.0000000000E+00,    0.0000000000E+00,    0.0000000000E+00,    1.2859880881E+02
    115750,      0.676941,CP10_after_neg_clamp,   1,    0.0000000000E+00,    1.2859880881E+02,    1.2859880881E+02,    0.0000000000E+00,    0.0000000000E+00,    0.0000000000E+00,    1.2859880881E+02
    115750,      0.676941,CP11_after_MPI,   1,    0.0000000000E+00,    1.2859880881E+02,    1.2859880881E+02,    0.0000000000E+00,    0.0000000000E+00,    0.0000000000E+00,    1.2859880881E+02
    115750,      0.676941,CP12_end,   1,    0.0000000000E+00,    1.2859880881E+02,    1.2859880881E+02,    0.0000000000E+00,    0.0000000000E+00,    0.0000000000E+00,    1.2859880881E+02
    115800,      0.676941,CP0_start,   1,    0.0000000000E+00,    1.2868764486E+02,    1.2868764486E+02,    0.0000000000E+00,    0.0000000000E+00,    0.0000000000E+00,    1.2868764486E+02
    115800,      0.676941,CP1_after_deposition,   1,    0.0000000000E+00,    1.2868764486E+02,    1.2868764486E+02,    0.0000000000E+00,    0.0000000000E+00,    0.0000000000E+00,    1.2868764486E+02
    115800,      0.676941,CP2_after_erosion,   1,    0.0000000000E+00,    1.2868764486E+02,    1.2868764486E+02,    0.0000000000E+00,    0.0000000000E+00,    0.0000000000E+00,    1.2868764486E+02
    115800,      0.676941,CP3_after_update_bottom,   1,    0.0000000000E+00,    1.2868764486E+02,    1.2868764486E+02,    0.0000000000E+00,    0.0000000000E+00,    0.0000000000E+00,    1.2868764486E+02
    115800,      0.676941,CP4_after_advection,   1,    0.0000000000E+00,    1.2868636103E+02,    1.2868636103E+02,    0.0000000000E+00,    0.0000000000E+00,    0.0000000000E+00,    1.2868636103E+02
    115800,      0.676941,CP5_after_vdif,   1,    0.0000000000E+00,    1.2868636103E+02,    1.2868636103E+02,    0.0000000000E+00,    0.0000000000E+00,    0.0000000000E+00,    1.2868636103E+02
    115800,      0.676941,CP6_after_kinetics,   1,    0.0000000000E+00,    1.2868636103E+02,    1.2868636103E+02,    0.0000000000E+00,    0.0000000000E+00,    0.0000000000E+00,    1.2868636103E+02
    115800,      0.676941,CP7_after_upper_clamp,   1,    0.0000000000E+00,    1.2868636103E+02,    1.2868636103E+02,    0.0000000000E+00,    0.0000000000E+00,    0.0000000000E+00,    1.2868636103E+02
    115800,      0.676941,CP8_after_OBC,   1,    0.0000000000E+00,    1.2868636103E+02,    1.2868636103E+02,    0.0000000000E+00,    0.0000000000E+00,    0.0000000000E+00,    1.2868636103E+02
    115800,      0.676941,CP9_after_PTsource,   1,    0.0000000000E+00,    1.2868636103E+02,    1.2868636103E+02,    0.0000000000E+00,    0.0000000000E+00,    0.0000000000E+00,    1.2868636103E+02
    115800,      0.676941,CP10_after_neg_clamp,   1,    0.0000000000E+00,    1.2868636103E+02,    1.2868636103E+02,    0.0000000000E+00,    0.0000000000E+00,    0.0000000000E+00,    1.2868636103E+02
    115800,      0.676941,CP11_after_MPI,   1,    0.0000000000E+00,    1.2868636103E+02,    1.2868636103E+02,    0.0000000000E+00,    0.0000000000E+00,    0.0000000000E+00,    1.2868636103E+02
    115800,      0.676941,CP12_end,   1,    0.0000000000E+00,    1.2868636103E+02,    1.2868636103E+02,    0.0000000000E+00,    0.0000000000E+00,    0.0000000000E+00,    1.2868636103E+02
    115850,      0.676941,CP0_start,   1,    0.0000000000E+00,    1.2877507334E+02,    1.2877507334E+02,    0.0000000000E+00,    0.0000000000E+00,    0.0000000000E+00,    1.2877507334E+02
    115850,      0.676941,CP1_after_deposition,   1,    0.0000000000E+00,    1.2877507334E+02,    1.2877507334E+02,    0.0000000000E+00,    0.0000000000E+00,    0.0000000000E+00,    1.2877507334E+02
    115850,      0.676941,CP2_after_erosion,   1,    0.0000000000E+00,    1.2877507334E+02,    1.2877507334E+02,    0.0000000000E+00,    0.0000000000E+00,    0.0000000000E+00,    1.2877507334E+02
    115850,      0.676941,CP3_after_update_bottom,   1,    0.0000000000E+00,    1.2877507334E+02,    1.2877507334E+02,    0.0000000000E+00,    0.0000000000E+00,    0.0000000000E+00,    1.2877507334E+02
    115850,      0.676941,CP4_after_advection,   1,    0.0000000000E+00,    1.2877381705E+02,    1.2877381705E+02,    0.0000000000E+00,    0.0000000000E+00,    0.0000000000E+00,    1.2877381705E+02
    115850,      0.676941,CP5_after_vdif,   1,    0.0000000000E+00,    1.2877381705E+02,    1.2877381705E+02,    0.0000000000E+00,    0.0000000000E+00,    0.0000000000E+00,    1.2877381705E+02
    115850,      0.676941,CP6_after_kinetics,   1,    0.0000000000E+00,    1.2877381705E+02,    1.2877381705E+02,    0.0000000000E+00,    0.0000000000E+00,    0.0000000000E+00,    1.2877381705E+02
    115850,      0.676941,CP7_after_upper_clamp,   1,    0.0000000000E+00,    1.2877381705E+02,    1.2877381705E+02,    0.0000000000E+00,    0.0000000000E+00,    0.0000000000E+00,    1.2877381705E+02
    115850,      0.676941,CP8_after_OBC,   1,    0.0000000000E+00,    1.2877381705E+02,    1.2877381705E+02,    0.0000000000E+00,    0.0000000000E+00,    0.0000000000E+00,    1.2877381705E+02
    115850,      0.676941,CP9_after_PTsource,   1,    0.0000000000E+00,    1.2877381705E+02,    1.2877381705E+02,    0.0000000000E+00,    0.0000000000E+00,    0.0000000000E+00,    1.2877381705E+02
    115850,      0.676941,CP10_after_neg_clamp,   1,    0.0000000000E+00,    1.2877381705E+02,    1.2877381705E+02,    0.0000000000E+00,    0.0000000000E+00,    0.0000000000E+00,    1.2877381705E+02
    115850,      0.676941,CP11_after_MPI,   1,    0.0000000000E+00,    1.2877381705E+02,    1.2877381705E+02,    0.0000000000E+00,    0.0000000000E+00,    0.0000000000E+00,    1.2877381705E+02
    115850,      0.676941,CP12_end,   1,    0.0000000000E+00,    1.2877381705E+02,    1.2877381705E+02,    0.0000000000E+00,    0.0000000000E+00,    0.0000000000E+00,    1.2877381705E+02
    115900,      0.676941,CP0_start,   1,    0.0000000000E+00,    1.2886243992E+02,    1.2886243992E+02,    0.0000000000E+00,    0.0000000000E+00,    0.0000000000E+00,    1.2886243992E+02
    115900,      0.676941,CP1_after_deposition,   1,    0.0000000000E+00,    1.2886243992E+02,    1.2886243992E+02,    0.0000000000E+00,    0.0000000000E+00,    0.0000000000E+00,    1.2886243992E+02
    115900,      0.676941,CP2_after_erosion,   1,    0.0000000000E+00,    1.2886243992E+02,    1.2886243992E+02,    0.0000000000E+00,    0.0000000000E+00,    0.0000000000E+00,    1.2886243992E+02
    115900,      0.676941,CP3_after_update_bottom,   1,    0.0000000000E+00,    1.2886243992E+02,    1.2886243992E+02,    0.0000000000E+00,    0.0000000000E+00,    0.0000000000E+00,    1.2886243992E+02
    115900,      0.676941,CP4_after_advection,   1,    0.0000000000E+00,    1.2886121181E+02,    1.2886121181E+02,    0.0000000000E+00,    0.0000000000E+00,    0.0000000000E+00,    1.2886121181E+02
    115900,      0.676941,CP5_after_vdif,   1,    0.0000000000E+00,    1.2886121181E+02,    1.2886121181E+02,    0.0000000000E+00,    0.0000000000E+00,    0.0000000000E+00,    1.2886121181E+02
    115900,      0.676941,CP6_after_kinetics,   1,    0.0000000000E+00,    1.2886121181E+02,    1.2886121181E+02,    0.0000000000E+00,    0.0000000000E+00,    0.0000000000E+00,    1.2886121181E+02
    115900,      0.676941,CP7_after_upper_clamp,   1,    0.0000000000E+00,    1.2886121181E+02,    1.2886121181E+02,    0.0000000000E+00,    0.0000000000E+00,    0.0000000000E+00,    1.2886121181E+02
    115900,      0.676941,CP8_after_OBC,   1,    0.0000000000E+00,    1.2886121181E+02,    1.2886121181E+02,    0.0000000000E+00,    0.0000000000E+00,    0.0000000000E+00,    1.2886121181E+02
    115900,      0.676941,CP9_after_PTsource,   1,    0.0000000000E+00,    1.2886121181E+02,    1.2886121181E+02,    0.0000000000E+00,    0.0000000000E+00,    0.0000000000E+00,    1.2886121181E+02
    115900,      0.676941,CP10_after_neg_clamp,   1,    0.0000000000E+00,    1.2886121181E+02,    1.2886121181E+02,    0.0000000000E+00,    0.0000000000E+00,    0.0000000000E+00,    1.2886121181E+02
    115900,      0.676941,CP11_after_MPI,   1,    0.0000000000E+00,    1.2886121181E+02,    1.2886121181E+02,    0.0000000000E+00,    0.0000000000E+00,    0.0000000000E+00,    1.2886121181E+02
    115900,      0.676941,CP12_end,   1,    0.0000000000E+00,    1.2886121181E+02,    1.2886121181E+02,    0.0000000000E+00,    0.0000000000E+00,    0.0000000000E+00,    1.2886121181E+02
    115950,      0.676941,CP0_start,   1,    0.0000000000E+00,    1.2894980107E+02,    1.2894980107E+02,    0.0000000000E+00,    0.0000000000E+00,    0.0000000000E+00,    1.2894980107E+02
    115950,      0.676941,CP1_after_deposition,   1,    0.0000000000E+00,    1.2894980107E+02,    1.2894980107E+02,    0.0000000000E+00,    0.0000000000E+00,    0.0000000000E+00,    1.2894980107E+02
    115950,      0.676941,CP2_after_erosion,   1,    0.0000000000E+00,    1.2894980107E+02,    1.2894980107E+02,    0.0000000000E+00,    0.0000000000E+00,    0.0000000000E+00,    1.2894980107E+02
    115950,      0.676941,CP3_after_update_bottom,   1,    0.0000000000E+00,    1.2894980107E+02,    1.2894980107E+02,    0.0000000000E+00,    0.0000000000E+00,    0.0000000000E+00,    1.2894980107E+02
    115950,      0.676941,CP4_after_advection,   1,    0.0000000000E+00,    1.2894860473E+02,    1.2894860473E+02,    0.0000000000E+00,    0.0000000000E+00,    0.0000000000E+00,    1.2894860473E+02
    115950,      0.676941,CP5_after_vdif,   1,    0.0000000000E+00,    1.2894860473E+02,    1.2894860473E+02,    0.0000000000E+00,    0.0000000000E+00,    0.0000000000E+00,    1.2894860473E+02
    115950,      0.676941,CP6_after_kinetics,   1,    0.0000000000E+00,    1.2894860473E+02,    1.2894860473E+02,    0.0000000000E+00,    0.0000000000E+00,    0.0000000000E+00,    1.2894860473E+02
    115950,      0.676941,CP7_after_upper_clamp,   1,    0.0000000000E+00,    1.2894860473E+02,    1.2894860473E+02,    0.0000000000E+00,    0.0000000000E+00,    0.0000000000E+00,    1.2894860473E+02
    115950,      0.676941,CP8_after_OBC,   1,    0.0000000000E+00,    1.2894860473E+02,    1.2894860473E+02,    0.0000000000E+00,    0.0000000000E+00,    0.0000000000E+00,    1.2894860473E+02
    115950,      0.676941,CP9_after_PTsource,   1,    0.0000000000E+00,    1.2894860473E+02,    1.2894860473E+02,    0.0000000000E+00,    0.0000000000E+00,    0.0000000000E+00,    1.2894860473E+02
    115950,      0.676941,CP10_after_neg_clamp,   1,    0.0000000000E+00,    1.2894860473E+02,    1.2894860473E+02,    0.0000000000E+00,    0.0000000000E+00,    0.0000000000E+00,    1.2894860473E+02
    115950,      0.676941,CP11_after_MPI,   1,    0.0000000000E+00,    1.2894860473E+02,    1.2894860473E+02,    0.0000000000E+00,    0.0000000000E+00,    0.0000000000E+00,    1.2894860473E+02
    115950,      0.676941,CP12_end,   1,    0.0000000000E+00,    1.2894860473E+02,    1.2894860473E+02,    0.0000000000E+00,    0.0000000000E+00,    0.0000000000E+00,    1.2894860473E+02
    116000,      0.676941,CP0_start,   1,    0.0000000000E+00,    1.2903724464E+02,    1.2903724464E+02,    0.0000000000E+00,    0.0000000000E+00,    0.0000000000E+00,    1.2903724464E+02
    116000,      0.676941,CP1_after_deposition,   1,    0.0000000000E+00,    1.2903724464E+02,    1.2903724464E+02,    0.0000000000E+00,    0.0000000000E+00,    0.0000000000E+00,    1.2903724464E+02
    116000,      0.676941,CP2_after_erosion,   1,    0.0000000000E+00,    1.2903724464E+02,    1.2903724464E+02,    0.0000000000E+00,    0.0000000000E+00,    0.0000000000E+00,    1.2903724464E+02
    116000,      0.676941,CP3_after_update_bottom,   1,    0.0000000000E+00,    1.2903724464E+02,    1.2903724464E+02,    0.0000000000E+00,    0.0000000000E+00,    0.0000000000E+00,    1.2903724464E+02
    116000,      0.676941,CP4_after_advection,   1,    0.0000000000E+00,    1.2903608078E+02,    1.2903608078E+02,    0.0000000000E+00,    0.0000000000E+00,    0.0000000000E+00,    1.2903608078E+02
    116000,      0.676941,CP5_after_vdif,   1,    0.0000000000E+00,    1.2903608078E+02,    1.2903608078E+02,    0.0000000000E+00,    0.0000000000E+00,    0.0000000000E+00,    1.2903608078E+02
    116000,      0.676941,CP6_after_kinetics,   1,    0.0000000000E+00,    1.2903608078E+02,    1.2903608078E+02,    0.0000000000E+00,    0.0000000000E+00,    0.0000000000E+00,    1.2903608078E+02
    116000,      0.676941,CP7_after_upper_clamp,   1,    0.0000000000E+00,    1.2903608078E+02,    1.2903608078E+02,    0.0000000000E+00,    0.0000000000E+00,    0.0000000000E+00,    1.2903608078E+02
    116000,      0.676941,CP8_after_OBC,   1,    0.0000000000E+00,    1.2903608078E+02,    1.2903608078E+02,    0.0000000000E+00,    0.0000000000E+00,    0.0000000000E+00,    1.2903608078E+02
    116000,      0.676941,CP9_after_PTsource,   1,    0.0000000000E+00,    1.2903608078E+02,    1.2903608078E+02,    0.0000000000E+00,    0.0000000000E+00,    0.0000000000E+00,    1.2903608078E+02
    116000,      0.676941,CP10_after_neg_clamp,   1,    0.0000000000E+00,    1.2903608078E+02,    1.2903608078E+02,    0.0000000000E+00,    0.0000000000E+00,    0.0000000000E+00,    1.2903608078E+02
    116000,      0.676941,CP11_after_MPI,   1,    0.0000000000E+00,    1.2903608078E+02,    1.2903608078E+02,    0.0000000000E+00,    0.0000000000E+00,    0.0000000000E+00,    1.2903608078E+02
    116000,      0.676941,CP12_end,   1,    0.0000000000E+00,    1.2903608078E+02,    1.2903608078E+02,    0.0000000000E+00,    0.0000000000E+00,    0.0000000000E+00,    1.2903608078E+02
    116050,      0.676941,CP0_start,   1,    0.0000000000E+00,    1.2912482781E+02,    1.2912482781E+02,    0.0000000000E+00,    0.0000000000E+00,    0.0000000000E+00,    1.2912482781E+02
    116050,      0.676941,CP1_after_deposition,   1,    0.0000000000E+00,    1.2912482781E+02,    1.2912482781E+02,    0.0000000000E+00,    0.0000000000E+00,    0.0000000000E+00,    1.2912482781E+02
    116050,      0.676941,CP2_after_erosion,   1,    0.0000000000E+00,    1.2912482781E+02,    1.2912482781E+02,    0.0000000000E+00,    0.0000000000E+00,    0.0000000000E+00,    1.2912482781E+02
    116050,      0.676941,CP3_after_update_bottom,   1,    0.0000000000E+00,    1.2912482781E+02,    1.2912482781E+02,    0.0000000000E+00,    0.0000000000E+00,    0.0000000000E+00,    1.2912482781E+02
    116050,      0.676941,CP4_after_advection,   1,    0.0000000000E+00,    1.2912370221E+02,    1.2912370221E+02,    0.0000000000E+00,    0.0000000000E+00,    0.0000000000E+00,    1.2912370221E+02
    116050,      0.676941,CP5_after_vdif,   1,    0.0000000000E+00,    1.2912370221E+02,    1.2912370221E+02,    0.0000000000E+00,    0.0000000000E+00,    0.0000000000E+00,    1.2912370221E+02
    116050,      0.676941,CP6_after_kinetics,   1,    0.0000000000E+00,    1.2912370221E+02,    1.2912370221E+02,    0.0000000000E+00,    0.0000000000E+00,    0.0000000000E+00,    1.2912370221E+02
    116050,      0.676941,CP7_after_upper_clamp,   1,    0.0000000000E+00,    1.2912370221E+02,    1.2912370221E+02,    0.0000000000E+00,    0.0000000000E+00,    0.0000000000E+00,    1.2912370221E+02
    116050,      0.676941,CP8_after_OBC,   1,    0.0000000000E+00,    1.2912370221E+02,    1.2912370221E+02,    0.0000000000E+00,    0.0000000000E+00,    0.0000000000E+00,    1.2912370221E+02
    116050,      0.676941,CP9_after_PTsource,   1,    0.0000000000E+00,    1.2912370221E+02,    1.2912370221E+02,    0.0000000000E+00,    0.0000000000E+00,    0.0000000000E+00,    1.2912370221E+02
    116050,      0.676941,CP10_after_neg_clamp,   1,    0.0000000000E+00,    1.2912370221E+02,    1.2912370221E+02,    0.0000000000E+00,    0.0000000000E+00,    0.0000000000E+00,    1.2912370221E+02
    116050,      0.676941,CP11_after_MPI,   1,    0.0000000000E+00,    1.2912370221E+02,    1.2912370221E+02,    0.0000000000E+00,    0.0000000000E+00,    0.0000000000E+00,    1.2912370221E+02
    116050,      0.676941,CP12_end,   1,    0.0000000000E+00,    1.2912370221E+02,    1.2912370221E+02,    0.0000000000E+00,    0.0000000000E+00,    0.0000000000E+00,    1.2912370221E+02
    116100,      0.676941,CP0_start,   1,    0.0000000000E+00,    1.2921262386E+02,    1.2921262386E+02,    0.0000000000E+00,    0.0000000000E+00,    0.0000000000E+00,    1.2921262386E+02
    116100,      0.676941,CP1_after_deposition,   1,    0.0000000000E+00,    1.2921262386E+02,    1.2921262386E+02,    0.0000000000E+00,    0.0000000000E+00,    0.0000000000E+00,    1.2921262386E+02
    116100,      0.676941,CP2_after_erosion,   1,    0.0000000000E+00,    1.2921262386E+02,    1.2921262386E+02,    0.0000000000E+00,    0.0000000000E+00,    0.0000000000E+00,    1.2921262386E+02
    116100,      0.676941,CP3_after_update_bottom,   1,    0.0000000000E+00,    1.2921262386E+02,    1.2921262386E+02,    0.0000000000E+00,    0.0000000000E+00,    0.0000000000E+00,    1.2921262386E+02
    116100,      0.676941,CP4_after_advection,   1,    0.0000000000E+00,    1.2921153912E+02,    1.2921153912E+02,    0.0000000000E+00,    0.0000000000E+00,    0.0000000000E+00,    1.2921153912E+02
    116100,      0.676941,CP5_after_vdif,   1,    0.0000000000E+00,    1.2921153912E+02,    1.2921153912E+02,    0.0000000000E+00,    0.0000000000E+00,    0.0000000000E+00,    1.2921153912E+02
    116100,      0.676941,CP6_after_kinetics,   1,    0.0000000000E+00,    1.2921153912E+02,    1.2921153912E+02,    0.0000000000E+00,    0.0000000000E+00,    0.0000000000E+00,    1.2921153912E+02
    116100,      0.676941,CP7_after_upper_clamp,   1,    0.0000000000E+00,    1.2921153912E+02,    1.2921153912E+02,    0.0000000000E+00,    0.0000000000E+00,    0.0000000000E+00,    1.2921153912E+02
    116100,      0.676941,CP8_after_OBC,   1,    0.0000000000E+00,    1.2921153912E+02,    1.2921153912E+02,    0.0000000000E+00,    0.0000000000E+00,    0.0000000000E+00,    1.2921153912E+02
    116100,      0.676941,CP9_after_PTsource,   1,    0.0000000000E+00,    1.2921153912E+02,    1.2921153912E+02,    0.0000000000E+00,    0.0000000000E+00,    0.0000000000E+00,    1.2921153912E+02
    116100,      0.676941,CP10_after_neg_clamp,   1,    0.0000000000E+00,    1.2921153912E+02,    1.2921153912E+02,    0.0000000000E+00,    0.0000000000E+00,    0.0000000000E+00,    1.2921153912E+02
    116100,      0.676941,CP11_after_MPI,   1,    0.0000000000E+00,    1.2921153912E+02,    1.2921153912E+02,    0.0000000000E+00,    0.0000000000E+00,    0.0000000000E+00,    1.2921153912E+02
    116100,      0.676941,CP12_end,   1,    0.0000000000E+00,    1.2921153912E+02,    1.2921153912E+02,    0.0000000000E+00,    0.0000000000E+00,    0.0000000000E+00,    1.2921153912E+02
    116150,      0.676941,CP0_start,   1,    0.0000000000E+00,    1.2930055102E+02,    1.2930055102E+02,    0.0000000000E+00,    0.0000000000E+00,    0.0000000000E+00,    1.2930055102E+02
    116150,      0.676941,CP1_after_deposition,   1,    0.0000000000E+00,    1.2930055102E+02,    1.2930055102E+02,    0.0000000000E+00,    0.0000000000E+00,    0.0000000000E+00,    1.2930055102E+02
    116150,      0.676941,CP2_after_erosion,   1,    0.0000000000E+00,    1.2930055102E+02,    1.2930055102E+02,    0.0000000000E+00,    0.0000000000E+00,    0.0000000000E+00,    1.2930055102E+02
    116150,      0.676941,CP3_after_update_bottom,   1,    0.0000000000E+00,    1.2930055102E+02,    1.2930055102E+02,    0.0000000000E+00,    0.0000000000E+00,    0.0000000000E+00,    1.2930055102E+02
    116150,      0.676941,CP4_after_advection,   1,    0.0000000000E+00,    1.2929950655E+02,    1.2929950655E+02,    0.0000000000E+00,    0.0000000000E+00,    0.0000000000E+00,    1.2929950655E+02
    116150,      0.676941,CP5_after_vdif,   1,    0.0000000000E+00,    1.2929950655E+02,    1.2929950655E+02,    0.0000000000E+00,    0.0000000000E+00,    0.0000000000E+00,    1.2929950655E+02
    116150,      0.676941,CP6_after_kinetics,   1,    0.0000000000E+00,    1.2929950655E+02,    1.2929950655E+02,    0.0000000000E+00,    0.0000000000E+00,    0.0000000000E+00,    1.2929950655E+02
    116150,      0.676941,CP7_after_upper_clamp,   1,    0.0000000000E+00,    1.2929950655E+02,    1.2929950655E+02,    0.0000000000E+00,    0.0000000000E+00,    0.0000000000E+00,    1.2929950655E+02
    116150,      0.676941,CP8_after_OBC,   1,    0.0000000000E+00,    1.2929950655E+02,    1.2929950655E+02,    0.0000000000E+00,    0.0000000000E+00,    0.0000000000E+00,    1.2929950655E+02
    116150,      0.676941,CP9_after_PTsource,   1,    0.0000000000E+00,    1.2929950655E+02,    1.2929950655E+02,    0.0000000000E+00,    0.0000000000E+00,    0.0000000000E+00,    1.2929950655E+02
    116150,      0.676941,CP10_after_neg_clamp,   1,    0.0000000000E+00,    1.2929950655E+02,    1.2929950655E+02,    0.0000000000E+00,    0.0000000000E+00,    0.0000000000E+00,    1.2929950655E+02
    116150,      0.676941,CP11_after_MPI,   1,    0.0000000000E+00,    1.2929950655E+02,    1.2929950655E+02,    0.0000000000E+00,    0.0000000000E+00,    0.0000000000E+00,    1.2929950655E+02
    116150,      0.676941,CP12_end,   1,    0.0000000000E+00,    1.2929950655E+02,    1.2929950655E+02,    0.0000000000E+00,    0.0000000000E+00,    0.0000000000E+00,    1.2929950655E+02
    116200,      0.676941,CP0_start,   1,    0.0000000000E+00,    1.2938882087E+02,    1.2938882087E+02,    0.0000000000E+00,    0.0000000000E+00,    0.0000000000E+00,    1.2938882087E+02
    116200,      0.676941,CP1_after_deposition,   1,    0.0000000000E+00,    1.2938882087E+02,    1.2938882087E+02,    0.0000000000E+00,    0.0000000000E+00,    0.0000000000E+00,    1.2938882087E+02
    116200,      0.676941,CP2_after_erosion,   1,    0.0000000000E+00,    1.2938882087E+02,    1.2938882087E+02,    0.0000000000E+00,    0.0000000000E+00,    0.0000000000E+00,    1.2938882087E+02
    116200,      0.676941,CP3_after_update_bottom,   1,    0.0000000000E+00,    1.2938882087E+02,    1.2938882087E+02,    0.0000000000E+00,    0.0000000000E+00,    0.0000000000E+00,    1.2938882087E+02
    116200,      0.676941,CP4_after_advection,   1,    0.0000000000E+00,    1.2938782293E+02,    1.2938782293E+02,    0.0000000000E+00,    0.0000000000E+00,    0.0000000000E+00,    1.2938782293E+02
    116200,      0.676941,CP5_after_vdif,   1,    0.0000000000E+00,    1.2938782293E+02,    1.2938782293E+02,    0.0000000000E+00,    0.0000000000E+00,    0.0000000000E+00,    1.2938782293E+02
    116200,      0.676941,CP6_after_kinetics,   1,    0.0000000000E+00,    1.2938782293E+02,    1.2938782293E+02,    0.0000000000E+00,    0.0000000000E+00,    0.0000000000E+00,    1.2938782293E+02
    116200,      0.676941,CP7_after_upper_clamp,   1,    0.0000000000E+00,    1.2938782293E+02,    1.2938782293E+02,    0.0000000000E+00,    0.0000000000E+00,    0.0000000000E+00,    1.2938782293E+02
    116200,      0.676941,CP8_after_OBC,   1,    0.0000000000E+00,    1.2938782293E+02,    1.2938782293E+02,    0.0000000000E+00,    0.0000000000E+00,    0.0000000000E+00,    1.2938782293E+02
    116200,      0.676941,CP9_after_PTsource,   1,    0.0000000000E+00,    1.2938782293E+02,    1.2938782293E+02,    0.0000000000E+00,    0.0000000000E+00,    0.0000000000E+00,    1.2938782293E+02
    116200,      0.676941,CP10_after_neg_clamp,   1,    0.0000000000E+00,    1.2938782293E+02,    1.2938782293E+02,    0.0000000000E+00,    0.0000000000E+00,    0.0000000000E+00,    1.2938782293E+02
    116200,      0.676941,CP11_after_MPI,   1,    0.0000000000E+00,    1.2938782293E+02,    1.2938782293E+02,    0.0000000000E+00,    0.0000000000E+00,    0.0000000000E+00,    1.2938782293E+02
    116200,      0.676941,CP12_end,   1,    0.0000000000E+00,    1.2938782293E+02,    1.2938782293E+02,    0.0000000000E+00,    0.0000000000E+00,    0.0000000000E+00,    1.2938782293E+02
    116250,      0.676941,CP0_start,   1,    0.0000000000E+00,    1.2947750623E+02,    1.2947750623E+02,    0.0000000000E+00,    0.0000000000E+00,    0.0000000000E+00,    1.2947750623E+02
    116250,      0.676941,CP1_after_deposition,   1,    0.0000000000E+00,    1.2947750623E+02,    1.2947750623E+02,    0.0000000000E+00,    0.0000000000E+00,    0.0000000000E+00,    1.2947750623E+02
    116250,      0.676941,CP2_after_erosion,   1,    0.0000000000E+00,    1.2947750623E+02,    1.2947750623E+02,    0.0000000000E+00,    0.0000000000E+00,    0.0000000000E+00,    1.2947750623E+02
    116250,      0.676941,CP3_after_update_bottom,   1,    0.0000000000E+00,    1.2947750623E+02,    1.2947750623E+02,    0.0000000000E+00,    0.0000000000E+00,    0.0000000000E+00,    1.2947750623E+02
    116250,      0.676941,CP4_after_advection,   1,    0.0000000000E+00,    1.2947656002E+02,    1.2947656002E+02,    0.0000000000E+00,    0.0000000000E+00,    0.0000000000E+00,    1.2947656002E+02
    116250,      0.676941,CP5_after_vdif,   1,    0.0000000000E+00,    1.2947656002E+02,    1.2947656002E+02,    0.0000000000E+00,    0.0000000000E+00,    0.0000000000E+00,    1.2947656002E+02
    116250,      0.676941,CP6_after_kinetics,   1,    0.0000000000E+00,    1.2947656002E+02,    1.2947656002E+02,    0.0000000000E+00,    0.0000000000E+00,    0.0000000000E+00,    1.2947656002E+02
    116250,      0.676941,CP7_after_upper_clamp,   1,    0.0000000000E+00,    1.2947656002E+02,    1.2947656002E+02,    0.0000000000E+00,    0.0000000000E+00,    0.0000000000E+00,    1.2947656002E+02
    116250,      0.676941,CP8_after_OBC,   1,    0.0000000000E+00,    1.2947656002E+02,    1.2947656002E+02,    0.0000000000E+00,    0.0000000000E+00,    0.0000000000E+00,    1.2947656002E+02
    116250,      0.676941,CP9_after_PTsource,   1,    0.0000000000E+00,    1.2947656002E+02,    1.2947656002E+02,    0.0000000000E+00,    0.0000000000E+00,    0.0000000000E+00,    1.2947656002E+02
    116250,      0.676941,CP10_after_neg_clamp,   1,    0.0000000000E+00,    1.2947656002E+02,    1.2947656002E+02,    0.0000000000E+00,    0.0000000000E+00,    0.0000000000E+00,    1.2947656002E+02
    116250,      0.676941,CP11_after_MPI,   1,    0.0000000000E+00,    1.2947656002E+02,    1.2947656002E+02,    0.0000000000E+00,    0.0000000000E+00,    0.0000000000E+00,    1.2947656002E+02
    116250,      0.676941,CP12_end,   1,    0.0000000000E+00,    1.2947656002E+02,    1.2947656002E+02,    0.0000000000E+00,    0.0000000000E+00,    0.0000000000E+00,    1.2947656002E+02
    116300,      0.676941,CP0_start,   1,    0.0000000000E+00,    1.2956665641E+02,    1.2956665641E+02,    0.0000000000E+00,    0.0000000000E+00,    0.0000000000E+00,    1.2956665641E+02
    116300,      0.676941,CP1_after_deposition,   1,    0.0000000000E+00,    1.2956665641E+02,    1.2956665641E+02,    0.0000000000E+00,    0.0000000000E+00,    0.0000000000E+00,    1.2956665641E+02
    116300,      0.676941,CP2_after_erosion,   1,    0.0000000000E+00,    1.2956665641E+02,    1.2956665641E+02,    0.0000000000E+00,    0.0000000000E+00,    0.0000000000E+00,    1.2956665641E+02
    116300,      0.676941,CP3_after_update_bottom,   1,    0.0000000000E+00,    1.2956665641E+02,    1.2956665641E+02,    0.0000000000E+00,    0.0000000000E+00,    0.0000000000E+00,    1.2956665641E+02
    116300,      0.676941,CP4_after_advection,   1,    0.0000000000E+00,    1.2956576261E+02,    1.2956576261E+02,    0.0000000000E+00,    0.0000000000E+00,    0.0000000000E+00,    1.2956576261E+02
    116300,      0.676941,CP5_after_vdif,   1,    0.0000000000E+00,    1.2956576261E+02,    1.2956576261E+02,    0.0000000000E+00,    0.0000000000E+00,    0.0000000000E+00,    1.2956576261E+02
    116300,      0.676941,CP6_after_kinetics,   1,    0.0000000000E+00,    1.2956576261E+02,    1.2956576261E+02,    0.0000000000E+00,    0.0000000000E+00,    0.0000000000E+00,    1.2956576261E+02
    116300,      0.676941,CP7_after_upper_clamp,   1,    0.0000000000E+00,    1.2956576261E+02,    1.2956576261E+02,    0.0000000000E+00,    0.0000000000E+00,    0.0000000000E+00,    1.2956576261E+02
    116300,      0.676941,CP8_after_OBC,   1,    0.0000000000E+00,    1.2956576261E+02,    1.2956576261E+02,    0.0000000000E+00,    0.0000000000E+00,    0.0000000000E+00,    1.2956576261E+02
    116300,      0.676941,CP9_after_PTsource,   1,    0.0000000000E+00,    1.2956576261E+02,    1.2956576261E+02,    0.0000000000E+00,    0.0000000000E+00,    0.0000000000E+00,    1.2956576261E+02
    116300,      0.676941,CP10_after_neg_clamp,   1,    0.0000000000E+00,    1.2956576261E+02,    1.2956576261E+02,    0.0000000000E+00,    0.0000000000E+00,    0.0000000000E+00,    1.2956576261E+02
    116300,      0.676941,CP11_after_MPI,   1,    0.0000000000E+00,    1.2956576261E+02,    1.2956576261E+02,    0.0000000000E+00,    0.0000000000E+00,    0.0000000000E+00,    1.2956576261E+02
    116300,      0.676941,CP12_end,   1,    0.0000000000E+00,    1.2956576261E+02,    1.2956576261E+02,    0.0000000000E+00,    0.0000000000E+00,    0.0000000000E+00,    1.2956576261E+02
    116350,      0.676941,CP0_start,   1,    0.0000000000E+00,    1.2965628473E+02,    1.2965628473E+02,    0.0000000000E+00,    0.0000000000E+00,    0.0000000000E+00,    1.2965628473E+02
    116350,      0.676941,CP1_after_deposition,   1,    0.0000000000E+00,    1.2965628473E+02,    1.2965628473E+02,    0.0000000000E+00,    0.0000000000E+00,    0.0000000000E+00,    1.2965628473E+02
    116350,      0.676941,CP2_after_erosion,   1,    0.0000000000E+00,    1.2965628473E+02,    1.2965628473E+02,    0.0000000000E+00,    0.0000000000E+00,    0.0000000000E+00,    1.2965628473E+02
    116350,      0.676941,CP3_after_update_bottom,   1,    0.0000000000E+00,    1.2965628473E+02,    1.2965628473E+02,    0.0000000000E+00,    0.0000000000E+00,    0.0000000000E+00,    1.2965628473E+02
    116350,      0.676941,CP4_after_advection,   1,    0.0000000000E+00,    1.2965544617E+02,    1.2965544617E+02,    0.0000000000E+00,    0.0000000000E+00,    0.0000000000E+00,    1.2965544617E+02
    116350,      0.676941,CP5_after_vdif,   1,    0.0000000000E+00,    1.2965544617E+02,    1.2965544617E+02,    0.0000000000E+00,    0.0000000000E+00,    0.0000000000E+00,    1.2965544617E+02
    116350,      0.676941,CP6_after_kinetics,   1,    0.0000000000E+00,    1.2965544617E+02,    1.2965544617E+02,    0.0000000000E+00,    0.0000000000E+00,    0.0000000000E+00,    1.2965544617E+02
    116350,      0.676941,CP7_after_upper_clamp,   1,    0.0000000000E+00,    1.2965544617E+02,    1.2965544617E+02,    0.0000000000E+00,    0.0000000000E+00,    0.0000000000E+00,    1.2965544617E+02
    116350,      0.676941,CP8_after_OBC,   1,    0.0000000000E+00,    1.2965544617E+02,    1.2965544617E+02,    0.0000000000E+00,    0.0000000000E+00,    0.0000000000E+00,    1.2965544617E+02
    116350,      0.676941,CP9_after_PTsource,   1,    0.0000000000E+00,    1.2965544617E+02,    1.2965544617E+02,    0.0000000000E+00,    0.0000000000E+00,    0.0000000000E+00,    1.2965544617E+02
    116350,      0.676941,CP10_after_neg_clamp,   1,    0.0000000000E+00,    1.2965544617E+02,    1.2965544617E+02,    0.0000000000E+00,    0.0000000000E+00,    0.0000000000E+00,    1.2965544617E+02
    116350,      0.676941,CP11_after_MPI,   1,    0.0000000000E+00,    1.2965544617E+02,    1.2965544617E+02,    0.0000000000E+00,    0.0000000000E+00,    0.0000000000E+00,    1.2965544617E+02
    116350,      0.676941,CP12_end,   1,    0.0000000000E+00,    1.2965544617E+02,    1.2965544617E+02,    0.0000000000E+00,    0.0000000000E+00,    0.0000000000E+00,    1.2965544617E+02
    116400,      0.676941,CP0_start,   1,    0.0000000000E+00,    1.2974637236E+02,    1.2974637236E+02,    0.0000000000E+00,    0.0000000000E+00,    0.0000000000E+00,    1.2974637236E+02
    116400,      0.676941,CP1_after_deposition,   1,    0.0000000000E+00,    1.2974637236E+02,    1.2974637236E+02,    0.0000000000E+00,    0.0000000000E+00,    0.0000000000E+00,    1.2974637236E+02
    116400,      0.676941,CP2_after_erosion,   1,    0.0000000000E+00,    1.2974637236E+02,    1.2974637236E+02,    0.0000000000E+00,    0.0000000000E+00,    0.0000000000E+00,    1.2974637236E+02
    116400,      0.676941,CP3_after_update_bottom,   1,    0.0000000000E+00,    1.2974637236E+02,    1.2974637236E+02,    0.0000000000E+00,    0.0000000000E+00,    0.0000000000E+00,    1.2974637236E+02
    116400,      0.676941,CP4_after_advection,   1,    0.0000000000E+00,    1.2974558921E+02,    1.2974558921E+02,    0.0000000000E+00,    0.0000000000E+00,    0.0000000000E+00,    1.2974558921E+02
    116400,      0.676941,CP5_after_vdif,   1,    0.0000000000E+00,    1.2974558921E+02,    1.2974558921E+02,    0.0000000000E+00,    0.0000000000E+00,    0.0000000000E+00,    1.2974558921E+02
    116400,      0.676941,CP6_after_kinetics,   1,    0.0000000000E+00,    1.2974558921E+02,    1.2974558921E+02,    0.0000000000E+00,    0.0000000000E+00,    0.0000000000E+00,    1.2974558921E+02
    116400,      0.676941,CP7_after_upper_clamp,   1,    0.0000000000E+00,    1.2974558921E+02,    1.2974558921E+02,    0.0000000000E+00,    0.0000000000E+00,    0.0000000000E+00,    1.2974558921E+02
    116400,      0.676941,CP8_after_OBC,   1,    0.0000000000E+00,    1.2974558921E+02,    1.2974558921E+02,    0.0000000000E+00,    0.0000000000E+00,    0.0000000000E+00,    1.2974558921E+02
    116400,      0.676941,CP9_after_PTsource,   1,    0.0000000000E+00,    1.2974558921E+02,    1.2974558921E+02,    0.0000000000E+00,    0.0000000000E+00,    0.0000000000E+00,    1.2974558921E+02
    116400,      0.676941,CP10_after_neg_clamp,   1,    0.0000000000E+00,    1.2974558921E+02,    1.2974558921E+02,    0.0000000000E+00,    0.0000000000E+00,    0.0000000000E+00,    1.2974558921E+02
    116400,      0.676941,CP11_after_MPI,   1,    0.0000000000E+00,    1.2974558921E+02,    1.2974558921E+02,    0.0000000000E+00,    0.0000000000E+00,    0.0000000000E+00,    1.2974558921E+02
    116400,      0.676941,CP12_end,   1,    0.0000000000E+00,    1.2974558921E+02,    1.2974558921E+02,    0.0000000000E+00,    0.0000000000E+00,    0.0000000000E+00,    1.2974558921E+02
    116450,      0.676941,CP0_start,   1,    0.0000000000E+00,    1.2983685303E+02,    1.2983685303E+02,    0.0000000000E+00,    0.0000000000E+00,    0.0000000000E+00,    1.2983685303E+02
    116450,      0.676941,CP1_after_deposition,   1,    0.0000000000E+00,    1.2983685303E+02,    1.2983685303E+02,    0.0000000000E+00,    0.0000000000E+00,    0.0000000000E+00,    1.2983685303E+02
    116450,      0.676941,CP2_after_erosion,   1,    0.0000000000E+00,    1.2983685303E+02,    1.2983685303E+02,    0.0000000000E+00,    0.0000000000E+00,    0.0000000000E+00,    1.2983685303E+02
    116450,      0.676941,CP3_after_update_bottom,   1,    0.0000000000E+00,    1.2983685303E+02,    1.2983685303E+02,    0.0000000000E+00,    0.0000000000E+00,    0.0000000000E+00,    1.2983685303E+02
    116450,      0.676941,CP4_after_advection,   1,    0.0000000000E+00,    1.2983613097E+02,    1.2983613097E+02,    0.0000000000E+00,    0.0000000000E+00,    0.0000000000E+00,    1.2983613097E+02
    116450,      0.676941,CP5_after_vdif,   1,    0.0000000000E+00,    1.2983613097E+02,    1.2983613097E+02,    0.0000000000E+00,    0.0000000000E+00,    0.0000000000E+00,    1.2983613097E+02
    116450,      0.676941,CP6_after_kinetics,   1,    0.0000000000E+00,    1.2983613097E+02,    1.2983613097E+02,    0.0000000000E+00,    0.0000000000E+00,    0.0000000000E+00,    1.2983613097E+02
    116450,      0.676941,CP7_after_upper_clamp,   1,    0.0000000000E+00,    1.2983613097E+02,    1.2983613097E+02,    0.0000000000E+00,    0.0000000000E+00,    0.0000000000E+00,    1.2983613097E+02
    116450,      0.676941,CP8_after_OBC,   1,    0.0000000000E+00,    1.2983613097E+02,    1.2983613097E+02,    0.0000000000E+00,    0.0000000000E+00,    0.0000000000E+00,    1.2983613097E+02
    116450,      0.676941,CP9_after_PTsource,   1,    0.0000000000E+00,    1.2983613097E+02,    1.2983613097E+02,    0.0000000000E+00,    0.0000000000E+00,    0.0000000000E+00,    1.2983613097E+02
    116450,      0.676941,CP10_after_neg_clamp,   1,    0.0000000000E+00,    1.2983613097E+02,    1.2983613097E+02,    0.0000000000E+00,    0.0000000000E+00,    0.0000000000E+00,    1.2983613097E+02
    116450,      0.676941,CP11_after_MPI,   1,    0.0000000000E+00,    1.2983613097E+02,    1.2983613097E+02,    0.0000000000E+00,    0.0000000000E+00,    0.0000000000E+00,    1.2983613097E+02
    116450,      0.676941,CP12_end,   1,    0.0000000000E+00,    1.2983613097E+02,    1.2983613097E+02,    0.0000000000E+00,    0.0000000000E+00,    0.0000000000E+00,    1.2983613097E+02
    116500,      0.676941,CP0_start,   1,    0.0000000000E+00,    1.2992773092E+02,    1.2992773092E+02,    0.0000000000E+00,    0.0000000000E+00,    0.0000000000E+00,    1.2992773092E+02
    116500,      0.676941,CP1_after_deposition,   1,    0.0000000000E+00,    1.2992773092E+02,    1.2992773092E+02,    0.0000000000E+00,    0.0000000000E+00,    0.0000000000E+00,    1.2992773092E+02
    116500,      0.676941,CP2_after_erosion,   1,    0.0000000000E+00,    1.2992773092E+02,    1.2992773092E+02,    0.0000000000E+00,    0.0000000000E+00,    0.0000000000E+00,    1.2992773092E+02
    116500,      0.676941,CP3_after_update_bottom,   1,    0.0000000000E+00,    1.2992773092E+02,    1.2992773092E+02,    0.0000000000E+00,    0.0000000000E+00,    0.0000000000E+00,    1.2992773092E+02
    116500,      0.676941,CP4_after_advection,   1,    0.0000000000E+00,    1.2992707116E+02,    1.2992707116E+02,    0.0000000000E+00,    0.0000000000E+00,    0.0000000000E+00,    1.2992707116E+02
    116500,      0.676941,CP5_after_vdif,   1,    0.0000000000E+00,    1.2992707116E+02,    1.2992707116E+02,    0.0000000000E+00,    0.0000000000E+00,    0.0000000000E+00,    1.2992707116E+02
    116500,      0.676941,CP6_after_kinetics,   1,    0.0000000000E+00,    1.2992707116E+02,    1.2992707116E+02,    0.0000000000E+00,    0.0000000000E+00,    0.0000000000E+00,    1.2992707116E+02
    116500,      0.676941,CP7_after_upper_clamp,   1,    0.0000000000E+00,    1.2992707116E+02,    1.2992707116E+02,    0.0000000000E+00,    0.0000000000E+00,    0.0000000000E+00,    1.2992707116E+02
    116500,      0.676941,CP8_after_OBC,   1,    0.0000000000E+00,    1.2992707116E+02,    1.2992707116E+02,    0.0000000000E+00,    0.0000000000E+00,    0.0000000000E+00,    1.2992707116E+02
    116500,      0.676941,CP9_after_PTsource,   1,    0.0000000000E+00,    1.2992707116E+02,    1.2992707116E+02,    0.0000000000E+00,    0.0000000000E+00,    0.0000000000E+00,    1.2992707116E+02
    116500,      0.676941,CP10_after_neg_clamp,   1,    0.0000000000E+00,    1.2992707116E+02,    1.2992707116E+02,    0.0000000000E+00,    0.0000000000E+00,    0.0000000000E+00,    1.2992707116E+02
    116500,      0.676941,CP11_after_MPI,   1,    0.0000000000E+00,    1.2992707116E+02,    1.2992707116E+02,    0.0000000000E+00,    0.0000000000E+00,    0.0000000000E+00,    1.2992707116E+02
    116500,      0.676941,CP12_end,   1,    0.0000000000E+00,    1.2992707116E+02,    1.2992707116E+02,    0.0000000000E+00,    0.0000000000E+00,    0.0000000000E+00,    1.2992707116E+02
    116550,      0.676941,CP0_start,   1,    0.0000000000E+00,    1.3001896744E+02,    1.3001896744E+02,    0.0000000000E+00,    0.0000000000E+00,    0.0000000000E+00,    1.3001896744E+02
    116550,      0.676941,CP1_after_deposition,   1,    0.0000000000E+00,    1.3001896744E+02,    1.3001896744E+02,    0.0000000000E+00,    0.0000000000E+00,    0.0000000000E+00,    1.3001896744E+02
    116550,      0.676941,CP2_after_erosion,   1,    0.0000000000E+00,    1.3001896744E+02,    1.3001896744E+02,    0.0000000000E+00,    0.0000000000E+00,    0.0000000000E+00,    1.3001896744E+02
    116550,      0.676941,CP3_after_update_bottom,   1,    0.0000000000E+00,    1.3001896744E+02,    1.3001896744E+02,    0.0000000000E+00,    0.0000000000E+00,    0.0000000000E+00,    1.3001896744E+02
    116550,      0.676941,CP4_after_advection,   1,    0.0000000000E+00,    1.3001836931E+02,    1.3001836931E+02,    0.0000000000E+00,    0.0000000000E+00,    0.0000000000E+00,    1.3001836931E+02
    116550,      0.676941,CP5_after_vdif,   1,    0.0000000000E+00,    1.3001836931E+02,    1.3001836931E+02,    0.0000000000E+00,    0.0000000000E+00,    0.0000000000E+00,    1.3001836931E+02
    116550,      0.676941,CP6_after_kinetics,   1,    0.0000000000E+00,    1.3001836931E+02,    1.3001836931E+02,    0.0000000000E+00,    0.0000000000E+00,    0.0000000000E+00,    1.3001836931E+02
    116550,      0.676941,CP7_after_upper_clamp,   1,    0.0000000000E+00,    1.3001836931E+02,    1.3001836931E+02,    0.0000000000E+00,    0.0000000000E+00,    0.0000000000E+00,    1.3001836931E+02
    116550,      0.676941,CP8_after_OBC,   1,    0.0000000000E+00,    1.3001836931E+02,    1.3001836931E+02,    0.0000000000E+00,    0.0000000000E+00,    0.0000000000E+00,    1.3001836931E+02
    116550,      0.676941,CP9_after_PTsource,   1,    0.0000000000E+00,    1.3001836931E+02,    1.3001836931E+02,    0.0000000000E+00,    0.0000000000E+00,    0.0000000000E+00,    1.3001836931E+02
    116550,      0.676941,CP10_after_neg_clamp,   1,    0.0000000000E+00,    1.3001836931E+02,    1.3001836931E+02,    0.0000000000E+00,    0.0000000000E+00,    0.0000000000E+00,    1.3001836931E+02
    116550,      0.676941,CP11_after_MPI,   1,    0.0000000000E+00,    1.3001836931E+02,    1.3001836931E+02,    0.0000000000E+00,    0.0000000000E+00,    0.0000000000E+00,    1.3001836931E+02
    116550,      0.676941,CP12_end,   1,    0.0000000000E+00,    1.3001836931E+02,    1.3001836931E+02,    0.0000000000E+00,    0.0000000000E+00,    0.0000000000E+00,    1.3001836931E+02
    116600,      0.676941,CP0_start,   1,    0.0000000000E+00,    1.3011059820E+02,    1.3011059820E+02,    0.0000000000E+00,    0.0000000000E+00,    0.0000000000E+00,    1.3011059820E+02
    116600,      0.676941,CP1_after_deposition,   1,    0.0000000000E+00,    1.3011059820E+02,    1.3011059820E+02,    0.0000000000E+00,    0.0000000000E+00,    0.0000000000E+00,    1.3011059820E+02
    116600,      0.676941,CP2_after_erosion,   1,    0.0000000000E+00,    1.3011059820E+02,    1.3011059820E+02,    0.0000000000E+00,    0.0000000000E+00,    0.0000000000E+00,    1.3011059820E+02
    116600,      0.676941,CP3_after_update_bottom,   1,    0.0000000000E+00,    1.3011059820E+02,    1.3011059820E+02,    0.0000000000E+00,    0.0000000000E+00,    0.0000000000E+00,    1.3011059820E+02
    116600,      0.676941,CP4_after_advection,   1,    0.0000000000E+00,    1.3011006467E+02,    1.3011006467E+02,    0.0000000000E+00,    0.0000000000E+00,    0.0000000000E+00,    1.3011006467E+02
    116600,      0.676941,CP5_after_vdif,   1,    0.0000000000E+00,    1.3011006467E+02,    1.3011006467E+02,    0.0000000000E+00,    0.0000000000E+00,    0.0000000000E+00,    1.3011006467E+02
    116600,      0.676941,CP6_after_kinetics,   1,    0.0000000000E+00,    1.3011006467E+02,    1.3011006467E+02,    0.0000000000E+00,    0.0000000000E+00,    0.0000000000E+00,    1.3011006467E+02
    116600,      0.676941,CP7_after_upper_clamp,   1,    0.0000000000E+00,    1.3011006467E+02,    1.3011006467E+02,    0.0000000000E+00,    0.0000000000E+00,    0.0000000000E+00,    1.3011006467E+02
    116600,      0.676941,CP8_after_OBC,   1,    0.0000000000E+00,    1.3011006467E+02,    1.3011006467E+02,    0.0000000000E+00,    0.0000000000E+00,    0.0000000000E+00,    1.3011006467E+02
    116600,      0.676941,CP9_after_PTsource,   1,    0.0000000000E+00,    1.3011006467E+02,    1.3011006467E+02,    0.0000000000E+00,    0.0000000000E+00,    0.0000000000E+00,    1.3011006467E+02
    116600,      0.676941,CP10_after_neg_clamp,   1,    0.0000000000E+00,    1.3011006467E+02,    1.3011006467E+02,    0.0000000000E+00,    0.0000000000E+00,    0.0000000000E+00,    1.3011006467E+02
    116600,      0.676941,CP11_after_MPI,   1,    0.0000000000E+00,    1.3011006467E+02,    1.3011006467E+02,    0.0000000000E+00,    0.0000000000E+00,    0.0000000000E+00,    1.3011006467E+02
    116600,      0.676941,CP12_end,   1,    0.0000000000E+00,    1.3011006467E+02,    1.3011006467E+02,    0.0000000000E+00,    0.0000000000E+00,    0.0000000000E+00,    1.3011006467E+02
    116650,      0.676941,CP0_start,   1,    0.0000000000E+00,    1.3020263997E+02,    1.3020263997E+02,    0.0000000000E+00,    0.0000000000E+00,    0.0000000000E+00,    1.3020263997E+02
    116650,      0.676941,CP1_after_deposition,   1,    0.0000000000E+00,    1.3020263997E+02,    1.3020263997E+02,    0.0000000000E+00,    0.0000000000E+00,    0.0000000000E+00,    1.3020263997E+02
    116650,      0.676941,CP2_after_erosion,   1,    0.0000000000E+00,    1.3020263997E+02,    1.3020263997E+02,    0.0000000000E+00,    0.0000000000E+00,    0.0000000000E+00,    1.3020263997E+02
    116650,      0.676941,CP3_after_update_bottom,   1,    0.0000000000E+00,    1.3020263997E+02,    1.3020263997E+02,    0.0000000000E+00,    0.0000000000E+00,    0.0000000000E+00,    1.3020263997E+02
    116650,      0.676941,CP4_after_advection,   1,    0.0000000000E+00,    1.3020217507E+02,    1.3020217507E+02,    0.0000000000E+00,    0.0000000000E+00,    0.0000000000E+00,    1.3020217507E+02
    116650,      0.676941,CP5_after_vdif,   1,    0.0000000000E+00,    1.3020217507E+02,    1.3020217507E+02,    0.0000000000E+00,    0.0000000000E+00,    0.0000000000E+00,    1.3020217507E+02
    116650,      0.676941,CP6_after_kinetics,   1,    0.0000000000E+00,    1.3020217507E+02,    1.3020217507E+02,    0.0000000000E+00,    0.0000000000E+00,    0.0000000000E+00,    1.3020217507E+02
    116650,      0.676941,CP7_after_upper_clamp,   1,    0.0000000000E+00,    1.3020217507E+02,    1.3020217507E+02,    0.0000000000E+00,    0.0000000000E+00,    0.0000000000E+00,    1.3020217507E+02
    116650,      0.676941,CP8_after_OBC,   1,    0.0000000000E+00,    1.3020217507E+02,    1.3020217507E+02,    0.0000000000E+00,    0.0000000000E+00,    0.0000000000E+00,    1.3020217507E+02
    116650,      0.676941,CP9_after_PTsource,   1,    0.0000000000E+00,    1.3020217507E+02,    1.3020217507E+02,    0.0000000000E+00,    0.0000000000E+00,    0.0000000000E+00,    1.3020217507E+02
    116650,      0.676941,CP10_after_neg_clamp,   1,    0.0000000000E+00,    1.3020217507E+02,    1.3020217507E+02,    0.0000000000E+00,    0.0000000000E+00,    0.0000000000E+00,    1.3020217507E+02
    116650,      0.676941,CP11_after_MPI,   1,    0.0000000000E+00,    1.3020217507E+02,    1.3020217507E+02,    0.0000000000E+00,    0.0000000000E+00,    0.0000000000E+00,    1.3020217507E+02
    116650,      0.676941,CP12_end,   1,    0.0000000000E+00,    1.3020217507E+02,    1.3020217507E+02,    0.0000000000E+00,    0.0000000000E+00,    0.0000000000E+00,    1.3020217507E+02
    116700,      0.676941,CP0_start,   1,    0.0000000000E+00,    1.3029515222E+02,    1.3029515222E+02,    0.0000000000E+00,    0.0000000000E+00,    0.0000000000E+00,    1.3029515222E+02
    116700,      0.676941,CP1_after_deposition,   1,    0.0000000000E+00,    1.3029515222E+02,    1.3029515222E+02,    0.0000000000E+00,    0.0000000000E+00,    0.0000000000E+00,    1.3029515222E+02
    116700,      0.676941,CP2_after_erosion,   1,    0.0000000000E+00,    1.3029515222E+02,    1.3029515222E+02,    0.0000000000E+00,    0.0000000000E+00,    0.0000000000E+00,    1.3029515222E+02
    116700,      0.676941,CP3_after_update_bottom,   1,    0.0000000000E+00,    1.3029515222E+02,    1.3029515222E+02,    0.0000000000E+00,    0.0000000000E+00,    0.0000000000E+00,    1.3029515222E+02
    116700,      0.676941,CP4_after_advection,   1,    0.0000000000E+00,    1.3029475773E+02,    1.3029475773E+02,    0.0000000000E+00,    0.0000000000E+00,    0.0000000000E+00,    1.3029475773E+02
    116700,      0.676941,CP5_after_vdif,   1,    0.0000000000E+00,    1.3029475773E+02,    1.3029475773E+02,    0.0000000000E+00,    0.0000000000E+00,    0.0000000000E+00,    1.3029475773E+02
    116700,      0.676941,CP6_after_kinetics,   1,    0.0000000000E+00,    1.3029475773E+02,    1.3029475773E+02,    0.0000000000E+00,    0.0000000000E+00,    0.0000000000E+00,    1.3029475773E+02
    116700,      0.676941,CP7_after_upper_clamp,   1,    0.0000000000E+00,    1.3029475773E+02,    1.3029475773E+02,    0.0000000000E+00,    0.0000000000E+00,    0.0000000000E+00,    1.3029475773E+02
    116700,      0.676941,CP8_after_OBC,   1,    0.0000000000E+00,    1.3029475773E+02,    1.3029475773E+02,    0.0000000000E+00,    0.0000000000E+00,    0.0000000000E+00,    1.3029475773E+02
    116700,      0.676941,CP9_after_PTsource,   1,    0.0000000000E+00,    1.3029475773E+02,    1.3029475773E+02,    0.0000000000E+00,    0.0000000000E+00,    0.0000000000E+00,    1.3029475773E+02
    116700,      0.676941,CP10_after_neg_clamp,   1,    0.0000000000E+00,    1.3029475773E+02,    1.3029475773E+02,    0.0000000000E+00,    0.0000000000E+00,    0.0000000000E+00,    1.3029475773E+02
    116700,      0.676941,CP11_after_MPI,   1,    0.0000000000E+00,    1.3029475773E+02,    1.3029475773E+02,    0.0000000000E+00,    0.0000000000E+00,    0.0000000000E+00,    1.3029475773E+02
    116700,      0.676941,CP12_end,   1,    0.0000000000E+00,    1.3029475773E+02,    1.3029475773E+02,    0.0000000000E+00,    0.0000000000E+00,    0.0000000000E+00,    1.3029475773E+02
    116750,      0.676941,CP0_start,   1,    0.0000000000E+00,    1.3038812316E+02,    1.3038812316E+02,    0.0000000000E+00,    0.0000000000E+00,    0.0000000000E+00,    1.3038812316E+02
    116750,      0.676941,CP1_after_deposition,   1,    0.0000000000E+00,    1.3038812316E+02,    1.3038812316E+02,    0.0000000000E+00,    0.0000000000E+00,    0.0000000000E+00,    1.3038812316E+02
    116750,      0.676941,CP2_after_erosion,   1,    0.0000000000E+00,    1.3038812316E+02,    1.3038812316E+02,    0.0000000000E+00,    0.0000000000E+00,    0.0000000000E+00,    1.3038812316E+02
    116750,      0.676941,CP3_after_update_bottom,   1,    0.0000000000E+00,    1.3038812316E+02,    1.3038812316E+02,    0.0000000000E+00,    0.0000000000E+00,    0.0000000000E+00,    1.3038812316E+02
    116750,      0.676941,CP4_after_advection,   1,    0.0000000000E+00,    1.3038780074E+02,    1.3038780074E+02,    0.0000000000E+00,    0.0000000000E+00,    0.0000000000E+00,    1.3038780074E+02
    116750,      0.676941,CP5_after_vdif,   1,    0.0000000000E+00,    1.3038780074E+02,    1.3038780074E+02,    0.0000000000E+00,    0.0000000000E+00,    0.0000000000E+00,    1.3038780074E+02
    116750,      0.676941,CP6_after_kinetics,   1,    0.0000000000E+00,    1.3038780074E+02,    1.3038780074E+02,    0.0000000000E+00,    0.0000000000E+00,    0.0000000000E+00,    1.3038780074E+02
    116750,      0.676941,CP7_after_upper_clamp,   1,    0.0000000000E+00,    1.3038780074E+02,    1.3038780074E+02,    0.0000000000E+00,    0.0000000000E+00,    0.0000000000E+00,    1.3038780074E+02
    116750,      0.676941,CP8_after_OBC,   1,    0.0000000000E+00,    1.3038780074E+02,    1.3038780074E+02,    0.0000000000E+00,    0.0000000000E+00,    0.0000000000E+00,    1.3038780074E+02
    116750,      0.676941,CP9_after_PTsource,   1,    0.0000000000E+00,    1.3038780074E+02,    1.3038780074E+02,    0.0000000000E+00,    0.0000000000E+00,    0.0000000000E+00,    1.3038780074E+02
    116750,      0.676941,CP10_after_neg_clamp,   1,    0.0000000000E+00,    1.3038780074E+02,    1.3038780074E+02,    0.0000000000E+00,    0.0000000000E+00,    0.0000000000E+00,    1.3038780074E+02
    116750,      0.676941,CP11_after_MPI,   1,    0.0000000000E+00,    1.3038780074E+02,    1.3038780074E+02,    0.0000000000E+00,    0.0000000000E+00,    0.0000000000E+00,    1.3038780074E+02
    116750,      0.676941,CP12_end,   1,    0.0000000000E+00,    1.3038780074E+02,    1.3038780074E+02,    0.0000000000E+00,    0.0000000000E+00,    0.0000000000E+00,    1.3038780074E+02
    116800,      0.676941,CP0_start,   1,    0.0000000000E+00,    1.3048156342E+02,    1.3048156342E+02,    0.0000000000E+00,    0.0000000000E+00,    0.0000000000E+00,    1.3048156342E+02
    116800,      0.676941,CP1_after_deposition,   1,    0.0000000000E+00,    1.3048156342E+02,    1.3048156342E+02,    0.0000000000E+00,    0.0000000000E+00,    0.0000000000E+00,    1.3048156342E+02
    116800,      0.676941,CP2_after_erosion,   1,    0.0000000000E+00,    1.3048156342E+02,    1.3048156342E+02,    0.0000000000E+00,    0.0000000000E+00,    0.0000000000E+00,    1.3048156342E+02
    116800,      0.676941,CP3_after_update_bottom,   1,    0.0000000000E+00,    1.3048156342E+02,    1.3048156342E+02,    0.0000000000E+00,    0.0000000000E+00,    0.0000000000E+00,    1.3048156342E+02
    116800,      0.676941,CP4_after_advection,   1,    0.0000000000E+00,    1.3048130989E+02,    1.3048130989E+02,    0.0000000000E+00,    0.0000000000E+00,    0.0000000000E+00,    1.3048130989E+02
    116800,      0.676941,CP5_after_vdif,   1,    0.0000000000E+00,    1.3048130989E+02,    1.3048130989E+02,    0.0000000000E+00,    0.0000000000E+00,    0.0000000000E+00,    1.3048130989E+02
    116800,      0.676941,CP6_after_kinetics,   1,    0.0000000000E+00,    1.3048130989E+02,    1.3048130989E+02,    0.0000000000E+00,    0.0000000000E+00,    0.0000000000E+00,    1.3048130989E+02
    116800,      0.676941,CP7_after_upper_clamp,   1,    0.0000000000E+00,    1.3048130989E+02,    1.3048130989E+02,    0.0000000000E+00,    0.0000000000E+00,    0.0000000000E+00,    1.3048130989E+02
    116800,      0.676941,CP8_after_OBC,   1,    0.0000000000E+00,    1.3048130989E+02,    1.3048130989E+02,    0.0000000000E+00,    0.0000000000E+00,    0.0000000000E+00,    1.3048130989E+02
    116800,      0.676941,CP9_after_PTsource,   1,    0.0000000000E+00,    1.3048130989E+02,    1.3048130989E+02,    0.0000000000E+00,    0.0000000000E+00,    0.0000000000E+00,    1.3048130989E+02
    116800,      0.676941,CP10_after_neg_clamp,   1,    0.0000000000E+00,    1.3048130989E+02,    1.3048130989E+02,    0.0000000000E+00,    0.0000000000E+00,    0.0000000000E+00,    1.3048130989E+02
    116800,      0.676941,CP11_after_MPI,   1,    0.0000000000E+00,    1.3048130989E+02,    1.3048130989E+02,    0.0000000000E+00,    0.0000000000E+00,    0.0000000000E+00,    1.3048130989E+02
    116800,      0.676941,CP12_end,   1,    0.0000000000E+00,    1.3048130989E+02,    1.3048130989E+02,    0.0000000000E+00,    0.0000000000E+00,    0.0000000000E+00,    1.3048130989E+02
    116850,      0.676941,CP0_start,   1,    0.0000000000E+00,    1.3057543901E+02,    1.3057543901E+02,    0.0000000000E+00,    0.0000000000E+00,    0.0000000000E+00,    1.3057543901E+02
    116850,      0.676941,CP1_after_deposition,   1,    0.0000000000E+00,    1.3057543901E+02,    1.3057543901E+02,    0.0000000000E+00,    0.0000000000E+00,    0.0000000000E+00,    1.3057543901E+02
    116850,      0.676941,CP2_after_erosion,   1,    0.0000000000E+00,    1.3057543901E+02,    1.3057543901E+02,    0.0000000000E+00,    0.0000000000E+00,    0.0000000000E+00,    1.3057543901E+02
    116850,      0.676941,CP3_after_update_bottom,   1,    0.0000000000E+00,    1.3057543901E+02,    1.3057543901E+02,    0.0000000000E+00,    0.0000000000E+00,    0.0000000000E+00,    1.3057543901E+02
    116850,      0.676941,CP4_after_advection,   1,    0.0000000000E+00,    1.3057525537E+02,    1.3057525537E+02,    0.0000000000E+00,    0.0000000000E+00,    0.0000000000E+00,    1.3057525537E+02
    116850,      0.676941,CP5_after_vdif,   1,    0.0000000000E+00,    1.3057525537E+02,    1.3057525537E+02,    0.0000000000E+00,    0.0000000000E+00,    0.0000000000E+00,    1.3057525537E+02
    116850,      0.676941,CP6_after_kinetics,   1,    0.0000000000E+00,    1.3057525537E+02,    1.3057525537E+02,    0.0000000000E+00,    0.0000000000E+00,    0.0000000000E+00,    1.3057525537E+02
    116850,      0.676941,CP7_after_upper_clamp,   1,    0.0000000000E+00,    1.3057525537E+02,    1.3057525537E+02,    0.0000000000E+00,    0.0000000000E+00,    0.0000000000E+00,    1.3057525537E+02
    116850,      0.676941,CP8_after_OBC,   1,    0.0000000000E+00,    1.3057525537E+02,    1.3057525537E+02,    0.0000000000E+00,    0.0000000000E+00,    0.0000000000E+00,    1.3057525537E+02
    116850,      0.676941,CP9_after_PTsource,   1,    0.0000000000E+00,    1.3057525537E+02,    1.3057525537E+02,    0.0000000000E+00,    0.0000000000E+00,    0.0000000000E+00,    1.3057525537E+02
    116850,      0.676941,CP10_after_neg_clamp,   1,    0.0000000000E+00,    1.3057525537E+02,    1.3057525537E+02,    0.0000000000E+00,    0.0000000000E+00,    0.0000000000E+00,    1.3057525537E+02
    116850,      0.676941,CP11_after_MPI,   1,    0.0000000000E+00,    1.3057525537E+02,    1.3057525537E+02,    0.0000000000E+00,    0.0000000000E+00,    0.0000000000E+00,    1.3057525537E+02
    116850,      0.676941,CP12_end,   1,    0.0000000000E+00,    1.3057525537E+02,    1.3057525537E+02,    0.0000000000E+00,    0.0000000000E+00,    0.0000000000E+00,    1.3057525537E+02
    116900,      0.676941,CP0_start,   1,    0.0000000000E+00,    1.3066966831E+02,    1.3066966831E+02,    0.0000000000E+00,    0.0000000000E+00,    0.0000000000E+00,    1.3066966831E+02
    116900,      0.676941,CP1_after_deposition,   1,    0.0000000000E+00,    1.3066966831E+02,    1.3066966831E+02,    0.0000000000E+00,    0.0000000000E+00,    0.0000000000E+00,    1.3066966831E+02
    116900,      0.676941,CP2_after_erosion,   1,    0.0000000000E+00,    1.3066966831E+02,    1.3066966831E+02,    0.0000000000E+00,    0.0000000000E+00,    0.0000000000E+00,    1.3066966831E+02
    116900,      0.676941,CP3_after_update_bottom,   1,    0.0000000000E+00,    1.3066966831E+02,    1.3066966831E+02,    0.0000000000E+00,    0.0000000000E+00,    0.0000000000E+00,    1.3066966831E+02
    116900,      0.676941,CP4_after_advection,   1,    0.0000000000E+00,    1.3066955138E+02,    1.3066955138E+02,    0.0000000000E+00,    0.0000000000E+00,    0.0000000000E+00,    1.3066955138E+02
    116900,      0.676941,CP5_after_vdif,   1,    0.0000000000E+00,    1.3066955138E+02,    1.3066955138E+02,    0.0000000000E+00,    0.0000000000E+00,    0.0000000000E+00,    1.3066955138E+02
    116900,      0.676941,CP6_after_kinetics,   1,    0.0000000000E+00,    1.3066955138E+02,    1.3066955138E+02,    0.0000000000E+00,    0.0000000000E+00,    0.0000000000E+00,    1.3066955138E+02
    116900,      0.676941,CP7_after_upper_clamp,   1,    0.0000000000E+00,    1.3066955138E+02,    1.3066955138E+02,    0.0000000000E+00,    0.0000000000E+00,    0.0000000000E+00,    1.3066955138E+02
    116900,      0.676941,CP8_after_OBC,   1,    0.0000000000E+00,    1.3066955138E+02,    1.3066955138E+02,    0.0000000000E+00,    0.0000000000E+00,    0.0000000000E+00,    1.3066955138E+02
    116900,      0.676941,CP9_after_PTsource,   1,    0.0000000000E+00,    1.3066955138E+02,    1.3066955138E+02,    0.0000000000E+00,    0.0000000000E+00,    0.0000000000E+00,    1.3066955138E+02
    116900,      0.676941,CP10_after_neg_clamp,   1,    0.0000000000E+00,    1.3066955138E+02,    1.3066955138E+02,    0.0000000000E+00,    0.0000000000E+00,    0.0000000000E+00,    1.3066955138E+02
    116900,      0.676941,CP11_after_MPI,   1,    0.0000000000E+00,    1.3066955138E+02,    1.3066955138E+02,    0.0000000000E+00,    0.0000000000E+00,    0.0000000000E+00,    1.3066955138E+02
    116900,      0.676941,CP12_end,   1,    0.0000000000E+00,    1.3066955138E+02,    1.3066955138E+02,    0.0000000000E+00,    0.0000000000E+00,    0.0000000000E+00,    1.3066955138E+02
    116950,      0.676941,CP0_start,   1,    0.0000000000E+00,    1.3076411774E+02,    1.3076411774E+02,    0.0000000000E+00,    0.0000000000E+00,    0.0000000000E+00,    1.3076411774E+02
    116950,      0.676941,CP1_after_deposition,   1,    0.0000000000E+00,    1.3076411774E+02,    1.3076411774E+02,    0.0000000000E+00,    0.0000000000E+00,    0.0000000000E+00,    1.3076411774E+02
    116950,      0.676941,CP2_after_erosion,   1,    0.0000000000E+00,    1.3076411774E+02,    1.3076411774E+02,    0.0000000000E+00,    0.0000000000E+00,    0.0000000000E+00,    1.3076411774E+02
    116950,      0.676941,CP3_after_update_bottom,   1,    0.0000000000E+00,    1.3076411774E+02,    1.3076411774E+02,    0.0000000000E+00,    0.0000000000E+00,    0.0000000000E+00,    1.3076411774E+02
    116950,      0.676941,CP4_after_advection,   1,    0.0000000000E+00,    1.3076406946E+02,    1.3076406946E+02,    0.0000000000E+00,    0.0000000000E+00,    0.0000000000E+00,    1.3076406946E+02
    116950,      0.676941,CP5_after_vdif,   1,    0.0000000000E+00,    1.3076406946E+02,    1.3076406946E+02,    0.0000000000E+00,    0.0000000000E+00,    0.0000000000E+00,    1.3076406946E+02
    116950,      0.676941,CP6_after_kinetics,   1,    0.0000000000E+00,    1.3076406946E+02,    1.3076406946E+02,    0.0000000000E+00,    0.0000000000E+00,    0.0000000000E+00,    1.3076406946E+02
    116950,      0.676941,CP7_after_upper_clamp,   1,    0.0000000000E+00,    1.3076406946E+02,    1.3076406946E+02,    0.0000000000E+00,    0.0000000000E+00,    0.0000000000E+00,    1.3076406946E+02
    116950,      0.676941,CP8_after_OBC,   1,    0.0000000000E+00,    1.3076406946E+02,    1.3076406946E+02,    0.0000000000E+00,    0.0000000000E+00,    0.0000000000E+00,    1.3076406946E+02
    116950,      0.676941,CP9_after_PTsource,   1,    0.0000000000E+00,    1.3076406946E+02,    1.3076406946E+02,    0.0000000000E+00,    0.0000000000E+00,    0.0000000000E+00,    1.3076406946E+02
    116950,      0.676941,CP10_after_neg_clamp,   1,    0.0000000000E+00,    1.3076406946E+02,    1.3076406946E+02,    0.0000000000E+00,    0.0000000000E+00,    0.0000000000E+00,    1.3076406946E+02
    116950,      0.676941,CP11_after_MPI,   1,    0.0000000000E+00,    1.3076406946E+02,    1.3076406946E+02,    0.0000000000E+00,    0.0000000000E+00,    0.0000000000E+00,    1.3076406946E+02
    116950,      0.676941,CP12_end,   1,    0.0000000000E+00,    1.3076406946E+02,    1.3076406946E+02,    0.0000000000E+00,    0.0000000000E+00,    0.0000000000E+00,    1.3076406946E+02
    117000,      0.676941,CP0_start,   1,    0.0000000000E+00,    1.3085872783E+02,    1.3085872783E+02,    0.0000000000E+00,    0.0000000000E+00,    0.0000000000E+00,    1.3085872783E+02
    117000,      0.676941,CP1_after_deposition,   1,    0.0000000000E+00,    1.3085872783E+02,    1.3085872783E+02,    0.0000000000E+00,    0.0000000000E+00,    0.0000000000E+00,    1.3085872783E+02
    117000,      0.676941,CP2_after_erosion,   1,    0.0000000000E+00,    1.3085872783E+02,    1.3085872783E+02,    0.0000000000E+00,    0.0000000000E+00,    0.0000000000E+00,    1.3085872783E+02
    117000,      0.676941,CP3_after_update_bottom,   1,    0.0000000000E+00,    1.3085872783E+02,    1.3085872783E+02,    0.0000000000E+00,    0.0000000000E+00,    0.0000000000E+00,    1.3085872783E+02
    117000,      0.676941,CP4_after_advection,   1,    0.0000000000E+00,    1.3085874448E+02,    1.3085874448E+02,    0.0000000000E+00,    0.0000000000E+00,    0.0000000000E+00,    1.3085874448E+02
    117000,      0.676941,CP5_after_vdif,   1,    0.0000000000E+00,    1.3085874448E+02,    1.3085874448E+02,    0.0000000000E+00,    0.0000000000E+00,    0.0000000000E+00,    1.3085874448E+02
    117000,      0.676941,CP6_after_kinetics,   1,    0.0000000000E+00,    1.3085874448E+02,    1.3085874448E+02,    0.0000000000E+00,    0.0000000000E+00,    0.0000000000E+00,    1.3085874448E+02
    117000,      0.676941,CP7_after_upper_clamp,   1,    0.0000000000E+00,    1.3085874448E+02,    1.3085874448E+02,    0.0000000000E+00,    0.0000000000E+00,    0.0000000000E+00,    1.3085874448E+02
    117000,      0.676941,CP8_after_OBC,   1,    0.0000000000E+00,    1.3085874448E+02,    1.3085874448E+02,    0.0000000000E+00,    0.0000000000E+00,    0.0000000000E+00,    1.3085874448E+02
    117000,      0.676941,CP9_after_PTsource,   1,    0.0000000000E+00,    1.3085874448E+02,    1.3085874448E+02,    0.0000000000E+00,    0.0000000000E+00,    0.0000000000E+00,    1.3085874448E+02
    117000,      0.676941,CP10_after_neg_clamp,   1,    0.0000000000E+00,    1.3085874448E+02,    1.3085874448E+02,    0.0000000000E+00,    0.0000000000E+00,    0.0000000000E+00,    1.3085874448E+02
    117000,      0.676941,CP11_after_MPI,   1,    0.0000000000E+00,    1.3085874448E+02,    1.3085874448E+02,    0.0000000000E+00,    0.0000000000E+00,    0.0000000000E+00,    1.3085874448E+02
    117000,      0.676941,CP12_end,   1,    0.0000000000E+00,    1.3085874448E+02,    1.3085874448E+02,    0.0000000000E+00,    0.0000000000E+00,    0.0000000000E+00,    1.3085874448E+02
    117050,      0.676941,CP0_start,   1,    0.0000000000E+00,    1.3095330523E+02,    1.3095330523E+02,    0.0000000000E+00,    0.0000000000E+00,    0.0000000000E+00,    1.3095330523E+02
    117050,      0.676941,CP1_after_deposition,   1,    0.0000000000E+00,    1.3095330523E+02,    1.3095330523E+02,    0.0000000000E+00,    0.0000000000E+00,    0.0000000000E+00,    1.3095330523E+02
    117050,      0.676941,CP2_after_erosion,   1,    0.0000000000E+00,    1.3095330523E+02,    1.3095330523E+02,    0.0000000000E+00,    0.0000000000E+00,    0.0000000000E+00,    1.3095330523E+02
    117050,      0.676941,CP3_after_update_bottom,   1,    0.0000000000E+00,    1.3095330523E+02,    1.3095330523E+02,    0.0000000000E+00,    0.0000000000E+00,    0.0000000000E+00,    1.3095330523E+02
    117050,      0.676941,CP4_after_advection,   1,    0.0000000000E+00,    1.3095338657E+02,    1.3095338657E+02,    0.0000000000E+00,    0.0000000000E+00,    0.0000000000E+00,    1.3095338657E+02
    117050,      0.676941,CP5_after_vdif,   1,    0.0000000000E+00,    1.3095338657E+02,    1.3095338657E+02,    0.0000000000E+00,    0.0000000000E+00,    0.0000000000E+00,    1.3095338657E+02
    117050,      0.676941,CP6_after_kinetics,   1,    0.0000000000E+00,    1.3095338657E+02,    1.3095338657E+02,    0.0000000000E+00,    0.0000000000E+00,    0.0000000000E+00,    1.3095338657E+02
    117050,      0.676941,CP7_after_upper_clamp,   1,    0.0000000000E+00,    1.3095338657E+02,    1.3095338657E+02,    0.0000000000E+00,    0.0000000000E+00,    0.0000000000E+00,    1.3095338657E+02
    117050,      0.676941,CP8_after_OBC,   1,    0.0000000000E+00,    1.3095338657E+02,    1.3095338657E+02,    0.0000000000E+00,    0.0000000000E+00,    0.0000000000E+00,    1.3095338657E+02
    117050,      0.676941,CP9_after_PTsource,   1,    0.0000000000E+00,    1.3095338657E+02,    1.3095338657E+02,    0.0000000000E+00,    0.0000000000E+00,    0.0000000000E+00,    1.3095338657E+02
    117050,      0.676941,CP10_after_neg_clamp,   1,    0.0000000000E+00,    1.3095338657E+02,    1.3095338657E+02,    0.0000000000E+00,    0.0000000000E+00,    0.0000000000E+00,    1.3095338657E+02
    117050,      0.676941,CP11_after_MPI,   1,    0.0000000000E+00,    1.3095338657E+02,    1.3095338657E+02,    0.0000000000E+00,    0.0000000000E+00,    0.0000000000E+00,    1.3095338657E+02
    117050,      0.676941,CP12_end,   1,    0.0000000000E+00,    1.3095338657E+02,    1.3095338657E+02,    0.0000000000E+00,    0.0000000000E+00,    0.0000000000E+00,    1.3095338657E+02
    117100,      0.676941,CP0_start,   1,    0.0000000000E+00,    1.3104771635E+02,    1.3104771635E+02,    0.0000000000E+00,    0.0000000000E+00,    0.0000000000E+00,    1.3104771635E+02
    117100,      0.676941,CP1_after_deposition,   1,    0.0000000000E+00,    1.3104771635E+02,    1.3104771635E+02,    0.0000000000E+00,    0.0000000000E+00,    0.0000000000E+00,    1.3104771635E+02
    117100,      0.676941,CP2_after_erosion,   1,    0.0000000000E+00,    1.3104771635E+02,    1.3104771635E+02,    0.0000000000E+00,    0.0000000000E+00,    0.0000000000E+00,    1.3104771635E+02
    117100,      0.676941,CP3_after_update_bottom,   1,    0.0000000000E+00,    1.3104771635E+02,    1.3104771635E+02,    0.0000000000E+00,    0.0000000000E+00,    0.0000000000E+00,    1.3104771635E+02
    117100,      0.676941,CP4_after_advection,   1,    0.0000000000E+00,    1.3104785903E+02,    1.3104785903E+02,    0.0000000000E+00,    0.0000000000E+00,    0.0000000000E+00,    1.3104785903E+02
    117100,      0.676941,CP5_after_vdif,   1,    0.0000000000E+00,    1.3104785903E+02,    1.3104785903E+02,    0.0000000000E+00,    0.0000000000E+00,    0.0000000000E+00,    1.3104785903E+02
    117100,      0.676941,CP6_after_kinetics,   1,    0.0000000000E+00,    1.3104785903E+02,    1.3104785903E+02,    0.0000000000E+00,    0.0000000000E+00,    0.0000000000E+00,    1.3104785903E+02
    117100,      0.676941,CP7_after_upper_clamp,   1,    0.0000000000E+00,    1.3104785903E+02,    1.3104785903E+02,    0.0000000000E+00,    0.0000000000E+00,    0.0000000000E+00,    1.3104785903E+02
    117100,      0.676941,CP8_after_OBC,   1,    0.0000000000E+00,    1.3104785903E+02,    1.3104785903E+02,    0.0000000000E+00,    0.0000000000E+00,    0.0000000000E+00,    1.3104785903E+02
    117100,      0.676941,CP9_after_PTsource,   1,    0.0000000000E+00,    1.3104785903E+02,    1.3104785903E+02,    0.0000000000E+00,    0.0000000000E+00,    0.0000000000E+00,    1.3104785903E+02
    117100,      0.676941,CP10_after_neg_clamp,   1,    0.0000000000E+00,    1.3104785903E+02,    1.3104785903E+02,    0.0000000000E+00,    0.0000000000E+00,    0.0000000000E+00,    1.3104785903E+02
    117100,      0.676941,CP11_after_MPI,   1,    0.0000000000E+00,    1.3104785903E+02,    1.3104785903E+02,    0.0000000000E+00,    0.0000000000E+00,    0.0000000000E+00,    1.3104785903E+02
    117100,      0.676941,CP12_end,   1,    0.0000000000E+00,    1.3104785903E+02,    1.3104785903E+02,    0.0000000000E+00,    0.0000000000E+00,    0.0000000000E+00,    1.3104785903E+02
    117150,      0.676941,CP0_start,   1,    0.0000000000E+00,    1.3114189714E+02,    1.3114189714E+02,    0.0000000000E+00,    0.0000000000E+00,    0.0000000000E+00,    1.3114189714E+02
    117150,      0.676941,CP1_after_deposition,   1,    0.0000000000E+00,    1.3114189714E+02,    1.3114189714E+02,    0.0000000000E+00,    0.0000000000E+00,    0.0000000000E+00,    1.3114189714E+02
    117150,      0.676941,CP2_after_erosion,   1,    0.0000000000E+00,    1.3114189714E+02,    1.3114189714E+02,    0.0000000000E+00,    0.0000000000E+00,    0.0000000000E+00,    1.3114189714E+02
    117150,      0.676941,CP3_after_update_bottom,   1,    0.0000000000E+00,    1.3114189714E+02,    1.3114189714E+02,    0.0000000000E+00,    0.0000000000E+00,    0.0000000000E+00,    1.3114189714E+02
    117150,      0.676941,CP4_after_advection,   1,    0.0000000000E+00,    1.3114210257E+02,    1.3114210257E+02,    0.0000000000E+00,    0.0000000000E+00,    0.0000000000E+00,    1.3114210257E+02
    117150,      0.676941,CP5_after_vdif,   1,    0.0000000000E+00,    1.3114210257E+02,    1.3114210257E+02,    0.0000000000E+00,    0.0000000000E+00,    0.0000000000E+00,    1.3114210257E+02
    117150,      0.676941,CP6_after_kinetics,   1,    0.0000000000E+00,    1.3114210257E+02,    1.3114210257E+02,    0.0000000000E+00,    0.0000000000E+00,    0.0000000000E+00,    1.3114210257E+02
    117150,      0.676941,CP7_after_upper_clamp,   1,    0.0000000000E+00,    1.3114210257E+02,    1.3114210257E+02,    0.0000000000E+00,    0.0000000000E+00,    0.0000000000E+00,    1.3114210257E+02
    117150,      0.676941,CP8_after_OBC,   1,    0.0000000000E+00,    1.3114210257E+02,    1.3114210257E+02,    0.0000000000E+00,    0.0000000000E+00,    0.0000000000E+00,    1.3114210257E+02
    117150,      0.676941,CP9_after_PTsource,   1,    0.0000000000E+00,    1.3114210257E+02,    1.3114210257E+02,    0.0000000000E+00,    0.0000000000E+00,    0.0000000000E+00,    1.3114210257E+02
    117150,      0.676941,CP10_after_neg_clamp,   1,    0.0000000000E+00,    1.3114210257E+02,    1.3114210257E+02,    0.0000000000E+00,    0.0000000000E+00,    0.0000000000E+00,    1.3114210257E+02
    117150,      0.676941,CP11_after_MPI,   1,    0.0000000000E+00,    1.3114210257E+02,    1.3114210257E+02,    0.0000000000E+00,    0.0000000000E+00,    0.0000000000E+00,    1.3114210257E+02
    117150,      0.676941,CP12_end,   1,    0.0000000000E+00,    1.3114210257E+02,    1.3114210257E+02,    0.0000000000E+00,    0.0000000000E+00,    0.0000000000E+00,    1.3114210257E+02
    117200,      0.676941,CP0_start,   1,    0.0000000000E+00,    1.3123585818E+02,    1.3123585818E+02,    0.0000000000E+00,    0.0000000000E+00,    0.0000000000E+00,    1.3123585818E+02
    117200,      0.676941,CP1_after_deposition,   1,    0.0000000000E+00,    1.3123585818E+02,    1.3123585818E+02,    0.0000000000E+00,    0.0000000000E+00,    0.0000000000E+00,    1.3123585818E+02
    117200,      0.676941,CP2_after_erosion,   1,    0.0000000000E+00,    1.3123585818E+02,    1.3123585818E+02,    0.0000000000E+00,    0.0000000000E+00,    0.0000000000E+00,    1.3123585818E+02
    117200,      0.676941,CP3_after_update_bottom,   1,    0.0000000000E+00,    1.3123585818E+02,    1.3123585818E+02,    0.0000000000E+00,    0.0000000000E+00,    0.0000000000E+00,    1.3123585818E+02
    117200,      0.676941,CP4_after_advection,   1,    0.0000000000E+00,    1.3123612738E+02,    1.3123612738E+02,    0.0000000000E+00,    0.0000000000E+00,    0.0000000000E+00,    1.3123612738E+02
    117200,      0.676941,CP5_after_vdif,   1,    0.0000000000E+00,    1.3123612738E+02,    1.3123612738E+02,    0.0000000000E+00,    0.0000000000E+00,    0.0000000000E+00,    1.3123612738E+02
    117200,      0.676941,CP6_after_kinetics,   1,    0.0000000000E+00,    1.3123612738E+02,    1.3123612738E+02,    0.0000000000E+00,    0.0000000000E+00,    0.0000000000E+00,    1.3123612738E+02
    117200,      0.676941,CP7_after_upper_clamp,   1,    0.0000000000E+00,    1.3123612738E+02,    1.3123612738E+02,    0.0000000000E+00,    0.0000000000E+00,    0.0000000000E+00,    1.3123612738E+02
    117200,      0.676941,CP8_after_OBC,   1,    0.0000000000E+00,    1.3123612738E+02,    1.3123612738E+02,    0.0000000000E+00,    0.0000000000E+00,    0.0000000000E+00,    1.3123612738E+02
    117200,      0.676941,CP9_after_PTsource,   1,    0.0000000000E+00,    1.3123612738E+02,    1.3123612738E+02,    0.0000000000E+00,    0.0000000000E+00,    0.0000000000E+00,    1.3123612738E+02
    117200,      0.676941,CP10_after_neg_clamp,   1,    0.0000000000E+00,    1.3123612738E+02,    1.3123612738E+02,    0.0000000000E+00,    0.0000000000E+00,    0.0000000000E+00,    1.3123612738E+02
    117200,      0.676941,CP11_after_MPI,   1,    0.0000000000E+00,    1.3123612738E+02,    1.3123612738E+02,    0.0000000000E+00,    0.0000000000E+00,    0.0000000000E+00,    1.3123612738E+02
    117200,      0.676941,CP12_end,   1,    0.0000000000E+00,    1.3123612738E+02,    1.3123612738E+02,    0.0000000000E+00,    0.0000000000E+00,    0.0000000000E+00,    1.3123612738E+02
    117250,      0.676941,CP0_start,   1,    0.0000000000E+00,    1.3132964122E+02,    1.3132964122E+02,    0.0000000000E+00,    0.0000000000E+00,    0.0000000000E+00,    1.3132964122E+02
    117250,      0.676941,CP1_after_deposition,   1,    0.0000000000E+00,    1.3132964122E+02,    1.3132964122E+02,    0.0000000000E+00,    0.0000000000E+00,    0.0000000000E+00,    1.3132964122E+02
    117250,      0.676941,CP2_after_erosion,   1,    0.0000000000E+00,    1.3132964122E+02,    1.3132964122E+02,    0.0000000000E+00,    0.0000000000E+00,    0.0000000000E+00,    1.3132964122E+02
    117250,      0.676941,CP3_after_update_bottom,   1,    0.0000000000E+00,    1.3132964122E+02,    1.3132964122E+02,    0.0000000000E+00,    0.0000000000E+00,    0.0000000000E+00,    1.3132964122E+02
    117250,      0.676941,CP4_after_advection,   1,    0.0000000000E+00,    1.3132998045E+02,    1.3132998045E+02,    0.0000000000E+00,    0.0000000000E+00,    0.0000000000E+00,    1.3132998045E+02
    117250,      0.676941,CP5_after_vdif,   1,    0.0000000000E+00,    1.3132998045E+02,    1.3132998045E+02,    0.0000000000E+00,    0.0000000000E+00,    0.0000000000E+00,    1.3132998045E+02
    117250,      0.676941,CP6_after_kinetics,   1,    0.0000000000E+00,    1.3132998045E+02,    1.3132998045E+02,    0.0000000000E+00,    0.0000000000E+00,    0.0000000000E+00,    1.3132998045E+02
    117250,      0.676941,CP7_after_upper_clamp,   1,    0.0000000000E+00,    1.3132998045E+02,    1.3132998045E+02,    0.0000000000E+00,    0.0000000000E+00,    0.0000000000E+00,    1.3132998045E+02
    117250,      0.676941,CP8_after_OBC,   1,    0.0000000000E+00,    1.3132998045E+02,    1.3132998045E+02,    0.0000000000E+00,    0.0000000000E+00,    0.0000000000E+00,    1.3132998045E+02
    117250,      0.676941,CP9_after_PTsource,   1,    0.0000000000E+00,    1.3132998045E+02,    1.3132998045E+02,    0.0000000000E+00,    0.0000000000E+00,    0.0000000000E+00,    1.3132998045E+02
    117250,      0.676941,CP10_after_neg_clamp,   1,    0.0000000000E+00,    1.3132998045E+02,    1.3132998045E+02,    0.0000000000E+00,    0.0000000000E+00,    0.0000000000E+00,    1.3132998045E+02
    117250,      0.676941,CP11_after_MPI,   1,    0.0000000000E+00,    1.3132998045E+02,    1.3132998045E+02,    0.0000000000E+00,    0.0000000000E+00,    0.0000000000E+00,    1.3132998045E+02
    117250,      0.676941,CP12_end,   1,    0.0000000000E+00,    1.3132998045E+02,    1.3132998045E+02,    0.0000000000E+00,    0.0000000000E+00,    0.0000000000E+00,    1.3132998045E+02
    117300,      0.676941,CP0_start,   1,    0.0000000000E+00,    1.3142335740E+02,    1.3142335740E+02,    0.0000000000E+00,    0.0000000000E+00,    0.0000000000E+00,    1.3142335740E+02
    117300,      0.676941,CP1_after_deposition,   1,    0.0000000000E+00,    1.3142335740E+02,    1.3142335740E+02,    0.0000000000E+00,    0.0000000000E+00,    0.0000000000E+00,    1.3142335740E+02
    117300,      0.676941,CP2_after_erosion,   1,    0.0000000000E+00,    1.3142335740E+02,    1.3142335740E+02,    0.0000000000E+00,    0.0000000000E+00,    0.0000000000E+00,    1.3142335740E+02
    117300,      0.676941,CP3_after_update_bottom,   1,    0.0000000000E+00,    1.3142335740E+02,    1.3142335740E+02,    0.0000000000E+00,    0.0000000000E+00,    0.0000000000E+00,    1.3142335740E+02
    117300,      0.676941,CP4_after_advection,   1,    0.0000000000E+00,    1.3142376461E+02,    1.3142376461E+02,    0.0000000000E+00,    0.0000000000E+00,    0.0000000000E+00,    1.3142376461E+02
    117300,      0.676941,CP5_after_vdif,   1,    0.0000000000E+00,    1.3142376461E+02,    1.3142376461E+02,    0.0000000000E+00,    0.0000000000E+00,    0.0000000000E+00,    1.3142376461E+02
    117300,      0.676941,CP6_after_kinetics,   1,    0.0000000000E+00,    1.3142376461E+02,    1.3142376461E+02,    0.0000000000E+00,    0.0000000000E+00,    0.0000000000E+00,    1.3142376461E+02
    117300,      0.676941,CP7_after_upper_clamp,   1,    0.0000000000E+00,    1.3142376461E+02,    1.3142376461E+02,    0.0000000000E+00,    0.0000000000E+00,    0.0000000000E+00,    1.3142376461E+02
    117300,      0.676941,CP8_after_OBC,   1,    0.0000000000E+00,    1.3142376461E+02,    1.3142376461E+02,    0.0000000000E+00,    0.0000000000E+00,    0.0000000000E+00,    1.3142376461E+02
    117300,      0.676941,CP9_after_PTsource,   1,    0.0000000000E+00,    1.3142376461E+02,    1.3142376461E+02,    0.0000000000E+00,    0.0000000000E+00,    0.0000000000E+00,    1.3142376461E+02
    117300,      0.676941,CP10_after_neg_clamp,   1,    0.0000000000E+00,    1.3142376461E+02,    1.3142376461E+02,    0.0000000000E+00,    0.0000000000E+00,    0.0000000000E+00,    1.3142376461E+02
    117300,      0.676941,CP11_after_MPI,   1,    0.0000000000E+00,    1.3142376461E+02,    1.3142376461E+02,    0.0000000000E+00,    0.0000000000E+00,    0.0000000000E+00,    1.3142376461E+02
    117300,      0.676941,CP12_end,   1,    0.0000000000E+00,    1.3142376461E+02,    1.3142376461E+02,    0.0000000000E+00,    0.0000000000E+00,    0.0000000000E+00,    1.3142376461E+02
    117350,      0.676941,CP0_start,   1,    0.0000000000E+00,    1.3151715277E+02,    1.3151715277E+02,    0.0000000000E+00,    0.0000000000E+00,    0.0000000000E+00,    1.3151715277E+02
    117350,      0.676941,CP1_after_deposition,   1,    0.0000000000E+00,    1.3151715277E+02,    1.3151715277E+02,    0.0000000000E+00,    0.0000000000E+00,    0.0000000000E+00,    1.3151715277E+02
    117350,      0.676941,CP2_after_erosion,   1,    0.0000000000E+00,    1.3151715277E+02,    1.3151715277E+02,    0.0000000000E+00,    0.0000000000E+00,    0.0000000000E+00,    1.3151715277E+02
    117350,      0.676941,CP3_after_update_bottom,   1,    0.0000000000E+00,    1.3151715277E+02,    1.3151715277E+02,    0.0000000000E+00,    0.0000000000E+00,    0.0000000000E+00,    1.3151715277E+02
    117350,      0.676941,CP4_after_advection,   1,    0.0000000000E+00,    1.3151763629E+02,    1.3151763629E+02,    0.0000000000E+00,    0.0000000000E+00,    0.0000000000E+00,    1.3151763629E+02
    117350,      0.676941,CP5_after_vdif,   1,    0.0000000000E+00,    1.3151763629E+02,    1.3151763629E+02,    0.0000000000E+00,    0.0000000000E+00,    0.0000000000E+00,    1.3151763629E+02
    117350,      0.676941,CP6_after_kinetics,   1,    0.0000000000E+00,    1.3151763629E+02,    1.3151763629E+02,    0.0000000000E+00,    0.0000000000E+00,    0.0000000000E+00,    1.3151763629E+02
    117350,      0.676941,CP7_after_upper_clamp,   1,    0.0000000000E+00,    1.3151763629E+02,    1.3151763629E+02,    0.0000000000E+00,    0.0000000000E+00,    0.0000000000E+00,    1.3151763629E+02
    117350,      0.676941,CP8_after_OBC,   1,    0.0000000000E+00,    1.3151763629E+02,    1.3151763629E+02,    0.0000000000E+00,    0.0000000000E+00,    0.0000000000E+00,    1.3151763629E+02
    117350,      0.676941,CP9_after_PTsource,   1,    0.0000000000E+00,    1.3151763629E+02,    1.3151763629E+02,    0.0000000000E+00,    0.0000000000E+00,    0.0000000000E+00,    1.3151763629E+02
    117350,      0.676941,CP10_after_neg_clamp,   1,    0.0000000000E+00,    1.3151763629E+02,    1.3151763629E+02,    0.0000000000E+00,    0.0000000000E+00,    0.0000000000E+00,    1.3151763629E+02
    117350,      0.676941,CP11_after_MPI,   1,    0.0000000000E+00,    1.3151763629E+02,    1.3151763629E+02,    0.0000000000E+00,    0.0000000000E+00,    0.0000000000E+00,    1.3151763629E+02
    117350,      0.676941,CP12_end,   1,    0.0000000000E+00,    1.3151763629E+02,    1.3151763629E+02,    0.0000000000E+00,    0.0000000000E+00,    0.0000000000E+00,    1.3151763629E+02
    117400,      0.676941,CP0_start,   1,    0.0000000000E+00,    1.3161118692E+02,    1.3161118692E+02,    0.0000000000E+00,    0.0000000000E+00,    0.0000000000E+00,    1.3161118692E+02
    117400,      0.676941,CP1_after_deposition,   1,    0.0000000000E+00,    1.3161118692E+02,    1.3161118692E+02,    0.0000000000E+00,    0.0000000000E+00,    0.0000000000E+00,    1.3161118692E+02
    117400,      0.676941,CP2_after_erosion,   1,    0.0000000000E+00,    1.3161118692E+02,    1.3161118692E+02,    0.0000000000E+00,    0.0000000000E+00,    0.0000000000E+00,    1.3161118692E+02
    117400,      0.676941,CP3_after_update_bottom,   1,    0.0000000000E+00,    1.3161118692E+02,    1.3161118692E+02,    0.0000000000E+00,    0.0000000000E+00,    0.0000000000E+00,    1.3161118692E+02
    117400,      0.676941,CP4_after_advection,   1,    0.0000000000E+00,    1.3161174791E+02,    1.3161174791E+02,    0.0000000000E+00,    0.0000000000E+00,    0.0000000000E+00,    1.3161174791E+02
    117400,      0.676941,CP5_after_vdif,   1,    0.0000000000E+00,    1.3161174791E+02,    1.3161174791E+02,    0.0000000000E+00,    0.0000000000E+00,    0.0000000000E+00,    1.3161174791E+02
    117400,      0.676941,CP6_after_kinetics,   1,    0.0000000000E+00,    1.3161174791E+02,    1.3161174791E+02,    0.0000000000E+00,    0.0000000000E+00,    0.0000000000E+00,    1.3161174791E+02
    117400,      0.676941,CP7_after_upper_clamp,   1,    0.0000000000E+00,    1.3161174791E+02,    1.3161174791E+02,    0.0000000000E+00,    0.0000000000E+00,    0.0000000000E+00,    1.3161174791E+02
    117400,      0.676941,CP8_after_OBC,   1,    0.0000000000E+00,    1.3161174791E+02,    1.3161174791E+02,    0.0000000000E+00,    0.0000000000E+00,    0.0000000000E+00,    1.3161174791E+02
    117400,      0.676941,CP9_after_PTsource,   1,    0.0000000000E+00,    1.3161174791E+02,    1.3161174791E+02,    0.0000000000E+00,    0.0000000000E+00,    0.0000000000E+00,    1.3161174791E+02
    117400,      0.676941,CP10_after_neg_clamp,   1,    0.0000000000E+00,    1.3161174791E+02,    1.3161174791E+02,    0.0000000000E+00,    0.0000000000E+00,    0.0000000000E+00,    1.3161174791E+02
    117400,      0.676941,CP11_after_MPI,   1,    0.0000000000E+00,    1.3161174791E+02,    1.3161174791E+02,    0.0000000000E+00,    0.0000000000E+00,    0.0000000000E+00,    1.3161174791E+02
    117400,      0.676941,CP12_end,   1,    0.0000000000E+00,    1.3161174791E+02,    1.3161174791E+02,    0.0000000000E+00,    0.0000000000E+00,    0.0000000000E+00,    1.3161174791E+02
    117450,      0.676941,CP0_start,   1,    0.0000000000E+00,    1.3170556443E+02,    1.3170556443E+02,    0.0000000000E+00,    0.0000000000E+00,    0.0000000000E+00,    1.3170556443E+02
    117450,      0.676941,CP1_after_deposition,   1,    0.0000000000E+00,    1.3170556443E+02,    1.3170556443E+02,    0.0000000000E+00,    0.0000000000E+00,    0.0000000000E+00,    1.3170556443E+02
    117450,      0.676941,CP2_after_erosion,   1,    0.0000000000E+00,    1.3170556443E+02,    1.3170556443E+02,    0.0000000000E+00,    0.0000000000E+00,    0.0000000000E+00,    1.3170556443E+02
    117450,      0.676941,CP3_after_update_bottom,   1,    0.0000000000E+00,    1.3170556443E+02,    1.3170556443E+02,    0.0000000000E+00,    0.0000000000E+00,    0.0000000000E+00,    1.3170556443E+02
    117450,      0.676941,CP4_after_advection,   1,    0.0000000000E+00,    1.3170620762E+02,    1.3170620762E+02,    0.0000000000E+00,    0.0000000000E+00,    0.0000000000E+00,    1.3170620762E+02
    117450,      0.676941,CP5_after_vdif,   1,    0.0000000000E+00,    1.3170620762E+02,    1.3170620762E+02,    0.0000000000E+00,    0.0000000000E+00,    0.0000000000E+00,    1.3170620762E+02
    117450,      0.676941,CP6_after_kinetics,   1,    0.0000000000E+00,    1.3170620762E+02,    1.3170620762E+02,    0.0000000000E+00,    0.0000000000E+00,    0.0000000000E+00,    1.3170620762E+02
    117450,      0.676941,CP7_after_upper_clamp,   1,    0.0000000000E+00,    1.3170620762E+02,    1.3170620762E+02,    0.0000000000E+00,    0.0000000000E+00,    0.0000000000E+00,    1.3170620762E+02
    117450,      0.676941,CP8_after_OBC,   1,    0.0000000000E+00,    1.3170620762E+02,    1.3170620762E+02,    0.0000000000E+00,    0.0000000000E+00,    0.0000000000E+00,    1.3170620762E+02
    117450,      0.676941,CP9_after_PTsource,   1,    0.0000000000E+00,    1.3170620762E+02,    1.3170620762E+02,    0.0000000000E+00,    0.0000000000E+00,    0.0000000000E+00,    1.3170620762E+02
    117450,      0.676941,CP10_after_neg_clamp,   1,    0.0000000000E+00,    1.3170620762E+02,    1.3170620762E+02,    0.0000000000E+00,    0.0000000000E+00,    0.0000000000E+00,    1.3170620762E+02
    117450,      0.676941,CP11_after_MPI,   1,    0.0000000000E+00,    1.3170620762E+02,    1.3170620762E+02,    0.0000000000E+00,    0.0000000000E+00,    0.0000000000E+00,    1.3170620762E+02
    117450,      0.676941,CP12_end,   1,    0.0000000000E+00,    1.3170620762E+02,    1.3170620762E+02,    0.0000000000E+00,    0.0000000000E+00,    0.0000000000E+00,    1.3170620762E+02
    117500,      0.676941,CP0_start,   1,    0.0000000000E+00,    1.3180033499E+02,    1.3180033499E+02,    0.0000000000E+00,    0.0000000000E+00,    0.0000000000E+00,    1.3180033499E+02
    117500,      0.676941,CP1_after_deposition,   1,    0.0000000000E+00,    1.3180033499E+02,    1.3180033499E+02,    0.0000000000E+00,    0.0000000000E+00,    0.0000000000E+00,    1.3180033499E+02
    117500,      0.676941,CP2_after_erosion,   1,    0.0000000000E+00,    1.3180033499E+02,    1.3180033499E+02,    0.0000000000E+00,    0.0000000000E+00,    0.0000000000E+00,    1.3180033499E+02
    117500,      0.676941,CP3_after_update_bottom,   1,    0.0000000000E+00,    1.3180033499E+02,    1.3180033499E+02,    0.0000000000E+00,    0.0000000000E+00,    0.0000000000E+00,    1.3180033499E+02
    117500,      0.676941,CP4_after_advection,   1,    0.0000000000E+00,    1.3180106391E+02,    1.3180106391E+02,    0.0000000000E+00,    0.0000000000E+00,    0.0000000000E+00,    1.3180106391E+02
    117500,      0.676941,CP5_after_vdif,   1,    0.0000000000E+00,    1.3180106391E+02,    1.3180106391E+02,    0.0000000000E+00,    0.0000000000E+00,    0.0000000000E+00,    1.3180106391E+02
    117500,      0.676941,CP6_after_kinetics,   1,    0.0000000000E+00,    1.3180106391E+02,    1.3180106391E+02,    0.0000000000E+00,    0.0000000000E+00,    0.0000000000E+00,    1.3180106391E+02
    117500,      0.676941,CP7_after_upper_clamp,   1,    0.0000000000E+00,    1.3180106391E+02,    1.3180106391E+02,    0.0000000000E+00,    0.0000000000E+00,    0.0000000000E+00,    1.3180106391E+02
    117500,      0.676941,CP8_after_OBC,   1,    0.0000000000E+00,    1.3180106391E+02,    1.3180106391E+02,    0.0000000000E+00,    0.0000000000E+00,    0.0000000000E+00,    1.3180106391E+02
    117500,      0.676941,CP9_after_PTsource,   1,    0.0000000000E+00,    1.3180106391E+02,    1.3180106391E+02,    0.0000000000E+00,    0.0000000000E+00,    0.0000000000E+00,    1.3180106391E+02
    117500,      0.676941,CP10_after_neg_clamp,   1,    0.0000000000E+00,    1.3180106391E+02,    1.3180106391E+02,    0.0000000000E+00,    0.0000000000E+00,    0.0000000000E+00,    1.3180106391E+02
    117500,      0.676941,CP11_after_MPI,   1,    0.0000000000E+00,    1.3180106391E+02,    1.3180106391E+02,    0.0000000000E+00,    0.0000000000E+00,    0.0000000000E+00,    1.3180106391E+02
    117500,      0.676941,CP12_end,   1,    0.0000000000E+00,    1.3180106391E+02,    1.3180106391E+02,    0.0000000000E+00,    0.0000000000E+00,    0.0000000000E+00,    1.3180106391E+02
    117550,      0.676941,CP0_start,   1,    0.0000000000E+00,    1.3189554839E+02,    1.3189554839E+02,    0.0000000000E+00,    0.0000000000E+00,    0.0000000000E+00,    1.3189554839E+02
    117550,      0.676941,CP1_after_deposition,   1,    0.0000000000E+00,    1.3189554839E+02,    1.3189554839E+02,    0.0000000000E+00,    0.0000000000E+00,    0.0000000000E+00,    1.3189554839E+02
    117550,      0.676941,CP2_after_erosion,   1,    0.0000000000E+00,    1.3189554839E+02,    1.3189554839E+02,    0.0000000000E+00,    0.0000000000E+00,    0.0000000000E+00,    1.3189554839E+02
    117550,      0.676941,CP3_after_update_bottom,   1,    0.0000000000E+00,    1.3189554839E+02,    1.3189554839E+02,    0.0000000000E+00,    0.0000000000E+00,    0.0000000000E+00,    1.3189554839E+02
    117550,      0.676941,CP4_after_advection,   1,    0.0000000000E+00,    1.3189636197E+02,    1.3189636197E+02,    0.0000000000E+00,    0.0000000000E+00,    0.0000000000E+00,    1.3189636197E+02
    117550,      0.676941,CP5_after_vdif,   1,    0.0000000000E+00,    1.3189636197E+02,    1.3189636197E+02,    0.0000000000E+00,    0.0000000000E+00,    0.0000000000E+00,    1.3189636197E+02
    117550,      0.676941,CP6_after_kinetics,   1,    0.0000000000E+00,    1.3189636197E+02,    1.3189636197E+02,    0.0000000000E+00,    0.0000000000E+00,    0.0000000000E+00,    1.3189636197E+02
    117550,      0.676941,CP7_after_upper_clamp,   1,    0.0000000000E+00,    1.3189636197E+02,    1.3189636197E+02,    0.0000000000E+00,    0.0000000000E+00,    0.0000000000E+00,    1.3189636197E+02
    117550,      0.676941,CP8_after_OBC,   1,    0.0000000000E+00,    1.3189636197E+02,    1.3189636197E+02,    0.0000000000E+00,    0.0000000000E+00,    0.0000000000E+00,    1.3189636197E+02
    117550,      0.676941,CP9_after_PTsource,   1,    0.0000000000E+00,    1.3189636197E+02,    1.3189636197E+02,    0.0000000000E+00,    0.0000000000E+00,    0.0000000000E+00,    1.3189636197E+02
    117550,      0.676941,CP10_after_neg_clamp,   1,    0.0000000000E+00,    1.3189636197E+02,    1.3189636197E+02,    0.0000000000E+00,    0.0000000000E+00,    0.0000000000E+00,    1.3189636197E+02
    117550,      0.676941,CP11_after_MPI,   1,    0.0000000000E+00,    1.3189636197E+02,    1.3189636197E+02,    0.0000000000E+00,    0.0000000000E+00,    0.0000000000E+00,    1.3189636197E+02
    117550,      0.676941,CP12_end,   1,    0.0000000000E+00,    1.3189636197E+02,    1.3189636197E+02,    0.0000000000E+00,    0.0000000000E+00,    0.0000000000E+00,    1.3189636197E+02
    117600,      0.676941,CP0_start,   1,    0.0000000000E+00,    1.3199120884E+02,    1.3199120884E+02,    0.0000000000E+00,    0.0000000000E+00,    0.0000000000E+00,    1.3199120884E+02
    117600,      0.676941,CP1_after_deposition,   1,    0.0000000000E+00,    1.3199120884E+02,    1.3199120884E+02,    0.0000000000E+00,    0.0000000000E+00,    0.0000000000E+00,    1.3199120884E+02
    117600,      0.676941,CP2_after_erosion,   1,    0.0000000000E+00,    1.3199120884E+02,    1.3199120884E+02,    0.0000000000E+00,    0.0000000000E+00,    0.0000000000E+00,    1.3199120884E+02
    117600,      0.676941,CP3_after_update_bottom,   1,    0.0000000000E+00,    1.3199120884E+02,    1.3199120884E+02,    0.0000000000E+00,    0.0000000000E+00,    0.0000000000E+00,    1.3199120884E+02
    117600,      0.676941,CP4_after_advection,   1,    0.0000000000E+00,    1.3199210984E+02,    1.3199210984E+02,    0.0000000000E+00,    0.0000000000E+00,    0.0000000000E+00,    1.3199210984E+02
    117600,      0.676941,CP5_after_vdif,   1,    0.0000000000E+00,    1.3199210984E+02,    1.3199210984E+02,    0.0000000000E+00,    0.0000000000E+00,    0.0000000000E+00,    1.3199210984E+02
    117600,      0.676941,CP6_after_kinetics,   1,    0.0000000000E+00,    1.3199210984E+02,    1.3199210984E+02,    0.0000000000E+00,    0.0000000000E+00,    0.0000000000E+00,    1.3199210984E+02
    117600,      0.676941,CP7_after_upper_clamp,   1,    0.0000000000E+00,    1.3199210984E+02,    1.3199210984E+02,    0.0000000000E+00,    0.0000000000E+00,    0.0000000000E+00,    1.3199210984E+02
    117600,      0.676941,CP8_after_OBC,   1,    0.0000000000E+00,    1.3199210984E+02,    1.3199210984E+02,    0.0000000000E+00,    0.0000000000E+00,    0.0000000000E+00,    1.3199210984E+02
    117600,      0.676941,CP9_after_PTsource,   1,    0.0000000000E+00,    1.3199210984E+02,    1.3199210984E+02,    0.0000000000E+00,    0.0000000000E+00,    0.0000000000E+00,    1.3199210984E+02
    117600,      0.676941,CP10_after_neg_clamp,   1,    0.0000000000E+00,    1.3199210984E+02,    1.3199210984E+02,    0.0000000000E+00,    0.0000000000E+00,    0.0000000000E+00,    1.3199210984E+02
    117600,      0.676941,CP11_after_MPI,   1,    0.0000000000E+00,    1.3199210984E+02,    1.3199210984E+02,    0.0000000000E+00,    0.0000000000E+00,    0.0000000000E+00,    1.3199210984E+02
    117600,      0.676941,CP12_end,   1,    0.0000000000E+00,    1.3199210984E+02,    1.3199210984E+02,    0.0000000000E+00,    0.0000000000E+00,    0.0000000000E+00,    1.3199210984E+02
    117650,      0.676941,CP0_start,   1,    0.0000000000E+00,    1.3208723911E+02,    1.3208723911E+02,    0.0000000000E+00,    0.0000000000E+00,    0.0000000000E+00,    1.3208723911E+02
    117650,      0.676941,CP1_after_deposition,   1,    0.0000000000E+00,    1.3208723911E+02,    1.3208723911E+02,    0.0000000000E+00,    0.0000000000E+00,    0.0000000000E+00,    1.3208723911E+02
    117650,      0.676941,CP2_after_erosion,   1,    0.0000000000E+00,    1.3208723911E+02,    1.3208723911E+02,    0.0000000000E+00,    0.0000000000E+00,    0.0000000000E+00,    1.3208723911E+02
    117650,      0.676941,CP3_after_update_bottom,   1,    0.0000000000E+00,    1.3208723911E+02,    1.3208723911E+02,    0.0000000000E+00,    0.0000000000E+00,    0.0000000000E+00,    1.3208723911E+02
    117650,      0.676941,CP4_after_advection,   1,    0.0000000000E+00,    1.3208822593E+02,    1.3208822593E+02,    0.0000000000E+00,    0.0000000000E+00,    0.0000000000E+00,    1.3208822593E+02
    117650,      0.676941,CP5_after_vdif,   1,    0.0000000000E+00,    1.3208822593E+02,    1.3208822593E+02,    0.0000000000E+00,    0.0000000000E+00,    0.0000000000E+00,    1.3208822593E+02
    117650,      0.676941,CP6_after_kinetics,   1,    0.0000000000E+00,    1.3208822593E+02,    1.3208822593E+02,    0.0000000000E+00,    0.0000000000E+00,    0.0000000000E+00,    1.3208822593E+02
    117650,      0.676941,CP7_after_upper_clamp,   1,    0.0000000000E+00,    1.3208822593E+02,    1.3208822593E+02,    0.0000000000E+00,    0.0000000000E+00,    0.0000000000E+00,    1.3208822593E+02
    117650,      0.676941,CP8_after_OBC,   1,    0.0000000000E+00,    1.3208822593E+02,    1.3208822593E+02,    0.0000000000E+00,    0.0000000000E+00,    0.0000000000E+00,    1.3208822593E+02
    117650,      0.676941,CP9_after_PTsource,   1,    0.0000000000E+00,    1.3208822593E+02,    1.3208822593E+02,    0.0000000000E+00,    0.0000000000E+00,    0.0000000000E+00,    1.3208822593E+02
    117650,      0.676941,CP10_after_neg_clamp,   1,    0.0000000000E+00,    1.3208822593E+02,    1.3208822593E+02,    0.0000000000E+00,    0.0000000000E+00,    0.0000000000E+00,    1.3208822593E+02
    117650,      0.676941,CP11_after_MPI,   1,    0.0000000000E+00,    1.3208822593E+02,    1.3208822593E+02,    0.0000000000E+00,    0.0000000000E+00,    0.0000000000E+00,    1.3208822593E+02
    117650,      0.676941,CP12_end,   1,    0.0000000000E+00,    1.3208822593E+02,    1.3208822593E+02,    0.0000000000E+00,    0.0000000000E+00,    0.0000000000E+00,    1.3208822593E+02
    117700,      0.676941,CP0_start,   1,    0.0000000000E+00,    1.3218352002E+02,    1.3218352002E+02,    0.0000000000E+00,    0.0000000000E+00,    0.0000000000E+00,    1.3218352002E+02
    117700,      0.676941,CP1_after_deposition,   1,    0.0000000000E+00,    1.3218352002E+02,    1.3218352002E+02,    0.0000000000E+00,    0.0000000000E+00,    0.0000000000E+00,    1.3218352002E+02
    117700,      0.676941,CP2_after_erosion,   1,    0.0000000000E+00,    1.3218352002E+02,    1.3218352002E+02,    0.0000000000E+00,    0.0000000000E+00,    0.0000000000E+00,    1.3218352002E+02
    117700,      0.676941,CP3_after_update_bottom,   1,    0.0000000000E+00,    1.3218352002E+02,    1.3218352002E+02,    0.0000000000E+00,    0.0000000000E+00,    0.0000000000E+00,    1.3218352002E+02
    117700,      0.676941,CP4_after_advection,   1,    0.0000000000E+00,    1.3218459056E+02,    1.3218459056E+02,    0.0000000000E+00,    0.0000000000E+00,    0.0000000000E+00,    1.3218459056E+02
    117700,      0.676941,CP5_after_vdif,   1,    0.0000000000E+00,    1.3218459056E+02,    1.3218459056E+02,    0.0000000000E+00,    0.0000000000E+00,    0.0000000000E+00,    1.3218459056E+02
    117700,      0.676941,CP6_after_kinetics,   1,    0.0000000000E+00,    1.3218459056E+02,    1.3218459056E+02,    0.0000000000E+00,    0.0000000000E+00,    0.0000000000E+00,    1.3218459056E+02
    117700,      0.676941,CP7_after_upper_clamp,   1,    0.0000000000E+00,    1.3218459056E+02,    1.3218459056E+02,    0.0000000000E+00,    0.0000000000E+00,    0.0000000000E+00,    1.3218459056E+02
    117700,      0.676941,CP8_after_OBC,   1,    0.0000000000E+00,    1.3218459056E+02,    1.3218459056E+02,    0.0000000000E+00,    0.0000000000E+00,    0.0000000000E+00,    1.3218459056E+02
    117700,      0.676941,CP9_after_PTsource,   1,    0.0000000000E+00,    1.3218459056E+02,    1.3218459056E+02,    0.0000000000E+00,    0.0000000000E+00,    0.0000000000E+00,    1.3218459056E+02
    117700,      0.676941,CP10_after_neg_clamp,   1,    0.0000000000E+00,    1.3218459056E+02,    1.3218459056E+02,    0.0000000000E+00,    0.0000000000E+00,    0.0000000000E+00,    1.3218459056E+02
    117700,      0.676941,CP11_after_MPI,   1,    0.0000000000E+00,    1.3218459056E+02,    1.3218459056E+02,    0.0000000000E+00,    0.0000000000E+00,    0.0000000000E+00,    1.3218459056E+02
    117700,      0.676941,CP12_end,   1,    0.0000000000E+00,    1.3218459056E+02,    1.3218459056E+02,    0.0000000000E+00,    0.0000000000E+00,    0.0000000000E+00,    1.3218459056E+02
    117750,      0.676941,CP0_start,   1,    0.0000000000E+00,    1.3227996266E+02,    1.3227996266E+02,    0.0000000000E+00,    0.0000000000E+00,    0.0000000000E+00,    1.3227996266E+02
    117750,      0.676941,CP1_after_deposition,   1,    0.0000000000E+00,    1.3227996266E+02,    1.3227996266E+02,    0.0000000000E+00,    0.0000000000E+00,    0.0000000000E+00,    1.3227996266E+02
    117750,      0.676941,CP2_after_erosion,   1,    0.0000000000E+00,    1.3227996266E+02,    1.3227996266E+02,    0.0000000000E+00,    0.0000000000E+00,    0.0000000000E+00,    1.3227996266E+02
    117750,      0.676941,CP3_after_update_bottom,   1,    0.0000000000E+00,    1.3227996266E+02,    1.3227996266E+02,    0.0000000000E+00,    0.0000000000E+00,    0.0000000000E+00,    1.3227996266E+02
    117750,      0.676941,CP4_after_advection,   1,    0.0000000000E+00,    1.3228111310E+02,    1.3228111310E+02,    0.0000000000E+00,    0.0000000000E+00,    0.0000000000E+00,    1.3228111310E+02
    117750,      0.676941,CP5_after_vdif,   1,    0.0000000000E+00,    1.3228111310E+02,    1.3228111310E+02,    0.0000000000E+00,    0.0000000000E+00,    0.0000000000E+00,    1.3228111310E+02
    117750,      0.676941,CP6_after_kinetics,   1,    0.0000000000E+00,    1.3228111310E+02,    1.3228111310E+02,    0.0000000000E+00,    0.0000000000E+00,    0.0000000000E+00,    1.3228111310E+02
    117750,      0.676941,CP7_after_upper_clamp,   1,    0.0000000000E+00,    1.3228111310E+02,    1.3228111310E+02,    0.0000000000E+00,    0.0000000000E+00,    0.0000000000E+00,    1.3228111310E+02
    117750,      0.676941,CP8_after_OBC,   1,    0.0000000000E+00,    1.3228111310E+02,    1.3228111310E+02,    0.0000000000E+00,    0.0000000000E+00,    0.0000000000E+00,    1.3228111310E+02
    117750,      0.676941,CP9_after_PTsource,   1,    0.0000000000E+00,    1.3228111310E+02,    1.3228111310E+02,    0.0000000000E+00,    0.0000000000E+00,    0.0000000000E+00,    1.3228111310E+02
    117750,      0.676941,CP10_after_neg_clamp,   1,    0.0000000000E+00,    1.3228111310E+02,    1.3228111310E+02,    0.0000000000E+00,    0.0000000000E+00,    0.0000000000E+00,    1.3228111310E+02
    117750,      0.676941,CP11_after_MPI,   1,    0.0000000000E+00,    1.3228111310E+02,    1.3228111310E+02,    0.0000000000E+00,    0.0000000000E+00,    0.0000000000E+00,    1.3228111310E+02
    117750,      0.676941,CP12_end,   1,    0.0000000000E+00,    1.3228111310E+02,    1.3228111310E+02,    0.0000000000E+00,    0.0000000000E+00,    0.0000000000E+00,    1.3228111310E+02
    117800,      0.676941,CP0_start,   1,    0.0000000000E+00,    1.3237646187E+02,    1.3237646187E+02,    0.0000000000E+00,    0.0000000000E+00,    0.0000000000E+00,    1.3237646187E+02
    117800,      0.676941,CP1_after_deposition,   1,    0.0000000000E+00,    1.3237646187E+02,    1.3237646187E+02,    0.0000000000E+00,    0.0000000000E+00,    0.0000000000E+00,    1.3237646187E+02
    117800,      0.676941,CP2_after_erosion,   1,    0.0000000000E+00,    1.3237646187E+02,    1.3237646187E+02,    0.0000000000E+00,    0.0000000000E+00,    0.0000000000E+00,    1.3237646187E+02
    117800,      0.676941,CP3_after_update_bottom,   1,    0.0000000000E+00,    1.3237646187E+02,    1.3237646187E+02,    0.0000000000E+00,    0.0000000000E+00,    0.0000000000E+00,    1.3237646187E+02
    117800,      0.676941,CP4_after_advection,   1,    0.0000000000E+00,    1.3237769234E+02,    1.3237769234E+02,    0.0000000000E+00,    0.0000000000E+00,    0.0000000000E+00,    1.3237769234E+02
    117800,      0.676941,CP5_after_vdif,   1,    0.0000000000E+00,    1.3237769234E+02,    1.3237769234E+02,    0.0000000000E+00,    0.0000000000E+00,    0.0000000000E+00,    1.3237769234E+02
    117800,      0.676941,CP6_after_kinetics,   1,    0.0000000000E+00,    1.3237769234E+02,    1.3237769234E+02,    0.0000000000E+00,    0.0000000000E+00,    0.0000000000E+00,    1.3237769234E+02
    117800,      0.676941,CP7_after_upper_clamp,   1,    0.0000000000E+00,    1.3237769234E+02,    1.3237769234E+02,    0.0000000000E+00,    0.0000000000E+00,    0.0000000000E+00,    1.3237769234E+02
    117800,      0.676941,CP8_after_OBC,   1,    0.0000000000E+00,    1.3237769234E+02,    1.3237769234E+02,    0.0000000000E+00,    0.0000000000E+00,    0.0000000000E+00,    1.3237769234E+02
    117800,      0.676941,CP9_after_PTsource,   1,    0.0000000000E+00,    1.3237769234E+02,    1.3237769234E+02,    0.0000000000E+00,    0.0000000000E+00,    0.0000000000E+00,    1.3237769234E+02
    117800,      0.676941,CP10_after_neg_clamp,   1,    0.0000000000E+00,    1.3237769234E+02,    1.3237769234E+02,    0.0000000000E+00,    0.0000000000E+00,    0.0000000000E+00,    1.3237769234E+02
    117800,      0.676941,CP11_after_MPI,   1,    0.0000000000E+00,    1.3237769234E+02,    1.3237769234E+02,    0.0000000000E+00,    0.0000000000E+00,    0.0000000000E+00,    1.3237769234E+02
    117800,      0.676941,CP12_end,   1,    0.0000000000E+00,    1.3237769234E+02,    1.3237769234E+02,    0.0000000000E+00,    0.0000000000E+00,    0.0000000000E+00,    1.3237769234E+02
    117850,      0.676941,CP0_start,   1,    0.0000000000E+00,    1.3247292966E+02,    1.3247292966E+02,    0.0000000000E+00,    0.0000000000E+00,    0.0000000000E+00,    1.3247292966E+02
    117850,      0.676941,CP1_after_deposition,   1,    0.0000000000E+00,    1.3247292966E+02,    1.3247292966E+02,    0.0000000000E+00,    0.0000000000E+00,    0.0000000000E+00,    1.3247292966E+02
    117850,      0.676941,CP2_after_erosion,   1,    0.0000000000E+00,    1.3247292966E+02,    1.3247292966E+02,    0.0000000000E+00,    0.0000000000E+00,    0.0000000000E+00,    1.3247292966E+02
    117850,      0.676941,CP3_after_update_bottom,   1,    0.0000000000E+00,    1.3247292966E+02,    1.3247292966E+02,    0.0000000000E+00,    0.0000000000E+00,    0.0000000000E+00,    1.3247292966E+02
    117850,      0.676941,CP4_after_advection,   1,    0.0000000000E+00,    1.3247424001E+02,    1.3247424001E+02,    0.0000000000E+00,    0.0000000000E+00,    0.0000000000E+00,    1.3247424001E+02
    117850,      0.676941,CP5_after_vdif,   1,    0.0000000000E+00,    1.3247424001E+02,    1.3247424001E+02,    0.0000000000E+00,    0.0000000000E+00,    0.0000000000E+00,    1.3247424001E+02
    117850,      0.676941,CP6_after_kinetics,   1,    0.0000000000E+00,    1.3247424001E+02,    1.3247424001E+02,    0.0000000000E+00,    0.0000000000E+00,    0.0000000000E+00,    1.3247424001E+02
    117850,      0.676941,CP7_after_upper_clamp,   1,    0.0000000000E+00,    1.3247424001E+02,    1.3247424001E+02,    0.0000000000E+00,    0.0000000000E+00,    0.0000000000E+00,    1.3247424001E+02
    117850,      0.676941,CP8_after_OBC,   1,    0.0000000000E+00,    1.3247424001E+02,    1.3247424001E+02,    0.0000000000E+00,    0.0000000000E+00,    0.0000000000E+00,    1.3247424001E+02
    117850,      0.676941,CP9_after_PTsource,   1,    0.0000000000E+00,    1.3247424001E+02,    1.3247424001E+02,    0.0000000000E+00,    0.0000000000E+00,    0.0000000000E+00,    1.3247424001E+02
    117850,      0.676941,CP10_after_neg_clamp,   1,    0.0000000000E+00,    1.3247424001E+02,    1.3247424001E+02,    0.0000000000E+00,    0.0000000000E+00,    0.0000000000E+00,    1.3247424001E+02
    117850,      0.676941,CP11_after_MPI,   1,    0.0000000000E+00,    1.3247424001E+02,    1.3247424001E+02,    0.0000000000E+00,    0.0000000000E+00,    0.0000000000E+00,    1.3247424001E+02
    117850,      0.676941,CP12_end,   1,    0.0000000000E+00,    1.3247424001E+02,    1.3247424001E+02,    0.0000000000E+00,    0.0000000000E+00,    0.0000000000E+00,    1.3247424001E+02
    117900,      0.676941,CP0_start,   1,    0.0000000000E+00,    1.3256923373E+02,    1.3256923373E+02,    0.0000000000E+00,    0.0000000000E+00,    0.0000000000E+00,    1.3256923373E+02
    117900,      0.676941,CP1_after_deposition,   1,    0.0000000000E+00,    1.3256923373E+02,    1.3256923373E+02,    0.0000000000E+00,    0.0000000000E+00,    0.0000000000E+00,    1.3256923373E+02
    117900,      0.676941,CP2_after_erosion,   1,    0.0000000000E+00,    1.3256923373E+02,    1.3256923373E+02,    0.0000000000E+00,    0.0000000000E+00,    0.0000000000E+00,    1.3256923373E+02
    117900,      0.676941,CP3_after_update_bottom,   1,    0.0000000000E+00,    1.3256923373E+02,    1.3256923373E+02,    0.0000000000E+00,    0.0000000000E+00,    0.0000000000E+00,    1.3256923373E+02
    117900,      0.676941,CP4_after_advection,   1,    0.0000000000E+00,    1.3257062246E+02,    1.3257062246E+02,    0.0000000000E+00,    0.0000000000E+00,    0.0000000000E+00,    1.3257062246E+02
    117900,      0.676941,CP5_after_vdif,   1,    0.0000000000E+00,    1.3257062246E+02,    1.3257062246E+02,    0.0000000000E+00,    0.0000000000E+00,    0.0000000000E+00,    1.3257062246E+02
    117900,      0.676941,CP6_after_kinetics,   1,    0.0000000000E+00,    1.3257062246E+02,    1.3257062246E+02,    0.0000000000E+00,    0.0000000000E+00,    0.0000000000E+00,    1.3257062246E+02
    117900,      0.676941,CP7_after_upper_clamp,   1,    0.0000000000E+00,    1.3257062246E+02,    1.3257062246E+02,    0.0000000000E+00,    0.0000000000E+00,    0.0000000000E+00,    1.3257062246E+02
    117900,      0.676941,CP8_after_OBC,   1,    0.0000000000E+00,    1.3257062246E+02,    1.3257062246E+02,    0.0000000000E+00,    0.0000000000E+00,    0.0000000000E+00,    1.3257062246E+02
    117900,      0.676941,CP9_after_PTsource,   1,    0.0000000000E+00,    1.3257062246E+02,    1.3257062246E+02,    0.0000000000E+00,    0.0000000000E+00,    0.0000000000E+00,    1.3257062246E+02
    117900,      0.676941,CP10_after_neg_clamp,   1,    0.0000000000E+00,    1.3257062246E+02,    1.3257062246E+02,    0.0000000000E+00,    0.0000000000E+00,    0.0000000000E+00,    1.3257062246E+02
    117900,      0.676941,CP11_after_MPI,   1,    0.0000000000E+00,    1.3257062246E+02,    1.3257062246E+02,    0.0000000000E+00,    0.0000000000E+00,    0.0000000000E+00,    1.3257062246E+02
    117900,      0.676941,CP12_end,   1,    0.0000000000E+00,    1.3257062246E+02,    1.3257062246E+02,    0.0000000000E+00,    0.0000000000E+00,    0.0000000000E+00,    1.3257062246E+02
    117950,      0.676941,CP0_start,   1,    0.0000000000E+00,    1.3266485723E+02,    1.3266485723E+02,    0.0000000000E+00,    0.0000000000E+00,    0.0000000000E+00,    1.3266485723E+02
    117950,      0.676941,CP1_after_deposition,   1,    0.0000000000E+00,    1.3266485723E+02,    1.3266485723E+02,    0.0000000000E+00,    0.0000000000E+00,    0.0000000000E+00,    1.3266485723E+02
    117950,      0.676941,CP2_after_erosion,   1,    0.0000000000E+00,    1.3266485723E+02,    1.3266485723E+02,    0.0000000000E+00,    0.0000000000E+00,    0.0000000000E+00,    1.3266485723E+02
    117950,      0.676941,CP3_after_update_bottom,   1,    0.0000000000E+00,    1.3266485723E+02,    1.3266485723E+02,    0.0000000000E+00,    0.0000000000E+00,    0.0000000000E+00,    1.3266485723E+02
    117950,      0.676941,CP4_after_advection,   1,    0.0000000000E+00,    1.3266632074E+02,    1.3266632074E+02,    0.0000000000E+00,    0.0000000000E+00,    0.0000000000E+00,    1.3266632074E+02
    117950,      0.676941,CP5_after_vdif,   1,    0.0000000000E+00,    1.3266632074E+02,    1.3266632074E+02,    0.0000000000E+00,    0.0000000000E+00,    0.0000000000E+00,    1.3266632074E+02
    117950,      0.676941,CP6_after_kinetics,   1,    0.0000000000E+00,    1.3266632074E+02,    1.3266632074E+02,    0.0000000000E+00,    0.0000000000E+00,    0.0000000000E+00,    1.3266632074E+02
    117950,      0.676941,CP7_after_upper_clamp,   1,    0.0000000000E+00,    1.3266632074E+02,    1.3266632074E+02,    0.0000000000E+00,    0.0000000000E+00,    0.0000000000E+00,    1.3266632074E+02
    117950,      0.676941,CP8_after_OBC,   1,    0.0000000000E+00,    1.3266632074E+02,    1.3266632074E+02,    0.0000000000E+00,    0.0000000000E+00,    0.0000000000E+00,    1.3266632074E+02
    117950,      0.676941,CP9_after_PTsource,   1,    0.0000000000E+00,    1.3266632074E+02,    1.3266632074E+02,    0.0000000000E+00,    0.0000000000E+00,    0.0000000000E+00,    1.3266632074E+02
    117950,      0.676941,CP10_after_neg_clamp,   1,    0.0000000000E+00,    1.3266632074E+02,    1.3266632074E+02,    0.0000000000E+00,    0.0000000000E+00,    0.0000000000E+00,    1.3266632074E+02
    117950,      0.676941,CP11_after_MPI,   1,    0.0000000000E+00,    1.3266632074E+02,    1.3266632074E+02,    0.0000000000E+00,    0.0000000000E+00,    0.0000000000E+00,    1.3266632074E+02
    117950,      0.676941,CP12_end,   1,    0.0000000000E+00,    1.3266632074E+02,    1.3266632074E+02,    0.0000000000E+00,    0.0000000000E+00,    0.0000000000E+00,    1.3266632074E+02
    118000,      0.676941,CP0_start,   1,    0.0000000000E+00,    1.3276009607E+02,    1.3276009607E+02,    0.0000000000E+00,    0.0000000000E+00,    0.0000000000E+00,    1.3276009607E+02
    118000,      0.676941,CP1_after_deposition,   1,    0.0000000000E+00,    1.3276009607E+02,    1.3276009607E+02,    0.0000000000E+00,    0.0000000000E+00,    0.0000000000E+00,    1.3276009607E+02
    118000,      0.676941,CP2_after_erosion,   1,    0.0000000000E+00,    1.3276009607E+02,    1.3276009607E+02,    0.0000000000E+00,    0.0000000000E+00,    0.0000000000E+00,    1.3276009607E+02
    118000,      0.676941,CP3_after_update_bottom,   1,    0.0000000000E+00,    1.3276009607E+02,    1.3276009607E+02,    0.0000000000E+00,    0.0000000000E+00,    0.0000000000E+00,    1.3276009607E+02
    118000,      0.676941,CP4_after_advection,   1,    0.0000000000E+00,    1.3276163546E+02,    1.3276163546E+02,    0.0000000000E+00,    0.0000000000E+00,    0.0000000000E+00,    1.3276163546E+02
    118000,      0.676941,CP5_after_vdif,   1,    0.0000000000E+00,    1.3276163546E+02,    1.3276163546E+02,    0.0000000000E+00,    0.0000000000E+00,    0.0000000000E+00,    1.3276163546E+02
    118000,      0.676941,CP6_after_kinetics,   1,    0.0000000000E+00,    1.3276163546E+02,    1.3276163546E+02,    0.0000000000E+00,    0.0000000000E+00,    0.0000000000E+00,    1.3276163546E+02
    118000,      0.676941,CP7_after_upper_clamp,   1,    0.0000000000E+00,    1.3276163546E+02,    1.3276163546E+02,    0.0000000000E+00,    0.0000000000E+00,    0.0000000000E+00,    1.3276163546E+02
    118000,      0.676941,CP8_after_OBC,   1,    0.0000000000E+00,    1.3276163546E+02,    1.3276163546E+02,    0.0000000000E+00,    0.0000000000E+00,    0.0000000000E+00,    1.3276163546E+02
    118000,      0.676941,CP9_after_PTsource,   1,    0.0000000000E+00,    1.3276163546E+02,    1.3276163546E+02,    0.0000000000E+00,    0.0000000000E+00,    0.0000000000E+00,    1.3276163546E+02
    118000,      0.676941,CP10_after_neg_clamp,   1,    0.0000000000E+00,    1.3276163546E+02,    1.3276163546E+02,    0.0000000000E+00,    0.0000000000E+00,    0.0000000000E+00,    1.3276163546E+02
    118000,      0.676941,CP11_after_MPI,   1,    0.0000000000E+00,    1.3276163546E+02,    1.3276163546E+02,    0.0000000000E+00,    0.0000000000E+00,    0.0000000000E+00,    1.3276163546E+02
    118000,      0.676941,CP12_end,   1,    0.0000000000E+00,    1.3276163546E+02,    1.3276163546E+02,    0.0000000000E+00,    0.0000000000E+00,    0.0000000000E+00,    1.3276163546E+02
    118050,      0.676941,CP0_start,   1,    0.0000000000E+00,    1.3285489838E+02,    1.3285489838E+02,    0.0000000000E+00,    0.0000000000E+00,    0.0000000000E+00,    1.3285489838E+02
    118050,      0.676941,CP1_after_deposition,   1,    0.0000000000E+00,    1.3285489838E+02,    1.3285489838E+02,    0.0000000000E+00,    0.0000000000E+00,    0.0000000000E+00,    1.3285489838E+02
    118050,      0.676941,CP2_after_erosion,   1,    0.0000000000E+00,    1.3285489838E+02,    1.3285489838E+02,    0.0000000000E+00,    0.0000000000E+00,    0.0000000000E+00,    1.3285489838E+02
    118050,      0.676941,CP3_after_update_bottom,   1,    0.0000000000E+00,    1.3285489838E+02,    1.3285489838E+02,    0.0000000000E+00,    0.0000000000E+00,    0.0000000000E+00,    1.3285489838E+02
    118050,      0.676941,CP4_after_advection,   1,    0.0000000000E+00,    1.3285651489E+02,    1.3285651489E+02,    0.0000000000E+00,    0.0000000000E+00,    0.0000000000E+00,    1.3285651489E+02
    118050,      0.676941,CP5_after_vdif,   1,    0.0000000000E+00,    1.3285651489E+02,    1.3285651489E+02,    0.0000000000E+00,    0.0000000000E+00,    0.0000000000E+00,    1.3285651489E+02
    118050,      0.676941,CP6_after_kinetics,   1,    0.0000000000E+00,    1.3285651489E+02,    1.3285651489E+02,    0.0000000000E+00,    0.0000000000E+00,    0.0000000000E+00,    1.3285651489E+02
    118050,      0.676941,CP7_after_upper_clamp,   1,    0.0000000000E+00,    1.3285651489E+02,    1.3285651489E+02,    0.0000000000E+00,    0.0000000000E+00,    0.0000000000E+00,    1.3285651489E+02
    118050,      0.676941,CP8_after_OBC,   1,    0.0000000000E+00,    1.3285651489E+02,    1.3285651489E+02,    0.0000000000E+00,    0.0000000000E+00,    0.0000000000E+00,    1.3285651489E+02
    118050,      0.676941,CP9_after_PTsource,   1,    0.0000000000E+00,    1.3285651489E+02,    1.3285651489E+02,    0.0000000000E+00,    0.0000000000E+00,    0.0000000000E+00,    1.3285651489E+02
    118050,      0.676941,CP10_after_neg_clamp,   1,    0.0000000000E+00,    1.3285651489E+02,    1.3285651489E+02,    0.0000000000E+00,    0.0000000000E+00,    0.0000000000E+00,    1.3285651489E+02
    118050,      0.676941,CP11_after_MPI,   1,    0.0000000000E+00,    1.3285651489E+02,    1.3285651489E+02,    0.0000000000E+00,    0.0000000000E+00,    0.0000000000E+00,    1.3285651489E+02
    118050,      0.676941,CP12_end,   1,    0.0000000000E+00,    1.3285651489E+02,    1.3285651489E+02,    0.0000000000E+00,    0.0000000000E+00,    0.0000000000E+00,    1.3285651489E+02
    118100,      0.676941,CP0_start,   1,    0.0000000000E+00,    1.3294926279E+02,    1.3294926279E+02,    0.0000000000E+00,    0.0000000000E+00,    0.0000000000E+00,    1.3294926279E+02
    118100,      0.676941,CP1_after_deposition,   1,    0.0000000000E+00,    1.3294926279E+02,    1.3294926279E+02,    0.0000000000E+00,    0.0000000000E+00,    0.0000000000E+00,    1.3294926279E+02
    118100,      0.676941,CP2_after_erosion,   1,    0.0000000000E+00,    1.3294926279E+02,    1.3294926279E+02,    0.0000000000E+00,    0.0000000000E+00,    0.0000000000E+00,    1.3294926279E+02
    118100,      0.676941,CP3_after_update_bottom,   1,    0.0000000000E+00,    1.3294926279E+02,    1.3294926279E+02,    0.0000000000E+00,    0.0000000000E+00,    0.0000000000E+00,    1.3294926279E+02
    118100,      0.676941,CP4_after_advection,   1,    0.0000000000E+00,    1.3295095782E+02,    1.3295095782E+02,    0.0000000000E+00,    0.0000000000E+00,    0.0000000000E+00,    1.3295095782E+02
    118100,      0.676941,CP5_after_vdif,   1,    0.0000000000E+00,    1.3295095782E+02,    1.3295095782E+02,    0.0000000000E+00,    0.0000000000E+00,    0.0000000000E+00,    1.3295095782E+02
    118100,      0.676941,CP6_after_kinetics,   1,    0.0000000000E+00,    1.3295095782E+02,    1.3295095782E+02,    0.0000000000E+00,    0.0000000000E+00,    0.0000000000E+00,    1.3295095782E+02
    118100,      0.676941,CP7_after_upper_clamp,   1,    0.0000000000E+00,    1.3295095782E+02,    1.3295095782E+02,    0.0000000000E+00,    0.0000000000E+00,    0.0000000000E+00,    1.3295095782E+02
    118100,      0.676941,CP8_after_OBC,   1,    0.0000000000E+00,    1.3295095782E+02,    1.3295095782E+02,    0.0000000000E+00,    0.0000000000E+00,    0.0000000000E+00,    1.3295095782E+02
    118100,      0.676941,CP9_after_PTsource,   1,    0.0000000000E+00,    1.3295095782E+02,    1.3295095782E+02,    0.0000000000E+00,    0.0000000000E+00,    0.0000000000E+00,    1.3295095782E+02
    118100,      0.676941,CP10_after_neg_clamp,   1,    0.0000000000E+00,    1.3295095782E+02,    1.3295095782E+02,    0.0000000000E+00,    0.0000000000E+00,    0.0000000000E+00,    1.3295095782E+02
    118100,      0.676941,CP11_after_MPI,   1,    0.0000000000E+00,    1.3295095782E+02,    1.3295095782E+02,    0.0000000000E+00,    0.0000000000E+00,    0.0000000000E+00,    1.3295095782E+02
    118100,      0.676941,CP12_end,   1,    0.0000000000E+00,    1.3295095782E+02,    1.3295095782E+02,    0.0000000000E+00,    0.0000000000E+00,    0.0000000000E+00,    1.3295095782E+02
    118150,      0.676941,CP0_start,   1,    0.0000000000E+00,    1.3304315093E+02,    1.3304315093E+02,    0.0000000000E+00,    0.0000000000E+00,    0.0000000000E+00,    1.3304315093E+02
    118150,      0.676941,CP1_after_deposition,   1,    0.0000000000E+00,    1.3304315093E+02,    1.3304315093E+02,    0.0000000000E+00,    0.0000000000E+00,    0.0000000000E+00,    1.3304315093E+02
    118150,      0.676941,CP2_after_erosion,   1,    0.0000000000E+00,    1.3304315093E+02,    1.3304315093E+02,    0.0000000000E+00,    0.0000000000E+00,    0.0000000000E+00,    1.3304315093E+02
    118150,      0.676941,CP3_after_update_bottom,   1,    0.0000000000E+00,    1.3304315093E+02,    1.3304315093E+02,    0.0000000000E+00,    0.0000000000E+00,    0.0000000000E+00,    1.3304315093E+02
    118150,      0.676941,CP4_after_advection,   1,    0.0000000000E+00,    1.3304492550E+02,    1.3304492550E+02,    0.0000000000E+00,    0.0000000000E+00,    0.0000000000E+00,    1.3304492550E+02
    118150,      0.676941,CP5_after_vdif,   1,    0.0000000000E+00,    1.3304492550E+02,    1.3304492550E+02,    0.0000000000E+00,    0.0000000000E+00,    0.0000000000E+00,    1.3304492550E+02
    118150,      0.676941,CP6_after_kinetics,   1,    0.0000000000E+00,    1.3304492550E+02,    1.3304492550E+02,    0.0000000000E+00,    0.0000000000E+00,    0.0000000000E+00,    1.3304492550E+02
    118150,      0.676941,CP7_after_upper_clamp,   1,    0.0000000000E+00,    1.3304492550E+02,    1.3304492550E+02,    0.0000000000E+00,    0.0000000000E+00,    0.0000000000E+00,    1.3304492550E+02
    118150,      0.676941,CP8_after_OBC,   1,    0.0000000000E+00,    1.3304492550E+02,    1.3304492550E+02,    0.0000000000E+00,    0.0000000000E+00,    0.0000000000E+00,    1.3304492550E+02
    118150,      0.676941,CP9_after_PTsource,   1,    0.0000000000E+00,    1.3304492550E+02,    1.3304492550E+02,    0.0000000000E+00,    0.0000000000E+00,    0.0000000000E+00,    1.3304492550E+02
    118150,      0.676941,CP10_after_neg_clamp,   1,    0.0000000000E+00,    1.3304492550E+02,    1.3304492550E+02,    0.0000000000E+00,    0.0000000000E+00,    0.0000000000E+00,    1.3304492550E+02
    118150,      0.676941,CP11_after_MPI,   1,    0.0000000000E+00,    1.3304492550E+02,    1.3304492550E+02,    0.0000000000E+00,    0.0000000000E+00,    0.0000000000E+00,    1.3304492550E+02
    118150,      0.676941,CP12_end,   1,    0.0000000000E+00,    1.3304492550E+02,    1.3304492550E+02,    0.0000000000E+00,    0.0000000000E+00,    0.0000000000E+00,    1.3304492550E+02
    118200,      0.676941,CP0_start,   1,    0.0000000000E+00,    1.3313654464E+02,    1.3313654464E+02,    0.0000000000E+00,    0.0000000000E+00,    0.0000000000E+00,    1.3313654464E+02
    118200,      0.676941,CP1_after_deposition,   1,    0.0000000000E+00,    1.3313654464E+02,    1.3313654464E+02,    0.0000000000E+00,    0.0000000000E+00,    0.0000000000E+00,    1.3313654464E+02
    118200,      0.676941,CP2_after_erosion,   1,    0.0000000000E+00,    1.3313654464E+02,    1.3313654464E+02,    0.0000000000E+00,    0.0000000000E+00,    0.0000000000E+00,    1.3313654464E+02
    118200,      0.676941,CP3_after_update_bottom,   1,    0.0000000000E+00,    1.3313654464E+02,    1.3313654464E+02,    0.0000000000E+00,    0.0000000000E+00,    0.0000000000E+00,    1.3313654464E+02
    118200,      0.676941,CP4_after_advection,   1,    0.0000000000E+00,    1.3313839863E+02,    1.3313839863E+02,    0.0000000000E+00,    0.0000000000E+00,    0.0000000000E+00,    1.3313839863E+02
    118200,      0.676941,CP5_after_vdif,   1,    0.0000000000E+00,    1.3313839863E+02,    1.3313839863E+02,    0.0000000000E+00,    0.0000000000E+00,    0.0000000000E+00,    1.3313839863E+02
    118200,      0.676941,CP6_after_kinetics,   1,    0.0000000000E+00,    1.3313839863E+02,    1.3313839863E+02,    0.0000000000E+00,    0.0000000000E+00,    0.0000000000E+00,    1.3313839863E+02
    118200,      0.676941,CP7_after_upper_clamp,   1,    0.0000000000E+00,    1.3313839863E+02,    1.3313839863E+02,    0.0000000000E+00,    0.0000000000E+00,    0.0000000000E+00,    1.3313839863E+02
    118200,      0.676941,CP8_after_OBC,   1,    0.0000000000E+00,    1.3313839863E+02,    1.3313839863E+02,    0.0000000000E+00,    0.0000000000E+00,    0.0000000000E+00,    1.3313839863E+02
    118200,      0.676941,CP9_after_PTsource,   1,    0.0000000000E+00,    1.3313839863E+02,    1.3313839863E+02,    0.0000000000E+00,    0.0000000000E+00,    0.0000000000E+00,    1.3313839863E+02
    118200,      0.676941,CP10_after_neg_clamp,   1,    0.0000000000E+00,    1.3313839863E+02,    1.3313839863E+02,    0.0000000000E+00,    0.0000000000E+00,    0.0000000000E+00,    1.3313839863E+02
    118200,      0.676941,CP11_after_MPI,   1,    0.0000000000E+00,    1.3313839863E+02,    1.3313839863E+02,    0.0000000000E+00,    0.0000000000E+00,    0.0000000000E+00,    1.3313839863E+02
    118200,      0.676941,CP12_end,   1,    0.0000000000E+00,    1.3313839863E+02,    1.3313839863E+02,    0.0000000000E+00,    0.0000000000E+00,    0.0000000000E+00,    1.3313839863E+02
    118250,      0.676941,CP0_start,   1,    0.0000000000E+00,    1.3322938477E+02,    1.3322938477E+02,    0.0000000000E+00,    0.0000000000E+00,    0.0000000000E+00,    1.3322938477E+02
    118250,      0.676941,CP1_after_deposition,   1,    0.0000000000E+00,    1.3322938477E+02,    1.3322938477E+02,    0.0000000000E+00,    0.0000000000E+00,    0.0000000000E+00,    1.3322938477E+02
    118250,      0.676941,CP2_after_erosion,   1,    0.0000000000E+00,    1.3322938477E+02,    1.3322938477E+02,    0.0000000000E+00,    0.0000000000E+00,    0.0000000000E+00,    1.3322938477E+02
    118250,      0.676941,CP3_after_update_bottom,   1,    0.0000000000E+00,    1.3322938477E+02,    1.3322938477E+02,    0.0000000000E+00,    0.0000000000E+00,    0.0000000000E+00,    1.3322938477E+02
    118250,      0.676941,CP4_after_advection,   1,    0.0000000000E+00,    1.3323132252E+02,    1.3323132252E+02,    0.0000000000E+00,    0.0000000000E+00,    0.0000000000E+00,    1.3323132252E+02
    118250,      0.676941,CP5_after_vdif,   1,    0.0000000000E+00,    1.3323132252E+02,    1.3323132252E+02,    0.0000000000E+00,    0.0000000000E+00,    0.0000000000E+00,    1.3323132252E+02
    118250,      0.676941,CP6_after_kinetics,   1,    0.0000000000E+00,    1.3323132252E+02,    1.3323132252E+02,    0.0000000000E+00,    0.0000000000E+00,    0.0000000000E+00,    1.3323132252E+02
    118250,      0.676941,CP7_after_upper_clamp,   1,    0.0000000000E+00,    1.3323132252E+02,    1.3323132252E+02,    0.0000000000E+00,    0.0000000000E+00,    0.0000000000E+00,    1.3323132252E+02
    118250,      0.676941,CP8_after_OBC,   1,    0.0000000000E+00,    1.3323132252E+02,    1.3323132252E+02,    0.0000000000E+00,    0.0000000000E+00,    0.0000000000E+00,    1.3323132252E+02
    118250,      0.676941,CP9_after_PTsource,   1,    0.0000000000E+00,    1.3323132252E+02,    1.3323132252E+02,    0.0000000000E+00,    0.0000000000E+00,    0.0000000000E+00,    1.3323132252E+02
    118250,      0.676941,CP10_after_neg_clamp,   1,    0.0000000000E+00,    1.3323132252E+02,    1.3323132252E+02,    0.0000000000E+00,    0.0000000000E+00,    0.0000000000E+00,    1.3323132252E+02
    118250,      0.676941,CP11_after_MPI,   1,    0.0000000000E+00,    1.3323132252E+02,    1.3323132252E+02,    0.0000000000E+00,    0.0000000000E+00,    0.0000000000E+00,    1.3323132252E+02
    118250,      0.676941,CP12_end,   1,    0.0000000000E+00,    1.3323132252E+02,    1.3323132252E+02,    0.0000000000E+00,    0.0000000000E+00,    0.0000000000E+00,    1.3323132252E+02
    118300,      0.676941,CP0_start,   1,    0.0000000000E+00,    1.3332173981E+02,    1.3332173981E+02,    0.0000000000E+00,    0.0000000000E+00,    0.0000000000E+00,    1.3332173981E+02
    118300,      0.676941,CP1_after_deposition,   1,    0.0000000000E+00,    1.3332173981E+02,    1.3332173981E+02,    0.0000000000E+00,    0.0000000000E+00,    0.0000000000E+00,    1.3332173981E+02
    118300,      0.676941,CP2_after_erosion,   1,    0.0000000000E+00,    1.3332173981E+02,    1.3332173981E+02,    0.0000000000E+00,    0.0000000000E+00,    0.0000000000E+00,    1.3332173981E+02
    118300,      0.676941,CP3_after_update_bottom,   1,    0.0000000000E+00,    1.3332173981E+02,    1.3332173981E+02,    0.0000000000E+00,    0.0000000000E+00,    0.0000000000E+00,    1.3332173981E+02
    118300,      0.676941,CP4_after_advection,   1,    0.0000000000E+00,    1.3332376505E+02,    1.3332376505E+02,    0.0000000000E+00,    0.0000000000E+00,    0.0000000000E+00,    1.3332376505E+02
    118300,      0.676941,CP5_after_vdif,   1,    0.0000000000E+00,    1.3332376505E+02,    1.3332376505E+02,    0.0000000000E+00,    0.0000000000E+00,    0.0000000000E+00,    1.3332376505E+02
    118300,      0.676941,CP6_after_kinetics,   1,    0.0000000000E+00,    1.3332376505E+02,    1.3332376505E+02,    0.0000000000E+00,    0.0000000000E+00,    0.0000000000E+00,    1.3332376505E+02
    118300,      0.676941,CP7_after_upper_clamp,   1,    0.0000000000E+00,    1.3332376505E+02,    1.3332376505E+02,    0.0000000000E+00,    0.0000000000E+00,    0.0000000000E+00,    1.3332376505E+02
    118300,      0.676941,CP8_after_OBC,   1,    0.0000000000E+00,    1.3332376505E+02,    1.3332376505E+02,    0.0000000000E+00,    0.0000000000E+00,    0.0000000000E+00,    1.3332376505E+02
    118300,      0.676941,CP9_after_PTsource,   1,    0.0000000000E+00,    1.3332376505E+02,    1.3332376505E+02,    0.0000000000E+00,    0.0000000000E+00,    0.0000000000E+00,    1.3332376505E+02
    118300,      0.676941,CP10_after_neg_clamp,   1,    0.0000000000E+00,    1.3332376505E+02,    1.3332376505E+02,    0.0000000000E+00,    0.0000000000E+00,    0.0000000000E+00,    1.3332376505E+02
    118300,      0.676941,CP11_after_MPI,   1,    0.0000000000E+00,    1.3332376505E+02,    1.3332376505E+02,    0.0000000000E+00,    0.0000000000E+00,    0.0000000000E+00,    1.3332376505E+02
    118300,      0.676941,CP12_end,   1,    0.0000000000E+00,    1.3332376505E+02,    1.3332376505E+02,    0.0000000000E+00,    0.0000000000E+00,    0.0000000000E+00,    1.3332376505E+02
    118350,      0.676941,CP0_start,   1,    0.0000000000E+00,    1.3341361731E+02,    1.3341361731E+02,    0.0000000000E+00,    0.0000000000E+00,    0.0000000000E+00,    1.3341361731E+02
    118350,      0.676941,CP1_after_deposition,   1,    0.0000000000E+00,    1.3341361731E+02,    1.3341361731E+02,    0.0000000000E+00,    0.0000000000E+00,    0.0000000000E+00,    1.3341361731E+02
    118350,      0.676941,CP2_after_erosion,   1,    0.0000000000E+00,    1.3341361731E+02,    1.3341361731E+02,    0.0000000000E+00,    0.0000000000E+00,    0.0000000000E+00,    1.3341361731E+02
    118350,      0.676941,CP3_after_update_bottom,   1,    0.0000000000E+00,    1.3341361731E+02,    1.3341361731E+02,    0.0000000000E+00,    0.0000000000E+00,    0.0000000000E+00,    1.3341361731E+02
    118350,      0.676941,CP4_after_advection,   1,    0.0000000000E+00,    1.3341573336E+02,    1.3341573336E+02,    0.0000000000E+00,    0.0000000000E+00,    0.0000000000E+00,    1.3341573336E+02
    118350,      0.676941,CP5_after_vdif,   1,    0.0000000000E+00,    1.3341573336E+02,    1.3341573336E+02,    0.0000000000E+00,    0.0000000000E+00,    0.0000000000E+00,    1.3341573336E+02
    118350,      0.676941,CP6_after_kinetics,   1,    0.0000000000E+00,    1.3341573336E+02,    1.3341573336E+02,    0.0000000000E+00,    0.0000000000E+00,    0.0000000000E+00,    1.3341573336E+02
    118350,      0.676941,CP7_after_upper_clamp,   1,    0.0000000000E+00,    1.3341573336E+02,    1.3341573336E+02,    0.0000000000E+00,    0.0000000000E+00,    0.0000000000E+00,    1.3341573336E+02
    118350,      0.676941,CP8_after_OBC,   1,    0.0000000000E+00,    1.3341573336E+02,    1.3341573336E+02,    0.0000000000E+00,    0.0000000000E+00,    0.0000000000E+00,    1.3341573336E+02
    118350,      0.676941,CP9_after_PTsource,   1,    0.0000000000E+00,    1.3341573336E+02,    1.3341573336E+02,    0.0000000000E+00,    0.0000000000E+00,    0.0000000000E+00,    1.3341573336E+02
    118350,      0.676941,CP10_after_neg_clamp,   1,    0.0000000000E+00,    1.3341573336E+02,    1.3341573336E+02,    0.0000000000E+00,    0.0000000000E+00,    0.0000000000E+00,    1.3341573336E+02
    118350,      0.676941,CP11_after_MPI,   1,    0.0000000000E+00,    1.3341573336E+02,    1.3341573336E+02,    0.0000000000E+00,    0.0000000000E+00,    0.0000000000E+00,    1.3341573336E+02
    118350,      0.676941,CP12_end,   1,    0.0000000000E+00,    1.3341573336E+02,    1.3341573336E+02,    0.0000000000E+00,    0.0000000000E+00,    0.0000000000E+00,    1.3341573336E+02
    118400,      0.676941,CP0_start,   1,    0.0000000000E+00,    1.3350501194E+02,    1.3350501194E+02,    0.0000000000E+00,    0.0000000000E+00,    0.0000000000E+00,    1.3350501194E+02
    118400,      0.676941,CP1_after_deposition,   1,    0.0000000000E+00,    1.3350501194E+02,    1.3350501194E+02,    0.0000000000E+00,    0.0000000000E+00,    0.0000000000E+00,    1.3350501194E+02
    118400,      0.676941,CP2_after_erosion,   1,    0.0000000000E+00,    1.3350501194E+02,    1.3350501194E+02,    0.0000000000E+00,    0.0000000000E+00,    0.0000000000E+00,    1.3350501194E+02
    118400,      0.676941,CP3_after_update_bottom,   1,    0.0000000000E+00,    1.3350501194E+02,    1.3350501194E+02,    0.0000000000E+00,    0.0000000000E+00,    0.0000000000E+00,    1.3350501194E+02
    118400,      0.676941,CP4_after_advection,   1,    0.0000000000E+00,    1.3350721964E+02,    1.3350721964E+02,    0.0000000000E+00,    0.0000000000E+00,    0.0000000000E+00,    1.3350721964E+02
    118400,      0.676941,CP5_after_vdif,   1,    0.0000000000E+00,    1.3350721964E+02,    1.3350721964E+02,    0.0000000000E+00,    0.0000000000E+00,    0.0000000000E+00,    1.3350721964E+02
    118400,      0.676941,CP6_after_kinetics,   1,    0.0000000000E+00,    1.3350721964E+02,    1.3350721964E+02,    0.0000000000E+00,    0.0000000000E+00,    0.0000000000E+00,    1.3350721964E+02
    118400,      0.676941,CP7_after_upper_clamp,   1,    0.0000000000E+00,    1.3350721964E+02,    1.3350721964E+02,    0.0000000000E+00,    0.0000000000E+00,    0.0000000000E+00,    1.3350721964E+02
    118400,      0.676941,CP8_after_OBC,   1,    0.0000000000E+00,    1.3350721964E+02,    1.3350721964E+02,    0.0000000000E+00,    0.0000000000E+00,    0.0000000000E+00,    1.3350721964E+02
    118400,      0.676941,CP9_after_PTsource,   1,    0.0000000000E+00,    1.3350721964E+02,    1.3350721964E+02,    0.0000000000E+00,    0.0000000000E+00,    0.0000000000E+00,    1.3350721964E+02
    118400,      0.676941,CP10_after_neg_clamp,   1,    0.0000000000E+00,    1.3350721964E+02,    1.3350721964E+02,    0.0000000000E+00,    0.0000000000E+00,    0.0000000000E+00,    1.3350721964E+02
    118400,      0.676941,CP11_after_MPI,   1,    0.0000000000E+00,    1.3350721964E+02,    1.3350721964E+02,    0.0000000000E+00,    0.0000000000E+00,    0.0000000000E+00,    1.3350721964E+02
    118400,      0.676941,CP12_end,   1,    0.0000000000E+00,    1.3350721964E+02,    1.3350721964E+02,    0.0000000000E+00,    0.0000000000E+00,    0.0000000000E+00,    1.3350721964E+02
    118450,      0.676941,CP0_start,   1,    0.0000000000E+00,    1.3359598122E+02,    1.3359598122E+02,    0.0000000000E+00,    0.0000000000E+00,    0.0000000000E+00,    1.3359598122E+02
    118450,      0.676941,CP1_after_deposition,   1,    0.0000000000E+00,    1.3359598122E+02,    1.3359598122E+02,    0.0000000000E+00,    0.0000000000E+00,    0.0000000000E+00,    1.3359598122E+02
    118450,      0.676941,CP2_after_erosion,   1,    0.0000000000E+00,    1.3359598122E+02,    1.3359598122E+02,    0.0000000000E+00,    0.0000000000E+00,    0.0000000000E+00,    1.3359598122E+02
    118450,      0.676941,CP3_after_update_bottom,   1,    0.0000000000E+00,    1.3359598122E+02,    1.3359598122E+02,    0.0000000000E+00,    0.0000000000E+00,    0.0000000000E+00,    1.3359598122E+02
    118450,      0.676941,CP4_after_advection,   1,    0.0000000000E+00,    1.3359828250E+02,    1.3359828250E+02,    0.0000000000E+00,    0.0000000000E+00,    0.0000000000E+00,    1.3359828250E+02
    118450,      0.676941,CP5_after_vdif,   1,    0.0000000000E+00,    1.3359828250E+02,    1.3359828250E+02,    0.0000000000E+00,    0.0000000000E+00,    0.0000000000E+00,    1.3359828250E+02
    118450,      0.676941,CP6_after_kinetics,   1,    0.0000000000E+00,    1.3359828250E+02,    1.3359828250E+02,    0.0000000000E+00,    0.0000000000E+00,    0.0000000000E+00,    1.3359828250E+02
    118450,      0.676941,CP7_after_upper_clamp,   1,    0.0000000000E+00,    1.3359828250E+02,    1.3359828250E+02,    0.0000000000E+00,    0.0000000000E+00,    0.0000000000E+00,    1.3359828250E+02
    118450,      0.676941,CP8_after_OBC,   1,    0.0000000000E+00,    1.3359828250E+02,    1.3359828250E+02,    0.0000000000E+00,    0.0000000000E+00,    0.0000000000E+00,    1.3359828250E+02
    118450,      0.676941,CP9_after_PTsource,   1,    0.0000000000E+00,    1.3359828250E+02,    1.3359828250E+02,    0.0000000000E+00,    0.0000000000E+00,    0.0000000000E+00,    1.3359828250E+02
    118450,      0.676941,CP10_after_neg_clamp,   1,    0.0000000000E+00,    1.3359828250E+02,    1.3359828250E+02,    0.0000000000E+00,    0.0000000000E+00,    0.0000000000E+00,    1.3359828250E+02
    118450,      0.676941,CP11_after_MPI,   1,    0.0000000000E+00,    1.3359828250E+02,    1.3359828250E+02,    0.0000000000E+00,    0.0000000000E+00,    0.0000000000E+00,    1.3359828250E+02
    118450,      0.676941,CP12_end,   1,    0.0000000000E+00,    1.3359828250E+02,    1.3359828250E+02,    0.0000000000E+00,    0.0000000000E+00,    0.0000000000E+00,    1.3359828250E+02
    118500,      0.676941,CP0_start,   1,    0.0000000000E+00,    1.3368667847E+02,    1.3368667847E+02,    0.0000000000E+00,    0.0000000000E+00,    0.0000000000E+00,    1.3368667847E+02
    118500,      0.676941,CP1_after_deposition,   1,    0.0000000000E+00,    1.3368667847E+02,    1.3368667847E+02,    0.0000000000E+00,    0.0000000000E+00,    0.0000000000E+00,    1.3368667847E+02
    118500,      0.676941,CP2_after_erosion,   1,    0.0000000000E+00,    1.3368667847E+02,    1.3368667847E+02,    0.0000000000E+00,    0.0000000000E+00,    0.0000000000E+00,    1.3368667847E+02
    118500,      0.676941,CP3_after_update_bottom,   1,    0.0000000000E+00,    1.3368667847E+02,    1.3368667847E+02,    0.0000000000E+00,    0.0000000000E+00,    0.0000000000E+00,    1.3368667847E+02
    118500,      0.676941,CP4_after_advection,   1,    0.0000000000E+00,    1.3368908126E+02,    1.3368908126E+02,    0.0000000000E+00,    0.0000000000E+00,    0.0000000000E+00,    1.3368908126E+02
    118500,      0.676941,CP5_after_vdif,   1,    0.0000000000E+00,    1.3368908126E+02,    1.3368908126E+02,    0.0000000000E+00,    0.0000000000E+00,    0.0000000000E+00,    1.3368908126E+02
    118500,      0.676941,CP6_after_kinetics,   1,    0.0000000000E+00,    1.3368908126E+02,    1.3368908126E+02,    0.0000000000E+00,    0.0000000000E+00,    0.0000000000E+00,    1.3368908126E+02
    118500,      0.676941,CP7_after_upper_clamp,   1,    0.0000000000E+00,    1.3368908126E+02,    1.3368908126E+02,    0.0000000000E+00,    0.0000000000E+00,    0.0000000000E+00,    1.3368908126E+02
    118500,      0.676941,CP8_after_OBC,   1,    0.0000000000E+00,    1.3368908126E+02,    1.3368908126E+02,    0.0000000000E+00,    0.0000000000E+00,    0.0000000000E+00,    1.3368908126E+02
    118500,      0.676941,CP9_after_PTsource,   1,    0.0000000000E+00,    1.3368908126E+02,    1.3368908126E+02,    0.0000000000E+00,    0.0000000000E+00,    0.0000000000E+00,    1.3368908126E+02
    118500,      0.676941,CP10_after_neg_clamp,   1,    0.0000000000E+00,    1.3368908126E+02,    1.3368908126E+02,    0.0000000000E+00,    0.0000000000E+00,    0.0000000000E+00,    1.3368908126E+02
    118500,      0.676941,CP11_after_MPI,   1,    0.0000000000E+00,    1.3368908126E+02,    1.3368908126E+02,    0.0000000000E+00,    0.0000000000E+00,    0.0000000000E+00,    1.3368908126E+02
    118500,      0.676941,CP12_end,   1,    0.0000000000E+00,    1.3368908126E+02,    1.3368908126E+02,    0.0000000000E+00,    0.0000000000E+00,    0.0000000000E+00,    1.3368908126E+02
    118550,      0.676941,CP0_start,   1,    0.0000000000E+00,    1.3377735229E+02,    1.3377735229E+02,    0.0000000000E+00,    0.0000000000E+00,    0.0000000000E+00,    1.3377735229E+02
    118550,      0.676941,CP1_after_deposition,   1,    0.0000000000E+00,    1.3377735229E+02,    1.3377735229E+02,    0.0000000000E+00,    0.0000000000E+00,    0.0000000000E+00,    1.3377735229E+02
    118550,      0.676941,CP2_after_erosion,   1,    0.0000000000E+00,    1.3377735229E+02,    1.3377735229E+02,    0.0000000000E+00,    0.0000000000E+00,    0.0000000000E+00,    1.3377735229E+02
    118550,      0.676941,CP3_after_update_bottom,   1,    0.0000000000E+00,    1.3377735229E+02,    1.3377735229E+02,    0.0000000000E+00,    0.0000000000E+00,    0.0000000000E+00,    1.3377735229E+02
    118550,      0.676941,CP4_after_advection,   1,    0.0000000000E+00,    1.3377986378E+02,    1.3377986378E+02,    0.0000000000E+00,    0.0000000000E+00,    0.0000000000E+00,    1.3377986378E+02
    118550,      0.676941,CP5_after_vdif,   1,    0.0000000000E+00,    1.3377986378E+02,    1.3377986378E+02,    0.0000000000E+00,    0.0000000000E+00,    0.0000000000E+00,    1.3377986378E+02
    118550,      0.676941,CP6_after_kinetics,   1,    0.0000000000E+00,    1.3377986378E+02,    1.3377986378E+02,    0.0000000000E+00,    0.0000000000E+00,    0.0000000000E+00,    1.3377986378E+02
    118550,      0.676941,CP7_after_upper_clamp,   1,    0.0000000000E+00,    1.3377986378E+02,    1.3377986378E+02,    0.0000000000E+00,    0.0000000000E+00,    0.0000000000E+00,    1.3377986378E+02
    118550,      0.676941,CP8_after_OBC,   1,    0.0000000000E+00,    1.3377986378E+02,    1.3377986378E+02,    0.0000000000E+00,    0.0000000000E+00,    0.0000000000E+00,    1.3377986378E+02
    118550,      0.676941,CP9_after_PTsource,   1,    0.0000000000E+00,    1.3377986378E+02,    1.3377986378E+02,    0.0000000000E+00,    0.0000000000E+00,    0.0000000000E+00,    1.3377986378E+02
    118550,      0.676941,CP10_after_neg_clamp,   1,    0.0000000000E+00,    1.3377986378E+02,    1.3377986378E+02,    0.0000000000E+00,    0.0000000000E+00,    0.0000000000E+00,    1.3377986378E+02
    118550,      0.676941,CP11_after_MPI,   1,    0.0000000000E+00,    1.3377986378E+02,    1.3377986378E+02,    0.0000000000E+00,    0.0000000000E+00,    0.0000000000E+00,    1.3377986378E+02
    118550,      0.676941,CP12_end,   1,    0.0000000000E+00,    1.3377986378E+02,    1.3377986378E+02,    0.0000000000E+00,    0.0000000000E+00,    0.0000000000E+00,    1.3377986378E+02
    118600,      0.676941,CP0_start,   1,    0.0000000000E+00,    1.3386847699E+02,    1.3386847699E+02,    0.0000000000E+00,    0.0000000000E+00,    0.0000000000E+00,    1.3386847699E+02
    118600,      0.676941,CP1_after_deposition,   1,    0.0000000000E+00,    1.3386847699E+02,    1.3386847699E+02,    0.0000000000E+00,    0.0000000000E+00,    0.0000000000E+00,    1.3386847699E+02
    118600,      0.676941,CP2_after_erosion,   1,    0.0000000000E+00,    1.3386847699E+02,    1.3386847699E+02,    0.0000000000E+00,    0.0000000000E+00,    0.0000000000E+00,    1.3386847699E+02
    118600,      0.676941,CP3_after_update_bottom,   1,    0.0000000000E+00,    1.3386847699E+02,    1.3386847699E+02,    0.0000000000E+00,    0.0000000000E+00,    0.0000000000E+00,    1.3386847699E+02
    118600,      0.676941,CP4_after_advection,   1,    0.0000000000E+00,    1.3387110947E+02,    1.3387110947E+02,    0.0000000000E+00,    0.0000000000E+00,    0.0000000000E+00,    1.3387110947E+02
    118600,      0.676941,CP5_after_vdif,   1,    0.0000000000E+00,    1.3387110947E+02,    1.3387110947E+02,    0.0000000000E+00,    0.0000000000E+00,    0.0000000000E+00,    1.3387110947E+02
    118600,      0.676941,CP6_after_kinetics,   1,    0.0000000000E+00,    1.3387110947E+02,    1.3387110947E+02,    0.0000000000E+00,    0.0000000000E+00,    0.0000000000E+00,    1.3387110947E+02
    118600,      0.676941,CP7_after_upper_clamp,   1,    0.0000000000E+00,    1.3387110947E+02,    1.3387110947E+02,    0.0000000000E+00,    0.0000000000E+00,    0.0000000000E+00,    1.3387110947E+02
    118600,      0.676941,CP8_after_OBC,   1,    0.0000000000E+00,    1.3387110947E+02,    1.3387110947E+02,    0.0000000000E+00,    0.0000000000E+00,    0.0000000000E+00,    1.3387110947E+02
    118600,      0.676941,CP9_after_PTsource,   1,    0.0000000000E+00,    1.3387110947E+02,    1.3387110947E+02,    0.0000000000E+00,    0.0000000000E+00,    0.0000000000E+00,    1.3387110947E+02
    118600,      0.676941,CP10_after_neg_clamp,   1,    0.0000000000E+00,    1.3387110947E+02,    1.3387110947E+02,    0.0000000000E+00,    0.0000000000E+00,    0.0000000000E+00,    1.3387110947E+02
    118600,      0.676941,CP11_after_MPI,   1,    0.0000000000E+00,    1.3387110947E+02,    1.3387110947E+02,    0.0000000000E+00,    0.0000000000E+00,    0.0000000000E+00,    1.3387110947E+02
    118600,      0.676941,CP12_end,   1,    0.0000000000E+00,    1.3387110947E+02,    1.3387110947E+02,    0.0000000000E+00,    0.0000000000E+00,    0.0000000000E+00,    1.3387110947E+02
    118650,      0.676942,CP0_start,   1,    0.0000000000E+00,    1.3396079722E+02,    1.3396079722E+02,    0.0000000000E+00,    0.0000000000E+00,    0.0000000000E+00,    1.3396079722E+02
    118650,      0.676942,CP1_after_deposition,   1,    0.0000000000E+00,    1.3396079722E+02,    1.3396079722E+02,    0.0000000000E+00,    0.0000000000E+00,    0.0000000000E+00,    1.3396079722E+02
    118650,      0.676942,CP2_after_erosion,   1,    0.0000000000E+00,    1.3396079722E+02,    1.3396079722E+02,    0.0000000000E+00,    0.0000000000E+00,    0.0000000000E+00,    1.3396079722E+02
    118650,      0.676942,CP3_after_update_bottom,   1,    0.0000000000E+00,    1.3396079722E+02,    1.3396079722E+02,    0.0000000000E+00,    0.0000000000E+00,    0.0000000000E+00,    1.3396079722E+02
    118650,      0.676942,CP4_after_advection,   1,    0.0000000000E+00,    1.3396356998E+02,    1.3396356998E+02,    0.0000000000E+00,    0.0000000000E+00,    0.0000000000E+00,    1.3396356998E+02
    118650,      0.676942,CP5_after_vdif,   1,    0.0000000000E+00,    1.3396356998E+02,    1.3396356998E+02,    0.0000000000E+00,    0.0000000000E+00,    0.0000000000E+00,    1.3396356998E+02
    118650,      0.676942,CP6_after_kinetics,   1,    0.0000000000E+00,    1.3396356998E+02,    1.3396356998E+02,    0.0000000000E+00,    0.0000000000E+00,    0.0000000000E+00,    1.3396356998E+02
    118650,      0.676942,CP7_after_upper_clamp,   1,    0.0000000000E+00,    1.3396356998E+02,    1.3396356998E+02,    0.0000000000E+00,    0.0000000000E+00,    0.0000000000E+00,    1.3396356998E+02
    118650,      0.676942,CP8_after_OBC,   1,    0.0000000000E+00,    1.3396356998E+02,    1.3396356998E+02,    0.0000000000E+00,    0.0000000000E+00,    0.0000000000E+00,    1.3396356998E+02
    118650,      0.676942,CP9_after_PTsource,   1,    0.0000000000E+00,    1.3396356998E+02,    1.3396356998E+02,    0.0000000000E+00,    0.0000000000E+00,    0.0000000000E+00,    1.3396356998E+02
    118650,      0.676942,CP10_after_neg_clamp,   1,    0.0000000000E+00,    1.3396356998E+02,    1.3396356998E+02,    0.0000000000E+00,    0.0000000000E+00,    0.0000000000E+00,    1.3396356998E+02
    118650,      0.676942,CP11_after_MPI,   1,    0.0000000000E+00,    1.3396356998E+02,    1.3396356998E+02,    0.0000000000E+00,    0.0000000000E+00,    0.0000000000E+00,    1.3396356998E+02
    118650,      0.676942,CP12_end,   1,    0.0000000000E+00,    1.3396356998E+02,    1.3396356998E+02,    0.0000000000E+00,    0.0000000000E+00,    0.0000000000E+00,    1.3396356998E+02
    118700,      0.676942,CP0_start,   1,    0.0000000000E+00,    1.3405518011E+02,    1.3405518011E+02,    0.0000000000E+00,    0.0000000000E+00,    0.0000000000E+00,    1.3405518011E+02
    118700,      0.676942,CP1_after_deposition,   1,    0.0000000000E+00,    1.3405518011E+02,    1.3405518011E+02,    0.0000000000E+00,    0.0000000000E+00,    0.0000000000E+00,    1.3405518011E+02
    118700,      0.676942,CP2_after_erosion,   1,    0.0000000000E+00,    1.3405518011E+02,    1.3405518011E+02,    0.0000000000E+00,    0.0000000000E+00,    0.0000000000E+00,    1.3405518011E+02
    118700,      0.676942,CP3_after_update_bottom,   1,    0.0000000000E+00,    1.3405518011E+02,    1.3405518011E+02,    0.0000000000E+00,    0.0000000000E+00,    0.0000000000E+00,    1.3405518011E+02
    118700,      0.676942,CP4_after_advection,   1,    0.0000000000E+00,    1.3405811043E+02,    1.3405811043E+02,    0.0000000000E+00,    0.0000000000E+00,    0.0000000000E+00,    1.3405811043E+02
    118700,      0.676942,CP5_after_vdif,   1,    0.0000000000E+00,    1.3405811043E+02,    1.3405811043E+02,    0.0000000000E+00,    0.0000000000E+00,    0.0000000000E+00,    1.3405811043E+02
    118700,      0.676942,CP6_after_kinetics,   1,    0.0000000000E+00,    1.3405811043E+02,    1.3405811043E+02,    0.0000000000E+00,    0.0000000000E+00,    0.0000000000E+00,    1.3405811043E+02
    118700,      0.676942,CP7_after_upper_clamp,   1,    0.0000000000E+00,    1.3405811043E+02,    1.3405811043E+02,    0.0000000000E+00,    0.0000000000E+00,    0.0000000000E+00,    1.3405811043E+02
    118700,      0.676942,CP8_after_OBC,   1,    0.0000000000E+00,    1.3405811043E+02,    1.3405811043E+02,    0.0000000000E+00,    0.0000000000E+00,    0.0000000000E+00,    1.3405811043E+02
    118700,      0.676942,CP9_after_PTsource,   1,    0.0000000000E+00,    1.3405811043E+02,    1.3405811043E+02,    0.0000000000E+00,    0.0000000000E+00,    0.0000000000E+00,    1.3405811043E+02
    118700,      0.676942,CP10_after_neg_clamp,   1,    0.0000000000E+00,    1.3405811043E+02,    1.3405811043E+02,    0.0000000000E+00,    0.0000000000E+00,    0.0000000000E+00,    1.3405811043E+02
    118700,      0.676942,CP11_after_MPI,   1,    0.0000000000E+00,    1.3405811043E+02,    1.3405811043E+02,    0.0000000000E+00,    0.0000000000E+00,    0.0000000000E+00,    1.3405811043E+02
    118700,      0.676942,CP12_end,   1,    0.0000000000E+00,    1.3405811043E+02,    1.3405811043E+02,    0.0000000000E+00,    0.0000000000E+00,    0.0000000000E+00,    1.3405811043E+02
    118750,      0.676942,CP0_start,   1,    0.0000000000E+00,    1.3415239170E+02,    1.3415239170E+02,    0.0000000000E+00,    0.0000000000E+00,    0.0000000000E+00,    1.3415239170E+02
    118750,      0.676942,CP1_after_deposition,   1,    0.0000000000E+00,    1.3415239170E+02,    1.3415239170E+02,    0.0000000000E+00,    0.0000000000E+00,    0.0000000000E+00,    1.3415239170E+02
    118750,      0.676942,CP2_after_erosion,   1,    0.0000000000E+00,    1.3415239170E+02,    1.3415239170E+02,    0.0000000000E+00,    0.0000000000E+00,    0.0000000000E+00,    1.3415239170E+02
    118750,      0.676942,CP3_after_update_bottom,   1,    0.0000000000E+00,    1.3415239170E+02,    1.3415239170E+02,    0.0000000000E+00,    0.0000000000E+00,    0.0000000000E+00,    1.3415239170E+02
    118750,      0.676942,CP4_after_advection,   1,    0.0000000000E+00,    1.3415549632E+02,    1.3415549632E+02,    0.0000000000E+00,    0.0000000000E+00,    0.0000000000E+00,    1.3415549632E+02
    118750,      0.676942,CP5_after_vdif,   1,    0.0000000000E+00,    1.3415549632E+02,    1.3415549632E+02,    0.0000000000E+00,    0.0000000000E+00,    0.0000000000E+00,    1.3415549632E+02
    118750,      0.676942,CP6_after_kinetics,   1,    0.0000000000E+00,    1.3415549632E+02,    1.3415549632E+02,    0.0000000000E+00,    0.0000000000E+00,    0.0000000000E+00,    1.3415549632E+02
    118750,      0.676942,CP7_after_upper_clamp,   1,    0.0000000000E+00,    1.3415549632E+02,    1.3415549632E+02,    0.0000000000E+00,    0.0000000000E+00,    0.0000000000E+00,    1.3415549632E+02
    118750,      0.676942,CP8_after_OBC,   1,    0.0000000000E+00,    1.3415549632E+02,    1.3415549632E+02,    0.0000000000E+00,    0.0000000000E+00,    0.0000000000E+00,    1.3415549632E+02
    118750,      0.676942,CP9_after_PTsource,   1,    0.0000000000E+00,    1.3415549632E+02,    1.3415549632E+02,    0.0000000000E+00,    0.0000000000E+00,    0.0000000000E+00,    1.3415549632E+02
    118750,      0.676942,CP10_after_neg_clamp,   1,    0.0000000000E+00,    1.3415549632E+02,    1.3415549632E+02,    0.0000000000E+00,    0.0000000000E+00,    0.0000000000E+00,    1.3415549632E+02
    118750,      0.676942,CP11_after_MPI,   1,    0.0000000000E+00,    1.3415549632E+02,    1.3415549632E+02,    0.0000000000E+00,    0.0000000000E+00,    0.0000000000E+00,    1.3415549632E+02
    118750,      0.676942,CP12_end,   1,    0.0000000000E+00,    1.3415549632E+02,    1.3415549632E+02,    0.0000000000E+00,    0.0000000000E+00,    0.0000000000E+00,    1.3415549632E+02
    118800,      0.676942,CP0_start,   1,    0.0000000000E+00,    1.3425281524E+02,    1.3425281524E+02,    0.0000000000E+00,    0.0000000000E+00,    0.0000000000E+00,    1.3425281524E+02
    118800,      0.676942,CP1_after_deposition,   1,    0.0000000000E+00,    1.3425281524E+02,    1.3425281524E+02,    0.0000000000E+00,    0.0000000000E+00,    0.0000000000E+00,    1.3425281524E+02
    118800,      0.676942,CP2_after_erosion,   1,    0.0000000000E+00,    1.3425281524E+02,    1.3425281524E+02,    0.0000000000E+00,    0.0000000000E+00,    0.0000000000E+00,    1.3425281524E+02
    118800,      0.676942,CP3_after_update_bottom,   1,    0.0000000000E+00,    1.3425281524E+02,    1.3425281524E+02,    0.0000000000E+00,    0.0000000000E+00,    0.0000000000E+00,    1.3425281524E+02
    118800,      0.676942,CP4_after_advection,   1,    0.0000000000E+00,    1.3425609585E+02,    1.3425609585E+02,    0.0000000000E+00,    0.0000000000E+00,    0.0000000000E+00,    1.3425609585E+02
    118800,      0.676942,CP5_after_vdif,   1,    0.0000000000E+00,    1.3425609585E+02,    1.3425609585E+02,    0.0000000000E+00,    0.0000000000E+00,    0.0000000000E+00,    1.3425609585E+02
    118800,      0.676942,CP6_after_kinetics,   1,    0.0000000000E+00,    1.3425609585E+02,    1.3425609585E+02,    0.0000000000E+00,    0.0000000000E+00,    0.0000000000E+00,    1.3425609585E+02
    118800,      0.676942,CP7_after_upper_clamp,   1,    0.0000000000E+00,    1.3425609585E+02,    1.3425609585E+02,    0.0000000000E+00,    0.0000000000E+00,    0.0000000000E+00,    1.3425609585E+02
    118800,      0.676942,CP8_after_OBC,   1,    0.0000000000E+00,    1.3425609585E+02,    1.3425609585E+02,    0.0000000000E+00,    0.0000000000E+00,    0.0000000000E+00,    1.3425609585E+02
    118800,      0.676942,CP9_after_PTsource,   1,    0.0000000000E+00,    1.3425609585E+02,    1.3425609585E+02,    0.0000000000E+00,    0.0000000000E+00,    0.0000000000E+00,    1.3425609585E+02
    118800,      0.676942,CP10_after_neg_clamp,   1,    0.0000000000E+00,    1.3425609585E+02,    1.3425609585E+02,    0.0000000000E+00,    0.0000000000E+00,    0.0000000000E+00,    1.3425609585E+02
    118800,      0.676942,CP11_after_MPI,   1,    0.0000000000E+00,    1.3425609585E+02,    1.3425609585E+02,    0.0000000000E+00,    0.0000000000E+00,    0.0000000000E+00,    1.3425609585E+02
    118800,      0.676942,CP12_end,   1,    0.0000000000E+00,    1.3425609585E+02,    1.3425609585E+02,    0.0000000000E+00,    0.0000000000E+00,    0.0000000000E+00,    1.3425609585E+02
    118850,      0.676942,CP0_start,   1,    0.0000000000E+00,    1.3435635903E+02,    1.3435635903E+02,    0.0000000000E+00,    0.0000000000E+00,    0.0000000000E+00,    1.3435635903E+02
    118850,      0.676942,CP1_after_deposition,   1,    0.0000000000E+00,    1.3435635903E+02,    1.3435635903E+02,    0.0000000000E+00,    0.0000000000E+00,    0.0000000000E+00,    1.3435635903E+02
    118850,      0.676942,CP2_after_erosion,   1,    0.0000000000E+00,    1.3435635903E+02,    1.3435635903E+02,    0.0000000000E+00,    0.0000000000E+00,    0.0000000000E+00,    1.3435635903E+02
    118850,      0.676942,CP3_after_update_bottom,   1,    0.0000000000E+00,    1.3435635903E+02,    1.3435635903E+02,    0.0000000000E+00,    0.0000000000E+00,    0.0000000000E+00,    1.3435635903E+02
    118850,      0.676942,CP4_after_advection,   1,    0.0000000000E+00,    1.3435981312E+02,    1.3435981312E+02,    0.0000000000E+00,    0.0000000000E+00,    0.0000000000E+00,    1.3435981312E+02
    118850,      0.676942,CP5_after_vdif,   1,    0.0000000000E+00,    1.3435981312E+02,    1.3435981312E+02,    0.0000000000E+00,    0.0000000000E+00,    0.0000000000E+00,    1.3435981312E+02
    118850,      0.676942,CP6_after_kinetics,   1,    0.0000000000E+00,    1.3435981312E+02,    1.3435981312E+02,    0.0000000000E+00,    0.0000000000E+00,    0.0000000000E+00,    1.3435981312E+02
    118850,      0.676942,CP7_after_upper_clamp,   1,    0.0000000000E+00,    1.3435981312E+02,    1.3435981312E+02,    0.0000000000E+00,    0.0000000000E+00,    0.0000000000E+00,    1.3435981312E+02
    118850,      0.676942,CP8_after_OBC,   1,    0.0000000000E+00,    1.3435981312E+02,    1.3435981312E+02,    0.0000000000E+00,    0.0000000000E+00,    0.0000000000E+00,    1.3435981312E+02
    118850,      0.676942,CP9_after_PTsource,   1,    0.0000000000E+00,    1.3435981312E+02,    1.3435981312E+02,    0.0000000000E+00,    0.0000000000E+00,    0.0000000000E+00,    1.3435981312E+02
    118850,      0.676942,CP10_after_neg_clamp,   1,    0.0000000000E+00,    1.3435981312E+02,    1.3435981312E+02,    0.0000000000E+00,    0.0000000000E+00,    0.0000000000E+00,    1.3435981312E+02
    118850,      0.676942,CP11_after_MPI,   1,    0.0000000000E+00,    1.3435981312E+02,    1.3435981312E+02,    0.0000000000E+00,    0.0000000000E+00,    0.0000000000E+00,    1.3435981312E+02
    118850,      0.676942,CP12_end,   1,    0.0000000000E+00,    1.3435981312E+02,    1.3435981312E+02,    0.0000000000E+00,    0.0000000000E+00,    0.0000000000E+00,    1.3435981312E+02
    118900,      0.676942,CP0_start,   1,    0.0000000000E+00,    1.3446248616E+02,    1.3446248616E+02,    0.0000000000E+00,    0.0000000000E+00,    0.0000000000E+00,    1.3446248616E+02
    118900,      0.676942,CP1_after_deposition,   1,    0.0000000000E+00,    1.3446248616E+02,    1.3446248616E+02,    0.0000000000E+00,    0.0000000000E+00,    0.0000000000E+00,    1.3446248616E+02
    118900,      0.676942,CP2_after_erosion,   1,                 NaN,                 NaN,                 NaN,    0.0000000000E+00,    0.0000000000E+00,    0.0000000000E+00,                 NaN
    118900,      0.676942,CP3_after_update_bottom,   1,                 NaN,                 NaN,                 NaN,    0.0000000000E+00,    0.0000000000E+00,    0.0000000000E+00,                 NaN
    118900,      0.676942,CP4_after_advection,   1,                 NaN,                 NaN,                 NaN,    0.0000000000E+00,    0.0000000000E+00,    0.0000000000E+00,                 NaN
    118900,      0.676942,CP5_after_vdif,   1,                 NaN,                 NaN,                 NaN,    0.0000000000E+00,    0.0000000000E+00,    0.0000000000E+00,                 NaN
    118900,      0.676942,CP6_after_kinetics,   1,                 NaN,                 NaN,                 NaN,    0.0000000000E+00,    0.0000000000E+00,    0.0000000000E+00,                 NaN
    118900,      0.676942,CP7_after_upper_clamp,   1,                 NaN,                 NaN,                 NaN,    0.0000000000E+00,    0.0000000000E+00,    0.0000000000E+00,                 NaN
    118900,      0.676942,CP8_after_OBC,   1,                 NaN,                 NaN,                 NaN,    0.0000000000E+00,    0.0000000000E+00,    0.0000000000E+00,                 NaN
    118900,      0.676942,CP9_after_PTsource,   1,                 NaN,                 NaN,                 NaN,    0.0000000000E+00,    0.0000000000E+00,    0.0000000000E+00,                 NaN
    118900,      0.676942,CP10_after_neg_clamp,   1,    0.0000000000E+00,    1.3446609647E+02,    1.3446609647E+02,    0.0000000000E+00,    0.0000000000E+00,    0.0000000000E+00,    1.3446609647E+02
    118900,      0.676942,CP11_after_MPI,   1,    0.0000000000E+00,    1.3446609647E+02,    1.3446609647E+02,    0.0000000000E+00,    0.0000000000E+00,    0.0000000000E+00,    1.3446609647E+02
    118900,      0.676942,CP12_end,   1,    0.0000000000E+00,    1.3446609647E+02,    1.3446609647E+02,    0.0000000000E+00,    0.0000000000E+00,    0.0000000000E+00,    1.3446609647E+02
    118950,      0.676942,CP0_start,   1,    0.0000000000E+00,    1.3457027261E+02,    1.3457027261E+02,    0.0000000000E+00,    0.0000000000E+00,    0.0000000000E+00,    1.3457027261E+02
    118950,      0.676942,CP1_after_deposition,   1,    0.0000000000E+00,    1.3457027261E+02,    1.3457027261E+02,    0.0000000000E+00,    0.0000000000E+00,    0.0000000000E+00,    1.3457027261E+02
    118950,      0.676942,CP2_after_erosion,   1,    0.0000000000E+00,    1.3457027261E+02,    1.3457027261E+02,    0.0000000000E+00,    0.0000000000E+00,    0.0000000000E+00,    1.3457027261E+02
    118950,      0.676942,CP3_after_update_bottom,   1,    0.0000000000E+00,    1.3457027261E+02,    1.3457027261E+02,    0.0000000000E+00,    0.0000000000E+00,    0.0000000000E+00,    1.3457027261E+02
    118950,      0.676942,CP4_after_advection,   1,    0.0000000000E+00,    1.3457402019E+02,    1.3457402019E+02,    0.0000000000E+00,    0.0000000000E+00,    0.0000000000E+00,    1.3457402019E+02
    118950,      0.676942,CP5_after_vdif,   1,    0.0000000000E+00,    1.3457402019E+02,    1.3457402019E+02,    0.0000000000E+00,    0.0000000000E+00,    0.0000000000E+00,    1.3457402019E+02
    118950,      0.676942,CP6_after_kinetics,   1,    0.0000000000E+00,    1.3457402019E+02,    1.3457402019E+02,    0.0000000000E+00,    0.0000000000E+00,    0.0000000000E+00,    1.3457402019E+02
    118950,      0.676942,CP7_after_upper_clamp,   1,    0.0000000000E+00,    1.3457402019E+02,    1.3457402019E+02,    0.0000000000E+00,    0.0000000000E+00,    0.0000000000E+00,    1.3457402019E+02
    118950,      0.676942,CP8_after_OBC,   1,    0.0000000000E+00,    1.3457402019E+02,    1.3457402019E+02,    0.0000000000E+00,    0.0000000000E+00,    0.0000000000E+00,    1.3457402019E+02
    118950,      0.676942,CP9_after_PTsource,   1,    0.0000000000E+00,    1.3457402019E+02,    1.3457402019E+02,    0.0000000000E+00,    0.0000000000E+00,    0.0000000000E+00,    1.3457402019E+02
    118950,      0.676942,CP10_after_neg_clamp,   1,    0.0000000000E+00,    1.3457402019E+02,    1.3457402019E+02,    0.0000000000E+00,    0.0000000000E+00,    0.0000000000E+00,    1.3457402019E+02
    118950,      0.676942,CP11_after_MPI,   1,    0.0000000000E+00,    1.3457402019E+02,    1.3457402019E+02,    0.0000000000E+00,    0.0000000000E+00,    0.0000000000E+00,    1.3457402019E+02
    118950,      0.676942,CP12_end,   1,    0.0000000000E+00,    1.3457402019E+02,    1.3457402019E+02,    0.0000000000E+00,    0.0000000000E+00,    0.0000000000E+00,    1.3457402019E+02
    119000,      0.676942,CP0_start,   1,    0.0000000000E+00,    1.3467877936E+02,    1.3467877936E+02,    0.0000000000E+00,    0.0000000000E+00,    0.0000000000E+00,    1.3467877936E+02
    119000,      0.676942,CP1_after_deposition,   1,    0.0000000000E+00,    1.3467877936E+02,    1.3467877936E+02,    0.0000000000E+00,    0.0000000000E+00,    0.0000000000E+00,    1.3467877936E+02
    119000,      0.676942,CP2_after_erosion,   1,    0.0000000000E+00,    1.3467877936E+02,    1.3467877936E+02,    0.0000000000E+00,    0.0000000000E+00,    0.0000000000E+00,    1.3467877936E+02
    119000,      0.676942,CP3_after_update_bottom,   1,    0.0000000000E+00,    1.3467877936E+02,    1.3467877936E+02,    0.0000000000E+00,    0.0000000000E+00,    0.0000000000E+00,    1.3467877936E+02
    119000,      0.676942,CP4_after_advection,   1,    0.0000000000E+00,    1.3468264641E+02,    1.3468264641E+02,    0.0000000000E+00,    0.0000000000E+00,    0.0000000000E+00,    1.3468264641E+02
    119000,      0.676942,CP5_after_vdif,   1,    0.0000000000E+00,    1.3468264641E+02,    1.3468264641E+02,    0.0000000000E+00,    0.0000000000E+00,    0.0000000000E+00,    1.3468264641E+02
    119000,      0.676942,CP6_after_kinetics,   1,    0.0000000000E+00,    1.3468264641E+02,    1.3468264641E+02,    0.0000000000E+00,    0.0000000000E+00,    0.0000000000E+00,    1.3468264641E+02
    119000,      0.676942,CP7_after_upper_clamp,   1,    0.0000000000E+00,    1.3468264641E+02,    1.3468264641E+02,    0.0000000000E+00,    0.0000000000E+00,    0.0000000000E+00,    1.3468264641E+02
    119000,      0.676942,CP8_after_OBC,   1,    0.0000000000E+00,    1.3468264641E+02,    1.3468264641E+02,    0.0000000000E+00,    0.0000000000E+00,    0.0000000000E+00,    1.3468264641E+02
    119000,      0.676942,CP9_after_PTsource,   1,    0.0000000000E+00,    1.3468264641E+02,    1.3468264641E+02,    0.0000000000E+00,    0.0000000000E+00,    0.0000000000E+00,    1.3468264641E+02
    119000,      0.676942,CP10_after_neg_clamp,   1,    0.0000000000E+00,    1.3468264641E+02,    1.3468264641E+02,    0.0000000000E+00,    0.0000000000E+00,    0.0000000000E+00,    1.3468264641E+02
    119000,      0.676942,CP11_after_MPI,   1,    0.0000000000E+00,    1.3468264641E+02,    1.3468264641E+02,    0.0000000000E+00,    0.0000000000E+00,    0.0000000000E+00,    1.3468264641E+02
    119000,      0.676942,CP12_end,   1,    0.0000000000E+00,    1.3468264641E+02,    1.3468264641E+02,    0.0000000000E+00,    0.0000000000E+00,    0.0000000000E+00,    1.3468264641E+02
    119050,      0.676942,CP0_start,   1,    0.0000000000E+00,    1.3478742305E+02,    1.3478742305E+02,    0.0000000000E+00,    0.0000000000E+00,    0.0000000000E+00,    1.3478742305E+02
    119050,      0.676942,CP1_after_deposition,   1,    0.0000000000E+00,    1.3478742305E+02,    1.3478742305E+02,    0.0000000000E+00,    0.0000000000E+00,    0.0000000000E+00,    1.3478742305E+02
    119050,      0.676942,CP2_after_erosion,   1,    0.0000000000E+00,    1.3478742305E+02,    1.3478742305E+02,    0.0000000000E+00,    0.0000000000E+00,    0.0000000000E+00,    1.3478742305E+02
    119050,      0.676942,CP3_after_update_bottom,   1,    0.0000000000E+00,    1.3478742305E+02,    1.3478742305E+02,    0.0000000000E+00,    0.0000000000E+00,    0.0000000000E+00,    1.3478742305E+02
    119050,      0.676942,CP4_after_advection,   1,    0.0000000000E+00,    1.3479140805E+02,    1.3479140805E+02,    0.0000000000E+00,    0.0000000000E+00,    0.0000000000E+00,    1.3479140805E+02
    119050,      0.676942,CP5_after_vdif,   1,    0.0000000000E+00,    1.3479140805E+02,    1.3479140805E+02,    0.0000000000E+00,    0.0000000000E+00,    0.0000000000E+00,    1.3479140805E+02
    119050,      0.676942,CP6_after_kinetics,   1,    0.0000000000E+00,    1.3479140805E+02,    1.3479140805E+02,    0.0000000000E+00,    0.0000000000E+00,    0.0000000000E+00,    1.3479140805E+02
    119050,      0.676942,CP7_after_upper_clamp,   1,    0.0000000000E+00,    1.3479140805E+02,    1.3479140805E+02,    0.0000000000E+00,    0.0000000000E+00,    0.0000000000E+00,    1.3479140805E+02
    119050,      0.676942,CP8_after_OBC,   1,    0.0000000000E+00,    1.3479140805E+02,    1.3479140805E+02,    0.0000000000E+00,    0.0000000000E+00,    0.0000000000E+00,    1.3479140805E+02
    119050,      0.676942,CP9_after_PTsource,   1,    0.0000000000E+00,    1.3479140805E+02,    1.3479140805E+02,    0.0000000000E+00,    0.0000000000E+00,    0.0000000000E+00,    1.3479140805E+02
    119050,      0.676942,CP10_after_neg_clamp,   1,    0.0000000000E+00,    1.3479140805E+02,    1.3479140805E+02,    0.0000000000E+00,    0.0000000000E+00,    0.0000000000E+00,    1.3479140805E+02
    119050,      0.676942,CP11_after_MPI,   1,    0.0000000000E+00,    1.3479140805E+02,    1.3479140805E+02,    0.0000000000E+00,    0.0000000000E+00,    0.0000000000E+00,    1.3479140805E+02
    119050,      0.676942,CP12_end,   1,    0.0000000000E+00,    1.3479140805E+02,    1.3479140805E+02,    0.0000000000E+00,    0.0000000000E+00,    0.0000000000E+00,    1.3479140805E+02
    119100,      0.676942,CP0_start,   1,    0.0000000000E+00,    1.3489633618E+02,    1.3489633618E+02,    0.0000000000E+00,    0.0000000000E+00,    0.0000000000E+00,    1.3489633618E+02
    119100,      0.676942,CP1_after_deposition,   1,    0.0000000000E+00,    1.3489633618E+02,    1.3489633618E+02,    0.0000000000E+00,    0.0000000000E+00,    0.0000000000E+00,    1.3489633618E+02
    119100,      0.676942,CP2_after_erosion,   1,    0.0000000000E+00,    1.3489633618E+02,    1.3489633618E+02,    0.0000000000E+00,    0.0000000000E+00,    0.0000000000E+00,    1.3489633618E+02
    119100,      0.676942,CP3_after_update_bottom,   1,    0.0000000000E+00,    1.3489633618E+02,    1.3489633618E+02,    0.0000000000E+00,    0.0000000000E+00,    0.0000000000E+00,    1.3489633618E+02
    119100,      0.676942,CP4_after_advection,   1,    0.0000000000E+00,    1.3490044340E+02,    1.3490044340E+02,    0.0000000000E+00,    0.0000000000E+00,    0.0000000000E+00,    1.3490044340E+02
    119100,      0.676942,CP5_after_vdif,   1,    0.0000000000E+00,    1.3490044340E+02,    1.3490044340E+02,    0.0000000000E+00,    0.0000000000E+00,    0.0000000000E+00,    1.3490044340E+02
    119100,      0.676942,CP6_after_kinetics,   1,    0.0000000000E+00,    1.3490044340E+02,    1.3490044340E+02,    0.0000000000E+00,    0.0000000000E+00,    0.0000000000E+00,    1.3490044340E+02
    119100,      0.676942,CP7_after_upper_clamp,   1,    0.0000000000E+00,    1.3490044340E+02,    1.3490044340E+02,    0.0000000000E+00,    0.0000000000E+00,    0.0000000000E+00,    1.3490044340E+02
    119100,      0.676942,CP8_after_OBC,   1,    0.0000000000E+00,    1.3490044340E+02,    1.3490044340E+02,    0.0000000000E+00,    0.0000000000E+00,    0.0000000000E+00,    1.3490044340E+02
    119100,      0.676942,CP9_after_PTsource,   1,    0.0000000000E+00,    1.3490044340E+02,    1.3490044340E+02,    0.0000000000E+00,    0.0000000000E+00,    0.0000000000E+00,    1.3490044340E+02
    119100,      0.676942,CP10_after_neg_clamp,   1,    0.0000000000E+00,    1.3490044340E+02,    1.3490044340E+02,    0.0000000000E+00,    0.0000000000E+00,    0.0000000000E+00,    1.3490044340E+02
    119100,      0.676942,CP11_after_MPI,   1,    0.0000000000E+00,    1.3490044340E+02,    1.3490044340E+02,    0.0000000000E+00,    0.0000000000E+00,    0.0000000000E+00,    1.3490044340E+02
    119100,      0.676942,CP12_end,   1,    0.0000000000E+00,    1.3490044340E+02,    1.3490044340E+02,    0.0000000000E+00,    0.0000000000E+00,    0.0000000000E+00,    1.3490044340E+02
    119150,      0.676942,CP0_start,   1,    0.0000000000E+00,    1.3500586524E+02,    1.3500586524E+02,    0.0000000000E+00,    0.0000000000E+00,    0.0000000000E+00,    1.3500586524E+02
    119150,      0.676942,CP1_after_deposition,   1,    0.0000000000E+00,    1.3500586524E+02,    1.3500586524E+02,    0.0000000000E+00,    0.0000000000E+00,    0.0000000000E+00,    1.3500586524E+02
    119150,      0.676942,CP2_after_erosion,   1,    0.0000000000E+00,    1.3500586524E+02,    1.3500586524E+02,    0.0000000000E+00,    0.0000000000E+00,    0.0000000000E+00,    1.3500586524E+02
    119150,      0.676942,CP3_after_update_bottom,   1,    0.0000000000E+00,    1.3500586524E+02,    1.3500586524E+02,    0.0000000000E+00,    0.0000000000E+00,    0.0000000000E+00,    1.3500586524E+02
    119150,      0.676942,CP4_after_advection,   1,    0.0000000000E+00,    1.3501010283E+02,    1.3501010283E+02,    0.0000000000E+00,    0.0000000000E+00,    0.0000000000E+00,    1.3501010283E+02
    119150,      0.676942,CP5_after_vdif,   1,    0.0000000000E+00,    1.3501010283E+02,    1.3501010283E+02,    0.0000000000E+00,    0.0000000000E+00,    0.0000000000E+00,    1.3501010283E+02
    119150,      0.676942,CP6_after_kinetics,   1,    0.0000000000E+00,    1.3501010283E+02,    1.3501010283E+02,    0.0000000000E+00,    0.0000000000E+00,    0.0000000000E+00,    1.3501010283E+02
    119150,      0.676942,CP7_after_upper_clamp,   1,    0.0000000000E+00,    1.3501010283E+02,    1.3501010283E+02,    0.0000000000E+00,    0.0000000000E+00,    0.0000000000E+00,    1.3501010283E+02
    119150,      0.676942,CP8_after_OBC,   1,    0.0000000000E+00,    1.3501010283E+02,    1.3501010283E+02,    0.0000000000E+00,    0.0000000000E+00,    0.0000000000E+00,    1.3501010283E+02
    119150,      0.676942,CP9_after_PTsource,   1,    0.0000000000E+00,    1.3501010283E+02,    1.3501010283E+02,    0.0000000000E+00,    0.0000000000E+00,    0.0000000000E+00,    1.3501010283E+02
    119150,      0.676942,CP10_after_neg_clamp,   1,    0.0000000000E+00,    1.3501010283E+02,    1.3501010283E+02,    0.0000000000E+00,    0.0000000000E+00,    0.0000000000E+00,    1.3501010283E+02
    119150,      0.676942,CP11_after_MPI,   1,    0.0000000000E+00,    1.3501010283E+02,    1.3501010283E+02,    0.0000000000E+00,    0.0000000000E+00,    0.0000000000E+00,    1.3501010283E+02
    119150,      0.676942,CP12_end,   1,    0.0000000000E+00,    1.3501010283E+02,    1.3501010283E+02,    0.0000000000E+00,    0.0000000000E+00,    0.0000000000E+00,    1.3501010283E+02
    119200,      0.676942,CP0_start,   1,    0.0000000000E+00,    1.3511615781E+02,    1.3511615781E+02,    0.0000000000E+00,    0.0000000000E+00,    0.0000000000E+00,    1.3511615781E+02
    119200,      0.676942,CP1_after_deposition,   1,    0.0000000000E+00,    1.3511615781E+02,    1.3511615781E+02,    0.0000000000E+00,    0.0000000000E+00,    0.0000000000E+00,    1.3511615781E+02
    119200,      0.676942,CP2_after_erosion,   1,    0.0000000000E+00,    1.3511615781E+02,    1.3511615781E+02,    0.0000000000E+00,    0.0000000000E+00,    0.0000000000E+00,    1.3511615781E+02
    119200,      0.676942,CP3_after_update_bottom,   1,    0.0000000000E+00,    1.3511615781E+02,    1.3511615781E+02,    0.0000000000E+00,    0.0000000000E+00,    0.0000000000E+00,    1.3511615781E+02
    119200,      0.676942,CP4_after_advection,   1,    0.0000000000E+00,    1.3512052396E+02,    1.3512052396E+02,    0.0000000000E+00,    0.0000000000E+00,    0.0000000000E+00,    1.3512052396E+02
    119200,      0.676942,CP5_after_vdif,   1,    0.0000000000E+00,    1.3512052396E+02,    1.3512052396E+02,    0.0000000000E+00,    0.0000000000E+00,    0.0000000000E+00,    1.3512052396E+02
    119200,      0.676942,CP6_after_kinetics,   1,    0.0000000000E+00,    1.3512052396E+02,    1.3512052396E+02,    0.0000000000E+00,    0.0000000000E+00,    0.0000000000E+00,    1.3512052396E+02
    119200,      0.676942,CP7_after_upper_clamp,   1,    0.0000000000E+00,    1.3512052396E+02,    1.3512052396E+02,    0.0000000000E+00,    0.0000000000E+00,    0.0000000000E+00,    1.3512052396E+02
    119200,      0.676942,CP8_after_OBC,   1,    0.0000000000E+00,    1.3512052396E+02,    1.3512052396E+02,    0.0000000000E+00,    0.0000000000E+00,    0.0000000000E+00,    1.3512052396E+02
    119200,      0.676942,CP9_after_PTsource,   1,    0.0000000000E+00,    1.3512052396E+02,    1.3512052396E+02,    0.0000000000E+00,    0.0000000000E+00,    0.0000000000E+00,    1.3512052396E+02
    119200,      0.676942,CP10_after_neg_clamp,   1,    0.0000000000E+00,    1.3512052396E+02,    1.3512052396E+02,    0.0000000000E+00,    0.0000000000E+00,    0.0000000000E+00,    1.3512052396E+02
    119200,      0.676942,CP11_after_MPI,   1,    0.0000000000E+00,    1.3512052396E+02,    1.3512052396E+02,    0.0000000000E+00,    0.0000000000E+00,    0.0000000000E+00,    1.3512052396E+02
    119200,      0.676942,CP12_end,   1,    0.0000000000E+00,    1.3512052396E+02,    1.3512052396E+02,    0.0000000000E+00,    0.0000000000E+00,    0.0000000000E+00,    1.3512052396E+02
    119250,      0.676942,CP0_start,   1,    0.0000000000E+00,    1.3522689888E+02,    1.3522689888E+02,    0.0000000000E+00,    0.0000000000E+00,    0.0000000000E+00,    1.3522689888E+02
    119250,      0.676942,CP1_after_deposition,   1,    0.0000000000E+00,    1.3522689888E+02,    1.3522689888E+02,    0.0000000000E+00,    0.0000000000E+00,    0.0000000000E+00,    1.3522689888E+02
    119250,      0.676942,CP2_after_erosion,   1,    0.0000000000E+00,    1.3522689888E+02,    1.3522689888E+02,    0.0000000000E+00,    0.0000000000E+00,    0.0000000000E+00,    1.3522689888E+02
    119250,      0.676942,CP3_after_update_bottom,   1,    0.0000000000E+00,    1.3522689888E+02,    1.3522689888E+02,    0.0000000000E+00,    0.0000000000E+00,    0.0000000000E+00,    1.3522689888E+02
    119250,      0.676942,CP4_after_advection,   1,    0.0000000000E+00,    1.3523138370E+02,    1.3523138370E+02,    0.0000000000E+00,    0.0000000000E+00,    0.0000000000E+00,    1.3523138370E+02
    119250,      0.676942,CP5_after_vdif,   1,    0.0000000000E+00,    1.3523138370E+02,    1.3523138370E+02,    0.0000000000E+00,    0.0000000000E+00,    0.0000000000E+00,    1.3523138370E+02
    119250,      0.676942,CP6_after_kinetics,   1,    0.0000000000E+00,    1.3523138370E+02,    1.3523138370E+02,    0.0000000000E+00,    0.0000000000E+00,    0.0000000000E+00,    1.3523138370E+02
    119250,      0.676942,CP7_after_upper_clamp,   1,    0.0000000000E+00,    1.3523138370E+02,    1.3523138370E+02,    0.0000000000E+00,    0.0000000000E+00,    0.0000000000E+00,    1.3523138370E+02
    119250,      0.676942,CP8_after_OBC,   1,    0.0000000000E+00,    1.3523138370E+02,    1.3523138370E+02,    0.0000000000E+00,    0.0000000000E+00,    0.0000000000E+00,    1.3523138370E+02
    119250,      0.676942,CP9_after_PTsource,   1,    0.0000000000E+00,    1.3523138370E+02,    1.3523138370E+02,    0.0000000000E+00,    0.0000000000E+00,    0.0000000000E+00,    1.3523138370E+02
    119250,      0.676942,CP10_after_neg_clamp,   1,    0.0000000000E+00,    1.3523138370E+02,    1.3523138370E+02,    0.0000000000E+00,    0.0000000000E+00,    0.0000000000E+00,    1.3523138370E+02
    119250,      0.676942,CP11_after_MPI,   1,    0.0000000000E+00,    1.3523138370E+02,    1.3523138370E+02,    0.0000000000E+00,    0.0000000000E+00,    0.0000000000E+00,    1.3523138370E+02
    119250,      0.676942,CP12_end,   1,    0.0000000000E+00,    1.3523138370E+02,    1.3523138370E+02,    0.0000000000E+00,    0.0000000000E+00,    0.0000000000E+00,    1.3523138370E+02
    119300,      0.676942,CP0_start,   1,    0.0000000000E+00,    1.3533750085E+02,    1.3533750085E+02,    0.0000000000E+00,    0.0000000000E+00,    0.0000000000E+00,    1.3533750085E+02
    119300,      0.676942,CP1_after_deposition,   1,    0.0000000000E+00,    1.3533750085E+02,    1.3533750085E+02,    0.0000000000E+00,    0.0000000000E+00,    0.0000000000E+00,    1.3533750085E+02
    119300,      0.676942,CP2_after_erosion,   1,    0.0000000000E+00,    1.3533750085E+02,    1.3533750085E+02,    0.0000000000E+00,    0.0000000000E+00,    0.0000000000E+00,    1.3533750085E+02
    119300,      0.676942,CP3_after_update_bottom,   1,    0.0000000000E+00,    1.3533750085E+02,    1.3533750085E+02,    0.0000000000E+00,    0.0000000000E+00,    0.0000000000E+00,    1.3533750085E+02
    119300,      0.676942,CP4_after_advection,   1,    0.0000000000E+00,    1.3534209392E+02,    1.3534209392E+02,    0.0000000000E+00,    0.0000000000E+00,    0.0000000000E+00,    1.3534209392E+02
    119300,      0.676942,CP5_after_vdif,   1,    0.0000000000E+00,    1.3534209392E+02,    1.3534209392E+02,    0.0000000000E+00,    0.0000000000E+00,    0.0000000000E+00,    1.3534209392E+02
    119300,      0.676942,CP6_after_kinetics,   1,    0.0000000000E+00,    1.3534209392E+02,    1.3534209392E+02,    0.0000000000E+00,    0.0000000000E+00,    0.0000000000E+00,    1.3534209392E+02
    119300,      0.676942,CP7_after_upper_clamp,   1,    0.0000000000E+00,    1.3534209392E+02,    1.3534209392E+02,    0.0000000000E+00,    0.0000000000E+00,    0.0000000000E+00,    1.3534209392E+02
    119300,      0.676942,CP8_after_OBC,   1,    0.0000000000E+00,    1.3534209392E+02,    1.3534209392E+02,    0.0000000000E+00,    0.0000000000E+00,    0.0000000000E+00,    1.3534209392E+02
    119300,      0.676942,CP9_after_PTsource,   1,    0.0000000000E+00,    1.3534209392E+02,    1.3534209392E+02,    0.0000000000E+00,    0.0000000000E+00,    0.0000000000E+00,    1.3534209392E+02
    119300,      0.676942,CP10_after_neg_clamp,   1,    0.0000000000E+00,    1.3534209392E+02,    1.3534209392E+02,    0.0000000000E+00,    0.0000000000E+00,    0.0000000000E+00,    1.3534209392E+02
    119300,      0.676942,CP11_after_MPI,   1,    0.0000000000E+00,    1.3534209392E+02,    1.3534209392E+02,    0.0000000000E+00,    0.0000000000E+00,    0.0000000000E+00,    1.3534209392E+02
    119300,      0.676942,CP12_end,   1,    0.0000000000E+00,    1.3534209392E+02,    1.3534209392E+02,    0.0000000000E+00,    0.0000000000E+00,    0.0000000000E+00,    1.3534209392E+02
    119350,      0.676942,CP0_start,   1,    0.0000000000E+00,    1.3544713639E+02,    1.3544713639E+02,    0.0000000000E+00,    0.0000000000E+00,    0.0000000000E+00,    1.3544713639E+02
    119350,      0.676942,CP1_after_deposition,   1,    0.0000000000E+00,    1.3544713639E+02,    1.3544713639E+02,    0.0000000000E+00,    0.0000000000E+00,    0.0000000000E+00,    1.3544713639E+02
    119350,      0.676942,CP2_after_erosion,   1,    0.0000000000E+00,    1.3544713639E+02,    1.3544713639E+02,    0.0000000000E+00,    0.0000000000E+00,    0.0000000000E+00,    1.3544713639E+02
    119350,      0.676942,CP3_after_update_bottom,   1,    0.0000000000E+00,    1.3544713639E+02,    1.3544713639E+02,    0.0000000000E+00,    0.0000000000E+00,    0.0000000000E+00,    1.3544713639E+02
    119350,      0.676942,CP4_after_advection,   1,    0.0000000000E+00,    1.3545181351E+02,    1.3545181351E+02,    0.0000000000E+00,    0.0000000000E+00,    0.0000000000E+00,    1.3545181351E+02
    119350,      0.676942,CP5_after_vdif,   1,    0.0000000000E+00,    1.3545181351E+02,    1.3545181351E+02,    0.0000000000E+00,    0.0000000000E+00,    0.0000000000E+00,    1.3545181351E+02
    119350,      0.676942,CP6_after_kinetics,   1,    0.0000000000E+00,    1.3545181351E+02,    1.3545181351E+02,    0.0000000000E+00,    0.0000000000E+00,    0.0000000000E+00,    1.3545181351E+02
    119350,      0.676942,CP7_after_upper_clamp,   1,    0.0000000000E+00,    1.3545181351E+02,    1.3545181351E+02,    0.0000000000E+00,    0.0000000000E+00,    0.0000000000E+00,    1.3545181351E+02
    119350,      0.676942,CP8_after_OBC,   1,    0.0000000000E+00,    1.3545181351E+02,    1.3545181351E+02,    0.0000000000E+00,    0.0000000000E+00,    0.0000000000E+00,    1.3545181351E+02
    119350,      0.676942,CP9_after_PTsource,   1,    0.0000000000E+00,    1.3545181351E+02,    1.3545181351E+02,    0.0000000000E+00,    0.0000000000E+00,    0.0000000000E+00,    1.3545181351E+02
    119350,      0.676942,CP10_after_neg_clamp,   1,    0.0000000000E+00,    1.3545181351E+02,    1.3545181351E+02,    0.0000000000E+00,    0.0000000000E+00,    0.0000000000E+00,    1.3545181351E+02
    119350,      0.676942,CP11_after_MPI,   1,    0.0000000000E+00,    1.3545181351E+02,    1.3545181351E+02,    0.0000000000E+00,    0.0000000000E+00,    0.0000000000E+00,    1.3545181351E+02
    119350,      0.676942,CP12_end,   1,    0.0000000000E+00,    1.3545181351E+02,    1.3545181351E+02,    0.0000000000E+00,    0.0000000000E+00,    0.0000000000E+00,    1.3545181351E+02
    119400,      0.676942,CP0_start,   1,    0.0000000000E+00,    1.3555479907E+02,    1.3555479907E+02,    0.0000000000E+00,    0.0000000000E+00,    0.0000000000E+00,    1.3555479907E+02
    119400,      0.676942,CP1_after_deposition,   1,    0.0000000000E+00,    1.3555479907E+02,    1.3555479907E+02,    0.0000000000E+00,    0.0000000000E+00,    0.0000000000E+00,    1.3555479907E+02
    119400,      0.676942,CP2_after_erosion,   1,    0.0000000000E+00,    1.3555479907E+02,    1.3555479907E+02,    0.0000000000E+00,    0.0000000000E+00,    0.0000000000E+00,    1.3555479907E+02
    119400,      0.676942,CP3_after_update_bottom,   1,    0.0000000000E+00,    1.3555479907E+02,    1.3555479907E+02,    0.0000000000E+00,    0.0000000000E+00,    0.0000000000E+00,    1.3555479907E+02
    119400,      0.676942,CP4_after_advection,   1,    0.0000000000E+00,    1.3555954301E+02,    1.3555954301E+02,    0.0000000000E+00,    0.0000000000E+00,    0.0000000000E+00,    1.3555954301E+02
    119400,      0.676942,CP5_after_vdif,   1,    0.0000000000E+00,    1.3555954301E+02,    1.3555954301E+02,    0.0000000000E+00,    0.0000000000E+00,    0.0000000000E+00,    1.3555954301E+02
    119400,      0.676942,CP6_after_kinetics,   1,    0.0000000000E+00,    1.3555954301E+02,    1.3555954301E+02,    0.0000000000E+00,    0.0000000000E+00,    0.0000000000E+00,    1.3555954301E+02
    119400,      0.676942,CP7_after_upper_clamp,   1,    0.0000000000E+00,    1.3555954301E+02,    1.3555954301E+02,    0.0000000000E+00,    0.0000000000E+00,    0.0000000000E+00,    1.3555954301E+02
    119400,      0.676942,CP8_after_OBC,   1,    0.0000000000E+00,    1.3555954301E+02,    1.3555954301E+02,    0.0000000000E+00,    0.0000000000E+00,    0.0000000000E+00,    1.3555954301E+02
    119400,      0.676942,CP9_after_PTsource,   1,    0.0000000000E+00,    1.3555954301E+02,    1.3555954301E+02,    0.0000000000E+00,    0.0000000000E+00,    0.0000000000E+00,    1.3555954301E+02
    119400,      0.676942,CP10_after_neg_clamp,   1,    0.0000000000E+00,    1.3555954301E+02,    1.3555954301E+02,    0.0000000000E+00,    0.0000000000E+00,    0.0000000000E+00,    1.3555954301E+02
    119400,      0.676942,CP11_after_MPI,   1,    0.0000000000E+00,    1.3555954301E+02,    1.3555954301E+02,    0.0000000000E+00,    0.0000000000E+00,    0.0000000000E+00,    1.3555954301E+02
    119400,      0.676942,CP12_end,   1,    0.0000000000E+00,    1.3555954301E+02,    1.3555954301E+02,    0.0000000000E+00,    0.0000000000E+00,    0.0000000000E+00,    1.3555954301E+02
    119450,      0.676942,CP0_start,   1,    0.0000000000E+00,    1.3565963286E+02,    1.3565963286E+02,    0.0000000000E+00,    0.0000000000E+00,    0.0000000000E+00,    1.3565963286E+02
    119450,      0.676942,CP1_after_deposition,   1,    0.0000000000E+00,    1.3565963286E+02,    1.3565963286E+02,    0.0000000000E+00,    0.0000000000E+00,    0.0000000000E+00,    1.3565963286E+02
    119450,      0.676942,CP2_after_erosion,   1,    0.0000000000E+00,    1.3565963286E+02,    1.3565963286E+02,    0.0000000000E+00,    0.0000000000E+00,    0.0000000000E+00,    1.3565963286E+02
    119450,      0.676942,CP3_after_update_bottom,   1,    0.0000000000E+00,    1.3565963286E+02,    1.3565963286E+02,    0.0000000000E+00,    0.0000000000E+00,    0.0000000000E+00,    1.3565963286E+02
    119450,      0.676942,CP4_after_advection,   1,    0.0000000000E+00,    1.3566442956E+02,    1.3566442956E+02,    0.0000000000E+00,    0.0000000000E+00,    0.0000000000E+00,    1.3566442956E+02
    119450,      0.676942,CP5_after_vdif,   1,    0.0000000000E+00,    1.3566442956E+02,    1.3566442956E+02,    0.0000000000E+00,    0.0000000000E+00,    0.0000000000E+00,    1.3566442956E+02
    119450,      0.676942,CP6_after_kinetics,   1,    0.0000000000E+00,    1.3566442956E+02,    1.3566442956E+02,    0.0000000000E+00,    0.0000000000E+00,    0.0000000000E+00,    1.3566442956E+02
    119450,      0.676942,CP7_after_upper_clamp,   1,    0.0000000000E+00,    1.3566442956E+02,    1.3566442956E+02,    0.0000000000E+00,    0.0000000000E+00,    0.0000000000E+00,    1.3566442956E+02
    119450,      0.676942,CP8_after_OBC,   1,    0.0000000000E+00,    1.3566442956E+02,    1.3566442956E+02,    0.0000000000E+00,    0.0000000000E+00,    0.0000000000E+00,    1.3566442956E+02
    119450,      0.676942,CP9_after_PTsource,   1,    0.0000000000E+00,    1.3566442956E+02,    1.3566442956E+02,    0.0000000000E+00,    0.0000000000E+00,    0.0000000000E+00,    1.3566442956E+02
    119450,      0.676942,CP10_after_neg_clamp,   1,    0.0000000000E+00,    1.3566442956E+02,    1.3566442956E+02,    0.0000000000E+00,    0.0000000000E+00,    0.0000000000E+00,    1.3566442956E+02
    119450,      0.676942,CP11_after_MPI,   1,    0.0000000000E+00,    1.3566442956E+02,    1.3566442956E+02,    0.0000000000E+00,    0.0000000000E+00,    0.0000000000E+00,    1.3566442956E+02
    119450,      0.676942,CP12_end,   1,    0.0000000000E+00,    1.3566442956E+02,    1.3566442956E+02,    0.0000000000E+00,    0.0000000000E+00,    0.0000000000E+00,    1.3566442956E+02
    119500,      0.676942,CP0_start,   1,    0.0000000000E+00,    1.3576137510E+02,    1.3576137510E+02,    0.0000000000E+00,    0.0000000000E+00,    0.0000000000E+00,    1.3576137510E+02
    119500,      0.676942,CP1_after_deposition,   1,    0.0000000000E+00,    1.3576137510E+02,    1.3576137510E+02,    0.0000000000E+00,    0.0000000000E+00,    0.0000000000E+00,    1.3576137510E+02
    119500,      0.676942,CP2_after_erosion,   1,                 NaN,                 NaN,                 NaN,    0.0000000000E+00,    0.0000000000E+00,    0.0000000000E+00,                 NaN
    119500,      0.676942,CP3_after_update_bottom,   1,                 NaN,                 NaN,                 NaN,    0.0000000000E+00,    0.0000000000E+00,    0.0000000000E+00,                 NaN
    119500,      0.676942,CP4_after_advection,   1,                 NaN,                 NaN,                 NaN,    0.0000000000E+00,    0.0000000000E+00,    0.0000000000E+00,                 NaN
    119500,      0.676942,CP5_after_vdif,   1,                 NaN,                 NaN,                 NaN,    0.0000000000E+00,    0.0000000000E+00,    0.0000000000E+00,                 NaN
    119500,      0.676942,CP6_after_kinetics,   1,                 NaN,                 NaN,                 NaN,    0.0000000000E+00,    0.0000000000E+00,    0.0000000000E+00,                 NaN
    119500,      0.676942,CP7_after_upper_clamp,   1,                 NaN,                 NaN,                 NaN,    0.0000000000E+00,    0.0000000000E+00,    0.0000000000E+00,                 NaN
    119500,      0.676942,CP8_after_OBC,   1,                 NaN,                 NaN,                 NaN,    0.0000000000E+00,    0.0000000000E+00,    0.0000000000E+00,                 NaN
    119500,      0.676942,CP9_after_PTsource,   1,                 NaN,                 NaN,                 NaN,    0.0000000000E+00,    0.0000000000E+00,    0.0000000000E+00,                 NaN
    119500,      0.676942,CP10_after_neg_clamp,   1,    0.0000000000E+00,    1.3576622636E+02,    1.3576622636E+02,    0.0000000000E+00,    0.0000000000E+00,    0.0000000000E+00,    1.3576622636E+02
    119500,      0.676942,CP11_after_MPI,   1,    0.0000000000E+00,    1.3576622636E+02,    1.3576622636E+02,    0.0000000000E+00,    0.0000000000E+00,    0.0000000000E+00,    1.3576622636E+02
    119500,      0.676942,CP12_end,   1,    0.0000000000E+00,    1.3576622636E+02,    1.3576622636E+02,    0.0000000000E+00,    0.0000000000E+00,    0.0000000000E+00,    1.3576622636E+02
    119550,      0.676942,CP0_start,   1,    0.0000000000E+00,    1.3586039035E+02,    1.3586039035E+02,    0.0000000000E+00,    0.0000000000E+00,    0.0000000000E+00,    1.3586039035E+02
    119550,      0.676942,CP1_after_deposition,   1,    0.0000000000E+00,    1.3586039035E+02,    1.3586039035E+02,    0.0000000000E+00,    0.0000000000E+00,    0.0000000000E+00,    1.3586039035E+02
    119550,      0.676942,CP2_after_erosion,   1,    0.0000000000E+00,    1.3586039035E+02,    1.3586039035E+02,    0.0000000000E+00,    0.0000000000E+00,    0.0000000000E+00,    1.3586039035E+02
    119550,      0.676942,CP3_after_update_bottom,   1,    0.0000000000E+00,    1.3586039035E+02,    1.3586039035E+02,    0.0000000000E+00,    0.0000000000E+00,    0.0000000000E+00,    1.3586039035E+02
    119550,      0.676942,CP4_after_advection,   1,    0.0000000000E+00,    1.3586530552E+02,    1.3586530552E+02,    0.0000000000E+00,    0.0000000000E+00,    0.0000000000E+00,    1.3586530552E+02
    119550,      0.676942,CP5_after_vdif,   1,    0.0000000000E+00,    1.3586530552E+02,    1.3586530552E+02,    0.0000000000E+00,    0.0000000000E+00,    0.0000000000E+00,    1.3586530552E+02
    119550,      0.676942,CP6_after_kinetics,   1,    0.0000000000E+00,    1.3586530552E+02,    1.3586530552E+02,    0.0000000000E+00,    0.0000000000E+00,    0.0000000000E+00,    1.3586530552E+02
    119550,      0.676942,CP7_after_upper_clamp,   1,    0.0000000000E+00,    1.3586530552E+02,    1.3586530552E+02,    0.0000000000E+00,    0.0000000000E+00,    0.0000000000E+00,    1.3586530552E+02
    119550,      0.676942,CP8_after_OBC,   1,    0.0000000000E+00,    1.3586530552E+02,    1.3586530552E+02,    0.0000000000E+00,    0.0000000000E+00,    0.0000000000E+00,    1.3586530552E+02
    119550,      0.676942,CP9_after_PTsource,   1,    0.0000000000E+00,    1.3586530552E+02,    1.3586530552E+02,    0.0000000000E+00,    0.0000000000E+00,    0.0000000000E+00,    1.3586530552E+02
    119550,      0.676942,CP10_after_neg_clamp,   1,    0.0000000000E+00,    1.3586530552E+02,    1.3586530552E+02,    0.0000000000E+00,    0.0000000000E+00,    0.0000000000E+00,    1.3586530552E+02
    119550,      0.676942,CP11_after_MPI,   1,    0.0000000000E+00,    1.3586530552E+02,    1.3586530552E+02,    0.0000000000E+00,    0.0000000000E+00,    0.0000000000E+00,    1.3586530552E+02
    119550,      0.676942,CP12_end,   1,    0.0000000000E+00,    1.3586530552E+02,    1.3586530552E+02,    0.0000000000E+00,    0.0000000000E+00,    0.0000000000E+00,    1.3586530552E+02
    119600,      0.676942,CP0_start,   1,    0.0000000000E+00,    1.3595753176E+02,    1.3595753176E+02,    0.0000000000E+00,    0.0000000000E+00,    0.0000000000E+00,    1.3595753176E+02
    119600,      0.676942,CP1_after_deposition,   1,    0.0000000000E+00,    1.3595753176E+02,    1.3595753176E+02,    0.0000000000E+00,    0.0000000000E+00,    0.0000000000E+00,    1.3595753176E+02
    119600,      0.676942,CP2_after_erosion,   1,    0.0000000000E+00,    1.3595753176E+02,    1.3595753176E+02,    0.0000000000E+00,    0.0000000000E+00,    0.0000000000E+00,    1.3595753176E+02
    119600,      0.676942,CP3_after_update_bottom,   1,    0.0000000000E+00,    1.3595753176E+02,    1.3595753176E+02,    0.0000000000E+00,    0.0000000000E+00,    0.0000000000E+00,    1.3595753176E+02
    119600,      0.676942,CP4_after_advection,   1,    0.0000000000E+00,    1.3596253404E+02,    1.3596253404E+02,    0.0000000000E+00,    0.0000000000E+00,    0.0000000000E+00,    1.3596253404E+02
    119600,      0.676942,CP5_after_vdif,   1,    0.0000000000E+00,    1.3596253404E+02,    1.3596253404E+02,    0.0000000000E+00,    0.0000000000E+00,    0.0000000000E+00,    1.3596253404E+02
    119600,      0.676942,CP6_after_kinetics,   1,    0.0000000000E+00,    1.3596253404E+02,    1.3596253404E+02,    0.0000000000E+00,    0.0000000000E+00,    0.0000000000E+00,    1.3596253404E+02
    119600,      0.676942,CP7_after_upper_clamp,   1,    0.0000000000E+00,    1.3596253404E+02,    1.3596253404E+02,    0.0000000000E+00,    0.0000000000E+00,    0.0000000000E+00,    1.3596253404E+02
    119600,      0.676942,CP8_after_OBC,   1,    0.0000000000E+00,    1.3596253404E+02,    1.3596253404E+02,    0.0000000000E+00,    0.0000000000E+00,    0.0000000000E+00,    1.3596253404E+02
    119600,      0.676942,CP9_after_PTsource,   1,    0.0000000000E+00,    1.3596253404E+02,    1.3596253404E+02,    0.0000000000E+00,    0.0000000000E+00,    0.0000000000E+00,    1.3596253404E+02
    119600,      0.676942,CP10_after_neg_clamp,   1,    0.0000000000E+00,    1.3596253404E+02,    1.3596253404E+02,    0.0000000000E+00,    0.0000000000E+00,    0.0000000000E+00,    1.3596253404E+02
    119600,      0.676942,CP11_after_MPI,   1,    0.0000000000E+00,    1.3596253404E+02,    1.3596253404E+02,    0.0000000000E+00,    0.0000000000E+00,    0.0000000000E+00,    1.3596253404E+02
    119600,      0.676942,CP12_end,   1,    0.0000000000E+00,    1.3596253404E+02,    1.3596253404E+02,    0.0000000000E+00,    0.0000000000E+00,    0.0000000000E+00,    1.3596253404E+02
    119650,      0.676942,CP0_start,   1,    0.0000000000E+00,    1.3605418141E+02,    1.3605418141E+02,    0.0000000000E+00,    0.0000000000E+00,    0.0000000000E+00,    1.3605418141E+02
    119650,      0.676942,CP1_after_deposition,   1,    0.0000000000E+00,    1.3605418141E+02,    1.3605418141E+02,    0.0000000000E+00,    0.0000000000E+00,    0.0000000000E+00,    1.3605418141E+02
    119650,      0.676942,CP2_after_erosion,   1,    0.0000000000E+00,    1.3605418141E+02,    1.3605418141E+02,    0.0000000000E+00,    0.0000000000E+00,    0.0000000000E+00,    1.3605418141E+02
    119650,      0.676942,CP3_after_update_bottom,   1,    0.0000000000E+00,    1.3605418141E+02,    1.3605418141E+02,    0.0000000000E+00,    0.0000000000E+00,    0.0000000000E+00,    1.3605418141E+02
    119650,      0.676942,CP4_after_advection,   1,    0.0000000000E+00,    1.3605929515E+02,    1.3605929515E+02,    0.0000000000E+00,    0.0000000000E+00,    0.0000000000E+00,    1.3605929515E+02
    119650,      0.676942,CP5_after_vdif,   1,    0.0000000000E+00,    1.3605929515E+02,    1.3605929515E+02,    0.0000000000E+00,    0.0000000000E+00,    0.0000000000E+00,    1.3605929515E+02
    119650,      0.676942,CP6_after_kinetics,   1,    0.0000000000E+00,    1.3605929515E+02,    1.3605929515E+02,    0.0000000000E+00,    0.0000000000E+00,    0.0000000000E+00,    1.3605929515E+02
    119650,      0.676942,CP7_after_upper_clamp,   1,    0.0000000000E+00,    1.3605929515E+02,    1.3605929515E+02,    0.0000000000E+00,    0.0000000000E+00,    0.0000000000E+00,    1.3605929515E+02
    119650,      0.676942,CP8_after_OBC,   1,    0.0000000000E+00,    1.3605929515E+02,    1.3605929515E+02,    0.0000000000E+00,    0.0000000000E+00,    0.0000000000E+00,    1.3605929515E+02
    119650,      0.676942,CP9_after_PTsource,   1,    0.0000000000E+00,    1.3605929515E+02,    1.3605929515E+02,    0.0000000000E+00,    0.0000000000E+00,    0.0000000000E+00,    1.3605929515E+02
    119650,      0.676942,CP10_after_neg_clamp,   1,    0.0000000000E+00,    1.3605929515E+02,    1.3605929515E+02,    0.0000000000E+00,    0.0000000000E+00,    0.0000000000E+00,    1.3605929515E+02
    119650,      0.676942,CP11_after_MPI,   1,    0.0000000000E+00,    1.3605929515E+02,    1.3605929515E+02,    0.0000000000E+00,    0.0000000000E+00,    0.0000000000E+00,    1.3605929515E+02
    119650,      0.676942,CP12_end,   1,    0.0000000000E+00,    1.3605929515E+02,    1.3605929515E+02,    0.0000000000E+00,    0.0000000000E+00,    0.0000000000E+00,    1.3605929515E+02
    119700,      0.676942,CP0_start,   1,    0.0000000000E+00,    1.3615140876E+02,    1.3615140876E+02,    0.0000000000E+00,    0.0000000000E+00,    0.0000000000E+00,    1.3615140876E+02
    119700,      0.676942,CP1_after_deposition,   1,    0.0000000000E+00,    1.3615140876E+02,    1.3615140876E+02,    0.0000000000E+00,    0.0000000000E+00,    0.0000000000E+00,    1.3615140876E+02
    119700,      0.676942,CP2_after_erosion,   1,    0.0000000000E+00,    1.3615140876E+02,    1.3615140876E+02,    0.0000000000E+00,    0.0000000000E+00,    0.0000000000E+00,    1.3615140876E+02
    119700,      0.676942,CP3_after_update_bottom,   1,    0.0000000000E+00,    1.3615140876E+02,    1.3615140876E+02,    0.0000000000E+00,    0.0000000000E+00,    0.0000000000E+00,    1.3615140876E+02
    119700,      0.676942,CP4_after_advection,   1,    0.0000000000E+00,    1.3615665154E+02,    1.3615665154E+02,    0.0000000000E+00,    0.0000000000E+00,    0.0000000000E+00,    1.3615665154E+02
    119700,      0.676942,CP5_after_vdif,   1,    0.0000000000E+00,    1.3615665154E+02,    1.3615665154E+02,    0.0000000000E+00,    0.0000000000E+00,    0.0000000000E+00,    1.3615665154E+02
    119700,      0.676942,CP6_after_kinetics,   1,    0.0000000000E+00,    1.3615665154E+02,    1.3615665154E+02,    0.0000000000E+00,    0.0000000000E+00,    0.0000000000E+00,    1.3615665154E+02
    119700,      0.676942,CP7_after_upper_clamp,   1,    0.0000000000E+00,    1.3615665154E+02,    1.3615665154E+02,    0.0000000000E+00,    0.0000000000E+00,    0.0000000000E+00,    1.3615665154E+02
    119700,      0.676942,CP8_after_OBC,   1,    0.0000000000E+00,    1.3615665154E+02,    1.3615665154E+02,    0.0000000000E+00,    0.0000000000E+00,    0.0000000000E+00,    1.3615665154E+02
    119700,      0.676942,CP9_after_PTsource,   1,    0.0000000000E+00,    1.3615665154E+02,    1.3615665154E+02,    0.0000000000E+00,    0.0000000000E+00,    0.0000000000E+00,    1.3615665154E+02
    119700,      0.676942,CP10_after_neg_clamp,   1,    0.0000000000E+00,    1.3615665154E+02,    1.3615665154E+02,    0.0000000000E+00,    0.0000000000E+00,    0.0000000000E+00,    1.3615665154E+02
    119700,      0.676942,CP11_after_MPI,   1,    0.0000000000E+00,    1.3615665154E+02,    1.3615665154E+02,    0.0000000000E+00,    0.0000000000E+00,    0.0000000000E+00,    1.3615665154E+02
    119700,      0.676942,CP12_end,   1,    0.0000000000E+00,    1.3615665154E+02,    1.3615665154E+02,    0.0000000000E+00,    0.0000000000E+00,    0.0000000000E+00,    1.3615665154E+02
    119750,      0.676942,CP0_start,   1,    0.0000000000E+00,    1.3624938120E+02,    1.3624938120E+02,    0.0000000000E+00,    0.0000000000E+00,    0.0000000000E+00,    1.3624938120E+02
    119750,      0.676942,CP1_after_deposition,   1,    0.0000000000E+00,    1.3624938120E+02,    1.3624938120E+02,    0.0000000000E+00,    0.0000000000E+00,    0.0000000000E+00,    1.3624938120E+02
    119750,      0.676942,CP2_after_erosion,   1,    0.0000000000E+00,    1.3624938120E+02,    1.3624938120E+02,    0.0000000000E+00,    0.0000000000E+00,    0.0000000000E+00,    1.3624938120E+02
    119750,      0.676942,CP3_after_update_bottom,   1,    0.0000000000E+00,    1.3624938120E+02,    1.3624938120E+02,    0.0000000000E+00,    0.0000000000E+00,    0.0000000000E+00,    1.3624938120E+02
    119750,      0.676942,CP4_after_advection,   1,    0.0000000000E+00,    1.3625475599E+02,    1.3625475599E+02,    0.0000000000E+00,    0.0000000000E+00,    0.0000000000E+00,    1.3625475599E+02
    119750,      0.676942,CP5_after_vdif,   1,    0.0000000000E+00,    1.3625475599E+02,    1.3625475599E+02,    0.0000000000E+00,    0.0000000000E+00,    0.0000000000E+00,    1.3625475599E+02
    119750,      0.676942,CP6_after_kinetics,   1,    0.0000000000E+00,    1.3625475599E+02,    1.3625475599E+02,    0.0000000000E+00,    0.0000000000E+00,    0.0000000000E+00,    1.3625475599E+02
    119750,      0.676942,CP7_after_upper_clamp,   1,    0.0000000000E+00,    1.3625475599E+02,    1.3625475599E+02,    0.0000000000E+00,    0.0000000000E+00,    0.0000000000E+00,    1.3625475599E+02
    119750,      0.676942,CP8_after_OBC,   1,    0.0000000000E+00,    1.3625475599E+02,    1.3625475599E+02,    0.0000000000E+00,    0.0000000000E+00,    0.0000000000E+00,    1.3625475599E+02
    119750,      0.676942,CP9_after_PTsource,   1,    0.0000000000E+00,    1.3625475599E+02,    1.3625475599E+02,    0.0000000000E+00,    0.0000000000E+00,    0.0000000000E+00,    1.3625475599E+02
    119750,      0.676942,CP10_after_neg_clamp,   1,    0.0000000000E+00,    1.3625475599E+02,    1.3625475599E+02,    0.0000000000E+00,    0.0000000000E+00,    0.0000000000E+00,    1.3625475599E+02
    119750,      0.676942,CP11_after_MPI,   1,    0.0000000000E+00,    1.3625475599E+02,    1.3625475599E+02,    0.0000000000E+00,    0.0000000000E+00,    0.0000000000E+00,    1.3625475599E+02
    119750,      0.676942,CP12_end,   1,    0.0000000000E+00,    1.3625475599E+02,    1.3625475599E+02,    0.0000000000E+00,    0.0000000000E+00,    0.0000000000E+00,    1.3625475599E+02
    119800,      0.676942,CP0_start,   1,    0.0000000000E+00,    1.3634848846E+02,    1.3634848846E+02,    0.0000000000E+00,    0.0000000000E+00,    0.0000000000E+00,    1.3634848846E+02
    119800,      0.676942,CP1_after_deposition,   1,    0.0000000000E+00,    1.3634848846E+02,    1.3634848846E+02,    0.0000000000E+00,    0.0000000000E+00,    0.0000000000E+00,    1.3634848846E+02
    119800,      0.676942,CP2_after_erosion,   1,    0.0000000000E+00,    1.3634848846E+02,    1.3634848846E+02,    0.0000000000E+00,    0.0000000000E+00,    0.0000000000E+00,    1.3634848846E+02
    119800,      0.676942,CP3_after_update_bottom,   1,    0.0000000000E+00,    1.3634848846E+02,    1.3634848846E+02,    0.0000000000E+00,    0.0000000000E+00,    0.0000000000E+00,    1.3634848846E+02
    119800,      0.676942,CP4_after_advection,   1,    0.0000000000E+00,    1.3635398402E+02,    1.3635398402E+02,    0.0000000000E+00,    0.0000000000E+00,    0.0000000000E+00,    1.3635398402E+02
    119800,      0.676942,CP5_after_vdif,   1,    0.0000000000E+00,    1.3635398402E+02,    1.3635398402E+02,    0.0000000000E+00,    0.0000000000E+00,    0.0000000000E+00,    1.3635398402E+02
    119800,      0.676942,CP6_after_kinetics,   1,    0.0000000000E+00,    1.3635398402E+02,    1.3635398402E+02,    0.0000000000E+00,    0.0000000000E+00,    0.0000000000E+00,    1.3635398402E+02
    119800,      0.676942,CP7_after_upper_clamp,   1,    0.0000000000E+00,    1.3635398402E+02,    1.3635398402E+02,    0.0000000000E+00,    0.0000000000E+00,    0.0000000000E+00,    1.3635398402E+02
    119800,      0.676942,CP8_after_OBC,   1,    0.0000000000E+00,    1.3635398402E+02,    1.3635398402E+02,    0.0000000000E+00,    0.0000000000E+00,    0.0000000000E+00,    1.3635398402E+02
    119800,      0.676942,CP9_after_PTsource,   1,    0.0000000000E+00,    1.3635398402E+02,    1.3635398402E+02,    0.0000000000E+00,    0.0000000000E+00,    0.0000000000E+00,    1.3635398402E+02
    119800,      0.676942,CP10_after_neg_clamp,   1,    0.0000000000E+00,    1.3635398402E+02,    1.3635398402E+02,    0.0000000000E+00,    0.0000000000E+00,    0.0000000000E+00,    1.3635398402E+02
    119800,      0.676942,CP11_after_MPI,   1,    0.0000000000E+00,    1.3635398402E+02,    1.3635398402E+02,    0.0000000000E+00,    0.0000000000E+00,    0.0000000000E+00,    1.3635398402E+02
    119800,      0.676942,CP12_end,   1,    0.0000000000E+00,    1.3635398402E+02,    1.3635398402E+02,    0.0000000000E+00,    0.0000000000E+00,    0.0000000000E+00,    1.3635398402E+02
    119850,      0.676942,CP0_start,   1,    0.0000000000E+00,    1.3644798674E+02,    1.3644798674E+02,    0.0000000000E+00,    0.0000000000E+00,    0.0000000000E+00,    1.3644798674E+02
    119850,      0.676942,CP1_after_deposition,   1,    0.0000000000E+00,    1.3644798674E+02,    1.3644798674E+02,    0.0000000000E+00,    0.0000000000E+00,    0.0000000000E+00,    1.3644798674E+02
    119850,      0.676942,CP2_after_erosion,   1,    0.0000000000E+00,    1.3644798674E+02,    1.3644798674E+02,    0.0000000000E+00,    0.0000000000E+00,    0.0000000000E+00,    1.3644798674E+02
    119850,      0.676942,CP3_after_update_bottom,   1,    0.0000000000E+00,    1.3644798674E+02,    1.3644798674E+02,    0.0000000000E+00,    0.0000000000E+00,    0.0000000000E+00,    1.3644798674E+02
    119850,      0.676942,CP4_after_advection,   1,    0.0000000000E+00,    1.3645358407E+02,    1.3645358407E+02,    0.0000000000E+00,    0.0000000000E+00,    0.0000000000E+00,    1.3645358407E+02
    119850,      0.676942,CP5_after_vdif,   1,    0.0000000000E+00,    1.3645358407E+02,    1.3645358407E+02,    0.0000000000E+00,    0.0000000000E+00,    0.0000000000E+00,    1.3645358407E+02
    119850,      0.676942,CP6_after_kinetics,   1,    0.0000000000E+00,    1.3645358407E+02,    1.3645358407E+02,    0.0000000000E+00,    0.0000000000E+00,    0.0000000000E+00,    1.3645358407E+02
    119850,      0.676942,CP7_after_upper_clamp,   1,    0.0000000000E+00,    1.3645358407E+02,    1.3645358407E+02,    0.0000000000E+00,    0.0000000000E+00,    0.0000000000E+00,    1.3645358407E+02
    119850,      0.676942,CP8_after_OBC,   1,    0.0000000000E+00,    1.3645358407E+02,    1.3645358407E+02,    0.0000000000E+00,    0.0000000000E+00,    0.0000000000E+00,    1.3645358407E+02
    119850,      0.676942,CP9_after_PTsource,   1,    0.0000000000E+00,    1.3645358407E+02,    1.3645358407E+02,    0.0000000000E+00,    0.0000000000E+00,    0.0000000000E+00,    1.3645358407E+02
    119850,      0.676942,CP10_after_neg_clamp,   1,    0.0000000000E+00,    1.3645358407E+02,    1.3645358407E+02,    0.0000000000E+00,    0.0000000000E+00,    0.0000000000E+00,    1.3645358407E+02
    119850,      0.676942,CP11_after_MPI,   1,    0.0000000000E+00,    1.3645358407E+02,    1.3645358407E+02,    0.0000000000E+00,    0.0000000000E+00,    0.0000000000E+00,    1.3645358407E+02
    119850,      0.676942,CP12_end,   1,    0.0000000000E+00,    1.3645358407E+02,    1.3645358407E+02,    0.0000000000E+00,    0.0000000000E+00,    0.0000000000E+00,    1.3645358407E+02
    119900,      0.676942,CP0_start,   1,    0.0000000000E+00,    1.3654713441E+02,    1.3654713441E+02,    0.0000000000E+00,    0.0000000000E+00,    0.0000000000E+00,    1.3654713441E+02
    119900,      0.676942,CP1_after_deposition,   1,    0.0000000000E+00,    1.3654713441E+02,    1.3654713441E+02,    0.0000000000E+00,    0.0000000000E+00,    0.0000000000E+00,    1.3654713441E+02
    119900,      0.676942,CP2_after_erosion,   1,    0.0000000000E+00,    1.3654713441E+02,    1.3654713441E+02,    0.0000000000E+00,    0.0000000000E+00,    0.0000000000E+00,    1.3654713441E+02
    119900,      0.676942,CP3_after_update_bottom,   1,    0.0000000000E+00,    1.3654713441E+02,    1.3654713441E+02,    0.0000000000E+00,    0.0000000000E+00,    0.0000000000E+00,    1.3654713441E+02
    119900,      0.676942,CP4_after_advection,   1,    0.0000000000E+00,    1.3655281640E+02,    1.3655281640E+02,    0.0000000000E+00,    0.0000000000E+00,    0.0000000000E+00,    1.3655281640E+02
    119900,      0.676942,CP5_after_vdif,   1,    0.0000000000E+00,    1.3655281640E+02,    1.3655281640E+02,    0.0000000000E+00,    0.0000000000E+00,    0.0000000000E+00,    1.3655281640E+02
    119900,      0.676942,CP6_after_kinetics,   1,    0.0000000000E+00,    1.3655281640E+02,    1.3655281640E+02,    0.0000000000E+00,    0.0000000000E+00,    0.0000000000E+00,    1.3655281640E+02
    119900,      0.676942,CP7_after_upper_clamp,   1,    0.0000000000E+00,    1.3655281640E+02,    1.3655281640E+02,    0.0000000000E+00,    0.0000000000E+00,    0.0000000000E+00,    1.3655281640E+02
    119900,      0.676942,CP8_after_OBC,   1,    0.0000000000E+00,    1.3655281640E+02,    1.3655281640E+02,    0.0000000000E+00,    0.0000000000E+00,    0.0000000000E+00,    1.3655281640E+02
    119900,      0.676942,CP9_after_PTsource,   1,    0.0000000000E+00,    1.3655281640E+02,    1.3655281640E+02,    0.0000000000E+00,    0.0000000000E+00,    0.0000000000E+00,    1.3655281640E+02
    119900,      0.676942,CP10_after_neg_clamp,   1,    0.0000000000E+00,    1.3655281640E+02,    1.3655281640E+02,    0.0000000000E+00,    0.0000000000E+00,    0.0000000000E+00,    1.3655281640E+02
    119900,      0.676942,CP11_after_MPI,   1,    0.0000000000E+00,    1.3655281640E+02,    1.3655281640E+02,    0.0000000000E+00,    0.0000000000E+00,    0.0000000000E+00,    1.3655281640E+02
    119900,      0.676942,CP12_end,   1,    0.0000000000E+00,    1.3655281640E+02,    1.3655281640E+02,    0.0000000000E+00,    0.0000000000E+00,    0.0000000000E+00,    1.3655281640E+02
    119950,      0.676942,CP0_start,   1,    0.0000000000E+00,    1.3664534736E+02,    1.3664534736E+02,    0.0000000000E+00,    0.0000000000E+00,    0.0000000000E+00,    1.3664534736E+02
    119950,      0.676942,CP1_after_deposition,   1,    0.0000000000E+00,    1.3664534736E+02,    1.3664534736E+02,    0.0000000000E+00,    0.0000000000E+00,    0.0000000000E+00,    1.3664534736E+02
    119950,      0.676942,CP2_after_erosion,   1,    0.0000000000E+00,    1.3664534736E+02,    1.3664534736E+02,    0.0000000000E+00,    0.0000000000E+00,    0.0000000000E+00,    1.3664534736E+02
    119950,      0.676942,CP3_after_update_bottom,   1,    0.0000000000E+00,    1.3664534736E+02,    1.3664534736E+02,    0.0000000000E+00,    0.0000000000E+00,    0.0000000000E+00,    1.3664534736E+02
    119950,      0.676942,CP4_after_advection,   1,    0.0000000000E+00,    1.3665110674E+02,    1.3665110674E+02,    0.0000000000E+00,    0.0000000000E+00,    0.0000000000E+00,    1.3665110674E+02
    119950,      0.676942,CP5_after_vdif,   1,    0.0000000000E+00,    1.3665110674E+02,    1.3665110674E+02,    0.0000000000E+00,    0.0000000000E+00,    0.0000000000E+00,    1.3665110674E+02
    119950,      0.676942,CP6_after_kinetics,   1,    0.0000000000E+00,    1.3665110674E+02,    1.3665110674E+02,    0.0000000000E+00,    0.0000000000E+00,    0.0000000000E+00,    1.3665110674E+02
    119950,      0.676942,CP7_after_upper_clamp,   1,    0.0000000000E+00,    1.3665110674E+02,    1.3665110674E+02,    0.0000000000E+00,    0.0000000000E+00,    0.0000000000E+00,    1.3665110674E+02
    119950,      0.676942,CP8_after_OBC,   1,    0.0000000000E+00,    1.3665110674E+02,    1.3665110674E+02,    0.0000000000E+00,    0.0000000000E+00,    0.0000000000E+00,    1.3665110674E+02
    119950,      0.676942,CP9_after_PTsource,   1,    0.0000000000E+00,    1.3665110674E+02,    1.3665110674E+02,    0.0000000000E+00,    0.0000000000E+00,    0.0000000000E+00,    1.3665110674E+02
    119950,      0.676942,CP10_after_neg_clamp,   1,    0.0000000000E+00,    1.3665110674E+02,    1.3665110674E+02,    0.0000000000E+00,    0.0000000000E+00,    0.0000000000E+00,    1.3665110674E+02
    119950,      0.676942,CP11_after_MPI,   1,    0.0000000000E+00,    1.3665110674E+02,    1.3665110674E+02,    0.0000000000E+00,    0.0000000000E+00,    0.0000000000E+00,    1.3665110674E+02
    119950,      0.676942,CP12_end,   1,    0.0000000000E+00,    1.3665110674E+02,    1.3665110674E+02,    0.0000000000E+00,    0.0000000000E+00,    0.0000000000E+00,    1.3665110674E+02
    120000,      0.676942,CP0_start,   1,    0.0000000000E+00,    1.3674259099E+02,    1.3674259099E+02,    0.0000000000E+00,    0.0000000000E+00,    0.0000000000E+00,    1.3674259099E+02
    120000,      0.676942,CP1_after_deposition,   1,    0.0000000000E+00,    1.3674259099E+02,    1.3674259099E+02,    0.0000000000E+00,    0.0000000000E+00,    0.0000000000E+00,    1.3674259099E+02
    120000,      0.676942,CP2_after_erosion,   1,    0.0000000000E+00,    1.3674259099E+02,    1.3674259099E+02,    0.0000000000E+00,    0.0000000000E+00,    0.0000000000E+00,    1.3674259099E+02
    120000,      0.676942,CP3_after_update_bottom,   1,    0.0000000000E+00,    1.3674259099E+02,    1.3674259099E+02,    0.0000000000E+00,    0.0000000000E+00,    0.0000000000E+00,    1.3674259099E+02
    120000,      0.676942,CP4_after_advection,   1,    0.0000000000E+00,    1.3674842821E+02,    1.3674842821E+02,    0.0000000000E+00,    0.0000000000E+00,    0.0000000000E+00,    1.3674842821E+02
    120000,      0.676942,CP5_after_vdif,   1,    0.0000000000E+00,    1.3674842821E+02,    1.3674842821E+02,    0.0000000000E+00,    0.0000000000E+00,    0.0000000000E+00,    1.3674842821E+02
    120000,      0.676942,CP6_after_kinetics,   1,    0.0000000000E+00,    1.3674842821E+02,    1.3674842821E+02,    0.0000000000E+00,    0.0000000000E+00,    0.0000000000E+00,    1.3674842821E+02
    120000,      0.676942,CP7_after_upper_clamp,   1,    0.0000000000E+00,    1.3674842821E+02,    1.3674842821E+02,    0.0000000000E+00,    0.0000000000E+00,    0.0000000000E+00,    1.3674842821E+02
    120000,      0.676942,CP8_after_OBC,   1,    0.0000000000E+00,    1.3674842821E+02,    1.3674842821E+02,    0.0000000000E+00,    0.0000000000E+00,    0.0000000000E+00,    1.3674842821E+02
    120000,      0.676942,CP9_after_PTsource,   1,    0.0000000000E+00,    1.3674842821E+02,    1.3674842821E+02,    0.0000000000E+00,    0.0000000000E+00,    0.0000000000E+00,    1.3674842821E+02
    120000,      0.676942,CP10_after_neg_clamp,   1,    0.0000000000E+00,    1.3674842821E+02,    1.3674842821E+02,    0.0000000000E+00,    0.0000000000E+00,    0.0000000000E+00,    1.3674842821E+02
    120000,      0.676942,CP11_after_MPI,   1,    0.0000000000E+00,    1.3674842821E+02,    1.3674842821E+02,    0.0000000000E+00,    0.0000000000E+00,    0.0000000000E+00,    1.3674842821E+02
    120000,      0.676942,CP12_end,   1,    0.0000000000E+00,    1.3674842821E+02,    1.3674842821E+02,    0.0000000000E+00,    0.0000000000E+00,    0.0000000000E+00,    1.3674842821E+02
    120050,      0.676942,CP0_start,   1,    0.0000000000E+00,    1.3683905882E+02,    1.3683905882E+02,    0.0000000000E+00,    0.0000000000E+00,    0.0000000000E+00,    1.3683905882E+02
    120050,      0.676942,CP1_after_deposition,   1,    0.0000000000E+00,    1.3683905882E+02,    1.3683905882E+02,    0.0000000000E+00,    0.0000000000E+00,    0.0000000000E+00,    1.3683905882E+02
    120050,      0.676942,CP2_after_erosion,   1,    0.0000000000E+00,    1.3683905882E+02,    1.3683905882E+02,    0.0000000000E+00,    0.0000000000E+00,    0.0000000000E+00,    1.3683905882E+02
    120050,      0.676942,CP3_after_update_bottom,   1,    0.0000000000E+00,    1.3683905882E+02,    1.3683905882E+02,    0.0000000000E+00,    0.0000000000E+00,    0.0000000000E+00,    1.3683905882E+02
    120050,      0.676942,CP4_after_advection,   1,    0.0000000000E+00,    1.3684497636E+02,    1.3684497636E+02,    0.0000000000E+00,    0.0000000000E+00,    0.0000000000E+00,    1.3684497636E+02
    120050,      0.676942,CP5_after_vdif,   1,    0.0000000000E+00,    1.3684497636E+02,    1.3684497636E+02,    0.0000000000E+00,    0.0000000000E+00,    0.0000000000E+00,    1.3684497636E+02
    120050,      0.676942,CP6_after_kinetics,   1,    0.0000000000E+00,    1.3684497636E+02,    1.3684497636E+02,    0.0000000000E+00,    0.0000000000E+00,    0.0000000000E+00,    1.3684497636E+02
    120050,      0.676942,CP7_after_upper_clamp,   1,    0.0000000000E+00,    1.3684497636E+02,    1.3684497636E+02,    0.0000000000E+00,    0.0000000000E+00,    0.0000000000E+00,    1.3684497636E+02
    120050,      0.676942,CP8_after_OBC,   1,    0.0000000000E+00,    1.3684497636E+02,    1.3684497636E+02,    0.0000000000E+00,    0.0000000000E+00,    0.0000000000E+00,    1.3684497636E+02
    120050,      0.676942,CP9_after_PTsource,   1,    0.0000000000E+00,    1.3684497636E+02,    1.3684497636E+02,    0.0000000000E+00,    0.0000000000E+00,    0.0000000000E+00,    1.3684497636E+02
    120050,      0.676942,CP10_after_neg_clamp,   1,    0.0000000000E+00,    1.3684497636E+02,    1.3684497636E+02,    0.0000000000E+00,    0.0000000000E+00,    0.0000000000E+00,    1.3684497636E+02
    120050,      0.676942,CP11_after_MPI,   1,    0.0000000000E+00,    1.3684497636E+02,    1.3684497636E+02,    0.0000000000E+00,    0.0000000000E+00,    0.0000000000E+00,    1.3684497636E+02
    120050,      0.676942,CP12_end,   1,    0.0000000000E+00,    1.3684497636E+02,    1.3684497636E+02,    0.0000000000E+00,    0.0000000000E+00,    0.0000000000E+00,    1.3684497636E+02
    120100,      0.676942,CP0_start,   1,    0.0000000000E+00,    1.3693507371E+02,    1.3693507371E+02,    0.0000000000E+00,    0.0000000000E+00,    0.0000000000E+00,    1.3693507371E+02
    120100,      0.676942,CP1_after_deposition,   1,    0.0000000000E+00,    1.3693507371E+02,    1.3693507371E+02,    0.0000000000E+00,    0.0000000000E+00,    0.0000000000E+00,    1.3693507371E+02
    120100,      0.676942,CP2_after_erosion,   1,    0.0000000000E+00,    1.3693507371E+02,    1.3693507371E+02,    0.0000000000E+00,    0.0000000000E+00,    0.0000000000E+00,    1.3693507371E+02
    120100,      0.676942,CP3_after_update_bottom,   1,    0.0000000000E+00,    1.3693507371E+02,    1.3693507371E+02,    0.0000000000E+00,    0.0000000000E+00,    0.0000000000E+00,    1.3693507371E+02
    120100,      0.676942,CP4_after_advection,   1,    0.0000000000E+00,    1.3694107621E+02,    1.3694107621E+02,    0.0000000000E+00,    0.0000000000E+00,    0.0000000000E+00,    1.3694107621E+02
    120100,      0.676942,CP5_after_vdif,   1,    0.0000000000E+00,    1.3694107621E+02,    1.3694107621E+02,    0.0000000000E+00,    0.0000000000E+00,    0.0000000000E+00,    1.3694107621E+02
    120100,      0.676942,CP6_after_kinetics,   1,    0.0000000000E+00,    1.3694107621E+02,    1.3694107621E+02,    0.0000000000E+00,    0.0000000000E+00,    0.0000000000E+00,    1.3694107621E+02
    120100,      0.676942,CP7_after_upper_clamp,   1,    0.0000000000E+00,    1.3694107621E+02,    1.3694107621E+02,    0.0000000000E+00,    0.0000000000E+00,    0.0000000000E+00,    1.3694107621E+02
    120100,      0.676942,CP8_after_OBC,   1,    0.0000000000E+00,    1.3694107621E+02,    1.3694107621E+02,    0.0000000000E+00,    0.0000000000E+00,    0.0000000000E+00,    1.3694107621E+02
    120100,      0.676942,CP9_after_PTsource,   1,    0.0000000000E+00,    1.3694107621E+02,    1.3694107621E+02,    0.0000000000E+00,    0.0000000000E+00,    0.0000000000E+00,    1.3694107621E+02
    120100,      0.676942,CP10_after_neg_clamp,   1,    0.0000000000E+00,    1.3694107621E+02,    1.3694107621E+02,    0.0000000000E+00,    0.0000000000E+00,    0.0000000000E+00,    1.3694107621E+02
    120100,      0.676942,CP11_after_MPI,   1,    0.0000000000E+00,    1.3694107621E+02,    1.3694107621E+02,    0.0000000000E+00,    0.0000000000E+00,    0.0000000000E+00,    1.3694107621E+02
    120100,      0.676942,CP12_end,   1,    0.0000000000E+00,    1.3694107621E+02,    1.3694107621E+02,    0.0000000000E+00,    0.0000000000E+00,    0.0000000000E+00,    1.3694107621E+02
    120150,      0.676942,CP0_start,   1,    0.0000000000E+00,    1.3703090002E+02,    1.3703090002E+02,    0.0000000000E+00,    0.0000000000E+00,    0.0000000000E+00,    1.3703090002E+02
    120150,      0.676942,CP1_after_deposition,   1,    0.0000000000E+00,    1.3703090002E+02,    1.3703090002E+02,    0.0000000000E+00,    0.0000000000E+00,    0.0000000000E+00,    1.3703090002E+02
    120150,      0.676942,CP2_after_erosion,   1,    0.0000000000E+00,    1.3703090002E+02,    1.3703090002E+02,    0.0000000000E+00,    0.0000000000E+00,    0.0000000000E+00,    1.3703090002E+02
    120150,      0.676942,CP3_after_update_bottom,   1,    0.0000000000E+00,    1.3703090002E+02,    1.3703090002E+02,    0.0000000000E+00,    0.0000000000E+00,    0.0000000000E+00,    1.3703090002E+02
    120150,      0.676942,CP4_after_advection,   1,    0.0000000000E+00,    1.3703699079E+02,    1.3703699079E+02,    0.0000000000E+00,    0.0000000000E+00,    0.0000000000E+00,    1.3703699079E+02
    120150,      0.676942,CP5_after_vdif,   1,    0.0000000000E+00,    1.3703699079E+02,    1.3703699079E+02,    0.0000000000E+00,    0.0000000000E+00,    0.0000000000E+00,    1.3703699079E+02
    120150,      0.676942,CP6_after_kinetics,   1,    0.0000000000E+00,    1.3703699079E+02,    1.3703699079E+02,    0.0000000000E+00,    0.0000000000E+00,    0.0000000000E+00,    1.3703699079E+02
    120150,      0.676942,CP7_after_upper_clamp,   1,    0.0000000000E+00,    1.3703699079E+02,    1.3703699079E+02,    0.0000000000E+00,    0.0000000000E+00,    0.0000000000E+00,    1.3703699079E+02
    120150,      0.676942,CP8_after_OBC,   1,    0.0000000000E+00,    1.3703699079E+02,    1.3703699079E+02,    0.0000000000E+00,    0.0000000000E+00,    0.0000000000E+00,    1.3703699079E+02
    120150,      0.676942,CP9_after_PTsource,   1,    0.0000000000E+00,    1.3703699079E+02,    1.3703699079E+02,    0.0000000000E+00,    0.0000000000E+00,    0.0000000000E+00,    1.3703699079E+02
    120150,      0.676942,CP10_after_neg_clamp,   1,    0.0000000000E+00,    1.3703699079E+02,    1.3703699079E+02,    0.0000000000E+00,    0.0000000000E+00,    0.0000000000E+00,    1.3703699079E+02
    120150,      0.676942,CP11_after_MPI,   1,    0.0000000000E+00,    1.3703699079E+02,    1.3703699079E+02,    0.0000000000E+00,    0.0000000000E+00,    0.0000000000E+00,    1.3703699079E+02
    120150,      0.676942,CP12_end,   1,    0.0000000000E+00,    1.3703699079E+02,    1.3703699079E+02,    0.0000000000E+00,    0.0000000000E+00,    0.0000000000E+00,    1.3703699079E+02
    120200,      0.676942,CP0_start,   1,    0.0000000000E+00,    1.3712709400E+02,    1.3712709400E+02,    0.0000000000E+00,    0.0000000000E+00,    0.0000000000E+00,    1.3712709400E+02
    120200,      0.676942,CP1_after_deposition,   1,    0.0000000000E+00,    1.3712709400E+02,    1.3712709400E+02,    0.0000000000E+00,    0.0000000000E+00,    0.0000000000E+00,    1.3712709400E+02
    120200,      0.676942,CP2_after_erosion,   1,    0.0000000000E+00,    1.3712709400E+02,    1.3712709400E+02,    0.0000000000E+00,    0.0000000000E+00,    0.0000000000E+00,    1.3712709400E+02
    120200,      0.676942,CP3_after_update_bottom,   1,    0.0000000000E+00,    1.3712709400E+02,    1.3712709400E+02,    0.0000000000E+00,    0.0000000000E+00,    0.0000000000E+00,    1.3712709400E+02
    120200,      0.676942,CP4_after_advection,   1,    0.0000000000E+00,    1.3713328756E+02,    1.3713328756E+02,    0.0000000000E+00,    0.0000000000E+00,    0.0000000000E+00,    1.3713328756E+02
    120200,      0.676942,CP5_after_vdif,   1,    0.0000000000E+00,    1.3713328756E+02,    1.3713328756E+02,    0.0000000000E+00,    0.0000000000E+00,    0.0000000000E+00,    1.3713328756E+02
    120200,      0.676942,CP6_after_kinetics,   1,    0.0000000000E+00,    1.3713328756E+02,    1.3713328756E+02,    0.0000000000E+00,    0.0000000000E+00,    0.0000000000E+00,    1.3713328756E+02
    120200,      0.676942,CP7_after_upper_clamp,   1,    0.0000000000E+00,    1.3713328756E+02,    1.3713328756E+02,    0.0000000000E+00,    0.0000000000E+00,    0.0000000000E+00,    1.3713328756E+02
    120200,      0.676942,CP8_after_OBC,   1,    0.0000000000E+00,    1.3713328756E+02,    1.3713328756E+02,    0.0000000000E+00,    0.0000000000E+00,    0.0000000000E+00,    1.3713328756E+02
    120200,      0.676942,CP9_after_PTsource,   1,    0.0000000000E+00,    1.3713328756E+02,    1.3713328756E+02,    0.0000000000E+00,    0.0000000000E+00,    0.0000000000E+00,    1.3713328756E+02
    120200,      0.676942,CP10_after_neg_clamp,   1,    0.0000000000E+00,    1.3713328756E+02,    1.3713328756E+02,    0.0000000000E+00,    0.0000000000E+00,    0.0000000000E+00,    1.3713328756E+02
    120200,      0.676942,CP11_after_MPI,   1,    0.0000000000E+00,    1.3713328756E+02,    1.3713328756E+02,    0.0000000000E+00,    0.0000000000E+00,    0.0000000000E+00,    1.3713328756E+02
    120200,      0.676942,CP12_end,   1,    0.0000000000E+00,    1.3713328756E+02,    1.3713328756E+02,    0.0000000000E+00,    0.0000000000E+00,    0.0000000000E+00,    1.3713328756E+02
    120250,      0.676942,CP0_start,   1,    0.0000000000E+00,    1.3722461036E+02,    1.3722461036E+02,    0.0000000000E+00,    0.0000000000E+00,    0.0000000000E+00,    1.3722461036E+02
    120250,      0.676942,CP1_after_deposition,   1,    0.0000000000E+00,    1.3722461036E+02,    1.3722461036E+02,    0.0000000000E+00,    0.0000000000E+00,    0.0000000000E+00,    1.3722461036E+02
    120250,      0.676942,CP2_after_erosion,   1,    0.0000000000E+00,    1.3722461036E+02,    1.3722461036E+02,    0.0000000000E+00,    0.0000000000E+00,    0.0000000000E+00,    1.3722461036E+02
    120250,      0.676942,CP3_after_update_bottom,   1,    0.0000000000E+00,    1.3722461036E+02,    1.3722461036E+02,    0.0000000000E+00,    0.0000000000E+00,    0.0000000000E+00,    1.3722461036E+02
    120250,      0.676942,CP4_after_advection,   1,    0.0000000000E+00,    1.3723092349E+02,    1.3723092349E+02,    0.0000000000E+00,    0.0000000000E+00,    0.0000000000E+00,    1.3723092349E+02
    120250,      0.676942,CP5_after_vdif,   1,    0.0000000000E+00,    1.3723092349E+02,    1.3723092349E+02,    0.0000000000E+00,    0.0000000000E+00,    0.0000000000E+00,    1.3723092349E+02
    120250,      0.676942,CP6_after_kinetics,   1,    0.0000000000E+00,    1.3723092349E+02,    1.3723092349E+02,    0.0000000000E+00,    0.0000000000E+00,    0.0000000000E+00,    1.3723092349E+02
    120250,      0.676942,CP7_after_upper_clamp,   1,    0.0000000000E+00,    1.3723092349E+02,    1.3723092349E+02,    0.0000000000E+00,    0.0000000000E+00,    0.0000000000E+00,    1.3723092349E+02
    120250,      0.676942,CP8_after_OBC,   1,    0.0000000000E+00,    1.3723092349E+02,    1.3723092349E+02,    0.0000000000E+00,    0.0000000000E+00,    0.0000000000E+00,    1.3723092349E+02
    120250,      0.676942,CP9_after_PTsource,   1,    0.0000000000E+00,    1.3723092349E+02,    1.3723092349E+02,    0.0000000000E+00,    0.0000000000E+00,    0.0000000000E+00,    1.3723092349E+02
    120250,      0.676942,CP10_after_neg_clamp,   1,    0.0000000000E+00,    1.3723092349E+02,    1.3723092349E+02,    0.0000000000E+00,    0.0000000000E+00,    0.0000000000E+00,    1.3723092349E+02
    120250,      0.676942,CP11_after_MPI,   1,    0.0000000000E+00,    1.3723092349E+02,    1.3723092349E+02,    0.0000000000E+00,    0.0000000000E+00,    0.0000000000E+00,    1.3723092349E+02
    120250,      0.676942,CP12_end,   1,    0.0000000000E+00,    1.3723092349E+02,    1.3723092349E+02,    0.0000000000E+00,    0.0000000000E+00,    0.0000000000E+00,    1.3723092349E+02
    120300,      0.676942,CP0_start,   1,    0.0000000000E+00,    1.3732450445E+02,    1.3732450445E+02,    0.0000000000E+00,    0.0000000000E+00,    0.0000000000E+00,    1.3732450445E+02
    120300,      0.676942,CP1_after_deposition,   1,    0.0000000000E+00,    1.3732450445E+02,    1.3732450445E+02,    0.0000000000E+00,    0.0000000000E+00,    0.0000000000E+00,    1.3732450445E+02
    120300,      0.676942,CP2_after_erosion,   1,    0.0000000000E+00,    1.3732450445E+02,    1.3732450445E+02,    0.0000000000E+00,    0.0000000000E+00,    0.0000000000E+00,    1.3732450445E+02
    120300,      0.676942,CP3_after_update_bottom,   1,    0.0000000000E+00,    1.3732450445E+02,    1.3732450445E+02,    0.0000000000E+00,    0.0000000000E+00,    0.0000000000E+00,    1.3732450445E+02
    120300,      0.676942,CP4_after_advection,   1,    0.0000000000E+00,    1.3733095078E+02,    1.3733095078E+02,    0.0000000000E+00,    0.0000000000E+00,    0.0000000000E+00,    1.3733095078E+02
    120300,      0.676942,CP5_after_vdif,   1,    0.0000000000E+00,    1.3733095078E+02,    1.3733095078E+02,    0.0000000000E+00,    0.0000000000E+00,    0.0000000000E+00,    1.3733095078E+02
    120300,      0.676942,CP6_after_kinetics,   1,    0.0000000000E+00,    1.3733095078E+02,    1.3733095078E+02,    0.0000000000E+00,    0.0000000000E+00,    0.0000000000E+00,    1.3733095078E+02
    120300,      0.676942,CP7_after_upper_clamp,   1,    0.0000000000E+00,    1.3733095078E+02,    1.3733095078E+02,    0.0000000000E+00,    0.0000000000E+00,    0.0000000000E+00,    1.3733095078E+02
    120300,      0.676942,CP8_after_OBC,   1,    0.0000000000E+00,    1.3733095078E+02,    1.3733095078E+02,    0.0000000000E+00,    0.0000000000E+00,    0.0000000000E+00,    1.3733095078E+02
    120300,      0.676942,CP9_after_PTsource,   1,    0.0000000000E+00,    1.3733095078E+02,    1.3733095078E+02,    0.0000000000E+00,    0.0000000000E+00,    0.0000000000E+00,    1.3733095078E+02
    120300,      0.676942,CP10_after_neg_clamp,   1,    0.0000000000E+00,    1.3733095078E+02,    1.3733095078E+02,    0.0000000000E+00,    0.0000000000E+00,    0.0000000000E+00,    1.3733095078E+02
    120300,      0.676942,CP11_after_MPI,   1,    0.0000000000E+00,    1.3733095078E+02,    1.3733095078E+02,    0.0000000000E+00,    0.0000000000E+00,    0.0000000000E+00,    1.3733095078E+02
    120300,      0.676942,CP12_end,   1,    0.0000000000E+00,    1.3733095078E+02,    1.3733095078E+02,    0.0000000000E+00,    0.0000000000E+00,    0.0000000000E+00,    1.3733095078E+02
    120350,      0.676942,CP0_start,   1,    0.0000000000E+00,    1.3742737770E+02,    1.3742737770E+02,    0.0000000000E+00,    0.0000000000E+00,    0.0000000000E+00,    1.3742737770E+02
    120350,      0.676942,CP1_after_deposition,   1,    0.0000000000E+00,    1.3742737770E+02,    1.3742737770E+02,    0.0000000000E+00,    0.0000000000E+00,    0.0000000000E+00,    1.3742737770E+02
    120350,      0.676942,CP2_after_erosion,   1,    0.0000000000E+00,    1.3742737770E+02,    1.3742737770E+02,    0.0000000000E+00,    0.0000000000E+00,    0.0000000000E+00,    1.3742737770E+02
    120350,      0.676942,CP3_after_update_bottom,   1,    0.0000000000E+00,    1.3742737770E+02,    1.3742737770E+02,    0.0000000000E+00,    0.0000000000E+00,    0.0000000000E+00,    1.3742737770E+02
    120350,      0.676942,CP4_after_advection,   1,    0.0000000000E+00,    1.3743395839E+02,    1.3743395839E+02,    0.0000000000E+00,    0.0000000000E+00,    0.0000000000E+00,    1.3743395839E+02
    120350,      0.676942,CP5_after_vdif,   1,    0.0000000000E+00,    1.3743395839E+02,    1.3743395839E+02,    0.0000000000E+00,    0.0000000000E+00,    0.0000000000E+00,    1.3743395839E+02
    120350,      0.676942,CP6_after_kinetics,   1,    0.0000000000E+00,    1.3743395839E+02,    1.3743395839E+02,    0.0000000000E+00,    0.0000000000E+00,    0.0000000000E+00,    1.3743395839E+02
    120350,      0.676942,CP7_after_upper_clamp,   1,    0.0000000000E+00,    1.3743395839E+02,    1.3743395839E+02,    0.0000000000E+00,    0.0000000000E+00,    0.0000000000E+00,    1.3743395839E+02
    120350,      0.676942,CP8_after_OBC,   1,    0.0000000000E+00,    1.3743395839E+02,    1.3743395839E+02,    0.0000000000E+00,    0.0000000000E+00,    0.0000000000E+00,    1.3743395839E+02
    120350,      0.676942,CP9_after_PTsource,   1,    0.0000000000E+00,    1.3743395839E+02,    1.3743395839E+02,    0.0000000000E+00,    0.0000000000E+00,    0.0000000000E+00,    1.3743395839E+02
    120350,      0.676942,CP10_after_neg_clamp,   1,    0.0000000000E+00,    1.3743395839E+02,    1.3743395839E+02,    0.0000000000E+00,    0.0000000000E+00,    0.0000000000E+00,    1.3743395839E+02
    120350,      0.676942,CP11_after_MPI,   1,    0.0000000000E+00,    1.3743395839E+02,    1.3743395839E+02,    0.0000000000E+00,    0.0000000000E+00,    0.0000000000E+00,    1.3743395839E+02
    120350,      0.676942,CP12_end,   1,    0.0000000000E+00,    1.3743395839E+02,    1.3743395839E+02,    0.0000000000E+00,    0.0000000000E+00,    0.0000000000E+00,    1.3743395839E+02
    120400,      0.676942,CP0_start,   1,    0.0000000000E+00,    1.3753326553E+02,    1.3753326553E+02,    0.0000000000E+00,    0.0000000000E+00,    0.0000000000E+00,    1.3753326553E+02
    120400,      0.676942,CP1_after_deposition,   1,    0.0000000000E+00,    1.3753326553E+02,    1.3753326553E+02,    0.0000000000E+00,    0.0000000000E+00,    0.0000000000E+00,    1.3753326553E+02
    120400,      0.676942,CP2_after_erosion,   1,    0.0000000000E+00,    1.3753326553E+02,    1.3753326553E+02,    0.0000000000E+00,    0.0000000000E+00,    0.0000000000E+00,    1.3753326553E+02
    120400,      0.676942,CP3_after_update_bottom,   1,    0.0000000000E+00,    1.3753326553E+02,    1.3753326553E+02,    0.0000000000E+00,    0.0000000000E+00,    0.0000000000E+00,    1.3753326553E+02
    120400,      0.676942,CP4_after_advection,   1,    0.0000000000E+00,    1.3753997400E+02,    1.3753997400E+02,    0.0000000000E+00,    0.0000000000E+00,    0.0000000000E+00,    1.3753997400E+02
    120400,      0.676942,CP5_after_vdif,   1,    0.0000000000E+00,    1.3753997400E+02,    1.3753997400E+02,    0.0000000000E+00,    0.0000000000E+00,    0.0000000000E+00,    1.3753997400E+02
    120400,      0.676942,CP6_after_kinetics,   1,    0.0000000000E+00,    1.3753997400E+02,    1.3753997400E+02,    0.0000000000E+00,    0.0000000000E+00,    0.0000000000E+00,    1.3753997400E+02
    120400,      0.676942,CP7_after_upper_clamp,   1,    0.0000000000E+00,    1.3753997400E+02,    1.3753997400E+02,    0.0000000000E+00,    0.0000000000E+00,    0.0000000000E+00,    1.3753997400E+02
    120400,      0.676942,CP8_after_OBC,   1,    0.0000000000E+00,    1.3753997400E+02,    1.3753997400E+02,    0.0000000000E+00,    0.0000000000E+00,    0.0000000000E+00,    1.3753997400E+02
    120400,      0.676942,CP9_after_PTsource,   1,    0.0000000000E+00,    1.3753997400E+02,    1.3753997400E+02,    0.0000000000E+00,    0.0000000000E+00,    0.0000000000E+00,    1.3753997400E+02
    120400,      0.676942,CP10_after_neg_clamp,   1,    0.0000000000E+00,    1.3753997400E+02,    1.3753997400E+02,    0.0000000000E+00,    0.0000000000E+00,    0.0000000000E+00,    1.3753997400E+02
    120400,      0.676942,CP11_after_MPI,   1,    0.0000000000E+00,    1.3753997400E+02,    1.3753997400E+02,    0.0000000000E+00,    0.0000000000E+00,    0.0000000000E+00,    1.3753997400E+02
    120400,      0.676942,CP12_end,   1,    0.0000000000E+00,    1.3753997400E+02,    1.3753997400E+02,    0.0000000000E+00,    0.0000000000E+00,    0.0000000000E+00,    1.3753997400E+02
    120450,      0.676942,CP0_start,   1,    0.0000000000E+00,    1.3764158959E+02,    1.3764158959E+02,    0.0000000000E+00,    0.0000000000E+00,    0.0000000000E+00,    1.3764158959E+02
    120450,      0.676942,CP1_after_deposition,   1,    0.0000000000E+00,    1.3764158959E+02,    1.3764158959E+02,    0.0000000000E+00,    0.0000000000E+00,    0.0000000000E+00,    1.3764158959E+02
    120450,      0.676942,CP2_after_erosion,   1,    0.0000000000E+00,    1.3764158959E+02,    1.3764158959E+02,    0.0000000000E+00,    0.0000000000E+00,    0.0000000000E+00,    1.3764158959E+02
    120450,      0.676942,CP3_after_update_bottom,   1,    0.0000000000E+00,    1.3764158959E+02,    1.3764158959E+02,    0.0000000000E+00,    0.0000000000E+00,    0.0000000000E+00,    1.3764158959E+02
    120450,      0.676942,CP4_after_advection,   1,    0.0000000000E+00,    1.3764840440E+02,    1.3764840440E+02,    0.0000000000E+00,    0.0000000000E+00,    0.0000000000E+00,    1.3764840440E+02
    120450,      0.676942,CP5_after_vdif,   1,    0.0000000000E+00,    1.3764840440E+02,    1.3764840440E+02,    0.0000000000E+00,    0.0000000000E+00,    0.0000000000E+00,    1.3764840440E+02
    120450,      0.676942,CP6_after_kinetics,   1,    0.0000000000E+00,    1.3764840440E+02,    1.3764840440E+02,    0.0000000000E+00,    0.0000000000E+00,    0.0000000000E+00,    1.3764840440E+02
    120450,      0.676942,CP7_after_upper_clamp,   1,    0.0000000000E+00,    1.3764840440E+02,    1.3764840440E+02,    0.0000000000E+00,    0.0000000000E+00,    0.0000000000E+00,    1.3764840440E+02
    120450,      0.676942,CP8_after_OBC,   1,    0.0000000000E+00,    1.3764840440E+02,    1.3764840440E+02,    0.0000000000E+00,    0.0000000000E+00,    0.0000000000E+00,    1.3764840440E+02
    120450,      0.676942,CP9_after_PTsource,   1,    0.0000000000E+00,    1.3764840440E+02,    1.3764840440E+02,    0.0000000000E+00,    0.0000000000E+00,    0.0000000000E+00,    1.3764840440E+02
    120450,      0.676942,CP10_after_neg_clamp,   1,    0.0000000000E+00,    1.3764840440E+02,    1.3764840440E+02,    0.0000000000E+00,    0.0000000000E+00,    0.0000000000E+00,    1.3764840440E+02
    120450,      0.676942,CP11_after_MPI,   1,    0.0000000000E+00,    1.3764840440E+02,    1.3764840440E+02,    0.0000000000E+00,    0.0000000000E+00,    0.0000000000E+00,    1.3764840440E+02
    120450,      0.676942,CP12_end,   1,    0.0000000000E+00,    1.3764840440E+02,    1.3764840440E+02,    0.0000000000E+00,    0.0000000000E+00,    0.0000000000E+00,    1.3764840440E+02
    120500,      0.676942,CP0_start,   1,    0.0000000000E+00,    1.3775127720E+02,    1.3775127720E+02,    0.0000000000E+00,    0.0000000000E+00,    0.0000000000E+00,    1.3775127720E+02
    120500,      0.676942,CP1_after_deposition,   1,    0.0000000000E+00,    1.3775127720E+02,    1.3775127720E+02,    0.0000000000E+00,    0.0000000000E+00,    0.0000000000E+00,    1.3775127720E+02
    120500,      0.676942,CP2_after_erosion,   1,    0.0000000000E+00,    1.3775127720E+02,    1.3775127720E+02,    0.0000000000E+00,    0.0000000000E+00,    0.0000000000E+00,    1.3775127720E+02
    120500,      0.676942,CP3_after_update_bottom,   1,    0.0000000000E+00,    1.3775127720E+02,    1.3775127720E+02,    0.0000000000E+00,    0.0000000000E+00,    0.0000000000E+00,    1.3775127720E+02
    120500,      0.676942,CP4_after_advection,   1,    0.0000000000E+00,    1.3775816705E+02,    1.3775816705E+02,    0.0000000000E+00,    0.0000000000E+00,    0.0000000000E+00,    1.3775816705E+02
    120500,      0.676942,CP5_after_vdif,   1,    0.0000000000E+00,    1.3775816705E+02,    1.3775816705E+02,    0.0000000000E+00,    0.0000000000E+00,    0.0000000000E+00,    1.3775816705E+02
    120500,      0.676942,CP6_after_kinetics,   1,    0.0000000000E+00,    1.3775816705E+02,    1.3775816705E+02,    0.0000000000E+00,    0.0000000000E+00,    0.0000000000E+00,    1.3775816705E+02
    120500,      0.676942,CP7_after_upper_clamp,   1,    0.0000000000E+00,    1.3775816705E+02,    1.3775816705E+02,    0.0000000000E+00,    0.0000000000E+00,    0.0000000000E+00,    1.3775816705E+02
    120500,      0.676942,CP8_after_OBC,   1,    0.0000000000E+00,    1.3775816705E+02,    1.3775816705E+02,    0.0000000000E+00,    0.0000000000E+00,    0.0000000000E+00,    1.3775816705E+02
    120500,      0.676942,CP9_after_PTsource,   1,    0.0000000000E+00,    1.3775816705E+02,    1.3775816705E+02,    0.0000000000E+00,    0.0000000000E+00,    0.0000000000E+00,    1.3775816705E+02
    120500,      0.676942,CP10_after_neg_clamp,   1,    0.0000000000E+00,    1.3775816705E+02,    1.3775816705E+02,    0.0000000000E+00,    0.0000000000E+00,    0.0000000000E+00,    1.3775816705E+02
    120500,      0.676942,CP11_after_MPI,   1,    0.0000000000E+00,    1.3775816705E+02,    1.3775816705E+02,    0.0000000000E+00,    0.0000000000E+00,    0.0000000000E+00,    1.3775816705E+02
    120500,      0.676942,CP12_end,   1,    0.0000000000E+00,    1.3775816705E+02,    1.3775816705E+02,    0.0000000000E+00,    0.0000000000E+00,    0.0000000000E+00,    1.3775816705E+02
    120550,      0.676942,CP0_start,   1,    0.0000000000E+00,    1.3786107238E+02,    1.3786107238E+02,    0.0000000000E+00,    0.0000000000E+00,    0.0000000000E+00,    1.3786107238E+02
    120550,      0.676942,CP1_after_deposition,   1,    0.0000000000E+00,    1.3786107238E+02,    1.3786107238E+02,    0.0000000000E+00,    0.0000000000E+00,    0.0000000000E+00,    1.3786107238E+02
    120550,      0.676942,CP2_after_erosion,   1,    0.0000000000E+00,    1.3786107238E+02,    1.3786107238E+02,    0.0000000000E+00,    0.0000000000E+00,    0.0000000000E+00,    1.3786107238E+02
    120550,      0.676942,CP3_after_update_bottom,   1,    0.0000000000E+00,    1.3786107238E+02,    1.3786107238E+02,    0.0000000000E+00,    0.0000000000E+00,    0.0000000000E+00,    1.3786107238E+02
    120550,      0.676942,CP4_after_advection,   1,    0.0000000000E+00,    1.3786801426E+02,    1.3786801426E+02,    0.0000000000E+00,    0.0000000000E+00,    0.0000000000E+00,    1.3786801426E+02
    120550,      0.676942,CP5_after_vdif,   1,    0.0000000000E+00,    1.3786801426E+02,    1.3786801426E+02,    0.0000000000E+00,    0.0000000000E+00,    0.0000000000E+00,    1.3786801426E+02
    120550,      0.676942,CP6_after_kinetics,   1,    0.0000000000E+00,    1.3786801426E+02,    1.3786801426E+02,    0.0000000000E+00,    0.0000000000E+00,    0.0000000000E+00,    1.3786801426E+02
    120550,      0.676942,CP7_after_upper_clamp,   1,    0.0000000000E+00,    1.3786801426E+02,    1.3786801426E+02,    0.0000000000E+00,    0.0000000000E+00,    0.0000000000E+00,    1.3786801426E+02
    120550,      0.676942,CP8_after_OBC,   1,    0.0000000000E+00,    1.3786801426E+02,    1.3786801426E+02,    0.0000000000E+00,    0.0000000000E+00,    0.0000000000E+00,    1.3786801426E+02
    120550,      0.676942,CP9_after_PTsource,   1,    0.0000000000E+00,    1.3786801426E+02,    1.3786801426E+02,    0.0000000000E+00,    0.0000000000E+00,    0.0000000000E+00,    1.3786801426E+02
    120550,      0.676942,CP10_after_neg_clamp,   1,    0.0000000000E+00,    1.3786801426E+02,    1.3786801426E+02,    0.0000000000E+00,    0.0000000000E+00,    0.0000000000E+00,    1.3786801426E+02
    120550,      0.676942,CP11_after_MPI,   1,    0.0000000000E+00,    1.3786801426E+02,    1.3786801426E+02,    0.0000000000E+00,    0.0000000000E+00,    0.0000000000E+00,    1.3786801426E+02
    120550,      0.676942,CP12_end,   1,    0.0000000000E+00,    1.3786801426E+02,    1.3786801426E+02,    0.0000000000E+00,    0.0000000000E+00,    0.0000000000E+00,    1.3786801426E+02
    120600,      0.676942,CP0_start,   1,    0.0000000000E+00,    1.3797020751E+02,    1.3797020751E+02,    0.0000000000E+00,    0.0000000000E+00,    0.0000000000E+00,    1.3797020751E+02
    120600,      0.676942,CP1_after_deposition,   1,    0.0000000000E+00,    1.3797020751E+02,    1.3797020751E+02,    0.0000000000E+00,    0.0000000000E+00,    0.0000000000E+00,    1.3797020751E+02
    120600,      0.676942,CP2_after_erosion,   1,    0.0000000000E+00,    1.3797020751E+02,    1.3797020751E+02,    0.0000000000E+00,    0.0000000000E+00,    0.0000000000E+00,    1.3797020751E+02
    120600,      0.676942,CP3_after_update_bottom,   1,    0.0000000000E+00,    1.3797020751E+02,    1.3797020751E+02,    0.0000000000E+00,    0.0000000000E+00,    0.0000000000E+00,    1.3797020751E+02
    120600,      0.676942,CP4_after_advection,   1,    0.0000000000E+00,    1.3797719091E+02,    1.3797719091E+02,    0.0000000000E+00,    0.0000000000E+00,    0.0000000000E+00,    1.3797719091E+02
    120600,      0.676942,CP5_after_vdif,   1,    0.0000000000E+00,    1.3797719091E+02,    1.3797719091E+02,    0.0000000000E+00,    0.0000000000E+00,    0.0000000000E+00,    1.3797719091E+02
    120600,      0.676942,CP6_after_kinetics,   1,    0.0000000000E+00,    1.3797719091E+02,    1.3797719091E+02,    0.0000000000E+00,    0.0000000000E+00,    0.0000000000E+00,    1.3797719091E+02
    120600,      0.676942,CP7_after_upper_clamp,   1,    0.0000000000E+00,    1.3797719091E+02,    1.3797719091E+02,    0.0000000000E+00,    0.0000000000E+00,    0.0000000000E+00,    1.3797719091E+02
    120600,      0.676942,CP8_after_OBC,   1,    0.0000000000E+00,    1.3797719091E+02,    1.3797719091E+02,    0.0000000000E+00,    0.0000000000E+00,    0.0000000000E+00,    1.3797719091E+02
    120600,      0.676942,CP9_after_PTsource,   1,    0.0000000000E+00,    1.3797719091E+02,    1.3797719091E+02,    0.0000000000E+00,    0.0000000000E+00,    0.0000000000E+00,    1.3797719091E+02
    120600,      0.676942,CP10_after_neg_clamp,   1,    0.0000000000E+00,    1.3797719091E+02,    1.3797719091E+02,    0.0000000000E+00,    0.0000000000E+00,    0.0000000000E+00,    1.3797719091E+02
    120600,      0.676942,CP11_after_MPI,   1,    0.0000000000E+00,    1.3797719091E+02,    1.3797719091E+02,    0.0000000000E+00,    0.0000000000E+00,    0.0000000000E+00,    1.3797719091E+02
    120600,      0.676942,CP12_end,   1,    0.0000000000E+00,    1.3797719091E+02,    1.3797719091E+02,    0.0000000000E+00,    0.0000000000E+00,    0.0000000000E+00,    1.3797719091E+02
    120650,      0.676942,CP0_start,   1,    0.0000000000E+00,    1.3807847933E+02,    1.3807847933E+02,    0.0000000000E+00,    0.0000000000E+00,    0.0000000000E+00,    1.3807847933E+02
    120650,      0.676942,CP1_after_deposition,   1,    0.0000000000E+00,    1.3807847933E+02,    1.3807847933E+02,    0.0000000000E+00,    0.0000000000E+00,    0.0000000000E+00,    1.3807847933E+02
    120650,      0.676942,CP2_after_erosion,   1,    0.0000000000E+00,    1.3807847933E+02,    1.3807847933E+02,    0.0000000000E+00,    0.0000000000E+00,    0.0000000000E+00,    1.3807847933E+02
    120650,      0.676942,CP3_after_update_bottom,   1,    0.0000000000E+00,    1.3807847933E+02,    1.3807847933E+02,    0.0000000000E+00,    0.0000000000E+00,    0.0000000000E+00,    1.3807847933E+02
    120650,      0.676942,CP4_after_advection,   1,    0.0000000000E+00,    1.3808549895E+02,    1.3808549895E+02,    0.0000000000E+00,    0.0000000000E+00,    0.0000000000E+00,    1.3808549895E+02
    120650,      0.676942,CP5_after_vdif,   1,    0.0000000000E+00,    1.3808549895E+02,    1.3808549895E+02,    0.0000000000E+00,    0.0000000000E+00,    0.0000000000E+00,    1.3808549895E+02
    120650,      0.676942,CP6_after_kinetics,   1,    0.0000000000E+00,    1.3808549895E+02,    1.3808549895E+02,    0.0000000000E+00,    0.0000000000E+00,    0.0000000000E+00,    1.3808549895E+02
    120650,      0.676942,CP7_after_upper_clamp,   1,    0.0000000000E+00,    1.3808549895E+02,    1.3808549895E+02,    0.0000000000E+00,    0.0000000000E+00,    0.0000000000E+00,    1.3808549895E+02
    120650,      0.676942,CP8_after_OBC,   1,    0.0000000000E+00,    1.3808549895E+02,    1.3808549895E+02,    0.0000000000E+00,    0.0000000000E+00,    0.0000000000E+00,    1.3808549895E+02
    120650,      0.676942,CP9_after_PTsource,   1,    0.0000000000E+00,    1.3808549895E+02,    1.3808549895E+02,    0.0000000000E+00,    0.0000000000E+00,    0.0000000000E+00,    1.3808549895E+02
    120650,      0.676942,CP10_after_neg_clamp,   1,    0.0000000000E+00,    1.3808549895E+02,    1.3808549895E+02,    0.0000000000E+00,    0.0000000000E+00,    0.0000000000E+00,    1.3808549895E+02
    120650,      0.676942,CP11_after_MPI,   1,    0.0000000000E+00,    1.3808549895E+02,    1.3808549895E+02,    0.0000000000E+00,    0.0000000000E+00,    0.0000000000E+00,    1.3808549895E+02
    120650,      0.676942,CP12_end,   1,    0.0000000000E+00,    1.3808549895E+02,    1.3808549895E+02,    0.0000000000E+00,    0.0000000000E+00,    0.0000000000E+00,    1.3808549895E+02
    120700,      0.676942,CP0_start,   1,    0.0000000000E+00,    1.3818603660E+02,    1.3818603660E+02,    0.0000000000E+00,    0.0000000000E+00,    0.0000000000E+00,    1.3818603660E+02
    120700,      0.676942,CP1_after_deposition,   1,    0.0000000000E+00,    1.3818603660E+02,    1.3818603660E+02,    0.0000000000E+00,    0.0000000000E+00,    0.0000000000E+00,    1.3818603660E+02
    120700,      0.676942,CP2_after_erosion,   1,    0.0000000000E+00,    1.3818603660E+02,    1.3818603660E+02,    0.0000000000E+00,    0.0000000000E+00,    0.0000000000E+00,    1.3818603660E+02
    120700,      0.676942,CP3_after_update_bottom,   1,    0.0000000000E+00,    1.3818603660E+02,    1.3818603660E+02,    0.0000000000E+00,    0.0000000000E+00,    0.0000000000E+00,    1.3818603660E+02
    120700,      0.676942,CP4_after_advection,   1,    0.0000000000E+00,    1.3819309613E+02,    1.3819309613E+02,    0.0000000000E+00,    0.0000000000E+00,    0.0000000000E+00,    1.3819309613E+02
    120700,      0.676942,CP5_after_vdif,   1,    0.0000000000E+00,    1.3819309613E+02,    1.3819309613E+02,    0.0000000000E+00,    0.0000000000E+00,    0.0000000000E+00,    1.3819309613E+02
    120700,      0.676942,CP6_after_kinetics,   1,    0.0000000000E+00,    1.3819309613E+02,    1.3819309613E+02,    0.0000000000E+00,    0.0000000000E+00,    0.0000000000E+00,    1.3819309613E+02
    120700,      0.676942,CP7_after_upper_clamp,   1,    0.0000000000E+00,    1.3819309613E+02,    1.3819309613E+02,    0.0000000000E+00,    0.0000000000E+00,    0.0000000000E+00,    1.3819309613E+02
    120700,      0.676942,CP8_after_OBC,   1,    0.0000000000E+00,    1.3819309613E+02,    1.3819309613E+02,    0.0000000000E+00,    0.0000000000E+00,    0.0000000000E+00,    1.3819309613E+02
    120700,      0.676942,CP9_after_PTsource,   1,    0.0000000000E+00,    1.3819309613E+02,    1.3819309613E+02,    0.0000000000E+00,    0.0000000000E+00,    0.0000000000E+00,    1.3819309613E+02
    120700,      0.676942,CP10_after_neg_clamp,   1,    0.0000000000E+00,    1.3819309613E+02,    1.3819309613E+02,    0.0000000000E+00,    0.0000000000E+00,    0.0000000000E+00,    1.3819309613E+02
    120700,      0.676942,CP11_after_MPI,   1,    0.0000000000E+00,    1.3819309613E+02,    1.3819309613E+02,    0.0000000000E+00,    0.0000000000E+00,    0.0000000000E+00,    1.3819309613E+02
    120700,      0.676942,CP12_end,   1,    0.0000000000E+00,    1.3819309613E+02,    1.3819309613E+02,    0.0000000000E+00,    0.0000000000E+00,    0.0000000000E+00,    1.3819309613E+02
    120750,      0.676942,CP0_start,   1,    0.0000000000E+00,    1.3829336344E+02,    1.3829336344E+02,    0.0000000000E+00,    0.0000000000E+00,    0.0000000000E+00,    1.3829336344E+02
    120750,      0.676942,CP1_after_deposition,   1,    0.0000000000E+00,    1.3829336344E+02,    1.3829336344E+02,    0.0000000000E+00,    0.0000000000E+00,    0.0000000000E+00,    1.3829336344E+02
    120750,      0.676942,CP2_after_erosion,   1,    0.0000000000E+00,    1.3829336344E+02,    1.3829336344E+02,    0.0000000000E+00,    0.0000000000E+00,    0.0000000000E+00,    1.3829336344E+02
    120750,      0.676942,CP3_after_update_bottom,   1,    0.0000000000E+00,    1.3829336344E+02,    1.3829336344E+02,    0.0000000000E+00,    0.0000000000E+00,    0.0000000000E+00,    1.3829336344E+02
    120750,      0.676942,CP4_after_advection,   1,    0.0000000000E+00,    1.3830047082E+02,    1.3830047082E+02,    0.0000000000E+00,    0.0000000000E+00,    0.0000000000E+00,    1.3830047082E+02
    120750,      0.676942,CP5_after_vdif,   1,    0.0000000000E+00,    1.3830047082E+02,    1.3830047082E+02,    0.0000000000E+00,    0.0000000000E+00,    0.0000000000E+00,    1.3830047082E+02
    120750,      0.676942,CP6_after_kinetics,   1,    0.0000000000E+00,    1.3830047082E+02,    1.3830047082E+02,    0.0000000000E+00,    0.0000000000E+00,    0.0000000000E+00,    1.3830047082E+02
    120750,      0.676942,CP7_after_upper_clamp,   1,    0.0000000000E+00,    1.3830047082E+02,    1.3830047082E+02,    0.0000000000E+00,    0.0000000000E+00,    0.0000000000E+00,    1.3830047082E+02
    120750,      0.676942,CP8_after_OBC,   1,    0.0000000000E+00,    1.3830047082E+02,    1.3830047082E+02,    0.0000000000E+00,    0.0000000000E+00,    0.0000000000E+00,    1.3830047082E+02
    120750,      0.676942,CP9_after_PTsource,   1,    0.0000000000E+00,    1.3830047082E+02,    1.3830047082E+02,    0.0000000000E+00,    0.0000000000E+00,    0.0000000000E+00,    1.3830047082E+02
    120750,      0.676942,CP10_after_neg_clamp,   1,    0.0000000000E+00,    1.3830047082E+02,    1.3830047082E+02,    0.0000000000E+00,    0.0000000000E+00,    0.0000000000E+00,    1.3830047082E+02
    120750,      0.676942,CP11_after_MPI,   1,    0.0000000000E+00,    1.3830047082E+02,    1.3830047082E+02,    0.0000000000E+00,    0.0000000000E+00,    0.0000000000E+00,    1.3830047082E+02
    120750,      0.676942,CP12_end,   1,    0.0000000000E+00,    1.3830047082E+02,    1.3830047082E+02,    0.0000000000E+00,    0.0000000000E+00,    0.0000000000E+00,    1.3830047082E+02
    120800,      0.676942,CP0_start,   1,    0.0000000000E+00,    1.3840109850E+02,    1.3840109850E+02,    0.0000000000E+00,    0.0000000000E+00,    0.0000000000E+00,    1.3840109850E+02
    120800,      0.676942,CP1_after_deposition,   1,    0.0000000000E+00,    1.3840109850E+02,    1.3840109850E+02,    0.0000000000E+00,    0.0000000000E+00,    0.0000000000E+00,    1.3840109850E+02
    120800,      0.676942,CP2_after_erosion,   1,    0.0000000000E+00,    1.3840109850E+02,    1.3840109850E+02,    0.0000000000E+00,    0.0000000000E+00,    0.0000000000E+00,    1.3840109850E+02
    120800,      0.676942,CP3_after_update_bottom,   1,    0.0000000000E+00,    1.3840109850E+02,    1.3840109850E+02,    0.0000000000E+00,    0.0000000000E+00,    0.0000000000E+00,    1.3840109850E+02
    120800,      0.676942,CP4_after_advection,   1,    0.0000000000E+00,    1.3840826168E+02,    1.3840826168E+02,    0.0000000000E+00,    0.0000000000E+00,    0.0000000000E+00,    1.3840826168E+02
    120800,      0.676942,CP5_after_vdif,   1,    0.0000000000E+00,    1.3840826168E+02,    1.3840826168E+02,    0.0000000000E+00,    0.0000000000E+00,    0.0000000000E+00,    1.3840826168E+02
    120800,      0.676942,CP6_after_kinetics,   1,    0.0000000000E+00,    1.3840826168E+02,    1.3840826168E+02,    0.0000000000E+00,    0.0000000000E+00,    0.0000000000E+00,    1.3840826168E+02
    120800,      0.676942,CP7_after_upper_clamp,   1,    0.0000000000E+00,    1.3840826168E+02,    1.3840826168E+02,    0.0000000000E+00,    0.0000000000E+00,    0.0000000000E+00,    1.3840826168E+02
    120800,      0.676942,CP8_after_OBC,   1,    0.0000000000E+00,    1.3840826168E+02,    1.3840826168E+02,    0.0000000000E+00,    0.0000000000E+00,    0.0000000000E+00,    1.3840826168E+02
    120800,      0.676942,CP9_after_PTsource,   1,    0.0000000000E+00,    1.3840826168E+02,    1.3840826168E+02,    0.0000000000E+00,    0.0000000000E+00,    0.0000000000E+00,    1.3840826168E+02
    120800,      0.676942,CP10_after_neg_clamp,   1,    0.0000000000E+00,    1.3840826168E+02,    1.3840826168E+02,    0.0000000000E+00,    0.0000000000E+00,    0.0000000000E+00,    1.3840826168E+02
    120800,      0.676942,CP11_after_MPI,   1,    0.0000000000E+00,    1.3840826168E+02,    1.3840826168E+02,    0.0000000000E+00,    0.0000000000E+00,    0.0000000000E+00,    1.3840826168E+02
    120800,      0.676942,CP12_end,   1,    0.0000000000E+00,    1.3840826168E+02,    1.3840826168E+02,    0.0000000000E+00,    0.0000000000E+00,    0.0000000000E+00,    1.3840826168E+02
    120850,      0.676942,CP0_start,   1,    0.0000000000E+00,    1.3850968635E+02,    1.3850968635E+02,    0.0000000000E+00,    0.0000000000E+00,    0.0000000000E+00,    1.3850968635E+02
    120850,      0.676942,CP1_after_deposition,   1,    0.0000000000E+00,    1.3850968635E+02,    1.3850968635E+02,    0.0000000000E+00,    0.0000000000E+00,    0.0000000000E+00,    1.3850968635E+02
    120850,      0.676942,CP2_after_erosion,   1,    0.0000000000E+00,    1.3850968635E+02,    1.3850968635E+02,    0.0000000000E+00,    0.0000000000E+00,    0.0000000000E+00,    1.3850968635E+02
    120850,      0.676942,CP3_after_update_bottom,   1,    0.0000000000E+00,    1.3850968635E+02,    1.3850968635E+02,    0.0000000000E+00,    0.0000000000E+00,    0.0000000000E+00,    1.3850968635E+02
    120850,      0.676942,CP4_after_advection,   1,    0.0000000000E+00,    1.3851690365E+02,    1.3851690365E+02,    0.0000000000E+00,    0.0000000000E+00,    0.0000000000E+00,    1.3851690365E+02
    120850,      0.676942,CP5_after_vdif,   1,    0.0000000000E+00,    1.3851690365E+02,    1.3851690365E+02,    0.0000000000E+00,    0.0000000000E+00,    0.0000000000E+00,    1.3851690365E+02
    120850,      0.676942,CP6_after_kinetics,   1,    0.0000000000E+00,    1.3851690365E+02,    1.3851690365E+02,    0.0000000000E+00,    0.0000000000E+00,    0.0000000000E+00,    1.3851690365E+02
    120850,      0.676942,CP7_after_upper_clamp,   1,    0.0000000000E+00,    1.3851690365E+02,    1.3851690365E+02,    0.0000000000E+00,    0.0000000000E+00,    0.0000000000E+00,    1.3851690365E+02
    120850,      0.676942,CP8_after_OBC,   1,    0.0000000000E+00,    1.3851690365E+02,    1.3851690365E+02,    0.0000000000E+00,    0.0000000000E+00,    0.0000000000E+00,    1.3851690365E+02
    120850,      0.676942,CP9_after_PTsource,   1,    0.0000000000E+00,    1.3851690365E+02,    1.3851690365E+02,    0.0000000000E+00,    0.0000000000E+00,    0.0000000000E+00,    1.3851690365E+02
    120850,      0.676942,CP10_after_neg_clamp,   1,    0.0000000000E+00,    1.3851690365E+02,    1.3851690365E+02,    0.0000000000E+00,    0.0000000000E+00,    0.0000000000E+00,    1.3851690365E+02
    120850,      0.676942,CP11_after_MPI,   1,    0.0000000000E+00,    1.3851690365E+02,    1.3851690365E+02,    0.0000000000E+00,    0.0000000000E+00,    0.0000000000E+00,    1.3851690365E+02
    120850,      0.676942,CP12_end,   1,    0.0000000000E+00,    1.3851690365E+02,    1.3851690365E+02,    0.0000000000E+00,    0.0000000000E+00,    0.0000000000E+00,    1.3851690365E+02
    120900,      0.676942,CP0_start,   1,    0.0000000000E+00,    1.3861900904E+02,    1.3861900904E+02,    0.0000000000E+00,    0.0000000000E+00,    0.0000000000E+00,    1.3861900904E+02
    120900,      0.676942,CP1_after_deposition,   1,    0.0000000000E+00,    1.3861900904E+02,    1.3861900904E+02,    0.0000000000E+00,    0.0000000000E+00,    0.0000000000E+00,    1.3861900904E+02
    120900,      0.676942,CP2_after_erosion,   1,    0.0000000000E+00,    1.3861900904E+02,    1.3861900904E+02,    0.0000000000E+00,    0.0000000000E+00,    0.0000000000E+00,    1.3861900904E+02
    120900,      0.676942,CP3_after_update_bottom,   1,    0.0000000000E+00,    1.3861900904E+02,    1.3861900904E+02,    0.0000000000E+00,    0.0000000000E+00,    0.0000000000E+00,    1.3861900904E+02
    120900,      0.676942,CP4_after_advection,   1,    0.0000000000E+00,    1.3862627076E+02,    1.3862627076E+02,    0.0000000000E+00,    0.0000000000E+00,    0.0000000000E+00,    1.3862627076E+02
    120900,      0.676942,CP5_after_vdif,   1,    0.0000000000E+00,    1.3862627076E+02,    1.3862627076E+02,    0.0000000000E+00,    0.0000000000E+00,    0.0000000000E+00,    1.3862627076E+02
    120900,      0.676942,CP6_after_kinetics,   1,    0.0000000000E+00,    1.3862627076E+02,    1.3862627076E+02,    0.0000000000E+00,    0.0000000000E+00,    0.0000000000E+00,    1.3862627076E+02
    120900,      0.676942,CP7_after_upper_clamp,   1,    0.0000000000E+00,    1.3862627076E+02,    1.3862627076E+02,    0.0000000000E+00,    0.0000000000E+00,    0.0000000000E+00,    1.3862627076E+02
    120900,      0.676942,CP8_after_OBC,   1,    0.0000000000E+00,    1.3862627076E+02,    1.3862627076E+02,    0.0000000000E+00,    0.0000000000E+00,    0.0000000000E+00,    1.3862627076E+02
    120900,      0.676942,CP9_after_PTsource,   1,    0.0000000000E+00,    1.3862627076E+02,    1.3862627076E+02,    0.0000000000E+00,    0.0000000000E+00,    0.0000000000E+00,    1.3862627076E+02
    120900,      0.676942,CP10_after_neg_clamp,   1,    0.0000000000E+00,    1.3862627076E+02,    1.3862627076E+02,    0.0000000000E+00,    0.0000000000E+00,    0.0000000000E+00,    1.3862627076E+02
    120900,      0.676942,CP11_after_MPI,   1,    0.0000000000E+00,    1.3862627076E+02,    1.3862627076E+02,    0.0000000000E+00,    0.0000000000E+00,    0.0000000000E+00,    1.3862627076E+02
    120900,      0.676942,CP12_end,   1,    0.0000000000E+00,    1.3862627076E+02,    1.3862627076E+02,    0.0000000000E+00,    0.0000000000E+00,    0.0000000000E+00,    1.3862627076E+02
    120950,      0.676942,CP0_start,   1,    0.0000000000E+00,    1.3872841285E+02,    1.3872841285E+02,    0.0000000000E+00,    0.0000000000E+00,    0.0000000000E+00,    1.3872841285E+02
    120950,      0.676942,CP1_after_deposition,   1,    0.0000000000E+00,    1.3872841285E+02,    1.3872841285E+02,    0.0000000000E+00,    0.0000000000E+00,    0.0000000000E+00,    1.3872841285E+02
    120950,      0.676942,CP2_after_erosion,   1,    0.0000000000E+00,    1.3872841285E+02,    1.3872841285E+02,    0.0000000000E+00,    0.0000000000E+00,    0.0000000000E+00,    1.3872841285E+02
    120950,      0.676942,CP3_after_update_bottom,   1,    0.0000000000E+00,    1.3872841285E+02,    1.3872841285E+02,    0.0000000000E+00,    0.0000000000E+00,    0.0000000000E+00,    1.3872841285E+02
    120950,      0.676942,CP4_after_advection,   1,    0.0000000000E+00,    1.3873569692E+02,    1.3873569692E+02,    0.0000000000E+00,    0.0000000000E+00,    0.0000000000E+00,    1.3873569692E+02
    120950,      0.676942,CP5_after_vdif,   1,    0.0000000000E+00,    1.3873569692E+02,    1.3873569692E+02,    0.0000000000E+00,    0.0000000000E+00,    0.0000000000E+00,    1.3873569692E+02
    120950,      0.676942,CP6_after_kinetics,   1,    0.0000000000E+00,    1.3873569692E+02,    1.3873569692E+02,    0.0000000000E+00,    0.0000000000E+00,    0.0000000000E+00,    1.3873569692E+02
    120950,      0.676942,CP7_after_upper_clamp,   1,    0.0000000000E+00,    1.3873569692E+02,    1.3873569692E+02,    0.0000000000E+00,    0.0000000000E+00,    0.0000000000E+00,    1.3873569692E+02
    120950,      0.676942,CP8_after_OBC,   1,    0.0000000000E+00,    1.3873569692E+02,    1.3873569692E+02,    0.0000000000E+00,    0.0000000000E+00,    0.0000000000E+00,    1.3873569692E+02
    120950,      0.676942,CP9_after_PTsource,   1,    0.0000000000E+00,    1.3873569692E+02,    1.3873569692E+02,    0.0000000000E+00,    0.0000000000E+00,    0.0000000000E+00,    1.3873569692E+02
    120950,      0.676942,CP10_after_neg_clamp,   1,    0.0000000000E+00,    1.3873569692E+02,    1.3873569692E+02,    0.0000000000E+00,    0.0000000000E+00,    0.0000000000E+00,    1.3873569692E+02
    120950,      0.676942,CP11_after_MPI,   1,    0.0000000000E+00,    1.3873569692E+02,    1.3873569692E+02,    0.0000000000E+00,    0.0000000000E+00,    0.0000000000E+00,    1.3873569692E+02
    120950,      0.676942,CP12_end,   1,    0.0000000000E+00,    1.3873569692E+02,    1.3873569692E+02,    0.0000000000E+00,    0.0000000000E+00,    0.0000000000E+00,    1.3873569692E+02
    121000,      0.676942,CP0_start,   1,    0.0000000000E+00,    1.3883687698E+02,    1.3883687698E+02,    0.0000000000E+00,    0.0000000000E+00,    0.0000000000E+00,    1.3883687698E+02
    121000,      0.676942,CP1_after_deposition,   1,    0.0000000000E+00,    1.3883687698E+02,    1.3883687698E+02,    0.0000000000E+00,    0.0000000000E+00,    0.0000000000E+00,    1.3883687698E+02
    121000,      0.676942,CP2_after_erosion,   1,    0.0000000000E+00,    1.3883687698E+02,    1.3883687698E+02,    0.0000000000E+00,    0.0000000000E+00,    0.0000000000E+00,    1.3883687698E+02
    121000,      0.676942,CP3_after_update_bottom,   1,    0.0000000000E+00,    1.3883687698E+02,    1.3883687698E+02,    0.0000000000E+00,    0.0000000000E+00,    0.0000000000E+00,    1.3883687698E+02
    121000,      0.676942,CP4_after_advection,   1,    0.0000000000E+00,    1.3884415769E+02,    1.3884415769E+02,    0.0000000000E+00,    0.0000000000E+00,    0.0000000000E+00,    1.3884415769E+02
    121000,      0.676942,CP5_after_vdif,   1,    0.0000000000E+00,    1.3884415769E+02,    1.3884415769E+02,    0.0000000000E+00,    0.0000000000E+00,    0.0000000000E+00,    1.3884415769E+02
    121000,      0.676942,CP6_after_kinetics,   1,    0.0000000000E+00,    1.3884415769E+02,    1.3884415769E+02,    0.0000000000E+00,    0.0000000000E+00,    0.0000000000E+00,    1.3884415769E+02
    121000,      0.676942,CP7_after_upper_clamp,   1,    0.0000000000E+00,    1.3884415769E+02,    1.3884415769E+02,    0.0000000000E+00,    0.0000000000E+00,    0.0000000000E+00,    1.3884415769E+02
    121000,      0.676942,CP8_after_OBC,   1,    0.0000000000E+00,    1.3884415769E+02,    1.3884415769E+02,    0.0000000000E+00,    0.0000000000E+00,    0.0000000000E+00,    1.3884415769E+02
    121000,      0.676942,CP9_after_PTsource,   1,    0.0000000000E+00,    1.3884415769E+02,    1.3884415769E+02,    0.0000000000E+00,    0.0000000000E+00,    0.0000000000E+00,    1.3884415769E+02
    121000,      0.676942,CP10_after_neg_clamp,   1,    0.0000000000E+00,    1.3884415769E+02,    1.3884415769E+02,    0.0000000000E+00,    0.0000000000E+00,    0.0000000000E+00,    1.3884415769E+02
    121000,      0.676942,CP11_after_MPI,   1,    0.0000000000E+00,    1.3884415769E+02,    1.3884415769E+02,    0.0000000000E+00,    0.0000000000E+00,    0.0000000000E+00,    1.3884415769E+02
    121000,      0.676942,CP12_end,   1,    0.0000000000E+00,    1.3884415769E+02,    1.3884415769E+02,    0.0000000000E+00,    0.0000000000E+00,    0.0000000000E+00,    1.3884415769E+02
    121050,      0.676942,CP0_start,   1,    0.0000000000E+00,    1.3894328851E+02,    1.3894328851E+02,    0.0000000000E+00,    0.0000000000E+00,    0.0000000000E+00,    1.3894328851E+02
    121050,      0.676942,CP1_after_deposition,   1,    0.0000000000E+00,    1.3894328851E+02,    1.3894328851E+02,    0.0000000000E+00,    0.0000000000E+00,    0.0000000000E+00,    1.3894328851E+02
    121050,      0.676942,CP2_after_erosion,   1,    0.0000000000E+00,    1.3894328851E+02,    1.3894328851E+02,    0.0000000000E+00,    0.0000000000E+00,    0.0000000000E+00,    1.3894328851E+02
    121050,      0.676942,CP3_after_update_bottom,   1,    0.0000000000E+00,    1.3894328851E+02,    1.3894328851E+02,    0.0000000000E+00,    0.0000000000E+00,    0.0000000000E+00,    1.3894328851E+02
    121050,      0.676942,CP4_after_advection,   1,    0.0000000000E+00,    1.3895054165E+02,    1.3895054165E+02,    0.0000000000E+00,    0.0000000000E+00,    0.0000000000E+00,    1.3895054165E+02
    121050,      0.676942,CP5_after_vdif,   1,    0.0000000000E+00,    1.3895054165E+02,    1.3895054165E+02,    0.0000000000E+00,    0.0000000000E+00,    0.0000000000E+00,    1.3895054165E+02
    121050,      0.676942,CP6_after_kinetics,   1,    0.0000000000E+00,    1.3895054165E+02,    1.3895054165E+02,    0.0000000000E+00,    0.0000000000E+00,    0.0000000000E+00,    1.3895054165E+02
    121050,      0.676942,CP7_after_upper_clamp,   1,    0.0000000000E+00,    1.3895054165E+02,    1.3895054165E+02,    0.0000000000E+00,    0.0000000000E+00,    0.0000000000E+00,    1.3895054165E+02
    121050,      0.676942,CP8_after_OBC,   1,    0.0000000000E+00,    1.3895054165E+02,    1.3895054165E+02,    0.0000000000E+00,    0.0000000000E+00,    0.0000000000E+00,    1.3895054165E+02
    121050,      0.676942,CP9_after_PTsource,   1,    0.0000000000E+00,    1.3895054165E+02,    1.3895054165E+02,    0.0000000000E+00,    0.0000000000E+00,    0.0000000000E+00,    1.3895054165E+02
    121050,      0.676942,CP10_after_neg_clamp,   1,    0.0000000000E+00,    1.3895054165E+02,    1.3895054165E+02,    0.0000000000E+00,    0.0000000000E+00,    0.0000000000E+00,    1.3895054165E+02
    121050,      0.676942,CP11_after_MPI,   1,    0.0000000000E+00,    1.3895054165E+02,    1.3895054165E+02,    0.0000000000E+00,    0.0000000000E+00,    0.0000000000E+00,    1.3895054165E+02
    121050,      0.676942,CP12_end,   1,    0.0000000000E+00,    1.3895054165E+02,    1.3895054165E+02,    0.0000000000E+00,    0.0000000000E+00,    0.0000000000E+00,    1.3895054165E+02
    121100,      0.676942,CP0_start,   1,    0.0000000000E+00,    1.3904679798E+02,    1.3904679798E+02,    0.0000000000E+00,    0.0000000000E+00,    0.0000000000E+00,    1.3904679798E+02
    121100,      0.676942,CP1_after_deposition,   1,    0.0000000000E+00,    1.3904679798E+02,    1.3904679798E+02,    0.0000000000E+00,    0.0000000000E+00,    0.0000000000E+00,    1.3904679798E+02
    121100,      0.676942,CP2_after_erosion,   1,    0.0000000000E+00,    1.3904679798E+02,    1.3904679798E+02,    0.0000000000E+00,    0.0000000000E+00,    0.0000000000E+00,    1.3904679798E+02
    121100,      0.676942,CP3_after_update_bottom,   1,    0.0000000000E+00,    1.3904679798E+02,    1.3904679798E+02,    0.0000000000E+00,    0.0000000000E+00,    0.0000000000E+00,    1.3904679798E+02
    121100,      0.676942,CP4_after_advection,   1,    0.0000000000E+00,    1.3905400926E+02,    1.3905400926E+02,    0.0000000000E+00,    0.0000000000E+00,    0.0000000000E+00,    1.3905400926E+02
    121100,      0.676942,CP5_after_vdif,   1,    0.0000000000E+00,    1.3905400926E+02,    1.3905400926E+02,    0.0000000000E+00,    0.0000000000E+00,    0.0000000000E+00,    1.3905400926E+02
    121100,      0.676942,CP6_after_kinetics,   1,    0.0000000000E+00,    1.3905400926E+02,    1.3905400926E+02,    0.0000000000E+00,    0.0000000000E+00,    0.0000000000E+00,    1.3905400926E+02
    121100,      0.676942,CP7_after_upper_clamp,   1,    0.0000000000E+00,    1.3905400926E+02,    1.3905400926E+02,    0.0000000000E+00,    0.0000000000E+00,    0.0000000000E+00,    1.3905400926E+02
    121100,      0.676942,CP8_after_OBC,   1,    0.0000000000E+00,    1.3905400926E+02,    1.3905400926E+02,    0.0000000000E+00,    0.0000000000E+00,    0.0000000000E+00,    1.3905400926E+02
    121100,      0.676942,CP9_after_PTsource,   1,    0.0000000000E+00,    1.3905400926E+02,    1.3905400926E+02,    0.0000000000E+00,    0.0000000000E+00,    0.0000000000E+00,    1.3905400926E+02
    121100,      0.676942,CP10_after_neg_clamp,   1,    0.0000000000E+00,    1.3905400926E+02,    1.3905400926E+02,    0.0000000000E+00,    0.0000000000E+00,    0.0000000000E+00,    1.3905400926E+02
    121100,      0.676942,CP11_after_MPI,   1,    0.0000000000E+00,    1.3905400926E+02,    1.3905400926E+02,    0.0000000000E+00,    0.0000000000E+00,    0.0000000000E+00,    1.3905400926E+02
    121100,      0.676942,CP12_end,   1,    0.0000000000E+00,    1.3905400926E+02,    1.3905400926E+02,    0.0000000000E+00,    0.0000000000E+00,    0.0000000000E+00,    1.3905400926E+02
    121150,      0.676942,CP0_start,   1,    0.0000000000E+00,    1.3914711214E+02,    1.3914711214E+02,    0.0000000000E+00,    0.0000000000E+00,    0.0000000000E+00,    1.3914711214E+02
    121150,      0.676942,CP1_after_deposition,   1,    0.0000000000E+00,    1.3914711214E+02,    1.3914711214E+02,    0.0000000000E+00,    0.0000000000E+00,    0.0000000000E+00,    1.3914711214E+02
    121150,      0.676942,CP2_after_erosion,   1,    0.0000000000E+00,    1.3914711214E+02,    1.3914711214E+02,    0.0000000000E+00,    0.0000000000E+00,    0.0000000000E+00,    1.3914711214E+02
    121150,      0.676942,CP3_after_update_bottom,   1,    0.0000000000E+00,    1.3914711214E+02,    1.3914711214E+02,    0.0000000000E+00,    0.0000000000E+00,    0.0000000000E+00,    1.3914711214E+02
    121150,      0.676942,CP4_after_advection,   1,    0.0000000000E+00,    1.3915428047E+02,    1.3915428047E+02,    0.0000000000E+00,    0.0000000000E+00,    0.0000000000E+00,    1.3915428047E+02
    121150,      0.676942,CP5_after_vdif,   1,    0.0000000000E+00,    1.3915428047E+02,    1.3915428047E+02,    0.0000000000E+00,    0.0000000000E+00,    0.0000000000E+00,    1.3915428047E+02
    121150,      0.676942,CP6_after_kinetics,   1,    0.0000000000E+00,    1.3915428047E+02,    1.3915428047E+02,    0.0000000000E+00,    0.0000000000E+00,    0.0000000000E+00,    1.3915428047E+02
    121150,      0.676942,CP7_after_upper_clamp,   1,    0.0000000000E+00,    1.3915428047E+02,    1.3915428047E+02,    0.0000000000E+00,    0.0000000000E+00,    0.0000000000E+00,    1.3915428047E+02
    121150,      0.676942,CP8_after_OBC,   1,    0.0000000000E+00,    1.3915428047E+02,    1.3915428047E+02,    0.0000000000E+00,    0.0000000000E+00,    0.0000000000E+00,    1.3915428047E+02
    121150,      0.676942,CP9_after_PTsource,   1,    0.0000000000E+00,    1.3915428047E+02,    1.3915428047E+02,    0.0000000000E+00,    0.0000000000E+00,    0.0000000000E+00,    1.3915428047E+02
    121150,      0.676942,CP10_after_neg_clamp,   1,    0.0000000000E+00,    1.3915428047E+02,    1.3915428047E+02,    0.0000000000E+00,    0.0000000000E+00,    0.0000000000E+00,    1.3915428047E+02
    121150,      0.676942,CP11_after_MPI,   1,    0.0000000000E+00,    1.3915428047E+02,    1.3915428047E+02,    0.0000000000E+00,    0.0000000000E+00,    0.0000000000E+00,    1.3915428047E+02
    121150,      0.676942,CP12_end,   1,    0.0000000000E+00,    1.3915428047E+02,    1.3915428047E+02,    0.0000000000E+00,    0.0000000000E+00,    0.0000000000E+00,    1.3915428047E+02
    121200,      0.676942,CP0_start,   1,    0.0000000000E+00,    1.3924445691E+02,    1.3924445691E+02,    0.0000000000E+00,    0.0000000000E+00,    0.0000000000E+00,    1.3924445691E+02
    121200,      0.676942,CP1_after_deposition,   1,    0.0000000000E+00,    1.3924445691E+02,    1.3924445691E+02,    0.0000000000E+00,    0.0000000000E+00,    0.0000000000E+00,    1.3924445691E+02
    121200,      0.676942,CP2_after_erosion,   1,    0.0000000000E+00,    1.3924445691E+02,    1.3924445691E+02,    0.0000000000E+00,    0.0000000000E+00,    0.0000000000E+00,    1.3924445691E+02
    121200,      0.676942,CP3_after_update_bottom,   1,    0.0000000000E+00,    1.3924445691E+02,    1.3924445691E+02,    0.0000000000E+00,    0.0000000000E+00,    0.0000000000E+00,    1.3924445691E+02
    121200,      0.676942,CP4_after_advection,   1,    0.0000000000E+00,    1.3925158650E+02,    1.3925158650E+02,    0.0000000000E+00,    0.0000000000E+00,    0.0000000000E+00,    1.3925158650E+02
    121200,      0.676942,CP5_after_vdif,   1,    0.0000000000E+00,    1.3925158650E+02,    1.3925158650E+02,    0.0000000000E+00,    0.0000000000E+00,    0.0000000000E+00,    1.3925158650E+02
    121200,      0.676942,CP6_after_kinetics,   1,    0.0000000000E+00,    1.3925158650E+02,    1.3925158650E+02,    0.0000000000E+00,    0.0000000000E+00,    0.0000000000E+00,    1.3925158650E+02
    121200,      0.676942,CP7_after_upper_clamp,   1,    0.0000000000E+00,    1.3925158650E+02,    1.3925158650E+02,    0.0000000000E+00,    0.0000000000E+00,    0.0000000000E+00,    1.3925158650E+02
    121200,      0.676942,CP8_after_OBC,   1,    0.0000000000E+00,    1.3925158650E+02,    1.3925158650E+02,    0.0000000000E+00,    0.0000000000E+00,    0.0000000000E+00,    1.3925158650E+02
    121200,      0.676942,CP9_after_PTsource,   1,    0.0000000000E+00,    1.3925158650E+02,    1.3925158650E+02,    0.0000000000E+00,    0.0000000000E+00,    0.0000000000E+00,    1.3925158650E+02
    121200,      0.676942,CP10_after_neg_clamp,   1,    0.0000000000E+00,    1.3925158650E+02,    1.3925158650E+02,    0.0000000000E+00,    0.0000000000E+00,    0.0000000000E+00,    1.3925158650E+02
    121200,      0.676942,CP11_after_MPI,   1,    0.0000000000E+00,    1.3925158650E+02,    1.3925158650E+02,    0.0000000000E+00,    0.0000000000E+00,    0.0000000000E+00,    1.3925158650E+02
    121200,      0.676942,CP12_end,   1,    0.0000000000E+00,    1.3925158650E+02,    1.3925158650E+02,    0.0000000000E+00,    0.0000000000E+00,    0.0000000000E+00,    1.3925158650E+02
    121250,      0.676942,CP0_start,   1,    0.0000000000E+00,    1.3933950155E+02,    1.3933950155E+02,    0.0000000000E+00,    0.0000000000E+00,    0.0000000000E+00,    1.3933950155E+02
    121250,      0.676942,CP1_after_deposition,   1,    0.0000000000E+00,    1.3933950155E+02,    1.3933950155E+02,    0.0000000000E+00,    0.0000000000E+00,    0.0000000000E+00,    1.3933950155E+02
    121250,      0.676942,CP2_after_erosion,   1,    0.0000000000E+00,    1.3933950155E+02,    1.3933950155E+02,    0.0000000000E+00,    0.0000000000E+00,    0.0000000000E+00,    1.3933950155E+02
    121250,      0.676942,CP3_after_update_bottom,   1,    0.0000000000E+00,    1.3933950155E+02,    1.3933950155E+02,    0.0000000000E+00,    0.0000000000E+00,    0.0000000000E+00,    1.3933950155E+02
    121250,      0.676942,CP4_after_advection,   1,    0.0000000000E+00,    1.3934660789E+02,    1.3934660789E+02,    0.0000000000E+00,    0.0000000000E+00,    0.0000000000E+00,    1.3934660789E+02
    121250,      0.676942,CP5_after_vdif,   1,    0.0000000000E+00,    1.3934660789E+02,    1.3934660789E+02,    0.0000000000E+00,    0.0000000000E+00,    0.0000000000E+00,    1.3934660789E+02
    121250,      0.676942,CP6_after_kinetics,   1,    0.0000000000E+00,    1.3934660789E+02,    1.3934660789E+02,    0.0000000000E+00,    0.0000000000E+00,    0.0000000000E+00,    1.3934660789E+02
    121250,      0.676942,CP7_after_upper_clamp,   1,    0.0000000000E+00,    1.3934660789E+02,    1.3934660789E+02,    0.0000000000E+00,    0.0000000000E+00,    0.0000000000E+00,    1.3934660789E+02
    121250,      0.676942,CP8_after_OBC,   1,    0.0000000000E+00,    1.3934660789E+02,    1.3934660789E+02,    0.0000000000E+00,    0.0000000000E+00,    0.0000000000E+00,    1.3934660789E+02
    121250,      0.676942,CP9_after_PTsource,   1,    0.0000000000E+00,    1.3934660789E+02,    1.3934660789E+02,    0.0000000000E+00,    0.0000000000E+00,    0.0000000000E+00,    1.3934660789E+02
    121250,      0.676942,CP10_after_neg_clamp,   1,    0.0000000000E+00,    1.3934660789E+02,    1.3934660789E+02,    0.0000000000E+00,    0.0000000000E+00,    0.0000000000E+00,    1.3934660789E+02
    121250,      0.676942,CP11_after_MPI,   1,    0.0000000000E+00,    1.3934660789E+02,    1.3934660789E+02,    0.0000000000E+00,    0.0000000000E+00,    0.0000000000E+00,    1.3934660789E+02
    121250,      0.676942,CP12_end,   1,    0.0000000000E+00,    1.3934660789E+02,    1.3934660789E+02,    0.0000000000E+00,    0.0000000000E+00,    0.0000000000E+00,    1.3934660789E+02
    121300,      0.676942,CP0_start,   1,    0.0000000000E+00,    1.3943328048E+02,    1.3943328048E+02,    0.0000000000E+00,    0.0000000000E+00,    0.0000000000E+00,    1.3943328048E+02
    121300,      0.676942,CP1_after_deposition,   1,    0.0000000000E+00,    1.3943328048E+02,    1.3943328048E+02,    0.0000000000E+00,    0.0000000000E+00,    0.0000000000E+00,    1.3943328048E+02
    121300,      0.676942,CP2_after_erosion,   1,    0.0000000000E+00,    1.3943328048E+02,    1.3943328048E+02,    0.0000000000E+00,    0.0000000000E+00,    0.0000000000E+00,    1.3943328048E+02
    121300,      0.676942,CP3_after_update_bottom,   1,    0.0000000000E+00,    1.3943328048E+02,    1.3943328048E+02,    0.0000000000E+00,    0.0000000000E+00,    0.0000000000E+00,    1.3943328048E+02
    121300,      0.676942,CP4_after_advection,   1,    0.0000000000E+00,    1.3944038218E+02,    1.3944038218E+02,    0.0000000000E+00,    0.0000000000E+00,    0.0000000000E+00,    1.3944038218E+02
    121300,      0.676942,CP5_after_vdif,   1,    0.0000000000E+00,    1.3944038218E+02,    1.3944038218E+02,    0.0000000000E+00,    0.0000000000E+00,    0.0000000000E+00,    1.3944038218E+02
    121300,      0.676942,CP6_after_kinetics,   1,    0.0000000000E+00,    1.3944038218E+02,    1.3944038218E+02,    0.0000000000E+00,    0.0000000000E+00,    0.0000000000E+00,    1.3944038218E+02
    121300,      0.676942,CP7_after_upper_clamp,   1,    0.0000000000E+00,    1.3944038218E+02,    1.3944038218E+02,    0.0000000000E+00,    0.0000000000E+00,    0.0000000000E+00,    1.3944038218E+02
    121300,      0.676942,CP8_after_OBC,   1,    0.0000000000E+00,    1.3944038218E+02,    1.3944038218E+02,    0.0000000000E+00,    0.0000000000E+00,    0.0000000000E+00,    1.3944038218E+02
    121300,      0.676942,CP9_after_PTsource,   1,    0.0000000000E+00,    1.3944038218E+02,    1.3944038218E+02,    0.0000000000E+00,    0.0000000000E+00,    0.0000000000E+00,    1.3944038218E+02
    121300,      0.676942,CP10_after_neg_clamp,   1,    0.0000000000E+00,    1.3944038218E+02,    1.3944038218E+02,    0.0000000000E+00,    0.0000000000E+00,    0.0000000000E+00,    1.3944038218E+02
    121300,      0.676942,CP11_after_MPI,   1,    0.0000000000E+00,    1.3944038218E+02,    1.3944038218E+02,    0.0000000000E+00,    0.0000000000E+00,    0.0000000000E+00,    1.3944038218E+02
    121300,      0.676942,CP12_end,   1,    0.0000000000E+00,    1.3944038218E+02,    1.3944038218E+02,    0.0000000000E+00,    0.0000000000E+00,    0.0000000000E+00,    1.3944038218E+02
    121350,      0.676942,CP0_start,   1,    0.0000000000E+00,    1.3952687570E+02,    1.3952687570E+02,    0.0000000000E+00,    0.0000000000E+00,    0.0000000000E+00,    1.3952687570E+02
    121350,      0.676942,CP1_after_deposition,   1,    0.0000000000E+00,    1.3952687570E+02,    1.3952687570E+02,    0.0000000000E+00,    0.0000000000E+00,    0.0000000000E+00,    1.3952687570E+02
    121350,      0.676942,CP2_after_erosion,   1,    0.0000000000E+00,    1.3952687570E+02,    1.3952687570E+02,    0.0000000000E+00,    0.0000000000E+00,    0.0000000000E+00,    1.3952687570E+02
    121350,      0.676942,CP3_after_update_bottom,   1,    0.0000000000E+00,    1.3952687570E+02,    1.3952687570E+02,    0.0000000000E+00,    0.0000000000E+00,    0.0000000000E+00,    1.3952687570E+02
    121350,      0.676942,CP4_after_advection,   1,    0.0000000000E+00,    1.3953399150E+02,    1.3953399150E+02,    0.0000000000E+00,    0.0000000000E+00,    0.0000000000E+00,    1.3953399150E+02
    121350,      0.676942,CP5_after_vdif,   1,    0.0000000000E+00,    1.3953399150E+02,    1.3953399150E+02,    0.0000000000E+00,    0.0000000000E+00,    0.0000000000E+00,    1.3953399150E+02
    121350,      0.676942,CP6_after_kinetics,   1,    0.0000000000E+00,    1.3953399150E+02,    1.3953399150E+02,    0.0000000000E+00,    0.0000000000E+00,    0.0000000000E+00,    1.3953399150E+02
    121350,      0.676942,CP7_after_upper_clamp,   1,    0.0000000000E+00,    1.3953399150E+02,    1.3953399150E+02,    0.0000000000E+00,    0.0000000000E+00,    0.0000000000E+00,    1.3953399150E+02
    121350,      0.676942,CP8_after_OBC,   1,    0.0000000000E+00,    1.3953399150E+02,    1.3953399150E+02,    0.0000000000E+00,    0.0000000000E+00,    0.0000000000E+00,    1.3953399150E+02
    121350,      0.676942,CP9_after_PTsource,   1,    0.0000000000E+00,    1.3953399150E+02,    1.3953399150E+02,    0.0000000000E+00,    0.0000000000E+00,    0.0000000000E+00,    1.3953399150E+02
    121350,      0.676942,CP10_after_neg_clamp,   1,    0.0000000000E+00,    1.3953399150E+02,    1.3953399150E+02,    0.0000000000E+00,    0.0000000000E+00,    0.0000000000E+00,    1.3953399150E+02
    121350,      0.676942,CP11_after_MPI,   1,    0.0000000000E+00,    1.3953399150E+02,    1.3953399150E+02,    0.0000000000E+00,    0.0000000000E+00,    0.0000000000E+00,    1.3953399150E+02
    121350,      0.676942,CP12_end,   1,    0.0000000000E+00,    1.3953399150E+02,    1.3953399150E+02,    0.0000000000E+00,    0.0000000000E+00,    0.0000000000E+00,    1.3953399150E+02
    121400,      0.676942,CP0_start,   1,    0.0000000000E+00,    1.3962139326E+02,    1.3962139326E+02,    0.0000000000E+00,    0.0000000000E+00,    0.0000000000E+00,    1.3962139326E+02
    121400,      0.676942,CP1_after_deposition,   1,    0.0000000000E+00,    1.3962139326E+02,    1.3962139326E+02,    0.0000000000E+00,    0.0000000000E+00,    0.0000000000E+00,    1.3962139326E+02
    121400,      0.676942,CP2_after_erosion,   1,    0.0000000000E+00,    1.3962139326E+02,    1.3962139326E+02,    0.0000000000E+00,    0.0000000000E+00,    0.0000000000E+00,    1.3962139326E+02
    121400,      0.676942,CP3_after_update_bottom,   1,    0.0000000000E+00,    1.3962139326E+02,    1.3962139326E+02,    0.0000000000E+00,    0.0000000000E+00,    0.0000000000E+00,    1.3962139326E+02
    121400,      0.676942,CP4_after_advection,   1,    0.0000000000E+00,    1.3962854338E+02,    1.3962854338E+02,    0.0000000000E+00,    0.0000000000E+00,    0.0000000000E+00,    1.3962854338E+02
    121400,      0.676942,CP5_after_vdif,   1,    0.0000000000E+00,    1.3962854338E+02,    1.3962854338E+02,    0.0000000000E+00,    0.0000000000E+00,    0.0000000000E+00,    1.3962854338E+02
    121400,      0.676942,CP6_after_kinetics,   1,    0.0000000000E+00,    1.3962854338E+02,    1.3962854338E+02,    0.0000000000E+00,    0.0000000000E+00,    0.0000000000E+00,    1.3962854338E+02
    121400,      0.676942,CP7_after_upper_clamp,   1,    0.0000000000E+00,    1.3962854338E+02,    1.3962854338E+02,    0.0000000000E+00,    0.0000000000E+00,    0.0000000000E+00,    1.3962854338E+02
    121400,      0.676942,CP8_after_OBC,   1,    0.0000000000E+00,    1.3962854338E+02,    1.3962854338E+02,    0.0000000000E+00,    0.0000000000E+00,    0.0000000000E+00,    1.3962854338E+02
    121400,      0.676942,CP9_after_PTsource,   1,    0.0000000000E+00,    1.3962854338E+02,    1.3962854338E+02,    0.0000000000E+00,    0.0000000000E+00,    0.0000000000E+00,    1.3962854338E+02
    121400,      0.676942,CP10_after_neg_clamp,   1,    0.0000000000E+00,    1.3962854338E+02,    1.3962854338E+02,    0.0000000000E+00,    0.0000000000E+00,    0.0000000000E+00,    1.3962854338E+02
    121400,      0.676942,CP11_after_MPI,   1,    0.0000000000E+00,    1.3962854338E+02,    1.3962854338E+02,    0.0000000000E+00,    0.0000000000E+00,    0.0000000000E+00,    1.3962854338E+02
    121400,      0.676942,CP12_end,   1,    0.0000000000E+00,    1.3962854338E+02,    1.3962854338E+02,    0.0000000000E+00,    0.0000000000E+00,    0.0000000000E+00,    1.3962854338E+02
    121450,      0.676942,CP0_start,   1,    0.0000000000E+00,    1.3971784856E+02,    1.3971784856E+02,    0.0000000000E+00,    0.0000000000E+00,    0.0000000000E+00,    1.3971784856E+02
    121450,      0.676942,CP1_after_deposition,   1,    0.0000000000E+00,    1.3971784856E+02,    1.3971784856E+02,    0.0000000000E+00,    0.0000000000E+00,    0.0000000000E+00,    1.3971784856E+02
    121450,      0.676942,CP2_after_erosion,   1,    0.0000000000E+00,    1.3971784856E+02,    1.3971784856E+02,    0.0000000000E+00,    0.0000000000E+00,    0.0000000000E+00,    1.3971784856E+02
    121450,      0.676942,CP3_after_update_bottom,   1,    0.0000000000E+00,    1.3971784856E+02,    1.3971784856E+02,    0.0000000000E+00,    0.0000000000E+00,    0.0000000000E+00,    1.3971784856E+02
    121450,      0.676942,CP4_after_advection,   1,    0.0000000000E+00,    1.3972505037E+02,    1.3972505037E+02,    0.0000000000E+00,    0.0000000000E+00,    0.0000000000E+00,    1.3972505037E+02
    121450,      0.676942,CP5_after_vdif,   1,    0.0000000000E+00,    1.3972505037E+02,    1.3972505037E+02,    0.0000000000E+00,    0.0000000000E+00,    0.0000000000E+00,    1.3972505037E+02
    121450,      0.676942,CP6_after_kinetics,   1,    0.0000000000E+00,    1.3972505037E+02,    1.3972505037E+02,    0.0000000000E+00,    0.0000000000E+00,    0.0000000000E+00,    1.3972505037E+02
    121450,      0.676942,CP7_after_upper_clamp,   1,    0.0000000000E+00,    1.3972505037E+02,    1.3972505037E+02,    0.0000000000E+00,    0.0000000000E+00,    0.0000000000E+00,    1.3972505037E+02
    121450,      0.676942,CP8_after_OBC,   1,    0.0000000000E+00,    1.3972505037E+02,    1.3972505037E+02,    0.0000000000E+00,    0.0000000000E+00,    0.0000000000E+00,    1.3972505037E+02
    121450,      0.676942,CP9_after_PTsource,   1,    0.0000000000E+00,    1.3972505037E+02,    1.3972505037E+02,    0.0000000000E+00,    0.0000000000E+00,    0.0000000000E+00,    1.3972505037E+02
    121450,      0.676942,CP10_after_neg_clamp,   1,    0.0000000000E+00,    1.3972505037E+02,    1.3972505037E+02,    0.0000000000E+00,    0.0000000000E+00,    0.0000000000E+00,    1.3972505037E+02
    121450,      0.676942,CP11_after_MPI,   1,    0.0000000000E+00,    1.3972505037E+02,    1.3972505037E+02,    0.0000000000E+00,    0.0000000000E+00,    0.0000000000E+00,    1.3972505037E+02
    121450,      0.676942,CP12_end,   1,    0.0000000000E+00,    1.3972505037E+02,    1.3972505037E+02,    0.0000000000E+00,    0.0000000000E+00,    0.0000000000E+00,    1.3972505037E+02
    121500,      0.676942,CP0_start,   1,    0.0000000000E+00,    1.3981710982E+02,    1.3981710982E+02,    0.0000000000E+00,    0.0000000000E+00,    0.0000000000E+00,    1.3981710982E+02
    121500,      0.676942,CP1_after_deposition,   1,    0.0000000000E+00,    1.3981710982E+02,    1.3981710982E+02,    0.0000000000E+00,    0.0000000000E+00,    0.0000000000E+00,    1.3981710982E+02
    121500,      0.676942,CP2_after_erosion,   1,    0.0000000000E+00,    1.3981710982E+02,    1.3981710982E+02,    0.0000000000E+00,    0.0000000000E+00,    0.0000000000E+00,    1.3981710982E+02
    121500,      0.676942,CP3_after_update_bottom,   1,    0.0000000000E+00,    1.3981710982E+02,    1.3981710982E+02,    0.0000000000E+00,    0.0000000000E+00,    0.0000000000E+00,    1.3981710982E+02
    121500,      0.676942,CP4_after_advection,   1,    0.0000000000E+00,    1.3982437675E+02,    1.3982437675E+02,    0.0000000000E+00,    0.0000000000E+00,    0.0000000000E+00,    1.3982437675E+02
    121500,      0.676942,CP5_after_vdif,   1,    0.0000000000E+00,    1.3982437675E+02,    1.3982437675E+02,    0.0000000000E+00,    0.0000000000E+00,    0.0000000000E+00,    1.3982437675E+02
    121500,      0.676942,CP6_after_kinetics,   1,    0.0000000000E+00,    1.3982437675E+02,    1.3982437675E+02,    0.0000000000E+00,    0.0000000000E+00,    0.0000000000E+00,    1.3982437675E+02
    121500,      0.676942,CP7_after_upper_clamp,   1,    0.0000000000E+00,    1.3982437675E+02,    1.3982437675E+02,    0.0000000000E+00,    0.0000000000E+00,    0.0000000000E+00,    1.3982437675E+02
    121500,      0.676942,CP8_after_OBC,   1,    0.0000000000E+00,    1.3982437675E+02,    1.3982437675E+02,    0.0000000000E+00,    0.0000000000E+00,    0.0000000000E+00,    1.3982437675E+02
    121500,      0.676942,CP9_after_PTsource,   1,    0.0000000000E+00,    1.3982437675E+02,    1.3982437675E+02,    0.0000000000E+00,    0.0000000000E+00,    0.0000000000E+00,    1.3982437675E+02
    121500,      0.676942,CP10_after_neg_clamp,   1,    0.0000000000E+00,    1.3982437675E+02,    1.3982437675E+02,    0.0000000000E+00,    0.0000000000E+00,    0.0000000000E+00,    1.3982437675E+02
    121500,      0.676942,CP11_after_MPI,   1,    0.0000000000E+00,    1.3982437675E+02,    1.3982437675E+02,    0.0000000000E+00,    0.0000000000E+00,    0.0000000000E+00,    1.3982437675E+02
    121500,      0.676942,CP12_end,   1,    0.0000000000E+00,    1.3982437675E+02,    1.3982437675E+02,    0.0000000000E+00,    0.0000000000E+00,    0.0000000000E+00,    1.3982437675E+02
    121550,      0.676942,CP0_start,   1,    0.0000000000E+00,    1.3991867660E+02,    1.3991867660E+02,    0.0000000000E+00,    0.0000000000E+00,    0.0000000000E+00,    1.3991867660E+02
    121550,      0.676942,CP1_after_deposition,   1,    0.0000000000E+00,    1.3991867660E+02,    1.3991867660E+02,    0.0000000000E+00,    0.0000000000E+00,    0.0000000000E+00,    1.3991867660E+02
    121550,      0.676942,CP2_after_erosion,   1,    0.0000000000E+00,    1.3991867660E+02,    1.3991867660E+02,    0.0000000000E+00,    0.0000000000E+00,    0.0000000000E+00,    1.3991867660E+02
    121550,      0.676942,CP3_after_update_bottom,   1,    0.0000000000E+00,    1.3991867660E+02,    1.3991867660E+02,    0.0000000000E+00,    0.0000000000E+00,    0.0000000000E+00,    1.3991867660E+02
    121550,      0.676942,CP4_after_advection,   1,    0.0000000000E+00,    1.3992601508E+02,    1.3992601508E+02,    0.0000000000E+00,    0.0000000000E+00,    0.0000000000E+00,    1.3992601508E+02
    121550,      0.676942,CP5_after_vdif,   1,    0.0000000000E+00,    1.3992601508E+02,    1.3992601508E+02,    0.0000000000E+00,    0.0000000000E+00,    0.0000000000E+00,    1.3992601508E+02
    121550,      0.676942,CP6_after_kinetics,   1,    0.0000000000E+00,    1.3992601508E+02,    1.3992601508E+02,    0.0000000000E+00,    0.0000000000E+00,    0.0000000000E+00,    1.3992601508E+02
    121550,      0.676942,CP7_after_upper_clamp,   1,    0.0000000000E+00,    1.3992601508E+02,    1.3992601508E+02,    0.0000000000E+00,    0.0000000000E+00,    0.0000000000E+00,    1.3992601508E+02
    121550,      0.676942,CP8_after_OBC,   1,    0.0000000000E+00,    1.3992601508E+02,    1.3992601508E+02,    0.0000000000E+00,    0.0000000000E+00,    0.0000000000E+00,    1.3992601508E+02
    121550,      0.676942,CP9_after_PTsource,   1,    0.0000000000E+00,    1.3992601508E+02,    1.3992601508E+02,    0.0000000000E+00,    0.0000000000E+00,    0.0000000000E+00,    1.3992601508E+02
    121550,      0.676942,CP10_after_neg_clamp,   1,    0.0000000000E+00,    1.3992601508E+02,    1.3992601508E+02,    0.0000000000E+00,    0.0000000000E+00,    0.0000000000E+00,    1.3992601508E+02
    121550,      0.676942,CP11_after_MPI,   1,    0.0000000000E+00,    1.3992601508E+02,    1.3992601508E+02,    0.0000000000E+00,    0.0000000000E+00,    0.0000000000E+00,    1.3992601508E+02
    121550,      0.676942,CP12_end,   1,    0.0000000000E+00,    1.3992601508E+02,    1.3992601508E+02,    0.0000000000E+00,    0.0000000000E+00,    0.0000000000E+00,    1.3992601508E+02
    121600,      0.676942,CP0_start,   1,    0.0000000000E+00,    1.4002384001E+02,    1.4002384001E+02,    0.0000000000E+00,    0.0000000000E+00,    0.0000000000E+00,    1.4002384001E+02
    121600,      0.676942,CP1_after_deposition,   1,    0.0000000000E+00,    1.4002384001E+02,    1.4002384001E+02,    0.0000000000E+00,    0.0000000000E+00,    0.0000000000E+00,    1.4002384001E+02
    121600,      0.676942,CP2_after_erosion,   1,    0.0000000000E+00,    1.4002384001E+02,    1.4002384001E+02,    0.0000000000E+00,    0.0000000000E+00,    0.0000000000E+00,    1.4002384001E+02
    121600,      0.676942,CP3_after_update_bottom,   1,    0.0000000000E+00,    1.4002384001E+02,    1.4002384001E+02,    0.0000000000E+00,    0.0000000000E+00,    0.0000000000E+00,    1.4002384001E+02
    121600,      0.676942,CP4_after_advection,   1,    0.0000000000E+00,    1.4003124896E+02,    1.4003124896E+02,    0.0000000000E+00,    0.0000000000E+00,    0.0000000000E+00,    1.4003124896E+02
    121600,      0.676942,CP5_after_vdif,   1,    0.0000000000E+00,    1.4003124896E+02,    1.4003124896E+02,    0.0000000000E+00,    0.0000000000E+00,    0.0000000000E+00,    1.4003124896E+02
    121600,      0.676942,CP6_after_kinetics,   1,    0.0000000000E+00,    1.4003124896E+02,    1.4003124896E+02,    0.0000000000E+00,    0.0000000000E+00,    0.0000000000E+00,    1.4003124896E+02
    121600,      0.676942,CP7_after_upper_clamp,   1,    0.0000000000E+00,    1.4003124896E+02,    1.4003124896E+02,    0.0000000000E+00,    0.0000000000E+00,    0.0000000000E+00,    1.4003124896E+02
    121600,      0.676942,CP8_after_OBC,   1,    0.0000000000E+00,    1.4003124896E+02,    1.4003124896E+02,    0.0000000000E+00,    0.0000000000E+00,    0.0000000000E+00,    1.4003124896E+02
    121600,      0.676942,CP9_after_PTsource,   1,    0.0000000000E+00,    1.4003124896E+02,    1.4003124896E+02,    0.0000000000E+00,    0.0000000000E+00,    0.0000000000E+00,    1.4003124896E+02
    121600,      0.676942,CP10_after_neg_clamp,   1,    0.0000000000E+00,    1.4003124896E+02,    1.4003124896E+02,    0.0000000000E+00,    0.0000000000E+00,    0.0000000000E+00,    1.4003124896E+02
    121600,      0.676942,CP11_after_MPI,   1,    0.0000000000E+00,    1.4003124896E+02,    1.4003124896E+02,    0.0000000000E+00,    0.0000000000E+00,    0.0000000000E+00,    1.4003124896E+02
    121600,      0.676942,CP12_end,   1,    0.0000000000E+00,    1.4003124896E+02,    1.4003124896E+02,    0.0000000000E+00,    0.0000000000E+00,    0.0000000000E+00,    1.4003124896E+02
    121650,      0.676942,CP0_start,   1,    0.0000000000E+00,    1.4013228374E+02,    1.4013228374E+02,    0.0000000000E+00,    0.0000000000E+00,    0.0000000000E+00,    1.4013228374E+02
    121650,      0.676942,CP1_after_deposition,   1,    0.0000000000E+00,    1.4013228374E+02,    1.4013228374E+02,    0.0000000000E+00,    0.0000000000E+00,    0.0000000000E+00,    1.4013228374E+02
    121650,      0.676942,CP2_after_erosion,   1,    0.0000000000E+00,    1.4013228374E+02,    1.4013228374E+02,    0.0000000000E+00,    0.0000000000E+00,    0.0000000000E+00,    1.4013228374E+02
    121650,      0.676942,CP3_after_update_bottom,   1,    0.0000000000E+00,    1.4013228374E+02,    1.4013228374E+02,    0.0000000000E+00,    0.0000000000E+00,    0.0000000000E+00,    1.4013228374E+02
    121650,      0.676942,CP4_after_advection,   1,    0.0000000000E+00,    1.4013974736E+02,    1.4013974736E+02,    0.0000000000E+00,    0.0000000000E+00,    0.0000000000E+00,    1.4013974736E+02
    121650,      0.676942,CP5_after_vdif,   1,    0.0000000000E+00,    1.4013974736E+02,    1.4013974736E+02,    0.0000000000E+00,    0.0000000000E+00,    0.0000000000E+00,    1.4013974736E+02
    121650,      0.676942,CP6_after_kinetics,   1,    0.0000000000E+00,    1.4013974736E+02,    1.4013974736E+02,    0.0000000000E+00,    0.0000000000E+00,    0.0000000000E+00,    1.4013974736E+02
    121650,      0.676942,CP7_after_upper_clamp,   1,    0.0000000000E+00,    1.4013974736E+02,    1.4013974736E+02,    0.0000000000E+00,    0.0000000000E+00,    0.0000000000E+00,    1.4013974736E+02
    121650,      0.676942,CP8_after_OBC,   1,    0.0000000000E+00,    1.4013974736E+02,    1.4013974736E+02,    0.0000000000E+00,    0.0000000000E+00,    0.0000000000E+00,    1.4013974736E+02
    121650,      0.676942,CP9_after_PTsource,   1,    0.0000000000E+00,    1.4013974736E+02,    1.4013974736E+02,    0.0000000000E+00,    0.0000000000E+00,    0.0000000000E+00,    1.4013974736E+02
    121650,      0.676942,CP10_after_neg_clamp,   1,    0.0000000000E+00,    1.4013974736E+02,    1.4013974736E+02,    0.0000000000E+00,    0.0000000000E+00,    0.0000000000E+00,    1.4013974736E+02
    121650,      0.676942,CP11_after_MPI,   1,    0.0000000000E+00,    1.4013974736E+02,    1.4013974736E+02,    0.0000000000E+00,    0.0000000000E+00,    0.0000000000E+00,    1.4013974736E+02
    121650,      0.676942,CP12_end,   1,    0.0000000000E+00,    1.4013974736E+02,    1.4013974736E+02,    0.0000000000E+00,    0.0000000000E+00,    0.0000000000E+00,    1.4013974736E+02
    121700,      0.676942,CP0_start,   1,    0.0000000000E+00,    1.4024351940E+02,    1.4024351940E+02,    0.0000000000E+00,    0.0000000000E+00,    0.0000000000E+00,    1.4024351940E+02
    121700,      0.676942,CP1_after_deposition,   1,    0.0000000000E+00,    1.4024351940E+02,    1.4024351940E+02,    0.0000000000E+00,    0.0000000000E+00,    0.0000000000E+00,    1.4024351940E+02
    121700,      0.676942,CP2_after_erosion,   1,    0.0000000000E+00,    1.4024351940E+02,    1.4024351940E+02,    0.0000000000E+00,    0.0000000000E+00,    0.0000000000E+00,    1.4024351940E+02
    121700,      0.676942,CP3_after_update_bottom,   1,    0.0000000000E+00,    1.4024351940E+02,    1.4024351940E+02,    0.0000000000E+00,    0.0000000000E+00,    0.0000000000E+00,    1.4024351940E+02
    121700,      0.676942,CP4_after_advection,   1,    0.0000000000E+00,    1.4025102291E+02,    1.4025102291E+02,    0.0000000000E+00,    0.0000000000E+00,    0.0000000000E+00,    1.4025102291E+02
    121700,      0.676942,CP5_after_vdif,   1,    0.0000000000E+00,    1.4025102291E+02,    1.4025102291E+02,    0.0000000000E+00,    0.0000000000E+00,    0.0000000000E+00,    1.4025102291E+02
    121700,      0.676942,CP6_after_kinetics,   1,    0.0000000000E+00,    1.4025102291E+02,    1.4025102291E+02,    0.0000000000E+00,    0.0000000000E+00,    0.0000000000E+00,    1.4025102291E+02
    121700,      0.676942,CP7_after_upper_clamp,   1,    0.0000000000E+00,    1.4025102291E+02,    1.4025102291E+02,    0.0000000000E+00,    0.0000000000E+00,    0.0000000000E+00,    1.4025102291E+02
    121700,      0.676942,CP8_after_OBC,   1,    0.0000000000E+00,    1.4025102291E+02,    1.4025102291E+02,    0.0000000000E+00,    0.0000000000E+00,    0.0000000000E+00,    1.4025102291E+02
    121700,      0.676942,CP9_after_PTsource,   1,    0.0000000000E+00,    1.4025102291E+02,    1.4025102291E+02,    0.0000000000E+00,    0.0000000000E+00,    0.0000000000E+00,    1.4025102291E+02
    121700,      0.676942,CP10_after_neg_clamp,   1,    0.0000000000E+00,    1.4025102291E+02,    1.4025102291E+02,    0.0000000000E+00,    0.0000000000E+00,    0.0000000000E+00,    1.4025102291E+02
    121700,      0.676942,CP11_after_MPI,   1,    0.0000000000E+00,    1.4025102291E+02,    1.4025102291E+02,    0.0000000000E+00,    0.0000000000E+00,    0.0000000000E+00,    1.4025102291E+02
    121700,      0.676942,CP12_end,   1,    0.0000000000E+00,    1.4025102291E+02,    1.4025102291E+02,    0.0000000000E+00,    0.0000000000E+00,    0.0000000000E+00,    1.4025102291E+02
    121750,      0.676942,CP0_start,   1,    0.0000000000E+00,    1.4035655899E+02,    1.4035655899E+02,    0.0000000000E+00,    0.0000000000E+00,    0.0000000000E+00,    1.4035655899E+02
    121750,      0.676942,CP1_after_deposition,   1,    0.0000000000E+00,    1.4035655899E+02,    1.4035655899E+02,    0.0000000000E+00,    0.0000000000E+00,    0.0000000000E+00,    1.4035655899E+02
    121750,      0.676942,CP2_after_erosion,   1,    0.0000000000E+00,    1.4035655899E+02,    1.4035655899E+02,    0.0000000000E+00,    0.0000000000E+00,    0.0000000000E+00,    1.4035655899E+02
    121750,      0.676942,CP3_after_update_bottom,   1,    0.0000000000E+00,    1.4035655899E+02,    1.4035655899E+02,    0.0000000000E+00,    0.0000000000E+00,    0.0000000000E+00,    1.4035655899E+02
    121750,      0.676942,CP4_after_advection,   1,    0.0000000000E+00,    1.4036408171E+02,    1.4036408171E+02,    0.0000000000E+00,    0.0000000000E+00,    0.0000000000E+00,    1.4036408171E+02
    121750,      0.676942,CP5_after_vdif,   1,    0.0000000000E+00,    1.4036408171E+02,    1.4036408171E+02,    0.0000000000E+00,    0.0000000000E+00,    0.0000000000E+00,    1.4036408171E+02
    121750,      0.676942,CP6_after_kinetics,   1,    0.0000000000E+00,    1.4036408171E+02,    1.4036408171E+02,    0.0000000000E+00,    0.0000000000E+00,    0.0000000000E+00,    1.4036408171E+02
    121750,      0.676942,CP7_after_upper_clamp,   1,    0.0000000000E+00,    1.4036408171E+02,    1.4036408171E+02,    0.0000000000E+00,    0.0000000000E+00,    0.0000000000E+00,    1.4036408171E+02
    121750,      0.676942,CP8_after_OBC,   1,    0.0000000000E+00,    1.4036408171E+02,    1.4036408171E+02,    0.0000000000E+00,    0.0000000000E+00,    0.0000000000E+00,    1.4036408171E+02
    121750,      0.676942,CP9_after_PTsource,   1,    0.0000000000E+00,    1.4036408171E+02,    1.4036408171E+02,    0.0000000000E+00,    0.0000000000E+00,    0.0000000000E+00,    1.4036408171E+02
    121750,      0.676942,CP10_after_neg_clamp,   1,    0.0000000000E+00,    1.4036408171E+02,    1.4036408171E+02,    0.0000000000E+00,    0.0000000000E+00,    0.0000000000E+00,    1.4036408171E+02
    121750,      0.676942,CP11_after_MPI,   1,    0.0000000000E+00,    1.4036408171E+02,    1.4036408171E+02,    0.0000000000E+00,    0.0000000000E+00,    0.0000000000E+00,    1.4036408171E+02
    121750,      0.676942,CP12_end,   1,    0.0000000000E+00,    1.4036408171E+02,    1.4036408171E+02,    0.0000000000E+00,    0.0000000000E+00,    0.0000000000E+00,    1.4036408171E+02
    121800,      0.676942,CP0_start,   1,    0.0000000000E+00,    1.4047047361E+02,    1.4047047361E+02,    0.0000000000E+00,    0.0000000000E+00,    0.0000000000E+00,    1.4047047361E+02
    121800,      0.676942,CP1_after_deposition,   1,    0.0000000000E+00,    1.4047047361E+02,    1.4047047361E+02,    0.0000000000E+00,    0.0000000000E+00,    0.0000000000E+00,    1.4047047361E+02
    121800,      0.676942,CP2_after_erosion,   1,    0.0000000000E+00,    1.4047047361E+02,    1.4047047361E+02,    0.0000000000E+00,    0.0000000000E+00,    0.0000000000E+00,    1.4047047361E+02
    121800,      0.676942,CP3_after_update_bottom,   1,    0.0000000000E+00,    1.4047047361E+02,    1.4047047361E+02,    0.0000000000E+00,    0.0000000000E+00,    0.0000000000E+00,    1.4047047361E+02
    121800,      0.676942,CP4_after_advection,   1,    0.0000000000E+00,    1.4047799573E+02,    1.4047799573E+02,    0.0000000000E+00,    0.0000000000E+00,    0.0000000000E+00,    1.4047799573E+02
    121800,      0.676942,CP5_after_vdif,   1,    0.0000000000E+00,    1.4047799573E+02,    1.4047799573E+02,    0.0000000000E+00,    0.0000000000E+00,    0.0000000000E+00,    1.4047799573E+02
    121800,      0.676942,CP6_after_kinetics,   1,    0.0000000000E+00,    1.4047799573E+02,    1.4047799573E+02,    0.0000000000E+00,    0.0000000000E+00,    0.0000000000E+00,    1.4047799573E+02
    121800,      0.676942,CP7_after_upper_clamp,   1,    0.0000000000E+00,    1.4047799573E+02,    1.4047799573E+02,    0.0000000000E+00,    0.0000000000E+00,    0.0000000000E+00,    1.4047799573E+02
    121800,      0.676942,CP8_after_OBC,   1,    0.0000000000E+00,    1.4047799573E+02,    1.4047799573E+02,    0.0000000000E+00,    0.0000000000E+00,    0.0000000000E+00,    1.4047799573E+02
    121800,      0.676942,CP9_after_PTsource,   1,    0.0000000000E+00,    1.4047799573E+02,    1.4047799573E+02,    0.0000000000E+00,    0.0000000000E+00,    0.0000000000E+00,    1.4047799573E+02
    121800,      0.676942,CP10_after_neg_clamp,   1,    0.0000000000E+00,    1.4047799573E+02,    1.4047799573E+02,    0.0000000000E+00,    0.0000000000E+00,    0.0000000000E+00,    1.4047799573E+02
    121800,      0.676942,CP11_after_MPI,   1,    0.0000000000E+00,    1.4047799573E+02,    1.4047799573E+02,    0.0000000000E+00,    0.0000000000E+00,    0.0000000000E+00,    1.4047799573E+02
    121800,      0.676942,CP12_end,   1,    0.0000000000E+00,    1.4047799573E+02,    1.4047799573E+02,    0.0000000000E+00,    0.0000000000E+00,    0.0000000000E+00,    1.4047799573E+02
    121850,      0.676942,CP0_start,   1,    0.0000000000E+00,    1.4058444363E+02,    1.4058444363E+02,    0.0000000000E+00,    0.0000000000E+00,    0.0000000000E+00,    1.4058444363E+02
    121850,      0.676942,CP1_after_deposition,   1,    0.0000000000E+00,    1.4058444363E+02,    1.4058444363E+02,    0.0000000000E+00,    0.0000000000E+00,    0.0000000000E+00,    1.4058444363E+02
    121850,      0.676942,CP2_after_erosion,   1,    0.0000000000E+00,    1.4058444363E+02,    1.4058444363E+02,    0.0000000000E+00,    0.0000000000E+00,    0.0000000000E+00,    1.4058444363E+02
    121850,      0.676942,CP3_after_update_bottom,   1,    0.0000000000E+00,    1.4058444363E+02,    1.4058444363E+02,    0.0000000000E+00,    0.0000000000E+00,    0.0000000000E+00,    1.4058444363E+02
    121850,      0.676942,CP4_after_advection,   1,    0.0000000000E+00,    1.4059195164E+02,    1.4059195164E+02,    0.0000000000E+00,    0.0000000000E+00,    0.0000000000E+00,    1.4059195164E+02
    121850,      0.676942,CP5_after_vdif,   1,    0.0000000000E+00,    1.4059195164E+02,    1.4059195164E+02,    0.0000000000E+00,    0.0000000000E+00,    0.0000000000E+00,    1.4059195164E+02
    121850,      0.676942,CP6_after_kinetics,   1,    0.0000000000E+00,    1.4059195164E+02,    1.4059195164E+02,    0.0000000000E+00,    0.0000000000E+00,    0.0000000000E+00,    1.4059195164E+02
    121850,      0.676942,CP7_after_upper_clamp,   1,    0.0000000000E+00,    1.4059195164E+02,    1.4059195164E+02,    0.0000000000E+00,    0.0000000000E+00,    0.0000000000E+00,    1.4059195164E+02
    121850,      0.676942,CP8_after_OBC,   1,    0.0000000000E+00,    1.4059195164E+02,    1.4059195164E+02,    0.0000000000E+00,    0.0000000000E+00,    0.0000000000E+00,    1.4059195164E+02
    121850,      0.676942,CP9_after_PTsource,   1,    0.0000000000E+00,    1.4059195164E+02,    1.4059195164E+02,    0.0000000000E+00,    0.0000000000E+00,    0.0000000000E+00,    1.4059195164E+02
    121850,      0.676942,CP10_after_neg_clamp,   1,    0.0000000000E+00,    1.4059195164E+02,    1.4059195164E+02,    0.0000000000E+00,    0.0000000000E+00,    0.0000000000E+00,    1.4059195164E+02
    121850,      0.676942,CP11_after_MPI,   1,    0.0000000000E+00,    1.4059195164E+02,    1.4059195164E+02,    0.0000000000E+00,    0.0000000000E+00,    0.0000000000E+00,    1.4059195164E+02
    121850,      0.676942,CP12_end,   1,    0.0000000000E+00,    1.4059195164E+02,    1.4059195164E+02,    0.0000000000E+00,    0.0000000000E+00,    0.0000000000E+00,    1.4059195164E+02
    121900,      0.676942,CP0_start,   1,    0.0000000000E+00,    1.4069783878E+02,    1.4069783878E+02,    0.0000000000E+00,    0.0000000000E+00,    0.0000000000E+00,    1.4069783878E+02
    121900,      0.676942,CP1_after_deposition,   1,    0.0000000000E+00,    1.4069783878E+02,    1.4069783878E+02,    0.0000000000E+00,    0.0000000000E+00,    0.0000000000E+00,    1.4069783878E+02
    121900,      0.676942,CP2_after_erosion,   1,    0.0000000000E+00,    1.4069783878E+02,    1.4069783878E+02,    0.0000000000E+00,    0.0000000000E+00,    0.0000000000E+00,    1.4069783878E+02
    121900,      0.676942,CP3_after_update_bottom,   1,    0.0000000000E+00,    1.4069783878E+02,    1.4069783878E+02,    0.0000000000E+00,    0.0000000000E+00,    0.0000000000E+00,    1.4069783878E+02
    121900,      0.676942,CP4_after_advection,   1,    0.0000000000E+00,    1.4070531844E+02,    1.4070531844E+02,    0.0000000000E+00,    0.0000000000E+00,    0.0000000000E+00,    1.4070531844E+02
    121900,      0.676942,CP5_after_vdif,   1,    0.0000000000E+00,    1.4070531844E+02,    1.4070531844E+02,    0.0000000000E+00,    0.0000000000E+00,    0.0000000000E+00,    1.4070531844E+02
    121900,      0.676942,CP6_after_kinetics,   1,    0.0000000000E+00,    1.4070531844E+02,    1.4070531844E+02,    0.0000000000E+00,    0.0000000000E+00,    0.0000000000E+00,    1.4070531844E+02
    121900,      0.676942,CP7_after_upper_clamp,   1,    0.0000000000E+00,    1.4070531844E+02,    1.4070531844E+02,    0.0000000000E+00,    0.0000000000E+00,    0.0000000000E+00,    1.4070531844E+02
    121900,      0.676942,CP8_after_OBC,   1,    0.0000000000E+00,    1.4070531844E+02,    1.4070531844E+02,    0.0000000000E+00,    0.0000000000E+00,    0.0000000000E+00,    1.4070531844E+02
    121900,      0.676942,CP9_after_PTsource,   1,    0.0000000000E+00,    1.4070531844E+02,    1.4070531844E+02,    0.0000000000E+00,    0.0000000000E+00,    0.0000000000E+00,    1.4070531844E+02
    121900,      0.676942,CP10_after_neg_clamp,   1,    0.0000000000E+00,    1.4070531844E+02,    1.4070531844E+02,    0.0000000000E+00,    0.0000000000E+00,    0.0000000000E+00,    1.4070531844E+02
    121900,      0.676942,CP11_after_MPI,   1,    0.0000000000E+00,    1.4070531844E+02,    1.4070531844E+02,    0.0000000000E+00,    0.0000000000E+00,    0.0000000000E+00,    1.4070531844E+02
    121900,      0.676942,CP12_end,   1,    0.0000000000E+00,    1.4070531844E+02,    1.4070531844E+02,    0.0000000000E+00,    0.0000000000E+00,    0.0000000000E+00,    1.4070531844E+02
    121950,      0.676942,CP0_start,   1,    0.0000000000E+00,    1.4081021355E+02,    1.4081021355E+02,    0.0000000000E+00,    0.0000000000E+00,    0.0000000000E+00,    1.4081021355E+02
    121950,      0.676942,CP1_after_deposition,   1,    0.0000000000E+00,    1.4081021355E+02,    1.4081021355E+02,    0.0000000000E+00,    0.0000000000E+00,    0.0000000000E+00,    1.4081021355E+02
    121950,      0.676942,CP2_after_erosion,   1,    0.0000000000E+00,    1.4081021355E+02,    1.4081021355E+02,    0.0000000000E+00,    0.0000000000E+00,    0.0000000000E+00,    1.4081021355E+02
    121950,      0.676942,CP3_after_update_bottom,   1,    0.0000000000E+00,    1.4081021355E+02,    1.4081021355E+02,    0.0000000000E+00,    0.0000000000E+00,    0.0000000000E+00,    1.4081021355E+02
    121950,      0.676942,CP4_after_advection,   1,    0.0000000000E+00,    1.4081765683E+02,    1.4081765683E+02,    0.0000000000E+00,    0.0000000000E+00,    0.0000000000E+00,    1.4081765683E+02
    121950,      0.676942,CP5_after_vdif,   1,    0.0000000000E+00,    1.4081765683E+02,    1.4081765683E+02,    0.0000000000E+00,    0.0000000000E+00,    0.0000000000E+00,    1.4081765683E+02
    121950,      0.676942,CP6_after_kinetics,   1,    0.0000000000E+00,    1.4081765683E+02,    1.4081765683E+02,    0.0000000000E+00,    0.0000000000E+00,    0.0000000000E+00,    1.4081765683E+02
    121950,      0.676942,CP7_after_upper_clamp,   1,    0.0000000000E+00,    1.4081765683E+02,    1.4081765683E+02,    0.0000000000E+00,    0.0000000000E+00,    0.0000000000E+00,    1.4081765683E+02
    121950,      0.676942,CP8_after_OBC,   1,    0.0000000000E+00,    1.4081765683E+02,    1.4081765683E+02,    0.0000000000E+00,    0.0000000000E+00,    0.0000000000E+00,    1.4081765683E+02
    121950,      0.676942,CP9_after_PTsource,   1,    0.0000000000E+00,    1.4081765683E+02,    1.4081765683E+02,    0.0000000000E+00,    0.0000000000E+00,    0.0000000000E+00,    1.4081765683E+02
    121950,      0.676942,CP10_after_neg_clamp,   1,    0.0000000000E+00,    1.4081765683E+02,    1.4081765683E+02,    0.0000000000E+00,    0.0000000000E+00,    0.0000000000E+00,    1.4081765683E+02
    121950,      0.676942,CP11_after_MPI,   1,    0.0000000000E+00,    1.4081765683E+02,    1.4081765683E+02,    0.0000000000E+00,    0.0000000000E+00,    0.0000000000E+00,    1.4081765683E+02
    121950,      0.676942,CP12_end,   1,    0.0000000000E+00,    1.4081765683E+02,    1.4081765683E+02,    0.0000000000E+00,    0.0000000000E+00,    0.0000000000E+00,    1.4081765683E+02
    122000,      0.676942,CP0_start,   1,    0.0000000000E+00,    1.4092129107E+02,    1.4092129107E+02,    0.0000000000E+00,    0.0000000000E+00,    0.0000000000E+00,    1.4092129107E+02
    122000,      0.676942,CP1_after_deposition,   1,    0.0000000000E+00,    1.4092129107E+02,    1.4092129107E+02,    0.0000000000E+00,    0.0000000000E+00,    0.0000000000E+00,    1.4092129107E+02
    122000,      0.676942,CP2_after_erosion,   1,    0.0000000000E+00,    1.4092129107E+02,    1.4092129107E+02,    0.0000000000E+00,    0.0000000000E+00,    0.0000000000E+00,    1.4092129107E+02
    122000,      0.676942,CP3_after_update_bottom,   1,    0.0000000000E+00,    1.4092129107E+02,    1.4092129107E+02,    0.0000000000E+00,    0.0000000000E+00,    0.0000000000E+00,    1.4092129107E+02
    122000,      0.676942,CP4_after_advection,   1,    0.0000000000E+00,    1.4092869791E+02,    1.4092869791E+02,    0.0000000000E+00,    0.0000000000E+00,    0.0000000000E+00,    1.4092869791E+02
    122000,      0.676942,CP5_after_vdif,   1,    0.0000000000E+00,    1.4092869791E+02,    1.4092869791E+02,    0.0000000000E+00,    0.0000000000E+00,    0.0000000000E+00,    1.4092869791E+02
    122000,      0.676942,CP6_after_kinetics,   1,    0.0000000000E+00,    1.4092869791E+02,    1.4092869791E+02,    0.0000000000E+00,    0.0000000000E+00,    0.0000000000E+00,    1.4092869791E+02
    122000,      0.676942,CP7_after_upper_clamp,   1,    0.0000000000E+00,    1.4092869791E+02,    1.4092869791E+02,    0.0000000000E+00,    0.0000000000E+00,    0.0000000000E+00,    1.4092869791E+02
    122000,      0.676942,CP8_after_OBC,   1,    0.0000000000E+00,    1.4092869791E+02,    1.4092869791E+02,    0.0000000000E+00,    0.0000000000E+00,    0.0000000000E+00,    1.4092869791E+02
    122000,      0.676942,CP9_after_PTsource,   1,    0.0000000000E+00,    1.4092869791E+02,    1.4092869791E+02,    0.0000000000E+00,    0.0000000000E+00,    0.0000000000E+00,    1.4092869791E+02
    122000,      0.676942,CP10_after_neg_clamp,   1,    0.0000000000E+00,    1.4092869791E+02,    1.4092869791E+02,    0.0000000000E+00,    0.0000000000E+00,    0.0000000000E+00,    1.4092869791E+02
    122000,      0.676942,CP11_after_MPI,   1,    0.0000000000E+00,    1.4092869791E+02,    1.4092869791E+02,    0.0000000000E+00,    0.0000000000E+00,    0.0000000000E+00,    1.4092869791E+02
    122000,      0.676942,CP12_end,   1,    0.0000000000E+00,    1.4092869791E+02,    1.4092869791E+02,    0.0000000000E+00,    0.0000000000E+00,    0.0000000000E+00,    1.4092869791E+02
    122050,      0.676942,CP0_start,   1,    0.0000000000E+00,    1.4103104822E+02,    1.4103104822E+02,    0.0000000000E+00,    0.0000000000E+00,    0.0000000000E+00,    1.4103104822E+02
    122050,      0.676942,CP1_after_deposition,   1,    0.0000000000E+00,    1.4103104822E+02,    1.4103104822E+02,    0.0000000000E+00,    0.0000000000E+00,    0.0000000000E+00,    1.4103104822E+02
    122050,      0.676942,CP2_after_erosion,   1,    0.0000000000E+00,    1.4103104822E+02,    1.4103104822E+02,    0.0000000000E+00,    0.0000000000E+00,    0.0000000000E+00,    1.4103104822E+02
    122050,      0.676942,CP3_after_update_bottom,   1,    0.0000000000E+00,    1.4103104822E+02,    1.4103104822E+02,    0.0000000000E+00,    0.0000000000E+00,    0.0000000000E+00,    1.4103104822E+02
    122050,      0.676942,CP4_after_advection,   1,    0.0000000000E+00,    1.4103842039E+02,    1.4103842039E+02,    0.0000000000E+00,    0.0000000000E+00,    0.0000000000E+00,    1.4103842039E+02
    122050,      0.676942,CP5_after_vdif,   1,    0.0000000000E+00,    1.4103842039E+02,    1.4103842039E+02,    0.0000000000E+00,    0.0000000000E+00,    0.0000000000E+00,    1.4103842039E+02
    122050,      0.676942,CP6_after_kinetics,   1,    0.0000000000E+00,    1.4103842039E+02,    1.4103842039E+02,    0.0000000000E+00,    0.0000000000E+00,    0.0000000000E+00,    1.4103842039E+02
    122050,      0.676942,CP7_after_upper_clamp,   1,    0.0000000000E+00,    1.4103842039E+02,    1.4103842039E+02,    0.0000000000E+00,    0.0000000000E+00,    0.0000000000E+00,    1.4103842039E+02
    122050,      0.676942,CP8_after_OBC,   1,    0.0000000000E+00,    1.4103842039E+02,    1.4103842039E+02,    0.0000000000E+00,    0.0000000000E+00,    0.0000000000E+00,    1.4103842039E+02
    122050,      0.676942,CP9_after_PTsource,   1,    0.0000000000E+00,    1.4103842039E+02,    1.4103842039E+02,    0.0000000000E+00,    0.0000000000E+00,    0.0000000000E+00,    1.4103842039E+02
    122050,      0.676942,CP10_after_neg_clamp,   1,    0.0000000000E+00,    1.4103842039E+02,    1.4103842039E+02,    0.0000000000E+00,    0.0000000000E+00,    0.0000000000E+00,    1.4103842039E+02
    122050,      0.676942,CP11_after_MPI,   1,    0.0000000000E+00,    1.4103842039E+02,    1.4103842039E+02,    0.0000000000E+00,    0.0000000000E+00,    0.0000000000E+00,    1.4103842039E+02
    122050,      0.676942,CP12_end,   1,    0.0000000000E+00,    1.4103842039E+02,    1.4103842039E+02,    0.0000000000E+00,    0.0000000000E+00,    0.0000000000E+00,    1.4103842039E+02
    122100,      0.676942,CP0_start,   1,    0.0000000000E+00,    1.4113961369E+02,    1.4113961369E+02,    0.0000000000E+00,    0.0000000000E+00,    0.0000000000E+00,    1.4113961369E+02
    122100,      0.676942,CP1_after_deposition,   1,    0.0000000000E+00,    1.4113961369E+02,    1.4113961369E+02,    0.0000000000E+00,    0.0000000000E+00,    0.0000000000E+00,    1.4113961369E+02
    122100,      0.676942,CP2_after_erosion,   1,    0.0000000000E+00,    1.4113961369E+02,    1.4113961369E+02,    0.0000000000E+00,    0.0000000000E+00,    0.0000000000E+00,    1.4113961369E+02
    122100,      0.676942,CP3_after_update_bottom,   1,    0.0000000000E+00,    1.4113961369E+02,    1.4113961369E+02,    0.0000000000E+00,    0.0000000000E+00,    0.0000000000E+00,    1.4113961369E+02
    122100,      0.676942,CP4_after_advection,   1,    0.0000000000E+00,    1.4114694029E+02,    1.4114694029E+02,    0.0000000000E+00,    0.0000000000E+00,    0.0000000000E+00,    1.4114694029E+02
    122100,      0.676942,CP5_after_vdif,   1,    0.0000000000E+00,    1.4114694029E+02,    1.4114694029E+02,    0.0000000000E+00,    0.0000000000E+00,    0.0000000000E+00,    1.4114694029E+02
    122100,      0.676942,CP6_after_kinetics,   1,    0.0000000000E+00,    1.4114694029E+02,    1.4114694029E+02,    0.0000000000E+00,    0.0000000000E+00,    0.0000000000E+00,    1.4114694029E+02
    122100,      0.676942,CP7_after_upper_clamp,   1,    0.0000000000E+00,    1.4114694029E+02,    1.4114694029E+02,    0.0000000000E+00,    0.0000000000E+00,    0.0000000000E+00,    1.4114694029E+02
    122100,      0.676942,CP8_after_OBC,   1,    0.0000000000E+00,    1.4114694029E+02,    1.4114694029E+02,    0.0000000000E+00,    0.0000000000E+00,    0.0000000000E+00,    1.4114694029E+02
    122100,      0.676942,CP9_after_PTsource,   1,    0.0000000000E+00,    1.4114694029E+02,    1.4114694029E+02,    0.0000000000E+00,    0.0000000000E+00,    0.0000000000E+00,    1.4114694029E+02
    122100,      0.676942,CP10_after_neg_clamp,   1,    0.0000000000E+00,    1.4114694029E+02,    1.4114694029E+02,    0.0000000000E+00,    0.0000000000E+00,    0.0000000000E+00,    1.4114694029E+02
    122100,      0.676942,CP11_after_MPI,   1,    0.0000000000E+00,    1.4114694029E+02,    1.4114694029E+02,    0.0000000000E+00,    0.0000000000E+00,    0.0000000000E+00,    1.4114694029E+02
    122100,      0.676942,CP12_end,   1,    0.0000000000E+00,    1.4114694029E+02,    1.4114694029E+02,    0.0000000000E+00,    0.0000000000E+00,    0.0000000000E+00,    1.4114694029E+02
    122150,      0.676942,CP0_start,   1,    0.0000000000E+00,    1.4124708530E+02,    1.4124708530E+02,    0.0000000000E+00,    0.0000000000E+00,    0.0000000000E+00,    1.4124708530E+02
    122150,      0.676942,CP1_after_deposition,   1,    0.0000000000E+00,    1.4124708530E+02,    1.4124708530E+02,    0.0000000000E+00,    0.0000000000E+00,    0.0000000000E+00,    1.4124708530E+02
    122150,      0.676942,CP2_after_erosion,   1,    0.0000000000E+00,    1.4124708530E+02,    1.4124708530E+02,    0.0000000000E+00,    0.0000000000E+00,    0.0000000000E+00,    1.4124708530E+02
    122150,      0.676942,CP3_after_update_bottom,   1,    0.0000000000E+00,    1.4124708530E+02,    1.4124708530E+02,    0.0000000000E+00,    0.0000000000E+00,    0.0000000000E+00,    1.4124708530E+02
    122150,      0.676942,CP4_after_advection,   1,    0.0000000000E+00,    1.4125438845E+02,    1.4125438845E+02,    0.0000000000E+00,    0.0000000000E+00,    0.0000000000E+00,    1.4125438845E+02
    122150,      0.676942,CP5_after_vdif,   1,    0.0000000000E+00,    1.4125438845E+02,    1.4125438845E+02,    0.0000000000E+00,    0.0000000000E+00,    0.0000000000E+00,    1.4125438845E+02
    122150,      0.676942,CP6_after_kinetics,   1,    0.0000000000E+00,    1.4125438845E+02,    1.4125438845E+02,    0.0000000000E+00,    0.0000000000E+00,    0.0000000000E+00,    1.4125438845E+02
    122150,      0.676942,CP7_after_upper_clamp,   1,    0.0000000000E+00,    1.4125438845E+02,    1.4125438845E+02,    0.0000000000E+00,    0.0000000000E+00,    0.0000000000E+00,    1.4125438845E+02
    122150,      0.676942,CP8_after_OBC,   1,    0.0000000000E+00,    1.4125438845E+02,    1.4125438845E+02,    0.0000000000E+00,    0.0000000000E+00,    0.0000000000E+00,    1.4125438845E+02
    122150,      0.676942,CP9_after_PTsource,   1,    0.0000000000E+00,    1.4125438845E+02,    1.4125438845E+02,    0.0000000000E+00,    0.0000000000E+00,    0.0000000000E+00,    1.4125438845E+02
    122150,      0.676942,CP10_after_neg_clamp,   1,    0.0000000000E+00,    1.4125438845E+02,    1.4125438845E+02,    0.0000000000E+00,    0.0000000000E+00,    0.0000000000E+00,    1.4125438845E+02
    122150,      0.676942,CP11_after_MPI,   1,    0.0000000000E+00,    1.4125438845E+02,    1.4125438845E+02,    0.0000000000E+00,    0.0000000000E+00,    0.0000000000E+00,    1.4125438845E+02
    122150,      0.676942,CP12_end,   1,    0.0000000000E+00,    1.4125438845E+02,    1.4125438845E+02,    0.0000000000E+00,    0.0000000000E+00,    0.0000000000E+00,    1.4125438845E+02
    122200,      0.676942,CP0_start,   1,    0.0000000000E+00,    1.4135389680E+02,    1.4135389680E+02,    0.0000000000E+00,    0.0000000000E+00,    0.0000000000E+00,    1.4135389680E+02
    122200,      0.676942,CP1_after_deposition,   1,    0.0000000000E+00,    1.4135389680E+02,    1.4135389680E+02,    0.0000000000E+00,    0.0000000000E+00,    0.0000000000E+00,    1.4135389680E+02
    122200,      0.676942,CP2_after_erosion,   1,    0.0000000000E+00,    1.4135389680E+02,    1.4135389680E+02,    0.0000000000E+00,    0.0000000000E+00,    0.0000000000E+00,    1.4135389680E+02
    122200,      0.676942,CP3_after_update_bottom,   1,    0.0000000000E+00,    1.4135389680E+02,    1.4135389680E+02,    0.0000000000E+00,    0.0000000000E+00,    0.0000000000E+00,    1.4135389680E+02
    122200,      0.676942,CP4_after_advection,   1,    0.0000000000E+00,    1.4136116916E+02,    1.4136116916E+02,    0.0000000000E+00,    0.0000000000E+00,    0.0000000000E+00,    1.4136116916E+02
    122200,      0.676942,CP5_after_vdif,   1,    0.0000000000E+00,    1.4136116916E+02,    1.4136116916E+02,    0.0000000000E+00,    0.0000000000E+00,    0.0000000000E+00,    1.4136116916E+02
    122200,      0.676942,CP6_after_kinetics,   1,    0.0000000000E+00,    1.4136116916E+02,    1.4136116916E+02,    0.0000000000E+00,    0.0000000000E+00,    0.0000000000E+00,    1.4136116916E+02
    122200,      0.676942,CP7_after_upper_clamp,   1,    0.0000000000E+00,    1.4136116916E+02,    1.4136116916E+02,    0.0000000000E+00,    0.0000000000E+00,    0.0000000000E+00,    1.4136116916E+02
    122200,      0.676942,CP8_after_OBC,   1,    0.0000000000E+00,    1.4136116916E+02,    1.4136116916E+02,    0.0000000000E+00,    0.0000000000E+00,    0.0000000000E+00,    1.4136116916E+02
    122200,      0.676942,CP9_after_PTsource,   1,    0.0000000000E+00,    1.4136116916E+02,    1.4136116916E+02,    0.0000000000E+00,    0.0000000000E+00,    0.0000000000E+00,    1.4136116916E+02
    122200,      0.676942,CP10_after_neg_clamp,   1,    0.0000000000E+00,    1.4136116916E+02,    1.4136116916E+02,    0.0000000000E+00,    0.0000000000E+00,    0.0000000000E+00,    1.4136116916E+02
    122200,      0.676942,CP11_after_MPI,   1,    0.0000000000E+00,    1.4136116916E+02,    1.4136116916E+02,    0.0000000000E+00,    0.0000000000E+00,    0.0000000000E+00,    1.4136116916E+02
    122200,      0.676942,CP12_end,   1,    0.0000000000E+00,    1.4136116916E+02,    1.4136116916E+02,    0.0000000000E+00,    0.0000000000E+00,    0.0000000000E+00,    1.4136116916E+02
    122250,      0.676942,CP0_start,   1,    0.0000000000E+00,    1.4146044032E+02,    1.4146044032E+02,    0.0000000000E+00,    0.0000000000E+00,    0.0000000000E+00,    1.4146044032E+02
    122250,      0.676942,CP1_after_deposition,   1,    0.0000000000E+00,    1.4146044032E+02,    1.4146044032E+02,    0.0000000000E+00,    0.0000000000E+00,    0.0000000000E+00,    1.4146044032E+02
    122250,      0.676942,CP2_after_erosion,   1,    0.0000000000E+00,    1.4146044032E+02,    1.4146044032E+02,    0.0000000000E+00,    0.0000000000E+00,    0.0000000000E+00,    1.4146044032E+02
    122250,      0.676942,CP3_after_update_bottom,   1,    0.0000000000E+00,    1.4146044032E+02,    1.4146044032E+02,    0.0000000000E+00,    0.0000000000E+00,    0.0000000000E+00,    1.4146044032E+02
    122250,      0.676942,CP4_after_advection,   1,    0.0000000000E+00,    1.4146768689E+02,    1.4146768689E+02,    0.0000000000E+00,    0.0000000000E+00,    0.0000000000E+00,    1.4146768689E+02
    122250,      0.676942,CP5_after_vdif,   1,    0.0000000000E+00,    1.4146768689E+02,    1.4146768689E+02,    0.0000000000E+00,    0.0000000000E+00,    0.0000000000E+00,    1.4146768689E+02
    122250,      0.676942,CP6_after_kinetics,   1,    0.0000000000E+00,    1.4146768689E+02,    1.4146768689E+02,    0.0000000000E+00,    0.0000000000E+00,    0.0000000000E+00,    1.4146768689E+02
    122250,      0.676942,CP7_after_upper_clamp,   1,    0.0000000000E+00,    1.4146768689E+02,    1.4146768689E+02,    0.0000000000E+00,    0.0000000000E+00,    0.0000000000E+00,    1.4146768689E+02
    122250,      0.676942,CP8_after_OBC,   1,    0.0000000000E+00,    1.4146768689E+02,    1.4146768689E+02,    0.0000000000E+00,    0.0000000000E+00,    0.0000000000E+00,    1.4146768689E+02
    122250,      0.676942,CP9_after_PTsource,   1,    0.0000000000E+00,    1.4146768689E+02,    1.4146768689E+02,    0.0000000000E+00,    0.0000000000E+00,    0.0000000000E+00,    1.4146768689E+02
    122250,      0.676942,CP10_after_neg_clamp,   1,    0.0000000000E+00,    1.4146768689E+02,    1.4146768689E+02,    0.0000000000E+00,    0.0000000000E+00,    0.0000000000E+00,    1.4146768689E+02
    122250,      0.676942,CP11_after_MPI,   1,    0.0000000000E+00,    1.4146768689E+02,    1.4146768689E+02,    0.0000000000E+00,    0.0000000000E+00,    0.0000000000E+00,    1.4146768689E+02
    122250,      0.676942,CP12_end,   1,    0.0000000000E+00,    1.4146768689E+02,    1.4146768689E+02,    0.0000000000E+00,    0.0000000000E+00,    0.0000000000E+00,    1.4146768689E+02
    122300,      0.676942,CP0_start,   1,    0.0000000000E+00,    1.4156694478E+02,    1.4156694478E+02,    0.0000000000E+00,    0.0000000000E+00,    0.0000000000E+00,    1.4156694478E+02
    122300,      0.676942,CP1_after_deposition,   1,    0.0000000000E+00,    1.4156694478E+02,    1.4156694478E+02,    0.0000000000E+00,    0.0000000000E+00,    0.0000000000E+00,    1.4156694478E+02
    122300,      0.676942,CP2_after_erosion,   1,    0.0000000000E+00,    1.4156694478E+02,    1.4156694478E+02,    0.0000000000E+00,    0.0000000000E+00,    0.0000000000E+00,    1.4156694478E+02
    122300,      0.676942,CP3_after_update_bottom,   1,    0.0000000000E+00,    1.4156694478E+02,    1.4156694478E+02,    0.0000000000E+00,    0.0000000000E+00,    0.0000000000E+00,    1.4156694478E+02
    122300,      0.676942,CP4_after_advection,   1,    0.0000000000E+00,    1.4157417775E+02,    1.4157417775E+02,    0.0000000000E+00,    0.0000000000E+00,    0.0000000000E+00,    1.4157417775E+02
    122300,      0.676942,CP5_after_vdif,   1,    0.0000000000E+00,    1.4157417775E+02,    1.4157417775E+02,    0.0000000000E+00,    0.0000000000E+00,    0.0000000000E+00,    1.4157417775E+02
    122300,      0.676942,CP6_after_kinetics,   1,    0.0000000000E+00,    1.4157417775E+02,    1.4157417775E+02,    0.0000000000E+00,    0.0000000000E+00,    0.0000000000E+00,    1.4157417775E+02
    122300,      0.676942,CP7_after_upper_clamp,   1,    0.0000000000E+00,    1.4157417775E+02,    1.4157417775E+02,    0.0000000000E+00,    0.0000000000E+00,    0.0000000000E+00,    1.4157417775E+02
    122300,      0.676942,CP8_after_OBC,   1,    0.0000000000E+00,    1.4157417775E+02,    1.4157417775E+02,    0.0000000000E+00,    0.0000000000E+00,    0.0000000000E+00,    1.4157417775E+02
    122300,      0.676942,CP9_after_PTsource,   1,    0.0000000000E+00,    1.4157417775E+02,    1.4157417775E+02,    0.0000000000E+00,    0.0000000000E+00,    0.0000000000E+00,    1.4157417775E+02
    122300,      0.676942,CP10_after_neg_clamp,   1,    0.0000000000E+00,    1.4157417775E+02,    1.4157417775E+02,    0.0000000000E+00,    0.0000000000E+00,    0.0000000000E+00,    1.4157417775E+02
    122300,      0.676942,CP11_after_MPI,   1,    0.0000000000E+00,    1.4157417775E+02,    1.4157417775E+02,    0.0000000000E+00,    0.0000000000E+00,    0.0000000000E+00,    1.4157417775E+02
    122300,      0.676942,CP12_end,   1,    0.0000000000E+00,    1.4157417775E+02,    1.4157417775E+02,    0.0000000000E+00,    0.0000000000E+00,    0.0000000000E+00,    1.4157417775E+02
    122350,      0.676943,CP0_start,   1,    0.0000000000E+00,    1.4167384872E+02,    1.4167384872E+02,    0.0000000000E+00,    0.0000000000E+00,    0.0000000000E+00,    1.4167384872E+02
    122350,      0.676943,CP1_after_deposition,   1,    0.0000000000E+00,    1.4167384872E+02,    1.4167384872E+02,    0.0000000000E+00,    0.0000000000E+00,    0.0000000000E+00,    1.4167384872E+02
    122350,      0.676943,CP2_after_erosion,   1,    0.0000000000E+00,    1.4167384872E+02,    1.4167384872E+02,    0.0000000000E+00,    0.0000000000E+00,    0.0000000000E+00,    1.4167384872E+02
    122350,      0.676943,CP3_after_update_bottom,   1,    0.0000000000E+00,    1.4167384872E+02,    1.4167384872E+02,    0.0000000000E+00,    0.0000000000E+00,    0.0000000000E+00,    1.4167384872E+02
    122350,      0.676943,CP4_after_advection,   1,    0.0000000000E+00,    1.4168106751E+02,    1.4168106751E+02,    0.0000000000E+00,    0.0000000000E+00,    0.0000000000E+00,    1.4168106751E+02
    122350,      0.676943,CP5_after_vdif,   1,    0.0000000000E+00,    1.4168106751E+02,    1.4168106751E+02,    0.0000000000E+00,    0.0000000000E+00,    0.0000000000E+00,    1.4168106751E+02
    122350,      0.676943,CP6_after_kinetics,   1,    0.0000000000E+00,    1.4168106751E+02,    1.4168106751E+02,    0.0000000000E+00,    0.0000000000E+00,    0.0000000000E+00,    1.4168106751E+02
    122350,      0.676943,CP7_after_upper_clamp,   1,    0.0000000000E+00,    1.4168106751E+02,    1.4168106751E+02,    0.0000000000E+00,    0.0000000000E+00,    0.0000000000E+00,    1.4168106751E+02
    122350,      0.676943,CP8_after_OBC,   1,    0.0000000000E+00,    1.4168106751E+02,    1.4168106751E+02,    0.0000000000E+00,    0.0000000000E+00,    0.0000000000E+00,    1.4168106751E+02
    122350,      0.676943,CP9_after_PTsource,   1,    0.0000000000E+00,    1.4168106751E+02,    1.4168106751E+02,    0.0000000000E+00,    0.0000000000E+00,    0.0000000000E+00,    1.4168106751E+02
    122350,      0.676943,CP10_after_neg_clamp,   1,    0.0000000000E+00,    1.4168106751E+02,    1.4168106751E+02,    0.0000000000E+00,    0.0000000000E+00,    0.0000000000E+00,    1.4168106751E+02
    122350,      0.676943,CP11_after_MPI,   1,    0.0000000000E+00,    1.4168106751E+02,    1.4168106751E+02,    0.0000000000E+00,    0.0000000000E+00,    0.0000000000E+00,    1.4168106751E+02
    122350,      0.676943,CP12_end,   1,    0.0000000000E+00,    1.4168106751E+02,    1.4168106751E+02,    0.0000000000E+00,    0.0000000000E+00,    0.0000000000E+00,    1.4168106751E+02
    122400,      0.676943,CP0_start,   1,    0.0000000000E+00,    1.4178136978E+02,    1.4178136978E+02,    0.0000000000E+00,    0.0000000000E+00,    0.0000000000E+00,    1.4178136978E+02
    122400,      0.676943,CP1_after_deposition,   1,    0.0000000000E+00,    1.4178136978E+02,    1.4178136978E+02,    0.0000000000E+00,    0.0000000000E+00,    0.0000000000E+00,    1.4178136978E+02
    122400,      0.676943,CP2_after_erosion,   1,    0.0000000000E+00,    1.4178136978E+02,    1.4178136978E+02,    0.0000000000E+00,    0.0000000000E+00,    0.0000000000E+00,    1.4178136978E+02
    122400,      0.676943,CP3_after_update_bottom,   1,    0.0000000000E+00,    1.4178136978E+02,    1.4178136978E+02,    0.0000000000E+00,    0.0000000000E+00,    0.0000000000E+00,    1.4178136978E+02
    122400,      0.676943,CP4_after_advection,   1,    0.0000000000E+00,    1.4178858381E+02,    1.4178858381E+02,    0.0000000000E+00,    0.0000000000E+00,    0.0000000000E+00,    1.4178858381E+02
    122400,      0.676943,CP5_after_vdif,   1,    0.0000000000E+00,    1.4178858381E+02,    1.4178858381E+02,    0.0000000000E+00,    0.0000000000E+00,    0.0000000000E+00,    1.4178858381E+02
    122400,      0.676943,CP6_after_kinetics,   1,    0.0000000000E+00,    1.4178858381E+02,    1.4178858381E+02,    0.0000000000E+00,    0.0000000000E+00,    0.0000000000E+00,    1.4178858381E+02
    122400,      0.676943,CP7_after_upper_clamp,   1,    0.0000000000E+00,    1.4178858381E+02,    1.4178858381E+02,    0.0000000000E+00,    0.0000000000E+00,    0.0000000000E+00,    1.4178858381E+02
    122400,      0.676943,CP8_after_OBC,   1,    0.0000000000E+00,    1.4178858381E+02,    1.4178858381E+02,    0.0000000000E+00,    0.0000000000E+00,    0.0000000000E+00,    1.4178858381E+02
    122400,      0.676943,CP9_after_PTsource,   1,    0.0000000000E+00,    1.4178858381E+02,    1.4178858381E+02,    0.0000000000E+00,    0.0000000000E+00,    0.0000000000E+00,    1.4178858381E+02
    122400,      0.676943,CP10_after_neg_clamp,   1,    0.0000000000E+00,    1.4178858381E+02,    1.4178858381E+02,    0.0000000000E+00,    0.0000000000E+00,    0.0000000000E+00,    1.4178858381E+02
    122400,      0.676943,CP11_after_MPI,   1,    0.0000000000E+00,    1.4178858381E+02,    1.4178858381E+02,    0.0000000000E+00,    0.0000000000E+00,    0.0000000000E+00,    1.4178858381E+02
    122400,      0.676943,CP12_end,   1,    0.0000000000E+00,    1.4178858381E+02,    1.4178858381E+02,    0.0000000000E+00,    0.0000000000E+00,    0.0000000000E+00,    1.4178858381E+02
    122450,      0.676943,CP0_start,   1,    0.0000000000E+00,    1.4188985418E+02,    1.4188985418E+02,    0.0000000000E+00,    0.0000000000E+00,    0.0000000000E+00,    1.4188985418E+02
    122450,      0.676943,CP1_after_deposition,   1,    0.0000000000E+00,    1.4188985418E+02,    1.4188985418E+02,    0.0000000000E+00,    0.0000000000E+00,    0.0000000000E+00,    1.4188985418E+02
    122450,      0.676943,CP2_after_erosion,   1,    0.0000000000E+00,    1.4188985418E+02,    1.4188985418E+02,    0.0000000000E+00,    0.0000000000E+00,    0.0000000000E+00,    1.4188985418E+02
    122450,      0.676943,CP3_after_update_bottom,   1,    0.0000000000E+00,    1.4188985418E+02,    1.4188985418E+02,    0.0000000000E+00,    0.0000000000E+00,    0.0000000000E+00,    1.4188985418E+02
    122450,      0.676943,CP4_after_advection,   1,    0.0000000000E+00,    1.4189706989E+02,    1.4189706989E+02,    0.0000000000E+00,    0.0000000000E+00,    0.0000000000E+00,    1.4189706989E+02
    122450,      0.676943,CP5_after_vdif,   1,    0.0000000000E+00,    1.4189706989E+02,    1.4189706989E+02,    0.0000000000E+00,    0.0000000000E+00,    0.0000000000E+00,    1.4189706989E+02
    122450,      0.676943,CP6_after_kinetics,   1,    0.0000000000E+00,    1.4189706989E+02,    1.4189706989E+02,    0.0000000000E+00,    0.0000000000E+00,    0.0000000000E+00,    1.4189706989E+02
    122450,      0.676943,CP7_after_upper_clamp,   1,    0.0000000000E+00,    1.4189706989E+02,    1.4189706989E+02,    0.0000000000E+00,    0.0000000000E+00,    0.0000000000E+00,    1.4189706989E+02
    122450,      0.676943,CP8_after_OBC,   1,    0.0000000000E+00,    1.4189706989E+02,    1.4189706989E+02,    0.0000000000E+00,    0.0000000000E+00,    0.0000000000E+00,    1.4189706989E+02
    122450,      0.676943,CP9_after_PTsource,   1,    0.0000000000E+00,    1.4189706989E+02,    1.4189706989E+02,    0.0000000000E+00,    0.0000000000E+00,    0.0000000000E+00,    1.4189706989E+02
    122450,      0.676943,CP10_after_neg_clamp,   1,    0.0000000000E+00,    1.4189706989E+02,    1.4189706989E+02,    0.0000000000E+00,    0.0000000000E+00,    0.0000000000E+00,    1.4189706989E+02
    122450,      0.676943,CP11_after_MPI,   1,    0.0000000000E+00,    1.4189706989E+02,    1.4189706989E+02,    0.0000000000E+00,    0.0000000000E+00,    0.0000000000E+00,    1.4189706989E+02
    122450,      0.676943,CP12_end,   1,    0.0000000000E+00,    1.4189706989E+02,    1.4189706989E+02,    0.0000000000E+00,    0.0000000000E+00,    0.0000000000E+00,    1.4189706989E+02
    122500,      0.676943,CP0_start,   1,    0.0000000000E+00,    1.4199941366E+02,    1.4199941366E+02,    0.0000000000E+00,    0.0000000000E+00,    0.0000000000E+00,    1.4199941366E+02
    122500,      0.676943,CP1_after_deposition,   1,    0.0000000000E+00,    1.4199941366E+02,    1.4199941366E+02,    0.0000000000E+00,    0.0000000000E+00,    0.0000000000E+00,    1.4199941366E+02
    122500,      0.676943,CP2_after_erosion,   1,    0.0000000000E+00,    1.4199941366E+02,    1.4199941366E+02,    0.0000000000E+00,    0.0000000000E+00,    0.0000000000E+00,    1.4199941366E+02
    122500,      0.676943,CP3_after_update_bottom,   1,    0.0000000000E+00,    1.4199941366E+02,    1.4199941366E+02,    0.0000000000E+00,    0.0000000000E+00,    0.0000000000E+00,    1.4199941366E+02
    122500,      0.676943,CP4_after_advection,   1,    0.0000000000E+00,    1.4200663551E+02,    1.4200663551E+02,    0.0000000000E+00,    0.0000000000E+00,    0.0000000000E+00,    1.4200663551E+02
    122500,      0.676943,CP5_after_vdif,   1,    0.0000000000E+00,    1.4200663551E+02,    1.4200663551E+02,    0.0000000000E+00,    0.0000000000E+00,    0.0000000000E+00,    1.4200663551E+02
    122500,      0.676943,CP6_after_kinetics,   1,    0.0000000000E+00,    1.4200663551E+02,    1.4200663551E+02,    0.0000000000E+00,    0.0000000000E+00,    0.0000000000E+00,    1.4200663551E+02
    122500,      0.676943,CP7_after_upper_clamp,   1,    0.0000000000E+00,    1.4200663551E+02,    1.4200663551E+02,    0.0000000000E+00,    0.0000000000E+00,    0.0000000000E+00,    1.4200663551E+02
    122500,      0.676943,CP8_after_OBC,   1,    0.0000000000E+00,    1.4200663551E+02,    1.4200663551E+02,    0.0000000000E+00,    0.0000000000E+00,    0.0000000000E+00,    1.4200663551E+02
    122500,      0.676943,CP9_after_PTsource,   1,    0.0000000000E+00,    1.4200663551E+02,    1.4200663551E+02,    0.0000000000E+00,    0.0000000000E+00,    0.0000000000E+00,    1.4200663551E+02
    122500,      0.676943,CP10_after_neg_clamp,   1,    0.0000000000E+00,    1.4200663551E+02,    1.4200663551E+02,    0.0000000000E+00,    0.0000000000E+00,    0.0000000000E+00,    1.4200663551E+02
    122500,      0.676943,CP11_after_MPI,   1,    0.0000000000E+00,    1.4200663551E+02,    1.4200663551E+02,    0.0000000000E+00,    0.0000000000E+00,    0.0000000000E+00,    1.4200663551E+02
    122500,      0.676943,CP12_end,   1,    0.0000000000E+00,    1.4200663551E+02,    1.4200663551E+02,    0.0000000000E+00,    0.0000000000E+00,    0.0000000000E+00,    1.4200663551E+02
    122550,      0.676943,CP0_start,   1,    0.0000000000E+00,    1.4211006945E+02,    1.4211006945E+02,    0.0000000000E+00,    0.0000000000E+00,    0.0000000000E+00,    1.4211006945E+02
    122550,      0.676943,CP1_after_deposition,   1,    0.0000000000E+00,    1.4211006945E+02,    1.4211006945E+02,    0.0000000000E+00,    0.0000000000E+00,    0.0000000000E+00,    1.4211006945E+02
    122550,      0.676943,CP2_after_erosion,   1,    0.0000000000E+00,    1.4211006945E+02,    1.4211006945E+02,    0.0000000000E+00,    0.0000000000E+00,    0.0000000000E+00,    1.4211006945E+02
    122550,      0.676943,CP3_after_update_bottom,   1,    0.0000000000E+00,    1.4211006945E+02,    1.4211006945E+02,    0.0000000000E+00,    0.0000000000E+00,    0.0000000000E+00,    1.4211006945E+02
    122550,      0.676943,CP4_after_advection,   1,    0.0000000000E+00,    1.4211728997E+02,    1.4211728997E+02,    0.0000000000E+00,    0.0000000000E+00,    0.0000000000E+00,    1.4211728997E+02
    122550,      0.676943,CP5_after_vdif,   1,    0.0000000000E+00,    1.4211728997E+02,    1.4211728997E+02,    0.0000000000E+00,    0.0000000000E+00,    0.0000000000E+00,    1.4211728997E+02
    122550,      0.676943,CP6_after_kinetics,   1,    0.0000000000E+00,    1.4211728997E+02,    1.4211728997E+02,    0.0000000000E+00,    0.0000000000E+00,    0.0000000000E+00,    1.4211728997E+02
    122550,      0.676943,CP7_after_upper_clamp,   1,    0.0000000000E+00,    1.4211728997E+02,    1.4211728997E+02,    0.0000000000E+00,    0.0000000000E+00,    0.0000000000E+00,    1.4211728997E+02
    122550,      0.676943,CP8_after_OBC,   1,    0.0000000000E+00,    1.4211728997E+02,    1.4211728997E+02,    0.0000000000E+00,    0.0000000000E+00,    0.0000000000E+00,    1.4211728997E+02
    122550,      0.676943,CP9_after_PTsource,   1,    0.0000000000E+00,    1.4211728997E+02,    1.4211728997E+02,    0.0000000000E+00,    0.0000000000E+00,    0.0000000000E+00,    1.4211728997E+02
    122550,      0.676943,CP10_after_neg_clamp,   1,    0.0000000000E+00,    1.4211728997E+02,    1.4211728997E+02,    0.0000000000E+00,    0.0000000000E+00,    0.0000000000E+00,    1.4211728997E+02
    122550,      0.676943,CP11_after_MPI,   1,    0.0000000000E+00,    1.4211728997E+02,    1.4211728997E+02,    0.0000000000E+00,    0.0000000000E+00,    0.0000000000E+00,    1.4211728997E+02
    122550,      0.676943,CP12_end,   1,    0.0000000000E+00,    1.4211728997E+02,    1.4211728997E+02,    0.0000000000E+00,    0.0000000000E+00,    0.0000000000E+00,    1.4211728997E+02
    122600,      0.676943,CP0_start,   1,    0.0000000000E+00,    1.4222160288E+02,    1.4222160288E+02,    0.0000000000E+00,    0.0000000000E+00,    0.0000000000E+00,    1.4222160288E+02
    122600,      0.676943,CP1_after_deposition,   1,    0.0000000000E+00,    1.4222160288E+02,    1.4222160288E+02,    0.0000000000E+00,    0.0000000000E+00,    0.0000000000E+00,    1.4222160288E+02
    122600,      0.676943,CP2_after_erosion,   1,    0.0000000000E+00,    1.4222160288E+02,    1.4222160288E+02,    0.0000000000E+00,    0.0000000000E+00,    0.0000000000E+00,    1.4222160288E+02
    122600,      0.676943,CP3_after_update_bottom,   1,    0.0000000000E+00,    1.4222160288E+02,    1.4222160288E+02,    0.0000000000E+00,    0.0000000000E+00,    0.0000000000E+00,    1.4222160288E+02
    122600,      0.676943,CP4_after_advection,   1,    0.0000000000E+00,    1.4222881660E+02,    1.4222881660E+02,    0.0000000000E+00,    0.0000000000E+00,    0.0000000000E+00,    1.4222881660E+02
    122600,      0.676943,CP5_after_vdif,   1,    0.0000000000E+00,    1.4222881660E+02,    1.4222881660E+02,    0.0000000000E+00,    0.0000000000E+00,    0.0000000000E+00,    1.4222881660E+02
    122600,      0.676943,CP6_after_kinetics,   1,    0.0000000000E+00,    1.4222881660E+02,    1.4222881660E+02,    0.0000000000E+00,    0.0000000000E+00,    0.0000000000E+00,    1.4222881660E+02
    122600,      0.676943,CP7_after_upper_clamp,   1,    0.0000000000E+00,    1.4222881660E+02,    1.4222881660E+02,    0.0000000000E+00,    0.0000000000E+00,    0.0000000000E+00,    1.4222881660E+02
    122600,      0.676943,CP8_after_OBC,   1,    0.0000000000E+00,    1.4222881660E+02,    1.4222881660E+02,    0.0000000000E+00,    0.0000000000E+00,    0.0000000000E+00,    1.4222881660E+02
    122600,      0.676943,CP9_after_PTsource,   1,    0.0000000000E+00,    1.4222881660E+02,    1.4222881660E+02,    0.0000000000E+00,    0.0000000000E+00,    0.0000000000E+00,    1.4222881660E+02
    122600,      0.676943,CP10_after_neg_clamp,   1,    0.0000000000E+00,    1.4222881660E+02,    1.4222881660E+02,    0.0000000000E+00,    0.0000000000E+00,    0.0000000000E+00,    1.4222881660E+02
    122600,      0.676943,CP11_after_MPI,   1,    0.0000000000E+00,    1.4222881660E+02,    1.4222881660E+02,    0.0000000000E+00,    0.0000000000E+00,    0.0000000000E+00,    1.4222881660E+02
    122600,      0.676943,CP12_end,   1,    0.0000000000E+00,    1.4222881660E+02,    1.4222881660E+02,    0.0000000000E+00,    0.0000000000E+00,    0.0000000000E+00,    1.4222881660E+02
    122650,      0.676943,CP0_start,   1,    0.0000000000E+00,    1.4233377750E+02,    1.4233377750E+02,    0.0000000000E+00,    0.0000000000E+00,    0.0000000000E+00,    1.4233377750E+02
    122650,      0.676943,CP1_after_deposition,   1,    0.0000000000E+00,    1.4233377750E+02,    1.4233377750E+02,    0.0000000000E+00,    0.0000000000E+00,    0.0000000000E+00,    1.4233377750E+02
    122650,      0.676943,CP2_after_erosion,   1,    0.0000000000E+00,    1.4233377750E+02,    1.4233377750E+02,    0.0000000000E+00,    0.0000000000E+00,    0.0000000000E+00,    1.4233377750E+02
    122650,      0.676943,CP3_after_update_bottom,   1,    0.0000000000E+00,    1.4233377750E+02,    1.4233377750E+02,    0.0000000000E+00,    0.0000000000E+00,    0.0000000000E+00,    1.4233377750E+02
    122650,      0.676943,CP4_after_advection,   1,    0.0000000000E+00,    1.4234098178E+02,    1.4234098178E+02,    0.0000000000E+00,    0.0000000000E+00,    0.0000000000E+00,    1.4234098178E+02
    122650,      0.676943,CP5_after_vdif,   1,    0.0000000000E+00,    1.4234098178E+02,    1.4234098178E+02,    0.0000000000E+00,    0.0000000000E+00,    0.0000000000E+00,    1.4234098178E+02
    122650,      0.676943,CP6_after_kinetics,   1,    0.0000000000E+00,    1.4234098178E+02,    1.4234098178E+02,    0.0000000000E+00,    0.0000000000E+00,    0.0000000000E+00,    1.4234098178E+02
    122650,      0.676943,CP7_after_upper_clamp,   1,    0.0000000000E+00,    1.4234098178E+02,    1.4234098178E+02,    0.0000000000E+00,    0.0000000000E+00,    0.0000000000E+00,    1.4234098178E+02
    122650,      0.676943,CP8_after_OBC,   1,    0.0000000000E+00,    1.4234098178E+02,    1.4234098178E+02,    0.0000000000E+00,    0.0000000000E+00,    0.0000000000E+00,    1.4234098178E+02
    122650,      0.676943,CP9_after_PTsource,   1,    0.0000000000E+00,    1.4234098178E+02,    1.4234098178E+02,    0.0000000000E+00,    0.0000000000E+00,    0.0000000000E+00,    1.4234098178E+02
    122650,      0.676943,CP10_after_neg_clamp,   1,    0.0000000000E+00,    1.4234098178E+02,    1.4234098178E+02,    0.0000000000E+00,    0.0000000000E+00,    0.0000000000E+00,    1.4234098178E+02
    122650,      0.676943,CP11_after_MPI,   1,    0.0000000000E+00,    1.4234098178E+02,    1.4234098178E+02,    0.0000000000E+00,    0.0000000000E+00,    0.0000000000E+00,    1.4234098178E+02
    122650,      0.676943,CP12_end,   1,    0.0000000000E+00,    1.4234098178E+02,    1.4234098178E+02,    0.0000000000E+00,    0.0000000000E+00,    0.0000000000E+00,    1.4234098178E+02
    122700,      0.676943,CP0_start,   1,    0.0000000000E+00,    1.4244625285E+02,    1.4244625285E+02,    0.0000000000E+00,    0.0000000000E+00,    0.0000000000E+00,    1.4244625285E+02
    122700,      0.676943,CP1_after_deposition,   1,    0.0000000000E+00,    1.4244625285E+02,    1.4244625285E+02,    0.0000000000E+00,    0.0000000000E+00,    0.0000000000E+00,    1.4244625285E+02
    122700,      0.676943,CP2_after_erosion,   1,    0.0000000000E+00,    1.4244625285E+02,    1.4244625285E+02,    0.0000000000E+00,    0.0000000000E+00,    0.0000000000E+00,    1.4244625285E+02
    122700,      0.676943,CP3_after_update_bottom,   1,    0.0000000000E+00,    1.4244625285E+02,    1.4244625285E+02,    0.0000000000E+00,    0.0000000000E+00,    0.0000000000E+00,    1.4244625285E+02
    122700,      0.676943,CP4_after_advection,   1,    0.0000000000E+00,    1.4245343065E+02,    1.4245343065E+02,    0.0000000000E+00,    0.0000000000E+00,    0.0000000000E+00,    1.4245343065E+02
    122700,      0.676943,CP5_after_vdif,   1,    0.0000000000E+00,    1.4245343065E+02,    1.4245343065E+02,    0.0000000000E+00,    0.0000000000E+00,    0.0000000000E+00,    1.4245343065E+02
    122700,      0.676943,CP6_after_kinetics,   1,    0.0000000000E+00,    1.4245343065E+02,    1.4245343065E+02,    0.0000000000E+00,    0.0000000000E+00,    0.0000000000E+00,    1.4245343065E+02
    122700,      0.676943,CP7_after_upper_clamp,   1,    0.0000000000E+00,    1.4245343065E+02,    1.4245343065E+02,    0.0000000000E+00,    0.0000000000E+00,    0.0000000000E+00,    1.4245343065E+02
    122700,      0.676943,CP8_after_OBC,   1,    0.0000000000E+00,    1.4245343065E+02,    1.4245343065E+02,    0.0000000000E+00,    0.0000000000E+00,    0.0000000000E+00,    1.4245343065E+02
    122700,      0.676943,CP9_after_PTsource,   1,    0.0000000000E+00,    1.4245343065E+02,    1.4245343065E+02,    0.0000000000E+00,    0.0000000000E+00,    0.0000000000E+00,    1.4245343065E+02
    122700,      0.676943,CP10_after_neg_clamp,   1,    0.0000000000E+00,    1.4245343065E+02,    1.4245343065E+02,    0.0000000000E+00,    0.0000000000E+00,    0.0000000000E+00,    1.4245343065E+02
    122700,      0.676943,CP11_after_MPI,   1,    0.0000000000E+00,    1.4245343065E+02,    1.4245343065E+02,    0.0000000000E+00,    0.0000000000E+00,    0.0000000000E+00,    1.4245343065E+02
    122700,      0.676943,CP12_end,   1,    0.0000000000E+00,    1.4245343065E+02,    1.4245343065E+02,    0.0000000000E+00,    0.0000000000E+00,    0.0000000000E+00,    1.4245343065E+02
    122750,      0.676943,CP0_start,   1,    0.0000000000E+00,    1.4255854115E+02,    1.4255854115E+02,    0.0000000000E+00,    0.0000000000E+00,    0.0000000000E+00,    1.4255854115E+02
    122750,      0.676943,CP1_after_deposition,   1,    0.0000000000E+00,    1.4255854115E+02,    1.4255854115E+02,    0.0000000000E+00,    0.0000000000E+00,    0.0000000000E+00,    1.4255854115E+02
    122750,      0.676943,CP2_after_erosion,   1,    0.0000000000E+00,    1.4255854115E+02,    1.4255854115E+02,    0.0000000000E+00,    0.0000000000E+00,    0.0000000000E+00,    1.4255854115E+02
    122750,      0.676943,CP3_after_update_bottom,   1,    0.0000000000E+00,    1.4255854115E+02,    1.4255854115E+02,    0.0000000000E+00,    0.0000000000E+00,    0.0000000000E+00,    1.4255854115E+02
    122750,      0.676943,CP4_after_advection,   1,    0.0000000000E+00,    1.4256568472E+02,    1.4256568472E+02,    0.0000000000E+00,    0.0000000000E+00,    0.0000000000E+00,    1.4256568472E+02
    122750,      0.676943,CP5_after_vdif,   1,    0.0000000000E+00,    1.4256568472E+02,    1.4256568472E+02,    0.0000000000E+00,    0.0000000000E+00,    0.0000000000E+00,    1.4256568472E+02
    122750,      0.676943,CP6_after_kinetics,   1,    0.0000000000E+00,    1.4256568472E+02,    1.4256568472E+02,    0.0000000000E+00,    0.0000000000E+00,    0.0000000000E+00,    1.4256568472E+02
    122750,      0.676943,CP7_after_upper_clamp,   1,    0.0000000000E+00,    1.4256568472E+02,    1.4256568472E+02,    0.0000000000E+00,    0.0000000000E+00,    0.0000000000E+00,    1.4256568472E+02
    122750,      0.676943,CP8_after_OBC,   1,    0.0000000000E+00,    1.4256568472E+02,    1.4256568472E+02,    0.0000000000E+00,    0.0000000000E+00,    0.0000000000E+00,    1.4256568472E+02
    122750,      0.676943,CP9_after_PTsource,   1,    0.0000000000E+00,    1.4256568472E+02,    1.4256568472E+02,    0.0000000000E+00,    0.0000000000E+00,    0.0000000000E+00,    1.4256568472E+02
    122750,      0.676943,CP10_after_neg_clamp,   1,    0.0000000000E+00,    1.4256568472E+02,    1.4256568472E+02,    0.0000000000E+00,    0.0000000000E+00,    0.0000000000E+00,    1.4256568472E+02
    122750,      0.676943,CP11_after_MPI,   1,    0.0000000000E+00,    1.4256568472E+02,    1.4256568472E+02,    0.0000000000E+00,    0.0000000000E+00,    0.0000000000E+00,    1.4256568472E+02
    122750,      0.676943,CP12_end,   1,    0.0000000000E+00,    1.4256568472E+02,    1.4256568472E+02,    0.0000000000E+00,    0.0000000000E+00,    0.0000000000E+00,    1.4256568472E+02
    122800,      0.676943,CP0_start,   1,    0.0000000000E+00,    1.4267018582E+02,    1.4267018582E+02,    0.0000000000E+00,    0.0000000000E+00,    0.0000000000E+00,    1.4267018582E+02
    122800,      0.676943,CP1_after_deposition,   1,    0.0000000000E+00,    1.4267018582E+02,    1.4267018582E+02,    0.0000000000E+00,    0.0000000000E+00,    0.0000000000E+00,    1.4267018582E+02
    122800,      0.676943,CP2_after_erosion,   1,    0.0000000000E+00,    1.4267018582E+02,    1.4267018582E+02,    0.0000000000E+00,    0.0000000000E+00,    0.0000000000E+00,    1.4267018582E+02
    122800,      0.676943,CP3_after_update_bottom,   1,    0.0000000000E+00,    1.4267018582E+02,    1.4267018582E+02,    0.0000000000E+00,    0.0000000000E+00,    0.0000000000E+00,    1.4267018582E+02
    122800,      0.676943,CP4_after_advection,   1,    0.0000000000E+00,    1.4267729046E+02,    1.4267729046E+02,    0.0000000000E+00,    0.0000000000E+00,    0.0000000000E+00,    1.4267729046E+02
    122800,      0.676943,CP5_after_vdif,   1,    0.0000000000E+00,    1.4267729046E+02,    1.4267729046E+02,    0.0000000000E+00,    0.0000000000E+00,    0.0000000000E+00,    1.4267729046E+02
    122800,      0.676943,CP6_after_kinetics,   1,    0.0000000000E+00,    1.4267729046E+02,    1.4267729046E+02,    0.0000000000E+00,    0.0000000000E+00,    0.0000000000E+00,    1.4267729046E+02
    122800,      0.676943,CP7_after_upper_clamp,   1,    0.0000000000E+00,    1.4267729046E+02,    1.4267729046E+02,    0.0000000000E+00,    0.0000000000E+00,    0.0000000000E+00,    1.4267729046E+02
    122800,      0.676943,CP8_after_OBC,   1,    0.0000000000E+00,    1.4267729046E+02,    1.4267729046E+02,    0.0000000000E+00,    0.0000000000E+00,    0.0000000000E+00,    1.4267729046E+02
    122800,      0.676943,CP9_after_PTsource,   1,    0.0000000000E+00,    1.4267729046E+02,    1.4267729046E+02,    0.0000000000E+00,    0.0000000000E+00,    0.0000000000E+00,    1.4267729046E+02
    122800,      0.676943,CP10_after_neg_clamp,   1,    0.0000000000E+00,    1.4267729046E+02,    1.4267729046E+02,    0.0000000000E+00,    0.0000000000E+00,    0.0000000000E+00,    1.4267729046E+02
    122800,      0.676943,CP11_after_MPI,   1,    0.0000000000E+00,    1.4267729046E+02,    1.4267729046E+02,    0.0000000000E+00,    0.0000000000E+00,    0.0000000000E+00,    1.4267729046E+02
    122800,      0.676943,CP12_end,   1,    0.0000000000E+00,    1.4267729046E+02,    1.4267729046E+02,    0.0000000000E+00,    0.0000000000E+00,    0.0000000000E+00,    1.4267729046E+02
    122850,      0.676943,CP0_start,   1,    0.0000000000E+00,    1.4278079162E+02,    1.4278079162E+02,    0.0000000000E+00,    0.0000000000E+00,    0.0000000000E+00,    1.4278079162E+02
    122850,      0.676943,CP1_after_deposition,   1,    0.0000000000E+00,    1.4278079162E+02,    1.4278079162E+02,    0.0000000000E+00,    0.0000000000E+00,    0.0000000000E+00,    1.4278079162E+02
    122850,      0.676943,CP2_after_erosion,   1,    0.0000000000E+00,    1.4278079162E+02,    1.4278079162E+02,    0.0000000000E+00,    0.0000000000E+00,    0.0000000000E+00,    1.4278079162E+02
    122850,      0.676943,CP3_after_update_bottom,   1,    0.0000000000E+00,    1.4278079162E+02,    1.4278079162E+02,    0.0000000000E+00,    0.0000000000E+00,    0.0000000000E+00,    1.4278079162E+02
    122850,      0.676943,CP4_after_advection,   1,    0.0000000000E+00,    1.4278784734E+02,    1.4278784734E+02,    0.0000000000E+00,    0.0000000000E+00,    0.0000000000E+00,    1.4278784734E+02
    122850,      0.676943,CP5_after_vdif,   1,    0.0000000000E+00,    1.4278784734E+02,    1.4278784734E+02,    0.0000000000E+00,    0.0000000000E+00,    0.0000000000E+00,    1.4278784734E+02
    122850,      0.676943,CP6_after_kinetics,   1,    0.0000000000E+00,    1.4278784734E+02,    1.4278784734E+02,    0.0000000000E+00,    0.0000000000E+00,    0.0000000000E+00,    1.4278784734E+02
    122850,      0.676943,CP7_after_upper_clamp,   1,    0.0000000000E+00,    1.4278784734E+02,    1.4278784734E+02,    0.0000000000E+00,    0.0000000000E+00,    0.0000000000E+00,    1.4278784734E+02
    122850,      0.676943,CP8_after_OBC,   1,    0.0000000000E+00,    1.4278784734E+02,    1.4278784734E+02,    0.0000000000E+00,    0.0000000000E+00,    0.0000000000E+00,    1.4278784734E+02
    122850,      0.676943,CP9_after_PTsource,   1,    0.0000000000E+00,    1.4278784734E+02,    1.4278784734E+02,    0.0000000000E+00,    0.0000000000E+00,    0.0000000000E+00,    1.4278784734E+02
    122850,      0.676943,CP10_after_neg_clamp,   1,    0.0000000000E+00,    1.4278784734E+02,    1.4278784734E+02,    0.0000000000E+00,    0.0000000000E+00,    0.0000000000E+00,    1.4278784734E+02
    122850,      0.676943,CP11_after_MPI,   1,    0.0000000000E+00,    1.4278784734E+02,    1.4278784734E+02,    0.0000000000E+00,    0.0000000000E+00,    0.0000000000E+00,    1.4278784734E+02
    122850,      0.676943,CP12_end,   1,    0.0000000000E+00,    1.4278784734E+02,    1.4278784734E+02,    0.0000000000E+00,    0.0000000000E+00,    0.0000000000E+00,    1.4278784734E+02
    122900,      0.676943,CP0_start,   1,    0.0000000000E+00,    1.4289012583E+02,    1.4289012583E+02,    0.0000000000E+00,    0.0000000000E+00,    0.0000000000E+00,    1.4289012583E+02
    122900,      0.676943,CP1_after_deposition,   1,    0.0000000000E+00,    1.4289012583E+02,    1.4289012583E+02,    0.0000000000E+00,    0.0000000000E+00,    0.0000000000E+00,    1.4289012583E+02
    122900,      0.676943,CP2_after_erosion,   1,    0.0000000000E+00,    1.4289012583E+02,    1.4289012583E+02,    0.0000000000E+00,    0.0000000000E+00,    0.0000000000E+00,    1.4289012583E+02
    122900,      0.676943,CP3_after_update_bottom,   1,    0.0000000000E+00,    1.4289012583E+02,    1.4289012583E+02,    0.0000000000E+00,    0.0000000000E+00,    0.0000000000E+00,    1.4289012583E+02
    122900,      0.676943,CP4_after_advection,   1,    0.0000000000E+00,    1.4289712788E+02,    1.4289712788E+02,    0.0000000000E+00,    0.0000000000E+00,    0.0000000000E+00,    1.4289712788E+02
    122900,      0.676943,CP5_after_vdif,   1,    0.0000000000E+00,    1.4289712788E+02,    1.4289712788E+02,    0.0000000000E+00,    0.0000000000E+00,    0.0000000000E+00,    1.4289712788E+02
    122900,      0.676943,CP6_after_kinetics,   1,    0.0000000000E+00,    1.4289712788E+02,    1.4289712788E+02,    0.0000000000E+00,    0.0000000000E+00,    0.0000000000E+00,    1.4289712788E+02
    122900,      0.676943,CP7_after_upper_clamp,   1,    0.0000000000E+00,    1.4289712788E+02,    1.4289712788E+02,    0.0000000000E+00,    0.0000000000E+00,    0.0000000000E+00,    1.4289712788E+02
    122900,      0.676943,CP8_after_OBC,   1,    0.0000000000E+00,    1.4289712788E+02,    1.4289712788E+02,    0.0000000000E+00,    0.0000000000E+00,    0.0000000000E+00,    1.4289712788E+02
    122900,      0.676943,CP9_after_PTsource,   1,    0.0000000000E+00,    1.4289712788E+02,    1.4289712788E+02,    0.0000000000E+00,    0.0000000000E+00,    0.0000000000E+00,    1.4289712788E+02
    122900,      0.676943,CP10_after_neg_clamp,   1,    0.0000000000E+00,    1.4289712788E+02,    1.4289712788E+02,    0.0000000000E+00,    0.0000000000E+00,    0.0000000000E+00,    1.4289712788E+02
    122900,      0.676943,CP11_after_MPI,   1,    0.0000000000E+00,    1.4289712788E+02,    1.4289712788E+02,    0.0000000000E+00,    0.0000000000E+00,    0.0000000000E+00,    1.4289712788E+02
    122900,      0.676943,CP12_end,   1,    0.0000000000E+00,    1.4289712788E+02,    1.4289712788E+02,    0.0000000000E+00,    0.0000000000E+00,    0.0000000000E+00,    1.4289712788E+02
    122950,      0.676943,CP0_start,   1,    0.0000000000E+00,    1.4299794867E+02,    1.4299794867E+02,    0.0000000000E+00,    0.0000000000E+00,    0.0000000000E+00,    1.4299794867E+02
    122950,      0.676943,CP1_after_deposition,   1,    0.0000000000E+00,    1.4299794867E+02,    1.4299794867E+02,    0.0000000000E+00,    0.0000000000E+00,    0.0000000000E+00,    1.4299794867E+02
    122950,      0.676943,CP2_after_erosion,   1,    0.0000000000E+00,    1.4299794867E+02,    1.4299794867E+02,    0.0000000000E+00,    0.0000000000E+00,    0.0000000000E+00,    1.4299794867E+02
    122950,      0.676943,CP3_after_update_bottom,   1,    0.0000000000E+00,    1.4299794867E+02,    1.4299794867E+02,    0.0000000000E+00,    0.0000000000E+00,    0.0000000000E+00,    1.4299794867E+02
    122950,      0.676943,CP4_after_advection,   1,    0.0000000000E+00,    1.4300489235E+02,    1.4300489235E+02,    0.0000000000E+00,    0.0000000000E+00,    0.0000000000E+00,    1.4300489235E+02
    122950,      0.676943,CP5_after_vdif,   1,    0.0000000000E+00,    1.4300489235E+02,    1.4300489235E+02,    0.0000000000E+00,    0.0000000000E+00,    0.0000000000E+00,    1.4300489235E+02
    122950,      0.676943,CP6_after_kinetics,   1,    0.0000000000E+00,    1.4300489235E+02,    1.4300489235E+02,    0.0000000000E+00,    0.0000000000E+00,    0.0000000000E+00,    1.4300489235E+02
    122950,      0.676943,CP7_after_upper_clamp,   1,    0.0000000000E+00,    1.4300489235E+02,    1.4300489235E+02,    0.0000000000E+00,    0.0000000000E+00,    0.0000000000E+00,    1.4300489235E+02
    122950,      0.676943,CP8_after_OBC,   1,    0.0000000000E+00,    1.4300489235E+02,    1.4300489235E+02,    0.0000000000E+00,    0.0000000000E+00,    0.0000000000E+00,    1.4300489235E+02
    122950,      0.676943,CP9_after_PTsource,   1,    0.0000000000E+00,    1.4300489235E+02,    1.4300489235E+02,    0.0000000000E+00,    0.0000000000E+00,    0.0000000000E+00,    1.4300489235E+02
    122950,      0.676943,CP10_after_neg_clamp,   1,    0.0000000000E+00,    1.4300489235E+02,    1.4300489235E+02,    0.0000000000E+00,    0.0000000000E+00,    0.0000000000E+00,    1.4300489235E+02
    122950,      0.676943,CP11_after_MPI,   1,    0.0000000000E+00,    1.4300489235E+02,    1.4300489235E+02,    0.0000000000E+00,    0.0000000000E+00,    0.0000000000E+00,    1.4300489235E+02
    122950,      0.676943,CP12_end,   1,    0.0000000000E+00,    1.4300489235E+02,    1.4300489235E+02,    0.0000000000E+00,    0.0000000000E+00,    0.0000000000E+00,    1.4300489235E+02
    123000,      0.676943,CP0_start,   1,    0.0000000000E+00,    1.4310411324E+02,    1.4310411324E+02,    0.0000000000E+00,    0.0000000000E+00,    0.0000000000E+00,    1.4310411324E+02
    123000,      0.676943,CP1_after_deposition,   1,    0.0000000000E+00,    1.4310411324E+02,    1.4310411324E+02,    0.0000000000E+00,    0.0000000000E+00,    0.0000000000E+00,    1.4310411324E+02
    123000,      0.676943,CP2_after_erosion,   1,    0.0000000000E+00,    1.4310411324E+02,    1.4310411324E+02,    0.0000000000E+00,    0.0000000000E+00,    0.0000000000E+00,    1.4310411324E+02
    123000,      0.676943,CP3_after_update_bottom,   1,    0.0000000000E+00,    1.4310411324E+02,    1.4310411324E+02,    0.0000000000E+00,    0.0000000000E+00,    0.0000000000E+00,    1.4310411324E+02
    123000,      0.676943,CP4_after_advection,   1,    0.0000000000E+00,    1.4311099673E+02,    1.4311099673E+02,    0.0000000000E+00,    0.0000000000E+00,    0.0000000000E+00,    1.4311099673E+02
    123000,      0.676943,CP5_after_vdif,   1,    0.0000000000E+00,    1.4311099673E+02,    1.4311099673E+02,    0.0000000000E+00,    0.0000000000E+00,    0.0000000000E+00,    1.4311099673E+02
    123000,      0.676943,CP6_after_kinetics,   1,    0.0000000000E+00,    1.4311099673E+02,    1.4311099673E+02,    0.0000000000E+00,    0.0000000000E+00,    0.0000000000E+00,    1.4311099673E+02
    123000,      0.676943,CP7_after_upper_clamp,   1,    0.0000000000E+00,    1.4311099673E+02,    1.4311099673E+02,    0.0000000000E+00,    0.0000000000E+00,    0.0000000000E+00,    1.4311099673E+02
    123000,      0.676943,CP8_after_OBC,   1,    0.0000000000E+00,    1.4311099673E+02,    1.4311099673E+02,    0.0000000000E+00,    0.0000000000E+00,    0.0000000000E+00,    1.4311099673E+02
    123000,      0.676943,CP9_after_PTsource,   1,    0.0000000000E+00,    1.4311099673E+02,    1.4311099673E+02,    0.0000000000E+00,    0.0000000000E+00,    0.0000000000E+00,    1.4311099673E+02
    123000,      0.676943,CP10_after_neg_clamp,   1,    0.0000000000E+00,    1.4311099673E+02,    1.4311099673E+02,    0.0000000000E+00,    0.0000000000E+00,    0.0000000000E+00,    1.4311099673E+02
    123000,      0.676943,CP11_after_MPI,   1,    0.0000000000E+00,    1.4311099673E+02,    1.4311099673E+02,    0.0000000000E+00,    0.0000000000E+00,    0.0000000000E+00,    1.4311099673E+02
    123000,      0.676943,CP12_end,   1,    0.0000000000E+00,    1.4311099673E+02,    1.4311099673E+02,    0.0000000000E+00,    0.0000000000E+00,    0.0000000000E+00,    1.4311099673E+02
    123050,      0.676943,CP0_start,   1,    0.0000000000E+00,    1.4320856360E+02,    1.4320856360E+02,    0.0000000000E+00,    0.0000000000E+00,    0.0000000000E+00,    1.4320856360E+02
    123050,      0.676943,CP1_after_deposition,   1,    0.0000000000E+00,    1.4320856360E+02,    1.4320856360E+02,    0.0000000000E+00,    0.0000000000E+00,    0.0000000000E+00,    1.4320856360E+02
    123050,      0.676943,CP2_after_erosion,   1,    0.0000000000E+00,    1.4320856360E+02,    1.4320856360E+02,    0.0000000000E+00,    0.0000000000E+00,    0.0000000000E+00,    1.4320856360E+02
    123050,      0.676943,CP3_after_update_bottom,   1,    0.0000000000E+00,    1.4320856360E+02,    1.4320856360E+02,    0.0000000000E+00,    0.0000000000E+00,    0.0000000000E+00,    1.4320856360E+02
    123050,      0.676943,CP4_after_advection,   1,    0.0000000000E+00,    1.4321538462E+02,    1.4321538462E+02,    0.0000000000E+00,    0.0000000000E+00,    0.0000000000E+00,    1.4321538462E+02
    123050,      0.676943,CP5_after_vdif,   1,    0.0000000000E+00,    1.4321538462E+02,    1.4321538462E+02,    0.0000000000E+00,    0.0000000000E+00,    0.0000000000E+00,    1.4321538462E+02
    123050,      0.676943,CP6_after_kinetics,   1,    0.0000000000E+00,    1.4321538462E+02,    1.4321538462E+02,    0.0000000000E+00,    0.0000000000E+00,    0.0000000000E+00,    1.4321538462E+02
    123050,      0.676943,CP7_after_upper_clamp,   1,    0.0000000000E+00,    1.4321538462E+02,    1.4321538462E+02,    0.0000000000E+00,    0.0000000000E+00,    0.0000000000E+00,    1.4321538462E+02
    123050,      0.676943,CP8_after_OBC,   1,    0.0000000000E+00,    1.4321538462E+02,    1.4321538462E+02,    0.0000000000E+00,    0.0000000000E+00,    0.0000000000E+00,    1.4321538462E+02
    123050,      0.676943,CP9_after_PTsource,   1,    0.0000000000E+00,    1.4321538462E+02,    1.4321538462E+02,    0.0000000000E+00,    0.0000000000E+00,    0.0000000000E+00,    1.4321538462E+02
    123050,      0.676943,CP10_after_neg_clamp,   1,    0.0000000000E+00,    1.4321538462E+02,    1.4321538462E+02,    0.0000000000E+00,    0.0000000000E+00,    0.0000000000E+00,    1.4321538462E+02
    123050,      0.676943,CP11_after_MPI,   1,    0.0000000000E+00,    1.4321538462E+02,    1.4321538462E+02,    0.0000000000E+00,    0.0000000000E+00,    0.0000000000E+00,    1.4321538462E+02
    123050,      0.676943,CP12_end,   1,    0.0000000000E+00,    1.4321538462E+02,    1.4321538462E+02,    0.0000000000E+00,    0.0000000000E+00,    0.0000000000E+00,    1.4321538462E+02
    123100,      0.676943,CP0_start,   1,    0.0000000000E+00,    1.4331124741E+02,    1.4331124741E+02,    0.0000000000E+00,    0.0000000000E+00,    0.0000000000E+00,    1.4331124741E+02
    123100,      0.676943,CP1_after_deposition,   1,    0.0000000000E+00,    1.4331124741E+02,    1.4331124741E+02,    0.0000000000E+00,    0.0000000000E+00,    0.0000000000E+00,    1.4331124741E+02
    123100,      0.676943,CP2_after_erosion,   1,    0.0000000000E+00,    1.4331124741E+02,    1.4331124741E+02,    0.0000000000E+00,    0.0000000000E+00,    0.0000000000E+00,    1.4331124741E+02
    123100,      0.676943,CP3_after_update_bottom,   1,    0.0000000000E+00,    1.4331124741E+02,    1.4331124741E+02,    0.0000000000E+00,    0.0000000000E+00,    0.0000000000E+00,    1.4331124741E+02
    123100,      0.676943,CP4_after_advection,   1,    0.0000000000E+00,    1.4331800704E+02,    1.4331800704E+02,    0.0000000000E+00,    0.0000000000E+00,    0.0000000000E+00,    1.4331800704E+02
    123100,      0.676943,CP5_after_vdif,   1,    0.0000000000E+00,    1.4331800704E+02,    1.4331800704E+02,    0.0000000000E+00,    0.0000000000E+00,    0.0000000000E+00,    1.4331800704E+02
    123100,      0.676943,CP6_after_kinetics,   1,    0.0000000000E+00,    1.4331800704E+02,    1.4331800704E+02,    0.0000000000E+00,    0.0000000000E+00,    0.0000000000E+00,    1.4331800704E+02
    123100,      0.676943,CP7_after_upper_clamp,   1,    0.0000000000E+00,    1.4331800704E+02,    1.4331800704E+02,    0.0000000000E+00,    0.0000000000E+00,    0.0000000000E+00,    1.4331800704E+02
    123100,      0.676943,CP8_after_OBC,   1,    0.0000000000E+00,    1.4331800704E+02,    1.4331800704E+02,    0.0000000000E+00,    0.0000000000E+00,    0.0000000000E+00,    1.4331800704E+02
    123100,      0.676943,CP9_after_PTsource,   1,    0.0000000000E+00,    1.4331800704E+02,    1.4331800704E+02,    0.0000000000E+00,    0.0000000000E+00,    0.0000000000E+00,    1.4331800704E+02
    123100,      0.676943,CP10_after_neg_clamp,   1,    0.0000000000E+00,    1.4331800704E+02,    1.4331800704E+02,    0.0000000000E+00,    0.0000000000E+00,    0.0000000000E+00,    1.4331800704E+02
    123100,      0.676943,CP11_after_MPI,   1,    0.0000000000E+00,    1.4331800704E+02,    1.4331800704E+02,    0.0000000000E+00,    0.0000000000E+00,    0.0000000000E+00,    1.4331800704E+02
    123100,      0.676943,CP12_end,   1,    0.0000000000E+00,    1.4331800704E+02,    1.4331800704E+02,    0.0000000000E+00,    0.0000000000E+00,    0.0000000000E+00,    1.4331800704E+02
    123150,      0.676943,CP0_start,   1,    0.0000000000E+00,    1.4341220853E+02,    1.4341220853E+02,    0.0000000000E+00,    0.0000000000E+00,    0.0000000000E+00,    1.4341220853E+02
    123150,      0.676943,CP1_after_deposition,   1,    0.0000000000E+00,    1.4341220853E+02,    1.4341220853E+02,    0.0000000000E+00,    0.0000000000E+00,    0.0000000000E+00,    1.4341220853E+02
    123150,      0.676943,CP2_after_erosion,   1,    0.0000000000E+00,    1.4341220853E+02,    1.4341220853E+02,    0.0000000000E+00,    0.0000000000E+00,    0.0000000000E+00,    1.4341220853E+02
    123150,      0.676943,CP3_after_update_bottom,   1,    0.0000000000E+00,    1.4341220853E+02,    1.4341220853E+02,    0.0000000000E+00,    0.0000000000E+00,    0.0000000000E+00,    1.4341220853E+02
    123150,      0.676943,CP4_after_advection,   1,    0.0000000000E+00,    1.4341890744E+02,    1.4341890744E+02,    0.0000000000E+00,    0.0000000000E+00,    0.0000000000E+00,    1.4341890744E+02
    123150,      0.676943,CP5_after_vdif,   1,    0.0000000000E+00,    1.4341890744E+02,    1.4341890744E+02,    0.0000000000E+00,    0.0000000000E+00,    0.0000000000E+00,    1.4341890744E+02
    123150,      0.676943,CP6_after_kinetics,   1,    0.0000000000E+00,    1.4341890744E+02,    1.4341890744E+02,    0.0000000000E+00,    0.0000000000E+00,    0.0000000000E+00,    1.4341890744E+02
    123150,      0.676943,CP7_after_upper_clamp,   1,    0.0000000000E+00,    1.4341890744E+02,    1.4341890744E+02,    0.0000000000E+00,    0.0000000000E+00,    0.0000000000E+00,    1.4341890744E+02
    123150,      0.676943,CP8_after_OBC,   1,    0.0000000000E+00,    1.4341890744E+02,    1.4341890744E+02,    0.0000000000E+00,    0.0000000000E+00,    0.0000000000E+00,    1.4341890744E+02
    123150,      0.676943,CP9_after_PTsource,   1,    0.0000000000E+00,    1.4341890744E+02,    1.4341890744E+02,    0.0000000000E+00,    0.0000000000E+00,    0.0000000000E+00,    1.4341890744E+02
    123150,      0.676943,CP10_after_neg_clamp,   1,    0.0000000000E+00,    1.4341890744E+02,    1.4341890744E+02,    0.0000000000E+00,    0.0000000000E+00,    0.0000000000E+00,    1.4341890744E+02
    123150,      0.676943,CP11_after_MPI,   1,    0.0000000000E+00,    1.4341890744E+02,    1.4341890744E+02,    0.0000000000E+00,    0.0000000000E+00,    0.0000000000E+00,    1.4341890744E+02
    123150,      0.676943,CP12_end,   1,    0.0000000000E+00,    1.4341890744E+02,    1.4341890744E+02,    0.0000000000E+00,    0.0000000000E+00,    0.0000000000E+00,    1.4341890744E+02
    123200,      0.676943,CP0_start,   1,    0.0000000000E+00,    1.4351152246E+02,    1.4351152246E+02,    0.0000000000E+00,    0.0000000000E+00,    0.0000000000E+00,    1.4351152246E+02
    123200,      0.676943,CP1_after_deposition,   1,    0.0000000000E+00,    1.4351152246E+02,    1.4351152246E+02,    0.0000000000E+00,    0.0000000000E+00,    0.0000000000E+00,    1.4351152246E+02
    123200,      0.676943,CP2_after_erosion,   1,    0.0000000000E+00,    1.4351152246E+02,    1.4351152246E+02,    0.0000000000E+00,    0.0000000000E+00,    0.0000000000E+00,    1.4351152246E+02
    123200,      0.676943,CP3_after_update_bottom,   1,    0.0000000000E+00,    1.4351152246E+02,    1.4351152246E+02,    0.0000000000E+00,    0.0000000000E+00,    0.0000000000E+00,    1.4351152246E+02
    123200,      0.676943,CP4_after_advection,   1,    0.0000000000E+00,    1.4351816091E+02,    1.4351816091E+02,    0.0000000000E+00,    0.0000000000E+00,    0.0000000000E+00,    1.4351816091E+02
    123200,      0.676943,CP5_after_vdif,   1,    0.0000000000E+00,    1.4351816091E+02,    1.4351816091E+02,    0.0000000000E+00,    0.0000000000E+00,    0.0000000000E+00,    1.4351816091E+02
    123200,      0.676943,CP6_after_kinetics,   1,    0.0000000000E+00,    1.4351816091E+02,    1.4351816091E+02,    0.0000000000E+00,    0.0000000000E+00,    0.0000000000E+00,    1.4351816091E+02
    123200,      0.676943,CP7_after_upper_clamp,   1,    0.0000000000E+00,    1.4351816091E+02,    1.4351816091E+02,    0.0000000000E+00,    0.0000000000E+00,    0.0000000000E+00,    1.4351816091E+02
    123200,      0.676943,CP8_after_OBC,   1,    0.0000000000E+00,    1.4351816091E+02,    1.4351816091E+02,    0.0000000000E+00,    0.0000000000E+00,    0.0000000000E+00,    1.4351816091E+02
    123200,      0.676943,CP9_after_PTsource,   1,    0.0000000000E+00,    1.4351816091E+02,    1.4351816091E+02,    0.0000000000E+00,    0.0000000000E+00,    0.0000000000E+00,    1.4351816091E+02
    123200,      0.676943,CP10_after_neg_clamp,   1,    0.0000000000E+00,    1.4351816091E+02,    1.4351816091E+02,    0.0000000000E+00,    0.0000000000E+00,    0.0000000000E+00,    1.4351816091E+02
    123200,      0.676943,CP11_after_MPI,   1,    0.0000000000E+00,    1.4351816091E+02,    1.4351816091E+02,    0.0000000000E+00,    0.0000000000E+00,    0.0000000000E+00,    1.4351816091E+02
    123200,      0.676943,CP12_end,   1,    0.0000000000E+00,    1.4351816091E+02,    1.4351816091E+02,    0.0000000000E+00,    0.0000000000E+00,    0.0000000000E+00,    1.4351816091E+02
    123250,      0.676943,CP0_start,   1,    0.0000000000E+00,    1.4360925323E+02,    1.4360925323E+02,    0.0000000000E+00,    0.0000000000E+00,    0.0000000000E+00,    1.4360925323E+02
    123250,      0.676943,CP1_after_deposition,   1,    0.0000000000E+00,    1.4360925323E+02,    1.4360925323E+02,    0.0000000000E+00,    0.0000000000E+00,    0.0000000000E+00,    1.4360925323E+02
    123250,      0.676943,CP2_after_erosion,   1,    0.0000000000E+00,    1.4360925323E+02,    1.4360925323E+02,    0.0000000000E+00,    0.0000000000E+00,    0.0000000000E+00,    1.4360925323E+02
    123250,      0.676943,CP3_after_update_bottom,   1,    0.0000000000E+00,    1.4360925323E+02,    1.4360925323E+02,    0.0000000000E+00,    0.0000000000E+00,    0.0000000000E+00,    1.4360925323E+02
    123250,      0.676943,CP4_after_advection,   1,    0.0000000000E+00,    1.4361583143E+02,    1.4361583143E+02,    0.0000000000E+00,    0.0000000000E+00,    0.0000000000E+00,    1.4361583143E+02
    123250,      0.676943,CP5_after_vdif,   1,    0.0000000000E+00,    1.4361583143E+02,    1.4361583143E+02,    0.0000000000E+00,    0.0000000000E+00,    0.0000000000E+00,    1.4361583143E+02
    123250,      0.676943,CP6_after_kinetics,   1,    0.0000000000E+00,    1.4361583143E+02,    1.4361583143E+02,    0.0000000000E+00,    0.0000000000E+00,    0.0000000000E+00,    1.4361583143E+02
    123250,      0.676943,CP7_after_upper_clamp,   1,    0.0000000000E+00,    1.4361583143E+02,    1.4361583143E+02,    0.0000000000E+00,    0.0000000000E+00,    0.0000000000E+00,    1.4361583143E+02
    123250,      0.676943,CP8_after_OBC,   1,    0.0000000000E+00,    1.4361583143E+02,    1.4361583143E+02,    0.0000000000E+00,    0.0000000000E+00,    0.0000000000E+00,    1.4361583143E+02
    123250,      0.676943,CP9_after_PTsource,   1,    0.0000000000E+00,    1.4361583143E+02,    1.4361583143E+02,    0.0000000000E+00,    0.0000000000E+00,    0.0000000000E+00,    1.4361583143E+02
    123250,      0.676943,CP10_after_neg_clamp,   1,    0.0000000000E+00,    1.4361583143E+02,    1.4361583143E+02,    0.0000000000E+00,    0.0000000000E+00,    0.0000000000E+00,    1.4361583143E+02
    123250,      0.676943,CP11_after_MPI,   1,    0.0000000000E+00,    1.4361583143E+02,    1.4361583143E+02,    0.0000000000E+00,    0.0000000000E+00,    0.0000000000E+00,    1.4361583143E+02
    123250,      0.676943,CP12_end,   1,    0.0000000000E+00,    1.4361583143E+02,    1.4361583143E+02,    0.0000000000E+00,    0.0000000000E+00,    0.0000000000E+00,    1.4361583143E+02
    123300,      0.676943,CP0_start,   1,    0.0000000000E+00,    1.4370557155E+02,    1.4370557155E+02,    0.0000000000E+00,    0.0000000000E+00,    0.0000000000E+00,    1.4370557155E+02
    123300,      0.676943,CP1_after_deposition,   1,    0.0000000000E+00,    1.4370557155E+02,    1.4370557155E+02,    0.0000000000E+00,    0.0000000000E+00,    0.0000000000E+00,    1.4370557155E+02
    123300,      0.676943,CP2_after_erosion,   1,    0.0000000000E+00,    1.4370557155E+02,    1.4370557155E+02,    0.0000000000E+00,    0.0000000000E+00,    0.0000000000E+00,    1.4370557155E+02
    123300,      0.676943,CP3_after_update_bottom,   1,    0.0000000000E+00,    1.4370557155E+02,    1.4370557155E+02,    0.0000000000E+00,    0.0000000000E+00,    0.0000000000E+00,    1.4370557155E+02
    123300,      0.676943,CP4_after_advection,   1,    0.0000000000E+00,    1.4371209537E+02,    1.4371209537E+02,    0.0000000000E+00,    0.0000000000E+00,    0.0000000000E+00,    1.4371209537E+02
    123300,      0.676943,CP5_after_vdif,   1,    0.0000000000E+00,    1.4371209537E+02,    1.4371209537E+02,    0.0000000000E+00,    0.0000000000E+00,    0.0000000000E+00,    1.4371209537E+02
    123300,      0.676943,CP6_after_kinetics,   1,    0.0000000000E+00,    1.4371209537E+02,    1.4371209537E+02,    0.0000000000E+00,    0.0000000000E+00,    0.0000000000E+00,    1.4371209537E+02
    123300,      0.676943,CP7_after_upper_clamp,   1,    0.0000000000E+00,    1.4371209537E+02,    1.4371209537E+02,    0.0000000000E+00,    0.0000000000E+00,    0.0000000000E+00,    1.4371209537E+02
    123300,      0.676943,CP8_after_OBC,   1,    0.0000000000E+00,    1.4371209537E+02,    1.4371209537E+02,    0.0000000000E+00,    0.0000000000E+00,    0.0000000000E+00,    1.4371209537E+02
    123300,      0.676943,CP9_after_PTsource,   1,    0.0000000000E+00,    1.4371209537E+02,    1.4371209537E+02,    0.0000000000E+00,    0.0000000000E+00,    0.0000000000E+00,    1.4371209537E+02
    123300,      0.676943,CP10_after_neg_clamp,   1,    0.0000000000E+00,    1.4371209537E+02,    1.4371209537E+02,    0.0000000000E+00,    0.0000000000E+00,    0.0000000000E+00,    1.4371209537E+02
    123300,      0.676943,CP11_after_MPI,   1,    0.0000000000E+00,    1.4371209537E+02,    1.4371209537E+02,    0.0000000000E+00,    0.0000000000E+00,    0.0000000000E+00,    1.4371209537E+02
    123300,      0.676943,CP12_end,   1,    0.0000000000E+00,    1.4371209537E+02,    1.4371209537E+02,    0.0000000000E+00,    0.0000000000E+00,    0.0000000000E+00,    1.4371209537E+02
    123350,      0.676943,CP0_start,   1,    0.0000000000E+00,    1.4379917881E+02,    1.4379917881E+02,    0.0000000000E+00,    0.0000000000E+00,    0.0000000000E+00,    1.4379917881E+02
    123350,      0.676943,CP1_after_deposition,   1,    0.0000000000E+00,    1.4379917881E+02,    1.4379917881E+02,    0.0000000000E+00,    0.0000000000E+00,    0.0000000000E+00,    1.4379917881E+02
    123350,      0.676943,CP2_after_erosion,   1,    0.0000000000E+00,    1.4379917881E+02,    1.4379917881E+02,    0.0000000000E+00,    0.0000000000E+00,    0.0000000000E+00,    1.4379917881E+02
    123350,      0.676943,CP3_after_update_bottom,   1,    0.0000000000E+00,    1.4379917881E+02,    1.4379917881E+02,    0.0000000000E+00,    0.0000000000E+00,    0.0000000000E+00,    1.4379917881E+02
    123350,      0.676943,CP4_after_advection,   1,    0.0000000000E+00,    1.4380565483E+02,    1.4380565483E+02,    0.0000000000E+00,    0.0000000000E+00,    0.0000000000E+00,    1.4380565483E+02
    123350,      0.676943,CP5_after_vdif,   1,    0.0000000000E+00,    1.4380565483E+02,    1.4380565483E+02,    0.0000000000E+00,    0.0000000000E+00,    0.0000000000E+00,    1.4380565483E+02
    123350,      0.676943,CP6_after_kinetics,   1,    0.0000000000E+00,    1.4380565483E+02,    1.4380565483E+02,    0.0000000000E+00,    0.0000000000E+00,    0.0000000000E+00,    1.4380565483E+02
    123350,      0.676943,CP7_after_upper_clamp,   1,    0.0000000000E+00,    1.4380565483E+02,    1.4380565483E+02,    0.0000000000E+00,    0.0000000000E+00,    0.0000000000E+00,    1.4380565483E+02
    123350,      0.676943,CP8_after_OBC,   1,    0.0000000000E+00,    1.4380565483E+02,    1.4380565483E+02,    0.0000000000E+00,    0.0000000000E+00,    0.0000000000E+00,    1.4380565483E+02
    123350,      0.676943,CP9_after_PTsource,   1,    0.0000000000E+00,    1.4380565483E+02,    1.4380565483E+02,    0.0000000000E+00,    0.0000000000E+00,    0.0000000000E+00,    1.4380565483E+02
    123350,      0.676943,CP10_after_neg_clamp,   1,    0.0000000000E+00,    1.4380565483E+02,    1.4380565483E+02,    0.0000000000E+00,    0.0000000000E+00,    0.0000000000E+00,    1.4380565483E+02
    123350,      0.676943,CP11_after_MPI,   1,    0.0000000000E+00,    1.4380565483E+02,    1.4380565483E+02,    0.0000000000E+00,    0.0000000000E+00,    0.0000000000E+00,    1.4380565483E+02
    123350,      0.676943,CP12_end,   1,    0.0000000000E+00,    1.4380565483E+02,    1.4380565483E+02,    0.0000000000E+00,    0.0000000000E+00,    0.0000000000E+00,    1.4380565483E+02
    123400,      0.676943,CP0_start,   1,    0.0000000000E+00,    1.4389170713E+02,    1.4389170713E+02,    0.0000000000E+00,    0.0000000000E+00,    0.0000000000E+00,    1.4389170713E+02
    123400,      0.676943,CP1_after_deposition,   1,    0.0000000000E+00,    1.4389170713E+02,    1.4389170713E+02,    0.0000000000E+00,    0.0000000000E+00,    0.0000000000E+00,    1.4389170713E+02
    123400,      0.676943,CP2_after_erosion,   1,    0.0000000000E+00,    1.4389170713E+02,    1.4389170713E+02,    0.0000000000E+00,    0.0000000000E+00,    0.0000000000E+00,    1.4389170713E+02
    123400,      0.676943,CP3_after_update_bottom,   1,    0.0000000000E+00,    1.4389170713E+02,    1.4389170713E+02,    0.0000000000E+00,    0.0000000000E+00,    0.0000000000E+00,    1.4389170713E+02
    123400,      0.676943,CP4_after_advection,   1,    0.0000000000E+00,    1.4389813857E+02,    1.4389813857E+02,    0.0000000000E+00,    0.0000000000E+00,    0.0000000000E+00,    1.4389813857E+02
    123400,      0.676943,CP5_after_vdif,   1,    0.0000000000E+00,    1.4389813857E+02,    1.4389813857E+02,    0.0000000000E+00,    0.0000000000E+00,    0.0000000000E+00,    1.4389813857E+02
    123400,      0.676943,CP6_after_kinetics,   1,    0.0000000000E+00,    1.4389813857E+02,    1.4389813857E+02,    0.0000000000E+00,    0.0000000000E+00,    0.0000000000E+00,    1.4389813857E+02
    123400,      0.676943,CP7_after_upper_clamp,   1,    0.0000000000E+00,    1.4389813857E+02,    1.4389813857E+02,    0.0000000000E+00,    0.0000000000E+00,    0.0000000000E+00,    1.4389813857E+02
    123400,      0.676943,CP8_after_OBC,   1,    0.0000000000E+00,    1.4389813857E+02,    1.4389813857E+02,    0.0000000000E+00,    0.0000000000E+00,    0.0000000000E+00,    1.4389813857E+02
    123400,      0.676943,CP9_after_PTsource,   1,    0.0000000000E+00,    1.4389813857E+02,    1.4389813857E+02,    0.0000000000E+00,    0.0000000000E+00,    0.0000000000E+00,    1.4389813857E+02
    123400,      0.676943,CP10_after_neg_clamp,   1,    0.0000000000E+00,    1.4389813857E+02,    1.4389813857E+02,    0.0000000000E+00,    0.0000000000E+00,    0.0000000000E+00,    1.4389813857E+02
    123400,      0.676943,CP11_after_MPI,   1,    0.0000000000E+00,    1.4389813857E+02,    1.4389813857E+02,    0.0000000000E+00,    0.0000000000E+00,    0.0000000000E+00,    1.4389813857E+02
    123400,      0.676943,CP12_end,   1,    0.0000000000E+00,    1.4389813857E+02,    1.4389813857E+02,    0.0000000000E+00,    0.0000000000E+00,    0.0000000000E+00,    1.4389813857E+02
    123450,      0.676943,CP0_start,   1,    0.0000000000E+00,    1.4398329455E+02,    1.4398329455E+02,    0.0000000000E+00,    0.0000000000E+00,    0.0000000000E+00,    1.4398329455E+02
    123450,      0.676943,CP1_after_deposition,   1,    0.0000000000E+00,    1.4398329455E+02,    1.4398329455E+02,    0.0000000000E+00,    0.0000000000E+00,    0.0000000000E+00,    1.4398329455E+02
    123450,      0.676943,CP2_after_erosion,   1,    0.0000000000E+00,    1.4398329455E+02,    1.4398329455E+02,    0.0000000000E+00,    0.0000000000E+00,    0.0000000000E+00,    1.4398329455E+02
    123450,      0.676943,CP3_after_update_bottom,   1,    0.0000000000E+00,    1.4398329455E+02,    1.4398329455E+02,    0.0000000000E+00,    0.0000000000E+00,    0.0000000000E+00,    1.4398329455E+02
    123450,      0.676943,CP4_after_advection,   1,    0.0000000000E+00,    1.4398968073E+02,    1.4398968073E+02,    0.0000000000E+00,    0.0000000000E+00,    0.0000000000E+00,    1.4398968073E+02
    123450,      0.676943,CP5_after_vdif,   1,    0.0000000000E+00,    1.4398968073E+02,    1.4398968073E+02,    0.0000000000E+00,    0.0000000000E+00,    0.0000000000E+00,    1.4398968073E+02
    123450,      0.676943,CP6_after_kinetics,   1,    0.0000000000E+00,    1.4398968073E+02,    1.4398968073E+02,    0.0000000000E+00,    0.0000000000E+00,    0.0000000000E+00,    1.4398968073E+02
    123450,      0.676943,CP7_after_upper_clamp,   1,    0.0000000000E+00,    1.4398968073E+02,    1.4398968073E+02,    0.0000000000E+00,    0.0000000000E+00,    0.0000000000E+00,    1.4398968073E+02
    123450,      0.676943,CP8_after_OBC,   1,    0.0000000000E+00,    1.4398968073E+02,    1.4398968073E+02,    0.0000000000E+00,    0.0000000000E+00,    0.0000000000E+00,    1.4398968073E+02
    123450,      0.676943,CP9_after_PTsource,   1,    0.0000000000E+00,    1.4398968073E+02,    1.4398968073E+02,    0.0000000000E+00,    0.0000000000E+00,    0.0000000000E+00,    1.4398968073E+02
    123450,      0.676943,CP10_after_neg_clamp,   1,    0.0000000000E+00,    1.4398968073E+02,    1.4398968073E+02,    0.0000000000E+00,    0.0000000000E+00,    0.0000000000E+00,    1.4398968073E+02
    123450,      0.676943,CP11_after_MPI,   1,    0.0000000000E+00,    1.4398968073E+02,    1.4398968073E+02,    0.0000000000E+00,    0.0000000000E+00,    0.0000000000E+00,    1.4398968073E+02
    123450,      0.676943,CP12_end,   1,    0.0000000000E+00,    1.4398968073E+02,    1.4398968073E+02,    0.0000000000E+00,    0.0000000000E+00,    0.0000000000E+00,    1.4398968073E+02
    123500,      0.676943,CP0_start,   1,    0.0000000000E+00,    1.4407435899E+02,    1.4407435899E+02,    0.0000000000E+00,    0.0000000000E+00,    0.0000000000E+00,    1.4407435899E+02
    123500,      0.676943,CP1_after_deposition,   1,    0.0000000000E+00,    1.4407435899E+02,    1.4407435899E+02,    0.0000000000E+00,    0.0000000000E+00,    0.0000000000E+00,    1.4407435899E+02
    123500,      0.676943,CP2_after_erosion,   1,    0.0000000000E+00,    1.4407435899E+02,    1.4407435899E+02,    0.0000000000E+00,    0.0000000000E+00,    0.0000000000E+00,    1.4407435899E+02
    123500,      0.676943,CP3_after_update_bottom,   1,    0.0000000000E+00,    1.4407435899E+02,    1.4407435899E+02,    0.0000000000E+00,    0.0000000000E+00,    0.0000000000E+00,    1.4407435899E+02
    123500,      0.676943,CP4_after_advection,   1,    0.0000000000E+00,    1.4408071071E+02,    1.4408071071E+02,    0.0000000000E+00,    0.0000000000E+00,    0.0000000000E+00,    1.4408071071E+02
    123500,      0.676943,CP5_after_vdif,   1,    0.0000000000E+00,    1.4408071071E+02,    1.4408071071E+02,    0.0000000000E+00,    0.0000000000E+00,    0.0000000000E+00,    1.4408071071E+02
    123500,      0.676943,CP6_after_kinetics,   1,    0.0000000000E+00,    1.4408071071E+02,    1.4408071071E+02,    0.0000000000E+00,    0.0000000000E+00,    0.0000000000E+00,    1.4408071071E+02
    123500,      0.676943,CP7_after_upper_clamp,   1,    0.0000000000E+00,    1.4408071071E+02,    1.4408071071E+02,    0.0000000000E+00,    0.0000000000E+00,    0.0000000000E+00,    1.4408071071E+02
    123500,      0.676943,CP8_after_OBC,   1,    0.0000000000E+00,    1.4408071071E+02,    1.4408071071E+02,    0.0000000000E+00,    0.0000000000E+00,    0.0000000000E+00,    1.4408071071E+02
    123500,      0.676943,CP9_after_PTsource,   1,    0.0000000000E+00,    1.4408071071E+02,    1.4408071071E+02,    0.0000000000E+00,    0.0000000000E+00,    0.0000000000E+00,    1.4408071071E+02
    123500,      0.676943,CP10_after_neg_clamp,   1,    0.0000000000E+00,    1.4408071071E+02,    1.4408071071E+02,    0.0000000000E+00,    0.0000000000E+00,    0.0000000000E+00,    1.4408071071E+02
    123500,      0.676943,CP11_after_MPI,   1,    0.0000000000E+00,    1.4408071071E+02,    1.4408071071E+02,    0.0000000000E+00,    0.0000000000E+00,    0.0000000000E+00,    1.4408071071E+02
    123500,      0.676943,CP12_end,   1,    0.0000000000E+00,    1.4408071071E+02,    1.4408071071E+02,    0.0000000000E+00,    0.0000000000E+00,    0.0000000000E+00,    1.4408071071E+02
    123550,      0.676943,CP0_start,   1,    0.0000000000E+00,    1.4416512016E+02,    1.4416512016E+02,    0.0000000000E+00,    0.0000000000E+00,    0.0000000000E+00,    1.4416512016E+02
    123550,      0.676943,CP1_after_deposition,   1,    0.0000000000E+00,    1.4416512016E+02,    1.4416512016E+02,    0.0000000000E+00,    0.0000000000E+00,    0.0000000000E+00,    1.4416512016E+02
    123550,      0.676943,CP2_after_erosion,   1,    0.0000000000E+00,    1.4416512016E+02,    1.4416512016E+02,    0.0000000000E+00,    0.0000000000E+00,    0.0000000000E+00,    1.4416512016E+02
    123550,      0.676943,CP3_after_update_bottom,   1,    0.0000000000E+00,    1.4416512016E+02,    1.4416512016E+02,    0.0000000000E+00,    0.0000000000E+00,    0.0000000000E+00,    1.4416512016E+02
    123550,      0.676943,CP4_after_advection,   1,    0.0000000000E+00,    1.4417144277E+02,    1.4417144277E+02,    0.0000000000E+00,    0.0000000000E+00,    0.0000000000E+00,    1.4417144277E+02
    123550,      0.676943,CP5_after_vdif,   1,    0.0000000000E+00,    1.4417144277E+02,    1.4417144277E+02,    0.0000000000E+00,    0.0000000000E+00,    0.0000000000E+00,    1.4417144277E+02
    123550,      0.676943,CP6_after_kinetics,   1,    0.0000000000E+00,    1.4417144277E+02,    1.4417144277E+02,    0.0000000000E+00,    0.0000000000E+00,    0.0000000000E+00,    1.4417144277E+02
    123550,      0.676943,CP7_after_upper_clamp,   1,    0.0000000000E+00,    1.4417144277E+02,    1.4417144277E+02,    0.0000000000E+00,    0.0000000000E+00,    0.0000000000E+00,    1.4417144277E+02
    123550,      0.676943,CP8_after_OBC,   1,    0.0000000000E+00,    1.4417144277E+02,    1.4417144277E+02,    0.0000000000E+00,    0.0000000000E+00,    0.0000000000E+00,    1.4417144277E+02
    123550,      0.676943,CP9_after_PTsource,   1,    0.0000000000E+00,    1.4417144277E+02,    1.4417144277E+02,    0.0000000000E+00,    0.0000000000E+00,    0.0000000000E+00,    1.4417144277E+02
    123550,      0.676943,CP10_after_neg_clamp,   1,    0.0000000000E+00,    1.4417144277E+02,    1.4417144277E+02,    0.0000000000E+00,    0.0000000000E+00,    0.0000000000E+00,    1.4417144277E+02
    123550,      0.676943,CP11_after_MPI,   1,    0.0000000000E+00,    1.4417144277E+02,    1.4417144277E+02,    0.0000000000E+00,    0.0000000000E+00,    0.0000000000E+00,    1.4417144277E+02
    123550,      0.676943,CP12_end,   1,    0.0000000000E+00,    1.4417144277E+02,    1.4417144277E+02,    0.0000000000E+00,    0.0000000000E+00,    0.0000000000E+00,    1.4417144277E+02
    123600,      0.676943,CP0_start,   1,    0.0000000000E+00,    1.4425570923E+02,    1.4425570923E+02,    0.0000000000E+00,    0.0000000000E+00,    0.0000000000E+00,    1.4425570923E+02
    123600,      0.676943,CP1_after_deposition,   1,    0.0000000000E+00,    1.4425570923E+02,    1.4425570923E+02,    0.0000000000E+00,    0.0000000000E+00,    0.0000000000E+00,    1.4425570923E+02
    123600,      0.676943,CP2_after_erosion,   1,    0.0000000000E+00,    1.4425570923E+02,    1.4425570923E+02,    0.0000000000E+00,    0.0000000000E+00,    0.0000000000E+00,    1.4425570923E+02
    123600,      0.676943,CP3_after_update_bottom,   1,    0.0000000000E+00,    1.4425570923E+02,    1.4425570923E+02,    0.0000000000E+00,    0.0000000000E+00,    0.0000000000E+00,    1.4425570923E+02
    123600,      0.676943,CP4_after_advection,   1,    0.0000000000E+00,    1.4426200598E+02,    1.4426200598E+02,    0.0000000000E+00,    0.0000000000E+00,    0.0000000000E+00,    1.4426200598E+02
    123600,      0.676943,CP5_after_vdif,   1,    0.0000000000E+00,    1.4426200598E+02,    1.4426200598E+02,    0.0000000000E+00,    0.0000000000E+00,    0.0000000000E+00,    1.4426200598E+02
    123600,      0.676943,CP6_after_kinetics,   1,    0.0000000000E+00,    1.4426200598E+02,    1.4426200598E+02,    0.0000000000E+00,    0.0000000000E+00,    0.0000000000E+00,    1.4426200598E+02
    123600,      0.676943,CP7_after_upper_clamp,   1,    0.0000000000E+00,    1.4426200598E+02,    1.4426200598E+02,    0.0000000000E+00,    0.0000000000E+00,    0.0000000000E+00,    1.4426200598E+02
    123600,      0.676943,CP8_after_OBC,   1,    0.0000000000E+00,    1.4426200598E+02,    1.4426200598E+02,    0.0000000000E+00,    0.0000000000E+00,    0.0000000000E+00,    1.4426200598E+02
    123600,      0.676943,CP9_after_PTsource,   1,    0.0000000000E+00,    1.4426200598E+02,    1.4426200598E+02,    0.0000000000E+00,    0.0000000000E+00,    0.0000000000E+00,    1.4426200598E+02
    123600,      0.676943,CP10_after_neg_clamp,   1,    0.0000000000E+00,    1.4426200598E+02,    1.4426200598E+02,    0.0000000000E+00,    0.0000000000E+00,    0.0000000000E+00,    1.4426200598E+02
    123600,      0.676943,CP11_after_MPI,   1,    0.0000000000E+00,    1.4426200598E+02,    1.4426200598E+02,    0.0000000000E+00,    0.0000000000E+00,    0.0000000000E+00,    1.4426200598E+02
    123600,      0.676943,CP12_end,   1,    0.0000000000E+00,    1.4426200598E+02,    1.4426200598E+02,    0.0000000000E+00,    0.0000000000E+00,    0.0000000000E+00,    1.4426200598E+02
    123650,      0.676943,CP0_start,   1,    0.0000000000E+00,    1.4434646104E+02,    1.4434646104E+02,    0.0000000000E+00,    0.0000000000E+00,    0.0000000000E+00,    1.4434646104E+02
    123650,      0.676943,CP1_after_deposition,   1,    0.0000000000E+00,    1.4434646104E+02,    1.4434646104E+02,    0.0000000000E+00,    0.0000000000E+00,    0.0000000000E+00,    1.4434646104E+02
    123650,      0.676943,CP2_after_erosion,   1,    0.0000000000E+00,    1.4434646104E+02,    1.4434646104E+02,    0.0000000000E+00,    0.0000000000E+00,    0.0000000000E+00,    1.4434646104E+02
    123650,      0.676943,CP3_after_update_bottom,   1,    0.0000000000E+00,    1.4434646104E+02,    1.4434646104E+02,    0.0000000000E+00,    0.0000000000E+00,    0.0000000000E+00,    1.4434646104E+02
    123650,      0.676943,CP4_after_advection,   1,    0.0000000000E+00,    1.4435274022E+02,    1.4435274022E+02,    0.0000000000E+00,    0.0000000000E+00,    0.0000000000E+00,    1.4435274022E+02
    123650,      0.676943,CP5_after_vdif,   1,    0.0000000000E+00,    1.4435274022E+02,    1.4435274022E+02,    0.0000000000E+00,    0.0000000000E+00,    0.0000000000E+00,    1.4435274022E+02
    123650,      0.676943,CP6_after_kinetics,   1,    0.0000000000E+00,    1.4435274022E+02,    1.4435274022E+02,    0.0000000000E+00,    0.0000000000E+00,    0.0000000000E+00,    1.4435274022E+02
    123650,      0.676943,CP7_after_upper_clamp,   1,    0.0000000000E+00,    1.4435274022E+02,    1.4435274022E+02,    0.0000000000E+00,    0.0000000000E+00,    0.0000000000E+00,    1.4435274022E+02
    123650,      0.676943,CP8_after_OBC,   1,    0.0000000000E+00,    1.4435274022E+02,    1.4435274022E+02,    0.0000000000E+00,    0.0000000000E+00,    0.0000000000E+00,    1.4435274022E+02
    123650,      0.676943,CP9_after_PTsource,   1,    0.0000000000E+00,    1.4435274022E+02,    1.4435274022E+02,    0.0000000000E+00,    0.0000000000E+00,    0.0000000000E+00,    1.4435274022E+02
    123650,      0.676943,CP10_after_neg_clamp,   1,    0.0000000000E+00,    1.4435274022E+02,    1.4435274022E+02,    0.0000000000E+00,    0.0000000000E+00,    0.0000000000E+00,    1.4435274022E+02
    123650,      0.676943,CP11_after_MPI,   1,    0.0000000000E+00,    1.4435274022E+02,    1.4435274022E+02,    0.0000000000E+00,    0.0000000000E+00,    0.0000000000E+00,    1.4435274022E+02
    123650,      0.676943,CP12_end,   1,    0.0000000000E+00,    1.4435274022E+02,    1.4435274022E+02,    0.0000000000E+00,    0.0000000000E+00,    0.0000000000E+00,    1.4435274022E+02
    123700,      0.676943,CP0_start,   1,    0.0000000000E+00,    1.4443765771E+02,    1.4443765771E+02,    0.0000000000E+00,    0.0000000000E+00,    0.0000000000E+00,    1.4443765771E+02
    123700,      0.676943,CP1_after_deposition,   1,    0.0000000000E+00,    1.4443765771E+02,    1.4443765771E+02,    0.0000000000E+00,    0.0000000000E+00,    0.0000000000E+00,    1.4443765771E+02
    123700,      0.676943,CP2_after_erosion,   1,    0.0000000000E+00,    1.4443765771E+02,    1.4443765771E+02,    0.0000000000E+00,    0.0000000000E+00,    0.0000000000E+00,    1.4443765771E+02
    123700,      0.676943,CP3_after_update_bottom,   1,    0.0000000000E+00,    1.4443765771E+02,    1.4443765771E+02,    0.0000000000E+00,    0.0000000000E+00,    0.0000000000E+00,    1.4443765771E+02
    123700,      0.676943,CP4_after_advection,   1,    0.0000000000E+00,    1.4444392204E+02,    1.4444392204E+02,    0.0000000000E+00,    0.0000000000E+00,    0.0000000000E+00,    1.4444392204E+02
    123700,      0.676943,CP5_after_vdif,   1,    0.0000000000E+00,    1.4444392204E+02,    1.4444392204E+02,    0.0000000000E+00,    0.0000000000E+00,    0.0000000000E+00,    1.4444392204E+02
    123700,      0.676943,CP6_after_kinetics,   1,    0.0000000000E+00,    1.4444392204E+02,    1.4444392204E+02,    0.0000000000E+00,    0.0000000000E+00,    0.0000000000E+00,    1.4444392204E+02
    123700,      0.676943,CP7_after_upper_clamp,   1,    0.0000000000E+00,    1.4444392204E+02,    1.4444392204E+02,    0.0000000000E+00,    0.0000000000E+00,    0.0000000000E+00,    1.4444392204E+02
    123700,      0.676943,CP8_after_OBC,   1,    0.0000000000E+00,    1.4444392204E+02,    1.4444392204E+02,    0.0000000000E+00,    0.0000000000E+00,    0.0000000000E+00,    1.4444392204E+02
    123700,      0.676943,CP9_after_PTsource,   1,    0.0000000000E+00,    1.4444392204E+02,    1.4444392204E+02,    0.0000000000E+00,    0.0000000000E+00,    0.0000000000E+00,    1.4444392204E+02
    123700,      0.676943,CP10_after_neg_clamp,   1,    0.0000000000E+00,    1.4444392204E+02,    1.4444392204E+02,    0.0000000000E+00,    0.0000000000E+00,    0.0000000000E+00,    1.4444392204E+02
    123700,      0.676943,CP11_after_MPI,   1,    0.0000000000E+00,    1.4444392204E+02,    1.4444392204E+02,    0.0000000000E+00,    0.0000000000E+00,    0.0000000000E+00,    1.4444392204E+02
    123700,      0.676943,CP12_end,   1,    0.0000000000E+00,    1.4444392204E+02,    1.4444392204E+02,    0.0000000000E+00,    0.0000000000E+00,    0.0000000000E+00,    1.4444392204E+02
    123750,      0.676943,CP0_start,   1,    0.0000000000E+00,    1.4452939067E+02,    1.4452939067E+02,    0.0000000000E+00,    0.0000000000E+00,    0.0000000000E+00,    1.4452939067E+02
    123750,      0.676943,CP1_after_deposition,   1,    0.0000000000E+00,    1.4452939067E+02,    1.4452939067E+02,    0.0000000000E+00,    0.0000000000E+00,    0.0000000000E+00,    1.4452939067E+02
    123750,      0.676943,CP2_after_erosion,   1,    0.0000000000E+00,    1.4452939067E+02,    1.4452939067E+02,    0.0000000000E+00,    0.0000000000E+00,    0.0000000000E+00,    1.4452939067E+02
    123750,      0.676943,CP3_after_update_bottom,   1,    0.0000000000E+00,    1.4452939067E+02,    1.4452939067E+02,    0.0000000000E+00,    0.0000000000E+00,    0.0000000000E+00,    1.4452939067E+02
    123750,      0.676943,CP4_after_advection,   1,    0.0000000000E+00,    1.4453564124E+02,    1.4453564124E+02,    0.0000000000E+00,    0.0000000000E+00,    0.0000000000E+00,    1.4453564124E+02
    123750,      0.676943,CP5_after_vdif,   1,    0.0000000000E+00,    1.4453564124E+02,    1.4453564124E+02,    0.0000000000E+00,    0.0000000000E+00,    0.0000000000E+00,    1.4453564124E+02
    123750,      0.676943,CP6_after_kinetics,   1,    0.0000000000E+00,    1.4453564124E+02,    1.4453564124E+02,    0.0000000000E+00,    0.0000000000E+00,    0.0000000000E+00,    1.4453564124E+02
    123750,      0.676943,CP7_after_upper_clamp,   1,    0.0000000000E+00,    1.4453564124E+02,    1.4453564124E+02,    0.0000000000E+00,    0.0000000000E+00,    0.0000000000E+00,    1.4453564124E+02
    123750,      0.676943,CP8_after_OBC,   1,    0.0000000000E+00,    1.4453564124E+02,    1.4453564124E+02,    0.0000000000E+00,    0.0000000000E+00,    0.0000000000E+00,    1.4453564124E+02
    123750,      0.676943,CP9_after_PTsource,   1,    0.0000000000E+00,    1.4453564124E+02,    1.4453564124E+02,    0.0000000000E+00,    0.0000000000E+00,    0.0000000000E+00,    1.4453564124E+02
    123750,      0.676943,CP10_after_neg_clamp,   1,    0.0000000000E+00,    1.4453564124E+02,    1.4453564124E+02,    0.0000000000E+00,    0.0000000000E+00,    0.0000000000E+00,    1.4453564124E+02
    123750,      0.676943,CP11_after_MPI,   1,    0.0000000000E+00,    1.4453564124E+02,    1.4453564124E+02,    0.0000000000E+00,    0.0000000000E+00,    0.0000000000E+00,    1.4453564124E+02
    123750,      0.676943,CP12_end,   1,    0.0000000000E+00,    1.4453564124E+02,    1.4453564124E+02,    0.0000000000E+00,    0.0000000000E+00,    0.0000000000E+00,    1.4453564124E+02
    123800,      0.676943,CP0_start,   1,    0.0000000000E+00,    1.4462184158E+02,    1.4462184158E+02,    0.0000000000E+00,    0.0000000000E+00,    0.0000000000E+00,    1.4462184158E+02
    123800,      0.676943,CP1_after_deposition,   1,    0.0000000000E+00,    1.4462184158E+02,    1.4462184158E+02,    0.0000000000E+00,    0.0000000000E+00,    0.0000000000E+00,    1.4462184158E+02
    123800,      0.676943,CP2_after_erosion,   1,    0.0000000000E+00,    1.4462184158E+02,    1.4462184158E+02,    0.0000000000E+00,    0.0000000000E+00,    0.0000000000E+00,    1.4462184158E+02
    123800,      0.676943,CP3_after_update_bottom,   1,    0.0000000000E+00,    1.4462184158E+02,    1.4462184158E+02,    0.0000000000E+00,    0.0000000000E+00,    0.0000000000E+00,    1.4462184158E+02
    123800,      0.676943,CP4_after_advection,   1,    0.0000000000E+00,    1.4462808574E+02,    1.4462808574E+02,    0.0000000000E+00,    0.0000000000E+00,    0.0000000000E+00,    1.4462808574E+02
    123800,      0.676943,CP5_after_vdif,   1,    0.0000000000E+00,    1.4462808574E+02,    1.4462808574E+02,    0.0000000000E+00,    0.0000000000E+00,    0.0000000000E+00,    1.4462808574E+02
    123800,      0.676943,CP6_after_kinetics,   1,    0.0000000000E+00,    1.4462808574E+02,    1.4462808574E+02,    0.0000000000E+00,    0.0000000000E+00,    0.0000000000E+00,    1.4462808574E+02
    123800,      0.676943,CP7_after_upper_clamp,   1,    0.0000000000E+00,    1.4462808574E+02,    1.4462808574E+02,    0.0000000000E+00,    0.0000000000E+00,    0.0000000000E+00,    1.4462808574E+02
    123800,      0.676943,CP8_after_OBC,   1,    0.0000000000E+00,    1.4462808574E+02,    1.4462808574E+02,    0.0000000000E+00,    0.0000000000E+00,    0.0000000000E+00,    1.4462808574E+02
    123800,      0.676943,CP9_after_PTsource,   1,    0.0000000000E+00,    1.4462808574E+02,    1.4462808574E+02,    0.0000000000E+00,    0.0000000000E+00,    0.0000000000E+00,    1.4462808574E+02
    123800,      0.676943,CP10_after_neg_clamp,   1,    0.0000000000E+00,    1.4462808574E+02,    1.4462808574E+02,    0.0000000000E+00,    0.0000000000E+00,    0.0000000000E+00,    1.4462808574E+02
    123800,      0.676943,CP11_after_MPI,   1,    0.0000000000E+00,    1.4462808574E+02,    1.4462808574E+02,    0.0000000000E+00,    0.0000000000E+00,    0.0000000000E+00,    1.4462808574E+02
    123800,      0.676943,CP12_end,   1,    0.0000000000E+00,    1.4462808574E+02,    1.4462808574E+02,    0.0000000000E+00,    0.0000000000E+00,    0.0000000000E+00,    1.4462808574E+02
    123850,      0.676943,CP0_start,   1,    0.0000000000E+00,    1.4471517938E+02,    1.4471517938E+02,    0.0000000000E+00,    0.0000000000E+00,    0.0000000000E+00,    1.4471517938E+02
    123850,      0.676943,CP1_after_deposition,   1,    0.0000000000E+00,    1.4471517938E+02,    1.4471517938E+02,    0.0000000000E+00,    0.0000000000E+00,    0.0000000000E+00,    1.4471517938E+02
    123850,      0.676943,CP2_after_erosion,   1,    0.0000000000E+00,    1.4471517938E+02,    1.4471517938E+02,    0.0000000000E+00,    0.0000000000E+00,    0.0000000000E+00,    1.4471517938E+02
    123850,      0.676943,CP3_after_update_bottom,   1,    0.0000000000E+00,    1.4471517938E+02,    1.4471517938E+02,    0.0000000000E+00,    0.0000000000E+00,    0.0000000000E+00,    1.4471517938E+02
    123850,      0.676943,CP4_after_advection,   1,    0.0000000000E+00,    1.4472142352E+02,    1.4472142352E+02,    0.0000000000E+00,    0.0000000000E+00,    0.0000000000E+00,    1.4472142352E+02
    123850,      0.676943,CP5_after_vdif,   1,    0.0000000000E+00,    1.4472142352E+02,    1.4472142352E+02,    0.0000000000E+00,    0.0000000000E+00,    0.0000000000E+00,    1.4472142352E+02
    123850,      0.676943,CP6_after_kinetics,   1,    0.0000000000E+00,    1.4472142352E+02,    1.4472142352E+02,    0.0000000000E+00,    0.0000000000E+00,    0.0000000000E+00,    1.4472142352E+02
    123850,      0.676943,CP7_after_upper_clamp,   1,    0.0000000000E+00,    1.4472142352E+02,    1.4472142352E+02,    0.0000000000E+00,    0.0000000000E+00,    0.0000000000E+00,    1.4472142352E+02
    123850,      0.676943,CP8_after_OBC,   1,    0.0000000000E+00,    1.4472142352E+02,    1.4472142352E+02,    0.0000000000E+00,    0.0000000000E+00,    0.0000000000E+00,    1.4472142352E+02
    123850,      0.676943,CP9_after_PTsource,   1,    0.0000000000E+00,    1.4472142352E+02,    1.4472142352E+02,    0.0000000000E+00,    0.0000000000E+00,    0.0000000000E+00,    1.4472142352E+02
    123850,      0.676943,CP10_after_neg_clamp,   1,    0.0000000000E+00,    1.4472142352E+02,    1.4472142352E+02,    0.0000000000E+00,    0.0000000000E+00,    0.0000000000E+00,    1.4472142352E+02
    123850,      0.676943,CP11_after_MPI,   1,    0.0000000000E+00,    1.4472142352E+02,    1.4472142352E+02,    0.0000000000E+00,    0.0000000000E+00,    0.0000000000E+00,    1.4472142352E+02
    123850,      0.676943,CP12_end,   1,    0.0000000000E+00,    1.4472142352E+02,    1.4472142352E+02,    0.0000000000E+00,    0.0000000000E+00,    0.0000000000E+00,    1.4472142352E+02
    123900,      0.676943,CP0_start,   1,    0.0000000000E+00,    1.4480953501E+02,    1.4480953501E+02,    0.0000000000E+00,    0.0000000000E+00,    0.0000000000E+00,    1.4480953501E+02
    123900,      0.676943,CP1_after_deposition,   1,    0.0000000000E+00,    1.4480953501E+02,    1.4480953501E+02,    0.0000000000E+00,    0.0000000000E+00,    0.0000000000E+00,    1.4480953501E+02
    123900,      0.676943,CP2_after_erosion,   1,    0.0000000000E+00,    1.4480953501E+02,    1.4480953501E+02,    0.0000000000E+00,    0.0000000000E+00,    0.0000000000E+00,    1.4480953501E+02
    123900,      0.676943,CP3_after_update_bottom,   1,    0.0000000000E+00,    1.4480953501E+02,    1.4480953501E+02,    0.0000000000E+00,    0.0000000000E+00,    0.0000000000E+00,    1.4480953501E+02
    123900,      0.676943,CP4_after_advection,   1,    0.0000000000E+00,    1.4481578302E+02,    1.4481578302E+02,    0.0000000000E+00,    0.0000000000E+00,    0.0000000000E+00,    1.4481578302E+02
    123900,      0.676943,CP5_after_vdif,   1,    0.0000000000E+00,    1.4481578302E+02,    1.4481578302E+02,    0.0000000000E+00,    0.0000000000E+00,    0.0000000000E+00,    1.4481578302E+02
    123900,      0.676943,CP6_after_kinetics,   1,    0.0000000000E+00,    1.4481578302E+02,    1.4481578302E+02,    0.0000000000E+00,    0.0000000000E+00,    0.0000000000E+00,    1.4481578302E+02
    123900,      0.676943,CP7_after_upper_clamp,   1,    0.0000000000E+00,    1.4481578302E+02,    1.4481578302E+02,    0.0000000000E+00,    0.0000000000E+00,    0.0000000000E+00,    1.4481578302E+02
    123900,      0.676943,CP8_after_OBC,   1,    0.0000000000E+00,    1.4481578302E+02,    1.4481578302E+02,    0.0000000000E+00,    0.0000000000E+00,    0.0000000000E+00,    1.4481578302E+02
    123900,      0.676943,CP9_after_PTsource,   1,    0.0000000000E+00,    1.4481578302E+02,    1.4481578302E+02,    0.0000000000E+00,    0.0000000000E+00,    0.0000000000E+00,    1.4481578302E+02
    123900,      0.676943,CP10_after_neg_clamp,   1,    0.0000000000E+00,    1.4481578302E+02,    1.4481578302E+02,    0.0000000000E+00,    0.0000000000E+00,    0.0000000000E+00,    1.4481578302E+02
    123900,      0.676943,CP11_after_MPI,   1,    0.0000000000E+00,    1.4481578302E+02,    1.4481578302E+02,    0.0000000000E+00,    0.0000000000E+00,    0.0000000000E+00,    1.4481578302E+02
    123900,      0.676943,CP12_end,   1,    0.0000000000E+00,    1.4481578302E+02,    1.4481578302E+02,    0.0000000000E+00,    0.0000000000E+00,    0.0000000000E+00,    1.4481578302E+02
    123950,      0.676943,CP0_start,   1,    0.0000000000E+00,    1.4490487290E+02,    1.4490487290E+02,    0.0000000000E+00,    0.0000000000E+00,    0.0000000000E+00,    1.4490487290E+02
    123950,      0.676943,CP1_after_deposition,   1,    0.0000000000E+00,    1.4490487290E+02,    1.4490487290E+02,    0.0000000000E+00,    0.0000000000E+00,    0.0000000000E+00,    1.4490487290E+02
    123950,      0.676943,CP2_after_erosion,   1,                 NaN,                 NaN,                 NaN,    0.0000000000E+00,    0.0000000000E+00,    0.0000000000E+00,                 NaN
    123950,      0.676943,CP3_after_update_bottom,   1,                 NaN,                 NaN,                 NaN,    0.0000000000E+00,    0.0000000000E+00,    0.0000000000E+00,                 NaN
    123950,      0.676943,CP4_after_advection,   1,                 NaN,                 NaN,                 NaN,    0.0000000000E+00,    0.0000000000E+00,    0.0000000000E+00,                 NaN
    123950,      0.676943,CP5_after_vdif,   1,                 NaN,                 NaN,                 NaN,    0.0000000000E+00,    0.0000000000E+00,    0.0000000000E+00,                 NaN
    123950,      0.676943,CP6_after_kinetics,   1,                 NaN,                 NaN,                 NaN,    0.0000000000E+00,    0.0000000000E+00,    0.0000000000E+00,                 NaN
    123950,      0.676943,CP7_after_upper_clamp,   1,                 NaN,                 NaN,                 NaN,    0.0000000000E+00,    0.0000000000E+00,    0.0000000000E+00,                 NaN
    123950,      0.676943,CP8_after_OBC,   1,                 NaN,                 NaN,                 NaN,    0.0000000000E+00,    0.0000000000E+00,    0.0000000000E+00,                 NaN
    123950,      0.676943,CP9_after_PTsource,   1,                 NaN,                 NaN,                 NaN,    0.0000000000E+00,    0.0000000000E+00,    0.0000000000E+00,                 NaN
    123950,      0.676943,CP10_after_neg_clamp,   1,    0.0000000000E+00,    1.4490344345E+02,    1.4490344345E+02,    0.0000000000E+00,    0.0000000000E+00,    0.0000000000E+00,    1.4490344345E+02
    123950,      0.676943,CP11_after_MPI,   1,    0.0000000000E+00,    1.4490344345E+02,    1.4490344345E+02,    0.0000000000E+00,    0.0000000000E+00,    0.0000000000E+00,    1.4490344345E+02
    123950,      0.676943,CP12_end,   1,    0.0000000000E+00,    1.4490344345E+02,    1.4490344345E+02,    0.0000000000E+00,    0.0000000000E+00,    0.0000000000E+00,    1.4490344345E+02
    124000,      0.676943,CP0_start,   1,    0.0000000000E+00,    1.4499353926E+02,    1.4499353926E+02,    0.0000000000E+00,    0.0000000000E+00,    0.0000000000E+00,    1.4499353926E+02
    124000,      0.676943,CP1_after_deposition,   1,    0.0000000000E+00,    1.4499353926E+02,    1.4499353926E+02,    0.0000000000E+00,    0.0000000000E+00,    0.0000000000E+00,    1.4499353926E+02
    124000,      0.676943,CP2_after_erosion,   1,    0.0000000000E+00,    1.4499353926E+02,    1.4499353926E+02,    0.0000000000E+00,    0.0000000000E+00,    0.0000000000E+00,    1.4499353926E+02
    124000,      0.676943,CP3_after_update_bottom,   1,    0.0000000000E+00,    1.4499353926E+02,    1.4499353926E+02,    0.0000000000E+00,    0.0000000000E+00,    0.0000000000E+00,    1.4499353926E+02
    124000,      0.676943,CP4_after_advection,   1,    0.0000000000E+00,    1.4499977246E+02,    1.4499977246E+02,    0.0000000000E+00,    0.0000000000E+00,    0.0000000000E+00,    1.4499977246E+02
    124000,      0.676943,CP5_after_vdif,   1,    0.0000000000E+00,    1.4499977246E+02,    1.4499977246E+02,    0.0000000000E+00,    0.0000000000E+00,    0.0000000000E+00,    1.4499977246E+02
    124000,      0.676943,CP6_after_kinetics,   1,    0.0000000000E+00,    1.4499977246E+02,    1.4499977246E+02,    0.0000000000E+00,    0.0000000000E+00,    0.0000000000E+00,    1.4499977246E+02
    124000,      0.676943,CP7_after_upper_clamp,   1,    0.0000000000E+00,    1.4499977246E+02,    1.4499977246E+02,    0.0000000000E+00,    0.0000000000E+00,    0.0000000000E+00,    1.4499977246E+02
    124000,      0.676943,CP8_after_OBC,   1,    0.0000000000E+00,    1.4499977246E+02,    1.4499977246E+02,    0.0000000000E+00,    0.0000000000E+00,    0.0000000000E+00,    1.4499977246E+02
    124000,      0.676943,CP9_after_PTsource,   1,    0.0000000000E+00,    1.4499977246E+02,    1.4499977246E+02,    0.0000000000E+00,    0.0000000000E+00,    0.0000000000E+00,    1.4499977246E+02
    124000,      0.676943,CP10_after_neg_clamp,   1,    0.0000000000E+00,    1.4499977246E+02,    1.4499977246E+02,    0.0000000000E+00,    0.0000000000E+00,    0.0000000000E+00,    1.4499977246E+02
    124000,      0.676943,CP11_after_MPI,   1,    0.0000000000E+00,    1.4499977246E+02,    1.4499977246E+02,    0.0000000000E+00,    0.0000000000E+00,    0.0000000000E+00,    1.4499977246E+02
    124000,      0.676943,CP12_end,   1,    0.0000000000E+00,    1.4499977246E+02,    1.4499977246E+02,    0.0000000000E+00,    0.0000000000E+00,    0.0000000000E+00,    1.4499977246E+02
    124050,      0.676943,CP0_start,   1,    0.0000000000E+00,    1.4509127740E+02,    1.4509127740E+02,    0.0000000000E+00,    0.0000000000E+00,    0.0000000000E+00,    1.4509127740E+02
    124050,      0.676943,CP1_after_deposition,   1,    0.0000000000E+00,    1.4509127740E+02,    1.4509127740E+02,    0.0000000000E+00,    0.0000000000E+00,    0.0000000000E+00,    1.4509127740E+02
    124050,      0.676943,CP2_after_erosion,   1,    0.0000000000E+00,    1.4509127740E+02,    1.4509127740E+02,    0.0000000000E+00,    0.0000000000E+00,    0.0000000000E+00,    1.4509127740E+02
    124050,      0.676943,CP3_after_update_bottom,   1,    0.0000000000E+00,    1.4509127740E+02,    1.4509127740E+02,    0.0000000000E+00,    0.0000000000E+00,    0.0000000000E+00,    1.4509127740E+02
    124050,      0.676943,CP4_after_advection,   1,    0.0000000000E+00,    1.4509752448E+02,    1.4509752448E+02,    0.0000000000E+00,    0.0000000000E+00,    0.0000000000E+00,    1.4509752448E+02
    124050,      0.676943,CP5_after_vdif,   1,    0.0000000000E+00,    1.4509752448E+02,    1.4509752448E+02,    0.0000000000E+00,    0.0000000000E+00,    0.0000000000E+00,    1.4509752448E+02
    124050,      0.676943,CP6_after_kinetics,   1,    0.0000000000E+00,    1.4509752448E+02,    1.4509752448E+02,    0.0000000000E+00,    0.0000000000E+00,    0.0000000000E+00,    1.4509752448E+02
    124050,      0.676943,CP7_after_upper_clamp,   1,    0.0000000000E+00,    1.4509752448E+02,    1.4509752448E+02,    0.0000000000E+00,    0.0000000000E+00,    0.0000000000E+00,    1.4509752448E+02
    124050,      0.676943,CP8_after_OBC,   1,    0.0000000000E+00,    1.4509752448E+02,    1.4509752448E+02,    0.0000000000E+00,    0.0000000000E+00,    0.0000000000E+00,    1.4509752448E+02
    124050,      0.676943,CP9_after_PTsource,   1,    0.0000000000E+00,    1.4509752448E+02,    1.4509752448E+02,    0.0000000000E+00,    0.0000000000E+00,    0.0000000000E+00,    1.4509752448E+02
    124050,      0.676943,CP10_after_neg_clamp,   1,    0.0000000000E+00,    1.4509752448E+02,    1.4509752448E+02,    0.0000000000E+00,    0.0000000000E+00,    0.0000000000E+00,    1.4509752448E+02
    124050,      0.676943,CP11_after_MPI,   1,    0.0000000000E+00,    1.4509752448E+02,    1.4509752448E+02,    0.0000000000E+00,    0.0000000000E+00,    0.0000000000E+00,    1.4509752448E+02
    124050,      0.676943,CP12_end,   1,    0.0000000000E+00,    1.4509752448E+02,    1.4509752448E+02,    0.0000000000E+00,    0.0000000000E+00,    0.0000000000E+00,    1.4509752448E+02
    124100,      0.676943,CP0_start,   1,    0.0000000000E+00,    1.4519041102E+02,    1.4519041102E+02,    0.0000000000E+00,    0.0000000000E+00,    0.0000000000E+00,    1.4519041102E+02
    124100,      0.676943,CP1_after_deposition,   1,    0.0000000000E+00,    1.4519041102E+02,    1.4519041102E+02,    0.0000000000E+00,    0.0000000000E+00,    0.0000000000E+00,    1.4519041102E+02
    124100,      0.676943,CP2_after_erosion,   1,    0.0000000000E+00,    1.4519041102E+02,    1.4519041102E+02,    0.0000000000E+00,    0.0000000000E+00,    0.0000000000E+00,    1.4519041102E+02
    124100,      0.676943,CP3_after_update_bottom,   1,    0.0000000000E+00,    1.4519041102E+02,    1.4519041102E+02,    0.0000000000E+00,    0.0000000000E+00,    0.0000000000E+00,    1.4519041102E+02
    124100,      0.676943,CP4_after_advection,   1,    0.0000000000E+00,    1.4519666055E+02,    1.4519666055E+02,    0.0000000000E+00,    0.0000000000E+00,    0.0000000000E+00,    1.4519666055E+02
    124100,      0.676943,CP5_after_vdif,   1,    0.0000000000E+00,    1.4519666055E+02,    1.4519666055E+02,    0.0000000000E+00,    0.0000000000E+00,    0.0000000000E+00,    1.4519666055E+02
    124100,      0.676943,CP6_after_kinetics,   1,    0.0000000000E+00,    1.4519666055E+02,    1.4519666055E+02,    0.0000000000E+00,    0.0000000000E+00,    0.0000000000E+00,    1.4519666055E+02
    124100,      0.676943,CP7_after_upper_clamp,   1,    0.0000000000E+00,    1.4519666055E+02,    1.4519666055E+02,    0.0000000000E+00,    0.0000000000E+00,    0.0000000000E+00,    1.4519666055E+02
    124100,      0.676943,CP8_after_OBC,   1,    0.0000000000E+00,    1.4519666055E+02,    1.4519666055E+02,    0.0000000000E+00,    0.0000000000E+00,    0.0000000000E+00,    1.4519666055E+02
    124100,      0.676943,CP9_after_PTsource,   1,    0.0000000000E+00,    1.4519666055E+02,    1.4519666055E+02,    0.0000000000E+00,    0.0000000000E+00,    0.0000000000E+00,    1.4519666055E+02
    124100,      0.676943,CP10_after_neg_clamp,   1,    0.0000000000E+00,    1.4519666055E+02,    1.4519666055E+02,    0.0000000000E+00,    0.0000000000E+00,    0.0000000000E+00,    1.4519666055E+02
    124100,      0.676943,CP11_after_MPI,   1,    0.0000000000E+00,    1.4519666055E+02,    1.4519666055E+02,    0.0000000000E+00,    0.0000000000E+00,    0.0000000000E+00,    1.4519666055E+02
    124100,      0.676943,CP12_end,   1,    0.0000000000E+00,    1.4519666055E+02,    1.4519666055E+02,    0.0000000000E+00,    0.0000000000E+00,    0.0000000000E+00,    1.4519666055E+02
    124150,      0.676943,CP0_start,   1,    0.0000000000E+00,    1.4529047352E+02,    1.4529047352E+02,    0.0000000000E+00,    0.0000000000E+00,    0.0000000000E+00,    1.4529047352E+02
    124150,      0.676943,CP1_after_deposition,   1,    0.0000000000E+00,    1.4529047352E+02,    1.4529047352E+02,    0.0000000000E+00,    0.0000000000E+00,    0.0000000000E+00,    1.4529047352E+02
    124150,      0.676943,CP2_after_erosion,   1,    0.0000000000E+00,    1.4529047352E+02,    1.4529047352E+02,    0.0000000000E+00,    0.0000000000E+00,    0.0000000000E+00,    1.4529047352E+02
    124150,      0.676943,CP3_after_update_bottom,   1,    0.0000000000E+00,    1.4529047352E+02,    1.4529047352E+02,    0.0000000000E+00,    0.0000000000E+00,    0.0000000000E+00,    1.4529047352E+02
    124150,      0.676943,CP4_after_advection,   1,    0.0000000000E+00,    1.4529671199E+02,    1.4529671199E+02,    0.0000000000E+00,    0.0000000000E+00,    0.0000000000E+00,    1.4529671199E+02
    124150,      0.676943,CP5_after_vdif,   1,    0.0000000000E+00,    1.4529671199E+02,    1.4529671199E+02,    0.0000000000E+00,    0.0000000000E+00,    0.0000000000E+00,    1.4529671199E+02
    124150,      0.676943,CP6_after_kinetics,   1,    0.0000000000E+00,    1.4529671199E+02,    1.4529671199E+02,    0.0000000000E+00,    0.0000000000E+00,    0.0000000000E+00,    1.4529671199E+02
    124150,      0.676943,CP7_after_upper_clamp,   1,    0.0000000000E+00,    1.4529671199E+02,    1.4529671199E+02,    0.0000000000E+00,    0.0000000000E+00,    0.0000000000E+00,    1.4529671199E+02
    124150,      0.676943,CP8_after_OBC,   1,    0.0000000000E+00,    1.4529671199E+02,    1.4529671199E+02,    0.0000000000E+00,    0.0000000000E+00,    0.0000000000E+00,    1.4529671199E+02
    124150,      0.676943,CP9_after_PTsource,   1,    0.0000000000E+00,    1.4529671199E+02,    1.4529671199E+02,    0.0000000000E+00,    0.0000000000E+00,    0.0000000000E+00,    1.4529671199E+02
    124150,      0.676943,CP10_after_neg_clamp,   1,    0.0000000000E+00,    1.4529671199E+02,    1.4529671199E+02,    0.0000000000E+00,    0.0000000000E+00,    0.0000000000E+00,    1.4529671199E+02
    124150,      0.676943,CP11_after_MPI,   1,    0.0000000000E+00,    1.4529671199E+02,    1.4529671199E+02,    0.0000000000E+00,    0.0000000000E+00,    0.0000000000E+00,    1.4529671199E+02
    124150,      0.676943,CP12_end,   1,    0.0000000000E+00,    1.4529671199E+02,    1.4529671199E+02,    0.0000000000E+00,    0.0000000000E+00,    0.0000000000E+00,    1.4529671199E+02
    124200,      0.676943,CP0_start,   1,    0.0000000000E+00,    1.4539130087E+02,    1.4539130087E+02,    0.0000000000E+00,    0.0000000000E+00,    0.0000000000E+00,    1.4539130087E+02
    124200,      0.676943,CP1_after_deposition,   1,    0.0000000000E+00,    1.4539130087E+02,    1.4539130087E+02,    0.0000000000E+00,    0.0000000000E+00,    0.0000000000E+00,    1.4539130087E+02
    124200,      0.676943,CP2_after_erosion,   1,    0.0000000000E+00,    1.4539130087E+02,    1.4539130087E+02,    0.0000000000E+00,    0.0000000000E+00,    0.0000000000E+00,    1.4539130087E+02
    124200,      0.676943,CP3_after_update_bottom,   1,    0.0000000000E+00,    1.4539130087E+02,    1.4539130087E+02,    0.0000000000E+00,    0.0000000000E+00,    0.0000000000E+00,    1.4539130087E+02
    124200,      0.676943,CP4_after_advection,   1,    0.0000000000E+00,    1.4539752767E+02,    1.4539752767E+02,    0.0000000000E+00,    0.0000000000E+00,    0.0000000000E+00,    1.4539752767E+02
    124200,      0.676943,CP5_after_vdif,   1,    0.0000000000E+00,    1.4539752767E+02,    1.4539752767E+02,    0.0000000000E+00,    0.0000000000E+00,    0.0000000000E+00,    1.4539752767E+02
    124200,      0.676943,CP6_after_kinetics,   1,    0.0000000000E+00,    1.4539752767E+02,    1.4539752767E+02,    0.0000000000E+00,    0.0000000000E+00,    0.0000000000E+00,    1.4539752767E+02
    124200,      0.676943,CP7_after_upper_clamp,   1,    0.0000000000E+00,    1.4539752767E+02,    1.4539752767E+02,    0.0000000000E+00,    0.0000000000E+00,    0.0000000000E+00,    1.4539752767E+02
    124200,      0.676943,CP8_after_OBC,   1,    0.0000000000E+00,    1.4539752767E+02,    1.4539752767E+02,    0.0000000000E+00,    0.0000000000E+00,    0.0000000000E+00,    1.4539752767E+02
    124200,      0.676943,CP9_after_PTsource,   1,    0.0000000000E+00,    1.4539752767E+02,    1.4539752767E+02,    0.0000000000E+00,    0.0000000000E+00,    0.0000000000E+00,    1.4539752767E+02
    124200,      0.676943,CP10_after_neg_clamp,   1,    0.0000000000E+00,    1.4539752767E+02,    1.4539752767E+02,    0.0000000000E+00,    0.0000000000E+00,    0.0000000000E+00,    1.4539752767E+02
    124200,      0.676943,CP11_after_MPI,   1,    0.0000000000E+00,    1.4539752767E+02,    1.4539752767E+02,    0.0000000000E+00,    0.0000000000E+00,    0.0000000000E+00,    1.4539752767E+02
    124200,      0.676943,CP12_end,   1,    0.0000000000E+00,    1.4539752767E+02,    1.4539752767E+02,    0.0000000000E+00,    0.0000000000E+00,    0.0000000000E+00,    1.4539752767E+02
    124250,      0.676943,CP0_start,   1,    0.0000000000E+00,    1.4549258463E+02,    1.4549258463E+02,    0.0000000000E+00,    0.0000000000E+00,    0.0000000000E+00,    1.4549258463E+02
    124250,      0.676943,CP1_after_deposition,   1,    0.0000000000E+00,    1.4549258463E+02,    1.4549258463E+02,    0.0000000000E+00,    0.0000000000E+00,    0.0000000000E+00,    1.4549258463E+02
    124250,      0.676943,CP2_after_erosion,   1,    0.0000000000E+00,    1.4549258463E+02,    1.4549258463E+02,    0.0000000000E+00,    0.0000000000E+00,    0.0000000000E+00,    1.4549258463E+02
    124250,      0.676943,CP3_after_update_bottom,   1,    0.0000000000E+00,    1.4549258463E+02,    1.4549258463E+02,    0.0000000000E+00,    0.0000000000E+00,    0.0000000000E+00,    1.4549258463E+02
    124250,      0.676943,CP4_after_advection,   1,    0.0000000000E+00,    1.4549879549E+02,    1.4549879549E+02,    0.0000000000E+00,    0.0000000000E+00,    0.0000000000E+00,    1.4549879549E+02
    124250,      0.676943,CP5_after_vdif,   1,    0.0000000000E+00,    1.4549879549E+02,    1.4549879549E+02,    0.0000000000E+00,    0.0000000000E+00,    0.0000000000E+00,    1.4549879549E+02
    124250,      0.676943,CP6_after_kinetics,   1,    0.0000000000E+00,    1.4549879549E+02,    1.4549879549E+02,    0.0000000000E+00,    0.0000000000E+00,    0.0000000000E+00,    1.4549879549E+02
    124250,      0.676943,CP7_after_upper_clamp,   1,    0.0000000000E+00,    1.4549879549E+02,    1.4549879549E+02,    0.0000000000E+00,    0.0000000000E+00,    0.0000000000E+00,    1.4549879549E+02
    124250,      0.676943,CP8_after_OBC,   1,    0.0000000000E+00,    1.4549879549E+02,    1.4549879549E+02,    0.0000000000E+00,    0.0000000000E+00,    0.0000000000E+00,    1.4549879549E+02
    124250,      0.676943,CP9_after_PTsource,   1,    0.0000000000E+00,    1.4549879549E+02,    1.4549879549E+02,    0.0000000000E+00,    0.0000000000E+00,    0.0000000000E+00,    1.4549879549E+02
    124250,      0.676943,CP10_after_neg_clamp,   1,    0.0000000000E+00,    1.4549879549E+02,    1.4549879549E+02,    0.0000000000E+00,    0.0000000000E+00,    0.0000000000E+00,    1.4549879549E+02
    124250,      0.676943,CP11_after_MPI,   1,    0.0000000000E+00,    1.4549879549E+02,    1.4549879549E+02,    0.0000000000E+00,    0.0000000000E+00,    0.0000000000E+00,    1.4549879549E+02
    124250,      0.676943,CP12_end,   1,    0.0000000000E+00,    1.4549879549E+02,    1.4549879549E+02,    0.0000000000E+00,    0.0000000000E+00,    0.0000000000E+00,    1.4549879549E+02
    124300,      0.676943,CP0_start,   1,    0.0000000000E+00,    1.4559435320E+02,    1.4559435320E+02,    0.0000000000E+00,    0.0000000000E+00,    0.0000000000E+00,    1.4559435320E+02
    124300,      0.676943,CP1_after_deposition,   1,    0.0000000000E+00,    1.4559435320E+02,    1.4559435320E+02,    0.0000000000E+00,    0.0000000000E+00,    0.0000000000E+00,    1.4559435320E+02
    124300,      0.676943,CP2_after_erosion,   1,    0.0000000000E+00,    1.4559435320E+02,    1.4559435320E+02,    0.0000000000E+00,    0.0000000000E+00,    0.0000000000E+00,    1.4559435320E+02
    124300,      0.676943,CP3_after_update_bottom,   1,    0.0000000000E+00,    1.4559435320E+02,    1.4559435320E+02,    0.0000000000E+00,    0.0000000000E+00,    0.0000000000E+00,    1.4559435320E+02
    124300,      0.676943,CP4_after_advection,   1,    0.0000000000E+00,    1.4560055125E+02,    1.4560055125E+02,    0.0000000000E+00,    0.0000000000E+00,    0.0000000000E+00,    1.4560055125E+02
    124300,      0.676943,CP5_after_vdif,   1,    0.0000000000E+00,    1.4560055125E+02,    1.4560055125E+02,    0.0000000000E+00,    0.0000000000E+00,    0.0000000000E+00,    1.4560055125E+02
    124300,      0.676943,CP6_after_kinetics,   1,    0.0000000000E+00,    1.4560055125E+02,    1.4560055125E+02,    0.0000000000E+00,    0.0000000000E+00,    0.0000000000E+00,    1.4560055125E+02
    124300,      0.676943,CP7_after_upper_clamp,   1,    0.0000000000E+00,    1.4560055125E+02,    1.4560055125E+02,    0.0000000000E+00,    0.0000000000E+00,    0.0000000000E+00,    1.4560055125E+02
    124300,      0.676943,CP8_after_OBC,   1,    0.0000000000E+00,    1.4560055125E+02,    1.4560055125E+02,    0.0000000000E+00,    0.0000000000E+00,    0.0000000000E+00,    1.4560055125E+02
    124300,      0.676943,CP9_after_PTsource,   1,    0.0000000000E+00,    1.4560055125E+02,    1.4560055125E+02,    0.0000000000E+00,    0.0000000000E+00,    0.0000000000E+00,    1.4560055125E+02
    124300,      0.676943,CP10_after_neg_clamp,   1,    0.0000000000E+00,    1.4560055125E+02,    1.4560055125E+02,    0.0000000000E+00,    0.0000000000E+00,    0.0000000000E+00,    1.4560055125E+02
    124300,      0.676943,CP11_after_MPI,   1,    0.0000000000E+00,    1.4560055125E+02,    1.4560055125E+02,    0.0000000000E+00,    0.0000000000E+00,    0.0000000000E+00,    1.4560055125E+02
    124300,      0.676943,CP12_end,   1,    0.0000000000E+00,    1.4560055125E+02,    1.4560055125E+02,    0.0000000000E+00,    0.0000000000E+00,    0.0000000000E+00,    1.4560055125E+02
    124350,      0.676943,CP0_start,   1,    0.0000000000E+00,    1.4569642352E+02,    1.4569642352E+02,    0.0000000000E+00,    0.0000000000E+00,    0.0000000000E+00,    1.4569642352E+02
    124350,      0.676943,CP1_after_deposition,   1,    0.0000000000E+00,    1.4569642352E+02,    1.4569642352E+02,    0.0000000000E+00,    0.0000000000E+00,    0.0000000000E+00,    1.4569642352E+02
    124350,      0.676943,CP2_after_erosion,   1,    0.0000000000E+00,    1.4569642352E+02,    1.4569642352E+02,    0.0000000000E+00,    0.0000000000E+00,    0.0000000000E+00,    1.4569642352E+02
    124350,      0.676943,CP3_after_update_bottom,   1,    0.0000000000E+00,    1.4569642352E+02,    1.4569642352E+02,    0.0000000000E+00,    0.0000000000E+00,    0.0000000000E+00,    1.4569642352E+02
    124350,      0.676943,CP4_after_advection,   1,    0.0000000000E+00,    1.4570261253E+02,    1.4570261253E+02,    0.0000000000E+00,    0.0000000000E+00,    0.0000000000E+00,    1.4570261253E+02
    124350,      0.676943,CP5_after_vdif,   1,    0.0000000000E+00,    1.4570261253E+02,    1.4570261253E+02,    0.0000000000E+00,    0.0000000000E+00,    0.0000000000E+00,    1.4570261253E+02
    124350,      0.676943,CP6_after_kinetics,   1,    0.0000000000E+00,    1.4570261253E+02,    1.4570261253E+02,    0.0000000000E+00,    0.0000000000E+00,    0.0000000000E+00,    1.4570261253E+02
    124350,      0.676943,CP7_after_upper_clamp,   1,    0.0000000000E+00,    1.4570261253E+02,    1.4570261253E+02,    0.0000000000E+00,    0.0000000000E+00,    0.0000000000E+00,    1.4570261253E+02
    124350,      0.676943,CP8_after_OBC,   1,    0.0000000000E+00,    1.4570261253E+02,    1.4570261253E+02,    0.0000000000E+00,    0.0000000000E+00,    0.0000000000E+00,    1.4570261253E+02
    124350,      0.676943,CP9_after_PTsource,   1,    0.0000000000E+00,    1.4570261253E+02,    1.4570261253E+02,    0.0000000000E+00,    0.0000000000E+00,    0.0000000000E+00,    1.4570261253E+02
    124350,      0.676943,CP10_after_neg_clamp,   1,    0.0000000000E+00,    1.4570261253E+02,    1.4570261253E+02,    0.0000000000E+00,    0.0000000000E+00,    0.0000000000E+00,    1.4570261253E+02
    124350,      0.676943,CP11_after_MPI,   1,    0.0000000000E+00,    1.4570261253E+02,    1.4570261253E+02,    0.0000000000E+00,    0.0000000000E+00,    0.0000000000E+00,    1.4570261253E+02
    124350,      0.676943,CP12_end,   1,    0.0000000000E+00,    1.4570261253E+02,    1.4570261253E+02,    0.0000000000E+00,    0.0000000000E+00,    0.0000000000E+00,    1.4570261253E+02
    124400,      0.676943,CP0_start,   1,    0.0000000000E+00,    1.4579883747E+02,    1.4579883747E+02,    0.0000000000E+00,    0.0000000000E+00,    0.0000000000E+00,    1.4579883747E+02
    124400,      0.676943,CP1_after_deposition,   1,    0.0000000000E+00,    1.4579883747E+02,    1.4579883747E+02,    0.0000000000E+00,    0.0000000000E+00,    0.0000000000E+00,    1.4579883747E+02
    124400,      0.676943,CP2_after_erosion,   1,    0.0000000000E+00,    1.4579883747E+02,    1.4579883747E+02,    0.0000000000E+00,    0.0000000000E+00,    0.0000000000E+00,    1.4579883747E+02
    124400,      0.676943,CP3_after_update_bottom,   1,    0.0000000000E+00,    1.4579883747E+02,    1.4579883747E+02,    0.0000000000E+00,    0.0000000000E+00,    0.0000000000E+00,    1.4579883747E+02
    124400,      0.676943,CP4_after_advection,   1,    0.0000000000E+00,    1.4580501185E+02,    1.4580501185E+02,    0.0000000000E+00,    0.0000000000E+00,    0.0000000000E+00,    1.4580501185E+02
    124400,      0.676943,CP5_after_vdif,   1,    0.0000000000E+00,    1.4580501185E+02,    1.4580501185E+02,    0.0000000000E+00,    0.0000000000E+00,    0.0000000000E+00,    1.4580501185E+02
    124400,      0.676943,CP6_after_kinetics,   1,    0.0000000000E+00,    1.4580501185E+02,    1.4580501185E+02,    0.0000000000E+00,    0.0000000000E+00,    0.0000000000E+00,    1.4580501185E+02
    124400,      0.676943,CP7_after_upper_clamp,   1,    0.0000000000E+00,    1.4580501185E+02,    1.4580501185E+02,    0.0000000000E+00,    0.0000000000E+00,    0.0000000000E+00,    1.4580501185E+02
    124400,      0.676943,CP8_after_OBC,   1,    0.0000000000E+00,    1.4580501185E+02,    1.4580501185E+02,    0.0000000000E+00,    0.0000000000E+00,    0.0000000000E+00,    1.4580501185E+02
    124400,      0.676943,CP9_after_PTsource,   1,    0.0000000000E+00,    1.4580501185E+02,    1.4580501185E+02,    0.0000000000E+00,    0.0000000000E+00,    0.0000000000E+00,    1.4580501185E+02
    124400,      0.676943,CP10_after_neg_clamp,   1,    0.0000000000E+00,    1.4580501185E+02,    1.4580501185E+02,    0.0000000000E+00,    0.0000000000E+00,    0.0000000000E+00,    1.4580501185E+02
    124400,      0.676943,CP11_after_MPI,   1,    0.0000000000E+00,    1.4580501185E+02,    1.4580501185E+02,    0.0000000000E+00,    0.0000000000E+00,    0.0000000000E+00,    1.4580501185E+02
    124400,      0.676943,CP12_end,   1,    0.0000000000E+00,    1.4580501185E+02,    1.4580501185E+02,    0.0000000000E+00,    0.0000000000E+00,    0.0000000000E+00,    1.4580501185E+02
    124450,      0.676943,CP0_start,   1,    0.0000000000E+00,    1.4590136348E+02,    1.4590136348E+02,    0.0000000000E+00,    0.0000000000E+00,    0.0000000000E+00,    1.4590136348E+02
    124450,      0.676943,CP1_after_deposition,   1,    0.0000000000E+00,    1.4590136348E+02,    1.4590136348E+02,    0.0000000000E+00,    0.0000000000E+00,    0.0000000000E+00,    1.4590136348E+02
    124450,      0.676943,CP2_after_erosion,   1,    0.0000000000E+00,    1.4590136348E+02,    1.4590136348E+02,    0.0000000000E+00,    0.0000000000E+00,    0.0000000000E+00,    1.4590136348E+02
    124450,      0.676943,CP3_after_update_bottom,   1,    0.0000000000E+00,    1.4590136348E+02,    1.4590136348E+02,    0.0000000000E+00,    0.0000000000E+00,    0.0000000000E+00,    1.4590136348E+02
    124450,      0.676943,CP4_after_advection,   1,    0.0000000000E+00,    1.4590751818E+02,    1.4590751818E+02,    0.0000000000E+00,    0.0000000000E+00,    0.0000000000E+00,    1.4590751818E+02
    124450,      0.676943,CP5_after_vdif,   1,    0.0000000000E+00,    1.4590751818E+02,    1.4590751818E+02,    0.0000000000E+00,    0.0000000000E+00,    0.0000000000E+00,    1.4590751818E+02
    124450,      0.676943,CP6_after_kinetics,   1,    0.0000000000E+00,    1.4590751818E+02,    1.4590751818E+02,    0.0000000000E+00,    0.0000000000E+00,    0.0000000000E+00,    1.4590751818E+02
    124450,      0.676943,CP7_after_upper_clamp,   1,    0.0000000000E+00,    1.4590751818E+02,    1.4590751818E+02,    0.0000000000E+00,    0.0000000000E+00,    0.0000000000E+00,    1.4590751818E+02
    124450,      0.676943,CP8_after_OBC,   1,    0.0000000000E+00,    1.4590751818E+02,    1.4590751818E+02,    0.0000000000E+00,    0.0000000000E+00,    0.0000000000E+00,    1.4590751818E+02
    124450,      0.676943,CP9_after_PTsource,   1,    0.0000000000E+00,    1.4590751818E+02,    1.4590751818E+02,    0.0000000000E+00,    0.0000000000E+00,    0.0000000000E+00,    1.4590751818E+02
    124450,      0.676943,CP10_after_neg_clamp,   1,    0.0000000000E+00,    1.4590751818E+02,    1.4590751818E+02,    0.0000000000E+00,    0.0000000000E+00,    0.0000000000E+00,    1.4590751818E+02
    124450,      0.676943,CP11_after_MPI,   1,    0.0000000000E+00,    1.4590751818E+02,    1.4590751818E+02,    0.0000000000E+00,    0.0000000000E+00,    0.0000000000E+00,    1.4590751818E+02
    124450,      0.676943,CP12_end,   1,    0.0000000000E+00,    1.4590751818E+02,    1.4590751818E+02,    0.0000000000E+00,    0.0000000000E+00,    0.0000000000E+00,    1.4590751818E+02
    124500,      0.676943,CP0_start,   1,    0.0000000000E+00,    1.4600401720E+02,    1.4600401720E+02,    0.0000000000E+00,    0.0000000000E+00,    0.0000000000E+00,    1.4600401720E+02
    124500,      0.676943,CP1_after_deposition,   1,    0.0000000000E+00,    1.4600401720E+02,    1.4600401720E+02,    0.0000000000E+00,    0.0000000000E+00,    0.0000000000E+00,    1.4600401720E+02
    124500,      0.676943,CP2_after_erosion,   1,    0.0000000000E+00,    1.4600401720E+02,    1.4600401720E+02,    0.0000000000E+00,    0.0000000000E+00,    0.0000000000E+00,    1.4600401720E+02
    124500,      0.676943,CP3_after_update_bottom,   1,    0.0000000000E+00,    1.4600401720E+02,    1.4600401720E+02,    0.0000000000E+00,    0.0000000000E+00,    0.0000000000E+00,    1.4600401720E+02
    124500,      0.676943,CP4_after_advection,   1,    0.0000000000E+00,    1.4601015188E+02,    1.4601015188E+02,    0.0000000000E+00,    0.0000000000E+00,    0.0000000000E+00,    1.4601015188E+02
    124500,      0.676943,CP5_after_vdif,   1,    0.0000000000E+00,    1.4601015188E+02,    1.4601015188E+02,    0.0000000000E+00,    0.0000000000E+00,    0.0000000000E+00,    1.4601015188E+02
    124500,      0.676943,CP6_after_kinetics,   1,    0.0000000000E+00,    1.4601015188E+02,    1.4601015188E+02,    0.0000000000E+00,    0.0000000000E+00,    0.0000000000E+00,    1.4601015188E+02
    124500,      0.676943,CP7_after_upper_clamp,   1,    0.0000000000E+00,    1.4601015188E+02,    1.4601015188E+02,    0.0000000000E+00,    0.0000000000E+00,    0.0000000000E+00,    1.4601015188E+02
    124500,      0.676943,CP8_after_OBC,   1,    0.0000000000E+00,    1.4601015188E+02,    1.4601015188E+02,    0.0000000000E+00,    0.0000000000E+00,    0.0000000000E+00,    1.4601015188E+02
    124500,      0.676943,CP9_after_PTsource,   1,    0.0000000000E+00,    1.4601015188E+02,    1.4601015188E+02,    0.0000000000E+00,    0.0000000000E+00,    0.0000000000E+00,    1.4601015188E+02
    124500,      0.676943,CP10_after_neg_clamp,   1,    0.0000000000E+00,    1.4601015188E+02,    1.4601015188E+02,    0.0000000000E+00,    0.0000000000E+00,    0.0000000000E+00,    1.4601015188E+02
    124500,      0.676943,CP11_after_MPI,   1,    0.0000000000E+00,    1.4601015188E+02,    1.4601015188E+02,    0.0000000000E+00,    0.0000000000E+00,    0.0000000000E+00,    1.4601015188E+02
    124500,      0.676943,CP12_end,   1,    0.0000000000E+00,    1.4601015188E+02,    1.4601015188E+02,    0.0000000000E+00,    0.0000000000E+00,    0.0000000000E+00,    1.4601015188E+02
    124550,      0.676943,CP0_start,   1,    0.0000000000E+00,    1.4610684103E+02,    1.4610684103E+02,    0.0000000000E+00,    0.0000000000E+00,    0.0000000000E+00,    1.4610684103E+02
    124550,      0.676943,CP1_after_deposition,   1,    0.0000000000E+00,    1.4610684103E+02,    1.4610684103E+02,    0.0000000000E+00,    0.0000000000E+00,    0.0000000000E+00,    1.4610684103E+02
    124550,      0.676943,CP2_after_erosion,   1,    0.0000000000E+00,    1.4610684103E+02,    1.4610684103E+02,    0.0000000000E+00,    0.0000000000E+00,    0.0000000000E+00,    1.4610684103E+02
    124550,      0.676943,CP3_after_update_bottom,   1,    0.0000000000E+00,    1.4610684103E+02,    1.4610684103E+02,    0.0000000000E+00,    0.0000000000E+00,    0.0000000000E+00,    1.4610684103E+02
    124550,      0.676943,CP4_after_advection,   1,    0.0000000000E+00,    1.4611295193E+02,    1.4611295193E+02,    0.0000000000E+00,    0.0000000000E+00,    0.0000000000E+00,    1.4611295193E+02
    124550,      0.676943,CP5_after_vdif,   1,    0.0000000000E+00,    1.4611295193E+02,    1.4611295193E+02,    0.0000000000E+00,    0.0000000000E+00,    0.0000000000E+00,    1.4611295193E+02
    124550,      0.676943,CP6_after_kinetics,   1,    0.0000000000E+00,    1.4611295193E+02,    1.4611295193E+02,    0.0000000000E+00,    0.0000000000E+00,    0.0000000000E+00,    1.4611295193E+02
    124550,      0.676943,CP7_after_upper_clamp,   1,    0.0000000000E+00,    1.4611295193E+02,    1.4611295193E+02,    0.0000000000E+00,    0.0000000000E+00,    0.0000000000E+00,    1.4611295193E+02
    124550,      0.676943,CP8_after_OBC,   1,    0.0000000000E+00,    1.4611295193E+02,    1.4611295193E+02,    0.0000000000E+00,    0.0000000000E+00,    0.0000000000E+00,    1.4611295193E+02
    124550,      0.676943,CP9_after_PTsource,   1,    0.0000000000E+00,    1.4611295193E+02,    1.4611295193E+02,    0.0000000000E+00,    0.0000000000E+00,    0.0000000000E+00,    1.4611295193E+02
    124550,      0.676943,CP10_after_neg_clamp,   1,    0.0000000000E+00,    1.4611295193E+02,    1.4611295193E+02,    0.0000000000E+00,    0.0000000000E+00,    0.0000000000E+00,    1.4611295193E+02
    124550,      0.676943,CP11_after_MPI,   1,    0.0000000000E+00,    1.4611295193E+02,    1.4611295193E+02,    0.0000000000E+00,    0.0000000000E+00,    0.0000000000E+00,    1.4611295193E+02
    124550,      0.676943,CP12_end,   1,    0.0000000000E+00,    1.4611295193E+02,    1.4611295193E+02,    0.0000000000E+00,    0.0000000000E+00,    0.0000000000E+00,    1.4611295193E+02
    124600,      0.676943,CP0_start,   1,    0.0000000000E+00,    1.4620972519E+02,    1.4620972519E+02,    0.0000000000E+00,    0.0000000000E+00,    0.0000000000E+00,    1.4620972519E+02
    124600,      0.676943,CP1_after_deposition,   1,    0.0000000000E+00,    1.4620972519E+02,    1.4620972519E+02,    0.0000000000E+00,    0.0000000000E+00,    0.0000000000E+00,    1.4620972519E+02
    124600,      0.676943,CP2_after_erosion,   1,    0.0000000000E+00,    1.4620972519E+02,    1.4620972519E+02,    0.0000000000E+00,    0.0000000000E+00,    0.0000000000E+00,    1.4620972519E+02
    124600,      0.676943,CP3_after_update_bottom,   1,    0.0000000000E+00,    1.4620972519E+02,    1.4620972519E+02,    0.0000000000E+00,    0.0000000000E+00,    0.0000000000E+00,    1.4620972519E+02
    124600,      0.676943,CP4_after_advection,   1,    0.0000000000E+00,    1.4621582049E+02,    1.4621582049E+02,    0.0000000000E+00,    0.0000000000E+00,    0.0000000000E+00,    1.4621582049E+02
    124600,      0.676943,CP5_after_vdif,   1,    0.0000000000E+00,    1.4621582049E+02,    1.4621582049E+02,    0.0000000000E+00,    0.0000000000E+00,    0.0000000000E+00,    1.4621582049E+02
    124600,      0.676943,CP6_after_kinetics,   1,    0.0000000000E+00,    1.4621582049E+02,    1.4621582049E+02,    0.0000000000E+00,    0.0000000000E+00,    0.0000000000E+00,    1.4621582049E+02
    124600,      0.676943,CP7_after_upper_clamp,   1,    0.0000000000E+00,    1.4621582049E+02,    1.4621582049E+02,    0.0000000000E+00,    0.0000000000E+00,    0.0000000000E+00,    1.4621582049E+02
    124600,      0.676943,CP8_after_OBC,   1,    0.0000000000E+00,    1.4621582049E+02,    1.4621582049E+02,    0.0000000000E+00,    0.0000000000E+00,    0.0000000000E+00,    1.4621582049E+02
    124600,      0.676943,CP9_after_PTsource,   1,    0.0000000000E+00,    1.4621582049E+02,    1.4621582049E+02,    0.0000000000E+00,    0.0000000000E+00,    0.0000000000E+00,    1.4621582049E+02
    124600,      0.676943,CP10_after_neg_clamp,   1,    0.0000000000E+00,    1.4621582049E+02,    1.4621582049E+02,    0.0000000000E+00,    0.0000000000E+00,    0.0000000000E+00,    1.4621582049E+02
    124600,      0.676943,CP11_after_MPI,   1,    0.0000000000E+00,    1.4621582049E+02,    1.4621582049E+02,    0.0000000000E+00,    0.0000000000E+00,    0.0000000000E+00,    1.4621582049E+02
    124600,      0.676943,CP12_end,   1,    0.0000000000E+00,    1.4621582049E+02,    1.4621582049E+02,    0.0000000000E+00,    0.0000000000E+00,    0.0000000000E+00,    1.4621582049E+02
    124650,      0.676943,CP0_start,   1,    0.0000000000E+00,    1.4631267346E+02,    1.4631267346E+02,    0.0000000000E+00,    0.0000000000E+00,    0.0000000000E+00,    1.4631267346E+02
    124650,      0.676943,CP1_after_deposition,   1,    0.0000000000E+00,    1.4631267346E+02,    1.4631267346E+02,    0.0000000000E+00,    0.0000000000E+00,    0.0000000000E+00,    1.4631267346E+02
    124650,      0.676943,CP2_after_erosion,   1,    0.0000000000E+00,    1.4631267346E+02,    1.4631267346E+02,    0.0000000000E+00,    0.0000000000E+00,    0.0000000000E+00,    1.4631267346E+02
    124650,      0.676943,CP3_after_update_bottom,   1,    0.0000000000E+00,    1.4631267346E+02,    1.4631267346E+02,    0.0000000000E+00,    0.0000000000E+00,    0.0000000000E+00,    1.4631267346E+02
    124650,      0.676943,CP4_after_advection,   1,    0.0000000000E+00,    1.4631874996E+02,    1.4631874996E+02,    0.0000000000E+00,    0.0000000000E+00,    0.0000000000E+00,    1.4631874996E+02
    124650,      0.676943,CP5_after_vdif,   1,    0.0000000000E+00,    1.4631874996E+02,    1.4631874996E+02,    0.0000000000E+00,    0.0000000000E+00,    0.0000000000E+00,    1.4631874996E+02
    124650,      0.676943,CP6_after_kinetics,   1,    0.0000000000E+00,    1.4631874996E+02,    1.4631874996E+02,    0.0000000000E+00,    0.0000000000E+00,    0.0000000000E+00,    1.4631874996E+02
    124650,      0.676943,CP7_after_upper_clamp,   1,    0.0000000000E+00,    1.4631874996E+02,    1.4631874996E+02,    0.0000000000E+00,    0.0000000000E+00,    0.0000000000E+00,    1.4631874996E+02
    124650,      0.676943,CP8_after_OBC,   1,    0.0000000000E+00,    1.4631874996E+02,    1.4631874996E+02,    0.0000000000E+00,    0.0000000000E+00,    0.0000000000E+00,    1.4631874996E+02
    124650,      0.676943,CP9_after_PTsource,   1,    0.0000000000E+00,    1.4631874996E+02,    1.4631874996E+02,    0.0000000000E+00,    0.0000000000E+00,    0.0000000000E+00,    1.4631874996E+02
    124650,      0.676943,CP10_after_neg_clamp,   1,    0.0000000000E+00,    1.4631874996E+02,    1.4631874996E+02,    0.0000000000E+00,    0.0000000000E+00,    0.0000000000E+00,    1.4631874996E+02
    124650,      0.676943,CP11_after_MPI,   1,    0.0000000000E+00,    1.4631874996E+02,    1.4631874996E+02,    0.0000000000E+00,    0.0000000000E+00,    0.0000000000E+00,    1.4631874996E+02
    124650,      0.676943,CP12_end,   1,    0.0000000000E+00,    1.4631874996E+02,    1.4631874996E+02,    0.0000000000E+00,    0.0000000000E+00,    0.0000000000E+00,    1.4631874996E+02
    124700,      0.676943,CP0_start,   1,    0.0000000000E+00,    1.4641568919E+02,    1.4641568919E+02,    0.0000000000E+00,    0.0000000000E+00,    0.0000000000E+00,    1.4641568919E+02
    124700,      0.676943,CP1_after_deposition,   1,    0.0000000000E+00,    1.4641568919E+02,    1.4641568919E+02,    0.0000000000E+00,    0.0000000000E+00,    0.0000000000E+00,    1.4641568919E+02
    124700,      0.676943,CP2_after_erosion,   1,    0.0000000000E+00,    1.4641568919E+02,    1.4641568919E+02,    0.0000000000E+00,    0.0000000000E+00,    0.0000000000E+00,    1.4641568919E+02
    124700,      0.676943,CP3_after_update_bottom,   1,    0.0000000000E+00,    1.4641568919E+02,    1.4641568919E+02,    0.0000000000E+00,    0.0000000000E+00,    0.0000000000E+00,    1.4641568919E+02
    124700,      0.676943,CP4_after_advection,   1,    0.0000000000E+00,    1.4642174702E+02,    1.4642174702E+02,    0.0000000000E+00,    0.0000000000E+00,    0.0000000000E+00,    1.4642174702E+02
    124700,      0.676943,CP5_after_vdif,   1,    0.0000000000E+00,    1.4642174702E+02,    1.4642174702E+02,    0.0000000000E+00,    0.0000000000E+00,    0.0000000000E+00,    1.4642174702E+02
    124700,      0.676943,CP6_after_kinetics,   1,    0.0000000000E+00,    1.4642174702E+02,    1.4642174702E+02,    0.0000000000E+00,    0.0000000000E+00,    0.0000000000E+00,    1.4642174702E+02
    124700,      0.676943,CP7_after_upper_clamp,   1,    0.0000000000E+00,    1.4642174702E+02,    1.4642174702E+02,    0.0000000000E+00,    0.0000000000E+00,    0.0000000000E+00,    1.4642174702E+02
    124700,      0.676943,CP8_after_OBC,   1,    0.0000000000E+00,    1.4642174702E+02,    1.4642174702E+02,    0.0000000000E+00,    0.0000000000E+00,    0.0000000000E+00,    1.4642174702E+02
    124700,      0.676943,CP9_after_PTsource,   1,    0.0000000000E+00,    1.4642174702E+02,    1.4642174702E+02,    0.0000000000E+00,    0.0000000000E+00,    0.0000000000E+00,    1.4642174702E+02
    124700,      0.676943,CP10_after_neg_clamp,   1,    0.0000000000E+00,    1.4642174702E+02,    1.4642174702E+02,    0.0000000000E+00,    0.0000000000E+00,    0.0000000000E+00,    1.4642174702E+02
    124700,      0.676943,CP11_after_MPI,   1,    0.0000000000E+00,    1.4642174702E+02,    1.4642174702E+02,    0.0000000000E+00,    0.0000000000E+00,    0.0000000000E+00,    1.4642174702E+02
    124700,      0.676943,CP12_end,   1,    0.0000000000E+00,    1.4642174702E+02,    1.4642174702E+02,    0.0000000000E+00,    0.0000000000E+00,    0.0000000000E+00,    1.4642174702E+02
    124750,      0.676943,CP0_start,   1,    0.0000000000E+00,    1.4651876760E+02,    1.4651876760E+02,    0.0000000000E+00,    0.0000000000E+00,    0.0000000000E+00,    1.4651876760E+02
    124750,      0.676943,CP1_after_deposition,   1,    0.0000000000E+00,    1.4651876760E+02,    1.4651876760E+02,    0.0000000000E+00,    0.0000000000E+00,    0.0000000000E+00,    1.4651876760E+02
    124750,      0.676943,CP2_after_erosion,   1,    0.0000000000E+00,    1.4651876760E+02,    1.4651876760E+02,    0.0000000000E+00,    0.0000000000E+00,    0.0000000000E+00,    1.4651876760E+02
    124750,      0.676943,CP3_after_update_bottom,   1,    0.0000000000E+00,    1.4651876760E+02,    1.4651876760E+02,    0.0000000000E+00,    0.0000000000E+00,    0.0000000000E+00,    1.4651876760E+02
    124750,      0.676943,CP4_after_advection,   1,    0.0000000000E+00,    1.4652480741E+02,    1.4652480741E+02,    0.0000000000E+00,    0.0000000000E+00,    0.0000000000E+00,    1.4652480741E+02
    124750,      0.676943,CP5_after_vdif,   1,    0.0000000000E+00,    1.4652480741E+02,    1.4652480741E+02,    0.0000000000E+00,    0.0000000000E+00,    0.0000000000E+00,    1.4652480741E+02
    124750,      0.676943,CP6_after_kinetics,   1,    0.0000000000E+00,    1.4652480741E+02,    1.4652480741E+02,    0.0000000000E+00,    0.0000000000E+00,    0.0000000000E+00,    1.4652480741E+02
    124750,      0.676943,CP7_after_upper_clamp,   1,    0.0000000000E+00,    1.4652480741E+02,    1.4652480741E+02,    0.0000000000E+00,    0.0000000000E+00,    0.0000000000E+00,    1.4652480741E+02
    124750,      0.676943,CP8_after_OBC,   1,    0.0000000000E+00,    1.4652480741E+02,    1.4652480741E+02,    0.0000000000E+00,    0.0000000000E+00,    0.0000000000E+00,    1.4652480741E+02
    124750,      0.676943,CP9_after_PTsource,   1,    0.0000000000E+00,    1.4652480741E+02,    1.4652480741E+02,    0.0000000000E+00,    0.0000000000E+00,    0.0000000000E+00,    1.4652480741E+02
    124750,      0.676943,CP10_after_neg_clamp,   1,    0.0000000000E+00,    1.4652480741E+02,    1.4652480741E+02,    0.0000000000E+00,    0.0000000000E+00,    0.0000000000E+00,    1.4652480741E+02
    124750,      0.676943,CP11_after_MPI,   1,    0.0000000000E+00,    1.4652480741E+02,    1.4652480741E+02,    0.0000000000E+00,    0.0000000000E+00,    0.0000000000E+00,    1.4652480741E+02
    124750,      0.676943,CP12_end,   1,    0.0000000000E+00,    1.4652480741E+02,    1.4652480741E+02,    0.0000000000E+00,    0.0000000000E+00,    0.0000000000E+00,    1.4652480741E+02
    124800,      0.676943,CP0_start,   1,    0.0000000000E+00,    1.4662190679E+02,    1.4662190679E+02,    0.0000000000E+00,    0.0000000000E+00,    0.0000000000E+00,    1.4662190679E+02
    124800,      0.676943,CP1_after_deposition,   1,    0.0000000000E+00,    1.4662190679E+02,    1.4662190679E+02,    0.0000000000E+00,    0.0000000000E+00,    0.0000000000E+00,    1.4662190679E+02
    124800,      0.676943,CP2_after_erosion,   1,    0.0000000000E+00,    1.4662190679E+02,    1.4662190679E+02,    0.0000000000E+00,    0.0000000000E+00,    0.0000000000E+00,    1.4662190679E+02
    124800,      0.676943,CP3_after_update_bottom,   1,    0.0000000000E+00,    1.4662190679E+02,    1.4662190679E+02,    0.0000000000E+00,    0.0000000000E+00,    0.0000000000E+00,    1.4662190679E+02
    124800,      0.676943,CP4_after_advection,   1,    0.0000000000E+00,    1.4662793081E+02,    1.4662793081E+02,    0.0000000000E+00,    0.0000000000E+00,    0.0000000000E+00,    1.4662793081E+02
    124800,      0.676943,CP5_after_vdif,   1,    0.0000000000E+00,    1.4662793081E+02,    1.4662793081E+02,    0.0000000000E+00,    0.0000000000E+00,    0.0000000000E+00,    1.4662793081E+02
    124800,      0.676943,CP6_after_kinetics,   1,    0.0000000000E+00,    1.4662793081E+02,    1.4662793081E+02,    0.0000000000E+00,    0.0000000000E+00,    0.0000000000E+00,    1.4662793081E+02
    124800,      0.676943,CP7_after_upper_clamp,   1,    0.0000000000E+00,    1.4662793081E+02,    1.4662793081E+02,    0.0000000000E+00,    0.0000000000E+00,    0.0000000000E+00,    1.4662793081E+02
    124800,      0.676943,CP8_after_OBC,   1,    0.0000000000E+00,    1.4662793081E+02,    1.4662793081E+02,    0.0000000000E+00,    0.0000000000E+00,    0.0000000000E+00,    1.4662793081E+02
    124800,      0.676943,CP9_after_PTsource,   1,    0.0000000000E+00,    1.4662793081E+02,    1.4662793081E+02,    0.0000000000E+00,    0.0000000000E+00,    0.0000000000E+00,    1.4662793081E+02
    124800,      0.676943,CP10_after_neg_clamp,   1,    0.0000000000E+00,    1.4662793081E+02,    1.4662793081E+02,    0.0000000000E+00,    0.0000000000E+00,    0.0000000000E+00,    1.4662793081E+02
    124800,      0.676943,CP11_after_MPI,   1,    0.0000000000E+00,    1.4662793081E+02,    1.4662793081E+02,    0.0000000000E+00,    0.0000000000E+00,    0.0000000000E+00,    1.4662793081E+02
    124800,      0.676943,CP12_end,   1,    0.0000000000E+00,    1.4662793081E+02,    1.4662793081E+02,    0.0000000000E+00,    0.0000000000E+00,    0.0000000000E+00,    1.4662793081E+02
    124850,      0.676943,CP0_start,   1,    0.0000000000E+00,    1.4672516272E+02,    1.4672516272E+02,    0.0000000000E+00,    0.0000000000E+00,    0.0000000000E+00,    1.4672516272E+02
    124850,      0.676943,CP1_after_deposition,   1,    0.0000000000E+00,    1.4672516272E+02,    1.4672516272E+02,    0.0000000000E+00,    0.0000000000E+00,    0.0000000000E+00,    1.4672516272E+02
    124850,      0.676943,CP2_after_erosion,   1,    0.0000000000E+00,    1.4672516272E+02,    1.4672516272E+02,    0.0000000000E+00,    0.0000000000E+00,    0.0000000000E+00,    1.4672516272E+02
    124850,      0.676943,CP3_after_update_bottom,   1,    0.0000000000E+00,    1.4672516272E+02,    1.4672516272E+02,    0.0000000000E+00,    0.0000000000E+00,    0.0000000000E+00,    1.4672516272E+02
    124850,      0.676943,CP4_after_advection,   1,    0.0000000000E+00,    1.4673116369E+02,    1.4673116369E+02,    0.0000000000E+00,    0.0000000000E+00,    0.0000000000E+00,    1.4673116369E+02
    124850,      0.676943,CP5_after_vdif,   1,    0.0000000000E+00,    1.4673116369E+02,    1.4673116369E+02,    0.0000000000E+00,    0.0000000000E+00,    0.0000000000E+00,    1.4673116369E+02
    124850,      0.676943,CP6_after_kinetics,   1,    0.0000000000E+00,    1.4673116369E+02,    1.4673116369E+02,    0.0000000000E+00,    0.0000000000E+00,    0.0000000000E+00,    1.4673116369E+02
    124850,      0.676943,CP7_after_upper_clamp,   1,    0.0000000000E+00,    1.4673116369E+02,    1.4673116369E+02,    0.0000000000E+00,    0.0000000000E+00,    0.0000000000E+00,    1.4673116369E+02
    124850,      0.676943,CP8_after_OBC,   1,    0.0000000000E+00,    1.4673116369E+02,    1.4673116369E+02,    0.0000000000E+00,    0.0000000000E+00,    0.0000000000E+00,    1.4673116369E+02
    124850,      0.676943,CP9_after_PTsource,   1,    0.0000000000E+00,    1.4673116369E+02,    1.4673116369E+02,    0.0000000000E+00,    0.0000000000E+00,    0.0000000000E+00,    1.4673116369E+02
    124850,      0.676943,CP10_after_neg_clamp,   1,    0.0000000000E+00,    1.4673116369E+02,    1.4673116369E+02,    0.0000000000E+00,    0.0000000000E+00,    0.0000000000E+00,    1.4673116369E+02
    124850,      0.676943,CP11_after_MPI,   1,    0.0000000000E+00,    1.4673116369E+02,    1.4673116369E+02,    0.0000000000E+00,    0.0000000000E+00,    0.0000000000E+00,    1.4673116369E+02
    124850,      0.676943,CP12_end,   1,    0.0000000000E+00,    1.4673116369E+02,    1.4673116369E+02,    0.0000000000E+00,    0.0000000000E+00,    0.0000000000E+00,    1.4673116369E+02
    124900,      0.676943,CP0_start,   1,    0.0000000000E+00,    1.4682859205E+02,    1.4682859205E+02,    0.0000000000E+00,    0.0000000000E+00,    0.0000000000E+00,    1.4682859205E+02
    124900,      0.676943,CP1_after_deposition,   1,    0.0000000000E+00,    1.4682859205E+02,    1.4682859205E+02,    0.0000000000E+00,    0.0000000000E+00,    0.0000000000E+00,    1.4682859205E+02
    124900,      0.676943,CP2_after_erosion,   1,    0.0000000000E+00,    1.4682859205E+02,    1.4682859205E+02,    0.0000000000E+00,    0.0000000000E+00,    0.0000000000E+00,    1.4682859205E+02
    124900,      0.676943,CP3_after_update_bottom,   1,    0.0000000000E+00,    1.4682859205E+02,    1.4682859205E+02,    0.0000000000E+00,    0.0000000000E+00,    0.0000000000E+00,    1.4682859205E+02
    124900,      0.676943,CP4_after_advection,   1,    0.0000000000E+00,    1.4683457329E+02,    1.4683457329E+02,    0.0000000000E+00,    0.0000000000E+00,    0.0000000000E+00,    1.4683457329E+02
    124900,      0.676943,CP5_after_vdif,   1,    0.0000000000E+00,    1.4683457329E+02,    1.4683457329E+02,    0.0000000000E+00,    0.0000000000E+00,    0.0000000000E+00,    1.4683457329E+02
    124900,      0.676943,CP6_after_kinetics,   1,    0.0000000000E+00,    1.4683457329E+02,    1.4683457329E+02,    0.0000000000E+00,    0.0000000000E+00,    0.0000000000E+00,    1.4683457329E+02
    124900,      0.676943,CP7_after_upper_clamp,   1,    0.0000000000E+00,    1.4683457329E+02,    1.4683457329E+02,    0.0000000000E+00,    0.0000000000E+00,    0.0000000000E+00,    1.4683457329E+02
    124900,      0.676943,CP8_after_OBC,   1,    0.0000000000E+00,    1.4683457329E+02,    1.4683457329E+02,    0.0000000000E+00,    0.0000000000E+00,    0.0000000000E+00,    1.4683457329E+02
    124900,      0.676943,CP9_after_PTsource,   1,    0.0000000000E+00,    1.4683457329E+02,    1.4683457329E+02,    0.0000000000E+00,    0.0000000000E+00,    0.0000000000E+00,    1.4683457329E+02
    124900,      0.676943,CP10_after_neg_clamp,   1,    0.0000000000E+00,    1.4683457329E+02,    1.4683457329E+02,    0.0000000000E+00,    0.0000000000E+00,    0.0000000000E+00,    1.4683457329E+02
    124900,      0.676943,CP11_after_MPI,   1,    0.0000000000E+00,    1.4683457329E+02,    1.4683457329E+02,    0.0000000000E+00,    0.0000000000E+00,    0.0000000000E+00,    1.4683457329E+02
    124900,      0.676943,CP12_end,   1,    0.0000000000E+00,    1.4683457329E+02,    1.4683457329E+02,    0.0000000000E+00,    0.0000000000E+00,    0.0000000000E+00,    1.4683457329E+02
    124950,      0.676943,CP0_start,   1,    0.0000000000E+00,    1.4693225436E+02,    1.4693225436E+02,    0.0000000000E+00,    0.0000000000E+00,    0.0000000000E+00,    1.4693225436E+02
    124950,      0.676943,CP1_after_deposition,   1,    0.0000000000E+00,    1.4693225436E+02,    1.4693225436E+02,    0.0000000000E+00,    0.0000000000E+00,    0.0000000000E+00,    1.4693225436E+02
    124950,      0.676943,CP2_after_erosion,   1,    0.0000000000E+00,    1.4693225436E+02,    1.4693225436E+02,    0.0000000000E+00,    0.0000000000E+00,    0.0000000000E+00,    1.4693225436E+02
    124950,      0.676943,CP3_after_update_bottom,   1,    0.0000000000E+00,    1.4693225436E+02,    1.4693225436E+02,    0.0000000000E+00,    0.0000000000E+00,    0.0000000000E+00,    1.4693225436E+02
    124950,      0.676943,CP4_after_advection,   1,    0.0000000000E+00,    1.4693822526E+02,    1.4693822526E+02,    0.0000000000E+00,    0.0000000000E+00,    0.0000000000E+00,    1.4693822526E+02
    124950,      0.676943,CP5_after_vdif,   1,    0.0000000000E+00,    1.4693822526E+02,    1.4693822526E+02,    0.0000000000E+00,    0.0000000000E+00,    0.0000000000E+00,    1.4693822526E+02
    124950,      0.676943,CP6_after_kinetics,   1,    0.0000000000E+00,    1.4693822526E+02,    1.4693822526E+02,    0.0000000000E+00,    0.0000000000E+00,    0.0000000000E+00,    1.4693822526E+02
    124950,      0.676943,CP7_after_upper_clamp,   1,    0.0000000000E+00,    1.4693822526E+02,    1.4693822526E+02,    0.0000000000E+00,    0.0000000000E+00,    0.0000000000E+00,    1.4693822526E+02
    124950,      0.676943,CP8_after_OBC,   1,    0.0000000000E+00,    1.4693822526E+02,    1.4693822526E+02,    0.0000000000E+00,    0.0000000000E+00,    0.0000000000E+00,    1.4693822526E+02
    124950,      0.676943,CP9_after_PTsource,   1,    0.0000000000E+00,    1.4693822526E+02,    1.4693822526E+02,    0.0000000000E+00,    0.0000000000E+00,    0.0000000000E+00,    1.4693822526E+02
    124950,      0.676943,CP10_after_neg_clamp,   1,    0.0000000000E+00,    1.4693822526E+02,    1.4693822526E+02,    0.0000000000E+00,    0.0000000000E+00,    0.0000000000E+00,    1.4693822526E+02
    124950,      0.676943,CP11_after_MPI,   1,    0.0000000000E+00,    1.4693822526E+02,    1.4693822526E+02,    0.0000000000E+00,    0.0000000000E+00,    0.0000000000E+00,    1.4693822526E+02
    124950,      0.676943,CP12_end,   1,    0.0000000000E+00,    1.4693822526E+02,    1.4693822526E+02,    0.0000000000E+00,    0.0000000000E+00,    0.0000000000E+00,    1.4693822526E+02
    125000,      0.676943,CP0_start,   1,    0.0000000000E+00,    1.4703622887E+02,    1.4703622887E+02,    0.0000000000E+00,    0.0000000000E+00,    0.0000000000E+00,    1.4703622887E+02
    125000,      0.676943,CP1_after_deposition,   1,    0.0000000000E+00,    1.4703622887E+02,    1.4703622887E+02,    0.0000000000E+00,    0.0000000000E+00,    0.0000000000E+00,    1.4703622887E+02
    125000,      0.676943,CP2_after_erosion,   1,    0.0000000000E+00,    1.4703622887E+02,    1.4703622887E+02,    0.0000000000E+00,    0.0000000000E+00,    0.0000000000E+00,    1.4703622887E+02
    125000,      0.676943,CP3_after_update_bottom,   1,    0.0000000000E+00,    1.4703622887E+02,    1.4703622887E+02,    0.0000000000E+00,    0.0000000000E+00,    0.0000000000E+00,    1.4703622887E+02
    125000,      0.676943,CP4_after_advection,   1,    0.0000000000E+00,    1.4704218776E+02,    1.4704218776E+02,    0.0000000000E+00,    0.0000000000E+00,    0.0000000000E+00,    1.4704218776E+02
    125000,      0.676943,CP5_after_vdif,   1,    0.0000000000E+00,    1.4704218776E+02,    1.4704218776E+02,    0.0000000000E+00,    0.0000000000E+00,    0.0000000000E+00,    1.4704218776E+02
    125000,      0.676943,CP6_after_kinetics,   1,    0.0000000000E+00,    1.4704218776E+02,    1.4704218776E+02,    0.0000000000E+00,    0.0000000000E+00,    0.0000000000E+00,    1.4704218776E+02
    125000,      0.676943,CP7_after_upper_clamp,   1,    0.0000000000E+00,    1.4704218776E+02,    1.4704218776E+02,    0.0000000000E+00,    0.0000000000E+00,    0.0000000000E+00,    1.4704218776E+02
    125000,      0.676943,CP8_after_OBC,   1,    0.0000000000E+00,    1.4704218776E+02,    1.4704218776E+02,    0.0000000000E+00,    0.0000000000E+00,    0.0000000000E+00,    1.4704218776E+02
    125000,      0.676943,CP9_after_PTsource,   1,    0.0000000000E+00,    1.4704218776E+02,    1.4704218776E+02,    0.0000000000E+00,    0.0000000000E+00,    0.0000000000E+00,    1.4704218776E+02
    125000,      0.676943,CP10_after_neg_clamp,   1,    0.0000000000E+00,    1.4704218776E+02,    1.4704218776E+02,    0.0000000000E+00,    0.0000000000E+00,    0.0000000000E+00,    1.4704218776E+02
    125000,      0.676943,CP11_after_MPI,   1,    0.0000000000E+00,    1.4704218776E+02,    1.4704218776E+02,    0.0000000000E+00,    0.0000000000E+00,    0.0000000000E+00,    1.4704218776E+02
    125000,      0.676943,CP12_end,   1,    0.0000000000E+00,    1.4704218776E+02,    1.4704218776E+02,    0.0000000000E+00,    0.0000000000E+00,    0.0000000000E+00,    1.4704218776E+02
    125050,      0.676943,CP0_start,   1,    0.0000000000E+00,    1.4714061103E+02,    1.4714061103E+02,    0.0000000000E+00,    0.0000000000E+00,    0.0000000000E+00,    1.4714061103E+02
    125050,      0.676943,CP1_after_deposition,   1,    0.0000000000E+00,    1.4714061103E+02,    1.4714061103E+02,    0.0000000000E+00,    0.0000000000E+00,    0.0000000000E+00,    1.4714061103E+02
    125050,      0.676943,CP2_after_erosion,   1,    0.0000000000E+00,    1.4714061103E+02,    1.4714061103E+02,    0.0000000000E+00,    0.0000000000E+00,    0.0000000000E+00,    1.4714061103E+02
    125050,      0.676943,CP3_after_update_bottom,   1,    0.0000000000E+00,    1.4714061103E+02,    1.4714061103E+02,    0.0000000000E+00,    0.0000000000E+00,    0.0000000000E+00,    1.4714061103E+02
    125050,      0.676943,CP4_after_advection,   1,    0.0000000000E+00,    1.4714655794E+02,    1.4714655794E+02,    0.0000000000E+00,    0.0000000000E+00,    0.0000000000E+00,    1.4714655794E+02
    125050,      0.676943,CP5_after_vdif,   1,    0.0000000000E+00,    1.4714655794E+02,    1.4714655794E+02,    0.0000000000E+00,    0.0000000000E+00,    0.0000000000E+00,    1.4714655794E+02
    125050,      0.676943,CP6_after_kinetics,   1,    0.0000000000E+00,    1.4714655794E+02,    1.4714655794E+02,    0.0000000000E+00,    0.0000000000E+00,    0.0000000000E+00,    1.4714655794E+02
    125050,      0.676943,CP7_after_upper_clamp,   1,    0.0000000000E+00,    1.4714655794E+02,    1.4714655794E+02,    0.0000000000E+00,    0.0000000000E+00,    0.0000000000E+00,    1.4714655794E+02
    125050,      0.676943,CP8_after_OBC,   1,    0.0000000000E+00,    1.4714655794E+02,    1.4714655794E+02,    0.0000000000E+00,    0.0000000000E+00,    0.0000000000E+00,    1.4714655794E+02
    125050,      0.676943,CP9_after_PTsource,   1,    0.0000000000E+00,    1.4714655794E+02,    1.4714655794E+02,    0.0000000000E+00,    0.0000000000E+00,    0.0000000000E+00,    1.4714655794E+02
    125050,      0.676943,CP10_after_neg_clamp,   1,    0.0000000000E+00,    1.4714655794E+02,    1.4714655794E+02,    0.0000000000E+00,    0.0000000000E+00,    0.0000000000E+00,    1.4714655794E+02
    125050,      0.676943,CP11_after_MPI,   1,    0.0000000000E+00,    1.4714655794E+02,    1.4714655794E+02,    0.0000000000E+00,    0.0000000000E+00,    0.0000000000E+00,    1.4714655794E+02
    125050,      0.676943,CP12_end,   1,    0.0000000000E+00,    1.4714655794E+02,    1.4714655794E+02,    0.0000000000E+00,    0.0000000000E+00,    0.0000000000E+00,    1.4714655794E+02
    125100,      0.676943,CP0_start,   1,    0.0000000000E+00,    1.4724539609E+02,    1.4724539609E+02,    0.0000000000E+00,    0.0000000000E+00,    0.0000000000E+00,    1.4724539609E+02
    125100,      0.676943,CP1_after_deposition,   1,    0.0000000000E+00,    1.4724539609E+02,    1.4724539609E+02,    0.0000000000E+00,    0.0000000000E+00,    0.0000000000E+00,    1.4724539609E+02
    125100,      0.676943,CP2_after_erosion,   1,    0.0000000000E+00,    1.4724539609E+02,    1.4724539609E+02,    0.0000000000E+00,    0.0000000000E+00,    0.0000000000E+00,    1.4724539609E+02
    125100,      0.676943,CP3_after_update_bottom,   1,    0.0000000000E+00,    1.4724539609E+02,    1.4724539609E+02,    0.0000000000E+00,    0.0000000000E+00,    0.0000000000E+00,    1.4724539609E+02
    125100,      0.676943,CP4_after_advection,   1,    0.0000000000E+00,    1.4725132917E+02,    1.4725132917E+02,    0.0000000000E+00,    0.0000000000E+00,    0.0000000000E+00,    1.4725132917E+02
    125100,      0.676943,CP5_after_vdif,   1,    0.0000000000E+00,    1.4725132917E+02,    1.4725132917E+02,    0.0000000000E+00,    0.0000000000E+00,    0.0000000000E+00,    1.4725132917E+02
    125100,      0.676943,CP6_after_kinetics,   1,    0.0000000000E+00,    1.4725132917E+02,    1.4725132917E+02,    0.0000000000E+00,    0.0000000000E+00,    0.0000000000E+00,    1.4725132917E+02
    125100,      0.676943,CP7_after_upper_clamp,   1,    0.0000000000E+00,    1.4725132917E+02,    1.4725132917E+02,    0.0000000000E+00,    0.0000000000E+00,    0.0000000000E+00,    1.4725132917E+02
    125100,      0.676943,CP8_after_OBC,   1,    0.0000000000E+00,    1.4725132917E+02,    1.4725132917E+02,    0.0000000000E+00,    0.0000000000E+00,    0.0000000000E+00,    1.4725132917E+02
    125100,      0.676943,CP9_after_PTsource,   1,    0.0000000000E+00,    1.4725132917E+02,    1.4725132917E+02,    0.0000000000E+00,    0.0000000000E+00,    0.0000000000E+00,    1.4725132917E+02
    125100,      0.676943,CP10_after_neg_clamp,   1,    0.0000000000E+00,    1.4725132917E+02,    1.4725132917E+02,    0.0000000000E+00,    0.0000000000E+00,    0.0000000000E+00,    1.4725132917E+02
    125100,      0.676943,CP11_after_MPI,   1,    0.0000000000E+00,    1.4725132917E+02,    1.4725132917E+02,    0.0000000000E+00,    0.0000000000E+00,    0.0000000000E+00,    1.4725132917E+02
    125100,      0.676943,CP12_end,   1,    0.0000000000E+00,    1.4725132917E+02,    1.4725132917E+02,    0.0000000000E+00,    0.0000000000E+00,    0.0000000000E+00,    1.4725132917E+02
    125150,      0.676943,CP0_start,   1,    0.0000000000E+00,    1.4734937069E+02,    1.4734937069E+02,    0.0000000000E+00,    0.0000000000E+00,    0.0000000000E+00,    1.4734937069E+02
    125150,      0.676943,CP1_after_deposition,   1,    0.0000000000E+00,    1.4734937069E+02,    1.4734937069E+02,    0.0000000000E+00,    0.0000000000E+00,    0.0000000000E+00,    1.4734937069E+02
    125150,      0.676943,CP2_after_erosion,   1,    0.0000000000E+00,    1.4734937069E+02,    1.4734937069E+02,    0.0000000000E+00,    0.0000000000E+00,    0.0000000000E+00,    1.4734937069E+02
    125150,      0.676943,CP3_after_update_bottom,   1,    0.0000000000E+00,    1.4734937069E+02,    1.4734937069E+02,    0.0000000000E+00,    0.0000000000E+00,    0.0000000000E+00,    1.4734937069E+02
    125150,      0.676943,CP4_after_advection,   1,    0.0000000000E+00,    1.4735529300E+02,    1.4735529300E+02,    0.0000000000E+00,    0.0000000000E+00,    0.0000000000E+00,    1.4735529300E+02
    125150,      0.676943,CP5_after_vdif,   1,    0.0000000000E+00,    1.4735529300E+02,    1.4735529300E+02,    0.0000000000E+00,    0.0000000000E+00,    0.0000000000E+00,    1.4735529300E+02
    125150,      0.676943,CP6_after_kinetics,   1,    0.0000000000E+00,    1.4735529300E+02,    1.4735529300E+02,    0.0000000000E+00,    0.0000000000E+00,    0.0000000000E+00,    1.4735529300E+02
    125150,      0.676943,CP7_after_upper_clamp,   1,    0.0000000000E+00,    1.4735529300E+02,    1.4735529300E+02,    0.0000000000E+00,    0.0000000000E+00,    0.0000000000E+00,    1.4735529300E+02
    125150,      0.676943,CP8_after_OBC,   1,    0.0000000000E+00,    1.4735529300E+02,    1.4735529300E+02,    0.0000000000E+00,    0.0000000000E+00,    0.0000000000E+00,    1.4735529300E+02
    125150,      0.676943,CP9_after_PTsource,   1,    0.0000000000E+00,    1.4735529300E+02,    1.4735529300E+02,    0.0000000000E+00,    0.0000000000E+00,    0.0000000000E+00,    1.4735529300E+02
    125150,      0.676943,CP10_after_neg_clamp,   1,    0.0000000000E+00,    1.4735529300E+02,    1.4735529300E+02,    0.0000000000E+00,    0.0000000000E+00,    0.0000000000E+00,    1.4735529300E+02
    125150,      0.676943,CP11_after_MPI,   1,    0.0000000000E+00,    1.4735529300E+02,    1.4735529300E+02,    0.0000000000E+00,    0.0000000000E+00,    0.0000000000E+00,    1.4735529300E+02
    125150,      0.676943,CP12_end,   1,    0.0000000000E+00,    1.4735529300E+02,    1.4735529300E+02,    0.0000000000E+00,    0.0000000000E+00,    0.0000000000E+00,    1.4735529300E+02
    125200,      0.676943,CP0_start,   1,    0.0000000000E+00,    1.4745376000E+02,    1.4745376000E+02,    0.0000000000E+00,    0.0000000000E+00,    0.0000000000E+00,    1.4745376000E+02
    125200,      0.676943,CP1_after_deposition,   1,    0.0000000000E+00,    1.4745376000E+02,    1.4745376000E+02,    0.0000000000E+00,    0.0000000000E+00,    0.0000000000E+00,    1.4745376000E+02
    125200,      0.676943,CP2_after_erosion,   1,    0.0000000000E+00,    1.4745376000E+02,    1.4745376000E+02,    0.0000000000E+00,    0.0000000000E+00,    0.0000000000E+00,    1.4745376000E+02
    125200,      0.676943,CP3_after_update_bottom,   1,    0.0000000000E+00,    1.4745376000E+02,    1.4745376000E+02,    0.0000000000E+00,    0.0000000000E+00,    0.0000000000E+00,    1.4745376000E+02
    125200,      0.676943,CP4_after_advection,   1,    0.0000000000E+00,    1.4745967004E+02,    1.4745967004E+02,    0.0000000000E+00,    0.0000000000E+00,    0.0000000000E+00,    1.4745967004E+02
    125200,      0.676943,CP5_after_vdif,   1,    0.0000000000E+00,    1.4745967004E+02,    1.4745967004E+02,    0.0000000000E+00,    0.0000000000E+00,    0.0000000000E+00,    1.4745967004E+02
    125200,      0.676943,CP6_after_kinetics,   1,    0.0000000000E+00,    1.4745967004E+02,    1.4745967004E+02,    0.0000000000E+00,    0.0000000000E+00,    0.0000000000E+00,    1.4745967004E+02
    125200,      0.676943,CP7_after_upper_clamp,   1,    0.0000000000E+00,    1.4745967004E+02,    1.4745967004E+02,    0.0000000000E+00,    0.0000000000E+00,    0.0000000000E+00,    1.4745967004E+02
    125200,      0.676943,CP8_after_OBC,   1,    0.0000000000E+00,    1.4745967004E+02,    1.4745967004E+02,    0.0000000000E+00,    0.0000000000E+00,    0.0000000000E+00,    1.4745967004E+02
    125200,      0.676943,CP9_after_PTsource,   1,    0.0000000000E+00,    1.4745967004E+02,    1.4745967004E+02,    0.0000000000E+00,    0.0000000000E+00,    0.0000000000E+00,    1.4745967004E+02
    125200,      0.676943,CP10_after_neg_clamp,   1,    0.0000000000E+00,    1.4745967004E+02,    1.4745967004E+02,    0.0000000000E+00,    0.0000000000E+00,    0.0000000000E+00,    1.4745967004E+02
    125200,      0.676943,CP11_after_MPI,   1,    0.0000000000E+00,    1.4745967004E+02,    1.4745967004E+02,    0.0000000000E+00,    0.0000000000E+00,    0.0000000000E+00,    1.4745967004E+02
    125200,      0.676943,CP12_end,   1,    0.0000000000E+00,    1.4745967004E+02,    1.4745967004E+02,    0.0000000000E+00,    0.0000000000E+00,    0.0000000000E+00,    1.4745967004E+02
    125250,      0.676943,CP0_start,   1,    0.0000000000E+00,    1.4755856154E+02,    1.4755856154E+02,    0.0000000000E+00,    0.0000000000E+00,    0.0000000000E+00,    1.4755856154E+02
    125250,      0.676943,CP1_after_deposition,   1,    0.0000000000E+00,    1.4755856154E+02,    1.4755856154E+02,    0.0000000000E+00,    0.0000000000E+00,    0.0000000000E+00,    1.4755856154E+02
    125250,      0.676943,CP2_after_erosion,   1,    0.0000000000E+00,    1.4755856154E+02,    1.4755856154E+02,    0.0000000000E+00,    0.0000000000E+00,    0.0000000000E+00,    1.4755856154E+02
    125250,      0.676943,CP3_after_update_bottom,   1,    0.0000000000E+00,    1.4755856154E+02,    1.4755856154E+02,    0.0000000000E+00,    0.0000000000E+00,    0.0000000000E+00,    1.4755856154E+02
    125250,      0.676943,CP4_after_advection,   1,    0.0000000000E+00,    1.4756446016E+02,    1.4756446016E+02,    0.0000000000E+00,    0.0000000000E+00,    0.0000000000E+00,    1.4756446016E+02
    125250,      0.676943,CP5_after_vdif,   1,    0.0000000000E+00,    1.4756446016E+02,    1.4756446016E+02,    0.0000000000E+00,    0.0000000000E+00,    0.0000000000E+00,    1.4756446016E+02
    125250,      0.676943,CP6_after_kinetics,   1,    0.0000000000E+00,    1.4756446016E+02,    1.4756446016E+02,    0.0000000000E+00,    0.0000000000E+00,    0.0000000000E+00,    1.4756446016E+02
    125250,      0.676943,CP7_after_upper_clamp,   1,    0.0000000000E+00,    1.4756446016E+02,    1.4756446016E+02,    0.0000000000E+00,    0.0000000000E+00,    0.0000000000E+00,    1.4756446016E+02
    125250,      0.676943,CP8_after_OBC,   1,    0.0000000000E+00,    1.4756446016E+02,    1.4756446016E+02,    0.0000000000E+00,    0.0000000000E+00,    0.0000000000E+00,    1.4756446016E+02
    125250,      0.676943,CP9_after_PTsource,   1,    0.0000000000E+00,    1.4756446016E+02,    1.4756446016E+02,    0.0000000000E+00,    0.0000000000E+00,    0.0000000000E+00,    1.4756446016E+02
    125250,      0.676943,CP10_after_neg_clamp,   1,    0.0000000000E+00,    1.4756446016E+02,    1.4756446016E+02,    0.0000000000E+00,    0.0000000000E+00,    0.0000000000E+00,    1.4756446016E+02
    125250,      0.676943,CP11_after_MPI,   1,    0.0000000000E+00,    1.4756446016E+02,    1.4756446016E+02,    0.0000000000E+00,    0.0000000000E+00,    0.0000000000E+00,    1.4756446016E+02
    125250,      0.676943,CP12_end,   1,    0.0000000000E+00,    1.4756446016E+02,    1.4756446016E+02,    0.0000000000E+00,    0.0000000000E+00,    0.0000000000E+00,    1.4756446016E+02
    125300,      0.676943,CP0_start,   1,    0.0000000000E+00,    1.4766379605E+02,    1.4766379605E+02,    0.0000000000E+00,    0.0000000000E+00,    0.0000000000E+00,    1.4766379605E+02
    125300,      0.676943,CP1_after_deposition,   1,    0.0000000000E+00,    1.4766379605E+02,    1.4766379605E+02,    0.0000000000E+00,    0.0000000000E+00,    0.0000000000E+00,    1.4766379605E+02
    125300,      0.676943,CP2_after_erosion,   1,    0.0000000000E+00,    1.4766379605E+02,    1.4766379605E+02,    0.0000000000E+00,    0.0000000000E+00,    0.0000000000E+00,    1.4766379605E+02
    125300,      0.676943,CP3_after_update_bottom,   1,    0.0000000000E+00,    1.4766379605E+02,    1.4766379605E+02,    0.0000000000E+00,    0.0000000000E+00,    0.0000000000E+00,    1.4766379605E+02
    125300,      0.676943,CP4_after_advection,   1,    0.0000000000E+00,    1.4766968834E+02,    1.4766968834E+02,    0.0000000000E+00,    0.0000000000E+00,    0.0000000000E+00,    1.4766968834E+02
    125300,      0.676943,CP5_after_vdif,   1,    0.0000000000E+00,    1.4766968834E+02,    1.4766968834E+02,    0.0000000000E+00,    0.0000000000E+00,    0.0000000000E+00,    1.4766968834E+02
    125300,      0.676943,CP6_after_kinetics,   1,    0.0000000000E+00,    1.4766968834E+02,    1.4766968834E+02,    0.0000000000E+00,    0.0000000000E+00,    0.0000000000E+00,    1.4766968834E+02
    125300,      0.676943,CP7_after_upper_clamp,   1,    0.0000000000E+00,    1.4766968834E+02,    1.4766968834E+02,    0.0000000000E+00,    0.0000000000E+00,    0.0000000000E+00,    1.4766968834E+02
    125300,      0.676943,CP8_after_OBC,   1,    0.0000000000E+00,    1.4766968834E+02,    1.4766968834E+02,    0.0000000000E+00,    0.0000000000E+00,    0.0000000000E+00,    1.4766968834E+02
    125300,      0.676943,CP9_after_PTsource,   1,    0.0000000000E+00,    1.4766968834E+02,    1.4766968834E+02,    0.0000000000E+00,    0.0000000000E+00,    0.0000000000E+00,    1.4766968834E+02
    125300,      0.676943,CP10_after_neg_clamp,   1,    0.0000000000E+00,    1.4766968834E+02,    1.4766968834E+02,    0.0000000000E+00,    0.0000000000E+00,    0.0000000000E+00,    1.4766968834E+02
    125300,      0.676943,CP11_after_MPI,   1,    0.0000000000E+00,    1.4766968834E+02,    1.4766968834E+02,    0.0000000000E+00,    0.0000000000E+00,    0.0000000000E+00,    1.4766968834E+02
    125300,      0.676943,CP12_end,   1,    0.0000000000E+00,    1.4766968834E+02,    1.4766968834E+02,    0.0000000000E+00,    0.0000000000E+00,    0.0000000000E+00,    1.4766968834E+02
    125350,      0.676943,CP0_start,   1,    0.0000000000E+00,    1.4776946775E+02,    1.4776946775E+02,    0.0000000000E+00,    0.0000000000E+00,    0.0000000000E+00,    1.4776946775E+02
    125350,      0.676943,CP1_after_deposition,   1,    0.0000000000E+00,    1.4776946775E+02,    1.4776946775E+02,    0.0000000000E+00,    0.0000000000E+00,    0.0000000000E+00,    1.4776946775E+02
    125350,      0.676943,CP2_after_erosion,   1,    0.0000000000E+00,    1.4776946775E+02,    1.4776946775E+02,    0.0000000000E+00,    0.0000000000E+00,    0.0000000000E+00,    1.4776946775E+02
    125350,      0.676943,CP3_after_update_bottom,   1,    0.0000000000E+00,    1.4776946775E+02,    1.4776946775E+02,    0.0000000000E+00,    0.0000000000E+00,    0.0000000000E+00,    1.4776946775E+02
    125350,      0.676943,CP4_after_advection,   1,    0.0000000000E+00,    1.4777535019E+02,    1.4777535019E+02,    0.0000000000E+00,    0.0000000000E+00,    0.0000000000E+00,    1.4777535019E+02
    125350,      0.676943,CP5_after_vdif,   1,    0.0000000000E+00,    1.4777535019E+02,    1.4777535019E+02,    0.0000000000E+00,    0.0000000000E+00,    0.0000000000E+00,    1.4777535019E+02
    125350,      0.676943,CP6_after_kinetics,   1,    0.0000000000E+00,    1.4777535019E+02,    1.4777535019E+02,    0.0000000000E+00,    0.0000000000E+00,    0.0000000000E+00,    1.4777535019E+02
    125350,      0.676943,CP7_after_upper_clamp,   1,    0.0000000000E+00,    1.4777535019E+02,    1.4777535019E+02,    0.0000000000E+00,    0.0000000000E+00,    0.0000000000E+00,    1.4777535019E+02
    125350,      0.676943,CP8_after_OBC,   1,    0.0000000000E+00,    1.4777535019E+02,    1.4777535019E+02,    0.0000000000E+00,    0.0000000000E+00,    0.0000000000E+00,    1.4777535019E+02
    125350,      0.676943,CP9_after_PTsource,   1,    0.0000000000E+00,    1.4777535019E+02,    1.4777535019E+02,    0.0000000000E+00,    0.0000000000E+00,    0.0000000000E+00,    1.4777535019E+02
    125350,      0.676943,CP10_after_neg_clamp,   1,    0.0000000000E+00,    1.4777535019E+02,    1.4777535019E+02,    0.0000000000E+00,    0.0000000000E+00,    0.0000000000E+00,    1.4777535019E+02
    125350,      0.676943,CP11_after_MPI,   1,    0.0000000000E+00,    1.4777535019E+02,    1.4777535019E+02,    0.0000000000E+00,    0.0000000000E+00,    0.0000000000E+00,    1.4777535019E+02
    125350,      0.676943,CP12_end,   1,    0.0000000000E+00,    1.4777535019E+02,    1.4777535019E+02,    0.0000000000E+00,    0.0000000000E+00,    0.0000000000E+00,    1.4777535019E+02
    125400,      0.676943,CP0_start,   1,    0.0000000000E+00,    1.4787542236E+02,    1.4787542236E+02,    0.0000000000E+00,    0.0000000000E+00,    0.0000000000E+00,    1.4787542236E+02
    125400,      0.676943,CP1_after_deposition,   1,    0.0000000000E+00,    1.4787542236E+02,    1.4787542236E+02,    0.0000000000E+00,    0.0000000000E+00,    0.0000000000E+00,    1.4787542236E+02
    125400,      0.676943,CP2_after_erosion,   1,    0.0000000000E+00,    1.4787542236E+02,    1.4787542236E+02,    0.0000000000E+00,    0.0000000000E+00,    0.0000000000E+00,    1.4787542236E+02
    125400,      0.676943,CP3_after_update_bottom,   1,    0.0000000000E+00,    1.4787542236E+02,    1.4787542236E+02,    0.0000000000E+00,    0.0000000000E+00,    0.0000000000E+00,    1.4787542236E+02
    125400,      0.676943,CP4_after_advection,   1,    0.0000000000E+00,    1.4788129484E+02,    1.4788129484E+02,    0.0000000000E+00,    0.0000000000E+00,    0.0000000000E+00,    1.4788129484E+02
    125400,      0.676943,CP5_after_vdif,   1,    0.0000000000E+00,    1.4788129484E+02,    1.4788129484E+02,    0.0000000000E+00,    0.0000000000E+00,    0.0000000000E+00,    1.4788129484E+02
    125400,      0.676943,CP6_after_kinetics,   1,    0.0000000000E+00,    1.4788129484E+02,    1.4788129484E+02,    0.0000000000E+00,    0.0000000000E+00,    0.0000000000E+00,    1.4788129484E+02
    125400,      0.676943,CP7_after_upper_clamp,   1,    0.0000000000E+00,    1.4788129484E+02,    1.4788129484E+02,    0.0000000000E+00,    0.0000000000E+00,    0.0000000000E+00,    1.4788129484E+02
    125400,      0.676943,CP8_after_OBC,   1,    0.0000000000E+00,    1.4788129484E+02,    1.4788129484E+02,    0.0000000000E+00,    0.0000000000E+00,    0.0000000000E+00,    1.4788129484E+02
    125400,      0.676943,CP9_after_PTsource,   1,    0.0000000000E+00,    1.4788129484E+02,    1.4788129484E+02,    0.0000000000E+00,    0.0000000000E+00,    0.0000000000E+00,    1.4788129484E+02
    125400,      0.676943,CP10_after_neg_clamp,   1,    0.0000000000E+00,    1.4788129484E+02,    1.4788129484E+02,    0.0000000000E+00,    0.0000000000E+00,    0.0000000000E+00,    1.4788129484E+02
    125400,      0.676943,CP11_after_MPI,   1,    0.0000000000E+00,    1.4788129484E+02,    1.4788129484E+02,    0.0000000000E+00,    0.0000000000E+00,    0.0000000000E+00,    1.4788129484E+02
    125400,      0.676943,CP12_end,   1,    0.0000000000E+00,    1.4788129484E+02,    1.4788129484E+02,    0.0000000000E+00,    0.0000000000E+00,    0.0000000000E+00,    1.4788129484E+02
    125450,      0.676943,CP0_start,   1,    0.0000000000E+00,    1.4798172180E+02,    1.4798172180E+02,    0.0000000000E+00,    0.0000000000E+00,    0.0000000000E+00,    1.4798172180E+02
    125450,      0.676943,CP1_after_deposition,   1,    0.0000000000E+00,    1.4798172180E+02,    1.4798172180E+02,    0.0000000000E+00,    0.0000000000E+00,    0.0000000000E+00,    1.4798172180E+02
    125450,      0.676943,CP2_after_erosion,   1,    0.0000000000E+00,    1.4798172180E+02,    1.4798172180E+02,    0.0000000000E+00,    0.0000000000E+00,    0.0000000000E+00,    1.4798172180E+02
    125450,      0.676943,CP3_after_update_bottom,   1,    0.0000000000E+00,    1.4798172180E+02,    1.4798172180E+02,    0.0000000000E+00,    0.0000000000E+00,    0.0000000000E+00,    1.4798172180E+02
    125450,      0.676943,CP4_after_advection,   1,    0.0000000000E+00,    1.4798758359E+02,    1.4798758359E+02,    0.0000000000E+00,    0.0000000000E+00,    0.0000000000E+00,    1.4798758359E+02
    125450,      0.676943,CP5_after_vdif,   1,    0.0000000000E+00,    1.4798758359E+02,    1.4798758359E+02,    0.0000000000E+00,    0.0000000000E+00,    0.0000000000E+00,    1.4798758359E+02
    125450,      0.676943,CP6_after_kinetics,   1,    0.0000000000E+00,    1.4798758359E+02,    1.4798758359E+02,    0.0000000000E+00,    0.0000000000E+00,    0.0000000000E+00,    1.4798758359E+02
    125450,      0.676943,CP7_after_upper_clamp,   1,    0.0000000000E+00,    1.4798758359E+02,    1.4798758359E+02,    0.0000000000E+00,    0.0000000000E+00,    0.0000000000E+00,    1.4798758359E+02
    125450,      0.676943,CP8_after_OBC,   1,    0.0000000000E+00,    1.4798758359E+02,    1.4798758359E+02,    0.0000000000E+00,    0.0000000000E+00,    0.0000000000E+00,    1.4798758359E+02
    125450,      0.676943,CP9_after_PTsource,   1,    0.0000000000E+00,    1.4798758359E+02,    1.4798758359E+02,    0.0000000000E+00,    0.0000000000E+00,    0.0000000000E+00,    1.4798758359E+02
    125450,      0.676943,CP10_after_neg_clamp,   1,    0.0000000000E+00,    1.4798758359E+02,    1.4798758359E+02,    0.0000000000E+00,    0.0000000000E+00,    0.0000000000E+00,    1.4798758359E+02
    125450,      0.676943,CP11_after_MPI,   1,    0.0000000000E+00,    1.4798758359E+02,    1.4798758359E+02,    0.0000000000E+00,    0.0000000000E+00,    0.0000000000E+00,    1.4798758359E+02
    125450,      0.676943,CP12_end,   1,    0.0000000000E+00,    1.4798758359E+02,    1.4798758359E+02,    0.0000000000E+00,    0.0000000000E+00,    0.0000000000E+00,    1.4798758359E+02
    125500,      0.676943,CP0_start,   1,    0.0000000000E+00,    1.4808821165E+02,    1.4808821165E+02,    0.0000000000E+00,    0.0000000000E+00,    0.0000000000E+00,    1.4808821165E+02
    125500,      0.676943,CP1_after_deposition,   1,    0.0000000000E+00,    1.4808821165E+02,    1.4808821165E+02,    0.0000000000E+00,    0.0000000000E+00,    0.0000000000E+00,    1.4808821165E+02
    125500,      0.676943,CP2_after_erosion,   1,    0.0000000000E+00,    1.4808821165E+02,    1.4808821165E+02,    0.0000000000E+00,    0.0000000000E+00,    0.0000000000E+00,    1.4808821165E+02
    125500,      0.676943,CP3_after_update_bottom,   1,    0.0000000000E+00,    1.4808821165E+02,    1.4808821165E+02,    0.0000000000E+00,    0.0000000000E+00,    0.0000000000E+00,    1.4808821165E+02
    125500,      0.676943,CP4_after_advection,   1,    0.0000000000E+00,    1.4809406203E+02,    1.4809406203E+02,    0.0000000000E+00,    0.0000000000E+00,    0.0000000000E+00,    1.4809406203E+02
    125500,      0.676943,CP5_after_vdif,   1,    0.0000000000E+00,    1.4809406203E+02,    1.4809406203E+02,    0.0000000000E+00,    0.0000000000E+00,    0.0000000000E+00,    1.4809406203E+02
    125500,      0.676943,CP6_after_kinetics,   1,    0.0000000000E+00,    1.4809406203E+02,    1.4809406203E+02,    0.0000000000E+00,    0.0000000000E+00,    0.0000000000E+00,    1.4809406203E+02
    125500,      0.676943,CP7_after_upper_clamp,   1,    0.0000000000E+00,    1.4809406203E+02,    1.4809406203E+02,    0.0000000000E+00,    0.0000000000E+00,    0.0000000000E+00,    1.4809406203E+02
    125500,      0.676943,CP8_after_OBC,   1,    0.0000000000E+00,    1.4809406203E+02,    1.4809406203E+02,    0.0000000000E+00,    0.0000000000E+00,    0.0000000000E+00,    1.4809406203E+02
    125500,      0.676943,CP9_after_PTsource,   1,    0.0000000000E+00,    1.4809406203E+02,    1.4809406203E+02,    0.0000000000E+00,    0.0000000000E+00,    0.0000000000E+00,    1.4809406203E+02
    125500,      0.676943,CP10_after_neg_clamp,   1,    0.0000000000E+00,    1.4809406203E+02,    1.4809406203E+02,    0.0000000000E+00,    0.0000000000E+00,    0.0000000000E+00,    1.4809406203E+02
    125500,      0.676943,CP11_after_MPI,   1,    0.0000000000E+00,    1.4809406203E+02,    1.4809406203E+02,    0.0000000000E+00,    0.0000000000E+00,    0.0000000000E+00,    1.4809406203E+02
    125500,      0.676943,CP12_end,   1,    0.0000000000E+00,    1.4809406203E+02,    1.4809406203E+02,    0.0000000000E+00,    0.0000000000E+00,    0.0000000000E+00,    1.4809406203E+02
    125550,      0.676943,CP0_start,   1,    0.0000000000E+00,    1.4819477337E+02,    1.4819477337E+02,    0.0000000000E+00,    0.0000000000E+00,    0.0000000000E+00,    1.4819477337E+02
    125550,      0.676943,CP1_after_deposition,   1,    0.0000000000E+00,    1.4819477337E+02,    1.4819477337E+02,    0.0000000000E+00,    0.0000000000E+00,    0.0000000000E+00,    1.4819477337E+02
    125550,      0.676943,CP2_after_erosion,   1,    0.0000000000E+00,    1.4819477337E+02,    1.4819477337E+02,    0.0000000000E+00,    0.0000000000E+00,    0.0000000000E+00,    1.4819477337E+02
    125550,      0.676943,CP3_after_update_bottom,   1,    0.0000000000E+00,    1.4819477337E+02,    1.4819477337E+02,    0.0000000000E+00,    0.0000000000E+00,    0.0000000000E+00,    1.4819477337E+02
    125550,      0.676943,CP4_after_advection,   1,    0.0000000000E+00,    1.4820061149E+02,    1.4820061149E+02,    0.0000000000E+00,    0.0000000000E+00,    0.0000000000E+00,    1.4820061149E+02
    125550,      0.676943,CP5_after_vdif,   1,    0.0000000000E+00,    1.4820061149E+02,    1.4820061149E+02,    0.0000000000E+00,    0.0000000000E+00,    0.0000000000E+00,    1.4820061149E+02
    125550,      0.676943,CP6_after_kinetics,   1,    0.0000000000E+00,    1.4820061149E+02,    1.4820061149E+02,    0.0000000000E+00,    0.0000000000E+00,    0.0000000000E+00,    1.4820061149E+02
    125550,      0.676943,CP7_after_upper_clamp,   1,    0.0000000000E+00,    1.4820061149E+02,    1.4820061149E+02,    0.0000000000E+00,    0.0000000000E+00,    0.0000000000E+00,    1.4820061149E+02
    125550,      0.676943,CP8_after_OBC,   1,    0.0000000000E+00,    1.4820061149E+02,    1.4820061149E+02,    0.0000000000E+00,    0.0000000000E+00,    0.0000000000E+00,    1.4820061149E+02
    125550,      0.676943,CP9_after_PTsource,   1,    0.0000000000E+00,    1.4820061149E+02,    1.4820061149E+02,    0.0000000000E+00,    0.0000000000E+00,    0.0000000000E+00,    1.4820061149E+02
    125550,      0.676943,CP10_after_neg_clamp,   1,    0.0000000000E+00,    1.4820061149E+02,    1.4820061149E+02,    0.0000000000E+00,    0.0000000000E+00,    0.0000000000E+00,    1.4820061149E+02
    125550,      0.676943,CP11_after_MPI,   1,    0.0000000000E+00,    1.4820061149E+02,    1.4820061149E+02,    0.0000000000E+00,    0.0000000000E+00,    0.0000000000E+00,    1.4820061149E+02
    125550,      0.676943,CP12_end,   1,    0.0000000000E+00,    1.4820061149E+02,    1.4820061149E+02,    0.0000000000E+00,    0.0000000000E+00,    0.0000000000E+00,    1.4820061149E+02
    125600,      0.676943,CP0_start,   1,    0.0000000000E+00,    1.4830139840E+02,    1.4830139840E+02,    0.0000000000E+00,    0.0000000000E+00,    0.0000000000E+00,    1.4830139840E+02
    125600,      0.676943,CP1_after_deposition,   1,    0.0000000000E+00,    1.4830139840E+02,    1.4830139840E+02,    0.0000000000E+00,    0.0000000000E+00,    0.0000000000E+00,    1.4830139840E+02
    125600,      0.676943,CP2_after_erosion,   1,    0.0000000000E+00,    1.4830139840E+02,    1.4830139840E+02,    0.0000000000E+00,    0.0000000000E+00,    0.0000000000E+00,    1.4830139840E+02
    125600,      0.676943,CP3_after_update_bottom,   1,    0.0000000000E+00,    1.4830139840E+02,    1.4830139840E+02,    0.0000000000E+00,    0.0000000000E+00,    0.0000000000E+00,    1.4830139840E+02
    125600,      0.676943,CP4_after_advection,   1,    0.0000000000E+00,    1.4830721688E+02,    1.4830721688E+02,    0.0000000000E+00,    0.0000000000E+00,    0.0000000000E+00,    1.4830721688E+02
    125600,      0.676943,CP5_after_vdif,   1,    0.0000000000E+00,    1.4830721688E+02,    1.4830721688E+02,    0.0000000000E+00,    0.0000000000E+00,    0.0000000000E+00,    1.4830721688E+02
    125600,      0.676943,CP6_after_kinetics,   1,    0.0000000000E+00,    1.4830721688E+02,    1.4830721688E+02,    0.0000000000E+00,    0.0000000000E+00,    0.0000000000E+00,    1.4830721688E+02
    125600,      0.676943,CP7_after_upper_clamp,   1,    0.0000000000E+00,    1.4830721688E+02,    1.4830721688E+02,    0.0000000000E+00,    0.0000000000E+00,    0.0000000000E+00,    1.4830721688E+02
    125600,      0.676943,CP8_after_OBC,   1,    0.0000000000E+00,    1.4830721688E+02,    1.4830721688E+02,    0.0000000000E+00,    0.0000000000E+00,    0.0000000000E+00,    1.4830721688E+02
    125600,      0.676943,CP9_after_PTsource,   1,    0.0000000000E+00,    1.4830721688E+02,    1.4830721688E+02,    0.0000000000E+00,    0.0000000000E+00,    0.0000000000E+00,    1.4830721688E+02
    125600,      0.676943,CP10_after_neg_clamp,   1,    0.0000000000E+00,    1.4830721688E+02,    1.4830721688E+02,    0.0000000000E+00,    0.0000000000E+00,    0.0000000000E+00,    1.4830721688E+02
    125600,      0.676943,CP11_after_MPI,   1,    0.0000000000E+00,    1.4830721688E+02,    1.4830721688E+02,    0.0000000000E+00,    0.0000000000E+00,    0.0000000000E+00,    1.4830721688E+02
    125600,      0.676943,CP12_end,   1,    0.0000000000E+00,    1.4830721688E+02,    1.4830721688E+02,    0.0000000000E+00,    0.0000000000E+00,    0.0000000000E+00,    1.4830721688E+02
    125650,      0.676943,CP0_start,   1,    0.0000000000E+00,    1.4840801491E+02,    1.4840801491E+02,    0.0000000000E+00,    0.0000000000E+00,    0.0000000000E+00,    1.4840801491E+02
    125650,      0.676943,CP1_after_deposition,   1,    0.0000000000E+00,    1.4840801491E+02,    1.4840801491E+02,    0.0000000000E+00,    0.0000000000E+00,    0.0000000000E+00,    1.4840801491E+02
    125650,      0.676943,CP2_after_erosion,   1,    0.0000000000E+00,    1.4840801491E+02,    1.4840801491E+02,    0.0000000000E+00,    0.0000000000E+00,    0.0000000000E+00,    1.4840801491E+02
    125650,      0.676943,CP3_after_update_bottom,   1,    0.0000000000E+00,    1.4840801491E+02,    1.4840801491E+02,    0.0000000000E+00,    0.0000000000E+00,    0.0000000000E+00,    1.4840801491E+02
    125650,      0.676943,CP4_after_advection,   1,    0.0000000000E+00,    1.4841381867E+02,    1.4841381867E+02,    0.0000000000E+00,    0.0000000000E+00,    0.0000000000E+00,    1.4841381867E+02
    125650,      0.676943,CP5_after_vdif,   1,    0.0000000000E+00,    1.4841381867E+02,    1.4841381867E+02,    0.0000000000E+00,    0.0000000000E+00,    0.0000000000E+00,    1.4841381867E+02
    125650,      0.676943,CP6_after_kinetics,   1,    0.0000000000E+00,    1.4841381867E+02,    1.4841381867E+02,    0.0000000000E+00,    0.0000000000E+00,    0.0000000000E+00,    1.4841381867E+02
    125650,      0.676943,CP7_after_upper_clamp,   1,    0.0000000000E+00,    1.4841381867E+02,    1.4841381867E+02,    0.0000000000E+00,    0.0000000000E+00,    0.0000000000E+00,    1.4841381867E+02
    125650,      0.676943,CP8_after_OBC,   1,    0.0000000000E+00,    1.4841381867E+02,    1.4841381867E+02,    0.0000000000E+00,    0.0000000000E+00,    0.0000000000E+00,    1.4841381867E+02
    125650,      0.676943,CP9_after_PTsource,   1,    0.0000000000E+00,    1.4841381867E+02,    1.4841381867E+02,    0.0000000000E+00,    0.0000000000E+00,    0.0000000000E+00,    1.4841381867E+02
    125650,      0.676943,CP10_after_neg_clamp,   1,    0.0000000000E+00,    1.4841381867E+02,    1.4841381867E+02,    0.0000000000E+00,    0.0000000000E+00,    0.0000000000E+00,    1.4841381867E+02
    125650,      0.676943,CP11_after_MPI,   1,    0.0000000000E+00,    1.4841381867E+02,    1.4841381867E+02,    0.0000000000E+00,    0.0000000000E+00,    0.0000000000E+00,    1.4841381867E+02
    125650,      0.676943,CP12_end,   1,    0.0000000000E+00,    1.4841381867E+02,    1.4841381867E+02,    0.0000000000E+00,    0.0000000000E+00,    0.0000000000E+00,    1.4841381867E+02
    125700,      0.676943,CP0_start,   1,    0.0000000000E+00,    1.4851465495E+02,    1.4851465495E+02,    0.0000000000E+00,    0.0000000000E+00,    0.0000000000E+00,    1.4851465495E+02
    125700,      0.676943,CP1_after_deposition,   1,    0.0000000000E+00,    1.4851465495E+02,    1.4851465495E+02,    0.0000000000E+00,    0.0000000000E+00,    0.0000000000E+00,    1.4851465495E+02
    125700,      0.676943,CP2_after_erosion,   1,    0.0000000000E+00,    1.4851465495E+02,    1.4851465495E+02,    0.0000000000E+00,    0.0000000000E+00,    0.0000000000E+00,    1.4851465495E+02
    125700,      0.676943,CP3_after_update_bottom,   1,    0.0000000000E+00,    1.4851465495E+02,    1.4851465495E+02,    0.0000000000E+00,    0.0000000000E+00,    0.0000000000E+00,    1.4851465495E+02
    125700,      0.676943,CP4_after_advection,   1,    0.0000000000E+00,    1.4852044719E+02,    1.4852044719E+02,    0.0000000000E+00,    0.0000000000E+00,    0.0000000000E+00,    1.4852044719E+02
    125700,      0.676943,CP5_after_vdif,   1,    0.0000000000E+00,    1.4852044719E+02,    1.4852044719E+02,    0.0000000000E+00,    0.0000000000E+00,    0.0000000000E+00,    1.4852044719E+02
    125700,      0.676943,CP6_after_kinetics,   1,    0.0000000000E+00,    1.4852044719E+02,    1.4852044719E+02,    0.0000000000E+00,    0.0000000000E+00,    0.0000000000E+00,    1.4852044719E+02
    125700,      0.676943,CP7_after_upper_clamp,   1,    0.0000000000E+00,    1.4852044719E+02,    1.4852044719E+02,    0.0000000000E+00,    0.0000000000E+00,    0.0000000000E+00,    1.4852044719E+02
    125700,      0.676943,CP8_after_OBC,   1,    0.0000000000E+00,    1.4852044719E+02,    1.4852044719E+02,    0.0000000000E+00,    0.0000000000E+00,    0.0000000000E+00,    1.4852044719E+02
    125700,      0.676943,CP9_after_PTsource,   1,    0.0000000000E+00,    1.4852044719E+02,    1.4852044719E+02,    0.0000000000E+00,    0.0000000000E+00,    0.0000000000E+00,    1.4852044719E+02
    125700,      0.676943,CP10_after_neg_clamp,   1,    0.0000000000E+00,    1.4852044719E+02,    1.4852044719E+02,    0.0000000000E+00,    0.0000000000E+00,    0.0000000000E+00,    1.4852044719E+02
    125700,      0.676943,CP11_after_MPI,   1,    0.0000000000E+00,    1.4852044719E+02,    1.4852044719E+02,    0.0000000000E+00,    0.0000000000E+00,    0.0000000000E+00,    1.4852044719E+02
    125700,      0.676943,CP12_end,   1,    0.0000000000E+00,    1.4852044719E+02,    1.4852044719E+02,    0.0000000000E+00,    0.0000000000E+00,    0.0000000000E+00,    1.4852044719E+02
    125750,      0.676943,CP0_start,   1,    0.0000000000E+00,    1.4862129547E+02,    1.4862129547E+02,    0.0000000000E+00,    0.0000000000E+00,    0.0000000000E+00,    1.4862129547E+02
    125750,      0.676943,CP1_after_deposition,   1,    0.0000000000E+00,    1.4862129547E+02,    1.4862129547E+02,    0.0000000000E+00,    0.0000000000E+00,    0.0000000000E+00,    1.4862129547E+02
    125750,      0.676943,CP2_after_erosion,   1,    0.0000000000E+00,    1.4862129547E+02,    1.4862129547E+02,    0.0000000000E+00,    0.0000000000E+00,    0.0000000000E+00,    1.4862129547E+02
    125750,      0.676943,CP3_after_update_bottom,   1,    0.0000000000E+00,    1.4862129547E+02,    1.4862129547E+02,    0.0000000000E+00,    0.0000000000E+00,    0.0000000000E+00,    1.4862129547E+02
    125750,      0.676943,CP4_after_advection,   1,    0.0000000000E+00,    1.4862706042E+02,    1.4862706042E+02,    0.0000000000E+00,    0.0000000000E+00,    0.0000000000E+00,    1.4862706042E+02
    125750,      0.676943,CP5_after_vdif,   1,    0.0000000000E+00,    1.4862706042E+02,    1.4862706042E+02,    0.0000000000E+00,    0.0000000000E+00,    0.0000000000E+00,    1.4862706042E+02
    125750,      0.676943,CP6_after_kinetics,   1,    0.0000000000E+00,    1.4862706042E+02,    1.4862706042E+02,    0.0000000000E+00,    0.0000000000E+00,    0.0000000000E+00,    1.4862706042E+02
    125750,      0.676943,CP7_after_upper_clamp,   1,    0.0000000000E+00,    1.4862706042E+02,    1.4862706042E+02,    0.0000000000E+00,    0.0000000000E+00,    0.0000000000E+00,    1.4862706042E+02
    125750,      0.676943,CP8_after_OBC,   1,    0.0000000000E+00,    1.4862706042E+02,    1.4862706042E+02,    0.0000000000E+00,    0.0000000000E+00,    0.0000000000E+00,    1.4862706042E+02
    125750,      0.676943,CP9_after_PTsource,   1,    0.0000000000E+00,    1.4862706042E+02,    1.4862706042E+02,    0.0000000000E+00,    0.0000000000E+00,    0.0000000000E+00,    1.4862706042E+02
    125750,      0.676943,CP10_after_neg_clamp,   1,    0.0000000000E+00,    1.4862706042E+02,    1.4862706042E+02,    0.0000000000E+00,    0.0000000000E+00,    0.0000000000E+00,    1.4862706042E+02
    125750,      0.676943,CP11_after_MPI,   1,    0.0000000000E+00,    1.4862706042E+02,    1.4862706042E+02,    0.0000000000E+00,    0.0000000000E+00,    0.0000000000E+00,    1.4862706042E+02
    125750,      0.676943,CP12_end,   1,    0.0000000000E+00,    1.4862706042E+02,    1.4862706042E+02,    0.0000000000E+00,    0.0000000000E+00,    0.0000000000E+00,    1.4862706042E+02
    125800,      0.676943,CP0_start,   1,    0.0000000000E+00,    1.4872782356E+02,    1.4872782356E+02,    0.0000000000E+00,    0.0000000000E+00,    0.0000000000E+00,    1.4872782356E+02
    125800,      0.676943,CP1_after_deposition,   1,    0.0000000000E+00,    1.4872782356E+02,    1.4872782356E+02,    0.0000000000E+00,    0.0000000000E+00,    0.0000000000E+00,    1.4872782356E+02
    125800,      0.676943,CP2_after_erosion,   1,    0.0000000000E+00,    1.4872782356E+02,    1.4872782356E+02,    0.0000000000E+00,    0.0000000000E+00,    0.0000000000E+00,    1.4872782356E+02
    125800,      0.676943,CP3_after_update_bottom,   1,    0.0000000000E+00,    1.4872782356E+02,    1.4872782356E+02,    0.0000000000E+00,    0.0000000000E+00,    0.0000000000E+00,    1.4872782356E+02
    125800,      0.676943,CP4_after_advection,   1,    0.0000000000E+00,    1.4873358558E+02,    1.4873358558E+02,    0.0000000000E+00,    0.0000000000E+00,    0.0000000000E+00,    1.4873358558E+02
    125800,      0.676943,CP5_after_vdif,   1,    0.0000000000E+00,    1.4873358558E+02,    1.4873358558E+02,    0.0000000000E+00,    0.0000000000E+00,    0.0000000000E+00,    1.4873358558E+02
    125800,      0.676943,CP6_after_kinetics,   1,    0.0000000000E+00,    1.4873358558E+02,    1.4873358558E+02,    0.0000000000E+00,    0.0000000000E+00,    0.0000000000E+00,    1.4873358558E+02
    125800,      0.676943,CP7_after_upper_clamp,   1,    0.0000000000E+00,    1.4873358558E+02,    1.4873358558E+02,    0.0000000000E+00,    0.0000000000E+00,    0.0000000000E+00,    1.4873358558E+02
    125800,      0.676943,CP8_after_OBC,   1,    0.0000000000E+00,    1.4873358558E+02,    1.4873358558E+02,    0.0000000000E+00,    0.0000000000E+00,    0.0000000000E+00,    1.4873358558E+02
    125800,      0.676943,CP9_after_PTsource,   1,    0.0000000000E+00,    1.4873358558E+02,    1.4873358558E+02,    0.0000000000E+00,    0.0000000000E+00,    0.0000000000E+00,    1.4873358558E+02
    125800,      0.676943,CP10_after_neg_clamp,   1,    0.0000000000E+00,    1.4873358558E+02,    1.4873358558E+02,    0.0000000000E+00,    0.0000000000E+00,    0.0000000000E+00,    1.4873358558E+02
    125800,      0.676943,CP11_after_MPI,   1,    0.0000000000E+00,    1.4873358558E+02,    1.4873358558E+02,    0.0000000000E+00,    0.0000000000E+00,    0.0000000000E+00,    1.4873358558E+02
    125800,      0.676943,CP12_end,   1,    0.0000000000E+00,    1.4873358558E+02,    1.4873358558E+02,    0.0000000000E+00,    0.0000000000E+00,    0.0000000000E+00,    1.4873358558E+02
    125850,      0.676943,CP0_start,   1,    0.0000000000E+00,    1.4883429638E+02,    1.4883429638E+02,    0.0000000000E+00,    0.0000000000E+00,    0.0000000000E+00,    1.4883429638E+02
    125850,      0.676943,CP1_after_deposition,   1,    0.0000000000E+00,    1.4883429638E+02,    1.4883429638E+02,    0.0000000000E+00,    0.0000000000E+00,    0.0000000000E+00,    1.4883429638E+02
    125850,      0.676943,CP2_after_erosion,   1,    0.0000000000E+00,    1.4883429638E+02,    1.4883429638E+02,    0.0000000000E+00,    0.0000000000E+00,    0.0000000000E+00,    1.4883429638E+02
    125850,      0.676943,CP3_after_update_bottom,   1,    0.0000000000E+00,    1.4883429638E+02,    1.4883429638E+02,    0.0000000000E+00,    0.0000000000E+00,    0.0000000000E+00,    1.4883429638E+02
    125850,      0.676943,CP4_after_advection,   1,    0.0000000000E+00,    1.4884003385E+02,    1.4884003385E+02,    0.0000000000E+00,    0.0000000000E+00,    0.0000000000E+00,    1.4884003385E+02
    125850,      0.676943,CP5_after_vdif,   1,    0.0000000000E+00,    1.4884003385E+02,    1.4884003385E+02,    0.0000000000E+00,    0.0000000000E+00,    0.0000000000E+00,    1.4884003385E+02
    125850,      0.676943,CP6_after_kinetics,   1,    0.0000000000E+00,    1.4884003385E+02,    1.4884003385E+02,    0.0000000000E+00,    0.0000000000E+00,    0.0000000000E+00,    1.4884003385E+02
    125850,      0.676943,CP7_after_upper_clamp,   1,    0.0000000000E+00,    1.4884003385E+02,    1.4884003385E+02,    0.0000000000E+00,    0.0000000000E+00,    0.0000000000E+00,    1.4884003385E+02
    125850,      0.676943,CP8_after_OBC,   1,    0.0000000000E+00,    1.4884003385E+02,    1.4884003385E+02,    0.0000000000E+00,    0.0000000000E+00,    0.0000000000E+00,    1.4884003385E+02
    125850,      0.676943,CP9_after_PTsource,   1,    0.0000000000E+00,    1.4884003385E+02,    1.4884003385E+02,    0.0000000000E+00,    0.0000000000E+00,    0.0000000000E+00,    1.4884003385E+02
    125850,      0.676943,CP10_after_neg_clamp,   1,    0.0000000000E+00,    1.4884003385E+02,    1.4884003385E+02,    0.0000000000E+00,    0.0000000000E+00,    0.0000000000E+00,    1.4884003385E+02
    125850,      0.676943,CP11_after_MPI,   1,    0.0000000000E+00,    1.4884003385E+02,    1.4884003385E+02,    0.0000000000E+00,    0.0000000000E+00,    0.0000000000E+00,    1.4884003385E+02
    125850,      0.676943,CP12_end,   1,    0.0000000000E+00,    1.4884003385E+02,    1.4884003385E+02,    0.0000000000E+00,    0.0000000000E+00,    0.0000000000E+00,    1.4884003385E+02
    125900,      0.676943,CP0_start,   1,    0.0000000000E+00,    1.4894069927E+02,    1.4894069927E+02,    0.0000000000E+00,    0.0000000000E+00,    0.0000000000E+00,    1.4894069927E+02
    125900,      0.676943,CP1_after_deposition,   1,    0.0000000000E+00,    1.4894069927E+02,    1.4894069927E+02,    0.0000000000E+00,    0.0000000000E+00,    0.0000000000E+00,    1.4894069927E+02
    125900,      0.676943,CP2_after_erosion,   1,    0.0000000000E+00,    1.4894069927E+02,    1.4894069927E+02,    0.0000000000E+00,    0.0000000000E+00,    0.0000000000E+00,    1.4894069927E+02
    125900,      0.676943,CP3_after_update_bottom,   1,    0.0000000000E+00,    1.4894069927E+02,    1.4894069927E+02,    0.0000000000E+00,    0.0000000000E+00,    0.0000000000E+00,    1.4894069927E+02
    125900,      0.676943,CP4_after_advection,   1,    0.0000000000E+00,    1.4894641640E+02,    1.4894641640E+02,    0.0000000000E+00,    0.0000000000E+00,    0.0000000000E+00,    1.4894641640E+02
    125900,      0.676943,CP5_after_vdif,   1,    0.0000000000E+00,    1.4894641640E+02,    1.4894641640E+02,    0.0000000000E+00,    0.0000000000E+00,    0.0000000000E+00,    1.4894641640E+02
    125900,      0.676943,CP6_after_kinetics,   1,    0.0000000000E+00,    1.4894641640E+02,    1.4894641640E+02,    0.0000000000E+00,    0.0000000000E+00,    0.0000000000E+00,    1.4894641640E+02
    125900,      0.676943,CP7_after_upper_clamp,   1,    0.0000000000E+00,    1.4894641640E+02,    1.4894641640E+02,    0.0000000000E+00,    0.0000000000E+00,    0.0000000000E+00,    1.4894641640E+02
    125900,      0.676943,CP8_after_OBC,   1,    0.0000000000E+00,    1.4894641640E+02,    1.4894641640E+02,    0.0000000000E+00,    0.0000000000E+00,    0.0000000000E+00,    1.4894641640E+02
    125900,      0.676943,CP9_after_PTsource,   1,    0.0000000000E+00,    1.4894641640E+02,    1.4894641640E+02,    0.0000000000E+00,    0.0000000000E+00,    0.0000000000E+00,    1.4894641640E+02
    125900,      0.676943,CP10_after_neg_clamp,   1,    0.0000000000E+00,    1.4894641640E+02,    1.4894641640E+02,    0.0000000000E+00,    0.0000000000E+00,    0.0000000000E+00,    1.4894641640E+02
    125900,      0.676943,CP11_after_MPI,   1,    0.0000000000E+00,    1.4894641640E+02,    1.4894641640E+02,    0.0000000000E+00,    0.0000000000E+00,    0.0000000000E+00,    1.4894641640E+02
    125900,      0.676943,CP12_end,   1,    0.0000000000E+00,    1.4894641640E+02,    1.4894641640E+02,    0.0000000000E+00,    0.0000000000E+00,    0.0000000000E+00,    1.4894641640E+02
    125950,      0.676943,CP0_start,   1,    0.0000000000E+00,    1.4904696153E+02,    1.4904696153E+02,    0.0000000000E+00,    0.0000000000E+00,    0.0000000000E+00,    1.4904696153E+02
    125950,      0.676943,CP1_after_deposition,   1,    0.0000000000E+00,    1.4904696153E+02,    1.4904696153E+02,    0.0000000000E+00,    0.0000000000E+00,    0.0000000000E+00,    1.4904696153E+02
    125950,      0.676943,CP2_after_erosion,   1,    0.0000000000E+00,    1.4904696153E+02,    1.4904696153E+02,    0.0000000000E+00,    0.0000000000E+00,    0.0000000000E+00,    1.4904696153E+02
    125950,      0.676943,CP3_after_update_bottom,   1,    0.0000000000E+00,    1.4904696153E+02,    1.4904696153E+02,    0.0000000000E+00,    0.0000000000E+00,    0.0000000000E+00,    1.4904696153E+02
    125950,      0.676943,CP4_after_advection,   1,    0.0000000000E+00,    1.4905266439E+02,    1.4905266439E+02,    0.0000000000E+00,    0.0000000000E+00,    0.0000000000E+00,    1.4905266439E+02
    125950,      0.676943,CP5_after_vdif,   1,    0.0000000000E+00,    1.4905266439E+02,    1.4905266439E+02,    0.0000000000E+00,    0.0000000000E+00,    0.0000000000E+00,    1.4905266439E+02
    125950,      0.676943,CP6_after_kinetics,   1,    0.0000000000E+00,    1.4905266439E+02,    1.4905266439E+02,    0.0000000000E+00,    0.0000000000E+00,    0.0000000000E+00,    1.4905266439E+02
    125950,      0.676943,CP7_after_upper_clamp,   1,    0.0000000000E+00,    1.4905266439E+02,    1.4905266439E+02,    0.0000000000E+00,    0.0000000000E+00,    0.0000000000E+00,    1.4905266439E+02
    125950,      0.676943,CP8_after_OBC,   1,    0.0000000000E+00,    1.4905266439E+02,    1.4905266439E+02,    0.0000000000E+00,    0.0000000000E+00,    0.0000000000E+00,    1.4905266439E+02
    125950,      0.676943,CP9_after_PTsource,   1,    0.0000000000E+00,    1.4905266439E+02,    1.4905266439E+02,    0.0000000000E+00,    0.0000000000E+00,    0.0000000000E+00,    1.4905266439E+02
    125950,      0.676943,CP10_after_neg_clamp,   1,    0.0000000000E+00,    1.4905266439E+02,    1.4905266439E+02,    0.0000000000E+00,    0.0000000000E+00,    0.0000000000E+00,    1.4905266439E+02
    125950,      0.676943,CP11_after_MPI,   1,    0.0000000000E+00,    1.4905266439E+02,    1.4905266439E+02,    0.0000000000E+00,    0.0000000000E+00,    0.0000000000E+00,    1.4905266439E+02
    125950,      0.676943,CP12_end,   1,    0.0000000000E+00,    1.4905266439E+02,    1.4905266439E+02,    0.0000000000E+00,    0.0000000000E+00,    0.0000000000E+00,    1.4905266439E+02
    126000,      0.676943,CP0_start,   1,    0.0000000000E+00,    1.4915318162E+02,    1.4915318162E+02,    0.0000000000E+00,    0.0000000000E+00,    0.0000000000E+00,    1.4915318162E+02
    126000,      0.676943,CP1_after_deposition,   1,    0.0000000000E+00,    1.4915318162E+02,    1.4915318162E+02,    0.0000000000E+00,    0.0000000000E+00,    0.0000000000E+00,    1.4915318162E+02
    126000,      0.676943,CP2_after_erosion,   1,    0.0000000000E+00,    1.4915318162E+02,    1.4915318162E+02,    0.0000000000E+00,    0.0000000000E+00,    0.0000000000E+00,    1.4915318162E+02
    126000,      0.676943,CP3_after_update_bottom,   1,    0.0000000000E+00,    1.4915318162E+02,    1.4915318162E+02,    0.0000000000E+00,    0.0000000000E+00,    0.0000000000E+00,    1.4915318162E+02
    126000,      0.676943,CP4_after_advection,   1,    0.0000000000E+00,    1.4915885852E+02,    1.4915885852E+02,    0.0000000000E+00,    0.0000000000E+00,    0.0000000000E+00,    1.4915885852E+02
    126000,      0.676943,CP5_after_vdif,   1,    0.0000000000E+00,    1.4915885852E+02,    1.4915885852E+02,    0.0000000000E+00,    0.0000000000E+00,    0.0000000000E+00,    1.4915885852E+02
    126000,      0.676943,CP6_after_kinetics,   1,    0.0000000000E+00,    1.4915885852E+02,    1.4915885852E+02,    0.0000000000E+00,    0.0000000000E+00,    0.0000000000E+00,    1.4915885852E+02
    126000,      0.676943,CP7_after_upper_clamp,   1,    0.0000000000E+00,    1.4915885852E+02,    1.4915885852E+02,    0.0000000000E+00,    0.0000000000E+00,    0.0000000000E+00,    1.4915885852E+02
    126000,      0.676943,CP8_after_OBC,   1,    0.0000000000E+00,    1.4915885852E+02,    1.4915885852E+02,    0.0000000000E+00,    0.0000000000E+00,    0.0000000000E+00,    1.4915885852E+02
    126000,      0.676943,CP9_after_PTsource,   1,    0.0000000000E+00,    1.4915885852E+02,    1.4915885852E+02,    0.0000000000E+00,    0.0000000000E+00,    0.0000000000E+00,    1.4915885852E+02
    126000,      0.676943,CP10_after_neg_clamp,   1,    0.0000000000E+00,    1.4915885852E+02,    1.4915885852E+02,    0.0000000000E+00,    0.0000000000E+00,    0.0000000000E+00,    1.4915885852E+02
    126000,      0.676943,CP11_after_MPI,   1,    0.0000000000E+00,    1.4915885852E+02,    1.4915885852E+02,    0.0000000000E+00,    0.0000000000E+00,    0.0000000000E+00,    1.4915885852E+02
    126000,      0.676943,CP12_end,   1,    0.0000000000E+00,    1.4915885852E+02,    1.4915885852E+02,    0.0000000000E+00,    0.0000000000E+00,    0.0000000000E+00,    1.4915885852E+02
    126050,      0.676943,CP0_start,   1,    0.0000000000E+00,    1.4925921992E+02,    1.4925921992E+02,    0.0000000000E+00,    0.0000000000E+00,    0.0000000000E+00,    1.4925921992E+02
    126050,      0.676943,CP1_after_deposition,   1,    0.0000000000E+00,    1.4925921992E+02,    1.4925921992E+02,    0.0000000000E+00,    0.0000000000E+00,    0.0000000000E+00,    1.4925921992E+02
    126050,      0.676943,CP2_after_erosion,   1,    0.0000000000E+00,    1.4925921992E+02,    1.4925921992E+02,    0.0000000000E+00,    0.0000000000E+00,    0.0000000000E+00,    1.4925921992E+02
    126050,      0.676943,CP3_after_update_bottom,   1,    0.0000000000E+00,    1.4925921992E+02,    1.4925921992E+02,    0.0000000000E+00,    0.0000000000E+00,    0.0000000000E+00,    1.4925921992E+02
    126050,      0.676943,CP4_after_advection,   1,    0.0000000000E+00,    1.4926487795E+02,    1.4926487795E+02,    0.0000000000E+00,    0.0000000000E+00,    0.0000000000E+00,    1.4926487795E+02
    126050,      0.676943,CP5_after_vdif,   1,    0.0000000000E+00,    1.4926487795E+02,    1.4926487795E+02,    0.0000000000E+00,    0.0000000000E+00,    0.0000000000E+00,    1.4926487795E+02
    126050,      0.676943,CP6_after_kinetics,   1,    0.0000000000E+00,    1.4926487795E+02,    1.4926487795E+02,    0.0000000000E+00,    0.0000000000E+00,    0.0000000000E+00,    1.4926487795E+02
    126050,      0.676943,CP7_after_upper_clamp,   1,    0.0000000000E+00,    1.4926487795E+02,    1.4926487795E+02,    0.0000000000E+00,    0.0000000000E+00,    0.0000000000E+00,    1.4926487795E+02
    126050,      0.676943,CP8_after_OBC,   1,    0.0000000000E+00,    1.4926487795E+02,    1.4926487795E+02,    0.0000000000E+00,    0.0000000000E+00,    0.0000000000E+00,    1.4926487795E+02
    126050,      0.676943,CP9_after_PTsource,   1,    0.0000000000E+00,    1.4926487795E+02,    1.4926487795E+02,    0.0000000000E+00,    0.0000000000E+00,    0.0000000000E+00,    1.4926487795E+02
    126050,      0.676943,CP10_after_neg_clamp,   1,    0.0000000000E+00,    1.4926487795E+02,    1.4926487795E+02,    0.0000000000E+00,    0.0000000000E+00,    0.0000000000E+00,    1.4926487795E+02
    126050,      0.676943,CP11_after_MPI,   1,    0.0000000000E+00,    1.4926487795E+02,    1.4926487795E+02,    0.0000000000E+00,    0.0000000000E+00,    0.0000000000E+00,    1.4926487795E+02
    126050,      0.676943,CP12_end,   1,    0.0000000000E+00,    1.4926487795E+02,    1.4926487795E+02,    0.0000000000E+00,    0.0000000000E+00,    0.0000000000E+00,    1.4926487795E+02
    126100,      0.676944,CP0_start,   1,    0.0000000000E+00,    1.4936505536E+02,    1.4936505536E+02,    0.0000000000E+00,    0.0000000000E+00,    0.0000000000E+00,    1.4936505536E+02
    126100,      0.676944,CP1_after_deposition,   1,    0.0000000000E+00,    1.4936505536E+02,    1.4936505536E+02,    0.0000000000E+00,    0.0000000000E+00,    0.0000000000E+00,    1.4936505536E+02
    126100,      0.676944,CP2_after_erosion,   1,    0.0000000000E+00,    1.4936505536E+02,    1.4936505536E+02,    0.0000000000E+00,    0.0000000000E+00,    0.0000000000E+00,    1.4936505536E+02
    126100,      0.676944,CP3_after_update_bottom,   1,    0.0000000000E+00,    1.4936505536E+02,    1.4936505536E+02,    0.0000000000E+00,    0.0000000000E+00,    0.0000000000E+00,    1.4936505536E+02
    126100,      0.676944,CP4_after_advection,   1,    0.0000000000E+00,    1.4937069277E+02,    1.4937069277E+02,    0.0000000000E+00,    0.0000000000E+00,    0.0000000000E+00,    1.4937069277E+02
    126100,      0.676944,CP5_after_vdif,   1,    0.0000000000E+00,    1.4937069277E+02,    1.4937069277E+02,    0.0000000000E+00,    0.0000000000E+00,    0.0000000000E+00,    1.4937069277E+02
    126100,      0.676944,CP6_after_kinetics,   1,    0.0000000000E+00,    1.4937069277E+02,    1.4937069277E+02,    0.0000000000E+00,    0.0000000000E+00,    0.0000000000E+00,    1.4937069277E+02
    126100,      0.676944,CP7_after_upper_clamp,   1,    0.0000000000E+00,    1.4937069277E+02,    1.4937069277E+02,    0.0000000000E+00,    0.0000000000E+00,    0.0000000000E+00,    1.4937069277E+02
    126100,      0.676944,CP8_after_OBC,   1,    0.0000000000E+00,    1.4937069277E+02,    1.4937069277E+02,    0.0000000000E+00,    0.0000000000E+00,    0.0000000000E+00,    1.4937069277E+02
    126100,      0.676944,CP9_after_PTsource,   1,    0.0000000000E+00,    1.4937069277E+02,    1.4937069277E+02,    0.0000000000E+00,    0.0000000000E+00,    0.0000000000E+00,    1.4937069277E+02
    126100,      0.676944,CP10_after_neg_clamp,   1,    0.0000000000E+00,    1.4937069277E+02,    1.4937069277E+02,    0.0000000000E+00,    0.0000000000E+00,    0.0000000000E+00,    1.4937069277E+02
    126100,      0.676944,CP11_after_MPI,   1,    0.0000000000E+00,    1.4937069277E+02,    1.4937069277E+02,    0.0000000000E+00,    0.0000000000E+00,    0.0000000000E+00,    1.4937069277E+02
    126100,      0.676944,CP12_end,   1,    0.0000000000E+00,    1.4937069277E+02,    1.4937069277E+02,    0.0000000000E+00,    0.0000000000E+00,    0.0000000000E+00,    1.4937069277E+02
    126150,      0.676944,CP0_start,   1,    0.0000000000E+00,    1.4947070326E+02,    1.4947070326E+02,    0.0000000000E+00,    0.0000000000E+00,    0.0000000000E+00,    1.4947070326E+02
    126150,      0.676944,CP1_after_deposition,   1,    0.0000000000E+00,    1.4947070326E+02,    1.4947070326E+02,    0.0000000000E+00,    0.0000000000E+00,    0.0000000000E+00,    1.4947070326E+02
    126150,      0.676944,CP2_after_erosion,   1,    0.0000000000E+00,    1.4947070326E+02,    1.4947070326E+02,    0.0000000000E+00,    0.0000000000E+00,    0.0000000000E+00,    1.4947070326E+02
    126150,      0.676944,CP3_after_update_bottom,   1,    0.0000000000E+00,    1.4947070326E+02,    1.4947070326E+02,    0.0000000000E+00,    0.0000000000E+00,    0.0000000000E+00,    1.4947070326E+02
    126150,      0.676944,CP4_after_advection,   1,    0.0000000000E+00,    1.4947632367E+02,    1.4947632367E+02,    0.0000000000E+00,    0.0000000000E+00,    0.0000000000E+00,    1.4947632367E+02
    126150,      0.676944,CP5_after_vdif,   1,    0.0000000000E+00,    1.4947632367E+02,    1.4947632367E+02,    0.0000000000E+00,    0.0000000000E+00,    0.0000000000E+00,    1.4947632367E+02
    126150,      0.676944,CP6_after_kinetics,   1,    0.0000000000E+00,    1.4947632367E+02,    1.4947632367E+02,    0.0000000000E+00,    0.0000000000E+00,    0.0000000000E+00,    1.4947632367E+02
    126150,      0.676944,CP7_after_upper_clamp,   1,    0.0000000000E+00,    1.4947632367E+02,    1.4947632367E+02,    0.0000000000E+00,    0.0000000000E+00,    0.0000000000E+00,    1.4947632367E+02
    126150,      0.676944,CP8_after_OBC,   1,    0.0000000000E+00,    1.4947632367E+02,    1.4947632367E+02,    0.0000000000E+00,    0.0000000000E+00,    0.0000000000E+00,    1.4947632367E+02
    126150,      0.676944,CP9_after_PTsource,   1,    0.0000000000E+00,    1.4947632367E+02,    1.4947632367E+02,    0.0000000000E+00,    0.0000000000E+00,    0.0000000000E+00,    1.4947632367E+02
    126150,      0.676944,CP10_after_neg_clamp,   1,    0.0000000000E+00,    1.4947632367E+02,    1.4947632367E+02,    0.0000000000E+00,    0.0000000000E+00,    0.0000000000E+00,    1.4947632367E+02
    126150,      0.676944,CP11_after_MPI,   1,    0.0000000000E+00,    1.4947632367E+02,    1.4947632367E+02,    0.0000000000E+00,    0.0000000000E+00,    0.0000000000E+00,    1.4947632367E+02
    126150,      0.676944,CP12_end,   1,    0.0000000000E+00,    1.4947632367E+02,    1.4947632367E+02,    0.0000000000E+00,    0.0000000000E+00,    0.0000000000E+00,    1.4947632367E+02
    126200,      0.676944,CP0_start,   1,    0.0000000000E+00,    1.4957618623E+02,    1.4957618623E+02,    0.0000000000E+00,    0.0000000000E+00,    0.0000000000E+00,    1.4957618623E+02
    126200,      0.676944,CP1_after_deposition,   1,    0.0000000000E+00,    1.4957618623E+02,    1.4957618623E+02,    0.0000000000E+00,    0.0000000000E+00,    0.0000000000E+00,    1.4957618623E+02
    126200,      0.676944,CP2_after_erosion,   1,    0.0000000000E+00,    1.4957618623E+02,    1.4957618623E+02,    0.0000000000E+00,    0.0000000000E+00,    0.0000000000E+00,    1.4957618623E+02
    126200,      0.676944,CP3_after_update_bottom,   1,    0.0000000000E+00,    1.4957618623E+02,    1.4957618623E+02,    0.0000000000E+00,    0.0000000000E+00,    0.0000000000E+00,    1.4957618623E+02
    126200,      0.676944,CP4_after_advection,   1,    0.0000000000E+00,    1.4958178799E+02,    1.4958178799E+02,    0.0000000000E+00,    0.0000000000E+00,    0.0000000000E+00,    1.4958178799E+02
    126200,      0.676944,CP5_after_vdif,   1,    0.0000000000E+00,    1.4958178799E+02,    1.4958178799E+02,    0.0000000000E+00,    0.0000000000E+00,    0.0000000000E+00,    1.4958178799E+02
    126200,      0.676944,CP6_after_kinetics,   1,    0.0000000000E+00,    1.4958178799E+02,    1.4958178799E+02,    0.0000000000E+00,    0.0000000000E+00,    0.0000000000E+00,    1.4958178799E+02
    126200,      0.676944,CP7_after_upper_clamp,   1,    0.0000000000E+00,    1.4958178799E+02,    1.4958178799E+02,    0.0000000000E+00,    0.0000000000E+00,    0.0000000000E+00,    1.4958178799E+02
    126200,      0.676944,CP8_after_OBC,   1,    0.0000000000E+00,    1.4958178799E+02,    1.4958178799E+02,    0.0000000000E+00,    0.0000000000E+00,    0.0000000000E+00,    1.4958178799E+02
    126200,      0.676944,CP9_after_PTsource,   1,    0.0000000000E+00,    1.4958178799E+02,    1.4958178799E+02,    0.0000000000E+00,    0.0000000000E+00,    0.0000000000E+00,    1.4958178799E+02
    126200,      0.676944,CP10_after_neg_clamp,   1,    0.0000000000E+00,    1.4958178799E+02,    1.4958178799E+02,    0.0000000000E+00,    0.0000000000E+00,    0.0000000000E+00,    1.4958178799E+02
    126200,      0.676944,CP11_after_MPI,   1,    0.0000000000E+00,    1.4958178799E+02,    1.4958178799E+02,    0.0000000000E+00,    0.0000000000E+00,    0.0000000000E+00,    1.4958178799E+02
    126200,      0.676944,CP12_end,   1,    0.0000000000E+00,    1.4958178799E+02,    1.4958178799E+02,    0.0000000000E+00,    0.0000000000E+00,    0.0000000000E+00,    1.4958178799E+02
    126250,      0.676944,CP0_start,   1,    0.0000000000E+00,    1.4968153256E+02,    1.4968153256E+02,    0.0000000000E+00,    0.0000000000E+00,    0.0000000000E+00,    1.4968153256E+02
    126250,      0.676944,CP1_after_deposition,   1,    0.0000000000E+00,    1.4968153256E+02,    1.4968153256E+02,    0.0000000000E+00,    0.0000000000E+00,    0.0000000000E+00,    1.4968153256E+02
    126250,      0.676944,CP2_after_erosion,   1,    0.0000000000E+00,    1.4968153256E+02,    1.4968153256E+02,    0.0000000000E+00,    0.0000000000E+00,    0.0000000000E+00,    1.4968153256E+02
    126250,      0.676944,CP3_after_update_bottom,   1,    0.0000000000E+00,    1.4968153256E+02,    1.4968153256E+02,    0.0000000000E+00,    0.0000000000E+00,    0.0000000000E+00,    1.4968153256E+02
    126250,      0.676944,CP4_after_advection,   1,    0.0000000000E+00,    1.4968711396E+02,    1.4968711396E+02,    0.0000000000E+00,    0.0000000000E+00,    0.0000000000E+00,    1.4968711396E+02
    126250,      0.676944,CP5_after_vdif,   1,    0.0000000000E+00,    1.4968711396E+02,    1.4968711396E+02,    0.0000000000E+00,    0.0000000000E+00,    0.0000000000E+00,    1.4968711396E+02
    126250,      0.676944,CP6_after_kinetics,   1,    0.0000000000E+00,    1.4968711396E+02,    1.4968711396E+02,    0.0000000000E+00,    0.0000000000E+00,    0.0000000000E+00,    1.4968711396E+02
    126250,      0.676944,CP7_after_upper_clamp,   1,    0.0000000000E+00,    1.4968711396E+02,    1.4968711396E+02,    0.0000000000E+00,    0.0000000000E+00,    0.0000000000E+00,    1.4968711396E+02
    126250,      0.676944,CP8_after_OBC,   1,    0.0000000000E+00,    1.4968711396E+02,    1.4968711396E+02,    0.0000000000E+00,    0.0000000000E+00,    0.0000000000E+00,    1.4968711396E+02
    126250,      0.676944,CP9_after_PTsource,   1,    0.0000000000E+00,    1.4968711396E+02,    1.4968711396E+02,    0.0000000000E+00,    0.0000000000E+00,    0.0000000000E+00,    1.4968711396E+02
    126250,      0.676944,CP10_after_neg_clamp,   1,    0.0000000000E+00,    1.4968711396E+02,    1.4968711396E+02,    0.0000000000E+00,    0.0000000000E+00,    0.0000000000E+00,    1.4968711396E+02
    126250,      0.676944,CP11_after_MPI,   1,    0.0000000000E+00,    1.4968711396E+02,    1.4968711396E+02,    0.0000000000E+00,    0.0000000000E+00,    0.0000000000E+00,    1.4968711396E+02
    126250,      0.676944,CP12_end,   1,    0.0000000000E+00,    1.4968711396E+02,    1.4968711396E+02,    0.0000000000E+00,    0.0000000000E+00,    0.0000000000E+00,    1.4968711396E+02
    126300,      0.676944,CP0_start,   1,    0.0000000000E+00,    1.4978662093E+02,    1.4978662093E+02,    0.0000000000E+00,    0.0000000000E+00,    0.0000000000E+00,    1.4978662093E+02
    126300,      0.676944,CP1_after_deposition,   1,    0.0000000000E+00,    1.4978662093E+02,    1.4978662093E+02,    0.0000000000E+00,    0.0000000000E+00,    0.0000000000E+00,    1.4978662093E+02
    126300,      0.676944,CP2_after_erosion,   1,    0.0000000000E+00,    1.4978662093E+02,    1.4978662093E+02,    0.0000000000E+00,    0.0000000000E+00,    0.0000000000E+00,    1.4978662093E+02
    126300,      0.676944,CP3_after_update_bottom,   1,    0.0000000000E+00,    1.4978662093E+02,    1.4978662093E+02,    0.0000000000E+00,    0.0000000000E+00,    0.0000000000E+00,    1.4978662093E+02
    126300,      0.676944,CP4_after_advection,   1,    0.0000000000E+00,    1.4979218355E+02,    1.4979218355E+02,    0.0000000000E+00,    0.0000000000E+00,    0.0000000000E+00,    1.4979218355E+02
    126300,      0.676944,CP5_after_vdif,   1,    0.0000000000E+00,    1.4979218355E+02,    1.4979218355E+02,    0.0000000000E+00,    0.0000000000E+00,    0.0000000000E+00,    1.4979218355E+02
    126300,      0.676944,CP6_after_kinetics,   1,    0.0000000000E+00,    1.4979218355E+02,    1.4979218355E+02,    0.0000000000E+00,    0.0000000000E+00,    0.0000000000E+00,    1.4979218355E+02
    126300,      0.676944,CP7_after_upper_clamp,   1,    0.0000000000E+00,    1.4979218355E+02,    1.4979218355E+02,    0.0000000000E+00,    0.0000000000E+00,    0.0000000000E+00,    1.4979218355E+02
    126300,      0.676944,CP8_after_OBC,   1,    0.0000000000E+00,    1.4979218355E+02,    1.4979218355E+02,    0.0000000000E+00,    0.0000000000E+00,    0.0000000000E+00,    1.4979218355E+02
    126300,      0.676944,CP9_after_PTsource,   1,    0.0000000000E+00,    1.4979218355E+02,    1.4979218355E+02,    0.0000000000E+00,    0.0000000000E+00,    0.0000000000E+00,    1.4979218355E+02
    126300,      0.676944,CP10_after_neg_clamp,   1,    0.0000000000E+00,    1.4979218355E+02,    1.4979218355E+02,    0.0000000000E+00,    0.0000000000E+00,    0.0000000000E+00,    1.4979218355E+02
    126300,      0.676944,CP11_after_MPI,   1,    0.0000000000E+00,    1.4979218355E+02,    1.4979218355E+02,    0.0000000000E+00,    0.0000000000E+00,    0.0000000000E+00,    1.4979218355E+02
    126300,      0.676944,CP12_end,   1,    0.0000000000E+00,    1.4979218355E+02,    1.4979218355E+02,    0.0000000000E+00,    0.0000000000E+00,    0.0000000000E+00,    1.4979218355E+02
    126350,      0.676944,CP0_start,   1,    0.0000000000E+00,    1.4989154493E+02,    1.4989154493E+02,    0.0000000000E+00,    0.0000000000E+00,    0.0000000000E+00,    1.4989154493E+02
    126350,      0.676944,CP1_after_deposition,   1,    0.0000000000E+00,    1.4989154493E+02,    1.4989154493E+02,    0.0000000000E+00,    0.0000000000E+00,    0.0000000000E+00,    1.4989154493E+02
    126350,      0.676944,CP2_after_erosion,   1,    0.0000000000E+00,    1.4989154493E+02,    1.4989154493E+02,    0.0000000000E+00,    0.0000000000E+00,    0.0000000000E+00,    1.4989154493E+02
    126350,      0.676944,CP3_after_update_bottom,   1,    0.0000000000E+00,    1.4989154493E+02,    1.4989154493E+02,    0.0000000000E+00,    0.0000000000E+00,    0.0000000000E+00,    1.4989154493E+02
    126350,      0.676944,CP4_after_advection,   1,    0.0000000000E+00,    1.4989707979E+02,    1.4989707979E+02,    0.0000000000E+00,    0.0000000000E+00,    0.0000000000E+00,    1.4989707979E+02
    126350,      0.676944,CP5_after_vdif,   1,    0.0000000000E+00,    1.4989707979E+02,    1.4989707979E+02,    0.0000000000E+00,    0.0000000000E+00,    0.0000000000E+00,    1.4989707979E+02
    126350,      0.676944,CP6_after_kinetics,   1,    0.0000000000E+00,    1.4989707979E+02,    1.4989707979E+02,    0.0000000000E+00,    0.0000000000E+00,    0.0000000000E+00,    1.4989707979E+02
    126350,      0.676944,CP7_after_upper_clamp,   1,    0.0000000000E+00,    1.4989707979E+02,    1.4989707979E+02,    0.0000000000E+00,    0.0000000000E+00,    0.0000000000E+00,    1.4989707979E+02
    126350,      0.676944,CP8_after_OBC,   1,    0.0000000000E+00,    1.4989707979E+02,    1.4989707979E+02,    0.0000000000E+00,    0.0000000000E+00,    0.0000000000E+00,    1.4989707979E+02
    126350,      0.676944,CP9_after_PTsource,   1,    0.0000000000E+00,    1.4989707979E+02,    1.4989707979E+02,    0.0000000000E+00,    0.0000000000E+00,    0.0000000000E+00,    1.4989707979E+02
    126350,      0.676944,CP10_after_neg_clamp,   1,    0.0000000000E+00,    1.4989707979E+02,    1.4989707979E+02,    0.0000000000E+00,    0.0000000000E+00,    0.0000000000E+00,    1.4989707979E+02
    126350,      0.676944,CP11_after_MPI,   1,    0.0000000000E+00,    1.4989707979E+02,    1.4989707979E+02,    0.0000000000E+00,    0.0000000000E+00,    0.0000000000E+00,    1.4989707979E+02
    126350,      0.676944,CP12_end,   1,    0.0000000000E+00,    1.4989707979E+02,    1.4989707979E+02,    0.0000000000E+00,    0.0000000000E+00,    0.0000000000E+00,    1.4989707979E+02
    126400,      0.676944,CP0_start,   1,    0.0000000000E+00,    1.4999632492E+02,    1.4999632492E+02,    0.0000000000E+00,    0.0000000000E+00,    0.0000000000E+00,    1.4999632492E+02
    126400,      0.676944,CP1_after_deposition,   1,    0.0000000000E+00,    1.4999632492E+02,    1.4999632492E+02,    0.0000000000E+00,    0.0000000000E+00,    0.0000000000E+00,    1.4999632492E+02
    126400,      0.676944,CP2_after_erosion,   1,    0.0000000000E+00,    1.4999632492E+02,    1.4999632492E+02,    0.0000000000E+00,    0.0000000000E+00,    0.0000000000E+00,    1.4999632492E+02
    126400,      0.676944,CP3_after_update_bottom,   1,    0.0000000000E+00,    1.4999632492E+02,    1.4999632492E+02,    0.0000000000E+00,    0.0000000000E+00,    0.0000000000E+00,    1.4999632492E+02
    126400,      0.676944,CP4_after_advection,   1,    0.0000000000E+00,    1.5000184115E+02,    1.5000184115E+02,    0.0000000000E+00,    0.0000000000E+00,    0.0000000000E+00,    1.5000184115E+02
    126400,      0.676944,CP5_after_vdif,   1,    0.0000000000E+00,    1.5000184115E+02,    1.5000184115E+02,    0.0000000000E+00,    0.0000000000E+00,    0.0000000000E+00,    1.5000184115E+02
    126400,      0.676944,CP6_after_kinetics,   1,    0.0000000000E+00,    1.5000184115E+02,    1.5000184115E+02,    0.0000000000E+00,    0.0000000000E+00,    0.0000000000E+00,    1.5000184115E+02
    126400,      0.676944,CP7_after_upper_clamp,   1,    0.0000000000E+00,    1.5000184115E+02,    1.5000184115E+02,    0.0000000000E+00,    0.0000000000E+00,    0.0000000000E+00,    1.5000184115E+02
    126400,      0.676944,CP8_after_OBC,   1,    0.0000000000E+00,    1.5000184115E+02,    1.5000184115E+02,    0.0000000000E+00,    0.0000000000E+00,    0.0000000000E+00,    1.5000184115E+02
    126400,      0.676944,CP9_after_PTsource,   1,    0.0000000000E+00,    1.5000184115E+02,    1.5000184115E+02,    0.0000000000E+00,    0.0000000000E+00,    0.0000000000E+00,    1.5000184115E+02
    126400,      0.676944,CP10_after_neg_clamp,   1,    0.0000000000E+00,    1.5000184115E+02,    1.5000184115E+02,    0.0000000000E+00,    0.0000000000E+00,    0.0000000000E+00,    1.5000184115E+02
    126400,      0.676944,CP11_after_MPI,   1,    0.0000000000E+00,    1.5000184115E+02,    1.5000184115E+02,    0.0000000000E+00,    0.0000000000E+00,    0.0000000000E+00,    1.5000184115E+02
    126400,      0.676944,CP12_end,   1,    0.0000000000E+00,    1.5000184115E+02,    1.5000184115E+02,    0.0000000000E+00,    0.0000000000E+00,    0.0000000000E+00,    1.5000184115E+02
    126450,      0.676944,CP0_start,   1,    0.0000000000E+00,    1.5010094894E+02,    1.5010094894E+02,    0.0000000000E+00,    0.0000000000E+00,    0.0000000000E+00,    1.5010094894E+02
    126450,      0.676944,CP1_after_deposition,   1,    0.0000000000E+00,    1.5010094894E+02,    1.5010094894E+02,    0.0000000000E+00,    0.0000000000E+00,    0.0000000000E+00,    1.5010094894E+02
    126450,      0.676944,CP2_after_erosion,   1,    0.0000000000E+00,    1.5010094894E+02,    1.5010094894E+02,    0.0000000000E+00,    0.0000000000E+00,    0.0000000000E+00,    1.5010094894E+02
    126450,      0.676944,CP3_after_update_bottom,   1,    0.0000000000E+00,    1.5010094894E+02,    1.5010094894E+02,    0.0000000000E+00,    0.0000000000E+00,    0.0000000000E+00,    1.5010094894E+02
    126450,      0.676944,CP4_after_advection,   1,    0.0000000000E+00,    1.5010644872E+02,    1.5010644872E+02,    0.0000000000E+00,    0.0000000000E+00,    0.0000000000E+00,    1.5010644872E+02
    126450,      0.676944,CP5_after_vdif,   1,    0.0000000000E+00,    1.5010644872E+02,    1.5010644872E+02,    0.0000000000E+00,    0.0000000000E+00,    0.0000000000E+00,    1.5010644872E+02
    126450,      0.676944,CP6_after_kinetics,   1,    0.0000000000E+00,    1.5010644872E+02,    1.5010644872E+02,    0.0000000000E+00,    0.0000000000E+00,    0.0000000000E+00,    1.5010644872E+02
    126450,      0.676944,CP7_after_upper_clamp,   1,    0.0000000000E+00,    1.5010644872E+02,    1.5010644872E+02,    0.0000000000E+00,    0.0000000000E+00,    0.0000000000E+00,    1.5010644872E+02
    126450,      0.676944,CP8_after_OBC,   1,    0.0000000000E+00,    1.5010644872E+02,    1.5010644872E+02,    0.0000000000E+00,    0.0000000000E+00,    0.0000000000E+00,    1.5010644872E+02
    126450,      0.676944,CP9_after_PTsource,   1,    0.0000000000E+00,    1.5010644872E+02,    1.5010644872E+02,    0.0000000000E+00,    0.0000000000E+00,    0.0000000000E+00,    1.5010644872E+02
    126450,      0.676944,CP10_after_neg_clamp,   1,    0.0000000000E+00,    1.5010644872E+02,    1.5010644872E+02,    0.0000000000E+00,    0.0000000000E+00,    0.0000000000E+00,    1.5010644872E+02
    126450,      0.676944,CP11_after_MPI,   1,    0.0000000000E+00,    1.5010644872E+02,    1.5010644872E+02,    0.0000000000E+00,    0.0000000000E+00,    0.0000000000E+00,    1.5010644872E+02
    126450,      0.676944,CP12_end,   1,    0.0000000000E+00,    1.5010644872E+02,    1.5010644872E+02,    0.0000000000E+00,    0.0000000000E+00,    0.0000000000E+00,    1.5010644872E+02
    126500,      0.676944,CP0_start,   1,    0.0000000000E+00,    1.5020551599E+02,    1.5020551599E+02,    0.0000000000E+00,    0.0000000000E+00,    0.0000000000E+00,    1.5020551599E+02
    126500,      0.676944,CP1_after_deposition,   1,    0.0000000000E+00,    1.5020551599E+02,    1.5020551599E+02,    0.0000000000E+00,    0.0000000000E+00,    0.0000000000E+00,    1.5020551599E+02
    126500,      0.676944,CP2_after_erosion,   1,    0.0000000000E+00,    1.5020551599E+02,    1.5020551599E+02,    0.0000000000E+00,    0.0000000000E+00,    0.0000000000E+00,    1.5020551599E+02
    126500,      0.676944,CP3_after_update_bottom,   1,    0.0000000000E+00,    1.5020551599E+02,    1.5020551599E+02,    0.0000000000E+00,    0.0000000000E+00,    0.0000000000E+00,    1.5020551599E+02
    126500,      0.676944,CP4_after_advection,   1,    0.0000000000E+00,    1.5021099756E+02,    1.5021099756E+02,    0.0000000000E+00,    0.0000000000E+00,    0.0000000000E+00,    1.5021099756E+02
    126500,      0.676944,CP5_after_vdif,   1,    0.0000000000E+00,    1.5021099756E+02,    1.5021099756E+02,    0.0000000000E+00,    0.0000000000E+00,    0.0000000000E+00,    1.5021099756E+02
    126500,      0.676944,CP6_after_kinetics,   1,    0.0000000000E+00,    1.5021099756E+02,    1.5021099756E+02,    0.0000000000E+00,    0.0000000000E+00,    0.0000000000E+00,    1.5021099756E+02
    126500,      0.676944,CP7_after_upper_clamp,   1,    0.0000000000E+00,    1.5021099756E+02,    1.5021099756E+02,    0.0000000000E+00,    0.0000000000E+00,    0.0000000000E+00,    1.5021099756E+02
    126500,      0.676944,CP8_after_OBC,   1,    0.0000000000E+00,    1.5021099756E+02,    1.5021099756E+02,    0.0000000000E+00,    0.0000000000E+00,    0.0000000000E+00,    1.5021099756E+02
    126500,      0.676944,CP9_after_PTsource,   1,    0.0000000000E+00,    1.5021099756E+02,    1.5021099756E+02,    0.0000000000E+00,    0.0000000000E+00,    0.0000000000E+00,    1.5021099756E+02
    126500,      0.676944,CP10_after_neg_clamp,   1,    0.0000000000E+00,    1.5021099756E+02,    1.5021099756E+02,    0.0000000000E+00,    0.0000000000E+00,    0.0000000000E+00,    1.5021099756E+02
    126500,      0.676944,CP11_after_MPI,   1,    0.0000000000E+00,    1.5021099756E+02,    1.5021099756E+02,    0.0000000000E+00,    0.0000000000E+00,    0.0000000000E+00,    1.5021099756E+02
    126500,      0.676944,CP12_end,   1,    0.0000000000E+00,    1.5021099756E+02,    1.5021099756E+02,    0.0000000000E+00,    0.0000000000E+00,    0.0000000000E+00,    1.5021099756E+02
    126550,      0.676944,CP0_start,   1,    0.0000000000E+00,    1.5031003206E+02,    1.5031003206E+02,    0.0000000000E+00,    0.0000000000E+00,    0.0000000000E+00,    1.5031003206E+02
    126550,      0.676944,CP1_after_deposition,   1,    0.0000000000E+00,    1.5031003206E+02,    1.5031003206E+02,    0.0000000000E+00,    0.0000000000E+00,    0.0000000000E+00,    1.5031003206E+02
    126550,      0.676944,CP2_after_erosion,   1,    0.0000000000E+00,    1.5031003206E+02,    1.5031003206E+02,    0.0000000000E+00,    0.0000000000E+00,    0.0000000000E+00,    1.5031003206E+02
    126550,      0.676944,CP3_after_update_bottom,   1,    0.0000000000E+00,    1.5031003206E+02,    1.5031003206E+02,    0.0000000000E+00,    0.0000000000E+00,    0.0000000000E+00,    1.5031003206E+02
    126550,      0.676944,CP4_after_advection,   1,    0.0000000000E+00,    1.5031550066E+02,    1.5031550066E+02,    0.0000000000E+00,    0.0000000000E+00,    0.0000000000E+00,    1.5031550066E+02
    126550,      0.676944,CP5_after_vdif,   1,    0.0000000000E+00,    1.5031550066E+02,    1.5031550066E+02,    0.0000000000E+00,    0.0000000000E+00,    0.0000000000E+00,    1.5031550066E+02
    126550,      0.676944,CP6_after_kinetics,   1,    0.0000000000E+00,    1.5031550066E+02,    1.5031550066E+02,    0.0000000000E+00,    0.0000000000E+00,    0.0000000000E+00,    1.5031550066E+02
    126550,      0.676944,CP7_after_upper_clamp,   1,    0.0000000000E+00,    1.5031550066E+02,    1.5031550066E+02,    0.0000000000E+00,    0.0000000000E+00,    0.0000000000E+00,    1.5031550066E+02
    126550,      0.676944,CP8_after_OBC,   1,    0.0000000000E+00,    1.5031550066E+02,    1.5031550066E+02,    0.0000000000E+00,    0.0000000000E+00,    0.0000000000E+00,    1.5031550066E+02
    126550,      0.676944,CP9_after_PTsource,   1,    0.0000000000E+00,    1.5031550066E+02,    1.5031550066E+02,    0.0000000000E+00,    0.0000000000E+00,    0.0000000000E+00,    1.5031550066E+02
    126550,      0.676944,CP10_after_neg_clamp,   1,    0.0000000000E+00,    1.5031550066E+02,    1.5031550066E+02,    0.0000000000E+00,    0.0000000000E+00,    0.0000000000E+00,    1.5031550066E+02
    126550,      0.676944,CP11_after_MPI,   1,    0.0000000000E+00,    1.5031550066E+02,    1.5031550066E+02,    0.0000000000E+00,    0.0000000000E+00,    0.0000000000E+00,    1.5031550066E+02
    126550,      0.676944,CP12_end,   1,    0.0000000000E+00,    1.5031550066E+02,    1.5031550066E+02,    0.0000000000E+00,    0.0000000000E+00,    0.0000000000E+00,    1.5031550066E+02
    126600,      0.676944,CP0_start,   1,    0.0000000000E+00,    1.5041453008E+02,    1.5041453008E+02,    0.0000000000E+00,    0.0000000000E+00,    0.0000000000E+00,    1.5041453008E+02
    126600,      0.676944,CP1_after_deposition,   1,    0.0000000000E+00,    1.5041453008E+02,    1.5041453008E+02,    0.0000000000E+00,    0.0000000000E+00,    0.0000000000E+00,    1.5041453008E+02
    126600,      0.676944,CP2_after_erosion,   1,    0.0000000000E+00,    1.5041453008E+02,    1.5041453008E+02,    0.0000000000E+00,    0.0000000000E+00,    0.0000000000E+00,    1.5041453008E+02
    126600,      0.676944,CP3_after_update_bottom,   1,    0.0000000000E+00,    1.5041453008E+02,    1.5041453008E+02,    0.0000000000E+00,    0.0000000000E+00,    0.0000000000E+00,    1.5041453008E+02
    126600,      0.676944,CP4_after_advection,   1,    0.0000000000E+00,    1.5041998004E+02,    1.5041998004E+02,    0.0000000000E+00,    0.0000000000E+00,    0.0000000000E+00,    1.5041998004E+02
    126600,      0.676944,CP5_after_vdif,   1,    0.0000000000E+00,    1.5041998004E+02,    1.5041998004E+02,    0.0000000000E+00,    0.0000000000E+00,    0.0000000000E+00,    1.5041998004E+02
    126600,      0.676944,CP6_after_kinetics,   1,    0.0000000000E+00,    1.5041998004E+02,    1.5041998004E+02,    0.0000000000E+00,    0.0000000000E+00,    0.0000000000E+00,    1.5041998004E+02
    126600,      0.676944,CP7_after_upper_clamp,   1,    0.0000000000E+00,    1.5041998004E+02,    1.5041998004E+02,    0.0000000000E+00,    0.0000000000E+00,    0.0000000000E+00,    1.5041998004E+02
    126600,      0.676944,CP8_after_OBC,   1,    0.0000000000E+00,    1.5041998004E+02,    1.5041998004E+02,    0.0000000000E+00,    0.0000000000E+00,    0.0000000000E+00,    1.5041998004E+02
    126600,      0.676944,CP9_after_PTsource,   1,    0.0000000000E+00,    1.5041998004E+02,    1.5041998004E+02,    0.0000000000E+00,    0.0000000000E+00,    0.0000000000E+00,    1.5041998004E+02
    126600,      0.676944,CP10_after_neg_clamp,   1,    0.0000000000E+00,    1.5041998004E+02,    1.5041998004E+02,    0.0000000000E+00,    0.0000000000E+00,    0.0000000000E+00,    1.5041998004E+02
    126600,      0.676944,CP11_after_MPI,   1,    0.0000000000E+00,    1.5041998004E+02,    1.5041998004E+02,    0.0000000000E+00,    0.0000000000E+00,    0.0000000000E+00,    1.5041998004E+02
    126600,      0.676944,CP12_end,   1,    0.0000000000E+00,    1.5041998004E+02,    1.5041998004E+02,    0.0000000000E+00,    0.0000000000E+00,    0.0000000000E+00,    1.5041998004E+02
    126650,      0.676944,CP0_start,   1,    0.0000000000E+00,    1.5051907452E+02,    1.5051907452E+02,    0.0000000000E+00,    0.0000000000E+00,    0.0000000000E+00,    1.5051907452E+02
    126650,      0.676944,CP1_after_deposition,   1,    0.0000000000E+00,    1.5051907452E+02,    1.5051907452E+02,    0.0000000000E+00,    0.0000000000E+00,    0.0000000000E+00,    1.5051907452E+02
    126650,      0.676944,CP2_after_erosion,   1,    0.0000000000E+00,    1.5051907452E+02,    1.5051907452E+02,    0.0000000000E+00,    0.0000000000E+00,    0.0000000000E+00,    1.5051907452E+02
    126650,      0.676944,CP3_after_update_bottom,   1,    0.0000000000E+00,    1.5051907452E+02,    1.5051907452E+02,    0.0000000000E+00,    0.0000000000E+00,    0.0000000000E+00,    1.5051907452E+02
    126650,      0.676944,CP4_after_advection,   1,    0.0000000000E+00,    1.5052450977E+02,    1.5052450977E+02,    0.0000000000E+00,    0.0000000000E+00,    0.0000000000E+00,    1.5052450977E+02
    126650,      0.676944,CP5_after_vdif,   1,    0.0000000000E+00,    1.5052450977E+02,    1.5052450977E+02,    0.0000000000E+00,    0.0000000000E+00,    0.0000000000E+00,    1.5052450977E+02
    126650,      0.676944,CP6_after_kinetics,   1,    0.0000000000E+00,    1.5052450977E+02,    1.5052450977E+02,    0.0000000000E+00,    0.0000000000E+00,    0.0000000000E+00,    1.5052450977E+02
    126650,      0.676944,CP7_after_upper_clamp,   1,    0.0000000000E+00,    1.5052450977E+02,    1.5052450977E+02,    0.0000000000E+00,    0.0000000000E+00,    0.0000000000E+00,    1.5052450977E+02
    126650,      0.676944,CP8_after_OBC,   1,    0.0000000000E+00,    1.5052450977E+02,    1.5052450977E+02,    0.0000000000E+00,    0.0000000000E+00,    0.0000000000E+00,    1.5052450977E+02
    126650,      0.676944,CP9_after_PTsource,   1,    0.0000000000E+00,    1.5052450977E+02,    1.5052450977E+02,    0.0000000000E+00,    0.0000000000E+00,    0.0000000000E+00,    1.5052450977E+02
    126650,      0.676944,CP10_after_neg_clamp,   1,    0.0000000000E+00,    1.5052450977E+02,    1.5052450977E+02,    0.0000000000E+00,    0.0000000000E+00,    0.0000000000E+00,    1.5052450977E+02
    126650,      0.676944,CP11_after_MPI,   1,    0.0000000000E+00,    1.5052450977E+02,    1.5052450977E+02,    0.0000000000E+00,    0.0000000000E+00,    0.0000000000E+00,    1.5052450977E+02
    126650,      0.676944,CP12_end,   1,    0.0000000000E+00,    1.5052450977E+02,    1.5052450977E+02,    0.0000000000E+00,    0.0000000000E+00,    0.0000000000E+00,    1.5052450977E+02
    126700,      0.676944,CP0_start,   1,    0.0000000000E+00,    1.5062367306E+02,    1.5062367306E+02,    0.0000000000E+00,    0.0000000000E+00,    0.0000000000E+00,    1.5062367306E+02
    126700,      0.676944,CP1_after_deposition,   1,    0.0000000000E+00,    1.5062367306E+02,    1.5062367306E+02,    0.0000000000E+00,    0.0000000000E+00,    0.0000000000E+00,    1.5062367306E+02
    126700,      0.676944,CP2_after_erosion,   1,    0.0000000000E+00,    1.5062367306E+02,    1.5062367306E+02,    0.0000000000E+00,    0.0000000000E+00,    0.0000000000E+00,    1.5062367306E+02
    126700,      0.676944,CP3_after_update_bottom,   1,    0.0000000000E+00,    1.5062367306E+02,    1.5062367306E+02,    0.0000000000E+00,    0.0000000000E+00,    0.0000000000E+00,    1.5062367306E+02
    126700,      0.676944,CP4_after_advection,   1,    0.0000000000E+00,    1.5062909073E+02,    1.5062909073E+02,    0.0000000000E+00,    0.0000000000E+00,    0.0000000000E+00,    1.5062909073E+02
    126700,      0.676944,CP5_after_vdif,   1,    0.0000000000E+00,    1.5062909073E+02,    1.5062909073E+02,    0.0000000000E+00,    0.0000000000E+00,    0.0000000000E+00,    1.5062909073E+02
    126700,      0.676944,CP6_after_kinetics,   1,    0.0000000000E+00,    1.5062909073E+02,    1.5062909073E+02,    0.0000000000E+00,    0.0000000000E+00,    0.0000000000E+00,    1.5062909073E+02
    126700,      0.676944,CP7_after_upper_clamp,   1,    0.0000000000E+00,    1.5062909073E+02,    1.5062909073E+02,    0.0000000000E+00,    0.0000000000E+00,    0.0000000000E+00,    1.5062909073E+02
    126700,      0.676944,CP8_after_OBC,   1,    0.0000000000E+00,    1.5062909073E+02,    1.5062909073E+02,    0.0000000000E+00,    0.0000000000E+00,    0.0000000000E+00,    1.5062909073E+02
    126700,      0.676944,CP9_after_PTsource,   1,    0.0000000000E+00,    1.5062909073E+02,    1.5062909073E+02,    0.0000000000E+00,    0.0000000000E+00,    0.0000000000E+00,    1.5062909073E+02
    126700,      0.676944,CP10_after_neg_clamp,   1,    0.0000000000E+00,    1.5062909073E+02,    1.5062909073E+02,    0.0000000000E+00,    0.0000000000E+00,    0.0000000000E+00,    1.5062909073E+02
    126700,      0.676944,CP11_after_MPI,   1,    0.0000000000E+00,    1.5062909073E+02,    1.5062909073E+02,    0.0000000000E+00,    0.0000000000E+00,    0.0000000000E+00,    1.5062909073E+02
    126700,      0.676944,CP12_end,   1,    0.0000000000E+00,    1.5062909073E+02,    1.5062909073E+02,    0.0000000000E+00,    0.0000000000E+00,    0.0000000000E+00,    1.5062909073E+02
    126750,      0.676944,CP0_start,   1,    0.0000000000E+00,    1.5072827579E+02,    1.5072827579E+02,    0.0000000000E+00,    0.0000000000E+00,    0.0000000000E+00,    1.5072827579E+02
    126750,      0.676944,CP1_after_deposition,   1,    0.0000000000E+00,    1.5072827579E+02,    1.5072827579E+02,    0.0000000000E+00,    0.0000000000E+00,    0.0000000000E+00,    1.5072827579E+02
    126750,      0.676944,CP2_after_erosion,   1,    0.0000000000E+00,    1.5072827579E+02,    1.5072827579E+02,    0.0000000000E+00,    0.0000000000E+00,    0.0000000000E+00,    1.5072827579E+02
    126750,      0.676944,CP3_after_update_bottom,   1,    0.0000000000E+00,    1.5072827579E+02,    1.5072827579E+02,    0.0000000000E+00,    0.0000000000E+00,    0.0000000000E+00,    1.5072827579E+02
    126750,      0.676944,CP4_after_advection,   1,    0.0000000000E+00,    1.5073367259E+02,    1.5073367259E+02,    0.0000000000E+00,    0.0000000000E+00,    0.0000000000E+00,    1.5073367259E+02
    126750,      0.676944,CP5_after_vdif,   1,    0.0000000000E+00,    1.5073367259E+02,    1.5073367259E+02,    0.0000000000E+00,    0.0000000000E+00,    0.0000000000E+00,    1.5073367259E+02
    126750,      0.676944,CP6_after_kinetics,   1,    0.0000000000E+00,    1.5073367259E+02,    1.5073367259E+02,    0.0000000000E+00,    0.0000000000E+00,    0.0000000000E+00,    1.5073367259E+02
    126750,      0.676944,CP7_after_upper_clamp,   1,    0.0000000000E+00,    1.5073367259E+02,    1.5073367259E+02,    0.0000000000E+00,    0.0000000000E+00,    0.0000000000E+00,    1.5073367259E+02
    126750,      0.676944,CP8_after_OBC,   1,    0.0000000000E+00,    1.5073367259E+02,    1.5073367259E+02,    0.0000000000E+00,    0.0000000000E+00,    0.0000000000E+00,    1.5073367259E+02
    126750,      0.676944,CP9_after_PTsource,   1,    0.0000000000E+00,    1.5073367259E+02,    1.5073367259E+02,    0.0000000000E+00,    0.0000000000E+00,    0.0000000000E+00,    1.5073367259E+02
    126750,      0.676944,CP10_after_neg_clamp,   1,    0.0000000000E+00,    1.5073367259E+02,    1.5073367259E+02,    0.0000000000E+00,    0.0000000000E+00,    0.0000000000E+00,    1.5073367259E+02
    126750,      0.676944,CP11_after_MPI,   1,    0.0000000000E+00,    1.5073367259E+02,    1.5073367259E+02,    0.0000000000E+00,    0.0000000000E+00,    0.0000000000E+00,    1.5073367259E+02
    126750,      0.676944,CP12_end,   1,    0.0000000000E+00,    1.5073367259E+02,    1.5073367259E+02,    0.0000000000E+00,    0.0000000000E+00,    0.0000000000E+00,    1.5073367259E+02
    126800,      0.676944,CP0_start,   1,    0.0000000000E+00,    1.5083290871E+02,    1.5083290871E+02,    0.0000000000E+00,    0.0000000000E+00,    0.0000000000E+00,    1.5083290871E+02
    126800,      0.676944,CP1_after_deposition,   1,    0.0000000000E+00,    1.5083290871E+02,    1.5083290871E+02,    0.0000000000E+00,    0.0000000000E+00,    0.0000000000E+00,    1.5083290871E+02
    126800,      0.676944,CP2_after_erosion,   1,    0.0000000000E+00,    1.5083290871E+02,    1.5083290871E+02,    0.0000000000E+00,    0.0000000000E+00,    0.0000000000E+00,    1.5083290871E+02
    126800,      0.676944,CP3_after_update_bottom,   1,    0.0000000000E+00,    1.5083290871E+02,    1.5083290871E+02,    0.0000000000E+00,    0.0000000000E+00,    0.0000000000E+00,    1.5083290871E+02
    126800,      0.676944,CP4_after_advection,   1,    0.0000000000E+00,    1.5083828910E+02,    1.5083828910E+02,    0.0000000000E+00,    0.0000000000E+00,    0.0000000000E+00,    1.5083828910E+02
    126800,      0.676944,CP5_after_vdif,   1,    0.0000000000E+00,    1.5083828910E+02,    1.5083828910E+02,    0.0000000000E+00,    0.0000000000E+00,    0.0000000000E+00,    1.5083828910E+02
    126800,      0.676944,CP6_after_kinetics,   1,    0.0000000000E+00,    1.5083828910E+02,    1.5083828910E+02,    0.0000000000E+00,    0.0000000000E+00,    0.0000000000E+00,    1.5083828910E+02
    126800,      0.676944,CP7_after_upper_clamp,   1,    0.0000000000E+00,    1.5083828910E+02,    1.5083828910E+02,    0.0000000000E+00,    0.0000000000E+00,    0.0000000000E+00,    1.5083828910E+02
    126800,      0.676944,CP8_after_OBC,   1,    0.0000000000E+00,    1.5083828910E+02,    1.5083828910E+02,    0.0000000000E+00,    0.0000000000E+00,    0.0000000000E+00,    1.5083828910E+02
    126800,      0.676944,CP9_after_PTsource,   1,    0.0000000000E+00,    1.5083828910E+02,    1.5083828910E+02,    0.0000000000E+00,    0.0000000000E+00,    0.0000000000E+00,    1.5083828910E+02
    126800,      0.676944,CP10_after_neg_clamp,   1,    0.0000000000E+00,    1.5083828910E+02,    1.5083828910E+02,    0.0000000000E+00,    0.0000000000E+00,    0.0000000000E+00,    1.5083828910E+02
    126800,      0.676944,CP11_after_MPI,   1,    0.0000000000E+00,    1.5083828910E+02,    1.5083828910E+02,    0.0000000000E+00,    0.0000000000E+00,    0.0000000000E+00,    1.5083828910E+02
    126800,      0.676944,CP12_end,   1,    0.0000000000E+00,    1.5083828910E+02,    1.5083828910E+02,    0.0000000000E+00,    0.0000000000E+00,    0.0000000000E+00,    1.5083828910E+02
    126850,      0.676944,CP0_start,   1,    0.0000000000E+00,    1.5093755525E+02,    1.5093755525E+02,    0.0000000000E+00,    0.0000000000E+00,    0.0000000000E+00,    1.5093755525E+02
    126850,      0.676944,CP1_after_deposition,   1,    0.0000000000E+00,    1.5093755525E+02,    1.5093755525E+02,    0.0000000000E+00,    0.0000000000E+00,    0.0000000000E+00,    1.5093755525E+02
    126850,      0.676944,CP2_after_erosion,   1,    0.0000000000E+00,    1.5093755525E+02,    1.5093755525E+02,    0.0000000000E+00,    0.0000000000E+00,    0.0000000000E+00,    1.5093755525E+02
    126850,      0.676944,CP3_after_update_bottom,   1,    0.0000000000E+00,    1.5093755525E+02,    1.5093755525E+02,    0.0000000000E+00,    0.0000000000E+00,    0.0000000000E+00,    1.5093755525E+02
    126850,      0.676944,CP4_after_advection,   1,    0.0000000000E+00,    1.5094291986E+02,    1.5094291986E+02,    0.0000000000E+00,    0.0000000000E+00,    0.0000000000E+00,    1.5094291986E+02
    126850,      0.676944,CP5_after_vdif,   1,    0.0000000000E+00,    1.5094291986E+02,    1.5094291986E+02,    0.0000000000E+00,    0.0000000000E+00,    0.0000000000E+00,    1.5094291986E+02
    126850,      0.676944,CP6_after_kinetics,   1,    0.0000000000E+00,    1.5094291986E+02,    1.5094291986E+02,    0.0000000000E+00,    0.0000000000E+00,    0.0000000000E+00,    1.5094291986E+02
    126850,      0.676944,CP7_after_upper_clamp,   1,    0.0000000000E+00,    1.5094291986E+02,    1.5094291986E+02,    0.0000000000E+00,    0.0000000000E+00,    0.0000000000E+00,    1.5094291986E+02
    126850,      0.676944,CP8_after_OBC,   1,    0.0000000000E+00,    1.5094291986E+02,    1.5094291986E+02,    0.0000000000E+00,    0.0000000000E+00,    0.0000000000E+00,    1.5094291986E+02
    126850,      0.676944,CP9_after_PTsource,   1,    0.0000000000E+00,    1.5094291986E+02,    1.5094291986E+02,    0.0000000000E+00,    0.0000000000E+00,    0.0000000000E+00,    1.5094291986E+02
    126850,      0.676944,CP10_after_neg_clamp,   1,    0.0000000000E+00,    1.5094291986E+02,    1.5094291986E+02,    0.0000000000E+00,    0.0000000000E+00,    0.0000000000E+00,    1.5094291986E+02
    126850,      0.676944,CP11_after_MPI,   1,    0.0000000000E+00,    1.5094291986E+02,    1.5094291986E+02,    0.0000000000E+00,    0.0000000000E+00,    0.0000000000E+00,    1.5094291986E+02
    126850,      0.676944,CP12_end,   1,    0.0000000000E+00,    1.5094291986E+02,    1.5094291986E+02,    0.0000000000E+00,    0.0000000000E+00,    0.0000000000E+00,    1.5094291986E+02
    126900,      0.676944,CP0_start,   1,    0.0000000000E+00,    1.5104222109E+02,    1.5104222109E+02,    0.0000000000E+00,    0.0000000000E+00,    0.0000000000E+00,    1.5104222109E+02
    126900,      0.676944,CP1_after_deposition,   1,    0.0000000000E+00,    1.5104222109E+02,    1.5104222109E+02,    0.0000000000E+00,    0.0000000000E+00,    0.0000000000E+00,    1.5104222109E+02
    126900,      0.676944,CP2_after_erosion,   1,    0.0000000000E+00,    1.5104222109E+02,    1.5104222109E+02,    0.0000000000E+00,    0.0000000000E+00,    0.0000000000E+00,    1.5104222109E+02
    126900,      0.676944,CP3_after_update_bottom,   1,    0.0000000000E+00,    1.5104222109E+02,    1.5104222109E+02,    0.0000000000E+00,    0.0000000000E+00,    0.0000000000E+00,    1.5104222109E+02
    126900,      0.676944,CP4_after_advection,   1,    0.0000000000E+00,    1.5104756878E+02,    1.5104756878E+02,    0.0000000000E+00,    0.0000000000E+00,    0.0000000000E+00,    1.5104756878E+02
    126900,      0.676944,CP5_after_vdif,   1,    0.0000000000E+00,    1.5104756878E+02,    1.5104756878E+02,    0.0000000000E+00,    0.0000000000E+00,    0.0000000000E+00,    1.5104756878E+02
    126900,      0.676944,CP6_after_kinetics,   1,    0.0000000000E+00,    1.5104756878E+02,    1.5104756878E+02,    0.0000000000E+00,    0.0000000000E+00,    0.0000000000E+00,    1.5104756878E+02
    126900,      0.676944,CP7_after_upper_clamp,   1,    0.0000000000E+00,    1.5104756878E+02,    1.5104756878E+02,    0.0000000000E+00,    0.0000000000E+00,    0.0000000000E+00,    1.5104756878E+02
    126900,      0.676944,CP8_after_OBC,   1,    0.0000000000E+00,    1.5104756878E+02,    1.5104756878E+02,    0.0000000000E+00,    0.0000000000E+00,    0.0000000000E+00,    1.5104756878E+02
    126900,      0.676944,CP9_after_PTsource,   1,    0.0000000000E+00,    1.5104756878E+02,    1.5104756878E+02,    0.0000000000E+00,    0.0000000000E+00,    0.0000000000E+00,    1.5104756878E+02
    126900,      0.676944,CP10_after_neg_clamp,   1,    0.0000000000E+00,    1.5104756878E+02,    1.5104756878E+02,    0.0000000000E+00,    0.0000000000E+00,    0.0000000000E+00,    1.5104756878E+02
    126900,      0.676944,CP11_after_MPI,   1,    0.0000000000E+00,    1.5104756878E+02,    1.5104756878E+02,    0.0000000000E+00,    0.0000000000E+00,    0.0000000000E+00,    1.5104756878E+02
    126900,      0.676944,CP12_end,   1,    0.0000000000E+00,    1.5104756878E+02,    1.5104756878E+02,    0.0000000000E+00,    0.0000000000E+00,    0.0000000000E+00,    1.5104756878E+02
    126950,      0.676944,CP0_start,   1,    0.0000000000E+00,    1.5114622482E+02,    1.5114622482E+02,    0.0000000000E+00,    0.0000000000E+00,    0.0000000000E+00,    1.5114622482E+02
    126950,      0.676944,CP1_after_deposition,   1,    0.0000000000E+00,    1.5114622482E+02,    1.5114622482E+02,    0.0000000000E+00,    0.0000000000E+00,    0.0000000000E+00,    1.5114622482E+02
    126950,      0.676944,CP2_after_erosion,   1,    0.0000000000E+00,    1.5114622482E+02,    1.5114622482E+02,    0.0000000000E+00,    0.0000000000E+00,    0.0000000000E+00,    1.5114622482E+02
    126950,      0.676944,CP3_after_update_bottom,   1,    0.0000000000E+00,    1.5114622482E+02,    1.5114622482E+02,    0.0000000000E+00,    0.0000000000E+00,    0.0000000000E+00,    1.5114622482E+02
    126950,      0.676944,CP4_after_advection,   1,    0.0000000000E+00,    1.5115155325E+02,    1.5115155325E+02,    0.0000000000E+00,    0.0000000000E+00,    0.0000000000E+00,    1.5115155325E+02
    126950,      0.676944,CP5_after_vdif,   1,    0.0000000000E+00,    1.5115155325E+02,    1.5115155325E+02,    0.0000000000E+00,    0.0000000000E+00,    0.0000000000E+00,    1.5115155325E+02
    126950,      0.676944,CP6_after_kinetics,   1,    0.0000000000E+00,    1.5115155325E+02,    1.5115155325E+02,    0.0000000000E+00,    0.0000000000E+00,    0.0000000000E+00,    1.5115155325E+02
    126950,      0.676944,CP7_after_upper_clamp,   1,    0.0000000000E+00,    1.5115155325E+02,    1.5115155325E+02,    0.0000000000E+00,    0.0000000000E+00,    0.0000000000E+00,    1.5115155325E+02
    126950,      0.676944,CP8_after_OBC,   1,    0.0000000000E+00,    1.5115155325E+02,    1.5115155325E+02,    0.0000000000E+00,    0.0000000000E+00,    0.0000000000E+00,    1.5115155325E+02
    126950,      0.676944,CP9_after_PTsource,   1,    0.0000000000E+00,    1.5115155325E+02,    1.5115155325E+02,    0.0000000000E+00,    0.0000000000E+00,    0.0000000000E+00,    1.5115155325E+02
    126950,      0.676944,CP10_after_neg_clamp,   1,    0.0000000000E+00,    1.5115155325E+02,    1.5115155325E+02,    0.0000000000E+00,    0.0000000000E+00,    0.0000000000E+00,    1.5115155325E+02
    126950,      0.676944,CP11_after_MPI,   1,    0.0000000000E+00,    1.5115155325E+02,    1.5115155325E+02,    0.0000000000E+00,    0.0000000000E+00,    0.0000000000E+00,    1.5115155325E+02
    126950,      0.676944,CP12_end,   1,    0.0000000000E+00,    1.5115155325E+02,    1.5115155325E+02,    0.0000000000E+00,    0.0000000000E+00,    0.0000000000E+00,    1.5115155325E+02
    127000,      0.676944,CP0_start,   1,    0.0000000000E+00,    1.5125021001E+02,    1.5125021001E+02,    0.0000000000E+00,    0.0000000000E+00,    0.0000000000E+00,    1.5125021001E+02
    127000,      0.676944,CP1_after_deposition,   1,    0.0000000000E+00,    1.5125021001E+02,    1.5125021001E+02,    0.0000000000E+00,    0.0000000000E+00,    0.0000000000E+00,    1.5125021001E+02
    127000,      0.676944,CP2_after_erosion,   1,    0.0000000000E+00,    1.5125021001E+02,    1.5125021001E+02,    0.0000000000E+00,    0.0000000000E+00,    0.0000000000E+00,    1.5125021001E+02
    127000,      0.676944,CP3_after_update_bottom,   1,    0.0000000000E+00,    1.5125021001E+02,    1.5125021001E+02,    0.0000000000E+00,    0.0000000000E+00,    0.0000000000E+00,    1.5125021001E+02
    127000,      0.676944,CP4_after_advection,   1,    0.0000000000E+00,    1.5125552096E+02,    1.5125552096E+02,    0.0000000000E+00,    0.0000000000E+00,    0.0000000000E+00,    1.5125552096E+02
    127000,      0.676944,CP5_after_vdif,   1,    0.0000000000E+00,    1.5125552096E+02,    1.5125552096E+02,    0.0000000000E+00,    0.0000000000E+00,    0.0000000000E+00,    1.5125552096E+02
    127000,      0.676944,CP6_after_kinetics,   1,    0.0000000000E+00,    1.5125552096E+02,    1.5125552096E+02,    0.0000000000E+00,    0.0000000000E+00,    0.0000000000E+00,    1.5125552096E+02
    127000,      0.676944,CP7_after_upper_clamp,   1,    0.0000000000E+00,    1.5125552096E+02,    1.5125552096E+02,    0.0000000000E+00,    0.0000000000E+00,    0.0000000000E+00,    1.5125552096E+02
    127000,      0.676944,CP8_after_OBC,   1,    0.0000000000E+00,    1.5125552096E+02,    1.5125552096E+02,    0.0000000000E+00,    0.0000000000E+00,    0.0000000000E+00,    1.5125552096E+02
    127000,      0.676944,CP9_after_PTsource,   1,    0.0000000000E+00,    1.5125552096E+02,    1.5125552096E+02,    0.0000000000E+00,    0.0000000000E+00,    0.0000000000E+00,    1.5125552096E+02
    127000,      0.676944,CP10_after_neg_clamp,   1,    0.0000000000E+00,    1.5125552096E+02,    1.5125552096E+02,    0.0000000000E+00,    0.0000000000E+00,    0.0000000000E+00,    1.5125552096E+02
    127000,      0.676944,CP11_after_MPI,   1,    0.0000000000E+00,    1.5125552096E+02,    1.5125552096E+02,    0.0000000000E+00,    0.0000000000E+00,    0.0000000000E+00,    1.5125552096E+02
    127000,      0.676944,CP12_end,   1,    0.0000000000E+00,    1.5125552096E+02,    1.5125552096E+02,    0.0000000000E+00,    0.0000000000E+00,    0.0000000000E+00,    1.5125552096E+02
    127050,      0.676944,CP0_start,   1,    0.0000000000E+00,    1.5135417298E+02,    1.5135417298E+02,    0.0000000000E+00,    0.0000000000E+00,    0.0000000000E+00,    1.5135417298E+02
    127050,      0.676944,CP1_after_deposition,   1,    0.0000000000E+00,    1.5135417298E+02,    1.5135417298E+02,    0.0000000000E+00,    0.0000000000E+00,    0.0000000000E+00,    1.5135417298E+02
    127050,      0.676944,CP2_after_erosion,   1,    0.0000000000E+00,    1.5135417298E+02,    1.5135417298E+02,    0.0000000000E+00,    0.0000000000E+00,    0.0000000000E+00,    1.5135417298E+02
    127050,      0.676944,CP3_after_update_bottom,   1,    0.0000000000E+00,    1.5135417298E+02,    1.5135417298E+02,    0.0000000000E+00,    0.0000000000E+00,    0.0000000000E+00,    1.5135417298E+02
    127050,      0.676944,CP4_after_advection,   1,    0.0000000000E+00,    1.5135946785E+02,    1.5135946785E+02,    0.0000000000E+00,    0.0000000000E+00,    0.0000000000E+00,    1.5135946785E+02
    127050,      0.676944,CP5_after_vdif,   1,    0.0000000000E+00,    1.5135946785E+02,    1.5135946785E+02,    0.0000000000E+00,    0.0000000000E+00,    0.0000000000E+00,    1.5135946785E+02
    127050,      0.676944,CP6_after_kinetics,   1,    0.0000000000E+00,    1.5135946785E+02,    1.5135946785E+02,    0.0000000000E+00,    0.0000000000E+00,    0.0000000000E+00,    1.5135946785E+02
    127050,      0.676944,CP7_after_upper_clamp,   1,    0.0000000000E+00,    1.5135946785E+02,    1.5135946785E+02,    0.0000000000E+00,    0.0000000000E+00,    0.0000000000E+00,    1.5135946785E+02
    127050,      0.676944,CP8_after_OBC,   1,    0.0000000000E+00,    1.5135946785E+02,    1.5135946785E+02,    0.0000000000E+00,    0.0000000000E+00,    0.0000000000E+00,    1.5135946785E+02
    127050,      0.676944,CP9_after_PTsource,   1,    0.0000000000E+00,    1.5135946785E+02,    1.5135946785E+02,    0.0000000000E+00,    0.0000000000E+00,    0.0000000000E+00,    1.5135946785E+02
    127050,      0.676944,CP10_after_neg_clamp,   1,    0.0000000000E+00,    1.5135946785E+02,    1.5135946785E+02,    0.0000000000E+00,    0.0000000000E+00,    0.0000000000E+00,    1.5135946785E+02
    127050,      0.676944,CP11_after_MPI,   1,    0.0000000000E+00,    1.5135946785E+02,    1.5135946785E+02,    0.0000000000E+00,    0.0000000000E+00,    0.0000000000E+00,    1.5135946785E+02
    127050,      0.676944,CP12_end,   1,    0.0000000000E+00,    1.5135946785E+02,    1.5135946785E+02,    0.0000000000E+00,    0.0000000000E+00,    0.0000000000E+00,    1.5135946785E+02
    127100,      0.676944,CP0_start,   1,    0.0000000000E+00,    1.5145813967E+02,    1.5145813967E+02,    0.0000000000E+00,    0.0000000000E+00,    0.0000000000E+00,    1.5145813967E+02
    127100,      0.676944,CP1_after_deposition,   1,    0.0000000000E+00,    1.5145813967E+02,    1.5145813967E+02,    0.0000000000E+00,    0.0000000000E+00,    0.0000000000E+00,    1.5145813967E+02
    127100,      0.676944,CP2_after_erosion,   1,    0.0000000000E+00,    1.5145813967E+02,    1.5145813967E+02,    0.0000000000E+00,    0.0000000000E+00,    0.0000000000E+00,    1.5145813967E+02
    127100,      0.676944,CP3_after_update_bottom,   1,    0.0000000000E+00,    1.5145813967E+02,    1.5145813967E+02,    0.0000000000E+00,    0.0000000000E+00,    0.0000000000E+00,    1.5145813967E+02
    127100,      0.676944,CP4_after_advection,   1,    0.0000000000E+00,    1.5146341800E+02,    1.5146341800E+02,    0.0000000000E+00,    0.0000000000E+00,    0.0000000000E+00,    1.5146341800E+02
    127100,      0.676944,CP5_after_vdif,   1,    0.0000000000E+00,    1.5146341800E+02,    1.5146341800E+02,    0.0000000000E+00,    0.0000000000E+00,    0.0000000000E+00,    1.5146341800E+02
    127100,      0.676944,CP6_after_kinetics,   1,    0.0000000000E+00,    1.5146341800E+02,    1.5146341800E+02,    0.0000000000E+00,    0.0000000000E+00,    0.0000000000E+00,    1.5146341800E+02
    127100,      0.676944,CP7_after_upper_clamp,   1,    0.0000000000E+00,    1.5146341800E+02,    1.5146341800E+02,    0.0000000000E+00,    0.0000000000E+00,    0.0000000000E+00,    1.5146341800E+02
    127100,      0.676944,CP8_after_OBC,   1,    0.0000000000E+00,    1.5146341800E+02,    1.5146341800E+02,    0.0000000000E+00,    0.0000000000E+00,    0.0000000000E+00,    1.5146341800E+02
    127100,      0.676944,CP9_after_PTsource,   1,    0.0000000000E+00,    1.5146341800E+02,    1.5146341800E+02,    0.0000000000E+00,    0.0000000000E+00,    0.0000000000E+00,    1.5146341800E+02
    127100,      0.676944,CP10_after_neg_clamp,   1,    0.0000000000E+00,    1.5146341800E+02,    1.5146341800E+02,    0.0000000000E+00,    0.0000000000E+00,    0.0000000000E+00,    1.5146341800E+02
    127100,      0.676944,CP11_after_MPI,   1,    0.0000000000E+00,    1.5146341800E+02,    1.5146341800E+02,    0.0000000000E+00,    0.0000000000E+00,    0.0000000000E+00,    1.5146341800E+02
    127100,      0.676944,CP12_end,   1,    0.0000000000E+00,    1.5146341800E+02,    1.5146341800E+02,    0.0000000000E+00,    0.0000000000E+00,    0.0000000000E+00,    1.5146341800E+02
    127150,      0.676944,CP0_start,   1,    0.0000000000E+00,    1.5156214652E+02,    1.5156214652E+02,    0.0000000000E+00,    0.0000000000E+00,    0.0000000000E+00,    1.5156214652E+02
    127150,      0.676944,CP1_after_deposition,   1,    0.0000000000E+00,    1.5156214652E+02,    1.5156214652E+02,    0.0000000000E+00,    0.0000000000E+00,    0.0000000000E+00,    1.5156214652E+02
    127150,      0.676944,CP2_after_erosion,   1,    0.0000000000E+00,    1.5156214652E+02,    1.5156214652E+02,    0.0000000000E+00,    0.0000000000E+00,    0.0000000000E+00,    1.5156214652E+02
    127150,      0.676944,CP3_after_update_bottom,   1,    0.0000000000E+00,    1.5156214652E+02,    1.5156214652E+02,    0.0000000000E+00,    0.0000000000E+00,    0.0000000000E+00,    1.5156214652E+02
    127150,      0.676944,CP4_after_advection,   1,    0.0000000000E+00,    1.5156740804E+02,    1.5156740804E+02,    0.0000000000E+00,    0.0000000000E+00,    0.0000000000E+00,    1.5156740804E+02
    127150,      0.676944,CP5_after_vdif,   1,    0.0000000000E+00,    1.5156740804E+02,    1.5156740804E+02,    0.0000000000E+00,    0.0000000000E+00,    0.0000000000E+00,    1.5156740804E+02
    127150,      0.676944,CP6_after_kinetics,   1,    0.0000000000E+00,    1.5156740804E+02,    1.5156740804E+02,    0.0000000000E+00,    0.0000000000E+00,    0.0000000000E+00,    1.5156740804E+02
    127150,      0.676944,CP7_after_upper_clamp,   1,    0.0000000000E+00,    1.5156740804E+02,    1.5156740804E+02,    0.0000000000E+00,    0.0000000000E+00,    0.0000000000E+00,    1.5156740804E+02
    127150,      0.676944,CP8_after_OBC,   1,    0.0000000000E+00,    1.5156740804E+02,    1.5156740804E+02,    0.0000000000E+00,    0.0000000000E+00,    0.0000000000E+00,    1.5156740804E+02
    127150,      0.676944,CP9_after_PTsource,   1,    0.0000000000E+00,    1.5156740804E+02,    1.5156740804E+02,    0.0000000000E+00,    0.0000000000E+00,    0.0000000000E+00,    1.5156740804E+02
    127150,      0.676944,CP10_after_neg_clamp,   1,    0.0000000000E+00,    1.5156740804E+02,    1.5156740804E+02,    0.0000000000E+00,    0.0000000000E+00,    0.0000000000E+00,    1.5156740804E+02
    127150,      0.676944,CP11_after_MPI,   1,    0.0000000000E+00,    1.5156740804E+02,    1.5156740804E+02,    0.0000000000E+00,    0.0000000000E+00,    0.0000000000E+00,    1.5156740804E+02
    127150,      0.676944,CP12_end,   1,    0.0000000000E+00,    1.5156740804E+02,    1.5156740804E+02,    0.0000000000E+00,    0.0000000000E+00,    0.0000000000E+00,    1.5156740804E+02
    127200,      0.676944,CP0_start,   1,    0.0000000000E+00,    1.5166613306E+02,    1.5166613306E+02,    0.0000000000E+00,    0.0000000000E+00,    0.0000000000E+00,    1.5166613306E+02
    127200,      0.676944,CP1_after_deposition,   1,    0.0000000000E+00,    1.5166613306E+02,    1.5166613306E+02,    0.0000000000E+00,    0.0000000000E+00,    0.0000000000E+00,    1.5166613306E+02
    127200,      0.676944,CP2_after_erosion,   1,    0.0000000000E+00,    1.5166613306E+02,    1.5166613306E+02,    0.0000000000E+00,    0.0000000000E+00,    0.0000000000E+00,    1.5166613306E+02
    127200,      0.676944,CP3_after_update_bottom,   1,    0.0000000000E+00,    1.5166613306E+02,    1.5166613306E+02,    0.0000000000E+00,    0.0000000000E+00,    0.0000000000E+00,    1.5166613306E+02
    127200,      0.676944,CP4_after_advection,   1,    0.0000000000E+00,    1.5167137824E+02,    1.5167137824E+02,    0.0000000000E+00,    0.0000000000E+00,    0.0000000000E+00,    1.5167137824E+02
    127200,      0.676944,CP5_after_vdif,   1,    0.0000000000E+00,    1.5167137824E+02,    1.5167137824E+02,    0.0000000000E+00,    0.0000000000E+00,    0.0000000000E+00,    1.5167137824E+02
    127200,      0.676944,CP6_after_kinetics,   1,    0.0000000000E+00,    1.5167137824E+02,    1.5167137824E+02,    0.0000000000E+00,    0.0000000000E+00,    0.0000000000E+00,    1.5167137824E+02
    127200,      0.676944,CP7_after_upper_clamp,   1,    0.0000000000E+00,    1.5167137824E+02,    1.5167137824E+02,    0.0000000000E+00,    0.0000000000E+00,    0.0000000000E+00,    1.5167137824E+02
    127200,      0.676944,CP8_after_OBC,   1,    0.0000000000E+00,    1.5167137824E+02,    1.5167137824E+02,    0.0000000000E+00,    0.0000000000E+00,    0.0000000000E+00,    1.5167137824E+02
    127200,      0.676944,CP9_after_PTsource,   1,    0.0000000000E+00,    1.5167137824E+02,    1.5167137824E+02,    0.0000000000E+00,    0.0000000000E+00,    0.0000000000E+00,    1.5167137824E+02
    127200,      0.676944,CP10_after_neg_clamp,   1,    0.0000000000E+00,    1.5167137824E+02,    1.5167137824E+02,    0.0000000000E+00,    0.0000000000E+00,    0.0000000000E+00,    1.5167137824E+02
    127200,      0.676944,CP11_after_MPI,   1,    0.0000000000E+00,    1.5167137824E+02,    1.5167137824E+02,    0.0000000000E+00,    0.0000000000E+00,    0.0000000000E+00,    1.5167137824E+02
    127200,      0.676944,CP12_end,   1,    0.0000000000E+00,    1.5167137824E+02,    1.5167137824E+02,    0.0000000000E+00,    0.0000000000E+00,    0.0000000000E+00,    1.5167137824E+02
    127250,      0.676944,CP0_start,   1,    0.0000000000E+00,    1.5177009847E+02,    1.5177009847E+02,    0.0000000000E+00,    0.0000000000E+00,    0.0000000000E+00,    1.5177009847E+02
    127250,      0.676944,CP1_after_deposition,   1,    0.0000000000E+00,    1.5177009847E+02,    1.5177009847E+02,    0.0000000000E+00,    0.0000000000E+00,    0.0000000000E+00,    1.5177009847E+02
    127250,      0.676944,CP2_after_erosion,   1,    0.0000000000E+00,    1.5177009847E+02,    1.5177009847E+02,    0.0000000000E+00,    0.0000000000E+00,    0.0000000000E+00,    1.5177009847E+02
    127250,      0.676944,CP3_after_update_bottom,   1,    0.0000000000E+00,    1.5177009847E+02,    1.5177009847E+02,    0.0000000000E+00,    0.0000000000E+00,    0.0000000000E+00,    1.5177009847E+02
    127250,      0.676944,CP4_after_advection,   1,    0.0000000000E+00,    1.5177532675E+02,    1.5177532675E+02,    0.0000000000E+00,    0.0000000000E+00,    0.0000000000E+00,    1.5177532675E+02
    127250,      0.676944,CP5_after_vdif,   1,    0.0000000000E+00,    1.5177532675E+02,    1.5177532675E+02,    0.0000000000E+00,    0.0000000000E+00,    0.0000000000E+00,    1.5177532675E+02
    127250,      0.676944,CP6_after_kinetics,   1,    0.0000000000E+00,    1.5177532675E+02,    1.5177532675E+02,    0.0000000000E+00,    0.0000000000E+00,    0.0000000000E+00,    1.5177532675E+02
    127250,      0.676944,CP7_after_upper_clamp,   1,    0.0000000000E+00,    1.5177532675E+02,    1.5177532675E+02,    0.0000000000E+00,    0.0000000000E+00,    0.0000000000E+00,    1.5177532675E+02
    127250,      0.676944,CP8_after_OBC,   1,    0.0000000000E+00,    1.5177532675E+02,    1.5177532675E+02,    0.0000000000E+00,    0.0000000000E+00,    0.0000000000E+00,    1.5177532675E+02
    127250,      0.676944,CP9_after_PTsource,   1,    0.0000000000E+00,    1.5177532675E+02,    1.5177532675E+02,    0.0000000000E+00,    0.0000000000E+00,    0.0000000000E+00,    1.5177532675E+02
    127250,      0.676944,CP10_after_neg_clamp,   1,    0.0000000000E+00,    1.5177532675E+02,    1.5177532675E+02,    0.0000000000E+00,    0.0000000000E+00,    0.0000000000E+00,    1.5177532675E+02
    127250,      0.676944,CP11_after_MPI,   1,    0.0000000000E+00,    1.5177532675E+02,    1.5177532675E+02,    0.0000000000E+00,    0.0000000000E+00,    0.0000000000E+00,    1.5177532675E+02
    127250,      0.676944,CP12_end,   1,    0.0000000000E+00,    1.5177532675E+02,    1.5177532675E+02,    0.0000000000E+00,    0.0000000000E+00,    0.0000000000E+00,    1.5177532675E+02
    127300,      0.676944,CP0_start,   1,    0.0000000000E+00,    1.5187403873E+02,    1.5187403873E+02,    0.0000000000E+00,    0.0000000000E+00,    0.0000000000E+00,    1.5187403873E+02
    127300,      0.676944,CP1_after_deposition,   1,    0.0000000000E+00,    1.5187403873E+02,    1.5187403873E+02,    0.0000000000E+00,    0.0000000000E+00,    0.0000000000E+00,    1.5187403873E+02
    127300,      0.676944,CP2_after_erosion,   1,    0.0000000000E+00,    1.5187403873E+02,    1.5187403873E+02,    0.0000000000E+00,    0.0000000000E+00,    0.0000000000E+00,    1.5187403873E+02
    127300,      0.676944,CP3_after_update_bottom,   1,    0.0000000000E+00,    1.5187403873E+02,    1.5187403873E+02,    0.0000000000E+00,    0.0000000000E+00,    0.0000000000E+00,    1.5187403873E+02
    127300,      0.676944,CP4_after_advection,   1,    0.0000000000E+00,    1.5187924973E+02,    1.5187924973E+02,    0.0000000000E+00,    0.0000000000E+00,    0.0000000000E+00,    1.5187924973E+02
    127300,      0.676944,CP5_after_vdif,   1,    0.0000000000E+00,    1.5187924973E+02,    1.5187924973E+02,    0.0000000000E+00,    0.0000000000E+00,    0.0000000000E+00,    1.5187924973E+02
    127300,      0.676944,CP6_after_kinetics,   1,    0.0000000000E+00,    1.5187924973E+02,    1.5187924973E+02,    0.0000000000E+00,    0.0000000000E+00,    0.0000000000E+00,    1.5187924973E+02
    127300,      0.676944,CP7_after_upper_clamp,   1,    0.0000000000E+00,    1.5187924973E+02,    1.5187924973E+02,    0.0000000000E+00,    0.0000000000E+00,    0.0000000000E+00,    1.5187924973E+02
    127300,      0.676944,CP8_after_OBC,   1,    0.0000000000E+00,    1.5187924973E+02,    1.5187924973E+02,    0.0000000000E+00,    0.0000000000E+00,    0.0000000000E+00,    1.5187924973E+02
    127300,      0.676944,CP9_after_PTsource,   1,    0.0000000000E+00,    1.5187924973E+02,    1.5187924973E+02,    0.0000000000E+00,    0.0000000000E+00,    0.0000000000E+00,    1.5187924973E+02
    127300,      0.676944,CP10_after_neg_clamp,   1,    0.0000000000E+00,    1.5187924973E+02,    1.5187924973E+02,    0.0000000000E+00,    0.0000000000E+00,    0.0000000000E+00,    1.5187924973E+02
    127300,      0.676944,CP11_after_MPI,   1,    0.0000000000E+00,    1.5187924973E+02,    1.5187924973E+02,    0.0000000000E+00,    0.0000000000E+00,    0.0000000000E+00,    1.5187924973E+02
    127300,      0.676944,CP12_end,   1,    0.0000000000E+00,    1.5187924973E+02,    1.5187924973E+02,    0.0000000000E+00,    0.0000000000E+00,    0.0000000000E+00,    1.5187924973E+02
    127350,      0.676944,CP0_start,   1,    0.0000000000E+00,    1.5197801509E+02,    1.5197801509E+02,    0.0000000000E+00,    0.0000000000E+00,    0.0000000000E+00,    1.5197801509E+02
    127350,      0.676944,CP1_after_deposition,   1,    0.0000000000E+00,    1.5197801509E+02,    1.5197801509E+02,    0.0000000000E+00,    0.0000000000E+00,    0.0000000000E+00,    1.5197801509E+02
    127350,      0.676944,CP2_after_erosion,   1,    0.0000000000E+00,    1.5197801509E+02,    1.5197801509E+02,    0.0000000000E+00,    0.0000000000E+00,    0.0000000000E+00,    1.5197801509E+02
    127350,      0.676944,CP3_after_update_bottom,   1,    0.0000000000E+00,    1.5197801509E+02,    1.5197801509E+02,    0.0000000000E+00,    0.0000000000E+00,    0.0000000000E+00,    1.5197801509E+02
    127350,      0.676944,CP4_after_advection,   1,    0.0000000000E+00,    1.5198321018E+02,    1.5198321018E+02,    0.0000000000E+00,    0.0000000000E+00,    0.0000000000E+00,    1.5198321018E+02
    127350,      0.676944,CP5_after_vdif,   1,    0.0000000000E+00,    1.5198321018E+02,    1.5198321018E+02,    0.0000000000E+00,    0.0000000000E+00,    0.0000000000E+00,    1.5198321018E+02
    127350,      0.676944,CP6_after_kinetics,   1,    0.0000000000E+00,    1.5198321018E+02,    1.5198321018E+02,    0.0000000000E+00,    0.0000000000E+00,    0.0000000000E+00,    1.5198321018E+02
    127350,      0.676944,CP7_after_upper_clamp,   1,    0.0000000000E+00,    1.5198321018E+02,    1.5198321018E+02,    0.0000000000E+00,    0.0000000000E+00,    0.0000000000E+00,    1.5198321018E+02
    127350,      0.676944,CP8_after_OBC,   1,    0.0000000000E+00,    1.5198321018E+02,    1.5198321018E+02,    0.0000000000E+00,    0.0000000000E+00,    0.0000000000E+00,    1.5198321018E+02
    127350,      0.676944,CP9_after_PTsource,   1,    0.0000000000E+00,    1.5198321018E+02,    1.5198321018E+02,    0.0000000000E+00,    0.0000000000E+00,    0.0000000000E+00,    1.5198321018E+02
    127350,      0.676944,CP10_after_neg_clamp,   1,    0.0000000000E+00,    1.5198321018E+02,    1.5198321018E+02,    0.0000000000E+00,    0.0000000000E+00,    0.0000000000E+00,    1.5198321018E+02
    127350,      0.676944,CP11_after_MPI,   1,    0.0000000000E+00,    1.5198321018E+02,    1.5198321018E+02,    0.0000000000E+00,    0.0000000000E+00,    0.0000000000E+00,    1.5198321018E+02
    127350,      0.676944,CP12_end,   1,    0.0000000000E+00,    1.5198321018E+02,    1.5198321018E+02,    0.0000000000E+00,    0.0000000000E+00,    0.0000000000E+00,    1.5198321018E+02
    127400,      0.676944,CP0_start,   1,    0.0000000000E+00,    1.5208205659E+02,    1.5208205659E+02,    0.0000000000E+00,    0.0000000000E+00,    0.0000000000E+00,    1.5208205659E+02
    127400,      0.676944,CP1_after_deposition,   1,    0.0000000000E+00,    1.5208205659E+02,    1.5208205659E+02,    0.0000000000E+00,    0.0000000000E+00,    0.0000000000E+00,    1.5208205659E+02
    127400,      0.676944,CP2_after_erosion,   1,    0.0000000000E+00,    1.5208205659E+02,    1.5208205659E+02,    0.0000000000E+00,    0.0000000000E+00,    0.0000000000E+00,    1.5208205659E+02
    127400,      0.676944,CP3_after_update_bottom,   1,    0.0000000000E+00,    1.5208205659E+02,    1.5208205659E+02,    0.0000000000E+00,    0.0000000000E+00,    0.0000000000E+00,    1.5208205659E+02
    127400,      0.676944,CP4_after_advection,   1,    0.0000000000E+00,    1.5208723594E+02,    1.5208723594E+02,    0.0000000000E+00,    0.0000000000E+00,    0.0000000000E+00,    1.5208723594E+02
    127400,      0.676944,CP5_after_vdif,   1,    0.0000000000E+00,    1.5208723594E+02,    1.5208723594E+02,    0.0000000000E+00,    0.0000000000E+00,    0.0000000000E+00,    1.5208723594E+02
    127400,      0.676944,CP6_after_kinetics,   1,    0.0000000000E+00,    1.5208723594E+02,    1.5208723594E+02,    0.0000000000E+00,    0.0000000000E+00,    0.0000000000E+00,    1.5208723594E+02
    127400,      0.676944,CP7_after_upper_clamp,   1,    0.0000000000E+00,    1.5208723594E+02,    1.5208723594E+02,    0.0000000000E+00,    0.0000000000E+00,    0.0000000000E+00,    1.5208723594E+02
    127400,      0.676944,CP8_after_OBC,   1,    0.0000000000E+00,    1.5208723594E+02,    1.5208723594E+02,    0.0000000000E+00,    0.0000000000E+00,    0.0000000000E+00,    1.5208723594E+02
    127400,      0.676944,CP9_after_PTsource,   1,    0.0000000000E+00,    1.5208723594E+02,    1.5208723594E+02,    0.0000000000E+00,    0.0000000000E+00,    0.0000000000E+00,    1.5208723594E+02
    127400,      0.676944,CP10_after_neg_clamp,   1,    0.0000000000E+00,    1.5208723594E+02,    1.5208723594E+02,    0.0000000000E+00,    0.0000000000E+00,    0.0000000000E+00,    1.5208723594E+02
    127400,      0.676944,CP11_after_MPI,   1,    0.0000000000E+00,    1.5208723594E+02,    1.5208723594E+02,    0.0000000000E+00,    0.0000000000E+00,    0.0000000000E+00,    1.5208723594E+02
    127400,      0.676944,CP12_end,   1,    0.0000000000E+00,    1.5208723594E+02,    1.5208723594E+02,    0.0000000000E+00,    0.0000000000E+00,    0.0000000000E+00,    1.5208723594E+02
    127450,      0.676944,CP0_start,   1,    0.0000000000E+00,    1.5218612595E+02,    1.5218612595E+02,    0.0000000000E+00,    0.0000000000E+00,    0.0000000000E+00,    1.5218612595E+02
    127450,      0.676944,CP1_after_deposition,   1,    0.0000000000E+00,    1.5218612595E+02,    1.5218612595E+02,    0.0000000000E+00,    0.0000000000E+00,    0.0000000000E+00,    1.5218612595E+02
    127450,      0.676944,CP2_after_erosion,   1,    0.0000000000E+00,    1.5218612595E+02,    1.5218612595E+02,    0.0000000000E+00,    0.0000000000E+00,    0.0000000000E+00,    1.5218612595E+02
    127450,      0.676944,CP3_after_update_bottom,   1,    0.0000000000E+00,    1.5218612595E+02,    1.5218612595E+02,    0.0000000000E+00,    0.0000000000E+00,    0.0000000000E+00,    1.5218612595E+02
    127450,      0.676944,CP4_after_advection,   1,    0.0000000000E+00,    1.5219129039E+02,    1.5219129039E+02,    0.0000000000E+00,    0.0000000000E+00,    0.0000000000E+00,    1.5219129039E+02
    127450,      0.676944,CP5_after_vdif,   1,    0.0000000000E+00,    1.5219129039E+02,    1.5219129039E+02,    0.0000000000E+00,    0.0000000000E+00,    0.0000000000E+00,    1.5219129039E+02
    127450,      0.676944,CP6_after_kinetics,   1,    0.0000000000E+00,    1.5219129039E+02,    1.5219129039E+02,    0.0000000000E+00,    0.0000000000E+00,    0.0000000000E+00,    1.5219129039E+02
    127450,      0.676944,CP7_after_upper_clamp,   1,    0.0000000000E+00,    1.5219129039E+02,    1.5219129039E+02,    0.0000000000E+00,    0.0000000000E+00,    0.0000000000E+00,    1.5219129039E+02
    127450,      0.676944,CP8_after_OBC,   1,    0.0000000000E+00,    1.5219129039E+02,    1.5219129039E+02,    0.0000000000E+00,    0.0000000000E+00,    0.0000000000E+00,    1.5219129039E+02
    127450,      0.676944,CP9_after_PTsource,   1,    0.0000000000E+00,    1.5219129039E+02,    1.5219129039E+02,    0.0000000000E+00,    0.0000000000E+00,    0.0000000000E+00,    1.5219129039E+02
    127450,      0.676944,CP10_after_neg_clamp,   1,    0.0000000000E+00,    1.5219129039E+02,    1.5219129039E+02,    0.0000000000E+00,    0.0000000000E+00,    0.0000000000E+00,    1.5219129039E+02
    127450,      0.676944,CP11_after_MPI,   1,    0.0000000000E+00,    1.5219129039E+02,    1.5219129039E+02,    0.0000000000E+00,    0.0000000000E+00,    0.0000000000E+00,    1.5219129039E+02
    127450,      0.676944,CP12_end,   1,    0.0000000000E+00,    1.5219129039E+02,    1.5219129039E+02,    0.0000000000E+00,    0.0000000000E+00,    0.0000000000E+00,    1.5219129039E+02
    127500,      0.676944,CP0_start,   1,    0.0000000000E+00,    1.5229029284E+02,    1.5229029284E+02,    0.0000000000E+00,    0.0000000000E+00,    0.0000000000E+00,    1.5229029284E+02
    127500,      0.676944,CP1_after_deposition,   1,    0.0000000000E+00,    1.5229029284E+02,    1.5229029284E+02,    0.0000000000E+00,    0.0000000000E+00,    0.0000000000E+00,    1.5229029284E+02
    127500,      0.676944,CP2_after_erosion,   1,    0.0000000000E+00,    1.5229029284E+02,    1.5229029284E+02,    0.0000000000E+00,    0.0000000000E+00,    0.0000000000E+00,    1.5229029284E+02
    127500,      0.676944,CP3_after_update_bottom,   1,    0.0000000000E+00,    1.5229029284E+02,    1.5229029284E+02,    0.0000000000E+00,    0.0000000000E+00,    0.0000000000E+00,    1.5229029284E+02
    127500,      0.676944,CP4_after_advection,   1,    0.0000000000E+00,    1.5229544613E+02,    1.5229544613E+02,    0.0000000000E+00,    0.0000000000E+00,    0.0000000000E+00,    1.5229544613E+02
    127500,      0.676944,CP5_after_vdif,   1,    0.0000000000E+00,    1.5229544613E+02,    1.5229544613E+02,    0.0000000000E+00,    0.0000000000E+00,    0.0000000000E+00,    1.5229544613E+02
    127500,      0.676944,CP6_after_kinetics,   1,    0.0000000000E+00,    1.5229544613E+02,    1.5229544613E+02,    0.0000000000E+00,    0.0000000000E+00,    0.0000000000E+00,    1.5229544613E+02
    127500,      0.676944,CP7_after_upper_clamp,   1,    0.0000000000E+00,    1.5229544613E+02,    1.5229544613E+02,    0.0000000000E+00,    0.0000000000E+00,    0.0000000000E+00,    1.5229544613E+02
    127500,      0.676944,CP8_after_OBC,   1,    0.0000000000E+00,    1.5229544613E+02,    1.5229544613E+02,    0.0000000000E+00,    0.0000000000E+00,    0.0000000000E+00,    1.5229544613E+02
    127500,      0.676944,CP9_after_PTsource,   1,    0.0000000000E+00,    1.5229544613E+02,    1.5229544613E+02,    0.0000000000E+00,    0.0000000000E+00,    0.0000000000E+00,    1.5229544613E+02
    127500,      0.676944,CP10_after_neg_clamp,   1,    0.0000000000E+00,    1.5229544613E+02,    1.5229544613E+02,    0.0000000000E+00,    0.0000000000E+00,    0.0000000000E+00,    1.5229544613E+02
    127500,      0.676944,CP11_after_MPI,   1,    0.0000000000E+00,    1.5229544613E+02,    1.5229544613E+02,    0.0000000000E+00,    0.0000000000E+00,    0.0000000000E+00,    1.5229544613E+02
    127500,      0.676944,CP12_end,   1,    0.0000000000E+00,    1.5229544613E+02,    1.5229544613E+02,    0.0000000000E+00,    0.0000000000E+00,    0.0000000000E+00,    1.5229544613E+02
    127550,      0.676944,CP0_start,   1,    0.0000000000E+00,    1.5239464947E+02,    1.5239464947E+02,    0.0000000000E+00,    0.0000000000E+00,    0.0000000000E+00,    1.5239464947E+02
    127550,      0.676944,CP1_after_deposition,   1,    0.0000000000E+00,    1.5239464947E+02,    1.5239464947E+02,    0.0000000000E+00,    0.0000000000E+00,    0.0000000000E+00,    1.5239464947E+02
    127550,      0.676944,CP2_after_erosion,   1,    0.0000000000E+00,    1.5239464947E+02,    1.5239464947E+02,    0.0000000000E+00,    0.0000000000E+00,    0.0000000000E+00,    1.5239464947E+02
    127550,      0.676944,CP3_after_update_bottom,   1,    0.0000000000E+00,    1.5239464947E+02,    1.5239464947E+02,    0.0000000000E+00,    0.0000000000E+00,    0.0000000000E+00,    1.5239464947E+02
    127550,      0.676944,CP4_after_advection,   1,    0.0000000000E+00,    1.5239978758E+02,    1.5239978758E+02,    0.0000000000E+00,    0.0000000000E+00,    0.0000000000E+00,    1.5239978758E+02
    127550,      0.676944,CP5_after_vdif,   1,    0.0000000000E+00,    1.5239978758E+02,    1.5239978758E+02,    0.0000000000E+00,    0.0000000000E+00,    0.0000000000E+00,    1.5239978758E+02
    127550,      0.676944,CP6_after_kinetics,   1,    0.0000000000E+00,    1.5239978758E+02,    1.5239978758E+02,    0.0000000000E+00,    0.0000000000E+00,    0.0000000000E+00,    1.5239978758E+02
    127550,      0.676944,CP7_after_upper_clamp,   1,    0.0000000000E+00,    1.5239978758E+02,    1.5239978758E+02,    0.0000000000E+00,    0.0000000000E+00,    0.0000000000E+00,    1.5239978758E+02
    127550,      0.676944,CP8_after_OBC,   1,    0.0000000000E+00,    1.5239978758E+02,    1.5239978758E+02,    0.0000000000E+00,    0.0000000000E+00,    0.0000000000E+00,    1.5239978758E+02
    127550,      0.676944,CP9_after_PTsource,   1,    0.0000000000E+00,    1.5239978758E+02,    1.5239978758E+02,    0.0000000000E+00,    0.0000000000E+00,    0.0000000000E+00,    1.5239978758E+02
    127550,      0.676944,CP10_after_neg_clamp,   1,    0.0000000000E+00,    1.5239978758E+02,    1.5239978758E+02,    0.0000000000E+00,    0.0000000000E+00,    0.0000000000E+00,    1.5239978758E+02
    127550,      0.676944,CP11_after_MPI,   1,    0.0000000000E+00,    1.5239978758E+02,    1.5239978758E+02,    0.0000000000E+00,    0.0000000000E+00,    0.0000000000E+00,    1.5239978758E+02
    127550,      0.676944,CP12_end,   1,    0.0000000000E+00,    1.5239978758E+02,    1.5239978758E+02,    0.0000000000E+00,    0.0000000000E+00,    0.0000000000E+00,    1.5239978758E+02
    127600,      0.676944,CP0_start,   1,    0.0000000000E+00,    1.5249917620E+02,    1.5249917620E+02,    0.0000000000E+00,    0.0000000000E+00,    0.0000000000E+00,    1.5249917620E+02
    127600,      0.676944,CP1_after_deposition,   1,    0.0000000000E+00,    1.5249917620E+02,    1.5249917620E+02,    0.0000000000E+00,    0.0000000000E+00,    0.0000000000E+00,    1.5249917620E+02
    127600,      0.676944,CP2_after_erosion,   1,    0.0000000000E+00,    1.5249917620E+02,    1.5249917620E+02,    0.0000000000E+00,    0.0000000000E+00,    0.0000000000E+00,    1.5249917620E+02
    127600,      0.676944,CP3_after_update_bottom,   1,    0.0000000000E+00,    1.5249917620E+02,    1.5249917620E+02,    0.0000000000E+00,    0.0000000000E+00,    0.0000000000E+00,    1.5249917620E+02
    127600,      0.676944,CP4_after_advection,   1,    0.0000000000E+00,    1.5250430802E+02,    1.5250430802E+02,    0.0000000000E+00,    0.0000000000E+00,    0.0000000000E+00,    1.5250430802E+02
    127600,      0.676944,CP5_after_vdif,   1,    0.0000000000E+00,    1.5250430802E+02,    1.5250430802E+02,    0.0000000000E+00,    0.0000000000E+00,    0.0000000000E+00,    1.5250430802E+02
    127600,      0.676944,CP6_after_kinetics,   1,    0.0000000000E+00,    1.5250430802E+02,    1.5250430802E+02,    0.0000000000E+00,    0.0000000000E+00,    0.0000000000E+00,    1.5250430802E+02
    127600,      0.676944,CP7_after_upper_clamp,   1,    0.0000000000E+00,    1.5250430802E+02,    1.5250430802E+02,    0.0000000000E+00,    0.0000000000E+00,    0.0000000000E+00,    1.5250430802E+02
    127600,      0.676944,CP8_after_OBC,   1,    0.0000000000E+00,    1.5250430802E+02,    1.5250430802E+02,    0.0000000000E+00,    0.0000000000E+00,    0.0000000000E+00,    1.5250430802E+02
    127600,      0.676944,CP9_after_PTsource,   1,    0.0000000000E+00,    1.5250430802E+02,    1.5250430802E+02,    0.0000000000E+00,    0.0000000000E+00,    0.0000000000E+00,    1.5250430802E+02
    127600,      0.676944,CP10_after_neg_clamp,   1,    0.0000000000E+00,    1.5250430802E+02,    1.5250430802E+02,    0.0000000000E+00,    0.0000000000E+00,    0.0000000000E+00,    1.5250430802E+02
    127600,      0.676944,CP11_after_MPI,   1,    0.0000000000E+00,    1.5250430802E+02,    1.5250430802E+02,    0.0000000000E+00,    0.0000000000E+00,    0.0000000000E+00,    1.5250430802E+02
    127600,      0.676944,CP12_end,   1,    0.0000000000E+00,    1.5250430802E+02,    1.5250430802E+02,    0.0000000000E+00,    0.0000000000E+00,    0.0000000000E+00,    1.5250430802E+02
    127650,      0.676944,CP0_start,   1,    0.0000000000E+00,    1.5260391251E+02,    1.5260391251E+02,    0.0000000000E+00,    0.0000000000E+00,    0.0000000000E+00,    1.5260391251E+02
    127650,      0.676944,CP1_after_deposition,   1,    0.0000000000E+00,    1.5260391251E+02,    1.5260391251E+02,    0.0000000000E+00,    0.0000000000E+00,    0.0000000000E+00,    1.5260391251E+02
    127650,      0.676944,CP2_after_erosion,   1,    0.0000000000E+00,    1.5260391251E+02,    1.5260391251E+02,    0.0000000000E+00,    0.0000000000E+00,    0.0000000000E+00,    1.5260391251E+02
    127650,      0.676944,CP3_after_update_bottom,   1,    0.0000000000E+00,    1.5260391251E+02,    1.5260391251E+02,    0.0000000000E+00,    0.0000000000E+00,    0.0000000000E+00,    1.5260391251E+02
    127650,      0.676944,CP4_after_advection,   1,    0.0000000000E+00,    1.5260902555E+02,    1.5260902555E+02,    0.0000000000E+00,    0.0000000000E+00,    0.0000000000E+00,    1.5260902555E+02
    127650,      0.676944,CP5_after_vdif,   1,    0.0000000000E+00,    1.5260902555E+02,    1.5260902555E+02,    0.0000000000E+00,    0.0000000000E+00,    0.0000000000E+00,    1.5260902555E+02
    127650,      0.676944,CP6_after_kinetics,   1,    0.0000000000E+00,    1.5260902555E+02,    1.5260902555E+02,    0.0000000000E+00,    0.0000000000E+00,    0.0000000000E+00,    1.5260902555E+02
    127650,      0.676944,CP7_after_upper_clamp,   1,    0.0000000000E+00,    1.5260902555E+02,    1.5260902555E+02,    0.0000000000E+00,    0.0000000000E+00,    0.0000000000E+00,    1.5260902555E+02
    127650,      0.676944,CP8_after_OBC,   1,    0.0000000000E+00,    1.5260902555E+02,    1.5260902555E+02,    0.0000000000E+00,    0.0000000000E+00,    0.0000000000E+00,    1.5260902555E+02
    127650,      0.676944,CP9_after_PTsource,   1,    0.0000000000E+00,    1.5260902555E+02,    1.5260902555E+02,    0.0000000000E+00,    0.0000000000E+00,    0.0000000000E+00,    1.5260902555E+02
    127650,      0.676944,CP10_after_neg_clamp,   1,    0.0000000000E+00,    1.5260902555E+02,    1.5260902555E+02,    0.0000000000E+00,    0.0000000000E+00,    0.0000000000E+00,    1.5260902555E+02
    127650,      0.676944,CP11_after_MPI,   1,    0.0000000000E+00,    1.5260902555E+02,    1.5260902555E+02,    0.0000000000E+00,    0.0000000000E+00,    0.0000000000E+00,    1.5260902555E+02
    127650,      0.676944,CP12_end,   1,    0.0000000000E+00,    1.5260902555E+02,    1.5260902555E+02,    0.0000000000E+00,    0.0000000000E+00,    0.0000000000E+00,    1.5260902555E+02
    127700,      0.676944,CP0_start,   1,    0.0000000000E+00,    1.5270887091E+02,    1.5270887091E+02,    0.0000000000E+00,    0.0000000000E+00,    0.0000000000E+00,    1.5270887091E+02
    127700,      0.676944,CP1_after_deposition,   1,    0.0000000000E+00,    1.5270887091E+02,    1.5270887091E+02,    0.0000000000E+00,    0.0000000000E+00,    0.0000000000E+00,    1.5270887091E+02
    127700,      0.676944,CP2_after_erosion,   1,    0.0000000000E+00,    1.5270887091E+02,    1.5270887091E+02,    0.0000000000E+00,    0.0000000000E+00,    0.0000000000E+00,    1.5270887091E+02
    127700,      0.676944,CP3_after_update_bottom,   1,    0.0000000000E+00,    1.5270887091E+02,    1.5270887091E+02,    0.0000000000E+00,    0.0000000000E+00,    0.0000000000E+00,    1.5270887091E+02
    127700,      0.676944,CP4_after_advection,   1,    0.0000000000E+00,    1.5271396881E+02,    1.5271396881E+02,    0.0000000000E+00,    0.0000000000E+00,    0.0000000000E+00,    1.5271396881E+02
    127700,      0.676944,CP5_after_vdif,   1,    0.0000000000E+00,    1.5271396881E+02,    1.5271396881E+02,    0.0000000000E+00,    0.0000000000E+00,    0.0000000000E+00,    1.5271396881E+02
    127700,      0.676944,CP6_after_kinetics,   1,    0.0000000000E+00,    1.5271396881E+02,    1.5271396881E+02,    0.0000000000E+00,    0.0000000000E+00,    0.0000000000E+00,    1.5271396881E+02
    127700,      0.676944,CP7_after_upper_clamp,   1,    0.0000000000E+00,    1.5271396881E+02,    1.5271396881E+02,    0.0000000000E+00,    0.0000000000E+00,    0.0000000000E+00,    1.5271396881E+02
    127700,      0.676944,CP8_after_OBC,   1,    0.0000000000E+00,    1.5271396881E+02,    1.5271396881E+02,    0.0000000000E+00,    0.0000000000E+00,    0.0000000000E+00,    1.5271396881E+02
    127700,      0.676944,CP9_after_PTsource,   1,    0.0000000000E+00,    1.5271396881E+02,    1.5271396881E+02,    0.0000000000E+00,    0.0000000000E+00,    0.0000000000E+00,    1.5271396881E+02
    127700,      0.676944,CP10_after_neg_clamp,   1,    0.0000000000E+00,    1.5271396881E+02,    1.5271396881E+02,    0.0000000000E+00,    0.0000000000E+00,    0.0000000000E+00,    1.5271396881E+02
    127700,      0.676944,CP11_after_MPI,   1,    0.0000000000E+00,    1.5271396881E+02,    1.5271396881E+02,    0.0000000000E+00,    0.0000000000E+00,    0.0000000000E+00,    1.5271396881E+02
    127700,      0.676944,CP12_end,   1,    0.0000000000E+00,    1.5271396881E+02,    1.5271396881E+02,    0.0000000000E+00,    0.0000000000E+00,    0.0000000000E+00,    1.5271396881E+02
    127750,      0.676944,CP0_start,   1,    0.0000000000E+00,    1.5281403244E+02,    1.5281403244E+02,    0.0000000000E+00,    0.0000000000E+00,    0.0000000000E+00,    1.5281403244E+02
    127750,      0.676944,CP1_after_deposition,   1,    0.0000000000E+00,    1.5281403244E+02,    1.5281403244E+02,    0.0000000000E+00,    0.0000000000E+00,    0.0000000000E+00,    1.5281403244E+02
    127750,      0.676944,CP2_after_erosion,   1,    0.0000000000E+00,    1.5281403244E+02,    1.5281403244E+02,    0.0000000000E+00,    0.0000000000E+00,    0.0000000000E+00,    1.5281403244E+02
    127750,      0.676944,CP3_after_update_bottom,   1,    0.0000000000E+00,    1.5281403244E+02,    1.5281403244E+02,    0.0000000000E+00,    0.0000000000E+00,    0.0000000000E+00,    1.5281403244E+02
    127750,      0.676944,CP4_after_advection,   1,    0.0000000000E+00,    1.5281911195E+02,    1.5281911195E+02,    0.0000000000E+00,    0.0000000000E+00,    0.0000000000E+00,    1.5281911195E+02
    127750,      0.676944,CP5_after_vdif,   1,    0.0000000000E+00,    1.5281911195E+02,    1.5281911195E+02,    0.0000000000E+00,    0.0000000000E+00,    0.0000000000E+00,    1.5281911195E+02
    127750,      0.676944,CP6_after_kinetics,   1,    0.0000000000E+00,    1.5281911195E+02,    1.5281911195E+02,    0.0000000000E+00,    0.0000000000E+00,    0.0000000000E+00,    1.5281911195E+02
    127750,      0.676944,CP7_after_upper_clamp,   1,    0.0000000000E+00,    1.5281911195E+02,    1.5281911195E+02,    0.0000000000E+00,    0.0000000000E+00,    0.0000000000E+00,    1.5281911195E+02
    127750,      0.676944,CP8_after_OBC,   1,    0.0000000000E+00,    1.5281911195E+02,    1.5281911195E+02,    0.0000000000E+00,    0.0000000000E+00,    0.0000000000E+00,    1.5281911195E+02
    127750,      0.676944,CP9_after_PTsource,   1,    0.0000000000E+00,    1.5281911195E+02,    1.5281911195E+02,    0.0000000000E+00,    0.0000000000E+00,    0.0000000000E+00,    1.5281911195E+02
    127750,      0.676944,CP10_after_neg_clamp,   1,    0.0000000000E+00,    1.5281911195E+02,    1.5281911195E+02,    0.0000000000E+00,    0.0000000000E+00,    0.0000000000E+00,    1.5281911195E+02
    127750,      0.676944,CP11_after_MPI,   1,    0.0000000000E+00,    1.5281911195E+02,    1.5281911195E+02,    0.0000000000E+00,    0.0000000000E+00,    0.0000000000E+00,    1.5281911195E+02
    127750,      0.676944,CP12_end,   1,    0.0000000000E+00,    1.5281911195E+02,    1.5281911195E+02,    0.0000000000E+00,    0.0000000000E+00,    0.0000000000E+00,    1.5281911195E+02
    127800,      0.676944,CP0_start,   1,    0.0000000000E+00,    1.5291944540E+02,    1.5291944540E+02,    0.0000000000E+00,    0.0000000000E+00,    0.0000000000E+00,    1.5291944540E+02
    127800,      0.676944,CP1_after_deposition,   1,    0.0000000000E+00,    1.5291944540E+02,    1.5291944540E+02,    0.0000000000E+00,    0.0000000000E+00,    0.0000000000E+00,    1.5291944540E+02
    127800,      0.676944,CP2_after_erosion,   1,    0.0000000000E+00,    1.5291944540E+02,    1.5291944540E+02,    0.0000000000E+00,    0.0000000000E+00,    0.0000000000E+00,    1.5291944540E+02
    127800,      0.676944,CP3_after_update_bottom,   1,    0.0000000000E+00,    1.5291944540E+02,    1.5291944540E+02,    0.0000000000E+00,    0.0000000000E+00,    0.0000000000E+00,    1.5291944540E+02
    127800,      0.676944,CP4_after_advection,   1,    0.0000000000E+00,    1.5292451453E+02,    1.5292451453E+02,    0.0000000000E+00,    0.0000000000E+00,    0.0000000000E+00,    1.5292451453E+02
    127800,      0.676944,CP5_after_vdif,   1,    0.0000000000E+00,    1.5292451453E+02,    1.5292451453E+02,    0.0000000000E+00,    0.0000000000E+00,    0.0000000000E+00,    1.5292451453E+02
    127800,      0.676944,CP6_after_kinetics,   1,    0.0000000000E+00,    1.5292451453E+02,    1.5292451453E+02,    0.0000000000E+00,    0.0000000000E+00,    0.0000000000E+00,    1.5292451453E+02
    127800,      0.676944,CP7_after_upper_clamp,   1,    0.0000000000E+00,    1.5292451453E+02,    1.5292451453E+02,    0.0000000000E+00,    0.0000000000E+00,    0.0000000000E+00,    1.5292451453E+02
    127800,      0.676944,CP8_after_OBC,   1,    0.0000000000E+00,    1.5292451453E+02,    1.5292451453E+02,    0.0000000000E+00,    0.0000000000E+00,    0.0000000000E+00,    1.5292451453E+02
    127800,      0.676944,CP9_after_PTsource,   1,    0.0000000000E+00,    1.5292451453E+02,    1.5292451453E+02,    0.0000000000E+00,    0.0000000000E+00,    0.0000000000E+00,    1.5292451453E+02
    127800,      0.676944,CP10_after_neg_clamp,   1,    0.0000000000E+00,    1.5292451453E+02,    1.5292451453E+02,    0.0000000000E+00,    0.0000000000E+00,    0.0000000000E+00,    1.5292451453E+02
    127800,      0.676944,CP11_after_MPI,   1,    0.0000000000E+00,    1.5292451453E+02,    1.5292451453E+02,    0.0000000000E+00,    0.0000000000E+00,    0.0000000000E+00,    1.5292451453E+02
    127800,      0.676944,CP12_end,   1,    0.0000000000E+00,    1.5292451453E+02,    1.5292451453E+02,    0.0000000000E+00,    0.0000000000E+00,    0.0000000000E+00,    1.5292451453E+02
    127850,      0.676944,CP0_start,   1,    0.0000000000E+00,    1.5302516823E+02,    1.5302516823E+02,    0.0000000000E+00,    0.0000000000E+00,    0.0000000000E+00,    1.5302516823E+02
    127850,      0.676944,CP1_after_deposition,   1,    0.0000000000E+00,    1.5302516823E+02,    1.5302516823E+02,    0.0000000000E+00,    0.0000000000E+00,    0.0000000000E+00,    1.5302516823E+02
    127850,      0.676944,CP2_after_erosion,   1,    0.0000000000E+00,    1.5302516823E+02,    1.5302516823E+02,    0.0000000000E+00,    0.0000000000E+00,    0.0000000000E+00,    1.5302516823E+02
    127850,      0.676944,CP3_after_update_bottom,   1,    0.0000000000E+00,    1.5302516823E+02,    1.5302516823E+02,    0.0000000000E+00,    0.0000000000E+00,    0.0000000000E+00,    1.5302516823E+02
    127850,      0.676944,CP4_after_advection,   1,    0.0000000000E+00,    1.5303022280E+02,    1.5303022280E+02,    0.0000000000E+00,    0.0000000000E+00,    0.0000000000E+00,    1.5303022280E+02
    127850,      0.676944,CP5_after_vdif,   1,    0.0000000000E+00,    1.5303022280E+02,    1.5303022280E+02,    0.0000000000E+00,    0.0000000000E+00,    0.0000000000E+00,    1.5303022280E+02
    127850,      0.676944,CP6_after_kinetics,   1,    0.0000000000E+00,    1.5303022280E+02,    1.5303022280E+02,    0.0000000000E+00,    0.0000000000E+00,    0.0000000000E+00,    1.5303022280E+02
    127850,      0.676944,CP7_after_upper_clamp,   1,    0.0000000000E+00,    1.5303022280E+02,    1.5303022280E+02,    0.0000000000E+00,    0.0000000000E+00,    0.0000000000E+00,    1.5303022280E+02
    127850,      0.676944,CP8_after_OBC,   1,    0.0000000000E+00,    1.5303022280E+02,    1.5303022280E+02,    0.0000000000E+00,    0.0000000000E+00,    0.0000000000E+00,    1.5303022280E+02
    127850,      0.676944,CP9_after_PTsource,   1,    0.0000000000E+00,    1.5303022280E+02,    1.5303022280E+02,    0.0000000000E+00,    0.0000000000E+00,    0.0000000000E+00,    1.5303022280E+02
    127850,      0.676944,CP10_after_neg_clamp,   1,    0.0000000000E+00,    1.5303022280E+02,    1.5303022280E+02,    0.0000000000E+00,    0.0000000000E+00,    0.0000000000E+00,    1.5303022280E+02
    127850,      0.676944,CP11_after_MPI,   1,    0.0000000000E+00,    1.5303022280E+02,    1.5303022280E+02,    0.0000000000E+00,    0.0000000000E+00,    0.0000000000E+00,    1.5303022280E+02
    127850,      0.676944,CP12_end,   1,    0.0000000000E+00,    1.5303022280E+02,    1.5303022280E+02,    0.0000000000E+00,    0.0000000000E+00,    0.0000000000E+00,    1.5303022280E+02
    127900,      0.676944,CP0_start,   1,    0.0000000000E+00,    1.5313109376E+02,    1.5313109376E+02,    0.0000000000E+00,    0.0000000000E+00,    0.0000000000E+00,    1.5313109376E+02
    127900,      0.676944,CP1_after_deposition,   1,    0.0000000000E+00,    1.5313109376E+02,    1.5313109376E+02,    0.0000000000E+00,    0.0000000000E+00,    0.0000000000E+00,    1.5313109376E+02
    127900,      0.676944,CP2_after_erosion,   1,    0.0000000000E+00,    1.5313109376E+02,    1.5313109376E+02,    0.0000000000E+00,    0.0000000000E+00,    0.0000000000E+00,    1.5313109376E+02
    127900,      0.676944,CP3_after_update_bottom,   1,    0.0000000000E+00,    1.5313109376E+02,    1.5313109376E+02,    0.0000000000E+00,    0.0000000000E+00,    0.0000000000E+00,    1.5313109376E+02
    127900,      0.676944,CP4_after_advection,   1,    0.0000000000E+00,    1.5313613616E+02,    1.5313613616E+02,    0.0000000000E+00,    0.0000000000E+00,    0.0000000000E+00,    1.5313613616E+02
    127900,      0.676944,CP5_after_vdif,   1,    0.0000000000E+00,    1.5313613616E+02,    1.5313613616E+02,    0.0000000000E+00,    0.0000000000E+00,    0.0000000000E+00,    1.5313613616E+02
    127900,      0.676944,CP6_after_kinetics,   1,    0.0000000000E+00,    1.5313613616E+02,    1.5313613616E+02,    0.0000000000E+00,    0.0000000000E+00,    0.0000000000E+00,    1.5313613616E+02
    127900,      0.676944,CP7_after_upper_clamp,   1,    0.0000000000E+00,    1.5313613616E+02,    1.5313613616E+02,    0.0000000000E+00,    0.0000000000E+00,    0.0000000000E+00,    1.5313613616E+02
    127900,      0.676944,CP8_after_OBC,   1,    0.0000000000E+00,    1.5313613616E+02,    1.5313613616E+02,    0.0000000000E+00,    0.0000000000E+00,    0.0000000000E+00,    1.5313613616E+02
    127900,      0.676944,CP9_after_PTsource,   1,    0.0000000000E+00,    1.5313613616E+02,    1.5313613616E+02,    0.0000000000E+00,    0.0000000000E+00,    0.0000000000E+00,    1.5313613616E+02
    127900,      0.676944,CP10_after_neg_clamp,   1,    0.0000000000E+00,    1.5313613616E+02,    1.5313613616E+02,    0.0000000000E+00,    0.0000000000E+00,    0.0000000000E+00,    1.5313613616E+02
    127900,      0.676944,CP11_after_MPI,   1,    0.0000000000E+00,    1.5313613616E+02,    1.5313613616E+02,    0.0000000000E+00,    0.0000000000E+00,    0.0000000000E+00,    1.5313613616E+02
    127900,      0.676944,CP12_end,   1,    0.0000000000E+00,    1.5313613616E+02,    1.5313613616E+02,    0.0000000000E+00,    0.0000000000E+00,    0.0000000000E+00,    1.5313613616E+02
    127950,      0.676944,CP0_start,   1,    0.0000000000E+00,    1.5323722584E+02,    1.5323722584E+02,    0.0000000000E+00,    0.0000000000E+00,    0.0000000000E+00,    1.5323722584E+02
    127950,      0.676944,CP1_after_deposition,   1,    0.0000000000E+00,    1.5323722584E+02,    1.5323722584E+02,    0.0000000000E+00,    0.0000000000E+00,    0.0000000000E+00,    1.5323722584E+02
    127950,      0.676944,CP2_after_erosion,   1,    0.0000000000E+00,    1.5323722584E+02,    1.5323722584E+02,    0.0000000000E+00,    0.0000000000E+00,    0.0000000000E+00,    1.5323722584E+02
    127950,      0.676944,CP3_after_update_bottom,   1,    0.0000000000E+00,    1.5323722584E+02,    1.5323722584E+02,    0.0000000000E+00,    0.0000000000E+00,    0.0000000000E+00,    1.5323722584E+02
    127950,      0.676944,CP4_after_advection,   1,    0.0000000000E+00,    1.5324225131E+02,    1.5324225131E+02,    0.0000000000E+00,    0.0000000000E+00,    0.0000000000E+00,    1.5324225131E+02
    127950,      0.676944,CP5_after_vdif,   1,    0.0000000000E+00,    1.5324225131E+02,    1.5324225131E+02,    0.0000000000E+00,    0.0000000000E+00,    0.0000000000E+00,    1.5324225131E+02
    127950,      0.676944,CP6_after_kinetics,   1,    0.0000000000E+00,    1.5324225131E+02,    1.5324225131E+02,    0.0000000000E+00,    0.0000000000E+00,    0.0000000000E+00,    1.5324225131E+02
    127950,      0.676944,CP7_after_upper_clamp,   1,    0.0000000000E+00,    1.5324225131E+02,    1.5324225131E+02,    0.0000000000E+00,    0.0000000000E+00,    0.0000000000E+00,    1.5324225131E+02
    127950,      0.676944,CP8_after_OBC,   1,    0.0000000000E+00,    1.5324225131E+02,    1.5324225131E+02,    0.0000000000E+00,    0.0000000000E+00,    0.0000000000E+00,    1.5324225131E+02
    127950,      0.676944,CP9_after_PTsource,   1,    0.0000000000E+00,    1.5324225131E+02,    1.5324225131E+02,    0.0000000000E+00,    0.0000000000E+00,    0.0000000000E+00,    1.5324225131E+02
    127950,      0.676944,CP10_after_neg_clamp,   1,    0.0000000000E+00,    1.5324225131E+02,    1.5324225131E+02,    0.0000000000E+00,    0.0000000000E+00,    0.0000000000E+00,    1.5324225131E+02
    127950,      0.676944,CP11_after_MPI,   1,    0.0000000000E+00,    1.5324225131E+02,    1.5324225131E+02,    0.0000000000E+00,    0.0000000000E+00,    0.0000000000E+00,    1.5324225131E+02
    127950,      0.676944,CP12_end,   1,    0.0000000000E+00,    1.5324225131E+02,    1.5324225131E+02,    0.0000000000E+00,    0.0000000000E+00,    0.0000000000E+00,    1.5324225131E+02
    128000,      0.676944,CP0_start,   1,    0.0000000000E+00,    1.5334347085E+02,    1.5334347085E+02,    0.0000000000E+00,    0.0000000000E+00,    0.0000000000E+00,    1.5334347085E+02
    128000,      0.676944,CP1_after_deposition,   1,    0.0000000000E+00,    1.5334347085E+02,    1.5334347085E+02,    0.0000000000E+00,    0.0000000000E+00,    0.0000000000E+00,    1.5334347085E+02
    128000,      0.676944,CP2_after_erosion,   1,    0.0000000000E+00,    1.5334347085E+02,    1.5334347085E+02,    0.0000000000E+00,    0.0000000000E+00,    0.0000000000E+00,    1.5334347085E+02
    128000,      0.676944,CP3_after_update_bottom,   1,    0.0000000000E+00,    1.5334347085E+02,    1.5334347085E+02,    0.0000000000E+00,    0.0000000000E+00,    0.0000000000E+00,    1.5334347085E+02
    128000,      0.676944,CP4_after_advection,   1,    0.0000000000E+00,    1.5334847998E+02,    1.5334847998E+02,    0.0000000000E+00,    0.0000000000E+00,    0.0000000000E+00,    1.5334847998E+02
    128000,      0.676944,CP5_after_vdif,   1,    0.0000000000E+00,    1.5334847998E+02,    1.5334847998E+02,    0.0000000000E+00,    0.0000000000E+00,    0.0000000000E+00,    1.5334847998E+02
    128000,      0.676944,CP6_after_kinetics,   1,    0.0000000000E+00,    1.5334847998E+02,    1.5334847998E+02,    0.0000000000E+00,    0.0000000000E+00,    0.0000000000E+00,    1.5334847998E+02
    128000,      0.676944,CP7_after_upper_clamp,   1,    0.0000000000E+00,    1.5334847998E+02,    1.5334847998E+02,    0.0000000000E+00,    0.0000000000E+00,    0.0000000000E+00,    1.5334847998E+02
    128000,      0.676944,CP8_after_OBC,   1,    0.0000000000E+00,    1.5334847998E+02,    1.5334847998E+02,    0.0000000000E+00,    0.0000000000E+00,    0.0000000000E+00,    1.5334847998E+02
    128000,      0.676944,CP9_after_PTsource,   1,    0.0000000000E+00,    1.5334847998E+02,    1.5334847998E+02,    0.0000000000E+00,    0.0000000000E+00,    0.0000000000E+00,    1.5334847998E+02
    128000,      0.676944,CP10_after_neg_clamp,   1,    0.0000000000E+00,    1.5334847998E+02,    1.5334847998E+02,    0.0000000000E+00,    0.0000000000E+00,    0.0000000000E+00,    1.5334847998E+02
    128000,      0.676944,CP11_after_MPI,   1,    0.0000000000E+00,    1.5334847998E+02,    1.5334847998E+02,    0.0000000000E+00,    0.0000000000E+00,    0.0000000000E+00,    1.5334847998E+02
    128000,      0.676944,CP12_end,   1,    0.0000000000E+00,    1.5334847998E+02,    1.5334847998E+02,    0.0000000000E+00,    0.0000000000E+00,    0.0000000000E+00,    1.5334847998E+02
    128050,      0.676944,CP0_start,   1,    0.0000000000E+00,    1.5344991241E+02,    1.5344991241E+02,    0.0000000000E+00,    0.0000000000E+00,    0.0000000000E+00,    1.5344991241E+02
    128050,      0.676944,CP1_after_deposition,   1,    0.0000000000E+00,    1.5344991241E+02,    1.5344991241E+02,    0.0000000000E+00,    0.0000000000E+00,    0.0000000000E+00,    1.5344991241E+02
    128050,      0.676944,CP2_after_erosion,   1,    0.0000000000E+00,    1.5344991241E+02,    1.5344991241E+02,    0.0000000000E+00,    0.0000000000E+00,    0.0000000000E+00,    1.5344991241E+02
    128050,      0.676944,CP3_after_update_bottom,   1,    0.0000000000E+00,    1.5344991241E+02,    1.5344991241E+02,    0.0000000000E+00,    0.0000000000E+00,    0.0000000000E+00,    1.5344991241E+02
    128050,      0.676944,CP4_after_advection,   1,    0.0000000000E+00,    1.5345490779E+02,    1.5345490779E+02,    0.0000000000E+00,    0.0000000000E+00,    0.0000000000E+00,    1.5345490779E+02
    128050,      0.676944,CP5_after_vdif,   1,    0.0000000000E+00,    1.5345490779E+02,    1.5345490779E+02,    0.0000000000E+00,    0.0000000000E+00,    0.0000000000E+00,    1.5345490779E+02
    128050,      0.676944,CP6_after_kinetics,   1,    0.0000000000E+00,    1.5345490779E+02,    1.5345490779E+02,    0.0000000000E+00,    0.0000000000E+00,    0.0000000000E+00,    1.5345490779E+02
    128050,      0.676944,CP7_after_upper_clamp,   1,    0.0000000000E+00,    1.5345490779E+02,    1.5345490779E+02,    0.0000000000E+00,    0.0000000000E+00,    0.0000000000E+00,    1.5345490779E+02
    128050,      0.676944,CP8_after_OBC,   1,    0.0000000000E+00,    1.5345490779E+02,    1.5345490779E+02,    0.0000000000E+00,    0.0000000000E+00,    0.0000000000E+00,    1.5345490779E+02
    128050,      0.676944,CP9_after_PTsource,   1,    0.0000000000E+00,    1.5345490779E+02,    1.5345490779E+02,    0.0000000000E+00,    0.0000000000E+00,    0.0000000000E+00,    1.5345490779E+02
    128050,      0.676944,CP10_after_neg_clamp,   1,    0.0000000000E+00,    1.5345490779E+02,    1.5345490779E+02,    0.0000000000E+00,    0.0000000000E+00,    0.0000000000E+00,    1.5345490779E+02
    128050,      0.676944,CP11_after_MPI,   1,    0.0000000000E+00,    1.5345490779E+02,    1.5345490779E+02,    0.0000000000E+00,    0.0000000000E+00,    0.0000000000E+00,    1.5345490779E+02
    128050,      0.676944,CP12_end,   1,    0.0000000000E+00,    1.5345490779E+02,    1.5345490779E+02,    0.0000000000E+00,    0.0000000000E+00,    0.0000000000E+00,    1.5345490779E+02
    128100,      0.676944,CP0_start,   1,    0.0000000000E+00,    1.5355650085E+02,    1.5355650085E+02,    0.0000000000E+00,    0.0000000000E+00,    0.0000000000E+00,    1.5355650085E+02
    128100,      0.676944,CP1_after_deposition,   1,    0.0000000000E+00,    1.5355650085E+02,    1.5355650085E+02,    0.0000000000E+00,    0.0000000000E+00,    0.0000000000E+00,    1.5355650085E+02
    128100,      0.676944,CP2_after_erosion,   1,    0.0000000000E+00,    1.5355650085E+02,    1.5355650085E+02,    0.0000000000E+00,    0.0000000000E+00,    0.0000000000E+00,    1.5355650085E+02
    128100,      0.676944,CP3_after_update_bottom,   1,    0.0000000000E+00,    1.5355650085E+02,    1.5355650085E+02,    0.0000000000E+00,    0.0000000000E+00,    0.0000000000E+00,    1.5355650085E+02
    128100,      0.676944,CP4_after_advection,   1,    0.0000000000E+00,    1.5356147916E+02,    1.5356147916E+02,    0.0000000000E+00,    0.0000000000E+00,    0.0000000000E+00,    1.5356147916E+02
    128100,      0.676944,CP5_after_vdif,   1,    0.0000000000E+00,    1.5356147916E+02,    1.5356147916E+02,    0.0000000000E+00,    0.0000000000E+00,    0.0000000000E+00,    1.5356147916E+02
    128100,      0.676944,CP6_after_kinetics,   1,    0.0000000000E+00,    1.5356147916E+02,    1.5356147916E+02,    0.0000000000E+00,    0.0000000000E+00,    0.0000000000E+00,    1.5356147916E+02
    128100,      0.676944,CP7_after_upper_clamp,   1,    0.0000000000E+00,    1.5356147916E+02,    1.5356147916E+02,    0.0000000000E+00,    0.0000000000E+00,    0.0000000000E+00,    1.5356147916E+02
    128100,      0.676944,CP8_after_OBC,   1,    0.0000000000E+00,    1.5356147916E+02,    1.5356147916E+02,    0.0000000000E+00,    0.0000000000E+00,    0.0000000000E+00,    1.5356147916E+02
    128100,      0.676944,CP9_after_PTsource,   1,    0.0000000000E+00,    1.5356147916E+02,    1.5356147916E+02,    0.0000000000E+00,    0.0000000000E+00,    0.0000000000E+00,    1.5356147916E+02
    128100,      0.676944,CP10_after_neg_clamp,   1,    0.0000000000E+00,    1.5356147916E+02,    1.5356147916E+02,    0.0000000000E+00,    0.0000000000E+00,    0.0000000000E+00,    1.5356147916E+02
    128100,      0.676944,CP11_after_MPI,   1,    0.0000000000E+00,    1.5356147916E+02,    1.5356147916E+02,    0.0000000000E+00,    0.0000000000E+00,    0.0000000000E+00,    1.5356147916E+02
    128100,      0.676944,CP12_end,   1,    0.0000000000E+00,    1.5356147916E+02,    1.5356147916E+02,    0.0000000000E+00,    0.0000000000E+00,    0.0000000000E+00,    1.5356147916E+02
    128150,      0.676944,CP0_start,   1,    0.0000000000E+00,    1.5366318092E+02,    1.5366318092E+02,    0.0000000000E+00,    0.0000000000E+00,    0.0000000000E+00,    1.5366318092E+02
    128150,      0.676944,CP1_after_deposition,   1,    0.0000000000E+00,    1.5366318092E+02,    1.5366318092E+02,    0.0000000000E+00,    0.0000000000E+00,    0.0000000000E+00,    1.5366318092E+02
    128150,      0.676944,CP2_after_erosion,   1,    0.0000000000E+00,    1.5366318092E+02,    1.5366318092E+02,    0.0000000000E+00,    0.0000000000E+00,    0.0000000000E+00,    1.5366318092E+02
    128150,      0.676944,CP3_after_update_bottom,   1,    0.0000000000E+00,    1.5366318092E+02,    1.5366318092E+02,    0.0000000000E+00,    0.0000000000E+00,    0.0000000000E+00,    1.5366318092E+02
    128150,      0.676944,CP4_after_advection,   1,    0.0000000000E+00,    1.5366813990E+02,    1.5366813990E+02,    0.0000000000E+00,    0.0000000000E+00,    0.0000000000E+00,    1.5366813990E+02
    128150,      0.676944,CP5_after_vdif,   1,    0.0000000000E+00,    1.5366813990E+02,    1.5366813990E+02,    0.0000000000E+00,    0.0000000000E+00,    0.0000000000E+00,    1.5366813990E+02
    128150,      0.676944,CP6_after_kinetics,   1,    0.0000000000E+00,    1.5366813990E+02,    1.5366813990E+02,    0.0000000000E+00,    0.0000000000E+00,    0.0000000000E+00,    1.5366813990E+02
    128150,      0.676944,CP7_after_upper_clamp,   1,    0.0000000000E+00,    1.5366813990E+02,    1.5366813990E+02,    0.0000000000E+00,    0.0000000000E+00,    0.0000000000E+00,    1.5366813990E+02
    128150,      0.676944,CP8_after_OBC,   1,    0.0000000000E+00,    1.5366813990E+02,    1.5366813990E+02,    0.0000000000E+00,    0.0000000000E+00,    0.0000000000E+00,    1.5366813990E+02
    128150,      0.676944,CP9_after_PTsource,   1,    0.0000000000E+00,    1.5366813990E+02,    1.5366813990E+02,    0.0000000000E+00,    0.0000000000E+00,    0.0000000000E+00,    1.5366813990E+02
    128150,      0.676944,CP10_after_neg_clamp,   1,    0.0000000000E+00,    1.5366813990E+02,    1.5366813990E+02,    0.0000000000E+00,    0.0000000000E+00,    0.0000000000E+00,    1.5366813990E+02
    128150,      0.676944,CP11_after_MPI,   1,    0.0000000000E+00,    1.5366813990E+02,    1.5366813990E+02,    0.0000000000E+00,    0.0000000000E+00,    0.0000000000E+00,    1.5366813990E+02
    128150,      0.676944,CP12_end,   1,    0.0000000000E+00,    1.5366813990E+02,    1.5366813990E+02,    0.0000000000E+00,    0.0000000000E+00,    0.0000000000E+00,    1.5366813990E+02
    128200,      0.676944,CP0_start,   1,    0.0000000000E+00,    1.5376992341E+02,    1.5376992341E+02,    0.0000000000E+00,    0.0000000000E+00,    0.0000000000E+00,    1.5376992341E+02
    128200,      0.676944,CP1_after_deposition,   1,    0.0000000000E+00,    1.5376992341E+02,    1.5376992341E+02,    0.0000000000E+00,    0.0000000000E+00,    0.0000000000E+00,    1.5376992341E+02
    128200,      0.676944,CP2_after_erosion,   1,    0.0000000000E+00,    1.5376992341E+02,    1.5376992341E+02,    0.0000000000E+00,    0.0000000000E+00,    0.0000000000E+00,    1.5376992341E+02
    128200,      0.676944,CP3_after_update_bottom,   1,    0.0000000000E+00,    1.5376992341E+02,    1.5376992341E+02,    0.0000000000E+00,    0.0000000000E+00,    0.0000000000E+00,    1.5376992341E+02
    128200,      0.676944,CP4_after_advection,   1,    0.0000000000E+00,    1.5377486009E+02,    1.5377486009E+02,    0.0000000000E+00,    0.0000000000E+00,    0.0000000000E+00,    1.5377486009E+02
    128200,      0.676944,CP5_after_vdif,   1,    0.0000000000E+00,    1.5377486009E+02,    1.5377486009E+02,    0.0000000000E+00,    0.0000000000E+00,    0.0000000000E+00,    1.5377486009E+02
    128200,      0.676944,CP6_after_kinetics,   1,    0.0000000000E+00,    1.5377486009E+02,    1.5377486009E+02,    0.0000000000E+00,    0.0000000000E+00,    0.0000000000E+00,    1.5377486009E+02
    128200,      0.676944,CP7_after_upper_clamp,   1,    0.0000000000E+00,    1.5377486009E+02,    1.5377486009E+02,    0.0000000000E+00,    0.0000000000E+00,    0.0000000000E+00,    1.5377486009E+02
    128200,      0.676944,CP8_after_OBC,   1,    0.0000000000E+00,    1.5377486009E+02,    1.5377486009E+02,    0.0000000000E+00,    0.0000000000E+00,    0.0000000000E+00,    1.5377486009E+02
    128200,      0.676944,CP9_after_PTsource,   1,    0.0000000000E+00,    1.5377486009E+02,    1.5377486009E+02,    0.0000000000E+00,    0.0000000000E+00,    0.0000000000E+00,    1.5377486009E+02
    128200,      0.676944,CP10_after_neg_clamp,   1,    0.0000000000E+00,    1.5377486009E+02,    1.5377486009E+02,    0.0000000000E+00,    0.0000000000E+00,    0.0000000000E+00,    1.5377486009E+02
    128200,      0.676944,CP11_after_MPI,   1,    0.0000000000E+00,    1.5377486009E+02,    1.5377486009E+02,    0.0000000000E+00,    0.0000000000E+00,    0.0000000000E+00,    1.5377486009E+02
    128200,      0.676944,CP12_end,   1,    0.0000000000E+00,    1.5377486009E+02,    1.5377486009E+02,    0.0000000000E+00,    0.0000000000E+00,    0.0000000000E+00,    1.5377486009E+02
    128250,      0.676944,CP0_start,   1,    0.0000000000E+00,    1.5387668568E+02,    1.5387668568E+02,    0.0000000000E+00,    0.0000000000E+00,    0.0000000000E+00,    1.5387668568E+02
    128250,      0.676944,CP1_after_deposition,   1,    0.0000000000E+00,    1.5387668568E+02,    1.5387668568E+02,    0.0000000000E+00,    0.0000000000E+00,    0.0000000000E+00,    1.5387668568E+02
    128250,      0.676944,CP2_after_erosion,   1,    0.0000000000E+00,    1.5387668568E+02,    1.5387668568E+02,    0.0000000000E+00,    0.0000000000E+00,    0.0000000000E+00,    1.5387668568E+02
    128250,      0.676944,CP3_after_update_bottom,   1,    0.0000000000E+00,    1.5387668568E+02,    1.5387668568E+02,    0.0000000000E+00,    0.0000000000E+00,    0.0000000000E+00,    1.5387668568E+02
    128250,      0.676944,CP4_after_advection,   1,    0.0000000000E+00,    1.5388160438E+02,    1.5388160438E+02,    0.0000000000E+00,    0.0000000000E+00,    0.0000000000E+00,    1.5388160438E+02
    128250,      0.676944,CP5_after_vdif,   1,    0.0000000000E+00,    1.5388160438E+02,    1.5388160438E+02,    0.0000000000E+00,    0.0000000000E+00,    0.0000000000E+00,    1.5388160438E+02
    128250,      0.676944,CP6_after_kinetics,   1,    0.0000000000E+00,    1.5388160438E+02,    1.5388160438E+02,    0.0000000000E+00,    0.0000000000E+00,    0.0000000000E+00,    1.5388160438E+02
    128250,      0.676944,CP7_after_upper_clamp,   1,    0.0000000000E+00,    1.5388160438E+02,    1.5388160438E+02,    0.0000000000E+00,    0.0000000000E+00,    0.0000000000E+00,    1.5388160438E+02
    128250,      0.676944,CP8_after_OBC,   1,    0.0000000000E+00,    1.5388160438E+02,    1.5388160438E+02,    0.0000000000E+00,    0.0000000000E+00,    0.0000000000E+00,    1.5388160438E+02
    128250,      0.676944,CP9_after_PTsource,   1,    0.0000000000E+00,    1.5388160438E+02,    1.5388160438E+02,    0.0000000000E+00,    0.0000000000E+00,    0.0000000000E+00,    1.5388160438E+02
    128250,      0.676944,CP10_after_neg_clamp,   1,    0.0000000000E+00,    1.5388160438E+02,    1.5388160438E+02,    0.0000000000E+00,    0.0000000000E+00,    0.0000000000E+00,    1.5388160438E+02
    128250,      0.676944,CP11_after_MPI,   1,    0.0000000000E+00,    1.5388160438E+02,    1.5388160438E+02,    0.0000000000E+00,    0.0000000000E+00,    0.0000000000E+00,    1.5388160438E+02
    128250,      0.676944,CP12_end,   1,    0.0000000000E+00,    1.5388160438E+02,    1.5388160438E+02,    0.0000000000E+00,    0.0000000000E+00,    0.0000000000E+00,    1.5388160438E+02
    128300,      0.676944,CP0_start,   1,    0.0000000000E+00,    1.5398348265E+02,    1.5398348265E+02,    0.0000000000E+00,    0.0000000000E+00,    0.0000000000E+00,    1.5398348265E+02
    128300,      0.676944,CP1_after_deposition,   1,    0.0000000000E+00,    1.5398348265E+02,    1.5398348265E+02,    0.0000000000E+00,    0.0000000000E+00,    0.0000000000E+00,    1.5398348265E+02
    128300,      0.676944,CP2_after_erosion,   1,    0.0000000000E+00,    1.5398348265E+02,    1.5398348265E+02,    0.0000000000E+00,    0.0000000000E+00,    0.0000000000E+00,    1.5398348265E+02
    128300,      0.676944,CP3_after_update_bottom,   1,    0.0000000000E+00,    1.5398348265E+02,    1.5398348265E+02,    0.0000000000E+00,    0.0000000000E+00,    0.0000000000E+00,    1.5398348265E+02
    128300,      0.676944,CP4_after_advection,   1,    0.0000000000E+00,    1.5398838003E+02,    1.5398838003E+02,    0.0000000000E+00,    0.0000000000E+00,    0.0000000000E+00,    1.5398838003E+02
    128300,      0.676944,CP5_after_vdif,   1,    0.0000000000E+00,    1.5398838003E+02,    1.5398838003E+02,    0.0000000000E+00,    0.0000000000E+00,    0.0000000000E+00,    1.5398838003E+02
    128300,      0.676944,CP6_after_kinetics,   1,    0.0000000000E+00,    1.5398838003E+02,    1.5398838003E+02,    0.0000000000E+00,    0.0000000000E+00,    0.0000000000E+00,    1.5398838003E+02
    128300,      0.676944,CP7_after_upper_clamp,   1,    0.0000000000E+00,    1.5398838003E+02,    1.5398838003E+02,    0.0000000000E+00,    0.0000000000E+00,    0.0000000000E+00,    1.5398838003E+02
    128300,      0.676944,CP8_after_OBC,   1,    0.0000000000E+00,    1.5398838003E+02,    1.5398838003E+02,    0.0000000000E+00,    0.0000000000E+00,    0.0000000000E+00,    1.5398838003E+02
    128300,      0.676944,CP9_after_PTsource,   1,    0.0000000000E+00,    1.5398838003E+02,    1.5398838003E+02,    0.0000000000E+00,    0.0000000000E+00,    0.0000000000E+00,    1.5398838003E+02
    128300,      0.676944,CP10_after_neg_clamp,   1,    0.0000000000E+00,    1.5398838003E+02,    1.5398838003E+02,    0.0000000000E+00,    0.0000000000E+00,    0.0000000000E+00,    1.5398838003E+02
    128300,      0.676944,CP11_after_MPI,   1,    0.0000000000E+00,    1.5398838003E+02,    1.5398838003E+02,    0.0000000000E+00,    0.0000000000E+00,    0.0000000000E+00,    1.5398838003E+02
    128300,      0.676944,CP12_end,   1,    0.0000000000E+00,    1.5398838003E+02,    1.5398838003E+02,    0.0000000000E+00,    0.0000000000E+00,    0.0000000000E+00,    1.5398838003E+02
    128350,      0.676944,CP0_start,   1,    0.0000000000E+00,    1.5409030135E+02,    1.5409030135E+02,    0.0000000000E+00,    0.0000000000E+00,    0.0000000000E+00,    1.5409030135E+02
    128350,      0.676944,CP1_after_deposition,   1,    0.0000000000E+00,    1.5409030135E+02,    1.5409030135E+02,    0.0000000000E+00,    0.0000000000E+00,    0.0000000000E+00,    1.5409030135E+02
    128350,      0.676944,CP2_after_erosion,   1,    0.0000000000E+00,    1.5409030135E+02,    1.5409030135E+02,    0.0000000000E+00,    0.0000000000E+00,    0.0000000000E+00,    1.5409030135E+02
    128350,      0.676944,CP3_after_update_bottom,   1,    0.0000000000E+00,    1.5409030135E+02,    1.5409030135E+02,    0.0000000000E+00,    0.0000000000E+00,    0.0000000000E+00,    1.5409030135E+02
    128350,      0.676944,CP4_after_advection,   1,    0.0000000000E+00,    1.5409517828E+02,    1.5409517828E+02,    0.0000000000E+00,    0.0000000000E+00,    0.0000000000E+00,    1.5409517828E+02
    128350,      0.676944,CP5_after_vdif,   1,    0.0000000000E+00,    1.5409517828E+02,    1.5409517828E+02,    0.0000000000E+00,    0.0000000000E+00,    0.0000000000E+00,    1.5409517828E+02
    128350,      0.676944,CP6_after_kinetics,   1,    0.0000000000E+00,    1.5409517828E+02,    1.5409517828E+02,    0.0000000000E+00,    0.0000000000E+00,    0.0000000000E+00,    1.5409517828E+02
    128350,      0.676944,CP7_after_upper_clamp,   1,    0.0000000000E+00,    1.5409517828E+02,    1.5409517828E+02,    0.0000000000E+00,    0.0000000000E+00,    0.0000000000E+00,    1.5409517828E+02
    128350,      0.676944,CP8_after_OBC,   1,    0.0000000000E+00,    1.5409517828E+02,    1.5409517828E+02,    0.0000000000E+00,    0.0000000000E+00,    0.0000000000E+00,    1.5409517828E+02
    128350,      0.676944,CP9_after_PTsource,   1,    0.0000000000E+00,    1.5409517828E+02,    1.5409517828E+02,    0.0000000000E+00,    0.0000000000E+00,    0.0000000000E+00,    1.5409517828E+02
    128350,      0.676944,CP10_after_neg_clamp,   1,    0.0000000000E+00,    1.5409517828E+02,    1.5409517828E+02,    0.0000000000E+00,    0.0000000000E+00,    0.0000000000E+00,    1.5409517828E+02
    128350,      0.676944,CP11_after_MPI,   1,    0.0000000000E+00,    1.5409517828E+02,    1.5409517828E+02,    0.0000000000E+00,    0.0000000000E+00,    0.0000000000E+00,    1.5409517828E+02
    128350,      0.676944,CP12_end,   1,    0.0000000000E+00,    1.5409517828E+02,    1.5409517828E+02,    0.0000000000E+00,    0.0000000000E+00,    0.0000000000E+00,    1.5409517828E+02
    128400,      0.676944,CP0_start,   1,    0.0000000000E+00,    1.5419708668E+02,    1.5419708668E+02,    0.0000000000E+00,    0.0000000000E+00,    0.0000000000E+00,    1.5419708668E+02
    128400,      0.676944,CP1_after_deposition,   1,    0.0000000000E+00,    1.5419708668E+02,    1.5419708668E+02,    0.0000000000E+00,    0.0000000000E+00,    0.0000000000E+00,    1.5419708668E+02
    128400,      0.676944,CP2_after_erosion,   1,    0.0000000000E+00,    1.5419708668E+02,    1.5419708668E+02,    0.0000000000E+00,    0.0000000000E+00,    0.0000000000E+00,    1.5419708668E+02
    128400,      0.676944,CP3_after_update_bottom,   1,    0.0000000000E+00,    1.5419708668E+02,    1.5419708668E+02,    0.0000000000E+00,    0.0000000000E+00,    0.0000000000E+00,    1.5419708668E+02
    128400,      0.676944,CP4_after_advection,   1,    0.0000000000E+00,    1.5420194162E+02,    1.5420194162E+02,    0.0000000000E+00,    0.0000000000E+00,    0.0000000000E+00,    1.5420194162E+02
    128400,      0.676944,CP5_after_vdif,   1,    0.0000000000E+00,    1.5420194162E+02,    1.5420194162E+02,    0.0000000000E+00,    0.0000000000E+00,    0.0000000000E+00,    1.5420194162E+02
    128400,      0.676944,CP6_after_kinetics,   1,    0.0000000000E+00,    1.5420194162E+02,    1.5420194162E+02,    0.0000000000E+00,    0.0000000000E+00,    0.0000000000E+00,    1.5420194162E+02
    128400,      0.676944,CP7_after_upper_clamp,   1,    0.0000000000E+00,    1.5420194162E+02,    1.5420194162E+02,    0.0000000000E+00,    0.0000000000E+00,    0.0000000000E+00,    1.5420194162E+02
    128400,      0.676944,CP8_after_OBC,   1,    0.0000000000E+00,    1.5420194162E+02,    1.5420194162E+02,    0.0000000000E+00,    0.0000000000E+00,    0.0000000000E+00,    1.5420194162E+02
    128400,      0.676944,CP9_after_PTsource,   1,    0.0000000000E+00,    1.5420194162E+02,    1.5420194162E+02,    0.0000000000E+00,    0.0000000000E+00,    0.0000000000E+00,    1.5420194162E+02
    128400,      0.676944,CP10_after_neg_clamp,   1,    0.0000000000E+00,    1.5420194162E+02,    1.5420194162E+02,    0.0000000000E+00,    0.0000000000E+00,    0.0000000000E+00,    1.5420194162E+02
    128400,      0.676944,CP11_after_MPI,   1,    0.0000000000E+00,    1.5420194162E+02,    1.5420194162E+02,    0.0000000000E+00,    0.0000000000E+00,    0.0000000000E+00,    1.5420194162E+02
    128400,      0.676944,CP12_end,   1,    0.0000000000E+00,    1.5420194162E+02,    1.5420194162E+02,    0.0000000000E+00,    0.0000000000E+00,    0.0000000000E+00,    1.5420194162E+02
    128450,      0.676944,CP0_start,   1,    0.0000000000E+00,    1.5430381013E+02,    1.5430381013E+02,    0.0000000000E+00,    0.0000000000E+00,    0.0000000000E+00,    1.5430381013E+02
    128450,      0.676944,CP1_after_deposition,   1,    0.0000000000E+00,    1.5430381013E+02,    1.5430381013E+02,    0.0000000000E+00,    0.0000000000E+00,    0.0000000000E+00,    1.5430381013E+02
    128450,      0.676944,CP2_after_erosion,   1,    0.0000000000E+00,    1.5430381013E+02,    1.5430381013E+02,    0.0000000000E+00,    0.0000000000E+00,    0.0000000000E+00,    1.5430381013E+02
    128450,      0.676944,CP3_after_update_bottom,   1,    0.0000000000E+00,    1.5430381013E+02,    1.5430381013E+02,    0.0000000000E+00,    0.0000000000E+00,    0.0000000000E+00,    1.5430381013E+02
    128450,      0.676944,CP4_after_advection,   1,    0.0000000000E+00,    1.5430864048E+02,    1.5430864048E+02,    0.0000000000E+00,    0.0000000000E+00,    0.0000000000E+00,    1.5430864048E+02
    128450,      0.676944,CP5_after_vdif,   1,    0.0000000000E+00,    1.5430864048E+02,    1.5430864048E+02,    0.0000000000E+00,    0.0000000000E+00,    0.0000000000E+00,    1.5430864048E+02
    128450,      0.676944,CP6_after_kinetics,   1,    0.0000000000E+00,    1.5430864048E+02,    1.5430864048E+02,    0.0000000000E+00,    0.0000000000E+00,    0.0000000000E+00,    1.5430864048E+02
    128450,      0.676944,CP7_after_upper_clamp,   1,    0.0000000000E+00,    1.5430864048E+02,    1.5430864048E+02,    0.0000000000E+00,    0.0000000000E+00,    0.0000000000E+00,    1.5430864048E+02
    128450,      0.676944,CP8_after_OBC,   1,    0.0000000000E+00,    1.5430864048E+02,    1.5430864048E+02,    0.0000000000E+00,    0.0000000000E+00,    0.0000000000E+00,    1.5430864048E+02
    128450,      0.676944,CP9_after_PTsource,   1,    0.0000000000E+00,    1.5430864048E+02,    1.5430864048E+02,    0.0000000000E+00,    0.0000000000E+00,    0.0000000000E+00,    1.5430864048E+02
    128450,      0.676944,CP10_after_neg_clamp,   1,    0.0000000000E+00,    1.5430864048E+02,    1.5430864048E+02,    0.0000000000E+00,    0.0000000000E+00,    0.0000000000E+00,    1.5430864048E+02
    128450,      0.676944,CP11_after_MPI,   1,    0.0000000000E+00,    1.5430864048E+02,    1.5430864048E+02,    0.0000000000E+00,    0.0000000000E+00,    0.0000000000E+00,    1.5430864048E+02
    128450,      0.676944,CP12_end,   1,    0.0000000000E+00,    1.5430864048E+02,    1.5430864048E+02,    0.0000000000E+00,    0.0000000000E+00,    0.0000000000E+00,    1.5430864048E+02
    128500,      0.676944,CP0_start,   1,    0.0000000000E+00,    1.5441048573E+02,    1.5441048573E+02,    0.0000000000E+00,    0.0000000000E+00,    0.0000000000E+00,    1.5441048573E+02
    128500,      0.676944,CP1_after_deposition,   1,    0.0000000000E+00,    1.5441048573E+02,    1.5441048573E+02,    0.0000000000E+00,    0.0000000000E+00,    0.0000000000E+00,    1.5441048573E+02
    128500,      0.676944,CP2_after_erosion,   1,    0.0000000000E+00,    1.5441048573E+02,    1.5441048573E+02,    0.0000000000E+00,    0.0000000000E+00,    0.0000000000E+00,    1.5441048573E+02
    128500,      0.676944,CP3_after_update_bottom,   1,    0.0000000000E+00,    1.5441048573E+02,    1.5441048573E+02,    0.0000000000E+00,    0.0000000000E+00,    0.0000000000E+00,    1.5441048573E+02
    128500,      0.676944,CP4_after_advection,   1,    0.0000000000E+00,    1.5441529185E+02,    1.5441529185E+02,    0.0000000000E+00,    0.0000000000E+00,    0.0000000000E+00,    1.5441529185E+02
    128500,      0.676944,CP5_after_vdif,   1,    0.0000000000E+00,    1.5441529185E+02,    1.5441529185E+02,    0.0000000000E+00,    0.0000000000E+00,    0.0000000000E+00,    1.5441529185E+02
    128500,      0.676944,CP6_after_kinetics,   1,    0.0000000000E+00,    1.5441529185E+02,    1.5441529185E+02,    0.0000000000E+00,    0.0000000000E+00,    0.0000000000E+00,    1.5441529185E+02
    128500,      0.676944,CP7_after_upper_clamp,   1,    0.0000000000E+00,    1.5441529185E+02,    1.5441529185E+02,    0.0000000000E+00,    0.0000000000E+00,    0.0000000000E+00,    1.5441529185E+02
    128500,      0.676944,CP8_after_OBC,   1,    0.0000000000E+00,    1.5441529185E+02,    1.5441529185E+02,    0.0000000000E+00,    0.0000000000E+00,    0.0000000000E+00,    1.5441529185E+02
    128500,      0.676944,CP9_after_PTsource,   1,    0.0000000000E+00,    1.5441529185E+02,    1.5441529185E+02,    0.0000000000E+00,    0.0000000000E+00,    0.0000000000E+00,    1.5441529185E+02
    128500,      0.676944,CP10_after_neg_clamp,   1,    0.0000000000E+00,    1.5441529185E+02,    1.5441529185E+02,    0.0000000000E+00,    0.0000000000E+00,    0.0000000000E+00,    1.5441529185E+02
    128500,      0.676944,CP11_after_MPI,   1,    0.0000000000E+00,    1.5441529185E+02,    1.5441529185E+02,    0.0000000000E+00,    0.0000000000E+00,    0.0000000000E+00,    1.5441529185E+02
    128500,      0.676944,CP12_end,   1,    0.0000000000E+00,    1.5441529185E+02,    1.5441529185E+02,    0.0000000000E+00,    0.0000000000E+00,    0.0000000000E+00,    1.5441529185E+02
    128550,      0.676944,CP0_start,   1,    0.0000000000E+00,    1.5451717733E+02,    1.5451717733E+02,    0.0000000000E+00,    0.0000000000E+00,    0.0000000000E+00,    1.5451717733E+02
    128550,      0.676944,CP1_after_deposition,   1,    0.0000000000E+00,    1.5451717733E+02,    1.5451717733E+02,    0.0000000000E+00,    0.0000000000E+00,    0.0000000000E+00,    1.5451717733E+02
    128550,      0.676944,CP2_after_erosion,   1,    0.0000000000E+00,    1.5451717733E+02,    1.5451717733E+02,    0.0000000000E+00,    0.0000000000E+00,    0.0000000000E+00,    1.5451717733E+02
    128550,      0.676944,CP3_after_update_bottom,   1,    0.0000000000E+00,    1.5451717733E+02,    1.5451717733E+02,    0.0000000000E+00,    0.0000000000E+00,    0.0000000000E+00,    1.5451717733E+02
    128550,      0.676944,CP4_after_advection,   1,    0.0000000000E+00,    1.5452196163E+02,    1.5452196163E+02,    0.0000000000E+00,    0.0000000000E+00,    0.0000000000E+00,    1.5452196163E+02
    128550,      0.676944,CP5_after_vdif,   1,    0.0000000000E+00,    1.5452196163E+02,    1.5452196163E+02,    0.0000000000E+00,    0.0000000000E+00,    0.0000000000E+00,    1.5452196163E+02
    128550,      0.676944,CP6_after_kinetics,   1,    0.0000000000E+00,    1.5452196163E+02,    1.5452196163E+02,    0.0000000000E+00,    0.0000000000E+00,    0.0000000000E+00,    1.5452196163E+02
    128550,      0.676944,CP7_after_upper_clamp,   1,    0.0000000000E+00,    1.5452196163E+02,    1.5452196163E+02,    0.0000000000E+00,    0.0000000000E+00,    0.0000000000E+00,    1.5452196163E+02
    128550,      0.676944,CP8_after_OBC,   1,    0.0000000000E+00,    1.5452196163E+02,    1.5452196163E+02,    0.0000000000E+00,    0.0000000000E+00,    0.0000000000E+00,    1.5452196163E+02
    128550,      0.676944,CP9_after_PTsource,   1,    0.0000000000E+00,    1.5452196163E+02,    1.5452196163E+02,    0.0000000000E+00,    0.0000000000E+00,    0.0000000000E+00,    1.5452196163E+02
    128550,      0.676944,CP10_after_neg_clamp,   1,    0.0000000000E+00,    1.5452196163E+02,    1.5452196163E+02,    0.0000000000E+00,    0.0000000000E+00,    0.0000000000E+00,    1.5452196163E+02
    128550,      0.676944,CP11_after_MPI,   1,    0.0000000000E+00,    1.5452196163E+02,    1.5452196163E+02,    0.0000000000E+00,    0.0000000000E+00,    0.0000000000E+00,    1.5452196163E+02
    128550,      0.676944,CP12_end,   1,    0.0000000000E+00,    1.5452196163E+02,    1.5452196163E+02,    0.0000000000E+00,    0.0000000000E+00,    0.0000000000E+00,    1.5452196163E+02
    128600,      0.676944,CP0_start,   1,    0.0000000000E+00,    1.5462392176E+02,    1.5462392176E+02,    0.0000000000E+00,    0.0000000000E+00,    0.0000000000E+00,    1.5462392176E+02
    128600,      0.676944,CP1_after_deposition,   1,    0.0000000000E+00,    1.5462392176E+02,    1.5462392176E+02,    0.0000000000E+00,    0.0000000000E+00,    0.0000000000E+00,    1.5462392176E+02
    128600,      0.676944,CP2_after_erosion,   1,    0.0000000000E+00,    1.5462392176E+02,    1.5462392176E+02,    0.0000000000E+00,    0.0000000000E+00,    0.0000000000E+00,    1.5462392176E+02
    128600,      0.676944,CP3_after_update_bottom,   1,    0.0000000000E+00,    1.5462392176E+02,    1.5462392176E+02,    0.0000000000E+00,    0.0000000000E+00,    0.0000000000E+00,    1.5462392176E+02
    128600,      0.676944,CP4_after_advection,   1,    0.0000000000E+00,    1.5462868195E+02,    1.5462868195E+02,    0.0000000000E+00,    0.0000000000E+00,    0.0000000000E+00,    1.5462868195E+02
    128600,      0.676944,CP5_after_vdif,   1,    0.0000000000E+00,    1.5462868195E+02,    1.5462868195E+02,    0.0000000000E+00,    0.0000000000E+00,    0.0000000000E+00,    1.5462868195E+02
    128600,      0.676944,CP6_after_kinetics,   1,    0.0000000000E+00,    1.5462868195E+02,    1.5462868195E+02,    0.0000000000E+00,    0.0000000000E+00,    0.0000000000E+00,    1.5462868195E+02
    128600,      0.676944,CP7_after_upper_clamp,   1,    0.0000000000E+00,    1.5462868195E+02,    1.5462868195E+02,    0.0000000000E+00,    0.0000000000E+00,    0.0000000000E+00,    1.5462868195E+02
    128600,      0.676944,CP8_after_OBC,   1,    0.0000000000E+00,    1.5462868195E+02,    1.5462868195E+02,    0.0000000000E+00,    0.0000000000E+00,    0.0000000000E+00,    1.5462868195E+02
    128600,      0.676944,CP9_after_PTsource,   1,    0.0000000000E+00,    1.5462868195E+02,    1.5462868195E+02,    0.0000000000E+00,    0.0000000000E+00,    0.0000000000E+00,    1.5462868195E+02
    128600,      0.676944,CP10_after_neg_clamp,   1,    0.0000000000E+00,    1.5462868195E+02,    1.5462868195E+02,    0.0000000000E+00,    0.0000000000E+00,    0.0000000000E+00,    1.5462868195E+02
    128600,      0.676944,CP11_after_MPI,   1,    0.0000000000E+00,    1.5462868195E+02,    1.5462868195E+02,    0.0000000000E+00,    0.0000000000E+00,    0.0000000000E+00,    1.5462868195E+02
    128600,      0.676944,CP12_end,   1,    0.0000000000E+00,    1.5462868195E+02,    1.5462868195E+02,    0.0000000000E+00,    0.0000000000E+00,    0.0000000000E+00,    1.5462868195E+02
    128650,      0.676944,CP0_start,   1,    0.0000000000E+00,    1.5473074134E+02,    1.5473074134E+02,    0.0000000000E+00,    0.0000000000E+00,    0.0000000000E+00,    1.5473074134E+02
    128650,      0.676944,CP1_after_deposition,   1,    0.0000000000E+00,    1.5473074134E+02,    1.5473074134E+02,    0.0000000000E+00,    0.0000000000E+00,    0.0000000000E+00,    1.5473074134E+02
    128650,      0.676944,CP2_after_erosion,   1,    0.0000000000E+00,    1.5473074134E+02,    1.5473074134E+02,    0.0000000000E+00,    0.0000000000E+00,    0.0000000000E+00,    1.5473074134E+02
    128650,      0.676944,CP3_after_update_bottom,   1,    0.0000000000E+00,    1.5473074134E+02,    1.5473074134E+02,    0.0000000000E+00,    0.0000000000E+00,    0.0000000000E+00,    1.5473074134E+02
    128650,      0.676944,CP4_after_advection,   1,    0.0000000000E+00,    1.5473547921E+02,    1.5473547921E+02,    0.0000000000E+00,    0.0000000000E+00,    0.0000000000E+00,    1.5473547921E+02
    128650,      0.676944,CP5_after_vdif,   1,    0.0000000000E+00,    1.5473547921E+02,    1.5473547921E+02,    0.0000000000E+00,    0.0000000000E+00,    0.0000000000E+00,    1.5473547921E+02
    128650,      0.676944,CP6_after_kinetics,   1,    0.0000000000E+00,    1.5473547921E+02,    1.5473547921E+02,    0.0000000000E+00,    0.0000000000E+00,    0.0000000000E+00,    1.5473547921E+02
    128650,      0.676944,CP7_after_upper_clamp,   1,    0.0000000000E+00,    1.5473547921E+02,    1.5473547921E+02,    0.0000000000E+00,    0.0000000000E+00,    0.0000000000E+00,    1.5473547921E+02
    128650,      0.676944,CP8_after_OBC,   1,    0.0000000000E+00,    1.5473547921E+02,    1.5473547921E+02,    0.0000000000E+00,    0.0000000000E+00,    0.0000000000E+00,    1.5473547921E+02
    128650,      0.676944,CP9_after_PTsource,   1,    0.0000000000E+00,    1.5473547921E+02,    1.5473547921E+02,    0.0000000000E+00,    0.0000000000E+00,    0.0000000000E+00,    1.5473547921E+02
    128650,      0.676944,CP10_after_neg_clamp,   1,    0.0000000000E+00,    1.5473547921E+02,    1.5473547921E+02,    0.0000000000E+00,    0.0000000000E+00,    0.0000000000E+00,    1.5473547921E+02
    128650,      0.676944,CP11_after_MPI,   1,    0.0000000000E+00,    1.5473547921E+02,    1.5473547921E+02,    0.0000000000E+00,    0.0000000000E+00,    0.0000000000E+00,    1.5473547921E+02
    128650,      0.676944,CP12_end,   1,    0.0000000000E+00,    1.5473547921E+02,    1.5473547921E+02,    0.0000000000E+00,    0.0000000000E+00,    0.0000000000E+00,    1.5473547921E+02
    128700,      0.676944,CP0_start,   1,    0.0000000000E+00,    1.5483763860E+02,    1.5483763860E+02,    0.0000000000E+00,    0.0000000000E+00,    0.0000000000E+00,    1.5483763860E+02
    128700,      0.676944,CP1_after_deposition,   1,    0.0000000000E+00,    1.5483763860E+02,    1.5483763860E+02,    0.0000000000E+00,    0.0000000000E+00,    0.0000000000E+00,    1.5483763860E+02
    128700,      0.676944,CP2_after_erosion,   1,    0.0000000000E+00,    1.5483763860E+02,    1.5483763860E+02,    0.0000000000E+00,    0.0000000000E+00,    0.0000000000E+00,    1.5483763860E+02
    128700,      0.676944,CP3_after_update_bottom,   1,    0.0000000000E+00,    1.5483763860E+02,    1.5483763860E+02,    0.0000000000E+00,    0.0000000000E+00,    0.0000000000E+00,    1.5483763860E+02
    128700,      0.676944,CP4_after_advection,   1,    0.0000000000E+00,    1.5484235123E+02,    1.5484235123E+02,    0.0000000000E+00,    0.0000000000E+00,    0.0000000000E+00,    1.5484235123E+02
    128700,      0.676944,CP5_after_vdif,   1,    0.0000000000E+00,    1.5484235123E+02,    1.5484235123E+02,    0.0000000000E+00,    0.0000000000E+00,    0.0000000000E+00,    1.5484235123E+02
    128700,      0.676944,CP6_after_kinetics,   1,    0.0000000000E+00,    1.5484235123E+02,    1.5484235123E+02,    0.0000000000E+00,    0.0000000000E+00,    0.0000000000E+00,    1.5484235123E+02
    128700,      0.676944,CP7_after_upper_clamp,   1,    0.0000000000E+00,    1.5484235123E+02,    1.5484235123E+02,    0.0000000000E+00,    0.0000000000E+00,    0.0000000000E+00,    1.5484235123E+02
    128700,      0.676944,CP8_after_OBC,   1,    0.0000000000E+00,    1.5484235123E+02,    1.5484235123E+02,    0.0000000000E+00,    0.0000000000E+00,    0.0000000000E+00,    1.5484235123E+02
    128700,      0.676944,CP9_after_PTsource,   1,    0.0000000000E+00,    1.5484235123E+02,    1.5484235123E+02,    0.0000000000E+00,    0.0000000000E+00,    0.0000000000E+00,    1.5484235123E+02
    128700,      0.676944,CP10_after_neg_clamp,   1,    0.0000000000E+00,    1.5484235123E+02,    1.5484235123E+02,    0.0000000000E+00,    0.0000000000E+00,    0.0000000000E+00,    1.5484235123E+02
    128700,      0.676944,CP11_after_MPI,   1,    0.0000000000E+00,    1.5484235123E+02,    1.5484235123E+02,    0.0000000000E+00,    0.0000000000E+00,    0.0000000000E+00,    1.5484235123E+02
    128700,      0.676944,CP12_end,   1,    0.0000000000E+00,    1.5484235123E+02,    1.5484235123E+02,    0.0000000000E+00,    0.0000000000E+00,    0.0000000000E+00,    1.5484235123E+02
    128750,      0.676944,CP0_start,   1,    0.0000000000E+00,    1.5494436852E+02,    1.5494436852E+02,    0.0000000000E+00,    0.0000000000E+00,    0.0000000000E+00,    1.5494436852E+02
    128750,      0.676944,CP1_after_deposition,   1,    0.0000000000E+00,    1.5494436852E+02,    1.5494436852E+02,    0.0000000000E+00,    0.0000000000E+00,    0.0000000000E+00,    1.5494436852E+02
    128750,      0.676944,CP2_after_erosion,   1,    0.0000000000E+00,    1.5494436852E+02,    1.5494436852E+02,    0.0000000000E+00,    0.0000000000E+00,    0.0000000000E+00,    1.5494436852E+02
    128750,      0.676944,CP3_after_update_bottom,   1,    0.0000000000E+00,    1.5494436852E+02,    1.5494436852E+02,    0.0000000000E+00,    0.0000000000E+00,    0.0000000000E+00,    1.5494436852E+02
    128750,      0.676944,CP4_after_advection,   1,    0.0000000000E+00,    1.5494905620E+02,    1.5494905620E+02,    0.0000000000E+00,    0.0000000000E+00,    0.0000000000E+00,    1.5494905620E+02
    128750,      0.676944,CP5_after_vdif,   1,    0.0000000000E+00,    1.5494905620E+02,    1.5494905620E+02,    0.0000000000E+00,    0.0000000000E+00,    0.0000000000E+00,    1.5494905620E+02
    128750,      0.676944,CP6_after_kinetics,   1,    0.0000000000E+00,    1.5494905620E+02,    1.5494905620E+02,    0.0000000000E+00,    0.0000000000E+00,    0.0000000000E+00,    1.5494905620E+02
    128750,      0.676944,CP7_after_upper_clamp,   1,    0.0000000000E+00,    1.5494905620E+02,    1.5494905620E+02,    0.0000000000E+00,    0.0000000000E+00,    0.0000000000E+00,    1.5494905620E+02
    128750,      0.676944,CP8_after_OBC,   1,    0.0000000000E+00,    1.5494905620E+02,    1.5494905620E+02,    0.0000000000E+00,    0.0000000000E+00,    0.0000000000E+00,    1.5494905620E+02
    128750,      0.676944,CP9_after_PTsource,   1,    0.0000000000E+00,    1.5494905620E+02,    1.5494905620E+02,    0.0000000000E+00,    0.0000000000E+00,    0.0000000000E+00,    1.5494905620E+02
    128750,      0.676944,CP10_after_neg_clamp,   1,    0.0000000000E+00,    1.5494905620E+02,    1.5494905620E+02,    0.0000000000E+00,    0.0000000000E+00,    0.0000000000E+00,    1.5494905620E+02
    128750,      0.676944,CP11_after_MPI,   1,    0.0000000000E+00,    1.5494905620E+02,    1.5494905620E+02,    0.0000000000E+00,    0.0000000000E+00,    0.0000000000E+00,    1.5494905620E+02
    128750,      0.676944,CP12_end,   1,    0.0000000000E+00,    1.5494905620E+02,    1.5494905620E+02,    0.0000000000E+00,    0.0000000000E+00,    0.0000000000E+00,    1.5494905620E+02
    128800,      0.676944,CP0_start,   1,    0.0000000000E+00,    1.5505117357E+02,    1.5505117357E+02,    0.0000000000E+00,    0.0000000000E+00,    0.0000000000E+00,    1.5505117357E+02
    128800,      0.676944,CP1_after_deposition,   1,    0.0000000000E+00,    1.5505117357E+02,    1.5505117357E+02,    0.0000000000E+00,    0.0000000000E+00,    0.0000000000E+00,    1.5505117357E+02
    128800,      0.676944,CP2_after_erosion,   1,    0.0000000000E+00,    1.5505117357E+02,    1.5505117357E+02,    0.0000000000E+00,    0.0000000000E+00,    0.0000000000E+00,    1.5505117357E+02
    128800,      0.676944,CP3_after_update_bottom,   1,    0.0000000000E+00,    1.5505117357E+02,    1.5505117357E+02,    0.0000000000E+00,    0.0000000000E+00,    0.0000000000E+00,    1.5505117357E+02
    128800,      0.676944,CP4_after_advection,   1,    0.0000000000E+00,    1.5505583370E+02,    1.5505583370E+02,    0.0000000000E+00,    0.0000000000E+00,    0.0000000000E+00,    1.5505583370E+02
    128800,      0.676944,CP5_after_vdif,   1,    0.0000000000E+00,    1.5505583370E+02,    1.5505583370E+02,    0.0000000000E+00,    0.0000000000E+00,    0.0000000000E+00,    1.5505583370E+02
    128800,      0.676944,CP6_after_kinetics,   1,    0.0000000000E+00,    1.5505583370E+02,    1.5505583370E+02,    0.0000000000E+00,    0.0000000000E+00,    0.0000000000E+00,    1.5505583370E+02
    128800,      0.676944,CP7_after_upper_clamp,   1,    0.0000000000E+00,    1.5505583370E+02,    1.5505583370E+02,    0.0000000000E+00,    0.0000000000E+00,    0.0000000000E+00,    1.5505583370E+02
    128800,      0.676944,CP8_after_OBC,   1,    0.0000000000E+00,    1.5505583370E+02,    1.5505583370E+02,    0.0000000000E+00,    0.0000000000E+00,    0.0000000000E+00,    1.5505583370E+02
    128800,      0.676944,CP9_after_PTsource,   1,    0.0000000000E+00,    1.5505583370E+02,    1.5505583370E+02,    0.0000000000E+00,    0.0000000000E+00,    0.0000000000E+00,    1.5505583370E+02
    128800,      0.676944,CP10_after_neg_clamp,   1,    0.0000000000E+00,    1.5505583370E+02,    1.5505583370E+02,    0.0000000000E+00,    0.0000000000E+00,    0.0000000000E+00,    1.5505583370E+02
    128800,      0.676944,CP11_after_MPI,   1,    0.0000000000E+00,    1.5505583370E+02,    1.5505583370E+02,    0.0000000000E+00,    0.0000000000E+00,    0.0000000000E+00,    1.5505583370E+02
    128800,      0.676944,CP12_end,   1,    0.0000000000E+00,    1.5505583370E+02,    1.5505583370E+02,    0.0000000000E+00,    0.0000000000E+00,    0.0000000000E+00,    1.5505583370E+02
    128850,      0.676944,CP0_start,   1,    0.0000000000E+00,    1.5515810688E+02,    1.5515810688E+02,    0.0000000000E+00,    0.0000000000E+00,    0.0000000000E+00,    1.5515810688E+02
    128850,      0.676944,CP1_after_deposition,   1,    0.0000000000E+00,    1.5515810688E+02,    1.5515810688E+02,    0.0000000000E+00,    0.0000000000E+00,    0.0000000000E+00,    1.5515810688E+02
    128850,      0.676944,CP2_after_erosion,   1,    0.0000000000E+00,    1.5515810688E+02,    1.5515810688E+02,    0.0000000000E+00,    0.0000000000E+00,    0.0000000000E+00,    1.5515810688E+02
    128850,      0.676944,CP3_after_update_bottom,   1,    0.0000000000E+00,    1.5515810688E+02,    1.5515810688E+02,    0.0000000000E+00,    0.0000000000E+00,    0.0000000000E+00,    1.5515810688E+02
    128850,      0.676944,CP4_after_advection,   1,    0.0000000000E+00,    1.5516274372E+02,    1.5516274372E+02,    0.0000000000E+00,    0.0000000000E+00,    0.0000000000E+00,    1.5516274372E+02
    128850,      0.676944,CP5_after_vdif,   1,    0.0000000000E+00,    1.5516274372E+02,    1.5516274372E+02,    0.0000000000E+00,    0.0000000000E+00,    0.0000000000E+00,    1.5516274372E+02
    128850,      0.676944,CP6_after_kinetics,   1,    0.0000000000E+00,    1.5516274372E+02,    1.5516274372E+02,    0.0000000000E+00,    0.0000000000E+00,    0.0000000000E+00,    1.5516274372E+02
    128850,      0.676944,CP7_after_upper_clamp,   1,    0.0000000000E+00,    1.5516274372E+02,    1.5516274372E+02,    0.0000000000E+00,    0.0000000000E+00,    0.0000000000E+00,    1.5516274372E+02
    128850,      0.676944,CP8_after_OBC,   1,    0.0000000000E+00,    1.5516274372E+02,    1.5516274372E+02,    0.0000000000E+00,    0.0000000000E+00,    0.0000000000E+00,    1.5516274372E+02
    128850,      0.676944,CP9_after_PTsource,   1,    0.0000000000E+00,    1.5516274372E+02,    1.5516274372E+02,    0.0000000000E+00,    0.0000000000E+00,    0.0000000000E+00,    1.5516274372E+02
    128850,      0.676944,CP10_after_neg_clamp,   1,    0.0000000000E+00,    1.5516274372E+02,    1.5516274372E+02,    0.0000000000E+00,    0.0000000000E+00,    0.0000000000E+00,    1.5516274372E+02
    128850,      0.676944,CP11_after_MPI,   1,    0.0000000000E+00,    1.5516274372E+02,    1.5516274372E+02,    0.0000000000E+00,    0.0000000000E+00,    0.0000000000E+00,    1.5516274372E+02
    128850,      0.676944,CP12_end,   1,    0.0000000000E+00,    1.5516274372E+02,    1.5516274372E+02,    0.0000000000E+00,    0.0000000000E+00,    0.0000000000E+00,    1.5516274372E+02
    128900,      0.676944,CP0_start,   1,    0.0000000000E+00,    1.5526519864E+02,    1.5526519864E+02,    0.0000000000E+00,    0.0000000000E+00,    0.0000000000E+00,    1.5526519864E+02
    128900,      0.676944,CP1_after_deposition,   1,    0.0000000000E+00,    1.5526519864E+02,    1.5526519864E+02,    0.0000000000E+00,    0.0000000000E+00,    0.0000000000E+00,    1.5526519864E+02
    128900,      0.676944,CP2_after_erosion,   1,    0.0000000000E+00,    1.5526519864E+02,    1.5526519864E+02,    0.0000000000E+00,    0.0000000000E+00,    0.0000000000E+00,    1.5526519864E+02
    128900,      0.676944,CP3_after_update_bottom,   1,    0.0000000000E+00,    1.5526519864E+02,    1.5526519864E+02,    0.0000000000E+00,    0.0000000000E+00,    0.0000000000E+00,    1.5526519864E+02
    128900,      0.676944,CP4_after_advection,   1,    0.0000000000E+00,    1.5526981146E+02,    1.5526981146E+02,    0.0000000000E+00,    0.0000000000E+00,    0.0000000000E+00,    1.5526981146E+02
    128900,      0.676944,CP5_after_vdif,   1,    0.0000000000E+00,    1.5526981146E+02,    1.5526981146E+02,    0.0000000000E+00,    0.0000000000E+00,    0.0000000000E+00,    1.5526981146E+02
    128900,      0.676944,CP6_after_kinetics,   1,    0.0000000000E+00,    1.5526981146E+02,    1.5526981146E+02,    0.0000000000E+00,    0.0000000000E+00,    0.0000000000E+00,    1.5526981146E+02
    128900,      0.676944,CP7_after_upper_clamp,   1,    0.0000000000E+00,    1.5526981146E+02,    1.5526981146E+02,    0.0000000000E+00,    0.0000000000E+00,    0.0000000000E+00,    1.5526981146E+02
    128900,      0.676944,CP8_after_OBC,   1,    0.0000000000E+00,    1.5526981146E+02,    1.5526981146E+02,    0.0000000000E+00,    0.0000000000E+00,    0.0000000000E+00,    1.5526981146E+02
    128900,      0.676944,CP9_after_PTsource,   1,    0.0000000000E+00,    1.5526981146E+02,    1.5526981146E+02,    0.0000000000E+00,    0.0000000000E+00,    0.0000000000E+00,    1.5526981146E+02
    128900,      0.676944,CP10_after_neg_clamp,   1,    0.0000000000E+00,    1.5526981146E+02,    1.5526981146E+02,    0.0000000000E+00,    0.0000000000E+00,    0.0000000000E+00,    1.5526981146E+02
    128900,      0.676944,CP11_after_MPI,   1,    0.0000000000E+00,    1.5526981146E+02,    1.5526981146E+02,    0.0000000000E+00,    0.0000000000E+00,    0.0000000000E+00,    1.5526981146E+02
    128900,      0.676944,CP12_end,   1,    0.0000000000E+00,    1.5526981146E+02,    1.5526981146E+02,    0.0000000000E+00,    0.0000000000E+00,    0.0000000000E+00,    1.5526981146E+02
    128950,      0.676944,CP0_start,   1,    0.0000000000E+00,    1.5537246595E+02,    1.5537246595E+02,    0.0000000000E+00,    0.0000000000E+00,    0.0000000000E+00,    1.5537246595E+02
    128950,      0.676944,CP1_after_deposition,   1,    0.0000000000E+00,    1.5537246595E+02,    1.5537246595E+02,    0.0000000000E+00,    0.0000000000E+00,    0.0000000000E+00,    1.5537246595E+02
    128950,      0.676944,CP2_after_erosion,   1,    0.0000000000E+00,    1.5537246595E+02,    1.5537246595E+02,    0.0000000000E+00,    0.0000000000E+00,    0.0000000000E+00,    1.5537246595E+02
    128950,      0.676944,CP3_after_update_bottom,   1,    0.0000000000E+00,    1.5537246595E+02,    1.5537246595E+02,    0.0000000000E+00,    0.0000000000E+00,    0.0000000000E+00,    1.5537246595E+02
    128950,      0.676944,CP4_after_advection,   1,    0.0000000000E+00,    1.5537705338E+02,    1.5537705338E+02,    0.0000000000E+00,    0.0000000000E+00,    0.0000000000E+00,    1.5537705338E+02
    128950,      0.676944,CP5_after_vdif,   1,    0.0000000000E+00,    1.5537705338E+02,    1.5537705338E+02,    0.0000000000E+00,    0.0000000000E+00,    0.0000000000E+00,    1.5537705338E+02
    128950,      0.676944,CP6_after_kinetics,   1,    0.0000000000E+00,    1.5537705338E+02,    1.5537705338E+02,    0.0000000000E+00,    0.0000000000E+00,    0.0000000000E+00,    1.5537705338E+02
    128950,      0.676944,CP7_after_upper_clamp,   1,    0.0000000000E+00,    1.5537705338E+02,    1.5537705338E+02,    0.0000000000E+00,    0.0000000000E+00,    0.0000000000E+00,    1.5537705338E+02
    128950,      0.676944,CP8_after_OBC,   1,    0.0000000000E+00,    1.5537705338E+02,    1.5537705338E+02,    0.0000000000E+00,    0.0000000000E+00,    0.0000000000E+00,    1.5537705338E+02
    128950,      0.676944,CP9_after_PTsource,   1,    0.0000000000E+00,    1.5537705338E+02,    1.5537705338E+02,    0.0000000000E+00,    0.0000000000E+00,    0.0000000000E+00,    1.5537705338E+02
    128950,      0.676944,CP10_after_neg_clamp,   1,    0.0000000000E+00,    1.5537705338E+02,    1.5537705338E+02,    0.0000000000E+00,    0.0000000000E+00,    0.0000000000E+00,    1.5537705338E+02
    128950,      0.676944,CP11_after_MPI,   1,    0.0000000000E+00,    1.5537705338E+02,    1.5537705338E+02,    0.0000000000E+00,    0.0000000000E+00,    0.0000000000E+00,    1.5537705338E+02
    128950,      0.676944,CP12_end,   1,    0.0000000000E+00,    1.5537705338E+02,    1.5537705338E+02,    0.0000000000E+00,    0.0000000000E+00,    0.0000000000E+00,    1.5537705338E+02
    129000,      0.676944,CP0_start,   1,    0.0000000000E+00,    1.5547988752E+02,    1.5547988752E+02,    0.0000000000E+00,    0.0000000000E+00,    0.0000000000E+00,    1.5547988752E+02
    129000,      0.676944,CP1_after_deposition,   1,    0.0000000000E+00,    1.5547988752E+02,    1.5547988752E+02,    0.0000000000E+00,    0.0000000000E+00,    0.0000000000E+00,    1.5547988752E+02
    129000,      0.676944,CP2_after_erosion,   1,    0.0000000000E+00,    1.5547988752E+02,    1.5547988752E+02,    0.0000000000E+00,    0.0000000000E+00,    0.0000000000E+00,    1.5547988752E+02
    129000,      0.676944,CP3_after_update_bottom,   1,    0.0000000000E+00,    1.5547988752E+02,    1.5547988752E+02,    0.0000000000E+00,    0.0000000000E+00,    0.0000000000E+00,    1.5547988752E+02
    129000,      0.676944,CP4_after_advection,   1,    0.0000000000E+00,    1.5548444774E+02,    1.5548444774E+02,    0.0000000000E+00,    0.0000000000E+00,    0.0000000000E+00,    1.5548444774E+02
    129000,      0.676944,CP5_after_vdif,   1,    0.0000000000E+00,    1.5548444774E+02,    1.5548444774E+02,    0.0000000000E+00,    0.0000000000E+00,    0.0000000000E+00,    1.5548444774E+02
    129000,      0.676944,CP6_after_kinetics,   1,    0.0000000000E+00,    1.5548444774E+02,    1.5548444774E+02,    0.0000000000E+00,    0.0000000000E+00,    0.0000000000E+00,    1.5548444774E+02
    129000,      0.676944,CP7_after_upper_clamp,   1,    0.0000000000E+00,    1.5548444774E+02,    1.5548444774E+02,    0.0000000000E+00,    0.0000000000E+00,    0.0000000000E+00,    1.5548444774E+02
    129000,      0.676944,CP8_after_OBC,   1,    0.0000000000E+00,    1.5548444774E+02,    1.5548444774E+02,    0.0000000000E+00,    0.0000000000E+00,    0.0000000000E+00,    1.5548444774E+02
    129000,      0.676944,CP9_after_PTsource,   1,    0.0000000000E+00,    1.5548444774E+02,    1.5548444774E+02,    0.0000000000E+00,    0.0000000000E+00,    0.0000000000E+00,    1.5548444774E+02
    129000,      0.676944,CP10_after_neg_clamp,   1,    0.0000000000E+00,    1.5548444774E+02,    1.5548444774E+02,    0.0000000000E+00,    0.0000000000E+00,    0.0000000000E+00,    1.5548444774E+02
    129000,      0.676944,CP11_after_MPI,   1,    0.0000000000E+00,    1.5548444774E+02,    1.5548444774E+02,    0.0000000000E+00,    0.0000000000E+00,    0.0000000000E+00,    1.5548444774E+02
    129000,      0.676944,CP12_end,   1,    0.0000000000E+00,    1.5548444774E+02,    1.5548444774E+02,    0.0000000000E+00,    0.0000000000E+00,    0.0000000000E+00,    1.5548444774E+02
    129050,      0.676944,CP0_start,   1,    0.0000000000E+00,    1.5558744890E+02,    1.5558744890E+02,    0.0000000000E+00,    0.0000000000E+00,    0.0000000000E+00,    1.5558744890E+02
    129050,      0.676944,CP1_after_deposition,   1,    0.0000000000E+00,    1.5558744890E+02,    1.5558744890E+02,    0.0000000000E+00,    0.0000000000E+00,    0.0000000000E+00,    1.5558744890E+02
    129050,      0.676944,CP2_after_erosion,   1,    0.0000000000E+00,    1.5558744890E+02,    1.5558744890E+02,    0.0000000000E+00,    0.0000000000E+00,    0.0000000000E+00,    1.5558744890E+02
    129050,      0.676944,CP3_after_update_bottom,   1,    0.0000000000E+00,    1.5558744890E+02,    1.5558744890E+02,    0.0000000000E+00,    0.0000000000E+00,    0.0000000000E+00,    1.5558744890E+02
    129050,      0.676944,CP4_after_advection,   1,    0.0000000000E+00,    1.5559197902E+02,    1.5559197902E+02,    0.0000000000E+00,    0.0000000000E+00,    0.0000000000E+00,    1.5559197902E+02
    129050,      0.676944,CP5_after_vdif,   1,    0.0000000000E+00,    1.5559197902E+02,    1.5559197902E+02,    0.0000000000E+00,    0.0000000000E+00,    0.0000000000E+00,    1.5559197902E+02
    129050,      0.676944,CP6_after_kinetics,   1,    0.0000000000E+00,    1.5559197902E+02,    1.5559197902E+02,    0.0000000000E+00,    0.0000000000E+00,    0.0000000000E+00,    1.5559197902E+02
    129050,      0.676944,CP7_after_upper_clamp,   1,    0.0000000000E+00,    1.5559197902E+02,    1.5559197902E+02,    0.0000000000E+00,    0.0000000000E+00,    0.0000000000E+00,    1.5559197902E+02
    129050,      0.676944,CP8_after_OBC,   1,    0.0000000000E+00,    1.5559197902E+02,    1.5559197902E+02,    0.0000000000E+00,    0.0000000000E+00,    0.0000000000E+00,    1.5559197902E+02
    129050,      0.676944,CP9_after_PTsource,   1,    0.0000000000E+00,    1.5559197902E+02,    1.5559197902E+02,    0.0000000000E+00,    0.0000000000E+00,    0.0000000000E+00,    1.5559197902E+02
    129050,      0.676944,CP10_after_neg_clamp,   1,    0.0000000000E+00,    1.5559197902E+02,    1.5559197902E+02,    0.0000000000E+00,    0.0000000000E+00,    0.0000000000E+00,    1.5559197902E+02
    129050,      0.676944,CP11_after_MPI,   1,    0.0000000000E+00,    1.5559197902E+02,    1.5559197902E+02,    0.0000000000E+00,    0.0000000000E+00,    0.0000000000E+00,    1.5559197902E+02
    129050,      0.676944,CP12_end,   1,    0.0000000000E+00,    1.5559197902E+02,    1.5559197902E+02,    0.0000000000E+00,    0.0000000000E+00,    0.0000000000E+00,    1.5559197902E+02
    129100,      0.676944,CP0_start,   1,    0.0000000000E+00,    1.5569511181E+02,    1.5569511181E+02,    0.0000000000E+00,    0.0000000000E+00,    0.0000000000E+00,    1.5569511181E+02
    129100,      0.676944,CP1_after_deposition,   1,    0.0000000000E+00,    1.5569511181E+02,    1.5569511181E+02,    0.0000000000E+00,    0.0000000000E+00,    0.0000000000E+00,    1.5569511181E+02
    129100,      0.676944,CP2_after_erosion,   1,    0.0000000000E+00,    1.5569511181E+02,    1.5569511181E+02,    0.0000000000E+00,    0.0000000000E+00,    0.0000000000E+00,    1.5569511181E+02
    129100,      0.676944,CP3_after_update_bottom,   1,    0.0000000000E+00,    1.5569511181E+02,    1.5569511181E+02,    0.0000000000E+00,    0.0000000000E+00,    0.0000000000E+00,    1.5569511181E+02
    129100,      0.676944,CP4_after_advection,   1,    0.0000000000E+00,    1.5569961201E+02,    1.5569961201E+02,    0.0000000000E+00,    0.0000000000E+00,    0.0000000000E+00,    1.5569961201E+02
    129100,      0.676944,CP5_after_vdif,   1,    0.0000000000E+00,    1.5569961201E+02,    1.5569961201E+02,    0.0000000000E+00,    0.0000000000E+00,    0.0000000000E+00,    1.5569961201E+02
    129100,      0.676944,CP6_after_kinetics,   1,    0.0000000000E+00,    1.5569961201E+02,    1.5569961201E+02,    0.0000000000E+00,    0.0000000000E+00,    0.0000000000E+00,    1.5569961201E+02
    129100,      0.676944,CP7_after_upper_clamp,   1,    0.0000000000E+00,    1.5569961201E+02,    1.5569961201E+02,    0.0000000000E+00,    0.0000000000E+00,    0.0000000000E+00,    1.5569961201E+02
    129100,      0.676944,CP8_after_OBC,   1,    0.0000000000E+00,    1.5569961201E+02,    1.5569961201E+02,    0.0000000000E+00,    0.0000000000E+00,    0.0000000000E+00,    1.5569961201E+02
    129100,      0.676944,CP9_after_PTsource,   1,    0.0000000000E+00,    1.5569961201E+02,    1.5569961201E+02,    0.0000000000E+00,    0.0000000000E+00,    0.0000000000E+00,    1.5569961201E+02
    129100,      0.676944,CP10_after_neg_clamp,   1,    0.0000000000E+00,    1.5569961201E+02,    1.5569961201E+02,    0.0000000000E+00,    0.0000000000E+00,    0.0000000000E+00,    1.5569961201E+02
    129100,      0.676944,CP11_after_MPI,   1,    0.0000000000E+00,    1.5569961201E+02,    1.5569961201E+02,    0.0000000000E+00,    0.0000000000E+00,    0.0000000000E+00,    1.5569961201E+02
    129100,      0.676944,CP12_end,   1,    0.0000000000E+00,    1.5569961201E+02,    1.5569961201E+02,    0.0000000000E+00,    0.0000000000E+00,    0.0000000000E+00,    1.5569961201E+02
    129150,      0.676944,CP0_start,   1,    0.0000000000E+00,    1.5580286173E+02,    1.5580286173E+02,    0.0000000000E+00,    0.0000000000E+00,    0.0000000000E+00,    1.5580286173E+02
    129150,      0.676944,CP1_after_deposition,   1,    0.0000000000E+00,    1.5580286173E+02,    1.5580286173E+02,    0.0000000000E+00,    0.0000000000E+00,    0.0000000000E+00,    1.5580286173E+02
    129150,      0.676944,CP2_after_erosion,   1,    0.0000000000E+00,    1.5580286173E+02,    1.5580286173E+02,    0.0000000000E+00,    0.0000000000E+00,    0.0000000000E+00,    1.5580286173E+02
    129150,      0.676944,CP3_after_update_bottom,   1,    0.0000000000E+00,    1.5580286173E+02,    1.5580286173E+02,    0.0000000000E+00,    0.0000000000E+00,    0.0000000000E+00,    1.5580286173E+02
    129150,      0.676944,CP4_after_advection,   1,    0.0000000000E+00,    1.5580733062E+02,    1.5580733062E+02,    0.0000000000E+00,    0.0000000000E+00,    0.0000000000E+00,    1.5580733062E+02
    129150,      0.676944,CP5_after_vdif,   1,    0.0000000000E+00,    1.5580733062E+02,    1.5580733062E+02,    0.0000000000E+00,    0.0000000000E+00,    0.0000000000E+00,    1.5580733062E+02
    129150,      0.676944,CP6_after_kinetics,   1,    0.0000000000E+00,    1.5580733062E+02,    1.5580733062E+02,    0.0000000000E+00,    0.0000000000E+00,    0.0000000000E+00,    1.5580733062E+02
    129150,      0.676944,CP7_after_upper_clamp,   1,    0.0000000000E+00,    1.5580733062E+02,    1.5580733062E+02,    0.0000000000E+00,    0.0000000000E+00,    0.0000000000E+00,    1.5580733062E+02
    129150,      0.676944,CP8_after_OBC,   1,    0.0000000000E+00,    1.5580733062E+02,    1.5580733062E+02,    0.0000000000E+00,    0.0000000000E+00,    0.0000000000E+00,    1.5580733062E+02
    129150,      0.676944,CP9_after_PTsource,   1,    0.0000000000E+00,    1.5580733062E+02,    1.5580733062E+02,    0.0000000000E+00,    0.0000000000E+00,    0.0000000000E+00,    1.5580733062E+02
    129150,      0.676944,CP10_after_neg_clamp,   1,    0.0000000000E+00,    1.5580733062E+02,    1.5580733062E+02,    0.0000000000E+00,    0.0000000000E+00,    0.0000000000E+00,    1.5580733062E+02
    129150,      0.676944,CP11_after_MPI,   1,    0.0000000000E+00,    1.5580733062E+02,    1.5580733062E+02,    0.0000000000E+00,    0.0000000000E+00,    0.0000000000E+00,    1.5580733062E+02
    129150,      0.676944,CP12_end,   1,    0.0000000000E+00,    1.5580733062E+02,    1.5580733062E+02,    0.0000000000E+00,    0.0000000000E+00,    0.0000000000E+00,    1.5580733062E+02
    129200,      0.676944,CP0_start,   1,    0.0000000000E+00,    1.5591068403E+02,    1.5591068403E+02,    0.0000000000E+00,    0.0000000000E+00,    0.0000000000E+00,    1.5591068403E+02
    129200,      0.676944,CP1_after_deposition,   1,    0.0000000000E+00,    1.5591068403E+02,    1.5591068403E+02,    0.0000000000E+00,    0.0000000000E+00,    0.0000000000E+00,    1.5591068403E+02
    129200,      0.676944,CP2_after_erosion,   1,    0.0000000000E+00,    1.5591068403E+02,    1.5591068403E+02,    0.0000000000E+00,    0.0000000000E+00,    0.0000000000E+00,    1.5591068403E+02
    129200,      0.676944,CP3_after_update_bottom,   1,    0.0000000000E+00,    1.5591068403E+02,    1.5591068403E+02,    0.0000000000E+00,    0.0000000000E+00,    0.0000000000E+00,    1.5591068403E+02
    129200,      0.676944,CP4_after_advection,   1,    0.0000000000E+00,    1.5591511987E+02,    1.5591511987E+02,    0.0000000000E+00,    0.0000000000E+00,    0.0000000000E+00,    1.5591511987E+02
    129200,      0.676944,CP5_after_vdif,   1,    0.0000000000E+00,    1.5591511987E+02,    1.5591511987E+02,    0.0000000000E+00,    0.0000000000E+00,    0.0000000000E+00,    1.5591511987E+02
    129200,      0.676944,CP6_after_kinetics,   1,    0.0000000000E+00,    1.5591511987E+02,    1.5591511987E+02,    0.0000000000E+00,    0.0000000000E+00,    0.0000000000E+00,    1.5591511987E+02
    129200,      0.676944,CP7_after_upper_clamp,   1,    0.0000000000E+00,    1.5591511987E+02,    1.5591511987E+02,    0.0000000000E+00,    0.0000000000E+00,    0.0000000000E+00,    1.5591511987E+02
    129200,      0.676944,CP8_after_OBC,   1,    0.0000000000E+00,    1.5591511987E+02,    1.5591511987E+02,    0.0000000000E+00,    0.0000000000E+00,    0.0000000000E+00,    1.5591511987E+02
    129200,      0.676944,CP9_after_PTsource,   1,    0.0000000000E+00,    1.5591511987E+02,    1.5591511987E+02,    0.0000000000E+00,    0.0000000000E+00,    0.0000000000E+00,    1.5591511987E+02
    129200,      0.676944,CP10_after_neg_clamp,   1,    0.0000000000E+00,    1.5591511987E+02,    1.5591511987E+02,    0.0000000000E+00,    0.0000000000E+00,    0.0000000000E+00,    1.5591511987E+02
    129200,      0.676944,CP11_after_MPI,   1,    0.0000000000E+00,    1.5591511987E+02,    1.5591511987E+02,    0.0000000000E+00,    0.0000000000E+00,    0.0000000000E+00,    1.5591511987E+02
    129200,      0.676944,CP12_end,   1,    0.0000000000E+00,    1.5591511987E+02,    1.5591511987E+02,    0.0000000000E+00,    0.0000000000E+00,    0.0000000000E+00,    1.5591511987E+02
    129250,      0.676944,CP0_start,   1,    0.0000000000E+00,    1.5601854660E+02,    1.5601854660E+02,    0.0000000000E+00,    0.0000000000E+00,    0.0000000000E+00,    1.5601854660E+02
    129250,      0.676944,CP1_after_deposition,   1,    0.0000000000E+00,    1.5601854660E+02,    1.5601854660E+02,    0.0000000000E+00,    0.0000000000E+00,    0.0000000000E+00,    1.5601854660E+02
    129250,      0.676944,CP2_after_erosion,   1,    0.0000000000E+00,    1.5601854660E+02,    1.5601854660E+02,    0.0000000000E+00,    0.0000000000E+00,    0.0000000000E+00,    1.5601854660E+02
    129250,      0.676944,CP3_after_update_bottom,   1,    0.0000000000E+00,    1.5601854660E+02,    1.5601854660E+02,    0.0000000000E+00,    0.0000000000E+00,    0.0000000000E+00,    1.5601854660E+02
    129250,      0.676944,CP4_after_advection,   1,    0.0000000000E+00,    1.5602294748E+02,    1.5602294748E+02,    0.0000000000E+00,    0.0000000000E+00,    0.0000000000E+00,    1.5602294748E+02
    129250,      0.676944,CP5_after_vdif,   1,    0.0000000000E+00,    1.5602294748E+02,    1.5602294748E+02,    0.0000000000E+00,    0.0000000000E+00,    0.0000000000E+00,    1.5602294748E+02
    129250,      0.676944,CP6_after_kinetics,   1,    0.0000000000E+00,    1.5602294748E+02,    1.5602294748E+02,    0.0000000000E+00,    0.0000000000E+00,    0.0000000000E+00,    1.5602294748E+02
    129250,      0.676944,CP7_after_upper_clamp,   1,    0.0000000000E+00,    1.5602294748E+02,    1.5602294748E+02,    0.0000000000E+00,    0.0000000000E+00,    0.0000000000E+00,    1.5602294748E+02
    129250,      0.676944,CP8_after_OBC,   1,    0.0000000000E+00,    1.5602294748E+02,    1.5602294748E+02,    0.0000000000E+00,    0.0000000000E+00,    0.0000000000E+00,    1.5602294748E+02
    129250,      0.676944,CP9_after_PTsource,   1,    0.0000000000E+00,    1.5602294748E+02,    1.5602294748E+02,    0.0000000000E+00,    0.0000000000E+00,    0.0000000000E+00,    1.5602294748E+02
    129250,      0.676944,CP10_after_neg_clamp,   1,    0.0000000000E+00,    1.5602294748E+02,    1.5602294748E+02,    0.0000000000E+00,    0.0000000000E+00,    0.0000000000E+00,    1.5602294748E+02
    129250,      0.676944,CP11_after_MPI,   1,    0.0000000000E+00,    1.5602294748E+02,    1.5602294748E+02,    0.0000000000E+00,    0.0000000000E+00,    0.0000000000E+00,    1.5602294748E+02
    129250,      0.676944,CP12_end,   1,    0.0000000000E+00,    1.5602294748E+02,    1.5602294748E+02,    0.0000000000E+00,    0.0000000000E+00,    0.0000000000E+00,    1.5602294748E+02
    129300,      0.676944,CP0_start,   1,    0.0000000000E+00,    1.5612646232E+02,    1.5612646232E+02,    0.0000000000E+00,    0.0000000000E+00,    0.0000000000E+00,    1.5612646232E+02
    129300,      0.676944,CP1_after_deposition,   1,    0.0000000000E+00,    1.5612646232E+02,    1.5612646232E+02,    0.0000000000E+00,    0.0000000000E+00,    0.0000000000E+00,    1.5612646232E+02
    129300,      0.676944,CP2_after_erosion,   1,    0.0000000000E+00,    1.5612646232E+02,    1.5612646232E+02,    0.0000000000E+00,    0.0000000000E+00,    0.0000000000E+00,    1.5612646232E+02
    129300,      0.676944,CP3_after_update_bottom,   1,    0.0000000000E+00,    1.5612646232E+02,    1.5612646232E+02,    0.0000000000E+00,    0.0000000000E+00,    0.0000000000E+00,    1.5612646232E+02
    129300,      0.676944,CP4_after_advection,   1,    0.0000000000E+00,    1.5613082834E+02,    1.5613082834E+02,    0.0000000000E+00,    0.0000000000E+00,    0.0000000000E+00,    1.5613082834E+02
    129300,      0.676944,CP5_after_vdif,   1,    0.0000000000E+00,    1.5613082834E+02,    1.5613082834E+02,    0.0000000000E+00,    0.0000000000E+00,    0.0000000000E+00,    1.5613082834E+02
    129300,      0.676944,CP6_after_kinetics,   1,    0.0000000000E+00,    1.5613082834E+02,    1.5613082834E+02,    0.0000000000E+00,    0.0000000000E+00,    0.0000000000E+00,    1.5613082834E+02
    129300,      0.676944,CP7_after_upper_clamp,   1,    0.0000000000E+00,    1.5613082834E+02,    1.5613082834E+02,    0.0000000000E+00,    0.0000000000E+00,    0.0000000000E+00,    1.5613082834E+02
    129300,      0.676944,CP8_after_OBC,   1,    0.0000000000E+00,    1.5613082834E+02,    1.5613082834E+02,    0.0000000000E+00,    0.0000000000E+00,    0.0000000000E+00,    1.5613082834E+02
    129300,      0.676944,CP9_after_PTsource,   1,    0.0000000000E+00,    1.5613082834E+02,    1.5613082834E+02,    0.0000000000E+00,    0.0000000000E+00,    0.0000000000E+00,    1.5613082834E+02
    129300,      0.676944,CP10_after_neg_clamp,   1,    0.0000000000E+00,    1.5613082834E+02,    1.5613082834E+02,    0.0000000000E+00,    0.0000000000E+00,    0.0000000000E+00,    1.5613082834E+02
    129300,      0.676944,CP11_after_MPI,   1,    0.0000000000E+00,    1.5613082834E+02,    1.5613082834E+02,    0.0000000000E+00,    0.0000000000E+00,    0.0000000000E+00,    1.5613082834E+02
    129300,      0.676944,CP12_end,   1,    0.0000000000E+00,    1.5613082834E+02,    1.5613082834E+02,    0.0000000000E+00,    0.0000000000E+00,    0.0000000000E+00,    1.5613082834E+02
    129350,      0.676944,CP0_start,   1,    0.0000000000E+00,    1.5623442346E+02,    1.5623442346E+02,    0.0000000000E+00,    0.0000000000E+00,    0.0000000000E+00,    1.5623442346E+02
    129350,      0.676944,CP1_after_deposition,   1,    0.0000000000E+00,    1.5623442346E+02,    1.5623442346E+02,    0.0000000000E+00,    0.0000000000E+00,    0.0000000000E+00,    1.5623442346E+02
    129350,      0.676944,CP2_after_erosion,   1,    0.0000000000E+00,    1.5623442346E+02,    1.5623442346E+02,    0.0000000000E+00,    0.0000000000E+00,    0.0000000000E+00,    1.5623442346E+02
    129350,      0.676944,CP3_after_update_bottom,   1,    0.0000000000E+00,    1.5623442346E+02,    1.5623442346E+02,    0.0000000000E+00,    0.0000000000E+00,    0.0000000000E+00,    1.5623442346E+02
    129350,      0.676944,CP4_after_advection,   1,    0.0000000000E+00,    1.5623875190E+02,    1.5623875190E+02,    0.0000000000E+00,    0.0000000000E+00,    0.0000000000E+00,    1.5623875190E+02
    129350,      0.676944,CP5_after_vdif,   1,    0.0000000000E+00,    1.5623875190E+02,    1.5623875190E+02,    0.0000000000E+00,    0.0000000000E+00,    0.0000000000E+00,    1.5623875190E+02
    129350,      0.676944,CP6_after_kinetics,   1,    0.0000000000E+00,    1.5623875190E+02,    1.5623875190E+02,    0.0000000000E+00,    0.0000000000E+00,    0.0000000000E+00,    1.5623875190E+02
    129350,      0.676944,CP7_after_upper_clamp,   1,    0.0000000000E+00,    1.5623875190E+02,    1.5623875190E+02,    0.0000000000E+00,    0.0000000000E+00,    0.0000000000E+00,    1.5623875190E+02
    129350,      0.676944,CP8_after_OBC,   1,    0.0000000000E+00,    1.5623875190E+02,    1.5623875190E+02,    0.0000000000E+00,    0.0000000000E+00,    0.0000000000E+00,    1.5623875190E+02
    129350,      0.676944,CP9_after_PTsource,   1,    0.0000000000E+00,    1.5623875190E+02,    1.5623875190E+02,    0.0000000000E+00,    0.0000000000E+00,    0.0000000000E+00,    1.5623875190E+02
    129350,      0.676944,CP10_after_neg_clamp,   1,    0.0000000000E+00,    1.5623875190E+02,    1.5623875190E+02,    0.0000000000E+00,    0.0000000000E+00,    0.0000000000E+00,    1.5623875190E+02
    129350,      0.676944,CP11_after_MPI,   1,    0.0000000000E+00,    1.5623875190E+02,    1.5623875190E+02,    0.0000000000E+00,    0.0000000000E+00,    0.0000000000E+00,    1.5623875190E+02
    129350,      0.676944,CP12_end,   1,    0.0000000000E+00,    1.5623875190E+02,    1.5623875190E+02,    0.0000000000E+00,    0.0000000000E+00,    0.0000000000E+00,    1.5623875190E+02
    129400,      0.676944,CP0_start,   1,    0.0000000000E+00,    1.5634237310E+02,    1.5634237310E+02,    0.0000000000E+00,    0.0000000000E+00,    0.0000000000E+00,    1.5634237310E+02
    129400,      0.676944,CP1_after_deposition,   1,    0.0000000000E+00,    1.5634237310E+02,    1.5634237310E+02,    0.0000000000E+00,    0.0000000000E+00,    0.0000000000E+00,    1.5634237310E+02
    129400,      0.676944,CP2_after_erosion,   1,    0.0000000000E+00,    1.5634237310E+02,    1.5634237310E+02,    0.0000000000E+00,    0.0000000000E+00,    0.0000000000E+00,    1.5634237310E+02
    129400,      0.676944,CP3_after_update_bottom,   1,    0.0000000000E+00,    1.5634237310E+02,    1.5634237310E+02,    0.0000000000E+00,    0.0000000000E+00,    0.0000000000E+00,    1.5634237310E+02
    129400,      0.676944,CP4_after_advection,   1,    0.0000000000E+00,    1.5634666152E+02,    1.5634666152E+02,    0.0000000000E+00,    0.0000000000E+00,    0.0000000000E+00,    1.5634666152E+02
    129400,      0.676944,CP5_after_vdif,   1,    0.0000000000E+00,    1.5634666152E+02,    1.5634666152E+02,    0.0000000000E+00,    0.0000000000E+00,    0.0000000000E+00,    1.5634666152E+02
    129400,      0.676944,CP6_after_kinetics,   1,    0.0000000000E+00,    1.5634666152E+02,    1.5634666152E+02,    0.0000000000E+00,    0.0000000000E+00,    0.0000000000E+00,    1.5634666152E+02
    129400,      0.676944,CP7_after_upper_clamp,   1,    0.0000000000E+00,    1.5634666152E+02,    1.5634666152E+02,    0.0000000000E+00,    0.0000000000E+00,    0.0000000000E+00,    1.5634666152E+02
    129400,      0.676944,CP8_after_OBC,   1,    0.0000000000E+00,    1.5634666152E+02,    1.5634666152E+02,    0.0000000000E+00,    0.0000000000E+00,    0.0000000000E+00,    1.5634666152E+02
    129400,      0.676944,CP9_after_PTsource,   1,    0.0000000000E+00,    1.5634666152E+02,    1.5634666152E+02,    0.0000000000E+00,    0.0000000000E+00,    0.0000000000E+00,    1.5634666152E+02
    129400,      0.676944,CP10_after_neg_clamp,   1,    0.0000000000E+00,    1.5634666152E+02,    1.5634666152E+02,    0.0000000000E+00,    0.0000000000E+00,    0.0000000000E+00,    1.5634666152E+02
    129400,      0.676944,CP11_after_MPI,   1,    0.0000000000E+00,    1.5634666152E+02,    1.5634666152E+02,    0.0000000000E+00,    0.0000000000E+00,    0.0000000000E+00,    1.5634666152E+02
    129400,      0.676944,CP12_end,   1,    0.0000000000E+00,    1.5634666152E+02,    1.5634666152E+02,    0.0000000000E+00,    0.0000000000E+00,    0.0000000000E+00,    1.5634666152E+02
    129450,      0.676944,CP0_start,   1,    0.0000000000E+00,    1.5645031741E+02,    1.5645031741E+02,    0.0000000000E+00,    0.0000000000E+00,    0.0000000000E+00,    1.5645031741E+02
    129450,      0.676944,CP1_after_deposition,   1,    0.0000000000E+00,    1.5645031741E+02,    1.5645031741E+02,    0.0000000000E+00,    0.0000000000E+00,    0.0000000000E+00,    1.5645031741E+02
    129450,      0.676944,CP2_after_erosion,   1,    0.0000000000E+00,    1.5645031741E+02,    1.5645031741E+02,    0.0000000000E+00,    0.0000000000E+00,    0.0000000000E+00,    1.5645031741E+02
    129450,      0.676944,CP3_after_update_bottom,   1,    0.0000000000E+00,    1.5645031741E+02,    1.5645031741E+02,    0.0000000000E+00,    0.0000000000E+00,    0.0000000000E+00,    1.5645031741E+02
    129450,      0.676944,CP4_after_advection,   1,    0.0000000000E+00,    1.5645456664E+02,    1.5645456664E+02,    0.0000000000E+00,    0.0000000000E+00,    0.0000000000E+00,    1.5645456664E+02
    129450,      0.676944,CP5_after_vdif,   1,    0.0000000000E+00,    1.5645456664E+02,    1.5645456664E+02,    0.0000000000E+00,    0.0000000000E+00,    0.0000000000E+00,    1.5645456664E+02
    129450,      0.676944,CP6_after_kinetics,   1,    0.0000000000E+00,    1.5645456664E+02,    1.5645456664E+02,    0.0000000000E+00,    0.0000000000E+00,    0.0000000000E+00,    1.5645456664E+02
    129450,      0.676944,CP7_after_upper_clamp,   1,    0.0000000000E+00,    1.5645456664E+02,    1.5645456664E+02,    0.0000000000E+00,    0.0000000000E+00,    0.0000000000E+00,    1.5645456664E+02
    129450,      0.676944,CP8_after_OBC,   1,    0.0000000000E+00,    1.5645456664E+02,    1.5645456664E+02,    0.0000000000E+00,    0.0000000000E+00,    0.0000000000E+00,    1.5645456664E+02
    129450,      0.676944,CP9_after_PTsource,   1,    0.0000000000E+00,    1.5645456664E+02,    1.5645456664E+02,    0.0000000000E+00,    0.0000000000E+00,    0.0000000000E+00,    1.5645456664E+02
    129450,      0.676944,CP10_after_neg_clamp,   1,    0.0000000000E+00,    1.5645456664E+02,    1.5645456664E+02,    0.0000000000E+00,    0.0000000000E+00,    0.0000000000E+00,    1.5645456664E+02
    129450,      0.676944,CP11_after_MPI,   1,    0.0000000000E+00,    1.5645456664E+02,    1.5645456664E+02,    0.0000000000E+00,    0.0000000000E+00,    0.0000000000E+00,    1.5645456664E+02
    129450,      0.676944,CP12_end,   1,    0.0000000000E+00,    1.5645456664E+02,    1.5645456664E+02,    0.0000000000E+00,    0.0000000000E+00,    0.0000000000E+00,    1.5645456664E+02
    129500,      0.676944,CP0_start,   1,    0.0000000000E+00,    1.5655824953E+02,    1.5655824953E+02,    0.0000000000E+00,    0.0000000000E+00,    0.0000000000E+00,    1.5655824953E+02
    129500,      0.676944,CP1_after_deposition,   1,    0.0000000000E+00,    1.5655824953E+02,    1.5655824953E+02,    0.0000000000E+00,    0.0000000000E+00,    0.0000000000E+00,    1.5655824953E+02
    129500,      0.676944,CP2_after_erosion,   1,    0.0000000000E+00,    1.5655824953E+02,    1.5655824953E+02,    0.0000000000E+00,    0.0000000000E+00,    0.0000000000E+00,    1.5655824953E+02
    129500,      0.676944,CP3_after_update_bottom,   1,    0.0000000000E+00,    1.5655824953E+02,    1.5655824953E+02,    0.0000000000E+00,    0.0000000000E+00,    0.0000000000E+00,    1.5655824953E+02
    129500,      0.676944,CP4_after_advection,   1,    0.0000000000E+00,    1.5656245595E+02,    1.5656245595E+02,    0.0000000000E+00,    0.0000000000E+00,    0.0000000000E+00,    1.5656245595E+02
    129500,      0.676944,CP5_after_vdif,   1,    0.0000000000E+00,    1.5656245595E+02,    1.5656245595E+02,    0.0000000000E+00,    0.0000000000E+00,    0.0000000000E+00,    1.5656245595E+02
    129500,      0.676944,CP6_after_kinetics,   1,    0.0000000000E+00,    1.5656245595E+02,    1.5656245595E+02,    0.0000000000E+00,    0.0000000000E+00,    0.0000000000E+00,    1.5656245595E+02
    129500,      0.676944,CP7_after_upper_clamp,   1,    0.0000000000E+00,    1.5656245595E+02,    1.5656245595E+02,    0.0000000000E+00,    0.0000000000E+00,    0.0000000000E+00,    1.5656245595E+02
    129500,      0.676944,CP8_after_OBC,   1,    0.0000000000E+00,    1.5656245595E+02,    1.5656245595E+02,    0.0000000000E+00,    0.0000000000E+00,    0.0000000000E+00,    1.5656245595E+02
    129500,      0.676944,CP9_after_PTsource,   1,    0.0000000000E+00,    1.5656245595E+02,    1.5656245595E+02,    0.0000000000E+00,    0.0000000000E+00,    0.0000000000E+00,    1.5656245595E+02
    129500,      0.676944,CP10_after_neg_clamp,   1,    0.0000000000E+00,    1.5656245595E+02,    1.5656245595E+02,    0.0000000000E+00,    0.0000000000E+00,    0.0000000000E+00,    1.5656245595E+02
    129500,      0.676944,CP11_after_MPI,   1,    0.0000000000E+00,    1.5656245595E+02,    1.5656245595E+02,    0.0000000000E+00,    0.0000000000E+00,    0.0000000000E+00,    1.5656245595E+02
    129500,      0.676944,CP12_end,   1,    0.0000000000E+00,    1.5656245595E+02,    1.5656245595E+02,    0.0000000000E+00,    0.0000000000E+00,    0.0000000000E+00,    1.5656245595E+02
    129550,      0.676944,CP0_start,   1,    0.0000000000E+00,    1.5666615212E+02,    1.5666615212E+02,    0.0000000000E+00,    0.0000000000E+00,    0.0000000000E+00,    1.5666615212E+02
    129550,      0.676944,CP1_after_deposition,   1,    0.0000000000E+00,    1.5666615212E+02,    1.5666615212E+02,    0.0000000000E+00,    0.0000000000E+00,    0.0000000000E+00,    1.5666615212E+02
    129550,      0.676944,CP2_after_erosion,   1,    0.0000000000E+00,    1.5666615212E+02,    1.5666615212E+02,    0.0000000000E+00,    0.0000000000E+00,    0.0000000000E+00,    1.5666615212E+02
    129550,      0.676944,CP3_after_update_bottom,   1,    0.0000000000E+00,    1.5666615212E+02,    1.5666615212E+02,    0.0000000000E+00,    0.0000000000E+00,    0.0000000000E+00,    1.5666615212E+02
    129550,      0.676944,CP4_after_advection,   1,    0.0000000000E+00,    1.5667031337E+02,    1.5667031337E+02,    0.0000000000E+00,    0.0000000000E+00,    0.0000000000E+00,    1.5667031337E+02
    129550,      0.676944,CP5_after_vdif,   1,    0.0000000000E+00,    1.5667031337E+02,    1.5667031337E+02,    0.0000000000E+00,    0.0000000000E+00,    0.0000000000E+00,    1.5667031337E+02
    129550,      0.676944,CP6_after_kinetics,   1,    0.0000000000E+00,    1.5667031337E+02,    1.5667031337E+02,    0.0000000000E+00,    0.0000000000E+00,    0.0000000000E+00,    1.5667031337E+02
    129550,      0.676944,CP7_after_upper_clamp,   1,    0.0000000000E+00,    1.5667031337E+02,    1.5667031337E+02,    0.0000000000E+00,    0.0000000000E+00,    0.0000000000E+00,    1.5667031337E+02
    129550,      0.676944,CP8_after_OBC,   1,    0.0000000000E+00,    1.5667031337E+02,    1.5667031337E+02,    0.0000000000E+00,    0.0000000000E+00,    0.0000000000E+00,    1.5667031337E+02
    129550,      0.676944,CP9_after_PTsource,   1,    0.0000000000E+00,    1.5667031337E+02,    1.5667031337E+02,    0.0000000000E+00,    0.0000000000E+00,    0.0000000000E+00,    1.5667031337E+02
    129550,      0.676944,CP10_after_neg_clamp,   1,    0.0000000000E+00,    1.5667031337E+02,    1.5667031337E+02,    0.0000000000E+00,    0.0000000000E+00,    0.0000000000E+00,    1.5667031337E+02
    129550,      0.676944,CP11_after_MPI,   1,    0.0000000000E+00,    1.5667031337E+02,    1.5667031337E+02,    0.0000000000E+00,    0.0000000000E+00,    0.0000000000E+00,    1.5667031337E+02
    129550,      0.676944,CP12_end,   1,    0.0000000000E+00,    1.5667031337E+02,    1.5667031337E+02,    0.0000000000E+00,    0.0000000000E+00,    0.0000000000E+00,    1.5667031337E+02
    129600,      0.676944,CP0_start,   1,    0.0000000000E+00,    1.5677399542E+02,    1.5677399542E+02,    0.0000000000E+00,    0.0000000000E+00,    0.0000000000E+00,    1.5677399542E+02
    129600,      0.676944,CP1_after_deposition,   1,    0.0000000000E+00,    1.5677399542E+02,    1.5677399542E+02,    0.0000000000E+00,    0.0000000000E+00,    0.0000000000E+00,    1.5677399542E+02
    129600,      0.676944,CP2_after_erosion,   1,    0.0000000000E+00,    1.5677399542E+02,    1.5677399542E+02,    0.0000000000E+00,    0.0000000000E+00,    0.0000000000E+00,    1.5677399542E+02
    129600,      0.676944,CP3_after_update_bottom,   1,    0.0000000000E+00,    1.5677399542E+02,    1.5677399542E+02,    0.0000000000E+00,    0.0000000000E+00,    0.0000000000E+00,    1.5677399542E+02
    129600,      0.676944,CP4_after_advection,   1,    0.0000000000E+00,    1.5677811003E+02,    1.5677811003E+02,    0.0000000000E+00,    0.0000000000E+00,    0.0000000000E+00,    1.5677811003E+02
    129600,      0.676944,CP5_after_vdif,   1,    0.0000000000E+00,    1.5677811003E+02,    1.5677811003E+02,    0.0000000000E+00,    0.0000000000E+00,    0.0000000000E+00,    1.5677811003E+02
    129600,      0.676944,CP6_after_kinetics,   1,    0.0000000000E+00,    1.5677811003E+02,    1.5677811003E+02,    0.0000000000E+00,    0.0000000000E+00,    0.0000000000E+00,    1.5677811003E+02
    129600,      0.676944,CP7_after_upper_clamp,   1,    0.0000000000E+00,    1.5677811003E+02,    1.5677811003E+02,    0.0000000000E+00,    0.0000000000E+00,    0.0000000000E+00,    1.5677811003E+02
    129600,      0.676944,CP8_after_OBC,   1,    0.0000000000E+00,    1.5677811003E+02,    1.5677811003E+02,    0.0000000000E+00,    0.0000000000E+00,    0.0000000000E+00,    1.5677811003E+02
    129600,      0.676944,CP9_after_PTsource,   1,    0.0000000000E+00,    1.5677811003E+02,    1.5677811003E+02,    0.0000000000E+00,    0.0000000000E+00,    0.0000000000E+00,    1.5677811003E+02
    129600,      0.676944,CP10_after_neg_clamp,   1,    0.0000000000E+00,    1.5677811003E+02,    1.5677811003E+02,    0.0000000000E+00,    0.0000000000E+00,    0.0000000000E+00,    1.5677811003E+02
    129600,      0.676944,CP11_after_MPI,   1,    0.0000000000E+00,    1.5677811003E+02,    1.5677811003E+02,    0.0000000000E+00,    0.0000000000E+00,    0.0000000000E+00,    1.5677811003E+02
    129600,      0.676944,CP12_end,   1,    0.0000000000E+00,    1.5677811003E+02,    1.5677811003E+02,    0.0000000000E+00,    0.0000000000E+00,    0.0000000000E+00,    1.5677811003E+02
    129650,      0.676944,CP0_start,   1,    0.0000000000E+00,    1.5688177904E+02,    1.5688177904E+02,    0.0000000000E+00,    0.0000000000E+00,    0.0000000000E+00,    1.5688177904E+02
    129650,      0.676944,CP1_after_deposition,   1,    0.0000000000E+00,    1.5688177904E+02,    1.5688177904E+02,    0.0000000000E+00,    0.0000000000E+00,    0.0000000000E+00,    1.5688177904E+02
    129650,      0.676944,CP2_after_erosion,   1,    0.0000000000E+00,    1.5688177904E+02,    1.5688177904E+02,    0.0000000000E+00,    0.0000000000E+00,    0.0000000000E+00,    1.5688177904E+02
    129650,      0.676944,CP3_after_update_bottom,   1,    0.0000000000E+00,    1.5688177904E+02,    1.5688177904E+02,    0.0000000000E+00,    0.0000000000E+00,    0.0000000000E+00,    1.5688177904E+02
    129650,      0.676944,CP4_after_advection,   1,    0.0000000000E+00,    1.5688584397E+02,    1.5688584397E+02,    0.0000000000E+00,    0.0000000000E+00,    0.0000000000E+00,    1.5688584397E+02
    129650,      0.676944,CP5_after_vdif,   1,    0.0000000000E+00,    1.5688584397E+02,    1.5688584397E+02,    0.0000000000E+00,    0.0000000000E+00,    0.0000000000E+00,    1.5688584397E+02
    129650,      0.676944,CP6_after_kinetics,   1,    0.0000000000E+00,    1.5688584397E+02,    1.5688584397E+02,    0.0000000000E+00,    0.0000000000E+00,    0.0000000000E+00,    1.5688584397E+02
    129650,      0.676944,CP7_after_upper_clamp,   1,    0.0000000000E+00,    1.5688584397E+02,    1.5688584397E+02,    0.0000000000E+00,    0.0000000000E+00,    0.0000000000E+00,    1.5688584397E+02
    129650,      0.676944,CP8_after_OBC,   1,    0.0000000000E+00,    1.5688584397E+02,    1.5688584397E+02,    0.0000000000E+00,    0.0000000000E+00,    0.0000000000E+00,    1.5688584397E+02
    129650,      0.676944,CP9_after_PTsource,   1,    0.0000000000E+00,    1.5688584397E+02,    1.5688584397E+02,    0.0000000000E+00,    0.0000000000E+00,    0.0000000000E+00,    1.5688584397E+02
    129650,      0.676944,CP10_after_neg_clamp,   1,    0.0000000000E+00,    1.5688584397E+02,    1.5688584397E+02,    0.0000000000E+00,    0.0000000000E+00,    0.0000000000E+00,    1.5688584397E+02
    129650,      0.676944,CP11_after_MPI,   1,    0.0000000000E+00,    1.5688584397E+02,    1.5688584397E+02,    0.0000000000E+00,    0.0000000000E+00,    0.0000000000E+00,    1.5688584397E+02
    129650,      0.676944,CP12_end,   1,    0.0000000000E+00,    1.5688584397E+02,    1.5688584397E+02,    0.0000000000E+00,    0.0000000000E+00,    0.0000000000E+00,    1.5688584397E+02
    129700,      0.676944,CP0_start,   1,    0.0000000000E+00,    1.5698948668E+02,    1.5698948668E+02,    0.0000000000E+00,    0.0000000000E+00,    0.0000000000E+00,    1.5698948668E+02
    129700,      0.676944,CP1_after_deposition,   1,    0.0000000000E+00,    1.5698948668E+02,    1.5698948668E+02,    0.0000000000E+00,    0.0000000000E+00,    0.0000000000E+00,    1.5698948668E+02
    129700,      0.676944,CP2_after_erosion,   1,    0.0000000000E+00,    1.5698948668E+02,    1.5698948668E+02,    0.0000000000E+00,    0.0000000000E+00,    0.0000000000E+00,    1.5698948668E+02
    129700,      0.676944,CP3_after_update_bottom,   1,    0.0000000000E+00,    1.5698948668E+02,    1.5698948668E+02,    0.0000000000E+00,    0.0000000000E+00,    0.0000000000E+00,    1.5698948668E+02
    129700,      0.676944,CP4_after_advection,   1,    0.0000000000E+00,    1.5699350271E+02,    1.5699350271E+02,    0.0000000000E+00,    0.0000000000E+00,    0.0000000000E+00,    1.5699350271E+02
    129700,      0.676944,CP5_after_vdif,   1,    0.0000000000E+00,    1.5699350271E+02,    1.5699350271E+02,    0.0000000000E+00,    0.0000000000E+00,    0.0000000000E+00,    1.5699350271E+02
    129700,      0.676944,CP6_after_kinetics,   1,    0.0000000000E+00,    1.5699350271E+02,    1.5699350271E+02,    0.0000000000E+00,    0.0000000000E+00,    0.0000000000E+00,    1.5699350271E+02
    129700,      0.676944,CP7_after_upper_clamp,   1,    0.0000000000E+00,    1.5699350271E+02,    1.5699350271E+02,    0.0000000000E+00,    0.0000000000E+00,    0.0000000000E+00,    1.5699350271E+02
    129700,      0.676944,CP8_after_OBC,   1,    0.0000000000E+00,    1.5699350271E+02,    1.5699350271E+02,    0.0000000000E+00,    0.0000000000E+00,    0.0000000000E+00,    1.5699350271E+02
    129700,      0.676944,CP9_after_PTsource,   1,    0.0000000000E+00,    1.5699350271E+02,    1.5699350271E+02,    0.0000000000E+00,    0.0000000000E+00,    0.0000000000E+00,    1.5699350271E+02
    129700,      0.676944,CP10_after_neg_clamp,   1,    0.0000000000E+00,    1.5699350271E+02,    1.5699350271E+02,    0.0000000000E+00,    0.0000000000E+00,    0.0000000000E+00,    1.5699350271E+02
    129700,      0.676944,CP11_after_MPI,   1,    0.0000000000E+00,    1.5699350271E+02,    1.5699350271E+02,    0.0000000000E+00,    0.0000000000E+00,    0.0000000000E+00,    1.5699350271E+02
    129700,      0.676944,CP12_end,   1,    0.0000000000E+00,    1.5699350271E+02,    1.5699350271E+02,    0.0000000000E+00,    0.0000000000E+00,    0.0000000000E+00,    1.5699350271E+02
    129750,      0.676944,CP0_start,   1,    0.0000000000E+00,    1.5709713026E+02,    1.5709713026E+02,    0.0000000000E+00,    0.0000000000E+00,    0.0000000000E+00,    1.5709713026E+02
    129750,      0.676944,CP1_after_deposition,   1,    0.0000000000E+00,    1.5709713026E+02,    1.5709713026E+02,    0.0000000000E+00,    0.0000000000E+00,    0.0000000000E+00,    1.5709713026E+02
    129750,      0.676944,CP2_after_erosion,   1,    0.0000000000E+00,    1.5709713026E+02,    1.5709713026E+02,    0.0000000000E+00,    0.0000000000E+00,    0.0000000000E+00,    1.5709713026E+02
    129750,      0.676944,CP3_after_update_bottom,   1,    0.0000000000E+00,    1.5709713026E+02,    1.5709713026E+02,    0.0000000000E+00,    0.0000000000E+00,    0.0000000000E+00,    1.5709713026E+02
    129750,      0.676944,CP4_after_advection,   1,    0.0000000000E+00,    1.5710109557E+02,    1.5710109557E+02,    0.0000000000E+00,    0.0000000000E+00,    0.0000000000E+00,    1.5710109557E+02
    129750,      0.676944,CP5_after_vdif,   1,    0.0000000000E+00,    1.5710109557E+02,    1.5710109557E+02,    0.0000000000E+00,    0.0000000000E+00,    0.0000000000E+00,    1.5710109557E+02
    129750,      0.676944,CP6_after_kinetics,   1,    0.0000000000E+00,    1.5710109557E+02,    1.5710109557E+02,    0.0000000000E+00,    0.0000000000E+00,    0.0000000000E+00,    1.5710109557E+02
    129750,      0.676944,CP7_after_upper_clamp,   1,    0.0000000000E+00,    1.5710109557E+02,    1.5710109557E+02,    0.0000000000E+00,    0.0000000000E+00,    0.0000000000E+00,    1.5710109557E+02
    129750,      0.676944,CP8_after_OBC,   1,    0.0000000000E+00,    1.5710109557E+02,    1.5710109557E+02,    0.0000000000E+00,    0.0000000000E+00,    0.0000000000E+00,    1.5710109557E+02
    129750,      0.676944,CP9_after_PTsource,   1,    0.0000000000E+00,    1.5710109557E+02,    1.5710109557E+02,    0.0000000000E+00,    0.0000000000E+00,    0.0000000000E+00,    1.5710109557E+02
    129750,      0.676944,CP10_after_neg_clamp,   1,    0.0000000000E+00,    1.5710109557E+02,    1.5710109557E+02,    0.0000000000E+00,    0.0000000000E+00,    0.0000000000E+00,    1.5710109557E+02
    129750,      0.676944,CP11_after_MPI,   1,    0.0000000000E+00,    1.5710109557E+02,    1.5710109557E+02,    0.0000000000E+00,    0.0000000000E+00,    0.0000000000E+00,    1.5710109557E+02
    129750,      0.676944,CP12_end,   1,    0.0000000000E+00,    1.5710109557E+02,    1.5710109557E+02,    0.0000000000E+00,    0.0000000000E+00,    0.0000000000E+00,    1.5710109557E+02
    129800,      0.676944,CP0_start,   1,    0.0000000000E+00,    1.5720471353E+02,    1.5720471353E+02,    0.0000000000E+00,    0.0000000000E+00,    0.0000000000E+00,    1.5720471353E+02
    129800,      0.676944,CP1_after_deposition,   1,    0.0000000000E+00,    1.5720471353E+02,    1.5720471353E+02,    0.0000000000E+00,    0.0000000000E+00,    0.0000000000E+00,    1.5720471353E+02
    129800,      0.676944,CP2_after_erosion,   1,    0.0000000000E+00,    1.5720471353E+02,    1.5720471353E+02,    0.0000000000E+00,    0.0000000000E+00,    0.0000000000E+00,    1.5720471353E+02
    129800,      0.676944,CP3_after_update_bottom,   1,    0.0000000000E+00,    1.5720471353E+02,    1.5720471353E+02,    0.0000000000E+00,    0.0000000000E+00,    0.0000000000E+00,    1.5720471353E+02
    129800,      0.676944,CP4_after_advection,   1,    0.0000000000E+00,    1.5720862811E+02,    1.5720862811E+02,    0.0000000000E+00,    0.0000000000E+00,    0.0000000000E+00,    1.5720862811E+02
    129800,      0.676944,CP5_after_vdif,   1,    0.0000000000E+00,    1.5720862811E+02,    1.5720862811E+02,    0.0000000000E+00,    0.0000000000E+00,    0.0000000000E+00,    1.5720862811E+02
    129800,      0.676944,CP6_after_kinetics,   1,    0.0000000000E+00,    1.5720862811E+02,    1.5720862811E+02,    0.0000000000E+00,    0.0000000000E+00,    0.0000000000E+00,    1.5720862811E+02
    129800,      0.676944,CP7_after_upper_clamp,   1,    0.0000000000E+00,    1.5720862811E+02,    1.5720862811E+02,    0.0000000000E+00,    0.0000000000E+00,    0.0000000000E+00,    1.5720862811E+02
    129800,      0.676944,CP8_after_OBC,   1,    0.0000000000E+00,    1.5720862811E+02,    1.5720862811E+02,    0.0000000000E+00,    0.0000000000E+00,    0.0000000000E+00,    1.5720862811E+02
    129800,      0.676944,CP9_after_PTsource,   1,    0.0000000000E+00,    1.5720862811E+02,    1.5720862811E+02,    0.0000000000E+00,    0.0000000000E+00,    0.0000000000E+00,    1.5720862811E+02
    129800,      0.676944,CP10_after_neg_clamp,   1,    0.0000000000E+00,    1.5720862811E+02,    1.5720862811E+02,    0.0000000000E+00,    0.0000000000E+00,    0.0000000000E+00,    1.5720862811E+02
    129800,      0.676944,CP11_after_MPI,   1,    0.0000000000E+00,    1.5720862811E+02,    1.5720862811E+02,    0.0000000000E+00,    0.0000000000E+00,    0.0000000000E+00,    1.5720862811E+02
    129800,      0.676944,CP12_end,   1,    0.0000000000E+00,    1.5720862811E+02,    1.5720862811E+02,    0.0000000000E+00,    0.0000000000E+00,    0.0000000000E+00,    1.5720862811E+02
    129850,      0.676945,CP0_start,   1,    0.0000000000E+00,    1.5731225196E+02,    1.5731225196E+02,    0.0000000000E+00,    0.0000000000E+00,    0.0000000000E+00,    1.5731225196E+02
    129850,      0.676945,CP1_after_deposition,   1,    0.0000000000E+00,    1.5731225196E+02,    1.5731225196E+02,    0.0000000000E+00,    0.0000000000E+00,    0.0000000000E+00,    1.5731225196E+02
    129850,      0.676945,CP2_after_erosion,   1,    0.0000000000E+00,    1.5731225196E+02,    1.5731225196E+02,    0.0000000000E+00,    0.0000000000E+00,    0.0000000000E+00,    1.5731225196E+02
    129850,      0.676945,CP3_after_update_bottom,   1,    0.0000000000E+00,    1.5731225196E+02,    1.5731225196E+02,    0.0000000000E+00,    0.0000000000E+00,    0.0000000000E+00,    1.5731225196E+02
    129850,      0.676945,CP4_after_advection,   1,    0.0000000000E+00,    1.5731611215E+02,    1.5731611215E+02,    0.0000000000E+00,    0.0000000000E+00,    0.0000000000E+00,    1.5731611215E+02
    129850,      0.676945,CP5_after_vdif,   1,    0.0000000000E+00,    1.5731611215E+02,    1.5731611215E+02,    0.0000000000E+00,    0.0000000000E+00,    0.0000000000E+00,    1.5731611215E+02
    129850,      0.676945,CP6_after_kinetics,   1,    0.0000000000E+00,    1.5731611215E+02,    1.5731611215E+02,    0.0000000000E+00,    0.0000000000E+00,    0.0000000000E+00,    1.5731611215E+02
    129850,      0.676945,CP7_after_upper_clamp,   1,    0.0000000000E+00,    1.5731611215E+02,    1.5731611215E+02,    0.0000000000E+00,    0.0000000000E+00,    0.0000000000E+00,    1.5731611215E+02
    129850,      0.676945,CP8_after_OBC,   1,    0.0000000000E+00,    1.5731611215E+02,    1.5731611215E+02,    0.0000000000E+00,    0.0000000000E+00,    0.0000000000E+00,    1.5731611215E+02
    129850,      0.676945,CP9_after_PTsource,   1,    0.0000000000E+00,    1.5731611215E+02,    1.5731611215E+02,    0.0000000000E+00,    0.0000000000E+00,    0.0000000000E+00,    1.5731611215E+02
    129850,      0.676945,CP10_after_neg_clamp,   1,    0.0000000000E+00,    1.5731611215E+02,    1.5731611215E+02,    0.0000000000E+00,    0.0000000000E+00,    0.0000000000E+00,    1.5731611215E+02
    129850,      0.676945,CP11_after_MPI,   1,    0.0000000000E+00,    1.5731611215E+02,    1.5731611215E+02,    0.0000000000E+00,    0.0000000000E+00,    0.0000000000E+00,    1.5731611215E+02
    129850,      0.676945,CP12_end,   1,    0.0000000000E+00,    1.5731611215E+02,    1.5731611215E+02,    0.0000000000E+00,    0.0000000000E+00,    0.0000000000E+00,    1.5731611215E+02
    129900,      0.676945,CP0_start,   1,    0.0000000000E+00,    1.5741976657E+02,    1.5741976657E+02,    0.0000000000E+00,    0.0000000000E+00,    0.0000000000E+00,    1.5741976657E+02
    129900,      0.676945,CP1_after_deposition,   1,    0.0000000000E+00,    1.5741976657E+02,    1.5741976657E+02,    0.0000000000E+00,    0.0000000000E+00,    0.0000000000E+00,    1.5741976657E+02
    129900,      0.676945,CP2_after_erosion,   1,    0.0000000000E+00,    1.5741976657E+02,    1.5741976657E+02,    0.0000000000E+00,    0.0000000000E+00,    0.0000000000E+00,    1.5741976657E+02
    129900,      0.676945,CP3_after_update_bottom,   1,    0.0000000000E+00,    1.5741976657E+02,    1.5741976657E+02,    0.0000000000E+00,    0.0000000000E+00,    0.0000000000E+00,    1.5741976657E+02
    129900,      0.676945,CP4_after_advection,   1,    0.0000000000E+00,    1.5742357170E+02,    1.5742357170E+02,    0.0000000000E+00,    0.0000000000E+00,    0.0000000000E+00,    1.5742357170E+02
    129900,      0.676945,CP5_after_vdif,   1,    0.0000000000E+00,    1.5742357170E+02,    1.5742357170E+02,    0.0000000000E+00,    0.0000000000E+00,    0.0000000000E+00,    1.5742357170E+02
    129900,      0.676945,CP6_after_kinetics,   1,    0.0000000000E+00,    1.5742357170E+02,    1.5742357170E+02,    0.0000000000E+00,    0.0000000000E+00,    0.0000000000E+00,    1.5742357170E+02
    129900,      0.676945,CP7_after_upper_clamp,   1,    0.0000000000E+00,    1.5742357170E+02,    1.5742357170E+02,    0.0000000000E+00,    0.0000000000E+00,    0.0000000000E+00,    1.5742357170E+02
    129900,      0.676945,CP8_after_OBC,   1,    0.0000000000E+00,    1.5742357170E+02,    1.5742357170E+02,    0.0000000000E+00,    0.0000000000E+00,    0.0000000000E+00,    1.5742357170E+02
    129900,      0.676945,CP9_after_PTsource,   1,    0.0000000000E+00,    1.5742357170E+02,    1.5742357170E+02,    0.0000000000E+00,    0.0000000000E+00,    0.0000000000E+00,    1.5742357170E+02
    129900,      0.676945,CP10_after_neg_clamp,   1,    0.0000000000E+00,    1.5742357170E+02,    1.5742357170E+02,    0.0000000000E+00,    0.0000000000E+00,    0.0000000000E+00,    1.5742357170E+02
    129900,      0.676945,CP11_after_MPI,   1,    0.0000000000E+00,    1.5742357170E+02,    1.5742357170E+02,    0.0000000000E+00,    0.0000000000E+00,    0.0000000000E+00,    1.5742357170E+02
    129900,      0.676945,CP12_end,   1,    0.0000000000E+00,    1.5742357170E+02,    1.5742357170E+02,    0.0000000000E+00,    0.0000000000E+00,    0.0000000000E+00,    1.5742357170E+02
    129950,      0.676945,CP0_start,   1,    0.0000000000E+00,    1.5752721922E+02,    1.5752721922E+02,    0.0000000000E+00,    0.0000000000E+00,    0.0000000000E+00,    1.5752721922E+02
    129950,      0.676945,CP1_after_deposition,   1,    0.0000000000E+00,    1.5752721922E+02,    1.5752721922E+02,    0.0000000000E+00,    0.0000000000E+00,    0.0000000000E+00,    1.5752721922E+02
    129950,      0.676945,CP2_after_erosion,   1,    0.0000000000E+00,    1.5752721922E+02,    1.5752721922E+02,    0.0000000000E+00,    0.0000000000E+00,    0.0000000000E+00,    1.5752721922E+02
    129950,      0.676945,CP3_after_update_bottom,   1,    0.0000000000E+00,    1.5752721922E+02,    1.5752721922E+02,    0.0000000000E+00,    0.0000000000E+00,    0.0000000000E+00,    1.5752721922E+02
    129950,      0.676945,CP4_after_advection,   1,    0.0000000000E+00,    1.5753096819E+02,    1.5753096819E+02,    0.0000000000E+00,    0.0000000000E+00,    0.0000000000E+00,    1.5753096819E+02
    129950,      0.676945,CP5_after_vdif,   1,    0.0000000000E+00,    1.5753096819E+02,    1.5753096819E+02,    0.0000000000E+00,    0.0000000000E+00,    0.0000000000E+00,    1.5753096819E+02
    129950,      0.676945,CP6_after_kinetics,   1,    0.0000000000E+00,    1.5753096819E+02,    1.5753096819E+02,    0.0000000000E+00,    0.0000000000E+00,    0.0000000000E+00,    1.5753096819E+02
    129950,      0.676945,CP7_after_upper_clamp,   1,    0.0000000000E+00,    1.5753096819E+02,    1.5753096819E+02,    0.0000000000E+00,    0.0000000000E+00,    0.0000000000E+00,    1.5753096819E+02
    129950,      0.676945,CP8_after_OBC,   1,    0.0000000000E+00,    1.5753096819E+02,    1.5753096819E+02,    0.0000000000E+00,    0.0000000000E+00,    0.0000000000E+00,    1.5753096819E+02
    129950,      0.676945,CP9_after_PTsource,   1,    0.0000000000E+00,    1.5753096819E+02,    1.5753096819E+02,    0.0000000000E+00,    0.0000000000E+00,    0.0000000000E+00,    1.5753096819E+02
    129950,      0.676945,CP10_after_neg_clamp,   1,    0.0000000000E+00,    1.5753096819E+02,    1.5753096819E+02,    0.0000000000E+00,    0.0000000000E+00,    0.0000000000E+00,    1.5753096819E+02
    129950,      0.676945,CP11_after_MPI,   1,    0.0000000000E+00,    1.5753096819E+02,    1.5753096819E+02,    0.0000000000E+00,    0.0000000000E+00,    0.0000000000E+00,    1.5753096819E+02
    129950,      0.676945,CP12_end,   1,    0.0000000000E+00,    1.5753096819E+02,    1.5753096819E+02,    0.0000000000E+00,    0.0000000000E+00,    0.0000000000E+00,    1.5753096819E+02
    130000,      0.676945,CP0_start,   1,    0.0000000000E+00,    1.5763457689E+02,    1.5763457689E+02,    0.0000000000E+00,    0.0000000000E+00,    0.0000000000E+00,    1.5763457689E+02
    130000,      0.676945,CP1_after_deposition,   1,    0.0000000000E+00,    1.5763457689E+02,    1.5763457689E+02,    0.0000000000E+00,    0.0000000000E+00,    0.0000000000E+00,    1.5763457689E+02
    130000,      0.676945,CP2_after_erosion,   1,                 NaN,                 NaN,                 NaN,    0.0000000000E+00,    0.0000000000E+00,    0.0000000000E+00,                 NaN
    130000,      0.676945,CP3_after_update_bottom,   1,                 NaN,                 NaN,                 NaN,    0.0000000000E+00,    0.0000000000E+00,    0.0000000000E+00,                 NaN
    130000,      0.676945,CP4_after_advection,   1,                 NaN,                 NaN,                 NaN,    0.0000000000E+00,    0.0000000000E+00,    0.0000000000E+00,                 NaN
    130000,      0.676945,CP5_after_vdif,   1,                 NaN,                 NaN,                 NaN,    0.0000000000E+00,    0.0000000000E+00,    0.0000000000E+00,                 NaN
    130000,      0.676945,CP6_after_kinetics,   1,                 NaN,                 NaN,                 NaN,    0.0000000000E+00,    0.0000000000E+00,    0.0000000000E+00,                 NaN
    130000,      0.676945,CP7_after_upper_clamp,   1,                 NaN,                 NaN,                 NaN,    0.0000000000E+00,    0.0000000000E+00,    0.0000000000E+00,                 NaN
    130000,      0.676945,CP8_after_OBC,   1,                 NaN,                 NaN,                 NaN,    0.0000000000E+00,    0.0000000000E+00,    0.0000000000E+00,                 NaN
    130000,      0.676945,CP9_after_PTsource,   1,                 NaN,                 NaN,                 NaN,    0.0000000000E+00,    0.0000000000E+00,    0.0000000000E+00,                 NaN
    130000,      0.676945,CP10_after_neg_clamp,   1,    0.0000000000E+00,    1.5739129676E+02,    1.5739129676E+02,    0.0000000000E+00,    0.0000000000E+00,    0.0000000000E+00,    1.5739129676E+02
    130000,      0.676945,CP11_after_MPI,   1,    0.0000000000E+00,    1.5739129676E+02,    1.5739129676E+02,    0.0000000000E+00,    0.0000000000E+00,    0.0000000000E+00,    1.5739129676E+02
    130000,      0.676945,CP12_end,   1,    0.0000000000E+00,    1.5739129676E+02,    1.5739129676E+02,    0.0000000000E+00,    0.0000000000E+00,    0.0000000000E+00,    1.5739129676E+02
    130050,      0.676945,CP0_start,   1,    0.0000000000E+00,    1.5749506342E+02,    1.5749506342E+02,    0.0000000000E+00,    0.0000000000E+00,    0.0000000000E+00,    1.5749506342E+02
    130050,      0.676945,CP1_after_deposition,   1,    0.0000000000E+00,    1.5749506342E+02,    1.5749506342E+02,    0.0000000000E+00,    0.0000000000E+00,    0.0000000000E+00,    1.5749506342E+02
    130050,      0.676945,CP2_after_erosion,   1,    0.0000000000E+00,    1.5749506342E+02,    1.5749506342E+02,    0.0000000000E+00,    0.0000000000E+00,    0.0000000000E+00,    1.5749506342E+02
    130050,      0.676945,CP3_after_update_bottom,   1,    0.0000000000E+00,    1.5749506342E+02,    1.5749506342E+02,    0.0000000000E+00,    0.0000000000E+00,    0.0000000000E+00,    1.5749506342E+02
    130050,      0.676945,CP4_after_advection,   1,    0.0000000000E+00,    1.5749870009E+02,    1.5749870009E+02,    0.0000000000E+00,    0.0000000000E+00,    0.0000000000E+00,    1.5749870009E+02
    130050,      0.676945,CP5_after_vdif,   1,    0.0000000000E+00,    1.5749870009E+02,    1.5749870009E+02,    0.0000000000E+00,    0.0000000000E+00,    0.0000000000E+00,    1.5749870009E+02
    130050,      0.676945,CP6_after_kinetics,   1,    0.0000000000E+00,    1.5749870009E+02,    1.5749870009E+02,    0.0000000000E+00,    0.0000000000E+00,    0.0000000000E+00,    1.5749870009E+02
    130050,      0.676945,CP7_after_upper_clamp,   1,    0.0000000000E+00,    1.5749870009E+02,    1.5749870009E+02,    0.0000000000E+00,    0.0000000000E+00,    0.0000000000E+00,    1.5749870009E+02
    130050,      0.676945,CP8_after_OBC,   1,    0.0000000000E+00,    1.5749870009E+02,    1.5749870009E+02,    0.0000000000E+00,    0.0000000000E+00,    0.0000000000E+00,    1.5749870009E+02
    130050,      0.676945,CP9_after_PTsource,   1,    0.0000000000E+00,    1.5749870009E+02,    1.5749870009E+02,    0.0000000000E+00,    0.0000000000E+00,    0.0000000000E+00,    1.5749870009E+02
    130050,      0.676945,CP10_after_neg_clamp,   1,    0.0000000000E+00,    1.5749870009E+02,    1.5749870009E+02,    0.0000000000E+00,    0.0000000000E+00,    0.0000000000E+00,    1.5749870009E+02
    130050,      0.676945,CP11_after_MPI,   1,    0.0000000000E+00,    1.5749870009E+02,    1.5749870009E+02,    0.0000000000E+00,    0.0000000000E+00,    0.0000000000E+00,    1.5749870009E+02
    130050,      0.676945,CP12_end,   1,    0.0000000000E+00,    1.5749870009E+02,    1.5749870009E+02,    0.0000000000E+00,    0.0000000000E+00,    0.0000000000E+00,    1.5749870009E+02
    130100,      0.676945,CP0_start,   1,    0.0000000000E+00,    1.5760232186E+02,    1.5760232186E+02,    0.0000000000E+00,    0.0000000000E+00,    0.0000000000E+00,    1.5760232186E+02
    130100,      0.676945,CP1_after_deposition,   1,    0.0000000000E+00,    1.5760232186E+02,    1.5760232186E+02,    0.0000000000E+00,    0.0000000000E+00,    0.0000000000E+00,    1.5760232186E+02
    130100,      0.676945,CP2_after_erosion,   1,    0.0000000000E+00,    1.5760232186E+02,    1.5760232186E+02,    0.0000000000E+00,    0.0000000000E+00,    0.0000000000E+00,    1.5760232186E+02
    130100,      0.676945,CP3_after_update_bottom,   1,    0.0000000000E+00,    1.5760232186E+02,    1.5760232186E+02,    0.0000000000E+00,    0.0000000000E+00,    0.0000000000E+00,    1.5760232186E+02
    130100,      0.676945,CP4_after_advection,   1,    0.0000000000E+00,    1.5760589866E+02,    1.5760589866E+02,    0.0000000000E+00,    0.0000000000E+00,    0.0000000000E+00,    1.5760589866E+02
    130100,      0.676945,CP5_after_vdif,   1,    0.0000000000E+00,    1.5760589866E+02,    1.5760589866E+02,    0.0000000000E+00,    0.0000000000E+00,    0.0000000000E+00,    1.5760589866E+02
    130100,      0.676945,CP6_after_kinetics,   1,    0.0000000000E+00,    1.5760589866E+02,    1.5760589866E+02,    0.0000000000E+00,    0.0000000000E+00,    0.0000000000E+00,    1.5760589866E+02
    130100,      0.676945,CP7_after_upper_clamp,   1,    0.0000000000E+00,    1.5760589866E+02,    1.5760589866E+02,    0.0000000000E+00,    0.0000000000E+00,    0.0000000000E+00,    1.5760589866E+02
    130100,      0.676945,CP8_after_OBC,   1,    0.0000000000E+00,    1.5760589866E+02,    1.5760589866E+02,    0.0000000000E+00,    0.0000000000E+00,    0.0000000000E+00,    1.5760589866E+02
    130100,      0.676945,CP9_after_PTsource,   1,    0.0000000000E+00,    1.5760589866E+02,    1.5760589866E+02,    0.0000000000E+00,    0.0000000000E+00,    0.0000000000E+00,    1.5760589866E+02
    130100,      0.676945,CP10_after_neg_clamp,   1,    0.0000000000E+00,    1.5760589866E+02,    1.5760589866E+02,    0.0000000000E+00,    0.0000000000E+00,    0.0000000000E+00,    1.5760589866E+02
    130100,      0.676945,CP11_after_MPI,   1,    0.0000000000E+00,    1.5760589866E+02,    1.5760589866E+02,    0.0000000000E+00,    0.0000000000E+00,    0.0000000000E+00,    1.5760589866E+02
    130100,      0.676945,CP12_end,   1,    0.0000000000E+00,    1.5760589866E+02,    1.5760589866E+02,    0.0000000000E+00,    0.0000000000E+00,    0.0000000000E+00,    1.5760589866E+02
    130150,      0.676945,CP0_start,   1,    0.0000000000E+00,    1.5770945157E+02,    1.5770945157E+02,    0.0000000000E+00,    0.0000000000E+00,    0.0000000000E+00,    1.5770945157E+02
    130150,      0.676945,CP1_after_deposition,   1,    0.0000000000E+00,    1.5770945157E+02,    1.5770945157E+02,    0.0000000000E+00,    0.0000000000E+00,    0.0000000000E+00,    1.5770945157E+02
    130150,      0.676945,CP2_after_erosion,   1,    0.0000000000E+00,    1.5770945157E+02,    1.5770945157E+02,    0.0000000000E+00,    0.0000000000E+00,    0.0000000000E+00,    1.5770945157E+02
    130150,      0.676945,CP3_after_update_bottom,   1,    0.0000000000E+00,    1.5770945157E+02,    1.5770945157E+02,    0.0000000000E+00,    0.0000000000E+00,    0.0000000000E+00,    1.5770945157E+02
    130150,      0.676945,CP4_after_advection,   1,    0.0000000000E+00,    1.5771296602E+02,    1.5771296602E+02,    0.0000000000E+00,    0.0000000000E+00,    0.0000000000E+00,    1.5771296602E+02
    130150,      0.676945,CP5_after_vdif,   1,    0.0000000000E+00,    1.5771296602E+02,    1.5771296602E+02,    0.0000000000E+00,    0.0000000000E+00,    0.0000000000E+00,    1.5771296602E+02
    130150,      0.676945,CP6_after_kinetics,   1,    0.0000000000E+00,    1.5771296602E+02,    1.5771296602E+02,    0.0000000000E+00,    0.0000000000E+00,    0.0000000000E+00,    1.5771296602E+02
    130150,      0.676945,CP7_after_upper_clamp,   1,    0.0000000000E+00,    1.5771296602E+02,    1.5771296602E+02,    0.0000000000E+00,    0.0000000000E+00,    0.0000000000E+00,    1.5771296602E+02
    130150,      0.676945,CP8_after_OBC,   1,    0.0000000000E+00,    1.5771296602E+02,    1.5771296602E+02,    0.0000000000E+00,    0.0000000000E+00,    0.0000000000E+00,    1.5771296602E+02
    130150,      0.676945,CP9_after_PTsource,   1,    0.0000000000E+00,    1.5771296602E+02,    1.5771296602E+02,    0.0000000000E+00,    0.0000000000E+00,    0.0000000000E+00,    1.5771296602E+02
    130150,      0.676945,CP10_after_neg_clamp,   1,    0.0000000000E+00,    1.5771296602E+02,    1.5771296602E+02,    0.0000000000E+00,    0.0000000000E+00,    0.0000000000E+00,    1.5771296602E+02
    130150,      0.676945,CP11_after_MPI,   1,    0.0000000000E+00,    1.5771296602E+02,    1.5771296602E+02,    0.0000000000E+00,    0.0000000000E+00,    0.0000000000E+00,    1.5771296602E+02
    130150,      0.676945,CP12_end,   1,    0.0000000000E+00,    1.5771296602E+02,    1.5771296602E+02,    0.0000000000E+00,    0.0000000000E+00,    0.0000000000E+00,    1.5771296602E+02
    130200,      0.676945,CP0_start,   1,    0.0000000000E+00,    1.5781636089E+02,    1.5781636089E+02,    0.0000000000E+00,    0.0000000000E+00,    0.0000000000E+00,    1.5781636089E+02
    130200,      0.676945,CP1_after_deposition,   1,    0.0000000000E+00,    1.5781636089E+02,    1.5781636089E+02,    0.0000000000E+00,    0.0000000000E+00,    0.0000000000E+00,    1.5781636089E+02
    130200,      0.676945,CP2_after_erosion,   1,    0.0000000000E+00,    1.5781636089E+02,    1.5781636089E+02,    0.0000000000E+00,    0.0000000000E+00,    0.0000000000E+00,    1.5781636089E+02
    130200,      0.676945,CP3_after_update_bottom,   1,    0.0000000000E+00,    1.5781636089E+02,    1.5781636089E+02,    0.0000000000E+00,    0.0000000000E+00,    0.0000000000E+00,    1.5781636089E+02
    130200,      0.676945,CP4_after_advection,   1,    0.0000000000E+00,    1.5781981288E+02,    1.5781981288E+02,    0.0000000000E+00,    0.0000000000E+00,    0.0000000000E+00,    1.5781981288E+02
    130200,      0.676945,CP5_after_vdif,   1,    0.0000000000E+00,    1.5781981288E+02,    1.5781981288E+02,    0.0000000000E+00,    0.0000000000E+00,    0.0000000000E+00,    1.5781981288E+02
    130200,      0.676945,CP6_after_kinetics,   1,    0.0000000000E+00,    1.5781981288E+02,    1.5781981288E+02,    0.0000000000E+00,    0.0000000000E+00,    0.0000000000E+00,    1.5781981288E+02
    130200,      0.676945,CP7_after_upper_clamp,   1,    0.0000000000E+00,    1.5781981288E+02,    1.5781981288E+02,    0.0000000000E+00,    0.0000000000E+00,    0.0000000000E+00,    1.5781981288E+02
    130200,      0.676945,CP8_after_OBC,   1,    0.0000000000E+00,    1.5781981288E+02,    1.5781981288E+02,    0.0000000000E+00,    0.0000000000E+00,    0.0000000000E+00,    1.5781981288E+02
    130200,      0.676945,CP9_after_PTsource,   1,    0.0000000000E+00,    1.5781981288E+02,    1.5781981288E+02,    0.0000000000E+00,    0.0000000000E+00,    0.0000000000E+00,    1.5781981288E+02
    130200,      0.676945,CP10_after_neg_clamp,   1,    0.0000000000E+00,    1.5781981288E+02,    1.5781981288E+02,    0.0000000000E+00,    0.0000000000E+00,    0.0000000000E+00,    1.5781981288E+02
    130200,      0.676945,CP11_after_MPI,   1,    0.0000000000E+00,    1.5781981288E+02,    1.5781981288E+02,    0.0000000000E+00,    0.0000000000E+00,    0.0000000000E+00,    1.5781981288E+02
    130200,      0.676945,CP12_end,   1,    0.0000000000E+00,    1.5781981288E+02,    1.5781981288E+02,    0.0000000000E+00,    0.0000000000E+00,    0.0000000000E+00,    1.5781981288E+02
    130250,      0.676945,CP0_start,   1,    0.0000000000E+00,    1.5792305735E+02,    1.5792305735E+02,    0.0000000000E+00,    0.0000000000E+00,    0.0000000000E+00,    1.5792305735E+02
    130250,      0.676945,CP1_after_deposition,   1,    0.0000000000E+00,    1.5792305735E+02,    1.5792305735E+02,    0.0000000000E+00,    0.0000000000E+00,    0.0000000000E+00,    1.5792305735E+02
    130250,      0.676945,CP2_after_erosion,   1,    0.0000000000E+00,    1.5792305735E+02,    1.5792305735E+02,    0.0000000000E+00,    0.0000000000E+00,    0.0000000000E+00,    1.5792305735E+02
    130250,      0.676945,CP3_after_update_bottom,   1,    0.0000000000E+00,    1.5792305735E+02,    1.5792305735E+02,    0.0000000000E+00,    0.0000000000E+00,    0.0000000000E+00,    1.5792305735E+02
    130250,      0.676945,CP4_after_advection,   1,    0.0000000000E+00,    1.5792644626E+02,    1.5792644626E+02,    0.0000000000E+00,    0.0000000000E+00,    0.0000000000E+00,    1.5792644626E+02
    130250,      0.676945,CP5_after_vdif,   1,    0.0000000000E+00,    1.5792644626E+02,    1.5792644626E+02,    0.0000000000E+00,    0.0000000000E+00,    0.0000000000E+00,    1.5792644626E+02
    130250,      0.676945,CP6_after_kinetics,   1,    0.0000000000E+00,    1.5792644626E+02,    1.5792644626E+02,    0.0000000000E+00,    0.0000000000E+00,    0.0000000000E+00,    1.5792644626E+02
    130250,      0.676945,CP7_after_upper_clamp,   1,    0.0000000000E+00,    1.5792644626E+02,    1.5792644626E+02,    0.0000000000E+00,    0.0000000000E+00,    0.0000000000E+00,    1.5792644626E+02
    130250,      0.676945,CP8_after_OBC,   1,    0.0000000000E+00,    1.5792644626E+02,    1.5792644626E+02,    0.0000000000E+00,    0.0000000000E+00,    0.0000000000E+00,    1.5792644626E+02
    130250,      0.676945,CP9_after_PTsource,   1,    0.0000000000E+00,    1.5792644626E+02,    1.5792644626E+02,    0.0000000000E+00,    0.0000000000E+00,    0.0000000000E+00,    1.5792644626E+02
    130250,      0.676945,CP10_after_neg_clamp,   1,    0.0000000000E+00,    1.5792644626E+02,    1.5792644626E+02,    0.0000000000E+00,    0.0000000000E+00,    0.0000000000E+00,    1.5792644626E+02
    130250,      0.676945,CP11_after_MPI,   1,    0.0000000000E+00,    1.5792644626E+02,    1.5792644626E+02,    0.0000000000E+00,    0.0000000000E+00,    0.0000000000E+00,    1.5792644626E+02
    130250,      0.676945,CP12_end,   1,    0.0000000000E+00,    1.5792644626E+02,    1.5792644626E+02,    0.0000000000E+00,    0.0000000000E+00,    0.0000000000E+00,    1.5792644626E+02
    130300,      0.676945,CP0_start,   1,    0.0000000000E+00,    1.5802966449E+02,    1.5802966449E+02,    0.0000000000E+00,    0.0000000000E+00,    0.0000000000E+00,    1.5802966449E+02
    130300,      0.676945,CP1_after_deposition,   1,    0.0000000000E+00,    1.5802966449E+02,    1.5802966449E+02,    0.0000000000E+00,    0.0000000000E+00,    0.0000000000E+00,    1.5802966449E+02
    130300,      0.676945,CP2_after_erosion,   1,    0.0000000000E+00,    1.5802966449E+02,    1.5802966449E+02,    0.0000000000E+00,    0.0000000000E+00,    0.0000000000E+00,    1.5802966449E+02
    130300,      0.676945,CP3_after_update_bottom,   1,    0.0000000000E+00,    1.5802966449E+02,    1.5802966449E+02,    0.0000000000E+00,    0.0000000000E+00,    0.0000000000E+00,    1.5802966449E+02
    130300,      0.676945,CP4_after_advection,   1,    0.0000000000E+00,    1.5803299429E+02,    1.5803299429E+02,    0.0000000000E+00,    0.0000000000E+00,    0.0000000000E+00,    1.5803299429E+02
    130300,      0.676945,CP5_after_vdif,   1,    0.0000000000E+00,    1.5803299429E+02,    1.5803299429E+02,    0.0000000000E+00,    0.0000000000E+00,    0.0000000000E+00,    1.5803299429E+02
    130300,      0.676945,CP6_after_kinetics,   1,    0.0000000000E+00,    1.5803299429E+02,    1.5803299429E+02,    0.0000000000E+00,    0.0000000000E+00,    0.0000000000E+00,    1.5803299429E+02
    130300,      0.676945,CP7_after_upper_clamp,   1,    0.0000000000E+00,    1.5803299429E+02,    1.5803299429E+02,    0.0000000000E+00,    0.0000000000E+00,    0.0000000000E+00,    1.5803299429E+02
    130300,      0.676945,CP8_after_OBC,   1,    0.0000000000E+00,    1.5803299429E+02,    1.5803299429E+02,    0.0000000000E+00,    0.0000000000E+00,    0.0000000000E+00,    1.5803299429E+02
    130300,      0.676945,CP9_after_PTsource,   1,    0.0000000000E+00,    1.5803299429E+02,    1.5803299429E+02,    0.0000000000E+00,    0.0000000000E+00,    0.0000000000E+00,    1.5803299429E+02
    130300,      0.676945,CP10_after_neg_clamp,   1,    0.0000000000E+00,    1.5803299429E+02,    1.5803299429E+02,    0.0000000000E+00,    0.0000000000E+00,    0.0000000000E+00,    1.5803299429E+02
    130300,      0.676945,CP11_after_MPI,   1,    0.0000000000E+00,    1.5803299429E+02,    1.5803299429E+02,    0.0000000000E+00,    0.0000000000E+00,    0.0000000000E+00,    1.5803299429E+02
    130300,      0.676945,CP12_end,   1,    0.0000000000E+00,    1.5803299429E+02,    1.5803299429E+02,    0.0000000000E+00,    0.0000000000E+00,    0.0000000000E+00,    1.5803299429E+02
    130350,      0.676945,CP0_start,   1,    0.0000000000E+00,    1.5813639362E+02,    1.5813639362E+02,    0.0000000000E+00,    0.0000000000E+00,    0.0000000000E+00,    1.5813639362E+02
    130350,      0.676945,CP1_after_deposition,   1,    0.0000000000E+00,    1.5813639362E+02,    1.5813639362E+02,    0.0000000000E+00,    0.0000000000E+00,    0.0000000000E+00,    1.5813639362E+02
    130350,      0.676945,CP2_after_erosion,   1,    0.0000000000E+00,    1.5813639362E+02,    1.5813639362E+02,    0.0000000000E+00,    0.0000000000E+00,    0.0000000000E+00,    1.5813639362E+02
    130350,      0.676945,CP3_after_update_bottom,   1,    0.0000000000E+00,    1.5813639362E+02,    1.5813639362E+02,    0.0000000000E+00,    0.0000000000E+00,    0.0000000000E+00,    1.5813639362E+02
    130350,      0.676945,CP4_after_advection,   1,    0.0000000000E+00,    1.5813966746E+02,    1.5813966746E+02,    0.0000000000E+00,    0.0000000000E+00,    0.0000000000E+00,    1.5813966746E+02
    130350,      0.676945,CP5_after_vdif,   1,    0.0000000000E+00,    1.5813966746E+02,    1.5813966746E+02,    0.0000000000E+00,    0.0000000000E+00,    0.0000000000E+00,    1.5813966746E+02
    130350,      0.676945,CP6_after_kinetics,   1,    0.0000000000E+00,    1.5813966746E+02,    1.5813966746E+02,    0.0000000000E+00,    0.0000000000E+00,    0.0000000000E+00,    1.5813966746E+02
    130350,      0.676945,CP7_after_upper_clamp,   1,    0.0000000000E+00,    1.5813966746E+02,    1.5813966746E+02,    0.0000000000E+00,    0.0000000000E+00,    0.0000000000E+00,    1.5813966746E+02
    130350,      0.676945,CP8_after_OBC,   1,    0.0000000000E+00,    1.5813966746E+02,    1.5813966746E+02,    0.0000000000E+00,    0.0000000000E+00,    0.0000000000E+00,    1.5813966746E+02
    130350,      0.676945,CP9_after_PTsource,   1,    0.0000000000E+00,    1.5813966746E+02,    1.5813966746E+02,    0.0000000000E+00,    0.0000000000E+00,    0.0000000000E+00,    1.5813966746E+02
    130350,      0.676945,CP10_after_neg_clamp,   1,    0.0000000000E+00,    1.5813966746E+02,    1.5813966746E+02,    0.0000000000E+00,    0.0000000000E+00,    0.0000000000E+00,    1.5813966746E+02
    130350,      0.676945,CP11_after_MPI,   1,    0.0000000000E+00,    1.5813966746E+02,    1.5813966746E+02,    0.0000000000E+00,    0.0000000000E+00,    0.0000000000E+00,    1.5813966746E+02
    130350,      0.676945,CP12_end,   1,    0.0000000000E+00,    1.5813966746E+02,    1.5813966746E+02,    0.0000000000E+00,    0.0000000000E+00,    0.0000000000E+00,    1.5813966746E+02
    130400,      0.676945,CP0_start,   1,    0.0000000000E+00,    1.5824342084E+02,    1.5824342084E+02,    0.0000000000E+00,    0.0000000000E+00,    0.0000000000E+00,    1.5824342084E+02
    130400,      0.676945,CP1_after_deposition,   1,    0.0000000000E+00,    1.5824342084E+02,    1.5824342084E+02,    0.0000000000E+00,    0.0000000000E+00,    0.0000000000E+00,    1.5824342084E+02
    130400,      0.676945,CP2_after_erosion,   1,                 NaN,                 NaN,                 NaN,    0.0000000000E+00,    0.0000000000E+00,    0.0000000000E+00,                 NaN
    130400,      0.676945,CP3_after_update_bottom,   1,                 NaN,                 NaN,                 NaN,    0.0000000000E+00,    0.0000000000E+00,    0.0000000000E+00,                 NaN
    130400,      0.676945,CP4_after_advection,   1,                 NaN,                 NaN,                 NaN,    0.0000000000E+00,    0.0000000000E+00,    0.0000000000E+00,                 NaN
    130400,      0.676945,CP5_after_vdif,   1,                 NaN,                 NaN,                 NaN,    0.0000000000E+00,    0.0000000000E+00,    0.0000000000E+00,                 NaN
    130400,      0.676945,CP6_after_kinetics,   1,                 NaN,                 NaN,                 NaN,    0.0000000000E+00,    0.0000000000E+00,    0.0000000000E+00,                 NaN
    130400,      0.676945,CP7_after_upper_clamp,   1,                 NaN,                 NaN,                 NaN,    0.0000000000E+00,    0.0000000000E+00,    0.0000000000E+00,                 NaN
    130400,      0.676945,CP8_after_OBC,   1,                 NaN,                 NaN,                 NaN,    0.0000000000E+00,    0.0000000000E+00,    0.0000000000E+00,                 NaN
    130400,      0.676945,CP9_after_PTsource,   1,                 NaN,                 NaN,                 NaN,    0.0000000000E+00,    0.0000000000E+00,    0.0000000000E+00,                 NaN
    130400,      0.676945,CP10_after_neg_clamp,   1,    0.0000000000E+00,    1.5817412854E+02,    1.5817412854E+02,    0.0000000000E+00,    0.0000000000E+00,    0.0000000000E+00,    1.5817412854E+02
    130400,      0.676945,CP11_after_MPI,   1,    0.0000000000E+00,    1.5817412854E+02,    1.5817412854E+02,    0.0000000000E+00,    0.0000000000E+00,    0.0000000000E+00,    1.5817412854E+02
    130400,      0.676945,CP12_end,   1,    0.0000000000E+00,    1.5817412854E+02,    1.5817412854E+02,    0.0000000000E+00,    0.0000000000E+00,    0.0000000000E+00,    1.5817412854E+02
    130450,      0.676945,CP0_start,   1,    0.0000000000E+00,    1.5827803231E+02,    1.5827803231E+02,    0.0000000000E+00,    0.0000000000E+00,    0.0000000000E+00,    1.5827803231E+02
    130450,      0.676945,CP1_after_deposition,   1,    0.0000000000E+00,    1.5827803231E+02,    1.5827803231E+02,    0.0000000000E+00,    0.0000000000E+00,    0.0000000000E+00,    1.5827803231E+02
    130450,      0.676945,CP2_after_erosion,   1,    0.0000000000E+00,    1.5827803231E+02,    1.5827803231E+02,    0.0000000000E+00,    0.0000000000E+00,    0.0000000000E+00,    1.5827803231E+02
    130450,      0.676945,CP3_after_update_bottom,   1,    0.0000000000E+00,    1.5827803231E+02,    1.5827803231E+02,    0.0000000000E+00,    0.0000000000E+00,    0.0000000000E+00,    1.5827803231E+02
    130450,      0.676945,CP4_after_advection,   1,    0.0000000000E+00,    1.5828119756E+02,    1.5828119756E+02,    0.0000000000E+00,    0.0000000000E+00,    0.0000000000E+00,    1.5828119756E+02
    130450,      0.676945,CP5_after_vdif,   1,    0.0000000000E+00,    1.5828119756E+02,    1.5828119756E+02,    0.0000000000E+00,    0.0000000000E+00,    0.0000000000E+00,    1.5828119756E+02
    130450,      0.676945,CP6_after_kinetics,   1,    0.0000000000E+00,    1.5828119756E+02,    1.5828119756E+02,    0.0000000000E+00,    0.0000000000E+00,    0.0000000000E+00,    1.5828119756E+02
    130450,      0.676945,CP7_after_upper_clamp,   1,    0.0000000000E+00,    1.5828119756E+02,    1.5828119756E+02,    0.0000000000E+00,    0.0000000000E+00,    0.0000000000E+00,    1.5828119756E+02
    130450,      0.676945,CP8_after_OBC,   1,    0.0000000000E+00,    1.5828119756E+02,    1.5828119756E+02,    0.0000000000E+00,    0.0000000000E+00,    0.0000000000E+00,    1.5828119756E+02
    130450,      0.676945,CP9_after_PTsource,   1,    0.0000000000E+00,    1.5828119756E+02,    1.5828119756E+02,    0.0000000000E+00,    0.0000000000E+00,    0.0000000000E+00,    1.5828119756E+02
    130450,      0.676945,CP10_after_neg_clamp,   1,    0.0000000000E+00,    1.5828119756E+02,    1.5828119756E+02,    0.0000000000E+00,    0.0000000000E+00,    0.0000000000E+00,    1.5828119756E+02
    130450,      0.676945,CP11_after_MPI,   1,    0.0000000000E+00,    1.5828119756E+02,    1.5828119756E+02,    0.0000000000E+00,    0.0000000000E+00,    0.0000000000E+00,    1.5828119756E+02
    130450,      0.676945,CP12_end,   1,    0.0000000000E+00,    1.5828119756E+02,    1.5828119756E+02,    0.0000000000E+00,    0.0000000000E+00,    0.0000000000E+00,    1.5828119756E+02
    130500,      0.676945,CP0_start,   1,    0.0000000000E+00,    1.5838581643E+02,    1.5838581643E+02,    0.0000000000E+00,    0.0000000000E+00,    0.0000000000E+00,    1.5838581643E+02
    130500,      0.676945,CP1_after_deposition,   1,    0.0000000000E+00,    1.5838581643E+02,    1.5838581643E+02,    0.0000000000E+00,    0.0000000000E+00,    0.0000000000E+00,    1.5838581643E+02
    130500,      0.676945,CP2_after_erosion,   1,    0.0000000000E+00,    1.5838581643E+02,    1.5838581643E+02,    0.0000000000E+00,    0.0000000000E+00,    0.0000000000E+00,    1.5838581643E+02
    130500,      0.676945,CP3_after_update_bottom,   1,    0.0000000000E+00,    1.5838581643E+02,    1.5838581643E+02,    0.0000000000E+00,    0.0000000000E+00,    0.0000000000E+00,    1.5838581643E+02
    130500,      0.676945,CP4_after_advection,   1,    0.0000000000E+00,    1.5838893661E+02,    1.5838893661E+02,    0.0000000000E+00,    0.0000000000E+00,    0.0000000000E+00,    1.5838893661E+02
    130500,      0.676945,CP5_after_vdif,   1,    0.0000000000E+00,    1.5838893661E+02,    1.5838893661E+02,    0.0000000000E+00,    0.0000000000E+00,    0.0000000000E+00,    1.5838893661E+02
    130500,      0.676945,CP6_after_kinetics,   1,    0.0000000000E+00,    1.5838893661E+02,    1.5838893661E+02,    0.0000000000E+00,    0.0000000000E+00,    0.0000000000E+00,    1.5838893661E+02
    130500,      0.676945,CP7_after_upper_clamp,   1,    0.0000000000E+00,    1.5838893661E+02,    1.5838893661E+02,    0.0000000000E+00,    0.0000000000E+00,    0.0000000000E+00,    1.5838893661E+02
    130500,      0.676945,CP8_after_OBC,   1,    0.0000000000E+00,    1.5838893661E+02,    1.5838893661E+02,    0.0000000000E+00,    0.0000000000E+00,    0.0000000000E+00,    1.5838893661E+02
    130500,      0.676945,CP9_after_PTsource,   1,    0.0000000000E+00,    1.5838893661E+02,    1.5838893661E+02,    0.0000000000E+00,    0.0000000000E+00,    0.0000000000E+00,    1.5838893661E+02
    130500,      0.676945,CP10_after_neg_clamp,   1,    0.0000000000E+00,    1.5838893661E+02,    1.5838893661E+02,    0.0000000000E+00,    0.0000000000E+00,    0.0000000000E+00,    1.5838893661E+02
    130500,      0.676945,CP11_after_MPI,   1,    0.0000000000E+00,    1.5838893661E+02,    1.5838893661E+02,    0.0000000000E+00,    0.0000000000E+00,    0.0000000000E+00,    1.5838893661E+02
    130500,      0.676945,CP12_end,   1,    0.0000000000E+00,    1.5838893661E+02,    1.5838893661E+02,    0.0000000000E+00,    0.0000000000E+00,    0.0000000000E+00,    1.5838893661E+02
    130550,      0.676945,CP0_start,   1,    0.0000000000E+00,    1.5849375570E+02,    1.5849375570E+02,    0.0000000000E+00,    0.0000000000E+00,    0.0000000000E+00,    1.5849375570E+02
    130550,      0.676945,CP1_after_deposition,   1,    0.0000000000E+00,    1.5849375570E+02,    1.5849375570E+02,    0.0000000000E+00,    0.0000000000E+00,    0.0000000000E+00,    1.5849375570E+02
    130550,      0.676945,CP2_after_erosion,   1,    0.0000000000E+00,    1.5849375570E+02,    1.5849375570E+02,    0.0000000000E+00,    0.0000000000E+00,    0.0000000000E+00,    1.5849375570E+02
    130550,      0.676945,CP3_after_update_bottom,   1,    0.0000000000E+00,    1.5849375570E+02,    1.5849375570E+02,    0.0000000000E+00,    0.0000000000E+00,    0.0000000000E+00,    1.5849375570E+02
    130550,      0.676945,CP4_after_advection,   1,    0.0000000000E+00,    1.5849683250E+02,    1.5849683250E+02,    0.0000000000E+00,    0.0000000000E+00,    0.0000000000E+00,    1.5849683250E+02
    130550,      0.676945,CP5_after_vdif,   1,    0.0000000000E+00,    1.5849683250E+02,    1.5849683250E+02,    0.0000000000E+00,    0.0000000000E+00,    0.0000000000E+00,    1.5849683250E+02
    130550,      0.676945,CP6_after_kinetics,   1,    0.0000000000E+00,    1.5849683250E+02,    1.5849683250E+02,    0.0000000000E+00,    0.0000000000E+00,    0.0000000000E+00,    1.5849683250E+02
    130550,      0.676945,CP7_after_upper_clamp,   1,    0.0000000000E+00,    1.5849683250E+02,    1.5849683250E+02,    0.0000000000E+00,    0.0000000000E+00,    0.0000000000E+00,    1.5849683250E+02
    130550,      0.676945,CP8_after_OBC,   1,    0.0000000000E+00,    1.5849683250E+02,    1.5849683250E+02,    0.0000000000E+00,    0.0000000000E+00,    0.0000000000E+00,    1.5849683250E+02
    130550,      0.676945,CP9_after_PTsource,   1,    0.0000000000E+00,    1.5849683250E+02,    1.5849683250E+02,    0.0000000000E+00,    0.0000000000E+00,    0.0000000000E+00,    1.5849683250E+02
    130550,      0.676945,CP10_after_neg_clamp,   1,    0.0000000000E+00,    1.5849683250E+02,    1.5849683250E+02,    0.0000000000E+00,    0.0000000000E+00,    0.0000000000E+00,    1.5849683250E+02
    130550,      0.676945,CP11_after_MPI,   1,    0.0000000000E+00,    1.5849683250E+02,    1.5849683250E+02,    0.0000000000E+00,    0.0000000000E+00,    0.0000000000E+00,    1.5849683250E+02
    130550,      0.676945,CP12_end,   1,    0.0000000000E+00,    1.5849683250E+02,    1.5849683250E+02,    0.0000000000E+00,    0.0000000000E+00,    0.0000000000E+00,    1.5849683250E+02
    130600,      0.676945,CP0_start,   1,    0.0000000000E+00,    1.5860256282E+02,    1.5860256282E+02,    0.0000000000E+00,    0.0000000000E+00,    0.0000000000E+00,    1.5860256282E+02
    130600,      0.676945,CP1_after_deposition,   1,    0.0000000000E+00,    1.5860256282E+02,    1.5860256282E+02,    0.0000000000E+00,    0.0000000000E+00,    0.0000000000E+00,    1.5860256282E+02
    130600,      0.676945,CP2_after_erosion,   1,    0.0000000000E+00,    1.5860256282E+02,    1.5860256282E+02,    0.0000000000E+00,    0.0000000000E+00,    0.0000000000E+00,    1.5860256282E+02
    130600,      0.676945,CP3_after_update_bottom,   1,    0.0000000000E+00,    1.5860256282E+02,    1.5860256282E+02,    0.0000000000E+00,    0.0000000000E+00,    0.0000000000E+00,    1.5860256282E+02
    130600,      0.676945,CP4_after_advection,   1,    0.0000000000E+00,    1.5860559604E+02,    1.5860559604E+02,    0.0000000000E+00,    0.0000000000E+00,    0.0000000000E+00,    1.5860559604E+02
    130600,      0.676945,CP5_after_vdif,   1,    0.0000000000E+00,    1.5860559604E+02,    1.5860559604E+02,    0.0000000000E+00,    0.0000000000E+00,    0.0000000000E+00,    1.5860559604E+02
    130600,      0.676945,CP6_after_kinetics,   1,    0.0000000000E+00,    1.5860559604E+02,    1.5860559604E+02,    0.0000000000E+00,    0.0000000000E+00,    0.0000000000E+00,    1.5860559604E+02
    130600,      0.676945,CP7_after_upper_clamp,   1,    0.0000000000E+00,    1.5860559604E+02,    1.5860559604E+02,    0.0000000000E+00,    0.0000000000E+00,    0.0000000000E+00,    1.5860559604E+02
    130600,      0.676945,CP8_after_OBC,   1,    0.0000000000E+00,    1.5860559604E+02,    1.5860559604E+02,    0.0000000000E+00,    0.0000000000E+00,    0.0000000000E+00,    1.5860559604E+02
    130600,      0.676945,CP9_after_PTsource,   1,    0.0000000000E+00,    1.5860559604E+02,    1.5860559604E+02,    0.0000000000E+00,    0.0000000000E+00,    0.0000000000E+00,    1.5860559604E+02
    130600,      0.676945,CP10_after_neg_clamp,   1,    0.0000000000E+00,    1.5860559604E+02,    1.5860559604E+02,    0.0000000000E+00,    0.0000000000E+00,    0.0000000000E+00,    1.5860559604E+02
    130600,      0.676945,CP11_after_MPI,   1,    0.0000000000E+00,    1.5860559604E+02,    1.5860559604E+02,    0.0000000000E+00,    0.0000000000E+00,    0.0000000000E+00,    1.5860559604E+02
    130600,      0.676945,CP12_end,   1,    0.0000000000E+00,    1.5860559604E+02,    1.5860559604E+02,    0.0000000000E+00,    0.0000000000E+00,    0.0000000000E+00,    1.5860559604E+02
    130650,      0.676945,CP0_start,   1,    0.0000000000E+00,    1.5871238234E+02,    1.5871238234E+02,    0.0000000000E+00,    0.0000000000E+00,    0.0000000000E+00,    1.5871238234E+02
    130650,      0.676945,CP1_after_deposition,   1,    0.0000000000E+00,    1.5871238234E+02,    1.5871238234E+02,    0.0000000000E+00,    0.0000000000E+00,    0.0000000000E+00,    1.5871238234E+02
    130650,      0.676945,CP2_after_erosion,   1,    0.0000000000E+00,    1.5871238234E+02,    1.5871238234E+02,    0.0000000000E+00,    0.0000000000E+00,    0.0000000000E+00,    1.5871238234E+02
    130650,      0.676945,CP3_after_update_bottom,   1,    0.0000000000E+00,    1.5871238234E+02,    1.5871238234E+02,    0.0000000000E+00,    0.0000000000E+00,    0.0000000000E+00,    1.5871238234E+02
    130650,      0.676945,CP4_after_advection,   1,    0.0000000000E+00,    1.5871537963E+02,    1.5871537963E+02,    0.0000000000E+00,    0.0000000000E+00,    0.0000000000E+00,    1.5871537963E+02
    130650,      0.676945,CP5_after_vdif,   1,    0.0000000000E+00,    1.5871537963E+02,    1.5871537963E+02,    0.0000000000E+00,    0.0000000000E+00,    0.0000000000E+00,    1.5871537963E+02
    130650,      0.676945,CP6_after_kinetics,   1,    0.0000000000E+00,    1.5871537963E+02,    1.5871537963E+02,    0.0000000000E+00,    0.0000000000E+00,    0.0000000000E+00,    1.5871537963E+02
    130650,      0.676945,CP7_after_upper_clamp,   1,    0.0000000000E+00,    1.5871537963E+02,    1.5871537963E+02,    0.0000000000E+00,    0.0000000000E+00,    0.0000000000E+00,    1.5871537963E+02
    130650,      0.676945,CP8_after_OBC,   1,    0.0000000000E+00,    1.5871537963E+02,    1.5871537963E+02,    0.0000000000E+00,    0.0000000000E+00,    0.0000000000E+00,    1.5871537963E+02
    130650,      0.676945,CP9_after_PTsource,   1,    0.0000000000E+00,    1.5871537963E+02,    1.5871537963E+02,    0.0000000000E+00,    0.0000000000E+00,    0.0000000000E+00,    1.5871537963E+02
    130650,      0.676945,CP10_after_neg_clamp,   1,    0.0000000000E+00,    1.5871537963E+02,    1.5871537963E+02,    0.0000000000E+00,    0.0000000000E+00,    0.0000000000E+00,    1.5871537963E+02
    130650,      0.676945,CP11_after_MPI,   1,    0.0000000000E+00,    1.5871537963E+02,    1.5871537963E+02,    0.0000000000E+00,    0.0000000000E+00,    0.0000000000E+00,    1.5871537963E+02
    130650,      0.676945,CP12_end,   1,    0.0000000000E+00,    1.5871537963E+02,    1.5871537963E+02,    0.0000000000E+00,    0.0000000000E+00,    0.0000000000E+00,    1.5871537963E+02
    130700,      0.676945,CP0_start,   1,    0.0000000000E+00,    1.5882344355E+02,    1.5882344355E+02,    0.0000000000E+00,    0.0000000000E+00,    0.0000000000E+00,    1.5882344355E+02
    130700,      0.676945,CP1_after_deposition,   1,    0.0000000000E+00,    1.5882344355E+02,    1.5882344355E+02,    0.0000000000E+00,    0.0000000000E+00,    0.0000000000E+00,    1.5882344355E+02
    130700,      0.676945,CP2_after_erosion,   1,    0.0000000000E+00,    1.5882344355E+02,    1.5882344355E+02,    0.0000000000E+00,    0.0000000000E+00,    0.0000000000E+00,    1.5882344355E+02
    130700,      0.676945,CP3_after_update_bottom,   1,    0.0000000000E+00,    1.5882344355E+02,    1.5882344355E+02,    0.0000000000E+00,    0.0000000000E+00,    0.0000000000E+00,    1.5882344355E+02
    130700,      0.676945,CP4_after_advection,   1,    0.0000000000E+00,    1.5882640929E+02,    1.5882640929E+02,    0.0000000000E+00,    0.0000000000E+00,    0.0000000000E+00,    1.5882640929E+02
    130700,      0.676945,CP5_after_vdif,   1,    0.0000000000E+00,    1.5882640929E+02,    1.5882640929E+02,    0.0000000000E+00,    0.0000000000E+00,    0.0000000000E+00,    1.5882640929E+02
    130700,      0.676945,CP6_after_kinetics,   1,    0.0000000000E+00,    1.5882640929E+02,    1.5882640929E+02,    0.0000000000E+00,    0.0000000000E+00,    0.0000000000E+00,    1.5882640929E+02
    130700,      0.676945,CP7_after_upper_clamp,   1,    0.0000000000E+00,    1.5882640929E+02,    1.5882640929E+02,    0.0000000000E+00,    0.0000000000E+00,    0.0000000000E+00,    1.5882640929E+02
    130700,      0.676945,CP8_after_OBC,   1,    0.0000000000E+00,    1.5882640929E+02,    1.5882640929E+02,    0.0000000000E+00,    0.0000000000E+00,    0.0000000000E+00,    1.5882640929E+02
    130700,      0.676945,CP9_after_PTsource,   1,    0.0000000000E+00,    1.5882640929E+02,    1.5882640929E+02,    0.0000000000E+00,    0.0000000000E+00,    0.0000000000E+00,    1.5882640929E+02
    130700,      0.676945,CP10_after_neg_clamp,   1,    0.0000000000E+00,    1.5882640929E+02,    1.5882640929E+02,    0.0000000000E+00,    0.0000000000E+00,    0.0000000000E+00,    1.5882640929E+02
    130700,      0.676945,CP11_after_MPI,   1,    0.0000000000E+00,    1.5882640929E+02,    1.5882640929E+02,    0.0000000000E+00,    0.0000000000E+00,    0.0000000000E+00,    1.5882640929E+02
    130700,      0.676945,CP12_end,   1,    0.0000000000E+00,    1.5882640929E+02,    1.5882640929E+02,    0.0000000000E+00,    0.0000000000E+00,    0.0000000000E+00,    1.5882640929E+02
    130750,      0.676945,CP0_start,   1,    0.0000000000E+00,    1.5893608437E+02,    1.5893608437E+02,    0.0000000000E+00,    0.0000000000E+00,    0.0000000000E+00,    1.5893608437E+02
    130750,      0.676945,CP1_after_deposition,   1,    0.0000000000E+00,    1.5893608437E+02,    1.5893608437E+02,    0.0000000000E+00,    0.0000000000E+00,    0.0000000000E+00,    1.5893608437E+02
    130750,      0.676945,CP2_after_erosion,   1,    0.0000000000E+00,    1.5893608437E+02,    1.5893608437E+02,    0.0000000000E+00,    0.0000000000E+00,    0.0000000000E+00,    1.5893608437E+02
    130750,      0.676945,CP3_after_update_bottom,   1,    0.0000000000E+00,    1.5893608437E+02,    1.5893608437E+02,    0.0000000000E+00,    0.0000000000E+00,    0.0000000000E+00,    1.5893608437E+02
    130750,      0.676945,CP4_after_advection,   1,    0.0000000000E+00,    1.5893902503E+02,    1.5893902503E+02,    0.0000000000E+00,    0.0000000000E+00,    0.0000000000E+00,    1.5893902503E+02
    130750,      0.676945,CP5_after_vdif,   1,    0.0000000000E+00,    1.5893902503E+02,    1.5893902503E+02,    0.0000000000E+00,    0.0000000000E+00,    0.0000000000E+00,    1.5893902503E+02
    130750,      0.676945,CP6_after_kinetics,   1,    0.0000000000E+00,    1.5893902503E+02,    1.5893902503E+02,    0.0000000000E+00,    0.0000000000E+00,    0.0000000000E+00,    1.5893902503E+02
    130750,      0.676945,CP7_after_upper_clamp,   1,    0.0000000000E+00,    1.5893902503E+02,    1.5893902503E+02,    0.0000000000E+00,    0.0000000000E+00,    0.0000000000E+00,    1.5893902503E+02
    130750,      0.676945,CP8_after_OBC,   1,    0.0000000000E+00,    1.5893902503E+02,    1.5893902503E+02,    0.0000000000E+00,    0.0000000000E+00,    0.0000000000E+00,    1.5893902503E+02
    130750,      0.676945,CP9_after_PTsource,   1,    0.0000000000E+00,    1.5893902503E+02,    1.5893902503E+02,    0.0000000000E+00,    0.0000000000E+00,    0.0000000000E+00,    1.5893902503E+02
    130750,      0.676945,CP10_after_neg_clamp,   1,    0.0000000000E+00,    1.5893902503E+02,    1.5893902503E+02,    0.0000000000E+00,    0.0000000000E+00,    0.0000000000E+00,    1.5893902503E+02
    130750,      0.676945,CP11_after_MPI,   1,    0.0000000000E+00,    1.5893902503E+02,    1.5893902503E+02,    0.0000000000E+00,    0.0000000000E+00,    0.0000000000E+00,    1.5893902503E+02
    130750,      0.676945,CP12_end,   1,    0.0000000000E+00,    1.5893902503E+02,    1.5893902503E+02,    0.0000000000E+00,    0.0000000000E+00,    0.0000000000E+00,    1.5893902503E+02
    130800,      0.676945,CP0_start,   1,    0.0000000000E+00,    1.5905050668E+02,    1.5905050668E+02,    0.0000000000E+00,    0.0000000000E+00,    0.0000000000E+00,    1.5905050668E+02
    130800,      0.676945,CP1_after_deposition,   1,    0.0000000000E+00,    1.5905050668E+02,    1.5905050668E+02,    0.0000000000E+00,    0.0000000000E+00,    0.0000000000E+00,    1.5905050668E+02
    130800,      0.676945,CP2_after_erosion,   1,    0.0000000000E+00,    1.5905050668E+02,    1.5905050668E+02,    0.0000000000E+00,    0.0000000000E+00,    0.0000000000E+00,    1.5905050668E+02
    130800,      0.676945,CP3_after_update_bottom,   1,    0.0000000000E+00,    1.5905050668E+02,    1.5905050668E+02,    0.0000000000E+00,    0.0000000000E+00,    0.0000000000E+00,    1.5905050668E+02
    130800,      0.676945,CP4_after_advection,   1,    0.0000000000E+00,    1.5905342730E+02,    1.5905342730E+02,    0.0000000000E+00,    0.0000000000E+00,    0.0000000000E+00,    1.5905342730E+02
    130800,      0.676945,CP5_after_vdif,   1,    0.0000000000E+00,    1.5905342730E+02,    1.5905342730E+02,    0.0000000000E+00,    0.0000000000E+00,    0.0000000000E+00,    1.5905342730E+02
    130800,      0.676945,CP6_after_kinetics,   1,    0.0000000000E+00,    1.5905342730E+02,    1.5905342730E+02,    0.0000000000E+00,    0.0000000000E+00,    0.0000000000E+00,    1.5905342730E+02
    130800,      0.676945,CP7_after_upper_clamp,   1,    0.0000000000E+00,    1.5905342730E+02,    1.5905342730E+02,    0.0000000000E+00,    0.0000000000E+00,    0.0000000000E+00,    1.5905342730E+02
    130800,      0.676945,CP8_after_OBC,   1,    0.0000000000E+00,    1.5905342730E+02,    1.5905342730E+02,    0.0000000000E+00,    0.0000000000E+00,    0.0000000000E+00,    1.5905342730E+02
    130800,      0.676945,CP9_after_PTsource,   1,    0.0000000000E+00,    1.5905342730E+02,    1.5905342730E+02,    0.0000000000E+00,    0.0000000000E+00,    0.0000000000E+00,    1.5905342730E+02
    130800,      0.676945,CP10_after_neg_clamp,   1,    0.0000000000E+00,    1.5905342730E+02,    1.5905342730E+02,    0.0000000000E+00,    0.0000000000E+00,    0.0000000000E+00,    1.5905342730E+02
    130800,      0.676945,CP11_after_MPI,   1,    0.0000000000E+00,    1.5905342730E+02,    1.5905342730E+02,    0.0000000000E+00,    0.0000000000E+00,    0.0000000000E+00,    1.5905342730E+02
    130800,      0.676945,CP12_end,   1,    0.0000000000E+00,    1.5905342730E+02,    1.5905342730E+02,    0.0000000000E+00,    0.0000000000E+00,    0.0000000000E+00,    1.5905342730E+02
    130850,      0.676945,CP0_start,   1,    0.0000000000E+00,    1.5916685724E+02,    1.5916685724E+02,    0.0000000000E+00,    0.0000000000E+00,    0.0000000000E+00,    1.5916685724E+02
    130850,      0.676945,CP1_after_deposition,   1,    0.0000000000E+00,    1.5916685724E+02,    1.5916685724E+02,    0.0000000000E+00,    0.0000000000E+00,    0.0000000000E+00,    1.5916685724E+02
    130850,      0.676945,CP2_after_erosion,   1,    0.0000000000E+00,    1.5916685724E+02,    1.5916685724E+02,    0.0000000000E+00,    0.0000000000E+00,    0.0000000000E+00,    1.5916685724E+02
    130850,      0.676945,CP3_after_update_bottom,   1,    0.0000000000E+00,    1.5916685724E+02,    1.5916685724E+02,    0.0000000000E+00,    0.0000000000E+00,    0.0000000000E+00,    1.5916685724E+02
    130850,      0.676945,CP4_after_advection,   1,    0.0000000000E+00,    1.5916976022E+02,    1.5916976022E+02,    0.0000000000E+00,    0.0000000000E+00,    0.0000000000E+00,    1.5916976022E+02
    130850,      0.676945,CP5_after_vdif,   1,    0.0000000000E+00,    1.5916976022E+02,    1.5916976022E+02,    0.0000000000E+00,    0.0000000000E+00,    0.0000000000E+00,    1.5916976022E+02
    130850,      0.676945,CP6_after_kinetics,   1,    0.0000000000E+00,    1.5916976022E+02,    1.5916976022E+02,    0.0000000000E+00,    0.0000000000E+00,    0.0000000000E+00,    1.5916976022E+02
    130850,      0.676945,CP7_after_upper_clamp,   1,    0.0000000000E+00,    1.5916976022E+02,    1.5916976022E+02,    0.0000000000E+00,    0.0000000000E+00,    0.0000000000E+00,    1.5916976022E+02
    130850,      0.676945,CP8_after_OBC,   1,    0.0000000000E+00,    1.5916976022E+02,    1.5916976022E+02,    0.0000000000E+00,    0.0000000000E+00,    0.0000000000E+00,    1.5916976022E+02
    130850,      0.676945,CP9_after_PTsource,   1,    0.0000000000E+00,    1.5916976022E+02,    1.5916976022E+02,    0.0000000000E+00,    0.0000000000E+00,    0.0000000000E+00,    1.5916976022E+02
    130850,      0.676945,CP10_after_neg_clamp,   1,    0.0000000000E+00,    1.5916976022E+02,    1.5916976022E+02,    0.0000000000E+00,    0.0000000000E+00,    0.0000000000E+00,    1.5916976022E+02
    130850,      0.676945,CP11_after_MPI,   1,    0.0000000000E+00,    1.5916976022E+02,    1.5916976022E+02,    0.0000000000E+00,    0.0000000000E+00,    0.0000000000E+00,    1.5916976022E+02
    130850,      0.676945,CP12_end,   1,    0.0000000000E+00,    1.5916976022E+02,    1.5916976022E+02,    0.0000000000E+00,    0.0000000000E+00,    0.0000000000E+00,    1.5916976022E+02
    130900,      0.676945,CP0_start,   1,    0.0000000000E+00,    1.5928512610E+02,    1.5928512610E+02,    0.0000000000E+00,    0.0000000000E+00,    0.0000000000E+00,    1.5928512610E+02
    130900,      0.676945,CP1_after_deposition,   1,    0.0000000000E+00,    1.5928512610E+02,    1.5928512610E+02,    0.0000000000E+00,    0.0000000000E+00,    0.0000000000E+00,    1.5928512610E+02
    130900,      0.676945,CP2_after_erosion,   1,    0.0000000000E+00,    1.5928512610E+02,    1.5928512610E+02,    0.0000000000E+00,    0.0000000000E+00,    0.0000000000E+00,    1.5928512610E+02
    130900,      0.676945,CP3_after_update_bottom,   1,    0.0000000000E+00,    1.5928512610E+02,    1.5928512610E+02,    0.0000000000E+00,    0.0000000000E+00,    0.0000000000E+00,    1.5928512610E+02
    130900,      0.676945,CP4_after_advection,   1,    0.0000000000E+00,    1.5928800848E+02,    1.5928800848E+02,    0.0000000000E+00,    0.0000000000E+00,    0.0000000000E+00,    1.5928800848E+02
    130900,      0.676945,CP5_after_vdif,   1,    0.0000000000E+00,    1.5928800848E+02,    1.5928800848E+02,    0.0000000000E+00,    0.0000000000E+00,    0.0000000000E+00,    1.5928800848E+02
    130900,      0.676945,CP6_after_kinetics,   1,    0.0000000000E+00,    1.5928800848E+02,    1.5928800848E+02,    0.0000000000E+00,    0.0000000000E+00,    0.0000000000E+00,    1.5928800848E+02
    130900,      0.676945,CP7_after_upper_clamp,   1,    0.0000000000E+00,    1.5928800848E+02,    1.5928800848E+02,    0.0000000000E+00,    0.0000000000E+00,    0.0000000000E+00,    1.5928800848E+02
    130900,      0.676945,CP8_after_OBC,   1,    0.0000000000E+00,    1.5928800848E+02,    1.5928800848E+02,    0.0000000000E+00,    0.0000000000E+00,    0.0000000000E+00,    1.5928800848E+02
    130900,      0.676945,CP9_after_PTsource,   1,    0.0000000000E+00,    1.5928800848E+02,    1.5928800848E+02,    0.0000000000E+00,    0.0000000000E+00,    0.0000000000E+00,    1.5928800848E+02
    130900,      0.676945,CP10_after_neg_clamp,   1,    0.0000000000E+00,    1.5928800848E+02,    1.5928800848E+02,    0.0000000000E+00,    0.0000000000E+00,    0.0000000000E+00,    1.5928800848E+02
    130900,      0.676945,CP11_after_MPI,   1,    0.0000000000E+00,    1.5928800848E+02,    1.5928800848E+02,    0.0000000000E+00,    0.0000000000E+00,    0.0000000000E+00,    1.5928800848E+02
    130900,      0.676945,CP12_end,   1,    0.0000000000E+00,    1.5928800848E+02,    1.5928800848E+02,    0.0000000000E+00,    0.0000000000E+00,    0.0000000000E+00,    1.5928800848E+02
    130950,      0.676945,CP0_start,   1,    0.0000000000E+00,    1.5940508054E+02,    1.5940508054E+02,    0.0000000000E+00,    0.0000000000E+00,    0.0000000000E+00,    1.5940508054E+02
    130950,      0.676945,CP1_after_deposition,   1,    0.0000000000E+00,    1.5940508054E+02,    1.5940508054E+02,    0.0000000000E+00,    0.0000000000E+00,    0.0000000000E+00,    1.5940508054E+02
    130950,      0.676945,CP2_after_erosion,   1,    0.0000000000E+00,    1.5940508054E+02,    1.5940508054E+02,    0.0000000000E+00,    0.0000000000E+00,    0.0000000000E+00,    1.5940508054E+02
    130950,      0.676945,CP3_after_update_bottom,   1,    0.0000000000E+00,    1.5940508054E+02,    1.5940508054E+02,    0.0000000000E+00,    0.0000000000E+00,    0.0000000000E+00,    1.5940508054E+02
    130950,      0.676945,CP4_after_advection,   1,    0.0000000000E+00,    1.5940793537E+02,    1.5940793537E+02,    0.0000000000E+00,    0.0000000000E+00,    0.0000000000E+00,    1.5940793537E+02
    130950,      0.676945,CP5_after_vdif,   1,    0.0000000000E+00,    1.5940793537E+02,    1.5940793537E+02,    0.0000000000E+00,    0.0000000000E+00,    0.0000000000E+00,    1.5940793537E+02
    130950,      0.676945,CP6_after_kinetics,   1,    0.0000000000E+00,    1.5940793537E+02,    1.5940793537E+02,    0.0000000000E+00,    0.0000000000E+00,    0.0000000000E+00,    1.5940793537E+02
    130950,      0.676945,CP7_after_upper_clamp,   1,    0.0000000000E+00,    1.5940793537E+02,    1.5940793537E+02,    0.0000000000E+00,    0.0000000000E+00,    0.0000000000E+00,    1.5940793537E+02
    130950,      0.676945,CP8_after_OBC,   1,    0.0000000000E+00,    1.5940793537E+02,    1.5940793537E+02,    0.0000000000E+00,    0.0000000000E+00,    0.0000000000E+00,    1.5940793537E+02
    130950,      0.676945,CP9_after_PTsource,   1,    0.0000000000E+00,    1.5940793537E+02,    1.5940793537E+02,    0.0000000000E+00,    0.0000000000E+00,    0.0000000000E+00,    1.5940793537E+02
    130950,      0.676945,CP10_after_neg_clamp,   1,    0.0000000000E+00,    1.5940793537E+02,    1.5940793537E+02,    0.0000000000E+00,    0.0000000000E+00,    0.0000000000E+00,    1.5940793537E+02
    130950,      0.676945,CP11_after_MPI,   1,    0.0000000000E+00,    1.5940793537E+02,    1.5940793537E+02,    0.0000000000E+00,    0.0000000000E+00,    0.0000000000E+00,    1.5940793537E+02
    130950,      0.676945,CP12_end,   1,    0.0000000000E+00,    1.5940793537E+02,    1.5940793537E+02,    0.0000000000E+00,    0.0000000000E+00,    0.0000000000E+00,    1.5940793537E+02
    131000,      0.676945,CP0_start,   1,    0.0000000000E+00,    1.5952617591E+02,    1.5952617591E+02,    0.0000000000E+00,    0.0000000000E+00,    0.0000000000E+00,    1.5952617591E+02
    131000,      0.676945,CP1_after_deposition,   1,    0.0000000000E+00,    1.5952617591E+02,    1.5952617591E+02,    0.0000000000E+00,    0.0000000000E+00,    0.0000000000E+00,    1.5952617591E+02
    131000,      0.676945,CP2_after_erosion,   1,    0.0000000000E+00,    1.5952617591E+02,    1.5952617591E+02,    0.0000000000E+00,    0.0000000000E+00,    0.0000000000E+00,    1.5952617591E+02
    131000,      0.676945,CP3_after_update_bottom,   1,    0.0000000000E+00,    1.5952617591E+02,    1.5952617591E+02,    0.0000000000E+00,    0.0000000000E+00,    0.0000000000E+00,    1.5952617591E+02
    131000,      0.676945,CP4_after_advection,   1,    0.0000000000E+00,    1.5952899194E+02,    1.5952899194E+02,    0.0000000000E+00,    0.0000000000E+00,    0.0000000000E+00,    1.5952899194E+02
    131000,      0.676945,CP5_after_vdif,   1,    0.0000000000E+00,    1.5952899194E+02,    1.5952899194E+02,    0.0000000000E+00,    0.0000000000E+00,    0.0000000000E+00,    1.5952899194E+02
    131000,      0.676945,CP6_after_kinetics,   1,    0.0000000000E+00,    1.5952899194E+02,    1.5952899194E+02,    0.0000000000E+00,    0.0000000000E+00,    0.0000000000E+00,    1.5952899194E+02
    131000,      0.676945,CP7_after_upper_clamp,   1,    0.0000000000E+00,    1.5952899194E+02,    1.5952899194E+02,    0.0000000000E+00,    0.0000000000E+00,    0.0000000000E+00,    1.5952899194E+02
    131000,      0.676945,CP8_after_OBC,   1,    0.0000000000E+00,    1.5952899194E+02,    1.5952899194E+02,    0.0000000000E+00,    0.0000000000E+00,    0.0000000000E+00,    1.5952899194E+02
    131000,      0.676945,CP9_after_PTsource,   1,    0.0000000000E+00,    1.5952899194E+02,    1.5952899194E+02,    0.0000000000E+00,    0.0000000000E+00,    0.0000000000E+00,    1.5952899194E+02
    131000,      0.676945,CP10_after_neg_clamp,   1,    0.0000000000E+00,    1.5952899194E+02,    1.5952899194E+02,    0.0000000000E+00,    0.0000000000E+00,    0.0000000000E+00,    1.5952899194E+02
    131000,      0.676945,CP11_after_MPI,   1,    0.0000000000E+00,    1.5952899194E+02,    1.5952899194E+02,    0.0000000000E+00,    0.0000000000E+00,    0.0000000000E+00,    1.5952899194E+02
    131000,      0.676945,CP12_end,   1,    0.0000000000E+00,    1.5952899194E+02,    1.5952899194E+02,    0.0000000000E+00,    0.0000000000E+00,    0.0000000000E+00,    1.5952899194E+02
    131050,      0.676945,CP0_start,   1,    0.0000000000E+00,    1.5964774363E+02,    1.5964774363E+02,    0.0000000000E+00,    0.0000000000E+00,    0.0000000000E+00,    1.5964774363E+02
    131050,      0.676945,CP1_after_deposition,   1,    0.0000000000E+00,    1.5964774363E+02,    1.5964774363E+02,    0.0000000000E+00,    0.0000000000E+00,    0.0000000000E+00,    1.5964774363E+02
    131050,      0.676945,CP2_after_erosion,   1,    0.0000000000E+00,    1.5964774363E+02,    1.5964774363E+02,    0.0000000000E+00,    0.0000000000E+00,    0.0000000000E+00,    1.5964774363E+02
    131050,      0.676945,CP3_after_update_bottom,   1,    0.0000000000E+00,    1.5964774363E+02,    1.5964774363E+02,    0.0000000000E+00,    0.0000000000E+00,    0.0000000000E+00,    1.5964774363E+02
    131050,      0.676945,CP4_after_advection,   1,    0.0000000000E+00,    1.5965050677E+02,    1.5965050677E+02,    0.0000000000E+00,    0.0000000000E+00,    0.0000000000E+00,    1.5965050677E+02
    131050,      0.676945,CP5_after_vdif,   1,    0.0000000000E+00,    1.5965050677E+02,    1.5965050677E+02,    0.0000000000E+00,    0.0000000000E+00,    0.0000000000E+00,    1.5965050677E+02
    131050,      0.676945,CP6_after_kinetics,   1,    0.0000000000E+00,    1.5965050677E+02,    1.5965050677E+02,    0.0000000000E+00,    0.0000000000E+00,    0.0000000000E+00,    1.5965050677E+02
    131050,      0.676945,CP7_after_upper_clamp,   1,    0.0000000000E+00,    1.5965050677E+02,    1.5965050677E+02,    0.0000000000E+00,    0.0000000000E+00,    0.0000000000E+00,    1.5965050677E+02
    131050,      0.676945,CP8_after_OBC,   1,    0.0000000000E+00,    1.5965050677E+02,    1.5965050677E+02,    0.0000000000E+00,    0.0000000000E+00,    0.0000000000E+00,    1.5965050677E+02
    131050,      0.676945,CP9_after_PTsource,   1,    0.0000000000E+00,    1.5965050677E+02,    1.5965050677E+02,    0.0000000000E+00,    0.0000000000E+00,    0.0000000000E+00,    1.5965050677E+02
    131050,      0.676945,CP10_after_neg_clamp,   1,    0.0000000000E+00,    1.5965050677E+02,    1.5965050677E+02,    0.0000000000E+00,    0.0000000000E+00,    0.0000000000E+00,    1.5965050677E+02
    131050,      0.676945,CP11_after_MPI,   1,    0.0000000000E+00,    1.5965050677E+02,    1.5965050677E+02,    0.0000000000E+00,    0.0000000000E+00,    0.0000000000E+00,    1.5965050677E+02
    131050,      0.676945,CP12_end,   1,    0.0000000000E+00,    1.5965050677E+02,    1.5965050677E+02,    0.0000000000E+00,    0.0000000000E+00,    0.0000000000E+00,    1.5965050677E+02
    131100,      0.676945,CP0_start,   1,    0.0000000000E+00,    1.5976901011E+02,    1.5976901011E+02,    0.0000000000E+00,    0.0000000000E+00,    0.0000000000E+00,    1.5976901011E+02
    131100,      0.676945,CP1_after_deposition,   1,    0.0000000000E+00,    1.5976901011E+02,    1.5976901011E+02,    0.0000000000E+00,    0.0000000000E+00,    0.0000000000E+00,    1.5976901011E+02
    131100,      0.676945,CP2_after_erosion,   1,    0.0000000000E+00,    1.5976901011E+02,    1.5976901011E+02,    0.0000000000E+00,    0.0000000000E+00,    0.0000000000E+00,    1.5976901011E+02
    131100,      0.676945,CP3_after_update_bottom,   1,    0.0000000000E+00,    1.5976901011E+02,    1.5976901011E+02,    0.0000000000E+00,    0.0000000000E+00,    0.0000000000E+00,    1.5976901011E+02
    131100,      0.676945,CP4_after_advection,   1,    0.0000000000E+00,    1.5977170600E+02,    1.5977170600E+02,    0.0000000000E+00,    0.0000000000E+00,    0.0000000000E+00,    1.5977170600E+02
    131100,      0.676945,CP5_after_vdif,   1,    0.0000000000E+00,    1.5977170600E+02,    1.5977170600E+02,    0.0000000000E+00,    0.0000000000E+00,    0.0000000000E+00,    1.5977170600E+02
    131100,      0.676945,CP6_after_kinetics,   1,    0.0000000000E+00,    1.5977170600E+02,    1.5977170600E+02,    0.0000000000E+00,    0.0000000000E+00,    0.0000000000E+00,    1.5977170600E+02
    131100,      0.676945,CP7_after_upper_clamp,   1,    0.0000000000E+00,    1.5977170600E+02,    1.5977170600E+02,    0.0000000000E+00,    0.0000000000E+00,    0.0000000000E+00,    1.5977170600E+02
    131100,      0.676945,CP8_after_OBC,   1,    0.0000000000E+00,    1.5977170600E+02,    1.5977170600E+02,    0.0000000000E+00,    0.0000000000E+00,    0.0000000000E+00,    1.5977170600E+02
    131100,      0.676945,CP9_after_PTsource,   1,    0.0000000000E+00,    1.5977170600E+02,    1.5977170600E+02,    0.0000000000E+00,    0.0000000000E+00,    0.0000000000E+00,    1.5977170600E+02
    131100,      0.676945,CP10_after_neg_clamp,   1,    0.0000000000E+00,    1.5977170600E+02,    1.5977170600E+02,    0.0000000000E+00,    0.0000000000E+00,    0.0000000000E+00,    1.5977170600E+02
    131100,      0.676945,CP11_after_MPI,   1,    0.0000000000E+00,    1.5977170600E+02,    1.5977170600E+02,    0.0000000000E+00,    0.0000000000E+00,    0.0000000000E+00,    1.5977170600E+02
    131100,      0.676945,CP12_end,   1,    0.0000000000E+00,    1.5977170600E+02,    1.5977170600E+02,    0.0000000000E+00,    0.0000000000E+00,    0.0000000000E+00,    1.5977170600E+02
    131150,      0.676945,CP0_start,   1,    0.0000000000E+00,    1.5988911539E+02,    1.5988911539E+02,    0.0000000000E+00,    0.0000000000E+00,    0.0000000000E+00,    1.5988911539E+02
    131150,      0.676945,CP1_after_deposition,   1,    0.0000000000E+00,    1.5988911539E+02,    1.5988911539E+02,    0.0000000000E+00,    0.0000000000E+00,    0.0000000000E+00,    1.5988911539E+02
    131150,      0.676945,CP2_after_erosion,   1,    0.0000000000E+00,    1.5988911539E+02,    1.5988911539E+02,    0.0000000000E+00,    0.0000000000E+00,    0.0000000000E+00,    1.5988911539E+02
    131150,      0.676945,CP3_after_update_bottom,   1,    0.0000000000E+00,    1.5988911539E+02,    1.5988911539E+02,    0.0000000000E+00,    0.0000000000E+00,    0.0000000000E+00,    1.5988911539E+02
    131150,      0.676945,CP4_after_advection,   1,    0.0000000000E+00,    1.5989173091E+02,    1.5989173091E+02,    0.0000000000E+00,    0.0000000000E+00,    0.0000000000E+00,    1.5989173091E+02
    131150,      0.676945,CP5_after_vdif,   1,    0.0000000000E+00,    1.5989173091E+02,    1.5989173091E+02,    0.0000000000E+00,    0.0000000000E+00,    0.0000000000E+00,    1.5989173091E+02
    131150,      0.676945,CP6_after_kinetics,   1,    0.0000000000E+00,    1.5989173091E+02,    1.5989173091E+02,    0.0000000000E+00,    0.0000000000E+00,    0.0000000000E+00,    1.5989173091E+02
    131150,      0.676945,CP7_after_upper_clamp,   1,    0.0000000000E+00,    1.5989173091E+02,    1.5989173091E+02,    0.0000000000E+00,    0.0000000000E+00,    0.0000000000E+00,    1.5989173091E+02
    131150,      0.676945,CP8_after_OBC,   1,    0.0000000000E+00,    1.5989173091E+02,    1.5989173091E+02,    0.0000000000E+00,    0.0000000000E+00,    0.0000000000E+00,    1.5989173091E+02
    131150,      0.676945,CP9_after_PTsource,   1,    0.0000000000E+00,    1.5989173091E+02,    1.5989173091E+02,    0.0000000000E+00,    0.0000000000E+00,    0.0000000000E+00,    1.5989173091E+02
    131150,      0.676945,CP10_after_neg_clamp,   1,    0.0000000000E+00,    1.5989173091E+02,    1.5989173091E+02,    0.0000000000E+00,    0.0000000000E+00,    0.0000000000E+00,    1.5989173091E+02
    131150,      0.676945,CP11_after_MPI,   1,    0.0000000000E+00,    1.5989173091E+02,    1.5989173091E+02,    0.0000000000E+00,    0.0000000000E+00,    0.0000000000E+00,    1.5989173091E+02
    131150,      0.676945,CP12_end,   1,    0.0000000000E+00,    1.5989173091E+02,    1.5989173091E+02,    0.0000000000E+00,    0.0000000000E+00,    0.0000000000E+00,    1.5989173091E+02
    131200,      0.676945,CP0_start,   1,    0.0000000000E+00,    1.6000737045E+02,    1.6000737045E+02,    0.0000000000E+00,    0.0000000000E+00,    0.0000000000E+00,    1.6000737045E+02
    131200,      0.676945,CP1_after_deposition,   1,    0.0000000000E+00,    1.6000737045E+02,    1.6000737045E+02,    0.0000000000E+00,    0.0000000000E+00,    0.0000000000E+00,    1.6000737045E+02
    131200,      0.676945,CP2_after_erosion,   1,    0.0000000000E+00,    1.6000737045E+02,    1.6000737045E+02,    0.0000000000E+00,    0.0000000000E+00,    0.0000000000E+00,    1.6000737045E+02
    131200,      0.676945,CP3_after_update_bottom,   1,    0.0000000000E+00,    1.6000737045E+02,    1.6000737045E+02,    0.0000000000E+00,    0.0000000000E+00,    0.0000000000E+00,    1.6000737045E+02
    131200,      0.676945,CP4_after_advection,   1,    0.0000000000E+00,    1.6000988702E+02,    1.6000988702E+02,    0.0000000000E+00,    0.0000000000E+00,    0.0000000000E+00,    1.6000988702E+02
    131200,      0.676945,CP5_after_vdif,   1,    0.0000000000E+00,    1.6000988702E+02,    1.6000988702E+02,    0.0000000000E+00,    0.0000000000E+00,    0.0000000000E+00,    1.6000988702E+02
    131200,      0.676945,CP6_after_kinetics,   1,    0.0000000000E+00,    1.6000988702E+02,    1.6000988702E+02,    0.0000000000E+00,    0.0000000000E+00,    0.0000000000E+00,    1.6000988702E+02
    131200,      0.676945,CP7_after_upper_clamp,   1,    0.0000000000E+00,    1.6000988702E+02,    1.6000988702E+02,    0.0000000000E+00,    0.0000000000E+00,    0.0000000000E+00,    1.6000988702E+02
    131200,      0.676945,CP8_after_OBC,   1,    0.0000000000E+00,    1.6000988702E+02,    1.6000988702E+02,    0.0000000000E+00,    0.0000000000E+00,    0.0000000000E+00,    1.6000988702E+02
    131200,      0.676945,CP9_after_PTsource,   1,    0.0000000000E+00,    1.6000988702E+02,    1.6000988702E+02,    0.0000000000E+00,    0.0000000000E+00,    0.0000000000E+00,    1.6000988702E+02
    131200,      0.676945,CP10_after_neg_clamp,   1,    0.0000000000E+00,    1.6000988702E+02,    1.6000988702E+02,    0.0000000000E+00,    0.0000000000E+00,    0.0000000000E+00,    1.6000988702E+02
    131200,      0.676945,CP11_after_MPI,   1,    0.0000000000E+00,    1.6000988702E+02,    1.6000988702E+02,    0.0000000000E+00,    0.0000000000E+00,    0.0000000000E+00,    1.6000988702E+02
    131200,      0.676945,CP12_end,   1,    0.0000000000E+00,    1.6000988702E+02,    1.6000988702E+02,    0.0000000000E+00,    0.0000000000E+00,    0.0000000000E+00,    1.6000988702E+02
    131250,      0.676945,CP0_start,   1,    0.0000000000E+00,    1.6012343774E+02,    1.6012343774E+02,    0.0000000000E+00,    0.0000000000E+00,    0.0000000000E+00,    1.6012343774E+02
    131250,      0.676945,CP1_after_deposition,   1,    0.0000000000E+00,    1.6012343774E+02,    1.6012343774E+02,    0.0000000000E+00,    0.0000000000E+00,    0.0000000000E+00,    1.6012343774E+02
    131250,      0.676945,CP2_after_erosion,   1,    0.0000000000E+00,    1.6012343774E+02,    1.6012343774E+02,    0.0000000000E+00,    0.0000000000E+00,    0.0000000000E+00,    1.6012343774E+02
    131250,      0.676945,CP3_after_update_bottom,   1,    0.0000000000E+00,    1.6012343774E+02,    1.6012343774E+02,    0.0000000000E+00,    0.0000000000E+00,    0.0000000000E+00,    1.6012343774E+02
    131250,      0.676945,CP4_after_advection,   1,    0.0000000000E+00,    1.6012586812E+02,    1.6012586812E+02,    0.0000000000E+00,    0.0000000000E+00,    0.0000000000E+00,    1.6012586812E+02
    131250,      0.676945,CP5_after_vdif,   1,    0.0000000000E+00,    1.6012586812E+02,    1.6012586812E+02,    0.0000000000E+00,    0.0000000000E+00,    0.0000000000E+00,    1.6012586812E+02
    131250,      0.676945,CP6_after_kinetics,   1,    0.0000000000E+00,    1.6012586812E+02,    1.6012586812E+02,    0.0000000000E+00,    0.0000000000E+00,    0.0000000000E+00,    1.6012586812E+02
    131250,      0.676945,CP7_after_upper_clamp,   1,    0.0000000000E+00,    1.6012586812E+02,    1.6012586812E+02,    0.0000000000E+00,    0.0000000000E+00,    0.0000000000E+00,    1.6012586812E+02
    131250,      0.676945,CP8_after_OBC,   1,    0.0000000000E+00,    1.6012586812E+02,    1.6012586812E+02,    0.0000000000E+00,    0.0000000000E+00,    0.0000000000E+00,    1.6012586812E+02
    131250,      0.676945,CP9_after_PTsource,   1,    0.0000000000E+00,    1.6012586812E+02,    1.6012586812E+02,    0.0000000000E+00,    0.0000000000E+00,    0.0000000000E+00,    1.6012586812E+02
    131250,      0.676945,CP10_after_neg_clamp,   1,    0.0000000000E+00,    1.6012586812E+02,    1.6012586812E+02,    0.0000000000E+00,    0.0000000000E+00,    0.0000000000E+00,    1.6012586812E+02
    131250,      0.676945,CP11_after_MPI,   1,    0.0000000000E+00,    1.6012586812E+02,    1.6012586812E+02,    0.0000000000E+00,    0.0000000000E+00,    0.0000000000E+00,    1.6012586812E+02
    131250,      0.676945,CP12_end,   1,    0.0000000000E+00,    1.6012586812E+02,    1.6012586812E+02,    0.0000000000E+00,    0.0000000000E+00,    0.0000000000E+00,    1.6012586812E+02
    131300,      0.676945,CP0_start,   1,    0.0000000000E+00,    1.6023740685E+02,    1.6023740685E+02,    0.0000000000E+00,    0.0000000000E+00,    0.0000000000E+00,    1.6023740685E+02
    131300,      0.676945,CP1_after_deposition,   1,    0.0000000000E+00,    1.6023740685E+02,    1.6023740685E+02,    0.0000000000E+00,    0.0000000000E+00,    0.0000000000E+00,    1.6023740685E+02
    131300,      0.676945,CP2_after_erosion,   1,    0.0000000000E+00,    1.6023740685E+02,    1.6023740685E+02,    0.0000000000E+00,    0.0000000000E+00,    0.0000000000E+00,    1.6023740685E+02
    131300,      0.676945,CP3_after_update_bottom,   1,    0.0000000000E+00,    1.6023740685E+02,    1.6023740685E+02,    0.0000000000E+00,    0.0000000000E+00,    0.0000000000E+00,    1.6023740685E+02
    131300,      0.676945,CP4_after_advection,   1,    0.0000000000E+00,    1.6023974451E+02,    1.6023974451E+02,    0.0000000000E+00,    0.0000000000E+00,    0.0000000000E+00,    1.6023974451E+02
    131300,      0.676945,CP5_after_vdif,   1,    0.0000000000E+00,    1.6023974451E+02,    1.6023974451E+02,    0.0000000000E+00,    0.0000000000E+00,    0.0000000000E+00,    1.6023974451E+02
    131300,      0.676945,CP6_after_kinetics,   1,    0.0000000000E+00,    1.6023974451E+02,    1.6023974451E+02,    0.0000000000E+00,    0.0000000000E+00,    0.0000000000E+00,    1.6023974451E+02
    131300,      0.676945,CP7_after_upper_clamp,   1,    0.0000000000E+00,    1.6023974451E+02,    1.6023974451E+02,    0.0000000000E+00,    0.0000000000E+00,    0.0000000000E+00,    1.6023974451E+02
    131300,      0.676945,CP8_after_OBC,   1,    0.0000000000E+00,    1.6023974451E+02,    1.6023974451E+02,    0.0000000000E+00,    0.0000000000E+00,    0.0000000000E+00,    1.6023974451E+02
    131300,      0.676945,CP9_after_PTsource,   1,    0.0000000000E+00,    1.6023974451E+02,    1.6023974451E+02,    0.0000000000E+00,    0.0000000000E+00,    0.0000000000E+00,    1.6023974451E+02
    131300,      0.676945,CP10_after_neg_clamp,   1,    0.0000000000E+00,    1.6023974451E+02,    1.6023974451E+02,    0.0000000000E+00,    0.0000000000E+00,    0.0000000000E+00,    1.6023974451E+02
    131300,      0.676945,CP11_after_MPI,   1,    0.0000000000E+00,    1.6023974451E+02,    1.6023974451E+02,    0.0000000000E+00,    0.0000000000E+00,    0.0000000000E+00,    1.6023974451E+02
    131300,      0.676945,CP12_end,   1,    0.0000000000E+00,    1.6023974451E+02,    1.6023974451E+02,    0.0000000000E+00,    0.0000000000E+00,    0.0000000000E+00,    1.6023974451E+02
    131350,      0.676945,CP0_start,   1,    0.0000000000E+00,    1.6034943466E+02,    1.6034943466E+02,    0.0000000000E+00,    0.0000000000E+00,    0.0000000000E+00,    1.6034943466E+02
    131350,      0.676945,CP1_after_deposition,   1,    0.0000000000E+00,    1.6034943466E+02,    1.6034943466E+02,    0.0000000000E+00,    0.0000000000E+00,    0.0000000000E+00,    1.6034943466E+02
    131350,      0.676945,CP2_after_erosion,   1,    0.0000000000E+00,    1.6034943466E+02,    1.6034943466E+02,    0.0000000000E+00,    0.0000000000E+00,    0.0000000000E+00,    1.6034943466E+02
    131350,      0.676945,CP3_after_update_bottom,   1,    0.0000000000E+00,    1.6034943466E+02,    1.6034943466E+02,    0.0000000000E+00,    0.0000000000E+00,    0.0000000000E+00,    1.6034943466E+02
    131350,      0.676945,CP4_after_advection,   1,    0.0000000000E+00,    1.6035168349E+02,    1.6035168349E+02,    0.0000000000E+00,    0.0000000000E+00,    0.0000000000E+00,    1.6035168349E+02
    131350,      0.676945,CP5_after_vdif,   1,    0.0000000000E+00,    1.6035168349E+02,    1.6035168349E+02,    0.0000000000E+00,    0.0000000000E+00,    0.0000000000E+00,    1.6035168349E+02
    131350,      0.676945,CP6_after_kinetics,   1,    0.0000000000E+00,    1.6035168349E+02,    1.6035168349E+02,    0.0000000000E+00,    0.0000000000E+00,    0.0000000000E+00,    1.6035168349E+02
    131350,      0.676945,CP7_after_upper_clamp,   1,    0.0000000000E+00,    1.6035168349E+02,    1.6035168349E+02,    0.0000000000E+00,    0.0000000000E+00,    0.0000000000E+00,    1.6035168349E+02
    131350,      0.676945,CP8_after_OBC,   1,    0.0000000000E+00,    1.6035168349E+02,    1.6035168349E+02,    0.0000000000E+00,    0.0000000000E+00,    0.0000000000E+00,    1.6035168349E+02
    131350,      0.676945,CP9_after_PTsource,   1,    0.0000000000E+00,    1.6035168349E+02,    1.6035168349E+02,    0.0000000000E+00,    0.0000000000E+00,    0.0000000000E+00,    1.6035168349E+02
    131350,      0.676945,CP10_after_neg_clamp,   1,    0.0000000000E+00,    1.6035168349E+02,    1.6035168349E+02,    0.0000000000E+00,    0.0000000000E+00,    0.0000000000E+00,    1.6035168349E+02
    131350,      0.676945,CP11_after_MPI,   1,    0.0000000000E+00,    1.6035168349E+02,    1.6035168349E+02,    0.0000000000E+00,    0.0000000000E+00,    0.0000000000E+00,    1.6035168349E+02
    131350,      0.676945,CP12_end,   1,    0.0000000000E+00,    1.6035168349E+02,    1.6035168349E+02,    0.0000000000E+00,    0.0000000000E+00,    0.0000000000E+00,    1.6035168349E+02
    131400,      0.676945,CP0_start,   1,    0.0000000000E+00,    1.6045939227E+02,    1.6045939227E+02,    0.0000000000E+00,    0.0000000000E+00,    0.0000000000E+00,    1.6045939227E+02
    131400,      0.676945,CP1_after_deposition,   1,    0.0000000000E+00,    1.6045939227E+02,    1.6045939227E+02,    0.0000000000E+00,    0.0000000000E+00,    0.0000000000E+00,    1.6045939227E+02
    131400,      0.676945,CP2_after_erosion,   1,    0.0000000000E+00,    1.6045939227E+02,    1.6045939227E+02,    0.0000000000E+00,    0.0000000000E+00,    0.0000000000E+00,    1.6045939227E+02
    131400,      0.676945,CP3_after_update_bottom,   1,    0.0000000000E+00,    1.6045939227E+02,    1.6045939227E+02,    0.0000000000E+00,    0.0000000000E+00,    0.0000000000E+00,    1.6045939227E+02
    131400,      0.676945,CP4_after_advection,   1,    0.0000000000E+00,    1.6046154771E+02,    1.6046154771E+02,    0.0000000000E+00,    0.0000000000E+00,    0.0000000000E+00,    1.6046154771E+02
    131400,      0.676945,CP5_after_vdif,   1,    0.0000000000E+00,    1.6046154771E+02,    1.6046154771E+02,    0.0000000000E+00,    0.0000000000E+00,    0.0000000000E+00,    1.6046154771E+02
    131400,      0.676945,CP6_after_kinetics,   1,    0.0000000000E+00,    1.6046154771E+02,    1.6046154771E+02,    0.0000000000E+00,    0.0000000000E+00,    0.0000000000E+00,    1.6046154771E+02
    131400,      0.676945,CP7_after_upper_clamp,   1,    0.0000000000E+00,    1.6046154771E+02,    1.6046154771E+02,    0.0000000000E+00,    0.0000000000E+00,    0.0000000000E+00,    1.6046154771E+02
    131400,      0.676945,CP8_after_OBC,   1,    0.0000000000E+00,    1.6046154771E+02,    1.6046154771E+02,    0.0000000000E+00,    0.0000000000E+00,    0.0000000000E+00,    1.6046154771E+02
    131400,      0.676945,CP9_after_PTsource,   1,    0.0000000000E+00,    1.6046154771E+02,    1.6046154771E+02,    0.0000000000E+00,    0.0000000000E+00,    0.0000000000E+00,    1.6046154771E+02
    131400,      0.676945,CP10_after_neg_clamp,   1,    0.0000000000E+00,    1.6046154771E+02,    1.6046154771E+02,    0.0000000000E+00,    0.0000000000E+00,    0.0000000000E+00,    1.6046154771E+02
    131400,      0.676945,CP11_after_MPI,   1,    0.0000000000E+00,    1.6046154771E+02,    1.6046154771E+02,    0.0000000000E+00,    0.0000000000E+00,    0.0000000000E+00,    1.6046154771E+02
    131400,      0.676945,CP12_end,   1,    0.0000000000E+00,    1.6046154771E+02,    1.6046154771E+02,    0.0000000000E+00,    0.0000000000E+00,    0.0000000000E+00,    1.6046154771E+02
    131450,      0.676945,CP0_start,   1,    0.0000000000E+00,    1.6056665546E+02,    1.6056665546E+02,    0.0000000000E+00,    0.0000000000E+00,    0.0000000000E+00,    1.6056665546E+02
    131450,      0.676945,CP1_after_deposition,   1,    0.0000000000E+00,    1.6056665546E+02,    1.6056665546E+02,    0.0000000000E+00,    0.0000000000E+00,    0.0000000000E+00,    1.6056665546E+02
    131450,      0.676945,CP2_after_erosion,   1,    0.0000000000E+00,    1.6056665546E+02,    1.6056665546E+02,    0.0000000000E+00,    0.0000000000E+00,    0.0000000000E+00,    1.6056665546E+02
    131450,      0.676945,CP3_after_update_bottom,   1,    0.0000000000E+00,    1.6056665546E+02,    1.6056665546E+02,    0.0000000000E+00,    0.0000000000E+00,    0.0000000000E+00,    1.6056665546E+02
    131450,      0.676945,CP4_after_advection,   1,    0.0000000000E+00,    1.6056870075E+02,    1.6056870075E+02,    0.0000000000E+00,    0.0000000000E+00,    0.0000000000E+00,    1.6056870075E+02
    131450,      0.676945,CP5_after_vdif,   1,    0.0000000000E+00,    1.6056870075E+02,    1.6056870075E+02,    0.0000000000E+00,    0.0000000000E+00,    0.0000000000E+00,    1.6056870075E+02
    131450,      0.676945,CP6_after_kinetics,   1,    0.0000000000E+00,    1.6056870075E+02,    1.6056870075E+02,    0.0000000000E+00,    0.0000000000E+00,    0.0000000000E+00,    1.6056870075E+02
    131450,      0.676945,CP7_after_upper_clamp,   1,    0.0000000000E+00,    1.6056870075E+02,    1.6056870075E+02,    0.0000000000E+00,    0.0000000000E+00,    0.0000000000E+00,    1.6056870075E+02
    131450,      0.676945,CP8_after_OBC,   1,    0.0000000000E+00,    1.6056870075E+02,    1.6056870075E+02,    0.0000000000E+00,    0.0000000000E+00,    0.0000000000E+00,    1.6056870075E+02
    131450,      0.676945,CP9_after_PTsource,   1,    0.0000000000E+00,    1.6056870075E+02,    1.6056870075E+02,    0.0000000000E+00,    0.0000000000E+00,    0.0000000000E+00,    1.6056870075E+02
    131450,      0.676945,CP10_after_neg_clamp,   1,    0.0000000000E+00,    1.6056870075E+02,    1.6056870075E+02,    0.0000000000E+00,    0.0000000000E+00,    0.0000000000E+00,    1.6056870075E+02
    131450,      0.676945,CP11_after_MPI,   1,    0.0000000000E+00,    1.6056870075E+02,    1.6056870075E+02,    0.0000000000E+00,    0.0000000000E+00,    0.0000000000E+00,    1.6056870075E+02
    131450,      0.676945,CP12_end,   1,    0.0000000000E+00,    1.6056870075E+02,    1.6056870075E+02,    0.0000000000E+00,    0.0000000000E+00,    0.0000000000E+00,    1.6056870075E+02
    131500,      0.676945,CP0_start,   1,    0.0000000000E+00,    1.6066980447E+02,    1.6066980447E+02,    0.0000000000E+00,    0.0000000000E+00,    0.0000000000E+00,    1.6066980447E+02
    131500,      0.676945,CP1_after_deposition,   1,    0.0000000000E+00,    1.6066980447E+02,    1.6066980447E+02,    0.0000000000E+00,    0.0000000000E+00,    0.0000000000E+00,    1.6066980447E+02
    131500,      0.676945,CP2_after_erosion,   1,    0.0000000000E+00,    1.6066980447E+02,    1.6066980447E+02,    0.0000000000E+00,    0.0000000000E+00,    0.0000000000E+00,    1.6066980447E+02
    131500,      0.676945,CP3_after_update_bottom,   1,    0.0000000000E+00,    1.6066980447E+02,    1.6066980447E+02,    0.0000000000E+00,    0.0000000000E+00,    0.0000000000E+00,    1.6066980447E+02
    131500,      0.676945,CP4_after_advection,   1,    0.0000000000E+00,    1.6067170766E+02,    1.6067170766E+02,    0.0000000000E+00,    0.0000000000E+00,    0.0000000000E+00,    1.6067170766E+02
    131500,      0.676945,CP5_after_vdif,   1,    0.0000000000E+00,    1.6067170766E+02,    1.6067170766E+02,    0.0000000000E+00,    0.0000000000E+00,    0.0000000000E+00,    1.6067170766E+02
    131500,      0.676945,CP6_after_kinetics,   1,    0.0000000000E+00,    1.6067170766E+02,    1.6067170766E+02,    0.0000000000E+00,    0.0000000000E+00,    0.0000000000E+00,    1.6067170766E+02
    131500,      0.676945,CP7_after_upper_clamp,   1,    0.0000000000E+00,    1.6067170766E+02,    1.6067170766E+02,    0.0000000000E+00,    0.0000000000E+00,    0.0000000000E+00,    1.6067170766E+02
    131500,      0.676945,CP8_after_OBC,   1,    0.0000000000E+00,    1.6067170766E+02,    1.6067170766E+02,    0.0000000000E+00,    0.0000000000E+00,    0.0000000000E+00,    1.6067170766E+02
    131500,      0.676945,CP9_after_PTsource,   1,    0.0000000000E+00,    1.6067170766E+02,    1.6067170766E+02,    0.0000000000E+00,    0.0000000000E+00,    0.0000000000E+00,    1.6067170766E+02
    131500,      0.676945,CP10_after_neg_clamp,   1,    0.0000000000E+00,    1.6067170766E+02,    1.6067170766E+02,    0.0000000000E+00,    0.0000000000E+00,    0.0000000000E+00,    1.6067170766E+02
    131500,      0.676945,CP11_after_MPI,   1,    0.0000000000E+00,    1.6067170766E+02,    1.6067170766E+02,    0.0000000000E+00,    0.0000000000E+00,    0.0000000000E+00,    1.6067170766E+02
    131500,      0.676945,CP12_end,   1,    0.0000000000E+00,    1.6067170766E+02,    1.6067170766E+02,    0.0000000000E+00,    0.0000000000E+00,    0.0000000000E+00,    1.6067170766E+02
    131550,      0.676945,CP0_start,   1,    0.0000000000E+00,    1.6076734153E+02,    1.6076734153E+02,    0.0000000000E+00,    0.0000000000E+00,    0.0000000000E+00,    1.6076734153E+02
    131550,      0.676945,CP1_after_deposition,   1,    0.0000000000E+00,    1.6076734153E+02,    1.6076734153E+02,    0.0000000000E+00,    0.0000000000E+00,    0.0000000000E+00,    1.6076734153E+02
    131550,      0.676945,CP2_after_erosion,   1,    0.0000000000E+00,    1.6076734153E+02,    1.6076734153E+02,    0.0000000000E+00,    0.0000000000E+00,    0.0000000000E+00,    1.6076734153E+02
    131550,      0.676945,CP3_after_update_bottom,   1,    0.0000000000E+00,    1.6076734153E+02,    1.6076734153E+02,    0.0000000000E+00,    0.0000000000E+00,    0.0000000000E+00,    1.6076734153E+02
    131550,      0.676945,CP4_after_advection,   1,    0.0000000000E+00,    1.6076908091E+02,    1.6076908091E+02,    0.0000000000E+00,    0.0000000000E+00,    0.0000000000E+00,    1.6076908091E+02
    131550,      0.676945,CP5_after_vdif,   1,    0.0000000000E+00,    1.6076908091E+02,    1.6076908091E+02,    0.0000000000E+00,    0.0000000000E+00,    0.0000000000E+00,    1.6076908091E+02
    131550,      0.676945,CP6_after_kinetics,   1,    0.0000000000E+00,    1.6076908091E+02,    1.6076908091E+02,    0.0000000000E+00,    0.0000000000E+00,    0.0000000000E+00,    1.6076908091E+02
    131550,      0.676945,CP7_after_upper_clamp,   1,    0.0000000000E+00,    1.6076908091E+02,    1.6076908091E+02,    0.0000000000E+00,    0.0000000000E+00,    0.0000000000E+00,    1.6076908091E+02
    131550,      0.676945,CP8_after_OBC,   1,    0.0000000000E+00,    1.6076908091E+02,    1.6076908091E+02,    0.0000000000E+00,    0.0000000000E+00,    0.0000000000E+00,    1.6076908091E+02
    131550,      0.676945,CP9_after_PTsource,   1,    0.0000000000E+00,    1.6076908091E+02,    1.6076908091E+02,    0.0000000000E+00,    0.0000000000E+00,    0.0000000000E+00,    1.6076908091E+02
    131550,      0.676945,CP10_after_neg_clamp,   1,    0.0000000000E+00,    1.6076908091E+02,    1.6076908091E+02,    0.0000000000E+00,    0.0000000000E+00,    0.0000000000E+00,    1.6076908091E+02
    131550,      0.676945,CP11_after_MPI,   1,    0.0000000000E+00,    1.6076908091E+02,    1.6076908091E+02,    0.0000000000E+00,    0.0000000000E+00,    0.0000000000E+00,    1.6076908091E+02
    131550,      0.676945,CP12_end,   1,    0.0000000000E+00,    1.6076908091E+02,    1.6076908091E+02,    0.0000000000E+00,    0.0000000000E+00,    0.0000000000E+00,    1.6076908091E+02
    131600,      0.676945,CP0_start,   1,    0.0000000000E+00,    1.6085841110E+02,    1.6085841110E+02,    0.0000000000E+00,    0.0000000000E+00,    0.0000000000E+00,    1.6085841110E+02
    131600,      0.676945,CP1_after_deposition,   1,    0.0000000000E+00,    1.6085841110E+02,    1.6085841110E+02,    0.0000000000E+00,    0.0000000000E+00,    0.0000000000E+00,    1.6085841110E+02
    131600,      0.676945,CP2_after_erosion,   1,    0.0000000000E+00,    1.6085841110E+02,    1.6085841110E+02,    0.0000000000E+00,    0.0000000000E+00,    0.0000000000E+00,    1.6085841110E+02
    131600,      0.676945,CP3_after_update_bottom,   1,    0.0000000000E+00,    1.6085841110E+02,    1.6085841110E+02,    0.0000000000E+00,    0.0000000000E+00,    0.0000000000E+00,    1.6085841110E+02
    131600,      0.676945,CP4_after_advection,   1,    0.0000000000E+00,    1.6085997558E+02,    1.6085997558E+02,    0.0000000000E+00,    0.0000000000E+00,    0.0000000000E+00,    1.6085997558E+02
    131600,      0.676945,CP5_after_vdif,   1,    0.0000000000E+00,    1.6085997558E+02,    1.6085997558E+02,    0.0000000000E+00,    0.0000000000E+00,    0.0000000000E+00,    1.6085997558E+02
    131600,      0.676945,CP6_after_kinetics,   1,    0.0000000000E+00,    1.6085997558E+02,    1.6085997558E+02,    0.0000000000E+00,    0.0000000000E+00,    0.0000000000E+00,    1.6085997558E+02
    131600,      0.676945,CP7_after_upper_clamp,   1,    0.0000000000E+00,    1.6085997558E+02,    1.6085997558E+02,    0.0000000000E+00,    0.0000000000E+00,    0.0000000000E+00,    1.6085997558E+02
    131600,      0.676945,CP8_after_OBC,   1,    0.0000000000E+00,    1.6085997558E+02,    1.6085997558E+02,    0.0000000000E+00,    0.0000000000E+00,    0.0000000000E+00,    1.6085997558E+02
    131600,      0.676945,CP9_after_PTsource,   1,    0.0000000000E+00,    1.6085997558E+02,    1.6085997558E+02,    0.0000000000E+00,    0.0000000000E+00,    0.0000000000E+00,    1.6085997558E+02
    131600,      0.676945,CP10_after_neg_clamp,   1,    0.0000000000E+00,    1.6085997558E+02,    1.6085997558E+02,    0.0000000000E+00,    0.0000000000E+00,    0.0000000000E+00,    1.6085997558E+02
    131600,      0.676945,CP11_after_MPI,   1,    0.0000000000E+00,    1.6085997558E+02,    1.6085997558E+02,    0.0000000000E+00,    0.0000000000E+00,    0.0000000000E+00,    1.6085997558E+02
    131600,      0.676945,CP12_end,   1,    0.0000000000E+00,    1.6085997558E+02,    1.6085997558E+02,    0.0000000000E+00,    0.0000000000E+00,    0.0000000000E+00,    1.6085997558E+02
    131650,      0.676945,CP0_start,   1,    0.0000000000E+00,    1.6094276741E+02,    1.6094276741E+02,    0.0000000000E+00,    0.0000000000E+00,    0.0000000000E+00,    1.6094276741E+02
    131650,      0.676945,CP1_after_deposition,   1,    0.0000000000E+00,    1.6094276741E+02,    1.6094276741E+02,    0.0000000000E+00,    0.0000000000E+00,    0.0000000000E+00,    1.6094276741E+02
    131650,      0.676945,CP2_after_erosion,   1,    0.0000000000E+00,    1.6094276741E+02,    1.6094276741E+02,    0.0000000000E+00,    0.0000000000E+00,    0.0000000000E+00,    1.6094276741E+02
    131650,      0.676945,CP3_after_update_bottom,   1,    0.0000000000E+00,    1.6094276741E+02,    1.6094276741E+02,    0.0000000000E+00,    0.0000000000E+00,    0.0000000000E+00,    1.6094276741E+02
    131650,      0.676945,CP4_after_advection,   1,    0.0000000000E+00,    1.6094416175E+02,    1.6094416175E+02,    0.0000000000E+00,    0.0000000000E+00,    0.0000000000E+00,    1.6094416175E+02
    131650,      0.676945,CP5_after_vdif,   1,    0.0000000000E+00,    1.6094416175E+02,    1.6094416175E+02,    0.0000000000E+00,    0.0000000000E+00,    0.0000000000E+00,    1.6094416175E+02
    131650,      0.676945,CP6_after_kinetics,   1,    0.0000000000E+00,    1.6094416175E+02,    1.6094416175E+02,    0.0000000000E+00,    0.0000000000E+00,    0.0000000000E+00,    1.6094416175E+02
    131650,      0.676945,CP7_after_upper_clamp,   1,    0.0000000000E+00,    1.6094416175E+02,    1.6094416175E+02,    0.0000000000E+00,    0.0000000000E+00,    0.0000000000E+00,    1.6094416175E+02
    131650,      0.676945,CP8_after_OBC,   1,    0.0000000000E+00,    1.6094416175E+02,    1.6094416175E+02,    0.0000000000E+00,    0.0000000000E+00,    0.0000000000E+00,    1.6094416175E+02
    131650,      0.676945,CP9_after_PTsource,   1,    0.0000000000E+00,    1.6094416175E+02,    1.6094416175E+02,    0.0000000000E+00,    0.0000000000E+00,    0.0000000000E+00,    1.6094416175E+02
    131650,      0.676945,CP10_after_neg_clamp,   1,    0.0000000000E+00,    1.6094416175E+02,    1.6094416175E+02,    0.0000000000E+00,    0.0000000000E+00,    0.0000000000E+00,    1.6094416175E+02
    131650,      0.676945,CP11_after_MPI,   1,    0.0000000000E+00,    1.6094416175E+02,    1.6094416175E+02,    0.0000000000E+00,    0.0000000000E+00,    0.0000000000E+00,    1.6094416175E+02
    131650,      0.676945,CP12_end,   1,    0.0000000000E+00,    1.6094416175E+02,    1.6094416175E+02,    0.0000000000E+00,    0.0000000000E+00,    0.0000000000E+00,    1.6094416175E+02
    131700,      0.676945,CP0_start,   1,    0.0000000000E+00,    1.6102065622E+02,    1.6102065622E+02,    0.0000000000E+00,    0.0000000000E+00,    0.0000000000E+00,    1.6102065622E+02
    131700,      0.676945,CP1_after_deposition,   1,    0.0000000000E+00,    1.6102065622E+02,    1.6102065622E+02,    0.0000000000E+00,    0.0000000000E+00,    0.0000000000E+00,    1.6102065622E+02
    131700,      0.676945,CP2_after_erosion,   1,    0.0000000000E+00,    1.6102065622E+02,    1.6102065622E+02,    0.0000000000E+00,    0.0000000000E+00,    0.0000000000E+00,    1.6102065622E+02
    131700,      0.676945,CP3_after_update_bottom,   1,    0.0000000000E+00,    1.6102065622E+02,    1.6102065622E+02,    0.0000000000E+00,    0.0000000000E+00,    0.0000000000E+00,    1.6102065622E+02
    131700,      0.676945,CP4_after_advection,   1,    0.0000000000E+00,    1.6102188325E+02,    1.6102188325E+02,    0.0000000000E+00,    0.0000000000E+00,    0.0000000000E+00,    1.6102188325E+02
    131700,      0.676945,CP5_after_vdif,   1,    0.0000000000E+00,    1.6102188325E+02,    1.6102188325E+02,    0.0000000000E+00,    0.0000000000E+00,    0.0000000000E+00,    1.6102188325E+02
    131700,      0.676945,CP6_after_kinetics,   1,    0.0000000000E+00,    1.6102188325E+02,    1.6102188325E+02,    0.0000000000E+00,    0.0000000000E+00,    0.0000000000E+00,    1.6102188325E+02
    131700,      0.676945,CP7_after_upper_clamp,   1,    0.0000000000E+00,    1.6102188325E+02,    1.6102188325E+02,    0.0000000000E+00,    0.0000000000E+00,    0.0000000000E+00,    1.6102188325E+02
    131700,      0.676945,CP8_after_OBC,   1,    0.0000000000E+00,    1.6102188325E+02,    1.6102188325E+02,    0.0000000000E+00,    0.0000000000E+00,    0.0000000000E+00,    1.6102188325E+02
    131700,      0.676945,CP9_after_PTsource,   1,    0.0000000000E+00,    1.6102188325E+02,    1.6102188325E+02,    0.0000000000E+00,    0.0000000000E+00,    0.0000000000E+00,    1.6102188325E+02
    131700,      0.676945,CP10_after_neg_clamp,   1,    0.0000000000E+00,    1.6102188325E+02,    1.6102188325E+02,    0.0000000000E+00,    0.0000000000E+00,    0.0000000000E+00,    1.6102188325E+02
    131700,      0.676945,CP11_after_MPI,   1,    0.0000000000E+00,    1.6102188325E+02,    1.6102188325E+02,    0.0000000000E+00,    0.0000000000E+00,    0.0000000000E+00,    1.6102188325E+02
    131700,      0.676945,CP12_end,   1,    0.0000000000E+00,    1.6102188325E+02,    1.6102188325E+02,    0.0000000000E+00,    0.0000000000E+00,    0.0000000000E+00,    1.6102188325E+02
    131750,      0.676945,CP0_start,   1,    0.0000000000E+00,    1.6109253119E+02,    1.6109253119E+02,    0.0000000000E+00,    0.0000000000E+00,    0.0000000000E+00,    1.6109253119E+02
    131750,      0.676945,CP1_after_deposition,   1,    0.0000000000E+00,    1.6109253119E+02,    1.6109253119E+02,    0.0000000000E+00,    0.0000000000E+00,    0.0000000000E+00,    1.6109253119E+02
    131750,      0.676945,CP2_after_erosion,   1,    0.0000000000E+00,    1.6109253119E+02,    1.6109253119E+02,    0.0000000000E+00,    0.0000000000E+00,    0.0000000000E+00,    1.6109253119E+02
    131750,      0.676945,CP3_after_update_bottom,   1,    0.0000000000E+00,    1.6109253119E+02,    1.6109253119E+02,    0.0000000000E+00,    0.0000000000E+00,    0.0000000000E+00,    1.6109253119E+02
    131750,      0.676945,CP4_after_advection,   1,    0.0000000000E+00,    1.6109360466E+02,    1.6109360466E+02,    0.0000000000E+00,    0.0000000000E+00,    0.0000000000E+00,    1.6109360466E+02
    131750,      0.676945,CP5_after_vdif,   1,    0.0000000000E+00,    1.6109360466E+02,    1.6109360466E+02,    0.0000000000E+00,    0.0000000000E+00,    0.0000000000E+00,    1.6109360466E+02
    131750,      0.676945,CP6_after_kinetics,   1,    0.0000000000E+00,    1.6109360466E+02,    1.6109360466E+02,    0.0000000000E+00,    0.0000000000E+00,    0.0000000000E+00,    1.6109360466E+02
    131750,      0.676945,CP7_after_upper_clamp,   1,    0.0000000000E+00,    1.6109360466E+02,    1.6109360466E+02,    0.0000000000E+00,    0.0000000000E+00,    0.0000000000E+00,    1.6109360466E+02
    131750,      0.676945,CP8_after_OBC,   1,    0.0000000000E+00,    1.6109360466E+02,    1.6109360466E+02,    0.0000000000E+00,    0.0000000000E+00,    0.0000000000E+00,    1.6109360466E+02
    131750,      0.676945,CP9_after_PTsource,   1,    0.0000000000E+00,    1.6109360466E+02,    1.6109360466E+02,    0.0000000000E+00,    0.0000000000E+00,    0.0000000000E+00,    1.6109360466E+02
    131750,      0.676945,CP10_after_neg_clamp,   1,    0.0000000000E+00,    1.6109360466E+02,    1.6109360466E+02,    0.0000000000E+00,    0.0000000000E+00,    0.0000000000E+00,    1.6109360466E+02
    131750,      0.676945,CP11_after_MPI,   1,    0.0000000000E+00,    1.6109360466E+02,    1.6109360466E+02,    0.0000000000E+00,    0.0000000000E+00,    0.0000000000E+00,    1.6109360466E+02
    131750,      0.676945,CP12_end,   1,    0.0000000000E+00,    1.6109360466E+02,    1.6109360466E+02,    0.0000000000E+00,    0.0000000000E+00,    0.0000000000E+00,    1.6109360466E+02
    131800,      0.676945,CP0_start,   1,    0.0000000000E+00,    1.6115929760E+02,    1.6115929760E+02,    0.0000000000E+00,    0.0000000000E+00,    0.0000000000E+00,    1.6115929760E+02
    131800,      0.676945,CP1_after_deposition,   1,    0.0000000000E+00,    1.6115929760E+02,    1.6115929760E+02,    0.0000000000E+00,    0.0000000000E+00,    0.0000000000E+00,    1.6115929760E+02
    131800,      0.676945,CP2_after_erosion,   1,    0.0000000000E+00,    1.6115929760E+02,    1.6115929760E+02,    0.0000000000E+00,    0.0000000000E+00,    0.0000000000E+00,    1.6115929760E+02
    131800,      0.676945,CP3_after_update_bottom,   1,    0.0000000000E+00,    1.6115929760E+02,    1.6115929760E+02,    0.0000000000E+00,    0.0000000000E+00,    0.0000000000E+00,    1.6115929760E+02
    131800,      0.676945,CP4_after_advection,   1,    0.0000000000E+00,    1.6116024060E+02,    1.6116024060E+02,    0.0000000000E+00,    0.0000000000E+00,    0.0000000000E+00,    1.6116024060E+02
    131800,      0.676945,CP5_after_vdif,   1,    0.0000000000E+00,    1.6116024060E+02,    1.6116024060E+02,    0.0000000000E+00,    0.0000000000E+00,    0.0000000000E+00,    1.6116024060E+02
    131800,      0.676945,CP6_after_kinetics,   1,    0.0000000000E+00,    1.6116024060E+02,    1.6116024060E+02,    0.0000000000E+00,    0.0000000000E+00,    0.0000000000E+00,    1.6116024060E+02
    131800,      0.676945,CP7_after_upper_clamp,   1,    0.0000000000E+00,    1.6116024060E+02,    1.6116024060E+02,    0.0000000000E+00,    0.0000000000E+00,    0.0000000000E+00,    1.6116024060E+02
    131800,      0.676945,CP8_after_OBC,   1,    0.0000000000E+00,    1.6116024060E+02,    1.6116024060E+02,    0.0000000000E+00,    0.0000000000E+00,    0.0000000000E+00,    1.6116024060E+02
    131800,      0.676945,CP9_after_PTsource,   1,    0.0000000000E+00,    1.6116024060E+02,    1.6116024060E+02,    0.0000000000E+00,    0.0000000000E+00,    0.0000000000E+00,    1.6116024060E+02
    131800,      0.676945,CP10_after_neg_clamp,   1,    0.0000000000E+00,    1.6116024060E+02,    1.6116024060E+02,    0.0000000000E+00,    0.0000000000E+00,    0.0000000000E+00,    1.6116024060E+02
    131800,      0.676945,CP11_after_MPI,   1,    0.0000000000E+00,    1.6116024060E+02,    1.6116024060E+02,    0.0000000000E+00,    0.0000000000E+00,    0.0000000000E+00,    1.6116024060E+02
    131800,      0.676945,CP12_end,   1,    0.0000000000E+00,    1.6116024060E+02,    1.6116024060E+02,    0.0000000000E+00,    0.0000000000E+00,    0.0000000000E+00,    1.6116024060E+02
    131850,      0.676945,CP0_start,   1,    0.0000000000E+00,    1.6122228135E+02,    1.6122228135E+02,    0.0000000000E+00,    0.0000000000E+00,    0.0000000000E+00,    1.6122228135E+02
    131850,      0.676945,CP1_after_deposition,   1,    0.0000000000E+00,    1.6122228135E+02,    1.6122228135E+02,    0.0000000000E+00,    0.0000000000E+00,    0.0000000000E+00,    1.6122228135E+02
    131850,      0.676945,CP2_after_erosion,   1,    0.0000000000E+00,    1.6122228135E+02,    1.6122228135E+02,    0.0000000000E+00,    0.0000000000E+00,    0.0000000000E+00,    1.6122228135E+02
    131850,      0.676945,CP3_after_update_bottom,   1,    0.0000000000E+00,    1.6122228135E+02,    1.6122228135E+02,    0.0000000000E+00,    0.0000000000E+00,    0.0000000000E+00,    1.6122228135E+02
    131850,      0.676945,CP4_after_advection,   1,    0.0000000000E+00,    1.6122312162E+02,    1.6122312162E+02,    0.0000000000E+00,    0.0000000000E+00,    0.0000000000E+00,    1.6122312162E+02
    131850,      0.676945,CP5_after_vdif,   1,    0.0000000000E+00,    1.6122312162E+02,    1.6122312162E+02,    0.0000000000E+00,    0.0000000000E+00,    0.0000000000E+00,    1.6122312162E+02
    131850,      0.676945,CP6_after_kinetics,   1,    0.0000000000E+00,    1.6122312162E+02,    1.6122312162E+02,    0.0000000000E+00,    0.0000000000E+00,    0.0000000000E+00,    1.6122312162E+02
    131850,      0.676945,CP7_after_upper_clamp,   1,    0.0000000000E+00,    1.6122312162E+02,    1.6122312162E+02,    0.0000000000E+00,    0.0000000000E+00,    0.0000000000E+00,    1.6122312162E+02
    131850,      0.676945,CP8_after_OBC,   1,    0.0000000000E+00,    1.6122312162E+02,    1.6122312162E+02,    0.0000000000E+00,    0.0000000000E+00,    0.0000000000E+00,    1.6122312162E+02
    131850,      0.676945,CP9_after_PTsource,   1,    0.0000000000E+00,    1.6122312162E+02,    1.6122312162E+02,    0.0000000000E+00,    0.0000000000E+00,    0.0000000000E+00,    1.6122312162E+02
    131850,      0.676945,CP10_after_neg_clamp,   1,    0.0000000000E+00,    1.6122312162E+02,    1.6122312162E+02,    0.0000000000E+00,    0.0000000000E+00,    0.0000000000E+00,    1.6122312162E+02
    131850,      0.676945,CP11_after_MPI,   1,    0.0000000000E+00,    1.6122312162E+02,    1.6122312162E+02,    0.0000000000E+00,    0.0000000000E+00,    0.0000000000E+00,    1.6122312162E+02
    131850,      0.676945,CP12_end,   1,    0.0000000000E+00,    1.6122312162E+02,    1.6122312162E+02,    0.0000000000E+00,    0.0000000000E+00,    0.0000000000E+00,    1.6122312162E+02
    131900,      0.676945,CP0_start,   1,    0.0000000000E+00,    1.6128307625E+02,    1.6128307625E+02,    0.0000000000E+00,    0.0000000000E+00,    0.0000000000E+00,    1.6128307625E+02
    131900,      0.676945,CP1_after_deposition,   1,    0.0000000000E+00,    1.6128307625E+02,    1.6128307625E+02,    0.0000000000E+00,    0.0000000000E+00,    0.0000000000E+00,    1.6128307625E+02
    131900,      0.676945,CP2_after_erosion,   1,    0.0000000000E+00,    1.6128307625E+02,    1.6128307625E+02,    0.0000000000E+00,    0.0000000000E+00,    0.0000000000E+00,    1.6128307625E+02
    131900,      0.676945,CP3_after_update_bottom,   1,    0.0000000000E+00,    1.6128307625E+02,    1.6128307625E+02,    0.0000000000E+00,    0.0000000000E+00,    0.0000000000E+00,    1.6128307625E+02
    131900,      0.676945,CP4_after_advection,   1,    0.0000000000E+00,    1.6128384703E+02,    1.6128384703E+02,    0.0000000000E+00,    0.0000000000E+00,    0.0000000000E+00,    1.6128384703E+02
    131900,      0.676945,CP5_after_vdif,   1,    0.0000000000E+00,    1.6128384703E+02,    1.6128384703E+02,    0.0000000000E+00,    0.0000000000E+00,    0.0000000000E+00,    1.6128384703E+02
    131900,      0.676945,CP6_after_kinetics,   1,    0.0000000000E+00,    1.6128384703E+02,    1.6128384703E+02,    0.0000000000E+00,    0.0000000000E+00,    0.0000000000E+00,    1.6128384703E+02
    131900,      0.676945,CP7_after_upper_clamp,   1,    0.0000000000E+00,    1.6128384703E+02,    1.6128384703E+02,    0.0000000000E+00,    0.0000000000E+00,    0.0000000000E+00,    1.6128384703E+02
    131900,      0.676945,CP8_after_OBC,   1,    0.0000000000E+00,    1.6128384703E+02,    1.6128384703E+02,    0.0000000000E+00,    0.0000000000E+00,    0.0000000000E+00,    1.6128384703E+02
    131900,      0.676945,CP9_after_PTsource,   1,    0.0000000000E+00,    1.6128384703E+02,    1.6128384703E+02,    0.0000000000E+00,    0.0000000000E+00,    0.0000000000E+00,    1.6128384703E+02
    131900,      0.676945,CP10_after_neg_clamp,   1,    0.0000000000E+00,    1.6128384703E+02,    1.6128384703E+02,    0.0000000000E+00,    0.0000000000E+00,    0.0000000000E+00,    1.6128384703E+02
    131900,      0.676945,CP11_after_MPI,   1,    0.0000000000E+00,    1.6128384703E+02,    1.6128384703E+02,    0.0000000000E+00,    0.0000000000E+00,    0.0000000000E+00,    1.6128384703E+02
    131900,      0.676945,CP12_end,   1,    0.0000000000E+00,    1.6128384703E+02,    1.6128384703E+02,    0.0000000000E+00,    0.0000000000E+00,    0.0000000000E+00,    1.6128384703E+02
    131950,      0.676945,CP0_start,   1,    0.0000000000E+00,    1.6134327308E+02,    1.6134327308E+02,    0.0000000000E+00,    0.0000000000E+00,    0.0000000000E+00,    1.6134327308E+02
    131950,      0.676945,CP1_after_deposition,   1,    0.0000000000E+00,    1.6134327308E+02,    1.6134327308E+02,    0.0000000000E+00,    0.0000000000E+00,    0.0000000000E+00,    1.6134327308E+02
    131950,      0.676945,CP2_after_erosion,   1,    0.0000000000E+00,    1.6134327308E+02,    1.6134327308E+02,    0.0000000000E+00,    0.0000000000E+00,    0.0000000000E+00,    1.6134327308E+02
    131950,      0.676945,CP3_after_update_bottom,   1,    0.0000000000E+00,    1.6134327308E+02,    1.6134327308E+02,    0.0000000000E+00,    0.0000000000E+00,    0.0000000000E+00,    1.6134327308E+02
    131950,      0.676945,CP4_after_advection,   1,    0.0000000000E+00,    1.6134400106E+02,    1.6134400106E+02,    0.0000000000E+00,    0.0000000000E+00,    0.0000000000E+00,    1.6134400106E+02
    131950,      0.676945,CP5_after_vdif,   1,    0.0000000000E+00,    1.6134400106E+02,    1.6134400106E+02,    0.0000000000E+00,    0.0000000000E+00,    0.0000000000E+00,    1.6134400106E+02
    131950,      0.676945,CP6_after_kinetics,   1,    0.0000000000E+00,    1.6134400106E+02,    1.6134400106E+02,    0.0000000000E+00,    0.0000000000E+00,    0.0000000000E+00,    1.6134400106E+02
    131950,      0.676945,CP7_after_upper_clamp,   1,    0.0000000000E+00,    1.6134400106E+02,    1.6134400106E+02,    0.0000000000E+00,    0.0000000000E+00,    0.0000000000E+00,    1.6134400106E+02
    131950,      0.676945,CP8_after_OBC,   1,    0.0000000000E+00,    1.6134400106E+02,    1.6134400106E+02,    0.0000000000E+00,    0.0000000000E+00,    0.0000000000E+00,    1.6134400106E+02
    131950,      0.676945,CP9_after_PTsource,   1,    0.0000000000E+00,    1.6134400106E+02,    1.6134400106E+02,    0.0000000000E+00,    0.0000000000E+00,    0.0000000000E+00,    1.6134400106E+02
    131950,      0.676945,CP10_after_neg_clamp,   1,    0.0000000000E+00,    1.6134400106E+02,    1.6134400106E+02,    0.0000000000E+00,    0.0000000000E+00,    0.0000000000E+00,    1.6134400106E+02
    131950,      0.676945,CP11_after_MPI,   1,    0.0000000000E+00,    1.6134400106E+02,    1.6134400106E+02,    0.0000000000E+00,    0.0000000000E+00,    0.0000000000E+00,    1.6134400106E+02
    131950,      0.676945,CP12_end,   1,    0.0000000000E+00,    1.6134400106E+02,    1.6134400106E+02,    0.0000000000E+00,    0.0000000000E+00,    0.0000000000E+00,    1.6134400106E+02
    132000,      0.676945,CP0_start,   1,    0.0000000000E+00,    1.6140419263E+02,    1.6140419263E+02,    0.0000000000E+00,    0.0000000000E+00,    0.0000000000E+00,    1.6140419263E+02
    132000,      0.676945,CP1_after_deposition,   1,    0.0000000000E+00,    1.6140419263E+02,    1.6140419263E+02,    0.0000000000E+00,    0.0000000000E+00,    0.0000000000E+00,    1.6140419263E+02
    132000,      0.676945,CP2_after_erosion,   1,    0.0000000000E+00,    1.6140419263E+02,    1.6140419263E+02,    0.0000000000E+00,    0.0000000000E+00,    0.0000000000E+00,    1.6140419263E+02
    132000,      0.676945,CP3_after_update_bottom,   1,    0.0000000000E+00,    1.6140419263E+02,    1.6140419263E+02,    0.0000000000E+00,    0.0000000000E+00,    0.0000000000E+00,    1.6140419263E+02
    132000,      0.676945,CP4_after_advection,   1,    0.0000000000E+00,    1.6140489727E+02,    1.6140489727E+02,    0.0000000000E+00,    0.0000000000E+00,    0.0000000000E+00,    1.6140489727E+02
    132000,      0.676945,CP5_after_vdif,   1,    0.0000000000E+00,    1.6140489727E+02,    1.6140489727E+02,    0.0000000000E+00,    0.0000000000E+00,    0.0000000000E+00,    1.6140489727E+02
    132000,      0.676945,CP6_after_kinetics,   1,    0.0000000000E+00,    1.6140489727E+02,    1.6140489727E+02,    0.0000000000E+00,    0.0000000000E+00,    0.0000000000E+00,    1.6140489727E+02
    132000,      0.676945,CP7_after_upper_clamp,   1,    0.0000000000E+00,    1.6140489727E+02,    1.6140489727E+02,    0.0000000000E+00,    0.0000000000E+00,    0.0000000000E+00,    1.6140489727E+02
    132000,      0.676945,CP8_after_OBC,   1,    0.0000000000E+00,    1.6140489727E+02,    1.6140489727E+02,    0.0000000000E+00,    0.0000000000E+00,    0.0000000000E+00,    1.6140489727E+02
    132000,      0.676945,CP9_after_PTsource,   1,    0.0000000000E+00,    1.6140489727E+02,    1.6140489727E+02,    0.0000000000E+00,    0.0000000000E+00,    0.0000000000E+00,    1.6140489727E+02
    132000,      0.676945,CP10_after_neg_clamp,   1,    0.0000000000E+00,    1.6140489727E+02,    1.6140489727E+02,    0.0000000000E+00,    0.0000000000E+00,    0.0000000000E+00,    1.6140489727E+02
    132000,      0.676945,CP11_after_MPI,   1,    0.0000000000E+00,    1.6140489727E+02,    1.6140489727E+02,    0.0000000000E+00,    0.0000000000E+00,    0.0000000000E+00,    1.6140489727E+02
    132000,      0.676945,CP12_end,   1,    0.0000000000E+00,    1.6140489727E+02,    1.6140489727E+02,    0.0000000000E+00,    0.0000000000E+00,    0.0000000000E+00,    1.6140489727E+02
    132050,      0.676945,CP0_start,   1,    0.0000000000E+00,    1.6146675505E+02,    1.6146675505E+02,    0.0000000000E+00,    0.0000000000E+00,    0.0000000000E+00,    1.6146675505E+02
    132050,      0.676945,CP1_after_deposition,   1,    0.0000000000E+00,    1.6146675505E+02,    1.6146675505E+02,    0.0000000000E+00,    0.0000000000E+00,    0.0000000000E+00,    1.6146675505E+02
    132050,      0.676945,CP2_after_erosion,   1,    0.0000000000E+00,    1.6146675505E+02,    1.6146675505E+02,    0.0000000000E+00,    0.0000000000E+00,    0.0000000000E+00,    1.6146675505E+02
    132050,      0.676945,CP3_after_update_bottom,   1,    0.0000000000E+00,    1.6146675505E+02,    1.6146675505E+02,    0.0000000000E+00,    0.0000000000E+00,    0.0000000000E+00,    1.6146675505E+02
    132050,      0.676945,CP4_after_advection,   1,    0.0000000000E+00,    1.6146745181E+02,    1.6146745181E+02,    0.0000000000E+00,    0.0000000000E+00,    0.0000000000E+00,    1.6146745181E+02
    132050,      0.676945,CP5_after_vdif,   1,    0.0000000000E+00,    1.6146745181E+02,    1.6146745181E+02,    0.0000000000E+00,    0.0000000000E+00,    0.0000000000E+00,    1.6146745181E+02
    132050,      0.676945,CP6_after_kinetics,   1,    0.0000000000E+00,    1.6146745181E+02,    1.6146745181E+02,    0.0000000000E+00,    0.0000000000E+00,    0.0000000000E+00,    1.6146745181E+02
    132050,      0.676945,CP7_after_upper_clamp,   1,    0.0000000000E+00,    1.6146745181E+02,    1.6146745181E+02,    0.0000000000E+00,    0.0000000000E+00,    0.0000000000E+00,    1.6146745181E+02
    132050,      0.676945,CP8_after_OBC,   1,    0.0000000000E+00,    1.6146745181E+02,    1.6146745181E+02,    0.0000000000E+00,    0.0000000000E+00,    0.0000000000E+00,    1.6146745181E+02
    132050,      0.676945,CP9_after_PTsource,   1,    0.0000000000E+00,    1.6146745181E+02,    1.6146745181E+02,    0.0000000000E+00,    0.0000000000E+00,    0.0000000000E+00,    1.6146745181E+02
    132050,      0.676945,CP10_after_neg_clamp,   1,    0.0000000000E+00,    1.6146745181E+02,    1.6146745181E+02,    0.0000000000E+00,    0.0000000000E+00,    0.0000000000E+00,    1.6146745181E+02
    132050,      0.676945,CP11_after_MPI,   1,    0.0000000000E+00,    1.6146745181E+02,    1.6146745181E+02,    0.0000000000E+00,    0.0000000000E+00,    0.0000000000E+00,    1.6146745181E+02
    132050,      0.676945,CP12_end,   1,    0.0000000000E+00,    1.6146745181E+02,    1.6146745181E+02,    0.0000000000E+00,    0.0000000000E+00,    0.0000000000E+00,    1.6146745181E+02
    132100,      0.676945,CP0_start,   1,    0.0000000000E+00,    1.6153174942E+02,    1.6153174942E+02,    0.0000000000E+00,    0.0000000000E+00,    0.0000000000E+00,    1.6153174942E+02
    132100,      0.676945,CP1_after_deposition,   1,    0.0000000000E+00,    1.6153174942E+02,    1.6153174942E+02,    0.0000000000E+00,    0.0000000000E+00,    0.0000000000E+00,    1.6153174942E+02
    132100,      0.676945,CP2_after_erosion,   1,    0.0000000000E+00,    1.6153174942E+02,    1.6153174942E+02,    0.0000000000E+00,    0.0000000000E+00,    0.0000000000E+00,    1.6153174942E+02
    132100,      0.676945,CP3_after_update_bottom,   1,    0.0000000000E+00,    1.6153174942E+02,    1.6153174942E+02,    0.0000000000E+00,    0.0000000000E+00,    0.0000000000E+00,    1.6153174942E+02
    132100,      0.676945,CP4_after_advection,   1,    0.0000000000E+00,    1.6153244722E+02,    1.6153244722E+02,    0.0000000000E+00,    0.0000000000E+00,    0.0000000000E+00,    1.6153244722E+02
    132100,      0.676945,CP5_after_vdif,   1,    0.0000000000E+00,    1.6153244722E+02,    1.6153244722E+02,    0.0000000000E+00,    0.0000000000E+00,    0.0000000000E+00,    1.6153244722E+02
    132100,      0.676945,CP6_after_kinetics,   1,    0.0000000000E+00,    1.6153244722E+02,    1.6153244722E+02,    0.0000000000E+00,    0.0000000000E+00,    0.0000000000E+00,    1.6153244722E+02
    132100,      0.676945,CP7_after_upper_clamp,   1,    0.0000000000E+00,    1.6153244722E+02,    1.6153244722E+02,    0.0000000000E+00,    0.0000000000E+00,    0.0000000000E+00,    1.6153244722E+02
    132100,      0.676945,CP8_after_OBC,   1,    0.0000000000E+00,    1.6153244722E+02,    1.6153244722E+02,    0.0000000000E+00,    0.0000000000E+00,    0.0000000000E+00,    1.6153244722E+02
    132100,      0.676945,CP9_after_PTsource,   1,    0.0000000000E+00,    1.6153244722E+02,    1.6153244722E+02,    0.0000000000E+00,    0.0000000000E+00,    0.0000000000E+00,    1.6153244722E+02
    132100,      0.676945,CP10_after_neg_clamp,   1,    0.0000000000E+00,    1.6153244722E+02,    1.6153244722E+02,    0.0000000000E+00,    0.0000000000E+00,    0.0000000000E+00,    1.6153244722E+02
    132100,      0.676945,CP11_after_MPI,   1,    0.0000000000E+00,    1.6153244722E+02,    1.6153244722E+02,    0.0000000000E+00,    0.0000000000E+00,    0.0000000000E+00,    1.6153244722E+02
    132100,      0.676945,CP12_end,   1,    0.0000000000E+00,    1.6153244722E+02,    1.6153244722E+02,    0.0000000000E+00,    0.0000000000E+00,    0.0000000000E+00,    1.6153244722E+02
    132150,      0.676945,CP0_start,   1,    0.0000000000E+00,    1.6159988648E+02,    1.6159988648E+02,    0.0000000000E+00,    0.0000000000E+00,    0.0000000000E+00,    1.6159988648E+02
    132150,      0.676945,CP1_after_deposition,   1,    0.0000000000E+00,    1.6159988648E+02,    1.6159988648E+02,    0.0000000000E+00,    0.0000000000E+00,    0.0000000000E+00,    1.6159988648E+02
    132150,      0.676945,CP2_after_erosion,   1,    0.0000000000E+00,    1.6159988648E+02,    1.6159988648E+02,    0.0000000000E+00,    0.0000000000E+00,    0.0000000000E+00,    1.6159988648E+02
    132150,      0.676945,CP3_after_update_bottom,   1,    0.0000000000E+00,    1.6159988648E+02,    1.6159988648E+02,    0.0000000000E+00,    0.0000000000E+00,    0.0000000000E+00,    1.6159988648E+02
    132150,      0.676945,CP4_after_advection,   1,    0.0000000000E+00,    1.6160059496E+02,    1.6160059496E+02,    0.0000000000E+00,    0.0000000000E+00,    0.0000000000E+00,    1.6160059496E+02
    132150,      0.676945,CP5_after_vdif,   1,    0.0000000000E+00,    1.6160059496E+02,    1.6160059496E+02,    0.0000000000E+00,    0.0000000000E+00,    0.0000000000E+00,    1.6160059496E+02
    132150,      0.676945,CP6_after_kinetics,   1,    0.0000000000E+00,    1.6160059496E+02,    1.6160059496E+02,    0.0000000000E+00,    0.0000000000E+00,    0.0000000000E+00,    1.6160059496E+02
    132150,      0.676945,CP7_after_upper_clamp,   1,    0.0000000000E+00,    1.6160059496E+02,    1.6160059496E+02,    0.0000000000E+00,    0.0000000000E+00,    0.0000000000E+00,    1.6160059496E+02
    132150,      0.676945,CP8_after_OBC,   1,    0.0000000000E+00,    1.6160059496E+02,    1.6160059496E+02,    0.0000000000E+00,    0.0000000000E+00,    0.0000000000E+00,    1.6160059496E+02
    132150,      0.676945,CP9_after_PTsource,   1,    0.0000000000E+00,    1.6160059496E+02,    1.6160059496E+02,    0.0000000000E+00,    0.0000000000E+00,    0.0000000000E+00,    1.6160059496E+02
    132150,      0.676945,CP10_after_neg_clamp,   1,    0.0000000000E+00,    1.6160059496E+02,    1.6160059496E+02,    0.0000000000E+00,    0.0000000000E+00,    0.0000000000E+00,    1.6160059496E+02
    132150,      0.676945,CP11_after_MPI,   1,    0.0000000000E+00,    1.6160059496E+02,    1.6160059496E+02,    0.0000000000E+00,    0.0000000000E+00,    0.0000000000E+00,    1.6160059496E+02
    132150,      0.676945,CP12_end,   1,    0.0000000000E+00,    1.6160059496E+02,    1.6160059496E+02,    0.0000000000E+00,    0.0000000000E+00,    0.0000000000E+00,    1.6160059496E+02
    132200,      0.676945,CP0_start,   1,    0.0000000000E+00,    1.6167196406E+02,    1.6167196406E+02,    0.0000000000E+00,    0.0000000000E+00,    0.0000000000E+00,    1.6167196406E+02
    132200,      0.676945,CP1_after_deposition,   1,    0.0000000000E+00,    1.6167196406E+02,    1.6167196406E+02,    0.0000000000E+00,    0.0000000000E+00,    0.0000000000E+00,    1.6167196406E+02
    132200,      0.676945,CP2_after_erosion,   1,    0.0000000000E+00,    1.6167196406E+02,    1.6167196406E+02,    0.0000000000E+00,    0.0000000000E+00,    0.0000000000E+00,    1.6167196406E+02
    132200,      0.676945,CP3_after_update_bottom,   1,    0.0000000000E+00,    1.6167196406E+02,    1.6167196406E+02,    0.0000000000E+00,    0.0000000000E+00,    0.0000000000E+00,    1.6167196406E+02
    132200,      0.676945,CP4_after_advection,   1,    0.0000000000E+00,    1.6167269563E+02,    1.6167269563E+02,    0.0000000000E+00,    0.0000000000E+00,    0.0000000000E+00,    1.6167269563E+02
    132200,      0.676945,CP5_after_vdif,   1,    0.0000000000E+00,    1.6167269563E+02,    1.6167269563E+02,    0.0000000000E+00,    0.0000000000E+00,    0.0000000000E+00,    1.6167269563E+02
    132200,      0.676945,CP6_after_kinetics,   1,    0.0000000000E+00,    1.6167269563E+02,    1.6167269563E+02,    0.0000000000E+00,    0.0000000000E+00,    0.0000000000E+00,    1.6167269563E+02
    132200,      0.676945,CP7_after_upper_clamp,   1,    0.0000000000E+00,    1.6167269563E+02,    1.6167269563E+02,    0.0000000000E+00,    0.0000000000E+00,    0.0000000000E+00,    1.6167269563E+02
    132200,      0.676945,CP8_after_OBC,   1,    0.0000000000E+00,    1.6167269563E+02,    1.6167269563E+02,    0.0000000000E+00,    0.0000000000E+00,    0.0000000000E+00,    1.6167269563E+02
    132200,      0.676945,CP9_after_PTsource,   1,    0.0000000000E+00,    1.6167269563E+02,    1.6167269563E+02,    0.0000000000E+00,    0.0000000000E+00,    0.0000000000E+00,    1.6167269563E+02
    132200,      0.676945,CP10_after_neg_clamp,   1,    0.0000000000E+00,    1.6167269563E+02,    1.6167269563E+02,    0.0000000000E+00,    0.0000000000E+00,    0.0000000000E+00,    1.6167269563E+02
    132200,      0.676945,CP11_after_MPI,   1,    0.0000000000E+00,    1.6167269563E+02,    1.6167269563E+02,    0.0000000000E+00,    0.0000000000E+00,    0.0000000000E+00,    1.6167269563E+02
    132200,      0.676945,CP12_end,   1,    0.0000000000E+00,    1.6167269563E+02,    1.6167269563E+02,    0.0000000000E+00,    0.0000000000E+00,    0.0000000000E+00,    1.6167269563E+02
    132250,      0.676945,CP0_start,   1,    0.0000000000E+00,    1.6174907826E+02,    1.6174907826E+02,    0.0000000000E+00,    0.0000000000E+00,    0.0000000000E+00,    1.6174907826E+02
    132250,      0.676945,CP1_after_deposition,   1,    0.0000000000E+00,    1.6174907826E+02,    1.6174907826E+02,    0.0000000000E+00,    0.0000000000E+00,    0.0000000000E+00,    1.6174907826E+02
    132250,      0.676945,CP2_after_erosion,   1,    0.0000000000E+00,    1.6174907826E+02,    1.6174907826E+02,    0.0000000000E+00,    0.0000000000E+00,    0.0000000000E+00,    1.6174907826E+02
    132250,      0.676945,CP3_after_update_bottom,   1,    0.0000000000E+00,    1.6174907826E+02,    1.6174907826E+02,    0.0000000000E+00,    0.0000000000E+00,    0.0000000000E+00,    1.6174907826E+02
    132250,      0.676945,CP4_after_advection,   1,    0.0000000000E+00,    1.6174985244E+02,    1.6174985244E+02,    0.0000000000E+00,    0.0000000000E+00,    0.0000000000E+00,    1.6174985244E+02
    132250,      0.676945,CP5_after_vdif,   1,    0.0000000000E+00,    1.6174985244E+02,    1.6174985244E+02,    0.0000000000E+00,    0.0000000000E+00,    0.0000000000E+00,    1.6174985244E+02
    132250,      0.676945,CP6_after_kinetics,   1,    0.0000000000E+00,    1.6174985244E+02,    1.6174985244E+02,    0.0000000000E+00,    0.0000000000E+00,    0.0000000000E+00,    1.6174985244E+02
    132250,      0.676945,CP7_after_upper_clamp,   1,    0.0000000000E+00,    1.6174985244E+02,    1.6174985244E+02,    0.0000000000E+00,    0.0000000000E+00,    0.0000000000E+00,    1.6174985244E+02
    132250,      0.676945,CP8_after_OBC,   1,    0.0000000000E+00,    1.6174985244E+02,    1.6174985244E+02,    0.0000000000E+00,    0.0000000000E+00,    0.0000000000E+00,    1.6174985244E+02
    132250,      0.676945,CP9_after_PTsource,   1,    0.0000000000E+00,    1.6174985244E+02,    1.6174985244E+02,    0.0000000000E+00,    0.0000000000E+00,    0.0000000000E+00,    1.6174985244E+02
    132250,      0.676945,CP10_after_neg_clamp,   1,    0.0000000000E+00,    1.6174985244E+02,    1.6174985244E+02,    0.0000000000E+00,    0.0000000000E+00,    0.0000000000E+00,    1.6174985244E+02
    132250,      0.676945,CP11_after_MPI,   1,    0.0000000000E+00,    1.6174985244E+02,    1.6174985244E+02,    0.0000000000E+00,    0.0000000000E+00,    0.0000000000E+00,    1.6174985244E+02
    132250,      0.676945,CP12_end,   1,    0.0000000000E+00,    1.6174985244E+02,    1.6174985244E+02,    0.0000000000E+00,    0.0000000000E+00,    0.0000000000E+00,    1.6174985244E+02
    132300,      0.676945,CP0_start,   1,    0.0000000000E+00,    1.6183254723E+02,    1.6183254723E+02,    0.0000000000E+00,    0.0000000000E+00,    0.0000000000E+00,    1.6183254723E+02
    132300,      0.676945,CP1_after_deposition,   1,    0.0000000000E+00,    1.6183254723E+02,    1.6183254723E+02,    0.0000000000E+00,    0.0000000000E+00,    0.0000000000E+00,    1.6183254723E+02
    132300,      0.676945,CP2_after_erosion,   1,    0.0000000000E+00,    1.6183254723E+02,    1.6183254723E+02,    0.0000000000E+00,    0.0000000000E+00,    0.0000000000E+00,    1.6183254723E+02
    132300,      0.676945,CP3_after_update_bottom,   1,    0.0000000000E+00,    1.6183254723E+02,    1.6183254723E+02,    0.0000000000E+00,    0.0000000000E+00,    0.0000000000E+00,    1.6183254723E+02
    132300,      0.676945,CP4_after_advection,   1,    0.0000000000E+00,    1.6183338296E+02,    1.6183338296E+02,    0.0000000000E+00,    0.0000000000E+00,    0.0000000000E+00,    1.6183338296E+02
    132300,      0.676945,CP5_after_vdif,   1,    0.0000000000E+00,    1.6183338296E+02,    1.6183338296E+02,    0.0000000000E+00,    0.0000000000E+00,    0.0000000000E+00,    1.6183338296E+02
    132300,      0.676945,CP6_after_kinetics,   1,    0.0000000000E+00,    1.6183338296E+02,    1.6183338296E+02,    0.0000000000E+00,    0.0000000000E+00,    0.0000000000E+00,    1.6183338296E+02
    132300,      0.676945,CP7_after_upper_clamp,   1,    0.0000000000E+00,    1.6183338296E+02,    1.6183338296E+02,    0.0000000000E+00,    0.0000000000E+00,    0.0000000000E+00,    1.6183338296E+02
    132300,      0.676945,CP8_after_OBC,   1,    0.0000000000E+00,    1.6183338296E+02,    1.6183338296E+02,    0.0000000000E+00,    0.0000000000E+00,    0.0000000000E+00,    1.6183338296E+02
    132300,      0.676945,CP9_after_PTsource,   1,    0.0000000000E+00,    1.6183338296E+02,    1.6183338296E+02,    0.0000000000E+00,    0.0000000000E+00,    0.0000000000E+00,    1.6183338296E+02
    132300,      0.676945,CP10_after_neg_clamp,   1,    0.0000000000E+00,    1.6183338296E+02,    1.6183338296E+02,    0.0000000000E+00,    0.0000000000E+00,    0.0000000000E+00,    1.6183338296E+02
    132300,      0.676945,CP11_after_MPI,   1,    0.0000000000E+00,    1.6183338296E+02,    1.6183338296E+02,    0.0000000000E+00,    0.0000000000E+00,    0.0000000000E+00,    1.6183338296E+02
    132300,      0.676945,CP12_end,   1,    0.0000000000E+00,    1.6183338296E+02,    1.6183338296E+02,    0.0000000000E+00,    0.0000000000E+00,    0.0000000000E+00,    1.6183338296E+02
    132350,      0.676945,CP0_start,   1,    0.0000000000E+00,    1.6192354458E+02,    1.6192354458E+02,    0.0000000000E+00,    0.0000000000E+00,    0.0000000000E+00,    1.6192354458E+02
    132350,      0.676945,CP1_after_deposition,   1,    0.0000000000E+00,    1.6192354458E+02,    1.6192354458E+02,    0.0000000000E+00,    0.0000000000E+00,    0.0000000000E+00,    1.6192354458E+02
    132350,      0.676945,CP2_after_erosion,   1,    0.0000000000E+00,    1.6192354458E+02,    1.6192354458E+02,    0.0000000000E+00,    0.0000000000E+00,    0.0000000000E+00,    1.6192354458E+02
    132350,      0.676945,CP3_after_update_bottom,   1,    0.0000000000E+00,    1.6192354458E+02,    1.6192354458E+02,    0.0000000000E+00,    0.0000000000E+00,    0.0000000000E+00,    1.6192354458E+02
    132350,      0.676945,CP4_after_advection,   1,    0.0000000000E+00,    1.6192446263E+02,    1.6192446263E+02,    0.0000000000E+00,    0.0000000000E+00,    0.0000000000E+00,    1.6192446263E+02
    132350,      0.676945,CP5_after_vdif,   1,    0.0000000000E+00,    1.6192446263E+02,    1.6192446263E+02,    0.0000000000E+00,    0.0000000000E+00,    0.0000000000E+00,    1.6192446263E+02
    132350,      0.676945,CP6_after_kinetics,   1,    0.0000000000E+00,    1.6192446263E+02,    1.6192446263E+02,    0.0000000000E+00,    0.0000000000E+00,    0.0000000000E+00,    1.6192446263E+02
    132350,      0.676945,CP7_after_upper_clamp,   1,    0.0000000000E+00,    1.6192446263E+02,    1.6192446263E+02,    0.0000000000E+00,    0.0000000000E+00,    0.0000000000E+00,    1.6192446263E+02
    132350,      0.676945,CP8_after_OBC,   1,    0.0000000000E+00,    1.6192446263E+02,    1.6192446263E+02,    0.0000000000E+00,    0.0000000000E+00,    0.0000000000E+00,    1.6192446263E+02
    132350,      0.676945,CP9_after_PTsource,   1,    0.0000000000E+00,    1.6192446263E+02,    1.6192446263E+02,    0.0000000000E+00,    0.0000000000E+00,    0.0000000000E+00,    1.6192446263E+02
    132350,      0.676945,CP10_after_neg_clamp,   1,    0.0000000000E+00,    1.6192446263E+02,    1.6192446263E+02,    0.0000000000E+00,    0.0000000000E+00,    0.0000000000E+00,    1.6192446263E+02
    132350,      0.676945,CP11_after_MPI,   1,    0.0000000000E+00,    1.6192446263E+02,    1.6192446263E+02,    0.0000000000E+00,    0.0000000000E+00,    0.0000000000E+00,    1.6192446263E+02
    132350,      0.676945,CP12_end,   1,    0.0000000000E+00,    1.6192446263E+02,    1.6192446263E+02,    0.0000000000E+00,    0.0000000000E+00,    0.0000000000E+00,    1.6192446263E+02
    132400,      0.676945,CP0_start,   1,    0.0000000000E+00,    1.6202299565E+02,    1.6202299565E+02,    0.0000000000E+00,    0.0000000000E+00,    0.0000000000E+00,    1.6202299565E+02
    132400,      0.676945,CP1_after_deposition,   1,    0.0000000000E+00,    1.6202299565E+02,    1.6202299565E+02,    0.0000000000E+00,    0.0000000000E+00,    0.0000000000E+00,    1.6202299565E+02
    132400,      0.676945,CP2_after_erosion,   1,    0.0000000000E+00,    1.6202299565E+02,    1.6202299565E+02,    0.0000000000E+00,    0.0000000000E+00,    0.0000000000E+00,    1.6202299565E+02
    132400,      0.676945,CP3_after_update_bottom,   1,    0.0000000000E+00,    1.6202299565E+02,    1.6202299565E+02,    0.0000000000E+00,    0.0000000000E+00,    0.0000000000E+00,    1.6202299565E+02
    132400,      0.676945,CP4_after_advection,   1,    0.0000000000E+00,    1.6202398609E+02,    1.6202398609E+02,    0.0000000000E+00,    0.0000000000E+00,    0.0000000000E+00,    1.6202398609E+02
    132400,      0.676945,CP5_after_vdif,   1,    0.0000000000E+00,    1.6202398609E+02,    1.6202398609E+02,    0.0000000000E+00,    0.0000000000E+00,    0.0000000000E+00,    1.6202398609E+02
    132400,      0.676945,CP6_after_kinetics,   1,    0.0000000000E+00,    1.6202398609E+02,    1.6202398609E+02,    0.0000000000E+00,    0.0000000000E+00,    0.0000000000E+00,    1.6202398609E+02
    132400,      0.676945,CP7_after_upper_clamp,   1,    0.0000000000E+00,    1.6202398609E+02,    1.6202398609E+02,    0.0000000000E+00,    0.0000000000E+00,    0.0000000000E+00,    1.6202398609E+02
    132400,      0.676945,CP8_after_OBC,   1,    0.0000000000E+00,    1.6202398609E+02,    1.6202398609E+02,    0.0000000000E+00,    0.0000000000E+00,    0.0000000000E+00,    1.6202398609E+02
    132400,      0.676945,CP9_after_PTsource,   1,    0.0000000000E+00,    1.6202398609E+02,    1.6202398609E+02,    0.0000000000E+00,    0.0000000000E+00,    0.0000000000E+00,    1.6202398609E+02
    132400,      0.676945,CP10_after_neg_clamp,   1,    0.0000000000E+00,    1.6202398609E+02,    1.6202398609E+02,    0.0000000000E+00,    0.0000000000E+00,    0.0000000000E+00,    1.6202398609E+02
    132400,      0.676945,CP11_after_MPI,   1,    0.0000000000E+00,    1.6202398609E+02,    1.6202398609E+02,    0.0000000000E+00,    0.0000000000E+00,    0.0000000000E+00,    1.6202398609E+02
    132400,      0.676945,CP12_end,   1,    0.0000000000E+00,    1.6202398609E+02,    1.6202398609E+02,    0.0000000000E+00,    0.0000000000E+00,    0.0000000000E+00,    1.6202398609E+02
    132450,      0.676945,CP0_start,   1,    0.0000000000E+00,    1.6213034785E+02,    1.6213034785E+02,    0.0000000000E+00,    0.0000000000E+00,    0.0000000000E+00,    1.6213034785E+02
    132450,      0.676945,CP1_after_deposition,   1,    0.0000000000E+00,    1.6213034785E+02,    1.6213034785E+02,    0.0000000000E+00,    0.0000000000E+00,    0.0000000000E+00,    1.6213034785E+02
    132450,      0.676945,CP2_after_erosion,   1,    0.0000000000E+00,    1.6213034785E+02,    1.6213034785E+02,    0.0000000000E+00,    0.0000000000E+00,    0.0000000000E+00,    1.6213034785E+02
    132450,      0.676945,CP3_after_update_bottom,   1,    0.0000000000E+00,    1.6213034785E+02,    1.6213034785E+02,    0.0000000000E+00,    0.0000000000E+00,    0.0000000000E+00,    1.6213034785E+02
    132450,      0.676945,CP4_after_advection,   1,    0.0000000000E+00,    1.6213138138E+02,    1.6213138138E+02,    0.0000000000E+00,    0.0000000000E+00,    0.0000000000E+00,    1.6213138138E+02
    132450,      0.676945,CP5_after_vdif,   1,    0.0000000000E+00,    1.6213138138E+02,    1.6213138138E+02,    0.0000000000E+00,    0.0000000000E+00,    0.0000000000E+00,    1.6213138138E+02
    132450,      0.676945,CP6_after_kinetics,   1,    0.0000000000E+00,    1.6213138138E+02,    1.6213138138E+02,    0.0000000000E+00,    0.0000000000E+00,    0.0000000000E+00,    1.6213138138E+02
    132450,      0.676945,CP7_after_upper_clamp,   1,    0.0000000000E+00,    1.6213138138E+02,    1.6213138138E+02,    0.0000000000E+00,    0.0000000000E+00,    0.0000000000E+00,    1.6213138138E+02
    132450,      0.676945,CP8_after_OBC,   1,    0.0000000000E+00,    1.6213138138E+02,    1.6213138138E+02,    0.0000000000E+00,    0.0000000000E+00,    0.0000000000E+00,    1.6213138138E+02
    132450,      0.676945,CP9_after_PTsource,   1,    0.0000000000E+00,    1.6213138138E+02,    1.6213138138E+02,    0.0000000000E+00,    0.0000000000E+00,    0.0000000000E+00,    1.6213138138E+02
    132450,      0.676945,CP10_after_neg_clamp,   1,    0.0000000000E+00,    1.6213138138E+02,    1.6213138138E+02,    0.0000000000E+00,    0.0000000000E+00,    0.0000000000E+00,    1.6213138138E+02
    132450,      0.676945,CP11_after_MPI,   1,    0.0000000000E+00,    1.6213138138E+02,    1.6213138138E+02,    0.0000000000E+00,    0.0000000000E+00,    0.0000000000E+00,    1.6213138138E+02
    132450,      0.676945,CP12_end,   1,    0.0000000000E+00,    1.6213138138E+02,    1.6213138138E+02,    0.0000000000E+00,    0.0000000000E+00,    0.0000000000E+00,    1.6213138138E+02
    132500,      0.676945,CP0_start,   1,    0.0000000000E+00,    1.6224449584E+02,    1.6224449584E+02,    0.0000000000E+00,    0.0000000000E+00,    0.0000000000E+00,    1.6224449584E+02
    132500,      0.676945,CP1_after_deposition,   1,    0.0000000000E+00,    1.6224449584E+02,    1.6224449584E+02,    0.0000000000E+00,    0.0000000000E+00,    0.0000000000E+00,    1.6224449584E+02
    132500,      0.676945,CP2_after_erosion,   1,    0.0000000000E+00,    1.6224449584E+02,    1.6224449584E+02,    0.0000000000E+00,    0.0000000000E+00,    0.0000000000E+00,    1.6224449584E+02
    132500,      0.676945,CP3_after_update_bottom,   1,    0.0000000000E+00,    1.6224449584E+02,    1.6224449584E+02,    0.0000000000E+00,    0.0000000000E+00,    0.0000000000E+00,    1.6224449584E+02
    132500,      0.676945,CP4_after_advection,   1,    0.0000000000E+00,    1.6224554378E+02,    1.6224554378E+02,    0.0000000000E+00,    0.0000000000E+00,    0.0000000000E+00,    1.6224554378E+02
    132500,      0.676945,CP5_after_vdif,   1,    0.0000000000E+00,    1.6224554378E+02,    1.6224554378E+02,    0.0000000000E+00,    0.0000000000E+00,    0.0000000000E+00,    1.6224554378E+02
    132500,      0.676945,CP6_after_kinetics,   1,    0.0000000000E+00,    1.6224554378E+02,    1.6224554378E+02,    0.0000000000E+00,    0.0000000000E+00,    0.0000000000E+00,    1.6224554378E+02
    132500,      0.676945,CP7_after_upper_clamp,   1,    0.0000000000E+00,    1.6224554378E+02,    1.6224554378E+02,    0.0000000000E+00,    0.0000000000E+00,    0.0000000000E+00,    1.6224554378E+02
    132500,      0.676945,CP8_after_OBC,   1,    0.0000000000E+00,    1.6224554378E+02,    1.6224554378E+02,    0.0000000000E+00,    0.0000000000E+00,    0.0000000000E+00,    1.6224554378E+02
    132500,      0.676945,CP9_after_PTsource,   1,    0.0000000000E+00,    1.6224554378E+02,    1.6224554378E+02,    0.0000000000E+00,    0.0000000000E+00,    0.0000000000E+00,    1.6224554378E+02
    132500,      0.676945,CP10_after_neg_clamp,   1,    0.0000000000E+00,    1.6224554378E+02,    1.6224554378E+02,    0.0000000000E+00,    0.0000000000E+00,    0.0000000000E+00,    1.6224554378E+02
    132500,      0.676945,CP11_after_MPI,   1,    0.0000000000E+00,    1.6224554378E+02,    1.6224554378E+02,    0.0000000000E+00,    0.0000000000E+00,    0.0000000000E+00,    1.6224554378E+02
    132500,      0.676945,CP12_end,   1,    0.0000000000E+00,    1.6224554378E+02,    1.6224554378E+02,    0.0000000000E+00,    0.0000000000E+00,    0.0000000000E+00,    1.6224554378E+02
    132550,      0.676945,CP0_start,   1,    0.0000000000E+00,    1.6236394406E+02,    1.6236394406E+02,    0.0000000000E+00,    0.0000000000E+00,    0.0000000000E+00,    1.6236394406E+02
    132550,      0.676945,CP1_after_deposition,   1,    0.0000000000E+00,    1.6236394406E+02,    1.6236394406E+02,    0.0000000000E+00,    0.0000000000E+00,    0.0000000000E+00,    1.6236394406E+02
    132550,      0.676945,CP2_after_erosion,   1,    0.0000000000E+00,    1.6236394406E+02,    1.6236394406E+02,    0.0000000000E+00,    0.0000000000E+00,    0.0000000000E+00,    1.6236394406E+02
    132550,      0.676945,CP3_after_update_bottom,   1,    0.0000000000E+00,    1.6236394406E+02,    1.6236394406E+02,    0.0000000000E+00,    0.0000000000E+00,    0.0000000000E+00,    1.6236394406E+02
    132550,      0.676945,CP4_after_advection,   1,    0.0000000000E+00,    1.6236495320E+02,    1.6236495320E+02,    0.0000000000E+00,    0.0000000000E+00,    0.0000000000E+00,    1.6236495320E+02
    132550,      0.676945,CP5_after_vdif,   1,    0.0000000000E+00,    1.6236495320E+02,    1.6236495320E+02,    0.0000000000E+00,    0.0000000000E+00,    0.0000000000E+00,    1.6236495320E+02
    132550,      0.676945,CP6_after_kinetics,   1,    0.0000000000E+00,    1.6236495320E+02,    1.6236495320E+02,    0.0000000000E+00,    0.0000000000E+00,    0.0000000000E+00,    1.6236495320E+02
    132550,      0.676945,CP7_after_upper_clamp,   1,    0.0000000000E+00,    1.6236495320E+02,    1.6236495320E+02,    0.0000000000E+00,    0.0000000000E+00,    0.0000000000E+00,    1.6236495320E+02
    132550,      0.676945,CP8_after_OBC,   1,    0.0000000000E+00,    1.6236495320E+02,    1.6236495320E+02,    0.0000000000E+00,    0.0000000000E+00,    0.0000000000E+00,    1.6236495320E+02
    132550,      0.676945,CP9_after_PTsource,   1,    0.0000000000E+00,    1.6236495320E+02,    1.6236495320E+02,    0.0000000000E+00,    0.0000000000E+00,    0.0000000000E+00,    1.6236495320E+02
    132550,      0.676945,CP10_after_neg_clamp,   1,    0.0000000000E+00,    1.6236495320E+02,    1.6236495320E+02,    0.0000000000E+00,    0.0000000000E+00,    0.0000000000E+00,    1.6236495320E+02
    132550,      0.676945,CP11_after_MPI,   1,    0.0000000000E+00,    1.6236495320E+02,    1.6236495320E+02,    0.0000000000E+00,    0.0000000000E+00,    0.0000000000E+00,    1.6236495320E+02
    132550,      0.676945,CP12_end,   1,    0.0000000000E+00,    1.6236495320E+02,    1.6236495320E+02,    0.0000000000E+00,    0.0000000000E+00,    0.0000000000E+00,    1.6236495320E+02
    132600,      0.676945,CP0_start,   1,    0.0000000000E+00,    1.6248586180E+02,    1.6248586180E+02,    0.0000000000E+00,    0.0000000000E+00,    0.0000000000E+00,    1.6248586180E+02
    132600,      0.676945,CP1_after_deposition,   1,    0.0000000000E+00,    1.6248586180E+02,    1.6248586180E+02,    0.0000000000E+00,    0.0000000000E+00,    0.0000000000E+00,    1.6248586180E+02
    132600,      0.676945,CP2_after_erosion,   1,    0.0000000000E+00,    1.6248586180E+02,    1.6248586180E+02,    0.0000000000E+00,    0.0000000000E+00,    0.0000000000E+00,    1.6248586180E+02
    132600,      0.676945,CP3_after_update_bottom,   1,    0.0000000000E+00,    1.6248586180E+02,    1.6248586180E+02,    0.0000000000E+00,    0.0000000000E+00,    0.0000000000E+00,    1.6248586180E+02
    132600,      0.676945,CP4_after_advection,   1,    0.0000000000E+00,    1.6248675592E+02,    1.6248675592E+02,    0.0000000000E+00,    0.0000000000E+00,    0.0000000000E+00,    1.6248675592E+02
    132600,      0.676945,CP5_after_vdif,   1,    0.0000000000E+00,    1.6248675592E+02,    1.6248675592E+02,    0.0000000000E+00,    0.0000000000E+00,    0.0000000000E+00,    1.6248675592E+02
    132600,      0.676945,CP6_after_kinetics,   1,    0.0000000000E+00,    1.6248675592E+02,    1.6248675592E+02,    0.0000000000E+00,    0.0000000000E+00,    0.0000000000E+00,    1.6248675592E+02
    132600,      0.676945,CP7_after_upper_clamp,   1,    0.0000000000E+00,    1.6248675592E+02,    1.6248675592E+02,    0.0000000000E+00,    0.0000000000E+00,    0.0000000000E+00,    1.6248675592E+02
    132600,      0.676945,CP8_after_OBC,   1,    0.0000000000E+00,    1.6248675592E+02,    1.6248675592E+02,    0.0000000000E+00,    0.0000000000E+00,    0.0000000000E+00,    1.6248675592E+02
    132600,      0.676945,CP9_after_PTsource,   1,    0.0000000000E+00,    1.6248675592E+02,    1.6248675592E+02,    0.0000000000E+00,    0.0000000000E+00,    0.0000000000E+00,    1.6248675592E+02
    132600,      0.676945,CP10_after_neg_clamp,   1,    0.0000000000E+00,    1.6248675592E+02,    1.6248675592E+02,    0.0000000000E+00,    0.0000000000E+00,    0.0000000000E+00,    1.6248675592E+02
    132600,      0.676945,CP11_after_MPI,   1,    0.0000000000E+00,    1.6248675592E+02,    1.6248675592E+02,    0.0000000000E+00,    0.0000000000E+00,    0.0000000000E+00,    1.6248675592E+02
    132600,      0.676945,CP12_end,   1,    0.0000000000E+00,    1.6248675592E+02,    1.6248675592E+02,    0.0000000000E+00,    0.0000000000E+00,    0.0000000000E+00,    1.6248675592E+02
    132650,      0.676945,CP0_start,   1,    0.0000000000E+00,    1.6260662953E+02,    1.6260662953E+02,    0.0000000000E+00,    0.0000000000E+00,    0.0000000000E+00,    1.6260662953E+02
    132650,      0.676945,CP1_after_deposition,   1,    0.0000000000E+00,    1.6260662953E+02,    1.6260662953E+02,    0.0000000000E+00,    0.0000000000E+00,    0.0000000000E+00,    1.6260662953E+02
    132650,      0.676945,CP2_after_erosion,   1,    0.0000000000E+00,    1.6260662953E+02,    1.6260662953E+02,    0.0000000000E+00,    0.0000000000E+00,    0.0000000000E+00,    1.6260662953E+02
    132650,      0.676945,CP3_after_update_bottom,   1,    0.0000000000E+00,    1.6260662953E+02,    1.6260662953E+02,    0.0000000000E+00,    0.0000000000E+00,    0.0000000000E+00,    1.6260662953E+02
    132650,      0.676945,CP4_after_advection,   1,    0.0000000000E+00,    1.6260732842E+02,    1.6260732842E+02,    0.0000000000E+00,    0.0000000000E+00,    0.0000000000E+00,    1.6260732842E+02
    132650,      0.676945,CP5_after_vdif,   1,    0.0000000000E+00,    1.6260732842E+02,    1.6260732842E+02,    0.0000000000E+00,    0.0000000000E+00,    0.0000000000E+00,    1.6260732842E+02
    132650,      0.676945,CP6_after_kinetics,   1,    0.0000000000E+00,    1.6260732842E+02,    1.6260732842E+02,    0.0000000000E+00,    0.0000000000E+00,    0.0000000000E+00,    1.6260732842E+02
    132650,      0.676945,CP7_after_upper_clamp,   1,    0.0000000000E+00,    1.6260732842E+02,    1.6260732842E+02,    0.0000000000E+00,    0.0000000000E+00,    0.0000000000E+00,    1.6260732842E+02
    132650,      0.676945,CP8_after_OBC,   1,    0.0000000000E+00,    1.6260732842E+02,    1.6260732842E+02,    0.0000000000E+00,    0.0000000000E+00,    0.0000000000E+00,    1.6260732842E+02
    132650,      0.676945,CP9_after_PTsource,   1,    0.0000000000E+00,    1.6260732842E+02,    1.6260732842E+02,    0.0000000000E+00,    0.0000000000E+00,    0.0000000000E+00,    1.6260732842E+02
    132650,      0.676945,CP10_after_neg_clamp,   1,    0.0000000000E+00,    1.6260732842E+02,    1.6260732842E+02,    0.0000000000E+00,    0.0000000000E+00,    0.0000000000E+00,    1.6260732842E+02
    132650,      0.676945,CP11_after_MPI,   1,    0.0000000000E+00,    1.6260732842E+02,    1.6260732842E+02,    0.0000000000E+00,    0.0000000000E+00,    0.0000000000E+00,    1.6260732842E+02
    132650,      0.676945,CP12_end,   1,    0.0000000000E+00,    1.6260732842E+02,    1.6260732842E+02,    0.0000000000E+00,    0.0000000000E+00,    0.0000000000E+00,    1.6260732842E+02
    132700,      0.676945,CP0_start,   1,    0.0000000000E+00,    1.6272308601E+02,    1.6272308601E+02,    0.0000000000E+00,    0.0000000000E+00,    0.0000000000E+00,    1.6272308601E+02
    132700,      0.676945,CP1_after_deposition,   1,    0.0000000000E+00,    1.6272308601E+02,    1.6272308601E+02,    0.0000000000E+00,    0.0000000000E+00,    0.0000000000E+00,    1.6272308601E+02
    132700,      0.676945,CP2_after_erosion,   1,    0.0000000000E+00,    1.6272308601E+02,    1.6272308601E+02,    0.0000000000E+00,    0.0000000000E+00,    0.0000000000E+00,    1.6272308601E+02
    132700,      0.676945,CP3_after_update_bottom,   1,    0.0000000000E+00,    1.6272308601E+02,    1.6272308601E+02,    0.0000000000E+00,    0.0000000000E+00,    0.0000000000E+00,    1.6272308601E+02
    132700,      0.676945,CP4_after_advection,   1,    0.0000000000E+00,    1.6272353231E+02,    1.6272353231E+02,    0.0000000000E+00,    0.0000000000E+00,    0.0000000000E+00,    1.6272353231E+02
    132700,      0.676945,CP5_after_vdif,   1,    0.0000000000E+00,    1.6272353231E+02,    1.6272353231E+02,    0.0000000000E+00,    0.0000000000E+00,    0.0000000000E+00,    1.6272353231E+02
    132700,      0.676945,CP6_after_kinetics,   1,    0.0000000000E+00,    1.6272353231E+02,    1.6272353231E+02,    0.0000000000E+00,    0.0000000000E+00,    0.0000000000E+00,    1.6272353231E+02
    132700,      0.676945,CP7_after_upper_clamp,   1,    0.0000000000E+00,    1.6272353231E+02,    1.6272353231E+02,    0.0000000000E+00,    0.0000000000E+00,    0.0000000000E+00,    1.6272353231E+02
    132700,      0.676945,CP8_after_OBC,   1,    0.0000000000E+00,    1.6272353231E+02,    1.6272353231E+02,    0.0000000000E+00,    0.0000000000E+00,    0.0000000000E+00,    1.6272353231E+02
    132700,      0.676945,CP9_after_PTsource,   1,    0.0000000000E+00,    1.6272353231E+02,    1.6272353231E+02,    0.0000000000E+00,    0.0000000000E+00,    0.0000000000E+00,    1.6272353231E+02
    132700,      0.676945,CP10_after_neg_clamp,   1,    0.0000000000E+00,    1.6272353231E+02,    1.6272353231E+02,    0.0000000000E+00,    0.0000000000E+00,    0.0000000000E+00,    1.6272353231E+02
    132700,      0.676945,CP11_after_MPI,   1,    0.0000000000E+00,    1.6272353231E+02,    1.6272353231E+02,    0.0000000000E+00,    0.0000000000E+00,    0.0000000000E+00,    1.6272353231E+02
    132700,      0.676945,CP12_end,   1,    0.0000000000E+00,    1.6272353231E+02,    1.6272353231E+02,    0.0000000000E+00,    0.0000000000E+00,    0.0000000000E+00,    1.6272353231E+02
    132750,      0.676945,CP0_start,   1,    0.0000000000E+00,    1.6283362209E+02,    1.6283362209E+02,    0.0000000000E+00,    0.0000000000E+00,    0.0000000000E+00,    1.6283362209E+02
    132750,      0.676945,CP1_after_deposition,   1,    0.0000000000E+00,    1.6283362209E+02,    1.6283362209E+02,    0.0000000000E+00,    0.0000000000E+00,    0.0000000000E+00,    1.6283362209E+02
    132750,      0.676945,CP2_after_erosion,   1,    0.0000000000E+00,    1.6283362209E+02,    1.6283362209E+02,    0.0000000000E+00,    0.0000000000E+00,    0.0000000000E+00,    1.6283362209E+02
    132750,      0.676945,CP3_after_update_bottom,   1,    0.0000000000E+00,    1.6283362209E+02,    1.6283362209E+02,    0.0000000000E+00,    0.0000000000E+00,    0.0000000000E+00,    1.6283362209E+02
    132750,      0.676945,CP4_after_advection,   1,    0.0000000000E+00,    1.6283379055E+02,    1.6283379055E+02,    0.0000000000E+00,    0.0000000000E+00,    0.0000000000E+00,    1.6283379055E+02
    132750,      0.676945,CP5_after_vdif,   1,    0.0000000000E+00,    1.6283379055E+02,    1.6283379055E+02,    0.0000000000E+00,    0.0000000000E+00,    0.0000000000E+00,    1.6283379055E+02
    132750,      0.676945,CP6_after_kinetics,   1,    0.0000000000E+00,    1.6283379055E+02,    1.6283379055E+02,    0.0000000000E+00,    0.0000000000E+00,    0.0000000000E+00,    1.6283379055E+02
    132750,      0.676945,CP7_after_upper_clamp,   1,    0.0000000000E+00,    1.6283379055E+02,    1.6283379055E+02,    0.0000000000E+00,    0.0000000000E+00,    0.0000000000E+00,    1.6283379055E+02
    132750,      0.676945,CP8_after_OBC,   1,    0.0000000000E+00,    1.6283379055E+02,    1.6283379055E+02,    0.0000000000E+00,    0.0000000000E+00,    0.0000000000E+00,    1.6283379055E+02
    132750,      0.676945,CP9_after_PTsource,   1,    0.0000000000E+00,    1.6283379055E+02,    1.6283379055E+02,    0.0000000000E+00,    0.0000000000E+00,    0.0000000000E+00,    1.6283379055E+02
    132750,      0.676945,CP10_after_neg_clamp,   1,    0.0000000000E+00,    1.6283379055E+02,    1.6283379055E+02,    0.0000000000E+00,    0.0000000000E+00,    0.0000000000E+00,    1.6283379055E+02
    132750,      0.676945,CP11_after_MPI,   1,    0.0000000000E+00,    1.6283379055E+02,    1.6283379055E+02,    0.0000000000E+00,    0.0000000000E+00,    0.0000000000E+00,    1.6283379055E+02
    132750,      0.676945,CP12_end,   1,    0.0000000000E+00,    1.6283379055E+02,    1.6283379055E+02,    0.0000000000E+00,    0.0000000000E+00,    0.0000000000E+00,    1.6283379055E+02
    132800,      0.676945,CP0_start,   1,    0.0000000000E+00,    1.6293813359E+02,    1.6293813359E+02,    0.0000000000E+00,    0.0000000000E+00,    0.0000000000E+00,    1.6293813359E+02
    132800,      0.676945,CP1_after_deposition,   1,    0.0000000000E+00,    1.6293813359E+02,    1.6293813359E+02,    0.0000000000E+00,    0.0000000000E+00,    0.0000000000E+00,    1.6293813359E+02
    132800,      0.676945,CP2_after_erosion,   1,    0.0000000000E+00,    1.6293813359E+02,    1.6293813359E+02,    0.0000000000E+00,    0.0000000000E+00,    0.0000000000E+00,    1.6293813359E+02
    132800,      0.676945,CP3_after_update_bottom,   1,    0.0000000000E+00,    1.6293813359E+02,    1.6293813359E+02,    0.0000000000E+00,    0.0000000000E+00,    0.0000000000E+00,    1.6293813359E+02
    132800,      0.676945,CP4_after_advection,   1,    0.0000000000E+00,    1.6293802987E+02,    1.6293802987E+02,    0.0000000000E+00,    0.0000000000E+00,    0.0000000000E+00,    1.6293802987E+02
    132800,      0.676945,CP5_after_vdif,   1,    0.0000000000E+00,    1.6293802987E+02,    1.6293802987E+02,    0.0000000000E+00,    0.0000000000E+00,    0.0000000000E+00,    1.6293802987E+02
    132800,      0.676945,CP6_after_kinetics,   1,    0.0000000000E+00,    1.6293802987E+02,    1.6293802987E+02,    0.0000000000E+00,    0.0000000000E+00,    0.0000000000E+00,    1.6293802987E+02
    132800,      0.676945,CP7_after_upper_clamp,   1,    0.0000000000E+00,    1.6293802987E+02,    1.6293802987E+02,    0.0000000000E+00,    0.0000000000E+00,    0.0000000000E+00,    1.6293802987E+02
    132800,      0.676945,CP8_after_OBC,   1,    0.0000000000E+00,    1.6293802987E+02,    1.6293802987E+02,    0.0000000000E+00,    0.0000000000E+00,    0.0000000000E+00,    1.6293802987E+02
    132800,      0.676945,CP9_after_PTsource,   1,    0.0000000000E+00,    1.6293802987E+02,    1.6293802987E+02,    0.0000000000E+00,    0.0000000000E+00,    0.0000000000E+00,    1.6293802987E+02
    132800,      0.676945,CP10_after_neg_clamp,   1,    0.0000000000E+00,    1.6293802987E+02,    1.6293802987E+02,    0.0000000000E+00,    0.0000000000E+00,    0.0000000000E+00,    1.6293802987E+02
    132800,      0.676945,CP11_after_MPI,   1,    0.0000000000E+00,    1.6293802987E+02,    1.6293802987E+02,    0.0000000000E+00,    0.0000000000E+00,    0.0000000000E+00,    1.6293802987E+02
    132800,      0.676945,CP12_end,   1,    0.0000000000E+00,    1.6293802987E+02,    1.6293802987E+02,    0.0000000000E+00,    0.0000000000E+00,    0.0000000000E+00,    1.6293802987E+02
    132850,      0.676945,CP0_start,   1,    0.0000000000E+00,    1.6303752533E+02,    1.6303752533E+02,    0.0000000000E+00,    0.0000000000E+00,    0.0000000000E+00,    1.6303752533E+02
    132850,      0.676945,CP1_after_deposition,   1,    0.0000000000E+00,    1.6303752533E+02,    1.6303752533E+02,    0.0000000000E+00,    0.0000000000E+00,    0.0000000000E+00,    1.6303752533E+02
    132850,      0.676945,CP2_after_erosion,   1,    0.0000000000E+00,    1.6303752533E+02,    1.6303752533E+02,    0.0000000000E+00,    0.0000000000E+00,    0.0000000000E+00,    1.6303752533E+02
    132850,      0.676945,CP3_after_update_bottom,   1,    0.0000000000E+00,    1.6303752533E+02,    1.6303752533E+02,    0.0000000000E+00,    0.0000000000E+00,    0.0000000000E+00,    1.6303752533E+02
    132850,      0.676945,CP4_after_advection,   1,    0.0000000000E+00,    1.6303716306E+02,    1.6303716306E+02,    0.0000000000E+00,    0.0000000000E+00,    0.0000000000E+00,    1.6303716306E+02
    132850,      0.676945,CP5_after_vdif,   1,    0.0000000000E+00,    1.6303716306E+02,    1.6303716306E+02,    0.0000000000E+00,    0.0000000000E+00,    0.0000000000E+00,    1.6303716306E+02
    132850,      0.676945,CP6_after_kinetics,   1,    0.0000000000E+00,    1.6303716306E+02,    1.6303716306E+02,    0.0000000000E+00,    0.0000000000E+00,    0.0000000000E+00,    1.6303716306E+02
    132850,      0.676945,CP7_after_upper_clamp,   1,    0.0000000000E+00,    1.6303716306E+02,    1.6303716306E+02,    0.0000000000E+00,    0.0000000000E+00,    0.0000000000E+00,    1.6303716306E+02
    132850,      0.676945,CP8_after_OBC,   1,    0.0000000000E+00,    1.6303716306E+02,    1.6303716306E+02,    0.0000000000E+00,    0.0000000000E+00,    0.0000000000E+00,    1.6303716306E+02
    132850,      0.676945,CP9_after_PTsource,   1,    0.0000000000E+00,    1.6303716306E+02,    1.6303716306E+02,    0.0000000000E+00,    0.0000000000E+00,    0.0000000000E+00,    1.6303716306E+02
    132850,      0.676945,CP10_after_neg_clamp,   1,    0.0000000000E+00,    1.6303716306E+02,    1.6303716306E+02,    0.0000000000E+00,    0.0000000000E+00,    0.0000000000E+00,    1.6303716306E+02
    132850,      0.676945,CP11_after_MPI,   1,    0.0000000000E+00,    1.6303716306E+02,    1.6303716306E+02,    0.0000000000E+00,    0.0000000000E+00,    0.0000000000E+00,    1.6303716306E+02
    132850,      0.676945,CP12_end,   1,    0.0000000000E+00,    1.6303716306E+02,    1.6303716306E+02,    0.0000000000E+00,    0.0000000000E+00,    0.0000000000E+00,    1.6303716306E+02
    132900,      0.676945,CP0_start,   1,    0.0000000000E+00,    1.6313290267E+02,    1.6313290267E+02,    0.0000000000E+00,    0.0000000000E+00,    0.0000000000E+00,    1.6313290267E+02
    132900,      0.676945,CP1_after_deposition,   1,    0.0000000000E+00,    1.6313290267E+02,    1.6313290267E+02,    0.0000000000E+00,    0.0000000000E+00,    0.0000000000E+00,    1.6313290267E+02
    132900,      0.676945,CP2_after_erosion,   1,    0.0000000000E+00,    1.6313290267E+02,    1.6313290267E+02,    0.0000000000E+00,    0.0000000000E+00,    0.0000000000E+00,    1.6313290267E+02
    132900,      0.676945,CP3_after_update_bottom,   1,    0.0000000000E+00,    1.6313290267E+02,    1.6313290267E+02,    0.0000000000E+00,    0.0000000000E+00,    0.0000000000E+00,    1.6313290267E+02
    132900,      0.676945,CP4_after_advection,   1,    0.0000000000E+00,    1.6313229776E+02,    1.6313229776E+02,    0.0000000000E+00,    0.0000000000E+00,    0.0000000000E+00,    1.6313229776E+02
    132900,      0.676945,CP5_after_vdif,   1,    0.0000000000E+00,    1.6313229776E+02,    1.6313229776E+02,    0.0000000000E+00,    0.0000000000E+00,    0.0000000000E+00,    1.6313229776E+02
    132900,      0.676945,CP6_after_kinetics,   1,    0.0000000000E+00,    1.6313229776E+02,    1.6313229776E+02,    0.0000000000E+00,    0.0000000000E+00,    0.0000000000E+00,    1.6313229776E+02
    132900,      0.676945,CP7_after_upper_clamp,   1,    0.0000000000E+00,    1.6313229776E+02,    1.6313229776E+02,    0.0000000000E+00,    0.0000000000E+00,    0.0000000000E+00,    1.6313229776E+02
    132900,      0.676945,CP8_after_OBC,   1,    0.0000000000E+00,    1.6313229776E+02,    1.6313229776E+02,    0.0000000000E+00,    0.0000000000E+00,    0.0000000000E+00,    1.6313229776E+02
    132900,      0.676945,CP9_after_PTsource,   1,    0.0000000000E+00,    1.6313229776E+02,    1.6313229776E+02,    0.0000000000E+00,    0.0000000000E+00,    0.0000000000E+00,    1.6313229776E+02
    132900,      0.676945,CP10_after_neg_clamp,   1,    0.0000000000E+00,    1.6313229776E+02,    1.6313229776E+02,    0.0000000000E+00,    0.0000000000E+00,    0.0000000000E+00,    1.6313229776E+02
    132900,      0.676945,CP11_after_MPI,   1,    0.0000000000E+00,    1.6313229776E+02,    1.6313229776E+02,    0.0000000000E+00,    0.0000000000E+00,    0.0000000000E+00,    1.6313229776E+02
    132900,      0.676945,CP12_end,   1,    0.0000000000E+00,    1.6313229776E+02,    1.6313229776E+02,    0.0000000000E+00,    0.0000000000E+00,    0.0000000000E+00,    1.6313229776E+02
    132950,      0.676945,CP0_start,   1,    0.0000000000E+00,    1.6322545323E+02,    1.6322545323E+02,    0.0000000000E+00,    0.0000000000E+00,    0.0000000000E+00,    1.6322545323E+02
    132950,      0.676945,CP1_after_deposition,   1,    0.0000000000E+00,    1.6322545323E+02,    1.6322545323E+02,    0.0000000000E+00,    0.0000000000E+00,    0.0000000000E+00,    1.6322545323E+02
    132950,      0.676945,CP2_after_erosion,   1,    0.0000000000E+00,    1.6322545323E+02,    1.6322545323E+02,    0.0000000000E+00,    0.0000000000E+00,    0.0000000000E+00,    1.6322545323E+02
    132950,      0.676945,CP3_after_update_bottom,   1,    0.0000000000E+00,    1.6322545323E+02,    1.6322545323E+02,    0.0000000000E+00,    0.0000000000E+00,    0.0000000000E+00,    1.6322545323E+02
    132950,      0.676945,CP4_after_advection,   1,    0.0000000000E+00,    1.6322463402E+02,    1.6322463402E+02,    0.0000000000E+00,    0.0000000000E+00,    0.0000000000E+00,    1.6322463402E+02
    132950,      0.676945,CP5_after_vdif,   1,    0.0000000000E+00,    1.6322463402E+02,    1.6322463402E+02,    0.0000000000E+00,    0.0000000000E+00,    0.0000000000E+00,    1.6322463402E+02
    132950,      0.676945,CP6_after_kinetics,   1,    0.0000000000E+00,    1.6322463402E+02,    1.6322463402E+02,    0.0000000000E+00,    0.0000000000E+00,    0.0000000000E+00,    1.6322463402E+02
    132950,      0.676945,CP7_after_upper_clamp,   1,    0.0000000000E+00,    1.6322463402E+02,    1.6322463402E+02,    0.0000000000E+00,    0.0000000000E+00,    0.0000000000E+00,    1.6322463402E+02
    132950,      0.676945,CP8_after_OBC,   1,    0.0000000000E+00,    1.6322463402E+02,    1.6322463402E+02,    0.0000000000E+00,    0.0000000000E+00,    0.0000000000E+00,    1.6322463402E+02
    132950,      0.676945,CP9_after_PTsource,   1,    0.0000000000E+00,    1.6322463402E+02,    1.6322463402E+02,    0.0000000000E+00,    0.0000000000E+00,    0.0000000000E+00,    1.6322463402E+02
    132950,      0.676945,CP10_after_neg_clamp,   1,    0.0000000000E+00,    1.6322463402E+02,    1.6322463402E+02,    0.0000000000E+00,    0.0000000000E+00,    0.0000000000E+00,    1.6322463402E+02
    132950,      0.676945,CP11_after_MPI,   1,    0.0000000000E+00,    1.6322463402E+02,    1.6322463402E+02,    0.0000000000E+00,    0.0000000000E+00,    0.0000000000E+00,    1.6322463402E+02
    132950,      0.676945,CP12_end,   1,    0.0000000000E+00,    1.6322463402E+02,    1.6322463402E+02,    0.0000000000E+00,    0.0000000000E+00,    0.0000000000E+00,    1.6322463402E+02
    133000,      0.676945,CP0_start,   1,    0.0000000000E+00,    1.6331753590E+02,    1.6331753590E+02,    0.0000000000E+00,    0.0000000000E+00,    0.0000000000E+00,    1.6331753590E+02
    133000,      0.676945,CP1_after_deposition,   1,    0.0000000000E+00,    1.6331753590E+02,    1.6331753590E+02,    0.0000000000E+00,    0.0000000000E+00,    0.0000000000E+00,    1.6331753590E+02
    133000,      0.676945,CP2_after_erosion,   1,    0.0000000000E+00,    1.6331753590E+02,    1.6331753590E+02,    0.0000000000E+00,    0.0000000000E+00,    0.0000000000E+00,    1.6331753590E+02
    133000,      0.676945,CP3_after_update_bottom,   1,    0.0000000000E+00,    1.6331753590E+02,    1.6331753590E+02,    0.0000000000E+00,    0.0000000000E+00,    0.0000000000E+00,    1.6331753590E+02
    133000,      0.676945,CP4_after_advection,   1,    0.0000000000E+00,    1.6331655420E+02,    1.6331655420E+02,    0.0000000000E+00,    0.0000000000E+00,    0.0000000000E+00,    1.6331655420E+02
    133000,      0.676945,CP5_after_vdif,   1,    0.0000000000E+00,    1.6331655420E+02,    1.6331655420E+02,    0.0000000000E+00,    0.0000000000E+00,    0.0000000000E+00,    1.6331655420E+02
    133000,      0.676945,CP6_after_kinetics,   1,    0.0000000000E+00,    1.6331655420E+02,    1.6331655420E+02,    0.0000000000E+00,    0.0000000000E+00,    0.0000000000E+00,    1.6331655420E+02
    133000,      0.676945,CP7_after_upper_clamp,   1,    0.0000000000E+00,    1.6331655420E+02,    1.6331655420E+02,    0.0000000000E+00,    0.0000000000E+00,    0.0000000000E+00,    1.6331655420E+02
    133000,      0.676945,CP8_after_OBC,   1,    0.0000000000E+00,    1.6331655420E+02,    1.6331655420E+02,    0.0000000000E+00,    0.0000000000E+00,    0.0000000000E+00,    1.6331655420E+02
    133000,      0.676945,CP9_after_PTsource,   1,    0.0000000000E+00,    1.6331655420E+02,    1.6331655420E+02,    0.0000000000E+00,    0.0000000000E+00,    0.0000000000E+00,    1.6331655420E+02
    133000,      0.676945,CP10_after_neg_clamp,   1,    0.0000000000E+00,    1.6331655420E+02,    1.6331655420E+02,    0.0000000000E+00,    0.0000000000E+00,    0.0000000000E+00,    1.6331655420E+02
    133000,      0.676945,CP11_after_MPI,   1,    0.0000000000E+00,    1.6331655420E+02,    1.6331655420E+02,    0.0000000000E+00,    0.0000000000E+00,    0.0000000000E+00,    1.6331655420E+02
    133000,      0.676945,CP12_end,   1,    0.0000000000E+00,    1.6331655420E+02,    1.6331655420E+02,    0.0000000000E+00,    0.0000000000E+00,    0.0000000000E+00,    1.6331655420E+02
    133050,      0.676945,CP0_start,   1,    0.0000000000E+00,    1.6341229029E+02,    1.6341229029E+02,    0.0000000000E+00,    0.0000000000E+00,    0.0000000000E+00,    1.6341229029E+02
    133050,      0.676945,CP1_after_deposition,   1,    0.0000000000E+00,    1.6341229029E+02,    1.6341229029E+02,    0.0000000000E+00,    0.0000000000E+00,    0.0000000000E+00,    1.6341229029E+02
    133050,      0.676945,CP2_after_erosion,   1,    0.0000000000E+00,    1.6341229029E+02,    1.6341229029E+02,    0.0000000000E+00,    0.0000000000E+00,    0.0000000000E+00,    1.6341229029E+02
    133050,      0.676945,CP3_after_update_bottom,   1,    0.0000000000E+00,    1.6341229029E+02,    1.6341229029E+02,    0.0000000000E+00,    0.0000000000E+00,    0.0000000000E+00,    1.6341229029E+02
    133050,      0.676945,CP4_after_advection,   1,    0.0000000000E+00,    1.6341120125E+02,    1.6341120125E+02,    0.0000000000E+00,    0.0000000000E+00,    0.0000000000E+00,    1.6341120125E+02
    133050,      0.676945,CP5_after_vdif,   1,    0.0000000000E+00,    1.6341120125E+02,    1.6341120125E+02,    0.0000000000E+00,    0.0000000000E+00,    0.0000000000E+00,    1.6341120125E+02
    133050,      0.676945,CP6_after_kinetics,   1,    0.0000000000E+00,    1.6341120125E+02,    1.6341120125E+02,    0.0000000000E+00,    0.0000000000E+00,    0.0000000000E+00,    1.6341120125E+02
    133050,      0.676945,CP7_after_upper_clamp,   1,    0.0000000000E+00,    1.6341120125E+02,    1.6341120125E+02,    0.0000000000E+00,    0.0000000000E+00,    0.0000000000E+00,    1.6341120125E+02
    133050,      0.676945,CP8_after_OBC,   1,    0.0000000000E+00,    1.6341120125E+02,    1.6341120125E+02,    0.0000000000E+00,    0.0000000000E+00,    0.0000000000E+00,    1.6341120125E+02
    133050,      0.676945,CP9_after_PTsource,   1,    0.0000000000E+00,    1.6341120125E+02,    1.6341120125E+02,    0.0000000000E+00,    0.0000000000E+00,    0.0000000000E+00,    1.6341120125E+02
    133050,      0.676945,CP10_after_neg_clamp,   1,    0.0000000000E+00,    1.6341120125E+02,    1.6341120125E+02,    0.0000000000E+00,    0.0000000000E+00,    0.0000000000E+00,    1.6341120125E+02
    133050,      0.676945,CP11_after_MPI,   1,    0.0000000000E+00,    1.6341120125E+02,    1.6341120125E+02,    0.0000000000E+00,    0.0000000000E+00,    0.0000000000E+00,    1.6341120125E+02
    133050,      0.676945,CP12_end,   1,    0.0000000000E+00,    1.6341120125E+02,    1.6341120125E+02,    0.0000000000E+00,    0.0000000000E+00,    0.0000000000E+00,    1.6341120125E+02
    133100,      0.676945,CP0_start,   1,    0.0000000000E+00,    1.6351235866E+02,    1.6351235866E+02,    0.0000000000E+00,    0.0000000000E+00,    0.0000000000E+00,    1.6351235866E+02
    133100,      0.676945,CP1_after_deposition,   1,    0.0000000000E+00,    1.6351235866E+02,    1.6351235866E+02,    0.0000000000E+00,    0.0000000000E+00,    0.0000000000E+00,    1.6351235866E+02
    133100,      0.676945,CP2_after_erosion,   1,    0.0000000000E+00,    1.6351235866E+02,    1.6351235866E+02,    0.0000000000E+00,    0.0000000000E+00,    0.0000000000E+00,    1.6351235866E+02
    133100,      0.676945,CP3_after_update_bottom,   1,    0.0000000000E+00,    1.6351235866E+02,    1.6351235866E+02,    0.0000000000E+00,    0.0000000000E+00,    0.0000000000E+00,    1.6351235866E+02
    133100,      0.676945,CP4_after_advection,   1,    0.0000000000E+00,    1.6351120404E+02,    1.6351120404E+02,    0.0000000000E+00,    0.0000000000E+00,    0.0000000000E+00,    1.6351120404E+02
    133100,      0.676945,CP5_after_vdif,   1,    0.0000000000E+00,    1.6351120404E+02,    1.6351120404E+02,    0.0000000000E+00,    0.0000000000E+00,    0.0000000000E+00,    1.6351120404E+02
    133100,      0.676945,CP6_after_kinetics,   1,    0.0000000000E+00,    1.6351120404E+02,    1.6351120404E+02,    0.0000000000E+00,    0.0000000000E+00,    0.0000000000E+00,    1.6351120404E+02
    133100,      0.676945,CP7_after_upper_clamp,   1,    0.0000000000E+00,    1.6351120404E+02,    1.6351120404E+02,    0.0000000000E+00,    0.0000000000E+00,    0.0000000000E+00,    1.6351120404E+02
    133100,      0.676945,CP8_after_OBC,   1,    0.0000000000E+00,    1.6351120404E+02,    1.6351120404E+02,    0.0000000000E+00,    0.0000000000E+00,    0.0000000000E+00,    1.6351120404E+02
    133100,      0.676945,CP9_after_PTsource,   1,    0.0000000000E+00,    1.6351120404E+02,    1.6351120404E+02,    0.0000000000E+00,    0.0000000000E+00,    0.0000000000E+00,    1.6351120404E+02
    133100,      0.676945,CP10_after_neg_clamp,   1,    0.0000000000E+00,    1.6351120404E+02,    1.6351120404E+02,    0.0000000000E+00,    0.0000000000E+00,    0.0000000000E+00,    1.6351120404E+02
    133100,      0.676945,CP11_after_MPI,   1,    0.0000000000E+00,    1.6351120404E+02,    1.6351120404E+02,    0.0000000000E+00,    0.0000000000E+00,    0.0000000000E+00,    1.6351120404E+02
    133100,      0.676945,CP12_end,   1,    0.0000000000E+00,    1.6351120404E+02,    1.6351120404E+02,    0.0000000000E+00,    0.0000000000E+00,    0.0000000000E+00,    1.6351120404E+02
    133150,      0.676945,CP0_start,   1,    0.0000000000E+00,    1.6361924293E+02,    1.6361924293E+02,    0.0000000000E+00,    0.0000000000E+00,    0.0000000000E+00,    1.6361924293E+02
    133150,      0.676945,CP1_after_deposition,   1,    0.0000000000E+00,    1.6361924293E+02,    1.6361924293E+02,    0.0000000000E+00,    0.0000000000E+00,    0.0000000000E+00,    1.6361924293E+02
    133150,      0.676945,CP2_after_erosion,   1,    0.0000000000E+00,    1.6361924293E+02,    1.6361924293E+02,    0.0000000000E+00,    0.0000000000E+00,    0.0000000000E+00,    1.6361924293E+02
    133150,      0.676945,CP3_after_update_bottom,   1,    0.0000000000E+00,    1.6361924293E+02,    1.6361924293E+02,    0.0000000000E+00,    0.0000000000E+00,    0.0000000000E+00,    1.6361924293E+02
    133150,      0.676945,CP4_after_advection,   1,    0.0000000000E+00,    1.6361802434E+02,    1.6361802434E+02,    0.0000000000E+00,    0.0000000000E+00,    0.0000000000E+00,    1.6361802434E+02
    133150,      0.676945,CP5_after_vdif,   1,    0.0000000000E+00,    1.6361802434E+02,    1.6361802434E+02,    0.0000000000E+00,    0.0000000000E+00,    0.0000000000E+00,    1.6361802434E+02
    133150,      0.676945,CP6_after_kinetics,   1,    0.0000000000E+00,    1.6361802434E+02,    1.6361802434E+02,    0.0000000000E+00,    0.0000000000E+00,    0.0000000000E+00,    1.6361802434E+02
    133150,      0.676945,CP7_after_upper_clamp,   1,    0.0000000000E+00,    1.6361802434E+02,    1.6361802434E+02,    0.0000000000E+00,    0.0000000000E+00,    0.0000000000E+00,    1.6361802434E+02
    133150,      0.676945,CP8_after_OBC,   1,    0.0000000000E+00,    1.6361802434E+02,    1.6361802434E+02,    0.0000000000E+00,    0.0000000000E+00,    0.0000000000E+00,    1.6361802434E+02
    133150,      0.676945,CP9_after_PTsource,   1,    0.0000000000E+00,    1.6361802434E+02,    1.6361802434E+02,    0.0000000000E+00,    0.0000000000E+00,    0.0000000000E+00,    1.6361802434E+02
    133150,      0.676945,CP10_after_neg_clamp,   1,    0.0000000000E+00,    1.6361802434E+02,    1.6361802434E+02,    0.0000000000E+00,    0.0000000000E+00,    0.0000000000E+00,    1.6361802434E+02
    133150,      0.676945,CP11_after_MPI,   1,    0.0000000000E+00,    1.6361802434E+02,    1.6361802434E+02,    0.0000000000E+00,    0.0000000000E+00,    0.0000000000E+00,    1.6361802434E+02
    133150,      0.676945,CP12_end,   1,    0.0000000000E+00,    1.6361802434E+02,    1.6361802434E+02,    0.0000000000E+00,    0.0000000000E+00,    0.0000000000E+00,    1.6361802434E+02
    133200,      0.676945,CP0_start,   1,    0.0000000000E+00,    1.6373187993E+02,    1.6373187993E+02,    0.0000000000E+00,    0.0000000000E+00,    0.0000000000E+00,    1.6373187993E+02
    133200,      0.676945,CP1_after_deposition,   1,    0.0000000000E+00,    1.6373187993E+02,    1.6373187993E+02,    0.0000000000E+00,    0.0000000000E+00,    0.0000000000E+00,    1.6373187993E+02
    133200,      0.676945,CP2_after_erosion,   1,    0.0000000000E+00,    1.6373187993E+02,    1.6373187993E+02,    0.0000000000E+00,    0.0000000000E+00,    0.0000000000E+00,    1.6373187993E+02
    133200,      0.676945,CP3_after_update_bottom,   1,    0.0000000000E+00,    1.6373187993E+02,    1.6373187993E+02,    0.0000000000E+00,    0.0000000000E+00,    0.0000000000E+00,    1.6373187993E+02
    133200,      0.676945,CP4_after_advection,   1,    0.0000000000E+00,    1.6373055319E+02,    1.6373055319E+02,    0.0000000000E+00,    0.0000000000E+00,    0.0000000000E+00,    1.6373055319E+02
    133200,      0.676945,CP5_after_vdif,   1,    0.0000000000E+00,    1.6373055319E+02,    1.6373055319E+02,    0.0000000000E+00,    0.0000000000E+00,    0.0000000000E+00,    1.6373055319E+02
    133200,      0.676945,CP6_after_kinetics,   1,    0.0000000000E+00,    1.6373055319E+02,    1.6373055319E+02,    0.0000000000E+00,    0.0000000000E+00,    0.0000000000E+00,    1.6373055319E+02
    133200,      0.676945,CP7_after_upper_clamp,   1,    0.0000000000E+00,    1.6373055319E+02,    1.6373055319E+02,    0.0000000000E+00,    0.0000000000E+00,    0.0000000000E+00,    1.6373055319E+02
    133200,      0.676945,CP8_after_OBC,   1,    0.0000000000E+00,    1.6373055319E+02,    1.6373055319E+02,    0.0000000000E+00,    0.0000000000E+00,    0.0000000000E+00,    1.6373055319E+02
    133200,      0.676945,CP9_after_PTsource,   1,    0.0000000000E+00,    1.6373055319E+02,    1.6373055319E+02,    0.0000000000E+00,    0.0000000000E+00,    0.0000000000E+00,    1.6373055319E+02
    133200,      0.676945,CP10_after_neg_clamp,   1,    0.0000000000E+00,    1.6373055319E+02,    1.6373055319E+02,    0.0000000000E+00,    0.0000000000E+00,    0.0000000000E+00,    1.6373055319E+02
    133200,      0.676945,CP11_after_MPI,   1,    0.0000000000E+00,    1.6373055319E+02,    1.6373055319E+02,    0.0000000000E+00,    0.0000000000E+00,    0.0000000000E+00,    1.6373055319E+02
    133200,      0.676945,CP12_end,   1,    0.0000000000E+00,    1.6373055319E+02,    1.6373055319E+02,    0.0000000000E+00,    0.0000000000E+00,    0.0000000000E+00,    1.6373055319E+02
    133250,      0.676945,CP0_start,   1,    0.0000000000E+00,    1.6384772945E+02,    1.6384772945E+02,    0.0000000000E+00,    0.0000000000E+00,    0.0000000000E+00,    1.6384772945E+02
    133250,      0.676945,CP1_after_deposition,   1,    0.0000000000E+00,    1.6384772945E+02,    1.6384772945E+02,    0.0000000000E+00,    0.0000000000E+00,    0.0000000000E+00,    1.6384772945E+02
    133250,      0.676945,CP2_after_erosion,   1,    0.0000000000E+00,    1.6384772945E+02,    1.6384772945E+02,    0.0000000000E+00,    0.0000000000E+00,    0.0000000000E+00,    1.6384772945E+02
    133250,      0.676945,CP3_after_update_bottom,   1,    0.0000000000E+00,    1.6384772945E+02,    1.6384772945E+02,    0.0000000000E+00,    0.0000000000E+00,    0.0000000000E+00,    1.6384772945E+02
    133250,      0.676945,CP4_after_advection,   1,    0.0000000000E+00,    1.6384623010E+02,    1.6384623010E+02,    0.0000000000E+00,    0.0000000000E+00,    0.0000000000E+00,    1.6384623010E+02
    133250,      0.676945,CP5_after_vdif,   1,    0.0000000000E+00,    1.6384623010E+02,    1.6384623010E+02,    0.0000000000E+00,    0.0000000000E+00,    0.0000000000E+00,    1.6384623010E+02
    133250,      0.676945,CP6_after_kinetics,   1,    0.0000000000E+00,    1.6384623010E+02,    1.6384623010E+02,    0.0000000000E+00,    0.0000000000E+00,    0.0000000000E+00,    1.6384623010E+02
    133250,      0.676945,CP7_after_upper_clamp,   1,    0.0000000000E+00,    1.6384623010E+02,    1.6384623010E+02,    0.0000000000E+00,    0.0000000000E+00,    0.0000000000E+00,    1.6384623010E+02
    133250,      0.676945,CP8_after_OBC,   1,    0.0000000000E+00,    1.6384623010E+02,    1.6384623010E+02,    0.0000000000E+00,    0.0000000000E+00,    0.0000000000E+00,    1.6384623010E+02
    133250,      0.676945,CP9_after_PTsource,   1,    0.0000000000E+00,    1.6384623010E+02,    1.6384623010E+02,    0.0000000000E+00,    0.0000000000E+00,    0.0000000000E+00,    1.6384623010E+02
    133250,      0.676945,CP10_after_neg_clamp,   1,    0.0000000000E+00,    1.6384623010E+02,    1.6384623010E+02,    0.0000000000E+00,    0.0000000000E+00,    0.0000000000E+00,    1.6384623010E+02
    133250,      0.676945,CP11_after_MPI,   1,    0.0000000000E+00,    1.6384623010E+02,    1.6384623010E+02,    0.0000000000E+00,    0.0000000000E+00,    0.0000000000E+00,    1.6384623010E+02
    133250,      0.676945,CP12_end,   1,    0.0000000000E+00,    1.6384623010E+02,    1.6384623010E+02,    0.0000000000E+00,    0.0000000000E+00,    0.0000000000E+00,    1.6384623010E+02
    133300,      0.676945,CP0_start,   1,    0.0000000000E+00,    1.6396321484E+02,    1.6396321484E+02,    0.0000000000E+00,    0.0000000000E+00,    0.0000000000E+00,    1.6396321484E+02
    133300,      0.676945,CP1_after_deposition,   1,    0.0000000000E+00,    1.6396321484E+02,    1.6396321484E+02,    0.0000000000E+00,    0.0000000000E+00,    0.0000000000E+00,    1.6396321484E+02
    133300,      0.676945,CP2_after_erosion,   1,    0.0000000000E+00,    1.6396321484E+02,    1.6396321484E+02,    0.0000000000E+00,    0.0000000000E+00,    0.0000000000E+00,    1.6396321484E+02
    133300,      0.676945,CP3_after_update_bottom,   1,    0.0000000000E+00,    1.6396321484E+02,    1.6396321484E+02,    0.0000000000E+00,    0.0000000000E+00,    0.0000000000E+00,    1.6396321484E+02
    133300,      0.676945,CP4_after_advection,   1,    0.0000000000E+00,    1.6396146752E+02,    1.6396146752E+02,    0.0000000000E+00,    0.0000000000E+00,    0.0000000000E+00,    1.6396146752E+02
    133300,      0.676945,CP5_after_vdif,   1,    0.0000000000E+00,    1.6396146752E+02,    1.6396146752E+02,    0.0000000000E+00,    0.0000000000E+00,    0.0000000000E+00,    1.6396146752E+02
    133300,      0.676945,CP6_after_kinetics,   1,    0.0000000000E+00,    1.6396146752E+02,    1.6396146752E+02,    0.0000000000E+00,    0.0000000000E+00,    0.0000000000E+00,    1.6396146752E+02
    133300,      0.676945,CP7_after_upper_clamp,   1,    0.0000000000E+00,    1.6396146752E+02,    1.6396146752E+02,    0.0000000000E+00,    0.0000000000E+00,    0.0000000000E+00,    1.6396146752E+02
    133300,      0.676945,CP8_after_OBC,   1,    0.0000000000E+00,    1.6396146752E+02,    1.6396146752E+02,    0.0000000000E+00,    0.0000000000E+00,    0.0000000000E+00,    1.6396146752E+02
    133300,      0.676945,CP9_after_PTsource,   1,    0.0000000000E+00,    1.6396146752E+02,    1.6396146752E+02,    0.0000000000E+00,    0.0000000000E+00,    0.0000000000E+00,    1.6396146752E+02
    133300,      0.676945,CP10_after_neg_clamp,   1,    0.0000000000E+00,    1.6396146752E+02,    1.6396146752E+02,    0.0000000000E+00,    0.0000000000E+00,    0.0000000000E+00,    1.6396146752E+02
    133300,      0.676945,CP11_after_MPI,   1,    0.0000000000E+00,    1.6396146752E+02,    1.6396146752E+02,    0.0000000000E+00,    0.0000000000E+00,    0.0000000000E+00,    1.6396146752E+02
    133300,      0.676945,CP12_end,   1,    0.0000000000E+00,    1.6396146752E+02,    1.6396146752E+02,    0.0000000000E+00,    0.0000000000E+00,    0.0000000000E+00,    1.6396146752E+02
    133350,      0.676945,CP0_start,   1,    0.0000000000E+00,    1.6407550358E+02,    1.6407550358E+02,    0.0000000000E+00,    0.0000000000E+00,    0.0000000000E+00,    1.6407550358E+02
    133350,      0.676945,CP1_after_deposition,   1,    0.0000000000E+00,    1.6407550358E+02,    1.6407550358E+02,    0.0000000000E+00,    0.0000000000E+00,    0.0000000000E+00,    1.6407550358E+02
    133350,      0.676945,CP2_after_erosion,   1,    0.0000000000E+00,    1.6407550358E+02,    1.6407550358E+02,    0.0000000000E+00,    0.0000000000E+00,    0.0000000000E+00,    1.6407550358E+02
    133350,      0.676945,CP3_after_update_bottom,   1,    0.0000000000E+00,    1.6407550358E+02,    1.6407550358E+02,    0.0000000000E+00,    0.0000000000E+00,    0.0000000000E+00,    1.6407550358E+02
    133350,      0.676945,CP4_after_advection,   1,    0.0000000000E+00,    1.6407347325E+02,    1.6407347325E+02,    0.0000000000E+00,    0.0000000000E+00,    0.0000000000E+00,    1.6407347325E+02
    133350,      0.676945,CP5_after_vdif,   1,    0.0000000000E+00,    1.6407347325E+02,    1.6407347325E+02,    0.0000000000E+00,    0.0000000000E+00,    0.0000000000E+00,    1.6407347325E+02
    133350,      0.676945,CP6_after_kinetics,   1,    0.0000000000E+00,    1.6407347325E+02,    1.6407347325E+02,    0.0000000000E+00,    0.0000000000E+00,    0.0000000000E+00,    1.6407347325E+02
    133350,      0.676945,CP7_after_upper_clamp,   1,    0.0000000000E+00,    1.6407347325E+02,    1.6407347325E+02,    0.0000000000E+00,    0.0000000000E+00,    0.0000000000E+00,    1.6407347325E+02
    133350,      0.676945,CP8_after_OBC,   1,    0.0000000000E+00,    1.6407347325E+02,    1.6407347325E+02,    0.0000000000E+00,    0.0000000000E+00,    0.0000000000E+00,    1.6407347325E+02
    133350,      0.676945,CP9_after_PTsource,   1,    0.0000000000E+00,    1.6407347325E+02,    1.6407347325E+02,    0.0000000000E+00,    0.0000000000E+00,    0.0000000000E+00,    1.6407347325E+02
    133350,      0.676945,CP10_after_neg_clamp,   1,    0.0000000000E+00,    1.6407347325E+02,    1.6407347325E+02,    0.0000000000E+00,    0.0000000000E+00,    0.0000000000E+00,    1.6407347325E+02
    133350,      0.676945,CP11_after_MPI,   1,    0.0000000000E+00,    1.6407347325E+02,    1.6407347325E+02,    0.0000000000E+00,    0.0000000000E+00,    0.0000000000E+00,    1.6407347325E+02
    133350,      0.676945,CP12_end,   1,    0.0000000000E+00,    1.6407347325E+02,    1.6407347325E+02,    0.0000000000E+00,    0.0000000000E+00,    0.0000000000E+00,    1.6407347325E+02
    133400,      0.676945,CP0_start,   1,    0.0000000000E+00,    1.6418343063E+02,    1.6418343063E+02,    0.0000000000E+00,    0.0000000000E+00,    0.0000000000E+00,    1.6418343063E+02
    133400,      0.676945,CP1_after_deposition,   1,    0.0000000000E+00,    1.6418343063E+02,    1.6418343063E+02,    0.0000000000E+00,    0.0000000000E+00,    0.0000000000E+00,    1.6418343063E+02
    133400,      0.676945,CP2_after_erosion,   1,    0.0000000000E+00,    1.6418343063E+02,    1.6418343063E+02,    0.0000000000E+00,    0.0000000000E+00,    0.0000000000E+00,    1.6418343063E+02
    133400,      0.676945,CP3_after_update_bottom,   1,    0.0000000000E+00,    1.6418343063E+02,    1.6418343063E+02,    0.0000000000E+00,    0.0000000000E+00,    0.0000000000E+00,    1.6418343063E+02
    133400,      0.676945,CP4_after_advection,   1,    0.0000000000E+00,    1.6418109620E+02,    1.6418109620E+02,    0.0000000000E+00,    0.0000000000E+00,    0.0000000000E+00,    1.6418109620E+02
    133400,      0.676945,CP5_after_vdif,   1,    0.0000000000E+00,    1.6418109620E+02,    1.6418109620E+02,    0.0000000000E+00,    0.0000000000E+00,    0.0000000000E+00,    1.6418109620E+02
    133400,      0.676945,CP6_after_kinetics,   1,    0.0000000000E+00,    1.6418109620E+02,    1.6418109620E+02,    0.0000000000E+00,    0.0000000000E+00,    0.0000000000E+00,    1.6418109620E+02
    133400,      0.676945,CP7_after_upper_clamp,   1,    0.0000000000E+00,    1.6418109620E+02,    1.6418109620E+02,    0.0000000000E+00,    0.0000000000E+00,    0.0000000000E+00,    1.6418109620E+02
    133400,      0.676945,CP8_after_OBC,   1,    0.0000000000E+00,    1.6418109620E+02,    1.6418109620E+02,    0.0000000000E+00,    0.0000000000E+00,    0.0000000000E+00,    1.6418109620E+02
    133400,      0.676945,CP9_after_PTsource,   1,    0.0000000000E+00,    1.6418109620E+02,    1.6418109620E+02,    0.0000000000E+00,    0.0000000000E+00,    0.0000000000E+00,    1.6418109620E+02
    133400,      0.676945,CP10_after_neg_clamp,   1,    0.0000000000E+00,    1.6418109620E+02,    1.6418109620E+02,    0.0000000000E+00,    0.0000000000E+00,    0.0000000000E+00,    1.6418109620E+02
    133400,      0.676945,CP11_after_MPI,   1,    0.0000000000E+00,    1.6418109620E+02,    1.6418109620E+02,    0.0000000000E+00,    0.0000000000E+00,    0.0000000000E+00,    1.6418109620E+02
    133400,      0.676945,CP12_end,   1,    0.0000000000E+00,    1.6418109620E+02,    1.6418109620E+02,    0.0000000000E+00,    0.0000000000E+00,    0.0000000000E+00,    1.6418109620E+02
    133450,      0.676945,CP0_start,   1,    0.0000000000E+00,    1.6428632255E+02,    1.6428632255E+02,    0.0000000000E+00,    0.0000000000E+00,    0.0000000000E+00,    1.6428632255E+02
    133450,      0.676945,CP1_after_deposition,   1,    0.0000000000E+00,    1.6428632255E+02,    1.6428632255E+02,    0.0000000000E+00,    0.0000000000E+00,    0.0000000000E+00,    1.6428632255E+02
    133450,      0.676945,CP2_after_erosion,   1,    0.0000000000E+00,    1.6428632255E+02,    1.6428632255E+02,    0.0000000000E+00,    0.0000000000E+00,    0.0000000000E+00,    1.6428632255E+02
    133450,      0.676945,CP3_after_update_bottom,   1,    0.0000000000E+00,    1.6428632255E+02,    1.6428632255E+02,    0.0000000000E+00,    0.0000000000E+00,    0.0000000000E+00,    1.6428632255E+02
    133450,      0.676945,CP4_after_advection,   1,    0.0000000000E+00,    1.6428368421E+02,    1.6428368421E+02,    0.0000000000E+00,    0.0000000000E+00,    0.0000000000E+00,    1.6428368421E+02
    133450,      0.676945,CP5_after_vdif,   1,    0.0000000000E+00,    1.6428368421E+02,    1.6428368421E+02,    0.0000000000E+00,    0.0000000000E+00,    0.0000000000E+00,    1.6428368421E+02
    133450,      0.676945,CP6_after_kinetics,   1,    0.0000000000E+00,    1.6428368421E+02,    1.6428368421E+02,    0.0000000000E+00,    0.0000000000E+00,    0.0000000000E+00,    1.6428368421E+02
    133450,      0.676945,CP7_after_upper_clamp,   1,    0.0000000000E+00,    1.6428368421E+02,    1.6428368421E+02,    0.0000000000E+00,    0.0000000000E+00,    0.0000000000E+00,    1.6428368421E+02
    133450,      0.676945,CP8_after_OBC,   1,    0.0000000000E+00,    1.6428368421E+02,    1.6428368421E+02,    0.0000000000E+00,    0.0000000000E+00,    0.0000000000E+00,    1.6428368421E+02
    133450,      0.676945,CP9_after_PTsource,   1,    0.0000000000E+00,    1.6428368421E+02,    1.6428368421E+02,    0.0000000000E+00,    0.0000000000E+00,    0.0000000000E+00,    1.6428368421E+02
    133450,      0.676945,CP10_after_neg_clamp,   1,    0.0000000000E+00,    1.6428368421E+02,    1.6428368421E+02,    0.0000000000E+00,    0.0000000000E+00,    0.0000000000E+00,    1.6428368421E+02
    133450,      0.676945,CP11_after_MPI,   1,    0.0000000000E+00,    1.6428368421E+02,    1.6428368421E+02,    0.0000000000E+00,    0.0000000000E+00,    0.0000000000E+00,    1.6428368421E+02
    133450,      0.676945,CP12_end,   1,    0.0000000000E+00,    1.6428368421E+02,    1.6428368421E+02,    0.0000000000E+00,    0.0000000000E+00,    0.0000000000E+00,    1.6428368421E+02
    133500,      0.676945,CP0_start,   1,    0.0000000000E+00,    1.6438471109E+02,    1.6438471109E+02,    0.0000000000E+00,    0.0000000000E+00,    0.0000000000E+00,    1.6438471109E+02
    133500,      0.676945,CP1_after_deposition,   1,    0.0000000000E+00,    1.6438471109E+02,    1.6438471109E+02,    0.0000000000E+00,    0.0000000000E+00,    0.0000000000E+00,    1.6438471109E+02
    133500,      0.676945,CP2_after_erosion,   1,    0.0000000000E+00,    1.6438471109E+02,    1.6438471109E+02,    0.0000000000E+00,    0.0000000000E+00,    0.0000000000E+00,    1.6438471109E+02
    133500,      0.676945,CP3_after_update_bottom,   1,    0.0000000000E+00,    1.6438471109E+02,    1.6438471109E+02,    0.0000000000E+00,    0.0000000000E+00,    0.0000000000E+00,    1.6438471109E+02
    133500,      0.676945,CP4_after_advection,   1,    0.0000000000E+00,    1.6438179266E+02,    1.6438179266E+02,    0.0000000000E+00,    0.0000000000E+00,    0.0000000000E+00,    1.6438179266E+02
    133500,      0.676945,CP5_after_vdif,   1,    0.0000000000E+00,    1.6438179266E+02,    1.6438179266E+02,    0.0000000000E+00,    0.0000000000E+00,    0.0000000000E+00,    1.6438179266E+02
    133500,      0.676945,CP6_after_kinetics,   1,    0.0000000000E+00,    1.6438179266E+02,    1.6438179266E+02,    0.0000000000E+00,    0.0000000000E+00,    0.0000000000E+00,    1.6438179266E+02
    133500,      0.676945,CP7_after_upper_clamp,   1,    0.0000000000E+00,    1.6438179266E+02,    1.6438179266E+02,    0.0000000000E+00,    0.0000000000E+00,    0.0000000000E+00,    1.6438179266E+02
    133500,      0.676945,CP8_after_OBC,   1,    0.0000000000E+00,    1.6438179266E+02,    1.6438179266E+02,    0.0000000000E+00,    0.0000000000E+00,    0.0000000000E+00,    1.6438179266E+02
    133500,      0.676945,CP9_after_PTsource,   1,    0.0000000000E+00,    1.6438179266E+02,    1.6438179266E+02,    0.0000000000E+00,    0.0000000000E+00,    0.0000000000E+00,    1.6438179266E+02
    133500,      0.676945,CP10_after_neg_clamp,   1,    0.0000000000E+00,    1.6438179266E+02,    1.6438179266E+02,    0.0000000000E+00,    0.0000000000E+00,    0.0000000000E+00,    1.6438179266E+02
    133500,      0.676945,CP11_after_MPI,   1,    0.0000000000E+00,    1.6438179266E+02,    1.6438179266E+02,    0.0000000000E+00,    0.0000000000E+00,    0.0000000000E+00,    1.6438179266E+02
    133500,      0.676945,CP12_end,   1,    0.0000000000E+00,    1.6438179266E+02,    1.6438179266E+02,    0.0000000000E+00,    0.0000000000E+00,    0.0000000000E+00,    1.6438179266E+02
    133550,      0.676946,CP0_start,   1,    0.0000000000E+00,    1.6448043270E+02,    1.6448043270E+02,    0.0000000000E+00,    0.0000000000E+00,    0.0000000000E+00,    1.6448043270E+02
    133550,      0.676946,CP1_after_deposition,   1,    0.0000000000E+00,    1.6448043270E+02,    1.6448043270E+02,    0.0000000000E+00,    0.0000000000E+00,    0.0000000000E+00,    1.6448043270E+02
    133550,      0.676946,CP2_after_erosion,   1,    0.0000000000E+00,    1.6448043270E+02,    1.6448043270E+02,    0.0000000000E+00,    0.0000000000E+00,    0.0000000000E+00,    1.6448043270E+02
    133550,      0.676946,CP3_after_update_bottom,   1,    0.0000000000E+00,    1.6448043270E+02,    1.6448043270E+02,    0.0000000000E+00,    0.0000000000E+00,    0.0000000000E+00,    1.6448043270E+02
    133550,      0.676946,CP4_after_advection,   1,    0.0000000000E+00,    1.6447727901E+02,    1.6447727901E+02,    0.0000000000E+00,    0.0000000000E+00,    0.0000000000E+00,    1.6447727901E+02
    133550,      0.676946,CP5_after_vdif,   1,    0.0000000000E+00,    1.6447727901E+02,    1.6447727901E+02,    0.0000000000E+00,    0.0000000000E+00,    0.0000000000E+00,    1.6447727901E+02
    133550,      0.676946,CP6_after_kinetics,   1,    0.0000000000E+00,    1.6447727901E+02,    1.6447727901E+02,    0.0000000000E+00,    0.0000000000E+00,    0.0000000000E+00,    1.6447727901E+02
    133550,      0.676946,CP7_after_upper_clamp,   1,    0.0000000000E+00,    1.6447727901E+02,    1.6447727901E+02,    0.0000000000E+00,    0.0000000000E+00,    0.0000000000E+00,    1.6447727901E+02
    133550,      0.676946,CP8_after_OBC,   1,    0.0000000000E+00,    1.6447727901E+02,    1.6447727901E+02,    0.0000000000E+00,    0.0000000000E+00,    0.0000000000E+00,    1.6447727901E+02
    133550,      0.676946,CP9_after_PTsource,   1,    0.0000000000E+00,    1.6447727901E+02,    1.6447727901E+02,    0.0000000000E+00,    0.0000000000E+00,    0.0000000000E+00,    1.6447727901E+02
    133550,      0.676946,CP10_after_neg_clamp,   1,    0.0000000000E+00,    1.6447727901E+02,    1.6447727901E+02,    0.0000000000E+00,    0.0000000000E+00,    0.0000000000E+00,    1.6447727901E+02
    133550,      0.676946,CP11_after_MPI,   1,    0.0000000000E+00,    1.6447727901E+02,    1.6447727901E+02,    0.0000000000E+00,    0.0000000000E+00,    0.0000000000E+00,    1.6447727901E+02
    133550,      0.676946,CP12_end,   1,    0.0000000000E+00,    1.6447727901E+02,    1.6447727901E+02,    0.0000000000E+00,    0.0000000000E+00,    0.0000000000E+00,    1.6447727901E+02
    133600,      0.676946,CP0_start,   1,    0.0000000000E+00,    1.6457576083E+02,    1.6457576083E+02,    0.0000000000E+00,    0.0000000000E+00,    0.0000000000E+00,    1.6457576083E+02
    133600,      0.676946,CP1_after_deposition,   1,    0.0000000000E+00,    1.6457576083E+02,    1.6457576083E+02,    0.0000000000E+00,    0.0000000000E+00,    0.0000000000E+00,    1.6457576083E+02
    133600,      0.676946,CP2_after_erosion,   1,    0.0000000000E+00,    1.6457576083E+02,    1.6457576083E+02,    0.0000000000E+00,    0.0000000000E+00,    0.0000000000E+00,    1.6457576083E+02
    133600,      0.676946,CP3_after_update_bottom,   1,    0.0000000000E+00,    1.6457576083E+02,    1.6457576083E+02,    0.0000000000E+00,    0.0000000000E+00,    0.0000000000E+00,    1.6457576083E+02
    133600,      0.676946,CP4_after_advection,   1,    0.0000000000E+00,    1.6457241880E+02,    1.6457241880E+02,    0.0000000000E+00,    0.0000000000E+00,    0.0000000000E+00,    1.6457241880E+02
    133600,      0.676946,CP5_after_vdif,   1,    0.0000000000E+00,    1.6457241880E+02,    1.6457241880E+02,    0.0000000000E+00,    0.0000000000E+00,    0.0000000000E+00,    1.6457241880E+02
    133600,      0.676946,CP6_after_kinetics,   1,    0.0000000000E+00,    1.6457241880E+02,    1.6457241880E+02,    0.0000000000E+00,    0.0000000000E+00,    0.0000000000E+00,    1.6457241880E+02
    133600,      0.676946,CP7_after_upper_clamp,   1,    0.0000000000E+00,    1.6457241880E+02,    1.6457241880E+02,    0.0000000000E+00,    0.0000000000E+00,    0.0000000000E+00,    1.6457241880E+02
    133600,      0.676946,CP8_after_OBC,   1,    0.0000000000E+00,    1.6457241880E+02,    1.6457241880E+02,    0.0000000000E+00,    0.0000000000E+00,    0.0000000000E+00,    1.6457241880E+02
    133600,      0.676946,CP9_after_PTsource,   1,    0.0000000000E+00,    1.6457241880E+02,    1.6457241880E+02,    0.0000000000E+00,    0.0000000000E+00,    0.0000000000E+00,    1.6457241880E+02
    133600,      0.676946,CP10_after_neg_clamp,   1,    0.0000000000E+00,    1.6457241880E+02,    1.6457241880E+02,    0.0000000000E+00,    0.0000000000E+00,    0.0000000000E+00,    1.6457241880E+02
    133600,      0.676946,CP11_after_MPI,   1,    0.0000000000E+00,    1.6457241880E+02,    1.6457241880E+02,    0.0000000000E+00,    0.0000000000E+00,    0.0000000000E+00,    1.6457241880E+02
    133600,      0.676946,CP12_end,   1,    0.0000000000E+00,    1.6457241880E+02,    1.6457241880E+02,    0.0000000000E+00,    0.0000000000E+00,    0.0000000000E+00,    1.6457241880E+02
    133650,      0.676946,CP0_start,   1,    0.0000000000E+00,    1.6467246638E+02,    1.6467246638E+02,    0.0000000000E+00,    0.0000000000E+00,    0.0000000000E+00,    1.6467246638E+02
    133650,      0.676946,CP1_after_deposition,   1,    0.0000000000E+00,    1.6467246638E+02,    1.6467246638E+02,    0.0000000000E+00,    0.0000000000E+00,    0.0000000000E+00,    1.6467246638E+02
    133650,      0.676946,CP2_after_erosion,   1,    0.0000000000E+00,    1.6467246638E+02,    1.6467246638E+02,    0.0000000000E+00,    0.0000000000E+00,    0.0000000000E+00,    1.6467246638E+02
    133650,      0.676946,CP3_after_update_bottom,   1,    0.0000000000E+00,    1.6467246638E+02,    1.6467246638E+02,    0.0000000000E+00,    0.0000000000E+00,    0.0000000000E+00,    1.6467246638E+02
    133650,      0.676946,CP4_after_advection,   1,    0.0000000000E+00,    1.6466896389E+02,    1.6466896389E+02,    0.0000000000E+00,    0.0000000000E+00,    0.0000000000E+00,    1.6466896389E+02
    133650,      0.676946,CP5_after_vdif,   1,    0.0000000000E+00,    1.6466896389E+02,    1.6466896389E+02,    0.0000000000E+00,    0.0000000000E+00,    0.0000000000E+00,    1.6466896389E+02
    133650,      0.676946,CP6_after_kinetics,   1,    0.0000000000E+00,    1.6466896389E+02,    1.6466896389E+02,    0.0000000000E+00,    0.0000000000E+00,    0.0000000000E+00,    1.6466896389E+02
    133650,      0.676946,CP7_after_upper_clamp,   1,    0.0000000000E+00,    1.6466896389E+02,    1.6466896389E+02,    0.0000000000E+00,    0.0000000000E+00,    0.0000000000E+00,    1.6466896389E+02
    133650,      0.676946,CP8_after_OBC,   1,    0.0000000000E+00,    1.6466896389E+02,    1.6466896389E+02,    0.0000000000E+00,    0.0000000000E+00,    0.0000000000E+00,    1.6466896389E+02
    133650,      0.676946,CP9_after_PTsource,   1,    0.0000000000E+00,    1.6466896389E+02,    1.6466896389E+02,    0.0000000000E+00,    0.0000000000E+00,    0.0000000000E+00,    1.6466896389E+02
    133650,      0.676946,CP10_after_neg_clamp,   1,    0.0000000000E+00,    1.6466896389E+02,    1.6466896389E+02,    0.0000000000E+00,    0.0000000000E+00,    0.0000000000E+00,    1.6466896389E+02
    133650,      0.676946,CP11_after_MPI,   1,    0.0000000000E+00,    1.6466896389E+02,    1.6466896389E+02,    0.0000000000E+00,    0.0000000000E+00,    0.0000000000E+00,    1.6466896389E+02
    133650,      0.676946,CP12_end,   1,    0.0000000000E+00,    1.6466896389E+02,    1.6466896389E+02,    0.0000000000E+00,    0.0000000000E+00,    0.0000000000E+00,    1.6466896389E+02
    133700,      0.676946,CP0_start,   1,    0.0000000000E+00,    1.6477134814E+02,    1.6477134814E+02,    0.0000000000E+00,    0.0000000000E+00,    0.0000000000E+00,    1.6477134814E+02
    133700,      0.676946,CP1_after_deposition,   1,    0.0000000000E+00,    1.6477134814E+02,    1.6477134814E+02,    0.0000000000E+00,    0.0000000000E+00,    0.0000000000E+00,    1.6477134814E+02
    133700,      0.676946,CP2_after_erosion,   1,    0.0000000000E+00,    1.6477134814E+02,    1.6477134814E+02,    0.0000000000E+00,    0.0000000000E+00,    0.0000000000E+00,    1.6477134814E+02
    133700,      0.676946,CP3_after_update_bottom,   1,    0.0000000000E+00,    1.6477134814E+02,    1.6477134814E+02,    0.0000000000E+00,    0.0000000000E+00,    0.0000000000E+00,    1.6477134814E+02
    133700,      0.676946,CP4_after_advection,   1,    0.0000000000E+00,    1.6476769038E+02,    1.6476769038E+02,    0.0000000000E+00,    0.0000000000E+00,    0.0000000000E+00,    1.6476769038E+02
    133700,      0.676946,CP5_after_vdif,   1,    0.0000000000E+00,    1.6476769038E+02,    1.6476769038E+02,    0.0000000000E+00,    0.0000000000E+00,    0.0000000000E+00,    1.6476769038E+02
    133700,      0.676946,CP6_after_kinetics,   1,    0.0000000000E+00,    1.6476769038E+02,    1.6476769038E+02,    0.0000000000E+00,    0.0000000000E+00,    0.0000000000E+00,    1.6476769038E+02
    133700,      0.676946,CP7_after_upper_clamp,   1,    0.0000000000E+00,    1.6476769038E+02,    1.6476769038E+02,    0.0000000000E+00,    0.0000000000E+00,    0.0000000000E+00,    1.6476769038E+02
    133700,      0.676946,CP8_after_OBC,   1,    0.0000000000E+00,    1.6476769038E+02,    1.6476769038E+02,    0.0000000000E+00,    0.0000000000E+00,    0.0000000000E+00,    1.6476769038E+02
    133700,      0.676946,CP9_after_PTsource,   1,    0.0000000000E+00,    1.6476769038E+02,    1.6476769038E+02,    0.0000000000E+00,    0.0000000000E+00,    0.0000000000E+00,    1.6476769038E+02
    133700,      0.676946,CP10_after_neg_clamp,   1,    0.0000000000E+00,    1.6476769038E+02,    1.6476769038E+02,    0.0000000000E+00,    0.0000000000E+00,    0.0000000000E+00,    1.6476769038E+02
    133700,      0.676946,CP11_after_MPI,   1,    0.0000000000E+00,    1.6476769038E+02,    1.6476769038E+02,    0.0000000000E+00,    0.0000000000E+00,    0.0000000000E+00,    1.6476769038E+02
    133700,      0.676946,CP12_end,   1,    0.0000000000E+00,    1.6476769038E+02,    1.6476769038E+02,    0.0000000000E+00,    0.0000000000E+00,    0.0000000000E+00,    1.6476769038E+02
    133750,      0.676946,CP0_start,   1,    0.0000000000E+00,    1.6487184404E+02,    1.6487184404E+02,    0.0000000000E+00,    0.0000000000E+00,    0.0000000000E+00,    1.6487184404E+02
    133750,      0.676946,CP1_after_deposition,   1,    0.0000000000E+00,    1.6487184404E+02,    1.6487184404E+02,    0.0000000000E+00,    0.0000000000E+00,    0.0000000000E+00,    1.6487184404E+02
    133750,      0.676946,CP2_after_erosion,   1,    0.0000000000E+00,    1.6487184404E+02,    1.6487184404E+02,    0.0000000000E+00,    0.0000000000E+00,    0.0000000000E+00,    1.6487184404E+02
    133750,      0.676946,CP3_after_update_bottom,   1,    0.0000000000E+00,    1.6487184404E+02,    1.6487184404E+02,    0.0000000000E+00,    0.0000000000E+00,    0.0000000000E+00,    1.6487184404E+02
    133750,      0.676946,CP4_after_advection,   1,    0.0000000000E+00,    1.6486800777E+02,    1.6486800777E+02,    0.0000000000E+00,    0.0000000000E+00,    0.0000000000E+00,    1.6486800777E+02
    133750,      0.676946,CP5_after_vdif,   1,    0.0000000000E+00,    1.6486800777E+02,    1.6486800777E+02,    0.0000000000E+00,    0.0000000000E+00,    0.0000000000E+00,    1.6486800777E+02
    133750,      0.676946,CP6_after_kinetics,   1,    0.0000000000E+00,    1.6486800777E+02,    1.6486800777E+02,    0.0000000000E+00,    0.0000000000E+00,    0.0000000000E+00,    1.6486800777E+02
    133750,      0.676946,CP7_after_upper_clamp,   1,    0.0000000000E+00,    1.6486800777E+02,    1.6486800777E+02,    0.0000000000E+00,    0.0000000000E+00,    0.0000000000E+00,    1.6486800777E+02
    133750,      0.676946,CP8_after_OBC,   1,    0.0000000000E+00,    1.6486800777E+02,    1.6486800777E+02,    0.0000000000E+00,    0.0000000000E+00,    0.0000000000E+00,    1.6486800777E+02
    133750,      0.676946,CP9_after_PTsource,   1,    0.0000000000E+00,    1.6486800777E+02,    1.6486800777E+02,    0.0000000000E+00,    0.0000000000E+00,    0.0000000000E+00,    1.6486800777E+02
    133750,      0.676946,CP10_after_neg_clamp,   1,    0.0000000000E+00,    1.6486800777E+02,    1.6486800777E+02,    0.0000000000E+00,    0.0000000000E+00,    0.0000000000E+00,    1.6486800777E+02
    133750,      0.676946,CP11_after_MPI,   1,    0.0000000000E+00,    1.6486800777E+02,    1.6486800777E+02,    0.0000000000E+00,    0.0000000000E+00,    0.0000000000E+00,    1.6486800777E+02
    133750,      0.676946,CP12_end,   1,    0.0000000000E+00,    1.6486800777E+02,    1.6486800777E+02,    0.0000000000E+00,    0.0000000000E+00,    0.0000000000E+00,    1.6486800777E+02
    133800,      0.676946,CP0_start,   1,    0.0000000000E+00,    1.6497183255E+02,    1.6497183255E+02,    0.0000000000E+00,    0.0000000000E+00,    0.0000000000E+00,    1.6497183255E+02
    133800,      0.676946,CP1_after_deposition,   1,    0.0000000000E+00,    1.6497183255E+02,    1.6497183255E+02,    0.0000000000E+00,    0.0000000000E+00,    0.0000000000E+00,    1.6497183255E+02
    133800,      0.676946,CP2_after_erosion,   1,    0.0000000000E+00,    1.6497183255E+02,    1.6497183255E+02,    0.0000000000E+00,    0.0000000000E+00,    0.0000000000E+00,    1.6497183255E+02
    133800,      0.676946,CP3_after_update_bottom,   1,    0.0000000000E+00,    1.6497183255E+02,    1.6497183255E+02,    0.0000000000E+00,    0.0000000000E+00,    0.0000000000E+00,    1.6497183255E+02
    133800,      0.676946,CP4_after_advection,   1,    0.0000000000E+00,    1.6496777048E+02,    1.6496777048E+02,    0.0000000000E+00,    0.0000000000E+00,    0.0000000000E+00,    1.6496777048E+02
    133800,      0.676946,CP5_after_vdif,   1,    0.0000000000E+00,    1.6496777048E+02,    1.6496777048E+02,    0.0000000000E+00,    0.0000000000E+00,    0.0000000000E+00,    1.6496777048E+02
    133800,      0.676946,CP6_after_kinetics,   1,    0.0000000000E+00,    1.6496777048E+02,    1.6496777048E+02,    0.0000000000E+00,    0.0000000000E+00,    0.0000000000E+00,    1.6496777048E+02
    133800,      0.676946,CP7_after_upper_clamp,   1,    0.0000000000E+00,    1.6496777048E+02,    1.6496777048E+02,    0.0000000000E+00,    0.0000000000E+00,    0.0000000000E+00,    1.6496777048E+02
    133800,      0.676946,CP8_after_OBC,   1,    0.0000000000E+00,    1.6496777048E+02,    1.6496777048E+02,    0.0000000000E+00,    0.0000000000E+00,    0.0000000000E+00,    1.6496777048E+02
    133800,      0.676946,CP9_after_PTsource,   1,    0.0000000000E+00,    1.6496777048E+02,    1.6496777048E+02,    0.0000000000E+00,    0.0000000000E+00,    0.0000000000E+00,    1.6496777048E+02
    133800,      0.676946,CP10_after_neg_clamp,   1,    0.0000000000E+00,    1.6496777048E+02,    1.6496777048E+02,    0.0000000000E+00,    0.0000000000E+00,    0.0000000000E+00,    1.6496777048E+02
    133800,      0.676946,CP11_after_MPI,   1,    0.0000000000E+00,    1.6496777048E+02,    1.6496777048E+02,    0.0000000000E+00,    0.0000000000E+00,    0.0000000000E+00,    1.6496777048E+02
    133800,      0.676946,CP12_end,   1,    0.0000000000E+00,    1.6496777048E+02,    1.6496777048E+02,    0.0000000000E+00,    0.0000000000E+00,    0.0000000000E+00,    1.6496777048E+02
    133850,      0.676946,CP0_start,   1,    0.0000000000E+00,    1.6506903803E+02,    1.6506903803E+02,    0.0000000000E+00,    0.0000000000E+00,    0.0000000000E+00,    1.6506903803E+02
    133850,      0.676946,CP1_after_deposition,   1,    0.0000000000E+00,    1.6506903803E+02,    1.6506903803E+02,    0.0000000000E+00,    0.0000000000E+00,    0.0000000000E+00,    1.6506903803E+02
    133850,      0.676946,CP2_after_erosion,   1,    0.0000000000E+00,    1.6506903803E+02,    1.6506903803E+02,    0.0000000000E+00,    0.0000000000E+00,    0.0000000000E+00,    1.6506903803E+02
    133850,      0.676946,CP3_after_update_bottom,   1,    0.0000000000E+00,    1.6506903803E+02,    1.6506903803E+02,    0.0000000000E+00,    0.0000000000E+00,    0.0000000000E+00,    1.6506903803E+02
    133850,      0.676946,CP4_after_advection,   1,    0.0000000000E+00,    1.6506471777E+02,    1.6506471777E+02,    0.0000000000E+00,    0.0000000000E+00,    0.0000000000E+00,    1.6506471777E+02
    133850,      0.676946,CP5_after_vdif,   1,    0.0000000000E+00,    1.6506471777E+02,    1.6506471777E+02,    0.0000000000E+00,    0.0000000000E+00,    0.0000000000E+00,    1.6506471777E+02
    133850,      0.676946,CP6_after_kinetics,   1,    0.0000000000E+00,    1.6506471777E+02,    1.6506471777E+02,    0.0000000000E+00,    0.0000000000E+00,    0.0000000000E+00,    1.6506471777E+02
    133850,      0.676946,CP7_after_upper_clamp,   1,    0.0000000000E+00,    1.6506471777E+02,    1.6506471777E+02,    0.0000000000E+00,    0.0000000000E+00,    0.0000000000E+00,    1.6506471777E+02
    133850,      0.676946,CP8_after_OBC,   1,    0.0000000000E+00,    1.6506471777E+02,    1.6506471777E+02,    0.0000000000E+00,    0.0000000000E+00,    0.0000000000E+00,    1.6506471777E+02
    133850,      0.676946,CP9_after_PTsource,   1,    0.0000000000E+00,    1.6506471777E+02,    1.6506471777E+02,    0.0000000000E+00,    0.0000000000E+00,    0.0000000000E+00,    1.6506471777E+02
    133850,      0.676946,CP10_after_neg_clamp,   1,    0.0000000000E+00,    1.6506471777E+02,    1.6506471777E+02,    0.0000000000E+00,    0.0000000000E+00,    0.0000000000E+00,    1.6506471777E+02
    133850,      0.676946,CP11_after_MPI,   1,    0.0000000000E+00,    1.6506471777E+02,    1.6506471777E+02,    0.0000000000E+00,    0.0000000000E+00,    0.0000000000E+00,    1.6506471777E+02
    133850,      0.676946,CP12_end,   1,    0.0000000000E+00,    1.6506471777E+02,    1.6506471777E+02,    0.0000000000E+00,    0.0000000000E+00,    0.0000000000E+00,    1.6506471777E+02
    133900,      0.676946,CP0_start,   1,    0.0000000000E+00,    1.6516188618E+02,    1.6516188618E+02,    0.0000000000E+00,    0.0000000000E+00,    0.0000000000E+00,    1.6516188618E+02
    133900,      0.676946,CP1_after_deposition,   1,    0.0000000000E+00,    1.6516188618E+02,    1.6516188618E+02,    0.0000000000E+00,    0.0000000000E+00,    0.0000000000E+00,    1.6516188618E+02
    133900,      0.676946,CP2_after_erosion,   1,    0.0000000000E+00,    1.6516188618E+02,    1.6516188618E+02,    0.0000000000E+00,    0.0000000000E+00,    0.0000000000E+00,    1.6516188618E+02
    133900,      0.676946,CP3_after_update_bottom,   1,    0.0000000000E+00,    1.6516188618E+02,    1.6516188618E+02,    0.0000000000E+00,    0.0000000000E+00,    0.0000000000E+00,    1.6516188618E+02
    133900,      0.676946,CP4_after_advection,   1,    0.0000000000E+00,    1.6515728773E+02,    1.6515728773E+02,    0.0000000000E+00,    0.0000000000E+00,    0.0000000000E+00,    1.6515728773E+02
    133900,      0.676946,CP5_after_vdif,   1,    0.0000000000E+00,    1.6515728773E+02,    1.6515728773E+02,    0.0000000000E+00,    0.0000000000E+00,    0.0000000000E+00,    1.6515728773E+02
    133900,      0.676946,CP6_after_kinetics,   1,    0.0000000000E+00,    1.6515728773E+02,    1.6515728773E+02,    0.0000000000E+00,    0.0000000000E+00,    0.0000000000E+00,    1.6515728773E+02
    133900,      0.676946,CP7_after_upper_clamp,   1,    0.0000000000E+00,    1.6515728773E+02,    1.6515728773E+02,    0.0000000000E+00,    0.0000000000E+00,    0.0000000000E+00,    1.6515728773E+02
    133900,      0.676946,CP8_after_OBC,   1,    0.0000000000E+00,    1.6515728773E+02,    1.6515728773E+02,    0.0000000000E+00,    0.0000000000E+00,    0.0000000000E+00,    1.6515728773E+02
    133900,      0.676946,CP9_after_PTsource,   1,    0.0000000000E+00,    1.6515728773E+02,    1.6515728773E+02,    0.0000000000E+00,    0.0000000000E+00,    0.0000000000E+00,    1.6515728773E+02
    133900,      0.676946,CP10_after_neg_clamp,   1,    0.0000000000E+00,    1.6515728773E+02,    1.6515728773E+02,    0.0000000000E+00,    0.0000000000E+00,    0.0000000000E+00,    1.6515728773E+02
    133900,      0.676946,CP11_after_MPI,   1,    0.0000000000E+00,    1.6515728773E+02,    1.6515728773E+02,    0.0000000000E+00,    0.0000000000E+00,    0.0000000000E+00,    1.6515728773E+02
    133900,      0.676946,CP12_end,   1,    0.0000000000E+00,    1.6515728773E+02,    1.6515728773E+02,    0.0000000000E+00,    0.0000000000E+00,    0.0000000000E+00,    1.6515728773E+02
    133950,      0.676946,CP0_start,   1,    0.0000000000E+00,    1.6524985524E+02,    1.6524985524E+02,    0.0000000000E+00,    0.0000000000E+00,    0.0000000000E+00,    1.6524985524E+02
    133950,      0.676946,CP1_after_deposition,   1,    0.0000000000E+00,    1.6524985524E+02,    1.6524985524E+02,    0.0000000000E+00,    0.0000000000E+00,    0.0000000000E+00,    1.6524985524E+02
    133950,      0.676946,CP2_after_erosion,   1,    0.0000000000E+00,    1.6524985524E+02,    1.6524985524E+02,    0.0000000000E+00,    0.0000000000E+00,    0.0000000000E+00,    1.6524985524E+02
    133950,      0.676946,CP3_after_update_bottom,   1,    0.0000000000E+00,    1.6524985524E+02,    1.6524985524E+02,    0.0000000000E+00,    0.0000000000E+00,    0.0000000000E+00,    1.6524985524E+02
    133950,      0.676946,CP4_after_advection,   1,    0.0000000000E+00,    1.6524499144E+02,    1.6524499144E+02,    0.0000000000E+00,    0.0000000000E+00,    0.0000000000E+00,    1.6524499144E+02
    133950,      0.676946,CP5_after_vdif,   1,    0.0000000000E+00,    1.6524499144E+02,    1.6524499144E+02,    0.0000000000E+00,    0.0000000000E+00,    0.0000000000E+00,    1.6524499144E+02
    133950,      0.676946,CP6_after_kinetics,   1,    0.0000000000E+00,    1.6524499144E+02,    1.6524499144E+02,    0.0000000000E+00,    0.0000000000E+00,    0.0000000000E+00,    1.6524499144E+02
    133950,      0.676946,CP7_after_upper_clamp,   1,    0.0000000000E+00,    1.6524499144E+02,    1.6524499144E+02,    0.0000000000E+00,    0.0000000000E+00,    0.0000000000E+00,    1.6524499144E+02
    133950,      0.676946,CP8_after_OBC,   1,    0.0000000000E+00,    1.6524499144E+02,    1.6524499144E+02,    0.0000000000E+00,    0.0000000000E+00,    0.0000000000E+00,    1.6524499144E+02
    133950,      0.676946,CP9_after_PTsource,   1,    0.0000000000E+00,    1.6524499144E+02,    1.6524499144E+02,    0.0000000000E+00,    0.0000000000E+00,    0.0000000000E+00,    1.6524499144E+02
    133950,      0.676946,CP10_after_neg_clamp,   1,    0.0000000000E+00,    1.6524499144E+02,    1.6524499144E+02,    0.0000000000E+00,    0.0000000000E+00,    0.0000000000E+00,    1.6524499144E+02
    133950,      0.676946,CP11_after_MPI,   1,    0.0000000000E+00,    1.6524499144E+02,    1.6524499144E+02,    0.0000000000E+00,    0.0000000000E+00,    0.0000000000E+00,    1.6524499144E+02
    133950,      0.676946,CP12_end,   1,    0.0000000000E+00,    1.6524499144E+02,    1.6524499144E+02,    0.0000000000E+00,    0.0000000000E+00,    0.0000000000E+00,    1.6524499144E+02
    134000,      0.676946,CP0_start,   1,    0.0000000000E+00,    1.6533388570E+02,    1.6533388570E+02,    0.0000000000E+00,    0.0000000000E+00,    0.0000000000E+00,    1.6533388570E+02
    134000,      0.676946,CP1_after_deposition,   1,    0.0000000000E+00,    1.6533388570E+02,    1.6533388570E+02,    0.0000000000E+00,    0.0000000000E+00,    0.0000000000E+00,    1.6533388570E+02
    134000,      0.676946,CP2_after_erosion,   1,    0.0000000000E+00,    1.6533388570E+02,    1.6533388570E+02,    0.0000000000E+00,    0.0000000000E+00,    0.0000000000E+00,    1.6533388570E+02
    134000,      0.676946,CP3_after_update_bottom,   1,    0.0000000000E+00,    1.6533388570E+02,    1.6533388570E+02,    0.0000000000E+00,    0.0000000000E+00,    0.0000000000E+00,    1.6533388570E+02
    134000,      0.676946,CP4_after_advection,   1,    0.0000000000E+00,    1.6532879138E+02,    1.6532879138E+02,    0.0000000000E+00,    0.0000000000E+00,    0.0000000000E+00,    1.6532879138E+02
    134000,      0.676946,CP5_after_vdif,   1,    0.0000000000E+00,    1.6532879138E+02,    1.6532879138E+02,    0.0000000000E+00,    0.0000000000E+00,    0.0000000000E+00,    1.6532879138E+02
    134000,      0.676946,CP6_after_kinetics,   1,    0.0000000000E+00,    1.6532879138E+02,    1.6532879138E+02,    0.0000000000E+00,    0.0000000000E+00,    0.0000000000E+00,    1.6532879138E+02
    134000,      0.676946,CP7_after_upper_clamp,   1,    0.0000000000E+00,    1.6532879138E+02,    1.6532879138E+02,    0.0000000000E+00,    0.0000000000E+00,    0.0000000000E+00,    1.6532879138E+02
    134000,      0.676946,CP8_after_OBC,   1,    0.0000000000E+00,    1.6532879138E+02,    1.6532879138E+02,    0.0000000000E+00,    0.0000000000E+00,    0.0000000000E+00,    1.6532879138E+02
    134000,      0.676946,CP9_after_PTsource,   1,    0.0000000000E+00,    1.6532879138E+02,    1.6532879138E+02,    0.0000000000E+00,    0.0000000000E+00,    0.0000000000E+00,    1.6532879138E+02
    134000,      0.676946,CP10_after_neg_clamp,   1,    0.0000000000E+00,    1.6532879138E+02,    1.6532879138E+02,    0.0000000000E+00,    0.0000000000E+00,    0.0000000000E+00,    1.6532879138E+02
    134000,      0.676946,CP11_after_MPI,   1,    0.0000000000E+00,    1.6532879138E+02,    1.6532879138E+02,    0.0000000000E+00,    0.0000000000E+00,    0.0000000000E+00,    1.6532879138E+02
    134000,      0.676946,CP12_end,   1,    0.0000000000E+00,    1.6532879138E+02,    1.6532879138E+02,    0.0000000000E+00,    0.0000000000E+00,    0.0000000000E+00,    1.6532879138E+02
    134050,      0.676946,CP0_start,   1,    0.0000000000E+00,    1.6541577900E+02,    1.6541577900E+02,    0.0000000000E+00,    0.0000000000E+00,    0.0000000000E+00,    1.6541577900E+02
    134050,      0.676946,CP1_after_deposition,   1,    0.0000000000E+00,    1.6541577900E+02,    1.6541577900E+02,    0.0000000000E+00,    0.0000000000E+00,    0.0000000000E+00,    1.6541577900E+02
    134050,      0.676946,CP2_after_erosion,   1,    0.0000000000E+00,    1.6541577900E+02,    1.6541577900E+02,    0.0000000000E+00,    0.0000000000E+00,    0.0000000000E+00,    1.6541577900E+02
    134050,      0.676946,CP3_after_update_bottom,   1,    0.0000000000E+00,    1.6541577900E+02,    1.6541577900E+02,    0.0000000000E+00,    0.0000000000E+00,    0.0000000000E+00,    1.6541577900E+02
    134050,      0.676946,CP4_after_advection,   1,    0.0000000000E+00,    1.6541050313E+02,    1.6541050313E+02,    0.0000000000E+00,    0.0000000000E+00,    0.0000000000E+00,    1.6541050313E+02
    134050,      0.676946,CP5_after_vdif,   1,    0.0000000000E+00,    1.6541050313E+02,    1.6541050313E+02,    0.0000000000E+00,    0.0000000000E+00,    0.0000000000E+00,    1.6541050313E+02
    134050,      0.676946,CP6_after_kinetics,   1,    0.0000000000E+00,    1.6541050313E+02,    1.6541050313E+02,    0.0000000000E+00,    0.0000000000E+00,    0.0000000000E+00,    1.6541050313E+02
    134050,      0.676946,CP7_after_upper_clamp,   1,    0.0000000000E+00,    1.6541050313E+02,    1.6541050313E+02,    0.0000000000E+00,    0.0000000000E+00,    0.0000000000E+00,    1.6541050313E+02
    134050,      0.676946,CP8_after_OBC,   1,    0.0000000000E+00,    1.6541050313E+02,    1.6541050313E+02,    0.0000000000E+00,    0.0000000000E+00,    0.0000000000E+00,    1.6541050313E+02
    134050,      0.676946,CP9_after_PTsource,   1,    0.0000000000E+00,    1.6541050313E+02,    1.6541050313E+02,    0.0000000000E+00,    0.0000000000E+00,    0.0000000000E+00,    1.6541050313E+02
    134050,      0.676946,CP10_after_neg_clamp,   1,    0.0000000000E+00,    1.6541050313E+02,    1.6541050313E+02,    0.0000000000E+00,    0.0000000000E+00,    0.0000000000E+00,    1.6541050313E+02
    134050,      0.676946,CP11_after_MPI,   1,    0.0000000000E+00,    1.6541050313E+02,    1.6541050313E+02,    0.0000000000E+00,    0.0000000000E+00,    0.0000000000E+00,    1.6541050313E+02
    134050,      0.676946,CP12_end,   1,    0.0000000000E+00,    1.6541050313E+02,    1.6541050313E+02,    0.0000000000E+00,    0.0000000000E+00,    0.0000000000E+00,    1.6541050313E+02
    134100,      0.676946,CP0_start,   1,    0.0000000000E+00,    1.6549785576E+02,    1.6549785576E+02,    0.0000000000E+00,    0.0000000000E+00,    0.0000000000E+00,    1.6549785576E+02
    134100,      0.676946,CP1_after_deposition,   1,    0.0000000000E+00,    1.6549785576E+02,    1.6549785576E+02,    0.0000000000E+00,    0.0000000000E+00,    0.0000000000E+00,    1.6549785576E+02
    134100,      0.676946,CP2_after_erosion,   1,    0.0000000000E+00,    1.6549785576E+02,    1.6549785576E+02,    0.0000000000E+00,    0.0000000000E+00,    0.0000000000E+00,    1.6549785576E+02
    134100,      0.676946,CP3_after_update_bottom,   1,    0.0000000000E+00,    1.6549785576E+02,    1.6549785576E+02,    0.0000000000E+00,    0.0000000000E+00,    0.0000000000E+00,    1.6549785576E+02
    134100,      0.676946,CP4_after_advection,   1,    0.0000000000E+00,    1.6549244937E+02,    1.6549244937E+02,    0.0000000000E+00,    0.0000000000E+00,    0.0000000000E+00,    1.6549244937E+02
    134100,      0.676946,CP5_after_vdif,   1,    0.0000000000E+00,    1.6549244937E+02,    1.6549244937E+02,    0.0000000000E+00,    0.0000000000E+00,    0.0000000000E+00,    1.6549244937E+02
    134100,      0.676946,CP6_after_kinetics,   1,    0.0000000000E+00,    1.6549244937E+02,    1.6549244937E+02,    0.0000000000E+00,    0.0000000000E+00,    0.0000000000E+00,    1.6549244937E+02
    134100,      0.676946,CP7_after_upper_clamp,   1,    0.0000000000E+00,    1.6549244937E+02,    1.6549244937E+02,    0.0000000000E+00,    0.0000000000E+00,    0.0000000000E+00,    1.6549244937E+02
    134100,      0.676946,CP8_after_OBC,   1,    0.0000000000E+00,    1.6549244937E+02,    1.6549244937E+02,    0.0000000000E+00,    0.0000000000E+00,    0.0000000000E+00,    1.6549244937E+02
    134100,      0.676946,CP9_after_PTsource,   1,    0.0000000000E+00,    1.6549244937E+02,    1.6549244937E+02,    0.0000000000E+00,    0.0000000000E+00,    0.0000000000E+00,    1.6549244937E+02
    134100,      0.676946,CP10_after_neg_clamp,   1,    0.0000000000E+00,    1.6549244937E+02,    1.6549244937E+02,    0.0000000000E+00,    0.0000000000E+00,    0.0000000000E+00,    1.6549244937E+02
    134100,      0.676946,CP11_after_MPI,   1,    0.0000000000E+00,    1.6549244937E+02,    1.6549244937E+02,    0.0000000000E+00,    0.0000000000E+00,    0.0000000000E+00,    1.6549244937E+02
    134100,      0.676946,CP12_end,   1,    0.0000000000E+00,    1.6549244937E+02,    1.6549244937E+02,    0.0000000000E+00,    0.0000000000E+00,    0.0000000000E+00,    1.6549244937E+02
    134150,      0.676946,CP0_start,   1,    0.0000000000E+00,    1.6558131273E+02,    1.6558131273E+02,    0.0000000000E+00,    0.0000000000E+00,    0.0000000000E+00,    1.6558131273E+02
    134150,      0.676946,CP1_after_deposition,   1,    0.0000000000E+00,    1.6558131273E+02,    1.6558131273E+02,    0.0000000000E+00,    0.0000000000E+00,    0.0000000000E+00,    1.6558131273E+02
    134150,      0.676946,CP2_after_erosion,   1,    0.0000000000E+00,    1.6558131273E+02,    1.6558131273E+02,    0.0000000000E+00,    0.0000000000E+00,    0.0000000000E+00,    1.6558131273E+02
    134150,      0.676946,CP3_after_update_bottom,   1,    0.0000000000E+00,    1.6558131273E+02,    1.6558131273E+02,    0.0000000000E+00,    0.0000000000E+00,    0.0000000000E+00,    1.6558131273E+02
    134150,      0.676946,CP4_after_advection,   1,    0.0000000000E+00,    1.6557579732E+02,    1.6557579732E+02,    0.0000000000E+00,    0.0000000000E+00,    0.0000000000E+00,    1.6557579732E+02
    134150,      0.676946,CP5_after_vdif,   1,    0.0000000000E+00,    1.6557579732E+02,    1.6557579732E+02,    0.0000000000E+00,    0.0000000000E+00,    0.0000000000E+00,    1.6557579732E+02
    134150,      0.676946,CP6_after_kinetics,   1,    0.0000000000E+00,    1.6557579732E+02,    1.6557579732E+02,    0.0000000000E+00,    0.0000000000E+00,    0.0000000000E+00,    1.6557579732E+02
    134150,      0.676946,CP7_after_upper_clamp,   1,    0.0000000000E+00,    1.6557579732E+02,    1.6557579732E+02,    0.0000000000E+00,    0.0000000000E+00,    0.0000000000E+00,    1.6557579732E+02
    134150,      0.676946,CP8_after_OBC,   1,    0.0000000000E+00,    1.6557579732E+02,    1.6557579732E+02,    0.0000000000E+00,    0.0000000000E+00,    0.0000000000E+00,    1.6557579732E+02
    134150,      0.676946,CP9_after_PTsource,   1,    0.0000000000E+00,    1.6557579732E+02,    1.6557579732E+02,    0.0000000000E+00,    0.0000000000E+00,    0.0000000000E+00,    1.6557579732E+02
    134150,      0.676946,CP10_after_neg_clamp,   1,    0.0000000000E+00,    1.6557579732E+02,    1.6557579732E+02,    0.0000000000E+00,    0.0000000000E+00,    0.0000000000E+00,    1.6557579732E+02
    134150,      0.676946,CP11_after_MPI,   1,    0.0000000000E+00,    1.6557579732E+02,    1.6557579732E+02,    0.0000000000E+00,    0.0000000000E+00,    0.0000000000E+00,    1.6557579732E+02
    134150,      0.676946,CP12_end,   1,    0.0000000000E+00,    1.6557579732E+02,    1.6557579732E+02,    0.0000000000E+00,    0.0000000000E+00,    0.0000000000E+00,    1.6557579732E+02
    134200,      0.676946,CP0_start,   1,    0.0000000000E+00,    1.6566736291E+02,    1.6566736291E+02,    0.0000000000E+00,    0.0000000000E+00,    0.0000000000E+00,    1.6566736291E+02
    134200,      0.676946,CP1_after_deposition,   1,    0.0000000000E+00,    1.6566736291E+02,    1.6566736291E+02,    0.0000000000E+00,    0.0000000000E+00,    0.0000000000E+00,    1.6566736291E+02
    134200,      0.676946,CP2_after_erosion,   1,    0.0000000000E+00,    1.6566736291E+02,    1.6566736291E+02,    0.0000000000E+00,    0.0000000000E+00,    0.0000000000E+00,    1.6566736291E+02
    134200,      0.676946,CP3_after_update_bottom,   1,    0.0000000000E+00,    1.6566736291E+02,    1.6566736291E+02,    0.0000000000E+00,    0.0000000000E+00,    0.0000000000E+00,    1.6566736291E+02
    134200,      0.676946,CP4_after_advection,   1,    0.0000000000E+00,    1.6566177131E+02,    1.6566177131E+02,    0.0000000000E+00,    0.0000000000E+00,    0.0000000000E+00,    1.6566177131E+02
    134200,      0.676946,CP5_after_vdif,   1,    0.0000000000E+00,    1.6566177131E+02,    1.6566177131E+02,    0.0000000000E+00,    0.0000000000E+00,    0.0000000000E+00,    1.6566177131E+02
    134200,      0.676946,CP6_after_kinetics,   1,    0.0000000000E+00,    1.6566177131E+02,    1.6566177131E+02,    0.0000000000E+00,    0.0000000000E+00,    0.0000000000E+00,    1.6566177131E+02
    134200,      0.676946,CP7_after_upper_clamp,   1,    0.0000000000E+00,    1.6566177131E+02,    1.6566177131E+02,    0.0000000000E+00,    0.0000000000E+00,    0.0000000000E+00,    1.6566177131E+02
    134200,      0.676946,CP8_after_OBC,   1,    0.0000000000E+00,    1.6566177131E+02,    1.6566177131E+02,    0.0000000000E+00,    0.0000000000E+00,    0.0000000000E+00,    1.6566177131E+02
    134200,      0.676946,CP9_after_PTsource,   1,    0.0000000000E+00,    1.6566177131E+02,    1.6566177131E+02,    0.0000000000E+00,    0.0000000000E+00,    0.0000000000E+00,    1.6566177131E+02
    134200,      0.676946,CP10_after_neg_clamp,   1,    0.0000000000E+00,    1.6566177131E+02,    1.6566177131E+02,    0.0000000000E+00,    0.0000000000E+00,    0.0000000000E+00,    1.6566177131E+02
    134200,      0.676946,CP11_after_MPI,   1,    0.0000000000E+00,    1.6566177131E+02,    1.6566177131E+02,    0.0000000000E+00,    0.0000000000E+00,    0.0000000000E+00,    1.6566177131E+02
    134200,      0.676946,CP12_end,   1,    0.0000000000E+00,    1.6566177131E+02,    1.6566177131E+02,    0.0000000000E+00,    0.0000000000E+00,    0.0000000000E+00,    1.6566177131E+02
    134250,      0.676946,CP0_start,   1,    0.0000000000E+00,    1.6575689962E+02,    1.6575689962E+02,    0.0000000000E+00,    0.0000000000E+00,    0.0000000000E+00,    1.6575689962E+02
    134250,      0.676946,CP1_after_deposition,   1,    0.0000000000E+00,    1.6575689962E+02,    1.6575689962E+02,    0.0000000000E+00,    0.0000000000E+00,    0.0000000000E+00,    1.6575689962E+02
    134250,      0.676946,CP2_after_erosion,   1,    0.0000000000E+00,    1.6575689962E+02,    1.6575689962E+02,    0.0000000000E+00,    0.0000000000E+00,    0.0000000000E+00,    1.6575689962E+02
    134250,      0.676946,CP3_after_update_bottom,   1,    0.0000000000E+00,    1.6575689962E+02,    1.6575689962E+02,    0.0000000000E+00,    0.0000000000E+00,    0.0000000000E+00,    1.6575689962E+02
    134250,      0.676946,CP4_after_advection,   1,    0.0000000000E+00,    1.6575124130E+02,    1.6575124130E+02,    0.0000000000E+00,    0.0000000000E+00,    0.0000000000E+00,    1.6575124130E+02
    134250,      0.676946,CP5_after_vdif,   1,    0.0000000000E+00,    1.6575124130E+02,    1.6575124130E+02,    0.0000000000E+00,    0.0000000000E+00,    0.0000000000E+00,    1.6575124130E+02
    134250,      0.676946,CP6_after_kinetics,   1,    0.0000000000E+00,    1.6575124130E+02,    1.6575124130E+02,    0.0000000000E+00,    0.0000000000E+00,    0.0000000000E+00,    1.6575124130E+02
    134250,      0.676946,CP7_after_upper_clamp,   1,    0.0000000000E+00,    1.6575124130E+02,    1.6575124130E+02,    0.0000000000E+00,    0.0000000000E+00,    0.0000000000E+00,    1.6575124130E+02
    134250,      0.676946,CP8_after_OBC,   1,    0.0000000000E+00,    1.6575124130E+02,    1.6575124130E+02,    0.0000000000E+00,    0.0000000000E+00,    0.0000000000E+00,    1.6575124130E+02
    134250,      0.676946,CP9_after_PTsource,   1,    0.0000000000E+00,    1.6575124130E+02,    1.6575124130E+02,    0.0000000000E+00,    0.0000000000E+00,    0.0000000000E+00,    1.6575124130E+02
    134250,      0.676946,CP10_after_neg_clamp,   1,    0.0000000000E+00,    1.6575124130E+02,    1.6575124130E+02,    0.0000000000E+00,    0.0000000000E+00,    0.0000000000E+00,    1.6575124130E+02
    134250,      0.676946,CP11_after_MPI,   1,    0.0000000000E+00,    1.6575124130E+02,    1.6575124130E+02,    0.0000000000E+00,    0.0000000000E+00,    0.0000000000E+00,    1.6575124130E+02
    134250,      0.676946,CP12_end,   1,    0.0000000000E+00,    1.6575124130E+02,    1.6575124130E+02,    0.0000000000E+00,    0.0000000000E+00,    0.0000000000E+00,    1.6575124130E+02
    134300,      0.676946,CP0_start,   1,    0.0000000000E+00,    1.6584957491E+02,    1.6584957491E+02,    0.0000000000E+00,    0.0000000000E+00,    0.0000000000E+00,    1.6584957491E+02
    134300,      0.676946,CP1_after_deposition,   1,    0.0000000000E+00,    1.6584957491E+02,    1.6584957491E+02,    0.0000000000E+00,    0.0000000000E+00,    0.0000000000E+00,    1.6584957491E+02
    134300,      0.676946,CP2_after_erosion,   1,    0.0000000000E+00,    1.6584957491E+02,    1.6584957491E+02,    0.0000000000E+00,    0.0000000000E+00,    0.0000000000E+00,    1.6584957491E+02
    134300,      0.676946,CP3_after_update_bottom,   1,    0.0000000000E+00,    1.6584957491E+02,    1.6584957491E+02,    0.0000000000E+00,    0.0000000000E+00,    0.0000000000E+00,    1.6584957491E+02
    134300,      0.676946,CP4_after_advection,   1,    0.0000000000E+00,    1.6584385119E+02,    1.6584385119E+02,    0.0000000000E+00,    0.0000000000E+00,    0.0000000000E+00,    1.6584385119E+02
    134300,      0.676946,CP5_after_vdif,   1,    0.0000000000E+00,    1.6584385119E+02,    1.6584385119E+02,    0.0000000000E+00,    0.0000000000E+00,    0.0000000000E+00,    1.6584385119E+02
    134300,      0.676946,CP6_after_kinetics,   1,    0.0000000000E+00,    1.6584385119E+02,    1.6584385119E+02,    0.0000000000E+00,    0.0000000000E+00,    0.0000000000E+00,    1.6584385119E+02
    134300,      0.676946,CP7_after_upper_clamp,   1,    0.0000000000E+00,    1.6584385119E+02,    1.6584385119E+02,    0.0000000000E+00,    0.0000000000E+00,    0.0000000000E+00,    1.6584385119E+02
    134300,      0.676946,CP8_after_OBC,   1,    0.0000000000E+00,    1.6584385119E+02,    1.6584385119E+02,    0.0000000000E+00,    0.0000000000E+00,    0.0000000000E+00,    1.6584385119E+02
    134300,      0.676946,CP9_after_PTsource,   1,    0.0000000000E+00,    1.6584385119E+02,    1.6584385119E+02,    0.0000000000E+00,    0.0000000000E+00,    0.0000000000E+00,    1.6584385119E+02
    134300,      0.676946,CP10_after_neg_clamp,   1,    0.0000000000E+00,    1.6584385119E+02,    1.6584385119E+02,    0.0000000000E+00,    0.0000000000E+00,    0.0000000000E+00,    1.6584385119E+02
    134300,      0.676946,CP11_after_MPI,   1,    0.0000000000E+00,    1.6584385119E+02,    1.6584385119E+02,    0.0000000000E+00,    0.0000000000E+00,    0.0000000000E+00,    1.6584385119E+02
    134300,      0.676946,CP12_end,   1,    0.0000000000E+00,    1.6584385119E+02,    1.6584385119E+02,    0.0000000000E+00,    0.0000000000E+00,    0.0000000000E+00,    1.6584385119E+02
    134350,      0.676946,CP0_start,   1,    0.0000000000E+00,    1.6594610736E+02,    1.6594610736E+02,    0.0000000000E+00,    0.0000000000E+00,    0.0000000000E+00,    1.6594610736E+02
    134350,      0.676946,CP1_after_deposition,   1,    0.0000000000E+00,    1.6594610736E+02,    1.6594610736E+02,    0.0000000000E+00,    0.0000000000E+00,    0.0000000000E+00,    1.6594610736E+02
    134350,      0.676946,CP2_after_erosion,   1,    0.0000000000E+00,    1.6594610736E+02,    1.6594610736E+02,    0.0000000000E+00,    0.0000000000E+00,    0.0000000000E+00,    1.6594610736E+02
    134350,      0.676946,CP3_after_update_bottom,   1,    0.0000000000E+00,    1.6594610736E+02,    1.6594610736E+02,    0.0000000000E+00,    0.0000000000E+00,    0.0000000000E+00,    1.6594610736E+02
    134350,      0.676946,CP4_after_advection,   1,    0.0000000000E+00,    1.6594035446E+02,    1.6594035446E+02,    0.0000000000E+00,    0.0000000000E+00,    0.0000000000E+00,    1.6594035446E+02
    134350,      0.676946,CP5_after_vdif,   1,    0.0000000000E+00,    1.6594035446E+02,    1.6594035446E+02,    0.0000000000E+00,    0.0000000000E+00,    0.0000000000E+00,    1.6594035446E+02
    134350,      0.676946,CP6_after_kinetics,   1,    0.0000000000E+00,    1.6594035446E+02,    1.6594035446E+02,    0.0000000000E+00,    0.0000000000E+00,    0.0000000000E+00,    1.6594035446E+02
    134350,      0.676946,CP7_after_upper_clamp,   1,    0.0000000000E+00,    1.6594035446E+02,    1.6594035446E+02,    0.0000000000E+00,    0.0000000000E+00,    0.0000000000E+00,    1.6594035446E+02
    134350,      0.676946,CP8_after_OBC,   1,    0.0000000000E+00,    1.6594035446E+02,    1.6594035446E+02,    0.0000000000E+00,    0.0000000000E+00,    0.0000000000E+00,    1.6594035446E+02
    134350,      0.676946,CP9_after_PTsource,   1,    0.0000000000E+00,    1.6594035446E+02,    1.6594035446E+02,    0.0000000000E+00,    0.0000000000E+00,    0.0000000000E+00,    1.6594035446E+02
    134350,      0.676946,CP10_after_neg_clamp,   1,    0.0000000000E+00,    1.6594035446E+02,    1.6594035446E+02,    0.0000000000E+00,    0.0000000000E+00,    0.0000000000E+00,    1.6594035446E+02
    134350,      0.676946,CP11_after_MPI,   1,    0.0000000000E+00,    1.6594035446E+02,    1.6594035446E+02,    0.0000000000E+00,    0.0000000000E+00,    0.0000000000E+00,    1.6594035446E+02
    134350,      0.676946,CP12_end,   1,    0.0000000000E+00,    1.6594035446E+02,    1.6594035446E+02,    0.0000000000E+00,    0.0000000000E+00,    0.0000000000E+00,    1.6594035446E+02
    134400,      0.676946,CP0_start,   1,    0.0000000000E+00,    1.6604773100E+02,    1.6604773100E+02,    0.0000000000E+00,    0.0000000000E+00,    0.0000000000E+00,    1.6604773100E+02
    134400,      0.676946,CP1_after_deposition,   1,    0.0000000000E+00,    1.6604773100E+02,    1.6604773100E+02,    0.0000000000E+00,    0.0000000000E+00,    0.0000000000E+00,    1.6604773100E+02
    134400,      0.676946,CP2_after_erosion,   1,    0.0000000000E+00,    1.6604773100E+02,    1.6604773100E+02,    0.0000000000E+00,    0.0000000000E+00,    0.0000000000E+00,    1.6604773100E+02
    134400,      0.676946,CP3_after_update_bottom,   1,    0.0000000000E+00,    1.6604773100E+02,    1.6604773100E+02,    0.0000000000E+00,    0.0000000000E+00,    0.0000000000E+00,    1.6604773100E+02
    134400,      0.676946,CP4_after_advection,   1,    0.0000000000E+00,    1.6604196666E+02,    1.6604196666E+02,    0.0000000000E+00,    0.0000000000E+00,    0.0000000000E+00,    1.6604196666E+02
    134400,      0.676946,CP5_after_vdif,   1,    0.0000000000E+00,    1.6604196666E+02,    1.6604196666E+02,    0.0000000000E+00,    0.0000000000E+00,    0.0000000000E+00,    1.6604196666E+02
    134400,      0.676946,CP6_after_kinetics,   1,    0.0000000000E+00,    1.6604196666E+02,    1.6604196666E+02,    0.0000000000E+00,    0.0000000000E+00,    0.0000000000E+00,    1.6604196666E+02
    134400,      0.676946,CP7_after_upper_clamp,   1,    0.0000000000E+00,    1.6604196666E+02,    1.6604196666E+02,    0.0000000000E+00,    0.0000000000E+00,    0.0000000000E+00,    1.6604196666E+02
    134400,      0.676946,CP8_after_OBC,   1,    0.0000000000E+00,    1.6604196666E+02,    1.6604196666E+02,    0.0000000000E+00,    0.0000000000E+00,    0.0000000000E+00,    1.6604196666E+02
    134400,      0.676946,CP9_after_PTsource,   1,    0.0000000000E+00,    1.6604196666E+02,    1.6604196666E+02,    0.0000000000E+00,    0.0000000000E+00,    0.0000000000E+00,    1.6604196666E+02
    134400,      0.676946,CP10_after_neg_clamp,   1,    0.0000000000E+00,    1.6604196666E+02,    1.6604196666E+02,    0.0000000000E+00,    0.0000000000E+00,    0.0000000000E+00,    1.6604196666E+02
    134400,      0.676946,CP11_after_MPI,   1,    0.0000000000E+00,    1.6604196666E+02,    1.6604196666E+02,    0.0000000000E+00,    0.0000000000E+00,    0.0000000000E+00,    1.6604196666E+02
    134400,      0.676946,CP12_end,   1,    0.0000000000E+00,    1.6604196666E+02,    1.6604196666E+02,    0.0000000000E+00,    0.0000000000E+00,    0.0000000000E+00,    1.6604196666E+02
    134450,      0.676946,CP0_start,   1,    0.0000000000E+00,    1.6615394663E+02,    1.6615394663E+02,    0.0000000000E+00,    0.0000000000E+00,    0.0000000000E+00,    1.6615394663E+02
    134450,      0.676946,CP1_after_deposition,   1,    0.0000000000E+00,    1.6615394663E+02,    1.6615394663E+02,    0.0000000000E+00,    0.0000000000E+00,    0.0000000000E+00,    1.6615394663E+02
    134450,      0.676946,CP2_after_erosion,   1,    0.0000000000E+00,    1.6615394663E+02,    1.6615394663E+02,    0.0000000000E+00,    0.0000000000E+00,    0.0000000000E+00,    1.6615394663E+02
    134450,      0.676946,CP3_after_update_bottom,   1,    0.0000000000E+00,    1.6615394663E+02,    1.6615394663E+02,    0.0000000000E+00,    0.0000000000E+00,    0.0000000000E+00,    1.6615394663E+02
    134450,      0.676946,CP4_after_advection,   1,    0.0000000000E+00,    1.6614814388E+02,    1.6614814388E+02,    0.0000000000E+00,    0.0000000000E+00,    0.0000000000E+00,    1.6614814388E+02
    134450,      0.676946,CP5_after_vdif,   1,    0.0000000000E+00,    1.6614814388E+02,    1.6614814388E+02,    0.0000000000E+00,    0.0000000000E+00,    0.0000000000E+00,    1.6614814388E+02
    134450,      0.676946,CP6_after_kinetics,   1,    0.0000000000E+00,    1.6614814388E+02,    1.6614814388E+02,    0.0000000000E+00,    0.0000000000E+00,    0.0000000000E+00,    1.6614814388E+02
    134450,      0.676946,CP7_after_upper_clamp,   1,    0.0000000000E+00,    1.6614814388E+02,    1.6614814388E+02,    0.0000000000E+00,    0.0000000000E+00,    0.0000000000E+00,    1.6614814388E+02
    134450,      0.676946,CP8_after_OBC,   1,    0.0000000000E+00,    1.6614814388E+02,    1.6614814388E+02,    0.0000000000E+00,    0.0000000000E+00,    0.0000000000E+00,    1.6614814388E+02
    134450,      0.676946,CP9_after_PTsource,   1,    0.0000000000E+00,    1.6614814388E+02,    1.6614814388E+02,    0.0000000000E+00,    0.0000000000E+00,    0.0000000000E+00,    1.6614814388E+02
    134450,      0.676946,CP10_after_neg_clamp,   1,    0.0000000000E+00,    1.6614814388E+02,    1.6614814388E+02,    0.0000000000E+00,    0.0000000000E+00,    0.0000000000E+00,    1.6614814388E+02
    134450,      0.676946,CP11_after_MPI,   1,    0.0000000000E+00,    1.6614814388E+02,    1.6614814388E+02,    0.0000000000E+00,    0.0000000000E+00,    0.0000000000E+00,    1.6614814388E+02
    134450,      0.676946,CP12_end,   1,    0.0000000000E+00,    1.6614814388E+02,    1.6614814388E+02,    0.0000000000E+00,    0.0000000000E+00,    0.0000000000E+00,    1.6614814388E+02
    134500,      0.676946,CP0_start,   1,    0.0000000000E+00,    1.6626239892E+02,    1.6626239892E+02,    0.0000000000E+00,    0.0000000000E+00,    0.0000000000E+00,    1.6626239892E+02
    134500,      0.676946,CP1_after_deposition,   1,    0.0000000000E+00,    1.6626239892E+02,    1.6626239892E+02,    0.0000000000E+00,    0.0000000000E+00,    0.0000000000E+00,    1.6626239892E+02
    134500,      0.676946,CP2_after_erosion,   1,    0.0000000000E+00,    1.6626239892E+02,    1.6626239892E+02,    0.0000000000E+00,    0.0000000000E+00,    0.0000000000E+00,    1.6626239892E+02
    134500,      0.676946,CP3_after_update_bottom,   1,    0.0000000000E+00,    1.6626239892E+02,    1.6626239892E+02,    0.0000000000E+00,    0.0000000000E+00,    0.0000000000E+00,    1.6626239892E+02
    134500,      0.676946,CP4_after_advection,   1,    0.0000000000E+00,    1.6625650377E+02,    1.6625650377E+02,    0.0000000000E+00,    0.0000000000E+00,    0.0000000000E+00,    1.6625650377E+02
    134500,      0.676946,CP5_after_vdif,   1,    0.0000000000E+00,    1.6625650377E+02,    1.6625650377E+02,    0.0000000000E+00,    0.0000000000E+00,    0.0000000000E+00,    1.6625650377E+02
    134500,      0.676946,CP6_after_kinetics,   1,    0.0000000000E+00,    1.6625650377E+02,    1.6625650377E+02,    0.0000000000E+00,    0.0000000000E+00,    0.0000000000E+00,    1.6625650377E+02
    134500,      0.676946,CP7_after_upper_clamp,   1,    0.0000000000E+00,    1.6625650377E+02,    1.6625650377E+02,    0.0000000000E+00,    0.0000000000E+00,    0.0000000000E+00,    1.6625650377E+02
    134500,      0.676946,CP8_after_OBC,   1,    0.0000000000E+00,    1.6625650377E+02,    1.6625650377E+02,    0.0000000000E+00,    0.0000000000E+00,    0.0000000000E+00,    1.6625650377E+02
    134500,      0.676946,CP9_after_PTsource,   1,    0.0000000000E+00,    1.6625650377E+02,    1.6625650377E+02,    0.0000000000E+00,    0.0000000000E+00,    0.0000000000E+00,    1.6625650377E+02
    134500,      0.676946,CP10_after_neg_clamp,   1,    0.0000000000E+00,    1.6625650377E+02,    1.6625650377E+02,    0.0000000000E+00,    0.0000000000E+00,    0.0000000000E+00,    1.6625650377E+02
    134500,      0.676946,CP11_after_MPI,   1,    0.0000000000E+00,    1.6625650377E+02,    1.6625650377E+02,    0.0000000000E+00,    0.0000000000E+00,    0.0000000000E+00,    1.6625650377E+02
    134500,      0.676946,CP12_end,   1,    0.0000000000E+00,    1.6625650377E+02,    1.6625650377E+02,    0.0000000000E+00,    0.0000000000E+00,    0.0000000000E+00,    1.6625650377E+02
    134550,      0.676946,CP0_start,   1,    0.0000000000E+00,    1.6636986071E+02,    1.6636986071E+02,    0.0000000000E+00,    0.0000000000E+00,    0.0000000000E+00,    1.6636986071E+02
    134550,      0.676946,CP1_after_deposition,   1,    0.0000000000E+00,    1.6636986071E+02,    1.6636986071E+02,    0.0000000000E+00,    0.0000000000E+00,    0.0000000000E+00,    1.6636986071E+02
    134550,      0.676946,CP2_after_erosion,   1,    0.0000000000E+00,    1.6636986071E+02,    1.6636986071E+02,    0.0000000000E+00,    0.0000000000E+00,    0.0000000000E+00,    1.6636986071E+02
    134550,      0.676946,CP3_after_update_bottom,   1,    0.0000000000E+00,    1.6636986071E+02,    1.6636986071E+02,    0.0000000000E+00,    0.0000000000E+00,    0.0000000000E+00,    1.6636986071E+02
    134550,      0.676946,CP4_after_advection,   1,    0.0000000000E+00,    1.6636381995E+02,    1.6636381995E+02,    0.0000000000E+00,    0.0000000000E+00,    0.0000000000E+00,    1.6636381995E+02
    134550,      0.676946,CP5_after_vdif,   1,    0.0000000000E+00,    1.6636381995E+02,    1.6636381995E+02,    0.0000000000E+00,    0.0000000000E+00,    0.0000000000E+00,    1.6636381995E+02
    134550,      0.676946,CP6_after_kinetics,   1,    0.0000000000E+00,    1.6636381995E+02,    1.6636381995E+02,    0.0000000000E+00,    0.0000000000E+00,    0.0000000000E+00,    1.6636381995E+02
    134550,      0.676946,CP7_after_upper_clamp,   1,    0.0000000000E+00,    1.6636381995E+02,    1.6636381995E+02,    0.0000000000E+00,    0.0000000000E+00,    0.0000000000E+00,    1.6636381995E+02
    134550,      0.676946,CP8_after_OBC,   1,    0.0000000000E+00,    1.6636381995E+02,    1.6636381995E+02,    0.0000000000E+00,    0.0000000000E+00,    0.0000000000E+00,    1.6636381995E+02
    134550,      0.676946,CP9_after_PTsource,   1,    0.0000000000E+00,    1.6636381995E+02,    1.6636381995E+02,    0.0000000000E+00,    0.0000000000E+00,    0.0000000000E+00,    1.6636381995E+02
    134550,      0.676946,CP10_after_neg_clamp,   1,    0.0000000000E+00,    1.6636381995E+02,    1.6636381995E+02,    0.0000000000E+00,    0.0000000000E+00,    0.0000000000E+00,    1.6636381995E+02
    134550,      0.676946,CP11_after_MPI,   1,    0.0000000000E+00,    1.6636381995E+02,    1.6636381995E+02,    0.0000000000E+00,    0.0000000000E+00,    0.0000000000E+00,    1.6636381995E+02
    134550,      0.676946,CP12_end,   1,    0.0000000000E+00,    1.6636381995E+02,    1.6636381995E+02,    0.0000000000E+00,    0.0000000000E+00,    0.0000000000E+00,    1.6636381995E+02
    134600,      0.676946,CP0_start,   1,    0.0000000000E+00,    1.6647428662E+02,    1.6647428662E+02,    0.0000000000E+00,    0.0000000000E+00,    0.0000000000E+00,    1.6647428662E+02
    134600,      0.676946,CP1_after_deposition,   1,    0.0000000000E+00,    1.6647428662E+02,    1.6647428662E+02,    0.0000000000E+00,    0.0000000000E+00,    0.0000000000E+00,    1.6647428662E+02
    134600,      0.676946,CP2_after_erosion,   1,    0.0000000000E+00,    1.6647428662E+02,    1.6647428662E+02,    0.0000000000E+00,    0.0000000000E+00,    0.0000000000E+00,    1.6647428662E+02
    134600,      0.676946,CP3_after_update_bottom,   1,    0.0000000000E+00,    1.6647428662E+02,    1.6647428662E+02,    0.0000000000E+00,    0.0000000000E+00,    0.0000000000E+00,    1.6647428662E+02
    134600,      0.676946,CP4_after_advection,   1,    0.0000000000E+00,    1.6646808681E+02,    1.6646808681E+02,    0.0000000000E+00,    0.0000000000E+00,    0.0000000000E+00,    1.6646808681E+02
    134600,      0.676946,CP5_after_vdif,   1,    0.0000000000E+00,    1.6646808681E+02,    1.6646808681E+02,    0.0000000000E+00,    0.0000000000E+00,    0.0000000000E+00,    1.6646808681E+02
    134600,      0.676946,CP6_after_kinetics,   1,    0.0000000000E+00,    1.6646808681E+02,    1.6646808681E+02,    0.0000000000E+00,    0.0000000000E+00,    0.0000000000E+00,    1.6646808681E+02
    134600,      0.676946,CP7_after_upper_clamp,   1,    0.0000000000E+00,    1.6646808681E+02,    1.6646808681E+02,    0.0000000000E+00,    0.0000000000E+00,    0.0000000000E+00,    1.6646808681E+02
    134600,      0.676946,CP8_after_OBC,   1,    0.0000000000E+00,    1.6646808681E+02,    1.6646808681E+02,    0.0000000000E+00,    0.0000000000E+00,    0.0000000000E+00,    1.6646808681E+02
    134600,      0.676946,CP9_after_PTsource,   1,    0.0000000000E+00,    1.6646808681E+02,    1.6646808681E+02,    0.0000000000E+00,    0.0000000000E+00,    0.0000000000E+00,    1.6646808681E+02
    134600,      0.676946,CP10_after_neg_clamp,   1,    0.0000000000E+00,    1.6646808681E+02,    1.6646808681E+02,    0.0000000000E+00,    0.0000000000E+00,    0.0000000000E+00,    1.6646808681E+02
    134600,      0.676946,CP11_after_MPI,   1,    0.0000000000E+00,    1.6646808681E+02,    1.6646808681E+02,    0.0000000000E+00,    0.0000000000E+00,    0.0000000000E+00,    1.6646808681E+02
    134600,      0.676946,CP12_end,   1,    0.0000000000E+00,    1.6646808681E+02,    1.6646808681E+02,    0.0000000000E+00,    0.0000000000E+00,    0.0000000000E+00,    1.6646808681E+02
    134650,      0.676946,CP0_start,   1,    0.0000000000E+00,    1.6657519472E+02,    1.6657519472E+02,    0.0000000000E+00,    0.0000000000E+00,    0.0000000000E+00,    1.6657519472E+02
    134650,      0.676946,CP1_after_deposition,   1,    0.0000000000E+00,    1.6657519472E+02,    1.6657519472E+02,    0.0000000000E+00,    0.0000000000E+00,    0.0000000000E+00,    1.6657519472E+02
    134650,      0.676946,CP2_after_erosion,   1,    0.0000000000E+00,    1.6657519472E+02,    1.6657519472E+02,    0.0000000000E+00,    0.0000000000E+00,    0.0000000000E+00,    1.6657519472E+02
    134650,      0.676946,CP3_after_update_bottom,   1,    0.0000000000E+00,    1.6657519472E+02,    1.6657519472E+02,    0.0000000000E+00,    0.0000000000E+00,    0.0000000000E+00,    1.6657519472E+02
    134650,      0.676946,CP4_after_advection,   1,    0.0000000000E+00,    1.6656884096E+02,    1.6656884096E+02,    0.0000000000E+00,    0.0000000000E+00,    0.0000000000E+00,    1.6656884096E+02
    134650,      0.676946,CP5_after_vdif,   1,    0.0000000000E+00,    1.6656884096E+02,    1.6656884096E+02,    0.0000000000E+00,    0.0000000000E+00,    0.0000000000E+00,    1.6656884096E+02
    134650,      0.676946,CP6_after_kinetics,   1,    0.0000000000E+00,    1.6656884096E+02,    1.6656884096E+02,    0.0000000000E+00,    0.0000000000E+00,    0.0000000000E+00,    1.6656884096E+02
    134650,      0.676946,CP7_after_upper_clamp,   1,    0.0000000000E+00,    1.6656884096E+02,    1.6656884096E+02,    0.0000000000E+00,    0.0000000000E+00,    0.0000000000E+00,    1.6656884096E+02
    134650,      0.676946,CP8_after_OBC,   1,    0.0000000000E+00,    1.6656884096E+02,    1.6656884096E+02,    0.0000000000E+00,    0.0000000000E+00,    0.0000000000E+00,    1.6656884096E+02
    134650,      0.676946,CP9_after_PTsource,   1,    0.0000000000E+00,    1.6656884096E+02,    1.6656884096E+02,    0.0000000000E+00,    0.0000000000E+00,    0.0000000000E+00,    1.6656884096E+02
    134650,      0.676946,CP10_after_neg_clamp,   1,    0.0000000000E+00,    1.6656884096E+02,    1.6656884096E+02,    0.0000000000E+00,    0.0000000000E+00,    0.0000000000E+00,    1.6656884096E+02
    134650,      0.676946,CP11_after_MPI,   1,    0.0000000000E+00,    1.6656884096E+02,    1.6656884096E+02,    0.0000000000E+00,    0.0000000000E+00,    0.0000000000E+00,    1.6656884096E+02
    134650,      0.676946,CP12_end,   1,    0.0000000000E+00,    1.6656884096E+02,    1.6656884096E+02,    0.0000000000E+00,    0.0000000000E+00,    0.0000000000E+00,    1.6656884096E+02
    134700,      0.676946,CP0_start,   1,    0.0000000000E+00,    1.6667271707E+02,    1.6667271707E+02,    0.0000000000E+00,    0.0000000000E+00,    0.0000000000E+00,    1.6667271707E+02
    134700,      0.676946,CP1_after_deposition,   1,    0.0000000000E+00,    1.6667271707E+02,    1.6667271707E+02,    0.0000000000E+00,    0.0000000000E+00,    0.0000000000E+00,    1.6667271707E+02
    134700,      0.676946,CP2_after_erosion,   1,    0.0000000000E+00,    1.6667271707E+02,    1.6667271707E+02,    0.0000000000E+00,    0.0000000000E+00,    0.0000000000E+00,    1.6667271707E+02
    134700,      0.676946,CP3_after_update_bottom,   1,    0.0000000000E+00,    1.6667271707E+02,    1.6667271707E+02,    0.0000000000E+00,    0.0000000000E+00,    0.0000000000E+00,    1.6667271707E+02
    134700,      0.676946,CP4_after_advection,   1,    0.0000000000E+00,    1.6666622180E+02,    1.6666622180E+02,    0.0000000000E+00,    0.0000000000E+00,    0.0000000000E+00,    1.6666622180E+02
    134700,      0.676946,CP5_after_vdif,   1,    0.0000000000E+00,    1.6666622180E+02,    1.6666622180E+02,    0.0000000000E+00,    0.0000000000E+00,    0.0000000000E+00,    1.6666622180E+02
    134700,      0.676946,CP6_after_kinetics,   1,    0.0000000000E+00,    1.6666622180E+02,    1.6666622180E+02,    0.0000000000E+00,    0.0000000000E+00,    0.0000000000E+00,    1.6666622180E+02
    134700,      0.676946,CP7_after_upper_clamp,   1,    0.0000000000E+00,    1.6666622180E+02,    1.6666622180E+02,    0.0000000000E+00,    0.0000000000E+00,    0.0000000000E+00,    1.6666622180E+02
    134700,      0.676946,CP8_after_OBC,   1,    0.0000000000E+00,    1.6666622180E+02,    1.6666622180E+02,    0.0000000000E+00,    0.0000000000E+00,    0.0000000000E+00,    1.6666622180E+02
    134700,      0.676946,CP9_after_PTsource,   1,    0.0000000000E+00,    1.6666622180E+02,    1.6666622180E+02,    0.0000000000E+00,    0.0000000000E+00,    0.0000000000E+00,    1.6666622180E+02
    134700,      0.676946,CP10_after_neg_clamp,   1,    0.0000000000E+00,    1.6666622180E+02,    1.6666622180E+02,    0.0000000000E+00,    0.0000000000E+00,    0.0000000000E+00,    1.6666622180E+02
    134700,      0.676946,CP11_after_MPI,   1,    0.0000000000E+00,    1.6666622180E+02,    1.6666622180E+02,    0.0000000000E+00,    0.0000000000E+00,    0.0000000000E+00,    1.6666622180E+02
    134700,      0.676946,CP12_end,   1,    0.0000000000E+00,    1.6666622180E+02,    1.6666622180E+02,    0.0000000000E+00,    0.0000000000E+00,    0.0000000000E+00,    1.6666622180E+02
    134750,      0.676946,CP0_start,   1,    0.0000000000E+00,    1.6676652777E+02,    1.6676652777E+02,    0.0000000000E+00,    0.0000000000E+00,    0.0000000000E+00,    1.6676652777E+02
    134750,      0.676946,CP1_after_deposition,   1,    0.0000000000E+00,    1.6676652777E+02,    1.6676652777E+02,    0.0000000000E+00,    0.0000000000E+00,    0.0000000000E+00,    1.6676652777E+02
    134750,      0.676946,CP2_after_erosion,   1,    0.0000000000E+00,    1.6676652777E+02,    1.6676652777E+02,    0.0000000000E+00,    0.0000000000E+00,    0.0000000000E+00,    1.6676652777E+02
    134750,      0.676946,CP3_after_update_bottom,   1,    0.0000000000E+00,    1.6676652777E+02,    1.6676652777E+02,    0.0000000000E+00,    0.0000000000E+00,    0.0000000000E+00,    1.6676652777E+02
    134750,      0.676946,CP4_after_advection,   1,    0.0000000000E+00,    1.6675987054E+02,    1.6675987054E+02,    0.0000000000E+00,    0.0000000000E+00,    0.0000000000E+00,    1.6675987054E+02
    134750,      0.676946,CP5_after_vdif,   1,    0.0000000000E+00,    1.6675987054E+02,    1.6675987054E+02,    0.0000000000E+00,    0.0000000000E+00,    0.0000000000E+00,    1.6675987054E+02
    134750,      0.676946,CP6_after_kinetics,   1,    0.0000000000E+00,    1.6675987054E+02,    1.6675987054E+02,    0.0000000000E+00,    0.0000000000E+00,    0.0000000000E+00,    1.6675987054E+02
    134750,      0.676946,CP7_after_upper_clamp,   1,    0.0000000000E+00,    1.6675987054E+02,    1.6675987054E+02,    0.0000000000E+00,    0.0000000000E+00,    0.0000000000E+00,    1.6675987054E+02
    134750,      0.676946,CP8_after_OBC,   1,    0.0000000000E+00,    1.6675987054E+02,    1.6675987054E+02,    0.0000000000E+00,    0.0000000000E+00,    0.0000000000E+00,    1.6675987054E+02
    134750,      0.676946,CP9_after_PTsource,   1,    0.0000000000E+00,    1.6675987054E+02,    1.6675987054E+02,    0.0000000000E+00,    0.0000000000E+00,    0.0000000000E+00,    1.6675987054E+02
    134750,      0.676946,CP10_after_neg_clamp,   1,    0.0000000000E+00,    1.6675987054E+02,    1.6675987054E+02,    0.0000000000E+00,    0.0000000000E+00,    0.0000000000E+00,    1.6675987054E+02
    134750,      0.676946,CP11_after_MPI,   1,    0.0000000000E+00,    1.6675987054E+02,    1.6675987054E+02,    0.0000000000E+00,    0.0000000000E+00,    0.0000000000E+00,    1.6675987054E+02
    134750,      0.676946,CP12_end,   1,    0.0000000000E+00,    1.6675987054E+02,    1.6675987054E+02,    0.0000000000E+00,    0.0000000000E+00,    0.0000000000E+00,    1.6675987054E+02
    134800,      0.676946,CP0_start,   1,    0.0000000000E+00,    1.6685476525E+02,    1.6685476525E+02,    0.0000000000E+00,    0.0000000000E+00,    0.0000000000E+00,    1.6685476525E+02
    134800,      0.676946,CP1_after_deposition,   1,    0.0000000000E+00,    1.6685476525E+02,    1.6685476525E+02,    0.0000000000E+00,    0.0000000000E+00,    0.0000000000E+00,    1.6685476525E+02
    134800,      0.676946,CP2_after_erosion,   1,    0.0000000000E+00,    1.6685476525E+02,    1.6685476525E+02,    0.0000000000E+00,    0.0000000000E+00,    0.0000000000E+00,    1.6685476525E+02
    134800,      0.676946,CP3_after_update_bottom,   1,    0.0000000000E+00,    1.6685476525E+02,    1.6685476525E+02,    0.0000000000E+00,    0.0000000000E+00,    0.0000000000E+00,    1.6685476525E+02
    134800,      0.676946,CP4_after_advection,   1,    0.0000000000E+00,    1.6684791470E+02,    1.6684791470E+02,    0.0000000000E+00,    0.0000000000E+00,    0.0000000000E+00,    1.6684791470E+02
    134800,      0.676946,CP5_after_vdif,   1,    0.0000000000E+00,    1.6684791470E+02,    1.6684791470E+02,    0.0000000000E+00,    0.0000000000E+00,    0.0000000000E+00,    1.6684791470E+02
    134800,      0.676946,CP6_after_kinetics,   1,    0.0000000000E+00,    1.6684791470E+02,    1.6684791470E+02,    0.0000000000E+00,    0.0000000000E+00,    0.0000000000E+00,    1.6684791470E+02
    134800,      0.676946,CP7_after_upper_clamp,   1,    0.0000000000E+00,    1.6684791470E+02,    1.6684791470E+02,    0.0000000000E+00,    0.0000000000E+00,    0.0000000000E+00,    1.6684791470E+02
    134800,      0.676946,CP8_after_OBC,   1,    0.0000000000E+00,    1.6684791470E+02,    1.6684791470E+02,    0.0000000000E+00,    0.0000000000E+00,    0.0000000000E+00,    1.6684791470E+02
    134800,      0.676946,CP9_after_PTsource,   1,    0.0000000000E+00,    1.6684791470E+02,    1.6684791470E+02,    0.0000000000E+00,    0.0000000000E+00,    0.0000000000E+00,    1.6684791470E+02
    134800,      0.676946,CP10_after_neg_clamp,   1,    0.0000000000E+00,    1.6684791470E+02,    1.6684791470E+02,    0.0000000000E+00,    0.0000000000E+00,    0.0000000000E+00,    1.6684791470E+02
    134800,      0.676946,CP11_after_MPI,   1,    0.0000000000E+00,    1.6684791470E+02,    1.6684791470E+02,    0.0000000000E+00,    0.0000000000E+00,    0.0000000000E+00,    1.6684791470E+02
    134800,      0.676946,CP12_end,   1,    0.0000000000E+00,    1.6684791470E+02,    1.6684791470E+02,    0.0000000000E+00,    0.0000000000E+00,    0.0000000000E+00,    1.6684791470E+02
    134850,      0.676946,CP0_start,   1,    0.0000000000E+00,    1.6693675832E+02,    1.6693675832E+02,    0.0000000000E+00,    0.0000000000E+00,    0.0000000000E+00,    1.6693675832E+02
    134850,      0.676946,CP1_after_deposition,   1,    0.0000000000E+00,    1.6693675832E+02,    1.6693675832E+02,    0.0000000000E+00,    0.0000000000E+00,    0.0000000000E+00,    1.6693675832E+02
    134850,      0.676946,CP2_after_erosion,   1,    0.0000000000E+00,    1.6693675832E+02,    1.6693675832E+02,    0.0000000000E+00,    0.0000000000E+00,    0.0000000000E+00,    1.6693675832E+02
    134850,      0.676946,CP3_after_update_bottom,   1,    0.0000000000E+00,    1.6693675832E+02,    1.6693675832E+02,    0.0000000000E+00,    0.0000000000E+00,    0.0000000000E+00,    1.6693675832E+02
    134850,      0.676946,CP4_after_advection,   1,    0.0000000000E+00,    1.6692973152E+02,    1.6692973152E+02,    0.0000000000E+00,    0.0000000000E+00,    0.0000000000E+00,    1.6692973152E+02
    134850,      0.676946,CP5_after_vdif,   1,    0.0000000000E+00,    1.6692973152E+02,    1.6692973152E+02,    0.0000000000E+00,    0.0000000000E+00,    0.0000000000E+00,    1.6692973152E+02
    134850,      0.676946,CP6_after_kinetics,   1,    0.0000000000E+00,    1.6692973152E+02,    1.6692973152E+02,    0.0000000000E+00,    0.0000000000E+00,    0.0000000000E+00,    1.6692973152E+02
    134850,      0.676946,CP7_after_upper_clamp,   1,    0.0000000000E+00,    1.6692973152E+02,    1.6692973152E+02,    0.0000000000E+00,    0.0000000000E+00,    0.0000000000E+00,    1.6692973152E+02
    134850,      0.676946,CP8_after_OBC,   1,    0.0000000000E+00,    1.6692973152E+02,    1.6692973152E+02,    0.0000000000E+00,    0.0000000000E+00,    0.0000000000E+00,    1.6692973152E+02
    134850,      0.676946,CP9_after_PTsource,   1,    0.0000000000E+00,    1.6692973152E+02,    1.6692973152E+02,    0.0000000000E+00,    0.0000000000E+00,    0.0000000000E+00,    1.6692973152E+02
    134850,      0.676946,CP10_after_neg_clamp,   1,    0.0000000000E+00,    1.6692973152E+02,    1.6692973152E+02,    0.0000000000E+00,    0.0000000000E+00,    0.0000000000E+00,    1.6692973152E+02
    134850,      0.676946,CP11_after_MPI,   1,    0.0000000000E+00,    1.6692973152E+02,    1.6692973152E+02,    0.0000000000E+00,    0.0000000000E+00,    0.0000000000E+00,    1.6692973152E+02
    134850,      0.676946,CP12_end,   1,    0.0000000000E+00,    1.6692973152E+02,    1.6692973152E+02,    0.0000000000E+00,    0.0000000000E+00,    0.0000000000E+00,    1.6692973152E+02
    134900,      0.676946,CP0_start,   1,    0.0000000000E+00,    1.6701383358E+02,    1.6701383358E+02,    0.0000000000E+00,    0.0000000000E+00,    0.0000000000E+00,    1.6701383358E+02
    134900,      0.676946,CP1_after_deposition,   1,    0.0000000000E+00,    1.6701383358E+02,    1.6701383358E+02,    0.0000000000E+00,    0.0000000000E+00,    0.0000000000E+00,    1.6701383358E+02
    134900,      0.676946,CP2_after_erosion,   1,    0.0000000000E+00,    1.6701383358E+02,    1.6701383358E+02,    0.0000000000E+00,    0.0000000000E+00,    0.0000000000E+00,    1.6701383358E+02
    134900,      0.676946,CP3_after_update_bottom,   1,    0.0000000000E+00,    1.6701383358E+02,    1.6701383358E+02,    0.0000000000E+00,    0.0000000000E+00,    0.0000000000E+00,    1.6701383358E+02
    134900,      0.676946,CP4_after_advection,   1,    0.0000000000E+00,    1.6700666946E+02,    1.6700666946E+02,    0.0000000000E+00,    0.0000000000E+00,    0.0000000000E+00,    1.6700666946E+02
    134900,      0.676946,CP5_after_vdif,   1,    0.0000000000E+00,    1.6700666946E+02,    1.6700666946E+02,    0.0000000000E+00,    0.0000000000E+00,    0.0000000000E+00,    1.6700666946E+02
    134900,      0.676946,CP6_after_kinetics,   1,    0.0000000000E+00,    1.6700666946E+02,    1.6700666946E+02,    0.0000000000E+00,    0.0000000000E+00,    0.0000000000E+00,    1.6700666946E+02
    134900,      0.676946,CP7_after_upper_clamp,   1,    0.0000000000E+00,    1.6700666946E+02,    1.6700666946E+02,    0.0000000000E+00,    0.0000000000E+00,    0.0000000000E+00,    1.6700666946E+02
    134900,      0.676946,CP8_after_OBC,   1,    0.0000000000E+00,    1.6700666946E+02,    1.6700666946E+02,    0.0000000000E+00,    0.0000000000E+00,    0.0000000000E+00,    1.6700666946E+02
    134900,      0.676946,CP9_after_PTsource,   1,    0.0000000000E+00,    1.6700666946E+02,    1.6700666946E+02,    0.0000000000E+00,    0.0000000000E+00,    0.0000000000E+00,    1.6700666946E+02
    134900,      0.676946,CP10_after_neg_clamp,   1,    0.0000000000E+00,    1.6700666946E+02,    1.6700666946E+02,    0.0000000000E+00,    0.0000000000E+00,    0.0000000000E+00,    1.6700666946E+02
    134900,      0.676946,CP11_after_MPI,   1,    0.0000000000E+00,    1.6700666946E+02,    1.6700666946E+02,    0.0000000000E+00,    0.0000000000E+00,    0.0000000000E+00,    1.6700666946E+02
    134900,      0.676946,CP12_end,   1,    0.0000000000E+00,    1.6700666946E+02,    1.6700666946E+02,    0.0000000000E+00,    0.0000000000E+00,    0.0000000000E+00,    1.6700666946E+02
    134950,      0.676946,CP0_start,   1,    0.0000000000E+00,    1.6708779142E+02,    1.6708779142E+02,    0.0000000000E+00,    0.0000000000E+00,    0.0000000000E+00,    1.6708779142E+02
    134950,      0.676946,CP1_after_deposition,   1,    0.0000000000E+00,    1.6708779142E+02,    1.6708779142E+02,    0.0000000000E+00,    0.0000000000E+00,    0.0000000000E+00,    1.6708779142E+02
    134950,      0.676946,CP2_after_erosion,   1,    0.0000000000E+00,    1.6708779142E+02,    1.6708779142E+02,    0.0000000000E+00,    0.0000000000E+00,    0.0000000000E+00,    1.6708779142E+02
    134950,      0.676946,CP3_after_update_bottom,   1,    0.0000000000E+00,    1.6708779142E+02,    1.6708779142E+02,    0.0000000000E+00,    0.0000000000E+00,    0.0000000000E+00,    1.6708779142E+02
    134950,      0.676946,CP4_after_advection,   1,    0.0000000000E+00,    1.6708053111E+02,    1.6708053111E+02,    0.0000000000E+00,    0.0000000000E+00,    0.0000000000E+00,    1.6708053111E+02
    134950,      0.676946,CP5_after_vdif,   1,    0.0000000000E+00,    1.6708053111E+02,    1.6708053111E+02,    0.0000000000E+00,    0.0000000000E+00,    0.0000000000E+00,    1.6708053111E+02
    134950,      0.676946,CP6_after_kinetics,   1,    0.0000000000E+00,    1.6708053111E+02,    1.6708053111E+02,    0.0000000000E+00,    0.0000000000E+00,    0.0000000000E+00,    1.6708053111E+02
    134950,      0.676946,CP7_after_upper_clamp,   1,    0.0000000000E+00,    1.6708053111E+02,    1.6708053111E+02,    0.0000000000E+00,    0.0000000000E+00,    0.0000000000E+00,    1.6708053111E+02
    134950,      0.676946,CP8_after_OBC,   1,    0.0000000000E+00,    1.6708053111E+02,    1.6708053111E+02,    0.0000000000E+00,    0.0000000000E+00,    0.0000000000E+00,    1.6708053111E+02
    134950,      0.676946,CP9_after_PTsource,   1,    0.0000000000E+00,    1.6708053111E+02,    1.6708053111E+02,    0.0000000000E+00,    0.0000000000E+00,    0.0000000000E+00,    1.6708053111E+02
    134950,      0.676946,CP10_after_neg_clamp,   1,    0.0000000000E+00,    1.6708053111E+02,    1.6708053111E+02,    0.0000000000E+00,    0.0000000000E+00,    0.0000000000E+00,    1.6708053111E+02
    134950,      0.676946,CP11_after_MPI,   1,    0.0000000000E+00,    1.6708053111E+02,    1.6708053111E+02,    0.0000000000E+00,    0.0000000000E+00,    0.0000000000E+00,    1.6708053111E+02
    134950,      0.676946,CP12_end,   1,    0.0000000000E+00,    1.6708053111E+02,    1.6708053111E+02,    0.0000000000E+00,    0.0000000000E+00,    0.0000000000E+00,    1.6708053111E+02
    135000,      0.676946,CP0_start,   1,    0.0000000000E+00,    1.6715993789E+02,    1.6715993789E+02,    0.0000000000E+00,    0.0000000000E+00,    0.0000000000E+00,    1.6715993789E+02
    135000,      0.676946,CP1_after_deposition,   1,    0.0000000000E+00,    1.6715993789E+02,    1.6715993789E+02,    0.0000000000E+00,    0.0000000000E+00,    0.0000000000E+00,    1.6715993789E+02
    135000,      0.676946,CP2_after_erosion,   1,    0.0000000000E+00,    1.6715993789E+02,    1.6715993789E+02,    0.0000000000E+00,    0.0000000000E+00,    0.0000000000E+00,    1.6715993789E+02
    135000,      0.676946,CP3_after_update_bottom,   1,    0.0000000000E+00,    1.6715993789E+02,    1.6715993789E+02,    0.0000000000E+00,    0.0000000000E+00,    0.0000000000E+00,    1.6715993789E+02
    135000,      0.676946,CP4_after_advection,   1,    0.0000000000E+00,    1.6715260891E+02,    1.6715260891E+02,    0.0000000000E+00,    0.0000000000E+00,    0.0000000000E+00,    1.6715260891E+02
    135000,      0.676946,CP5_after_vdif,   1,    0.0000000000E+00,    1.6715260891E+02,    1.6715260891E+02,    0.0000000000E+00,    0.0000000000E+00,    0.0000000000E+00,    1.6715260891E+02
    135000,      0.676946,CP6_after_kinetics,   1,    0.0000000000E+00,    1.6715260891E+02,    1.6715260891E+02,    0.0000000000E+00,    0.0000000000E+00,    0.0000000000E+00,    1.6715260891E+02
    135000,      0.676946,CP7_after_upper_clamp,   1,    0.0000000000E+00,    1.6715260891E+02,    1.6715260891E+02,    0.0000000000E+00,    0.0000000000E+00,    0.0000000000E+00,    1.6715260891E+02
    135000,      0.676946,CP8_after_OBC,   1,    0.0000000000E+00,    1.6715260891E+02,    1.6715260891E+02,    0.0000000000E+00,    0.0000000000E+00,    0.0000000000E+00,    1.6715260891E+02
    135000,      0.676946,CP9_after_PTsource,   1,    0.0000000000E+00,    1.6715260891E+02,    1.6715260891E+02,    0.0000000000E+00,    0.0000000000E+00,    0.0000000000E+00,    1.6715260891E+02
    135000,      0.676946,CP10_after_neg_clamp,   1,    0.0000000000E+00,    1.6715260891E+02,    1.6715260891E+02,    0.0000000000E+00,    0.0000000000E+00,    0.0000000000E+00,    1.6715260891E+02
    135000,      0.676946,CP11_after_MPI,   1,    0.0000000000E+00,    1.6715260891E+02,    1.6715260891E+02,    0.0000000000E+00,    0.0000000000E+00,    0.0000000000E+00,    1.6715260891E+02
    135000,      0.676946,CP12_end,   1,    0.0000000000E+00,    1.6715260891E+02,    1.6715260891E+02,    0.0000000000E+00,    0.0000000000E+00,    0.0000000000E+00,    1.6715260891E+02
    135050,      0.676946,CP0_start,   1,    0.0000000000E+00,    1.6723085990E+02,    1.6723085990E+02,    0.0000000000E+00,    0.0000000000E+00,    0.0000000000E+00,    1.6723085990E+02
    135050,      0.676946,CP1_after_deposition,   1,    0.0000000000E+00,    1.6723085990E+02,    1.6723085990E+02,    0.0000000000E+00,    0.0000000000E+00,    0.0000000000E+00,    1.6723085990E+02
    135050,      0.676946,CP2_after_erosion,   1,    0.0000000000E+00,    1.6723085990E+02,    1.6723085990E+02,    0.0000000000E+00,    0.0000000000E+00,    0.0000000000E+00,    1.6723085990E+02
    135050,      0.676946,CP3_after_update_bottom,   1,    0.0000000000E+00,    1.6723085990E+02,    1.6723085990E+02,    0.0000000000E+00,    0.0000000000E+00,    0.0000000000E+00,    1.6723085990E+02
    135050,      0.676946,CP4_after_advection,   1,    0.0000000000E+00,    1.6722347447E+02,    1.6722347447E+02,    0.0000000000E+00,    0.0000000000E+00,    0.0000000000E+00,    1.6722347447E+02
    135050,      0.676946,CP5_after_vdif,   1,    0.0000000000E+00,    1.6722347447E+02,    1.6722347447E+02,    0.0000000000E+00,    0.0000000000E+00,    0.0000000000E+00,    1.6722347447E+02
    135050,      0.676946,CP6_after_kinetics,   1,    0.0000000000E+00,    1.6722347447E+02,    1.6722347447E+02,    0.0000000000E+00,    0.0000000000E+00,    0.0000000000E+00,    1.6722347447E+02
    135050,      0.676946,CP7_after_upper_clamp,   1,    0.0000000000E+00,    1.6722347447E+02,    1.6722347447E+02,    0.0000000000E+00,    0.0000000000E+00,    0.0000000000E+00,    1.6722347447E+02
    135050,      0.676946,CP8_after_OBC,   1,    0.0000000000E+00,    1.6722347447E+02,    1.6722347447E+02,    0.0000000000E+00,    0.0000000000E+00,    0.0000000000E+00,    1.6722347447E+02
    135050,      0.676946,CP9_after_PTsource,   1,    0.0000000000E+00,    1.6722347447E+02,    1.6722347447E+02,    0.0000000000E+00,    0.0000000000E+00,    0.0000000000E+00,    1.6722347447E+02
    135050,      0.676946,CP10_after_neg_clamp,   1,    0.0000000000E+00,    1.6722347447E+02,    1.6722347447E+02,    0.0000000000E+00,    0.0000000000E+00,    0.0000000000E+00,    1.6722347447E+02
    135050,      0.676946,CP11_after_MPI,   1,    0.0000000000E+00,    1.6722347447E+02,    1.6722347447E+02,    0.0000000000E+00,    0.0000000000E+00,    0.0000000000E+00,    1.6722347447E+02
    135050,      0.676946,CP12_end,   1,    0.0000000000E+00,    1.6722347447E+02,    1.6722347447E+02,    0.0000000000E+00,    0.0000000000E+00,    0.0000000000E+00,    1.6722347447E+02
    135100,      0.676946,CP0_start,   1,    0.0000000000E+00,    1.6730106995E+02,    1.6730106995E+02,    0.0000000000E+00,    0.0000000000E+00,    0.0000000000E+00,    1.6730106995E+02
    135100,      0.676946,CP1_after_deposition,   1,    0.0000000000E+00,    1.6730106995E+02,    1.6730106995E+02,    0.0000000000E+00,    0.0000000000E+00,    0.0000000000E+00,    1.6730106995E+02
    135100,      0.676946,CP2_after_erosion,   1,    0.0000000000E+00,    1.6730106995E+02,    1.6730106995E+02,    0.0000000000E+00,    0.0000000000E+00,    0.0000000000E+00,    1.6730106995E+02
    135100,      0.676946,CP3_after_update_bottom,   1,    0.0000000000E+00,    1.6730106995E+02,    1.6730106995E+02,    0.0000000000E+00,    0.0000000000E+00,    0.0000000000E+00,    1.6730106995E+02
    135100,      0.676946,CP4_after_advection,   1,    0.0000000000E+00,    1.6729364716E+02,    1.6729364716E+02,    0.0000000000E+00,    0.0000000000E+00,    0.0000000000E+00,    1.6729364716E+02
    135100,      0.676946,CP5_after_vdif,   1,    0.0000000000E+00,    1.6729364716E+02,    1.6729364716E+02,    0.0000000000E+00,    0.0000000000E+00,    0.0000000000E+00,    1.6729364716E+02
    135100,      0.676946,CP6_after_kinetics,   1,    0.0000000000E+00,    1.6729364716E+02,    1.6729364716E+02,    0.0000000000E+00,    0.0000000000E+00,    0.0000000000E+00,    1.6729364716E+02
    135100,      0.676946,CP7_after_upper_clamp,   1,    0.0000000000E+00,    1.6729364716E+02,    1.6729364716E+02,    0.0000000000E+00,    0.0000000000E+00,    0.0000000000E+00,    1.6729364716E+02
    135100,      0.676946,CP8_after_OBC,   1,    0.0000000000E+00,    1.6729364716E+02,    1.6729364716E+02,    0.0000000000E+00,    0.0000000000E+00,    0.0000000000E+00,    1.6729364716E+02
    135100,      0.676946,CP9_after_PTsource,   1,    0.0000000000E+00,    1.6729364716E+02,    1.6729364716E+02,    0.0000000000E+00,    0.0000000000E+00,    0.0000000000E+00,    1.6729364716E+02
    135100,      0.676946,CP10_after_neg_clamp,   1,    0.0000000000E+00,    1.6729364716E+02,    1.6729364716E+02,    0.0000000000E+00,    0.0000000000E+00,    0.0000000000E+00,    1.6729364716E+02
    135100,      0.676946,CP11_after_MPI,   1,    0.0000000000E+00,    1.6729364716E+02,    1.6729364716E+02,    0.0000000000E+00,    0.0000000000E+00,    0.0000000000E+00,    1.6729364716E+02
    135100,      0.676946,CP12_end,   1,    0.0000000000E+00,    1.6729364716E+02,    1.6729364716E+02,    0.0000000000E+00,    0.0000000000E+00,    0.0000000000E+00,    1.6729364716E+02
    135150,      0.676946,CP0_start,   1,    0.0000000000E+00,    1.6737145474E+02,    1.6737145474E+02,    0.0000000000E+00,    0.0000000000E+00,    0.0000000000E+00,    1.6737145474E+02
    135150,      0.676946,CP1_after_deposition,   1,    0.0000000000E+00,    1.6737145474E+02,    1.6737145474E+02,    0.0000000000E+00,    0.0000000000E+00,    0.0000000000E+00,    1.6737145474E+02
    135150,      0.676946,CP2_after_erosion,   1,    0.0000000000E+00,    1.6737145474E+02,    1.6737145474E+02,    0.0000000000E+00,    0.0000000000E+00,    0.0000000000E+00,    1.6737145474E+02
    135150,      0.676946,CP3_after_update_bottom,   1,    0.0000000000E+00,    1.6737145474E+02,    1.6737145474E+02,    0.0000000000E+00,    0.0000000000E+00,    0.0000000000E+00,    1.6737145474E+02
    135150,      0.676946,CP4_after_advection,   1,    0.0000000000E+00,    1.6736401653E+02,    1.6736401653E+02,    0.0000000000E+00,    0.0000000000E+00,    0.0000000000E+00,    1.6736401653E+02
    135150,      0.676946,CP5_after_vdif,   1,    0.0000000000E+00,    1.6736401653E+02,    1.6736401653E+02,    0.0000000000E+00,    0.0000000000E+00,    0.0000000000E+00,    1.6736401653E+02
    135150,      0.676946,CP6_after_kinetics,   1,    0.0000000000E+00,    1.6736401653E+02,    1.6736401653E+02,    0.0000000000E+00,    0.0000000000E+00,    0.0000000000E+00,    1.6736401653E+02
    135150,      0.676946,CP7_after_upper_clamp,   1,    0.0000000000E+00,    1.6736401653E+02,    1.6736401653E+02,    0.0000000000E+00,    0.0000000000E+00,    0.0000000000E+00,    1.6736401653E+02
    135150,      0.676946,CP8_after_OBC,   1,    0.0000000000E+00,    1.6736401653E+02,    1.6736401653E+02,    0.0000000000E+00,    0.0000000000E+00,    0.0000000000E+00,    1.6736401653E+02
    135150,      0.676946,CP9_after_PTsource,   1,    0.0000000000E+00,    1.6736401653E+02,    1.6736401653E+02,    0.0000000000E+00,    0.0000000000E+00,    0.0000000000E+00,    1.6736401653E+02
    135150,      0.676946,CP10_after_neg_clamp,   1,    0.0000000000E+00,    1.6736401653E+02,    1.6736401653E+02,    0.0000000000E+00,    0.0000000000E+00,    0.0000000000E+00,    1.6736401653E+02
    135150,      0.676946,CP11_after_MPI,   1,    0.0000000000E+00,    1.6736401653E+02,    1.6736401653E+02,    0.0000000000E+00,    0.0000000000E+00,    0.0000000000E+00,    1.6736401653E+02
    135150,      0.676946,CP12_end,   1,    0.0000000000E+00,    1.6736401653E+02,    1.6736401653E+02,    0.0000000000E+00,    0.0000000000E+00,    0.0000000000E+00,    1.6736401653E+02
    135200,      0.676946,CP0_start,   1,    0.0000000000E+00,    1.6744315150E+02,    1.6744315150E+02,    0.0000000000E+00,    0.0000000000E+00,    0.0000000000E+00,    1.6744315150E+02
    135200,      0.676946,CP1_after_deposition,   1,    0.0000000000E+00,    1.6744315150E+02,    1.6744315150E+02,    0.0000000000E+00,    0.0000000000E+00,    0.0000000000E+00,    1.6744315150E+02
    135200,      0.676946,CP2_after_erosion,   1,    0.0000000000E+00,    1.6744315150E+02,    1.6744315150E+02,    0.0000000000E+00,    0.0000000000E+00,    0.0000000000E+00,    1.6744315150E+02
    135200,      0.676946,CP3_after_update_bottom,   1,    0.0000000000E+00,    1.6744315150E+02,    1.6744315150E+02,    0.0000000000E+00,    0.0000000000E+00,    0.0000000000E+00,    1.6744315150E+02
    135200,      0.676946,CP4_after_advection,   1,    0.0000000000E+00,    1.6743572653E+02,    1.6743572653E+02,    0.0000000000E+00,    0.0000000000E+00,    0.0000000000E+00,    1.6743572653E+02
    135200,      0.676946,CP5_after_vdif,   1,    0.0000000000E+00,    1.6743572653E+02,    1.6743572653E+02,    0.0000000000E+00,    0.0000000000E+00,    0.0000000000E+00,    1.6743572653E+02
    135200,      0.676946,CP6_after_kinetics,   1,    0.0000000000E+00,    1.6743572653E+02,    1.6743572653E+02,    0.0000000000E+00,    0.0000000000E+00,    0.0000000000E+00,    1.6743572653E+02
    135200,      0.676946,CP7_after_upper_clamp,   1,    0.0000000000E+00,    1.6743572653E+02,    1.6743572653E+02,    0.0000000000E+00,    0.0000000000E+00,    0.0000000000E+00,    1.6743572653E+02
    135200,      0.676946,CP8_after_OBC,   1,    0.0000000000E+00,    1.6743572653E+02,    1.6743572653E+02,    0.0000000000E+00,    0.0000000000E+00,    0.0000000000E+00,    1.6743572653E+02
    135200,      0.676946,CP9_after_PTsource,   1,    0.0000000000E+00,    1.6743572653E+02,    1.6743572653E+02,    0.0000000000E+00,    0.0000000000E+00,    0.0000000000E+00,    1.6743572653E+02
    135200,      0.676946,CP10_after_neg_clamp,   1,    0.0000000000E+00,    1.6743572653E+02,    1.6743572653E+02,    0.0000000000E+00,    0.0000000000E+00,    0.0000000000E+00,    1.6743572653E+02
    135200,      0.676946,CP11_after_MPI,   1,    0.0000000000E+00,    1.6743572653E+02,    1.6743572653E+02,    0.0000000000E+00,    0.0000000000E+00,    0.0000000000E+00,    1.6743572653E+02
    135200,      0.676946,CP12_end,   1,    0.0000000000E+00,    1.6743572653E+02,    1.6743572653E+02,    0.0000000000E+00,    0.0000000000E+00,    0.0000000000E+00,    1.6743572653E+02
    135250,      0.676946,CP0_start,   1,    0.0000000000E+00,    1.6751717317E+02,    1.6751717317E+02,    0.0000000000E+00,    0.0000000000E+00,    0.0000000000E+00,    1.6751717317E+02
    135250,      0.676946,CP1_after_deposition,   1,    0.0000000000E+00,    1.6751717317E+02,    1.6751717317E+02,    0.0000000000E+00,    0.0000000000E+00,    0.0000000000E+00,    1.6751717317E+02
    135250,      0.676946,CP2_after_erosion,   1,    0.0000000000E+00,    1.6751717317E+02,    1.6751717317E+02,    0.0000000000E+00,    0.0000000000E+00,    0.0000000000E+00,    1.6751717317E+02
    135250,      0.676946,CP3_after_update_bottom,   1,    0.0000000000E+00,    1.6751717317E+02,    1.6751717317E+02,    0.0000000000E+00,    0.0000000000E+00,    0.0000000000E+00,    1.6751717317E+02
    135250,      0.676946,CP4_after_advection,   1,    0.0000000000E+00,    1.6750978193E+02,    1.6750978193E+02,    0.0000000000E+00,    0.0000000000E+00,    0.0000000000E+00,    1.6750978193E+02
    135250,      0.676946,CP5_after_vdif,   1,    0.0000000000E+00,    1.6750978193E+02,    1.6750978193E+02,    0.0000000000E+00,    0.0000000000E+00,    0.0000000000E+00,    1.6750978193E+02
    135250,      0.676946,CP6_after_kinetics,   1,    0.0000000000E+00,    1.6750978193E+02,    1.6750978193E+02,    0.0000000000E+00,    0.0000000000E+00,    0.0000000000E+00,    1.6750978193E+02
    135250,      0.676946,CP7_after_upper_clamp,   1,    0.0000000000E+00,    1.6750978193E+02,    1.6750978193E+02,    0.0000000000E+00,    0.0000000000E+00,    0.0000000000E+00,    1.6750978193E+02
    135250,      0.676946,CP8_after_OBC,   1,    0.0000000000E+00,    1.6750978193E+02,    1.6750978193E+02,    0.0000000000E+00,    0.0000000000E+00,    0.0000000000E+00,    1.6750978193E+02
    135250,      0.676946,CP9_after_PTsource,   1,    0.0000000000E+00,    1.6750978193E+02,    1.6750978193E+02,    0.0000000000E+00,    0.0000000000E+00,    0.0000000000E+00,    1.6750978193E+02
    135250,      0.676946,CP10_after_neg_clamp,   1,    0.0000000000E+00,    1.6750978193E+02,    1.6750978193E+02,    0.0000000000E+00,    0.0000000000E+00,    0.0000000000E+00,    1.6750978193E+02
    135250,      0.676946,CP11_after_MPI,   1,    0.0000000000E+00,    1.6750978193E+02,    1.6750978193E+02,    0.0000000000E+00,    0.0000000000E+00,    0.0000000000E+00,    1.6750978193E+02
    135250,      0.676946,CP12_end,   1,    0.0000000000E+00,    1.6750978193E+02,    1.6750978193E+02,    0.0000000000E+00,    0.0000000000E+00,    0.0000000000E+00,    1.6750978193E+02
    135300,      0.676946,CP0_start,   1,    0.0000000000E+00,    1.6759386720E+02,    1.6759386720E+02,    0.0000000000E+00,    0.0000000000E+00,    0.0000000000E+00,    1.6759386720E+02
    135300,      0.676946,CP1_after_deposition,   1,    0.0000000000E+00,    1.6759386720E+02,    1.6759386720E+02,    0.0000000000E+00,    0.0000000000E+00,    0.0000000000E+00,    1.6759386720E+02
    135300,      0.676946,CP2_after_erosion,   1,    0.0000000000E+00,    1.6759386720E+02,    1.6759386720E+02,    0.0000000000E+00,    0.0000000000E+00,    0.0000000000E+00,    1.6759386720E+02
    135300,      0.676946,CP3_after_update_bottom,   1,    0.0000000000E+00,    1.6759386720E+02,    1.6759386720E+02,    0.0000000000E+00,    0.0000000000E+00,    0.0000000000E+00,    1.6759386720E+02
    135300,      0.676946,CP4_after_advection,   1,    0.0000000000E+00,    1.6758651063E+02,    1.6758651063E+02,    0.0000000000E+00,    0.0000000000E+00,    0.0000000000E+00,    1.6758651063E+02
    135300,      0.676946,CP5_after_vdif,   1,    0.0000000000E+00,    1.6758651063E+02,    1.6758651063E+02,    0.0000000000E+00,    0.0000000000E+00,    0.0000000000E+00,    1.6758651063E+02
    135300,      0.676946,CP6_after_kinetics,   1,    0.0000000000E+00,    1.6758651063E+02,    1.6758651063E+02,    0.0000000000E+00,    0.0000000000E+00,    0.0000000000E+00,    1.6758651063E+02
    135300,      0.676946,CP7_after_upper_clamp,   1,    0.0000000000E+00,    1.6758651063E+02,    1.6758651063E+02,    0.0000000000E+00,    0.0000000000E+00,    0.0000000000E+00,    1.6758651063E+02
    135300,      0.676946,CP8_after_OBC,   1,    0.0000000000E+00,    1.6758651063E+02,    1.6758651063E+02,    0.0000000000E+00,    0.0000000000E+00,    0.0000000000E+00,    1.6758651063E+02
    135300,      0.676946,CP9_after_PTsource,   1,    0.0000000000E+00,    1.6758651063E+02,    1.6758651063E+02,    0.0000000000E+00,    0.0000000000E+00,    0.0000000000E+00,    1.6758651063E+02
    135300,      0.676946,CP10_after_neg_clamp,   1,    0.0000000000E+00,    1.6758651063E+02,    1.6758651063E+02,    0.0000000000E+00,    0.0000000000E+00,    0.0000000000E+00,    1.6758651063E+02
    135300,      0.676946,CP11_after_MPI,   1,    0.0000000000E+00,    1.6758651063E+02,    1.6758651063E+02,    0.0000000000E+00,    0.0000000000E+00,    0.0000000000E+00,    1.6758651063E+02
    135300,      0.676946,CP12_end,   1,    0.0000000000E+00,    1.6758651063E+02,    1.6758651063E+02,    0.0000000000E+00,    0.0000000000E+00,    0.0000000000E+00,    1.6758651063E+02
    135350,      0.676946,CP0_start,   1,    0.0000000000E+00,    1.6767292474E+02,    1.6767292474E+02,    0.0000000000E+00,    0.0000000000E+00,    0.0000000000E+00,    1.6767292474E+02
    135350,      0.676946,CP1_after_deposition,   1,    0.0000000000E+00,    1.6767292474E+02,    1.6767292474E+02,    0.0000000000E+00,    0.0000000000E+00,    0.0000000000E+00,    1.6767292474E+02
    135350,      0.676946,CP2_after_erosion,   1,    0.0000000000E+00,    1.6767292474E+02,    1.6767292474E+02,    0.0000000000E+00,    0.0000000000E+00,    0.0000000000E+00,    1.6767292474E+02
    135350,      0.676946,CP3_after_update_bottom,   1,    0.0000000000E+00,    1.6767292474E+02,    1.6767292474E+02,    0.0000000000E+00,    0.0000000000E+00,    0.0000000000E+00,    1.6767292474E+02
    135350,      0.676946,CP4_after_advection,   1,    0.0000000000E+00,    1.6766559871E+02,    1.6766559871E+02,    0.0000000000E+00,    0.0000000000E+00,    0.0000000000E+00,    1.6766559871E+02
    135350,      0.676946,CP5_after_vdif,   1,    0.0000000000E+00,    1.6766559871E+02,    1.6766559871E+02,    0.0000000000E+00,    0.0000000000E+00,    0.0000000000E+00,    1.6766559871E+02
    135350,      0.676946,CP6_after_kinetics,   1,    0.0000000000E+00,    1.6766559871E+02,    1.6766559871E+02,    0.0000000000E+00,    0.0000000000E+00,    0.0000000000E+00,    1.6766559871E+02
    135350,      0.676946,CP7_after_upper_clamp,   1,    0.0000000000E+00,    1.6766559871E+02,    1.6766559871E+02,    0.0000000000E+00,    0.0000000000E+00,    0.0000000000E+00,    1.6766559871E+02
    135350,      0.676946,CP8_after_OBC,   1,    0.0000000000E+00,    1.6766559871E+02,    1.6766559871E+02,    0.0000000000E+00,    0.0000000000E+00,    0.0000000000E+00,    1.6766559871E+02
    135350,      0.676946,CP9_after_PTsource,   1,    0.0000000000E+00,    1.6766559871E+02,    1.6766559871E+02,    0.0000000000E+00,    0.0000000000E+00,    0.0000000000E+00,    1.6766559871E+02
    135350,      0.676946,CP10_after_neg_clamp,   1,    0.0000000000E+00,    1.6766559871E+02,    1.6766559871E+02,    0.0000000000E+00,    0.0000000000E+00,    0.0000000000E+00,    1.6766559871E+02
    135350,      0.676946,CP11_after_MPI,   1,    0.0000000000E+00,    1.6766559871E+02,    1.6766559871E+02,    0.0000000000E+00,    0.0000000000E+00,    0.0000000000E+00,    1.6766559871E+02
    135350,      0.676946,CP12_end,   1,    0.0000000000E+00,    1.6766559871E+02,    1.6766559871E+02,    0.0000000000E+00,    0.0000000000E+00,    0.0000000000E+00,    1.6766559871E+02
    135400,      0.676946,CP0_start,   1,    0.0000000000E+00,    1.6775422789E+02,    1.6775422789E+02,    0.0000000000E+00,    0.0000000000E+00,    0.0000000000E+00,    1.6775422789E+02
    135400,      0.676946,CP1_after_deposition,   1,    0.0000000000E+00,    1.6775422789E+02,    1.6775422789E+02,    0.0000000000E+00,    0.0000000000E+00,    0.0000000000E+00,    1.6775422789E+02
    135400,      0.676946,CP2_after_erosion,   1,    0.0000000000E+00,    1.6775422789E+02,    1.6775422789E+02,    0.0000000000E+00,    0.0000000000E+00,    0.0000000000E+00,    1.6775422789E+02
    135400,      0.676946,CP3_after_update_bottom,   1,    0.0000000000E+00,    1.6775422789E+02,    1.6775422789E+02,    0.0000000000E+00,    0.0000000000E+00,    0.0000000000E+00,    1.6775422789E+02
    135400,      0.676946,CP4_after_advection,   1,    0.0000000000E+00,    1.6774694349E+02,    1.6774694349E+02,    0.0000000000E+00,    0.0000000000E+00,    0.0000000000E+00,    1.6774694349E+02
    135400,      0.676946,CP5_after_vdif,   1,    0.0000000000E+00,    1.6774694349E+02,    1.6774694349E+02,    0.0000000000E+00,    0.0000000000E+00,    0.0000000000E+00,    1.6774694349E+02
    135400,      0.676946,CP6_after_kinetics,   1,    0.0000000000E+00,    1.6774694349E+02,    1.6774694349E+02,    0.0000000000E+00,    0.0000000000E+00,    0.0000000000E+00,    1.6774694349E+02
    135400,      0.676946,CP7_after_upper_clamp,   1,    0.0000000000E+00,    1.6774694349E+02,    1.6774694349E+02,    0.0000000000E+00,    0.0000000000E+00,    0.0000000000E+00,    1.6774694349E+02
    135400,      0.676946,CP8_after_OBC,   1,    0.0000000000E+00,    1.6774694349E+02,    1.6774694349E+02,    0.0000000000E+00,    0.0000000000E+00,    0.0000000000E+00,    1.6774694349E+02
    135400,      0.676946,CP9_after_PTsource,   1,    0.0000000000E+00,    1.6774694349E+02,    1.6774694349E+02,    0.0000000000E+00,    0.0000000000E+00,    0.0000000000E+00,    1.6774694349E+02
    135400,      0.676946,CP10_after_neg_clamp,   1,    0.0000000000E+00,    1.6774694349E+02,    1.6774694349E+02,    0.0000000000E+00,    0.0000000000E+00,    0.0000000000E+00,    1.6774694349E+02
    135400,      0.676946,CP11_after_MPI,   1,    0.0000000000E+00,    1.6774694349E+02,    1.6774694349E+02,    0.0000000000E+00,    0.0000000000E+00,    0.0000000000E+00,    1.6774694349E+02
    135400,      0.676946,CP12_end,   1,    0.0000000000E+00,    1.6774694349E+02,    1.6774694349E+02,    0.0000000000E+00,    0.0000000000E+00,    0.0000000000E+00,    1.6774694349E+02
    135450,      0.676946,CP0_start,   1,    0.0000000000E+00,    1.6783791118E+02,    1.6783791118E+02,    0.0000000000E+00,    0.0000000000E+00,    0.0000000000E+00,    1.6783791118E+02
    135450,      0.676946,CP1_after_deposition,   1,    0.0000000000E+00,    1.6783791118E+02,    1.6783791118E+02,    0.0000000000E+00,    0.0000000000E+00,    0.0000000000E+00,    1.6783791118E+02
    135450,      0.676946,CP2_after_erosion,   1,    0.0000000000E+00,    1.6783791118E+02,    1.6783791118E+02,    0.0000000000E+00,    0.0000000000E+00,    0.0000000000E+00,    1.6783791118E+02
    135450,      0.676946,CP3_after_update_bottom,   1,    0.0000000000E+00,    1.6783791118E+02,    1.6783791118E+02,    0.0000000000E+00,    0.0000000000E+00,    0.0000000000E+00,    1.6783791118E+02
    135450,      0.676946,CP4_after_advection,   1,    0.0000000000E+00,    1.6783067124E+02,    1.6783067124E+02,    0.0000000000E+00,    0.0000000000E+00,    0.0000000000E+00,    1.6783067124E+02
    135450,      0.676946,CP5_after_vdif,   1,    0.0000000000E+00,    1.6783067124E+02,    1.6783067124E+02,    0.0000000000E+00,    0.0000000000E+00,    0.0000000000E+00,    1.6783067124E+02
    135450,      0.676946,CP6_after_kinetics,   1,    0.0000000000E+00,    1.6783067124E+02,    1.6783067124E+02,    0.0000000000E+00,    0.0000000000E+00,    0.0000000000E+00,    1.6783067124E+02
    135450,      0.676946,CP7_after_upper_clamp,   1,    0.0000000000E+00,    1.6783067124E+02,    1.6783067124E+02,    0.0000000000E+00,    0.0000000000E+00,    0.0000000000E+00,    1.6783067124E+02
    135450,      0.676946,CP8_after_OBC,   1,    0.0000000000E+00,    1.6783067124E+02,    1.6783067124E+02,    0.0000000000E+00,    0.0000000000E+00,    0.0000000000E+00,    1.6783067124E+02
    135450,      0.676946,CP9_after_PTsource,   1,    0.0000000000E+00,    1.6783067124E+02,    1.6783067124E+02,    0.0000000000E+00,    0.0000000000E+00,    0.0000000000E+00,    1.6783067124E+02
    135450,      0.676946,CP10_after_neg_clamp,   1,    0.0000000000E+00,    1.6783067124E+02,    1.6783067124E+02,    0.0000000000E+00,    0.0000000000E+00,    0.0000000000E+00,    1.6783067124E+02
    135450,      0.676946,CP11_after_MPI,   1,    0.0000000000E+00,    1.6783067124E+02,    1.6783067124E+02,    0.0000000000E+00,    0.0000000000E+00,    0.0000000000E+00,    1.6783067124E+02
    135450,      0.676946,CP12_end,   1,    0.0000000000E+00,    1.6783067124E+02,    1.6783067124E+02,    0.0000000000E+00,    0.0000000000E+00,    0.0000000000E+00,    1.6783067124E+02
    135500,      0.676946,CP0_start,   1,    0.0000000000E+00,    1.6792383743E+02,    1.6792383743E+02,    0.0000000000E+00,    0.0000000000E+00,    0.0000000000E+00,    1.6792383743E+02
    135500,      0.676946,CP1_after_deposition,   1,    0.0000000000E+00,    1.6792383743E+02,    1.6792383743E+02,    0.0000000000E+00,    0.0000000000E+00,    0.0000000000E+00,    1.6792383743E+02
    135500,      0.676946,CP2_after_erosion,   1,    0.0000000000E+00,    1.6792383743E+02,    1.6792383743E+02,    0.0000000000E+00,    0.0000000000E+00,    0.0000000000E+00,    1.6792383743E+02
    135500,      0.676946,CP3_after_update_bottom,   1,    0.0000000000E+00,    1.6792383743E+02,    1.6792383743E+02,    0.0000000000E+00,    0.0000000000E+00,    0.0000000000E+00,    1.6792383743E+02
    135500,      0.676946,CP4_after_advection,   1,    0.0000000000E+00,    1.6791663761E+02,    1.6791663761E+02,    0.0000000000E+00,    0.0000000000E+00,    0.0000000000E+00,    1.6791663761E+02
    135500,      0.676946,CP5_after_vdif,   1,    0.0000000000E+00,    1.6791663761E+02,    1.6791663761E+02,    0.0000000000E+00,    0.0000000000E+00,    0.0000000000E+00,    1.6791663761E+02
    135500,      0.676946,CP6_after_kinetics,   1,    0.0000000000E+00,    1.6791663761E+02,    1.6791663761E+02,    0.0000000000E+00,    0.0000000000E+00,    0.0000000000E+00,    1.6791663761E+02
    135500,      0.676946,CP7_after_upper_clamp,   1,    0.0000000000E+00,    1.6791663761E+02,    1.6791663761E+02,    0.0000000000E+00,    0.0000000000E+00,    0.0000000000E+00,    1.6791663761E+02
    135500,      0.676946,CP8_after_OBC,   1,    0.0000000000E+00,    1.6791663761E+02,    1.6791663761E+02,    0.0000000000E+00,    0.0000000000E+00,    0.0000000000E+00,    1.6791663761E+02
    135500,      0.676946,CP9_after_PTsource,   1,    0.0000000000E+00,    1.6791663761E+02,    1.6791663761E+02,    0.0000000000E+00,    0.0000000000E+00,    0.0000000000E+00,    1.6791663761E+02
    135500,      0.676946,CP10_after_neg_clamp,   1,    0.0000000000E+00,    1.6791663761E+02,    1.6791663761E+02,    0.0000000000E+00,    0.0000000000E+00,    0.0000000000E+00,    1.6791663761E+02
    135500,      0.676946,CP11_after_MPI,   1,    0.0000000000E+00,    1.6791663761E+02,    1.6791663761E+02,    0.0000000000E+00,    0.0000000000E+00,    0.0000000000E+00,    1.6791663761E+02
    135500,      0.676946,CP12_end,   1,    0.0000000000E+00,    1.6791663761E+02,    1.6791663761E+02,    0.0000000000E+00,    0.0000000000E+00,    0.0000000000E+00,    1.6791663761E+02
    135550,      0.676946,CP0_start,   1,    0.0000000000E+00,    1.6801128948E+02,    1.6801128948E+02,    0.0000000000E+00,    0.0000000000E+00,    0.0000000000E+00,    1.6801128948E+02
    135550,      0.676946,CP1_after_deposition,   1,    0.0000000000E+00,    1.6801128948E+02,    1.6801128948E+02,    0.0000000000E+00,    0.0000000000E+00,    0.0000000000E+00,    1.6801128948E+02
    135550,      0.676946,CP2_after_erosion,   1,    0.0000000000E+00,    1.6801128948E+02,    1.6801128948E+02,    0.0000000000E+00,    0.0000000000E+00,    0.0000000000E+00,    1.6801128948E+02
    135550,      0.676946,CP3_after_update_bottom,   1,    0.0000000000E+00,    1.6801128948E+02,    1.6801128948E+02,    0.0000000000E+00,    0.0000000000E+00,    0.0000000000E+00,    1.6801128948E+02
    135550,      0.676946,CP4_after_advection,   1,    0.0000000000E+00,    1.6800411476E+02,    1.6800411476E+02,    0.0000000000E+00,    0.0000000000E+00,    0.0000000000E+00,    1.6800411476E+02
    135550,      0.676946,CP5_after_vdif,   1,    0.0000000000E+00,    1.6800411476E+02,    1.6800411476E+02,    0.0000000000E+00,    0.0000000000E+00,    0.0000000000E+00,    1.6800411476E+02
    135550,      0.676946,CP6_after_kinetics,   1,    0.0000000000E+00,    1.6800411476E+02,    1.6800411476E+02,    0.0000000000E+00,    0.0000000000E+00,    0.0000000000E+00,    1.6800411476E+02
    135550,      0.676946,CP7_after_upper_clamp,   1,    0.0000000000E+00,    1.6800411476E+02,    1.6800411476E+02,    0.0000000000E+00,    0.0000000000E+00,    0.0000000000E+00,    1.6800411476E+02
    135550,      0.676946,CP8_after_OBC,   1,    0.0000000000E+00,    1.6800411476E+02,    1.6800411476E+02,    0.0000000000E+00,    0.0000000000E+00,    0.0000000000E+00,    1.6800411476E+02
    135550,      0.676946,CP9_after_PTsource,   1,    0.0000000000E+00,    1.6800411476E+02,    1.6800411476E+02,    0.0000000000E+00,    0.0000000000E+00,    0.0000000000E+00,    1.6800411476E+02
    135550,      0.676946,CP10_after_neg_clamp,   1,    0.0000000000E+00,    1.6800411476E+02,    1.6800411476E+02,    0.0000000000E+00,    0.0000000000E+00,    0.0000000000E+00,    1.6800411476E+02
    135550,      0.676946,CP11_after_MPI,   1,    0.0000000000E+00,    1.6800411476E+02,    1.6800411476E+02,    0.0000000000E+00,    0.0000000000E+00,    0.0000000000E+00,    1.6800411476E+02
    135550,      0.676946,CP12_end,   1,    0.0000000000E+00,    1.6800411476E+02,    1.6800411476E+02,    0.0000000000E+00,    0.0000000000E+00,    0.0000000000E+00,    1.6800411476E+02
    135600,      0.676946,CP0_start,   1,    0.0000000000E+00,    1.6809923129E+02,    1.6809923129E+02,    0.0000000000E+00,    0.0000000000E+00,    0.0000000000E+00,    1.6809923129E+02
    135600,      0.676946,CP1_after_deposition,   1,    0.0000000000E+00,    1.6809923129E+02,    1.6809923129E+02,    0.0000000000E+00,    0.0000000000E+00,    0.0000000000E+00,    1.6809923129E+02
    135600,      0.676946,CP2_after_erosion,   1,    0.0000000000E+00,    1.6809923129E+02,    1.6809923129E+02,    0.0000000000E+00,    0.0000000000E+00,    0.0000000000E+00,    1.6809923129E+02
    135600,      0.676946,CP3_after_update_bottom,   1,    0.0000000000E+00,    1.6809923129E+02,    1.6809923129E+02,    0.0000000000E+00,    0.0000000000E+00,    0.0000000000E+00,    1.6809923129E+02
    135600,      0.676946,CP4_after_advection,   1,    0.0000000000E+00,    1.6809206580E+02,    1.6809206580E+02,    0.0000000000E+00,    0.0000000000E+00,    0.0000000000E+00,    1.6809206580E+02
    135600,      0.676946,CP5_after_vdif,   1,    0.0000000000E+00,    1.6809206580E+02,    1.6809206580E+02,    0.0000000000E+00,    0.0000000000E+00,    0.0000000000E+00,    1.6809206580E+02
    135600,      0.676946,CP6_after_kinetics,   1,    0.0000000000E+00,    1.6809206580E+02,    1.6809206580E+02,    0.0000000000E+00,    0.0000000000E+00,    0.0000000000E+00,    1.6809206580E+02
    135600,      0.676946,CP7_after_upper_clamp,   1,    0.0000000000E+00,    1.6809206580E+02,    1.6809206580E+02,    0.0000000000E+00,    0.0000000000E+00,    0.0000000000E+00,    1.6809206580E+02
    135600,      0.676946,CP8_after_OBC,   1,    0.0000000000E+00,    1.6809206580E+02,    1.6809206580E+02,    0.0000000000E+00,    0.0000000000E+00,    0.0000000000E+00,    1.6809206580E+02
    135600,      0.676946,CP9_after_PTsource,   1,    0.0000000000E+00,    1.6809206580E+02,    1.6809206580E+02,    0.0000000000E+00,    0.0000000000E+00,    0.0000000000E+00,    1.6809206580E+02
    135600,      0.676946,CP10_after_neg_clamp,   1,    0.0000000000E+00,    1.6809206580E+02,    1.6809206580E+02,    0.0000000000E+00,    0.0000000000E+00,    0.0000000000E+00,    1.6809206580E+02
    135600,      0.676946,CP11_after_MPI,   1,    0.0000000000E+00,    1.6809206580E+02,    1.6809206580E+02,    0.0000000000E+00,    0.0000000000E+00,    0.0000000000E+00,    1.6809206580E+02
    135600,      0.676946,CP12_end,   1,    0.0000000000E+00,    1.6809206580E+02,    1.6809206580E+02,    0.0000000000E+00,    0.0000000000E+00,    0.0000000000E+00,    1.6809206580E+02
    135650,      0.676946,CP0_start,   1,    0.0000000000E+00,    1.6818681522E+02,    1.6818681522E+02,    0.0000000000E+00,    0.0000000000E+00,    0.0000000000E+00,    1.6818681522E+02
    135650,      0.676946,CP1_after_deposition,   1,    0.0000000000E+00,    1.6818681522E+02,    1.6818681522E+02,    0.0000000000E+00,    0.0000000000E+00,    0.0000000000E+00,    1.6818681522E+02
    135650,      0.676946,CP2_after_erosion,   1,    0.0000000000E+00,    1.6818681522E+02,    1.6818681522E+02,    0.0000000000E+00,    0.0000000000E+00,    0.0000000000E+00,    1.6818681522E+02
    135650,      0.676946,CP3_after_update_bottom,   1,    0.0000000000E+00,    1.6818681522E+02,    1.6818681522E+02,    0.0000000000E+00,    0.0000000000E+00,    0.0000000000E+00,    1.6818681522E+02
    135650,      0.676946,CP4_after_advection,   1,    0.0000000000E+00,    1.6817964931E+02,    1.6817964931E+02,    0.0000000000E+00,    0.0000000000E+00,    0.0000000000E+00,    1.6817964931E+02
    135650,      0.676946,CP5_after_vdif,   1,    0.0000000000E+00,    1.6817964931E+02,    1.6817964931E+02,    0.0000000000E+00,    0.0000000000E+00,    0.0000000000E+00,    1.6817964931E+02
    135650,      0.676946,CP6_after_kinetics,   1,    0.0000000000E+00,    1.6817964931E+02,    1.6817964931E+02,    0.0000000000E+00,    0.0000000000E+00,    0.0000000000E+00,    1.6817964931E+02
    135650,      0.676946,CP7_after_upper_clamp,   1,    0.0000000000E+00,    1.6817964931E+02,    1.6817964931E+02,    0.0000000000E+00,    0.0000000000E+00,    0.0000000000E+00,    1.6817964931E+02
    135650,      0.676946,CP8_after_OBC,   1,    0.0000000000E+00,    1.6817964931E+02,    1.6817964931E+02,    0.0000000000E+00,    0.0000000000E+00,    0.0000000000E+00,    1.6817964931E+02
    135650,      0.676946,CP9_after_PTsource,   1,    0.0000000000E+00,    1.6817964931E+02,    1.6817964931E+02,    0.0000000000E+00,    0.0000000000E+00,    0.0000000000E+00,    1.6817964931E+02
    135650,      0.676946,CP10_after_neg_clamp,   1,    0.0000000000E+00,    1.6817964931E+02,    1.6817964931E+02,    0.0000000000E+00,    0.0000000000E+00,    0.0000000000E+00,    1.6817964931E+02
    135650,      0.676946,CP11_after_MPI,   1,    0.0000000000E+00,    1.6817964931E+02,    1.6817964931E+02,    0.0000000000E+00,    0.0000000000E+00,    0.0000000000E+00,    1.6817964931E+02
    135650,      0.676946,CP12_end,   1,    0.0000000000E+00,    1.6817964931E+02,    1.6817964931E+02,    0.0000000000E+00,    0.0000000000E+00,    0.0000000000E+00,    1.6817964931E+02
    135700,      0.676946,CP0_start,   1,    0.0000000000E+00,    1.6827355386E+02,    1.6827355386E+02,    0.0000000000E+00,    0.0000000000E+00,    0.0000000000E+00,    1.6827355386E+02
    135700,      0.676946,CP1_after_deposition,   1,    0.0000000000E+00,    1.6827355386E+02,    1.6827355386E+02,    0.0000000000E+00,    0.0000000000E+00,    0.0000000000E+00,    1.6827355386E+02
    135700,      0.676946,CP2_after_erosion,   1,    0.0000000000E+00,    1.6827355386E+02,    1.6827355386E+02,    0.0000000000E+00,    0.0000000000E+00,    0.0000000000E+00,    1.6827355386E+02
    135700,      0.676946,CP3_after_update_bottom,   1,    0.0000000000E+00,    1.6827355386E+02,    1.6827355386E+02,    0.0000000000E+00,    0.0000000000E+00,    0.0000000000E+00,    1.6827355386E+02
    135700,      0.676946,CP4_after_advection,   1,    0.0000000000E+00,    1.6826638543E+02,    1.6826638543E+02,    0.0000000000E+00,    0.0000000000E+00,    0.0000000000E+00,    1.6826638543E+02
    135700,      0.676946,CP5_after_vdif,   1,    0.0000000000E+00,    1.6826638543E+02,    1.6826638543E+02,    0.0000000000E+00,    0.0000000000E+00,    0.0000000000E+00,    1.6826638543E+02
    135700,      0.676946,CP6_after_kinetics,   1,    0.0000000000E+00,    1.6826638543E+02,    1.6826638543E+02,    0.0000000000E+00,    0.0000000000E+00,    0.0000000000E+00,    1.6826638543E+02
    135700,      0.676946,CP7_after_upper_clamp,   1,    0.0000000000E+00,    1.6826638543E+02,    1.6826638543E+02,    0.0000000000E+00,    0.0000000000E+00,    0.0000000000E+00,    1.6826638543E+02
    135700,      0.676946,CP8_after_OBC,   1,    0.0000000000E+00,    1.6826638543E+02,    1.6826638543E+02,    0.0000000000E+00,    0.0000000000E+00,    0.0000000000E+00,    1.6826638543E+02
    135700,      0.676946,CP9_after_PTsource,   1,    0.0000000000E+00,    1.6826638543E+02,    1.6826638543E+02,    0.0000000000E+00,    0.0000000000E+00,    0.0000000000E+00,    1.6826638543E+02
    135700,      0.676946,CP10_after_neg_clamp,   1,    0.0000000000E+00,    1.6826638543E+02,    1.6826638543E+02,    0.0000000000E+00,    0.0000000000E+00,    0.0000000000E+00,    1.6826638543E+02
    135700,      0.676946,CP11_after_MPI,   1,    0.0000000000E+00,    1.6826638543E+02,    1.6826638543E+02,    0.0000000000E+00,    0.0000000000E+00,    0.0000000000E+00,    1.6826638543E+02
    135700,      0.676946,CP12_end,   1,    0.0000000000E+00,    1.6826638543E+02,    1.6826638543E+02,    0.0000000000E+00,    0.0000000000E+00,    0.0000000000E+00,    1.6826638543E+02
    135750,      0.676946,CP0_start,   1,    0.0000000000E+00,    1.6835941362E+02,    1.6835941362E+02,    0.0000000000E+00,    0.0000000000E+00,    0.0000000000E+00,    1.6835941362E+02
    135750,      0.676946,CP1_after_deposition,   1,    0.0000000000E+00,    1.6835941362E+02,    1.6835941362E+02,    0.0000000000E+00,    0.0000000000E+00,    0.0000000000E+00,    1.6835941362E+02
    135750,      0.676946,CP2_after_erosion,   1,    0.0000000000E+00,    1.6835941362E+02,    1.6835941362E+02,    0.0000000000E+00,    0.0000000000E+00,    0.0000000000E+00,    1.6835941362E+02
    135750,      0.676946,CP3_after_update_bottom,   1,    0.0000000000E+00,    1.6835941362E+02,    1.6835941362E+02,    0.0000000000E+00,    0.0000000000E+00,    0.0000000000E+00,    1.6835941362E+02
    135750,      0.676946,CP4_after_advection,   1,    0.0000000000E+00,    1.6835225138E+02,    1.6835225138E+02,    0.0000000000E+00,    0.0000000000E+00,    0.0000000000E+00,    1.6835225138E+02
    135750,      0.676946,CP5_after_vdif,   1,    0.0000000000E+00,    1.6835225138E+02,    1.6835225138E+02,    0.0000000000E+00,    0.0000000000E+00,    0.0000000000E+00,    1.6835225138E+02
    135750,      0.676946,CP6_after_kinetics,   1,    0.0000000000E+00,    1.6835225138E+02,    1.6835225138E+02,    0.0000000000E+00,    0.0000000000E+00,    0.0000000000E+00,    1.6835225138E+02
    135750,      0.676946,CP7_after_upper_clamp,   1,    0.0000000000E+00,    1.6835225138E+02,    1.6835225138E+02,    0.0000000000E+00,    0.0000000000E+00,    0.0000000000E+00,    1.6835225138E+02
    135750,      0.676946,CP8_after_OBC,   1,    0.0000000000E+00,    1.6835225138E+02,    1.6835225138E+02,    0.0000000000E+00,    0.0000000000E+00,    0.0000000000E+00,    1.6835225138E+02
    135750,      0.676946,CP9_after_PTsource,   1,    0.0000000000E+00,    1.6835225138E+02,    1.6835225138E+02,    0.0000000000E+00,    0.0000000000E+00,    0.0000000000E+00,    1.6835225138E+02
    135750,      0.676946,CP10_after_neg_clamp,   1,    0.0000000000E+00,    1.6835225138E+02,    1.6835225138E+02,    0.0000000000E+00,    0.0000000000E+00,    0.0000000000E+00,    1.6835225138E+02
    135750,      0.676946,CP11_after_MPI,   1,    0.0000000000E+00,    1.6835225138E+02,    1.6835225138E+02,    0.0000000000E+00,    0.0000000000E+00,    0.0000000000E+00,    1.6835225138E+02
    135750,      0.676946,CP12_end,   1,    0.0000000000E+00,    1.6835225138E+02,    1.6835225138E+02,    0.0000000000E+00,    0.0000000000E+00,    0.0000000000E+00,    1.6835225138E+02
    135800,      0.676946,CP0_start,   1,    0.0000000000E+00,    1.6844466191E+02,    1.6844466191E+02,    0.0000000000E+00,    0.0000000000E+00,    0.0000000000E+00,    1.6844466191E+02
    135800,      0.676946,CP1_after_deposition,   1,    0.0000000000E+00,    1.6844466191E+02,    1.6844466191E+02,    0.0000000000E+00,    0.0000000000E+00,    0.0000000000E+00,    1.6844466191E+02
    135800,      0.676946,CP2_after_erosion,   1,    0.0000000000E+00,    1.6844466191E+02,    1.6844466191E+02,    0.0000000000E+00,    0.0000000000E+00,    0.0000000000E+00,    1.6844466191E+02
    135800,      0.676946,CP3_after_update_bottom,   1,    0.0000000000E+00,    1.6844466191E+02,    1.6844466191E+02,    0.0000000000E+00,    0.0000000000E+00,    0.0000000000E+00,    1.6844466191E+02
    135800,      0.676946,CP4_after_advection,   1,    0.0000000000E+00,    1.6843751828E+02,    1.6843751828E+02,    0.0000000000E+00,    0.0000000000E+00,    0.0000000000E+00,    1.6843751828E+02
    135800,      0.676946,CP5_after_vdif,   1,    0.0000000000E+00,    1.6843751828E+02,    1.6843751828E+02,    0.0000000000E+00,    0.0000000000E+00,    0.0000000000E+00,    1.6843751828E+02
    135800,      0.676946,CP6_after_kinetics,   1,    0.0000000000E+00,    1.6843751828E+02,    1.6843751828E+02,    0.0000000000E+00,    0.0000000000E+00,    0.0000000000E+00,    1.6843751828E+02
    135800,      0.676946,CP7_after_upper_clamp,   1,    0.0000000000E+00,    1.6843751828E+02,    1.6843751828E+02,    0.0000000000E+00,    0.0000000000E+00,    0.0000000000E+00,    1.6843751828E+02
    135800,      0.676946,CP8_after_OBC,   1,    0.0000000000E+00,    1.6843751828E+02,    1.6843751828E+02,    0.0000000000E+00,    0.0000000000E+00,    0.0000000000E+00,    1.6843751828E+02
    135800,      0.676946,CP9_after_PTsource,   1,    0.0000000000E+00,    1.6843751828E+02,    1.6843751828E+02,    0.0000000000E+00,    0.0000000000E+00,    0.0000000000E+00,    1.6843751828E+02
    135800,      0.676946,CP10_after_neg_clamp,   1,    0.0000000000E+00,    1.6843751828E+02,    1.6843751828E+02,    0.0000000000E+00,    0.0000000000E+00,    0.0000000000E+00,    1.6843751828E+02
    135800,      0.676946,CP11_after_MPI,   1,    0.0000000000E+00,    1.6843751828E+02,    1.6843751828E+02,    0.0000000000E+00,    0.0000000000E+00,    0.0000000000E+00,    1.6843751828E+02
    135800,      0.676946,CP12_end,   1,    0.0000000000E+00,    1.6843751828E+02,    1.6843751828E+02,    0.0000000000E+00,    0.0000000000E+00,    0.0000000000E+00,    1.6843751828E+02
    135850,      0.676946,CP0_start,   1,    0.0000000000E+00,    1.6852949682E+02,    1.6852949682E+02,    0.0000000000E+00,    0.0000000000E+00,    0.0000000000E+00,    1.6852949682E+02
    135850,      0.676946,CP1_after_deposition,   1,    0.0000000000E+00,    1.6852949682E+02,    1.6852949682E+02,    0.0000000000E+00,    0.0000000000E+00,    0.0000000000E+00,    1.6852949682E+02
    135850,      0.676946,CP2_after_erosion,   1,    0.0000000000E+00,    1.6852949682E+02,    1.6852949682E+02,    0.0000000000E+00,    0.0000000000E+00,    0.0000000000E+00,    1.6852949682E+02
    135850,      0.676946,CP3_after_update_bottom,   1,    0.0000000000E+00,    1.6852949682E+02,    1.6852949682E+02,    0.0000000000E+00,    0.0000000000E+00,    0.0000000000E+00,    1.6852949682E+02
    135850,      0.676946,CP4_after_advection,   1,    0.0000000000E+00,    1.6852237449E+02,    1.6852237449E+02,    0.0000000000E+00,    0.0000000000E+00,    0.0000000000E+00,    1.6852237449E+02
    135850,      0.676946,CP5_after_vdif,   1,    0.0000000000E+00,    1.6852237449E+02,    1.6852237449E+02,    0.0000000000E+00,    0.0000000000E+00,    0.0000000000E+00,    1.6852237449E+02
    135850,      0.676946,CP6_after_kinetics,   1,    0.0000000000E+00,    1.6852237449E+02,    1.6852237449E+02,    0.0000000000E+00,    0.0000000000E+00,    0.0000000000E+00,    1.6852237449E+02
    135850,      0.676946,CP7_after_upper_clamp,   1,    0.0000000000E+00,    1.6852237449E+02,    1.6852237449E+02,    0.0000000000E+00,    0.0000000000E+00,    0.0000000000E+00,    1.6852237449E+02
    135850,      0.676946,CP8_after_OBC,   1,    0.0000000000E+00,    1.6852237449E+02,    1.6852237449E+02,    0.0000000000E+00,    0.0000000000E+00,    0.0000000000E+00,    1.6852237449E+02
    135850,      0.676946,CP9_after_PTsource,   1,    0.0000000000E+00,    1.6852237449E+02,    1.6852237449E+02,    0.0000000000E+00,    0.0000000000E+00,    0.0000000000E+00,    1.6852237449E+02
    135850,      0.676946,CP10_after_neg_clamp,   1,    0.0000000000E+00,    1.6852237449E+02,    1.6852237449E+02,    0.0000000000E+00,    0.0000000000E+00,    0.0000000000E+00,    1.6852237449E+02
    135850,      0.676946,CP11_after_MPI,   1,    0.0000000000E+00,    1.6852237449E+02,    1.6852237449E+02,    0.0000000000E+00,    0.0000000000E+00,    0.0000000000E+00,    1.6852237449E+02
    135850,      0.676946,CP12_end,   1,    0.0000000000E+00,    1.6852237449E+02,    1.6852237449E+02,    0.0000000000E+00,    0.0000000000E+00,    0.0000000000E+00,    1.6852237449E+02
    135900,      0.676946,CP0_start,   1,    0.0000000000E+00,    1.6861396138E+02,    1.6861396138E+02,    0.0000000000E+00,    0.0000000000E+00,    0.0000000000E+00,    1.6861396138E+02
    135900,      0.676946,CP1_after_deposition,   1,    0.0000000000E+00,    1.6861396138E+02,    1.6861396138E+02,    0.0000000000E+00,    0.0000000000E+00,    0.0000000000E+00,    1.6861396138E+02
    135900,      0.676946,CP2_after_erosion,   1,    0.0000000000E+00,    1.6861396138E+02,    1.6861396138E+02,    0.0000000000E+00,    0.0000000000E+00,    0.0000000000E+00,    1.6861396138E+02
    135900,      0.676946,CP3_after_update_bottom,   1,    0.0000000000E+00,    1.6861396138E+02,    1.6861396138E+02,    0.0000000000E+00,    0.0000000000E+00,    0.0000000000E+00,    1.6861396138E+02
    135900,      0.676946,CP4_after_advection,   1,    0.0000000000E+00,    1.6860686748E+02,    1.6860686748E+02,    0.0000000000E+00,    0.0000000000E+00,    0.0000000000E+00,    1.6860686748E+02
    135900,      0.676946,CP5_after_vdif,   1,    0.0000000000E+00,    1.6860686748E+02,    1.6860686748E+02,    0.0000000000E+00,    0.0000000000E+00,    0.0000000000E+00,    1.6860686748E+02
    135900,      0.676946,CP6_after_kinetics,   1,    0.0000000000E+00,    1.6860686748E+02,    1.6860686748E+02,    0.0000000000E+00,    0.0000000000E+00,    0.0000000000E+00,    1.6860686748E+02
    135900,      0.676946,CP7_after_upper_clamp,   1,    0.0000000000E+00,    1.6860686748E+02,    1.6860686748E+02,    0.0000000000E+00,    0.0000000000E+00,    0.0000000000E+00,    1.6860686748E+02
    135900,      0.676946,CP8_after_OBC,   1,    0.0000000000E+00,    1.6860686748E+02,    1.6860686748E+02,    0.0000000000E+00,    0.0000000000E+00,    0.0000000000E+00,    1.6860686748E+02
    135900,      0.676946,CP9_after_PTsource,   1,    0.0000000000E+00,    1.6860686748E+02,    1.6860686748E+02,    0.0000000000E+00,    0.0000000000E+00,    0.0000000000E+00,    1.6860686748E+02
    135900,      0.676946,CP10_after_neg_clamp,   1,    0.0000000000E+00,    1.6860686748E+02,    1.6860686748E+02,    0.0000000000E+00,    0.0000000000E+00,    0.0000000000E+00,    1.6860686748E+02
    135900,      0.676946,CP11_after_MPI,   1,    0.0000000000E+00,    1.6860686748E+02,    1.6860686748E+02,    0.0000000000E+00,    0.0000000000E+00,    0.0000000000E+00,    1.6860686748E+02
    135900,      0.676946,CP12_end,   1,    0.0000000000E+00,    1.6860686748E+02,    1.6860686748E+02,    0.0000000000E+00,    0.0000000000E+00,    0.0000000000E+00,    1.6860686748E+02
    135950,      0.676946,CP0_start,   1,    0.0000000000E+00,    1.6869753557E+02,    1.6869753557E+02,    0.0000000000E+00,    0.0000000000E+00,    0.0000000000E+00,    1.6869753557E+02
    135950,      0.676946,CP1_after_deposition,   1,    0.0000000000E+00,    1.6869753557E+02,    1.6869753557E+02,    0.0000000000E+00,    0.0000000000E+00,    0.0000000000E+00,    1.6869753557E+02
    135950,      0.676946,CP2_after_erosion,   1,    0.0000000000E+00,    1.6869753557E+02,    1.6869753557E+02,    0.0000000000E+00,    0.0000000000E+00,    0.0000000000E+00,    1.6869753557E+02
    135950,      0.676946,CP3_after_update_bottom,   1,    0.0000000000E+00,    1.6869753557E+02,    1.6869753557E+02,    0.0000000000E+00,    0.0000000000E+00,    0.0000000000E+00,    1.6869753557E+02
    135950,      0.676946,CP4_after_advection,   1,    0.0000000000E+00,    1.6869047947E+02,    1.6869047947E+02,    0.0000000000E+00,    0.0000000000E+00,    0.0000000000E+00,    1.6869047947E+02
    135950,      0.676946,CP5_after_vdif,   1,    0.0000000000E+00,    1.6869047947E+02,    1.6869047947E+02,    0.0000000000E+00,    0.0000000000E+00,    0.0000000000E+00,    1.6869047947E+02
    135950,      0.676946,CP6_after_kinetics,   1,    0.0000000000E+00,    1.6869047947E+02,    1.6869047947E+02,    0.0000000000E+00,    0.0000000000E+00,    0.0000000000E+00,    1.6869047947E+02
    135950,      0.676946,CP7_after_upper_clamp,   1,    0.0000000000E+00,    1.6869047947E+02,    1.6869047947E+02,    0.0000000000E+00,    0.0000000000E+00,    0.0000000000E+00,    1.6869047947E+02
    135950,      0.676946,CP8_after_OBC,   1,    0.0000000000E+00,    1.6869047947E+02,    1.6869047947E+02,    0.0000000000E+00,    0.0000000000E+00,    0.0000000000E+00,    1.6869047947E+02
    135950,      0.676946,CP9_after_PTsource,   1,    0.0000000000E+00,    1.6869047947E+02,    1.6869047947E+02,    0.0000000000E+00,    0.0000000000E+00,    0.0000000000E+00,    1.6869047947E+02
    135950,      0.676946,CP10_after_neg_clamp,   1,    0.0000000000E+00,    1.6869047947E+02,    1.6869047947E+02,    0.0000000000E+00,    0.0000000000E+00,    0.0000000000E+00,    1.6869047947E+02
    135950,      0.676946,CP11_after_MPI,   1,    0.0000000000E+00,    1.6869047947E+02,    1.6869047947E+02,    0.0000000000E+00,    0.0000000000E+00,    0.0000000000E+00,    1.6869047947E+02
    135950,      0.676946,CP12_end,   1,    0.0000000000E+00,    1.6869047947E+02,    1.6869047947E+02,    0.0000000000E+00,    0.0000000000E+00,    0.0000000000E+00,    1.6869047947E+02
    136000,      0.676946,CP0_start,   1,    0.0000000000E+00,    1.6878133066E+02,    1.6878133066E+02,    0.0000000000E+00,    0.0000000000E+00,    0.0000000000E+00,    1.6878133066E+02
    136000,      0.676946,CP1_after_deposition,   1,    0.0000000000E+00,    1.6878133066E+02,    1.6878133066E+02,    0.0000000000E+00,    0.0000000000E+00,    0.0000000000E+00,    1.6878133066E+02
    136000,      0.676946,CP2_after_erosion,   1,    0.0000000000E+00,    1.6878133066E+02,    1.6878133066E+02,    0.0000000000E+00,    0.0000000000E+00,    0.0000000000E+00,    1.6878133066E+02
    136000,      0.676946,CP3_after_update_bottom,   1,    0.0000000000E+00,    1.6878133066E+02,    1.6878133066E+02,    0.0000000000E+00,    0.0000000000E+00,    0.0000000000E+00,    1.6878133066E+02
    136000,      0.676946,CP4_after_advection,   1,    0.0000000000E+00,    1.6877432792E+02,    1.6877432792E+02,    0.0000000000E+00,    0.0000000000E+00,    0.0000000000E+00,    1.6877432792E+02
    136000,      0.676946,CP5_after_vdif,   1,    0.0000000000E+00,    1.6877432792E+02,    1.6877432792E+02,    0.0000000000E+00,    0.0000000000E+00,    0.0000000000E+00,    1.6877432792E+02
    136000,      0.676946,CP6_after_kinetics,   1,    0.0000000000E+00,    1.6877432792E+02,    1.6877432792E+02,    0.0000000000E+00,    0.0000000000E+00,    0.0000000000E+00,    1.6877432792E+02
    136000,      0.676946,CP7_after_upper_clamp,   1,    0.0000000000E+00,    1.6877432792E+02,    1.6877432792E+02,    0.0000000000E+00,    0.0000000000E+00,    0.0000000000E+00,    1.6877432792E+02
    136000,      0.676946,CP8_after_OBC,   1,    0.0000000000E+00,    1.6877432792E+02,    1.6877432792E+02,    0.0000000000E+00,    0.0000000000E+00,    0.0000000000E+00,    1.6877432792E+02
    136000,      0.676946,CP9_after_PTsource,   1,    0.0000000000E+00,    1.6877432792E+02,    1.6877432792E+02,    0.0000000000E+00,    0.0000000000E+00,    0.0000000000E+00,    1.6877432792E+02
    136000,      0.676946,CP10_after_neg_clamp,   1,    0.0000000000E+00,    1.6877432792E+02,    1.6877432792E+02,    0.0000000000E+00,    0.0000000000E+00,    0.0000000000E+00,    1.6877432792E+02
    136000,      0.676946,CP11_after_MPI,   1,    0.0000000000E+00,    1.6877432792E+02,    1.6877432792E+02,    0.0000000000E+00,    0.0000000000E+00,    0.0000000000E+00,    1.6877432792E+02
    136000,      0.676946,CP12_end,   1,    0.0000000000E+00,    1.6877432792E+02,    1.6877432792E+02,    0.0000000000E+00,    0.0000000000E+00,    0.0000000000E+00,    1.6877432792E+02
    136050,      0.676946,CP0_start,   1,    0.0000000000E+00,    1.6886577786E+02,    1.6886577786E+02,    0.0000000000E+00,    0.0000000000E+00,    0.0000000000E+00,    1.6886577786E+02
    136050,      0.676946,CP1_after_deposition,   1,    0.0000000000E+00,    1.6886577786E+02,    1.6886577786E+02,    0.0000000000E+00,    0.0000000000E+00,    0.0000000000E+00,    1.6886577786E+02
    136050,      0.676946,CP2_after_erosion,   1,    0.0000000000E+00,    1.6886577786E+02,    1.6886577786E+02,    0.0000000000E+00,    0.0000000000E+00,    0.0000000000E+00,    1.6886577786E+02
    136050,      0.676946,CP3_after_update_bottom,   1,    0.0000000000E+00,    1.6886577786E+02,    1.6886577786E+02,    0.0000000000E+00,    0.0000000000E+00,    0.0000000000E+00,    1.6886577786E+02
    136050,      0.676946,CP4_after_advection,   1,    0.0000000000E+00,    1.6885883640E+02,    1.6885883640E+02,    0.0000000000E+00,    0.0000000000E+00,    0.0000000000E+00,    1.6885883640E+02
    136050,      0.676946,CP5_after_vdif,   1,    0.0000000000E+00,    1.6885883640E+02,    1.6885883640E+02,    0.0000000000E+00,    0.0000000000E+00,    0.0000000000E+00,    1.6885883640E+02
    136050,      0.676946,CP6_after_kinetics,   1,    0.0000000000E+00,    1.6885883640E+02,    1.6885883640E+02,    0.0000000000E+00,    0.0000000000E+00,    0.0000000000E+00,    1.6885883640E+02
    136050,      0.676946,CP7_after_upper_clamp,   1,    0.0000000000E+00,    1.6885883640E+02,    1.6885883640E+02,    0.0000000000E+00,    0.0000000000E+00,    0.0000000000E+00,    1.6885883640E+02
    136050,      0.676946,CP8_after_OBC,   1,    0.0000000000E+00,    1.6885883640E+02,    1.6885883640E+02,    0.0000000000E+00,    0.0000000000E+00,    0.0000000000E+00,    1.6885883640E+02
    136050,      0.676946,CP9_after_PTsource,   1,    0.0000000000E+00,    1.6885883640E+02,    1.6885883640E+02,    0.0000000000E+00,    0.0000000000E+00,    0.0000000000E+00,    1.6885883640E+02
    136050,      0.676946,CP10_after_neg_clamp,   1,    0.0000000000E+00,    1.6885883640E+02,    1.6885883640E+02,    0.0000000000E+00,    0.0000000000E+00,    0.0000000000E+00,    1.6885883640E+02
    136050,      0.676946,CP11_after_MPI,   1,    0.0000000000E+00,    1.6885883640E+02,    1.6885883640E+02,    0.0000000000E+00,    0.0000000000E+00,    0.0000000000E+00,    1.6885883640E+02
    136050,      0.676946,CP12_end,   1,    0.0000000000E+00,    1.6885883640E+02,    1.6885883640E+02,    0.0000000000E+00,    0.0000000000E+00,    0.0000000000E+00,    1.6885883640E+02
    136100,      0.676946,CP0_start,   1,    0.0000000000E+00,    1.6895110102E+02,    1.6895110102E+02,    0.0000000000E+00,    0.0000000000E+00,    0.0000000000E+00,    1.6895110102E+02
    136100,      0.676946,CP1_after_deposition,   1,    0.0000000000E+00,    1.6895110102E+02,    1.6895110102E+02,    0.0000000000E+00,    0.0000000000E+00,    0.0000000000E+00,    1.6895110102E+02
    136100,      0.676946,CP2_after_erosion,   1,    0.0000000000E+00,    1.6895110102E+02,    1.6895110102E+02,    0.0000000000E+00,    0.0000000000E+00,    0.0000000000E+00,    1.6895110102E+02
    136100,      0.676946,CP3_after_update_bottom,   1,    0.0000000000E+00,    1.6895110102E+02,    1.6895110102E+02,    0.0000000000E+00,    0.0000000000E+00,    0.0000000000E+00,    1.6895110102E+02
    136100,      0.676946,CP4_after_advection,   1,    0.0000000000E+00,    1.6894422681E+02,    1.6894422681E+02,    0.0000000000E+00,    0.0000000000E+00,    0.0000000000E+00,    1.6894422681E+02
    136100,      0.676946,CP5_after_vdif,   1,    0.0000000000E+00,    1.6894422681E+02,    1.6894422681E+02,    0.0000000000E+00,    0.0000000000E+00,    0.0000000000E+00,    1.6894422681E+02
    136100,      0.676946,CP6_after_kinetics,   1,    0.0000000000E+00,    1.6894422681E+02,    1.6894422681E+02,    0.0000000000E+00,    0.0000000000E+00,    0.0000000000E+00,    1.6894422681E+02
    136100,      0.676946,CP7_after_upper_clamp,   1,    0.0000000000E+00,    1.6894422681E+02,    1.6894422681E+02,    0.0000000000E+00,    0.0000000000E+00,    0.0000000000E+00,    1.6894422681E+02
    136100,      0.676946,CP8_after_OBC,   1,    0.0000000000E+00,    1.6894422681E+02,    1.6894422681E+02,    0.0000000000E+00,    0.0000000000E+00,    0.0000000000E+00,    1.6894422681E+02
    136100,      0.676946,CP9_after_PTsource,   1,    0.0000000000E+00,    1.6894422681E+02,    1.6894422681E+02,    0.0000000000E+00,    0.0000000000E+00,    0.0000000000E+00,    1.6894422681E+02
    136100,      0.676946,CP10_after_neg_clamp,   1,    0.0000000000E+00,    1.6894422681E+02,    1.6894422681E+02,    0.0000000000E+00,    0.0000000000E+00,    0.0000000000E+00,    1.6894422681E+02
    136100,      0.676946,CP11_after_MPI,   1,    0.0000000000E+00,    1.6894422681E+02,    1.6894422681E+02,    0.0000000000E+00,    0.0000000000E+00,    0.0000000000E+00,    1.6894422681E+02
    136100,      0.676946,CP12_end,   1,    0.0000000000E+00,    1.6894422681E+02,    1.6894422681E+02,    0.0000000000E+00,    0.0000000000E+00,    0.0000000000E+00,    1.6894422681E+02
    136150,      0.676946,CP0_start,   1,    0.0000000000E+00,    1.6903742773E+02,    1.6903742773E+02,    0.0000000000E+00,    0.0000000000E+00,    0.0000000000E+00,    1.6903742773E+02
    136150,      0.676946,CP1_after_deposition,   1,    0.0000000000E+00,    1.6903742773E+02,    1.6903742773E+02,    0.0000000000E+00,    0.0000000000E+00,    0.0000000000E+00,    1.6903742773E+02
    136150,      0.676946,CP2_after_erosion,   1,    0.0000000000E+00,    1.6903742773E+02,    1.6903742773E+02,    0.0000000000E+00,    0.0000000000E+00,    0.0000000000E+00,    1.6903742773E+02
    136150,      0.676946,CP3_after_update_bottom,   1,    0.0000000000E+00,    1.6903742773E+02,    1.6903742773E+02,    0.0000000000E+00,    0.0000000000E+00,    0.0000000000E+00,    1.6903742773E+02
    136150,      0.676946,CP4_after_advection,   1,    0.0000000000E+00,    1.6903063084E+02,    1.6903063084E+02,    0.0000000000E+00,    0.0000000000E+00,    0.0000000000E+00,    1.6903063084E+02
    136150,      0.676946,CP5_after_vdif,   1,    0.0000000000E+00,    1.6903063084E+02,    1.6903063084E+02,    0.0000000000E+00,    0.0000000000E+00,    0.0000000000E+00,    1.6903063084E+02
    136150,      0.676946,CP6_after_kinetics,   1,    0.0000000000E+00,    1.6903063084E+02,    1.6903063084E+02,    0.0000000000E+00,    0.0000000000E+00,    0.0000000000E+00,    1.6903063084E+02
    136150,      0.676946,CP7_after_upper_clamp,   1,    0.0000000000E+00,    1.6903063084E+02,    1.6903063084E+02,    0.0000000000E+00,    0.0000000000E+00,    0.0000000000E+00,    1.6903063084E+02
    136150,      0.676946,CP8_after_OBC,   1,    0.0000000000E+00,    1.6903063084E+02,    1.6903063084E+02,    0.0000000000E+00,    0.0000000000E+00,    0.0000000000E+00,    1.6903063084E+02
    136150,      0.676946,CP9_after_PTsource,   1,    0.0000000000E+00,    1.6903063084E+02,    1.6903063084E+02,    0.0000000000E+00,    0.0000000000E+00,    0.0000000000E+00,    1.6903063084E+02
    136150,      0.676946,CP10_after_neg_clamp,   1,    0.0000000000E+00,    1.6903063084E+02,    1.6903063084E+02,    0.0000000000E+00,    0.0000000000E+00,    0.0000000000E+00,    1.6903063084E+02
    136150,      0.676946,CP11_after_MPI,   1,    0.0000000000E+00,    1.6903063084E+02,    1.6903063084E+02,    0.0000000000E+00,    0.0000000000E+00,    0.0000000000E+00,    1.6903063084E+02
    136150,      0.676946,CP12_end,   1,    0.0000000000E+00,    1.6903063084E+02,    1.6903063084E+02,    0.0000000000E+00,    0.0000000000E+00,    0.0000000000E+00,    1.6903063084E+02
    136200,      0.676946,CP0_start,   1,    0.0000000000E+00,    1.6912512267E+02,    1.6912512267E+02,    0.0000000000E+00,    0.0000000000E+00,    0.0000000000E+00,    1.6912512267E+02
    136200,      0.676946,CP1_after_deposition,   1,    0.0000000000E+00,    1.6912512267E+02,    1.6912512267E+02,    0.0000000000E+00,    0.0000000000E+00,    0.0000000000E+00,    1.6912512267E+02
    136200,      0.676946,CP2_after_erosion,   1,    0.0000000000E+00,    1.6912512267E+02,    1.6912512267E+02,    0.0000000000E+00,    0.0000000000E+00,    0.0000000000E+00,    1.6912512267E+02
    136200,      0.676946,CP3_after_update_bottom,   1,    0.0000000000E+00,    1.6912512267E+02,    1.6912512267E+02,    0.0000000000E+00,    0.0000000000E+00,    0.0000000000E+00,    1.6912512267E+02
    136200,      0.676946,CP4_after_advection,   1,    0.0000000000E+00,    1.6911841747E+02,    1.6911841747E+02,    0.0000000000E+00,    0.0000000000E+00,    0.0000000000E+00,    1.6911841747E+02
    136200,      0.676946,CP5_after_vdif,   1,    0.0000000000E+00,    1.6911841747E+02,    1.6911841747E+02,    0.0000000000E+00,    0.0000000000E+00,    0.0000000000E+00,    1.6911841747E+02
    136200,      0.676946,CP6_after_kinetics,   1,    0.0000000000E+00,    1.6911841747E+02,    1.6911841747E+02,    0.0000000000E+00,    0.0000000000E+00,    0.0000000000E+00,    1.6911841747E+02
    136200,      0.676946,CP7_after_upper_clamp,   1,    0.0000000000E+00,    1.6911841747E+02,    1.6911841747E+02,    0.0000000000E+00,    0.0000000000E+00,    0.0000000000E+00,    1.6911841747E+02
    136200,      0.676946,CP8_after_OBC,   1,    0.0000000000E+00,    1.6911841747E+02,    1.6911841747E+02,    0.0000000000E+00,    0.0000000000E+00,    0.0000000000E+00,    1.6911841747E+02
    136200,      0.676946,CP9_after_PTsource,   1,    0.0000000000E+00,    1.6911841747E+02,    1.6911841747E+02,    0.0000000000E+00,    0.0000000000E+00,    0.0000000000E+00,    1.6911841747E+02
    136200,      0.676946,CP10_after_neg_clamp,   1,    0.0000000000E+00,    1.6911841747E+02,    1.6911841747E+02,    0.0000000000E+00,    0.0000000000E+00,    0.0000000000E+00,    1.6911841747E+02
    136200,      0.676946,CP11_after_MPI,   1,    0.0000000000E+00,    1.6911841747E+02,    1.6911841747E+02,    0.0000000000E+00,    0.0000000000E+00,    0.0000000000E+00,    1.6911841747E+02
    136200,      0.676946,CP12_end,   1,    0.0000000000E+00,    1.6911841747E+02,    1.6911841747E+02,    0.0000000000E+00,    0.0000000000E+00,    0.0000000000E+00,    1.6911841747E+02
    136250,      0.676946,CP0_start,   1,    0.0000000000E+00,    1.6921451439E+02,    1.6921451439E+02,    0.0000000000E+00,    0.0000000000E+00,    0.0000000000E+00,    1.6921451439E+02
    136250,      0.676946,CP1_after_deposition,   1,    0.0000000000E+00,    1.6921451439E+02,    1.6921451439E+02,    0.0000000000E+00,    0.0000000000E+00,    0.0000000000E+00,    1.6921451439E+02
    136250,      0.676946,CP2_after_erosion,   1,    0.0000000000E+00,    1.6921451439E+02,    1.6921451439E+02,    0.0000000000E+00,    0.0000000000E+00,    0.0000000000E+00,    1.6921451439E+02
    136250,      0.676946,CP3_after_update_bottom,   1,    0.0000000000E+00,    1.6921451439E+02,    1.6921451439E+02,    0.0000000000E+00,    0.0000000000E+00,    0.0000000000E+00,    1.6921451439E+02
    136250,      0.676946,CP4_after_advection,   1,    0.0000000000E+00,    1.6920790474E+02,    1.6920790474E+02,    0.0000000000E+00,    0.0000000000E+00,    0.0000000000E+00,    1.6920790474E+02
    136250,      0.676946,CP5_after_vdif,   1,    0.0000000000E+00,    1.6920790474E+02,    1.6920790474E+02,    0.0000000000E+00,    0.0000000000E+00,    0.0000000000E+00,    1.6920790474E+02
    136250,      0.676946,CP6_after_kinetics,   1,    0.0000000000E+00,    1.6920790474E+02,    1.6920790474E+02,    0.0000000000E+00,    0.0000000000E+00,    0.0000000000E+00,    1.6920790474E+02
    136250,      0.676946,CP7_after_upper_clamp,   1,    0.0000000000E+00,    1.6920790474E+02,    1.6920790474E+02,    0.0000000000E+00,    0.0000000000E+00,    0.0000000000E+00,    1.6920790474E+02
    136250,      0.676946,CP8_after_OBC,   1,    0.0000000000E+00,    1.6920790474E+02,    1.6920790474E+02,    0.0000000000E+00,    0.0000000000E+00,    0.0000000000E+00,    1.6920790474E+02
    136250,      0.676946,CP9_after_PTsource,   1,    0.0000000000E+00,    1.6920790474E+02,    1.6920790474E+02,    0.0000000000E+00,    0.0000000000E+00,    0.0000000000E+00,    1.6920790474E+02
    136250,      0.676946,CP10_after_neg_clamp,   1,    0.0000000000E+00,    1.6920790474E+02,    1.6920790474E+02,    0.0000000000E+00,    0.0000000000E+00,    0.0000000000E+00,    1.6920790474E+02
    136250,      0.676946,CP11_after_MPI,   1,    0.0000000000E+00,    1.6920790474E+02,    1.6920790474E+02,    0.0000000000E+00,    0.0000000000E+00,    0.0000000000E+00,    1.6920790474E+02
    136250,      0.676946,CP12_end,   1,    0.0000000000E+00,    1.6920790474E+02,    1.6920790474E+02,    0.0000000000E+00,    0.0000000000E+00,    0.0000000000E+00,    1.6920790474E+02
    136300,      0.676946,CP0_start,   1,    0.0000000000E+00,    1.6930545697E+02,    1.6930545697E+02,    0.0000000000E+00,    0.0000000000E+00,    0.0000000000E+00,    1.6930545697E+02
    136300,      0.676946,CP1_after_deposition,   1,    0.0000000000E+00,    1.6930545697E+02,    1.6930545697E+02,    0.0000000000E+00,    0.0000000000E+00,    0.0000000000E+00,    1.6930545697E+02
    136300,      0.676946,CP2_after_erosion,   1,    0.0000000000E+00,    1.6930545697E+02,    1.6930545697E+02,    0.0000000000E+00,    0.0000000000E+00,    0.0000000000E+00,    1.6930545697E+02
    136300,      0.676946,CP3_after_update_bottom,   1,    0.0000000000E+00,    1.6930545697E+02,    1.6930545697E+02,    0.0000000000E+00,    0.0000000000E+00,    0.0000000000E+00,    1.6930545697E+02
    136300,      0.676946,CP4_after_advection,   1,    0.0000000000E+00,    1.6929894556E+02,    1.6929894556E+02,    0.0000000000E+00,    0.0000000000E+00,    0.0000000000E+00,    1.6929894556E+02
    136300,      0.676946,CP5_after_vdif,   1,    0.0000000000E+00,    1.6929894556E+02,    1.6929894556E+02,    0.0000000000E+00,    0.0000000000E+00,    0.0000000000E+00,    1.6929894556E+02
    136300,      0.676946,CP6_after_kinetics,   1,    0.0000000000E+00,    1.6929894556E+02,    1.6929894556E+02,    0.0000000000E+00,    0.0000000000E+00,    0.0000000000E+00,    1.6929894556E+02
    136300,      0.676946,CP7_after_upper_clamp,   1,    0.0000000000E+00,    1.6929894556E+02,    1.6929894556E+02,    0.0000000000E+00,    0.0000000000E+00,    0.0000000000E+00,    1.6929894556E+02
    136300,      0.676946,CP8_after_OBC,   1,    0.0000000000E+00,    1.6929894556E+02,    1.6929894556E+02,    0.0000000000E+00,    0.0000000000E+00,    0.0000000000E+00,    1.6929894556E+02
    136300,      0.676946,CP9_after_PTsource,   1,    0.0000000000E+00,    1.6929894556E+02,    1.6929894556E+02,    0.0000000000E+00,    0.0000000000E+00,    0.0000000000E+00,    1.6929894556E+02
    136300,      0.676946,CP10_after_neg_clamp,   1,    0.0000000000E+00,    1.6929894556E+02,    1.6929894556E+02,    0.0000000000E+00,    0.0000000000E+00,    0.0000000000E+00,    1.6929894556E+02
    136300,      0.676946,CP11_after_MPI,   1,    0.0000000000E+00,    1.6929894556E+02,    1.6929894556E+02,    0.0000000000E+00,    0.0000000000E+00,    0.0000000000E+00,    1.6929894556E+02
    136300,      0.676946,CP12_end,   1,    0.0000000000E+00,    1.6929894556E+02,    1.6929894556E+02,    0.0000000000E+00,    0.0000000000E+00,    0.0000000000E+00,    1.6929894556E+02
    136350,      0.676946,CP0_start,   1,    0.0000000000E+00,    1.6939762989E+02,    1.6939762989E+02,    0.0000000000E+00,    0.0000000000E+00,    0.0000000000E+00,    1.6939762989E+02
    136350,      0.676946,CP1_after_deposition,   1,    0.0000000000E+00,    1.6939762989E+02,    1.6939762989E+02,    0.0000000000E+00,    0.0000000000E+00,    0.0000000000E+00,    1.6939762989E+02
    136350,      0.676946,CP2_after_erosion,   1,    0.0000000000E+00,    1.6939762989E+02,    1.6939762989E+02,    0.0000000000E+00,    0.0000000000E+00,    0.0000000000E+00,    1.6939762989E+02
    136350,      0.676946,CP3_after_update_bottom,   1,    0.0000000000E+00,    1.6939762989E+02,    1.6939762989E+02,    0.0000000000E+00,    0.0000000000E+00,    0.0000000000E+00,    1.6939762989E+02
    136350,      0.676946,CP4_after_advection,   1,    0.0000000000E+00,    1.6939121971E+02,    1.6939121971E+02,    0.0000000000E+00,    0.0000000000E+00,    0.0000000000E+00,    1.6939121971E+02
    136350,      0.676946,CP5_after_vdif,   1,    0.0000000000E+00,    1.6939121971E+02,    1.6939121971E+02,    0.0000000000E+00,    0.0000000000E+00,    0.0000000000E+00,    1.6939121971E+02
    136350,      0.676946,CP6_after_kinetics,   1,    0.0000000000E+00,    1.6939121971E+02,    1.6939121971E+02,    0.0000000000E+00,    0.0000000000E+00,    0.0000000000E+00,    1.6939121971E+02
    136350,      0.676946,CP7_after_upper_clamp,   1,    0.0000000000E+00,    1.6939121971E+02,    1.6939121971E+02,    0.0000000000E+00,    0.0000000000E+00,    0.0000000000E+00,    1.6939121971E+02
    136350,      0.676946,CP8_after_OBC,   1,    0.0000000000E+00,    1.6939121971E+02,    1.6939121971E+02,    0.0000000000E+00,    0.0000000000E+00,    0.0000000000E+00,    1.6939121971E+02
    136350,      0.676946,CP9_after_PTsource,   1,    0.0000000000E+00,    1.6939121971E+02,    1.6939121971E+02,    0.0000000000E+00,    0.0000000000E+00,    0.0000000000E+00,    1.6939121971E+02
    136350,      0.676946,CP10_after_neg_clamp,   1,    0.0000000000E+00,    1.6939121971E+02,    1.6939121971E+02,    0.0000000000E+00,    0.0000000000E+00,    0.0000000000E+00,    1.6939121971E+02
    136350,      0.676946,CP11_after_MPI,   1,    0.0000000000E+00,    1.6939121971E+02,    1.6939121971E+02,    0.0000000000E+00,    0.0000000000E+00,    0.0000000000E+00,    1.6939121971E+02
    136350,      0.676946,CP12_end,   1,    0.0000000000E+00,    1.6939121971E+02,    1.6939121971E+02,    0.0000000000E+00,    0.0000000000E+00,    0.0000000000E+00,    1.6939121971E+02
    136400,      0.676946,CP0_start,   1,    0.0000000000E+00,    1.6949098433E+02,    1.6949098433E+02,    0.0000000000E+00,    0.0000000000E+00,    0.0000000000E+00,    1.6949098433E+02
    136400,      0.676946,CP1_after_deposition,   1,    0.0000000000E+00,    1.6949098433E+02,    1.6949098433E+02,    0.0000000000E+00,    0.0000000000E+00,    0.0000000000E+00,    1.6949098433E+02
    136400,      0.676946,CP2_after_erosion,   1,    0.0000000000E+00,    1.6949098433E+02,    1.6949098433E+02,    0.0000000000E+00,    0.0000000000E+00,    0.0000000000E+00,    1.6949098433E+02
    136400,      0.676946,CP3_after_update_bottom,   1,    0.0000000000E+00,    1.6949098433E+02,    1.6949098433E+02,    0.0000000000E+00,    0.0000000000E+00,    0.0000000000E+00,    1.6949098433E+02
    136400,      0.676946,CP4_after_advection,   1,    0.0000000000E+00,    1.6948467914E+02,    1.6948467914E+02,    0.0000000000E+00,    0.0000000000E+00,    0.0000000000E+00,    1.6948467914E+02
    136400,      0.676946,CP5_after_vdif,   1,    0.0000000000E+00,    1.6948467914E+02,    1.6948467914E+02,    0.0000000000E+00,    0.0000000000E+00,    0.0000000000E+00,    1.6948467914E+02
    136400,      0.676946,CP6_after_kinetics,   1,    0.0000000000E+00,    1.6948467914E+02,    1.6948467914E+02,    0.0000000000E+00,    0.0000000000E+00,    0.0000000000E+00,    1.6948467914E+02
    136400,      0.676946,CP7_after_upper_clamp,   1,    0.0000000000E+00,    1.6948467914E+02,    1.6948467914E+02,    0.0000000000E+00,    0.0000000000E+00,    0.0000000000E+00,    1.6948467914E+02
    136400,      0.676946,CP8_after_OBC,   1,    0.0000000000E+00,    1.6948467914E+02,    1.6948467914E+02,    0.0000000000E+00,    0.0000000000E+00,    0.0000000000E+00,    1.6948467914E+02
    136400,      0.676946,CP9_after_PTsource,   1,    0.0000000000E+00,    1.6948467914E+02,    1.6948467914E+02,    0.0000000000E+00,    0.0000000000E+00,    0.0000000000E+00,    1.6948467914E+02
    136400,      0.676946,CP10_after_neg_clamp,   1,    0.0000000000E+00,    1.6948467914E+02,    1.6948467914E+02,    0.0000000000E+00,    0.0000000000E+00,    0.0000000000E+00,    1.6948467914E+02
    136400,      0.676946,CP11_after_MPI,   1,    0.0000000000E+00,    1.6948467914E+02,    1.6948467914E+02,    0.0000000000E+00,    0.0000000000E+00,    0.0000000000E+00,    1.6948467914E+02
    136400,      0.676946,CP12_end,   1,    0.0000000000E+00,    1.6948467914E+02,    1.6948467914E+02,    0.0000000000E+00,    0.0000000000E+00,    0.0000000000E+00,    1.6948467914E+02
    136450,      0.676946,CP0_start,   1,    0.0000000000E+00,    1.6958537552E+02,    1.6958537552E+02,    0.0000000000E+00,    0.0000000000E+00,    0.0000000000E+00,    1.6958537552E+02
    136450,      0.676946,CP1_after_deposition,   1,    0.0000000000E+00,    1.6958537552E+02,    1.6958537552E+02,    0.0000000000E+00,    0.0000000000E+00,    0.0000000000E+00,    1.6958537552E+02
    136450,      0.676946,CP2_after_erosion,   1,    0.0000000000E+00,    1.6958537552E+02,    1.6958537552E+02,    0.0000000000E+00,    0.0000000000E+00,    0.0000000000E+00,    1.6958537552E+02
    136450,      0.676946,CP3_after_update_bottom,   1,    0.0000000000E+00,    1.6958537552E+02,    1.6958537552E+02,    0.0000000000E+00,    0.0000000000E+00,    0.0000000000E+00,    1.6958537552E+02
    136450,      0.676946,CP4_after_advection,   1,    0.0000000000E+00,    1.6957918063E+02,    1.6957918063E+02,    0.0000000000E+00,    0.0000000000E+00,    0.0000000000E+00,    1.6957918063E+02
    136450,      0.676946,CP5_after_vdif,   1,    0.0000000000E+00,    1.6957918063E+02,    1.6957918063E+02,    0.0000000000E+00,    0.0000000000E+00,    0.0000000000E+00,    1.6957918063E+02
    136450,      0.676946,CP6_after_kinetics,   1,    0.0000000000E+00,    1.6957918063E+02,    1.6957918063E+02,    0.0000000000E+00,    0.0000000000E+00,    0.0000000000E+00,    1.6957918063E+02
    136450,      0.676946,CP7_after_upper_clamp,   1,    0.0000000000E+00,    1.6957918063E+02,    1.6957918063E+02,    0.0000000000E+00,    0.0000000000E+00,    0.0000000000E+00,    1.6957918063E+02
    136450,      0.676946,CP8_after_OBC,   1,    0.0000000000E+00,    1.6957918063E+02,    1.6957918063E+02,    0.0000000000E+00,    0.0000000000E+00,    0.0000000000E+00,    1.6957918063E+02
    136450,      0.676946,CP9_after_PTsource,   1,    0.0000000000E+00,    1.6957918063E+02,    1.6957918063E+02,    0.0000000000E+00,    0.0000000000E+00,    0.0000000000E+00,    1.6957918063E+02
    136450,      0.676946,CP10_after_neg_clamp,   1,    0.0000000000E+00,    1.6957918063E+02,    1.6957918063E+02,    0.0000000000E+00,    0.0000000000E+00,    0.0000000000E+00,    1.6957918063E+02
    136450,      0.676946,CP11_after_MPI,   1,    0.0000000000E+00,    1.6957918063E+02,    1.6957918063E+02,    0.0000000000E+00,    0.0000000000E+00,    0.0000000000E+00,    1.6957918063E+02
    136450,      0.676946,CP12_end,   1,    0.0000000000E+00,    1.6957918063E+02,    1.6957918063E+02,    0.0000000000E+00,    0.0000000000E+00,    0.0000000000E+00,    1.6957918063E+02
    136500,      0.676946,CP0_start,   1,    0.0000000000E+00,    1.6968056917E+02,    1.6968056917E+02,    0.0000000000E+00,    0.0000000000E+00,    0.0000000000E+00,    1.6968056917E+02
    136500,      0.676946,CP1_after_deposition,   1,    0.0000000000E+00,    1.6968056917E+02,    1.6968056917E+02,    0.0000000000E+00,    0.0000000000E+00,    0.0000000000E+00,    1.6968056917E+02
    136500,      0.676946,CP2_after_erosion,   1,    0.0000000000E+00,    1.6968056917E+02,    1.6968056917E+02,    0.0000000000E+00,    0.0000000000E+00,    0.0000000000E+00,    1.6968056917E+02
    136500,      0.676946,CP3_after_update_bottom,   1,    0.0000000000E+00,    1.6968056917E+02,    1.6968056917E+02,    0.0000000000E+00,    0.0000000000E+00,    0.0000000000E+00,    1.6968056917E+02
    136500,      0.676946,CP4_after_advection,   1,    0.0000000000E+00,    1.6967448515E+02,    1.6967448515E+02,    0.0000000000E+00,    0.0000000000E+00,    0.0000000000E+00,    1.6967448515E+02
    136500,      0.676946,CP5_after_vdif,   1,    0.0000000000E+00,    1.6967448515E+02,    1.6967448515E+02,    0.0000000000E+00,    0.0000000000E+00,    0.0000000000E+00,    1.6967448515E+02
    136500,      0.676946,CP6_after_kinetics,   1,    0.0000000000E+00,    1.6967448515E+02,    1.6967448515E+02,    0.0000000000E+00,    0.0000000000E+00,    0.0000000000E+00,    1.6967448515E+02
    136500,      0.676946,CP7_after_upper_clamp,   1,    0.0000000000E+00,    1.6967448515E+02,    1.6967448515E+02,    0.0000000000E+00,    0.0000000000E+00,    0.0000000000E+00,    1.6967448515E+02
    136500,      0.676946,CP8_after_OBC,   1,    0.0000000000E+00,    1.6967448515E+02,    1.6967448515E+02,    0.0000000000E+00,    0.0000000000E+00,    0.0000000000E+00,    1.6967448515E+02
    136500,      0.676946,CP9_after_PTsource,   1,    0.0000000000E+00,    1.6967448515E+02,    1.6967448515E+02,    0.0000000000E+00,    0.0000000000E+00,    0.0000000000E+00,    1.6967448515E+02
    136500,      0.676946,CP10_after_neg_clamp,   1,    0.0000000000E+00,    1.6967448515E+02,    1.6967448515E+02,    0.0000000000E+00,    0.0000000000E+00,    0.0000000000E+00,    1.6967448515E+02
    136500,      0.676946,CP11_after_MPI,   1,    0.0000000000E+00,    1.6967448515E+02,    1.6967448515E+02,    0.0000000000E+00,    0.0000000000E+00,    0.0000000000E+00,    1.6967448515E+02
    136500,      0.676946,CP12_end,   1,    0.0000000000E+00,    1.6967448515E+02,    1.6967448515E+02,    0.0000000000E+00,    0.0000000000E+00,    0.0000000000E+00,    1.6967448515E+02
    136550,      0.676946,CP0_start,   1,    0.0000000000E+00,    1.6977642019E+02,    1.6977642019E+02,    0.0000000000E+00,    0.0000000000E+00,    0.0000000000E+00,    1.6977642019E+02
    136550,      0.676946,CP1_after_deposition,   1,    0.0000000000E+00,    1.6977642019E+02,    1.6977642019E+02,    0.0000000000E+00,    0.0000000000E+00,    0.0000000000E+00,    1.6977642019E+02
    136550,      0.676946,CP2_after_erosion,   1,    0.0000000000E+00,    1.6977642019E+02,    1.6977642019E+02,    0.0000000000E+00,    0.0000000000E+00,    0.0000000000E+00,    1.6977642019E+02
    136550,      0.676946,CP3_after_update_bottom,   1,    0.0000000000E+00,    1.6977642019E+02,    1.6977642019E+02,    0.0000000000E+00,    0.0000000000E+00,    0.0000000000E+00,    1.6977642019E+02
    136550,      0.676946,CP4_after_advection,   1,    0.0000000000E+00,    1.6977044805E+02,    1.6977044805E+02,    0.0000000000E+00,    0.0000000000E+00,    0.0000000000E+00,    1.6977044805E+02
    136550,      0.676946,CP5_after_vdif,   1,    0.0000000000E+00,    1.6977044805E+02,    1.6977044805E+02,    0.0000000000E+00,    0.0000000000E+00,    0.0000000000E+00,    1.6977044805E+02
    136550,      0.676946,CP6_after_kinetics,   1,    0.0000000000E+00,    1.6977044805E+02,    1.6977044805E+02,    0.0000000000E+00,    0.0000000000E+00,    0.0000000000E+00,    1.6977044805E+02
    136550,      0.676946,CP7_after_upper_clamp,   1,    0.0000000000E+00,    1.6977044805E+02,    1.6977044805E+02,    0.0000000000E+00,    0.0000000000E+00,    0.0000000000E+00,    1.6977044805E+02
    136550,      0.676946,CP8_after_OBC,   1,    0.0000000000E+00,    1.6977044805E+02,    1.6977044805E+02,    0.0000000000E+00,    0.0000000000E+00,    0.0000000000E+00,    1.6977044805E+02
    136550,      0.676946,CP9_after_PTsource,   1,    0.0000000000E+00,    1.6977044805E+02,    1.6977044805E+02,    0.0000000000E+00,    0.0000000000E+00,    0.0000000000E+00,    1.6977044805E+02
    136550,      0.676946,CP10_after_neg_clamp,   1,    0.0000000000E+00,    1.6977044805E+02,    1.6977044805E+02,    0.0000000000E+00,    0.0000000000E+00,    0.0000000000E+00,    1.6977044805E+02
    136550,      0.676946,CP11_after_MPI,   1,    0.0000000000E+00,    1.6977044805E+02,    1.6977044805E+02,    0.0000000000E+00,    0.0000000000E+00,    0.0000000000E+00,    1.6977044805E+02
    136550,      0.676946,CP12_end,   1,    0.0000000000E+00,    1.6977044805E+02,    1.6977044805E+02,    0.0000000000E+00,    0.0000000000E+00,    0.0000000000E+00,    1.6977044805E+02
    136600,      0.676946,CP0_start,   1,    0.0000000000E+00,    1.6987276488E+02,    1.6987276488E+02,    0.0000000000E+00,    0.0000000000E+00,    0.0000000000E+00,    1.6987276488E+02
    136600,      0.676946,CP1_after_deposition,   1,    0.0000000000E+00,    1.6987276488E+02,    1.6987276488E+02,    0.0000000000E+00,    0.0000000000E+00,    0.0000000000E+00,    1.6987276488E+02
    136600,      0.676946,CP2_after_erosion,   1,    0.0000000000E+00,    1.6987276488E+02,    1.6987276488E+02,    0.0000000000E+00,    0.0000000000E+00,    0.0000000000E+00,    1.6987276488E+02
    136600,      0.676946,CP3_after_update_bottom,   1,    0.0000000000E+00,    1.6987276488E+02,    1.6987276488E+02,    0.0000000000E+00,    0.0000000000E+00,    0.0000000000E+00,    1.6987276488E+02
    136600,      0.676946,CP4_after_advection,   1,    0.0000000000E+00,    1.6986690944E+02,    1.6986690944E+02,    0.0000000000E+00,    0.0000000000E+00,    0.0000000000E+00,    1.6986690944E+02
    136600,      0.676946,CP5_after_vdif,   1,    0.0000000000E+00,    1.6986690944E+02,    1.6986690944E+02,    0.0000000000E+00,    0.0000000000E+00,    0.0000000000E+00,    1.6986690944E+02
    136600,      0.676946,CP6_after_kinetics,   1,    0.0000000000E+00,    1.6986690944E+02,    1.6986690944E+02,    0.0000000000E+00,    0.0000000000E+00,    0.0000000000E+00,    1.6986690944E+02
    136600,      0.676946,CP7_after_upper_clamp,   1,    0.0000000000E+00,    1.6986690944E+02,    1.6986690944E+02,    0.0000000000E+00,    0.0000000000E+00,    0.0000000000E+00,    1.6986690944E+02
    136600,      0.676946,CP8_after_OBC,   1,    0.0000000000E+00,    1.6986690944E+02,    1.6986690944E+02,    0.0000000000E+00,    0.0000000000E+00,    0.0000000000E+00,    1.6986690944E+02
    136600,      0.676946,CP9_after_PTsource,   1,    0.0000000000E+00,    1.6986690944E+02,    1.6986690944E+02,    0.0000000000E+00,    0.0000000000E+00,    0.0000000000E+00,    1.6986690944E+02
    136600,      0.676946,CP10_after_neg_clamp,   1,    0.0000000000E+00,    1.6986690944E+02,    1.6986690944E+02,    0.0000000000E+00,    0.0000000000E+00,    0.0000000000E+00,    1.6986690944E+02
    136600,      0.676946,CP11_after_MPI,   1,    0.0000000000E+00,    1.6986690944E+02,    1.6986690944E+02,    0.0000000000E+00,    0.0000000000E+00,    0.0000000000E+00,    1.6986690944E+02
    136600,      0.676946,CP12_end,   1,    0.0000000000E+00,    1.6986690944E+02,    1.6986690944E+02,    0.0000000000E+00,    0.0000000000E+00,    0.0000000000E+00,    1.6986690944E+02
    136650,      0.676946,CP0_start,   1,    0.0000000000E+00,    1.6996939370E+02,    1.6996939370E+02,    0.0000000000E+00,    0.0000000000E+00,    0.0000000000E+00,    1.6996939370E+02
    136650,      0.676946,CP1_after_deposition,   1,    0.0000000000E+00,    1.6996939370E+02,    1.6996939370E+02,    0.0000000000E+00,    0.0000000000E+00,    0.0000000000E+00,    1.6996939370E+02
    136650,      0.676946,CP2_after_erosion,   1,    0.0000000000E+00,    1.6996939370E+02,    1.6996939370E+02,    0.0000000000E+00,    0.0000000000E+00,    0.0000000000E+00,    1.6996939370E+02
    136650,      0.676946,CP3_after_update_bottom,   1,    0.0000000000E+00,    1.6996939370E+02,    1.6996939370E+02,    0.0000000000E+00,    0.0000000000E+00,    0.0000000000E+00,    1.6996939370E+02
    136650,      0.676946,CP4_after_advection,   1,    0.0000000000E+00,    1.6996365724E+02,    1.6996365724E+02,    0.0000000000E+00,    0.0000000000E+00,    0.0000000000E+00,    1.6996365724E+02
    136650,      0.676946,CP5_after_vdif,   1,    0.0000000000E+00,    1.6996365724E+02,    1.6996365724E+02,    0.0000000000E+00,    0.0000000000E+00,    0.0000000000E+00,    1.6996365724E+02
    136650,      0.676946,CP6_after_kinetics,   1,    0.0000000000E+00,    1.6996365724E+02,    1.6996365724E+02,    0.0000000000E+00,    0.0000000000E+00,    0.0000000000E+00,    1.6996365724E+02
    136650,      0.676946,CP7_after_upper_clamp,   1,    0.0000000000E+00,    1.6996365724E+02,    1.6996365724E+02,    0.0000000000E+00,    0.0000000000E+00,    0.0000000000E+00,    1.6996365724E+02
    136650,      0.676946,CP8_after_OBC,   1,    0.0000000000E+00,    1.6996365724E+02,    1.6996365724E+02,    0.0000000000E+00,    0.0000000000E+00,    0.0000000000E+00,    1.6996365724E+02
    136650,      0.676946,CP9_after_PTsource,   1,    0.0000000000E+00,    1.6996365724E+02,    1.6996365724E+02,    0.0000000000E+00,    0.0000000000E+00,    0.0000000000E+00,    1.6996365724E+02
    136650,      0.676946,CP10_after_neg_clamp,   1,    0.0000000000E+00,    1.6996365724E+02,    1.6996365724E+02,    0.0000000000E+00,    0.0000000000E+00,    0.0000000000E+00,    1.6996365724E+02
    136650,      0.676946,CP11_after_MPI,   1,    0.0000000000E+00,    1.6996365724E+02,    1.6996365724E+02,    0.0000000000E+00,    0.0000000000E+00,    0.0000000000E+00,    1.6996365724E+02
    136650,      0.676946,CP12_end,   1,    0.0000000000E+00,    1.6996365724E+02,    1.6996365724E+02,    0.0000000000E+00,    0.0000000000E+00,    0.0000000000E+00,    1.6996365724E+02
    136700,      0.676946,CP0_start,   1,    0.0000000000E+00,    1.7006585865E+02,    1.7006585865E+02,    0.0000000000E+00,    0.0000000000E+00,    0.0000000000E+00,    1.7006585865E+02
    136700,      0.676946,CP1_after_deposition,   1,    0.0000000000E+00,    1.7006585865E+02,    1.7006585865E+02,    0.0000000000E+00,    0.0000000000E+00,    0.0000000000E+00,    1.7006585865E+02
    136700,      0.676946,CP2_after_erosion,   1,    0.0000000000E+00,    1.7006585865E+02,    1.7006585865E+02,    0.0000000000E+00,    0.0000000000E+00,    0.0000000000E+00,    1.7006585865E+02
    136700,      0.676946,CP3_after_update_bottom,   1,    0.0000000000E+00,    1.7006585865E+02,    1.7006585865E+02,    0.0000000000E+00,    0.0000000000E+00,    0.0000000000E+00,    1.7006585865E+02
    136700,      0.676946,CP4_after_advection,   1,    0.0000000000E+00,    1.7006023378E+02,    1.7006023378E+02,    0.0000000000E+00,    0.0000000000E+00,    0.0000000000E+00,    1.7006023378E+02
    136700,      0.676946,CP5_after_vdif,   1,    0.0000000000E+00,    1.7006023378E+02,    1.7006023378E+02,    0.0000000000E+00,    0.0000000000E+00,    0.0000000000E+00,    1.7006023378E+02
    136700,      0.676946,CP6_after_kinetics,   1,    0.0000000000E+00,    1.7006023378E+02,    1.7006023378E+02,    0.0000000000E+00,    0.0000000000E+00,    0.0000000000E+00,    1.7006023378E+02
    136700,      0.676946,CP7_after_upper_clamp,   1,    0.0000000000E+00,    1.7006023378E+02,    1.7006023378E+02,    0.0000000000E+00,    0.0000000000E+00,    0.0000000000E+00,    1.7006023378E+02
    136700,      0.676946,CP8_after_OBC,   1,    0.0000000000E+00,    1.7006023378E+02,    1.7006023378E+02,    0.0000000000E+00,    0.0000000000E+00,    0.0000000000E+00,    1.7006023378E+02
    136700,      0.676946,CP9_after_PTsource,   1,    0.0000000000E+00,    1.7006023378E+02,    1.7006023378E+02,    0.0000000000E+00,    0.0000000000E+00,    0.0000000000E+00,    1.7006023378E+02
    136700,      0.676946,CP10_after_neg_clamp,   1,    0.0000000000E+00,    1.7006023378E+02,    1.7006023378E+02,    0.0000000000E+00,    0.0000000000E+00,    0.0000000000E+00,    1.7006023378E+02
    136700,      0.676946,CP11_after_MPI,   1,    0.0000000000E+00,    1.7006023378E+02,    1.7006023378E+02,    0.0000000000E+00,    0.0000000000E+00,    0.0000000000E+00,    1.7006023378E+02
    136700,      0.676946,CP12_end,   1,    0.0000000000E+00,    1.7006023378E+02,    1.7006023378E+02,    0.0000000000E+00,    0.0000000000E+00,    0.0000000000E+00,    1.7006023378E+02
    136750,      0.676946,CP0_start,   1,    0.0000000000E+00,    1.7016169873E+02,    1.7016169873E+02,    0.0000000000E+00,    0.0000000000E+00,    0.0000000000E+00,    1.7016169873E+02
    136750,      0.676946,CP1_after_deposition,   1,    0.0000000000E+00,    1.7016169873E+02,    1.7016169873E+02,    0.0000000000E+00,    0.0000000000E+00,    0.0000000000E+00,    1.7016169873E+02
    136750,      0.676946,CP2_after_erosion,   1,                 NaN,                 NaN,                 NaN,    0.0000000000E+00,    0.0000000000E+00,    0.0000000000E+00,                 NaN
    136750,      0.676946,CP3_after_update_bottom,   1,                 NaN,                 NaN,                 NaN,    0.0000000000E+00,    0.0000000000E+00,    0.0000000000E+00,                 NaN
    136750,      0.676946,CP4_after_advection,   1,                 NaN,                 NaN,                 NaN,    0.0000000000E+00,    0.0000000000E+00,    0.0000000000E+00,                 NaN
    136750,      0.676946,CP5_after_vdif,   1,                 NaN,                 NaN,                 NaN,    0.0000000000E+00,    0.0000000000E+00,    0.0000000000E+00,                 NaN
    136750,      0.676946,CP6_after_kinetics,   1,                 NaN,                 NaN,                 NaN,    0.0000000000E+00,    0.0000000000E+00,    0.0000000000E+00,                 NaN
    136750,      0.676946,CP7_after_upper_clamp,   1,                 NaN,                 NaN,                 NaN,    0.0000000000E+00,    0.0000000000E+00,    0.0000000000E+00,                 NaN
    136750,      0.676946,CP8_after_OBC,   1,                 NaN,                 NaN,                 NaN,    0.0000000000E+00,    0.0000000000E+00,    0.0000000000E+00,                 NaN
    136750,      0.676946,CP9_after_PTsource,   1,                 NaN,                 NaN,                 NaN,    0.0000000000E+00,    0.0000000000E+00,    0.0000000000E+00,                 NaN
    136750,      0.676946,CP10_after_neg_clamp,   1,    0.0000000000E+00,    1.7015016050E+02,    1.7015016050E+02,    0.0000000000E+00,    0.0000000000E+00,    0.0000000000E+00,    1.7015016050E+02
    136750,      0.676946,CP11_after_MPI,   1,    0.0000000000E+00,    1.7015016050E+02,    1.7015016050E+02,    0.0000000000E+00,    0.0000000000E+00,    0.0000000000E+00,    1.7015016050E+02
    136750,      0.676946,CP12_end,   1,    0.0000000000E+00,    1.7015016050E+02,    1.7015016050E+02,    0.0000000000E+00,    0.0000000000E+00,    0.0000000000E+00,    1.7015016050E+02
    136800,      0.676946,CP0_start,   1,    0.0000000000E+00,    1.7025142316E+02,    1.7025142316E+02,    0.0000000000E+00,    0.0000000000E+00,    0.0000000000E+00,    1.7025142316E+02
    136800,      0.676946,CP1_after_deposition,   1,    0.0000000000E+00,    1.7025142316E+02,    1.7025142316E+02,    0.0000000000E+00,    0.0000000000E+00,    0.0000000000E+00,    1.7025142316E+02
    136800,      0.676946,CP2_after_erosion,   1,    0.0000000000E+00,    1.7025142316E+02,    1.7025142316E+02,    0.0000000000E+00,    0.0000000000E+00,    0.0000000000E+00,    1.7025142316E+02
    136800,      0.676946,CP3_after_update_bottom,   1,    0.0000000000E+00,    1.7025142316E+02,    1.7025142316E+02,    0.0000000000E+00,    0.0000000000E+00,    0.0000000000E+00,    1.7025142316E+02
    136800,      0.676946,CP4_after_advection,   1,    0.0000000000E+00,    1.7024603511E+02,    1.7024603511E+02,    0.0000000000E+00,    0.0000000000E+00,    0.0000000000E+00,    1.7024603511E+02
    136800,      0.676946,CP5_after_vdif,   1,    0.0000000000E+00,    1.7024603511E+02,    1.7024603511E+02,    0.0000000000E+00,    0.0000000000E+00,    0.0000000000E+00,    1.7024603511E+02
    136800,      0.676946,CP6_after_kinetics,   1,    0.0000000000E+00,    1.7024603511E+02,    1.7024603511E+02,    0.0000000000E+00,    0.0000000000E+00,    0.0000000000E+00,    1.7024603511E+02
    136800,      0.676946,CP7_after_upper_clamp,   1,    0.0000000000E+00,    1.7024603511E+02,    1.7024603511E+02,    0.0000000000E+00,    0.0000000000E+00,    0.0000000000E+00,    1.7024603511E+02
    136800,      0.676946,CP8_after_OBC,   1,    0.0000000000E+00,    1.7024603511E+02,    1.7024603511E+02,    0.0000000000E+00,    0.0000000000E+00,    0.0000000000E+00,    1.7024603511E+02
    136800,      0.676946,CP9_after_PTsource,   1,    0.0000000000E+00,    1.7024603511E+02,    1.7024603511E+02,    0.0000000000E+00,    0.0000000000E+00,    0.0000000000E+00,    1.7024603511E+02
    136800,      0.676946,CP10_after_neg_clamp,   1,    0.0000000000E+00,    1.7024603511E+02,    1.7024603511E+02,    0.0000000000E+00,    0.0000000000E+00,    0.0000000000E+00,    1.7024603511E+02
    136800,      0.676946,CP11_after_MPI,   1,    0.0000000000E+00,    1.7024603511E+02,    1.7024603511E+02,    0.0000000000E+00,    0.0000000000E+00,    0.0000000000E+00,    1.7024603511E+02
    136800,      0.676946,CP12_end,   1,    0.0000000000E+00,    1.7024603511E+02,    1.7024603511E+02,    0.0000000000E+00,    0.0000000000E+00,    0.0000000000E+00,    1.7024603511E+02
    136850,      0.676946,CP0_start,   1,    0.0000000000E+00,    1.7034537532E+02,    1.7034537532E+02,    0.0000000000E+00,    0.0000000000E+00,    0.0000000000E+00,    1.7034537532E+02
    136850,      0.676946,CP1_after_deposition,   1,    0.0000000000E+00,    1.7034537532E+02,    1.7034537532E+02,    0.0000000000E+00,    0.0000000000E+00,    0.0000000000E+00,    1.7034537532E+02
    136850,      0.676946,CP2_after_erosion,   1,    0.0000000000E+00,    1.7034537532E+02,    1.7034537532E+02,    0.0000000000E+00,    0.0000000000E+00,    0.0000000000E+00,    1.7034537532E+02
    136850,      0.676946,CP3_after_update_bottom,   1,    0.0000000000E+00,    1.7034537532E+02,    1.7034537532E+02,    0.0000000000E+00,    0.0000000000E+00,    0.0000000000E+00,    1.7034537532E+02
    136850,      0.676946,CP4_after_advection,   1,    0.0000000000E+00,    1.7034008170E+02,    1.7034008170E+02,    0.0000000000E+00,    0.0000000000E+00,    0.0000000000E+00,    1.7034008170E+02
    136850,      0.676946,CP5_after_vdif,   1,    0.0000000000E+00,    1.7034008170E+02,    1.7034008170E+02,    0.0000000000E+00,    0.0000000000E+00,    0.0000000000E+00,    1.7034008170E+02
    136850,      0.676946,CP6_after_kinetics,   1,    0.0000000000E+00,    1.7034008170E+02,    1.7034008170E+02,    0.0000000000E+00,    0.0000000000E+00,    0.0000000000E+00,    1.7034008170E+02
    136850,      0.676946,CP7_after_upper_clamp,   1,    0.0000000000E+00,    1.7034008170E+02,    1.7034008170E+02,    0.0000000000E+00,    0.0000000000E+00,    0.0000000000E+00,    1.7034008170E+02
    136850,      0.676946,CP8_after_OBC,   1,    0.0000000000E+00,    1.7034008170E+02,    1.7034008170E+02,    0.0000000000E+00,    0.0000000000E+00,    0.0000000000E+00,    1.7034008170E+02
    136850,      0.676946,CP9_after_PTsource,   1,    0.0000000000E+00,    1.7034008170E+02,    1.7034008170E+02,    0.0000000000E+00,    0.0000000000E+00,    0.0000000000E+00,    1.7034008170E+02
    136850,      0.676946,CP10_after_neg_clamp,   1,    0.0000000000E+00,    1.7034008170E+02,    1.7034008170E+02,    0.0000000000E+00,    0.0000000000E+00,    0.0000000000E+00,    1.7034008170E+02
    136850,      0.676946,CP11_after_MPI,   1,    0.0000000000E+00,    1.7034008170E+02,    1.7034008170E+02,    0.0000000000E+00,    0.0000000000E+00,    0.0000000000E+00,    1.7034008170E+02
    136850,      0.676946,CP12_end,   1,    0.0000000000E+00,    1.7034008170E+02,    1.7034008170E+02,    0.0000000000E+00,    0.0000000000E+00,    0.0000000000E+00,    1.7034008170E+02
    136900,      0.676946,CP0_start,   1,    0.0000000000E+00,    1.7043736278E+02,    1.7043736278E+02,    0.0000000000E+00,    0.0000000000E+00,    0.0000000000E+00,    1.7043736278E+02
    136900,      0.676946,CP1_after_deposition,   1,    0.0000000000E+00,    1.7043736278E+02,    1.7043736278E+02,    0.0000000000E+00,    0.0000000000E+00,    0.0000000000E+00,    1.7043736278E+02
    136900,      0.676946,CP2_after_erosion,   1,    0.0000000000E+00,    1.7043736278E+02,    1.7043736278E+02,    0.0000000000E+00,    0.0000000000E+00,    0.0000000000E+00,    1.7043736278E+02
    136900,      0.676946,CP3_after_update_bottom,   1,    0.0000000000E+00,    1.7043736278E+02,    1.7043736278E+02,    0.0000000000E+00,    0.0000000000E+00,    0.0000000000E+00,    1.7043736278E+02
    136900,      0.676946,CP4_after_advection,   1,    0.0000000000E+00,    1.7043216488E+02,    1.7043216488E+02,    0.0000000000E+00,    0.0000000000E+00,    0.0000000000E+00,    1.7043216488E+02
    136900,      0.676946,CP5_after_vdif,   1,    0.0000000000E+00,    1.7043216488E+02,    1.7043216488E+02,    0.0000000000E+00,    0.0000000000E+00,    0.0000000000E+00,    1.7043216488E+02
    136900,      0.676946,CP6_after_kinetics,   1,    0.0000000000E+00,    1.7043216488E+02,    1.7043216488E+02,    0.0000000000E+00,    0.0000000000E+00,    0.0000000000E+00,    1.7043216488E+02
    136900,      0.676946,CP7_after_upper_clamp,   1,    0.0000000000E+00,    1.7043216488E+02,    1.7043216488E+02,    0.0000000000E+00,    0.0000000000E+00,    0.0000000000E+00,    1.7043216488E+02
    136900,      0.676946,CP8_after_OBC,   1,    0.0000000000E+00,    1.7043216488E+02,    1.7043216488E+02,    0.0000000000E+00,    0.0000000000E+00,    0.0000000000E+00,    1.7043216488E+02
    136900,      0.676946,CP9_after_PTsource,   1,    0.0000000000E+00,    1.7043216488E+02,    1.7043216488E+02,    0.0000000000E+00,    0.0000000000E+00,    0.0000000000E+00,    1.7043216488E+02
    136900,      0.676946,CP10_after_neg_clamp,   1,    0.0000000000E+00,    1.7043216488E+02,    1.7043216488E+02,    0.0000000000E+00,    0.0000000000E+00,    0.0000000000E+00,    1.7043216488E+02
    136900,      0.676946,CP11_after_MPI,   1,    0.0000000000E+00,    1.7043216488E+02,    1.7043216488E+02,    0.0000000000E+00,    0.0000000000E+00,    0.0000000000E+00,    1.7043216488E+02
    136900,      0.676946,CP12_end,   1,    0.0000000000E+00,    1.7043216488E+02,    1.7043216488E+02,    0.0000000000E+00,    0.0000000000E+00,    0.0000000000E+00,    1.7043216488E+02
    136950,      0.676946,CP0_start,   1,    0.0000000000E+00,    1.7052737424E+02,    1.7052737424E+02,    0.0000000000E+00,    0.0000000000E+00,    0.0000000000E+00,    1.7052737424E+02
    136950,      0.676946,CP1_after_deposition,   1,    0.0000000000E+00,    1.7052737424E+02,    1.7052737424E+02,    0.0000000000E+00,    0.0000000000E+00,    0.0000000000E+00,    1.7052737424E+02
    136950,      0.676946,CP2_after_erosion,   1,    0.0000000000E+00,    1.7052737424E+02,    1.7052737424E+02,    0.0000000000E+00,    0.0000000000E+00,    0.0000000000E+00,    1.7052737424E+02
    136950,      0.676946,CP3_after_update_bottom,   1,    0.0000000000E+00,    1.7052737424E+02,    1.7052737424E+02,    0.0000000000E+00,    0.0000000000E+00,    0.0000000000E+00,    1.7052737424E+02
    136950,      0.676946,CP4_after_advection,   1,    0.0000000000E+00,    1.7052228102E+02,    1.7052228102E+02,    0.0000000000E+00,    0.0000000000E+00,    0.0000000000E+00,    1.7052228102E+02
    136950,      0.676946,CP5_after_vdif,   1,    0.0000000000E+00,    1.7052228102E+02,    1.7052228102E+02,    0.0000000000E+00,    0.0000000000E+00,    0.0000000000E+00,    1.7052228102E+02
    136950,      0.676946,CP6_after_kinetics,   1,    0.0000000000E+00,    1.7052228102E+02,    1.7052228102E+02,    0.0000000000E+00,    0.0000000000E+00,    0.0000000000E+00,    1.7052228102E+02
    136950,      0.676946,CP7_after_upper_clamp,   1,    0.0000000000E+00,    1.7052228102E+02,    1.7052228102E+02,    0.0000000000E+00,    0.0000000000E+00,    0.0000000000E+00,    1.7052228102E+02
    136950,      0.676946,CP8_after_OBC,   1,    0.0000000000E+00,    1.7052228102E+02,    1.7052228102E+02,    0.0000000000E+00,    0.0000000000E+00,    0.0000000000E+00,    1.7052228102E+02
    136950,      0.676946,CP9_after_PTsource,   1,    0.0000000000E+00,    1.7052228102E+02,    1.7052228102E+02,    0.0000000000E+00,    0.0000000000E+00,    0.0000000000E+00,    1.7052228102E+02
    136950,      0.676946,CP10_after_neg_clamp,   1,    0.0000000000E+00,    1.7052228102E+02,    1.7052228102E+02,    0.0000000000E+00,    0.0000000000E+00,    0.0000000000E+00,    1.7052228102E+02
    136950,      0.676946,CP11_after_MPI,   1,    0.0000000000E+00,    1.7052228102E+02,    1.7052228102E+02,    0.0000000000E+00,    0.0000000000E+00,    0.0000000000E+00,    1.7052228102E+02
    136950,      0.676946,CP12_end,   1,    0.0000000000E+00,    1.7052228102E+02,    1.7052228102E+02,    0.0000000000E+00,    0.0000000000E+00,    0.0000000000E+00,    1.7052228102E+02
    137000,      0.676946,CP0_start,   1,    0.0000000000E+00,    1.7061567270E+02,    1.7061567270E+02,    0.0000000000E+00,    0.0000000000E+00,    0.0000000000E+00,    1.7061567270E+02
    137000,      0.676946,CP1_after_deposition,   1,    0.0000000000E+00,    1.7061567270E+02,    1.7061567270E+02,    0.0000000000E+00,    0.0000000000E+00,    0.0000000000E+00,    1.7061567270E+02
    137000,      0.676946,CP2_after_erosion,   1,    0.0000000000E+00,    1.7061567270E+02,    1.7061567270E+02,    0.0000000000E+00,    0.0000000000E+00,    0.0000000000E+00,    1.7061567270E+02
    137000,      0.676946,CP3_after_update_bottom,   1,    0.0000000000E+00,    1.7061567270E+02,    1.7061567270E+02,    0.0000000000E+00,    0.0000000000E+00,    0.0000000000E+00,    1.7061567270E+02
    137000,      0.676946,CP4_after_advection,   1,    0.0000000000E+00,    1.7061068871E+02,    1.7061068871E+02,    0.0000000000E+00,    0.0000000000E+00,    0.0000000000E+00,    1.7061068871E+02
    137000,      0.676946,CP5_after_vdif,   1,    0.0000000000E+00,    1.7061068871E+02,    1.7061068871E+02,    0.0000000000E+00,    0.0000000000E+00,    0.0000000000E+00,    1.7061068871E+02
    137000,      0.676946,CP6_after_kinetics,   1,    0.0000000000E+00,    1.7061068871E+02,    1.7061068871E+02,    0.0000000000E+00,    0.0000000000E+00,    0.0000000000E+00,    1.7061068871E+02
    137000,      0.676946,CP7_after_upper_clamp,   1,    0.0000000000E+00,    1.7061068871E+02,    1.7061068871E+02,    0.0000000000E+00,    0.0000000000E+00,    0.0000000000E+00,    1.7061068871E+02
    137000,      0.676946,CP8_after_OBC,   1,    0.0000000000E+00,    1.7061068871E+02,    1.7061068871E+02,    0.0000000000E+00,    0.0000000000E+00,    0.0000000000E+00,    1.7061068871E+02
    137000,      0.676946,CP9_after_PTsource,   1,    0.0000000000E+00,    1.7061068871E+02,    1.7061068871E+02,    0.0000000000E+00,    0.0000000000E+00,    0.0000000000E+00,    1.7061068871E+02
    137000,      0.676946,CP10_after_neg_clamp,   1,    0.0000000000E+00,    1.7061068871E+02,    1.7061068871E+02,    0.0000000000E+00,    0.0000000000E+00,    0.0000000000E+00,    1.7061068871E+02
    137000,      0.676946,CP11_after_MPI,   1,    0.0000000000E+00,    1.7061068871E+02,    1.7061068871E+02,    0.0000000000E+00,    0.0000000000E+00,    0.0000000000E+00,    1.7061068871E+02
    137000,      0.676946,CP12_end,   1,    0.0000000000E+00,    1.7061068871E+02,    1.7061068871E+02,    0.0000000000E+00,    0.0000000000E+00,    0.0000000000E+00,    1.7061068871E+02
    137050,      0.676946,CP0_start,   1,    0.0000000000E+00,    1.7070262009E+02,    1.7070262009E+02,    0.0000000000E+00,    0.0000000000E+00,    0.0000000000E+00,    1.7070262009E+02
    137050,      0.676946,CP1_after_deposition,   1,    0.0000000000E+00,    1.7070262009E+02,    1.7070262009E+02,    0.0000000000E+00,    0.0000000000E+00,    0.0000000000E+00,    1.7070262009E+02
    137050,      0.676946,CP2_after_erosion,   1,    0.0000000000E+00,    1.7070262009E+02,    1.7070262009E+02,    0.0000000000E+00,    0.0000000000E+00,    0.0000000000E+00,    1.7070262009E+02
    137050,      0.676946,CP3_after_update_bottom,   1,    0.0000000000E+00,    1.7070262009E+02,    1.7070262009E+02,    0.0000000000E+00,    0.0000000000E+00,    0.0000000000E+00,    1.7070262009E+02
    137050,      0.676946,CP4_after_advection,   1,    0.0000000000E+00,    1.7069775063E+02,    1.7069775063E+02,    0.0000000000E+00,    0.0000000000E+00,    0.0000000000E+00,    1.7069775063E+02
    137050,      0.676946,CP5_after_vdif,   1,    0.0000000000E+00,    1.7069775063E+02,    1.7069775063E+02,    0.0000000000E+00,    0.0000000000E+00,    0.0000000000E+00,    1.7069775063E+02
    137050,      0.676946,CP6_after_kinetics,   1,    0.0000000000E+00,    1.7069775063E+02,    1.7069775063E+02,    0.0000000000E+00,    0.0000000000E+00,    0.0000000000E+00,    1.7069775063E+02
    137050,      0.676946,CP7_after_upper_clamp,   1,    0.0000000000E+00,    1.7069775063E+02,    1.7069775063E+02,    0.0000000000E+00,    0.0000000000E+00,    0.0000000000E+00,    1.7069775063E+02
    137050,      0.676946,CP8_after_OBC,   1,    0.0000000000E+00,    1.7069775063E+02,    1.7069775063E+02,    0.0000000000E+00,    0.0000000000E+00,    0.0000000000E+00,    1.7069775063E+02
    137050,      0.676946,CP9_after_PTsource,   1,    0.0000000000E+00,    1.7069775063E+02,    1.7069775063E+02,    0.0000000000E+00,    0.0000000000E+00,    0.0000000000E+00,    1.7069775063E+02
    137050,      0.676946,CP10_after_neg_clamp,   1,    0.0000000000E+00,    1.7069775063E+02,    1.7069775063E+02,    0.0000000000E+00,    0.0000000000E+00,    0.0000000000E+00,    1.7069775063E+02
    137050,      0.676946,CP11_after_MPI,   1,    0.0000000000E+00,    1.7069775063E+02,    1.7069775063E+02,    0.0000000000E+00,    0.0000000000E+00,    0.0000000000E+00,    1.7069775063E+02
    137050,      0.676946,CP12_end,   1,    0.0000000000E+00,    1.7069775063E+02,    1.7069775063E+02,    0.0000000000E+00,    0.0000000000E+00,    0.0000000000E+00,    1.7069775063E+02
    137100,      0.676946,CP0_start,   1,    0.0000000000E+00,    1.7078861651E+02,    1.7078861651E+02,    0.0000000000E+00,    0.0000000000E+00,    0.0000000000E+00,    1.7078861651E+02
    137100,      0.676946,CP1_after_deposition,   1,    0.0000000000E+00,    1.7078861651E+02,    1.7078861651E+02,    0.0000000000E+00,    0.0000000000E+00,    0.0000000000E+00,    1.7078861651E+02
    137100,      0.676946,CP2_after_erosion,   1,    0.0000000000E+00,    1.7078861651E+02,    1.7078861651E+02,    0.0000000000E+00,    0.0000000000E+00,    0.0000000000E+00,    1.7078861651E+02
    137100,      0.676946,CP3_after_update_bottom,   1,    0.0000000000E+00,    1.7078861651E+02,    1.7078861651E+02,    0.0000000000E+00,    0.0000000000E+00,    0.0000000000E+00,    1.7078861651E+02
    137100,      0.676946,CP4_after_advection,   1,    0.0000000000E+00,    1.7078387102E+02,    1.7078387102E+02,    0.0000000000E+00,    0.0000000000E+00,    0.0000000000E+00,    1.7078387102E+02
    137100,      0.676946,CP5_after_vdif,   1,    0.0000000000E+00,    1.7078387102E+02,    1.7078387102E+02,    0.0000000000E+00,    0.0000000000E+00,    0.0000000000E+00,    1.7078387102E+02
    137100,      0.676946,CP6_after_kinetics,   1,    0.0000000000E+00,    1.7078387102E+02,    1.7078387102E+02,    0.0000000000E+00,    0.0000000000E+00,    0.0000000000E+00,    1.7078387102E+02
    137100,      0.676946,CP7_after_upper_clamp,   1,    0.0000000000E+00,    1.7078387102E+02,    1.7078387102E+02,    0.0000000000E+00,    0.0000000000E+00,    0.0000000000E+00,    1.7078387102E+02
    137100,      0.676946,CP8_after_OBC,   1,    0.0000000000E+00,    1.7078387102E+02,    1.7078387102E+02,    0.0000000000E+00,    0.0000000000E+00,    0.0000000000E+00,    1.7078387102E+02
    137100,      0.676946,CP9_after_PTsource,   1,    0.0000000000E+00,    1.7078387102E+02,    1.7078387102E+02,    0.0000000000E+00,    0.0000000000E+00,    0.0000000000E+00,    1.7078387102E+02
    137100,      0.676946,CP10_after_neg_clamp,   1,    0.0000000000E+00,    1.7078387102E+02,    1.7078387102E+02,    0.0000000000E+00,    0.0000000000E+00,    0.0000000000E+00,    1.7078387102E+02
    137100,      0.676946,CP11_after_MPI,   1,    0.0000000000E+00,    1.7078387102E+02,    1.7078387102E+02,    0.0000000000E+00,    0.0000000000E+00,    0.0000000000E+00,    1.7078387102E+02
    137100,      0.676946,CP12_end,   1,    0.0000000000E+00,    1.7078387102E+02,    1.7078387102E+02,    0.0000000000E+00,    0.0000000000E+00,    0.0000000000E+00,    1.7078387102E+02
    137150,      0.676946,CP0_start,   1,    0.0000000000E+00,    1.7087408100E+02,    1.7087408100E+02,    0.0000000000E+00,    0.0000000000E+00,    0.0000000000E+00,    1.7087408100E+02
    137150,      0.676946,CP1_after_deposition,   1,    0.0000000000E+00,    1.7087408100E+02,    1.7087408100E+02,    0.0000000000E+00,    0.0000000000E+00,    0.0000000000E+00,    1.7087408100E+02
    137150,      0.676946,CP2_after_erosion,   1,    0.0000000000E+00,    1.7087408100E+02,    1.7087408100E+02,    0.0000000000E+00,    0.0000000000E+00,    0.0000000000E+00,    1.7087408100E+02
    137150,      0.676946,CP3_after_update_bottom,   1,    0.0000000000E+00,    1.7087408100E+02,    1.7087408100E+02,    0.0000000000E+00,    0.0000000000E+00,    0.0000000000E+00,    1.7087408100E+02
    137150,      0.676946,CP4_after_advection,   1,    0.0000000000E+00,    1.7086946664E+02,    1.7086946664E+02,    0.0000000000E+00,    0.0000000000E+00,    0.0000000000E+00,    1.7086946664E+02
    137150,      0.676946,CP5_after_vdif,   1,    0.0000000000E+00,    1.7086946664E+02,    1.7086946664E+02,    0.0000000000E+00,    0.0000000000E+00,    0.0000000000E+00,    1.7086946664E+02
    137150,      0.676946,CP6_after_kinetics,   1,    0.0000000000E+00,    1.7086946664E+02,    1.7086946664E+02,    0.0000000000E+00,    0.0000000000E+00,    0.0000000000E+00,    1.7086946664E+02
    137150,      0.676946,CP7_after_upper_clamp,   1,    0.0000000000E+00,    1.7086946664E+02,    1.7086946664E+02,    0.0000000000E+00,    0.0000000000E+00,    0.0000000000E+00,    1.7086946664E+02
    137150,      0.676946,CP8_after_OBC,   1,    0.0000000000E+00,    1.7086946664E+02,    1.7086946664E+02,    0.0000000000E+00,    0.0000000000E+00,    0.0000000000E+00,    1.7086946664E+02
    137150,      0.676946,CP9_after_PTsource,   1,    0.0000000000E+00,    1.7086946664E+02,    1.7086946664E+02,    0.0000000000E+00,    0.0000000000E+00,    0.0000000000E+00,    1.7086946664E+02
    137150,      0.676946,CP10_after_neg_clamp,   1,    0.0000000000E+00,    1.7086946664E+02,    1.7086946664E+02,    0.0000000000E+00,    0.0000000000E+00,    0.0000000000E+00,    1.7086946664E+02
    137150,      0.676946,CP11_after_MPI,   1,    0.0000000000E+00,    1.7086946664E+02,    1.7086946664E+02,    0.0000000000E+00,    0.0000000000E+00,    0.0000000000E+00,    1.7086946664E+02
    137150,      0.676946,CP12_end,   1,    0.0000000000E+00,    1.7086946664E+02,    1.7086946664E+02,    0.0000000000E+00,    0.0000000000E+00,    0.0000000000E+00,    1.7086946664E+02
    137200,      0.676946,CP0_start,   1,    0.0000000000E+00,    1.7095945207E+02,    1.7095945207E+02,    0.0000000000E+00,    0.0000000000E+00,    0.0000000000E+00,    1.7095945207E+02
    137200,      0.676946,CP1_after_deposition,   1,    0.0000000000E+00,    1.7095945207E+02,    1.7095945207E+02,    0.0000000000E+00,    0.0000000000E+00,    0.0000000000E+00,    1.7095945207E+02
    137200,      0.676946,CP2_after_erosion,   1,    0.0000000000E+00,    1.7095945207E+02,    1.7095945207E+02,    0.0000000000E+00,    0.0000000000E+00,    0.0000000000E+00,    1.7095945207E+02
    137200,      0.676946,CP3_after_update_bottom,   1,    0.0000000000E+00,    1.7095945207E+02,    1.7095945207E+02,    0.0000000000E+00,    0.0000000000E+00,    0.0000000000E+00,    1.7095945207E+02
    137200,      0.676946,CP4_after_advection,   1,    0.0000000000E+00,    1.7095496921E+02,    1.7095496921E+02,    0.0000000000E+00,    0.0000000000E+00,    0.0000000000E+00,    1.7095496921E+02
    137200,      0.676946,CP5_after_vdif,   1,    0.0000000000E+00,    1.7095496921E+02,    1.7095496921E+02,    0.0000000000E+00,    0.0000000000E+00,    0.0000000000E+00,    1.7095496921E+02
    137200,      0.676946,CP6_after_kinetics,   1,    0.0000000000E+00,    1.7095496921E+02,    1.7095496921E+02,    0.0000000000E+00,    0.0000000000E+00,    0.0000000000E+00,    1.7095496921E+02
    137200,      0.676946,CP7_after_upper_clamp,   1,    0.0000000000E+00,    1.7095496921E+02,    1.7095496921E+02,    0.0000000000E+00,    0.0000000000E+00,    0.0000000000E+00,    1.7095496921E+02
    137200,      0.676946,CP8_after_OBC,   1,    0.0000000000E+00,    1.7095496921E+02,    1.7095496921E+02,    0.0000000000E+00,    0.0000000000E+00,    0.0000000000E+00,    1.7095496921E+02
    137200,      0.676946,CP9_after_PTsource,   1,    0.0000000000E+00,    1.7095496921E+02,    1.7095496921E+02,    0.0000000000E+00,    0.0000000000E+00,    0.0000000000E+00,    1.7095496921E+02
    137200,      0.676946,CP10_after_neg_clamp,   1,    0.0000000000E+00,    1.7095496921E+02,    1.7095496921E+02,    0.0000000000E+00,    0.0000000000E+00,    0.0000000000E+00,    1.7095496921E+02
    137200,      0.676946,CP11_after_MPI,   1,    0.0000000000E+00,    1.7095496921E+02,    1.7095496921E+02,    0.0000000000E+00,    0.0000000000E+00,    0.0000000000E+00,    1.7095496921E+02
    137200,      0.676946,CP12_end,   1,    0.0000000000E+00,    1.7095496921E+02,    1.7095496921E+02,    0.0000000000E+00,    0.0000000000E+00,    0.0000000000E+00,    1.7095496921E+02
    137250,      0.676946,CP0_start,   1,    0.0000000000E+00,    1.7104485822E+02,    1.7104485822E+02,    0.0000000000E+00,    0.0000000000E+00,    0.0000000000E+00,    1.7104485822E+02
    137250,      0.676946,CP1_after_deposition,   1,    0.0000000000E+00,    1.7104485822E+02,    1.7104485822E+02,    0.0000000000E+00,    0.0000000000E+00,    0.0000000000E+00,    1.7104485822E+02
    137250,      0.676946,CP2_after_erosion,   1,    0.0000000000E+00,    1.7104485822E+02,    1.7104485822E+02,    0.0000000000E+00,    0.0000000000E+00,    0.0000000000E+00,    1.7104485822E+02
    137250,      0.676946,CP3_after_update_bottom,   1,    0.0000000000E+00,    1.7104485822E+02,    1.7104485822E+02,    0.0000000000E+00,    0.0000000000E+00,    0.0000000000E+00,    1.7104485822E+02
    137250,      0.676946,CP4_after_advection,   1,    0.0000000000E+00,    1.7104050317E+02,    1.7104050317E+02,    0.0000000000E+00,    0.0000000000E+00,    0.0000000000E+00,    1.7104050317E+02
    137250,      0.676946,CP5_after_vdif,   1,    0.0000000000E+00,    1.7104050317E+02,    1.7104050317E+02,    0.0000000000E+00,    0.0000000000E+00,    0.0000000000E+00,    1.7104050317E+02
    137250,      0.676946,CP6_after_kinetics,   1,    0.0000000000E+00,    1.7104050317E+02,    1.7104050317E+02,    0.0000000000E+00,    0.0000000000E+00,    0.0000000000E+00,    1.7104050317E+02
    137250,      0.676946,CP7_after_upper_clamp,   1,    0.0000000000E+00,    1.7104050317E+02,    1.7104050317E+02,    0.0000000000E+00,    0.0000000000E+00,    0.0000000000E+00,    1.7104050317E+02
    137250,      0.676946,CP8_after_OBC,   1,    0.0000000000E+00,    1.7104050317E+02,    1.7104050317E+02,    0.0000000000E+00,    0.0000000000E+00,    0.0000000000E+00,    1.7104050317E+02
    137250,      0.676946,CP9_after_PTsource,   1,    0.0000000000E+00,    1.7104050317E+02,    1.7104050317E+02,    0.0000000000E+00,    0.0000000000E+00,    0.0000000000E+00,    1.7104050317E+02
    137250,      0.676946,CP10_after_neg_clamp,   1,    0.0000000000E+00,    1.7104050317E+02,    1.7104050317E+02,    0.0000000000E+00,    0.0000000000E+00,    0.0000000000E+00,    1.7104050317E+02
    137250,      0.676946,CP11_after_MPI,   1,    0.0000000000E+00,    1.7104050317E+02,    1.7104050317E+02,    0.0000000000E+00,    0.0000000000E+00,    0.0000000000E+00,    1.7104050317E+02
    137250,      0.676946,CP12_end,   1,    0.0000000000E+00,    1.7104050317E+02,    1.7104050317E+02,    0.0000000000E+00,    0.0000000000E+00,    0.0000000000E+00,    1.7104050317E+02
    137300,      0.676947,CP0_start,   1,    0.0000000000E+00,    1.7113022978E+02,    1.7113022978E+02,    0.0000000000E+00,    0.0000000000E+00,    0.0000000000E+00,    1.7113022978E+02
    137300,      0.676947,CP1_after_deposition,   1,    0.0000000000E+00,    1.7113022978E+02,    1.7113022978E+02,    0.0000000000E+00,    0.0000000000E+00,    0.0000000000E+00,    1.7113022978E+02
    137300,      0.676947,CP2_after_erosion,   1,    0.0000000000E+00,    1.7113022978E+02,    1.7113022978E+02,    0.0000000000E+00,    0.0000000000E+00,    0.0000000000E+00,    1.7113022978E+02
    137300,      0.676947,CP3_after_update_bottom,   1,    0.0000000000E+00,    1.7113022978E+02,    1.7113022978E+02,    0.0000000000E+00,    0.0000000000E+00,    0.0000000000E+00,    1.7113022978E+02
    137300,      0.676947,CP4_after_advection,   1,    0.0000000000E+00,    1.7112599561E+02,    1.7112599561E+02,    0.0000000000E+00,    0.0000000000E+00,    0.0000000000E+00,    1.7112599561E+02
    137300,      0.676947,CP5_after_vdif,   1,    0.0000000000E+00,    1.7112599561E+02,    1.7112599561E+02,    0.0000000000E+00,    0.0000000000E+00,    0.0000000000E+00,    1.7112599561E+02
    137300,      0.676947,CP6_after_kinetics,   1,    0.0000000000E+00,    1.7112599561E+02,    1.7112599561E+02,    0.0000000000E+00,    0.0000000000E+00,    0.0000000000E+00,    1.7112599561E+02
    137300,      0.676947,CP7_after_upper_clamp,   1,    0.0000000000E+00,    1.7112599561E+02,    1.7112599561E+02,    0.0000000000E+00,    0.0000000000E+00,    0.0000000000E+00,    1.7112599561E+02
    137300,      0.676947,CP8_after_OBC,   1,    0.0000000000E+00,    1.7112599561E+02,    1.7112599561E+02,    0.0000000000E+00,    0.0000000000E+00,    0.0000000000E+00,    1.7112599561E+02
    137300,      0.676947,CP9_after_PTsource,   1,    0.0000000000E+00,    1.7112599561E+02,    1.7112599561E+02,    0.0000000000E+00,    0.0000000000E+00,    0.0000000000E+00,    1.7112599561E+02
    137300,      0.676947,CP10_after_neg_clamp,   1,    0.0000000000E+00,    1.7112599561E+02,    1.7112599561E+02,    0.0000000000E+00,    0.0000000000E+00,    0.0000000000E+00,    1.7112599561E+02
    137300,      0.676947,CP11_after_MPI,   1,    0.0000000000E+00,    1.7112599561E+02,    1.7112599561E+02,    0.0000000000E+00,    0.0000000000E+00,    0.0000000000E+00,    1.7112599561E+02
    137300,      0.676947,CP12_end,   1,    0.0000000000E+00,    1.7112599561E+02,    1.7112599561E+02,    0.0000000000E+00,    0.0000000000E+00,    0.0000000000E+00,    1.7112599561E+02
    137350,      0.676947,CP0_start,   1,    0.0000000000E+00,    1.7121552910E+02,    1.7121552910E+02,    0.0000000000E+00,    0.0000000000E+00,    0.0000000000E+00,    1.7121552910E+02
    137350,      0.676947,CP1_after_deposition,   1,    0.0000000000E+00,    1.7121552910E+02,    1.7121552910E+02,    0.0000000000E+00,    0.0000000000E+00,    0.0000000000E+00,    1.7121552910E+02
    137350,      0.676947,CP2_after_erosion,   1,    0.0000000000E+00,    1.7121552910E+02,    1.7121552910E+02,    0.0000000000E+00,    0.0000000000E+00,    0.0000000000E+00,    1.7121552910E+02
    137350,      0.676947,CP3_after_update_bottom,   1,    0.0000000000E+00,    1.7121552910E+02,    1.7121552910E+02,    0.0000000000E+00,    0.0000000000E+00,    0.0000000000E+00,    1.7121552910E+02
    137350,      0.676947,CP4_after_advection,   1,    0.0000000000E+00,    1.7121140897E+02,    1.7121140897E+02,    0.0000000000E+00,    0.0000000000E+00,    0.0000000000E+00,    1.7121140897E+02
    137350,      0.676947,CP5_after_vdif,   1,    0.0000000000E+00,    1.7121140897E+02,    1.7121140897E+02,    0.0000000000E+00,    0.0000000000E+00,    0.0000000000E+00,    1.7121140897E+02
    137350,      0.676947,CP6_after_kinetics,   1,    0.0000000000E+00,    1.7121140897E+02,    1.7121140897E+02,    0.0000000000E+00,    0.0000000000E+00,    0.0000000000E+00,    1.7121140897E+02
    137350,      0.676947,CP7_after_upper_clamp,   1,    0.0000000000E+00,    1.7121140897E+02,    1.7121140897E+02,    0.0000000000E+00,    0.0000000000E+00,    0.0000000000E+00,    1.7121140897E+02
    137350,      0.676947,CP8_after_OBC,   1,    0.0000000000E+00,    1.7121140897E+02,    1.7121140897E+02,    0.0000000000E+00,    0.0000000000E+00,    0.0000000000E+00,    1.7121140897E+02
    137350,      0.676947,CP9_after_PTsource,   1,    0.0000000000E+00,    1.7121140897E+02,    1.7121140897E+02,    0.0000000000E+00,    0.0000000000E+00,    0.0000000000E+00,    1.7121140897E+02
    137350,      0.676947,CP10_after_neg_clamp,   1,    0.0000000000E+00,    1.7121140897E+02,    1.7121140897E+02,    0.0000000000E+00,    0.0000000000E+00,    0.0000000000E+00,    1.7121140897E+02
    137350,      0.676947,CP11_after_MPI,   1,    0.0000000000E+00,    1.7121140897E+02,    1.7121140897E+02,    0.0000000000E+00,    0.0000000000E+00,    0.0000000000E+00,    1.7121140897E+02
    137350,      0.676947,CP12_end,   1,    0.0000000000E+00,    1.7121140897E+02,    1.7121140897E+02,    0.0000000000E+00,    0.0000000000E+00,    0.0000000000E+00,    1.7121140897E+02
    137400,      0.676947,CP0_start,   1,    0.0000000000E+00,    1.7130060543E+02,    1.7130060543E+02,    0.0000000000E+00,    0.0000000000E+00,    0.0000000000E+00,    1.7130060543E+02
    137400,      0.676947,CP1_after_deposition,   1,    0.0000000000E+00,    1.7130060543E+02,    1.7130060543E+02,    0.0000000000E+00,    0.0000000000E+00,    0.0000000000E+00,    1.7130060543E+02
    137400,      0.676947,CP2_after_erosion,   1,    0.0000000000E+00,    1.7130060543E+02,    1.7130060543E+02,    0.0000000000E+00,    0.0000000000E+00,    0.0000000000E+00,    1.7130060543E+02
    137400,      0.676947,CP3_after_update_bottom,   1,    0.0000000000E+00,    1.7130060543E+02,    1.7130060543E+02,    0.0000000000E+00,    0.0000000000E+00,    0.0000000000E+00,    1.7130060543E+02
    137400,      0.676947,CP4_after_advection,   1,    0.0000000000E+00,    1.7129659171E+02,    1.7129659171E+02,    0.0000000000E+00,    0.0000000000E+00,    0.0000000000E+00,    1.7129659171E+02
    137400,      0.676947,CP5_after_vdif,   1,    0.0000000000E+00,    1.7129659171E+02,    1.7129659171E+02,    0.0000000000E+00,    0.0000000000E+00,    0.0000000000E+00,    1.7129659171E+02
    137400,      0.676947,CP6_after_kinetics,   1,    0.0000000000E+00,    1.7129659171E+02,    1.7129659171E+02,    0.0000000000E+00,    0.0000000000E+00,    0.0000000000E+00,    1.7129659171E+02
    137400,      0.676947,CP7_after_upper_clamp,   1,    0.0000000000E+00,    1.7129659171E+02,    1.7129659171E+02,    0.0000000000E+00,    0.0000000000E+00,    0.0000000000E+00,    1.7129659171E+02
    137400,      0.676947,CP8_after_OBC,   1,    0.0000000000E+00,    1.7129659171E+02,    1.7129659171E+02,    0.0000000000E+00,    0.0000000000E+00,    0.0000000000E+00,    1.7129659171E+02
    137400,      0.676947,CP9_after_PTsource,   1,    0.0000000000E+00,    1.7129659171E+02,    1.7129659171E+02,    0.0000000000E+00,    0.0000000000E+00,    0.0000000000E+00,    1.7129659171E+02
    137400,      0.676947,CP10_after_neg_clamp,   1,    0.0000000000E+00,    1.7129659171E+02,    1.7129659171E+02,    0.0000000000E+00,    0.0000000000E+00,    0.0000000000E+00,    1.7129659171E+02
    137400,      0.676947,CP11_after_MPI,   1,    0.0000000000E+00,    1.7129659171E+02,    1.7129659171E+02,    0.0000000000E+00,    0.0000000000E+00,    0.0000000000E+00,    1.7129659171E+02
    137400,      0.676947,CP12_end,   1,    0.0000000000E+00,    1.7129659171E+02,    1.7129659171E+02,    0.0000000000E+00,    0.0000000000E+00,    0.0000000000E+00,    1.7129659171E+02
    137450,      0.676947,CP0_start,   1,    0.0000000000E+00,    1.7138533740E+02,    1.7138533740E+02,    0.0000000000E+00,    0.0000000000E+00,    0.0000000000E+00,    1.7138533740E+02
    137450,      0.676947,CP1_after_deposition,   1,    0.0000000000E+00,    1.7138533740E+02,    1.7138533740E+02,    0.0000000000E+00,    0.0000000000E+00,    0.0000000000E+00,    1.7138533740E+02
    137450,      0.676947,CP2_after_erosion,   1,    0.0000000000E+00,    1.7138533740E+02,    1.7138533740E+02,    0.0000000000E+00,    0.0000000000E+00,    0.0000000000E+00,    1.7138533740E+02
    137450,      0.676947,CP3_after_update_bottom,   1,    0.0000000000E+00,    1.7138533740E+02,    1.7138533740E+02,    0.0000000000E+00,    0.0000000000E+00,    0.0000000000E+00,    1.7138533740E+02
    137450,      0.676947,CP4_after_advection,   1,    0.0000000000E+00,    1.7138142499E+02,    1.7138142499E+02,    0.0000000000E+00,    0.0000000000E+00,    0.0000000000E+00,    1.7138142499E+02
    137450,      0.676947,CP5_after_vdif,   1,    0.0000000000E+00,    1.7138142499E+02,    1.7138142499E+02,    0.0000000000E+00,    0.0000000000E+00,    0.0000000000E+00,    1.7138142499E+02
    137450,      0.676947,CP6_after_kinetics,   1,    0.0000000000E+00,    1.7138142499E+02,    1.7138142499E+02,    0.0000000000E+00,    0.0000000000E+00,    0.0000000000E+00,    1.7138142499E+02
    137450,      0.676947,CP7_after_upper_clamp,   1,    0.0000000000E+00,    1.7138142499E+02,    1.7138142499E+02,    0.0000000000E+00,    0.0000000000E+00,    0.0000000000E+00,    1.7138142499E+02
    137450,      0.676947,CP8_after_OBC,   1,    0.0000000000E+00,    1.7138142499E+02,    1.7138142499E+02,    0.0000000000E+00,    0.0000000000E+00,    0.0000000000E+00,    1.7138142499E+02
    137450,      0.676947,CP9_after_PTsource,   1,    0.0000000000E+00,    1.7138142499E+02,    1.7138142499E+02,    0.0000000000E+00,    0.0000000000E+00,    0.0000000000E+00,    1.7138142499E+02
    137450,      0.676947,CP10_after_neg_clamp,   1,    0.0000000000E+00,    1.7138142499E+02,    1.7138142499E+02,    0.0000000000E+00,    0.0000000000E+00,    0.0000000000E+00,    1.7138142499E+02
    137450,      0.676947,CP11_after_MPI,   1,    0.0000000000E+00,    1.7138142499E+02,    1.7138142499E+02,    0.0000000000E+00,    0.0000000000E+00,    0.0000000000E+00,    1.7138142499E+02
    137450,      0.676947,CP12_end,   1,    0.0000000000E+00,    1.7138142499E+02,    1.7138142499E+02,    0.0000000000E+00,    0.0000000000E+00,    0.0000000000E+00,    1.7138142499E+02
    137500,      0.676947,CP0_start,   1,    0.0000000000E+00,    1.7146971242E+02,    1.7146971242E+02,    0.0000000000E+00,    0.0000000000E+00,    0.0000000000E+00,    1.7146971242E+02
    137500,      0.676947,CP1_after_deposition,   1,    0.0000000000E+00,    1.7146971242E+02,    1.7146971242E+02,    0.0000000000E+00,    0.0000000000E+00,    0.0000000000E+00,    1.7146971242E+02
    137500,      0.676947,CP2_after_erosion,   1,    0.0000000000E+00,    1.7146971242E+02,    1.7146971242E+02,    0.0000000000E+00,    0.0000000000E+00,    0.0000000000E+00,    1.7146971242E+02
    137500,      0.676947,CP3_after_update_bottom,   1,    0.0000000000E+00,    1.7146971242E+02,    1.7146971242E+02,    0.0000000000E+00,    0.0000000000E+00,    0.0000000000E+00,    1.7146971242E+02
    137500,      0.676947,CP4_after_advection,   1,    0.0000000000E+00,    1.7146589632E+02,    1.7146589632E+02,    0.0000000000E+00,    0.0000000000E+00,    0.0000000000E+00,    1.7146589632E+02
    137500,      0.676947,CP5_after_vdif,   1,    0.0000000000E+00,    1.7146589632E+02,    1.7146589632E+02,    0.0000000000E+00,    0.0000000000E+00,    0.0000000000E+00,    1.7146589632E+02
    137500,      0.676947,CP6_after_kinetics,   1,    0.0000000000E+00,    1.7146589632E+02,    1.7146589632E+02,    0.0000000000E+00,    0.0000000000E+00,    0.0000000000E+00,    1.7146589632E+02
    137500,      0.676947,CP7_after_upper_clamp,   1,    0.0000000000E+00,    1.7146589632E+02,    1.7146589632E+02,    0.0000000000E+00,    0.0000000000E+00,    0.0000000000E+00,    1.7146589632E+02
    137500,      0.676947,CP8_after_OBC,   1,    0.0000000000E+00,    1.7146589632E+02,    1.7146589632E+02,    0.0000000000E+00,    0.0000000000E+00,    0.0000000000E+00,    1.7146589632E+02
    137500,      0.676947,CP9_after_PTsource,   1,    0.0000000000E+00,    1.7146589632E+02,    1.7146589632E+02,    0.0000000000E+00,    0.0000000000E+00,    0.0000000000E+00,    1.7146589632E+02
    137500,      0.676947,CP10_after_neg_clamp,   1,    0.0000000000E+00,    1.7146589632E+02,    1.7146589632E+02,    0.0000000000E+00,    0.0000000000E+00,    0.0000000000E+00,    1.7146589632E+02
    137500,      0.676947,CP11_after_MPI,   1,    0.0000000000E+00,    1.7146589632E+02,    1.7146589632E+02,    0.0000000000E+00,    0.0000000000E+00,    0.0000000000E+00,    1.7146589632E+02
    137500,      0.676947,CP12_end,   1,    0.0000000000E+00,    1.7146589632E+02,    1.7146589632E+02,    0.0000000000E+00,    0.0000000000E+00,    0.0000000000E+00,    1.7146589632E+02
    137550,      0.676947,CP0_start,   1,    0.0000000000E+00,    1.7155379769E+02,    1.7155379769E+02,    0.0000000000E+00,    0.0000000000E+00,    0.0000000000E+00,    1.7155379769E+02
    137550,      0.676947,CP1_after_deposition,   1,    0.0000000000E+00,    1.7155379769E+02,    1.7155379769E+02,    0.0000000000E+00,    0.0000000000E+00,    0.0000000000E+00,    1.7155379769E+02
    137550,      0.676947,CP2_after_erosion,   1,    0.0000000000E+00,    1.7155379769E+02,    1.7155379769E+02,    0.0000000000E+00,    0.0000000000E+00,    0.0000000000E+00,    1.7155379769E+02
    137550,      0.676947,CP3_after_update_bottom,   1,    0.0000000000E+00,    1.7155379769E+02,    1.7155379769E+02,    0.0000000000E+00,    0.0000000000E+00,    0.0000000000E+00,    1.7155379769E+02
    137550,      0.676947,CP4_after_advection,   1,    0.0000000000E+00,    1.7155007650E+02,    1.7155007650E+02,    0.0000000000E+00,    0.0000000000E+00,    0.0000000000E+00,    1.7155007650E+02
    137550,      0.676947,CP5_after_vdif,   1,    0.0000000000E+00,    1.7155007650E+02,    1.7155007650E+02,    0.0000000000E+00,    0.0000000000E+00,    0.0000000000E+00,    1.7155007650E+02
    137550,      0.676947,CP6_after_kinetics,   1,    0.0000000000E+00,    1.7155007650E+02,    1.7155007650E+02,    0.0000000000E+00,    0.0000000000E+00,    0.0000000000E+00,    1.7155007650E+02
    137550,      0.676947,CP7_after_upper_clamp,   1,    0.0000000000E+00,    1.7155007650E+02,    1.7155007650E+02,    0.0000000000E+00,    0.0000000000E+00,    0.0000000000E+00,    1.7155007650E+02
    137550,      0.676947,CP8_after_OBC,   1,    0.0000000000E+00,    1.7155007650E+02,    1.7155007650E+02,    0.0000000000E+00,    0.0000000000E+00,    0.0000000000E+00,    1.7155007650E+02
    137550,      0.676947,CP9_after_PTsource,   1,    0.0000000000E+00,    1.7155007650E+02,    1.7155007650E+02,    0.0000000000E+00,    0.0000000000E+00,    0.0000000000E+00,    1.7155007650E+02
    137550,      0.676947,CP10_after_neg_clamp,   1,    0.0000000000E+00,    1.7155007650E+02,    1.7155007650E+02,    0.0000000000E+00,    0.0000000000E+00,    0.0000000000E+00,    1.7155007650E+02
    137550,      0.676947,CP11_after_MPI,   1,    0.0000000000E+00,    1.7155007650E+02,    1.7155007650E+02,    0.0000000000E+00,    0.0000000000E+00,    0.0000000000E+00,    1.7155007650E+02
    137550,      0.676947,CP12_end,   1,    0.0000000000E+00,    1.7155007650E+02,    1.7155007650E+02,    0.0000000000E+00,    0.0000000000E+00,    0.0000000000E+00,    1.7155007650E+02
    137600,      0.676947,CP0_start,   1,    0.0000000000E+00,    1.7163770367E+02,    1.7163770367E+02,    0.0000000000E+00,    0.0000000000E+00,    0.0000000000E+00,    1.7163770367E+02
    137600,      0.676947,CP1_after_deposition,   1,    0.0000000000E+00,    1.7163770367E+02,    1.7163770367E+02,    0.0000000000E+00,    0.0000000000E+00,    0.0000000000E+00,    1.7163770367E+02
    137600,      0.676947,CP2_after_erosion,   1,    0.0000000000E+00,    1.7163770367E+02,    1.7163770367E+02,    0.0000000000E+00,    0.0000000000E+00,    0.0000000000E+00,    1.7163770367E+02
    137600,      0.676947,CP3_after_update_bottom,   1,    0.0000000000E+00,    1.7163770367E+02,    1.7163770367E+02,    0.0000000000E+00,    0.0000000000E+00,    0.0000000000E+00,    1.7163770367E+02
    137600,      0.676947,CP4_after_advection,   1,    0.0000000000E+00,    1.7163407397E+02,    1.7163407397E+02,    0.0000000000E+00,    0.0000000000E+00,    0.0000000000E+00,    1.7163407397E+02
    137600,      0.676947,CP5_after_vdif,   1,    0.0000000000E+00,    1.7163407397E+02,    1.7163407397E+02,    0.0000000000E+00,    0.0000000000E+00,    0.0000000000E+00,    1.7163407397E+02
    137600,      0.676947,CP6_after_kinetics,   1,    0.0000000000E+00,    1.7163407397E+02,    1.7163407397E+02,    0.0000000000E+00,    0.0000000000E+00,    0.0000000000E+00,    1.7163407397E+02
    137600,      0.676947,CP7_after_upper_clamp,   1,    0.0000000000E+00,    1.7163407397E+02,    1.7163407397E+02,    0.0000000000E+00,    0.0000000000E+00,    0.0000000000E+00,    1.7163407397E+02
    137600,      0.676947,CP8_after_OBC,   1,    0.0000000000E+00,    1.7163407397E+02,    1.7163407397E+02,    0.0000000000E+00,    0.0000000000E+00,    0.0000000000E+00,    1.7163407397E+02
    137600,      0.676947,CP9_after_PTsource,   1,    0.0000000000E+00,    1.7163407397E+02,    1.7163407397E+02,    0.0000000000E+00,    0.0000000000E+00,    0.0000000000E+00,    1.7163407397E+02
    137600,      0.676947,CP10_after_neg_clamp,   1,    0.0000000000E+00,    1.7163407397E+02,    1.7163407397E+02,    0.0000000000E+00,    0.0000000000E+00,    0.0000000000E+00,    1.7163407397E+02
    137600,      0.676947,CP11_after_MPI,   1,    0.0000000000E+00,    1.7163407397E+02,    1.7163407397E+02,    0.0000000000E+00,    0.0000000000E+00,    0.0000000000E+00,    1.7163407397E+02
    137600,      0.676947,CP12_end,   1,    0.0000000000E+00,    1.7163407397E+02,    1.7163407397E+02,    0.0000000000E+00,    0.0000000000E+00,    0.0000000000E+00,    1.7163407397E+02
    137650,      0.676947,CP0_start,   1,    0.0000000000E+00,    1.7172158987E+02,    1.7172158987E+02,    0.0000000000E+00,    0.0000000000E+00,    0.0000000000E+00,    1.7172158987E+02
    137650,      0.676947,CP1_after_deposition,   1,    0.0000000000E+00,    1.7172158987E+02,    1.7172158987E+02,    0.0000000000E+00,    0.0000000000E+00,    0.0000000000E+00,    1.7172158987E+02
    137650,      0.676947,CP2_after_erosion,   1,    0.0000000000E+00,    1.7172158987E+02,    1.7172158987E+02,    0.0000000000E+00,    0.0000000000E+00,    0.0000000000E+00,    1.7172158987E+02
    137650,      0.676947,CP3_after_update_bottom,   1,    0.0000000000E+00,    1.7172158987E+02,    1.7172158987E+02,    0.0000000000E+00,    0.0000000000E+00,    0.0000000000E+00,    1.7172158987E+02
    137650,      0.676947,CP4_after_advection,   1,    0.0000000000E+00,    1.7171805424E+02,    1.7171805424E+02,    0.0000000000E+00,    0.0000000000E+00,    0.0000000000E+00,    1.7171805424E+02
    137650,      0.676947,CP5_after_vdif,   1,    0.0000000000E+00,    1.7171805424E+02,    1.7171805424E+02,    0.0000000000E+00,    0.0000000000E+00,    0.0000000000E+00,    1.7171805424E+02
    137650,      0.676947,CP6_after_kinetics,   1,    0.0000000000E+00,    1.7171805424E+02,    1.7171805424E+02,    0.0000000000E+00,    0.0000000000E+00,    0.0000000000E+00,    1.7171805424E+02
    137650,      0.676947,CP7_after_upper_clamp,   1,    0.0000000000E+00,    1.7171805424E+02,    1.7171805424E+02,    0.0000000000E+00,    0.0000000000E+00,    0.0000000000E+00,    1.7171805424E+02
    137650,      0.676947,CP8_after_OBC,   1,    0.0000000000E+00,    1.7171805424E+02,    1.7171805424E+02,    0.0000000000E+00,    0.0000000000E+00,    0.0000000000E+00,    1.7171805424E+02
    137650,      0.676947,CP9_after_PTsource,   1,    0.0000000000E+00,    1.7171805424E+02,    1.7171805424E+02,    0.0000000000E+00,    0.0000000000E+00,    0.0000000000E+00,    1.7171805424E+02
    137650,      0.676947,CP10_after_neg_clamp,   1,    0.0000000000E+00,    1.7171805424E+02,    1.7171805424E+02,    0.0000000000E+00,    0.0000000000E+00,    0.0000000000E+00,    1.7171805424E+02
    137650,      0.676947,CP11_after_MPI,   1,    0.0000000000E+00,    1.7171805424E+02,    1.7171805424E+02,    0.0000000000E+00,    0.0000000000E+00,    0.0000000000E+00,    1.7171805424E+02
    137650,      0.676947,CP12_end,   1,    0.0000000000E+00,    1.7171805424E+02,    1.7171805424E+02,    0.0000000000E+00,    0.0000000000E+00,    0.0000000000E+00,    1.7171805424E+02
    137700,      0.676947,CP0_start,   1,    0.0000000000E+00,    1.7180565807E+02,    1.7180565807E+02,    0.0000000000E+00,    0.0000000000E+00,    0.0000000000E+00,    1.7180565807E+02
    137700,      0.676947,CP1_after_deposition,   1,    0.0000000000E+00,    1.7180565807E+02,    1.7180565807E+02,    0.0000000000E+00,    0.0000000000E+00,    0.0000000000E+00,    1.7180565807E+02
    137700,      0.676947,CP2_after_erosion,   1,    0.0000000000E+00,    1.7180565807E+02,    1.7180565807E+02,    0.0000000000E+00,    0.0000000000E+00,    0.0000000000E+00,    1.7180565807E+02
    137700,      0.676947,CP3_after_update_bottom,   1,    0.0000000000E+00,    1.7180565807E+02,    1.7180565807E+02,    0.0000000000E+00,    0.0000000000E+00,    0.0000000000E+00,    1.7180565807E+02
    137700,      0.676947,CP4_after_advection,   1,    0.0000000000E+00,    1.7180221656E+02,    1.7180221656E+02,    0.0000000000E+00,    0.0000000000E+00,    0.0000000000E+00,    1.7180221656E+02
    137700,      0.676947,CP5_after_vdif,   1,    0.0000000000E+00,    1.7180221656E+02,    1.7180221656E+02,    0.0000000000E+00,    0.0000000000E+00,    0.0000000000E+00,    1.7180221656E+02
    137700,      0.676947,CP6_after_kinetics,   1,    0.0000000000E+00,    1.7180221656E+02,    1.7180221656E+02,    0.0000000000E+00,    0.0000000000E+00,    0.0000000000E+00,    1.7180221656E+02
    137700,      0.676947,CP7_after_upper_clamp,   1,    0.0000000000E+00,    1.7180221656E+02,    1.7180221656E+02,    0.0000000000E+00,    0.0000000000E+00,    0.0000000000E+00,    1.7180221656E+02
    137700,      0.676947,CP8_after_OBC,   1,    0.0000000000E+00,    1.7180221656E+02,    1.7180221656E+02,    0.0000000000E+00,    0.0000000000E+00,    0.0000000000E+00,    1.7180221656E+02
    137700,      0.676947,CP9_after_PTsource,   1,    0.0000000000E+00,    1.7180221656E+02,    1.7180221656E+02,    0.0000000000E+00,    0.0000000000E+00,    0.0000000000E+00,    1.7180221656E+02
    137700,      0.676947,CP10_after_neg_clamp,   1,    0.0000000000E+00,    1.7180221656E+02,    1.7180221656E+02,    0.0000000000E+00,    0.0000000000E+00,    0.0000000000E+00,    1.7180221656E+02
    137700,      0.676947,CP11_after_MPI,   1,    0.0000000000E+00,    1.7180221656E+02,    1.7180221656E+02,    0.0000000000E+00,    0.0000000000E+00,    0.0000000000E+00,    1.7180221656E+02
    137700,      0.676947,CP12_end,   1,    0.0000000000E+00,    1.7180221656E+02,    1.7180221656E+02,    0.0000000000E+00,    0.0000000000E+00,    0.0000000000E+00,    1.7180221656E+02
    137750,      0.676947,CP0_start,   1,    0.0000000000E+00,    1.7189013117E+02,    1.7189013117E+02,    0.0000000000E+00,    0.0000000000E+00,    0.0000000000E+00,    1.7189013117E+02
    137750,      0.676947,CP1_after_deposition,   1,    0.0000000000E+00,    1.7189013117E+02,    1.7189013117E+02,    0.0000000000E+00,    0.0000000000E+00,    0.0000000000E+00,    1.7189013117E+02
    137750,      0.676947,CP2_after_erosion,   1,    0.0000000000E+00,    1.7189013117E+02,    1.7189013117E+02,    0.0000000000E+00,    0.0000000000E+00,    0.0000000000E+00,    1.7189013117E+02
    137750,      0.676947,CP3_after_update_bottom,   1,    0.0000000000E+00,    1.7189013117E+02,    1.7189013117E+02,    0.0000000000E+00,    0.0000000000E+00,    0.0000000000E+00,    1.7189013117E+02
    137750,      0.676947,CP4_after_advection,   1,    0.0000000000E+00,    1.7188678450E+02,    1.7188678450E+02,    0.0000000000E+00,    0.0000000000E+00,    0.0000000000E+00,    1.7188678450E+02
    137750,      0.676947,CP5_after_vdif,   1,    0.0000000000E+00,    1.7188678450E+02,    1.7188678450E+02,    0.0000000000E+00,    0.0000000000E+00,    0.0000000000E+00,    1.7188678450E+02
    137750,      0.676947,CP6_after_kinetics,   1,    0.0000000000E+00,    1.7188678450E+02,    1.7188678450E+02,    0.0000000000E+00,    0.0000000000E+00,    0.0000000000E+00,    1.7188678450E+02
    137750,      0.676947,CP7_after_upper_clamp,   1,    0.0000000000E+00,    1.7188678450E+02,    1.7188678450E+02,    0.0000000000E+00,    0.0000000000E+00,    0.0000000000E+00,    1.7188678450E+02
    137750,      0.676947,CP8_after_OBC,   1,    0.0000000000E+00,    1.7188678450E+02,    1.7188678450E+02,    0.0000000000E+00,    0.0000000000E+00,    0.0000000000E+00,    1.7188678450E+02
    137750,      0.676947,CP9_after_PTsource,   1,    0.0000000000E+00,    1.7188678450E+02,    1.7188678450E+02,    0.0000000000E+00,    0.0000000000E+00,    0.0000000000E+00,    1.7188678450E+02
    137750,      0.676947,CP10_after_neg_clamp,   1,    0.0000000000E+00,    1.7188678450E+02,    1.7188678450E+02,    0.0000000000E+00,    0.0000000000E+00,    0.0000000000E+00,    1.7188678450E+02
    137750,      0.676947,CP11_after_MPI,   1,    0.0000000000E+00,    1.7188678450E+02,    1.7188678450E+02,    0.0000000000E+00,    0.0000000000E+00,    0.0000000000E+00,    1.7188678450E+02
    137750,      0.676947,CP12_end,   1,    0.0000000000E+00,    1.7188678450E+02,    1.7188678450E+02,    0.0000000000E+00,    0.0000000000E+00,    0.0000000000E+00,    1.7188678450E+02
    137800,      0.676947,CP0_start,   1,    0.0000000000E+00,    1.7197490250E+02,    1.7197490250E+02,    0.0000000000E+00,    0.0000000000E+00,    0.0000000000E+00,    1.7197490250E+02
    137800,      0.676947,CP1_after_deposition,   1,    0.0000000000E+00,    1.7197490250E+02,    1.7197490250E+02,    0.0000000000E+00,    0.0000000000E+00,    0.0000000000E+00,    1.7197490250E+02
    137800,      0.676947,CP2_after_erosion,   1,    0.0000000000E+00,    1.7197490250E+02,    1.7197490250E+02,    0.0000000000E+00,    0.0000000000E+00,    0.0000000000E+00,    1.7197490250E+02
    137800,      0.676947,CP3_after_update_bottom,   1,    0.0000000000E+00,    1.7197490250E+02,    1.7197490250E+02,    0.0000000000E+00,    0.0000000000E+00,    0.0000000000E+00,    1.7197490250E+02
    137800,      0.676947,CP4_after_advection,   1,    0.0000000000E+00,    1.7197164559E+02,    1.7197164559E+02,    0.0000000000E+00,    0.0000000000E+00,    0.0000000000E+00,    1.7197164559E+02
    137800,      0.676947,CP5_after_vdif,   1,    0.0000000000E+00,    1.7197164559E+02,    1.7197164559E+02,    0.0000000000E+00,    0.0000000000E+00,    0.0000000000E+00,    1.7197164559E+02
    137800,      0.676947,CP6_after_kinetics,   1,    0.0000000000E+00,    1.7197164559E+02,    1.7197164559E+02,    0.0000000000E+00,    0.0000000000E+00,    0.0000000000E+00,    1.7197164559E+02
    137800,      0.676947,CP7_after_upper_clamp,   1,    0.0000000000E+00,    1.7197164559E+02,    1.7197164559E+02,    0.0000000000E+00,    0.0000000000E+00,    0.0000000000E+00,    1.7197164559E+02
    137800,      0.676947,CP8_after_OBC,   1,    0.0000000000E+00,    1.7197164559E+02,    1.7197164559E+02,    0.0000000000E+00,    0.0000000000E+00,    0.0000000000E+00,    1.7197164559E+02
    137800,      0.676947,CP9_after_PTsource,   1,    0.0000000000E+00,    1.7197164559E+02,    1.7197164559E+02,    0.0000000000E+00,    0.0000000000E+00,    0.0000000000E+00,    1.7197164559E+02
    137800,      0.676947,CP10_after_neg_clamp,   1,    0.0000000000E+00,    1.7197164559E+02,    1.7197164559E+02,    0.0000000000E+00,    0.0000000000E+00,    0.0000000000E+00,    1.7197164559E+02
    137800,      0.676947,CP11_after_MPI,   1,    0.0000000000E+00,    1.7197164559E+02,    1.7197164559E+02,    0.0000000000E+00,    0.0000000000E+00,    0.0000000000E+00,    1.7197164559E+02
    137800,      0.676947,CP12_end,   1,    0.0000000000E+00,    1.7197164559E+02,    1.7197164559E+02,    0.0000000000E+00,    0.0000000000E+00,    0.0000000000E+00,    1.7197164559E+02
    137850,      0.676947,CP0_start,   1,    0.0000000000E+00,    1.7206002623E+02,    1.7206002623E+02,    0.0000000000E+00,    0.0000000000E+00,    0.0000000000E+00,    1.7206002623E+02
    137850,      0.676947,CP1_after_deposition,   1,    0.0000000000E+00,    1.7206002623E+02,    1.7206002623E+02,    0.0000000000E+00,    0.0000000000E+00,    0.0000000000E+00,    1.7206002623E+02
    137850,      0.676947,CP2_after_erosion,   1,    0.0000000000E+00,    1.7206002623E+02,    1.7206002623E+02,    0.0000000000E+00,    0.0000000000E+00,    0.0000000000E+00,    1.7206002623E+02
    137850,      0.676947,CP3_after_update_bottom,   1,    0.0000000000E+00,    1.7206002623E+02,    1.7206002623E+02,    0.0000000000E+00,    0.0000000000E+00,    0.0000000000E+00,    1.7206002623E+02
    137850,      0.676947,CP4_after_advection,   1,    0.0000000000E+00,    1.7205685983E+02,    1.7205685983E+02,    0.0000000000E+00,    0.0000000000E+00,    0.0000000000E+00,    1.7205685983E+02
    137850,      0.676947,CP5_after_vdif,   1,    0.0000000000E+00,    1.7205685983E+02,    1.7205685983E+02,    0.0000000000E+00,    0.0000000000E+00,    0.0000000000E+00,    1.7205685983E+02
    137850,      0.676947,CP6_after_kinetics,   1,    0.0000000000E+00,    1.7205685983E+02,    1.7205685983E+02,    0.0000000000E+00,    0.0000000000E+00,    0.0000000000E+00,    1.7205685983E+02
    137850,      0.676947,CP7_after_upper_clamp,   1,    0.0000000000E+00,    1.7205685983E+02,    1.7205685983E+02,    0.0000000000E+00,    0.0000000000E+00,    0.0000000000E+00,    1.7205685983E+02
    137850,      0.676947,CP8_after_OBC,   1,    0.0000000000E+00,    1.7205685983E+02,    1.7205685983E+02,    0.0000000000E+00,    0.0000000000E+00,    0.0000000000E+00,    1.7205685983E+02
    137850,      0.676947,CP9_after_PTsource,   1,    0.0000000000E+00,    1.7205685983E+02,    1.7205685983E+02,    0.0000000000E+00,    0.0000000000E+00,    0.0000000000E+00,    1.7205685983E+02
    137850,      0.676947,CP10_after_neg_clamp,   1,    0.0000000000E+00,    1.7205685983E+02,    1.7205685983E+02,    0.0000000000E+00,    0.0000000000E+00,    0.0000000000E+00,    1.7205685983E+02
    137850,      0.676947,CP11_after_MPI,   1,    0.0000000000E+00,    1.7205685983E+02,    1.7205685983E+02,    0.0000000000E+00,    0.0000000000E+00,    0.0000000000E+00,    1.7205685983E+02
    137850,      0.676947,CP12_end,   1,    0.0000000000E+00,    1.7205685983E+02,    1.7205685983E+02,    0.0000000000E+00,    0.0000000000E+00,    0.0000000000E+00,    1.7205685983E+02
    137900,      0.676947,CP0_start,   1,    0.0000000000E+00,    1.7214542756E+02,    1.7214542756E+02,    0.0000000000E+00,    0.0000000000E+00,    0.0000000000E+00,    1.7214542756E+02
    137900,      0.676947,CP1_after_deposition,   1,    0.0000000000E+00,    1.7214542756E+02,    1.7214542756E+02,    0.0000000000E+00,    0.0000000000E+00,    0.0000000000E+00,    1.7214542756E+02
    137900,      0.676947,CP2_after_erosion,   1,    0.0000000000E+00,    1.7214542756E+02,    1.7214542756E+02,    0.0000000000E+00,    0.0000000000E+00,    0.0000000000E+00,    1.7214542756E+02
    137900,      0.676947,CP3_after_update_bottom,   1,    0.0000000000E+00,    1.7214542756E+02,    1.7214542756E+02,    0.0000000000E+00,    0.0000000000E+00,    0.0000000000E+00,    1.7214542756E+02
    137900,      0.676947,CP4_after_advection,   1,    0.0000000000E+00,    1.7214235034E+02,    1.7214235034E+02,    0.0000000000E+00,    0.0000000000E+00,    0.0000000000E+00,    1.7214235034E+02
    137900,      0.676947,CP5_after_vdif,   1,    0.0000000000E+00,    1.7214235034E+02,    1.7214235034E+02,    0.0000000000E+00,    0.0000000000E+00,    0.0000000000E+00,    1.7214235034E+02
    137900,      0.676947,CP6_after_kinetics,   1,    0.0000000000E+00,    1.7214235034E+02,    1.7214235034E+02,    0.0000000000E+00,    0.0000000000E+00,    0.0000000000E+00,    1.7214235034E+02
    137900,      0.676947,CP7_after_upper_clamp,   1,    0.0000000000E+00,    1.7214235034E+02,    1.7214235034E+02,    0.0000000000E+00,    0.0000000000E+00,    0.0000000000E+00,    1.7214235034E+02
    137900,      0.676947,CP8_after_OBC,   1,    0.0000000000E+00,    1.7214235034E+02,    1.7214235034E+02,    0.0000000000E+00,    0.0000000000E+00,    0.0000000000E+00,    1.7214235034E+02
    137900,      0.676947,CP9_after_PTsource,   1,    0.0000000000E+00,    1.7214235034E+02,    1.7214235034E+02,    0.0000000000E+00,    0.0000000000E+00,    0.0000000000E+00,    1.7214235034E+02
    137900,      0.676947,CP10_after_neg_clamp,   1,    0.0000000000E+00,    1.7214235034E+02,    1.7214235034E+02,    0.0000000000E+00,    0.0000000000E+00,    0.0000000000E+00,    1.7214235034E+02
    137900,      0.676947,CP11_after_MPI,   1,    0.0000000000E+00,    1.7214235034E+02,    1.7214235034E+02,    0.0000000000E+00,    0.0000000000E+00,    0.0000000000E+00,    1.7214235034E+02
    137900,      0.676947,CP12_end,   1,    0.0000000000E+00,    1.7214235034E+02,    1.7214235034E+02,    0.0000000000E+00,    0.0000000000E+00,    0.0000000000E+00,    1.7214235034E+02
    137950,      0.676947,CP0_start,   1,    0.0000000000E+00,    1.7223111267E+02,    1.7223111267E+02,    0.0000000000E+00,    0.0000000000E+00,    0.0000000000E+00,    1.7223111267E+02
    137950,      0.676947,CP1_after_deposition,   1,    0.0000000000E+00,    1.7223111267E+02,    1.7223111267E+02,    0.0000000000E+00,    0.0000000000E+00,    0.0000000000E+00,    1.7223111267E+02
    137950,      0.676947,CP2_after_erosion,   1,    0.0000000000E+00,    1.7223111267E+02,    1.7223111267E+02,    0.0000000000E+00,    0.0000000000E+00,    0.0000000000E+00,    1.7223111267E+02
    137950,      0.676947,CP3_after_update_bottom,   1,    0.0000000000E+00,    1.7223111267E+02,    1.7223111267E+02,    0.0000000000E+00,    0.0000000000E+00,    0.0000000000E+00,    1.7223111267E+02
    137950,      0.676947,CP4_after_advection,   1,    0.0000000000E+00,    1.7222812190E+02,    1.7222812190E+02,    0.0000000000E+00,    0.0000000000E+00,    0.0000000000E+00,    1.7222812190E+02
    137950,      0.676947,CP5_after_vdif,   1,    0.0000000000E+00,    1.7222812190E+02,    1.7222812190E+02,    0.0000000000E+00,    0.0000000000E+00,    0.0000000000E+00,    1.7222812190E+02
    137950,      0.676947,CP6_after_kinetics,   1,    0.0000000000E+00,    1.7222812190E+02,    1.7222812190E+02,    0.0000000000E+00,    0.0000000000E+00,    0.0000000000E+00,    1.7222812190E+02
    137950,      0.676947,CP7_after_upper_clamp,   1,    0.0000000000E+00,    1.7222812190E+02,    1.7222812190E+02,    0.0000000000E+00,    0.0000000000E+00,    0.0000000000E+00,    1.7222812190E+02
    137950,      0.676947,CP8_after_OBC,   1,    0.0000000000E+00,    1.7222812190E+02,    1.7222812190E+02,    0.0000000000E+00,    0.0000000000E+00,    0.0000000000E+00,    1.7222812190E+02
    137950,      0.676947,CP9_after_PTsource,   1,    0.0000000000E+00,    1.7222812190E+02,    1.7222812190E+02,    0.0000000000E+00,    0.0000000000E+00,    0.0000000000E+00,    1.7222812190E+02
    137950,      0.676947,CP10_after_neg_clamp,   1,    0.0000000000E+00,    1.7222812190E+02,    1.7222812190E+02,    0.0000000000E+00,    0.0000000000E+00,    0.0000000000E+00,    1.7222812190E+02
    137950,      0.676947,CP11_after_MPI,   1,    0.0000000000E+00,    1.7222812190E+02,    1.7222812190E+02,    0.0000000000E+00,    0.0000000000E+00,    0.0000000000E+00,    1.7222812190E+02
    137950,      0.676947,CP12_end,   1,    0.0000000000E+00,    1.7222812190E+02,    1.7222812190E+02,    0.0000000000E+00,    0.0000000000E+00,    0.0000000000E+00,    1.7222812190E+02
    138000,      0.676947,CP0_start,   1,    0.0000000000E+00,    1.7231707700E+02,    1.7231707700E+02,    0.0000000000E+00,    0.0000000000E+00,    0.0000000000E+00,    1.7231707700E+02
    138000,      0.676947,CP1_after_deposition,   1,    0.0000000000E+00,    1.7231707700E+02,    1.7231707700E+02,    0.0000000000E+00,    0.0000000000E+00,    0.0000000000E+00,    1.7231707700E+02
    138000,      0.676947,CP2_after_erosion,   1,    0.0000000000E+00,    1.7231707700E+02,    1.7231707700E+02,    0.0000000000E+00,    0.0000000000E+00,    0.0000000000E+00,    1.7231707700E+02
    138000,      0.676947,CP3_after_update_bottom,   1,    0.0000000000E+00,    1.7231707700E+02,    1.7231707700E+02,    0.0000000000E+00,    0.0000000000E+00,    0.0000000000E+00,    1.7231707700E+02
    138000,      0.676947,CP4_after_advection,   1,    0.0000000000E+00,    1.7231417248E+02,    1.7231417248E+02,    0.0000000000E+00,    0.0000000000E+00,    0.0000000000E+00,    1.7231417248E+02
    138000,      0.676947,CP5_after_vdif,   1,    0.0000000000E+00,    1.7231417248E+02,    1.7231417248E+02,    0.0000000000E+00,    0.0000000000E+00,    0.0000000000E+00,    1.7231417248E+02
    138000,      0.676947,CP6_after_kinetics,   1,    0.0000000000E+00,    1.7231417248E+02,    1.7231417248E+02,    0.0000000000E+00,    0.0000000000E+00,    0.0000000000E+00,    1.7231417248E+02
    138000,      0.676947,CP7_after_upper_clamp,   1,    0.0000000000E+00,    1.7231417248E+02,    1.7231417248E+02,    0.0000000000E+00,    0.0000000000E+00,    0.0000000000E+00,    1.7231417248E+02
    138000,      0.676947,CP8_after_OBC,   1,    0.0000000000E+00,    1.7231417248E+02,    1.7231417248E+02,    0.0000000000E+00,    0.0000000000E+00,    0.0000000000E+00,    1.7231417248E+02
    138000,      0.676947,CP9_after_PTsource,   1,    0.0000000000E+00,    1.7231417248E+02,    1.7231417248E+02,    0.0000000000E+00,    0.0000000000E+00,    0.0000000000E+00,    1.7231417248E+02
    138000,      0.676947,CP10_after_neg_clamp,   1,    0.0000000000E+00,    1.7231417248E+02,    1.7231417248E+02,    0.0000000000E+00,    0.0000000000E+00,    0.0000000000E+00,    1.7231417248E+02
    138000,      0.676947,CP11_after_MPI,   1,    0.0000000000E+00,    1.7231417248E+02,    1.7231417248E+02,    0.0000000000E+00,    0.0000000000E+00,    0.0000000000E+00,    1.7231417248E+02
    138000,      0.676947,CP12_end,   1,    0.0000000000E+00,    1.7231417248E+02,    1.7231417248E+02,    0.0000000000E+00,    0.0000000000E+00,    0.0000000000E+00,    1.7231417248E+02
    138050,      0.676947,CP0_start,   1,    0.0000000000E+00,    1.7240321695E+02,    1.7240321695E+02,    0.0000000000E+00,    0.0000000000E+00,    0.0000000000E+00,    1.7240321695E+02
    138050,      0.676947,CP1_after_deposition,   1,    0.0000000000E+00,    1.7240321695E+02,    1.7240321695E+02,    0.0000000000E+00,    0.0000000000E+00,    0.0000000000E+00,    1.7240321695E+02
    138050,      0.676947,CP2_after_erosion,   1,    0.0000000000E+00,    1.7240321695E+02,    1.7240321695E+02,    0.0000000000E+00,    0.0000000000E+00,    0.0000000000E+00,    1.7240321695E+02
    138050,      0.676947,CP3_after_update_bottom,   1,    0.0000000000E+00,    1.7240321695E+02,    1.7240321695E+02,    0.0000000000E+00,    0.0000000000E+00,    0.0000000000E+00,    1.7240321695E+02
    138050,      0.676947,CP4_after_advection,   1,    0.0000000000E+00,    1.7240039471E+02,    1.7240039471E+02,    0.0000000000E+00,    0.0000000000E+00,    0.0000000000E+00,    1.7240039471E+02
    138050,      0.676947,CP5_after_vdif,   1,    0.0000000000E+00,    1.7240039471E+02,    1.7240039471E+02,    0.0000000000E+00,    0.0000000000E+00,    0.0000000000E+00,    1.7240039471E+02
    138050,      0.676947,CP6_after_kinetics,   1,    0.0000000000E+00,    1.7240039471E+02,    1.7240039471E+02,    0.0000000000E+00,    0.0000000000E+00,    0.0000000000E+00,    1.7240039471E+02
    138050,      0.676947,CP7_after_upper_clamp,   1,    0.0000000000E+00,    1.7240039471E+02,    1.7240039471E+02,    0.0000000000E+00,    0.0000000000E+00,    0.0000000000E+00,    1.7240039471E+02
    138050,      0.676947,CP8_after_OBC,   1,    0.0000000000E+00,    1.7240039471E+02,    1.7240039471E+02,    0.0000000000E+00,    0.0000000000E+00,    0.0000000000E+00,    1.7240039471E+02
    138050,      0.676947,CP9_after_PTsource,   1,    0.0000000000E+00,    1.7240039471E+02,    1.7240039471E+02,    0.0000000000E+00,    0.0000000000E+00,    0.0000000000E+00,    1.7240039471E+02
    138050,      0.676947,CP10_after_neg_clamp,   1,    0.0000000000E+00,    1.7240039471E+02,    1.7240039471E+02,    0.0000000000E+00,    0.0000000000E+00,    0.0000000000E+00,    1.7240039471E+02
    138050,      0.676947,CP11_after_MPI,   1,    0.0000000000E+00,    1.7240039471E+02,    1.7240039471E+02,    0.0000000000E+00,    0.0000000000E+00,    0.0000000000E+00,    1.7240039471E+02
    138050,      0.676947,CP12_end,   1,    0.0000000000E+00,    1.7240039471E+02,    1.7240039471E+02,    0.0000000000E+00,    0.0000000000E+00,    0.0000000000E+00,    1.7240039471E+02
    138100,      0.676947,CP0_start,   1,    0.0000000000E+00,    1.7248942791E+02,    1.7248942791E+02,    0.0000000000E+00,    0.0000000000E+00,    0.0000000000E+00,    1.7248942791E+02
    138100,      0.676947,CP1_after_deposition,   1,    0.0000000000E+00,    1.7248942791E+02,    1.7248942791E+02,    0.0000000000E+00,    0.0000000000E+00,    0.0000000000E+00,    1.7248942791E+02
    138100,      0.676947,CP2_after_erosion,   1,    0.0000000000E+00,    1.7248942791E+02,    1.7248942791E+02,    0.0000000000E+00,    0.0000000000E+00,    0.0000000000E+00,    1.7248942791E+02
    138100,      0.676947,CP3_after_update_bottom,   1,    0.0000000000E+00,    1.7248942791E+02,    1.7248942791E+02,    0.0000000000E+00,    0.0000000000E+00,    0.0000000000E+00,    1.7248942791E+02
    138100,      0.676947,CP4_after_advection,   1,    0.0000000000E+00,    1.7248668374E+02,    1.7248668374E+02,    0.0000000000E+00,    0.0000000000E+00,    0.0000000000E+00,    1.7248668374E+02
    138100,      0.676947,CP5_after_vdif,   1,    0.0000000000E+00,    1.7248668374E+02,    1.7248668374E+02,    0.0000000000E+00,    0.0000000000E+00,    0.0000000000E+00,    1.7248668374E+02
    138100,      0.676947,CP6_after_kinetics,   1,    0.0000000000E+00,    1.7248668374E+02,    1.7248668374E+02,    0.0000000000E+00,    0.0000000000E+00,    0.0000000000E+00,    1.7248668374E+02
    138100,      0.676947,CP7_after_upper_clamp,   1,    0.0000000000E+00,    1.7248668374E+02,    1.7248668374E+02,    0.0000000000E+00,    0.0000000000E+00,    0.0000000000E+00,    1.7248668374E+02
    138100,      0.676947,CP8_after_OBC,   1,    0.0000000000E+00,    1.7248668374E+02,    1.7248668374E+02,    0.0000000000E+00,    0.0000000000E+00,    0.0000000000E+00,    1.7248668374E+02
    138100,      0.676947,CP9_after_PTsource,   1,    0.0000000000E+00,    1.7248668374E+02,    1.7248668374E+02,    0.0000000000E+00,    0.0000000000E+00,    0.0000000000E+00,    1.7248668374E+02
    138100,      0.676947,CP10_after_neg_clamp,   1,    0.0000000000E+00,    1.7248668374E+02,    1.7248668374E+02,    0.0000000000E+00,    0.0000000000E+00,    0.0000000000E+00,    1.7248668374E+02
    138100,      0.676947,CP11_after_MPI,   1,    0.0000000000E+00,    1.7248668374E+02,    1.7248668374E+02,    0.0000000000E+00,    0.0000000000E+00,    0.0000000000E+00,    1.7248668374E+02
    138100,      0.676947,CP12_end,   1,    0.0000000000E+00,    1.7248668374E+02,    1.7248668374E+02,    0.0000000000E+00,    0.0000000000E+00,    0.0000000000E+00,    1.7248668374E+02
    138150,      0.676947,CP0_start,   1,    0.0000000000E+00,    1.7257573152E+02,    1.7257573152E+02,    0.0000000000E+00,    0.0000000000E+00,    0.0000000000E+00,    1.7257573152E+02
    138150,      0.676947,CP1_after_deposition,   1,    0.0000000000E+00,    1.7257573152E+02,    1.7257573152E+02,    0.0000000000E+00,    0.0000000000E+00,    0.0000000000E+00,    1.7257573152E+02
    138150,      0.676947,CP2_after_erosion,   1,    0.0000000000E+00,    1.7257573152E+02,    1.7257573152E+02,    0.0000000000E+00,    0.0000000000E+00,    0.0000000000E+00,    1.7257573152E+02
    138150,      0.676947,CP3_after_update_bottom,   1,    0.0000000000E+00,    1.7257573152E+02,    1.7257573152E+02,    0.0000000000E+00,    0.0000000000E+00,    0.0000000000E+00,    1.7257573152E+02
    138150,      0.676947,CP4_after_advection,   1,    0.0000000000E+00,    1.7257306272E+02,    1.7257306272E+02,    0.0000000000E+00,    0.0000000000E+00,    0.0000000000E+00,    1.7257306272E+02
    138150,      0.676947,CP5_after_vdif,   1,    0.0000000000E+00,    1.7257306272E+02,    1.7257306272E+02,    0.0000000000E+00,    0.0000000000E+00,    0.0000000000E+00,    1.7257306272E+02
    138150,      0.676947,CP6_after_kinetics,   1,    0.0000000000E+00,    1.7257306272E+02,    1.7257306272E+02,    0.0000000000E+00,    0.0000000000E+00,    0.0000000000E+00,    1.7257306272E+02
    138150,      0.676947,CP7_after_upper_clamp,   1,    0.0000000000E+00,    1.7257306272E+02,    1.7257306272E+02,    0.0000000000E+00,    0.0000000000E+00,    0.0000000000E+00,    1.7257306272E+02
    138150,      0.676947,CP8_after_OBC,   1,    0.0000000000E+00,    1.7257306272E+02,    1.7257306272E+02,    0.0000000000E+00,    0.0000000000E+00,    0.0000000000E+00,    1.7257306272E+02
    138150,      0.676947,CP9_after_PTsource,   1,    0.0000000000E+00,    1.7257306272E+02,    1.7257306272E+02,    0.0000000000E+00,    0.0000000000E+00,    0.0000000000E+00,    1.7257306272E+02
    138150,      0.676947,CP10_after_neg_clamp,   1,    0.0000000000E+00,    1.7257306272E+02,    1.7257306272E+02,    0.0000000000E+00,    0.0000000000E+00,    0.0000000000E+00,    1.7257306272E+02
    138150,      0.676947,CP11_after_MPI,   1,    0.0000000000E+00,    1.7257306272E+02,    1.7257306272E+02,    0.0000000000E+00,    0.0000000000E+00,    0.0000000000E+00,    1.7257306272E+02
    138150,      0.676947,CP12_end,   1,    0.0000000000E+00,    1.7257306272E+02,    1.7257306272E+02,    0.0000000000E+00,    0.0000000000E+00,    0.0000000000E+00,    1.7257306272E+02
    138200,      0.676947,CP0_start,   1,    0.0000000000E+00,    1.7266212534E+02,    1.7266212534E+02,    0.0000000000E+00,    0.0000000000E+00,    0.0000000000E+00,    1.7266212534E+02
    138200,      0.676947,CP1_after_deposition,   1,    0.0000000000E+00,    1.7266212534E+02,    1.7266212534E+02,    0.0000000000E+00,    0.0000000000E+00,    0.0000000000E+00,    1.7266212534E+02
    138200,      0.676947,CP2_after_erosion,   1,    0.0000000000E+00,    1.7266212534E+02,    1.7266212534E+02,    0.0000000000E+00,    0.0000000000E+00,    0.0000000000E+00,    1.7266212534E+02
    138200,      0.676947,CP3_after_update_bottom,   1,    0.0000000000E+00,    1.7266212534E+02,    1.7266212534E+02,    0.0000000000E+00,    0.0000000000E+00,    0.0000000000E+00,    1.7266212534E+02
    138200,      0.676947,CP4_after_advection,   1,    0.0000000000E+00,    1.7265953258E+02,    1.7265953258E+02,    0.0000000000E+00,    0.0000000000E+00,    0.0000000000E+00,    1.7265953258E+02
    138200,      0.676947,CP5_after_vdif,   1,    0.0000000000E+00,    1.7265953258E+02,    1.7265953258E+02,    0.0000000000E+00,    0.0000000000E+00,    0.0000000000E+00,    1.7265953258E+02
    138200,      0.676947,CP6_after_kinetics,   1,    0.0000000000E+00,    1.7265953258E+02,    1.7265953258E+02,    0.0000000000E+00,    0.0000000000E+00,    0.0000000000E+00,    1.7265953258E+02
    138200,      0.676947,CP7_after_upper_clamp,   1,    0.0000000000E+00,    1.7265953258E+02,    1.7265953258E+02,    0.0000000000E+00,    0.0000000000E+00,    0.0000000000E+00,    1.7265953258E+02
    138200,      0.676947,CP8_after_OBC,   1,    0.0000000000E+00,    1.7265953258E+02,    1.7265953258E+02,    0.0000000000E+00,    0.0000000000E+00,    0.0000000000E+00,    1.7265953258E+02
    138200,      0.676947,CP9_after_PTsource,   1,    0.0000000000E+00,    1.7265953258E+02,    1.7265953258E+02,    0.0000000000E+00,    0.0000000000E+00,    0.0000000000E+00,    1.7265953258E+02
    138200,      0.676947,CP10_after_neg_clamp,   1,    0.0000000000E+00,    1.7265953258E+02,    1.7265953258E+02,    0.0000000000E+00,    0.0000000000E+00,    0.0000000000E+00,    1.7265953258E+02
    138200,      0.676947,CP11_after_MPI,   1,    0.0000000000E+00,    1.7265953258E+02,    1.7265953258E+02,    0.0000000000E+00,    0.0000000000E+00,    0.0000000000E+00,    1.7265953258E+02
    138200,      0.676947,CP12_end,   1,    0.0000000000E+00,    1.7265953258E+02,    1.7265953258E+02,    0.0000000000E+00,    0.0000000000E+00,    0.0000000000E+00,    1.7265953258E+02
    138250,      0.676947,CP0_start,   1,    0.0000000000E+00,    1.7274868980E+02,    1.7274868980E+02,    0.0000000000E+00,    0.0000000000E+00,    0.0000000000E+00,    1.7274868980E+02
    138250,      0.676947,CP1_after_deposition,   1,    0.0000000000E+00,    1.7274868980E+02,    1.7274868980E+02,    0.0000000000E+00,    0.0000000000E+00,    0.0000000000E+00,    1.7274868980E+02
    138250,      0.676947,CP2_after_erosion,   1,    0.0000000000E+00,    1.7274868980E+02,    1.7274868980E+02,    0.0000000000E+00,    0.0000000000E+00,    0.0000000000E+00,    1.7274868980E+02
    138250,      0.676947,CP3_after_update_bottom,   1,    0.0000000000E+00,    1.7274868980E+02,    1.7274868980E+02,    0.0000000000E+00,    0.0000000000E+00,    0.0000000000E+00,    1.7274868980E+02
    138250,      0.676947,CP4_after_advection,   1,    0.0000000000E+00,    1.7274616904E+02,    1.7274616904E+02,    0.0000000000E+00,    0.0000000000E+00,    0.0000000000E+00,    1.7274616904E+02
    138250,      0.676947,CP5_after_vdif,   1,    0.0000000000E+00,    1.7274616904E+02,    1.7274616904E+02,    0.0000000000E+00,    0.0000000000E+00,    0.0000000000E+00,    1.7274616904E+02
    138250,      0.676947,CP6_after_kinetics,   1,    0.0000000000E+00,    1.7274616904E+02,    1.7274616904E+02,    0.0000000000E+00,    0.0000000000E+00,    0.0000000000E+00,    1.7274616904E+02
    138250,      0.676947,CP7_after_upper_clamp,   1,    0.0000000000E+00,    1.7274616904E+02,    1.7274616904E+02,    0.0000000000E+00,    0.0000000000E+00,    0.0000000000E+00,    1.7274616904E+02
    138250,      0.676947,CP8_after_OBC,   1,    0.0000000000E+00,    1.7274616904E+02,    1.7274616904E+02,    0.0000000000E+00,    0.0000000000E+00,    0.0000000000E+00,    1.7274616904E+02
    138250,      0.676947,CP9_after_PTsource,   1,    0.0000000000E+00,    1.7274616904E+02,    1.7274616904E+02,    0.0000000000E+00,    0.0000000000E+00,    0.0000000000E+00,    1.7274616904E+02
    138250,      0.676947,CP10_after_neg_clamp,   1,    0.0000000000E+00,    1.7274616904E+02,    1.7274616904E+02,    0.0000000000E+00,    0.0000000000E+00,    0.0000000000E+00,    1.7274616904E+02
    138250,      0.676947,CP11_after_MPI,   1,    0.0000000000E+00,    1.7274616904E+02,    1.7274616904E+02,    0.0000000000E+00,    0.0000000000E+00,    0.0000000000E+00,    1.7274616904E+02
    138250,      0.676947,CP12_end,   1,    0.0000000000E+00,    1.7274616904E+02,    1.7274616904E+02,    0.0000000000E+00,    0.0000000000E+00,    0.0000000000E+00,    1.7274616904E+02
    138300,      0.676947,CP0_start,   1,    0.0000000000E+00,    1.7283556171E+02,    1.7283556171E+02,    0.0000000000E+00,    0.0000000000E+00,    0.0000000000E+00,    1.7283556171E+02
    138300,      0.676947,CP1_after_deposition,   1,    0.0000000000E+00,    1.7283556171E+02,    1.7283556171E+02,    0.0000000000E+00,    0.0000000000E+00,    0.0000000000E+00,    1.7283556171E+02
    138300,      0.676947,CP2_after_erosion,   1,    0.0000000000E+00,    1.7283556171E+02,    1.7283556171E+02,    0.0000000000E+00,    0.0000000000E+00,    0.0000000000E+00,    1.7283556171E+02
    138300,      0.676947,CP3_after_update_bottom,   1,    0.0000000000E+00,    1.7283556171E+02,    1.7283556171E+02,    0.0000000000E+00,    0.0000000000E+00,    0.0000000000E+00,    1.7283556171E+02
    138300,      0.676947,CP4_after_advection,   1,    0.0000000000E+00,    1.7283311474E+02,    1.7283311474E+02,    0.0000000000E+00,    0.0000000000E+00,    0.0000000000E+00,    1.7283311474E+02
    138300,      0.676947,CP5_after_vdif,   1,    0.0000000000E+00,    1.7283311474E+02,    1.7283311474E+02,    0.0000000000E+00,    0.0000000000E+00,    0.0000000000E+00,    1.7283311474E+02
    138300,      0.676947,CP6_after_kinetics,   1,    0.0000000000E+00,    1.7283311474E+02,    1.7283311474E+02,    0.0000000000E+00,    0.0000000000E+00,    0.0000000000E+00,    1.7283311474E+02
    138300,      0.676947,CP7_after_upper_clamp,   1,    0.0000000000E+00,    1.7283311474E+02,    1.7283311474E+02,    0.0000000000E+00,    0.0000000000E+00,    0.0000000000E+00,    1.7283311474E+02
    138300,      0.676947,CP8_after_OBC,   1,    0.0000000000E+00,    1.7283311474E+02,    1.7283311474E+02,    0.0000000000E+00,    0.0000000000E+00,    0.0000000000E+00,    1.7283311474E+02
    138300,      0.676947,CP9_after_PTsource,   1,    0.0000000000E+00,    1.7283311474E+02,    1.7283311474E+02,    0.0000000000E+00,    0.0000000000E+00,    0.0000000000E+00,    1.7283311474E+02
    138300,      0.676947,CP10_after_neg_clamp,   1,    0.0000000000E+00,    1.7283311474E+02,    1.7283311474E+02,    0.0000000000E+00,    0.0000000000E+00,    0.0000000000E+00,    1.7283311474E+02
    138300,      0.676947,CP11_after_MPI,   1,    0.0000000000E+00,    1.7283311474E+02,    1.7283311474E+02,    0.0000000000E+00,    0.0000000000E+00,    0.0000000000E+00,    1.7283311474E+02
    138300,      0.676947,CP12_end,   1,    0.0000000000E+00,    1.7283311474E+02,    1.7283311474E+02,    0.0000000000E+00,    0.0000000000E+00,    0.0000000000E+00,    1.7283311474E+02
    138350,      0.676947,CP0_start,   1,    0.0000000000E+00,    1.7292284542E+02,    1.7292284542E+02,    0.0000000000E+00,    0.0000000000E+00,    0.0000000000E+00,    1.7292284542E+02
    138350,      0.676947,CP1_after_deposition,   1,    0.0000000000E+00,    1.7292284542E+02,    1.7292284542E+02,    0.0000000000E+00,    0.0000000000E+00,    0.0000000000E+00,    1.7292284542E+02
    138350,      0.676947,CP2_after_erosion,   1,    0.0000000000E+00,    1.7292284542E+02,    1.7292284542E+02,    0.0000000000E+00,    0.0000000000E+00,    0.0000000000E+00,    1.7292284542E+02
    138350,      0.676947,CP3_after_update_bottom,   1,    0.0000000000E+00,    1.7292284542E+02,    1.7292284542E+02,    0.0000000000E+00,    0.0000000000E+00,    0.0000000000E+00,    1.7292284542E+02
    138350,      0.676947,CP4_after_advection,   1,    0.0000000000E+00,    1.7292047051E+02,    1.7292047051E+02,    0.0000000000E+00,    0.0000000000E+00,    0.0000000000E+00,    1.7292047051E+02
    138350,      0.676947,CP5_after_vdif,   1,    0.0000000000E+00,    1.7292047051E+02,    1.7292047051E+02,    0.0000000000E+00,    0.0000000000E+00,    0.0000000000E+00,    1.7292047051E+02
    138350,      0.676947,CP6_after_kinetics,   1,    0.0000000000E+00,    1.7292047051E+02,    1.7292047051E+02,    0.0000000000E+00,    0.0000000000E+00,    0.0000000000E+00,    1.7292047051E+02
    138350,      0.676947,CP7_after_upper_clamp,   1,    0.0000000000E+00,    1.7292047051E+02,    1.7292047051E+02,    0.0000000000E+00,    0.0000000000E+00,    0.0000000000E+00,    1.7292047051E+02
    138350,      0.676947,CP8_after_OBC,   1,    0.0000000000E+00,    1.7292047051E+02,    1.7292047051E+02,    0.0000000000E+00,    0.0000000000E+00,    0.0000000000E+00,    1.7292047051E+02
    138350,      0.676947,CP9_after_PTsource,   1,    0.0000000000E+00,    1.7292047051E+02,    1.7292047051E+02,    0.0000000000E+00,    0.0000000000E+00,    0.0000000000E+00,    1.7292047051E+02
    138350,      0.676947,CP10_after_neg_clamp,   1,    0.0000000000E+00,    1.7292047051E+02,    1.7292047051E+02,    0.0000000000E+00,    0.0000000000E+00,    0.0000000000E+00,    1.7292047051E+02
    138350,      0.676947,CP11_after_MPI,   1,    0.0000000000E+00,    1.7292047051E+02,    1.7292047051E+02,    0.0000000000E+00,    0.0000000000E+00,    0.0000000000E+00,    1.7292047051E+02
    138350,      0.676947,CP12_end,   1,    0.0000000000E+00,    1.7292047051E+02,    1.7292047051E+02,    0.0000000000E+00,    0.0000000000E+00,    0.0000000000E+00,    1.7292047051E+02
    138400,      0.676947,CP0_start,   1,    0.0000000000E+00,    1.7301054219E+02,    1.7301054219E+02,    0.0000000000E+00,    0.0000000000E+00,    0.0000000000E+00,    1.7301054219E+02
    138400,      0.676947,CP1_after_deposition,   1,    0.0000000000E+00,    1.7301054219E+02,    1.7301054219E+02,    0.0000000000E+00,    0.0000000000E+00,    0.0000000000E+00,    1.7301054219E+02
    138400,      0.676947,CP2_after_erosion,   1,    0.0000000000E+00,    1.7301054219E+02,    1.7301054219E+02,    0.0000000000E+00,    0.0000000000E+00,    0.0000000000E+00,    1.7301054219E+02
    138400,      0.676947,CP3_after_update_bottom,   1,    0.0000000000E+00,    1.7301054219E+02,    1.7301054219E+02,    0.0000000000E+00,    0.0000000000E+00,    0.0000000000E+00,    1.7301054219E+02
    138400,      0.676947,CP4_after_advection,   1,    0.0000000000E+00,    1.7300823801E+02,    1.7300823801E+02,    0.0000000000E+00,    0.0000000000E+00,    0.0000000000E+00,    1.7300823801E+02
    138400,      0.676947,CP5_after_vdif,   1,    0.0000000000E+00,    1.7300823801E+02,    1.7300823801E+02,    0.0000000000E+00,    0.0000000000E+00,    0.0000000000E+00,    1.7300823801E+02
    138400,      0.676947,CP6_after_kinetics,   1,    0.0000000000E+00,    1.7300823801E+02,    1.7300823801E+02,    0.0000000000E+00,    0.0000000000E+00,    0.0000000000E+00,    1.7300823801E+02
    138400,      0.676947,CP7_after_upper_clamp,   1,    0.0000000000E+00,    1.7300823801E+02,    1.7300823801E+02,    0.0000000000E+00,    0.0000000000E+00,    0.0000000000E+00,    1.7300823801E+02
    138400,      0.676947,CP8_after_OBC,   1,    0.0000000000E+00,    1.7300823801E+02,    1.7300823801E+02,    0.0000000000E+00,    0.0000000000E+00,    0.0000000000E+00,    1.7300823801E+02
    138400,      0.676947,CP9_after_PTsource,   1,    0.0000000000E+00,    1.7300823801E+02,    1.7300823801E+02,    0.0000000000E+00,    0.0000000000E+00,    0.0000000000E+00,    1.7300823801E+02
    138400,      0.676947,CP10_after_neg_clamp,   1,    0.0000000000E+00,    1.7300823801E+02,    1.7300823801E+02,    0.0000000000E+00,    0.0000000000E+00,    0.0000000000E+00,    1.7300823801E+02
    138400,      0.676947,CP11_after_MPI,   1,    0.0000000000E+00,    1.7300823801E+02,    1.7300823801E+02,    0.0000000000E+00,    0.0000000000E+00,    0.0000000000E+00,    1.7300823801E+02
    138400,      0.676947,CP12_end,   1,    0.0000000000E+00,    1.7300823801E+02,    1.7300823801E+02,    0.0000000000E+00,    0.0000000000E+00,    0.0000000000E+00,    1.7300823801E+02
    138450,      0.676947,CP0_start,   1,    0.0000000000E+00,    1.7309867711E+02,    1.7309867711E+02,    0.0000000000E+00,    0.0000000000E+00,    0.0000000000E+00,    1.7309867711E+02
    138450,      0.676947,CP1_after_deposition,   1,    0.0000000000E+00,    1.7309867711E+02,    1.7309867711E+02,    0.0000000000E+00,    0.0000000000E+00,    0.0000000000E+00,    1.7309867711E+02
    138450,      0.676947,CP2_after_erosion,   1,    0.0000000000E+00,    1.7309867711E+02,    1.7309867711E+02,    0.0000000000E+00,    0.0000000000E+00,    0.0000000000E+00,    1.7309867711E+02
    138450,      0.676947,CP3_after_update_bottom,   1,    0.0000000000E+00,    1.7309867711E+02,    1.7309867711E+02,    0.0000000000E+00,    0.0000000000E+00,    0.0000000000E+00,    1.7309867711E+02
    138450,      0.676947,CP4_after_advection,   1,    0.0000000000E+00,    1.7309643937E+02,    1.7309643937E+02,    0.0000000000E+00,    0.0000000000E+00,    0.0000000000E+00,    1.7309643937E+02
    138450,      0.676947,CP5_after_vdif,   1,    0.0000000000E+00,    1.7309643937E+02,    1.7309643937E+02,    0.0000000000E+00,    0.0000000000E+00,    0.0000000000E+00,    1.7309643937E+02
    138450,      0.676947,CP6_after_kinetics,   1,    0.0000000000E+00,    1.7309643937E+02,    1.7309643937E+02,    0.0000000000E+00,    0.0000000000E+00,    0.0000000000E+00,    1.7309643937E+02
    138450,      0.676947,CP7_after_upper_clamp,   1,    0.0000000000E+00,    1.7309643937E+02,    1.7309643937E+02,    0.0000000000E+00,    0.0000000000E+00,    0.0000000000E+00,    1.7309643937E+02
    138450,      0.676947,CP8_after_OBC,   1,    0.0000000000E+00,    1.7309643937E+02,    1.7309643937E+02,    0.0000000000E+00,    0.0000000000E+00,    0.0000000000E+00,    1.7309643937E+02
    138450,      0.676947,CP9_after_PTsource,   1,    0.0000000000E+00,    1.7309643937E+02,    1.7309643937E+02,    0.0000000000E+00,    0.0000000000E+00,    0.0000000000E+00,    1.7309643937E+02
    138450,      0.676947,CP10_after_neg_clamp,   1,    0.0000000000E+00,    1.7309643937E+02,    1.7309643937E+02,    0.0000000000E+00,    0.0000000000E+00,    0.0000000000E+00,    1.7309643937E+02
    138450,      0.676947,CP11_after_MPI,   1,    0.0000000000E+00,    1.7309643937E+02,    1.7309643937E+02,    0.0000000000E+00,    0.0000000000E+00,    0.0000000000E+00,    1.7309643937E+02
    138450,      0.676947,CP12_end,   1,    0.0000000000E+00,    1.7309643937E+02,    1.7309643937E+02,    0.0000000000E+00,    0.0000000000E+00,    0.0000000000E+00,    1.7309643937E+02
    138500,      0.676947,CP0_start,   1,    0.0000000000E+00,    1.7318722302E+02,    1.7318722302E+02,    0.0000000000E+00,    0.0000000000E+00,    0.0000000000E+00,    1.7318722302E+02
    138500,      0.676947,CP1_after_deposition,   1,    0.0000000000E+00,    1.7318722302E+02,    1.7318722302E+02,    0.0000000000E+00,    0.0000000000E+00,    0.0000000000E+00,    1.7318722302E+02
    138500,      0.676947,CP2_after_erosion,   1,    0.0000000000E+00,    1.7318722302E+02,    1.7318722302E+02,    0.0000000000E+00,    0.0000000000E+00,    0.0000000000E+00,    1.7318722302E+02
    138500,      0.676947,CP3_after_update_bottom,   1,    0.0000000000E+00,    1.7318722302E+02,    1.7318722302E+02,    0.0000000000E+00,    0.0000000000E+00,    0.0000000000E+00,    1.7318722302E+02
    138500,      0.676947,CP4_after_advection,   1,    0.0000000000E+00,    1.7318504890E+02,    1.7318504890E+02,    0.0000000000E+00,    0.0000000000E+00,    0.0000000000E+00,    1.7318504890E+02
    138500,      0.676947,CP5_after_vdif,   1,    0.0000000000E+00,    1.7318504890E+02,    1.7318504890E+02,    0.0000000000E+00,    0.0000000000E+00,    0.0000000000E+00,    1.7318504890E+02
    138500,      0.676947,CP6_after_kinetics,   1,    0.0000000000E+00,    1.7318504890E+02,    1.7318504890E+02,    0.0000000000E+00,    0.0000000000E+00,    0.0000000000E+00,    1.7318504890E+02
    138500,      0.676947,CP7_after_upper_clamp,   1,    0.0000000000E+00,    1.7318504890E+02,    1.7318504890E+02,    0.0000000000E+00,    0.0000000000E+00,    0.0000000000E+00,    1.7318504890E+02
    138500,      0.676947,CP8_after_OBC,   1,    0.0000000000E+00,    1.7318504890E+02,    1.7318504890E+02,    0.0000000000E+00,    0.0000000000E+00,    0.0000000000E+00,    1.7318504890E+02
    138500,      0.676947,CP9_after_PTsource,   1,    0.0000000000E+00,    1.7318504890E+02,    1.7318504890E+02,    0.0000000000E+00,    0.0000000000E+00,    0.0000000000E+00,    1.7318504890E+02
    138500,      0.676947,CP10_after_neg_clamp,   1,    0.0000000000E+00,    1.7318504890E+02,    1.7318504890E+02,    0.0000000000E+00,    0.0000000000E+00,    0.0000000000E+00,    1.7318504890E+02
    138500,      0.676947,CP11_after_MPI,   1,    0.0000000000E+00,    1.7318504890E+02,    1.7318504890E+02,    0.0000000000E+00,    0.0000000000E+00,    0.0000000000E+00,    1.7318504890E+02
    138500,      0.676947,CP12_end,   1,    0.0000000000E+00,    1.7318504890E+02,    1.7318504890E+02,    0.0000000000E+00,    0.0000000000E+00,    0.0000000000E+00,    1.7318504890E+02
    138550,      0.676947,CP0_start,   1,    0.0000000000E+00,    1.7327611000E+02,    1.7327611000E+02,    0.0000000000E+00,    0.0000000000E+00,    0.0000000000E+00,    1.7327611000E+02
    138550,      0.676947,CP1_after_deposition,   1,    0.0000000000E+00,    1.7327611000E+02,    1.7327611000E+02,    0.0000000000E+00,    0.0000000000E+00,    0.0000000000E+00,    1.7327611000E+02
    138550,      0.676947,CP2_after_erosion,   1,    0.0000000000E+00,    1.7327611000E+02,    1.7327611000E+02,    0.0000000000E+00,    0.0000000000E+00,    0.0000000000E+00,    1.7327611000E+02
    138550,      0.676947,CP3_after_update_bottom,   1,    0.0000000000E+00,    1.7327611000E+02,    1.7327611000E+02,    0.0000000000E+00,    0.0000000000E+00,    0.0000000000E+00,    1.7327611000E+02
    138550,      0.676947,CP4_after_advection,   1,    0.0000000000E+00,    1.7327399846E+02,    1.7327399846E+02,    0.0000000000E+00,    0.0000000000E+00,    0.0000000000E+00,    1.7327399846E+02
    138550,      0.676947,CP5_after_vdif,   1,    0.0000000000E+00,    1.7327399846E+02,    1.7327399846E+02,    0.0000000000E+00,    0.0000000000E+00,    0.0000000000E+00,    1.7327399846E+02
    138550,      0.676947,CP6_after_kinetics,   1,    0.0000000000E+00,    1.7327399846E+02,    1.7327399846E+02,    0.0000000000E+00,    0.0000000000E+00,    0.0000000000E+00,    1.7327399846E+02
    138550,      0.676947,CP7_after_upper_clamp,   1,    0.0000000000E+00,    1.7327399846E+02,    1.7327399846E+02,    0.0000000000E+00,    0.0000000000E+00,    0.0000000000E+00,    1.7327399846E+02
    138550,      0.676947,CP8_after_OBC,   1,    0.0000000000E+00,    1.7327399846E+02,    1.7327399846E+02,    0.0000000000E+00,    0.0000000000E+00,    0.0000000000E+00,    1.7327399846E+02
    138550,      0.676947,CP9_after_PTsource,   1,    0.0000000000E+00,    1.7327399846E+02,    1.7327399846E+02,    0.0000000000E+00,    0.0000000000E+00,    0.0000000000E+00,    1.7327399846E+02
    138550,      0.676947,CP10_after_neg_clamp,   1,    0.0000000000E+00,    1.7327399846E+02,    1.7327399846E+02,    0.0000000000E+00,    0.0000000000E+00,    0.0000000000E+00,    1.7327399846E+02
    138550,      0.676947,CP11_after_MPI,   1,    0.0000000000E+00,    1.7327399846E+02,    1.7327399846E+02,    0.0000000000E+00,    0.0000000000E+00,    0.0000000000E+00,    1.7327399846E+02
    138550,      0.676947,CP12_end,   1,    0.0000000000E+00,    1.7327399846E+02,    1.7327399846E+02,    0.0000000000E+00,    0.0000000000E+00,    0.0000000000E+00,    1.7327399846E+02
    138600,      0.676947,CP0_start,   1,    0.0000000000E+00,    1.7336533888E+02,    1.7336533888E+02,    0.0000000000E+00,    0.0000000000E+00,    0.0000000000E+00,    1.7336533888E+02
    138600,      0.676947,CP1_after_deposition,   1,    0.0000000000E+00,    1.7336533888E+02,    1.7336533888E+02,    0.0000000000E+00,    0.0000000000E+00,    0.0000000000E+00,    1.7336533888E+02
    138600,      0.676947,CP2_after_erosion,   1,    0.0000000000E+00,    1.7336533888E+02,    1.7336533888E+02,    0.0000000000E+00,    0.0000000000E+00,    0.0000000000E+00,    1.7336533888E+02
    138600,      0.676947,CP3_after_update_bottom,   1,    0.0000000000E+00,    1.7336533888E+02,    1.7336533888E+02,    0.0000000000E+00,    0.0000000000E+00,    0.0000000000E+00,    1.7336533888E+02
    138600,      0.676947,CP4_after_advection,   1,    0.0000000000E+00,    1.7336328657E+02,    1.7336328657E+02,    0.0000000000E+00,    0.0000000000E+00,    0.0000000000E+00,    1.7336328657E+02
    138600,      0.676947,CP5_after_vdif,   1,    0.0000000000E+00,    1.7336328657E+02,    1.7336328657E+02,    0.0000000000E+00,    0.0000000000E+00,    0.0000000000E+00,    1.7336328657E+02
    138600,      0.676947,CP6_after_kinetics,   1,    0.0000000000E+00,    1.7336328657E+02,    1.7336328657E+02,    0.0000000000E+00,    0.0000000000E+00,    0.0000000000E+00,    1.7336328657E+02
    138600,      0.676947,CP7_after_upper_clamp,   1,    0.0000000000E+00,    1.7336328657E+02,    1.7336328657E+02,    0.0000000000E+00,    0.0000000000E+00,    0.0000000000E+00,    1.7336328657E+02
    138600,      0.676947,CP8_after_OBC,   1,    0.0000000000E+00,    1.7336328657E+02,    1.7336328657E+02,    0.0000000000E+00,    0.0000000000E+00,    0.0000000000E+00,    1.7336328657E+02
    138600,      0.676947,CP9_after_PTsource,   1,    0.0000000000E+00,    1.7336328657E+02,    1.7336328657E+02,    0.0000000000E+00,    0.0000000000E+00,    0.0000000000E+00,    1.7336328657E+02
    138600,      0.676947,CP10_after_neg_clamp,   1,    0.0000000000E+00,    1.7336328657E+02,    1.7336328657E+02,    0.0000000000E+00,    0.0000000000E+00,    0.0000000000E+00,    1.7336328657E+02
    138600,      0.676947,CP11_after_MPI,   1,    0.0000000000E+00,    1.7336328657E+02,    1.7336328657E+02,    0.0000000000E+00,    0.0000000000E+00,    0.0000000000E+00,    1.7336328657E+02
    138600,      0.676947,CP12_end,   1,    0.0000000000E+00,    1.7336328657E+02,    1.7336328657E+02,    0.0000000000E+00,    0.0000000000E+00,    0.0000000000E+00,    1.7336328657E+02
    138650,      0.676947,CP0_start,   1,    0.0000000000E+00,    1.7345477736E+02,    1.7345477736E+02,    0.0000000000E+00,    0.0000000000E+00,    0.0000000000E+00,    1.7345477736E+02
    138650,      0.676947,CP1_after_deposition,   1,    0.0000000000E+00,    1.7345477736E+02,    1.7345477736E+02,    0.0000000000E+00,    0.0000000000E+00,    0.0000000000E+00,    1.7345477736E+02
    138650,      0.676947,CP2_after_erosion,   1,    0.0000000000E+00,    1.7345477736E+02,    1.7345477736E+02,    0.0000000000E+00,    0.0000000000E+00,    0.0000000000E+00,    1.7345477736E+02
    138650,      0.676947,CP3_after_update_bottom,   1,    0.0000000000E+00,    1.7345477736E+02,    1.7345477736E+02,    0.0000000000E+00,    0.0000000000E+00,    0.0000000000E+00,    1.7345477736E+02
    138650,      0.676947,CP4_after_advection,   1,    0.0000000000E+00,    1.7345278524E+02,    1.7345278524E+02,    0.0000000000E+00,    0.0000000000E+00,    0.0000000000E+00,    1.7345278524E+02
    138650,      0.676947,CP5_after_vdif,   1,    0.0000000000E+00,    1.7345278524E+02,    1.7345278524E+02,    0.0000000000E+00,    0.0000000000E+00,    0.0000000000E+00,    1.7345278524E+02
    138650,      0.676947,CP6_after_kinetics,   1,    0.0000000000E+00,    1.7345278524E+02,    1.7345278524E+02,    0.0000000000E+00,    0.0000000000E+00,    0.0000000000E+00,    1.7345278524E+02
    138650,      0.676947,CP7_after_upper_clamp,   1,    0.0000000000E+00,    1.7345278524E+02,    1.7345278524E+02,    0.0000000000E+00,    0.0000000000E+00,    0.0000000000E+00,    1.7345278524E+02
    138650,      0.676947,CP8_after_OBC,   1,    0.0000000000E+00,    1.7345278524E+02,    1.7345278524E+02,    0.0000000000E+00,    0.0000000000E+00,    0.0000000000E+00,    1.7345278524E+02
    138650,      0.676947,CP9_after_PTsource,   1,    0.0000000000E+00,    1.7345278524E+02,    1.7345278524E+02,    0.0000000000E+00,    0.0000000000E+00,    0.0000000000E+00,    1.7345278524E+02
    138650,      0.676947,CP10_after_neg_clamp,   1,    0.0000000000E+00,    1.7345278524E+02,    1.7345278524E+02,    0.0000000000E+00,    0.0000000000E+00,    0.0000000000E+00,    1.7345278524E+02
    138650,      0.676947,CP11_after_MPI,   1,    0.0000000000E+00,    1.7345278524E+02,    1.7345278524E+02,    0.0000000000E+00,    0.0000000000E+00,    0.0000000000E+00,    1.7345278524E+02
    138650,      0.676947,CP12_end,   1,    0.0000000000E+00,    1.7345278524E+02,    1.7345278524E+02,    0.0000000000E+00,    0.0000000000E+00,    0.0000000000E+00,    1.7345278524E+02
    138700,      0.676947,CP0_start,   1,    0.0000000000E+00,    1.7354445909E+02,    1.7354445909E+02,    0.0000000000E+00,    0.0000000000E+00,    0.0000000000E+00,    1.7354445909E+02
    138700,      0.676947,CP1_after_deposition,   1,    0.0000000000E+00,    1.7354445909E+02,    1.7354445909E+02,    0.0000000000E+00,    0.0000000000E+00,    0.0000000000E+00,    1.7354445909E+02
    138700,      0.676947,CP2_after_erosion,   1,    0.0000000000E+00,    1.7354445909E+02,    1.7354445909E+02,    0.0000000000E+00,    0.0000000000E+00,    0.0000000000E+00,    1.7354445909E+02
    138700,      0.676947,CP3_after_update_bottom,   1,    0.0000000000E+00,    1.7354445909E+02,    1.7354445909E+02,    0.0000000000E+00,    0.0000000000E+00,    0.0000000000E+00,    1.7354445909E+02
    138700,      0.676947,CP4_after_advection,   1,    0.0000000000E+00,    1.7354252199E+02,    1.7354252199E+02,    0.0000000000E+00,    0.0000000000E+00,    0.0000000000E+00,    1.7354252199E+02
    138700,      0.676947,CP5_after_vdif,   1,    0.0000000000E+00,    1.7354252199E+02,    1.7354252199E+02,    0.0000000000E+00,    0.0000000000E+00,    0.0000000000E+00,    1.7354252199E+02
    138700,      0.676947,CP6_after_kinetics,   1,    0.0000000000E+00,    1.7354252199E+02,    1.7354252199E+02,    0.0000000000E+00,    0.0000000000E+00,    0.0000000000E+00,    1.7354252199E+02
    138700,      0.676947,CP7_after_upper_clamp,   1,    0.0000000000E+00,    1.7354252199E+02,    1.7354252199E+02,    0.0000000000E+00,    0.0000000000E+00,    0.0000000000E+00,    1.7354252199E+02
    138700,      0.676947,CP8_after_OBC,   1,    0.0000000000E+00,    1.7354252199E+02,    1.7354252199E+02,    0.0000000000E+00,    0.0000000000E+00,    0.0000000000E+00,    1.7354252199E+02
    138700,      0.676947,CP9_after_PTsource,   1,    0.0000000000E+00,    1.7354252199E+02,    1.7354252199E+02,    0.0000000000E+00,    0.0000000000E+00,    0.0000000000E+00,    1.7354252199E+02
    138700,      0.676947,CP10_after_neg_clamp,   1,    0.0000000000E+00,    1.7354252199E+02,    1.7354252199E+02,    0.0000000000E+00,    0.0000000000E+00,    0.0000000000E+00,    1.7354252199E+02
    138700,      0.676947,CP11_after_MPI,   1,    0.0000000000E+00,    1.7354252199E+02,    1.7354252199E+02,    0.0000000000E+00,    0.0000000000E+00,    0.0000000000E+00,    1.7354252199E+02
    138700,      0.676947,CP12_end,   1,    0.0000000000E+00,    1.7354252199E+02,    1.7354252199E+02,    0.0000000000E+00,    0.0000000000E+00,    0.0000000000E+00,    1.7354252199E+02
    138750,      0.676947,CP0_start,   1,    0.0000000000E+00,    1.7363434292E+02,    1.7363434292E+02,    0.0000000000E+00,    0.0000000000E+00,    0.0000000000E+00,    1.7363434292E+02
    138750,      0.676947,CP1_after_deposition,   1,    0.0000000000E+00,    1.7363434292E+02,    1.7363434292E+02,    0.0000000000E+00,    0.0000000000E+00,    0.0000000000E+00,    1.7363434292E+02
    138750,      0.676947,CP2_after_erosion,   1,    0.0000000000E+00,    1.7363434292E+02,    1.7363434292E+02,    0.0000000000E+00,    0.0000000000E+00,    0.0000000000E+00,    1.7363434292E+02
    138750,      0.676947,CP3_after_update_bottom,   1,    0.0000000000E+00,    1.7363434292E+02,    1.7363434292E+02,    0.0000000000E+00,    0.0000000000E+00,    0.0000000000E+00,    1.7363434292E+02
    138750,      0.676947,CP4_after_advection,   1,    0.0000000000E+00,    1.7363246221E+02,    1.7363246221E+02,    0.0000000000E+00,    0.0000000000E+00,    0.0000000000E+00,    1.7363246221E+02
    138750,      0.676947,CP5_after_vdif,   1,    0.0000000000E+00,    1.7363246221E+02,    1.7363246221E+02,    0.0000000000E+00,    0.0000000000E+00,    0.0000000000E+00,    1.7363246221E+02
    138750,      0.676947,CP6_after_kinetics,   1,    0.0000000000E+00,    1.7363246221E+02,    1.7363246221E+02,    0.0000000000E+00,    0.0000000000E+00,    0.0000000000E+00,    1.7363246221E+02
    138750,      0.676947,CP7_after_upper_clamp,   1,    0.0000000000E+00,    1.7363246221E+02,    1.7363246221E+02,    0.0000000000E+00,    0.0000000000E+00,    0.0000000000E+00,    1.7363246221E+02
    138750,      0.676947,CP8_after_OBC,   1,    0.0000000000E+00,    1.7363246221E+02,    1.7363246221E+02,    0.0000000000E+00,    0.0000000000E+00,    0.0000000000E+00,    1.7363246221E+02
    138750,      0.676947,CP9_after_PTsource,   1,    0.0000000000E+00,    1.7363246221E+02,    1.7363246221E+02,    0.0000000000E+00,    0.0000000000E+00,    0.0000000000E+00,    1.7363246221E+02
    138750,      0.676947,CP10_after_neg_clamp,   1,    0.0000000000E+00,    1.7363246221E+02,    1.7363246221E+02,    0.0000000000E+00,    0.0000000000E+00,    0.0000000000E+00,    1.7363246221E+02
    138750,      0.676947,CP11_after_MPI,   1,    0.0000000000E+00,    1.7363246221E+02,    1.7363246221E+02,    0.0000000000E+00,    0.0000000000E+00,    0.0000000000E+00,    1.7363246221E+02
    138750,      0.676947,CP12_end,   1,    0.0000000000E+00,    1.7363246221E+02,    1.7363246221E+02,    0.0000000000E+00,    0.0000000000E+00,    0.0000000000E+00,    1.7363246221E+02
    138800,      0.676947,CP0_start,   1,    0.0000000000E+00,    1.7372446052E+02,    1.7372446052E+02,    0.0000000000E+00,    0.0000000000E+00,    0.0000000000E+00,    1.7372446052E+02
    138800,      0.676947,CP1_after_deposition,   1,    0.0000000000E+00,    1.7372446052E+02,    1.7372446052E+02,    0.0000000000E+00,    0.0000000000E+00,    0.0000000000E+00,    1.7372446052E+02
    138800,      0.676947,CP2_after_erosion,   1,    0.0000000000E+00,    1.7372446052E+02,    1.7372446052E+02,    0.0000000000E+00,    0.0000000000E+00,    0.0000000000E+00,    1.7372446052E+02
    138800,      0.676947,CP3_after_update_bottom,   1,    0.0000000000E+00,    1.7372446052E+02,    1.7372446052E+02,    0.0000000000E+00,    0.0000000000E+00,    0.0000000000E+00,    1.7372446052E+02
    138800,      0.676947,CP4_after_advection,   1,    0.0000000000E+00,    1.7372263358E+02,    1.7372263358E+02,    0.0000000000E+00,    0.0000000000E+00,    0.0000000000E+00,    1.7372263358E+02
    138800,      0.676947,CP5_after_vdif,   1,    0.0000000000E+00,    1.7372263358E+02,    1.7372263358E+02,    0.0000000000E+00,    0.0000000000E+00,    0.0000000000E+00,    1.7372263358E+02
    138800,      0.676947,CP6_after_kinetics,   1,    0.0000000000E+00,    1.7372263358E+02,    1.7372263358E+02,    0.0000000000E+00,    0.0000000000E+00,    0.0000000000E+00,    1.7372263358E+02
    138800,      0.676947,CP7_after_upper_clamp,   1,    0.0000000000E+00,    1.7372263358E+02,    1.7372263358E+02,    0.0000000000E+00,    0.0000000000E+00,    0.0000000000E+00,    1.7372263358E+02
    138800,      0.676947,CP8_after_OBC,   1,    0.0000000000E+00,    1.7372263358E+02,    1.7372263358E+02,    0.0000000000E+00,    0.0000000000E+00,    0.0000000000E+00,    1.7372263358E+02
    138800,      0.676947,CP9_after_PTsource,   1,    0.0000000000E+00,    1.7372263358E+02,    1.7372263358E+02,    0.0000000000E+00,    0.0000000000E+00,    0.0000000000E+00,    1.7372263358E+02
    138800,      0.676947,CP10_after_neg_clamp,   1,    0.0000000000E+00,    1.7372263358E+02,    1.7372263358E+02,    0.0000000000E+00,    0.0000000000E+00,    0.0000000000E+00,    1.7372263358E+02
    138800,      0.676947,CP11_after_MPI,   1,    0.0000000000E+00,    1.7372263358E+02,    1.7372263358E+02,    0.0000000000E+00,    0.0000000000E+00,    0.0000000000E+00,    1.7372263358E+02
    138800,      0.676947,CP12_end,   1,    0.0000000000E+00,    1.7372263358E+02,    1.7372263358E+02,    0.0000000000E+00,    0.0000000000E+00,    0.0000000000E+00,    1.7372263358E+02
    138850,      0.676947,CP0_start,   1,    0.0000000000E+00,    1.7381482403E+02,    1.7381482403E+02,    0.0000000000E+00,    0.0000000000E+00,    0.0000000000E+00,    1.7381482403E+02
    138850,      0.676947,CP1_after_deposition,   1,    0.0000000000E+00,    1.7381482403E+02,    1.7381482403E+02,    0.0000000000E+00,    0.0000000000E+00,    0.0000000000E+00,    1.7381482403E+02
    138850,      0.676947,CP2_after_erosion,   1,    0.0000000000E+00,    1.7381482403E+02,    1.7381482403E+02,    0.0000000000E+00,    0.0000000000E+00,    0.0000000000E+00,    1.7381482403E+02
    138850,      0.676947,CP3_after_update_bottom,   1,    0.0000000000E+00,    1.7381482403E+02,    1.7381482403E+02,    0.0000000000E+00,    0.0000000000E+00,    0.0000000000E+00,    1.7381482403E+02
    138850,      0.676947,CP4_after_advection,   1,    0.0000000000E+00,    1.7381305401E+02,    1.7381305401E+02,    0.0000000000E+00,    0.0000000000E+00,    0.0000000000E+00,    1.7381305401E+02
    138850,      0.676947,CP5_after_vdif,   1,    0.0000000000E+00,    1.7381305401E+02,    1.7381305401E+02,    0.0000000000E+00,    0.0000000000E+00,    0.0000000000E+00,    1.7381305401E+02
    138850,      0.676947,CP6_after_kinetics,   1,    0.0000000000E+00,    1.7381305401E+02,    1.7381305401E+02,    0.0000000000E+00,    0.0000000000E+00,    0.0000000000E+00,    1.7381305401E+02
    138850,      0.676947,CP7_after_upper_clamp,   1,    0.0000000000E+00,    1.7381305401E+02,    1.7381305401E+02,    0.0000000000E+00,    0.0000000000E+00,    0.0000000000E+00,    1.7381305401E+02
    138850,      0.676947,CP8_after_OBC,   1,    0.0000000000E+00,    1.7381305401E+02,    1.7381305401E+02,    0.0000000000E+00,    0.0000000000E+00,    0.0000000000E+00,    1.7381305401E+02
    138850,      0.676947,CP9_after_PTsource,   1,    0.0000000000E+00,    1.7381305401E+02,    1.7381305401E+02,    0.0000000000E+00,    0.0000000000E+00,    0.0000000000E+00,    1.7381305401E+02
    138850,      0.676947,CP10_after_neg_clamp,   1,    0.0000000000E+00,    1.7381305401E+02,    1.7381305401E+02,    0.0000000000E+00,    0.0000000000E+00,    0.0000000000E+00,    1.7381305401E+02
    138850,      0.676947,CP11_after_MPI,   1,    0.0000000000E+00,    1.7381305401E+02,    1.7381305401E+02,    0.0000000000E+00,    0.0000000000E+00,    0.0000000000E+00,    1.7381305401E+02
    138850,      0.676947,CP12_end,   1,    0.0000000000E+00,    1.7381305401E+02,    1.7381305401E+02,    0.0000000000E+00,    0.0000000000E+00,    0.0000000000E+00,    1.7381305401E+02
    138900,      0.676947,CP0_start,   1,    0.0000000000E+00,    1.7390553051E+02,    1.7390553051E+02,    0.0000000000E+00,    0.0000000000E+00,    0.0000000000E+00,    1.7390553051E+02
    138900,      0.676947,CP1_after_deposition,   1,    0.0000000000E+00,    1.7390553051E+02,    1.7390553051E+02,    0.0000000000E+00,    0.0000000000E+00,    0.0000000000E+00,    1.7390553051E+02
    138900,      0.676947,CP2_after_erosion,   1,    0.0000000000E+00,    1.7390553051E+02,    1.7390553051E+02,    0.0000000000E+00,    0.0000000000E+00,    0.0000000000E+00,    1.7390553051E+02
    138900,      0.676947,CP3_after_update_bottom,   1,    0.0000000000E+00,    1.7390553051E+02,    1.7390553051E+02,    0.0000000000E+00,    0.0000000000E+00,    0.0000000000E+00,    1.7390553051E+02
    138900,      0.676947,CP4_after_advection,   1,    0.0000000000E+00,    1.7390381786E+02,    1.7390381786E+02,    0.0000000000E+00,    0.0000000000E+00,    0.0000000000E+00,    1.7390381786E+02
    138900,      0.676947,CP5_after_vdif,   1,    0.0000000000E+00,    1.7390381786E+02,    1.7390381786E+02,    0.0000000000E+00,    0.0000000000E+00,    0.0000000000E+00,    1.7390381786E+02
    138900,      0.676947,CP6_after_kinetics,   1,    0.0000000000E+00,    1.7390381786E+02,    1.7390381786E+02,    0.0000000000E+00,    0.0000000000E+00,    0.0000000000E+00,    1.7390381786E+02
    138900,      0.676947,CP7_after_upper_clamp,   1,    0.0000000000E+00,    1.7390381786E+02,    1.7390381786E+02,    0.0000000000E+00,    0.0000000000E+00,    0.0000000000E+00,    1.7390381786E+02
    138900,      0.676947,CP8_after_OBC,   1,    0.0000000000E+00,    1.7390381786E+02,    1.7390381786E+02,    0.0000000000E+00,    0.0000000000E+00,    0.0000000000E+00,    1.7390381786E+02
    138900,      0.676947,CP9_after_PTsource,   1,    0.0000000000E+00,    1.7390381786E+02,    1.7390381786E+02,    0.0000000000E+00,    0.0000000000E+00,    0.0000000000E+00,    1.7390381786E+02
    138900,      0.676947,CP10_after_neg_clamp,   1,    0.0000000000E+00,    1.7390381786E+02,    1.7390381786E+02,    0.0000000000E+00,    0.0000000000E+00,    0.0000000000E+00,    1.7390381786E+02
    138900,      0.676947,CP11_after_MPI,   1,    0.0000000000E+00,    1.7390381786E+02,    1.7390381786E+02,    0.0000000000E+00,    0.0000000000E+00,    0.0000000000E+00,    1.7390381786E+02
    138900,      0.676947,CP12_end,   1,    0.0000000000E+00,    1.7390381786E+02,    1.7390381786E+02,    0.0000000000E+00,    0.0000000000E+00,    0.0000000000E+00,    1.7390381786E+02
    138950,      0.676947,CP0_start,   1,    0.0000000000E+00,    1.7399664401E+02,    1.7399664401E+02,    0.0000000000E+00,    0.0000000000E+00,    0.0000000000E+00,    1.7399664401E+02
    138950,      0.676947,CP1_after_deposition,   1,    0.0000000000E+00,    1.7399664401E+02,    1.7399664401E+02,    0.0000000000E+00,    0.0000000000E+00,    0.0000000000E+00,    1.7399664401E+02
    138950,      0.676947,CP2_after_erosion,   1,    0.0000000000E+00,    1.7399664401E+02,    1.7399664401E+02,    0.0000000000E+00,    0.0000000000E+00,    0.0000000000E+00,    1.7399664401E+02
    138950,      0.676947,CP3_after_update_bottom,   1,    0.0000000000E+00,    1.7399664401E+02,    1.7399664401E+02,    0.0000000000E+00,    0.0000000000E+00,    0.0000000000E+00,    1.7399664401E+02
    138950,      0.676947,CP4_after_advection,   1,    0.0000000000E+00,    1.7399499335E+02,    1.7399499335E+02,    0.0000000000E+00,    0.0000000000E+00,    0.0000000000E+00,    1.7399499335E+02
    138950,      0.676947,CP5_after_vdif,   1,    0.0000000000E+00,    1.7399499335E+02,    1.7399499335E+02,    0.0000000000E+00,    0.0000000000E+00,    0.0000000000E+00,    1.7399499335E+02
    138950,      0.676947,CP6_after_kinetics,   1,    0.0000000000E+00,    1.7399499335E+02,    1.7399499335E+02,    0.0000000000E+00,    0.0000000000E+00,    0.0000000000E+00,    1.7399499335E+02
    138950,      0.676947,CP7_after_upper_clamp,   1,    0.0000000000E+00,    1.7399499335E+02,    1.7399499335E+02,    0.0000000000E+00,    0.0000000000E+00,    0.0000000000E+00,    1.7399499335E+02
    138950,      0.676947,CP8_after_OBC,   1,    0.0000000000E+00,    1.7399499335E+02,    1.7399499335E+02,    0.0000000000E+00,    0.0000000000E+00,    0.0000000000E+00,    1.7399499335E+02
    138950,      0.676947,CP9_after_PTsource,   1,    0.0000000000E+00,    1.7399499335E+02,    1.7399499335E+02,    0.0000000000E+00,    0.0000000000E+00,    0.0000000000E+00,    1.7399499335E+02
    138950,      0.676947,CP10_after_neg_clamp,   1,    0.0000000000E+00,    1.7399499335E+02,    1.7399499335E+02,    0.0000000000E+00,    0.0000000000E+00,    0.0000000000E+00,    1.7399499335E+02
    138950,      0.676947,CP11_after_MPI,   1,    0.0000000000E+00,    1.7399499335E+02,    1.7399499335E+02,    0.0000000000E+00,    0.0000000000E+00,    0.0000000000E+00,    1.7399499335E+02
    138950,      0.676947,CP12_end,   1,    0.0000000000E+00,    1.7399499335E+02,    1.7399499335E+02,    0.0000000000E+00,    0.0000000000E+00,    0.0000000000E+00,    1.7399499335E+02
    139000,      0.676947,CP0_start,   1,    0.0000000000E+00,    1.7408825919E+02,    1.7408825919E+02,    0.0000000000E+00,    0.0000000000E+00,    0.0000000000E+00,    1.7408825919E+02
    139000,      0.676947,CP1_after_deposition,   1,    0.0000000000E+00,    1.7408825919E+02,    1.7408825919E+02,    0.0000000000E+00,    0.0000000000E+00,    0.0000000000E+00,    1.7408825919E+02
    139000,      0.676947,CP2_after_erosion,   1,    0.0000000000E+00,    1.7408825919E+02,    1.7408825919E+02,    0.0000000000E+00,    0.0000000000E+00,    0.0000000000E+00,    1.7408825919E+02
    139000,      0.676947,CP3_after_update_bottom,   1,    0.0000000000E+00,    1.7408825919E+02,    1.7408825919E+02,    0.0000000000E+00,    0.0000000000E+00,    0.0000000000E+00,    1.7408825919E+02
    139000,      0.676947,CP4_after_advection,   1,    0.0000000000E+00,    1.7408666605E+02,    1.7408666605E+02,    0.0000000000E+00,    0.0000000000E+00,    0.0000000000E+00,    1.7408666605E+02
    139000,      0.676947,CP5_after_vdif,   1,    0.0000000000E+00,    1.7408666605E+02,    1.7408666605E+02,    0.0000000000E+00,    0.0000000000E+00,    0.0000000000E+00,    1.7408666605E+02
    139000,      0.676947,CP6_after_kinetics,   1,    0.0000000000E+00,    1.7408666605E+02,    1.7408666605E+02,    0.0000000000E+00,    0.0000000000E+00,    0.0000000000E+00,    1.7408666605E+02
    139000,      0.676947,CP7_after_upper_clamp,   1,    0.0000000000E+00,    1.7408666605E+02,    1.7408666605E+02,    0.0000000000E+00,    0.0000000000E+00,    0.0000000000E+00,    1.7408666605E+02
    139000,      0.676947,CP8_after_OBC,   1,    0.0000000000E+00,    1.7408666605E+02,    1.7408666605E+02,    0.0000000000E+00,    0.0000000000E+00,    0.0000000000E+00,    1.7408666605E+02
    139000,      0.676947,CP9_after_PTsource,   1,    0.0000000000E+00,    1.7408666605E+02,    1.7408666605E+02,    0.0000000000E+00,    0.0000000000E+00,    0.0000000000E+00,    1.7408666605E+02
    139000,      0.676947,CP10_after_neg_clamp,   1,    0.0000000000E+00,    1.7408666605E+02,    1.7408666605E+02,    0.0000000000E+00,    0.0000000000E+00,    0.0000000000E+00,    1.7408666605E+02
    139000,      0.676947,CP11_after_MPI,   1,    0.0000000000E+00,    1.7408666605E+02,    1.7408666605E+02,    0.0000000000E+00,    0.0000000000E+00,    0.0000000000E+00,    1.7408666605E+02
    139000,      0.676947,CP12_end,   1,    0.0000000000E+00,    1.7408666605E+02,    1.7408666605E+02,    0.0000000000E+00,    0.0000000000E+00,    0.0000000000E+00,    1.7408666605E+02
    139050,      0.676947,CP0_start,   1,    0.0000000000E+00,    1.7418048427E+02,    1.7418048427E+02,    0.0000000000E+00,    0.0000000000E+00,    0.0000000000E+00,    1.7418048427E+02
    139050,      0.676947,CP1_after_deposition,   1,    0.0000000000E+00,    1.7418048427E+02,    1.7418048427E+02,    0.0000000000E+00,    0.0000000000E+00,    0.0000000000E+00,    1.7418048427E+02
    139050,      0.676947,CP2_after_erosion,   1,    0.0000000000E+00,    1.7418048427E+02,    1.7418048427E+02,    0.0000000000E+00,    0.0000000000E+00,    0.0000000000E+00,    1.7418048427E+02
    139050,      0.676947,CP3_after_update_bottom,   1,    0.0000000000E+00,    1.7418048427E+02,    1.7418048427E+02,    0.0000000000E+00,    0.0000000000E+00,    0.0000000000E+00,    1.7418048427E+02
    139050,      0.676947,CP4_after_advection,   1,    0.0000000000E+00,    1.7417895421E+02,    1.7417895421E+02,    0.0000000000E+00,    0.0000000000E+00,    0.0000000000E+00,    1.7417895421E+02
    139050,      0.676947,CP5_after_vdif,   1,    0.0000000000E+00,    1.7417895421E+02,    1.7417895421E+02,    0.0000000000E+00,    0.0000000000E+00,    0.0000000000E+00,    1.7417895421E+02
    139050,      0.676947,CP6_after_kinetics,   1,    0.0000000000E+00,    1.7417895421E+02,    1.7417895421E+02,    0.0000000000E+00,    0.0000000000E+00,    0.0000000000E+00,    1.7417895421E+02
    139050,      0.676947,CP7_after_upper_clamp,   1,    0.0000000000E+00,    1.7417895421E+02,    1.7417895421E+02,    0.0000000000E+00,    0.0000000000E+00,    0.0000000000E+00,    1.7417895421E+02
    139050,      0.676947,CP8_after_OBC,   1,    0.0000000000E+00,    1.7417895421E+02,    1.7417895421E+02,    0.0000000000E+00,    0.0000000000E+00,    0.0000000000E+00,    1.7417895421E+02
    139050,      0.676947,CP9_after_PTsource,   1,    0.0000000000E+00,    1.7417895421E+02,    1.7417895421E+02,    0.0000000000E+00,    0.0000000000E+00,    0.0000000000E+00,    1.7417895421E+02
    139050,      0.676947,CP10_after_neg_clamp,   1,    0.0000000000E+00,    1.7417895421E+02,    1.7417895421E+02,    0.0000000000E+00,    0.0000000000E+00,    0.0000000000E+00,    1.7417895421E+02
    139050,      0.676947,CP11_after_MPI,   1,    0.0000000000E+00,    1.7417895421E+02,    1.7417895421E+02,    0.0000000000E+00,    0.0000000000E+00,    0.0000000000E+00,    1.7417895421E+02
    139050,      0.676947,CP12_end,   1,    0.0000000000E+00,    1.7417895421E+02,    1.7417895421E+02,    0.0000000000E+00,    0.0000000000E+00,    0.0000000000E+00,    1.7417895421E+02
    139100,      0.676947,CP0_start,   1,    0.0000000000E+00,    1.7427336998E+02,    1.7427336998E+02,    0.0000000000E+00,    0.0000000000E+00,    0.0000000000E+00,    1.7427336998E+02
    139100,      0.676947,CP1_after_deposition,   1,    0.0000000000E+00,    1.7427336998E+02,    1.7427336998E+02,    0.0000000000E+00,    0.0000000000E+00,    0.0000000000E+00,    1.7427336998E+02
    139100,      0.676947,CP2_after_erosion,   1,    0.0000000000E+00,    1.7427336998E+02,    1.7427336998E+02,    0.0000000000E+00,    0.0000000000E+00,    0.0000000000E+00,    1.7427336998E+02
    139100,      0.676947,CP3_after_update_bottom,   1,    0.0000000000E+00,    1.7427336998E+02,    1.7427336998E+02,    0.0000000000E+00,    0.0000000000E+00,    0.0000000000E+00,    1.7427336998E+02
    139100,      0.676947,CP4_after_advection,   1,    0.0000000000E+00,    1.7427190714E+02,    1.7427190714E+02,    0.0000000000E+00,    0.0000000000E+00,    0.0000000000E+00,    1.7427190714E+02
    139100,      0.676947,CP5_after_vdif,   1,    0.0000000000E+00,    1.7427190714E+02,    1.7427190714E+02,    0.0000000000E+00,    0.0000000000E+00,    0.0000000000E+00,    1.7427190714E+02
    139100,      0.676947,CP6_after_kinetics,   1,    0.0000000000E+00,    1.7427190714E+02,    1.7427190714E+02,    0.0000000000E+00,    0.0000000000E+00,    0.0000000000E+00,    1.7427190714E+02
    139100,      0.676947,CP7_after_upper_clamp,   1,    0.0000000000E+00,    1.7427190714E+02,    1.7427190714E+02,    0.0000000000E+00,    0.0000000000E+00,    0.0000000000E+00,    1.7427190714E+02
    139100,      0.676947,CP8_after_OBC,   1,    0.0000000000E+00,    1.7427190714E+02,    1.7427190714E+02,    0.0000000000E+00,    0.0000000000E+00,    0.0000000000E+00,    1.7427190714E+02
    139100,      0.676947,CP9_after_PTsource,   1,    0.0000000000E+00,    1.7427190714E+02,    1.7427190714E+02,    0.0000000000E+00,    0.0000000000E+00,    0.0000000000E+00,    1.7427190714E+02
    139100,      0.676947,CP10_after_neg_clamp,   1,    0.0000000000E+00,    1.7427190714E+02,    1.7427190714E+02,    0.0000000000E+00,    0.0000000000E+00,    0.0000000000E+00,    1.7427190714E+02
    139100,      0.676947,CP11_after_MPI,   1,    0.0000000000E+00,    1.7427190714E+02,    1.7427190714E+02,    0.0000000000E+00,    0.0000000000E+00,    0.0000000000E+00,    1.7427190714E+02
    139100,      0.676947,CP12_end,   1,    0.0000000000E+00,    1.7427190714E+02,    1.7427190714E+02,    0.0000000000E+00,    0.0000000000E+00,    0.0000000000E+00,    1.7427190714E+02
    139150,      0.676947,CP0_start,   1,    0.0000000000E+00,    1.7436698869E+02,    1.7436698869E+02,    0.0000000000E+00,    0.0000000000E+00,    0.0000000000E+00,    1.7436698869E+02
    139150,      0.676947,CP1_after_deposition,   1,    0.0000000000E+00,    1.7436698869E+02,    1.7436698869E+02,    0.0000000000E+00,    0.0000000000E+00,    0.0000000000E+00,    1.7436698869E+02
    139150,      0.676947,CP2_after_erosion,   1,    0.0000000000E+00,    1.7436698869E+02,    1.7436698869E+02,    0.0000000000E+00,    0.0000000000E+00,    0.0000000000E+00,    1.7436698869E+02
    139150,      0.676947,CP3_after_update_bottom,   1,    0.0000000000E+00,    1.7436698869E+02,    1.7436698869E+02,    0.0000000000E+00,    0.0000000000E+00,    0.0000000000E+00,    1.7436698869E+02
    139150,      0.676947,CP4_after_advection,   1,    0.0000000000E+00,    1.7436559278E+02,    1.7436559278E+02,    0.0000000000E+00,    0.0000000000E+00,    0.0000000000E+00,    1.7436559278E+02
    139150,      0.676947,CP5_after_vdif,   1,    0.0000000000E+00,    1.7436559278E+02,    1.7436559278E+02,    0.0000000000E+00,    0.0000000000E+00,    0.0000000000E+00,    1.7436559278E+02
    139150,      0.676947,CP6_after_kinetics,   1,    0.0000000000E+00,    1.7436559278E+02,    1.7436559278E+02,    0.0000000000E+00,    0.0000000000E+00,    0.0000000000E+00,    1.7436559278E+02
    139150,      0.676947,CP7_after_upper_clamp,   1,    0.0000000000E+00,    1.7436559278E+02,    1.7436559278E+02,    0.0000000000E+00,    0.0000000000E+00,    0.0000000000E+00,    1.7436559278E+02
    139150,      0.676947,CP8_after_OBC,   1,    0.0000000000E+00,    1.7436559278E+02,    1.7436559278E+02,    0.0000000000E+00,    0.0000000000E+00,    0.0000000000E+00,    1.7436559278E+02
    139150,      0.676947,CP9_after_PTsource,   1,    0.0000000000E+00,    1.7436559278E+02,    1.7436559278E+02,    0.0000000000E+00,    0.0000000000E+00,    0.0000000000E+00,    1.7436559278E+02
    139150,      0.676947,CP10_after_neg_clamp,   1,    0.0000000000E+00,    1.7436559278E+02,    1.7436559278E+02,    0.0000000000E+00,    0.0000000000E+00,    0.0000000000E+00,    1.7436559278E+02
    139150,      0.676947,CP11_after_MPI,   1,    0.0000000000E+00,    1.7436559278E+02,    1.7436559278E+02,    0.0000000000E+00,    0.0000000000E+00,    0.0000000000E+00,    1.7436559278E+02
    139150,      0.676947,CP12_end,   1,    0.0000000000E+00,    1.7436559278E+02,    1.7436559278E+02,    0.0000000000E+00,    0.0000000000E+00,    0.0000000000E+00,    1.7436559278E+02
    139200,      0.676947,CP0_start,   1,    0.0000000000E+00,    1.7446136739E+02,    1.7446136739E+02,    0.0000000000E+00,    0.0000000000E+00,    0.0000000000E+00,    1.7446136739E+02
    139200,      0.676947,CP1_after_deposition,   1,    0.0000000000E+00,    1.7446136739E+02,    1.7446136739E+02,    0.0000000000E+00,    0.0000000000E+00,    0.0000000000E+00,    1.7446136739E+02
    139200,      0.676947,CP2_after_erosion,   1,    0.0000000000E+00,    1.7446136739E+02,    1.7446136739E+02,    0.0000000000E+00,    0.0000000000E+00,    0.0000000000E+00,    1.7446136739E+02
    139200,      0.676947,CP3_after_update_bottom,   1,    0.0000000000E+00,    1.7446136739E+02,    1.7446136739E+02,    0.0000000000E+00,    0.0000000000E+00,    0.0000000000E+00,    1.7446136739E+02
    139200,      0.676947,CP4_after_advection,   1,    0.0000000000E+00,    1.7446003971E+02,    1.7446003971E+02,    0.0000000000E+00,    0.0000000000E+00,    0.0000000000E+00,    1.7446003971E+02
    139200,      0.676947,CP5_after_vdif,   1,    0.0000000000E+00,    1.7446003971E+02,    1.7446003971E+02,    0.0000000000E+00,    0.0000000000E+00,    0.0000000000E+00,    1.7446003971E+02
    139200,      0.676947,CP6_after_kinetics,   1,    0.0000000000E+00,    1.7446003971E+02,    1.7446003971E+02,    0.0000000000E+00,    0.0000000000E+00,    0.0000000000E+00,    1.7446003971E+02
    139200,      0.676947,CP7_after_upper_clamp,   1,    0.0000000000E+00,    1.7446003971E+02,    1.7446003971E+02,    0.0000000000E+00,    0.0000000000E+00,    0.0000000000E+00,    1.7446003971E+02
    139200,      0.676947,CP8_after_OBC,   1,    0.0000000000E+00,    1.7446003971E+02,    1.7446003971E+02,    0.0000000000E+00,    0.0000000000E+00,    0.0000000000E+00,    1.7446003971E+02
    139200,      0.676947,CP9_after_PTsource,   1,    0.0000000000E+00,    1.7446003971E+02,    1.7446003971E+02,    0.0000000000E+00,    0.0000000000E+00,    0.0000000000E+00,    1.7446003971E+02
    139200,      0.676947,CP10_after_neg_clamp,   1,    0.0000000000E+00,    1.7446003971E+02,    1.7446003971E+02,    0.0000000000E+00,    0.0000000000E+00,    0.0000000000E+00,    1.7446003971E+02
    139200,      0.676947,CP11_after_MPI,   1,    0.0000000000E+00,    1.7446003971E+02,    1.7446003971E+02,    0.0000000000E+00,    0.0000000000E+00,    0.0000000000E+00,    1.7446003971E+02
    139200,      0.676947,CP12_end,   1,    0.0000000000E+00,    1.7446003971E+02,    1.7446003971E+02,    0.0000000000E+00,    0.0000000000E+00,    0.0000000000E+00,    1.7446003971E+02
    139250,      0.676947,CP0_start,   1,    0.0000000000E+00,    1.7455651179E+02,    1.7455651179E+02,    0.0000000000E+00,    0.0000000000E+00,    0.0000000000E+00,    1.7455651179E+02
    139250,      0.676947,CP1_after_deposition,   1,    0.0000000000E+00,    1.7455651179E+02,    1.7455651179E+02,    0.0000000000E+00,    0.0000000000E+00,    0.0000000000E+00,    1.7455651179E+02
    139250,      0.676947,CP2_after_erosion,   1,    0.0000000000E+00,    1.7455651179E+02,    1.7455651179E+02,    0.0000000000E+00,    0.0000000000E+00,    0.0000000000E+00,    1.7455651179E+02
    139250,      0.676947,CP3_after_update_bottom,   1,    0.0000000000E+00,    1.7455651179E+02,    1.7455651179E+02,    0.0000000000E+00,    0.0000000000E+00,    0.0000000000E+00,    1.7455651179E+02
    139250,      0.676947,CP4_after_advection,   1,    0.0000000000E+00,    1.7455525591E+02,    1.7455525591E+02,    0.0000000000E+00,    0.0000000000E+00,    0.0000000000E+00,    1.7455525591E+02
    139250,      0.676947,CP5_after_vdif,   1,    0.0000000000E+00,    1.7455525591E+02,    1.7455525591E+02,    0.0000000000E+00,    0.0000000000E+00,    0.0000000000E+00,    1.7455525591E+02
    139250,      0.676947,CP6_after_kinetics,   1,    0.0000000000E+00,    1.7455525591E+02,    1.7455525591E+02,    0.0000000000E+00,    0.0000000000E+00,    0.0000000000E+00,    1.7455525591E+02
    139250,      0.676947,CP7_after_upper_clamp,   1,    0.0000000000E+00,    1.7455525591E+02,    1.7455525591E+02,    0.0000000000E+00,    0.0000000000E+00,    0.0000000000E+00,    1.7455525591E+02
    139250,      0.676947,CP8_after_OBC,   1,    0.0000000000E+00,    1.7455525591E+02,    1.7455525591E+02,    0.0000000000E+00,    0.0000000000E+00,    0.0000000000E+00,    1.7455525591E+02
    139250,      0.676947,CP9_after_PTsource,   1,    0.0000000000E+00,    1.7455525591E+02,    1.7455525591E+02,    0.0000000000E+00,    0.0000000000E+00,    0.0000000000E+00,    1.7455525591E+02
    139250,      0.676947,CP10_after_neg_clamp,   1,    0.0000000000E+00,    1.7455525591E+02,    1.7455525591E+02,    0.0000000000E+00,    0.0000000000E+00,    0.0000000000E+00,    1.7455525591E+02
    139250,      0.676947,CP11_after_MPI,   1,    0.0000000000E+00,    1.7455525591E+02,    1.7455525591E+02,    0.0000000000E+00,    0.0000000000E+00,    0.0000000000E+00,    1.7455525591E+02
    139250,      0.676947,CP12_end,   1,    0.0000000000E+00,    1.7455525591E+02,    1.7455525591E+02,    0.0000000000E+00,    0.0000000000E+00,    0.0000000000E+00,    1.7455525591E+02
    139300,      0.676947,CP0_start,   1,    0.0000000000E+00,    1.7465235233E+02,    1.7465235233E+02,    0.0000000000E+00,    0.0000000000E+00,    0.0000000000E+00,    1.7465235233E+02
    139300,      0.676947,CP1_after_deposition,   1,    0.0000000000E+00,    1.7465235233E+02,    1.7465235233E+02,    0.0000000000E+00,    0.0000000000E+00,    0.0000000000E+00,    1.7465235233E+02
    139300,      0.676947,CP2_after_erosion,   1,    0.0000000000E+00,    1.7465235233E+02,    1.7465235233E+02,    0.0000000000E+00,    0.0000000000E+00,    0.0000000000E+00,    1.7465235233E+02
    139300,      0.676947,CP3_after_update_bottom,   1,    0.0000000000E+00,    1.7465235233E+02,    1.7465235233E+02,    0.0000000000E+00,    0.0000000000E+00,    0.0000000000E+00,    1.7465235233E+02
    139300,      0.676947,CP4_after_advection,   1,    0.0000000000E+00,    1.7465117055E+02,    1.7465117055E+02,    0.0000000000E+00,    0.0000000000E+00,    0.0000000000E+00,    1.7465117055E+02
    139300,      0.676947,CP5_after_vdif,   1,    0.0000000000E+00,    1.7465117055E+02,    1.7465117055E+02,    0.0000000000E+00,    0.0000000000E+00,    0.0000000000E+00,    1.7465117055E+02
    139300,      0.676947,CP6_after_kinetics,   1,    0.0000000000E+00,    1.7465117055E+02,    1.7465117055E+02,    0.0000000000E+00,    0.0000000000E+00,    0.0000000000E+00,    1.7465117055E+02
    139300,      0.676947,CP7_after_upper_clamp,   1,    0.0000000000E+00,    1.7465117055E+02,    1.7465117055E+02,    0.0000000000E+00,    0.0000000000E+00,    0.0000000000E+00,    1.7465117055E+02
    139300,      0.676947,CP8_after_OBC,   1,    0.0000000000E+00,    1.7465117055E+02,    1.7465117055E+02,    0.0000000000E+00,    0.0000000000E+00,    0.0000000000E+00,    1.7465117055E+02
    139300,      0.676947,CP9_after_PTsource,   1,    0.0000000000E+00,    1.7465117055E+02,    1.7465117055E+02,    0.0000000000E+00,    0.0000000000E+00,    0.0000000000E+00,    1.7465117055E+02
    139300,      0.676947,CP10_after_neg_clamp,   1,    0.0000000000E+00,    1.7465117055E+02,    1.7465117055E+02,    0.0000000000E+00,    0.0000000000E+00,    0.0000000000E+00,    1.7465117055E+02
    139300,      0.676947,CP11_after_MPI,   1,    0.0000000000E+00,    1.7465117055E+02,    1.7465117055E+02,    0.0000000000E+00,    0.0000000000E+00,    0.0000000000E+00,    1.7465117055E+02
    139300,      0.676947,CP12_end,   1,    0.0000000000E+00,    1.7465117055E+02,    1.7465117055E+02,    0.0000000000E+00,    0.0000000000E+00,    0.0000000000E+00,    1.7465117055E+02
    139350,      0.676947,CP0_start,   1,    0.0000000000E+00,    1.7474879740E+02,    1.7474879740E+02,    0.0000000000E+00,    0.0000000000E+00,    0.0000000000E+00,    1.7474879740E+02
    139350,      0.676947,CP1_after_deposition,   1,    0.0000000000E+00,    1.7474879740E+02,    1.7474879740E+02,    0.0000000000E+00,    0.0000000000E+00,    0.0000000000E+00,    1.7474879740E+02
    139350,      0.676947,CP2_after_erosion,   1,    0.0000000000E+00,    1.7474879740E+02,    1.7474879740E+02,    0.0000000000E+00,    0.0000000000E+00,    0.0000000000E+00,    1.7474879740E+02
    139350,      0.676947,CP3_after_update_bottom,   1,    0.0000000000E+00,    1.7474879740E+02,    1.7474879740E+02,    0.0000000000E+00,    0.0000000000E+00,    0.0000000000E+00,    1.7474879740E+02
    139350,      0.676947,CP4_after_advection,   1,    0.0000000000E+00,    1.7474768726E+02,    1.7474768726E+02,    0.0000000000E+00,    0.0000000000E+00,    0.0000000000E+00,    1.7474768726E+02
    139350,      0.676947,CP5_after_vdif,   1,    0.0000000000E+00,    1.7474768726E+02,    1.7474768726E+02,    0.0000000000E+00,    0.0000000000E+00,    0.0000000000E+00,    1.7474768726E+02
    139350,      0.676947,CP6_after_kinetics,   1,    0.0000000000E+00,    1.7474768726E+02,    1.7474768726E+02,    0.0000000000E+00,    0.0000000000E+00,    0.0000000000E+00,    1.7474768726E+02
    139350,      0.676947,CP7_after_upper_clamp,   1,    0.0000000000E+00,    1.7474768726E+02,    1.7474768726E+02,    0.0000000000E+00,    0.0000000000E+00,    0.0000000000E+00,    1.7474768726E+02
    139350,      0.676947,CP8_after_OBC,   1,    0.0000000000E+00,    1.7474768726E+02,    1.7474768726E+02,    0.0000000000E+00,    0.0000000000E+00,    0.0000000000E+00,    1.7474768726E+02
    139350,      0.676947,CP9_after_PTsource,   1,    0.0000000000E+00,    1.7474768726E+02,    1.7474768726E+02,    0.0000000000E+00,    0.0000000000E+00,    0.0000000000E+00,    1.7474768726E+02
    139350,      0.676947,CP10_after_neg_clamp,   1,    0.0000000000E+00,    1.7474768726E+02,    1.7474768726E+02,    0.0000000000E+00,    0.0000000000E+00,    0.0000000000E+00,    1.7474768726E+02
    139350,      0.676947,CP11_after_MPI,   1,    0.0000000000E+00,    1.7474768726E+02,    1.7474768726E+02,    0.0000000000E+00,    0.0000000000E+00,    0.0000000000E+00,    1.7474768726E+02
    139350,      0.676947,CP12_end,   1,    0.0000000000E+00,    1.7474768726E+02,    1.7474768726E+02,    0.0000000000E+00,    0.0000000000E+00,    0.0000000000E+00,    1.7474768726E+02
    139400,      0.676947,CP0_start,   1,    0.0000000000E+00,    1.7484562133E+02,    1.7484562133E+02,    0.0000000000E+00,    0.0000000000E+00,    0.0000000000E+00,    1.7484562133E+02
    139400,      0.676947,CP1_after_deposition,   1,    0.0000000000E+00,    1.7484562133E+02,    1.7484562133E+02,    0.0000000000E+00,    0.0000000000E+00,    0.0000000000E+00,    1.7484562133E+02
    139400,      0.676947,CP2_after_erosion,   1,    0.0000000000E+00,    1.7484562133E+02,    1.7484562133E+02,    0.0000000000E+00,    0.0000000000E+00,    0.0000000000E+00,    1.7484562133E+02
    139400,      0.676947,CP3_after_update_bottom,   1,    0.0000000000E+00,    1.7484562133E+02,    1.7484562133E+02,    0.0000000000E+00,    0.0000000000E+00,    0.0000000000E+00,    1.7484562133E+02
    139400,      0.676947,CP4_after_advection,   1,    0.0000000000E+00,    1.7484458347E+02,    1.7484458347E+02,    0.0000000000E+00,    0.0000000000E+00,    0.0000000000E+00,    1.7484458347E+02
    139400,      0.676947,CP5_after_vdif,   1,    0.0000000000E+00,    1.7484458347E+02,    1.7484458347E+02,    0.0000000000E+00,    0.0000000000E+00,    0.0000000000E+00,    1.7484458347E+02
    139400,      0.676947,CP6_after_kinetics,   1,    0.0000000000E+00,    1.7484458347E+02,    1.7484458347E+02,    0.0000000000E+00,    0.0000000000E+00,    0.0000000000E+00,    1.7484458347E+02
    139400,      0.676947,CP7_after_upper_clamp,   1,    0.0000000000E+00,    1.7484458347E+02,    1.7484458347E+02,    0.0000000000E+00,    0.0000000000E+00,    0.0000000000E+00,    1.7484458347E+02
    139400,      0.676947,CP8_after_OBC,   1,    0.0000000000E+00,    1.7484458347E+02,    1.7484458347E+02,    0.0000000000E+00,    0.0000000000E+00,    0.0000000000E+00,    1.7484458347E+02
    139400,      0.676947,CP9_after_PTsource,   1,    0.0000000000E+00,    1.7484458347E+02,    1.7484458347E+02,    0.0000000000E+00,    0.0000000000E+00,    0.0000000000E+00,    1.7484458347E+02
    139400,      0.676947,CP10_after_neg_clamp,   1,    0.0000000000E+00,    1.7484458347E+02,    1.7484458347E+02,    0.0000000000E+00,    0.0000000000E+00,    0.0000000000E+00,    1.7484458347E+02
    139400,      0.676947,CP11_after_MPI,   1,    0.0000000000E+00,    1.7484458347E+02,    1.7484458347E+02,    0.0000000000E+00,    0.0000000000E+00,    0.0000000000E+00,    1.7484458347E+02
    139400,      0.676947,CP12_end,   1,    0.0000000000E+00,    1.7484458347E+02,    1.7484458347E+02,    0.0000000000E+00,    0.0000000000E+00,    0.0000000000E+00,    1.7484458347E+02
    139450,      0.676947,CP0_start,   1,    0.0000000000E+00,    1.7494268055E+02,    1.7494268055E+02,    0.0000000000E+00,    0.0000000000E+00,    0.0000000000E+00,    1.7494268055E+02
    139450,      0.676947,CP1_after_deposition,   1,    0.0000000000E+00,    1.7494268055E+02,    1.7494268055E+02,    0.0000000000E+00,    0.0000000000E+00,    0.0000000000E+00,    1.7494268055E+02
    139450,      0.676947,CP2_after_erosion,   1,    0.0000000000E+00,    1.7494268055E+02,    1.7494268055E+02,    0.0000000000E+00,    0.0000000000E+00,    0.0000000000E+00,    1.7494268055E+02
    139450,      0.676947,CP3_after_update_bottom,   1,    0.0000000000E+00,    1.7494268055E+02,    1.7494268055E+02,    0.0000000000E+00,    0.0000000000E+00,    0.0000000000E+00,    1.7494268055E+02
    139450,      0.676947,CP4_after_advection,   1,    0.0000000000E+00,    1.7494171078E+02,    1.7494171078E+02,    0.0000000000E+00,    0.0000000000E+00,    0.0000000000E+00,    1.7494171078E+02
    139450,      0.676947,CP5_after_vdif,   1,    0.0000000000E+00,    1.7494171078E+02,    1.7494171078E+02,    0.0000000000E+00,    0.0000000000E+00,    0.0000000000E+00,    1.7494171078E+02
    139450,      0.676947,CP6_after_kinetics,   1,    0.0000000000E+00,    1.7494171078E+02,    1.7494171078E+02,    0.0000000000E+00,    0.0000000000E+00,    0.0000000000E+00,    1.7494171078E+02
    139450,      0.676947,CP7_after_upper_clamp,   1,    0.0000000000E+00,    1.7494171078E+02,    1.7494171078E+02,    0.0000000000E+00,    0.0000000000E+00,    0.0000000000E+00,    1.7494171078E+02
    139450,      0.676947,CP8_after_OBC,   1,    0.0000000000E+00,    1.7494171078E+02,    1.7494171078E+02,    0.0000000000E+00,    0.0000000000E+00,    0.0000000000E+00,    1.7494171078E+02
    139450,      0.676947,CP9_after_PTsource,   1,    0.0000000000E+00,    1.7494171078E+02,    1.7494171078E+02,    0.0000000000E+00,    0.0000000000E+00,    0.0000000000E+00,    1.7494171078E+02
    139450,      0.676947,CP10_after_neg_clamp,   1,    0.0000000000E+00,    1.7494171078E+02,    1.7494171078E+02,    0.0000000000E+00,    0.0000000000E+00,    0.0000000000E+00,    1.7494171078E+02
    139450,      0.676947,CP11_after_MPI,   1,    0.0000000000E+00,    1.7494171078E+02,    1.7494171078E+02,    0.0000000000E+00,    0.0000000000E+00,    0.0000000000E+00,    1.7494171078E+02
    139450,      0.676947,CP12_end,   1,    0.0000000000E+00,    1.7494171078E+02,    1.7494171078E+02,    0.0000000000E+00,    0.0000000000E+00,    0.0000000000E+00,    1.7494171078E+02
    139500,      0.676947,CP0_start,   1,    0.0000000000E+00,    1.7503985859E+02,    1.7503985859E+02,    0.0000000000E+00,    0.0000000000E+00,    0.0000000000E+00,    1.7503985859E+02
    139500,      0.676947,CP1_after_deposition,   1,    0.0000000000E+00,    1.7503985859E+02,    1.7503985859E+02,    0.0000000000E+00,    0.0000000000E+00,    0.0000000000E+00,    1.7503985859E+02
    139500,      0.676947,CP2_after_erosion,   1,    0.0000000000E+00,    1.7503985859E+02,    1.7503985859E+02,    0.0000000000E+00,    0.0000000000E+00,    0.0000000000E+00,    1.7503985859E+02
    139500,      0.676947,CP3_after_update_bottom,   1,    0.0000000000E+00,    1.7503985859E+02,    1.7503985859E+02,    0.0000000000E+00,    0.0000000000E+00,    0.0000000000E+00,    1.7503985859E+02
    139500,      0.676947,CP4_after_advection,   1,    0.0000000000E+00,    1.7503896138E+02,    1.7503896138E+02,    0.0000000000E+00,    0.0000000000E+00,    0.0000000000E+00,    1.7503896138E+02
    139500,      0.676947,CP5_after_vdif,   1,    0.0000000000E+00,    1.7503896138E+02,    1.7503896138E+02,    0.0000000000E+00,    0.0000000000E+00,    0.0000000000E+00,    1.7503896138E+02
    139500,      0.676947,CP6_after_kinetics,   1,    0.0000000000E+00,    1.7503896138E+02,    1.7503896138E+02,    0.0000000000E+00,    0.0000000000E+00,    0.0000000000E+00,    1.7503896138E+02
    139500,      0.676947,CP7_after_upper_clamp,   1,    0.0000000000E+00,    1.7503896138E+02,    1.7503896138E+02,    0.0000000000E+00,    0.0000000000E+00,    0.0000000000E+00,    1.7503896138E+02
    139500,      0.676947,CP8_after_OBC,   1,    0.0000000000E+00,    1.7503896138E+02,    1.7503896138E+02,    0.0000000000E+00,    0.0000000000E+00,    0.0000000000E+00,    1.7503896138E+02
    139500,      0.676947,CP9_after_PTsource,   1,    0.0000000000E+00,    1.7503896138E+02,    1.7503896138E+02,    0.0000000000E+00,    0.0000000000E+00,    0.0000000000E+00,    1.7503896138E+02
    139500,      0.676947,CP10_after_neg_clamp,   1,    0.0000000000E+00,    1.7503896138E+02,    1.7503896138E+02,    0.0000000000E+00,    0.0000000000E+00,    0.0000000000E+00,    1.7503896138E+02
    139500,      0.676947,CP11_after_MPI,   1,    0.0000000000E+00,    1.7503896138E+02,    1.7503896138E+02,    0.0000000000E+00,    0.0000000000E+00,    0.0000000000E+00,    1.7503896138E+02
    139500,      0.676947,CP12_end,   1,    0.0000000000E+00,    1.7503896138E+02,    1.7503896138E+02,    0.0000000000E+00,    0.0000000000E+00,    0.0000000000E+00,    1.7503896138E+02
    139550,      0.676947,CP0_start,   1,    0.0000000000E+00,    1.7513704749E+02,    1.7513704749E+02,    0.0000000000E+00,    0.0000000000E+00,    0.0000000000E+00,    1.7513704749E+02
    139550,      0.676947,CP1_after_deposition,   1,    0.0000000000E+00,    1.7513704749E+02,    1.7513704749E+02,    0.0000000000E+00,    0.0000000000E+00,    0.0000000000E+00,    1.7513704749E+02
    139550,      0.676947,CP2_after_erosion,   1,    0.0000000000E+00,    1.7513704749E+02,    1.7513704749E+02,    0.0000000000E+00,    0.0000000000E+00,    0.0000000000E+00,    1.7513704749E+02
    139550,      0.676947,CP3_after_update_bottom,   1,    0.0000000000E+00,    1.7513704749E+02,    1.7513704749E+02,    0.0000000000E+00,    0.0000000000E+00,    0.0000000000E+00,    1.7513704749E+02
    139550,      0.676947,CP4_after_advection,   1,    0.0000000000E+00,    1.7513622431E+02,    1.7513622431E+02,    0.0000000000E+00,    0.0000000000E+00,    0.0000000000E+00,    1.7513622431E+02
    139550,      0.676947,CP5_after_vdif,   1,    0.0000000000E+00,    1.7513622431E+02,    1.7513622431E+02,    0.0000000000E+00,    0.0000000000E+00,    0.0000000000E+00,    1.7513622431E+02
    139550,      0.676947,CP6_after_kinetics,   1,    0.0000000000E+00,    1.7513622431E+02,    1.7513622431E+02,    0.0000000000E+00,    0.0000000000E+00,    0.0000000000E+00,    1.7513622431E+02
    139550,      0.676947,CP7_after_upper_clamp,   1,    0.0000000000E+00,    1.7513622431E+02,    1.7513622431E+02,    0.0000000000E+00,    0.0000000000E+00,    0.0000000000E+00,    1.7513622431E+02
    139550,      0.676947,CP8_after_OBC,   1,    0.0000000000E+00,    1.7513622431E+02,    1.7513622431E+02,    0.0000000000E+00,    0.0000000000E+00,    0.0000000000E+00,    1.7513622431E+02
    139550,      0.676947,CP9_after_PTsource,   1,    0.0000000000E+00,    1.7513622431E+02,    1.7513622431E+02,    0.0000000000E+00,    0.0000000000E+00,    0.0000000000E+00,    1.7513622431E+02
    139550,      0.676947,CP10_after_neg_clamp,   1,    0.0000000000E+00,    1.7513622431E+02,    1.7513622431E+02,    0.0000000000E+00,    0.0000000000E+00,    0.0000000000E+00,    1.7513622431E+02
    139550,      0.676947,CP11_after_MPI,   1,    0.0000000000E+00,    1.7513622431E+02,    1.7513622431E+02,    0.0000000000E+00,    0.0000000000E+00,    0.0000000000E+00,    1.7513622431E+02
    139550,      0.676947,CP12_end,   1,    0.0000000000E+00,    1.7513622431E+02,    1.7513622431E+02,    0.0000000000E+00,    0.0000000000E+00,    0.0000000000E+00,    1.7513622431E+02
    139600,      0.676947,CP0_start,   1,    0.0000000000E+00,    1.7523420879E+02,    1.7523420879E+02,    0.0000000000E+00,    0.0000000000E+00,    0.0000000000E+00,    1.7523420879E+02
    139600,      0.676947,CP1_after_deposition,   1,    0.0000000000E+00,    1.7523420879E+02,    1.7523420879E+02,    0.0000000000E+00,    0.0000000000E+00,    0.0000000000E+00,    1.7523420879E+02
    139600,      0.676947,CP2_after_erosion,   1,    0.0000000000E+00,    1.7523420879E+02,    1.7523420879E+02,    0.0000000000E+00,    0.0000000000E+00,    0.0000000000E+00,    1.7523420879E+02
    139600,      0.676947,CP3_after_update_bottom,   1,    0.0000000000E+00,    1.7523420879E+02,    1.7523420879E+02,    0.0000000000E+00,    0.0000000000E+00,    0.0000000000E+00,    1.7523420879E+02
    139600,      0.676947,CP4_after_advection,   1,    0.0000000000E+00,    1.7523346180E+02,    1.7523346180E+02,    0.0000000000E+00,    0.0000000000E+00,    0.0000000000E+00,    1.7523346180E+02
    139600,      0.676947,CP5_after_vdif,   1,    0.0000000000E+00,    1.7523346180E+02,    1.7523346180E+02,    0.0000000000E+00,    0.0000000000E+00,    0.0000000000E+00,    1.7523346180E+02
    139600,      0.676947,CP6_after_kinetics,   1,    0.0000000000E+00,    1.7523346180E+02,    1.7523346180E+02,    0.0000000000E+00,    0.0000000000E+00,    0.0000000000E+00,    1.7523346180E+02
    139600,      0.676947,CP7_after_upper_clamp,   1,    0.0000000000E+00,    1.7523346180E+02,    1.7523346180E+02,    0.0000000000E+00,    0.0000000000E+00,    0.0000000000E+00,    1.7523346180E+02
    139600,      0.676947,CP8_after_OBC,   1,    0.0000000000E+00,    1.7523346180E+02,    1.7523346180E+02,    0.0000000000E+00,    0.0000000000E+00,    0.0000000000E+00,    1.7523346180E+02
    139600,      0.676947,CP9_after_PTsource,   1,    0.0000000000E+00,    1.7523346180E+02,    1.7523346180E+02,    0.0000000000E+00,    0.0000000000E+00,    0.0000000000E+00,    1.7523346180E+02
    139600,      0.676947,CP10_after_neg_clamp,   1,    0.0000000000E+00,    1.7523346180E+02,    1.7523346180E+02,    0.0000000000E+00,    0.0000000000E+00,    0.0000000000E+00,    1.7523346180E+02
    139600,      0.676947,CP11_after_MPI,   1,    0.0000000000E+00,    1.7523346180E+02,    1.7523346180E+02,    0.0000000000E+00,    0.0000000000E+00,    0.0000000000E+00,    1.7523346180E+02
    139600,      0.676947,CP12_end,   1,    0.0000000000E+00,    1.7523346180E+02,    1.7523346180E+02,    0.0000000000E+00,    0.0000000000E+00,    0.0000000000E+00,    1.7523346180E+02
    139650,      0.676947,CP0_start,   1,    0.0000000000E+00,    1.7533130095E+02,    1.7533130095E+02,    0.0000000000E+00,    0.0000000000E+00,    0.0000000000E+00,    1.7533130095E+02
    139650,      0.676947,CP1_after_deposition,   1,    0.0000000000E+00,    1.7533130095E+02,    1.7533130095E+02,    0.0000000000E+00,    0.0000000000E+00,    0.0000000000E+00,    1.7533130095E+02
    139650,      0.676947,CP2_after_erosion,   1,    0.0000000000E+00,    1.7533130095E+02,    1.7533130095E+02,    0.0000000000E+00,    0.0000000000E+00,    0.0000000000E+00,    1.7533130095E+02
    139650,      0.676947,CP3_after_update_bottom,   1,    0.0000000000E+00,    1.7533130095E+02,    1.7533130095E+02,    0.0000000000E+00,    0.0000000000E+00,    0.0000000000E+00,    1.7533130095E+02
    139650,      0.676947,CP4_after_advection,   1,    0.0000000000E+00,    1.7533063419E+02,    1.7533063419E+02,    0.0000000000E+00,    0.0000000000E+00,    0.0000000000E+00,    1.7533063419E+02
    139650,      0.676947,CP5_after_vdif,   1,    0.0000000000E+00,    1.7533063419E+02,    1.7533063419E+02,    0.0000000000E+00,    0.0000000000E+00,    0.0000000000E+00,    1.7533063419E+02
    139650,      0.676947,CP6_after_kinetics,   1,    0.0000000000E+00,    1.7533063419E+02,    1.7533063419E+02,    0.0000000000E+00,    0.0000000000E+00,    0.0000000000E+00,    1.7533063419E+02
    139650,      0.676947,CP7_after_upper_clamp,   1,    0.0000000000E+00,    1.7533063419E+02,    1.7533063419E+02,    0.0000000000E+00,    0.0000000000E+00,    0.0000000000E+00,    1.7533063419E+02
    139650,      0.676947,CP8_after_OBC,   1,    0.0000000000E+00,    1.7533063419E+02,    1.7533063419E+02,    0.0000000000E+00,    0.0000000000E+00,    0.0000000000E+00,    1.7533063419E+02
    139650,      0.676947,CP9_after_PTsource,   1,    0.0000000000E+00,    1.7533063419E+02,    1.7533063419E+02,    0.0000000000E+00,    0.0000000000E+00,    0.0000000000E+00,    1.7533063419E+02
    139650,      0.676947,CP10_after_neg_clamp,   1,    0.0000000000E+00,    1.7533063419E+02,    1.7533063419E+02,    0.0000000000E+00,    0.0000000000E+00,    0.0000000000E+00,    1.7533063419E+02
    139650,      0.676947,CP11_after_MPI,   1,    0.0000000000E+00,    1.7533063419E+02,    1.7533063419E+02,    0.0000000000E+00,    0.0000000000E+00,    0.0000000000E+00,    1.7533063419E+02
    139650,      0.676947,CP12_end,   1,    0.0000000000E+00,    1.7533063419E+02,    1.7533063419E+02,    0.0000000000E+00,    0.0000000000E+00,    0.0000000000E+00,    1.7533063419E+02
    139700,      0.676947,CP0_start,   1,    0.0000000000E+00,    1.7542825979E+02,    1.7542825979E+02,    0.0000000000E+00,    0.0000000000E+00,    0.0000000000E+00,    1.7542825979E+02
    139700,      0.676947,CP1_after_deposition,   1,    0.0000000000E+00,    1.7542825979E+02,    1.7542825979E+02,    0.0000000000E+00,    0.0000000000E+00,    0.0000000000E+00,    1.7542825979E+02
    139700,      0.676947,CP2_after_erosion,   1,    0.0000000000E+00,    1.7542825979E+02,    1.7542825979E+02,    0.0000000000E+00,    0.0000000000E+00,    0.0000000000E+00,    1.7542825979E+02
    139700,      0.676947,CP3_after_update_bottom,   1,    0.0000000000E+00,    1.7542825979E+02,    1.7542825979E+02,    0.0000000000E+00,    0.0000000000E+00,    0.0000000000E+00,    1.7542825979E+02
    139700,      0.676947,CP4_after_advection,   1,    0.0000000000E+00,    1.7542767861E+02,    1.7542767861E+02,    0.0000000000E+00,    0.0000000000E+00,    0.0000000000E+00,    1.7542767861E+02
    139700,      0.676947,CP5_after_vdif,   1,    0.0000000000E+00,    1.7542767861E+02,    1.7542767861E+02,    0.0000000000E+00,    0.0000000000E+00,    0.0000000000E+00,    1.7542767861E+02
    139700,      0.676947,CP6_after_kinetics,   1,    0.0000000000E+00,    1.7542767861E+02,    1.7542767861E+02,    0.0000000000E+00,    0.0000000000E+00,    0.0000000000E+00,    1.7542767861E+02
    139700,      0.676947,CP7_after_upper_clamp,   1,    0.0000000000E+00,    1.7542767861E+02,    1.7542767861E+02,    0.0000000000E+00,    0.0000000000E+00,    0.0000000000E+00,    1.7542767861E+02
    139700,      0.676947,CP8_after_OBC,   1,    0.0000000000E+00,    1.7542767861E+02,    1.7542767861E+02,    0.0000000000E+00,    0.0000000000E+00,    0.0000000000E+00,    1.7542767861E+02
    139700,      0.676947,CP9_after_PTsource,   1,    0.0000000000E+00,    1.7542767861E+02,    1.7542767861E+02,    0.0000000000E+00,    0.0000000000E+00,    0.0000000000E+00,    1.7542767861E+02
    139700,      0.676947,CP10_after_neg_clamp,   1,    0.0000000000E+00,    1.7542767861E+02,    1.7542767861E+02,    0.0000000000E+00,    0.0000000000E+00,    0.0000000000E+00,    1.7542767861E+02
    139700,      0.676947,CP11_after_MPI,   1,    0.0000000000E+00,    1.7542767861E+02,    1.7542767861E+02,    0.0000000000E+00,    0.0000000000E+00,    0.0000000000E+00,    1.7542767861E+02
    139700,      0.676947,CP12_end,   1,    0.0000000000E+00,    1.7542767861E+02,    1.7542767861E+02,    0.0000000000E+00,    0.0000000000E+00,    0.0000000000E+00,    1.7542767861E+02
    139750,      0.676947,CP0_start,   1,    0.0000000000E+00,    1.7552507655E+02,    1.7552507655E+02,    0.0000000000E+00,    0.0000000000E+00,    0.0000000000E+00,    1.7552507655E+02
    139750,      0.676947,CP1_after_deposition,   1,    0.0000000000E+00,    1.7552507655E+02,    1.7552507655E+02,    0.0000000000E+00,    0.0000000000E+00,    0.0000000000E+00,    1.7552507655E+02
    139750,      0.676947,CP2_after_erosion,   1,    0.0000000000E+00,    1.7552507655E+02,    1.7552507655E+02,    0.0000000000E+00,    0.0000000000E+00,    0.0000000000E+00,    1.7552507655E+02
    139750,      0.676947,CP3_after_update_bottom,   1,    0.0000000000E+00,    1.7552507655E+02,    1.7552507655E+02,    0.0000000000E+00,    0.0000000000E+00,    0.0000000000E+00,    1.7552507655E+02
    139750,      0.676947,CP4_after_advection,   1,    0.0000000000E+00,    1.7552458057E+02,    1.7552458057E+02,    0.0000000000E+00,    0.0000000000E+00,    0.0000000000E+00,    1.7552458057E+02
    139750,      0.676947,CP5_after_vdif,   1,    0.0000000000E+00,    1.7552458057E+02,    1.7552458057E+02,    0.0000000000E+00,    0.0000000000E+00,    0.0000000000E+00,    1.7552458057E+02
    139750,      0.676947,CP6_after_kinetics,   1,    0.0000000000E+00,    1.7552458057E+02,    1.7552458057E+02,    0.0000000000E+00,    0.0000000000E+00,    0.0000000000E+00,    1.7552458057E+02
    139750,      0.676947,CP7_after_upper_clamp,   1,    0.0000000000E+00,    1.7552458057E+02,    1.7552458057E+02,    0.0000000000E+00,    0.0000000000E+00,    0.0000000000E+00,    1.7552458057E+02
    139750,      0.676947,CP8_after_OBC,   1,    0.0000000000E+00,    1.7552458057E+02,    1.7552458057E+02,    0.0000000000E+00,    0.0000000000E+00,    0.0000000000E+00,    1.7552458057E+02
    139750,      0.676947,CP9_after_PTsource,   1,    0.0000000000E+00,    1.7552458057E+02,    1.7552458057E+02,    0.0000000000E+00,    0.0000000000E+00,    0.0000000000E+00,    1.7552458057E+02
    139750,      0.676947,CP10_after_neg_clamp,   1,    0.0000000000E+00,    1.7552458057E+02,    1.7552458057E+02,    0.0000000000E+00,    0.0000000000E+00,    0.0000000000E+00,    1.7552458057E+02
    139750,      0.676947,CP11_after_MPI,   1,    0.0000000000E+00,    1.7552458057E+02,    1.7552458057E+02,    0.0000000000E+00,    0.0000000000E+00,    0.0000000000E+00,    1.7552458057E+02
    139750,      0.676947,CP12_end,   1,    0.0000000000E+00,    1.7552458057E+02,    1.7552458057E+02,    0.0000000000E+00,    0.0000000000E+00,    0.0000000000E+00,    1.7552458057E+02
    139800,      0.676947,CP0_start,   1,    0.0000000000E+00,    1.7562168372E+02,    1.7562168372E+02,    0.0000000000E+00,    0.0000000000E+00,    0.0000000000E+00,    1.7562168372E+02
    139800,      0.676947,CP1_after_deposition,   1,    0.0000000000E+00,    1.7562168372E+02,    1.7562168372E+02,    0.0000000000E+00,    0.0000000000E+00,    0.0000000000E+00,    1.7562168372E+02
    139800,      0.676947,CP2_after_erosion,   1,    0.0000000000E+00,    1.7562168372E+02,    1.7562168372E+02,    0.0000000000E+00,    0.0000000000E+00,    0.0000000000E+00,    1.7562168372E+02
    139800,      0.676947,CP3_after_update_bottom,   1,    0.0000000000E+00,    1.7562168372E+02,    1.7562168372E+02,    0.0000000000E+00,    0.0000000000E+00,    0.0000000000E+00,    1.7562168372E+02
    139800,      0.676947,CP4_after_advection,   1,    0.0000000000E+00,    1.7562127590E+02,    1.7562127590E+02,    0.0000000000E+00,    0.0000000000E+00,    0.0000000000E+00,    1.7562127590E+02
    139800,      0.676947,CP5_after_vdif,   1,    0.0000000000E+00,    1.7562127590E+02,    1.7562127590E+02,    0.0000000000E+00,    0.0000000000E+00,    0.0000000000E+00,    1.7562127590E+02
    139800,      0.676947,CP6_after_kinetics,   1,    0.0000000000E+00,    1.7562127590E+02,    1.7562127590E+02,    0.0000000000E+00,    0.0000000000E+00,    0.0000000000E+00,    1.7562127590E+02
    139800,      0.676947,CP7_after_upper_clamp,   1,    0.0000000000E+00,    1.7562127590E+02,    1.7562127590E+02,    0.0000000000E+00,    0.0000000000E+00,    0.0000000000E+00,    1.7562127590E+02
    139800,      0.676947,CP8_after_OBC,   1,    0.0000000000E+00,    1.7562127590E+02,    1.7562127590E+02,    0.0000000000E+00,    0.0000000000E+00,    0.0000000000E+00,    1.7562127590E+02
    139800,      0.676947,CP9_after_PTsource,   1,    0.0000000000E+00,    1.7562127590E+02,    1.7562127590E+02,    0.0000000000E+00,    0.0000000000E+00,    0.0000000000E+00,    1.7562127590E+02
    139800,      0.676947,CP10_after_neg_clamp,   1,    0.0000000000E+00,    1.7562127590E+02,    1.7562127590E+02,    0.0000000000E+00,    0.0000000000E+00,    0.0000000000E+00,    1.7562127590E+02
    139800,      0.676947,CP11_after_MPI,   1,    0.0000000000E+00,    1.7562127590E+02,    1.7562127590E+02,    0.0000000000E+00,    0.0000000000E+00,    0.0000000000E+00,    1.7562127590E+02
    139800,      0.676947,CP12_end,   1,    0.0000000000E+00,    1.7562127590E+02,    1.7562127590E+02,    0.0000000000E+00,    0.0000000000E+00,    0.0000000000E+00,    1.7562127590E+02
    139850,      0.676947,CP0_start,   1,    0.0000000000E+00,    1.7571798646E+02,    1.7571798646E+02,    0.0000000000E+00,    0.0000000000E+00,    0.0000000000E+00,    1.7571798646E+02
    139850,      0.676947,CP1_after_deposition,   1,    0.0000000000E+00,    1.7571798646E+02,    1.7571798646E+02,    0.0000000000E+00,    0.0000000000E+00,    0.0000000000E+00,    1.7571798646E+02
    139850,      0.676947,CP2_after_erosion,   1,    0.0000000000E+00,    1.7571798646E+02,    1.7571798646E+02,    0.0000000000E+00,    0.0000000000E+00,    0.0000000000E+00,    1.7571798646E+02
    139850,      0.676947,CP3_after_update_bottom,   1,    0.0000000000E+00,    1.7571798646E+02,    1.7571798646E+02,    0.0000000000E+00,    0.0000000000E+00,    0.0000000000E+00,    1.7571798646E+02
    139850,      0.676947,CP4_after_advection,   1,    0.0000000000E+00,    1.7571767101E+02,    1.7571767101E+02,    0.0000000000E+00,    0.0000000000E+00,    0.0000000000E+00,    1.7571767101E+02
    139850,      0.676947,CP5_after_vdif,   1,    0.0000000000E+00,    1.7571767101E+02,    1.7571767101E+02,    0.0000000000E+00,    0.0000000000E+00,    0.0000000000E+00,    1.7571767101E+02
    139850,      0.676947,CP6_after_kinetics,   1,    0.0000000000E+00,    1.7571767101E+02,    1.7571767101E+02,    0.0000000000E+00,    0.0000000000E+00,    0.0000000000E+00,    1.7571767101E+02
    139850,      0.676947,CP7_after_upper_clamp,   1,    0.0000000000E+00,    1.7571767101E+02,    1.7571767101E+02,    0.0000000000E+00,    0.0000000000E+00,    0.0000000000E+00,    1.7571767101E+02
    139850,      0.676947,CP8_after_OBC,   1,    0.0000000000E+00,    1.7571767101E+02,    1.7571767101E+02,    0.0000000000E+00,    0.0000000000E+00,    0.0000000000E+00,    1.7571767101E+02
    139850,      0.676947,CP9_after_PTsource,   1,    0.0000000000E+00,    1.7571767101E+02,    1.7571767101E+02,    0.0000000000E+00,    0.0000000000E+00,    0.0000000000E+00,    1.7571767101E+02
    139850,      0.676947,CP10_after_neg_clamp,   1,    0.0000000000E+00,    1.7571767101E+02,    1.7571767101E+02,    0.0000000000E+00,    0.0000000000E+00,    0.0000000000E+00,    1.7571767101E+02
    139850,      0.676947,CP11_after_MPI,   1,    0.0000000000E+00,    1.7571767101E+02,    1.7571767101E+02,    0.0000000000E+00,    0.0000000000E+00,    0.0000000000E+00,    1.7571767101E+02
    139850,      0.676947,CP12_end,   1,    0.0000000000E+00,    1.7571767101E+02,    1.7571767101E+02,    0.0000000000E+00,    0.0000000000E+00,    0.0000000000E+00,    1.7571767101E+02
    139900,      0.676947,CP0_start,   1,    0.0000000000E+00,    1.7581392142E+02,    1.7581392142E+02,    0.0000000000E+00,    0.0000000000E+00,    0.0000000000E+00,    1.7581392142E+02
    139900,      0.676947,CP1_after_deposition,   1,    0.0000000000E+00,    1.7581392142E+02,    1.7581392142E+02,    0.0000000000E+00,    0.0000000000E+00,    0.0000000000E+00,    1.7581392142E+02
    139900,      0.676947,CP2_after_erosion,   1,    0.0000000000E+00,    1.7581392142E+02,    1.7581392142E+02,    0.0000000000E+00,    0.0000000000E+00,    0.0000000000E+00,    1.7581392142E+02
    139900,      0.676947,CP3_after_update_bottom,   1,    0.0000000000E+00,    1.7581392142E+02,    1.7581392142E+02,    0.0000000000E+00,    0.0000000000E+00,    0.0000000000E+00,    1.7581392142E+02
    139900,      0.676947,CP4_after_advection,   1,    0.0000000000E+00,    1.7581369824E+02,    1.7581369824E+02,    0.0000000000E+00,    0.0000000000E+00,    0.0000000000E+00,    1.7581369824E+02
    139900,      0.676947,CP5_after_vdif,   1,    0.0000000000E+00,    1.7581369824E+02,    1.7581369824E+02,    0.0000000000E+00,    0.0000000000E+00,    0.0000000000E+00,    1.7581369824E+02
    139900,      0.676947,CP6_after_kinetics,   1,    0.0000000000E+00,    1.7581369824E+02,    1.7581369824E+02,    0.0000000000E+00,    0.0000000000E+00,    0.0000000000E+00,    1.7581369824E+02
    139900,      0.676947,CP7_after_upper_clamp,   1,    0.0000000000E+00,    1.7581369824E+02,    1.7581369824E+02,    0.0000000000E+00,    0.0000000000E+00,    0.0000000000E+00,    1.7581369824E+02
    139900,      0.676947,CP8_after_OBC,   1,    0.0000000000E+00,    1.7581369824E+02,    1.7581369824E+02,    0.0000000000E+00,    0.0000000000E+00,    0.0000000000E+00,    1.7581369824E+02
    139900,      0.676947,CP9_after_PTsource,   1,    0.0000000000E+00,    1.7581369824E+02,    1.7581369824E+02,    0.0000000000E+00,    0.0000000000E+00,    0.0000000000E+00,    1.7581369824E+02
    139900,      0.676947,CP10_after_neg_clamp,   1,    0.0000000000E+00,    1.7581369824E+02,    1.7581369824E+02,    0.0000000000E+00,    0.0000000000E+00,    0.0000000000E+00,    1.7581369824E+02
    139900,      0.676947,CP11_after_MPI,   1,    0.0000000000E+00,    1.7581369824E+02,    1.7581369824E+02,    0.0000000000E+00,    0.0000000000E+00,    0.0000000000E+00,    1.7581369824E+02
    139900,      0.676947,CP12_end,   1,    0.0000000000E+00,    1.7581369824E+02,    1.7581369824E+02,    0.0000000000E+00,    0.0000000000E+00,    0.0000000000E+00,    1.7581369824E+02
    139950,      0.676947,CP0_start,   1,    0.0000000000E+00,    1.7590943072E+02,    1.7590943072E+02,    0.0000000000E+00,    0.0000000000E+00,    0.0000000000E+00,    1.7590943072E+02
    139950,      0.676947,CP1_after_deposition,   1,    0.0000000000E+00,    1.7590943072E+02,    1.7590943072E+02,    0.0000000000E+00,    0.0000000000E+00,    0.0000000000E+00,    1.7590943072E+02
    139950,      0.676947,CP2_after_erosion,   1,    0.0000000000E+00,    1.7590943072E+02,    1.7590943072E+02,    0.0000000000E+00,    0.0000000000E+00,    0.0000000000E+00,    1.7590943072E+02
    139950,      0.676947,CP3_after_update_bottom,   1,    0.0000000000E+00,    1.7590943072E+02,    1.7590943072E+02,    0.0000000000E+00,    0.0000000000E+00,    0.0000000000E+00,    1.7590943072E+02
    139950,      0.676947,CP4_after_advection,   1,    0.0000000000E+00,    1.7590930038E+02,    1.7590930038E+02,    0.0000000000E+00,    0.0000000000E+00,    0.0000000000E+00,    1.7590930038E+02
    139950,      0.676947,CP5_after_vdif,   1,    0.0000000000E+00,    1.7590930038E+02,    1.7590930038E+02,    0.0000000000E+00,    0.0000000000E+00,    0.0000000000E+00,    1.7590930038E+02
    139950,      0.676947,CP6_after_kinetics,   1,    0.0000000000E+00,    1.7590930038E+02,    1.7590930038E+02,    0.0000000000E+00,    0.0000000000E+00,    0.0000000000E+00,    1.7590930038E+02
    139950,      0.676947,CP7_after_upper_clamp,   1,    0.0000000000E+00,    1.7590930038E+02,    1.7590930038E+02,    0.0000000000E+00,    0.0000000000E+00,    0.0000000000E+00,    1.7590930038E+02
    139950,      0.676947,CP8_after_OBC,   1,    0.0000000000E+00,    1.7590930038E+02,    1.7590930038E+02,    0.0000000000E+00,    0.0000000000E+00,    0.0000000000E+00,    1.7590930038E+02
    139950,      0.676947,CP9_after_PTsource,   1,    0.0000000000E+00,    1.7590930038E+02,    1.7590930038E+02,    0.0000000000E+00,    0.0000000000E+00,    0.0000000000E+00,    1.7590930038E+02
    139950,      0.676947,CP10_after_neg_clamp,   1,    0.0000000000E+00,    1.7590930038E+02,    1.7590930038E+02,    0.0000000000E+00,    0.0000000000E+00,    0.0000000000E+00,    1.7590930038E+02
    139950,      0.676947,CP11_after_MPI,   1,    0.0000000000E+00,    1.7590930038E+02,    1.7590930038E+02,    0.0000000000E+00,    0.0000000000E+00,    0.0000000000E+00,    1.7590930038E+02
    139950,      0.676947,CP12_end,   1,    0.0000000000E+00,    1.7590930038E+02,    1.7590930038E+02,    0.0000000000E+00,    0.0000000000E+00,    0.0000000000E+00,    1.7590930038E+02
    140000,      0.676947,CP0_start,   1,    0.0000000000E+00,    1.7600451082E+02,    1.7600451082E+02,    0.0000000000E+00,    0.0000000000E+00,    0.0000000000E+00,    1.7600451082E+02
    140000,      0.676947,CP1_after_deposition,   1,    0.0000000000E+00,    1.7600451082E+02,    1.7600451082E+02,    0.0000000000E+00,    0.0000000000E+00,    0.0000000000E+00,    1.7600451082E+02
    140000,      0.676947,CP2_after_erosion,   1,    0.0000000000E+00,    1.7600451082E+02,    1.7600451082E+02,    0.0000000000E+00,    0.0000000000E+00,    0.0000000000E+00,    1.7600451082E+02
    140000,      0.676947,CP3_after_update_bottom,   1,    0.0000000000E+00,    1.7600451082E+02,    1.7600451082E+02,    0.0000000000E+00,    0.0000000000E+00,    0.0000000000E+00,    1.7600451082E+02
    140000,      0.676947,CP4_after_advection,   1,    0.0000000000E+00,    1.7600447635E+02,    1.7600447635E+02,    0.0000000000E+00,    0.0000000000E+00,    0.0000000000E+00,    1.7600447635E+02
    140000,      0.676947,CP5_after_vdif,   1,    0.0000000000E+00,    1.7600447635E+02,    1.7600447635E+02,    0.0000000000E+00,    0.0000000000E+00,    0.0000000000E+00,    1.7600447635E+02
    140000,      0.676947,CP6_after_kinetics,   1,    0.0000000000E+00,    1.7600447635E+02,    1.7600447635E+02,    0.0000000000E+00,    0.0000000000E+00,    0.0000000000E+00,    1.7600447635E+02
    140000,      0.676947,CP7_after_upper_clamp,   1,    0.0000000000E+00,    1.7600447635E+02,    1.7600447635E+02,    0.0000000000E+00,    0.0000000000E+00,    0.0000000000E+00,    1.7600447635E+02
    140000,      0.676947,CP8_after_OBC,   1,    0.0000000000E+00,    1.7600447635E+02,    1.7600447635E+02,    0.0000000000E+00,    0.0000000000E+00,    0.0000000000E+00,    1.7600447635E+02
    140000,      0.676947,CP9_after_PTsource,   1,    0.0000000000E+00,    1.7600447635E+02,    1.7600447635E+02,    0.0000000000E+00,    0.0000000000E+00,    0.0000000000E+00,    1.7600447635E+02
    140000,      0.676947,CP10_after_neg_clamp,   1,    0.0000000000E+00,    1.7600447635E+02,    1.7600447635E+02,    0.0000000000E+00,    0.0000000000E+00,    0.0000000000E+00,    1.7600447635E+02
    140000,      0.676947,CP11_after_MPI,   1,    0.0000000000E+00,    1.7600447635E+02,    1.7600447635E+02,    0.0000000000E+00,    0.0000000000E+00,    0.0000000000E+00,    1.7600447635E+02
    140000,      0.676947,CP12_end,   1,    0.0000000000E+00,    1.7600447635E+02,    1.7600447635E+02,    0.0000000000E+00,    0.0000000000E+00,    0.0000000000E+00,    1.7600447635E+02
    140050,      0.676947,CP0_start,   1,    0.0000000000E+00,    1.7609921676E+02,    1.7609921676E+02,    0.0000000000E+00,    0.0000000000E+00,    0.0000000000E+00,    1.7609921676E+02
    140050,      0.676947,CP1_after_deposition,   1,    0.0000000000E+00,    1.7609921676E+02,    1.7609921676E+02,    0.0000000000E+00,    0.0000000000E+00,    0.0000000000E+00,    1.7609921676E+02
    140050,      0.676947,CP2_after_erosion,   1,    0.0000000000E+00,    1.7609921676E+02,    1.7609921676E+02,    0.0000000000E+00,    0.0000000000E+00,    0.0000000000E+00,    1.7609921676E+02
    140050,      0.676947,CP3_after_update_bottom,   1,    0.0000000000E+00,    1.7609921676E+02,    1.7609921676E+02,    0.0000000000E+00,    0.0000000000E+00,    0.0000000000E+00,    1.7609921676E+02
    140050,      0.676947,CP4_after_advection,   1,    0.0000000000E+00,    1.7609927997E+02,    1.7609927997E+02,    0.0000000000E+00,    0.0000000000E+00,    0.0000000000E+00,    1.7609927997E+02
    140050,      0.676947,CP5_after_vdif,   1,    0.0000000000E+00,    1.7609927997E+02,    1.7609927997E+02,    0.0000000000E+00,    0.0000000000E+00,    0.0000000000E+00,    1.7609927997E+02
    140050,      0.676947,CP6_after_kinetics,   1,    0.0000000000E+00,    1.7609927997E+02,    1.7609927997E+02,    0.0000000000E+00,    0.0000000000E+00,    0.0000000000E+00,    1.7609927997E+02
    140050,      0.676947,CP7_after_upper_clamp,   1,    0.0000000000E+00,    1.7609927997E+02,    1.7609927997E+02,    0.0000000000E+00,    0.0000000000E+00,    0.0000000000E+00,    1.7609927997E+02
    140050,      0.676947,CP8_after_OBC,   1,    0.0000000000E+00,    1.7609927997E+02,    1.7609927997E+02,    0.0000000000E+00,    0.0000000000E+00,    0.0000000000E+00,    1.7609927997E+02
    140050,      0.676947,CP9_after_PTsource,   1,    0.0000000000E+00,    1.7609927997E+02,    1.7609927997E+02,    0.0000000000E+00,    0.0000000000E+00,    0.0000000000E+00,    1.7609927997E+02
    140050,      0.676947,CP10_after_neg_clamp,   1,    0.0000000000E+00,    1.7609927997E+02,    1.7609927997E+02,    0.0000000000E+00,    0.0000000000E+00,    0.0000000000E+00,    1.7609927997E+02
    140050,      0.676947,CP11_after_MPI,   1,    0.0000000000E+00,    1.7609927997E+02,    1.7609927997E+02,    0.0000000000E+00,    0.0000000000E+00,    0.0000000000E+00,    1.7609927997E+02
    140050,      0.676947,CP12_end,   1,    0.0000000000E+00,    1.7609927997E+02,    1.7609927997E+02,    0.0000000000E+00,    0.0000000000E+00,    0.0000000000E+00,    1.7609927997E+02
    140100,      0.676947,CP0_start,   1,    0.0000000000E+00,    1.7619368147E+02,    1.7619368147E+02,    0.0000000000E+00,    0.0000000000E+00,    0.0000000000E+00,    1.7619368147E+02
    140100,      0.676947,CP1_after_deposition,   1,    0.0000000000E+00,    1.7619368147E+02,    1.7619368147E+02,    0.0000000000E+00,    0.0000000000E+00,    0.0000000000E+00,    1.7619368147E+02
    140100,      0.676947,CP2_after_erosion,   1,    0.0000000000E+00,    1.7619368147E+02,    1.7619368147E+02,    0.0000000000E+00,    0.0000000000E+00,    0.0000000000E+00,    1.7619368147E+02
    140100,      0.676947,CP3_after_update_bottom,   1,    0.0000000000E+00,    1.7619368147E+02,    1.7619368147E+02,    0.0000000000E+00,    0.0000000000E+00,    0.0000000000E+00,    1.7619368147E+02
    140100,      0.676947,CP4_after_advection,   1,    0.0000000000E+00,    1.7619384606E+02,    1.7619384606E+02,    0.0000000000E+00,    0.0000000000E+00,    0.0000000000E+00,    1.7619384606E+02
    140100,      0.676947,CP5_after_vdif,   1,    0.0000000000E+00,    1.7619384606E+02,    1.7619384606E+02,    0.0000000000E+00,    0.0000000000E+00,    0.0000000000E+00,    1.7619384606E+02
    140100,      0.676947,CP6_after_kinetics,   1,    0.0000000000E+00,    1.7619384606E+02,    1.7619384606E+02,    0.0000000000E+00,    0.0000000000E+00,    0.0000000000E+00,    1.7619384606E+02
    140100,      0.676947,CP7_after_upper_clamp,   1,    0.0000000000E+00,    1.7619384606E+02,    1.7619384606E+02,    0.0000000000E+00,    0.0000000000E+00,    0.0000000000E+00,    1.7619384606E+02
    140100,      0.676947,CP8_after_OBC,   1,    0.0000000000E+00,    1.7619384606E+02,    1.7619384606E+02,    0.0000000000E+00,    0.0000000000E+00,    0.0000000000E+00,    1.7619384606E+02
    140100,      0.676947,CP9_after_PTsource,   1,    0.0000000000E+00,    1.7619384606E+02,    1.7619384606E+02,    0.0000000000E+00,    0.0000000000E+00,    0.0000000000E+00,    1.7619384606E+02
    140100,      0.676947,CP10_after_neg_clamp,   1,    0.0000000000E+00,    1.7619384606E+02,    1.7619384606E+02,    0.0000000000E+00,    0.0000000000E+00,    0.0000000000E+00,    1.7619384606E+02
    140100,      0.676947,CP11_after_MPI,   1,    0.0000000000E+00,    1.7619384606E+02,    1.7619384606E+02,    0.0000000000E+00,    0.0000000000E+00,    0.0000000000E+00,    1.7619384606E+02
    140100,      0.676947,CP12_end,   1,    0.0000000000E+00,    1.7619384606E+02,    1.7619384606E+02,    0.0000000000E+00,    0.0000000000E+00,    0.0000000000E+00,    1.7619384606E+02
    140150,      0.676947,CP0_start,   1,    0.0000000000E+00,    1.7628803389E+02,    1.7628803389E+02,    0.0000000000E+00,    0.0000000000E+00,    0.0000000000E+00,    1.7628803389E+02
    140150,      0.676947,CP1_after_deposition,   1,    0.0000000000E+00,    1.7628803389E+02,    1.7628803389E+02,    0.0000000000E+00,    0.0000000000E+00,    0.0000000000E+00,    1.7628803389E+02
    140150,      0.676947,CP2_after_erosion,   1,    0.0000000000E+00,    1.7628803389E+02,    1.7628803389E+02,    0.0000000000E+00,    0.0000000000E+00,    0.0000000000E+00,    1.7628803389E+02
    140150,      0.676947,CP3_after_update_bottom,   1,    0.0000000000E+00,    1.7628803389E+02,    1.7628803389E+02,    0.0000000000E+00,    0.0000000000E+00,    0.0000000000E+00,    1.7628803389E+02
    140150,      0.676947,CP4_after_advection,   1,    0.0000000000E+00,    1.7628830454E+02,    1.7628830454E+02,    0.0000000000E+00,    0.0000000000E+00,    0.0000000000E+00,    1.7628830454E+02
    140150,      0.676947,CP5_after_vdif,   1,    0.0000000000E+00,    1.7628830454E+02,    1.7628830454E+02,    0.0000000000E+00,    0.0000000000E+00,    0.0000000000E+00,    1.7628830454E+02
    140150,      0.676947,CP6_after_kinetics,   1,    0.0000000000E+00,    1.7628830454E+02,    1.7628830454E+02,    0.0000000000E+00,    0.0000000000E+00,    0.0000000000E+00,    1.7628830454E+02
    140150,      0.676947,CP7_after_upper_clamp,   1,    0.0000000000E+00,    1.7628830454E+02,    1.7628830454E+02,    0.0000000000E+00,    0.0000000000E+00,    0.0000000000E+00,    1.7628830454E+02
    140150,      0.676947,CP8_after_OBC,   1,    0.0000000000E+00,    1.7628830454E+02,    1.7628830454E+02,    0.0000000000E+00,    0.0000000000E+00,    0.0000000000E+00,    1.7628830454E+02
    140150,      0.676947,CP9_after_PTsource,   1,    0.0000000000E+00,    1.7628830454E+02,    1.7628830454E+02,    0.0000000000E+00,    0.0000000000E+00,    0.0000000000E+00,    1.7628830454E+02
    140150,      0.676947,CP10_after_neg_clamp,   1,    0.0000000000E+00,    1.7628830454E+02,    1.7628830454E+02,    0.0000000000E+00,    0.0000000000E+00,    0.0000000000E+00,    1.7628830454E+02
    140150,      0.676947,CP11_after_MPI,   1,    0.0000000000E+00,    1.7628830454E+02,    1.7628830454E+02,    0.0000000000E+00,    0.0000000000E+00,    0.0000000000E+00,    1.7628830454E+02
    140150,      0.676947,CP12_end,   1,    0.0000000000E+00,    1.7628830454E+02,    1.7628830454E+02,    0.0000000000E+00,    0.0000000000E+00,    0.0000000000E+00,    1.7628830454E+02
    140200,      0.676947,CP0_start,   1,    0.0000000000E+00,    1.7638249591E+02,    1.7638249591E+02,    0.0000000000E+00,    0.0000000000E+00,    0.0000000000E+00,    1.7638249591E+02
    140200,      0.676947,CP1_after_deposition,   1,    0.0000000000E+00,    1.7638249591E+02,    1.7638249591E+02,    0.0000000000E+00,    0.0000000000E+00,    0.0000000000E+00,    1.7638249591E+02
    140200,      0.676947,CP2_after_erosion,   1,    0.0000000000E+00,    1.7638249591E+02,    1.7638249591E+02,    0.0000000000E+00,    0.0000000000E+00,    0.0000000000E+00,    1.7638249591E+02
    140200,      0.676947,CP3_after_update_bottom,   1,    0.0000000000E+00,    1.7638249591E+02,    1.7638249591E+02,    0.0000000000E+00,    0.0000000000E+00,    0.0000000000E+00,    1.7638249591E+02
    140200,      0.676947,CP4_after_advection,   1,    0.0000000000E+00,    1.7638287694E+02,    1.7638287694E+02,    0.0000000000E+00,    0.0000000000E+00,    0.0000000000E+00,    1.7638287694E+02
    140200,      0.676947,CP5_after_vdif,   1,    0.0000000000E+00,    1.7638287694E+02,    1.7638287694E+02,    0.0000000000E+00,    0.0000000000E+00,    0.0000000000E+00,    1.7638287694E+02
    140200,      0.676947,CP6_after_kinetics,   1,    0.0000000000E+00,    1.7638287694E+02,    1.7638287694E+02,    0.0000000000E+00,    0.0000000000E+00,    0.0000000000E+00,    1.7638287694E+02
    140200,      0.676947,CP7_after_upper_clamp,   1,    0.0000000000E+00,    1.7638287694E+02,    1.7638287694E+02,    0.0000000000E+00,    0.0000000000E+00,    0.0000000000E+00,    1.7638287694E+02
    140200,      0.676947,CP8_after_OBC,   1,    0.0000000000E+00,    1.7638287694E+02,    1.7638287694E+02,    0.0000000000E+00,    0.0000000000E+00,    0.0000000000E+00,    1.7638287694E+02
    140200,      0.676947,CP9_after_PTsource,   1,    0.0000000000E+00,    1.7638287694E+02,    1.7638287694E+02,    0.0000000000E+00,    0.0000000000E+00,    0.0000000000E+00,    1.7638287694E+02
    140200,      0.676947,CP10_after_neg_clamp,   1,    0.0000000000E+00,    1.7638287694E+02,    1.7638287694E+02,    0.0000000000E+00,    0.0000000000E+00,    0.0000000000E+00,    1.7638287694E+02
    140200,      0.676947,CP11_after_MPI,   1,    0.0000000000E+00,    1.7638287694E+02,    1.7638287694E+02,    0.0000000000E+00,    0.0000000000E+00,    0.0000000000E+00,    1.7638287694E+02
    140200,      0.676947,CP12_end,   1,    0.0000000000E+00,    1.7638287694E+02,    1.7638287694E+02,    0.0000000000E+00,    0.0000000000E+00,    0.0000000000E+00,    1.7638287694E+02
    140250,      0.676947,CP0_start,   1,    0.0000000000E+00,    1.7647734669E+02,    1.7647734669E+02,    0.0000000000E+00,    0.0000000000E+00,    0.0000000000E+00,    1.7647734669E+02
    140250,      0.676947,CP1_after_deposition,   1,    0.0000000000E+00,    1.7647734669E+02,    1.7647734669E+02,    0.0000000000E+00,    0.0000000000E+00,    0.0000000000E+00,    1.7647734669E+02
    140250,      0.676947,CP2_after_erosion,   1,    0.0000000000E+00,    1.7647734669E+02,    1.7647734669E+02,    0.0000000000E+00,    0.0000000000E+00,    0.0000000000E+00,    1.7647734669E+02
    140250,      0.676947,CP3_after_update_bottom,   1,    0.0000000000E+00,    1.7647734669E+02,    1.7647734669E+02,    0.0000000000E+00,    0.0000000000E+00,    0.0000000000E+00,    1.7647734669E+02
    140250,      0.676947,CP4_after_advection,   1,    0.0000000000E+00,    1.7647784476E+02,    1.7647784476E+02,    0.0000000000E+00,    0.0000000000E+00,    0.0000000000E+00,    1.7647784476E+02
    140250,      0.676947,CP5_after_vdif,   1,    0.0000000000E+00,    1.7647784476E+02,    1.7647784476E+02,    0.0000000000E+00,    0.0000000000E+00,    0.0000000000E+00,    1.7647784476E+02
    140250,      0.676947,CP6_after_kinetics,   1,    0.0000000000E+00,    1.7647784476E+02,    1.7647784476E+02,    0.0000000000E+00,    0.0000000000E+00,    0.0000000000E+00,    1.7647784476E+02
    140250,      0.676947,CP7_after_upper_clamp,   1,    0.0000000000E+00,    1.7647784476E+02,    1.7647784476E+02,    0.0000000000E+00,    0.0000000000E+00,    0.0000000000E+00,    1.7647784476E+02
    140250,      0.676947,CP8_after_OBC,   1,    0.0000000000E+00,    1.7647784476E+02,    1.7647784476E+02,    0.0000000000E+00,    0.0000000000E+00,    0.0000000000E+00,    1.7647784476E+02
    140250,      0.676947,CP9_after_PTsource,   1,    0.0000000000E+00,    1.7647784476E+02,    1.7647784476E+02,    0.0000000000E+00,    0.0000000000E+00,    0.0000000000E+00,    1.7647784476E+02
    140250,      0.676947,CP10_after_neg_clamp,   1,    0.0000000000E+00,    1.7647784476E+02,    1.7647784476E+02,    0.0000000000E+00,    0.0000000000E+00,    0.0000000000E+00,    1.7647784476E+02
    140250,      0.676947,CP11_after_MPI,   1,    0.0000000000E+00,    1.7647784476E+02,    1.7647784476E+02,    0.0000000000E+00,    0.0000000000E+00,    0.0000000000E+00,    1.7647784476E+02
    140250,      0.676947,CP12_end,   1,    0.0000000000E+00,    1.7647784476E+02,    1.7647784476E+02,    0.0000000000E+00,    0.0000000000E+00,    0.0000000000E+00,    1.7647784476E+02
    140300,      0.676947,CP0_start,   1,    0.0000000000E+00,    1.7657281760E+02,    1.7657281760E+02,    0.0000000000E+00,    0.0000000000E+00,    0.0000000000E+00,    1.7657281760E+02
    140300,      0.676947,CP1_after_deposition,   1,    0.0000000000E+00,    1.7657281760E+02,    1.7657281760E+02,    0.0000000000E+00,    0.0000000000E+00,    0.0000000000E+00,    1.7657281760E+02
    140300,      0.676947,CP2_after_erosion,   1,    0.0000000000E+00,    1.7657281760E+02,    1.7657281760E+02,    0.0000000000E+00,    0.0000000000E+00,    0.0000000000E+00,    1.7657281760E+02
    140300,      0.676947,CP3_after_update_bottom,   1,    0.0000000000E+00,    1.7657281760E+02,    1.7657281760E+02,    0.0000000000E+00,    0.0000000000E+00,    0.0000000000E+00,    1.7657281760E+02
    140300,      0.676947,CP4_after_advection,   1,    0.0000000000E+00,    1.7657343776E+02,    1.7657343776E+02,    0.0000000000E+00,    0.0000000000E+00,    0.0000000000E+00,    1.7657343776E+02
    140300,      0.676947,CP5_after_vdif,   1,    0.0000000000E+00,    1.7657343776E+02,    1.7657343776E+02,    0.0000000000E+00,    0.0000000000E+00,    0.0000000000E+00,    1.7657343776E+02
    140300,      0.676947,CP6_after_kinetics,   1,    0.0000000000E+00,    1.7657343776E+02,    1.7657343776E+02,    0.0000000000E+00,    0.0000000000E+00,    0.0000000000E+00,    1.7657343776E+02
    140300,      0.676947,CP7_after_upper_clamp,   1,    0.0000000000E+00,    1.7657343776E+02,    1.7657343776E+02,    0.0000000000E+00,    0.0000000000E+00,    0.0000000000E+00,    1.7657343776E+02
    140300,      0.676947,CP8_after_OBC,   1,    0.0000000000E+00,    1.7657343776E+02,    1.7657343776E+02,    0.0000000000E+00,    0.0000000000E+00,    0.0000000000E+00,    1.7657343776E+02
    140300,      0.676947,CP9_after_PTsource,   1,    0.0000000000E+00,    1.7657343776E+02,    1.7657343776E+02,    0.0000000000E+00,    0.0000000000E+00,    0.0000000000E+00,    1.7657343776E+02
    140300,      0.676947,CP10_after_neg_clamp,   1,    0.0000000000E+00,    1.7657343776E+02,    1.7657343776E+02,    0.0000000000E+00,    0.0000000000E+00,    0.0000000000E+00,    1.7657343776E+02
    140300,      0.676947,CP11_after_MPI,   1,    0.0000000000E+00,    1.7657343776E+02,    1.7657343776E+02,    0.0000000000E+00,    0.0000000000E+00,    0.0000000000E+00,    1.7657343776E+02
    140300,      0.676947,CP12_end,   1,    0.0000000000E+00,    1.7657343776E+02,    1.7657343776E+02,    0.0000000000E+00,    0.0000000000E+00,    0.0000000000E+00,    1.7657343776E+02
    140350,      0.676947,CP0_start,   1,    0.0000000000E+00,    1.7666908859E+02,    1.7666908859E+02,    0.0000000000E+00,    0.0000000000E+00,    0.0000000000E+00,    1.7666908859E+02
    140350,      0.676947,CP1_after_deposition,   1,    0.0000000000E+00,    1.7666908859E+02,    1.7666908859E+02,    0.0000000000E+00,    0.0000000000E+00,    0.0000000000E+00,    1.7666908859E+02
    140350,      0.676947,CP2_after_erosion,   1,    0.0000000000E+00,    1.7666908859E+02,    1.7666908859E+02,    0.0000000000E+00,    0.0000000000E+00,    0.0000000000E+00,    1.7666908859E+02
    140350,      0.676947,CP3_after_update_bottom,   1,    0.0000000000E+00,    1.7666908859E+02,    1.7666908859E+02,    0.0000000000E+00,    0.0000000000E+00,    0.0000000000E+00,    1.7666908859E+02
    140350,      0.676947,CP4_after_advection,   1,    0.0000000000E+00,    1.7666983384E+02,    1.7666983384E+02,    0.0000000000E+00,    0.0000000000E+00,    0.0000000000E+00,    1.7666983384E+02
    140350,      0.676947,CP5_after_vdif,   1,    0.0000000000E+00,    1.7666983384E+02,    1.7666983384E+02,    0.0000000000E+00,    0.0000000000E+00,    0.0000000000E+00,    1.7666983384E+02
    140350,      0.676947,CP6_after_kinetics,   1,    0.0000000000E+00,    1.7666983384E+02,    1.7666983384E+02,    0.0000000000E+00,    0.0000000000E+00,    0.0000000000E+00,    1.7666983384E+02
    140350,      0.676947,CP7_after_upper_clamp,   1,    0.0000000000E+00,    1.7666983384E+02,    1.7666983384E+02,    0.0000000000E+00,    0.0000000000E+00,    0.0000000000E+00,    1.7666983384E+02
    140350,      0.676947,CP8_after_OBC,   1,    0.0000000000E+00,    1.7666983384E+02,    1.7666983384E+02,    0.0000000000E+00,    0.0000000000E+00,    0.0000000000E+00,    1.7666983384E+02
    140350,      0.676947,CP9_after_PTsource,   1,    0.0000000000E+00,    1.7666983384E+02,    1.7666983384E+02,    0.0000000000E+00,    0.0000000000E+00,    0.0000000000E+00,    1.7666983384E+02
    140350,      0.676947,CP10_after_neg_clamp,   1,    0.0000000000E+00,    1.7666983384E+02,    1.7666983384E+02,    0.0000000000E+00,    0.0000000000E+00,    0.0000000000E+00,    1.7666983384E+02
    140350,      0.676947,CP11_after_MPI,   1,    0.0000000000E+00,    1.7666983384E+02,    1.7666983384E+02,    0.0000000000E+00,    0.0000000000E+00,    0.0000000000E+00,    1.7666983384E+02
    140350,      0.676947,CP12_end,   1,    0.0000000000E+00,    1.7666983384E+02,    1.7666983384E+02,    0.0000000000E+00,    0.0000000000E+00,    0.0000000000E+00,    1.7666983384E+02
    140400,      0.676947,CP0_start,   1,    0.0000000000E+00,    1.7676624711E+02,    1.7676624711E+02,    0.0000000000E+00,    0.0000000000E+00,    0.0000000000E+00,    1.7676624711E+02
    140400,      0.676947,CP1_after_deposition,   1,    0.0000000000E+00,    1.7676624711E+02,    1.7676624711E+02,    0.0000000000E+00,    0.0000000000E+00,    0.0000000000E+00,    1.7676624711E+02
    140400,      0.676947,CP2_after_erosion,   1,    0.0000000000E+00,    1.7676624711E+02,    1.7676624711E+02,    0.0000000000E+00,    0.0000000000E+00,    0.0000000000E+00,    1.7676624711E+02
    140400,      0.676947,CP3_after_update_bottom,   1,    0.0000000000E+00,    1.7676624711E+02,    1.7676624711E+02,    0.0000000000E+00,    0.0000000000E+00,    0.0000000000E+00,    1.7676624711E+02
    140400,      0.676947,CP4_after_advection,   1,    0.0000000000E+00,    1.7676712078E+02,    1.7676712078E+02,    0.0000000000E+00,    0.0000000000E+00,    0.0000000000E+00,    1.7676712078E+02
    140400,      0.676947,CP5_after_vdif,   1,    0.0000000000E+00,    1.7676712078E+02,    1.7676712078E+02,    0.0000000000E+00,    0.0000000000E+00,    0.0000000000E+00,    1.7676712078E+02
    140400,      0.676947,CP6_after_kinetics,   1,    0.0000000000E+00,    1.7676712078E+02,    1.7676712078E+02,    0.0000000000E+00,    0.0000000000E+00,    0.0000000000E+00,    1.7676712078E+02
    140400,      0.676947,CP7_after_upper_clamp,   1,    0.0000000000E+00,    1.7676712078E+02,    1.7676712078E+02,    0.0000000000E+00,    0.0000000000E+00,    0.0000000000E+00,    1.7676712078E+02
    140400,      0.676947,CP8_after_OBC,   1,    0.0000000000E+00,    1.7676712078E+02,    1.7676712078E+02,    0.0000000000E+00,    0.0000000000E+00,    0.0000000000E+00,    1.7676712078E+02
    140400,      0.676947,CP9_after_PTsource,   1,    0.0000000000E+00,    1.7676712078E+02,    1.7676712078E+02,    0.0000000000E+00,    0.0000000000E+00,    0.0000000000E+00,    1.7676712078E+02
    140400,      0.676947,CP10_after_neg_clamp,   1,    0.0000000000E+00,    1.7676712078E+02,    1.7676712078E+02,    0.0000000000E+00,    0.0000000000E+00,    0.0000000000E+00,    1.7676712078E+02
    140400,      0.676947,CP11_after_MPI,   1,    0.0000000000E+00,    1.7676712078E+02,    1.7676712078E+02,    0.0000000000E+00,    0.0000000000E+00,    0.0000000000E+00,    1.7676712078E+02
    140400,      0.676947,CP12_end,   1,    0.0000000000E+00,    1.7676712078E+02,    1.7676712078E+02,    0.0000000000E+00,    0.0000000000E+00,    0.0000000000E+00,    1.7676712078E+02
    140450,      0.676947,CP0_start,   1,    0.0000000000E+00,    1.7686436191E+02,    1.7686436191E+02,    0.0000000000E+00,    0.0000000000E+00,    0.0000000000E+00,    1.7686436191E+02
    140450,      0.676947,CP1_after_deposition,   1,    0.0000000000E+00,    1.7686436191E+02,    1.7686436191E+02,    0.0000000000E+00,    0.0000000000E+00,    0.0000000000E+00,    1.7686436191E+02
    140450,      0.676947,CP2_after_erosion,   1,    0.0000000000E+00,    1.7686436191E+02,    1.7686436191E+02,    0.0000000000E+00,    0.0000000000E+00,    0.0000000000E+00,    1.7686436191E+02
    140450,      0.676947,CP3_after_update_bottom,   1,    0.0000000000E+00,    1.7686436191E+02,    1.7686436191E+02,    0.0000000000E+00,    0.0000000000E+00,    0.0000000000E+00,    1.7686436191E+02
    140450,      0.676947,CP4_after_advection,   1,    0.0000000000E+00,    1.7686536620E+02,    1.7686536620E+02,    0.0000000000E+00,    0.0000000000E+00,    0.0000000000E+00,    1.7686536620E+02
    140450,      0.676947,CP5_after_vdif,   1,    0.0000000000E+00,    1.7686536620E+02,    1.7686536620E+02,    0.0000000000E+00,    0.0000000000E+00,    0.0000000000E+00,    1.7686536620E+02
    140450,      0.676947,CP6_after_kinetics,   1,    0.0000000000E+00,    1.7686536620E+02,    1.7686536620E+02,    0.0000000000E+00,    0.0000000000E+00,    0.0000000000E+00,    1.7686536620E+02
    140450,      0.676947,CP7_after_upper_clamp,   1,    0.0000000000E+00,    1.7686536620E+02,    1.7686536620E+02,    0.0000000000E+00,    0.0000000000E+00,    0.0000000000E+00,    1.7686536620E+02
    140450,      0.676947,CP8_after_OBC,   1,    0.0000000000E+00,    1.7686536620E+02,    1.7686536620E+02,    0.0000000000E+00,    0.0000000000E+00,    0.0000000000E+00,    1.7686536620E+02
    140450,      0.676947,CP9_after_PTsource,   1,    0.0000000000E+00,    1.7686536620E+02,    1.7686536620E+02,    0.0000000000E+00,    0.0000000000E+00,    0.0000000000E+00,    1.7686536620E+02
    140450,      0.676947,CP10_after_neg_clamp,   1,    0.0000000000E+00,    1.7686536620E+02,    1.7686536620E+02,    0.0000000000E+00,    0.0000000000E+00,    0.0000000000E+00,    1.7686536620E+02
    140450,      0.676947,CP11_after_MPI,   1,    0.0000000000E+00,    1.7686536620E+02,    1.7686536620E+02,    0.0000000000E+00,    0.0000000000E+00,    0.0000000000E+00,    1.7686536620E+02
    140450,      0.676947,CP12_end,   1,    0.0000000000E+00,    1.7686536620E+02,    1.7686536620E+02,    0.0000000000E+00,    0.0000000000E+00,    0.0000000000E+00,    1.7686536620E+02
    140500,      0.676947,CP0_start,   1,    0.0000000000E+00,    1.7696340605E+02,    1.7696340605E+02,    0.0000000000E+00,    0.0000000000E+00,    0.0000000000E+00,    1.7696340605E+02
    140500,      0.676947,CP1_after_deposition,   1,    0.0000000000E+00,    1.7696340605E+02,    1.7696340605E+02,    0.0000000000E+00,    0.0000000000E+00,    0.0000000000E+00,    1.7696340605E+02
    140500,      0.676947,CP2_after_erosion,   1,    0.0000000000E+00,    1.7696340605E+02,    1.7696340605E+02,    0.0000000000E+00,    0.0000000000E+00,    0.0000000000E+00,    1.7696340605E+02
    140500,      0.676947,CP3_after_update_bottom,   1,    0.0000000000E+00,    1.7696340605E+02,    1.7696340605E+02,    0.0000000000E+00,    0.0000000000E+00,    0.0000000000E+00,    1.7696340605E+02
    140500,      0.676947,CP4_after_advection,   1,    0.0000000000E+00,    1.7696454325E+02,    1.7696454325E+02,    0.0000000000E+00,    0.0000000000E+00,    0.0000000000E+00,    1.7696454325E+02
    140500,      0.676947,CP5_after_vdif,   1,    0.0000000000E+00,    1.7696454325E+02,    1.7696454325E+02,    0.0000000000E+00,    0.0000000000E+00,    0.0000000000E+00,    1.7696454325E+02
    140500,      0.676947,CP6_after_kinetics,   1,    0.0000000000E+00,    1.7696454325E+02,    1.7696454325E+02,    0.0000000000E+00,    0.0000000000E+00,    0.0000000000E+00,    1.7696454325E+02
    140500,      0.676947,CP7_after_upper_clamp,   1,    0.0000000000E+00,    1.7696454325E+02,    1.7696454325E+02,    0.0000000000E+00,    0.0000000000E+00,    0.0000000000E+00,    1.7696454325E+02
    140500,      0.676947,CP8_after_OBC,   1,    0.0000000000E+00,    1.7696454325E+02,    1.7696454325E+02,    0.0000000000E+00,    0.0000000000E+00,    0.0000000000E+00,    1.7696454325E+02
    140500,      0.676947,CP9_after_PTsource,   1,    0.0000000000E+00,    1.7696454325E+02,    1.7696454325E+02,    0.0000000000E+00,    0.0000000000E+00,    0.0000000000E+00,    1.7696454325E+02
    140500,      0.676947,CP10_after_neg_clamp,   1,    0.0000000000E+00,    1.7696454325E+02,    1.7696454325E+02,    0.0000000000E+00,    0.0000000000E+00,    0.0000000000E+00,    1.7696454325E+02
    140500,      0.676947,CP11_after_MPI,   1,    0.0000000000E+00,    1.7696454325E+02,    1.7696454325E+02,    0.0000000000E+00,    0.0000000000E+00,    0.0000000000E+00,    1.7696454325E+02
    140500,      0.676947,CP12_end,   1,    0.0000000000E+00,    1.7696454325E+02,    1.7696454325E+02,    0.0000000000E+00,    0.0000000000E+00,    0.0000000000E+00,    1.7696454325E+02
    140550,      0.676947,CP0_start,   1,    0.0000000000E+00,    1.7706338817E+02,    1.7706338817E+02,    0.0000000000E+00,    0.0000000000E+00,    0.0000000000E+00,    1.7706338817E+02
    140550,      0.676947,CP1_after_deposition,   1,    0.0000000000E+00,    1.7706338817E+02,    1.7706338817E+02,    0.0000000000E+00,    0.0000000000E+00,    0.0000000000E+00,    1.7706338817E+02
    140550,      0.676947,CP2_after_erosion,   1,    0.0000000000E+00,    1.7706338817E+02,    1.7706338817E+02,    0.0000000000E+00,    0.0000000000E+00,    0.0000000000E+00,    1.7706338817E+02
    140550,      0.676947,CP3_after_update_bottom,   1,    0.0000000000E+00,    1.7706338817E+02,    1.7706338817E+02,    0.0000000000E+00,    0.0000000000E+00,    0.0000000000E+00,    1.7706338817E+02
    140550,      0.676947,CP4_after_advection,   1,    0.0000000000E+00,    1.7706466044E+02,    1.7706466044E+02,    0.0000000000E+00,    0.0000000000E+00,    0.0000000000E+00,    1.7706466044E+02
    140550,      0.676947,CP5_after_vdif,   1,    0.0000000000E+00,    1.7706466044E+02,    1.7706466044E+02,    0.0000000000E+00,    0.0000000000E+00,    0.0000000000E+00,    1.7706466044E+02
    140550,      0.676947,CP6_after_kinetics,   1,    0.0000000000E+00,    1.7706466044E+02,    1.7706466044E+02,    0.0000000000E+00,    0.0000000000E+00,    0.0000000000E+00,    1.7706466044E+02
    140550,      0.676947,CP7_after_upper_clamp,   1,    0.0000000000E+00,    1.7706466044E+02,    1.7706466044E+02,    0.0000000000E+00,    0.0000000000E+00,    0.0000000000E+00,    1.7706466044E+02
    140550,      0.676947,CP8_after_OBC,   1,    0.0000000000E+00,    1.7706466044E+02,    1.7706466044E+02,    0.0000000000E+00,    0.0000000000E+00,    0.0000000000E+00,    1.7706466044E+02
    140550,      0.676947,CP9_after_PTsource,   1,    0.0000000000E+00,    1.7706466044E+02,    1.7706466044E+02,    0.0000000000E+00,    0.0000000000E+00,    0.0000000000E+00,    1.7706466044E+02
    140550,      0.676947,CP10_after_neg_clamp,   1,    0.0000000000E+00,    1.7706466044E+02,    1.7706466044E+02,    0.0000000000E+00,    0.0000000000E+00,    0.0000000000E+00,    1.7706466044E+02
    140550,      0.676947,CP11_after_MPI,   1,    0.0000000000E+00,    1.7706466044E+02,    1.7706466044E+02,    0.0000000000E+00,    0.0000000000E+00,    0.0000000000E+00,    1.7706466044E+02
    140550,      0.676947,CP12_end,   1,    0.0000000000E+00,    1.7706466044E+02,    1.7706466044E+02,    0.0000000000E+00,    0.0000000000E+00,    0.0000000000E+00,    1.7706466044E+02
    140600,      0.676947,CP0_start,   1,    0.0000000000E+00,    1.7716432841E+02,    1.7716432841E+02,    0.0000000000E+00,    0.0000000000E+00,    0.0000000000E+00,    1.7716432841E+02
    140600,      0.676947,CP1_after_deposition,   1,    0.0000000000E+00,    1.7716432841E+02,    1.7716432841E+02,    0.0000000000E+00,    0.0000000000E+00,    0.0000000000E+00,    1.7716432841E+02
    140600,      0.676947,CP2_after_erosion,   1,    0.0000000000E+00,    1.7716432841E+02,    1.7716432841E+02,    0.0000000000E+00,    0.0000000000E+00,    0.0000000000E+00,    1.7716432841E+02
    140600,      0.676947,CP3_after_update_bottom,   1,    0.0000000000E+00,    1.7716432841E+02,    1.7716432841E+02,    0.0000000000E+00,    0.0000000000E+00,    0.0000000000E+00,    1.7716432841E+02
    140600,      0.676947,CP4_after_advection,   1,    0.0000000000E+00,    1.7716573827E+02,    1.7716573827E+02,    0.0000000000E+00,    0.0000000000E+00,    0.0000000000E+00,    1.7716573827E+02
    140600,      0.676947,CP5_after_vdif,   1,    0.0000000000E+00,    1.7716573827E+02,    1.7716573827E+02,    0.0000000000E+00,    0.0000000000E+00,    0.0000000000E+00,    1.7716573827E+02
    140600,      0.676947,CP6_after_kinetics,   1,    0.0000000000E+00,    1.7716573827E+02,    1.7716573827E+02,    0.0000000000E+00,    0.0000000000E+00,    0.0000000000E+00,    1.7716573827E+02
    140600,      0.676947,CP7_after_upper_clamp,   1,    0.0000000000E+00,    1.7716573827E+02,    1.7716573827E+02,    0.0000000000E+00,    0.0000000000E+00,    0.0000000000E+00,    1.7716573827E+02
    140600,      0.676947,CP8_after_OBC,   1,    0.0000000000E+00,    1.7716573827E+02,    1.7716573827E+02,    0.0000000000E+00,    0.0000000000E+00,    0.0000000000E+00,    1.7716573827E+02
    140600,      0.676947,CP9_after_PTsource,   1,    0.0000000000E+00,    1.7716573827E+02,    1.7716573827E+02,    0.0000000000E+00,    0.0000000000E+00,    0.0000000000E+00,    1.7716573827E+02
    140600,      0.676947,CP10_after_neg_clamp,   1,    0.0000000000E+00,    1.7716573827E+02,    1.7716573827E+02,    0.0000000000E+00,    0.0000000000E+00,    0.0000000000E+00,    1.7716573827E+02
    140600,      0.676947,CP11_after_MPI,   1,    0.0000000000E+00,    1.7716573827E+02,    1.7716573827E+02,    0.0000000000E+00,    0.0000000000E+00,    0.0000000000E+00,    1.7716573827E+02
    140600,      0.676947,CP12_end,   1,    0.0000000000E+00,    1.7716573827E+02,    1.7716573827E+02,    0.0000000000E+00,    0.0000000000E+00,    0.0000000000E+00,    1.7716573827E+02
    140650,      0.676947,CP0_start,   1,    0.0000000000E+00,    1.7726632984E+02,    1.7726632984E+02,    0.0000000000E+00,    0.0000000000E+00,    0.0000000000E+00,    1.7726632984E+02
    140650,      0.676947,CP1_after_deposition,   1,    0.0000000000E+00,    1.7726632984E+02,    1.7726632984E+02,    0.0000000000E+00,    0.0000000000E+00,    0.0000000000E+00,    1.7726632984E+02
    140650,      0.676947,CP2_after_erosion,   1,    0.0000000000E+00,    1.7726632984E+02,    1.7726632984E+02,    0.0000000000E+00,    0.0000000000E+00,    0.0000000000E+00,    1.7726632984E+02
    140650,      0.676947,CP3_after_update_bottom,   1,    0.0000000000E+00,    1.7726632984E+02,    1.7726632984E+02,    0.0000000000E+00,    0.0000000000E+00,    0.0000000000E+00,    1.7726632984E+02
    140650,      0.676947,CP4_after_advection,   1,    0.0000000000E+00,    1.7726788034E+02,    1.7726788034E+02,    0.0000000000E+00,    0.0000000000E+00,    0.0000000000E+00,    1.7726788034E+02
    140650,      0.676947,CP5_after_vdif,   1,    0.0000000000E+00,    1.7726788034E+02,    1.7726788034E+02,    0.0000000000E+00,    0.0000000000E+00,    0.0000000000E+00,    1.7726788034E+02
    140650,      0.676947,CP6_after_kinetics,   1,    0.0000000000E+00,    1.7726788034E+02,    1.7726788034E+02,    0.0000000000E+00,    0.0000000000E+00,    0.0000000000E+00,    1.7726788034E+02
    140650,      0.676947,CP7_after_upper_clamp,   1,    0.0000000000E+00,    1.7726788034E+02,    1.7726788034E+02,    0.0000000000E+00,    0.0000000000E+00,    0.0000000000E+00,    1.7726788034E+02
    140650,      0.676947,CP8_after_OBC,   1,    0.0000000000E+00,    1.7726788034E+02,    1.7726788034E+02,    0.0000000000E+00,    0.0000000000E+00,    0.0000000000E+00,    1.7726788034E+02
    140650,      0.676947,CP9_after_PTsource,   1,    0.0000000000E+00,    1.7726788034E+02,    1.7726788034E+02,    0.0000000000E+00,    0.0000000000E+00,    0.0000000000E+00,    1.7726788034E+02
    140650,      0.676947,CP10_after_neg_clamp,   1,    0.0000000000E+00,    1.7726788034E+02,    1.7726788034E+02,    0.0000000000E+00,    0.0000000000E+00,    0.0000000000E+00,    1.7726788034E+02
    140650,      0.676947,CP11_after_MPI,   1,    0.0000000000E+00,    1.7726788034E+02,    1.7726788034E+02,    0.0000000000E+00,    0.0000000000E+00,    0.0000000000E+00,    1.7726788034E+02
    140650,      0.676947,CP12_end,   1,    0.0000000000E+00,    1.7726788034E+02,    1.7726788034E+02,    0.0000000000E+00,    0.0000000000E+00,    0.0000000000E+00,    1.7726788034E+02
    140700,      0.676947,CP0_start,   1,    0.0000000000E+00,    1.7736941948E+02,    1.7736941948E+02,    0.0000000000E+00,    0.0000000000E+00,    0.0000000000E+00,    1.7736941948E+02
    140700,      0.676947,CP1_after_deposition,   1,    0.0000000000E+00,    1.7736941948E+02,    1.7736941948E+02,    0.0000000000E+00,    0.0000000000E+00,    0.0000000000E+00,    1.7736941948E+02
    140700,      0.676947,CP2_after_erosion,   1,    0.0000000000E+00,    1.7736941948E+02,    1.7736941948E+02,    0.0000000000E+00,    0.0000000000E+00,    0.0000000000E+00,    1.7736941948E+02
    140700,      0.676947,CP3_after_update_bottom,   1,    0.0000000000E+00,    1.7736941948E+02,    1.7736941948E+02,    0.0000000000E+00,    0.0000000000E+00,    0.0000000000E+00,    1.7736941948E+02
    140700,      0.676947,CP4_after_advection,   1,    0.0000000000E+00,    1.7737111399E+02,    1.7737111399E+02,    0.0000000000E+00,    0.0000000000E+00,    0.0000000000E+00,    1.7737111399E+02
    140700,      0.676947,CP5_after_vdif,   1,    0.0000000000E+00,    1.7737111399E+02,    1.7737111399E+02,    0.0000000000E+00,    0.0000000000E+00,    0.0000000000E+00,    1.7737111399E+02
    140700,      0.676947,CP6_after_kinetics,   1,    0.0000000000E+00,    1.7737111399E+02,    1.7737111399E+02,    0.0000000000E+00,    0.0000000000E+00,    0.0000000000E+00,    1.7737111399E+02
    140700,      0.676947,CP7_after_upper_clamp,   1,    0.0000000000E+00,    1.7737111399E+02,    1.7737111399E+02,    0.0000000000E+00,    0.0000000000E+00,    0.0000000000E+00,    1.7737111399E+02
    140700,      0.676947,CP8_after_OBC,   1,    0.0000000000E+00,    1.7737111399E+02,    1.7737111399E+02,    0.0000000000E+00,    0.0000000000E+00,    0.0000000000E+00,    1.7737111399E+02
    140700,      0.676947,CP9_after_PTsource,   1,    0.0000000000E+00,    1.7737111399E+02,    1.7737111399E+02,    0.0000000000E+00,    0.0000000000E+00,    0.0000000000E+00,    1.7737111399E+02
    140700,      0.676947,CP10_after_neg_clamp,   1,    0.0000000000E+00,    1.7737111399E+02,    1.7737111399E+02,    0.0000000000E+00,    0.0000000000E+00,    0.0000000000E+00,    1.7737111399E+02
    140700,      0.676947,CP11_after_MPI,   1,    0.0000000000E+00,    1.7737111399E+02,    1.7737111399E+02,    0.0000000000E+00,    0.0000000000E+00,    0.0000000000E+00,    1.7737111399E+02
    140700,      0.676947,CP12_end,   1,    0.0000000000E+00,    1.7737111399E+02,    1.7737111399E+02,    0.0000000000E+00,    0.0000000000E+00,    0.0000000000E+00,    1.7737111399E+02
    140750,      0.676947,CP0_start,   1,    0.0000000000E+00,    1.7747355453E+02,    1.7747355453E+02,    0.0000000000E+00,    0.0000000000E+00,    0.0000000000E+00,    1.7747355453E+02
    140750,      0.676947,CP1_after_deposition,   1,    0.0000000000E+00,    1.7747355453E+02,    1.7747355453E+02,    0.0000000000E+00,    0.0000000000E+00,    0.0000000000E+00,    1.7747355453E+02
    140750,      0.676947,CP2_after_erosion,   1,    0.0000000000E+00,    1.7747355453E+02,    1.7747355453E+02,    0.0000000000E+00,    0.0000000000E+00,    0.0000000000E+00,    1.7747355453E+02
    140750,      0.676947,CP3_after_update_bottom,   1,    0.0000000000E+00,    1.7747355453E+02,    1.7747355453E+02,    0.0000000000E+00,    0.0000000000E+00,    0.0000000000E+00,    1.7747355453E+02
    140750,      0.676947,CP4_after_advection,   1,    0.0000000000E+00,    1.7747539173E+02,    1.7747539173E+02,    0.0000000000E+00,    0.0000000000E+00,    0.0000000000E+00,    1.7747539173E+02
    140750,      0.676947,CP5_after_vdif,   1,    0.0000000000E+00,    1.7747539173E+02,    1.7747539173E+02,    0.0000000000E+00,    0.0000000000E+00,    0.0000000000E+00,    1.7747539173E+02
    140750,      0.676947,CP6_after_kinetics,   1,    0.0000000000E+00,    1.7747539173E+02,    1.7747539173E+02,    0.0000000000E+00,    0.0000000000E+00,    0.0000000000E+00,    1.7747539173E+02
    140750,      0.676947,CP7_after_upper_clamp,   1,    0.0000000000E+00,    1.7747539173E+02,    1.7747539173E+02,    0.0000000000E+00,    0.0000000000E+00,    0.0000000000E+00,    1.7747539173E+02
    140750,      0.676947,CP8_after_OBC,   1,    0.0000000000E+00,    1.7747539173E+02,    1.7747539173E+02,    0.0000000000E+00,    0.0000000000E+00,    0.0000000000E+00,    1.7747539173E+02
    140750,      0.676947,CP9_after_PTsource,   1,    0.0000000000E+00,    1.7747539173E+02,    1.7747539173E+02,    0.0000000000E+00,    0.0000000000E+00,    0.0000000000E+00,    1.7747539173E+02
    140750,      0.676947,CP10_after_neg_clamp,   1,    0.0000000000E+00,    1.7747539173E+02,    1.7747539173E+02,    0.0000000000E+00,    0.0000000000E+00,    0.0000000000E+00,    1.7747539173E+02
    140750,      0.676947,CP11_after_MPI,   1,    0.0000000000E+00,    1.7747539173E+02,    1.7747539173E+02,    0.0000000000E+00,    0.0000000000E+00,    0.0000000000E+00,    1.7747539173E+02
    140750,      0.676947,CP12_end,   1,    0.0000000000E+00,    1.7747539173E+02,    1.7747539173E+02,    0.0000000000E+00,    0.0000000000E+00,    0.0000000000E+00,    1.7747539173E+02
    140800,      0.676947,CP0_start,   1,    0.0000000000E+00,    1.7757865119E+02,    1.7757865119E+02,    0.0000000000E+00,    0.0000000000E+00,    0.0000000000E+00,    1.7757865119E+02
    140800,      0.676947,CP1_after_deposition,   1,    0.0000000000E+00,    1.7757865119E+02,    1.7757865119E+02,    0.0000000000E+00,    0.0000000000E+00,    0.0000000000E+00,    1.7757865119E+02
    140800,      0.676947,CP2_after_erosion,   1,    0.0000000000E+00,    1.7757865119E+02,    1.7757865119E+02,    0.0000000000E+00,    0.0000000000E+00,    0.0000000000E+00,    1.7757865119E+02
    140800,      0.676947,CP3_after_update_bottom,   1,    0.0000000000E+00,    1.7757865119E+02,    1.7757865119E+02,    0.0000000000E+00,    0.0000000000E+00,    0.0000000000E+00,    1.7757865119E+02
    140800,      0.676947,CP4_after_advection,   1,    0.0000000000E+00,    1.7758062992E+02,    1.7758062992E+02,    0.0000000000E+00,    0.0000000000E+00,    0.0000000000E+00,    1.7758062992E+02
    140800,      0.676947,CP5_after_vdif,   1,    0.0000000000E+00,    1.7758062992E+02,    1.7758062992E+02,    0.0000000000E+00,    0.0000000000E+00,    0.0000000000E+00,    1.7758062992E+02
    140800,      0.676947,CP6_after_kinetics,   1,    0.0000000000E+00,    1.7758062992E+02,    1.7758062992E+02,    0.0000000000E+00,    0.0000000000E+00,    0.0000000000E+00,    1.7758062992E+02
    140800,      0.676947,CP7_after_upper_clamp,   1,    0.0000000000E+00,    1.7758062992E+02,    1.7758062992E+02,    0.0000000000E+00,    0.0000000000E+00,    0.0000000000E+00,    1.7758062992E+02
    140800,      0.676947,CP8_after_OBC,   1,    0.0000000000E+00,    1.7758062992E+02,    1.7758062992E+02,    0.0000000000E+00,    0.0000000000E+00,    0.0000000000E+00,    1.7758062992E+02
    140800,      0.676947,CP9_after_PTsource,   1,    0.0000000000E+00,    1.7758062992E+02,    1.7758062992E+02,    0.0000000000E+00,    0.0000000000E+00,    0.0000000000E+00,    1.7758062992E+02
    140800,      0.676947,CP10_after_neg_clamp,   1,    0.0000000000E+00,    1.7758062992E+02,    1.7758062992E+02,    0.0000000000E+00,    0.0000000000E+00,    0.0000000000E+00,    1.7758062992E+02
    140800,      0.676947,CP11_after_MPI,   1,    0.0000000000E+00,    1.7758062992E+02,    1.7758062992E+02,    0.0000000000E+00,    0.0000000000E+00,    0.0000000000E+00,    1.7758062992E+02
    140800,      0.676947,CP12_end,   1,    0.0000000000E+00,    1.7758062992E+02,    1.7758062992E+02,    0.0000000000E+00,    0.0000000000E+00,    0.0000000000E+00,    1.7758062992E+02
    140850,      0.676947,CP0_start,   1,    0.0000000000E+00,    1.7768464331E+02,    1.7768464331E+02,    0.0000000000E+00,    0.0000000000E+00,    0.0000000000E+00,    1.7768464331E+02
    140850,      0.676947,CP1_after_deposition,   1,    0.0000000000E+00,    1.7768464331E+02,    1.7768464331E+02,    0.0000000000E+00,    0.0000000000E+00,    0.0000000000E+00,    1.7768464331E+02
    140850,      0.676947,CP2_after_erosion,   1,    0.0000000000E+00,    1.7768464331E+02,    1.7768464331E+02,    0.0000000000E+00,    0.0000000000E+00,    0.0000000000E+00,    1.7768464331E+02
    140850,      0.676947,CP3_after_update_bottom,   1,    0.0000000000E+00,    1.7768464331E+02,    1.7768464331E+02,    0.0000000000E+00,    0.0000000000E+00,    0.0000000000E+00,    1.7768464331E+02
    140850,      0.676947,CP4_after_advection,   1,    0.0000000000E+00,    1.7768676387E+02,    1.7768676387E+02,    0.0000000000E+00,    0.0000000000E+00,    0.0000000000E+00,    1.7768676387E+02
    140850,      0.676947,CP5_after_vdif,   1,    0.0000000000E+00,    1.7768676387E+02,    1.7768676387E+02,    0.0000000000E+00,    0.0000000000E+00,    0.0000000000E+00,    1.7768676387E+02
    140850,      0.676947,CP6_after_kinetics,   1,    0.0000000000E+00,    1.7768676387E+02,    1.7768676387E+02,    0.0000000000E+00,    0.0000000000E+00,    0.0000000000E+00,    1.7768676387E+02
    140850,      0.676947,CP7_after_upper_clamp,   1,    0.0000000000E+00,    1.7768676387E+02,    1.7768676387E+02,    0.0000000000E+00,    0.0000000000E+00,    0.0000000000E+00,    1.7768676387E+02
    140850,      0.676947,CP8_after_OBC,   1,    0.0000000000E+00,    1.7768676387E+02,    1.7768676387E+02,    0.0000000000E+00,    0.0000000000E+00,    0.0000000000E+00,    1.7768676387E+02
    140850,      0.676947,CP9_after_PTsource,   1,    0.0000000000E+00,    1.7768676387E+02,    1.7768676387E+02,    0.0000000000E+00,    0.0000000000E+00,    0.0000000000E+00,    1.7768676387E+02
    140850,      0.676947,CP10_after_neg_clamp,   1,    0.0000000000E+00,    1.7768676387E+02,    1.7768676387E+02,    0.0000000000E+00,    0.0000000000E+00,    0.0000000000E+00,    1.7768676387E+02
    140850,      0.676947,CP11_after_MPI,   1,    0.0000000000E+00,    1.7768676387E+02,    1.7768676387E+02,    0.0000000000E+00,    0.0000000000E+00,    0.0000000000E+00,    1.7768676387E+02
    140850,      0.676947,CP12_end,   1,    0.0000000000E+00,    1.7768676387E+02,    1.7768676387E+02,    0.0000000000E+00,    0.0000000000E+00,    0.0000000000E+00,    1.7768676387E+02
    140900,      0.676947,CP0_start,   1,    0.0000000000E+00,    1.7779143035E+02,    1.7779143035E+02,    0.0000000000E+00,    0.0000000000E+00,    0.0000000000E+00,    1.7779143035E+02
    140900,      0.676947,CP1_after_deposition,   1,    0.0000000000E+00,    1.7779143035E+02,    1.7779143035E+02,    0.0000000000E+00,    0.0000000000E+00,    0.0000000000E+00,    1.7779143035E+02
    140900,      0.676947,CP2_after_erosion,   1,    0.0000000000E+00,    1.7779143035E+02,    1.7779143035E+02,    0.0000000000E+00,    0.0000000000E+00,    0.0000000000E+00,    1.7779143035E+02
    140900,      0.676947,CP3_after_update_bottom,   1,    0.0000000000E+00,    1.7779143035E+02,    1.7779143035E+02,    0.0000000000E+00,    0.0000000000E+00,    0.0000000000E+00,    1.7779143035E+02
    140900,      0.676947,CP4_after_advection,   1,    0.0000000000E+00,    1.7779369236E+02,    1.7779369236E+02,    0.0000000000E+00,    0.0000000000E+00,    0.0000000000E+00,    1.7779369236E+02
    140900,      0.676947,CP5_after_vdif,   1,    0.0000000000E+00,    1.7779369236E+02,    1.7779369236E+02,    0.0000000000E+00,    0.0000000000E+00,    0.0000000000E+00,    1.7779369236E+02
    140900,      0.676947,CP6_after_kinetics,   1,    0.0000000000E+00,    1.7779369236E+02,    1.7779369236E+02,    0.0000000000E+00,    0.0000000000E+00,    0.0000000000E+00,    1.7779369236E+02
    140900,      0.676947,CP7_after_upper_clamp,   1,    0.0000000000E+00,    1.7779369236E+02,    1.7779369236E+02,    0.0000000000E+00,    0.0000000000E+00,    0.0000000000E+00,    1.7779369236E+02
    140900,      0.676947,CP8_after_OBC,   1,    0.0000000000E+00,    1.7779369236E+02,    1.7779369236E+02,    0.0000000000E+00,    0.0000000000E+00,    0.0000000000E+00,    1.7779369236E+02
    140900,      0.676947,CP9_after_PTsource,   1,    0.0000000000E+00,    1.7779369236E+02,    1.7779369236E+02,    0.0000000000E+00,    0.0000000000E+00,    0.0000000000E+00,    1.7779369236E+02
    140900,      0.676947,CP10_after_neg_clamp,   1,    0.0000000000E+00,    1.7779369236E+02,    1.7779369236E+02,    0.0000000000E+00,    0.0000000000E+00,    0.0000000000E+00,    1.7779369236E+02
    140900,      0.676947,CP11_after_MPI,   1,    0.0000000000E+00,    1.7779369236E+02,    1.7779369236E+02,    0.0000000000E+00,    0.0000000000E+00,    0.0000000000E+00,    1.7779369236E+02
    140900,      0.676947,CP12_end,   1,    0.0000000000E+00,    1.7779369236E+02,    1.7779369236E+02,    0.0000000000E+00,    0.0000000000E+00,    0.0000000000E+00,    1.7779369236E+02
    140950,      0.676947,CP0_start,   1,    0.0000000000E+00,    1.7789886814E+02,    1.7789886814E+02,    0.0000000000E+00,    0.0000000000E+00,    0.0000000000E+00,    1.7789886814E+02
    140950,      0.676947,CP1_after_deposition,   1,    0.0000000000E+00,    1.7789886814E+02,    1.7789886814E+02,    0.0000000000E+00,    0.0000000000E+00,    0.0000000000E+00,    1.7789886814E+02
    140950,      0.676947,CP2_after_erosion,   1,    0.0000000000E+00,    1.7789886814E+02,    1.7789886814E+02,    0.0000000000E+00,    0.0000000000E+00,    0.0000000000E+00,    1.7789886814E+02
    140950,      0.676947,CP3_after_update_bottom,   1,    0.0000000000E+00,    1.7789886814E+02,    1.7789886814E+02,    0.0000000000E+00,    0.0000000000E+00,    0.0000000000E+00,    1.7789886814E+02
    140950,      0.676947,CP4_after_advection,   1,    0.0000000000E+00,    1.7790126509E+02,    1.7790126509E+02,    0.0000000000E+00,    0.0000000000E+00,    0.0000000000E+00,    1.7790126509E+02
    140950,      0.676947,CP5_after_vdif,   1,    0.0000000000E+00,    1.7790126509E+02,    1.7790126509E+02,    0.0000000000E+00,    0.0000000000E+00,    0.0000000000E+00,    1.7790126509E+02
    140950,      0.676947,CP6_after_kinetics,   1,    0.0000000000E+00,    1.7790126509E+02,    1.7790126509E+02,    0.0000000000E+00,    0.0000000000E+00,    0.0000000000E+00,    1.7790126509E+02
    140950,      0.676947,CP7_after_upper_clamp,   1,    0.0000000000E+00,    1.7790126509E+02,    1.7790126509E+02,    0.0000000000E+00,    0.0000000000E+00,    0.0000000000E+00,    1.7790126509E+02
    140950,      0.676947,CP8_after_OBC,   1,    0.0000000000E+00,    1.7790126509E+02,    1.7790126509E+02,    0.0000000000E+00,    0.0000000000E+00,    0.0000000000E+00,    1.7790126509E+02
    140950,      0.676947,CP9_after_PTsource,   1,    0.0000000000E+00,    1.7790126509E+02,    1.7790126509E+02,    0.0000000000E+00,    0.0000000000E+00,    0.0000000000E+00,    1.7790126509E+02
    140950,      0.676947,CP10_after_neg_clamp,   1,    0.0000000000E+00,    1.7790126509E+02,    1.7790126509E+02,    0.0000000000E+00,    0.0000000000E+00,    0.0000000000E+00,    1.7790126509E+02
    140950,      0.676947,CP11_after_MPI,   1,    0.0000000000E+00,    1.7790126509E+02,    1.7790126509E+02,    0.0000000000E+00,    0.0000000000E+00,    0.0000000000E+00,    1.7790126509E+02
    140950,      0.676947,CP12_end,   1,    0.0000000000E+00,    1.7790126509E+02,    1.7790126509E+02,    0.0000000000E+00,    0.0000000000E+00,    0.0000000000E+00,    1.7790126509E+02
    141000,      0.676947,CP0_start,   1,    0.0000000000E+00,    1.7800674019E+02,    1.7800674019E+02,    0.0000000000E+00,    0.0000000000E+00,    0.0000000000E+00,    1.7800674019E+02
    141000,      0.676947,CP1_after_deposition,   1,    0.0000000000E+00,    1.7800674019E+02,    1.7800674019E+02,    0.0000000000E+00,    0.0000000000E+00,    0.0000000000E+00,    1.7800674019E+02
    141000,      0.676947,CP2_after_erosion,   1,    0.0000000000E+00,    1.7800674019E+02,    1.7800674019E+02,    0.0000000000E+00,    0.0000000000E+00,    0.0000000000E+00,    1.7800674019E+02
    141000,      0.676947,CP3_after_update_bottom,   1,    0.0000000000E+00,    1.7800674019E+02,    1.7800674019E+02,    0.0000000000E+00,    0.0000000000E+00,    0.0000000000E+00,    1.7800674019E+02
    141000,      0.676947,CP4_after_advection,   1,    0.0000000000E+00,    1.7800926703E+02,    1.7800926703E+02,    0.0000000000E+00,    0.0000000000E+00,    0.0000000000E+00,    1.7800926703E+02
    141000,      0.676947,CP5_after_vdif,   1,    0.0000000000E+00,    1.7800926703E+02,    1.7800926703E+02,    0.0000000000E+00,    0.0000000000E+00,    0.0000000000E+00,    1.7800926703E+02
    141000,      0.676947,CP6_after_kinetics,   1,    0.0000000000E+00,    1.7800926703E+02,    1.7800926703E+02,    0.0000000000E+00,    0.0000000000E+00,    0.0000000000E+00,    1.7800926703E+02
    141000,      0.676947,CP7_after_upper_clamp,   1,    0.0000000000E+00,    1.7800926703E+02,    1.7800926703E+02,    0.0000000000E+00,    0.0000000000E+00,    0.0000000000E+00,    1.7800926703E+02
    141000,      0.676947,CP8_after_OBC,   1,    0.0000000000E+00,    1.7800926703E+02,    1.7800926703E+02,    0.0000000000E+00,    0.0000000000E+00,    0.0000000000E+00,    1.7800926703E+02
    141000,      0.676947,CP9_after_PTsource,   1,    0.0000000000E+00,    1.7800926703E+02,    1.7800926703E+02,    0.0000000000E+00,    0.0000000000E+00,    0.0000000000E+00,    1.7800926703E+02
    141000,      0.676947,CP10_after_neg_clamp,   1,    0.0000000000E+00,    1.7800926703E+02,    1.7800926703E+02,    0.0000000000E+00,    0.0000000000E+00,    0.0000000000E+00,    1.7800926703E+02
    141000,      0.676947,CP11_after_MPI,   1,    0.0000000000E+00,    1.7800926703E+02,    1.7800926703E+02,    0.0000000000E+00,    0.0000000000E+00,    0.0000000000E+00,    1.7800926703E+02
    141000,      0.676947,CP12_end,   1,    0.0000000000E+00,    1.7800926703E+02,    1.7800926703E+02,    0.0000000000E+00,    0.0000000000E+00,    0.0000000000E+00,    1.7800926703E+02
    141050,      0.676948,CP0_start,   1,    0.0000000000E+00,    1.7811469565E+02,    1.7811469565E+02,    0.0000000000E+00,    0.0000000000E+00,    0.0000000000E+00,    1.7811469565E+02
    141050,      0.676948,CP1_after_deposition,   1,    0.0000000000E+00,    1.7811469565E+02,    1.7811469565E+02,    0.0000000000E+00,    0.0000000000E+00,    0.0000000000E+00,    1.7811469565E+02
    141050,      0.676948,CP2_after_erosion,   1,    0.0000000000E+00,    1.7811469565E+02,    1.7811469565E+02,    0.0000000000E+00,    0.0000000000E+00,    0.0000000000E+00,    1.7811469565E+02
    141050,      0.676948,CP3_after_update_bottom,   1,    0.0000000000E+00,    1.7811469565E+02,    1.7811469565E+02,    0.0000000000E+00,    0.0000000000E+00,    0.0000000000E+00,    1.7811469565E+02
    141050,      0.676948,CP4_after_advection,   1,    0.0000000000E+00,    1.7811734303E+02,    1.7811734303E+02,    0.0000000000E+00,    0.0000000000E+00,    0.0000000000E+00,    1.7811734303E+02
    141050,      0.676948,CP5_after_vdif,   1,    0.0000000000E+00,    1.7811734303E+02,    1.7811734303E+02,    0.0000000000E+00,    0.0000000000E+00,    0.0000000000E+00,    1.7811734303E+02
    141050,      0.676948,CP6_after_kinetics,   1,    0.0000000000E+00,    1.7811734303E+02,    1.7811734303E+02,    0.0000000000E+00,    0.0000000000E+00,    0.0000000000E+00,    1.7811734303E+02
    141050,      0.676948,CP7_after_upper_clamp,   1,    0.0000000000E+00,    1.7811734303E+02,    1.7811734303E+02,    0.0000000000E+00,    0.0000000000E+00,    0.0000000000E+00,    1.7811734303E+02
    141050,      0.676948,CP8_after_OBC,   1,    0.0000000000E+00,    1.7811734303E+02,    1.7811734303E+02,    0.0000000000E+00,    0.0000000000E+00,    0.0000000000E+00,    1.7811734303E+02
    141050,      0.676948,CP9_after_PTsource,   1,    0.0000000000E+00,    1.7811734303E+02,    1.7811734303E+02,    0.0000000000E+00,    0.0000000000E+00,    0.0000000000E+00,    1.7811734303E+02
    141050,      0.676948,CP10_after_neg_clamp,   1,    0.0000000000E+00,    1.7811734303E+02,    1.7811734303E+02,    0.0000000000E+00,    0.0000000000E+00,    0.0000000000E+00,    1.7811734303E+02
    141050,      0.676948,CP11_after_MPI,   1,    0.0000000000E+00,    1.7811734303E+02,    1.7811734303E+02,    0.0000000000E+00,    0.0000000000E+00,    0.0000000000E+00,    1.7811734303E+02
    141050,      0.676948,CP12_end,   1,    0.0000000000E+00,    1.7811734303E+02,    1.7811734303E+02,    0.0000000000E+00,    0.0000000000E+00,    0.0000000000E+00,    1.7811734303E+02
    141100,      0.676948,CP0_start,   1,    0.0000000000E+00,    1.7822221510E+02,    1.7822221510E+02,    0.0000000000E+00,    0.0000000000E+00,    0.0000000000E+00,    1.7822221510E+02
    141100,      0.676948,CP1_after_deposition,   1,    0.0000000000E+00,    1.7822221510E+02,    1.7822221510E+02,    0.0000000000E+00,    0.0000000000E+00,    0.0000000000E+00,    1.7822221510E+02
    141100,      0.676948,CP2_after_erosion,   1,    0.0000000000E+00,    1.7822221510E+02,    1.7822221510E+02,    0.0000000000E+00,    0.0000000000E+00,    0.0000000000E+00,    1.7822221510E+02
    141100,      0.676948,CP3_after_update_bottom,   1,    0.0000000000E+00,    1.7822221510E+02,    1.7822221510E+02,    0.0000000000E+00,    0.0000000000E+00,    0.0000000000E+00,    1.7822221510E+02
    141100,      0.676948,CP4_after_advection,   1,    0.0000000000E+00,    1.7822497047E+02,    1.7822497047E+02,    0.0000000000E+00,    0.0000000000E+00,    0.0000000000E+00,    1.7822497047E+02
    141100,      0.676948,CP5_after_vdif,   1,    0.0000000000E+00,    1.7822497047E+02,    1.7822497047E+02,    0.0000000000E+00,    0.0000000000E+00,    0.0000000000E+00,    1.7822497047E+02
    141100,      0.676948,CP6_after_kinetics,   1,    0.0000000000E+00,    1.7822497047E+02,    1.7822497047E+02,    0.0000000000E+00,    0.0000000000E+00,    0.0000000000E+00,    1.7822497047E+02
    141100,      0.676948,CP7_after_upper_clamp,   1,    0.0000000000E+00,    1.7822497047E+02,    1.7822497047E+02,    0.0000000000E+00,    0.0000000000E+00,    0.0000000000E+00,    1.7822497047E+02
    141100,      0.676948,CP8_after_OBC,   1,    0.0000000000E+00,    1.7822497047E+02,    1.7822497047E+02,    0.0000000000E+00,    0.0000000000E+00,    0.0000000000E+00,    1.7822497047E+02
    141100,      0.676948,CP9_after_PTsource,   1,    0.0000000000E+00,    1.7822497047E+02,    1.7822497047E+02,    0.0000000000E+00,    0.0000000000E+00,    0.0000000000E+00,    1.7822497047E+02
    141100,      0.676948,CP10_after_neg_clamp,   1,    0.0000000000E+00,    1.7822497047E+02,    1.7822497047E+02,    0.0000000000E+00,    0.0000000000E+00,    0.0000000000E+00,    1.7822497047E+02
    141100,      0.676948,CP11_after_MPI,   1,    0.0000000000E+00,    1.7822497047E+02,    1.7822497047E+02,    0.0000000000E+00,    0.0000000000E+00,    0.0000000000E+00,    1.7822497047E+02
    141100,      0.676948,CP12_end,   1,    0.0000000000E+00,    1.7822497047E+02,    1.7822497047E+02,    0.0000000000E+00,    0.0000000000E+00,    0.0000000000E+00,    1.7822497047E+02
    141150,      0.676948,CP0_start,   1,    0.0000000000E+00,    1.7832859866E+02,    1.7832859866E+02,    0.0000000000E+00,    0.0000000000E+00,    0.0000000000E+00,    1.7832859866E+02
    141150,      0.676948,CP1_after_deposition,   1,    0.0000000000E+00,    1.7832859866E+02,    1.7832859866E+02,    0.0000000000E+00,    0.0000000000E+00,    0.0000000000E+00,    1.7832859866E+02
    141150,      0.676948,CP2_after_erosion,   1,    0.0000000000E+00,    1.7832859866E+02,    1.7832859866E+02,    0.0000000000E+00,    0.0000000000E+00,    0.0000000000E+00,    1.7832859866E+02
    141150,      0.676948,CP3_after_update_bottom,   1,    0.0000000000E+00,    1.7832859866E+02,    1.7832859866E+02,    0.0000000000E+00,    0.0000000000E+00,    0.0000000000E+00,    1.7832859866E+02
    141150,      0.676948,CP4_after_advection,   1,    0.0000000000E+00,    1.7833144564E+02,    1.7833144564E+02,    0.0000000000E+00,    0.0000000000E+00,    0.0000000000E+00,    1.7833144564E+02
    141150,      0.676948,CP5_after_vdif,   1,    0.0000000000E+00,    1.7833144564E+02,    1.7833144564E+02,    0.0000000000E+00,    0.0000000000E+00,    0.0000000000E+00,    1.7833144564E+02
    141150,      0.676948,CP6_after_kinetics,   1,    0.0000000000E+00,    1.7833144564E+02,    1.7833144564E+02,    0.0000000000E+00,    0.0000000000E+00,    0.0000000000E+00,    1.7833144564E+02
    141150,      0.676948,CP7_after_upper_clamp,   1,    0.0000000000E+00,    1.7833144564E+02,    1.7833144564E+02,    0.0000000000E+00,    0.0000000000E+00,    0.0000000000E+00,    1.7833144564E+02
    141150,      0.676948,CP8_after_OBC,   1,    0.0000000000E+00,    1.7833144564E+02,    1.7833144564E+02,    0.0000000000E+00,    0.0000000000E+00,    0.0000000000E+00,    1.7833144564E+02
    141150,      0.676948,CP9_after_PTsource,   1,    0.0000000000E+00,    1.7833144564E+02,    1.7833144564E+02,    0.0000000000E+00,    0.0000000000E+00,    0.0000000000E+00,    1.7833144564E+02
    141150,      0.676948,CP10_after_neg_clamp,   1,    0.0000000000E+00,    1.7833144564E+02,    1.7833144564E+02,    0.0000000000E+00,    0.0000000000E+00,    0.0000000000E+00,    1.7833144564E+02
    141150,      0.676948,CP11_after_MPI,   1,    0.0000000000E+00,    1.7833144564E+02,    1.7833144564E+02,    0.0000000000E+00,    0.0000000000E+00,    0.0000000000E+00,    1.7833144564E+02
    141150,      0.676948,CP12_end,   1,    0.0000000000E+00,    1.7833144564E+02,    1.7833144564E+02,    0.0000000000E+00,    0.0000000000E+00,    0.0000000000E+00,    1.7833144564E+02
    141200,      0.676948,CP0_start,   1,    0.0000000000E+00,    1.7843314211E+02,    1.7843314211E+02,    0.0000000000E+00,    0.0000000000E+00,    0.0000000000E+00,    1.7843314211E+02
    141200,      0.676948,CP1_after_deposition,   1,    0.0000000000E+00,    1.7843314211E+02,    1.7843314211E+02,    0.0000000000E+00,    0.0000000000E+00,    0.0000000000E+00,    1.7843314211E+02
    141200,      0.676948,CP2_after_erosion,   1,    0.0000000000E+00,    1.7843314211E+02,    1.7843314211E+02,    0.0000000000E+00,    0.0000000000E+00,    0.0000000000E+00,    1.7843314211E+02
    141200,      0.676948,CP3_after_update_bottom,   1,    0.0000000000E+00,    1.7843314211E+02,    1.7843314211E+02,    0.0000000000E+00,    0.0000000000E+00,    0.0000000000E+00,    1.7843314211E+02
    141200,      0.676948,CP4_after_advection,   1,    0.0000000000E+00,    1.7843606797E+02,    1.7843606797E+02,    0.0000000000E+00,    0.0000000000E+00,    0.0000000000E+00,    1.7843606797E+02
    141200,      0.676948,CP5_after_vdif,   1,    0.0000000000E+00,    1.7843606797E+02,    1.7843606797E+02,    0.0000000000E+00,    0.0000000000E+00,    0.0000000000E+00,    1.7843606797E+02
    141200,      0.676948,CP6_after_kinetics,   1,    0.0000000000E+00,    1.7843606797E+02,    1.7843606797E+02,    0.0000000000E+00,    0.0000000000E+00,    0.0000000000E+00,    1.7843606797E+02
    141200,      0.676948,CP7_after_upper_clamp,   1,    0.0000000000E+00,    1.7843606797E+02,    1.7843606797E+02,    0.0000000000E+00,    0.0000000000E+00,    0.0000000000E+00,    1.7843606797E+02
    141200,      0.676948,CP8_after_OBC,   1,    0.0000000000E+00,    1.7843606797E+02,    1.7843606797E+02,    0.0000000000E+00,    0.0000000000E+00,    0.0000000000E+00,    1.7843606797E+02
    141200,      0.676948,CP9_after_PTsource,   1,    0.0000000000E+00,    1.7843606797E+02,    1.7843606797E+02,    0.0000000000E+00,    0.0000000000E+00,    0.0000000000E+00,    1.7843606797E+02
    141200,      0.676948,CP10_after_neg_clamp,   1,    0.0000000000E+00,    1.7843606797E+02,    1.7843606797E+02,    0.0000000000E+00,    0.0000000000E+00,    0.0000000000E+00,    1.7843606797E+02
    141200,      0.676948,CP11_after_MPI,   1,    0.0000000000E+00,    1.7843606797E+02,    1.7843606797E+02,    0.0000000000E+00,    0.0000000000E+00,    0.0000000000E+00,    1.7843606797E+02
    141200,      0.676948,CP12_end,   1,    0.0000000000E+00,    1.7843606797E+02,    1.7843606797E+02,    0.0000000000E+00,    0.0000000000E+00,    0.0000000000E+00,    1.7843606797E+02
    141250,      0.676948,CP0_start,   1,    0.0000000000E+00,    1.7853539647E+02,    1.7853539647E+02,    0.0000000000E+00,    0.0000000000E+00,    0.0000000000E+00,    1.7853539647E+02
    141250,      0.676948,CP1_after_deposition,   1,    0.0000000000E+00,    1.7853539647E+02,    1.7853539647E+02,    0.0000000000E+00,    0.0000000000E+00,    0.0000000000E+00,    1.7853539647E+02
    141250,      0.676948,CP2_after_erosion,   1,    0.0000000000E+00,    1.7853539647E+02,    1.7853539647E+02,    0.0000000000E+00,    0.0000000000E+00,    0.0000000000E+00,    1.7853539647E+02
    141250,      0.676948,CP3_after_update_bottom,   1,    0.0000000000E+00,    1.7853539647E+02,    1.7853539647E+02,    0.0000000000E+00,    0.0000000000E+00,    0.0000000000E+00,    1.7853539647E+02
    141250,      0.676948,CP4_after_advection,   1,    0.0000000000E+00,    1.7853839985E+02,    1.7853839985E+02,    0.0000000000E+00,    0.0000000000E+00,    0.0000000000E+00,    1.7853839985E+02
    141250,      0.676948,CP5_after_vdif,   1,    0.0000000000E+00,    1.7853839985E+02,    1.7853839985E+02,    0.0000000000E+00,    0.0000000000E+00,    0.0000000000E+00,    1.7853839985E+02
    141250,      0.676948,CP6_after_kinetics,   1,    0.0000000000E+00,    1.7853839985E+02,    1.7853839985E+02,    0.0000000000E+00,    0.0000000000E+00,    0.0000000000E+00,    1.7853839985E+02
    141250,      0.676948,CP7_after_upper_clamp,   1,    0.0000000000E+00,    1.7853839985E+02,    1.7853839985E+02,    0.0000000000E+00,    0.0000000000E+00,    0.0000000000E+00,    1.7853839985E+02
    141250,      0.676948,CP8_after_OBC,   1,    0.0000000000E+00,    1.7853839985E+02,    1.7853839985E+02,    0.0000000000E+00,    0.0000000000E+00,    0.0000000000E+00,    1.7853839985E+02
    141250,      0.676948,CP9_after_PTsource,   1,    0.0000000000E+00,    1.7853839985E+02,    1.7853839985E+02,    0.0000000000E+00,    0.0000000000E+00,    0.0000000000E+00,    1.7853839985E+02
    141250,      0.676948,CP10_after_neg_clamp,   1,    0.0000000000E+00,    1.7853839985E+02,    1.7853839985E+02,    0.0000000000E+00,    0.0000000000E+00,    0.0000000000E+00,    1.7853839985E+02
    141250,      0.676948,CP11_after_MPI,   1,    0.0000000000E+00,    1.7853839985E+02,    1.7853839985E+02,    0.0000000000E+00,    0.0000000000E+00,    0.0000000000E+00,    1.7853839985E+02
    141250,      0.676948,CP12_end,   1,    0.0000000000E+00,    1.7853839985E+02,    1.7853839985E+02,    0.0000000000E+00,    0.0000000000E+00,    0.0000000000E+00,    1.7853839985E+02
    141300,      0.676948,CP0_start,   1,    0.0000000000E+00,    1.7863557952E+02,    1.7863557952E+02,    0.0000000000E+00,    0.0000000000E+00,    0.0000000000E+00,    1.7863557952E+02
    141300,      0.676948,CP1_after_deposition,   1,    0.0000000000E+00,    1.7863557952E+02,    1.7863557952E+02,    0.0000000000E+00,    0.0000000000E+00,    0.0000000000E+00,    1.7863557952E+02
    141300,      0.676948,CP2_after_erosion,   1,    0.0000000000E+00,    1.7863557952E+02,    1.7863557952E+02,    0.0000000000E+00,    0.0000000000E+00,    0.0000000000E+00,    1.7863557952E+02
    141300,      0.676948,CP3_after_update_bottom,   1,    0.0000000000E+00,    1.7863557952E+02,    1.7863557952E+02,    0.0000000000E+00,    0.0000000000E+00,    0.0000000000E+00,    1.7863557952E+02
    141300,      0.676948,CP4_after_advection,   1,    0.0000000000E+00,    1.7863867123E+02,    1.7863867123E+02,    0.0000000000E+00,    0.0000000000E+00,    0.0000000000E+00,    1.7863867123E+02
    141300,      0.676948,CP5_after_vdif,   1,    0.0000000000E+00,    1.7863867123E+02,    1.7863867123E+02,    0.0000000000E+00,    0.0000000000E+00,    0.0000000000E+00,    1.7863867123E+02
    141300,      0.676948,CP6_after_kinetics,   1,    0.0000000000E+00,    1.7863867123E+02,    1.7863867123E+02,    0.0000000000E+00,    0.0000000000E+00,    0.0000000000E+00,    1.7863867123E+02
    141300,      0.676948,CP7_after_upper_clamp,   1,    0.0000000000E+00,    1.7863867123E+02,    1.7863867123E+02,    0.0000000000E+00,    0.0000000000E+00,    0.0000000000E+00,    1.7863867123E+02
    141300,      0.676948,CP8_after_OBC,   1,    0.0000000000E+00,    1.7863867123E+02,    1.7863867123E+02,    0.0000000000E+00,    0.0000000000E+00,    0.0000000000E+00,    1.7863867123E+02
    141300,      0.676948,CP9_after_PTsource,   1,    0.0000000000E+00,    1.7863867123E+02,    1.7863867123E+02,    0.0000000000E+00,    0.0000000000E+00,    0.0000000000E+00,    1.7863867123E+02
    141300,      0.676948,CP10_after_neg_clamp,   1,    0.0000000000E+00,    1.7863867123E+02,    1.7863867123E+02,    0.0000000000E+00,    0.0000000000E+00,    0.0000000000E+00,    1.7863867123E+02
    141300,      0.676948,CP11_after_MPI,   1,    0.0000000000E+00,    1.7863867123E+02,    1.7863867123E+02,    0.0000000000E+00,    0.0000000000E+00,    0.0000000000E+00,    1.7863867123E+02
    141300,      0.676948,CP12_end,   1,    0.0000000000E+00,    1.7863867123E+02,    1.7863867123E+02,    0.0000000000E+00,    0.0000000000E+00,    0.0000000000E+00,    1.7863867123E+02
    141350,      0.676948,CP0_start,   1,    0.0000000000E+00,    1.7873497896E+02,    1.7873497896E+02,    0.0000000000E+00,    0.0000000000E+00,    0.0000000000E+00,    1.7873497896E+02
    141350,      0.676948,CP1_after_deposition,   1,    0.0000000000E+00,    1.7873497896E+02,    1.7873497896E+02,    0.0000000000E+00,    0.0000000000E+00,    0.0000000000E+00,    1.7873497896E+02
    141350,      0.676948,CP2_after_erosion,   1,    0.0000000000E+00,    1.7873497896E+02,    1.7873497896E+02,    0.0000000000E+00,    0.0000000000E+00,    0.0000000000E+00,    1.7873497896E+02
    141350,      0.676948,CP3_after_update_bottom,   1,    0.0000000000E+00,    1.7873497896E+02,    1.7873497896E+02,    0.0000000000E+00,    0.0000000000E+00,    0.0000000000E+00,    1.7873497896E+02
    141350,      0.676948,CP4_after_advection,   1,    0.0000000000E+00,    1.7873818669E+02,    1.7873818669E+02,    0.0000000000E+00,    0.0000000000E+00,    0.0000000000E+00,    1.7873818669E+02
    141350,      0.676948,CP5_after_vdif,   1,    0.0000000000E+00,    1.7873818669E+02,    1.7873818669E+02,    0.0000000000E+00,    0.0000000000E+00,    0.0000000000E+00,    1.7873818669E+02
    141350,      0.676948,CP6_after_kinetics,   1,    0.0000000000E+00,    1.7873818669E+02,    1.7873818669E+02,    0.0000000000E+00,    0.0000000000E+00,    0.0000000000E+00,    1.7873818669E+02
    141350,      0.676948,CP7_after_upper_clamp,   1,    0.0000000000E+00,    1.7873818669E+02,    1.7873818669E+02,    0.0000000000E+00,    0.0000000000E+00,    0.0000000000E+00,    1.7873818669E+02
    141350,      0.676948,CP8_after_OBC,   1,    0.0000000000E+00,    1.7873818669E+02,    1.7873818669E+02,    0.0000000000E+00,    0.0000000000E+00,    0.0000000000E+00,    1.7873818669E+02
    141350,      0.676948,CP9_after_PTsource,   1,    0.0000000000E+00,    1.7873818669E+02,    1.7873818669E+02,    0.0000000000E+00,    0.0000000000E+00,    0.0000000000E+00,    1.7873818669E+02
    141350,      0.676948,CP10_after_neg_clamp,   1,    0.0000000000E+00,    1.7873818669E+02,    1.7873818669E+02,    0.0000000000E+00,    0.0000000000E+00,    0.0000000000E+00,    1.7873818669E+02
    141350,      0.676948,CP11_after_MPI,   1,    0.0000000000E+00,    1.7873818669E+02,    1.7873818669E+02,    0.0000000000E+00,    0.0000000000E+00,    0.0000000000E+00,    1.7873818669E+02
    141350,      0.676948,CP12_end,   1,    0.0000000000E+00,    1.7873818669E+02,    1.7873818669E+02,    0.0000000000E+00,    0.0000000000E+00,    0.0000000000E+00,    1.7873818669E+02
    141400,      0.676948,CP0_start,   1,    0.0000000000E+00,    1.7883488196E+02,    1.7883488196E+02,    0.0000000000E+00,    0.0000000000E+00,    0.0000000000E+00,    1.7883488196E+02
    141400,      0.676948,CP1_after_deposition,   1,    0.0000000000E+00,    1.7883488196E+02,    1.7883488196E+02,    0.0000000000E+00,    0.0000000000E+00,    0.0000000000E+00,    1.7883488196E+02
    141400,      0.676948,CP2_after_erosion,   1,    0.0000000000E+00,    1.7883488196E+02,    1.7883488196E+02,    0.0000000000E+00,    0.0000000000E+00,    0.0000000000E+00,    1.7883488196E+02
    141400,      0.676948,CP3_after_update_bottom,   1,    0.0000000000E+00,    1.7883488196E+02,    1.7883488196E+02,    0.0000000000E+00,    0.0000000000E+00,    0.0000000000E+00,    1.7883488196E+02
    141400,      0.676948,CP4_after_advection,   1,    0.0000000000E+00,    1.7883824179E+02,    1.7883824179E+02,    0.0000000000E+00,    0.0000000000E+00,    0.0000000000E+00,    1.7883824179E+02
    141400,      0.676948,CP5_after_vdif,   1,    0.0000000000E+00,    1.7883824179E+02,    1.7883824179E+02,    0.0000000000E+00,    0.0000000000E+00,    0.0000000000E+00,    1.7883824179E+02
    141400,      0.676948,CP6_after_kinetics,   1,    0.0000000000E+00,    1.7883824179E+02,    1.7883824179E+02,    0.0000000000E+00,    0.0000000000E+00,    0.0000000000E+00,    1.7883824179E+02
    141400,      0.676948,CP7_after_upper_clamp,   1,    0.0000000000E+00,    1.7883824179E+02,    1.7883824179E+02,    0.0000000000E+00,    0.0000000000E+00,    0.0000000000E+00,    1.7883824179E+02
    141400,      0.676948,CP8_after_OBC,   1,    0.0000000000E+00,    1.7883824179E+02,    1.7883824179E+02,    0.0000000000E+00,    0.0000000000E+00,    0.0000000000E+00,    1.7883824179E+02
    141400,      0.676948,CP9_after_PTsource,   1,    0.0000000000E+00,    1.7883824179E+02,    1.7883824179E+02,    0.0000000000E+00,    0.0000000000E+00,    0.0000000000E+00,    1.7883824179E+02
    141400,      0.676948,CP10_after_neg_clamp,   1,    0.0000000000E+00,    1.7883824179E+02,    1.7883824179E+02,    0.0000000000E+00,    0.0000000000E+00,    0.0000000000E+00,    1.7883824179E+02
    141400,      0.676948,CP11_after_MPI,   1,    0.0000000000E+00,    1.7883824179E+02,    1.7883824179E+02,    0.0000000000E+00,    0.0000000000E+00,    0.0000000000E+00,    1.7883824179E+02
    141400,      0.676948,CP12_end,   1,    0.0000000000E+00,    1.7883824179E+02,    1.7883824179E+02,    0.0000000000E+00,    0.0000000000E+00,    0.0000000000E+00,    1.7883824179E+02
    141450,      0.676948,CP0_start,   1,    0.0000000000E+00,    1.7893702871E+02,    1.7893702871E+02,    0.0000000000E+00,    0.0000000000E+00,    0.0000000000E+00,    1.7893702871E+02
    141450,      0.676948,CP1_after_deposition,   1,    0.0000000000E+00,    1.7893702871E+02,    1.7893702871E+02,    0.0000000000E+00,    0.0000000000E+00,    0.0000000000E+00,    1.7893702871E+02
    141450,      0.676948,CP2_after_erosion,   1,    0.0000000000E+00,    1.7893702871E+02,    1.7893702871E+02,    0.0000000000E+00,    0.0000000000E+00,    0.0000000000E+00,    1.7893702871E+02
    141450,      0.676948,CP3_after_update_bottom,   1,    0.0000000000E+00,    1.7893702871E+02,    1.7893702871E+02,    0.0000000000E+00,    0.0000000000E+00,    0.0000000000E+00,    1.7893702871E+02
    141450,      0.676948,CP4_after_advection,   1,    0.0000000000E+00,    1.7894057612E+02,    1.7894057612E+02,    0.0000000000E+00,    0.0000000000E+00,    0.0000000000E+00,    1.7894057612E+02
    141450,      0.676948,CP5_after_vdif,   1,    0.0000000000E+00,    1.7894057612E+02,    1.7894057612E+02,    0.0000000000E+00,    0.0000000000E+00,    0.0000000000E+00,    1.7894057612E+02
    141450,      0.676948,CP6_after_kinetics,   1,    0.0000000000E+00,    1.7894057612E+02,    1.7894057612E+02,    0.0000000000E+00,    0.0000000000E+00,    0.0000000000E+00,    1.7894057612E+02
    141450,      0.676948,CP7_after_upper_clamp,   1,    0.0000000000E+00,    1.7894057612E+02,    1.7894057612E+02,    0.0000000000E+00,    0.0000000000E+00,    0.0000000000E+00,    1.7894057612E+02
    141450,      0.676948,CP8_after_OBC,   1,    0.0000000000E+00,    1.7894057612E+02,    1.7894057612E+02,    0.0000000000E+00,    0.0000000000E+00,    0.0000000000E+00,    1.7894057612E+02
    141450,      0.676948,CP9_after_PTsource,   1,    0.0000000000E+00,    1.7894057612E+02,    1.7894057612E+02,    0.0000000000E+00,    0.0000000000E+00,    0.0000000000E+00,    1.7894057612E+02
    141450,      0.676948,CP10_after_neg_clamp,   1,    0.0000000000E+00,    1.7894057612E+02,    1.7894057612E+02,    0.0000000000E+00,    0.0000000000E+00,    0.0000000000E+00,    1.7894057612E+02
    141450,      0.676948,CP11_after_MPI,   1,    0.0000000000E+00,    1.7894057612E+02,    1.7894057612E+02,    0.0000000000E+00,    0.0000000000E+00,    0.0000000000E+00,    1.7894057612E+02
    141450,      0.676948,CP12_end,   1,    0.0000000000E+00,    1.7894057612E+02,    1.7894057612E+02,    0.0000000000E+00,    0.0000000000E+00,    0.0000000000E+00,    1.7894057612E+02
    141500,      0.676948,CP0_start,   1,    0.0000000000E+00,    1.7904278933E+02,    1.7904278933E+02,    0.0000000000E+00,    0.0000000000E+00,    0.0000000000E+00,    1.7904278933E+02
    141500,      0.676948,CP1_after_deposition,   1,    0.0000000000E+00,    1.7904278933E+02,    1.7904278933E+02,    0.0000000000E+00,    0.0000000000E+00,    0.0000000000E+00,    1.7904278933E+02
    141500,      0.676948,CP2_after_erosion,   1,    0.0000000000E+00,    1.7904278933E+02,    1.7904278933E+02,    0.0000000000E+00,    0.0000000000E+00,    0.0000000000E+00,    1.7904278933E+02
    141500,      0.676948,CP3_after_update_bottom,   1,    0.0000000000E+00,    1.7904278933E+02,    1.7904278933E+02,    0.0000000000E+00,    0.0000000000E+00,    0.0000000000E+00,    1.7904278933E+02
    141500,      0.676948,CP4_after_advection,   1,    0.0000000000E+00,    1.7904654836E+02,    1.7904654836E+02,    0.0000000000E+00,    0.0000000000E+00,    0.0000000000E+00,    1.7904654836E+02
    141500,      0.676948,CP5_after_vdif,   1,    0.0000000000E+00,    1.7904654836E+02,    1.7904654836E+02,    0.0000000000E+00,    0.0000000000E+00,    0.0000000000E+00,    1.7904654836E+02
    141500,      0.676948,CP6_after_kinetics,   1,    0.0000000000E+00,    1.7904654836E+02,    1.7904654836E+02,    0.0000000000E+00,    0.0000000000E+00,    0.0000000000E+00,    1.7904654836E+02
    141500,      0.676948,CP7_after_upper_clamp,   1,    0.0000000000E+00,    1.7904654836E+02,    1.7904654836E+02,    0.0000000000E+00,    0.0000000000E+00,    0.0000000000E+00,    1.7904654836E+02
    141500,      0.676948,CP8_after_OBC,   1,    0.0000000000E+00,    1.7904654836E+02,    1.7904654836E+02,    0.0000000000E+00,    0.0000000000E+00,    0.0000000000E+00,    1.7904654836E+02
    141500,      0.676948,CP9_after_PTsource,   1,    0.0000000000E+00,    1.7904654836E+02,    1.7904654836E+02,    0.0000000000E+00,    0.0000000000E+00,    0.0000000000E+00,    1.7904654836E+02
    141500,      0.676948,CP10_after_neg_clamp,   1,    0.0000000000E+00,    1.7904654836E+02,    1.7904654836E+02,    0.0000000000E+00,    0.0000000000E+00,    0.0000000000E+00,    1.7904654836E+02
    141500,      0.676948,CP11_after_MPI,   1,    0.0000000000E+00,    1.7904654836E+02,    1.7904654836E+02,    0.0000000000E+00,    0.0000000000E+00,    0.0000000000E+00,    1.7904654836E+02
    141500,      0.676948,CP12_end,   1,    0.0000000000E+00,    1.7904654836E+02,    1.7904654836E+02,    0.0000000000E+00,    0.0000000000E+00,    0.0000000000E+00,    1.7904654836E+02
    141550,      0.676948,CP0_start,   1,    0.0000000000E+00,    1.7915290781E+02,    1.7915290781E+02,    0.0000000000E+00,    0.0000000000E+00,    0.0000000000E+00,    1.7915290781E+02
    141550,      0.676948,CP1_after_deposition,   1,    0.0000000000E+00,    1.7915290781E+02,    1.7915290781E+02,    0.0000000000E+00,    0.0000000000E+00,    0.0000000000E+00,    1.7915290781E+02
    141550,      0.676948,CP2_after_erosion,   1,    0.0000000000E+00,    1.7915290781E+02,    1.7915290781E+02,    0.0000000000E+00,    0.0000000000E+00,    0.0000000000E+00,    1.7915290781E+02
    141550,      0.676948,CP3_after_update_bottom,   1,    0.0000000000E+00,    1.7915290781E+02,    1.7915290781E+02,    0.0000000000E+00,    0.0000000000E+00,    0.0000000000E+00,    1.7915290781E+02
    141550,      0.676948,CP4_after_advection,   1,    0.0000000000E+00,    1.7915688640E+02,    1.7915688640E+02,    0.0000000000E+00,    0.0000000000E+00,    0.0000000000E+00,    1.7915688640E+02
    141550,      0.676948,CP5_after_vdif,   1,    0.0000000000E+00,    1.7915688640E+02,    1.7915688640E+02,    0.0000000000E+00,    0.0000000000E+00,    0.0000000000E+00,    1.7915688640E+02
    141550,      0.676948,CP6_after_kinetics,   1,    0.0000000000E+00,    1.7915688640E+02,    1.7915688640E+02,    0.0000000000E+00,    0.0000000000E+00,    0.0000000000E+00,    1.7915688640E+02
    141550,      0.676948,CP7_after_upper_clamp,   1,    0.0000000000E+00,    1.7915688640E+02,    1.7915688640E+02,    0.0000000000E+00,    0.0000000000E+00,    0.0000000000E+00,    1.7915688640E+02
    141550,      0.676948,CP8_after_OBC,   1,    0.0000000000E+00,    1.7915688640E+02,    1.7915688640E+02,    0.0000000000E+00,    0.0000000000E+00,    0.0000000000E+00,    1.7915688640E+02
    141550,      0.676948,CP9_after_PTsource,   1,    0.0000000000E+00,    1.7915688640E+02,    1.7915688640E+02,    0.0000000000E+00,    0.0000000000E+00,    0.0000000000E+00,    1.7915688640E+02
    141550,      0.676948,CP10_after_neg_clamp,   1,    0.0000000000E+00,    1.7915688640E+02,    1.7915688640E+02,    0.0000000000E+00,    0.0000000000E+00,    0.0000000000E+00,    1.7915688640E+02
    141550,      0.676948,CP11_after_MPI,   1,    0.0000000000E+00,    1.7915688640E+02,    1.7915688640E+02,    0.0000000000E+00,    0.0000000000E+00,    0.0000000000E+00,    1.7915688640E+02
    141550,      0.676948,CP12_end,   1,    0.0000000000E+00,    1.7915688640E+02,    1.7915688640E+02,    0.0000000000E+00,    0.0000000000E+00,    0.0000000000E+00,    1.7915688640E+02
    141600,      0.676948,CP0_start,   1,    0.0000000000E+00,    1.7926732101E+02,    1.7926732101E+02,    0.0000000000E+00,    0.0000000000E+00,    0.0000000000E+00,    1.7926732101E+02
    141600,      0.676948,CP1_after_deposition,   1,    0.0000000000E+00,    1.7926732101E+02,    1.7926732101E+02,    0.0000000000E+00,    0.0000000000E+00,    0.0000000000E+00,    1.7926732101E+02
    141600,      0.676948,CP2_after_erosion,   1,    0.0000000000E+00,    1.7926732101E+02,    1.7926732101E+02,    0.0000000000E+00,    0.0000000000E+00,    0.0000000000E+00,    1.7926732101E+02
    141600,      0.676948,CP3_after_update_bottom,   1,    0.0000000000E+00,    1.7926732101E+02,    1.7926732101E+02,    0.0000000000E+00,    0.0000000000E+00,    0.0000000000E+00,    1.7926732101E+02
    141600,      0.676948,CP4_after_advection,   1,    0.0000000000E+00,    1.7927151534E+02,    1.7927151534E+02,    0.0000000000E+00,    0.0000000000E+00,    0.0000000000E+00,    1.7927151534E+02
    141600,      0.676948,CP5_after_vdif,   1,    0.0000000000E+00,    1.7927151534E+02,    1.7927151534E+02,    0.0000000000E+00,    0.0000000000E+00,    0.0000000000E+00,    1.7927151534E+02
    141600,      0.676948,CP6_after_kinetics,   1,    0.0000000000E+00,    1.7927151534E+02,    1.7927151534E+02,    0.0000000000E+00,    0.0000000000E+00,    0.0000000000E+00,    1.7927151534E+02
    141600,      0.676948,CP7_after_upper_clamp,   1,    0.0000000000E+00,    1.7927151534E+02,    1.7927151534E+02,    0.0000000000E+00,    0.0000000000E+00,    0.0000000000E+00,    1.7927151534E+02
    141600,      0.676948,CP8_after_OBC,   1,    0.0000000000E+00,    1.7927151534E+02,    1.7927151534E+02,    0.0000000000E+00,    0.0000000000E+00,    0.0000000000E+00,    1.7927151534E+02
    141600,      0.676948,CP9_after_PTsource,   1,    0.0000000000E+00,    1.7927151534E+02,    1.7927151534E+02,    0.0000000000E+00,    0.0000000000E+00,    0.0000000000E+00,    1.7927151534E+02
    141600,      0.676948,CP10_after_neg_clamp,   1,    0.0000000000E+00,    1.7927151534E+02,    1.7927151534E+02,    0.0000000000E+00,    0.0000000000E+00,    0.0000000000E+00,    1.7927151534E+02
    141600,      0.676948,CP11_after_MPI,   1,    0.0000000000E+00,    1.7927151534E+02,    1.7927151534E+02,    0.0000000000E+00,    0.0000000000E+00,    0.0000000000E+00,    1.7927151534E+02
    141600,      0.676948,CP12_end,   1,    0.0000000000E+00,    1.7927151534E+02,    1.7927151534E+02,    0.0000000000E+00,    0.0000000000E+00,    0.0000000000E+00,    1.7927151534E+02
    141650,      0.676948,CP0_start,   1,    0.0000000000E+00,    1.7938545479E+02,    1.7938545479E+02,    0.0000000000E+00,    0.0000000000E+00,    0.0000000000E+00,    1.7938545479E+02
    141650,      0.676948,CP1_after_deposition,   1,    0.0000000000E+00,    1.7938545479E+02,    1.7938545479E+02,    0.0000000000E+00,    0.0000000000E+00,    0.0000000000E+00,    1.7938545479E+02
    141650,      0.676948,CP2_after_erosion,   1,    0.0000000000E+00,    1.7938545479E+02,    1.7938545479E+02,    0.0000000000E+00,    0.0000000000E+00,    0.0000000000E+00,    1.7938545479E+02
    141650,      0.676948,CP3_after_update_bottom,   1,    0.0000000000E+00,    1.7938545479E+02,    1.7938545479E+02,    0.0000000000E+00,    0.0000000000E+00,    0.0000000000E+00,    1.7938545479E+02
    141650,      0.676948,CP4_after_advection,   1,    0.0000000000E+00,    1.7938985131E+02,    1.7938985131E+02,    0.0000000000E+00,    0.0000000000E+00,    0.0000000000E+00,    1.7938985131E+02
    141650,      0.676948,CP5_after_vdif,   1,    0.0000000000E+00,    1.7938985131E+02,    1.7938985131E+02,    0.0000000000E+00,    0.0000000000E+00,    0.0000000000E+00,    1.7938985131E+02
    141650,      0.676948,CP6_after_kinetics,   1,    0.0000000000E+00,    1.7938985131E+02,    1.7938985131E+02,    0.0000000000E+00,    0.0000000000E+00,    0.0000000000E+00,    1.7938985131E+02
    141650,      0.676948,CP7_after_upper_clamp,   1,    0.0000000000E+00,    1.7938985131E+02,    1.7938985131E+02,    0.0000000000E+00,    0.0000000000E+00,    0.0000000000E+00,    1.7938985131E+02
    141650,      0.676948,CP8_after_OBC,   1,    0.0000000000E+00,    1.7938985131E+02,    1.7938985131E+02,    0.0000000000E+00,    0.0000000000E+00,    0.0000000000E+00,    1.7938985131E+02
    141650,      0.676948,CP9_after_PTsource,   1,    0.0000000000E+00,    1.7938985131E+02,    1.7938985131E+02,    0.0000000000E+00,    0.0000000000E+00,    0.0000000000E+00,    1.7938985131E+02
    141650,      0.676948,CP10_after_neg_clamp,   1,    0.0000000000E+00,    1.7938985131E+02,    1.7938985131E+02,    0.0000000000E+00,    0.0000000000E+00,    0.0000000000E+00,    1.7938985131E+02
    141650,      0.676948,CP11_after_MPI,   1,    0.0000000000E+00,    1.7938985131E+02,    1.7938985131E+02,    0.0000000000E+00,    0.0000000000E+00,    0.0000000000E+00,    1.7938985131E+02
    141650,      0.676948,CP12_end,   1,    0.0000000000E+00,    1.7938985131E+02,    1.7938985131E+02,    0.0000000000E+00,    0.0000000000E+00,    0.0000000000E+00,    1.7938985131E+02
    141700,      0.676948,CP0_start,   1,    0.0000000000E+00,    1.7950624081E+02,    1.7950624081E+02,    0.0000000000E+00,    0.0000000000E+00,    0.0000000000E+00,    1.7950624081E+02
    141700,      0.676948,CP1_after_deposition,   1,    0.0000000000E+00,    1.7950624081E+02,    1.7950624081E+02,    0.0000000000E+00,    0.0000000000E+00,    0.0000000000E+00,    1.7950624081E+02
    141700,      0.676948,CP2_after_erosion,   1,    0.0000000000E+00,    1.7950624081E+02,    1.7950624081E+02,    0.0000000000E+00,    0.0000000000E+00,    0.0000000000E+00,    1.7950624081E+02
    141700,      0.676948,CP3_after_update_bottom,   1,    0.0000000000E+00,    1.7950624081E+02,    1.7950624081E+02,    0.0000000000E+00,    0.0000000000E+00,    0.0000000000E+00,    1.7950624081E+02
    141700,      0.676948,CP4_after_advection,   1,    0.0000000000E+00,    1.7951081654E+02,    1.7951081654E+02,    0.0000000000E+00,    0.0000000000E+00,    0.0000000000E+00,    1.7951081654E+02
    141700,      0.676948,CP5_after_vdif,   1,    0.0000000000E+00,    1.7951081654E+02,    1.7951081654E+02,    0.0000000000E+00,    0.0000000000E+00,    0.0000000000E+00,    1.7951081654E+02
    141700,      0.676948,CP6_after_kinetics,   1,    0.0000000000E+00,    1.7951081654E+02,    1.7951081654E+02,    0.0000000000E+00,    0.0000000000E+00,    0.0000000000E+00,    1.7951081654E+02
    141700,      0.676948,CP7_after_upper_clamp,   1,    0.0000000000E+00,    1.7951081654E+02,    1.7951081654E+02,    0.0000000000E+00,    0.0000000000E+00,    0.0000000000E+00,    1.7951081654E+02
    141700,      0.676948,CP8_after_OBC,   1,    0.0000000000E+00,    1.7951081654E+02,    1.7951081654E+02,    0.0000000000E+00,    0.0000000000E+00,    0.0000000000E+00,    1.7951081654E+02
    141700,      0.676948,CP9_after_PTsource,   1,    0.0000000000E+00,    1.7951081654E+02,    1.7951081654E+02,    0.0000000000E+00,    0.0000000000E+00,    0.0000000000E+00,    1.7951081654E+02
    141700,      0.676948,CP10_after_neg_clamp,   1,    0.0000000000E+00,    1.7951081654E+02,    1.7951081654E+02,    0.0000000000E+00,    0.0000000000E+00,    0.0000000000E+00,    1.7951081654E+02
    141700,      0.676948,CP11_after_MPI,   1,    0.0000000000E+00,    1.7951081654E+02,    1.7951081654E+02,    0.0000000000E+00,    0.0000000000E+00,    0.0000000000E+00,    1.7951081654E+02
    141700,      0.676948,CP12_end,   1,    0.0000000000E+00,    1.7951081654E+02,    1.7951081654E+02,    0.0000000000E+00,    0.0000000000E+00,    0.0000000000E+00,    1.7951081654E+02
    141750,      0.676948,CP0_start,   1,    0.0000000000E+00,    1.7962840231E+02,    1.7962840231E+02,    0.0000000000E+00,    0.0000000000E+00,    0.0000000000E+00,    1.7962840231E+02
    141750,      0.676948,CP1_after_deposition,   1,    0.0000000000E+00,    1.7962840231E+02,    1.7962840231E+02,    0.0000000000E+00,    0.0000000000E+00,    0.0000000000E+00,    1.7962840231E+02
    141750,      0.676948,CP2_after_erosion,   1,    0.0000000000E+00,    1.7962840231E+02,    1.7962840231E+02,    0.0000000000E+00,    0.0000000000E+00,    0.0000000000E+00,    1.7962840231E+02
    141750,      0.676948,CP3_after_update_bottom,   1,    0.0000000000E+00,    1.7962840231E+02,    1.7962840231E+02,    0.0000000000E+00,    0.0000000000E+00,    0.0000000000E+00,    1.7962840231E+02
    141750,      0.676948,CP4_after_advection,   1,    0.0000000000E+00,    1.7963313527E+02,    1.7963313527E+02,    0.0000000000E+00,    0.0000000000E+00,    0.0000000000E+00,    1.7963313527E+02
    141750,      0.676948,CP5_after_vdif,   1,    0.0000000000E+00,    1.7963313527E+02,    1.7963313527E+02,    0.0000000000E+00,    0.0000000000E+00,    0.0000000000E+00,    1.7963313527E+02
    141750,      0.676948,CP6_after_kinetics,   1,    0.0000000000E+00,    1.7963313527E+02,    1.7963313527E+02,    0.0000000000E+00,    0.0000000000E+00,    0.0000000000E+00,    1.7963313527E+02
    141750,      0.676948,CP7_after_upper_clamp,   1,    0.0000000000E+00,    1.7963313527E+02,    1.7963313527E+02,    0.0000000000E+00,    0.0000000000E+00,    0.0000000000E+00,    1.7963313527E+02
    141750,      0.676948,CP8_after_OBC,   1,    0.0000000000E+00,    1.7963313527E+02,    1.7963313527E+02,    0.0000000000E+00,    0.0000000000E+00,    0.0000000000E+00,    1.7963313527E+02
    141750,      0.676948,CP9_after_PTsource,   1,    0.0000000000E+00,    1.7963313527E+02,    1.7963313527E+02,    0.0000000000E+00,    0.0000000000E+00,    0.0000000000E+00,    1.7963313527E+02
    141750,      0.676948,CP10_after_neg_clamp,   1,    0.0000000000E+00,    1.7963313527E+02,    1.7963313527E+02,    0.0000000000E+00,    0.0000000000E+00,    0.0000000000E+00,    1.7963313527E+02
    141750,      0.676948,CP11_after_MPI,   1,    0.0000000000E+00,    1.7963313527E+02,    1.7963313527E+02,    0.0000000000E+00,    0.0000000000E+00,    0.0000000000E+00,    1.7963313527E+02
    141750,      0.676948,CP12_end,   1,    0.0000000000E+00,    1.7963313527E+02,    1.7963313527E+02,    0.0000000000E+00,    0.0000000000E+00,    0.0000000000E+00,    1.7963313527E+02
    141800,      0.676948,CP0_start,   1,    0.0000000000E+00,    1.7975102490E+02,    1.7975102490E+02,    0.0000000000E+00,    0.0000000000E+00,    0.0000000000E+00,    1.7975102490E+02
    141800,      0.676948,CP1_after_deposition,   1,    0.0000000000E+00,    1.7975102490E+02,    1.7975102490E+02,    0.0000000000E+00,    0.0000000000E+00,    0.0000000000E+00,    1.7975102490E+02
    141800,      0.676948,CP2_after_erosion,   1,    0.0000000000E+00,    1.7975102490E+02,    1.7975102490E+02,    0.0000000000E+00,    0.0000000000E+00,    0.0000000000E+00,    1.7975102490E+02
    141800,      0.676948,CP3_after_update_bottom,   1,    0.0000000000E+00,    1.7975102490E+02,    1.7975102490E+02,    0.0000000000E+00,    0.0000000000E+00,    0.0000000000E+00,    1.7975102490E+02
    141800,      0.676948,CP4_after_advection,   1,    0.0000000000E+00,    1.7975590503E+02,    1.7975590503E+02,    0.0000000000E+00,    0.0000000000E+00,    0.0000000000E+00,    1.7975590503E+02
    141800,      0.676948,CP5_after_vdif,   1,    0.0000000000E+00,    1.7975590503E+02,    1.7975590503E+02,    0.0000000000E+00,    0.0000000000E+00,    0.0000000000E+00,    1.7975590503E+02
    141800,      0.676948,CP6_after_kinetics,   1,    0.0000000000E+00,    1.7975590503E+02,    1.7975590503E+02,    0.0000000000E+00,    0.0000000000E+00,    0.0000000000E+00,    1.7975590503E+02
    141800,      0.676948,CP7_after_upper_clamp,   1,    0.0000000000E+00,    1.7975590503E+02,    1.7975590503E+02,    0.0000000000E+00,    0.0000000000E+00,    0.0000000000E+00,    1.7975590503E+02
    141800,      0.676948,CP8_after_OBC,   1,    0.0000000000E+00,    1.7975590503E+02,    1.7975590503E+02,    0.0000000000E+00,    0.0000000000E+00,    0.0000000000E+00,    1.7975590503E+02
    141800,      0.676948,CP9_after_PTsource,   1,    0.0000000000E+00,    1.7975590503E+02,    1.7975590503E+02,    0.0000000000E+00,    0.0000000000E+00,    0.0000000000E+00,    1.7975590503E+02
    141800,      0.676948,CP10_after_neg_clamp,   1,    0.0000000000E+00,    1.7975590503E+02,    1.7975590503E+02,    0.0000000000E+00,    0.0000000000E+00,    0.0000000000E+00,    1.7975590503E+02
    141800,      0.676948,CP11_after_MPI,   1,    0.0000000000E+00,    1.7975590503E+02,    1.7975590503E+02,    0.0000000000E+00,    0.0000000000E+00,    0.0000000000E+00,    1.7975590503E+02
    141800,      0.676948,CP12_end,   1,    0.0000000000E+00,    1.7975590503E+02,    1.7975590503E+02,    0.0000000000E+00,    0.0000000000E+00,    0.0000000000E+00,    1.7975590503E+02
    141850,      0.676948,CP0_start,   1,    0.0000000000E+00,    1.7987387657E+02,    1.7987387657E+02,    0.0000000000E+00,    0.0000000000E+00,    0.0000000000E+00,    1.7987387657E+02
    141850,      0.676948,CP1_after_deposition,   1,    0.0000000000E+00,    1.7987387657E+02,    1.7987387657E+02,    0.0000000000E+00,    0.0000000000E+00,    0.0000000000E+00,    1.7987387657E+02
    141850,      0.676948,CP2_after_erosion,   1,    0.0000000000E+00,    1.7987387657E+02,    1.7987387657E+02,    0.0000000000E+00,    0.0000000000E+00,    0.0000000000E+00,    1.7987387657E+02
    141850,      0.676948,CP3_after_update_bottom,   1,    0.0000000000E+00,    1.7987387657E+02,    1.7987387657E+02,    0.0000000000E+00,    0.0000000000E+00,    0.0000000000E+00,    1.7987387657E+02
    141850,      0.676948,CP4_after_advection,   1,    0.0000000000E+00,    1.7987890630E+02,    1.7987890630E+02,    0.0000000000E+00,    0.0000000000E+00,    0.0000000000E+00,    1.7987890630E+02
    141850,      0.676948,CP5_after_vdif,   1,    0.0000000000E+00,    1.7987890630E+02,    1.7987890630E+02,    0.0000000000E+00,    0.0000000000E+00,    0.0000000000E+00,    1.7987890630E+02
    141850,      0.676948,CP6_after_kinetics,   1,    0.0000000000E+00,    1.7987890630E+02,    1.7987890630E+02,    0.0000000000E+00,    0.0000000000E+00,    0.0000000000E+00,    1.7987890630E+02
    141850,      0.676948,CP7_after_upper_clamp,   1,    0.0000000000E+00,    1.7987890630E+02,    1.7987890630E+02,    0.0000000000E+00,    0.0000000000E+00,    0.0000000000E+00,    1.7987890630E+02
    141850,      0.676948,CP8_after_OBC,   1,    0.0000000000E+00,    1.7987890630E+02,    1.7987890630E+02,    0.0000000000E+00,    0.0000000000E+00,    0.0000000000E+00,    1.7987890630E+02
    141850,      0.676948,CP9_after_PTsource,   1,    0.0000000000E+00,    1.7987890630E+02,    1.7987890630E+02,    0.0000000000E+00,    0.0000000000E+00,    0.0000000000E+00,    1.7987890630E+02
    141850,      0.676948,CP10_after_neg_clamp,   1,    0.0000000000E+00,    1.7987890630E+02,    1.7987890630E+02,    0.0000000000E+00,    0.0000000000E+00,    0.0000000000E+00,    1.7987890630E+02
    141850,      0.676948,CP11_after_MPI,   1,    0.0000000000E+00,    1.7987890630E+02,    1.7987890630E+02,    0.0000000000E+00,    0.0000000000E+00,    0.0000000000E+00,    1.7987890630E+02
    141850,      0.676948,CP12_end,   1,    0.0000000000E+00,    1.7987890630E+02,    1.7987890630E+02,    0.0000000000E+00,    0.0000000000E+00,    0.0000000000E+00,    1.7987890630E+02
    141900,      0.676948,CP0_start,   1,    0.0000000000E+00,    1.7999712069E+02,    1.7999712069E+02,    0.0000000000E+00,    0.0000000000E+00,    0.0000000000E+00,    1.7999712069E+02
    141900,      0.676948,CP1_after_deposition,   1,    0.0000000000E+00,    1.7999712069E+02,    1.7999712069E+02,    0.0000000000E+00,    0.0000000000E+00,    0.0000000000E+00,    1.7999712069E+02
    141900,      0.676948,CP2_after_erosion,   1,    0.0000000000E+00,    1.7999712069E+02,    1.7999712069E+02,    0.0000000000E+00,    0.0000000000E+00,    0.0000000000E+00,    1.7999712069E+02
    141900,      0.676948,CP3_after_update_bottom,   1,    0.0000000000E+00,    1.7999712069E+02,    1.7999712069E+02,    0.0000000000E+00,    0.0000000000E+00,    0.0000000000E+00,    1.7999712069E+02
    141900,      0.676948,CP4_after_advection,   1,    0.0000000000E+00,    1.8000230673E+02,    1.8000230673E+02,    0.0000000000E+00,    0.0000000000E+00,    0.0000000000E+00,    1.8000230673E+02
    141900,      0.676948,CP5_after_vdif,   1,    0.0000000000E+00,    1.8000230673E+02,    1.8000230673E+02,    0.0000000000E+00,    0.0000000000E+00,    0.0000000000E+00,    1.8000230673E+02
    141900,      0.676948,CP6_after_kinetics,   1,    0.0000000000E+00,    1.8000230673E+02,    1.8000230673E+02,    0.0000000000E+00,    0.0000000000E+00,    0.0000000000E+00,    1.8000230673E+02
    141900,      0.676948,CP7_after_upper_clamp,   1,    0.0000000000E+00,    1.8000230673E+02,    1.8000230673E+02,    0.0000000000E+00,    0.0000000000E+00,    0.0000000000E+00,    1.8000230673E+02
    141900,      0.676948,CP8_after_OBC,   1,    0.0000000000E+00,    1.8000230673E+02,    1.8000230673E+02,    0.0000000000E+00,    0.0000000000E+00,    0.0000000000E+00,    1.8000230673E+02
    141900,      0.676948,CP9_after_PTsource,   1,    0.0000000000E+00,    1.8000230673E+02,    1.8000230673E+02,    0.0000000000E+00,    0.0000000000E+00,    0.0000000000E+00,    1.8000230673E+02
    141900,      0.676948,CP10_after_neg_clamp,   1,    0.0000000000E+00,    1.8000230673E+02,    1.8000230673E+02,    0.0000000000E+00,    0.0000000000E+00,    0.0000000000E+00,    1.8000230673E+02
    141900,      0.676948,CP11_after_MPI,   1,    0.0000000000E+00,    1.8000230673E+02,    1.8000230673E+02,    0.0000000000E+00,    0.0000000000E+00,    0.0000000000E+00,    1.8000230673E+02
    141900,      0.676948,CP12_end,   1,    0.0000000000E+00,    1.8000230673E+02,    1.8000230673E+02,    0.0000000000E+00,    0.0000000000E+00,    0.0000000000E+00,    1.8000230673E+02
    141950,      0.676948,CP0_start,   1,    0.0000000000E+00,    1.8012104110E+02,    1.8012104110E+02,    0.0000000000E+00,    0.0000000000E+00,    0.0000000000E+00,    1.8012104110E+02
    141950,      0.676948,CP1_after_deposition,   1,    0.0000000000E+00,    1.8012104110E+02,    1.8012104110E+02,    0.0000000000E+00,    0.0000000000E+00,    0.0000000000E+00,    1.8012104110E+02
    141950,      0.676948,CP2_after_erosion,   1,    0.0000000000E+00,    1.8012104110E+02,    1.8012104110E+02,    0.0000000000E+00,    0.0000000000E+00,    0.0000000000E+00,    1.8012104110E+02
    141950,      0.676948,CP3_after_update_bottom,   1,    0.0000000000E+00,    1.8012104110E+02,    1.8012104110E+02,    0.0000000000E+00,    0.0000000000E+00,    0.0000000000E+00,    1.8012104110E+02
    141950,      0.676948,CP4_after_advection,   1,    0.0000000000E+00,    1.8012639180E+02,    1.8012639180E+02,    0.0000000000E+00,    0.0000000000E+00,    0.0000000000E+00,    1.8012639180E+02
    141950,      0.676948,CP5_after_vdif,   1,    0.0000000000E+00,    1.8012639180E+02,    1.8012639180E+02,    0.0000000000E+00,    0.0000000000E+00,    0.0000000000E+00,    1.8012639180E+02
    141950,      0.676948,CP6_after_kinetics,   1,    0.0000000000E+00,    1.8012639180E+02,    1.8012639180E+02,    0.0000000000E+00,    0.0000000000E+00,    0.0000000000E+00,    1.8012639180E+02
    141950,      0.676948,CP7_after_upper_clamp,   1,    0.0000000000E+00,    1.8012639180E+02,    1.8012639180E+02,    0.0000000000E+00,    0.0000000000E+00,    0.0000000000E+00,    1.8012639180E+02
    141950,      0.676948,CP8_after_OBC,   1,    0.0000000000E+00,    1.8012639180E+02,    1.8012639180E+02,    0.0000000000E+00,    0.0000000000E+00,    0.0000000000E+00,    1.8012639180E+02
    141950,      0.676948,CP9_after_PTsource,   1,    0.0000000000E+00,    1.8012639180E+02,    1.8012639180E+02,    0.0000000000E+00,    0.0000000000E+00,    0.0000000000E+00,    1.8012639180E+02
    141950,      0.676948,CP10_after_neg_clamp,   1,    0.0000000000E+00,    1.8012639180E+02,    1.8012639180E+02,    0.0000000000E+00,    0.0000000000E+00,    0.0000000000E+00,    1.8012639180E+02
    141950,      0.676948,CP11_after_MPI,   1,    0.0000000000E+00,    1.8012639180E+02,    1.8012639180E+02,    0.0000000000E+00,    0.0000000000E+00,    0.0000000000E+00,    1.8012639180E+02
    141950,      0.676948,CP12_end,   1,    0.0000000000E+00,    1.8012639180E+02,    1.8012639180E+02,    0.0000000000E+00,    0.0000000000E+00,    0.0000000000E+00,    1.8012639180E+02
    142000,      0.676948,CP0_start,   1,    0.0000000000E+00,    1.8024589289E+02,    1.8024589289E+02,    0.0000000000E+00,    0.0000000000E+00,    0.0000000000E+00,    1.8024589289E+02
    142000,      0.676948,CP1_after_deposition,   1,    0.0000000000E+00,    1.8024589289E+02,    1.8024589289E+02,    0.0000000000E+00,    0.0000000000E+00,    0.0000000000E+00,    1.8024589289E+02
    142000,      0.676948,CP2_after_erosion,   1,    0.0000000000E+00,    1.8024589289E+02,    1.8024589289E+02,    0.0000000000E+00,    0.0000000000E+00,    0.0000000000E+00,    1.8024589289E+02
    142000,      0.676948,CP3_after_update_bottom,   1,    0.0000000000E+00,    1.8024589289E+02,    1.8024589289E+02,    0.0000000000E+00,    0.0000000000E+00,    0.0000000000E+00,    1.8024589289E+02
    142000,      0.676948,CP4_after_advection,   1,    0.0000000000E+00,    1.8025140824E+02,    1.8025140824E+02,    0.0000000000E+00,    0.0000000000E+00,    0.0000000000E+00,    1.8025140824E+02
    142000,      0.676948,CP5_after_vdif,   1,    0.0000000000E+00,    1.8025140824E+02,    1.8025140824E+02,    0.0000000000E+00,    0.0000000000E+00,    0.0000000000E+00,    1.8025140824E+02
    142000,      0.676948,CP6_after_kinetics,   1,    0.0000000000E+00,    1.8025140824E+02,    1.8025140824E+02,    0.0000000000E+00,    0.0000000000E+00,    0.0000000000E+00,    1.8025140824E+02
    142000,      0.676948,CP7_after_upper_clamp,   1,    0.0000000000E+00,    1.8025140824E+02,    1.8025140824E+02,    0.0000000000E+00,    0.0000000000E+00,    0.0000000000E+00,    1.8025140824E+02
    142000,      0.676948,CP8_after_OBC,   1,    0.0000000000E+00,    1.8025140824E+02,    1.8025140824E+02,    0.0000000000E+00,    0.0000000000E+00,    0.0000000000E+00,    1.8025140824E+02
    142000,      0.676948,CP9_after_PTsource,   1,    0.0000000000E+00,    1.8025140824E+02,    1.8025140824E+02,    0.0000000000E+00,    0.0000000000E+00,    0.0000000000E+00,    1.8025140824E+02
    142000,      0.676948,CP10_after_neg_clamp,   1,    0.0000000000E+00,    1.8025140824E+02,    1.8025140824E+02,    0.0000000000E+00,    0.0000000000E+00,    0.0000000000E+00,    1.8025140824E+02
    142000,      0.676948,CP11_after_MPI,   1,    0.0000000000E+00,    1.8025140824E+02,    1.8025140824E+02,    0.0000000000E+00,    0.0000000000E+00,    0.0000000000E+00,    1.8025140824E+02
    142000,      0.676948,CP12_end,   1,    0.0000000000E+00,    1.8025140824E+02,    1.8025140824E+02,    0.0000000000E+00,    0.0000000000E+00,    0.0000000000E+00,    1.8025140824E+02
    142050,      0.676948,CP0_start,   1,    0.0000000000E+00,    1.8037132702E+02,    1.8037132702E+02,    0.0000000000E+00,    0.0000000000E+00,    0.0000000000E+00,    1.8037132702E+02
    142050,      0.676948,CP1_after_deposition,   1,    0.0000000000E+00,    1.8037132702E+02,    1.8037132702E+02,    0.0000000000E+00,    0.0000000000E+00,    0.0000000000E+00,    1.8037132702E+02
    142050,      0.676948,CP2_after_erosion,   1,    0.0000000000E+00,    1.8037132702E+02,    1.8037132702E+02,    0.0000000000E+00,    0.0000000000E+00,    0.0000000000E+00,    1.8037132702E+02
    142050,      0.676948,CP3_after_update_bottom,   1,    0.0000000000E+00,    1.8037132702E+02,    1.8037132702E+02,    0.0000000000E+00,    0.0000000000E+00,    0.0000000000E+00,    1.8037132702E+02
    142050,      0.676948,CP4_after_advection,   1,    0.0000000000E+00,    1.8037699171E+02,    1.8037699171E+02,    0.0000000000E+00,    0.0000000000E+00,    0.0000000000E+00,    1.8037699171E+02
    142050,      0.676948,CP5_after_vdif,   1,    0.0000000000E+00,    1.8037699171E+02,    1.8037699171E+02,    0.0000000000E+00,    0.0000000000E+00,    0.0000000000E+00,    1.8037699171E+02
    142050,      0.676948,CP6_after_kinetics,   1,    0.0000000000E+00,    1.8037699171E+02,    1.8037699171E+02,    0.0000000000E+00,    0.0000000000E+00,    0.0000000000E+00,    1.8037699171E+02
    142050,      0.676948,CP7_after_upper_clamp,   1,    0.0000000000E+00,    1.8037699171E+02,    1.8037699171E+02,    0.0000000000E+00,    0.0000000000E+00,    0.0000000000E+00,    1.8037699171E+02
    142050,      0.676948,CP8_after_OBC,   1,    0.0000000000E+00,    1.8037699171E+02,    1.8037699171E+02,    0.0000000000E+00,    0.0000000000E+00,    0.0000000000E+00,    1.8037699171E+02
    142050,      0.676948,CP9_after_PTsource,   1,    0.0000000000E+00,    1.8037699171E+02,    1.8037699171E+02,    0.0000000000E+00,    0.0000000000E+00,    0.0000000000E+00,    1.8037699171E+02
    142050,      0.676948,CP10_after_neg_clamp,   1,    0.0000000000E+00,    1.8037699171E+02,    1.8037699171E+02,    0.0000000000E+00,    0.0000000000E+00,    0.0000000000E+00,    1.8037699171E+02
    142050,      0.676948,CP11_after_MPI,   1,    0.0000000000E+00,    1.8037699171E+02,    1.8037699171E+02,    0.0000000000E+00,    0.0000000000E+00,    0.0000000000E+00,    1.8037699171E+02
    142050,      0.676948,CP12_end,   1,    0.0000000000E+00,    1.8037699171E+02,    1.8037699171E+02,    0.0000000000E+00,    0.0000000000E+00,    0.0000000000E+00,    1.8037699171E+02
    142100,      0.676948,CP0_start,   1,    0.0000000000E+00,    1.8049656916E+02,    1.8049656916E+02,    0.0000000000E+00,    0.0000000000E+00,    0.0000000000E+00,    1.8049656916E+02
    142100,      0.676948,CP1_after_deposition,   1,    0.0000000000E+00,    1.8049656916E+02,    1.8049656916E+02,    0.0000000000E+00,    0.0000000000E+00,    0.0000000000E+00,    1.8049656916E+02
    142100,      0.676948,CP2_after_erosion,   1,    0.0000000000E+00,    1.8049656916E+02,    1.8049656916E+02,    0.0000000000E+00,    0.0000000000E+00,    0.0000000000E+00,    1.8049656916E+02
    142100,      0.676948,CP3_after_update_bottom,   1,    0.0000000000E+00,    1.8049656916E+02,    1.8049656916E+02,    0.0000000000E+00,    0.0000000000E+00,    0.0000000000E+00,    1.8049656916E+02
    142100,      0.676948,CP4_after_advection,   1,    0.0000000000E+00,    1.8050236766E+02,    1.8050236766E+02,    0.0000000000E+00,    0.0000000000E+00,    0.0000000000E+00,    1.8050236766E+02
    142100,      0.676948,CP5_after_vdif,   1,    0.0000000000E+00,    1.8050236766E+02,    1.8050236766E+02,    0.0000000000E+00,    0.0000000000E+00,    0.0000000000E+00,    1.8050236766E+02
    142100,      0.676948,CP6_after_kinetics,   1,    0.0000000000E+00,    1.8050236766E+02,    1.8050236766E+02,    0.0000000000E+00,    0.0000000000E+00,    0.0000000000E+00,    1.8050236766E+02
    142100,      0.676948,CP7_after_upper_clamp,   1,    0.0000000000E+00,    1.8050236766E+02,    1.8050236766E+02,    0.0000000000E+00,    0.0000000000E+00,    0.0000000000E+00,    1.8050236766E+02
    142100,      0.676948,CP8_after_OBC,   1,    0.0000000000E+00,    1.8050236766E+02,    1.8050236766E+02,    0.0000000000E+00,    0.0000000000E+00,    0.0000000000E+00,    1.8050236766E+02
    142100,      0.676948,CP9_after_PTsource,   1,    0.0000000000E+00,    1.8050236766E+02,    1.8050236766E+02,    0.0000000000E+00,    0.0000000000E+00,    0.0000000000E+00,    1.8050236766E+02
    142100,      0.676948,CP10_after_neg_clamp,   1,    0.0000000000E+00,    1.8050236766E+02,    1.8050236766E+02,    0.0000000000E+00,    0.0000000000E+00,    0.0000000000E+00,    1.8050236766E+02
    142100,      0.676948,CP11_after_MPI,   1,    0.0000000000E+00,    1.8050236766E+02,    1.8050236766E+02,    0.0000000000E+00,    0.0000000000E+00,    0.0000000000E+00,    1.8050236766E+02
    142100,      0.676948,CP12_end,   1,    0.0000000000E+00,    1.8050236766E+02,    1.8050236766E+02,    0.0000000000E+00,    0.0000000000E+00,    0.0000000000E+00,    1.8050236766E+02
    142150,      0.676948,CP0_start,   1,    0.0000000000E+00,    1.8062077404E+02,    1.8062077404E+02,    0.0000000000E+00,    0.0000000000E+00,    0.0000000000E+00,    1.8062077404E+02
    142150,      0.676948,CP1_after_deposition,   1,    0.0000000000E+00,    1.8062077404E+02,    1.8062077404E+02,    0.0000000000E+00,    0.0000000000E+00,    0.0000000000E+00,    1.8062077404E+02
    142150,      0.676948,CP2_after_erosion,   1,    0.0000000000E+00,    1.8062077404E+02,    1.8062077404E+02,    0.0000000000E+00,    0.0000000000E+00,    0.0000000000E+00,    1.8062077404E+02
    142150,      0.676948,CP3_after_update_bottom,   1,    0.0000000000E+00,    1.8062077404E+02,    1.8062077404E+02,    0.0000000000E+00,    0.0000000000E+00,    0.0000000000E+00,    1.8062077404E+02
    142150,      0.676948,CP4_after_advection,   1,    0.0000000000E+00,    1.8062669171E+02,    1.8062669171E+02,    0.0000000000E+00,    0.0000000000E+00,    0.0000000000E+00,    1.8062669171E+02
    142150,      0.676948,CP5_after_vdif,   1,    0.0000000000E+00,    1.8062669171E+02,    1.8062669171E+02,    0.0000000000E+00,    0.0000000000E+00,    0.0000000000E+00,    1.8062669171E+02
    142150,      0.676948,CP6_after_kinetics,   1,    0.0000000000E+00,    1.8062669171E+02,    1.8062669171E+02,    0.0000000000E+00,    0.0000000000E+00,    0.0000000000E+00,    1.8062669171E+02
    142150,      0.676948,CP7_after_upper_clamp,   1,    0.0000000000E+00,    1.8062669171E+02,    1.8062669171E+02,    0.0000000000E+00,    0.0000000000E+00,    0.0000000000E+00,    1.8062669171E+02
    142150,      0.676948,CP8_after_OBC,   1,    0.0000000000E+00,    1.8062669171E+02,    1.8062669171E+02,    0.0000000000E+00,    0.0000000000E+00,    0.0000000000E+00,    1.8062669171E+02
    142150,      0.676948,CP9_after_PTsource,   1,    0.0000000000E+00,    1.8062669171E+02,    1.8062669171E+02,    0.0000000000E+00,    0.0000000000E+00,    0.0000000000E+00,    1.8062669171E+02
    142150,      0.676948,CP10_after_neg_clamp,   1,    0.0000000000E+00,    1.8062669171E+02,    1.8062669171E+02,    0.0000000000E+00,    0.0000000000E+00,    0.0000000000E+00,    1.8062669171E+02
    142150,      0.676948,CP11_after_MPI,   1,    0.0000000000E+00,    1.8062669171E+02,    1.8062669171E+02,    0.0000000000E+00,    0.0000000000E+00,    0.0000000000E+00,    1.8062669171E+02
    142150,      0.676948,CP12_end,   1,    0.0000000000E+00,    1.8062669171E+02,    1.8062669171E+02,    0.0000000000E+00,    0.0000000000E+00,    0.0000000000E+00,    1.8062669171E+02
    142200,      0.676948,CP0_start,   1,    0.0000000000E+00,    1.8074341850E+02,    1.8074341850E+02,    0.0000000000E+00,    0.0000000000E+00,    0.0000000000E+00,    1.8074341850E+02
    142200,      0.676948,CP1_after_deposition,   1,    0.0000000000E+00,    1.8074341850E+02,    1.8074341850E+02,    0.0000000000E+00,    0.0000000000E+00,    0.0000000000E+00,    1.8074341850E+02
    142200,      0.676948,CP2_after_erosion,   1,    0.0000000000E+00,    1.8074341850E+02,    1.8074341850E+02,    0.0000000000E+00,    0.0000000000E+00,    0.0000000000E+00,    1.8074341850E+02
    142200,      0.676948,CP3_after_update_bottom,   1,    0.0000000000E+00,    1.8074341850E+02,    1.8074341850E+02,    0.0000000000E+00,    0.0000000000E+00,    0.0000000000E+00,    1.8074341850E+02
    142200,      0.676948,CP4_after_advection,   1,    0.0000000000E+00,    1.8074944244E+02,    1.8074944244E+02,    0.0000000000E+00,    0.0000000000E+00,    0.0000000000E+00,    1.8074944244E+02
    142200,      0.676948,CP5_after_vdif,   1,    0.0000000000E+00,    1.8074944244E+02,    1.8074944244E+02,    0.0000000000E+00,    0.0000000000E+00,    0.0000000000E+00,    1.8074944244E+02
    142200,      0.676948,CP6_after_kinetics,   1,    0.0000000000E+00,    1.8074944244E+02,    1.8074944244E+02,    0.0000000000E+00,    0.0000000000E+00,    0.0000000000E+00,    1.8074944244E+02
    142200,      0.676948,CP7_after_upper_clamp,   1,    0.0000000000E+00,    1.8074944244E+02,    1.8074944244E+02,    0.0000000000E+00,    0.0000000000E+00,    0.0000000000E+00,    1.8074944244E+02
    142200,      0.676948,CP8_after_OBC,   1,    0.0000000000E+00,    1.8074944244E+02,    1.8074944244E+02,    0.0000000000E+00,    0.0000000000E+00,    0.0000000000E+00,    1.8074944244E+02
    142200,      0.676948,CP9_after_PTsource,   1,    0.0000000000E+00,    1.8074944244E+02,    1.8074944244E+02,    0.0000000000E+00,    0.0000000000E+00,    0.0000000000E+00,    1.8074944244E+02
    142200,      0.676948,CP10_after_neg_clamp,   1,    0.0000000000E+00,    1.8074944244E+02,    1.8074944244E+02,    0.0000000000E+00,    0.0000000000E+00,    0.0000000000E+00,    1.8074944244E+02
    142200,      0.676948,CP11_after_MPI,   1,    0.0000000000E+00,    1.8074944244E+02,    1.8074944244E+02,    0.0000000000E+00,    0.0000000000E+00,    0.0000000000E+00,    1.8074944244E+02
    142200,      0.676948,CP12_end,   1,    0.0000000000E+00,    1.8074944244E+02,    1.8074944244E+02,    0.0000000000E+00,    0.0000000000E+00,    0.0000000000E+00,    1.8074944244E+02
    142250,      0.676948,CP0_start,   1,    0.0000000000E+00,    1.8086385690E+02,    1.8086385690E+02,    0.0000000000E+00,    0.0000000000E+00,    0.0000000000E+00,    1.8086385690E+02
    142250,      0.676948,CP1_after_deposition,   1,    0.0000000000E+00,    1.8086385690E+02,    1.8086385690E+02,    0.0000000000E+00,    0.0000000000E+00,    0.0000000000E+00,    1.8086385690E+02
    142250,      0.676948,CP2_after_erosion,   1,    0.0000000000E+00,    1.8086385690E+02,    1.8086385690E+02,    0.0000000000E+00,    0.0000000000E+00,    0.0000000000E+00,    1.8086385690E+02
    142250,      0.676948,CP3_after_update_bottom,   1,    0.0000000000E+00,    1.8086385690E+02,    1.8086385690E+02,    0.0000000000E+00,    0.0000000000E+00,    0.0000000000E+00,    1.8086385690E+02
    142250,      0.676948,CP4_after_advection,   1,    0.0000000000E+00,    1.8086997120E+02,    1.8086997120E+02,    0.0000000000E+00,    0.0000000000E+00,    0.0000000000E+00,    1.8086997120E+02
    142250,      0.676948,CP5_after_vdif,   1,    0.0000000000E+00,    1.8086997120E+02,    1.8086997120E+02,    0.0000000000E+00,    0.0000000000E+00,    0.0000000000E+00,    1.8086997120E+02
    142250,      0.676948,CP6_after_kinetics,   1,    0.0000000000E+00,    1.8086997120E+02,    1.8086997120E+02,    0.0000000000E+00,    0.0000000000E+00,    0.0000000000E+00,    1.8086997120E+02
    142250,      0.676948,CP7_after_upper_clamp,   1,    0.0000000000E+00,    1.8086997120E+02,    1.8086997120E+02,    0.0000000000E+00,    0.0000000000E+00,    0.0000000000E+00,    1.8086997120E+02
    142250,      0.676948,CP8_after_OBC,   1,    0.0000000000E+00,    1.8086997120E+02,    1.8086997120E+02,    0.0000000000E+00,    0.0000000000E+00,    0.0000000000E+00,    1.8086997120E+02
    142250,      0.676948,CP9_after_PTsource,   1,    0.0000000000E+00,    1.8086997120E+02,    1.8086997120E+02,    0.0000000000E+00,    0.0000000000E+00,    0.0000000000E+00,    1.8086997120E+02
    142250,      0.676948,CP10_after_neg_clamp,   1,    0.0000000000E+00,    1.8086997120E+02,    1.8086997120E+02,    0.0000000000E+00,    0.0000000000E+00,    0.0000000000E+00,    1.8086997120E+02
    142250,      0.676948,CP11_after_MPI,   1,    0.0000000000E+00,    1.8086997120E+02,    1.8086997120E+02,    0.0000000000E+00,    0.0000000000E+00,    0.0000000000E+00,    1.8086997120E+02
    142250,      0.676948,CP12_end,   1,    0.0000000000E+00,    1.8086997120E+02,    1.8086997120E+02,    0.0000000000E+00,    0.0000000000E+00,    0.0000000000E+00,    1.8086997120E+02
    142300,      0.676948,CP0_start,   1,    0.0000000000E+00,    1.8098126175E+02,    1.8098126175E+02,    0.0000000000E+00,    0.0000000000E+00,    0.0000000000E+00,    1.8098126175E+02
    142300,      0.676948,CP1_after_deposition,   1,    0.0000000000E+00,    1.8098126175E+02,    1.8098126175E+02,    0.0000000000E+00,    0.0000000000E+00,    0.0000000000E+00,    1.8098126175E+02
    142300,      0.676948,CP2_after_erosion,   1,    0.0000000000E+00,    1.8098126175E+02,    1.8098126175E+02,    0.0000000000E+00,    0.0000000000E+00,    0.0000000000E+00,    1.8098126175E+02
    142300,      0.676948,CP3_after_update_bottom,   1,    0.0000000000E+00,    1.8098126175E+02,    1.8098126175E+02,    0.0000000000E+00,    0.0000000000E+00,    0.0000000000E+00,    1.8098126175E+02
    142300,      0.676948,CP4_after_advection,   1,    0.0000000000E+00,    1.8098744388E+02,    1.8098744388E+02,    0.0000000000E+00,    0.0000000000E+00,    0.0000000000E+00,    1.8098744388E+02
    142300,      0.676948,CP5_after_vdif,   1,    0.0000000000E+00,    1.8098744388E+02,    1.8098744388E+02,    0.0000000000E+00,    0.0000000000E+00,    0.0000000000E+00,    1.8098744388E+02
    142300,      0.676948,CP6_after_kinetics,   1,    0.0000000000E+00,    1.8098744388E+02,    1.8098744388E+02,    0.0000000000E+00,    0.0000000000E+00,    0.0000000000E+00,    1.8098744388E+02
    142300,      0.676948,CP7_after_upper_clamp,   1,    0.0000000000E+00,    1.8098744388E+02,    1.8098744388E+02,    0.0000000000E+00,    0.0000000000E+00,    0.0000000000E+00,    1.8098744388E+02
    142300,      0.676948,CP8_after_OBC,   1,    0.0000000000E+00,    1.8098744388E+02,    1.8098744388E+02,    0.0000000000E+00,    0.0000000000E+00,    0.0000000000E+00,    1.8098744388E+02
    142300,      0.676948,CP9_after_PTsource,   1,    0.0000000000E+00,    1.8098744388E+02,    1.8098744388E+02,    0.0000000000E+00,    0.0000000000E+00,    0.0000000000E+00,    1.8098744388E+02
    142300,      0.676948,CP10_after_neg_clamp,   1,    0.0000000000E+00,    1.8098744388E+02,    1.8098744388E+02,    0.0000000000E+00,    0.0000000000E+00,    0.0000000000E+00,    1.8098744388E+02
    142300,      0.676948,CP11_after_MPI,   1,    0.0000000000E+00,    1.8098744388E+02,    1.8098744388E+02,    0.0000000000E+00,    0.0000000000E+00,    0.0000000000E+00,    1.8098744388E+02
    142300,      0.676948,CP12_end,   1,    0.0000000000E+00,    1.8098744388E+02,    1.8098744388E+02,    0.0000000000E+00,    0.0000000000E+00,    0.0000000000E+00,    1.8098744388E+02
    142350,      0.676948,CP0_start,   1,    0.0000000000E+00,    1.8109394153E+02,    1.8109394153E+02,    0.0000000000E+00,    0.0000000000E+00,    0.0000000000E+00,    1.8109394153E+02
    142350,      0.676948,CP1_after_deposition,   1,    0.0000000000E+00,    1.8109394153E+02,    1.8109394153E+02,    0.0000000000E+00,    0.0000000000E+00,    0.0000000000E+00,    1.8109394153E+02
    142350,      0.676948,CP2_after_erosion,   1,    0.0000000000E+00,    1.8109394153E+02,    1.8109394153E+02,    0.0000000000E+00,    0.0000000000E+00,    0.0000000000E+00,    1.8109394153E+02
    142350,      0.676948,CP3_after_update_bottom,   1,    0.0000000000E+00,    1.8109394153E+02,    1.8109394153E+02,    0.0000000000E+00,    0.0000000000E+00,    0.0000000000E+00,    1.8109394153E+02
    142350,      0.676948,CP4_after_advection,   1,    0.0000000000E+00,    1.8110014423E+02,    1.8110014423E+02,    0.0000000000E+00,    0.0000000000E+00,    0.0000000000E+00,    1.8110014423E+02
    142350,      0.676948,CP5_after_vdif,   1,    0.0000000000E+00,    1.8110014423E+02,    1.8110014423E+02,    0.0000000000E+00,    0.0000000000E+00,    0.0000000000E+00,    1.8110014423E+02
    142350,      0.676948,CP6_after_kinetics,   1,    0.0000000000E+00,    1.8110014423E+02,    1.8110014423E+02,    0.0000000000E+00,    0.0000000000E+00,    0.0000000000E+00,    1.8110014423E+02
    142350,      0.676948,CP7_after_upper_clamp,   1,    0.0000000000E+00,    1.8110014423E+02,    1.8110014423E+02,    0.0000000000E+00,    0.0000000000E+00,    0.0000000000E+00,    1.8110014423E+02
    142350,      0.676948,CP8_after_OBC,   1,    0.0000000000E+00,    1.8110014423E+02,    1.8110014423E+02,    0.0000000000E+00,    0.0000000000E+00,    0.0000000000E+00,    1.8110014423E+02
    142350,      0.676948,CP9_after_PTsource,   1,    0.0000000000E+00,    1.8110014423E+02,    1.8110014423E+02,    0.0000000000E+00,    0.0000000000E+00,    0.0000000000E+00,    1.8110014423E+02
    142350,      0.676948,CP10_after_neg_clamp,   1,    0.0000000000E+00,    1.8110014423E+02,    1.8110014423E+02,    0.0000000000E+00,    0.0000000000E+00,    0.0000000000E+00,    1.8110014423E+02
    142350,      0.676948,CP11_after_MPI,   1,    0.0000000000E+00,    1.8110014423E+02,    1.8110014423E+02,    0.0000000000E+00,    0.0000000000E+00,    0.0000000000E+00,    1.8110014423E+02
    142350,      0.676948,CP12_end,   1,    0.0000000000E+00,    1.8110014423E+02,    1.8110014423E+02,    0.0000000000E+00,    0.0000000000E+00,    0.0000000000E+00,    1.8110014423E+02
    142400,      0.676948,CP0_start,   1,    0.0000000000E+00,    1.8119972495E+02,    1.8119972495E+02,    0.0000000000E+00,    0.0000000000E+00,    0.0000000000E+00,    1.8119972495E+02
    142400,      0.676948,CP1_after_deposition,   1,    0.0000000000E+00,    1.8119972495E+02,    1.8119972495E+02,    0.0000000000E+00,    0.0000000000E+00,    0.0000000000E+00,    1.8119972495E+02
    142400,      0.676948,CP2_after_erosion,   1,    0.0000000000E+00,    1.8119972495E+02,    1.8119972495E+02,    0.0000000000E+00,    0.0000000000E+00,    0.0000000000E+00,    1.8119972495E+02
    142400,      0.676948,CP3_after_update_bottom,   1,    0.0000000000E+00,    1.8119972495E+02,    1.8119972495E+02,    0.0000000000E+00,    0.0000000000E+00,    0.0000000000E+00,    1.8119972495E+02
    142400,      0.676948,CP4_after_advection,   1,    0.0000000000E+00,    1.8120591270E+02,    1.8120591270E+02,    0.0000000000E+00,    0.0000000000E+00,    0.0000000000E+00,    1.8120591270E+02
    142400,      0.676948,CP5_after_vdif,   1,    0.0000000000E+00,    1.8120591270E+02,    1.8120591270E+02,    0.0000000000E+00,    0.0000000000E+00,    0.0000000000E+00,    1.8120591270E+02
    142400,      0.676948,CP6_after_kinetics,   1,    0.0000000000E+00,    1.8120591270E+02,    1.8120591270E+02,    0.0000000000E+00,    0.0000000000E+00,    0.0000000000E+00,    1.8120591270E+02
    142400,      0.676948,CP7_after_upper_clamp,   1,    0.0000000000E+00,    1.8120591270E+02,    1.8120591270E+02,    0.0000000000E+00,    0.0000000000E+00,    0.0000000000E+00,    1.8120591270E+02
    142400,      0.676948,CP8_after_OBC,   1,    0.0000000000E+00,    1.8120591270E+02,    1.8120591270E+02,    0.0000000000E+00,    0.0000000000E+00,    0.0000000000E+00,    1.8120591270E+02
    142400,      0.676948,CP9_after_PTsource,   1,    0.0000000000E+00,    1.8120591270E+02,    1.8120591270E+02,    0.0000000000E+00,    0.0000000000E+00,    0.0000000000E+00,    1.8120591270E+02
    142400,      0.676948,CP10_after_neg_clamp,   1,    0.0000000000E+00,    1.8120591270E+02,    1.8120591270E+02,    0.0000000000E+00,    0.0000000000E+00,    0.0000000000E+00,    1.8120591270E+02
    142400,      0.676948,CP11_after_MPI,   1,    0.0000000000E+00,    1.8120591270E+02,    1.8120591270E+02,    0.0000000000E+00,    0.0000000000E+00,    0.0000000000E+00,    1.8120591270E+02
    142400,      0.676948,CP12_end,   1,    0.0000000000E+00,    1.8120591270E+02,    1.8120591270E+02,    0.0000000000E+00,    0.0000000000E+00,    0.0000000000E+00,    1.8120591270E+02
    142450,      0.676948,CP0_start,   1,    0.0000000000E+00,    1.8129768711E+02,    1.8129768711E+02,    0.0000000000E+00,    0.0000000000E+00,    0.0000000000E+00,    1.8129768711E+02
    142450,      0.676948,CP1_after_deposition,   1,    0.0000000000E+00,    1.8129768711E+02,    1.8129768711E+02,    0.0000000000E+00,    0.0000000000E+00,    0.0000000000E+00,    1.8129768711E+02
    142450,      0.676948,CP2_after_erosion,   1,    0.0000000000E+00,    1.8129768711E+02,    1.8129768711E+02,    0.0000000000E+00,    0.0000000000E+00,    0.0000000000E+00,    1.8129768711E+02
    142450,      0.676948,CP3_after_update_bottom,   1,    0.0000000000E+00,    1.8129768711E+02,    1.8129768711E+02,    0.0000000000E+00,    0.0000000000E+00,    0.0000000000E+00,    1.8129768711E+02
    142450,      0.676948,CP4_after_advection,   1,    0.0000000000E+00,    1.8130385724E+02,    1.8130385724E+02,    0.0000000000E+00,    0.0000000000E+00,    0.0000000000E+00,    1.8130385724E+02
    142450,      0.676948,CP5_after_vdif,   1,    0.0000000000E+00,    1.8130385724E+02,    1.8130385724E+02,    0.0000000000E+00,    0.0000000000E+00,    0.0000000000E+00,    1.8130385724E+02
    142450,      0.676948,CP6_after_kinetics,   1,    0.0000000000E+00,    1.8130385724E+02,    1.8130385724E+02,    0.0000000000E+00,    0.0000000000E+00,    0.0000000000E+00,    1.8130385724E+02
    142450,      0.676948,CP7_after_upper_clamp,   1,    0.0000000000E+00,    1.8130385724E+02,    1.8130385724E+02,    0.0000000000E+00,    0.0000000000E+00,    0.0000000000E+00,    1.8130385724E+02
    142450,      0.676948,CP8_after_OBC,   1,    0.0000000000E+00,    1.8130385724E+02,    1.8130385724E+02,    0.0000000000E+00,    0.0000000000E+00,    0.0000000000E+00,    1.8130385724E+02
    142450,      0.676948,CP9_after_PTsource,   1,    0.0000000000E+00,    1.8130385724E+02,    1.8130385724E+02,    0.0000000000E+00,    0.0000000000E+00,    0.0000000000E+00,    1.8130385724E+02
    142450,      0.676948,CP10_after_neg_clamp,   1,    0.0000000000E+00,    1.8130385724E+02,    1.8130385724E+02,    0.0000000000E+00,    0.0000000000E+00,    0.0000000000E+00,    1.8130385724E+02
    142450,      0.676948,CP11_after_MPI,   1,    0.0000000000E+00,    1.8130385724E+02,    1.8130385724E+02,    0.0000000000E+00,    0.0000000000E+00,    0.0000000000E+00,    1.8130385724E+02
    142450,      0.676948,CP12_end,   1,    0.0000000000E+00,    1.8130385724E+02,    1.8130385724E+02,    0.0000000000E+00,    0.0000000000E+00,    0.0000000000E+00,    1.8130385724E+02
    142500,      0.676948,CP0_start,   1,    0.0000000000E+00,    1.8138879044E+02,    1.8138879044E+02,    0.0000000000E+00,    0.0000000000E+00,    0.0000000000E+00,    1.8138879044E+02
    142500,      0.676948,CP1_after_deposition,   1,    0.0000000000E+00,    1.8138879044E+02,    1.8138879044E+02,    0.0000000000E+00,    0.0000000000E+00,    0.0000000000E+00,    1.8138879044E+02
    142500,      0.676948,CP2_after_erosion,   1,    0.0000000000E+00,    1.8138879044E+02,    1.8138879044E+02,    0.0000000000E+00,    0.0000000000E+00,    0.0000000000E+00,    1.8138879044E+02
    142500,      0.676948,CP3_after_update_bottom,   1,    0.0000000000E+00,    1.8138879044E+02,    1.8138879044E+02,    0.0000000000E+00,    0.0000000000E+00,    0.0000000000E+00,    1.8138879044E+02
    142500,      0.676948,CP4_after_advection,   1,    0.0000000000E+00,    1.8139498096E+02,    1.8139498096E+02,    0.0000000000E+00,    0.0000000000E+00,    0.0000000000E+00,    1.8139498096E+02
    142500,      0.676948,CP5_after_vdif,   1,    0.0000000000E+00,    1.8139498096E+02,    1.8139498096E+02,    0.0000000000E+00,    0.0000000000E+00,    0.0000000000E+00,    1.8139498096E+02
    142500,      0.676948,CP6_after_kinetics,   1,    0.0000000000E+00,    1.8139498096E+02,    1.8139498096E+02,    0.0000000000E+00,    0.0000000000E+00,    0.0000000000E+00,    1.8139498096E+02
    142500,      0.676948,CP7_after_upper_clamp,   1,    0.0000000000E+00,    1.8139498096E+02,    1.8139498096E+02,    0.0000000000E+00,    0.0000000000E+00,    0.0000000000E+00,    1.8139498096E+02
    142500,      0.676948,CP8_after_OBC,   1,    0.0000000000E+00,    1.8139498096E+02,    1.8139498096E+02,    0.0000000000E+00,    0.0000000000E+00,    0.0000000000E+00,    1.8139498096E+02
    142500,      0.676948,CP9_after_PTsource,   1,    0.0000000000E+00,    1.8139498096E+02,    1.8139498096E+02,    0.0000000000E+00,    0.0000000000E+00,    0.0000000000E+00,    1.8139498096E+02
    142500,      0.676948,CP10_after_neg_clamp,   1,    0.0000000000E+00,    1.8139498096E+02,    1.8139498096E+02,    0.0000000000E+00,    0.0000000000E+00,    0.0000000000E+00,    1.8139498096E+02
    142500,      0.676948,CP11_after_MPI,   1,    0.0000000000E+00,    1.8139498096E+02,    1.8139498096E+02,    0.0000000000E+00,    0.0000000000E+00,    0.0000000000E+00,    1.8139498096E+02
    142500,      0.676948,CP12_end,   1,    0.0000000000E+00,    1.8139498096E+02,    1.8139498096E+02,    0.0000000000E+00,    0.0000000000E+00,    0.0000000000E+00,    1.8139498096E+02
    142550,      0.676948,CP0_start,   1,    0.0000000000E+00,    1.8147574575E+02,    1.8147574575E+02,    0.0000000000E+00,    0.0000000000E+00,    0.0000000000E+00,    1.8147574575E+02
    142550,      0.676948,CP1_after_deposition,   1,    0.0000000000E+00,    1.8147574575E+02,    1.8147574575E+02,    0.0000000000E+00,    0.0000000000E+00,    0.0000000000E+00,    1.8147574575E+02
    142550,      0.676948,CP2_after_erosion,   1,    0.0000000000E+00,    1.8147574575E+02,    1.8147574575E+02,    0.0000000000E+00,    0.0000000000E+00,    0.0000000000E+00,    1.8147574575E+02
    142550,      0.676948,CP3_after_update_bottom,   1,    0.0000000000E+00,    1.8147574575E+02,    1.8147574575E+02,    0.0000000000E+00,    0.0000000000E+00,    0.0000000000E+00,    1.8147574575E+02
    142550,      0.676948,CP4_after_advection,   1,    0.0000000000E+00,    1.8148202213E+02,    1.8148202213E+02,    0.0000000000E+00,    0.0000000000E+00,    0.0000000000E+00,    1.8148202213E+02
    142550,      0.676948,CP5_after_vdif,   1,    0.0000000000E+00,    1.8148202213E+02,    1.8148202213E+02,    0.0000000000E+00,    0.0000000000E+00,    0.0000000000E+00,    1.8148202213E+02
    142550,      0.676948,CP6_after_kinetics,   1,    0.0000000000E+00,    1.8148202213E+02,    1.8148202213E+02,    0.0000000000E+00,    0.0000000000E+00,    0.0000000000E+00,    1.8148202213E+02
    142550,      0.676948,CP7_after_upper_clamp,   1,    0.0000000000E+00,    1.8148202213E+02,    1.8148202213E+02,    0.0000000000E+00,    0.0000000000E+00,    0.0000000000E+00,    1.8148202213E+02
    142550,      0.676948,CP8_after_OBC,   1,    0.0000000000E+00,    1.8148202213E+02,    1.8148202213E+02,    0.0000000000E+00,    0.0000000000E+00,    0.0000000000E+00,    1.8148202213E+02
    142550,      0.676948,CP9_after_PTsource,   1,    0.0000000000E+00,    1.8148202213E+02,    1.8148202213E+02,    0.0000000000E+00,    0.0000000000E+00,    0.0000000000E+00,    1.8148202213E+02
    142550,      0.676948,CP10_after_neg_clamp,   1,    0.0000000000E+00,    1.8148202213E+02,    1.8148202213E+02,    0.0000000000E+00,    0.0000000000E+00,    0.0000000000E+00,    1.8148202213E+02
    142550,      0.676948,CP11_after_MPI,   1,    0.0000000000E+00,    1.8148202213E+02,    1.8148202213E+02,    0.0000000000E+00,    0.0000000000E+00,    0.0000000000E+00,    1.8148202213E+02
    142550,      0.676948,CP12_end,   1,    0.0000000000E+00,    1.8148202213E+02,    1.8148202213E+02,    0.0000000000E+00,    0.0000000000E+00,    0.0000000000E+00,    1.8148202213E+02
    142600,      0.676948,CP0_start,   1,    0.0000000000E+00,    1.8156254499E+02,    1.8156254499E+02,    0.0000000000E+00,    0.0000000000E+00,    0.0000000000E+00,    1.8156254499E+02
    142600,      0.676948,CP1_after_deposition,   1,    0.0000000000E+00,    1.8156254499E+02,    1.8156254499E+02,    0.0000000000E+00,    0.0000000000E+00,    0.0000000000E+00,    1.8156254499E+02
    142600,      0.676948,CP2_after_erosion,   1,    0.0000000000E+00,    1.8156254499E+02,    1.8156254499E+02,    0.0000000000E+00,    0.0000000000E+00,    0.0000000000E+00,    1.8156254499E+02
    142600,      0.676948,CP3_after_update_bottom,   1,    0.0000000000E+00,    1.8156254499E+02,    1.8156254499E+02,    0.0000000000E+00,    0.0000000000E+00,    0.0000000000E+00,    1.8156254499E+02
    142600,      0.676948,CP4_after_advection,   1,    0.0000000000E+00,    1.8156899466E+02,    1.8156899466E+02,    0.0000000000E+00,    0.0000000000E+00,    0.0000000000E+00,    1.8156899466E+02
    142600,      0.676948,CP5_after_vdif,   1,    0.0000000000E+00,    1.8156899466E+02,    1.8156899466E+02,    0.0000000000E+00,    0.0000000000E+00,    0.0000000000E+00,    1.8156899466E+02
    142600,      0.676948,CP6_after_kinetics,   1,    0.0000000000E+00,    1.8156899466E+02,    1.8156899466E+02,    0.0000000000E+00,    0.0000000000E+00,    0.0000000000E+00,    1.8156899466E+02
    142600,      0.676948,CP7_after_upper_clamp,   1,    0.0000000000E+00,    1.8156899466E+02,    1.8156899466E+02,    0.0000000000E+00,    0.0000000000E+00,    0.0000000000E+00,    1.8156899466E+02
    142600,      0.676948,CP8_after_OBC,   1,    0.0000000000E+00,    1.8156899466E+02,    1.8156899466E+02,    0.0000000000E+00,    0.0000000000E+00,    0.0000000000E+00,    1.8156899466E+02
    142600,      0.676948,CP9_after_PTsource,   1,    0.0000000000E+00,    1.8156899466E+02,    1.8156899466E+02,    0.0000000000E+00,    0.0000000000E+00,    0.0000000000E+00,    1.8156899466E+02
    142600,      0.676948,CP10_after_neg_clamp,   1,    0.0000000000E+00,    1.8156899466E+02,    1.8156899466E+02,    0.0000000000E+00,    0.0000000000E+00,    0.0000000000E+00,    1.8156899466E+02
    142600,      0.676948,CP11_after_MPI,   1,    0.0000000000E+00,    1.8156899466E+02,    1.8156899466E+02,    0.0000000000E+00,    0.0000000000E+00,    0.0000000000E+00,    1.8156899466E+02
    142600,      0.676948,CP12_end,   1,    0.0000000000E+00,    1.8156899466E+02,    1.8156899466E+02,    0.0000000000E+00,    0.0000000000E+00,    0.0000000000E+00,    1.8156899466E+02
    142650,      0.676948,CP0_start,   1,    0.0000000000E+00,    1.8165374566E+02,    1.8165374566E+02,    0.0000000000E+00,    0.0000000000E+00,    0.0000000000E+00,    1.8165374566E+02
    142650,      0.676948,CP1_after_deposition,   1,    0.0000000000E+00,    1.8165374566E+02,    1.8165374566E+02,    0.0000000000E+00,    0.0000000000E+00,    0.0000000000E+00,    1.8165374566E+02
    142650,      0.676948,CP2_after_erosion,   1,    0.0000000000E+00,    1.8165374566E+02,    1.8165374566E+02,    0.0000000000E+00,    0.0000000000E+00,    0.0000000000E+00,    1.8165374566E+02
    142650,      0.676948,CP3_after_update_bottom,   1,    0.0000000000E+00,    1.8165374566E+02,    1.8165374566E+02,    0.0000000000E+00,    0.0000000000E+00,    0.0000000000E+00,    1.8165374566E+02
    142650,      0.676948,CP4_after_advection,   1,    0.0000000000E+00,    1.8166045464E+02,    1.8166045464E+02,    0.0000000000E+00,    0.0000000000E+00,    0.0000000000E+00,    1.8166045464E+02
    142650,      0.676948,CP5_after_vdif,   1,    0.0000000000E+00,    1.8166045464E+02,    1.8166045464E+02,    0.0000000000E+00,    0.0000000000E+00,    0.0000000000E+00,    1.8166045464E+02
    142650,      0.676948,CP6_after_kinetics,   1,    0.0000000000E+00,    1.8166045464E+02,    1.8166045464E+02,    0.0000000000E+00,    0.0000000000E+00,    0.0000000000E+00,    1.8166045464E+02
    142650,      0.676948,CP7_after_upper_clamp,   1,    0.0000000000E+00,    1.8166045464E+02,    1.8166045464E+02,    0.0000000000E+00,    0.0000000000E+00,    0.0000000000E+00,    1.8166045464E+02
    142650,      0.676948,CP8_after_OBC,   1,    0.0000000000E+00,    1.8166045464E+02,    1.8166045464E+02,    0.0000000000E+00,    0.0000000000E+00,    0.0000000000E+00,    1.8166045464E+02
    142650,      0.676948,CP9_after_PTsource,   1,    0.0000000000E+00,    1.8166045464E+02,    1.8166045464E+02,    0.0000000000E+00,    0.0000000000E+00,    0.0000000000E+00,    1.8166045464E+02
    142650,      0.676948,CP10_after_neg_clamp,   1,    0.0000000000E+00,    1.8166045464E+02,    1.8166045464E+02,    0.0000000000E+00,    0.0000000000E+00,    0.0000000000E+00,    1.8166045464E+02
    142650,      0.676948,CP11_after_MPI,   1,    0.0000000000E+00,    1.8166045464E+02,    1.8166045464E+02,    0.0000000000E+00,    0.0000000000E+00,    0.0000000000E+00,    1.8166045464E+02
    142650,      0.676948,CP12_end,   1,    0.0000000000E+00,    1.8166045464E+02,    1.8166045464E+02,    0.0000000000E+00,    0.0000000000E+00,    0.0000000000E+00,    1.8166045464E+02
    142700,      0.676948,CP0_start,   1,    0.0000000000E+00,    1.8175328214E+02,    1.8175328214E+02,    0.0000000000E+00,    0.0000000000E+00,    0.0000000000E+00,    1.8175328214E+02
    142700,      0.676948,CP1_after_deposition,   1,    0.0000000000E+00,    1.8175328214E+02,    1.8175328214E+02,    0.0000000000E+00,    0.0000000000E+00,    0.0000000000E+00,    1.8175328214E+02
    142700,      0.676948,CP2_after_erosion,   1,    0.0000000000E+00,    1.8175328214E+02,    1.8175328214E+02,    0.0000000000E+00,    0.0000000000E+00,    0.0000000000E+00,    1.8175328214E+02
    142700,      0.676948,CP3_after_update_bottom,   1,    0.0000000000E+00,    1.8175328214E+02,    1.8175328214E+02,    0.0000000000E+00,    0.0000000000E+00,    0.0000000000E+00,    1.8175328214E+02
    142700,      0.676948,CP4_after_advection,   1,    0.0000000000E+00,    1.8176031147E+02,    1.8176031147E+02,    0.0000000000E+00,    0.0000000000E+00,    0.0000000000E+00,    1.8176031147E+02
    142700,      0.676948,CP5_after_vdif,   1,    0.0000000000E+00,    1.8176031147E+02,    1.8176031147E+02,    0.0000000000E+00,    0.0000000000E+00,    0.0000000000E+00,    1.8176031147E+02
    142700,      0.676948,CP6_after_kinetics,   1,    0.0000000000E+00,    1.8176031147E+02,    1.8176031147E+02,    0.0000000000E+00,    0.0000000000E+00,    0.0000000000E+00,    1.8176031147E+02
    142700,      0.676948,CP7_after_upper_clamp,   1,    0.0000000000E+00,    1.8176031147E+02,    1.8176031147E+02,    0.0000000000E+00,    0.0000000000E+00,    0.0000000000E+00,    1.8176031147E+02
    142700,      0.676948,CP8_after_OBC,   1,    0.0000000000E+00,    1.8176031147E+02,    1.8176031147E+02,    0.0000000000E+00,    0.0000000000E+00,    0.0000000000E+00,    1.8176031147E+02
    142700,      0.676948,CP9_after_PTsource,   1,    0.0000000000E+00,    1.8176031147E+02,    1.8176031147E+02,    0.0000000000E+00,    0.0000000000E+00,    0.0000000000E+00,    1.8176031147E+02
    142700,      0.676948,CP10_after_neg_clamp,   1,    0.0000000000E+00,    1.8176031147E+02,    1.8176031147E+02,    0.0000000000E+00,    0.0000000000E+00,    0.0000000000E+00,    1.8176031147E+02
    142700,      0.676948,CP11_after_MPI,   1,    0.0000000000E+00,    1.8176031147E+02,    1.8176031147E+02,    0.0000000000E+00,    0.0000000000E+00,    0.0000000000E+00,    1.8176031147E+02
    142700,      0.676948,CP12_end,   1,    0.0000000000E+00,    1.8176031147E+02,    1.8176031147E+02,    0.0000000000E+00,    0.0000000000E+00,    0.0000000000E+00,    1.8176031147E+02
    142750,      0.676948,CP0_start,   1,    0.0000000000E+00,    1.8186330752E+02,    1.8186330752E+02,    0.0000000000E+00,    0.0000000000E+00,    0.0000000000E+00,    1.8186330752E+02
    142750,      0.676948,CP1_after_deposition,   1,    0.0000000000E+00,    1.8186330752E+02,    1.8186330752E+02,    0.0000000000E+00,    0.0000000000E+00,    0.0000000000E+00,    1.8186330752E+02
    142750,      0.676948,CP2_after_erosion,   1,    0.0000000000E+00,    1.8186330752E+02,    1.8186330752E+02,    0.0000000000E+00,    0.0000000000E+00,    0.0000000000E+00,    1.8186330752E+02
    142750,      0.676948,CP3_after_update_bottom,   1,    0.0000000000E+00,    1.8186330752E+02,    1.8186330752E+02,    0.0000000000E+00,    0.0000000000E+00,    0.0000000000E+00,    1.8186330752E+02
    142750,      0.676948,CP4_after_advection,   1,    0.0000000000E+00,    1.8187067662E+02,    1.8187067662E+02,    0.0000000000E+00,    0.0000000000E+00,    0.0000000000E+00,    1.8187067662E+02
    142750,      0.676948,CP5_after_vdif,   1,    0.0000000000E+00,    1.8187067662E+02,    1.8187067662E+02,    0.0000000000E+00,    0.0000000000E+00,    0.0000000000E+00,    1.8187067662E+02
    142750,      0.676948,CP6_after_kinetics,   1,    0.0000000000E+00,    1.8187067662E+02,    1.8187067662E+02,    0.0000000000E+00,    0.0000000000E+00,    0.0000000000E+00,    1.8187067662E+02
    142750,      0.676948,CP7_after_upper_clamp,   1,    0.0000000000E+00,    1.8187067662E+02,    1.8187067662E+02,    0.0000000000E+00,    0.0000000000E+00,    0.0000000000E+00,    1.8187067662E+02
    142750,      0.676948,CP8_after_OBC,   1,    0.0000000000E+00,    1.8187067662E+02,    1.8187067662E+02,    0.0000000000E+00,    0.0000000000E+00,    0.0000000000E+00,    1.8187067662E+02
    142750,      0.676948,CP9_after_PTsource,   1,    0.0000000000E+00,    1.8187067662E+02,    1.8187067662E+02,    0.0000000000E+00,    0.0000000000E+00,    0.0000000000E+00,    1.8187067662E+02
    142750,      0.676948,CP10_after_neg_clamp,   1,    0.0000000000E+00,    1.8187067662E+02,    1.8187067662E+02,    0.0000000000E+00,    0.0000000000E+00,    0.0000000000E+00,    1.8187067662E+02
    142750,      0.676948,CP11_after_MPI,   1,    0.0000000000E+00,    1.8187067662E+02,    1.8187067662E+02,    0.0000000000E+00,    0.0000000000E+00,    0.0000000000E+00,    1.8187067662E+02
    142750,      0.676948,CP12_end,   1,    0.0000000000E+00,    1.8187067662E+02,    1.8187067662E+02,    0.0000000000E+00,    0.0000000000E+00,    0.0000000000E+00,    1.8187067662E+02
    142800,      0.676948,CP0_start,   1,    0.0000000000E+00,    1.8198398379E+02,    1.8198398379E+02,    0.0000000000E+00,    0.0000000000E+00,    0.0000000000E+00,    1.8198398379E+02
    142800,      0.676948,CP1_after_deposition,   1,    0.0000000000E+00,    1.8198398379E+02,    1.8198398379E+02,    0.0000000000E+00,    0.0000000000E+00,    0.0000000000E+00,    1.8198398379E+02
    142800,      0.676948,CP2_after_erosion,   1,    0.0000000000E+00,    1.8198398379E+02,    1.8198398379E+02,    0.0000000000E+00,    0.0000000000E+00,    0.0000000000E+00,    1.8198398379E+02
    142800,      0.676948,CP3_after_update_bottom,   1,    0.0000000000E+00,    1.8198398379E+02,    1.8198398379E+02,    0.0000000000E+00,    0.0000000000E+00,    0.0000000000E+00,    1.8198398379E+02
    142800,      0.676948,CP4_after_advection,   1,    0.0000000000E+00,    1.8199167086E+02,    1.8199167086E+02,    0.0000000000E+00,    0.0000000000E+00,    0.0000000000E+00,    1.8199167086E+02
    142800,      0.676948,CP5_after_vdif,   1,    0.0000000000E+00,    1.8199167086E+02,    1.8199167086E+02,    0.0000000000E+00,    0.0000000000E+00,    0.0000000000E+00,    1.8199167086E+02
    142800,      0.676948,CP6_after_kinetics,   1,    0.0000000000E+00,    1.8199167086E+02,    1.8199167086E+02,    0.0000000000E+00,    0.0000000000E+00,    0.0000000000E+00,    1.8199167086E+02
    142800,      0.676948,CP7_after_upper_clamp,   1,    0.0000000000E+00,    1.8199167086E+02,    1.8199167086E+02,    0.0000000000E+00,    0.0000000000E+00,    0.0000000000E+00,    1.8199167086E+02
    142800,      0.676948,CP8_after_OBC,   1,    0.0000000000E+00,    1.8199167086E+02,    1.8199167086E+02,    0.0000000000E+00,    0.0000000000E+00,    0.0000000000E+00,    1.8199167086E+02
    142800,      0.676948,CP9_after_PTsource,   1,    0.0000000000E+00,    1.8199167086E+02,    1.8199167086E+02,    0.0000000000E+00,    0.0000000000E+00,    0.0000000000E+00,    1.8199167086E+02
    142800,      0.676948,CP10_after_neg_clamp,   1,    0.0000000000E+00,    1.8199167086E+02,    1.8199167086E+02,    0.0000000000E+00,    0.0000000000E+00,    0.0000000000E+00,    1.8199167086E+02
    142800,      0.676948,CP11_after_MPI,   1,    0.0000000000E+00,    1.8199167086E+02,    1.8199167086E+02,    0.0000000000E+00,    0.0000000000E+00,    0.0000000000E+00,    1.8199167086E+02
    142800,      0.676948,CP12_end,   1,    0.0000000000E+00,    1.8199167086E+02,    1.8199167086E+02,    0.0000000000E+00,    0.0000000000E+00,    0.0000000000E+00,    1.8199167086E+02
    142850,      0.676948,CP0_start,   1,    0.0000000000E+00,    1.8211342326E+02,    1.8211342326E+02,    0.0000000000E+00,    0.0000000000E+00,    0.0000000000E+00,    1.8211342326E+02
    142850,      0.676948,CP1_after_deposition,   1,    0.0000000000E+00,    1.8211342326E+02,    1.8211342326E+02,    0.0000000000E+00,    0.0000000000E+00,    0.0000000000E+00,    1.8211342326E+02
    142850,      0.676948,CP2_after_erosion,   1,    0.0000000000E+00,    1.8211342326E+02,    1.8211342326E+02,    0.0000000000E+00,    0.0000000000E+00,    0.0000000000E+00,    1.8211342326E+02
    142850,      0.676948,CP3_after_update_bottom,   1,    0.0000000000E+00,    1.8211342326E+02,    1.8211342326E+02,    0.0000000000E+00,    0.0000000000E+00,    0.0000000000E+00,    1.8211342326E+02
    142850,      0.676948,CP4_after_advection,   1,    0.0000000000E+00,    1.8212137251E+02,    1.8212137251E+02,    0.0000000000E+00,    0.0000000000E+00,    0.0000000000E+00,    1.8212137251E+02
    142850,      0.676948,CP5_after_vdif,   1,    0.0000000000E+00,    1.8212137251E+02,    1.8212137251E+02,    0.0000000000E+00,    0.0000000000E+00,    0.0000000000E+00,    1.8212137251E+02
    142850,      0.676948,CP6_after_kinetics,   1,    0.0000000000E+00,    1.8212137251E+02,    1.8212137251E+02,    0.0000000000E+00,    0.0000000000E+00,    0.0000000000E+00,    1.8212137251E+02
    142850,      0.676948,CP7_after_upper_clamp,   1,    0.0000000000E+00,    1.8212137251E+02,    1.8212137251E+02,    0.0000000000E+00,    0.0000000000E+00,    0.0000000000E+00,    1.8212137251E+02
    142850,      0.676948,CP8_after_OBC,   1,    0.0000000000E+00,    1.8212137251E+02,    1.8212137251E+02,    0.0000000000E+00,    0.0000000000E+00,    0.0000000000E+00,    1.8212137251E+02
    142850,      0.676948,CP9_after_PTsource,   1,    0.0000000000E+00,    1.8212137251E+02,    1.8212137251E+02,    0.0000000000E+00,    0.0000000000E+00,    0.0000000000E+00,    1.8212137251E+02
    142850,      0.676948,CP10_after_neg_clamp,   1,    0.0000000000E+00,    1.8212137251E+02,    1.8212137251E+02,    0.0000000000E+00,    0.0000000000E+00,    0.0000000000E+00,    1.8212137251E+02
    142850,      0.676948,CP11_after_MPI,   1,    0.0000000000E+00,    1.8212137251E+02,    1.8212137251E+02,    0.0000000000E+00,    0.0000000000E+00,    0.0000000000E+00,    1.8212137251E+02
    142850,      0.676948,CP12_end,   1,    0.0000000000E+00,    1.8212137251E+02,    1.8212137251E+02,    0.0000000000E+00,    0.0000000000E+00,    0.0000000000E+00,    1.8212137251E+02
    142900,      0.676948,CP0_start,   1,    0.0000000000E+00,    1.8224843613E+02,    1.8224843613E+02,    0.0000000000E+00,    0.0000000000E+00,    0.0000000000E+00,    1.8224843613E+02
    142900,      0.676948,CP1_after_deposition,   1,    0.0000000000E+00,    1.8224843613E+02,    1.8224843613E+02,    0.0000000000E+00,    0.0000000000E+00,    0.0000000000E+00,    1.8224843613E+02
    142900,      0.676948,CP2_after_erosion,   1,    0.0000000000E+00,    1.8224843613E+02,    1.8224843613E+02,    0.0000000000E+00,    0.0000000000E+00,    0.0000000000E+00,    1.8224843613E+02
    142900,      0.676948,CP3_after_update_bottom,   1,    0.0000000000E+00,    1.8224843613E+02,    1.8224843613E+02,    0.0000000000E+00,    0.0000000000E+00,    0.0000000000E+00,    1.8224843613E+02
    142900,      0.676948,CP4_after_advection,   1,    0.0000000000E+00,    1.8225657018E+02,    1.8225657018E+02,    0.0000000000E+00,    0.0000000000E+00,    0.0000000000E+00,    1.8225657018E+02
    142900,      0.676948,CP5_after_vdif,   1,    0.0000000000E+00,    1.8225657018E+02,    1.8225657018E+02,    0.0000000000E+00,    0.0000000000E+00,    0.0000000000E+00,    1.8225657018E+02
    142900,      0.676948,CP6_after_kinetics,   1,    0.0000000000E+00,    1.8225657018E+02,    1.8225657018E+02,    0.0000000000E+00,    0.0000000000E+00,    0.0000000000E+00,    1.8225657018E+02
    142900,      0.676948,CP7_after_upper_clamp,   1,    0.0000000000E+00,    1.8225657018E+02,    1.8225657018E+02,    0.0000000000E+00,    0.0000000000E+00,    0.0000000000E+00,    1.8225657018E+02
    142900,      0.676948,CP8_after_OBC,   1,    0.0000000000E+00,    1.8225657018E+02,    1.8225657018E+02,    0.0000000000E+00,    0.0000000000E+00,    0.0000000000E+00,    1.8225657018E+02
    142900,      0.676948,CP9_after_PTsource,   1,    0.0000000000E+00,    1.8225657018E+02,    1.8225657018E+02,    0.0000000000E+00,    0.0000000000E+00,    0.0000000000E+00,    1.8225657018E+02
    142900,      0.676948,CP10_after_neg_clamp,   1,    0.0000000000E+00,    1.8225657018E+02,    1.8225657018E+02,    0.0000000000E+00,    0.0000000000E+00,    0.0000000000E+00,    1.8225657018E+02
    142900,      0.676948,CP11_after_MPI,   1,    0.0000000000E+00,    1.8225657018E+02,    1.8225657018E+02,    0.0000000000E+00,    0.0000000000E+00,    0.0000000000E+00,    1.8225657018E+02
    142900,      0.676948,CP12_end,   1,    0.0000000000E+00,    1.8225657018E+02,    1.8225657018E+02,    0.0000000000E+00,    0.0000000000E+00,    0.0000000000E+00,    1.8225657018E+02
    142950,      0.676948,CP0_start,   1,    0.0000000000E+00,    1.8238530508E+02,    1.8238530508E+02,    0.0000000000E+00,    0.0000000000E+00,    0.0000000000E+00,    1.8238530508E+02
    142950,      0.676948,CP1_after_deposition,   1,    0.0000000000E+00,    1.8238530508E+02,    1.8238530508E+02,    0.0000000000E+00,    0.0000000000E+00,    0.0000000000E+00,    1.8238530508E+02
    142950,      0.676948,CP2_after_erosion,   1,    0.0000000000E+00,    1.8238530508E+02,    1.8238530508E+02,    0.0000000000E+00,    0.0000000000E+00,    0.0000000000E+00,    1.8238530508E+02
    142950,      0.676948,CP3_after_update_bottom,   1,    0.0000000000E+00,    1.8238530508E+02,    1.8238530508E+02,    0.0000000000E+00,    0.0000000000E+00,    0.0000000000E+00,    1.8238530508E+02
    142950,      0.676948,CP4_after_advection,   1,    0.0000000000E+00,    1.8239354782E+02,    1.8239354782E+02,    0.0000000000E+00,    0.0000000000E+00,    0.0000000000E+00,    1.8239354782E+02
    142950,      0.676948,CP5_after_vdif,   1,    0.0000000000E+00,    1.8239354782E+02,    1.8239354782E+02,    0.0000000000E+00,    0.0000000000E+00,    0.0000000000E+00,    1.8239354782E+02
    142950,      0.676948,CP6_after_kinetics,   1,    0.0000000000E+00,    1.8239354782E+02,    1.8239354782E+02,    0.0000000000E+00,    0.0000000000E+00,    0.0000000000E+00,    1.8239354782E+02
    142950,      0.676948,CP7_after_upper_clamp,   1,    0.0000000000E+00,    1.8239354782E+02,    1.8239354782E+02,    0.0000000000E+00,    0.0000000000E+00,    0.0000000000E+00,    1.8239354782E+02
    142950,      0.676948,CP8_after_OBC,   1,    0.0000000000E+00,    1.8239354782E+02,    1.8239354782E+02,    0.0000000000E+00,    0.0000000000E+00,    0.0000000000E+00,    1.8239354782E+02
    142950,      0.676948,CP9_after_PTsource,   1,    0.0000000000E+00,    1.8239354782E+02,    1.8239354782E+02,    0.0000000000E+00,    0.0000000000E+00,    0.0000000000E+00,    1.8239354782E+02
    142950,      0.676948,CP10_after_neg_clamp,   1,    0.0000000000E+00,    1.8239354782E+02,    1.8239354782E+02,    0.0000000000E+00,    0.0000000000E+00,    0.0000000000E+00,    1.8239354782E+02
    142950,      0.676948,CP11_after_MPI,   1,    0.0000000000E+00,    1.8239354782E+02,    1.8239354782E+02,    0.0000000000E+00,    0.0000000000E+00,    0.0000000000E+00,    1.8239354782E+02
    142950,      0.676948,CP12_end,   1,    0.0000000000E+00,    1.8239354782E+02,    1.8239354782E+02,    0.0000000000E+00,    0.0000000000E+00,    0.0000000000E+00,    1.8239354782E+02
    143000,      0.676948,CP0_start,   1,    0.0000000000E+00,    1.8252094066E+02,    1.8252094066E+02,    0.0000000000E+00,    0.0000000000E+00,    0.0000000000E+00,    1.8252094066E+02
    143000,      0.676948,CP1_after_deposition,   1,    0.0000000000E+00,    1.8252094066E+02,    1.8252094066E+02,    0.0000000000E+00,    0.0000000000E+00,    0.0000000000E+00,    1.8252094066E+02
    143000,      0.676948,CP2_after_erosion,   1,    0.0000000000E+00,    1.8252094066E+02,    1.8252094066E+02,    0.0000000000E+00,    0.0000000000E+00,    0.0000000000E+00,    1.8252094066E+02
    143000,      0.676948,CP3_after_update_bottom,   1,    0.0000000000E+00,    1.8252094066E+02,    1.8252094066E+02,    0.0000000000E+00,    0.0000000000E+00,    0.0000000000E+00,    1.8252094066E+02
    143000,      0.676948,CP4_after_advection,   1,    0.0000000000E+00,    1.8252923699E+02,    1.8252923699E+02,    0.0000000000E+00,    0.0000000000E+00,    0.0000000000E+00,    1.8252923699E+02
    143000,      0.676948,CP5_after_vdif,   1,    0.0000000000E+00,    1.8252923699E+02,    1.8252923699E+02,    0.0000000000E+00,    0.0000000000E+00,    0.0000000000E+00,    1.8252923699E+02
    143000,      0.676948,CP6_after_kinetics,   1,    0.0000000000E+00,    1.8252923699E+02,    1.8252923699E+02,    0.0000000000E+00,    0.0000000000E+00,    0.0000000000E+00,    1.8252923699E+02
    143000,      0.676948,CP7_after_upper_clamp,   1,    0.0000000000E+00,    1.8252923699E+02,    1.8252923699E+02,    0.0000000000E+00,    0.0000000000E+00,    0.0000000000E+00,    1.8252923699E+02
    143000,      0.676948,CP8_after_OBC,   1,    0.0000000000E+00,    1.8252923699E+02,    1.8252923699E+02,    0.0000000000E+00,    0.0000000000E+00,    0.0000000000E+00,    1.8252923699E+02
    143000,      0.676948,CP9_after_PTsource,   1,    0.0000000000E+00,    1.8252923699E+02,    1.8252923699E+02,    0.0000000000E+00,    0.0000000000E+00,    0.0000000000E+00,    1.8252923699E+02
    143000,      0.676948,CP10_after_neg_clamp,   1,    0.0000000000E+00,    1.8252923699E+02,    1.8252923699E+02,    0.0000000000E+00,    0.0000000000E+00,    0.0000000000E+00,    1.8252923699E+02
    143000,      0.676948,CP11_after_MPI,   1,    0.0000000000E+00,    1.8252923699E+02,    1.8252923699E+02,    0.0000000000E+00,    0.0000000000E+00,    0.0000000000E+00,    1.8252923699E+02
    143000,      0.676948,CP12_end,   1,    0.0000000000E+00,    1.8252923699E+02,    1.8252923699E+02,    0.0000000000E+00,    0.0000000000E+00,    0.0000000000E+00,    1.8252923699E+02
    143050,      0.676948,CP0_start,   1,    0.0000000000E+00,    1.8265358983E+02,    1.8265358983E+02,    0.0000000000E+00,    0.0000000000E+00,    0.0000000000E+00,    1.8265358983E+02
    143050,      0.676948,CP1_after_deposition,   1,    0.0000000000E+00,    1.8265358983E+02,    1.8265358983E+02,    0.0000000000E+00,    0.0000000000E+00,    0.0000000000E+00,    1.8265358983E+02
    143050,      0.676948,CP2_after_erosion,   1,    0.0000000000E+00,    1.8265358983E+02,    1.8265358983E+02,    0.0000000000E+00,    0.0000000000E+00,    0.0000000000E+00,    1.8265358983E+02
    143050,      0.676948,CP3_after_update_bottom,   1,    0.0000000000E+00,    1.8265358983E+02,    1.8265358983E+02,    0.0000000000E+00,    0.0000000000E+00,    0.0000000000E+00,    1.8265358983E+02
    143050,      0.676948,CP4_after_advection,   1,    0.0000000000E+00,    1.8266191278E+02,    1.8266191278E+02,    0.0000000000E+00,    0.0000000000E+00,    0.0000000000E+00,    1.8266191278E+02
    143050,      0.676948,CP5_after_vdif,   1,    0.0000000000E+00,    1.8266191278E+02,    1.8266191278E+02,    0.0000000000E+00,    0.0000000000E+00,    0.0000000000E+00,    1.8266191278E+02
    143050,      0.676948,CP6_after_kinetics,   1,    0.0000000000E+00,    1.8266191278E+02,    1.8266191278E+02,    0.0000000000E+00,    0.0000000000E+00,    0.0000000000E+00,    1.8266191278E+02
    143050,      0.676948,CP7_after_upper_clamp,   1,    0.0000000000E+00,    1.8266191278E+02,    1.8266191278E+02,    0.0000000000E+00,    0.0000000000E+00,    0.0000000000E+00,    1.8266191278E+02
    143050,      0.676948,CP8_after_OBC,   1,    0.0000000000E+00,    1.8266191278E+02,    1.8266191278E+02,    0.0000000000E+00,    0.0000000000E+00,    0.0000000000E+00,    1.8266191278E+02
    143050,      0.676948,CP9_after_PTsource,   1,    0.0000000000E+00,    1.8266191278E+02,    1.8266191278E+02,    0.0000000000E+00,    0.0000000000E+00,    0.0000000000E+00,    1.8266191278E+02
    143050,      0.676948,CP10_after_neg_clamp,   1,    0.0000000000E+00,    1.8266191278E+02,    1.8266191278E+02,    0.0000000000E+00,    0.0000000000E+00,    0.0000000000E+00,    1.8266191278E+02
    143050,      0.676948,CP11_after_MPI,   1,    0.0000000000E+00,    1.8266191278E+02,    1.8266191278E+02,    0.0000000000E+00,    0.0000000000E+00,    0.0000000000E+00,    1.8266191278E+02
    143050,      0.676948,CP12_end,   1,    0.0000000000E+00,    1.8266191278E+02,    1.8266191278E+02,    0.0000000000E+00,    0.0000000000E+00,    0.0000000000E+00,    1.8266191278E+02
    143100,      0.676948,CP0_start,   1,    0.0000000000E+00,    1.8278265464E+02,    1.8278265464E+02,    0.0000000000E+00,    0.0000000000E+00,    0.0000000000E+00,    1.8278265464E+02
    143100,      0.676948,CP1_after_deposition,   1,    0.0000000000E+00,    1.8278265464E+02,    1.8278265464E+02,    0.0000000000E+00,    0.0000000000E+00,    0.0000000000E+00,    1.8278265464E+02
    143100,      0.676948,CP2_after_erosion,   1,    0.0000000000E+00,    1.8278265464E+02,    1.8278265464E+02,    0.0000000000E+00,    0.0000000000E+00,    0.0000000000E+00,    1.8278265464E+02
    143100,      0.676948,CP3_after_update_bottom,   1,    0.0000000000E+00,    1.8278265464E+02,    1.8278265464E+02,    0.0000000000E+00,    0.0000000000E+00,    0.0000000000E+00,    1.8278265464E+02
    143100,      0.676948,CP4_after_advection,   1,    0.0000000000E+00,    1.8279099898E+02,    1.8279099898E+02,    0.0000000000E+00,    0.0000000000E+00,    0.0000000000E+00,    1.8279099898E+02
    143100,      0.676948,CP5_after_vdif,   1,    0.0000000000E+00,    1.8279099898E+02,    1.8279099898E+02,    0.0000000000E+00,    0.0000000000E+00,    0.0000000000E+00,    1.8279099898E+02
    143100,      0.676948,CP6_after_kinetics,   1,    0.0000000000E+00,    1.8279099898E+02,    1.8279099898E+02,    0.0000000000E+00,    0.0000000000E+00,    0.0000000000E+00,    1.8279099898E+02
    143100,      0.676948,CP7_after_upper_clamp,   1,    0.0000000000E+00,    1.8279099898E+02,    1.8279099898E+02,    0.0000000000E+00,    0.0000000000E+00,    0.0000000000E+00,    1.8279099898E+02
    143100,      0.676948,CP8_after_OBC,   1,    0.0000000000E+00,    1.8279099898E+02,    1.8279099898E+02,    0.0000000000E+00,    0.0000000000E+00,    0.0000000000E+00,    1.8279099898E+02
    143100,      0.676948,CP9_after_PTsource,   1,    0.0000000000E+00,    1.8279099898E+02,    1.8279099898E+02,    0.0000000000E+00,    0.0000000000E+00,    0.0000000000E+00,    1.8279099898E+02
    143100,      0.676948,CP10_after_neg_clamp,   1,    0.0000000000E+00,    1.8279099898E+02,    1.8279099898E+02,    0.0000000000E+00,    0.0000000000E+00,    0.0000000000E+00,    1.8279099898E+02
    143100,      0.676948,CP11_after_MPI,   1,    0.0000000000E+00,    1.8279099898E+02,    1.8279099898E+02,    0.0000000000E+00,    0.0000000000E+00,    0.0000000000E+00,    1.8279099898E+02
    143100,      0.676948,CP12_end,   1,    0.0000000000E+00,    1.8279099898E+02,    1.8279099898E+02,    0.0000000000E+00,    0.0000000000E+00,    0.0000000000E+00,    1.8279099898E+02
    143150,      0.676948,CP0_start,   1,    0.0000000000E+00,    1.8290795165E+02,    1.8290795165E+02,    0.0000000000E+00,    0.0000000000E+00,    0.0000000000E+00,    1.8290795165E+02
    143150,      0.676948,CP1_after_deposition,   1,    0.0000000000E+00,    1.8290795165E+02,    1.8290795165E+02,    0.0000000000E+00,    0.0000000000E+00,    0.0000000000E+00,    1.8290795165E+02
    143150,      0.676948,CP2_after_erosion,   1,    0.0000000000E+00,    1.8290795165E+02,    1.8290795165E+02,    0.0000000000E+00,    0.0000000000E+00,    0.0000000000E+00,    1.8290795165E+02
    143150,      0.676948,CP3_after_update_bottom,   1,    0.0000000000E+00,    1.8290795165E+02,    1.8290795165E+02,    0.0000000000E+00,    0.0000000000E+00,    0.0000000000E+00,    1.8290795165E+02
    143150,      0.676948,CP4_after_advection,   1,    0.0000000000E+00,    1.8291633411E+02,    1.8291633411E+02,    0.0000000000E+00,    0.0000000000E+00,    0.0000000000E+00,    1.8291633411E+02
    143150,      0.676948,CP5_after_vdif,   1,    0.0000000000E+00,    1.8291633411E+02,    1.8291633411E+02,    0.0000000000E+00,    0.0000000000E+00,    0.0000000000E+00,    1.8291633411E+02
    143150,      0.676948,CP6_after_kinetics,   1,    0.0000000000E+00,    1.8291633411E+02,    1.8291633411E+02,    0.0000000000E+00,    0.0000000000E+00,    0.0000000000E+00,    1.8291633411E+02
    143150,      0.676948,CP7_after_upper_clamp,   1,    0.0000000000E+00,    1.8291633411E+02,    1.8291633411E+02,    0.0000000000E+00,    0.0000000000E+00,    0.0000000000E+00,    1.8291633411E+02
    143150,      0.676948,CP8_after_OBC,   1,    0.0000000000E+00,    1.8291633411E+02,    1.8291633411E+02,    0.0000000000E+00,    0.0000000000E+00,    0.0000000000E+00,    1.8291633411E+02
    143150,      0.676948,CP9_after_PTsource,   1,    0.0000000000E+00,    1.8291633411E+02,    1.8291633411E+02,    0.0000000000E+00,    0.0000000000E+00,    0.0000000000E+00,    1.8291633411E+02
    143150,      0.676948,CP10_after_neg_clamp,   1,    0.0000000000E+00,    1.8291633411E+02,    1.8291633411E+02,    0.0000000000E+00,    0.0000000000E+00,    0.0000000000E+00,    1.8291633411E+02
    143150,      0.676948,CP11_after_MPI,   1,    0.0000000000E+00,    1.8291633411E+02,    1.8291633411E+02,    0.0000000000E+00,    0.0000000000E+00,    0.0000000000E+00,    1.8291633411E+02
    143150,      0.676948,CP12_end,   1,    0.0000000000E+00,    1.8291633411E+02,    1.8291633411E+02,    0.0000000000E+00,    0.0000000000E+00,    0.0000000000E+00,    1.8291633411E+02
    143200,      0.676948,CP0_start,   1,    0.0000000000E+00,    1.8303167002E+02,    1.8303167002E+02,    0.0000000000E+00,    0.0000000000E+00,    0.0000000000E+00,    1.8303167002E+02
    143200,      0.676948,CP1_after_deposition,   1,    0.0000000000E+00,    1.8303167002E+02,    1.8303167002E+02,    0.0000000000E+00,    0.0000000000E+00,    0.0000000000E+00,    1.8303167002E+02
    143200,      0.676948,CP2_after_erosion,   1,    0.0000000000E+00,    1.8303167002E+02,    1.8303167002E+02,    0.0000000000E+00,    0.0000000000E+00,    0.0000000000E+00,    1.8303167002E+02
    143200,      0.676948,CP3_after_update_bottom,   1,    0.0000000000E+00,    1.8303167002E+02,    1.8303167002E+02,    0.0000000000E+00,    0.0000000000E+00,    0.0000000000E+00,    1.8303167002E+02
    143200,      0.676948,CP4_after_advection,   1,    0.0000000000E+00,    1.8304011536E+02,    1.8304011536E+02,    0.0000000000E+00,    0.0000000000E+00,    0.0000000000E+00,    1.8304011536E+02
    143200,      0.676948,CP5_after_vdif,   1,    0.0000000000E+00,    1.8304011536E+02,    1.8304011536E+02,    0.0000000000E+00,    0.0000000000E+00,    0.0000000000E+00,    1.8304011536E+02
    143200,      0.676948,CP6_after_kinetics,   1,    0.0000000000E+00,    1.8304011536E+02,    1.8304011536E+02,    0.0000000000E+00,    0.0000000000E+00,    0.0000000000E+00,    1.8304011536E+02
    143200,      0.676948,CP7_after_upper_clamp,   1,    0.0000000000E+00,    1.8304011536E+02,    1.8304011536E+02,    0.0000000000E+00,    0.0000000000E+00,    0.0000000000E+00,    1.8304011536E+02
    143200,      0.676948,CP8_after_OBC,   1,    0.0000000000E+00,    1.8304011536E+02,    1.8304011536E+02,    0.0000000000E+00,    0.0000000000E+00,    0.0000000000E+00,    1.8304011536E+02
    143200,      0.676948,CP9_after_PTsource,   1,    0.0000000000E+00,    1.8304011536E+02,    1.8304011536E+02,    0.0000000000E+00,    0.0000000000E+00,    0.0000000000E+00,    1.8304011536E+02
    143200,      0.676948,CP10_after_neg_clamp,   1,    0.0000000000E+00,    1.8304011536E+02,    1.8304011536E+02,    0.0000000000E+00,    0.0000000000E+00,    0.0000000000E+00,    1.8304011536E+02
    143200,      0.676948,CP11_after_MPI,   1,    0.0000000000E+00,    1.8304011536E+02,    1.8304011536E+02,    0.0000000000E+00,    0.0000000000E+00,    0.0000000000E+00,    1.8304011536E+02
    143200,      0.676948,CP12_end,   1,    0.0000000000E+00,    1.8304011536E+02,    1.8304011536E+02,    0.0000000000E+00,    0.0000000000E+00,    0.0000000000E+00,    1.8304011536E+02
    143250,      0.676948,CP0_start,   1,    0.0000000000E+00,    1.8315519694E+02,    1.8315519694E+02,    0.0000000000E+00,    0.0000000000E+00,    0.0000000000E+00,    1.8315519694E+02
    143250,      0.676948,CP1_after_deposition,   1,    0.0000000000E+00,    1.8315519694E+02,    1.8315519694E+02,    0.0000000000E+00,    0.0000000000E+00,    0.0000000000E+00,    1.8315519694E+02
    143250,      0.676948,CP2_after_erosion,   1,    0.0000000000E+00,    1.8315519694E+02,    1.8315519694E+02,    0.0000000000E+00,    0.0000000000E+00,    0.0000000000E+00,    1.8315519694E+02
    143250,      0.676948,CP3_after_update_bottom,   1,    0.0000000000E+00,    1.8315519694E+02,    1.8315519694E+02,    0.0000000000E+00,    0.0000000000E+00,    0.0000000000E+00,    1.8315519694E+02
    143250,      0.676948,CP4_after_advection,   1,    0.0000000000E+00,    1.8316373069E+02,    1.8316373069E+02,    0.0000000000E+00,    0.0000000000E+00,    0.0000000000E+00,    1.8316373069E+02
    143250,      0.676948,CP5_after_vdif,   1,    0.0000000000E+00,    1.8316373069E+02,    1.8316373069E+02,    0.0000000000E+00,    0.0000000000E+00,    0.0000000000E+00,    1.8316373069E+02
    143250,      0.676948,CP6_after_kinetics,   1,    0.0000000000E+00,    1.8316373069E+02,    1.8316373069E+02,    0.0000000000E+00,    0.0000000000E+00,    0.0000000000E+00,    1.8316373069E+02
    143250,      0.676948,CP7_after_upper_clamp,   1,    0.0000000000E+00,    1.8316373069E+02,    1.8316373069E+02,    0.0000000000E+00,    0.0000000000E+00,    0.0000000000E+00,    1.8316373069E+02
    143250,      0.676948,CP8_after_OBC,   1,    0.0000000000E+00,    1.8316373069E+02,    1.8316373069E+02,    0.0000000000E+00,    0.0000000000E+00,    0.0000000000E+00,    1.8316373069E+02
    143250,      0.676948,CP9_after_PTsource,   1,    0.0000000000E+00,    1.8316373069E+02,    1.8316373069E+02,    0.0000000000E+00,    0.0000000000E+00,    0.0000000000E+00,    1.8316373069E+02
    143250,      0.676948,CP10_after_neg_clamp,   1,    0.0000000000E+00,    1.8316373069E+02,    1.8316373069E+02,    0.0000000000E+00,    0.0000000000E+00,    0.0000000000E+00,    1.8316373069E+02
    143250,      0.676948,CP11_after_MPI,   1,    0.0000000000E+00,    1.8316373069E+02,    1.8316373069E+02,    0.0000000000E+00,    0.0000000000E+00,    0.0000000000E+00,    1.8316373069E+02
    143250,      0.676948,CP12_end,   1,    0.0000000000E+00,    1.8316373069E+02,    1.8316373069E+02,    0.0000000000E+00,    0.0000000000E+00,    0.0000000000E+00,    1.8316373069E+02
    143300,      0.676948,CP0_start,   1,    0.0000000000E+00,    1.8328005157E+02,    1.8328005157E+02,    0.0000000000E+00,    0.0000000000E+00,    0.0000000000E+00,    1.8328005157E+02
    143300,      0.676948,CP1_after_deposition,   1,    0.0000000000E+00,    1.8328005157E+02,    1.8328005157E+02,    0.0000000000E+00,    0.0000000000E+00,    0.0000000000E+00,    1.8328005157E+02
    143300,      0.676948,CP2_after_erosion,   1,    0.0000000000E+00,    1.8328005157E+02,    1.8328005157E+02,    0.0000000000E+00,    0.0000000000E+00,    0.0000000000E+00,    1.8328005157E+02
    143300,      0.676948,CP3_after_update_bottom,   1,    0.0000000000E+00,    1.8328005157E+02,    1.8328005157E+02,    0.0000000000E+00,    0.0000000000E+00,    0.0000000000E+00,    1.8328005157E+02
    143300,      0.676948,CP4_after_advection,   1,    0.0000000000E+00,    1.8328869505E+02,    1.8328869505E+02,    0.0000000000E+00,    0.0000000000E+00,    0.0000000000E+00,    1.8328869505E+02
    143300,      0.676948,CP5_after_vdif,   1,    0.0000000000E+00,    1.8328869505E+02,    1.8328869505E+02,    0.0000000000E+00,    0.0000000000E+00,    0.0000000000E+00,    1.8328869505E+02
    143300,      0.676948,CP6_after_kinetics,   1,    0.0000000000E+00,    1.8328869505E+02,    1.8328869505E+02,    0.0000000000E+00,    0.0000000000E+00,    0.0000000000E+00,    1.8328869505E+02
    143300,      0.676948,CP7_after_upper_clamp,   1,    0.0000000000E+00,    1.8328869505E+02,    1.8328869505E+02,    0.0000000000E+00,    0.0000000000E+00,    0.0000000000E+00,    1.8328869505E+02
    143300,      0.676948,CP8_after_OBC,   1,    0.0000000000E+00,    1.8328869505E+02,    1.8328869505E+02,    0.0000000000E+00,    0.0000000000E+00,    0.0000000000E+00,    1.8328869505E+02
    143300,      0.676948,CP9_after_PTsource,   1,    0.0000000000E+00,    1.8328869505E+02,    1.8328869505E+02,    0.0000000000E+00,    0.0000000000E+00,    0.0000000000E+00,    1.8328869505E+02
    143300,      0.676948,CP10_after_neg_clamp,   1,    0.0000000000E+00,    1.8328869505E+02,    1.8328869505E+02,    0.0000000000E+00,    0.0000000000E+00,    0.0000000000E+00,    1.8328869505E+02
    143300,      0.676948,CP11_after_MPI,   1,    0.0000000000E+00,    1.8328869505E+02,    1.8328869505E+02,    0.0000000000E+00,    0.0000000000E+00,    0.0000000000E+00,    1.8328869505E+02
    143300,      0.676948,CP12_end,   1,    0.0000000000E+00,    1.8328869505E+02,    1.8328869505E+02,    0.0000000000E+00,    0.0000000000E+00,    0.0000000000E+00,    1.8328869505E+02
    143350,      0.676948,CP0_start,   1,    0.0000000000E+00,    1.8340719008E+02,    1.8340719008E+02,    0.0000000000E+00,    0.0000000000E+00,    0.0000000000E+00,    1.8340719008E+02
    143350,      0.676948,CP1_after_deposition,   1,    0.0000000000E+00,    1.8340719008E+02,    1.8340719008E+02,    0.0000000000E+00,    0.0000000000E+00,    0.0000000000E+00,    1.8340719008E+02
    143350,      0.676948,CP2_after_erosion,   1,    0.0000000000E+00,    1.8340719008E+02,    1.8340719008E+02,    0.0000000000E+00,    0.0000000000E+00,    0.0000000000E+00,    1.8340719008E+02
    143350,      0.676948,CP3_after_update_bottom,   1,    0.0000000000E+00,    1.8340719008E+02,    1.8340719008E+02,    0.0000000000E+00,    0.0000000000E+00,    0.0000000000E+00,    1.8340719008E+02
    143350,      0.676948,CP4_after_advection,   1,    0.0000000000E+00,    1.8341595307E+02,    1.8341595307E+02,    0.0000000000E+00,    0.0000000000E+00,    0.0000000000E+00,    1.8341595307E+02
    143350,      0.676948,CP5_after_vdif,   1,    0.0000000000E+00,    1.8341595307E+02,    1.8341595307E+02,    0.0000000000E+00,    0.0000000000E+00,    0.0000000000E+00,    1.8341595307E+02
    143350,      0.676948,CP6_after_kinetics,   1,    0.0000000000E+00,    1.8341595307E+02,    1.8341595307E+02,    0.0000000000E+00,    0.0000000000E+00,    0.0000000000E+00,    1.8341595307E+02
    143350,      0.676948,CP7_after_upper_clamp,   1,    0.0000000000E+00,    1.8341595307E+02,    1.8341595307E+02,    0.0000000000E+00,    0.0000000000E+00,    0.0000000000E+00,    1.8341595307E+02
    143350,      0.676948,CP8_after_OBC,   1,    0.0000000000E+00,    1.8341595307E+02,    1.8341595307E+02,    0.0000000000E+00,    0.0000000000E+00,    0.0000000000E+00,    1.8341595307E+02
    143350,      0.676948,CP9_after_PTsource,   1,    0.0000000000E+00,    1.8341595307E+02,    1.8341595307E+02,    0.0000000000E+00,    0.0000000000E+00,    0.0000000000E+00,    1.8341595307E+02
    143350,      0.676948,CP10_after_neg_clamp,   1,    0.0000000000E+00,    1.8341595307E+02,    1.8341595307E+02,    0.0000000000E+00,    0.0000000000E+00,    0.0000000000E+00,    1.8341595307E+02
    143350,      0.676948,CP11_after_MPI,   1,    0.0000000000E+00,    1.8341595307E+02,    1.8341595307E+02,    0.0000000000E+00,    0.0000000000E+00,    0.0000000000E+00,    1.8341595307E+02
    143350,      0.676948,CP12_end,   1,    0.0000000000E+00,    1.8341595307E+02,    1.8341595307E+02,    0.0000000000E+00,    0.0000000000E+00,    0.0000000000E+00,    1.8341595307E+02
    143400,      0.676948,CP0_start,   1,    0.0000000000E+00,    1.8353709195E+02,    1.8353709195E+02,    0.0000000000E+00,    0.0000000000E+00,    0.0000000000E+00,    1.8353709195E+02
    143400,      0.676948,CP1_after_deposition,   1,    0.0000000000E+00,    1.8353709195E+02,    1.8353709195E+02,    0.0000000000E+00,    0.0000000000E+00,    0.0000000000E+00,    1.8353709195E+02
    143400,      0.676948,CP2_after_erosion,   1,    0.0000000000E+00,    1.8353709195E+02,    1.8353709195E+02,    0.0000000000E+00,    0.0000000000E+00,    0.0000000000E+00,    1.8353709195E+02
    143400,      0.676948,CP3_after_update_bottom,   1,    0.0000000000E+00,    1.8353709195E+02,    1.8353709195E+02,    0.0000000000E+00,    0.0000000000E+00,    0.0000000000E+00,    1.8353709195E+02
    143400,      0.676948,CP4_after_advection,   1,    0.0000000000E+00,    1.8354597455E+02,    1.8354597455E+02,    0.0000000000E+00,    0.0000000000E+00,    0.0000000000E+00,    1.8354597455E+02
    143400,      0.676948,CP5_after_vdif,   1,    0.0000000000E+00,    1.8354597455E+02,    1.8354597455E+02,    0.0000000000E+00,    0.0000000000E+00,    0.0000000000E+00,    1.8354597455E+02
    143400,      0.676948,CP6_after_kinetics,   1,    0.0000000000E+00,    1.8354597455E+02,    1.8354597455E+02,    0.0000000000E+00,    0.0000000000E+00,    0.0000000000E+00,    1.8354597455E+02
    143400,      0.676948,CP7_after_upper_clamp,   1,    0.0000000000E+00,    1.8354597455E+02,    1.8354597455E+02,    0.0000000000E+00,    0.0000000000E+00,    0.0000000000E+00,    1.8354597455E+02
    143400,      0.676948,CP8_after_OBC,   1,    0.0000000000E+00,    1.8354597455E+02,    1.8354597455E+02,    0.0000000000E+00,    0.0000000000E+00,    0.0000000000E+00,    1.8354597455E+02
    143400,      0.676948,CP9_after_PTsource,   1,    0.0000000000E+00,    1.8354597455E+02,    1.8354597455E+02,    0.0000000000E+00,    0.0000000000E+00,    0.0000000000E+00,    1.8354597455E+02
    143400,      0.676948,CP10_after_neg_clamp,   1,    0.0000000000E+00,    1.8354597455E+02,    1.8354597455E+02,    0.0000000000E+00,    0.0000000000E+00,    0.0000000000E+00,    1.8354597455E+02
    143400,      0.676948,CP11_after_MPI,   1,    0.0000000000E+00,    1.8354597455E+02,    1.8354597455E+02,    0.0000000000E+00,    0.0000000000E+00,    0.0000000000E+00,    1.8354597455E+02
    143400,      0.676948,CP12_end,   1,    0.0000000000E+00,    1.8354597455E+02,    1.8354597455E+02,    0.0000000000E+00,    0.0000000000E+00,    0.0000000000E+00,    1.8354597455E+02
    143450,      0.676948,CP0_start,   1,    0.0000000000E+00,    1.8366969013E+02,    1.8366969013E+02,    0.0000000000E+00,    0.0000000000E+00,    0.0000000000E+00,    1.8366969013E+02
    143450,      0.676948,CP1_after_deposition,   1,    0.0000000000E+00,    1.8366969013E+02,    1.8366969013E+02,    0.0000000000E+00,    0.0000000000E+00,    0.0000000000E+00,    1.8366969013E+02
    143450,      0.676948,CP2_after_erosion,   1,    0.0000000000E+00,    1.8366969013E+02,    1.8366969013E+02,    0.0000000000E+00,    0.0000000000E+00,    0.0000000000E+00,    1.8366969013E+02
    143450,      0.676948,CP3_after_update_bottom,   1,    0.0000000000E+00,    1.8366969013E+02,    1.8366969013E+02,    0.0000000000E+00,    0.0000000000E+00,    0.0000000000E+00,    1.8366969013E+02
    143450,      0.676948,CP4_after_advection,   1,    0.0000000000E+00,    1.8367868039E+02,    1.8367868039E+02,    0.0000000000E+00,    0.0000000000E+00,    0.0000000000E+00,    1.8367868039E+02
    143450,      0.676948,CP5_after_vdif,   1,    0.0000000000E+00,    1.8367868039E+02,    1.8367868039E+02,    0.0000000000E+00,    0.0000000000E+00,    0.0000000000E+00,    1.8367868039E+02
    143450,      0.676948,CP6_after_kinetics,   1,    0.0000000000E+00,    1.8367868039E+02,    1.8367868039E+02,    0.0000000000E+00,    0.0000000000E+00,    0.0000000000E+00,    1.8367868039E+02
    143450,      0.676948,CP7_after_upper_clamp,   1,    0.0000000000E+00,    1.8367868039E+02,    1.8367868039E+02,    0.0000000000E+00,    0.0000000000E+00,    0.0000000000E+00,    1.8367868039E+02
    143450,      0.676948,CP8_after_OBC,   1,    0.0000000000E+00,    1.8367868039E+02,    1.8367868039E+02,    0.0000000000E+00,    0.0000000000E+00,    0.0000000000E+00,    1.8367868039E+02
    143450,      0.676948,CP9_after_PTsource,   1,    0.0000000000E+00,    1.8367868039E+02,    1.8367868039E+02,    0.0000000000E+00,    0.0000000000E+00,    0.0000000000E+00,    1.8367868039E+02
    143450,      0.676948,CP10_after_neg_clamp,   1,    0.0000000000E+00,    1.8367868039E+02,    1.8367868039E+02,    0.0000000000E+00,    0.0000000000E+00,    0.0000000000E+00,    1.8367868039E+02
    143450,      0.676948,CP11_after_MPI,   1,    0.0000000000E+00,    1.8367868039E+02,    1.8367868039E+02,    0.0000000000E+00,    0.0000000000E+00,    0.0000000000E+00,    1.8367868039E+02
    143450,      0.676948,CP12_end,   1,    0.0000000000E+00,    1.8367868039E+02,    1.8367868039E+02,    0.0000000000E+00,    0.0000000000E+00,    0.0000000000E+00,    1.8367868039E+02
    143500,      0.676948,CP0_start,   1,    0.0000000000E+00,    1.8380449226E+02,    1.8380449226E+02,    0.0000000000E+00,    0.0000000000E+00,    0.0000000000E+00,    1.8380449226E+02
    143500,      0.676948,CP1_after_deposition,   1,    0.0000000000E+00,    1.8380449226E+02,    1.8380449226E+02,    0.0000000000E+00,    0.0000000000E+00,    0.0000000000E+00,    1.8380449226E+02
    143500,      0.676948,CP2_after_erosion,   1,    0.0000000000E+00,    1.8380449226E+02,    1.8380449226E+02,    0.0000000000E+00,    0.0000000000E+00,    0.0000000000E+00,    1.8380449226E+02
    143500,      0.676948,CP3_after_update_bottom,   1,    0.0000000000E+00,    1.8380449226E+02,    1.8380449226E+02,    0.0000000000E+00,    0.0000000000E+00,    0.0000000000E+00,    1.8380449226E+02
    143500,      0.676948,CP4_after_advection,   1,    0.0000000000E+00,    1.8381357162E+02,    1.8381357162E+02,    0.0000000000E+00,    0.0000000000E+00,    0.0000000000E+00,    1.8381357162E+02
    143500,      0.676948,CP5_after_vdif,   1,    0.0000000000E+00,    1.8381357162E+02,    1.8381357162E+02,    0.0000000000E+00,    0.0000000000E+00,    0.0000000000E+00,    1.8381357162E+02
    143500,      0.676948,CP6_after_kinetics,   1,    0.0000000000E+00,    1.8381357162E+02,    1.8381357162E+02,    0.0000000000E+00,    0.0000000000E+00,    0.0000000000E+00,    1.8381357162E+02
    143500,      0.676948,CP7_after_upper_clamp,   1,    0.0000000000E+00,    1.8381357162E+02,    1.8381357162E+02,    0.0000000000E+00,    0.0000000000E+00,    0.0000000000E+00,    1.8381357162E+02
    143500,      0.676948,CP8_after_OBC,   1,    0.0000000000E+00,    1.8381357162E+02,    1.8381357162E+02,    0.0000000000E+00,    0.0000000000E+00,    0.0000000000E+00,    1.8381357162E+02
    143500,      0.676948,CP9_after_PTsource,   1,    0.0000000000E+00,    1.8381357162E+02,    1.8381357162E+02,    0.0000000000E+00,    0.0000000000E+00,    0.0000000000E+00,    1.8381357162E+02
    143500,      0.676948,CP10_after_neg_clamp,   1,    0.0000000000E+00,    1.8381357162E+02,    1.8381357162E+02,    0.0000000000E+00,    0.0000000000E+00,    0.0000000000E+00,    1.8381357162E+02
    143500,      0.676948,CP11_after_MPI,   1,    0.0000000000E+00,    1.8381357162E+02,    1.8381357162E+02,    0.0000000000E+00,    0.0000000000E+00,    0.0000000000E+00,    1.8381357162E+02
    143500,      0.676948,CP12_end,   1,    0.0000000000E+00,    1.8381357162E+02,    1.8381357162E+02,    0.0000000000E+00,    0.0000000000E+00,    0.0000000000E+00,    1.8381357162E+02
    143550,      0.676948,CP0_start,   1,    0.0000000000E+00,    1.8394040453E+02,    1.8394040453E+02,    0.0000000000E+00,    0.0000000000E+00,    0.0000000000E+00,    1.8394040453E+02
    143550,      0.676948,CP1_after_deposition,   1,    0.0000000000E+00,    1.8394040453E+02,    1.8394040453E+02,    0.0000000000E+00,    0.0000000000E+00,    0.0000000000E+00,    1.8394040453E+02
    143550,      0.676948,CP2_after_erosion,   1,    0.0000000000E+00,    1.8394040453E+02,    1.8394040453E+02,    0.0000000000E+00,    0.0000000000E+00,    0.0000000000E+00,    1.8394040453E+02
    143550,      0.676948,CP3_after_update_bottom,   1,    0.0000000000E+00,    1.8394040453E+02,    1.8394040453E+02,    0.0000000000E+00,    0.0000000000E+00,    0.0000000000E+00,    1.8394040453E+02
    143550,      0.676948,CP4_after_advection,   1,    0.0000000000E+00,    1.8394953862E+02,    1.8394953862E+02,    0.0000000000E+00,    0.0000000000E+00,    0.0000000000E+00,    1.8394953862E+02
    143550,      0.676948,CP5_after_vdif,   1,    0.0000000000E+00,    1.8394953862E+02,    1.8394953862E+02,    0.0000000000E+00,    0.0000000000E+00,    0.0000000000E+00,    1.8394953862E+02
    143550,      0.676948,CP6_after_kinetics,   1,    0.0000000000E+00,    1.8394953862E+02,    1.8394953862E+02,    0.0000000000E+00,    0.0000000000E+00,    0.0000000000E+00,    1.8394953862E+02
    143550,      0.676948,CP7_after_upper_clamp,   1,    0.0000000000E+00,    1.8394953862E+02,    1.8394953862E+02,    0.0000000000E+00,    0.0000000000E+00,    0.0000000000E+00,    1.8394953862E+02
    143550,      0.676948,CP8_after_OBC,   1,    0.0000000000E+00,    1.8394953862E+02,    1.8394953862E+02,    0.0000000000E+00,    0.0000000000E+00,    0.0000000000E+00,    1.8394953862E+02
    143550,      0.676948,CP9_after_PTsource,   1,    0.0000000000E+00,    1.8394953862E+02,    1.8394953862E+02,    0.0000000000E+00,    0.0000000000E+00,    0.0000000000E+00,    1.8394953862E+02
    143550,      0.676948,CP10_after_neg_clamp,   1,    0.0000000000E+00,    1.8394953862E+02,    1.8394953862E+02,    0.0000000000E+00,    0.0000000000E+00,    0.0000000000E+00,    1.8394953862E+02
    143550,      0.676948,CP11_after_MPI,   1,    0.0000000000E+00,    1.8394953862E+02,    1.8394953862E+02,    0.0000000000E+00,    0.0000000000E+00,    0.0000000000E+00,    1.8394953862E+02
    143550,      0.676948,CP12_end,   1,    0.0000000000E+00,    1.8394953862E+02,    1.8394953862E+02,    0.0000000000E+00,    0.0000000000E+00,    0.0000000000E+00,    1.8394953862E+02
    143600,      0.676948,CP0_start,   1,    0.0000000000E+00,    1.8407546030E+02,    1.8407546030E+02,    0.0000000000E+00,    0.0000000000E+00,    0.0000000000E+00,    1.8407546030E+02
    143600,      0.676948,CP1_after_deposition,   1,    0.0000000000E+00,    1.8407546030E+02,    1.8407546030E+02,    0.0000000000E+00,    0.0000000000E+00,    0.0000000000E+00,    1.8407546030E+02
    143600,      0.676948,CP2_after_erosion,   1,    0.0000000000E+00,    1.8407546030E+02,    1.8407546030E+02,    0.0000000000E+00,    0.0000000000E+00,    0.0000000000E+00,    1.8407546030E+02
    143600,      0.676948,CP3_after_update_bottom,   1,    0.0000000000E+00,    1.8407546030E+02,    1.8407546030E+02,    0.0000000000E+00,    0.0000000000E+00,    0.0000000000E+00,    1.8407546030E+02
    143600,      0.676948,CP4_after_advection,   1,    0.0000000000E+00,    1.8408460014E+02,    1.8408460014E+02,    0.0000000000E+00,    0.0000000000E+00,    0.0000000000E+00,    1.8408460014E+02
    143600,      0.676948,CP5_after_vdif,   1,    0.0000000000E+00,    1.8408460014E+02,    1.8408460014E+02,    0.0000000000E+00,    0.0000000000E+00,    0.0000000000E+00,    1.8408460014E+02
    143600,      0.676948,CP6_after_kinetics,   1,    0.0000000000E+00,    1.8408460014E+02,    1.8408460014E+02,    0.0000000000E+00,    0.0000000000E+00,    0.0000000000E+00,    1.8408460014E+02
    143600,      0.676948,CP7_after_upper_clamp,   1,    0.0000000000E+00,    1.8408460014E+02,    1.8408460014E+02,    0.0000000000E+00,    0.0000000000E+00,    0.0000000000E+00,    1.8408460014E+02
    143600,      0.676948,CP8_after_OBC,   1,    0.0000000000E+00,    1.8408460014E+02,    1.8408460014E+02,    0.0000000000E+00,    0.0000000000E+00,    0.0000000000E+00,    1.8408460014E+02
    143600,      0.676948,CP9_after_PTsource,   1,    0.0000000000E+00,    1.8408460014E+02,    1.8408460014E+02,    0.0000000000E+00,    0.0000000000E+00,    0.0000000000E+00,    1.8408460014E+02
    143600,      0.676948,CP10_after_neg_clamp,   1,    0.0000000000E+00,    1.8408460014E+02,    1.8408460014E+02,    0.0000000000E+00,    0.0000000000E+00,    0.0000000000E+00,    1.8408460014E+02
    143600,      0.676948,CP11_after_MPI,   1,    0.0000000000E+00,    1.8408460014E+02,    1.8408460014E+02,    0.0000000000E+00,    0.0000000000E+00,    0.0000000000E+00,    1.8408460014E+02
    143600,      0.676948,CP12_end,   1,    0.0000000000E+00,    1.8408460014E+02,    1.8408460014E+02,    0.0000000000E+00,    0.0000000000E+00,    0.0000000000E+00,    1.8408460014E+02
    143650,      0.676948,CP0_start,   1,    0.0000000000E+00,    1.8420749400E+02,    1.8420749400E+02,    0.0000000000E+00,    0.0000000000E+00,    0.0000000000E+00,    1.8420749400E+02
    143650,      0.676948,CP1_after_deposition,   1,    0.0000000000E+00,    1.8420749400E+02,    1.8420749400E+02,    0.0000000000E+00,    0.0000000000E+00,    0.0000000000E+00,    1.8420749400E+02
    143650,      0.676948,CP2_after_erosion,   1,    0.0000000000E+00,    1.8420749400E+02,    1.8420749400E+02,    0.0000000000E+00,    0.0000000000E+00,    0.0000000000E+00,    1.8420749400E+02
    143650,      0.676948,CP3_after_update_bottom,   1,    0.0000000000E+00,    1.8420749400E+02,    1.8420749400E+02,    0.0000000000E+00,    0.0000000000E+00,    0.0000000000E+00,    1.8420749400E+02
    143650,      0.676948,CP4_after_advection,   1,    0.0000000000E+00,    1.8421659431E+02,    1.8421659431E+02,    0.0000000000E+00,    0.0000000000E+00,    0.0000000000E+00,    1.8421659431E+02
    143650,      0.676948,CP5_after_vdif,   1,    0.0000000000E+00,    1.8421659431E+02,    1.8421659431E+02,    0.0000000000E+00,    0.0000000000E+00,    0.0000000000E+00,    1.8421659431E+02
    143650,      0.676948,CP6_after_kinetics,   1,    0.0000000000E+00,    1.8421659431E+02,    1.8421659431E+02,    0.0000000000E+00,    0.0000000000E+00,    0.0000000000E+00,    1.8421659431E+02
    143650,      0.676948,CP7_after_upper_clamp,   1,    0.0000000000E+00,    1.8421659431E+02,    1.8421659431E+02,    0.0000000000E+00,    0.0000000000E+00,    0.0000000000E+00,    1.8421659431E+02
    143650,      0.676948,CP8_after_OBC,   1,    0.0000000000E+00,    1.8421659431E+02,    1.8421659431E+02,    0.0000000000E+00,    0.0000000000E+00,    0.0000000000E+00,    1.8421659431E+02
    143650,      0.676948,CP9_after_PTsource,   1,    0.0000000000E+00,    1.8421659431E+02,    1.8421659431E+02,    0.0000000000E+00,    0.0000000000E+00,    0.0000000000E+00,    1.8421659431E+02
    143650,      0.676948,CP10_after_neg_clamp,   1,    0.0000000000E+00,    1.8421659431E+02,    1.8421659431E+02,    0.0000000000E+00,    0.0000000000E+00,    0.0000000000E+00,    1.8421659431E+02
    143650,      0.676948,CP11_after_MPI,   1,    0.0000000000E+00,    1.8421659431E+02,    1.8421659431E+02,    0.0000000000E+00,    0.0000000000E+00,    0.0000000000E+00,    1.8421659431E+02
    143650,      0.676948,CP12_end,   1,    0.0000000000E+00,    1.8421659431E+02,    1.8421659431E+02,    0.0000000000E+00,    0.0000000000E+00,    0.0000000000E+00,    1.8421659431E+02
    143700,      0.676948,CP0_start,   1,    0.0000000000E+00,    1.8433453532E+02,    1.8433453532E+02,    0.0000000000E+00,    0.0000000000E+00,    0.0000000000E+00,    1.8433453532E+02
    143700,      0.676948,CP1_after_deposition,   1,    0.0000000000E+00,    1.8433453532E+02,    1.8433453532E+02,    0.0000000000E+00,    0.0000000000E+00,    0.0000000000E+00,    1.8433453532E+02
    143700,      0.676948,CP2_after_erosion,   1,    0.0000000000E+00,    1.8433453532E+02,    1.8433453532E+02,    0.0000000000E+00,    0.0000000000E+00,    0.0000000000E+00,    1.8433453532E+02
    143700,      0.676948,CP3_after_update_bottom,   1,    0.0000000000E+00,    1.8433453532E+02,    1.8433453532E+02,    0.0000000000E+00,    0.0000000000E+00,    0.0000000000E+00,    1.8433453532E+02
    143700,      0.676948,CP4_after_advection,   1,    0.0000000000E+00,    1.8434355557E+02,    1.8434355557E+02,    0.0000000000E+00,    0.0000000000E+00,    0.0000000000E+00,    1.8434355557E+02
    143700,      0.676948,CP5_after_vdif,   1,    0.0000000000E+00,    1.8434355557E+02,    1.8434355557E+02,    0.0000000000E+00,    0.0000000000E+00,    0.0000000000E+00,    1.8434355557E+02
    143700,      0.676948,CP6_after_kinetics,   1,    0.0000000000E+00,    1.8434355557E+02,    1.8434355557E+02,    0.0000000000E+00,    0.0000000000E+00,    0.0000000000E+00,    1.8434355557E+02
    143700,      0.676948,CP7_after_upper_clamp,   1,    0.0000000000E+00,    1.8434355557E+02,    1.8434355557E+02,    0.0000000000E+00,    0.0000000000E+00,    0.0000000000E+00,    1.8434355557E+02
    143700,      0.676948,CP8_after_OBC,   1,    0.0000000000E+00,    1.8434355557E+02,    1.8434355557E+02,    0.0000000000E+00,    0.0000000000E+00,    0.0000000000E+00,    1.8434355557E+02
    143700,      0.676948,CP9_after_PTsource,   1,    0.0000000000E+00,    1.8434355557E+02,    1.8434355557E+02,    0.0000000000E+00,    0.0000000000E+00,    0.0000000000E+00,    1.8434355557E+02
    143700,      0.676948,CP10_after_neg_clamp,   1,    0.0000000000E+00,    1.8434355557E+02,    1.8434355557E+02,    0.0000000000E+00,    0.0000000000E+00,    0.0000000000E+00,    1.8434355557E+02
    143700,      0.676948,CP11_after_MPI,   1,    0.0000000000E+00,    1.8434355557E+02,    1.8434355557E+02,    0.0000000000E+00,    0.0000000000E+00,    0.0000000000E+00,    1.8434355557E+02
    143700,      0.676948,CP12_end,   1,    0.0000000000E+00,    1.8434355557E+02,    1.8434355557E+02,    0.0000000000E+00,    0.0000000000E+00,    0.0000000000E+00,    1.8434355557E+02
    143750,      0.676948,CP0_start,   1,    0.0000000000E+00,    1.8445511368E+02,    1.8445511368E+02,    0.0000000000E+00,    0.0000000000E+00,    0.0000000000E+00,    1.8445511368E+02
    143750,      0.676948,CP1_after_deposition,   1,    0.0000000000E+00,    1.8445511368E+02,    1.8445511368E+02,    0.0000000000E+00,    0.0000000000E+00,    0.0000000000E+00,    1.8445511368E+02
    143750,      0.676948,CP2_after_erosion,   1,    0.0000000000E+00,    1.8445511368E+02,    1.8445511368E+02,    0.0000000000E+00,    0.0000000000E+00,    0.0000000000E+00,    1.8445511368E+02
    143750,      0.676948,CP3_after_update_bottom,   1,    0.0000000000E+00,    1.8445511368E+02,    1.8445511368E+02,    0.0000000000E+00,    0.0000000000E+00,    0.0000000000E+00,    1.8445511368E+02
    143750,      0.676948,CP4_after_advection,   1,    0.0000000000E+00,    1.8446402799E+02,    1.8446402799E+02,    0.0000000000E+00,    0.0000000000E+00,    0.0000000000E+00,    1.8446402799E+02
    143750,      0.676948,CP5_after_vdif,   1,    0.0000000000E+00,    1.8446402799E+02,    1.8446402799E+02,    0.0000000000E+00,    0.0000000000E+00,    0.0000000000E+00,    1.8446402799E+02
    143750,      0.676948,CP6_after_kinetics,   1,    0.0000000000E+00,    1.8446402799E+02,    1.8446402799E+02,    0.0000000000E+00,    0.0000000000E+00,    0.0000000000E+00,    1.8446402799E+02
    143750,      0.676948,CP7_after_upper_clamp,   1,    0.0000000000E+00,    1.8446402799E+02,    1.8446402799E+02,    0.0000000000E+00,    0.0000000000E+00,    0.0000000000E+00,    1.8446402799E+02
    143750,      0.676948,CP8_after_OBC,   1,    0.0000000000E+00,    1.8446402799E+02,    1.8446402799E+02,    0.0000000000E+00,    0.0000000000E+00,    0.0000000000E+00,    1.8446402799E+02
    143750,      0.676948,CP9_after_PTsource,   1,    0.0000000000E+00,    1.8446402799E+02,    1.8446402799E+02,    0.0000000000E+00,    0.0000000000E+00,    0.0000000000E+00,    1.8446402799E+02
    143750,      0.676948,CP10_after_neg_clamp,   1,    0.0000000000E+00,    1.8446402799E+02,    1.8446402799E+02,    0.0000000000E+00,    0.0000000000E+00,    0.0000000000E+00,    1.8446402799E+02
    143750,      0.676948,CP11_after_MPI,   1,    0.0000000000E+00,    1.8446402799E+02,    1.8446402799E+02,    0.0000000000E+00,    0.0000000000E+00,    0.0000000000E+00,    1.8446402799E+02
    143750,      0.676948,CP12_end,   1,    0.0000000000E+00,    1.8446402799E+02,    1.8446402799E+02,    0.0000000000E+00,    0.0000000000E+00,    0.0000000000E+00,    1.8446402799E+02
    143800,      0.676948,CP0_start,   1,    0.0000000000E+00,    1.8456856238E+02,    1.8456856238E+02,    0.0000000000E+00,    0.0000000000E+00,    0.0000000000E+00,    1.8456856238E+02
    143800,      0.676948,CP1_after_deposition,   1,    0.0000000000E+00,    1.8456856238E+02,    1.8456856238E+02,    0.0000000000E+00,    0.0000000000E+00,    0.0000000000E+00,    1.8456856238E+02
    143800,      0.676948,CP2_after_erosion,   1,    0.0000000000E+00,    1.8456856238E+02,    1.8456856238E+02,    0.0000000000E+00,    0.0000000000E+00,    0.0000000000E+00,    1.8456856238E+02
    143800,      0.676948,CP3_after_update_bottom,   1,    0.0000000000E+00,    1.8456856238E+02,    1.8456856238E+02,    0.0000000000E+00,    0.0000000000E+00,    0.0000000000E+00,    1.8456856238E+02
    143800,      0.676948,CP4_after_advection,   1,    0.0000000000E+00,    1.8457736310E+02,    1.8457736310E+02,    0.0000000000E+00,    0.0000000000E+00,    0.0000000000E+00,    1.8457736310E+02
    143800,      0.676948,CP5_after_vdif,   1,    0.0000000000E+00,    1.8457736310E+02,    1.8457736310E+02,    0.0000000000E+00,    0.0000000000E+00,    0.0000000000E+00,    1.8457736310E+02
    143800,      0.676948,CP6_after_kinetics,   1,    0.0000000000E+00,    1.8457736310E+02,    1.8457736310E+02,    0.0000000000E+00,    0.0000000000E+00,    0.0000000000E+00,    1.8457736310E+02
    143800,      0.676948,CP7_after_upper_clamp,   1,    0.0000000000E+00,    1.8457736310E+02,    1.8457736310E+02,    0.0000000000E+00,    0.0000000000E+00,    0.0000000000E+00,    1.8457736310E+02
    143800,      0.676948,CP8_after_OBC,   1,    0.0000000000E+00,    1.8457736310E+02,    1.8457736310E+02,    0.0000000000E+00,    0.0000000000E+00,    0.0000000000E+00,    1.8457736310E+02
    143800,      0.676948,CP9_after_PTsource,   1,    0.0000000000E+00,    1.8457736310E+02,    1.8457736310E+02,    0.0000000000E+00,    0.0000000000E+00,    0.0000000000E+00,    1.8457736310E+02
    143800,      0.676948,CP10_after_neg_clamp,   1,    0.0000000000E+00,    1.8457736310E+02,    1.8457736310E+02,    0.0000000000E+00,    0.0000000000E+00,    0.0000000000E+00,    1.8457736310E+02
    143800,      0.676948,CP11_after_MPI,   1,    0.0000000000E+00,    1.8457736310E+02,    1.8457736310E+02,    0.0000000000E+00,    0.0000000000E+00,    0.0000000000E+00,    1.8457736310E+02
    143800,      0.676948,CP12_end,   1,    0.0000000000E+00,    1.8457736310E+02,    1.8457736310E+02,    0.0000000000E+00,    0.0000000000E+00,    0.0000000000E+00,    1.8457736310E+02
    143850,      0.676948,CP0_start,   1,    0.0000000000E+00,    1.8467498861E+02,    1.8467498861E+02,    0.0000000000E+00,    0.0000000000E+00,    0.0000000000E+00,    1.8467498861E+02
    143850,      0.676948,CP1_after_deposition,   1,    0.0000000000E+00,    1.8467498861E+02,    1.8467498861E+02,    0.0000000000E+00,    0.0000000000E+00,    0.0000000000E+00,    1.8467498861E+02
    143850,      0.676948,CP2_after_erosion,   1,    0.0000000000E+00,    1.8467498861E+02,    1.8467498861E+02,    0.0000000000E+00,    0.0000000000E+00,    0.0000000000E+00,    1.8467498861E+02
    143850,      0.676948,CP3_after_update_bottom,   1,    0.0000000000E+00,    1.8467498861E+02,    1.8467498861E+02,    0.0000000000E+00,    0.0000000000E+00,    0.0000000000E+00,    1.8467498861E+02
    143850,      0.676948,CP4_after_advection,   1,    0.0000000000E+00,    1.8468367343E+02,    1.8468367343E+02,    0.0000000000E+00,    0.0000000000E+00,    0.0000000000E+00,    1.8468367343E+02
    143850,      0.676948,CP5_after_vdif,   1,    0.0000000000E+00,    1.8468367343E+02,    1.8468367343E+02,    0.0000000000E+00,    0.0000000000E+00,    0.0000000000E+00,    1.8468367343E+02
    143850,      0.676948,CP6_after_kinetics,   1,    0.0000000000E+00,    1.8468367343E+02,    1.8468367343E+02,    0.0000000000E+00,    0.0000000000E+00,    0.0000000000E+00,    1.8468367343E+02
    143850,      0.676948,CP7_after_upper_clamp,   1,    0.0000000000E+00,    1.8468367343E+02,    1.8468367343E+02,    0.0000000000E+00,    0.0000000000E+00,    0.0000000000E+00,    1.8468367343E+02
    143850,      0.676948,CP8_after_OBC,   1,    0.0000000000E+00,    1.8468367343E+02,    1.8468367343E+02,    0.0000000000E+00,    0.0000000000E+00,    0.0000000000E+00,    1.8468367343E+02
    143850,      0.676948,CP9_after_PTsource,   1,    0.0000000000E+00,    1.8468367343E+02,    1.8468367343E+02,    0.0000000000E+00,    0.0000000000E+00,    0.0000000000E+00,    1.8468367343E+02
    143850,      0.676948,CP10_after_neg_clamp,   1,    0.0000000000E+00,    1.8468367343E+02,    1.8468367343E+02,    0.0000000000E+00,    0.0000000000E+00,    0.0000000000E+00,    1.8468367343E+02
    143850,      0.676948,CP11_after_MPI,   1,    0.0000000000E+00,    1.8468367343E+02,    1.8468367343E+02,    0.0000000000E+00,    0.0000000000E+00,    0.0000000000E+00,    1.8468367343E+02
    143850,      0.676948,CP12_end,   1,    0.0000000000E+00,    1.8468367343E+02,    1.8468367343E+02,    0.0000000000E+00,    0.0000000000E+00,    0.0000000000E+00,    1.8468367343E+02
    143900,      0.676948,CP0_start,   1,    0.0000000000E+00,    1.8477495780E+02,    1.8477495780E+02,    0.0000000000E+00,    0.0000000000E+00,    0.0000000000E+00,    1.8477495780E+02
    143900,      0.676948,CP1_after_deposition,   1,    0.0000000000E+00,    1.8477495780E+02,    1.8477495780E+02,    0.0000000000E+00,    0.0000000000E+00,    0.0000000000E+00,    1.8477495780E+02
    143900,      0.676948,CP2_after_erosion,   1,    0.0000000000E+00,    1.8477495780E+02,    1.8477495780E+02,    0.0000000000E+00,    0.0000000000E+00,    0.0000000000E+00,    1.8477495780E+02
    143900,      0.676948,CP3_after_update_bottom,   1,    0.0000000000E+00,    1.8477495780E+02,    1.8477495780E+02,    0.0000000000E+00,    0.0000000000E+00,    0.0000000000E+00,    1.8477495780E+02
    143900,      0.676948,CP4_after_advection,   1,    0.0000000000E+00,    1.8478353976E+02,    1.8478353976E+02,    0.0000000000E+00,    0.0000000000E+00,    0.0000000000E+00,    1.8478353976E+02
    143900,      0.676948,CP5_after_vdif,   1,    0.0000000000E+00,    1.8478353976E+02,    1.8478353976E+02,    0.0000000000E+00,    0.0000000000E+00,    0.0000000000E+00,    1.8478353976E+02
    143900,      0.676948,CP6_after_kinetics,   1,    0.0000000000E+00,    1.8478353976E+02,    1.8478353976E+02,    0.0000000000E+00,    0.0000000000E+00,    0.0000000000E+00,    1.8478353976E+02
    143900,      0.676948,CP7_after_upper_clamp,   1,    0.0000000000E+00,    1.8478353976E+02,    1.8478353976E+02,    0.0000000000E+00,    0.0000000000E+00,    0.0000000000E+00,    1.8478353976E+02
    143900,      0.676948,CP8_after_OBC,   1,    0.0000000000E+00,    1.8478353976E+02,    1.8478353976E+02,    0.0000000000E+00,    0.0000000000E+00,    0.0000000000E+00,    1.8478353976E+02
    143900,      0.676948,CP9_after_PTsource,   1,    0.0000000000E+00,    1.8478353976E+02,    1.8478353976E+02,    0.0000000000E+00,    0.0000000000E+00,    0.0000000000E+00,    1.8478353976E+02
    143900,      0.676948,CP10_after_neg_clamp,   1,    0.0000000000E+00,    1.8478353976E+02,    1.8478353976E+02,    0.0000000000E+00,    0.0000000000E+00,    0.0000000000E+00,    1.8478353976E+02
    143900,      0.676948,CP11_after_MPI,   1,    0.0000000000E+00,    1.8478353976E+02,    1.8478353976E+02,    0.0000000000E+00,    0.0000000000E+00,    0.0000000000E+00,    1.8478353976E+02
    143900,      0.676948,CP12_end,   1,    0.0000000000E+00,    1.8478353976E+02,    1.8478353976E+02,    0.0000000000E+00,    0.0000000000E+00,    0.0000000000E+00,    1.8478353976E+02
    143950,      0.676948,CP0_start,   1,    0.0000000000E+00,    1.8486970788E+02,    1.8486970788E+02,    0.0000000000E+00,    0.0000000000E+00,    0.0000000000E+00,    1.8486970788E+02
    143950,      0.676948,CP1_after_deposition,   1,    0.0000000000E+00,    1.8486970788E+02,    1.8486970788E+02,    0.0000000000E+00,    0.0000000000E+00,    0.0000000000E+00,    1.8486970788E+02
    143950,      0.676948,CP2_after_erosion,   1,    0.0000000000E+00,    1.8486970788E+02,    1.8486970788E+02,    0.0000000000E+00,    0.0000000000E+00,    0.0000000000E+00,    1.8486970788E+02
    143950,      0.676948,CP3_after_update_bottom,   1,    0.0000000000E+00,    1.8486970788E+02,    1.8486970788E+02,    0.0000000000E+00,    0.0000000000E+00,    0.0000000000E+00,    1.8486970788E+02
    143950,      0.676948,CP4_after_advection,   1,    0.0000000000E+00,    1.8487821493E+02,    1.8487821493E+02,    0.0000000000E+00,    0.0000000000E+00,    0.0000000000E+00,    1.8487821493E+02
    143950,      0.676948,CP5_after_vdif,   1,    0.0000000000E+00,    1.8487821493E+02,    1.8487821493E+02,    0.0000000000E+00,    0.0000000000E+00,    0.0000000000E+00,    1.8487821493E+02
    143950,      0.676948,CP6_after_kinetics,   1,    0.0000000000E+00,    1.8487821493E+02,    1.8487821493E+02,    0.0000000000E+00,    0.0000000000E+00,    0.0000000000E+00,    1.8487821493E+02
    143950,      0.676948,CP7_after_upper_clamp,   1,    0.0000000000E+00,    1.8487821493E+02,    1.8487821493E+02,    0.0000000000E+00,    0.0000000000E+00,    0.0000000000E+00,    1.8487821493E+02
    143950,      0.676948,CP8_after_OBC,   1,    0.0000000000E+00,    1.8487821493E+02,    1.8487821493E+02,    0.0000000000E+00,    0.0000000000E+00,    0.0000000000E+00,    1.8487821493E+02
    143950,      0.676948,CP9_after_PTsource,   1,    0.0000000000E+00,    1.8487821493E+02,    1.8487821493E+02,    0.0000000000E+00,    0.0000000000E+00,    0.0000000000E+00,    1.8487821493E+02
    143950,      0.676948,CP10_after_neg_clamp,   1,    0.0000000000E+00,    1.8487821493E+02,    1.8487821493E+02,    0.0000000000E+00,    0.0000000000E+00,    0.0000000000E+00,    1.8487821493E+02
    143950,      0.676948,CP11_after_MPI,   1,    0.0000000000E+00,    1.8487821493E+02,    1.8487821493E+02,    0.0000000000E+00,    0.0000000000E+00,    0.0000000000E+00,    1.8487821493E+02
    143950,      0.676948,CP12_end,   1,    0.0000000000E+00,    1.8487821493E+02,    1.8487821493E+02,    0.0000000000E+00,    0.0000000000E+00,    0.0000000000E+00,    1.8487821493E+02
    144000,      0.676948,CP0_start,   1,    0.0000000000E+00,    1.8496078247E+02,    1.8496078247E+02,    0.0000000000E+00,    0.0000000000E+00,    0.0000000000E+00,    1.8496078247E+02
    144000,      0.676948,CP1_after_deposition,   1,    0.0000000000E+00,    1.8496078247E+02,    1.8496078247E+02,    0.0000000000E+00,    0.0000000000E+00,    0.0000000000E+00,    1.8496078247E+02
    144000,      0.676948,CP2_after_erosion,   1,    0.0000000000E+00,    1.8496078247E+02,    1.8496078247E+02,    0.0000000000E+00,    0.0000000000E+00,    0.0000000000E+00,    1.8496078247E+02
    144000,      0.676948,CP3_after_update_bottom,   1,    0.0000000000E+00,    1.8496078247E+02,    1.8496078247E+02,    0.0000000000E+00,    0.0000000000E+00,    0.0000000000E+00,    1.8496078247E+02
    144000,      0.676948,CP4_after_advection,   1,    0.0000000000E+00,    1.8496925351E+02,    1.8496925351E+02,    0.0000000000E+00,    0.0000000000E+00,    0.0000000000E+00,    1.8496925351E+02
    144000,      0.676948,CP5_after_vdif,   1,    0.0000000000E+00,    1.8496925351E+02,    1.8496925351E+02,    0.0000000000E+00,    0.0000000000E+00,    0.0000000000E+00,    1.8496925351E+02
    144000,      0.676948,CP6_after_kinetics,   1,    0.0000000000E+00,    1.8496925351E+02,    1.8496925351E+02,    0.0000000000E+00,    0.0000000000E+00,    0.0000000000E+00,    1.8496925351E+02
    144000,      0.676948,CP7_after_upper_clamp,   1,    0.0000000000E+00,    1.8496925351E+02,    1.8496925351E+02,    0.0000000000E+00,    0.0000000000E+00,    0.0000000000E+00,    1.8496925351E+02
    144000,      0.676948,CP8_after_OBC,   1,    0.0000000000E+00,    1.8496925351E+02,    1.8496925351E+02,    0.0000000000E+00,    0.0000000000E+00,    0.0000000000E+00,    1.8496925351E+02
    144000,      0.676948,CP9_after_PTsource,   1,    0.0000000000E+00,    1.8496925351E+02,    1.8496925351E+02,    0.0000000000E+00,    0.0000000000E+00,    0.0000000000E+00,    1.8496925351E+02
    144000,      0.676948,CP10_after_neg_clamp,   1,    0.0000000000E+00,    1.8496925351E+02,    1.8496925351E+02,    0.0000000000E+00,    0.0000000000E+00,    0.0000000000E+00,    1.8496925351E+02
    144000,      0.676948,CP11_after_MPI,   1,    0.0000000000E+00,    1.8496925351E+02,    1.8496925351E+02,    0.0000000000E+00,    0.0000000000E+00,    0.0000000000E+00,    1.8496925351E+02
    144000,      0.676948,CP12_end,   1,    0.0000000000E+00,    1.8496925351E+02,    1.8496925351E+02,    0.0000000000E+00,    0.0000000000E+00,    0.0000000000E+00,    1.8496925351E+02
    144050,      0.676948,CP0_start,   1,    0.0000000000E+00,    1.8505022315E+02,    1.8505022315E+02,    0.0000000000E+00,    0.0000000000E+00,    0.0000000000E+00,    1.8505022315E+02
    144050,      0.676948,CP1_after_deposition,   1,    0.0000000000E+00,    1.8505022315E+02,    1.8505022315E+02,    0.0000000000E+00,    0.0000000000E+00,    0.0000000000E+00,    1.8505022315E+02
    144050,      0.676948,CP2_after_erosion,   1,    0.0000000000E+00,    1.8505022315E+02,    1.8505022315E+02,    0.0000000000E+00,    0.0000000000E+00,    0.0000000000E+00,    1.8505022315E+02
    144050,      0.676948,CP3_after_update_bottom,   1,    0.0000000000E+00,    1.8505022315E+02,    1.8505022315E+02,    0.0000000000E+00,    0.0000000000E+00,    0.0000000000E+00,    1.8505022315E+02
    144050,      0.676948,CP4_after_advection,   1,    0.0000000000E+00,    1.8505869350E+02,    1.8505869350E+02,    0.0000000000E+00,    0.0000000000E+00,    0.0000000000E+00,    1.8505869350E+02
    144050,      0.676948,CP5_after_vdif,   1,    0.0000000000E+00,    1.8505869350E+02,    1.8505869350E+02,    0.0000000000E+00,    0.0000000000E+00,    0.0000000000E+00,    1.8505869350E+02
    144050,      0.676948,CP6_after_kinetics,   1,    0.0000000000E+00,    1.8505869350E+02,    1.8505869350E+02,    0.0000000000E+00,    0.0000000000E+00,    0.0000000000E+00,    1.8505869350E+02
    144050,      0.676948,CP7_after_upper_clamp,   1,    0.0000000000E+00,    1.8505869350E+02,    1.8505869350E+02,    0.0000000000E+00,    0.0000000000E+00,    0.0000000000E+00,    1.8505869350E+02
    144050,      0.676948,CP8_after_OBC,   1,    0.0000000000E+00,    1.8505869350E+02,    1.8505869350E+02,    0.0000000000E+00,    0.0000000000E+00,    0.0000000000E+00,    1.8505869350E+02
    144050,      0.676948,CP9_after_PTsource,   1,    0.0000000000E+00,    1.8505869350E+02,    1.8505869350E+02,    0.0000000000E+00,    0.0000000000E+00,    0.0000000000E+00,    1.8505869350E+02
    144050,      0.676948,CP10_after_neg_clamp,   1,    0.0000000000E+00,    1.8505869350E+02,    1.8505869350E+02,    0.0000000000E+00,    0.0000000000E+00,    0.0000000000E+00,    1.8505869350E+02
    144050,      0.676948,CP11_after_MPI,   1,    0.0000000000E+00,    1.8505869350E+02,    1.8505869350E+02,    0.0000000000E+00,    0.0000000000E+00,    0.0000000000E+00,    1.8505869350E+02
    144050,      0.676948,CP12_end,   1,    0.0000000000E+00,    1.8505869350E+02,    1.8505869350E+02,    0.0000000000E+00,    0.0000000000E+00,    0.0000000000E+00,    1.8505869350E+02
    144100,      0.676948,CP0_start,   1,    0.0000000000E+00,    1.8514019019E+02,    1.8514019019E+02,    0.0000000000E+00,    0.0000000000E+00,    0.0000000000E+00,    1.8514019019E+02
    144100,      0.676948,CP1_after_deposition,   1,    0.0000000000E+00,    1.8514019019E+02,    1.8514019019E+02,    0.0000000000E+00,    0.0000000000E+00,    0.0000000000E+00,    1.8514019019E+02
    144100,      0.676948,CP2_after_erosion,   1,    0.0000000000E+00,    1.8514019019E+02,    1.8514019019E+02,    0.0000000000E+00,    0.0000000000E+00,    0.0000000000E+00,    1.8514019019E+02
    144100,      0.676948,CP3_after_update_bottom,   1,    0.0000000000E+00,    1.8514019019E+02,    1.8514019019E+02,    0.0000000000E+00,    0.0000000000E+00,    0.0000000000E+00,    1.8514019019E+02
    144100,      0.676948,CP4_after_advection,   1,    0.0000000000E+00,    1.8514870212E+02,    1.8514870212E+02,    0.0000000000E+00,    0.0000000000E+00,    0.0000000000E+00,    1.8514870212E+02
    144100,      0.676948,CP5_after_vdif,   1,    0.0000000000E+00,    1.8514870212E+02,    1.8514870212E+02,    0.0000000000E+00,    0.0000000000E+00,    0.0000000000E+00,    1.8514870212E+02
    144100,      0.676948,CP6_after_kinetics,   1,    0.0000000000E+00,    1.8514870212E+02,    1.8514870212E+02,    0.0000000000E+00,    0.0000000000E+00,    0.0000000000E+00,    1.8514870212E+02
    144100,      0.676948,CP7_after_upper_clamp,   1,    0.0000000000E+00,    1.8514870212E+02,    1.8514870212E+02,    0.0000000000E+00,    0.0000000000E+00,    0.0000000000E+00,    1.8514870212E+02
    144100,      0.676948,CP8_after_OBC,   1,    0.0000000000E+00,    1.8514870212E+02,    1.8514870212E+02,    0.0000000000E+00,    0.0000000000E+00,    0.0000000000E+00,    1.8514870212E+02
    144100,      0.676948,CP9_after_PTsource,   1,    0.0000000000E+00,    1.8514870212E+02,    1.8514870212E+02,    0.0000000000E+00,    0.0000000000E+00,    0.0000000000E+00,    1.8514870212E+02
    144100,      0.676948,CP10_after_neg_clamp,   1,    0.0000000000E+00,    1.8514870212E+02,    1.8514870212E+02,    0.0000000000E+00,    0.0000000000E+00,    0.0000000000E+00,    1.8514870212E+02
    144100,      0.676948,CP11_after_MPI,   1,    0.0000000000E+00,    1.8514870212E+02,    1.8514870212E+02,    0.0000000000E+00,    0.0000000000E+00,    0.0000000000E+00,    1.8514870212E+02
    144100,      0.676948,CP12_end,   1,    0.0000000000E+00,    1.8514870212E+02,    1.8514870212E+02,    0.0000000000E+00,    0.0000000000E+00,    0.0000000000E+00,    1.8514870212E+02
    144150,      0.676948,CP0_start,   1,    0.0000000000E+00,    1.8523285450E+02,    1.8523285450E+02,    0.0000000000E+00,    0.0000000000E+00,    0.0000000000E+00,    1.8523285450E+02
    144150,      0.676948,CP1_after_deposition,   1,    0.0000000000E+00,    1.8523285450E+02,    1.8523285450E+02,    0.0000000000E+00,    0.0000000000E+00,    0.0000000000E+00,    1.8523285450E+02
    144150,      0.676948,CP2_after_erosion,   1,    0.0000000000E+00,    1.8523285450E+02,    1.8523285450E+02,    0.0000000000E+00,    0.0000000000E+00,    0.0000000000E+00,    1.8523285450E+02
    144150,      0.676948,CP3_after_update_bottom,   1,    0.0000000000E+00,    1.8523285450E+02,    1.8523285450E+02,    0.0000000000E+00,    0.0000000000E+00,    0.0000000000E+00,    1.8523285450E+02
    144150,      0.676948,CP4_after_advection,   1,    0.0000000000E+00,    1.8524144169E+02,    1.8524144169E+02,    0.0000000000E+00,    0.0000000000E+00,    0.0000000000E+00,    1.8524144169E+02
    144150,      0.676948,CP5_after_vdif,   1,    0.0000000000E+00,    1.8524144169E+02,    1.8524144169E+02,    0.0000000000E+00,    0.0000000000E+00,    0.0000000000E+00,    1.8524144169E+02
    144150,      0.676948,CP6_after_kinetics,   1,    0.0000000000E+00,    1.8524144169E+02,    1.8524144169E+02,    0.0000000000E+00,    0.0000000000E+00,    0.0000000000E+00,    1.8524144169E+02
    144150,      0.676948,CP7_after_upper_clamp,   1,    0.0000000000E+00,    1.8524144169E+02,    1.8524144169E+02,    0.0000000000E+00,    0.0000000000E+00,    0.0000000000E+00,    1.8524144169E+02
    144150,      0.676948,CP8_after_OBC,   1,    0.0000000000E+00,    1.8524144169E+02,    1.8524144169E+02,    0.0000000000E+00,    0.0000000000E+00,    0.0000000000E+00,    1.8524144169E+02
    144150,      0.676948,CP9_after_PTsource,   1,    0.0000000000E+00,    1.8524144169E+02,    1.8524144169E+02,    0.0000000000E+00,    0.0000000000E+00,    0.0000000000E+00,    1.8524144169E+02
    144150,      0.676948,CP10_after_neg_clamp,   1,    0.0000000000E+00,    1.8524144169E+02,    1.8524144169E+02,    0.0000000000E+00,    0.0000000000E+00,    0.0000000000E+00,    1.8524144169E+02
    144150,      0.676948,CP11_after_MPI,   1,    0.0000000000E+00,    1.8524144169E+02,    1.8524144169E+02,    0.0000000000E+00,    0.0000000000E+00,    0.0000000000E+00,    1.8524144169E+02
    144150,      0.676948,CP12_end,   1,    0.0000000000E+00,    1.8524144169E+02,    1.8524144169E+02,    0.0000000000E+00,    0.0000000000E+00,    0.0000000000E+00,    1.8524144169E+02
    144200,      0.676948,CP0_start,   1,    0.0000000000E+00,    1.8532994646E+02,    1.8532994646E+02,    0.0000000000E+00,    0.0000000000E+00,    0.0000000000E+00,    1.8532994646E+02
    144200,      0.676948,CP1_after_deposition,   1,    0.0000000000E+00,    1.8532994646E+02,    1.8532994646E+02,    0.0000000000E+00,    0.0000000000E+00,    0.0000000000E+00,    1.8532994646E+02
    144200,      0.676948,CP2_after_erosion,   1,    0.0000000000E+00,    1.8532994646E+02,    1.8532994646E+02,    0.0000000000E+00,    0.0000000000E+00,    0.0000000000E+00,    1.8532994646E+02
    144200,      0.676948,CP3_after_update_bottom,   1,    0.0000000000E+00,    1.8532994646E+02,    1.8532994646E+02,    0.0000000000E+00,    0.0000000000E+00,    0.0000000000E+00,    1.8532994646E+02
    144200,      0.676948,CP4_after_advection,   1,    0.0000000000E+00,    1.8533864024E+02,    1.8533864024E+02,    0.0000000000E+00,    0.0000000000E+00,    0.0000000000E+00,    1.8533864024E+02
    144200,      0.676948,CP5_after_vdif,   1,    0.0000000000E+00,    1.8533864024E+02,    1.8533864024E+02,    0.0000000000E+00,    0.0000000000E+00,    0.0000000000E+00,    1.8533864024E+02
    144200,      0.676948,CP6_after_kinetics,   1,    0.0000000000E+00,    1.8533864024E+02,    1.8533864024E+02,    0.0000000000E+00,    0.0000000000E+00,    0.0000000000E+00,    1.8533864024E+02
    144200,      0.676948,CP7_after_upper_clamp,   1,    0.0000000000E+00,    1.8533864024E+02,    1.8533864024E+02,    0.0000000000E+00,    0.0000000000E+00,    0.0000000000E+00,    1.8533864024E+02
    144200,      0.676948,CP8_after_OBC,   1,    0.0000000000E+00,    1.8533864024E+02,    1.8533864024E+02,    0.0000000000E+00,    0.0000000000E+00,    0.0000000000E+00,    1.8533864024E+02
    144200,      0.676948,CP9_after_PTsource,   1,    0.0000000000E+00,    1.8533864024E+02,    1.8533864024E+02,    0.0000000000E+00,    0.0000000000E+00,    0.0000000000E+00,    1.8533864024E+02
    144200,      0.676948,CP10_after_neg_clamp,   1,    0.0000000000E+00,    1.8533864024E+02,    1.8533864024E+02,    0.0000000000E+00,    0.0000000000E+00,    0.0000000000E+00,    1.8533864024E+02
    144200,      0.676948,CP11_after_MPI,   1,    0.0000000000E+00,    1.8533864024E+02,    1.8533864024E+02,    0.0000000000E+00,    0.0000000000E+00,    0.0000000000E+00,    1.8533864024E+02
    144200,      0.676948,CP12_end,   1,    0.0000000000E+00,    1.8533864024E+02,    1.8533864024E+02,    0.0000000000E+00,    0.0000000000E+00,    0.0000000000E+00,    1.8533864024E+02
    144250,      0.676948,CP0_start,   1,    0.0000000000E+00,    1.8543271392E+02,    1.8543271392E+02,    0.0000000000E+00,    0.0000000000E+00,    0.0000000000E+00,    1.8543271392E+02
    144250,      0.676948,CP1_after_deposition,   1,    0.0000000000E+00,    1.8543271392E+02,    1.8543271392E+02,    0.0000000000E+00,    0.0000000000E+00,    0.0000000000E+00,    1.8543271392E+02
    144250,      0.676948,CP2_after_erosion,   1,    0.0000000000E+00,    1.8543271392E+02,    1.8543271392E+02,    0.0000000000E+00,    0.0000000000E+00,    0.0000000000E+00,    1.8543271392E+02
    144250,      0.676948,CP3_after_update_bottom,   1,    0.0000000000E+00,    1.8543271392E+02,    1.8543271392E+02,    0.0000000000E+00,    0.0000000000E+00,    0.0000000000E+00,    1.8543271392E+02
    144250,      0.676948,CP4_after_advection,   1,    0.0000000000E+00,    1.8544152593E+02,    1.8544152593E+02,    0.0000000000E+00,    0.0000000000E+00,    0.0000000000E+00,    1.8544152593E+02
    144250,      0.676948,CP5_after_vdif,   1,    0.0000000000E+00,    1.8544152593E+02,    1.8544152593E+02,    0.0000000000E+00,    0.0000000000E+00,    0.0000000000E+00,    1.8544152593E+02
    144250,      0.676948,CP6_after_kinetics,   1,    0.0000000000E+00,    1.8544152593E+02,    1.8544152593E+02,    0.0000000000E+00,    0.0000000000E+00,    0.0000000000E+00,    1.8544152593E+02
    144250,      0.676948,CP7_after_upper_clamp,   1,    0.0000000000E+00,    1.8544152593E+02,    1.8544152593E+02,    0.0000000000E+00,    0.0000000000E+00,    0.0000000000E+00,    1.8544152593E+02
    144250,      0.676948,CP8_after_OBC,   1,    0.0000000000E+00,    1.8544152593E+02,    1.8544152593E+02,    0.0000000000E+00,    0.0000000000E+00,    0.0000000000E+00,    1.8544152593E+02
    144250,      0.676948,CP9_after_PTsource,   1,    0.0000000000E+00,    1.8544152593E+02,    1.8544152593E+02,    0.0000000000E+00,    0.0000000000E+00,    0.0000000000E+00,    1.8544152593E+02
    144250,      0.676948,CP10_after_neg_clamp,   1,    0.0000000000E+00,    1.8544152593E+02,    1.8544152593E+02,    0.0000000000E+00,    0.0000000000E+00,    0.0000000000E+00,    1.8544152593E+02
    144250,      0.676948,CP11_after_MPI,   1,    0.0000000000E+00,    1.8544152593E+02,    1.8544152593E+02,    0.0000000000E+00,    0.0000000000E+00,    0.0000000000E+00,    1.8544152593E+02
    144250,      0.676948,CP12_end,   1,    0.0000000000E+00,    1.8544152593E+02,    1.8544152593E+02,    0.0000000000E+00,    0.0000000000E+00,    0.0000000000E+00,    1.8544152593E+02
    144300,      0.676948,CP0_start,   1,    0.0000000000E+00,    1.8554131545E+02,    1.8554131545E+02,    0.0000000000E+00,    0.0000000000E+00,    0.0000000000E+00,    1.8554131545E+02
    144300,      0.676948,CP1_after_deposition,   1,    0.0000000000E+00,    1.8554131545E+02,    1.8554131545E+02,    0.0000000000E+00,    0.0000000000E+00,    0.0000000000E+00,    1.8554131545E+02
    144300,      0.676948,CP2_after_erosion,   1,    0.0000000000E+00,    1.8554131545E+02,    1.8554131545E+02,    0.0000000000E+00,    0.0000000000E+00,    0.0000000000E+00,    1.8554131545E+02
    144300,      0.676948,CP3_after_update_bottom,   1,    0.0000000000E+00,    1.8554131545E+02,    1.8554131545E+02,    0.0000000000E+00,    0.0000000000E+00,    0.0000000000E+00,    1.8554131545E+02
    144300,      0.676948,CP4_after_advection,   1,    0.0000000000E+00,    1.8555023259E+02,    1.8555023259E+02,    0.0000000000E+00,    0.0000000000E+00,    0.0000000000E+00,    1.8555023259E+02
    144300,      0.676948,CP5_after_vdif,   1,    0.0000000000E+00,    1.8555023259E+02,    1.8555023259E+02,    0.0000000000E+00,    0.0000000000E+00,    0.0000000000E+00,    1.8555023259E+02
    144300,      0.676948,CP6_after_kinetics,   1,    0.0000000000E+00,    1.8555023259E+02,    1.8555023259E+02,    0.0000000000E+00,    0.0000000000E+00,    0.0000000000E+00,    1.8555023259E+02
    144300,      0.676948,CP7_after_upper_clamp,   1,    0.0000000000E+00,    1.8555023259E+02,    1.8555023259E+02,    0.0000000000E+00,    0.0000000000E+00,    0.0000000000E+00,    1.8555023259E+02
    144300,      0.676948,CP8_after_OBC,   1,    0.0000000000E+00,    1.8555023259E+02,    1.8555023259E+02,    0.0000000000E+00,    0.0000000000E+00,    0.0000000000E+00,    1.8555023259E+02
    144300,      0.676948,CP9_after_PTsource,   1,    0.0000000000E+00,    1.8555023259E+02,    1.8555023259E+02,    0.0000000000E+00,    0.0000000000E+00,    0.0000000000E+00,    1.8555023259E+02
    144300,      0.676948,CP10_after_neg_clamp,   1,    0.0000000000E+00,    1.8555023259E+02,    1.8555023259E+02,    0.0000000000E+00,    0.0000000000E+00,    0.0000000000E+00,    1.8555023259E+02
    144300,      0.676948,CP11_after_MPI,   1,    0.0000000000E+00,    1.8555023259E+02,    1.8555023259E+02,    0.0000000000E+00,    0.0000000000E+00,    0.0000000000E+00,    1.8555023259E+02
    144300,      0.676948,CP12_end,   1,    0.0000000000E+00,    1.8555023259E+02,    1.8555023259E+02,    0.0000000000E+00,    0.0000000000E+00,    0.0000000000E+00,    1.8555023259E+02
    144350,      0.676948,CP0_start,   1,    0.0000000000E+00,    1.8565476923E+02,    1.8565476923E+02,    0.0000000000E+00,    0.0000000000E+00,    0.0000000000E+00,    1.8565476923E+02
    144350,      0.676948,CP1_after_deposition,   1,    0.0000000000E+00,    1.8565476923E+02,    1.8565476923E+02,    0.0000000000E+00,    0.0000000000E+00,    0.0000000000E+00,    1.8565476923E+02
    144350,      0.676948,CP2_after_erosion,   1,    0.0000000000E+00,    1.8565476923E+02,    1.8565476923E+02,    0.0000000000E+00,    0.0000000000E+00,    0.0000000000E+00,    1.8565476923E+02
    144350,      0.676948,CP3_after_update_bottom,   1,    0.0000000000E+00,    1.8565476923E+02,    1.8565476923E+02,    0.0000000000E+00,    0.0000000000E+00,    0.0000000000E+00,    1.8565476923E+02
    144350,      0.676948,CP4_after_advection,   1,    0.0000000000E+00,    1.8566376431E+02,    1.8566376431E+02,    0.0000000000E+00,    0.0000000000E+00,    0.0000000000E+00,    1.8566376431E+02
    144350,      0.676948,CP5_after_vdif,   1,    0.0000000000E+00,    1.8566376431E+02,    1.8566376431E+02,    0.0000000000E+00,    0.0000000000E+00,    0.0000000000E+00,    1.8566376431E+02
    144350,      0.676948,CP6_after_kinetics,   1,    0.0000000000E+00,    1.8566376431E+02,    1.8566376431E+02,    0.0000000000E+00,    0.0000000000E+00,    0.0000000000E+00,    1.8566376431E+02
    144350,      0.676948,CP7_after_upper_clamp,   1,    0.0000000000E+00,    1.8566376431E+02,    1.8566376431E+02,    0.0000000000E+00,    0.0000000000E+00,    0.0000000000E+00,    1.8566376431E+02
    144350,      0.676948,CP8_after_OBC,   1,    0.0000000000E+00,    1.8566376431E+02,    1.8566376431E+02,    0.0000000000E+00,    0.0000000000E+00,    0.0000000000E+00,    1.8566376431E+02
    144350,      0.676948,CP9_after_PTsource,   1,    0.0000000000E+00,    1.8566376431E+02,    1.8566376431E+02,    0.0000000000E+00,    0.0000000000E+00,    0.0000000000E+00,    1.8566376431E+02
    144350,      0.676948,CP10_after_neg_clamp,   1,    0.0000000000E+00,    1.8566376431E+02,    1.8566376431E+02,    0.0000000000E+00,    0.0000000000E+00,    0.0000000000E+00,    1.8566376431E+02
    144350,      0.676948,CP11_after_MPI,   1,    0.0000000000E+00,    1.8566376431E+02,    1.8566376431E+02,    0.0000000000E+00,    0.0000000000E+00,    0.0000000000E+00,    1.8566376431E+02
    144350,      0.676948,CP12_end,   1,    0.0000000000E+00,    1.8566376431E+02,    1.8566376431E+02,    0.0000000000E+00,    0.0000000000E+00,    0.0000000000E+00,    1.8566376431E+02
    144400,      0.676948,CP0_start,   1,    0.0000000000E+00,    1.8577154325E+02,    1.8577154325E+02,    0.0000000000E+00,    0.0000000000E+00,    0.0000000000E+00,    1.8577154325E+02
    144400,      0.676948,CP1_after_deposition,   1,    0.0000000000E+00,    1.8577154325E+02,    1.8577154325E+02,    0.0000000000E+00,    0.0000000000E+00,    0.0000000000E+00,    1.8577154325E+02
    144400,      0.676948,CP2_after_erosion,   1,    0.0000000000E+00,    1.8577154325E+02,    1.8577154325E+02,    0.0000000000E+00,    0.0000000000E+00,    0.0000000000E+00,    1.8577154325E+02
    144400,      0.676948,CP3_after_update_bottom,   1,    0.0000000000E+00,    1.8577154325E+02,    1.8577154325E+02,    0.0000000000E+00,    0.0000000000E+00,    0.0000000000E+00,    1.8577154325E+02
    144400,      0.676948,CP4_after_advection,   1,    0.0000000000E+00,    1.8578058141E+02,    1.8578058141E+02,    0.0000000000E+00,    0.0000000000E+00,    0.0000000000E+00,    1.8578058141E+02
    144400,      0.676948,CP5_after_vdif,   1,    0.0000000000E+00,    1.8578058141E+02,    1.8578058141E+02,    0.0000000000E+00,    0.0000000000E+00,    0.0000000000E+00,    1.8578058141E+02
    144400,      0.676948,CP6_after_kinetics,   1,    0.0000000000E+00,    1.8578058141E+02,    1.8578058141E+02,    0.0000000000E+00,    0.0000000000E+00,    0.0000000000E+00,    1.8578058141E+02
    144400,      0.676948,CP7_after_upper_clamp,   1,    0.0000000000E+00,    1.8578058141E+02,    1.8578058141E+02,    0.0000000000E+00,    0.0000000000E+00,    0.0000000000E+00,    1.8578058141E+02
    144400,      0.676948,CP8_after_OBC,   1,    0.0000000000E+00,    1.8578058141E+02,    1.8578058141E+02,    0.0000000000E+00,    0.0000000000E+00,    0.0000000000E+00,    1.8578058141E+02
    144400,      0.676948,CP9_after_PTsource,   1,    0.0000000000E+00,    1.8578058141E+02,    1.8578058141E+02,    0.0000000000E+00,    0.0000000000E+00,    0.0000000000E+00,    1.8578058141E+02
    144400,      0.676948,CP10_after_neg_clamp,   1,    0.0000000000E+00,    1.8578058141E+02,    1.8578058141E+02,    0.0000000000E+00,    0.0000000000E+00,    0.0000000000E+00,    1.8578058141E+02
    144400,      0.676948,CP11_after_MPI,   1,    0.0000000000E+00,    1.8578058141E+02,    1.8578058141E+02,    0.0000000000E+00,    0.0000000000E+00,    0.0000000000E+00,    1.8578058141E+02
    144400,      0.676948,CP12_end,   1,    0.0000000000E+00,    1.8578058141E+02,    1.8578058141E+02,    0.0000000000E+00,    0.0000000000E+00,    0.0000000000E+00,    1.8578058141E+02
    144450,      0.676948,CP0_start,   1,    0.0000000000E+00,    1.8589000754E+02,    1.8589000754E+02,    0.0000000000E+00,    0.0000000000E+00,    0.0000000000E+00,    1.8589000754E+02
    144450,      0.676948,CP1_after_deposition,   1,    0.0000000000E+00,    1.8589000754E+02,    1.8589000754E+02,    0.0000000000E+00,    0.0000000000E+00,    0.0000000000E+00,    1.8589000754E+02
    144450,      0.676948,CP2_after_erosion,   1,    0.0000000000E+00,    1.8589000754E+02,    1.8589000754E+02,    0.0000000000E+00,    0.0000000000E+00,    0.0000000000E+00,    1.8589000754E+02
    144450,      0.676948,CP3_after_update_bottom,   1,    0.0000000000E+00,    1.8589000754E+02,    1.8589000754E+02,    0.0000000000E+00,    0.0000000000E+00,    0.0000000000E+00,    1.8589000754E+02
    144450,      0.676948,CP4_after_advection,   1,    0.0000000000E+00,    1.8589905515E+02,    1.8589905515E+02,    0.0000000000E+00,    0.0000000000E+00,    0.0000000000E+00,    1.8589905515E+02
    144450,      0.676948,CP5_after_vdif,   1,    0.0000000000E+00,    1.8589905515E+02,    1.8589905515E+02,    0.0000000000E+00,    0.0000000000E+00,    0.0000000000E+00,    1.8589905515E+02
    144450,      0.676948,CP6_after_kinetics,   1,    0.0000000000E+00,    1.8589905515E+02,    1.8589905515E+02,    0.0000000000E+00,    0.0000000000E+00,    0.0000000000E+00,    1.8589905515E+02
    144450,      0.676948,CP7_after_upper_clamp,   1,    0.0000000000E+00,    1.8589905515E+02,    1.8589905515E+02,    0.0000000000E+00,    0.0000000000E+00,    0.0000000000E+00,    1.8589905515E+02
    144450,      0.676948,CP8_after_OBC,   1,    0.0000000000E+00,    1.8589905515E+02,    1.8589905515E+02,    0.0000000000E+00,    0.0000000000E+00,    0.0000000000E+00,    1.8589905515E+02
    144450,      0.676948,CP9_after_PTsource,   1,    0.0000000000E+00,    1.8589905515E+02,    1.8589905515E+02,    0.0000000000E+00,    0.0000000000E+00,    0.0000000000E+00,    1.8589905515E+02
    144450,      0.676948,CP10_after_neg_clamp,   1,    0.0000000000E+00,    1.8589905515E+02,    1.8589905515E+02,    0.0000000000E+00,    0.0000000000E+00,    0.0000000000E+00,    1.8589905515E+02
    144450,      0.676948,CP11_after_MPI,   1,    0.0000000000E+00,    1.8589905515E+02,    1.8589905515E+02,    0.0000000000E+00,    0.0000000000E+00,    0.0000000000E+00,    1.8589905515E+02
    144450,      0.676948,CP12_end,   1,    0.0000000000E+00,    1.8589905515E+02,    1.8589905515E+02,    0.0000000000E+00,    0.0000000000E+00,    0.0000000000E+00,    1.8589905515E+02
    144500,      0.676948,CP0_start,   1,    0.0000000000E+00,    1.8600876881E+02,    1.8600876881E+02,    0.0000000000E+00,    0.0000000000E+00,    0.0000000000E+00,    1.8600876881E+02
    144500,      0.676948,CP1_after_deposition,   1,    0.0000000000E+00,    1.8600876881E+02,    1.8600876881E+02,    0.0000000000E+00,    0.0000000000E+00,    0.0000000000E+00,    1.8600876881E+02
    144500,      0.676948,CP2_after_erosion,   1,    0.0000000000E+00,    1.8600876881E+02,    1.8600876881E+02,    0.0000000000E+00,    0.0000000000E+00,    0.0000000000E+00,    1.8600876881E+02
    144500,      0.676948,CP3_after_update_bottom,   1,    0.0000000000E+00,    1.8600876881E+02,    1.8600876881E+02,    0.0000000000E+00,    0.0000000000E+00,    0.0000000000E+00,    1.8600876881E+02
    144500,      0.676948,CP4_after_advection,   1,    0.0000000000E+00,    1.8601779730E+02,    1.8601779730E+02,    0.0000000000E+00,    0.0000000000E+00,    0.0000000000E+00,    1.8601779730E+02
    144500,      0.676948,CP5_after_vdif,   1,    0.0000000000E+00,    1.8601779730E+02,    1.8601779730E+02,    0.0000000000E+00,    0.0000000000E+00,    0.0000000000E+00,    1.8601779730E+02
    144500,      0.676948,CP6_after_kinetics,   1,    0.0000000000E+00,    1.8601779730E+02,    1.8601779730E+02,    0.0000000000E+00,    0.0000000000E+00,    0.0000000000E+00,    1.8601779730E+02
    144500,      0.676948,CP7_after_upper_clamp,   1,    0.0000000000E+00,    1.8601779730E+02,    1.8601779730E+02,    0.0000000000E+00,    0.0000000000E+00,    0.0000000000E+00,    1.8601779730E+02
    144500,      0.676948,CP8_after_OBC,   1,    0.0000000000E+00,    1.8601779730E+02,    1.8601779730E+02,    0.0000000000E+00,    0.0000000000E+00,    0.0000000000E+00,    1.8601779730E+02
    144500,      0.676948,CP9_after_PTsource,   1,    0.0000000000E+00,    1.8601779730E+02,    1.8601779730E+02,    0.0000000000E+00,    0.0000000000E+00,    0.0000000000E+00,    1.8601779730E+02
    144500,      0.676948,CP10_after_neg_clamp,   1,    0.0000000000E+00,    1.8601779730E+02,    1.8601779730E+02,    0.0000000000E+00,    0.0000000000E+00,    0.0000000000E+00,    1.8601779730E+02
    144500,      0.676948,CP11_after_MPI,   1,    0.0000000000E+00,    1.8601779730E+02,    1.8601779730E+02,    0.0000000000E+00,    0.0000000000E+00,    0.0000000000E+00,    1.8601779730E+02
    144500,      0.676948,CP12_end,   1,    0.0000000000E+00,    1.8601779730E+02,    1.8601779730E+02,    0.0000000000E+00,    0.0000000000E+00,    0.0000000000E+00,    1.8601779730E+02
    144550,      0.676948,CP0_start,   1,    0.0000000000E+00,    1.8612669718E+02,    1.8612669718E+02,    0.0000000000E+00,    0.0000000000E+00,    0.0000000000E+00,    1.8612669718E+02
    144550,      0.676948,CP1_after_deposition,   1,    0.0000000000E+00,    1.8612669718E+02,    1.8612669718E+02,    0.0000000000E+00,    0.0000000000E+00,    0.0000000000E+00,    1.8612669718E+02
    144550,      0.676948,CP2_after_erosion,   1,    0.0000000000E+00,    1.8612669718E+02,    1.8612669718E+02,    0.0000000000E+00,    0.0000000000E+00,    0.0000000000E+00,    1.8612669718E+02
    144550,      0.676948,CP3_after_update_bottom,   1,    0.0000000000E+00,    1.8612669718E+02,    1.8612669718E+02,    0.0000000000E+00,    0.0000000000E+00,    0.0000000000E+00,    1.8612669718E+02
    144550,      0.676948,CP4_after_advection,   1,    0.0000000000E+00,    1.8613568959E+02,    1.8613568959E+02,    0.0000000000E+00,    0.0000000000E+00,    0.0000000000E+00,    1.8613568959E+02
    144550,      0.676948,CP5_after_vdif,   1,    0.0000000000E+00,    1.8613568959E+02,    1.8613568959E+02,    0.0000000000E+00,    0.0000000000E+00,    0.0000000000E+00,    1.8613568959E+02
    144550,      0.676948,CP6_after_kinetics,   1,    0.0000000000E+00,    1.8613568959E+02,    1.8613568959E+02,    0.0000000000E+00,    0.0000000000E+00,    0.0000000000E+00,    1.8613568959E+02
    144550,      0.676948,CP7_after_upper_clamp,   1,    0.0000000000E+00,    1.8613568959E+02,    1.8613568959E+02,    0.0000000000E+00,    0.0000000000E+00,    0.0000000000E+00,    1.8613568959E+02
    144550,      0.676948,CP8_after_OBC,   1,    0.0000000000E+00,    1.8613568959E+02,    1.8613568959E+02,    0.0000000000E+00,    0.0000000000E+00,    0.0000000000E+00,    1.8613568959E+02
    144550,      0.676948,CP9_after_PTsource,   1,    0.0000000000E+00,    1.8613568959E+02,    1.8613568959E+02,    0.0000000000E+00,    0.0000000000E+00,    0.0000000000E+00,    1.8613568959E+02
    144550,      0.676948,CP10_after_neg_clamp,   1,    0.0000000000E+00,    1.8613568959E+02,    1.8613568959E+02,    0.0000000000E+00,    0.0000000000E+00,    0.0000000000E+00,    1.8613568959E+02
    144550,      0.676948,CP11_after_MPI,   1,    0.0000000000E+00,    1.8613568959E+02,    1.8613568959E+02,    0.0000000000E+00,    0.0000000000E+00,    0.0000000000E+00,    1.8613568959E+02
    144550,      0.676948,CP12_end,   1,    0.0000000000E+00,    1.8613568959E+02,    1.8613568959E+02,    0.0000000000E+00,    0.0000000000E+00,    0.0000000000E+00,    1.8613568959E+02
    144600,      0.676948,CP0_start,   1,    0.0000000000E+00,    1.8624302202E+02,    1.8624302202E+02,    0.0000000000E+00,    0.0000000000E+00,    0.0000000000E+00,    1.8624302202E+02
    144600,      0.676948,CP1_after_deposition,   1,    0.0000000000E+00,    1.8624302202E+02,    1.8624302202E+02,    0.0000000000E+00,    0.0000000000E+00,    0.0000000000E+00,    1.8624302202E+02
    144600,      0.676948,CP2_after_erosion,   1,    0.0000000000E+00,    1.8624302202E+02,    1.8624302202E+02,    0.0000000000E+00,    0.0000000000E+00,    0.0000000000E+00,    1.8624302202E+02
    144600,      0.676948,CP3_after_update_bottom,   1,    0.0000000000E+00,    1.8624302202E+02,    1.8624302202E+02,    0.0000000000E+00,    0.0000000000E+00,    0.0000000000E+00,    1.8624302202E+02
    144600,      0.676948,CP4_after_advection,   1,    0.0000000000E+00,    1.8625196284E+02,    1.8625196284E+02,    0.0000000000E+00,    0.0000000000E+00,    0.0000000000E+00,    1.8625196284E+02
    144600,      0.676948,CP5_after_vdif,   1,    0.0000000000E+00,    1.8625196284E+02,    1.8625196284E+02,    0.0000000000E+00,    0.0000000000E+00,    0.0000000000E+00,    1.8625196284E+02
    144600,      0.676948,CP6_after_kinetics,   1,    0.0000000000E+00,    1.8625196284E+02,    1.8625196284E+02,    0.0000000000E+00,    0.0000000000E+00,    0.0000000000E+00,    1.8625196284E+02
    144600,      0.676948,CP7_after_upper_clamp,   1,    0.0000000000E+00,    1.8625196284E+02,    1.8625196284E+02,    0.0000000000E+00,    0.0000000000E+00,    0.0000000000E+00,    1.8625196284E+02
    144600,      0.676948,CP8_after_OBC,   1,    0.0000000000E+00,    1.8625196284E+02,    1.8625196284E+02,    0.0000000000E+00,    0.0000000000E+00,    0.0000000000E+00,    1.8625196284E+02
    144600,      0.676948,CP9_after_PTsource,   1,    0.0000000000E+00,    1.8625196284E+02,    1.8625196284E+02,    0.0000000000E+00,    0.0000000000E+00,    0.0000000000E+00,    1.8625196284E+02
    144600,      0.676948,CP10_after_neg_clamp,   1,    0.0000000000E+00,    1.8625196284E+02,    1.8625196284E+02,    0.0000000000E+00,    0.0000000000E+00,    0.0000000000E+00,    1.8625196284E+02
    144600,      0.676948,CP11_after_MPI,   1,    0.0000000000E+00,    1.8625196284E+02,    1.8625196284E+02,    0.0000000000E+00,    0.0000000000E+00,    0.0000000000E+00,    1.8625196284E+02
    144600,      0.676948,CP12_end,   1,    0.0000000000E+00,    1.8625196284E+02,    1.8625196284E+02,    0.0000000000E+00,    0.0000000000E+00,    0.0000000000E+00,    1.8625196284E+02
    144650,      0.676948,CP0_start,   1,    0.0000000000E+00,    1.8635712747E+02,    1.8635712747E+02,    0.0000000000E+00,    0.0000000000E+00,    0.0000000000E+00,    1.8635712747E+02
    144650,      0.676948,CP1_after_deposition,   1,    0.0000000000E+00,    1.8635712747E+02,    1.8635712747E+02,    0.0000000000E+00,    0.0000000000E+00,    0.0000000000E+00,    1.8635712747E+02
    144650,      0.676948,CP2_after_erosion,   1,    0.0000000000E+00,    1.8635712747E+02,    1.8635712747E+02,    0.0000000000E+00,    0.0000000000E+00,    0.0000000000E+00,    1.8635712747E+02
    144650,      0.676948,CP3_after_update_bottom,   1,    0.0000000000E+00,    1.8635712747E+02,    1.8635712747E+02,    0.0000000000E+00,    0.0000000000E+00,    0.0000000000E+00,    1.8635712747E+02
    144650,      0.676948,CP4_after_advection,   1,    0.0000000000E+00,    1.8636600489E+02,    1.8636600489E+02,    0.0000000000E+00,    0.0000000000E+00,    0.0000000000E+00,    1.8636600489E+02
    144650,      0.676948,CP5_after_vdif,   1,    0.0000000000E+00,    1.8636600489E+02,    1.8636600489E+02,    0.0000000000E+00,    0.0000000000E+00,    0.0000000000E+00,    1.8636600489E+02
    144650,      0.676948,CP6_after_kinetics,   1,    0.0000000000E+00,    1.8636600489E+02,    1.8636600489E+02,    0.0000000000E+00,    0.0000000000E+00,    0.0000000000E+00,    1.8636600489E+02
    144650,      0.676948,CP7_after_upper_clamp,   1,    0.0000000000E+00,    1.8636600489E+02,    1.8636600489E+02,    0.0000000000E+00,    0.0000000000E+00,    0.0000000000E+00,    1.8636600489E+02
    144650,      0.676948,CP8_after_OBC,   1,    0.0000000000E+00,    1.8636600489E+02,    1.8636600489E+02,    0.0000000000E+00,    0.0000000000E+00,    0.0000000000E+00,    1.8636600489E+02
    144650,      0.676948,CP9_after_PTsource,   1,    0.0000000000E+00,    1.8636600489E+02,    1.8636600489E+02,    0.0000000000E+00,    0.0000000000E+00,    0.0000000000E+00,    1.8636600489E+02
    144650,      0.676948,CP10_after_neg_clamp,   1,    0.0000000000E+00,    1.8636600489E+02,    1.8636600489E+02,    0.0000000000E+00,    0.0000000000E+00,    0.0000000000E+00,    1.8636600489E+02
    144650,      0.676948,CP11_after_MPI,   1,    0.0000000000E+00,    1.8636600489E+02,    1.8636600489E+02,    0.0000000000E+00,    0.0000000000E+00,    0.0000000000E+00,    1.8636600489E+02
    144650,      0.676948,CP12_end,   1,    0.0000000000E+00,    1.8636600489E+02,    1.8636600489E+02,    0.0000000000E+00,    0.0000000000E+00,    0.0000000000E+00,    1.8636600489E+02
    144700,      0.676948,CP0_start,   1,    0.0000000000E+00,    1.8646867147E+02,    1.8646867147E+02,    0.0000000000E+00,    0.0000000000E+00,    0.0000000000E+00,    1.8646867147E+02
    144700,      0.676948,CP1_after_deposition,   1,    0.0000000000E+00,    1.8646867147E+02,    1.8646867147E+02,    0.0000000000E+00,    0.0000000000E+00,    0.0000000000E+00,    1.8646867147E+02
    144700,      0.676948,CP2_after_erosion,   1,    0.0000000000E+00,    1.8646867147E+02,    1.8646867147E+02,    0.0000000000E+00,    0.0000000000E+00,    0.0000000000E+00,    1.8646867147E+02
    144700,      0.676948,CP3_after_update_bottom,   1,    0.0000000000E+00,    1.8646867147E+02,    1.8646867147E+02,    0.0000000000E+00,    0.0000000000E+00,    0.0000000000E+00,    1.8646867147E+02
    144700,      0.676948,CP4_after_advection,   1,    0.0000000000E+00,    1.8647747956E+02,    1.8647747956E+02,    0.0000000000E+00,    0.0000000000E+00,    0.0000000000E+00,    1.8647747956E+02
    144700,      0.676948,CP5_after_vdif,   1,    0.0000000000E+00,    1.8647747956E+02,    1.8647747956E+02,    0.0000000000E+00,    0.0000000000E+00,    0.0000000000E+00,    1.8647747956E+02
    144700,      0.676948,CP6_after_kinetics,   1,    0.0000000000E+00,    1.8647747956E+02,    1.8647747956E+02,    0.0000000000E+00,    0.0000000000E+00,    0.0000000000E+00,    1.8647747956E+02
    144700,      0.676948,CP7_after_upper_clamp,   1,    0.0000000000E+00,    1.8647747956E+02,    1.8647747956E+02,    0.0000000000E+00,    0.0000000000E+00,    0.0000000000E+00,    1.8647747956E+02
    144700,      0.676948,CP8_after_OBC,   1,    0.0000000000E+00,    1.8647747956E+02,    1.8647747956E+02,    0.0000000000E+00,    0.0000000000E+00,    0.0000000000E+00,    1.8647747956E+02
    144700,      0.676948,CP9_after_PTsource,   1,    0.0000000000E+00,    1.8647747956E+02,    1.8647747956E+02,    0.0000000000E+00,    0.0000000000E+00,    0.0000000000E+00,    1.8647747956E+02
    144700,      0.676948,CP10_after_neg_clamp,   1,    0.0000000000E+00,    1.8647747956E+02,    1.8647747956E+02,    0.0000000000E+00,    0.0000000000E+00,    0.0000000000E+00,    1.8647747956E+02
    144700,      0.676948,CP11_after_MPI,   1,    0.0000000000E+00,    1.8647747956E+02,    1.8647747956E+02,    0.0000000000E+00,    0.0000000000E+00,    0.0000000000E+00,    1.8647747956E+02
    144700,      0.676948,CP12_end,   1,    0.0000000000E+00,    1.8647747956E+02,    1.8647747956E+02,    0.0000000000E+00,    0.0000000000E+00,    0.0000000000E+00,    1.8647747956E+02
    144750,      0.676949,CP0_start,   1,    0.0000000000E+00,    1.8657758207E+02,    1.8657758207E+02,    0.0000000000E+00,    0.0000000000E+00,    0.0000000000E+00,    1.8657758207E+02
    144750,      0.676949,CP1_after_deposition,   1,    0.0000000000E+00,    1.8657758207E+02,    1.8657758207E+02,    0.0000000000E+00,    0.0000000000E+00,    0.0000000000E+00,    1.8657758207E+02
    144750,      0.676949,CP2_after_erosion,   1,    0.0000000000E+00,    1.8657758207E+02,    1.8657758207E+02,    0.0000000000E+00,    0.0000000000E+00,    0.0000000000E+00,    1.8657758207E+02
    144750,      0.676949,CP3_after_update_bottom,   1,    0.0000000000E+00,    1.8657758207E+02,    1.8657758207E+02,    0.0000000000E+00,    0.0000000000E+00,    0.0000000000E+00,    1.8657758207E+02
    144750,      0.676949,CP4_after_advection,   1,    0.0000000000E+00,    1.8658632246E+02,    1.8658632246E+02,    0.0000000000E+00,    0.0000000000E+00,    0.0000000000E+00,    1.8658632246E+02
    144750,      0.676949,CP5_after_vdif,   1,    0.0000000000E+00,    1.8658632246E+02,    1.8658632246E+02,    0.0000000000E+00,    0.0000000000E+00,    0.0000000000E+00,    1.8658632246E+02
    144750,      0.676949,CP6_after_kinetics,   1,    0.0000000000E+00,    1.8658632246E+02,    1.8658632246E+02,    0.0000000000E+00,    0.0000000000E+00,    0.0000000000E+00,    1.8658632246E+02
    144750,      0.676949,CP7_after_upper_clamp,   1,    0.0000000000E+00,    1.8658632246E+02,    1.8658632246E+02,    0.0000000000E+00,    0.0000000000E+00,    0.0000000000E+00,    1.8658632246E+02
    144750,      0.676949,CP8_after_OBC,   1,    0.0000000000E+00,    1.8658632246E+02,    1.8658632246E+02,    0.0000000000E+00,    0.0000000000E+00,    0.0000000000E+00,    1.8658632246E+02
    144750,      0.676949,CP9_after_PTsource,   1,    0.0000000000E+00,    1.8658632246E+02,    1.8658632246E+02,    0.0000000000E+00,    0.0000000000E+00,    0.0000000000E+00,    1.8658632246E+02
    144750,      0.676949,CP10_after_neg_clamp,   1,    0.0000000000E+00,    1.8658632246E+02,    1.8658632246E+02,    0.0000000000E+00,    0.0000000000E+00,    0.0000000000E+00,    1.8658632246E+02
    144750,      0.676949,CP11_after_MPI,   1,    0.0000000000E+00,    1.8658632246E+02,    1.8658632246E+02,    0.0000000000E+00,    0.0000000000E+00,    0.0000000000E+00,    1.8658632246E+02
    144750,      0.676949,CP12_end,   1,    0.0000000000E+00,    1.8658632246E+02,    1.8658632246E+02,    0.0000000000E+00,    0.0000000000E+00,    0.0000000000E+00,    1.8658632246E+02
    144800,      0.676949,CP0_start,   1,    0.0000000000E+00,    1.8668405077E+02,    1.8668405077E+02,    0.0000000000E+00,    0.0000000000E+00,    0.0000000000E+00,    1.8668405077E+02
    144800,      0.676949,CP1_after_deposition,   1,    0.0000000000E+00,    1.8668405077E+02,    1.8668405077E+02,    0.0000000000E+00,    0.0000000000E+00,    0.0000000000E+00,    1.8668405077E+02
    144800,      0.676949,CP2_after_erosion,   1,    0.0000000000E+00,    1.8668405077E+02,    1.8668405077E+02,    0.0000000000E+00,    0.0000000000E+00,    0.0000000000E+00,    1.8668405077E+02
    144800,      0.676949,CP3_after_update_bottom,   1,    0.0000000000E+00,    1.8668405077E+02,    1.8668405077E+02,    0.0000000000E+00,    0.0000000000E+00,    0.0000000000E+00,    1.8668405077E+02
    144800,      0.676949,CP4_after_advection,   1,    0.0000000000E+00,    1.8669273044E+02,    1.8669273044E+02,    0.0000000000E+00,    0.0000000000E+00,    0.0000000000E+00,    1.8669273044E+02
    144800,      0.676949,CP5_after_vdif,   1,    0.0000000000E+00,    1.8669273044E+02,    1.8669273044E+02,    0.0000000000E+00,    0.0000000000E+00,    0.0000000000E+00,    1.8669273044E+02
    144800,      0.676949,CP6_after_kinetics,   1,    0.0000000000E+00,    1.8669273044E+02,    1.8669273044E+02,    0.0000000000E+00,    0.0000000000E+00,    0.0000000000E+00,    1.8669273044E+02
    144800,      0.676949,CP7_after_upper_clamp,   1,    0.0000000000E+00,    1.8669273044E+02,    1.8669273044E+02,    0.0000000000E+00,    0.0000000000E+00,    0.0000000000E+00,    1.8669273044E+02
    144800,      0.676949,CP8_after_OBC,   1,    0.0000000000E+00,    1.8669273044E+02,    1.8669273044E+02,    0.0000000000E+00,    0.0000000000E+00,    0.0000000000E+00,    1.8669273044E+02
    144800,      0.676949,CP9_after_PTsource,   1,    0.0000000000E+00,    1.8669273044E+02,    1.8669273044E+02,    0.0000000000E+00,    0.0000000000E+00,    0.0000000000E+00,    1.8669273044E+02
    144800,      0.676949,CP10_after_neg_clamp,   1,    0.0000000000E+00,    1.8669273044E+02,    1.8669273044E+02,    0.0000000000E+00,    0.0000000000E+00,    0.0000000000E+00,    1.8669273044E+02
    144800,      0.676949,CP11_after_MPI,   1,    0.0000000000E+00,    1.8669273044E+02,    1.8669273044E+02,    0.0000000000E+00,    0.0000000000E+00,    0.0000000000E+00,    1.8669273044E+02
    144800,      0.676949,CP12_end,   1,    0.0000000000E+00,    1.8669273044E+02,    1.8669273044E+02,    0.0000000000E+00,    0.0000000000E+00,    0.0000000000E+00,    1.8669273044E+02
    144850,      0.676949,CP0_start,   1,    0.0000000000E+00,    1.8678867105E+02,    1.8678867105E+02,    0.0000000000E+00,    0.0000000000E+00,    0.0000000000E+00,    1.8678867105E+02
    144850,      0.676949,CP1_after_deposition,   1,    0.0000000000E+00,    1.8678867105E+02,    1.8678867105E+02,    0.0000000000E+00,    0.0000000000E+00,    0.0000000000E+00,    1.8678867105E+02
    144850,      0.676949,CP2_after_erosion,   1,    0.0000000000E+00,    1.8678867105E+02,    1.8678867105E+02,    0.0000000000E+00,    0.0000000000E+00,    0.0000000000E+00,    1.8678867105E+02
    144850,      0.676949,CP3_after_update_bottom,   1,    0.0000000000E+00,    1.8678867105E+02,    1.8678867105E+02,    0.0000000000E+00,    0.0000000000E+00,    0.0000000000E+00,    1.8678867105E+02
    144850,      0.676949,CP4_after_advection,   1,    0.0000000000E+00,    1.8679730212E+02,    1.8679730212E+02,    0.0000000000E+00,    0.0000000000E+00,    0.0000000000E+00,    1.8679730212E+02
    144850,      0.676949,CP5_after_vdif,   1,    0.0000000000E+00,    1.8679730212E+02,    1.8679730212E+02,    0.0000000000E+00,    0.0000000000E+00,    0.0000000000E+00,    1.8679730212E+02
    144850,      0.676949,CP6_after_kinetics,   1,    0.0000000000E+00,    1.8679730212E+02,    1.8679730212E+02,    0.0000000000E+00,    0.0000000000E+00,    0.0000000000E+00,    1.8679730212E+02
    144850,      0.676949,CP7_after_upper_clamp,   1,    0.0000000000E+00,    1.8679730212E+02,    1.8679730212E+02,    0.0000000000E+00,    0.0000000000E+00,    0.0000000000E+00,    1.8679730212E+02
    144850,      0.676949,CP8_after_OBC,   1,    0.0000000000E+00,    1.8679730212E+02,    1.8679730212E+02,    0.0000000000E+00,    0.0000000000E+00,    0.0000000000E+00,    1.8679730212E+02
    144850,      0.676949,CP9_after_PTsource,   1,    0.0000000000E+00,    1.8679730212E+02,    1.8679730212E+02,    0.0000000000E+00,    0.0000000000E+00,    0.0000000000E+00,    1.8679730212E+02
    144850,      0.676949,CP10_after_neg_clamp,   1,    0.0000000000E+00,    1.8679730212E+02,    1.8679730212E+02,    0.0000000000E+00,    0.0000000000E+00,    0.0000000000E+00,    1.8679730212E+02
    144850,      0.676949,CP11_after_MPI,   1,    0.0000000000E+00,    1.8679730212E+02,    1.8679730212E+02,    0.0000000000E+00,    0.0000000000E+00,    0.0000000000E+00,    1.8679730212E+02
    144850,      0.676949,CP12_end,   1,    0.0000000000E+00,    1.8679730212E+02,    1.8679730212E+02,    0.0000000000E+00,    0.0000000000E+00,    0.0000000000E+00,    1.8679730212E+02
    144900,      0.676949,CP0_start,   1,    0.0000000000E+00,    1.8689214459E+02,    1.8689214459E+02,    0.0000000000E+00,    0.0000000000E+00,    0.0000000000E+00,    1.8689214459E+02
    144900,      0.676949,CP1_after_deposition,   1,    0.0000000000E+00,    1.8689214459E+02,    1.8689214459E+02,    0.0000000000E+00,    0.0000000000E+00,    0.0000000000E+00,    1.8689214459E+02
    144900,      0.676949,CP2_after_erosion,   1,    0.0000000000E+00,    1.8689214459E+02,    1.8689214459E+02,    0.0000000000E+00,    0.0000000000E+00,    0.0000000000E+00,    1.8689214459E+02
    144900,      0.676949,CP3_after_update_bottom,   1,    0.0000000000E+00,    1.8689214459E+02,    1.8689214459E+02,    0.0000000000E+00,    0.0000000000E+00,    0.0000000000E+00,    1.8689214459E+02
    144900,      0.676949,CP4_after_advection,   1,    0.0000000000E+00,    1.8690074010E+02,    1.8690074010E+02,    0.0000000000E+00,    0.0000000000E+00,    0.0000000000E+00,    1.8690074010E+02
    144900,      0.676949,CP5_after_vdif,   1,    0.0000000000E+00,    1.8690074010E+02,    1.8690074010E+02,    0.0000000000E+00,    0.0000000000E+00,    0.0000000000E+00,    1.8690074010E+02
    144900,      0.676949,CP6_after_kinetics,   1,    0.0000000000E+00,    1.8690074010E+02,    1.8690074010E+02,    0.0000000000E+00,    0.0000000000E+00,    0.0000000000E+00,    1.8690074010E+02
    144900,      0.676949,CP7_after_upper_clamp,   1,    0.0000000000E+00,    1.8690074010E+02,    1.8690074010E+02,    0.0000000000E+00,    0.0000000000E+00,    0.0000000000E+00,    1.8690074010E+02
    144900,      0.676949,CP8_after_OBC,   1,    0.0000000000E+00,    1.8690074010E+02,    1.8690074010E+02,    0.0000000000E+00,    0.0000000000E+00,    0.0000000000E+00,    1.8690074010E+02
    144900,      0.676949,CP9_after_PTsource,   1,    0.0000000000E+00,    1.8690074010E+02,    1.8690074010E+02,    0.0000000000E+00,    0.0000000000E+00,    0.0000000000E+00,    1.8690074010E+02
    144900,      0.676949,CP10_after_neg_clamp,   1,    0.0000000000E+00,    1.8690074010E+02,    1.8690074010E+02,    0.0000000000E+00,    0.0000000000E+00,    0.0000000000E+00,    1.8690074010E+02
    144900,      0.676949,CP11_after_MPI,   1,    0.0000000000E+00,    1.8690074010E+02,    1.8690074010E+02,    0.0000000000E+00,    0.0000000000E+00,    0.0000000000E+00,    1.8690074010E+02
    144900,      0.676949,CP12_end,   1,    0.0000000000E+00,    1.8690074010E+02,    1.8690074010E+02,    0.0000000000E+00,    0.0000000000E+00,    0.0000000000E+00,    1.8690074010E+02
    144950,      0.676949,CP0_start,   1,    0.0000000000E+00,    1.8699419309E+02,    1.8699419309E+02,    0.0000000000E+00,    0.0000000000E+00,    0.0000000000E+00,    1.8699419309E+02
    144950,      0.676949,CP1_after_deposition,   1,    0.0000000000E+00,    1.8699419309E+02,    1.8699419309E+02,    0.0000000000E+00,    0.0000000000E+00,    0.0000000000E+00,    1.8699419309E+02
    144950,      0.676949,CP2_after_erosion,   1,    0.0000000000E+00,    1.8699419309E+02,    1.8699419309E+02,    0.0000000000E+00,    0.0000000000E+00,    0.0000000000E+00,    1.8699419309E+02
    144950,      0.676949,CP3_after_update_bottom,   1,    0.0000000000E+00,    1.8699419309E+02,    1.8699419309E+02,    0.0000000000E+00,    0.0000000000E+00,    0.0000000000E+00,    1.8699419309E+02
    144950,      0.676949,CP4_after_advection,   1,    0.0000000000E+00,    1.8700276986E+02,    1.8700276986E+02,    0.0000000000E+00,    0.0000000000E+00,    0.0000000000E+00,    1.8700276986E+02
    144950,      0.676949,CP5_after_vdif,   1,    0.0000000000E+00,    1.8700276986E+02,    1.8700276986E+02,    0.0000000000E+00,    0.0000000000E+00,    0.0000000000E+00,    1.8700276986E+02
    144950,      0.676949,CP6_after_kinetics,   1,    0.0000000000E+00,    1.8700276986E+02,    1.8700276986E+02,    0.0000000000E+00,    0.0000000000E+00,    0.0000000000E+00,    1.8700276986E+02
    144950,      0.676949,CP7_after_upper_clamp,   1,    0.0000000000E+00,    1.8700276986E+02,    1.8700276986E+02,    0.0000000000E+00,    0.0000000000E+00,    0.0000000000E+00,    1.8700276986E+02
    144950,      0.676949,CP8_after_OBC,   1,    0.0000000000E+00,    1.8700276986E+02,    1.8700276986E+02,    0.0000000000E+00,    0.0000000000E+00,    0.0000000000E+00,    1.8700276986E+02
    144950,      0.676949,CP9_after_PTsource,   1,    0.0000000000E+00,    1.8700276986E+02,    1.8700276986E+02,    0.0000000000E+00,    0.0000000000E+00,    0.0000000000E+00,    1.8700276986E+02
    144950,      0.676949,CP10_after_neg_clamp,   1,    0.0000000000E+00,    1.8700276986E+02,    1.8700276986E+02,    0.0000000000E+00,    0.0000000000E+00,    0.0000000000E+00,    1.8700276986E+02
    144950,      0.676949,CP11_after_MPI,   1,    0.0000000000E+00,    1.8700276986E+02,    1.8700276986E+02,    0.0000000000E+00,    0.0000000000E+00,    0.0000000000E+00,    1.8700276986E+02
    144950,      0.676949,CP12_end,   1,    0.0000000000E+00,    1.8700276986E+02,    1.8700276986E+02,    0.0000000000E+00,    0.0000000000E+00,    0.0000000000E+00,    1.8700276986E+02
    145000,      0.676949,CP0_start,   1,    0.0000000000E+00,    1.8709663780E+02,    1.8709663780E+02,    0.0000000000E+00,    0.0000000000E+00,    0.0000000000E+00,    1.8709663780E+02
    145000,      0.676949,CP1_after_deposition,   1,    0.0000000000E+00,    1.8709663780E+02,    1.8709663780E+02,    0.0000000000E+00,    0.0000000000E+00,    0.0000000000E+00,    1.8709663780E+02
    145000,      0.676949,CP2_after_erosion,   1,    0.0000000000E+00,    1.8709663780E+02,    1.8709663780E+02,    0.0000000000E+00,    0.0000000000E+00,    0.0000000000E+00,    1.8709663780E+02
    145000,      0.676949,CP3_after_update_bottom,   1,    0.0000000000E+00,    1.8709663780E+02,    1.8709663780E+02,    0.0000000000E+00,    0.0000000000E+00,    0.0000000000E+00,    1.8709663780E+02
    145000,      0.676949,CP4_after_advection,   1,    0.0000000000E+00,    1.8710521320E+02,    1.8710521320E+02,    0.0000000000E+00,    0.0000000000E+00,    0.0000000000E+00,    1.8710521320E+02
    145000,      0.676949,CP5_after_vdif,   1,    0.0000000000E+00,    1.8710521320E+02,    1.8710521320E+02,    0.0000000000E+00,    0.0000000000E+00,    0.0000000000E+00,    1.8710521320E+02
    145000,      0.676949,CP6_after_kinetics,   1,    0.0000000000E+00,    1.8710521320E+02,    1.8710521320E+02,    0.0000000000E+00,    0.0000000000E+00,    0.0000000000E+00,    1.8710521320E+02
    145000,      0.676949,CP7_after_upper_clamp,   1,    0.0000000000E+00,    1.8710521320E+02,    1.8710521320E+02,    0.0000000000E+00,    0.0000000000E+00,    0.0000000000E+00,    1.8710521320E+02
    145000,      0.676949,CP8_after_OBC,   1,    0.0000000000E+00,    1.8710521320E+02,    1.8710521320E+02,    0.0000000000E+00,    0.0000000000E+00,    0.0000000000E+00,    1.8710521320E+02
    145000,      0.676949,CP9_after_PTsource,   1,    0.0000000000E+00,    1.8710521320E+02,    1.8710521320E+02,    0.0000000000E+00,    0.0000000000E+00,    0.0000000000E+00,    1.8710521320E+02
    145000,      0.676949,CP10_after_neg_clamp,   1,    0.0000000000E+00,    1.8710521320E+02,    1.8710521320E+02,    0.0000000000E+00,    0.0000000000E+00,    0.0000000000E+00,    1.8710521320E+02
    145000,      0.676949,CP11_after_MPI,   1,    0.0000000000E+00,    1.8710521320E+02,    1.8710521320E+02,    0.0000000000E+00,    0.0000000000E+00,    0.0000000000E+00,    1.8710521320E+02
    145000,      0.676949,CP12_end,   1,    0.0000000000E+00,    1.8710521320E+02,    1.8710521320E+02,    0.0000000000E+00,    0.0000000000E+00,    0.0000000000E+00,    1.8710521320E+02
    145050,      0.676949,CP0_start,   1,    0.0000000000E+00,    1.8720023813E+02,    1.8720023813E+02,    0.0000000000E+00,    0.0000000000E+00,    0.0000000000E+00,    1.8720023813E+02
    145050,      0.676949,CP1_after_deposition,   1,    0.0000000000E+00,    1.8720023813E+02,    1.8720023813E+02,    0.0000000000E+00,    0.0000000000E+00,    0.0000000000E+00,    1.8720023813E+02
    145050,      0.676949,CP2_after_erosion,   1,    0.0000000000E+00,    1.8720023813E+02,    1.8720023813E+02,    0.0000000000E+00,    0.0000000000E+00,    0.0000000000E+00,    1.8720023813E+02
    145050,      0.676949,CP3_after_update_bottom,   1,    0.0000000000E+00,    1.8720023813E+02,    1.8720023813E+02,    0.0000000000E+00,    0.0000000000E+00,    0.0000000000E+00,    1.8720023813E+02
    145050,      0.676949,CP4_after_advection,   1,    0.0000000000E+00,    1.8720882395E+02,    1.8720882395E+02,    0.0000000000E+00,    0.0000000000E+00,    0.0000000000E+00,    1.8720882395E+02
    145050,      0.676949,CP5_after_vdif,   1,    0.0000000000E+00,    1.8720882395E+02,    1.8720882395E+02,    0.0000000000E+00,    0.0000000000E+00,    0.0000000000E+00,    1.8720882395E+02
    145050,      0.676949,CP6_after_kinetics,   1,    0.0000000000E+00,    1.8720882395E+02,    1.8720882395E+02,    0.0000000000E+00,    0.0000000000E+00,    0.0000000000E+00,    1.8720882395E+02
    145050,      0.676949,CP7_after_upper_clamp,   1,    0.0000000000E+00,    1.8720882395E+02,    1.8720882395E+02,    0.0000000000E+00,    0.0000000000E+00,    0.0000000000E+00,    1.8720882395E+02
    145050,      0.676949,CP8_after_OBC,   1,    0.0000000000E+00,    1.8720882395E+02,    1.8720882395E+02,    0.0000000000E+00,    0.0000000000E+00,    0.0000000000E+00,    1.8720882395E+02
    145050,      0.676949,CP9_after_PTsource,   1,    0.0000000000E+00,    1.8720882395E+02,    1.8720882395E+02,    0.0000000000E+00,    0.0000000000E+00,    0.0000000000E+00,    1.8720882395E+02
    145050,      0.676949,CP10_after_neg_clamp,   1,    0.0000000000E+00,    1.8720882395E+02,    1.8720882395E+02,    0.0000000000E+00,    0.0000000000E+00,    0.0000000000E+00,    1.8720882395E+02
    145050,      0.676949,CP11_after_MPI,   1,    0.0000000000E+00,    1.8720882395E+02,    1.8720882395E+02,    0.0000000000E+00,    0.0000000000E+00,    0.0000000000E+00,    1.8720882395E+02
    145050,      0.676949,CP12_end,   1,    0.0000000000E+00,    1.8720882395E+02,    1.8720882395E+02,    0.0000000000E+00,    0.0000000000E+00,    0.0000000000E+00,    1.8720882395E+02
    145100,      0.676949,CP0_start,   1,    0.0000000000E+00,    1.8730574547E+02,    1.8730574547E+02,    0.0000000000E+00,    0.0000000000E+00,    0.0000000000E+00,    1.8730574547E+02
    145100,      0.676949,CP1_after_deposition,   1,    0.0000000000E+00,    1.8730574547E+02,    1.8730574547E+02,    0.0000000000E+00,    0.0000000000E+00,    0.0000000000E+00,    1.8730574547E+02
    145100,      0.676949,CP2_after_erosion,   1,    0.0000000000E+00,    1.8730574547E+02,    1.8730574547E+02,    0.0000000000E+00,    0.0000000000E+00,    0.0000000000E+00,    1.8730574547E+02
    145100,      0.676949,CP3_after_update_bottom,   1,    0.0000000000E+00,    1.8730574547E+02,    1.8730574547E+02,    0.0000000000E+00,    0.0000000000E+00,    0.0000000000E+00,    1.8730574547E+02
    145100,      0.676949,CP4_after_advection,   1,    0.0000000000E+00,    1.8731435097E+02,    1.8731435097E+02,    0.0000000000E+00,    0.0000000000E+00,    0.0000000000E+00,    1.8731435097E+02
    145100,      0.676949,CP5_after_vdif,   1,    0.0000000000E+00,    1.8731435097E+02,    1.8731435097E+02,    0.0000000000E+00,    0.0000000000E+00,    0.0000000000E+00,    1.8731435097E+02
    145100,      0.676949,CP6_after_kinetics,   1,    0.0000000000E+00,    1.8731435097E+02,    1.8731435097E+02,    0.0000000000E+00,    0.0000000000E+00,    0.0000000000E+00,    1.8731435097E+02
    145100,      0.676949,CP7_after_upper_clamp,   1,    0.0000000000E+00,    1.8731435097E+02,    1.8731435097E+02,    0.0000000000E+00,    0.0000000000E+00,    0.0000000000E+00,    1.8731435097E+02
    145100,      0.676949,CP8_after_OBC,   1,    0.0000000000E+00,    1.8731435097E+02,    1.8731435097E+02,    0.0000000000E+00,    0.0000000000E+00,    0.0000000000E+00,    1.8731435097E+02
    145100,      0.676949,CP9_after_PTsource,   1,    0.0000000000E+00,    1.8731435097E+02,    1.8731435097E+02,    0.0000000000E+00,    0.0000000000E+00,    0.0000000000E+00,    1.8731435097E+02
    145100,      0.676949,CP10_after_neg_clamp,   1,    0.0000000000E+00,    1.8731435097E+02,    1.8731435097E+02,    0.0000000000E+00,    0.0000000000E+00,    0.0000000000E+00,    1.8731435097E+02
    145100,      0.676949,CP11_after_MPI,   1,    0.0000000000E+00,    1.8731435097E+02,    1.8731435097E+02,    0.0000000000E+00,    0.0000000000E+00,    0.0000000000E+00,    1.8731435097E+02
    145100,      0.676949,CP12_end,   1,    0.0000000000E+00,    1.8731435097E+02,    1.8731435097E+02,    0.0000000000E+00,    0.0000000000E+00,    0.0000000000E+00,    1.8731435097E+02
    145150,      0.676949,CP0_start,   1,    0.0000000000E+00,    1.8741348465E+02,    1.8741348465E+02,    0.0000000000E+00,    0.0000000000E+00,    0.0000000000E+00,    1.8741348465E+02
    145150,      0.676949,CP1_after_deposition,   1,    0.0000000000E+00,    1.8741348465E+02,    1.8741348465E+02,    0.0000000000E+00,    0.0000000000E+00,    0.0000000000E+00,    1.8741348465E+02
    145150,      0.676949,CP2_after_erosion,   1,                 NaN,                 NaN,                 NaN,    0.0000000000E+00,    0.0000000000E+00,    0.0000000000E+00,                 NaN
    145150,      0.676949,CP3_after_update_bottom,   1,                 NaN,                 NaN,                 NaN,    0.0000000000E+00,    0.0000000000E+00,    0.0000000000E+00,                 NaN
    145150,      0.676949,CP4_after_advection,   1,                 NaN,                 NaN,                 NaN,    0.0000000000E+00,    0.0000000000E+00,    0.0000000000E+00,                 NaN
    145150,      0.676949,CP5_after_vdif,   1,                 NaN,                 NaN,                 NaN,    0.0000000000E+00,    0.0000000000E+00,    0.0000000000E+00,                 NaN
    145150,      0.676949,CP6_after_kinetics,   1,                 NaN,                 NaN,                 NaN,    0.0000000000E+00,    0.0000000000E+00,    0.0000000000E+00,                 NaN
    145150,      0.676949,CP7_after_upper_clamp,   1,                 NaN,                 NaN,                 NaN,    0.0000000000E+00,    0.0000000000E+00,    0.0000000000E+00,                 NaN
    145150,      0.676949,CP8_after_OBC,   1,                 NaN,                 NaN,                 NaN,    0.0000000000E+00,    0.0000000000E+00,    0.0000000000E+00,                 NaN
    145150,      0.676949,CP9_after_PTsource,   1,                 NaN,                 NaN,                 NaN,    0.0000000000E+00,    0.0000000000E+00,    0.0000000000E+00,                 NaN
    145150,      0.676949,CP10_after_neg_clamp,   1,    0.0000000000E+00,    1.8738591334E+02,    1.8738591334E+02,    0.0000000000E+00,    0.0000000000E+00,    0.0000000000E+00,    1.8738591334E+02
    145150,      0.676949,CP11_after_MPI,   1,    0.0000000000E+00,    1.8738591334E+02,    1.8738591334E+02,    0.0000000000E+00,    0.0000000000E+00,    0.0000000000E+00,    1.8738591334E+02
    145150,      0.676949,CP12_end,   1,    0.0000000000E+00,    1.8738591334E+02,    1.8738591334E+02,    0.0000000000E+00,    0.0000000000E+00,    0.0000000000E+00,    1.8738591334E+02
    145200,      0.676949,CP0_start,   1,    0.0000000000E+00,    1.8748733993E+02,    1.8748733993E+02,    0.0000000000E+00,    0.0000000000E+00,    0.0000000000E+00,    1.8748733993E+02
    145200,      0.676949,CP1_after_deposition,   1,    0.0000000000E+00,    1.8748733993E+02,    1.8748733993E+02,    0.0000000000E+00,    0.0000000000E+00,    0.0000000000E+00,    1.8748733993E+02
    145200,      0.676949,CP2_after_erosion,   1,    0.0000000000E+00,    1.8748733993E+02,    1.8748733993E+02,    0.0000000000E+00,    0.0000000000E+00,    0.0000000000E+00,    1.8748733993E+02
    145200,      0.676949,CP3_after_update_bottom,   1,    0.0000000000E+00,    1.8748733993E+02,    1.8748733993E+02,    0.0000000000E+00,    0.0000000000E+00,    0.0000000000E+00,    1.8748733993E+02
    145200,      0.676949,CP4_after_advection,   1,    0.0000000000E+00,    1.8749601434E+02,    1.8749601434E+02,    0.0000000000E+00,    0.0000000000E+00,    0.0000000000E+00,    1.8749601434E+02
    145200,      0.676949,CP5_after_vdif,   1,    0.0000000000E+00,    1.8749601434E+02,    1.8749601434E+02,    0.0000000000E+00,    0.0000000000E+00,    0.0000000000E+00,    1.8749601434E+02
    145200,      0.676949,CP6_after_kinetics,   1,    0.0000000000E+00,    1.8749601434E+02,    1.8749601434E+02,    0.0000000000E+00,    0.0000000000E+00,    0.0000000000E+00,    1.8749601434E+02
    145200,      0.676949,CP7_after_upper_clamp,   1,    0.0000000000E+00,    1.8749601434E+02,    1.8749601434E+02,    0.0000000000E+00,    0.0000000000E+00,    0.0000000000E+00,    1.8749601434E+02
    145200,      0.676949,CP8_after_OBC,   1,    0.0000000000E+00,    1.8749601434E+02,    1.8749601434E+02,    0.0000000000E+00,    0.0000000000E+00,    0.0000000000E+00,    1.8749601434E+02
    145200,      0.676949,CP9_after_PTsource,   1,    0.0000000000E+00,    1.8749601434E+02,    1.8749601434E+02,    0.0000000000E+00,    0.0000000000E+00,    0.0000000000E+00,    1.8749601434E+02
    145200,      0.676949,CP10_after_neg_clamp,   1,    0.0000000000E+00,    1.8749601434E+02,    1.8749601434E+02,    0.0000000000E+00,    0.0000000000E+00,    0.0000000000E+00,    1.8749601434E+02
    145200,      0.676949,CP11_after_MPI,   1,    0.0000000000E+00,    1.8749601434E+02,    1.8749601434E+02,    0.0000000000E+00,    0.0000000000E+00,    0.0000000000E+00,    1.8749601434E+02
    145200,      0.676949,CP12_end,   1,    0.0000000000E+00,    1.8749601434E+02,    1.8749601434E+02,    0.0000000000E+00,    0.0000000000E+00,    0.0000000000E+00,    1.8749601434E+02
    145250,      0.676949,CP0_start,   1,    0.0000000000E+00,    1.8760143156E+02,    1.8760143156E+02,    0.0000000000E+00,    0.0000000000E+00,    0.0000000000E+00,    1.8760143156E+02
    145250,      0.676949,CP1_after_deposition,   1,    0.0000000000E+00,    1.8760143156E+02,    1.8760143156E+02,    0.0000000000E+00,    0.0000000000E+00,    0.0000000000E+00,    1.8760143156E+02
    145250,      0.676949,CP2_after_erosion,   1,    0.0000000000E+00,    1.8760143156E+02,    1.8760143156E+02,    0.0000000000E+00,    0.0000000000E+00,    0.0000000000E+00,    1.8760143156E+02
    145250,      0.676949,CP3_after_update_bottom,   1,    0.0000000000E+00,    1.8760143156E+02,    1.8760143156E+02,    0.0000000000E+00,    0.0000000000E+00,    0.0000000000E+00,    1.8760143156E+02
    145250,      0.676949,CP4_after_advection,   1,    0.0000000000E+00,    1.8761016651E+02,    1.8761016651E+02,    0.0000000000E+00,    0.0000000000E+00,    0.0000000000E+00,    1.8761016651E+02
    145250,      0.676949,CP5_after_vdif,   1,    0.0000000000E+00,    1.8761016651E+02,    1.8761016651E+02,    0.0000000000E+00,    0.0000000000E+00,    0.0000000000E+00,    1.8761016651E+02
    145250,      0.676949,CP6_after_kinetics,   1,    0.0000000000E+00,    1.8761016651E+02,    1.8761016651E+02,    0.0000000000E+00,    0.0000000000E+00,    0.0000000000E+00,    1.8761016651E+02
    145250,      0.676949,CP7_after_upper_clamp,   1,    0.0000000000E+00,    1.8761016651E+02,    1.8761016651E+02,    0.0000000000E+00,    0.0000000000E+00,    0.0000000000E+00,    1.8761016651E+02
    145250,      0.676949,CP8_after_OBC,   1,    0.0000000000E+00,    1.8761016651E+02,    1.8761016651E+02,    0.0000000000E+00,    0.0000000000E+00,    0.0000000000E+00,    1.8761016651E+02
    145250,      0.676949,CP9_after_PTsource,   1,    0.0000000000E+00,    1.8761016651E+02,    1.8761016651E+02,    0.0000000000E+00,    0.0000000000E+00,    0.0000000000E+00,    1.8761016651E+02
    145250,      0.676949,CP10_after_neg_clamp,   1,    0.0000000000E+00,    1.8761016651E+02,    1.8761016651E+02,    0.0000000000E+00,    0.0000000000E+00,    0.0000000000E+00,    1.8761016651E+02
    145250,      0.676949,CP11_after_MPI,   1,    0.0000000000E+00,    1.8761016651E+02,    1.8761016651E+02,    0.0000000000E+00,    0.0000000000E+00,    0.0000000000E+00,    1.8761016651E+02
    145250,      0.676949,CP12_end,   1,    0.0000000000E+00,    1.8761016651E+02,    1.8761016651E+02,    0.0000000000E+00,    0.0000000000E+00,    0.0000000000E+00,    1.8761016651E+02
    145300,      0.676949,CP0_start,   1,    0.0000000000E+00,    1.8771894204E+02,    1.8771894204E+02,    0.0000000000E+00,    0.0000000000E+00,    0.0000000000E+00,    1.8771894204E+02
    145300,      0.676949,CP1_after_deposition,   1,    0.0000000000E+00,    1.8771894204E+02,    1.8771894204E+02,    0.0000000000E+00,    0.0000000000E+00,    0.0000000000E+00,    1.8771894204E+02
    145300,      0.676949,CP2_after_erosion,   1,    0.0000000000E+00,    1.8771894204E+02,    1.8771894204E+02,    0.0000000000E+00,    0.0000000000E+00,    0.0000000000E+00,    1.8771894204E+02
    145300,      0.676949,CP3_after_update_bottom,   1,    0.0000000000E+00,    1.8771894204E+02,    1.8771894204E+02,    0.0000000000E+00,    0.0000000000E+00,    0.0000000000E+00,    1.8771894204E+02
    145300,      0.676949,CP4_after_advection,   1,    0.0000000000E+00,    1.8772769539E+02,    1.8772769539E+02,    0.0000000000E+00,    0.0000000000E+00,    0.0000000000E+00,    1.8772769539E+02
    145300,      0.676949,CP5_after_vdif,   1,    0.0000000000E+00,    1.8772769539E+02,    1.8772769539E+02,    0.0000000000E+00,    0.0000000000E+00,    0.0000000000E+00,    1.8772769539E+02
    145300,      0.676949,CP6_after_kinetics,   1,    0.0000000000E+00,    1.8772769539E+02,    1.8772769539E+02,    0.0000000000E+00,    0.0000000000E+00,    0.0000000000E+00,    1.8772769539E+02
    145300,      0.676949,CP7_after_upper_clamp,   1,    0.0000000000E+00,    1.8772769539E+02,    1.8772769539E+02,    0.0000000000E+00,    0.0000000000E+00,    0.0000000000E+00,    1.8772769539E+02
    145300,      0.676949,CP8_after_OBC,   1,    0.0000000000E+00,    1.8772769539E+02,    1.8772769539E+02,    0.0000000000E+00,    0.0000000000E+00,    0.0000000000E+00,    1.8772769539E+02
    145300,      0.676949,CP9_after_PTsource,   1,    0.0000000000E+00,    1.8772769539E+02,    1.8772769539E+02,    0.0000000000E+00,    0.0000000000E+00,    0.0000000000E+00,    1.8772769539E+02
    145300,      0.676949,CP10_after_neg_clamp,   1,    0.0000000000E+00,    1.8772769539E+02,    1.8772769539E+02,    0.0000000000E+00,    0.0000000000E+00,    0.0000000000E+00,    1.8772769539E+02
    145300,      0.676949,CP11_after_MPI,   1,    0.0000000000E+00,    1.8772769539E+02,    1.8772769539E+02,    0.0000000000E+00,    0.0000000000E+00,    0.0000000000E+00,    1.8772769539E+02
    145300,      0.676949,CP12_end,   1,    0.0000000000E+00,    1.8772769539E+02,    1.8772769539E+02,    0.0000000000E+00,    0.0000000000E+00,    0.0000000000E+00,    1.8772769539E+02
    145350,      0.676949,CP0_start,   1,    0.0000000000E+00,    1.8783769520E+02,    1.8783769520E+02,    0.0000000000E+00,    0.0000000000E+00,    0.0000000000E+00,    1.8783769520E+02
    145350,      0.676949,CP1_after_deposition,   1,    0.0000000000E+00,    1.8783769520E+02,    1.8783769520E+02,    0.0000000000E+00,    0.0000000000E+00,    0.0000000000E+00,    1.8783769520E+02
    145350,      0.676949,CP2_after_erosion,   1,    0.0000000000E+00,    1.8783769520E+02,    1.8783769520E+02,    0.0000000000E+00,    0.0000000000E+00,    0.0000000000E+00,    1.8783769520E+02
    145350,      0.676949,CP3_after_update_bottom,   1,    0.0000000000E+00,    1.8783769520E+02,    1.8783769520E+02,    0.0000000000E+00,    0.0000000000E+00,    0.0000000000E+00,    1.8783769520E+02
    145350,      0.676949,CP4_after_advection,   1,    0.0000000000E+00,    1.8784643813E+02,    1.8784643813E+02,    0.0000000000E+00,    0.0000000000E+00,    0.0000000000E+00,    1.8784643813E+02
    145350,      0.676949,CP5_after_vdif,   1,    0.0000000000E+00,    1.8784643813E+02,    1.8784643813E+02,    0.0000000000E+00,    0.0000000000E+00,    0.0000000000E+00,    1.8784643813E+02
    145350,      0.676949,CP6_after_kinetics,   1,    0.0000000000E+00,    1.8784643813E+02,    1.8784643813E+02,    0.0000000000E+00,    0.0000000000E+00,    0.0000000000E+00,    1.8784643813E+02
    145350,      0.676949,CP7_after_upper_clamp,   1,    0.0000000000E+00,    1.8784643813E+02,    1.8784643813E+02,    0.0000000000E+00,    0.0000000000E+00,    0.0000000000E+00,    1.8784643813E+02
    145350,      0.676949,CP8_after_OBC,   1,    0.0000000000E+00,    1.8784643813E+02,    1.8784643813E+02,    0.0000000000E+00,    0.0000000000E+00,    0.0000000000E+00,    1.8784643813E+02
    145350,      0.676949,CP9_after_PTsource,   1,    0.0000000000E+00,    1.8784643813E+02,    1.8784643813E+02,    0.0000000000E+00,    0.0000000000E+00,    0.0000000000E+00,    1.8784643813E+02
    145350,      0.676949,CP10_after_neg_clamp,   1,    0.0000000000E+00,    1.8784643813E+02,    1.8784643813E+02,    0.0000000000E+00,    0.0000000000E+00,    0.0000000000E+00,    1.8784643813E+02
    145350,      0.676949,CP11_after_MPI,   1,    0.0000000000E+00,    1.8784643813E+02,    1.8784643813E+02,    0.0000000000E+00,    0.0000000000E+00,    0.0000000000E+00,    1.8784643813E+02
    145350,      0.676949,CP12_end,   1,    0.0000000000E+00,    1.8784643813E+02,    1.8784643813E+02,    0.0000000000E+00,    0.0000000000E+00,    0.0000000000E+00,    1.8784643813E+02
    145400,      0.676949,CP0_start,   1,    0.0000000000E+00,    1.8795663250E+02,    1.8795663250E+02,    0.0000000000E+00,    0.0000000000E+00,    0.0000000000E+00,    1.8795663250E+02
    145400,      0.676949,CP1_after_deposition,   1,    0.0000000000E+00,    1.8795663250E+02,    1.8795663250E+02,    0.0000000000E+00,    0.0000000000E+00,    0.0000000000E+00,    1.8795663250E+02
    145400,      0.676949,CP2_after_erosion,   1,    0.0000000000E+00,    1.8795663250E+02,    1.8795663250E+02,    0.0000000000E+00,    0.0000000000E+00,    0.0000000000E+00,    1.8795663250E+02
    145400,      0.676949,CP3_after_update_bottom,   1,    0.0000000000E+00,    1.8795663250E+02,    1.8795663250E+02,    0.0000000000E+00,    0.0000000000E+00,    0.0000000000E+00,    1.8795663250E+02
    145400,      0.676949,CP4_after_advection,   1,    0.0000000000E+00,    1.8796535526E+02,    1.8796535526E+02,    0.0000000000E+00,    0.0000000000E+00,    0.0000000000E+00,    1.8796535526E+02
    145400,      0.676949,CP5_after_vdif,   1,    0.0000000000E+00,    1.8796535526E+02,    1.8796535526E+02,    0.0000000000E+00,    0.0000000000E+00,    0.0000000000E+00,    1.8796535526E+02
    145400,      0.676949,CP6_after_kinetics,   1,    0.0000000000E+00,    1.8796535526E+02,    1.8796535526E+02,    0.0000000000E+00,    0.0000000000E+00,    0.0000000000E+00,    1.8796535526E+02
    145400,      0.676949,CP7_after_upper_clamp,   1,    0.0000000000E+00,    1.8796535526E+02,    1.8796535526E+02,    0.0000000000E+00,    0.0000000000E+00,    0.0000000000E+00,    1.8796535526E+02
    145400,      0.676949,CP8_after_OBC,   1,    0.0000000000E+00,    1.8796535526E+02,    1.8796535526E+02,    0.0000000000E+00,    0.0000000000E+00,    0.0000000000E+00,    1.8796535526E+02
    145400,      0.676949,CP9_after_PTsource,   1,    0.0000000000E+00,    1.8796535526E+02,    1.8796535526E+02,    0.0000000000E+00,    0.0000000000E+00,    0.0000000000E+00,    1.8796535526E+02
    145400,      0.676949,CP10_after_neg_clamp,   1,    0.0000000000E+00,    1.8796535526E+02,    1.8796535526E+02,    0.0000000000E+00,    0.0000000000E+00,    0.0000000000E+00,    1.8796535526E+02
    145400,      0.676949,CP11_after_MPI,   1,    0.0000000000E+00,    1.8796535526E+02,    1.8796535526E+02,    0.0000000000E+00,    0.0000000000E+00,    0.0000000000E+00,    1.8796535526E+02
    145400,      0.676949,CP12_end,   1,    0.0000000000E+00,    1.8796535526E+02,    1.8796535526E+02,    0.0000000000E+00,    0.0000000000E+00,    0.0000000000E+00,    1.8796535526E+02
    145450,      0.676949,CP0_start,   1,    0.0000000000E+00,    1.8807546396E+02,    1.8807546396E+02,    0.0000000000E+00,    0.0000000000E+00,    0.0000000000E+00,    1.8807546396E+02
    145450,      0.676949,CP1_after_deposition,   1,    0.0000000000E+00,    1.8807546396E+02,    1.8807546396E+02,    0.0000000000E+00,    0.0000000000E+00,    0.0000000000E+00,    1.8807546396E+02
    145450,      0.676949,CP2_after_erosion,   1,    0.0000000000E+00,    1.8807546396E+02,    1.8807546396E+02,    0.0000000000E+00,    0.0000000000E+00,    0.0000000000E+00,    1.8807546396E+02
    145450,      0.676949,CP3_after_update_bottom,   1,    0.0000000000E+00,    1.8807546396E+02,    1.8807546396E+02,    0.0000000000E+00,    0.0000000000E+00,    0.0000000000E+00,    1.8807546396E+02
    145450,      0.676949,CP4_after_advection,   1,    0.0000000000E+00,    1.8808415943E+02,    1.8808415943E+02,    0.0000000000E+00,    0.0000000000E+00,    0.0000000000E+00,    1.8808415943E+02
    145450,      0.676949,CP5_after_vdif,   1,    0.0000000000E+00,    1.8808415943E+02,    1.8808415943E+02,    0.0000000000E+00,    0.0000000000E+00,    0.0000000000E+00,    1.8808415943E+02
    145450,      0.676949,CP6_after_kinetics,   1,    0.0000000000E+00,    1.8808415943E+02,    1.8808415943E+02,    0.0000000000E+00,    0.0000000000E+00,    0.0000000000E+00,    1.8808415943E+02
    145450,      0.676949,CP7_after_upper_clamp,   1,    0.0000000000E+00,    1.8808415943E+02,    1.8808415943E+02,    0.0000000000E+00,    0.0000000000E+00,    0.0000000000E+00,    1.8808415943E+02
    145450,      0.676949,CP8_after_OBC,   1,    0.0000000000E+00,    1.8808415943E+02,    1.8808415943E+02,    0.0000000000E+00,    0.0000000000E+00,    0.0000000000E+00,    1.8808415943E+02
    145450,      0.676949,CP9_after_PTsource,   1,    0.0000000000E+00,    1.8808415943E+02,    1.8808415943E+02,    0.0000000000E+00,    0.0000000000E+00,    0.0000000000E+00,    1.8808415943E+02
    145450,      0.676949,CP10_after_neg_clamp,   1,    0.0000000000E+00,    1.8808415943E+02,    1.8808415943E+02,    0.0000000000E+00,    0.0000000000E+00,    0.0000000000E+00,    1.8808415943E+02
    145450,      0.676949,CP11_after_MPI,   1,    0.0000000000E+00,    1.8808415943E+02,    1.8808415943E+02,    0.0000000000E+00,    0.0000000000E+00,    0.0000000000E+00,    1.8808415943E+02
    145450,      0.676949,CP12_end,   1,    0.0000000000E+00,    1.8808415943E+02,    1.8808415943E+02,    0.0000000000E+00,    0.0000000000E+00,    0.0000000000E+00,    1.8808415943E+02
    145500,      0.676949,CP0_start,   1,    0.0000000000E+00,    1.8819403570E+02,    1.8819403570E+02,    0.0000000000E+00,    0.0000000000E+00,    0.0000000000E+00,    1.8819403570E+02
    145500,      0.676949,CP1_after_deposition,   1,    0.0000000000E+00,    1.8819403570E+02,    1.8819403570E+02,    0.0000000000E+00,    0.0000000000E+00,    0.0000000000E+00,    1.8819403570E+02
    145500,      0.676949,CP2_after_erosion,   1,    0.0000000000E+00,    1.8819403570E+02,    1.8819403570E+02,    0.0000000000E+00,    0.0000000000E+00,    0.0000000000E+00,    1.8819403570E+02
    145500,      0.676949,CP3_after_update_bottom,   1,    0.0000000000E+00,    1.8819403570E+02,    1.8819403570E+02,    0.0000000000E+00,    0.0000000000E+00,    0.0000000000E+00,    1.8819403570E+02
    145500,      0.676949,CP4_after_advection,   1,    0.0000000000E+00,    1.8820269927E+02,    1.8820269927E+02,    0.0000000000E+00,    0.0000000000E+00,    0.0000000000E+00,    1.8820269927E+02
    145500,      0.676949,CP5_after_vdif,   1,    0.0000000000E+00,    1.8820269927E+02,    1.8820269927E+02,    0.0000000000E+00,    0.0000000000E+00,    0.0000000000E+00,    1.8820269927E+02
    145500,      0.676949,CP6_after_kinetics,   1,    0.0000000000E+00,    1.8820269927E+02,    1.8820269927E+02,    0.0000000000E+00,    0.0000000000E+00,    0.0000000000E+00,    1.8820269927E+02
    145500,      0.676949,CP7_after_upper_clamp,   1,    0.0000000000E+00,    1.8820269927E+02,    1.8820269927E+02,    0.0000000000E+00,    0.0000000000E+00,    0.0000000000E+00,    1.8820269927E+02
    145500,      0.676949,CP8_after_OBC,   1,    0.0000000000E+00,    1.8820269927E+02,    1.8820269927E+02,    0.0000000000E+00,    0.0000000000E+00,    0.0000000000E+00,    1.8820269927E+02
    145500,      0.676949,CP9_after_PTsource,   1,    0.0000000000E+00,    1.8820269927E+02,    1.8820269927E+02,    0.0000000000E+00,    0.0000000000E+00,    0.0000000000E+00,    1.8820269927E+02
    145500,      0.676949,CP10_after_neg_clamp,   1,    0.0000000000E+00,    1.8820269927E+02,    1.8820269927E+02,    0.0000000000E+00,    0.0000000000E+00,    0.0000000000E+00,    1.8820269927E+02
    145500,      0.676949,CP11_after_MPI,   1,    0.0000000000E+00,    1.8820269927E+02,    1.8820269927E+02,    0.0000000000E+00,    0.0000000000E+00,    0.0000000000E+00,    1.8820269927E+02
    145500,      0.676949,CP12_end,   1,    0.0000000000E+00,    1.8820269927E+02,    1.8820269927E+02,    0.0000000000E+00,    0.0000000000E+00,    0.0000000000E+00,    1.8820269927E+02
    145550,      0.676949,CP0_start,   1,    0.0000000000E+00,    1.8831210671E+02,    1.8831210671E+02,    0.0000000000E+00,    0.0000000000E+00,    0.0000000000E+00,    1.8831210671E+02
    145550,      0.676949,CP1_after_deposition,   1,    0.0000000000E+00,    1.8831210671E+02,    1.8831210671E+02,    0.0000000000E+00,    0.0000000000E+00,    0.0000000000E+00,    1.8831210671E+02
    145550,      0.676949,CP2_after_erosion,   1,    0.0000000000E+00,    1.8831210671E+02,    1.8831210671E+02,    0.0000000000E+00,    0.0000000000E+00,    0.0000000000E+00,    1.8831210671E+02
    145550,      0.676949,CP3_after_update_bottom,   1,    0.0000000000E+00,    1.8831210671E+02,    1.8831210671E+02,    0.0000000000E+00,    0.0000000000E+00,    0.0000000000E+00,    1.8831210671E+02
    145550,      0.676949,CP4_after_advection,   1,    0.0000000000E+00,    1.8832073599E+02,    1.8832073599E+02,    0.0000000000E+00,    0.0000000000E+00,    0.0000000000E+00,    1.8832073599E+02
    145550,      0.676949,CP5_after_vdif,   1,    0.0000000000E+00,    1.8832073599E+02,    1.8832073599E+02,    0.0000000000E+00,    0.0000000000E+00,    0.0000000000E+00,    1.8832073599E+02
    145550,      0.676949,CP6_after_kinetics,   1,    0.0000000000E+00,    1.8832073599E+02,    1.8832073599E+02,    0.0000000000E+00,    0.0000000000E+00,    0.0000000000E+00,    1.8832073599E+02
    145550,      0.676949,CP7_after_upper_clamp,   1,    0.0000000000E+00,    1.8832073599E+02,    1.8832073599E+02,    0.0000000000E+00,    0.0000000000E+00,    0.0000000000E+00,    1.8832073599E+02
    145550,      0.676949,CP8_after_OBC,   1,    0.0000000000E+00,    1.8832073599E+02,    1.8832073599E+02,    0.0000000000E+00,    0.0000000000E+00,    0.0000000000E+00,    1.8832073599E+02
    145550,      0.676949,CP9_after_PTsource,   1,    0.0000000000E+00,    1.8832073599E+02,    1.8832073599E+02,    0.0000000000E+00,    0.0000000000E+00,    0.0000000000E+00,    1.8832073599E+02
    145550,      0.676949,CP10_after_neg_clamp,   1,    0.0000000000E+00,    1.8832073599E+02,    1.8832073599E+02,    0.0000000000E+00,    0.0000000000E+00,    0.0000000000E+00,    1.8832073599E+02
    145550,      0.676949,CP11_after_MPI,   1,    0.0000000000E+00,    1.8832073599E+02,    1.8832073599E+02,    0.0000000000E+00,    0.0000000000E+00,    0.0000000000E+00,    1.8832073599E+02
    145550,      0.676949,CP12_end,   1,    0.0000000000E+00,    1.8832073599E+02,    1.8832073599E+02,    0.0000000000E+00,    0.0000000000E+00,    0.0000000000E+00,    1.8832073599E+02
    145600,      0.676949,CP0_start,   1,    0.0000000000E+00,    1.8842961710E+02,    1.8842961710E+02,    0.0000000000E+00,    0.0000000000E+00,    0.0000000000E+00,    1.8842961710E+02
    145600,      0.676949,CP1_after_deposition,   1,    0.0000000000E+00,    1.8842961710E+02,    1.8842961710E+02,    0.0000000000E+00,    0.0000000000E+00,    0.0000000000E+00,    1.8842961710E+02
    145600,      0.676949,CP2_after_erosion,   1,    0.0000000000E+00,    1.8842961710E+02,    1.8842961710E+02,    0.0000000000E+00,    0.0000000000E+00,    0.0000000000E+00,    1.8842961710E+02
    145600,      0.676949,CP3_after_update_bottom,   1,    0.0000000000E+00,    1.8842961710E+02,    1.8842961710E+02,    0.0000000000E+00,    0.0000000000E+00,    0.0000000000E+00,    1.8842961710E+02
    145600,      0.676949,CP4_after_advection,   1,    0.0000000000E+00,    1.8843821093E+02,    1.8843821093E+02,    0.0000000000E+00,    0.0000000000E+00,    0.0000000000E+00,    1.8843821093E+02
    145600,      0.676949,CP5_after_vdif,   1,    0.0000000000E+00,    1.8843821093E+02,    1.8843821093E+02,    0.0000000000E+00,    0.0000000000E+00,    0.0000000000E+00,    1.8843821093E+02
    145600,      0.676949,CP6_after_kinetics,   1,    0.0000000000E+00,    1.8843821093E+02,    1.8843821093E+02,    0.0000000000E+00,    0.0000000000E+00,    0.0000000000E+00,    1.8843821093E+02
    145600,      0.676949,CP7_after_upper_clamp,   1,    0.0000000000E+00,    1.8843821093E+02,    1.8843821093E+02,    0.0000000000E+00,    0.0000000000E+00,    0.0000000000E+00,    1.8843821093E+02
    145600,      0.676949,CP8_after_OBC,   1,    0.0000000000E+00,    1.8843821093E+02,    1.8843821093E+02,    0.0000000000E+00,    0.0000000000E+00,    0.0000000000E+00,    1.8843821093E+02
    145600,      0.676949,CP9_after_PTsource,   1,    0.0000000000E+00,    1.8843821093E+02,    1.8843821093E+02,    0.0000000000E+00,    0.0000000000E+00,    0.0000000000E+00,    1.8843821093E+02
    145600,      0.676949,CP10_after_neg_clamp,   1,    0.0000000000E+00,    1.8843821093E+02,    1.8843821093E+02,    0.0000000000E+00,    0.0000000000E+00,    0.0000000000E+00,    1.8843821093E+02
    145600,      0.676949,CP11_after_MPI,   1,    0.0000000000E+00,    1.8843821093E+02,    1.8843821093E+02,    0.0000000000E+00,    0.0000000000E+00,    0.0000000000E+00,    1.8843821093E+02
    145600,      0.676949,CP12_end,   1,    0.0000000000E+00,    1.8843821093E+02,    1.8843821093E+02,    0.0000000000E+00,    0.0000000000E+00,    0.0000000000E+00,    1.8843821093E+02
    145650,      0.676949,CP0_start,   1,    0.0000000000E+00,    1.8854642539E+02,    1.8854642539E+02,    0.0000000000E+00,    0.0000000000E+00,    0.0000000000E+00,    1.8854642539E+02
    145650,      0.676949,CP1_after_deposition,   1,    0.0000000000E+00,    1.8854642539E+02,    1.8854642539E+02,    0.0000000000E+00,    0.0000000000E+00,    0.0000000000E+00,    1.8854642539E+02
    145650,      0.676949,CP2_after_erosion,   1,    0.0000000000E+00,    1.8854642539E+02,    1.8854642539E+02,    0.0000000000E+00,    0.0000000000E+00,    0.0000000000E+00,    1.8854642539E+02
    145650,      0.676949,CP3_after_update_bottom,   1,    0.0000000000E+00,    1.8854642539E+02,    1.8854642539E+02,    0.0000000000E+00,    0.0000000000E+00,    0.0000000000E+00,    1.8854642539E+02
    145650,      0.676949,CP4_after_advection,   1,    0.0000000000E+00,    1.8855497622E+02,    1.8855497622E+02,    0.0000000000E+00,    0.0000000000E+00,    0.0000000000E+00,    1.8855497622E+02
    145650,      0.676949,CP5_after_vdif,   1,    0.0000000000E+00,    1.8855497622E+02,    1.8855497622E+02,    0.0000000000E+00,    0.0000000000E+00,    0.0000000000E+00,    1.8855497622E+02
    145650,      0.676949,CP6_after_kinetics,   1,    0.0000000000E+00,    1.8855497622E+02,    1.8855497622E+02,    0.0000000000E+00,    0.0000000000E+00,    0.0000000000E+00,    1.8855497622E+02
    145650,      0.676949,CP7_after_upper_clamp,   1,    0.0000000000E+00,    1.8855497622E+02,    1.8855497622E+02,    0.0000000000E+00,    0.0000000000E+00,    0.0000000000E+00,    1.8855497622E+02
    145650,      0.676949,CP8_after_OBC,   1,    0.0000000000E+00,    1.8855497622E+02,    1.8855497622E+02,    0.0000000000E+00,    0.0000000000E+00,    0.0000000000E+00,    1.8855497622E+02
    145650,      0.676949,CP9_after_PTsource,   1,    0.0000000000E+00,    1.8855497622E+02,    1.8855497622E+02,    0.0000000000E+00,    0.0000000000E+00,    0.0000000000E+00,    1.8855497622E+02
    145650,      0.676949,CP10_after_neg_clamp,   1,    0.0000000000E+00,    1.8855497622E+02,    1.8855497622E+02,    0.0000000000E+00,    0.0000000000E+00,    0.0000000000E+00,    1.8855497622E+02
    145650,      0.676949,CP11_after_MPI,   1,    0.0000000000E+00,    1.8855497622E+02,    1.8855497622E+02,    0.0000000000E+00,    0.0000000000E+00,    0.0000000000E+00,    1.8855497622E+02
    145650,      0.676949,CP12_end,   1,    0.0000000000E+00,    1.8855497622E+02,    1.8855497622E+02,    0.0000000000E+00,    0.0000000000E+00,    0.0000000000E+00,    1.8855497622E+02
    145700,      0.676949,CP0_start,   1,    0.0000000000E+00,    1.8866244925E+02,    1.8866244925E+02,    0.0000000000E+00,    0.0000000000E+00,    0.0000000000E+00,    1.8866244925E+02
    145700,      0.676949,CP1_after_deposition,   1,    0.0000000000E+00,    1.8866244925E+02,    1.8866244925E+02,    0.0000000000E+00,    0.0000000000E+00,    0.0000000000E+00,    1.8866244925E+02
    145700,      0.676949,CP2_after_erosion,   1,    0.0000000000E+00,    1.8866244925E+02,    1.8866244925E+02,    0.0000000000E+00,    0.0000000000E+00,    0.0000000000E+00,    1.8866244925E+02
    145700,      0.676949,CP3_after_update_bottom,   1,    0.0000000000E+00,    1.8866244925E+02,    1.8866244925E+02,    0.0000000000E+00,    0.0000000000E+00,    0.0000000000E+00,    1.8866244925E+02
    145700,      0.676949,CP4_after_advection,   1,    0.0000000000E+00,    1.8867094996E+02,    1.8867094996E+02,    0.0000000000E+00,    0.0000000000E+00,    0.0000000000E+00,    1.8867094996E+02
    145700,      0.676949,CP5_after_vdif,   1,    0.0000000000E+00,    1.8867094996E+02,    1.8867094996E+02,    0.0000000000E+00,    0.0000000000E+00,    0.0000000000E+00,    1.8867094996E+02
    145700,      0.676949,CP6_after_kinetics,   1,    0.0000000000E+00,    1.8867094996E+02,    1.8867094996E+02,    0.0000000000E+00,    0.0000000000E+00,    0.0000000000E+00,    1.8867094996E+02
    145700,      0.676949,CP7_after_upper_clamp,   1,    0.0000000000E+00,    1.8867094996E+02,    1.8867094996E+02,    0.0000000000E+00,    0.0000000000E+00,    0.0000000000E+00,    1.8867094996E+02
    145700,      0.676949,CP8_after_OBC,   1,    0.0000000000E+00,    1.8867094996E+02,    1.8867094996E+02,    0.0000000000E+00,    0.0000000000E+00,    0.0000000000E+00,    1.8867094996E+02
    145700,      0.676949,CP9_after_PTsource,   1,    0.0000000000E+00,    1.8867094996E+02,    1.8867094996E+02,    0.0000000000E+00,    0.0000000000E+00,    0.0000000000E+00,    1.8867094996E+02
    145700,      0.676949,CP10_after_neg_clamp,   1,    0.0000000000E+00,    1.8867094996E+02,    1.8867094996E+02,    0.0000000000E+00,    0.0000000000E+00,    0.0000000000E+00,    1.8867094996E+02
    145700,      0.676949,CP11_after_MPI,   1,    0.0000000000E+00,    1.8867094996E+02,    1.8867094996E+02,    0.0000000000E+00,    0.0000000000E+00,    0.0000000000E+00,    1.8867094996E+02
    145700,      0.676949,CP12_end,   1,    0.0000000000E+00,    1.8867094996E+02,    1.8867094996E+02,    0.0000000000E+00,    0.0000000000E+00,    0.0000000000E+00,    1.8867094996E+02
    145750,      0.676949,CP0_start,   1,    0.0000000000E+00,    1.8877764536E+02,    1.8877764536E+02,    0.0000000000E+00,    0.0000000000E+00,    0.0000000000E+00,    1.8877764536E+02
    145750,      0.676949,CP1_after_deposition,   1,    0.0000000000E+00,    1.8877764536E+02,    1.8877764536E+02,    0.0000000000E+00,    0.0000000000E+00,    0.0000000000E+00,    1.8877764536E+02
    145750,      0.676949,CP2_after_erosion,   1,    0.0000000000E+00,    1.8877764536E+02,    1.8877764536E+02,    0.0000000000E+00,    0.0000000000E+00,    0.0000000000E+00,    1.8877764536E+02
    145750,      0.676949,CP3_after_update_bottom,   1,    0.0000000000E+00,    1.8877764536E+02,    1.8877764536E+02,    0.0000000000E+00,    0.0000000000E+00,    0.0000000000E+00,    1.8877764536E+02
    145750,      0.676949,CP4_after_advection,   1,    0.0000000000E+00,    1.8878609859E+02,    1.8878609859E+02,    0.0000000000E+00,    0.0000000000E+00,    0.0000000000E+00,    1.8878609859E+02
    145750,      0.676949,CP5_after_vdif,   1,    0.0000000000E+00,    1.8878609859E+02,    1.8878609859E+02,    0.0000000000E+00,    0.0000000000E+00,    0.0000000000E+00,    1.8878609859E+02
    145750,      0.676949,CP6_after_kinetics,   1,    0.0000000000E+00,    1.8878609859E+02,    1.8878609859E+02,    0.0000000000E+00,    0.0000000000E+00,    0.0000000000E+00,    1.8878609859E+02
    145750,      0.676949,CP7_after_upper_clamp,   1,    0.0000000000E+00,    1.8878609859E+02,    1.8878609859E+02,    0.0000000000E+00,    0.0000000000E+00,    0.0000000000E+00,    1.8878609859E+02
    145750,      0.676949,CP8_after_OBC,   1,    0.0000000000E+00,    1.8878609859E+02,    1.8878609859E+02,    0.0000000000E+00,    0.0000000000E+00,    0.0000000000E+00,    1.8878609859E+02
    145750,      0.676949,CP9_after_PTsource,   1,    0.0000000000E+00,    1.8878609859E+02,    1.8878609859E+02,    0.0000000000E+00,    0.0000000000E+00,    0.0000000000E+00,    1.8878609859E+02
    145750,      0.676949,CP10_after_neg_clamp,   1,    0.0000000000E+00,    1.8878609859E+02,    1.8878609859E+02,    0.0000000000E+00,    0.0000000000E+00,    0.0000000000E+00,    1.8878609859E+02
    145750,      0.676949,CP11_after_MPI,   1,    0.0000000000E+00,    1.8878609859E+02,    1.8878609859E+02,    0.0000000000E+00,    0.0000000000E+00,    0.0000000000E+00,    1.8878609859E+02
    145750,      0.676949,CP12_end,   1,    0.0000000000E+00,    1.8878609859E+02,    1.8878609859E+02,    0.0000000000E+00,    0.0000000000E+00,    0.0000000000E+00,    1.8878609859E+02
    145800,      0.676949,CP0_start,   1,    0.0000000000E+00,    1.8889202918E+02,    1.8889202918E+02,    0.0000000000E+00,    0.0000000000E+00,    0.0000000000E+00,    1.8889202918E+02
    145800,      0.676949,CP1_after_deposition,   1,    0.0000000000E+00,    1.8889202918E+02,    1.8889202918E+02,    0.0000000000E+00,    0.0000000000E+00,    0.0000000000E+00,    1.8889202918E+02
    145800,      0.676949,CP2_after_erosion,   1,    0.0000000000E+00,    1.8889202918E+02,    1.8889202918E+02,    0.0000000000E+00,    0.0000000000E+00,    0.0000000000E+00,    1.8889202918E+02
    145800,      0.676949,CP3_after_update_bottom,   1,    0.0000000000E+00,    1.8889202918E+02,    1.8889202918E+02,    0.0000000000E+00,    0.0000000000E+00,    0.0000000000E+00,    1.8889202918E+02
    145800,      0.676949,CP4_after_advection,   1,    0.0000000000E+00,    1.8890044031E+02,    1.8890044031E+02,    0.0000000000E+00,    0.0000000000E+00,    0.0000000000E+00,    1.8890044031E+02
    145800,      0.676949,CP5_after_vdif,   1,    0.0000000000E+00,    1.8890044031E+02,    1.8890044031E+02,    0.0000000000E+00,    0.0000000000E+00,    0.0000000000E+00,    1.8890044031E+02
    145800,      0.676949,CP6_after_kinetics,   1,    0.0000000000E+00,    1.8890044031E+02,    1.8890044031E+02,    0.0000000000E+00,    0.0000000000E+00,    0.0000000000E+00,    1.8890044031E+02
    145800,      0.676949,CP7_after_upper_clamp,   1,    0.0000000000E+00,    1.8890044031E+02,    1.8890044031E+02,    0.0000000000E+00,    0.0000000000E+00,    0.0000000000E+00,    1.8890044031E+02
    145800,      0.676949,CP8_after_OBC,   1,    0.0000000000E+00,    1.8890044031E+02,    1.8890044031E+02,    0.0000000000E+00,    0.0000000000E+00,    0.0000000000E+00,    1.8890044031E+02
    145800,      0.676949,CP9_after_PTsource,   1,    0.0000000000E+00,    1.8890044031E+02,    1.8890044031E+02,    0.0000000000E+00,    0.0000000000E+00,    0.0000000000E+00,    1.8890044031E+02
    145800,      0.676949,CP10_after_neg_clamp,   1,    0.0000000000E+00,    1.8890044031E+02,    1.8890044031E+02,    0.0000000000E+00,    0.0000000000E+00,    0.0000000000E+00,    1.8890044031E+02
    145800,      0.676949,CP11_after_MPI,   1,    0.0000000000E+00,    1.8890044031E+02,    1.8890044031E+02,    0.0000000000E+00,    0.0000000000E+00,    0.0000000000E+00,    1.8890044031E+02
    145800,      0.676949,CP12_end,   1,    0.0000000000E+00,    1.8890044031E+02,    1.8890044031E+02,    0.0000000000E+00,    0.0000000000E+00,    0.0000000000E+00,    1.8890044031E+02
    145850,      0.676949,CP0_start,   1,    0.0000000000E+00,    1.8900550156E+02,    1.8900550156E+02,    0.0000000000E+00,    0.0000000000E+00,    0.0000000000E+00,    1.8900550156E+02
    145850,      0.676949,CP1_after_deposition,   1,    0.0000000000E+00,    1.8900550156E+02,    1.8900550156E+02,    0.0000000000E+00,    0.0000000000E+00,    0.0000000000E+00,    1.8900550156E+02
    145850,      0.676949,CP2_after_erosion,   1,    0.0000000000E+00,    1.8900550156E+02,    1.8900550156E+02,    0.0000000000E+00,    0.0000000000E+00,    0.0000000000E+00,    1.8900550156E+02
    145850,      0.676949,CP3_after_update_bottom,   1,    0.0000000000E+00,    1.8900550156E+02,    1.8900550156E+02,    0.0000000000E+00,    0.0000000000E+00,    0.0000000000E+00,    1.8900550156E+02
    145850,      0.676949,CP4_after_advection,   1,    0.0000000000E+00,    1.8901387071E+02,    1.8901387071E+02,    0.0000000000E+00,    0.0000000000E+00,    0.0000000000E+00,    1.8901387071E+02
    145850,      0.676949,CP5_after_vdif,   1,    0.0000000000E+00,    1.8901387071E+02,    1.8901387071E+02,    0.0000000000E+00,    0.0000000000E+00,    0.0000000000E+00,    1.8901387071E+02
    145850,      0.676949,CP6_after_kinetics,   1,    0.0000000000E+00,    1.8901387071E+02,    1.8901387071E+02,    0.0000000000E+00,    0.0000000000E+00,    0.0000000000E+00,    1.8901387071E+02
    145850,      0.676949,CP7_after_upper_clamp,   1,    0.0000000000E+00,    1.8901387071E+02,    1.8901387071E+02,    0.0000000000E+00,    0.0000000000E+00,    0.0000000000E+00,    1.8901387071E+02
    145850,      0.676949,CP8_after_OBC,   1,    0.0000000000E+00,    1.8901387071E+02,    1.8901387071E+02,    0.0000000000E+00,    0.0000000000E+00,    0.0000000000E+00,    1.8901387071E+02
    145850,      0.676949,CP9_after_PTsource,   1,    0.0000000000E+00,    1.8901387071E+02,    1.8901387071E+02,    0.0000000000E+00,    0.0000000000E+00,    0.0000000000E+00,    1.8901387071E+02
    145850,      0.676949,CP10_after_neg_clamp,   1,    0.0000000000E+00,    1.8901387071E+02,    1.8901387071E+02,    0.0000000000E+00,    0.0000000000E+00,    0.0000000000E+00,    1.8901387071E+02
    145850,      0.676949,CP11_after_MPI,   1,    0.0000000000E+00,    1.8901387071E+02,    1.8901387071E+02,    0.0000000000E+00,    0.0000000000E+00,    0.0000000000E+00,    1.8901387071E+02
    145850,      0.676949,CP12_end,   1,    0.0000000000E+00,    1.8901387071E+02,    1.8901387071E+02,    0.0000000000E+00,    0.0000000000E+00,    0.0000000000E+00,    1.8901387071E+02
    145900,      0.676949,CP0_start,   1,    0.0000000000E+00,    1.8911807470E+02,    1.8911807470E+02,    0.0000000000E+00,    0.0000000000E+00,    0.0000000000E+00,    1.8911807470E+02
    145900,      0.676949,CP1_after_deposition,   1,    0.0000000000E+00,    1.8911807470E+02,    1.8911807470E+02,    0.0000000000E+00,    0.0000000000E+00,    0.0000000000E+00,    1.8911807470E+02
    145900,      0.676949,CP2_after_erosion,   1,    0.0000000000E+00,    1.8911807470E+02,    1.8911807470E+02,    0.0000000000E+00,    0.0000000000E+00,    0.0000000000E+00,    1.8911807470E+02
    145900,      0.676949,CP3_after_update_bottom,   1,    0.0000000000E+00,    1.8911807470E+02,    1.8911807470E+02,    0.0000000000E+00,    0.0000000000E+00,    0.0000000000E+00,    1.8911807470E+02
    145900,      0.676949,CP4_after_advection,   1,    0.0000000000E+00,    1.8912639462E+02,    1.8912639462E+02,    0.0000000000E+00,    0.0000000000E+00,    0.0000000000E+00,    1.8912639462E+02
    145900,      0.676949,CP5_after_vdif,   1,    0.0000000000E+00,    1.8912639462E+02,    1.8912639462E+02,    0.0000000000E+00,    0.0000000000E+00,    0.0000000000E+00,    1.8912639462E+02
    145900,      0.676949,CP6_after_kinetics,   1,    0.0000000000E+00,    1.8912639462E+02,    1.8912639462E+02,    0.0000000000E+00,    0.0000000000E+00,    0.0000000000E+00,    1.8912639462E+02
    145900,      0.676949,CP7_after_upper_clamp,   1,    0.0000000000E+00,    1.8912639462E+02,    1.8912639462E+02,    0.0000000000E+00,    0.0000000000E+00,    0.0000000000E+00,    1.8912639462E+02
    145900,      0.676949,CP8_after_OBC,   1,    0.0000000000E+00,    1.8912639462E+02,    1.8912639462E+02,    0.0000000000E+00,    0.0000000000E+00,    0.0000000000E+00,    1.8912639462E+02
    145900,      0.676949,CP9_after_PTsource,   1,    0.0000000000E+00,    1.8912639462E+02,    1.8912639462E+02,    0.0000000000E+00,    0.0000000000E+00,    0.0000000000E+00,    1.8912639462E+02
    145900,      0.676949,CP10_after_neg_clamp,   1,    0.0000000000E+00,    1.8912639462E+02,    1.8912639462E+02,    0.0000000000E+00,    0.0000000000E+00,    0.0000000000E+00,    1.8912639462E+02
    145900,      0.676949,CP11_after_MPI,   1,    0.0000000000E+00,    1.8912639462E+02,    1.8912639462E+02,    0.0000000000E+00,    0.0000000000E+00,    0.0000000000E+00,    1.8912639462E+02
    145900,      0.676949,CP12_end,   1,    0.0000000000E+00,    1.8912639462E+02,    1.8912639462E+02,    0.0000000000E+00,    0.0000000000E+00,    0.0000000000E+00,    1.8912639462E+02
    145950,      0.676949,CP0_start,   1,    0.0000000000E+00,    1.8922967148E+02,    1.8922967148E+02,    0.0000000000E+00,    0.0000000000E+00,    0.0000000000E+00,    1.8922967148E+02
    145950,      0.676949,CP1_after_deposition,   1,    0.0000000000E+00,    1.8922967148E+02,    1.8922967148E+02,    0.0000000000E+00,    0.0000000000E+00,    0.0000000000E+00,    1.8922967148E+02
    145950,      0.676949,CP2_after_erosion,   1,    0.0000000000E+00,    1.8922967148E+02,    1.8922967148E+02,    0.0000000000E+00,    0.0000000000E+00,    0.0000000000E+00,    1.8922967148E+02
    145950,      0.676949,CP3_after_update_bottom,   1,    0.0000000000E+00,    1.8922967148E+02,    1.8922967148E+02,    0.0000000000E+00,    0.0000000000E+00,    0.0000000000E+00,    1.8922967148E+02
    145950,      0.676949,CP4_after_advection,   1,    0.0000000000E+00,    1.8923794554E+02,    1.8923794554E+02,    0.0000000000E+00,    0.0000000000E+00,    0.0000000000E+00,    1.8923794554E+02
    145950,      0.676949,CP5_after_vdif,   1,    0.0000000000E+00,    1.8923794554E+02,    1.8923794554E+02,    0.0000000000E+00,    0.0000000000E+00,    0.0000000000E+00,    1.8923794554E+02
    145950,      0.676949,CP6_after_kinetics,   1,    0.0000000000E+00,    1.8923794554E+02,    1.8923794554E+02,    0.0000000000E+00,    0.0000000000E+00,    0.0000000000E+00,    1.8923794554E+02
    145950,      0.676949,CP7_after_upper_clamp,   1,    0.0000000000E+00,    1.8923794554E+02,    1.8923794554E+02,    0.0000000000E+00,    0.0000000000E+00,    0.0000000000E+00,    1.8923794554E+02
    145950,      0.676949,CP8_after_OBC,   1,    0.0000000000E+00,    1.8923794554E+02,    1.8923794554E+02,    0.0000000000E+00,    0.0000000000E+00,    0.0000000000E+00,    1.8923794554E+02
    145950,      0.676949,CP9_after_PTsource,   1,    0.0000000000E+00,    1.8923794554E+02,    1.8923794554E+02,    0.0000000000E+00,    0.0000000000E+00,    0.0000000000E+00,    1.8923794554E+02
    145950,      0.676949,CP10_after_neg_clamp,   1,    0.0000000000E+00,    1.8923794554E+02,    1.8923794554E+02,    0.0000000000E+00,    0.0000000000E+00,    0.0000000000E+00,    1.8923794554E+02
    145950,      0.676949,CP11_after_MPI,   1,    0.0000000000E+00,    1.8923794554E+02,    1.8923794554E+02,    0.0000000000E+00,    0.0000000000E+00,    0.0000000000E+00,    1.8923794554E+02
    145950,      0.676949,CP12_end,   1,    0.0000000000E+00,    1.8923794554E+02,    1.8923794554E+02,    0.0000000000E+00,    0.0000000000E+00,    0.0000000000E+00,    1.8923794554E+02
    146000,      0.676949,CP0_start,   1,    0.0000000000E+00,    1.8934024135E+02,    1.8934024135E+02,    0.0000000000E+00,    0.0000000000E+00,    0.0000000000E+00,    1.8934024135E+02
    146000,      0.676949,CP1_after_deposition,   1,    0.0000000000E+00,    1.8934024135E+02,    1.8934024135E+02,    0.0000000000E+00,    0.0000000000E+00,    0.0000000000E+00,    1.8934024135E+02
    146000,      0.676949,CP2_after_erosion,   1,    0.0000000000E+00,    1.8934024135E+02,    1.8934024135E+02,    0.0000000000E+00,    0.0000000000E+00,    0.0000000000E+00,    1.8934024135E+02
    146000,      0.676949,CP3_after_update_bottom,   1,    0.0000000000E+00,    1.8934024135E+02,    1.8934024135E+02,    0.0000000000E+00,    0.0000000000E+00,    0.0000000000E+00,    1.8934024135E+02
    146000,      0.676949,CP4_after_advection,   1,    0.0000000000E+00,    1.8934846417E+02,    1.8934846417E+02,    0.0000000000E+00,    0.0000000000E+00,    0.0000000000E+00,    1.8934846417E+02
    146000,      0.676949,CP5_after_vdif,   1,    0.0000000000E+00,    1.8934846417E+02,    1.8934846417E+02,    0.0000000000E+00,    0.0000000000E+00,    0.0000000000E+00,    1.8934846417E+02
    146000,      0.676949,CP6_after_kinetics,   1,    0.0000000000E+00,    1.8934846417E+02,    1.8934846417E+02,    0.0000000000E+00,    0.0000000000E+00,    0.0000000000E+00,    1.8934846417E+02
    146000,      0.676949,CP7_after_upper_clamp,   1,    0.0000000000E+00,    1.8934846417E+02,    1.8934846417E+02,    0.0000000000E+00,    0.0000000000E+00,    0.0000000000E+00,    1.8934846417E+02
    146000,      0.676949,CP8_after_OBC,   1,    0.0000000000E+00,    1.8934846417E+02,    1.8934846417E+02,    0.0000000000E+00,    0.0000000000E+00,    0.0000000000E+00,    1.8934846417E+02
    146000,      0.676949,CP9_after_PTsource,   1,    0.0000000000E+00,    1.8934846417E+02,    1.8934846417E+02,    0.0000000000E+00,    0.0000000000E+00,    0.0000000000E+00,    1.8934846417E+02
    146000,      0.676949,CP10_after_neg_clamp,   1,    0.0000000000E+00,    1.8934846417E+02,    1.8934846417E+02,    0.0000000000E+00,    0.0000000000E+00,    0.0000000000E+00,    1.8934846417E+02
    146000,      0.676949,CP11_after_MPI,   1,    0.0000000000E+00,    1.8934846417E+02,    1.8934846417E+02,    0.0000000000E+00,    0.0000000000E+00,    0.0000000000E+00,    1.8934846417E+02
    146000,      0.676949,CP12_end,   1,    0.0000000000E+00,    1.8934846417E+02,    1.8934846417E+02,    0.0000000000E+00,    0.0000000000E+00,    0.0000000000E+00,    1.8934846417E+02
    146050,      0.676949,CP0_start,   1,    0.0000000000E+00,    1.8944982120E+02,    1.8944982120E+02,    0.0000000000E+00,    0.0000000000E+00,    0.0000000000E+00,    1.8944982120E+02
    146050,      0.676949,CP1_after_deposition,   1,    0.0000000000E+00,    1.8944982120E+02,    1.8944982120E+02,    0.0000000000E+00,    0.0000000000E+00,    0.0000000000E+00,    1.8944982120E+02
    146050,      0.676949,CP2_after_erosion,   1,    0.0000000000E+00,    1.8944982120E+02,    1.8944982120E+02,    0.0000000000E+00,    0.0000000000E+00,    0.0000000000E+00,    1.8944982120E+02
    146050,      0.676949,CP3_after_update_bottom,   1,    0.0000000000E+00,    1.8944982120E+02,    1.8944982120E+02,    0.0000000000E+00,    0.0000000000E+00,    0.0000000000E+00,    1.8944982120E+02
    146050,      0.676949,CP4_after_advection,   1,    0.0000000000E+00,    1.8945799798E+02,    1.8945799798E+02,    0.0000000000E+00,    0.0000000000E+00,    0.0000000000E+00,    1.8945799798E+02
    146050,      0.676949,CP5_after_vdif,   1,    0.0000000000E+00,    1.8945799798E+02,    1.8945799798E+02,    0.0000000000E+00,    0.0000000000E+00,    0.0000000000E+00,    1.8945799798E+02
    146050,      0.676949,CP6_after_kinetics,   1,    0.0000000000E+00,    1.8945799798E+02,    1.8945799798E+02,    0.0000000000E+00,    0.0000000000E+00,    0.0000000000E+00,    1.8945799798E+02
    146050,      0.676949,CP7_after_upper_clamp,   1,    0.0000000000E+00,    1.8945799798E+02,    1.8945799798E+02,    0.0000000000E+00,    0.0000000000E+00,    0.0000000000E+00,    1.8945799798E+02
    146050,      0.676949,CP8_after_OBC,   1,    0.0000000000E+00,    1.8945799798E+02,    1.8945799798E+02,    0.0000000000E+00,    0.0000000000E+00,    0.0000000000E+00,    1.8945799798E+02
    146050,      0.676949,CP9_after_PTsource,   1,    0.0000000000E+00,    1.8945799798E+02,    1.8945799798E+02,    0.0000000000E+00,    0.0000000000E+00,    0.0000000000E+00,    1.8945799798E+02
    146050,      0.676949,CP10_after_neg_clamp,   1,    0.0000000000E+00,    1.8945799798E+02,    1.8945799798E+02,    0.0000000000E+00,    0.0000000000E+00,    0.0000000000E+00,    1.8945799798E+02
    146050,      0.676949,CP11_after_MPI,   1,    0.0000000000E+00,    1.8945799798E+02,    1.8945799798E+02,    0.0000000000E+00,    0.0000000000E+00,    0.0000000000E+00,    1.8945799798E+02
    146050,      0.676949,CP12_end,   1,    0.0000000000E+00,    1.8945799798E+02,    1.8945799798E+02,    0.0000000000E+00,    0.0000000000E+00,    0.0000000000E+00,    1.8945799798E+02
    146100,      0.676949,CP0_start,   1,    0.0000000000E+00,    1.8955862043E+02,    1.8955862043E+02,    0.0000000000E+00,    0.0000000000E+00,    0.0000000000E+00,    1.8955862043E+02
    146100,      0.676949,CP1_after_deposition,   1,    0.0000000000E+00,    1.8955862043E+02,    1.8955862043E+02,    0.0000000000E+00,    0.0000000000E+00,    0.0000000000E+00,    1.8955862043E+02
    146100,      0.676949,CP2_after_erosion,   1,    0.0000000000E+00,    1.8955862043E+02,    1.8955862043E+02,    0.0000000000E+00,    0.0000000000E+00,    0.0000000000E+00,    1.8955862043E+02
    146100,      0.676949,CP3_after_update_bottom,   1,    0.0000000000E+00,    1.8955862043E+02,    1.8955862043E+02,    0.0000000000E+00,    0.0000000000E+00,    0.0000000000E+00,    1.8955862043E+02
    146100,      0.676949,CP4_after_advection,   1,    0.0000000000E+00,    1.8956675498E+02,    1.8956675498E+02,    0.0000000000E+00,    0.0000000000E+00,    0.0000000000E+00,    1.8956675498E+02
    146100,      0.676949,CP5_after_vdif,   1,    0.0000000000E+00,    1.8956675498E+02,    1.8956675498E+02,    0.0000000000E+00,    0.0000000000E+00,    0.0000000000E+00,    1.8956675498E+02
    146100,      0.676949,CP6_after_kinetics,   1,    0.0000000000E+00,    1.8956675498E+02,    1.8956675498E+02,    0.0000000000E+00,    0.0000000000E+00,    0.0000000000E+00,    1.8956675498E+02
    146100,      0.676949,CP7_after_upper_clamp,   1,    0.0000000000E+00,    1.8956675498E+02,    1.8956675498E+02,    0.0000000000E+00,    0.0000000000E+00,    0.0000000000E+00,    1.8956675498E+02
    146100,      0.676949,CP8_after_OBC,   1,    0.0000000000E+00,    1.8956675498E+02,    1.8956675498E+02,    0.0000000000E+00,    0.0000000000E+00,    0.0000000000E+00,    1.8956675498E+02
    146100,      0.676949,CP9_after_PTsource,   1,    0.0000000000E+00,    1.8956675498E+02,    1.8956675498E+02,    0.0000000000E+00,    0.0000000000E+00,    0.0000000000E+00,    1.8956675498E+02
    146100,      0.676949,CP10_after_neg_clamp,   1,    0.0000000000E+00,    1.8956675498E+02,    1.8956675498E+02,    0.0000000000E+00,    0.0000000000E+00,    0.0000000000E+00,    1.8956675498E+02
    146100,      0.676949,CP11_after_MPI,   1,    0.0000000000E+00,    1.8956675498E+02,    1.8956675498E+02,    0.0000000000E+00,    0.0000000000E+00,    0.0000000000E+00,    1.8956675498E+02
    146100,      0.676949,CP12_end,   1,    0.0000000000E+00,    1.8956675498E+02,    1.8956675498E+02,    0.0000000000E+00,    0.0000000000E+00,    0.0000000000E+00,    1.8956675498E+02
    146150,      0.676949,CP0_start,   1,    0.0000000000E+00,    1.8966689999E+02,    1.8966689999E+02,    0.0000000000E+00,    0.0000000000E+00,    0.0000000000E+00,    1.8966689999E+02
    146150,      0.676949,CP1_after_deposition,   1,    0.0000000000E+00,    1.8966689999E+02,    1.8966689999E+02,    0.0000000000E+00,    0.0000000000E+00,    0.0000000000E+00,    1.8966689999E+02
    146150,      0.676949,CP2_after_erosion,   1,    0.0000000000E+00,    1.8966689999E+02,    1.8966689999E+02,    0.0000000000E+00,    0.0000000000E+00,    0.0000000000E+00,    1.8966689999E+02
    146150,      0.676949,CP3_after_update_bottom,   1,    0.0000000000E+00,    1.8966689999E+02,    1.8966689999E+02,    0.0000000000E+00,    0.0000000000E+00,    0.0000000000E+00,    1.8966689999E+02
    146150,      0.676949,CP4_after_advection,   1,    0.0000000000E+00,    1.8967499501E+02,    1.8967499501E+02,    0.0000000000E+00,    0.0000000000E+00,    0.0000000000E+00,    1.8967499501E+02
    146150,      0.676949,CP5_after_vdif,   1,    0.0000000000E+00,    1.8967499501E+02,    1.8967499501E+02,    0.0000000000E+00,    0.0000000000E+00,    0.0000000000E+00,    1.8967499501E+02
    146150,      0.676949,CP6_after_kinetics,   1,    0.0000000000E+00,    1.8967499501E+02,    1.8967499501E+02,    0.0000000000E+00,    0.0000000000E+00,    0.0000000000E+00,    1.8967499501E+02
    146150,      0.676949,CP7_after_upper_clamp,   1,    0.0000000000E+00,    1.8967499501E+02,    1.8967499501E+02,    0.0000000000E+00,    0.0000000000E+00,    0.0000000000E+00,    1.8967499501E+02
    146150,      0.676949,CP8_after_OBC,   1,    0.0000000000E+00,    1.8967499501E+02,    1.8967499501E+02,    0.0000000000E+00,    0.0000000000E+00,    0.0000000000E+00,    1.8967499501E+02
    146150,      0.676949,CP9_after_PTsource,   1,    0.0000000000E+00,    1.8967499501E+02,    1.8967499501E+02,    0.0000000000E+00,    0.0000000000E+00,    0.0000000000E+00,    1.8967499501E+02
    146150,      0.676949,CP10_after_neg_clamp,   1,    0.0000000000E+00,    1.8967499501E+02,    1.8967499501E+02,    0.0000000000E+00,    0.0000000000E+00,    0.0000000000E+00,    1.8967499501E+02
    146150,      0.676949,CP11_after_MPI,   1,    0.0000000000E+00,    1.8967499501E+02,    1.8967499501E+02,    0.0000000000E+00,    0.0000000000E+00,    0.0000000000E+00,    1.8967499501E+02
    146150,      0.676949,CP12_end,   1,    0.0000000000E+00,    1.8967499501E+02,    1.8967499501E+02,    0.0000000000E+00,    0.0000000000E+00,    0.0000000000E+00,    1.8967499501E+02
    146200,      0.676949,CP0_start,   1,    0.0000000000E+00,    1.8977498070E+02,    1.8977498070E+02,    0.0000000000E+00,    0.0000000000E+00,    0.0000000000E+00,    1.8977498070E+02
    146200,      0.676949,CP1_after_deposition,   1,    0.0000000000E+00,    1.8977498070E+02,    1.8977498070E+02,    0.0000000000E+00,    0.0000000000E+00,    0.0000000000E+00,    1.8977498070E+02
    146200,      0.676949,CP2_after_erosion,   1,    0.0000000000E+00,    1.8977498070E+02,    1.8977498070E+02,    0.0000000000E+00,    0.0000000000E+00,    0.0000000000E+00,    1.8977498070E+02
    146200,      0.676949,CP3_after_update_bottom,   1,    0.0000000000E+00,    1.8977498070E+02,    1.8977498070E+02,    0.0000000000E+00,    0.0000000000E+00,    0.0000000000E+00,    1.8977498070E+02
    146200,      0.676949,CP4_after_advection,   1,    0.0000000000E+00,    1.8978304688E+02,    1.8978304688E+02,    0.0000000000E+00,    0.0000000000E+00,    0.0000000000E+00,    1.8978304688E+02
    146200,      0.676949,CP5_after_vdif,   1,    0.0000000000E+00,    1.8978304688E+02,    1.8978304688E+02,    0.0000000000E+00,    0.0000000000E+00,    0.0000000000E+00,    1.8978304688E+02
    146200,      0.676949,CP6_after_kinetics,   1,    0.0000000000E+00,    1.8978304688E+02,    1.8978304688E+02,    0.0000000000E+00,    0.0000000000E+00,    0.0000000000E+00,    1.8978304688E+02
    146200,      0.676949,CP7_after_upper_clamp,   1,    0.0000000000E+00,    1.8978304688E+02,    1.8978304688E+02,    0.0000000000E+00,    0.0000000000E+00,    0.0000000000E+00,    1.8978304688E+02
    146200,      0.676949,CP8_after_OBC,   1,    0.0000000000E+00,    1.8978304688E+02,    1.8978304688E+02,    0.0000000000E+00,    0.0000000000E+00,    0.0000000000E+00,    1.8978304688E+02
    146200,      0.676949,CP9_after_PTsource,   1,    0.0000000000E+00,    1.8978304688E+02,    1.8978304688E+02,    0.0000000000E+00,    0.0000000000E+00,    0.0000000000E+00,    1.8978304688E+02
    146200,      0.676949,CP10_after_neg_clamp,   1,    0.0000000000E+00,    1.8978304688E+02,    1.8978304688E+02,    0.0000000000E+00,    0.0000000000E+00,    0.0000000000E+00,    1.8978304688E+02
    146200,      0.676949,CP11_after_MPI,   1,    0.0000000000E+00,    1.8978304688E+02,    1.8978304688E+02,    0.0000000000E+00,    0.0000000000E+00,    0.0000000000E+00,    1.8978304688E+02
    146200,      0.676949,CP12_end,   1,    0.0000000000E+00,    1.8978304688E+02,    1.8978304688E+02,    0.0000000000E+00,    0.0000000000E+00,    0.0000000000E+00,    1.8978304688E+02
    146250,      0.676949,CP0_start,   1,    0.0000000000E+00,    1.8988332352E+02,    1.8988332352E+02,    0.0000000000E+00,    0.0000000000E+00,    0.0000000000E+00,    1.8988332352E+02
    146250,      0.676949,CP1_after_deposition,   1,    0.0000000000E+00,    1.8988332352E+02,    1.8988332352E+02,    0.0000000000E+00,    0.0000000000E+00,    0.0000000000E+00,    1.8988332352E+02
    146250,      0.676949,CP2_after_erosion,   1,    0.0000000000E+00,    1.8988332352E+02,    1.8988332352E+02,    0.0000000000E+00,    0.0000000000E+00,    0.0000000000E+00,    1.8988332352E+02
    146250,      0.676949,CP3_after_update_bottom,   1,    0.0000000000E+00,    1.8988332352E+02,    1.8988332352E+02,    0.0000000000E+00,    0.0000000000E+00,    0.0000000000E+00,    1.8988332352E+02
    146250,      0.676949,CP4_after_advection,   1,    0.0000000000E+00,    1.8989136972E+02,    1.8989136972E+02,    0.0000000000E+00,    0.0000000000E+00,    0.0000000000E+00,    1.8989136972E+02
    146250,      0.676949,CP5_after_vdif,   1,    0.0000000000E+00,    1.8989136972E+02,    1.8989136972E+02,    0.0000000000E+00,    0.0000000000E+00,    0.0000000000E+00,    1.8989136972E+02
    146250,      0.676949,CP6_after_kinetics,   1,    0.0000000000E+00,    1.8989136972E+02,    1.8989136972E+02,    0.0000000000E+00,    0.0000000000E+00,    0.0000000000E+00,    1.8989136972E+02
    146250,      0.676949,CP7_after_upper_clamp,   1,    0.0000000000E+00,    1.8989136972E+02,    1.8989136972E+02,    0.0000000000E+00,    0.0000000000E+00,    0.0000000000E+00,    1.8989136972E+02
    146250,      0.676949,CP8_after_OBC,   1,    0.0000000000E+00,    1.8989136972E+02,    1.8989136972E+02,    0.0000000000E+00,    0.0000000000E+00,    0.0000000000E+00,    1.8989136972E+02
    146250,      0.676949,CP9_after_PTsource,   1,    0.0000000000E+00,    1.8989136972E+02,    1.8989136972E+02,    0.0000000000E+00,    0.0000000000E+00,    0.0000000000E+00,    1.8989136972E+02
    146250,      0.676949,CP10_after_neg_clamp,   1,    0.0000000000E+00,    1.8989136972E+02,    1.8989136972E+02,    0.0000000000E+00,    0.0000000000E+00,    0.0000000000E+00,    1.8989136972E+02
    146250,      0.676949,CP11_after_MPI,   1,    0.0000000000E+00,    1.8989136972E+02,    1.8989136972E+02,    0.0000000000E+00,    0.0000000000E+00,    0.0000000000E+00,    1.8989136972E+02
    146250,      0.676949,CP12_end,   1,    0.0000000000E+00,    1.8989136972E+02,    1.8989136972E+02,    0.0000000000E+00,    0.0000000000E+00,    0.0000000000E+00,    1.8989136972E+02
    146300,      0.676949,CP0_start,   1,    0.0000000000E+00,    1.8999228692E+02,    1.8999228692E+02,    0.0000000000E+00,    0.0000000000E+00,    0.0000000000E+00,    1.8999228692E+02
    146300,      0.676949,CP1_after_deposition,   1,    0.0000000000E+00,    1.8999228692E+02,    1.8999228692E+02,    0.0000000000E+00,    0.0000000000E+00,    0.0000000000E+00,    1.8999228692E+02
    146300,      0.676949,CP2_after_erosion,   1,    0.0000000000E+00,    1.8999228692E+02,    1.8999228692E+02,    0.0000000000E+00,    0.0000000000E+00,    0.0000000000E+00,    1.8999228692E+02
    146300,      0.676949,CP3_after_update_bottom,   1,    0.0000000000E+00,    1.8999228692E+02,    1.8999228692E+02,    0.0000000000E+00,    0.0000000000E+00,    0.0000000000E+00,    1.8999228692E+02
    146300,      0.676949,CP4_after_advection,   1,    0.0000000000E+00,    1.9000031939E+02,    1.9000031939E+02,    0.0000000000E+00,    0.0000000000E+00,    0.0000000000E+00,    1.9000031939E+02
    146300,      0.676949,CP5_after_vdif,   1,    0.0000000000E+00,    1.9000031939E+02,    1.9000031939E+02,    0.0000000000E+00,    0.0000000000E+00,    0.0000000000E+00,    1.9000031939E+02
    146300,      0.676949,CP6_after_kinetics,   1,    0.0000000000E+00,    1.9000031939E+02,    1.9000031939E+02,    0.0000000000E+00,    0.0000000000E+00,    0.0000000000E+00,    1.9000031939E+02
    146300,      0.676949,CP7_after_upper_clamp,   1,    0.0000000000E+00,    1.9000031939E+02,    1.9000031939E+02,    0.0000000000E+00,    0.0000000000E+00,    0.0000000000E+00,    1.9000031939E+02
    146300,      0.676949,CP8_after_OBC,   1,    0.0000000000E+00,    1.9000031939E+02,    1.9000031939E+02,    0.0000000000E+00,    0.0000000000E+00,    0.0000000000E+00,    1.9000031939E+02
    146300,      0.676949,CP9_after_PTsource,   1,    0.0000000000E+00,    1.9000031939E+02,    1.9000031939E+02,    0.0000000000E+00,    0.0000000000E+00,    0.0000000000E+00,    1.9000031939E+02
    146300,      0.676949,CP10_after_neg_clamp,   1,    0.0000000000E+00,    1.9000031939E+02,    1.9000031939E+02,    0.0000000000E+00,    0.0000000000E+00,    0.0000000000E+00,    1.9000031939E+02
    146300,      0.676949,CP11_after_MPI,   1,    0.0000000000E+00,    1.9000031939E+02,    1.9000031939E+02,    0.0000000000E+00,    0.0000000000E+00,    0.0000000000E+00,    1.9000031939E+02
    146300,      0.676949,CP12_end,   1,    0.0000000000E+00,    1.9000031939E+02,    1.9000031939E+02,    0.0000000000E+00,    0.0000000000E+00,    0.0000000000E+00,    1.9000031939E+02
    146350,      0.676949,CP0_start,   1,    0.0000000000E+00,    1.9010224398E+02,    1.9010224398E+02,    0.0000000000E+00,    0.0000000000E+00,    0.0000000000E+00,    1.9010224398E+02
    146350,      0.676949,CP1_after_deposition,   1,    0.0000000000E+00,    1.9010224398E+02,    1.9010224398E+02,    0.0000000000E+00,    0.0000000000E+00,    0.0000000000E+00,    1.9010224398E+02
    146350,      0.676949,CP2_after_erosion,   1,    0.0000000000E+00,    1.9010224398E+02,    1.9010224398E+02,    0.0000000000E+00,    0.0000000000E+00,    0.0000000000E+00,    1.9010224398E+02
    146350,      0.676949,CP3_after_update_bottom,   1,    0.0000000000E+00,    1.9010224398E+02,    1.9010224398E+02,    0.0000000000E+00,    0.0000000000E+00,    0.0000000000E+00,    1.9010224398E+02
    146350,      0.676949,CP4_after_advection,   1,    0.0000000000E+00,    1.9011026739E+02,    1.9011026739E+02,    0.0000000000E+00,    0.0000000000E+00,    0.0000000000E+00,    1.9011026739E+02
    146350,      0.676949,CP5_after_vdif,   1,    0.0000000000E+00,    1.9011026739E+02,    1.9011026739E+02,    0.0000000000E+00,    0.0000000000E+00,    0.0000000000E+00,    1.9011026739E+02
    146350,      0.676949,CP6_after_kinetics,   1,    0.0000000000E+00,    1.9011026739E+02,    1.9011026739E+02,    0.0000000000E+00,    0.0000000000E+00,    0.0000000000E+00,    1.9011026739E+02
    146350,      0.676949,CP7_after_upper_clamp,   1,    0.0000000000E+00,    1.9011026739E+02,    1.9011026739E+02,    0.0000000000E+00,    0.0000000000E+00,    0.0000000000E+00,    1.9011026739E+02
    146350,      0.676949,CP8_after_OBC,   1,    0.0000000000E+00,    1.9011026739E+02,    1.9011026739E+02,    0.0000000000E+00,    0.0000000000E+00,    0.0000000000E+00,    1.9011026739E+02
    146350,      0.676949,CP9_after_PTsource,   1,    0.0000000000E+00,    1.9011026739E+02,    1.9011026739E+02,    0.0000000000E+00,    0.0000000000E+00,    0.0000000000E+00,    1.9011026739E+02
    146350,      0.676949,CP10_after_neg_clamp,   1,    0.0000000000E+00,    1.9011026739E+02,    1.9011026739E+02,    0.0000000000E+00,    0.0000000000E+00,    0.0000000000E+00,    1.9011026739E+02
    146350,      0.676949,CP11_after_MPI,   1,    0.0000000000E+00,    1.9011026739E+02,    1.9011026739E+02,    0.0000000000E+00,    0.0000000000E+00,    0.0000000000E+00,    1.9011026739E+02
    146350,      0.676949,CP12_end,   1,    0.0000000000E+00,    1.9011026739E+02,    1.9011026739E+02,    0.0000000000E+00,    0.0000000000E+00,    0.0000000000E+00,    1.9011026739E+02
    146400,      0.676949,CP0_start,   1,    0.0000000000E+00,    1.9021344009E+02,    1.9021344009E+02,    0.0000000000E+00,    0.0000000000E+00,    0.0000000000E+00,    1.9021344009E+02
    146400,      0.676949,CP1_after_deposition,   1,    0.0000000000E+00,    1.9021344009E+02,    1.9021344009E+02,    0.0000000000E+00,    0.0000000000E+00,    0.0000000000E+00,    1.9021344009E+02
    146400,      0.676949,CP2_after_erosion,   1,    0.0000000000E+00,    1.9021344009E+02,    1.9021344009E+02,    0.0000000000E+00,    0.0000000000E+00,    0.0000000000E+00,    1.9021344009E+02
    146400,      0.676949,CP3_after_update_bottom,   1,    0.0000000000E+00,    1.9021344009E+02,    1.9021344009E+02,    0.0000000000E+00,    0.0000000000E+00,    0.0000000000E+00,    1.9021344009E+02
    146400,      0.676949,CP4_after_advection,   1,    0.0000000000E+00,    1.9022145633E+02,    1.9022145633E+02,    0.0000000000E+00,    0.0000000000E+00,    0.0000000000E+00,    1.9022145633E+02
    146400,      0.676949,CP5_after_vdif,   1,    0.0000000000E+00,    1.9022145633E+02,    1.9022145633E+02,    0.0000000000E+00,    0.0000000000E+00,    0.0000000000E+00,    1.9022145633E+02
    146400,      0.676949,CP6_after_kinetics,   1,    0.0000000000E+00,    1.9022145633E+02,    1.9022145633E+02,    0.0000000000E+00,    0.0000000000E+00,    0.0000000000E+00,    1.9022145633E+02
    146400,      0.676949,CP7_after_upper_clamp,   1,    0.0000000000E+00,    1.9022145633E+02,    1.9022145633E+02,    0.0000000000E+00,    0.0000000000E+00,    0.0000000000E+00,    1.9022145633E+02
    146400,      0.676949,CP8_after_OBC,   1,    0.0000000000E+00,    1.9022145633E+02,    1.9022145633E+02,    0.0000000000E+00,    0.0000000000E+00,    0.0000000000E+00,    1.9022145633E+02
    146400,      0.676949,CP9_after_PTsource,   1,    0.0000000000E+00,    1.9022145633E+02,    1.9022145633E+02,    0.0000000000E+00,    0.0000000000E+00,    0.0000000000E+00,    1.9022145633E+02
    146400,      0.676949,CP10_after_neg_clamp,   1,    0.0000000000E+00,    1.9022145633E+02,    1.9022145633E+02,    0.0000000000E+00,    0.0000000000E+00,    0.0000000000E+00,    1.9022145633E+02
    146400,      0.676949,CP11_after_MPI,   1,    0.0000000000E+00,    1.9022145633E+02,    1.9022145633E+02,    0.0000000000E+00,    0.0000000000E+00,    0.0000000000E+00,    1.9022145633E+02
    146400,      0.676949,CP12_end,   1,    0.0000000000E+00,    1.9022145633E+02,    1.9022145633E+02,    0.0000000000E+00,    0.0000000000E+00,    0.0000000000E+00,    1.9022145633E+02
    146450,      0.676949,CP0_start,   1,    0.0000000000E+00,    1.9032605289E+02,    1.9032605289E+02,    0.0000000000E+00,    0.0000000000E+00,    0.0000000000E+00,    1.9032605289E+02
    146450,      0.676949,CP1_after_deposition,   1,    0.0000000000E+00,    1.9032605289E+02,    1.9032605289E+02,    0.0000000000E+00,    0.0000000000E+00,    0.0000000000E+00,    1.9032605289E+02
    146450,      0.676949,CP2_after_erosion,   1,    0.0000000000E+00,    1.9032605289E+02,    1.9032605289E+02,    0.0000000000E+00,    0.0000000000E+00,    0.0000000000E+00,    1.9032605289E+02
    146450,      0.676949,CP3_after_update_bottom,   1,    0.0000000000E+00,    1.9032605289E+02,    1.9032605289E+02,    0.0000000000E+00,    0.0000000000E+00,    0.0000000000E+00,    1.9032605289E+02
    146450,      0.676949,CP4_after_advection,   1,    0.0000000000E+00,    1.9033406793E+02,    1.9033406793E+02,    0.0000000000E+00,    0.0000000000E+00,    0.0000000000E+00,    1.9033406793E+02
    146450,      0.676949,CP5_after_vdif,   1,    0.0000000000E+00,    1.9033406793E+02,    1.9033406793E+02,    0.0000000000E+00,    0.0000000000E+00,    0.0000000000E+00,    1.9033406793E+02
    146450,      0.676949,CP6_after_kinetics,   1,    0.0000000000E+00,    1.9033406793E+02,    1.9033406793E+02,    0.0000000000E+00,    0.0000000000E+00,    0.0000000000E+00,    1.9033406793E+02
    146450,      0.676949,CP7_after_upper_clamp,   1,    0.0000000000E+00,    1.9033406793E+02,    1.9033406793E+02,    0.0000000000E+00,    0.0000000000E+00,    0.0000000000E+00,    1.9033406793E+02
    146450,      0.676949,CP8_after_OBC,   1,    0.0000000000E+00,    1.9033406793E+02,    1.9033406793E+02,    0.0000000000E+00,    0.0000000000E+00,    0.0000000000E+00,    1.9033406793E+02
    146450,      0.676949,CP9_after_PTsource,   1,    0.0000000000E+00,    1.9033406793E+02,    1.9033406793E+02,    0.0000000000E+00,    0.0000000000E+00,    0.0000000000E+00,    1.9033406793E+02
    146450,      0.676949,CP10_after_neg_clamp,   1,    0.0000000000E+00,    1.9033406793E+02,    1.9033406793E+02,    0.0000000000E+00,    0.0000000000E+00,    0.0000000000E+00,    1.9033406793E+02
    146450,      0.676949,CP11_after_MPI,   1,    0.0000000000E+00,    1.9033406793E+02,    1.9033406793E+02,    0.0000000000E+00,    0.0000000000E+00,    0.0000000000E+00,    1.9033406793E+02
    146450,      0.676949,CP12_end,   1,    0.0000000000E+00,    1.9033406793E+02,    1.9033406793E+02,    0.0000000000E+00,    0.0000000000E+00,    0.0000000000E+00,    1.9033406793E+02
    146500,      0.676949,CP0_start,   1,    0.0000000000E+00,    1.9044024514E+02,    1.9044024514E+02,    0.0000000000E+00,    0.0000000000E+00,    0.0000000000E+00,    1.9044024514E+02
    146500,      0.676949,CP1_after_deposition,   1,    0.0000000000E+00,    1.9044024514E+02,    1.9044024514E+02,    0.0000000000E+00,    0.0000000000E+00,    0.0000000000E+00,    1.9044024514E+02
    146500,      0.676949,CP2_after_erosion,   1,    0.0000000000E+00,    1.9044024514E+02,    1.9044024514E+02,    0.0000000000E+00,    0.0000000000E+00,    0.0000000000E+00,    1.9044024514E+02
    146500,      0.676949,CP3_after_update_bottom,   1,    0.0000000000E+00,    1.9044024514E+02,    1.9044024514E+02,    0.0000000000E+00,    0.0000000000E+00,    0.0000000000E+00,    1.9044024514E+02
    146500,      0.676949,CP4_after_advection,   1,    0.0000000000E+00,    1.9044825761E+02,    1.9044825761E+02,    0.0000000000E+00,    0.0000000000E+00,    0.0000000000E+00,    1.9044825761E+02
    146500,      0.676949,CP5_after_vdif,   1,    0.0000000000E+00,    1.9044825761E+02,    1.9044825761E+02,    0.0000000000E+00,    0.0000000000E+00,    0.0000000000E+00,    1.9044825761E+02
    146500,      0.676949,CP6_after_kinetics,   1,    0.0000000000E+00,    1.9044825761E+02,    1.9044825761E+02,    0.0000000000E+00,    0.0000000000E+00,    0.0000000000E+00,    1.9044825761E+02
    146500,      0.676949,CP7_after_upper_clamp,   1,    0.0000000000E+00,    1.9044825761E+02,    1.9044825761E+02,    0.0000000000E+00,    0.0000000000E+00,    0.0000000000E+00,    1.9044825761E+02
    146500,      0.676949,CP8_after_OBC,   1,    0.0000000000E+00,    1.9044825761E+02,    1.9044825761E+02,    0.0000000000E+00,    0.0000000000E+00,    0.0000000000E+00,    1.9044825761E+02
    146500,      0.676949,CP9_after_PTsource,   1,    0.0000000000E+00,    1.9044825761E+02,    1.9044825761E+02,    0.0000000000E+00,    0.0000000000E+00,    0.0000000000E+00,    1.9044825761E+02
    146500,      0.676949,CP10_after_neg_clamp,   1,    0.0000000000E+00,    1.9044825761E+02,    1.9044825761E+02,    0.0000000000E+00,    0.0000000000E+00,    0.0000000000E+00,    1.9044825761E+02
    146500,      0.676949,CP11_after_MPI,   1,    0.0000000000E+00,    1.9044825761E+02,    1.9044825761E+02,    0.0000000000E+00,    0.0000000000E+00,    0.0000000000E+00,    1.9044825761E+02
    146500,      0.676949,CP12_end,   1,    0.0000000000E+00,    1.9044825761E+02,    1.9044825761E+02,    0.0000000000E+00,    0.0000000000E+00,    0.0000000000E+00,    1.9044825761E+02
    146550,      0.676949,CP0_start,   1,    0.0000000000E+00,    1.9055601223E+02,    1.9055601223E+02,    0.0000000000E+00,    0.0000000000E+00,    0.0000000000E+00,    1.9055601223E+02
    146550,      0.676949,CP1_after_deposition,   1,    0.0000000000E+00,    1.9055601223E+02,    1.9055601223E+02,    0.0000000000E+00,    0.0000000000E+00,    0.0000000000E+00,    1.9055601223E+02
    146550,      0.676949,CP2_after_erosion,   1,    0.0000000000E+00,    1.9055601223E+02,    1.9055601223E+02,    0.0000000000E+00,    0.0000000000E+00,    0.0000000000E+00,    1.9055601223E+02
    146550,      0.676949,CP3_after_update_bottom,   1,    0.0000000000E+00,    1.9055601223E+02,    1.9055601223E+02,    0.0000000000E+00,    0.0000000000E+00,    0.0000000000E+00,    1.9055601223E+02
    146550,      0.676949,CP4_after_advection,   1,    0.0000000000E+00,    1.9056402301E+02,    1.9056402301E+02,    0.0000000000E+00,    0.0000000000E+00,    0.0000000000E+00,    1.9056402301E+02
    146550,      0.676949,CP5_after_vdif,   1,    0.0000000000E+00,    1.9056402301E+02,    1.9056402301E+02,    0.0000000000E+00,    0.0000000000E+00,    0.0000000000E+00,    1.9056402301E+02
    146550,      0.676949,CP6_after_kinetics,   1,    0.0000000000E+00,    1.9056402301E+02,    1.9056402301E+02,    0.0000000000E+00,    0.0000000000E+00,    0.0000000000E+00,    1.9056402301E+02
    146550,      0.676949,CP7_after_upper_clamp,   1,    0.0000000000E+00,    1.9056402301E+02,    1.9056402301E+02,    0.0000000000E+00,    0.0000000000E+00,    0.0000000000E+00,    1.9056402301E+02
    146550,      0.676949,CP8_after_OBC,   1,    0.0000000000E+00,    1.9056402301E+02,    1.9056402301E+02,    0.0000000000E+00,    0.0000000000E+00,    0.0000000000E+00,    1.9056402301E+02
    146550,      0.676949,CP9_after_PTsource,   1,    0.0000000000E+00,    1.9056402301E+02,    1.9056402301E+02,    0.0000000000E+00,    0.0000000000E+00,    0.0000000000E+00,    1.9056402301E+02
    146550,      0.676949,CP10_after_neg_clamp,   1,    0.0000000000E+00,    1.9056402301E+02,    1.9056402301E+02,    0.0000000000E+00,    0.0000000000E+00,    0.0000000000E+00,    1.9056402301E+02
    146550,      0.676949,CP11_after_MPI,   1,    0.0000000000E+00,    1.9056402301E+02,    1.9056402301E+02,    0.0000000000E+00,    0.0000000000E+00,    0.0000000000E+00,    1.9056402301E+02
    146550,      0.676949,CP12_end,   1,    0.0000000000E+00,    1.9056402301E+02,    1.9056402301E+02,    0.0000000000E+00,    0.0000000000E+00,    0.0000000000E+00,    1.9056402301E+02
    146600,      0.676949,CP0_start,   1,    0.0000000000E+00,    1.9067334012E+02,    1.9067334012E+02,    0.0000000000E+00,    0.0000000000E+00,    0.0000000000E+00,    1.9067334012E+02
    146600,      0.676949,CP1_after_deposition,   1,    0.0000000000E+00,    1.9067334012E+02,    1.9067334012E+02,    0.0000000000E+00,    0.0000000000E+00,    0.0000000000E+00,    1.9067334012E+02
    146600,      0.676949,CP2_after_erosion,   1,    0.0000000000E+00,    1.9067334012E+02,    1.9067334012E+02,    0.0000000000E+00,    0.0000000000E+00,    0.0000000000E+00,    1.9067334012E+02
    146600,      0.676949,CP3_after_update_bottom,   1,    0.0000000000E+00,    1.9067334012E+02,    1.9067334012E+02,    0.0000000000E+00,    0.0000000000E+00,    0.0000000000E+00,    1.9067334012E+02
    146600,      0.676949,CP4_after_advection,   1,    0.0000000000E+00,    1.9068134908E+02,    1.9068134908E+02,    0.0000000000E+00,    0.0000000000E+00,    0.0000000000E+00,    1.9068134908E+02
    146600,      0.676949,CP5_after_vdif,   1,    0.0000000000E+00,    1.9068134908E+02,    1.9068134908E+02,    0.0000000000E+00,    0.0000000000E+00,    0.0000000000E+00,    1.9068134908E+02
    146600,      0.676949,CP6_after_kinetics,   1,    0.0000000000E+00,    1.9068134908E+02,    1.9068134908E+02,    0.0000000000E+00,    0.0000000000E+00,    0.0000000000E+00,    1.9068134908E+02
    146600,      0.676949,CP7_after_upper_clamp,   1,    0.0000000000E+00,    1.9068134908E+02,    1.9068134908E+02,    0.0000000000E+00,    0.0000000000E+00,    0.0000000000E+00,    1.9068134908E+02
    146600,      0.676949,CP8_after_OBC,   1,    0.0000000000E+00,    1.9068134908E+02,    1.9068134908E+02,    0.0000000000E+00,    0.0000000000E+00,    0.0000000000E+00,    1.9068134908E+02
    146600,      0.676949,CP9_after_PTsource,   1,    0.0000000000E+00,    1.9068134908E+02,    1.9068134908E+02,    0.0000000000E+00,    0.0000000000E+00,    0.0000000000E+00,    1.9068134908E+02
    146600,      0.676949,CP10_after_neg_clamp,   1,    0.0000000000E+00,    1.9068134908E+02,    1.9068134908E+02,    0.0000000000E+00,    0.0000000000E+00,    0.0000000000E+00,    1.9068134908E+02
    146600,      0.676949,CP11_after_MPI,   1,    0.0000000000E+00,    1.9068134908E+02,    1.9068134908E+02,    0.0000000000E+00,    0.0000000000E+00,    0.0000000000E+00,    1.9068134908E+02
    146600,      0.676949,CP12_end,   1,    0.0000000000E+00,    1.9068134908E+02,    1.9068134908E+02,    0.0000000000E+00,    0.0000000000E+00,    0.0000000000E+00,    1.9068134908E+02
    146650,      0.676949,CP0_start,   1,    0.0000000000E+00,    1.9079215641E+02,    1.9079215641E+02,    0.0000000000E+00,    0.0000000000E+00,    0.0000000000E+00,    1.9079215641E+02
    146650,      0.676949,CP1_after_deposition,   1,    0.0000000000E+00,    1.9079215641E+02,    1.9079215641E+02,    0.0000000000E+00,    0.0000000000E+00,    0.0000000000E+00,    1.9079215641E+02
    146650,      0.676949,CP2_after_erosion,   1,    0.0000000000E+00,    1.9079215641E+02,    1.9079215641E+02,    0.0000000000E+00,    0.0000000000E+00,    0.0000000000E+00,    1.9079215641E+02
    146650,      0.676949,CP3_after_update_bottom,   1,    0.0000000000E+00,    1.9079215641E+02,    1.9079215641E+02,    0.0000000000E+00,    0.0000000000E+00,    0.0000000000E+00,    1.9079215641E+02
    146650,      0.676949,CP4_after_advection,   1,    0.0000000000E+00,    1.9080015962E+02,    1.9080015962E+02,    0.0000000000E+00,    0.0000000000E+00,    0.0000000000E+00,    1.9080015962E+02
    146650,      0.676949,CP5_after_vdif,   1,    0.0000000000E+00,    1.9080015962E+02,    1.9080015962E+02,    0.0000000000E+00,    0.0000000000E+00,    0.0000000000E+00,    1.9080015962E+02
    146650,      0.676949,CP6_after_kinetics,   1,    0.0000000000E+00,    1.9080015962E+02,    1.9080015962E+02,    0.0000000000E+00,    0.0000000000E+00,    0.0000000000E+00,    1.9080015962E+02
    146650,      0.676949,CP7_after_upper_clamp,   1,    0.0000000000E+00,    1.9080015962E+02,    1.9080015962E+02,    0.0000000000E+00,    0.0000000000E+00,    0.0000000000E+00,    1.9080015962E+02
    146650,      0.676949,CP8_after_OBC,   1,    0.0000000000E+00,    1.9080015962E+02,    1.9080015962E+02,    0.0000000000E+00,    0.0000000000E+00,    0.0000000000E+00,    1.9080015962E+02
    146650,      0.676949,CP9_after_PTsource,   1,    0.0000000000E+00,    1.9080015962E+02,    1.9080015962E+02,    0.0000000000E+00,    0.0000000000E+00,    0.0000000000E+00,    1.9080015962E+02
    146650,      0.676949,CP10_after_neg_clamp,   1,    0.0000000000E+00,    1.9080015962E+02,    1.9080015962E+02,    0.0000000000E+00,    0.0000000000E+00,    0.0000000000E+00,    1.9080015962E+02
    146650,      0.676949,CP11_after_MPI,   1,    0.0000000000E+00,    1.9080015962E+02,    1.9080015962E+02,    0.0000000000E+00,    0.0000000000E+00,    0.0000000000E+00,    1.9080015962E+02
    146650,      0.676949,CP12_end,   1,    0.0000000000E+00,    1.9080015962E+02,    1.9080015962E+02,    0.0000000000E+00,    0.0000000000E+00,    0.0000000000E+00,    1.9080015962E+02
    146700,      0.676949,CP0_start,   1,    0.0000000000E+00,    1.9091224963E+02,    1.9091224963E+02,    0.0000000000E+00,    0.0000000000E+00,    0.0000000000E+00,    1.9091224963E+02
    146700,      0.676949,CP1_after_deposition,   1,    0.0000000000E+00,    1.9091224963E+02,    1.9091224963E+02,    0.0000000000E+00,    0.0000000000E+00,    0.0000000000E+00,    1.9091224963E+02
    146700,      0.676949,CP2_after_erosion,   1,    0.0000000000E+00,    1.9091224963E+02,    1.9091224963E+02,    0.0000000000E+00,    0.0000000000E+00,    0.0000000000E+00,    1.9091224963E+02
    146700,      0.676949,CP3_after_update_bottom,   1,    0.0000000000E+00,    1.9091224963E+02,    1.9091224963E+02,    0.0000000000E+00,    0.0000000000E+00,    0.0000000000E+00,    1.9091224963E+02
    146700,      0.676949,CP4_after_advection,   1,    0.0000000000E+00,    1.9092024405E+02,    1.9092024405E+02,    0.0000000000E+00,    0.0000000000E+00,    0.0000000000E+00,    1.9092024405E+02
    146700,      0.676949,CP5_after_vdif,   1,    0.0000000000E+00,    1.9092024405E+02,    1.9092024405E+02,    0.0000000000E+00,    0.0000000000E+00,    0.0000000000E+00,    1.9092024405E+02
    146700,      0.676949,CP6_after_kinetics,   1,    0.0000000000E+00,    1.9092024405E+02,    1.9092024405E+02,    0.0000000000E+00,    0.0000000000E+00,    0.0000000000E+00,    1.9092024405E+02
    146700,      0.676949,CP7_after_upper_clamp,   1,    0.0000000000E+00,    1.9092024405E+02,    1.9092024405E+02,    0.0000000000E+00,    0.0000000000E+00,    0.0000000000E+00,    1.9092024405E+02
    146700,      0.676949,CP8_after_OBC,   1,    0.0000000000E+00,    1.9092024405E+02,    1.9092024405E+02,    0.0000000000E+00,    0.0000000000E+00,    0.0000000000E+00,    1.9092024405E+02
    146700,      0.676949,CP9_after_PTsource,   1,    0.0000000000E+00,    1.9092024405E+02,    1.9092024405E+02,    0.0000000000E+00,    0.0000000000E+00,    0.0000000000E+00,    1.9092024405E+02
    146700,      0.676949,CP10_after_neg_clamp,   1,    0.0000000000E+00,    1.9092024405E+02,    1.9092024405E+02,    0.0000000000E+00,    0.0000000000E+00,    0.0000000000E+00,    1.9092024405E+02
    146700,      0.676949,CP11_after_MPI,   1,    0.0000000000E+00,    1.9092024405E+02,    1.9092024405E+02,    0.0000000000E+00,    0.0000000000E+00,    0.0000000000E+00,    1.9092024405E+02
    146700,      0.676949,CP12_end,   1,    0.0000000000E+00,    1.9092024405E+02,    1.9092024405E+02,    0.0000000000E+00,    0.0000000000E+00,    0.0000000000E+00,    1.9092024405E+02
    146750,      0.676949,CP0_start,   1,    0.0000000000E+00,    1.9103276180E+02,    1.9103276180E+02,    0.0000000000E+00,    0.0000000000E+00,    0.0000000000E+00,    1.9103276180E+02
    146750,      0.676949,CP1_after_deposition,   1,    0.0000000000E+00,    1.9103276180E+02,    1.9103276180E+02,    0.0000000000E+00,    0.0000000000E+00,    0.0000000000E+00,    1.9103276180E+02
    146750,      0.676949,CP2_after_erosion,   1,    0.0000000000E+00,    1.9103276180E+02,    1.9103276180E+02,    0.0000000000E+00,    0.0000000000E+00,    0.0000000000E+00,    1.9103276180E+02
    146750,      0.676949,CP3_after_update_bottom,   1,    0.0000000000E+00,    1.9103276180E+02,    1.9103276180E+02,    0.0000000000E+00,    0.0000000000E+00,    0.0000000000E+00,    1.9103276180E+02
    146750,      0.676949,CP4_after_advection,   1,    0.0000000000E+00,    1.9104074339E+02,    1.9104074339E+02,    0.0000000000E+00,    0.0000000000E+00,    0.0000000000E+00,    1.9104074339E+02
    146750,      0.676949,CP5_after_vdif,   1,    0.0000000000E+00,    1.9104074339E+02,    1.9104074339E+02,    0.0000000000E+00,    0.0000000000E+00,    0.0000000000E+00,    1.9104074339E+02
    146750,      0.676949,CP6_after_kinetics,   1,    0.0000000000E+00,    1.9104074339E+02,    1.9104074339E+02,    0.0000000000E+00,    0.0000000000E+00,    0.0000000000E+00,    1.9104074339E+02
    146750,      0.676949,CP7_after_upper_clamp,   1,    0.0000000000E+00,    1.9104074339E+02,    1.9104074339E+02,    0.0000000000E+00,    0.0000000000E+00,    0.0000000000E+00,    1.9104074339E+02
    146750,      0.676949,CP8_after_OBC,   1,    0.0000000000E+00,    1.9104074339E+02,    1.9104074339E+02,    0.0000000000E+00,    0.0000000000E+00,    0.0000000000E+00,    1.9104074339E+02
    146750,      0.676949,CP9_after_PTsource,   1,    0.0000000000E+00,    1.9104074339E+02,    1.9104074339E+02,    0.0000000000E+00,    0.0000000000E+00,    0.0000000000E+00,    1.9104074339E+02
    146750,      0.676949,CP10_after_neg_clamp,   1,    0.0000000000E+00,    1.9104074339E+02,    1.9104074339E+02,    0.0000000000E+00,    0.0000000000E+00,    0.0000000000E+00,    1.9104074339E+02
    146750,      0.676949,CP11_after_MPI,   1,    0.0000000000E+00,    1.9104074339E+02,    1.9104074339E+02,    0.0000000000E+00,    0.0000000000E+00,    0.0000000000E+00,    1.9104074339E+02
    146750,      0.676949,CP12_end,   1,    0.0000000000E+00,    1.9104074339E+02,    1.9104074339E+02,    0.0000000000E+00,    0.0000000000E+00,    0.0000000000E+00,    1.9104074339E+02
    146800,      0.676949,CP0_start,   1,    0.0000000000E+00,    1.9115418461E+02,    1.9115418461E+02,    0.0000000000E+00,    0.0000000000E+00,    0.0000000000E+00,    1.9115418461E+02
    146800,      0.676949,CP1_after_deposition,   1,    0.0000000000E+00,    1.9115418461E+02,    1.9115418461E+02,    0.0000000000E+00,    0.0000000000E+00,    0.0000000000E+00,    1.9115418461E+02
    146800,      0.676949,CP2_after_erosion,   1,    0.0000000000E+00,    1.9115418461E+02,    1.9115418461E+02,    0.0000000000E+00,    0.0000000000E+00,    0.0000000000E+00,    1.9115418461E+02
    146800,      0.676949,CP3_after_update_bottom,   1,    0.0000000000E+00,    1.9115418461E+02,    1.9115418461E+02,    0.0000000000E+00,    0.0000000000E+00,    0.0000000000E+00,    1.9115418461E+02
    146800,      0.676949,CP4_after_advection,   1,    0.0000000000E+00,    1.9116214842E+02,    1.9116214842E+02,    0.0000000000E+00,    0.0000000000E+00,    0.0000000000E+00,    1.9116214842E+02
    146800,      0.676949,CP5_after_vdif,   1,    0.0000000000E+00,    1.9116214842E+02,    1.9116214842E+02,    0.0000000000E+00,    0.0000000000E+00,    0.0000000000E+00,    1.9116214842E+02
    146800,      0.676949,CP6_after_kinetics,   1,    0.0000000000E+00,    1.9116214842E+02,    1.9116214842E+02,    0.0000000000E+00,    0.0000000000E+00,    0.0000000000E+00,    1.9116214842E+02
    146800,      0.676949,CP7_after_upper_clamp,   1,    0.0000000000E+00,    1.9116214842E+02,    1.9116214842E+02,    0.0000000000E+00,    0.0000000000E+00,    0.0000000000E+00,    1.9116214842E+02
    146800,      0.676949,CP8_after_OBC,   1,    0.0000000000E+00,    1.9116214842E+02,    1.9116214842E+02,    0.0000000000E+00,    0.0000000000E+00,    0.0000000000E+00,    1.9116214842E+02
    146800,      0.676949,CP9_after_PTsource,   1,    0.0000000000E+00,    1.9116214842E+02,    1.9116214842E+02,    0.0000000000E+00,    0.0000000000E+00,    0.0000000000E+00,    1.9116214842E+02
    146800,      0.676949,CP10_after_neg_clamp,   1,    0.0000000000E+00,    1.9116214842E+02,    1.9116214842E+02,    0.0000000000E+00,    0.0000000000E+00,    0.0000000000E+00,    1.9116214842E+02
    146800,      0.676949,CP11_after_MPI,   1,    0.0000000000E+00,    1.9116214842E+02,    1.9116214842E+02,    0.0000000000E+00,    0.0000000000E+00,    0.0000000000E+00,    1.9116214842E+02
    146800,      0.676949,CP12_end,   1,    0.0000000000E+00,    1.9116214842E+02,    1.9116214842E+02,    0.0000000000E+00,    0.0000000000E+00,    0.0000000000E+00,    1.9116214842E+02
    146850,      0.676949,CP0_start,   1,    0.0000000000E+00,    1.9127633612E+02,    1.9127633612E+02,    0.0000000000E+00,    0.0000000000E+00,    0.0000000000E+00,    1.9127633612E+02
    146850,      0.676949,CP1_after_deposition,   1,    0.0000000000E+00,    1.9127633612E+02,    1.9127633612E+02,    0.0000000000E+00,    0.0000000000E+00,    0.0000000000E+00,    1.9127633612E+02
    146850,      0.676949,CP2_after_erosion,   1,    0.0000000000E+00,    1.9127633612E+02,    1.9127633612E+02,    0.0000000000E+00,    0.0000000000E+00,    0.0000000000E+00,    1.9127633612E+02
    146850,      0.676949,CP3_after_update_bottom,   1,    0.0000000000E+00,    1.9127633612E+02,    1.9127633612E+02,    0.0000000000E+00,    0.0000000000E+00,    0.0000000000E+00,    1.9127633612E+02
    146850,      0.676949,CP4_after_advection,   1,    0.0000000000E+00,    1.9128428015E+02,    1.9128428015E+02,    0.0000000000E+00,    0.0000000000E+00,    0.0000000000E+00,    1.9128428015E+02
    146850,      0.676949,CP5_after_vdif,   1,    0.0000000000E+00,    1.9128428015E+02,    1.9128428015E+02,    0.0000000000E+00,    0.0000000000E+00,    0.0000000000E+00,    1.9128428015E+02
    146850,      0.676949,CP6_after_kinetics,   1,    0.0000000000E+00,    1.9128428015E+02,    1.9128428015E+02,    0.0000000000E+00,    0.0000000000E+00,    0.0000000000E+00,    1.9128428015E+02
    146850,      0.676949,CP7_after_upper_clamp,   1,    0.0000000000E+00,    1.9128428015E+02,    1.9128428015E+02,    0.0000000000E+00,    0.0000000000E+00,    0.0000000000E+00,    1.9128428015E+02
    146850,      0.676949,CP8_after_OBC,   1,    0.0000000000E+00,    1.9128428015E+02,    1.9128428015E+02,    0.0000000000E+00,    0.0000000000E+00,    0.0000000000E+00,    1.9128428015E+02
    146850,      0.676949,CP9_after_PTsource,   1,    0.0000000000E+00,    1.9128428015E+02,    1.9128428015E+02,    0.0000000000E+00,    0.0000000000E+00,    0.0000000000E+00,    1.9128428015E+02
    146850,      0.676949,CP10_after_neg_clamp,   1,    0.0000000000E+00,    1.9128428015E+02,    1.9128428015E+02,    0.0000000000E+00,    0.0000000000E+00,    0.0000000000E+00,    1.9128428015E+02
    146850,      0.676949,CP11_after_MPI,   1,    0.0000000000E+00,    1.9128428015E+02,    1.9128428015E+02,    0.0000000000E+00,    0.0000000000E+00,    0.0000000000E+00,    1.9128428015E+02
    146850,      0.676949,CP12_end,   1,    0.0000000000E+00,    1.9128428015E+02,    1.9128428015E+02,    0.0000000000E+00,    0.0000000000E+00,    0.0000000000E+00,    1.9128428015E+02
    146900,      0.676949,CP0_start,   1,    0.0000000000E+00,    1.9139907595E+02,    1.9139907595E+02,    0.0000000000E+00,    0.0000000000E+00,    0.0000000000E+00,    1.9139907595E+02
    146900,      0.676949,CP1_after_deposition,   1,    0.0000000000E+00,    1.9139907595E+02,    1.9139907595E+02,    0.0000000000E+00,    0.0000000000E+00,    0.0000000000E+00,    1.9139907595E+02
    146900,      0.676949,CP2_after_erosion,   1,    0.0000000000E+00,    1.9139907595E+02,    1.9139907595E+02,    0.0000000000E+00,    0.0000000000E+00,    0.0000000000E+00,    1.9139907595E+02
    146900,      0.676949,CP3_after_update_bottom,   1,    0.0000000000E+00,    1.9139907595E+02,    1.9139907595E+02,    0.0000000000E+00,    0.0000000000E+00,    0.0000000000E+00,    1.9139907595E+02
    146900,      0.676949,CP4_after_advection,   1,    0.0000000000E+00,    1.9140699693E+02,    1.9140699693E+02,    0.0000000000E+00,    0.0000000000E+00,    0.0000000000E+00,    1.9140699693E+02
    146900,      0.676949,CP5_after_vdif,   1,    0.0000000000E+00,    1.9140699693E+02,    1.9140699693E+02,    0.0000000000E+00,    0.0000000000E+00,    0.0000000000E+00,    1.9140699693E+02
    146900,      0.676949,CP6_after_kinetics,   1,    0.0000000000E+00,    1.9140699693E+02,    1.9140699693E+02,    0.0000000000E+00,    0.0000000000E+00,    0.0000000000E+00,    1.9140699693E+02
    146900,      0.676949,CP7_after_upper_clamp,   1,    0.0000000000E+00,    1.9140699693E+02,    1.9140699693E+02,    0.0000000000E+00,    0.0000000000E+00,    0.0000000000E+00,    1.9140699693E+02
    146900,      0.676949,CP8_after_OBC,   1,    0.0000000000E+00,    1.9140699693E+02,    1.9140699693E+02,    0.0000000000E+00,    0.0000000000E+00,    0.0000000000E+00,    1.9140699693E+02
    146900,      0.676949,CP9_after_PTsource,   1,    0.0000000000E+00,    1.9140699693E+02,    1.9140699693E+02,    0.0000000000E+00,    0.0000000000E+00,    0.0000000000E+00,    1.9140699693E+02
    146900,      0.676949,CP10_after_neg_clamp,   1,    0.0000000000E+00,    1.9140699693E+02,    1.9140699693E+02,    0.0000000000E+00,    0.0000000000E+00,    0.0000000000E+00,    1.9140699693E+02
    146900,      0.676949,CP11_after_MPI,   1,    0.0000000000E+00,    1.9140699693E+02,    1.9140699693E+02,    0.0000000000E+00,    0.0000000000E+00,    0.0000000000E+00,    1.9140699693E+02
    146900,      0.676949,CP12_end,   1,    0.0000000000E+00,    1.9140699693E+02,    1.9140699693E+02,    0.0000000000E+00,    0.0000000000E+00,    0.0000000000E+00,    1.9140699693E+02
    146950,      0.676949,CP0_start,   1,    0.0000000000E+00,    1.9152225300E+02,    1.9152225300E+02,    0.0000000000E+00,    0.0000000000E+00,    0.0000000000E+00,    1.9152225300E+02
    146950,      0.676949,CP1_after_deposition,   1,    0.0000000000E+00,    1.9152225300E+02,    1.9152225300E+02,    0.0000000000E+00,    0.0000000000E+00,    0.0000000000E+00,    1.9152225300E+02
    146950,      0.676949,CP2_after_erosion,   1,    0.0000000000E+00,    1.9152225300E+02,    1.9152225300E+02,    0.0000000000E+00,    0.0000000000E+00,    0.0000000000E+00,    1.9152225300E+02
    146950,      0.676949,CP3_after_update_bottom,   1,    0.0000000000E+00,    1.9152225300E+02,    1.9152225300E+02,    0.0000000000E+00,    0.0000000000E+00,    0.0000000000E+00,    1.9152225300E+02
    146950,      0.676949,CP4_after_advection,   1,    0.0000000000E+00,    1.9153014901E+02,    1.9153014901E+02,    0.0000000000E+00,    0.0000000000E+00,    0.0000000000E+00,    1.9153014901E+02
    146950,      0.676949,CP5_after_vdif,   1,    0.0000000000E+00,    1.9153014901E+02,    1.9153014901E+02,    0.0000000000E+00,    0.0000000000E+00,    0.0000000000E+00,    1.9153014901E+02
    146950,      0.676949,CP6_after_kinetics,   1,    0.0000000000E+00,    1.9153014901E+02,    1.9153014901E+02,    0.0000000000E+00,    0.0000000000E+00,    0.0000000000E+00,    1.9153014901E+02
    146950,      0.676949,CP7_after_upper_clamp,   1,    0.0000000000E+00,    1.9153014901E+02,    1.9153014901E+02,    0.0000000000E+00,    0.0000000000E+00,    0.0000000000E+00,    1.9153014901E+02
    146950,      0.676949,CP8_after_OBC,   1,    0.0000000000E+00,    1.9153014901E+02,    1.9153014901E+02,    0.0000000000E+00,    0.0000000000E+00,    0.0000000000E+00,    1.9153014901E+02
    146950,      0.676949,CP9_after_PTsource,   1,    0.0000000000E+00,    1.9153014901E+02,    1.9153014901E+02,    0.0000000000E+00,    0.0000000000E+00,    0.0000000000E+00,    1.9153014901E+02
    146950,      0.676949,CP10_after_neg_clamp,   1,    0.0000000000E+00,    1.9153014901E+02,    1.9153014901E+02,    0.0000000000E+00,    0.0000000000E+00,    0.0000000000E+00,    1.9153014901E+02
    146950,      0.676949,CP11_after_MPI,   1,    0.0000000000E+00,    1.9153014901E+02,    1.9153014901E+02,    0.0000000000E+00,    0.0000000000E+00,    0.0000000000E+00,    1.9153014901E+02
    146950,      0.676949,CP12_end,   1,    0.0000000000E+00,    1.9153014901E+02,    1.9153014901E+02,    0.0000000000E+00,    0.0000000000E+00,    0.0000000000E+00,    1.9153014901E+02
    147000,      0.676949,CP0_start,   1,    0.0000000000E+00,    1.9164562477E+02,    1.9164562477E+02,    0.0000000000E+00,    0.0000000000E+00,    0.0000000000E+00,    1.9164562477E+02
    147000,      0.676949,CP1_after_deposition,   1,    0.0000000000E+00,    1.9164562477E+02,    1.9164562477E+02,    0.0000000000E+00,    0.0000000000E+00,    0.0000000000E+00,    1.9164562477E+02
    147000,      0.676949,CP2_after_erosion,   1,    0.0000000000E+00,    1.9164562477E+02,    1.9164562477E+02,    0.0000000000E+00,    0.0000000000E+00,    0.0000000000E+00,    1.9164562477E+02
    147000,      0.676949,CP3_after_update_bottom,   1,    0.0000000000E+00,    1.9164562477E+02,    1.9164562477E+02,    0.0000000000E+00,    0.0000000000E+00,    0.0000000000E+00,    1.9164562477E+02
    147000,      0.676949,CP4_after_advection,   1,    0.0000000000E+00,    1.9165349171E+02,    1.9165349171E+02,    0.0000000000E+00,    0.0000000000E+00,    0.0000000000E+00,    1.9165349171E+02
    147000,      0.676949,CP5_after_vdif,   1,    0.0000000000E+00,    1.9165349171E+02,    1.9165349171E+02,    0.0000000000E+00,    0.0000000000E+00,    0.0000000000E+00,    1.9165349171E+02
    147000,      0.676949,CP6_after_kinetics,   1,    0.0000000000E+00,    1.9165349171E+02,    1.9165349171E+02,    0.0000000000E+00,    0.0000000000E+00,    0.0000000000E+00,    1.9165349171E+02
    147000,      0.676949,CP7_after_upper_clamp,   1,    0.0000000000E+00,    1.9165349171E+02,    1.9165349171E+02,    0.0000000000E+00,    0.0000000000E+00,    0.0000000000E+00,    1.9165349171E+02
    147000,      0.676949,CP8_after_OBC,   1,    0.0000000000E+00,    1.9165349171E+02,    1.9165349171E+02,    0.0000000000E+00,    0.0000000000E+00,    0.0000000000E+00,    1.9165349171E+02
    147000,      0.676949,CP9_after_PTsource,   1,    0.0000000000E+00,    1.9165349171E+02,    1.9165349171E+02,    0.0000000000E+00,    0.0000000000E+00,    0.0000000000E+00,    1.9165349171E+02
    147000,      0.676949,CP10_after_neg_clamp,   1,    0.0000000000E+00,    1.9165349171E+02,    1.9165349171E+02,    0.0000000000E+00,    0.0000000000E+00,    0.0000000000E+00,    1.9165349171E+02
    147000,      0.676949,CP11_after_MPI,   1,    0.0000000000E+00,    1.9165349171E+02,    1.9165349171E+02,    0.0000000000E+00,    0.0000000000E+00,    0.0000000000E+00,    1.9165349171E+02
    147000,      0.676949,CP12_end,   1,    0.0000000000E+00,    1.9165349171E+02,    1.9165349171E+02,    0.0000000000E+00,    0.0000000000E+00,    0.0000000000E+00,    1.9165349171E+02
    147050,      0.676949,CP0_start,   1,    0.0000000000E+00,    1.9176914379E+02,    1.9176914379E+02,    0.0000000000E+00,    0.0000000000E+00,    0.0000000000E+00,    1.9176914379E+02
    147050,      0.676949,CP1_after_deposition,   1,    0.0000000000E+00,    1.9176914379E+02,    1.9176914379E+02,    0.0000000000E+00,    0.0000000000E+00,    0.0000000000E+00,    1.9176914379E+02
    147050,      0.676949,CP2_after_erosion,   1,    0.0000000000E+00,    1.9176914379E+02,    1.9176914379E+02,    0.0000000000E+00,    0.0000000000E+00,    0.0000000000E+00,    1.9176914379E+02
    147050,      0.676949,CP3_after_update_bottom,   1,    0.0000000000E+00,    1.9176914379E+02,    1.9176914379E+02,    0.0000000000E+00,    0.0000000000E+00,    0.0000000000E+00,    1.9176914379E+02
    147050,      0.676949,CP4_after_advection,   1,    0.0000000000E+00,    1.9177697938E+02,    1.9177697938E+02,    0.0000000000E+00,    0.0000000000E+00,    0.0000000000E+00,    1.9177697938E+02
    147050,      0.676949,CP5_after_vdif,   1,    0.0000000000E+00,    1.9177697938E+02,    1.9177697938E+02,    0.0000000000E+00,    0.0000000000E+00,    0.0000000000E+00,    1.9177697938E+02
    147050,      0.676949,CP6_after_kinetics,   1,    0.0000000000E+00,    1.9177697938E+02,    1.9177697938E+02,    0.0000000000E+00,    0.0000000000E+00,    0.0000000000E+00,    1.9177697938E+02
    147050,      0.676949,CP7_after_upper_clamp,   1,    0.0000000000E+00,    1.9177697938E+02,    1.9177697938E+02,    0.0000000000E+00,    0.0000000000E+00,    0.0000000000E+00,    1.9177697938E+02
    147050,      0.676949,CP8_after_OBC,   1,    0.0000000000E+00,    1.9177697938E+02,    1.9177697938E+02,    0.0000000000E+00,    0.0000000000E+00,    0.0000000000E+00,    1.9177697938E+02
    147050,      0.676949,CP9_after_PTsource,   1,    0.0000000000E+00,    1.9177697938E+02,    1.9177697938E+02,    0.0000000000E+00,    0.0000000000E+00,    0.0000000000E+00,    1.9177697938E+02
    147050,      0.676949,CP10_after_neg_clamp,   1,    0.0000000000E+00,    1.9177697938E+02,    1.9177697938E+02,    0.0000000000E+00,    0.0000000000E+00,    0.0000000000E+00,    1.9177697938E+02
    147050,      0.676949,CP11_after_MPI,   1,    0.0000000000E+00,    1.9177697938E+02,    1.9177697938E+02,    0.0000000000E+00,    0.0000000000E+00,    0.0000000000E+00,    1.9177697938E+02
    147050,      0.676949,CP12_end,   1,    0.0000000000E+00,    1.9177697938E+02,    1.9177697938E+02,    0.0000000000E+00,    0.0000000000E+00,    0.0000000000E+00,    1.9177697938E+02
    147100,      0.676949,CP0_start,   1,    0.0000000000E+00,    1.9189256788E+02,    1.9189256788E+02,    0.0000000000E+00,    0.0000000000E+00,    0.0000000000E+00,    1.9189256788E+02
    147100,      0.676949,CP1_after_deposition,   1,    0.0000000000E+00,    1.9189256788E+02,    1.9189256788E+02,    0.0000000000E+00,    0.0000000000E+00,    0.0000000000E+00,    1.9189256788E+02
    147100,      0.676949,CP2_after_erosion,   1,    0.0000000000E+00,    1.9189256788E+02,    1.9189256788E+02,    0.0000000000E+00,    0.0000000000E+00,    0.0000000000E+00,    1.9189256788E+02
    147100,      0.676949,CP3_after_update_bottom,   1,    0.0000000000E+00,    1.9189256788E+02,    1.9189256788E+02,    0.0000000000E+00,    0.0000000000E+00,    0.0000000000E+00,    1.9189256788E+02
    147100,      0.676949,CP4_after_advection,   1,    0.0000000000E+00,    1.9190036886E+02,    1.9190036886E+02,    0.0000000000E+00,    0.0000000000E+00,    0.0000000000E+00,    1.9190036886E+02
    147100,      0.676949,CP5_after_vdif,   1,    0.0000000000E+00,    1.9190036886E+02,    1.9190036886E+02,    0.0000000000E+00,    0.0000000000E+00,    0.0000000000E+00,    1.9190036886E+02
    147100,      0.676949,CP6_after_kinetics,   1,    0.0000000000E+00,    1.9190036886E+02,    1.9190036886E+02,    0.0000000000E+00,    0.0000000000E+00,    0.0000000000E+00,    1.9190036886E+02
    147100,      0.676949,CP7_after_upper_clamp,   1,    0.0000000000E+00,    1.9190036886E+02,    1.9190036886E+02,    0.0000000000E+00,    0.0000000000E+00,    0.0000000000E+00,    1.9190036886E+02
    147100,      0.676949,CP8_after_OBC,   1,    0.0000000000E+00,    1.9190036886E+02,    1.9190036886E+02,    0.0000000000E+00,    0.0000000000E+00,    0.0000000000E+00,    1.9190036886E+02
    147100,      0.676949,CP9_after_PTsource,   1,    0.0000000000E+00,    1.9190036886E+02,    1.9190036886E+02,    0.0000000000E+00,    0.0000000000E+00,    0.0000000000E+00,    1.9190036886E+02
    147100,      0.676949,CP10_after_neg_clamp,   1,    0.0000000000E+00,    1.9190036886E+02,    1.9190036886E+02,    0.0000000000E+00,    0.0000000000E+00,    0.0000000000E+00,    1.9190036886E+02
    147100,      0.676949,CP11_after_MPI,   1,    0.0000000000E+00,    1.9190036886E+02,    1.9190036886E+02,    0.0000000000E+00,    0.0000000000E+00,    0.0000000000E+00,    1.9190036886E+02
    147100,      0.676949,CP12_end,   1,    0.0000000000E+00,    1.9190036886E+02,    1.9190036886E+02,    0.0000000000E+00,    0.0000000000E+00,    0.0000000000E+00,    1.9190036886E+02
    147150,      0.676949,CP0_start,   1,    0.0000000000E+00,    1.9201566407E+02,    1.9201566407E+02,    0.0000000000E+00,    0.0000000000E+00,    0.0000000000E+00,    1.9201566407E+02
    147150,      0.676949,CP1_after_deposition,   1,    0.0000000000E+00,    1.9201566407E+02,    1.9201566407E+02,    0.0000000000E+00,    0.0000000000E+00,    0.0000000000E+00,    1.9201566407E+02
    147150,      0.676949,CP2_after_erosion,   1,    0.0000000000E+00,    1.9201566407E+02,    1.9201566407E+02,    0.0000000000E+00,    0.0000000000E+00,    0.0000000000E+00,    1.9201566407E+02
    147150,      0.676949,CP3_after_update_bottom,   1,    0.0000000000E+00,    1.9201566407E+02,    1.9201566407E+02,    0.0000000000E+00,    0.0000000000E+00,    0.0000000000E+00,    1.9201566407E+02
    147150,      0.676949,CP4_after_advection,   1,    0.0000000000E+00,    1.9202342981E+02,    1.9202342981E+02,    0.0000000000E+00,    0.0000000000E+00,    0.0000000000E+00,    1.9202342981E+02
    147150,      0.676949,CP5_after_vdif,   1,    0.0000000000E+00,    1.9202342981E+02,    1.9202342981E+02,    0.0000000000E+00,    0.0000000000E+00,    0.0000000000E+00,    1.9202342981E+02
    147150,      0.676949,CP6_after_kinetics,   1,    0.0000000000E+00,    1.9202342981E+02,    1.9202342981E+02,    0.0000000000E+00,    0.0000000000E+00,    0.0000000000E+00,    1.9202342981E+02
    147150,      0.676949,CP7_after_upper_clamp,   1,    0.0000000000E+00,    1.9202342981E+02,    1.9202342981E+02,    0.0000000000E+00,    0.0000000000E+00,    0.0000000000E+00,    1.9202342981E+02
    147150,      0.676949,CP8_after_OBC,   1,    0.0000000000E+00,    1.9202342981E+02,    1.9202342981E+02,    0.0000000000E+00,    0.0000000000E+00,    0.0000000000E+00,    1.9202342981E+02
    147150,      0.676949,CP9_after_PTsource,   1,    0.0000000000E+00,    1.9202342981E+02,    1.9202342981E+02,    0.0000000000E+00,    0.0000000000E+00,    0.0000000000E+00,    1.9202342981E+02
    147150,      0.676949,CP10_after_neg_clamp,   1,    0.0000000000E+00,    1.9202342981E+02,    1.9202342981E+02,    0.0000000000E+00,    0.0000000000E+00,    0.0000000000E+00,    1.9202342981E+02
    147150,      0.676949,CP11_after_MPI,   1,    0.0000000000E+00,    1.9202342981E+02,    1.9202342981E+02,    0.0000000000E+00,    0.0000000000E+00,    0.0000000000E+00,    1.9202342981E+02
    147150,      0.676949,CP12_end,   1,    0.0000000000E+00,    1.9202342981E+02,    1.9202342981E+02,    0.0000000000E+00,    0.0000000000E+00,    0.0000000000E+00,    1.9202342981E+02
    147200,      0.676949,CP0_start,   1,    0.0000000000E+00,    1.9213840032E+02,    1.9213840032E+02,    0.0000000000E+00,    0.0000000000E+00,    0.0000000000E+00,    1.9213840032E+02
    147200,      0.676949,CP1_after_deposition,   1,    0.0000000000E+00,    1.9213840032E+02,    1.9213840032E+02,    0.0000000000E+00,    0.0000000000E+00,    0.0000000000E+00,    1.9213840032E+02
    147200,      0.676949,CP2_after_erosion,   1,    0.0000000000E+00,    1.9213840032E+02,    1.9213840032E+02,    0.0000000000E+00,    0.0000000000E+00,    0.0000000000E+00,    1.9213840032E+02
    147200,      0.676949,CP3_after_update_bottom,   1,    0.0000000000E+00,    1.9213840032E+02,    1.9213840032E+02,    0.0000000000E+00,    0.0000000000E+00,    0.0000000000E+00,    1.9213840032E+02
    147200,      0.676949,CP4_after_advection,   1,    0.0000000000E+00,    1.9214612713E+02,    1.9214612713E+02,    0.0000000000E+00,    0.0000000000E+00,    0.0000000000E+00,    1.9214612713E+02
    147200,      0.676949,CP5_after_vdif,   1,    0.0000000000E+00,    1.9214612713E+02,    1.9214612713E+02,    0.0000000000E+00,    0.0000000000E+00,    0.0000000000E+00,    1.9214612713E+02
    147200,      0.676949,CP6_after_kinetics,   1,    0.0000000000E+00,    1.9214612713E+02,    1.9214612713E+02,    0.0000000000E+00,    0.0000000000E+00,    0.0000000000E+00,    1.9214612713E+02
    147200,      0.676949,CP7_after_upper_clamp,   1,    0.0000000000E+00,    1.9214612713E+02,    1.9214612713E+02,    0.0000000000E+00,    0.0000000000E+00,    0.0000000000E+00,    1.9214612713E+02
    147200,      0.676949,CP8_after_OBC,   1,    0.0000000000E+00,    1.9214612713E+02,    1.9214612713E+02,    0.0000000000E+00,    0.0000000000E+00,    0.0000000000E+00,    1.9214612713E+02
    147200,      0.676949,CP9_after_PTsource,   1,    0.0000000000E+00,    1.9214612713E+02,    1.9214612713E+02,    0.0000000000E+00,    0.0000000000E+00,    0.0000000000E+00,    1.9214612713E+02
    147200,      0.676949,CP10_after_neg_clamp,   1,    0.0000000000E+00,    1.9214612713E+02,    1.9214612713E+02,    0.0000000000E+00,    0.0000000000E+00,    0.0000000000E+00,    1.9214612713E+02
    147200,      0.676949,CP11_after_MPI,   1,    0.0000000000E+00,    1.9214612713E+02,    1.9214612713E+02,    0.0000000000E+00,    0.0000000000E+00,    0.0000000000E+00,    1.9214612713E+02
    147200,      0.676949,CP12_end,   1,    0.0000000000E+00,    1.9214612713E+02,    1.9214612713E+02,    0.0000000000E+00,    0.0000000000E+00,    0.0000000000E+00,    1.9214612713E+02
    147250,      0.676949,CP0_start,   1,    0.0000000000E+00,    1.9226064756E+02,    1.9226064756E+02,    0.0000000000E+00,    0.0000000000E+00,    0.0000000000E+00,    1.9226064756E+02
    147250,      0.676949,CP1_after_deposition,   1,    0.0000000000E+00,    1.9226064756E+02,    1.9226064756E+02,    0.0000000000E+00,    0.0000000000E+00,    0.0000000000E+00,    1.9226064756E+02
    147250,      0.676949,CP2_after_erosion,   1,    0.0000000000E+00,    1.9226064756E+02,    1.9226064756E+02,    0.0000000000E+00,    0.0000000000E+00,    0.0000000000E+00,    1.9226064756E+02
    147250,      0.676949,CP3_after_update_bottom,   1,    0.0000000000E+00,    1.9226064756E+02,    1.9226064756E+02,    0.0000000000E+00,    0.0000000000E+00,    0.0000000000E+00,    1.9226064756E+02
    147250,      0.676949,CP4_after_advection,   1,    0.0000000000E+00,    1.9226833704E+02,    1.9226833704E+02,    0.0000000000E+00,    0.0000000000E+00,    0.0000000000E+00,    1.9226833704E+02
    147250,      0.676949,CP5_after_vdif,   1,    0.0000000000E+00,    1.9226833704E+02,    1.9226833704E+02,    0.0000000000E+00,    0.0000000000E+00,    0.0000000000E+00,    1.9226833704E+02
    147250,      0.676949,CP6_after_kinetics,   1,    0.0000000000E+00,    1.9226833704E+02,    1.9226833704E+02,    0.0000000000E+00,    0.0000000000E+00,    0.0000000000E+00,    1.9226833704E+02
    147250,      0.676949,CP7_after_upper_clamp,   1,    0.0000000000E+00,    1.9226833704E+02,    1.9226833704E+02,    0.0000000000E+00,    0.0000000000E+00,    0.0000000000E+00,    1.9226833704E+02
    147250,      0.676949,CP8_after_OBC,   1,    0.0000000000E+00,    1.9226833704E+02,    1.9226833704E+02,    0.0000000000E+00,    0.0000000000E+00,    0.0000000000E+00,    1.9226833704E+02
    147250,      0.676949,CP9_after_PTsource,   1,    0.0000000000E+00,    1.9226833704E+02,    1.9226833704E+02,    0.0000000000E+00,    0.0000000000E+00,    0.0000000000E+00,    1.9226833704E+02
    147250,      0.676949,CP10_after_neg_clamp,   1,    0.0000000000E+00,    1.9226833704E+02,    1.9226833704E+02,    0.0000000000E+00,    0.0000000000E+00,    0.0000000000E+00,    1.9226833704E+02
    147250,      0.676949,CP11_after_MPI,   1,    0.0000000000E+00,    1.9226833704E+02,    1.9226833704E+02,    0.0000000000E+00,    0.0000000000E+00,    0.0000000000E+00,    1.9226833704E+02
    147250,      0.676949,CP12_end,   1,    0.0000000000E+00,    1.9226833704E+02,    1.9226833704E+02,    0.0000000000E+00,    0.0000000000E+00,    0.0000000000E+00,    1.9226833704E+02
    147300,      0.676949,CP0_start,   1,    0.0000000000E+00,    1.9238241025E+02,    1.9238241025E+02,    0.0000000000E+00,    0.0000000000E+00,    0.0000000000E+00,    1.9238241025E+02
    147300,      0.676949,CP1_after_deposition,   1,    0.0000000000E+00,    1.9238241025E+02,    1.9238241025E+02,    0.0000000000E+00,    0.0000000000E+00,    0.0000000000E+00,    1.9238241025E+02
    147300,      0.676949,CP2_after_erosion,   1,    0.0000000000E+00,    1.9238241025E+02,    1.9238241025E+02,    0.0000000000E+00,    0.0000000000E+00,    0.0000000000E+00,    1.9238241025E+02
    147300,      0.676949,CP3_after_update_bottom,   1,    0.0000000000E+00,    1.9238241025E+02,    1.9238241025E+02,    0.0000000000E+00,    0.0000000000E+00,    0.0000000000E+00,    1.9238241025E+02
    147300,      0.676949,CP4_after_advection,   1,    0.0000000000E+00,    1.9239006623E+02,    1.9239006623E+02,    0.0000000000E+00,    0.0000000000E+00,    0.0000000000E+00,    1.9239006623E+02
    147300,      0.676949,CP5_after_vdif,   1,    0.0000000000E+00,    1.9239006623E+02,    1.9239006623E+02,    0.0000000000E+00,    0.0000000000E+00,    0.0000000000E+00,    1.9239006623E+02
    147300,      0.676949,CP6_after_kinetics,   1,    0.0000000000E+00,    1.9239006623E+02,    1.9239006623E+02,    0.0000000000E+00,    0.0000000000E+00,    0.0000000000E+00,    1.9239006623E+02
    147300,      0.676949,CP7_after_upper_clamp,   1,    0.0000000000E+00,    1.9239006623E+02,    1.9239006623E+02,    0.0000000000E+00,    0.0000000000E+00,    0.0000000000E+00,    1.9239006623E+02
    147300,      0.676949,CP8_after_OBC,   1,    0.0000000000E+00,    1.9239006623E+02,    1.9239006623E+02,    0.0000000000E+00,    0.0000000000E+00,    0.0000000000E+00,    1.9239006623E+02
    147300,      0.676949,CP9_after_PTsource,   1,    0.0000000000E+00,    1.9239006623E+02,    1.9239006623E+02,    0.0000000000E+00,    0.0000000000E+00,    0.0000000000E+00,    1.9239006623E+02
    147300,      0.676949,CP10_after_neg_clamp,   1,    0.0000000000E+00,    1.9239006623E+02,    1.9239006623E+02,    0.0000000000E+00,    0.0000000000E+00,    0.0000000000E+00,    1.9239006623E+02
    147300,      0.676949,CP11_after_MPI,   1,    0.0000000000E+00,    1.9239006623E+02,    1.9239006623E+02,    0.0000000000E+00,    0.0000000000E+00,    0.0000000000E+00,    1.9239006623E+02
    147300,      0.676949,CP12_end,   1,    0.0000000000E+00,    1.9239006623E+02,    1.9239006623E+02,    0.0000000000E+00,    0.0000000000E+00,    0.0000000000E+00,    1.9239006623E+02
    147350,      0.676949,CP0_start,   1,    0.0000000000E+00,    1.9250354949E+02,    1.9250354949E+02,    0.0000000000E+00,    0.0000000000E+00,    0.0000000000E+00,    1.9250354949E+02
    147350,      0.676949,CP1_after_deposition,   1,    0.0000000000E+00,    1.9250354949E+02,    1.9250354949E+02,    0.0000000000E+00,    0.0000000000E+00,    0.0000000000E+00,    1.9250354949E+02
    147350,      0.676949,CP2_after_erosion,   1,    0.0000000000E+00,    1.9250354949E+02,    1.9250354949E+02,    0.0000000000E+00,    0.0000000000E+00,    0.0000000000E+00,    1.9250354949E+02
    147350,      0.676949,CP3_after_update_bottom,   1,    0.0000000000E+00,    1.9250354949E+02,    1.9250354949E+02,    0.0000000000E+00,    0.0000000000E+00,    0.0000000000E+00,    1.9250354949E+02
    147350,      0.676949,CP4_after_advection,   1,    0.0000000000E+00,    1.9251116337E+02,    1.9251116337E+02,    0.0000000000E+00,    0.0000000000E+00,    0.0000000000E+00,    1.9251116337E+02
    147350,      0.676949,CP5_after_vdif,   1,    0.0000000000E+00,    1.9251116337E+02,    1.9251116337E+02,    0.0000000000E+00,    0.0000000000E+00,    0.0000000000E+00,    1.9251116337E+02
    147350,      0.676949,CP6_after_kinetics,   1,    0.0000000000E+00,    1.9251116337E+02,    1.9251116337E+02,    0.0000000000E+00,    0.0000000000E+00,    0.0000000000E+00,    1.9251116337E+02
    147350,      0.676949,CP7_after_upper_clamp,   1,    0.0000000000E+00,    1.9251116337E+02,    1.9251116337E+02,    0.0000000000E+00,    0.0000000000E+00,    0.0000000000E+00,    1.9251116337E+02
    147350,      0.676949,CP8_after_OBC,   1,    0.0000000000E+00,    1.9251116337E+02,    1.9251116337E+02,    0.0000000000E+00,    0.0000000000E+00,    0.0000000000E+00,    1.9251116337E+02
    147350,      0.676949,CP9_after_PTsource,   1,    0.0000000000E+00,    1.9251116337E+02,    1.9251116337E+02,    0.0000000000E+00,    0.0000000000E+00,    0.0000000000E+00,    1.9251116337E+02
    147350,      0.676949,CP10_after_neg_clamp,   1,    0.0000000000E+00,    1.9251116337E+02,    1.9251116337E+02,    0.0000000000E+00,    0.0000000000E+00,    0.0000000000E+00,    1.9251116337E+02
    147350,      0.676949,CP11_after_MPI,   1,    0.0000000000E+00,    1.9251116337E+02,    1.9251116337E+02,    0.0000000000E+00,    0.0000000000E+00,    0.0000000000E+00,    1.9251116337E+02
    147350,      0.676949,CP12_end,   1,    0.0000000000E+00,    1.9251116337E+02,    1.9251116337E+02,    0.0000000000E+00,    0.0000000000E+00,    0.0000000000E+00,    1.9251116337E+02
    147400,      0.676949,CP0_start,   1,    0.0000000000E+00,    1.9262406465E+02,    1.9262406465E+02,    0.0000000000E+00,    0.0000000000E+00,    0.0000000000E+00,    1.9262406465E+02
    147400,      0.676949,CP1_after_deposition,   1,    0.0000000000E+00,    1.9262406465E+02,    1.9262406465E+02,    0.0000000000E+00,    0.0000000000E+00,    0.0000000000E+00,    1.9262406465E+02
    147400,      0.676949,CP2_after_erosion,   1,    0.0000000000E+00,    1.9262406465E+02,    1.9262406465E+02,    0.0000000000E+00,    0.0000000000E+00,    0.0000000000E+00,    1.9262406465E+02
    147400,      0.676949,CP3_after_update_bottom,   1,    0.0000000000E+00,    1.9262406465E+02,    1.9262406465E+02,    0.0000000000E+00,    0.0000000000E+00,    0.0000000000E+00,    1.9262406465E+02
    147400,      0.676949,CP4_after_advection,   1,    0.0000000000E+00,    1.9263163462E+02,    1.9263163462E+02,    0.0000000000E+00,    0.0000000000E+00,    0.0000000000E+00,    1.9263163462E+02
    147400,      0.676949,CP5_after_vdif,   1,    0.0000000000E+00,    1.9263163462E+02,    1.9263163462E+02,    0.0000000000E+00,    0.0000000000E+00,    0.0000000000E+00,    1.9263163462E+02
    147400,      0.676949,CP6_after_kinetics,   1,    0.0000000000E+00,    1.9263163462E+02,    1.9263163462E+02,    0.0000000000E+00,    0.0000000000E+00,    0.0000000000E+00,    1.9263163462E+02
    147400,      0.676949,CP7_after_upper_clamp,   1,    0.0000000000E+00,    1.9263163462E+02,    1.9263163462E+02,    0.0000000000E+00,    0.0000000000E+00,    0.0000000000E+00,    1.9263163462E+02
    147400,      0.676949,CP8_after_OBC,   1,    0.0000000000E+00,    1.9263163462E+02,    1.9263163462E+02,    0.0000000000E+00,    0.0000000000E+00,    0.0000000000E+00,    1.9263163462E+02
    147400,      0.676949,CP9_after_PTsource,   1,    0.0000000000E+00,    1.9263163462E+02,    1.9263163462E+02,    0.0000000000E+00,    0.0000000000E+00,    0.0000000000E+00,    1.9263163462E+02
    147400,      0.676949,CP10_after_neg_clamp,   1,    0.0000000000E+00,    1.9263163462E+02,    1.9263163462E+02,    0.0000000000E+00,    0.0000000000E+00,    0.0000000000E+00,    1.9263163462E+02
    147400,      0.676949,CP11_after_MPI,   1,    0.0000000000E+00,    1.9263163462E+02,    1.9263163462E+02,    0.0000000000E+00,    0.0000000000E+00,    0.0000000000E+00,    1.9263163462E+02
    147400,      0.676949,CP12_end,   1,    0.0000000000E+00,    1.9263163462E+02,    1.9263163462E+02,    0.0000000000E+00,    0.0000000000E+00,    0.0000000000E+00,    1.9263163462E+02
    147450,      0.676949,CP0_start,   1,    0.0000000000E+00,    1.9274394909E+02,    1.9274394909E+02,    0.0000000000E+00,    0.0000000000E+00,    0.0000000000E+00,    1.9274394909E+02
    147450,      0.676949,CP1_after_deposition,   1,    0.0000000000E+00,    1.9274394909E+02,    1.9274394909E+02,    0.0000000000E+00,    0.0000000000E+00,    0.0000000000E+00,    1.9274394909E+02
    147450,      0.676949,CP2_after_erosion,   1,    0.0000000000E+00,    1.9274394909E+02,    1.9274394909E+02,    0.0000000000E+00,    0.0000000000E+00,    0.0000000000E+00,    1.9274394909E+02
    147450,      0.676949,CP3_after_update_bottom,   1,    0.0000000000E+00,    1.9274394909E+02,    1.9274394909E+02,    0.0000000000E+00,    0.0000000000E+00,    0.0000000000E+00,    1.9274394909E+02
    147450,      0.676949,CP4_after_advection,   1,    0.0000000000E+00,    1.9275147993E+02,    1.9275147993E+02,    0.0000000000E+00,    0.0000000000E+00,    0.0000000000E+00,    1.9275147993E+02
    147450,      0.676949,CP5_after_vdif,   1,    0.0000000000E+00,    1.9275147993E+02,    1.9275147993E+02,    0.0000000000E+00,    0.0000000000E+00,    0.0000000000E+00,    1.9275147993E+02
    147450,      0.676949,CP6_after_kinetics,   1,    0.0000000000E+00,    1.9275147993E+02,    1.9275147993E+02,    0.0000000000E+00,    0.0000000000E+00,    0.0000000000E+00,    1.9275147993E+02
    147450,      0.676949,CP7_after_upper_clamp,   1,    0.0000000000E+00,    1.9275147993E+02,    1.9275147993E+02,    0.0000000000E+00,    0.0000000000E+00,    0.0000000000E+00,    1.9275147993E+02
    147450,      0.676949,CP8_after_OBC,   1,    0.0000000000E+00,    1.9275147993E+02,    1.9275147993E+02,    0.0000000000E+00,    0.0000000000E+00,    0.0000000000E+00,    1.9275147993E+02
    147450,      0.676949,CP9_after_PTsource,   1,    0.0000000000E+00,    1.9275147993E+02,    1.9275147993E+02,    0.0000000000E+00,    0.0000000000E+00,    0.0000000000E+00,    1.9275147993E+02
    147450,      0.676949,CP10_after_neg_clamp,   1,    0.0000000000E+00,    1.9275147993E+02,    1.9275147993E+02,    0.0000000000E+00,    0.0000000000E+00,    0.0000000000E+00,    1.9275147993E+02
    147450,      0.676949,CP11_after_MPI,   1,    0.0000000000E+00,    1.9275147993E+02,    1.9275147993E+02,    0.0000000000E+00,    0.0000000000E+00,    0.0000000000E+00,    1.9275147993E+02
    147450,      0.676949,CP12_end,   1,    0.0000000000E+00,    1.9275147993E+02,    1.9275147993E+02,    0.0000000000E+00,    0.0000000000E+00,    0.0000000000E+00,    1.9275147993E+02
    147500,      0.676949,CP0_start,   1,    0.0000000000E+00,    1.9286324399E+02,    1.9286324399E+02,    0.0000000000E+00,    0.0000000000E+00,    0.0000000000E+00,    1.9286324399E+02
    147500,      0.676949,CP1_after_deposition,   1,    0.0000000000E+00,    1.9286324399E+02,    1.9286324399E+02,    0.0000000000E+00,    0.0000000000E+00,    0.0000000000E+00,    1.9286324399E+02
    147500,      0.676949,CP2_after_erosion,   1,    0.0000000000E+00,    1.9286324399E+02,    1.9286324399E+02,    0.0000000000E+00,    0.0000000000E+00,    0.0000000000E+00,    1.9286324399E+02
    147500,      0.676949,CP3_after_update_bottom,   1,    0.0000000000E+00,    1.9286324399E+02,    1.9286324399E+02,    0.0000000000E+00,    0.0000000000E+00,    0.0000000000E+00,    1.9286324399E+02
    147500,      0.676949,CP4_after_advection,   1,    0.0000000000E+00,    1.9287074747E+02,    1.9287074747E+02,    0.0000000000E+00,    0.0000000000E+00,    0.0000000000E+00,    1.9287074747E+02
    147500,      0.676949,CP5_after_vdif,   1,    0.0000000000E+00,    1.9287074747E+02,    1.9287074747E+02,    0.0000000000E+00,    0.0000000000E+00,    0.0000000000E+00,    1.9287074747E+02
    147500,      0.676949,CP6_after_kinetics,   1,    0.0000000000E+00,    1.9287074747E+02,    1.9287074747E+02,    0.0000000000E+00,    0.0000000000E+00,    0.0000000000E+00,    1.9287074747E+02
    147500,      0.676949,CP7_after_upper_clamp,   1,    0.0000000000E+00,    1.9287074747E+02,    1.9287074747E+02,    0.0000000000E+00,    0.0000000000E+00,    0.0000000000E+00,    1.9287074747E+02
    147500,      0.676949,CP8_after_OBC,   1,    0.0000000000E+00,    1.9287074747E+02,    1.9287074747E+02,    0.0000000000E+00,    0.0000000000E+00,    0.0000000000E+00,    1.9287074747E+02
    147500,      0.676949,CP9_after_PTsource,   1,    0.0000000000E+00,    1.9287074747E+02,    1.9287074747E+02,    0.0000000000E+00,    0.0000000000E+00,    0.0000000000E+00,    1.9287074747E+02
    147500,      0.676949,CP10_after_neg_clamp,   1,    0.0000000000E+00,    1.9287074747E+02,    1.9287074747E+02,    0.0000000000E+00,    0.0000000000E+00,    0.0000000000E+00,    1.9287074747E+02
    147500,      0.676949,CP11_after_MPI,   1,    0.0000000000E+00,    1.9287074747E+02,    1.9287074747E+02,    0.0000000000E+00,    0.0000000000E+00,    0.0000000000E+00,    1.9287074747E+02
    147500,      0.676949,CP12_end,   1,    0.0000000000E+00,    1.9287074747E+02,    1.9287074747E+02,    0.0000000000E+00,    0.0000000000E+00,    0.0000000000E+00,    1.9287074747E+02
    147550,      0.676949,CP0_start,   1,    0.0000000000E+00,    1.9298192149E+02,    1.9298192149E+02,    0.0000000000E+00,    0.0000000000E+00,    0.0000000000E+00,    1.9298192149E+02
    147550,      0.676949,CP1_after_deposition,   1,    0.0000000000E+00,    1.9298192149E+02,    1.9298192149E+02,    0.0000000000E+00,    0.0000000000E+00,    0.0000000000E+00,    1.9298192149E+02
    147550,      0.676949,CP2_after_erosion,   1,    0.0000000000E+00,    1.9298192149E+02,    1.9298192149E+02,    0.0000000000E+00,    0.0000000000E+00,    0.0000000000E+00,    1.9298192149E+02
    147550,      0.676949,CP3_after_update_bottom,   1,    0.0000000000E+00,    1.9298192149E+02,    1.9298192149E+02,    0.0000000000E+00,    0.0000000000E+00,    0.0000000000E+00,    1.9298192149E+02
    147550,      0.676949,CP4_after_advection,   1,    0.0000000000E+00,    1.9298938866E+02,    1.9298938866E+02,    0.0000000000E+00,    0.0000000000E+00,    0.0000000000E+00,    1.9298938866E+02
    147550,      0.676949,CP5_after_vdif,   1,    0.0000000000E+00,    1.9298938866E+02,    1.9298938866E+02,    0.0000000000E+00,    0.0000000000E+00,    0.0000000000E+00,    1.9298938866E+02
    147550,      0.676949,CP6_after_kinetics,   1,    0.0000000000E+00,    1.9298938866E+02,    1.9298938866E+02,    0.0000000000E+00,    0.0000000000E+00,    0.0000000000E+00,    1.9298938866E+02
    147550,      0.676949,CP7_after_upper_clamp,   1,    0.0000000000E+00,    1.9298938866E+02,    1.9298938866E+02,    0.0000000000E+00,    0.0000000000E+00,    0.0000000000E+00,    1.9298938866E+02
    147550,      0.676949,CP8_after_OBC,   1,    0.0000000000E+00,    1.9298938866E+02,    1.9298938866E+02,    0.0000000000E+00,    0.0000000000E+00,    0.0000000000E+00,    1.9298938866E+02
    147550,      0.676949,CP9_after_PTsource,   1,    0.0000000000E+00,    1.9298938866E+02,    1.9298938866E+02,    0.0000000000E+00,    0.0000000000E+00,    0.0000000000E+00,    1.9298938866E+02
    147550,      0.676949,CP10_after_neg_clamp,   1,    0.0000000000E+00,    1.9298938866E+02,    1.9298938866E+02,    0.0000000000E+00,    0.0000000000E+00,    0.0000000000E+00,    1.9298938866E+02
    147550,      0.676949,CP11_after_MPI,   1,    0.0000000000E+00,    1.9298938866E+02,    1.9298938866E+02,    0.0000000000E+00,    0.0000000000E+00,    0.0000000000E+00,    1.9298938866E+02
    147550,      0.676949,CP12_end,   1,    0.0000000000E+00,    1.9298938866E+02,    1.9298938866E+02,    0.0000000000E+00,    0.0000000000E+00,    0.0000000000E+00,    1.9298938866E+02
    147600,      0.676949,CP0_start,   1,    0.0000000000E+00,    1.9310012363E+02,    1.9310012363E+02,    0.0000000000E+00,    0.0000000000E+00,    0.0000000000E+00,    1.9310012363E+02
    147600,      0.676949,CP1_after_deposition,   1,    0.0000000000E+00,    1.9310012363E+02,    1.9310012363E+02,    0.0000000000E+00,    0.0000000000E+00,    0.0000000000E+00,    1.9310012363E+02
    147600,      0.676949,CP2_after_erosion,   1,    0.0000000000E+00,    1.9310012363E+02,    1.9310012363E+02,    0.0000000000E+00,    0.0000000000E+00,    0.0000000000E+00,    1.9310012363E+02
    147600,      0.676949,CP3_after_update_bottom,   1,    0.0000000000E+00,    1.9310012363E+02,    1.9310012363E+02,    0.0000000000E+00,    0.0000000000E+00,    0.0000000000E+00,    1.9310012363E+02
    147600,      0.676949,CP4_after_advection,   1,    0.0000000000E+00,    1.9310755480E+02,    1.9310755480E+02,    0.0000000000E+00,    0.0000000000E+00,    0.0000000000E+00,    1.9310755480E+02
    147600,      0.676949,CP5_after_vdif,   1,    0.0000000000E+00,    1.9310755480E+02,    1.9310755480E+02,    0.0000000000E+00,    0.0000000000E+00,    0.0000000000E+00,    1.9310755480E+02
    147600,      0.676949,CP6_after_kinetics,   1,    0.0000000000E+00,    1.9310755480E+02,    1.9310755480E+02,    0.0000000000E+00,    0.0000000000E+00,    0.0000000000E+00,    1.9310755480E+02
    147600,      0.676949,CP7_after_upper_clamp,   1,    0.0000000000E+00,    1.9310755480E+02,    1.9310755480E+02,    0.0000000000E+00,    0.0000000000E+00,    0.0000000000E+00,    1.9310755480E+02
    147600,      0.676949,CP8_after_OBC,   1,    0.0000000000E+00,    1.9310755480E+02,    1.9310755480E+02,    0.0000000000E+00,    0.0000000000E+00,    0.0000000000E+00,    1.9310755480E+02
    147600,      0.676949,CP9_after_PTsource,   1,    0.0000000000E+00,    1.9310755480E+02,    1.9310755480E+02,    0.0000000000E+00,    0.0000000000E+00,    0.0000000000E+00,    1.9310755480E+02
    147600,      0.676949,CP10_after_neg_clamp,   1,    0.0000000000E+00,    1.9310755480E+02,    1.9310755480E+02,    0.0000000000E+00,    0.0000000000E+00,    0.0000000000E+00,    1.9310755480E+02
    147600,      0.676949,CP11_after_MPI,   1,    0.0000000000E+00,    1.9310755480E+02,    1.9310755480E+02,    0.0000000000E+00,    0.0000000000E+00,    0.0000000000E+00,    1.9310755480E+02
    147600,      0.676949,CP12_end,   1,    0.0000000000E+00,    1.9310755480E+02,    1.9310755480E+02,    0.0000000000E+00,    0.0000000000E+00,    0.0000000000E+00,    1.9310755480E+02
    147650,      0.676949,CP0_start,   1,    0.0000000000E+00,    1.9321784802E+02,    1.9321784802E+02,    0.0000000000E+00,    0.0000000000E+00,    0.0000000000E+00,    1.9321784802E+02
    147650,      0.676949,CP1_after_deposition,   1,    0.0000000000E+00,    1.9321784802E+02,    1.9321784802E+02,    0.0000000000E+00,    0.0000000000E+00,    0.0000000000E+00,    1.9321784802E+02
    147650,      0.676949,CP2_after_erosion,   1,    0.0000000000E+00,    1.9321784802E+02,    1.9321784802E+02,    0.0000000000E+00,    0.0000000000E+00,    0.0000000000E+00,    1.9321784802E+02
    147650,      0.676949,CP3_after_update_bottom,   1,    0.0000000000E+00,    1.9321784802E+02,    1.9321784802E+02,    0.0000000000E+00,    0.0000000000E+00,    0.0000000000E+00,    1.9321784802E+02
    147650,      0.676949,CP4_after_advection,   1,    0.0000000000E+00,    1.9322524557E+02,    1.9322524557E+02,    0.0000000000E+00,    0.0000000000E+00,    0.0000000000E+00,    1.9322524557E+02
    147650,      0.676949,CP5_after_vdif,   1,    0.0000000000E+00,    1.9322524557E+02,    1.9322524557E+02,    0.0000000000E+00,    0.0000000000E+00,    0.0000000000E+00,    1.9322524557E+02
    147650,      0.676949,CP6_after_kinetics,   1,    0.0000000000E+00,    1.9322524557E+02,    1.9322524557E+02,    0.0000000000E+00,    0.0000000000E+00,    0.0000000000E+00,    1.9322524557E+02
    147650,      0.676949,CP7_after_upper_clamp,   1,    0.0000000000E+00,    1.9322524557E+02,    1.9322524557E+02,    0.0000000000E+00,    0.0000000000E+00,    0.0000000000E+00,    1.9322524557E+02
    147650,      0.676949,CP8_after_OBC,   1,    0.0000000000E+00,    1.9322524557E+02,    1.9322524557E+02,    0.0000000000E+00,    0.0000000000E+00,    0.0000000000E+00,    1.9322524557E+02
    147650,      0.676949,CP9_after_PTsource,   1,    0.0000000000E+00,    1.9322524557E+02,    1.9322524557E+02,    0.0000000000E+00,    0.0000000000E+00,    0.0000000000E+00,    1.9322524557E+02
    147650,      0.676949,CP10_after_neg_clamp,   1,    0.0000000000E+00,    1.9322524557E+02,    1.9322524557E+02,    0.0000000000E+00,    0.0000000000E+00,    0.0000000000E+00,    1.9322524557E+02
    147650,      0.676949,CP11_after_MPI,   1,    0.0000000000E+00,    1.9322524557E+02,    1.9322524557E+02,    0.0000000000E+00,    0.0000000000E+00,    0.0000000000E+00,    1.9322524557E+02
    147650,      0.676949,CP12_end,   1,    0.0000000000E+00,    1.9322524557E+02,    1.9322524557E+02,    0.0000000000E+00,    0.0000000000E+00,    0.0000000000E+00,    1.9322524557E+02
    147700,      0.676949,CP0_start,   1,    0.0000000000E+00,    1.9333511110E+02,    1.9333511110E+02,    0.0000000000E+00,    0.0000000000E+00,    0.0000000000E+00,    1.9333511110E+02
    147700,      0.676949,CP1_after_deposition,   1,    0.0000000000E+00,    1.9333511110E+02,    1.9333511110E+02,    0.0000000000E+00,    0.0000000000E+00,    0.0000000000E+00,    1.9333511110E+02
    147700,      0.676949,CP2_after_erosion,   1,    0.0000000000E+00,    1.9333511110E+02,    1.9333511110E+02,    0.0000000000E+00,    0.0000000000E+00,    0.0000000000E+00,    1.9333511110E+02
    147700,      0.676949,CP3_after_update_bottom,   1,    0.0000000000E+00,    1.9333511110E+02,    1.9333511110E+02,    0.0000000000E+00,    0.0000000000E+00,    0.0000000000E+00,    1.9333511110E+02
    147700,      0.676949,CP4_after_advection,   1,    0.0000000000E+00,    1.9334247168E+02,    1.9334247168E+02,    0.0000000000E+00,    0.0000000000E+00,    0.0000000000E+00,    1.9334247168E+02
    147700,      0.676949,CP5_after_vdif,   1,    0.0000000000E+00,    1.9334247168E+02,    1.9334247168E+02,    0.0000000000E+00,    0.0000000000E+00,    0.0000000000E+00,    1.9334247168E+02
    147700,      0.676949,CP6_after_kinetics,   1,    0.0000000000E+00,    1.9334247168E+02,    1.9334247168E+02,    0.0000000000E+00,    0.0000000000E+00,    0.0000000000E+00,    1.9334247168E+02
    147700,      0.676949,CP7_after_upper_clamp,   1,    0.0000000000E+00,    1.9334247168E+02,    1.9334247168E+02,    0.0000000000E+00,    0.0000000000E+00,    0.0000000000E+00,    1.9334247168E+02
    147700,      0.676949,CP8_after_OBC,   1,    0.0000000000E+00,    1.9334247168E+02,    1.9334247168E+02,    0.0000000000E+00,    0.0000000000E+00,    0.0000000000E+00,    1.9334247168E+02
    147700,      0.676949,CP9_after_PTsource,   1,    0.0000000000E+00,    1.9334247168E+02,    1.9334247168E+02,    0.0000000000E+00,    0.0000000000E+00,    0.0000000000E+00,    1.9334247168E+02
    147700,      0.676949,CP10_after_neg_clamp,   1,    0.0000000000E+00,    1.9334247168E+02,    1.9334247168E+02,    0.0000000000E+00,    0.0000000000E+00,    0.0000000000E+00,    1.9334247168E+02
    147700,      0.676949,CP11_after_MPI,   1,    0.0000000000E+00,    1.9334247168E+02,    1.9334247168E+02,    0.0000000000E+00,    0.0000000000E+00,    0.0000000000E+00,    1.9334247168E+02
    147700,      0.676949,CP12_end,   1,    0.0000000000E+00,    1.9334247168E+02,    1.9334247168E+02,    0.0000000000E+00,    0.0000000000E+00,    0.0000000000E+00,    1.9334247168E+02
    147750,      0.676949,CP0_start,   1,    0.0000000000E+00,    1.9345192633E+02,    1.9345192633E+02,    0.0000000000E+00,    0.0000000000E+00,    0.0000000000E+00,    1.9345192633E+02
    147750,      0.676949,CP1_after_deposition,   1,    0.0000000000E+00,    1.9345192633E+02,    1.9345192633E+02,    0.0000000000E+00,    0.0000000000E+00,    0.0000000000E+00,    1.9345192633E+02
    147750,      0.676949,CP2_after_erosion,   1,    0.0000000000E+00,    1.9345192633E+02,    1.9345192633E+02,    0.0000000000E+00,    0.0000000000E+00,    0.0000000000E+00,    1.9345192633E+02
    147750,      0.676949,CP3_after_update_bottom,   1,    0.0000000000E+00,    1.9345192633E+02,    1.9345192633E+02,    0.0000000000E+00,    0.0000000000E+00,    0.0000000000E+00,    1.9345192633E+02
    147750,      0.676949,CP4_after_advection,   1,    0.0000000000E+00,    1.9345925322E+02,    1.9345925322E+02,    0.0000000000E+00,    0.0000000000E+00,    0.0000000000E+00,    1.9345925322E+02
    147750,      0.676949,CP5_after_vdif,   1,    0.0000000000E+00,    1.9345925322E+02,    1.9345925322E+02,    0.0000000000E+00,    0.0000000000E+00,    0.0000000000E+00,    1.9345925322E+02
    147750,      0.676949,CP6_after_kinetics,   1,    0.0000000000E+00,    1.9345925322E+02,    1.9345925322E+02,    0.0000000000E+00,    0.0000000000E+00,    0.0000000000E+00,    1.9345925322E+02
    147750,      0.676949,CP7_after_upper_clamp,   1,    0.0000000000E+00,    1.9345925322E+02,    1.9345925322E+02,    0.0000000000E+00,    0.0000000000E+00,    0.0000000000E+00,    1.9345925322E+02
    147750,      0.676949,CP8_after_OBC,   1,    0.0000000000E+00,    1.9345925322E+02,    1.9345925322E+02,    0.0000000000E+00,    0.0000000000E+00,    0.0000000000E+00,    1.9345925322E+02
    147750,      0.676949,CP9_after_PTsource,   1,    0.0000000000E+00,    1.9345925322E+02,    1.9345925322E+02,    0.0000000000E+00,    0.0000000000E+00,    0.0000000000E+00,    1.9345925322E+02
    147750,      0.676949,CP10_after_neg_clamp,   1,    0.0000000000E+00,    1.9345925322E+02,    1.9345925322E+02,    0.0000000000E+00,    0.0000000000E+00,    0.0000000000E+00,    1.9345925322E+02
    147750,      0.676949,CP11_after_MPI,   1,    0.0000000000E+00,    1.9345925322E+02,    1.9345925322E+02,    0.0000000000E+00,    0.0000000000E+00,    0.0000000000E+00,    1.9345925322E+02
    147750,      0.676949,CP12_end,   1,    0.0000000000E+00,    1.9345925322E+02,    1.9345925322E+02,    0.0000000000E+00,    0.0000000000E+00,    0.0000000000E+00,    1.9345925322E+02
    147800,      0.676949,CP0_start,   1,    0.0000000000E+00,    1.9356839578E+02,    1.9356839578E+02,    0.0000000000E+00,    0.0000000000E+00,    0.0000000000E+00,    1.9356839578E+02
    147800,      0.676949,CP1_after_deposition,   1,    0.0000000000E+00,    1.9356839578E+02,    1.9356839578E+02,    0.0000000000E+00,    0.0000000000E+00,    0.0000000000E+00,    1.9356839578E+02
    147800,      0.676949,CP2_after_erosion,   1,    0.0000000000E+00,    1.9356839578E+02,    1.9356839578E+02,    0.0000000000E+00,    0.0000000000E+00,    0.0000000000E+00,    1.9356839578E+02
    147800,      0.676949,CP3_after_update_bottom,   1,    0.0000000000E+00,    1.9356839578E+02,    1.9356839578E+02,    0.0000000000E+00,    0.0000000000E+00,    0.0000000000E+00,    1.9356839578E+02
    147800,      0.676949,CP4_after_advection,   1,    0.0000000000E+00,    1.9357569302E+02,    1.9357569302E+02,    0.0000000000E+00,    0.0000000000E+00,    0.0000000000E+00,    1.9357569302E+02
    147800,      0.676949,CP5_after_vdif,   1,    0.0000000000E+00,    1.9357569302E+02,    1.9357569302E+02,    0.0000000000E+00,    0.0000000000E+00,    0.0000000000E+00,    1.9357569302E+02
    147800,      0.676949,CP6_after_kinetics,   1,    0.0000000000E+00,    1.9357569302E+02,    1.9357569302E+02,    0.0000000000E+00,    0.0000000000E+00,    0.0000000000E+00,    1.9357569302E+02
    147800,      0.676949,CP7_after_upper_clamp,   1,    0.0000000000E+00,    1.9357569302E+02,    1.9357569302E+02,    0.0000000000E+00,    0.0000000000E+00,    0.0000000000E+00,    1.9357569302E+02
    147800,      0.676949,CP8_after_OBC,   1,    0.0000000000E+00,    1.9357569302E+02,    1.9357569302E+02,    0.0000000000E+00,    0.0000000000E+00,    0.0000000000E+00,    1.9357569302E+02
    147800,      0.676949,CP9_after_PTsource,   1,    0.0000000000E+00,    1.9357569302E+02,    1.9357569302E+02,    0.0000000000E+00,    0.0000000000E+00,    0.0000000000E+00,    1.9357569302E+02
    147800,      0.676949,CP10_after_neg_clamp,   1,    0.0000000000E+00,    1.9357569302E+02,    1.9357569302E+02,    0.0000000000E+00,    0.0000000000E+00,    0.0000000000E+00,    1.9357569302E+02
    147800,      0.676949,CP11_after_MPI,   1,    0.0000000000E+00,    1.9357569302E+02,    1.9357569302E+02,    0.0000000000E+00,    0.0000000000E+00,    0.0000000000E+00,    1.9357569302E+02
    147800,      0.676949,CP12_end,   1,    0.0000000000E+00,    1.9357569302E+02,    1.9357569302E+02,    0.0000000000E+00,    0.0000000000E+00,    0.0000000000E+00,    1.9357569302E+02
    147850,      0.676949,CP0_start,   1,    0.0000000000E+00,    1.9368450948E+02,    1.9368450948E+02,    0.0000000000E+00,    0.0000000000E+00,    0.0000000000E+00,    1.9368450948E+02
    147850,      0.676949,CP1_after_deposition,   1,    0.0000000000E+00,    1.9368450948E+02,    1.9368450948E+02,    0.0000000000E+00,    0.0000000000E+00,    0.0000000000E+00,    1.9368450948E+02
    147850,      0.676949,CP2_after_erosion,   1,    0.0000000000E+00,    1.9368450948E+02,    1.9368450948E+02,    0.0000000000E+00,    0.0000000000E+00,    0.0000000000E+00,    1.9368450948E+02
    147850,      0.676949,CP3_after_update_bottom,   1,    0.0000000000E+00,    1.9368450948E+02,    1.9368450948E+02,    0.0000000000E+00,    0.0000000000E+00,    0.0000000000E+00,    1.9368450948E+02
    147850,      0.676949,CP4_after_advection,   1,    0.0000000000E+00,    1.9369177838E+02,    1.9369177838E+02,    0.0000000000E+00,    0.0000000000E+00,    0.0000000000E+00,    1.9369177838E+02
    147850,      0.676949,CP5_after_vdif,   1,    0.0000000000E+00,    1.9369177838E+02,    1.9369177838E+02,    0.0000000000E+00,    0.0000000000E+00,    0.0000000000E+00,    1.9369177838E+02
    147850,      0.676949,CP6_after_kinetics,   1,    0.0000000000E+00,    1.9369177838E+02,    1.9369177838E+02,    0.0000000000E+00,    0.0000000000E+00,    0.0000000000E+00,    1.9369177838E+02
    147850,      0.676949,CP7_after_upper_clamp,   1,    0.0000000000E+00,    1.9369177838E+02,    1.9369177838E+02,    0.0000000000E+00,    0.0000000000E+00,    0.0000000000E+00,    1.9369177838E+02
    147850,      0.676949,CP8_after_OBC,   1,    0.0000000000E+00,    1.9369177838E+02,    1.9369177838E+02,    0.0000000000E+00,    0.0000000000E+00,    0.0000000000E+00,    1.9369177838E+02
    147850,      0.676949,CP9_after_PTsource,   1,    0.0000000000E+00,    1.9369177838E+02,    1.9369177838E+02,    0.0000000000E+00,    0.0000000000E+00,    0.0000000000E+00,    1.9369177838E+02
    147850,      0.676949,CP10_after_neg_clamp,   1,    0.0000000000E+00,    1.9369177838E+02,    1.9369177838E+02,    0.0000000000E+00,    0.0000000000E+00,    0.0000000000E+00,    1.9369177838E+02
    147850,      0.676949,CP11_after_MPI,   1,    0.0000000000E+00,    1.9369177838E+02,    1.9369177838E+02,    0.0000000000E+00,    0.0000000000E+00,    0.0000000000E+00,    1.9369177838E+02
    147850,      0.676949,CP12_end,   1,    0.0000000000E+00,    1.9369177838E+02,    1.9369177838E+02,    0.0000000000E+00,    0.0000000000E+00,    0.0000000000E+00,    1.9369177838E+02
    147900,      0.676949,CP0_start,   1,    0.0000000000E+00,    1.9380031477E+02,    1.9380031477E+02,    0.0000000000E+00,    0.0000000000E+00,    0.0000000000E+00,    1.9380031477E+02
    147900,      0.676949,CP1_after_deposition,   1,    0.0000000000E+00,    1.9380031477E+02,    1.9380031477E+02,    0.0000000000E+00,    0.0000000000E+00,    0.0000000000E+00,    1.9380031477E+02
    147900,      0.676949,CP2_after_erosion,   1,    0.0000000000E+00,    1.9380031477E+02,    1.9380031477E+02,    0.0000000000E+00,    0.0000000000E+00,    0.0000000000E+00,    1.9380031477E+02
    147900,      0.676949,CP3_after_update_bottom,   1,    0.0000000000E+00,    1.9380031477E+02,    1.9380031477E+02,    0.0000000000E+00,    0.0000000000E+00,    0.0000000000E+00,    1.9380031477E+02
    147900,      0.676949,CP4_after_advection,   1,    0.0000000000E+00,    1.9380755525E+02,    1.9380755525E+02,    0.0000000000E+00,    0.0000000000E+00,    0.0000000000E+00,    1.9380755525E+02
    147900,      0.676949,CP5_after_vdif,   1,    0.0000000000E+00,    1.9380755525E+02,    1.9380755525E+02,    0.0000000000E+00,    0.0000000000E+00,    0.0000000000E+00,    1.9380755525E+02
    147900,      0.676949,CP6_after_kinetics,   1,    0.0000000000E+00,    1.9380755525E+02,    1.9380755525E+02,    0.0000000000E+00,    0.0000000000E+00,    0.0000000000E+00,    1.9380755525E+02
    147900,      0.676949,CP7_after_upper_clamp,   1,    0.0000000000E+00,    1.9380755525E+02,    1.9380755525E+02,    0.0000000000E+00,    0.0000000000E+00,    0.0000000000E+00,    1.9380755525E+02
    147900,      0.676949,CP8_after_OBC,   1,    0.0000000000E+00,    1.9380755525E+02,    1.9380755525E+02,    0.0000000000E+00,    0.0000000000E+00,    0.0000000000E+00,    1.9380755525E+02
    147900,      0.676949,CP9_after_PTsource,   1,    0.0000000000E+00,    1.9380755525E+02,    1.9380755525E+02,    0.0000000000E+00,    0.0000000000E+00,    0.0000000000E+00,    1.9380755525E+02
    147900,      0.676949,CP10_after_neg_clamp,   1,    0.0000000000E+00,    1.9380755525E+02,    1.9380755525E+02,    0.0000000000E+00,    0.0000000000E+00,    0.0000000000E+00,    1.9380755525E+02
    147900,      0.676949,CP11_after_MPI,   1,    0.0000000000E+00,    1.9380755525E+02,    1.9380755525E+02,    0.0000000000E+00,    0.0000000000E+00,    0.0000000000E+00,    1.9380755525E+02
    147900,      0.676949,CP12_end,   1,    0.0000000000E+00,    1.9380755525E+02,    1.9380755525E+02,    0.0000000000E+00,    0.0000000000E+00,    0.0000000000E+00,    1.9380755525E+02
    147950,      0.676949,CP0_start,   1,    0.0000000000E+00,    1.9391582868E+02,    1.9391582868E+02,    0.0000000000E+00,    0.0000000000E+00,    0.0000000000E+00,    1.9391582868E+02
    147950,      0.676949,CP1_after_deposition,   1,    0.0000000000E+00,    1.9391582868E+02,    1.9391582868E+02,    0.0000000000E+00,    0.0000000000E+00,    0.0000000000E+00,    1.9391582868E+02
    147950,      0.676949,CP2_after_erosion,   1,    0.0000000000E+00,    1.9391582868E+02,    1.9391582868E+02,    0.0000000000E+00,    0.0000000000E+00,    0.0000000000E+00,    1.9391582868E+02
    147950,      0.676949,CP3_after_update_bottom,   1,    0.0000000000E+00,    1.9391582868E+02,    1.9391582868E+02,    0.0000000000E+00,    0.0000000000E+00,    0.0000000000E+00,    1.9391582868E+02
    147950,      0.676949,CP4_after_advection,   1,    0.0000000000E+00,    1.9392304025E+02,    1.9392304025E+02,    0.0000000000E+00,    0.0000000000E+00,    0.0000000000E+00,    1.9392304025E+02
    147950,      0.676949,CP5_after_vdif,   1,    0.0000000000E+00,    1.9392304025E+02,    1.9392304025E+02,    0.0000000000E+00,    0.0000000000E+00,    0.0000000000E+00,    1.9392304025E+02
    147950,      0.676949,CP6_after_kinetics,   1,    0.0000000000E+00,    1.9392304025E+02,    1.9392304025E+02,    0.0000000000E+00,    0.0000000000E+00,    0.0000000000E+00,    1.9392304025E+02
    147950,      0.676949,CP7_after_upper_clamp,   1,    0.0000000000E+00,    1.9392304025E+02,    1.9392304025E+02,    0.0000000000E+00,    0.0000000000E+00,    0.0000000000E+00,    1.9392304025E+02
    147950,      0.676949,CP8_after_OBC,   1,    0.0000000000E+00,    1.9392304025E+02,    1.9392304025E+02,    0.0000000000E+00,    0.0000000000E+00,    0.0000000000E+00,    1.9392304025E+02
    147950,      0.676949,CP9_after_PTsource,   1,    0.0000000000E+00,    1.9392304025E+02,    1.9392304025E+02,    0.0000000000E+00,    0.0000000000E+00,    0.0000000000E+00,    1.9392304025E+02
    147950,      0.676949,CP10_after_neg_clamp,   1,    0.0000000000E+00,    1.9392304025E+02,    1.9392304025E+02,    0.0000000000E+00,    0.0000000000E+00,    0.0000000000E+00,    1.9392304025E+02
    147950,      0.676949,CP11_after_MPI,   1,    0.0000000000E+00,    1.9392304025E+02,    1.9392304025E+02,    0.0000000000E+00,    0.0000000000E+00,    0.0000000000E+00,    1.9392304025E+02
    147950,      0.676949,CP12_end,   1,    0.0000000000E+00,    1.9392304025E+02,    1.9392304025E+02,    0.0000000000E+00,    0.0000000000E+00,    0.0000000000E+00,    1.9392304025E+02
    148000,      0.676949,CP0_start,   1,    0.0000000000E+00,    1.9403114945E+02,    1.9403114945E+02,    0.0000000000E+00,    0.0000000000E+00,    0.0000000000E+00,    1.9403114945E+02
    148000,      0.676949,CP1_after_deposition,   1,    0.0000000000E+00,    1.9403114945E+02,    1.9403114945E+02,    0.0000000000E+00,    0.0000000000E+00,    0.0000000000E+00,    1.9403114945E+02
    148000,      0.676949,CP2_after_erosion,   1,    0.0000000000E+00,    1.9403114945E+02,    1.9403114945E+02,    0.0000000000E+00,    0.0000000000E+00,    0.0000000000E+00,    1.9403114945E+02
    148000,      0.676949,CP3_after_update_bottom,   1,    0.0000000000E+00,    1.9403114945E+02,    1.9403114945E+02,    0.0000000000E+00,    0.0000000000E+00,    0.0000000000E+00,    1.9403114945E+02
    148000,      0.676949,CP4_after_advection,   1,    0.0000000000E+00,    1.9403832844E+02,    1.9403832844E+02,    0.0000000000E+00,    0.0000000000E+00,    0.0000000000E+00,    1.9403832844E+02
    148000,      0.676949,CP5_after_vdif,   1,    0.0000000000E+00,    1.9403832844E+02,    1.9403832844E+02,    0.0000000000E+00,    0.0000000000E+00,    0.0000000000E+00,    1.9403832844E+02
    148000,      0.676949,CP6_after_kinetics,   1,    0.0000000000E+00,    1.9403832844E+02,    1.9403832844E+02,    0.0000000000E+00,    0.0000000000E+00,    0.0000000000E+00,    1.9403832844E+02
    148000,      0.676949,CP7_after_upper_clamp,   1,    0.0000000000E+00,    1.9403832844E+02,    1.9403832844E+02,    0.0000000000E+00,    0.0000000000E+00,    0.0000000000E+00,    1.9403832844E+02
    148000,      0.676949,CP8_after_OBC,   1,    0.0000000000E+00,    1.9403832844E+02,    1.9403832844E+02,    0.0000000000E+00,    0.0000000000E+00,    0.0000000000E+00,    1.9403832844E+02
    148000,      0.676949,CP9_after_PTsource,   1,    0.0000000000E+00,    1.9403832844E+02,    1.9403832844E+02,    0.0000000000E+00,    0.0000000000E+00,    0.0000000000E+00,    1.9403832844E+02
    148000,      0.676949,CP10_after_neg_clamp,   1,    0.0000000000E+00,    1.9403832844E+02,    1.9403832844E+02,    0.0000000000E+00,    0.0000000000E+00,    0.0000000000E+00,    1.9403832844E+02
    148000,      0.676949,CP11_after_MPI,   1,    0.0000000000E+00,    1.9403832844E+02,    1.9403832844E+02,    0.0000000000E+00,    0.0000000000E+00,    0.0000000000E+00,    1.9403832844E+02
    148000,      0.676949,CP12_end,   1,    0.0000000000E+00,    1.9403832844E+02,    1.9403832844E+02,    0.0000000000E+00,    0.0000000000E+00,    0.0000000000E+00,    1.9403832844E+02
    148050,      0.676949,CP0_start,   1,    0.0000000000E+00,    1.9414626706E+02,    1.9414626706E+02,    0.0000000000E+00,    0.0000000000E+00,    0.0000000000E+00,    1.9414626706E+02
    148050,      0.676949,CP1_after_deposition,   1,    0.0000000000E+00,    1.9414626706E+02,    1.9414626706E+02,    0.0000000000E+00,    0.0000000000E+00,    0.0000000000E+00,    1.9414626706E+02
    148050,      0.676949,CP2_after_erosion,   1,    0.0000000000E+00,    1.9414626706E+02,    1.9414626706E+02,    0.0000000000E+00,    0.0000000000E+00,    0.0000000000E+00,    1.9414626706E+02
    148050,      0.676949,CP3_after_update_bottom,   1,    0.0000000000E+00,    1.9414626706E+02,    1.9414626706E+02,    0.0000000000E+00,    0.0000000000E+00,    0.0000000000E+00,    1.9414626706E+02
    148050,      0.676949,CP4_after_advection,   1,    0.0000000000E+00,    1.9415342430E+02,    1.9415342430E+02,    0.0000000000E+00,    0.0000000000E+00,    0.0000000000E+00,    1.9415342430E+02
    148050,      0.676949,CP5_after_vdif,   1,    0.0000000000E+00,    1.9415342430E+02,    1.9415342430E+02,    0.0000000000E+00,    0.0000000000E+00,    0.0000000000E+00,    1.9415342430E+02
    148050,      0.676949,CP6_after_kinetics,   1,    0.0000000000E+00,    1.9415342430E+02,    1.9415342430E+02,    0.0000000000E+00,    0.0000000000E+00,    0.0000000000E+00,    1.9415342430E+02
    148050,      0.676949,CP7_after_upper_clamp,   1,    0.0000000000E+00,    1.9415342430E+02,    1.9415342430E+02,    0.0000000000E+00,    0.0000000000E+00,    0.0000000000E+00,    1.9415342430E+02
    148050,      0.676949,CP8_after_OBC,   1,    0.0000000000E+00,    1.9415342430E+02,    1.9415342430E+02,    0.0000000000E+00,    0.0000000000E+00,    0.0000000000E+00,    1.9415342430E+02
    148050,      0.676949,CP9_after_PTsource,   1,    0.0000000000E+00,    1.9415342430E+02,    1.9415342430E+02,    0.0000000000E+00,    0.0000000000E+00,    0.0000000000E+00,    1.9415342430E+02
    148050,      0.676949,CP10_after_neg_clamp,   1,    0.0000000000E+00,    1.9415342430E+02,    1.9415342430E+02,    0.0000000000E+00,    0.0000000000E+00,    0.0000000000E+00,    1.9415342430E+02
    148050,      0.676949,CP11_after_MPI,   1,    0.0000000000E+00,    1.9415342430E+02,    1.9415342430E+02,    0.0000000000E+00,    0.0000000000E+00,    0.0000000000E+00,    1.9415342430E+02
    148050,      0.676949,CP12_end,   1,    0.0000000000E+00,    1.9415342430E+02,    1.9415342430E+02,    0.0000000000E+00,    0.0000000000E+00,    0.0000000000E+00,    1.9415342430E+02
    148100,      0.676949,CP0_start,   1,    0.0000000000E+00,    1.9426126364E+02,    1.9426126364E+02,    0.0000000000E+00,    0.0000000000E+00,    0.0000000000E+00,    1.9426126364E+02
    148100,      0.676949,CP1_after_deposition,   1,    0.0000000000E+00,    1.9426126364E+02,    1.9426126364E+02,    0.0000000000E+00,    0.0000000000E+00,    0.0000000000E+00,    1.9426126364E+02
    148100,      0.676949,CP2_after_erosion,   1,    0.0000000000E+00,    1.9426126364E+02,    1.9426126364E+02,    0.0000000000E+00,    0.0000000000E+00,    0.0000000000E+00,    1.9426126364E+02
    148100,      0.676949,CP3_after_update_bottom,   1,    0.0000000000E+00,    1.9426126364E+02,    1.9426126364E+02,    0.0000000000E+00,    0.0000000000E+00,    0.0000000000E+00,    1.9426126364E+02
    148100,      0.676949,CP4_after_advection,   1,    0.0000000000E+00,    1.9426839673E+02,    1.9426839673E+02,    0.0000000000E+00,    0.0000000000E+00,    0.0000000000E+00,    1.9426839673E+02
    148100,      0.676949,CP5_after_vdif,   1,    0.0000000000E+00,    1.9426839673E+02,    1.9426839673E+02,    0.0000000000E+00,    0.0000000000E+00,    0.0000000000E+00,    1.9426839673E+02
    148100,      0.676949,CP6_after_kinetics,   1,    0.0000000000E+00,    1.9426839673E+02,    1.9426839673E+02,    0.0000000000E+00,    0.0000000000E+00,    0.0000000000E+00,    1.9426839673E+02
    148100,      0.676949,CP7_after_upper_clamp,   1,    0.0000000000E+00,    1.9426839673E+02,    1.9426839673E+02,    0.0000000000E+00,    0.0000000000E+00,    0.0000000000E+00,    1.9426839673E+02
    148100,      0.676949,CP8_after_OBC,   1,    0.0000000000E+00,    1.9426839673E+02,    1.9426839673E+02,    0.0000000000E+00,    0.0000000000E+00,    0.0000000000E+00,    1.9426839673E+02
    148100,      0.676949,CP9_after_PTsource,   1,    0.0000000000E+00,    1.9426839673E+02,    1.9426839673E+02,    0.0000000000E+00,    0.0000000000E+00,    0.0000000000E+00,    1.9426839673E+02
    148100,      0.676949,CP10_after_neg_clamp,   1,    0.0000000000E+00,    1.9426839673E+02,    1.9426839673E+02,    0.0000000000E+00,    0.0000000000E+00,    0.0000000000E+00,    1.9426839673E+02
    148100,      0.676949,CP11_after_MPI,   1,    0.0000000000E+00,    1.9426839673E+02,    1.9426839673E+02,    0.0000000000E+00,    0.0000000000E+00,    0.0000000000E+00,    1.9426839673E+02
    148100,      0.676949,CP12_end,   1,    0.0000000000E+00,    1.9426839673E+02,    1.9426839673E+02,    0.0000000000E+00,    0.0000000000E+00,    0.0000000000E+00,    1.9426839673E+02
    148150,      0.676949,CP0_start,   1,    0.0000000000E+00,    1.9437616049E+02,    1.9437616049E+02,    0.0000000000E+00,    0.0000000000E+00,    0.0000000000E+00,    1.9437616049E+02
    148150,      0.676949,CP1_after_deposition,   1,    0.0000000000E+00,    1.9437616049E+02,    1.9437616049E+02,    0.0000000000E+00,    0.0000000000E+00,    0.0000000000E+00,    1.9437616049E+02
    148150,      0.676949,CP2_after_erosion,   1,    0.0000000000E+00,    1.9437616049E+02,    1.9437616049E+02,    0.0000000000E+00,    0.0000000000E+00,    0.0000000000E+00,    1.9437616049E+02
    148150,      0.676949,CP3_after_update_bottom,   1,    0.0000000000E+00,    1.9437616049E+02,    1.9437616049E+02,    0.0000000000E+00,    0.0000000000E+00,    0.0000000000E+00,    1.9437616049E+02
    148150,      0.676949,CP4_after_advection,   1,    0.0000000000E+00,    1.9438326907E+02,    1.9438326907E+02,    0.0000000000E+00,    0.0000000000E+00,    0.0000000000E+00,    1.9438326907E+02
    148150,      0.676949,CP5_after_vdif,   1,    0.0000000000E+00,    1.9438326907E+02,    1.9438326907E+02,    0.0000000000E+00,    0.0000000000E+00,    0.0000000000E+00,    1.9438326907E+02
    148150,      0.676949,CP6_after_kinetics,   1,    0.0000000000E+00,    1.9438326907E+02,    1.9438326907E+02,    0.0000000000E+00,    0.0000000000E+00,    0.0000000000E+00,    1.9438326907E+02
    148150,      0.676949,CP7_after_upper_clamp,   1,    0.0000000000E+00,    1.9438326907E+02,    1.9438326907E+02,    0.0000000000E+00,    0.0000000000E+00,    0.0000000000E+00,    1.9438326907E+02
    148150,      0.676949,CP8_after_OBC,   1,    0.0000000000E+00,    1.9438326907E+02,    1.9438326907E+02,    0.0000000000E+00,    0.0000000000E+00,    0.0000000000E+00,    1.9438326907E+02
    148150,      0.676949,CP9_after_PTsource,   1,    0.0000000000E+00,    1.9438326907E+02,    1.9438326907E+02,    0.0000000000E+00,    0.0000000000E+00,    0.0000000000E+00,    1.9438326907E+02
    148150,      0.676949,CP10_after_neg_clamp,   1,    0.0000000000E+00,    1.9438326907E+02,    1.9438326907E+02,    0.0000000000E+00,    0.0000000000E+00,    0.0000000000E+00,    1.9438326907E+02
    148150,      0.676949,CP11_after_MPI,   1,    0.0000000000E+00,    1.9438326907E+02,    1.9438326907E+02,    0.0000000000E+00,    0.0000000000E+00,    0.0000000000E+00,    1.9438326907E+02
    148150,      0.676949,CP12_end,   1,    0.0000000000E+00,    1.9438326907E+02,    1.9438326907E+02,    0.0000000000E+00,    0.0000000000E+00,    0.0000000000E+00,    1.9438326907E+02
    148200,      0.676949,CP0_start,   1,    0.0000000000E+00,    1.9449095739E+02,    1.9449095739E+02,    0.0000000000E+00,    0.0000000000E+00,    0.0000000000E+00,    1.9449095739E+02
    148200,      0.676949,CP1_after_deposition,   1,    0.0000000000E+00,    1.9449095739E+02,    1.9449095739E+02,    0.0000000000E+00,    0.0000000000E+00,    0.0000000000E+00,    1.9449095739E+02
    148200,      0.676949,CP2_after_erosion,   1,    0.0000000000E+00,    1.9449095739E+02,    1.9449095739E+02,    0.0000000000E+00,    0.0000000000E+00,    0.0000000000E+00,    1.9449095739E+02
    148200,      0.676949,CP3_after_update_bottom,   1,    0.0000000000E+00,    1.9449095739E+02,    1.9449095739E+02,    0.0000000000E+00,    0.0000000000E+00,    0.0000000000E+00,    1.9449095739E+02
    148200,      0.676949,CP4_after_advection,   1,    0.0000000000E+00,    1.9449804291E+02,    1.9449804291E+02,    0.0000000000E+00,    0.0000000000E+00,    0.0000000000E+00,    1.9449804291E+02
    148200,      0.676949,CP5_after_vdif,   1,    0.0000000000E+00,    1.9449804291E+02,    1.9449804291E+02,    0.0000000000E+00,    0.0000000000E+00,    0.0000000000E+00,    1.9449804291E+02
    148200,      0.676949,CP6_after_kinetics,   1,    0.0000000000E+00,    1.9449804291E+02,    1.9449804291E+02,    0.0000000000E+00,    0.0000000000E+00,    0.0000000000E+00,    1.9449804291E+02
    148200,      0.676949,CP7_after_upper_clamp,   1,    0.0000000000E+00,    1.9449804291E+02,    1.9449804291E+02,    0.0000000000E+00,    0.0000000000E+00,    0.0000000000E+00,    1.9449804291E+02
    148200,      0.676949,CP8_after_OBC,   1,    0.0000000000E+00,    1.9449804291E+02,    1.9449804291E+02,    0.0000000000E+00,    0.0000000000E+00,    0.0000000000E+00,    1.9449804291E+02
    148200,      0.676949,CP9_after_PTsource,   1,    0.0000000000E+00,    1.9449804291E+02,    1.9449804291E+02,    0.0000000000E+00,    0.0000000000E+00,    0.0000000000E+00,    1.9449804291E+02
    148200,      0.676949,CP10_after_neg_clamp,   1,    0.0000000000E+00,    1.9449804291E+02,    1.9449804291E+02,    0.0000000000E+00,    0.0000000000E+00,    0.0000000000E+00,    1.9449804291E+02
    148200,      0.676949,CP11_after_MPI,   1,    0.0000000000E+00,    1.9449804291E+02,    1.9449804291E+02,    0.0000000000E+00,    0.0000000000E+00,    0.0000000000E+00,    1.9449804291E+02
    148200,      0.676949,CP12_end,   1,    0.0000000000E+00,    1.9449804291E+02,    1.9449804291E+02,    0.0000000000E+00,    0.0000000000E+00,    0.0000000000E+00,    1.9449804291E+02
    148250,      0.676949,CP0_start,   1,    0.0000000000E+00,    1.9460567382E+02,    1.9460567382E+02,    0.0000000000E+00,    0.0000000000E+00,    0.0000000000E+00,    1.9460567382E+02
    148250,      0.676949,CP1_after_deposition,   1,    0.0000000000E+00,    1.9460567382E+02,    1.9460567382E+02,    0.0000000000E+00,    0.0000000000E+00,    0.0000000000E+00,    1.9460567382E+02
    148250,      0.676949,CP2_after_erosion,   1,    0.0000000000E+00,    1.9460567382E+02,    1.9460567382E+02,    0.0000000000E+00,    0.0000000000E+00,    0.0000000000E+00,    1.9460567382E+02
    148250,      0.676949,CP3_after_update_bottom,   1,    0.0000000000E+00,    1.9460567382E+02,    1.9460567382E+02,    0.0000000000E+00,    0.0000000000E+00,    0.0000000000E+00,    1.9460567382E+02
    148250,      0.676949,CP4_after_advection,   1,    0.0000000000E+00,    1.9461273372E+02,    1.9461273372E+02,    0.0000000000E+00,    0.0000000000E+00,    0.0000000000E+00,    1.9461273372E+02
    148250,      0.676949,CP5_after_vdif,   1,    0.0000000000E+00,    1.9461273372E+02,    1.9461273372E+02,    0.0000000000E+00,    0.0000000000E+00,    0.0000000000E+00,    1.9461273372E+02
    148250,      0.676949,CP6_after_kinetics,   1,    0.0000000000E+00,    1.9461273372E+02,    1.9461273372E+02,    0.0000000000E+00,    0.0000000000E+00,    0.0000000000E+00,    1.9461273372E+02
    148250,      0.676949,CP7_after_upper_clamp,   1,    0.0000000000E+00,    1.9461273372E+02,    1.9461273372E+02,    0.0000000000E+00,    0.0000000000E+00,    0.0000000000E+00,    1.9461273372E+02
    148250,      0.676949,CP8_after_OBC,   1,    0.0000000000E+00,    1.9461273372E+02,    1.9461273372E+02,    0.0000000000E+00,    0.0000000000E+00,    0.0000000000E+00,    1.9461273372E+02
    148250,      0.676949,CP9_after_PTsource,   1,    0.0000000000E+00,    1.9461273372E+02,    1.9461273372E+02,    0.0000000000E+00,    0.0000000000E+00,    0.0000000000E+00,    1.9461273372E+02
    148250,      0.676949,CP10_after_neg_clamp,   1,    0.0000000000E+00,    1.9461273372E+02,    1.9461273372E+02,    0.0000000000E+00,    0.0000000000E+00,    0.0000000000E+00,    1.9461273372E+02
    148250,      0.676949,CP11_after_MPI,   1,    0.0000000000E+00,    1.9461273372E+02,    1.9461273372E+02,    0.0000000000E+00,    0.0000000000E+00,    0.0000000000E+00,    1.9461273372E+02
    148250,      0.676949,CP12_end,   1,    0.0000000000E+00,    1.9461273372E+02,    1.9461273372E+02,    0.0000000000E+00,    0.0000000000E+00,    0.0000000000E+00,    1.9461273372E+02
    148300,      0.676949,CP0_start,   1,    0.0000000000E+00,    1.9472031985E+02,    1.9472031985E+02,    0.0000000000E+00,    0.0000000000E+00,    0.0000000000E+00,    1.9472031985E+02
    148300,      0.676949,CP1_after_deposition,   1,    0.0000000000E+00,    1.9472031985E+02,    1.9472031985E+02,    0.0000000000E+00,    0.0000000000E+00,    0.0000000000E+00,    1.9472031985E+02
    148300,      0.676949,CP2_after_erosion,   1,    0.0000000000E+00,    1.9472031985E+02,    1.9472031985E+02,    0.0000000000E+00,    0.0000000000E+00,    0.0000000000E+00,    1.9472031985E+02
    148300,      0.676949,CP3_after_update_bottom,   1,    0.0000000000E+00,    1.9472031985E+02,    1.9472031985E+02,    0.0000000000E+00,    0.0000000000E+00,    0.0000000000E+00,    1.9472031985E+02
    148300,      0.676949,CP4_after_advection,   1,    0.0000000000E+00,    1.9472735538E+02,    1.9472735538E+02,    0.0000000000E+00,    0.0000000000E+00,    0.0000000000E+00,    1.9472735538E+02
    148300,      0.676949,CP5_after_vdif,   1,    0.0000000000E+00,    1.9472735538E+02,    1.9472735538E+02,    0.0000000000E+00,    0.0000000000E+00,    0.0000000000E+00,    1.9472735538E+02
    148300,      0.676949,CP6_after_kinetics,   1,    0.0000000000E+00,    1.9472735538E+02,    1.9472735538E+02,    0.0000000000E+00,    0.0000000000E+00,    0.0000000000E+00,    1.9472735538E+02
    148300,      0.676949,CP7_after_upper_clamp,   1,    0.0000000000E+00,    1.9472735538E+02,    1.9472735538E+02,    0.0000000000E+00,    0.0000000000E+00,    0.0000000000E+00,    1.9472735538E+02
    148300,      0.676949,CP8_after_OBC,   1,    0.0000000000E+00,    1.9472735538E+02,    1.9472735538E+02,    0.0000000000E+00,    0.0000000000E+00,    0.0000000000E+00,    1.9472735538E+02
    148300,      0.676949,CP9_after_PTsource,   1,    0.0000000000E+00,    1.9472735538E+02,    1.9472735538E+02,    0.0000000000E+00,    0.0000000000E+00,    0.0000000000E+00,    1.9472735538E+02
    148300,      0.676949,CP10_after_neg_clamp,   1,    0.0000000000E+00,    1.9472735538E+02,    1.9472735538E+02,    0.0000000000E+00,    0.0000000000E+00,    0.0000000000E+00,    1.9472735538E+02
    148300,      0.676949,CP11_after_MPI,   1,    0.0000000000E+00,    1.9472735538E+02,    1.9472735538E+02,    0.0000000000E+00,    0.0000000000E+00,    0.0000000000E+00,    1.9472735538E+02
    148300,      0.676949,CP12_end,   1,    0.0000000000E+00,    1.9472735538E+02,    1.9472735538E+02,    0.0000000000E+00,    0.0000000000E+00,    0.0000000000E+00,    1.9472735538E+02
    148350,      0.676949,CP0_start,   1,    0.0000000000E+00,    1.9483492897E+02,    1.9483492897E+02,    0.0000000000E+00,    0.0000000000E+00,    0.0000000000E+00,    1.9483492897E+02
    148350,      0.676949,CP1_after_deposition,   1,    0.0000000000E+00,    1.9483492897E+02,    1.9483492897E+02,    0.0000000000E+00,    0.0000000000E+00,    0.0000000000E+00,    1.9483492897E+02
    148350,      0.676949,CP2_after_erosion,   1,    0.0000000000E+00,    1.9483492897E+02,    1.9483492897E+02,    0.0000000000E+00,    0.0000000000E+00,    0.0000000000E+00,    1.9483492897E+02
    148350,      0.676949,CP3_after_update_bottom,   1,    0.0000000000E+00,    1.9483492897E+02,    1.9483492897E+02,    0.0000000000E+00,    0.0000000000E+00,    0.0000000000E+00,    1.9483492897E+02
    148350,      0.676949,CP4_after_advection,   1,    0.0000000000E+00,    1.9484194301E+02,    1.9484194301E+02,    0.0000000000E+00,    0.0000000000E+00,    0.0000000000E+00,    1.9484194301E+02
    148350,      0.676949,CP5_after_vdif,   1,    0.0000000000E+00,    1.9484194301E+02,    1.9484194301E+02,    0.0000000000E+00,    0.0000000000E+00,    0.0000000000E+00,    1.9484194301E+02
    148350,      0.676949,CP6_after_kinetics,   1,    0.0000000000E+00,    1.9484194301E+02,    1.9484194301E+02,    0.0000000000E+00,    0.0000000000E+00,    0.0000000000E+00,    1.9484194301E+02
    148350,      0.676949,CP7_after_upper_clamp,   1,    0.0000000000E+00,    1.9484194301E+02,    1.9484194301E+02,    0.0000000000E+00,    0.0000000000E+00,    0.0000000000E+00,    1.9484194301E+02
    148350,      0.676949,CP8_after_OBC,   1,    0.0000000000E+00,    1.9484194301E+02,    1.9484194301E+02,    0.0000000000E+00,    0.0000000000E+00,    0.0000000000E+00,    1.9484194301E+02
    148350,      0.676949,CP9_after_PTsource,   1,    0.0000000000E+00,    1.9484194301E+02,    1.9484194301E+02,    0.0000000000E+00,    0.0000000000E+00,    0.0000000000E+00,    1.9484194301E+02
    148350,      0.676949,CP10_after_neg_clamp,   1,    0.0000000000E+00,    1.9484194301E+02,    1.9484194301E+02,    0.0000000000E+00,    0.0000000000E+00,    0.0000000000E+00,    1.9484194301E+02
    148350,      0.676949,CP11_after_MPI,   1,    0.0000000000E+00,    1.9484194301E+02,    1.9484194301E+02,    0.0000000000E+00,    0.0000000000E+00,    0.0000000000E+00,    1.9484194301E+02
    148350,      0.676949,CP12_end,   1,    0.0000000000E+00,    1.9484194301E+02,    1.9484194301E+02,    0.0000000000E+00,    0.0000000000E+00,    0.0000000000E+00,    1.9484194301E+02
    148400,      0.676949,CP0_start,   1,    0.0000000000E+00,    1.9494950923E+02,    1.9494950923E+02,    0.0000000000E+00,    0.0000000000E+00,    0.0000000000E+00,    1.9494950923E+02
    148400,      0.676949,CP1_after_deposition,   1,    0.0000000000E+00,    1.9494950923E+02,    1.9494950923E+02,    0.0000000000E+00,    0.0000000000E+00,    0.0000000000E+00,    1.9494950923E+02
    148400,      0.676949,CP2_after_erosion,   1,    0.0000000000E+00,    1.9494950923E+02,    1.9494950923E+02,    0.0000000000E+00,    0.0000000000E+00,    0.0000000000E+00,    1.9494950923E+02
    148400,      0.676949,CP3_after_update_bottom,   1,    0.0000000000E+00,    1.9494950923E+02,    1.9494950923E+02,    0.0000000000E+00,    0.0000000000E+00,    0.0000000000E+00,    1.9494950923E+02
    148400,      0.676949,CP4_after_advection,   1,    0.0000000000E+00,    1.9495649650E+02,    1.9495649650E+02,    0.0000000000E+00,    0.0000000000E+00,    0.0000000000E+00,    1.9495649650E+02
    148400,      0.676949,CP5_after_vdif,   1,    0.0000000000E+00,    1.9495649650E+02,    1.9495649650E+02,    0.0000000000E+00,    0.0000000000E+00,    0.0000000000E+00,    1.9495649650E+02
    148400,      0.676949,CP6_after_kinetics,   1,    0.0000000000E+00,    1.9495649650E+02,    1.9495649650E+02,    0.0000000000E+00,    0.0000000000E+00,    0.0000000000E+00,    1.9495649650E+02
    148400,      0.676949,CP7_after_upper_clamp,   1,    0.0000000000E+00,    1.9495649650E+02,    1.9495649650E+02,    0.0000000000E+00,    0.0000000000E+00,    0.0000000000E+00,    1.9495649650E+02
    148400,      0.676949,CP8_after_OBC,   1,    0.0000000000E+00,    1.9495649650E+02,    1.9495649650E+02,    0.0000000000E+00,    0.0000000000E+00,    0.0000000000E+00,    1.9495649650E+02
    148400,      0.676949,CP9_after_PTsource,   1,    0.0000000000E+00,    1.9495649650E+02,    1.9495649650E+02,    0.0000000000E+00,    0.0000000000E+00,    0.0000000000E+00,    1.9495649650E+02
    148400,      0.676949,CP10_after_neg_clamp,   1,    0.0000000000E+00,    1.9495649650E+02,    1.9495649650E+02,    0.0000000000E+00,    0.0000000000E+00,    0.0000000000E+00,    1.9495649650E+02
    148400,      0.676949,CP11_after_MPI,   1,    0.0000000000E+00,    1.9495649650E+02,    1.9495649650E+02,    0.0000000000E+00,    0.0000000000E+00,    0.0000000000E+00,    1.9495649650E+02
    148400,      0.676949,CP12_end,   1,    0.0000000000E+00,    1.9495649650E+02,    1.9495649650E+02,    0.0000000000E+00,    0.0000000000E+00,    0.0000000000E+00,    1.9495649650E+02
    148450,      0.676949,CP0_start,   1,    0.0000000000E+00,    1.9506405135E+02,    1.9506405135E+02,    0.0000000000E+00,    0.0000000000E+00,    0.0000000000E+00,    1.9506405135E+02
    148450,      0.676949,CP1_after_deposition,   1,    0.0000000000E+00,    1.9506405135E+02,    1.9506405135E+02,    0.0000000000E+00,    0.0000000000E+00,    0.0000000000E+00,    1.9506405135E+02
    148450,      0.676949,CP2_after_erosion,   1,    0.0000000000E+00,    1.9506405135E+02,    1.9506405135E+02,    0.0000000000E+00,    0.0000000000E+00,    0.0000000000E+00,    1.9506405135E+02
    148450,      0.676949,CP3_after_update_bottom,   1,    0.0000000000E+00,    1.9506405135E+02,    1.9506405135E+02,    0.0000000000E+00,    0.0000000000E+00,    0.0000000000E+00,    1.9506405135E+02
    148450,      0.676949,CP4_after_advection,   1,    0.0000000000E+00,    1.9507101562E+02,    1.9507101562E+02,    0.0000000000E+00,    0.0000000000E+00,    0.0000000000E+00,    1.9507101562E+02
    148450,      0.676949,CP5_after_vdif,   1,    0.0000000000E+00,    1.9507101562E+02,    1.9507101562E+02,    0.0000000000E+00,    0.0000000000E+00,    0.0000000000E+00,    1.9507101562E+02
    148450,      0.676949,CP6_after_kinetics,   1,    0.0000000000E+00,    1.9507101562E+02,    1.9507101562E+02,    0.0000000000E+00,    0.0000000000E+00,    0.0000000000E+00,    1.9507101562E+02
    148450,      0.676949,CP7_after_upper_clamp,   1,    0.0000000000E+00,    1.9507101562E+02,    1.9507101562E+02,    0.0000000000E+00,    0.0000000000E+00,    0.0000000000E+00,    1.9507101562E+02
    148450,      0.676949,CP8_after_OBC,   1,    0.0000000000E+00,    1.9507101562E+02,    1.9507101562E+02,    0.0000000000E+00,    0.0000000000E+00,    0.0000000000E+00,    1.9507101562E+02
    148450,      0.676949,CP9_after_PTsource,   1,    0.0000000000E+00,    1.9507101562E+02,    1.9507101562E+02,    0.0000000000E+00,    0.0000000000E+00,    0.0000000000E+00,    1.9507101562E+02
    148450,      0.676949,CP10_after_neg_clamp,   1,    0.0000000000E+00,    1.9507101562E+02,    1.9507101562E+02,    0.0000000000E+00,    0.0000000000E+00,    0.0000000000E+00,    1.9507101562E+02
    148450,      0.676949,CP11_after_MPI,   1,    0.0000000000E+00,    1.9507101562E+02,    1.9507101562E+02,    0.0000000000E+00,    0.0000000000E+00,    0.0000000000E+00,    1.9507101562E+02
    148450,      0.676949,CP12_end,   1,    0.0000000000E+00,    1.9507101562E+02,    1.9507101562E+02,    0.0000000000E+00,    0.0000000000E+00,    0.0000000000E+00,    1.9507101562E+02
    148500,      0.676950,CP0_start,   1,    0.0000000000E+00,    1.9517853520E+02,    1.9517853520E+02,    0.0000000000E+00,    0.0000000000E+00,    0.0000000000E+00,    1.9517853520E+02
    148500,      0.676950,CP1_after_deposition,   1,    0.0000000000E+00,    1.9517853520E+02,    1.9517853520E+02,    0.0000000000E+00,    0.0000000000E+00,    0.0000000000E+00,    1.9517853520E+02
    148500,      0.676950,CP2_after_erosion,   1,    0.0000000000E+00,    1.9517853520E+02,    1.9517853520E+02,    0.0000000000E+00,    0.0000000000E+00,    0.0000000000E+00,    1.9517853520E+02
    148500,      0.676950,CP3_after_update_bottom,   1,    0.0000000000E+00,    1.9517853520E+02,    1.9517853520E+02,    0.0000000000E+00,    0.0000000000E+00,    0.0000000000E+00,    1.9517853520E+02
    148500,      0.676950,CP4_after_advection,   1,    0.0000000000E+00,    1.9518547515E+02,    1.9518547515E+02,    0.0000000000E+00,    0.0000000000E+00,    0.0000000000E+00,    1.9518547515E+02
    148500,      0.676950,CP5_after_vdif,   1,    0.0000000000E+00,    1.9518547515E+02,    1.9518547515E+02,    0.0000000000E+00,    0.0000000000E+00,    0.0000000000E+00,    1.9518547515E+02
    148500,      0.676950,CP6_after_kinetics,   1,    0.0000000000E+00,    1.9518547515E+02,    1.9518547515E+02,    0.0000000000E+00,    0.0000000000E+00,    0.0000000000E+00,    1.9518547515E+02
    148500,      0.676950,CP7_after_upper_clamp,   1,    0.0000000000E+00,    1.9518547515E+02,    1.9518547515E+02,    0.0000000000E+00,    0.0000000000E+00,    0.0000000000E+00,    1.9518547515E+02
    148500,      0.676950,CP8_after_OBC,   1,    0.0000000000E+00,    1.9518547515E+02,    1.9518547515E+02,    0.0000000000E+00,    0.0000000000E+00,    0.0000000000E+00,    1.9518547515E+02
    148500,      0.676950,CP9_after_PTsource,   1,    0.0000000000E+00,    1.9518547515E+02,    1.9518547515E+02,    0.0000000000E+00,    0.0000000000E+00,    0.0000000000E+00,    1.9518547515E+02
    148500,      0.676950,CP10_after_neg_clamp,   1,    0.0000000000E+00,    1.9518547515E+02,    1.9518547515E+02,    0.0000000000E+00,    0.0000000000E+00,    0.0000000000E+00,    1.9518547515E+02
    148500,      0.676950,CP11_after_MPI,   1,    0.0000000000E+00,    1.9518547515E+02,    1.9518547515E+02,    0.0000000000E+00,    0.0000000000E+00,    0.0000000000E+00,    1.9518547515E+02
    148500,      0.676950,CP12_end,   1,    0.0000000000E+00,    1.9518547515E+02,    1.9518547515E+02,    0.0000000000E+00,    0.0000000000E+00,    0.0000000000E+00,    1.9518547515E+02
    148550,      0.676950,CP0_start,   1,    0.0000000000E+00,    1.9529242494E+02,    1.9529242494E+02,    0.0000000000E+00,    0.0000000000E+00,    0.0000000000E+00,    1.9529242494E+02
    148550,      0.676950,CP1_after_deposition,   1,    0.0000000000E+00,    1.9529242494E+02,    1.9529242494E+02,    0.0000000000E+00,    0.0000000000E+00,    0.0000000000E+00,    1.9529242494E+02
    148550,      0.676950,CP2_after_erosion,   1,    0.0000000000E+00,    1.9529242494E+02,    1.9529242494E+02,    0.0000000000E+00,    0.0000000000E+00,    0.0000000000E+00,    1.9529242494E+02
    148550,      0.676950,CP3_after_update_bottom,   1,    0.0000000000E+00,    1.9529242494E+02,    1.9529242494E+02,    0.0000000000E+00,    0.0000000000E+00,    0.0000000000E+00,    1.9529242494E+02
    148550,      0.676950,CP4_after_advection,   1,    0.0000000000E+00,    1.9529934170E+02,    1.9529934170E+02,    0.0000000000E+00,    0.0000000000E+00,    0.0000000000E+00,    1.9529934170E+02
    148550,      0.676950,CP5_after_vdif,   1,    0.0000000000E+00,    1.9529934170E+02,    1.9529934170E+02,    0.0000000000E+00,    0.0000000000E+00,    0.0000000000E+00,    1.9529934170E+02
    148550,      0.676950,CP6_after_kinetics,   1,    0.0000000000E+00,    1.9529934170E+02,    1.9529934170E+02,    0.0000000000E+00,    0.0000000000E+00,    0.0000000000E+00,    1.9529934170E+02
    148550,      0.676950,CP7_after_upper_clamp,   1,    0.0000000000E+00,    1.9529934170E+02,    1.9529934170E+02,    0.0000000000E+00,    0.0000000000E+00,    0.0000000000E+00,    1.9529934170E+02
    148550,      0.676950,CP8_after_OBC,   1,    0.0000000000E+00,    1.9529934170E+02,    1.9529934170E+02,    0.0000000000E+00,    0.0000000000E+00,    0.0000000000E+00,    1.9529934170E+02
    148550,      0.676950,CP9_after_PTsource,   1,    0.0000000000E+00,    1.9529934170E+02,    1.9529934170E+02,    0.0000000000E+00,    0.0000000000E+00,    0.0000000000E+00,    1.9529934170E+02
    148550,      0.676950,CP10_after_neg_clamp,   1,    0.0000000000E+00,    1.9529934170E+02,    1.9529934170E+02,    0.0000000000E+00,    0.0000000000E+00,    0.0000000000E+00,    1.9529934170E+02
    148550,      0.676950,CP11_after_MPI,   1,    0.0000000000E+00,    1.9529934170E+02,    1.9529934170E+02,    0.0000000000E+00,    0.0000000000E+00,    0.0000000000E+00,    1.9529934170E+02
    148550,      0.676950,CP12_end,   1,    0.0000000000E+00,    1.9529934170E+02,    1.9529934170E+02,    0.0000000000E+00,    0.0000000000E+00,    0.0000000000E+00,    1.9529934170E+02
    148600,      0.676950,CP0_start,   1,    0.0000000000E+00,    1.9540625799E+02,    1.9540625799E+02,    0.0000000000E+00,    0.0000000000E+00,    0.0000000000E+00,    1.9540625799E+02
    148600,      0.676950,CP1_after_deposition,   1,    0.0000000000E+00,    1.9540625799E+02,    1.9540625799E+02,    0.0000000000E+00,    0.0000000000E+00,    0.0000000000E+00,    1.9540625799E+02
    148600,      0.676950,CP2_after_erosion,   1,    0.0000000000E+00,    1.9540625799E+02,    1.9540625799E+02,    0.0000000000E+00,    0.0000000000E+00,    0.0000000000E+00,    1.9540625799E+02
    148600,      0.676950,CP3_after_update_bottom,   1,    0.0000000000E+00,    1.9540625799E+02,    1.9540625799E+02,    0.0000000000E+00,    0.0000000000E+00,    0.0000000000E+00,    1.9540625799E+02
    148600,      0.676950,CP4_after_advection,   1,    0.0000000000E+00,    1.9541314968E+02,    1.9541314968E+02,    0.0000000000E+00,    0.0000000000E+00,    0.0000000000E+00,    1.9541314968E+02
    148600,      0.676950,CP5_after_vdif,   1,    0.0000000000E+00,    1.9541314968E+02,    1.9541314968E+02,    0.0000000000E+00,    0.0000000000E+00,    0.0000000000E+00,    1.9541314968E+02
    148600,      0.676950,CP6_after_kinetics,   1,    0.0000000000E+00,    1.9541314968E+02,    1.9541314968E+02,    0.0000000000E+00,    0.0000000000E+00,    0.0000000000E+00,    1.9541314968E+02
    148600,      0.676950,CP7_after_upper_clamp,   1,    0.0000000000E+00,    1.9541314968E+02,    1.9541314968E+02,    0.0000000000E+00,    0.0000000000E+00,    0.0000000000E+00,    1.9541314968E+02
    148600,      0.676950,CP8_after_OBC,   1,    0.0000000000E+00,    1.9541314968E+02,    1.9541314968E+02,    0.0000000000E+00,    0.0000000000E+00,    0.0000000000E+00,    1.9541314968E+02
    148600,      0.676950,CP9_after_PTsource,   1,    0.0000000000E+00,    1.9541314968E+02,    1.9541314968E+02,    0.0000000000E+00,    0.0000000000E+00,    0.0000000000E+00,    1.9541314968E+02
    148600,      0.676950,CP10_after_neg_clamp,   1,    0.0000000000E+00,    1.9541314968E+02,    1.9541314968E+02,    0.0000000000E+00,    0.0000000000E+00,    0.0000000000E+00,    1.9541314968E+02
    148600,      0.676950,CP11_after_MPI,   1,    0.0000000000E+00,    1.9541314968E+02,    1.9541314968E+02,    0.0000000000E+00,    0.0000000000E+00,    0.0000000000E+00,    1.9541314968E+02
    148600,      0.676950,CP12_end,   1,    0.0000000000E+00,    1.9541314968E+02,    1.9541314968E+02,    0.0000000000E+00,    0.0000000000E+00,    0.0000000000E+00,    1.9541314968E+02
    148650,      0.676950,CP0_start,   1,    0.0000000000E+00,    1.9552001841E+02,    1.9552001841E+02,    0.0000000000E+00,    0.0000000000E+00,    0.0000000000E+00,    1.9552001841E+02
    148650,      0.676950,CP1_after_deposition,   1,    0.0000000000E+00,    1.9552001841E+02,    1.9552001841E+02,    0.0000000000E+00,    0.0000000000E+00,    0.0000000000E+00,    1.9552001841E+02
    148650,      0.676950,CP2_after_erosion,   1,    0.0000000000E+00,    1.9552001841E+02,    1.9552001841E+02,    0.0000000000E+00,    0.0000000000E+00,    0.0000000000E+00,    1.9552001841E+02
    148650,      0.676950,CP3_after_update_bottom,   1,    0.0000000000E+00,    1.9552001841E+02,    1.9552001841E+02,    0.0000000000E+00,    0.0000000000E+00,    0.0000000000E+00,    1.9552001841E+02
    148650,      0.676950,CP4_after_advection,   1,    0.0000000000E+00,    1.9552688796E+02,    1.9552688796E+02,    0.0000000000E+00,    0.0000000000E+00,    0.0000000000E+00,    1.9552688796E+02
    148650,      0.676950,CP5_after_vdif,   1,    0.0000000000E+00,    1.9552688796E+02,    1.9552688796E+02,    0.0000000000E+00,    0.0000000000E+00,    0.0000000000E+00,    1.9552688796E+02
    148650,      0.676950,CP6_after_kinetics,   1,    0.0000000000E+00,    1.9552688796E+02,    1.9552688796E+02,    0.0000000000E+00,    0.0000000000E+00,    0.0000000000E+00,    1.9552688796E+02
    148650,      0.676950,CP7_after_upper_clamp,   1,    0.0000000000E+00,    1.9552688796E+02,    1.9552688796E+02,    0.0000000000E+00,    0.0000000000E+00,    0.0000000000E+00,    1.9552688796E+02
    148650,      0.676950,CP8_after_OBC,   1,    0.0000000000E+00,    1.9552688796E+02,    1.9552688796E+02,    0.0000000000E+00,    0.0000000000E+00,    0.0000000000E+00,    1.9552688796E+02
    148650,      0.676950,CP9_after_PTsource,   1,    0.0000000000E+00,    1.9552688796E+02,    1.9552688796E+02,    0.0000000000E+00,    0.0000000000E+00,    0.0000000000E+00,    1.9552688796E+02
    148650,      0.676950,CP10_after_neg_clamp,   1,    0.0000000000E+00,    1.9552688796E+02,    1.9552688796E+02,    0.0000000000E+00,    0.0000000000E+00,    0.0000000000E+00,    1.9552688796E+02
    148650,      0.676950,CP11_after_MPI,   1,    0.0000000000E+00,    1.9552688796E+02,    1.9552688796E+02,    0.0000000000E+00,    0.0000000000E+00,    0.0000000000E+00,    1.9552688796E+02
    148650,      0.676950,CP12_end,   1,    0.0000000000E+00,    1.9552688796E+02,    1.9552688796E+02,    0.0000000000E+00,    0.0000000000E+00,    0.0000000000E+00,    1.9552688796E+02
    148700,      0.676950,CP0_start,   1,    0.0000000000E+00,    1.9563372913E+02,    1.9563372913E+02,    0.0000000000E+00,    0.0000000000E+00,    0.0000000000E+00,    1.9563372913E+02
    148700,      0.676950,CP1_after_deposition,   1,    0.0000000000E+00,    1.9563372913E+02,    1.9563372913E+02,    0.0000000000E+00,    0.0000000000E+00,    0.0000000000E+00,    1.9563372913E+02
    148700,      0.676950,CP2_after_erosion,   1,    0.0000000000E+00,    1.9563372913E+02,    1.9563372913E+02,    0.0000000000E+00,    0.0000000000E+00,    0.0000000000E+00,    1.9563372913E+02
    148700,      0.676950,CP3_after_update_bottom,   1,    0.0000000000E+00,    1.9563372913E+02,    1.9563372913E+02,    0.0000000000E+00,    0.0000000000E+00,    0.0000000000E+00,    1.9563372913E+02
    148700,      0.676950,CP4_after_advection,   1,    0.0000000000E+00,    1.9564057370E+02,    1.9564057370E+02,    0.0000000000E+00,    0.0000000000E+00,    0.0000000000E+00,    1.9564057370E+02
    148700,      0.676950,CP5_after_vdif,   1,    0.0000000000E+00,    1.9564057370E+02,    1.9564057370E+02,    0.0000000000E+00,    0.0000000000E+00,    0.0000000000E+00,    1.9564057370E+02
    148700,      0.676950,CP6_after_kinetics,   1,    0.0000000000E+00,    1.9564057370E+02,    1.9564057370E+02,    0.0000000000E+00,    0.0000000000E+00,    0.0000000000E+00,    1.9564057370E+02
    148700,      0.676950,CP7_after_upper_clamp,   1,    0.0000000000E+00,    1.9564057370E+02,    1.9564057370E+02,    0.0000000000E+00,    0.0000000000E+00,    0.0000000000E+00,    1.9564057370E+02
    148700,      0.676950,CP8_after_OBC,   1,    0.0000000000E+00,    1.9564057370E+02,    1.9564057370E+02,    0.0000000000E+00,    0.0000000000E+00,    0.0000000000E+00,    1.9564057370E+02
    148700,      0.676950,CP9_after_PTsource,   1,    0.0000000000E+00,    1.9564057370E+02,    1.9564057370E+02,    0.0000000000E+00,    0.0000000000E+00,    0.0000000000E+00,    1.9564057370E+02
    148700,      0.676950,CP10_after_neg_clamp,   1,    0.0000000000E+00,    1.9564057370E+02,    1.9564057370E+02,    0.0000000000E+00,    0.0000000000E+00,    0.0000000000E+00,    1.9564057370E+02
    148700,      0.676950,CP11_after_MPI,   1,    0.0000000000E+00,    1.9564057370E+02,    1.9564057370E+02,    0.0000000000E+00,    0.0000000000E+00,    0.0000000000E+00,    1.9564057370E+02
    148700,      0.676950,CP12_end,   1,    0.0000000000E+00,    1.9564057370E+02,    1.9564057370E+02,    0.0000000000E+00,    0.0000000000E+00,    0.0000000000E+00,    1.9564057370E+02
    148750,      0.676950,CP0_start,   1,    0.0000000000E+00,    1.9574743523E+02,    1.9574743523E+02,    0.0000000000E+00,    0.0000000000E+00,    0.0000000000E+00,    1.9574743523E+02
    148750,      0.676950,CP1_after_deposition,   1,    0.0000000000E+00,    1.9574743523E+02,    1.9574743523E+02,    0.0000000000E+00,    0.0000000000E+00,    0.0000000000E+00,    1.9574743523E+02
    148750,      0.676950,CP2_after_erosion,   1,    0.0000000000E+00,    1.9574743523E+02,    1.9574743523E+02,    0.0000000000E+00,    0.0000000000E+00,    0.0000000000E+00,    1.9574743523E+02
    148750,      0.676950,CP3_after_update_bottom,   1,    0.0000000000E+00,    1.9574743523E+02,    1.9574743523E+02,    0.0000000000E+00,    0.0000000000E+00,    0.0000000000E+00,    1.9574743523E+02
    148750,      0.676950,CP4_after_advection,   1,    0.0000000000E+00,    1.9575425648E+02,    1.9575425648E+02,    0.0000000000E+00,    0.0000000000E+00,    0.0000000000E+00,    1.9575425648E+02
    148750,      0.676950,CP5_after_vdif,   1,    0.0000000000E+00,    1.9575425648E+02,    1.9575425648E+02,    0.0000000000E+00,    0.0000000000E+00,    0.0000000000E+00,    1.9575425648E+02
    148750,      0.676950,CP6_after_kinetics,   1,    0.0000000000E+00,    1.9575425648E+02,    1.9575425648E+02,    0.0000000000E+00,    0.0000000000E+00,    0.0000000000E+00,    1.9575425648E+02
    148750,      0.676950,CP7_after_upper_clamp,   1,    0.0000000000E+00,    1.9575425648E+02,    1.9575425648E+02,    0.0000000000E+00,    0.0000000000E+00,    0.0000000000E+00,    1.9575425648E+02
    148750,      0.676950,CP8_after_OBC,   1,    0.0000000000E+00,    1.9575425648E+02,    1.9575425648E+02,    0.0000000000E+00,    0.0000000000E+00,    0.0000000000E+00,    1.9575425648E+02
    148750,      0.676950,CP9_after_PTsource,   1,    0.0000000000E+00,    1.9575425648E+02,    1.9575425648E+02,    0.0000000000E+00,    0.0000000000E+00,    0.0000000000E+00,    1.9575425648E+02
    148750,      0.676950,CP10_after_neg_clamp,   1,    0.0000000000E+00,    1.9575425648E+02,    1.9575425648E+02,    0.0000000000E+00,    0.0000000000E+00,    0.0000000000E+00,    1.9575425648E+02
    148750,      0.676950,CP11_after_MPI,   1,    0.0000000000E+00,    1.9575425648E+02,    1.9575425648E+02,    0.0000000000E+00,    0.0000000000E+00,    0.0000000000E+00,    1.9575425648E+02
    148750,      0.676950,CP12_end,   1,    0.0000000000E+00,    1.9575425648E+02,    1.9575425648E+02,    0.0000000000E+00,    0.0000000000E+00,    0.0000000000E+00,    1.9575425648E+02
    148800,      0.676950,CP0_start,   1,    0.0000000000E+00,    1.9586107728E+02,    1.9586107728E+02,    0.0000000000E+00,    0.0000000000E+00,    0.0000000000E+00,    1.9586107728E+02
    148800,      0.676950,CP1_after_deposition,   1,    0.0000000000E+00,    1.9586107728E+02,    1.9586107728E+02,    0.0000000000E+00,    0.0000000000E+00,    0.0000000000E+00,    1.9586107728E+02
    148800,      0.676950,CP2_after_erosion,   1,    0.0000000000E+00,    1.9586107728E+02,    1.9586107728E+02,    0.0000000000E+00,    0.0000000000E+00,    0.0000000000E+00,    1.9586107728E+02
    148800,      0.676950,CP3_after_update_bottom,   1,    0.0000000000E+00,    1.9586107728E+02,    1.9586107728E+02,    0.0000000000E+00,    0.0000000000E+00,    0.0000000000E+00,    1.9586107728E+02
    148800,      0.676950,CP4_after_advection,   1,    0.0000000000E+00,    1.9586787389E+02,    1.9586787389E+02,    0.0000000000E+00,    0.0000000000E+00,    0.0000000000E+00,    1.9586787389E+02
    148800,      0.676950,CP5_after_vdif,   1,    0.0000000000E+00,    1.9586787389E+02,    1.9586787389E+02,    0.0000000000E+00,    0.0000000000E+00,    0.0000000000E+00,    1.9586787389E+02
    148800,      0.676950,CP6_after_kinetics,   1,    0.0000000000E+00,    1.9586787389E+02,    1.9586787389E+02,    0.0000000000E+00,    0.0000000000E+00,    0.0000000000E+00,    1.9586787389E+02
    148800,      0.676950,CP7_after_upper_clamp,   1,    0.0000000000E+00,    1.9586787389E+02,    1.9586787389E+02,    0.0000000000E+00,    0.0000000000E+00,    0.0000000000E+00,    1.9586787389E+02
    148800,      0.676950,CP8_after_OBC,   1,    0.0000000000E+00,    1.9586787389E+02,    1.9586787389E+02,    0.0000000000E+00,    0.0000000000E+00,    0.0000000000E+00,    1.9586787389E+02
    148800,      0.676950,CP9_after_PTsource,   1,    0.0000000000E+00,    1.9586787389E+02,    1.9586787389E+02,    0.0000000000E+00,    0.0000000000E+00,    0.0000000000E+00,    1.9586787389E+02
    148800,      0.676950,CP10_after_neg_clamp,   1,    0.0000000000E+00,    1.9586787389E+02,    1.9586787389E+02,    0.0000000000E+00,    0.0000000000E+00,    0.0000000000E+00,    1.9586787389E+02
    148800,      0.676950,CP11_after_MPI,   1,    0.0000000000E+00,    1.9586787389E+02,    1.9586787389E+02,    0.0000000000E+00,    0.0000000000E+00,    0.0000000000E+00,    1.9586787389E+02
    148800,      0.676950,CP12_end,   1,    0.0000000000E+00,    1.9586787389E+02,    1.9586787389E+02,    0.0000000000E+00,    0.0000000000E+00,    0.0000000000E+00,    1.9586787389E+02
    148850,      0.676950,CP0_start,   1,    0.0000000000E+00,    1.9597472359E+02,    1.9597472359E+02,    0.0000000000E+00,    0.0000000000E+00,    0.0000000000E+00,    1.9597472359E+02
    148850,      0.676950,CP1_after_deposition,   1,    0.0000000000E+00,    1.9597472359E+02,    1.9597472359E+02,    0.0000000000E+00,    0.0000000000E+00,    0.0000000000E+00,    1.9597472359E+02
    148850,      0.676950,CP2_after_erosion,   1,    0.0000000000E+00,    1.9597472359E+02,    1.9597472359E+02,    0.0000000000E+00,    0.0000000000E+00,    0.0000000000E+00,    1.9597472359E+02
    148850,      0.676950,CP3_after_update_bottom,   1,    0.0000000000E+00,    1.9597472359E+02,    1.9597472359E+02,    0.0000000000E+00,    0.0000000000E+00,    0.0000000000E+00,    1.9597472359E+02
    148850,      0.676950,CP4_after_advection,   1,    0.0000000000E+00,    1.9598150178E+02,    1.9598150178E+02,    0.0000000000E+00,    0.0000000000E+00,    0.0000000000E+00,    1.9598150178E+02
    148850,      0.676950,CP5_after_vdif,   1,    0.0000000000E+00,    1.9598150178E+02,    1.9598150178E+02,    0.0000000000E+00,    0.0000000000E+00,    0.0000000000E+00,    1.9598150178E+02
    148850,      0.676950,CP6_after_kinetics,   1,    0.0000000000E+00,    1.9598150178E+02,    1.9598150178E+02,    0.0000000000E+00,    0.0000000000E+00,    0.0000000000E+00,    1.9598150178E+02
    148850,      0.676950,CP7_after_upper_clamp,   1,    0.0000000000E+00,    1.9598150178E+02,    1.9598150178E+02,    0.0000000000E+00,    0.0000000000E+00,    0.0000000000E+00,    1.9598150178E+02
    148850,      0.676950,CP8_after_OBC,   1,    0.0000000000E+00,    1.9598150178E+02,    1.9598150178E+02,    0.0000000000E+00,    0.0000000000E+00,    0.0000000000E+00,    1.9598150178E+02
    148850,      0.676950,CP9_after_PTsource,   1,    0.0000000000E+00,    1.9598150178E+02,    1.9598150178E+02,    0.0000000000E+00,    0.0000000000E+00,    0.0000000000E+00,    1.9598150178E+02
    148850,      0.676950,CP10_after_neg_clamp,   1,    0.0000000000E+00,    1.9598150178E+02,    1.9598150178E+02,    0.0000000000E+00,    0.0000000000E+00,    0.0000000000E+00,    1.9598150178E+02
    148850,      0.676950,CP11_after_MPI,   1,    0.0000000000E+00,    1.9598150178E+02,    1.9598150178E+02,    0.0000000000E+00,    0.0000000000E+00,    0.0000000000E+00,    1.9598150178E+02
    148850,      0.676950,CP12_end,   1,    0.0000000000E+00,    1.9598150178E+02,    1.9598150178E+02,    0.0000000000E+00,    0.0000000000E+00,    0.0000000000E+00,    1.9598150178E+02
    148900,      0.676950,CP0_start,   1,    0.0000000000E+00,    1.9608836860E+02,    1.9608836860E+02,    0.0000000000E+00,    0.0000000000E+00,    0.0000000000E+00,    1.9608836860E+02
    148900,      0.676950,CP1_after_deposition,   1,    0.0000000000E+00,    1.9608836860E+02,    1.9608836860E+02,    0.0000000000E+00,    0.0000000000E+00,    0.0000000000E+00,    1.9608836860E+02
    148900,      0.676950,CP2_after_erosion,   1,    0.0000000000E+00,    1.9608836860E+02,    1.9608836860E+02,    0.0000000000E+00,    0.0000000000E+00,    0.0000000000E+00,    1.9608836860E+02
    148900,      0.676950,CP3_after_update_bottom,   1,    0.0000000000E+00,    1.9608836860E+02,    1.9608836860E+02,    0.0000000000E+00,    0.0000000000E+00,    0.0000000000E+00,    1.9608836860E+02
    148900,      0.676950,CP4_after_advection,   1,    0.0000000000E+00,    1.9609512038E+02,    1.9609512038E+02,    0.0000000000E+00,    0.0000000000E+00,    0.0000000000E+00,    1.9609512038E+02
    148900,      0.676950,CP5_after_vdif,   1,    0.0000000000E+00,    1.9609512038E+02,    1.9609512038E+02,    0.0000000000E+00,    0.0000000000E+00,    0.0000000000E+00,    1.9609512038E+02
    148900,      0.676950,CP6_after_kinetics,   1,    0.0000000000E+00,    1.9609512038E+02,    1.9609512038E+02,    0.0000000000E+00,    0.0000000000E+00,    0.0000000000E+00,    1.9609512038E+02
    148900,      0.676950,CP7_after_upper_clamp,   1,    0.0000000000E+00,    1.9609512038E+02,    1.9609512038E+02,    0.0000000000E+00,    0.0000000000E+00,    0.0000000000E+00,    1.9609512038E+02
    148900,      0.676950,CP8_after_OBC,   1,    0.0000000000E+00,    1.9609512038E+02,    1.9609512038E+02,    0.0000000000E+00,    0.0000000000E+00,    0.0000000000E+00,    1.9609512038E+02
    148900,      0.676950,CP9_after_PTsource,   1,    0.0000000000E+00,    1.9609512038E+02,    1.9609512038E+02,    0.0000000000E+00,    0.0000000000E+00,    0.0000000000E+00,    1.9609512038E+02
    148900,      0.676950,CP10_after_neg_clamp,   1,    0.0000000000E+00,    1.9609512038E+02,    1.9609512038E+02,    0.0000000000E+00,    0.0000000000E+00,    0.0000000000E+00,    1.9609512038E+02
    148900,      0.676950,CP11_after_MPI,   1,    0.0000000000E+00,    1.9609512038E+02,    1.9609512038E+02,    0.0000000000E+00,    0.0000000000E+00,    0.0000000000E+00,    1.9609512038E+02
    148900,      0.676950,CP12_end,   1,    0.0000000000E+00,    1.9609512038E+02,    1.9609512038E+02,    0.0000000000E+00,    0.0000000000E+00,    0.0000000000E+00,    1.9609512038E+02
    148950,      0.676950,CP0_start,   1,    0.0000000000E+00,    1.9620203756E+02,    1.9620203756E+02,    0.0000000000E+00,    0.0000000000E+00,    0.0000000000E+00,    1.9620203756E+02
    148950,      0.676950,CP1_after_deposition,   1,    0.0000000000E+00,    1.9620203756E+02,    1.9620203756E+02,    0.0000000000E+00,    0.0000000000E+00,    0.0000000000E+00,    1.9620203756E+02
    148950,      0.676950,CP2_after_erosion,   1,    0.0000000000E+00,    1.9620203756E+02,    1.9620203756E+02,    0.0000000000E+00,    0.0000000000E+00,    0.0000000000E+00,    1.9620203756E+02
    148950,      0.676950,CP3_after_update_bottom,   1,    0.0000000000E+00,    1.9620203756E+02,    1.9620203756E+02,    0.0000000000E+00,    0.0000000000E+00,    0.0000000000E+00,    1.9620203756E+02
    148950,      0.676950,CP4_after_advection,   1,    0.0000000000E+00,    1.9620876457E+02,    1.9620876457E+02,    0.0000000000E+00,    0.0000000000E+00,    0.0000000000E+00,    1.9620876457E+02
    148950,      0.676950,CP5_after_vdif,   1,    0.0000000000E+00,    1.9620876457E+02,    1.9620876457E+02,    0.0000000000E+00,    0.0000000000E+00,    0.0000000000E+00,    1.9620876457E+02
    148950,      0.676950,CP6_after_kinetics,   1,    0.0000000000E+00,    1.9620876457E+02,    1.9620876457E+02,    0.0000000000E+00,    0.0000000000E+00,    0.0000000000E+00,    1.9620876457E+02
    148950,      0.676950,CP7_after_upper_clamp,   1,    0.0000000000E+00,    1.9620876457E+02,    1.9620876457E+02,    0.0000000000E+00,    0.0000000000E+00,    0.0000000000E+00,    1.9620876457E+02
    148950,      0.676950,CP8_after_OBC,   1,    0.0000000000E+00,    1.9620876457E+02,    1.9620876457E+02,    0.0000000000E+00,    0.0000000000E+00,    0.0000000000E+00,    1.9620876457E+02
    148950,      0.676950,CP9_after_PTsource,   1,    0.0000000000E+00,    1.9620876457E+02,    1.9620876457E+02,    0.0000000000E+00,    0.0000000000E+00,    0.0000000000E+00,    1.9620876457E+02
    148950,      0.676950,CP10_after_neg_clamp,   1,    0.0000000000E+00,    1.9620876457E+02,    1.9620876457E+02,    0.0000000000E+00,    0.0000000000E+00,    0.0000000000E+00,    1.9620876457E+02
    148950,      0.676950,CP11_after_MPI,   1,    0.0000000000E+00,    1.9620876457E+02,    1.9620876457E+02,    0.0000000000E+00,    0.0000000000E+00,    0.0000000000E+00,    1.9620876457E+02
    148950,      0.676950,CP12_end,   1,    0.0000000000E+00,    1.9620876457E+02,    1.9620876457E+02,    0.0000000000E+00,    0.0000000000E+00,    0.0000000000E+00,    1.9620876457E+02
    149000,      0.676950,CP0_start,   1,    0.0000000000E+00,    1.9631574970E+02,    1.9631574970E+02,    0.0000000000E+00,    0.0000000000E+00,    0.0000000000E+00,    1.9631574970E+02
    149000,      0.676950,CP1_after_deposition,   1,    0.0000000000E+00,    1.9631574970E+02,    1.9631574970E+02,    0.0000000000E+00,    0.0000000000E+00,    0.0000000000E+00,    1.9631574970E+02
    149000,      0.676950,CP2_after_erosion,   1,    0.0000000000E+00,    1.9631574970E+02,    1.9631574970E+02,    0.0000000000E+00,    0.0000000000E+00,    0.0000000000E+00,    1.9631574970E+02
    149000,      0.676950,CP3_after_update_bottom,   1,    0.0000000000E+00,    1.9631574970E+02,    1.9631574970E+02,    0.0000000000E+00,    0.0000000000E+00,    0.0000000000E+00,    1.9631574970E+02
    149000,      0.676950,CP4_after_advection,   1,    0.0000000000E+00,    1.9632245809E+02,    1.9632245809E+02,    0.0000000000E+00,    0.0000000000E+00,    0.0000000000E+00,    1.9632245809E+02
    149000,      0.676950,CP5_after_vdif,   1,    0.0000000000E+00,    1.9632245809E+02,    1.9632245809E+02,    0.0000000000E+00,    0.0000000000E+00,    0.0000000000E+00,    1.9632245809E+02
    149000,      0.676950,CP6_after_kinetics,   1,    0.0000000000E+00,    1.9632245809E+02,    1.9632245809E+02,    0.0000000000E+00,    0.0000000000E+00,    0.0000000000E+00,    1.9632245809E+02
    149000,      0.676950,CP7_after_upper_clamp,   1,    0.0000000000E+00,    1.9632245809E+02,    1.9632245809E+02,    0.0000000000E+00,    0.0000000000E+00,    0.0000000000E+00,    1.9632245809E+02
    149000,      0.676950,CP8_after_OBC,   1,    0.0000000000E+00,    1.9632245809E+02,    1.9632245809E+02,    0.0000000000E+00,    0.0000000000E+00,    0.0000000000E+00,    1.9632245809E+02
    149000,      0.676950,CP9_after_PTsource,   1,    0.0000000000E+00,    1.9632245809E+02,    1.9632245809E+02,    0.0000000000E+00,    0.0000000000E+00,    0.0000000000E+00,    1.9632245809E+02
    149000,      0.676950,CP10_after_neg_clamp,   1,    0.0000000000E+00,    1.9632245809E+02,    1.9632245809E+02,    0.0000000000E+00,    0.0000000000E+00,    0.0000000000E+00,    1.9632245809E+02
    149000,      0.676950,CP11_after_MPI,   1,    0.0000000000E+00,    1.9632245809E+02,    1.9632245809E+02,    0.0000000000E+00,    0.0000000000E+00,    0.0000000000E+00,    1.9632245809E+02
    149000,      0.676950,CP12_end,   1,    0.0000000000E+00,    1.9632245809E+02,    1.9632245809E+02,    0.0000000000E+00,    0.0000000000E+00,    0.0000000000E+00,    1.9632245809E+02
    149050,      0.676950,CP0_start,   1,    0.0000000000E+00,    1.9642952475E+02,    1.9642952475E+02,    0.0000000000E+00,    0.0000000000E+00,    0.0000000000E+00,    1.9642952475E+02
    149050,      0.676950,CP1_after_deposition,   1,    0.0000000000E+00,    1.9642952475E+02,    1.9642952475E+02,    0.0000000000E+00,    0.0000000000E+00,    0.0000000000E+00,    1.9642952475E+02
    149050,      0.676950,CP2_after_erosion,   1,    0.0000000000E+00,    1.9642952475E+02,    1.9642952475E+02,    0.0000000000E+00,    0.0000000000E+00,    0.0000000000E+00,    1.9642952475E+02
    149050,      0.676950,CP3_after_update_bottom,   1,    0.0000000000E+00,    1.9642952475E+02,    1.9642952475E+02,    0.0000000000E+00,    0.0000000000E+00,    0.0000000000E+00,    1.9642952475E+02
    149050,      0.676950,CP4_after_advection,   1,    0.0000000000E+00,    1.9643621202E+02,    1.9643621202E+02,    0.0000000000E+00,    0.0000000000E+00,    0.0000000000E+00,    1.9643621202E+02
    149050,      0.676950,CP5_after_vdif,   1,    0.0000000000E+00,    1.9643621202E+02,    1.9643621202E+02,    0.0000000000E+00,    0.0000000000E+00,    0.0000000000E+00,    1.9643621202E+02
    149050,      0.676950,CP6_after_kinetics,   1,    0.0000000000E+00,    1.9643621202E+02,    1.9643621202E+02,    0.0000000000E+00,    0.0000000000E+00,    0.0000000000E+00,    1.9643621202E+02
    149050,      0.676950,CP7_after_upper_clamp,   1,    0.0000000000E+00,    1.9643621202E+02,    1.9643621202E+02,    0.0000000000E+00,    0.0000000000E+00,    0.0000000000E+00,    1.9643621202E+02
    149050,      0.676950,CP8_after_OBC,   1,    0.0000000000E+00,    1.9643621202E+02,    1.9643621202E+02,    0.0000000000E+00,    0.0000000000E+00,    0.0000000000E+00,    1.9643621202E+02
    149050,      0.676950,CP9_after_PTsource,   1,    0.0000000000E+00,    1.9643621202E+02,    1.9643621202E+02,    0.0000000000E+00,    0.0000000000E+00,    0.0000000000E+00,    1.9643621202E+02
    149050,      0.676950,CP10_after_neg_clamp,   1,    0.0000000000E+00,    1.9643621202E+02,    1.9643621202E+02,    0.0000000000E+00,    0.0000000000E+00,    0.0000000000E+00,    1.9643621202E+02
    149050,      0.676950,CP11_after_MPI,   1,    0.0000000000E+00,    1.9643621202E+02,    1.9643621202E+02,    0.0000000000E+00,    0.0000000000E+00,    0.0000000000E+00,    1.9643621202E+02
    149050,      0.676950,CP12_end,   1,    0.0000000000E+00,    1.9643621202E+02,    1.9643621202E+02,    0.0000000000E+00,    0.0000000000E+00,    0.0000000000E+00,    1.9643621202E+02
    149100,      0.676950,CP0_start,   1,    0.0000000000E+00,    1.9654348128E+02,    1.9654348128E+02,    0.0000000000E+00,    0.0000000000E+00,    0.0000000000E+00,    1.9654348128E+02
    149100,      0.676950,CP1_after_deposition,   1,    0.0000000000E+00,    1.9654348128E+02,    1.9654348128E+02,    0.0000000000E+00,    0.0000000000E+00,    0.0000000000E+00,    1.9654348128E+02
    149100,      0.676950,CP2_after_erosion,   1,    0.0000000000E+00,    1.9654348128E+02,    1.9654348128E+02,    0.0000000000E+00,    0.0000000000E+00,    0.0000000000E+00,    1.9654348128E+02
    149100,      0.676950,CP3_after_update_bottom,   1,    0.0000000000E+00,    1.9654348128E+02,    1.9654348128E+02,    0.0000000000E+00,    0.0000000000E+00,    0.0000000000E+00,    1.9654348128E+02
    149100,      0.676950,CP4_after_advection,   1,    0.0000000000E+00,    1.9655015167E+02,    1.9655015167E+02,    0.0000000000E+00,    0.0000000000E+00,    0.0000000000E+00,    1.9655015167E+02
    149100,      0.676950,CP5_after_vdif,   1,    0.0000000000E+00,    1.9655015167E+02,    1.9655015167E+02,    0.0000000000E+00,    0.0000000000E+00,    0.0000000000E+00,    1.9655015167E+02
    149100,      0.676950,CP6_after_kinetics,   1,    0.0000000000E+00,    1.9655015167E+02,    1.9655015167E+02,    0.0000000000E+00,    0.0000000000E+00,    0.0000000000E+00,    1.9655015167E+02
    149100,      0.676950,CP7_after_upper_clamp,   1,    0.0000000000E+00,    1.9655015167E+02,    1.9655015167E+02,    0.0000000000E+00,    0.0000000000E+00,    0.0000000000E+00,    1.9655015167E+02
    149100,      0.676950,CP8_after_OBC,   1,    0.0000000000E+00,    1.9655015167E+02,    1.9655015167E+02,    0.0000000000E+00,    0.0000000000E+00,    0.0000000000E+00,    1.9655015167E+02
    149100,      0.676950,CP9_after_PTsource,   1,    0.0000000000E+00,    1.9655015167E+02,    1.9655015167E+02,    0.0000000000E+00,    0.0000000000E+00,    0.0000000000E+00,    1.9655015167E+02
    149100,      0.676950,CP10_after_neg_clamp,   1,    0.0000000000E+00,    1.9655015167E+02,    1.9655015167E+02,    0.0000000000E+00,    0.0000000000E+00,    0.0000000000E+00,    1.9655015167E+02
    149100,      0.676950,CP11_after_MPI,   1,    0.0000000000E+00,    1.9655015167E+02,    1.9655015167E+02,    0.0000000000E+00,    0.0000000000E+00,    0.0000000000E+00,    1.9655015167E+02
    149100,      0.676950,CP12_end,   1,    0.0000000000E+00,    1.9655015167E+02,    1.9655015167E+02,    0.0000000000E+00,    0.0000000000E+00,    0.0000000000E+00,    1.9655015167E+02
    149150,      0.676950,CP0_start,   1,    0.0000000000E+00,    1.9665770905E+02,    1.9665770905E+02,    0.0000000000E+00,    0.0000000000E+00,    0.0000000000E+00,    1.9665770905E+02
    149150,      0.676950,CP1_after_deposition,   1,    0.0000000000E+00,    1.9665770905E+02,    1.9665770905E+02,    0.0000000000E+00,    0.0000000000E+00,    0.0000000000E+00,    1.9665770905E+02
    149150,      0.676950,CP2_after_erosion,   1,    0.0000000000E+00,    1.9665770905E+02,    1.9665770905E+02,    0.0000000000E+00,    0.0000000000E+00,    0.0000000000E+00,    1.9665770905E+02
    149150,      0.676950,CP3_after_update_bottom,   1,    0.0000000000E+00,    1.9665770905E+02,    1.9665770905E+02,    0.0000000000E+00,    0.0000000000E+00,    0.0000000000E+00,    1.9665770905E+02
    149150,      0.676950,CP4_after_advection,   1,    0.0000000000E+00,    1.9666436127E+02,    1.9666436127E+02,    0.0000000000E+00,    0.0000000000E+00,    0.0000000000E+00,    1.9666436127E+02
    149150,      0.676950,CP5_after_vdif,   1,    0.0000000000E+00,    1.9666436127E+02,    1.9666436127E+02,    0.0000000000E+00,    0.0000000000E+00,    0.0000000000E+00,    1.9666436127E+02
    149150,      0.676950,CP6_after_kinetics,   1,    0.0000000000E+00,    1.9666436127E+02,    1.9666436127E+02,    0.0000000000E+00,    0.0000000000E+00,    0.0000000000E+00,    1.9666436127E+02
    149150,      0.676950,CP7_after_upper_clamp,   1,    0.0000000000E+00,    1.9666436127E+02,    1.9666436127E+02,    0.0000000000E+00,    0.0000000000E+00,    0.0000000000E+00,    1.9666436127E+02
    149150,      0.676950,CP8_after_OBC,   1,    0.0000000000E+00,    1.9666436127E+02,    1.9666436127E+02,    0.0000000000E+00,    0.0000000000E+00,    0.0000000000E+00,    1.9666436127E+02
    149150,      0.676950,CP9_after_PTsource,   1,    0.0000000000E+00,    1.9666436127E+02,    1.9666436127E+02,    0.0000000000E+00,    0.0000000000E+00,    0.0000000000E+00,    1.9666436127E+02
    149150,      0.676950,CP10_after_neg_clamp,   1,    0.0000000000E+00,    1.9666436127E+02,    1.9666436127E+02,    0.0000000000E+00,    0.0000000000E+00,    0.0000000000E+00,    1.9666436127E+02
    149150,      0.676950,CP11_after_MPI,   1,    0.0000000000E+00,    1.9666436127E+02,    1.9666436127E+02,    0.0000000000E+00,    0.0000000000E+00,    0.0000000000E+00,    1.9666436127E+02
    149150,      0.676950,CP12_end,   1,    0.0000000000E+00,    1.9666436127E+02,    1.9666436127E+02,    0.0000000000E+00,    0.0000000000E+00,    0.0000000000E+00,    1.9666436127E+02
    149200,      0.676950,CP0_start,   1,    0.0000000000E+00,    1.9677215248E+02,    1.9677215248E+02,    0.0000000000E+00,    0.0000000000E+00,    0.0000000000E+00,    1.9677215248E+02
    149200,      0.676950,CP1_after_deposition,   1,    0.0000000000E+00,    1.9677215248E+02,    1.9677215248E+02,    0.0000000000E+00,    0.0000000000E+00,    0.0000000000E+00,    1.9677215248E+02
    149200,      0.676950,CP2_after_erosion,   1,    0.0000000000E+00,    1.9677215248E+02,    1.9677215248E+02,    0.0000000000E+00,    0.0000000000E+00,    0.0000000000E+00,    1.9677215248E+02
    149200,      0.676950,CP3_after_update_bottom,   1,    0.0000000000E+00,    1.9677215248E+02,    1.9677215248E+02,    0.0000000000E+00,    0.0000000000E+00,    0.0000000000E+00,    1.9677215248E+02
    149200,      0.676950,CP4_after_advection,   1,    0.0000000000E+00,    1.9677878102E+02,    1.9677878102E+02,    0.0000000000E+00,    0.0000000000E+00,    0.0000000000E+00,    1.9677878102E+02
    149200,      0.676950,CP5_after_vdif,   1,    0.0000000000E+00,    1.9677878102E+02,    1.9677878102E+02,    0.0000000000E+00,    0.0000000000E+00,    0.0000000000E+00,    1.9677878102E+02
    149200,      0.676950,CP6_after_kinetics,   1,    0.0000000000E+00,    1.9677878102E+02,    1.9677878102E+02,    0.0000000000E+00,    0.0000000000E+00,    0.0000000000E+00,    1.9677878102E+02
    149200,      0.676950,CP7_after_upper_clamp,   1,    0.0000000000E+00,    1.9677878102E+02,    1.9677878102E+02,    0.0000000000E+00,    0.0000000000E+00,    0.0000000000E+00,    1.9677878102E+02
    149200,      0.676950,CP8_after_OBC,   1,    0.0000000000E+00,    1.9677878102E+02,    1.9677878102E+02,    0.0000000000E+00,    0.0000000000E+00,    0.0000000000E+00,    1.9677878102E+02
    149200,      0.676950,CP9_after_PTsource,   1,    0.0000000000E+00,    1.9677878102E+02,    1.9677878102E+02,    0.0000000000E+00,    0.0000000000E+00,    0.0000000000E+00,    1.9677878102E+02
    149200,      0.676950,CP10_after_neg_clamp,   1,    0.0000000000E+00,    1.9677878102E+02,    1.9677878102E+02,    0.0000000000E+00,    0.0000000000E+00,    0.0000000000E+00,    1.9677878102E+02
    149200,      0.676950,CP11_after_MPI,   1,    0.0000000000E+00,    1.9677878102E+02,    1.9677878102E+02,    0.0000000000E+00,    0.0000000000E+00,    0.0000000000E+00,    1.9677878102E+02
    149200,      0.676950,CP12_end,   1,    0.0000000000E+00,    1.9677878102E+02,    1.9677878102E+02,    0.0000000000E+00,    0.0000000000E+00,    0.0000000000E+00,    1.9677878102E+02
    149250,      0.676950,CP0_start,   1,    0.0000000000E+00,    1.9688684652E+02,    1.9688684652E+02,    0.0000000000E+00,    0.0000000000E+00,    0.0000000000E+00,    1.9688684652E+02
    149250,      0.676950,CP1_after_deposition,   1,    0.0000000000E+00,    1.9688684652E+02,    1.9688684652E+02,    0.0000000000E+00,    0.0000000000E+00,    0.0000000000E+00,    1.9688684652E+02
    149250,      0.676950,CP2_after_erosion,   1,    0.0000000000E+00,    1.9688684652E+02,    1.9688684652E+02,    0.0000000000E+00,    0.0000000000E+00,    0.0000000000E+00,    1.9688684652E+02
    149250,      0.676950,CP3_after_update_bottom,   1,    0.0000000000E+00,    1.9688684652E+02,    1.9688684652E+02,    0.0000000000E+00,    0.0000000000E+00,    0.0000000000E+00,    1.9688684652E+02
    149250,      0.676950,CP4_after_advection,   1,    0.0000000000E+00,    1.9689345773E+02,    1.9689345773E+02,    0.0000000000E+00,    0.0000000000E+00,    0.0000000000E+00,    1.9689345773E+02
    149250,      0.676950,CP5_after_vdif,   1,    0.0000000000E+00,    1.9689345773E+02,    1.9689345773E+02,    0.0000000000E+00,    0.0000000000E+00,    0.0000000000E+00,    1.9689345773E+02
    149250,      0.676950,CP6_after_kinetics,   1,    0.0000000000E+00,    1.9689345773E+02,    1.9689345773E+02,    0.0000000000E+00,    0.0000000000E+00,    0.0000000000E+00,    1.9689345773E+02
    149250,      0.676950,CP7_after_upper_clamp,   1,    0.0000000000E+00,    1.9689345773E+02,    1.9689345773E+02,    0.0000000000E+00,    0.0000000000E+00,    0.0000000000E+00,    1.9689345773E+02
    149250,      0.676950,CP8_after_OBC,   1,    0.0000000000E+00,    1.9689345773E+02,    1.9689345773E+02,    0.0000000000E+00,    0.0000000000E+00,    0.0000000000E+00,    1.9689345773E+02
    149250,      0.676950,CP9_after_PTsource,   1,    0.0000000000E+00,    1.9689345773E+02,    1.9689345773E+02,    0.0000000000E+00,    0.0000000000E+00,    0.0000000000E+00,    1.9689345773E+02
    149250,      0.676950,CP10_after_neg_clamp,   1,    0.0000000000E+00,    1.9689345773E+02,    1.9689345773E+02,    0.0000000000E+00,    0.0000000000E+00,    0.0000000000E+00,    1.9689345773E+02
    149250,      0.676950,CP11_after_MPI,   1,    0.0000000000E+00,    1.9689345773E+02,    1.9689345773E+02,    0.0000000000E+00,    0.0000000000E+00,    0.0000000000E+00,    1.9689345773E+02
    149250,      0.676950,CP12_end,   1,    0.0000000000E+00,    1.9689345773E+02,    1.9689345773E+02,    0.0000000000E+00,    0.0000000000E+00,    0.0000000000E+00,    1.9689345773E+02
    149300,      0.676950,CP0_start,   1,    0.0000000000E+00,    1.9700179935E+02,    1.9700179935E+02,    0.0000000000E+00,    0.0000000000E+00,    0.0000000000E+00,    1.9700179935E+02
    149300,      0.676950,CP1_after_deposition,   1,    0.0000000000E+00,    1.9700179935E+02,    1.9700179935E+02,    0.0000000000E+00,    0.0000000000E+00,    0.0000000000E+00,    1.9700179935E+02
    149300,      0.676950,CP2_after_erosion,   1,    0.0000000000E+00,    1.9700179935E+02,    1.9700179935E+02,    0.0000000000E+00,    0.0000000000E+00,    0.0000000000E+00,    1.9700179935E+02
    149300,      0.676950,CP3_after_update_bottom,   1,    0.0000000000E+00,    1.9700179935E+02,    1.9700179935E+02,    0.0000000000E+00,    0.0000000000E+00,    0.0000000000E+00,    1.9700179935E+02
    149300,      0.676950,CP4_after_advection,   1,    0.0000000000E+00,    1.9700839366E+02,    1.9700839366E+02,    0.0000000000E+00,    0.0000000000E+00,    0.0000000000E+00,    1.9700839366E+02
    149300,      0.676950,CP5_after_vdif,   1,    0.0000000000E+00,    1.9700839366E+02,    1.9700839366E+02,    0.0000000000E+00,    0.0000000000E+00,    0.0000000000E+00,    1.9700839366E+02
    149300,      0.676950,CP6_after_kinetics,   1,    0.0000000000E+00,    1.9700839366E+02,    1.9700839366E+02,    0.0000000000E+00,    0.0000000000E+00,    0.0000000000E+00,    1.9700839366E+02
    149300,      0.676950,CP7_after_upper_clamp,   1,    0.0000000000E+00,    1.9700839366E+02,    1.9700839366E+02,    0.0000000000E+00,    0.0000000000E+00,    0.0000000000E+00,    1.9700839366E+02
    149300,      0.676950,CP8_after_OBC,   1,    0.0000000000E+00,    1.9700839366E+02,    1.9700839366E+02,    0.0000000000E+00,    0.0000000000E+00,    0.0000000000E+00,    1.9700839366E+02
    149300,      0.676950,CP9_after_PTsource,   1,    0.0000000000E+00,    1.9700839366E+02,    1.9700839366E+02,    0.0000000000E+00,    0.0000000000E+00,    0.0000000000E+00,    1.9700839366E+02
    149300,      0.676950,CP10_after_neg_clamp,   1,    0.0000000000E+00,    1.9700839366E+02,    1.9700839366E+02,    0.0000000000E+00,    0.0000000000E+00,    0.0000000000E+00,    1.9700839366E+02
    149300,      0.676950,CP11_after_MPI,   1,    0.0000000000E+00,    1.9700839366E+02,    1.9700839366E+02,    0.0000000000E+00,    0.0000000000E+00,    0.0000000000E+00,    1.9700839366E+02
    149300,      0.676950,CP12_end,   1,    0.0000000000E+00,    1.9700839366E+02,    1.9700839366E+02,    0.0000000000E+00,    0.0000000000E+00,    0.0000000000E+00,    1.9700839366E+02
    149350,      0.676950,CP0_start,   1,    0.0000000000E+00,    1.9711703056E+02,    1.9711703056E+02,    0.0000000000E+00,    0.0000000000E+00,    0.0000000000E+00,    1.9711703056E+02
    149350,      0.676950,CP1_after_deposition,   1,    0.0000000000E+00,    1.9711703056E+02,    1.9711703056E+02,    0.0000000000E+00,    0.0000000000E+00,    0.0000000000E+00,    1.9711703056E+02
    149350,      0.676950,CP2_after_erosion,   1,    0.0000000000E+00,    1.9711703056E+02,    1.9711703056E+02,    0.0000000000E+00,    0.0000000000E+00,    0.0000000000E+00,    1.9711703056E+02
    149350,      0.676950,CP3_after_update_bottom,   1,    0.0000000000E+00,    1.9711703056E+02,    1.9711703056E+02,    0.0000000000E+00,    0.0000000000E+00,    0.0000000000E+00,    1.9711703056E+02
    149350,      0.676950,CP4_after_advection,   1,    0.0000000000E+00,    1.9712360771E+02,    1.9712360771E+02,    0.0000000000E+00,    0.0000000000E+00,    0.0000000000E+00,    1.9712360771E+02
    149350,      0.676950,CP5_after_vdif,   1,    0.0000000000E+00,    1.9712360771E+02,    1.9712360771E+02,    0.0000000000E+00,    0.0000000000E+00,    0.0000000000E+00,    1.9712360771E+02
    149350,      0.676950,CP6_after_kinetics,   1,    0.0000000000E+00,    1.9712360771E+02,    1.9712360771E+02,    0.0000000000E+00,    0.0000000000E+00,    0.0000000000E+00,    1.9712360771E+02
    149350,      0.676950,CP7_after_upper_clamp,   1,    0.0000000000E+00,    1.9712360771E+02,    1.9712360771E+02,    0.0000000000E+00,    0.0000000000E+00,    0.0000000000E+00,    1.9712360771E+02
    149350,      0.676950,CP8_after_OBC,   1,    0.0000000000E+00,    1.9712360771E+02,    1.9712360771E+02,    0.0000000000E+00,    0.0000000000E+00,    0.0000000000E+00,    1.9712360771E+02
    149350,      0.676950,CP9_after_PTsource,   1,    0.0000000000E+00,    1.9712360771E+02,    1.9712360771E+02,    0.0000000000E+00,    0.0000000000E+00,    0.0000000000E+00,    1.9712360771E+02
    149350,      0.676950,CP10_after_neg_clamp,   1,    0.0000000000E+00,    1.9712360771E+02,    1.9712360771E+02,    0.0000000000E+00,    0.0000000000E+00,    0.0000000000E+00,    1.9712360771E+02
    149350,      0.676950,CP11_after_MPI,   1,    0.0000000000E+00,    1.9712360771E+02,    1.9712360771E+02,    0.0000000000E+00,    0.0000000000E+00,    0.0000000000E+00,    1.9712360771E+02
    149350,      0.676950,CP12_end,   1,    0.0000000000E+00,    1.9712360771E+02,    1.9712360771E+02,    0.0000000000E+00,    0.0000000000E+00,    0.0000000000E+00,    1.9712360771E+02
    149400,      0.676950,CP0_start,   1,    0.0000000000E+00,    1.9723258682E+02,    1.9723258682E+02,    0.0000000000E+00,    0.0000000000E+00,    0.0000000000E+00,    1.9723258682E+02
    149400,      0.676950,CP1_after_deposition,   1,    0.0000000000E+00,    1.9723258682E+02,    1.9723258682E+02,    0.0000000000E+00,    0.0000000000E+00,    0.0000000000E+00,    1.9723258682E+02
    149400,      0.676950,CP2_after_erosion,   1,    0.0000000000E+00,    1.9723258682E+02,    1.9723258682E+02,    0.0000000000E+00,    0.0000000000E+00,    0.0000000000E+00,    1.9723258682E+02
    149400,      0.676950,CP3_after_update_bottom,   1,    0.0000000000E+00,    1.9723258682E+02,    1.9723258682E+02,    0.0000000000E+00,    0.0000000000E+00,    0.0000000000E+00,    1.9723258682E+02
    149400,      0.676950,CP4_after_advection,   1,    0.0000000000E+00,    1.9723914720E+02,    1.9723914720E+02,    0.0000000000E+00,    0.0000000000E+00,    0.0000000000E+00,    1.9723914720E+02
    149400,      0.676950,CP5_after_vdif,   1,    0.0000000000E+00,    1.9723914720E+02,    1.9723914720E+02,    0.0000000000E+00,    0.0000000000E+00,    0.0000000000E+00,    1.9723914720E+02
    149400,      0.676950,CP6_after_kinetics,   1,    0.0000000000E+00,    1.9723914720E+02,    1.9723914720E+02,    0.0000000000E+00,    0.0000000000E+00,    0.0000000000E+00,    1.9723914720E+02
    149400,      0.676950,CP7_after_upper_clamp,   1,    0.0000000000E+00,    1.9723914720E+02,    1.9723914720E+02,    0.0000000000E+00,    0.0000000000E+00,    0.0000000000E+00,    1.9723914720E+02
    149400,      0.676950,CP8_after_OBC,   1,    0.0000000000E+00,    1.9723914720E+02,    1.9723914720E+02,    0.0000000000E+00,    0.0000000000E+00,    0.0000000000E+00,    1.9723914720E+02
    149400,      0.676950,CP9_after_PTsource,   1,    0.0000000000E+00,    1.9723914720E+02,    1.9723914720E+02,    0.0000000000E+00,    0.0000000000E+00,    0.0000000000E+00,    1.9723914720E+02
    149400,      0.676950,CP10_after_neg_clamp,   1,    0.0000000000E+00,    1.9723914720E+02,    1.9723914720E+02,    0.0000000000E+00,    0.0000000000E+00,    0.0000000000E+00,    1.9723914720E+02
    149400,      0.676950,CP11_after_MPI,   1,    0.0000000000E+00,    1.9723914720E+02,    1.9723914720E+02,    0.0000000000E+00,    0.0000000000E+00,    0.0000000000E+00,    1.9723914720E+02
    149400,      0.676950,CP12_end,   1,    0.0000000000E+00,    1.9723914720E+02,    1.9723914720E+02,    0.0000000000E+00,    0.0000000000E+00,    0.0000000000E+00,    1.9723914720E+02
    149450,      0.676950,CP0_start,   1,    0.0000000000E+00,    1.9734856036E+02,    1.9734856036E+02,    0.0000000000E+00,    0.0000000000E+00,    0.0000000000E+00,    1.9734856036E+02
    149450,      0.676950,CP1_after_deposition,   1,    0.0000000000E+00,    1.9734856036E+02,    1.9734856036E+02,    0.0000000000E+00,    0.0000000000E+00,    0.0000000000E+00,    1.9734856036E+02
    149450,      0.676950,CP2_after_erosion,   1,    0.0000000000E+00,    1.9734856036E+02,    1.9734856036E+02,    0.0000000000E+00,    0.0000000000E+00,    0.0000000000E+00,    1.9734856036E+02
    149450,      0.676950,CP3_after_update_bottom,   1,    0.0000000000E+00,    1.9734856036E+02,    1.9734856036E+02,    0.0000000000E+00,    0.0000000000E+00,    0.0000000000E+00,    1.9734856036E+02
    149450,      0.676950,CP4_after_advection,   1,    0.0000000000E+00,    1.9735510224E+02,    1.9735510224E+02,    0.0000000000E+00,    0.0000000000E+00,    0.0000000000E+00,    1.9735510224E+02
    149450,      0.676950,CP5_after_vdif,   1,    0.0000000000E+00,    1.9735510224E+02,    1.9735510224E+02,    0.0000000000E+00,    0.0000000000E+00,    0.0000000000E+00,    1.9735510224E+02
    149450,      0.676950,CP6_after_kinetics,   1,    0.0000000000E+00,    1.9735510224E+02,    1.9735510224E+02,    0.0000000000E+00,    0.0000000000E+00,    0.0000000000E+00,    1.9735510224E+02
    149450,      0.676950,CP7_after_upper_clamp,   1,    0.0000000000E+00,    1.9735510224E+02,    1.9735510224E+02,    0.0000000000E+00,    0.0000000000E+00,    0.0000000000E+00,    1.9735510224E+02
    149450,      0.676950,CP8_after_OBC,   1,    0.0000000000E+00,    1.9735510224E+02,    1.9735510224E+02,    0.0000000000E+00,    0.0000000000E+00,    0.0000000000E+00,    1.9735510224E+02
    149450,      0.676950,CP9_after_PTsource,   1,    0.0000000000E+00,    1.9735510224E+02,    1.9735510224E+02,    0.0000000000E+00,    0.0000000000E+00,    0.0000000000E+00,    1.9735510224E+02
    149450,      0.676950,CP10_after_neg_clamp,   1,    0.0000000000E+00,    1.9735510224E+02,    1.9735510224E+02,    0.0000000000E+00,    0.0000000000E+00,    0.0000000000E+00,    1.9735510224E+02
    149450,      0.676950,CP11_after_MPI,   1,    0.0000000000E+00,    1.9735510224E+02,    1.9735510224E+02,    0.0000000000E+00,    0.0000000000E+00,    0.0000000000E+00,    1.9735510224E+02
    149450,      0.676950,CP12_end,   1,    0.0000000000E+00,    1.9735510224E+02,    1.9735510224E+02,    0.0000000000E+00,    0.0000000000E+00,    0.0000000000E+00,    1.9735510224E+02
    149500,      0.676950,CP0_start,   1,    0.0000000000E+00,    1.9746492451E+02,    1.9746492451E+02,    0.0000000000E+00,    0.0000000000E+00,    0.0000000000E+00,    1.9746492451E+02
    149500,      0.676950,CP1_after_deposition,   1,    0.0000000000E+00,    1.9746492451E+02,    1.9746492451E+02,    0.0000000000E+00,    0.0000000000E+00,    0.0000000000E+00,    1.9746492451E+02
    149500,      0.676950,CP2_after_erosion,   1,    0.0000000000E+00,    1.9746492451E+02,    1.9746492451E+02,    0.0000000000E+00,    0.0000000000E+00,    0.0000000000E+00,    1.9746492451E+02
    149500,      0.676950,CP3_after_update_bottom,   1,    0.0000000000E+00,    1.9746492451E+02,    1.9746492451E+02,    0.0000000000E+00,    0.0000000000E+00,    0.0000000000E+00,    1.9746492451E+02
    149500,      0.676950,CP4_after_advection,   1,    0.0000000000E+00,    1.9747145182E+02,    1.9747145182E+02,    0.0000000000E+00,    0.0000000000E+00,    0.0000000000E+00,    1.9747145182E+02
    149500,      0.676950,CP5_after_vdif,   1,    0.0000000000E+00,    1.9747145182E+02,    1.9747145182E+02,    0.0000000000E+00,    0.0000000000E+00,    0.0000000000E+00,    1.9747145182E+02
    149500,      0.676950,CP6_after_kinetics,   1,    0.0000000000E+00,    1.9747145182E+02,    1.9747145182E+02,    0.0000000000E+00,    0.0000000000E+00,    0.0000000000E+00,    1.9747145182E+02
    149500,      0.676950,CP7_after_upper_clamp,   1,    0.0000000000E+00,    1.9747145182E+02,    1.9747145182E+02,    0.0000000000E+00,    0.0000000000E+00,    0.0000000000E+00,    1.9747145182E+02
    149500,      0.676950,CP8_after_OBC,   1,    0.0000000000E+00,    1.9747145182E+02,    1.9747145182E+02,    0.0000000000E+00,    0.0000000000E+00,    0.0000000000E+00,    1.9747145182E+02
    149500,      0.676950,CP9_after_PTsource,   1,    0.0000000000E+00,    1.9747145182E+02,    1.9747145182E+02,    0.0000000000E+00,    0.0000000000E+00,    0.0000000000E+00,    1.9747145182E+02
    149500,      0.676950,CP10_after_neg_clamp,   1,    0.0000000000E+00,    1.9747145182E+02,    1.9747145182E+02,    0.0000000000E+00,    0.0000000000E+00,    0.0000000000E+00,    1.9747145182E+02
    149500,      0.676950,CP11_after_MPI,   1,    0.0000000000E+00,    1.9747145182E+02,    1.9747145182E+02,    0.0000000000E+00,    0.0000000000E+00,    0.0000000000E+00,    1.9747145182E+02
    149500,      0.676950,CP12_end,   1,    0.0000000000E+00,    1.9747145182E+02,    1.9747145182E+02,    0.0000000000E+00,    0.0000000000E+00,    0.0000000000E+00,    1.9747145182E+02
    149550,      0.676950,CP0_start,   1,    0.0000000000E+00,    1.9758176815E+02,    1.9758176815E+02,    0.0000000000E+00,    0.0000000000E+00,    0.0000000000E+00,    1.9758176815E+02
    149550,      0.676950,CP1_after_deposition,   1,    0.0000000000E+00,    1.9758176815E+02,    1.9758176815E+02,    0.0000000000E+00,    0.0000000000E+00,    0.0000000000E+00,    1.9758176815E+02
    149550,      0.676950,CP2_after_erosion,   1,    0.0000000000E+00,    1.9758176815E+02,    1.9758176815E+02,    0.0000000000E+00,    0.0000000000E+00,    0.0000000000E+00,    1.9758176815E+02
    149550,      0.676950,CP3_after_update_bottom,   1,    0.0000000000E+00,    1.9758176815E+02,    1.9758176815E+02,    0.0000000000E+00,    0.0000000000E+00,    0.0000000000E+00,    1.9758176815E+02
    149550,      0.676950,CP4_after_advection,   1,    0.0000000000E+00,    1.9758827877E+02,    1.9758827877E+02,    0.0000000000E+00,    0.0000000000E+00,    0.0000000000E+00,    1.9758827877E+02
    149550,      0.676950,CP5_after_vdif,   1,    0.0000000000E+00,    1.9758827877E+02,    1.9758827877E+02,    0.0000000000E+00,    0.0000000000E+00,    0.0000000000E+00,    1.9758827877E+02
    149550,      0.676950,CP6_after_kinetics,   1,    0.0000000000E+00,    1.9758827877E+02,    1.9758827877E+02,    0.0000000000E+00,    0.0000000000E+00,    0.0000000000E+00,    1.9758827877E+02
    149550,      0.676950,CP7_after_upper_clamp,   1,    0.0000000000E+00,    1.9758827877E+02,    1.9758827877E+02,    0.0000000000E+00,    0.0000000000E+00,    0.0000000000E+00,    1.9758827877E+02
    149550,      0.676950,CP8_after_OBC,   1,    0.0000000000E+00,    1.9758827877E+02,    1.9758827877E+02,    0.0000000000E+00,    0.0000000000E+00,    0.0000000000E+00,    1.9758827877E+02
    149550,      0.676950,CP9_after_PTsource,   1,    0.0000000000E+00,    1.9758827877E+02,    1.9758827877E+02,    0.0000000000E+00,    0.0000000000E+00,    0.0000000000E+00,    1.9758827877E+02
    149550,      0.676950,CP10_after_neg_clamp,   1,    0.0000000000E+00,    1.9758827877E+02,    1.9758827877E+02,    0.0000000000E+00,    0.0000000000E+00,    0.0000000000E+00,    1.9758827877E+02
    149550,      0.676950,CP11_after_MPI,   1,    0.0000000000E+00,    1.9758827877E+02,    1.9758827877E+02,    0.0000000000E+00,    0.0000000000E+00,    0.0000000000E+00,    1.9758827877E+02
    149550,      0.676950,CP12_end,   1,    0.0000000000E+00,    1.9758827877E+02,    1.9758827877E+02,    0.0000000000E+00,    0.0000000000E+00,    0.0000000000E+00,    1.9758827877E+02
    149600,      0.676950,CP0_start,   1,    0.0000000000E+00,    1.9769911499E+02,    1.9769911499E+02,    0.0000000000E+00,    0.0000000000E+00,    0.0000000000E+00,    1.9769911499E+02
    149600,      0.676950,CP1_after_deposition,   1,    0.0000000000E+00,    1.9769911499E+02,    1.9769911499E+02,    0.0000000000E+00,    0.0000000000E+00,    0.0000000000E+00,    1.9769911499E+02
    149600,      0.676950,CP2_after_erosion,   1,    0.0000000000E+00,    1.9769911499E+02,    1.9769911499E+02,    0.0000000000E+00,    0.0000000000E+00,    0.0000000000E+00,    1.9769911499E+02
    149600,      0.676950,CP3_after_update_bottom,   1,    0.0000000000E+00,    1.9769911499E+02,    1.9769911499E+02,    0.0000000000E+00,    0.0000000000E+00,    0.0000000000E+00,    1.9769911499E+02
    149600,      0.676950,CP4_after_advection,   1,    0.0000000000E+00,    1.9770561320E+02,    1.9770561320E+02,    0.0000000000E+00,    0.0000000000E+00,    0.0000000000E+00,    1.9770561320E+02
    149600,      0.676950,CP5_after_vdif,   1,    0.0000000000E+00,    1.9770561320E+02,    1.9770561320E+02,    0.0000000000E+00,    0.0000000000E+00,    0.0000000000E+00,    1.9770561320E+02
    149600,      0.676950,CP6_after_kinetics,   1,    0.0000000000E+00,    1.9770561320E+02,    1.9770561320E+02,    0.0000000000E+00,    0.0000000000E+00,    0.0000000000E+00,    1.9770561320E+02
    149600,      0.676950,CP7_after_upper_clamp,   1,    0.0000000000E+00,    1.9770561320E+02,    1.9770561320E+02,    0.0000000000E+00,    0.0000000000E+00,    0.0000000000E+00,    1.9770561320E+02
    149600,      0.676950,CP8_after_OBC,   1,    0.0000000000E+00,    1.9770561320E+02,    1.9770561320E+02,    0.0000000000E+00,    0.0000000000E+00,    0.0000000000E+00,    1.9770561320E+02
    149600,      0.676950,CP9_after_PTsource,   1,    0.0000000000E+00,    1.9770561320E+02,    1.9770561320E+02,    0.0000000000E+00,    0.0000000000E+00,    0.0000000000E+00,    1.9770561320E+02
    149600,      0.676950,CP10_after_neg_clamp,   1,    0.0000000000E+00,    1.9770561320E+02,    1.9770561320E+02,    0.0000000000E+00,    0.0000000000E+00,    0.0000000000E+00,    1.9770561320E+02
    149600,      0.676950,CP11_after_MPI,   1,    0.0000000000E+00,    1.9770561320E+02,    1.9770561320E+02,    0.0000000000E+00,    0.0000000000E+00,    0.0000000000E+00,    1.9770561320E+02
    149600,      0.676950,CP12_end,   1,    0.0000000000E+00,    1.9770561320E+02,    1.9770561320E+02,    0.0000000000E+00,    0.0000000000E+00,    0.0000000000E+00,    1.9770561320E+02
    149650,      0.676950,CP0_start,   1,    0.0000000000E+00,    1.9781708093E+02,    1.9781708093E+02,    0.0000000000E+00,    0.0000000000E+00,    0.0000000000E+00,    1.9781708093E+02
    149650,      0.676950,CP1_after_deposition,   1,    0.0000000000E+00,    1.9781708093E+02,    1.9781708093E+02,    0.0000000000E+00,    0.0000000000E+00,    0.0000000000E+00,    1.9781708093E+02
    149650,      0.676950,CP2_after_erosion,   1,    0.0000000000E+00,    1.9781708093E+02,    1.9781708093E+02,    0.0000000000E+00,    0.0000000000E+00,    0.0000000000E+00,    1.9781708093E+02
    149650,      0.676950,CP3_after_update_bottom,   1,    0.0000000000E+00,    1.9781708093E+02,    1.9781708093E+02,    0.0000000000E+00,    0.0000000000E+00,    0.0000000000E+00,    1.9781708093E+02
    149650,      0.676950,CP4_after_advection,   1,    0.0000000000E+00,    1.9782356509E+02,    1.9782356509E+02,    0.0000000000E+00,    0.0000000000E+00,    0.0000000000E+00,    1.9782356509E+02
    149650,      0.676950,CP5_after_vdif,   1,    0.0000000000E+00,    1.9782356509E+02,    1.9782356509E+02,    0.0000000000E+00,    0.0000000000E+00,    0.0000000000E+00,    1.9782356509E+02
    149650,      0.676950,CP6_after_kinetics,   1,    0.0000000000E+00,    1.9782356509E+02,    1.9782356509E+02,    0.0000000000E+00,    0.0000000000E+00,    0.0000000000E+00,    1.9782356509E+02
    149650,      0.676950,CP7_after_upper_clamp,   1,    0.0000000000E+00,    1.9782356509E+02,    1.9782356509E+02,    0.0000000000E+00,    0.0000000000E+00,    0.0000000000E+00,    1.9782356509E+02
    149650,      0.676950,CP8_after_OBC,   1,    0.0000000000E+00,    1.9782356509E+02,    1.9782356509E+02,    0.0000000000E+00,    0.0000000000E+00,    0.0000000000E+00,    1.9782356509E+02
    149650,      0.676950,CP9_after_PTsource,   1,    0.0000000000E+00,    1.9782356509E+02,    1.9782356509E+02,    0.0000000000E+00,    0.0000000000E+00,    0.0000000000E+00,    1.9782356509E+02
    149650,      0.676950,CP10_after_neg_clamp,   1,    0.0000000000E+00,    1.9782356509E+02,    1.9782356509E+02,    0.0000000000E+00,    0.0000000000E+00,    0.0000000000E+00,    1.9782356509E+02
    149650,      0.676950,CP11_after_MPI,   1,    0.0000000000E+00,    1.9782356509E+02,    1.9782356509E+02,    0.0000000000E+00,    0.0000000000E+00,    0.0000000000E+00,    1.9782356509E+02
    149650,      0.676950,CP12_end,   1,    0.0000000000E+00,    1.9782356509E+02,    1.9782356509E+02,    0.0000000000E+00,    0.0000000000E+00,    0.0000000000E+00,    1.9782356509E+02
    149700,      0.676950,CP0_start,   1,    0.0000000000E+00,    1.9793567358E+02,    1.9793567358E+02,    0.0000000000E+00,    0.0000000000E+00,    0.0000000000E+00,    1.9793567358E+02
    149700,      0.676950,CP1_after_deposition,   1,    0.0000000000E+00,    1.9793567358E+02,    1.9793567358E+02,    0.0000000000E+00,    0.0000000000E+00,    0.0000000000E+00,    1.9793567358E+02
    149700,      0.676950,CP2_after_erosion,   1,    0.0000000000E+00,    1.9793567358E+02,    1.9793567358E+02,    0.0000000000E+00,    0.0000000000E+00,    0.0000000000E+00,    1.9793567358E+02
    149700,      0.676950,CP3_after_update_bottom,   1,    0.0000000000E+00,    1.9793567358E+02,    1.9793567358E+02,    0.0000000000E+00,    0.0000000000E+00,    0.0000000000E+00,    1.9793567358E+02
    149700,      0.676950,CP4_after_advection,   1,    0.0000000000E+00,    1.9794214343E+02,    1.9794214343E+02,    0.0000000000E+00,    0.0000000000E+00,    0.0000000000E+00,    1.9794214343E+02
    149700,      0.676950,CP5_after_vdif,   1,    0.0000000000E+00,    1.9794214343E+02,    1.9794214343E+02,    0.0000000000E+00,    0.0000000000E+00,    0.0000000000E+00,    1.9794214343E+02
    149700,      0.676950,CP6_after_kinetics,   1,    0.0000000000E+00,    1.9794214343E+02,    1.9794214343E+02,    0.0000000000E+00,    0.0000000000E+00,    0.0000000000E+00,    1.9794214343E+02
    149700,      0.676950,CP7_after_upper_clamp,   1,    0.0000000000E+00,    1.9794214343E+02,    1.9794214343E+02,    0.0000000000E+00,    0.0000000000E+00,    0.0000000000E+00,    1.9794214343E+02
    149700,      0.676950,CP8_after_OBC,   1,    0.0000000000E+00,    1.9794214343E+02,    1.9794214343E+02,    0.0000000000E+00,    0.0000000000E+00,    0.0000000000E+00,    1.9794214343E+02
    149700,      0.676950,CP9_after_PTsource,   1,    0.0000000000E+00,    1.9794214343E+02,    1.9794214343E+02,    0.0000000000E+00,    0.0000000000E+00,    0.0000000000E+00,    1.9794214343E+02
    149700,      0.676950,CP10_after_neg_clamp,   1,    0.0000000000E+00,    1.9794214343E+02,    1.9794214343E+02,    0.0000000000E+00,    0.0000000000E+00,    0.0000000000E+00,    1.9794214343E+02
    149700,      0.676950,CP11_after_MPI,   1,    0.0000000000E+00,    1.9794214343E+02,    1.9794214343E+02,    0.0000000000E+00,    0.0000000000E+00,    0.0000000000E+00,    1.9794214343E+02
    149700,      0.676950,CP12_end,   1,    0.0000000000E+00,    1.9794214343E+02,    1.9794214343E+02,    0.0000000000E+00,    0.0000000000E+00,    0.0000000000E+00,    1.9794214343E+02
    149750,      0.676950,CP0_start,   1,    0.0000000000E+00,    1.9805490915E+02,    1.9805490915E+02,    0.0000000000E+00,    0.0000000000E+00,    0.0000000000E+00,    1.9805490915E+02
    149750,      0.676950,CP1_after_deposition,   1,    0.0000000000E+00,    1.9805490915E+02,    1.9805490915E+02,    0.0000000000E+00,    0.0000000000E+00,    0.0000000000E+00,    1.9805490915E+02
    149750,      0.676950,CP2_after_erosion,   1,    0.0000000000E+00,    1.9805490915E+02,    1.9805490915E+02,    0.0000000000E+00,    0.0000000000E+00,    0.0000000000E+00,    1.9805490915E+02
    149750,      0.676950,CP3_after_update_bottom,   1,    0.0000000000E+00,    1.9805490915E+02,    1.9805490915E+02,    0.0000000000E+00,    0.0000000000E+00,    0.0000000000E+00,    1.9805490915E+02
    149750,      0.676950,CP4_after_advection,   1,    0.0000000000E+00,    1.9806136514E+02,    1.9806136514E+02,    0.0000000000E+00,    0.0000000000E+00,    0.0000000000E+00,    1.9806136514E+02
    149750,      0.676950,CP5_after_vdif,   1,    0.0000000000E+00,    1.9806136514E+02,    1.9806136514E+02,    0.0000000000E+00,    0.0000000000E+00,    0.0000000000E+00,    1.9806136514E+02
    149750,      0.676950,CP6_after_kinetics,   1,    0.0000000000E+00,    1.9806136514E+02,    1.9806136514E+02,    0.0000000000E+00,    0.0000000000E+00,    0.0000000000E+00,    1.9806136514E+02
    149750,      0.676950,CP7_after_upper_clamp,   1,    0.0000000000E+00,    1.9806136514E+02,    1.9806136514E+02,    0.0000000000E+00,    0.0000000000E+00,    0.0000000000E+00,    1.9806136514E+02
    149750,      0.676950,CP8_after_OBC,   1,    0.0000000000E+00,    1.9806136514E+02,    1.9806136514E+02,    0.0000000000E+00,    0.0000000000E+00,    0.0000000000E+00,    1.9806136514E+02
    149750,      0.676950,CP9_after_PTsource,   1,    0.0000000000E+00,    1.9806136514E+02,    1.9806136514E+02,    0.0000000000E+00,    0.0000000000E+00,    0.0000000000E+00,    1.9806136514E+02
    149750,      0.676950,CP10_after_neg_clamp,   1,    0.0000000000E+00,    1.9806136514E+02,    1.9806136514E+02,    0.0000000000E+00,    0.0000000000E+00,    0.0000000000E+00,    1.9806136514E+02
    149750,      0.676950,CP11_after_MPI,   1,    0.0000000000E+00,    1.9806136514E+02,    1.9806136514E+02,    0.0000000000E+00,    0.0000000000E+00,    0.0000000000E+00,    1.9806136514E+02
    149750,      0.676950,CP12_end,   1,    0.0000000000E+00,    1.9806136514E+02,    1.9806136514E+02,    0.0000000000E+00,    0.0000000000E+00,    0.0000000000E+00,    1.9806136514E+02
    149800,      0.676950,CP0_start,   1,    0.0000000000E+00,    1.9817477471E+02,    1.9817477471E+02,    0.0000000000E+00,    0.0000000000E+00,    0.0000000000E+00,    1.9817477471E+02
    149800,      0.676950,CP1_after_deposition,   1,    0.0000000000E+00,    1.9817477471E+02,    1.9817477471E+02,    0.0000000000E+00,    0.0000000000E+00,    0.0000000000E+00,    1.9817477471E+02
    149800,      0.676950,CP2_after_erosion,   1,    0.0000000000E+00,    1.9817477471E+02,    1.9817477471E+02,    0.0000000000E+00,    0.0000000000E+00,    0.0000000000E+00,    1.9817477471E+02
    149800,      0.676950,CP3_after_update_bottom,   1,    0.0000000000E+00,    1.9817477471E+02,    1.9817477471E+02,    0.0000000000E+00,    0.0000000000E+00,    0.0000000000E+00,    1.9817477471E+02
    149800,      0.676950,CP4_after_advection,   1,    0.0000000000E+00,    1.9818121619E+02,    1.9818121619E+02,    0.0000000000E+00,    0.0000000000E+00,    0.0000000000E+00,    1.9818121619E+02
    149800,      0.676950,CP5_after_vdif,   1,    0.0000000000E+00,    1.9818121619E+02,    1.9818121619E+02,    0.0000000000E+00,    0.0000000000E+00,    0.0000000000E+00,    1.9818121619E+02
    149800,      0.676950,CP6_after_kinetics,   1,    0.0000000000E+00,    1.9818121619E+02,    1.9818121619E+02,    0.0000000000E+00,    0.0000000000E+00,    0.0000000000E+00,    1.9818121619E+02
    149800,      0.676950,CP7_after_upper_clamp,   1,    0.0000000000E+00,    1.9818121619E+02,    1.9818121619E+02,    0.0000000000E+00,    0.0000000000E+00,    0.0000000000E+00,    1.9818121619E+02
    149800,      0.676950,CP8_after_OBC,   1,    0.0000000000E+00,    1.9818121619E+02,    1.9818121619E+02,    0.0000000000E+00,    0.0000000000E+00,    0.0000000000E+00,    1.9818121619E+02
    149800,      0.676950,CP9_after_PTsource,   1,    0.0000000000E+00,    1.9818121619E+02,    1.9818121619E+02,    0.0000000000E+00,    0.0000000000E+00,    0.0000000000E+00,    1.9818121619E+02
    149800,      0.676950,CP10_after_neg_clamp,   1,    0.0000000000E+00,    1.9818121619E+02,    1.9818121619E+02,    0.0000000000E+00,    0.0000000000E+00,    0.0000000000E+00,    1.9818121619E+02
    149800,      0.676950,CP11_after_MPI,   1,    0.0000000000E+00,    1.9818121619E+02,    1.9818121619E+02,    0.0000000000E+00,    0.0000000000E+00,    0.0000000000E+00,    1.9818121619E+02
    149800,      0.676950,CP12_end,   1,    0.0000000000E+00,    1.9818121619E+02,    1.9818121619E+02,    0.0000000000E+00,    0.0000000000E+00,    0.0000000000E+00,    1.9818121619E+02
    149850,      0.676950,CP0_start,   1,    0.0000000000E+00,    1.9829523490E+02,    1.9829523490E+02,    0.0000000000E+00,    0.0000000000E+00,    0.0000000000E+00,    1.9829523490E+02
    149850,      0.676950,CP1_after_deposition,   1,    0.0000000000E+00,    1.9829523490E+02,    1.9829523490E+02,    0.0000000000E+00,    0.0000000000E+00,    0.0000000000E+00,    1.9829523490E+02
    149850,      0.676950,CP2_after_erosion,   1,    0.0000000000E+00,    1.9829523490E+02,    1.9829523490E+02,    0.0000000000E+00,    0.0000000000E+00,    0.0000000000E+00,    1.9829523490E+02
    149850,      0.676950,CP3_after_update_bottom,   1,    0.0000000000E+00,    1.9829523490E+02,    1.9829523490E+02,    0.0000000000E+00,    0.0000000000E+00,    0.0000000000E+00,    1.9829523490E+02
    149850,      0.676950,CP4_after_advection,   1,    0.0000000000E+00,    1.9830165556E+02,    1.9830165556E+02,    0.0000000000E+00,    0.0000000000E+00,    0.0000000000E+00,    1.9830165556E+02
    149850,      0.676950,CP5_after_vdif,   1,    0.0000000000E+00,    1.9830165556E+02,    1.9830165556E+02,    0.0000000000E+00,    0.0000000000E+00,    0.0000000000E+00,    1.9830165556E+02
    149850,      0.676950,CP6_after_kinetics,   1,    0.0000000000E+00,    1.9830165556E+02,    1.9830165556E+02,    0.0000000000E+00,    0.0000000000E+00,    0.0000000000E+00,    1.9830165556E+02
    149850,      0.676950,CP7_after_upper_clamp,   1,    0.0000000000E+00,    1.9830165556E+02,    1.9830165556E+02,    0.0000000000E+00,    0.0000000000E+00,    0.0000000000E+00,    1.9830165556E+02
    149850,      0.676950,CP8_after_OBC,   1,    0.0000000000E+00,    1.9830165556E+02,    1.9830165556E+02,    0.0000000000E+00,    0.0000000000E+00,    0.0000000000E+00,    1.9830165556E+02
    149850,      0.676950,CP9_after_PTsource,   1,    0.0000000000E+00,    1.9830165556E+02,    1.9830165556E+02,    0.0000000000E+00,    0.0000000000E+00,    0.0000000000E+00,    1.9830165556E+02
    149850,      0.676950,CP10_after_neg_clamp,   1,    0.0000000000E+00,    1.9830165556E+02,    1.9830165556E+02,    0.0000000000E+00,    0.0000000000E+00,    0.0000000000E+00,    1.9830165556E+02
    149850,      0.676950,CP11_after_MPI,   1,    0.0000000000E+00,    1.9830165556E+02,    1.9830165556E+02,    0.0000000000E+00,    0.0000000000E+00,    0.0000000000E+00,    1.9830165556E+02
    149850,      0.676950,CP12_end,   1,    0.0000000000E+00,    1.9830165556E+02,    1.9830165556E+02,    0.0000000000E+00,    0.0000000000E+00,    0.0000000000E+00,    1.9830165556E+02
    149900,      0.676950,CP0_start,   1,    0.0000000000E+00,    1.9841622810E+02,    1.9841622810E+02,    0.0000000000E+00,    0.0000000000E+00,    0.0000000000E+00,    1.9841622810E+02
    149900,      0.676950,CP1_after_deposition,   1,    0.0000000000E+00,    1.9841622810E+02,    1.9841622810E+02,    0.0000000000E+00,    0.0000000000E+00,    0.0000000000E+00,    1.9841622810E+02
    149900,      0.676950,CP2_after_erosion,   1,    0.0000000000E+00,    1.9841622810E+02,    1.9841622810E+02,    0.0000000000E+00,    0.0000000000E+00,    0.0000000000E+00,    1.9841622810E+02
    149900,      0.676950,CP3_after_update_bottom,   1,    0.0000000000E+00,    1.9841622810E+02,    1.9841622810E+02,    0.0000000000E+00,    0.0000000000E+00,    0.0000000000E+00,    1.9841622810E+02
    149900,      0.676950,CP4_after_advection,   1,    0.0000000000E+00,    1.9842263088E+02,    1.9842263088E+02,    0.0000000000E+00,    0.0000000000E+00,    0.0000000000E+00,    1.9842263088E+02
    149900,      0.676950,CP5_after_vdif,   1,    0.0000000000E+00,    1.9842263088E+02,    1.9842263088E+02,    0.0000000000E+00,    0.0000000000E+00,    0.0000000000E+00,    1.9842263088E+02
    149900,      0.676950,CP6_after_kinetics,   1,    0.0000000000E+00,    1.9842263088E+02,    1.9842263088E+02,    0.0000000000E+00,    0.0000000000E+00,    0.0000000000E+00,    1.9842263088E+02
    149900,      0.676950,CP7_after_upper_clamp,   1,    0.0000000000E+00,    1.9842263088E+02,    1.9842263088E+02,    0.0000000000E+00,    0.0000000000E+00,    0.0000000000E+00,    1.9842263088E+02
    149900,      0.676950,CP8_after_OBC,   1,    0.0000000000E+00,    1.9842263088E+02,    1.9842263088E+02,    0.0000000000E+00,    0.0000000000E+00,    0.0000000000E+00,    1.9842263088E+02
    149900,      0.676950,CP9_after_PTsource,   1,    0.0000000000E+00,    1.9842263088E+02,    1.9842263088E+02,    0.0000000000E+00,    0.0000000000E+00,    0.0000000000E+00,    1.9842263088E+02
    149900,      0.676950,CP10_after_neg_clamp,   1,    0.0000000000E+00,    1.9842263088E+02,    1.9842263088E+02,    0.0000000000E+00,    0.0000000000E+00,    0.0000000000E+00,    1.9842263088E+02
    149900,      0.676950,CP11_after_MPI,   1,    0.0000000000E+00,    1.9842263088E+02,    1.9842263088E+02,    0.0000000000E+00,    0.0000000000E+00,    0.0000000000E+00,    1.9842263088E+02
    149900,      0.676950,CP12_end,   1,    0.0000000000E+00,    1.9842263088E+02,    1.9842263088E+02,    0.0000000000E+00,    0.0000000000E+00,    0.0000000000E+00,    1.9842263088E+02
    149950,      0.676950,CP0_start,   1,    0.0000000000E+00,    1.9853771665E+02,    1.9853771665E+02,    0.0000000000E+00,    0.0000000000E+00,    0.0000000000E+00,    1.9853771665E+02
    149950,      0.676950,CP1_after_deposition,   1,    0.0000000000E+00,    1.9853771665E+02,    1.9853771665E+02,    0.0000000000E+00,    0.0000000000E+00,    0.0000000000E+00,    1.9853771665E+02
    149950,      0.676950,CP2_after_erosion,   1,    0.0000000000E+00,    1.9853771665E+02,    1.9853771665E+02,    0.0000000000E+00,    0.0000000000E+00,    0.0000000000E+00,    1.9853771665E+02
    149950,      0.676950,CP3_after_update_bottom,   1,    0.0000000000E+00,    1.9853771665E+02,    1.9853771665E+02,    0.0000000000E+00,    0.0000000000E+00,    0.0000000000E+00,    1.9853771665E+02
    149950,      0.676950,CP4_after_advection,   1,    0.0000000000E+00,    1.9854409870E+02,    1.9854409870E+02,    0.0000000000E+00,    0.0000000000E+00,    0.0000000000E+00,    1.9854409870E+02
    149950,      0.676950,CP5_after_vdif,   1,    0.0000000000E+00,    1.9854409870E+02,    1.9854409870E+02,    0.0000000000E+00,    0.0000000000E+00,    0.0000000000E+00,    1.9854409870E+02
    149950,      0.676950,CP6_after_kinetics,   1,    0.0000000000E+00,    1.9854409870E+02,    1.9854409870E+02,    0.0000000000E+00,    0.0000000000E+00,    0.0000000000E+00,    1.9854409870E+02
    149950,      0.676950,CP7_after_upper_clamp,   1,    0.0000000000E+00,    1.9854409870E+02,    1.9854409870E+02,    0.0000000000E+00,    0.0000000000E+00,    0.0000000000E+00,    1.9854409870E+02
    149950,      0.676950,CP8_after_OBC,   1,    0.0000000000E+00,    1.9854409870E+02,    1.9854409870E+02,    0.0000000000E+00,    0.0000000000E+00,    0.0000000000E+00,    1.9854409870E+02
    149950,      0.676950,CP9_after_PTsource,   1,    0.0000000000E+00,    1.9854409870E+02,    1.9854409870E+02,    0.0000000000E+00,    0.0000000000E+00,    0.0000000000E+00,    1.9854409870E+02
    149950,      0.676950,CP10_after_neg_clamp,   1,    0.0000000000E+00,    1.9854409870E+02,    1.9854409870E+02,    0.0000000000E+00,    0.0000000000E+00,    0.0000000000E+00,    1.9854409870E+02
    149950,      0.676950,CP11_after_MPI,   1,    0.0000000000E+00,    1.9854409870E+02,    1.9854409870E+02,    0.0000000000E+00,    0.0000000000E+00,    0.0000000000E+00,    1.9854409870E+02
    149950,      0.676950,CP12_end,   1,    0.0000000000E+00,    1.9854409870E+02,    1.9854409870E+02,    0.0000000000E+00,    0.0000000000E+00,    0.0000000000E+00,    1.9854409870E+02
    150000,      0.676950,CP0_start,   1,    0.0000000000E+00,    1.9865958878E+02,    1.9865958878E+02,    0.0000000000E+00,    0.0000000000E+00,    0.0000000000E+00,    1.9865958878E+02
    150000,      0.676950,CP1_after_deposition,   1,    0.0000000000E+00,    1.9865958878E+02,    1.9865958878E+02,    0.0000000000E+00,    0.0000000000E+00,    0.0000000000E+00,    1.9865958878E+02
    150000,      0.676950,CP2_after_erosion,   1,    0.0000000000E+00,    1.9865958878E+02,    1.9865958878E+02,    0.0000000000E+00,    0.0000000000E+00,    0.0000000000E+00,    1.9865958878E+02
    150000,      0.676950,CP3_after_update_bottom,   1,    0.0000000000E+00,    1.9865958878E+02,    1.9865958878E+02,    0.0000000000E+00,    0.0000000000E+00,    0.0000000000E+00,    1.9865958878E+02
    150000,      0.676950,CP4_after_advection,   1,    0.0000000000E+00,    1.9866594942E+02,    1.9866594942E+02,    0.0000000000E+00,    0.0000000000E+00,    0.0000000000E+00,    1.9866594942E+02
    150000,      0.676950,CP5_after_vdif,   1,    0.0000000000E+00,    1.9866594942E+02,    1.9866594942E+02,    0.0000000000E+00,    0.0000000000E+00,    0.0000000000E+00,    1.9866594942E+02
    150000,      0.676950,CP6_after_kinetics,   1,    0.0000000000E+00,    1.9866594942E+02,    1.9866594942E+02,    0.0000000000E+00,    0.0000000000E+00,    0.0000000000E+00,    1.9866594942E+02
    150000,      0.676950,CP7_after_upper_clamp,   1,    0.0000000000E+00,    1.9866594942E+02,    1.9866594942E+02,    0.0000000000E+00,    0.0000000000E+00,    0.0000000000E+00,    1.9866594942E+02
    150000,      0.676950,CP8_after_OBC,   1,    0.0000000000E+00,    1.9866594942E+02,    1.9866594942E+02,    0.0000000000E+00,    0.0000000000E+00,    0.0000000000E+00,    1.9866594942E+02
    150000,      0.676950,CP9_after_PTsource,   1,    0.0000000000E+00,    1.9866594942E+02,    1.9866594942E+02,    0.0000000000E+00,    0.0000000000E+00,    0.0000000000E+00,    1.9866594942E+02
    150000,      0.676950,CP10_after_neg_clamp,   1,    0.0000000000E+00,    1.9866594942E+02,    1.9866594942E+02,    0.0000000000E+00,    0.0000000000E+00,    0.0000000000E+00,    1.9866594942E+02
    150000,      0.676950,CP11_after_MPI,   1,    0.0000000000E+00,    1.9866594942E+02,    1.9866594942E+02,    0.0000000000E+00,    0.0000000000E+00,    0.0000000000E+00,    1.9866594942E+02
    150000,      0.676950,CP12_end,   1,    0.0000000000E+00,    1.9866594942E+02,    1.9866594942E+02,    0.0000000000E+00,    0.0000000000E+00,    0.0000000000E+00,    1.9866594942E+02
    150050,      0.676950,CP0_start,   1,    0.0000000000E+00,    1.9878172302E+02,    1.9878172302E+02,    0.0000000000E+00,    0.0000000000E+00,    0.0000000000E+00,    1.9878172302E+02
    150050,      0.676950,CP1_after_deposition,   1,    0.0000000000E+00,    1.9878172302E+02,    1.9878172302E+02,    0.0000000000E+00,    0.0000000000E+00,    0.0000000000E+00,    1.9878172302E+02
    150050,      0.676950,CP2_after_erosion,   1,    0.0000000000E+00,    1.9878172302E+02,    1.9878172302E+02,    0.0000000000E+00,    0.0000000000E+00,    0.0000000000E+00,    1.9878172302E+02
    150050,      0.676950,CP3_after_update_bottom,   1,    0.0000000000E+00,    1.9878172302E+02,    1.9878172302E+02,    0.0000000000E+00,    0.0000000000E+00,    0.0000000000E+00,    1.9878172302E+02
    150050,      0.676950,CP4_after_advection,   1,    0.0000000000E+00,    1.9878806030E+02,    1.9878806030E+02,    0.0000000000E+00,    0.0000000000E+00,    0.0000000000E+00,    1.9878806030E+02
    150050,      0.676950,CP5_after_vdif,   1,    0.0000000000E+00,    1.9878806030E+02,    1.9878806030E+02,    0.0000000000E+00,    0.0000000000E+00,    0.0000000000E+00,    1.9878806030E+02
    150050,      0.676950,CP6_after_kinetics,   1,    0.0000000000E+00,    1.9878806030E+02,    1.9878806030E+02,    0.0000000000E+00,    0.0000000000E+00,    0.0000000000E+00,    1.9878806030E+02
    150050,      0.676950,CP7_after_upper_clamp,   1,    0.0000000000E+00,    1.9878806030E+02,    1.9878806030E+02,    0.0000000000E+00,    0.0000000000E+00,    0.0000000000E+00,    1.9878806030E+02
    150050,      0.676950,CP8_after_OBC,   1,    0.0000000000E+00,    1.9878806030E+02,    1.9878806030E+02,    0.0000000000E+00,    0.0000000000E+00,    0.0000000000E+00,    1.9878806030E+02
    150050,      0.676950,CP9_after_PTsource,   1,    0.0000000000E+00,    1.9878806030E+02,    1.9878806030E+02,    0.0000000000E+00,    0.0000000000E+00,    0.0000000000E+00,    1.9878806030E+02
    150050,      0.676950,CP10_after_neg_clamp,   1,    0.0000000000E+00,    1.9878806030E+02,    1.9878806030E+02,    0.0000000000E+00,    0.0000000000E+00,    0.0000000000E+00,    1.9878806030E+02
    150050,      0.676950,CP11_after_MPI,   1,    0.0000000000E+00,    1.9878806030E+02,    1.9878806030E+02,    0.0000000000E+00,    0.0000000000E+00,    0.0000000000E+00,    1.9878806030E+02
    150050,      0.676950,CP12_end,   1,    0.0000000000E+00,    1.9878806030E+02,    1.9878806030E+02,    0.0000000000E+00,    0.0000000000E+00,    0.0000000000E+00,    1.9878806030E+02
    150100,      0.676950,CP0_start,   1,    0.0000000000E+00,    1.9890405121E+02,    1.9890405121E+02,    0.0000000000E+00,    0.0000000000E+00,    0.0000000000E+00,    1.9890405121E+02
    150100,      0.676950,CP1_after_deposition,   1,    0.0000000000E+00,    1.9890405121E+02,    1.9890405121E+02,    0.0000000000E+00,    0.0000000000E+00,    0.0000000000E+00,    1.9890405121E+02
    150100,      0.676950,CP2_after_erosion,   1,    0.0000000000E+00,    1.9890405121E+02,    1.9890405121E+02,    0.0000000000E+00,    0.0000000000E+00,    0.0000000000E+00,    1.9890405121E+02
    150100,      0.676950,CP3_after_update_bottom,   1,    0.0000000000E+00,    1.9890405121E+02,    1.9890405121E+02,    0.0000000000E+00,    0.0000000000E+00,    0.0000000000E+00,    1.9890405121E+02
    150100,      0.676950,CP4_after_advection,   1,    0.0000000000E+00,    1.9891036076E+02,    1.9891036076E+02,    0.0000000000E+00,    0.0000000000E+00,    0.0000000000E+00,    1.9891036076E+02
    150100,      0.676950,CP5_after_vdif,   1,    0.0000000000E+00,    1.9891036076E+02,    1.9891036076E+02,    0.0000000000E+00,    0.0000000000E+00,    0.0000000000E+00,    1.9891036076E+02
    150100,      0.676950,CP6_after_kinetics,   1,    0.0000000000E+00,    1.9891036076E+02,    1.9891036076E+02,    0.0000000000E+00,    0.0000000000E+00,    0.0000000000E+00,    1.9891036076E+02
    150100,      0.676950,CP7_after_upper_clamp,   1,    0.0000000000E+00,    1.9891036076E+02,    1.9891036076E+02,    0.0000000000E+00,    0.0000000000E+00,    0.0000000000E+00,    1.9891036076E+02
    150100,      0.676950,CP8_after_OBC,   1,    0.0000000000E+00,    1.9891036076E+02,    1.9891036076E+02,    0.0000000000E+00,    0.0000000000E+00,    0.0000000000E+00,    1.9891036076E+02
    150100,      0.676950,CP9_after_PTsource,   1,    0.0000000000E+00,    1.9891036076E+02,    1.9891036076E+02,    0.0000000000E+00,    0.0000000000E+00,    0.0000000000E+00,    1.9891036076E+02
    150100,      0.676950,CP10_after_neg_clamp,   1,    0.0000000000E+00,    1.9891036076E+02,    1.9891036076E+02,    0.0000000000E+00,    0.0000000000E+00,    0.0000000000E+00,    1.9891036076E+02
    150100,      0.676950,CP11_after_MPI,   1,    0.0000000000E+00,    1.9891036076E+02,    1.9891036076E+02,    0.0000000000E+00,    0.0000000000E+00,    0.0000000000E+00,    1.9891036076E+02
    150100,      0.676950,CP12_end,   1,    0.0000000000E+00,    1.9891036076E+02,    1.9891036076E+02,    0.0000000000E+00,    0.0000000000E+00,    0.0000000000E+00,    1.9891036076E+02
    150150,      0.676950,CP0_start,   1,    0.0000000000E+00,    1.9902646564E+02,    1.9902646564E+02,    0.0000000000E+00,    0.0000000000E+00,    0.0000000000E+00,    1.9902646564E+02
    150150,      0.676950,CP1_after_deposition,   1,    0.0000000000E+00,    1.9902646564E+02,    1.9902646564E+02,    0.0000000000E+00,    0.0000000000E+00,    0.0000000000E+00,    1.9902646564E+02
    150150,      0.676950,CP2_after_erosion,   1,    0.0000000000E+00,    1.9902646564E+02,    1.9902646564E+02,    0.0000000000E+00,    0.0000000000E+00,    0.0000000000E+00,    1.9902646564E+02
    150150,      0.676950,CP3_after_update_bottom,   1,    0.0000000000E+00,    1.9902646564E+02,    1.9902646564E+02,    0.0000000000E+00,    0.0000000000E+00,    0.0000000000E+00,    1.9902646564E+02
    150150,      0.676950,CP4_after_advection,   1,    0.0000000000E+00,    1.9903274315E+02,    1.9903274315E+02,    0.0000000000E+00,    0.0000000000E+00,    0.0000000000E+00,    1.9903274315E+02
    150150,      0.676950,CP5_after_vdif,   1,    0.0000000000E+00,    1.9903274315E+02,    1.9903274315E+02,    0.0000000000E+00,    0.0000000000E+00,    0.0000000000E+00,    1.9903274315E+02
    150150,      0.676950,CP6_after_kinetics,   1,    0.0000000000E+00,    1.9903274315E+02,    1.9903274315E+02,    0.0000000000E+00,    0.0000000000E+00,    0.0000000000E+00,    1.9903274315E+02
    150150,      0.676950,CP7_after_upper_clamp,   1,    0.0000000000E+00,    1.9903274315E+02,    1.9903274315E+02,    0.0000000000E+00,    0.0000000000E+00,    0.0000000000E+00,    1.9903274315E+02
    150150,      0.676950,CP8_after_OBC,   1,    0.0000000000E+00,    1.9903274315E+02,    1.9903274315E+02,    0.0000000000E+00,    0.0000000000E+00,    0.0000000000E+00,    1.9903274315E+02
    150150,      0.676950,CP9_after_PTsource,   1,    0.0000000000E+00,    1.9903274315E+02,    1.9903274315E+02,    0.0000000000E+00,    0.0000000000E+00,    0.0000000000E+00,    1.9903274315E+02
    150150,      0.676950,CP10_after_neg_clamp,   1,    0.0000000000E+00,    1.9903274315E+02,    1.9903274315E+02,    0.0000000000E+00,    0.0000000000E+00,    0.0000000000E+00,    1.9903274315E+02
    150150,      0.676950,CP11_after_MPI,   1,    0.0000000000E+00,    1.9903274315E+02,    1.9903274315E+02,    0.0000000000E+00,    0.0000000000E+00,    0.0000000000E+00,    1.9903274315E+02
    150150,      0.676950,CP12_end,   1,    0.0000000000E+00,    1.9903274315E+02,    1.9903274315E+02,    0.0000000000E+00,    0.0000000000E+00,    0.0000000000E+00,    1.9903274315E+02
    150200,      0.676950,CP0_start,   1,    0.0000000000E+00,    1.9914886806E+02,    1.9914886806E+02,    0.0000000000E+00,    0.0000000000E+00,    0.0000000000E+00,    1.9914886806E+02
    150200,      0.676950,CP1_after_deposition,   1,    0.0000000000E+00,    1.9914886806E+02,    1.9914886806E+02,    0.0000000000E+00,    0.0000000000E+00,    0.0000000000E+00,    1.9914886806E+02
    150200,      0.676950,CP2_after_erosion,   1,    0.0000000000E+00,    1.9914886806E+02,    1.9914886806E+02,    0.0000000000E+00,    0.0000000000E+00,    0.0000000000E+00,    1.9914886806E+02
    150200,      0.676950,CP3_after_update_bottom,   1,    0.0000000000E+00,    1.9914886806E+02,    1.9914886806E+02,    0.0000000000E+00,    0.0000000000E+00,    0.0000000000E+00,    1.9914886806E+02
    150200,      0.676950,CP4_after_advection,   1,    0.0000000000E+00,    1.9915511281E+02,    1.9915511281E+02,    0.0000000000E+00,    0.0000000000E+00,    0.0000000000E+00,    1.9915511281E+02
    150200,      0.676950,CP5_after_vdif,   1,    0.0000000000E+00,    1.9915511281E+02,    1.9915511281E+02,    0.0000000000E+00,    0.0000000000E+00,    0.0000000000E+00,    1.9915511281E+02
    150200,      0.676950,CP6_after_kinetics,   1,    0.0000000000E+00,    1.9915511281E+02,    1.9915511281E+02,    0.0000000000E+00,    0.0000000000E+00,    0.0000000000E+00,    1.9915511281E+02
    150200,      0.676950,CP7_after_upper_clamp,   1,    0.0000000000E+00,    1.9915511281E+02,    1.9915511281E+02,    0.0000000000E+00,    0.0000000000E+00,    0.0000000000E+00,    1.9915511281E+02
    150200,      0.676950,CP8_after_OBC,   1,    0.0000000000E+00,    1.9915511281E+02,    1.9915511281E+02,    0.0000000000E+00,    0.0000000000E+00,    0.0000000000E+00,    1.9915511281E+02
    150200,      0.676950,CP9_after_PTsource,   1,    0.0000000000E+00,    1.9915511281E+02,    1.9915511281E+02,    0.0000000000E+00,    0.0000000000E+00,    0.0000000000E+00,    1.9915511281E+02
    150200,      0.676950,CP10_after_neg_clamp,   1,    0.0000000000E+00,    1.9915511281E+02,    1.9915511281E+02,    0.0000000000E+00,    0.0000000000E+00,    0.0000000000E+00,    1.9915511281E+02
    150200,      0.676950,CP11_after_MPI,   1,    0.0000000000E+00,    1.9915511281E+02,    1.9915511281E+02,    0.0000000000E+00,    0.0000000000E+00,    0.0000000000E+00,    1.9915511281E+02
    150200,      0.676950,CP12_end,   1,    0.0000000000E+00,    1.9915511281E+02,    1.9915511281E+02,    0.0000000000E+00,    0.0000000000E+00,    0.0000000000E+00,    1.9915511281E+02
    150250,      0.676950,CP0_start,   1,    0.0000000000E+00,    1.9927121573E+02,    1.9927121573E+02,    0.0000000000E+00,    0.0000000000E+00,    0.0000000000E+00,    1.9927121573E+02
    150250,      0.676950,CP1_after_deposition,   1,    0.0000000000E+00,    1.9927121573E+02,    1.9927121573E+02,    0.0000000000E+00,    0.0000000000E+00,    0.0000000000E+00,    1.9927121573E+02
    150250,      0.676950,CP2_after_erosion,   1,    0.0000000000E+00,    1.9927121573E+02,    1.9927121573E+02,    0.0000000000E+00,    0.0000000000E+00,    0.0000000000E+00,    1.9927121573E+02
    150250,      0.676950,CP3_after_update_bottom,   1,    0.0000000000E+00,    1.9927121573E+02,    1.9927121573E+02,    0.0000000000E+00,    0.0000000000E+00,    0.0000000000E+00,    1.9927121573E+02
    150250,      0.676950,CP4_after_advection,   1,    0.0000000000E+00,    1.9927742560E+02,    1.9927742560E+02,    0.0000000000E+00,    0.0000000000E+00,    0.0000000000E+00,    1.9927742560E+02
    150250,      0.676950,CP5_after_vdif,   1,    0.0000000000E+00,    1.9927742560E+02,    1.9927742560E+02,    0.0000000000E+00,    0.0000000000E+00,    0.0000000000E+00,    1.9927742560E+02
    150250,      0.676950,CP6_after_kinetics,   1,    0.0000000000E+00,    1.9927742560E+02,    1.9927742560E+02,    0.0000000000E+00,    0.0000000000E+00,    0.0000000000E+00,    1.9927742560E+02
    150250,      0.676950,CP7_after_upper_clamp,   1,    0.0000000000E+00,    1.9927742560E+02,    1.9927742560E+02,    0.0000000000E+00,    0.0000000000E+00,    0.0000000000E+00,    1.9927742560E+02
    150250,      0.676950,CP8_after_OBC,   1,    0.0000000000E+00,    1.9927742560E+02,    1.9927742560E+02,    0.0000000000E+00,    0.0000000000E+00,    0.0000000000E+00,    1.9927742560E+02
    150250,      0.676950,CP9_after_PTsource,   1,    0.0000000000E+00,    1.9927742560E+02,    1.9927742560E+02,    0.0000000000E+00,    0.0000000000E+00,    0.0000000000E+00,    1.9927742560E+02
    150250,      0.676950,CP10_after_neg_clamp,   1,    0.0000000000E+00,    1.9927742560E+02,    1.9927742560E+02,    0.0000000000E+00,    0.0000000000E+00,    0.0000000000E+00,    1.9927742560E+02
    150250,      0.676950,CP11_after_MPI,   1,    0.0000000000E+00,    1.9927742560E+02,    1.9927742560E+02,    0.0000000000E+00,    0.0000000000E+00,    0.0000000000E+00,    1.9927742560E+02
    150250,      0.676950,CP12_end,   1,    0.0000000000E+00,    1.9927742560E+02,    1.9927742560E+02,    0.0000000000E+00,    0.0000000000E+00,    0.0000000000E+00,    1.9927742560E+02
    150300,      0.676950,CP0_start,   1,    0.0000000000E+00,    1.9939352576E+02,    1.9939352576E+02,    0.0000000000E+00,    0.0000000000E+00,    0.0000000000E+00,    1.9939352576E+02
    150300,      0.676950,CP1_after_deposition,   1,    0.0000000000E+00,    1.9939352576E+02,    1.9939352576E+02,    0.0000000000E+00,    0.0000000000E+00,    0.0000000000E+00,    1.9939352576E+02
    150300,      0.676950,CP2_after_erosion,   1,    0.0000000000E+00,    1.9939352576E+02,    1.9939352576E+02,    0.0000000000E+00,    0.0000000000E+00,    0.0000000000E+00,    1.9939352576E+02
    150300,      0.676950,CP3_after_update_bottom,   1,    0.0000000000E+00,    1.9939352576E+02,    1.9939352576E+02,    0.0000000000E+00,    0.0000000000E+00,    0.0000000000E+00,    1.9939352576E+02
    150300,      0.676950,CP4_after_advection,   1,    0.0000000000E+00,    1.9939969850E+02,    1.9939969850E+02,    0.0000000000E+00,    0.0000000000E+00,    0.0000000000E+00,    1.9939969850E+02
    150300,      0.676950,CP5_after_vdif,   1,    0.0000000000E+00,    1.9939969850E+02,    1.9939969850E+02,    0.0000000000E+00,    0.0000000000E+00,    0.0000000000E+00,    1.9939969850E+02
    150300,      0.676950,CP6_after_kinetics,   1,    0.0000000000E+00,    1.9939969850E+02,    1.9939969850E+02,    0.0000000000E+00,    0.0000000000E+00,    0.0000000000E+00,    1.9939969850E+02
    150300,      0.676950,CP7_after_upper_clamp,   1,    0.0000000000E+00,    1.9939969850E+02,    1.9939969850E+02,    0.0000000000E+00,    0.0000000000E+00,    0.0000000000E+00,    1.9939969850E+02
    150300,      0.676950,CP8_after_OBC,   1,    0.0000000000E+00,    1.9939969850E+02,    1.9939969850E+02,    0.0000000000E+00,    0.0000000000E+00,    0.0000000000E+00,    1.9939969850E+02
    150300,      0.676950,CP9_after_PTsource,   1,    0.0000000000E+00,    1.9939969850E+02,    1.9939969850E+02,    0.0000000000E+00,    0.0000000000E+00,    0.0000000000E+00,    1.9939969850E+02
    150300,      0.676950,CP10_after_neg_clamp,   1,    0.0000000000E+00,    1.9939969850E+02,    1.9939969850E+02,    0.0000000000E+00,    0.0000000000E+00,    0.0000000000E+00,    1.9939969850E+02
    150300,      0.676950,CP11_after_MPI,   1,    0.0000000000E+00,    1.9939969850E+02,    1.9939969850E+02,    0.0000000000E+00,    0.0000000000E+00,    0.0000000000E+00,    1.9939969850E+02
    150300,      0.676950,CP12_end,   1,    0.0000000000E+00,    1.9939969850E+02,    1.9939969850E+02,    0.0000000000E+00,    0.0000000000E+00,    0.0000000000E+00,    1.9939969850E+02
    150350,      0.676950,CP0_start,   1,    0.0000000000E+00,    1.9951570904E+02,    1.9951570904E+02,    0.0000000000E+00,    0.0000000000E+00,    0.0000000000E+00,    1.9951570904E+02
    150350,      0.676950,CP1_after_deposition,   1,    0.0000000000E+00,    1.9951570904E+02,    1.9951570904E+02,    0.0000000000E+00,    0.0000000000E+00,    0.0000000000E+00,    1.9951570904E+02
    150350,      0.676950,CP2_after_erosion,   1,    0.0000000000E+00,    1.9951570904E+02,    1.9951570904E+02,    0.0000000000E+00,    0.0000000000E+00,    0.0000000000E+00,    1.9951570904E+02
    150350,      0.676950,CP3_after_update_bottom,   1,    0.0000000000E+00,    1.9951570904E+02,    1.9951570904E+02,    0.0000000000E+00,    0.0000000000E+00,    0.0000000000E+00,    1.9951570904E+02
    150350,      0.676950,CP4_after_advection,   1,    0.0000000000E+00,    1.9952184596E+02,    1.9952184596E+02,    0.0000000000E+00,    0.0000000000E+00,    0.0000000000E+00,    1.9952184596E+02
    150350,      0.676950,CP5_after_vdif,   1,    0.0000000000E+00,    1.9952184596E+02,    1.9952184596E+02,    0.0000000000E+00,    0.0000000000E+00,    0.0000000000E+00,    1.9952184596E+02
    150350,      0.676950,CP6_after_kinetics,   1,    0.0000000000E+00,    1.9952184596E+02,    1.9952184596E+02,    0.0000000000E+00,    0.0000000000E+00,    0.0000000000E+00,    1.9952184596E+02
    150350,      0.676950,CP7_after_upper_clamp,   1,    0.0000000000E+00,    1.9952184596E+02,    1.9952184596E+02,    0.0000000000E+00,    0.0000000000E+00,    0.0000000000E+00,    1.9952184596E+02
    150350,      0.676950,CP8_after_OBC,   1,    0.0000000000E+00,    1.9952184596E+02,    1.9952184596E+02,    0.0000000000E+00,    0.0000000000E+00,    0.0000000000E+00,    1.9952184596E+02
    150350,      0.676950,CP9_after_PTsource,   1,    0.0000000000E+00,    1.9952184596E+02,    1.9952184596E+02,    0.0000000000E+00,    0.0000000000E+00,    0.0000000000E+00,    1.9952184596E+02
    150350,      0.676950,CP10_after_neg_clamp,   1,    0.0000000000E+00,    1.9952184596E+02,    1.9952184596E+02,    0.0000000000E+00,    0.0000000000E+00,    0.0000000000E+00,    1.9952184596E+02
    150350,      0.676950,CP11_after_MPI,   1,    0.0000000000E+00,    1.9952184596E+02,    1.9952184596E+02,    0.0000000000E+00,    0.0000000000E+00,    0.0000000000E+00,    1.9952184596E+02
    150350,      0.676950,CP12_end,   1,    0.0000000000E+00,    1.9952184596E+02,    1.9952184596E+02,    0.0000000000E+00,    0.0000000000E+00,    0.0000000000E+00,    1.9952184596E+02
    150400,      0.676950,CP0_start,   1,    0.0000000000E+00,    1.9963790449E+02,    1.9963790449E+02,    0.0000000000E+00,    0.0000000000E+00,    0.0000000000E+00,    1.9963790449E+02
    150400,      0.676950,CP1_after_deposition,   1,    0.0000000000E+00,    1.9963790449E+02,    1.9963790449E+02,    0.0000000000E+00,    0.0000000000E+00,    0.0000000000E+00,    1.9963790449E+02
    150400,      0.676950,CP2_after_erosion,   1,    0.0000000000E+00,    1.9963790449E+02,    1.9963790449E+02,    0.0000000000E+00,    0.0000000000E+00,    0.0000000000E+00,    1.9963790449E+02
    150400,      0.676950,CP3_after_update_bottom,   1,    0.0000000000E+00,    1.9963790449E+02,    1.9963790449E+02,    0.0000000000E+00,    0.0000000000E+00,    0.0000000000E+00,    1.9963790449E+02
    150400,      0.676950,CP4_after_advection,   1,    0.0000000000E+00,    1.9964400399E+02,    1.9964400399E+02,    0.0000000000E+00,    0.0000000000E+00,    0.0000000000E+00,    1.9964400399E+02
    150400,      0.676950,CP5_after_vdif,   1,    0.0000000000E+00,    1.9964400399E+02,    1.9964400399E+02,    0.0000000000E+00,    0.0000000000E+00,    0.0000000000E+00,    1.9964400399E+02
    150400,      0.676950,CP6_after_kinetics,   1,    0.0000000000E+00,    1.9964400399E+02,    1.9964400399E+02,    0.0000000000E+00,    0.0000000000E+00,    0.0000000000E+00,    1.9964400399E+02
    150400,      0.676950,CP7_after_upper_clamp,   1,    0.0000000000E+00,    1.9964400399E+02,    1.9964400399E+02,    0.0000000000E+00,    0.0000000000E+00,    0.0000000000E+00,    1.9964400399E+02
    150400,      0.676950,CP8_after_OBC,   1,    0.0000000000E+00,    1.9964400399E+02,    1.9964400399E+02,    0.0000000000E+00,    0.0000000000E+00,    0.0000000000E+00,    1.9964400399E+02
    150400,      0.676950,CP9_after_PTsource,   1,    0.0000000000E+00,    1.9964400399E+02,    1.9964400399E+02,    0.0000000000E+00,    0.0000000000E+00,    0.0000000000E+00,    1.9964400399E+02
    150400,      0.676950,CP10_after_neg_clamp,   1,    0.0000000000E+00,    1.9964400399E+02,    1.9964400399E+02,    0.0000000000E+00,    0.0000000000E+00,    0.0000000000E+00,    1.9964400399E+02
    150400,      0.676950,CP11_after_MPI,   1,    0.0000000000E+00,    1.9964400399E+02,    1.9964400399E+02,    0.0000000000E+00,    0.0000000000E+00,    0.0000000000E+00,    1.9964400399E+02
    150400,      0.676950,CP12_end,   1,    0.0000000000E+00,    1.9964400399E+02,    1.9964400399E+02,    0.0000000000E+00,    0.0000000000E+00,    0.0000000000E+00,    1.9964400399E+02
    150450,      0.676950,CP0_start,   1,    0.0000000000E+00,    1.9976015212E+02,    1.9976015212E+02,    0.0000000000E+00,    0.0000000000E+00,    0.0000000000E+00,    1.9976015212E+02
    150450,      0.676950,CP1_after_deposition,   1,    0.0000000000E+00,    1.9976015212E+02,    1.9976015212E+02,    0.0000000000E+00,    0.0000000000E+00,    0.0000000000E+00,    1.9976015212E+02
    150450,      0.676950,CP2_after_erosion,   1,    0.0000000000E+00,    1.9976015212E+02,    1.9976015212E+02,    0.0000000000E+00,    0.0000000000E+00,    0.0000000000E+00,    1.9976015212E+02
    150450,      0.676950,CP3_after_update_bottom,   1,    0.0000000000E+00,    1.9976015212E+02,    1.9976015212E+02,    0.0000000000E+00,    0.0000000000E+00,    0.0000000000E+00,    1.9976015212E+02
    150450,      0.676950,CP4_after_advection,   1,    0.0000000000E+00,    1.9976621603E+02,    1.9976621603E+02,    0.0000000000E+00,    0.0000000000E+00,    0.0000000000E+00,    1.9976621603E+02
    150450,      0.676950,CP5_after_vdif,   1,    0.0000000000E+00,    1.9976621603E+02,    1.9976621603E+02,    0.0000000000E+00,    0.0000000000E+00,    0.0000000000E+00,    1.9976621603E+02
    150450,      0.676950,CP6_after_kinetics,   1,    0.0000000000E+00,    1.9976621603E+02,    1.9976621603E+02,    0.0000000000E+00,    0.0000000000E+00,    0.0000000000E+00,    1.9976621603E+02
    150450,      0.676950,CP7_after_upper_clamp,   1,    0.0000000000E+00,    1.9976621603E+02,    1.9976621603E+02,    0.0000000000E+00,    0.0000000000E+00,    0.0000000000E+00,    1.9976621603E+02
    150450,      0.676950,CP8_after_OBC,   1,    0.0000000000E+00,    1.9976621603E+02,    1.9976621603E+02,    0.0000000000E+00,    0.0000000000E+00,    0.0000000000E+00,    1.9976621603E+02
    150450,      0.676950,CP9_after_PTsource,   1,    0.0000000000E+00,    1.9976621603E+02,    1.9976621603E+02,    0.0000000000E+00,    0.0000000000E+00,    0.0000000000E+00,    1.9976621603E+02
    150450,      0.676950,CP10_after_neg_clamp,   1,    0.0000000000E+00,    1.9976621603E+02,    1.9976621603E+02,    0.0000000000E+00,    0.0000000000E+00,    0.0000000000E+00,    1.9976621603E+02
    150450,      0.676950,CP11_after_MPI,   1,    0.0000000000E+00,    1.9976621603E+02,    1.9976621603E+02,    0.0000000000E+00,    0.0000000000E+00,    0.0000000000E+00,    1.9976621603E+02
    150450,      0.676950,CP12_end,   1,    0.0000000000E+00,    1.9976621603E+02,    1.9976621603E+02,    0.0000000000E+00,    0.0000000000E+00,    0.0000000000E+00,    1.9976621603E+02
    150500,      0.676950,CP0_start,   1,    0.0000000000E+00,    1.9988251119E+02,    1.9988251119E+02,    0.0000000000E+00,    0.0000000000E+00,    0.0000000000E+00,    1.9988251119E+02
    150500,      0.676950,CP1_after_deposition,   1,    0.0000000000E+00,    1.9988251119E+02,    1.9988251119E+02,    0.0000000000E+00,    0.0000000000E+00,    0.0000000000E+00,    1.9988251119E+02
    150500,      0.676950,CP2_after_erosion,   1,    0.0000000000E+00,    1.9988251119E+02,    1.9988251119E+02,    0.0000000000E+00,    0.0000000000E+00,    0.0000000000E+00,    1.9988251119E+02
    150500,      0.676950,CP3_after_update_bottom,   1,    0.0000000000E+00,    1.9988251119E+02,    1.9988251119E+02,    0.0000000000E+00,    0.0000000000E+00,    0.0000000000E+00,    1.9988251119E+02
    150500,      0.676950,CP4_after_advection,   1,    0.0000000000E+00,    1.9988853922E+02,    1.9988853922E+02,    0.0000000000E+00,    0.0000000000E+00,    0.0000000000E+00,    1.9988853922E+02
    150500,      0.676950,CP5_after_vdif,   1,    0.0000000000E+00,    1.9988853922E+02,    1.9988853922E+02,    0.0000000000E+00,    0.0000000000E+00,    0.0000000000E+00,    1.9988853922E+02
    150500,      0.676950,CP6_after_kinetics,   1,    0.0000000000E+00,    1.9988853922E+02,    1.9988853922E+02,    0.0000000000E+00,    0.0000000000E+00,    0.0000000000E+00,    1.9988853922E+02
    150500,      0.676950,CP7_after_upper_clamp,   1,    0.0000000000E+00,    1.9988853922E+02,    1.9988853922E+02,    0.0000000000E+00,    0.0000000000E+00,    0.0000000000E+00,    1.9988853922E+02
    150500,      0.676950,CP8_after_OBC,   1,    0.0000000000E+00,    1.9988853922E+02,    1.9988853922E+02,    0.0000000000E+00,    0.0000000000E+00,    0.0000000000E+00,    1.9988853922E+02
    150500,      0.676950,CP9_after_PTsource,   1,    0.0000000000E+00,    1.9988853922E+02,    1.9988853922E+02,    0.0000000000E+00,    0.0000000000E+00,    0.0000000000E+00,    1.9988853922E+02
    150500,      0.676950,CP10_after_neg_clamp,   1,    0.0000000000E+00,    1.9988853922E+02,    1.9988853922E+02,    0.0000000000E+00,    0.0000000000E+00,    0.0000000000E+00,    1.9988853922E+02
    150500,      0.676950,CP11_after_MPI,   1,    0.0000000000E+00,    1.9988853922E+02,    1.9988853922E+02,    0.0000000000E+00,    0.0000000000E+00,    0.0000000000E+00,    1.9988853922E+02
    150500,      0.676950,CP12_end,   1,    0.0000000000E+00,    1.9988853922E+02,    1.9988853922E+02,    0.0000000000E+00,    0.0000000000E+00,    0.0000000000E+00,    1.9988853922E+02
    150550,      0.676950,CP0_start,   1,    0.0000000000E+00,    2.0000503503E+02,    2.0000503503E+02,    0.0000000000E+00,    0.0000000000E+00,    0.0000000000E+00,    2.0000503503E+02
    150550,      0.676950,CP1_after_deposition,   1,    0.0000000000E+00,    2.0000503503E+02,    2.0000503503E+02,    0.0000000000E+00,    0.0000000000E+00,    0.0000000000E+00,    2.0000503503E+02
    150550,      0.676950,CP2_after_erosion,   1,    0.0000000000E+00,    2.0000503503E+02,    2.0000503503E+02,    0.0000000000E+00,    0.0000000000E+00,    0.0000000000E+00,    2.0000503503E+02
    150550,      0.676950,CP3_after_update_bottom,   1,    0.0000000000E+00,    2.0000503503E+02,    2.0000503503E+02,    0.0000000000E+00,    0.0000000000E+00,    0.0000000000E+00,    2.0000503503E+02
    150550,      0.676950,CP4_after_advection,   1,    0.0000000000E+00,    2.0001102550E+02,    2.0001102550E+02,    0.0000000000E+00,    0.0000000000E+00,    0.0000000000E+00,    2.0001102550E+02
    150550,      0.676950,CP5_after_vdif,   1,    0.0000000000E+00,    2.0001102550E+02,    2.0001102550E+02,    0.0000000000E+00,    0.0000000000E+00,    0.0000000000E+00,    2.0001102550E+02
    150550,      0.676950,CP6_after_kinetics,   1,    0.0000000000E+00,    2.0001102550E+02,    2.0001102550E+02,    0.0000000000E+00,    0.0000000000E+00,    0.0000000000E+00,    2.0001102550E+02
    150550,      0.676950,CP7_after_upper_clamp,   1,    0.0000000000E+00,    2.0001102550E+02,    2.0001102550E+02,    0.0000000000E+00,    0.0000000000E+00,    0.0000000000E+00,    2.0001102550E+02
    150550,      0.676950,CP8_after_OBC,   1,    0.0000000000E+00,    2.0001102550E+02,    2.0001102550E+02,    0.0000000000E+00,    0.0000000000E+00,    0.0000000000E+00,    2.0001102550E+02
    150550,      0.676950,CP9_after_PTsource,   1,    0.0000000000E+00,    2.0001102550E+02,    2.0001102550E+02,    0.0000000000E+00,    0.0000000000E+00,    0.0000000000E+00,    2.0001102550E+02
    150550,      0.676950,CP10_after_neg_clamp,   1,    0.0000000000E+00,    2.0001102550E+02,    2.0001102550E+02,    0.0000000000E+00,    0.0000000000E+00,    0.0000000000E+00,    2.0001102550E+02
    150550,      0.676950,CP11_after_MPI,   1,    0.0000000000E+00,    2.0001102550E+02,    2.0001102550E+02,    0.0000000000E+00,    0.0000000000E+00,    0.0000000000E+00,    2.0001102550E+02
    150550,      0.676950,CP12_end,   1,    0.0000000000E+00,    2.0001102550E+02,    2.0001102550E+02,    0.0000000000E+00,    0.0000000000E+00,    0.0000000000E+00,    2.0001102550E+02
    150600,      0.676950,CP0_start,   1,    0.0000000000E+00,    2.0012775257E+02,    2.0012775257E+02,    0.0000000000E+00,    0.0000000000E+00,    0.0000000000E+00,    2.0012775257E+02
    150600,      0.676950,CP1_after_deposition,   1,    0.0000000000E+00,    2.0012775257E+02,    2.0012775257E+02,    0.0000000000E+00,    0.0000000000E+00,    0.0000000000E+00,    2.0012775257E+02
    150600,      0.676950,CP2_after_erosion,   1,    0.0000000000E+00,    2.0012775257E+02,    2.0012775257E+02,    0.0000000000E+00,    0.0000000000E+00,    0.0000000000E+00,    2.0012775257E+02
    150600,      0.676950,CP3_after_update_bottom,   1,    0.0000000000E+00,    2.0012775257E+02,    2.0012775257E+02,    0.0000000000E+00,    0.0000000000E+00,    0.0000000000E+00,    2.0012775257E+02
    150600,      0.676950,CP4_after_advection,   1,    0.0000000000E+00,    2.0013370461E+02,    2.0013370461E+02,    0.0000000000E+00,    0.0000000000E+00,    0.0000000000E+00,    2.0013370461E+02
    150600,      0.676950,CP5_after_vdif,   1,    0.0000000000E+00,    2.0013370461E+02,    2.0013370461E+02,    0.0000000000E+00,    0.0000000000E+00,    0.0000000000E+00,    2.0013370461E+02
    150600,      0.676950,CP6_after_kinetics,   1,    0.0000000000E+00,    2.0013370461E+02,    2.0013370461E+02,    0.0000000000E+00,    0.0000000000E+00,    0.0000000000E+00,    2.0013370461E+02
    150600,      0.676950,CP7_after_upper_clamp,   1,    0.0000000000E+00,    2.0013370461E+02,    2.0013370461E+02,    0.0000000000E+00,    0.0000000000E+00,    0.0000000000E+00,    2.0013370461E+02
    150600,      0.676950,CP8_after_OBC,   1,    0.0000000000E+00,    2.0013370461E+02,    2.0013370461E+02,    0.0000000000E+00,    0.0000000000E+00,    0.0000000000E+00,    2.0013370461E+02
    150600,      0.676950,CP9_after_PTsource,   1,    0.0000000000E+00,    2.0013370461E+02,    2.0013370461E+02,    0.0000000000E+00,    0.0000000000E+00,    0.0000000000E+00,    2.0013370461E+02
    150600,      0.676950,CP10_after_neg_clamp,   1,    0.0000000000E+00,    2.0013370461E+02,    2.0013370461E+02,    0.0000000000E+00,    0.0000000000E+00,    0.0000000000E+00,    2.0013370461E+02
    150600,      0.676950,CP11_after_MPI,   1,    0.0000000000E+00,    2.0013370461E+02,    2.0013370461E+02,    0.0000000000E+00,    0.0000000000E+00,    0.0000000000E+00,    2.0013370461E+02
    150600,      0.676950,CP12_end,   1,    0.0000000000E+00,    2.0013370461E+02,    2.0013370461E+02,    0.0000000000E+00,    0.0000000000E+00,    0.0000000000E+00,    2.0013370461E+02
    150650,      0.676950,CP0_start,   1,    0.0000000000E+00,    2.0025073786E+02,    2.0025073786E+02,    0.0000000000E+00,    0.0000000000E+00,    0.0000000000E+00,    2.0025073786E+02
    150650,      0.676950,CP1_after_deposition,   1,    0.0000000000E+00,    2.0025073786E+02,    2.0025073786E+02,    0.0000000000E+00,    0.0000000000E+00,    0.0000000000E+00,    2.0025073786E+02
    150650,      0.676950,CP2_after_erosion,   1,    0.0000000000E+00,    2.0025073786E+02,    2.0025073786E+02,    0.0000000000E+00,    0.0000000000E+00,    0.0000000000E+00,    2.0025073786E+02
    150650,      0.676950,CP3_after_update_bottom,   1,    0.0000000000E+00,    2.0025073786E+02,    2.0025073786E+02,    0.0000000000E+00,    0.0000000000E+00,    0.0000000000E+00,    2.0025073786E+02
    150650,      0.676950,CP4_after_advection,   1,    0.0000000000E+00,    2.0025665200E+02,    2.0025665200E+02,    0.0000000000E+00,    0.0000000000E+00,    0.0000000000E+00,    2.0025665200E+02
    150650,      0.676950,CP5_after_vdif,   1,    0.0000000000E+00,    2.0025665200E+02,    2.0025665200E+02,    0.0000000000E+00,    0.0000000000E+00,    0.0000000000E+00,    2.0025665200E+02
    150650,      0.676950,CP6_after_kinetics,   1,    0.0000000000E+00,    2.0025665200E+02,    2.0025665200E+02,    0.0000000000E+00,    0.0000000000E+00,    0.0000000000E+00,    2.0025665200E+02
    150650,      0.676950,CP7_after_upper_clamp,   1,    0.0000000000E+00,    2.0025665200E+02,    2.0025665200E+02,    0.0000000000E+00,    0.0000000000E+00,    0.0000000000E+00,    2.0025665200E+02
    150650,      0.676950,CP8_after_OBC,   1,    0.0000000000E+00,    2.0025665200E+02,    2.0025665200E+02,    0.0000000000E+00,    0.0000000000E+00,    0.0000000000E+00,    2.0025665200E+02
    150650,      0.676950,CP9_after_PTsource,   1,    0.0000000000E+00,    2.0025665200E+02,    2.0025665200E+02,    0.0000000000E+00,    0.0000000000E+00,    0.0000000000E+00,    2.0025665200E+02
    150650,      0.676950,CP10_after_neg_clamp,   1,    0.0000000000E+00,    2.0025665200E+02,    2.0025665200E+02,    0.0000000000E+00,    0.0000000000E+00,    0.0000000000E+00,    2.0025665200E+02
    150650,      0.676950,CP11_after_MPI,   1,    0.0000000000E+00,    2.0025665200E+02,    2.0025665200E+02,    0.0000000000E+00,    0.0000000000E+00,    0.0000000000E+00,    2.0025665200E+02
    150650,      0.676950,CP12_end,   1,    0.0000000000E+00,    2.0025665200E+02,    2.0025665200E+02,    0.0000000000E+00,    0.0000000000E+00,    0.0000000000E+00,    2.0025665200E+02
    150700,      0.676950,CP0_start,   1,    0.0000000000E+00,    2.0037403027E+02,    2.0037403027E+02,    0.0000000000E+00,    0.0000000000E+00,    0.0000000000E+00,    2.0037403027E+02
    150700,      0.676950,CP1_after_deposition,   1,    0.0000000000E+00,    2.0037403027E+02,    2.0037403027E+02,    0.0000000000E+00,    0.0000000000E+00,    0.0000000000E+00,    2.0037403027E+02
    150700,      0.676950,CP2_after_erosion,   1,    0.0000000000E+00,    2.0037403027E+02,    2.0037403027E+02,    0.0000000000E+00,    0.0000000000E+00,    0.0000000000E+00,    2.0037403027E+02
    150700,      0.676950,CP3_after_update_bottom,   1,    0.0000000000E+00,    2.0037403027E+02,    2.0037403027E+02,    0.0000000000E+00,    0.0000000000E+00,    0.0000000000E+00,    2.0037403027E+02
    150700,      0.676950,CP4_after_advection,   1,    0.0000000000E+00,    2.0037990535E+02,    2.0037990535E+02,    0.0000000000E+00,    0.0000000000E+00,    0.0000000000E+00,    2.0037990535E+02
    150700,      0.676950,CP5_after_vdif,   1,    0.0000000000E+00,    2.0037990535E+02,    2.0037990535E+02,    0.0000000000E+00,    0.0000000000E+00,    0.0000000000E+00,    2.0037990535E+02
    150700,      0.676950,CP6_after_kinetics,   1,    0.0000000000E+00,    2.0037990535E+02,    2.0037990535E+02,    0.0000000000E+00,    0.0000000000E+00,    0.0000000000E+00,    2.0037990535E+02
    150700,      0.676950,CP7_after_upper_clamp,   1,    0.0000000000E+00,    2.0037990535E+02,    2.0037990535E+02,    0.0000000000E+00,    0.0000000000E+00,    0.0000000000E+00,    2.0037990535E+02
    150700,      0.676950,CP8_after_OBC,   1,    0.0000000000E+00,    2.0037990535E+02,    2.0037990535E+02,    0.0000000000E+00,    0.0000000000E+00,    0.0000000000E+00,    2.0037990535E+02
    150700,      0.676950,CP9_after_PTsource,   1,    0.0000000000E+00,    2.0037990535E+02,    2.0037990535E+02,    0.0000000000E+00,    0.0000000000E+00,    0.0000000000E+00,    2.0037990535E+02
    150700,      0.676950,CP10_after_neg_clamp,   1,    0.0000000000E+00,    2.0037990535E+02,    2.0037990535E+02,    0.0000000000E+00,    0.0000000000E+00,    0.0000000000E+00,    2.0037990535E+02
    150700,      0.676950,CP11_after_MPI,   1,    0.0000000000E+00,    2.0037990535E+02,    2.0037990535E+02,    0.0000000000E+00,    0.0000000000E+00,    0.0000000000E+00,    2.0037990535E+02
    150700,      0.676950,CP12_end,   1,    0.0000000000E+00,    2.0037990535E+02,    2.0037990535E+02,    0.0000000000E+00,    0.0000000000E+00,    0.0000000000E+00,    2.0037990535E+02
    150750,      0.676950,CP0_start,   1,    0.0000000000E+00,    2.0049761375E+02,    2.0049761375E+02,    0.0000000000E+00,    0.0000000000E+00,    0.0000000000E+00,    2.0049761375E+02
    150750,      0.676950,CP1_after_deposition,   1,    0.0000000000E+00,    2.0049761375E+02,    2.0049761375E+02,    0.0000000000E+00,    0.0000000000E+00,    0.0000000000E+00,    2.0049761375E+02
    150750,      0.676950,CP2_after_erosion,   1,    0.0000000000E+00,    2.0049761375E+02,    2.0049761375E+02,    0.0000000000E+00,    0.0000000000E+00,    0.0000000000E+00,    2.0049761375E+02
    150750,      0.676950,CP3_after_update_bottom,   1,    0.0000000000E+00,    2.0049761375E+02,    2.0049761375E+02,    0.0000000000E+00,    0.0000000000E+00,    0.0000000000E+00,    2.0049761375E+02
    150750,      0.676950,CP4_after_advection,   1,    0.0000000000E+00,    2.0050344905E+02,    2.0050344905E+02,    0.0000000000E+00,    0.0000000000E+00,    0.0000000000E+00,    2.0050344905E+02
    150750,      0.676950,CP5_after_vdif,   1,    0.0000000000E+00,    2.0050344905E+02,    2.0050344905E+02,    0.0000000000E+00,    0.0000000000E+00,    0.0000000000E+00,    2.0050344905E+02
    150750,      0.676950,CP6_after_kinetics,   1,    0.0000000000E+00,    2.0050344905E+02,    2.0050344905E+02,    0.0000000000E+00,    0.0000000000E+00,    0.0000000000E+00,    2.0050344905E+02
    150750,      0.676950,CP7_after_upper_clamp,   1,    0.0000000000E+00,    2.0050344905E+02,    2.0050344905E+02,    0.0000000000E+00,    0.0000000000E+00,    0.0000000000E+00,    2.0050344905E+02
    150750,      0.676950,CP8_after_OBC,   1,    0.0000000000E+00,    2.0050344905E+02,    2.0050344905E+02,    0.0000000000E+00,    0.0000000000E+00,    0.0000000000E+00,    2.0050344905E+02
    150750,      0.676950,CP9_after_PTsource,   1,    0.0000000000E+00,    2.0050344905E+02,    2.0050344905E+02,    0.0000000000E+00,    0.0000000000E+00,    0.0000000000E+00,    2.0050344905E+02
    150750,      0.676950,CP10_after_neg_clamp,   1,    0.0000000000E+00,    2.0050344905E+02,    2.0050344905E+02,    0.0000000000E+00,    0.0000000000E+00,    0.0000000000E+00,    2.0050344905E+02
    150750,      0.676950,CP11_after_MPI,   1,    0.0000000000E+00,    2.0050344905E+02,    2.0050344905E+02,    0.0000000000E+00,    0.0000000000E+00,    0.0000000000E+00,    2.0050344905E+02
    150750,      0.676950,CP12_end,   1,    0.0000000000E+00,    2.0050344905E+02,    2.0050344905E+02,    0.0000000000E+00,    0.0000000000E+00,    0.0000000000E+00,    2.0050344905E+02
    150800,      0.676950,CP0_start,   1,    0.0000000000E+00,    2.0062153016E+02,    2.0062153016E+02,    0.0000000000E+00,    0.0000000000E+00,    0.0000000000E+00,    2.0062153016E+02
    150800,      0.676950,CP1_after_deposition,   1,    0.0000000000E+00,    2.0062153016E+02,    2.0062153016E+02,    0.0000000000E+00,    0.0000000000E+00,    0.0000000000E+00,    2.0062153016E+02
    150800,      0.676950,CP2_after_erosion,   1,    0.0000000000E+00,    2.0062153016E+02,    2.0062153016E+02,    0.0000000000E+00,    0.0000000000E+00,    0.0000000000E+00,    2.0062153016E+02
    150800,      0.676950,CP3_after_update_bottom,   1,    0.0000000000E+00,    2.0062153016E+02,    2.0062153016E+02,    0.0000000000E+00,    0.0000000000E+00,    0.0000000000E+00,    2.0062153016E+02
    150800,      0.676950,CP4_after_advection,   1,    0.0000000000E+00,    2.0062732377E+02,    2.0062732377E+02,    0.0000000000E+00,    0.0000000000E+00,    0.0000000000E+00,    2.0062732377E+02
    150800,      0.676950,CP5_after_vdif,   1,    0.0000000000E+00,    2.0062732377E+02,    2.0062732377E+02,    0.0000000000E+00,    0.0000000000E+00,    0.0000000000E+00,    2.0062732377E+02
    150800,      0.676950,CP6_after_kinetics,   1,    0.0000000000E+00,    2.0062732377E+02,    2.0062732377E+02,    0.0000000000E+00,    0.0000000000E+00,    0.0000000000E+00,    2.0062732377E+02
    150800,      0.676950,CP7_after_upper_clamp,   1,    0.0000000000E+00,    2.0062732377E+02,    2.0062732377E+02,    0.0000000000E+00,    0.0000000000E+00,    0.0000000000E+00,    2.0062732377E+02
    150800,      0.676950,CP8_after_OBC,   1,    0.0000000000E+00,    2.0062732377E+02,    2.0062732377E+02,    0.0000000000E+00,    0.0000000000E+00,    0.0000000000E+00,    2.0062732377E+02
    150800,      0.676950,CP9_after_PTsource,   1,    0.0000000000E+00,    2.0062732377E+02,    2.0062732377E+02,    0.0000000000E+00,    0.0000000000E+00,    0.0000000000E+00,    2.0062732377E+02
    150800,      0.676950,CP10_after_neg_clamp,   1,    0.0000000000E+00,    2.0062732377E+02,    2.0062732377E+02,    0.0000000000E+00,    0.0000000000E+00,    0.0000000000E+00,    2.0062732377E+02
    150800,      0.676950,CP11_after_MPI,   1,    0.0000000000E+00,    2.0062732377E+02,    2.0062732377E+02,    0.0000000000E+00,    0.0000000000E+00,    0.0000000000E+00,    2.0062732377E+02
    150800,      0.676950,CP12_end,   1,    0.0000000000E+00,    2.0062732377E+02,    2.0062732377E+02,    0.0000000000E+00,    0.0000000000E+00,    0.0000000000E+00,    2.0062732377E+02
    150850,      0.676950,CP0_start,   1,    0.0000000000E+00,    2.0074578421E+02,    2.0074578421E+02,    0.0000000000E+00,    0.0000000000E+00,    0.0000000000E+00,    2.0074578421E+02
    150850,      0.676950,CP1_after_deposition,   1,    0.0000000000E+00,    2.0074578421E+02,    2.0074578421E+02,    0.0000000000E+00,    0.0000000000E+00,    0.0000000000E+00,    2.0074578421E+02
    150850,      0.676950,CP2_after_erosion,   1,    0.0000000000E+00,    2.0074578421E+02,    2.0074578421E+02,    0.0000000000E+00,    0.0000000000E+00,    0.0000000000E+00,    2.0074578421E+02
    150850,      0.676950,CP3_after_update_bottom,   1,    0.0000000000E+00,    2.0074578421E+02,    2.0074578421E+02,    0.0000000000E+00,    0.0000000000E+00,    0.0000000000E+00,    2.0074578421E+02
    150850,      0.676950,CP4_after_advection,   1,    0.0000000000E+00,    2.0075153431E+02,    2.0075153431E+02,    0.0000000000E+00,    0.0000000000E+00,    0.0000000000E+00,    2.0075153431E+02
    150850,      0.676950,CP5_after_vdif,   1,    0.0000000000E+00,    2.0075153431E+02,    2.0075153431E+02,    0.0000000000E+00,    0.0000000000E+00,    0.0000000000E+00,    2.0075153431E+02
    150850,      0.676950,CP6_after_kinetics,   1,    0.0000000000E+00,    2.0075153431E+02,    2.0075153431E+02,    0.0000000000E+00,    0.0000000000E+00,    0.0000000000E+00,    2.0075153431E+02
    150850,      0.676950,CP7_after_upper_clamp,   1,    0.0000000000E+00,    2.0075153431E+02,    2.0075153431E+02,    0.0000000000E+00,    0.0000000000E+00,    0.0000000000E+00,    2.0075153431E+02
    150850,      0.676950,CP8_after_OBC,   1,    0.0000000000E+00,    2.0075153431E+02,    2.0075153431E+02,    0.0000000000E+00,    0.0000000000E+00,    0.0000000000E+00,    2.0075153431E+02
    150850,      0.676950,CP9_after_PTsource,   1,    0.0000000000E+00,    2.0075153431E+02,    2.0075153431E+02,    0.0000000000E+00,    0.0000000000E+00,    0.0000000000E+00,    2.0075153431E+02
    150850,      0.676950,CP10_after_neg_clamp,   1,    0.0000000000E+00,    2.0075153431E+02,    2.0075153431E+02,    0.0000000000E+00,    0.0000000000E+00,    0.0000000000E+00,    2.0075153431E+02
    150850,      0.676950,CP11_after_MPI,   1,    0.0000000000E+00,    2.0075153431E+02,    2.0075153431E+02,    0.0000000000E+00,    0.0000000000E+00,    0.0000000000E+00,    2.0075153431E+02
    150850,      0.676950,CP12_end,   1,    0.0000000000E+00,    2.0075153431E+02,    2.0075153431E+02,    0.0000000000E+00,    0.0000000000E+00,    0.0000000000E+00,    2.0075153431E+02
    150900,      0.676950,CP0_start,   1,    0.0000000000E+00,    2.0087039535E+02,    2.0087039535E+02,    0.0000000000E+00,    0.0000000000E+00,    0.0000000000E+00,    2.0087039535E+02
    150900,      0.676950,CP1_after_deposition,   1,    0.0000000000E+00,    2.0087039535E+02,    2.0087039535E+02,    0.0000000000E+00,    0.0000000000E+00,    0.0000000000E+00,    2.0087039535E+02
    150900,      0.676950,CP2_after_erosion,   1,    0.0000000000E+00,    2.0087039535E+02,    2.0087039535E+02,    0.0000000000E+00,    0.0000000000E+00,    0.0000000000E+00,    2.0087039535E+02
    150900,      0.676950,CP3_after_update_bottom,   1,    0.0000000000E+00,    2.0087039535E+02,    2.0087039535E+02,    0.0000000000E+00,    0.0000000000E+00,    0.0000000000E+00,    2.0087039535E+02
    150900,      0.676950,CP4_after_advection,   1,    0.0000000000E+00,    2.0087610046E+02,    2.0087610046E+02,    0.0000000000E+00,    0.0000000000E+00,    0.0000000000E+00,    2.0087610046E+02
    150900,      0.676950,CP5_after_vdif,   1,    0.0000000000E+00,    2.0087610046E+02,    2.0087610046E+02,    0.0000000000E+00,    0.0000000000E+00,    0.0000000000E+00,    2.0087610046E+02
    150900,      0.676950,CP6_after_kinetics,   1,    0.0000000000E+00,    2.0087610046E+02,    2.0087610046E+02,    0.0000000000E+00,    0.0000000000E+00,    0.0000000000E+00,    2.0087610046E+02
    150900,      0.676950,CP7_after_upper_clamp,   1,    0.0000000000E+00,    2.0087610046E+02,    2.0087610046E+02,    0.0000000000E+00,    0.0000000000E+00,    0.0000000000E+00,    2.0087610046E+02
    150900,      0.676950,CP8_after_OBC,   1,    0.0000000000E+00,    2.0087610046E+02,    2.0087610046E+02,    0.0000000000E+00,    0.0000000000E+00,    0.0000000000E+00,    2.0087610046E+02
    150900,      0.676950,CP9_after_PTsource,   1,    0.0000000000E+00,    2.0087610046E+02,    2.0087610046E+02,    0.0000000000E+00,    0.0000000000E+00,    0.0000000000E+00,    2.0087610046E+02
    150900,      0.676950,CP10_after_neg_clamp,   1,    0.0000000000E+00,    2.0087610046E+02,    2.0087610046E+02,    0.0000000000E+00,    0.0000000000E+00,    0.0000000000E+00,    2.0087610046E+02
    150900,      0.676950,CP11_after_MPI,   1,    0.0000000000E+00,    2.0087610046E+02,    2.0087610046E+02,    0.0000000000E+00,    0.0000000000E+00,    0.0000000000E+00,    2.0087610046E+02
    150900,      0.676950,CP12_end,   1,    0.0000000000E+00,    2.0087610046E+02,    2.0087610046E+02,    0.0000000000E+00,    0.0000000000E+00,    0.0000000000E+00,    2.0087610046E+02
    150950,      0.676950,CP0_start,   1,    0.0000000000E+00,    2.0099538913E+02,    2.0099538913E+02,    0.0000000000E+00,    0.0000000000E+00,    0.0000000000E+00,    2.0099538913E+02
    150950,      0.676950,CP1_after_deposition,   1,    0.0000000000E+00,    2.0099538913E+02,    2.0099538913E+02,    0.0000000000E+00,    0.0000000000E+00,    0.0000000000E+00,    2.0099538913E+02
    150950,      0.676950,CP2_after_erosion,   1,    0.0000000000E+00,    2.0099538913E+02,    2.0099538913E+02,    0.0000000000E+00,    0.0000000000E+00,    0.0000000000E+00,    2.0099538913E+02
    150950,      0.676950,CP3_after_update_bottom,   1,    0.0000000000E+00,    2.0099538913E+02,    2.0099538913E+02,    0.0000000000E+00,    0.0000000000E+00,    0.0000000000E+00,    2.0099538913E+02
    150950,      0.676950,CP4_after_advection,   1,    0.0000000000E+00,    2.0100104800E+02,    2.0100104800E+02,    0.0000000000E+00,    0.0000000000E+00,    0.0000000000E+00,    2.0100104800E+02
    150950,      0.676950,CP5_after_vdif,   1,    0.0000000000E+00,    2.0100104800E+02,    2.0100104800E+02,    0.0000000000E+00,    0.0000000000E+00,    0.0000000000E+00,    2.0100104800E+02
    150950,      0.676950,CP6_after_kinetics,   1,    0.0000000000E+00,    2.0100104800E+02,    2.0100104800E+02,    0.0000000000E+00,    0.0000000000E+00,    0.0000000000E+00,    2.0100104800E+02
    150950,      0.676950,CP7_after_upper_clamp,   1,    0.0000000000E+00,    2.0100104800E+02,    2.0100104800E+02,    0.0000000000E+00,    0.0000000000E+00,    0.0000000000E+00,    2.0100104800E+02
    150950,      0.676950,CP8_after_OBC,   1,    0.0000000000E+00,    2.0100104800E+02,    2.0100104800E+02,    0.0000000000E+00,    0.0000000000E+00,    0.0000000000E+00,    2.0100104800E+02
    150950,      0.676950,CP9_after_PTsource,   1,    0.0000000000E+00,    2.0100104800E+02,    2.0100104800E+02,    0.0000000000E+00,    0.0000000000E+00,    0.0000000000E+00,    2.0100104800E+02
    150950,      0.676950,CP10_after_neg_clamp,   1,    0.0000000000E+00,    2.0100104800E+02,    2.0100104800E+02,    0.0000000000E+00,    0.0000000000E+00,    0.0000000000E+00,    2.0100104800E+02
    150950,      0.676950,CP11_after_MPI,   1,    0.0000000000E+00,    2.0100104800E+02,    2.0100104800E+02,    0.0000000000E+00,    0.0000000000E+00,    0.0000000000E+00,    2.0100104800E+02
    150950,      0.676950,CP12_end,   1,    0.0000000000E+00,    2.0100104800E+02,    2.0100104800E+02,    0.0000000000E+00,    0.0000000000E+00,    0.0000000000E+00,    2.0100104800E+02
    151000,      0.676950,CP0_start,   1,    0.0000000000E+00,    2.0112070952E+02,    2.0112070952E+02,    0.0000000000E+00,    0.0000000000E+00,    0.0000000000E+00,    2.0112070952E+02
    151000,      0.676950,CP1_after_deposition,   1,    0.0000000000E+00,    2.0112070952E+02,    2.0112070952E+02,    0.0000000000E+00,    0.0000000000E+00,    0.0000000000E+00,    2.0112070952E+02
    151000,      0.676950,CP2_after_erosion,   1,    0.0000000000E+00,    2.0112070952E+02,    2.0112070952E+02,    0.0000000000E+00,    0.0000000000E+00,    0.0000000000E+00,    2.0112070952E+02
    151000,      0.676950,CP3_after_update_bottom,   1,    0.0000000000E+00,    2.0112070952E+02,    2.0112070952E+02,    0.0000000000E+00,    0.0000000000E+00,    0.0000000000E+00,    2.0112070952E+02
    151000,      0.676950,CP4_after_advection,   1,    0.0000000000E+00,    2.0112631941E+02,    2.0112631941E+02,    0.0000000000E+00,    0.0000000000E+00,    0.0000000000E+00,    2.0112631941E+02
    151000,      0.676950,CP5_after_vdif,   1,    0.0000000000E+00,    2.0112631941E+02,    2.0112631941E+02,    0.0000000000E+00,    0.0000000000E+00,    0.0000000000E+00,    2.0112631941E+02
    151000,      0.676950,CP6_after_kinetics,   1,    0.0000000000E+00,    2.0112631941E+02,    2.0112631941E+02,    0.0000000000E+00,    0.0000000000E+00,    0.0000000000E+00,    2.0112631941E+02
    151000,      0.676950,CP7_after_upper_clamp,   1,    0.0000000000E+00,    2.0112631941E+02,    2.0112631941E+02,    0.0000000000E+00,    0.0000000000E+00,    0.0000000000E+00,    2.0112631941E+02
    151000,      0.676950,CP8_after_OBC,   1,    0.0000000000E+00,    2.0112631941E+02,    2.0112631941E+02,    0.0000000000E+00,    0.0000000000E+00,    0.0000000000E+00,    2.0112631941E+02
    151000,      0.676950,CP9_after_PTsource,   1,    0.0000000000E+00,    2.0112631941E+02,    2.0112631941E+02,    0.0000000000E+00,    0.0000000000E+00,    0.0000000000E+00,    2.0112631941E+02
    151000,      0.676950,CP10_after_neg_clamp,   1,    0.0000000000E+00,    2.0112631941E+02,    2.0112631941E+02,    0.0000000000E+00,    0.0000000000E+00,    0.0000000000E+00,    2.0112631941E+02
    151000,      0.676950,CP11_after_MPI,   1,    0.0000000000E+00,    2.0112631941E+02,    2.0112631941E+02,    0.0000000000E+00,    0.0000000000E+00,    0.0000000000E+00,    2.0112631941E+02
    151000,      0.676950,CP12_end,   1,    0.0000000000E+00,    2.0112631941E+02,    2.0112631941E+02,    0.0000000000E+00,    0.0000000000E+00,    0.0000000000E+00,    2.0112631941E+02
    151050,      0.676950,CP0_start,   1,    0.0000000000E+00,    2.0124644926E+02,    2.0124644926E+02,    0.0000000000E+00,    0.0000000000E+00,    0.0000000000E+00,    2.0124644926E+02
    151050,      0.676950,CP1_after_deposition,   1,    0.0000000000E+00,    2.0124644926E+02,    2.0124644926E+02,    0.0000000000E+00,    0.0000000000E+00,    0.0000000000E+00,    2.0124644926E+02
    151050,      0.676950,CP2_after_erosion,   1,    0.0000000000E+00,    2.0124644926E+02,    2.0124644926E+02,    0.0000000000E+00,    0.0000000000E+00,    0.0000000000E+00,    2.0124644926E+02
    151050,      0.676950,CP3_after_update_bottom,   1,    0.0000000000E+00,    2.0124644926E+02,    2.0124644926E+02,    0.0000000000E+00,    0.0000000000E+00,    0.0000000000E+00,    2.0124644926E+02
    151050,      0.676950,CP4_after_advection,   1,    0.0000000000E+00,    2.0125200764E+02,    2.0125200764E+02,    0.0000000000E+00,    0.0000000000E+00,    0.0000000000E+00,    2.0125200764E+02
    151050,      0.676950,CP5_after_vdif,   1,    0.0000000000E+00,    2.0125200764E+02,    2.0125200764E+02,    0.0000000000E+00,    0.0000000000E+00,    0.0000000000E+00,    2.0125200764E+02
    151050,      0.676950,CP6_after_kinetics,   1,    0.0000000000E+00,    2.0125200764E+02,    2.0125200764E+02,    0.0000000000E+00,    0.0000000000E+00,    0.0000000000E+00,    2.0125200764E+02
    151050,      0.676950,CP7_after_upper_clamp,   1,    0.0000000000E+00,    2.0125200764E+02,    2.0125200764E+02,    0.0000000000E+00,    0.0000000000E+00,    0.0000000000E+00,    2.0125200764E+02
    151050,      0.676950,CP8_after_OBC,   1,    0.0000000000E+00,    2.0125200764E+02,    2.0125200764E+02,    0.0000000000E+00,    0.0000000000E+00,    0.0000000000E+00,    2.0125200764E+02
    151050,      0.676950,CP9_after_PTsource,   1,    0.0000000000E+00,    2.0125200764E+02,    2.0125200764E+02,    0.0000000000E+00,    0.0000000000E+00,    0.0000000000E+00,    2.0125200764E+02
    151050,      0.676950,CP10_after_neg_clamp,   1,    0.0000000000E+00,    2.0125200764E+02,    2.0125200764E+02,    0.0000000000E+00,    0.0000000000E+00,    0.0000000000E+00,    2.0125200764E+02
    151050,      0.676950,CP11_after_MPI,   1,    0.0000000000E+00,    2.0125200764E+02,    2.0125200764E+02,    0.0000000000E+00,    0.0000000000E+00,    0.0000000000E+00,    2.0125200764E+02
    151050,      0.676950,CP12_end,   1,    0.0000000000E+00,    2.0125200764E+02,    2.0125200764E+02,    0.0000000000E+00,    0.0000000000E+00,    0.0000000000E+00,    2.0125200764E+02
    151100,      0.676950,CP0_start,   1,    0.0000000000E+00,    2.0137261132E+02,    2.0137261132E+02,    0.0000000000E+00,    0.0000000000E+00,    0.0000000000E+00,    2.0137261132E+02
    151100,      0.676950,CP1_after_deposition,   1,    0.0000000000E+00,    2.0137261132E+02,    2.0137261132E+02,    0.0000000000E+00,    0.0000000000E+00,    0.0000000000E+00,    2.0137261132E+02
    151100,      0.676950,CP2_after_erosion,   1,    0.0000000000E+00,    2.0137261132E+02,    2.0137261132E+02,    0.0000000000E+00,    0.0000000000E+00,    0.0000000000E+00,    2.0137261132E+02
    151100,      0.676950,CP3_after_update_bottom,   1,    0.0000000000E+00,    2.0137261132E+02,    2.0137261132E+02,    0.0000000000E+00,    0.0000000000E+00,    0.0000000000E+00,    2.0137261132E+02
    151100,      0.676950,CP4_after_advection,   1,    0.0000000000E+00,    2.0137811803E+02,    2.0137811803E+02,    0.0000000000E+00,    0.0000000000E+00,    0.0000000000E+00,    2.0137811803E+02
    151100,      0.676950,CP5_after_vdif,   1,    0.0000000000E+00,    2.0137811803E+02,    2.0137811803E+02,    0.0000000000E+00,    0.0000000000E+00,    0.0000000000E+00,    2.0137811803E+02
    151100,      0.676950,CP6_after_kinetics,   1,    0.0000000000E+00,    2.0137811803E+02,    2.0137811803E+02,    0.0000000000E+00,    0.0000000000E+00,    0.0000000000E+00,    2.0137811803E+02
    151100,      0.676950,CP7_after_upper_clamp,   1,    0.0000000000E+00,    2.0137811803E+02,    2.0137811803E+02,    0.0000000000E+00,    0.0000000000E+00,    0.0000000000E+00,    2.0137811803E+02
    151100,      0.676950,CP8_after_OBC,   1,    0.0000000000E+00,    2.0137811803E+02,    2.0137811803E+02,    0.0000000000E+00,    0.0000000000E+00,    0.0000000000E+00,    2.0137811803E+02
    151100,      0.676950,CP9_after_PTsource,   1,    0.0000000000E+00,    2.0137811803E+02,    2.0137811803E+02,    0.0000000000E+00,    0.0000000000E+00,    0.0000000000E+00,    2.0137811803E+02
    151100,      0.676950,CP10_after_neg_clamp,   1,    0.0000000000E+00,    2.0137811803E+02,    2.0137811803E+02,    0.0000000000E+00,    0.0000000000E+00,    0.0000000000E+00,    2.0137811803E+02
    151100,      0.676950,CP11_after_MPI,   1,    0.0000000000E+00,    2.0137811803E+02,    2.0137811803E+02,    0.0000000000E+00,    0.0000000000E+00,    0.0000000000E+00,    2.0137811803E+02
    151100,      0.676950,CP12_end,   1,    0.0000000000E+00,    2.0137811803E+02,    2.0137811803E+02,    0.0000000000E+00,    0.0000000000E+00,    0.0000000000E+00,    2.0137811803E+02
    151150,      0.676950,CP0_start,   1,    0.0000000000E+00,    2.0149914801E+02,    2.0149914801E+02,    0.0000000000E+00,    0.0000000000E+00,    0.0000000000E+00,    2.0149914801E+02
    151150,      0.676950,CP1_after_deposition,   1,    0.0000000000E+00,    2.0149914801E+02,    2.0149914801E+02,    0.0000000000E+00,    0.0000000000E+00,    0.0000000000E+00,    2.0149914801E+02
    151150,      0.676950,CP2_after_erosion,   1,    0.0000000000E+00,    2.0149914801E+02,    2.0149914801E+02,    0.0000000000E+00,    0.0000000000E+00,    0.0000000000E+00,    2.0149914801E+02
    151150,      0.676950,CP3_after_update_bottom,   1,    0.0000000000E+00,    2.0149914801E+02,    2.0149914801E+02,    0.0000000000E+00,    0.0000000000E+00,    0.0000000000E+00,    2.0149914801E+02
    151150,      0.676950,CP4_after_advection,   1,    0.0000000000E+00,    2.0150460471E+02,    2.0150460471E+02,    0.0000000000E+00,    0.0000000000E+00,    0.0000000000E+00,    2.0150460471E+02
    151150,      0.676950,CP5_after_vdif,   1,    0.0000000000E+00,    2.0150460471E+02,    2.0150460471E+02,    0.0000000000E+00,    0.0000000000E+00,    0.0000000000E+00,    2.0150460471E+02
    151150,      0.676950,CP6_after_kinetics,   1,    0.0000000000E+00,    2.0150460471E+02,    2.0150460471E+02,    0.0000000000E+00,    0.0000000000E+00,    0.0000000000E+00,    2.0150460471E+02
    151150,      0.676950,CP7_after_upper_clamp,   1,    0.0000000000E+00,    2.0150460471E+02,    2.0150460471E+02,    0.0000000000E+00,    0.0000000000E+00,    0.0000000000E+00,    2.0150460471E+02
    151150,      0.676950,CP8_after_OBC,   1,    0.0000000000E+00,    2.0150460471E+02,    2.0150460471E+02,    0.0000000000E+00,    0.0000000000E+00,    0.0000000000E+00,    2.0150460471E+02
    151150,      0.676950,CP9_after_PTsource,   1,    0.0000000000E+00,    2.0150460471E+02,    2.0150460471E+02,    0.0000000000E+00,    0.0000000000E+00,    0.0000000000E+00,    2.0150460471E+02
    151150,      0.676950,CP10_after_neg_clamp,   1,    0.0000000000E+00,    2.0150460471E+02,    2.0150460471E+02,    0.0000000000E+00,    0.0000000000E+00,    0.0000000000E+00,    2.0150460471E+02
    151150,      0.676950,CP11_after_MPI,   1,    0.0000000000E+00,    2.0150460471E+02,    2.0150460471E+02,    0.0000000000E+00,    0.0000000000E+00,    0.0000000000E+00,    2.0150460471E+02
    151150,      0.676950,CP12_end,   1,    0.0000000000E+00,    2.0150460471E+02,    2.0150460471E+02,    0.0000000000E+00,    0.0000000000E+00,    0.0000000000E+00,    2.0150460471E+02
    151200,      0.676950,CP0_start,   1,    0.0000000000E+00,    2.0162598392E+02,    2.0162598392E+02,    0.0000000000E+00,    0.0000000000E+00,    0.0000000000E+00,    2.0162598392E+02
    151200,      0.676950,CP1_after_deposition,   1,    0.0000000000E+00,    2.0162598392E+02,    2.0162598392E+02,    0.0000000000E+00,    0.0000000000E+00,    0.0000000000E+00,    2.0162598392E+02
    151200,      0.676950,CP2_after_erosion,   1,    0.0000000000E+00,    2.0162598392E+02,    2.0162598392E+02,    0.0000000000E+00,    0.0000000000E+00,    0.0000000000E+00,    2.0162598392E+02
    151200,      0.676950,CP3_after_update_bottom,   1,    0.0000000000E+00,    2.0162598392E+02,    2.0162598392E+02,    0.0000000000E+00,    0.0000000000E+00,    0.0000000000E+00,    2.0162598392E+02
    151200,      0.676950,CP4_after_advection,   1,    0.0000000000E+00,    2.0163138383E+02,    2.0163138383E+02,    0.0000000000E+00,    0.0000000000E+00,    0.0000000000E+00,    2.0163138383E+02
    151200,      0.676950,CP5_after_vdif,   1,    0.0000000000E+00,    2.0163138383E+02,    2.0163138383E+02,    0.0000000000E+00,    0.0000000000E+00,    0.0000000000E+00,    2.0163138383E+02
    151200,      0.676950,CP6_after_kinetics,   1,    0.0000000000E+00,    2.0163138383E+02,    2.0163138383E+02,    0.0000000000E+00,    0.0000000000E+00,    0.0000000000E+00,    2.0163138383E+02
    151200,      0.676950,CP7_after_upper_clamp,   1,    0.0000000000E+00,    2.0163138383E+02,    2.0163138383E+02,    0.0000000000E+00,    0.0000000000E+00,    0.0000000000E+00,    2.0163138383E+02
    151200,      0.676950,CP8_after_OBC,   1,    0.0000000000E+00,    2.0163138383E+02,    2.0163138383E+02,    0.0000000000E+00,    0.0000000000E+00,    0.0000000000E+00,    2.0163138383E+02
    151200,      0.676950,CP9_after_PTsource,   1,    0.0000000000E+00,    2.0163138383E+02,    2.0163138383E+02,    0.0000000000E+00,    0.0000000000E+00,    0.0000000000E+00,    2.0163138383E+02
    151200,      0.676950,CP10_after_neg_clamp,   1,    0.0000000000E+00,    2.0163138383E+02,    2.0163138383E+02,    0.0000000000E+00,    0.0000000000E+00,    0.0000000000E+00,    2.0163138383E+02
    151200,      0.676950,CP11_after_MPI,   1,    0.0000000000E+00,    2.0163138383E+02,    2.0163138383E+02,    0.0000000000E+00,    0.0000000000E+00,    0.0000000000E+00,    2.0163138383E+02
    151200,      0.676950,CP12_end,   1,    0.0000000000E+00,    2.0163138383E+02,    2.0163138383E+02,    0.0000000000E+00,    0.0000000000E+00,    0.0000000000E+00,    2.0163138383E+02
    151250,      0.676950,CP0_start,   1,    0.0000000000E+00,    2.0175309634E+02,    2.0175309634E+02,    0.0000000000E+00,    0.0000000000E+00,    0.0000000000E+00,    2.0175309634E+02
    151250,      0.676950,CP1_after_deposition,   1,    0.0000000000E+00,    2.0175309634E+02,    2.0175309634E+02,    0.0000000000E+00,    0.0000000000E+00,    0.0000000000E+00,    2.0175309634E+02
    151250,      0.676950,CP2_after_erosion,   1,    0.0000000000E+00,    2.0175309634E+02,    2.0175309634E+02,    0.0000000000E+00,    0.0000000000E+00,    0.0000000000E+00,    2.0175309634E+02
    151250,      0.676950,CP3_after_update_bottom,   1,    0.0000000000E+00,    2.0175309634E+02,    2.0175309634E+02,    0.0000000000E+00,    0.0000000000E+00,    0.0000000000E+00,    2.0175309634E+02
    151250,      0.676950,CP4_after_advection,   1,    0.0000000000E+00,    2.0175843290E+02,    2.0175843290E+02,    0.0000000000E+00,    0.0000000000E+00,    0.0000000000E+00,    2.0175843290E+02
    151250,      0.676950,CP5_after_vdif,   1,    0.0000000000E+00,    2.0175843290E+02,    2.0175843290E+02,    0.0000000000E+00,    0.0000000000E+00,    0.0000000000E+00,    2.0175843290E+02
    151250,      0.676950,CP6_after_kinetics,   1,    0.0000000000E+00,    2.0175843290E+02,    2.0175843290E+02,    0.0000000000E+00,    0.0000000000E+00,    0.0000000000E+00,    2.0175843290E+02
    151250,      0.676950,CP7_after_upper_clamp,   1,    0.0000000000E+00,    2.0175843290E+02,    2.0175843290E+02,    0.0000000000E+00,    0.0000000000E+00,    0.0000000000E+00,    2.0175843290E+02
    151250,      0.676950,CP8_after_OBC,   1,    0.0000000000E+00,    2.0175843290E+02,    2.0175843290E+02,    0.0000000000E+00,    0.0000000000E+00,    0.0000000000E+00,    2.0175843290E+02
    151250,      0.676950,CP9_after_PTsource,   1,    0.0000000000E+00,    2.0175843290E+02,    2.0175843290E+02,    0.0000000000E+00,    0.0000000000E+00,    0.0000000000E+00,    2.0175843290E+02
    151250,      0.676950,CP10_after_neg_clamp,   1,    0.0000000000E+00,    2.0175843290E+02,    2.0175843290E+02,    0.0000000000E+00,    0.0000000000E+00,    0.0000000000E+00,    2.0175843290E+02
    151250,      0.676950,CP11_after_MPI,   1,    0.0000000000E+00,    2.0175843290E+02,    2.0175843290E+02,    0.0000000000E+00,    0.0000000000E+00,    0.0000000000E+00,    2.0175843290E+02
    151250,      0.676950,CP12_end,   1,    0.0000000000E+00,    2.0175843290E+02,    2.0175843290E+02,    0.0000000000E+00,    0.0000000000E+00,    0.0000000000E+00,    2.0175843290E+02
    151300,      0.676950,CP0_start,   1,    0.0000000000E+00,    2.0188044209E+02,    2.0188044209E+02,    0.0000000000E+00,    0.0000000000E+00,    0.0000000000E+00,    2.0188044209E+02
    151300,      0.676950,CP1_after_deposition,   1,    0.0000000000E+00,    2.0188044209E+02,    2.0188044209E+02,    0.0000000000E+00,    0.0000000000E+00,    0.0000000000E+00,    2.0188044209E+02
    151300,      0.676950,CP2_after_erosion,   1,                 NaN,                 NaN,                 NaN,    0.0000000000E+00,    0.0000000000E+00,    0.0000000000E+00,                 NaN
    151300,      0.676950,CP3_after_update_bottom,   1,                 NaN,                 NaN,                 NaN,    0.0000000000E+00,    0.0000000000E+00,    0.0000000000E+00,                 NaN
    151300,      0.676950,CP4_after_advection,   1,                 NaN,                 NaN,                 NaN,    0.0000000000E+00,    0.0000000000E+00,    0.0000000000E+00,                 NaN
    151300,      0.676950,CP5_after_vdif,   1,                 NaN,                 NaN,                 NaN,    0.0000000000E+00,    0.0000000000E+00,    0.0000000000E+00,                 NaN
    151300,      0.676950,CP6_after_kinetics,   1,                 NaN,                 NaN,                 NaN,    0.0000000000E+00,    0.0000000000E+00,    0.0000000000E+00,                 NaN
    151300,      0.676950,CP7_after_upper_clamp,   1,                 NaN,                 NaN,                 NaN,    0.0000000000E+00,    0.0000000000E+00,    0.0000000000E+00,                 NaN
    151300,      0.676950,CP8_after_OBC,   1,                 NaN,                 NaN,                 NaN,    0.0000000000E+00,    0.0000000000E+00,    0.0000000000E+00,                 NaN
    151300,      0.676950,CP9_after_PTsource,   1,                 NaN,                 NaN,                 NaN,    0.0000000000E+00,    0.0000000000E+00,    0.0000000000E+00,                 NaN
    151300,      0.676950,CP10_after_neg_clamp,   1,    0.0000000000E+00,    2.0152211162E+02,    2.0152211162E+02,    0.0000000000E+00,    0.0000000000E+00,    0.0000000000E+00,    2.0152211162E+02
    151300,      0.676950,CP11_after_MPI,   1,    0.0000000000E+00,    2.0152211162E+02,    2.0152211162E+02,    0.0000000000E+00,    0.0000000000E+00,    0.0000000000E+00,    2.0152211162E+02
    151300,      0.676950,CP12_end,   1,    0.0000000000E+00,    2.0152211162E+02,    2.0152211162E+02,    0.0000000000E+00,    0.0000000000E+00,    0.0000000000E+00,    2.0152211162E+02
    151350,      0.676950,CP0_start,   1,    0.0000000000E+00,    2.0164431461E+02,    2.0164431461E+02,    0.0000000000E+00,    0.0000000000E+00,    0.0000000000E+00,    2.0164431461E+02
    151350,      0.676950,CP1_after_deposition,   1,    0.0000000000E+00,    2.0164431461E+02,    2.0164431461E+02,    0.0000000000E+00,    0.0000000000E+00,    0.0000000000E+00,    2.0164431461E+02
    151350,      0.676950,CP2_after_erosion,   1,    0.0000000000E+00,    2.0164431461E+02,    2.0164431461E+02,    0.0000000000E+00,    0.0000000000E+00,    0.0000000000E+00,    2.0164431461E+02
    151350,      0.676950,CP3_after_update_bottom,   1,    0.0000000000E+00,    2.0164431461E+02,    2.0164431461E+02,    0.0000000000E+00,    0.0000000000E+00,    0.0000000000E+00,    2.0164431461E+02
    151350,      0.676950,CP4_after_advection,   1,    0.0000000000E+00,    2.0164953063E+02,    2.0164953063E+02,    0.0000000000E+00,    0.0000000000E+00,    0.0000000000E+00,    2.0164953063E+02
    151350,      0.676950,CP5_after_vdif,   1,    0.0000000000E+00,    2.0164953063E+02,    2.0164953063E+02,    0.0000000000E+00,    0.0000000000E+00,    0.0000000000E+00,    2.0164953063E+02
    151350,      0.676950,CP6_after_kinetics,   1,    0.0000000000E+00,    2.0164953063E+02,    2.0164953063E+02,    0.0000000000E+00,    0.0000000000E+00,    0.0000000000E+00,    2.0164953063E+02
    151350,      0.676950,CP7_after_upper_clamp,   1,    0.0000000000E+00,    2.0164953063E+02,    2.0164953063E+02,    0.0000000000E+00,    0.0000000000E+00,    0.0000000000E+00,    2.0164953063E+02
    151350,      0.676950,CP8_after_OBC,   1,    0.0000000000E+00,    2.0164953063E+02,    2.0164953063E+02,    0.0000000000E+00,    0.0000000000E+00,    0.0000000000E+00,    2.0164953063E+02
    151350,      0.676950,CP9_after_PTsource,   1,    0.0000000000E+00,    2.0164953063E+02,    2.0164953063E+02,    0.0000000000E+00,    0.0000000000E+00,    0.0000000000E+00,    2.0164953063E+02
    151350,      0.676950,CP10_after_neg_clamp,   1,    0.0000000000E+00,    2.0164953063E+02,    2.0164953063E+02,    0.0000000000E+00,    0.0000000000E+00,    0.0000000000E+00,    2.0164953063E+02
    151350,      0.676950,CP11_after_MPI,   1,    0.0000000000E+00,    2.0164953063E+02,    2.0164953063E+02,    0.0000000000E+00,    0.0000000000E+00,    0.0000000000E+00,    2.0164953063E+02
    151350,      0.676950,CP12_end,   1,    0.0000000000E+00,    2.0164953063E+02,    2.0164953063E+02,    0.0000000000E+00,    0.0000000000E+00,    0.0000000000E+00,    2.0164953063E+02
    151400,      0.676950,CP0_start,   1,    0.0000000000E+00,    2.0177357366E+02,    2.0177357366E+02,    0.0000000000E+00,    0.0000000000E+00,    0.0000000000E+00,    2.0177357366E+02
    151400,      0.676950,CP1_after_deposition,   1,    0.0000000000E+00,    2.0177357366E+02,    2.0177357366E+02,    0.0000000000E+00,    0.0000000000E+00,    0.0000000000E+00,    2.0177357366E+02
    151400,      0.676950,CP2_after_erosion,   1,    0.0000000000E+00,    2.0177357366E+02,    2.0177357366E+02,    0.0000000000E+00,    0.0000000000E+00,    0.0000000000E+00,    2.0177357366E+02
    151400,      0.676950,CP3_after_update_bottom,   1,    0.0000000000E+00,    2.0177357366E+02,    2.0177357366E+02,    0.0000000000E+00,    0.0000000000E+00,    0.0000000000E+00,    2.0177357366E+02
    151400,      0.676950,CP4_after_advection,   1,    0.0000000000E+00,    2.0177875883E+02,    2.0177875883E+02,    0.0000000000E+00,    0.0000000000E+00,    0.0000000000E+00,    2.0177875883E+02
    151400,      0.676950,CP5_after_vdif,   1,    0.0000000000E+00,    2.0177875883E+02,    2.0177875883E+02,    0.0000000000E+00,    0.0000000000E+00,    0.0000000000E+00,    2.0177875883E+02
    151400,      0.676950,CP6_after_kinetics,   1,    0.0000000000E+00,    2.0177875883E+02,    2.0177875883E+02,    0.0000000000E+00,    0.0000000000E+00,    0.0000000000E+00,    2.0177875883E+02
    151400,      0.676950,CP7_after_upper_clamp,   1,    0.0000000000E+00,    2.0177875883E+02,    2.0177875883E+02,    0.0000000000E+00,    0.0000000000E+00,    0.0000000000E+00,    2.0177875883E+02
    151400,      0.676950,CP8_after_OBC,   1,    0.0000000000E+00,    2.0177875883E+02,    2.0177875883E+02,    0.0000000000E+00,    0.0000000000E+00,    0.0000000000E+00,    2.0177875883E+02
    151400,      0.676950,CP9_after_PTsource,   1,    0.0000000000E+00,    2.0177875883E+02,    2.0177875883E+02,    0.0000000000E+00,    0.0000000000E+00,    0.0000000000E+00,    2.0177875883E+02
    151400,      0.676950,CP10_after_neg_clamp,   1,    0.0000000000E+00,    2.0177875883E+02,    2.0177875883E+02,    0.0000000000E+00,    0.0000000000E+00,    0.0000000000E+00,    2.0177875883E+02
    151400,      0.676950,CP11_after_MPI,   1,    0.0000000000E+00,    2.0177875883E+02,    2.0177875883E+02,    0.0000000000E+00,    0.0000000000E+00,    0.0000000000E+00,    2.0177875883E+02
    151400,      0.676950,CP12_end,   1,    0.0000000000E+00,    2.0177875883E+02,    2.0177875883E+02,    0.0000000000E+00,    0.0000000000E+00,    0.0000000000E+00,    2.0177875883E+02
    151450,      0.676950,CP0_start,   1,    0.0000000000E+00,    2.0190538273E+02,    2.0190538273E+02,    0.0000000000E+00,    0.0000000000E+00,    0.0000000000E+00,    2.0190538273E+02
    151450,      0.676950,CP1_after_deposition,   1,    0.0000000000E+00,    2.0190538273E+02,    2.0190538273E+02,    0.0000000000E+00,    0.0000000000E+00,    0.0000000000E+00,    2.0190538273E+02
    151450,      0.676950,CP2_after_erosion,   1,    0.0000000000E+00,    2.0190538273E+02,    2.0190538273E+02,    0.0000000000E+00,    0.0000000000E+00,    0.0000000000E+00,    2.0190538273E+02
    151450,      0.676950,CP3_after_update_bottom,   1,    0.0000000000E+00,    2.0190538273E+02,    2.0190538273E+02,    0.0000000000E+00,    0.0000000000E+00,    0.0000000000E+00,    2.0190538273E+02
    151450,      0.676950,CP4_after_advection,   1,    0.0000000000E+00,    2.0191055243E+02,    2.0191055243E+02,    0.0000000000E+00,    0.0000000000E+00,    0.0000000000E+00,    2.0191055243E+02
    151450,      0.676950,CP5_after_vdif,   1,    0.0000000000E+00,    2.0191055243E+02,    2.0191055243E+02,    0.0000000000E+00,    0.0000000000E+00,    0.0000000000E+00,    2.0191055243E+02
    151450,      0.676950,CP6_after_kinetics,   1,    0.0000000000E+00,    2.0191055243E+02,    2.0191055243E+02,    0.0000000000E+00,    0.0000000000E+00,    0.0000000000E+00,    2.0191055243E+02
    151450,      0.676950,CP7_after_upper_clamp,   1,    0.0000000000E+00,    2.0191055243E+02,    2.0191055243E+02,    0.0000000000E+00,    0.0000000000E+00,    0.0000000000E+00,    2.0191055243E+02
    151450,      0.676950,CP8_after_OBC,   1,    0.0000000000E+00,    2.0191055243E+02,    2.0191055243E+02,    0.0000000000E+00,    0.0000000000E+00,    0.0000000000E+00,    2.0191055243E+02
    151450,      0.676950,CP9_after_PTsource,   1,    0.0000000000E+00,    2.0191055243E+02,    2.0191055243E+02,    0.0000000000E+00,    0.0000000000E+00,    0.0000000000E+00,    2.0191055243E+02
    151450,      0.676950,CP10_after_neg_clamp,   1,    0.0000000000E+00,    2.0191055243E+02,    2.0191055243E+02,    0.0000000000E+00,    0.0000000000E+00,    0.0000000000E+00,    2.0191055243E+02
    151450,      0.676950,CP11_after_MPI,   1,    0.0000000000E+00,    2.0191055243E+02,    2.0191055243E+02,    0.0000000000E+00,    0.0000000000E+00,    0.0000000000E+00,    2.0191055243E+02
    151450,      0.676950,CP12_end,   1,    0.0000000000E+00,    2.0191055243E+02,    2.0191055243E+02,    0.0000000000E+00,    0.0000000000E+00,    0.0000000000E+00,    2.0191055243E+02
    151500,      0.676950,CP0_start,   1,    0.0000000000E+00,    2.0204073663E+02,    2.0204073663E+02,    0.0000000000E+00,    0.0000000000E+00,    0.0000000000E+00,    2.0204073663E+02
    151500,      0.676950,CP1_after_deposition,   1,    0.0000000000E+00,    2.0204073663E+02,    2.0204073663E+02,    0.0000000000E+00,    0.0000000000E+00,    0.0000000000E+00,    2.0204073663E+02
    151500,      0.676950,CP2_after_erosion,   1,    0.0000000000E+00,    2.0204073663E+02,    2.0204073663E+02,    0.0000000000E+00,    0.0000000000E+00,    0.0000000000E+00,    2.0204073663E+02
    151500,      0.676950,CP3_after_update_bottom,   1,    0.0000000000E+00,    2.0204073663E+02,    2.0204073663E+02,    0.0000000000E+00,    0.0000000000E+00,    0.0000000000E+00,    2.0204073663E+02
    151500,      0.676950,CP4_after_advection,   1,    0.0000000000E+00,    2.0204590185E+02,    2.0204590185E+02,    0.0000000000E+00,    0.0000000000E+00,    0.0000000000E+00,    2.0204590185E+02
    151500,      0.676950,CP5_after_vdif,   1,    0.0000000000E+00,    2.0204590185E+02,    2.0204590185E+02,    0.0000000000E+00,    0.0000000000E+00,    0.0000000000E+00,    2.0204590185E+02
    151500,      0.676950,CP6_after_kinetics,   1,    0.0000000000E+00,    2.0204590185E+02,    2.0204590185E+02,    0.0000000000E+00,    0.0000000000E+00,    0.0000000000E+00,    2.0204590185E+02
    151500,      0.676950,CP7_after_upper_clamp,   1,    0.0000000000E+00,    2.0204590185E+02,    2.0204590185E+02,    0.0000000000E+00,    0.0000000000E+00,    0.0000000000E+00,    2.0204590185E+02
    151500,      0.676950,CP8_after_OBC,   1,    0.0000000000E+00,    2.0204590185E+02,    2.0204590185E+02,    0.0000000000E+00,    0.0000000000E+00,    0.0000000000E+00,    2.0204590185E+02
    151500,      0.676950,CP9_after_PTsource,   1,    0.0000000000E+00,    2.0204590185E+02,    2.0204590185E+02,    0.0000000000E+00,    0.0000000000E+00,    0.0000000000E+00,    2.0204590185E+02
    151500,      0.676950,CP10_after_neg_clamp,   1,    0.0000000000E+00,    2.0204590185E+02,    2.0204590185E+02,    0.0000000000E+00,    0.0000000000E+00,    0.0000000000E+00,    2.0204590185E+02
    151500,      0.676950,CP11_after_MPI,   1,    0.0000000000E+00,    2.0204590185E+02,    2.0204590185E+02,    0.0000000000E+00,    0.0000000000E+00,    0.0000000000E+00,    2.0204590185E+02
    151500,      0.676950,CP12_end,   1,    0.0000000000E+00,    2.0204590185E+02,    2.0204590185E+02,    0.0000000000E+00,    0.0000000000E+00,    0.0000000000E+00,    2.0204590185E+02
    151550,      0.676950,CP0_start,   1,    0.0000000000E+00,    2.0217909553E+02,    2.0217909553E+02,    0.0000000000E+00,    0.0000000000E+00,    0.0000000000E+00,    2.0217909553E+02
    151550,      0.676950,CP1_after_deposition,   1,    0.0000000000E+00,    2.0217909553E+02,    2.0217909553E+02,    0.0000000000E+00,    0.0000000000E+00,    0.0000000000E+00,    2.0217909553E+02
    151550,      0.676950,CP2_after_erosion,   1,    0.0000000000E+00,    2.0217909553E+02,    2.0217909553E+02,    0.0000000000E+00,    0.0000000000E+00,    0.0000000000E+00,    2.0217909553E+02
    151550,      0.676950,CP3_after_update_bottom,   1,    0.0000000000E+00,    2.0217909553E+02,    2.0217909553E+02,    0.0000000000E+00,    0.0000000000E+00,    0.0000000000E+00,    2.0217909553E+02
    151550,      0.676950,CP4_after_advection,   1,    0.0000000000E+00,    2.0218422023E+02,    2.0218422023E+02,    0.0000000000E+00,    0.0000000000E+00,    0.0000000000E+00,    2.0218422023E+02
    151550,      0.676950,CP5_after_vdif,   1,    0.0000000000E+00,    2.0218422023E+02,    2.0218422023E+02,    0.0000000000E+00,    0.0000000000E+00,    0.0000000000E+00,    2.0218422023E+02
    151550,      0.676950,CP6_after_kinetics,   1,    0.0000000000E+00,    2.0218422023E+02,    2.0218422023E+02,    0.0000000000E+00,    0.0000000000E+00,    0.0000000000E+00,    2.0218422023E+02
    151550,      0.676950,CP7_after_upper_clamp,   1,    0.0000000000E+00,    2.0218422023E+02,    2.0218422023E+02,    0.0000000000E+00,    0.0000000000E+00,    0.0000000000E+00,    2.0218422023E+02
    151550,      0.676950,CP8_after_OBC,   1,    0.0000000000E+00,    2.0218422023E+02,    2.0218422023E+02,    0.0000000000E+00,    0.0000000000E+00,    0.0000000000E+00,    2.0218422023E+02
    151550,      0.676950,CP9_after_PTsource,   1,    0.0000000000E+00,    2.0218422023E+02,    2.0218422023E+02,    0.0000000000E+00,    0.0000000000E+00,    0.0000000000E+00,    2.0218422023E+02
    151550,      0.676950,CP10_after_neg_clamp,   1,    0.0000000000E+00,    2.0218422023E+02,    2.0218422023E+02,    0.0000000000E+00,    0.0000000000E+00,    0.0000000000E+00,    2.0218422023E+02
    151550,      0.676950,CP11_after_MPI,   1,    0.0000000000E+00,    2.0218422023E+02,    2.0218422023E+02,    0.0000000000E+00,    0.0000000000E+00,    0.0000000000E+00,    2.0218422023E+02
    151550,      0.676950,CP12_end,   1,    0.0000000000E+00,    2.0218422023E+02,    2.0218422023E+02,    0.0000000000E+00,    0.0000000000E+00,    0.0000000000E+00,    2.0218422023E+02
    151600,      0.676950,CP0_start,   1,    0.0000000000E+00,    2.0231857423E+02,    2.0231857423E+02,    0.0000000000E+00,    0.0000000000E+00,    0.0000000000E+00,    2.0231857423E+02
    151600,      0.676950,CP1_after_deposition,   1,    0.0000000000E+00,    2.0231857423E+02,    2.0231857423E+02,    0.0000000000E+00,    0.0000000000E+00,    0.0000000000E+00,    2.0231857423E+02
    151600,      0.676950,CP2_after_erosion,   1,    0.0000000000E+00,    2.0231857423E+02,    2.0231857423E+02,    0.0000000000E+00,    0.0000000000E+00,    0.0000000000E+00,    2.0231857423E+02
    151600,      0.676950,CP3_after_update_bottom,   1,    0.0000000000E+00,    2.0231857423E+02,    2.0231857423E+02,    0.0000000000E+00,    0.0000000000E+00,    0.0000000000E+00,    2.0231857423E+02
    151600,      0.676950,CP4_after_advection,   1,    0.0000000000E+00,    2.0232362178E+02,    2.0232362178E+02,    0.0000000000E+00,    0.0000000000E+00,    0.0000000000E+00,    2.0232362178E+02
    151600,      0.676950,CP5_after_vdif,   1,    0.0000000000E+00,    2.0232362178E+02,    2.0232362178E+02,    0.0000000000E+00,    0.0000000000E+00,    0.0000000000E+00,    2.0232362178E+02
    151600,      0.676950,CP6_after_kinetics,   1,    0.0000000000E+00,    2.0232362178E+02,    2.0232362178E+02,    0.0000000000E+00,    0.0000000000E+00,    0.0000000000E+00,    2.0232362178E+02
    151600,      0.676950,CP7_after_upper_clamp,   1,    0.0000000000E+00,    2.0232362178E+02,    2.0232362178E+02,    0.0000000000E+00,    0.0000000000E+00,    0.0000000000E+00,    2.0232362178E+02
    151600,      0.676950,CP8_after_OBC,   1,    0.0000000000E+00,    2.0232362178E+02,    2.0232362178E+02,    0.0000000000E+00,    0.0000000000E+00,    0.0000000000E+00,    2.0232362178E+02
    151600,      0.676950,CP9_after_PTsource,   1,    0.0000000000E+00,    2.0232362178E+02,    2.0232362178E+02,    0.0000000000E+00,    0.0000000000E+00,    0.0000000000E+00,    2.0232362178E+02
    151600,      0.676950,CP10_after_neg_clamp,   1,    0.0000000000E+00,    2.0232362178E+02,    2.0232362178E+02,    0.0000000000E+00,    0.0000000000E+00,    0.0000000000E+00,    2.0232362178E+02
    151600,      0.676950,CP11_after_MPI,   1,    0.0000000000E+00,    2.0232362178E+02,    2.0232362178E+02,    0.0000000000E+00,    0.0000000000E+00,    0.0000000000E+00,    2.0232362178E+02
    151600,      0.676950,CP12_end,   1,    0.0000000000E+00,    2.0232362178E+02,    2.0232362178E+02,    0.0000000000E+00,    0.0000000000E+00,    0.0000000000E+00,    2.0232362178E+02
    151650,      0.676950,CP0_start,   1,    0.0000000000E+00,    2.0245772027E+02,    2.0245772027E+02,    0.0000000000E+00,    0.0000000000E+00,    0.0000000000E+00,    2.0245772027E+02
    151650,      0.676950,CP1_after_deposition,   1,    0.0000000000E+00,    2.0245772027E+02,    2.0245772027E+02,    0.0000000000E+00,    0.0000000000E+00,    0.0000000000E+00,    2.0245772027E+02
    151650,      0.676950,CP2_after_erosion,   1,    0.0000000000E+00,    2.0245772027E+02,    2.0245772027E+02,    0.0000000000E+00,    0.0000000000E+00,    0.0000000000E+00,    2.0245772027E+02
    151650,      0.676950,CP3_after_update_bottom,   1,    0.0000000000E+00,    2.0245772027E+02,    2.0245772027E+02,    0.0000000000E+00,    0.0000000000E+00,    0.0000000000E+00,    2.0245772027E+02
    151650,      0.676950,CP4_after_advection,   1,    0.0000000000E+00,    2.0246266451E+02,    2.0246266451E+02,    0.0000000000E+00,    0.0000000000E+00,    0.0000000000E+00,    2.0246266451E+02
    151650,      0.676950,CP5_after_vdif,   1,    0.0000000000E+00,    2.0246266451E+02,    2.0246266451E+02,    0.0000000000E+00,    0.0000000000E+00,    0.0000000000E+00,    2.0246266451E+02
    151650,      0.676950,CP6_after_kinetics,   1,    0.0000000000E+00,    2.0246266451E+02,    2.0246266451E+02,    0.0000000000E+00,    0.0000000000E+00,    0.0000000000E+00,    2.0246266451E+02
    151650,      0.676950,CP7_after_upper_clamp,   1,    0.0000000000E+00,    2.0246266451E+02,    2.0246266451E+02,    0.0000000000E+00,    0.0000000000E+00,    0.0000000000E+00,    2.0246266451E+02
    151650,      0.676950,CP8_after_OBC,   1,    0.0000000000E+00,    2.0246266451E+02,    2.0246266451E+02,    0.0000000000E+00,    0.0000000000E+00,    0.0000000000E+00,    2.0246266451E+02
    151650,      0.676950,CP9_after_PTsource,   1,    0.0000000000E+00,    2.0246266451E+02,    2.0246266451E+02,    0.0000000000E+00,    0.0000000000E+00,    0.0000000000E+00,    2.0246266451E+02
    151650,      0.676950,CP10_after_neg_clamp,   1,    0.0000000000E+00,    2.0246266451E+02,    2.0246266451E+02,    0.0000000000E+00,    0.0000000000E+00,    0.0000000000E+00,    2.0246266451E+02
    151650,      0.676950,CP11_after_MPI,   1,    0.0000000000E+00,    2.0246266451E+02,    2.0246266451E+02,    0.0000000000E+00,    0.0000000000E+00,    0.0000000000E+00,    2.0246266451E+02
    151650,      0.676950,CP12_end,   1,    0.0000000000E+00,    2.0246266451E+02,    2.0246266451E+02,    0.0000000000E+00,    0.0000000000E+00,    0.0000000000E+00,    2.0246266451E+02
    151700,      0.676950,CP0_start,   1,    0.0000000000E+00,    2.0259562907E+02,    2.0259562907E+02,    0.0000000000E+00,    0.0000000000E+00,    0.0000000000E+00,    2.0259562907E+02
    151700,      0.676950,CP1_after_deposition,   1,    0.0000000000E+00,    2.0259562907E+02,    2.0259562907E+02,    0.0000000000E+00,    0.0000000000E+00,    0.0000000000E+00,    2.0259562907E+02
    151700,      0.676950,CP2_after_erosion,   1,    0.0000000000E+00,    2.0259562907E+02,    2.0259562907E+02,    0.0000000000E+00,    0.0000000000E+00,    0.0000000000E+00,    2.0259562907E+02
    151700,      0.676950,CP3_after_update_bottom,   1,    0.0000000000E+00,    2.0259562907E+02,    2.0259562907E+02,    0.0000000000E+00,    0.0000000000E+00,    0.0000000000E+00,    2.0259562907E+02
    151700,      0.676950,CP4_after_advection,   1,    0.0000000000E+00,    2.0260045410E+02,    2.0260045410E+02,    0.0000000000E+00,    0.0000000000E+00,    0.0000000000E+00,    2.0260045410E+02
    151700,      0.676950,CP5_after_vdif,   1,    0.0000000000E+00,    2.0260045410E+02,    2.0260045410E+02,    0.0000000000E+00,    0.0000000000E+00,    0.0000000000E+00,    2.0260045410E+02
    151700,      0.676950,CP6_after_kinetics,   1,    0.0000000000E+00,    2.0260045410E+02,    2.0260045410E+02,    0.0000000000E+00,    0.0000000000E+00,    0.0000000000E+00,    2.0260045410E+02
    151700,      0.676950,CP7_after_upper_clamp,   1,    0.0000000000E+00,    2.0260045410E+02,    2.0260045410E+02,    0.0000000000E+00,    0.0000000000E+00,    0.0000000000E+00,    2.0260045410E+02
    151700,      0.676950,CP8_after_OBC,   1,    0.0000000000E+00,    2.0260045410E+02,    2.0260045410E+02,    0.0000000000E+00,    0.0000000000E+00,    0.0000000000E+00,    2.0260045410E+02
    151700,      0.676950,CP9_after_PTsource,   1,    0.0000000000E+00,    2.0260045410E+02,    2.0260045410E+02,    0.0000000000E+00,    0.0000000000E+00,    0.0000000000E+00,    2.0260045410E+02
    151700,      0.676950,CP10_after_neg_clamp,   1,    0.0000000000E+00,    2.0260045410E+02,    2.0260045410E+02,    0.0000000000E+00,    0.0000000000E+00,    0.0000000000E+00,    2.0260045410E+02
    151700,      0.676950,CP11_after_MPI,   1,    0.0000000000E+00,    2.0260045410E+02,    2.0260045410E+02,    0.0000000000E+00,    0.0000000000E+00,    0.0000000000E+00,    2.0260045410E+02
    151700,      0.676950,CP12_end,   1,    0.0000000000E+00,    2.0260045410E+02,    2.0260045410E+02,    0.0000000000E+00,    0.0000000000E+00,    0.0000000000E+00,    2.0260045410E+02
    151750,      0.676950,CP0_start,   1,    0.0000000000E+00,    2.0273182826E+02,    2.0273182826E+02,    0.0000000000E+00,    0.0000000000E+00,    0.0000000000E+00,    2.0273182826E+02
    151750,      0.676950,CP1_after_deposition,   1,    0.0000000000E+00,    2.0273182826E+02,    2.0273182826E+02,    0.0000000000E+00,    0.0000000000E+00,    0.0000000000E+00,    2.0273182826E+02
    151750,      0.676950,CP2_after_erosion,   1,    0.0000000000E+00,    2.0273182826E+02,    2.0273182826E+02,    0.0000000000E+00,    0.0000000000E+00,    0.0000000000E+00,    2.0273182826E+02
    151750,      0.676950,CP3_after_update_bottom,   1,    0.0000000000E+00,    2.0273182826E+02,    2.0273182826E+02,    0.0000000000E+00,    0.0000000000E+00,    0.0000000000E+00,    2.0273182826E+02
    151750,      0.676950,CP4_after_advection,   1,    0.0000000000E+00,    2.0273652802E+02,    2.0273652802E+02,    0.0000000000E+00,    0.0000000000E+00,    0.0000000000E+00,    2.0273652802E+02
    151750,      0.676950,CP5_after_vdif,   1,    0.0000000000E+00,    2.0273652802E+02,    2.0273652802E+02,    0.0000000000E+00,    0.0000000000E+00,    0.0000000000E+00,    2.0273652802E+02
    151750,      0.676950,CP6_after_kinetics,   1,    0.0000000000E+00,    2.0273652802E+02,    2.0273652802E+02,    0.0000000000E+00,    0.0000000000E+00,    0.0000000000E+00,    2.0273652802E+02
    151750,      0.676950,CP7_after_upper_clamp,   1,    0.0000000000E+00,    2.0273652802E+02,    2.0273652802E+02,    0.0000000000E+00,    0.0000000000E+00,    0.0000000000E+00,    2.0273652802E+02
    151750,      0.676950,CP8_after_OBC,   1,    0.0000000000E+00,    2.0273652802E+02,    2.0273652802E+02,    0.0000000000E+00,    0.0000000000E+00,    0.0000000000E+00,    2.0273652802E+02
    151750,      0.676950,CP9_after_PTsource,   1,    0.0000000000E+00,    2.0273652802E+02,    2.0273652802E+02,    0.0000000000E+00,    0.0000000000E+00,    0.0000000000E+00,    2.0273652802E+02
    151750,      0.676950,CP10_after_neg_clamp,   1,    0.0000000000E+00,    2.0273652802E+02,    2.0273652802E+02,    0.0000000000E+00,    0.0000000000E+00,    0.0000000000E+00,    2.0273652802E+02
    151750,      0.676950,CP11_after_MPI,   1,    0.0000000000E+00,    2.0273652802E+02,    2.0273652802E+02,    0.0000000000E+00,    0.0000000000E+00,    0.0000000000E+00,    2.0273652802E+02
    151750,      0.676950,CP12_end,   1,    0.0000000000E+00,    2.0273652802E+02,    2.0273652802E+02,    0.0000000000E+00,    0.0000000000E+00,    0.0000000000E+00,    2.0273652802E+02
    151800,      0.676950,CP0_start,   1,    0.0000000000E+00,    2.0286613980E+02,    2.0286613980E+02,    0.0000000000E+00,    0.0000000000E+00,    0.0000000000E+00,    2.0286613980E+02
    151800,      0.676950,CP1_after_deposition,   1,    0.0000000000E+00,    2.0286613980E+02,    2.0286613980E+02,    0.0000000000E+00,    0.0000000000E+00,    0.0000000000E+00,    2.0286613980E+02
    151800,      0.676950,CP2_after_erosion,   1,    0.0000000000E+00,    2.0286613980E+02,    2.0286613980E+02,    0.0000000000E+00,    0.0000000000E+00,    0.0000000000E+00,    2.0286613980E+02
    151800,      0.676950,CP3_after_update_bottom,   1,    0.0000000000E+00,    2.0286613980E+02,    2.0286613980E+02,    0.0000000000E+00,    0.0000000000E+00,    0.0000000000E+00,    2.0286613980E+02
    151800,      0.676950,CP4_after_advection,   1,    0.0000000000E+00,    2.0287071024E+02,    2.0287071024E+02,    0.0000000000E+00,    0.0000000000E+00,    0.0000000000E+00,    2.0287071024E+02
    151800,      0.676950,CP5_after_vdif,   1,    0.0000000000E+00,    2.0287071024E+02,    2.0287071024E+02,    0.0000000000E+00,    0.0000000000E+00,    0.0000000000E+00,    2.0287071024E+02
    151800,      0.676950,CP6_after_kinetics,   1,    0.0000000000E+00,    2.0287071024E+02,    2.0287071024E+02,    0.0000000000E+00,    0.0000000000E+00,    0.0000000000E+00,    2.0287071024E+02
    151800,      0.676950,CP7_after_upper_clamp,   1,    0.0000000000E+00,    2.0287071024E+02,    2.0287071024E+02,    0.0000000000E+00,    0.0000000000E+00,    0.0000000000E+00,    2.0287071024E+02
    151800,      0.676950,CP8_after_OBC,   1,    0.0000000000E+00,    2.0287071024E+02,    2.0287071024E+02,    0.0000000000E+00,    0.0000000000E+00,    0.0000000000E+00,    2.0287071024E+02
    151800,      0.676950,CP9_after_PTsource,   1,    0.0000000000E+00,    2.0287071024E+02,    2.0287071024E+02,    0.0000000000E+00,    0.0000000000E+00,    0.0000000000E+00,    2.0287071024E+02
    151800,      0.676950,CP10_after_neg_clamp,   1,    0.0000000000E+00,    2.0287071024E+02,    2.0287071024E+02,    0.0000000000E+00,    0.0000000000E+00,    0.0000000000E+00,    2.0287071024E+02
    151800,      0.676950,CP11_after_MPI,   1,    0.0000000000E+00,    2.0287071024E+02,    2.0287071024E+02,    0.0000000000E+00,    0.0000000000E+00,    0.0000000000E+00,    2.0287071024E+02
    151800,      0.676950,CP12_end,   1,    0.0000000000E+00,    2.0287071024E+02,    2.0287071024E+02,    0.0000000000E+00,    0.0000000000E+00,    0.0000000000E+00,    2.0287071024E+02
    151850,      0.676950,CP0_start,   1,    0.0000000000E+00,    2.0299852003E+02,    2.0299852003E+02,    0.0000000000E+00,    0.0000000000E+00,    0.0000000000E+00,    2.0299852003E+02
    151850,      0.676950,CP1_after_deposition,   1,    0.0000000000E+00,    2.0299852003E+02,    2.0299852003E+02,    0.0000000000E+00,    0.0000000000E+00,    0.0000000000E+00,    2.0299852003E+02
    151850,      0.676950,CP2_after_erosion,   1,    0.0000000000E+00,    2.0299852003E+02,    2.0299852003E+02,    0.0000000000E+00,    0.0000000000E+00,    0.0000000000E+00,    2.0299852003E+02
    151850,      0.676950,CP3_after_update_bottom,   1,    0.0000000000E+00,    2.0299852003E+02,    2.0299852003E+02,    0.0000000000E+00,    0.0000000000E+00,    0.0000000000E+00,    2.0299852003E+02
    151850,      0.676950,CP4_after_advection,   1,    0.0000000000E+00,    2.0300296195E+02,    2.0300296195E+02,    0.0000000000E+00,    0.0000000000E+00,    0.0000000000E+00,    2.0300296195E+02
    151850,      0.676950,CP5_after_vdif,   1,    0.0000000000E+00,    2.0300296195E+02,    2.0300296195E+02,    0.0000000000E+00,    0.0000000000E+00,    0.0000000000E+00,    2.0300296195E+02
    151850,      0.676950,CP6_after_kinetics,   1,    0.0000000000E+00,    2.0300296195E+02,    2.0300296195E+02,    0.0000000000E+00,    0.0000000000E+00,    0.0000000000E+00,    2.0300296195E+02
    151850,      0.676950,CP7_after_upper_clamp,   1,    0.0000000000E+00,    2.0300296195E+02,    2.0300296195E+02,    0.0000000000E+00,    0.0000000000E+00,    0.0000000000E+00,    2.0300296195E+02
    151850,      0.676950,CP8_after_OBC,   1,    0.0000000000E+00,    2.0300296195E+02,    2.0300296195E+02,    0.0000000000E+00,    0.0000000000E+00,    0.0000000000E+00,    2.0300296195E+02
    151850,      0.676950,CP9_after_PTsource,   1,    0.0000000000E+00,    2.0300296195E+02,    2.0300296195E+02,    0.0000000000E+00,    0.0000000000E+00,    0.0000000000E+00,    2.0300296195E+02
    151850,      0.676950,CP10_after_neg_clamp,   1,    0.0000000000E+00,    2.0300296195E+02,    2.0300296195E+02,    0.0000000000E+00,    0.0000000000E+00,    0.0000000000E+00,    2.0300296195E+02
    151850,      0.676950,CP11_after_MPI,   1,    0.0000000000E+00,    2.0300296195E+02,    2.0300296195E+02,    0.0000000000E+00,    0.0000000000E+00,    0.0000000000E+00,    2.0300296195E+02
    151850,      0.676950,CP12_end,   1,    0.0000000000E+00,    2.0300296195E+02,    2.0300296195E+02,    0.0000000000E+00,    0.0000000000E+00,    0.0000000000E+00,    2.0300296195E+02
    151900,      0.676950,CP0_start,   1,    0.0000000000E+00,    2.0312905667E+02,    2.0312905667E+02,    0.0000000000E+00,    0.0000000000E+00,    0.0000000000E+00,    2.0312905667E+02
    151900,      0.676950,CP1_after_deposition,   1,    0.0000000000E+00,    2.0312905667E+02,    2.0312905667E+02,    0.0000000000E+00,    0.0000000000E+00,    0.0000000000E+00,    2.0312905667E+02
    151900,      0.676950,CP2_after_erosion,   1,    0.0000000000E+00,    2.0312905667E+02,    2.0312905667E+02,    0.0000000000E+00,    0.0000000000E+00,    0.0000000000E+00,    2.0312905667E+02
    151900,      0.676950,CP3_after_update_bottom,   1,    0.0000000000E+00,    2.0312905667E+02,    2.0312905667E+02,    0.0000000000E+00,    0.0000000000E+00,    0.0000000000E+00,    2.0312905667E+02
    151900,      0.676950,CP4_after_advection,   1,    0.0000000000E+00,    2.0313337218E+02,    2.0313337218E+02,    0.0000000000E+00,    0.0000000000E+00,    0.0000000000E+00,    2.0313337218E+02
    151900,      0.676950,CP5_after_vdif,   1,    0.0000000000E+00,    2.0313337218E+02,    2.0313337218E+02,    0.0000000000E+00,    0.0000000000E+00,    0.0000000000E+00,    2.0313337218E+02
    151900,      0.676950,CP6_after_kinetics,   1,    0.0000000000E+00,    2.0313337218E+02,    2.0313337218E+02,    0.0000000000E+00,    0.0000000000E+00,    0.0000000000E+00,    2.0313337218E+02
    151900,      0.676950,CP7_after_upper_clamp,   1,    0.0000000000E+00,    2.0313337218E+02,    2.0313337218E+02,    0.0000000000E+00,    0.0000000000E+00,    0.0000000000E+00,    2.0313337218E+02
    151900,      0.676950,CP8_after_OBC,   1,    0.0000000000E+00,    2.0313337218E+02,    2.0313337218E+02,    0.0000000000E+00,    0.0000000000E+00,    0.0000000000E+00,    2.0313337218E+02
    151900,      0.676950,CP9_after_PTsource,   1,    0.0000000000E+00,    2.0313337218E+02,    2.0313337218E+02,    0.0000000000E+00,    0.0000000000E+00,    0.0000000000E+00,    2.0313337218E+02
    151900,      0.676950,CP10_after_neg_clamp,   1,    0.0000000000E+00,    2.0313337218E+02,    2.0313337218E+02,    0.0000000000E+00,    0.0000000000E+00,    0.0000000000E+00,    2.0313337218E+02
    151900,      0.676950,CP11_after_MPI,   1,    0.0000000000E+00,    2.0313337218E+02,    2.0313337218E+02,    0.0000000000E+00,    0.0000000000E+00,    0.0000000000E+00,    2.0313337218E+02
    151900,      0.676950,CP12_end,   1,    0.0000000000E+00,    2.0313337218E+02,    2.0313337218E+02,    0.0000000000E+00,    0.0000000000E+00,    0.0000000000E+00,    2.0313337218E+02
    151950,      0.676950,CP0_start,   1,    0.0000000000E+00,    2.0325783489E+02,    2.0325783489E+02,    0.0000000000E+00,    0.0000000000E+00,    0.0000000000E+00,    2.0325783489E+02
    151950,      0.676950,CP1_after_deposition,   1,    0.0000000000E+00,    2.0325783489E+02,    2.0325783489E+02,    0.0000000000E+00,    0.0000000000E+00,    0.0000000000E+00,    2.0325783489E+02
    151950,      0.676950,CP2_after_erosion,   1,    0.0000000000E+00,    2.0325783489E+02,    2.0325783489E+02,    0.0000000000E+00,    0.0000000000E+00,    0.0000000000E+00,    2.0325783489E+02
    151950,      0.676950,CP3_after_update_bottom,   1,    0.0000000000E+00,    2.0325783489E+02,    2.0325783489E+02,    0.0000000000E+00,    0.0000000000E+00,    0.0000000000E+00,    2.0325783489E+02
    151950,      0.676950,CP4_after_advection,   1,    0.0000000000E+00,    2.0326202253E+02,    2.0326202253E+02,    0.0000000000E+00,    0.0000000000E+00,    0.0000000000E+00,    2.0326202253E+02
    151950,      0.676950,CP5_after_vdif,   1,    0.0000000000E+00,    2.0326202253E+02,    2.0326202253E+02,    0.0000000000E+00,    0.0000000000E+00,    0.0000000000E+00,    2.0326202253E+02
    151950,      0.676950,CP6_after_kinetics,   1,    0.0000000000E+00,    2.0326202253E+02,    2.0326202253E+02,    0.0000000000E+00,    0.0000000000E+00,    0.0000000000E+00,    2.0326202253E+02
    151950,      0.676950,CP7_after_upper_clamp,   1,    0.0000000000E+00,    2.0326202253E+02,    2.0326202253E+02,    0.0000000000E+00,    0.0000000000E+00,    0.0000000000E+00,    2.0326202253E+02
    151950,      0.676950,CP8_after_OBC,   1,    0.0000000000E+00,    2.0326202253E+02,    2.0326202253E+02,    0.0000000000E+00,    0.0000000000E+00,    0.0000000000E+00,    2.0326202253E+02
    151950,      0.676950,CP9_after_PTsource,   1,    0.0000000000E+00,    2.0326202253E+02,    2.0326202253E+02,    0.0000000000E+00,    0.0000000000E+00,    0.0000000000E+00,    2.0326202253E+02
    151950,      0.676950,CP10_after_neg_clamp,   1,    0.0000000000E+00,    2.0326202253E+02,    2.0326202253E+02,    0.0000000000E+00,    0.0000000000E+00,    0.0000000000E+00,    2.0326202253E+02
    151950,      0.676950,CP11_after_MPI,   1,    0.0000000000E+00,    2.0326202253E+02,    2.0326202253E+02,    0.0000000000E+00,    0.0000000000E+00,    0.0000000000E+00,    2.0326202253E+02
    151950,      0.676950,CP12_end,   1,    0.0000000000E+00,    2.0326202253E+02,    2.0326202253E+02,    0.0000000000E+00,    0.0000000000E+00,    0.0000000000E+00,    2.0326202253E+02
    152000,      0.676950,CP0_start,   1,    0.0000000000E+00,    2.0338478427E+02,    2.0338478427E+02,    0.0000000000E+00,    0.0000000000E+00,    0.0000000000E+00,    2.0338478427E+02
    152000,      0.676950,CP1_after_deposition,   1,    0.0000000000E+00,    2.0338478427E+02,    2.0338478427E+02,    0.0000000000E+00,    0.0000000000E+00,    0.0000000000E+00,    2.0338478427E+02
    152000,      0.676950,CP2_after_erosion,   1,    0.0000000000E+00,    2.0338478427E+02,    2.0338478427E+02,    0.0000000000E+00,    0.0000000000E+00,    0.0000000000E+00,    2.0338478427E+02
    152000,      0.676950,CP3_after_update_bottom,   1,    0.0000000000E+00,    2.0338478427E+02,    2.0338478427E+02,    0.0000000000E+00,    0.0000000000E+00,    0.0000000000E+00,    2.0338478427E+02
    152000,      0.676950,CP4_after_advection,   1,    0.0000000000E+00,    2.0338884330E+02,    2.0338884330E+02,    0.0000000000E+00,    0.0000000000E+00,    0.0000000000E+00,    2.0338884330E+02
    152000,      0.676950,CP5_after_vdif,   1,    0.0000000000E+00,    2.0338884330E+02,    2.0338884330E+02,    0.0000000000E+00,    0.0000000000E+00,    0.0000000000E+00,    2.0338884330E+02
    152000,      0.676950,CP6_after_kinetics,   1,    0.0000000000E+00,    2.0338884330E+02,    2.0338884330E+02,    0.0000000000E+00,    0.0000000000E+00,    0.0000000000E+00,    2.0338884330E+02
    152000,      0.676950,CP7_after_upper_clamp,   1,    0.0000000000E+00,    2.0338884330E+02,    2.0338884330E+02,    0.0000000000E+00,    0.0000000000E+00,    0.0000000000E+00,    2.0338884330E+02
    152000,      0.676950,CP8_after_OBC,   1,    0.0000000000E+00,    2.0338884330E+02,    2.0338884330E+02,    0.0000000000E+00,    0.0000000000E+00,    0.0000000000E+00,    2.0338884330E+02
    152000,      0.676950,CP9_after_PTsource,   1,    0.0000000000E+00,    2.0338884330E+02,    2.0338884330E+02,    0.0000000000E+00,    0.0000000000E+00,    0.0000000000E+00,    2.0338884330E+02
    152000,      0.676950,CP10_after_neg_clamp,   1,    0.0000000000E+00,    2.0338884330E+02,    2.0338884330E+02,    0.0000000000E+00,    0.0000000000E+00,    0.0000000000E+00,    2.0338884330E+02
    152000,      0.676950,CP11_after_MPI,   1,    0.0000000000E+00,    2.0338884330E+02,    2.0338884330E+02,    0.0000000000E+00,    0.0000000000E+00,    0.0000000000E+00,    2.0338884330E+02
    152000,      0.676950,CP12_end,   1,    0.0000000000E+00,    2.0338884330E+02,    2.0338884330E+02,    0.0000000000E+00,    0.0000000000E+00,    0.0000000000E+00,    2.0338884330E+02
    152050,      0.676950,CP0_start,   1,    0.0000000000E+00,    2.0350979482E+02,    2.0350979482E+02,    0.0000000000E+00,    0.0000000000E+00,    0.0000000000E+00,    2.0350979482E+02
    152050,      0.676950,CP1_after_deposition,   1,    0.0000000000E+00,    2.0350979482E+02,    2.0350979482E+02,    0.0000000000E+00,    0.0000000000E+00,    0.0000000000E+00,    2.0350979482E+02
    152050,      0.676950,CP2_after_erosion,   1,    0.0000000000E+00,    2.0350979482E+02,    2.0350979482E+02,    0.0000000000E+00,    0.0000000000E+00,    0.0000000000E+00,    2.0350979482E+02
    152050,      0.676950,CP3_after_update_bottom,   1,    0.0000000000E+00,    2.0350979482E+02,    2.0350979482E+02,    0.0000000000E+00,    0.0000000000E+00,    0.0000000000E+00,    2.0350979482E+02
    152050,      0.676950,CP4_after_advection,   1,    0.0000000000E+00,    2.0351372298E+02,    2.0351372298E+02,    0.0000000000E+00,    0.0000000000E+00,    0.0000000000E+00,    2.0351372298E+02
    152050,      0.676950,CP5_after_vdif,   1,    0.0000000000E+00,    2.0351372298E+02,    2.0351372298E+02,    0.0000000000E+00,    0.0000000000E+00,    0.0000000000E+00,    2.0351372298E+02
    152050,      0.676950,CP6_after_kinetics,   1,    0.0000000000E+00,    2.0351372298E+02,    2.0351372298E+02,    0.0000000000E+00,    0.0000000000E+00,    0.0000000000E+00,    2.0351372298E+02
    152050,      0.676950,CP7_after_upper_clamp,   1,    0.0000000000E+00,    2.0351372298E+02,    2.0351372298E+02,    0.0000000000E+00,    0.0000000000E+00,    0.0000000000E+00,    2.0351372298E+02
    152050,      0.676950,CP8_after_OBC,   1,    0.0000000000E+00,    2.0351372298E+02,    2.0351372298E+02,    0.0000000000E+00,    0.0000000000E+00,    0.0000000000E+00,    2.0351372298E+02
    152050,      0.676950,CP9_after_PTsource,   1,    0.0000000000E+00,    2.0351372298E+02,    2.0351372298E+02,    0.0000000000E+00,    0.0000000000E+00,    0.0000000000E+00,    2.0351372298E+02
    152050,      0.676950,CP10_after_neg_clamp,   1,    0.0000000000E+00,    2.0351372298E+02,    2.0351372298E+02,    0.0000000000E+00,    0.0000000000E+00,    0.0000000000E+00,    2.0351372298E+02
    152050,      0.676950,CP11_after_MPI,   1,    0.0000000000E+00,    2.0351372298E+02,    2.0351372298E+02,    0.0000000000E+00,    0.0000000000E+00,    0.0000000000E+00,    2.0351372298E+02
    152050,      0.676950,CP12_end,   1,    0.0000000000E+00,    2.0351372298E+02,    2.0351372298E+02,    0.0000000000E+00,    0.0000000000E+00,    0.0000000000E+00,    2.0351372298E+02
    152100,      0.676950,CP0_start,   1,    0.0000000000E+00,    2.0363279934E+02,    2.0363279934E+02,    0.0000000000E+00,    0.0000000000E+00,    0.0000000000E+00,    2.0363279934E+02
    152100,      0.676950,CP1_after_deposition,   1,    0.0000000000E+00,    2.0363279934E+02,    2.0363279934E+02,    0.0000000000E+00,    0.0000000000E+00,    0.0000000000E+00,    2.0363279934E+02
    152100,      0.676950,CP2_after_erosion,   1,    0.0000000000E+00,    2.0363279934E+02,    2.0363279934E+02,    0.0000000000E+00,    0.0000000000E+00,    0.0000000000E+00,    2.0363279934E+02
    152100,      0.676950,CP3_after_update_bottom,   1,    0.0000000000E+00,    2.0363279934E+02,    2.0363279934E+02,    0.0000000000E+00,    0.0000000000E+00,    0.0000000000E+00,    2.0363279934E+02
    152100,      0.676950,CP4_after_advection,   1,    0.0000000000E+00,    2.0363659439E+02,    2.0363659439E+02,    0.0000000000E+00,    0.0000000000E+00,    0.0000000000E+00,    2.0363659439E+02
    152100,      0.676950,CP5_after_vdif,   1,    0.0000000000E+00,    2.0363659439E+02,    2.0363659439E+02,    0.0000000000E+00,    0.0000000000E+00,    0.0000000000E+00,    2.0363659439E+02
    152100,      0.676950,CP6_after_kinetics,   1,    0.0000000000E+00,    2.0363659439E+02,    2.0363659439E+02,    0.0000000000E+00,    0.0000000000E+00,    0.0000000000E+00,    2.0363659439E+02
    152100,      0.676950,CP7_after_upper_clamp,   1,    0.0000000000E+00,    2.0363659439E+02,    2.0363659439E+02,    0.0000000000E+00,    0.0000000000E+00,    0.0000000000E+00,    2.0363659439E+02
    152100,      0.676950,CP8_after_OBC,   1,    0.0000000000E+00,    2.0363659439E+02,    2.0363659439E+02,    0.0000000000E+00,    0.0000000000E+00,    0.0000000000E+00,    2.0363659439E+02
    152100,      0.676950,CP9_after_PTsource,   1,    0.0000000000E+00,    2.0363659439E+02,    2.0363659439E+02,    0.0000000000E+00,    0.0000000000E+00,    0.0000000000E+00,    2.0363659439E+02
    152100,      0.676950,CP10_after_neg_clamp,   1,    0.0000000000E+00,    2.0363659439E+02,    2.0363659439E+02,    0.0000000000E+00,    0.0000000000E+00,    0.0000000000E+00,    2.0363659439E+02
    152100,      0.676950,CP11_after_MPI,   1,    0.0000000000E+00,    2.0363659439E+02,    2.0363659439E+02,    0.0000000000E+00,    0.0000000000E+00,    0.0000000000E+00,    2.0363659439E+02
    152100,      0.676950,CP12_end,   1,    0.0000000000E+00,    2.0363659439E+02,    2.0363659439E+02,    0.0000000000E+00,    0.0000000000E+00,    0.0000000000E+00,    2.0363659439E+02
    152150,      0.676950,CP0_start,   1,    0.0000000000E+00,    2.0375428028E+02,    2.0375428028E+02,    0.0000000000E+00,    0.0000000000E+00,    0.0000000000E+00,    2.0375428028E+02
    152150,      0.676950,CP1_after_deposition,   1,    0.0000000000E+00,    2.0375428028E+02,    2.0375428028E+02,    0.0000000000E+00,    0.0000000000E+00,    0.0000000000E+00,    2.0375428028E+02
    152150,      0.676950,CP2_after_erosion,   1,    0.0000000000E+00,    2.0375428028E+02,    2.0375428028E+02,    0.0000000000E+00,    0.0000000000E+00,    0.0000000000E+00,    2.0375428028E+02
    152150,      0.676950,CP3_after_update_bottom,   1,    0.0000000000E+00,    2.0375428028E+02,    2.0375428028E+02,    0.0000000000E+00,    0.0000000000E+00,    0.0000000000E+00,    2.0375428028E+02
    152150,      0.676950,CP4_after_advection,   1,    0.0000000000E+00,    2.0375794416E+02,    2.0375794416E+02,    0.0000000000E+00,    0.0000000000E+00,    0.0000000000E+00,    2.0375794416E+02
    152150,      0.676950,CP5_after_vdif,   1,    0.0000000000E+00,    2.0375794416E+02,    2.0375794416E+02,    0.0000000000E+00,    0.0000000000E+00,    0.0000000000E+00,    2.0375794416E+02
    152150,      0.676950,CP6_after_kinetics,   1,    0.0000000000E+00,    2.0375794416E+02,    2.0375794416E+02,    0.0000000000E+00,    0.0000000000E+00,    0.0000000000E+00,    2.0375794416E+02
    152150,      0.676950,CP7_after_upper_clamp,   1,    0.0000000000E+00,    2.0375794416E+02,    2.0375794416E+02,    0.0000000000E+00,    0.0000000000E+00,    0.0000000000E+00,    2.0375794416E+02
    152150,      0.676950,CP8_after_OBC,   1,    0.0000000000E+00,    2.0375794416E+02,    2.0375794416E+02,    0.0000000000E+00,    0.0000000000E+00,    0.0000000000E+00,    2.0375794416E+02
    152150,      0.676950,CP9_after_PTsource,   1,    0.0000000000E+00,    2.0375794416E+02,    2.0375794416E+02,    0.0000000000E+00,    0.0000000000E+00,    0.0000000000E+00,    2.0375794416E+02
    152150,      0.676950,CP10_after_neg_clamp,   1,    0.0000000000E+00,    2.0375794416E+02,    2.0375794416E+02,    0.0000000000E+00,    0.0000000000E+00,    0.0000000000E+00,    2.0375794416E+02
    152150,      0.676950,CP11_after_MPI,   1,    0.0000000000E+00,    2.0375794416E+02,    2.0375794416E+02,    0.0000000000E+00,    0.0000000000E+00,    0.0000000000E+00,    2.0375794416E+02
    152150,      0.676950,CP12_end,   1,    0.0000000000E+00,    2.0375794416E+02,    2.0375794416E+02,    0.0000000000E+00,    0.0000000000E+00,    0.0000000000E+00,    2.0375794416E+02
    152200,      0.676950,CP0_start,   1,    0.0000000000E+00,    2.0387366790E+02,    2.0387366790E+02,    0.0000000000E+00,    0.0000000000E+00,    0.0000000000E+00,    2.0387366790E+02
    152200,      0.676950,CP1_after_deposition,   1,    0.0000000000E+00,    2.0387366790E+02,    2.0387366790E+02,    0.0000000000E+00,    0.0000000000E+00,    0.0000000000E+00,    2.0387366790E+02
    152200,      0.676950,CP2_after_erosion,   1,    0.0000000000E+00,    2.0387366790E+02,    2.0387366790E+02,    0.0000000000E+00,    0.0000000000E+00,    0.0000000000E+00,    2.0387366790E+02
    152200,      0.676950,CP3_after_update_bottom,   1,    0.0000000000E+00,    2.0387366790E+02,    2.0387366790E+02,    0.0000000000E+00,    0.0000000000E+00,    0.0000000000E+00,    2.0387366790E+02
    152200,      0.676950,CP4_after_advection,   1,    0.0000000000E+00,    2.0387720111E+02,    2.0387720111E+02,    0.0000000000E+00,    0.0000000000E+00,    0.0000000000E+00,    2.0387720111E+02
    152200,      0.676950,CP5_after_vdif,   1,    0.0000000000E+00,    2.0387720111E+02,    2.0387720111E+02,    0.0000000000E+00,    0.0000000000E+00,    0.0000000000E+00,    2.0387720111E+02
    152200,      0.676950,CP6_after_kinetics,   1,    0.0000000000E+00,    2.0387720111E+02,    2.0387720111E+02,    0.0000000000E+00,    0.0000000000E+00,    0.0000000000E+00,    2.0387720111E+02
    152200,      0.676950,CP7_after_upper_clamp,   1,    0.0000000000E+00,    2.0387720111E+02,    2.0387720111E+02,    0.0000000000E+00,    0.0000000000E+00,    0.0000000000E+00,    2.0387720111E+02
    152200,      0.676950,CP8_after_OBC,   1,    0.0000000000E+00,    2.0387720111E+02,    2.0387720111E+02,    0.0000000000E+00,    0.0000000000E+00,    0.0000000000E+00,    2.0387720111E+02
    152200,      0.676950,CP9_after_PTsource,   1,    0.0000000000E+00,    2.0387720111E+02,    2.0387720111E+02,    0.0000000000E+00,    0.0000000000E+00,    0.0000000000E+00,    2.0387720111E+02
    152200,      0.676950,CP10_after_neg_clamp,   1,    0.0000000000E+00,    2.0387720111E+02,    2.0387720111E+02,    0.0000000000E+00,    0.0000000000E+00,    0.0000000000E+00,    2.0387720111E+02
    152200,      0.676950,CP11_after_MPI,   1,    0.0000000000E+00,    2.0387720111E+02,    2.0387720111E+02,    0.0000000000E+00,    0.0000000000E+00,    0.0000000000E+00,    2.0387720111E+02
    152200,      0.676950,CP12_end,   1,    0.0000000000E+00,    2.0387720111E+02,    2.0387720111E+02,    0.0000000000E+00,    0.0000000000E+00,    0.0000000000E+00,    2.0387720111E+02
    152250,      0.676951,CP0_start,   1,    0.0000000000E+00,    2.0399117834E+02,    2.0399117834E+02,    0.0000000000E+00,    0.0000000000E+00,    0.0000000000E+00,    2.0399117834E+02
    152250,      0.676951,CP1_after_deposition,   1,    0.0000000000E+00,    2.0399117834E+02,    2.0399117834E+02,    0.0000000000E+00,    0.0000000000E+00,    0.0000000000E+00,    2.0399117834E+02
    152250,      0.676951,CP2_after_erosion,   1,    0.0000000000E+00,    2.0399117834E+02,    2.0399117834E+02,    0.0000000000E+00,    0.0000000000E+00,    0.0000000000E+00,    2.0399117834E+02
    152250,      0.676951,CP3_after_update_bottom,   1,    0.0000000000E+00,    2.0399117834E+02,    2.0399117834E+02,    0.0000000000E+00,    0.0000000000E+00,    0.0000000000E+00,    2.0399117834E+02
    152250,      0.676951,CP4_after_advection,   1,    0.0000000000E+00,    2.0399459231E+02,    2.0399459231E+02,    0.0000000000E+00,    0.0000000000E+00,    0.0000000000E+00,    2.0399459231E+02
    152250,      0.676951,CP5_after_vdif,   1,    0.0000000000E+00,    2.0399459231E+02,    2.0399459231E+02,    0.0000000000E+00,    0.0000000000E+00,    0.0000000000E+00,    2.0399459231E+02
    152250,      0.676951,CP6_after_kinetics,   1,    0.0000000000E+00,    2.0399459231E+02,    2.0399459231E+02,    0.0000000000E+00,    0.0000000000E+00,    0.0000000000E+00,    2.0399459231E+02
    152250,      0.676951,CP7_after_upper_clamp,   1,    0.0000000000E+00,    2.0399459231E+02,    2.0399459231E+02,    0.0000000000E+00,    0.0000000000E+00,    0.0000000000E+00,    2.0399459231E+02
    152250,      0.676951,CP8_after_OBC,   1,    0.0000000000E+00,    2.0399459231E+02,    2.0399459231E+02,    0.0000000000E+00,    0.0000000000E+00,    0.0000000000E+00,    2.0399459231E+02
    152250,      0.676951,CP9_after_PTsource,   1,    0.0000000000E+00,    2.0399459231E+02,    2.0399459231E+02,    0.0000000000E+00,    0.0000000000E+00,    0.0000000000E+00,    2.0399459231E+02
    152250,      0.676951,CP10_after_neg_clamp,   1,    0.0000000000E+00,    2.0399459231E+02,    2.0399459231E+02,    0.0000000000E+00,    0.0000000000E+00,    0.0000000000E+00,    2.0399459231E+02
    152250,      0.676951,CP11_after_MPI,   1,    0.0000000000E+00,    2.0399459231E+02,    2.0399459231E+02,    0.0000000000E+00,    0.0000000000E+00,    0.0000000000E+00,    2.0399459231E+02
    152250,      0.676951,CP12_end,   1,    0.0000000000E+00,    2.0399459231E+02,    2.0399459231E+02,    0.0000000000E+00,    0.0000000000E+00,    0.0000000000E+00,    2.0399459231E+02
    152300,      0.676951,CP0_start,   1,    0.0000000000E+00,    2.0410730959E+02,    2.0410730959E+02,    0.0000000000E+00,    0.0000000000E+00,    0.0000000000E+00,    2.0410730959E+02
    152300,      0.676951,CP1_after_deposition,   1,    0.0000000000E+00,    2.0410730959E+02,    2.0410730959E+02,    0.0000000000E+00,    0.0000000000E+00,    0.0000000000E+00,    2.0410730959E+02
    152300,      0.676951,CP2_after_erosion,   1,    0.0000000000E+00,    2.0410730959E+02,    2.0410730959E+02,    0.0000000000E+00,    0.0000000000E+00,    0.0000000000E+00,    2.0410730959E+02
    152300,      0.676951,CP3_after_update_bottom,   1,    0.0000000000E+00,    2.0410730959E+02,    2.0410730959E+02,    0.0000000000E+00,    0.0000000000E+00,    0.0000000000E+00,    2.0410730959E+02
    152300,      0.676951,CP4_after_advection,   1,    0.0000000000E+00,    2.0411061415E+02,    2.0411061415E+02,    0.0000000000E+00,    0.0000000000E+00,    0.0000000000E+00,    2.0411061415E+02
    152300,      0.676951,CP5_after_vdif,   1,    0.0000000000E+00,    2.0411061415E+02,    2.0411061415E+02,    0.0000000000E+00,    0.0000000000E+00,    0.0000000000E+00,    2.0411061415E+02
    152300,      0.676951,CP6_after_kinetics,   1,    0.0000000000E+00,    2.0411061415E+02,    2.0411061415E+02,    0.0000000000E+00,    0.0000000000E+00,    0.0000000000E+00,    2.0411061415E+02
    152300,      0.676951,CP7_after_upper_clamp,   1,    0.0000000000E+00,    2.0411061415E+02,    2.0411061415E+02,    0.0000000000E+00,    0.0000000000E+00,    0.0000000000E+00,    2.0411061415E+02
    152300,      0.676951,CP8_after_OBC,   1,    0.0000000000E+00,    2.0411061415E+02,    2.0411061415E+02,    0.0000000000E+00,    0.0000000000E+00,    0.0000000000E+00,    2.0411061415E+02
    152300,      0.676951,CP9_after_PTsource,   1,    0.0000000000E+00,    2.0411061415E+02,    2.0411061415E+02,    0.0000000000E+00,    0.0000000000E+00,    0.0000000000E+00,    2.0411061415E+02
    152300,      0.676951,CP10_after_neg_clamp,   1,    0.0000000000E+00,    2.0411061415E+02,    2.0411061415E+02,    0.0000000000E+00,    0.0000000000E+00,    0.0000000000E+00,    2.0411061415E+02
    152300,      0.676951,CP11_after_MPI,   1,    0.0000000000E+00,    2.0411061415E+02,    2.0411061415E+02,    0.0000000000E+00,    0.0000000000E+00,    0.0000000000E+00,    2.0411061415E+02
    152300,      0.676951,CP12_end,   1,    0.0000000000E+00,    2.0411061415E+02,    2.0411061415E+02,    0.0000000000E+00,    0.0000000000E+00,    0.0000000000E+00,    2.0411061415E+02
    152350,      0.676951,CP0_start,   1,    0.0000000000E+00,    2.0422244910E+02,    2.0422244910E+02,    0.0000000000E+00,    0.0000000000E+00,    0.0000000000E+00,    2.0422244910E+02
    152350,      0.676951,CP1_after_deposition,   1,    0.0000000000E+00,    2.0422244910E+02,    2.0422244910E+02,    0.0000000000E+00,    0.0000000000E+00,    0.0000000000E+00,    2.0422244910E+02
    152350,      0.676951,CP2_after_erosion,   1,    0.0000000000E+00,    2.0422244910E+02,    2.0422244910E+02,    0.0000000000E+00,    0.0000000000E+00,    0.0000000000E+00,    2.0422244910E+02
    152350,      0.676951,CP3_after_update_bottom,   1,    0.0000000000E+00,    2.0422244910E+02,    2.0422244910E+02,    0.0000000000E+00,    0.0000000000E+00,    0.0000000000E+00,    2.0422244910E+02
    152350,      0.676951,CP4_after_advection,   1,    0.0000000000E+00,    2.0422565406E+02,    2.0422565406E+02,    0.0000000000E+00,    0.0000000000E+00,    0.0000000000E+00,    2.0422565406E+02
    152350,      0.676951,CP5_after_vdif,   1,    0.0000000000E+00,    2.0422565406E+02,    2.0422565406E+02,    0.0000000000E+00,    0.0000000000E+00,    0.0000000000E+00,    2.0422565406E+02
    152350,      0.676951,CP6_after_kinetics,   1,    0.0000000000E+00,    2.0422565406E+02,    2.0422565406E+02,    0.0000000000E+00,    0.0000000000E+00,    0.0000000000E+00,    2.0422565406E+02
    152350,      0.676951,CP7_after_upper_clamp,   1,    0.0000000000E+00,    2.0422565406E+02,    2.0422565406E+02,    0.0000000000E+00,    0.0000000000E+00,    0.0000000000E+00,    2.0422565406E+02
    152350,      0.676951,CP8_after_OBC,   1,    0.0000000000E+00,    2.0422565406E+02,    2.0422565406E+02,    0.0000000000E+00,    0.0000000000E+00,    0.0000000000E+00,    2.0422565406E+02
    152350,      0.676951,CP9_after_PTsource,   1,    0.0000000000E+00,    2.0422565406E+02,    2.0422565406E+02,    0.0000000000E+00,    0.0000000000E+00,    0.0000000000E+00,    2.0422565406E+02
    152350,      0.676951,CP10_after_neg_clamp,   1,    0.0000000000E+00,    2.0422565406E+02,    2.0422565406E+02,    0.0000000000E+00,    0.0000000000E+00,    0.0000000000E+00,    2.0422565406E+02
    152350,      0.676951,CP11_after_MPI,   1,    0.0000000000E+00,    2.0422565406E+02,    2.0422565406E+02,    0.0000000000E+00,    0.0000000000E+00,    0.0000000000E+00,    2.0422565406E+02
    152350,      0.676951,CP12_end,   1,    0.0000000000E+00,    2.0422565406E+02,    2.0422565406E+02,    0.0000000000E+00,    0.0000000000E+00,    0.0000000000E+00,    2.0422565406E+02
    152400,      0.676951,CP0_start,   1,    0.0000000000E+00,    2.0433697786E+02,    2.0433697786E+02,    0.0000000000E+00,    0.0000000000E+00,    0.0000000000E+00,    2.0433697786E+02
    152400,      0.676951,CP1_after_deposition,   1,    0.0000000000E+00,    2.0433697786E+02,    2.0433697786E+02,    0.0000000000E+00,    0.0000000000E+00,    0.0000000000E+00,    2.0433697786E+02
    152400,      0.676951,CP2_after_erosion,   1,    0.0000000000E+00,    2.0433697786E+02,    2.0433697786E+02,    0.0000000000E+00,    0.0000000000E+00,    0.0000000000E+00,    2.0433697786E+02
    152400,      0.676951,CP3_after_update_bottom,   1,    0.0000000000E+00,    2.0433697786E+02,    2.0433697786E+02,    0.0000000000E+00,    0.0000000000E+00,    0.0000000000E+00,    2.0433697786E+02
    152400,      0.676951,CP4_after_advection,   1,    0.0000000000E+00,    2.0434009369E+02,    2.0434009369E+02,    0.0000000000E+00,    0.0000000000E+00,    0.0000000000E+00,    2.0434009369E+02
    152400,      0.676951,CP5_after_vdif,   1,    0.0000000000E+00,    2.0434009369E+02,    2.0434009369E+02,    0.0000000000E+00,    0.0000000000E+00,    0.0000000000E+00,    2.0434009369E+02
    152400,      0.676951,CP6_after_kinetics,   1,    0.0000000000E+00,    2.0434009369E+02,    2.0434009369E+02,    0.0000000000E+00,    0.0000000000E+00,    0.0000000000E+00,    2.0434009369E+02
    152400,      0.676951,CP7_after_upper_clamp,   1,    0.0000000000E+00,    2.0434009369E+02,    2.0434009369E+02,    0.0000000000E+00,    0.0000000000E+00,    0.0000000000E+00,    2.0434009369E+02
    152400,      0.676951,CP8_after_OBC,   1,    0.0000000000E+00,    2.0434009369E+02,    2.0434009369E+02,    0.0000000000E+00,    0.0000000000E+00,    0.0000000000E+00,    2.0434009369E+02
    152400,      0.676951,CP9_after_PTsource,   1,    0.0000000000E+00,    2.0434009369E+02,    2.0434009369E+02,    0.0000000000E+00,    0.0000000000E+00,    0.0000000000E+00,    2.0434009369E+02
    152400,      0.676951,CP10_after_neg_clamp,   1,    0.0000000000E+00,    2.0434009369E+02,    2.0434009369E+02,    0.0000000000E+00,    0.0000000000E+00,    0.0000000000E+00,    2.0434009369E+02
    152400,      0.676951,CP11_after_MPI,   1,    0.0000000000E+00,    2.0434009369E+02,    2.0434009369E+02,    0.0000000000E+00,    0.0000000000E+00,    0.0000000000E+00,    2.0434009369E+02
    152400,      0.676951,CP12_end,   1,    0.0000000000E+00,    2.0434009369E+02,    2.0434009369E+02,    0.0000000000E+00,    0.0000000000E+00,    0.0000000000E+00,    2.0434009369E+02
    152450,      0.676951,CP0_start,   1,    0.0000000000E+00,    2.0445141257E+02,    2.0445141257E+02,    0.0000000000E+00,    0.0000000000E+00,    0.0000000000E+00,    2.0445141257E+02
    152450,      0.676951,CP1_after_deposition,   1,    0.0000000000E+00,    2.0445141257E+02,    2.0445141257E+02,    0.0000000000E+00,    0.0000000000E+00,    0.0000000000E+00,    2.0445141257E+02
    152450,      0.676951,CP2_after_erosion,   1,    0.0000000000E+00,    2.0445141257E+02,    2.0445141257E+02,    0.0000000000E+00,    0.0000000000E+00,    0.0000000000E+00,    2.0445141257E+02
    152450,      0.676951,CP3_after_update_bottom,   1,    0.0000000000E+00,    2.0445141257E+02,    2.0445141257E+02,    0.0000000000E+00,    0.0000000000E+00,    0.0000000000E+00,    2.0445141257E+02
    152450,      0.676951,CP4_after_advection,   1,    0.0000000000E+00,    2.0445445174E+02,    2.0445445174E+02,    0.0000000000E+00,    0.0000000000E+00,    0.0000000000E+00,    2.0445445174E+02
    152450,      0.676951,CP5_after_vdif,   1,    0.0000000000E+00,    2.0445445174E+02,    2.0445445174E+02,    0.0000000000E+00,    0.0000000000E+00,    0.0000000000E+00,    2.0445445174E+02
    152450,      0.676951,CP6_after_kinetics,   1,    0.0000000000E+00,    2.0445445174E+02,    2.0445445174E+02,    0.0000000000E+00,    0.0000000000E+00,    0.0000000000E+00,    2.0445445174E+02
    152450,      0.676951,CP7_after_upper_clamp,   1,    0.0000000000E+00,    2.0445445174E+02,    2.0445445174E+02,    0.0000000000E+00,    0.0000000000E+00,    0.0000000000E+00,    2.0445445174E+02
    152450,      0.676951,CP8_after_OBC,   1,    0.0000000000E+00,    2.0445445174E+02,    2.0445445174E+02,    0.0000000000E+00,    0.0000000000E+00,    0.0000000000E+00,    2.0445445174E+02
    152450,      0.676951,CP9_after_PTsource,   1,    0.0000000000E+00,    2.0445445174E+02,    2.0445445174E+02,    0.0000000000E+00,    0.0000000000E+00,    0.0000000000E+00,    2.0445445174E+02
    152450,      0.676951,CP10_after_neg_clamp,   1,    0.0000000000E+00,    2.0445445174E+02,    2.0445445174E+02,    0.0000000000E+00,    0.0000000000E+00,    0.0000000000E+00,    2.0445445174E+02
    152450,      0.676951,CP11_after_MPI,   1,    0.0000000000E+00,    2.0445445174E+02,    2.0445445174E+02,    0.0000000000E+00,    0.0000000000E+00,    0.0000000000E+00,    2.0445445174E+02
    152450,      0.676951,CP12_end,   1,    0.0000000000E+00,    2.0445445174E+02,    2.0445445174E+02,    0.0000000000E+00,    0.0000000000E+00,    0.0000000000E+00,    2.0445445174E+02
    152500,      0.676951,CP0_start,   1,    0.0000000000E+00,    2.0456637103E+02,    2.0456637103E+02,    0.0000000000E+00,    0.0000000000E+00,    0.0000000000E+00,    2.0456637103E+02
    152500,      0.676951,CP1_after_deposition,   1,    0.0000000000E+00,    2.0456637103E+02,    2.0456637103E+02,    0.0000000000E+00,    0.0000000000E+00,    0.0000000000E+00,    2.0456637103E+02
    152500,      0.676951,CP2_after_erosion,   1,    0.0000000000E+00,    2.0456637103E+02,    2.0456637103E+02,    0.0000000000E+00,    0.0000000000E+00,    0.0000000000E+00,    2.0456637103E+02
    152500,      0.676951,CP3_after_update_bottom,   1,    0.0000000000E+00,    2.0456637103E+02,    2.0456637103E+02,    0.0000000000E+00,    0.0000000000E+00,    0.0000000000E+00,    2.0456637103E+02
    152500,      0.676951,CP4_after_advection,   1,    0.0000000000E+00,    2.0456934697E+02,    2.0456934697E+02,    0.0000000000E+00,    0.0000000000E+00,    0.0000000000E+00,    2.0456934697E+02
    152500,      0.676951,CP5_after_vdif,   1,    0.0000000000E+00,    2.0456934697E+02,    2.0456934697E+02,    0.0000000000E+00,    0.0000000000E+00,    0.0000000000E+00,    2.0456934697E+02
    152500,      0.676951,CP6_after_kinetics,   1,    0.0000000000E+00,    2.0456934697E+02,    2.0456934697E+02,    0.0000000000E+00,    0.0000000000E+00,    0.0000000000E+00,    2.0456934697E+02
    152500,      0.676951,CP7_after_upper_clamp,   1,    0.0000000000E+00,    2.0456934697E+02,    2.0456934697E+02,    0.0000000000E+00,    0.0000000000E+00,    0.0000000000E+00,    2.0456934697E+02
    152500,      0.676951,CP8_after_OBC,   1,    0.0000000000E+00,    2.0456934697E+02,    2.0456934697E+02,    0.0000000000E+00,    0.0000000000E+00,    0.0000000000E+00,    2.0456934697E+02
    152500,      0.676951,CP9_after_PTsource,   1,    0.0000000000E+00,    2.0456934697E+02,    2.0456934697E+02,    0.0000000000E+00,    0.0000000000E+00,    0.0000000000E+00,    2.0456934697E+02
    152500,      0.676951,CP10_after_neg_clamp,   1,    0.0000000000E+00,    2.0456934697E+02,    2.0456934697E+02,    0.0000000000E+00,    0.0000000000E+00,    0.0000000000E+00,    2.0456934697E+02
    152500,      0.676951,CP11_after_MPI,   1,    0.0000000000E+00,    2.0456934697E+02,    2.0456934697E+02,    0.0000000000E+00,    0.0000000000E+00,    0.0000000000E+00,    2.0456934697E+02
    152500,      0.676951,CP12_end,   1,    0.0000000000E+00,    2.0456934697E+02,    2.0456934697E+02,    0.0000000000E+00,    0.0000000000E+00,    0.0000000000E+00,    2.0456934697E+02
    152550,      0.676951,CP0_start,   1,    0.0000000000E+00,    2.0468232354E+02,    2.0468232354E+02,    0.0000000000E+00,    0.0000000000E+00,    0.0000000000E+00,    2.0468232354E+02
    152550,      0.676951,CP1_after_deposition,   1,    0.0000000000E+00,    2.0468232354E+02,    2.0468232354E+02,    0.0000000000E+00,    0.0000000000E+00,    0.0000000000E+00,    2.0468232354E+02
    152550,      0.676951,CP2_after_erosion,   1,    0.0000000000E+00,    2.0468232354E+02,    2.0468232354E+02,    0.0000000000E+00,    0.0000000000E+00,    0.0000000000E+00,    2.0468232354E+02
    152550,      0.676951,CP3_after_update_bottom,   1,    0.0000000000E+00,    2.0468232354E+02,    2.0468232354E+02,    0.0000000000E+00,    0.0000000000E+00,    0.0000000000E+00,    2.0468232354E+02
    152550,      0.676951,CP4_after_advection,   1,    0.0000000000E+00,    2.0468524948E+02,    2.0468524948E+02,    0.0000000000E+00,    0.0000000000E+00,    0.0000000000E+00,    2.0468524948E+02
    152550,      0.676951,CP5_after_vdif,   1,    0.0000000000E+00,    2.0468524948E+02,    2.0468524948E+02,    0.0000000000E+00,    0.0000000000E+00,    0.0000000000E+00,    2.0468524948E+02
    152550,      0.676951,CP6_after_kinetics,   1,    0.0000000000E+00,    2.0468524948E+02,    2.0468524948E+02,    0.0000000000E+00,    0.0000000000E+00,    0.0000000000E+00,    2.0468524948E+02
    152550,      0.676951,CP7_after_upper_clamp,   1,    0.0000000000E+00,    2.0468524948E+02,    2.0468524948E+02,    0.0000000000E+00,    0.0000000000E+00,    0.0000000000E+00,    2.0468524948E+02
    152550,      0.676951,CP8_after_OBC,   1,    0.0000000000E+00,    2.0468524948E+02,    2.0468524948E+02,    0.0000000000E+00,    0.0000000000E+00,    0.0000000000E+00,    2.0468524948E+02
    152550,      0.676951,CP9_after_PTsource,   1,    0.0000000000E+00,    2.0468524948E+02,    2.0468524948E+02,    0.0000000000E+00,    0.0000000000E+00,    0.0000000000E+00,    2.0468524948E+02
    152550,      0.676951,CP10_after_neg_clamp,   1,    0.0000000000E+00,    2.0468524948E+02,    2.0468524948E+02,    0.0000000000E+00,    0.0000000000E+00,    0.0000000000E+00,    2.0468524948E+02
    152550,      0.676951,CP11_after_MPI,   1,    0.0000000000E+00,    2.0468524948E+02,    2.0468524948E+02,    0.0000000000E+00,    0.0000000000E+00,    0.0000000000E+00,    2.0468524948E+02
    152550,      0.676951,CP12_end,   1,    0.0000000000E+00,    2.0468524948E+02,    2.0468524948E+02,    0.0000000000E+00,    0.0000000000E+00,    0.0000000000E+00,    2.0468524948E+02
    152600,      0.676951,CP0_start,   1,    0.0000000000E+00,    2.0479985367E+02,    2.0479985367E+02,    0.0000000000E+00,    0.0000000000E+00,    0.0000000000E+00,    2.0479985367E+02
    152600,      0.676951,CP1_after_deposition,   1,    0.0000000000E+00,    2.0479985367E+02,    2.0479985367E+02,    0.0000000000E+00,    0.0000000000E+00,    0.0000000000E+00,    2.0479985367E+02
    152600,      0.676951,CP2_after_erosion,   1,    0.0000000000E+00,    2.0479985367E+02,    2.0479985367E+02,    0.0000000000E+00,    0.0000000000E+00,    0.0000000000E+00,    2.0479985367E+02
    152600,      0.676951,CP3_after_update_bottom,   1,    0.0000000000E+00,    2.0479985367E+02,    2.0479985367E+02,    0.0000000000E+00,    0.0000000000E+00,    0.0000000000E+00,    2.0479985367E+02
    152600,      0.676951,CP4_after_advection,   1,    0.0000000000E+00,    2.0480274093E+02,    2.0480274093E+02,    0.0000000000E+00,    0.0000000000E+00,    0.0000000000E+00,    2.0480274093E+02
    152600,      0.676951,CP5_after_vdif,   1,    0.0000000000E+00,    2.0480274093E+02,    2.0480274093E+02,    0.0000000000E+00,    0.0000000000E+00,    0.0000000000E+00,    2.0480274093E+02
    152600,      0.676951,CP6_after_kinetics,   1,    0.0000000000E+00,    2.0480274093E+02,    2.0480274093E+02,    0.0000000000E+00,    0.0000000000E+00,    0.0000000000E+00,    2.0480274093E+02
    152600,      0.676951,CP7_after_upper_clamp,   1,    0.0000000000E+00,    2.0480274093E+02,    2.0480274093E+02,    0.0000000000E+00,    0.0000000000E+00,    0.0000000000E+00,    2.0480274093E+02
    152600,      0.676951,CP8_after_OBC,   1,    0.0000000000E+00,    2.0480274093E+02,    2.0480274093E+02,    0.0000000000E+00,    0.0000000000E+00,    0.0000000000E+00,    2.0480274093E+02
    152600,      0.676951,CP9_after_PTsource,   1,    0.0000000000E+00,    2.0480274093E+02,    2.0480274093E+02,    0.0000000000E+00,    0.0000000000E+00,    0.0000000000E+00,    2.0480274093E+02
    152600,      0.676951,CP10_after_neg_clamp,   1,    0.0000000000E+00,    2.0480274093E+02,    2.0480274093E+02,    0.0000000000E+00,    0.0000000000E+00,    0.0000000000E+00,    2.0480274093E+02
    152600,      0.676951,CP11_after_MPI,   1,    0.0000000000E+00,    2.0480274093E+02,    2.0480274093E+02,    0.0000000000E+00,    0.0000000000E+00,    0.0000000000E+00,    2.0480274093E+02
    152600,      0.676951,CP12_end,   1,    0.0000000000E+00,    2.0480274093E+02,    2.0480274093E+02,    0.0000000000E+00,    0.0000000000E+00,    0.0000000000E+00,    2.0480274093E+02
    152650,      0.676951,CP0_start,   1,    0.0000000000E+00,    2.0491923775E+02,    2.0491923775E+02,    0.0000000000E+00,    0.0000000000E+00,    0.0000000000E+00,    2.0491923775E+02
    152650,      0.676951,CP1_after_deposition,   1,    0.0000000000E+00,    2.0491923775E+02,    2.0491923775E+02,    0.0000000000E+00,    0.0000000000E+00,    0.0000000000E+00,    2.0491923775E+02
    152650,      0.676951,CP2_after_erosion,   1,    0.0000000000E+00,    2.0491923775E+02,    2.0491923775E+02,    0.0000000000E+00,    0.0000000000E+00,    0.0000000000E+00,    2.0491923775E+02
    152650,      0.676951,CP3_after_update_bottom,   1,    0.0000000000E+00,    2.0491923775E+02,    2.0491923775E+02,    0.0000000000E+00,    0.0000000000E+00,    0.0000000000E+00,    2.0491923775E+02
    152650,      0.676951,CP4_after_advection,   1,    0.0000000000E+00,    2.0492209046E+02,    2.0492209046E+02,    0.0000000000E+00,    0.0000000000E+00,    0.0000000000E+00,    2.0492209046E+02
    152650,      0.676951,CP5_after_vdif,   1,    0.0000000000E+00,    2.0492209046E+02,    2.0492209046E+02,    0.0000000000E+00,    0.0000000000E+00,    0.0000000000E+00,    2.0492209046E+02
    152650,      0.676951,CP6_after_kinetics,   1,    0.0000000000E+00,    2.0492209046E+02,    2.0492209046E+02,    0.0000000000E+00,    0.0000000000E+00,    0.0000000000E+00,    2.0492209046E+02
    152650,      0.676951,CP7_after_upper_clamp,   1,    0.0000000000E+00,    2.0492209046E+02,    2.0492209046E+02,    0.0000000000E+00,    0.0000000000E+00,    0.0000000000E+00,    2.0492209046E+02
    152650,      0.676951,CP8_after_OBC,   1,    0.0000000000E+00,    2.0492209046E+02,    2.0492209046E+02,    0.0000000000E+00,    0.0000000000E+00,    0.0000000000E+00,    2.0492209046E+02
    152650,      0.676951,CP9_after_PTsource,   1,    0.0000000000E+00,    2.0492209046E+02,    2.0492209046E+02,    0.0000000000E+00,    0.0000000000E+00,    0.0000000000E+00,    2.0492209046E+02
    152650,      0.676951,CP10_after_neg_clamp,   1,    0.0000000000E+00,    2.0492209046E+02,    2.0492209046E+02,    0.0000000000E+00,    0.0000000000E+00,    0.0000000000E+00,    2.0492209046E+02
    152650,      0.676951,CP11_after_MPI,   1,    0.0000000000E+00,    2.0492209046E+02,    2.0492209046E+02,    0.0000000000E+00,    0.0000000000E+00,    0.0000000000E+00,    2.0492209046E+02
    152650,      0.676951,CP12_end,   1,    0.0000000000E+00,    2.0492209046E+02,    2.0492209046E+02,    0.0000000000E+00,    0.0000000000E+00,    0.0000000000E+00,    2.0492209046E+02
    152700,      0.676951,CP0_start,   1,    0.0000000000E+00,    2.0504044910E+02,    2.0504044910E+02,    0.0000000000E+00,    0.0000000000E+00,    0.0000000000E+00,    2.0504044910E+02
    152700,      0.676951,CP1_after_deposition,   1,    0.0000000000E+00,    2.0504044910E+02,    2.0504044910E+02,    0.0000000000E+00,    0.0000000000E+00,    0.0000000000E+00,    2.0504044910E+02
    152700,      0.676951,CP2_after_erosion,   1,    0.0000000000E+00,    2.0504044910E+02,    2.0504044910E+02,    0.0000000000E+00,    0.0000000000E+00,    0.0000000000E+00,    2.0504044910E+02
    152700,      0.676951,CP3_after_update_bottom,   1,    0.0000000000E+00,    2.0504044910E+02,    2.0504044910E+02,    0.0000000000E+00,    0.0000000000E+00,    0.0000000000E+00,    2.0504044910E+02
    152700,      0.676951,CP4_after_advection,   1,    0.0000000000E+00,    2.0504326766E+02,    2.0504326766E+02,    0.0000000000E+00,    0.0000000000E+00,    0.0000000000E+00,    2.0504326766E+02
    152700,      0.676951,CP5_after_vdif,   1,    0.0000000000E+00,    2.0504326766E+02,    2.0504326766E+02,    0.0000000000E+00,    0.0000000000E+00,    0.0000000000E+00,    2.0504326766E+02
    152700,      0.676951,CP6_after_kinetics,   1,    0.0000000000E+00,    2.0504326766E+02,    2.0504326766E+02,    0.0000000000E+00,    0.0000000000E+00,    0.0000000000E+00,    2.0504326766E+02
    152700,      0.676951,CP7_after_upper_clamp,   1,    0.0000000000E+00,    2.0504326766E+02,    2.0504326766E+02,    0.0000000000E+00,    0.0000000000E+00,    0.0000000000E+00,    2.0504326766E+02
    152700,      0.676951,CP8_after_OBC,   1,    0.0000000000E+00,    2.0504326766E+02,    2.0504326766E+02,    0.0000000000E+00,    0.0000000000E+00,    0.0000000000E+00,    2.0504326766E+02
    152700,      0.676951,CP9_after_PTsource,   1,    0.0000000000E+00,    2.0504326766E+02,    2.0504326766E+02,    0.0000000000E+00,    0.0000000000E+00,    0.0000000000E+00,    2.0504326766E+02
    152700,      0.676951,CP10_after_neg_clamp,   1,    0.0000000000E+00,    2.0504326766E+02,    2.0504326766E+02,    0.0000000000E+00,    0.0000000000E+00,    0.0000000000E+00,    2.0504326766E+02
    152700,      0.676951,CP11_after_MPI,   1,    0.0000000000E+00,    2.0504326766E+02,    2.0504326766E+02,    0.0000000000E+00,    0.0000000000E+00,    0.0000000000E+00,    2.0504326766E+02
    152700,      0.676951,CP12_end,   1,    0.0000000000E+00,    2.0504326766E+02,    2.0504326766E+02,    0.0000000000E+00,    0.0000000000E+00,    0.0000000000E+00,    2.0504326766E+02
    152750,      0.676951,CP0_start,   1,    0.0000000000E+00,    2.0516346296E+02,    2.0516346296E+02,    0.0000000000E+00,    0.0000000000E+00,    0.0000000000E+00,    2.0516346296E+02
    152750,      0.676951,CP1_after_deposition,   1,    0.0000000000E+00,    2.0516346296E+02,    2.0516346296E+02,    0.0000000000E+00,    0.0000000000E+00,    0.0000000000E+00,    2.0516346296E+02
    152750,      0.676951,CP2_after_erosion,   1,                 NaN,                 NaN,                 NaN,    0.0000000000E+00,    0.0000000000E+00,    0.0000000000E+00,                 NaN
    152750,      0.676951,CP3_after_update_bottom,   1,                 NaN,                 NaN,                 NaN,    0.0000000000E+00,    0.0000000000E+00,    0.0000000000E+00,                 NaN
    152750,      0.676951,CP4_after_advection,   1,                 NaN,                 NaN,                 NaN,    0.0000000000E+00,    0.0000000000E+00,    0.0000000000E+00,                 NaN
    152750,      0.676951,CP5_after_vdif,   1,                 NaN,                 NaN,                 NaN,    0.0000000000E+00,    0.0000000000E+00,    0.0000000000E+00,                 NaN
    152750,      0.676951,CP6_after_kinetics,   1,                 NaN,                 NaN,                 NaN,    0.0000000000E+00,    0.0000000000E+00,    0.0000000000E+00,                 NaN
    152750,      0.676951,CP7_after_upper_clamp,   1,                 NaN,                 NaN,                 NaN,    0.0000000000E+00,    0.0000000000E+00,    0.0000000000E+00,                 NaN
    152750,      0.676951,CP8_after_OBC,   1,                 NaN,                 NaN,                 NaN,    0.0000000000E+00,    0.0000000000E+00,    0.0000000000E+00,                 NaN
    152750,      0.676951,CP9_after_PTsource,   1,                 NaN,                 NaN,                 NaN,    0.0000000000E+00,    0.0000000000E+00,    0.0000000000E+00,                 NaN
    152750,      0.676951,CP10_after_neg_clamp,   1,    0.0000000000E+00,    2.0484798234E+02,    2.0484798234E+02,    0.0000000000E+00,    0.0000000000E+00,    0.0000000000E+00,    2.0484798234E+02
    152750,      0.676951,CP11_after_MPI,   1,    0.0000000000E+00,    2.0484798234E+02,    2.0484798234E+02,    0.0000000000E+00,    0.0000000000E+00,    0.0000000000E+00,    2.0484798234E+02
    152750,      0.676951,CP12_end,   1,    0.0000000000E+00,    2.0484798234E+02,    2.0484798234E+02,    0.0000000000E+00,    0.0000000000E+00,    0.0000000000E+00,    2.0484798234E+02
    152800,      0.676951,CP0_start,   1,    0.0000000000E+00,    2.0498867468E+02,    2.0498867468E+02,    0.0000000000E+00,    0.0000000000E+00,    0.0000000000E+00,    2.0498867468E+02
    152800,      0.676951,CP1_after_deposition,   1,    0.0000000000E+00,    2.0498867468E+02,    2.0498867468E+02,    0.0000000000E+00,    0.0000000000E+00,    0.0000000000E+00,    2.0498867468E+02
    152800,      0.676951,CP2_after_erosion,   1,    0.0000000000E+00,    2.0498867468E+02,    2.0498867468E+02,    0.0000000000E+00,    0.0000000000E+00,    0.0000000000E+00,    2.0498867468E+02
    152800,      0.676951,CP3_after_update_bottom,   1,    0.0000000000E+00,    2.0498867468E+02,    2.0498867468E+02,    0.0000000000E+00,    0.0000000000E+00,    0.0000000000E+00,    2.0498867468E+02
    152800,      0.676951,CP4_after_advection,   1,    0.0000000000E+00,    2.0499181900E+02,    2.0499181900E+02,    0.0000000000E+00,    0.0000000000E+00,    0.0000000000E+00,    2.0499181900E+02
    152800,      0.676951,CP5_after_vdif,   1,    0.0000000000E+00,    2.0499181900E+02,    2.0499181900E+02,    0.0000000000E+00,    0.0000000000E+00,    0.0000000000E+00,    2.0499181900E+02
    152800,      0.676951,CP6_after_kinetics,   1,    0.0000000000E+00,    2.0499181900E+02,    2.0499181900E+02,    0.0000000000E+00,    0.0000000000E+00,    0.0000000000E+00,    2.0499181900E+02
    152800,      0.676951,CP7_after_upper_clamp,   1,    0.0000000000E+00,    2.0499181900E+02,    2.0499181900E+02,    0.0000000000E+00,    0.0000000000E+00,    0.0000000000E+00,    2.0499181900E+02
    152800,      0.676951,CP8_after_OBC,   1,    0.0000000000E+00,    2.0499181900E+02,    2.0499181900E+02,    0.0000000000E+00,    0.0000000000E+00,    0.0000000000E+00,    2.0499181900E+02
    152800,      0.676951,CP9_after_PTsource,   1,    0.0000000000E+00,    2.0499181900E+02,    2.0499181900E+02,    0.0000000000E+00,    0.0000000000E+00,    0.0000000000E+00,    2.0499181900E+02
    152800,      0.676951,CP10_after_neg_clamp,   1,    0.0000000000E+00,    2.0499181900E+02,    2.0499181900E+02,    0.0000000000E+00,    0.0000000000E+00,    0.0000000000E+00,    2.0499181900E+02
    152800,      0.676951,CP11_after_MPI,   1,    0.0000000000E+00,    2.0499181900E+02,    2.0499181900E+02,    0.0000000000E+00,    0.0000000000E+00,    0.0000000000E+00,    2.0499181900E+02
    152800,      0.676951,CP12_end,   1,    0.0000000000E+00,    2.0499181900E+02,    2.0499181900E+02,    0.0000000000E+00,    0.0000000000E+00,    0.0000000000E+00,    2.0499181900E+02
    152850,      0.676951,CP0_start,   1,    0.0000000000E+00,    2.0513309950E+02,    2.0513309950E+02,    0.0000000000E+00,    0.0000000000E+00,    0.0000000000E+00,    2.0513309950E+02
    152850,      0.676951,CP1_after_deposition,   1,    0.0000000000E+00,    2.0513309950E+02,    2.0513309950E+02,    0.0000000000E+00,    0.0000000000E+00,    0.0000000000E+00,    2.0513309950E+02
    152850,      0.676951,CP2_after_erosion,   1,    0.0000000000E+00,    2.0513309950E+02,    2.0513309950E+02,    0.0000000000E+00,    0.0000000000E+00,    0.0000000000E+00,    2.0513309950E+02
    152850,      0.676951,CP3_after_update_bottom,   1,    0.0000000000E+00,    2.0513309950E+02,    2.0513309950E+02,    0.0000000000E+00,    0.0000000000E+00,    0.0000000000E+00,    2.0513309950E+02
    152850,      0.676951,CP4_after_advection,   1,    0.0000000000E+00,    2.0513614561E+02,    2.0513614561E+02,    0.0000000000E+00,    0.0000000000E+00,    0.0000000000E+00,    2.0513614561E+02
    152850,      0.676951,CP5_after_vdif,   1,    0.0000000000E+00,    2.0513614561E+02,    2.0513614561E+02,    0.0000000000E+00,    0.0000000000E+00,    0.0000000000E+00,    2.0513614561E+02
    152850,      0.676951,CP6_after_kinetics,   1,    0.0000000000E+00,    2.0513614561E+02,    2.0513614561E+02,    0.0000000000E+00,    0.0000000000E+00,    0.0000000000E+00,    2.0513614561E+02
    152850,      0.676951,CP7_after_upper_clamp,   1,    0.0000000000E+00,    2.0513614561E+02,    2.0513614561E+02,    0.0000000000E+00,    0.0000000000E+00,    0.0000000000E+00,    2.0513614561E+02
    152850,      0.676951,CP8_after_OBC,   1,    0.0000000000E+00,    2.0513614561E+02,    2.0513614561E+02,    0.0000000000E+00,    0.0000000000E+00,    0.0000000000E+00,    2.0513614561E+02
    152850,      0.676951,CP9_after_PTsource,   1,    0.0000000000E+00,    2.0513614561E+02,    2.0513614561E+02,    0.0000000000E+00,    0.0000000000E+00,    0.0000000000E+00,    2.0513614561E+02
    152850,      0.676951,CP10_after_neg_clamp,   1,    0.0000000000E+00,    2.0513614561E+02,    2.0513614561E+02,    0.0000000000E+00,    0.0000000000E+00,    0.0000000000E+00,    2.0513614561E+02
    152850,      0.676951,CP11_after_MPI,   1,    0.0000000000E+00,    2.0513614561E+02,    2.0513614561E+02,    0.0000000000E+00,    0.0000000000E+00,    0.0000000000E+00,    2.0513614561E+02
    152850,      0.676951,CP12_end,   1,    0.0000000000E+00,    2.0513614561E+02,    2.0513614561E+02,    0.0000000000E+00,    0.0000000000E+00,    0.0000000000E+00,    2.0513614561E+02
    152900,      0.676951,CP0_start,   1,    0.0000000000E+00,    2.0527511956E+02,    2.0527511956E+02,    0.0000000000E+00,    0.0000000000E+00,    0.0000000000E+00,    2.0527511956E+02
    152900,      0.676951,CP1_after_deposition,   1,    0.0000000000E+00,    2.0527511956E+02,    2.0527511956E+02,    0.0000000000E+00,    0.0000000000E+00,    0.0000000000E+00,    2.0527511956E+02
    152900,      0.676951,CP2_after_erosion,   1,    0.0000000000E+00,    2.0527511956E+02,    2.0527511956E+02,    0.0000000000E+00,    0.0000000000E+00,    0.0000000000E+00,    2.0527511956E+02
    152900,      0.676951,CP3_after_update_bottom,   1,    0.0000000000E+00,    2.0527511956E+02,    2.0527511956E+02,    0.0000000000E+00,    0.0000000000E+00,    0.0000000000E+00,    2.0527511956E+02
    152900,      0.676951,CP4_after_advection,   1,    0.0000000000E+00,    2.0527803908E+02,    2.0527803908E+02,    0.0000000000E+00,    0.0000000000E+00,    0.0000000000E+00,    2.0527803908E+02
    152900,      0.676951,CP5_after_vdif,   1,    0.0000000000E+00,    2.0527803908E+02,    2.0527803908E+02,    0.0000000000E+00,    0.0000000000E+00,    0.0000000000E+00,    2.0527803908E+02
    152900,      0.676951,CP6_after_kinetics,   1,    0.0000000000E+00,    2.0527803908E+02,    2.0527803908E+02,    0.0000000000E+00,    0.0000000000E+00,    0.0000000000E+00,    2.0527803908E+02
    152900,      0.676951,CP7_after_upper_clamp,   1,    0.0000000000E+00,    2.0527803908E+02,    2.0527803908E+02,    0.0000000000E+00,    0.0000000000E+00,    0.0000000000E+00,    2.0527803908E+02
    152900,      0.676951,CP8_after_OBC,   1,    0.0000000000E+00,    2.0527803908E+02,    2.0527803908E+02,    0.0000000000E+00,    0.0000000000E+00,    0.0000000000E+00,    2.0527803908E+02
    152900,      0.676951,CP9_after_PTsource,   1,    0.0000000000E+00,    2.0527803908E+02,    2.0527803908E+02,    0.0000000000E+00,    0.0000000000E+00,    0.0000000000E+00,    2.0527803908E+02
    152900,      0.676951,CP10_after_neg_clamp,   1,    0.0000000000E+00,    2.0527803908E+02,    2.0527803908E+02,    0.0000000000E+00,    0.0000000000E+00,    0.0000000000E+00,    2.0527803908E+02
    152900,      0.676951,CP11_after_MPI,   1,    0.0000000000E+00,    2.0527803908E+02,    2.0527803908E+02,    0.0000000000E+00,    0.0000000000E+00,    0.0000000000E+00,    2.0527803908E+02
    152900,      0.676951,CP12_end,   1,    0.0000000000E+00,    2.0527803908E+02,    2.0527803908E+02,    0.0000000000E+00,    0.0000000000E+00,    0.0000000000E+00,    2.0527803908E+02
    152950,      0.676951,CP0_start,   1,    0.0000000000E+00,    2.0541352034E+02,    2.0541352034E+02,    0.0000000000E+00,    0.0000000000E+00,    0.0000000000E+00,    2.0541352034E+02
    152950,      0.676951,CP1_after_deposition,   1,    0.0000000000E+00,    2.0541352034E+02,    2.0541352034E+02,    0.0000000000E+00,    0.0000000000E+00,    0.0000000000E+00,    2.0541352034E+02
    152950,      0.676951,CP2_after_erosion,   1,    0.0000000000E+00,    2.0541352034E+02,    2.0541352034E+02,    0.0000000000E+00,    0.0000000000E+00,    0.0000000000E+00,    2.0541352034E+02
    152950,      0.676951,CP3_after_update_bottom,   1,    0.0000000000E+00,    2.0541352034E+02,    2.0541352034E+02,    0.0000000000E+00,    0.0000000000E+00,    0.0000000000E+00,    2.0541352034E+02
    152950,      0.676951,CP4_after_advection,   1,    0.0000000000E+00,    2.0541631517E+02,    2.0541631517E+02,    0.0000000000E+00,    0.0000000000E+00,    0.0000000000E+00,    2.0541631517E+02
    152950,      0.676951,CP5_after_vdif,   1,    0.0000000000E+00,    2.0541631517E+02,    2.0541631517E+02,    0.0000000000E+00,    0.0000000000E+00,    0.0000000000E+00,    2.0541631517E+02
    152950,      0.676951,CP6_after_kinetics,   1,    0.0000000000E+00,    2.0541631517E+02,    2.0541631517E+02,    0.0000000000E+00,    0.0000000000E+00,    0.0000000000E+00,    2.0541631517E+02
    152950,      0.676951,CP7_after_upper_clamp,   1,    0.0000000000E+00,    2.0541631517E+02,    2.0541631517E+02,    0.0000000000E+00,    0.0000000000E+00,    0.0000000000E+00,    2.0541631517E+02
    152950,      0.676951,CP8_after_OBC,   1,    0.0000000000E+00,    2.0541631517E+02,    2.0541631517E+02,    0.0000000000E+00,    0.0000000000E+00,    0.0000000000E+00,    2.0541631517E+02
    152950,      0.676951,CP9_after_PTsource,   1,    0.0000000000E+00,    2.0541631517E+02,    2.0541631517E+02,    0.0000000000E+00,    0.0000000000E+00,    0.0000000000E+00,    2.0541631517E+02
    152950,      0.676951,CP10_after_neg_clamp,   1,    0.0000000000E+00,    2.0541631517E+02,    2.0541631517E+02,    0.0000000000E+00,    0.0000000000E+00,    0.0000000000E+00,    2.0541631517E+02
    152950,      0.676951,CP11_after_MPI,   1,    0.0000000000E+00,    2.0541631517E+02,    2.0541631517E+02,    0.0000000000E+00,    0.0000000000E+00,    0.0000000000E+00,    2.0541631517E+02
    152950,      0.676951,CP12_end,   1,    0.0000000000E+00,    2.0541631517E+02,    2.0541631517E+02,    0.0000000000E+00,    0.0000000000E+00,    0.0000000000E+00,    2.0541631517E+02
    153000,      0.676951,CP0_start,   1,    0.0000000000E+00,    2.0554779520E+02,    2.0554779520E+02,    0.0000000000E+00,    0.0000000000E+00,    0.0000000000E+00,    2.0554779520E+02
    153000,      0.676951,CP1_after_deposition,   1,    0.0000000000E+00,    2.0554779520E+02,    2.0554779520E+02,    0.0000000000E+00,    0.0000000000E+00,    0.0000000000E+00,    2.0554779520E+02
    153000,      0.676951,CP2_after_erosion,   1,    0.0000000000E+00,    2.0554779520E+02,    2.0554779520E+02,    0.0000000000E+00,    0.0000000000E+00,    0.0000000000E+00,    2.0554779520E+02
    153000,      0.676951,CP3_after_update_bottom,   1,    0.0000000000E+00,    2.0554779520E+02,    2.0554779520E+02,    0.0000000000E+00,    0.0000000000E+00,    0.0000000000E+00,    2.0554779520E+02
    153000,      0.676951,CP4_after_advection,   1,    0.0000000000E+00,    2.0555044899E+02,    2.0555044899E+02,    0.0000000000E+00,    0.0000000000E+00,    0.0000000000E+00,    2.0555044899E+02
    153000,      0.676951,CP5_after_vdif,   1,    0.0000000000E+00,    2.0555044899E+02,    2.0555044899E+02,    0.0000000000E+00,    0.0000000000E+00,    0.0000000000E+00,    2.0555044899E+02
    153000,      0.676951,CP6_after_kinetics,   1,    0.0000000000E+00,    2.0555044899E+02,    2.0555044899E+02,    0.0000000000E+00,    0.0000000000E+00,    0.0000000000E+00,    2.0555044899E+02
    153000,      0.676951,CP7_after_upper_clamp,   1,    0.0000000000E+00,    2.0555044899E+02,    2.0555044899E+02,    0.0000000000E+00,    0.0000000000E+00,    0.0000000000E+00,    2.0555044899E+02
    153000,      0.676951,CP8_after_OBC,   1,    0.0000000000E+00,    2.0555044899E+02,    2.0555044899E+02,    0.0000000000E+00,    0.0000000000E+00,    0.0000000000E+00,    2.0555044899E+02
    153000,      0.676951,CP9_after_PTsource,   1,    0.0000000000E+00,    2.0555044899E+02,    2.0555044899E+02,    0.0000000000E+00,    0.0000000000E+00,    0.0000000000E+00,    2.0555044899E+02
    153000,      0.676951,CP10_after_neg_clamp,   1,    0.0000000000E+00,    2.0555044899E+02,    2.0555044899E+02,    0.0000000000E+00,    0.0000000000E+00,    0.0000000000E+00,    2.0555044899E+02
    153000,      0.676951,CP11_after_MPI,   1,    0.0000000000E+00,    2.0555044899E+02,    2.0555044899E+02,    0.0000000000E+00,    0.0000000000E+00,    0.0000000000E+00,    2.0555044899E+02
    153000,      0.676951,CP12_end,   1,    0.0000000000E+00,    2.0555044899E+02,    2.0555044899E+02,    0.0000000000E+00,    0.0000000000E+00,    0.0000000000E+00,    2.0555044899E+02
    153050,      0.676951,CP0_start,   1,    0.0000000000E+00,    2.0567797258E+02,    2.0567797258E+02,    0.0000000000E+00,    0.0000000000E+00,    0.0000000000E+00,    2.0567797258E+02
    153050,      0.676951,CP1_after_deposition,   1,    0.0000000000E+00,    2.0567797258E+02,    2.0567797258E+02,    0.0000000000E+00,    0.0000000000E+00,    0.0000000000E+00,    2.0567797258E+02
    153050,      0.676951,CP2_after_erosion,   1,    0.0000000000E+00,    2.0567797258E+02,    2.0567797258E+02,    0.0000000000E+00,    0.0000000000E+00,    0.0000000000E+00,    2.0567797258E+02
    153050,      0.676951,CP3_after_update_bottom,   1,    0.0000000000E+00,    2.0567797258E+02,    2.0567797258E+02,    0.0000000000E+00,    0.0000000000E+00,    0.0000000000E+00,    2.0567797258E+02
    153050,      0.676951,CP4_after_advection,   1,    0.0000000000E+00,    2.0568048877E+02,    2.0568048877E+02,    0.0000000000E+00,    0.0000000000E+00,    0.0000000000E+00,    2.0568048877E+02
    153050,      0.676951,CP5_after_vdif,   1,    0.0000000000E+00,    2.0568048877E+02,    2.0568048877E+02,    0.0000000000E+00,    0.0000000000E+00,    0.0000000000E+00,    2.0568048877E+02
    153050,      0.676951,CP6_after_kinetics,   1,    0.0000000000E+00,    2.0568048877E+02,    2.0568048877E+02,    0.0000000000E+00,    0.0000000000E+00,    0.0000000000E+00,    2.0568048877E+02
    153050,      0.676951,CP7_after_upper_clamp,   1,    0.0000000000E+00,    2.0568048877E+02,    2.0568048877E+02,    0.0000000000E+00,    0.0000000000E+00,    0.0000000000E+00,    2.0568048877E+02
    153050,      0.676951,CP8_after_OBC,   1,    0.0000000000E+00,    2.0568048877E+02,    2.0568048877E+02,    0.0000000000E+00,    0.0000000000E+00,    0.0000000000E+00,    2.0568048877E+02
    153050,      0.676951,CP9_after_PTsource,   1,    0.0000000000E+00,    2.0568048877E+02,    2.0568048877E+02,    0.0000000000E+00,    0.0000000000E+00,    0.0000000000E+00,    2.0568048877E+02
    153050,      0.676951,CP10_after_neg_clamp,   1,    0.0000000000E+00,    2.0568048877E+02,    2.0568048877E+02,    0.0000000000E+00,    0.0000000000E+00,    0.0000000000E+00,    2.0568048877E+02
    153050,      0.676951,CP11_after_MPI,   1,    0.0000000000E+00,    2.0568048877E+02,    2.0568048877E+02,    0.0000000000E+00,    0.0000000000E+00,    0.0000000000E+00,    2.0568048877E+02
    153050,      0.676951,CP12_end,   1,    0.0000000000E+00,    2.0568048877E+02,    2.0568048877E+02,    0.0000000000E+00,    0.0000000000E+00,    0.0000000000E+00,    2.0568048877E+02
    153100,      0.676951,CP0_start,   1,    0.0000000000E+00,    2.0580458691E+02,    2.0580458691E+02,    0.0000000000E+00,    0.0000000000E+00,    0.0000000000E+00,    2.0580458691E+02
    153100,      0.676951,CP1_after_deposition,   1,    0.0000000000E+00,    2.0580458691E+02,    2.0580458691E+02,    0.0000000000E+00,    0.0000000000E+00,    0.0000000000E+00,    2.0580458691E+02
    153100,      0.676951,CP2_after_erosion,   1,    0.0000000000E+00,    2.0580458691E+02,    2.0580458691E+02,    0.0000000000E+00,    0.0000000000E+00,    0.0000000000E+00,    2.0580458691E+02
    153100,      0.676951,CP3_after_update_bottom,   1,    0.0000000000E+00,    2.0580458691E+02,    2.0580458691E+02,    0.0000000000E+00,    0.0000000000E+00,    0.0000000000E+00,    2.0580458691E+02
    153100,      0.676951,CP4_after_advection,   1,    0.0000000000E+00,    2.0580697425E+02,    2.0580697425E+02,    0.0000000000E+00,    0.0000000000E+00,    0.0000000000E+00,    2.0580697425E+02
    153100,      0.676951,CP5_after_vdif,   1,    0.0000000000E+00,    2.0580697425E+02,    2.0580697425E+02,    0.0000000000E+00,    0.0000000000E+00,    0.0000000000E+00,    2.0580697425E+02
    153100,      0.676951,CP6_after_kinetics,   1,    0.0000000000E+00,    2.0580697425E+02,    2.0580697425E+02,    0.0000000000E+00,    0.0000000000E+00,    0.0000000000E+00,    2.0580697425E+02
    153100,      0.676951,CP7_after_upper_clamp,   1,    0.0000000000E+00,    2.0580697425E+02,    2.0580697425E+02,    0.0000000000E+00,    0.0000000000E+00,    0.0000000000E+00,    2.0580697425E+02
    153100,      0.676951,CP8_after_OBC,   1,    0.0000000000E+00,    2.0580697425E+02,    2.0580697425E+02,    0.0000000000E+00,    0.0000000000E+00,    0.0000000000E+00,    2.0580697425E+02
    153100,      0.676951,CP9_after_PTsource,   1,    0.0000000000E+00,    2.0580697425E+02,    2.0580697425E+02,    0.0000000000E+00,    0.0000000000E+00,    0.0000000000E+00,    2.0580697425E+02
    153100,      0.676951,CP10_after_neg_clamp,   1,    0.0000000000E+00,    2.0580697425E+02,    2.0580697425E+02,    0.0000000000E+00,    0.0000000000E+00,    0.0000000000E+00,    2.0580697425E+02
    153100,      0.676951,CP11_after_MPI,   1,    0.0000000000E+00,    2.0580697425E+02,    2.0580697425E+02,    0.0000000000E+00,    0.0000000000E+00,    0.0000000000E+00,    2.0580697425E+02
    153100,      0.676951,CP12_end,   1,    0.0000000000E+00,    2.0580697425E+02,    2.0580697425E+02,    0.0000000000E+00,    0.0000000000E+00,    0.0000000000E+00,    2.0580697425E+02
    153150,      0.676951,CP0_start,   1,    0.0000000000E+00,    2.0592852964E+02,    2.0592852964E+02,    0.0000000000E+00,    0.0000000000E+00,    0.0000000000E+00,    2.0592852964E+02
    153150,      0.676951,CP1_after_deposition,   1,    0.0000000000E+00,    2.0592852964E+02,    2.0592852964E+02,    0.0000000000E+00,    0.0000000000E+00,    0.0000000000E+00,    2.0592852964E+02
    153150,      0.676951,CP2_after_erosion,   1,    0.0000000000E+00,    2.0592852964E+02,    2.0592852964E+02,    0.0000000000E+00,    0.0000000000E+00,    0.0000000000E+00,    2.0592852964E+02
    153150,      0.676951,CP3_after_update_bottom,   1,    0.0000000000E+00,    2.0592852964E+02,    2.0592852964E+02,    0.0000000000E+00,    0.0000000000E+00,    0.0000000000E+00,    2.0592852964E+02
    153150,      0.676951,CP4_after_advection,   1,    0.0000000000E+00,    2.0593081426E+02,    2.0593081426E+02,    0.0000000000E+00,    0.0000000000E+00,    0.0000000000E+00,    2.0593081426E+02
    153150,      0.676951,CP5_after_vdif,   1,    0.0000000000E+00,    2.0593081426E+02,    2.0593081426E+02,    0.0000000000E+00,    0.0000000000E+00,    0.0000000000E+00,    2.0593081426E+02
    153150,      0.676951,CP6_after_kinetics,   1,    0.0000000000E+00,    2.0593081426E+02,    2.0593081426E+02,    0.0000000000E+00,    0.0000000000E+00,    0.0000000000E+00,    2.0593081426E+02
    153150,      0.676951,CP7_after_upper_clamp,   1,    0.0000000000E+00,    2.0593081426E+02,    2.0593081426E+02,    0.0000000000E+00,    0.0000000000E+00,    0.0000000000E+00,    2.0593081426E+02
    153150,      0.676951,CP8_after_OBC,   1,    0.0000000000E+00,    2.0593081426E+02,    2.0593081426E+02,    0.0000000000E+00,    0.0000000000E+00,    0.0000000000E+00,    2.0593081426E+02
    153150,      0.676951,CP9_after_PTsource,   1,    0.0000000000E+00,    2.0593081426E+02,    2.0593081426E+02,    0.0000000000E+00,    0.0000000000E+00,    0.0000000000E+00,    2.0593081426E+02
    153150,      0.676951,CP10_after_neg_clamp,   1,    0.0000000000E+00,    2.0593081426E+02,    2.0593081426E+02,    0.0000000000E+00,    0.0000000000E+00,    0.0000000000E+00,    2.0593081426E+02
    153150,      0.676951,CP11_after_MPI,   1,    0.0000000000E+00,    2.0593081426E+02,    2.0593081426E+02,    0.0000000000E+00,    0.0000000000E+00,    0.0000000000E+00,    2.0593081426E+02
    153150,      0.676951,CP12_end,   1,    0.0000000000E+00,    2.0593081426E+02,    2.0593081426E+02,    0.0000000000E+00,    0.0000000000E+00,    0.0000000000E+00,    2.0593081426E+02
    153200,      0.676951,CP0_start,   1,    0.0000000000E+00,    2.0605095970E+02,    2.0605095970E+02,    0.0000000000E+00,    0.0000000000E+00,    0.0000000000E+00,    2.0605095970E+02
    153200,      0.676951,CP1_after_deposition,   1,    0.0000000000E+00,    2.0605095970E+02,    2.0605095970E+02,    0.0000000000E+00,    0.0000000000E+00,    0.0000000000E+00,    2.0605095970E+02
    153200,      0.676951,CP2_after_erosion,   1,    0.0000000000E+00,    2.0605095970E+02,    2.0605095970E+02,    0.0000000000E+00,    0.0000000000E+00,    0.0000000000E+00,    2.0605095970E+02
    153200,      0.676951,CP3_after_update_bottom,   1,    0.0000000000E+00,    2.0605095970E+02,    2.0605095970E+02,    0.0000000000E+00,    0.0000000000E+00,    0.0000000000E+00,    2.0605095970E+02
    153200,      0.676951,CP4_after_advection,   1,    0.0000000000E+00,    2.0605315854E+02,    2.0605315854E+02,    0.0000000000E+00,    0.0000000000E+00,    0.0000000000E+00,    2.0605315854E+02
    153200,      0.676951,CP5_after_vdif,   1,    0.0000000000E+00,    2.0605315854E+02,    2.0605315854E+02,    0.0000000000E+00,    0.0000000000E+00,    0.0000000000E+00,    2.0605315854E+02
    153200,      0.676951,CP6_after_kinetics,   1,    0.0000000000E+00,    2.0605315854E+02,    2.0605315854E+02,    0.0000000000E+00,    0.0000000000E+00,    0.0000000000E+00,    2.0605315854E+02
    153200,      0.676951,CP7_after_upper_clamp,   1,    0.0000000000E+00,    2.0605315854E+02,    2.0605315854E+02,    0.0000000000E+00,    0.0000000000E+00,    0.0000000000E+00,    2.0605315854E+02
    153200,      0.676951,CP8_after_OBC,   1,    0.0000000000E+00,    2.0605315854E+02,    2.0605315854E+02,    0.0000000000E+00,    0.0000000000E+00,    0.0000000000E+00,    2.0605315854E+02
    153200,      0.676951,CP9_after_PTsource,   1,    0.0000000000E+00,    2.0605315854E+02,    2.0605315854E+02,    0.0000000000E+00,    0.0000000000E+00,    0.0000000000E+00,    2.0605315854E+02
    153200,      0.676951,CP10_after_neg_clamp,   1,    0.0000000000E+00,    2.0605315854E+02,    2.0605315854E+02,    0.0000000000E+00,    0.0000000000E+00,    0.0000000000E+00,    2.0605315854E+02
    153200,      0.676951,CP11_after_MPI,   1,    0.0000000000E+00,    2.0605315854E+02,    2.0605315854E+02,    0.0000000000E+00,    0.0000000000E+00,    0.0000000000E+00,    2.0605315854E+02
    153200,      0.676951,CP12_end,   1,    0.0000000000E+00,    2.0605315854E+02,    2.0605315854E+02,    0.0000000000E+00,    0.0000000000E+00,    0.0000000000E+00,    2.0605315854E+02
    153250,      0.676951,CP0_start,   1,    0.0000000000E+00,    2.0617218649E+02,    2.0617218649E+02,    0.0000000000E+00,    0.0000000000E+00,    0.0000000000E+00,    2.0617218649E+02
    153250,      0.676951,CP1_after_deposition,   1,    0.0000000000E+00,    2.0617218649E+02,    2.0617218649E+02,    0.0000000000E+00,    0.0000000000E+00,    0.0000000000E+00,    2.0617218649E+02
    153250,      0.676951,CP2_after_erosion,   1,    0.0000000000E+00,    2.0617218649E+02,    2.0617218649E+02,    0.0000000000E+00,    0.0000000000E+00,    0.0000000000E+00,    2.0617218649E+02
    153250,      0.676951,CP3_after_update_bottom,   1,    0.0000000000E+00,    2.0617218649E+02,    2.0617218649E+02,    0.0000000000E+00,    0.0000000000E+00,    0.0000000000E+00,    2.0617218649E+02
    153250,      0.676951,CP4_after_advection,   1,    0.0000000000E+00,    2.0617429728E+02,    2.0617429728E+02,    0.0000000000E+00,    0.0000000000E+00,    0.0000000000E+00,    2.0617429728E+02
    153250,      0.676951,CP5_after_vdif,   1,    0.0000000000E+00,    2.0617429728E+02,    2.0617429728E+02,    0.0000000000E+00,    0.0000000000E+00,    0.0000000000E+00,    2.0617429728E+02
    153250,      0.676951,CP6_after_kinetics,   1,    0.0000000000E+00,    2.0617429728E+02,    2.0617429728E+02,    0.0000000000E+00,    0.0000000000E+00,    0.0000000000E+00,    2.0617429728E+02
    153250,      0.676951,CP7_after_upper_clamp,   1,    0.0000000000E+00,    2.0617429728E+02,    2.0617429728E+02,    0.0000000000E+00,    0.0000000000E+00,    0.0000000000E+00,    2.0617429728E+02
    153250,      0.676951,CP8_after_OBC,   1,    0.0000000000E+00,    2.0617429728E+02,    2.0617429728E+02,    0.0000000000E+00,    0.0000000000E+00,    0.0000000000E+00,    2.0617429728E+02
    153250,      0.676951,CP9_after_PTsource,   1,    0.0000000000E+00,    2.0617429728E+02,    2.0617429728E+02,    0.0000000000E+00,    0.0000000000E+00,    0.0000000000E+00,    2.0617429728E+02
    153250,      0.676951,CP10_after_neg_clamp,   1,    0.0000000000E+00,    2.0617429728E+02,    2.0617429728E+02,    0.0000000000E+00,    0.0000000000E+00,    0.0000000000E+00,    2.0617429728E+02
    153250,      0.676951,CP11_after_MPI,   1,    0.0000000000E+00,    2.0617429728E+02,    2.0617429728E+02,    0.0000000000E+00,    0.0000000000E+00,    0.0000000000E+00,    2.0617429728E+02
    153250,      0.676951,CP12_end,   1,    0.0000000000E+00,    2.0617429728E+02,    2.0617429728E+02,    0.0000000000E+00,    0.0000000000E+00,    0.0000000000E+00,    2.0617429728E+02
    153300,      0.676951,CP0_start,   1,    0.0000000000E+00,    2.0629190835E+02,    2.0629190835E+02,    0.0000000000E+00,    0.0000000000E+00,    0.0000000000E+00,    2.0629190835E+02
    153300,      0.676951,CP1_after_deposition,   1,    0.0000000000E+00,    2.0629190835E+02,    2.0629190835E+02,    0.0000000000E+00,    0.0000000000E+00,    0.0000000000E+00,    2.0629190835E+02
    153300,      0.676951,CP2_after_erosion,   1,    0.0000000000E+00,    2.0629190835E+02,    2.0629190835E+02,    0.0000000000E+00,    0.0000000000E+00,    0.0000000000E+00,    2.0629190835E+02
    153300,      0.676951,CP3_after_update_bottom,   1,    0.0000000000E+00,    2.0629190835E+02,    2.0629190835E+02,    0.0000000000E+00,    0.0000000000E+00,    0.0000000000E+00,    2.0629190835E+02
    153300,      0.676951,CP4_after_advection,   1,    0.0000000000E+00,    2.0629392391E+02,    2.0629392391E+02,    0.0000000000E+00,    0.0000000000E+00,    0.0000000000E+00,    2.0629392391E+02
    153300,      0.676951,CP5_after_vdif,   1,    0.0000000000E+00,    2.0629392391E+02,    2.0629392391E+02,    0.0000000000E+00,    0.0000000000E+00,    0.0000000000E+00,    2.0629392391E+02
    153300,      0.676951,CP6_after_kinetics,   1,    0.0000000000E+00,    2.0629392391E+02,    2.0629392391E+02,    0.0000000000E+00,    0.0000000000E+00,    0.0000000000E+00,    2.0629392391E+02
    153300,      0.676951,CP7_after_upper_clamp,   1,    0.0000000000E+00,    2.0629392391E+02,    2.0629392391E+02,    0.0000000000E+00,    0.0000000000E+00,    0.0000000000E+00,    2.0629392391E+02
    153300,      0.676951,CP8_after_OBC,   1,    0.0000000000E+00,    2.0629392391E+02,    2.0629392391E+02,    0.0000000000E+00,    0.0000000000E+00,    0.0000000000E+00,    2.0629392391E+02
    153300,      0.676951,CP9_after_PTsource,   1,    0.0000000000E+00,    2.0629392391E+02,    2.0629392391E+02,    0.0000000000E+00,    0.0000000000E+00,    0.0000000000E+00,    2.0629392391E+02
    153300,      0.676951,CP10_after_neg_clamp,   1,    0.0000000000E+00,    2.0629392391E+02,    2.0629392391E+02,    0.0000000000E+00,    0.0000000000E+00,    0.0000000000E+00,    2.0629392391E+02
    153300,      0.676951,CP11_after_MPI,   1,    0.0000000000E+00,    2.0629392391E+02,    2.0629392391E+02,    0.0000000000E+00,    0.0000000000E+00,    0.0000000000E+00,    2.0629392391E+02
    153300,      0.676951,CP12_end,   1,    0.0000000000E+00,    2.0629392391E+02,    2.0629392391E+02,    0.0000000000E+00,    0.0000000000E+00,    0.0000000000E+00,    2.0629392391E+02
    153350,      0.676951,CP0_start,   1,    0.0000000000E+00,    2.0640968977E+02,    2.0640968977E+02,    0.0000000000E+00,    0.0000000000E+00,    0.0000000000E+00,    2.0640968977E+02
    153350,      0.676951,CP1_after_deposition,   1,    0.0000000000E+00,    2.0640968977E+02,    2.0640968977E+02,    0.0000000000E+00,    0.0000000000E+00,    0.0000000000E+00,    2.0640968977E+02
    153350,      0.676951,CP2_after_erosion,   1,    0.0000000000E+00,    2.0640968977E+02,    2.0640968977E+02,    0.0000000000E+00,    0.0000000000E+00,    0.0000000000E+00,    2.0640968977E+02
    153350,      0.676951,CP3_after_update_bottom,   1,    0.0000000000E+00,    2.0640968977E+02,    2.0640968977E+02,    0.0000000000E+00,    0.0000000000E+00,    0.0000000000E+00,    2.0640968977E+02
    153350,      0.676951,CP4_after_advection,   1,    0.0000000000E+00,    2.0641159646E+02,    2.0641159646E+02,    0.0000000000E+00,    0.0000000000E+00,    0.0000000000E+00,    2.0641159646E+02
    153350,      0.676951,CP5_after_vdif,   1,    0.0000000000E+00,    2.0641159646E+02,    2.0641159646E+02,    0.0000000000E+00,    0.0000000000E+00,    0.0000000000E+00,    2.0641159646E+02
    153350,      0.676951,CP6_after_kinetics,   1,    0.0000000000E+00,    2.0641159646E+02,    2.0641159646E+02,    0.0000000000E+00,    0.0000000000E+00,    0.0000000000E+00,    2.0641159646E+02
    153350,      0.676951,CP7_after_upper_clamp,   1,    0.0000000000E+00,    2.0641159646E+02,    2.0641159646E+02,    0.0000000000E+00,    0.0000000000E+00,    0.0000000000E+00,    2.0641159646E+02
    153350,      0.676951,CP8_after_OBC,   1,    0.0000000000E+00,    2.0641159646E+02,    2.0641159646E+02,    0.0000000000E+00,    0.0000000000E+00,    0.0000000000E+00,    2.0641159646E+02
    153350,      0.676951,CP9_after_PTsource,   1,    0.0000000000E+00,    2.0641159646E+02,    2.0641159646E+02,    0.0000000000E+00,    0.0000000000E+00,    0.0000000000E+00,    2.0641159646E+02
    153350,      0.676951,CP10_after_neg_clamp,   1,    0.0000000000E+00,    2.0641159646E+02,    2.0641159646E+02,    0.0000000000E+00,    0.0000000000E+00,    0.0000000000E+00,    2.0641159646E+02
    153350,      0.676951,CP11_after_MPI,   1,    0.0000000000E+00,    2.0641159646E+02,    2.0641159646E+02,    0.0000000000E+00,    0.0000000000E+00,    0.0000000000E+00,    2.0641159646E+02
    153350,      0.676951,CP12_end,   1,    0.0000000000E+00,    2.0641159646E+02,    2.0641159646E+02,    0.0000000000E+00,    0.0000000000E+00,    0.0000000000E+00,    2.0641159646E+02
    153400,      0.676951,CP0_start,   1,    0.0000000000E+00,    2.0652469293E+02,    2.0652469293E+02,    0.0000000000E+00,    0.0000000000E+00,    0.0000000000E+00,    2.0652469293E+02
    153400,      0.676951,CP1_after_deposition,   1,    0.0000000000E+00,    2.0652469293E+02,    2.0652469293E+02,    0.0000000000E+00,    0.0000000000E+00,    0.0000000000E+00,    2.0652469293E+02
    153400,      0.676951,CP2_after_erosion,   1,    0.0000000000E+00,    2.0652469293E+02,    2.0652469293E+02,    0.0000000000E+00,    0.0000000000E+00,    0.0000000000E+00,    2.0652469293E+02
    153400,      0.676951,CP3_after_update_bottom,   1,    0.0000000000E+00,    2.0652469293E+02,    2.0652469293E+02,    0.0000000000E+00,    0.0000000000E+00,    0.0000000000E+00,    2.0652469293E+02
    153400,      0.676951,CP4_after_advection,   1,    0.0000000000E+00,    2.0652646997E+02,    2.0652646997E+02,    0.0000000000E+00,    0.0000000000E+00,    0.0000000000E+00,    2.0652646997E+02
    153400,      0.676951,CP5_after_vdif,   1,    0.0000000000E+00,    2.0652646997E+02,    2.0652646997E+02,    0.0000000000E+00,    0.0000000000E+00,    0.0000000000E+00,    2.0652646997E+02
    153400,      0.676951,CP6_after_kinetics,   1,    0.0000000000E+00,    2.0652646997E+02,    2.0652646997E+02,    0.0000000000E+00,    0.0000000000E+00,    0.0000000000E+00,    2.0652646997E+02
    153400,      0.676951,CP7_after_upper_clamp,   1,    0.0000000000E+00,    2.0652646997E+02,    2.0652646997E+02,    0.0000000000E+00,    0.0000000000E+00,    0.0000000000E+00,    2.0652646997E+02
    153400,      0.676951,CP8_after_OBC,   1,    0.0000000000E+00,    2.0652646997E+02,    2.0652646997E+02,    0.0000000000E+00,    0.0000000000E+00,    0.0000000000E+00,    2.0652646997E+02
    153400,      0.676951,CP9_after_PTsource,   1,    0.0000000000E+00,    2.0652646997E+02,    2.0652646997E+02,    0.0000000000E+00,    0.0000000000E+00,    0.0000000000E+00,    2.0652646997E+02
    153400,      0.676951,CP10_after_neg_clamp,   1,    0.0000000000E+00,    2.0652646997E+02,    2.0652646997E+02,    0.0000000000E+00,    0.0000000000E+00,    0.0000000000E+00,    2.0652646997E+02
    153400,      0.676951,CP11_after_MPI,   1,    0.0000000000E+00,    2.0652646997E+02,    2.0652646997E+02,    0.0000000000E+00,    0.0000000000E+00,    0.0000000000E+00,    2.0652646997E+02
    153400,      0.676951,CP12_end,   1,    0.0000000000E+00,    2.0652646997E+02,    2.0652646997E+02,    0.0000000000E+00,    0.0000000000E+00,    0.0000000000E+00,    2.0652646997E+02
    153450,      0.676951,CP0_start,   1,    0.0000000000E+00,    2.0663593213E+02,    2.0663593213E+02,    0.0000000000E+00,    0.0000000000E+00,    0.0000000000E+00,    2.0663593213E+02
    153450,      0.676951,CP1_after_deposition,   1,    0.0000000000E+00,    2.0663593213E+02,    2.0663593213E+02,    0.0000000000E+00,    0.0000000000E+00,    0.0000000000E+00,    2.0663593213E+02
    153450,      0.676951,CP2_after_erosion,   1,    0.0000000000E+00,    2.0663593213E+02,    2.0663593213E+02,    0.0000000000E+00,    0.0000000000E+00,    0.0000000000E+00,    2.0663593213E+02
    153450,      0.676951,CP3_after_update_bottom,   1,    0.0000000000E+00,    2.0663593213E+02,    2.0663593213E+02,    0.0000000000E+00,    0.0000000000E+00,    0.0000000000E+00,    2.0663593213E+02
    153450,      0.676951,CP4_after_advection,   1,    0.0000000000E+00,    2.0663755043E+02,    2.0663755043E+02,    0.0000000000E+00,    0.0000000000E+00,    0.0000000000E+00,    2.0663755043E+02
    153450,      0.676951,CP5_after_vdif,   1,    0.0000000000E+00,    2.0663755043E+02,    2.0663755043E+02,    0.0000000000E+00,    0.0000000000E+00,    0.0000000000E+00,    2.0663755043E+02
    153450,      0.676951,CP6_after_kinetics,   1,    0.0000000000E+00,    2.0663755043E+02,    2.0663755043E+02,    0.0000000000E+00,    0.0000000000E+00,    0.0000000000E+00,    2.0663755043E+02
    153450,      0.676951,CP7_after_upper_clamp,   1,    0.0000000000E+00,    2.0663755043E+02,    2.0663755043E+02,    0.0000000000E+00,    0.0000000000E+00,    0.0000000000E+00,    2.0663755043E+02
    153450,      0.676951,CP8_after_OBC,   1,    0.0000000000E+00,    2.0663755043E+02,    2.0663755043E+02,    0.0000000000E+00,    0.0000000000E+00,    0.0000000000E+00,    2.0663755043E+02
    153450,      0.676951,CP9_after_PTsource,   1,    0.0000000000E+00,    2.0663755043E+02,    2.0663755043E+02,    0.0000000000E+00,    0.0000000000E+00,    0.0000000000E+00,    2.0663755043E+02
    153450,      0.676951,CP10_after_neg_clamp,   1,    0.0000000000E+00,    2.0663755043E+02,    2.0663755043E+02,    0.0000000000E+00,    0.0000000000E+00,    0.0000000000E+00,    2.0663755043E+02
    153450,      0.676951,CP11_after_MPI,   1,    0.0000000000E+00,    2.0663755043E+02,    2.0663755043E+02,    0.0000000000E+00,    0.0000000000E+00,    0.0000000000E+00,    2.0663755043E+02
    153450,      0.676951,CP12_end,   1,    0.0000000000E+00,    2.0663755043E+02,    2.0663755043E+02,    0.0000000000E+00,    0.0000000000E+00,    0.0000000000E+00,    2.0663755043E+02
    153500,      0.676951,CP0_start,   1,    0.0000000000E+00,    2.0674233650E+02,    2.0674233650E+02,    0.0000000000E+00,    0.0000000000E+00,    0.0000000000E+00,    2.0674233650E+02
    153500,      0.676951,CP1_after_deposition,   1,    0.0000000000E+00,    2.0674233650E+02,    2.0674233650E+02,    0.0000000000E+00,    0.0000000000E+00,    0.0000000000E+00,    2.0674233650E+02
    153500,      0.676951,CP2_after_erosion,   1,    0.0000000000E+00,    2.0674233650E+02,    2.0674233650E+02,    0.0000000000E+00,    0.0000000000E+00,    0.0000000000E+00,    2.0674233650E+02
    153500,      0.676951,CP3_after_update_bottom,   1,    0.0000000000E+00,    2.0674233650E+02,    2.0674233650E+02,    0.0000000000E+00,    0.0000000000E+00,    0.0000000000E+00,    2.0674233650E+02
    153500,      0.676951,CP4_after_advection,   1,    0.0000000000E+00,    2.0674377468E+02,    2.0674377468E+02,    0.0000000000E+00,    0.0000000000E+00,    0.0000000000E+00,    2.0674377468E+02
    153500,      0.676951,CP5_after_vdif,   1,    0.0000000000E+00,    2.0674377468E+02,    2.0674377468E+02,    0.0000000000E+00,    0.0000000000E+00,    0.0000000000E+00,    2.0674377468E+02
    153500,      0.676951,CP6_after_kinetics,   1,    0.0000000000E+00,    2.0674377468E+02,    2.0674377468E+02,    0.0000000000E+00,    0.0000000000E+00,    0.0000000000E+00,    2.0674377468E+02
    153500,      0.676951,CP7_after_upper_clamp,   1,    0.0000000000E+00,    2.0674377468E+02,    2.0674377468E+02,    0.0000000000E+00,    0.0000000000E+00,    0.0000000000E+00,    2.0674377468E+02
    153500,      0.676951,CP8_after_OBC,   1,    0.0000000000E+00,    2.0674377468E+02,    2.0674377468E+02,    0.0000000000E+00,    0.0000000000E+00,    0.0000000000E+00,    2.0674377468E+02
    153500,      0.676951,CP9_after_PTsource,   1,    0.0000000000E+00,    2.0674377468E+02,    2.0674377468E+02,    0.0000000000E+00,    0.0000000000E+00,    0.0000000000E+00,    2.0674377468E+02
    153500,      0.676951,CP10_after_neg_clamp,   1,    0.0000000000E+00,    2.0674377468E+02,    2.0674377468E+02,    0.0000000000E+00,    0.0000000000E+00,    0.0000000000E+00,    2.0674377468E+02
    153500,      0.676951,CP11_after_MPI,   1,    0.0000000000E+00,    2.0674377468E+02,    2.0674377468E+02,    0.0000000000E+00,    0.0000000000E+00,    0.0000000000E+00,    2.0674377468E+02
    153500,      0.676951,CP12_end,   1,    0.0000000000E+00,    2.0674377468E+02,    2.0674377468E+02,    0.0000000000E+00,    0.0000000000E+00,    0.0000000000E+00,    2.0674377468E+02
    153550,      0.676951,CP0_start,   1,    0.0000000000E+00,    2.0684324260E+02,    2.0684324260E+02,    0.0000000000E+00,    0.0000000000E+00,    0.0000000000E+00,    2.0684324260E+02
    153550,      0.676951,CP1_after_deposition,   1,    0.0000000000E+00,    2.0684324260E+02,    2.0684324260E+02,    0.0000000000E+00,    0.0000000000E+00,    0.0000000000E+00,    2.0684324260E+02
    153550,      0.676951,CP2_after_erosion,   1,    0.0000000000E+00,    2.0684324260E+02,    2.0684324260E+02,    0.0000000000E+00,    0.0000000000E+00,    0.0000000000E+00,    2.0684324260E+02
    153550,      0.676951,CP3_after_update_bottom,   1,    0.0000000000E+00,    2.0684324260E+02,    2.0684324260E+02,    0.0000000000E+00,    0.0000000000E+00,    0.0000000000E+00,    2.0684324260E+02
    153550,      0.676951,CP4_after_advection,   1,    0.0000000000E+00,    2.0684449589E+02,    2.0684449589E+02,    0.0000000000E+00,    0.0000000000E+00,    0.0000000000E+00,    2.0684449589E+02
    153550,      0.676951,CP5_after_vdif,   1,    0.0000000000E+00,    2.0684449589E+02,    2.0684449589E+02,    0.0000000000E+00,    0.0000000000E+00,    0.0000000000E+00,    2.0684449589E+02
    153550,      0.676951,CP6_after_kinetics,   1,    0.0000000000E+00,    2.0684449589E+02,    2.0684449589E+02,    0.0000000000E+00,    0.0000000000E+00,    0.0000000000E+00,    2.0684449589E+02
    153550,      0.676951,CP7_after_upper_clamp,   1,    0.0000000000E+00,    2.0684449589E+02,    2.0684449589E+02,    0.0000000000E+00,    0.0000000000E+00,    0.0000000000E+00,    2.0684449589E+02
    153550,      0.676951,CP8_after_OBC,   1,    0.0000000000E+00,    2.0684449589E+02,    2.0684449589E+02,    0.0000000000E+00,    0.0000000000E+00,    0.0000000000E+00,    2.0684449589E+02
    153550,      0.676951,CP9_after_PTsource,   1,    0.0000000000E+00,    2.0684449589E+02,    2.0684449589E+02,    0.0000000000E+00,    0.0000000000E+00,    0.0000000000E+00,    2.0684449589E+02
    153550,      0.676951,CP10_after_neg_clamp,   1,    0.0000000000E+00,    2.0684449589E+02,    2.0684449589E+02,    0.0000000000E+00,    0.0000000000E+00,    0.0000000000E+00,    2.0684449589E+02
    153550,      0.676951,CP11_after_MPI,   1,    0.0000000000E+00,    2.0684449589E+02,    2.0684449589E+02,    0.0000000000E+00,    0.0000000000E+00,    0.0000000000E+00,    2.0684449589E+02
    153550,      0.676951,CP12_end,   1,    0.0000000000E+00,    2.0684449589E+02,    2.0684449589E+02,    0.0000000000E+00,    0.0000000000E+00,    0.0000000000E+00,    2.0684449589E+02
    153600,      0.676951,CP0_start,   1,    0.0000000000E+00,    2.0693890884E+02,    2.0693890884E+02,    0.0000000000E+00,    0.0000000000E+00,    0.0000000000E+00,    2.0693890884E+02
    153600,      0.676951,CP1_after_deposition,   1,    0.0000000000E+00,    2.0693890884E+02,    2.0693890884E+02,    0.0000000000E+00,    0.0000000000E+00,    0.0000000000E+00,    2.0693890884E+02
    153600,      0.676951,CP2_after_erosion,   1,    0.0000000000E+00,    2.0693890884E+02,    2.0693890884E+02,    0.0000000000E+00,    0.0000000000E+00,    0.0000000000E+00,    2.0693890884E+02
    153600,      0.676951,CP3_after_update_bottom,   1,    0.0000000000E+00,    2.0693890884E+02,    2.0693890884E+02,    0.0000000000E+00,    0.0000000000E+00,    0.0000000000E+00,    2.0693890884E+02
    153600,      0.676951,CP4_after_advection,   1,    0.0000000000E+00,    2.0693998488E+02,    2.0693998488E+02,    0.0000000000E+00,    0.0000000000E+00,    0.0000000000E+00,    2.0693998488E+02
    153600,      0.676951,CP5_after_vdif,   1,    0.0000000000E+00,    2.0693998488E+02,    2.0693998488E+02,    0.0000000000E+00,    0.0000000000E+00,    0.0000000000E+00,    2.0693998488E+02
    153600,      0.676951,CP6_after_kinetics,   1,    0.0000000000E+00,    2.0693998488E+02,    2.0693998488E+02,    0.0000000000E+00,    0.0000000000E+00,    0.0000000000E+00,    2.0693998488E+02
    153600,      0.676951,CP7_after_upper_clamp,   1,    0.0000000000E+00,    2.0693998488E+02,    2.0693998488E+02,    0.0000000000E+00,    0.0000000000E+00,    0.0000000000E+00,    2.0693998488E+02
    153600,      0.676951,CP8_after_OBC,   1,    0.0000000000E+00,    2.0693998488E+02,    2.0693998488E+02,    0.0000000000E+00,    0.0000000000E+00,    0.0000000000E+00,    2.0693998488E+02
    153600,      0.676951,CP9_after_PTsource,   1,    0.0000000000E+00,    2.0693998488E+02,    2.0693998488E+02,    0.0000000000E+00,    0.0000000000E+00,    0.0000000000E+00,    2.0693998488E+02
    153600,      0.676951,CP10_after_neg_clamp,   1,    0.0000000000E+00,    2.0693998488E+02,    2.0693998488E+02,    0.0000000000E+00,    0.0000000000E+00,    0.0000000000E+00,    2.0693998488E+02
    153600,      0.676951,CP11_after_MPI,   1,    0.0000000000E+00,    2.0693998488E+02,    2.0693998488E+02,    0.0000000000E+00,    0.0000000000E+00,    0.0000000000E+00,    2.0693998488E+02
    153600,      0.676951,CP12_end,   1,    0.0000000000E+00,    2.0693998488E+02,    2.0693998488E+02,    0.0000000000E+00,    0.0000000000E+00,    0.0000000000E+00,    2.0693998488E+02
    153650,      0.676951,CP0_start,   1,    0.0000000000E+00,    2.0703038548E+02,    2.0703038548E+02,    0.0000000000E+00,    0.0000000000E+00,    0.0000000000E+00,    2.0703038548E+02
    153650,      0.676951,CP1_after_deposition,   1,    0.0000000000E+00,    2.0703038548E+02,    2.0703038548E+02,    0.0000000000E+00,    0.0000000000E+00,    0.0000000000E+00,    2.0703038548E+02
    153650,      0.676951,CP2_after_erosion,   1,    0.0000000000E+00,    2.0703038548E+02,    2.0703038548E+02,    0.0000000000E+00,    0.0000000000E+00,    0.0000000000E+00,    2.0703038548E+02
    153650,      0.676951,CP3_after_update_bottom,   1,    0.0000000000E+00,    2.0703038548E+02,    2.0703038548E+02,    0.0000000000E+00,    0.0000000000E+00,    0.0000000000E+00,    2.0703038548E+02
    153650,      0.676951,CP4_after_advection,   1,    0.0000000000E+00,    2.0703130877E+02,    2.0703130877E+02,    0.0000000000E+00,    0.0000000000E+00,    0.0000000000E+00,    2.0703130877E+02
    153650,      0.676951,CP5_after_vdif,   1,    0.0000000000E+00,    2.0703130877E+02,    2.0703130877E+02,    0.0000000000E+00,    0.0000000000E+00,    0.0000000000E+00,    2.0703130877E+02
    153650,      0.676951,CP6_after_kinetics,   1,    0.0000000000E+00,    2.0703130877E+02,    2.0703130877E+02,    0.0000000000E+00,    0.0000000000E+00,    0.0000000000E+00,    2.0703130877E+02
    153650,      0.676951,CP7_after_upper_clamp,   1,    0.0000000000E+00,    2.0703130877E+02,    2.0703130877E+02,    0.0000000000E+00,    0.0000000000E+00,    0.0000000000E+00,    2.0703130877E+02
    153650,      0.676951,CP8_after_OBC,   1,    0.0000000000E+00,    2.0703130877E+02,    2.0703130877E+02,    0.0000000000E+00,    0.0000000000E+00,    0.0000000000E+00,    2.0703130877E+02
    153650,      0.676951,CP9_after_PTsource,   1,    0.0000000000E+00,    2.0703130877E+02,    2.0703130877E+02,    0.0000000000E+00,    0.0000000000E+00,    0.0000000000E+00,    2.0703130877E+02
    153650,      0.676951,CP10_after_neg_clamp,   1,    0.0000000000E+00,    2.0703130877E+02,    2.0703130877E+02,    0.0000000000E+00,    0.0000000000E+00,    0.0000000000E+00,    2.0703130877E+02
    153650,      0.676951,CP11_after_MPI,   1,    0.0000000000E+00,    2.0703130877E+02,    2.0703130877E+02,    0.0000000000E+00,    0.0000000000E+00,    0.0000000000E+00,    2.0703130877E+02
    153650,      0.676951,CP12_end,   1,    0.0000000000E+00,    2.0703130877E+02,    2.0703130877E+02,    0.0000000000E+00,    0.0000000000E+00,    0.0000000000E+00,    2.0703130877E+02
    153700,      0.676951,CP0_start,   1,    0.0000000000E+00,    2.0711946514E+02,    2.0711946514E+02,    0.0000000000E+00,    0.0000000000E+00,    0.0000000000E+00,    2.0711946514E+02
    153700,      0.676951,CP1_after_deposition,   1,    0.0000000000E+00,    2.0711946514E+02,    2.0711946514E+02,    0.0000000000E+00,    0.0000000000E+00,    0.0000000000E+00,    2.0711946514E+02
    153700,      0.676951,CP2_after_erosion,   1,    0.0000000000E+00,    2.0711946514E+02,    2.0711946514E+02,    0.0000000000E+00,    0.0000000000E+00,    0.0000000000E+00,    2.0711946514E+02
    153700,      0.676951,CP3_after_update_bottom,   1,    0.0000000000E+00,    2.0711946514E+02,    2.0711946514E+02,    0.0000000000E+00,    0.0000000000E+00,    0.0000000000E+00,    2.0711946514E+02
    153700,      0.676951,CP4_after_advection,   1,    0.0000000000E+00,    2.0712027159E+02,    2.0712027159E+02,    0.0000000000E+00,    0.0000000000E+00,    0.0000000000E+00,    2.0712027159E+02
    153700,      0.676951,CP5_after_vdif,   1,    0.0000000000E+00,    2.0712027159E+02,    2.0712027159E+02,    0.0000000000E+00,    0.0000000000E+00,    0.0000000000E+00,    2.0712027159E+02
    153700,      0.676951,CP6_after_kinetics,   1,    0.0000000000E+00,    2.0712027159E+02,    2.0712027159E+02,    0.0000000000E+00,    0.0000000000E+00,    0.0000000000E+00,    2.0712027159E+02
    153700,      0.676951,CP7_after_upper_clamp,   1,    0.0000000000E+00,    2.0712027159E+02,    2.0712027159E+02,    0.0000000000E+00,    0.0000000000E+00,    0.0000000000E+00,    2.0712027159E+02
    153700,      0.676951,CP8_after_OBC,   1,    0.0000000000E+00,    2.0712027159E+02,    2.0712027159E+02,    0.0000000000E+00,    0.0000000000E+00,    0.0000000000E+00,    2.0712027159E+02
    153700,      0.676951,CP9_after_PTsource,   1,    0.0000000000E+00,    2.0712027159E+02,    2.0712027159E+02,    0.0000000000E+00,    0.0000000000E+00,    0.0000000000E+00,    2.0712027159E+02
    153700,      0.676951,CP10_after_neg_clamp,   1,    0.0000000000E+00,    2.0712027159E+02,    2.0712027159E+02,    0.0000000000E+00,    0.0000000000E+00,    0.0000000000E+00,    2.0712027159E+02
    153700,      0.676951,CP11_after_MPI,   1,    0.0000000000E+00,    2.0712027159E+02,    2.0712027159E+02,    0.0000000000E+00,    0.0000000000E+00,    0.0000000000E+00,    2.0712027159E+02
    153700,      0.676951,CP12_end,   1,    0.0000000000E+00,    2.0712027159E+02,    2.0712027159E+02,    0.0000000000E+00,    0.0000000000E+00,    0.0000000000E+00,    2.0712027159E+02
    153750,      0.676951,CP0_start,   1,    0.0000000000E+00,    2.0720816944E+02,    2.0720816944E+02,    0.0000000000E+00,    0.0000000000E+00,    0.0000000000E+00,    2.0720816944E+02
    153750,      0.676951,CP1_after_deposition,   1,    0.0000000000E+00,    2.0720816944E+02,    2.0720816944E+02,    0.0000000000E+00,    0.0000000000E+00,    0.0000000000E+00,    2.0720816944E+02
    153750,      0.676951,CP2_after_erosion,   1,    0.0000000000E+00,    2.0720816944E+02,    2.0720816944E+02,    0.0000000000E+00,    0.0000000000E+00,    0.0000000000E+00,    2.0720816944E+02
    153750,      0.676951,CP3_after_update_bottom,   1,    0.0000000000E+00,    2.0720816944E+02,    2.0720816944E+02,    0.0000000000E+00,    0.0000000000E+00,    0.0000000000E+00,    2.0720816944E+02
    153750,      0.676951,CP4_after_advection,   1,    0.0000000000E+00,    2.0720889182E+02,    2.0720889182E+02,    0.0000000000E+00,    0.0000000000E+00,    0.0000000000E+00,    2.0720889182E+02
    153750,      0.676951,CP5_after_vdif,   1,    0.0000000000E+00,    2.0720889182E+02,    2.0720889182E+02,    0.0000000000E+00,    0.0000000000E+00,    0.0000000000E+00,    2.0720889182E+02
    153750,      0.676951,CP6_after_kinetics,   1,    0.0000000000E+00,    2.0720889182E+02,    2.0720889182E+02,    0.0000000000E+00,    0.0000000000E+00,    0.0000000000E+00,    2.0720889182E+02
    153750,      0.676951,CP7_after_upper_clamp,   1,    0.0000000000E+00,    2.0720889182E+02,    2.0720889182E+02,    0.0000000000E+00,    0.0000000000E+00,    0.0000000000E+00,    2.0720889182E+02
    153750,      0.676951,CP8_after_OBC,   1,    0.0000000000E+00,    2.0720889182E+02,    2.0720889182E+02,    0.0000000000E+00,    0.0000000000E+00,    0.0000000000E+00,    2.0720889182E+02
    153750,      0.676951,CP9_after_PTsource,   1,    0.0000000000E+00,    2.0720889182E+02,    2.0720889182E+02,    0.0000000000E+00,    0.0000000000E+00,    0.0000000000E+00,    2.0720889182E+02
    153750,      0.676951,CP10_after_neg_clamp,   1,    0.0000000000E+00,    2.0720889182E+02,    2.0720889182E+02,    0.0000000000E+00,    0.0000000000E+00,    0.0000000000E+00,    2.0720889182E+02
    153750,      0.676951,CP11_after_MPI,   1,    0.0000000000E+00,    2.0720889182E+02,    2.0720889182E+02,    0.0000000000E+00,    0.0000000000E+00,    0.0000000000E+00,    2.0720889182E+02
    153750,      0.676951,CP12_end,   1,    0.0000000000E+00,    2.0720889182E+02,    2.0720889182E+02,    0.0000000000E+00,    0.0000000000E+00,    0.0000000000E+00,    2.0720889182E+02
    153800,      0.676951,CP0_start,   1,    0.0000000000E+00,    2.0729859929E+02,    2.0729859929E+02,    0.0000000000E+00,    0.0000000000E+00,    0.0000000000E+00,    2.0729859929E+02
    153800,      0.676951,CP1_after_deposition,   1,    0.0000000000E+00,    2.0729859929E+02,    2.0729859929E+02,    0.0000000000E+00,    0.0000000000E+00,    0.0000000000E+00,    2.0729859929E+02
    153800,      0.676951,CP2_after_erosion,   1,    0.0000000000E+00,    2.0729859929E+02,    2.0729859929E+02,    0.0000000000E+00,    0.0000000000E+00,    0.0000000000E+00,    2.0729859929E+02
    153800,      0.676951,CP3_after_update_bottom,   1,    0.0000000000E+00,    2.0729859929E+02,    2.0729859929E+02,    0.0000000000E+00,    0.0000000000E+00,    0.0000000000E+00,    2.0729859929E+02
    153800,      0.676951,CP4_after_advection,   1,    0.0000000000E+00,    2.0729926854E+02,    2.0729926854E+02,    0.0000000000E+00,    0.0000000000E+00,    0.0000000000E+00,    2.0729926854E+02
    153800,      0.676951,CP5_after_vdif,   1,    0.0000000000E+00,    2.0729926854E+02,    2.0729926854E+02,    0.0000000000E+00,    0.0000000000E+00,    0.0000000000E+00,    2.0729926854E+02
    153800,      0.676951,CP6_after_kinetics,   1,    0.0000000000E+00,    2.0729926854E+02,    2.0729926854E+02,    0.0000000000E+00,    0.0000000000E+00,    0.0000000000E+00,    2.0729926854E+02
    153800,      0.676951,CP7_after_upper_clamp,   1,    0.0000000000E+00,    2.0729926854E+02,    2.0729926854E+02,    0.0000000000E+00,    0.0000000000E+00,    0.0000000000E+00,    2.0729926854E+02
    153800,      0.676951,CP8_after_OBC,   1,    0.0000000000E+00,    2.0729926854E+02,    2.0729926854E+02,    0.0000000000E+00,    0.0000000000E+00,    0.0000000000E+00,    2.0729926854E+02
    153800,      0.676951,CP9_after_PTsource,   1,    0.0000000000E+00,    2.0729926854E+02,    2.0729926854E+02,    0.0000000000E+00,    0.0000000000E+00,    0.0000000000E+00,    2.0729926854E+02
    153800,      0.676951,CP10_after_neg_clamp,   1,    0.0000000000E+00,    2.0729926854E+02,    2.0729926854E+02,    0.0000000000E+00,    0.0000000000E+00,    0.0000000000E+00,    2.0729926854E+02
    153800,      0.676951,CP11_after_MPI,   1,    0.0000000000E+00,    2.0729926854E+02,    2.0729926854E+02,    0.0000000000E+00,    0.0000000000E+00,    0.0000000000E+00,    2.0729926854E+02
    153800,      0.676951,CP12_end,   1,    0.0000000000E+00,    2.0729926854E+02,    2.0729926854E+02,    0.0000000000E+00,    0.0000000000E+00,    0.0000000000E+00,    2.0729926854E+02
    153850,      0.676951,CP0_start,   1,    0.0000000000E+00,    2.0739250058E+02,    2.0739250058E+02,    0.0000000000E+00,    0.0000000000E+00,    0.0000000000E+00,    2.0739250058E+02
    153850,      0.676951,CP1_after_deposition,   1,    0.0000000000E+00,    2.0739250058E+02,    2.0739250058E+02,    0.0000000000E+00,    0.0000000000E+00,    0.0000000000E+00,    2.0739250058E+02
    153850,      0.676951,CP2_after_erosion,   1,    0.0000000000E+00,    2.0739250058E+02,    2.0739250058E+02,    0.0000000000E+00,    0.0000000000E+00,    0.0000000000E+00,    2.0739250058E+02
    153850,      0.676951,CP3_after_update_bottom,   1,    0.0000000000E+00,    2.0739250058E+02,    2.0739250058E+02,    0.0000000000E+00,    0.0000000000E+00,    0.0000000000E+00,    2.0739250058E+02
    153850,      0.676951,CP4_after_advection,   1,    0.0000000000E+00,    2.0739313723E+02,    2.0739313723E+02,    0.0000000000E+00,    0.0000000000E+00,    0.0000000000E+00,    2.0739313723E+02
    153850,      0.676951,CP5_after_vdif,   1,    0.0000000000E+00,    2.0739313723E+02,    2.0739313723E+02,    0.0000000000E+00,    0.0000000000E+00,    0.0000000000E+00,    2.0739313723E+02
    153850,      0.676951,CP6_after_kinetics,   1,    0.0000000000E+00,    2.0739313723E+02,    2.0739313723E+02,    0.0000000000E+00,    0.0000000000E+00,    0.0000000000E+00,    2.0739313723E+02
    153850,      0.676951,CP7_after_upper_clamp,   1,    0.0000000000E+00,    2.0739313723E+02,    2.0739313723E+02,    0.0000000000E+00,    0.0000000000E+00,    0.0000000000E+00,    2.0739313723E+02
    153850,      0.676951,CP8_after_OBC,   1,    0.0000000000E+00,    2.0739313723E+02,    2.0739313723E+02,    0.0000000000E+00,    0.0000000000E+00,    0.0000000000E+00,    2.0739313723E+02
    153850,      0.676951,CP9_after_PTsource,   1,    0.0000000000E+00,    2.0739313723E+02,    2.0739313723E+02,    0.0000000000E+00,    0.0000000000E+00,    0.0000000000E+00,    2.0739313723E+02
    153850,      0.676951,CP10_after_neg_clamp,   1,    0.0000000000E+00,    2.0739313723E+02,    2.0739313723E+02,    0.0000000000E+00,    0.0000000000E+00,    0.0000000000E+00,    2.0739313723E+02
    153850,      0.676951,CP11_after_MPI,   1,    0.0000000000E+00,    2.0739313723E+02,    2.0739313723E+02,    0.0000000000E+00,    0.0000000000E+00,    0.0000000000E+00,    2.0739313723E+02
    153850,      0.676951,CP12_end,   1,    0.0000000000E+00,    2.0739313723E+02,    2.0739313723E+02,    0.0000000000E+00,    0.0000000000E+00,    0.0000000000E+00,    2.0739313723E+02
    153900,      0.676951,CP0_start,   1,    0.0000000000E+00,    2.0749123807E+02,    2.0749123807E+02,    0.0000000000E+00,    0.0000000000E+00,    0.0000000000E+00,    2.0749123807E+02
    153900,      0.676951,CP1_after_deposition,   1,    0.0000000000E+00,    2.0749123807E+02,    2.0749123807E+02,    0.0000000000E+00,    0.0000000000E+00,    0.0000000000E+00,    2.0749123807E+02
    153900,      0.676951,CP2_after_erosion,   1,    0.0000000000E+00,    2.0749123807E+02,    2.0749123807E+02,    0.0000000000E+00,    0.0000000000E+00,    0.0000000000E+00,    2.0749123807E+02
    153900,      0.676951,CP3_after_update_bottom,   1,    0.0000000000E+00,    2.0749123807E+02,    2.0749123807E+02,    0.0000000000E+00,    0.0000000000E+00,    0.0000000000E+00,    2.0749123807E+02
    153900,      0.676951,CP4_after_advection,   1,    0.0000000000E+00,    2.0749185230E+02,    2.0749185230E+02,    0.0000000000E+00,    0.0000000000E+00,    0.0000000000E+00,    2.0749185230E+02
    153900,      0.676951,CP5_after_vdif,   1,    0.0000000000E+00,    2.0749185230E+02,    2.0749185230E+02,    0.0000000000E+00,    0.0000000000E+00,    0.0000000000E+00,    2.0749185230E+02
    153900,      0.676951,CP6_after_kinetics,   1,    0.0000000000E+00,    2.0749185230E+02,    2.0749185230E+02,    0.0000000000E+00,    0.0000000000E+00,    0.0000000000E+00,    2.0749185230E+02
    153900,      0.676951,CP7_after_upper_clamp,   1,    0.0000000000E+00,    2.0749185230E+02,    2.0749185230E+02,    0.0000000000E+00,    0.0000000000E+00,    0.0000000000E+00,    2.0749185230E+02
    153900,      0.676951,CP8_after_OBC,   1,    0.0000000000E+00,    2.0749185230E+02,    2.0749185230E+02,    0.0000000000E+00,    0.0000000000E+00,    0.0000000000E+00,    2.0749185230E+02
    153900,      0.676951,CP9_after_PTsource,   1,    0.0000000000E+00,    2.0749185230E+02,    2.0749185230E+02,    0.0000000000E+00,    0.0000000000E+00,    0.0000000000E+00,    2.0749185230E+02
    153900,      0.676951,CP10_after_neg_clamp,   1,    0.0000000000E+00,    2.0749185230E+02,    2.0749185230E+02,    0.0000000000E+00,    0.0000000000E+00,    0.0000000000E+00,    2.0749185230E+02
    153900,      0.676951,CP11_after_MPI,   1,    0.0000000000E+00,    2.0749185230E+02,    2.0749185230E+02,    0.0000000000E+00,    0.0000000000E+00,    0.0000000000E+00,    2.0749185230E+02
    153900,      0.676951,CP12_end,   1,    0.0000000000E+00,    2.0749185230E+02,    2.0749185230E+02,    0.0000000000E+00,    0.0000000000E+00,    0.0000000000E+00,    2.0749185230E+02
    153950,      0.676951,CP0_start,   1,    0.0000000000E+00,    2.0759526709E+02,    2.0759526709E+02,    0.0000000000E+00,    0.0000000000E+00,    0.0000000000E+00,    2.0759526709E+02
    153950,      0.676951,CP1_after_deposition,   1,    0.0000000000E+00,    2.0759526709E+02,    2.0759526709E+02,    0.0000000000E+00,    0.0000000000E+00,    0.0000000000E+00,    2.0759526709E+02
    153950,      0.676951,CP2_after_erosion,   1,    0.0000000000E+00,    2.0759526709E+02,    2.0759526709E+02,    0.0000000000E+00,    0.0000000000E+00,    0.0000000000E+00,    2.0759526709E+02
    153950,      0.676951,CP3_after_update_bottom,   1,    0.0000000000E+00,    2.0759526709E+02,    2.0759526709E+02,    0.0000000000E+00,    0.0000000000E+00,    0.0000000000E+00,    2.0759526709E+02
    153950,      0.676951,CP4_after_advection,   1,    0.0000000000E+00,    2.0759585250E+02,    2.0759585250E+02,    0.0000000000E+00,    0.0000000000E+00,    0.0000000000E+00,    2.0759585250E+02
    153950,      0.676951,CP5_after_vdif,   1,    0.0000000000E+00,    2.0759585250E+02,    2.0759585250E+02,    0.0000000000E+00,    0.0000000000E+00,    0.0000000000E+00,    2.0759585250E+02
    153950,      0.676951,CP6_after_kinetics,   1,    0.0000000000E+00,    2.0759585250E+02,    2.0759585250E+02,    0.0000000000E+00,    0.0000000000E+00,    0.0000000000E+00,    2.0759585250E+02
    153950,      0.676951,CP7_after_upper_clamp,   1,    0.0000000000E+00,    2.0759585250E+02,    2.0759585250E+02,    0.0000000000E+00,    0.0000000000E+00,    0.0000000000E+00,    2.0759585250E+02
    153950,      0.676951,CP8_after_OBC,   1,    0.0000000000E+00,    2.0759585250E+02,    2.0759585250E+02,    0.0000000000E+00,    0.0000000000E+00,    0.0000000000E+00,    2.0759585250E+02
    153950,      0.676951,CP9_after_PTsource,   1,    0.0000000000E+00,    2.0759585250E+02,    2.0759585250E+02,    0.0000000000E+00,    0.0000000000E+00,    0.0000000000E+00,    2.0759585250E+02
    153950,      0.676951,CP10_after_neg_clamp,   1,    0.0000000000E+00,    2.0759585250E+02,    2.0759585250E+02,    0.0000000000E+00,    0.0000000000E+00,    0.0000000000E+00,    2.0759585250E+02
    153950,      0.676951,CP11_after_MPI,   1,    0.0000000000E+00,    2.0759585250E+02,    2.0759585250E+02,    0.0000000000E+00,    0.0000000000E+00,    0.0000000000E+00,    2.0759585250E+02
    153950,      0.676951,CP12_end,   1,    0.0000000000E+00,    2.0759585250E+02,    2.0759585250E+02,    0.0000000000E+00,    0.0000000000E+00,    0.0000000000E+00,    2.0759585250E+02
    154000,      0.676951,CP0_start,   1,    0.0000000000E+00,    2.0770425618E+02,    2.0770425618E+02,    0.0000000000E+00,    0.0000000000E+00,    0.0000000000E+00,    2.0770425618E+02
    154000,      0.676951,CP1_after_deposition,   1,    0.0000000000E+00,    2.0770425618E+02,    2.0770425618E+02,    0.0000000000E+00,    0.0000000000E+00,    0.0000000000E+00,    2.0770425618E+02
    154000,      0.676951,CP2_after_erosion,   1,    0.0000000000E+00,    2.0770425618E+02,    2.0770425618E+02,    0.0000000000E+00,    0.0000000000E+00,    0.0000000000E+00,    2.0770425618E+02
    154000,      0.676951,CP3_after_update_bottom,   1,    0.0000000000E+00,    2.0770425618E+02,    2.0770425618E+02,    0.0000000000E+00,    0.0000000000E+00,    0.0000000000E+00,    2.0770425618E+02
    154000,      0.676951,CP4_after_advection,   1,    0.0000000000E+00,    2.0770477350E+02,    2.0770477350E+02,    0.0000000000E+00,    0.0000000000E+00,    0.0000000000E+00,    2.0770477350E+02
    154000,      0.676951,CP5_after_vdif,   1,    0.0000000000E+00,    2.0770477350E+02,    2.0770477350E+02,    0.0000000000E+00,    0.0000000000E+00,    0.0000000000E+00,    2.0770477350E+02
    154000,      0.676951,CP6_after_kinetics,   1,    0.0000000000E+00,    2.0770477350E+02,    2.0770477350E+02,    0.0000000000E+00,    0.0000000000E+00,    0.0000000000E+00,    2.0770477350E+02
    154000,      0.676951,CP7_after_upper_clamp,   1,    0.0000000000E+00,    2.0770477350E+02,    2.0770477350E+02,    0.0000000000E+00,    0.0000000000E+00,    0.0000000000E+00,    2.0770477350E+02
    154000,      0.676951,CP8_after_OBC,   1,    0.0000000000E+00,    2.0770477350E+02,    2.0770477350E+02,    0.0000000000E+00,    0.0000000000E+00,    0.0000000000E+00,    2.0770477350E+02
    154000,      0.676951,CP9_after_PTsource,   1,    0.0000000000E+00,    2.0770477350E+02,    2.0770477350E+02,    0.0000000000E+00,    0.0000000000E+00,    0.0000000000E+00,    2.0770477350E+02
    154000,      0.676951,CP10_after_neg_clamp,   1,    0.0000000000E+00,    2.0770477350E+02,    2.0770477350E+02,    0.0000000000E+00,    0.0000000000E+00,    0.0000000000E+00,    2.0770477350E+02
    154000,      0.676951,CP11_after_MPI,   1,    0.0000000000E+00,    2.0770477350E+02,    2.0770477350E+02,    0.0000000000E+00,    0.0000000000E+00,    0.0000000000E+00,    2.0770477350E+02
    154000,      0.676951,CP12_end,   1,    0.0000000000E+00,    2.0770477350E+02,    2.0770477350E+02,    0.0000000000E+00,    0.0000000000E+00,    0.0000000000E+00,    2.0770477350E+02
    154050,      0.676951,CP0_start,   1,    0.0000000000E+00,    2.0781663027E+02,    2.0781663027E+02,    0.0000000000E+00,    0.0000000000E+00,    0.0000000000E+00,    2.0781663027E+02
    154050,      0.676951,CP1_after_deposition,   1,    0.0000000000E+00,    2.0781663027E+02,    2.0781663027E+02,    0.0000000000E+00,    0.0000000000E+00,    0.0000000000E+00,    2.0781663027E+02
    154050,      0.676951,CP2_after_erosion,   1,    0.0000000000E+00,    2.0781663027E+02,    2.0781663027E+02,    0.0000000000E+00,    0.0000000000E+00,    0.0000000000E+00,    2.0781663027E+02
    154050,      0.676951,CP3_after_update_bottom,   1,    0.0000000000E+00,    2.0781663027E+02,    2.0781663027E+02,    0.0000000000E+00,    0.0000000000E+00,    0.0000000000E+00,    2.0781663027E+02
    154050,      0.676951,CP4_after_advection,   1,    0.0000000000E+00,    2.0781703866E+02,    2.0781703866E+02,    0.0000000000E+00,    0.0000000000E+00,    0.0000000000E+00,    2.0781703866E+02
    154050,      0.676951,CP5_after_vdif,   1,    0.0000000000E+00,    2.0781703866E+02,    2.0781703866E+02,    0.0000000000E+00,    0.0000000000E+00,    0.0000000000E+00,    2.0781703866E+02
    154050,      0.676951,CP6_after_kinetics,   1,    0.0000000000E+00,    2.0781703866E+02,    2.0781703866E+02,    0.0000000000E+00,    0.0000000000E+00,    0.0000000000E+00,    2.0781703866E+02
    154050,      0.676951,CP7_after_upper_clamp,   1,    0.0000000000E+00,    2.0781703866E+02,    2.0781703866E+02,    0.0000000000E+00,    0.0000000000E+00,    0.0000000000E+00,    2.0781703866E+02
    154050,      0.676951,CP8_after_OBC,   1,    0.0000000000E+00,    2.0781703866E+02,    2.0781703866E+02,    0.0000000000E+00,    0.0000000000E+00,    0.0000000000E+00,    2.0781703866E+02
    154050,      0.676951,CP9_after_PTsource,   1,    0.0000000000E+00,    2.0781703866E+02,    2.0781703866E+02,    0.0000000000E+00,    0.0000000000E+00,    0.0000000000E+00,    2.0781703866E+02
    154050,      0.676951,CP10_after_neg_clamp,   1,    0.0000000000E+00,    2.0781703866E+02,    2.0781703866E+02,    0.0000000000E+00,    0.0000000000E+00,    0.0000000000E+00,    2.0781703866E+02
    154050,      0.676951,CP11_after_MPI,   1,    0.0000000000E+00,    2.0781703866E+02,    2.0781703866E+02,    0.0000000000E+00,    0.0000000000E+00,    0.0000000000E+00,    2.0781703866E+02
    154050,      0.676951,CP12_end,   1,    0.0000000000E+00,    2.0781703866E+02,    2.0781703866E+02,    0.0000000000E+00,    0.0000000000E+00,    0.0000000000E+00,    2.0781703866E+02
    154100,      0.676951,CP0_start,   1,    0.0000000000E+00,    2.0793128615E+02,    2.0793128615E+02,    0.0000000000E+00,    0.0000000000E+00,    0.0000000000E+00,    2.0793128615E+02
    154100,      0.676951,CP1_after_deposition,   1,    0.0000000000E+00,    2.0793128615E+02,    2.0793128615E+02,    0.0000000000E+00,    0.0000000000E+00,    0.0000000000E+00,    2.0793128615E+02
    154100,      0.676951,CP2_after_erosion,   1,    0.0000000000E+00,    2.0793128615E+02,    2.0793128615E+02,    0.0000000000E+00,    0.0000000000E+00,    0.0000000000E+00,    2.0793128615E+02
    154100,      0.676951,CP3_after_update_bottom,   1,    0.0000000000E+00,    2.0793128615E+02,    2.0793128615E+02,    0.0000000000E+00,    0.0000000000E+00,    0.0000000000E+00,    2.0793128615E+02
    154100,      0.676951,CP4_after_advection,   1,    0.0000000000E+00,    2.0793156156E+02,    2.0793156156E+02,    0.0000000000E+00,    0.0000000000E+00,    0.0000000000E+00,    2.0793156156E+02
    154100,      0.676951,CP5_after_vdif,   1,    0.0000000000E+00,    2.0793156156E+02,    2.0793156156E+02,    0.0000000000E+00,    0.0000000000E+00,    0.0000000000E+00,    2.0793156156E+02
    154100,      0.676951,CP6_after_kinetics,   1,    0.0000000000E+00,    2.0793156156E+02,    2.0793156156E+02,    0.0000000000E+00,    0.0000000000E+00,    0.0000000000E+00,    2.0793156156E+02
    154100,      0.676951,CP7_after_upper_clamp,   1,    0.0000000000E+00,    2.0793156156E+02,    2.0793156156E+02,    0.0000000000E+00,    0.0000000000E+00,    0.0000000000E+00,    2.0793156156E+02
    154100,      0.676951,CP8_after_OBC,   1,    0.0000000000E+00,    2.0793156156E+02,    2.0793156156E+02,    0.0000000000E+00,    0.0000000000E+00,    0.0000000000E+00,    2.0793156156E+02
    154100,      0.676951,CP9_after_PTsource,   1,    0.0000000000E+00,    2.0793156156E+02,    2.0793156156E+02,    0.0000000000E+00,    0.0000000000E+00,    0.0000000000E+00,    2.0793156156E+02
    154100,      0.676951,CP10_after_neg_clamp,   1,    0.0000000000E+00,    2.0793156156E+02,    2.0793156156E+02,    0.0000000000E+00,    0.0000000000E+00,    0.0000000000E+00,    2.0793156156E+02
    154100,      0.676951,CP11_after_MPI,   1,    0.0000000000E+00,    2.0793156156E+02,    2.0793156156E+02,    0.0000000000E+00,    0.0000000000E+00,    0.0000000000E+00,    2.0793156156E+02
    154100,      0.676951,CP12_end,   1,    0.0000000000E+00,    2.0793156156E+02,    2.0793156156E+02,    0.0000000000E+00,    0.0000000000E+00,    0.0000000000E+00,    2.0793156156E+02
    154150,      0.676951,CP0_start,   1,    0.0000000000E+00,    2.0804862777E+02,    2.0804862777E+02,    0.0000000000E+00,    0.0000000000E+00,    0.0000000000E+00,    2.0804862777E+02
    154150,      0.676951,CP1_after_deposition,   1,    0.0000000000E+00,    2.0804862777E+02,    2.0804862777E+02,    0.0000000000E+00,    0.0000000000E+00,    0.0000000000E+00,    2.0804862777E+02
    154150,      0.676951,CP2_after_erosion,   1,    0.0000000000E+00,    2.0804862777E+02,    2.0804862777E+02,    0.0000000000E+00,    0.0000000000E+00,    0.0000000000E+00,    2.0804862777E+02
    154150,      0.676951,CP3_after_update_bottom,   1,    0.0000000000E+00,    2.0804862777E+02,    2.0804862777E+02,    0.0000000000E+00,    0.0000000000E+00,    0.0000000000E+00,    2.0804862777E+02
    154150,      0.676951,CP4_after_advection,   1,    0.0000000000E+00,    2.0804878405E+02,    2.0804878405E+02,    0.0000000000E+00,    0.0000000000E+00,    0.0000000000E+00,    2.0804878405E+02
    154150,      0.676951,CP5_after_vdif,   1,    0.0000000000E+00,    2.0804878405E+02,    2.0804878405E+02,    0.0000000000E+00,    0.0000000000E+00,    0.0000000000E+00,    2.0804878405E+02
    154150,      0.676951,CP6_after_kinetics,   1,    0.0000000000E+00,    2.0804878405E+02,    2.0804878405E+02,    0.0000000000E+00,    0.0000000000E+00,    0.0000000000E+00,    2.0804878405E+02
    154150,      0.676951,CP7_after_upper_clamp,   1,    0.0000000000E+00,    2.0804878405E+02,    2.0804878405E+02,    0.0000000000E+00,    0.0000000000E+00,    0.0000000000E+00,    2.0804878405E+02
    154150,      0.676951,CP8_after_OBC,   1,    0.0000000000E+00,    2.0804878405E+02,    2.0804878405E+02,    0.0000000000E+00,    0.0000000000E+00,    0.0000000000E+00,    2.0804878405E+02
    154150,      0.676951,CP9_after_PTsource,   1,    0.0000000000E+00,    2.0804878405E+02,    2.0804878405E+02,    0.0000000000E+00,    0.0000000000E+00,    0.0000000000E+00,    2.0804878405E+02
    154150,      0.676951,CP10_after_neg_clamp,   1,    0.0000000000E+00,    2.0804878405E+02,    2.0804878405E+02,    0.0000000000E+00,    0.0000000000E+00,    0.0000000000E+00,    2.0804878405E+02
    154150,      0.676951,CP11_after_MPI,   1,    0.0000000000E+00,    2.0804878405E+02,    2.0804878405E+02,    0.0000000000E+00,    0.0000000000E+00,    0.0000000000E+00,    2.0804878405E+02
    154150,      0.676951,CP12_end,   1,    0.0000000000E+00,    2.0804878405E+02,    2.0804878405E+02,    0.0000000000E+00,    0.0000000000E+00,    0.0000000000E+00,    2.0804878405E+02
    154200,      0.676951,CP0_start,   1,    0.0000000000E+00,    2.0817001900E+02,    2.0817001900E+02,    0.0000000000E+00,    0.0000000000E+00,    0.0000000000E+00,    2.0817001900E+02
    154200,      0.676951,CP1_after_deposition,   1,    0.0000000000E+00,    2.0817001900E+02,    2.0817001900E+02,    0.0000000000E+00,    0.0000000000E+00,    0.0000000000E+00,    2.0817001900E+02
    154200,      0.676951,CP2_after_erosion,   1,    0.0000000000E+00,    2.0817001900E+02,    2.0817001900E+02,    0.0000000000E+00,    0.0000000000E+00,    0.0000000000E+00,    2.0817001900E+02
    154200,      0.676951,CP3_after_update_bottom,   1,    0.0000000000E+00,    2.0817001900E+02,    2.0817001900E+02,    0.0000000000E+00,    0.0000000000E+00,    0.0000000000E+00,    2.0817001900E+02
    154200,      0.676951,CP4_after_advection,   1,    0.0000000000E+00,    2.0817005846E+02,    2.0817005846E+02,    0.0000000000E+00,    0.0000000000E+00,    0.0000000000E+00,    2.0817005846E+02
    154200,      0.676951,CP5_after_vdif,   1,    0.0000000000E+00,    2.0817005846E+02,    2.0817005846E+02,    0.0000000000E+00,    0.0000000000E+00,    0.0000000000E+00,    2.0817005846E+02
    154200,      0.676951,CP6_after_kinetics,   1,    0.0000000000E+00,    2.0817005846E+02,    2.0817005846E+02,    0.0000000000E+00,    0.0000000000E+00,    0.0000000000E+00,    2.0817005846E+02
    154200,      0.676951,CP7_after_upper_clamp,   1,    0.0000000000E+00,    2.0817005846E+02,    2.0817005846E+02,    0.0000000000E+00,    0.0000000000E+00,    0.0000000000E+00,    2.0817005846E+02
    154200,      0.676951,CP8_after_OBC,   1,    0.0000000000E+00,    2.0817005846E+02,    2.0817005846E+02,    0.0000000000E+00,    0.0000000000E+00,    0.0000000000E+00,    2.0817005846E+02
    154200,      0.676951,CP9_after_PTsource,   1,    0.0000000000E+00,    2.0817005846E+02,    2.0817005846E+02,    0.0000000000E+00,    0.0000000000E+00,    0.0000000000E+00,    2.0817005846E+02
    154200,      0.676951,CP10_after_neg_clamp,   1,    0.0000000000E+00,    2.0817005846E+02,    2.0817005846E+02,    0.0000000000E+00,    0.0000000000E+00,    0.0000000000E+00,    2.0817005846E+02
    154200,      0.676951,CP11_after_MPI,   1,    0.0000000000E+00,    2.0817005846E+02,    2.0817005846E+02,    0.0000000000E+00,    0.0000000000E+00,    0.0000000000E+00,    2.0817005846E+02
    154200,      0.676951,CP12_end,   1,    0.0000000000E+00,    2.0817005846E+02,    2.0817005846E+02,    0.0000000000E+00,    0.0000000000E+00,    0.0000000000E+00,    2.0817005846E+02
    154250,      0.676951,CP0_start,   1,    0.0000000000E+00,    2.0829501453E+02,    2.0829501453E+02,    0.0000000000E+00,    0.0000000000E+00,    0.0000000000E+00,    2.0829501453E+02
    154250,      0.676951,CP1_after_deposition,   1,    0.0000000000E+00,    2.0829501453E+02,    2.0829501453E+02,    0.0000000000E+00,    0.0000000000E+00,    0.0000000000E+00,    2.0829501453E+02
    154250,      0.676951,CP2_after_erosion,   1,    0.0000000000E+00,    2.0829501453E+02,    2.0829501453E+02,    0.0000000000E+00,    0.0000000000E+00,    0.0000000000E+00,    2.0829501453E+02
    154250,      0.676951,CP3_after_update_bottom,   1,    0.0000000000E+00,    2.0829501453E+02,    2.0829501453E+02,    0.0000000000E+00,    0.0000000000E+00,    0.0000000000E+00,    2.0829501453E+02
    154250,      0.676951,CP4_after_advection,   1,    0.0000000000E+00,    2.0829489590E+02,    2.0829489590E+02,    0.0000000000E+00,    0.0000000000E+00,    0.0000000000E+00,    2.0829489590E+02
    154250,      0.676951,CP5_after_vdif,   1,    0.0000000000E+00,    2.0829489590E+02,    2.0829489590E+02,    0.0000000000E+00,    0.0000000000E+00,    0.0000000000E+00,    2.0829489590E+02
    154250,      0.676951,CP6_after_kinetics,   1,    0.0000000000E+00,    2.0829489590E+02,    2.0829489590E+02,    0.0000000000E+00,    0.0000000000E+00,    0.0000000000E+00,    2.0829489590E+02
    154250,      0.676951,CP7_after_upper_clamp,   1,    0.0000000000E+00,    2.0829489590E+02,    2.0829489590E+02,    0.0000000000E+00,    0.0000000000E+00,    0.0000000000E+00,    2.0829489590E+02
    154250,      0.676951,CP8_after_OBC,   1,    0.0000000000E+00,    2.0829489590E+02,    2.0829489590E+02,    0.0000000000E+00,    0.0000000000E+00,    0.0000000000E+00,    2.0829489590E+02
    154250,      0.676951,CP9_after_PTsource,   1,    0.0000000000E+00,    2.0829489590E+02,    2.0829489590E+02,    0.0000000000E+00,    0.0000000000E+00,    0.0000000000E+00,    2.0829489590E+02
    154250,      0.676951,CP10_after_neg_clamp,   1,    0.0000000000E+00,    2.0829489590E+02,    2.0829489590E+02,    0.0000000000E+00,    0.0000000000E+00,    0.0000000000E+00,    2.0829489590E+02
    154250,      0.676951,CP11_after_MPI,   1,    0.0000000000E+00,    2.0829489590E+02,    2.0829489590E+02,    0.0000000000E+00,    0.0000000000E+00,    0.0000000000E+00,    2.0829489590E+02
    154250,      0.676951,CP12_end,   1,    0.0000000000E+00,    2.0829489590E+02,    2.0829489590E+02,    0.0000000000E+00,    0.0000000000E+00,    0.0000000000E+00,    2.0829489590E+02
    154300,      0.676951,CP0_start,   1,    0.0000000000E+00,    2.0842202717E+02,    2.0842202717E+02,    0.0000000000E+00,    0.0000000000E+00,    0.0000000000E+00,    2.0842202717E+02
    154300,      0.676951,CP1_after_deposition,   1,    0.0000000000E+00,    2.0842202717E+02,    2.0842202717E+02,    0.0000000000E+00,    0.0000000000E+00,    0.0000000000E+00,    2.0842202717E+02
    154300,      0.676951,CP2_after_erosion,   1,    0.0000000000E+00,    2.0842202717E+02,    2.0842202717E+02,    0.0000000000E+00,    0.0000000000E+00,    0.0000000000E+00,    2.0842202717E+02
    154300,      0.676951,CP3_after_update_bottom,   1,    0.0000000000E+00,    2.0842202717E+02,    2.0842202717E+02,    0.0000000000E+00,    0.0000000000E+00,    0.0000000000E+00,    2.0842202717E+02
    154300,      0.676951,CP4_after_advection,   1,    0.0000000000E+00,    2.0842171692E+02,    2.0842171692E+02,    0.0000000000E+00,    0.0000000000E+00,    0.0000000000E+00,    2.0842171692E+02
    154300,      0.676951,CP5_after_vdif,   1,    0.0000000000E+00,    2.0842171692E+02,    2.0842171692E+02,    0.0000000000E+00,    0.0000000000E+00,    0.0000000000E+00,    2.0842171692E+02
    154300,      0.676951,CP6_after_kinetics,   1,    0.0000000000E+00,    2.0842171692E+02,    2.0842171692E+02,    0.0000000000E+00,    0.0000000000E+00,    0.0000000000E+00,    2.0842171692E+02
    154300,      0.676951,CP7_after_upper_clamp,   1,    0.0000000000E+00,    2.0842171692E+02,    2.0842171692E+02,    0.0000000000E+00,    0.0000000000E+00,    0.0000000000E+00,    2.0842171692E+02
    154300,      0.676951,CP8_after_OBC,   1,    0.0000000000E+00,    2.0842171692E+02,    2.0842171692E+02,    0.0000000000E+00,    0.0000000000E+00,    0.0000000000E+00,    2.0842171692E+02
    154300,      0.676951,CP9_after_PTsource,   1,    0.0000000000E+00,    2.0842171692E+02,    2.0842171692E+02,    0.0000000000E+00,    0.0000000000E+00,    0.0000000000E+00,    2.0842171692E+02
    154300,      0.676951,CP10_after_neg_clamp,   1,    0.0000000000E+00,    2.0842171692E+02,    2.0842171692E+02,    0.0000000000E+00,    0.0000000000E+00,    0.0000000000E+00,    2.0842171692E+02
    154300,      0.676951,CP11_after_MPI,   1,    0.0000000000E+00,    2.0842171692E+02,    2.0842171692E+02,    0.0000000000E+00,    0.0000000000E+00,    0.0000000000E+00,    2.0842171692E+02
    154300,      0.676951,CP12_end,   1,    0.0000000000E+00,    2.0842171692E+02,    2.0842171692E+02,    0.0000000000E+00,    0.0000000000E+00,    0.0000000000E+00,    2.0842171692E+02
    154350,      0.676951,CP0_start,   1,    0.0000000000E+00,    2.0855066964E+02,    2.0855066964E+02,    0.0000000000E+00,    0.0000000000E+00,    0.0000000000E+00,    2.0855066964E+02
    154350,      0.676951,CP1_after_deposition,   1,    0.0000000000E+00,    2.0855066964E+02,    2.0855066964E+02,    0.0000000000E+00,    0.0000000000E+00,    0.0000000000E+00,    2.0855066964E+02
    154350,      0.676951,CP2_after_erosion,   1,    0.0000000000E+00,    2.0855066964E+02,    2.0855066964E+02,    0.0000000000E+00,    0.0000000000E+00,    0.0000000000E+00,    2.0855066964E+02
    154350,      0.676951,CP3_after_update_bottom,   1,    0.0000000000E+00,    2.0855066964E+02,    2.0855066964E+02,    0.0000000000E+00,    0.0000000000E+00,    0.0000000000E+00,    2.0855066964E+02
    154350,      0.676951,CP4_after_advection,   1,    0.0000000000E+00,    2.0855015740E+02,    2.0855015740E+02,    0.0000000000E+00,    0.0000000000E+00,    0.0000000000E+00,    2.0855015740E+02
    154350,      0.676951,CP5_after_vdif,   1,    0.0000000000E+00,    2.0855015740E+02,    2.0855015740E+02,    0.0000000000E+00,    0.0000000000E+00,    0.0000000000E+00,    2.0855015740E+02
    154350,      0.676951,CP6_after_kinetics,   1,    0.0000000000E+00,    2.0855015740E+02,    2.0855015740E+02,    0.0000000000E+00,    0.0000000000E+00,    0.0000000000E+00,    2.0855015740E+02
    154350,      0.676951,CP7_after_upper_clamp,   1,    0.0000000000E+00,    2.0855015740E+02,    2.0855015740E+02,    0.0000000000E+00,    0.0000000000E+00,    0.0000000000E+00,    2.0855015740E+02
    154350,      0.676951,CP8_after_OBC,   1,    0.0000000000E+00,    2.0855015740E+02,    2.0855015740E+02,    0.0000000000E+00,    0.0000000000E+00,    0.0000000000E+00,    2.0855015740E+02
    154350,      0.676951,CP9_after_PTsource,   1,    0.0000000000E+00,    2.0855015740E+02,    2.0855015740E+02,    0.0000000000E+00,    0.0000000000E+00,    0.0000000000E+00,    2.0855015740E+02
    154350,      0.676951,CP10_after_neg_clamp,   1,    0.0000000000E+00,    2.0855015740E+02,    2.0855015740E+02,    0.0000000000E+00,    0.0000000000E+00,    0.0000000000E+00,    2.0855015740E+02
    154350,      0.676951,CP11_after_MPI,   1,    0.0000000000E+00,    2.0855015740E+02,    2.0855015740E+02,    0.0000000000E+00,    0.0000000000E+00,    0.0000000000E+00,    2.0855015740E+02
    154350,      0.676951,CP12_end,   1,    0.0000000000E+00,    2.0855015740E+02,    2.0855015740E+02,    0.0000000000E+00,    0.0000000000E+00,    0.0000000000E+00,    2.0855015740E+02
    154400,      0.676951,CP0_start,   1,    0.0000000000E+00,    2.0868104952E+02,    2.0868104952E+02,    0.0000000000E+00,    0.0000000000E+00,    0.0000000000E+00,    2.0868104952E+02
    154400,      0.676951,CP1_after_deposition,   1,    0.0000000000E+00,    2.0868104952E+02,    2.0868104952E+02,    0.0000000000E+00,    0.0000000000E+00,    0.0000000000E+00,    2.0868104952E+02
    154400,      0.676951,CP2_after_erosion,   1,    0.0000000000E+00,    2.0868104952E+02,    2.0868104952E+02,    0.0000000000E+00,    0.0000000000E+00,    0.0000000000E+00,    2.0868104952E+02
    154400,      0.676951,CP3_after_update_bottom,   1,    0.0000000000E+00,    2.0868104952E+02,    2.0868104952E+02,    0.0000000000E+00,    0.0000000000E+00,    0.0000000000E+00,    2.0868104952E+02
    154400,      0.676951,CP4_after_advection,   1,    0.0000000000E+00,    2.0868033250E+02,    2.0868033250E+02,    0.0000000000E+00,    0.0000000000E+00,    0.0000000000E+00,    2.0868033250E+02
    154400,      0.676951,CP5_after_vdif,   1,    0.0000000000E+00,    2.0868033250E+02,    2.0868033250E+02,    0.0000000000E+00,    0.0000000000E+00,    0.0000000000E+00,    2.0868033250E+02
    154400,      0.676951,CP6_after_kinetics,   1,    0.0000000000E+00,    2.0868033250E+02,    2.0868033250E+02,    0.0000000000E+00,    0.0000000000E+00,    0.0000000000E+00,    2.0868033250E+02
    154400,      0.676951,CP7_after_upper_clamp,   1,    0.0000000000E+00,    2.0868033250E+02,    2.0868033250E+02,    0.0000000000E+00,    0.0000000000E+00,    0.0000000000E+00,    2.0868033250E+02
    154400,      0.676951,CP8_after_OBC,   1,    0.0000000000E+00,    2.0868033250E+02,    2.0868033250E+02,    0.0000000000E+00,    0.0000000000E+00,    0.0000000000E+00,    2.0868033250E+02
    154400,      0.676951,CP9_after_PTsource,   1,    0.0000000000E+00,    2.0868033250E+02,    2.0868033250E+02,    0.0000000000E+00,    0.0000000000E+00,    0.0000000000E+00,    2.0868033250E+02
    154400,      0.676951,CP10_after_neg_clamp,   1,    0.0000000000E+00,    2.0868033250E+02,    2.0868033250E+02,    0.0000000000E+00,    0.0000000000E+00,    0.0000000000E+00,    2.0868033250E+02
    154400,      0.676951,CP11_after_MPI,   1,    0.0000000000E+00,    2.0868033250E+02,    2.0868033250E+02,    0.0000000000E+00,    0.0000000000E+00,    0.0000000000E+00,    2.0868033250E+02
    154400,      0.676951,CP12_end,   1,    0.0000000000E+00,    2.0868033250E+02,    2.0868033250E+02,    0.0000000000E+00,    0.0000000000E+00,    0.0000000000E+00,    2.0868033250E+02
    154450,      0.676951,CP0_start,   1,    0.0000000000E+00,    2.0881339894E+02,    2.0881339894E+02,    0.0000000000E+00,    0.0000000000E+00,    0.0000000000E+00,    2.0881339894E+02
    154450,      0.676951,CP1_after_deposition,   1,    0.0000000000E+00,    2.0881339894E+02,    2.0881339894E+02,    0.0000000000E+00,    0.0000000000E+00,    0.0000000000E+00,    2.0881339894E+02
    154450,      0.676951,CP2_after_erosion,   1,    0.0000000000E+00,    2.0881339894E+02,    2.0881339894E+02,    0.0000000000E+00,    0.0000000000E+00,    0.0000000000E+00,    2.0881339894E+02
    154450,      0.676951,CP3_after_update_bottom,   1,    0.0000000000E+00,    2.0881339894E+02,    2.0881339894E+02,    0.0000000000E+00,    0.0000000000E+00,    0.0000000000E+00,    2.0881339894E+02
    154450,      0.676951,CP4_after_advection,   1,    0.0000000000E+00,    2.0881247189E+02,    2.0881247189E+02,    0.0000000000E+00,    0.0000000000E+00,    0.0000000000E+00,    2.0881247189E+02
    154450,      0.676951,CP5_after_vdif,   1,    0.0000000000E+00,    2.0881247189E+02,    2.0881247189E+02,    0.0000000000E+00,    0.0000000000E+00,    0.0000000000E+00,    2.0881247189E+02
    154450,      0.676951,CP6_after_kinetics,   1,    0.0000000000E+00,    2.0881247189E+02,    2.0881247189E+02,    0.0000000000E+00,    0.0000000000E+00,    0.0000000000E+00,    2.0881247189E+02
    154450,      0.676951,CP7_after_upper_clamp,   1,    0.0000000000E+00,    2.0881247189E+02,    2.0881247189E+02,    0.0000000000E+00,    0.0000000000E+00,    0.0000000000E+00,    2.0881247189E+02
    154450,      0.676951,CP8_after_OBC,   1,    0.0000000000E+00,    2.0881247189E+02,    2.0881247189E+02,    0.0000000000E+00,    0.0000000000E+00,    0.0000000000E+00,    2.0881247189E+02
    154450,      0.676951,CP9_after_PTsource,   1,    0.0000000000E+00,    2.0881247189E+02,    2.0881247189E+02,    0.0000000000E+00,    0.0000000000E+00,    0.0000000000E+00,    2.0881247189E+02
    154450,      0.676951,CP10_after_neg_clamp,   1,    0.0000000000E+00,    2.0881247189E+02,    2.0881247189E+02,    0.0000000000E+00,    0.0000000000E+00,    0.0000000000E+00,    2.0881247189E+02
    154450,      0.676951,CP11_after_MPI,   1,    0.0000000000E+00,    2.0881247189E+02,    2.0881247189E+02,    0.0000000000E+00,    0.0000000000E+00,    0.0000000000E+00,    2.0881247189E+02
    154450,      0.676951,CP12_end,   1,    0.0000000000E+00,    2.0881247189E+02,    2.0881247189E+02,    0.0000000000E+00,    0.0000000000E+00,    0.0000000000E+00,    2.0881247189E+02
    154500,      0.676951,CP0_start,   1,    0.0000000000E+00,    2.0894691562E+02,    2.0894691562E+02,    0.0000000000E+00,    0.0000000000E+00,    0.0000000000E+00,    2.0894691562E+02
    154500,      0.676951,CP1_after_deposition,   1,    0.0000000000E+00,    2.0894691562E+02,    2.0894691562E+02,    0.0000000000E+00,    0.0000000000E+00,    0.0000000000E+00,    2.0894691562E+02
    154500,      0.676951,CP2_after_erosion,   1,    0.0000000000E+00,    2.0894691562E+02,    2.0894691562E+02,    0.0000000000E+00,    0.0000000000E+00,    0.0000000000E+00,    2.0894691562E+02
    154500,      0.676951,CP3_after_update_bottom,   1,    0.0000000000E+00,    2.0894691562E+02,    2.0894691562E+02,    0.0000000000E+00,    0.0000000000E+00,    0.0000000000E+00,    2.0894691562E+02
    154500,      0.676951,CP4_after_advection,   1,    0.0000000000E+00,    2.0894573415E+02,    2.0894573415E+02,    0.0000000000E+00,    0.0000000000E+00,    0.0000000000E+00,    2.0894573415E+02
    154500,      0.676951,CP5_after_vdif,   1,    0.0000000000E+00,    2.0894573415E+02,    2.0894573415E+02,    0.0000000000E+00,    0.0000000000E+00,    0.0000000000E+00,    2.0894573415E+02
    154500,      0.676951,CP6_after_kinetics,   1,    0.0000000000E+00,    2.0894573415E+02,    2.0894573415E+02,    0.0000000000E+00,    0.0000000000E+00,    0.0000000000E+00,    2.0894573415E+02
    154500,      0.676951,CP7_after_upper_clamp,   1,    0.0000000000E+00,    2.0894573415E+02,    2.0894573415E+02,    0.0000000000E+00,    0.0000000000E+00,    0.0000000000E+00,    2.0894573415E+02
    154500,      0.676951,CP8_after_OBC,   1,    0.0000000000E+00,    2.0894573415E+02,    2.0894573415E+02,    0.0000000000E+00,    0.0000000000E+00,    0.0000000000E+00,    2.0894573415E+02
    154500,      0.676951,CP9_after_PTsource,   1,    0.0000000000E+00,    2.0894573415E+02,    2.0894573415E+02,    0.0000000000E+00,    0.0000000000E+00,    0.0000000000E+00,    2.0894573415E+02
    154500,      0.676951,CP10_after_neg_clamp,   1,    0.0000000000E+00,    2.0894573415E+02,    2.0894573415E+02,    0.0000000000E+00,    0.0000000000E+00,    0.0000000000E+00,    2.0894573415E+02
    154500,      0.676951,CP11_after_MPI,   1,    0.0000000000E+00,    2.0894573415E+02,    2.0894573415E+02,    0.0000000000E+00,    0.0000000000E+00,    0.0000000000E+00,    2.0894573415E+02
    154500,      0.676951,CP12_end,   1,    0.0000000000E+00,    2.0894573415E+02,    2.0894573415E+02,    0.0000000000E+00,    0.0000000000E+00,    0.0000000000E+00,    2.0894573415E+02
    154550,      0.676951,CP0_start,   1,    0.0000000000E+00,    2.0907860172E+02,    2.0907860172E+02,    0.0000000000E+00,    0.0000000000E+00,    0.0000000000E+00,    2.0907860172E+02
    154550,      0.676951,CP1_after_deposition,   1,    0.0000000000E+00,    2.0907860172E+02,    2.0907860172E+02,    0.0000000000E+00,    0.0000000000E+00,    0.0000000000E+00,    2.0907860172E+02
    154550,      0.676951,CP2_after_erosion,   1,    0.0000000000E+00,    2.0907860172E+02,    2.0907860172E+02,    0.0000000000E+00,    0.0000000000E+00,    0.0000000000E+00,    2.0907860172E+02
    154550,      0.676951,CP3_after_update_bottom,   1,    0.0000000000E+00,    2.0907860172E+02,    2.0907860172E+02,    0.0000000000E+00,    0.0000000000E+00,    0.0000000000E+00,    2.0907860172E+02
    154550,      0.676951,CP4_after_advection,   1,    0.0000000000E+00,    2.0907708378E+02,    2.0907708378E+02,    0.0000000000E+00,    0.0000000000E+00,    0.0000000000E+00,    2.0907708378E+02
    154550,      0.676951,CP5_after_vdif,   1,    0.0000000000E+00,    2.0907708378E+02,    2.0907708378E+02,    0.0000000000E+00,    0.0000000000E+00,    0.0000000000E+00,    2.0907708378E+02
    154550,      0.676951,CP6_after_kinetics,   1,    0.0000000000E+00,    2.0907708378E+02,    2.0907708378E+02,    0.0000000000E+00,    0.0000000000E+00,    0.0000000000E+00,    2.0907708378E+02
    154550,      0.676951,CP7_after_upper_clamp,   1,    0.0000000000E+00,    2.0907708378E+02,    2.0907708378E+02,    0.0000000000E+00,    0.0000000000E+00,    0.0000000000E+00,    2.0907708378E+02
    154550,      0.676951,CP8_after_OBC,   1,    0.0000000000E+00,    2.0907708378E+02,    2.0907708378E+02,    0.0000000000E+00,    0.0000000000E+00,    0.0000000000E+00,    2.0907708378E+02
    154550,      0.676951,CP9_after_PTsource,   1,    0.0000000000E+00,    2.0907708378E+02,    2.0907708378E+02,    0.0000000000E+00,    0.0000000000E+00,    0.0000000000E+00,    2.0907708378E+02
    154550,      0.676951,CP10_after_neg_clamp,   1,    0.0000000000E+00,    2.0907708378E+02,    2.0907708378E+02,    0.0000000000E+00,    0.0000000000E+00,    0.0000000000E+00,    2.0907708378E+02
    154550,      0.676951,CP11_after_MPI,   1,    0.0000000000E+00,    2.0907708378E+02,    2.0907708378E+02,    0.0000000000E+00,    0.0000000000E+00,    0.0000000000E+00,    2.0907708378E+02
    154550,      0.676951,CP12_end,   1,    0.0000000000E+00,    2.0907708378E+02,    2.0907708378E+02,    0.0000000000E+00,    0.0000000000E+00,    0.0000000000E+00,    2.0907708378E+02
    154600,      0.676951,CP0_start,   1,    0.0000000000E+00,    2.0920465459E+02,    2.0920465459E+02,    0.0000000000E+00,    0.0000000000E+00,    0.0000000000E+00,    2.0920465459E+02
    154600,      0.676951,CP1_after_deposition,   1,    0.0000000000E+00,    2.0920465459E+02,    2.0920465459E+02,    0.0000000000E+00,    0.0000000000E+00,    0.0000000000E+00,    2.0920465459E+02
    154600,      0.676951,CP2_after_erosion,   1,    0.0000000000E+00,    2.0920465459E+02,    2.0920465459E+02,    0.0000000000E+00,    0.0000000000E+00,    0.0000000000E+00,    2.0920465459E+02
    154600,      0.676951,CP3_after_update_bottom,   1,    0.0000000000E+00,    2.0920465459E+02,    2.0920465459E+02,    0.0000000000E+00,    0.0000000000E+00,    0.0000000000E+00,    2.0920465459E+02
    154600,      0.676951,CP4_after_advection,   1,    0.0000000000E+00,    2.0920272762E+02,    2.0920272762E+02,    0.0000000000E+00,    0.0000000000E+00,    0.0000000000E+00,    2.0920272762E+02
    154600,      0.676951,CP5_after_vdif,   1,    0.0000000000E+00,    2.0920272762E+02,    2.0920272762E+02,    0.0000000000E+00,    0.0000000000E+00,    0.0000000000E+00,    2.0920272762E+02
    154600,      0.676951,CP6_after_kinetics,   1,    0.0000000000E+00,    2.0920272762E+02,    2.0920272762E+02,    0.0000000000E+00,    0.0000000000E+00,    0.0000000000E+00,    2.0920272762E+02
    154600,      0.676951,CP7_after_upper_clamp,   1,    0.0000000000E+00,    2.0920272762E+02,    2.0920272762E+02,    0.0000000000E+00,    0.0000000000E+00,    0.0000000000E+00,    2.0920272762E+02
    154600,      0.676951,CP8_after_OBC,   1,    0.0000000000E+00,    2.0920272762E+02,    2.0920272762E+02,    0.0000000000E+00,    0.0000000000E+00,    0.0000000000E+00,    2.0920272762E+02
    154600,      0.676951,CP9_after_PTsource,   1,    0.0000000000E+00,    2.0920272762E+02,    2.0920272762E+02,    0.0000000000E+00,    0.0000000000E+00,    0.0000000000E+00,    2.0920272762E+02
    154600,      0.676951,CP10_after_neg_clamp,   1,    0.0000000000E+00,    2.0920272762E+02,    2.0920272762E+02,    0.0000000000E+00,    0.0000000000E+00,    0.0000000000E+00,    2.0920272762E+02
    154600,      0.676951,CP11_after_MPI,   1,    0.0000000000E+00,    2.0920272762E+02,    2.0920272762E+02,    0.0000000000E+00,    0.0000000000E+00,    0.0000000000E+00,    2.0920272762E+02
    154600,      0.676951,CP12_end,   1,    0.0000000000E+00,    2.0920272762E+02,    2.0920272762E+02,    0.0000000000E+00,    0.0000000000E+00,    0.0000000000E+00,    2.0920272762E+02
    154650,      0.676951,CP0_start,   1,    0.0000000000E+00,    2.0932188244E+02,    2.0932188244E+02,    0.0000000000E+00,    0.0000000000E+00,    0.0000000000E+00,    2.0932188244E+02
    154650,      0.676951,CP1_after_deposition,   1,    0.0000000000E+00,    2.0932188244E+02,    2.0932188244E+02,    0.0000000000E+00,    0.0000000000E+00,    0.0000000000E+00,    2.0932188244E+02
    154650,      0.676951,CP2_after_erosion,   1,    0.0000000000E+00,    2.0932188244E+02,    2.0932188244E+02,    0.0000000000E+00,    0.0000000000E+00,    0.0000000000E+00,    2.0932188244E+02
    154650,      0.676951,CP3_after_update_bottom,   1,    0.0000000000E+00,    2.0932188244E+02,    2.0932188244E+02,    0.0000000000E+00,    0.0000000000E+00,    0.0000000000E+00,    2.0932188244E+02
    154650,      0.676951,CP4_after_advection,   1,    0.0000000000E+00,    2.0931950405E+02,    2.0931950405E+02,    0.0000000000E+00,    0.0000000000E+00,    0.0000000000E+00,    2.0931950405E+02
    154650,      0.676951,CP5_after_vdif,   1,    0.0000000000E+00,    2.0931950405E+02,    2.0931950405E+02,    0.0000000000E+00,    0.0000000000E+00,    0.0000000000E+00,    2.0931950405E+02
    154650,      0.676951,CP6_after_kinetics,   1,    0.0000000000E+00,    2.0931950405E+02,    2.0931950405E+02,    0.0000000000E+00,    0.0000000000E+00,    0.0000000000E+00,    2.0931950405E+02
    154650,      0.676951,CP7_after_upper_clamp,   1,    0.0000000000E+00,    2.0931950405E+02,    2.0931950405E+02,    0.0000000000E+00,    0.0000000000E+00,    0.0000000000E+00,    2.0931950405E+02
    154650,      0.676951,CP8_after_OBC,   1,    0.0000000000E+00,    2.0931950405E+02,    2.0931950405E+02,    0.0000000000E+00,    0.0000000000E+00,    0.0000000000E+00,    2.0931950405E+02
    154650,      0.676951,CP9_after_PTsource,   1,    0.0000000000E+00,    2.0931950405E+02,    2.0931950405E+02,    0.0000000000E+00,    0.0000000000E+00,    0.0000000000E+00,    2.0931950405E+02
    154650,      0.676951,CP10_after_neg_clamp,   1,    0.0000000000E+00,    2.0931950405E+02,    2.0931950405E+02,    0.0000000000E+00,    0.0000000000E+00,    0.0000000000E+00,    2.0931950405E+02
    154650,      0.676951,CP11_after_MPI,   1,    0.0000000000E+00,    2.0931950405E+02,    2.0931950405E+02,    0.0000000000E+00,    0.0000000000E+00,    0.0000000000E+00,    2.0931950405E+02
    154650,      0.676951,CP12_end,   1,    0.0000000000E+00,    2.0931950405E+02,    2.0931950405E+02,    0.0000000000E+00,    0.0000000000E+00,    0.0000000000E+00,    2.0931950405E+02
    154700,      0.676951,CP0_start,   1,    0.0000000000E+00,    2.0942925505E+02,    2.0942925505E+02,    0.0000000000E+00,    0.0000000000E+00,    0.0000000000E+00,    2.0942925505E+02
    154700,      0.676951,CP1_after_deposition,   1,    0.0000000000E+00,    2.0942925505E+02,    2.0942925505E+02,    0.0000000000E+00,    0.0000000000E+00,    0.0000000000E+00,    2.0942925505E+02
    154700,      0.676951,CP2_after_erosion,   1,    0.0000000000E+00,    2.0942925505E+02,    2.0942925505E+02,    0.0000000000E+00,    0.0000000000E+00,    0.0000000000E+00,    2.0942925505E+02
    154700,      0.676951,CP3_after_update_bottom,   1,    0.0000000000E+00,    2.0942925505E+02,    2.0942925505E+02,    0.0000000000E+00,    0.0000000000E+00,    0.0000000000E+00,    2.0942925505E+02
    154700,      0.676951,CP4_after_advection,   1,    0.0000000000E+00,    2.0942643133E+02,    2.0942643133E+02,    0.0000000000E+00,    0.0000000000E+00,    0.0000000000E+00,    2.0942643133E+02
    154700,      0.676951,CP5_after_vdif,   1,    0.0000000000E+00,    2.0942643133E+02,    2.0942643133E+02,    0.0000000000E+00,    0.0000000000E+00,    0.0000000000E+00,    2.0942643133E+02
    154700,      0.676951,CP6_after_kinetics,   1,    0.0000000000E+00,    2.0942643133E+02,    2.0942643133E+02,    0.0000000000E+00,    0.0000000000E+00,    0.0000000000E+00,    2.0942643133E+02
    154700,      0.676951,CP7_after_upper_clamp,   1,    0.0000000000E+00,    2.0942643133E+02,    2.0942643133E+02,    0.0000000000E+00,    0.0000000000E+00,    0.0000000000E+00,    2.0942643133E+02
    154700,      0.676951,CP8_after_OBC,   1,    0.0000000000E+00,    2.0942643133E+02,    2.0942643133E+02,    0.0000000000E+00,    0.0000000000E+00,    0.0000000000E+00,    2.0942643133E+02
    154700,      0.676951,CP9_after_PTsource,   1,    0.0000000000E+00,    2.0942643133E+02,    2.0942643133E+02,    0.0000000000E+00,    0.0000000000E+00,    0.0000000000E+00,    2.0942643133E+02
    154700,      0.676951,CP10_after_neg_clamp,   1,    0.0000000000E+00,    2.0942643133E+02,    2.0942643133E+02,    0.0000000000E+00,    0.0000000000E+00,    0.0000000000E+00,    2.0942643133E+02
    154700,      0.676951,CP11_after_MPI,   1,    0.0000000000E+00,    2.0942643133E+02,    2.0942643133E+02,    0.0000000000E+00,    0.0000000000E+00,    0.0000000000E+00,    2.0942643133E+02
    154700,      0.676951,CP12_end,   1,    0.0000000000E+00,    2.0942643133E+02,    2.0942643133E+02,    0.0000000000E+00,    0.0000000000E+00,    0.0000000000E+00,    2.0942643133E+02
    154750,      0.676951,CP0_start,   1,    0.0000000000E+00,    2.0952853329E+02,    2.0952853329E+02,    0.0000000000E+00,    0.0000000000E+00,    0.0000000000E+00,    2.0952853329E+02
    154750,      0.676951,CP1_after_deposition,   1,    0.0000000000E+00,    2.0952853329E+02,    2.0952853329E+02,    0.0000000000E+00,    0.0000000000E+00,    0.0000000000E+00,    2.0952853329E+02
    154750,      0.676951,CP2_after_erosion,   1,    0.0000000000E+00,    2.0952853329E+02,    2.0952853329E+02,    0.0000000000E+00,    0.0000000000E+00,    0.0000000000E+00,    2.0952853329E+02
    154750,      0.676951,CP3_after_update_bottom,   1,    0.0000000000E+00,    2.0952853329E+02,    2.0952853329E+02,    0.0000000000E+00,    0.0000000000E+00,    0.0000000000E+00,    2.0952853329E+02
    154750,      0.676951,CP4_after_advection,   1,    0.0000000000E+00,    2.0952533060E+02,    2.0952533060E+02,    0.0000000000E+00,    0.0000000000E+00,    0.0000000000E+00,    2.0952533060E+02
    154750,      0.676951,CP5_after_vdif,   1,    0.0000000000E+00,    2.0952533060E+02,    2.0952533060E+02,    0.0000000000E+00,    0.0000000000E+00,    0.0000000000E+00,    2.0952533060E+02
    154750,      0.676951,CP6_after_kinetics,   1,    0.0000000000E+00,    2.0952533060E+02,    2.0952533060E+02,    0.0000000000E+00,    0.0000000000E+00,    0.0000000000E+00,    2.0952533060E+02
    154750,      0.676951,CP7_after_upper_clamp,   1,    0.0000000000E+00,    2.0952533060E+02,    2.0952533060E+02,    0.0000000000E+00,    0.0000000000E+00,    0.0000000000E+00,    2.0952533060E+02
    154750,      0.676951,CP8_after_OBC,   1,    0.0000000000E+00,    2.0952533060E+02,    2.0952533060E+02,    0.0000000000E+00,    0.0000000000E+00,    0.0000000000E+00,    2.0952533060E+02
    154750,      0.676951,CP9_after_PTsource,   1,    0.0000000000E+00,    2.0952533060E+02,    2.0952533060E+02,    0.0000000000E+00,    0.0000000000E+00,    0.0000000000E+00,    2.0952533060E+02
    154750,      0.676951,CP10_after_neg_clamp,   1,    0.0000000000E+00,    2.0952533060E+02,    2.0952533060E+02,    0.0000000000E+00,    0.0000000000E+00,    0.0000000000E+00,    2.0952533060E+02
    154750,      0.676951,CP11_after_MPI,   1,    0.0000000000E+00,    2.0952533060E+02,    2.0952533060E+02,    0.0000000000E+00,    0.0000000000E+00,    0.0000000000E+00,    2.0952533060E+02
    154750,      0.676951,CP12_end,   1,    0.0000000000E+00,    2.0952533060E+02,    2.0952533060E+02,    0.0000000000E+00,    0.0000000000E+00,    0.0000000000E+00,    2.0952533060E+02
    154800,      0.676951,CP0_start,   1,    0.0000000000E+00,    2.0962344213E+02,    2.0962344213E+02,    0.0000000000E+00,    0.0000000000E+00,    0.0000000000E+00,    2.0962344213E+02
    154800,      0.676951,CP1_after_deposition,   1,    0.0000000000E+00,    2.0962344213E+02,    2.0962344213E+02,    0.0000000000E+00,    0.0000000000E+00,    0.0000000000E+00,    2.0962344213E+02
    154800,      0.676951,CP2_after_erosion,   1,    0.0000000000E+00,    2.0962344213E+02,    2.0962344213E+02,    0.0000000000E+00,    0.0000000000E+00,    0.0000000000E+00,    2.0962344213E+02
    154800,      0.676951,CP3_after_update_bottom,   1,    0.0000000000E+00,    2.0962344213E+02,    2.0962344213E+02,    0.0000000000E+00,    0.0000000000E+00,    0.0000000000E+00,    2.0962344213E+02
    154800,      0.676951,CP4_after_advection,   1,    0.0000000000E+00,    2.0961994135E+02,    2.0961994135E+02,    0.0000000000E+00,    0.0000000000E+00,    0.0000000000E+00,    2.0961994135E+02
    154800,      0.676951,CP5_after_vdif,   1,    0.0000000000E+00,    2.0961994135E+02,    2.0961994135E+02,    0.0000000000E+00,    0.0000000000E+00,    0.0000000000E+00,    2.0961994135E+02
    154800,      0.676951,CP6_after_kinetics,   1,    0.0000000000E+00,    2.0961994135E+02,    2.0961994135E+02,    0.0000000000E+00,    0.0000000000E+00,    0.0000000000E+00,    2.0961994135E+02
    154800,      0.676951,CP7_after_upper_clamp,   1,    0.0000000000E+00,    2.0961994135E+02,    2.0961994135E+02,    0.0000000000E+00,    0.0000000000E+00,    0.0000000000E+00,    2.0961994135E+02
    154800,      0.676951,CP8_after_OBC,   1,    0.0000000000E+00,    2.0961994135E+02,    2.0961994135E+02,    0.0000000000E+00,    0.0000000000E+00,    0.0000000000E+00,    2.0961994135E+02
    154800,      0.676951,CP9_after_PTsource,   1,    0.0000000000E+00,    2.0961994135E+02,    2.0961994135E+02,    0.0000000000E+00,    0.0000000000E+00,    0.0000000000E+00,    2.0961994135E+02
    154800,      0.676951,CP10_after_neg_clamp,   1,    0.0000000000E+00,    2.0961994135E+02,    2.0961994135E+02,    0.0000000000E+00,    0.0000000000E+00,    0.0000000000E+00,    2.0961994135E+02
    154800,      0.676951,CP11_after_MPI,   1,    0.0000000000E+00,    2.0961994135E+02,    2.0961994135E+02,    0.0000000000E+00,    0.0000000000E+00,    0.0000000000E+00,    2.0961994135E+02
    154800,      0.676951,CP12_end,   1,    0.0000000000E+00,    2.0961994135E+02,    2.0961994135E+02,    0.0000000000E+00,    0.0000000000E+00,    0.0000000000E+00,    2.0961994135E+02
    154850,      0.676951,CP0_start,   1,    0.0000000000E+00,    2.0971743869E+02,    2.0971743869E+02,    0.0000000000E+00,    0.0000000000E+00,    0.0000000000E+00,    2.0971743869E+02
    154850,      0.676951,CP1_after_deposition,   1,    0.0000000000E+00,    2.0971743869E+02,    2.0971743869E+02,    0.0000000000E+00,    0.0000000000E+00,    0.0000000000E+00,    2.0971743869E+02
    154850,      0.676951,CP2_after_erosion,   1,    0.0000000000E+00,    2.0971743869E+02,    2.0971743869E+02,    0.0000000000E+00,    0.0000000000E+00,    0.0000000000E+00,    2.0971743869E+02
    154850,      0.676951,CP3_after_update_bottom,   1,    0.0000000000E+00,    2.0971743869E+02,    2.0971743869E+02,    0.0000000000E+00,    0.0000000000E+00,    0.0000000000E+00,    2.0971743869E+02
    154850,      0.676951,CP4_after_advection,   1,    0.0000000000E+00,    2.0971370110E+02,    2.0971370110E+02,    0.0000000000E+00,    0.0000000000E+00,    0.0000000000E+00,    2.0971370110E+02
    154850,      0.676951,CP5_after_vdif,   1,    0.0000000000E+00,    2.0971370110E+02,    2.0971370110E+02,    0.0000000000E+00,    0.0000000000E+00,    0.0000000000E+00,    2.0971370110E+02
    154850,      0.676951,CP6_after_kinetics,   1,    0.0000000000E+00,    2.0971370110E+02,    2.0971370110E+02,    0.0000000000E+00,    0.0000000000E+00,    0.0000000000E+00,    2.0971370110E+02
    154850,      0.676951,CP7_after_upper_clamp,   1,    0.0000000000E+00,    2.0971370110E+02,    2.0971370110E+02,    0.0000000000E+00,    0.0000000000E+00,    0.0000000000E+00,    2.0971370110E+02
    154850,      0.676951,CP8_after_OBC,   1,    0.0000000000E+00,    2.0971370110E+02,    2.0971370110E+02,    0.0000000000E+00,    0.0000000000E+00,    0.0000000000E+00,    2.0971370110E+02
    154850,      0.676951,CP9_after_PTsource,   1,    0.0000000000E+00,    2.0971370110E+02,    2.0971370110E+02,    0.0000000000E+00,    0.0000000000E+00,    0.0000000000E+00,    2.0971370110E+02
    154850,      0.676951,CP10_after_neg_clamp,   1,    0.0000000000E+00,    2.0971370110E+02,    2.0971370110E+02,    0.0000000000E+00,    0.0000000000E+00,    0.0000000000E+00,    2.0971370110E+02
    154850,      0.676951,CP11_after_MPI,   1,    0.0000000000E+00,    2.0971370110E+02,    2.0971370110E+02,    0.0000000000E+00,    0.0000000000E+00,    0.0000000000E+00,    2.0971370110E+02
    154850,      0.676951,CP12_end,   1,    0.0000000000E+00,    2.0971370110E+02,    2.0971370110E+02,    0.0000000000E+00,    0.0000000000E+00,    0.0000000000E+00,    2.0971370110E+02
    154900,      0.676951,CP0_start,   1,    0.0000000000E+00,    2.0981306748E+02,    2.0981306748E+02,    0.0000000000E+00,    0.0000000000E+00,    0.0000000000E+00,    2.0981306748E+02
    154900,      0.676951,CP1_after_deposition,   1,    0.0000000000E+00,    2.0981306748E+02,    2.0981306748E+02,    0.0000000000E+00,    0.0000000000E+00,    0.0000000000E+00,    2.0981306748E+02
    154900,      0.676951,CP2_after_erosion,   1,    0.0000000000E+00,    2.0981306748E+02,    2.0981306748E+02,    0.0000000000E+00,    0.0000000000E+00,    0.0000000000E+00,    2.0981306748E+02
    154900,      0.676951,CP3_after_update_bottom,   1,    0.0000000000E+00,    2.0981306748E+02,    2.0981306748E+02,    0.0000000000E+00,    0.0000000000E+00,    0.0000000000E+00,    2.0981306748E+02
    154900,      0.676951,CP4_after_advection,   1,    0.0000000000E+00,    2.0980913589E+02,    2.0980913589E+02,    0.0000000000E+00,    0.0000000000E+00,    0.0000000000E+00,    2.0980913589E+02
    154900,      0.676951,CP5_after_vdif,   1,    0.0000000000E+00,    2.0980913589E+02,    2.0980913589E+02,    0.0000000000E+00,    0.0000000000E+00,    0.0000000000E+00,    2.0980913589E+02
    154900,      0.676951,CP6_after_kinetics,   1,    0.0000000000E+00,    2.0980913589E+02,    2.0980913589E+02,    0.0000000000E+00,    0.0000000000E+00,    0.0000000000E+00,    2.0980913589E+02
    154900,      0.676951,CP7_after_upper_clamp,   1,    0.0000000000E+00,    2.0980913589E+02,    2.0980913589E+02,    0.0000000000E+00,    0.0000000000E+00,    0.0000000000E+00,    2.0980913589E+02
    154900,      0.676951,CP8_after_OBC,   1,    0.0000000000E+00,    2.0980913589E+02,    2.0980913589E+02,    0.0000000000E+00,    0.0000000000E+00,    0.0000000000E+00,    2.0980913589E+02
    154900,      0.676951,CP9_after_PTsource,   1,    0.0000000000E+00,    2.0980913589E+02,    2.0980913589E+02,    0.0000000000E+00,    0.0000000000E+00,    0.0000000000E+00,    2.0980913589E+02
    154900,      0.676951,CP10_after_neg_clamp,   1,    0.0000000000E+00,    2.0980913589E+02,    2.0980913589E+02,    0.0000000000E+00,    0.0000000000E+00,    0.0000000000E+00,    2.0980913589E+02
    154900,      0.676951,CP11_after_MPI,   1,    0.0000000000E+00,    2.0980913589E+02,    2.0980913589E+02,    0.0000000000E+00,    0.0000000000E+00,    0.0000000000E+00,    2.0980913589E+02
    154900,      0.676951,CP12_end,   1,    0.0000000000E+00,    2.0980913589E+02,    2.0980913589E+02,    0.0000000000E+00,    0.0000000000E+00,    0.0000000000E+00,    2.0980913589E+02
    154950,      0.676951,CP0_start,   1,    0.0000000000E+00,    2.0991173248E+02,    2.0991173248E+02,    0.0000000000E+00,    0.0000000000E+00,    0.0000000000E+00,    2.0991173248E+02
    154950,      0.676951,CP1_after_deposition,   1,    0.0000000000E+00,    2.0991173248E+02,    2.0991173248E+02,    0.0000000000E+00,    0.0000000000E+00,    0.0000000000E+00,    2.0991173248E+02
    154950,      0.676951,CP2_after_erosion,   1,    0.0000000000E+00,    2.0991173248E+02,    2.0991173248E+02,    0.0000000000E+00,    0.0000000000E+00,    0.0000000000E+00,    2.0991173248E+02
    154950,      0.676951,CP3_after_update_bottom,   1,    0.0000000000E+00,    2.0991173248E+02,    2.0991173248E+02,    0.0000000000E+00,    0.0000000000E+00,    0.0000000000E+00,    2.0991173248E+02
    154950,      0.676951,CP4_after_advection,   1,    0.0000000000E+00,    2.0990762203E+02,    2.0990762203E+02,    0.0000000000E+00,    0.0000000000E+00,    0.0000000000E+00,    2.0990762203E+02
    154950,      0.676951,CP5_after_vdif,   1,    0.0000000000E+00,    2.0990762203E+02,    2.0990762203E+02,    0.0000000000E+00,    0.0000000000E+00,    0.0000000000E+00,    2.0990762203E+02
    154950,      0.676951,CP6_after_kinetics,   1,    0.0000000000E+00,    2.0990762203E+02,    2.0990762203E+02,    0.0000000000E+00,    0.0000000000E+00,    0.0000000000E+00,    2.0990762203E+02
    154950,      0.676951,CP7_after_upper_clamp,   1,    0.0000000000E+00,    2.0990762203E+02,    2.0990762203E+02,    0.0000000000E+00,    0.0000000000E+00,    0.0000000000E+00,    2.0990762203E+02
    154950,      0.676951,CP8_after_OBC,   1,    0.0000000000E+00,    2.0990762203E+02,    2.0990762203E+02,    0.0000000000E+00,    0.0000000000E+00,    0.0000000000E+00,    2.0990762203E+02
    154950,      0.676951,CP9_after_PTsource,   1,    0.0000000000E+00,    2.0990762203E+02,    2.0990762203E+02,    0.0000000000E+00,    0.0000000000E+00,    0.0000000000E+00,    2.0990762203E+02
    154950,      0.676951,CP10_after_neg_clamp,   1,    0.0000000000E+00,    2.0990762203E+02,    2.0990762203E+02,    0.0000000000E+00,    0.0000000000E+00,    0.0000000000E+00,    2.0990762203E+02
    154950,      0.676951,CP11_after_MPI,   1,    0.0000000000E+00,    2.0990762203E+02,    2.0990762203E+02,    0.0000000000E+00,    0.0000000000E+00,    0.0000000000E+00,    2.0990762203E+02
    154950,      0.676951,CP12_end,   1,    0.0000000000E+00,    2.0990762203E+02,    2.0990762203E+02,    0.0000000000E+00,    0.0000000000E+00,    0.0000000000E+00,    2.0990762203E+02
    155000,      0.676951,CP0_start,   1,    0.0000000000E+00,    2.1001348270E+02,    2.1001348270E+02,    0.0000000000E+00,    0.0000000000E+00,    0.0000000000E+00,    2.1001348270E+02
    155000,      0.676951,CP1_after_deposition,   1,    0.0000000000E+00,    2.1001348270E+02,    2.1001348270E+02,    0.0000000000E+00,    0.0000000000E+00,    0.0000000000E+00,    2.1001348270E+02
    155000,      0.676951,CP2_after_erosion,   1,    0.0000000000E+00,    2.1001348270E+02,    2.1001348270E+02,    0.0000000000E+00,    0.0000000000E+00,    0.0000000000E+00,    2.1001348270E+02
    155000,      0.676951,CP3_after_update_bottom,   1,    0.0000000000E+00,    2.1001348270E+02,    2.1001348270E+02,    0.0000000000E+00,    0.0000000000E+00,    0.0000000000E+00,    2.1001348270E+02
    155000,      0.676951,CP4_after_advection,   1,    0.0000000000E+00,    2.1000918739E+02,    2.1000918739E+02,    0.0000000000E+00,    0.0000000000E+00,    0.0000000000E+00,    2.1000918739E+02
    155000,      0.676951,CP5_after_vdif,   1,    0.0000000000E+00,    2.1000918739E+02,    2.1000918739E+02,    0.0000000000E+00,    0.0000000000E+00,    0.0000000000E+00,    2.1000918739E+02
    155000,      0.676951,CP6_after_kinetics,   1,    0.0000000000E+00,    2.1000918739E+02,    2.1000918739E+02,    0.0000000000E+00,    0.0000000000E+00,    0.0000000000E+00,    2.1000918739E+02
    155000,      0.676951,CP7_after_upper_clamp,   1,    0.0000000000E+00,    2.1000918739E+02,    2.1000918739E+02,    0.0000000000E+00,    0.0000000000E+00,    0.0000000000E+00,    2.1000918739E+02
    155000,      0.676951,CP8_after_OBC,   1,    0.0000000000E+00,    2.1000918739E+02,    2.1000918739E+02,    0.0000000000E+00,    0.0000000000E+00,    0.0000000000E+00,    2.1000918739E+02
    155000,      0.676951,CP9_after_PTsource,   1,    0.0000000000E+00,    2.1000918739E+02,    2.1000918739E+02,    0.0000000000E+00,    0.0000000000E+00,    0.0000000000E+00,    2.1000918739E+02
    155000,      0.676951,CP10_after_neg_clamp,   1,    0.0000000000E+00,    2.1000918739E+02,    2.1000918739E+02,    0.0000000000E+00,    0.0000000000E+00,    0.0000000000E+00,    2.1000918739E+02
    155000,      0.676951,CP11_after_MPI,   1,    0.0000000000E+00,    2.1000918739E+02,    2.1000918739E+02,    0.0000000000E+00,    0.0000000000E+00,    0.0000000000E+00,    2.1000918739E+02
    155000,      0.676951,CP12_end,   1,    0.0000000000E+00,    2.1000918739E+02,    2.1000918739E+02,    0.0000000000E+00,    0.0000000000E+00,    0.0000000000E+00,    2.1000918739E+02
    155050,      0.676951,CP0_start,   1,    0.0000000000E+00,    2.1011771461E+02,    2.1011771461E+02,    0.0000000000E+00,    0.0000000000E+00,    0.0000000000E+00,    2.1011771461E+02
    155050,      0.676951,CP1_after_deposition,   1,    0.0000000000E+00,    2.1011771461E+02,    2.1011771461E+02,    0.0000000000E+00,    0.0000000000E+00,    0.0000000000E+00,    2.1011771461E+02
    155050,      0.676951,CP2_after_erosion,   1,    0.0000000000E+00,    2.1011771461E+02,    2.1011771461E+02,    0.0000000000E+00,    0.0000000000E+00,    0.0000000000E+00,    2.1011771461E+02
    155050,      0.676951,CP3_after_update_bottom,   1,    0.0000000000E+00,    2.1011771461E+02,    2.1011771461E+02,    0.0000000000E+00,    0.0000000000E+00,    0.0000000000E+00,    2.1011771461E+02
    155050,      0.676951,CP4_after_advection,   1,    0.0000000000E+00,    2.1011323287E+02,    2.1011323287E+02,    0.0000000000E+00,    0.0000000000E+00,    0.0000000000E+00,    2.1011323287E+02
    155050,      0.676951,CP5_after_vdif,   1,    0.0000000000E+00,    2.1011323287E+02,    2.1011323287E+02,    0.0000000000E+00,    0.0000000000E+00,    0.0000000000E+00,    2.1011323287E+02
    155050,      0.676951,CP6_after_kinetics,   1,    0.0000000000E+00,    2.1011323287E+02,    2.1011323287E+02,    0.0000000000E+00,    0.0000000000E+00,    0.0000000000E+00,    2.1011323287E+02
    155050,      0.676951,CP7_after_upper_clamp,   1,    0.0000000000E+00,    2.1011323287E+02,    2.1011323287E+02,    0.0000000000E+00,    0.0000000000E+00,    0.0000000000E+00,    2.1011323287E+02
    155050,      0.676951,CP8_after_OBC,   1,    0.0000000000E+00,    2.1011323287E+02,    2.1011323287E+02,    0.0000000000E+00,    0.0000000000E+00,    0.0000000000E+00,    2.1011323287E+02
    155050,      0.676951,CP9_after_PTsource,   1,    0.0000000000E+00,    2.1011323287E+02,    2.1011323287E+02,    0.0000000000E+00,    0.0000000000E+00,    0.0000000000E+00,    2.1011323287E+02
    155050,      0.676951,CP10_after_neg_clamp,   1,    0.0000000000E+00,    2.1011323287E+02,    2.1011323287E+02,    0.0000000000E+00,    0.0000000000E+00,    0.0000000000E+00,    2.1011323287E+02
    155050,      0.676951,CP11_after_MPI,   1,    0.0000000000E+00,    2.1011323287E+02,    2.1011323287E+02,    0.0000000000E+00,    0.0000000000E+00,    0.0000000000E+00,    2.1011323287E+02
    155050,      0.676951,CP12_end,   1,    0.0000000000E+00,    2.1011323287E+02,    2.1011323287E+02,    0.0000000000E+00,    0.0000000000E+00,    0.0000000000E+00,    2.1011323287E+02
    155100,      0.676951,CP0_start,   1,    0.0000000000E+00,    2.1022454524E+02,    2.1022454524E+02,    0.0000000000E+00,    0.0000000000E+00,    0.0000000000E+00,    2.1022454524E+02
    155100,      0.676951,CP1_after_deposition,   1,    0.0000000000E+00,    2.1022454524E+02,    2.1022454524E+02,    0.0000000000E+00,    0.0000000000E+00,    0.0000000000E+00,    2.1022454524E+02
    155100,      0.676951,CP2_after_erosion,   1,    0.0000000000E+00,    2.1022454524E+02,    2.1022454524E+02,    0.0000000000E+00,    0.0000000000E+00,    0.0000000000E+00,    2.1022454524E+02
    155100,      0.676951,CP3_after_update_bottom,   1,    0.0000000000E+00,    2.1022454524E+02,    2.1022454524E+02,    0.0000000000E+00,    0.0000000000E+00,    0.0000000000E+00,    2.1022454524E+02
    155100,      0.676951,CP4_after_advection,   1,    0.0000000000E+00,    2.1021988158E+02,    2.1021988158E+02,    0.0000000000E+00,    0.0000000000E+00,    0.0000000000E+00,    2.1021988158E+02
    155100,      0.676951,CP5_after_vdif,   1,    0.0000000000E+00,    2.1021988158E+02,    2.1021988158E+02,    0.0000000000E+00,    0.0000000000E+00,    0.0000000000E+00,    2.1021988158E+02
    155100,      0.676951,CP6_after_kinetics,   1,    0.0000000000E+00,    2.1021988158E+02,    2.1021988158E+02,    0.0000000000E+00,    0.0000000000E+00,    0.0000000000E+00,    2.1021988158E+02
    155100,      0.676951,CP7_after_upper_clamp,   1,    0.0000000000E+00,    2.1021988158E+02,    2.1021988158E+02,    0.0000000000E+00,    0.0000000000E+00,    0.0000000000E+00,    2.1021988158E+02
    155100,      0.676951,CP8_after_OBC,   1,    0.0000000000E+00,    2.1021988158E+02,    2.1021988158E+02,    0.0000000000E+00,    0.0000000000E+00,    0.0000000000E+00,    2.1021988158E+02
    155100,      0.676951,CP9_after_PTsource,   1,    0.0000000000E+00,    2.1021988158E+02,    2.1021988158E+02,    0.0000000000E+00,    0.0000000000E+00,    0.0000000000E+00,    2.1021988158E+02
    155100,      0.676951,CP10_after_neg_clamp,   1,    0.0000000000E+00,    2.1021988158E+02,    2.1021988158E+02,    0.0000000000E+00,    0.0000000000E+00,    0.0000000000E+00,    2.1021988158E+02
    155100,      0.676951,CP11_after_MPI,   1,    0.0000000000E+00,    2.1021988158E+02,    2.1021988158E+02,    0.0000000000E+00,    0.0000000000E+00,    0.0000000000E+00,    2.1021988158E+02
    155100,      0.676951,CP12_end,   1,    0.0000000000E+00,    2.1021988158E+02,    2.1021988158E+02,    0.0000000000E+00,    0.0000000000E+00,    0.0000000000E+00,    2.1021988158E+02
    155150,      0.676951,CP0_start,   1,    0.0000000000E+00,    2.1033468978E+02,    2.1033468978E+02,    0.0000000000E+00,    0.0000000000E+00,    0.0000000000E+00,    2.1033468978E+02
    155150,      0.676951,CP1_after_deposition,   1,    0.0000000000E+00,    2.1033468978E+02,    2.1033468978E+02,    0.0000000000E+00,    0.0000000000E+00,    0.0000000000E+00,    2.1033468978E+02
    155150,      0.676951,CP2_after_erosion,   1,    0.0000000000E+00,    2.1033468978E+02,    2.1033468978E+02,    0.0000000000E+00,    0.0000000000E+00,    0.0000000000E+00,    2.1033468978E+02
    155150,      0.676951,CP3_after_update_bottom,   1,    0.0000000000E+00,    2.1033468978E+02,    2.1033468978E+02,    0.0000000000E+00,    0.0000000000E+00,    0.0000000000E+00,    2.1033468978E+02
    155150,      0.676951,CP4_after_advection,   1,    0.0000000000E+00,    2.1032988286E+02,    2.1032988286E+02,    0.0000000000E+00,    0.0000000000E+00,    0.0000000000E+00,    2.1032988286E+02
    155150,      0.676951,CP5_after_vdif,   1,    0.0000000000E+00,    2.1032988286E+02,    2.1032988286E+02,    0.0000000000E+00,    0.0000000000E+00,    0.0000000000E+00,    2.1032988286E+02
    155150,      0.676951,CP6_after_kinetics,   1,    0.0000000000E+00,    2.1032988286E+02,    2.1032988286E+02,    0.0000000000E+00,    0.0000000000E+00,    0.0000000000E+00,    2.1032988286E+02
    155150,      0.676951,CP7_after_upper_clamp,   1,    0.0000000000E+00,    2.1032988286E+02,    2.1032988286E+02,    0.0000000000E+00,    0.0000000000E+00,    0.0000000000E+00,    2.1032988286E+02
    155150,      0.676951,CP8_after_OBC,   1,    0.0000000000E+00,    2.1032988286E+02,    2.1032988286E+02,    0.0000000000E+00,    0.0000000000E+00,    0.0000000000E+00,    2.1032988286E+02
    155150,      0.676951,CP9_after_PTsource,   1,    0.0000000000E+00,    2.1032988286E+02,    2.1032988286E+02,    0.0000000000E+00,    0.0000000000E+00,    0.0000000000E+00,    2.1032988286E+02
    155150,      0.676951,CP10_after_neg_clamp,   1,    0.0000000000E+00,    2.1032988286E+02,    2.1032988286E+02,    0.0000000000E+00,    0.0000000000E+00,    0.0000000000E+00,    2.1032988286E+02
    155150,      0.676951,CP11_after_MPI,   1,    0.0000000000E+00,    2.1032988286E+02,    2.1032988286E+02,    0.0000000000E+00,    0.0000000000E+00,    0.0000000000E+00,    2.1032988286E+02
    155150,      0.676951,CP12_end,   1,    0.0000000000E+00,    2.1032988286E+02,    2.1032988286E+02,    0.0000000000E+00,    0.0000000000E+00,    0.0000000000E+00,    2.1032988286E+02
    155200,      0.676951,CP0_start,   1,    0.0000000000E+00,    2.1045083891E+02,    2.1045083891E+02,    0.0000000000E+00,    0.0000000000E+00,    0.0000000000E+00,    2.1045083891E+02
    155200,      0.676951,CP1_after_deposition,   1,    0.0000000000E+00,    2.1045083891E+02,    2.1045083891E+02,    0.0000000000E+00,    0.0000000000E+00,    0.0000000000E+00,    2.1045083891E+02
    155200,      0.676951,CP2_after_erosion,   1,    0.0000000000E+00,    2.1045083891E+02,    2.1045083891E+02,    0.0000000000E+00,    0.0000000000E+00,    0.0000000000E+00,    2.1045083891E+02
    155200,      0.676951,CP3_after_update_bottom,   1,    0.0000000000E+00,    2.1045083891E+02,    2.1045083891E+02,    0.0000000000E+00,    0.0000000000E+00,    0.0000000000E+00,    2.1045083891E+02
    155200,      0.676951,CP4_after_advection,   1,    0.0000000000E+00,    2.1044593834E+02,    2.1044593834E+02,    0.0000000000E+00,    0.0000000000E+00,    0.0000000000E+00,    2.1044593834E+02
    155200,      0.676951,CP5_after_vdif,   1,    0.0000000000E+00,    2.1044593834E+02,    2.1044593834E+02,    0.0000000000E+00,    0.0000000000E+00,    0.0000000000E+00,    2.1044593834E+02
    155200,      0.676951,CP6_after_kinetics,   1,    0.0000000000E+00,    2.1044593834E+02,    2.1044593834E+02,    0.0000000000E+00,    0.0000000000E+00,    0.0000000000E+00,    2.1044593834E+02
    155200,      0.676951,CP7_after_upper_clamp,   1,    0.0000000000E+00,    2.1044593834E+02,    2.1044593834E+02,    0.0000000000E+00,    0.0000000000E+00,    0.0000000000E+00,    2.1044593834E+02
    155200,      0.676951,CP8_after_OBC,   1,    0.0000000000E+00,    2.1044593834E+02,    2.1044593834E+02,    0.0000000000E+00,    0.0000000000E+00,    0.0000000000E+00,    2.1044593834E+02
    155200,      0.676951,CP9_after_PTsource,   1,    0.0000000000E+00,    2.1044593834E+02,    2.1044593834E+02,    0.0000000000E+00,    0.0000000000E+00,    0.0000000000E+00,    2.1044593834E+02
    155200,      0.676951,CP10_after_neg_clamp,   1,    0.0000000000E+00,    2.1044593834E+02,    2.1044593834E+02,    0.0000000000E+00,    0.0000000000E+00,    0.0000000000E+00,    2.1044593834E+02
    155200,      0.676951,CP11_after_MPI,   1,    0.0000000000E+00,    2.1044593834E+02,    2.1044593834E+02,    0.0000000000E+00,    0.0000000000E+00,    0.0000000000E+00,    2.1044593834E+02
    155200,      0.676951,CP12_end,   1,    0.0000000000E+00,    2.1044593834E+02,    2.1044593834E+02,    0.0000000000E+00,    0.0000000000E+00,    0.0000000000E+00,    2.1044593834E+02
    155250,      0.676951,CP0_start,   1,    0.0000000000E+00,    2.1057225702E+02,    2.1057225702E+02,    0.0000000000E+00,    0.0000000000E+00,    0.0000000000E+00,    2.1057225702E+02
    155250,      0.676951,CP1_after_deposition,   1,    0.0000000000E+00,    2.1057225702E+02,    2.1057225702E+02,    0.0000000000E+00,    0.0000000000E+00,    0.0000000000E+00,    2.1057225702E+02
    155250,      0.676951,CP2_after_erosion,   1,    0.0000000000E+00,    2.1057225702E+02,    2.1057225702E+02,    0.0000000000E+00,    0.0000000000E+00,    0.0000000000E+00,    2.1057225702E+02
    155250,      0.676951,CP3_after_update_bottom,   1,    0.0000000000E+00,    2.1057225702E+02,    2.1057225702E+02,    0.0000000000E+00,    0.0000000000E+00,    0.0000000000E+00,    2.1057225702E+02
    155250,      0.676951,CP4_after_advection,   1,    0.0000000000E+00,    2.1056717686E+02,    2.1056717686E+02,    0.0000000000E+00,    0.0000000000E+00,    0.0000000000E+00,    2.1056717686E+02
    155250,      0.676951,CP5_after_vdif,   1,    0.0000000000E+00,    2.1056717686E+02,    2.1056717686E+02,    0.0000000000E+00,    0.0000000000E+00,    0.0000000000E+00,    2.1056717686E+02
    155250,      0.676951,CP6_after_kinetics,   1,    0.0000000000E+00,    2.1056717686E+02,    2.1056717686E+02,    0.0000000000E+00,    0.0000000000E+00,    0.0000000000E+00,    2.1056717686E+02
    155250,      0.676951,CP7_after_upper_clamp,   1,    0.0000000000E+00,    2.1056717686E+02,    2.1056717686E+02,    0.0000000000E+00,    0.0000000000E+00,    0.0000000000E+00,    2.1056717686E+02
    155250,      0.676951,CP8_after_OBC,   1,    0.0000000000E+00,    2.1056717686E+02,    2.1056717686E+02,    0.0000000000E+00,    0.0000000000E+00,    0.0000000000E+00,    2.1056717686E+02
    155250,      0.676951,CP9_after_PTsource,   1,    0.0000000000E+00,    2.1056717686E+02,    2.1056717686E+02,    0.0000000000E+00,    0.0000000000E+00,    0.0000000000E+00,    2.1056717686E+02
    155250,      0.676951,CP10_after_neg_clamp,   1,    0.0000000000E+00,    2.1056717686E+02,    2.1056717686E+02,    0.0000000000E+00,    0.0000000000E+00,    0.0000000000E+00,    2.1056717686E+02
    155250,      0.676951,CP11_after_MPI,   1,    0.0000000000E+00,    2.1056717686E+02,    2.1056717686E+02,    0.0000000000E+00,    0.0000000000E+00,    0.0000000000E+00,    2.1056717686E+02
    155250,      0.676951,CP12_end,   1,    0.0000000000E+00,    2.1056717686E+02,    2.1056717686E+02,    0.0000000000E+00,    0.0000000000E+00,    0.0000000000E+00,    2.1056717686E+02
    155300,      0.676951,CP0_start,   1,    0.0000000000E+00,    2.1069218447E+02,    2.1069218447E+02,    0.0000000000E+00,    0.0000000000E+00,    0.0000000000E+00,    2.1069218447E+02
    155300,      0.676951,CP1_after_deposition,   1,    0.0000000000E+00,    2.1069218447E+02,    2.1069218447E+02,    0.0000000000E+00,    0.0000000000E+00,    0.0000000000E+00,    2.1069218447E+02
    155300,      0.676951,CP2_after_erosion,   1,    0.0000000000E+00,    2.1069218447E+02,    2.1069218447E+02,    0.0000000000E+00,    0.0000000000E+00,    0.0000000000E+00,    2.1069218447E+02
    155300,      0.676951,CP3_after_update_bottom,   1,    0.0000000000E+00,    2.1069218447E+02,    2.1069218447E+02,    0.0000000000E+00,    0.0000000000E+00,    0.0000000000E+00,    2.1069218447E+02
    155300,      0.676951,CP4_after_advection,   1,    0.0000000000E+00,    2.1068677609E+02,    2.1068677609E+02,    0.0000000000E+00,    0.0000000000E+00,    0.0000000000E+00,    2.1068677609E+02
    155300,      0.676951,CP5_after_vdif,   1,    0.0000000000E+00,    2.1068677609E+02,    2.1068677609E+02,    0.0000000000E+00,    0.0000000000E+00,    0.0000000000E+00,    2.1068677609E+02
    155300,      0.676951,CP6_after_kinetics,   1,    0.0000000000E+00,    2.1068677609E+02,    2.1068677609E+02,    0.0000000000E+00,    0.0000000000E+00,    0.0000000000E+00,    2.1068677609E+02
    155300,      0.676951,CP7_after_upper_clamp,   1,    0.0000000000E+00,    2.1068677609E+02,    2.1068677609E+02,    0.0000000000E+00,    0.0000000000E+00,    0.0000000000E+00,    2.1068677609E+02
    155300,      0.676951,CP8_after_OBC,   1,    0.0000000000E+00,    2.1068677609E+02,    2.1068677609E+02,    0.0000000000E+00,    0.0000000000E+00,    0.0000000000E+00,    2.1068677609E+02
    155300,      0.676951,CP9_after_PTsource,   1,    0.0000000000E+00,    2.1068677609E+02,    2.1068677609E+02,    0.0000000000E+00,    0.0000000000E+00,    0.0000000000E+00,    2.1068677609E+02
    155300,      0.676951,CP10_after_neg_clamp,   1,    0.0000000000E+00,    2.1068677609E+02,    2.1068677609E+02,    0.0000000000E+00,    0.0000000000E+00,    0.0000000000E+00,    2.1068677609E+02
    155300,      0.676951,CP11_after_MPI,   1,    0.0000000000E+00,    2.1068677609E+02,    2.1068677609E+02,    0.0000000000E+00,    0.0000000000E+00,    0.0000000000E+00,    2.1068677609E+02
    155300,      0.676951,CP12_end,   1,    0.0000000000E+00,    2.1068677609E+02,    2.1068677609E+02,    0.0000000000E+00,    0.0000000000E+00,    0.0000000000E+00,    2.1068677609E+02
    155350,      0.676951,CP0_start,   1,    0.0000000000E+00,    2.1080439415E+02,    2.1080439415E+02,    0.0000000000E+00,    0.0000000000E+00,    0.0000000000E+00,    2.1080439415E+02
    155350,      0.676951,CP1_after_deposition,   1,    0.0000000000E+00,    2.1080439415E+02,    2.1080439415E+02,    0.0000000000E+00,    0.0000000000E+00,    0.0000000000E+00,    2.1080439415E+02
    155350,      0.676951,CP2_after_erosion,   1,    0.0000000000E+00,    2.1080439415E+02,    2.1080439415E+02,    0.0000000000E+00,    0.0000000000E+00,    0.0000000000E+00,    2.1080439415E+02
    155350,      0.676951,CP3_after_update_bottom,   1,    0.0000000000E+00,    2.1080439415E+02,    2.1080439415E+02,    0.0000000000E+00,    0.0000000000E+00,    0.0000000000E+00,    2.1080439415E+02
    155350,      0.676951,CP4_after_advection,   1,    0.0000000000E+00,    2.1079856427E+02,    2.1079856427E+02,    0.0000000000E+00,    0.0000000000E+00,    0.0000000000E+00,    2.1079856427E+02
    155350,      0.676951,CP5_after_vdif,   1,    0.0000000000E+00,    2.1079856427E+02,    2.1079856427E+02,    0.0000000000E+00,    0.0000000000E+00,    0.0000000000E+00,    2.1079856427E+02
    155350,      0.676951,CP6_after_kinetics,   1,    0.0000000000E+00,    2.1079856427E+02,    2.1079856427E+02,    0.0000000000E+00,    0.0000000000E+00,    0.0000000000E+00,    2.1079856427E+02
    155350,      0.676951,CP7_after_upper_clamp,   1,    0.0000000000E+00,    2.1079856427E+02,    2.1079856427E+02,    0.0000000000E+00,    0.0000000000E+00,    0.0000000000E+00,    2.1079856427E+02
    155350,      0.676951,CP8_after_OBC,   1,    0.0000000000E+00,    2.1079856427E+02,    2.1079856427E+02,    0.0000000000E+00,    0.0000000000E+00,    0.0000000000E+00,    2.1079856427E+02
    155350,      0.676951,CP9_after_PTsource,   1,    0.0000000000E+00,    2.1079856427E+02,    2.1079856427E+02,    0.0000000000E+00,    0.0000000000E+00,    0.0000000000E+00,    2.1079856427E+02
    155350,      0.676951,CP10_after_neg_clamp,   1,    0.0000000000E+00,    2.1079856427E+02,    2.1079856427E+02,    0.0000000000E+00,    0.0000000000E+00,    0.0000000000E+00,    2.1079856427E+02
    155350,      0.676951,CP11_after_MPI,   1,    0.0000000000E+00,    2.1079856427E+02,    2.1079856427E+02,    0.0000000000E+00,    0.0000000000E+00,    0.0000000000E+00,    2.1079856427E+02
    155350,      0.676951,CP12_end,   1,    0.0000000000E+00,    2.1079856427E+02,    2.1079856427E+02,    0.0000000000E+00,    0.0000000000E+00,    0.0000000000E+00,    2.1079856427E+02
    155400,      0.676951,CP0_start,   1,    0.0000000000E+00,    2.1090501326E+02,    2.1090501326E+02,    0.0000000000E+00,    0.0000000000E+00,    0.0000000000E+00,    2.1090501326E+02
    155400,      0.676951,CP1_after_deposition,   1,    0.0000000000E+00,    2.1090501326E+02,    2.1090501326E+02,    0.0000000000E+00,    0.0000000000E+00,    0.0000000000E+00,    2.1090501326E+02
    155400,      0.676951,CP2_after_erosion,   1,    0.0000000000E+00,    2.1090501326E+02,    2.1090501326E+02,    0.0000000000E+00,    0.0000000000E+00,    0.0000000000E+00,    2.1090501326E+02
    155400,      0.676951,CP3_after_update_bottom,   1,    0.0000000000E+00,    2.1090501326E+02,    2.1090501326E+02,    0.0000000000E+00,    0.0000000000E+00,    0.0000000000E+00,    2.1090501326E+02
    155400,      0.676951,CP4_after_advection,   1,    0.0000000000E+00,    2.1089871477E+02,    2.1089871477E+02,    0.0000000000E+00,    0.0000000000E+00,    0.0000000000E+00,    2.1089871477E+02
    155400,      0.676951,CP5_after_vdif,   1,    0.0000000000E+00,    2.1089871477E+02,    2.1089871477E+02,    0.0000000000E+00,    0.0000000000E+00,    0.0000000000E+00,    2.1089871477E+02
    155400,      0.676951,CP6_after_kinetics,   1,    0.0000000000E+00,    2.1089871477E+02,    2.1089871477E+02,    0.0000000000E+00,    0.0000000000E+00,    0.0000000000E+00,    2.1089871477E+02
    155400,      0.676951,CP7_after_upper_clamp,   1,    0.0000000000E+00,    2.1089871477E+02,    2.1089871477E+02,    0.0000000000E+00,    0.0000000000E+00,    0.0000000000E+00,    2.1089871477E+02
    155400,      0.676951,CP8_after_OBC,   1,    0.0000000000E+00,    2.1089871477E+02,    2.1089871477E+02,    0.0000000000E+00,    0.0000000000E+00,    0.0000000000E+00,    2.1089871477E+02
    155400,      0.676951,CP9_after_PTsource,   1,    0.0000000000E+00,    2.1089871477E+02,    2.1089871477E+02,    0.0000000000E+00,    0.0000000000E+00,    0.0000000000E+00,    2.1089871477E+02
    155400,      0.676951,CP10_after_neg_clamp,   1,    0.0000000000E+00,    2.1089871477E+02,    2.1089871477E+02,    0.0000000000E+00,    0.0000000000E+00,    0.0000000000E+00,    2.1089871477E+02
    155400,      0.676951,CP11_after_MPI,   1,    0.0000000000E+00,    2.1089871477E+02,    2.1089871477E+02,    0.0000000000E+00,    0.0000000000E+00,    0.0000000000E+00,    2.1089871477E+02
    155400,      0.676951,CP12_end,   1,    0.0000000000E+00,    2.1089871477E+02,    2.1089871477E+02,    0.0000000000E+00,    0.0000000000E+00,    0.0000000000E+00,    2.1089871477E+02
    155450,      0.676951,CP0_start,   1,    0.0000000000E+00,    2.1099273136E+02,    2.1099273136E+02,    0.0000000000E+00,    0.0000000000E+00,    0.0000000000E+00,    2.1099273136E+02
    155450,      0.676951,CP1_after_deposition,   1,    0.0000000000E+00,    2.1099273136E+02,    2.1099273136E+02,    0.0000000000E+00,    0.0000000000E+00,    0.0000000000E+00,    2.1099273136E+02
    155450,      0.676951,CP2_after_erosion,   1,    0.0000000000E+00,    2.1099273136E+02,    2.1099273136E+02,    0.0000000000E+00,    0.0000000000E+00,    0.0000000000E+00,    2.1099273136E+02
    155450,      0.676951,CP3_after_update_bottom,   1,    0.0000000000E+00,    2.1099273136E+02,    2.1099273136E+02,    0.0000000000E+00,    0.0000000000E+00,    0.0000000000E+00,    2.1099273136E+02
    155450,      0.676951,CP4_after_advection,   1,    0.0000000000E+00,    2.1098597184E+02,    2.1098597184E+02,    0.0000000000E+00,    0.0000000000E+00,    0.0000000000E+00,    2.1098597184E+02
    155450,      0.676951,CP5_after_vdif,   1,    0.0000000000E+00,    2.1098597184E+02,    2.1098597184E+02,    0.0000000000E+00,    0.0000000000E+00,    0.0000000000E+00,    2.1098597184E+02
    155450,      0.676951,CP6_after_kinetics,   1,    0.0000000000E+00,    2.1098597184E+02,    2.1098597184E+02,    0.0000000000E+00,    0.0000000000E+00,    0.0000000000E+00,    2.1098597184E+02
    155450,      0.676951,CP7_after_upper_clamp,   1,    0.0000000000E+00,    2.1098597184E+02,    2.1098597184E+02,    0.0000000000E+00,    0.0000000000E+00,    0.0000000000E+00,    2.1098597184E+02
    155450,      0.676951,CP8_after_OBC,   1,    0.0000000000E+00,    2.1098597184E+02,    2.1098597184E+02,    0.0000000000E+00,    0.0000000000E+00,    0.0000000000E+00,    2.1098597184E+02
    155450,      0.676951,CP9_after_PTsource,   1,    0.0000000000E+00,    2.1098597184E+02,    2.1098597184E+02,    0.0000000000E+00,    0.0000000000E+00,    0.0000000000E+00,    2.1098597184E+02
    155450,      0.676951,CP10_after_neg_clamp,   1,    0.0000000000E+00,    2.1098597184E+02,    2.1098597184E+02,    0.0000000000E+00,    0.0000000000E+00,    0.0000000000E+00,    2.1098597184E+02
    155450,      0.676951,CP11_after_MPI,   1,    0.0000000000E+00,    2.1098597184E+02,    2.1098597184E+02,    0.0000000000E+00,    0.0000000000E+00,    0.0000000000E+00,    2.1098597184E+02
    155450,      0.676951,CP12_end,   1,    0.0000000000E+00,    2.1098597184E+02,    2.1098597184E+02,    0.0000000000E+00,    0.0000000000E+00,    0.0000000000E+00,    2.1098597184E+02
    155500,      0.676951,CP0_start,   1,    0.0000000000E+00,    2.1106810766E+02,    2.1106810766E+02,    0.0000000000E+00,    0.0000000000E+00,    0.0000000000E+00,    2.1106810766E+02
    155500,      0.676951,CP1_after_deposition,   1,    0.0000000000E+00,    2.1106810766E+02,    2.1106810766E+02,    0.0000000000E+00,    0.0000000000E+00,    0.0000000000E+00,    2.1106810766E+02
    155500,      0.676951,CP2_after_erosion,   1,    0.0000000000E+00,    2.1106810766E+02,    2.1106810766E+02,    0.0000000000E+00,    0.0000000000E+00,    0.0000000000E+00,    2.1106810766E+02
    155500,      0.676951,CP3_after_update_bottom,   1,    0.0000000000E+00,    2.1106810766E+02,    2.1106810766E+02,    0.0000000000E+00,    0.0000000000E+00,    0.0000000000E+00,    2.1106810766E+02
    155500,      0.676951,CP4_after_advection,   1,    0.0000000000E+00,    2.1106091254E+02,    2.1106091254E+02,    0.0000000000E+00,    0.0000000000E+00,    0.0000000000E+00,    2.1106091254E+02
    155500,      0.676951,CP5_after_vdif,   1,    0.0000000000E+00,    2.1106091254E+02,    2.1106091254E+02,    0.0000000000E+00,    0.0000000000E+00,    0.0000000000E+00,    2.1106091254E+02
    155500,      0.676951,CP6_after_kinetics,   1,    0.0000000000E+00,    2.1106091254E+02,    2.1106091254E+02,    0.0000000000E+00,    0.0000000000E+00,    0.0000000000E+00,    2.1106091254E+02
    155500,      0.676951,CP7_after_upper_clamp,   1,    0.0000000000E+00,    2.1106091254E+02,    2.1106091254E+02,    0.0000000000E+00,    0.0000000000E+00,    0.0000000000E+00,    2.1106091254E+02
    155500,      0.676951,CP8_after_OBC,   1,    0.0000000000E+00,    2.1106091254E+02,    2.1106091254E+02,    0.0000000000E+00,    0.0000000000E+00,    0.0000000000E+00,    2.1106091254E+02
    155500,      0.676951,CP9_after_PTsource,   1,    0.0000000000E+00,    2.1106091254E+02,    2.1106091254E+02,    0.0000000000E+00,    0.0000000000E+00,    0.0000000000E+00,    2.1106091254E+02
    155500,      0.676951,CP10_after_neg_clamp,   1,    0.0000000000E+00,    2.1106091254E+02,    2.1106091254E+02,    0.0000000000E+00,    0.0000000000E+00,    0.0000000000E+00,    2.1106091254E+02
    155500,      0.676951,CP11_after_MPI,   1,    0.0000000000E+00,    2.1106091254E+02,    2.1106091254E+02,    0.0000000000E+00,    0.0000000000E+00,    0.0000000000E+00,    2.1106091254E+02
    155500,      0.676951,CP12_end,   1,    0.0000000000E+00,    2.1106091254E+02,    2.1106091254E+02,    0.0000000000E+00,    0.0000000000E+00,    0.0000000000E+00,    2.1106091254E+02
    155550,      0.676951,CP0_start,   1,    0.0000000000E+00,    2.1113217138E+02,    2.1113217138E+02,    0.0000000000E+00,    0.0000000000E+00,    0.0000000000E+00,    2.1113217138E+02
    155550,      0.676951,CP1_after_deposition,   1,    0.0000000000E+00,    2.1113217138E+02,    2.1113217138E+02,    0.0000000000E+00,    0.0000000000E+00,    0.0000000000E+00,    2.1113217138E+02
    155550,      0.676951,CP2_after_erosion,   1,    0.0000000000E+00,    2.1113217138E+02,    2.1113217138E+02,    0.0000000000E+00,    0.0000000000E+00,    0.0000000000E+00,    2.1113217138E+02
    155550,      0.676951,CP3_after_update_bottom,   1,    0.0000000000E+00,    2.1113217138E+02,    2.1113217138E+02,    0.0000000000E+00,    0.0000000000E+00,    0.0000000000E+00,    2.1113217138E+02
    155550,      0.676951,CP4_after_advection,   1,    0.0000000000E+00,    2.1112457118E+02,    2.1112457118E+02,    0.0000000000E+00,    0.0000000000E+00,    0.0000000000E+00,    2.1112457118E+02
    155550,      0.676951,CP5_after_vdif,   1,    0.0000000000E+00,    2.1112457118E+02,    2.1112457118E+02,    0.0000000000E+00,    0.0000000000E+00,    0.0000000000E+00,    2.1112457118E+02
    155550,      0.676951,CP6_after_kinetics,   1,    0.0000000000E+00,    2.1112457118E+02,    2.1112457118E+02,    0.0000000000E+00,    0.0000000000E+00,    0.0000000000E+00,    2.1112457118E+02
    155550,      0.676951,CP7_after_upper_clamp,   1,    0.0000000000E+00,    2.1112457118E+02,    2.1112457118E+02,    0.0000000000E+00,    0.0000000000E+00,    0.0000000000E+00,    2.1112457118E+02
    155550,      0.676951,CP8_after_OBC,   1,    0.0000000000E+00,    2.1112457118E+02,    2.1112457118E+02,    0.0000000000E+00,    0.0000000000E+00,    0.0000000000E+00,    2.1112457118E+02
    155550,      0.676951,CP9_after_PTsource,   1,    0.0000000000E+00,    2.1112457118E+02,    2.1112457118E+02,    0.0000000000E+00,    0.0000000000E+00,    0.0000000000E+00,    2.1112457118E+02
    155550,      0.676951,CP10_after_neg_clamp,   1,    0.0000000000E+00,    2.1112457118E+02,    2.1112457118E+02,    0.0000000000E+00,    0.0000000000E+00,    0.0000000000E+00,    2.1112457118E+02
    155550,      0.676951,CP11_after_MPI,   1,    0.0000000000E+00,    2.1112457118E+02,    2.1112457118E+02,    0.0000000000E+00,    0.0000000000E+00,    0.0000000000E+00,    2.1112457118E+02
    155550,      0.676951,CP12_end,   1,    0.0000000000E+00,    2.1112457118E+02,    2.1112457118E+02,    0.0000000000E+00,    0.0000000000E+00,    0.0000000000E+00,    2.1112457118E+02
    155600,      0.676951,CP0_start,   1,    0.0000000000E+00,    2.1118700140E+02,    2.1118700140E+02,    0.0000000000E+00,    0.0000000000E+00,    0.0000000000E+00,    2.1118700140E+02
    155600,      0.676951,CP1_after_deposition,   1,    0.0000000000E+00,    2.1118700140E+02,    2.1118700140E+02,    0.0000000000E+00,    0.0000000000E+00,    0.0000000000E+00,    2.1118700140E+02
    155600,      0.676951,CP2_after_erosion,   1,    0.0000000000E+00,    2.1118700140E+02,    2.1118700140E+02,    0.0000000000E+00,    0.0000000000E+00,    0.0000000000E+00,    2.1118700140E+02
    155600,      0.676951,CP3_after_update_bottom,   1,    0.0000000000E+00,    2.1118700140E+02,    2.1118700140E+02,    0.0000000000E+00,    0.0000000000E+00,    0.0000000000E+00,    2.1118700140E+02
    155600,      0.676951,CP4_after_advection,   1,    0.0000000000E+00,    2.1117907170E+02,    2.1117907170E+02,    0.0000000000E+00,    0.0000000000E+00,    0.0000000000E+00,    2.1117907170E+02
    155600,      0.676951,CP5_after_vdif,   1,    0.0000000000E+00,    2.1117907170E+02,    2.1117907170E+02,    0.0000000000E+00,    0.0000000000E+00,    0.0000000000E+00,    2.1117907170E+02
    155600,      0.676951,CP6_after_kinetics,   1,    0.0000000000E+00,    2.1117907170E+02,    2.1117907170E+02,    0.0000000000E+00,    0.0000000000E+00,    0.0000000000E+00,    2.1117907170E+02
    155600,      0.676951,CP7_after_upper_clamp,   1,    0.0000000000E+00,    2.1117907170E+02,    2.1117907170E+02,    0.0000000000E+00,    0.0000000000E+00,    0.0000000000E+00,    2.1117907170E+02
    155600,      0.676951,CP8_after_OBC,   1,    0.0000000000E+00,    2.1117907170E+02,    2.1117907170E+02,    0.0000000000E+00,    0.0000000000E+00,    0.0000000000E+00,    2.1117907170E+02
    155600,      0.676951,CP9_after_PTsource,   1,    0.0000000000E+00,    2.1117907170E+02,    2.1117907170E+02,    0.0000000000E+00,    0.0000000000E+00,    0.0000000000E+00,    2.1117907170E+02
    155600,      0.676951,CP10_after_neg_clamp,   1,    0.0000000000E+00,    2.1117907170E+02,    2.1117907170E+02,    0.0000000000E+00,    0.0000000000E+00,    0.0000000000E+00,    2.1117907170E+02
    155600,      0.676951,CP11_after_MPI,   1,    0.0000000000E+00,    2.1117907170E+02,    2.1117907170E+02,    0.0000000000E+00,    0.0000000000E+00,    0.0000000000E+00,    2.1117907170E+02
    155600,      0.676951,CP12_end,   1,    0.0000000000E+00,    2.1117907170E+02,    2.1117907170E+02,    0.0000000000E+00,    0.0000000000E+00,    0.0000000000E+00,    2.1117907170E+02
    155650,      0.676951,CP0_start,   1,    0.0000000000E+00,    2.1123624330E+02,    2.1123624330E+02,    0.0000000000E+00,    0.0000000000E+00,    0.0000000000E+00,    2.1123624330E+02
    155650,      0.676951,CP1_after_deposition,   1,    0.0000000000E+00,    2.1123624330E+02,    2.1123624330E+02,    0.0000000000E+00,    0.0000000000E+00,    0.0000000000E+00,    2.1123624330E+02
    155650,      0.676951,CP2_after_erosion,   1,    0.0000000000E+00,    2.1123624330E+02,    2.1123624330E+02,    0.0000000000E+00,    0.0000000000E+00,    0.0000000000E+00,    2.1123624330E+02
    155650,      0.676951,CP3_after_update_bottom,   1,    0.0000000000E+00,    2.1123624330E+02,    2.1123624330E+02,    0.0000000000E+00,    0.0000000000E+00,    0.0000000000E+00,    2.1123624330E+02
    155650,      0.676951,CP4_after_advection,   1,    0.0000000000E+00,    2.1122806393E+02,    2.1122806393E+02,    0.0000000000E+00,    0.0000000000E+00,    0.0000000000E+00,    2.1122806393E+02
    155650,      0.676951,CP5_after_vdif,   1,    0.0000000000E+00,    2.1122806393E+02,    2.1122806393E+02,    0.0000000000E+00,    0.0000000000E+00,    0.0000000000E+00,    2.1122806393E+02
    155650,      0.676951,CP6_after_kinetics,   1,    0.0000000000E+00,    2.1122806393E+02,    2.1122806393E+02,    0.0000000000E+00,    0.0000000000E+00,    0.0000000000E+00,    2.1122806393E+02
    155650,      0.676951,CP7_after_upper_clamp,   1,    0.0000000000E+00,    2.1122806393E+02,    2.1122806393E+02,    0.0000000000E+00,    0.0000000000E+00,    0.0000000000E+00,    2.1122806393E+02
    155650,      0.676951,CP8_after_OBC,   1,    0.0000000000E+00,    2.1122806393E+02,    2.1122806393E+02,    0.0000000000E+00,    0.0000000000E+00,    0.0000000000E+00,    2.1122806393E+02
    155650,      0.676951,CP9_after_PTsource,   1,    0.0000000000E+00,    2.1122806393E+02,    2.1122806393E+02,    0.0000000000E+00,    0.0000000000E+00,    0.0000000000E+00,    2.1122806393E+02
    155650,      0.676951,CP10_after_neg_clamp,   1,    0.0000000000E+00,    2.1122806393E+02,    2.1122806393E+02,    0.0000000000E+00,    0.0000000000E+00,    0.0000000000E+00,    2.1122806393E+02
    155650,      0.676951,CP11_after_MPI,   1,    0.0000000000E+00,    2.1122806393E+02,    2.1122806393E+02,    0.0000000000E+00,    0.0000000000E+00,    0.0000000000E+00,    2.1122806393E+02
    155650,      0.676951,CP12_end,   1,    0.0000000000E+00,    2.1122806393E+02,    2.1122806393E+02,    0.0000000000E+00,    0.0000000000E+00,    0.0000000000E+00,    2.1122806393E+02
    155700,      0.676951,CP0_start,   1,    0.0000000000E+00,    2.1128314886E+02,    2.1128314886E+02,    0.0000000000E+00,    0.0000000000E+00,    0.0000000000E+00,    2.1128314886E+02
    155700,      0.676951,CP1_after_deposition,   1,    0.0000000000E+00,    2.1128314886E+02,    2.1128314886E+02,    0.0000000000E+00,    0.0000000000E+00,    0.0000000000E+00,    2.1128314886E+02
    155700,      0.676951,CP2_after_erosion,   1,    0.0000000000E+00,    2.1128314886E+02,    2.1128314886E+02,    0.0000000000E+00,    0.0000000000E+00,    0.0000000000E+00,    2.1128314886E+02
    155700,      0.676951,CP3_after_update_bottom,   1,    0.0000000000E+00,    2.1128314886E+02,    2.1128314886E+02,    0.0000000000E+00,    0.0000000000E+00,    0.0000000000E+00,    2.1128314886E+02
    155700,      0.676951,CP4_after_advection,   1,    0.0000000000E+00,    2.1127479031E+02,    2.1127479031E+02,    0.0000000000E+00,    0.0000000000E+00,    0.0000000000E+00,    2.1127479031E+02
    155700,      0.676951,CP5_after_vdif,   1,    0.0000000000E+00,    2.1127479031E+02,    2.1127479031E+02,    0.0000000000E+00,    0.0000000000E+00,    0.0000000000E+00,    2.1127479031E+02
    155700,      0.676951,CP6_after_kinetics,   1,    0.0000000000E+00,    2.1127479031E+02,    2.1127479031E+02,    0.0000000000E+00,    0.0000000000E+00,    0.0000000000E+00,    2.1127479031E+02
    155700,      0.676951,CP7_after_upper_clamp,   1,    0.0000000000E+00,    2.1127479031E+02,    2.1127479031E+02,    0.0000000000E+00,    0.0000000000E+00,    0.0000000000E+00,    2.1127479031E+02
    155700,      0.676951,CP8_after_OBC,   1,    0.0000000000E+00,    2.1127479031E+02,    2.1127479031E+02,    0.0000000000E+00,    0.0000000000E+00,    0.0000000000E+00,    2.1127479031E+02
    155700,      0.676951,CP9_after_PTsource,   1,    0.0000000000E+00,    2.1127479031E+02,    2.1127479031E+02,    0.0000000000E+00,    0.0000000000E+00,    0.0000000000E+00,    2.1127479031E+02
    155700,      0.676951,CP10_after_neg_clamp,   1,    0.0000000000E+00,    2.1127479031E+02,    2.1127479031E+02,    0.0000000000E+00,    0.0000000000E+00,    0.0000000000E+00,    2.1127479031E+02
    155700,      0.676951,CP11_after_MPI,   1,    0.0000000000E+00,    2.1127479031E+02,    2.1127479031E+02,    0.0000000000E+00,    0.0000000000E+00,    0.0000000000E+00,    2.1127479031E+02
    155700,      0.676951,CP12_end,   1,    0.0000000000E+00,    2.1127479031E+02,    2.1127479031E+02,    0.0000000000E+00,    0.0000000000E+00,    0.0000000000E+00,    2.1127479031E+02
    155750,      0.676951,CP0_start,   1,    0.0000000000E+00,    2.1133104641E+02,    2.1133104641E+02,    0.0000000000E+00,    0.0000000000E+00,    0.0000000000E+00,    2.1133104641E+02
    155750,      0.676951,CP1_after_deposition,   1,    0.0000000000E+00,    2.1133104641E+02,    2.1133104641E+02,    0.0000000000E+00,    0.0000000000E+00,    0.0000000000E+00,    2.1133104641E+02
    155750,      0.676951,CP2_after_erosion,   1,    0.0000000000E+00,    2.1133104641E+02,    2.1133104641E+02,    0.0000000000E+00,    0.0000000000E+00,    0.0000000000E+00,    2.1133104641E+02
    155750,      0.676951,CP3_after_update_bottom,   1,    0.0000000000E+00,    2.1133104641E+02,    2.1133104641E+02,    0.0000000000E+00,    0.0000000000E+00,    0.0000000000E+00,    2.1133104641E+02
    155750,      0.676951,CP4_after_advection,   1,    0.0000000000E+00,    2.1132257780E+02,    2.1132257780E+02,    0.0000000000E+00,    0.0000000000E+00,    0.0000000000E+00,    2.1132257780E+02
    155750,      0.676951,CP5_after_vdif,   1,    0.0000000000E+00,    2.1132257780E+02,    2.1132257780E+02,    0.0000000000E+00,    0.0000000000E+00,    0.0000000000E+00,    2.1132257780E+02
    155750,      0.676951,CP6_after_kinetics,   1,    0.0000000000E+00,    2.1132257780E+02,    2.1132257780E+02,    0.0000000000E+00,    0.0000000000E+00,    0.0000000000E+00,    2.1132257780E+02
    155750,      0.676951,CP7_after_upper_clamp,   1,    0.0000000000E+00,    2.1132257780E+02,    2.1132257780E+02,    0.0000000000E+00,    0.0000000000E+00,    0.0000000000E+00,    2.1132257780E+02
    155750,      0.676951,CP8_after_OBC,   1,    0.0000000000E+00,    2.1132257780E+02,    2.1132257780E+02,    0.0000000000E+00,    0.0000000000E+00,    0.0000000000E+00,    2.1132257780E+02
    155750,      0.676951,CP9_after_PTsource,   1,    0.0000000000E+00,    2.1132257780E+02,    2.1132257780E+02,    0.0000000000E+00,    0.0000000000E+00,    0.0000000000E+00,    2.1132257780E+02
    155750,      0.676951,CP10_after_neg_clamp,   1,    0.0000000000E+00,    2.1132257780E+02,    2.1132257780E+02,    0.0000000000E+00,    0.0000000000E+00,    0.0000000000E+00,    2.1132257780E+02
    155750,      0.676951,CP11_after_MPI,   1,    0.0000000000E+00,    2.1132257780E+02,    2.1132257780E+02,    0.0000000000E+00,    0.0000000000E+00,    0.0000000000E+00,    2.1132257780E+02
    155750,      0.676951,CP12_end,   1,    0.0000000000E+00,    2.1132257780E+02,    2.1132257780E+02,    0.0000000000E+00,    0.0000000000E+00,    0.0000000000E+00,    2.1132257780E+02
    155800,      0.676951,CP0_start,   1,    0.0000000000E+00,    2.1138278004E+02,    2.1138278004E+02,    0.0000000000E+00,    0.0000000000E+00,    0.0000000000E+00,    2.1138278004E+02
    155800,      0.676951,CP1_after_deposition,   1,    0.0000000000E+00,    2.1138278004E+02,    2.1138278004E+02,    0.0000000000E+00,    0.0000000000E+00,    0.0000000000E+00,    2.1138278004E+02
    155800,      0.676951,CP2_after_erosion,   1,    0.0000000000E+00,    2.1138278004E+02,    2.1138278004E+02,    0.0000000000E+00,    0.0000000000E+00,    0.0000000000E+00,    2.1138278004E+02
    155800,      0.676951,CP3_after_update_bottom,   1,    0.0000000000E+00,    2.1138278004E+02,    2.1138278004E+02,    0.0000000000E+00,    0.0000000000E+00,    0.0000000000E+00,    2.1138278004E+02
    155800,      0.676951,CP4_after_advection,   1,    0.0000000000E+00,    2.1137426995E+02,    2.1137426995E+02,    0.0000000000E+00,    0.0000000000E+00,    0.0000000000E+00,    2.1137426995E+02
    155800,      0.676951,CP5_after_vdif,   1,    0.0000000000E+00,    2.1137426995E+02,    2.1137426995E+02,    0.0000000000E+00,    0.0000000000E+00,    0.0000000000E+00,    2.1137426995E+02
    155800,      0.676951,CP6_after_kinetics,   1,    0.0000000000E+00,    2.1137426995E+02,    2.1137426995E+02,    0.0000000000E+00,    0.0000000000E+00,    0.0000000000E+00,    2.1137426995E+02
    155800,      0.676951,CP7_after_upper_clamp,   1,    0.0000000000E+00,    2.1137426995E+02,    2.1137426995E+02,    0.0000000000E+00,    0.0000000000E+00,    0.0000000000E+00,    2.1137426995E+02
    155800,      0.676951,CP8_after_OBC,   1,    0.0000000000E+00,    2.1137426995E+02,    2.1137426995E+02,    0.0000000000E+00,    0.0000000000E+00,    0.0000000000E+00,    2.1137426995E+02
    155800,      0.676951,CP9_after_PTsource,   1,    0.0000000000E+00,    2.1137426995E+02,    2.1137426995E+02,    0.0000000000E+00,    0.0000000000E+00,    0.0000000000E+00,    2.1137426995E+02
    155800,      0.676951,CP10_after_neg_clamp,   1,    0.0000000000E+00,    2.1137426995E+02,    2.1137426995E+02,    0.0000000000E+00,    0.0000000000E+00,    0.0000000000E+00,    2.1137426995E+02
    155800,      0.676951,CP11_after_MPI,   1,    0.0000000000E+00,    2.1137426995E+02,    2.1137426995E+02,    0.0000000000E+00,    0.0000000000E+00,    0.0000000000E+00,    2.1137426995E+02
    155800,      0.676951,CP12_end,   1,    0.0000000000E+00,    2.1137426995E+02,    2.1137426995E+02,    0.0000000000E+00,    0.0000000000E+00,    0.0000000000E+00,    2.1137426995E+02
    155850,      0.676951,CP0_start,   1,    0.0000000000E+00,    2.1144056126E+02,    2.1144056126E+02,    0.0000000000E+00,    0.0000000000E+00,    0.0000000000E+00,    2.1144056126E+02
    155850,      0.676951,CP1_after_deposition,   1,    0.0000000000E+00,    2.1144056126E+02,    2.1144056126E+02,    0.0000000000E+00,    0.0000000000E+00,    0.0000000000E+00,    2.1144056126E+02
    155850,      0.676951,CP2_after_erosion,   1,    0.0000000000E+00,    2.1144056126E+02,    2.1144056126E+02,    0.0000000000E+00,    0.0000000000E+00,    0.0000000000E+00,    2.1144056126E+02
    155850,      0.676951,CP3_after_update_bottom,   1,    0.0000000000E+00,    2.1144056126E+02,    2.1144056126E+02,    0.0000000000E+00,    0.0000000000E+00,    0.0000000000E+00,    2.1144056126E+02
    155850,      0.676951,CP4_after_advection,   1,    0.0000000000E+00,    2.1143204389E+02,    2.1143204389E+02,    0.0000000000E+00,    0.0000000000E+00,    0.0000000000E+00,    2.1143204389E+02
    155850,      0.676951,CP5_after_vdif,   1,    0.0000000000E+00,    2.1143204389E+02,    2.1143204389E+02,    0.0000000000E+00,    0.0000000000E+00,    0.0000000000E+00,    2.1143204389E+02
    155850,      0.676951,CP6_after_kinetics,   1,    0.0000000000E+00,    2.1143204389E+02,    2.1143204389E+02,    0.0000000000E+00,    0.0000000000E+00,    0.0000000000E+00,    2.1143204389E+02
    155850,      0.676951,CP7_after_upper_clamp,   1,    0.0000000000E+00,    2.1143204389E+02,    2.1143204389E+02,    0.0000000000E+00,    0.0000000000E+00,    0.0000000000E+00,    2.1143204389E+02
    155850,      0.676951,CP8_after_OBC,   1,    0.0000000000E+00,    2.1143204389E+02,    2.1143204389E+02,    0.0000000000E+00,    0.0000000000E+00,    0.0000000000E+00,    2.1143204389E+02
    155850,      0.676951,CP9_after_PTsource,   1,    0.0000000000E+00,    2.1143204389E+02,    2.1143204389E+02,    0.0000000000E+00,    0.0000000000E+00,    0.0000000000E+00,    2.1143204389E+02
    155850,      0.676951,CP10_after_neg_clamp,   1,    0.0000000000E+00,    2.1143204389E+02,    2.1143204389E+02,    0.0000000000E+00,    0.0000000000E+00,    0.0000000000E+00,    2.1143204389E+02
    155850,      0.676951,CP11_after_MPI,   1,    0.0000000000E+00,    2.1143204389E+02,    2.1143204389E+02,    0.0000000000E+00,    0.0000000000E+00,    0.0000000000E+00,    2.1143204389E+02
    155850,      0.676951,CP12_end,   1,    0.0000000000E+00,    2.1143204389E+02,    2.1143204389E+02,    0.0000000000E+00,    0.0000000000E+00,    0.0000000000E+00,    2.1143204389E+02
    155900,      0.676951,CP0_start,   1,    0.0000000000E+00,    2.1150510307E+02,    2.1150510307E+02,    0.0000000000E+00,    0.0000000000E+00,    0.0000000000E+00,    2.1150510307E+02
    155900,      0.676951,CP1_after_deposition,   1,    0.0000000000E+00,    2.1150510307E+02,    2.1150510307E+02,    0.0000000000E+00,    0.0000000000E+00,    0.0000000000E+00,    2.1150510307E+02
    155900,      0.676951,CP2_after_erosion,   1,    0.0000000000E+00,    2.1150510307E+02,    2.1150510307E+02,    0.0000000000E+00,    0.0000000000E+00,    0.0000000000E+00,    2.1150510307E+02
    155900,      0.676951,CP3_after_update_bottom,   1,    0.0000000000E+00,    2.1150510307E+02,    2.1150510307E+02,    0.0000000000E+00,    0.0000000000E+00,    0.0000000000E+00,    2.1150510307E+02
    155900,      0.676951,CP4_after_advection,   1,    0.0000000000E+00,    2.1149658690E+02,    2.1149658690E+02,    0.0000000000E+00,    0.0000000000E+00,    0.0000000000E+00,    2.1149658690E+02
    155900,      0.676951,CP5_after_vdif,   1,    0.0000000000E+00,    2.1149658690E+02,    2.1149658690E+02,    0.0000000000E+00,    0.0000000000E+00,    0.0000000000E+00,    2.1149658690E+02
    155900,      0.676951,CP6_after_kinetics,   1,    0.0000000000E+00,    2.1149658690E+02,    2.1149658690E+02,    0.0000000000E+00,    0.0000000000E+00,    0.0000000000E+00,    2.1149658690E+02
    155900,      0.676951,CP7_after_upper_clamp,   1,    0.0000000000E+00,    2.1149658690E+02,    2.1149658690E+02,    0.0000000000E+00,    0.0000000000E+00,    0.0000000000E+00,    2.1149658690E+02
    155900,      0.676951,CP8_after_OBC,   1,    0.0000000000E+00,    2.1149658690E+02,    2.1149658690E+02,    0.0000000000E+00,    0.0000000000E+00,    0.0000000000E+00,    2.1149658690E+02
    155900,      0.676951,CP9_after_PTsource,   1,    0.0000000000E+00,    2.1149658690E+02,    2.1149658690E+02,    0.0000000000E+00,    0.0000000000E+00,    0.0000000000E+00,    2.1149658690E+02
    155900,      0.676951,CP10_after_neg_clamp,   1,    0.0000000000E+00,    2.1149658690E+02,    2.1149658690E+02,    0.0000000000E+00,    0.0000000000E+00,    0.0000000000E+00,    2.1149658690E+02
    155900,      0.676951,CP11_after_MPI,   1,    0.0000000000E+00,    2.1149658690E+02,    2.1149658690E+02,    0.0000000000E+00,    0.0000000000E+00,    0.0000000000E+00,    2.1149658690E+02
    155900,      0.676951,CP12_end,   1,    0.0000000000E+00,    2.1149658690E+02,    2.1149658690E+02,    0.0000000000E+00,    0.0000000000E+00,    0.0000000000E+00,    2.1149658690E+02
    155950,      0.676952,CP0_start,   1,    0.0000000000E+00,    2.1157601582E+02,    2.1157601582E+02,    0.0000000000E+00,    0.0000000000E+00,    0.0000000000E+00,    2.1157601582E+02
    155950,      0.676952,CP1_after_deposition,   1,    0.0000000000E+00,    2.1157601582E+02,    2.1157601582E+02,    0.0000000000E+00,    0.0000000000E+00,    0.0000000000E+00,    2.1157601582E+02
    155950,      0.676952,CP2_after_erosion,   1,    0.0000000000E+00,    2.1157601582E+02,    2.1157601582E+02,    0.0000000000E+00,    0.0000000000E+00,    0.0000000000E+00,    2.1157601582E+02
    155950,      0.676952,CP3_after_update_bottom,   1,    0.0000000000E+00,    2.1157601582E+02,    2.1157601582E+02,    0.0000000000E+00,    0.0000000000E+00,    0.0000000000E+00,    2.1157601582E+02
    155950,      0.676952,CP4_after_advection,   1,    0.0000000000E+00,    2.1156749788E+02,    2.1156749788E+02,    0.0000000000E+00,    0.0000000000E+00,    0.0000000000E+00,    2.1156749788E+02
    155950,      0.676952,CP5_after_vdif,   1,    0.0000000000E+00,    2.1156749788E+02,    2.1156749788E+02,    0.0000000000E+00,    0.0000000000E+00,    0.0000000000E+00,    2.1156749788E+02
    155950,      0.676952,CP6_after_kinetics,   1,    0.0000000000E+00,    2.1156749788E+02,    2.1156749788E+02,    0.0000000000E+00,    0.0000000000E+00,    0.0000000000E+00,    2.1156749788E+02
    155950,      0.676952,CP7_after_upper_clamp,   1,    0.0000000000E+00,    2.1156749788E+02,    2.1156749788E+02,    0.0000000000E+00,    0.0000000000E+00,    0.0000000000E+00,    2.1156749788E+02
    155950,      0.676952,CP8_after_OBC,   1,    0.0000000000E+00,    2.1156749788E+02,    2.1156749788E+02,    0.0000000000E+00,    0.0000000000E+00,    0.0000000000E+00,    2.1156749788E+02
    155950,      0.676952,CP9_after_PTsource,   1,    0.0000000000E+00,    2.1156749788E+02,    2.1156749788E+02,    0.0000000000E+00,    0.0000000000E+00,    0.0000000000E+00,    2.1156749788E+02
    155950,      0.676952,CP10_after_neg_clamp,   1,    0.0000000000E+00,    2.1156749788E+02,    2.1156749788E+02,    0.0000000000E+00,    0.0000000000E+00,    0.0000000000E+00,    2.1156749788E+02
    155950,      0.676952,CP11_after_MPI,   1,    0.0000000000E+00,    2.1156749788E+02,    2.1156749788E+02,    0.0000000000E+00,    0.0000000000E+00,    0.0000000000E+00,    2.1156749788E+02
    155950,      0.676952,CP12_end,   1,    0.0000000000E+00,    2.1156749788E+02,    2.1156749788E+02,    0.0000000000E+00,    0.0000000000E+00,    0.0000000000E+00,    2.1156749788E+02
    156000,      0.676952,CP0_start,   1,    0.0000000000E+00,    2.1165314562E+02,    2.1165314562E+02,    0.0000000000E+00,    0.0000000000E+00,    0.0000000000E+00,    2.1165314562E+02
    156000,      0.676952,CP1_after_deposition,   1,    0.0000000000E+00,    2.1165314562E+02,    2.1165314562E+02,    0.0000000000E+00,    0.0000000000E+00,    0.0000000000E+00,    2.1165314562E+02
    156000,      0.676952,CP2_after_erosion,   1,    0.0000000000E+00,    2.1165314562E+02,    2.1165314562E+02,    0.0000000000E+00,    0.0000000000E+00,    0.0000000000E+00,    2.1165314562E+02
    156000,      0.676952,CP3_after_update_bottom,   1,    0.0000000000E+00,    2.1165314562E+02,    2.1165314562E+02,    0.0000000000E+00,    0.0000000000E+00,    0.0000000000E+00,    2.1165314562E+02
    156000,      0.676952,CP4_after_advection,   1,    0.0000000000E+00,    2.1164462967E+02,    2.1164462967E+02,    0.0000000000E+00,    0.0000000000E+00,    0.0000000000E+00,    2.1164462967E+02
    156000,      0.676952,CP5_after_vdif,   1,    0.0000000000E+00,    2.1164462967E+02,    2.1164462967E+02,    0.0000000000E+00,    0.0000000000E+00,    0.0000000000E+00,    2.1164462967E+02
    156000,      0.676952,CP6_after_kinetics,   1,    0.0000000000E+00,    2.1164462967E+02,    2.1164462967E+02,    0.0000000000E+00,    0.0000000000E+00,    0.0000000000E+00,    2.1164462967E+02
    156000,      0.676952,CP7_after_upper_clamp,   1,    0.0000000000E+00,    2.1164462967E+02,    2.1164462967E+02,    0.0000000000E+00,    0.0000000000E+00,    0.0000000000E+00,    2.1164462967E+02
    156000,      0.676952,CP8_after_OBC,   1,    0.0000000000E+00,    2.1164462967E+02,    2.1164462967E+02,    0.0000000000E+00,    0.0000000000E+00,    0.0000000000E+00,    2.1164462967E+02
    156000,      0.676952,CP9_after_PTsource,   1,    0.0000000000E+00,    2.1164462967E+02,    2.1164462967E+02,    0.0000000000E+00,    0.0000000000E+00,    0.0000000000E+00,    2.1164462967E+02
    156000,      0.676952,CP10_after_neg_clamp,   1,    0.0000000000E+00,    2.1164462967E+02,    2.1164462967E+02,    0.0000000000E+00,    0.0000000000E+00,    0.0000000000E+00,    2.1164462967E+02
    156000,      0.676952,CP11_after_MPI,   1,    0.0000000000E+00,    2.1164462967E+02,    2.1164462967E+02,    0.0000000000E+00,    0.0000000000E+00,    0.0000000000E+00,    2.1164462967E+02
    156000,      0.676952,CP12_end,   1,    0.0000000000E+00,    2.1164462967E+02,    2.1164462967E+02,    0.0000000000E+00,    0.0000000000E+00,    0.0000000000E+00,    2.1164462967E+02
    156050,      0.676952,CP0_start,   1,    0.0000000000E+00,    2.1173510965E+02,    2.1173510965E+02,    0.0000000000E+00,    0.0000000000E+00,    0.0000000000E+00,    2.1173510965E+02
    156050,      0.676952,CP1_after_deposition,   1,    0.0000000000E+00,    2.1173510965E+02,    2.1173510965E+02,    0.0000000000E+00,    0.0000000000E+00,    0.0000000000E+00,    2.1173510965E+02
    156050,      0.676952,CP2_after_erosion,   1,    0.0000000000E+00,    2.1173510965E+02,    2.1173510965E+02,    0.0000000000E+00,    0.0000000000E+00,    0.0000000000E+00,    2.1173510965E+02
    156050,      0.676952,CP3_after_update_bottom,   1,    0.0000000000E+00,    2.1173510965E+02,    2.1173510965E+02,    0.0000000000E+00,    0.0000000000E+00,    0.0000000000E+00,    2.1173510965E+02
    156050,      0.676952,CP4_after_advection,   1,    0.0000000000E+00,    2.1172656191E+02,    2.1172656191E+02,    0.0000000000E+00,    0.0000000000E+00,    0.0000000000E+00,    2.1172656191E+02
    156050,      0.676952,CP5_after_vdif,   1,    0.0000000000E+00,    2.1172656191E+02,    2.1172656191E+02,    0.0000000000E+00,    0.0000000000E+00,    0.0000000000E+00,    2.1172656191E+02
    156050,      0.676952,CP6_after_kinetics,   1,    0.0000000000E+00,    2.1172656191E+02,    2.1172656191E+02,    0.0000000000E+00,    0.0000000000E+00,    0.0000000000E+00,    2.1172656191E+02
    156050,      0.676952,CP7_after_upper_clamp,   1,    0.0000000000E+00,    2.1172656191E+02,    2.1172656191E+02,    0.0000000000E+00,    0.0000000000E+00,    0.0000000000E+00,    2.1172656191E+02
    156050,      0.676952,CP8_after_OBC,   1,    0.0000000000E+00,    2.1172656191E+02,    2.1172656191E+02,    0.0000000000E+00,    0.0000000000E+00,    0.0000000000E+00,    2.1172656191E+02
    156050,      0.676952,CP9_after_PTsource,   1,    0.0000000000E+00,    2.1172656191E+02,    2.1172656191E+02,    0.0000000000E+00,    0.0000000000E+00,    0.0000000000E+00,    2.1172656191E+02
    156050,      0.676952,CP10_after_neg_clamp,   1,    0.0000000000E+00,    2.1172656191E+02,    2.1172656191E+02,    0.0000000000E+00,    0.0000000000E+00,    0.0000000000E+00,    2.1172656191E+02
    156050,      0.676952,CP11_after_MPI,   1,    0.0000000000E+00,    2.1172656191E+02,    2.1172656191E+02,    0.0000000000E+00,    0.0000000000E+00,    0.0000000000E+00,    2.1172656191E+02
    156050,      0.676952,CP12_end,   1,    0.0000000000E+00,    2.1172656191E+02,    2.1172656191E+02,    0.0000000000E+00,    0.0000000000E+00,    0.0000000000E+00,    2.1172656191E+02
    156100,      0.676952,CP0_start,   1,    0.0000000000E+00,    2.1182101174E+02,    2.1182101174E+02,    0.0000000000E+00,    0.0000000000E+00,    0.0000000000E+00,    2.1182101174E+02
    156100,      0.676952,CP1_after_deposition,   1,    0.0000000000E+00,    2.1182101174E+02,    2.1182101174E+02,    0.0000000000E+00,    0.0000000000E+00,    0.0000000000E+00,    2.1182101174E+02
    156100,      0.676952,CP2_after_erosion,   1,    0.0000000000E+00,    2.1182101174E+02,    2.1182101174E+02,    0.0000000000E+00,    0.0000000000E+00,    0.0000000000E+00,    2.1182101174E+02
    156100,      0.676952,CP3_after_update_bottom,   1,    0.0000000000E+00,    2.1182101174E+02,    2.1182101174E+02,    0.0000000000E+00,    0.0000000000E+00,    0.0000000000E+00,    2.1182101174E+02
    156100,      0.676952,CP4_after_advection,   1,    0.0000000000E+00,    2.1181244268E+02,    2.1181244268E+02,    0.0000000000E+00,    0.0000000000E+00,    0.0000000000E+00,    2.1181244268E+02
    156100,      0.676952,CP5_after_vdif,   1,    0.0000000000E+00,    2.1181244268E+02,    2.1181244268E+02,    0.0000000000E+00,    0.0000000000E+00,    0.0000000000E+00,    2.1181244268E+02
    156100,      0.676952,CP6_after_kinetics,   1,    0.0000000000E+00,    2.1181244268E+02,    2.1181244268E+02,    0.0000000000E+00,    0.0000000000E+00,    0.0000000000E+00,    2.1181244268E+02
    156100,      0.676952,CP7_after_upper_clamp,   1,    0.0000000000E+00,    2.1181244268E+02,    2.1181244268E+02,    0.0000000000E+00,    0.0000000000E+00,    0.0000000000E+00,    2.1181244268E+02
    156100,      0.676952,CP8_after_OBC,   1,    0.0000000000E+00,    2.1181244268E+02,    2.1181244268E+02,    0.0000000000E+00,    0.0000000000E+00,    0.0000000000E+00,    2.1181244268E+02
    156100,      0.676952,CP9_after_PTsource,   1,    0.0000000000E+00,    2.1181244268E+02,    2.1181244268E+02,    0.0000000000E+00,    0.0000000000E+00,    0.0000000000E+00,    2.1181244268E+02
    156100,      0.676952,CP10_after_neg_clamp,   1,    0.0000000000E+00,    2.1181244268E+02,    2.1181244268E+02,    0.0000000000E+00,    0.0000000000E+00,    0.0000000000E+00,    2.1181244268E+02
    156100,      0.676952,CP11_after_MPI,   1,    0.0000000000E+00,    2.1181244268E+02,    2.1181244268E+02,    0.0000000000E+00,    0.0000000000E+00,    0.0000000000E+00,    2.1181244268E+02
    156100,      0.676952,CP12_end,   1,    0.0000000000E+00,    2.1181244268E+02,    2.1181244268E+02,    0.0000000000E+00,    0.0000000000E+00,    0.0000000000E+00,    2.1181244268E+02
    156150,      0.676952,CP0_start,   1,    0.0000000000E+00,    2.1191054738E+02,    2.1191054738E+02,    0.0000000000E+00,    0.0000000000E+00,    0.0000000000E+00,    2.1191054738E+02
    156150,      0.676952,CP1_after_deposition,   1,    0.0000000000E+00,    2.1191054738E+02,    2.1191054738E+02,    0.0000000000E+00,    0.0000000000E+00,    0.0000000000E+00,    2.1191054738E+02
    156150,      0.676952,CP2_after_erosion,   1,    0.0000000000E+00,    2.1191054738E+02,    2.1191054738E+02,    0.0000000000E+00,    0.0000000000E+00,    0.0000000000E+00,    2.1191054738E+02
    156150,      0.676952,CP3_after_update_bottom,   1,    0.0000000000E+00,    2.1191054738E+02,    2.1191054738E+02,    0.0000000000E+00,    0.0000000000E+00,    0.0000000000E+00,    2.1191054738E+02
    156150,      0.676952,CP4_after_advection,   1,    0.0000000000E+00,    2.1190193340E+02,    2.1190193340E+02,    0.0000000000E+00,    0.0000000000E+00,    0.0000000000E+00,    2.1190193340E+02
    156150,      0.676952,CP5_after_vdif,   1,    0.0000000000E+00,    2.1190193340E+02,    2.1190193340E+02,    0.0000000000E+00,    0.0000000000E+00,    0.0000000000E+00,    2.1190193340E+02
    156150,      0.676952,CP6_after_kinetics,   1,    0.0000000000E+00,    2.1190193340E+02,    2.1190193340E+02,    0.0000000000E+00,    0.0000000000E+00,    0.0000000000E+00,    2.1190193340E+02
    156150,      0.676952,CP7_after_upper_clamp,   1,    0.0000000000E+00,    2.1190193340E+02,    2.1190193340E+02,    0.0000000000E+00,    0.0000000000E+00,    0.0000000000E+00,    2.1190193340E+02
    156150,      0.676952,CP8_after_OBC,   1,    0.0000000000E+00,    2.1190193340E+02,    2.1190193340E+02,    0.0000000000E+00,    0.0000000000E+00,    0.0000000000E+00,    2.1190193340E+02
    156150,      0.676952,CP9_after_PTsource,   1,    0.0000000000E+00,    2.1190193340E+02,    2.1190193340E+02,    0.0000000000E+00,    0.0000000000E+00,    0.0000000000E+00,    2.1190193340E+02
    156150,      0.676952,CP10_after_neg_clamp,   1,    0.0000000000E+00,    2.1190193340E+02,    2.1190193340E+02,    0.0000000000E+00,    0.0000000000E+00,    0.0000000000E+00,    2.1190193340E+02
    156150,      0.676952,CP11_after_MPI,   1,    0.0000000000E+00,    2.1190193340E+02,    2.1190193340E+02,    0.0000000000E+00,    0.0000000000E+00,    0.0000000000E+00,    2.1190193340E+02
    156150,      0.676952,CP12_end,   1,    0.0000000000E+00,    2.1190193340E+02,    2.1190193340E+02,    0.0000000000E+00,    0.0000000000E+00,    0.0000000000E+00,    2.1190193340E+02
    156200,      0.676952,CP0_start,   1,    0.0000000000E+00,    2.1200142542E+02,    2.1200142542E+02,    0.0000000000E+00,    0.0000000000E+00,    0.0000000000E+00,    2.1200142542E+02
    156200,      0.676952,CP1_after_deposition,   1,    0.0000000000E+00,    2.1200142542E+02,    2.1200142542E+02,    0.0000000000E+00,    0.0000000000E+00,    0.0000000000E+00,    2.1200142542E+02
    156200,      0.676952,CP2_after_erosion,   1,    0.0000000000E+00,    2.1200142542E+02,    2.1200142542E+02,    0.0000000000E+00,    0.0000000000E+00,    0.0000000000E+00,    2.1200142542E+02
    156200,      0.676952,CP3_after_update_bottom,   1,    0.0000000000E+00,    2.1200142542E+02,    2.1200142542E+02,    0.0000000000E+00,    0.0000000000E+00,    0.0000000000E+00,    2.1200142542E+02
    156200,      0.676952,CP4_after_advection,   1,    0.0000000000E+00,    2.1199270788E+02,    2.1199270788E+02,    0.0000000000E+00,    0.0000000000E+00,    0.0000000000E+00,    2.1199270788E+02
    156200,      0.676952,CP5_after_vdif,   1,    0.0000000000E+00,    2.1199270788E+02,    2.1199270788E+02,    0.0000000000E+00,    0.0000000000E+00,    0.0000000000E+00,    2.1199270788E+02
    156200,      0.676952,CP6_after_kinetics,   1,    0.0000000000E+00,    2.1199270788E+02,    2.1199270788E+02,    0.0000000000E+00,    0.0000000000E+00,    0.0000000000E+00,    2.1199270788E+02
    156200,      0.676952,CP7_after_upper_clamp,   1,    0.0000000000E+00,    2.1199270788E+02,    2.1199270788E+02,    0.0000000000E+00,    0.0000000000E+00,    0.0000000000E+00,    2.1199270788E+02
    156200,      0.676952,CP8_after_OBC,   1,    0.0000000000E+00,    2.1199270788E+02,    2.1199270788E+02,    0.0000000000E+00,    0.0000000000E+00,    0.0000000000E+00,    2.1199270788E+02
    156200,      0.676952,CP9_after_PTsource,   1,    0.0000000000E+00,    2.1199270788E+02,    2.1199270788E+02,    0.0000000000E+00,    0.0000000000E+00,    0.0000000000E+00,    2.1199270788E+02
    156200,      0.676952,CP10_after_neg_clamp,   1,    0.0000000000E+00,    2.1199270788E+02,    2.1199270788E+02,    0.0000000000E+00,    0.0000000000E+00,    0.0000000000E+00,    2.1199270788E+02
    156200,      0.676952,CP11_after_MPI,   1,    0.0000000000E+00,    2.1199270788E+02,    2.1199270788E+02,    0.0000000000E+00,    0.0000000000E+00,    0.0000000000E+00,    2.1199270788E+02
    156200,      0.676952,CP12_end,   1,    0.0000000000E+00,    2.1199270788E+02,    2.1199270788E+02,    0.0000000000E+00,    0.0000000000E+00,    0.0000000000E+00,    2.1199270788E+02
    156250,      0.676952,CP0_start,   1,    0.0000000000E+00,    2.1208956930E+02,    2.1208956930E+02,    0.0000000000E+00,    0.0000000000E+00,    0.0000000000E+00,    2.1208956930E+02
    156250,      0.676952,CP1_after_deposition,   1,    0.0000000000E+00,    2.1208956930E+02,    2.1208956930E+02,    0.0000000000E+00,    0.0000000000E+00,    0.0000000000E+00,    2.1208956930E+02
    156250,      0.676952,CP2_after_erosion,   1,    0.0000000000E+00,    2.1208956930E+02,    2.1208956930E+02,    0.0000000000E+00,    0.0000000000E+00,    0.0000000000E+00,    2.1208956930E+02
    156250,      0.676952,CP3_after_update_bottom,   1,    0.0000000000E+00,    2.1208956930E+02,    2.1208956930E+02,    0.0000000000E+00,    0.0000000000E+00,    0.0000000000E+00,    2.1208956930E+02
    156250,      0.676952,CP4_after_advection,   1,    0.0000000000E+00,    2.1208066307E+02,    2.1208066307E+02,    0.0000000000E+00,    0.0000000000E+00,    0.0000000000E+00,    2.1208066307E+02
    156250,      0.676952,CP5_after_vdif,   1,    0.0000000000E+00,    2.1208066307E+02,    2.1208066307E+02,    0.0000000000E+00,    0.0000000000E+00,    0.0000000000E+00,    2.1208066307E+02
    156250,      0.676952,CP6_after_kinetics,   1,    0.0000000000E+00,    2.1208066307E+02,    2.1208066307E+02,    0.0000000000E+00,    0.0000000000E+00,    0.0000000000E+00,    2.1208066307E+02
    156250,      0.676952,CP7_after_upper_clamp,   1,    0.0000000000E+00,    2.1208066307E+02,    2.1208066307E+02,    0.0000000000E+00,    0.0000000000E+00,    0.0000000000E+00,    2.1208066307E+02
    156250,      0.676952,CP8_after_OBC,   1,    0.0000000000E+00,    2.1208066307E+02,    2.1208066307E+02,    0.0000000000E+00,    0.0000000000E+00,    0.0000000000E+00,    2.1208066307E+02
    156250,      0.676952,CP9_after_PTsource,   1,    0.0000000000E+00,    2.1208066307E+02,    2.1208066307E+02,    0.0000000000E+00,    0.0000000000E+00,    0.0000000000E+00,    2.1208066307E+02
    156250,      0.676952,CP10_after_neg_clamp,   1,    0.0000000000E+00,    2.1208066307E+02,    2.1208066307E+02,    0.0000000000E+00,    0.0000000000E+00,    0.0000000000E+00,    2.1208066307E+02
    156250,      0.676952,CP11_after_MPI,   1,    0.0000000000E+00,    2.1208066307E+02,    2.1208066307E+02,    0.0000000000E+00,    0.0000000000E+00,    0.0000000000E+00,    2.1208066307E+02
    156250,      0.676952,CP12_end,   1,    0.0000000000E+00,    2.1208066307E+02,    2.1208066307E+02,    0.0000000000E+00,    0.0000000000E+00,    0.0000000000E+00,    2.1208066307E+02
    156300,      0.676952,CP0_start,   1,    0.0000000000E+00,    2.1217165822E+02,    2.1217165822E+02,    0.0000000000E+00,    0.0000000000E+00,    0.0000000000E+00,    2.1217165822E+02
    156300,      0.676952,CP1_after_deposition,   1,    0.0000000000E+00,    2.1217165822E+02,    2.1217165822E+02,    0.0000000000E+00,    0.0000000000E+00,    0.0000000000E+00,    2.1217165822E+02
    156300,      0.676952,CP2_after_erosion,   1,    0.0000000000E+00,    2.1217165822E+02,    2.1217165822E+02,    0.0000000000E+00,    0.0000000000E+00,    0.0000000000E+00,    2.1217165822E+02
    156300,      0.676952,CP3_after_update_bottom,   1,    0.0000000000E+00,    2.1217165822E+02,    2.1217165822E+02,    0.0000000000E+00,    0.0000000000E+00,    0.0000000000E+00,    2.1217165822E+02
    156300,      0.676952,CP4_after_advection,   1,    0.0000000000E+00,    2.1216253368E+02,    2.1216253368E+02,    0.0000000000E+00,    0.0000000000E+00,    0.0000000000E+00,    2.1216253368E+02
    156300,      0.676952,CP5_after_vdif,   1,    0.0000000000E+00,    2.1216253368E+02,    2.1216253368E+02,    0.0000000000E+00,    0.0000000000E+00,    0.0000000000E+00,    2.1216253368E+02
    156300,      0.676952,CP6_after_kinetics,   1,    0.0000000000E+00,    2.1216253368E+02,    2.1216253368E+02,    0.0000000000E+00,    0.0000000000E+00,    0.0000000000E+00,    2.1216253368E+02
    156300,      0.676952,CP7_after_upper_clamp,   1,    0.0000000000E+00,    2.1216253368E+02,    2.1216253368E+02,    0.0000000000E+00,    0.0000000000E+00,    0.0000000000E+00,    2.1216253368E+02
    156300,      0.676952,CP8_after_OBC,   1,    0.0000000000E+00,    2.1216253368E+02,    2.1216253368E+02,    0.0000000000E+00,    0.0000000000E+00,    0.0000000000E+00,    2.1216253368E+02
    156300,      0.676952,CP9_after_PTsource,   1,    0.0000000000E+00,    2.1216253368E+02,    2.1216253368E+02,    0.0000000000E+00,    0.0000000000E+00,    0.0000000000E+00,    2.1216253368E+02
    156300,      0.676952,CP10_after_neg_clamp,   1,    0.0000000000E+00,    2.1216253368E+02,    2.1216253368E+02,    0.0000000000E+00,    0.0000000000E+00,    0.0000000000E+00,    2.1216253368E+02
    156300,      0.676952,CP11_after_MPI,   1,    0.0000000000E+00,    2.1216253368E+02,    2.1216253368E+02,    0.0000000000E+00,    0.0000000000E+00,    0.0000000000E+00,    2.1216253368E+02
    156300,      0.676952,CP12_end,   1,    0.0000000000E+00,    2.1216253368E+02,    2.1216253368E+02,    0.0000000000E+00,    0.0000000000E+00,    0.0000000000E+00,    2.1216253368E+02
    156350,      0.676952,CP0_start,   1,    0.0000000000E+00,    2.1224732999E+02,    2.1224732999E+02,    0.0000000000E+00,    0.0000000000E+00,    0.0000000000E+00,    2.1224732999E+02
    156350,      0.676952,CP1_after_deposition,   1,    0.0000000000E+00,    2.1224732999E+02,    2.1224732999E+02,    0.0000000000E+00,    0.0000000000E+00,    0.0000000000E+00,    2.1224732999E+02
    156350,      0.676952,CP2_after_erosion,   1,    0.0000000000E+00,    2.1224732999E+02,    2.1224732999E+02,    0.0000000000E+00,    0.0000000000E+00,    0.0000000000E+00,    2.1224732999E+02
    156350,      0.676952,CP3_after_update_bottom,   1,    0.0000000000E+00,    2.1224732999E+02,    2.1224732999E+02,    0.0000000000E+00,    0.0000000000E+00,    0.0000000000E+00,    2.1224732999E+02
    156350,      0.676952,CP4_after_advection,   1,    0.0000000000E+00,    2.1223801059E+02,    2.1223801059E+02,    0.0000000000E+00,    0.0000000000E+00,    0.0000000000E+00,    2.1223801059E+02
    156350,      0.676952,CP5_after_vdif,   1,    0.0000000000E+00,    2.1223801059E+02,    2.1223801059E+02,    0.0000000000E+00,    0.0000000000E+00,    0.0000000000E+00,    2.1223801059E+02
    156350,      0.676952,CP6_after_kinetics,   1,    0.0000000000E+00,    2.1223801059E+02,    2.1223801059E+02,    0.0000000000E+00,    0.0000000000E+00,    0.0000000000E+00,    2.1223801059E+02
    156350,      0.676952,CP7_after_upper_clamp,   1,    0.0000000000E+00,    2.1223801059E+02,    2.1223801059E+02,    0.0000000000E+00,    0.0000000000E+00,    0.0000000000E+00,    2.1223801059E+02
    156350,      0.676952,CP8_after_OBC,   1,    0.0000000000E+00,    2.1223801059E+02,    2.1223801059E+02,    0.0000000000E+00,    0.0000000000E+00,    0.0000000000E+00,    2.1223801059E+02
    156350,      0.676952,CP9_after_PTsource,   1,    0.0000000000E+00,    2.1223801059E+02,    2.1223801059E+02,    0.0000000000E+00,    0.0000000000E+00,    0.0000000000E+00,    2.1223801059E+02
    156350,      0.676952,CP10_after_neg_clamp,   1,    0.0000000000E+00,    2.1223801059E+02,    2.1223801059E+02,    0.0000000000E+00,    0.0000000000E+00,    0.0000000000E+00,    2.1223801059E+02
    156350,      0.676952,CP11_after_MPI,   1,    0.0000000000E+00,    2.1223801059E+02,    2.1223801059E+02,    0.0000000000E+00,    0.0000000000E+00,    0.0000000000E+00,    2.1223801059E+02
    156350,      0.676952,CP12_end,   1,    0.0000000000E+00,    2.1223801059E+02,    2.1223801059E+02,    0.0000000000E+00,    0.0000000000E+00,    0.0000000000E+00,    2.1223801059E+02
    156400,      0.676952,CP0_start,   1,    0.0000000000E+00,    2.1231851143E+02,    2.1231851143E+02,    0.0000000000E+00,    0.0000000000E+00,    0.0000000000E+00,    2.1231851143E+02
    156400,      0.676952,CP1_after_deposition,   1,    0.0000000000E+00,    2.1231851143E+02,    2.1231851143E+02,    0.0000000000E+00,    0.0000000000E+00,    0.0000000000E+00,    2.1231851143E+02
    156400,      0.676952,CP2_after_erosion,   1,    0.0000000000E+00,    2.1231851143E+02,    2.1231851143E+02,    0.0000000000E+00,    0.0000000000E+00,    0.0000000000E+00,    2.1231851143E+02
    156400,      0.676952,CP3_after_update_bottom,   1,    0.0000000000E+00,    2.1231851143E+02,    2.1231851143E+02,    0.0000000000E+00,    0.0000000000E+00,    0.0000000000E+00,    2.1231851143E+02
    156400,      0.676952,CP4_after_advection,   1,    0.0000000000E+00,    2.1230905231E+02,    2.1230905231E+02,    0.0000000000E+00,    0.0000000000E+00,    0.0000000000E+00,    2.1230905231E+02
    156400,      0.676952,CP5_after_vdif,   1,    0.0000000000E+00,    2.1230905231E+02,    2.1230905231E+02,    0.0000000000E+00,    0.0000000000E+00,    0.0000000000E+00,    2.1230905231E+02
    156400,      0.676952,CP6_after_kinetics,   1,    0.0000000000E+00,    2.1230905231E+02,    2.1230905231E+02,    0.0000000000E+00,    0.0000000000E+00,    0.0000000000E+00,    2.1230905231E+02
    156400,      0.676952,CP7_after_upper_clamp,   1,    0.0000000000E+00,    2.1230905231E+02,    2.1230905231E+02,    0.0000000000E+00,    0.0000000000E+00,    0.0000000000E+00,    2.1230905231E+02
    156400,      0.676952,CP8_after_OBC,   1,    0.0000000000E+00,    2.1230905231E+02,    2.1230905231E+02,    0.0000000000E+00,    0.0000000000E+00,    0.0000000000E+00,    2.1230905231E+02
    156400,      0.676952,CP9_after_PTsource,   1,    0.0000000000E+00,    2.1230905231E+02,    2.1230905231E+02,    0.0000000000E+00,    0.0000000000E+00,    0.0000000000E+00,    2.1230905231E+02
    156400,      0.676952,CP10_after_neg_clamp,   1,    0.0000000000E+00,    2.1230905231E+02,    2.1230905231E+02,    0.0000000000E+00,    0.0000000000E+00,    0.0000000000E+00,    2.1230905231E+02
    156400,      0.676952,CP11_after_MPI,   1,    0.0000000000E+00,    2.1230905231E+02,    2.1230905231E+02,    0.0000000000E+00,    0.0000000000E+00,    0.0000000000E+00,    2.1230905231E+02
    156400,      0.676952,CP12_end,   1,    0.0000000000E+00,    2.1230905231E+02,    2.1230905231E+02,    0.0000000000E+00,    0.0000000000E+00,    0.0000000000E+00,    2.1230905231E+02
    156450,      0.676952,CP0_start,   1,    0.0000000000E+00,    2.1238717460E+02,    2.1238717460E+02,    0.0000000000E+00,    0.0000000000E+00,    0.0000000000E+00,    2.1238717460E+02
    156450,      0.676952,CP1_after_deposition,   1,    0.0000000000E+00,    2.1238717460E+02,    2.1238717460E+02,    0.0000000000E+00,    0.0000000000E+00,    0.0000000000E+00,    2.1238717460E+02
    156450,      0.676952,CP2_after_erosion,   1,    0.0000000000E+00,    2.1238717460E+02,    2.1238717460E+02,    0.0000000000E+00,    0.0000000000E+00,    0.0000000000E+00,    2.1238717460E+02
    156450,      0.676952,CP3_after_update_bottom,   1,    0.0000000000E+00,    2.1238717460E+02,    2.1238717460E+02,    0.0000000000E+00,    0.0000000000E+00,    0.0000000000E+00,    2.1238717460E+02
    156450,      0.676952,CP4_after_advection,   1,    0.0000000000E+00,    2.1237761150E+02,    2.1237761150E+02,    0.0000000000E+00,    0.0000000000E+00,    0.0000000000E+00,    2.1237761150E+02
    156450,      0.676952,CP5_after_vdif,   1,    0.0000000000E+00,    2.1237761150E+02,    2.1237761150E+02,    0.0000000000E+00,    0.0000000000E+00,    0.0000000000E+00,    2.1237761150E+02
    156450,      0.676952,CP6_after_kinetics,   1,    0.0000000000E+00,    2.1237761150E+02,    2.1237761150E+02,    0.0000000000E+00,    0.0000000000E+00,    0.0000000000E+00,    2.1237761150E+02
    156450,      0.676952,CP7_after_upper_clamp,   1,    0.0000000000E+00,    2.1237761150E+02,    2.1237761150E+02,    0.0000000000E+00,    0.0000000000E+00,    0.0000000000E+00,    2.1237761150E+02
    156450,      0.676952,CP8_after_OBC,   1,    0.0000000000E+00,    2.1237761150E+02,    2.1237761150E+02,    0.0000000000E+00,    0.0000000000E+00,    0.0000000000E+00,    2.1237761150E+02
    156450,      0.676952,CP9_after_PTsource,   1,    0.0000000000E+00,    2.1237761150E+02,    2.1237761150E+02,    0.0000000000E+00,    0.0000000000E+00,    0.0000000000E+00,    2.1237761150E+02
    156450,      0.676952,CP10_after_neg_clamp,   1,    0.0000000000E+00,    2.1237761150E+02,    2.1237761150E+02,    0.0000000000E+00,    0.0000000000E+00,    0.0000000000E+00,    2.1237761150E+02
    156450,      0.676952,CP11_after_MPI,   1,    0.0000000000E+00,    2.1237761150E+02,    2.1237761150E+02,    0.0000000000E+00,    0.0000000000E+00,    0.0000000000E+00,    2.1237761150E+02
    156450,      0.676952,CP12_end,   1,    0.0000000000E+00,    2.1237761150E+02,    2.1237761150E+02,    0.0000000000E+00,    0.0000000000E+00,    0.0000000000E+00,    2.1237761150E+02
    156500,      0.676952,CP0_start,   1,    0.0000000000E+00,    2.1245379964E+02,    2.1245379964E+02,    0.0000000000E+00,    0.0000000000E+00,    0.0000000000E+00,    2.1245379964E+02
    156500,      0.676952,CP1_after_deposition,   1,    0.0000000000E+00,    2.1245379964E+02,    2.1245379964E+02,    0.0000000000E+00,    0.0000000000E+00,    0.0000000000E+00,    2.1245379964E+02
    156500,      0.676952,CP2_after_erosion,   1,    0.0000000000E+00,    2.1245379964E+02,    2.1245379964E+02,    0.0000000000E+00,    0.0000000000E+00,    0.0000000000E+00,    2.1245379964E+02
    156500,      0.676952,CP3_after_update_bottom,   1,    0.0000000000E+00,    2.1245379964E+02,    2.1245379964E+02,    0.0000000000E+00,    0.0000000000E+00,    0.0000000000E+00,    2.1245379964E+02
    156500,      0.676952,CP4_after_advection,   1,    0.0000000000E+00,    2.1244413084E+02,    2.1244413084E+02,    0.0000000000E+00,    0.0000000000E+00,    0.0000000000E+00,    2.1244413084E+02
    156500,      0.676952,CP5_after_vdif,   1,    0.0000000000E+00,    2.1244413084E+02,    2.1244413084E+02,    0.0000000000E+00,    0.0000000000E+00,    0.0000000000E+00,    2.1244413084E+02
    156500,      0.676952,CP6_after_kinetics,   1,    0.0000000000E+00,    2.1244413084E+02,    2.1244413084E+02,    0.0000000000E+00,    0.0000000000E+00,    0.0000000000E+00,    2.1244413084E+02
    156500,      0.676952,CP7_after_upper_clamp,   1,    0.0000000000E+00,    2.1244413084E+02,    2.1244413084E+02,    0.0000000000E+00,    0.0000000000E+00,    0.0000000000E+00,    2.1244413084E+02
    156500,      0.676952,CP8_after_OBC,   1,    0.0000000000E+00,    2.1244413084E+02,    2.1244413084E+02,    0.0000000000E+00,    0.0000000000E+00,    0.0000000000E+00,    2.1244413084E+02
    156500,      0.676952,CP9_after_PTsource,   1,    0.0000000000E+00,    2.1244413084E+02,    2.1244413084E+02,    0.0000000000E+00,    0.0000000000E+00,    0.0000000000E+00,    2.1244413084E+02
    156500,      0.676952,CP10_after_neg_clamp,   1,    0.0000000000E+00,    2.1244413084E+02,    2.1244413084E+02,    0.0000000000E+00,    0.0000000000E+00,    0.0000000000E+00,    2.1244413084E+02
    156500,      0.676952,CP11_after_MPI,   1,    0.0000000000E+00,    2.1244413084E+02,    2.1244413084E+02,    0.0000000000E+00,    0.0000000000E+00,    0.0000000000E+00,    2.1244413084E+02
    156500,      0.676952,CP12_end,   1,    0.0000000000E+00,    2.1244413084E+02,    2.1244413084E+02,    0.0000000000E+00,    0.0000000000E+00,    0.0000000000E+00,    2.1244413084E+02
    156550,      0.676952,CP0_start,   1,    0.0000000000E+00,    2.1251813413E+02,    2.1251813413E+02,    0.0000000000E+00,    0.0000000000E+00,    0.0000000000E+00,    2.1251813413E+02
    156550,      0.676952,CP1_after_deposition,   1,    0.0000000000E+00,    2.1251813413E+02,    2.1251813413E+02,    0.0000000000E+00,    0.0000000000E+00,    0.0000000000E+00,    2.1251813413E+02
    156550,      0.676952,CP2_after_erosion,   1,    0.0000000000E+00,    2.1251813413E+02,    2.1251813413E+02,    0.0000000000E+00,    0.0000000000E+00,    0.0000000000E+00,    2.1251813413E+02
    156550,      0.676952,CP3_after_update_bottom,   1,    0.0000000000E+00,    2.1251813413E+02,    2.1251813413E+02,    0.0000000000E+00,    0.0000000000E+00,    0.0000000000E+00,    2.1251813413E+02
    156550,      0.676952,CP4_after_advection,   1,    0.0000000000E+00,    2.1250836784E+02,    2.1250836784E+02,    0.0000000000E+00,    0.0000000000E+00,    0.0000000000E+00,    2.1250836784E+02
    156550,      0.676952,CP5_after_vdif,   1,    0.0000000000E+00,    2.1250836784E+02,    2.1250836784E+02,    0.0000000000E+00,    0.0000000000E+00,    0.0000000000E+00,    2.1250836784E+02
    156550,      0.676952,CP6_after_kinetics,   1,    0.0000000000E+00,    2.1250836784E+02,    2.1250836784E+02,    0.0000000000E+00,    0.0000000000E+00,    0.0000000000E+00,    2.1250836784E+02
    156550,      0.676952,CP7_after_upper_clamp,   1,    0.0000000000E+00,    2.1250836784E+02,    2.1250836784E+02,    0.0000000000E+00,    0.0000000000E+00,    0.0000000000E+00,    2.1250836784E+02
    156550,      0.676952,CP8_after_OBC,   1,    0.0000000000E+00,    2.1250836784E+02,    2.1250836784E+02,    0.0000000000E+00,    0.0000000000E+00,    0.0000000000E+00,    2.1250836784E+02
    156550,      0.676952,CP9_after_PTsource,   1,    0.0000000000E+00,    2.1250836784E+02,    2.1250836784E+02,    0.0000000000E+00,    0.0000000000E+00,    0.0000000000E+00,    2.1250836784E+02
    156550,      0.676952,CP10_after_neg_clamp,   1,    0.0000000000E+00,    2.1250836784E+02,    2.1250836784E+02,    0.0000000000E+00,    0.0000000000E+00,    0.0000000000E+00,    2.1250836784E+02
    156550,      0.676952,CP11_after_MPI,   1,    0.0000000000E+00,    2.1250836784E+02,    2.1250836784E+02,    0.0000000000E+00,    0.0000000000E+00,    0.0000000000E+00,    2.1250836784E+02
    156550,      0.676952,CP12_end,   1,    0.0000000000E+00,    2.1250836784E+02,    2.1250836784E+02,    0.0000000000E+00,    0.0000000000E+00,    0.0000000000E+00,    2.1250836784E+02
    156600,      0.676952,CP0_start,   1,    0.0000000000E+00,    2.1258157456E+02,    2.1258157456E+02,    0.0000000000E+00,    0.0000000000E+00,    0.0000000000E+00,    2.1258157456E+02
    156600,      0.676952,CP1_after_deposition,   1,    0.0000000000E+00,    2.1258157456E+02,    2.1258157456E+02,    0.0000000000E+00,    0.0000000000E+00,    0.0000000000E+00,    2.1258157456E+02
    156600,      0.676952,CP2_after_erosion,   1,    0.0000000000E+00,    2.1258157456E+02,    2.1258157456E+02,    0.0000000000E+00,    0.0000000000E+00,    0.0000000000E+00,    2.1258157456E+02
    156600,      0.676952,CP3_after_update_bottom,   1,    0.0000000000E+00,    2.1258157456E+02,    2.1258157456E+02,    0.0000000000E+00,    0.0000000000E+00,    0.0000000000E+00,    2.1258157456E+02
    156600,      0.676952,CP4_after_advection,   1,    0.0000000000E+00,    2.1257175029E+02,    2.1257175029E+02,    0.0000000000E+00,    0.0000000000E+00,    0.0000000000E+00,    2.1257175029E+02
    156600,      0.676952,CP5_after_vdif,   1,    0.0000000000E+00,    2.1257175029E+02,    2.1257175029E+02,    0.0000000000E+00,    0.0000000000E+00,    0.0000000000E+00,    2.1257175029E+02
    156600,      0.676952,CP6_after_kinetics,   1,    0.0000000000E+00,    2.1257175029E+02,    2.1257175029E+02,    0.0000000000E+00,    0.0000000000E+00,    0.0000000000E+00,    2.1257175029E+02
    156600,      0.676952,CP7_after_upper_clamp,   1,    0.0000000000E+00,    2.1257175029E+02,    2.1257175029E+02,    0.0000000000E+00,    0.0000000000E+00,    0.0000000000E+00,    2.1257175029E+02
    156600,      0.676952,CP8_after_OBC,   1,    0.0000000000E+00,    2.1257175029E+02,    2.1257175029E+02,    0.0000000000E+00,    0.0000000000E+00,    0.0000000000E+00,    2.1257175029E+02
    156600,      0.676952,CP9_after_PTsource,   1,    0.0000000000E+00,    2.1257175029E+02,    2.1257175029E+02,    0.0000000000E+00,    0.0000000000E+00,    0.0000000000E+00,    2.1257175029E+02
    156600,      0.676952,CP10_after_neg_clamp,   1,    0.0000000000E+00,    2.1257175029E+02,    2.1257175029E+02,    0.0000000000E+00,    0.0000000000E+00,    0.0000000000E+00,    2.1257175029E+02
    156600,      0.676952,CP11_after_MPI,   1,    0.0000000000E+00,    2.1257175029E+02,    2.1257175029E+02,    0.0000000000E+00,    0.0000000000E+00,    0.0000000000E+00,    2.1257175029E+02
    156600,      0.676952,CP12_end,   1,    0.0000000000E+00,    2.1257175029E+02,    2.1257175029E+02,    0.0000000000E+00,    0.0000000000E+00,    0.0000000000E+00,    2.1257175029E+02
    156650,      0.676952,CP0_start,   1,    0.0000000000E+00,    2.1264605260E+02,    2.1264605260E+02,    0.0000000000E+00,    0.0000000000E+00,    0.0000000000E+00,    2.1264605260E+02
    156650,      0.676952,CP1_after_deposition,   1,    0.0000000000E+00,    2.1264605260E+02,    2.1264605260E+02,    0.0000000000E+00,    0.0000000000E+00,    0.0000000000E+00,    2.1264605260E+02
    156650,      0.676952,CP2_after_erosion,   1,    0.0000000000E+00,    2.1264605260E+02,    2.1264605260E+02,    0.0000000000E+00,    0.0000000000E+00,    0.0000000000E+00,    2.1264605260E+02
    156650,      0.676952,CP3_after_update_bottom,   1,    0.0000000000E+00,    2.1264605260E+02,    2.1264605260E+02,    0.0000000000E+00,    0.0000000000E+00,    0.0000000000E+00,    2.1264605260E+02
    156650,      0.676952,CP4_after_advection,   1,    0.0000000000E+00,    2.1263620394E+02,    2.1263620394E+02,    0.0000000000E+00,    0.0000000000E+00,    0.0000000000E+00,    2.1263620394E+02
    156650,      0.676952,CP5_after_vdif,   1,    0.0000000000E+00,    2.1263620394E+02,    2.1263620394E+02,    0.0000000000E+00,    0.0000000000E+00,    0.0000000000E+00,    2.1263620394E+02
    156650,      0.676952,CP6_after_kinetics,   1,    0.0000000000E+00,    2.1263620394E+02,    2.1263620394E+02,    0.0000000000E+00,    0.0000000000E+00,    0.0000000000E+00,    2.1263620394E+02
    156650,      0.676952,CP7_after_upper_clamp,   1,    0.0000000000E+00,    2.1263620394E+02,    2.1263620394E+02,    0.0000000000E+00,    0.0000000000E+00,    0.0000000000E+00,    2.1263620394E+02
    156650,      0.676952,CP8_after_OBC,   1,    0.0000000000E+00,    2.1263620394E+02,    2.1263620394E+02,    0.0000000000E+00,    0.0000000000E+00,    0.0000000000E+00,    2.1263620394E+02
    156650,      0.676952,CP9_after_PTsource,   1,    0.0000000000E+00,    2.1263620394E+02,    2.1263620394E+02,    0.0000000000E+00,    0.0000000000E+00,    0.0000000000E+00,    2.1263620394E+02
    156650,      0.676952,CP10_after_neg_clamp,   1,    0.0000000000E+00,    2.1263620394E+02,    2.1263620394E+02,    0.0000000000E+00,    0.0000000000E+00,    0.0000000000E+00,    2.1263620394E+02
    156650,      0.676952,CP11_after_MPI,   1,    0.0000000000E+00,    2.1263620394E+02,    2.1263620394E+02,    0.0000000000E+00,    0.0000000000E+00,    0.0000000000E+00,    2.1263620394E+02
    156650,      0.676952,CP12_end,   1,    0.0000000000E+00,    2.1263620394E+02,    2.1263620394E+02,    0.0000000000E+00,    0.0000000000E+00,    0.0000000000E+00,    2.1263620394E+02
    156700,      0.676952,CP0_start,   1,    0.0000000000E+00,    2.1271247897E+02,    2.1271247897E+02,    0.0000000000E+00,    0.0000000000E+00,    0.0000000000E+00,    2.1271247897E+02
    156700,      0.676952,CP1_after_deposition,   1,    0.0000000000E+00,    2.1271247897E+02,    2.1271247897E+02,    0.0000000000E+00,    0.0000000000E+00,    0.0000000000E+00,    2.1271247897E+02
    156700,      0.676952,CP2_after_erosion,   1,    0.0000000000E+00,    2.1271247897E+02,    2.1271247897E+02,    0.0000000000E+00,    0.0000000000E+00,    0.0000000000E+00,    2.1271247897E+02
    156700,      0.676952,CP3_after_update_bottom,   1,    0.0000000000E+00,    2.1271247897E+02,    2.1271247897E+02,    0.0000000000E+00,    0.0000000000E+00,    0.0000000000E+00,    2.1271247897E+02
    156700,      0.676952,CP4_after_advection,   1,    0.0000000000E+00,    2.1270261523E+02,    2.1270261523E+02,    0.0000000000E+00,    0.0000000000E+00,    0.0000000000E+00,    2.1270261523E+02
    156700,      0.676952,CP5_after_vdif,   1,    0.0000000000E+00,    2.1270261523E+02,    2.1270261523E+02,    0.0000000000E+00,    0.0000000000E+00,    0.0000000000E+00,    2.1270261523E+02
    156700,      0.676952,CP6_after_kinetics,   1,    0.0000000000E+00,    2.1270261523E+02,    2.1270261523E+02,    0.0000000000E+00,    0.0000000000E+00,    0.0000000000E+00,    2.1270261523E+02
    156700,      0.676952,CP7_after_upper_clamp,   1,    0.0000000000E+00,    2.1270261523E+02,    2.1270261523E+02,    0.0000000000E+00,    0.0000000000E+00,    0.0000000000E+00,    2.1270261523E+02
    156700,      0.676952,CP8_after_OBC,   1,    0.0000000000E+00,    2.1270261523E+02,    2.1270261523E+02,    0.0000000000E+00,    0.0000000000E+00,    0.0000000000E+00,    2.1270261523E+02
    156700,      0.676952,CP9_after_PTsource,   1,    0.0000000000E+00,    2.1270261523E+02,    2.1270261523E+02,    0.0000000000E+00,    0.0000000000E+00,    0.0000000000E+00,    2.1270261523E+02
    156700,      0.676952,CP10_after_neg_clamp,   1,    0.0000000000E+00,    2.1270261523E+02,    2.1270261523E+02,    0.0000000000E+00,    0.0000000000E+00,    0.0000000000E+00,    2.1270261523E+02
    156700,      0.676952,CP11_after_MPI,   1,    0.0000000000E+00,    2.1270261523E+02,    2.1270261523E+02,    0.0000000000E+00,    0.0000000000E+00,    0.0000000000E+00,    2.1270261523E+02
    156700,      0.676952,CP12_end,   1,    0.0000000000E+00,    2.1270261523E+02,    2.1270261523E+02,    0.0000000000E+00,    0.0000000000E+00,    0.0000000000E+00,    2.1270261523E+02
    156750,      0.676952,CP0_start,   1,    0.0000000000E+00,    2.1278061483E+02,    2.1278061483E+02,    0.0000000000E+00,    0.0000000000E+00,    0.0000000000E+00,    2.1278061483E+02
    156750,      0.676952,CP1_after_deposition,   1,    0.0000000000E+00,    2.1278061483E+02,    2.1278061483E+02,    0.0000000000E+00,    0.0000000000E+00,    0.0000000000E+00,    2.1278061483E+02
    156750,      0.676952,CP2_after_erosion,   1,    0.0000000000E+00,    2.1278061483E+02,    2.1278061483E+02,    0.0000000000E+00,    0.0000000000E+00,    0.0000000000E+00,    2.1278061483E+02
    156750,      0.676952,CP3_after_update_bottom,   1,    0.0000000000E+00,    2.1278061483E+02,    2.1278061483E+02,    0.0000000000E+00,    0.0000000000E+00,    0.0000000000E+00,    2.1278061483E+02
    156750,      0.676952,CP4_after_advection,   1,    0.0000000000E+00,    2.1277073523E+02,    2.1277073523E+02,    0.0000000000E+00,    0.0000000000E+00,    0.0000000000E+00,    2.1277073523E+02
    156750,      0.676952,CP5_after_vdif,   1,    0.0000000000E+00,    2.1277073523E+02,    2.1277073523E+02,    0.0000000000E+00,    0.0000000000E+00,    0.0000000000E+00,    2.1277073523E+02
    156750,      0.676952,CP6_after_kinetics,   1,    0.0000000000E+00,    2.1277073523E+02,    2.1277073523E+02,    0.0000000000E+00,    0.0000000000E+00,    0.0000000000E+00,    2.1277073523E+02
    156750,      0.676952,CP7_after_upper_clamp,   1,    0.0000000000E+00,    2.1277073523E+02,    2.1277073523E+02,    0.0000000000E+00,    0.0000000000E+00,    0.0000000000E+00,    2.1277073523E+02
    156750,      0.676952,CP8_after_OBC,   1,    0.0000000000E+00,    2.1277073523E+02,    2.1277073523E+02,    0.0000000000E+00,    0.0000000000E+00,    0.0000000000E+00,    2.1277073523E+02
    156750,      0.676952,CP9_after_PTsource,   1,    0.0000000000E+00,    2.1277073523E+02,    2.1277073523E+02,    0.0000000000E+00,    0.0000000000E+00,    0.0000000000E+00,    2.1277073523E+02
    156750,      0.676952,CP10_after_neg_clamp,   1,    0.0000000000E+00,    2.1277073523E+02,    2.1277073523E+02,    0.0000000000E+00,    0.0000000000E+00,    0.0000000000E+00,    2.1277073523E+02
    156750,      0.676952,CP11_after_MPI,   1,    0.0000000000E+00,    2.1277073523E+02,    2.1277073523E+02,    0.0000000000E+00,    0.0000000000E+00,    0.0000000000E+00,    2.1277073523E+02
    156750,      0.676952,CP12_end,   1,    0.0000000000E+00,    2.1277073523E+02,    2.1277073523E+02,    0.0000000000E+00,    0.0000000000E+00,    0.0000000000E+00,    2.1277073523E+02
    156800,      0.676952,CP0_start,   1,    0.0000000000E+00,    2.1285045806E+02,    2.1285045806E+02,    0.0000000000E+00,    0.0000000000E+00,    0.0000000000E+00,    2.1285045806E+02
    156800,      0.676952,CP1_after_deposition,   1,    0.0000000000E+00,    2.1285045806E+02,    2.1285045806E+02,    0.0000000000E+00,    0.0000000000E+00,    0.0000000000E+00,    2.1285045806E+02
    156800,      0.676952,CP2_after_erosion,   1,    0.0000000000E+00,    2.1285045806E+02,    2.1285045806E+02,    0.0000000000E+00,    0.0000000000E+00,    0.0000000000E+00,    2.1285045806E+02
    156800,      0.676952,CP3_after_update_bottom,   1,    0.0000000000E+00,    2.1285045806E+02,    2.1285045806E+02,    0.0000000000E+00,    0.0000000000E+00,    0.0000000000E+00,    2.1285045806E+02
    156800,      0.676952,CP4_after_advection,   1,    0.0000000000E+00,    2.1284057136E+02,    2.1284057136E+02,    0.0000000000E+00,    0.0000000000E+00,    0.0000000000E+00,    2.1284057136E+02
    156800,      0.676952,CP5_after_vdif,   1,    0.0000000000E+00,    2.1284057136E+02,    2.1284057136E+02,    0.0000000000E+00,    0.0000000000E+00,    0.0000000000E+00,    2.1284057136E+02
    156800,      0.676952,CP6_after_kinetics,   1,    0.0000000000E+00,    2.1284057136E+02,    2.1284057136E+02,    0.0000000000E+00,    0.0000000000E+00,    0.0000000000E+00,    2.1284057136E+02
    156800,      0.676952,CP7_after_upper_clamp,   1,    0.0000000000E+00,    2.1284057136E+02,    2.1284057136E+02,    0.0000000000E+00,    0.0000000000E+00,    0.0000000000E+00,    2.1284057136E+02
    156800,      0.676952,CP8_after_OBC,   1,    0.0000000000E+00,    2.1284057136E+02,    2.1284057136E+02,    0.0000000000E+00,    0.0000000000E+00,    0.0000000000E+00,    2.1284057136E+02
    156800,      0.676952,CP9_after_PTsource,   1,    0.0000000000E+00,    2.1284057136E+02,    2.1284057136E+02,    0.0000000000E+00,    0.0000000000E+00,    0.0000000000E+00,    2.1284057136E+02
    156800,      0.676952,CP10_after_neg_clamp,   1,    0.0000000000E+00,    2.1284057136E+02,    2.1284057136E+02,    0.0000000000E+00,    0.0000000000E+00,    0.0000000000E+00,    2.1284057136E+02
    156800,      0.676952,CP11_after_MPI,   1,    0.0000000000E+00,    2.1284057136E+02,    2.1284057136E+02,    0.0000000000E+00,    0.0000000000E+00,    0.0000000000E+00,    2.1284057136E+02
    156800,      0.676952,CP12_end,   1,    0.0000000000E+00,    2.1284057136E+02,    2.1284057136E+02,    0.0000000000E+00,    0.0000000000E+00,    0.0000000000E+00,    2.1284057136E+02
    156850,      0.676952,CP0_start,   1,    0.0000000000E+00,    2.1292221545E+02,    2.1292221545E+02,    0.0000000000E+00,    0.0000000000E+00,    0.0000000000E+00,    2.1292221545E+02
    156850,      0.676952,CP1_after_deposition,   1,    0.0000000000E+00,    2.1292221545E+02,    2.1292221545E+02,    0.0000000000E+00,    0.0000000000E+00,    0.0000000000E+00,    2.1292221545E+02
    156850,      0.676952,CP2_after_erosion,   1,    0.0000000000E+00,    2.1292221545E+02,    2.1292221545E+02,    0.0000000000E+00,    0.0000000000E+00,    0.0000000000E+00,    2.1292221545E+02
    156850,      0.676952,CP3_after_update_bottom,   1,    0.0000000000E+00,    2.1292221545E+02,    2.1292221545E+02,    0.0000000000E+00,    0.0000000000E+00,    0.0000000000E+00,    2.1292221545E+02
    156850,      0.676952,CP4_after_advection,   1,    0.0000000000E+00,    2.1291233074E+02,    2.1291233074E+02,    0.0000000000E+00,    0.0000000000E+00,    0.0000000000E+00,    2.1291233074E+02
    156850,      0.676952,CP5_after_vdif,   1,    0.0000000000E+00,    2.1291233074E+02,    2.1291233074E+02,    0.0000000000E+00,    0.0000000000E+00,    0.0000000000E+00,    2.1291233074E+02
    156850,      0.676952,CP6_after_kinetics,   1,    0.0000000000E+00,    2.1291233074E+02,    2.1291233074E+02,    0.0000000000E+00,    0.0000000000E+00,    0.0000000000E+00,    2.1291233074E+02
    156850,      0.676952,CP7_after_upper_clamp,   1,    0.0000000000E+00,    2.1291233074E+02,    2.1291233074E+02,    0.0000000000E+00,    0.0000000000E+00,    0.0000000000E+00,    2.1291233074E+02
    156850,      0.676952,CP8_after_OBC,   1,    0.0000000000E+00,    2.1291233074E+02,    2.1291233074E+02,    0.0000000000E+00,    0.0000000000E+00,    0.0000000000E+00,    2.1291233074E+02
    156850,      0.676952,CP9_after_PTsource,   1,    0.0000000000E+00,    2.1291233074E+02,    2.1291233074E+02,    0.0000000000E+00,    0.0000000000E+00,    0.0000000000E+00,    2.1291233074E+02
    156850,      0.676952,CP10_after_neg_clamp,   1,    0.0000000000E+00,    2.1291233074E+02,    2.1291233074E+02,    0.0000000000E+00,    0.0000000000E+00,    0.0000000000E+00,    2.1291233074E+02
    156850,      0.676952,CP11_after_MPI,   1,    0.0000000000E+00,    2.1291233074E+02,    2.1291233074E+02,    0.0000000000E+00,    0.0000000000E+00,    0.0000000000E+00,    2.1291233074E+02
    156850,      0.676952,CP12_end,   1,    0.0000000000E+00,    2.1291233074E+02,    2.1291233074E+02,    0.0000000000E+00,    0.0000000000E+00,    0.0000000000E+00,    2.1291233074E+02
    156900,      0.676952,CP0_start,   1,    0.0000000000E+00,    2.1299615579E+02,    2.1299615579E+02,    0.0000000000E+00,    0.0000000000E+00,    0.0000000000E+00,    2.1299615579E+02
    156900,      0.676952,CP1_after_deposition,   1,    0.0000000000E+00,    2.1299615579E+02,    2.1299615579E+02,    0.0000000000E+00,    0.0000000000E+00,    0.0000000000E+00,    2.1299615579E+02
    156900,      0.676952,CP2_after_erosion,   1,    0.0000000000E+00,    2.1299615579E+02,    2.1299615579E+02,    0.0000000000E+00,    0.0000000000E+00,    0.0000000000E+00,    2.1299615579E+02
    156900,      0.676952,CP3_after_update_bottom,   1,    0.0000000000E+00,    2.1299615579E+02,    2.1299615579E+02,    0.0000000000E+00,    0.0000000000E+00,    0.0000000000E+00,    2.1299615579E+02
    156900,      0.676952,CP4_after_advection,   1,    0.0000000000E+00,    2.1298627434E+02,    2.1298627434E+02,    0.0000000000E+00,    0.0000000000E+00,    0.0000000000E+00,    2.1298627434E+02
    156900,      0.676952,CP5_after_vdif,   1,    0.0000000000E+00,    2.1298627434E+02,    2.1298627434E+02,    0.0000000000E+00,    0.0000000000E+00,    0.0000000000E+00,    2.1298627434E+02
    156900,      0.676952,CP6_after_kinetics,   1,    0.0000000000E+00,    2.1298627434E+02,    2.1298627434E+02,    0.0000000000E+00,    0.0000000000E+00,    0.0000000000E+00,    2.1298627434E+02
    156900,      0.676952,CP7_after_upper_clamp,   1,    0.0000000000E+00,    2.1298627434E+02,    2.1298627434E+02,    0.0000000000E+00,    0.0000000000E+00,    0.0000000000E+00,    2.1298627434E+02
    156900,      0.676952,CP8_after_OBC,   1,    0.0000000000E+00,    2.1298627434E+02,    2.1298627434E+02,    0.0000000000E+00,    0.0000000000E+00,    0.0000000000E+00,    2.1298627434E+02
    156900,      0.676952,CP9_after_PTsource,   1,    0.0000000000E+00,    2.1298627434E+02,    2.1298627434E+02,    0.0000000000E+00,    0.0000000000E+00,    0.0000000000E+00,    2.1298627434E+02
    156900,      0.676952,CP10_after_neg_clamp,   1,    0.0000000000E+00,    2.1298627434E+02,    2.1298627434E+02,    0.0000000000E+00,    0.0000000000E+00,    0.0000000000E+00,    2.1298627434E+02
    156900,      0.676952,CP11_after_MPI,   1,    0.0000000000E+00,    2.1298627434E+02,    2.1298627434E+02,    0.0000000000E+00,    0.0000000000E+00,    0.0000000000E+00,    2.1298627434E+02
    156900,      0.676952,CP12_end,   1,    0.0000000000E+00,    2.1298627434E+02,    2.1298627434E+02,    0.0000000000E+00,    0.0000000000E+00,    0.0000000000E+00,    2.1298627434E+02
    156950,      0.676952,CP0_start,   1,    0.0000000000E+00,    2.1307166808E+02,    2.1307166808E+02,    0.0000000000E+00,    0.0000000000E+00,    0.0000000000E+00,    2.1307166808E+02
    156950,      0.676952,CP1_after_deposition,   1,    0.0000000000E+00,    2.1307166808E+02,    2.1307166808E+02,    0.0000000000E+00,    0.0000000000E+00,    0.0000000000E+00,    2.1307166808E+02
    156950,      0.676952,CP2_after_erosion,   1,    0.0000000000E+00,    2.1307166808E+02,    2.1307166808E+02,    0.0000000000E+00,    0.0000000000E+00,    0.0000000000E+00,    2.1307166808E+02
    156950,      0.676952,CP3_after_update_bottom,   1,    0.0000000000E+00,    2.1307166808E+02,    2.1307166808E+02,    0.0000000000E+00,    0.0000000000E+00,    0.0000000000E+00,    2.1307166808E+02
    156950,      0.676952,CP4_after_advection,   1,    0.0000000000E+00,    2.1306177765E+02,    2.1306177765E+02,    0.0000000000E+00,    0.0000000000E+00,    0.0000000000E+00,    2.1306177765E+02
    156950,      0.676952,CP5_after_vdif,   1,    0.0000000000E+00,    2.1306177765E+02,    2.1306177765E+02,    0.0000000000E+00,    0.0000000000E+00,    0.0000000000E+00,    2.1306177765E+02
    156950,      0.676952,CP6_after_kinetics,   1,    0.0000000000E+00,    2.1306177765E+02,    2.1306177765E+02,    0.0000000000E+00,    0.0000000000E+00,    0.0000000000E+00,    2.1306177765E+02
    156950,      0.676952,CP7_after_upper_clamp,   1,    0.0000000000E+00,    2.1306177765E+02,    2.1306177765E+02,    0.0000000000E+00,    0.0000000000E+00,    0.0000000000E+00,    2.1306177765E+02
    156950,      0.676952,CP8_after_OBC,   1,    0.0000000000E+00,    2.1306177765E+02,    2.1306177765E+02,    0.0000000000E+00,    0.0000000000E+00,    0.0000000000E+00,    2.1306177765E+02
    156950,      0.676952,CP9_after_PTsource,   1,    0.0000000000E+00,    2.1306177765E+02,    2.1306177765E+02,    0.0000000000E+00,    0.0000000000E+00,    0.0000000000E+00,    2.1306177765E+02
    156950,      0.676952,CP10_after_neg_clamp,   1,    0.0000000000E+00,    2.1306177765E+02,    2.1306177765E+02,    0.0000000000E+00,    0.0000000000E+00,    0.0000000000E+00,    2.1306177765E+02
    156950,      0.676952,CP11_after_MPI,   1,    0.0000000000E+00,    2.1306177765E+02,    2.1306177765E+02,    0.0000000000E+00,    0.0000000000E+00,    0.0000000000E+00,    2.1306177765E+02
    156950,      0.676952,CP12_end,   1,    0.0000000000E+00,    2.1306177765E+02,    2.1306177765E+02,    0.0000000000E+00,    0.0000000000E+00,    0.0000000000E+00,    2.1306177765E+02
    157000,      0.676952,CP0_start,   1,    0.0000000000E+00,    2.1314825026E+02,    2.1314825026E+02,    0.0000000000E+00,    0.0000000000E+00,    0.0000000000E+00,    2.1314825026E+02
    157000,      0.676952,CP1_after_deposition,   1,    0.0000000000E+00,    2.1314825026E+02,    2.1314825026E+02,    0.0000000000E+00,    0.0000000000E+00,    0.0000000000E+00,    2.1314825026E+02
    157000,      0.676952,CP2_after_erosion,   1,    0.0000000000E+00,    2.1314825026E+02,    2.1314825026E+02,    0.0000000000E+00,    0.0000000000E+00,    0.0000000000E+00,    2.1314825026E+02
    157000,      0.676952,CP3_after_update_bottom,   1,    0.0000000000E+00,    2.1314825026E+02,    2.1314825026E+02,    0.0000000000E+00,    0.0000000000E+00,    0.0000000000E+00,    2.1314825026E+02
    157000,      0.676952,CP4_after_advection,   1,    0.0000000000E+00,    2.1313834899E+02,    2.1313834899E+02,    0.0000000000E+00,    0.0000000000E+00,    0.0000000000E+00,    2.1313834899E+02
    157000,      0.676952,CP5_after_vdif,   1,    0.0000000000E+00,    2.1313834899E+02,    2.1313834899E+02,    0.0000000000E+00,    0.0000000000E+00,    0.0000000000E+00,    2.1313834899E+02
    157000,      0.676952,CP6_after_kinetics,   1,    0.0000000000E+00,    2.1313834899E+02,    2.1313834899E+02,    0.0000000000E+00,    0.0000000000E+00,    0.0000000000E+00,    2.1313834899E+02
    157000,      0.676952,CP7_after_upper_clamp,   1,    0.0000000000E+00,    2.1313834899E+02,    2.1313834899E+02,    0.0000000000E+00,    0.0000000000E+00,    0.0000000000E+00,    2.1313834899E+02
    157000,      0.676952,CP8_after_OBC,   1,    0.0000000000E+00,    2.1313834899E+02,    2.1313834899E+02,    0.0000000000E+00,    0.0000000000E+00,    0.0000000000E+00,    2.1313834899E+02
    157000,      0.676952,CP9_after_PTsource,   1,    0.0000000000E+00,    2.1313834899E+02,    2.1313834899E+02,    0.0000000000E+00,    0.0000000000E+00,    0.0000000000E+00,    2.1313834899E+02
    157000,      0.676952,CP10_after_neg_clamp,   1,    0.0000000000E+00,    2.1313834899E+02,    2.1313834899E+02,    0.0000000000E+00,    0.0000000000E+00,    0.0000000000E+00,    2.1313834899E+02
    157000,      0.676952,CP11_after_MPI,   1,    0.0000000000E+00,    2.1313834899E+02,    2.1313834899E+02,    0.0000000000E+00,    0.0000000000E+00,    0.0000000000E+00,    2.1313834899E+02
    157000,      0.676952,CP12_end,   1,    0.0000000000E+00,    2.1313834899E+02,    2.1313834899E+02,    0.0000000000E+00,    0.0000000000E+00,    0.0000000000E+00,    2.1313834899E+02
    157050,      0.676952,CP0_start,   1,    0.0000000000E+00,    2.1322615710E+02,    2.1322615710E+02,    0.0000000000E+00,    0.0000000000E+00,    0.0000000000E+00,    2.1322615710E+02
    157050,      0.676952,CP1_after_deposition,   1,    0.0000000000E+00,    2.1322615710E+02,    2.1322615710E+02,    0.0000000000E+00,    0.0000000000E+00,    0.0000000000E+00,    2.1322615710E+02
    157050,      0.676952,CP2_after_erosion,   1,    0.0000000000E+00,    2.1322615710E+02,    2.1322615710E+02,    0.0000000000E+00,    0.0000000000E+00,    0.0000000000E+00,    2.1322615710E+02
    157050,      0.676952,CP3_after_update_bottom,   1,    0.0000000000E+00,    2.1322615710E+02,    2.1322615710E+02,    0.0000000000E+00,    0.0000000000E+00,    0.0000000000E+00,    2.1322615710E+02
    157050,      0.676952,CP4_after_advection,   1,    0.0000000000E+00,    2.1321626241E+02,    2.1321626241E+02,    0.0000000000E+00,    0.0000000000E+00,    0.0000000000E+00,    2.1321626241E+02
    157050,      0.676952,CP5_after_vdif,   1,    0.0000000000E+00,    2.1321626241E+02,    2.1321626241E+02,    0.0000000000E+00,    0.0000000000E+00,    0.0000000000E+00,    2.1321626241E+02
    157050,      0.676952,CP6_after_kinetics,   1,    0.0000000000E+00,    2.1321626241E+02,    2.1321626241E+02,    0.0000000000E+00,    0.0000000000E+00,    0.0000000000E+00,    2.1321626241E+02
    157050,      0.676952,CP7_after_upper_clamp,   1,    0.0000000000E+00,    2.1321626241E+02,    2.1321626241E+02,    0.0000000000E+00,    0.0000000000E+00,    0.0000000000E+00,    2.1321626241E+02
    157050,      0.676952,CP8_after_OBC,   1,    0.0000000000E+00,    2.1321626241E+02,    2.1321626241E+02,    0.0000000000E+00,    0.0000000000E+00,    0.0000000000E+00,    2.1321626241E+02
    157050,      0.676952,CP9_after_PTsource,   1,    0.0000000000E+00,    2.1321626241E+02,    2.1321626241E+02,    0.0000000000E+00,    0.0000000000E+00,    0.0000000000E+00,    2.1321626241E+02
    157050,      0.676952,CP10_after_neg_clamp,   1,    0.0000000000E+00,    2.1321626241E+02,    2.1321626241E+02,    0.0000000000E+00,    0.0000000000E+00,    0.0000000000E+00,    2.1321626241E+02
    157050,      0.676952,CP11_after_MPI,   1,    0.0000000000E+00,    2.1321626241E+02,    2.1321626241E+02,    0.0000000000E+00,    0.0000000000E+00,    0.0000000000E+00,    2.1321626241E+02
    157050,      0.676952,CP12_end,   1,    0.0000000000E+00,    2.1321626241E+02,    2.1321626241E+02,    0.0000000000E+00,    0.0000000000E+00,    0.0000000000E+00,    2.1321626241E+02
    157100,      0.676952,CP0_start,   1,    0.0000000000E+00,    2.1330601711E+02,    2.1330601711E+02,    0.0000000000E+00,    0.0000000000E+00,    0.0000000000E+00,    2.1330601711E+02
    157100,      0.676952,CP1_after_deposition,   1,    0.0000000000E+00,    2.1330601711E+02,    2.1330601711E+02,    0.0000000000E+00,    0.0000000000E+00,    0.0000000000E+00,    2.1330601711E+02
    157100,      0.676952,CP2_after_erosion,   1,    0.0000000000E+00,    2.1330601711E+02,    2.1330601711E+02,    0.0000000000E+00,    0.0000000000E+00,    0.0000000000E+00,    2.1330601711E+02
    157100,      0.676952,CP3_after_update_bottom,   1,    0.0000000000E+00,    2.1330601711E+02,    2.1330601711E+02,    0.0000000000E+00,    0.0000000000E+00,    0.0000000000E+00,    2.1330601711E+02
    157100,      0.676952,CP4_after_advection,   1,    0.0000000000E+00,    2.1329614262E+02,    2.1329614262E+02,    0.0000000000E+00,    0.0000000000E+00,    0.0000000000E+00,    2.1329614262E+02
    157100,      0.676952,CP5_after_vdif,   1,    0.0000000000E+00,    2.1329614262E+02,    2.1329614262E+02,    0.0000000000E+00,    0.0000000000E+00,    0.0000000000E+00,    2.1329614262E+02
    157100,      0.676952,CP6_after_kinetics,   1,    0.0000000000E+00,    2.1329614262E+02,    2.1329614262E+02,    0.0000000000E+00,    0.0000000000E+00,    0.0000000000E+00,    2.1329614262E+02
    157100,      0.676952,CP7_after_upper_clamp,   1,    0.0000000000E+00,    2.1329614262E+02,    2.1329614262E+02,    0.0000000000E+00,    0.0000000000E+00,    0.0000000000E+00,    2.1329614262E+02
    157100,      0.676952,CP8_after_OBC,   1,    0.0000000000E+00,    2.1329614262E+02,    2.1329614262E+02,    0.0000000000E+00,    0.0000000000E+00,    0.0000000000E+00,    2.1329614262E+02
    157100,      0.676952,CP9_after_PTsource,   1,    0.0000000000E+00,    2.1329614262E+02,    2.1329614262E+02,    0.0000000000E+00,    0.0000000000E+00,    0.0000000000E+00,    2.1329614262E+02
    157100,      0.676952,CP10_after_neg_clamp,   1,    0.0000000000E+00,    2.1329614262E+02,    2.1329614262E+02,    0.0000000000E+00,    0.0000000000E+00,    0.0000000000E+00,    2.1329614262E+02
    157100,      0.676952,CP11_after_MPI,   1,    0.0000000000E+00,    2.1329614262E+02,    2.1329614262E+02,    0.0000000000E+00,    0.0000000000E+00,    0.0000000000E+00,    2.1329614262E+02
    157100,      0.676952,CP12_end,   1,    0.0000000000E+00,    2.1329614262E+02,    2.1329614262E+02,    0.0000000000E+00,    0.0000000000E+00,    0.0000000000E+00,    2.1329614262E+02
    157150,      0.676952,CP0_start,   1,    0.0000000000E+00,    2.1338770208E+02,    2.1338770208E+02,    0.0000000000E+00,    0.0000000000E+00,    0.0000000000E+00,    2.1338770208E+02
    157150,      0.676952,CP1_after_deposition,   1,    0.0000000000E+00,    2.1338770208E+02,    2.1338770208E+02,    0.0000000000E+00,    0.0000000000E+00,    0.0000000000E+00,    2.1338770208E+02
    157150,      0.676952,CP2_after_erosion,   1,    0.0000000000E+00,    2.1338770208E+02,    2.1338770208E+02,    0.0000000000E+00,    0.0000000000E+00,    0.0000000000E+00,    2.1338770208E+02
    157150,      0.676952,CP3_after_update_bottom,   1,    0.0000000000E+00,    2.1338770208E+02,    2.1338770208E+02,    0.0000000000E+00,    0.0000000000E+00,    0.0000000000E+00,    2.1338770208E+02
    157150,      0.676952,CP4_after_advection,   1,    0.0000000000E+00,    2.1337783601E+02,    2.1337783601E+02,    0.0000000000E+00,    0.0000000000E+00,    0.0000000000E+00,    2.1337783601E+02
    157150,      0.676952,CP5_after_vdif,   1,    0.0000000000E+00,    2.1337783601E+02,    2.1337783601E+02,    0.0000000000E+00,    0.0000000000E+00,    0.0000000000E+00,    2.1337783601E+02
    157150,      0.676952,CP6_after_kinetics,   1,    0.0000000000E+00,    2.1337783601E+02,    2.1337783601E+02,    0.0000000000E+00,    0.0000000000E+00,    0.0000000000E+00,    2.1337783601E+02
    157150,      0.676952,CP7_after_upper_clamp,   1,    0.0000000000E+00,    2.1337783601E+02,    2.1337783601E+02,    0.0000000000E+00,    0.0000000000E+00,    0.0000000000E+00,    2.1337783601E+02
    157150,      0.676952,CP8_after_OBC,   1,    0.0000000000E+00,    2.1337783601E+02,    2.1337783601E+02,    0.0000000000E+00,    0.0000000000E+00,    0.0000000000E+00,    2.1337783601E+02
    157150,      0.676952,CP9_after_PTsource,   1,    0.0000000000E+00,    2.1337783601E+02,    2.1337783601E+02,    0.0000000000E+00,    0.0000000000E+00,    0.0000000000E+00,    2.1337783601E+02
    157150,      0.676952,CP10_after_neg_clamp,   1,    0.0000000000E+00,    2.1337783601E+02,    2.1337783601E+02,    0.0000000000E+00,    0.0000000000E+00,    0.0000000000E+00,    2.1337783601E+02
    157150,      0.676952,CP11_after_MPI,   1,    0.0000000000E+00,    2.1337783601E+02,    2.1337783601E+02,    0.0000000000E+00,    0.0000000000E+00,    0.0000000000E+00,    2.1337783601E+02
    157150,      0.676952,CP12_end,   1,    0.0000000000E+00,    2.1337783601E+02,    2.1337783601E+02,    0.0000000000E+00,    0.0000000000E+00,    0.0000000000E+00,    2.1337783601E+02
    157200,      0.676952,CP0_start,   1,    0.0000000000E+00,    2.1347031656E+02,    2.1347031656E+02,    0.0000000000E+00,    0.0000000000E+00,    0.0000000000E+00,    2.1347031656E+02
    157200,      0.676952,CP1_after_deposition,   1,    0.0000000000E+00,    2.1347031656E+02,    2.1347031656E+02,    0.0000000000E+00,    0.0000000000E+00,    0.0000000000E+00,    2.1347031656E+02
    157200,      0.676952,CP2_after_erosion,   1,    0.0000000000E+00,    2.1347031656E+02,    2.1347031656E+02,    0.0000000000E+00,    0.0000000000E+00,    0.0000000000E+00,    2.1347031656E+02
    157200,      0.676952,CP3_after_update_bottom,   1,    0.0000000000E+00,    2.1347031656E+02,    2.1347031656E+02,    0.0000000000E+00,    0.0000000000E+00,    0.0000000000E+00,    2.1347031656E+02
    157200,      0.676952,CP4_after_advection,   1,    0.0000000000E+00,    2.1346044327E+02,    2.1346044327E+02,    0.0000000000E+00,    0.0000000000E+00,    0.0000000000E+00,    2.1346044327E+02
    157200,      0.676952,CP5_after_vdif,   1,    0.0000000000E+00,    2.1346044327E+02,    2.1346044327E+02,    0.0000000000E+00,    0.0000000000E+00,    0.0000000000E+00,    2.1346044327E+02
    157200,      0.676952,CP6_after_kinetics,   1,    0.0000000000E+00,    2.1346044327E+02,    2.1346044327E+02,    0.0000000000E+00,    0.0000000000E+00,    0.0000000000E+00,    2.1346044327E+02
    157200,      0.676952,CP7_after_upper_clamp,   1,    0.0000000000E+00,    2.1346044327E+02,    2.1346044327E+02,    0.0000000000E+00,    0.0000000000E+00,    0.0000000000E+00,    2.1346044327E+02
    157200,      0.676952,CP8_after_OBC,   1,    0.0000000000E+00,    2.1346044327E+02,    2.1346044327E+02,    0.0000000000E+00,    0.0000000000E+00,    0.0000000000E+00,    2.1346044327E+02
    157200,      0.676952,CP9_after_PTsource,   1,    0.0000000000E+00,    2.1346044327E+02,    2.1346044327E+02,    0.0000000000E+00,    0.0000000000E+00,    0.0000000000E+00,    2.1346044327E+02
    157200,      0.676952,CP10_after_neg_clamp,   1,    0.0000000000E+00,    2.1346044327E+02,    2.1346044327E+02,    0.0000000000E+00,    0.0000000000E+00,    0.0000000000E+00,    2.1346044327E+02
    157200,      0.676952,CP11_after_MPI,   1,    0.0000000000E+00,    2.1346044327E+02,    2.1346044327E+02,    0.0000000000E+00,    0.0000000000E+00,    0.0000000000E+00,    2.1346044327E+02
    157200,      0.676952,CP12_end,   1,    0.0000000000E+00,    2.1346044327E+02,    2.1346044327E+02,    0.0000000000E+00,    0.0000000000E+00,    0.0000000000E+00,    2.1346044327E+02
    157250,      0.676952,CP0_start,   1,    0.0000000000E+00,    2.1355329847E+02,    2.1355329847E+02,    0.0000000000E+00,    0.0000000000E+00,    0.0000000000E+00,    2.1355329847E+02
    157250,      0.676952,CP1_after_deposition,   1,    0.0000000000E+00,    2.1355329847E+02,    2.1355329847E+02,    0.0000000000E+00,    0.0000000000E+00,    0.0000000000E+00,    2.1355329847E+02
    157250,      0.676952,CP2_after_erosion,   1,    0.0000000000E+00,    2.1355329847E+02,    2.1355329847E+02,    0.0000000000E+00,    0.0000000000E+00,    0.0000000000E+00,    2.1355329847E+02
    157250,      0.676952,CP3_after_update_bottom,   1,    0.0000000000E+00,    2.1355329847E+02,    2.1355329847E+02,    0.0000000000E+00,    0.0000000000E+00,    0.0000000000E+00,    2.1355329847E+02
    157250,      0.676952,CP4_after_advection,   1,    0.0000000000E+00,    2.1354341724E+02,    2.1354341724E+02,    0.0000000000E+00,    0.0000000000E+00,    0.0000000000E+00,    2.1354341724E+02
    157250,      0.676952,CP5_after_vdif,   1,    0.0000000000E+00,    2.1354341724E+02,    2.1354341724E+02,    0.0000000000E+00,    0.0000000000E+00,    0.0000000000E+00,    2.1354341724E+02
    157250,      0.676952,CP6_after_kinetics,   1,    0.0000000000E+00,    2.1354341724E+02,    2.1354341724E+02,    0.0000000000E+00,    0.0000000000E+00,    0.0000000000E+00,    2.1354341724E+02
    157250,      0.676952,CP7_after_upper_clamp,   1,    0.0000000000E+00,    2.1354341724E+02,    2.1354341724E+02,    0.0000000000E+00,    0.0000000000E+00,    0.0000000000E+00,    2.1354341724E+02
    157250,      0.676952,CP8_after_OBC,   1,    0.0000000000E+00,    2.1354341724E+02,    2.1354341724E+02,    0.0000000000E+00,    0.0000000000E+00,    0.0000000000E+00,    2.1354341724E+02
    157250,      0.676952,CP9_after_PTsource,   1,    0.0000000000E+00,    2.1354341724E+02,    2.1354341724E+02,    0.0000000000E+00,    0.0000000000E+00,    0.0000000000E+00,    2.1354341724E+02
    157250,      0.676952,CP10_after_neg_clamp,   1,    0.0000000000E+00,    2.1354341724E+02,    2.1354341724E+02,    0.0000000000E+00,    0.0000000000E+00,    0.0000000000E+00,    2.1354341724E+02
    157250,      0.676952,CP11_after_MPI,   1,    0.0000000000E+00,    2.1354341724E+02,    2.1354341724E+02,    0.0000000000E+00,    0.0000000000E+00,    0.0000000000E+00,    2.1354341724E+02
    157250,      0.676952,CP12_end,   1,    0.0000000000E+00,    2.1354341724E+02,    2.1354341724E+02,    0.0000000000E+00,    0.0000000000E+00,    0.0000000000E+00,    2.1354341724E+02
    157300,      0.676952,CP0_start,   1,    0.0000000000E+00,    2.1363652535E+02,    2.1363652535E+02,    0.0000000000E+00,    0.0000000000E+00,    0.0000000000E+00,    2.1363652535E+02
    157300,      0.676952,CP1_after_deposition,   1,    0.0000000000E+00,    2.1363652535E+02,    2.1363652535E+02,    0.0000000000E+00,    0.0000000000E+00,    0.0000000000E+00,    2.1363652535E+02
    157300,      0.676952,CP2_after_erosion,   1,    0.0000000000E+00,    2.1363652535E+02,    2.1363652535E+02,    0.0000000000E+00,    0.0000000000E+00,    0.0000000000E+00,    2.1363652535E+02
    157300,      0.676952,CP3_after_update_bottom,   1,    0.0000000000E+00,    2.1363652535E+02,    2.1363652535E+02,    0.0000000000E+00,    0.0000000000E+00,    0.0000000000E+00,    2.1363652535E+02
    157300,      0.676952,CP4_after_advection,   1,    0.0000000000E+00,    2.1362663893E+02,    2.1362663893E+02,    0.0000000000E+00,    0.0000000000E+00,    0.0000000000E+00,    2.1362663893E+02
    157300,      0.676952,CP5_after_vdif,   1,    0.0000000000E+00,    2.1362663893E+02,    2.1362663893E+02,    0.0000000000E+00,    0.0000000000E+00,    0.0000000000E+00,    2.1362663893E+02
    157300,      0.676952,CP6_after_kinetics,   1,    0.0000000000E+00,    2.1362663893E+02,    2.1362663893E+02,    0.0000000000E+00,    0.0000000000E+00,    0.0000000000E+00,    2.1362663893E+02
    157300,      0.676952,CP7_after_upper_clamp,   1,    0.0000000000E+00,    2.1362663893E+02,    2.1362663893E+02,    0.0000000000E+00,    0.0000000000E+00,    0.0000000000E+00,    2.1362663893E+02
    157300,      0.676952,CP8_after_OBC,   1,    0.0000000000E+00,    2.1362663893E+02,    2.1362663893E+02,    0.0000000000E+00,    0.0000000000E+00,    0.0000000000E+00,    2.1362663893E+02
    157300,      0.676952,CP9_after_PTsource,   1,    0.0000000000E+00,    2.1362663893E+02,    2.1362663893E+02,    0.0000000000E+00,    0.0000000000E+00,    0.0000000000E+00,    2.1362663893E+02
    157300,      0.676952,CP10_after_neg_clamp,   1,    0.0000000000E+00,    2.1362663893E+02,    2.1362663893E+02,    0.0000000000E+00,    0.0000000000E+00,    0.0000000000E+00,    2.1362663893E+02
    157300,      0.676952,CP11_after_MPI,   1,    0.0000000000E+00,    2.1362663893E+02,    2.1362663893E+02,    0.0000000000E+00,    0.0000000000E+00,    0.0000000000E+00,    2.1362663893E+02
    157300,      0.676952,CP12_end,   1,    0.0000000000E+00,    2.1362663893E+02,    2.1362663893E+02,    0.0000000000E+00,    0.0000000000E+00,    0.0000000000E+00,    2.1362663893E+02
    157350,      0.676952,CP0_start,   1,    0.0000000000E+00,    2.1372020352E+02,    2.1372020352E+02,    0.0000000000E+00,    0.0000000000E+00,    0.0000000000E+00,    2.1372020352E+02
    157350,      0.676952,CP1_after_deposition,   1,    0.0000000000E+00,    2.1372020352E+02,    2.1372020352E+02,    0.0000000000E+00,    0.0000000000E+00,    0.0000000000E+00,    2.1372020352E+02
    157350,      0.676952,CP2_after_erosion,   1,    0.0000000000E+00,    2.1372020352E+02,    2.1372020352E+02,    0.0000000000E+00,    0.0000000000E+00,    0.0000000000E+00,    2.1372020352E+02
    157350,      0.676952,CP3_after_update_bottom,   1,    0.0000000000E+00,    2.1372020352E+02,    2.1372020352E+02,    0.0000000000E+00,    0.0000000000E+00,    0.0000000000E+00,    2.1372020352E+02
    157350,      0.676952,CP4_after_advection,   1,    0.0000000000E+00,    2.1371032026E+02,    2.1371032026E+02,    0.0000000000E+00,    0.0000000000E+00,    0.0000000000E+00,    2.1371032026E+02
    157350,      0.676952,CP5_after_vdif,   1,    0.0000000000E+00,    2.1371032026E+02,    2.1371032026E+02,    0.0000000000E+00,    0.0000000000E+00,    0.0000000000E+00,    2.1371032026E+02
    157350,      0.676952,CP6_after_kinetics,   1,    0.0000000000E+00,    2.1371032026E+02,    2.1371032026E+02,    0.0000000000E+00,    0.0000000000E+00,    0.0000000000E+00,    2.1371032026E+02
    157350,      0.676952,CP7_after_upper_clamp,   1,    0.0000000000E+00,    2.1371032026E+02,    2.1371032026E+02,    0.0000000000E+00,    0.0000000000E+00,    0.0000000000E+00,    2.1371032026E+02
    157350,      0.676952,CP8_after_OBC,   1,    0.0000000000E+00,    2.1371032026E+02,    2.1371032026E+02,    0.0000000000E+00,    0.0000000000E+00,    0.0000000000E+00,    2.1371032026E+02
    157350,      0.676952,CP9_after_PTsource,   1,    0.0000000000E+00,    2.1371032026E+02,    2.1371032026E+02,    0.0000000000E+00,    0.0000000000E+00,    0.0000000000E+00,    2.1371032026E+02
    157350,      0.676952,CP10_after_neg_clamp,   1,    0.0000000000E+00,    2.1371032026E+02,    2.1371032026E+02,    0.0000000000E+00,    0.0000000000E+00,    0.0000000000E+00,    2.1371032026E+02
    157350,      0.676952,CP11_after_MPI,   1,    0.0000000000E+00,    2.1371032026E+02,    2.1371032026E+02,    0.0000000000E+00,    0.0000000000E+00,    0.0000000000E+00,    2.1371032026E+02
    157350,      0.676952,CP12_end,   1,    0.0000000000E+00,    2.1371032026E+02,    2.1371032026E+02,    0.0000000000E+00,    0.0000000000E+00,    0.0000000000E+00,    2.1371032026E+02
    157400,      0.676952,CP0_start,   1,    0.0000000000E+00,    2.1380475202E+02,    2.1380475202E+02,    0.0000000000E+00,    0.0000000000E+00,    0.0000000000E+00,    2.1380475202E+02
    157400,      0.676952,CP1_after_deposition,   1,    0.0000000000E+00,    2.1380475202E+02,    2.1380475202E+02,    0.0000000000E+00,    0.0000000000E+00,    0.0000000000E+00,    2.1380475202E+02
    157400,      0.676952,CP2_after_erosion,   1,    0.0000000000E+00,    2.1380475202E+02,    2.1380475202E+02,    0.0000000000E+00,    0.0000000000E+00,    0.0000000000E+00,    2.1380475202E+02
    157400,      0.676952,CP3_after_update_bottom,   1,    0.0000000000E+00,    2.1380475202E+02,    2.1380475202E+02,    0.0000000000E+00,    0.0000000000E+00,    0.0000000000E+00,    2.1380475202E+02
    157400,      0.676952,CP4_after_advection,   1,    0.0000000000E+00,    2.1379488373E+02,    2.1379488373E+02,    0.0000000000E+00,    0.0000000000E+00,    0.0000000000E+00,    2.1379488373E+02
    157400,      0.676952,CP5_after_vdif,   1,    0.0000000000E+00,    2.1379488373E+02,    2.1379488373E+02,    0.0000000000E+00,    0.0000000000E+00,    0.0000000000E+00,    2.1379488373E+02
    157400,      0.676952,CP6_after_kinetics,   1,    0.0000000000E+00,    2.1379488373E+02,    2.1379488373E+02,    0.0000000000E+00,    0.0000000000E+00,    0.0000000000E+00,    2.1379488373E+02
    157400,      0.676952,CP7_after_upper_clamp,   1,    0.0000000000E+00,    2.1379488373E+02,    2.1379488373E+02,    0.0000000000E+00,    0.0000000000E+00,    0.0000000000E+00,    2.1379488373E+02
    157400,      0.676952,CP8_after_OBC,   1,    0.0000000000E+00,    2.1379488373E+02,    2.1379488373E+02,    0.0000000000E+00,    0.0000000000E+00,    0.0000000000E+00,    2.1379488373E+02
    157400,      0.676952,CP9_after_PTsource,   1,    0.0000000000E+00,    2.1379488373E+02,    2.1379488373E+02,    0.0000000000E+00,    0.0000000000E+00,    0.0000000000E+00,    2.1379488373E+02
    157400,      0.676952,CP10_after_neg_clamp,   1,    0.0000000000E+00,    2.1379488373E+02,    2.1379488373E+02,    0.0000000000E+00,    0.0000000000E+00,    0.0000000000E+00,    2.1379488373E+02
    157400,      0.676952,CP11_after_MPI,   1,    0.0000000000E+00,    2.1379488373E+02,    2.1379488373E+02,    0.0000000000E+00,    0.0000000000E+00,    0.0000000000E+00,    2.1379488373E+02
    157400,      0.676952,CP12_end,   1,    0.0000000000E+00,    2.1379488373E+02,    2.1379488373E+02,    0.0000000000E+00,    0.0000000000E+00,    0.0000000000E+00,    2.1379488373E+02
    157450,      0.676952,CP0_start,   1,    0.0000000000E+00,    2.1389068550E+02,    2.1389068550E+02,    0.0000000000E+00,    0.0000000000E+00,    0.0000000000E+00,    2.1389068550E+02
    157450,      0.676952,CP1_after_deposition,   1,    0.0000000000E+00,    2.1389068550E+02,    2.1389068550E+02,    0.0000000000E+00,    0.0000000000E+00,    0.0000000000E+00,    2.1389068550E+02
    157450,      0.676952,CP2_after_erosion,   1,    0.0000000000E+00,    2.1389068550E+02,    2.1389068550E+02,    0.0000000000E+00,    0.0000000000E+00,    0.0000000000E+00,    2.1389068550E+02
    157450,      0.676952,CP3_after_update_bottom,   1,    0.0000000000E+00,    2.1389068550E+02,    2.1389068550E+02,    0.0000000000E+00,    0.0000000000E+00,    0.0000000000E+00,    2.1389068550E+02
    157450,      0.676952,CP4_after_advection,   1,    0.0000000000E+00,    2.1388084657E+02,    2.1388084657E+02,    0.0000000000E+00,    0.0000000000E+00,    0.0000000000E+00,    2.1388084657E+02
    157450,      0.676952,CP5_after_vdif,   1,    0.0000000000E+00,    2.1388084657E+02,    2.1388084657E+02,    0.0000000000E+00,    0.0000000000E+00,    0.0000000000E+00,    2.1388084657E+02
    157450,      0.676952,CP6_after_kinetics,   1,    0.0000000000E+00,    2.1388084657E+02,    2.1388084657E+02,    0.0000000000E+00,    0.0000000000E+00,    0.0000000000E+00,    2.1388084657E+02
    157450,      0.676952,CP7_after_upper_clamp,   1,    0.0000000000E+00,    2.1388084657E+02,    2.1388084657E+02,    0.0000000000E+00,    0.0000000000E+00,    0.0000000000E+00,    2.1388084657E+02
    157450,      0.676952,CP8_after_OBC,   1,    0.0000000000E+00,    2.1388084657E+02,    2.1388084657E+02,    0.0000000000E+00,    0.0000000000E+00,    0.0000000000E+00,    2.1388084657E+02
    157450,      0.676952,CP9_after_PTsource,   1,    0.0000000000E+00,    2.1388084657E+02,    2.1388084657E+02,    0.0000000000E+00,    0.0000000000E+00,    0.0000000000E+00,    2.1388084657E+02
    157450,      0.676952,CP10_after_neg_clamp,   1,    0.0000000000E+00,    2.1388084657E+02,    2.1388084657E+02,    0.0000000000E+00,    0.0000000000E+00,    0.0000000000E+00,    2.1388084657E+02
    157450,      0.676952,CP11_after_MPI,   1,    0.0000000000E+00,    2.1388084657E+02,    2.1388084657E+02,    0.0000000000E+00,    0.0000000000E+00,    0.0000000000E+00,    2.1388084657E+02
    157450,      0.676952,CP12_end,   1,    0.0000000000E+00,    2.1388084657E+02,    2.1388084657E+02,    0.0000000000E+00,    0.0000000000E+00,    0.0000000000E+00,    2.1388084657E+02
    157500,      0.676952,CP0_start,   1,    0.0000000000E+00,    2.1397834232E+02,    2.1397834232E+02,    0.0000000000E+00,    0.0000000000E+00,    0.0000000000E+00,    2.1397834232E+02
    157500,      0.676952,CP1_after_deposition,   1,    0.0000000000E+00,    2.1397834232E+02,    2.1397834232E+02,    0.0000000000E+00,    0.0000000000E+00,    0.0000000000E+00,    2.1397834232E+02
    157500,      0.676952,CP2_after_erosion,   1,    0.0000000000E+00,    2.1397834232E+02,    2.1397834232E+02,    0.0000000000E+00,    0.0000000000E+00,    0.0000000000E+00,    2.1397834232E+02
    157500,      0.676952,CP3_after_update_bottom,   1,    0.0000000000E+00,    2.1397834232E+02,    2.1397834232E+02,    0.0000000000E+00,    0.0000000000E+00,    0.0000000000E+00,    2.1397834232E+02
    157500,      0.676952,CP4_after_advection,   1,    0.0000000000E+00,    2.1396854083E+02,    2.1396854083E+02,    0.0000000000E+00,    0.0000000000E+00,    0.0000000000E+00,    2.1396854083E+02
    157500,      0.676952,CP5_after_vdif,   1,    0.0000000000E+00,    2.1396854083E+02,    2.1396854083E+02,    0.0000000000E+00,    0.0000000000E+00,    0.0000000000E+00,    2.1396854083E+02
    157500,      0.676952,CP6_after_kinetics,   1,    0.0000000000E+00,    2.1396854083E+02,    2.1396854083E+02,    0.0000000000E+00,    0.0000000000E+00,    0.0000000000E+00,    2.1396854083E+02
    157500,      0.676952,CP7_after_upper_clamp,   1,    0.0000000000E+00,    2.1396854083E+02,    2.1396854083E+02,    0.0000000000E+00,    0.0000000000E+00,    0.0000000000E+00,    2.1396854083E+02
    157500,      0.676952,CP8_after_OBC,   1,    0.0000000000E+00,    2.1396854083E+02,    2.1396854083E+02,    0.0000000000E+00,    0.0000000000E+00,    0.0000000000E+00,    2.1396854083E+02
    157500,      0.676952,CP9_after_PTsource,   1,    0.0000000000E+00,    2.1396854083E+02,    2.1396854083E+02,    0.0000000000E+00,    0.0000000000E+00,    0.0000000000E+00,    2.1396854083E+02
    157500,      0.676952,CP10_after_neg_clamp,   1,    0.0000000000E+00,    2.1396854083E+02,    2.1396854083E+02,    0.0000000000E+00,    0.0000000000E+00,    0.0000000000E+00,    2.1396854083E+02
    157500,      0.676952,CP11_after_MPI,   1,    0.0000000000E+00,    2.1396854083E+02,    2.1396854083E+02,    0.0000000000E+00,    0.0000000000E+00,    0.0000000000E+00,    2.1396854083E+02
    157500,      0.676952,CP12_end,   1,    0.0000000000E+00,    2.1396854083E+02,    2.1396854083E+02,    0.0000000000E+00,    0.0000000000E+00,    0.0000000000E+00,    2.1396854083E+02
    157550,      0.676952,CP0_start,   1,    0.0000000000E+00,    2.1406822664E+02,    2.1406822664E+02,    0.0000000000E+00,    0.0000000000E+00,    0.0000000000E+00,    2.1406822664E+02
    157550,      0.676952,CP1_after_deposition,   1,    0.0000000000E+00,    2.1406822664E+02,    2.1406822664E+02,    0.0000000000E+00,    0.0000000000E+00,    0.0000000000E+00,    2.1406822664E+02
    157550,      0.676952,CP2_after_erosion,   1,    0.0000000000E+00,    2.1406822664E+02,    2.1406822664E+02,    0.0000000000E+00,    0.0000000000E+00,    0.0000000000E+00,    2.1406822664E+02
    157550,      0.676952,CP3_after_update_bottom,   1,    0.0000000000E+00,    2.1406822664E+02,    2.1406822664E+02,    0.0000000000E+00,    0.0000000000E+00,    0.0000000000E+00,    2.1406822664E+02
    157550,      0.676952,CP4_after_advection,   1,    0.0000000000E+00,    2.1405846500E+02,    2.1405846500E+02,    0.0000000000E+00,    0.0000000000E+00,    0.0000000000E+00,    2.1405846500E+02
    157550,      0.676952,CP5_after_vdif,   1,    0.0000000000E+00,    2.1405846500E+02,    2.1405846500E+02,    0.0000000000E+00,    0.0000000000E+00,    0.0000000000E+00,    2.1405846500E+02
    157550,      0.676952,CP6_after_kinetics,   1,    0.0000000000E+00,    2.1405846500E+02,    2.1405846500E+02,    0.0000000000E+00,    0.0000000000E+00,    0.0000000000E+00,    2.1405846500E+02
    157550,      0.676952,CP7_after_upper_clamp,   1,    0.0000000000E+00,    2.1405846500E+02,    2.1405846500E+02,    0.0000000000E+00,    0.0000000000E+00,    0.0000000000E+00,    2.1405846500E+02
    157550,      0.676952,CP8_after_OBC,   1,    0.0000000000E+00,    2.1405846500E+02,    2.1405846500E+02,    0.0000000000E+00,    0.0000000000E+00,    0.0000000000E+00,    2.1405846500E+02
    157550,      0.676952,CP9_after_PTsource,   1,    0.0000000000E+00,    2.1405846500E+02,    2.1405846500E+02,    0.0000000000E+00,    0.0000000000E+00,    0.0000000000E+00,    2.1405846500E+02
    157550,      0.676952,CP10_after_neg_clamp,   1,    0.0000000000E+00,    2.1405846500E+02,    2.1405846500E+02,    0.0000000000E+00,    0.0000000000E+00,    0.0000000000E+00,    2.1405846500E+02
    157550,      0.676952,CP11_after_MPI,   1,    0.0000000000E+00,    2.1405846500E+02,    2.1405846500E+02,    0.0000000000E+00,    0.0000000000E+00,    0.0000000000E+00,    2.1405846500E+02
    157550,      0.676952,CP12_end,   1,    0.0000000000E+00,    2.1405846500E+02,    2.1405846500E+02,    0.0000000000E+00,    0.0000000000E+00,    0.0000000000E+00,    2.1405846500E+02
    157600,      0.676952,CP0_start,   1,    0.0000000000E+00,    2.1416021883E+02,    2.1416021883E+02,    0.0000000000E+00,    0.0000000000E+00,    0.0000000000E+00,    2.1416021883E+02
    157600,      0.676952,CP1_after_deposition,   1,    0.0000000000E+00,    2.1416021883E+02,    2.1416021883E+02,    0.0000000000E+00,    0.0000000000E+00,    0.0000000000E+00,    2.1416021883E+02
    157600,      0.676952,CP2_after_erosion,   1,    0.0000000000E+00,    2.1416021883E+02,    2.1416021883E+02,    0.0000000000E+00,    0.0000000000E+00,    0.0000000000E+00,    2.1416021883E+02
    157600,      0.676952,CP3_after_update_bottom,   1,    0.0000000000E+00,    2.1416021883E+02,    2.1416021883E+02,    0.0000000000E+00,    0.0000000000E+00,    0.0000000000E+00,    2.1416021883E+02
    157600,      0.676952,CP4_after_advection,   1,    0.0000000000E+00,    2.1415050146E+02,    2.1415050146E+02,    0.0000000000E+00,    0.0000000000E+00,    0.0000000000E+00,    2.1415050146E+02
    157600,      0.676952,CP5_after_vdif,   1,    0.0000000000E+00,    2.1415050146E+02,    2.1415050146E+02,    0.0000000000E+00,    0.0000000000E+00,    0.0000000000E+00,    2.1415050146E+02
    157600,      0.676952,CP6_after_kinetics,   1,    0.0000000000E+00,    2.1415050146E+02,    2.1415050146E+02,    0.0000000000E+00,    0.0000000000E+00,    0.0000000000E+00,    2.1415050146E+02
    157600,      0.676952,CP7_after_upper_clamp,   1,    0.0000000000E+00,    2.1415050146E+02,    2.1415050146E+02,    0.0000000000E+00,    0.0000000000E+00,    0.0000000000E+00,    2.1415050146E+02
    157600,      0.676952,CP8_after_OBC,   1,    0.0000000000E+00,    2.1415050146E+02,    2.1415050146E+02,    0.0000000000E+00,    0.0000000000E+00,    0.0000000000E+00,    2.1415050146E+02
    157600,      0.676952,CP9_after_PTsource,   1,    0.0000000000E+00,    2.1415050146E+02,    2.1415050146E+02,    0.0000000000E+00,    0.0000000000E+00,    0.0000000000E+00,    2.1415050146E+02
    157600,      0.676952,CP10_after_neg_clamp,   1,    0.0000000000E+00,    2.1415050146E+02,    2.1415050146E+02,    0.0000000000E+00,    0.0000000000E+00,    0.0000000000E+00,    2.1415050146E+02
    157600,      0.676952,CP11_after_MPI,   1,    0.0000000000E+00,    2.1415050146E+02,    2.1415050146E+02,    0.0000000000E+00,    0.0000000000E+00,    0.0000000000E+00,    2.1415050146E+02
    157600,      0.676952,CP12_end,   1,    0.0000000000E+00,    2.1415050146E+02,    2.1415050146E+02,    0.0000000000E+00,    0.0000000000E+00,    0.0000000000E+00,    2.1415050146E+02
    157650,      0.676952,CP0_start,   1,    0.0000000000E+00,    2.1425417025E+02,    2.1425417025E+02,    0.0000000000E+00,    0.0000000000E+00,    0.0000000000E+00,    2.1425417025E+02
    157650,      0.676952,CP1_after_deposition,   1,    0.0000000000E+00,    2.1425417025E+02,    2.1425417025E+02,    0.0000000000E+00,    0.0000000000E+00,    0.0000000000E+00,    2.1425417025E+02
    157650,      0.676952,CP2_after_erosion,   1,    0.0000000000E+00,    2.1425417025E+02,    2.1425417025E+02,    0.0000000000E+00,    0.0000000000E+00,    0.0000000000E+00,    2.1425417025E+02
    157650,      0.676952,CP3_after_update_bottom,   1,    0.0000000000E+00,    2.1425417025E+02,    2.1425417025E+02,    0.0000000000E+00,    0.0000000000E+00,    0.0000000000E+00,    2.1425417025E+02
    157650,      0.676952,CP4_after_advection,   1,    0.0000000000E+00,    2.1424449912E+02,    2.1424449912E+02,    0.0000000000E+00,    0.0000000000E+00,    0.0000000000E+00,    2.1424449912E+02
    157650,      0.676952,CP5_after_vdif,   1,    0.0000000000E+00,    2.1424449912E+02,    2.1424449912E+02,    0.0000000000E+00,    0.0000000000E+00,    0.0000000000E+00,    2.1424449912E+02
    157650,      0.676952,CP6_after_kinetics,   1,    0.0000000000E+00,    2.1424449912E+02,    2.1424449912E+02,    0.0000000000E+00,    0.0000000000E+00,    0.0000000000E+00,    2.1424449912E+02
    157650,      0.676952,CP7_after_upper_clamp,   1,    0.0000000000E+00,    2.1424449912E+02,    2.1424449912E+02,    0.0000000000E+00,    0.0000000000E+00,    0.0000000000E+00,    2.1424449912E+02
    157650,      0.676952,CP8_after_OBC,   1,    0.0000000000E+00,    2.1424449912E+02,    2.1424449912E+02,    0.0000000000E+00,    0.0000000000E+00,    0.0000000000E+00,    2.1424449912E+02
    157650,      0.676952,CP9_after_PTsource,   1,    0.0000000000E+00,    2.1424449912E+02,    2.1424449912E+02,    0.0000000000E+00,    0.0000000000E+00,    0.0000000000E+00,    2.1424449912E+02
    157650,      0.676952,CP10_after_neg_clamp,   1,    0.0000000000E+00,    2.1424449912E+02,    2.1424449912E+02,    0.0000000000E+00,    0.0000000000E+00,    0.0000000000E+00,    2.1424449912E+02
    157650,      0.676952,CP11_after_MPI,   1,    0.0000000000E+00,    2.1424449912E+02,    2.1424449912E+02,    0.0000000000E+00,    0.0000000000E+00,    0.0000000000E+00,    2.1424449912E+02
    157650,      0.676952,CP12_end,   1,    0.0000000000E+00,    2.1424449912E+02,    2.1424449912E+02,    0.0000000000E+00,    0.0000000000E+00,    0.0000000000E+00,    2.1424449912E+02
    157700,      0.676952,CP0_start,   1,    0.0000000000E+00,    2.1434992380E+02,    2.1434992380E+02,    0.0000000000E+00,    0.0000000000E+00,    0.0000000000E+00,    2.1434992380E+02
    157700,      0.676952,CP1_after_deposition,   1,    0.0000000000E+00,    2.1434992380E+02,    2.1434992380E+02,    0.0000000000E+00,    0.0000000000E+00,    0.0000000000E+00,    2.1434992380E+02
    157700,      0.676952,CP2_after_erosion,   1,    0.0000000000E+00,    2.1434992380E+02,    2.1434992380E+02,    0.0000000000E+00,    0.0000000000E+00,    0.0000000000E+00,    2.1434992380E+02
    157700,      0.676952,CP3_after_update_bottom,   1,    0.0000000000E+00,    2.1434992380E+02,    2.1434992380E+02,    0.0000000000E+00,    0.0000000000E+00,    0.0000000000E+00,    2.1434992380E+02
    157700,      0.676952,CP4_after_advection,   1,    0.0000000000E+00,    2.1434029478E+02,    2.1434029478E+02,    0.0000000000E+00,    0.0000000000E+00,    0.0000000000E+00,    2.1434029478E+02
    157700,      0.676952,CP5_after_vdif,   1,    0.0000000000E+00,    2.1434029478E+02,    2.1434029478E+02,    0.0000000000E+00,    0.0000000000E+00,    0.0000000000E+00,    2.1434029478E+02
    157700,      0.676952,CP6_after_kinetics,   1,    0.0000000000E+00,    2.1434029478E+02,    2.1434029478E+02,    0.0000000000E+00,    0.0000000000E+00,    0.0000000000E+00,    2.1434029478E+02
    157700,      0.676952,CP7_after_upper_clamp,   1,    0.0000000000E+00,    2.1434029478E+02,    2.1434029478E+02,    0.0000000000E+00,    0.0000000000E+00,    0.0000000000E+00,    2.1434029478E+02
    157700,      0.676952,CP8_after_OBC,   1,    0.0000000000E+00,    2.1434029478E+02,    2.1434029478E+02,    0.0000000000E+00,    0.0000000000E+00,    0.0000000000E+00,    2.1434029478E+02
    157700,      0.676952,CP9_after_PTsource,   1,    0.0000000000E+00,    2.1434029478E+02,    2.1434029478E+02,    0.0000000000E+00,    0.0000000000E+00,    0.0000000000E+00,    2.1434029478E+02
    157700,      0.676952,CP10_after_neg_clamp,   1,    0.0000000000E+00,    2.1434029478E+02,    2.1434029478E+02,    0.0000000000E+00,    0.0000000000E+00,    0.0000000000E+00,    2.1434029478E+02
    157700,      0.676952,CP11_after_MPI,   1,    0.0000000000E+00,    2.1434029478E+02,    2.1434029478E+02,    0.0000000000E+00,    0.0000000000E+00,    0.0000000000E+00,    2.1434029478E+02
    157700,      0.676952,CP12_end,   1,    0.0000000000E+00,    2.1434029478E+02,    2.1434029478E+02,    0.0000000000E+00,    0.0000000000E+00,    0.0000000000E+00,    2.1434029478E+02
    157750,      0.676952,CP0_start,   1,    0.0000000000E+00,    2.1444695721E+02,    2.1444695721E+02,    0.0000000000E+00,    0.0000000000E+00,    0.0000000000E+00,    2.1444695721E+02
    157750,      0.676952,CP1_after_deposition,   1,    0.0000000000E+00,    2.1444695721E+02,    2.1444695721E+02,    0.0000000000E+00,    0.0000000000E+00,    0.0000000000E+00,    2.1444695721E+02
    157750,      0.676952,CP2_after_erosion,   1,    0.0000000000E+00,    2.1444695721E+02,    2.1444695721E+02,    0.0000000000E+00,    0.0000000000E+00,    0.0000000000E+00,    2.1444695721E+02
    157750,      0.676952,CP3_after_update_bottom,   1,    0.0000000000E+00,    2.1444695721E+02,    2.1444695721E+02,    0.0000000000E+00,    0.0000000000E+00,    0.0000000000E+00,    2.1444695721E+02
    157750,      0.676952,CP4_after_advection,   1,    0.0000000000E+00,    2.1443736510E+02,    2.1443736510E+02,    0.0000000000E+00,    0.0000000000E+00,    0.0000000000E+00,    2.1443736510E+02
    157750,      0.676952,CP5_after_vdif,   1,    0.0000000000E+00,    2.1443736510E+02,    2.1443736510E+02,    0.0000000000E+00,    0.0000000000E+00,    0.0000000000E+00,    2.1443736510E+02
    157750,      0.676952,CP6_after_kinetics,   1,    0.0000000000E+00,    2.1443736510E+02,    2.1443736510E+02,    0.0000000000E+00,    0.0000000000E+00,    0.0000000000E+00,    2.1443736510E+02
    157750,      0.676952,CP7_after_upper_clamp,   1,    0.0000000000E+00,    2.1443736510E+02,    2.1443736510E+02,    0.0000000000E+00,    0.0000000000E+00,    0.0000000000E+00,    2.1443736510E+02
    157750,      0.676952,CP8_after_OBC,   1,    0.0000000000E+00,    2.1443736510E+02,    2.1443736510E+02,    0.0000000000E+00,    0.0000000000E+00,    0.0000000000E+00,    2.1443736510E+02
    157750,      0.676952,CP9_after_PTsource,   1,    0.0000000000E+00,    2.1443736510E+02,    2.1443736510E+02,    0.0000000000E+00,    0.0000000000E+00,    0.0000000000E+00,    2.1443736510E+02
    157750,      0.676952,CP10_after_neg_clamp,   1,    0.0000000000E+00,    2.1443736510E+02,    2.1443736510E+02,    0.0000000000E+00,    0.0000000000E+00,    0.0000000000E+00,    2.1443736510E+02
    157750,      0.676952,CP11_after_MPI,   1,    0.0000000000E+00,    2.1443736510E+02,    2.1443736510E+02,    0.0000000000E+00,    0.0000000000E+00,    0.0000000000E+00,    2.1443736510E+02
    157750,      0.676952,CP12_end,   1,    0.0000000000E+00,    2.1443736510E+02,    2.1443736510E+02,    0.0000000000E+00,    0.0000000000E+00,    0.0000000000E+00,    2.1443736510E+02
    157800,      0.676952,CP0_start,   1,    0.0000000000E+00,    2.1454505636E+02,    2.1454505636E+02,    0.0000000000E+00,    0.0000000000E+00,    0.0000000000E+00,    2.1454505636E+02
    157800,      0.676952,CP1_after_deposition,   1,    0.0000000000E+00,    2.1454505636E+02,    2.1454505636E+02,    0.0000000000E+00,    0.0000000000E+00,    0.0000000000E+00,    2.1454505636E+02
    157800,      0.676952,CP2_after_erosion,   1,    0.0000000000E+00,    2.1454505636E+02,    2.1454505636E+02,    0.0000000000E+00,    0.0000000000E+00,    0.0000000000E+00,    2.1454505636E+02
    157800,      0.676952,CP3_after_update_bottom,   1,    0.0000000000E+00,    2.1454505636E+02,    2.1454505636E+02,    0.0000000000E+00,    0.0000000000E+00,    0.0000000000E+00,    2.1454505636E+02
    157800,      0.676952,CP4_after_advection,   1,    0.0000000000E+00,    2.1453550421E+02,    2.1453550421E+02,    0.0000000000E+00,    0.0000000000E+00,    0.0000000000E+00,    2.1453550421E+02
    157800,      0.676952,CP5_after_vdif,   1,    0.0000000000E+00,    2.1453550421E+02,    2.1453550421E+02,    0.0000000000E+00,    0.0000000000E+00,    0.0000000000E+00,    2.1453550421E+02
    157800,      0.676952,CP6_after_kinetics,   1,    0.0000000000E+00,    2.1453550421E+02,    2.1453550421E+02,    0.0000000000E+00,    0.0000000000E+00,    0.0000000000E+00,    2.1453550421E+02
    157800,      0.676952,CP7_after_upper_clamp,   1,    0.0000000000E+00,    2.1453550421E+02,    2.1453550421E+02,    0.0000000000E+00,    0.0000000000E+00,    0.0000000000E+00,    2.1453550421E+02
    157800,      0.676952,CP8_after_OBC,   1,    0.0000000000E+00,    2.1453550421E+02,    2.1453550421E+02,    0.0000000000E+00,    0.0000000000E+00,    0.0000000000E+00,    2.1453550421E+02
    157800,      0.676952,CP9_after_PTsource,   1,    0.0000000000E+00,    2.1453550421E+02,    2.1453550421E+02,    0.0000000000E+00,    0.0000000000E+00,    0.0000000000E+00,    2.1453550421E+02
    157800,      0.676952,CP10_after_neg_clamp,   1,    0.0000000000E+00,    2.1453550421E+02,    2.1453550421E+02,    0.0000000000E+00,    0.0000000000E+00,    0.0000000000E+00,    2.1453550421E+02
    157800,      0.676952,CP11_after_MPI,   1,    0.0000000000E+00,    2.1453550421E+02,    2.1453550421E+02,    0.0000000000E+00,    0.0000000000E+00,    0.0000000000E+00,    2.1453550421E+02
    157800,      0.676952,CP12_end,   1,    0.0000000000E+00,    2.1453550421E+02,    2.1453550421E+02,    0.0000000000E+00,    0.0000000000E+00,    0.0000000000E+00,    2.1453550421E+02
    157850,      0.676952,CP0_start,   1,    0.0000000000E+00,    2.1464395631E+02,    2.1464395631E+02,    0.0000000000E+00,    0.0000000000E+00,    0.0000000000E+00,    2.1464395631E+02
    157850,      0.676952,CP1_after_deposition,   1,    0.0000000000E+00,    2.1464395631E+02,    2.1464395631E+02,    0.0000000000E+00,    0.0000000000E+00,    0.0000000000E+00,    2.1464395631E+02
    157850,      0.676952,CP2_after_erosion,   1,    0.0000000000E+00,    2.1464395631E+02,    2.1464395631E+02,    0.0000000000E+00,    0.0000000000E+00,    0.0000000000E+00,    2.1464395631E+02
    157850,      0.676952,CP3_after_update_bottom,   1,    0.0000000000E+00,    2.1464395631E+02,    2.1464395631E+02,    0.0000000000E+00,    0.0000000000E+00,    0.0000000000E+00,    2.1464395631E+02
    157850,      0.676952,CP4_after_advection,   1,    0.0000000000E+00,    2.1463444286E+02,    2.1463444286E+02,    0.0000000000E+00,    0.0000000000E+00,    0.0000000000E+00,    2.1463444286E+02
    157850,      0.676952,CP5_after_vdif,   1,    0.0000000000E+00,    2.1463444286E+02,    2.1463444286E+02,    0.0000000000E+00,    0.0000000000E+00,    0.0000000000E+00,    2.1463444286E+02
    157850,      0.676952,CP6_after_kinetics,   1,    0.0000000000E+00,    2.1463444286E+02,    2.1463444286E+02,    0.0000000000E+00,    0.0000000000E+00,    0.0000000000E+00,    2.1463444286E+02
    157850,      0.676952,CP7_after_upper_clamp,   1,    0.0000000000E+00,    2.1463444286E+02,    2.1463444286E+02,    0.0000000000E+00,    0.0000000000E+00,    0.0000000000E+00,    2.1463444286E+02
    157850,      0.676952,CP8_after_OBC,   1,    0.0000000000E+00,    2.1463444286E+02,    2.1463444286E+02,    0.0000000000E+00,    0.0000000000E+00,    0.0000000000E+00,    2.1463444286E+02
    157850,      0.676952,CP9_after_PTsource,   1,    0.0000000000E+00,    2.1463444286E+02,    2.1463444286E+02,    0.0000000000E+00,    0.0000000000E+00,    0.0000000000E+00,    2.1463444286E+02
    157850,      0.676952,CP10_after_neg_clamp,   1,    0.0000000000E+00,    2.1463444286E+02,    2.1463444286E+02,    0.0000000000E+00,    0.0000000000E+00,    0.0000000000E+00,    2.1463444286E+02
    157850,      0.676952,CP11_after_MPI,   1,    0.0000000000E+00,    2.1463444286E+02,    2.1463444286E+02,    0.0000000000E+00,    0.0000000000E+00,    0.0000000000E+00,    2.1463444286E+02
    157850,      0.676952,CP12_end,   1,    0.0000000000E+00,    2.1463444286E+02,    2.1463444286E+02,    0.0000000000E+00,    0.0000000000E+00,    0.0000000000E+00,    2.1463444286E+02
    157900,      0.676952,CP0_start,   1,    0.0000000000E+00,    2.1474329211E+02,    2.1474329211E+02,    0.0000000000E+00,    0.0000000000E+00,    0.0000000000E+00,    2.1474329211E+02
    157900,      0.676952,CP1_after_deposition,   1,    0.0000000000E+00,    2.1474329211E+02,    2.1474329211E+02,    0.0000000000E+00,    0.0000000000E+00,    0.0000000000E+00,    2.1474329211E+02
    157900,      0.676952,CP2_after_erosion,   1,    0.0000000000E+00,    2.1474329211E+02,    2.1474329211E+02,    0.0000000000E+00,    0.0000000000E+00,    0.0000000000E+00,    2.1474329211E+02
    157900,      0.676952,CP3_after_update_bottom,   1,    0.0000000000E+00,    2.1474329211E+02,    2.1474329211E+02,    0.0000000000E+00,    0.0000000000E+00,    0.0000000000E+00,    2.1474329211E+02
    157900,      0.676952,CP4_after_advection,   1,    0.0000000000E+00,    2.1473381301E+02,    2.1473381301E+02,    0.0000000000E+00,    0.0000000000E+00,    0.0000000000E+00,    2.1473381301E+02
    157900,      0.676952,CP5_after_vdif,   1,    0.0000000000E+00,    2.1473381301E+02,    2.1473381301E+02,    0.0000000000E+00,    0.0000000000E+00,    0.0000000000E+00,    2.1473381301E+02
    157900,      0.676952,CP6_after_kinetics,   1,    0.0000000000E+00,    2.1473381301E+02,    2.1473381301E+02,    0.0000000000E+00,    0.0000000000E+00,    0.0000000000E+00,    2.1473381301E+02
    157900,      0.676952,CP7_after_upper_clamp,   1,    0.0000000000E+00,    2.1473381301E+02,    2.1473381301E+02,    0.0000000000E+00,    0.0000000000E+00,    0.0000000000E+00,    2.1473381301E+02
    157900,      0.676952,CP8_after_OBC,   1,    0.0000000000E+00,    2.1473381301E+02,    2.1473381301E+02,    0.0000000000E+00,    0.0000000000E+00,    0.0000000000E+00,    2.1473381301E+02
    157900,      0.676952,CP9_after_PTsource,   1,    0.0000000000E+00,    2.1473381301E+02,    2.1473381301E+02,    0.0000000000E+00,    0.0000000000E+00,    0.0000000000E+00,    2.1473381301E+02
    157900,      0.676952,CP10_after_neg_clamp,   1,    0.0000000000E+00,    2.1473381301E+02,    2.1473381301E+02,    0.0000000000E+00,    0.0000000000E+00,    0.0000000000E+00,    2.1473381301E+02
    157900,      0.676952,CP11_after_MPI,   1,    0.0000000000E+00,    2.1473381301E+02,    2.1473381301E+02,    0.0000000000E+00,    0.0000000000E+00,    0.0000000000E+00,    2.1473381301E+02
    157900,      0.676952,CP12_end,   1,    0.0000000000E+00,    2.1473381301E+02,    2.1473381301E+02,    0.0000000000E+00,    0.0000000000E+00,    0.0000000000E+00,    2.1473381301E+02
    157950,      0.676952,CP0_start,   1,    0.0000000000E+00,    2.1484252802E+02,    2.1484252802E+02,    0.0000000000E+00,    0.0000000000E+00,    0.0000000000E+00,    2.1484252802E+02
    157950,      0.676952,CP1_after_deposition,   1,    0.0000000000E+00,    2.1484252802E+02,    2.1484252802E+02,    0.0000000000E+00,    0.0000000000E+00,    0.0000000000E+00,    2.1484252802E+02
    157950,      0.676952,CP2_after_erosion,   1,    0.0000000000E+00,    2.1484252802E+02,    2.1484252802E+02,    0.0000000000E+00,    0.0000000000E+00,    0.0000000000E+00,    2.1484252802E+02
    157950,      0.676952,CP3_after_update_bottom,   1,    0.0000000000E+00,    2.1484252802E+02,    2.1484252802E+02,    0.0000000000E+00,    0.0000000000E+00,    0.0000000000E+00,    2.1484252802E+02
    157950,      0.676952,CP4_after_advection,   1,    0.0000000000E+00,    2.1483307231E+02,    2.1483307231E+02,    0.0000000000E+00,    0.0000000000E+00,    0.0000000000E+00,    2.1483307231E+02
    157950,      0.676952,CP5_after_vdif,   1,    0.0000000000E+00,    2.1483307231E+02,    2.1483307231E+02,    0.0000000000E+00,    0.0000000000E+00,    0.0000000000E+00,    2.1483307231E+02
    157950,      0.676952,CP6_after_kinetics,   1,    0.0000000000E+00,    2.1483307231E+02,    2.1483307231E+02,    0.0000000000E+00,    0.0000000000E+00,    0.0000000000E+00,    2.1483307231E+02
    157950,      0.676952,CP7_after_upper_clamp,   1,    0.0000000000E+00,    2.1483307231E+02,    2.1483307231E+02,    0.0000000000E+00,    0.0000000000E+00,    0.0000000000E+00,    2.1483307231E+02
    157950,      0.676952,CP8_after_OBC,   1,    0.0000000000E+00,    2.1483307231E+02,    2.1483307231E+02,    0.0000000000E+00,    0.0000000000E+00,    0.0000000000E+00,    2.1483307231E+02
    157950,      0.676952,CP9_after_PTsource,   1,    0.0000000000E+00,    2.1483307231E+02,    2.1483307231E+02,    0.0000000000E+00,    0.0000000000E+00,    0.0000000000E+00,    2.1483307231E+02
    157950,      0.676952,CP10_after_neg_clamp,   1,    0.0000000000E+00,    2.1483307231E+02,    2.1483307231E+02,    0.0000000000E+00,    0.0000000000E+00,    0.0000000000E+00,    2.1483307231E+02
    157950,      0.676952,CP11_after_MPI,   1,    0.0000000000E+00,    2.1483307231E+02,    2.1483307231E+02,    0.0000000000E+00,    0.0000000000E+00,    0.0000000000E+00,    2.1483307231E+02
    157950,      0.676952,CP12_end,   1,    0.0000000000E+00,    2.1483307231E+02,    2.1483307231E+02,    0.0000000000E+00,    0.0000000000E+00,    0.0000000000E+00,    2.1483307231E+02
    158000,      0.676952,CP0_start,   1,    0.0000000000E+00,    2.1494121086E+02,    2.1494121086E+02,    0.0000000000E+00,    0.0000000000E+00,    0.0000000000E+00,    2.1494121086E+02
    158000,      0.676952,CP1_after_deposition,   1,    0.0000000000E+00,    2.1494121086E+02,    2.1494121086E+02,    0.0000000000E+00,    0.0000000000E+00,    0.0000000000E+00,    2.1494121086E+02
    158000,      0.676952,CP2_after_erosion,   1,    0.0000000000E+00,    2.1494121086E+02,    2.1494121086E+02,    0.0000000000E+00,    0.0000000000E+00,    0.0000000000E+00,    2.1494121086E+02
    158000,      0.676952,CP3_after_update_bottom,   1,    0.0000000000E+00,    2.1494121086E+02,    2.1494121086E+02,    0.0000000000E+00,    0.0000000000E+00,    0.0000000000E+00,    2.1494121086E+02
    158000,      0.676952,CP4_after_advection,   1,    0.0000000000E+00,    2.1493178193E+02,    2.1493178193E+02,    0.0000000000E+00,    0.0000000000E+00,    0.0000000000E+00,    2.1493178193E+02
    158000,      0.676952,CP5_after_vdif,   1,    0.0000000000E+00,    2.1493178193E+02,    2.1493178193E+02,    0.0000000000E+00,    0.0000000000E+00,    0.0000000000E+00,    2.1493178193E+02
    158000,      0.676952,CP6_after_kinetics,   1,    0.0000000000E+00,    2.1493178193E+02,    2.1493178193E+02,    0.0000000000E+00,    0.0000000000E+00,    0.0000000000E+00,    2.1493178193E+02
    158000,      0.676952,CP7_after_upper_clamp,   1,    0.0000000000E+00,    2.1493178193E+02,    2.1493178193E+02,    0.0000000000E+00,    0.0000000000E+00,    0.0000000000E+00,    2.1493178193E+02
    158000,      0.676952,CP8_after_OBC,   1,    0.0000000000E+00,    2.1493178193E+02,    2.1493178193E+02,    0.0000000000E+00,    0.0000000000E+00,    0.0000000000E+00,    2.1493178193E+02
    158000,      0.676952,CP9_after_PTsource,   1,    0.0000000000E+00,    2.1493178193E+02,    2.1493178193E+02,    0.0000000000E+00,    0.0000000000E+00,    0.0000000000E+00,    2.1493178193E+02
    158000,      0.676952,CP10_after_neg_clamp,   1,    0.0000000000E+00,    2.1493178193E+02,    2.1493178193E+02,    0.0000000000E+00,    0.0000000000E+00,    0.0000000000E+00,    2.1493178193E+02
    158000,      0.676952,CP11_after_MPI,   1,    0.0000000000E+00,    2.1493178193E+02,    2.1493178193E+02,    0.0000000000E+00,    0.0000000000E+00,    0.0000000000E+00,    2.1493178193E+02
    158000,      0.676952,CP12_end,   1,    0.0000000000E+00,    2.1493178193E+02,    2.1493178193E+02,    0.0000000000E+00,    0.0000000000E+00,    0.0000000000E+00,    2.1493178193E+02
    158050,      0.676952,CP0_start,   1,    0.0000000000E+00,    2.1503918167E+02,    2.1503918167E+02,    0.0000000000E+00,    0.0000000000E+00,    0.0000000000E+00,    2.1503918167E+02
    158050,      0.676952,CP1_after_deposition,   1,    0.0000000000E+00,    2.1503918167E+02,    2.1503918167E+02,    0.0000000000E+00,    0.0000000000E+00,    0.0000000000E+00,    2.1503918167E+02
    158050,      0.676952,CP2_after_erosion,   1,    0.0000000000E+00,    2.1503918167E+02,    2.1503918167E+02,    0.0000000000E+00,    0.0000000000E+00,    0.0000000000E+00,    2.1503918167E+02
    158050,      0.676952,CP3_after_update_bottom,   1,    0.0000000000E+00,    2.1503918167E+02,    2.1503918167E+02,    0.0000000000E+00,    0.0000000000E+00,    0.0000000000E+00,    2.1503918167E+02
    158050,      0.676952,CP4_after_advection,   1,    0.0000000000E+00,    2.1502978142E+02,    2.1502978142E+02,    0.0000000000E+00,    0.0000000000E+00,    0.0000000000E+00,    2.1502978142E+02
    158050,      0.676952,CP5_after_vdif,   1,    0.0000000000E+00,    2.1502978142E+02,    2.1502978142E+02,    0.0000000000E+00,    0.0000000000E+00,    0.0000000000E+00,    2.1502978142E+02
    158050,      0.676952,CP6_after_kinetics,   1,    0.0000000000E+00,    2.1502978142E+02,    2.1502978142E+02,    0.0000000000E+00,    0.0000000000E+00,    0.0000000000E+00,    2.1502978142E+02
    158050,      0.676952,CP7_after_upper_clamp,   1,    0.0000000000E+00,    2.1502978142E+02,    2.1502978142E+02,    0.0000000000E+00,    0.0000000000E+00,    0.0000000000E+00,    2.1502978142E+02
    158050,      0.676952,CP8_after_OBC,   1,    0.0000000000E+00,    2.1502978142E+02,    2.1502978142E+02,    0.0000000000E+00,    0.0000000000E+00,    0.0000000000E+00,    2.1502978142E+02
    158050,      0.676952,CP9_after_PTsource,   1,    0.0000000000E+00,    2.1502978142E+02,    2.1502978142E+02,    0.0000000000E+00,    0.0000000000E+00,    0.0000000000E+00,    2.1502978142E+02
    158050,      0.676952,CP10_after_neg_clamp,   1,    0.0000000000E+00,    2.1502978142E+02,    2.1502978142E+02,    0.0000000000E+00,    0.0000000000E+00,    0.0000000000E+00,    2.1502978142E+02
    158050,      0.676952,CP11_after_MPI,   1,    0.0000000000E+00,    2.1502978142E+02,    2.1502978142E+02,    0.0000000000E+00,    0.0000000000E+00,    0.0000000000E+00,    2.1502978142E+02
    158050,      0.676952,CP12_end,   1,    0.0000000000E+00,    2.1502978142E+02,    2.1502978142E+02,    0.0000000000E+00,    0.0000000000E+00,    0.0000000000E+00,    2.1502978142E+02
    158100,      0.676952,CP0_start,   1,    0.0000000000E+00,    2.1513609067E+02,    2.1513609067E+02,    0.0000000000E+00,    0.0000000000E+00,    0.0000000000E+00,    2.1513609067E+02
    158100,      0.676952,CP1_after_deposition,   1,    0.0000000000E+00,    2.1513609067E+02,    2.1513609067E+02,    0.0000000000E+00,    0.0000000000E+00,    0.0000000000E+00,    2.1513609067E+02
    158100,      0.676952,CP2_after_erosion,   1,    0.0000000000E+00,    2.1513609067E+02,    2.1513609067E+02,    0.0000000000E+00,    0.0000000000E+00,    0.0000000000E+00,    2.1513609067E+02
    158100,      0.676952,CP3_after_update_bottom,   1,    0.0000000000E+00,    2.1513609067E+02,    2.1513609067E+02,    0.0000000000E+00,    0.0000000000E+00,    0.0000000000E+00,    2.1513609067E+02
    158100,      0.676952,CP4_after_advection,   1,    0.0000000000E+00,    2.1512672088E+02,    2.1512672088E+02,    0.0000000000E+00,    0.0000000000E+00,    0.0000000000E+00,    2.1512672088E+02
    158100,      0.676952,CP5_after_vdif,   1,    0.0000000000E+00,    2.1512672088E+02,    2.1512672088E+02,    0.0000000000E+00,    0.0000000000E+00,    0.0000000000E+00,    2.1512672088E+02
    158100,      0.676952,CP6_after_kinetics,   1,    0.0000000000E+00,    2.1512672088E+02,    2.1512672088E+02,    0.0000000000E+00,    0.0000000000E+00,    0.0000000000E+00,    2.1512672088E+02
    158100,      0.676952,CP7_after_upper_clamp,   1,    0.0000000000E+00,    2.1512672088E+02,    2.1512672088E+02,    0.0000000000E+00,    0.0000000000E+00,    0.0000000000E+00,    2.1512672088E+02
    158100,      0.676952,CP8_after_OBC,   1,    0.0000000000E+00,    2.1512672088E+02,    2.1512672088E+02,    0.0000000000E+00,    0.0000000000E+00,    0.0000000000E+00,    2.1512672088E+02
    158100,      0.676952,CP9_after_PTsource,   1,    0.0000000000E+00,    2.1512672088E+02,    2.1512672088E+02,    0.0000000000E+00,    0.0000000000E+00,    0.0000000000E+00,    2.1512672088E+02
    158100,      0.676952,CP10_after_neg_clamp,   1,    0.0000000000E+00,    2.1512672088E+02,    2.1512672088E+02,    0.0000000000E+00,    0.0000000000E+00,    0.0000000000E+00,    2.1512672088E+02
    158100,      0.676952,CP11_after_MPI,   1,    0.0000000000E+00,    2.1512672088E+02,    2.1512672088E+02,    0.0000000000E+00,    0.0000000000E+00,    0.0000000000E+00,    2.1512672088E+02
    158100,      0.676952,CP12_end,   1,    0.0000000000E+00,    2.1512672088E+02,    2.1512672088E+02,    0.0000000000E+00,    0.0000000000E+00,    0.0000000000E+00,    2.1512672088E+02
    158150,      0.676952,CP0_start,   1,    0.0000000000E+00,    2.1523156087E+02,    2.1523156087E+02,    0.0000000000E+00,    0.0000000000E+00,    0.0000000000E+00,    2.1523156087E+02
    158150,      0.676952,CP1_after_deposition,   1,    0.0000000000E+00,    2.1523156087E+02,    2.1523156087E+02,    0.0000000000E+00,    0.0000000000E+00,    0.0000000000E+00,    2.1523156087E+02
    158150,      0.676952,CP2_after_erosion,   1,    0.0000000000E+00,    2.1523156087E+02,    2.1523156087E+02,    0.0000000000E+00,    0.0000000000E+00,    0.0000000000E+00,    2.1523156087E+02
    158150,      0.676952,CP3_after_update_bottom,   1,    0.0000000000E+00,    2.1523156087E+02,    2.1523156087E+02,    0.0000000000E+00,    0.0000000000E+00,    0.0000000000E+00,    2.1523156087E+02
    158150,      0.676952,CP4_after_advection,   1,    0.0000000000E+00,    2.1522222076E+02,    2.1522222076E+02,    0.0000000000E+00,    0.0000000000E+00,    0.0000000000E+00,    2.1522222076E+02
    158150,      0.676952,CP5_after_vdif,   1,    0.0000000000E+00,    2.1522222076E+02,    2.1522222076E+02,    0.0000000000E+00,    0.0000000000E+00,    0.0000000000E+00,    2.1522222076E+02
    158150,      0.676952,CP6_after_kinetics,   1,    0.0000000000E+00,    2.1522222076E+02,    2.1522222076E+02,    0.0000000000E+00,    0.0000000000E+00,    0.0000000000E+00,    2.1522222076E+02
    158150,      0.676952,CP7_after_upper_clamp,   1,    0.0000000000E+00,    2.1522222076E+02,    2.1522222076E+02,    0.0000000000E+00,    0.0000000000E+00,    0.0000000000E+00,    2.1522222076E+02
    158150,      0.676952,CP8_after_OBC,   1,    0.0000000000E+00,    2.1522222076E+02,    2.1522222076E+02,    0.0000000000E+00,    0.0000000000E+00,    0.0000000000E+00,    2.1522222076E+02
    158150,      0.676952,CP9_after_PTsource,   1,    0.0000000000E+00,    2.1522222076E+02,    2.1522222076E+02,    0.0000000000E+00,    0.0000000000E+00,    0.0000000000E+00,    2.1522222076E+02
    158150,      0.676952,CP10_after_neg_clamp,   1,    0.0000000000E+00,    2.1522222076E+02,    2.1522222076E+02,    0.0000000000E+00,    0.0000000000E+00,    0.0000000000E+00,    2.1522222076E+02
    158150,      0.676952,CP11_after_MPI,   1,    0.0000000000E+00,    2.1522222076E+02,    2.1522222076E+02,    0.0000000000E+00,    0.0000000000E+00,    0.0000000000E+00,    2.1522222076E+02
    158150,      0.676952,CP12_end,   1,    0.0000000000E+00,    2.1522222076E+02,    2.1522222076E+02,    0.0000000000E+00,    0.0000000000E+00,    0.0000000000E+00,    2.1522222076E+02
    158200,      0.676952,CP0_start,   1,    0.0000000000E+00,    2.1532517842E+02,    2.1532517842E+02,    0.0000000000E+00,    0.0000000000E+00,    0.0000000000E+00,    2.1532517842E+02
    158200,      0.676952,CP1_after_deposition,   1,    0.0000000000E+00,    2.1532517842E+02,    2.1532517842E+02,    0.0000000000E+00,    0.0000000000E+00,    0.0000000000E+00,    2.1532517842E+02
    158200,      0.676952,CP2_after_erosion,   1,    0.0000000000E+00,    2.1532517842E+02,    2.1532517842E+02,    0.0000000000E+00,    0.0000000000E+00,    0.0000000000E+00,    2.1532517842E+02
    158200,      0.676952,CP3_after_update_bottom,   1,    0.0000000000E+00,    2.1532517842E+02,    2.1532517842E+02,    0.0000000000E+00,    0.0000000000E+00,    0.0000000000E+00,    2.1532517842E+02
    158200,      0.676952,CP4_after_advection,   1,    0.0000000000E+00,    2.1531587310E+02,    2.1531587310E+02,    0.0000000000E+00,    0.0000000000E+00,    0.0000000000E+00,    2.1531587310E+02
    158200,      0.676952,CP5_after_vdif,   1,    0.0000000000E+00,    2.1531587310E+02,    2.1531587310E+02,    0.0000000000E+00,    0.0000000000E+00,    0.0000000000E+00,    2.1531587310E+02
    158200,      0.676952,CP6_after_kinetics,   1,    0.0000000000E+00,    2.1531587310E+02,    2.1531587310E+02,    0.0000000000E+00,    0.0000000000E+00,    0.0000000000E+00,    2.1531587310E+02
    158200,      0.676952,CP7_after_upper_clamp,   1,    0.0000000000E+00,    2.1531587310E+02,    2.1531587310E+02,    0.0000000000E+00,    0.0000000000E+00,    0.0000000000E+00,    2.1531587310E+02
    158200,      0.676952,CP8_after_OBC,   1,    0.0000000000E+00,    2.1531587310E+02,    2.1531587310E+02,    0.0000000000E+00,    0.0000000000E+00,    0.0000000000E+00,    2.1531587310E+02
    158200,      0.676952,CP9_after_PTsource,   1,    0.0000000000E+00,    2.1531587310E+02,    2.1531587310E+02,    0.0000000000E+00,    0.0000000000E+00,    0.0000000000E+00,    2.1531587310E+02
    158200,      0.676952,CP10_after_neg_clamp,   1,    0.0000000000E+00,    2.1531587310E+02,    2.1531587310E+02,    0.0000000000E+00,    0.0000000000E+00,    0.0000000000E+00,    2.1531587310E+02
    158200,      0.676952,CP11_after_MPI,   1,    0.0000000000E+00,    2.1531587310E+02,    2.1531587310E+02,    0.0000000000E+00,    0.0000000000E+00,    0.0000000000E+00,    2.1531587310E+02
    158200,      0.676952,CP12_end,   1,    0.0000000000E+00,    2.1531587310E+02,    2.1531587310E+02,    0.0000000000E+00,    0.0000000000E+00,    0.0000000000E+00,    2.1531587310E+02
    158250,      0.676952,CP0_start,   1,    0.0000000000E+00,    2.1541701190E+02,    2.1541701190E+02,    0.0000000000E+00,    0.0000000000E+00,    0.0000000000E+00,    2.1541701190E+02
    158250,      0.676952,CP1_after_deposition,   1,    0.0000000000E+00,    2.1541701190E+02,    2.1541701190E+02,    0.0000000000E+00,    0.0000000000E+00,    0.0000000000E+00,    2.1541701190E+02
    158250,      0.676952,CP2_after_erosion,   1,    0.0000000000E+00,    2.1541701190E+02,    2.1541701190E+02,    0.0000000000E+00,    0.0000000000E+00,    0.0000000000E+00,    2.1541701190E+02
    158250,      0.676952,CP3_after_update_bottom,   1,    0.0000000000E+00,    2.1541701190E+02,    2.1541701190E+02,    0.0000000000E+00,    0.0000000000E+00,    0.0000000000E+00,    2.1541701190E+02
    158250,      0.676952,CP4_after_advection,   1,    0.0000000000E+00,    2.1540775497E+02,    2.1540775497E+02,    0.0000000000E+00,    0.0000000000E+00,    0.0000000000E+00,    2.1540775497E+02
    158250,      0.676952,CP5_after_vdif,   1,    0.0000000000E+00,    2.1540775497E+02,    2.1540775497E+02,    0.0000000000E+00,    0.0000000000E+00,    0.0000000000E+00,    2.1540775497E+02
    158250,      0.676952,CP6_after_kinetics,   1,    0.0000000000E+00,    2.1540775497E+02,    2.1540775497E+02,    0.0000000000E+00,    0.0000000000E+00,    0.0000000000E+00,    2.1540775497E+02
    158250,      0.676952,CP7_after_upper_clamp,   1,    0.0000000000E+00,    2.1540775497E+02,    2.1540775497E+02,    0.0000000000E+00,    0.0000000000E+00,    0.0000000000E+00,    2.1540775497E+02
    158250,      0.676952,CP8_after_OBC,   1,    0.0000000000E+00,    2.1540775497E+02,    2.1540775497E+02,    0.0000000000E+00,    0.0000000000E+00,    0.0000000000E+00,    2.1540775497E+02
    158250,      0.676952,CP9_after_PTsource,   1,    0.0000000000E+00,    2.1540775497E+02,    2.1540775497E+02,    0.0000000000E+00,    0.0000000000E+00,    0.0000000000E+00,    2.1540775497E+02
    158250,      0.676952,CP10_after_neg_clamp,   1,    0.0000000000E+00,    2.1540775497E+02,    2.1540775497E+02,    0.0000000000E+00,    0.0000000000E+00,    0.0000000000E+00,    2.1540775497E+02
    158250,      0.676952,CP11_after_MPI,   1,    0.0000000000E+00,    2.1540775497E+02,    2.1540775497E+02,    0.0000000000E+00,    0.0000000000E+00,    0.0000000000E+00,    2.1540775497E+02
    158250,      0.676952,CP12_end,   1,    0.0000000000E+00,    2.1540775497E+02,    2.1540775497E+02,    0.0000000000E+00,    0.0000000000E+00,    0.0000000000E+00,    2.1540775497E+02
    158300,      0.676952,CP0_start,   1,    0.0000000000E+00,    2.1550722257E+02,    2.1550722257E+02,    0.0000000000E+00,    0.0000000000E+00,    0.0000000000E+00,    2.1550722257E+02
    158300,      0.676952,CP1_after_deposition,   1,    0.0000000000E+00,    2.1550722257E+02,    2.1550722257E+02,    0.0000000000E+00,    0.0000000000E+00,    0.0000000000E+00,    2.1550722257E+02
    158300,      0.676952,CP2_after_erosion,   1,    0.0000000000E+00,    2.1550722257E+02,    2.1550722257E+02,    0.0000000000E+00,    0.0000000000E+00,    0.0000000000E+00,    2.1550722257E+02
    158300,      0.676952,CP3_after_update_bottom,   1,    0.0000000000E+00,    2.1550722257E+02,    2.1550722257E+02,    0.0000000000E+00,    0.0000000000E+00,    0.0000000000E+00,    2.1550722257E+02
    158300,      0.676952,CP4_after_advection,   1,    0.0000000000E+00,    2.1549803396E+02,    2.1549803396E+02,    0.0000000000E+00,    0.0000000000E+00,    0.0000000000E+00,    2.1549803396E+02
    158300,      0.676952,CP5_after_vdif,   1,    0.0000000000E+00,    2.1549803396E+02,    2.1549803396E+02,    0.0000000000E+00,    0.0000000000E+00,    0.0000000000E+00,    2.1549803396E+02
    158300,      0.676952,CP6_after_kinetics,   1,    0.0000000000E+00,    2.1549803396E+02,    2.1549803396E+02,    0.0000000000E+00,    0.0000000000E+00,    0.0000000000E+00,    2.1549803396E+02
    158300,      0.676952,CP7_after_upper_clamp,   1,    0.0000000000E+00,    2.1549803396E+02,    2.1549803396E+02,    0.0000000000E+00,    0.0000000000E+00,    0.0000000000E+00,    2.1549803396E+02
    158300,      0.676952,CP8_after_OBC,   1,    0.0000000000E+00,    2.1549803396E+02,    2.1549803396E+02,    0.0000000000E+00,    0.0000000000E+00,    0.0000000000E+00,    2.1549803396E+02
    158300,      0.676952,CP9_after_PTsource,   1,    0.0000000000E+00,    2.1549803396E+02,    2.1549803396E+02,    0.0000000000E+00,    0.0000000000E+00,    0.0000000000E+00,    2.1549803396E+02
    158300,      0.676952,CP10_after_neg_clamp,   1,    0.0000000000E+00,    2.1549803396E+02,    2.1549803396E+02,    0.0000000000E+00,    0.0000000000E+00,    0.0000000000E+00,    2.1549803396E+02
    158300,      0.676952,CP11_after_MPI,   1,    0.0000000000E+00,    2.1549803396E+02,    2.1549803396E+02,    0.0000000000E+00,    0.0000000000E+00,    0.0000000000E+00,    2.1549803396E+02
    158300,      0.676952,CP12_end,   1,    0.0000000000E+00,    2.1549803396E+02,    2.1549803396E+02,    0.0000000000E+00,    0.0000000000E+00,    0.0000000000E+00,    2.1549803396E+02
    158350,      0.676952,CP0_start,   1,    0.0000000000E+00,    2.1559615723E+02,    2.1559615723E+02,    0.0000000000E+00,    0.0000000000E+00,    0.0000000000E+00,    2.1559615723E+02
    158350,      0.676952,CP1_after_deposition,   1,    0.0000000000E+00,    2.1559615723E+02,    2.1559615723E+02,    0.0000000000E+00,    0.0000000000E+00,    0.0000000000E+00,    2.1559615723E+02
    158350,      0.676952,CP2_after_erosion,   1,    0.0000000000E+00,    2.1559615723E+02,    2.1559615723E+02,    0.0000000000E+00,    0.0000000000E+00,    0.0000000000E+00,    2.1559615723E+02
    158350,      0.676952,CP3_after_update_bottom,   1,    0.0000000000E+00,    2.1559615723E+02,    2.1559615723E+02,    0.0000000000E+00,    0.0000000000E+00,    0.0000000000E+00,    2.1559615723E+02
    158350,      0.676952,CP4_after_advection,   1,    0.0000000000E+00,    2.1558705981E+02,    2.1558705981E+02,    0.0000000000E+00,    0.0000000000E+00,    0.0000000000E+00,    2.1558705981E+02
    158350,      0.676952,CP5_after_vdif,   1,    0.0000000000E+00,    2.1558705981E+02,    2.1558705981E+02,    0.0000000000E+00,    0.0000000000E+00,    0.0000000000E+00,    2.1558705981E+02
    158350,      0.676952,CP6_after_kinetics,   1,    0.0000000000E+00,    2.1558705981E+02,    2.1558705981E+02,    0.0000000000E+00,    0.0000000000E+00,    0.0000000000E+00,    2.1558705981E+02
    158350,      0.676952,CP7_after_upper_clamp,   1,    0.0000000000E+00,    2.1558705981E+02,    2.1558705981E+02,    0.0000000000E+00,    0.0000000000E+00,    0.0000000000E+00,    2.1558705981E+02
    158350,      0.676952,CP8_after_OBC,   1,    0.0000000000E+00,    2.1558705981E+02,    2.1558705981E+02,    0.0000000000E+00,    0.0000000000E+00,    0.0000000000E+00,    2.1558705981E+02
    158350,      0.676952,CP9_after_PTsource,   1,    0.0000000000E+00,    2.1558705981E+02,    2.1558705981E+02,    0.0000000000E+00,    0.0000000000E+00,    0.0000000000E+00,    2.1558705981E+02
    158350,      0.676952,CP10_after_neg_clamp,   1,    0.0000000000E+00,    2.1558705981E+02,    2.1558705981E+02,    0.0000000000E+00,    0.0000000000E+00,    0.0000000000E+00,    2.1558705981E+02
    158350,      0.676952,CP11_after_MPI,   1,    0.0000000000E+00,    2.1558705981E+02,    2.1558705981E+02,    0.0000000000E+00,    0.0000000000E+00,    0.0000000000E+00,    2.1558705981E+02
    158350,      0.676952,CP12_end,   1,    0.0000000000E+00,    2.1558705981E+02,    2.1558705981E+02,    0.0000000000E+00,    0.0000000000E+00,    0.0000000000E+00,    2.1558705981E+02
    158400,      0.676952,CP0_start,   1,    0.0000000000E+00,    2.1568437509E+02,    2.1568437509E+02,    0.0000000000E+00,    0.0000000000E+00,    0.0000000000E+00,    2.1568437509E+02
    158400,      0.676952,CP1_after_deposition,   1,    0.0000000000E+00,    2.1568437509E+02,    2.1568437509E+02,    0.0000000000E+00,    0.0000000000E+00,    0.0000000000E+00,    2.1568437509E+02
    158400,      0.676952,CP2_after_erosion,   1,    0.0000000000E+00,    2.1568437509E+02,    2.1568437509E+02,    0.0000000000E+00,    0.0000000000E+00,    0.0000000000E+00,    2.1568437509E+02
    158400,      0.676952,CP3_after_update_bottom,   1,    0.0000000000E+00,    2.1568437509E+02,    2.1568437509E+02,    0.0000000000E+00,    0.0000000000E+00,    0.0000000000E+00,    2.1568437509E+02
    158400,      0.676952,CP4_after_advection,   1,    0.0000000000E+00,    2.1567539196E+02,    2.1567539196E+02,    0.0000000000E+00,    0.0000000000E+00,    0.0000000000E+00,    2.1567539196E+02
    158400,      0.676952,CP5_after_vdif,   1,    0.0000000000E+00,    2.1567539196E+02,    2.1567539196E+02,    0.0000000000E+00,    0.0000000000E+00,    0.0000000000E+00,    2.1567539196E+02
    158400,      0.676952,CP6_after_kinetics,   1,    0.0000000000E+00,    2.1567539196E+02,    2.1567539196E+02,    0.0000000000E+00,    0.0000000000E+00,    0.0000000000E+00,    2.1567539196E+02
    158400,      0.676952,CP7_after_upper_clamp,   1,    0.0000000000E+00,    2.1567539196E+02,    2.1567539196E+02,    0.0000000000E+00,    0.0000000000E+00,    0.0000000000E+00,    2.1567539196E+02
    158400,      0.676952,CP8_after_OBC,   1,    0.0000000000E+00,    2.1567539196E+02,    2.1567539196E+02,    0.0000000000E+00,    0.0000000000E+00,    0.0000000000E+00,    2.1567539196E+02
    158400,      0.676952,CP9_after_PTsource,   1,    0.0000000000E+00,    2.1567539196E+02,    2.1567539196E+02,    0.0000000000E+00,    0.0000000000E+00,    0.0000000000E+00,    2.1567539196E+02
    158400,      0.676952,CP10_after_neg_clamp,   1,    0.0000000000E+00,    2.1567539196E+02,    2.1567539196E+02,    0.0000000000E+00,    0.0000000000E+00,    0.0000000000E+00,    2.1567539196E+02
    158400,      0.676952,CP11_after_MPI,   1,    0.0000000000E+00,    2.1567539196E+02,    2.1567539196E+02,    0.0000000000E+00,    0.0000000000E+00,    0.0000000000E+00,    2.1567539196E+02
    158400,      0.676952,CP12_end,   1,    0.0000000000E+00,    2.1567539196E+02,    2.1567539196E+02,    0.0000000000E+00,    0.0000000000E+00,    0.0000000000E+00,    2.1567539196E+02
    158450,      0.676952,CP0_start,   1,    0.0000000000E+00,    2.1577179786E+02,    2.1577179786E+02,    0.0000000000E+00,    0.0000000000E+00,    0.0000000000E+00,    2.1577179786E+02
    158450,      0.676952,CP1_after_deposition,   1,    0.0000000000E+00,    2.1577179786E+02,    2.1577179786E+02,    0.0000000000E+00,    0.0000000000E+00,    0.0000000000E+00,    2.1577179786E+02
    158450,      0.676952,CP2_after_erosion,   1,    0.0000000000E+00,    2.1577179786E+02,    2.1577179786E+02,    0.0000000000E+00,    0.0000000000E+00,    0.0000000000E+00,    2.1577179786E+02
    158450,      0.676952,CP3_after_update_bottom,   1,    0.0000000000E+00,    2.1577179786E+02,    2.1577179786E+02,    0.0000000000E+00,    0.0000000000E+00,    0.0000000000E+00,    2.1577179786E+02
    158450,      0.676952,CP4_after_advection,   1,    0.0000000000E+00,    2.1576293536E+02,    2.1576293536E+02,    0.0000000000E+00,    0.0000000000E+00,    0.0000000000E+00,    2.1576293536E+02
    158450,      0.676952,CP5_after_vdif,   1,    0.0000000000E+00,    2.1576293536E+02,    2.1576293536E+02,    0.0000000000E+00,    0.0000000000E+00,    0.0000000000E+00,    2.1576293536E+02
    158450,      0.676952,CP6_after_kinetics,   1,    0.0000000000E+00,    2.1576293536E+02,    2.1576293536E+02,    0.0000000000E+00,    0.0000000000E+00,    0.0000000000E+00,    2.1576293536E+02
    158450,      0.676952,CP7_after_upper_clamp,   1,    0.0000000000E+00,    2.1576293536E+02,    2.1576293536E+02,    0.0000000000E+00,    0.0000000000E+00,    0.0000000000E+00,    2.1576293536E+02
    158450,      0.676952,CP8_after_OBC,   1,    0.0000000000E+00,    2.1576293536E+02,    2.1576293536E+02,    0.0000000000E+00,    0.0000000000E+00,    0.0000000000E+00,    2.1576293536E+02
    158450,      0.676952,CP9_after_PTsource,   1,    0.0000000000E+00,    2.1576293536E+02,    2.1576293536E+02,    0.0000000000E+00,    0.0000000000E+00,    0.0000000000E+00,    2.1576293536E+02
    158450,      0.676952,CP10_after_neg_clamp,   1,    0.0000000000E+00,    2.1576293536E+02,    2.1576293536E+02,    0.0000000000E+00,    0.0000000000E+00,    0.0000000000E+00,    2.1576293536E+02
    158450,      0.676952,CP11_after_MPI,   1,    0.0000000000E+00,    2.1576293536E+02,    2.1576293536E+02,    0.0000000000E+00,    0.0000000000E+00,    0.0000000000E+00,    2.1576293536E+02
    158450,      0.676952,CP12_end,   1,    0.0000000000E+00,    2.1576293536E+02,    2.1576293536E+02,    0.0000000000E+00,    0.0000000000E+00,    0.0000000000E+00,    2.1576293536E+02
    158500,      0.676952,CP0_start,   1,    0.0000000000E+00,    2.1585817822E+02,    2.1585817822E+02,    0.0000000000E+00,    0.0000000000E+00,    0.0000000000E+00,    2.1585817822E+02
    158500,      0.676952,CP1_after_deposition,   1,    0.0000000000E+00,    2.1585817822E+02,    2.1585817822E+02,    0.0000000000E+00,    0.0000000000E+00,    0.0000000000E+00,    2.1585817822E+02
    158500,      0.676952,CP2_after_erosion,   1,    0.0000000000E+00,    2.1585817822E+02,    2.1585817822E+02,    0.0000000000E+00,    0.0000000000E+00,    0.0000000000E+00,    2.1585817822E+02
    158500,      0.676952,CP3_after_update_bottom,   1,    0.0000000000E+00,    2.1585817822E+02,    2.1585817822E+02,    0.0000000000E+00,    0.0000000000E+00,    0.0000000000E+00,    2.1585817822E+02
    158500,      0.676952,CP4_after_advection,   1,    0.0000000000E+00,    2.1584945357E+02,    2.1584945357E+02,    0.0000000000E+00,    0.0000000000E+00,    0.0000000000E+00,    2.1584945357E+02
    158500,      0.676952,CP5_after_vdif,   1,    0.0000000000E+00,    2.1584945357E+02,    2.1584945357E+02,    0.0000000000E+00,    0.0000000000E+00,    0.0000000000E+00,    2.1584945357E+02
    158500,      0.676952,CP6_after_kinetics,   1,    0.0000000000E+00,    2.1584945357E+02,    2.1584945357E+02,    0.0000000000E+00,    0.0000000000E+00,    0.0000000000E+00,    2.1584945357E+02
    158500,      0.676952,CP7_after_upper_clamp,   1,    0.0000000000E+00,    2.1584945357E+02,    2.1584945357E+02,    0.0000000000E+00,    0.0000000000E+00,    0.0000000000E+00,    2.1584945357E+02
    158500,      0.676952,CP8_after_OBC,   1,    0.0000000000E+00,    2.1584945357E+02,    2.1584945357E+02,    0.0000000000E+00,    0.0000000000E+00,    0.0000000000E+00,    2.1584945357E+02
    158500,      0.676952,CP9_after_PTsource,   1,    0.0000000000E+00,    2.1584945357E+02,    2.1584945357E+02,    0.0000000000E+00,    0.0000000000E+00,    0.0000000000E+00,    2.1584945357E+02
    158500,      0.676952,CP10_after_neg_clamp,   1,    0.0000000000E+00,    2.1584945357E+02,    2.1584945357E+02,    0.0000000000E+00,    0.0000000000E+00,    0.0000000000E+00,    2.1584945357E+02
    158500,      0.676952,CP11_after_MPI,   1,    0.0000000000E+00,    2.1584945357E+02,    2.1584945357E+02,    0.0000000000E+00,    0.0000000000E+00,    0.0000000000E+00,    2.1584945357E+02
    158500,      0.676952,CP12_end,   1,    0.0000000000E+00,    2.1584945357E+02,    2.1584945357E+02,    0.0000000000E+00,    0.0000000000E+00,    0.0000000000E+00,    2.1584945357E+02
    158550,      0.676952,CP0_start,   1,    0.0000000000E+00,    2.1594387245E+02,    2.1594387245E+02,    0.0000000000E+00,    0.0000000000E+00,    0.0000000000E+00,    2.1594387245E+02
    158550,      0.676952,CP1_after_deposition,   1,    0.0000000000E+00,    2.1594387245E+02,    2.1594387245E+02,    0.0000000000E+00,    0.0000000000E+00,    0.0000000000E+00,    2.1594387245E+02
    158550,      0.676952,CP2_after_erosion,   1,    0.0000000000E+00,    2.1594387245E+02,    2.1594387245E+02,    0.0000000000E+00,    0.0000000000E+00,    0.0000000000E+00,    2.1594387245E+02
    158550,      0.676952,CP3_after_update_bottom,   1,    0.0000000000E+00,    2.1594387245E+02,    2.1594387245E+02,    0.0000000000E+00,    0.0000000000E+00,    0.0000000000E+00,    2.1594387245E+02
    158550,      0.676952,CP4_after_advection,   1,    0.0000000000E+00,    2.1593530447E+02,    2.1593530447E+02,    0.0000000000E+00,    0.0000000000E+00,    0.0000000000E+00,    2.1593530447E+02
    158550,      0.676952,CP5_after_vdif,   1,    0.0000000000E+00,    2.1593530447E+02,    2.1593530447E+02,    0.0000000000E+00,    0.0000000000E+00,    0.0000000000E+00,    2.1593530447E+02
    158550,      0.676952,CP6_after_kinetics,   1,    0.0000000000E+00,    2.1593530447E+02,    2.1593530447E+02,    0.0000000000E+00,    0.0000000000E+00,    0.0000000000E+00,    2.1593530447E+02
    158550,      0.676952,CP7_after_upper_clamp,   1,    0.0000000000E+00,    2.1593530447E+02,    2.1593530447E+02,    0.0000000000E+00,    0.0000000000E+00,    0.0000000000E+00,    2.1593530447E+02
    158550,      0.676952,CP8_after_OBC,   1,    0.0000000000E+00,    2.1593530447E+02,    2.1593530447E+02,    0.0000000000E+00,    0.0000000000E+00,    0.0000000000E+00,    2.1593530447E+02
    158550,      0.676952,CP9_after_PTsource,   1,    0.0000000000E+00,    2.1593530447E+02,    2.1593530447E+02,    0.0000000000E+00,    0.0000000000E+00,    0.0000000000E+00,    2.1593530447E+02
    158550,      0.676952,CP10_after_neg_clamp,   1,    0.0000000000E+00,    2.1593530447E+02,    2.1593530447E+02,    0.0000000000E+00,    0.0000000000E+00,    0.0000000000E+00,    2.1593530447E+02
    158550,      0.676952,CP11_after_MPI,   1,    0.0000000000E+00,    2.1593530447E+02,    2.1593530447E+02,    0.0000000000E+00,    0.0000000000E+00,    0.0000000000E+00,    2.1593530447E+02
    158550,      0.676952,CP12_end,   1,    0.0000000000E+00,    2.1593530447E+02,    2.1593530447E+02,    0.0000000000E+00,    0.0000000000E+00,    0.0000000000E+00,    2.1593530447E+02
    158600,      0.676952,CP0_start,   1,    0.0000000000E+00,    2.1602911337E+02,    2.1602911337E+02,    0.0000000000E+00,    0.0000000000E+00,    0.0000000000E+00,    2.1602911337E+02
    158600,      0.676952,CP1_after_deposition,   1,    0.0000000000E+00,    2.1602911337E+02,    2.1602911337E+02,    0.0000000000E+00,    0.0000000000E+00,    0.0000000000E+00,    2.1602911337E+02
    158600,      0.676952,CP2_after_erosion,   1,    0.0000000000E+00,    2.1602911337E+02,    2.1602911337E+02,    0.0000000000E+00,    0.0000000000E+00,    0.0000000000E+00,    2.1602911337E+02
    158600,      0.676952,CP3_after_update_bottom,   1,    0.0000000000E+00,    2.1602911337E+02,    2.1602911337E+02,    0.0000000000E+00,    0.0000000000E+00,    0.0000000000E+00,    2.1602911337E+02
    158600,      0.676952,CP4_after_advection,   1,    0.0000000000E+00,    2.1602071501E+02,    2.1602071501E+02,    0.0000000000E+00,    0.0000000000E+00,    0.0000000000E+00,    2.1602071501E+02
    158600,      0.676952,CP5_after_vdif,   1,    0.0000000000E+00,    2.1602071501E+02,    2.1602071501E+02,    0.0000000000E+00,    0.0000000000E+00,    0.0000000000E+00,    2.1602071501E+02
    158600,      0.676952,CP6_after_kinetics,   1,    0.0000000000E+00,    2.1602071501E+02,    2.1602071501E+02,    0.0000000000E+00,    0.0000000000E+00,    0.0000000000E+00,    2.1602071501E+02
    158600,      0.676952,CP7_after_upper_clamp,   1,    0.0000000000E+00,    2.1602071501E+02,    2.1602071501E+02,    0.0000000000E+00,    0.0000000000E+00,    0.0000000000E+00,    2.1602071501E+02
    158600,      0.676952,CP8_after_OBC,   1,    0.0000000000E+00,    2.1602071501E+02,    2.1602071501E+02,    0.0000000000E+00,    0.0000000000E+00,    0.0000000000E+00,    2.1602071501E+02
    158600,      0.676952,CP9_after_PTsource,   1,    0.0000000000E+00,    2.1602071501E+02,    2.1602071501E+02,    0.0000000000E+00,    0.0000000000E+00,    0.0000000000E+00,    2.1602071501E+02
    158600,      0.676952,CP10_after_neg_clamp,   1,    0.0000000000E+00,    2.1602071501E+02,    2.1602071501E+02,    0.0000000000E+00,    0.0000000000E+00,    0.0000000000E+00,    2.1602071501E+02
    158600,      0.676952,CP11_after_MPI,   1,    0.0000000000E+00,    2.1602071501E+02,    2.1602071501E+02,    0.0000000000E+00,    0.0000000000E+00,    0.0000000000E+00,    2.1602071501E+02
    158600,      0.676952,CP12_end,   1,    0.0000000000E+00,    2.1602071501E+02,    2.1602071501E+02,    0.0000000000E+00,    0.0000000000E+00,    0.0000000000E+00,    2.1602071501E+02
    158650,      0.676952,CP0_start,   1,    0.0000000000E+00,    2.1611418782E+02,    2.1611418782E+02,    0.0000000000E+00,    0.0000000000E+00,    0.0000000000E+00,    2.1611418782E+02
    158650,      0.676952,CP1_after_deposition,   1,    0.0000000000E+00,    2.1611418782E+02,    2.1611418782E+02,    0.0000000000E+00,    0.0000000000E+00,    0.0000000000E+00,    2.1611418782E+02
    158650,      0.676952,CP2_after_erosion,   1,    0.0000000000E+00,    2.1611418782E+02,    2.1611418782E+02,    0.0000000000E+00,    0.0000000000E+00,    0.0000000000E+00,    2.1611418782E+02
    158650,      0.676952,CP3_after_update_bottom,   1,    0.0000000000E+00,    2.1611418782E+02,    2.1611418782E+02,    0.0000000000E+00,    0.0000000000E+00,    0.0000000000E+00,    2.1611418782E+02
    158650,      0.676952,CP4_after_advection,   1,    0.0000000000E+00,    2.1610597123E+02,    2.1610597123E+02,    0.0000000000E+00,    0.0000000000E+00,    0.0000000000E+00,    2.1610597123E+02
    158650,      0.676952,CP5_after_vdif,   1,    0.0000000000E+00,    2.1610597123E+02,    2.1610597123E+02,    0.0000000000E+00,    0.0000000000E+00,    0.0000000000E+00,    2.1610597123E+02
    158650,      0.676952,CP6_after_kinetics,   1,    0.0000000000E+00,    2.1610597123E+02,    2.1610597123E+02,    0.0000000000E+00,    0.0000000000E+00,    0.0000000000E+00,    2.1610597123E+02
    158650,      0.676952,CP7_after_upper_clamp,   1,    0.0000000000E+00,    2.1610597123E+02,    2.1610597123E+02,    0.0000000000E+00,    0.0000000000E+00,    0.0000000000E+00,    2.1610597123E+02
    158650,      0.676952,CP8_after_OBC,   1,    0.0000000000E+00,    2.1610597123E+02,    2.1610597123E+02,    0.0000000000E+00,    0.0000000000E+00,    0.0000000000E+00,    2.1610597123E+02
    158650,      0.676952,CP9_after_PTsource,   1,    0.0000000000E+00,    2.1610597123E+02,    2.1610597123E+02,    0.0000000000E+00,    0.0000000000E+00,    0.0000000000E+00,    2.1610597123E+02
    158650,      0.676952,CP10_after_neg_clamp,   1,    0.0000000000E+00,    2.1610597123E+02,    2.1610597123E+02,    0.0000000000E+00,    0.0000000000E+00,    0.0000000000E+00,    2.1610597123E+02
    158650,      0.676952,CP11_after_MPI,   1,    0.0000000000E+00,    2.1610597123E+02,    2.1610597123E+02,    0.0000000000E+00,    0.0000000000E+00,    0.0000000000E+00,    2.1610597123E+02
    158650,      0.676952,CP12_end,   1,    0.0000000000E+00,    2.1610597123E+02,    2.1610597123E+02,    0.0000000000E+00,    0.0000000000E+00,    0.0000000000E+00,    2.1610597123E+02
    158700,      0.676952,CP0_start,   1,    0.0000000000E+00,    2.1619908908E+02,    2.1619908908E+02,    0.0000000000E+00,    0.0000000000E+00,    0.0000000000E+00,    2.1619908908E+02
    158700,      0.676952,CP1_after_deposition,   1,    0.0000000000E+00,    2.1619908908E+02,    2.1619908908E+02,    0.0000000000E+00,    0.0000000000E+00,    0.0000000000E+00,    2.1619908908E+02
    158700,      0.676952,CP2_after_erosion,   1,    0.0000000000E+00,    2.1619908908E+02,    2.1619908908E+02,    0.0000000000E+00,    0.0000000000E+00,    0.0000000000E+00,    2.1619908908E+02
    158700,      0.676952,CP3_after_update_bottom,   1,    0.0000000000E+00,    2.1619908908E+02,    2.1619908908E+02,    0.0000000000E+00,    0.0000000000E+00,    0.0000000000E+00,    2.1619908908E+02
    158700,      0.676952,CP4_after_advection,   1,    0.0000000000E+00,    2.1619106032E+02,    2.1619106032E+02,    0.0000000000E+00,    0.0000000000E+00,    0.0000000000E+00,    2.1619106032E+02
    158700,      0.676952,CP5_after_vdif,   1,    0.0000000000E+00,    2.1619106032E+02,    2.1619106032E+02,    0.0000000000E+00,    0.0000000000E+00,    0.0000000000E+00,    2.1619106032E+02
    158700,      0.676952,CP6_after_kinetics,   1,    0.0000000000E+00,    2.1619106032E+02,    2.1619106032E+02,    0.0000000000E+00,    0.0000000000E+00,    0.0000000000E+00,    2.1619106032E+02
    158700,      0.676952,CP7_after_upper_clamp,   1,    0.0000000000E+00,    2.1619106032E+02,    2.1619106032E+02,    0.0000000000E+00,    0.0000000000E+00,    0.0000000000E+00,    2.1619106032E+02
    158700,      0.676952,CP8_after_OBC,   1,    0.0000000000E+00,    2.1619106032E+02,    2.1619106032E+02,    0.0000000000E+00,    0.0000000000E+00,    0.0000000000E+00,    2.1619106032E+02
    158700,      0.676952,CP9_after_PTsource,   1,    0.0000000000E+00,    2.1619106032E+02,    2.1619106032E+02,    0.0000000000E+00,    0.0000000000E+00,    0.0000000000E+00,    2.1619106032E+02
    158700,      0.676952,CP10_after_neg_clamp,   1,    0.0000000000E+00,    2.1619106032E+02,    2.1619106032E+02,    0.0000000000E+00,    0.0000000000E+00,    0.0000000000E+00,    2.1619106032E+02
    158700,      0.676952,CP11_after_MPI,   1,    0.0000000000E+00,    2.1619106032E+02,    2.1619106032E+02,    0.0000000000E+00,    0.0000000000E+00,    0.0000000000E+00,    2.1619106032E+02
    158700,      0.676952,CP12_end,   1,    0.0000000000E+00,    2.1619106032E+02,    2.1619106032E+02,    0.0000000000E+00,    0.0000000000E+00,    0.0000000000E+00,    2.1619106032E+02
    158750,      0.676952,CP0_start,   1,    0.0000000000E+00,    2.1628364405E+02,    2.1628364405E+02,    0.0000000000E+00,    0.0000000000E+00,    0.0000000000E+00,    2.1628364405E+02
    158750,      0.676952,CP1_after_deposition,   1,    0.0000000000E+00,    2.1628364405E+02,    2.1628364405E+02,    0.0000000000E+00,    0.0000000000E+00,    0.0000000000E+00,    2.1628364405E+02
    158750,      0.676952,CP2_after_erosion,   1,    0.0000000000E+00,    2.1628364405E+02,    2.1628364405E+02,    0.0000000000E+00,    0.0000000000E+00,    0.0000000000E+00,    2.1628364405E+02
    158750,      0.676952,CP3_after_update_bottom,   1,    0.0000000000E+00,    2.1628364405E+02,    2.1628364405E+02,    0.0000000000E+00,    0.0000000000E+00,    0.0000000000E+00,    2.1628364405E+02
    158750,      0.676952,CP4_after_advection,   1,    0.0000000000E+00,    2.1627580854E+02,    2.1627580854E+02,    0.0000000000E+00,    0.0000000000E+00,    0.0000000000E+00,    2.1627580854E+02
    158750,      0.676952,CP5_after_vdif,   1,    0.0000000000E+00,    2.1627580854E+02,    2.1627580854E+02,    0.0000000000E+00,    0.0000000000E+00,    0.0000000000E+00,    2.1627580854E+02
    158750,      0.676952,CP6_after_kinetics,   1,    0.0000000000E+00,    2.1627580854E+02,    2.1627580854E+02,    0.0000000000E+00,    0.0000000000E+00,    0.0000000000E+00,    2.1627580854E+02
    158750,      0.676952,CP7_after_upper_clamp,   1,    0.0000000000E+00,    2.1627580854E+02,    2.1627580854E+02,    0.0000000000E+00,    0.0000000000E+00,    0.0000000000E+00,    2.1627580854E+02
    158750,      0.676952,CP8_after_OBC,   1,    0.0000000000E+00,    2.1627580854E+02,    2.1627580854E+02,    0.0000000000E+00,    0.0000000000E+00,    0.0000000000E+00,    2.1627580854E+02
    158750,      0.676952,CP9_after_PTsource,   1,    0.0000000000E+00,    2.1627580854E+02,    2.1627580854E+02,    0.0000000000E+00,    0.0000000000E+00,    0.0000000000E+00,    2.1627580854E+02
    158750,      0.676952,CP10_after_neg_clamp,   1,    0.0000000000E+00,    2.1627580854E+02,    2.1627580854E+02,    0.0000000000E+00,    0.0000000000E+00,    0.0000000000E+00,    2.1627580854E+02
    158750,      0.676952,CP11_after_MPI,   1,    0.0000000000E+00,    2.1627580854E+02,    2.1627580854E+02,    0.0000000000E+00,    0.0000000000E+00,    0.0000000000E+00,    2.1627580854E+02
    158750,      0.676952,CP12_end,   1,    0.0000000000E+00,    2.1627580854E+02,    2.1627580854E+02,    0.0000000000E+00,    0.0000000000E+00,    0.0000000000E+00,    2.1627580854E+02
    158800,      0.676952,CP0_start,   1,    0.0000000000E+00,    2.1636805826E+02,    2.1636805826E+02,    0.0000000000E+00,    0.0000000000E+00,    0.0000000000E+00,    2.1636805826E+02
    158800,      0.676952,CP1_after_deposition,   1,    0.0000000000E+00,    2.1636805826E+02,    2.1636805826E+02,    0.0000000000E+00,    0.0000000000E+00,    0.0000000000E+00,    2.1636805826E+02
    158800,      0.676952,CP2_after_erosion,   1,    0.0000000000E+00,    2.1636805826E+02,    2.1636805826E+02,    0.0000000000E+00,    0.0000000000E+00,    0.0000000000E+00,    2.1636805826E+02
    158800,      0.676952,CP3_after_update_bottom,   1,    0.0000000000E+00,    2.1636805826E+02,    2.1636805826E+02,    0.0000000000E+00,    0.0000000000E+00,    0.0000000000E+00,    2.1636805826E+02
    158800,      0.676952,CP4_after_advection,   1,    0.0000000000E+00,    2.1636042424E+02,    2.1636042424E+02,    0.0000000000E+00,    0.0000000000E+00,    0.0000000000E+00,    2.1636042424E+02
    158800,      0.676952,CP5_after_vdif,   1,    0.0000000000E+00,    2.1636042424E+02,    2.1636042424E+02,    0.0000000000E+00,    0.0000000000E+00,    0.0000000000E+00,    2.1636042424E+02
    158800,      0.676952,CP6_after_kinetics,   1,    0.0000000000E+00,    2.1636042424E+02,    2.1636042424E+02,    0.0000000000E+00,    0.0000000000E+00,    0.0000000000E+00,    2.1636042424E+02
    158800,      0.676952,CP7_after_upper_clamp,   1,    0.0000000000E+00,    2.1636042424E+02,    2.1636042424E+02,    0.0000000000E+00,    0.0000000000E+00,    0.0000000000E+00,    2.1636042424E+02
    158800,      0.676952,CP8_after_OBC,   1,    0.0000000000E+00,    2.1636042424E+02,    2.1636042424E+02,    0.0000000000E+00,    0.0000000000E+00,    0.0000000000E+00,    2.1636042424E+02
    158800,      0.676952,CP9_after_PTsource,   1,    0.0000000000E+00,    2.1636042424E+02,    2.1636042424E+02,    0.0000000000E+00,    0.0000000000E+00,    0.0000000000E+00,    2.1636042424E+02
    158800,      0.676952,CP10_after_neg_clamp,   1,    0.0000000000E+00,    2.1636042424E+02,    2.1636042424E+02,    0.0000000000E+00,    0.0000000000E+00,    0.0000000000E+00,    2.1636042424E+02
    158800,      0.676952,CP11_after_MPI,   1,    0.0000000000E+00,    2.1636042424E+02,    2.1636042424E+02,    0.0000000000E+00,    0.0000000000E+00,    0.0000000000E+00,    2.1636042424E+02
    158800,      0.676952,CP12_end,   1,    0.0000000000E+00,    2.1636042424E+02,    2.1636042424E+02,    0.0000000000E+00,    0.0000000000E+00,    0.0000000000E+00,    2.1636042424E+02
    158850,      0.676952,CP0_start,   1,    0.0000000000E+00,    2.1645268610E+02,    2.1645268610E+02,    0.0000000000E+00,    0.0000000000E+00,    0.0000000000E+00,    2.1645268610E+02
    158850,      0.676952,CP1_after_deposition,   1,    0.0000000000E+00,    2.1645268610E+02,    2.1645268610E+02,    0.0000000000E+00,    0.0000000000E+00,    0.0000000000E+00,    2.1645268610E+02
    158850,      0.676952,CP2_after_erosion,   1,    0.0000000000E+00,    2.1645268610E+02,    2.1645268610E+02,    0.0000000000E+00,    0.0000000000E+00,    0.0000000000E+00,    2.1645268610E+02
    158850,      0.676952,CP3_after_update_bottom,   1,    0.0000000000E+00,    2.1645268610E+02,    2.1645268610E+02,    0.0000000000E+00,    0.0000000000E+00,    0.0000000000E+00,    2.1645268610E+02
    158850,      0.676952,CP4_after_advection,   1,    0.0000000000E+00,    2.1644526155E+02,    2.1644526155E+02,    0.0000000000E+00,    0.0000000000E+00,    0.0000000000E+00,    2.1644526155E+02
    158850,      0.676952,CP5_after_vdif,   1,    0.0000000000E+00,    2.1644526155E+02,    2.1644526155E+02,    0.0000000000E+00,    0.0000000000E+00,    0.0000000000E+00,    2.1644526155E+02
    158850,      0.676952,CP6_after_kinetics,   1,    0.0000000000E+00,    2.1644526155E+02,    2.1644526155E+02,    0.0000000000E+00,    0.0000000000E+00,    0.0000000000E+00,    2.1644526155E+02
    158850,      0.676952,CP7_after_upper_clamp,   1,    0.0000000000E+00,    2.1644526155E+02,    2.1644526155E+02,    0.0000000000E+00,    0.0000000000E+00,    0.0000000000E+00,    2.1644526155E+02
    158850,      0.676952,CP8_after_OBC,   1,    0.0000000000E+00,    2.1644526155E+02,    2.1644526155E+02,    0.0000000000E+00,    0.0000000000E+00,    0.0000000000E+00,    2.1644526155E+02
    158850,      0.676952,CP9_after_PTsource,   1,    0.0000000000E+00,    2.1644526155E+02,    2.1644526155E+02,    0.0000000000E+00,    0.0000000000E+00,    0.0000000000E+00,    2.1644526155E+02
    158850,      0.676952,CP10_after_neg_clamp,   1,    0.0000000000E+00,    2.1644526155E+02,    2.1644526155E+02,    0.0000000000E+00,    0.0000000000E+00,    0.0000000000E+00,    2.1644526155E+02
    158850,      0.676952,CP11_after_MPI,   1,    0.0000000000E+00,    2.1644526155E+02,    2.1644526155E+02,    0.0000000000E+00,    0.0000000000E+00,    0.0000000000E+00,    2.1644526155E+02
    158850,      0.676952,CP12_end,   1,    0.0000000000E+00,    2.1644526155E+02,    2.1644526155E+02,    0.0000000000E+00,    0.0000000000E+00,    0.0000000000E+00,    2.1644526155E+02
    158900,      0.676952,CP0_start,   1,    0.0000000000E+00,    2.1653782795E+02,    2.1653782795E+02,    0.0000000000E+00,    0.0000000000E+00,    0.0000000000E+00,    2.1653782795E+02
    158900,      0.676952,CP1_after_deposition,   1,    0.0000000000E+00,    2.1653782795E+02,    2.1653782795E+02,    0.0000000000E+00,    0.0000000000E+00,    0.0000000000E+00,    2.1653782795E+02
    158900,      0.676952,CP2_after_erosion,   1,    0.0000000000E+00,    2.1653782795E+02,    2.1653782795E+02,    0.0000000000E+00,    0.0000000000E+00,    0.0000000000E+00,    2.1653782795E+02
    158900,      0.676952,CP3_after_update_bottom,   1,    0.0000000000E+00,    2.1653782795E+02,    2.1653782795E+02,    0.0000000000E+00,    0.0000000000E+00,    0.0000000000E+00,    2.1653782795E+02
    158900,      0.676952,CP4_after_advection,   1,    0.0000000000E+00,    2.1653061050E+02,    2.1653061050E+02,    0.0000000000E+00,    0.0000000000E+00,    0.0000000000E+00,    2.1653061050E+02
    158900,      0.676952,CP5_after_vdif,   1,    0.0000000000E+00,    2.1653061050E+02,    2.1653061050E+02,    0.0000000000E+00,    0.0000000000E+00,    0.0000000000E+00,    2.1653061050E+02
    158900,      0.676952,CP6_after_kinetics,   1,    0.0000000000E+00,    2.1653061050E+02,    2.1653061050E+02,    0.0000000000E+00,    0.0000000000E+00,    0.0000000000E+00,    2.1653061050E+02
    158900,      0.676952,CP7_after_upper_clamp,   1,    0.0000000000E+00,    2.1653061050E+02,    2.1653061050E+02,    0.0000000000E+00,    0.0000000000E+00,    0.0000000000E+00,    2.1653061050E+02
    158900,      0.676952,CP8_after_OBC,   1,    0.0000000000E+00,    2.1653061050E+02,    2.1653061050E+02,    0.0000000000E+00,    0.0000000000E+00,    0.0000000000E+00,    2.1653061050E+02
    158900,      0.676952,CP9_after_PTsource,   1,    0.0000000000E+00,    2.1653061050E+02,    2.1653061050E+02,    0.0000000000E+00,    0.0000000000E+00,    0.0000000000E+00,    2.1653061050E+02
    158900,      0.676952,CP10_after_neg_clamp,   1,    0.0000000000E+00,    2.1653061050E+02,    2.1653061050E+02,    0.0000000000E+00,    0.0000000000E+00,    0.0000000000E+00,    2.1653061050E+02
    158900,      0.676952,CP11_after_MPI,   1,    0.0000000000E+00,    2.1653061050E+02,    2.1653061050E+02,    0.0000000000E+00,    0.0000000000E+00,    0.0000000000E+00,    2.1653061050E+02
    158900,      0.676952,CP12_end,   1,    0.0000000000E+00,    2.1653061050E+02,    2.1653061050E+02,    0.0000000000E+00,    0.0000000000E+00,    0.0000000000E+00,    2.1653061050E+02
    158950,      0.676952,CP0_start,   1,    0.0000000000E+00,    2.1662349722E+02,    2.1662349722E+02,    0.0000000000E+00,    0.0000000000E+00,    0.0000000000E+00,    2.1662349722E+02
    158950,      0.676952,CP1_after_deposition,   1,    0.0000000000E+00,    2.1662349722E+02,    2.1662349722E+02,    0.0000000000E+00,    0.0000000000E+00,    0.0000000000E+00,    2.1662349722E+02
    158950,      0.676952,CP2_after_erosion,   1,    0.0000000000E+00,    2.1662349722E+02,    2.1662349722E+02,    0.0000000000E+00,    0.0000000000E+00,    0.0000000000E+00,    2.1662349722E+02
    158950,      0.676952,CP3_after_update_bottom,   1,    0.0000000000E+00,    2.1662349722E+02,    2.1662349722E+02,    0.0000000000E+00,    0.0000000000E+00,    0.0000000000E+00,    2.1662349722E+02
    158950,      0.676952,CP4_after_advection,   1,    0.0000000000E+00,    2.1661648456E+02,    2.1661648456E+02,    0.0000000000E+00,    0.0000000000E+00,    0.0000000000E+00,    2.1661648456E+02
    158950,      0.676952,CP5_after_vdif,   1,    0.0000000000E+00,    2.1661648456E+02,    2.1661648456E+02,    0.0000000000E+00,    0.0000000000E+00,    0.0000000000E+00,    2.1661648456E+02
    158950,      0.676952,CP6_after_kinetics,   1,    0.0000000000E+00,    2.1661648456E+02,    2.1661648456E+02,    0.0000000000E+00,    0.0000000000E+00,    0.0000000000E+00,    2.1661648456E+02
    158950,      0.676952,CP7_after_upper_clamp,   1,    0.0000000000E+00,    2.1661648456E+02,    2.1661648456E+02,    0.0000000000E+00,    0.0000000000E+00,    0.0000000000E+00,    2.1661648456E+02
    158950,      0.676952,CP8_after_OBC,   1,    0.0000000000E+00,    2.1661648456E+02,    2.1661648456E+02,    0.0000000000E+00,    0.0000000000E+00,    0.0000000000E+00,    2.1661648456E+02
    158950,      0.676952,CP9_after_PTsource,   1,    0.0000000000E+00,    2.1661648456E+02,    2.1661648456E+02,    0.0000000000E+00,    0.0000000000E+00,    0.0000000000E+00,    2.1661648456E+02
    158950,      0.676952,CP10_after_neg_clamp,   1,    0.0000000000E+00,    2.1661648456E+02,    2.1661648456E+02,    0.0000000000E+00,    0.0000000000E+00,    0.0000000000E+00,    2.1661648456E+02
    158950,      0.676952,CP11_after_MPI,   1,    0.0000000000E+00,    2.1661648456E+02,    2.1661648456E+02,    0.0000000000E+00,    0.0000000000E+00,    0.0000000000E+00,    2.1661648456E+02
    158950,      0.676952,CP12_end,   1,    0.0000000000E+00,    2.1661648456E+02,    2.1661648456E+02,    0.0000000000E+00,    0.0000000000E+00,    0.0000000000E+00,    2.1661648456E+02
    159000,      0.676952,CP0_start,   1,    0.0000000000E+00,    2.1670971129E+02,    2.1670971129E+02,    0.0000000000E+00,    0.0000000000E+00,    0.0000000000E+00,    2.1670971129E+02
    159000,      0.676952,CP1_after_deposition,   1,    0.0000000000E+00,    2.1670971129E+02,    2.1670971129E+02,    0.0000000000E+00,    0.0000000000E+00,    0.0000000000E+00,    2.1670971129E+02
    159000,      0.676952,CP2_after_erosion,   1,    0.0000000000E+00,    2.1670971129E+02,    2.1670971129E+02,    0.0000000000E+00,    0.0000000000E+00,    0.0000000000E+00,    2.1670971129E+02
    159000,      0.676952,CP3_after_update_bottom,   1,    0.0000000000E+00,    2.1670971129E+02,    2.1670971129E+02,    0.0000000000E+00,    0.0000000000E+00,    0.0000000000E+00,    2.1670971129E+02
    159000,      0.676952,CP4_after_advection,   1,    0.0000000000E+00,    2.1670289304E+02,    2.1670289304E+02,    0.0000000000E+00,    0.0000000000E+00,    0.0000000000E+00,    2.1670289304E+02
    159000,      0.676952,CP5_after_vdif,   1,    0.0000000000E+00,    2.1670289304E+02,    2.1670289304E+02,    0.0000000000E+00,    0.0000000000E+00,    0.0000000000E+00,    2.1670289304E+02
    159000,      0.676952,CP6_after_kinetics,   1,    0.0000000000E+00,    2.1670289304E+02,    2.1670289304E+02,    0.0000000000E+00,    0.0000000000E+00,    0.0000000000E+00,    2.1670289304E+02
    159000,      0.676952,CP7_after_upper_clamp,   1,    0.0000000000E+00,    2.1670289304E+02,    2.1670289304E+02,    0.0000000000E+00,    0.0000000000E+00,    0.0000000000E+00,    2.1670289304E+02
    159000,      0.676952,CP8_after_OBC,   1,    0.0000000000E+00,    2.1670289304E+02,    2.1670289304E+02,    0.0000000000E+00,    0.0000000000E+00,    0.0000000000E+00,    2.1670289304E+02
    159000,      0.676952,CP9_after_PTsource,   1,    0.0000000000E+00,    2.1670289304E+02,    2.1670289304E+02,    0.0000000000E+00,    0.0000000000E+00,    0.0000000000E+00,    2.1670289304E+02
    159000,      0.676952,CP10_after_neg_clamp,   1,    0.0000000000E+00,    2.1670289304E+02,    2.1670289304E+02,    0.0000000000E+00,    0.0000000000E+00,    0.0000000000E+00,    2.1670289304E+02
    159000,      0.676952,CP11_after_MPI,   1,    0.0000000000E+00,    2.1670289304E+02,    2.1670289304E+02,    0.0000000000E+00,    0.0000000000E+00,    0.0000000000E+00,    2.1670289304E+02
    159000,      0.676952,CP12_end,   1,    0.0000000000E+00,    2.1670289304E+02,    2.1670289304E+02,    0.0000000000E+00,    0.0000000000E+00,    0.0000000000E+00,    2.1670289304E+02
    159050,      0.676952,CP0_start,   1,    0.0000000000E+00,    2.1679642314E+02,    2.1679642314E+02,    0.0000000000E+00,    0.0000000000E+00,    0.0000000000E+00,    2.1679642314E+02
    159050,      0.676952,CP1_after_deposition,   1,    0.0000000000E+00,    2.1679642314E+02,    2.1679642314E+02,    0.0000000000E+00,    0.0000000000E+00,    0.0000000000E+00,    2.1679642314E+02
    159050,      0.676952,CP2_after_erosion,   1,    0.0000000000E+00,    2.1679642314E+02,    2.1679642314E+02,    0.0000000000E+00,    0.0000000000E+00,    0.0000000000E+00,    2.1679642314E+02
    159050,      0.676952,CP3_after_update_bottom,   1,    0.0000000000E+00,    2.1679642314E+02,    2.1679642314E+02,    0.0000000000E+00,    0.0000000000E+00,    0.0000000000E+00,    2.1679642314E+02
    159050,      0.676952,CP4_after_advection,   1,    0.0000000000E+00,    2.1678978968E+02,    2.1678978968E+02,    0.0000000000E+00,    0.0000000000E+00,    0.0000000000E+00,    2.1678978968E+02
    159050,      0.676952,CP5_after_vdif,   1,    0.0000000000E+00,    2.1678978968E+02,    2.1678978968E+02,    0.0000000000E+00,    0.0000000000E+00,    0.0000000000E+00,    2.1678978968E+02
    159050,      0.676952,CP6_after_kinetics,   1,    0.0000000000E+00,    2.1678978968E+02,    2.1678978968E+02,    0.0000000000E+00,    0.0000000000E+00,    0.0000000000E+00,    2.1678978968E+02
    159050,      0.676952,CP7_after_upper_clamp,   1,    0.0000000000E+00,    2.1678978968E+02,    2.1678978968E+02,    0.0000000000E+00,    0.0000000000E+00,    0.0000000000E+00,    2.1678978968E+02
    159050,      0.676952,CP8_after_OBC,   1,    0.0000000000E+00,    2.1678978968E+02,    2.1678978968E+02,    0.0000000000E+00,    0.0000000000E+00,    0.0000000000E+00,    2.1678978968E+02
    159050,      0.676952,CP9_after_PTsource,   1,    0.0000000000E+00,    2.1678978968E+02,    2.1678978968E+02,    0.0000000000E+00,    0.0000000000E+00,    0.0000000000E+00,    2.1678978968E+02
    159050,      0.676952,CP10_after_neg_clamp,   1,    0.0000000000E+00,    2.1678978968E+02,    2.1678978968E+02,    0.0000000000E+00,    0.0000000000E+00,    0.0000000000E+00,    2.1678978968E+02
    159050,      0.676952,CP11_after_MPI,   1,    0.0000000000E+00,    2.1678978968E+02,    2.1678978968E+02,    0.0000000000E+00,    0.0000000000E+00,    0.0000000000E+00,    2.1678978968E+02
    159050,      0.676952,CP12_end,   1,    0.0000000000E+00,    2.1678978968E+02,    2.1678978968E+02,    0.0000000000E+00,    0.0000000000E+00,    0.0000000000E+00,    2.1678978968E+02
    159100,      0.676952,CP0_start,   1,    0.0000000000E+00,    2.1688349384E+02,    2.1688349384E+02,    0.0000000000E+00,    0.0000000000E+00,    0.0000000000E+00,    2.1688349384E+02
    159100,      0.676952,CP1_after_deposition,   1,    0.0000000000E+00,    2.1688349384E+02,    2.1688349384E+02,    0.0000000000E+00,    0.0000000000E+00,    0.0000000000E+00,    2.1688349384E+02
    159100,      0.676952,CP2_after_erosion,   1,    0.0000000000E+00,    2.1688349384E+02,    2.1688349384E+02,    0.0000000000E+00,    0.0000000000E+00,    0.0000000000E+00,    2.1688349384E+02
    159100,      0.676952,CP3_after_update_bottom,   1,    0.0000000000E+00,    2.1688349384E+02,    2.1688349384E+02,    0.0000000000E+00,    0.0000000000E+00,    0.0000000000E+00,    2.1688349384E+02
    159100,      0.676952,CP4_after_advection,   1,    0.0000000000E+00,    2.1687703707E+02,    2.1687703707E+02,    0.0000000000E+00,    0.0000000000E+00,    0.0000000000E+00,    2.1687703707E+02
    159100,      0.676952,CP5_after_vdif,   1,    0.0000000000E+00,    2.1687703707E+02,    2.1687703707E+02,    0.0000000000E+00,    0.0000000000E+00,    0.0000000000E+00,    2.1687703707E+02
    159100,      0.676952,CP6_after_kinetics,   1,    0.0000000000E+00,    2.1687703707E+02,    2.1687703707E+02,    0.0000000000E+00,    0.0000000000E+00,    0.0000000000E+00,    2.1687703707E+02
    159100,      0.676952,CP7_after_upper_clamp,   1,    0.0000000000E+00,    2.1687703707E+02,    2.1687703707E+02,    0.0000000000E+00,    0.0000000000E+00,    0.0000000000E+00,    2.1687703707E+02
    159100,      0.676952,CP8_after_OBC,   1,    0.0000000000E+00,    2.1687703707E+02,    2.1687703707E+02,    0.0000000000E+00,    0.0000000000E+00,    0.0000000000E+00,    2.1687703707E+02
    159100,      0.676952,CP9_after_PTsource,   1,    0.0000000000E+00,    2.1687703707E+02,    2.1687703707E+02,    0.0000000000E+00,    0.0000000000E+00,    0.0000000000E+00,    2.1687703707E+02
    159100,      0.676952,CP10_after_neg_clamp,   1,    0.0000000000E+00,    2.1687703707E+02,    2.1687703707E+02,    0.0000000000E+00,    0.0000000000E+00,    0.0000000000E+00,    2.1687703707E+02
    159100,      0.676952,CP11_after_MPI,   1,    0.0000000000E+00,    2.1687703707E+02,    2.1687703707E+02,    0.0000000000E+00,    0.0000000000E+00,    0.0000000000E+00,    2.1687703707E+02
    159100,      0.676952,CP12_end,   1,    0.0000000000E+00,    2.1687703707E+02,    2.1687703707E+02,    0.0000000000E+00,    0.0000000000E+00,    0.0000000000E+00,    2.1687703707E+02
    159150,      0.676952,CP0_start,   1,    0.0000000000E+00,    2.1697089531E+02,    2.1697089531E+02,    0.0000000000E+00,    0.0000000000E+00,    0.0000000000E+00,    2.1697089531E+02
    159150,      0.676952,CP1_after_deposition,   1,    0.0000000000E+00,    2.1697089531E+02,    2.1697089531E+02,    0.0000000000E+00,    0.0000000000E+00,    0.0000000000E+00,    2.1697089531E+02
    159150,      0.676952,CP2_after_erosion,   1,    0.0000000000E+00,    2.1697089531E+02,    2.1697089531E+02,    0.0000000000E+00,    0.0000000000E+00,    0.0000000000E+00,    2.1697089531E+02
    159150,      0.676952,CP3_after_update_bottom,   1,    0.0000000000E+00,    2.1697089531E+02,    2.1697089531E+02,    0.0000000000E+00,    0.0000000000E+00,    0.0000000000E+00,    2.1697089531E+02
    159150,      0.676952,CP4_after_advection,   1,    0.0000000000E+00,    2.1696460050E+02,    2.1696460050E+02,    0.0000000000E+00,    0.0000000000E+00,    0.0000000000E+00,    2.1696460050E+02
    159150,      0.676952,CP5_after_vdif,   1,    0.0000000000E+00,    2.1696460050E+02,    2.1696460050E+02,    0.0000000000E+00,    0.0000000000E+00,    0.0000000000E+00,    2.1696460050E+02
    159150,      0.676952,CP6_after_kinetics,   1,    0.0000000000E+00,    2.1696460050E+02,    2.1696460050E+02,    0.0000000000E+00,    0.0000000000E+00,    0.0000000000E+00,    2.1696460050E+02
    159150,      0.676952,CP7_after_upper_clamp,   1,    0.0000000000E+00,    2.1696460050E+02,    2.1696460050E+02,    0.0000000000E+00,    0.0000000000E+00,    0.0000000000E+00,    2.1696460050E+02
    159150,      0.676952,CP8_after_OBC,   1,    0.0000000000E+00,    2.1696460050E+02,    2.1696460050E+02,    0.0000000000E+00,    0.0000000000E+00,    0.0000000000E+00,    2.1696460050E+02
    159150,      0.676952,CP9_after_PTsource,   1,    0.0000000000E+00,    2.1696460050E+02,    2.1696460050E+02,    0.0000000000E+00,    0.0000000000E+00,    0.0000000000E+00,    2.1696460050E+02
    159150,      0.676952,CP10_after_neg_clamp,   1,    0.0000000000E+00,    2.1696460050E+02,    2.1696460050E+02,    0.0000000000E+00,    0.0000000000E+00,    0.0000000000E+00,    2.1696460050E+02
    159150,      0.676952,CP11_after_MPI,   1,    0.0000000000E+00,    2.1696460050E+02,    2.1696460050E+02,    0.0000000000E+00,    0.0000000000E+00,    0.0000000000E+00,    2.1696460050E+02
    159150,      0.676952,CP12_end,   1,    0.0000000000E+00,    2.1696460050E+02,    2.1696460050E+02,    0.0000000000E+00,    0.0000000000E+00,    0.0000000000E+00,    2.1696460050E+02
    159200,      0.676952,CP0_start,   1,    0.0000000000E+00,    2.1705847583E+02,    2.1705847583E+02,    0.0000000000E+00,    0.0000000000E+00,    0.0000000000E+00,    2.1705847583E+02
    159200,      0.676952,CP1_after_deposition,   1,    0.0000000000E+00,    2.1705847583E+02,    2.1705847583E+02,    0.0000000000E+00,    0.0000000000E+00,    0.0000000000E+00,    2.1705847583E+02
    159200,      0.676952,CP2_after_erosion,   1,    0.0000000000E+00,    2.1705847583E+02,    2.1705847583E+02,    0.0000000000E+00,    0.0000000000E+00,    0.0000000000E+00,    2.1705847583E+02
    159200,      0.676952,CP3_after_update_bottom,   1,    0.0000000000E+00,    2.1705847583E+02,    2.1705847583E+02,    0.0000000000E+00,    0.0000000000E+00,    0.0000000000E+00,    2.1705847583E+02
    159200,      0.676952,CP4_after_advection,   1,    0.0000000000E+00,    2.1705232847E+02,    2.1705232847E+02,    0.0000000000E+00,    0.0000000000E+00,    0.0000000000E+00,    2.1705232847E+02
    159200,      0.676952,CP5_after_vdif,   1,    0.0000000000E+00,    2.1705232847E+02,    2.1705232847E+02,    0.0000000000E+00,    0.0000000000E+00,    0.0000000000E+00,    2.1705232847E+02
    159200,      0.676952,CP6_after_kinetics,   1,    0.0000000000E+00,    2.1705232847E+02,    2.1705232847E+02,    0.0000000000E+00,    0.0000000000E+00,    0.0000000000E+00,    2.1705232847E+02
    159200,      0.676952,CP7_after_upper_clamp,   1,    0.0000000000E+00,    2.1705232847E+02,    2.1705232847E+02,    0.0000000000E+00,    0.0000000000E+00,    0.0000000000E+00,    2.1705232847E+02
    159200,      0.676952,CP8_after_OBC,   1,    0.0000000000E+00,    2.1705232847E+02,    2.1705232847E+02,    0.0000000000E+00,    0.0000000000E+00,    0.0000000000E+00,    2.1705232847E+02
    159200,      0.676952,CP9_after_PTsource,   1,    0.0000000000E+00,    2.1705232847E+02,    2.1705232847E+02,    0.0000000000E+00,    0.0000000000E+00,    0.0000000000E+00,    2.1705232847E+02
    159200,      0.676952,CP10_after_neg_clamp,   1,    0.0000000000E+00,    2.1705232847E+02,    2.1705232847E+02,    0.0000000000E+00,    0.0000000000E+00,    0.0000000000E+00,    2.1705232847E+02
    159200,      0.676952,CP11_after_MPI,   1,    0.0000000000E+00,    2.1705232847E+02,    2.1705232847E+02,    0.0000000000E+00,    0.0000000000E+00,    0.0000000000E+00,    2.1705232847E+02
    159200,      0.676952,CP12_end,   1,    0.0000000000E+00,    2.1705232847E+02,    2.1705232847E+02,    0.0000000000E+00,    0.0000000000E+00,    0.0000000000E+00,    2.1705232847E+02
    159250,      0.676952,CP0_start,   1,    0.0000000000E+00,    2.1714599586E+02,    2.1714599586E+02,    0.0000000000E+00,    0.0000000000E+00,    0.0000000000E+00,    2.1714599586E+02
    159250,      0.676952,CP1_after_deposition,   1,    0.0000000000E+00,    2.1714599586E+02,    2.1714599586E+02,    0.0000000000E+00,    0.0000000000E+00,    0.0000000000E+00,    2.1714599586E+02
    159250,      0.676952,CP2_after_erosion,   1,    0.0000000000E+00,    2.1714599586E+02,    2.1714599586E+02,    0.0000000000E+00,    0.0000000000E+00,    0.0000000000E+00,    2.1714599586E+02
    159250,      0.676952,CP3_after_update_bottom,   1,    0.0000000000E+00,    2.1714599586E+02,    2.1714599586E+02,    0.0000000000E+00,    0.0000000000E+00,    0.0000000000E+00,    2.1714599586E+02
    159250,      0.676952,CP4_after_advection,   1,    0.0000000000E+00,    2.1713998448E+02,    2.1713998448E+02,    0.0000000000E+00,    0.0000000000E+00,    0.0000000000E+00,    2.1713998448E+02
    159250,      0.676952,CP5_after_vdif,   1,    0.0000000000E+00,    2.1713998448E+02,    2.1713998448E+02,    0.0000000000E+00,    0.0000000000E+00,    0.0000000000E+00,    2.1713998448E+02
    159250,      0.676952,CP6_after_kinetics,   1,    0.0000000000E+00,    2.1713998448E+02,    2.1713998448E+02,    0.0000000000E+00,    0.0000000000E+00,    0.0000000000E+00,    2.1713998448E+02
    159250,      0.676952,CP7_after_upper_clamp,   1,    0.0000000000E+00,    2.1713998448E+02,    2.1713998448E+02,    0.0000000000E+00,    0.0000000000E+00,    0.0000000000E+00,    2.1713998448E+02
    159250,      0.676952,CP8_after_OBC,   1,    0.0000000000E+00,    2.1713998448E+02,    2.1713998448E+02,    0.0000000000E+00,    0.0000000000E+00,    0.0000000000E+00,    2.1713998448E+02
    159250,      0.676952,CP9_after_PTsource,   1,    0.0000000000E+00,    2.1713998448E+02,    2.1713998448E+02,    0.0000000000E+00,    0.0000000000E+00,    0.0000000000E+00,    2.1713998448E+02
    159250,      0.676952,CP10_after_neg_clamp,   1,    0.0000000000E+00,    2.1713998448E+02,    2.1713998448E+02,    0.0000000000E+00,    0.0000000000E+00,    0.0000000000E+00,    2.1713998448E+02
    159250,      0.676952,CP11_after_MPI,   1,    0.0000000000E+00,    2.1713998448E+02,    2.1713998448E+02,    0.0000000000E+00,    0.0000000000E+00,    0.0000000000E+00,    2.1713998448E+02
    159250,      0.676952,CP12_end,   1,    0.0000000000E+00,    2.1713998448E+02,    2.1713998448E+02,    0.0000000000E+00,    0.0000000000E+00,    0.0000000000E+00,    2.1713998448E+02
    159300,      0.676952,CP0_start,   1,    0.0000000000E+00,    2.1723333912E+02,    2.1723333912E+02,    0.0000000000E+00,    0.0000000000E+00,    0.0000000000E+00,    2.1723333912E+02
    159300,      0.676952,CP1_after_deposition,   1,    0.0000000000E+00,    2.1723333912E+02,    2.1723333912E+02,    0.0000000000E+00,    0.0000000000E+00,    0.0000000000E+00,    2.1723333912E+02
    159300,      0.676952,CP2_after_erosion,   1,    0.0000000000E+00,    2.1723333912E+02,    2.1723333912E+02,    0.0000000000E+00,    0.0000000000E+00,    0.0000000000E+00,    2.1723333912E+02
    159300,      0.676952,CP3_after_update_bottom,   1,    0.0000000000E+00,    2.1723333912E+02,    2.1723333912E+02,    0.0000000000E+00,    0.0000000000E+00,    0.0000000000E+00,    2.1723333912E+02
    159300,      0.676952,CP4_after_advection,   1,    0.0000000000E+00,    2.1722745523E+02,    2.1722745523E+02,    0.0000000000E+00,    0.0000000000E+00,    0.0000000000E+00,    2.1722745523E+02
    159300,      0.676952,CP5_after_vdif,   1,    0.0000000000E+00,    2.1722745523E+02,    2.1722745523E+02,    0.0000000000E+00,    0.0000000000E+00,    0.0000000000E+00,    2.1722745523E+02
    159300,      0.676952,CP6_after_kinetics,   1,    0.0000000000E+00,    2.1722745523E+02,    2.1722745523E+02,    0.0000000000E+00,    0.0000000000E+00,    0.0000000000E+00,    2.1722745523E+02
    159300,      0.676952,CP7_after_upper_clamp,   1,    0.0000000000E+00,    2.1722745523E+02,    2.1722745523E+02,    0.0000000000E+00,    0.0000000000E+00,    0.0000000000E+00,    2.1722745523E+02
    159300,      0.676952,CP8_after_OBC,   1,    0.0000000000E+00,    2.1722745523E+02,    2.1722745523E+02,    0.0000000000E+00,    0.0000000000E+00,    0.0000000000E+00,    2.1722745523E+02
    159300,      0.676952,CP9_after_PTsource,   1,    0.0000000000E+00,    2.1722745523E+02,    2.1722745523E+02,    0.0000000000E+00,    0.0000000000E+00,    0.0000000000E+00,    2.1722745523E+02
    159300,      0.676952,CP10_after_neg_clamp,   1,    0.0000000000E+00,    2.1722745523E+02,    2.1722745523E+02,    0.0000000000E+00,    0.0000000000E+00,    0.0000000000E+00,    2.1722745523E+02
    159300,      0.676952,CP11_after_MPI,   1,    0.0000000000E+00,    2.1722745523E+02,    2.1722745523E+02,    0.0000000000E+00,    0.0000000000E+00,    0.0000000000E+00,    2.1722745523E+02
    159300,      0.676952,CP12_end,   1,    0.0000000000E+00,    2.1722745523E+02,    2.1722745523E+02,    0.0000000000E+00,    0.0000000000E+00,    0.0000000000E+00,    2.1722745523E+02
    159350,      0.676952,CP0_start,   1,    0.0000000000E+00,    2.1732179620E+02,    2.1732179620E+02,    0.0000000000E+00,    0.0000000000E+00,    0.0000000000E+00,    2.1732179620E+02
    159350,      0.676952,CP1_after_deposition,   1,    0.0000000000E+00,    2.1732179620E+02,    2.1732179620E+02,    0.0000000000E+00,    0.0000000000E+00,    0.0000000000E+00,    2.1732179620E+02
    159350,      0.676952,CP2_after_erosion,   1,    0.0000000000E+00,    2.1732179620E+02,    2.1732179620E+02,    0.0000000000E+00,    0.0000000000E+00,    0.0000000000E+00,    2.1732179620E+02
    159350,      0.676952,CP3_after_update_bottom,   1,    0.0000000000E+00,    2.1732179620E+02,    2.1732179620E+02,    0.0000000000E+00,    0.0000000000E+00,    0.0000000000E+00,    2.1732179620E+02
    159350,      0.676952,CP4_after_advection,   1,    0.0000000000E+00,    2.1731603116E+02,    2.1731603116E+02,    0.0000000000E+00,    0.0000000000E+00,    0.0000000000E+00,    2.1731603116E+02
    159350,      0.676952,CP5_after_vdif,   1,    0.0000000000E+00,    2.1731603116E+02,    2.1731603116E+02,    0.0000000000E+00,    0.0000000000E+00,    0.0000000000E+00,    2.1731603116E+02
    159350,      0.676952,CP6_after_kinetics,   1,    0.0000000000E+00,    2.1731603116E+02,    2.1731603116E+02,    0.0000000000E+00,    0.0000000000E+00,    0.0000000000E+00,    2.1731603116E+02
    159350,      0.676952,CP7_after_upper_clamp,   1,    0.0000000000E+00,    2.1731603116E+02,    2.1731603116E+02,    0.0000000000E+00,    0.0000000000E+00,    0.0000000000E+00,    2.1731603116E+02
    159350,      0.676952,CP8_after_OBC,   1,    0.0000000000E+00,    2.1731603116E+02,    2.1731603116E+02,    0.0000000000E+00,    0.0000000000E+00,    0.0000000000E+00,    2.1731603116E+02
    159350,      0.676952,CP9_after_PTsource,   1,    0.0000000000E+00,    2.1731603116E+02,    2.1731603116E+02,    0.0000000000E+00,    0.0000000000E+00,    0.0000000000E+00,    2.1731603116E+02
    159350,      0.676952,CP10_after_neg_clamp,   1,    0.0000000000E+00,    2.1731603116E+02,    2.1731603116E+02,    0.0000000000E+00,    0.0000000000E+00,    0.0000000000E+00,    2.1731603116E+02
    159350,      0.676952,CP11_after_MPI,   1,    0.0000000000E+00,    2.1731603116E+02,    2.1731603116E+02,    0.0000000000E+00,    0.0000000000E+00,    0.0000000000E+00,    2.1731603116E+02
    159350,      0.676952,CP12_end,   1,    0.0000000000E+00,    2.1731603116E+02,    2.1731603116E+02,    0.0000000000E+00,    0.0000000000E+00,    0.0000000000E+00,    2.1731603116E+02
    159400,      0.676952,CP0_start,   1,    0.0000000000E+00,    2.1741001685E+02,    2.1741001685E+02,    0.0000000000E+00,    0.0000000000E+00,    0.0000000000E+00,    2.1741001685E+02
    159400,      0.676952,CP1_after_deposition,   1,    0.0000000000E+00,    2.1741001685E+02,    2.1741001685E+02,    0.0000000000E+00,    0.0000000000E+00,    0.0000000000E+00,    2.1741001685E+02
    159400,      0.676952,CP2_after_erosion,   1,    0.0000000000E+00,    2.1741001685E+02,    2.1741001685E+02,    0.0000000000E+00,    0.0000000000E+00,    0.0000000000E+00,    2.1741001685E+02
    159400,      0.676952,CP3_after_update_bottom,   1,    0.0000000000E+00,    2.1741001685E+02,    2.1741001685E+02,    0.0000000000E+00,    0.0000000000E+00,    0.0000000000E+00,    2.1741001685E+02
    159400,      0.676952,CP4_after_advection,   1,    0.0000000000E+00,    2.1740436516E+02,    2.1740436516E+02,    0.0000000000E+00,    0.0000000000E+00,    0.0000000000E+00,    2.1740436516E+02
    159400,      0.676952,CP5_after_vdif,   1,    0.0000000000E+00,    2.1740436516E+02,    2.1740436516E+02,    0.0000000000E+00,    0.0000000000E+00,    0.0000000000E+00,    2.1740436516E+02
    159400,      0.676952,CP6_after_kinetics,   1,    0.0000000000E+00,    2.1740436516E+02,    2.1740436516E+02,    0.0000000000E+00,    0.0000000000E+00,    0.0000000000E+00,    2.1740436516E+02
    159400,      0.676952,CP7_after_upper_clamp,   1,    0.0000000000E+00,    2.1740436516E+02,    2.1740436516E+02,    0.0000000000E+00,    0.0000000000E+00,    0.0000000000E+00,    2.1740436516E+02
    159400,      0.676952,CP8_after_OBC,   1,    0.0000000000E+00,    2.1740436516E+02,    2.1740436516E+02,    0.0000000000E+00,    0.0000000000E+00,    0.0000000000E+00,    2.1740436516E+02
    159400,      0.676952,CP9_after_PTsource,   1,    0.0000000000E+00,    2.1740436516E+02,    2.1740436516E+02,    0.0000000000E+00,    0.0000000000E+00,    0.0000000000E+00,    2.1740436516E+02
    159400,      0.676952,CP10_after_neg_clamp,   1,    0.0000000000E+00,    2.1740436516E+02,    2.1740436516E+02,    0.0000000000E+00,    0.0000000000E+00,    0.0000000000E+00,    2.1740436516E+02
    159400,      0.676952,CP11_after_MPI,   1,    0.0000000000E+00,    2.1740436516E+02,    2.1740436516E+02,    0.0000000000E+00,    0.0000000000E+00,    0.0000000000E+00,    2.1740436516E+02
    159400,      0.676952,CP12_end,   1,    0.0000000000E+00,    2.1740436516E+02,    2.1740436516E+02,    0.0000000000E+00,    0.0000000000E+00,    0.0000000000E+00,    2.1740436516E+02
    159450,      0.676952,CP0_start,   1,    0.0000000000E+00,    2.1749805693E+02,    2.1749805693E+02,    0.0000000000E+00,    0.0000000000E+00,    0.0000000000E+00,    2.1749805693E+02
    159450,      0.676952,CP1_after_deposition,   1,    0.0000000000E+00,    2.1749805693E+02,    2.1749805693E+02,    0.0000000000E+00,    0.0000000000E+00,    0.0000000000E+00,    2.1749805693E+02
    159450,      0.676952,CP2_after_erosion,   1,    0.0000000000E+00,    2.1749805693E+02,    2.1749805693E+02,    0.0000000000E+00,    0.0000000000E+00,    0.0000000000E+00,    2.1749805693E+02
    159450,      0.676952,CP3_after_update_bottom,   1,    0.0000000000E+00,    2.1749805693E+02,    2.1749805693E+02,    0.0000000000E+00,    0.0000000000E+00,    0.0000000000E+00,    2.1749805693E+02
    159450,      0.676952,CP4_after_advection,   1,    0.0000000000E+00,    2.1749251584E+02,    2.1749251584E+02,    0.0000000000E+00,    0.0000000000E+00,    0.0000000000E+00,    2.1749251584E+02
    159450,      0.676952,CP5_after_vdif,   1,    0.0000000000E+00,    2.1749251584E+02,    2.1749251584E+02,    0.0000000000E+00,    0.0000000000E+00,    0.0000000000E+00,    2.1749251584E+02
    159450,      0.676952,CP6_after_kinetics,   1,    0.0000000000E+00,    2.1749251584E+02,    2.1749251584E+02,    0.0000000000E+00,    0.0000000000E+00,    0.0000000000E+00,    2.1749251584E+02
    159450,      0.676952,CP7_after_upper_clamp,   1,    0.0000000000E+00,    2.1749251584E+02,    2.1749251584E+02,    0.0000000000E+00,    0.0000000000E+00,    0.0000000000E+00,    2.1749251584E+02
    159450,      0.676952,CP8_after_OBC,   1,    0.0000000000E+00,    2.1749251584E+02,    2.1749251584E+02,    0.0000000000E+00,    0.0000000000E+00,    0.0000000000E+00,    2.1749251584E+02
    159450,      0.676952,CP9_after_PTsource,   1,    0.0000000000E+00,    2.1749251584E+02,    2.1749251584E+02,    0.0000000000E+00,    0.0000000000E+00,    0.0000000000E+00,    2.1749251584E+02
    159450,      0.676952,CP10_after_neg_clamp,   1,    0.0000000000E+00,    2.1749251584E+02,    2.1749251584E+02,    0.0000000000E+00,    0.0000000000E+00,    0.0000000000E+00,    2.1749251584E+02
    159450,      0.676952,CP11_after_MPI,   1,    0.0000000000E+00,    2.1749251584E+02,    2.1749251584E+02,    0.0000000000E+00,    0.0000000000E+00,    0.0000000000E+00,    2.1749251584E+02
    159450,      0.676952,CP12_end,   1,    0.0000000000E+00,    2.1749251584E+02,    2.1749251584E+02,    0.0000000000E+00,    0.0000000000E+00,    0.0000000000E+00,    2.1749251584E+02
    159500,      0.676952,CP0_start,   1,    0.0000000000E+00,    2.1758587669E+02,    2.1758587669E+02,    0.0000000000E+00,    0.0000000000E+00,    0.0000000000E+00,    2.1758587669E+02
    159500,      0.676952,CP1_after_deposition,   1,    0.0000000000E+00,    2.1758587669E+02,    2.1758587669E+02,    0.0000000000E+00,    0.0000000000E+00,    0.0000000000E+00,    2.1758587669E+02
    159500,      0.676952,CP2_after_erosion,   1,    0.0000000000E+00,    2.1758587669E+02,    2.1758587669E+02,    0.0000000000E+00,    0.0000000000E+00,    0.0000000000E+00,    2.1758587669E+02
    159500,      0.676952,CP3_after_update_bottom,   1,    0.0000000000E+00,    2.1758587669E+02,    2.1758587669E+02,    0.0000000000E+00,    0.0000000000E+00,    0.0000000000E+00,    2.1758587669E+02
    159500,      0.676952,CP4_after_advection,   1,    0.0000000000E+00,    2.1758044162E+02,    2.1758044162E+02,    0.0000000000E+00,    0.0000000000E+00,    0.0000000000E+00,    2.1758044162E+02
    159500,      0.676952,CP5_after_vdif,   1,    0.0000000000E+00,    2.1758044162E+02,    2.1758044162E+02,    0.0000000000E+00,    0.0000000000E+00,    0.0000000000E+00,    2.1758044162E+02
    159500,      0.676952,CP6_after_kinetics,   1,    0.0000000000E+00,    2.1758044162E+02,    2.1758044162E+02,    0.0000000000E+00,    0.0000000000E+00,    0.0000000000E+00,    2.1758044162E+02
    159500,      0.676952,CP7_after_upper_clamp,   1,    0.0000000000E+00,    2.1758044162E+02,    2.1758044162E+02,    0.0000000000E+00,    0.0000000000E+00,    0.0000000000E+00,    2.1758044162E+02
    159500,      0.676952,CP8_after_OBC,   1,    0.0000000000E+00,    2.1758044162E+02,    2.1758044162E+02,    0.0000000000E+00,    0.0000000000E+00,    0.0000000000E+00,    2.1758044162E+02
    159500,      0.676952,CP9_after_PTsource,   1,    0.0000000000E+00,    2.1758044162E+02,    2.1758044162E+02,    0.0000000000E+00,    0.0000000000E+00,    0.0000000000E+00,    2.1758044162E+02
    159500,      0.676952,CP10_after_neg_clamp,   1,    0.0000000000E+00,    2.1758044162E+02,    2.1758044162E+02,    0.0000000000E+00,    0.0000000000E+00,    0.0000000000E+00,    2.1758044162E+02
    159500,      0.676952,CP11_after_MPI,   1,    0.0000000000E+00,    2.1758044162E+02,    2.1758044162E+02,    0.0000000000E+00,    0.0000000000E+00,    0.0000000000E+00,    2.1758044162E+02
    159500,      0.676952,CP12_end,   1,    0.0000000000E+00,    2.1758044162E+02,    2.1758044162E+02,    0.0000000000E+00,    0.0000000000E+00,    0.0000000000E+00,    2.1758044162E+02
    159550,      0.676952,CP0_start,   1,    0.0000000000E+00,    2.1767382794E+02,    2.1767382794E+02,    0.0000000000E+00,    0.0000000000E+00,    0.0000000000E+00,    2.1767382794E+02
    159550,      0.676952,CP1_after_deposition,   1,    0.0000000000E+00,    2.1767382794E+02,    2.1767382794E+02,    0.0000000000E+00,    0.0000000000E+00,    0.0000000000E+00,    2.1767382794E+02
    159550,      0.676952,CP2_after_erosion,   1,    0.0000000000E+00,    2.1767382794E+02,    2.1767382794E+02,    0.0000000000E+00,    0.0000000000E+00,    0.0000000000E+00,    2.1767382794E+02
    159550,      0.676952,CP3_after_update_bottom,   1,    0.0000000000E+00,    2.1767382794E+02,    2.1767382794E+02,    0.0000000000E+00,    0.0000000000E+00,    0.0000000000E+00,    2.1767382794E+02
    159550,      0.676952,CP4_after_advection,   1,    0.0000000000E+00,    2.1766850024E+02,    2.1766850024E+02,    0.0000000000E+00,    0.0000000000E+00,    0.0000000000E+00,    2.1766850024E+02
    159550,      0.676952,CP5_after_vdif,   1,    0.0000000000E+00,    2.1766850024E+02,    2.1766850024E+02,    0.0000000000E+00,    0.0000000000E+00,    0.0000000000E+00,    2.1766850024E+02
    159550,      0.676952,CP6_after_kinetics,   1,    0.0000000000E+00,    2.1766850024E+02,    2.1766850024E+02,    0.0000000000E+00,    0.0000000000E+00,    0.0000000000E+00,    2.1766850024E+02
    159550,      0.676952,CP7_after_upper_clamp,   1,    0.0000000000E+00,    2.1766850024E+02,    2.1766850024E+02,    0.0000000000E+00,    0.0000000000E+00,    0.0000000000E+00,    2.1766850024E+02
    159550,      0.676952,CP8_after_OBC,   1,    0.0000000000E+00,    2.1766850024E+02,    2.1766850024E+02,    0.0000000000E+00,    0.0000000000E+00,    0.0000000000E+00,    2.1766850024E+02
    159550,      0.676952,CP9_after_PTsource,   1,    0.0000000000E+00,    2.1766850024E+02,    2.1766850024E+02,    0.0000000000E+00,    0.0000000000E+00,    0.0000000000E+00,    2.1766850024E+02
    159550,      0.676952,CP10_after_neg_clamp,   1,    0.0000000000E+00,    2.1766850024E+02,    2.1766850024E+02,    0.0000000000E+00,    0.0000000000E+00,    0.0000000000E+00,    2.1766850024E+02
    159550,      0.676952,CP11_after_MPI,   1,    0.0000000000E+00,    2.1766850024E+02,    2.1766850024E+02,    0.0000000000E+00,    0.0000000000E+00,    0.0000000000E+00,    2.1766850024E+02
    159550,      0.676952,CP12_end,   1,    0.0000000000E+00,    2.1766850024E+02,    2.1766850024E+02,    0.0000000000E+00,    0.0000000000E+00,    0.0000000000E+00,    2.1766850024E+02
    159600,      0.676952,CP0_start,   1,    0.0000000000E+00,    2.1776215328E+02,    2.1776215328E+02,    0.0000000000E+00,    0.0000000000E+00,    0.0000000000E+00,    2.1776215328E+02
    159600,      0.676952,CP1_after_deposition,   1,    0.0000000000E+00,    2.1776215328E+02,    2.1776215328E+02,    0.0000000000E+00,    0.0000000000E+00,    0.0000000000E+00,    2.1776215328E+02
    159600,      0.676952,CP2_after_erosion,   1,    0.0000000000E+00,    2.1776215328E+02,    2.1776215328E+02,    0.0000000000E+00,    0.0000000000E+00,    0.0000000000E+00,    2.1776215328E+02
    159600,      0.676952,CP3_after_update_bottom,   1,    0.0000000000E+00,    2.1776215328E+02,    2.1776215328E+02,    0.0000000000E+00,    0.0000000000E+00,    0.0000000000E+00,    2.1776215328E+02
    159600,      0.676952,CP4_after_advection,   1,    0.0000000000E+00,    2.1775693029E+02,    2.1775693029E+02,    0.0000000000E+00,    0.0000000000E+00,    0.0000000000E+00,    2.1775693029E+02
    159600,      0.676952,CP5_after_vdif,   1,    0.0000000000E+00,    2.1775693029E+02,    2.1775693029E+02,    0.0000000000E+00,    0.0000000000E+00,    0.0000000000E+00,    2.1775693029E+02
    159600,      0.676952,CP6_after_kinetics,   1,    0.0000000000E+00,    2.1775693029E+02,    2.1775693029E+02,    0.0000000000E+00,    0.0000000000E+00,    0.0000000000E+00,    2.1775693029E+02
    159600,      0.676952,CP7_after_upper_clamp,   1,    0.0000000000E+00,    2.1775693029E+02,    2.1775693029E+02,    0.0000000000E+00,    0.0000000000E+00,    0.0000000000E+00,    2.1775693029E+02
    159600,      0.676952,CP8_after_OBC,   1,    0.0000000000E+00,    2.1775693029E+02,    2.1775693029E+02,    0.0000000000E+00,    0.0000000000E+00,    0.0000000000E+00,    2.1775693029E+02
    159600,      0.676952,CP9_after_PTsource,   1,    0.0000000000E+00,    2.1775693029E+02,    2.1775693029E+02,    0.0000000000E+00,    0.0000000000E+00,    0.0000000000E+00,    2.1775693029E+02
    159600,      0.676952,CP10_after_neg_clamp,   1,    0.0000000000E+00,    2.1775693029E+02,    2.1775693029E+02,    0.0000000000E+00,    0.0000000000E+00,    0.0000000000E+00,    2.1775693029E+02
    159600,      0.676952,CP11_after_MPI,   1,    0.0000000000E+00,    2.1775693029E+02,    2.1775693029E+02,    0.0000000000E+00,    0.0000000000E+00,    0.0000000000E+00,    2.1775693029E+02
    159600,      0.676952,CP12_end,   1,    0.0000000000E+00,    2.1775693029E+02,    2.1775693029E+02,    0.0000000000E+00,    0.0000000000E+00,    0.0000000000E+00,    2.1775693029E+02
    159650,      0.676952,CP0_start,   1,    0.0000000000E+00,    2.1785100314E+02,    2.1785100314E+02,    0.0000000000E+00,    0.0000000000E+00,    0.0000000000E+00,    2.1785100314E+02
    159650,      0.676952,CP1_after_deposition,   1,    0.0000000000E+00,    2.1785100314E+02,    2.1785100314E+02,    0.0000000000E+00,    0.0000000000E+00,    0.0000000000E+00,    2.1785100314E+02
    159650,      0.676952,CP2_after_erosion,   1,    0.0000000000E+00,    2.1785100314E+02,    2.1785100314E+02,    0.0000000000E+00,    0.0000000000E+00,    0.0000000000E+00,    2.1785100314E+02
    159650,      0.676952,CP3_after_update_bottom,   1,    0.0000000000E+00,    2.1785100314E+02,    2.1785100314E+02,    0.0000000000E+00,    0.0000000000E+00,    0.0000000000E+00,    2.1785100314E+02
    159650,      0.676952,CP4_after_advection,   1,    0.0000000000E+00,    2.1784589173E+02,    2.1784589173E+02,    0.0000000000E+00,    0.0000000000E+00,    0.0000000000E+00,    2.1784589173E+02
    159650,      0.676952,CP5_after_vdif,   1,    0.0000000000E+00,    2.1784589173E+02,    2.1784589173E+02,    0.0000000000E+00,    0.0000000000E+00,    0.0000000000E+00,    2.1784589173E+02
    159650,      0.676952,CP6_after_kinetics,   1,    0.0000000000E+00,    2.1784589173E+02,    2.1784589173E+02,    0.0000000000E+00,    0.0000000000E+00,    0.0000000000E+00,    2.1784589173E+02
    159650,      0.676952,CP7_after_upper_clamp,   1,    0.0000000000E+00,    2.1784589173E+02,    2.1784589173E+02,    0.0000000000E+00,    0.0000000000E+00,    0.0000000000E+00,    2.1784589173E+02
    159650,      0.676952,CP8_after_OBC,   1,    0.0000000000E+00,    2.1784589173E+02,    2.1784589173E+02,    0.0000000000E+00,    0.0000000000E+00,    0.0000000000E+00,    2.1784589173E+02
    159650,      0.676952,CP9_after_PTsource,   1,    0.0000000000E+00,    2.1784589173E+02,    2.1784589173E+02,    0.0000000000E+00,    0.0000000000E+00,    0.0000000000E+00,    2.1784589173E+02
    159650,      0.676952,CP10_after_neg_clamp,   1,    0.0000000000E+00,    2.1784589173E+02,    2.1784589173E+02,    0.0000000000E+00,    0.0000000000E+00,    0.0000000000E+00,    2.1784589173E+02
    159650,      0.676952,CP11_after_MPI,   1,    0.0000000000E+00,    2.1784589173E+02,    2.1784589173E+02,    0.0000000000E+00,    0.0000000000E+00,    0.0000000000E+00,    2.1784589173E+02
    159650,      0.676952,CP12_end,   1,    0.0000000000E+00,    2.1784589173E+02,    2.1784589173E+02,    0.0000000000E+00,    0.0000000000E+00,    0.0000000000E+00,    2.1784589173E+02
    159700,      0.676953,CP0_start,   1,    0.0000000000E+00,    2.1794044940E+02,    2.1794044940E+02,    0.0000000000E+00,    0.0000000000E+00,    0.0000000000E+00,    2.1794044940E+02
    159700,      0.676953,CP1_after_deposition,   1,    0.0000000000E+00,    2.1794044940E+02,    2.1794044940E+02,    0.0000000000E+00,    0.0000000000E+00,    0.0000000000E+00,    2.1794044940E+02
    159700,      0.676953,CP2_after_erosion,   1,    0.0000000000E+00,    2.1794044940E+02,    2.1794044940E+02,    0.0000000000E+00,    0.0000000000E+00,    0.0000000000E+00,    2.1794044940E+02
    159700,      0.676953,CP3_after_update_bottom,   1,    0.0000000000E+00,    2.1794044940E+02,    2.1794044940E+02,    0.0000000000E+00,    0.0000000000E+00,    0.0000000000E+00,    2.1794044940E+02
    159700,      0.676953,CP4_after_advection,   1,    0.0000000000E+00,    2.1793544670E+02,    2.1793544670E+02,    0.0000000000E+00,    0.0000000000E+00,    0.0000000000E+00,    2.1793544670E+02
    159700,      0.676953,CP5_after_vdif,   1,    0.0000000000E+00,    2.1793544670E+02,    2.1793544670E+02,    0.0000000000E+00,    0.0000000000E+00,    0.0000000000E+00,    2.1793544670E+02
    159700,      0.676953,CP6_after_kinetics,   1,    0.0000000000E+00,    2.1793544670E+02,    2.1793544670E+02,    0.0000000000E+00,    0.0000000000E+00,    0.0000000000E+00,    2.1793544670E+02
    159700,      0.676953,CP7_after_upper_clamp,   1,    0.0000000000E+00,    2.1793544670E+02,    2.1793544670E+02,    0.0000000000E+00,    0.0000000000E+00,    0.0000000000E+00,    2.1793544670E+02
    159700,      0.676953,CP8_after_OBC,   1,    0.0000000000E+00,    2.1793544670E+02,    2.1793544670E+02,    0.0000000000E+00,    0.0000000000E+00,    0.0000000000E+00,    2.1793544670E+02
    159700,      0.676953,CP9_after_PTsource,   1,    0.0000000000E+00,    2.1793544670E+02,    2.1793544670E+02,    0.0000000000E+00,    0.0000000000E+00,    0.0000000000E+00,    2.1793544670E+02
    159700,      0.676953,CP10_after_neg_clamp,   1,    0.0000000000E+00,    2.1793544670E+02,    2.1793544670E+02,    0.0000000000E+00,    0.0000000000E+00,    0.0000000000E+00,    2.1793544670E+02
    159700,      0.676953,CP11_after_MPI,   1,    0.0000000000E+00,    2.1793544670E+02,    2.1793544670E+02,    0.0000000000E+00,    0.0000000000E+00,    0.0000000000E+00,    2.1793544670E+02
    159700,      0.676953,CP12_end,   1,    0.0000000000E+00,    2.1793544670E+02,    2.1793544670E+02,    0.0000000000E+00,    0.0000000000E+00,    0.0000000000E+00,    2.1793544670E+02
    159750,      0.676953,CP0_start,   1,    0.0000000000E+00,    2.1803062388E+02,    2.1803062388E+02,    0.0000000000E+00,    0.0000000000E+00,    0.0000000000E+00,    2.1803062388E+02
    159750,      0.676953,CP1_after_deposition,   1,    0.0000000000E+00,    2.1803062388E+02,    2.1803062388E+02,    0.0000000000E+00,    0.0000000000E+00,    0.0000000000E+00,    2.1803062388E+02
    159750,      0.676953,CP2_after_erosion,   1,    0.0000000000E+00,    2.1803062388E+02,    2.1803062388E+02,    0.0000000000E+00,    0.0000000000E+00,    0.0000000000E+00,    2.1803062388E+02
    159750,      0.676953,CP3_after_update_bottom,   1,    0.0000000000E+00,    2.1803062388E+02,    2.1803062388E+02,    0.0000000000E+00,    0.0000000000E+00,    0.0000000000E+00,    2.1803062388E+02
    159750,      0.676953,CP4_after_advection,   1,    0.0000000000E+00,    2.1802571631E+02,    2.1802571631E+02,    0.0000000000E+00,    0.0000000000E+00,    0.0000000000E+00,    2.1802571631E+02
    159750,      0.676953,CP5_after_vdif,   1,    0.0000000000E+00,    2.1802571631E+02,    2.1802571631E+02,    0.0000000000E+00,    0.0000000000E+00,    0.0000000000E+00,    2.1802571631E+02
    159750,      0.676953,CP6_after_kinetics,   1,    0.0000000000E+00,    2.1802571631E+02,    2.1802571631E+02,    0.0000000000E+00,    0.0000000000E+00,    0.0000000000E+00,    2.1802571631E+02
    159750,      0.676953,CP7_after_upper_clamp,   1,    0.0000000000E+00,    2.1802571631E+02,    2.1802571631E+02,    0.0000000000E+00,    0.0000000000E+00,    0.0000000000E+00,    2.1802571631E+02
    159750,      0.676953,CP8_after_OBC,   1,    0.0000000000E+00,    2.1802571631E+02,    2.1802571631E+02,    0.0000000000E+00,    0.0000000000E+00,    0.0000000000E+00,    2.1802571631E+02
    159750,      0.676953,CP9_after_PTsource,   1,    0.0000000000E+00,    2.1802571631E+02,    2.1802571631E+02,    0.0000000000E+00,    0.0000000000E+00,    0.0000000000E+00,    2.1802571631E+02
    159750,      0.676953,CP10_after_neg_clamp,   1,    0.0000000000E+00,    2.1802571631E+02,    2.1802571631E+02,    0.0000000000E+00,    0.0000000000E+00,    0.0000000000E+00,    2.1802571631E+02
    159750,      0.676953,CP11_after_MPI,   1,    0.0000000000E+00,    2.1802571631E+02,    2.1802571631E+02,    0.0000000000E+00,    0.0000000000E+00,    0.0000000000E+00,    2.1802571631E+02
    159750,      0.676953,CP12_end,   1,    0.0000000000E+00,    2.1802571631E+02,    2.1802571631E+02,    0.0000000000E+00,    0.0000000000E+00,    0.0000000000E+00,    2.1802571631E+02
    159800,      0.676953,CP0_start,   1,    0.0000000000E+00,    2.1812157492E+02,    2.1812157492E+02,    0.0000000000E+00,    0.0000000000E+00,    0.0000000000E+00,    2.1812157492E+02
    159800,      0.676953,CP1_after_deposition,   1,    0.0000000000E+00,    2.1812157492E+02,    2.1812157492E+02,    0.0000000000E+00,    0.0000000000E+00,    0.0000000000E+00,    2.1812157492E+02
    159800,      0.676953,CP2_after_erosion,   1,    0.0000000000E+00,    2.1812157492E+02,    2.1812157492E+02,    0.0000000000E+00,    0.0000000000E+00,    0.0000000000E+00,    2.1812157492E+02
    159800,      0.676953,CP3_after_update_bottom,   1,    0.0000000000E+00,    2.1812157492E+02,    2.1812157492E+02,    0.0000000000E+00,    0.0000000000E+00,    0.0000000000E+00,    2.1812157492E+02
    159800,      0.676953,CP4_after_advection,   1,    0.0000000000E+00,    2.1811676896E+02,    2.1811676896E+02,    0.0000000000E+00,    0.0000000000E+00,    0.0000000000E+00,    2.1811676896E+02
    159800,      0.676953,CP5_after_vdif,   1,    0.0000000000E+00,    2.1811676896E+02,    2.1811676896E+02,    0.0000000000E+00,    0.0000000000E+00,    0.0000000000E+00,    2.1811676896E+02
    159800,      0.676953,CP6_after_kinetics,   1,    0.0000000000E+00,    2.1811676896E+02,    2.1811676896E+02,    0.0000000000E+00,    0.0000000000E+00,    0.0000000000E+00,    2.1811676896E+02
    159800,      0.676953,CP7_after_upper_clamp,   1,    0.0000000000E+00,    2.1811676896E+02,    2.1811676896E+02,    0.0000000000E+00,    0.0000000000E+00,    0.0000000000E+00,    2.1811676896E+02
    159800,      0.676953,CP8_after_OBC,   1,    0.0000000000E+00,    2.1811676896E+02,    2.1811676896E+02,    0.0000000000E+00,    0.0000000000E+00,    0.0000000000E+00,    2.1811676896E+02
    159800,      0.676953,CP9_after_PTsource,   1,    0.0000000000E+00,    2.1811676896E+02,    2.1811676896E+02,    0.0000000000E+00,    0.0000000000E+00,    0.0000000000E+00,    2.1811676896E+02
    159800,      0.676953,CP10_after_neg_clamp,   1,    0.0000000000E+00,    2.1811676896E+02,    2.1811676896E+02,    0.0000000000E+00,    0.0000000000E+00,    0.0000000000E+00,    2.1811676896E+02
    159800,      0.676953,CP11_after_MPI,   1,    0.0000000000E+00,    2.1811676896E+02,    2.1811676896E+02,    0.0000000000E+00,    0.0000000000E+00,    0.0000000000E+00,    2.1811676896E+02
    159800,      0.676953,CP12_end,   1,    0.0000000000E+00,    2.1811676896E+02,    2.1811676896E+02,    0.0000000000E+00,    0.0000000000E+00,    0.0000000000E+00,    2.1811676896E+02
    159850,      0.676953,CP0_start,   1,    0.0000000000E+00,    2.1821327999E+02,    2.1821327999E+02,    0.0000000000E+00,    0.0000000000E+00,    0.0000000000E+00,    2.1821327999E+02
    159850,      0.676953,CP1_after_deposition,   1,    0.0000000000E+00,    2.1821327999E+02,    2.1821327999E+02,    0.0000000000E+00,    0.0000000000E+00,    0.0000000000E+00,    2.1821327999E+02
    159850,      0.676953,CP2_after_erosion,   1,    0.0000000000E+00,    2.1821327999E+02,    2.1821327999E+02,    0.0000000000E+00,    0.0000000000E+00,    0.0000000000E+00,    2.1821327999E+02
    159850,      0.676953,CP3_after_update_bottom,   1,    0.0000000000E+00,    2.1821327999E+02,    2.1821327999E+02,    0.0000000000E+00,    0.0000000000E+00,    0.0000000000E+00,    2.1821327999E+02
    159850,      0.676953,CP4_after_advection,   1,    0.0000000000E+00,    2.1820856783E+02,    2.1820856783E+02,    0.0000000000E+00,    0.0000000000E+00,    0.0000000000E+00,    2.1820856783E+02
    159850,      0.676953,CP5_after_vdif,   1,    0.0000000000E+00,    2.1820856783E+02,    2.1820856783E+02,    0.0000000000E+00,    0.0000000000E+00,    0.0000000000E+00,    2.1820856783E+02
    159850,      0.676953,CP6_after_kinetics,   1,    0.0000000000E+00,    2.1820856783E+02,    2.1820856783E+02,    0.0000000000E+00,    0.0000000000E+00,    0.0000000000E+00,    2.1820856783E+02
    159850,      0.676953,CP7_after_upper_clamp,   1,    0.0000000000E+00,    2.1820856783E+02,    2.1820856783E+02,    0.0000000000E+00,    0.0000000000E+00,    0.0000000000E+00,    2.1820856783E+02
    159850,      0.676953,CP8_after_OBC,   1,    0.0000000000E+00,    2.1820856783E+02,    2.1820856783E+02,    0.0000000000E+00,    0.0000000000E+00,    0.0000000000E+00,    2.1820856783E+02
    159850,      0.676953,CP9_after_PTsource,   1,    0.0000000000E+00,    2.1820856783E+02,    2.1820856783E+02,    0.0000000000E+00,    0.0000000000E+00,    0.0000000000E+00,    2.1820856783E+02
    159850,      0.676953,CP10_after_neg_clamp,   1,    0.0000000000E+00,    2.1820856783E+02,    2.1820856783E+02,    0.0000000000E+00,    0.0000000000E+00,    0.0000000000E+00,    2.1820856783E+02
    159850,      0.676953,CP11_after_MPI,   1,    0.0000000000E+00,    2.1820856783E+02,    2.1820856783E+02,    0.0000000000E+00,    0.0000000000E+00,    0.0000000000E+00,    2.1820856783E+02
    159850,      0.676953,CP12_end,   1,    0.0000000000E+00,    2.1820856783E+02,    2.1820856783E+02,    0.0000000000E+00,    0.0000000000E+00,    0.0000000000E+00,    2.1820856783E+02
    159900,      0.676953,CP0_start,   1,    0.0000000000E+00,    2.1830568792E+02,    2.1830568792E+02,    0.0000000000E+00,    0.0000000000E+00,    0.0000000000E+00,    2.1830568792E+02
    159900,      0.676953,CP1_after_deposition,   1,    0.0000000000E+00,    2.1830568792E+02,    2.1830568792E+02,    0.0000000000E+00,    0.0000000000E+00,    0.0000000000E+00,    2.1830568792E+02
    159900,      0.676953,CP2_after_erosion,   1,    0.0000000000E+00,    2.1830568792E+02,    2.1830568792E+02,    0.0000000000E+00,    0.0000000000E+00,    0.0000000000E+00,    2.1830568792E+02
    159900,      0.676953,CP3_after_update_bottom,   1,    0.0000000000E+00,    2.1830568792E+02,    2.1830568792E+02,    0.0000000000E+00,    0.0000000000E+00,    0.0000000000E+00,    2.1830568792E+02
    159900,      0.676953,CP4_after_advection,   1,    0.0000000000E+00,    2.1830106627E+02,    2.1830106627E+02,    0.0000000000E+00,    0.0000000000E+00,    0.0000000000E+00,    2.1830106627E+02
    159900,      0.676953,CP5_after_vdif,   1,    0.0000000000E+00,    2.1830106627E+02,    2.1830106627E+02,    0.0000000000E+00,    0.0000000000E+00,    0.0000000000E+00,    2.1830106627E+02
    159900,      0.676953,CP6_after_kinetics,   1,    0.0000000000E+00,    2.1830106627E+02,    2.1830106627E+02,    0.0000000000E+00,    0.0000000000E+00,    0.0000000000E+00,    2.1830106627E+02
    159900,      0.676953,CP7_after_upper_clamp,   1,    0.0000000000E+00,    2.1830106627E+02,    2.1830106627E+02,    0.0000000000E+00,    0.0000000000E+00,    0.0000000000E+00,    2.1830106627E+02
    159900,      0.676953,CP8_after_OBC,   1,    0.0000000000E+00,    2.1830106627E+02,    2.1830106627E+02,    0.0000000000E+00,    0.0000000000E+00,    0.0000000000E+00,    2.1830106627E+02
    159900,      0.676953,CP9_after_PTsource,   1,    0.0000000000E+00,    2.1830106627E+02,    2.1830106627E+02,    0.0000000000E+00,    0.0000000000E+00,    0.0000000000E+00,    2.1830106627E+02
    159900,      0.676953,CP10_after_neg_clamp,   1,    0.0000000000E+00,    2.1830106627E+02,    2.1830106627E+02,    0.0000000000E+00,    0.0000000000E+00,    0.0000000000E+00,    2.1830106627E+02
    159900,      0.676953,CP11_after_MPI,   1,    0.0000000000E+00,    2.1830106627E+02,    2.1830106627E+02,    0.0000000000E+00,    0.0000000000E+00,    0.0000000000E+00,    2.1830106627E+02
    159900,      0.676953,CP12_end,   1,    0.0000000000E+00,    2.1830106627E+02,    2.1830106627E+02,    0.0000000000E+00,    0.0000000000E+00,    0.0000000000E+00,    2.1830106627E+02
    159950,      0.676953,CP0_start,   1,    0.0000000000E+00,    2.1839900544E+02,    2.1839900544E+02,    0.0000000000E+00,    0.0000000000E+00,    0.0000000000E+00,    2.1839900544E+02
    159950,      0.676953,CP1_after_deposition,   1,    0.0000000000E+00,    2.1839900544E+02,    2.1839900544E+02,    0.0000000000E+00,    0.0000000000E+00,    0.0000000000E+00,    2.1839900544E+02
    159950,      0.676953,CP2_after_erosion,   1,    0.0000000000E+00,    2.1839900544E+02,    2.1839900544E+02,    0.0000000000E+00,    0.0000000000E+00,    0.0000000000E+00,    2.1839900544E+02
    159950,      0.676953,CP3_after_update_bottom,   1,    0.0000000000E+00,    2.1839900544E+02,    2.1839900544E+02,    0.0000000000E+00,    0.0000000000E+00,    0.0000000000E+00,    2.1839900544E+02
    159950,      0.676953,CP4_after_advection,   1,    0.0000000000E+00,    2.1839446916E+02,    2.1839446916E+02,    0.0000000000E+00,    0.0000000000E+00,    0.0000000000E+00,    2.1839446916E+02
    159950,      0.676953,CP5_after_vdif,   1,    0.0000000000E+00,    2.1839446916E+02,    2.1839446916E+02,    0.0000000000E+00,    0.0000000000E+00,    0.0000000000E+00,    2.1839446916E+02
    159950,      0.676953,CP6_after_kinetics,   1,    0.0000000000E+00,    2.1839446916E+02,    2.1839446916E+02,    0.0000000000E+00,    0.0000000000E+00,    0.0000000000E+00,    2.1839446916E+02
    159950,      0.676953,CP7_after_upper_clamp,   1,    0.0000000000E+00,    2.1839446916E+02,    2.1839446916E+02,    0.0000000000E+00,    0.0000000000E+00,    0.0000000000E+00,    2.1839446916E+02
    159950,      0.676953,CP8_after_OBC,   1,    0.0000000000E+00,    2.1839446916E+02,    2.1839446916E+02,    0.0000000000E+00,    0.0000000000E+00,    0.0000000000E+00,    2.1839446916E+02
    159950,      0.676953,CP9_after_PTsource,   1,    0.0000000000E+00,    2.1839446916E+02,    2.1839446916E+02,    0.0000000000E+00,    0.0000000000E+00,    0.0000000000E+00,    2.1839446916E+02
    159950,      0.676953,CP10_after_neg_clamp,   1,    0.0000000000E+00,    2.1839446916E+02,    2.1839446916E+02,    0.0000000000E+00,    0.0000000000E+00,    0.0000000000E+00,    2.1839446916E+02
    159950,      0.676953,CP11_after_MPI,   1,    0.0000000000E+00,    2.1839446916E+02,    2.1839446916E+02,    0.0000000000E+00,    0.0000000000E+00,    0.0000000000E+00,    2.1839446916E+02
    159950,      0.676953,CP12_end,   1,    0.0000000000E+00,    2.1839446916E+02,    2.1839446916E+02,    0.0000000000E+00,    0.0000000000E+00,    0.0000000000E+00,    2.1839446916E+02
    160000,      0.676953,CP0_start,   1,    0.0000000000E+00,    2.1849326136E+02,    2.1849326136E+02,    0.0000000000E+00,    0.0000000000E+00,    0.0000000000E+00,    2.1849326136E+02
    160000,      0.676953,CP1_after_deposition,   1,    0.0000000000E+00,    2.1849326136E+02,    2.1849326136E+02,    0.0000000000E+00,    0.0000000000E+00,    0.0000000000E+00,    2.1849326136E+02
    160000,      0.676953,CP2_after_erosion,   1,    0.0000000000E+00,    2.1849326136E+02,    2.1849326136E+02,    0.0000000000E+00,    0.0000000000E+00,    0.0000000000E+00,    2.1849326136E+02
    160000,      0.676953,CP3_after_update_bottom,   1,    0.0000000000E+00,    2.1849326136E+02,    2.1849326136E+02,    0.0000000000E+00,    0.0000000000E+00,    0.0000000000E+00,    2.1849326136E+02
    160000,      0.676953,CP4_after_advection,   1,    0.0000000000E+00,    2.1848880596E+02,    2.1848880596E+02,    0.0000000000E+00,    0.0000000000E+00,    0.0000000000E+00,    2.1848880596E+02
    160000,      0.676953,CP5_after_vdif,   1,    0.0000000000E+00,    2.1848880596E+02,    2.1848880596E+02,    0.0000000000E+00,    0.0000000000E+00,    0.0000000000E+00,    2.1848880596E+02
    160000,      0.676953,CP6_after_kinetics,   1,    0.0000000000E+00,    2.1848880596E+02,    2.1848880596E+02,    0.0000000000E+00,    0.0000000000E+00,    0.0000000000E+00,    2.1848880596E+02
    160000,      0.676953,CP7_after_upper_clamp,   1,    0.0000000000E+00,    2.1848880596E+02,    2.1848880596E+02,    0.0000000000E+00,    0.0000000000E+00,    0.0000000000E+00,    2.1848880596E+02
    160000,      0.676953,CP8_after_OBC,   1,    0.0000000000E+00,    2.1848880596E+02,    2.1848880596E+02,    0.0000000000E+00,    0.0000000000E+00,    0.0000000000E+00,    2.1848880596E+02
    160000,      0.676953,CP9_after_PTsource,   1,    0.0000000000E+00,    2.1848880596E+02,    2.1848880596E+02,    0.0000000000E+00,    0.0000000000E+00,    0.0000000000E+00,    2.1848880596E+02
    160000,      0.676953,CP10_after_neg_clamp,   1,    0.0000000000E+00,    2.1848880596E+02,    2.1848880596E+02,    0.0000000000E+00,    0.0000000000E+00,    0.0000000000E+00,    2.1848880596E+02
    160000,      0.676953,CP11_after_MPI,   1,    0.0000000000E+00,    2.1848880596E+02,    2.1848880596E+02,    0.0000000000E+00,    0.0000000000E+00,    0.0000000000E+00,    2.1848880596E+02
    160000,      0.676953,CP12_end,   1,    0.0000000000E+00,    2.1848880596E+02,    2.1848880596E+02,    0.0000000000E+00,    0.0000000000E+00,    0.0000000000E+00,    2.1848880596E+02
    160050,      0.676953,CP0_start,   1,    0.0000000000E+00,    2.1858856819E+02,    2.1858856819E+02,    0.0000000000E+00,    0.0000000000E+00,    0.0000000000E+00,    2.1858856819E+02
    160050,      0.676953,CP1_after_deposition,   1,    0.0000000000E+00,    2.1858856819E+02,    2.1858856819E+02,    0.0000000000E+00,    0.0000000000E+00,    0.0000000000E+00,    2.1858856819E+02
    160050,      0.676953,CP2_after_erosion,   1,    0.0000000000E+00,    2.1858856819E+02,    2.1858856819E+02,    0.0000000000E+00,    0.0000000000E+00,    0.0000000000E+00,    2.1858856819E+02
    160050,      0.676953,CP3_after_update_bottom,   1,    0.0000000000E+00,    2.1858856819E+02,    2.1858856819E+02,    0.0000000000E+00,    0.0000000000E+00,    0.0000000000E+00,    2.1858856819E+02
    160050,      0.676953,CP4_after_advection,   1,    0.0000000000E+00,    2.1858420403E+02,    2.1858420403E+02,    0.0000000000E+00,    0.0000000000E+00,    0.0000000000E+00,    2.1858420403E+02
    160050,      0.676953,CP5_after_vdif,   1,    0.0000000000E+00,    2.1858420403E+02,    2.1858420403E+02,    0.0000000000E+00,    0.0000000000E+00,    0.0000000000E+00,    2.1858420403E+02
    160050,      0.676953,CP6_after_kinetics,   1,    0.0000000000E+00,    2.1858420403E+02,    2.1858420403E+02,    0.0000000000E+00,    0.0000000000E+00,    0.0000000000E+00,    2.1858420403E+02
    160050,      0.676953,CP7_after_upper_clamp,   1,    0.0000000000E+00,    2.1858420403E+02,    2.1858420403E+02,    0.0000000000E+00,    0.0000000000E+00,    0.0000000000E+00,    2.1858420403E+02
    160050,      0.676953,CP8_after_OBC,   1,    0.0000000000E+00,    2.1858420403E+02,    2.1858420403E+02,    0.0000000000E+00,    0.0000000000E+00,    0.0000000000E+00,    2.1858420403E+02
    160050,      0.676953,CP9_after_PTsource,   1,    0.0000000000E+00,    2.1858420403E+02,    2.1858420403E+02,    0.0000000000E+00,    0.0000000000E+00,    0.0000000000E+00,    2.1858420403E+02
    160050,      0.676953,CP10_after_neg_clamp,   1,    0.0000000000E+00,    2.1858420403E+02,    2.1858420403E+02,    0.0000000000E+00,    0.0000000000E+00,    0.0000000000E+00,    2.1858420403E+02
    160050,      0.676953,CP11_after_MPI,   1,    0.0000000000E+00,    2.1858420403E+02,    2.1858420403E+02,    0.0000000000E+00,    0.0000000000E+00,    0.0000000000E+00,    2.1858420403E+02
    160050,      0.676953,CP12_end,   1,    0.0000000000E+00,    2.1858420403E+02,    2.1858420403E+02,    0.0000000000E+00,    0.0000000000E+00,    0.0000000000E+00,    2.1858420403E+02
    160100,      0.676953,CP0_start,   1,    0.0000000000E+00,    2.1868505684E+02,    2.1868505684E+02,    0.0000000000E+00,    0.0000000000E+00,    0.0000000000E+00,    2.1868505684E+02
    160100,      0.676953,CP1_after_deposition,   1,    0.0000000000E+00,    2.1868505684E+02,    2.1868505684E+02,    0.0000000000E+00,    0.0000000000E+00,    0.0000000000E+00,    2.1868505684E+02
    160100,      0.676953,CP2_after_erosion,   1,    0.0000000000E+00,    2.1868505684E+02,    2.1868505684E+02,    0.0000000000E+00,    0.0000000000E+00,    0.0000000000E+00,    2.1868505684E+02
    160100,      0.676953,CP3_after_update_bottom,   1,    0.0000000000E+00,    2.1868505684E+02,    2.1868505684E+02,    0.0000000000E+00,    0.0000000000E+00,    0.0000000000E+00,    2.1868505684E+02
    160100,      0.676953,CP4_after_advection,   1,    0.0000000000E+00,    2.1868077313E+02,    2.1868077313E+02,    0.0000000000E+00,    0.0000000000E+00,    0.0000000000E+00,    2.1868077313E+02
    160100,      0.676953,CP5_after_vdif,   1,    0.0000000000E+00,    2.1868077313E+02,    2.1868077313E+02,    0.0000000000E+00,    0.0000000000E+00,    0.0000000000E+00,    2.1868077313E+02
    160100,      0.676953,CP6_after_kinetics,   1,    0.0000000000E+00,    2.1868077313E+02,    2.1868077313E+02,    0.0000000000E+00,    0.0000000000E+00,    0.0000000000E+00,    2.1868077313E+02
    160100,      0.676953,CP7_after_upper_clamp,   1,    0.0000000000E+00,    2.1868077313E+02,    2.1868077313E+02,    0.0000000000E+00,    0.0000000000E+00,    0.0000000000E+00,    2.1868077313E+02
    160100,      0.676953,CP8_after_OBC,   1,    0.0000000000E+00,    2.1868077313E+02,    2.1868077313E+02,    0.0000000000E+00,    0.0000000000E+00,    0.0000000000E+00,    2.1868077313E+02
    160100,      0.676953,CP9_after_PTsource,   1,    0.0000000000E+00,    2.1868077313E+02,    2.1868077313E+02,    0.0000000000E+00,    0.0000000000E+00,    0.0000000000E+00,    2.1868077313E+02
    160100,      0.676953,CP10_after_neg_clamp,   1,    0.0000000000E+00,    2.1868077313E+02,    2.1868077313E+02,    0.0000000000E+00,    0.0000000000E+00,    0.0000000000E+00,    2.1868077313E+02
    160100,      0.676953,CP11_after_MPI,   1,    0.0000000000E+00,    2.1868077313E+02,    2.1868077313E+02,    0.0000000000E+00,    0.0000000000E+00,    0.0000000000E+00,    2.1868077313E+02
    160100,      0.676953,CP12_end,   1,    0.0000000000E+00,    2.1868077313E+02,    2.1868077313E+02,    0.0000000000E+00,    0.0000000000E+00,    0.0000000000E+00,    2.1868077313E+02
    160150,      0.676953,CP0_start,   1,    0.0000000000E+00,    2.1878261288E+02,    2.1878261288E+02,    0.0000000000E+00,    0.0000000000E+00,    0.0000000000E+00,    2.1878261288E+02
    160150,      0.676953,CP1_after_deposition,   1,    0.0000000000E+00,    2.1878261288E+02,    2.1878261288E+02,    0.0000000000E+00,    0.0000000000E+00,    0.0000000000E+00,    2.1878261288E+02
    160150,      0.676953,CP2_after_erosion,   1,    0.0000000000E+00,    2.1878261288E+02,    2.1878261288E+02,    0.0000000000E+00,    0.0000000000E+00,    0.0000000000E+00,    2.1878261288E+02
    160150,      0.676953,CP3_after_update_bottom,   1,    0.0000000000E+00,    2.1878261288E+02,    2.1878261288E+02,    0.0000000000E+00,    0.0000000000E+00,    0.0000000000E+00,    2.1878261288E+02
    160150,      0.676953,CP4_after_advection,   1,    0.0000000000E+00,    2.1877840295E+02,    2.1877840295E+02,    0.0000000000E+00,    0.0000000000E+00,    0.0000000000E+00,    2.1877840295E+02
    160150,      0.676953,CP5_after_vdif,   1,    0.0000000000E+00,    2.1877840295E+02,    2.1877840295E+02,    0.0000000000E+00,    0.0000000000E+00,    0.0000000000E+00,    2.1877840295E+02
    160150,      0.676953,CP6_after_kinetics,   1,    0.0000000000E+00,    2.1877840295E+02,    2.1877840295E+02,    0.0000000000E+00,    0.0000000000E+00,    0.0000000000E+00,    2.1877840295E+02
    160150,      0.676953,CP7_after_upper_clamp,   1,    0.0000000000E+00,    2.1877840295E+02,    2.1877840295E+02,    0.0000000000E+00,    0.0000000000E+00,    0.0000000000E+00,    2.1877840295E+02
    160150,      0.676953,CP8_after_OBC,   1,    0.0000000000E+00,    2.1877840295E+02,    2.1877840295E+02,    0.0000000000E+00,    0.0000000000E+00,    0.0000000000E+00,    2.1877840295E+02
    160150,      0.676953,CP9_after_PTsource,   1,    0.0000000000E+00,    2.1877840295E+02,    2.1877840295E+02,    0.0000000000E+00,    0.0000000000E+00,    0.0000000000E+00,    2.1877840295E+02
    160150,      0.676953,CP10_after_neg_clamp,   1,    0.0000000000E+00,    2.1877840295E+02,    2.1877840295E+02,    0.0000000000E+00,    0.0000000000E+00,    0.0000000000E+00,    2.1877840295E+02
    160150,      0.676953,CP11_after_MPI,   1,    0.0000000000E+00,    2.1877840295E+02,    2.1877840295E+02,    0.0000000000E+00,    0.0000000000E+00,    0.0000000000E+00,    2.1877840295E+02
    160150,      0.676953,CP12_end,   1,    0.0000000000E+00,    2.1877840295E+02,    2.1877840295E+02,    0.0000000000E+00,    0.0000000000E+00,    0.0000000000E+00,    2.1877840295E+02
    160200,      0.676953,CP0_start,   1,    0.0000000000E+00,    2.1888142485E+02,    2.1888142485E+02,    0.0000000000E+00,    0.0000000000E+00,    0.0000000000E+00,    2.1888142485E+02
    160200,      0.676953,CP1_after_deposition,   1,    0.0000000000E+00,    2.1888142485E+02,    2.1888142485E+02,    0.0000000000E+00,    0.0000000000E+00,    0.0000000000E+00,    2.1888142485E+02
    160200,      0.676953,CP2_after_erosion,   1,    0.0000000000E+00,    2.1888142485E+02,    2.1888142485E+02,    0.0000000000E+00,    0.0000000000E+00,    0.0000000000E+00,    2.1888142485E+02
    160200,      0.676953,CP3_after_update_bottom,   1,    0.0000000000E+00,    2.1888142485E+02,    2.1888142485E+02,    0.0000000000E+00,    0.0000000000E+00,    0.0000000000E+00,    2.1888142485E+02
    160200,      0.676953,CP4_after_advection,   1,    0.0000000000E+00,    2.1887728216E+02,    2.1887728216E+02,    0.0000000000E+00,    0.0000000000E+00,    0.0000000000E+00,    2.1887728216E+02
    160200,      0.676953,CP5_after_vdif,   1,    0.0000000000E+00,    2.1887728216E+02,    2.1887728216E+02,    0.0000000000E+00,    0.0000000000E+00,    0.0000000000E+00,    2.1887728216E+02
    160200,      0.676953,CP6_after_kinetics,   1,    0.0000000000E+00,    2.1887728216E+02,    2.1887728216E+02,    0.0000000000E+00,    0.0000000000E+00,    0.0000000000E+00,    2.1887728216E+02
    160200,      0.676953,CP7_after_upper_clamp,   1,    0.0000000000E+00,    2.1887728216E+02,    2.1887728216E+02,    0.0000000000E+00,    0.0000000000E+00,    0.0000000000E+00,    2.1887728216E+02
    160200,      0.676953,CP8_after_OBC,   1,    0.0000000000E+00,    2.1887728216E+02,    2.1887728216E+02,    0.0000000000E+00,    0.0000000000E+00,    0.0000000000E+00,    2.1887728216E+02
    160200,      0.676953,CP9_after_PTsource,   1,    0.0000000000E+00,    2.1887728216E+02,    2.1887728216E+02,    0.0000000000E+00,    0.0000000000E+00,    0.0000000000E+00,    2.1887728216E+02
    160200,      0.676953,CP10_after_neg_clamp,   1,    0.0000000000E+00,    2.1887728216E+02,    2.1887728216E+02,    0.0000000000E+00,    0.0000000000E+00,    0.0000000000E+00,    2.1887728216E+02
    160200,      0.676953,CP11_after_MPI,   1,    0.0000000000E+00,    2.1887728216E+02,    2.1887728216E+02,    0.0000000000E+00,    0.0000000000E+00,    0.0000000000E+00,    2.1887728216E+02
    160200,      0.676953,CP12_end,   1,    0.0000000000E+00,    2.1887728216E+02,    2.1887728216E+02,    0.0000000000E+00,    0.0000000000E+00,    0.0000000000E+00,    2.1887728216E+02
    160250,      0.676953,CP0_start,   1,    0.0000000000E+00,    2.1898114499E+02,    2.1898114499E+02,    0.0000000000E+00,    0.0000000000E+00,    0.0000000000E+00,    2.1898114499E+02
    160250,      0.676953,CP1_after_deposition,   1,    0.0000000000E+00,    2.1898114499E+02,    2.1898114499E+02,    0.0000000000E+00,    0.0000000000E+00,    0.0000000000E+00,    2.1898114499E+02
    160250,      0.676953,CP2_after_erosion,   1,    0.0000000000E+00,    2.1898114499E+02,    2.1898114499E+02,    0.0000000000E+00,    0.0000000000E+00,    0.0000000000E+00,    2.1898114499E+02
    160250,      0.676953,CP3_after_update_bottom,   1,    0.0000000000E+00,    2.1898114499E+02,    2.1898114499E+02,    0.0000000000E+00,    0.0000000000E+00,    0.0000000000E+00,    2.1898114499E+02
    160250,      0.676953,CP4_after_advection,   1,    0.0000000000E+00,    2.1897707391E+02,    2.1897707391E+02,    0.0000000000E+00,    0.0000000000E+00,    0.0000000000E+00,    2.1897707391E+02
    160250,      0.676953,CP5_after_vdif,   1,    0.0000000000E+00,    2.1897707391E+02,    2.1897707391E+02,    0.0000000000E+00,    0.0000000000E+00,    0.0000000000E+00,    2.1897707391E+02
    160250,      0.676953,CP6_after_kinetics,   1,    0.0000000000E+00,    2.1897707391E+02,    2.1897707391E+02,    0.0000000000E+00,    0.0000000000E+00,    0.0000000000E+00,    2.1897707391E+02
    160250,      0.676953,CP7_after_upper_clamp,   1,    0.0000000000E+00,    2.1897707391E+02,    2.1897707391E+02,    0.0000000000E+00,    0.0000000000E+00,    0.0000000000E+00,    2.1897707391E+02
    160250,      0.676953,CP8_after_OBC,   1,    0.0000000000E+00,    2.1897707391E+02,    2.1897707391E+02,    0.0000000000E+00,    0.0000000000E+00,    0.0000000000E+00,    2.1897707391E+02
    160250,      0.676953,CP9_after_PTsource,   1,    0.0000000000E+00,    2.1897707391E+02,    2.1897707391E+02,    0.0000000000E+00,    0.0000000000E+00,    0.0000000000E+00,    2.1897707391E+02
    160250,      0.676953,CP10_after_neg_clamp,   1,    0.0000000000E+00,    2.1897707391E+02,    2.1897707391E+02,    0.0000000000E+00,    0.0000000000E+00,    0.0000000000E+00,    2.1897707391E+02
    160250,      0.676953,CP11_after_MPI,   1,    0.0000000000E+00,    2.1897707391E+02,    2.1897707391E+02,    0.0000000000E+00,    0.0000000000E+00,    0.0000000000E+00,    2.1897707391E+02
    160250,      0.676953,CP12_end,   1,    0.0000000000E+00,    2.1897707391E+02,    2.1897707391E+02,    0.0000000000E+00,    0.0000000000E+00,    0.0000000000E+00,    2.1897707391E+02
    160300,      0.676953,CP0_start,   1,    0.0000000000E+00,    2.1908180148E+02,    2.1908180148E+02,    0.0000000000E+00,    0.0000000000E+00,    0.0000000000E+00,    2.1908180148E+02
    160300,      0.676953,CP1_after_deposition,   1,    0.0000000000E+00,    2.1908180148E+02,    2.1908180148E+02,    0.0000000000E+00,    0.0000000000E+00,    0.0000000000E+00,    2.1908180148E+02
    160300,      0.676953,CP2_after_erosion,   1,    0.0000000000E+00,    2.1908180148E+02,    2.1908180148E+02,    0.0000000000E+00,    0.0000000000E+00,    0.0000000000E+00,    2.1908180148E+02
    160300,      0.676953,CP3_after_update_bottom,   1,    0.0000000000E+00,    2.1908180148E+02,    2.1908180148E+02,    0.0000000000E+00,    0.0000000000E+00,    0.0000000000E+00,    2.1908180148E+02
    160300,      0.676953,CP4_after_advection,   1,    0.0000000000E+00,    2.1907779506E+02,    2.1907779506E+02,    0.0000000000E+00,    0.0000000000E+00,    0.0000000000E+00,    2.1907779506E+02
    160300,      0.676953,CP5_after_vdif,   1,    0.0000000000E+00,    2.1907779506E+02,    2.1907779506E+02,    0.0000000000E+00,    0.0000000000E+00,    0.0000000000E+00,    2.1907779506E+02
    160300,      0.676953,CP6_after_kinetics,   1,    0.0000000000E+00,    2.1907779506E+02,    2.1907779506E+02,    0.0000000000E+00,    0.0000000000E+00,    0.0000000000E+00,    2.1907779506E+02
    160300,      0.676953,CP7_after_upper_clamp,   1,    0.0000000000E+00,    2.1907779506E+02,    2.1907779506E+02,    0.0000000000E+00,    0.0000000000E+00,    0.0000000000E+00,    2.1907779506E+02
    160300,      0.676953,CP8_after_OBC,   1,    0.0000000000E+00,    2.1907779506E+02,    2.1907779506E+02,    0.0000000000E+00,    0.0000000000E+00,    0.0000000000E+00,    2.1907779506E+02
    160300,      0.676953,CP9_after_PTsource,   1,    0.0000000000E+00,    2.1907779506E+02,    2.1907779506E+02,    0.0000000000E+00,    0.0000000000E+00,    0.0000000000E+00,    2.1907779506E+02
    160300,      0.676953,CP10_after_neg_clamp,   1,    0.0000000000E+00,    2.1907779506E+02,    2.1907779506E+02,    0.0000000000E+00,    0.0000000000E+00,    0.0000000000E+00,    2.1907779506E+02
    160300,      0.676953,CP11_after_MPI,   1,    0.0000000000E+00,    2.1907779506E+02,    2.1907779506E+02,    0.0000000000E+00,    0.0000000000E+00,    0.0000000000E+00,    2.1907779506E+02
    160300,      0.676953,CP12_end,   1,    0.0000000000E+00,    2.1907779506E+02,    2.1907779506E+02,    0.0000000000E+00,    0.0000000000E+00,    0.0000000000E+00,    2.1907779506E+02
    160350,      0.676953,CP0_start,   1,    0.0000000000E+00,    2.1918319984E+02,    2.1918319984E+02,    0.0000000000E+00,    0.0000000000E+00,    0.0000000000E+00,    2.1918319984E+02
    160350,      0.676953,CP1_after_deposition,   1,    0.0000000000E+00,    2.1918319984E+02,    2.1918319984E+02,    0.0000000000E+00,    0.0000000000E+00,    0.0000000000E+00,    2.1918319984E+02
    160350,      0.676953,CP2_after_erosion,   1,    0.0000000000E+00,    2.1918319984E+02,    2.1918319984E+02,    0.0000000000E+00,    0.0000000000E+00,    0.0000000000E+00,    2.1918319984E+02
    160350,      0.676953,CP3_after_update_bottom,   1,    0.0000000000E+00,    2.1918319984E+02,    2.1918319984E+02,    0.0000000000E+00,    0.0000000000E+00,    0.0000000000E+00,    2.1918319984E+02
    160350,      0.676953,CP4_after_advection,   1,    0.0000000000E+00,    2.1917924974E+02,    2.1917924974E+02,    0.0000000000E+00,    0.0000000000E+00,    0.0000000000E+00,    2.1917924974E+02
    160350,      0.676953,CP5_after_vdif,   1,    0.0000000000E+00,    2.1917924974E+02,    2.1917924974E+02,    0.0000000000E+00,    0.0000000000E+00,    0.0000000000E+00,    2.1917924974E+02
    160350,      0.676953,CP6_after_kinetics,   1,    0.0000000000E+00,    2.1917924974E+02,    2.1917924974E+02,    0.0000000000E+00,    0.0000000000E+00,    0.0000000000E+00,    2.1917924974E+02
    160350,      0.676953,CP7_after_upper_clamp,   1,    0.0000000000E+00,    2.1917924974E+02,    2.1917924974E+02,    0.0000000000E+00,    0.0000000000E+00,    0.0000000000E+00,    2.1917924974E+02
    160350,      0.676953,CP8_after_OBC,   1,    0.0000000000E+00,    2.1917924974E+02,    2.1917924974E+02,    0.0000000000E+00,    0.0000000000E+00,    0.0000000000E+00,    2.1917924974E+02
    160350,      0.676953,CP9_after_PTsource,   1,    0.0000000000E+00,    2.1917924974E+02,    2.1917924974E+02,    0.0000000000E+00,    0.0000000000E+00,    0.0000000000E+00,    2.1917924974E+02
    160350,      0.676953,CP10_after_neg_clamp,   1,    0.0000000000E+00,    2.1917924974E+02,    2.1917924974E+02,    0.0000000000E+00,    0.0000000000E+00,    0.0000000000E+00,    2.1917924974E+02
    160350,      0.676953,CP11_after_MPI,   1,    0.0000000000E+00,    2.1917924974E+02,    2.1917924974E+02,    0.0000000000E+00,    0.0000000000E+00,    0.0000000000E+00,    2.1917924974E+02
    160350,      0.676953,CP12_end,   1,    0.0000000000E+00,    2.1917924974E+02,    2.1917924974E+02,    0.0000000000E+00,    0.0000000000E+00,    0.0000000000E+00,    2.1917924974E+02
    160400,      0.676953,CP0_start,   1,    0.0000000000E+00,    2.1928516999E+02,    2.1928516999E+02,    0.0000000000E+00,    0.0000000000E+00,    0.0000000000E+00,    2.1928516999E+02
    160400,      0.676953,CP1_after_deposition,   1,    0.0000000000E+00,    2.1928516999E+02,    2.1928516999E+02,    0.0000000000E+00,    0.0000000000E+00,    0.0000000000E+00,    2.1928516999E+02
    160400,      0.676953,CP2_after_erosion,   1,    0.0000000000E+00,    2.1928516999E+02,    2.1928516999E+02,    0.0000000000E+00,    0.0000000000E+00,    0.0000000000E+00,    2.1928516999E+02
    160400,      0.676953,CP3_after_update_bottom,   1,    0.0000000000E+00,    2.1928516999E+02,    2.1928516999E+02,    0.0000000000E+00,    0.0000000000E+00,    0.0000000000E+00,    2.1928516999E+02
    160400,      0.676953,CP4_after_advection,   1,    0.0000000000E+00,    2.1928128584E+02,    2.1928128584E+02,    0.0000000000E+00,    0.0000000000E+00,    0.0000000000E+00,    2.1928128584E+02
    160400,      0.676953,CP5_after_vdif,   1,    0.0000000000E+00,    2.1928128584E+02,    2.1928128584E+02,    0.0000000000E+00,    0.0000000000E+00,    0.0000000000E+00,    2.1928128584E+02
    160400,      0.676953,CP6_after_kinetics,   1,    0.0000000000E+00,    2.1928128584E+02,    2.1928128584E+02,    0.0000000000E+00,    0.0000000000E+00,    0.0000000000E+00,    2.1928128584E+02
    160400,      0.676953,CP7_after_upper_clamp,   1,    0.0000000000E+00,    2.1928128584E+02,    2.1928128584E+02,    0.0000000000E+00,    0.0000000000E+00,    0.0000000000E+00,    2.1928128584E+02
    160400,      0.676953,CP8_after_OBC,   1,    0.0000000000E+00,    2.1928128584E+02,    2.1928128584E+02,    0.0000000000E+00,    0.0000000000E+00,    0.0000000000E+00,    2.1928128584E+02
    160400,      0.676953,CP9_after_PTsource,   1,    0.0000000000E+00,    2.1928128584E+02,    2.1928128584E+02,    0.0000000000E+00,    0.0000000000E+00,    0.0000000000E+00,    2.1928128584E+02
    160400,      0.676953,CP10_after_neg_clamp,   1,    0.0000000000E+00,    2.1928128584E+02,    2.1928128584E+02,    0.0000000000E+00,    0.0000000000E+00,    0.0000000000E+00,    2.1928128584E+02
    160400,      0.676953,CP11_after_MPI,   1,    0.0000000000E+00,    2.1928128584E+02,    2.1928128584E+02,    0.0000000000E+00,    0.0000000000E+00,    0.0000000000E+00,    2.1928128584E+02
    160400,      0.676953,CP12_end,   1,    0.0000000000E+00,    2.1928128584E+02,    2.1928128584E+02,    0.0000000000E+00,    0.0000000000E+00,    0.0000000000E+00,    2.1928128584E+02
    160450,      0.676953,CP0_start,   1,    0.0000000000E+00,    2.1938748086E+02,    2.1938748086E+02,    0.0000000000E+00,    0.0000000000E+00,    0.0000000000E+00,    2.1938748086E+02
    160450,      0.676953,CP1_after_deposition,   1,    0.0000000000E+00,    2.1938748086E+02,    2.1938748086E+02,    0.0000000000E+00,    0.0000000000E+00,    0.0000000000E+00,    2.1938748086E+02
    160450,      0.676953,CP2_after_erosion,   1,    0.0000000000E+00,    2.1938748086E+02,    2.1938748086E+02,    0.0000000000E+00,    0.0000000000E+00,    0.0000000000E+00,    2.1938748086E+02
    160450,      0.676953,CP3_after_update_bottom,   1,    0.0000000000E+00,    2.1938748086E+02,    2.1938748086E+02,    0.0000000000E+00,    0.0000000000E+00,    0.0000000000E+00,    2.1938748086E+02
    160450,      0.676953,CP4_after_advection,   1,    0.0000000000E+00,    2.1938365845E+02,    2.1938365845E+02,    0.0000000000E+00,    0.0000000000E+00,    0.0000000000E+00,    2.1938365845E+02
    160450,      0.676953,CP5_after_vdif,   1,    0.0000000000E+00,    2.1938365845E+02,    2.1938365845E+02,    0.0000000000E+00,    0.0000000000E+00,    0.0000000000E+00,    2.1938365845E+02
    160450,      0.676953,CP6_after_kinetics,   1,    0.0000000000E+00,    2.1938365845E+02,    2.1938365845E+02,    0.0000000000E+00,    0.0000000000E+00,    0.0000000000E+00,    2.1938365845E+02
    160450,      0.676953,CP7_after_upper_clamp,   1,    0.0000000000E+00,    2.1938365845E+02,    2.1938365845E+02,    0.0000000000E+00,    0.0000000000E+00,    0.0000000000E+00,    2.1938365845E+02
    160450,      0.676953,CP8_after_OBC,   1,    0.0000000000E+00,    2.1938365845E+02,    2.1938365845E+02,    0.0000000000E+00,    0.0000000000E+00,    0.0000000000E+00,    2.1938365845E+02
    160450,      0.676953,CP9_after_PTsource,   1,    0.0000000000E+00,    2.1938365845E+02,    2.1938365845E+02,    0.0000000000E+00,    0.0000000000E+00,    0.0000000000E+00,    2.1938365845E+02
    160450,      0.676953,CP10_after_neg_clamp,   1,    0.0000000000E+00,    2.1938365845E+02,    2.1938365845E+02,    0.0000000000E+00,    0.0000000000E+00,    0.0000000000E+00,    2.1938365845E+02
    160450,      0.676953,CP11_after_MPI,   1,    0.0000000000E+00,    2.1938365845E+02,    2.1938365845E+02,    0.0000000000E+00,    0.0000000000E+00,    0.0000000000E+00,    2.1938365845E+02
    160450,      0.676953,CP12_end,   1,    0.0000000000E+00,    2.1938365845E+02,    2.1938365845E+02,    0.0000000000E+00,    0.0000000000E+00,    0.0000000000E+00,    2.1938365845E+02
    160500,      0.676953,CP0_start,   1,    0.0000000000E+00,    2.1948984847E+02,    2.1948984847E+02,    0.0000000000E+00,    0.0000000000E+00,    0.0000000000E+00,    2.1948984847E+02
    160500,      0.676953,CP1_after_deposition,   1,    0.0000000000E+00,    2.1948984847E+02,    2.1948984847E+02,    0.0000000000E+00,    0.0000000000E+00,    0.0000000000E+00,    2.1948984847E+02
    160500,      0.676953,CP2_after_erosion,   1,    0.0000000000E+00,    2.1948984847E+02,    2.1948984847E+02,    0.0000000000E+00,    0.0000000000E+00,    0.0000000000E+00,    2.1948984847E+02
    160500,      0.676953,CP3_after_update_bottom,   1,    0.0000000000E+00,    2.1948984847E+02,    2.1948984847E+02,    0.0000000000E+00,    0.0000000000E+00,    0.0000000000E+00,    2.1948984847E+02
    160500,      0.676953,CP4_after_advection,   1,    0.0000000000E+00,    2.1948608954E+02,    2.1948608954E+02,    0.0000000000E+00,    0.0000000000E+00,    0.0000000000E+00,    2.1948608954E+02
    160500,      0.676953,CP5_after_vdif,   1,    0.0000000000E+00,    2.1948608954E+02,    2.1948608954E+02,    0.0000000000E+00,    0.0000000000E+00,    0.0000000000E+00,    2.1948608954E+02
    160500,      0.676953,CP6_after_kinetics,   1,    0.0000000000E+00,    2.1948608954E+02,    2.1948608954E+02,    0.0000000000E+00,    0.0000000000E+00,    0.0000000000E+00,    2.1948608954E+02
    160500,      0.676953,CP7_after_upper_clamp,   1,    0.0000000000E+00,    2.1948608954E+02,    2.1948608954E+02,    0.0000000000E+00,    0.0000000000E+00,    0.0000000000E+00,    2.1948608954E+02
    160500,      0.676953,CP8_after_OBC,   1,    0.0000000000E+00,    2.1948608954E+02,    2.1948608954E+02,    0.0000000000E+00,    0.0000000000E+00,    0.0000000000E+00,    2.1948608954E+02
    160500,      0.676953,CP9_after_PTsource,   1,    0.0000000000E+00,    2.1948608954E+02,    2.1948608954E+02,    0.0000000000E+00,    0.0000000000E+00,    0.0000000000E+00,    2.1948608954E+02
    160500,      0.676953,CP10_after_neg_clamp,   1,    0.0000000000E+00,    2.1948608954E+02,    2.1948608954E+02,    0.0000000000E+00,    0.0000000000E+00,    0.0000000000E+00,    2.1948608954E+02
    160500,      0.676953,CP11_after_MPI,   1,    0.0000000000E+00,    2.1948608954E+02,    2.1948608954E+02,    0.0000000000E+00,    0.0000000000E+00,    0.0000000000E+00,    2.1948608954E+02
    160500,      0.676953,CP12_end,   1,    0.0000000000E+00,    2.1948608954E+02,    2.1948608954E+02,    0.0000000000E+00,    0.0000000000E+00,    0.0000000000E+00,    2.1948608954E+02
    160550,      0.676953,CP0_start,   1,    0.0000000000E+00,    2.1959213782E+02,    2.1959213782E+02,    0.0000000000E+00,    0.0000000000E+00,    0.0000000000E+00,    2.1959213782E+02
    160550,      0.676953,CP1_after_deposition,   1,    0.0000000000E+00,    2.1959213782E+02,    2.1959213782E+02,    0.0000000000E+00,    0.0000000000E+00,    0.0000000000E+00,    2.1959213782E+02
    160550,      0.676953,CP2_after_erosion,   1,    0.0000000000E+00,    2.1959213782E+02,    2.1959213782E+02,    0.0000000000E+00,    0.0000000000E+00,    0.0000000000E+00,    2.1959213782E+02
    160550,      0.676953,CP3_after_update_bottom,   1,    0.0000000000E+00,    2.1959213782E+02,    2.1959213782E+02,    0.0000000000E+00,    0.0000000000E+00,    0.0000000000E+00,    2.1959213782E+02
    160550,      0.676953,CP4_after_advection,   1,    0.0000000000E+00,    2.1958843712E+02,    2.1958843712E+02,    0.0000000000E+00,    0.0000000000E+00,    0.0000000000E+00,    2.1958843712E+02
    160550,      0.676953,CP5_after_vdif,   1,    0.0000000000E+00,    2.1958843712E+02,    2.1958843712E+02,    0.0000000000E+00,    0.0000000000E+00,    0.0000000000E+00,    2.1958843712E+02
    160550,      0.676953,CP6_after_kinetics,   1,    0.0000000000E+00,    2.1958843712E+02,    2.1958843712E+02,    0.0000000000E+00,    0.0000000000E+00,    0.0000000000E+00,    2.1958843712E+02
    160550,      0.676953,CP7_after_upper_clamp,   1,    0.0000000000E+00,    2.1958843712E+02,    2.1958843712E+02,    0.0000000000E+00,    0.0000000000E+00,    0.0000000000E+00,    2.1958843712E+02
    160550,      0.676953,CP8_after_OBC,   1,    0.0000000000E+00,    2.1958843712E+02,    2.1958843712E+02,    0.0000000000E+00,    0.0000000000E+00,    0.0000000000E+00,    2.1958843712E+02
    160550,      0.676953,CP9_after_PTsource,   1,    0.0000000000E+00,    2.1958843712E+02,    2.1958843712E+02,    0.0000000000E+00,    0.0000000000E+00,    0.0000000000E+00,    2.1958843712E+02
    160550,      0.676953,CP10_after_neg_clamp,   1,    0.0000000000E+00,    2.1958843712E+02,    2.1958843712E+02,    0.0000000000E+00,    0.0000000000E+00,    0.0000000000E+00,    2.1958843712E+02
    160550,      0.676953,CP11_after_MPI,   1,    0.0000000000E+00,    2.1958843712E+02,    2.1958843712E+02,    0.0000000000E+00,    0.0000000000E+00,    0.0000000000E+00,    2.1958843712E+02
    160550,      0.676953,CP12_end,   1,    0.0000000000E+00,    2.1958843712E+02,    2.1958843712E+02,    0.0000000000E+00,    0.0000000000E+00,    0.0000000000E+00,    2.1958843712E+02
    160600,      0.676953,CP0_start,   1,    0.0000000000E+00,    2.1969425045E+02,    2.1969425045E+02,    0.0000000000E+00,    0.0000000000E+00,    0.0000000000E+00,    2.1969425045E+02
    160600,      0.676953,CP1_after_deposition,   1,    0.0000000000E+00,    2.1969425045E+02,    2.1969425045E+02,    0.0000000000E+00,    0.0000000000E+00,    0.0000000000E+00,    2.1969425045E+02
    160600,      0.676953,CP2_after_erosion,   1,    0.0000000000E+00,    2.1969425045E+02,    2.1969425045E+02,    0.0000000000E+00,    0.0000000000E+00,    0.0000000000E+00,    2.1969425045E+02
    160600,      0.676953,CP3_after_update_bottom,   1,    0.0000000000E+00,    2.1969425045E+02,    2.1969425045E+02,    0.0000000000E+00,    0.0000000000E+00,    0.0000000000E+00,    2.1969425045E+02
    160600,      0.676953,CP4_after_advection,   1,    0.0000000000E+00,    2.1969061122E+02,    2.1969061122E+02,    0.0000000000E+00,    0.0000000000E+00,    0.0000000000E+00,    2.1969061122E+02
    160600,      0.676953,CP5_after_vdif,   1,    0.0000000000E+00,    2.1969061122E+02,    2.1969061122E+02,    0.0000000000E+00,    0.0000000000E+00,    0.0000000000E+00,    2.1969061122E+02
    160600,      0.676953,CP6_after_kinetics,   1,    0.0000000000E+00,    2.1969061122E+02,    2.1969061122E+02,    0.0000000000E+00,    0.0000000000E+00,    0.0000000000E+00,    2.1969061122E+02
    160600,      0.676953,CP7_after_upper_clamp,   1,    0.0000000000E+00,    2.1969061122E+02,    2.1969061122E+02,    0.0000000000E+00,    0.0000000000E+00,    0.0000000000E+00,    2.1969061122E+02
    160600,      0.676953,CP8_after_OBC,   1,    0.0000000000E+00,    2.1969061122E+02,    2.1969061122E+02,    0.0000000000E+00,    0.0000000000E+00,    0.0000000000E+00,    2.1969061122E+02
    160600,      0.676953,CP9_after_PTsource,   1,    0.0000000000E+00,    2.1969061122E+02,    2.1969061122E+02,    0.0000000000E+00,    0.0000000000E+00,    0.0000000000E+00,    2.1969061122E+02
    160600,      0.676953,CP10_after_neg_clamp,   1,    0.0000000000E+00,    2.1969061122E+02,    2.1969061122E+02,    0.0000000000E+00,    0.0000000000E+00,    0.0000000000E+00,    2.1969061122E+02
    160600,      0.676953,CP11_after_MPI,   1,    0.0000000000E+00,    2.1969061122E+02,    2.1969061122E+02,    0.0000000000E+00,    0.0000000000E+00,    0.0000000000E+00,    2.1969061122E+02
    160600,      0.676953,CP12_end,   1,    0.0000000000E+00,    2.1969061122E+02,    2.1969061122E+02,    0.0000000000E+00,    0.0000000000E+00,    0.0000000000E+00,    2.1969061122E+02
    160650,      0.676953,CP0_start,   1,    0.0000000000E+00,    2.1979619086E+02,    2.1979619086E+02,    0.0000000000E+00,    0.0000000000E+00,    0.0000000000E+00,    2.1979619086E+02
    160650,      0.676953,CP1_after_deposition,   1,    0.0000000000E+00,    2.1979619086E+02,    2.1979619086E+02,    0.0000000000E+00,    0.0000000000E+00,    0.0000000000E+00,    2.1979619086E+02
    160650,      0.676953,CP2_after_erosion,   1,    0.0000000000E+00,    2.1979619086E+02,    2.1979619086E+02,    0.0000000000E+00,    0.0000000000E+00,    0.0000000000E+00,    2.1979619086E+02
    160650,      0.676953,CP3_after_update_bottom,   1,    0.0000000000E+00,    2.1979619086E+02,    2.1979619086E+02,    0.0000000000E+00,    0.0000000000E+00,    0.0000000000E+00,    2.1979619086E+02
    160650,      0.676953,CP4_after_advection,   1,    0.0000000000E+00,    2.1979262158E+02,    2.1979262158E+02,    0.0000000000E+00,    0.0000000000E+00,    0.0000000000E+00,    2.1979262158E+02
    160650,      0.676953,CP5_after_vdif,   1,    0.0000000000E+00,    2.1979262158E+02,    2.1979262158E+02,    0.0000000000E+00,    0.0000000000E+00,    0.0000000000E+00,    2.1979262158E+02
    160650,      0.676953,CP6_after_kinetics,   1,    0.0000000000E+00,    2.1979262158E+02,    2.1979262158E+02,    0.0000000000E+00,    0.0000000000E+00,    0.0000000000E+00,    2.1979262158E+02
    160650,      0.676953,CP7_after_upper_clamp,   1,    0.0000000000E+00,    2.1979262158E+02,    2.1979262158E+02,    0.0000000000E+00,    0.0000000000E+00,    0.0000000000E+00,    2.1979262158E+02
    160650,      0.676953,CP8_after_OBC,   1,    0.0000000000E+00,    2.1979262158E+02,    2.1979262158E+02,    0.0000000000E+00,    0.0000000000E+00,    0.0000000000E+00,    2.1979262158E+02
    160650,      0.676953,CP9_after_PTsource,   1,    0.0000000000E+00,    2.1979262158E+02,    2.1979262158E+02,    0.0000000000E+00,    0.0000000000E+00,    0.0000000000E+00,    2.1979262158E+02
    160650,      0.676953,CP10_after_neg_clamp,   1,    0.0000000000E+00,    2.1979262158E+02,    2.1979262158E+02,    0.0000000000E+00,    0.0000000000E+00,    0.0000000000E+00,    2.1979262158E+02
    160650,      0.676953,CP11_after_MPI,   1,    0.0000000000E+00,    2.1979262158E+02,    2.1979262158E+02,    0.0000000000E+00,    0.0000000000E+00,    0.0000000000E+00,    2.1979262158E+02
    160650,      0.676953,CP12_end,   1,    0.0000000000E+00,    2.1979262158E+02,    2.1979262158E+02,    0.0000000000E+00,    0.0000000000E+00,    0.0000000000E+00,    2.1979262158E+02
    160700,      0.676953,CP0_start,   1,    0.0000000000E+00,    2.1989820813E+02,    2.1989820813E+02,    0.0000000000E+00,    0.0000000000E+00,    0.0000000000E+00,    2.1989820813E+02
    160700,      0.676953,CP1_after_deposition,   1,    0.0000000000E+00,    2.1989820813E+02,    2.1989820813E+02,    0.0000000000E+00,    0.0000000000E+00,    0.0000000000E+00,    2.1989820813E+02
    160700,      0.676953,CP2_after_erosion,   1,    0.0000000000E+00,    2.1989820813E+02,    2.1989820813E+02,    0.0000000000E+00,    0.0000000000E+00,    0.0000000000E+00,    2.1989820813E+02
    160700,      0.676953,CP3_after_update_bottom,   1,    0.0000000000E+00,    2.1989820813E+02,    2.1989820813E+02,    0.0000000000E+00,    0.0000000000E+00,    0.0000000000E+00,    2.1989820813E+02
    160700,      0.676953,CP4_after_advection,   1,    0.0000000000E+00,    2.1989471752E+02,    2.1989471752E+02,    0.0000000000E+00,    0.0000000000E+00,    0.0000000000E+00,    2.1989471752E+02
    160700,      0.676953,CP5_after_vdif,   1,    0.0000000000E+00,    2.1989471752E+02,    2.1989471752E+02,    0.0000000000E+00,    0.0000000000E+00,    0.0000000000E+00,    2.1989471752E+02
    160700,      0.676953,CP6_after_kinetics,   1,    0.0000000000E+00,    2.1989471752E+02,    2.1989471752E+02,    0.0000000000E+00,    0.0000000000E+00,    0.0000000000E+00,    2.1989471752E+02
    160700,      0.676953,CP7_after_upper_clamp,   1,    0.0000000000E+00,    2.1989471752E+02,    2.1989471752E+02,    0.0000000000E+00,    0.0000000000E+00,    0.0000000000E+00,    2.1989471752E+02
    160700,      0.676953,CP8_after_OBC,   1,    0.0000000000E+00,    2.1989471752E+02,    2.1989471752E+02,    0.0000000000E+00,    0.0000000000E+00,    0.0000000000E+00,    2.1989471752E+02
    160700,      0.676953,CP9_after_PTsource,   1,    0.0000000000E+00,    2.1989471752E+02,    2.1989471752E+02,    0.0000000000E+00,    0.0000000000E+00,    0.0000000000E+00,    2.1989471752E+02
    160700,      0.676953,CP10_after_neg_clamp,   1,    0.0000000000E+00,    2.1989471752E+02,    2.1989471752E+02,    0.0000000000E+00,    0.0000000000E+00,    0.0000000000E+00,    2.1989471752E+02
    160700,      0.676953,CP11_after_MPI,   1,    0.0000000000E+00,    2.1989471752E+02,    2.1989471752E+02,    0.0000000000E+00,    0.0000000000E+00,    0.0000000000E+00,    2.1989471752E+02
    160700,      0.676953,CP12_end,   1,    0.0000000000E+00,    2.1989471752E+02,    2.1989471752E+02,    0.0000000000E+00,    0.0000000000E+00,    0.0000000000E+00,    2.1989471752E+02
    160750,      0.676953,CP0_start,   1,    0.0000000000E+00,    2.2000068481E+02,    2.2000068481E+02,    0.0000000000E+00,    0.0000000000E+00,    0.0000000000E+00,    2.2000068481E+02
    160750,      0.676953,CP1_after_deposition,   1,    0.0000000000E+00,    2.2000068481E+02,    2.2000068481E+02,    0.0000000000E+00,    0.0000000000E+00,    0.0000000000E+00,    2.2000068481E+02
    160750,      0.676953,CP2_after_erosion,   1,    0.0000000000E+00,    2.2000068481E+02,    2.2000068481E+02,    0.0000000000E+00,    0.0000000000E+00,    0.0000000000E+00,    2.2000068481E+02
    160750,      0.676953,CP3_after_update_bottom,   1,    0.0000000000E+00,    2.2000068481E+02,    2.2000068481E+02,    0.0000000000E+00,    0.0000000000E+00,    0.0000000000E+00,    2.2000068481E+02
    160750,      0.676953,CP4_after_advection,   1,    0.0000000000E+00,    2.1999727564E+02,    2.1999727564E+02,    0.0000000000E+00,    0.0000000000E+00,    0.0000000000E+00,    2.1999727564E+02
    160750,      0.676953,CP5_after_vdif,   1,    0.0000000000E+00,    2.1999727564E+02,    2.1999727564E+02,    0.0000000000E+00,    0.0000000000E+00,    0.0000000000E+00,    2.1999727564E+02
    160750,      0.676953,CP6_after_kinetics,   1,    0.0000000000E+00,    2.1999727564E+02,    2.1999727564E+02,    0.0000000000E+00,    0.0000000000E+00,    0.0000000000E+00,    2.1999727564E+02
    160750,      0.676953,CP7_after_upper_clamp,   1,    0.0000000000E+00,    2.1999727564E+02,    2.1999727564E+02,    0.0000000000E+00,    0.0000000000E+00,    0.0000000000E+00,    2.1999727564E+02
    160750,      0.676953,CP8_after_OBC,   1,    0.0000000000E+00,    2.1999727564E+02,    2.1999727564E+02,    0.0000000000E+00,    0.0000000000E+00,    0.0000000000E+00,    2.1999727564E+02
    160750,      0.676953,CP9_after_PTsource,   1,    0.0000000000E+00,    2.1999727564E+02,    2.1999727564E+02,    0.0000000000E+00,    0.0000000000E+00,    0.0000000000E+00,    2.1999727564E+02
    160750,      0.676953,CP10_after_neg_clamp,   1,    0.0000000000E+00,    2.1999727564E+02,    2.1999727564E+02,    0.0000000000E+00,    0.0000000000E+00,    0.0000000000E+00,    2.1999727564E+02
    160750,      0.676953,CP11_after_MPI,   1,    0.0000000000E+00,    2.1999727564E+02,    2.1999727564E+02,    0.0000000000E+00,    0.0000000000E+00,    0.0000000000E+00,    2.1999727564E+02
    160750,      0.676953,CP12_end,   1,    0.0000000000E+00,    2.1999727564E+02,    2.1999727564E+02,    0.0000000000E+00,    0.0000000000E+00,    0.0000000000E+00,    2.1999727564E+02
    160800,      0.676953,CP0_start,   1,    0.0000000000E+00,    2.2010395071E+02,    2.2010395071E+02,    0.0000000000E+00,    0.0000000000E+00,    0.0000000000E+00,    2.2010395071E+02
    160800,      0.676953,CP1_after_deposition,   1,    0.0000000000E+00,    2.2010395071E+02,    2.2010395071E+02,    0.0000000000E+00,    0.0000000000E+00,    0.0000000000E+00,    2.2010395071E+02
    160800,      0.676953,CP2_after_erosion,   1,    0.0000000000E+00,    2.2010395071E+02,    2.2010395071E+02,    0.0000000000E+00,    0.0000000000E+00,    0.0000000000E+00,    2.2010395071E+02
    160800,      0.676953,CP3_after_update_bottom,   1,    0.0000000000E+00,    2.2010395071E+02,    2.2010395071E+02,    0.0000000000E+00,    0.0000000000E+00,    0.0000000000E+00,    2.2010395071E+02
    160800,      0.676953,CP4_after_advection,   1,    0.0000000000E+00,    2.2010063592E+02,    2.2010063592E+02,    0.0000000000E+00,    0.0000000000E+00,    0.0000000000E+00,    2.2010063592E+02
    160800,      0.676953,CP5_after_vdif,   1,    0.0000000000E+00,    2.2010063592E+02,    2.2010063592E+02,    0.0000000000E+00,    0.0000000000E+00,    0.0000000000E+00,    2.2010063592E+02
    160800,      0.676953,CP6_after_kinetics,   1,    0.0000000000E+00,    2.2010063592E+02,    2.2010063592E+02,    0.0000000000E+00,    0.0000000000E+00,    0.0000000000E+00,    2.2010063592E+02
    160800,      0.676953,CP7_after_upper_clamp,   1,    0.0000000000E+00,    2.2010063592E+02,    2.2010063592E+02,    0.0000000000E+00,    0.0000000000E+00,    0.0000000000E+00,    2.2010063592E+02
    160800,      0.676953,CP8_after_OBC,   1,    0.0000000000E+00,    2.2010063592E+02,    2.2010063592E+02,    0.0000000000E+00,    0.0000000000E+00,    0.0000000000E+00,    2.2010063592E+02
    160800,      0.676953,CP9_after_PTsource,   1,    0.0000000000E+00,    2.2010063592E+02,    2.2010063592E+02,    0.0000000000E+00,    0.0000000000E+00,    0.0000000000E+00,    2.2010063592E+02
    160800,      0.676953,CP10_after_neg_clamp,   1,    0.0000000000E+00,    2.2010063592E+02,    2.2010063592E+02,    0.0000000000E+00,    0.0000000000E+00,    0.0000000000E+00,    2.2010063592E+02
    160800,      0.676953,CP11_after_MPI,   1,    0.0000000000E+00,    2.2010063592E+02,    2.2010063592E+02,    0.0000000000E+00,    0.0000000000E+00,    0.0000000000E+00,    2.2010063592E+02
    160800,      0.676953,CP12_end,   1,    0.0000000000E+00,    2.2010063592E+02,    2.2010063592E+02,    0.0000000000E+00,    0.0000000000E+00,    0.0000000000E+00,    2.2010063592E+02
    160850,      0.676953,CP0_start,   1,    0.0000000000E+00,    2.2020822385E+02,    2.2020822385E+02,    0.0000000000E+00,    0.0000000000E+00,    0.0000000000E+00,    2.2020822385E+02
    160850,      0.676953,CP1_after_deposition,   1,    0.0000000000E+00,    2.2020822385E+02,    2.2020822385E+02,    0.0000000000E+00,    0.0000000000E+00,    0.0000000000E+00,    2.2020822385E+02
    160850,      0.676953,CP2_after_erosion,   1,    0.0000000000E+00,    2.2020822385E+02,    2.2020822385E+02,    0.0000000000E+00,    0.0000000000E+00,    0.0000000000E+00,    2.2020822385E+02
    160850,      0.676953,CP3_after_update_bottom,   1,    0.0000000000E+00,    2.2020822385E+02,    2.2020822385E+02,    0.0000000000E+00,    0.0000000000E+00,    0.0000000000E+00,    2.2020822385E+02
    160850,      0.676953,CP4_after_advection,   1,    0.0000000000E+00,    2.2020501135E+02,    2.2020501135E+02,    0.0000000000E+00,    0.0000000000E+00,    0.0000000000E+00,    2.2020501135E+02
    160850,      0.676953,CP5_after_vdif,   1,    0.0000000000E+00,    2.2020501135E+02,    2.2020501135E+02,    0.0000000000E+00,    0.0000000000E+00,    0.0000000000E+00,    2.2020501135E+02
    160850,      0.676953,CP6_after_kinetics,   1,    0.0000000000E+00,    2.2020501135E+02,    2.2020501135E+02,    0.0000000000E+00,    0.0000000000E+00,    0.0000000000E+00,    2.2020501135E+02
    160850,      0.676953,CP7_after_upper_clamp,   1,    0.0000000000E+00,    2.2020501135E+02,    2.2020501135E+02,    0.0000000000E+00,    0.0000000000E+00,    0.0000000000E+00,    2.2020501135E+02
    160850,      0.676953,CP8_after_OBC,   1,    0.0000000000E+00,    2.2020501135E+02,    2.2020501135E+02,    0.0000000000E+00,    0.0000000000E+00,    0.0000000000E+00,    2.2020501135E+02
    160850,      0.676953,CP9_after_PTsource,   1,    0.0000000000E+00,    2.2020501135E+02,    2.2020501135E+02,    0.0000000000E+00,    0.0000000000E+00,    0.0000000000E+00,    2.2020501135E+02
    160850,      0.676953,CP10_after_neg_clamp,   1,    0.0000000000E+00,    2.2020501135E+02,    2.2020501135E+02,    0.0000000000E+00,    0.0000000000E+00,    0.0000000000E+00,    2.2020501135E+02
    160850,      0.676953,CP11_after_MPI,   1,    0.0000000000E+00,    2.2020501135E+02,    2.2020501135E+02,    0.0000000000E+00,    0.0000000000E+00,    0.0000000000E+00,    2.2020501135E+02
    160850,      0.676953,CP12_end,   1,    0.0000000000E+00,    2.2020501135E+02,    2.2020501135E+02,    0.0000000000E+00,    0.0000000000E+00,    0.0000000000E+00,    2.2020501135E+02
    160900,      0.676953,CP0_start,   1,    0.0000000000E+00,    2.2031362203E+02,    2.2031362203E+02,    0.0000000000E+00,    0.0000000000E+00,    0.0000000000E+00,    2.2031362203E+02
    160900,      0.676953,CP1_after_deposition,   1,    0.0000000000E+00,    2.2031362203E+02,    2.2031362203E+02,    0.0000000000E+00,    0.0000000000E+00,    0.0000000000E+00,    2.2031362203E+02
    160900,      0.676953,CP2_after_erosion,   1,    0.0000000000E+00,    2.2031362203E+02,    2.2031362203E+02,    0.0000000000E+00,    0.0000000000E+00,    0.0000000000E+00,    2.2031362203E+02
    160900,      0.676953,CP3_after_update_bottom,   1,    0.0000000000E+00,    2.2031362203E+02,    2.2031362203E+02,    0.0000000000E+00,    0.0000000000E+00,    0.0000000000E+00,    2.2031362203E+02
    160900,      0.676953,CP4_after_advection,   1,    0.0000000000E+00,    2.2031051269E+02,    2.2031051269E+02,    0.0000000000E+00,    0.0000000000E+00,    0.0000000000E+00,    2.2031051269E+02
    160900,      0.676953,CP5_after_vdif,   1,    0.0000000000E+00,    2.2031051269E+02,    2.2031051269E+02,    0.0000000000E+00,    0.0000000000E+00,    0.0000000000E+00,    2.2031051269E+02
    160900,      0.676953,CP6_after_kinetics,   1,    0.0000000000E+00,    2.2031051269E+02,    2.2031051269E+02,    0.0000000000E+00,    0.0000000000E+00,    0.0000000000E+00,    2.2031051269E+02
    160900,      0.676953,CP7_after_upper_clamp,   1,    0.0000000000E+00,    2.2031051269E+02,    2.2031051269E+02,    0.0000000000E+00,    0.0000000000E+00,    0.0000000000E+00,    2.2031051269E+02
    160900,      0.676953,CP8_after_OBC,   1,    0.0000000000E+00,    2.2031051269E+02,    2.2031051269E+02,    0.0000000000E+00,    0.0000000000E+00,    0.0000000000E+00,    2.2031051269E+02
    160900,      0.676953,CP9_after_PTsource,   1,    0.0000000000E+00,    2.2031051269E+02,    2.2031051269E+02,    0.0000000000E+00,    0.0000000000E+00,    0.0000000000E+00,    2.2031051269E+02
    160900,      0.676953,CP10_after_neg_clamp,   1,    0.0000000000E+00,    2.2031051269E+02,    2.2031051269E+02,    0.0000000000E+00,    0.0000000000E+00,    0.0000000000E+00,    2.2031051269E+02
    160900,      0.676953,CP11_after_MPI,   1,    0.0000000000E+00,    2.2031051269E+02,    2.2031051269E+02,    0.0000000000E+00,    0.0000000000E+00,    0.0000000000E+00,    2.2031051269E+02
    160900,      0.676953,CP12_end,   1,    0.0000000000E+00,    2.2031051269E+02,    2.2031051269E+02,    0.0000000000E+00,    0.0000000000E+00,    0.0000000000E+00,    2.2031051269E+02
    160950,      0.676953,CP0_start,   1,    0.0000000000E+00,    2.2042023893E+02,    2.2042023893E+02,    0.0000000000E+00,    0.0000000000E+00,    0.0000000000E+00,    2.2042023893E+02
    160950,      0.676953,CP1_after_deposition,   1,    0.0000000000E+00,    2.2042023893E+02,    2.2042023893E+02,    0.0000000000E+00,    0.0000000000E+00,    0.0000000000E+00,    2.2042023893E+02
    160950,      0.676953,CP2_after_erosion,   1,    0.0000000000E+00,    2.2042023893E+02,    2.2042023893E+02,    0.0000000000E+00,    0.0000000000E+00,    0.0000000000E+00,    2.2042023893E+02
    160950,      0.676953,CP3_after_update_bottom,   1,    0.0000000000E+00,    2.2042023893E+02,    2.2042023893E+02,    0.0000000000E+00,    0.0000000000E+00,    0.0000000000E+00,    2.2042023893E+02
    160950,      0.676953,CP4_after_advection,   1,    0.0000000000E+00,    2.2041723808E+02,    2.2041723808E+02,    0.0000000000E+00,    0.0000000000E+00,    0.0000000000E+00,    2.2041723808E+02
    160950,      0.676953,CP5_after_vdif,   1,    0.0000000000E+00,    2.2041723808E+02,    2.2041723808E+02,    0.0000000000E+00,    0.0000000000E+00,    0.0000000000E+00,    2.2041723808E+02
    160950,      0.676953,CP6_after_kinetics,   1,    0.0000000000E+00,    2.2041723808E+02,    2.2041723808E+02,    0.0000000000E+00,    0.0000000000E+00,    0.0000000000E+00,    2.2041723808E+02
    160950,      0.676953,CP7_after_upper_clamp,   1,    0.0000000000E+00,    2.2041723808E+02,    2.2041723808E+02,    0.0000000000E+00,    0.0000000000E+00,    0.0000000000E+00,    2.2041723808E+02
    160950,      0.676953,CP8_after_OBC,   1,    0.0000000000E+00,    2.2041723808E+02,    2.2041723808E+02,    0.0000000000E+00,    0.0000000000E+00,    0.0000000000E+00,    2.2041723808E+02
    160950,      0.676953,CP9_after_PTsource,   1,    0.0000000000E+00,    2.2041723808E+02,    2.2041723808E+02,    0.0000000000E+00,    0.0000000000E+00,    0.0000000000E+00,    2.2041723808E+02
    160950,      0.676953,CP10_after_neg_clamp,   1,    0.0000000000E+00,    2.2041723808E+02,    2.2041723808E+02,    0.0000000000E+00,    0.0000000000E+00,    0.0000000000E+00,    2.2041723808E+02
    160950,      0.676953,CP11_after_MPI,   1,    0.0000000000E+00,    2.2041723808E+02,    2.2041723808E+02,    0.0000000000E+00,    0.0000000000E+00,    0.0000000000E+00,    2.2041723808E+02
    160950,      0.676953,CP12_end,   1,    0.0000000000E+00,    2.2041723808E+02,    2.2041723808E+02,    0.0000000000E+00,    0.0000000000E+00,    0.0000000000E+00,    2.2041723808E+02
    161000,      0.676953,CP0_start,   1,    0.0000000000E+00,    2.2052787660E+02,    2.2052787660E+02,    0.0000000000E+00,    0.0000000000E+00,    0.0000000000E+00,    2.2052787660E+02
    161000,      0.676953,CP1_after_deposition,   1,    0.0000000000E+00,    2.2052787660E+02,    2.2052787660E+02,    0.0000000000E+00,    0.0000000000E+00,    0.0000000000E+00,    2.2052787660E+02
    161000,      0.676953,CP2_after_erosion,   1,    0.0000000000E+00,    2.2052787660E+02,    2.2052787660E+02,    0.0000000000E+00,    0.0000000000E+00,    0.0000000000E+00,    2.2052787660E+02
    161000,      0.676953,CP3_after_update_bottom,   1,    0.0000000000E+00,    2.2052787660E+02,    2.2052787660E+02,    0.0000000000E+00,    0.0000000000E+00,    0.0000000000E+00,    2.2052787660E+02
    161000,      0.676953,CP4_after_advection,   1,    0.0000000000E+00,    2.2052498650E+02,    2.2052498650E+02,    0.0000000000E+00,    0.0000000000E+00,    0.0000000000E+00,    2.2052498650E+02
    161000,      0.676953,CP5_after_vdif,   1,    0.0000000000E+00,    2.2052498650E+02,    2.2052498650E+02,    0.0000000000E+00,    0.0000000000E+00,    0.0000000000E+00,    2.2052498650E+02
    161000,      0.676953,CP6_after_kinetics,   1,    0.0000000000E+00,    2.2052498650E+02,    2.2052498650E+02,    0.0000000000E+00,    0.0000000000E+00,    0.0000000000E+00,    2.2052498650E+02
    161000,      0.676953,CP7_after_upper_clamp,   1,    0.0000000000E+00,    2.2052498650E+02,    2.2052498650E+02,    0.0000000000E+00,    0.0000000000E+00,    0.0000000000E+00,    2.2052498650E+02
    161000,      0.676953,CP8_after_OBC,   1,    0.0000000000E+00,    2.2052498650E+02,    2.2052498650E+02,    0.0000000000E+00,    0.0000000000E+00,    0.0000000000E+00,    2.2052498650E+02
    161000,      0.676953,CP9_after_PTsource,   1,    0.0000000000E+00,    2.2052498650E+02,    2.2052498650E+02,    0.0000000000E+00,    0.0000000000E+00,    0.0000000000E+00,    2.2052498650E+02
    161000,      0.676953,CP10_after_neg_clamp,   1,    0.0000000000E+00,    2.2052498650E+02,    2.2052498650E+02,    0.0000000000E+00,    0.0000000000E+00,    0.0000000000E+00,    2.2052498650E+02
    161000,      0.676953,CP11_after_MPI,   1,    0.0000000000E+00,    2.2052498650E+02,    2.2052498650E+02,    0.0000000000E+00,    0.0000000000E+00,    0.0000000000E+00,    2.2052498650E+02
    161000,      0.676953,CP12_end,   1,    0.0000000000E+00,    2.2052498650E+02,    2.2052498650E+02,    0.0000000000E+00,    0.0000000000E+00,    0.0000000000E+00,    2.2052498650E+02
    161050,      0.676953,CP0_start,   1,    0.0000000000E+00,    2.2063639924E+02,    2.2063639924E+02,    0.0000000000E+00,    0.0000000000E+00,    0.0000000000E+00,    2.2063639924E+02
    161050,      0.676953,CP1_after_deposition,   1,    0.0000000000E+00,    2.2063639924E+02,    2.2063639924E+02,    0.0000000000E+00,    0.0000000000E+00,    0.0000000000E+00,    2.2063639924E+02
    161050,      0.676953,CP2_after_erosion,   1,    0.0000000000E+00,    2.2063639924E+02,    2.2063639924E+02,    0.0000000000E+00,    0.0000000000E+00,    0.0000000000E+00,    2.2063639924E+02
    161050,      0.676953,CP3_after_update_bottom,   1,    0.0000000000E+00,    2.2063639924E+02,    2.2063639924E+02,    0.0000000000E+00,    0.0000000000E+00,    0.0000000000E+00,    2.2063639924E+02
    161050,      0.676953,CP4_after_advection,   1,    0.0000000000E+00,    2.2063361958E+02,    2.2063361958E+02,    0.0000000000E+00,    0.0000000000E+00,    0.0000000000E+00,    2.2063361958E+02
    161050,      0.676953,CP5_after_vdif,   1,    0.0000000000E+00,    2.2063361958E+02,    2.2063361958E+02,    0.0000000000E+00,    0.0000000000E+00,    0.0000000000E+00,    2.2063361958E+02
    161050,      0.676953,CP6_after_kinetics,   1,    0.0000000000E+00,    2.2063361958E+02,    2.2063361958E+02,    0.0000000000E+00,    0.0000000000E+00,    0.0000000000E+00,    2.2063361958E+02
    161050,      0.676953,CP7_after_upper_clamp,   1,    0.0000000000E+00,    2.2063361958E+02,    2.2063361958E+02,    0.0000000000E+00,    0.0000000000E+00,    0.0000000000E+00,    2.2063361958E+02
    161050,      0.676953,CP8_after_OBC,   1,    0.0000000000E+00,    2.2063361958E+02,    2.2063361958E+02,    0.0000000000E+00,    0.0000000000E+00,    0.0000000000E+00,    2.2063361958E+02
    161050,      0.676953,CP9_after_PTsource,   1,    0.0000000000E+00,    2.2063361958E+02,    2.2063361958E+02,    0.0000000000E+00,    0.0000000000E+00,    0.0000000000E+00,    2.2063361958E+02
    161050,      0.676953,CP10_after_neg_clamp,   1,    0.0000000000E+00,    2.2063361958E+02,    2.2063361958E+02,    0.0000000000E+00,    0.0000000000E+00,    0.0000000000E+00,    2.2063361958E+02
    161050,      0.676953,CP11_after_MPI,   1,    0.0000000000E+00,    2.2063361958E+02,    2.2063361958E+02,    0.0000000000E+00,    0.0000000000E+00,    0.0000000000E+00,    2.2063361958E+02
    161050,      0.676953,CP12_end,   1,    0.0000000000E+00,    2.2063361958E+02,    2.2063361958E+02,    0.0000000000E+00,    0.0000000000E+00,    0.0000000000E+00,    2.2063361958E+02
    161100,      0.676953,CP0_start,   1,    0.0000000000E+00,    2.2074549244E+02,    2.2074549244E+02,    0.0000000000E+00,    0.0000000000E+00,    0.0000000000E+00,    2.2074549244E+02
    161100,      0.676953,CP1_after_deposition,   1,    0.0000000000E+00,    2.2074549244E+02,    2.2074549244E+02,    0.0000000000E+00,    0.0000000000E+00,    0.0000000000E+00,    2.2074549244E+02
    161100,      0.676953,CP2_after_erosion,   1,    0.0000000000E+00,    2.2074549244E+02,    2.2074549244E+02,    0.0000000000E+00,    0.0000000000E+00,    0.0000000000E+00,    2.2074549244E+02
    161100,      0.676953,CP3_after_update_bottom,   1,    0.0000000000E+00,    2.2074549244E+02,    2.2074549244E+02,    0.0000000000E+00,    0.0000000000E+00,    0.0000000000E+00,    2.2074549244E+02
    161100,      0.676953,CP4_after_advection,   1,    0.0000000000E+00,    2.2074282508E+02,    2.2074282508E+02,    0.0000000000E+00,    0.0000000000E+00,    0.0000000000E+00,    2.2074282508E+02
    161100,      0.676953,CP5_after_vdif,   1,    0.0000000000E+00,    2.2074282508E+02,    2.2074282508E+02,    0.0000000000E+00,    0.0000000000E+00,    0.0000000000E+00,    2.2074282508E+02
    161100,      0.676953,CP6_after_kinetics,   1,    0.0000000000E+00,    2.2074282508E+02,    2.2074282508E+02,    0.0000000000E+00,    0.0000000000E+00,    0.0000000000E+00,    2.2074282508E+02
    161100,      0.676953,CP7_after_upper_clamp,   1,    0.0000000000E+00,    2.2074282508E+02,    2.2074282508E+02,    0.0000000000E+00,    0.0000000000E+00,    0.0000000000E+00,    2.2074282508E+02
    161100,      0.676953,CP8_after_OBC,   1,    0.0000000000E+00,    2.2074282508E+02,    2.2074282508E+02,    0.0000000000E+00,    0.0000000000E+00,    0.0000000000E+00,    2.2074282508E+02
    161100,      0.676953,CP9_after_PTsource,   1,    0.0000000000E+00,    2.2074282508E+02,    2.2074282508E+02,    0.0000000000E+00,    0.0000000000E+00,    0.0000000000E+00,    2.2074282508E+02
    161100,      0.676953,CP10_after_neg_clamp,   1,    0.0000000000E+00,    2.2074282508E+02,    2.2074282508E+02,    0.0000000000E+00,    0.0000000000E+00,    0.0000000000E+00,    2.2074282508E+02
    161100,      0.676953,CP11_after_MPI,   1,    0.0000000000E+00,    2.2074282508E+02,    2.2074282508E+02,    0.0000000000E+00,    0.0000000000E+00,    0.0000000000E+00,    2.2074282508E+02
    161100,      0.676953,CP12_end,   1,    0.0000000000E+00,    2.2074282508E+02,    2.2074282508E+02,    0.0000000000E+00,    0.0000000000E+00,    0.0000000000E+00,    2.2074282508E+02
    161150,      0.676953,CP0_start,   1,    0.0000000000E+00,    2.2085815455E+02,    2.2085815455E+02,    0.0000000000E+00,    0.0000000000E+00,    0.0000000000E+00,    2.2085815455E+02
    161150,      0.676953,CP1_after_deposition,   1,    0.0000000000E+00,    2.2085815455E+02,    2.2085815455E+02,    0.0000000000E+00,    0.0000000000E+00,    0.0000000000E+00,    2.2085815455E+02
    161150,      0.676953,CP2_after_erosion,   1,    0.0000000000E+00,    2.2085815455E+02,    2.2085815455E+02,    0.0000000000E+00,    0.0000000000E+00,    0.0000000000E+00,    2.2085815455E+02
    161150,      0.676953,CP3_after_update_bottom,   1,    0.0000000000E+00,    2.2085815455E+02,    2.2085815455E+02,    0.0000000000E+00,    0.0000000000E+00,    0.0000000000E+00,    2.2085815455E+02
    161150,      0.676953,CP4_after_advection,   1,    0.0000000000E+00,    2.2085559609E+02,    2.2085559609E+02,    0.0000000000E+00,    0.0000000000E+00,    0.0000000000E+00,    2.2085559609E+02
    161150,      0.676953,CP5_after_vdif,   1,    0.0000000000E+00,    2.2085559609E+02,    2.2085559609E+02,    0.0000000000E+00,    0.0000000000E+00,    0.0000000000E+00,    2.2085559609E+02
    161150,      0.676953,CP6_after_kinetics,   1,    0.0000000000E+00,    2.2085559609E+02,    2.2085559609E+02,    0.0000000000E+00,    0.0000000000E+00,    0.0000000000E+00,    2.2085559609E+02
    161150,      0.676953,CP7_after_upper_clamp,   1,    0.0000000000E+00,    2.2085559609E+02,    2.2085559609E+02,    0.0000000000E+00,    0.0000000000E+00,    0.0000000000E+00,    2.2085559609E+02
    161150,      0.676953,CP8_after_OBC,   1,    0.0000000000E+00,    2.2085559609E+02,    2.2085559609E+02,    0.0000000000E+00,    0.0000000000E+00,    0.0000000000E+00,    2.2085559609E+02
    161150,      0.676953,CP9_after_PTsource,   1,    0.0000000000E+00,    2.2085559609E+02,    2.2085559609E+02,    0.0000000000E+00,    0.0000000000E+00,    0.0000000000E+00,    2.2085559609E+02
    161150,      0.676953,CP10_after_neg_clamp,   1,    0.0000000000E+00,    2.2085559609E+02,    2.2085559609E+02,    0.0000000000E+00,    0.0000000000E+00,    0.0000000000E+00,    2.2085559609E+02
    161150,      0.676953,CP11_after_MPI,   1,    0.0000000000E+00,    2.2085559609E+02,    2.2085559609E+02,    0.0000000000E+00,    0.0000000000E+00,    0.0000000000E+00,    2.2085559609E+02
    161150,      0.676953,CP12_end,   1,    0.0000000000E+00,    2.2085559609E+02,    2.2085559609E+02,    0.0000000000E+00,    0.0000000000E+00,    0.0000000000E+00,    2.2085559609E+02
    161200,      0.676953,CP0_start,   1,    0.0000000000E+00,    2.2097085912E+02,    2.2097085912E+02,    0.0000000000E+00,    0.0000000000E+00,    0.0000000000E+00,    2.2097085912E+02
    161200,      0.676953,CP1_after_deposition,   1,    0.0000000000E+00,    2.2097085912E+02,    2.2097085912E+02,    0.0000000000E+00,    0.0000000000E+00,    0.0000000000E+00,    2.2097085912E+02
    161200,      0.676953,CP2_after_erosion,   1,    0.0000000000E+00,    2.2097085912E+02,    2.2097085912E+02,    0.0000000000E+00,    0.0000000000E+00,    0.0000000000E+00,    2.2097085912E+02
    161200,      0.676953,CP3_after_update_bottom,   1,    0.0000000000E+00,    2.2097085912E+02,    2.2097085912E+02,    0.0000000000E+00,    0.0000000000E+00,    0.0000000000E+00,    2.2097085912E+02
    161200,      0.676953,CP4_after_advection,   1,    0.0000000000E+00,    2.2096840419E+02,    2.2096840419E+02,    0.0000000000E+00,    0.0000000000E+00,    0.0000000000E+00,    2.2096840419E+02
    161200,      0.676953,CP5_after_vdif,   1,    0.0000000000E+00,    2.2096840419E+02,    2.2096840419E+02,    0.0000000000E+00,    0.0000000000E+00,    0.0000000000E+00,    2.2096840419E+02
    161200,      0.676953,CP6_after_kinetics,   1,    0.0000000000E+00,    2.2096840419E+02,    2.2096840419E+02,    0.0000000000E+00,    0.0000000000E+00,    0.0000000000E+00,    2.2096840419E+02
    161200,      0.676953,CP7_after_upper_clamp,   1,    0.0000000000E+00,    2.2096840419E+02,    2.2096840419E+02,    0.0000000000E+00,    0.0000000000E+00,    0.0000000000E+00,    2.2096840419E+02
    161200,      0.676953,CP8_after_OBC,   1,    0.0000000000E+00,    2.2096840419E+02,    2.2096840419E+02,    0.0000000000E+00,    0.0000000000E+00,    0.0000000000E+00,    2.2096840419E+02
    161200,      0.676953,CP9_after_PTsource,   1,    0.0000000000E+00,    2.2096840419E+02,    2.2096840419E+02,    0.0000000000E+00,    0.0000000000E+00,    0.0000000000E+00,    2.2096840419E+02
    161200,      0.676953,CP10_after_neg_clamp,   1,    0.0000000000E+00,    2.2096840419E+02,    2.2096840419E+02,    0.0000000000E+00,    0.0000000000E+00,    0.0000000000E+00,    2.2096840419E+02
    161200,      0.676953,CP11_after_MPI,   1,    0.0000000000E+00,    2.2096840419E+02,    2.2096840419E+02,    0.0000000000E+00,    0.0000000000E+00,    0.0000000000E+00,    2.2096840419E+02
    161200,      0.676953,CP12_end,   1,    0.0000000000E+00,    2.2096840419E+02,    2.2096840419E+02,    0.0000000000E+00,    0.0000000000E+00,    0.0000000000E+00,    2.2096840419E+02
    161250,      0.676953,CP0_start,   1,    0.0000000000E+00,    2.2108325585E+02,    2.2108325585E+02,    0.0000000000E+00,    0.0000000000E+00,    0.0000000000E+00,    2.2108325585E+02
    161250,      0.676953,CP1_after_deposition,   1,    0.0000000000E+00,    2.2108325585E+02,    2.2108325585E+02,    0.0000000000E+00,    0.0000000000E+00,    0.0000000000E+00,    2.2108325585E+02
    161250,      0.676953,CP2_after_erosion,   1,    0.0000000000E+00,    2.2108325585E+02,    2.2108325585E+02,    0.0000000000E+00,    0.0000000000E+00,    0.0000000000E+00,    2.2108325585E+02
    161250,      0.676953,CP3_after_update_bottom,   1,    0.0000000000E+00,    2.2108325585E+02,    2.2108325585E+02,    0.0000000000E+00,    0.0000000000E+00,    0.0000000000E+00,    2.2108325585E+02
    161250,      0.676953,CP4_after_advection,   1,    0.0000000000E+00,    2.2108090587E+02,    2.2108090587E+02,    0.0000000000E+00,    0.0000000000E+00,    0.0000000000E+00,    2.2108090587E+02
    161250,      0.676953,CP5_after_vdif,   1,    0.0000000000E+00,    2.2108090587E+02,    2.2108090587E+02,    0.0000000000E+00,    0.0000000000E+00,    0.0000000000E+00,    2.2108090587E+02
    161250,      0.676953,CP6_after_kinetics,   1,    0.0000000000E+00,    2.2108090587E+02,    2.2108090587E+02,    0.0000000000E+00,    0.0000000000E+00,    0.0000000000E+00,    2.2108090587E+02
    161250,      0.676953,CP7_after_upper_clamp,   1,    0.0000000000E+00,    2.2108090587E+02,    2.2108090587E+02,    0.0000000000E+00,    0.0000000000E+00,    0.0000000000E+00,    2.2108090587E+02
    161250,      0.676953,CP8_after_OBC,   1,    0.0000000000E+00,    2.2108090587E+02,    2.2108090587E+02,    0.0000000000E+00,    0.0000000000E+00,    0.0000000000E+00,    2.2108090587E+02
    161250,      0.676953,CP9_after_PTsource,   1,    0.0000000000E+00,    2.2108090587E+02,    2.2108090587E+02,    0.0000000000E+00,    0.0000000000E+00,    0.0000000000E+00,    2.2108090587E+02
    161250,      0.676953,CP10_after_neg_clamp,   1,    0.0000000000E+00,    2.2108090587E+02,    2.2108090587E+02,    0.0000000000E+00,    0.0000000000E+00,    0.0000000000E+00,    2.2108090587E+02
    161250,      0.676953,CP11_after_MPI,   1,    0.0000000000E+00,    2.2108090587E+02,    2.2108090587E+02,    0.0000000000E+00,    0.0000000000E+00,    0.0000000000E+00,    2.2108090587E+02
    161250,      0.676953,CP12_end,   1,    0.0000000000E+00,    2.2108090587E+02,    2.2108090587E+02,    0.0000000000E+00,    0.0000000000E+00,    0.0000000000E+00,    2.2108090587E+02
    161300,      0.676953,CP0_start,   1,    0.0000000000E+00,    2.2119448425E+02,    2.2119448425E+02,    0.0000000000E+00,    0.0000000000E+00,    0.0000000000E+00,    2.2119448425E+02
    161300,      0.676953,CP1_after_deposition,   1,    0.0000000000E+00,    2.2119448425E+02,    2.2119448425E+02,    0.0000000000E+00,    0.0000000000E+00,    0.0000000000E+00,    2.2119448425E+02
    161300,      0.676953,CP2_after_erosion,   1,    0.0000000000E+00,    2.2119448425E+02,    2.2119448425E+02,    0.0000000000E+00,    0.0000000000E+00,    0.0000000000E+00,    2.2119448425E+02
    161300,      0.676953,CP3_after_update_bottom,   1,    0.0000000000E+00,    2.2119448425E+02,    2.2119448425E+02,    0.0000000000E+00,    0.0000000000E+00,    0.0000000000E+00,    2.2119448425E+02
    161300,      0.676953,CP4_after_advection,   1,    0.0000000000E+00,    2.2119223446E+02,    2.2119223446E+02,    0.0000000000E+00,    0.0000000000E+00,    0.0000000000E+00,    2.2119223446E+02
    161300,      0.676953,CP5_after_vdif,   1,    0.0000000000E+00,    2.2119223446E+02,    2.2119223446E+02,    0.0000000000E+00,    0.0000000000E+00,    0.0000000000E+00,    2.2119223446E+02
    161300,      0.676953,CP6_after_kinetics,   1,    0.0000000000E+00,    2.2119223446E+02,    2.2119223446E+02,    0.0000000000E+00,    0.0000000000E+00,    0.0000000000E+00,    2.2119223446E+02
    161300,      0.676953,CP7_after_upper_clamp,   1,    0.0000000000E+00,    2.2119223446E+02,    2.2119223446E+02,    0.0000000000E+00,    0.0000000000E+00,    0.0000000000E+00,    2.2119223446E+02
    161300,      0.676953,CP8_after_OBC,   1,    0.0000000000E+00,    2.2119223446E+02,    2.2119223446E+02,    0.0000000000E+00,    0.0000000000E+00,    0.0000000000E+00,    2.2119223446E+02
    161300,      0.676953,CP9_after_PTsource,   1,    0.0000000000E+00,    2.2119223446E+02,    2.2119223446E+02,    0.0000000000E+00,    0.0000000000E+00,    0.0000000000E+00,    2.2119223446E+02
    161300,      0.676953,CP10_after_neg_clamp,   1,    0.0000000000E+00,    2.2119223446E+02,    2.2119223446E+02,    0.0000000000E+00,    0.0000000000E+00,    0.0000000000E+00,    2.2119223446E+02
    161300,      0.676953,CP11_after_MPI,   1,    0.0000000000E+00,    2.2119223446E+02,    2.2119223446E+02,    0.0000000000E+00,    0.0000000000E+00,    0.0000000000E+00,    2.2119223446E+02
    161300,      0.676953,CP12_end,   1,    0.0000000000E+00,    2.2119223446E+02,    2.2119223446E+02,    0.0000000000E+00,    0.0000000000E+00,    0.0000000000E+00,    2.2119223446E+02
    161350,      0.676953,CP0_start,   1,    0.0000000000E+00,    2.2130448484E+02,    2.2130448484E+02,    0.0000000000E+00,    0.0000000000E+00,    0.0000000000E+00,    2.2130448484E+02
    161350,      0.676953,CP1_after_deposition,   1,    0.0000000000E+00,    2.2130448484E+02,    2.2130448484E+02,    0.0000000000E+00,    0.0000000000E+00,    0.0000000000E+00,    2.2130448484E+02
    161350,      0.676953,CP2_after_erosion,   1,    0.0000000000E+00,    2.2130448484E+02,    2.2130448484E+02,    0.0000000000E+00,    0.0000000000E+00,    0.0000000000E+00,    2.2130448484E+02
    161350,      0.676953,CP3_after_update_bottom,   1,    0.0000000000E+00,    2.2130448484E+02,    2.2130448484E+02,    0.0000000000E+00,    0.0000000000E+00,    0.0000000000E+00,    2.2130448484E+02
    161350,      0.676953,CP4_after_advection,   1,    0.0000000000E+00,    2.2130233221E+02,    2.2130233221E+02,    0.0000000000E+00,    0.0000000000E+00,    0.0000000000E+00,    2.2130233221E+02
    161350,      0.676953,CP5_after_vdif,   1,    0.0000000000E+00,    2.2130233221E+02,    2.2130233221E+02,    0.0000000000E+00,    0.0000000000E+00,    0.0000000000E+00,    2.2130233221E+02
    161350,      0.676953,CP6_after_kinetics,   1,    0.0000000000E+00,    2.2130233221E+02,    2.2130233221E+02,    0.0000000000E+00,    0.0000000000E+00,    0.0000000000E+00,    2.2130233221E+02
    161350,      0.676953,CP7_after_upper_clamp,   1,    0.0000000000E+00,    2.2130233221E+02,    2.2130233221E+02,    0.0000000000E+00,    0.0000000000E+00,    0.0000000000E+00,    2.2130233221E+02
    161350,      0.676953,CP8_after_OBC,   1,    0.0000000000E+00,    2.2130233221E+02,    2.2130233221E+02,    0.0000000000E+00,    0.0000000000E+00,    0.0000000000E+00,    2.2130233221E+02
    161350,      0.676953,CP9_after_PTsource,   1,    0.0000000000E+00,    2.2130233221E+02,    2.2130233221E+02,    0.0000000000E+00,    0.0000000000E+00,    0.0000000000E+00,    2.2130233221E+02
    161350,      0.676953,CP10_after_neg_clamp,   1,    0.0000000000E+00,    2.2130233221E+02,    2.2130233221E+02,    0.0000000000E+00,    0.0000000000E+00,    0.0000000000E+00,    2.2130233221E+02
    161350,      0.676953,CP11_after_MPI,   1,    0.0000000000E+00,    2.2130233221E+02,    2.2130233221E+02,    0.0000000000E+00,    0.0000000000E+00,    0.0000000000E+00,    2.2130233221E+02
    161350,      0.676953,CP12_end,   1,    0.0000000000E+00,    2.2130233221E+02,    2.2130233221E+02,    0.0000000000E+00,    0.0000000000E+00,    0.0000000000E+00,    2.2130233221E+02
    161400,      0.676953,CP0_start,   1,    0.0000000000E+00,    2.2141305397E+02,    2.2141305397E+02,    0.0000000000E+00,    0.0000000000E+00,    0.0000000000E+00,    2.2141305397E+02
    161400,      0.676953,CP1_after_deposition,   1,    0.0000000000E+00,    2.2141305397E+02,    2.2141305397E+02,    0.0000000000E+00,    0.0000000000E+00,    0.0000000000E+00,    2.2141305397E+02
    161400,      0.676953,CP2_after_erosion,   1,    0.0000000000E+00,    2.2141305397E+02,    2.2141305397E+02,    0.0000000000E+00,    0.0000000000E+00,    0.0000000000E+00,    2.2141305397E+02
    161400,      0.676953,CP3_after_update_bottom,   1,    0.0000000000E+00,    2.2141305397E+02,    2.2141305397E+02,    0.0000000000E+00,    0.0000000000E+00,    0.0000000000E+00,    2.2141305397E+02
    161400,      0.676953,CP4_after_advection,   1,    0.0000000000E+00,    2.2141099920E+02,    2.2141099920E+02,    0.0000000000E+00,    0.0000000000E+00,    0.0000000000E+00,    2.2141099920E+02
    161400,      0.676953,CP5_after_vdif,   1,    0.0000000000E+00,    2.2141099920E+02,    2.2141099920E+02,    0.0000000000E+00,    0.0000000000E+00,    0.0000000000E+00,    2.2141099920E+02
    161400,      0.676953,CP6_after_kinetics,   1,    0.0000000000E+00,    2.2141099920E+02,    2.2141099920E+02,    0.0000000000E+00,    0.0000000000E+00,    0.0000000000E+00,    2.2141099920E+02
    161400,      0.676953,CP7_after_upper_clamp,   1,    0.0000000000E+00,    2.2141099920E+02,    2.2141099920E+02,    0.0000000000E+00,    0.0000000000E+00,    0.0000000000E+00,    2.2141099920E+02
    161400,      0.676953,CP8_after_OBC,   1,    0.0000000000E+00,    2.2141099920E+02,    2.2141099920E+02,    0.0000000000E+00,    0.0000000000E+00,    0.0000000000E+00,    2.2141099920E+02
    161400,      0.676953,CP9_after_PTsource,   1,    0.0000000000E+00,    2.2141099920E+02,    2.2141099920E+02,    0.0000000000E+00,    0.0000000000E+00,    0.0000000000E+00,    2.2141099920E+02
    161400,      0.676953,CP10_after_neg_clamp,   1,    0.0000000000E+00,    2.2141099920E+02,    2.2141099920E+02,    0.0000000000E+00,    0.0000000000E+00,    0.0000000000E+00,    2.2141099920E+02
    161400,      0.676953,CP11_after_MPI,   1,    0.0000000000E+00,    2.2141099920E+02,    2.2141099920E+02,    0.0000000000E+00,    0.0000000000E+00,    0.0000000000E+00,    2.2141099920E+02
    161400,      0.676953,CP12_end,   1,    0.0000000000E+00,    2.2141099920E+02,    2.2141099920E+02,    0.0000000000E+00,    0.0000000000E+00,    0.0000000000E+00,    2.2141099920E+02
    161450,      0.676953,CP0_start,   1,    0.0000000000E+00,    2.2152038798E+02,    2.2152038798E+02,    0.0000000000E+00,    0.0000000000E+00,    0.0000000000E+00,    2.2152038798E+02
    161450,      0.676953,CP1_after_deposition,   1,    0.0000000000E+00,    2.2152038798E+02,    2.2152038798E+02,    0.0000000000E+00,    0.0000000000E+00,    0.0000000000E+00,    2.2152038798E+02
    161450,      0.676953,CP2_after_erosion,   1,    0.0000000000E+00,    2.2152038798E+02,    2.2152038798E+02,    0.0000000000E+00,    0.0000000000E+00,    0.0000000000E+00,    2.2152038798E+02
    161450,      0.676953,CP3_after_update_bottom,   1,    0.0000000000E+00,    2.2152038798E+02,    2.2152038798E+02,    0.0000000000E+00,    0.0000000000E+00,    0.0000000000E+00,    2.2152038798E+02
    161450,      0.676953,CP4_after_advection,   1,    0.0000000000E+00,    2.2151846532E+02,    2.2151846532E+02,    0.0000000000E+00,    0.0000000000E+00,    0.0000000000E+00,    2.2151846532E+02
    161450,      0.676953,CP5_after_vdif,   1,    0.0000000000E+00,    2.2151846532E+02,    2.2151846532E+02,    0.0000000000E+00,    0.0000000000E+00,    0.0000000000E+00,    2.2151846532E+02
    161450,      0.676953,CP6_after_kinetics,   1,    0.0000000000E+00,    2.2151846532E+02,    2.2151846532E+02,    0.0000000000E+00,    0.0000000000E+00,    0.0000000000E+00,    2.2151846532E+02
    161450,      0.676953,CP7_after_upper_clamp,   1,    0.0000000000E+00,    2.2151846532E+02,    2.2151846532E+02,    0.0000000000E+00,    0.0000000000E+00,    0.0000000000E+00,    2.2151846532E+02
    161450,      0.676953,CP8_after_OBC,   1,    0.0000000000E+00,    2.2151846532E+02,    2.2151846532E+02,    0.0000000000E+00,    0.0000000000E+00,    0.0000000000E+00,    2.2151846532E+02
    161450,      0.676953,CP9_after_PTsource,   1,    0.0000000000E+00,    2.2151846532E+02,    2.2151846532E+02,    0.0000000000E+00,    0.0000000000E+00,    0.0000000000E+00,    2.2151846532E+02
    161450,      0.676953,CP10_after_neg_clamp,   1,    0.0000000000E+00,    2.2151846532E+02,    2.2151846532E+02,    0.0000000000E+00,    0.0000000000E+00,    0.0000000000E+00,    2.2151846532E+02
    161450,      0.676953,CP11_after_MPI,   1,    0.0000000000E+00,    2.2151846532E+02,    2.2151846532E+02,    0.0000000000E+00,    0.0000000000E+00,    0.0000000000E+00,    2.2151846532E+02
    161450,      0.676953,CP12_end,   1,    0.0000000000E+00,    2.2151846532E+02,    2.2151846532E+02,    0.0000000000E+00,    0.0000000000E+00,    0.0000000000E+00,    2.2151846532E+02
    161500,      0.676953,CP0_start,   1,    0.0000000000E+00,    2.2162670458E+02,    2.2162670458E+02,    0.0000000000E+00,    0.0000000000E+00,    0.0000000000E+00,    2.2162670458E+02
    161500,      0.676953,CP1_after_deposition,   1,    0.0000000000E+00,    2.2162670458E+02,    2.2162670458E+02,    0.0000000000E+00,    0.0000000000E+00,    0.0000000000E+00,    2.2162670458E+02
    161500,      0.676953,CP2_after_erosion,   1,    0.0000000000E+00,    2.2162670458E+02,    2.2162670458E+02,    0.0000000000E+00,    0.0000000000E+00,    0.0000000000E+00,    2.2162670458E+02
    161500,      0.676953,CP3_after_update_bottom,   1,    0.0000000000E+00,    2.2162670458E+02,    2.2162670458E+02,    0.0000000000E+00,    0.0000000000E+00,    0.0000000000E+00,    2.2162670458E+02
    161500,      0.676953,CP4_after_advection,   1,    0.0000000000E+00,    2.2162490212E+02,    2.2162490212E+02,    0.0000000000E+00,    0.0000000000E+00,    0.0000000000E+00,    2.2162490212E+02
    161500,      0.676953,CP5_after_vdif,   1,    0.0000000000E+00,    2.2162490212E+02,    2.2162490212E+02,    0.0000000000E+00,    0.0000000000E+00,    0.0000000000E+00,    2.2162490212E+02
    161500,      0.676953,CP6_after_kinetics,   1,    0.0000000000E+00,    2.2162490212E+02,    2.2162490212E+02,    0.0000000000E+00,    0.0000000000E+00,    0.0000000000E+00,    2.2162490212E+02
    161500,      0.676953,CP7_after_upper_clamp,   1,    0.0000000000E+00,    2.2162490212E+02,    2.2162490212E+02,    0.0000000000E+00,    0.0000000000E+00,    0.0000000000E+00,    2.2162490212E+02
    161500,      0.676953,CP8_after_OBC,   1,    0.0000000000E+00,    2.2162490212E+02,    2.2162490212E+02,    0.0000000000E+00,    0.0000000000E+00,    0.0000000000E+00,    2.2162490212E+02
    161500,      0.676953,CP9_after_PTsource,   1,    0.0000000000E+00,    2.2162490212E+02,    2.2162490212E+02,    0.0000000000E+00,    0.0000000000E+00,    0.0000000000E+00,    2.2162490212E+02
    161500,      0.676953,CP10_after_neg_clamp,   1,    0.0000000000E+00,    2.2162490212E+02,    2.2162490212E+02,    0.0000000000E+00,    0.0000000000E+00,    0.0000000000E+00,    2.2162490212E+02
    161500,      0.676953,CP11_after_MPI,   1,    0.0000000000E+00,    2.2162490212E+02,    2.2162490212E+02,    0.0000000000E+00,    0.0000000000E+00,    0.0000000000E+00,    2.2162490212E+02
    161500,      0.676953,CP12_end,   1,    0.0000000000E+00,    2.2162490212E+02,    2.2162490212E+02,    0.0000000000E+00,    0.0000000000E+00,    0.0000000000E+00,    2.2162490212E+02
    161550,      0.676953,CP0_start,   1,    0.0000000000E+00,    2.2173241637E+02,    2.2173241637E+02,    0.0000000000E+00,    0.0000000000E+00,    0.0000000000E+00,    2.2173241637E+02
    161550,      0.676953,CP1_after_deposition,   1,    0.0000000000E+00,    2.2173241637E+02,    2.2173241637E+02,    0.0000000000E+00,    0.0000000000E+00,    0.0000000000E+00,    2.2173241637E+02
    161550,      0.676953,CP2_after_erosion,   1,    0.0000000000E+00,    2.2173241637E+02,    2.2173241637E+02,    0.0000000000E+00,    0.0000000000E+00,    0.0000000000E+00,    2.2173241637E+02
    161550,      0.676953,CP3_after_update_bottom,   1,    0.0000000000E+00,    2.2173241637E+02,    2.2173241637E+02,    0.0000000000E+00,    0.0000000000E+00,    0.0000000000E+00,    2.2173241637E+02
    161550,      0.676953,CP4_after_advection,   1,    0.0000000000E+00,    2.2173074660E+02,    2.2173074660E+02,    0.0000000000E+00,    0.0000000000E+00,    0.0000000000E+00,    2.2173074660E+02
    161550,      0.676953,CP5_after_vdif,   1,    0.0000000000E+00,    2.2173074660E+02,    2.2173074660E+02,    0.0000000000E+00,    0.0000000000E+00,    0.0000000000E+00,    2.2173074660E+02
    161550,      0.676953,CP6_after_kinetics,   1,    0.0000000000E+00,    2.2173074660E+02,    2.2173074660E+02,    0.0000000000E+00,    0.0000000000E+00,    0.0000000000E+00,    2.2173074660E+02
    161550,      0.676953,CP7_after_upper_clamp,   1,    0.0000000000E+00,    2.2173074660E+02,    2.2173074660E+02,    0.0000000000E+00,    0.0000000000E+00,    0.0000000000E+00,    2.2173074660E+02
    161550,      0.676953,CP8_after_OBC,   1,    0.0000000000E+00,    2.2173074660E+02,    2.2173074660E+02,    0.0000000000E+00,    0.0000000000E+00,    0.0000000000E+00,    2.2173074660E+02
    161550,      0.676953,CP9_after_PTsource,   1,    0.0000000000E+00,    2.2173074660E+02,    2.2173074660E+02,    0.0000000000E+00,    0.0000000000E+00,    0.0000000000E+00,    2.2173074660E+02
    161550,      0.676953,CP10_after_neg_clamp,   1,    0.0000000000E+00,    2.2173074660E+02,    2.2173074660E+02,    0.0000000000E+00,    0.0000000000E+00,    0.0000000000E+00,    2.2173074660E+02
    161550,      0.676953,CP11_after_MPI,   1,    0.0000000000E+00,    2.2173074660E+02,    2.2173074660E+02,    0.0000000000E+00,    0.0000000000E+00,    0.0000000000E+00,    2.2173074660E+02
    161550,      0.676953,CP12_end,   1,    0.0000000000E+00,    2.2173074660E+02,    2.2173074660E+02,    0.0000000000E+00,    0.0000000000E+00,    0.0000000000E+00,    2.2173074660E+02
    161600,      0.676953,CP0_start,   1,    0.0000000000E+00,    2.2183802075E+02,    2.2183802075E+02,    0.0000000000E+00,    0.0000000000E+00,    0.0000000000E+00,    2.2183802075E+02
    161600,      0.676953,CP1_after_deposition,   1,    0.0000000000E+00,    2.2183802075E+02,    2.2183802075E+02,    0.0000000000E+00,    0.0000000000E+00,    0.0000000000E+00,    2.2183802075E+02
    161600,      0.676953,CP2_after_erosion,   1,    0.0000000000E+00,    2.2183802075E+02,    2.2183802075E+02,    0.0000000000E+00,    0.0000000000E+00,    0.0000000000E+00,    2.2183802075E+02
    161600,      0.676953,CP3_after_update_bottom,   1,    0.0000000000E+00,    2.2183802075E+02,    2.2183802075E+02,    0.0000000000E+00,    0.0000000000E+00,    0.0000000000E+00,    2.2183802075E+02
    161600,      0.676953,CP4_after_advection,   1,    0.0000000000E+00,    2.2183651250E+02,    2.2183651250E+02,    0.0000000000E+00,    0.0000000000E+00,    0.0000000000E+00,    2.2183651250E+02
    161600,      0.676953,CP5_after_vdif,   1,    0.0000000000E+00,    2.2183651250E+02,    2.2183651250E+02,    0.0000000000E+00,    0.0000000000E+00,    0.0000000000E+00,    2.2183651250E+02
    161600,      0.676953,CP6_after_kinetics,   1,    0.0000000000E+00,    2.2183651250E+02,    2.2183651250E+02,    0.0000000000E+00,    0.0000000000E+00,    0.0000000000E+00,    2.2183651250E+02
    161600,      0.676953,CP7_after_upper_clamp,   1,    0.0000000000E+00,    2.2183651250E+02,    2.2183651250E+02,    0.0000000000E+00,    0.0000000000E+00,    0.0000000000E+00,    2.2183651250E+02
    161600,      0.676953,CP8_after_OBC,   1,    0.0000000000E+00,    2.2183651250E+02,    2.2183651250E+02,    0.0000000000E+00,    0.0000000000E+00,    0.0000000000E+00,    2.2183651250E+02
    161600,      0.676953,CP9_after_PTsource,   1,    0.0000000000E+00,    2.2183651250E+02,    2.2183651250E+02,    0.0000000000E+00,    0.0000000000E+00,    0.0000000000E+00,    2.2183651250E+02
    161600,      0.676953,CP10_after_neg_clamp,   1,    0.0000000000E+00,    2.2183651250E+02,    2.2183651250E+02,    0.0000000000E+00,    0.0000000000E+00,    0.0000000000E+00,    2.2183651250E+02
    161600,      0.676953,CP11_after_MPI,   1,    0.0000000000E+00,    2.2183651250E+02,    2.2183651250E+02,    0.0000000000E+00,    0.0000000000E+00,    0.0000000000E+00,    2.2183651250E+02
    161600,      0.676953,CP12_end,   1,    0.0000000000E+00,    2.2183651250E+02,    2.2183651250E+02,    0.0000000000E+00,    0.0000000000E+00,    0.0000000000E+00,    2.2183651250E+02
    161650,      0.676953,CP0_start,   1,    0.0000000000E+00,    2.2194381695E+02,    2.2194381695E+02,    0.0000000000E+00,    0.0000000000E+00,    0.0000000000E+00,    2.2194381695E+02
    161650,      0.676953,CP1_after_deposition,   1,    0.0000000000E+00,    2.2194381695E+02,    2.2194381695E+02,    0.0000000000E+00,    0.0000000000E+00,    0.0000000000E+00,    2.2194381695E+02
    161650,      0.676953,CP2_after_erosion,   1,    0.0000000000E+00,    2.2194381695E+02,    2.2194381695E+02,    0.0000000000E+00,    0.0000000000E+00,    0.0000000000E+00,    2.2194381695E+02
    161650,      0.676953,CP3_after_update_bottom,   1,    0.0000000000E+00,    2.2194381695E+02,    2.2194381695E+02,    0.0000000000E+00,    0.0000000000E+00,    0.0000000000E+00,    2.2194381695E+02
    161650,      0.676953,CP4_after_advection,   1,    0.0000000000E+00,    2.2194244102E+02,    2.2194244102E+02,    0.0000000000E+00,    0.0000000000E+00,    0.0000000000E+00,    2.2194244102E+02
    161650,      0.676953,CP5_after_vdif,   1,    0.0000000000E+00,    2.2194244102E+02,    2.2194244102E+02,    0.0000000000E+00,    0.0000000000E+00,    0.0000000000E+00,    2.2194244102E+02
    161650,      0.676953,CP6_after_kinetics,   1,    0.0000000000E+00,    2.2194244102E+02,    2.2194244102E+02,    0.0000000000E+00,    0.0000000000E+00,    0.0000000000E+00,    2.2194244102E+02
    161650,      0.676953,CP7_after_upper_clamp,   1,    0.0000000000E+00,    2.2194244102E+02,    2.2194244102E+02,    0.0000000000E+00,    0.0000000000E+00,    0.0000000000E+00,    2.2194244102E+02
    161650,      0.676953,CP8_after_OBC,   1,    0.0000000000E+00,    2.2194244102E+02,    2.2194244102E+02,    0.0000000000E+00,    0.0000000000E+00,    0.0000000000E+00,    2.2194244102E+02
    161650,      0.676953,CP9_after_PTsource,   1,    0.0000000000E+00,    2.2194244102E+02,    2.2194244102E+02,    0.0000000000E+00,    0.0000000000E+00,    0.0000000000E+00,    2.2194244102E+02
    161650,      0.676953,CP10_after_neg_clamp,   1,    0.0000000000E+00,    2.2194244102E+02,    2.2194244102E+02,    0.0000000000E+00,    0.0000000000E+00,    0.0000000000E+00,    2.2194244102E+02
    161650,      0.676953,CP11_after_MPI,   1,    0.0000000000E+00,    2.2194244102E+02,    2.2194244102E+02,    0.0000000000E+00,    0.0000000000E+00,    0.0000000000E+00,    2.2194244102E+02
    161650,      0.676953,CP12_end,   1,    0.0000000000E+00,    2.2194244102E+02,    2.2194244102E+02,    0.0000000000E+00,    0.0000000000E+00,    0.0000000000E+00,    2.2194244102E+02
    161700,      0.676953,CP0_start,   1,    0.0000000000E+00,    2.2204977522E+02,    2.2204977522E+02,    0.0000000000E+00,    0.0000000000E+00,    0.0000000000E+00,    2.2204977522E+02
    161700,      0.676953,CP1_after_deposition,   1,    0.0000000000E+00,    2.2204977522E+02,    2.2204977522E+02,    0.0000000000E+00,    0.0000000000E+00,    0.0000000000E+00,    2.2204977522E+02
    161700,      0.676953,CP2_after_erosion,   1,    0.0000000000E+00,    2.2204977522E+02,    2.2204977522E+02,    0.0000000000E+00,    0.0000000000E+00,    0.0000000000E+00,    2.2204977522E+02
    161700,      0.676953,CP3_after_update_bottom,   1,    0.0000000000E+00,    2.2204977522E+02,    2.2204977522E+02,    0.0000000000E+00,    0.0000000000E+00,    0.0000000000E+00,    2.2204977522E+02
    161700,      0.676953,CP4_after_advection,   1,    0.0000000000E+00,    2.2204854992E+02,    2.2204854992E+02,    0.0000000000E+00,    0.0000000000E+00,    0.0000000000E+00,    2.2204854992E+02
    161700,      0.676953,CP5_after_vdif,   1,    0.0000000000E+00,    2.2204854992E+02,    2.2204854992E+02,    0.0000000000E+00,    0.0000000000E+00,    0.0000000000E+00,    2.2204854992E+02
    161700,      0.676953,CP6_after_kinetics,   1,    0.0000000000E+00,    2.2204854992E+02,    2.2204854992E+02,    0.0000000000E+00,    0.0000000000E+00,    0.0000000000E+00,    2.2204854992E+02
    161700,      0.676953,CP7_after_upper_clamp,   1,    0.0000000000E+00,    2.2204854992E+02,    2.2204854992E+02,    0.0000000000E+00,    0.0000000000E+00,    0.0000000000E+00,    2.2204854992E+02
    161700,      0.676953,CP8_after_OBC,   1,    0.0000000000E+00,    2.2204854992E+02,    2.2204854992E+02,    0.0000000000E+00,    0.0000000000E+00,    0.0000000000E+00,    2.2204854992E+02
    161700,      0.676953,CP9_after_PTsource,   1,    0.0000000000E+00,    2.2204854992E+02,    2.2204854992E+02,    0.0000000000E+00,    0.0000000000E+00,    0.0000000000E+00,    2.2204854992E+02
    161700,      0.676953,CP10_after_neg_clamp,   1,    0.0000000000E+00,    2.2204854992E+02,    2.2204854992E+02,    0.0000000000E+00,    0.0000000000E+00,    0.0000000000E+00,    2.2204854992E+02
    161700,      0.676953,CP11_after_MPI,   1,    0.0000000000E+00,    2.2204854992E+02,    2.2204854992E+02,    0.0000000000E+00,    0.0000000000E+00,    0.0000000000E+00,    2.2204854992E+02
    161700,      0.676953,CP12_end,   1,    0.0000000000E+00,    2.2204854992E+02,    2.2204854992E+02,    0.0000000000E+00,    0.0000000000E+00,    0.0000000000E+00,    2.2204854992E+02
    161750,      0.676953,CP0_start,   1,    0.0000000000E+00,    2.2215571230E+02,    2.2215571230E+02,    0.0000000000E+00,    0.0000000000E+00,    0.0000000000E+00,    2.2215571230E+02
    161750,      0.676953,CP1_after_deposition,   1,    0.0000000000E+00,    2.2215571230E+02,    2.2215571230E+02,    0.0000000000E+00,    0.0000000000E+00,    0.0000000000E+00,    2.2215571230E+02
    161750,      0.676953,CP2_after_erosion,   1,    0.0000000000E+00,    2.2215571230E+02,    2.2215571230E+02,    0.0000000000E+00,    0.0000000000E+00,    0.0000000000E+00,    2.2215571230E+02
    161750,      0.676953,CP3_after_update_bottom,   1,    0.0000000000E+00,    2.2215571230E+02,    2.2215571230E+02,    0.0000000000E+00,    0.0000000000E+00,    0.0000000000E+00,    2.2215571230E+02
    161750,      0.676953,CP4_after_advection,   1,    0.0000000000E+00,    2.2215461542E+02,    2.2215461542E+02,    0.0000000000E+00,    0.0000000000E+00,    0.0000000000E+00,    2.2215461542E+02
    161750,      0.676953,CP5_after_vdif,   1,    0.0000000000E+00,    2.2215461542E+02,    2.2215461542E+02,    0.0000000000E+00,    0.0000000000E+00,    0.0000000000E+00,    2.2215461542E+02
    161750,      0.676953,CP6_after_kinetics,   1,    0.0000000000E+00,    2.2215461542E+02,    2.2215461542E+02,    0.0000000000E+00,    0.0000000000E+00,    0.0000000000E+00,    2.2215461542E+02
    161750,      0.676953,CP7_after_upper_clamp,   1,    0.0000000000E+00,    2.2215461542E+02,    2.2215461542E+02,    0.0000000000E+00,    0.0000000000E+00,    0.0000000000E+00,    2.2215461542E+02
    161750,      0.676953,CP8_after_OBC,   1,    0.0000000000E+00,    2.2215461542E+02,    2.2215461542E+02,    0.0000000000E+00,    0.0000000000E+00,    0.0000000000E+00,    2.2215461542E+02
    161750,      0.676953,CP9_after_PTsource,   1,    0.0000000000E+00,    2.2215461542E+02,    2.2215461542E+02,    0.0000000000E+00,    0.0000000000E+00,    0.0000000000E+00,    2.2215461542E+02
    161750,      0.676953,CP10_after_neg_clamp,   1,    0.0000000000E+00,    2.2215461542E+02,    2.2215461542E+02,    0.0000000000E+00,    0.0000000000E+00,    0.0000000000E+00,    2.2215461542E+02
    161750,      0.676953,CP11_after_MPI,   1,    0.0000000000E+00,    2.2215461542E+02,    2.2215461542E+02,    0.0000000000E+00,    0.0000000000E+00,    0.0000000000E+00,    2.2215461542E+02
    161750,      0.676953,CP12_end,   1,    0.0000000000E+00,    2.2215461542E+02,    2.2215461542E+02,    0.0000000000E+00,    0.0000000000E+00,    0.0000000000E+00,    2.2215461542E+02
    161800,      0.676953,CP0_start,   1,    0.0000000000E+00,    2.2226164713E+02,    2.2226164713E+02,    0.0000000000E+00,    0.0000000000E+00,    0.0000000000E+00,    2.2226164713E+02
    161800,      0.676953,CP1_after_deposition,   1,    0.0000000000E+00,    2.2226164713E+02,    2.2226164713E+02,    0.0000000000E+00,    0.0000000000E+00,    0.0000000000E+00,    2.2226164713E+02
    161800,      0.676953,CP2_after_erosion,   1,    0.0000000000E+00,    2.2226164713E+02,    2.2226164713E+02,    0.0000000000E+00,    0.0000000000E+00,    0.0000000000E+00,    2.2226164713E+02
    161800,      0.676953,CP3_after_update_bottom,   1,    0.0000000000E+00,    2.2226164713E+02,    2.2226164713E+02,    0.0000000000E+00,    0.0000000000E+00,    0.0000000000E+00,    2.2226164713E+02
    161800,      0.676953,CP4_after_advection,   1,    0.0000000000E+00,    2.2226071754E+02,    2.2226071754E+02,    0.0000000000E+00,    0.0000000000E+00,    0.0000000000E+00,    2.2226071754E+02
    161800,      0.676953,CP5_after_vdif,   1,    0.0000000000E+00,    2.2226071754E+02,    2.2226071754E+02,    0.0000000000E+00,    0.0000000000E+00,    0.0000000000E+00,    2.2226071754E+02
    161800,      0.676953,CP6_after_kinetics,   1,    0.0000000000E+00,    2.2226071754E+02,    2.2226071754E+02,    0.0000000000E+00,    0.0000000000E+00,    0.0000000000E+00,    2.2226071754E+02
    161800,      0.676953,CP7_after_upper_clamp,   1,    0.0000000000E+00,    2.2226071754E+02,    2.2226071754E+02,    0.0000000000E+00,    0.0000000000E+00,    0.0000000000E+00,    2.2226071754E+02
    161800,      0.676953,CP8_after_OBC,   1,    0.0000000000E+00,    2.2226071754E+02,    2.2226071754E+02,    0.0000000000E+00,    0.0000000000E+00,    0.0000000000E+00,    2.2226071754E+02
    161800,      0.676953,CP9_after_PTsource,   1,    0.0000000000E+00,    2.2226071754E+02,    2.2226071754E+02,    0.0000000000E+00,    0.0000000000E+00,    0.0000000000E+00,    2.2226071754E+02
    161800,      0.676953,CP10_after_neg_clamp,   1,    0.0000000000E+00,    2.2226071754E+02,    2.2226071754E+02,    0.0000000000E+00,    0.0000000000E+00,    0.0000000000E+00,    2.2226071754E+02
    161800,      0.676953,CP11_after_MPI,   1,    0.0000000000E+00,    2.2226071754E+02,    2.2226071754E+02,    0.0000000000E+00,    0.0000000000E+00,    0.0000000000E+00,    2.2226071754E+02
    161800,      0.676953,CP12_end,   1,    0.0000000000E+00,    2.2226071754E+02,    2.2226071754E+02,    0.0000000000E+00,    0.0000000000E+00,    0.0000000000E+00,    2.2226071754E+02
    161850,      0.676953,CP0_start,   1,    0.0000000000E+00,    2.2236762653E+02,    2.2236762653E+02,    0.0000000000E+00,    0.0000000000E+00,    0.0000000000E+00,    2.2236762653E+02
    161850,      0.676953,CP1_after_deposition,   1,    0.0000000000E+00,    2.2236762653E+02,    2.2236762653E+02,    0.0000000000E+00,    0.0000000000E+00,    0.0000000000E+00,    2.2236762653E+02
    161850,      0.676953,CP2_after_erosion,   1,    0.0000000000E+00,    2.2236762653E+02,    2.2236762653E+02,    0.0000000000E+00,    0.0000000000E+00,    0.0000000000E+00,    2.2236762653E+02
    161850,      0.676953,CP3_after_update_bottom,   1,    0.0000000000E+00,    2.2236762653E+02,    2.2236762653E+02,    0.0000000000E+00,    0.0000000000E+00,    0.0000000000E+00,    2.2236762653E+02
    161850,      0.676953,CP4_after_advection,   1,    0.0000000000E+00,    2.2236687095E+02,    2.2236687095E+02,    0.0000000000E+00,    0.0000000000E+00,    0.0000000000E+00,    2.2236687095E+02
    161850,      0.676953,CP5_after_vdif,   1,    0.0000000000E+00,    2.2236687095E+02,    2.2236687095E+02,    0.0000000000E+00,    0.0000000000E+00,    0.0000000000E+00,    2.2236687095E+02
    161850,      0.676953,CP6_after_kinetics,   1,    0.0000000000E+00,    2.2236687095E+02,    2.2236687095E+02,    0.0000000000E+00,    0.0000000000E+00,    0.0000000000E+00,    2.2236687095E+02
    161850,      0.676953,CP7_after_upper_clamp,   1,    0.0000000000E+00,    2.2236687095E+02,    2.2236687095E+02,    0.0000000000E+00,    0.0000000000E+00,    0.0000000000E+00,    2.2236687095E+02
    161850,      0.676953,CP8_after_OBC,   1,    0.0000000000E+00,    2.2236687095E+02,    2.2236687095E+02,    0.0000000000E+00,    0.0000000000E+00,    0.0000000000E+00,    2.2236687095E+02
    161850,      0.676953,CP9_after_PTsource,   1,    0.0000000000E+00,    2.2236687095E+02,    2.2236687095E+02,    0.0000000000E+00,    0.0000000000E+00,    0.0000000000E+00,    2.2236687095E+02
    161850,      0.676953,CP10_after_neg_clamp,   1,    0.0000000000E+00,    2.2236687095E+02,    2.2236687095E+02,    0.0000000000E+00,    0.0000000000E+00,    0.0000000000E+00,    2.2236687095E+02
    161850,      0.676953,CP11_after_MPI,   1,    0.0000000000E+00,    2.2236687095E+02,    2.2236687095E+02,    0.0000000000E+00,    0.0000000000E+00,    0.0000000000E+00,    2.2236687095E+02
    161850,      0.676953,CP12_end,   1,    0.0000000000E+00,    2.2236687095E+02,    2.2236687095E+02,    0.0000000000E+00,    0.0000000000E+00,    0.0000000000E+00,    2.2236687095E+02
    161900,      0.676953,CP0_start,   1,    0.0000000000E+00,    2.2247396505E+02,    2.2247396505E+02,    0.0000000000E+00,    0.0000000000E+00,    0.0000000000E+00,    2.2247396505E+02
    161900,      0.676953,CP1_after_deposition,   1,    0.0000000000E+00,    2.2247396505E+02,    2.2247396505E+02,    0.0000000000E+00,    0.0000000000E+00,    0.0000000000E+00,    2.2247396505E+02
    161900,      0.676953,CP2_after_erosion,   1,    0.0000000000E+00,    2.2247396505E+02,    2.2247396505E+02,    0.0000000000E+00,    0.0000000000E+00,    0.0000000000E+00,    2.2247396505E+02
    161900,      0.676953,CP3_after_update_bottom,   1,    0.0000000000E+00,    2.2247396505E+02,    2.2247396505E+02,    0.0000000000E+00,    0.0000000000E+00,    0.0000000000E+00,    2.2247396505E+02
    161900,      0.676953,CP4_after_advection,   1,    0.0000000000E+00,    2.2247336007E+02,    2.2247336007E+02,    0.0000000000E+00,    0.0000000000E+00,    0.0000000000E+00,    2.2247336007E+02
    161900,      0.676953,CP5_after_vdif,   1,    0.0000000000E+00,    2.2247336007E+02,    2.2247336007E+02,    0.0000000000E+00,    0.0000000000E+00,    0.0000000000E+00,    2.2247336007E+02
    161900,      0.676953,CP6_after_kinetics,   1,    0.0000000000E+00,    2.2247336007E+02,    2.2247336007E+02,    0.0000000000E+00,    0.0000000000E+00,    0.0000000000E+00,    2.2247336007E+02
    161900,      0.676953,CP7_after_upper_clamp,   1,    0.0000000000E+00,    2.2247336007E+02,    2.2247336007E+02,    0.0000000000E+00,    0.0000000000E+00,    0.0000000000E+00,    2.2247336007E+02
    161900,      0.676953,CP8_after_OBC,   1,    0.0000000000E+00,    2.2247336007E+02,    2.2247336007E+02,    0.0000000000E+00,    0.0000000000E+00,    0.0000000000E+00,    2.2247336007E+02
    161900,      0.676953,CP9_after_PTsource,   1,    0.0000000000E+00,    2.2247336007E+02,    2.2247336007E+02,    0.0000000000E+00,    0.0000000000E+00,    0.0000000000E+00,    2.2247336007E+02
    161900,      0.676953,CP10_after_neg_clamp,   1,    0.0000000000E+00,    2.2247336007E+02,    2.2247336007E+02,    0.0000000000E+00,    0.0000000000E+00,    0.0000000000E+00,    2.2247336007E+02
    161900,      0.676953,CP11_after_MPI,   1,    0.0000000000E+00,    2.2247336007E+02,    2.2247336007E+02,    0.0000000000E+00,    0.0000000000E+00,    0.0000000000E+00,    2.2247336007E+02
    161900,      0.676953,CP12_end,   1,    0.0000000000E+00,    2.2247336007E+02,    2.2247336007E+02,    0.0000000000E+00,    0.0000000000E+00,    0.0000000000E+00,    2.2247336007E+02
    161950,      0.676953,CP0_start,   1,    0.0000000000E+00,    2.2258071324E+02,    2.2258071324E+02,    0.0000000000E+00,    0.0000000000E+00,    0.0000000000E+00,    2.2258071324E+02
    161950,      0.676953,CP1_after_deposition,   1,    0.0000000000E+00,    2.2258071324E+02,    2.2258071324E+02,    0.0000000000E+00,    0.0000000000E+00,    0.0000000000E+00,    2.2258071324E+02
    161950,      0.676953,CP2_after_erosion,   1,    0.0000000000E+00,    2.2258071324E+02,    2.2258071324E+02,    0.0000000000E+00,    0.0000000000E+00,    0.0000000000E+00,    2.2258071324E+02
    161950,      0.676953,CP3_after_update_bottom,   1,    0.0000000000E+00,    2.2258071324E+02,    2.2258071324E+02,    0.0000000000E+00,    0.0000000000E+00,    0.0000000000E+00,    2.2258071324E+02
    161950,      0.676953,CP4_after_advection,   1,    0.0000000000E+00,    2.2258026447E+02,    2.2258026447E+02,    0.0000000000E+00,    0.0000000000E+00,    0.0000000000E+00,    2.2258026447E+02
    161950,      0.676953,CP5_after_vdif,   1,    0.0000000000E+00,    2.2258026447E+02,    2.2258026447E+02,    0.0000000000E+00,    0.0000000000E+00,    0.0000000000E+00,    2.2258026447E+02
    161950,      0.676953,CP6_after_kinetics,   1,    0.0000000000E+00,    2.2258026447E+02,    2.2258026447E+02,    0.0000000000E+00,    0.0000000000E+00,    0.0000000000E+00,    2.2258026447E+02
    161950,      0.676953,CP7_after_upper_clamp,   1,    0.0000000000E+00,    2.2258026447E+02,    2.2258026447E+02,    0.0000000000E+00,    0.0000000000E+00,    0.0000000000E+00,    2.2258026447E+02
    161950,      0.676953,CP8_after_OBC,   1,    0.0000000000E+00,    2.2258026447E+02,    2.2258026447E+02,    0.0000000000E+00,    0.0000000000E+00,    0.0000000000E+00,    2.2258026447E+02
    161950,      0.676953,CP9_after_PTsource,   1,    0.0000000000E+00,    2.2258026447E+02,    2.2258026447E+02,    0.0000000000E+00,    0.0000000000E+00,    0.0000000000E+00,    2.2258026447E+02
    161950,      0.676953,CP10_after_neg_clamp,   1,    0.0000000000E+00,    2.2258026447E+02,    2.2258026447E+02,    0.0000000000E+00,    0.0000000000E+00,    0.0000000000E+00,    2.2258026447E+02
    161950,      0.676953,CP11_after_MPI,   1,    0.0000000000E+00,    2.2258026447E+02,    2.2258026447E+02,    0.0000000000E+00,    0.0000000000E+00,    0.0000000000E+00,    2.2258026447E+02
    161950,      0.676953,CP12_end,   1,    0.0000000000E+00,    2.2258026447E+02,    2.2258026447E+02,    0.0000000000E+00,    0.0000000000E+00,    0.0000000000E+00,    2.2258026447E+02
    162000,      0.676953,CP0_start,   1,    0.0000000000E+00,    2.2268808257E+02,    2.2268808257E+02,    0.0000000000E+00,    0.0000000000E+00,    0.0000000000E+00,    2.2268808257E+02
    162000,      0.676953,CP1_after_deposition,   1,    0.0000000000E+00,    2.2268808257E+02,    2.2268808257E+02,    0.0000000000E+00,    0.0000000000E+00,    0.0000000000E+00,    2.2268808257E+02
    162000,      0.676953,CP2_after_erosion,   1,    0.0000000000E+00,    2.2268808257E+02,    2.2268808257E+02,    0.0000000000E+00,    0.0000000000E+00,    0.0000000000E+00,    2.2268808257E+02
    162000,      0.676953,CP3_after_update_bottom,   1,    0.0000000000E+00,    2.2268808257E+02,    2.2268808257E+02,    0.0000000000E+00,    0.0000000000E+00,    0.0000000000E+00,    2.2268808257E+02
    162000,      0.676953,CP4_after_advection,   1,    0.0000000000E+00,    2.2268779054E+02,    2.2268779054E+02,    0.0000000000E+00,    0.0000000000E+00,    0.0000000000E+00,    2.2268779054E+02
    162000,      0.676953,CP5_after_vdif,   1,    0.0000000000E+00,    2.2268779054E+02,    2.2268779054E+02,    0.0000000000E+00,    0.0000000000E+00,    0.0000000000E+00,    2.2268779054E+02
    162000,      0.676953,CP6_after_kinetics,   1,    0.0000000000E+00,    2.2268779054E+02,    2.2268779054E+02,    0.0000000000E+00,    0.0000000000E+00,    0.0000000000E+00,    2.2268779054E+02
    162000,      0.676953,CP7_after_upper_clamp,   1,    0.0000000000E+00,    2.2268779054E+02,    2.2268779054E+02,    0.0000000000E+00,    0.0000000000E+00,    0.0000000000E+00,    2.2268779054E+02
    162000,      0.676953,CP8_after_OBC,   1,    0.0000000000E+00,    2.2268779054E+02,    2.2268779054E+02,    0.0000000000E+00,    0.0000000000E+00,    0.0000000000E+00,    2.2268779054E+02
    162000,      0.676953,CP9_after_PTsource,   1,    0.0000000000E+00,    2.2268779054E+02,    2.2268779054E+02,    0.0000000000E+00,    0.0000000000E+00,    0.0000000000E+00,    2.2268779054E+02
    162000,      0.676953,CP10_after_neg_clamp,   1,    0.0000000000E+00,    2.2268779054E+02,    2.2268779054E+02,    0.0000000000E+00,    0.0000000000E+00,    0.0000000000E+00,    2.2268779054E+02
    162000,      0.676953,CP11_after_MPI,   1,    0.0000000000E+00,    2.2268779054E+02,    2.2268779054E+02,    0.0000000000E+00,    0.0000000000E+00,    0.0000000000E+00,    2.2268779054E+02
    162000,      0.676953,CP12_end,   1,    0.0000000000E+00,    2.2268779054E+02,    2.2268779054E+02,    0.0000000000E+00,    0.0000000000E+00,    0.0000000000E+00,    2.2268779054E+02
    162050,      0.676953,CP0_start,   1,    0.0000000000E+00,    2.2279651665E+02,    2.2279651665E+02,    0.0000000000E+00,    0.0000000000E+00,    0.0000000000E+00,    2.2279651665E+02
    162050,      0.676953,CP1_after_deposition,   1,    0.0000000000E+00,    2.2279651665E+02,    2.2279651665E+02,    0.0000000000E+00,    0.0000000000E+00,    0.0000000000E+00,    2.2279651665E+02
    162050,      0.676953,CP2_after_erosion,   1,    0.0000000000E+00,    2.2279651665E+02,    2.2279651665E+02,    0.0000000000E+00,    0.0000000000E+00,    0.0000000000E+00,    2.2279651665E+02
    162050,      0.676953,CP3_after_update_bottom,   1,    0.0000000000E+00,    2.2279651665E+02,    2.2279651665E+02,    0.0000000000E+00,    0.0000000000E+00,    0.0000000000E+00,    2.2279651665E+02
    162050,      0.676953,CP4_after_advection,   1,    0.0000000000E+00,    2.2279641127E+02,    2.2279641127E+02,    0.0000000000E+00,    0.0000000000E+00,    0.0000000000E+00,    2.2279641127E+02
    162050,      0.676953,CP5_after_vdif,   1,    0.0000000000E+00,    2.2279641127E+02,    2.2279641127E+02,    0.0000000000E+00,    0.0000000000E+00,    0.0000000000E+00,    2.2279641127E+02
    162050,      0.676953,CP6_after_kinetics,   1,    0.0000000000E+00,    2.2279641127E+02,    2.2279641127E+02,    0.0000000000E+00,    0.0000000000E+00,    0.0000000000E+00,    2.2279641127E+02
    162050,      0.676953,CP7_after_upper_clamp,   1,    0.0000000000E+00,    2.2279641127E+02,    2.2279641127E+02,    0.0000000000E+00,    0.0000000000E+00,    0.0000000000E+00,    2.2279641127E+02
    162050,      0.676953,CP8_after_OBC,   1,    0.0000000000E+00,    2.2279641127E+02,    2.2279641127E+02,    0.0000000000E+00,    0.0000000000E+00,    0.0000000000E+00,    2.2279641127E+02
    162050,      0.676953,CP9_after_PTsource,   1,    0.0000000000E+00,    2.2279641127E+02,    2.2279641127E+02,    0.0000000000E+00,    0.0000000000E+00,    0.0000000000E+00,    2.2279641127E+02
    162050,      0.676953,CP10_after_neg_clamp,   1,    0.0000000000E+00,    2.2279641127E+02,    2.2279641127E+02,    0.0000000000E+00,    0.0000000000E+00,    0.0000000000E+00,    2.2279641127E+02
    162050,      0.676953,CP11_after_MPI,   1,    0.0000000000E+00,    2.2279641127E+02,    2.2279641127E+02,    0.0000000000E+00,    0.0000000000E+00,    0.0000000000E+00,    2.2279641127E+02
    162050,      0.676953,CP12_end,   1,    0.0000000000E+00,    2.2279641127E+02,    2.2279641127E+02,    0.0000000000E+00,    0.0000000000E+00,    0.0000000000E+00,    2.2279641127E+02
    162100,      0.676953,CP0_start,   1,    0.0000000000E+00,    2.2290640579E+02,    2.2290640579E+02,    0.0000000000E+00,    0.0000000000E+00,    0.0000000000E+00,    2.2290640579E+02
    162100,      0.676953,CP1_after_deposition,   1,    0.0000000000E+00,    2.2290640579E+02,    2.2290640579E+02,    0.0000000000E+00,    0.0000000000E+00,    0.0000000000E+00,    2.2290640579E+02
    162100,      0.676953,CP2_after_erosion,   1,    0.0000000000E+00,    2.2290640579E+02,    2.2290640579E+02,    0.0000000000E+00,    0.0000000000E+00,    0.0000000000E+00,    2.2290640579E+02
    162100,      0.676953,CP3_after_update_bottom,   1,    0.0000000000E+00,    2.2290640579E+02,    2.2290640579E+02,    0.0000000000E+00,    0.0000000000E+00,    0.0000000000E+00,    2.2290640579E+02
    162100,      0.676953,CP4_after_advection,   1,    0.0000000000E+00,    2.2290646661E+02,    2.2290646661E+02,    0.0000000000E+00,    0.0000000000E+00,    0.0000000000E+00,    2.2290646661E+02
    162100,      0.676953,CP5_after_vdif,   1,    0.0000000000E+00,    2.2290646661E+02,    2.2290646661E+02,    0.0000000000E+00,    0.0000000000E+00,    0.0000000000E+00,    2.2290646661E+02
    162100,      0.676953,CP6_after_kinetics,   1,    0.0000000000E+00,    2.2290646661E+02,    2.2290646661E+02,    0.0000000000E+00,    0.0000000000E+00,    0.0000000000E+00,    2.2290646661E+02
    162100,      0.676953,CP7_after_upper_clamp,   1,    0.0000000000E+00,    2.2290646661E+02,    2.2290646661E+02,    0.0000000000E+00,    0.0000000000E+00,    0.0000000000E+00,    2.2290646661E+02
    162100,      0.676953,CP8_after_OBC,   1,    0.0000000000E+00,    2.2290646661E+02,    2.2290646661E+02,    0.0000000000E+00,    0.0000000000E+00,    0.0000000000E+00,    2.2290646661E+02
    162100,      0.676953,CP9_after_PTsource,   1,    0.0000000000E+00,    2.2290646661E+02,    2.2290646661E+02,    0.0000000000E+00,    0.0000000000E+00,    0.0000000000E+00,    2.2290646661E+02
    162100,      0.676953,CP10_after_neg_clamp,   1,    0.0000000000E+00,    2.2290646661E+02,    2.2290646661E+02,    0.0000000000E+00,    0.0000000000E+00,    0.0000000000E+00,    2.2290646661E+02
    162100,      0.676953,CP11_after_MPI,   1,    0.0000000000E+00,    2.2290646661E+02,    2.2290646661E+02,    0.0000000000E+00,    0.0000000000E+00,    0.0000000000E+00,    2.2290646661E+02
    162100,      0.676953,CP12_end,   1,    0.0000000000E+00,    2.2290646661E+02,    2.2290646661E+02,    0.0000000000E+00,    0.0000000000E+00,    0.0000000000E+00,    2.2290646661E+02
    162150,      0.676953,CP0_start,   1,    0.0000000000E+00,    2.2301816343E+02,    2.2301816343E+02,    0.0000000000E+00,    0.0000000000E+00,    0.0000000000E+00,    2.2301816343E+02
    162150,      0.676953,CP1_after_deposition,   1,    0.0000000000E+00,    2.2301816343E+02,    2.2301816343E+02,    0.0000000000E+00,    0.0000000000E+00,    0.0000000000E+00,    2.2301816343E+02
    162150,      0.676953,CP2_after_erosion,   1,    0.0000000000E+00,    2.2301816343E+02,    2.2301816343E+02,    0.0000000000E+00,    0.0000000000E+00,    0.0000000000E+00,    2.2301816343E+02
    162150,      0.676953,CP3_after_update_bottom,   1,    0.0000000000E+00,    2.2301816343E+02,    2.2301816343E+02,    0.0000000000E+00,    0.0000000000E+00,    0.0000000000E+00,    2.2301816343E+02
    162150,      0.676953,CP4_after_advection,   1,    0.0000000000E+00,    2.2301840916E+02,    2.2301840916E+02,    0.0000000000E+00,    0.0000000000E+00,    0.0000000000E+00,    2.2301840916E+02
    162150,      0.676953,CP5_after_vdif,   1,    0.0000000000E+00,    2.2301840916E+02,    2.2301840916E+02,    0.0000000000E+00,    0.0000000000E+00,    0.0000000000E+00,    2.2301840916E+02
    162150,      0.676953,CP6_after_kinetics,   1,    0.0000000000E+00,    2.2301840916E+02,    2.2301840916E+02,    0.0000000000E+00,    0.0000000000E+00,    0.0000000000E+00,    2.2301840916E+02
    162150,      0.676953,CP7_after_upper_clamp,   1,    0.0000000000E+00,    2.2301840916E+02,    2.2301840916E+02,    0.0000000000E+00,    0.0000000000E+00,    0.0000000000E+00,    2.2301840916E+02
    162150,      0.676953,CP8_after_OBC,   1,    0.0000000000E+00,    2.2301840916E+02,    2.2301840916E+02,    0.0000000000E+00,    0.0000000000E+00,    0.0000000000E+00,    2.2301840916E+02
    162150,      0.676953,CP9_after_PTsource,   1,    0.0000000000E+00,    2.2301840916E+02,    2.2301840916E+02,    0.0000000000E+00,    0.0000000000E+00,    0.0000000000E+00,    2.2301840916E+02
    162150,      0.676953,CP10_after_neg_clamp,   1,    0.0000000000E+00,    2.2301840916E+02,    2.2301840916E+02,    0.0000000000E+00,    0.0000000000E+00,    0.0000000000E+00,    2.2301840916E+02
    162150,      0.676953,CP11_after_MPI,   1,    0.0000000000E+00,    2.2301840916E+02,    2.2301840916E+02,    0.0000000000E+00,    0.0000000000E+00,    0.0000000000E+00,    2.2301840916E+02
    162150,      0.676953,CP12_end,   1,    0.0000000000E+00,    2.2301840916E+02,    2.2301840916E+02,    0.0000000000E+00,    0.0000000000E+00,    0.0000000000E+00,    2.2301840916E+02
    162200,      0.676953,CP0_start,   1,    0.0000000000E+00,    2.2313185869E+02,    2.2313185869E+02,    0.0000000000E+00,    0.0000000000E+00,    0.0000000000E+00,    2.2313185869E+02
    162200,      0.676953,CP1_after_deposition,   1,    0.0000000000E+00,    2.2313185869E+02,    2.2313185869E+02,    0.0000000000E+00,    0.0000000000E+00,    0.0000000000E+00,    2.2313185869E+02
    162200,      0.676953,CP2_after_erosion,   1,    0.0000000000E+00,    2.2313185869E+02,    2.2313185869E+02,    0.0000000000E+00,    0.0000000000E+00,    0.0000000000E+00,    2.2313185869E+02
    162200,      0.676953,CP3_after_update_bottom,   1,    0.0000000000E+00,    2.2313185869E+02,    2.2313185869E+02,    0.0000000000E+00,    0.0000000000E+00,    0.0000000000E+00,    2.2313185869E+02
    162200,      0.676953,CP4_after_advection,   1,    0.0000000000E+00,    2.2313229395E+02,    2.2313229395E+02,    0.0000000000E+00,    0.0000000000E+00,    0.0000000000E+00,    2.2313229395E+02
    162200,      0.676953,CP5_after_vdif,   1,    0.0000000000E+00,    2.2313229395E+02,    2.2313229395E+02,    0.0000000000E+00,    0.0000000000E+00,    0.0000000000E+00,    2.2313229395E+02
    162200,      0.676953,CP6_after_kinetics,   1,    0.0000000000E+00,    2.2313229395E+02,    2.2313229395E+02,    0.0000000000E+00,    0.0000000000E+00,    0.0000000000E+00,    2.2313229395E+02
    162200,      0.676953,CP7_after_upper_clamp,   1,    0.0000000000E+00,    2.2313229395E+02,    2.2313229395E+02,    0.0000000000E+00,    0.0000000000E+00,    0.0000000000E+00,    2.2313229395E+02
    162200,      0.676953,CP8_after_OBC,   1,    0.0000000000E+00,    2.2313229395E+02,    2.2313229395E+02,    0.0000000000E+00,    0.0000000000E+00,    0.0000000000E+00,    2.2313229395E+02
    162200,      0.676953,CP9_after_PTsource,   1,    0.0000000000E+00,    2.2313229395E+02,    2.2313229395E+02,    0.0000000000E+00,    0.0000000000E+00,    0.0000000000E+00,    2.2313229395E+02
    162200,      0.676953,CP10_after_neg_clamp,   1,    0.0000000000E+00,    2.2313229395E+02,    2.2313229395E+02,    0.0000000000E+00,    0.0000000000E+00,    0.0000000000E+00,    2.2313229395E+02
    162200,      0.676953,CP11_after_MPI,   1,    0.0000000000E+00,    2.2313229395E+02,    2.2313229395E+02,    0.0000000000E+00,    0.0000000000E+00,    0.0000000000E+00,    2.2313229395E+02
    162200,      0.676953,CP12_end,   1,    0.0000000000E+00,    2.2313229395E+02,    2.2313229395E+02,    0.0000000000E+00,    0.0000000000E+00,    0.0000000000E+00,    2.2313229395E+02
    162250,      0.676953,CP0_start,   1,    0.0000000000E+00,    2.2324772421E+02,    2.2324772421E+02,    0.0000000000E+00,    0.0000000000E+00,    0.0000000000E+00,    2.2324772421E+02
    162250,      0.676953,CP1_after_deposition,   1,    0.0000000000E+00,    2.2324772421E+02,    2.2324772421E+02,    0.0000000000E+00,    0.0000000000E+00,    0.0000000000E+00,    2.2324772421E+02
    162250,      0.676953,CP2_after_erosion,   1,    0.0000000000E+00,    2.2324772421E+02,    2.2324772421E+02,    0.0000000000E+00,    0.0000000000E+00,    0.0000000000E+00,    2.2324772421E+02
    162250,      0.676953,CP3_after_update_bottom,   1,    0.0000000000E+00,    2.2324772421E+02,    2.2324772421E+02,    0.0000000000E+00,    0.0000000000E+00,    0.0000000000E+00,    2.2324772421E+02
    162250,      0.676953,CP4_after_advection,   1,    0.0000000000E+00,    2.2324837549E+02,    2.2324837549E+02,    0.0000000000E+00,    0.0000000000E+00,    0.0000000000E+00,    2.2324837549E+02
    162250,      0.676953,CP5_after_vdif,   1,    0.0000000000E+00,    2.2324837549E+02,    2.2324837549E+02,    0.0000000000E+00,    0.0000000000E+00,    0.0000000000E+00,    2.2324837549E+02
    162250,      0.676953,CP6_after_kinetics,   1,    0.0000000000E+00,    2.2324837549E+02,    2.2324837549E+02,    0.0000000000E+00,    0.0000000000E+00,    0.0000000000E+00,    2.2324837549E+02
    162250,      0.676953,CP7_after_upper_clamp,   1,    0.0000000000E+00,    2.2324837549E+02,    2.2324837549E+02,    0.0000000000E+00,    0.0000000000E+00,    0.0000000000E+00,    2.2324837549E+02
    162250,      0.676953,CP8_after_OBC,   1,    0.0000000000E+00,    2.2324837549E+02,    2.2324837549E+02,    0.0000000000E+00,    0.0000000000E+00,    0.0000000000E+00,    2.2324837549E+02
    162250,      0.676953,CP9_after_PTsource,   1,    0.0000000000E+00,    2.2324837549E+02,    2.2324837549E+02,    0.0000000000E+00,    0.0000000000E+00,    0.0000000000E+00,    2.2324837549E+02
    162250,      0.676953,CP10_after_neg_clamp,   1,    0.0000000000E+00,    2.2324837549E+02,    2.2324837549E+02,    0.0000000000E+00,    0.0000000000E+00,    0.0000000000E+00,    2.2324837549E+02
    162250,      0.676953,CP11_after_MPI,   1,    0.0000000000E+00,    2.2324837549E+02,    2.2324837549E+02,    0.0000000000E+00,    0.0000000000E+00,    0.0000000000E+00,    2.2324837549E+02
    162250,      0.676953,CP12_end,   1,    0.0000000000E+00,    2.2324837549E+02,    2.2324837549E+02,    0.0000000000E+00,    0.0000000000E+00,    0.0000000000E+00,    2.2324837549E+02
    162300,      0.676953,CP0_start,   1,    0.0000000000E+00,    2.2336603843E+02,    2.2336603843E+02,    0.0000000000E+00,    0.0000000000E+00,    0.0000000000E+00,    2.2336603843E+02
    162300,      0.676953,CP1_after_deposition,   1,    0.0000000000E+00,    2.2336603843E+02,    2.2336603843E+02,    0.0000000000E+00,    0.0000000000E+00,    0.0000000000E+00,    2.2336603843E+02
    162300,      0.676953,CP2_after_erosion,   1,    0.0000000000E+00,    2.2336603843E+02,    2.2336603843E+02,    0.0000000000E+00,    0.0000000000E+00,    0.0000000000E+00,    2.2336603843E+02
    162300,      0.676953,CP3_after_update_bottom,   1,    0.0000000000E+00,    2.2336603843E+02,    2.2336603843E+02,    0.0000000000E+00,    0.0000000000E+00,    0.0000000000E+00,    2.2336603843E+02
    162300,      0.676953,CP4_after_advection,   1,    0.0000000000E+00,    2.2336689724E+02,    2.2336689724E+02,    0.0000000000E+00,    0.0000000000E+00,    0.0000000000E+00,    2.2336689724E+02
    162300,      0.676953,CP5_after_vdif,   1,    0.0000000000E+00,    2.2336689724E+02,    2.2336689724E+02,    0.0000000000E+00,    0.0000000000E+00,    0.0000000000E+00,    2.2336689724E+02
    162300,      0.676953,CP6_after_kinetics,   1,    0.0000000000E+00,    2.2336689724E+02,    2.2336689724E+02,    0.0000000000E+00,    0.0000000000E+00,    0.0000000000E+00,    2.2336689724E+02
    162300,      0.676953,CP7_after_upper_clamp,   1,    0.0000000000E+00,    2.2336689724E+02,    2.2336689724E+02,    0.0000000000E+00,    0.0000000000E+00,    0.0000000000E+00,    2.2336689724E+02
    162300,      0.676953,CP8_after_OBC,   1,    0.0000000000E+00,    2.2336689724E+02,    2.2336689724E+02,    0.0000000000E+00,    0.0000000000E+00,    0.0000000000E+00,    2.2336689724E+02
    162300,      0.676953,CP9_after_PTsource,   1,    0.0000000000E+00,    2.2336689724E+02,    2.2336689724E+02,    0.0000000000E+00,    0.0000000000E+00,    0.0000000000E+00,    2.2336689724E+02
    162300,      0.676953,CP10_after_neg_clamp,   1,    0.0000000000E+00,    2.2336689724E+02,    2.2336689724E+02,    0.0000000000E+00,    0.0000000000E+00,    0.0000000000E+00,    2.2336689724E+02
    162300,      0.676953,CP11_after_MPI,   1,    0.0000000000E+00,    2.2336689724E+02,    2.2336689724E+02,    0.0000000000E+00,    0.0000000000E+00,    0.0000000000E+00,    2.2336689724E+02
    162300,      0.676953,CP12_end,   1,    0.0000000000E+00,    2.2336689724E+02,    2.2336689724E+02,    0.0000000000E+00,    0.0000000000E+00,    0.0000000000E+00,    2.2336689724E+02
    162350,      0.676953,CP0_start,   1,    0.0000000000E+00,    2.2348685964E+02,    2.2348685964E+02,    0.0000000000E+00,    0.0000000000E+00,    0.0000000000E+00,    2.2348685964E+02
    162350,      0.676953,CP1_after_deposition,   1,    0.0000000000E+00,    2.2348685964E+02,    2.2348685964E+02,    0.0000000000E+00,    0.0000000000E+00,    0.0000000000E+00,    2.2348685964E+02
    162350,      0.676953,CP2_after_erosion,   1,    0.0000000000E+00,    2.2348685964E+02,    2.2348685964E+02,    0.0000000000E+00,    0.0000000000E+00,    0.0000000000E+00,    2.2348685964E+02
    162350,      0.676953,CP3_after_update_bottom,   1,    0.0000000000E+00,    2.2348685964E+02,    2.2348685964E+02,    0.0000000000E+00,    0.0000000000E+00,    0.0000000000E+00,    2.2348685964E+02
    162350,      0.676953,CP4_after_advection,   1,    0.0000000000E+00,    2.2348791609E+02,    2.2348791609E+02,    0.0000000000E+00,    0.0000000000E+00,    0.0000000000E+00,    2.2348791609E+02
    162350,      0.676953,CP5_after_vdif,   1,    0.0000000000E+00,    2.2348791609E+02,    2.2348791609E+02,    0.0000000000E+00,    0.0000000000E+00,    0.0000000000E+00,    2.2348791609E+02
    162350,      0.676953,CP6_after_kinetics,   1,    0.0000000000E+00,    2.2348791609E+02,    2.2348791609E+02,    0.0000000000E+00,    0.0000000000E+00,    0.0000000000E+00,    2.2348791609E+02
    162350,      0.676953,CP7_after_upper_clamp,   1,    0.0000000000E+00,    2.2348791609E+02,    2.2348791609E+02,    0.0000000000E+00,    0.0000000000E+00,    0.0000000000E+00,    2.2348791609E+02
    162350,      0.676953,CP8_after_OBC,   1,    0.0000000000E+00,    2.2348791609E+02,    2.2348791609E+02,    0.0000000000E+00,    0.0000000000E+00,    0.0000000000E+00,    2.2348791609E+02
    162350,      0.676953,CP9_after_PTsource,   1,    0.0000000000E+00,    2.2348791609E+02,    2.2348791609E+02,    0.0000000000E+00,    0.0000000000E+00,    0.0000000000E+00,    2.2348791609E+02
    162350,      0.676953,CP10_after_neg_clamp,   1,    0.0000000000E+00,    2.2348791609E+02,    2.2348791609E+02,    0.0000000000E+00,    0.0000000000E+00,    0.0000000000E+00,    2.2348791609E+02
    162350,      0.676953,CP11_after_MPI,   1,    0.0000000000E+00,    2.2348791609E+02,    2.2348791609E+02,    0.0000000000E+00,    0.0000000000E+00,    0.0000000000E+00,    2.2348791609E+02
    162350,      0.676953,CP12_end,   1,    0.0000000000E+00,    2.2348791609E+02,    2.2348791609E+02,    0.0000000000E+00,    0.0000000000E+00,    0.0000000000E+00,    2.2348791609E+02
    162400,      0.676953,CP0_start,   1,    0.0000000000E+00,    2.2361021175E+02,    2.2361021175E+02,    0.0000000000E+00,    0.0000000000E+00,    0.0000000000E+00,    2.2361021175E+02
    162400,      0.676953,CP1_after_deposition,   1,    0.0000000000E+00,    2.2361021175E+02,    2.2361021175E+02,    0.0000000000E+00,    0.0000000000E+00,    0.0000000000E+00,    2.2361021175E+02
    162400,      0.676953,CP2_after_erosion,   1,    0.0000000000E+00,    2.2361021175E+02,    2.2361021175E+02,    0.0000000000E+00,    0.0000000000E+00,    0.0000000000E+00,    2.2361021175E+02
    162400,      0.676953,CP3_after_update_bottom,   1,    0.0000000000E+00,    2.2361021175E+02,    2.2361021175E+02,    0.0000000000E+00,    0.0000000000E+00,    0.0000000000E+00,    2.2361021175E+02
    162400,      0.676953,CP4_after_advection,   1,    0.0000000000E+00,    2.2361149157E+02,    2.2361149157E+02,    0.0000000000E+00,    0.0000000000E+00,    0.0000000000E+00,    2.2361149157E+02
    162400,      0.676953,CP5_after_vdif,   1,    0.0000000000E+00,    2.2361149157E+02,    2.2361149157E+02,    0.0000000000E+00,    0.0000000000E+00,    0.0000000000E+00,    2.2361149157E+02
    162400,      0.676953,CP6_after_kinetics,   1,    0.0000000000E+00,    2.2361149157E+02,    2.2361149157E+02,    0.0000000000E+00,    0.0000000000E+00,    0.0000000000E+00,    2.2361149157E+02
    162400,      0.676953,CP7_after_upper_clamp,   1,    0.0000000000E+00,    2.2361149157E+02,    2.2361149157E+02,    0.0000000000E+00,    0.0000000000E+00,    0.0000000000E+00,    2.2361149157E+02
    162400,      0.676953,CP8_after_OBC,   1,    0.0000000000E+00,    2.2361149157E+02,    2.2361149157E+02,    0.0000000000E+00,    0.0000000000E+00,    0.0000000000E+00,    2.2361149157E+02
    162400,      0.676953,CP9_after_PTsource,   1,    0.0000000000E+00,    2.2361149157E+02,    2.2361149157E+02,    0.0000000000E+00,    0.0000000000E+00,    0.0000000000E+00,    2.2361149157E+02
    162400,      0.676953,CP10_after_neg_clamp,   1,    0.0000000000E+00,    2.2361149157E+02,    2.2361149157E+02,    0.0000000000E+00,    0.0000000000E+00,    0.0000000000E+00,    2.2361149157E+02
    162400,      0.676953,CP11_after_MPI,   1,    0.0000000000E+00,    2.2361149157E+02,    2.2361149157E+02,    0.0000000000E+00,    0.0000000000E+00,    0.0000000000E+00,    2.2361149157E+02
    162400,      0.676953,CP12_end,   1,    0.0000000000E+00,    2.2361149157E+02,    2.2361149157E+02,    0.0000000000E+00,    0.0000000000E+00,    0.0000000000E+00,    2.2361149157E+02
    162450,      0.676953,CP0_start,   1,    0.0000000000E+00,    2.2373619082E+02,    2.2373619082E+02,    0.0000000000E+00,    0.0000000000E+00,    0.0000000000E+00,    2.2373619082E+02
    162450,      0.676953,CP1_after_deposition,   1,    0.0000000000E+00,    2.2373619082E+02,    2.2373619082E+02,    0.0000000000E+00,    0.0000000000E+00,    0.0000000000E+00,    2.2373619082E+02
    162450,      0.676953,CP2_after_erosion,   1,    0.0000000000E+00,    2.2373619082E+02,    2.2373619082E+02,    0.0000000000E+00,    0.0000000000E+00,    0.0000000000E+00,    2.2373619082E+02
    162450,      0.676953,CP3_after_update_bottom,   1,    0.0000000000E+00,    2.2373619082E+02,    2.2373619082E+02,    0.0000000000E+00,    0.0000000000E+00,    0.0000000000E+00,    2.2373619082E+02
    162450,      0.676953,CP4_after_advection,   1,    0.0000000000E+00,    2.2373768897E+02,    2.2373768897E+02,    0.0000000000E+00,    0.0000000000E+00,    0.0000000000E+00,    2.2373768897E+02
    162450,      0.676953,CP5_after_vdif,   1,    0.0000000000E+00,    2.2373768897E+02,    2.2373768897E+02,    0.0000000000E+00,    0.0000000000E+00,    0.0000000000E+00,    2.2373768897E+02
    162450,      0.676953,CP6_after_kinetics,   1,    0.0000000000E+00,    2.2373768897E+02,    2.2373768897E+02,    0.0000000000E+00,    0.0000000000E+00,    0.0000000000E+00,    2.2373768897E+02
    162450,      0.676953,CP7_after_upper_clamp,   1,    0.0000000000E+00,    2.2373768897E+02,    2.2373768897E+02,    0.0000000000E+00,    0.0000000000E+00,    0.0000000000E+00,    2.2373768897E+02
    162450,      0.676953,CP8_after_OBC,   1,    0.0000000000E+00,    2.2373768897E+02,    2.2373768897E+02,    0.0000000000E+00,    0.0000000000E+00,    0.0000000000E+00,    2.2373768897E+02
    162450,      0.676953,CP9_after_PTsource,   1,    0.0000000000E+00,    2.2373768897E+02,    2.2373768897E+02,    0.0000000000E+00,    0.0000000000E+00,    0.0000000000E+00,    2.2373768897E+02
    162450,      0.676953,CP10_after_neg_clamp,   1,    0.0000000000E+00,    2.2373768897E+02,    2.2373768897E+02,    0.0000000000E+00,    0.0000000000E+00,    0.0000000000E+00,    2.2373768897E+02
    162450,      0.676953,CP11_after_MPI,   1,    0.0000000000E+00,    2.2373768897E+02,    2.2373768897E+02,    0.0000000000E+00,    0.0000000000E+00,    0.0000000000E+00,    2.2373768897E+02
    162450,      0.676953,CP12_end,   1,    0.0000000000E+00,    2.2373768897E+02,    2.2373768897E+02,    0.0000000000E+00,    0.0000000000E+00,    0.0000000000E+00,    2.2373768897E+02
    162500,      0.676953,CP0_start,   1,    0.0000000000E+00,    2.2386468419E+02,    2.2386468419E+02,    0.0000000000E+00,    0.0000000000E+00,    0.0000000000E+00,    2.2386468419E+02
    162500,      0.676953,CP1_after_deposition,   1,    0.0000000000E+00,    2.2386468419E+02,    2.2386468419E+02,    0.0000000000E+00,    0.0000000000E+00,    0.0000000000E+00,    2.2386468419E+02
    162500,      0.676953,CP2_after_erosion,   1,    0.0000000000E+00,    2.2386468419E+02,    2.2386468419E+02,    0.0000000000E+00,    0.0000000000E+00,    0.0000000000E+00,    2.2386468419E+02
    162500,      0.676953,CP3_after_update_bottom,   1,    0.0000000000E+00,    2.2386468419E+02,    2.2386468419E+02,    0.0000000000E+00,    0.0000000000E+00,    0.0000000000E+00,    2.2386468419E+02
    162500,      0.676953,CP4_after_advection,   1,    0.0000000000E+00,    2.2386638488E+02,    2.2386638488E+02,    0.0000000000E+00,    0.0000000000E+00,    0.0000000000E+00,    2.2386638488E+02
    162500,      0.676953,CP5_after_vdif,   1,    0.0000000000E+00,    2.2386638488E+02,    2.2386638488E+02,    0.0000000000E+00,    0.0000000000E+00,    0.0000000000E+00,    2.2386638488E+02
    162500,      0.676953,CP6_after_kinetics,   1,    0.0000000000E+00,    2.2386638488E+02,    2.2386638488E+02,    0.0000000000E+00,    0.0000000000E+00,    0.0000000000E+00,    2.2386638488E+02
    162500,      0.676953,CP7_after_upper_clamp,   1,    0.0000000000E+00,    2.2386638488E+02,    2.2386638488E+02,    0.0000000000E+00,    0.0000000000E+00,    0.0000000000E+00,    2.2386638488E+02
    162500,      0.676953,CP8_after_OBC,   1,    0.0000000000E+00,    2.2386638488E+02,    2.2386638488E+02,    0.0000000000E+00,    0.0000000000E+00,    0.0000000000E+00,    2.2386638488E+02
    162500,      0.676953,CP9_after_PTsource,   1,    0.0000000000E+00,    2.2386638488E+02,    2.2386638488E+02,    0.0000000000E+00,    0.0000000000E+00,    0.0000000000E+00,    2.2386638488E+02
    162500,      0.676953,CP10_after_neg_clamp,   1,    0.0000000000E+00,    2.2386638488E+02,    2.2386638488E+02,    0.0000000000E+00,    0.0000000000E+00,    0.0000000000E+00,    2.2386638488E+02
    162500,      0.676953,CP11_after_MPI,   1,    0.0000000000E+00,    2.2386638488E+02,    2.2386638488E+02,    0.0000000000E+00,    0.0000000000E+00,    0.0000000000E+00,    2.2386638488E+02
    162500,      0.676953,CP12_end,   1,    0.0000000000E+00,    2.2386638488E+02,    2.2386638488E+02,    0.0000000000E+00,    0.0000000000E+00,    0.0000000000E+00,    2.2386638488E+02
    162550,      0.676953,CP0_start,   1,    0.0000000000E+00,    2.2399541150E+02,    2.2399541150E+02,    0.0000000000E+00,    0.0000000000E+00,    0.0000000000E+00,    2.2399541150E+02
    162550,      0.676953,CP1_after_deposition,   1,    0.0000000000E+00,    2.2399541150E+02,    2.2399541150E+02,    0.0000000000E+00,    0.0000000000E+00,    0.0000000000E+00,    2.2399541150E+02
    162550,      0.676953,CP2_after_erosion,   1,    0.0000000000E+00,    2.2399541150E+02,    2.2399541150E+02,    0.0000000000E+00,    0.0000000000E+00,    0.0000000000E+00,    2.2399541150E+02
    162550,      0.676953,CP3_after_update_bottom,   1,    0.0000000000E+00,    2.2399541150E+02,    2.2399541150E+02,    0.0000000000E+00,    0.0000000000E+00,    0.0000000000E+00,    2.2399541150E+02
    162550,      0.676953,CP4_after_advection,   1,    0.0000000000E+00,    2.2399732983E+02,    2.2399732983E+02,    0.0000000000E+00,    0.0000000000E+00,    0.0000000000E+00,    2.2399732983E+02
    162550,      0.676953,CP5_after_vdif,   1,    0.0000000000E+00,    2.2399732983E+02,    2.2399732983E+02,    0.0000000000E+00,    0.0000000000E+00,    0.0000000000E+00,    2.2399732983E+02
    162550,      0.676953,CP6_after_kinetics,   1,    0.0000000000E+00,    2.2399732983E+02,    2.2399732983E+02,    0.0000000000E+00,    0.0000000000E+00,    0.0000000000E+00,    2.2399732983E+02
    162550,      0.676953,CP7_after_upper_clamp,   1,    0.0000000000E+00,    2.2399732983E+02,    2.2399732983E+02,    0.0000000000E+00,    0.0000000000E+00,    0.0000000000E+00,    2.2399732983E+02
    162550,      0.676953,CP8_after_OBC,   1,    0.0000000000E+00,    2.2399732983E+02,    2.2399732983E+02,    0.0000000000E+00,    0.0000000000E+00,    0.0000000000E+00,    2.2399732983E+02
    162550,      0.676953,CP9_after_PTsource,   1,    0.0000000000E+00,    2.2399732983E+02,    2.2399732983E+02,    0.0000000000E+00,    0.0000000000E+00,    0.0000000000E+00,    2.2399732983E+02
    162550,      0.676953,CP10_after_neg_clamp,   1,    0.0000000000E+00,    2.2399732983E+02,    2.2399732983E+02,    0.0000000000E+00,    0.0000000000E+00,    0.0000000000E+00,    2.2399732983E+02
    162550,      0.676953,CP11_after_MPI,   1,    0.0000000000E+00,    2.2399732983E+02,    2.2399732983E+02,    0.0000000000E+00,    0.0000000000E+00,    0.0000000000E+00,    2.2399732983E+02
    162550,      0.676953,CP12_end,   1,    0.0000000000E+00,    2.2399732983E+02,    2.2399732983E+02,    0.0000000000E+00,    0.0000000000E+00,    0.0000000000E+00,    2.2399732983E+02
    162600,      0.676953,CP0_start,   1,    0.0000000000E+00,    2.2412802860E+02,    2.2412802860E+02,    0.0000000000E+00,    0.0000000000E+00,    0.0000000000E+00,    2.2412802860E+02
    162600,      0.676953,CP1_after_deposition,   1,    0.0000000000E+00,    2.2412802860E+02,    2.2412802860E+02,    0.0000000000E+00,    0.0000000000E+00,    0.0000000000E+00,    2.2412802860E+02
    162600,      0.676953,CP2_after_erosion,   1,    0.0000000000E+00,    2.2412802860E+02,    2.2412802860E+02,    0.0000000000E+00,    0.0000000000E+00,    0.0000000000E+00,    2.2412802860E+02
    162600,      0.676953,CP3_after_update_bottom,   1,    0.0000000000E+00,    2.2412802860E+02,    2.2412802860E+02,    0.0000000000E+00,    0.0000000000E+00,    0.0000000000E+00,    2.2412802860E+02
    162600,      0.676953,CP4_after_advection,   1,    0.0000000000E+00,    2.2413015033E+02,    2.2413015033E+02,    0.0000000000E+00,    0.0000000000E+00,    0.0000000000E+00,    2.2413015033E+02
    162600,      0.676953,CP5_after_vdif,   1,    0.0000000000E+00,    2.2413015033E+02,    2.2413015033E+02,    0.0000000000E+00,    0.0000000000E+00,    0.0000000000E+00,    2.2413015033E+02
    162600,      0.676953,CP6_after_kinetics,   1,    0.0000000000E+00,    2.2413015033E+02,    2.2413015033E+02,    0.0000000000E+00,    0.0000000000E+00,    0.0000000000E+00,    2.2413015033E+02
    162600,      0.676953,CP7_after_upper_clamp,   1,    0.0000000000E+00,    2.2413015033E+02,    2.2413015033E+02,    0.0000000000E+00,    0.0000000000E+00,    0.0000000000E+00,    2.2413015033E+02
    162600,      0.676953,CP8_after_OBC,   1,    0.0000000000E+00,    2.2413015033E+02,    2.2413015033E+02,    0.0000000000E+00,    0.0000000000E+00,    0.0000000000E+00,    2.2413015033E+02
    162600,      0.676953,CP9_after_PTsource,   1,    0.0000000000E+00,    2.2413015033E+02,    2.2413015033E+02,    0.0000000000E+00,    0.0000000000E+00,    0.0000000000E+00,    2.2413015033E+02
    162600,      0.676953,CP10_after_neg_clamp,   1,    0.0000000000E+00,    2.2413015033E+02,    2.2413015033E+02,    0.0000000000E+00,    0.0000000000E+00,    0.0000000000E+00,    2.2413015033E+02
    162600,      0.676953,CP11_after_MPI,   1,    0.0000000000E+00,    2.2413015033E+02,    2.2413015033E+02,    0.0000000000E+00,    0.0000000000E+00,    0.0000000000E+00,    2.2413015033E+02
    162600,      0.676953,CP12_end,   1,    0.0000000000E+00,    2.2413015033E+02,    2.2413015033E+02,    0.0000000000E+00,    0.0000000000E+00,    0.0000000000E+00,    2.2413015033E+02
    162650,      0.676953,CP0_start,   1,    0.0000000000E+00,    2.2426186548E+02,    2.2426186548E+02,    0.0000000000E+00,    0.0000000000E+00,    0.0000000000E+00,    2.2426186548E+02
    162650,      0.676953,CP1_after_deposition,   1,    0.0000000000E+00,    2.2426186548E+02,    2.2426186548E+02,    0.0000000000E+00,    0.0000000000E+00,    0.0000000000E+00,    2.2426186548E+02
    162650,      0.676953,CP2_after_erosion,   1,    0.0000000000E+00,    2.2426186548E+02,    2.2426186548E+02,    0.0000000000E+00,    0.0000000000E+00,    0.0000000000E+00,    2.2426186548E+02
    162650,      0.676953,CP3_after_update_bottom,   1,    0.0000000000E+00,    2.2426186548E+02,    2.2426186548E+02,    0.0000000000E+00,    0.0000000000E+00,    0.0000000000E+00,    2.2426186548E+02
    162650,      0.676953,CP4_after_advection,   1,    0.0000000000E+00,    2.2426416496E+02,    2.2426416496E+02,    0.0000000000E+00,    0.0000000000E+00,    0.0000000000E+00,    2.2426416496E+02
    162650,      0.676953,CP5_after_vdif,   1,    0.0000000000E+00,    2.2426416496E+02,    2.2426416496E+02,    0.0000000000E+00,    0.0000000000E+00,    0.0000000000E+00,    2.2426416496E+02
    162650,      0.676953,CP6_after_kinetics,   1,    0.0000000000E+00,    2.2426416496E+02,    2.2426416496E+02,    0.0000000000E+00,    0.0000000000E+00,    0.0000000000E+00,    2.2426416496E+02
    162650,      0.676953,CP7_after_upper_clamp,   1,    0.0000000000E+00,    2.2426416496E+02,    2.2426416496E+02,    0.0000000000E+00,    0.0000000000E+00,    0.0000000000E+00,    2.2426416496E+02
    162650,      0.676953,CP8_after_OBC,   1,    0.0000000000E+00,    2.2426416496E+02,    2.2426416496E+02,    0.0000000000E+00,    0.0000000000E+00,    0.0000000000E+00,    2.2426416496E+02
    162650,      0.676953,CP9_after_PTsource,   1,    0.0000000000E+00,    2.2426416496E+02,    2.2426416496E+02,    0.0000000000E+00,    0.0000000000E+00,    0.0000000000E+00,    2.2426416496E+02
    162650,      0.676953,CP10_after_neg_clamp,   1,    0.0000000000E+00,    2.2426416496E+02,    2.2426416496E+02,    0.0000000000E+00,    0.0000000000E+00,    0.0000000000E+00,    2.2426416496E+02
    162650,      0.676953,CP11_after_MPI,   1,    0.0000000000E+00,    2.2426416496E+02,    2.2426416496E+02,    0.0000000000E+00,    0.0000000000E+00,    0.0000000000E+00,    2.2426416496E+02
    162650,      0.676953,CP12_end,   1,    0.0000000000E+00,    2.2426416496E+02,    2.2426416496E+02,    0.0000000000E+00,    0.0000000000E+00,    0.0000000000E+00,    2.2426416496E+02
    162700,      0.676953,CP0_start,   1,    0.0000000000E+00,    2.2439593185E+02,    2.2439593185E+02,    0.0000000000E+00,    0.0000000000E+00,    0.0000000000E+00,    2.2439593185E+02
    162700,      0.676953,CP1_after_deposition,   1,    0.0000000000E+00,    2.2439593185E+02,    2.2439593185E+02,    0.0000000000E+00,    0.0000000000E+00,    0.0000000000E+00,    2.2439593185E+02
    162700,      0.676953,CP2_after_erosion,   1,    0.0000000000E+00,    2.2439593185E+02,    2.2439593185E+02,    0.0000000000E+00,    0.0000000000E+00,    0.0000000000E+00,    2.2439593185E+02
    162700,      0.676953,CP3_after_update_bottom,   1,    0.0000000000E+00,    2.2439593185E+02,    2.2439593185E+02,    0.0000000000E+00,    0.0000000000E+00,    0.0000000000E+00,    2.2439593185E+02
    162700,      0.676953,CP4_after_advection,   1,    0.0000000000E+00,    2.2439840238E+02,    2.2439840238E+02,    0.0000000000E+00,    0.0000000000E+00,    0.0000000000E+00,    2.2439840238E+02
    162700,      0.676953,CP5_after_vdif,   1,    0.0000000000E+00,    2.2439840238E+02,    2.2439840238E+02,    0.0000000000E+00,    0.0000000000E+00,    0.0000000000E+00,    2.2439840238E+02
    162700,      0.676953,CP6_after_kinetics,   1,    0.0000000000E+00,    2.2439840238E+02,    2.2439840238E+02,    0.0000000000E+00,    0.0000000000E+00,    0.0000000000E+00,    2.2439840238E+02
    162700,      0.676953,CP7_after_upper_clamp,   1,    0.0000000000E+00,    2.2439840238E+02,    2.2439840238E+02,    0.0000000000E+00,    0.0000000000E+00,    0.0000000000E+00,    2.2439840238E+02
    162700,      0.676953,CP8_after_OBC,   1,    0.0000000000E+00,    2.2439840238E+02,    2.2439840238E+02,    0.0000000000E+00,    0.0000000000E+00,    0.0000000000E+00,    2.2439840238E+02
    162700,      0.676953,CP9_after_PTsource,   1,    0.0000000000E+00,    2.2439840238E+02,    2.2439840238E+02,    0.0000000000E+00,    0.0000000000E+00,    0.0000000000E+00,    2.2439840238E+02
    162700,      0.676953,CP10_after_neg_clamp,   1,    0.0000000000E+00,    2.2439840238E+02,    2.2439840238E+02,    0.0000000000E+00,    0.0000000000E+00,    0.0000000000E+00,    2.2439840238E+02
    162700,      0.676953,CP11_after_MPI,   1,    0.0000000000E+00,    2.2439840238E+02,    2.2439840238E+02,    0.0000000000E+00,    0.0000000000E+00,    0.0000000000E+00,    2.2439840238E+02
    162700,      0.676953,CP12_end,   1,    0.0000000000E+00,    2.2439840238E+02,    2.2439840238E+02,    0.0000000000E+00,    0.0000000000E+00,    0.0000000000E+00,    2.2439840238E+02
    162750,      0.676953,CP0_start,   1,    0.0000000000E+00,    2.2452877880E+02,    2.2452877880E+02,    0.0000000000E+00,    0.0000000000E+00,    0.0000000000E+00,    2.2452877880E+02
    162750,      0.676953,CP1_after_deposition,   1,    0.0000000000E+00,    2.2452877880E+02,    2.2452877880E+02,    0.0000000000E+00,    0.0000000000E+00,    0.0000000000E+00,    2.2452877880E+02
    162750,      0.676953,CP2_after_erosion,   1,    0.0000000000E+00,    2.2452877880E+02,    2.2452877880E+02,    0.0000000000E+00,    0.0000000000E+00,    0.0000000000E+00,    2.2452877880E+02
    162750,      0.676953,CP3_after_update_bottom,   1,    0.0000000000E+00,    2.2452877880E+02,    2.2452877880E+02,    0.0000000000E+00,    0.0000000000E+00,    0.0000000000E+00,    2.2452877880E+02
    162750,      0.676953,CP4_after_advection,   1,    0.0000000000E+00,    2.2453137805E+02,    2.2453137805E+02,    0.0000000000E+00,    0.0000000000E+00,    0.0000000000E+00,    2.2453137805E+02
    162750,      0.676953,CP5_after_vdif,   1,    0.0000000000E+00,    2.2453137805E+02,    2.2453137805E+02,    0.0000000000E+00,    0.0000000000E+00,    0.0000000000E+00,    2.2453137805E+02
    162750,      0.676953,CP6_after_kinetics,   1,    0.0000000000E+00,    2.2453137805E+02,    2.2453137805E+02,    0.0000000000E+00,    0.0000000000E+00,    0.0000000000E+00,    2.2453137805E+02
    162750,      0.676953,CP7_after_upper_clamp,   1,    0.0000000000E+00,    2.2453137805E+02,    2.2453137805E+02,    0.0000000000E+00,    0.0000000000E+00,    0.0000000000E+00,    2.2453137805E+02
    162750,      0.676953,CP8_after_OBC,   1,    0.0000000000E+00,    2.2453137805E+02,    2.2453137805E+02,    0.0000000000E+00,    0.0000000000E+00,    0.0000000000E+00,    2.2453137805E+02
    162750,      0.676953,CP9_after_PTsource,   1,    0.0000000000E+00,    2.2453137805E+02,    2.2453137805E+02,    0.0000000000E+00,    0.0000000000E+00,    0.0000000000E+00,    2.2453137805E+02
    162750,      0.676953,CP10_after_neg_clamp,   1,    0.0000000000E+00,    2.2453137805E+02,    2.2453137805E+02,    0.0000000000E+00,    0.0000000000E+00,    0.0000000000E+00,    2.2453137805E+02
    162750,      0.676953,CP11_after_MPI,   1,    0.0000000000E+00,    2.2453137805E+02,    2.2453137805E+02,    0.0000000000E+00,    0.0000000000E+00,    0.0000000000E+00,    2.2453137805E+02
    162750,      0.676953,CP12_end,   1,    0.0000000000E+00,    2.2453137805E+02,    2.2453137805E+02,    0.0000000000E+00,    0.0000000000E+00,    0.0000000000E+00,    2.2453137805E+02
    162800,      0.676953,CP0_start,   1,    0.0000000000E+00,    2.2465923782E+02,    2.2465923782E+02,    0.0000000000E+00,    0.0000000000E+00,    0.0000000000E+00,    2.2465923782E+02
    162800,      0.676953,CP1_after_deposition,   1,    0.0000000000E+00,    2.2465923782E+02,    2.2465923782E+02,    0.0000000000E+00,    0.0000000000E+00,    0.0000000000E+00,    2.2465923782E+02
    162800,      0.676953,CP2_after_erosion,   1,    0.0000000000E+00,    2.2465923782E+02,    2.2465923782E+02,    0.0000000000E+00,    0.0000000000E+00,    0.0000000000E+00,    2.2465923782E+02
    162800,      0.676953,CP3_after_update_bottom,   1,    0.0000000000E+00,    2.2465923782E+02,    2.2465923782E+02,    0.0000000000E+00,    0.0000000000E+00,    0.0000000000E+00,    2.2465923782E+02
    162800,      0.676953,CP4_after_advection,   1,    0.0000000000E+00,    2.2466194952E+02,    2.2466194952E+02,    0.0000000000E+00,    0.0000000000E+00,    0.0000000000E+00,    2.2466194952E+02
    162800,      0.676953,CP5_after_vdif,   1,    0.0000000000E+00,    2.2466194952E+02,    2.2466194952E+02,    0.0000000000E+00,    0.0000000000E+00,    0.0000000000E+00,    2.2466194952E+02
    162800,      0.676953,CP6_after_kinetics,   1,    0.0000000000E+00,    2.2466194952E+02,    2.2466194952E+02,    0.0000000000E+00,    0.0000000000E+00,    0.0000000000E+00,    2.2466194952E+02
    162800,      0.676953,CP7_after_upper_clamp,   1,    0.0000000000E+00,    2.2466194952E+02,    2.2466194952E+02,    0.0000000000E+00,    0.0000000000E+00,    0.0000000000E+00,    2.2466194952E+02
    162800,      0.676953,CP8_after_OBC,   1,    0.0000000000E+00,    2.2466194952E+02,    2.2466194952E+02,    0.0000000000E+00,    0.0000000000E+00,    0.0000000000E+00,    2.2466194952E+02
    162800,      0.676953,CP9_after_PTsource,   1,    0.0000000000E+00,    2.2466194952E+02,    2.2466194952E+02,    0.0000000000E+00,    0.0000000000E+00,    0.0000000000E+00,    2.2466194952E+02
    162800,      0.676953,CP10_after_neg_clamp,   1,    0.0000000000E+00,    2.2466194952E+02,    2.2466194952E+02,    0.0000000000E+00,    0.0000000000E+00,    0.0000000000E+00,    2.2466194952E+02
    162800,      0.676953,CP11_after_MPI,   1,    0.0000000000E+00,    2.2466194952E+02,    2.2466194952E+02,    0.0000000000E+00,    0.0000000000E+00,    0.0000000000E+00,    2.2466194952E+02
    162800,      0.676953,CP12_end,   1,    0.0000000000E+00,    2.2466194952E+02,    2.2466194952E+02,    0.0000000000E+00,    0.0000000000E+00,    0.0000000000E+00,    2.2466194952E+02
    162850,      0.676953,CP0_start,   1,    0.0000000000E+00,    2.2478652904E+02,    2.2478652904E+02,    0.0000000000E+00,    0.0000000000E+00,    0.0000000000E+00,    2.2478652904E+02
    162850,      0.676953,CP1_after_deposition,   1,    0.0000000000E+00,    2.2478652904E+02,    2.2478652904E+02,    0.0000000000E+00,    0.0000000000E+00,    0.0000000000E+00,    2.2478652904E+02
    162850,      0.676953,CP2_after_erosion,   1,    0.0000000000E+00,    2.2478652904E+02,    2.2478652904E+02,    0.0000000000E+00,    0.0000000000E+00,    0.0000000000E+00,    2.2478652904E+02
    162850,      0.676953,CP3_after_update_bottom,   1,    0.0000000000E+00,    2.2478652904E+02,    2.2478652904E+02,    0.0000000000E+00,    0.0000000000E+00,    0.0000000000E+00,    2.2478652904E+02
    162850,      0.676953,CP4_after_advection,   1,    0.0000000000E+00,    2.2478936222E+02,    2.2478936222E+02,    0.0000000000E+00,    0.0000000000E+00,    0.0000000000E+00,    2.2478936222E+02
    162850,      0.676953,CP5_after_vdif,   1,    0.0000000000E+00,    2.2478936222E+02,    2.2478936222E+02,    0.0000000000E+00,    0.0000000000E+00,    0.0000000000E+00,    2.2478936222E+02
    162850,      0.676953,CP6_after_kinetics,   1,    0.0000000000E+00,    2.2478936222E+02,    2.2478936222E+02,    0.0000000000E+00,    0.0000000000E+00,    0.0000000000E+00,    2.2478936222E+02
    162850,      0.676953,CP7_after_upper_clamp,   1,    0.0000000000E+00,    2.2478936222E+02,    2.2478936222E+02,    0.0000000000E+00,    0.0000000000E+00,    0.0000000000E+00,    2.2478936222E+02
    162850,      0.676953,CP8_after_OBC,   1,    0.0000000000E+00,    2.2478936222E+02,    2.2478936222E+02,    0.0000000000E+00,    0.0000000000E+00,    0.0000000000E+00,    2.2478936222E+02
    162850,      0.676953,CP9_after_PTsource,   1,    0.0000000000E+00,    2.2478936222E+02,    2.2478936222E+02,    0.0000000000E+00,    0.0000000000E+00,    0.0000000000E+00,    2.2478936222E+02
    162850,      0.676953,CP10_after_neg_clamp,   1,    0.0000000000E+00,    2.2478936222E+02,    2.2478936222E+02,    0.0000000000E+00,    0.0000000000E+00,    0.0000000000E+00,    2.2478936222E+02
    162850,      0.676953,CP11_after_MPI,   1,    0.0000000000E+00,    2.2478936222E+02,    2.2478936222E+02,    0.0000000000E+00,    0.0000000000E+00,    0.0000000000E+00,    2.2478936222E+02
    162850,      0.676953,CP12_end,   1,    0.0000000000E+00,    2.2478936222E+02,    2.2478936222E+02,    0.0000000000E+00,    0.0000000000E+00,    0.0000000000E+00,    2.2478936222E+02
    162900,      0.676953,CP0_start,   1,    0.0000000000E+00,    2.2491049631E+02,    2.2491049631E+02,    0.0000000000E+00,    0.0000000000E+00,    0.0000000000E+00,    2.2491049631E+02
    162900,      0.676953,CP1_after_deposition,   1,    0.0000000000E+00,    2.2491049631E+02,    2.2491049631E+02,    0.0000000000E+00,    0.0000000000E+00,    0.0000000000E+00,    2.2491049631E+02
    162900,      0.676953,CP2_after_erosion,   1,    0.0000000000E+00,    2.2491049631E+02,    2.2491049631E+02,    0.0000000000E+00,    0.0000000000E+00,    0.0000000000E+00,    2.2491049631E+02
    162900,      0.676953,CP3_after_update_bottom,   1,    0.0000000000E+00,    2.2491049631E+02,    2.2491049631E+02,    0.0000000000E+00,    0.0000000000E+00,    0.0000000000E+00,    2.2491049631E+02
    162900,      0.676953,CP4_after_advection,   1,    0.0000000000E+00,    2.2491343095E+02,    2.2491343095E+02,    0.0000000000E+00,    0.0000000000E+00,    0.0000000000E+00,    2.2491343095E+02
    162900,      0.676953,CP5_after_vdif,   1,    0.0000000000E+00,    2.2491343095E+02,    2.2491343095E+02,    0.0000000000E+00,    0.0000000000E+00,    0.0000000000E+00,    2.2491343095E+02
    162900,      0.676953,CP6_after_kinetics,   1,    0.0000000000E+00,    2.2491343095E+02,    2.2491343095E+02,    0.0000000000E+00,    0.0000000000E+00,    0.0000000000E+00,    2.2491343095E+02
    162900,      0.676953,CP7_after_upper_clamp,   1,    0.0000000000E+00,    2.2491343095E+02,    2.2491343095E+02,    0.0000000000E+00,    0.0000000000E+00,    0.0000000000E+00,    2.2491343095E+02
    162900,      0.676953,CP8_after_OBC,   1,    0.0000000000E+00,    2.2491343095E+02,    2.2491343095E+02,    0.0000000000E+00,    0.0000000000E+00,    0.0000000000E+00,    2.2491343095E+02
    162900,      0.676953,CP9_after_PTsource,   1,    0.0000000000E+00,    2.2491343095E+02,    2.2491343095E+02,    0.0000000000E+00,    0.0000000000E+00,    0.0000000000E+00,    2.2491343095E+02
    162900,      0.676953,CP10_after_neg_clamp,   1,    0.0000000000E+00,    2.2491343095E+02,    2.2491343095E+02,    0.0000000000E+00,    0.0000000000E+00,    0.0000000000E+00,    2.2491343095E+02
    162900,      0.676953,CP11_after_MPI,   1,    0.0000000000E+00,    2.2491343095E+02,    2.2491343095E+02,    0.0000000000E+00,    0.0000000000E+00,    0.0000000000E+00,    2.2491343095E+02
    162900,      0.676953,CP12_end,   1,    0.0000000000E+00,    2.2491343095E+02,    2.2491343095E+02,    0.0000000000E+00,    0.0000000000E+00,    0.0000000000E+00,    2.2491343095E+02
    162950,      0.676953,CP0_start,   1,    0.0000000000E+00,    2.2503668166E+02,    2.2503668166E+02,    0.0000000000E+00,    0.0000000000E+00,    0.0000000000E+00,    2.2503668166E+02
    162950,      0.676953,CP1_after_deposition,   1,    0.0000000000E+00,    2.2503668166E+02,    2.2503668166E+02,    0.0000000000E+00,    0.0000000000E+00,    0.0000000000E+00,    2.2503668166E+02
    162950,      0.676953,CP2_after_erosion,   1,    0.0000000000E+00,    2.2503668166E+02,    2.2503668166E+02,    0.0000000000E+00,    0.0000000000E+00,    0.0000000000E+00,    2.2503668166E+02
    162950,      0.676953,CP3_after_update_bottom,   1,    0.0000000000E+00,    2.2503668166E+02,    2.2503668166E+02,    0.0000000000E+00,    0.0000000000E+00,    0.0000000000E+00,    2.2503668166E+02
    162950,      0.676953,CP4_after_advection,   1,    0.0000000000E+00,    2.2503971439E+02,    2.2503971439E+02,    0.0000000000E+00,    0.0000000000E+00,    0.0000000000E+00,    2.2503971439E+02
    162950,      0.676953,CP5_after_vdif,   1,    0.0000000000E+00,    2.2503971439E+02,    2.2503971439E+02,    0.0000000000E+00,    0.0000000000E+00,    0.0000000000E+00,    2.2503971439E+02
    162950,      0.676953,CP6_after_kinetics,   1,    0.0000000000E+00,    2.2503971439E+02,    2.2503971439E+02,    0.0000000000E+00,    0.0000000000E+00,    0.0000000000E+00,    2.2503971439E+02
    162950,      0.676953,CP7_after_upper_clamp,   1,    0.0000000000E+00,    2.2503971439E+02,    2.2503971439E+02,    0.0000000000E+00,    0.0000000000E+00,    0.0000000000E+00,    2.2503971439E+02
    162950,      0.676953,CP8_after_OBC,   1,    0.0000000000E+00,    2.2503971439E+02,    2.2503971439E+02,    0.0000000000E+00,    0.0000000000E+00,    0.0000000000E+00,    2.2503971439E+02
    162950,      0.676953,CP9_after_PTsource,   1,    0.0000000000E+00,    2.2503971439E+02,    2.2503971439E+02,    0.0000000000E+00,    0.0000000000E+00,    0.0000000000E+00,    2.2503971439E+02
    162950,      0.676953,CP10_after_neg_clamp,   1,    0.0000000000E+00,    2.2503971439E+02,    2.2503971439E+02,    0.0000000000E+00,    0.0000000000E+00,    0.0000000000E+00,    2.2503971439E+02
    162950,      0.676953,CP11_after_MPI,   1,    0.0000000000E+00,    2.2503971439E+02,    2.2503971439E+02,    0.0000000000E+00,    0.0000000000E+00,    0.0000000000E+00,    2.2503971439E+02
    162950,      0.676953,CP12_end,   1,    0.0000000000E+00,    2.2503971439E+02,    2.2503971439E+02,    0.0000000000E+00,    0.0000000000E+00,    0.0000000000E+00,    2.2503971439E+02
    163000,      0.676953,CP0_start,   1,    0.0000000000E+00,    2.2515973459E+02,    2.2515973459E+02,    0.0000000000E+00,    0.0000000000E+00,    0.0000000000E+00,    2.2515973459E+02
    163000,      0.676953,CP1_after_deposition,   1,    0.0000000000E+00,    2.2515973459E+02,    2.2515973459E+02,    0.0000000000E+00,    0.0000000000E+00,    0.0000000000E+00,    2.2515973459E+02
    163000,      0.676953,CP2_after_erosion,   1,    0.0000000000E+00,    2.2515973459E+02,    2.2515973459E+02,    0.0000000000E+00,    0.0000000000E+00,    0.0000000000E+00,    2.2515973459E+02
    163000,      0.676953,CP3_after_update_bottom,   1,    0.0000000000E+00,    2.2515973459E+02,    2.2515973459E+02,    0.0000000000E+00,    0.0000000000E+00,    0.0000000000E+00,    2.2515973459E+02
    163000,      0.676953,CP4_after_advection,   1,    0.0000000000E+00,    2.2516287586E+02,    2.2516287586E+02,    0.0000000000E+00,    0.0000000000E+00,    0.0000000000E+00,    2.2516287586E+02
    163000,      0.676953,CP5_after_vdif,   1,    0.0000000000E+00,    2.2516287586E+02,    2.2516287586E+02,    0.0000000000E+00,    0.0000000000E+00,    0.0000000000E+00,    2.2516287586E+02
    163000,      0.676953,CP6_after_kinetics,   1,    0.0000000000E+00,    2.2516287586E+02,    2.2516287586E+02,    0.0000000000E+00,    0.0000000000E+00,    0.0000000000E+00,    2.2516287586E+02
    163000,      0.676953,CP7_after_upper_clamp,   1,    0.0000000000E+00,    2.2516287586E+02,    2.2516287586E+02,    0.0000000000E+00,    0.0000000000E+00,    0.0000000000E+00,    2.2516287586E+02
    163000,      0.676953,CP8_after_OBC,   1,    0.0000000000E+00,    2.2516287586E+02,    2.2516287586E+02,    0.0000000000E+00,    0.0000000000E+00,    0.0000000000E+00,    2.2516287586E+02
    163000,      0.676953,CP9_after_PTsource,   1,    0.0000000000E+00,    2.2516287586E+02,    2.2516287586E+02,    0.0000000000E+00,    0.0000000000E+00,    0.0000000000E+00,    2.2516287586E+02
    163000,      0.676953,CP10_after_neg_clamp,   1,    0.0000000000E+00,    2.2516287586E+02,    2.2516287586E+02,    0.0000000000E+00,    0.0000000000E+00,    0.0000000000E+00,    2.2516287586E+02
    163000,      0.676953,CP11_after_MPI,   1,    0.0000000000E+00,    2.2516287586E+02,    2.2516287586E+02,    0.0000000000E+00,    0.0000000000E+00,    0.0000000000E+00,    2.2516287586E+02
    163000,      0.676953,CP12_end,   1,    0.0000000000E+00,    2.2516287586E+02,    2.2516287586E+02,    0.0000000000E+00,    0.0000000000E+00,    0.0000000000E+00,    2.2516287586E+02
    163050,      0.676953,CP0_start,   1,    0.0000000000E+00,    2.2528013627E+02,    2.2528013627E+02,    0.0000000000E+00,    0.0000000000E+00,    0.0000000000E+00,    2.2528013627E+02
    163050,      0.676953,CP1_after_deposition,   1,    0.0000000000E+00,    2.2528013627E+02,    2.2528013627E+02,    0.0000000000E+00,    0.0000000000E+00,    0.0000000000E+00,    2.2528013627E+02
    163050,      0.676953,CP2_after_erosion,   1,    0.0000000000E+00,    2.2528013627E+02,    2.2528013627E+02,    0.0000000000E+00,    0.0000000000E+00,    0.0000000000E+00,    2.2528013627E+02
    163050,      0.676953,CP3_after_update_bottom,   1,    0.0000000000E+00,    2.2528013627E+02,    2.2528013627E+02,    0.0000000000E+00,    0.0000000000E+00,    0.0000000000E+00,    2.2528013627E+02
    163050,      0.676953,CP4_after_advection,   1,    0.0000000000E+00,    2.2528338421E+02,    2.2528338421E+02,    0.0000000000E+00,    0.0000000000E+00,    0.0000000000E+00,    2.2528338421E+02
    163050,      0.676953,CP5_after_vdif,   1,    0.0000000000E+00,    2.2528338421E+02,    2.2528338421E+02,    0.0000000000E+00,    0.0000000000E+00,    0.0000000000E+00,    2.2528338421E+02
    163050,      0.676953,CP6_after_kinetics,   1,    0.0000000000E+00,    2.2528338421E+02,    2.2528338421E+02,    0.0000000000E+00,    0.0000000000E+00,    0.0000000000E+00,    2.2528338421E+02
    163050,      0.676953,CP7_after_upper_clamp,   1,    0.0000000000E+00,    2.2528338421E+02,    2.2528338421E+02,    0.0000000000E+00,    0.0000000000E+00,    0.0000000000E+00,    2.2528338421E+02
    163050,      0.676953,CP8_after_OBC,   1,    0.0000000000E+00,    2.2528338421E+02,    2.2528338421E+02,    0.0000000000E+00,    0.0000000000E+00,    0.0000000000E+00,    2.2528338421E+02
    163050,      0.676953,CP9_after_PTsource,   1,    0.0000000000E+00,    2.2528338421E+02,    2.2528338421E+02,    0.0000000000E+00,    0.0000000000E+00,    0.0000000000E+00,    2.2528338421E+02
    163050,      0.676953,CP10_after_neg_clamp,   1,    0.0000000000E+00,    2.2528338421E+02,    2.2528338421E+02,    0.0000000000E+00,    0.0000000000E+00,    0.0000000000E+00,    2.2528338421E+02
    163050,      0.676953,CP11_after_MPI,   1,    0.0000000000E+00,    2.2528338421E+02,    2.2528338421E+02,    0.0000000000E+00,    0.0000000000E+00,    0.0000000000E+00,    2.2528338421E+02
    163050,      0.676953,CP12_end,   1,    0.0000000000E+00,    2.2528338421E+02,    2.2528338421E+02,    0.0000000000E+00,    0.0000000000E+00,    0.0000000000E+00,    2.2528338421E+02
    163100,      0.676953,CP0_start,   1,    0.0000000000E+00,    2.2539762645E+02,    2.2539762645E+02,    0.0000000000E+00,    0.0000000000E+00,    0.0000000000E+00,    2.2539762645E+02
    163100,      0.676953,CP1_after_deposition,   1,    0.0000000000E+00,    2.2539762645E+02,    2.2539762645E+02,    0.0000000000E+00,    0.0000000000E+00,    0.0000000000E+00,    2.2539762645E+02
    163100,      0.676953,CP2_after_erosion,   1,    0.0000000000E+00,    2.2539762645E+02,    2.2539762645E+02,    0.0000000000E+00,    0.0000000000E+00,    0.0000000000E+00,    2.2539762645E+02
    163100,      0.676953,CP3_after_update_bottom,   1,    0.0000000000E+00,    2.2539762645E+02,    2.2539762645E+02,    0.0000000000E+00,    0.0000000000E+00,    0.0000000000E+00,    2.2539762645E+02
    163100,      0.676953,CP4_after_advection,   1,    0.0000000000E+00,    2.2540101082E+02,    2.2540101082E+02,    0.0000000000E+00,    0.0000000000E+00,    0.0000000000E+00,    2.2540101082E+02
    163100,      0.676953,CP5_after_vdif,   1,    0.0000000000E+00,    2.2540101082E+02,    2.2540101082E+02,    0.0000000000E+00,    0.0000000000E+00,    0.0000000000E+00,    2.2540101082E+02
    163100,      0.676953,CP6_after_kinetics,   1,    0.0000000000E+00,    2.2540101082E+02,    2.2540101082E+02,    0.0000000000E+00,    0.0000000000E+00,    0.0000000000E+00,    2.2540101082E+02
    163100,      0.676953,CP7_after_upper_clamp,   1,    0.0000000000E+00,    2.2540101082E+02,    2.2540101082E+02,    0.0000000000E+00,    0.0000000000E+00,    0.0000000000E+00,    2.2540101082E+02
    163100,      0.676953,CP8_after_OBC,   1,    0.0000000000E+00,    2.2540101082E+02,    2.2540101082E+02,    0.0000000000E+00,    0.0000000000E+00,    0.0000000000E+00,    2.2540101082E+02
    163100,      0.676953,CP9_after_PTsource,   1,    0.0000000000E+00,    2.2540101082E+02,    2.2540101082E+02,    0.0000000000E+00,    0.0000000000E+00,    0.0000000000E+00,    2.2540101082E+02
    163100,      0.676953,CP10_after_neg_clamp,   1,    0.0000000000E+00,    2.2540101082E+02,    2.2540101082E+02,    0.0000000000E+00,    0.0000000000E+00,    0.0000000000E+00,    2.2540101082E+02
    163100,      0.676953,CP11_after_MPI,   1,    0.0000000000E+00,    2.2540101082E+02,    2.2540101082E+02,    0.0000000000E+00,    0.0000000000E+00,    0.0000000000E+00,    2.2540101082E+02
    163100,      0.676953,CP12_end,   1,    0.0000000000E+00,    2.2540101082E+02,    2.2540101082E+02,    0.0000000000E+00,    0.0000000000E+00,    0.0000000000E+00,    2.2540101082E+02
    163150,      0.676953,CP0_start,   1,    0.0000000000E+00,    2.2551392434E+02,    2.2551392434E+02,    0.0000000000E+00,    0.0000000000E+00,    0.0000000000E+00,    2.2551392434E+02
    163150,      0.676953,CP1_after_deposition,   1,    0.0000000000E+00,    2.2551392434E+02,    2.2551392434E+02,    0.0000000000E+00,    0.0000000000E+00,    0.0000000000E+00,    2.2551392434E+02
    163150,      0.676953,CP2_after_erosion,   1,    0.0000000000E+00,    2.2551392434E+02,    2.2551392434E+02,    0.0000000000E+00,    0.0000000000E+00,    0.0000000000E+00,    2.2551392434E+02
    163150,      0.676953,CP3_after_update_bottom,   1,    0.0000000000E+00,    2.2551392434E+02,    2.2551392434E+02,    0.0000000000E+00,    0.0000000000E+00,    0.0000000000E+00,    2.2551392434E+02
    163150,      0.676953,CP4_after_advection,   1,    0.0000000000E+00,    2.2551748058E+02,    2.2551748058E+02,    0.0000000000E+00,    0.0000000000E+00,    0.0000000000E+00,    2.2551748058E+02
    163150,      0.676953,CP5_after_vdif,   1,    0.0000000000E+00,    2.2551748058E+02,    2.2551748058E+02,    0.0000000000E+00,    0.0000000000E+00,    0.0000000000E+00,    2.2551748058E+02
    163150,      0.676953,CP6_after_kinetics,   1,    0.0000000000E+00,    2.2551748058E+02,    2.2551748058E+02,    0.0000000000E+00,    0.0000000000E+00,    0.0000000000E+00,    2.2551748058E+02
    163150,      0.676953,CP7_after_upper_clamp,   1,    0.0000000000E+00,    2.2551748058E+02,    2.2551748058E+02,    0.0000000000E+00,    0.0000000000E+00,    0.0000000000E+00,    2.2551748058E+02
    163150,      0.676953,CP8_after_OBC,   1,    0.0000000000E+00,    2.2551748058E+02,    2.2551748058E+02,    0.0000000000E+00,    0.0000000000E+00,    0.0000000000E+00,    2.2551748058E+02
    163150,      0.676953,CP9_after_PTsource,   1,    0.0000000000E+00,    2.2551748058E+02,    2.2551748058E+02,    0.0000000000E+00,    0.0000000000E+00,    0.0000000000E+00,    2.2551748058E+02
    163150,      0.676953,CP10_after_neg_clamp,   1,    0.0000000000E+00,    2.2551748058E+02,    2.2551748058E+02,    0.0000000000E+00,    0.0000000000E+00,    0.0000000000E+00,    2.2551748058E+02
    163150,      0.676953,CP11_after_MPI,   1,    0.0000000000E+00,    2.2551748058E+02,    2.2551748058E+02,    0.0000000000E+00,    0.0000000000E+00,    0.0000000000E+00,    2.2551748058E+02
    163150,      0.676953,CP12_end,   1,    0.0000000000E+00,    2.2551748058E+02,    2.2551748058E+02,    0.0000000000E+00,    0.0000000000E+00,    0.0000000000E+00,    2.2551748058E+02
    163200,      0.676953,CP0_start,   1,    0.0000000000E+00,    2.2563052111E+02,    2.2563052111E+02,    0.0000000000E+00,    0.0000000000E+00,    0.0000000000E+00,    2.2563052111E+02
    163200,      0.676953,CP1_after_deposition,   1,    0.0000000000E+00,    2.2563052111E+02,    2.2563052111E+02,    0.0000000000E+00,    0.0000000000E+00,    0.0000000000E+00,    2.2563052111E+02
    163200,      0.676953,CP2_after_erosion,   1,    0.0000000000E+00,    2.2563052111E+02,    2.2563052111E+02,    0.0000000000E+00,    0.0000000000E+00,    0.0000000000E+00,    2.2563052111E+02
    163200,      0.676953,CP3_after_update_bottom,   1,    0.0000000000E+00,    2.2563052111E+02,    2.2563052111E+02,    0.0000000000E+00,    0.0000000000E+00,    0.0000000000E+00,    2.2563052111E+02
    163200,      0.676953,CP4_after_advection,   1,    0.0000000000E+00,    2.2563425709E+02,    2.2563425709E+02,    0.0000000000E+00,    0.0000000000E+00,    0.0000000000E+00,    2.2563425709E+02
    163200,      0.676953,CP5_after_vdif,   1,    0.0000000000E+00,    2.2563425709E+02,    2.2563425709E+02,    0.0000000000E+00,    0.0000000000E+00,    0.0000000000E+00,    2.2563425709E+02
    163200,      0.676953,CP6_after_kinetics,   1,    0.0000000000E+00,    2.2563425709E+02,    2.2563425709E+02,    0.0000000000E+00,    0.0000000000E+00,    0.0000000000E+00,    2.2563425709E+02
    163200,      0.676953,CP7_after_upper_clamp,   1,    0.0000000000E+00,    2.2563425709E+02,    2.2563425709E+02,    0.0000000000E+00,    0.0000000000E+00,    0.0000000000E+00,    2.2563425709E+02
    163200,      0.676953,CP8_after_OBC,   1,    0.0000000000E+00,    2.2563425709E+02,    2.2563425709E+02,    0.0000000000E+00,    0.0000000000E+00,    0.0000000000E+00,    2.2563425709E+02
    163200,      0.676953,CP9_after_PTsource,   1,    0.0000000000E+00,    2.2563425709E+02,    2.2563425709E+02,    0.0000000000E+00,    0.0000000000E+00,    0.0000000000E+00,    2.2563425709E+02
    163200,      0.676953,CP10_after_neg_clamp,   1,    0.0000000000E+00,    2.2563425709E+02,    2.2563425709E+02,    0.0000000000E+00,    0.0000000000E+00,    0.0000000000E+00,    2.2563425709E+02
    163200,      0.676953,CP11_after_MPI,   1,    0.0000000000E+00,    2.2563425709E+02,    2.2563425709E+02,    0.0000000000E+00,    0.0000000000E+00,    0.0000000000E+00,    2.2563425709E+02
    163200,      0.676953,CP12_end,   1,    0.0000000000E+00,    2.2563425709E+02,    2.2563425709E+02,    0.0000000000E+00,    0.0000000000E+00,    0.0000000000E+00,    2.2563425709E+02
    163250,      0.676953,CP0_start,   1,    0.0000000000E+00,    2.2575018070E+02,    2.2575018070E+02,    0.0000000000E+00,    0.0000000000E+00,    0.0000000000E+00,    2.2575018070E+02
    163250,      0.676953,CP1_after_deposition,   1,    0.0000000000E+00,    2.2575018070E+02,    2.2575018070E+02,    0.0000000000E+00,    0.0000000000E+00,    0.0000000000E+00,    2.2575018070E+02
    163250,      0.676953,CP2_after_erosion,   1,    0.0000000000E+00,    2.2575018070E+02,    2.2575018070E+02,    0.0000000000E+00,    0.0000000000E+00,    0.0000000000E+00,    2.2575018070E+02
    163250,      0.676953,CP3_after_update_bottom,   1,    0.0000000000E+00,    2.2575018070E+02,    2.2575018070E+02,    0.0000000000E+00,    0.0000000000E+00,    0.0000000000E+00,    2.2575018070E+02
    163250,      0.676953,CP4_after_advection,   1,    0.0000000000E+00,    2.2575419786E+02,    2.2575419786E+02,    0.0000000000E+00,    0.0000000000E+00,    0.0000000000E+00,    2.2575419786E+02
    163250,      0.676953,CP5_after_vdif,   1,    0.0000000000E+00,    2.2575419786E+02,    2.2575419786E+02,    0.0000000000E+00,    0.0000000000E+00,    0.0000000000E+00,    2.2575419786E+02
    163250,      0.676953,CP6_after_kinetics,   1,    0.0000000000E+00,    2.2575419786E+02,    2.2575419786E+02,    0.0000000000E+00,    0.0000000000E+00,    0.0000000000E+00,    2.2575419786E+02
    163250,      0.676953,CP7_after_upper_clamp,   1,    0.0000000000E+00,    2.2575419786E+02,    2.2575419786E+02,    0.0000000000E+00,    0.0000000000E+00,    0.0000000000E+00,    2.2575419786E+02
    163250,      0.676953,CP8_after_OBC,   1,    0.0000000000E+00,    2.2575419786E+02,    2.2575419786E+02,    0.0000000000E+00,    0.0000000000E+00,    0.0000000000E+00,    2.2575419786E+02
    163250,      0.676953,CP9_after_PTsource,   1,    0.0000000000E+00,    2.2575419786E+02,    2.2575419786E+02,    0.0000000000E+00,    0.0000000000E+00,    0.0000000000E+00,    2.2575419786E+02
    163250,      0.676953,CP10_after_neg_clamp,   1,    0.0000000000E+00,    2.2575419786E+02,    2.2575419786E+02,    0.0000000000E+00,    0.0000000000E+00,    0.0000000000E+00,    2.2575419786E+02
    163250,      0.676953,CP11_after_MPI,   1,    0.0000000000E+00,    2.2575419786E+02,    2.2575419786E+02,    0.0000000000E+00,    0.0000000000E+00,    0.0000000000E+00,    2.2575419786E+02
    163250,      0.676953,CP12_end,   1,    0.0000000000E+00,    2.2575419786E+02,    2.2575419786E+02,    0.0000000000E+00,    0.0000000000E+00,    0.0000000000E+00,    2.2575419786E+02
    163300,      0.676953,CP0_start,   1,    0.0000000000E+00,    2.2587465677E+02,    2.2587465677E+02,    0.0000000000E+00,    0.0000000000E+00,    0.0000000000E+00,    2.2587465677E+02
    163300,      0.676953,CP1_after_deposition,   1,    0.0000000000E+00,    2.2587465677E+02,    2.2587465677E+02,    0.0000000000E+00,    0.0000000000E+00,    0.0000000000E+00,    2.2587465677E+02
    163300,      0.676953,CP2_after_erosion,   1,    0.0000000000E+00,    2.2587465677E+02,    2.2587465677E+02,    0.0000000000E+00,    0.0000000000E+00,    0.0000000000E+00,    2.2587465677E+02
    163300,      0.676953,CP3_after_update_bottom,   1,    0.0000000000E+00,    2.2587465677E+02,    2.2587465677E+02,    0.0000000000E+00,    0.0000000000E+00,    0.0000000000E+00,    2.2587465677E+02
    163300,      0.676953,CP4_after_advection,   1,    0.0000000000E+00,    2.2587896621E+02,    2.2587896621E+02,    0.0000000000E+00,    0.0000000000E+00,    0.0000000000E+00,    2.2587896621E+02
    163300,      0.676953,CP5_after_vdif,   1,    0.0000000000E+00,    2.2587896621E+02,    2.2587896621E+02,    0.0000000000E+00,    0.0000000000E+00,    0.0000000000E+00,    2.2587896621E+02
    163300,      0.676953,CP6_after_kinetics,   1,    0.0000000000E+00,    2.2587896621E+02,    2.2587896621E+02,    0.0000000000E+00,    0.0000000000E+00,    0.0000000000E+00,    2.2587896621E+02
    163300,      0.676953,CP7_after_upper_clamp,   1,    0.0000000000E+00,    2.2587896621E+02,    2.2587896621E+02,    0.0000000000E+00,    0.0000000000E+00,    0.0000000000E+00,    2.2587896621E+02
    163300,      0.676953,CP8_after_OBC,   1,    0.0000000000E+00,    2.2587896621E+02,    2.2587896621E+02,    0.0000000000E+00,    0.0000000000E+00,    0.0000000000E+00,    2.2587896621E+02
    163300,      0.676953,CP9_after_PTsource,   1,    0.0000000000E+00,    2.2587896621E+02,    2.2587896621E+02,    0.0000000000E+00,    0.0000000000E+00,    0.0000000000E+00,    2.2587896621E+02
    163300,      0.676953,CP10_after_neg_clamp,   1,    0.0000000000E+00,    2.2587896621E+02,    2.2587896621E+02,    0.0000000000E+00,    0.0000000000E+00,    0.0000000000E+00,    2.2587896621E+02
    163300,      0.676953,CP11_after_MPI,   1,    0.0000000000E+00,    2.2587896621E+02,    2.2587896621E+02,    0.0000000000E+00,    0.0000000000E+00,    0.0000000000E+00,    2.2587896621E+02
    163300,      0.676953,CP12_end,   1,    0.0000000000E+00,    2.2587896621E+02,    2.2587896621E+02,    0.0000000000E+00,    0.0000000000E+00,    0.0000000000E+00,    2.2587896621E+02
    163350,      0.676953,CP0_start,   1,    0.0000000000E+00,    2.2600525533E+02,    2.2600525533E+02,    0.0000000000E+00,    0.0000000000E+00,    0.0000000000E+00,    2.2600525533E+02
    163350,      0.676953,CP1_after_deposition,   1,    0.0000000000E+00,    2.2600525533E+02,    2.2600525533E+02,    0.0000000000E+00,    0.0000000000E+00,    0.0000000000E+00,    2.2600525533E+02
    163350,      0.676953,CP2_after_erosion,   1,    0.0000000000E+00,    2.2600525533E+02,    2.2600525533E+02,    0.0000000000E+00,    0.0000000000E+00,    0.0000000000E+00,    2.2600525533E+02
    163350,      0.676953,CP3_after_update_bottom,   1,    0.0000000000E+00,    2.2600525533E+02,    2.2600525533E+02,    0.0000000000E+00,    0.0000000000E+00,    0.0000000000E+00,    2.2600525533E+02
    163350,      0.676953,CP4_after_advection,   1,    0.0000000000E+00,    2.2600986305E+02,    2.2600986305E+02,    0.0000000000E+00,    0.0000000000E+00,    0.0000000000E+00,    2.2600986305E+02
    163350,      0.676953,CP5_after_vdif,   1,    0.0000000000E+00,    2.2600986305E+02,    2.2600986305E+02,    0.0000000000E+00,    0.0000000000E+00,    0.0000000000E+00,    2.2600986305E+02
    163350,      0.676953,CP6_after_kinetics,   1,    0.0000000000E+00,    2.2600986305E+02,    2.2600986305E+02,    0.0000000000E+00,    0.0000000000E+00,    0.0000000000E+00,    2.2600986305E+02
    163350,      0.676953,CP7_after_upper_clamp,   1,    0.0000000000E+00,    2.2600986305E+02,    2.2600986305E+02,    0.0000000000E+00,    0.0000000000E+00,    0.0000000000E+00,    2.2600986305E+02
    163350,      0.676953,CP8_after_OBC,   1,    0.0000000000E+00,    2.2600986305E+02,    2.2600986305E+02,    0.0000000000E+00,    0.0000000000E+00,    0.0000000000E+00,    2.2600986305E+02
    163350,      0.676953,CP9_after_PTsource,   1,    0.0000000000E+00,    2.2600986305E+02,    2.2600986305E+02,    0.0000000000E+00,    0.0000000000E+00,    0.0000000000E+00,    2.2600986305E+02
    163350,      0.676953,CP10_after_neg_clamp,   1,    0.0000000000E+00,    2.2600986305E+02,    2.2600986305E+02,    0.0000000000E+00,    0.0000000000E+00,    0.0000000000E+00,    2.2600986305E+02
    163350,      0.676953,CP11_after_MPI,   1,    0.0000000000E+00,    2.2600986305E+02,    2.2600986305E+02,    0.0000000000E+00,    0.0000000000E+00,    0.0000000000E+00,    2.2600986305E+02
    163350,      0.676953,CP12_end,   1,    0.0000000000E+00,    2.2600986305E+02,    2.2600986305E+02,    0.0000000000E+00,    0.0000000000E+00,    0.0000000000E+00,    2.2600986305E+02
    163400,      0.676954,CP0_start,   1,    0.0000000000E+00,    2.2614230654E+02,    2.2614230654E+02,    0.0000000000E+00,    0.0000000000E+00,    0.0000000000E+00,    2.2614230654E+02
    163400,      0.676954,CP1_after_deposition,   1,    0.0000000000E+00,    2.2614230654E+02,    2.2614230654E+02,    0.0000000000E+00,    0.0000000000E+00,    0.0000000000E+00,    2.2614230654E+02
    163400,      0.676954,CP2_after_erosion,   1,    0.0000000000E+00,    2.2614230654E+02,    2.2614230654E+02,    0.0000000000E+00,    0.0000000000E+00,    0.0000000000E+00,    2.2614230654E+02
    163400,      0.676954,CP3_after_update_bottom,   1,    0.0000000000E+00,    2.2614230654E+02,    2.2614230654E+02,    0.0000000000E+00,    0.0000000000E+00,    0.0000000000E+00,    2.2614230654E+02
    163400,      0.676954,CP4_after_advection,   1,    0.0000000000E+00,    2.2614725621E+02,    2.2614725621E+02,    0.0000000000E+00,    0.0000000000E+00,    0.0000000000E+00,    2.2614725621E+02
    163400,      0.676954,CP5_after_vdif,   1,    0.0000000000E+00,    2.2614725621E+02,    2.2614725621E+02,    0.0000000000E+00,    0.0000000000E+00,    0.0000000000E+00,    2.2614725621E+02
    163400,      0.676954,CP6_after_kinetics,   1,    0.0000000000E+00,    2.2614725621E+02,    2.2614725621E+02,    0.0000000000E+00,    0.0000000000E+00,    0.0000000000E+00,    2.2614725621E+02
    163400,      0.676954,CP7_after_upper_clamp,   1,    0.0000000000E+00,    2.2614725621E+02,    2.2614725621E+02,    0.0000000000E+00,    0.0000000000E+00,    0.0000000000E+00,    2.2614725621E+02
    163400,      0.676954,CP8_after_OBC,   1,    0.0000000000E+00,    2.2614725621E+02,    2.2614725621E+02,    0.0000000000E+00,    0.0000000000E+00,    0.0000000000E+00,    2.2614725621E+02
    163400,      0.676954,CP9_after_PTsource,   1,    0.0000000000E+00,    2.2614725621E+02,    2.2614725621E+02,    0.0000000000E+00,    0.0000000000E+00,    0.0000000000E+00,    2.2614725621E+02
    163400,      0.676954,CP10_after_neg_clamp,   1,    0.0000000000E+00,    2.2614725621E+02,    2.2614725621E+02,    0.0000000000E+00,    0.0000000000E+00,    0.0000000000E+00,    2.2614725621E+02
    163400,      0.676954,CP11_after_MPI,   1,    0.0000000000E+00,    2.2614725621E+02,    2.2614725621E+02,    0.0000000000E+00,    0.0000000000E+00,    0.0000000000E+00,    2.2614725621E+02
    163400,      0.676954,CP12_end,   1,    0.0000000000E+00,    2.2614725621E+02,    2.2614725621E+02,    0.0000000000E+00,    0.0000000000E+00,    0.0000000000E+00,    2.2614725621E+02
    163450,      0.676954,CP0_start,   1,    0.0000000000E+00,    2.2628531463E+02,    2.2628531463E+02,    0.0000000000E+00,    0.0000000000E+00,    0.0000000000E+00,    2.2628531463E+02
    163450,      0.676954,CP1_after_deposition,   1,    0.0000000000E+00,    2.2628531463E+02,    2.2628531463E+02,    0.0000000000E+00,    0.0000000000E+00,    0.0000000000E+00,    2.2628531463E+02
    163450,      0.676954,CP2_after_erosion,   1,    0.0000000000E+00,    2.2628531463E+02,    2.2628531463E+02,    0.0000000000E+00,    0.0000000000E+00,    0.0000000000E+00,    2.2628531463E+02
    163450,      0.676954,CP3_after_update_bottom,   1,    0.0000000000E+00,    2.2628531463E+02,    2.2628531463E+02,    0.0000000000E+00,    0.0000000000E+00,    0.0000000000E+00,    2.2628531463E+02
    163450,      0.676954,CP4_after_advection,   1,    0.0000000000E+00,    2.2629053869E+02,    2.2629053869E+02,    0.0000000000E+00,    0.0000000000E+00,    0.0000000000E+00,    2.2629053869E+02
    163450,      0.676954,CP5_after_vdif,   1,    0.0000000000E+00,    2.2629053869E+02,    2.2629053869E+02,    0.0000000000E+00,    0.0000000000E+00,    0.0000000000E+00,    2.2629053869E+02
    163450,      0.676954,CP6_after_kinetics,   1,    0.0000000000E+00,    2.2629053869E+02,    2.2629053869E+02,    0.0000000000E+00,    0.0000000000E+00,    0.0000000000E+00,    2.2629053869E+02
    163450,      0.676954,CP7_after_upper_clamp,   1,    0.0000000000E+00,    2.2629053869E+02,    2.2629053869E+02,    0.0000000000E+00,    0.0000000000E+00,    0.0000000000E+00,    2.2629053869E+02
    163450,      0.676954,CP8_after_OBC,   1,    0.0000000000E+00,    2.2629053869E+02,    2.2629053869E+02,    0.0000000000E+00,    0.0000000000E+00,    0.0000000000E+00,    2.2629053869E+02
    163450,      0.676954,CP9_after_PTsource,   1,    0.0000000000E+00,    2.2629053869E+02,    2.2629053869E+02,    0.0000000000E+00,    0.0000000000E+00,    0.0000000000E+00,    2.2629053869E+02
    163450,      0.676954,CP10_after_neg_clamp,   1,    0.0000000000E+00,    2.2629053869E+02,    2.2629053869E+02,    0.0000000000E+00,    0.0000000000E+00,    0.0000000000E+00,    2.2629053869E+02
    163450,      0.676954,CP11_after_MPI,   1,    0.0000000000E+00,    2.2629053869E+02,    2.2629053869E+02,    0.0000000000E+00,    0.0000000000E+00,    0.0000000000E+00,    2.2629053869E+02
    163450,      0.676954,CP12_end,   1,    0.0000000000E+00,    2.2629053869E+02,    2.2629053869E+02,    0.0000000000E+00,    0.0000000000E+00,    0.0000000000E+00,    2.2629053869E+02
    163500,      0.676954,CP0_start,   1,    0.0000000000E+00,    2.2643332033E+02,    2.2643332033E+02,    0.0000000000E+00,    0.0000000000E+00,    0.0000000000E+00,    2.2643332033E+02
    163500,      0.676954,CP1_after_deposition,   1,    0.0000000000E+00,    2.2643332033E+02,    2.2643332033E+02,    0.0000000000E+00,    0.0000000000E+00,    0.0000000000E+00,    2.2643332033E+02
    163500,      0.676954,CP2_after_erosion,   1,    0.0000000000E+00,    2.2643332033E+02,    2.2643332033E+02,    0.0000000000E+00,    0.0000000000E+00,    0.0000000000E+00,    2.2643332033E+02
    163500,      0.676954,CP3_after_update_bottom,   1,    0.0000000000E+00,    2.2643332033E+02,    2.2643332033E+02,    0.0000000000E+00,    0.0000000000E+00,    0.0000000000E+00,    2.2643332033E+02
    163500,      0.676954,CP4_after_advection,   1,    0.0000000000E+00,    2.2643883318E+02,    2.2643883318E+02,    0.0000000000E+00,    0.0000000000E+00,    0.0000000000E+00,    2.2643883318E+02
    163500,      0.676954,CP5_after_vdif,   1,    0.0000000000E+00,    2.2643883318E+02,    2.2643883318E+02,    0.0000000000E+00,    0.0000000000E+00,    0.0000000000E+00,    2.2643883318E+02
    163500,      0.676954,CP6_after_kinetics,   1,    0.0000000000E+00,    2.2643883318E+02,    2.2643883318E+02,    0.0000000000E+00,    0.0000000000E+00,    0.0000000000E+00,    2.2643883318E+02
    163500,      0.676954,CP7_after_upper_clamp,   1,    0.0000000000E+00,    2.2643883318E+02,    2.2643883318E+02,    0.0000000000E+00,    0.0000000000E+00,    0.0000000000E+00,    2.2643883318E+02
    163500,      0.676954,CP8_after_OBC,   1,    0.0000000000E+00,    2.2643883318E+02,    2.2643883318E+02,    0.0000000000E+00,    0.0000000000E+00,    0.0000000000E+00,    2.2643883318E+02
    163500,      0.676954,CP9_after_PTsource,   1,    0.0000000000E+00,    2.2643883318E+02,    2.2643883318E+02,    0.0000000000E+00,    0.0000000000E+00,    0.0000000000E+00,    2.2643883318E+02
    163500,      0.676954,CP10_after_neg_clamp,   1,    0.0000000000E+00,    2.2643883318E+02,    2.2643883318E+02,    0.0000000000E+00,    0.0000000000E+00,    0.0000000000E+00,    2.2643883318E+02
    163500,      0.676954,CP11_after_MPI,   1,    0.0000000000E+00,    2.2643883318E+02,    2.2643883318E+02,    0.0000000000E+00,    0.0000000000E+00,    0.0000000000E+00,    2.2643883318E+02
    163500,      0.676954,CP12_end,   1,    0.0000000000E+00,    2.2643883318E+02,    2.2643883318E+02,    0.0000000000E+00,    0.0000000000E+00,    0.0000000000E+00,    2.2643883318E+02
    163550,      0.676954,CP0_start,   1,    0.0000000000E+00,    2.2658434612E+02,    2.2658434612E+02,    0.0000000000E+00,    0.0000000000E+00,    0.0000000000E+00,    2.2658434612E+02
    163550,      0.676954,CP1_after_deposition,   1,    0.0000000000E+00,    2.2658434612E+02,    2.2658434612E+02,    0.0000000000E+00,    0.0000000000E+00,    0.0000000000E+00,    2.2658434612E+02
    163550,      0.676954,CP2_after_erosion,   1,    0.0000000000E+00,    2.2658434612E+02,    2.2658434612E+02,    0.0000000000E+00,    0.0000000000E+00,    0.0000000000E+00,    2.2658434612E+02
    163550,      0.676954,CP3_after_update_bottom,   1,    0.0000000000E+00,    2.2658434612E+02,    2.2658434612E+02,    0.0000000000E+00,    0.0000000000E+00,    0.0000000000E+00,    2.2658434612E+02
    163550,      0.676954,CP4_after_advection,   1,    0.0000000000E+00,    2.2659007548E+02,    2.2659007548E+02,    0.0000000000E+00,    0.0000000000E+00,    0.0000000000E+00,    2.2659007548E+02
    163550,      0.676954,CP5_after_vdif,   1,    0.0000000000E+00,    2.2659007548E+02,    2.2659007548E+02,    0.0000000000E+00,    0.0000000000E+00,    0.0000000000E+00,    2.2659007548E+02
    163550,      0.676954,CP6_after_kinetics,   1,    0.0000000000E+00,    2.2659007548E+02,    2.2659007548E+02,    0.0000000000E+00,    0.0000000000E+00,    0.0000000000E+00,    2.2659007548E+02
    163550,      0.676954,CP7_after_upper_clamp,   1,    0.0000000000E+00,    2.2659007548E+02,    2.2659007548E+02,    0.0000000000E+00,    0.0000000000E+00,    0.0000000000E+00,    2.2659007548E+02
    163550,      0.676954,CP8_after_OBC,   1,    0.0000000000E+00,    2.2659007548E+02,    2.2659007548E+02,    0.0000000000E+00,    0.0000000000E+00,    0.0000000000E+00,    2.2659007548E+02
    163550,      0.676954,CP9_after_PTsource,   1,    0.0000000000E+00,    2.2659007548E+02,    2.2659007548E+02,    0.0000000000E+00,    0.0000000000E+00,    0.0000000000E+00,    2.2659007548E+02
    163550,      0.676954,CP10_after_neg_clamp,   1,    0.0000000000E+00,    2.2659007548E+02,    2.2659007548E+02,    0.0000000000E+00,    0.0000000000E+00,    0.0000000000E+00,    2.2659007548E+02
    163550,      0.676954,CP11_after_MPI,   1,    0.0000000000E+00,    2.2659007548E+02,    2.2659007548E+02,    0.0000000000E+00,    0.0000000000E+00,    0.0000000000E+00,    2.2659007548E+02
    163550,      0.676954,CP12_end,   1,    0.0000000000E+00,    2.2659007548E+02,    2.2659007548E+02,    0.0000000000E+00,    0.0000000000E+00,    0.0000000000E+00,    2.2659007548E+02
    163600,      0.676954,CP0_start,   1,    0.0000000000E+00,    2.2673632317E+02,    2.2673632317E+02,    0.0000000000E+00,    0.0000000000E+00,    0.0000000000E+00,    2.2673632317E+02
    163600,      0.676954,CP1_after_deposition,   1,    0.0000000000E+00,    2.2673632317E+02,    2.2673632317E+02,    0.0000000000E+00,    0.0000000000E+00,    0.0000000000E+00,    2.2673632317E+02
    163600,      0.676954,CP2_after_erosion,   1,    0.0000000000E+00,    2.2673632317E+02,    2.2673632317E+02,    0.0000000000E+00,    0.0000000000E+00,    0.0000000000E+00,    2.2673632317E+02
    163600,      0.676954,CP3_after_update_bottom,   1,    0.0000000000E+00,    2.2673632317E+02,    2.2673632317E+02,    0.0000000000E+00,    0.0000000000E+00,    0.0000000000E+00,    2.2673632317E+02
    163600,      0.676954,CP4_after_advection,   1,    0.0000000000E+00,    2.2674228309E+02,    2.2674228309E+02,    0.0000000000E+00,    0.0000000000E+00,    0.0000000000E+00,    2.2674228309E+02
    163600,      0.676954,CP5_after_vdif,   1,    0.0000000000E+00,    2.2674228309E+02,    2.2674228309E+02,    0.0000000000E+00,    0.0000000000E+00,    0.0000000000E+00,    2.2674228309E+02
    163600,      0.676954,CP6_after_kinetics,   1,    0.0000000000E+00,    2.2674228309E+02,    2.2674228309E+02,    0.0000000000E+00,    0.0000000000E+00,    0.0000000000E+00,    2.2674228309E+02
    163600,      0.676954,CP7_after_upper_clamp,   1,    0.0000000000E+00,    2.2674228309E+02,    2.2674228309E+02,    0.0000000000E+00,    0.0000000000E+00,    0.0000000000E+00,    2.2674228309E+02
    163600,      0.676954,CP8_after_OBC,   1,    0.0000000000E+00,    2.2674228309E+02,    2.2674228309E+02,    0.0000000000E+00,    0.0000000000E+00,    0.0000000000E+00,    2.2674228309E+02
    163600,      0.676954,CP9_after_PTsource,   1,    0.0000000000E+00,    2.2674228309E+02,    2.2674228309E+02,    0.0000000000E+00,    0.0000000000E+00,    0.0000000000E+00,    2.2674228309E+02
    163600,      0.676954,CP10_after_neg_clamp,   1,    0.0000000000E+00,    2.2674228309E+02,    2.2674228309E+02,    0.0000000000E+00,    0.0000000000E+00,    0.0000000000E+00,    2.2674228309E+02
    163600,      0.676954,CP11_after_MPI,   1,    0.0000000000E+00,    2.2674228309E+02,    2.2674228309E+02,    0.0000000000E+00,    0.0000000000E+00,    0.0000000000E+00,    2.2674228309E+02
    163600,      0.676954,CP12_end,   1,    0.0000000000E+00,    2.2674228309E+02,    2.2674228309E+02,    0.0000000000E+00,    0.0000000000E+00,    0.0000000000E+00,    2.2674228309E+02
    163650,      0.676954,CP0_start,   1,    0.0000000000E+00,    2.2688734242E+02,    2.2688734242E+02,    0.0000000000E+00,    0.0000000000E+00,    0.0000000000E+00,    2.2688734242E+02
    163650,      0.676954,CP1_after_deposition,   1,    0.0000000000E+00,    2.2688734242E+02,    2.2688734242E+02,    0.0000000000E+00,    0.0000000000E+00,    0.0000000000E+00,    2.2688734242E+02
    163650,      0.676954,CP2_after_erosion,   1,    0.0000000000E+00,    2.2688734242E+02,    2.2688734242E+02,    0.0000000000E+00,    0.0000000000E+00,    0.0000000000E+00,    2.2688734242E+02
    163650,      0.676954,CP3_after_update_bottom,   1,    0.0000000000E+00,    2.2688734242E+02,    2.2688734242E+02,    0.0000000000E+00,    0.0000000000E+00,    0.0000000000E+00,    2.2688734242E+02
    163650,      0.676954,CP4_after_advection,   1,    0.0000000000E+00,    2.2689346481E+02,    2.2689346481E+02,    0.0000000000E+00,    0.0000000000E+00,    0.0000000000E+00,    2.2689346481E+02
    163650,      0.676954,CP5_after_vdif,   1,    0.0000000000E+00,    2.2689346481E+02,    2.2689346481E+02,    0.0000000000E+00,    0.0000000000E+00,    0.0000000000E+00,    2.2689346481E+02
    163650,      0.676954,CP6_after_kinetics,   1,    0.0000000000E+00,    2.2689346481E+02,    2.2689346481E+02,    0.0000000000E+00,    0.0000000000E+00,    0.0000000000E+00,    2.2689346481E+02
    163650,      0.676954,CP7_after_upper_clamp,   1,    0.0000000000E+00,    2.2689346481E+02,    2.2689346481E+02,    0.0000000000E+00,    0.0000000000E+00,    0.0000000000E+00,    2.2689346481E+02
    163650,      0.676954,CP8_after_OBC,   1,    0.0000000000E+00,    2.2689346481E+02,    2.2689346481E+02,    0.0000000000E+00,    0.0000000000E+00,    0.0000000000E+00,    2.2689346481E+02
    163650,      0.676954,CP9_after_PTsource,   1,    0.0000000000E+00,    2.2689346481E+02,    2.2689346481E+02,    0.0000000000E+00,    0.0000000000E+00,    0.0000000000E+00,    2.2689346481E+02
    163650,      0.676954,CP10_after_neg_clamp,   1,    0.0000000000E+00,    2.2689346481E+02,    2.2689346481E+02,    0.0000000000E+00,    0.0000000000E+00,    0.0000000000E+00,    2.2689346481E+02
    163650,      0.676954,CP11_after_MPI,   1,    0.0000000000E+00,    2.2689346481E+02,    2.2689346481E+02,    0.0000000000E+00,    0.0000000000E+00,    0.0000000000E+00,    2.2689346481E+02
    163650,      0.676954,CP12_end,   1,    0.0000000000E+00,    2.2689346481E+02,    2.2689346481E+02,    0.0000000000E+00,    0.0000000000E+00,    0.0000000000E+00,    2.2689346481E+02
    163700,      0.676954,CP0_start,   1,    0.0000000000E+00,    2.2703393324E+02,    2.2703393324E+02,    0.0000000000E+00,    0.0000000000E+00,    0.0000000000E+00,    2.2703393324E+02
    163700,      0.676954,CP1_after_deposition,   1,    0.0000000000E+00,    2.2703393324E+02,    2.2703393324E+02,    0.0000000000E+00,    0.0000000000E+00,    0.0000000000E+00,    2.2703393324E+02
    163700,      0.676954,CP2_after_erosion,   1,    0.0000000000E+00,    2.2703393324E+02,    2.2703393324E+02,    0.0000000000E+00,    0.0000000000E+00,    0.0000000000E+00,    2.2703393324E+02
    163700,      0.676954,CP3_after_update_bottom,   1,    0.0000000000E+00,    2.2703393324E+02,    2.2703393324E+02,    0.0000000000E+00,    0.0000000000E+00,    0.0000000000E+00,    2.2703393324E+02
    163700,      0.676954,CP4_after_advection,   1,    0.0000000000E+00,    2.2704019498E+02,    2.2704019498E+02,    0.0000000000E+00,    0.0000000000E+00,    0.0000000000E+00,    2.2704019498E+02
    163700,      0.676954,CP5_after_vdif,   1,    0.0000000000E+00,    2.2704019498E+02,    2.2704019498E+02,    0.0000000000E+00,    0.0000000000E+00,    0.0000000000E+00,    2.2704019498E+02
    163700,      0.676954,CP6_after_kinetics,   1,    0.0000000000E+00,    2.2704019498E+02,    2.2704019498E+02,    0.0000000000E+00,    0.0000000000E+00,    0.0000000000E+00,    2.2704019498E+02
    163700,      0.676954,CP7_after_upper_clamp,   1,    0.0000000000E+00,    2.2704019498E+02,    2.2704019498E+02,    0.0000000000E+00,    0.0000000000E+00,    0.0000000000E+00,    2.2704019498E+02
    163700,      0.676954,CP8_after_OBC,   1,    0.0000000000E+00,    2.2704019498E+02,    2.2704019498E+02,    0.0000000000E+00,    0.0000000000E+00,    0.0000000000E+00,    2.2704019498E+02
    163700,      0.676954,CP9_after_PTsource,   1,    0.0000000000E+00,    2.2704019498E+02,    2.2704019498E+02,    0.0000000000E+00,    0.0000000000E+00,    0.0000000000E+00,    2.2704019498E+02
    163700,      0.676954,CP10_after_neg_clamp,   1,    0.0000000000E+00,    2.2704019498E+02,    2.2704019498E+02,    0.0000000000E+00,    0.0000000000E+00,    0.0000000000E+00,    2.2704019498E+02
    163700,      0.676954,CP11_after_MPI,   1,    0.0000000000E+00,    2.2704019498E+02,    2.2704019498E+02,    0.0000000000E+00,    0.0000000000E+00,    0.0000000000E+00,    2.2704019498E+02
    163700,      0.676954,CP12_end,   1,    0.0000000000E+00,    2.2704019498E+02,    2.2704019498E+02,    0.0000000000E+00,    0.0000000000E+00,    0.0000000000E+00,    2.2704019498E+02
    163750,      0.676954,CP0_start,   1,    0.0000000000E+00,    2.2717567531E+02,    2.2717567531E+02,    0.0000000000E+00,    0.0000000000E+00,    0.0000000000E+00,    2.2717567531E+02
    163750,      0.676954,CP1_after_deposition,   1,    0.0000000000E+00,    2.2717567531E+02,    2.2717567531E+02,    0.0000000000E+00,    0.0000000000E+00,    0.0000000000E+00,    2.2717567531E+02
    163750,      0.676954,CP2_after_erosion,   1,    0.0000000000E+00,    2.2717567531E+02,    2.2717567531E+02,    0.0000000000E+00,    0.0000000000E+00,    0.0000000000E+00,    2.2717567531E+02
    163750,      0.676954,CP3_after_update_bottom,   1,    0.0000000000E+00,    2.2717567531E+02,    2.2717567531E+02,    0.0000000000E+00,    0.0000000000E+00,    0.0000000000E+00,    2.2717567531E+02
    163750,      0.676954,CP4_after_advection,   1,    0.0000000000E+00,    2.2718198219E+02,    2.2718198219E+02,    0.0000000000E+00,    0.0000000000E+00,    0.0000000000E+00,    2.2718198219E+02
    163750,      0.676954,CP5_after_vdif,   1,    0.0000000000E+00,    2.2718198219E+02,    2.2718198219E+02,    0.0000000000E+00,    0.0000000000E+00,    0.0000000000E+00,    2.2718198219E+02
    163750,      0.676954,CP6_after_kinetics,   1,    0.0000000000E+00,    2.2718198219E+02,    2.2718198219E+02,    0.0000000000E+00,    0.0000000000E+00,    0.0000000000E+00,    2.2718198219E+02
    163750,      0.676954,CP7_after_upper_clamp,   1,    0.0000000000E+00,    2.2718198219E+02,    2.2718198219E+02,    0.0000000000E+00,    0.0000000000E+00,    0.0000000000E+00,    2.2718198219E+02
    163750,      0.676954,CP8_after_OBC,   1,    0.0000000000E+00,    2.2718198219E+02,    2.2718198219E+02,    0.0000000000E+00,    0.0000000000E+00,    0.0000000000E+00,    2.2718198219E+02
    163750,      0.676954,CP9_after_PTsource,   1,    0.0000000000E+00,    2.2718198219E+02,    2.2718198219E+02,    0.0000000000E+00,    0.0000000000E+00,    0.0000000000E+00,    2.2718198219E+02
    163750,      0.676954,CP10_after_neg_clamp,   1,    0.0000000000E+00,    2.2718198219E+02,    2.2718198219E+02,    0.0000000000E+00,    0.0000000000E+00,    0.0000000000E+00,    2.2718198219E+02
    163750,      0.676954,CP11_after_MPI,   1,    0.0000000000E+00,    2.2718198219E+02,    2.2718198219E+02,    0.0000000000E+00,    0.0000000000E+00,    0.0000000000E+00,    2.2718198219E+02
    163750,      0.676954,CP12_end,   1,    0.0000000000E+00,    2.2718198219E+02,    2.2718198219E+02,    0.0000000000E+00,    0.0000000000E+00,    0.0000000000E+00,    2.2718198219E+02
    163800,      0.676954,CP0_start,   1,    0.0000000000E+00,    2.2731085824E+02,    2.2731085824E+02,    0.0000000000E+00,    0.0000000000E+00,    0.0000000000E+00,    2.2731085824E+02
    163800,      0.676954,CP1_after_deposition,   1,    0.0000000000E+00,    2.2731085824E+02,    2.2731085824E+02,    0.0000000000E+00,    0.0000000000E+00,    0.0000000000E+00,    2.2731085824E+02
    163800,      0.676954,CP2_after_erosion,   1,    0.0000000000E+00,    2.2731085824E+02,    2.2731085824E+02,    0.0000000000E+00,    0.0000000000E+00,    0.0000000000E+00,    2.2731085824E+02
    163800,      0.676954,CP3_after_update_bottom,   1,    0.0000000000E+00,    2.2731085824E+02,    2.2731085824E+02,    0.0000000000E+00,    0.0000000000E+00,    0.0000000000E+00,    2.2731085824E+02
    163800,      0.676954,CP4_after_advection,   1,    0.0000000000E+00,    2.2731726688E+02,    2.2731726688E+02,    0.0000000000E+00,    0.0000000000E+00,    0.0000000000E+00,    2.2731726688E+02
    163800,      0.676954,CP5_after_vdif,   1,    0.0000000000E+00,    2.2731726688E+02,    2.2731726688E+02,    0.0000000000E+00,    0.0000000000E+00,    0.0000000000E+00,    2.2731726688E+02
    163800,      0.676954,CP6_after_kinetics,   1,    0.0000000000E+00,    2.2731726688E+02,    2.2731726688E+02,    0.0000000000E+00,    0.0000000000E+00,    0.0000000000E+00,    2.2731726688E+02
    163800,      0.676954,CP7_after_upper_clamp,   1,    0.0000000000E+00,    2.2731726688E+02,    2.2731726688E+02,    0.0000000000E+00,    0.0000000000E+00,    0.0000000000E+00,    2.2731726688E+02
    163800,      0.676954,CP8_after_OBC,   1,    0.0000000000E+00,    2.2731726688E+02,    2.2731726688E+02,    0.0000000000E+00,    0.0000000000E+00,    0.0000000000E+00,    2.2731726688E+02
    163800,      0.676954,CP9_after_PTsource,   1,    0.0000000000E+00,    2.2731726688E+02,    2.2731726688E+02,    0.0000000000E+00,    0.0000000000E+00,    0.0000000000E+00,    2.2731726688E+02
    163800,      0.676954,CP10_after_neg_clamp,   1,    0.0000000000E+00,    2.2731726688E+02,    2.2731726688E+02,    0.0000000000E+00,    0.0000000000E+00,    0.0000000000E+00,    2.2731726688E+02
    163800,      0.676954,CP11_after_MPI,   1,    0.0000000000E+00,    2.2731726688E+02,    2.2731726688E+02,    0.0000000000E+00,    0.0000000000E+00,    0.0000000000E+00,    2.2731726688E+02
    163800,      0.676954,CP12_end,   1,    0.0000000000E+00,    2.2731726688E+02,    2.2731726688E+02,    0.0000000000E+00,    0.0000000000E+00,    0.0000000000E+00,    2.2731726688E+02
    163850,      0.676954,CP0_start,   1,    0.0000000000E+00,    2.2744095008E+02,    2.2744095008E+02,    0.0000000000E+00,    0.0000000000E+00,    0.0000000000E+00,    2.2744095008E+02
    163850,      0.676954,CP1_after_deposition,   1,    0.0000000000E+00,    2.2744095008E+02,    2.2744095008E+02,    0.0000000000E+00,    0.0000000000E+00,    0.0000000000E+00,    2.2744095008E+02
    163850,      0.676954,CP2_after_erosion,   1,    0.0000000000E+00,    2.2744095008E+02,    2.2744095008E+02,    0.0000000000E+00,    0.0000000000E+00,    0.0000000000E+00,    2.2744095008E+02
    163850,      0.676954,CP3_after_update_bottom,   1,    0.0000000000E+00,    2.2744095008E+02,    2.2744095008E+02,    0.0000000000E+00,    0.0000000000E+00,    0.0000000000E+00,    2.2744095008E+02
    163850,      0.676954,CP4_after_advection,   1,    0.0000000000E+00,    2.2744745031E+02,    2.2744745031E+02,    0.0000000000E+00,    0.0000000000E+00,    0.0000000000E+00,    2.2744745031E+02
    163850,      0.676954,CP5_after_vdif,   1,    0.0000000000E+00,    2.2744745031E+02,    2.2744745031E+02,    0.0000000000E+00,    0.0000000000E+00,    0.0000000000E+00,    2.2744745031E+02
    163850,      0.676954,CP6_after_kinetics,   1,    0.0000000000E+00,    2.2744745031E+02,    2.2744745031E+02,    0.0000000000E+00,    0.0000000000E+00,    0.0000000000E+00,    2.2744745031E+02
    163850,      0.676954,CP7_after_upper_clamp,   1,    0.0000000000E+00,    2.2744745031E+02,    2.2744745031E+02,    0.0000000000E+00,    0.0000000000E+00,    0.0000000000E+00,    2.2744745031E+02
    163850,      0.676954,CP8_after_OBC,   1,    0.0000000000E+00,    2.2744745031E+02,    2.2744745031E+02,    0.0000000000E+00,    0.0000000000E+00,    0.0000000000E+00,    2.2744745031E+02
    163850,      0.676954,CP9_after_PTsource,   1,    0.0000000000E+00,    2.2744745031E+02,    2.2744745031E+02,    0.0000000000E+00,    0.0000000000E+00,    0.0000000000E+00,    2.2744745031E+02
    163850,      0.676954,CP10_after_neg_clamp,   1,    0.0000000000E+00,    2.2744745031E+02,    2.2744745031E+02,    0.0000000000E+00,    0.0000000000E+00,    0.0000000000E+00,    2.2744745031E+02
    163850,      0.676954,CP11_after_MPI,   1,    0.0000000000E+00,    2.2744745031E+02,    2.2744745031E+02,    0.0000000000E+00,    0.0000000000E+00,    0.0000000000E+00,    2.2744745031E+02
    163850,      0.676954,CP12_end,   1,    0.0000000000E+00,    2.2744745031E+02,    2.2744745031E+02,    0.0000000000E+00,    0.0000000000E+00,    0.0000000000E+00,    2.2744745031E+02
    163900,      0.676954,CP0_start,   1,    0.0000000000E+00,    2.2756884282E+02,    2.2756884282E+02,    0.0000000000E+00,    0.0000000000E+00,    0.0000000000E+00,    2.2756884282E+02
    163900,      0.676954,CP1_after_deposition,   1,    0.0000000000E+00,    2.2756884282E+02,    2.2756884282E+02,    0.0000000000E+00,    0.0000000000E+00,    0.0000000000E+00,    2.2756884282E+02
    163900,      0.676954,CP2_after_erosion,   1,    0.0000000000E+00,    2.2756884282E+02,    2.2756884282E+02,    0.0000000000E+00,    0.0000000000E+00,    0.0000000000E+00,    2.2756884282E+02
    163900,      0.676954,CP3_after_update_bottom,   1,    0.0000000000E+00,    2.2756884282E+02,    2.2756884282E+02,    0.0000000000E+00,    0.0000000000E+00,    0.0000000000E+00,    2.2756884282E+02
    163900,      0.676954,CP4_after_advection,   1,    0.0000000000E+00,    2.2757550220E+02,    2.2757550220E+02,    0.0000000000E+00,    0.0000000000E+00,    0.0000000000E+00,    2.2757550220E+02
    163900,      0.676954,CP5_after_vdif,   1,    0.0000000000E+00,    2.2757550220E+02,    2.2757550220E+02,    0.0000000000E+00,    0.0000000000E+00,    0.0000000000E+00,    2.2757550220E+02
    163900,      0.676954,CP6_after_kinetics,   1,    0.0000000000E+00,    2.2757550220E+02,    2.2757550220E+02,    0.0000000000E+00,    0.0000000000E+00,    0.0000000000E+00,    2.2757550220E+02
    163900,      0.676954,CP7_after_upper_clamp,   1,    0.0000000000E+00,    2.2757550220E+02,    2.2757550220E+02,    0.0000000000E+00,    0.0000000000E+00,    0.0000000000E+00,    2.2757550220E+02
    163900,      0.676954,CP8_after_OBC,   1,    0.0000000000E+00,    2.2757550220E+02,    2.2757550220E+02,    0.0000000000E+00,    0.0000000000E+00,    0.0000000000E+00,    2.2757550220E+02
    163900,      0.676954,CP9_after_PTsource,   1,    0.0000000000E+00,    2.2757550220E+02,    2.2757550220E+02,    0.0000000000E+00,    0.0000000000E+00,    0.0000000000E+00,    2.2757550220E+02
    163900,      0.676954,CP10_after_neg_clamp,   1,    0.0000000000E+00,    2.2757550220E+02,    2.2757550220E+02,    0.0000000000E+00,    0.0000000000E+00,    0.0000000000E+00,    2.2757550220E+02
    163900,      0.676954,CP11_after_MPI,   1,    0.0000000000E+00,    2.2757550220E+02,    2.2757550220E+02,    0.0000000000E+00,    0.0000000000E+00,    0.0000000000E+00,    2.2757550220E+02
    163900,      0.676954,CP12_end,   1,    0.0000000000E+00,    2.2757550220E+02,    2.2757550220E+02,    0.0000000000E+00,    0.0000000000E+00,    0.0000000000E+00,    2.2757550220E+02
    163950,      0.676954,CP0_start,   1,    0.0000000000E+00,    2.2769706922E+02,    2.2769706922E+02,    0.0000000000E+00,    0.0000000000E+00,    0.0000000000E+00,    2.2769706922E+02
    163950,      0.676954,CP1_after_deposition,   1,    0.0000000000E+00,    2.2769706922E+02,    2.2769706922E+02,    0.0000000000E+00,    0.0000000000E+00,    0.0000000000E+00,    2.2769706922E+02
    163950,      0.676954,CP2_after_erosion,   1,    0.0000000000E+00,    2.2769706922E+02,    2.2769706922E+02,    0.0000000000E+00,    0.0000000000E+00,    0.0000000000E+00,    2.2769706922E+02
    163950,      0.676954,CP3_after_update_bottom,   1,    0.0000000000E+00,    2.2769706922E+02,    2.2769706922E+02,    0.0000000000E+00,    0.0000000000E+00,    0.0000000000E+00,    2.2769706922E+02
    163950,      0.676954,CP4_after_advection,   1,    0.0000000000E+00,    2.2770397418E+02,    2.2770397418E+02,    0.0000000000E+00,    0.0000000000E+00,    0.0000000000E+00,    2.2770397418E+02
    163950,      0.676954,CP5_after_vdif,   1,    0.0000000000E+00,    2.2770397418E+02,    2.2770397418E+02,    0.0000000000E+00,    0.0000000000E+00,    0.0000000000E+00,    2.2770397418E+02
    163950,      0.676954,CP6_after_kinetics,   1,    0.0000000000E+00,    2.2770397418E+02,    2.2770397418E+02,    0.0000000000E+00,    0.0000000000E+00,    0.0000000000E+00,    2.2770397418E+02
    163950,      0.676954,CP7_after_upper_clamp,   1,    0.0000000000E+00,    2.2770397418E+02,    2.2770397418E+02,    0.0000000000E+00,    0.0000000000E+00,    0.0000000000E+00,    2.2770397418E+02
    163950,      0.676954,CP8_after_OBC,   1,    0.0000000000E+00,    2.2770397418E+02,    2.2770397418E+02,    0.0000000000E+00,    0.0000000000E+00,    0.0000000000E+00,    2.2770397418E+02
    163950,      0.676954,CP9_after_PTsource,   1,    0.0000000000E+00,    2.2770397418E+02,    2.2770397418E+02,    0.0000000000E+00,    0.0000000000E+00,    0.0000000000E+00,    2.2770397418E+02
    163950,      0.676954,CP10_after_neg_clamp,   1,    0.0000000000E+00,    2.2770397418E+02,    2.2770397418E+02,    0.0000000000E+00,    0.0000000000E+00,    0.0000000000E+00,    2.2770397418E+02
    163950,      0.676954,CP11_after_MPI,   1,    0.0000000000E+00,    2.2770397418E+02,    2.2770397418E+02,    0.0000000000E+00,    0.0000000000E+00,    0.0000000000E+00,    2.2770397418E+02
    163950,      0.676954,CP12_end,   1,    0.0000000000E+00,    2.2770397418E+02,    2.2770397418E+02,    0.0000000000E+00,    0.0000000000E+00,    0.0000000000E+00,    2.2770397418E+02
    164000,      0.676954,CP0_start,   1,    0.0000000000E+00,    2.2782889321E+02,    2.2782889321E+02,    0.0000000000E+00,    0.0000000000E+00,    0.0000000000E+00,    2.2782889321E+02
    164000,      0.676954,CP1_after_deposition,   1,    0.0000000000E+00,    2.2782889321E+02,    2.2782889321E+02,    0.0000000000E+00,    0.0000000000E+00,    0.0000000000E+00,    2.2782889321E+02
    164000,      0.676954,CP2_after_erosion,   1,    0.0000000000E+00,    2.2782889321E+02,    2.2782889321E+02,    0.0000000000E+00,    0.0000000000E+00,    0.0000000000E+00,    2.2782889321E+02
    164000,      0.676954,CP3_after_update_bottom,   1,    0.0000000000E+00,    2.2782889321E+02,    2.2782889321E+02,    0.0000000000E+00,    0.0000000000E+00,    0.0000000000E+00,    2.2782889321E+02
    164000,      0.676954,CP4_after_advection,   1,    0.0000000000E+00,    2.2783609533E+02,    2.2783609533E+02,    0.0000000000E+00,    0.0000000000E+00,    0.0000000000E+00,    2.2783609533E+02
    164000,      0.676954,CP5_after_vdif,   1,    0.0000000000E+00,    2.2783609533E+02,    2.2783609533E+02,    0.0000000000E+00,    0.0000000000E+00,    0.0000000000E+00,    2.2783609533E+02
    164000,      0.676954,CP6_after_kinetics,   1,    0.0000000000E+00,    2.2783609533E+02,    2.2783609533E+02,    0.0000000000E+00,    0.0000000000E+00,    0.0000000000E+00,    2.2783609533E+02
    164000,      0.676954,CP7_after_upper_clamp,   1,    0.0000000000E+00,    2.2783609533E+02,    2.2783609533E+02,    0.0000000000E+00,    0.0000000000E+00,    0.0000000000E+00,    2.2783609533E+02
    164000,      0.676954,CP8_after_OBC,   1,    0.0000000000E+00,    2.2783609533E+02,    2.2783609533E+02,    0.0000000000E+00,    0.0000000000E+00,    0.0000000000E+00,    2.2783609533E+02
    164000,      0.676954,CP9_after_PTsource,   1,    0.0000000000E+00,    2.2783609533E+02,    2.2783609533E+02,    0.0000000000E+00,    0.0000000000E+00,    0.0000000000E+00,    2.2783609533E+02
    164000,      0.676954,CP10_after_neg_clamp,   1,    0.0000000000E+00,    2.2783609533E+02,    2.2783609533E+02,    0.0000000000E+00,    0.0000000000E+00,    0.0000000000E+00,    2.2783609533E+02
    164000,      0.676954,CP11_after_MPI,   1,    0.0000000000E+00,    2.2783609533E+02,    2.2783609533E+02,    0.0000000000E+00,    0.0000000000E+00,    0.0000000000E+00,    2.2783609533E+02
    164000,      0.676954,CP12_end,   1,    0.0000000000E+00,    2.2783609533E+02,    2.2783609533E+02,    0.0000000000E+00,    0.0000000000E+00,    0.0000000000E+00,    2.2783609533E+02
    164050,      0.676954,CP0_start,   1,    0.0000000000E+00,    2.2796667383E+02,    2.2796667383E+02,    0.0000000000E+00,    0.0000000000E+00,    0.0000000000E+00,    2.2796667383E+02
    164050,      0.676954,CP1_after_deposition,   1,    0.0000000000E+00,    2.2796667383E+02,    2.2796667383E+02,    0.0000000000E+00,    0.0000000000E+00,    0.0000000000E+00,    2.2796667383E+02
    164050,      0.676954,CP2_after_erosion,   1,    0.0000000000E+00,    2.2796667383E+02,    2.2796667383E+02,    0.0000000000E+00,    0.0000000000E+00,    0.0000000000E+00,    2.2796667383E+02
    164050,      0.676954,CP3_after_update_bottom,   1,    0.0000000000E+00,    2.2796667383E+02,    2.2796667383E+02,    0.0000000000E+00,    0.0000000000E+00,    0.0000000000E+00,    2.2796667383E+02
    164050,      0.676954,CP4_after_advection,   1,    0.0000000000E+00,    2.2797422660E+02,    2.2797422660E+02,    0.0000000000E+00,    0.0000000000E+00,    0.0000000000E+00,    2.2797422660E+02
    164050,      0.676954,CP5_after_vdif,   1,    0.0000000000E+00,    2.2797422660E+02,    2.2797422660E+02,    0.0000000000E+00,    0.0000000000E+00,    0.0000000000E+00,    2.2797422660E+02
    164050,      0.676954,CP6_after_kinetics,   1,    0.0000000000E+00,    2.2797422660E+02,    2.2797422660E+02,    0.0000000000E+00,    0.0000000000E+00,    0.0000000000E+00,    2.2797422660E+02
    164050,      0.676954,CP7_after_upper_clamp,   1,    0.0000000000E+00,    2.2797422660E+02,    2.2797422660E+02,    0.0000000000E+00,    0.0000000000E+00,    0.0000000000E+00,    2.2797422660E+02
    164050,      0.676954,CP8_after_OBC,   1,    0.0000000000E+00,    2.2797422660E+02,    2.2797422660E+02,    0.0000000000E+00,    0.0000000000E+00,    0.0000000000E+00,    2.2797422660E+02
    164050,      0.676954,CP9_after_PTsource,   1,    0.0000000000E+00,    2.2797422660E+02,    2.2797422660E+02,    0.0000000000E+00,    0.0000000000E+00,    0.0000000000E+00,    2.2797422660E+02
    164050,      0.676954,CP10_after_neg_clamp,   1,    0.0000000000E+00,    2.2797422660E+02,    2.2797422660E+02,    0.0000000000E+00,    0.0000000000E+00,    0.0000000000E+00,    2.2797422660E+02
    164050,      0.676954,CP11_after_MPI,   1,    0.0000000000E+00,    2.2797422660E+02,    2.2797422660E+02,    0.0000000000E+00,    0.0000000000E+00,    0.0000000000E+00,    2.2797422660E+02
    164050,      0.676954,CP12_end,   1,    0.0000000000E+00,    2.2797422660E+02,    2.2797422660E+02,    0.0000000000E+00,    0.0000000000E+00,    0.0000000000E+00,    2.2797422660E+02
    164100,      0.676954,CP0_start,   1,    0.0000000000E+00,    2.2810984357E+02,    2.2810984357E+02,    0.0000000000E+00,    0.0000000000E+00,    0.0000000000E+00,    2.2810984357E+02
    164100,      0.676954,CP1_after_deposition,   1,    0.0000000000E+00,    2.2810984357E+02,    2.2810984357E+02,    0.0000000000E+00,    0.0000000000E+00,    0.0000000000E+00,    2.2810984357E+02
    164100,      0.676954,CP2_after_erosion,   1,    0.0000000000E+00,    2.2810984357E+02,    2.2810984357E+02,    0.0000000000E+00,    0.0000000000E+00,    0.0000000000E+00,    2.2810984357E+02
    164100,      0.676954,CP3_after_update_bottom,   1,    0.0000000000E+00,    2.2810984357E+02,    2.2810984357E+02,    0.0000000000E+00,    0.0000000000E+00,    0.0000000000E+00,    2.2810984357E+02
    164100,      0.676954,CP4_after_advection,   1,    0.0000000000E+00,    2.2811764025E+02,    2.2811764025E+02,    0.0000000000E+00,    0.0000000000E+00,    0.0000000000E+00,    2.2811764025E+02
    164100,      0.676954,CP5_after_vdif,   1,    0.0000000000E+00,    2.2811764025E+02,    2.2811764025E+02,    0.0000000000E+00,    0.0000000000E+00,    0.0000000000E+00,    2.2811764025E+02
    164100,      0.676954,CP6_after_kinetics,   1,    0.0000000000E+00,    2.2811764025E+02,    2.2811764025E+02,    0.0000000000E+00,    0.0000000000E+00,    0.0000000000E+00,    2.2811764025E+02
    164100,      0.676954,CP7_after_upper_clamp,   1,    0.0000000000E+00,    2.2811764025E+02,    2.2811764025E+02,    0.0000000000E+00,    0.0000000000E+00,    0.0000000000E+00,    2.2811764025E+02
    164100,      0.676954,CP8_after_OBC,   1,    0.0000000000E+00,    2.2811764025E+02,    2.2811764025E+02,    0.0000000000E+00,    0.0000000000E+00,    0.0000000000E+00,    2.2811764025E+02
    164100,      0.676954,CP9_after_PTsource,   1,    0.0000000000E+00,    2.2811764025E+02,    2.2811764025E+02,    0.0000000000E+00,    0.0000000000E+00,    0.0000000000E+00,    2.2811764025E+02
    164100,      0.676954,CP10_after_neg_clamp,   1,    0.0000000000E+00,    2.2811764025E+02,    2.2811764025E+02,    0.0000000000E+00,    0.0000000000E+00,    0.0000000000E+00,    2.2811764025E+02
    164100,      0.676954,CP11_after_MPI,   1,    0.0000000000E+00,    2.2811764025E+02,    2.2811764025E+02,    0.0000000000E+00,    0.0000000000E+00,    0.0000000000E+00,    2.2811764025E+02
    164100,      0.676954,CP12_end,   1,    0.0000000000E+00,    2.2811764025E+02,    2.2811764025E+02,    0.0000000000E+00,    0.0000000000E+00,    0.0000000000E+00,    2.2811764025E+02
    164150,      0.676954,CP0_start,   1,    0.0000000000E+00,    2.2825493300E+02,    2.2825493300E+02,    0.0000000000E+00,    0.0000000000E+00,    0.0000000000E+00,    2.2825493300E+02
    164150,      0.676954,CP1_after_deposition,   1,    0.0000000000E+00,    2.2825493300E+02,    2.2825493300E+02,    0.0000000000E+00,    0.0000000000E+00,    0.0000000000E+00,    2.2825493300E+02
    164150,      0.676954,CP2_after_erosion,   1,    0.0000000000E+00,    2.2825493300E+02,    2.2825493300E+02,    0.0000000000E+00,    0.0000000000E+00,    0.0000000000E+00,    2.2825493300E+02
    164150,      0.676954,CP3_after_update_bottom,   1,    0.0000000000E+00,    2.2825493300E+02,    2.2825493300E+02,    0.0000000000E+00,    0.0000000000E+00,    0.0000000000E+00,    2.2825493300E+02
    164150,      0.676954,CP4_after_advection,   1,    0.0000000000E+00,    2.2826292795E+02,    2.2826292795E+02,    0.0000000000E+00,    0.0000000000E+00,    0.0000000000E+00,    2.2826292795E+02
    164150,      0.676954,CP5_after_vdif,   1,    0.0000000000E+00,    2.2826292795E+02,    2.2826292795E+02,    0.0000000000E+00,    0.0000000000E+00,    0.0000000000E+00,    2.2826292795E+02
    164150,      0.676954,CP6_after_kinetics,   1,    0.0000000000E+00,    2.2826292795E+02,    2.2826292795E+02,    0.0000000000E+00,    0.0000000000E+00,    0.0000000000E+00,    2.2826292795E+02
    164150,      0.676954,CP7_after_upper_clamp,   1,    0.0000000000E+00,    2.2826292795E+02,    2.2826292795E+02,    0.0000000000E+00,    0.0000000000E+00,    0.0000000000E+00,    2.2826292795E+02
    164150,      0.676954,CP8_after_OBC,   1,    0.0000000000E+00,    2.2826292795E+02,    2.2826292795E+02,    0.0000000000E+00,    0.0000000000E+00,    0.0000000000E+00,    2.2826292795E+02
    164150,      0.676954,CP9_after_PTsource,   1,    0.0000000000E+00,    2.2826292795E+02,    2.2826292795E+02,    0.0000000000E+00,    0.0000000000E+00,    0.0000000000E+00,    2.2826292795E+02
    164150,      0.676954,CP10_after_neg_clamp,   1,    0.0000000000E+00,    2.2826292795E+02,    2.2826292795E+02,    0.0000000000E+00,    0.0000000000E+00,    0.0000000000E+00,    2.2826292795E+02
    164150,      0.676954,CP11_after_MPI,   1,    0.0000000000E+00,    2.2826292795E+02,    2.2826292795E+02,    0.0000000000E+00,    0.0000000000E+00,    0.0000000000E+00,    2.2826292795E+02
    164150,      0.676954,CP12_end,   1,    0.0000000000E+00,    2.2826292795E+02,    2.2826292795E+02,    0.0000000000E+00,    0.0000000000E+00,    0.0000000000E+00,    2.2826292795E+02
    164200,      0.676954,CP0_start,   1,    0.0000000000E+00,    2.2839957987E+02,    2.2839957987E+02,    0.0000000000E+00,    0.0000000000E+00,    0.0000000000E+00,    2.2839957987E+02
    164200,      0.676954,CP1_after_deposition,   1,    0.0000000000E+00,    2.2839957987E+02,    2.2839957987E+02,    0.0000000000E+00,    0.0000000000E+00,    0.0000000000E+00,    2.2839957987E+02
    164200,      0.676954,CP2_after_erosion,   1,    0.0000000000E+00,    2.2839957987E+02,    2.2839957987E+02,    0.0000000000E+00,    0.0000000000E+00,    0.0000000000E+00,    2.2839957987E+02
    164200,      0.676954,CP3_after_update_bottom,   1,    0.0000000000E+00,    2.2839957987E+02,    2.2839957987E+02,    0.0000000000E+00,    0.0000000000E+00,    0.0000000000E+00,    2.2839957987E+02
    164200,      0.676954,CP4_after_advection,   1,    0.0000000000E+00,    2.2840773350E+02,    2.2840773350E+02,    0.0000000000E+00,    0.0000000000E+00,    0.0000000000E+00,    2.2840773350E+02
    164200,      0.676954,CP5_after_vdif,   1,    0.0000000000E+00,    2.2840773350E+02,    2.2840773350E+02,    0.0000000000E+00,    0.0000000000E+00,    0.0000000000E+00,    2.2840773350E+02
    164200,      0.676954,CP6_after_kinetics,   1,    0.0000000000E+00,    2.2840773350E+02,    2.2840773350E+02,    0.0000000000E+00,    0.0000000000E+00,    0.0000000000E+00,    2.2840773350E+02
    164200,      0.676954,CP7_after_upper_clamp,   1,    0.0000000000E+00,    2.2840773350E+02,    2.2840773350E+02,    0.0000000000E+00,    0.0000000000E+00,    0.0000000000E+00,    2.2840773350E+02
    164200,      0.676954,CP8_after_OBC,   1,    0.0000000000E+00,    2.2840773350E+02,    2.2840773350E+02,    0.0000000000E+00,    0.0000000000E+00,    0.0000000000E+00,    2.2840773350E+02
    164200,      0.676954,CP9_after_PTsource,   1,    0.0000000000E+00,    2.2840773350E+02,    2.2840773350E+02,    0.0000000000E+00,    0.0000000000E+00,    0.0000000000E+00,    2.2840773350E+02
    164200,      0.676954,CP10_after_neg_clamp,   1,    0.0000000000E+00,    2.2840773350E+02,    2.2840773350E+02,    0.0000000000E+00,    0.0000000000E+00,    0.0000000000E+00,    2.2840773350E+02
    164200,      0.676954,CP11_after_MPI,   1,    0.0000000000E+00,    2.2840773350E+02,    2.2840773350E+02,    0.0000000000E+00,    0.0000000000E+00,    0.0000000000E+00,    2.2840773350E+02
    164200,      0.676954,CP12_end,   1,    0.0000000000E+00,    2.2840773350E+02,    2.2840773350E+02,    0.0000000000E+00,    0.0000000000E+00,    0.0000000000E+00,    2.2840773350E+02
    164250,      0.676954,CP0_start,   1,    0.0000000000E+00,    2.2854276504E+02,    2.2854276504E+02,    0.0000000000E+00,    0.0000000000E+00,    0.0000000000E+00,    2.2854276504E+02
    164250,      0.676954,CP1_after_deposition,   1,    0.0000000000E+00,    2.2854276504E+02,    2.2854276504E+02,    0.0000000000E+00,    0.0000000000E+00,    0.0000000000E+00,    2.2854276504E+02
    164250,      0.676954,CP2_after_erosion,   1,    0.0000000000E+00,    2.2854276504E+02,    2.2854276504E+02,    0.0000000000E+00,    0.0000000000E+00,    0.0000000000E+00,    2.2854276504E+02
    164250,      0.676954,CP3_after_update_bottom,   1,    0.0000000000E+00,    2.2854276504E+02,    2.2854276504E+02,    0.0000000000E+00,    0.0000000000E+00,    0.0000000000E+00,    2.2854276504E+02
    164250,      0.676954,CP4_after_advection,   1,    0.0000000000E+00,    2.2855108646E+02,    2.2855108646E+02,    0.0000000000E+00,    0.0000000000E+00,    0.0000000000E+00,    2.2855108646E+02
    164250,      0.676954,CP5_after_vdif,   1,    0.0000000000E+00,    2.2855108646E+02,    2.2855108646E+02,    0.0000000000E+00,    0.0000000000E+00,    0.0000000000E+00,    2.2855108646E+02
    164250,      0.676954,CP6_after_kinetics,   1,    0.0000000000E+00,    2.2855108646E+02,    2.2855108646E+02,    0.0000000000E+00,    0.0000000000E+00,    0.0000000000E+00,    2.2855108646E+02
    164250,      0.676954,CP7_after_upper_clamp,   1,    0.0000000000E+00,    2.2855108646E+02,    2.2855108646E+02,    0.0000000000E+00,    0.0000000000E+00,    0.0000000000E+00,    2.2855108646E+02
    164250,      0.676954,CP8_after_OBC,   1,    0.0000000000E+00,    2.2855108646E+02,    2.2855108646E+02,    0.0000000000E+00,    0.0000000000E+00,    0.0000000000E+00,    2.2855108646E+02
    164250,      0.676954,CP9_after_PTsource,   1,    0.0000000000E+00,    2.2855108646E+02,    2.2855108646E+02,    0.0000000000E+00,    0.0000000000E+00,    0.0000000000E+00,    2.2855108646E+02
    164250,      0.676954,CP10_after_neg_clamp,   1,    0.0000000000E+00,    2.2855108646E+02,    2.2855108646E+02,    0.0000000000E+00,    0.0000000000E+00,    0.0000000000E+00,    2.2855108646E+02
    164250,      0.676954,CP11_after_MPI,   1,    0.0000000000E+00,    2.2855108646E+02,    2.2855108646E+02,    0.0000000000E+00,    0.0000000000E+00,    0.0000000000E+00,    2.2855108646E+02
    164250,      0.676954,CP12_end,   1,    0.0000000000E+00,    2.2855108646E+02,    2.2855108646E+02,    0.0000000000E+00,    0.0000000000E+00,    0.0000000000E+00,    2.2855108646E+02
    164300,      0.676954,CP0_start,   1,    0.0000000000E+00,    2.2868518585E+02,    2.2868518585E+02,    0.0000000000E+00,    0.0000000000E+00,    0.0000000000E+00,    2.2868518585E+02
    164300,      0.676954,CP1_after_deposition,   1,    0.0000000000E+00,    2.2868518585E+02,    2.2868518585E+02,    0.0000000000E+00,    0.0000000000E+00,    0.0000000000E+00,    2.2868518585E+02
    164300,      0.676954,CP2_after_erosion,   1,    0.0000000000E+00,    2.2868518585E+02,    2.2868518585E+02,    0.0000000000E+00,    0.0000000000E+00,    0.0000000000E+00,    2.2868518585E+02
    164300,      0.676954,CP3_after_update_bottom,   1,    0.0000000000E+00,    2.2868518585E+02,    2.2868518585E+02,    0.0000000000E+00,    0.0000000000E+00,    0.0000000000E+00,    2.2868518585E+02
    164300,      0.676954,CP4_after_advection,   1,    0.0000000000E+00,    2.2869367327E+02,    2.2869367327E+02,    0.0000000000E+00,    0.0000000000E+00,    0.0000000000E+00,    2.2869367327E+02
    164300,      0.676954,CP5_after_vdif,   1,    0.0000000000E+00,    2.2869367327E+02,    2.2869367327E+02,    0.0000000000E+00,    0.0000000000E+00,    0.0000000000E+00,    2.2869367327E+02
    164300,      0.676954,CP6_after_kinetics,   1,    0.0000000000E+00,    2.2869367327E+02,    2.2869367327E+02,    0.0000000000E+00,    0.0000000000E+00,    0.0000000000E+00,    2.2869367327E+02
    164300,      0.676954,CP7_after_upper_clamp,   1,    0.0000000000E+00,    2.2869367327E+02,    2.2869367327E+02,    0.0000000000E+00,    0.0000000000E+00,    0.0000000000E+00,    2.2869367327E+02
    164300,      0.676954,CP8_after_OBC,   1,    0.0000000000E+00,    2.2869367327E+02,    2.2869367327E+02,    0.0000000000E+00,    0.0000000000E+00,    0.0000000000E+00,    2.2869367327E+02
    164300,      0.676954,CP9_after_PTsource,   1,    0.0000000000E+00,    2.2869367327E+02,    2.2869367327E+02,    0.0000000000E+00,    0.0000000000E+00,    0.0000000000E+00,    2.2869367327E+02
    164300,      0.676954,CP10_after_neg_clamp,   1,    0.0000000000E+00,    2.2869367327E+02,    2.2869367327E+02,    0.0000000000E+00,    0.0000000000E+00,    0.0000000000E+00,    2.2869367327E+02
    164300,      0.676954,CP11_after_MPI,   1,    0.0000000000E+00,    2.2869367327E+02,    2.2869367327E+02,    0.0000000000E+00,    0.0000000000E+00,    0.0000000000E+00,    2.2869367327E+02
    164300,      0.676954,CP12_end,   1,    0.0000000000E+00,    2.2869367327E+02,    2.2869367327E+02,    0.0000000000E+00,    0.0000000000E+00,    0.0000000000E+00,    2.2869367327E+02
    164350,      0.676954,CP0_start,   1,    0.0000000000E+00,    2.2882870190E+02,    2.2882870190E+02,    0.0000000000E+00,    0.0000000000E+00,    0.0000000000E+00,    2.2882870190E+02
    164350,      0.676954,CP1_after_deposition,   1,    0.0000000000E+00,    2.2882870190E+02,    2.2882870190E+02,    0.0000000000E+00,    0.0000000000E+00,    0.0000000000E+00,    2.2882870190E+02
    164350,      0.676954,CP2_after_erosion,   1,    0.0000000000E+00,    2.2882870190E+02,    2.2882870190E+02,    0.0000000000E+00,    0.0000000000E+00,    0.0000000000E+00,    2.2882870190E+02
    164350,      0.676954,CP3_after_update_bottom,   1,    0.0000000000E+00,    2.2882870190E+02,    2.2882870190E+02,    0.0000000000E+00,    0.0000000000E+00,    0.0000000000E+00,    2.2882870190E+02
    164350,      0.676954,CP4_after_advection,   1,    0.0000000000E+00,    2.2883742807E+02,    2.2883742807E+02,    0.0000000000E+00,    0.0000000000E+00,    0.0000000000E+00,    2.2883742807E+02
    164350,      0.676954,CP5_after_vdif,   1,    0.0000000000E+00,    2.2883742807E+02,    2.2883742807E+02,    0.0000000000E+00,    0.0000000000E+00,    0.0000000000E+00,    2.2883742807E+02
    164350,      0.676954,CP6_after_kinetics,   1,    0.0000000000E+00,    2.2883742807E+02,    2.2883742807E+02,    0.0000000000E+00,    0.0000000000E+00,    0.0000000000E+00,    2.2883742807E+02
    164350,      0.676954,CP7_after_upper_clamp,   1,    0.0000000000E+00,    2.2883742807E+02,    2.2883742807E+02,    0.0000000000E+00,    0.0000000000E+00,    0.0000000000E+00,    2.2883742807E+02
    164350,      0.676954,CP8_after_OBC,   1,    0.0000000000E+00,    2.2883742807E+02,    2.2883742807E+02,    0.0000000000E+00,    0.0000000000E+00,    0.0000000000E+00,    2.2883742807E+02
    164350,      0.676954,CP9_after_PTsource,   1,    0.0000000000E+00,    2.2883742807E+02,    2.2883742807E+02,    0.0000000000E+00,    0.0000000000E+00,    0.0000000000E+00,    2.2883742807E+02
    164350,      0.676954,CP10_after_neg_clamp,   1,    0.0000000000E+00,    2.2883742807E+02,    2.2883742807E+02,    0.0000000000E+00,    0.0000000000E+00,    0.0000000000E+00,    2.2883742807E+02
    164350,      0.676954,CP11_after_MPI,   1,    0.0000000000E+00,    2.2883742807E+02,    2.2883742807E+02,    0.0000000000E+00,    0.0000000000E+00,    0.0000000000E+00,    2.2883742807E+02
    164350,      0.676954,CP12_end,   1,    0.0000000000E+00,    2.2883742807E+02,    2.2883742807E+02,    0.0000000000E+00,    0.0000000000E+00,    0.0000000000E+00,    2.2883742807E+02
    164400,      0.676954,CP0_start,   1,    0.0000000000E+00,    2.2897411743E+02,    2.2897411743E+02,    0.0000000000E+00,    0.0000000000E+00,    0.0000000000E+00,    2.2897411743E+02
    164400,      0.676954,CP1_after_deposition,   1,    0.0000000000E+00,    2.2897411743E+02,    2.2897411743E+02,    0.0000000000E+00,    0.0000000000E+00,    0.0000000000E+00,    2.2897411743E+02
    164400,      0.676954,CP2_after_erosion,   1,    0.0000000000E+00,    2.2897411743E+02,    2.2897411743E+02,    0.0000000000E+00,    0.0000000000E+00,    0.0000000000E+00,    2.2897411743E+02
    164400,      0.676954,CP3_after_update_bottom,   1,    0.0000000000E+00,    2.2897411743E+02,    2.2897411743E+02,    0.0000000000E+00,    0.0000000000E+00,    0.0000000000E+00,    2.2897411743E+02
    164400,      0.676954,CP4_after_advection,   1,    0.0000000000E+00,    2.2898306824E+02,    2.2898306824E+02,    0.0000000000E+00,    0.0000000000E+00,    0.0000000000E+00,    2.2898306824E+02
    164400,      0.676954,CP5_after_vdif,   1,    0.0000000000E+00,    2.2898306824E+02,    2.2898306824E+02,    0.0000000000E+00,    0.0000000000E+00,    0.0000000000E+00,    2.2898306824E+02
    164400,      0.676954,CP6_after_kinetics,   1,    0.0000000000E+00,    2.2898306824E+02,    2.2898306824E+02,    0.0000000000E+00,    0.0000000000E+00,    0.0000000000E+00,    2.2898306824E+02
    164400,      0.676954,CP7_after_upper_clamp,   1,    0.0000000000E+00,    2.2898306824E+02,    2.2898306824E+02,    0.0000000000E+00,    0.0000000000E+00,    0.0000000000E+00,    2.2898306824E+02
    164400,      0.676954,CP8_after_OBC,   1,    0.0000000000E+00,    2.2898306824E+02,    2.2898306824E+02,    0.0000000000E+00,    0.0000000000E+00,    0.0000000000E+00,    2.2898306824E+02
    164400,      0.676954,CP9_after_PTsource,   1,    0.0000000000E+00,    2.2898306824E+02,    2.2898306824E+02,    0.0000000000E+00,    0.0000000000E+00,    0.0000000000E+00,    2.2898306824E+02
    164400,      0.676954,CP10_after_neg_clamp,   1,    0.0000000000E+00,    2.2898306824E+02,    2.2898306824E+02,    0.0000000000E+00,    0.0000000000E+00,    0.0000000000E+00,    2.2898306824E+02
    164400,      0.676954,CP11_after_MPI,   1,    0.0000000000E+00,    2.2898306824E+02,    2.2898306824E+02,    0.0000000000E+00,    0.0000000000E+00,    0.0000000000E+00,    2.2898306824E+02
    164400,      0.676954,CP12_end,   1,    0.0000000000E+00,    2.2898306824E+02,    2.2898306824E+02,    0.0000000000E+00,    0.0000000000E+00,    0.0000000000E+00,    2.2898306824E+02
    164450,      0.676954,CP0_start,   1,    0.0000000000E+00,    2.2912097084E+02,    2.2912097084E+02,    0.0000000000E+00,    0.0000000000E+00,    0.0000000000E+00,    2.2912097084E+02
    164450,      0.676954,CP1_after_deposition,   1,    0.0000000000E+00,    2.2912097084E+02,    2.2912097084E+02,    0.0000000000E+00,    0.0000000000E+00,    0.0000000000E+00,    2.2912097084E+02
    164450,      0.676954,CP2_after_erosion,   1,    0.0000000000E+00,    2.2912097084E+02,    2.2912097084E+02,    0.0000000000E+00,    0.0000000000E+00,    0.0000000000E+00,    2.2912097084E+02
    164450,      0.676954,CP3_after_update_bottom,   1,    0.0000000000E+00,    2.2912097084E+02,    2.2912097084E+02,    0.0000000000E+00,    0.0000000000E+00,    0.0000000000E+00,    2.2912097084E+02
    164450,      0.676954,CP4_after_advection,   1,    0.0000000000E+00,    2.2913013086E+02,    2.2913013086E+02,    0.0000000000E+00,    0.0000000000E+00,    0.0000000000E+00,    2.2913013086E+02
    164450,      0.676954,CP5_after_vdif,   1,    0.0000000000E+00,    2.2913013086E+02,    2.2913013086E+02,    0.0000000000E+00,    0.0000000000E+00,    0.0000000000E+00,    2.2913013086E+02
    164450,      0.676954,CP6_after_kinetics,   1,    0.0000000000E+00,    2.2913013086E+02,    2.2913013086E+02,    0.0000000000E+00,    0.0000000000E+00,    0.0000000000E+00,    2.2913013086E+02
    164450,      0.676954,CP7_after_upper_clamp,   1,    0.0000000000E+00,    2.2913013086E+02,    2.2913013086E+02,    0.0000000000E+00,    0.0000000000E+00,    0.0000000000E+00,    2.2913013086E+02
    164450,      0.676954,CP8_after_OBC,   1,    0.0000000000E+00,    2.2913013086E+02,    2.2913013086E+02,    0.0000000000E+00,    0.0000000000E+00,    0.0000000000E+00,    2.2913013086E+02
    164450,      0.676954,CP9_after_PTsource,   1,    0.0000000000E+00,    2.2913013086E+02,    2.2913013086E+02,    0.0000000000E+00,    0.0000000000E+00,    0.0000000000E+00,    2.2913013086E+02
    164450,      0.676954,CP10_after_neg_clamp,   1,    0.0000000000E+00,    2.2913013086E+02,    2.2913013086E+02,    0.0000000000E+00,    0.0000000000E+00,    0.0000000000E+00,    2.2913013086E+02
    164450,      0.676954,CP11_after_MPI,   1,    0.0000000000E+00,    2.2913013086E+02,    2.2913013086E+02,    0.0000000000E+00,    0.0000000000E+00,    0.0000000000E+00,    2.2913013086E+02
    164450,      0.676954,CP12_end,   1,    0.0000000000E+00,    2.2913013086E+02,    2.2913013086E+02,    0.0000000000E+00,    0.0000000000E+00,    0.0000000000E+00,    2.2913013086E+02
    164500,      0.676954,CP0_start,   1,    0.0000000000E+00,    2.2926845209E+02,    2.2926845209E+02,    0.0000000000E+00,    0.0000000000E+00,    0.0000000000E+00,    2.2926845209E+02
    164500,      0.676954,CP1_after_deposition,   1,    0.0000000000E+00,    2.2926845209E+02,    2.2926845209E+02,    0.0000000000E+00,    0.0000000000E+00,    0.0000000000E+00,    2.2926845209E+02
    164500,      0.676954,CP2_after_erosion,   1,    0.0000000000E+00,    2.2926845209E+02,    2.2926845209E+02,    0.0000000000E+00,    0.0000000000E+00,    0.0000000000E+00,    2.2926845209E+02
    164500,      0.676954,CP3_after_update_bottom,   1,    0.0000000000E+00,    2.2926845209E+02,    2.2926845209E+02,    0.0000000000E+00,    0.0000000000E+00,    0.0000000000E+00,    2.2926845209E+02
    164500,      0.676954,CP4_after_advection,   1,    0.0000000000E+00,    2.2927779416E+02,    2.2927779416E+02,    0.0000000000E+00,    0.0000000000E+00,    0.0000000000E+00,    2.2927779416E+02
    164500,      0.676954,CP5_after_vdif,   1,    0.0000000000E+00,    2.2927779416E+02,    2.2927779416E+02,    0.0000000000E+00,    0.0000000000E+00,    0.0000000000E+00,    2.2927779416E+02
    164500,      0.676954,CP6_after_kinetics,   1,    0.0000000000E+00,    2.2927779416E+02,    2.2927779416E+02,    0.0000000000E+00,    0.0000000000E+00,    0.0000000000E+00,    2.2927779416E+02
    164500,      0.676954,CP7_after_upper_clamp,   1,    0.0000000000E+00,    2.2927779416E+02,    2.2927779416E+02,    0.0000000000E+00,    0.0000000000E+00,    0.0000000000E+00,    2.2927779416E+02
    164500,      0.676954,CP8_after_OBC,   1,    0.0000000000E+00,    2.2927779416E+02,    2.2927779416E+02,    0.0000000000E+00,    0.0000000000E+00,    0.0000000000E+00,    2.2927779416E+02
    164500,      0.676954,CP9_after_PTsource,   1,    0.0000000000E+00,    2.2927779416E+02,    2.2927779416E+02,    0.0000000000E+00,    0.0000000000E+00,    0.0000000000E+00,    2.2927779416E+02
    164500,      0.676954,CP10_after_neg_clamp,   1,    0.0000000000E+00,    2.2927779416E+02,    2.2927779416E+02,    0.0000000000E+00,    0.0000000000E+00,    0.0000000000E+00,    2.2927779416E+02
    164500,      0.676954,CP11_after_MPI,   1,    0.0000000000E+00,    2.2927779416E+02,    2.2927779416E+02,    0.0000000000E+00,    0.0000000000E+00,    0.0000000000E+00,    2.2927779416E+02
    164500,      0.676954,CP12_end,   1,    0.0000000000E+00,    2.2927779416E+02,    2.2927779416E+02,    0.0000000000E+00,    0.0000000000E+00,    0.0000000000E+00,    2.2927779416E+02
    164550,      0.676954,CP0_start,   1,    0.0000000000E+00,    2.2941575453E+02,    2.2941575453E+02,    0.0000000000E+00,    0.0000000000E+00,    0.0000000000E+00,    2.2941575453E+02
    164550,      0.676954,CP1_after_deposition,   1,    0.0000000000E+00,    2.2941575453E+02,    2.2941575453E+02,    0.0000000000E+00,    0.0000000000E+00,    0.0000000000E+00,    2.2941575453E+02
    164550,      0.676954,CP2_after_erosion,   1,    0.0000000000E+00,    2.2941575453E+02,    2.2941575453E+02,    0.0000000000E+00,    0.0000000000E+00,    0.0000000000E+00,    2.2941575453E+02
    164550,      0.676954,CP3_after_update_bottom,   1,    0.0000000000E+00,    2.2941575453E+02,    2.2941575453E+02,    0.0000000000E+00,    0.0000000000E+00,    0.0000000000E+00,    2.2941575453E+02
    164550,      0.676954,CP4_after_advection,   1,    0.0000000000E+00,    2.2942526548E+02,    2.2942526548E+02,    0.0000000000E+00,    0.0000000000E+00,    0.0000000000E+00,    2.2942526548E+02
    164550,      0.676954,CP5_after_vdif,   1,    0.0000000000E+00,    2.2942526548E+02,    2.2942526548E+02,    0.0000000000E+00,    0.0000000000E+00,    0.0000000000E+00,    2.2942526548E+02
    164550,      0.676954,CP6_after_kinetics,   1,    0.0000000000E+00,    2.2942526548E+02,    2.2942526548E+02,    0.0000000000E+00,    0.0000000000E+00,    0.0000000000E+00,    2.2942526548E+02
    164550,      0.676954,CP7_after_upper_clamp,   1,    0.0000000000E+00,    2.2942526548E+02,    2.2942526548E+02,    0.0000000000E+00,    0.0000000000E+00,    0.0000000000E+00,    2.2942526548E+02
    164550,      0.676954,CP8_after_OBC,   1,    0.0000000000E+00,    2.2942526548E+02,    2.2942526548E+02,    0.0000000000E+00,    0.0000000000E+00,    0.0000000000E+00,    2.2942526548E+02
    164550,      0.676954,CP9_after_PTsource,   1,    0.0000000000E+00,    2.2942526548E+02,    2.2942526548E+02,    0.0000000000E+00,    0.0000000000E+00,    0.0000000000E+00,    2.2942526548E+02
    164550,      0.676954,CP10_after_neg_clamp,   1,    0.0000000000E+00,    2.2942526548E+02,    2.2942526548E+02,    0.0000000000E+00,    0.0000000000E+00,    0.0000000000E+00,    2.2942526548E+02
    164550,      0.676954,CP11_after_MPI,   1,    0.0000000000E+00,    2.2942526548E+02,    2.2942526548E+02,    0.0000000000E+00,    0.0000000000E+00,    0.0000000000E+00,    2.2942526548E+02
    164550,      0.676954,CP12_end,   1,    0.0000000000E+00,    2.2942526548E+02,    2.2942526548E+02,    0.0000000000E+00,    0.0000000000E+00,    0.0000000000E+00,    2.2942526548E+02
    164600,      0.676954,CP0_start,   1,    0.0000000000E+00,    2.2956260631E+02,    2.2956260631E+02,    0.0000000000E+00,    0.0000000000E+00,    0.0000000000E+00,    2.2956260631E+02
    164600,      0.676954,CP1_after_deposition,   1,    0.0000000000E+00,    2.2956260631E+02,    2.2956260631E+02,    0.0000000000E+00,    0.0000000000E+00,    0.0000000000E+00,    2.2956260631E+02
    164600,      0.676954,CP2_after_erosion,   1,    0.0000000000E+00,    2.2956260631E+02,    2.2956260631E+02,    0.0000000000E+00,    0.0000000000E+00,    0.0000000000E+00,    2.2956260631E+02
    164600,      0.676954,CP3_after_update_bottom,   1,    0.0000000000E+00,    2.2956260631E+02,    2.2956260631E+02,    0.0000000000E+00,    0.0000000000E+00,    0.0000000000E+00,    2.2956260631E+02
    164600,      0.676954,CP4_after_advection,   1,    0.0000000000E+00,    2.2957227281E+02,    2.2957227281E+02,    0.0000000000E+00,    0.0000000000E+00,    0.0000000000E+00,    2.2957227281E+02
    164600,      0.676954,CP5_after_vdif,   1,    0.0000000000E+00,    2.2957227281E+02,    2.2957227281E+02,    0.0000000000E+00,    0.0000000000E+00,    0.0000000000E+00,    2.2957227281E+02
    164600,      0.676954,CP6_after_kinetics,   1,    0.0000000000E+00,    2.2957227281E+02,    2.2957227281E+02,    0.0000000000E+00,    0.0000000000E+00,    0.0000000000E+00,    2.2957227281E+02
    164600,      0.676954,CP7_after_upper_clamp,   1,    0.0000000000E+00,    2.2957227281E+02,    2.2957227281E+02,    0.0000000000E+00,    0.0000000000E+00,    0.0000000000E+00,    2.2957227281E+02
    164600,      0.676954,CP8_after_OBC,   1,    0.0000000000E+00,    2.2957227281E+02,    2.2957227281E+02,    0.0000000000E+00,    0.0000000000E+00,    0.0000000000E+00,    2.2957227281E+02
    164600,      0.676954,CP9_after_PTsource,   1,    0.0000000000E+00,    2.2957227281E+02,    2.2957227281E+02,    0.0000000000E+00,    0.0000000000E+00,    0.0000000000E+00,    2.2957227281E+02
    164600,      0.676954,CP10_after_neg_clamp,   1,    0.0000000000E+00,    2.2957227281E+02,    2.2957227281E+02,    0.0000000000E+00,    0.0000000000E+00,    0.0000000000E+00,    2.2957227281E+02
    164600,      0.676954,CP11_after_MPI,   1,    0.0000000000E+00,    2.2957227281E+02,    2.2957227281E+02,    0.0000000000E+00,    0.0000000000E+00,    0.0000000000E+00,    2.2957227281E+02
    164600,      0.676954,CP12_end,   1,    0.0000000000E+00,    2.2957227281E+02,    2.2957227281E+02,    0.0000000000E+00,    0.0000000000E+00,    0.0000000000E+00,    2.2957227281E+02
    164650,      0.676954,CP0_start,   1,    0.0000000000E+00,    2.2970852637E+02,    2.2970852637E+02,    0.0000000000E+00,    0.0000000000E+00,    0.0000000000E+00,    2.2970852637E+02
    164650,      0.676954,CP1_after_deposition,   1,    0.0000000000E+00,    2.2970852637E+02,    2.2970852637E+02,    0.0000000000E+00,    0.0000000000E+00,    0.0000000000E+00,    2.2970852637E+02
    164650,      0.676954,CP2_after_erosion,   1,    0.0000000000E+00,    2.2970852637E+02,    2.2970852637E+02,    0.0000000000E+00,    0.0000000000E+00,    0.0000000000E+00,    2.2970852637E+02
    164650,      0.676954,CP3_after_update_bottom,   1,    0.0000000000E+00,    2.2970852637E+02,    2.2970852637E+02,    0.0000000000E+00,    0.0000000000E+00,    0.0000000000E+00,    2.2970852637E+02
    164650,      0.676954,CP4_after_advection,   1,    0.0000000000E+00,    2.2971834217E+02,    2.2971834217E+02,    0.0000000000E+00,    0.0000000000E+00,    0.0000000000E+00,    2.2971834217E+02
    164650,      0.676954,CP5_after_vdif,   1,    0.0000000000E+00,    2.2971834217E+02,    2.2971834217E+02,    0.0000000000E+00,    0.0000000000E+00,    0.0000000000E+00,    2.2971834217E+02
    164650,      0.676954,CP6_after_kinetics,   1,    0.0000000000E+00,    2.2971834217E+02,    2.2971834217E+02,    0.0000000000E+00,    0.0000000000E+00,    0.0000000000E+00,    2.2971834217E+02
    164650,      0.676954,CP7_after_upper_clamp,   1,    0.0000000000E+00,    2.2971834217E+02,    2.2971834217E+02,    0.0000000000E+00,    0.0000000000E+00,    0.0000000000E+00,    2.2971834217E+02
    164650,      0.676954,CP8_after_OBC,   1,    0.0000000000E+00,    2.2971834217E+02,    2.2971834217E+02,    0.0000000000E+00,    0.0000000000E+00,    0.0000000000E+00,    2.2971834217E+02
    164650,      0.676954,CP9_after_PTsource,   1,    0.0000000000E+00,    2.2971834217E+02,    2.2971834217E+02,    0.0000000000E+00,    0.0000000000E+00,    0.0000000000E+00,    2.2971834217E+02
    164650,      0.676954,CP10_after_neg_clamp,   1,    0.0000000000E+00,    2.2971834217E+02,    2.2971834217E+02,    0.0000000000E+00,    0.0000000000E+00,    0.0000000000E+00,    2.2971834217E+02
    164650,      0.676954,CP11_after_MPI,   1,    0.0000000000E+00,    2.2971834217E+02,    2.2971834217E+02,    0.0000000000E+00,    0.0000000000E+00,    0.0000000000E+00,    2.2971834217E+02
    164650,      0.676954,CP12_end,   1,    0.0000000000E+00,    2.2971834217E+02,    2.2971834217E+02,    0.0000000000E+00,    0.0000000000E+00,    0.0000000000E+00,    2.2971834217E+02
    164700,      0.676954,CP0_start,   1,    0.0000000000E+00,    2.2985338324E+02,    2.2985338324E+02,    0.0000000000E+00,    0.0000000000E+00,    0.0000000000E+00,    2.2985338324E+02
    164700,      0.676954,CP1_after_deposition,   1,    0.0000000000E+00,    2.2985338324E+02,    2.2985338324E+02,    0.0000000000E+00,    0.0000000000E+00,    0.0000000000E+00,    2.2985338324E+02
    164700,      0.676954,CP2_after_erosion,   1,    0.0000000000E+00,    2.2985338324E+02,    2.2985338324E+02,    0.0000000000E+00,    0.0000000000E+00,    0.0000000000E+00,    2.2985338324E+02
    164700,      0.676954,CP3_after_update_bottom,   1,    0.0000000000E+00,    2.2985338324E+02,    2.2985338324E+02,    0.0000000000E+00,    0.0000000000E+00,    0.0000000000E+00,    2.2985338324E+02
    164700,      0.676954,CP4_after_advection,   1,    0.0000000000E+00,    2.2986332994E+02,    2.2986332994E+02,    0.0000000000E+00,    0.0000000000E+00,    0.0000000000E+00,    2.2986332994E+02
    164700,      0.676954,CP5_after_vdif,   1,    0.0000000000E+00,    2.2986332994E+02,    2.2986332994E+02,    0.0000000000E+00,    0.0000000000E+00,    0.0000000000E+00,    2.2986332994E+02
    164700,      0.676954,CP6_after_kinetics,   1,    0.0000000000E+00,    2.2986332994E+02,    2.2986332994E+02,    0.0000000000E+00,    0.0000000000E+00,    0.0000000000E+00,    2.2986332994E+02
    164700,      0.676954,CP7_after_upper_clamp,   1,    0.0000000000E+00,    2.2986332994E+02,    2.2986332994E+02,    0.0000000000E+00,    0.0000000000E+00,    0.0000000000E+00,    2.2986332994E+02
    164700,      0.676954,CP8_after_OBC,   1,    0.0000000000E+00,    2.2986332994E+02,    2.2986332994E+02,    0.0000000000E+00,    0.0000000000E+00,    0.0000000000E+00,    2.2986332994E+02
    164700,      0.676954,CP9_after_PTsource,   1,    0.0000000000E+00,    2.2986332994E+02,    2.2986332994E+02,    0.0000000000E+00,    0.0000000000E+00,    0.0000000000E+00,    2.2986332994E+02
    164700,      0.676954,CP10_after_neg_clamp,   1,    0.0000000000E+00,    2.2986332994E+02,    2.2986332994E+02,    0.0000000000E+00,    0.0000000000E+00,    0.0000000000E+00,    2.2986332994E+02
    164700,      0.676954,CP11_after_MPI,   1,    0.0000000000E+00,    2.2986332994E+02,    2.2986332994E+02,    0.0000000000E+00,    0.0000000000E+00,    0.0000000000E+00,    2.2986332994E+02
    164700,      0.676954,CP12_end,   1,    0.0000000000E+00,    2.2986332994E+02,    2.2986332994E+02,    0.0000000000E+00,    0.0000000000E+00,    0.0000000000E+00,    2.2986332994E+02
    164750,      0.676954,CP0_start,   1,    0.0000000000E+00,    2.3000283061E+02,    2.3000283061E+02,    0.0000000000E+00,    0.0000000000E+00,    0.0000000000E+00,    2.3000283061E+02
    164750,      0.676954,CP1_after_deposition,   1,    0.0000000000E+00,    2.3000283061E+02,    2.3000283061E+02,    0.0000000000E+00,    0.0000000000E+00,    0.0000000000E+00,    2.3000283061E+02
    164750,      0.676954,CP2_after_erosion,   1,    0.0000000000E+00,    2.3000283061E+02,    2.3000283061E+02,    0.0000000000E+00,    0.0000000000E+00,    0.0000000000E+00,    2.3000283061E+02
    164750,      0.676954,CP3_after_update_bottom,   1,    0.0000000000E+00,    2.3000283061E+02,    2.3000283061E+02,    0.0000000000E+00,    0.0000000000E+00,    0.0000000000E+00,    2.3000283061E+02
    164750,      0.676954,CP4_after_advection,   1,    0.0000000000E+00,    2.3001289083E+02,    2.3001289083E+02,    0.0000000000E+00,    0.0000000000E+00,    0.0000000000E+00,    2.3001289083E+02
    164750,      0.676954,CP5_after_vdif,   1,    0.0000000000E+00,    2.3001289083E+02,    2.3001289083E+02,    0.0000000000E+00,    0.0000000000E+00,    0.0000000000E+00,    2.3001289083E+02
    164750,      0.676954,CP6_after_kinetics,   1,    0.0000000000E+00,    2.3001289083E+02,    2.3001289083E+02,    0.0000000000E+00,    0.0000000000E+00,    0.0000000000E+00,    2.3001289083E+02
    164750,      0.676954,CP7_after_upper_clamp,   1,    0.0000000000E+00,    2.3001289083E+02,    2.3001289083E+02,    0.0000000000E+00,    0.0000000000E+00,    0.0000000000E+00,    2.3001289083E+02
    164750,      0.676954,CP8_after_OBC,   1,    0.0000000000E+00,    2.3001289083E+02,    2.3001289083E+02,    0.0000000000E+00,    0.0000000000E+00,    0.0000000000E+00,    2.3001289083E+02
    164750,      0.676954,CP9_after_PTsource,   1,    0.0000000000E+00,    2.3001289083E+02,    2.3001289083E+02,    0.0000000000E+00,    0.0000000000E+00,    0.0000000000E+00,    2.3001289083E+02
    164750,      0.676954,CP10_after_neg_clamp,   1,    0.0000000000E+00,    2.3001289083E+02,    2.3001289083E+02,    0.0000000000E+00,    0.0000000000E+00,    0.0000000000E+00,    2.3001289083E+02
    164750,      0.676954,CP11_after_MPI,   1,    0.0000000000E+00,    2.3001289083E+02,    2.3001289083E+02,    0.0000000000E+00,    0.0000000000E+00,    0.0000000000E+00,    2.3001289083E+02
    164750,      0.676954,CP12_end,   1,    0.0000000000E+00,    2.3001289083E+02,    2.3001289083E+02,    0.0000000000E+00,    0.0000000000E+00,    0.0000000000E+00,    2.3001289083E+02
    164800,      0.676954,CP0_start,   1,    0.0000000000E+00,    2.3015093221E+02,    2.3015093221E+02,    0.0000000000E+00,    0.0000000000E+00,    0.0000000000E+00,    2.3015093221E+02
    164800,      0.676954,CP1_after_deposition,   1,    0.0000000000E+00,    2.3015093221E+02,    2.3015093221E+02,    0.0000000000E+00,    0.0000000000E+00,    0.0000000000E+00,    2.3015093221E+02
    164800,      0.676954,CP2_after_erosion,   1,    0.0000000000E+00,    2.3015093221E+02,    2.3015093221E+02,    0.0000000000E+00,    0.0000000000E+00,    0.0000000000E+00,    2.3015093221E+02
    164800,      0.676954,CP3_after_update_bottom,   1,    0.0000000000E+00,    2.3015093221E+02,    2.3015093221E+02,    0.0000000000E+00,    0.0000000000E+00,    0.0000000000E+00,    2.3015093221E+02
    164800,      0.676954,CP4_after_advection,   1,    0.0000000000E+00,    2.3016109983E+02,    2.3016109983E+02,    0.0000000000E+00,    0.0000000000E+00,    0.0000000000E+00,    2.3016109983E+02
    164800,      0.676954,CP5_after_vdif,   1,    0.0000000000E+00,    2.3016109983E+02,    2.3016109983E+02,    0.0000000000E+00,    0.0000000000E+00,    0.0000000000E+00,    2.3016109983E+02
    164800,      0.676954,CP6_after_kinetics,   1,    0.0000000000E+00,    2.3016109983E+02,    2.3016109983E+02,    0.0000000000E+00,    0.0000000000E+00,    0.0000000000E+00,    2.3016109983E+02
    164800,      0.676954,CP7_after_upper_clamp,   1,    0.0000000000E+00,    2.3016109983E+02,    2.3016109983E+02,    0.0000000000E+00,    0.0000000000E+00,    0.0000000000E+00,    2.3016109983E+02
    164800,      0.676954,CP8_after_OBC,   1,    0.0000000000E+00,    2.3016109983E+02,    2.3016109983E+02,    0.0000000000E+00,    0.0000000000E+00,    0.0000000000E+00,    2.3016109983E+02
    164800,      0.676954,CP9_after_PTsource,   1,    0.0000000000E+00,    2.3016109983E+02,    2.3016109983E+02,    0.0000000000E+00,    0.0000000000E+00,    0.0000000000E+00,    2.3016109983E+02
    164800,      0.676954,CP10_after_neg_clamp,   1,    0.0000000000E+00,    2.3016109983E+02,    2.3016109983E+02,    0.0000000000E+00,    0.0000000000E+00,    0.0000000000E+00,    2.3016109983E+02
    164800,      0.676954,CP11_after_MPI,   1,    0.0000000000E+00,    2.3016109983E+02,    2.3016109983E+02,    0.0000000000E+00,    0.0000000000E+00,    0.0000000000E+00,    2.3016109983E+02
    164800,      0.676954,CP12_end,   1,    0.0000000000E+00,    2.3016109983E+02,    2.3016109983E+02,    0.0000000000E+00,    0.0000000000E+00,    0.0000000000E+00,    2.3016109983E+02
    164850,      0.676954,CP0_start,   1,    0.0000000000E+00,    2.3029748994E+02,    2.3029748994E+02,    0.0000000000E+00,    0.0000000000E+00,    0.0000000000E+00,    2.3029748994E+02
    164850,      0.676954,CP1_after_deposition,   1,    0.0000000000E+00,    2.3029748994E+02,    2.3029748994E+02,    0.0000000000E+00,    0.0000000000E+00,    0.0000000000E+00,    2.3029748994E+02
    164850,      0.676954,CP2_after_erosion,   1,    0.0000000000E+00,    2.3029748994E+02,    2.3029748994E+02,    0.0000000000E+00,    0.0000000000E+00,    0.0000000000E+00,    2.3029748994E+02
    164850,      0.676954,CP3_after_update_bottom,   1,    0.0000000000E+00,    2.3029748994E+02,    2.3029748994E+02,    0.0000000000E+00,    0.0000000000E+00,    0.0000000000E+00,    2.3029748994E+02
    164850,      0.676954,CP4_after_advection,   1,    0.0000000000E+00,    2.3030774034E+02,    2.3030774034E+02,    0.0000000000E+00,    0.0000000000E+00,    0.0000000000E+00,    2.3030774034E+02
    164850,      0.676954,CP5_after_vdif,   1,    0.0000000000E+00,    2.3030774034E+02,    2.3030774034E+02,    0.0000000000E+00,    0.0000000000E+00,    0.0000000000E+00,    2.3030774034E+02
    164850,      0.676954,CP6_after_kinetics,   1,    0.0000000000E+00,    2.3030774034E+02,    2.3030774034E+02,    0.0000000000E+00,    0.0000000000E+00,    0.0000000000E+00,    2.3030774034E+02
    164850,      0.676954,CP7_after_upper_clamp,   1,    0.0000000000E+00,    2.3030774034E+02,    2.3030774034E+02,    0.0000000000E+00,    0.0000000000E+00,    0.0000000000E+00,    2.3030774034E+02
    164850,      0.676954,CP8_after_OBC,   1,    0.0000000000E+00,    2.3030774034E+02,    2.3030774034E+02,    0.0000000000E+00,    0.0000000000E+00,    0.0000000000E+00,    2.3030774034E+02
    164850,      0.676954,CP9_after_PTsource,   1,    0.0000000000E+00,    2.3030774034E+02,    2.3030774034E+02,    0.0000000000E+00,    0.0000000000E+00,    0.0000000000E+00,    2.3030774034E+02
    164850,      0.676954,CP10_after_neg_clamp,   1,    0.0000000000E+00,    2.3030774034E+02,    2.3030774034E+02,    0.0000000000E+00,    0.0000000000E+00,    0.0000000000E+00,    2.3030774034E+02
    164850,      0.676954,CP11_after_MPI,   1,    0.0000000000E+00,    2.3030774034E+02,    2.3030774034E+02,    0.0000000000E+00,    0.0000000000E+00,    0.0000000000E+00,    2.3030774034E+02
    164850,      0.676954,CP12_end,   1,    0.0000000000E+00,    2.3030774034E+02,    2.3030774034E+02,    0.0000000000E+00,    0.0000000000E+00,    0.0000000000E+00,    2.3030774034E+02
    164900,      0.676954,CP0_start,   1,    0.0000000000E+00,    2.3044151008E+02,    2.3044151008E+02,    0.0000000000E+00,    0.0000000000E+00,    0.0000000000E+00,    2.3044151008E+02
    164900,      0.676954,CP1_after_deposition,   1,    0.0000000000E+00,    2.3044151008E+02,    2.3044151008E+02,    0.0000000000E+00,    0.0000000000E+00,    0.0000000000E+00,    2.3044151008E+02
    164900,      0.676954,CP2_after_erosion,   1,    0.0000000000E+00,    2.3044151008E+02,    2.3044151008E+02,    0.0000000000E+00,    0.0000000000E+00,    0.0000000000E+00,    2.3044151008E+02
    164900,      0.676954,CP3_after_update_bottom,   1,    0.0000000000E+00,    2.3044151008E+02,    2.3044151008E+02,    0.0000000000E+00,    0.0000000000E+00,    0.0000000000E+00,    2.3044151008E+02
    164900,      0.676954,CP4_after_advection,   1,    0.0000000000E+00,    2.3045185537E+02,    2.3045185537E+02,    0.0000000000E+00,    0.0000000000E+00,    0.0000000000E+00,    2.3045185537E+02
    164900,      0.676954,CP5_after_vdif,   1,    0.0000000000E+00,    2.3045185537E+02,    2.3045185537E+02,    0.0000000000E+00,    0.0000000000E+00,    0.0000000000E+00,    2.3045185537E+02
    164900,      0.676954,CP6_after_kinetics,   1,    0.0000000000E+00,    2.3045185537E+02,    2.3045185537E+02,    0.0000000000E+00,    0.0000000000E+00,    0.0000000000E+00,    2.3045185537E+02
    164900,      0.676954,CP7_after_upper_clamp,   1,    0.0000000000E+00,    2.3045185537E+02,    2.3045185537E+02,    0.0000000000E+00,    0.0000000000E+00,    0.0000000000E+00,    2.3045185537E+02
    164900,      0.676954,CP8_after_OBC,   1,    0.0000000000E+00,    2.3045185537E+02,    2.3045185537E+02,    0.0000000000E+00,    0.0000000000E+00,    0.0000000000E+00,    2.3045185537E+02
    164900,      0.676954,CP9_after_PTsource,   1,    0.0000000000E+00,    2.3045185537E+02,    2.3045185537E+02,    0.0000000000E+00,    0.0000000000E+00,    0.0000000000E+00,    2.3045185537E+02
    164900,      0.676954,CP10_after_neg_clamp,   1,    0.0000000000E+00,    2.3045185537E+02,    2.3045185537E+02,    0.0000000000E+00,    0.0000000000E+00,    0.0000000000E+00,    2.3045185537E+02
    164900,      0.676954,CP11_after_MPI,   1,    0.0000000000E+00,    2.3045185537E+02,    2.3045185537E+02,    0.0000000000E+00,    0.0000000000E+00,    0.0000000000E+00,    2.3045185537E+02
    164900,      0.676954,CP12_end,   1,    0.0000000000E+00,    2.3045185537E+02,    2.3045185537E+02,    0.0000000000E+00,    0.0000000000E+00,    0.0000000000E+00,    2.3045185537E+02
    164950,      0.676954,CP0_start,   1,    0.0000000000E+00,    2.3058406737E+02,    2.3058406737E+02,    0.0000000000E+00,    0.0000000000E+00,    0.0000000000E+00,    2.3058406737E+02
    164950,      0.676954,CP1_after_deposition,   1,    0.0000000000E+00,    2.3058406737E+02,    2.3058406737E+02,    0.0000000000E+00,    0.0000000000E+00,    0.0000000000E+00,    2.3058406737E+02
    164950,      0.676954,CP2_after_erosion,   1,    0.0000000000E+00,    2.3058406737E+02,    2.3058406737E+02,    0.0000000000E+00,    0.0000000000E+00,    0.0000000000E+00,    2.3058406737E+02
    164950,      0.676954,CP3_after_update_bottom,   1,    0.0000000000E+00,    2.3058406737E+02,    2.3058406737E+02,    0.0000000000E+00,    0.0000000000E+00,    0.0000000000E+00,    2.3058406737E+02
    164950,      0.676954,CP4_after_advection,   1,    0.0000000000E+00,    2.3059450561E+02,    2.3059450561E+02,    0.0000000000E+00,    0.0000000000E+00,    0.0000000000E+00,    2.3059450561E+02
    164950,      0.676954,CP5_after_vdif,   1,    0.0000000000E+00,    2.3059450561E+02,    2.3059450561E+02,    0.0000000000E+00,    0.0000000000E+00,    0.0000000000E+00,    2.3059450561E+02
    164950,      0.676954,CP6_after_kinetics,   1,    0.0000000000E+00,    2.3059450561E+02,    2.3059450561E+02,    0.0000000000E+00,    0.0000000000E+00,    0.0000000000E+00,    2.3059450561E+02
    164950,      0.676954,CP7_after_upper_clamp,   1,    0.0000000000E+00,    2.3059450561E+02,    2.3059450561E+02,    0.0000000000E+00,    0.0000000000E+00,    0.0000000000E+00,    2.3059450561E+02
    164950,      0.676954,CP8_after_OBC,   1,    0.0000000000E+00,    2.3059450561E+02,    2.3059450561E+02,    0.0000000000E+00,    0.0000000000E+00,    0.0000000000E+00,    2.3059450561E+02
    164950,      0.676954,CP9_after_PTsource,   1,    0.0000000000E+00,    2.3059450561E+02,    2.3059450561E+02,    0.0000000000E+00,    0.0000000000E+00,    0.0000000000E+00,    2.3059450561E+02
    164950,      0.676954,CP10_after_neg_clamp,   1,    0.0000000000E+00,    2.3059450561E+02,    2.3059450561E+02,    0.0000000000E+00,    0.0000000000E+00,    0.0000000000E+00,    2.3059450561E+02
    164950,      0.676954,CP11_after_MPI,   1,    0.0000000000E+00,    2.3059450561E+02,    2.3059450561E+02,    0.0000000000E+00,    0.0000000000E+00,    0.0000000000E+00,    2.3059450561E+02
    164950,      0.676954,CP12_end,   1,    0.0000000000E+00,    2.3059450561E+02,    2.3059450561E+02,    0.0000000000E+00,    0.0000000000E+00,    0.0000000000E+00,    2.3059450561E+02
    165000,      0.676954,CP0_start,   1,    0.0000000000E+00,    2.3072527330E+02,    2.3072527330E+02,    0.0000000000E+00,    0.0000000000E+00,    0.0000000000E+00,    2.3072527330E+02
    165000,      0.676954,CP1_after_deposition,   1,    0.0000000000E+00,    2.3072527330E+02,    2.3072527330E+02,    0.0000000000E+00,    0.0000000000E+00,    0.0000000000E+00,    2.3072527330E+02
    165000,      0.676954,CP2_after_erosion,   1,    0.0000000000E+00,    2.3072527330E+02,    2.3072527330E+02,    0.0000000000E+00,    0.0000000000E+00,    0.0000000000E+00,    2.3072527330E+02
    165000,      0.676954,CP3_after_update_bottom,   1,    0.0000000000E+00,    2.3072527330E+02,    2.3072527330E+02,    0.0000000000E+00,    0.0000000000E+00,    0.0000000000E+00,    2.3072527330E+02
    165000,      0.676954,CP4_after_advection,   1,    0.0000000000E+00,    2.3073576266E+02,    2.3073576266E+02,    0.0000000000E+00,    0.0000000000E+00,    0.0000000000E+00,    2.3073576266E+02
    165000,      0.676954,CP5_after_vdif,   1,    0.0000000000E+00,    2.3073576266E+02,    2.3073576266E+02,    0.0000000000E+00,    0.0000000000E+00,    0.0000000000E+00,    2.3073576266E+02
    165000,      0.676954,CP6_after_kinetics,   1,    0.0000000000E+00,    2.3073576266E+02,    2.3073576266E+02,    0.0000000000E+00,    0.0000000000E+00,    0.0000000000E+00,    2.3073576266E+02
    165000,      0.676954,CP7_after_upper_clamp,   1,    0.0000000000E+00,    2.3073576266E+02,    2.3073576266E+02,    0.0000000000E+00,    0.0000000000E+00,    0.0000000000E+00,    2.3073576266E+02
    165000,      0.676954,CP8_after_OBC,   1,    0.0000000000E+00,    2.3073576266E+02,    2.3073576266E+02,    0.0000000000E+00,    0.0000000000E+00,    0.0000000000E+00,    2.3073576266E+02
    165000,      0.676954,CP9_after_PTsource,   1,    0.0000000000E+00,    2.3073576266E+02,    2.3073576266E+02,    0.0000000000E+00,    0.0000000000E+00,    0.0000000000E+00,    2.3073576266E+02
    165000,      0.676954,CP10_after_neg_clamp,   1,    0.0000000000E+00,    2.3073576266E+02,    2.3073576266E+02,    0.0000000000E+00,    0.0000000000E+00,    0.0000000000E+00,    2.3073576266E+02
    165000,      0.676954,CP11_after_MPI,   1,    0.0000000000E+00,    2.3073576266E+02,    2.3073576266E+02,    0.0000000000E+00,    0.0000000000E+00,    0.0000000000E+00,    2.3073576266E+02
    165000,      0.676954,CP12_end,   1,    0.0000000000E+00,    2.3073576266E+02,    2.3073576266E+02,    0.0000000000E+00,    0.0000000000E+00,    0.0000000000E+00,    2.3073576266E+02
    165050,      0.676954,CP0_start,   1,    0.0000000000E+00,    2.3086596212E+02,    2.3086596212E+02,    0.0000000000E+00,    0.0000000000E+00,    0.0000000000E+00,    2.3086596212E+02
    165050,      0.676954,CP1_after_deposition,   1,    0.0000000000E+00,    2.3086596212E+02,    2.3086596212E+02,    0.0000000000E+00,    0.0000000000E+00,    0.0000000000E+00,    2.3086596212E+02
    165050,      0.676954,CP2_after_erosion,   1,    0.0000000000E+00,    2.3086596212E+02,    2.3086596212E+02,    0.0000000000E+00,    0.0000000000E+00,    0.0000000000E+00,    2.3086596212E+02
    165050,      0.676954,CP3_after_update_bottom,   1,    0.0000000000E+00,    2.3086596212E+02,    2.3086596212E+02,    0.0000000000E+00,    0.0000000000E+00,    0.0000000000E+00,    2.3086596212E+02
    165050,      0.676954,CP4_after_advection,   1,    0.0000000000E+00,    2.3087658021E+02,    2.3087658021E+02,    0.0000000000E+00,    0.0000000000E+00,    0.0000000000E+00,    2.3087658021E+02
    165050,      0.676954,CP5_after_vdif,   1,    0.0000000000E+00,    2.3087658021E+02,    2.3087658021E+02,    0.0000000000E+00,    0.0000000000E+00,    0.0000000000E+00,    2.3087658021E+02
    165050,      0.676954,CP6_after_kinetics,   1,    0.0000000000E+00,    2.3087658021E+02,    2.3087658021E+02,    0.0000000000E+00,    0.0000000000E+00,    0.0000000000E+00,    2.3087658021E+02
    165050,      0.676954,CP7_after_upper_clamp,   1,    0.0000000000E+00,    2.3087658021E+02,    2.3087658021E+02,    0.0000000000E+00,    0.0000000000E+00,    0.0000000000E+00,    2.3087658021E+02
    165050,      0.676954,CP8_after_OBC,   1,    0.0000000000E+00,    2.3087658021E+02,    2.3087658021E+02,    0.0000000000E+00,    0.0000000000E+00,    0.0000000000E+00,    2.3087658021E+02
    165050,      0.676954,CP9_after_PTsource,   1,    0.0000000000E+00,    2.3087658021E+02,    2.3087658021E+02,    0.0000000000E+00,    0.0000000000E+00,    0.0000000000E+00,    2.3087658021E+02
    165050,      0.676954,CP10_after_neg_clamp,   1,    0.0000000000E+00,    2.3087658021E+02,    2.3087658021E+02,    0.0000000000E+00,    0.0000000000E+00,    0.0000000000E+00,    2.3087658021E+02
    165050,      0.676954,CP11_after_MPI,   1,    0.0000000000E+00,    2.3087658021E+02,    2.3087658021E+02,    0.0000000000E+00,    0.0000000000E+00,    0.0000000000E+00,    2.3087658021E+02
    165050,      0.676954,CP12_end,   1,    0.0000000000E+00,    2.3087658021E+02,    2.3087658021E+02,    0.0000000000E+00,    0.0000000000E+00,    0.0000000000E+00,    2.3087658021E+02
    165100,      0.676954,CP0_start,   1,    0.0000000000E+00,    2.3100686864E+02,    2.3100686864E+02,    0.0000000000E+00,    0.0000000000E+00,    0.0000000000E+00,    2.3100686864E+02
    165100,      0.676954,CP1_after_deposition,   1,    0.0000000000E+00,    2.3100686864E+02,    2.3100686864E+02,    0.0000000000E+00,    0.0000000000E+00,    0.0000000000E+00,    2.3100686864E+02
    165100,      0.676954,CP2_after_erosion,   1,    0.0000000000E+00,    2.3100686864E+02,    2.3100686864E+02,    0.0000000000E+00,    0.0000000000E+00,    0.0000000000E+00,    2.3100686864E+02
    165100,      0.676954,CP3_after_update_bottom,   1,    0.0000000000E+00,    2.3100686864E+02,    2.3100686864E+02,    0.0000000000E+00,    0.0000000000E+00,    0.0000000000E+00,    2.3100686864E+02
    165100,      0.676954,CP4_after_advection,   1,    0.0000000000E+00,    2.3101758561E+02,    2.3101758561E+02,    0.0000000000E+00,    0.0000000000E+00,    0.0000000000E+00,    2.3101758561E+02
    165100,      0.676954,CP5_after_vdif,   1,    0.0000000000E+00,    2.3101758561E+02,    2.3101758561E+02,    0.0000000000E+00,    0.0000000000E+00,    0.0000000000E+00,    2.3101758561E+02
    165100,      0.676954,CP6_after_kinetics,   1,    0.0000000000E+00,    2.3101758561E+02,    2.3101758561E+02,    0.0000000000E+00,    0.0000000000E+00,    0.0000000000E+00,    2.3101758561E+02
    165100,      0.676954,CP7_after_upper_clamp,   1,    0.0000000000E+00,    2.3101758561E+02,    2.3101758561E+02,    0.0000000000E+00,    0.0000000000E+00,    0.0000000000E+00,    2.3101758561E+02
    165100,      0.676954,CP8_after_OBC,   1,    0.0000000000E+00,    2.3101758561E+02,    2.3101758561E+02,    0.0000000000E+00,    0.0000000000E+00,    0.0000000000E+00,    2.3101758561E+02
    165100,      0.676954,CP9_after_PTsource,   1,    0.0000000000E+00,    2.3101758561E+02,    2.3101758561E+02,    0.0000000000E+00,    0.0000000000E+00,    0.0000000000E+00,    2.3101758561E+02
    165100,      0.676954,CP10_after_neg_clamp,   1,    0.0000000000E+00,    2.3101758561E+02,    2.3101758561E+02,    0.0000000000E+00,    0.0000000000E+00,    0.0000000000E+00,    2.3101758561E+02
    165100,      0.676954,CP11_after_MPI,   1,    0.0000000000E+00,    2.3101758561E+02,    2.3101758561E+02,    0.0000000000E+00,    0.0000000000E+00,    0.0000000000E+00,    2.3101758561E+02
    165100,      0.676954,CP12_end,   1,    0.0000000000E+00,    2.3101758561E+02,    2.3101758561E+02,    0.0000000000E+00,    0.0000000000E+00,    0.0000000000E+00,    2.3101758561E+02
    165150,      0.676954,CP0_start,   1,    0.0000000000E+00,    2.3114876465E+02,    2.3114876465E+02,    0.0000000000E+00,    0.0000000000E+00,    0.0000000000E+00,    2.3114876465E+02
    165150,      0.676954,CP1_after_deposition,   1,    0.0000000000E+00,    2.3114876465E+02,    2.3114876465E+02,    0.0000000000E+00,    0.0000000000E+00,    0.0000000000E+00,    2.3114876465E+02
    165150,      0.676954,CP2_after_erosion,   1,    0.0000000000E+00,    2.3114876465E+02,    2.3114876465E+02,    0.0000000000E+00,    0.0000000000E+00,    0.0000000000E+00,    2.3114876465E+02
    165150,      0.676954,CP3_after_update_bottom,   1,    0.0000000000E+00,    2.3114876465E+02,    2.3114876465E+02,    0.0000000000E+00,    0.0000000000E+00,    0.0000000000E+00,    2.3114876465E+02
    165150,      0.676954,CP4_after_advection,   1,    0.0000000000E+00,    2.3115959520E+02,    2.3115959520E+02,    0.0000000000E+00,    0.0000000000E+00,    0.0000000000E+00,    2.3115959520E+02
    165150,      0.676954,CP5_after_vdif,   1,    0.0000000000E+00,    2.3115959520E+02,    2.3115959520E+02,    0.0000000000E+00,    0.0000000000E+00,    0.0000000000E+00,    2.3115959520E+02
    165150,      0.676954,CP6_after_kinetics,   1,    0.0000000000E+00,    2.3115959520E+02,    2.3115959520E+02,    0.0000000000E+00,    0.0000000000E+00,    0.0000000000E+00,    2.3115959520E+02
    165150,      0.676954,CP7_after_upper_clamp,   1,    0.0000000000E+00,    2.3115959520E+02,    2.3115959520E+02,    0.0000000000E+00,    0.0000000000E+00,    0.0000000000E+00,    2.3115959520E+02
    165150,      0.676954,CP8_after_OBC,   1,    0.0000000000E+00,    2.3115959520E+02,    2.3115959520E+02,    0.0000000000E+00,    0.0000000000E+00,    0.0000000000E+00,    2.3115959520E+02
    165150,      0.676954,CP9_after_PTsource,   1,    0.0000000000E+00,    2.3115959520E+02,    2.3115959520E+02,    0.0000000000E+00,    0.0000000000E+00,    0.0000000000E+00,    2.3115959520E+02
    165150,      0.676954,CP10_after_neg_clamp,   1,    0.0000000000E+00,    2.3115959520E+02,    2.3115959520E+02,    0.0000000000E+00,    0.0000000000E+00,    0.0000000000E+00,    2.3115959520E+02
    165150,      0.676954,CP11_after_MPI,   1,    0.0000000000E+00,    2.3115959520E+02,    2.3115959520E+02,    0.0000000000E+00,    0.0000000000E+00,    0.0000000000E+00,    2.3115959520E+02
    165150,      0.676954,CP12_end,   1,    0.0000000000E+00,    2.3115959520E+02,    2.3115959520E+02,    0.0000000000E+00,    0.0000000000E+00,    0.0000000000E+00,    2.3115959520E+02
    165200,      0.676954,CP0_start,   1,    0.0000000000E+00,    2.3129304048E+02,    2.3129304048E+02,    0.0000000000E+00,    0.0000000000E+00,    0.0000000000E+00,    2.3129304048E+02
    165200,      0.676954,CP1_after_deposition,   1,    0.0000000000E+00,    2.3129304048E+02,    2.3129304048E+02,    0.0000000000E+00,    0.0000000000E+00,    0.0000000000E+00,    2.3129304048E+02
    165200,      0.676954,CP2_after_erosion,   1,    0.0000000000E+00,    2.3129304048E+02,    2.3129304048E+02,    0.0000000000E+00,    0.0000000000E+00,    0.0000000000E+00,    2.3129304048E+02
    165200,      0.676954,CP3_after_update_bottom,   1,    0.0000000000E+00,    2.3129304048E+02,    2.3129304048E+02,    0.0000000000E+00,    0.0000000000E+00,    0.0000000000E+00,    2.3129304048E+02
    165200,      0.676954,CP4_after_advection,   1,    0.0000000000E+00,    2.3130402849E+02,    2.3130402849E+02,    0.0000000000E+00,    0.0000000000E+00,    0.0000000000E+00,    2.3130402849E+02
    165200,      0.676954,CP5_after_vdif,   1,    0.0000000000E+00,    2.3130402849E+02,    2.3130402849E+02,    0.0000000000E+00,    0.0000000000E+00,    0.0000000000E+00,    2.3130402849E+02
    165200,      0.676954,CP6_after_kinetics,   1,    0.0000000000E+00,    2.3130402849E+02,    2.3130402849E+02,    0.0000000000E+00,    0.0000000000E+00,    0.0000000000E+00,    2.3130402849E+02
    165200,      0.676954,CP7_after_upper_clamp,   1,    0.0000000000E+00,    2.3130402849E+02,    2.3130402849E+02,    0.0000000000E+00,    0.0000000000E+00,    0.0000000000E+00,    2.3130402849E+02
    165200,      0.676954,CP8_after_OBC,   1,    0.0000000000E+00,    2.3130402849E+02,    2.3130402849E+02,    0.0000000000E+00,    0.0000000000E+00,    0.0000000000E+00,    2.3130402849E+02
    165200,      0.676954,CP9_after_PTsource,   1,    0.0000000000E+00,    2.3130402849E+02,    2.3130402849E+02,    0.0000000000E+00,    0.0000000000E+00,    0.0000000000E+00,    2.3130402849E+02
    165200,      0.676954,CP10_after_neg_clamp,   1,    0.0000000000E+00,    2.3130402849E+02,    2.3130402849E+02,    0.0000000000E+00,    0.0000000000E+00,    0.0000000000E+00,    2.3130402849E+02
    165200,      0.676954,CP11_after_MPI,   1,    0.0000000000E+00,    2.3130402849E+02,    2.3130402849E+02,    0.0000000000E+00,    0.0000000000E+00,    0.0000000000E+00,    2.3130402849E+02
    165200,      0.676954,CP12_end,   1,    0.0000000000E+00,    2.3130402849E+02,    2.3130402849E+02,    0.0000000000E+00,    0.0000000000E+00,    0.0000000000E+00,    2.3130402849E+02
    165250,      0.676954,CP0_start,   1,    0.0000000000E+00,    2.3144082496E+02,    2.3144082496E+02,    0.0000000000E+00,    0.0000000000E+00,    0.0000000000E+00,    2.3144082496E+02
    165250,      0.676954,CP1_after_deposition,   1,    0.0000000000E+00,    2.3144082496E+02,    2.3144082496E+02,    0.0000000000E+00,    0.0000000000E+00,    0.0000000000E+00,    2.3144082496E+02
    165250,      0.676954,CP2_after_erosion,   1,    0.0000000000E+00,    2.3144082496E+02,    2.3144082496E+02,    0.0000000000E+00,    0.0000000000E+00,    0.0000000000E+00,    2.3144082496E+02
    165250,      0.676954,CP3_after_update_bottom,   1,    0.0000000000E+00,    2.3144082496E+02,    2.3144082496E+02,    0.0000000000E+00,    0.0000000000E+00,    0.0000000000E+00,    2.3144082496E+02
    165250,      0.676954,CP4_after_advection,   1,    0.0000000000E+00,    2.3145194009E+02,    2.3145194009E+02,    0.0000000000E+00,    0.0000000000E+00,    0.0000000000E+00,    2.3145194009E+02
    165250,      0.676954,CP5_after_vdif,   1,    0.0000000000E+00,    2.3145194009E+02,    2.3145194009E+02,    0.0000000000E+00,    0.0000000000E+00,    0.0000000000E+00,    2.3145194009E+02
    165250,      0.676954,CP6_after_kinetics,   1,    0.0000000000E+00,    2.3145194009E+02,    2.3145194009E+02,    0.0000000000E+00,    0.0000000000E+00,    0.0000000000E+00,    2.3145194009E+02
    165250,      0.676954,CP7_after_upper_clamp,   1,    0.0000000000E+00,    2.3145194009E+02,    2.3145194009E+02,    0.0000000000E+00,    0.0000000000E+00,    0.0000000000E+00,    2.3145194009E+02
    165250,      0.676954,CP8_after_OBC,   1,    0.0000000000E+00,    2.3145194009E+02,    2.3145194009E+02,    0.0000000000E+00,    0.0000000000E+00,    0.0000000000E+00,    2.3145194009E+02
    165250,      0.676954,CP9_after_PTsource,   1,    0.0000000000E+00,    2.3145194009E+02,    2.3145194009E+02,    0.0000000000E+00,    0.0000000000E+00,    0.0000000000E+00,    2.3145194009E+02
    165250,      0.676954,CP10_after_neg_clamp,   1,    0.0000000000E+00,    2.3145194009E+02,    2.3145194009E+02,    0.0000000000E+00,    0.0000000000E+00,    0.0000000000E+00,    2.3145194009E+02
    165250,      0.676954,CP11_after_MPI,   1,    0.0000000000E+00,    2.3145194009E+02,    2.3145194009E+02,    0.0000000000E+00,    0.0000000000E+00,    0.0000000000E+00,    2.3145194009E+02
    165250,      0.676954,CP12_end,   1,    0.0000000000E+00,    2.3145194009E+02,    2.3145194009E+02,    0.0000000000E+00,    0.0000000000E+00,    0.0000000000E+00,    2.3145194009E+02
    165300,      0.676954,CP0_start,   1,    0.0000000000E+00,    2.3159243647E+02,    2.3159243647E+02,    0.0000000000E+00,    0.0000000000E+00,    0.0000000000E+00,    2.3159243647E+02
    165300,      0.676954,CP1_after_deposition,   1,    0.0000000000E+00,    2.3159243647E+02,    2.3159243647E+02,    0.0000000000E+00,    0.0000000000E+00,    0.0000000000E+00,    2.3159243647E+02
    165300,      0.676954,CP2_after_erosion,   1,    0.0000000000E+00,    2.3159243647E+02,    2.3159243647E+02,    0.0000000000E+00,    0.0000000000E+00,    0.0000000000E+00,    2.3159243647E+02
    165300,      0.676954,CP3_after_update_bottom,   1,    0.0000000000E+00,    2.3159243647E+02,    2.3159243647E+02,    0.0000000000E+00,    0.0000000000E+00,    0.0000000000E+00,    2.3159243647E+02
    165300,      0.676954,CP4_after_advection,   1,    0.0000000000E+00,    2.3160371863E+02,    2.3160371863E+02,    0.0000000000E+00,    0.0000000000E+00,    0.0000000000E+00,    2.3160371863E+02
    165300,      0.676954,CP5_after_vdif,   1,    0.0000000000E+00,    2.3160371863E+02,    2.3160371863E+02,    0.0000000000E+00,    0.0000000000E+00,    0.0000000000E+00,    2.3160371863E+02
    165300,      0.676954,CP6_after_kinetics,   1,    0.0000000000E+00,    2.3160371863E+02,    2.3160371863E+02,    0.0000000000E+00,    0.0000000000E+00,    0.0000000000E+00,    2.3160371863E+02
    165300,      0.676954,CP7_after_upper_clamp,   1,    0.0000000000E+00,    2.3160371863E+02,    2.3160371863E+02,    0.0000000000E+00,    0.0000000000E+00,    0.0000000000E+00,    2.3160371863E+02
    165300,      0.676954,CP8_after_OBC,   1,    0.0000000000E+00,    2.3160371863E+02,    2.3160371863E+02,    0.0000000000E+00,    0.0000000000E+00,    0.0000000000E+00,    2.3160371863E+02
    165300,      0.676954,CP9_after_PTsource,   1,    0.0000000000E+00,    2.3160371863E+02,    2.3160371863E+02,    0.0000000000E+00,    0.0000000000E+00,    0.0000000000E+00,    2.3160371863E+02
    165300,      0.676954,CP10_after_neg_clamp,   1,    0.0000000000E+00,    2.3160371863E+02,    2.3160371863E+02,    0.0000000000E+00,    0.0000000000E+00,    0.0000000000E+00,    2.3160371863E+02
    165300,      0.676954,CP11_after_MPI,   1,    0.0000000000E+00,    2.3160371863E+02,    2.3160371863E+02,    0.0000000000E+00,    0.0000000000E+00,    0.0000000000E+00,    2.3160371863E+02
    165300,      0.676954,CP12_end,   1,    0.0000000000E+00,    2.3160371863E+02,    2.3160371863E+02,    0.0000000000E+00,    0.0000000000E+00,    0.0000000000E+00,    2.3160371863E+02
    165350,      0.676954,CP0_start,   1,    0.0000000000E+00,    2.3174690508E+02,    2.3174690508E+02,    0.0000000000E+00,    0.0000000000E+00,    0.0000000000E+00,    2.3174690508E+02
    165350,      0.676954,CP1_after_deposition,   1,    0.0000000000E+00,    2.3174690508E+02,    2.3174690508E+02,    0.0000000000E+00,    0.0000000000E+00,    0.0000000000E+00,    2.3174690508E+02
    165350,      0.676954,CP2_after_erosion,   1,    0.0000000000E+00,    2.3174690508E+02,    2.3174690508E+02,    0.0000000000E+00,    0.0000000000E+00,    0.0000000000E+00,    2.3174690508E+02
    165350,      0.676954,CP3_after_update_bottom,   1,    0.0000000000E+00,    2.3174690508E+02,    2.3174690508E+02,    0.0000000000E+00,    0.0000000000E+00,    0.0000000000E+00,    2.3174690508E+02
    165350,      0.676954,CP4_after_advection,   1,    0.0000000000E+00,    2.3175825077E+02,    2.3175825077E+02,    0.0000000000E+00,    0.0000000000E+00,    0.0000000000E+00,    2.3175825077E+02
    165350,      0.676954,CP5_after_vdif,   1,    0.0000000000E+00,    2.3175825077E+02,    2.3175825077E+02,    0.0000000000E+00,    0.0000000000E+00,    0.0000000000E+00,    2.3175825077E+02
    165350,      0.676954,CP6_after_kinetics,   1,    0.0000000000E+00,    2.3175825077E+02,    2.3175825077E+02,    0.0000000000E+00,    0.0000000000E+00,    0.0000000000E+00,    2.3175825077E+02
    165350,      0.676954,CP7_after_upper_clamp,   1,    0.0000000000E+00,    2.3175825077E+02,    2.3175825077E+02,    0.0000000000E+00,    0.0000000000E+00,    0.0000000000E+00,    2.3175825077E+02
    165350,      0.676954,CP8_after_OBC,   1,    0.0000000000E+00,    2.3175825077E+02,    2.3175825077E+02,    0.0000000000E+00,    0.0000000000E+00,    0.0000000000E+00,    2.3175825077E+02
    165350,      0.676954,CP9_after_PTsource,   1,    0.0000000000E+00,    2.3175825077E+02,    2.3175825077E+02,    0.0000000000E+00,    0.0000000000E+00,    0.0000000000E+00,    2.3175825077E+02
    165350,      0.676954,CP10_after_neg_clamp,   1,    0.0000000000E+00,    2.3175825077E+02,    2.3175825077E+02,    0.0000000000E+00,    0.0000000000E+00,    0.0000000000E+00,    2.3175825077E+02
    165350,      0.676954,CP11_after_MPI,   1,    0.0000000000E+00,    2.3175825077E+02,    2.3175825077E+02,    0.0000000000E+00,    0.0000000000E+00,    0.0000000000E+00,    2.3175825077E+02
    165350,      0.676954,CP12_end,   1,    0.0000000000E+00,    2.3175825077E+02,    2.3175825077E+02,    0.0000000000E+00,    0.0000000000E+00,    0.0000000000E+00,    2.3175825077E+02
    165400,      0.676954,CP0_start,   1,    0.0000000000E+00,    2.3190290348E+02,    2.3190290348E+02,    0.0000000000E+00,    0.0000000000E+00,    0.0000000000E+00,    2.3190290348E+02
    165400,      0.676954,CP1_after_deposition,   1,    0.0000000000E+00,    2.3190290348E+02,    2.3190290348E+02,    0.0000000000E+00,    0.0000000000E+00,    0.0000000000E+00,    2.3190290348E+02
    165400,      0.676954,CP2_after_erosion,   1,    0.0000000000E+00,    2.3190290348E+02,    2.3190290348E+02,    0.0000000000E+00,    0.0000000000E+00,    0.0000000000E+00,    2.3190290348E+02
    165400,      0.676954,CP3_after_update_bottom,   1,    0.0000000000E+00,    2.3190290348E+02,    2.3190290348E+02,    0.0000000000E+00,    0.0000000000E+00,    0.0000000000E+00,    2.3190290348E+02
    165400,      0.676954,CP4_after_advection,   1,    0.0000000000E+00,    2.3191438529E+02,    2.3191438529E+02,    0.0000000000E+00,    0.0000000000E+00,    0.0000000000E+00,    2.3191438529E+02
    165400,      0.676954,CP5_after_vdif,   1,    0.0000000000E+00,    2.3191438529E+02,    2.3191438529E+02,    0.0000000000E+00,    0.0000000000E+00,    0.0000000000E+00,    2.3191438529E+02
    165400,      0.676954,CP6_after_kinetics,   1,    0.0000000000E+00,    2.3191438529E+02,    2.3191438529E+02,    0.0000000000E+00,    0.0000000000E+00,    0.0000000000E+00,    2.3191438529E+02
    165400,      0.676954,CP7_after_upper_clamp,   1,    0.0000000000E+00,    2.3191438529E+02,    2.3191438529E+02,    0.0000000000E+00,    0.0000000000E+00,    0.0000000000E+00,    2.3191438529E+02
    165400,      0.676954,CP8_after_OBC,   1,    0.0000000000E+00,    2.3191438529E+02,    2.3191438529E+02,    0.0000000000E+00,    0.0000000000E+00,    0.0000000000E+00,    2.3191438529E+02
    165400,      0.676954,CP9_after_PTsource,   1,    0.0000000000E+00,    2.3191438529E+02,    2.3191438529E+02,    0.0000000000E+00,    0.0000000000E+00,    0.0000000000E+00,    2.3191438529E+02
    165400,      0.676954,CP10_after_neg_clamp,   1,    0.0000000000E+00,    2.3191438529E+02,    2.3191438529E+02,    0.0000000000E+00,    0.0000000000E+00,    0.0000000000E+00,    2.3191438529E+02
    165400,      0.676954,CP11_after_MPI,   1,    0.0000000000E+00,    2.3191438529E+02,    2.3191438529E+02,    0.0000000000E+00,    0.0000000000E+00,    0.0000000000E+00,    2.3191438529E+02
    165400,      0.676954,CP12_end,   1,    0.0000000000E+00,    2.3191438529E+02,    2.3191438529E+02,    0.0000000000E+00,    0.0000000000E+00,    0.0000000000E+00,    2.3191438529E+02
    165450,      0.676954,CP0_start,   1,    0.0000000000E+00,    2.3205972359E+02,    2.3205972359E+02,    0.0000000000E+00,    0.0000000000E+00,    0.0000000000E+00,    2.3205972359E+02
    165450,      0.676954,CP1_after_deposition,   1,    0.0000000000E+00,    2.3205972359E+02,    2.3205972359E+02,    0.0000000000E+00,    0.0000000000E+00,    0.0000000000E+00,    2.3205972359E+02
    165450,      0.676954,CP2_after_erosion,   1,    0.0000000000E+00,    2.3205972359E+02,    2.3205972359E+02,    0.0000000000E+00,    0.0000000000E+00,    0.0000000000E+00,    2.3205972359E+02
    165450,      0.676954,CP3_after_update_bottom,   1,    0.0000000000E+00,    2.3205972359E+02,    2.3205972359E+02,    0.0000000000E+00,    0.0000000000E+00,    0.0000000000E+00,    2.3205972359E+02
    165450,      0.676954,CP4_after_advection,   1,    0.0000000000E+00,    2.3207128889E+02,    2.3207128889E+02,    0.0000000000E+00,    0.0000000000E+00,    0.0000000000E+00,    2.3207128889E+02
    165450,      0.676954,CP5_after_vdif,   1,    0.0000000000E+00,    2.3207128889E+02,    2.3207128889E+02,    0.0000000000E+00,    0.0000000000E+00,    0.0000000000E+00,    2.3207128889E+02
    165450,      0.676954,CP6_after_kinetics,   1,    0.0000000000E+00,    2.3207128889E+02,    2.3207128889E+02,    0.0000000000E+00,    0.0000000000E+00,    0.0000000000E+00,    2.3207128889E+02
    165450,      0.676954,CP7_after_upper_clamp,   1,    0.0000000000E+00,    2.3207128889E+02,    2.3207128889E+02,    0.0000000000E+00,    0.0000000000E+00,    0.0000000000E+00,    2.3207128889E+02
    165450,      0.676954,CP8_after_OBC,   1,    0.0000000000E+00,    2.3207128889E+02,    2.3207128889E+02,    0.0000000000E+00,    0.0000000000E+00,    0.0000000000E+00,    2.3207128889E+02
    165450,      0.676954,CP9_after_PTsource,   1,    0.0000000000E+00,    2.3207128889E+02,    2.3207128889E+02,    0.0000000000E+00,    0.0000000000E+00,    0.0000000000E+00,    2.3207128889E+02
    165450,      0.676954,CP10_after_neg_clamp,   1,    0.0000000000E+00,    2.3207128889E+02,    2.3207128889E+02,    0.0000000000E+00,    0.0000000000E+00,    0.0000000000E+00,    2.3207128889E+02
    165450,      0.676954,CP11_after_MPI,   1,    0.0000000000E+00,    2.3207128889E+02,    2.3207128889E+02,    0.0000000000E+00,    0.0000000000E+00,    0.0000000000E+00,    2.3207128889E+02
    165450,      0.676954,CP12_end,   1,    0.0000000000E+00,    2.3207128889E+02,    2.3207128889E+02,    0.0000000000E+00,    0.0000000000E+00,    0.0000000000E+00,    2.3207128889E+02
    165500,      0.676954,CP0_start,   1,    0.0000000000E+00,    2.3221600738E+02,    2.3221600738E+02,    0.0000000000E+00,    0.0000000000E+00,    0.0000000000E+00,    2.3221600738E+02
    165500,      0.676954,CP1_after_deposition,   1,    0.0000000000E+00,    2.3221600738E+02,    2.3221600738E+02,    0.0000000000E+00,    0.0000000000E+00,    0.0000000000E+00,    2.3221600738E+02
    165500,      0.676954,CP2_after_erosion,   1,    0.0000000000E+00,    2.3221600738E+02,    2.3221600738E+02,    0.0000000000E+00,    0.0000000000E+00,    0.0000000000E+00,    2.3221600738E+02
    165500,      0.676954,CP3_after_update_bottom,   1,    0.0000000000E+00,    2.3221600738E+02,    2.3221600738E+02,    0.0000000000E+00,    0.0000000000E+00,    0.0000000000E+00,    2.3221600738E+02
    165500,      0.676954,CP4_after_advection,   1,    0.0000000000E+00,    2.3222762857E+02,    2.3222762857E+02,    0.0000000000E+00,    0.0000000000E+00,    0.0000000000E+00,    2.3222762857E+02
    165500,      0.676954,CP5_after_vdif,   1,    0.0000000000E+00,    2.3222762857E+02,    2.3222762857E+02,    0.0000000000E+00,    0.0000000000E+00,    0.0000000000E+00,    2.3222762857E+02
    165500,      0.676954,CP6_after_kinetics,   1,    0.0000000000E+00,    2.3222762857E+02,    2.3222762857E+02,    0.0000000000E+00,    0.0000000000E+00,    0.0000000000E+00,    2.3222762857E+02
    165500,      0.676954,CP7_after_upper_clamp,   1,    0.0000000000E+00,    2.3222762857E+02,    2.3222762857E+02,    0.0000000000E+00,    0.0000000000E+00,    0.0000000000E+00,    2.3222762857E+02
    165500,      0.676954,CP8_after_OBC,   1,    0.0000000000E+00,    2.3222762857E+02,    2.3222762857E+02,    0.0000000000E+00,    0.0000000000E+00,    0.0000000000E+00,    2.3222762857E+02
    165500,      0.676954,CP9_after_PTsource,   1,    0.0000000000E+00,    2.3222762857E+02,    2.3222762857E+02,    0.0000000000E+00,    0.0000000000E+00,    0.0000000000E+00,    2.3222762857E+02
    165500,      0.676954,CP10_after_neg_clamp,   1,    0.0000000000E+00,    2.3222762857E+02,    2.3222762857E+02,    0.0000000000E+00,    0.0000000000E+00,    0.0000000000E+00,    2.3222762857E+02
    165500,      0.676954,CP11_after_MPI,   1,    0.0000000000E+00,    2.3222762857E+02,    2.3222762857E+02,    0.0000000000E+00,    0.0000000000E+00,    0.0000000000E+00,    2.3222762857E+02
    165500,      0.676954,CP12_end,   1,    0.0000000000E+00,    2.3222762857E+02,    2.3222762857E+02,    0.0000000000E+00,    0.0000000000E+00,    0.0000000000E+00,    2.3222762857E+02
    165550,      0.676954,CP0_start,   1,    0.0000000000E+00,    2.3237162682E+02,    2.3237162682E+02,    0.0000000000E+00,    0.0000000000E+00,    0.0000000000E+00,    2.3237162682E+02
    165550,      0.676954,CP1_after_deposition,   1,    0.0000000000E+00,    2.3237162682E+02,    2.3237162682E+02,    0.0000000000E+00,    0.0000000000E+00,    0.0000000000E+00,    2.3237162682E+02
    165550,      0.676954,CP2_after_erosion,   1,    0.0000000000E+00,    2.3237162682E+02,    2.3237162682E+02,    0.0000000000E+00,    0.0000000000E+00,    0.0000000000E+00,    2.3237162682E+02
    165550,      0.676954,CP3_after_update_bottom,   1,    0.0000000000E+00,    2.3237162682E+02,    2.3237162682E+02,    0.0000000000E+00,    0.0000000000E+00,    0.0000000000E+00,    2.3237162682E+02
    165550,      0.676954,CP4_after_advection,   1,    0.0000000000E+00,    2.3238328271E+02,    2.3238328271E+02,    0.0000000000E+00,    0.0000000000E+00,    0.0000000000E+00,    2.3238328271E+02
    165550,      0.676954,CP5_after_vdif,   1,    0.0000000000E+00,    2.3238328271E+02,    2.3238328271E+02,    0.0000000000E+00,    0.0000000000E+00,    0.0000000000E+00,    2.3238328271E+02
    165550,      0.676954,CP6_after_kinetics,   1,    0.0000000000E+00,    2.3238328271E+02,    2.3238328271E+02,    0.0000000000E+00,    0.0000000000E+00,    0.0000000000E+00,    2.3238328271E+02
    165550,      0.676954,CP7_after_upper_clamp,   1,    0.0000000000E+00,    2.3238328271E+02,    2.3238328271E+02,    0.0000000000E+00,    0.0000000000E+00,    0.0000000000E+00,    2.3238328271E+02
    165550,      0.676954,CP8_after_OBC,   1,    0.0000000000E+00,    2.3238328271E+02,    2.3238328271E+02,    0.0000000000E+00,    0.0000000000E+00,    0.0000000000E+00,    2.3238328271E+02
    165550,      0.676954,CP9_after_PTsource,   1,    0.0000000000E+00,    2.3238328271E+02,    2.3238328271E+02,    0.0000000000E+00,    0.0000000000E+00,    0.0000000000E+00,    2.3238328271E+02
    165550,      0.676954,CP10_after_neg_clamp,   1,    0.0000000000E+00,    2.3238328271E+02,    2.3238328271E+02,    0.0000000000E+00,    0.0000000000E+00,    0.0000000000E+00,    2.3238328271E+02
    165550,      0.676954,CP11_after_MPI,   1,    0.0000000000E+00,    2.3238328271E+02,    2.3238328271E+02,    0.0000000000E+00,    0.0000000000E+00,    0.0000000000E+00,    2.3238328271E+02
    165550,      0.676954,CP12_end,   1,    0.0000000000E+00,    2.3238328271E+02,    2.3238328271E+02,    0.0000000000E+00,    0.0000000000E+00,    0.0000000000E+00,    2.3238328271E+02
    165600,      0.676954,CP0_start,   1,    0.0000000000E+00,    2.3252706275E+02,    2.3252706275E+02,    0.0000000000E+00,    0.0000000000E+00,    0.0000000000E+00,    2.3252706275E+02
    165600,      0.676954,CP1_after_deposition,   1,    0.0000000000E+00,    2.3252706275E+02,    2.3252706275E+02,    0.0000000000E+00,    0.0000000000E+00,    0.0000000000E+00,    2.3252706275E+02
    165600,      0.676954,CP2_after_erosion,   1,    0.0000000000E+00,    2.3252706275E+02,    2.3252706275E+02,    0.0000000000E+00,    0.0000000000E+00,    0.0000000000E+00,    2.3252706275E+02
    165600,      0.676954,CP3_after_update_bottom,   1,    0.0000000000E+00,    2.3252706275E+02,    2.3252706275E+02,    0.0000000000E+00,    0.0000000000E+00,    0.0000000000E+00,    2.3252706275E+02
    165600,      0.676954,CP4_after_advection,   1,    0.0000000000E+00,    2.3253874460E+02,    2.3253874460E+02,    0.0000000000E+00,    0.0000000000E+00,    0.0000000000E+00,    2.3253874460E+02
    165600,      0.676954,CP5_after_vdif,   1,    0.0000000000E+00,    2.3253874460E+02,    2.3253874460E+02,    0.0000000000E+00,    0.0000000000E+00,    0.0000000000E+00,    2.3253874460E+02
    165600,      0.676954,CP6_after_kinetics,   1,    0.0000000000E+00,    2.3253874460E+02,    2.3253874460E+02,    0.0000000000E+00,    0.0000000000E+00,    0.0000000000E+00,    2.3253874460E+02
    165600,      0.676954,CP7_after_upper_clamp,   1,    0.0000000000E+00,    2.3253874460E+02,    2.3253874460E+02,    0.0000000000E+00,    0.0000000000E+00,    0.0000000000E+00,    2.3253874460E+02
    165600,      0.676954,CP8_after_OBC,   1,    0.0000000000E+00,    2.3253874460E+02,    2.3253874460E+02,    0.0000000000E+00,    0.0000000000E+00,    0.0000000000E+00,    2.3253874460E+02
    165600,      0.676954,CP9_after_PTsource,   1,    0.0000000000E+00,    2.3253874460E+02,    2.3253874460E+02,    0.0000000000E+00,    0.0000000000E+00,    0.0000000000E+00,    2.3253874460E+02
    165600,      0.676954,CP10_after_neg_clamp,   1,    0.0000000000E+00,    2.3253874460E+02,    2.3253874460E+02,    0.0000000000E+00,    0.0000000000E+00,    0.0000000000E+00,    2.3253874460E+02
    165600,      0.676954,CP11_after_MPI,   1,    0.0000000000E+00,    2.3253874460E+02,    2.3253874460E+02,    0.0000000000E+00,    0.0000000000E+00,    0.0000000000E+00,    2.3253874460E+02
    165600,      0.676954,CP12_end,   1,    0.0000000000E+00,    2.3253874460E+02,    2.3253874460E+02,    0.0000000000E+00,    0.0000000000E+00,    0.0000000000E+00,    2.3253874460E+02
    165650,      0.676954,CP0_start,   1,    0.0000000000E+00,    2.3268345163E+02,    2.3268345163E+02,    0.0000000000E+00,    0.0000000000E+00,    0.0000000000E+00,    2.3268345163E+02
    165650,      0.676954,CP1_after_deposition,   1,    0.0000000000E+00,    2.3268345163E+02,    2.3268345163E+02,    0.0000000000E+00,    0.0000000000E+00,    0.0000000000E+00,    2.3268345163E+02
    165650,      0.676954,CP2_after_erosion,   1,    0.0000000000E+00,    2.3268345163E+02,    2.3268345163E+02,    0.0000000000E+00,    0.0000000000E+00,    0.0000000000E+00,    2.3268345163E+02
    165650,      0.676954,CP3_after_update_bottom,   1,    0.0000000000E+00,    2.3268345163E+02,    2.3268345163E+02,    0.0000000000E+00,    0.0000000000E+00,    0.0000000000E+00,    2.3268345163E+02
    165650,      0.676954,CP4_after_advection,   1,    0.0000000000E+00,    2.3269520749E+02,    2.3269520749E+02,    0.0000000000E+00,    0.0000000000E+00,    0.0000000000E+00,    2.3269520749E+02
    165650,      0.676954,CP5_after_vdif,   1,    0.0000000000E+00,    2.3269520749E+02,    2.3269520749E+02,    0.0000000000E+00,    0.0000000000E+00,    0.0000000000E+00,    2.3269520749E+02
    165650,      0.676954,CP6_after_kinetics,   1,    0.0000000000E+00,    2.3269520749E+02,    2.3269520749E+02,    0.0000000000E+00,    0.0000000000E+00,    0.0000000000E+00,    2.3269520749E+02
    165650,      0.676954,CP7_after_upper_clamp,   1,    0.0000000000E+00,    2.3269520749E+02,    2.3269520749E+02,    0.0000000000E+00,    0.0000000000E+00,    0.0000000000E+00,    2.3269520749E+02
    165650,      0.676954,CP8_after_OBC,   1,    0.0000000000E+00,    2.3269520749E+02,    2.3269520749E+02,    0.0000000000E+00,    0.0000000000E+00,    0.0000000000E+00,    2.3269520749E+02
    165650,      0.676954,CP9_after_PTsource,   1,    0.0000000000E+00,    2.3269520749E+02,    2.3269520749E+02,    0.0000000000E+00,    0.0000000000E+00,    0.0000000000E+00,    2.3269520749E+02
    165650,      0.676954,CP10_after_neg_clamp,   1,    0.0000000000E+00,    2.3269520749E+02,    2.3269520749E+02,    0.0000000000E+00,    0.0000000000E+00,    0.0000000000E+00,    2.3269520749E+02
    165650,      0.676954,CP11_after_MPI,   1,    0.0000000000E+00,    2.3269520749E+02,    2.3269520749E+02,    0.0000000000E+00,    0.0000000000E+00,    0.0000000000E+00,    2.3269520749E+02
    165650,      0.676954,CP12_end,   1,    0.0000000000E+00,    2.3269520749E+02,    2.3269520749E+02,    0.0000000000E+00,    0.0000000000E+00,    0.0000000000E+00,    2.3269520749E+02
    165700,      0.676954,CP0_start,   1,    0.0000000000E+00,    2.3284135645E+02,    2.3284135645E+02,    0.0000000000E+00,    0.0000000000E+00,    0.0000000000E+00,    2.3284135645E+02
    165700,      0.676954,CP1_after_deposition,   1,    0.0000000000E+00,    2.3284135645E+02,    2.3284135645E+02,    0.0000000000E+00,    0.0000000000E+00,    0.0000000000E+00,    2.3284135645E+02
    165700,      0.676954,CP2_after_erosion,   1,    0.0000000000E+00,    2.3284135645E+02,    2.3284135645E+02,    0.0000000000E+00,    0.0000000000E+00,    0.0000000000E+00,    2.3284135645E+02
    165700,      0.676954,CP3_after_update_bottom,   1,    0.0000000000E+00,    2.3284135645E+02,    2.3284135645E+02,    0.0000000000E+00,    0.0000000000E+00,    0.0000000000E+00,    2.3284135645E+02
    165700,      0.676954,CP4_after_advection,   1,    0.0000000000E+00,    2.3285315434E+02,    2.3285315434E+02,    0.0000000000E+00,    0.0000000000E+00,    0.0000000000E+00,    2.3285315434E+02
    165700,      0.676954,CP5_after_vdif,   1,    0.0000000000E+00,    2.3285315434E+02,    2.3285315434E+02,    0.0000000000E+00,    0.0000000000E+00,    0.0000000000E+00,    2.3285315434E+02
    165700,      0.676954,CP6_after_kinetics,   1,    0.0000000000E+00,    2.3285315434E+02,    2.3285315434E+02,    0.0000000000E+00,    0.0000000000E+00,    0.0000000000E+00,    2.3285315434E+02
    165700,      0.676954,CP7_after_upper_clamp,   1,    0.0000000000E+00,    2.3285315434E+02,    2.3285315434E+02,    0.0000000000E+00,    0.0000000000E+00,    0.0000000000E+00,    2.3285315434E+02
    165700,      0.676954,CP8_after_OBC,   1,    0.0000000000E+00,    2.3285315434E+02,    2.3285315434E+02,    0.0000000000E+00,    0.0000000000E+00,    0.0000000000E+00,    2.3285315434E+02
    165700,      0.676954,CP9_after_PTsource,   1,    0.0000000000E+00,    2.3285315434E+02,    2.3285315434E+02,    0.0000000000E+00,    0.0000000000E+00,    0.0000000000E+00,    2.3285315434E+02
    165700,      0.676954,CP10_after_neg_clamp,   1,    0.0000000000E+00,    2.3285315434E+02,    2.3285315434E+02,    0.0000000000E+00,    0.0000000000E+00,    0.0000000000E+00,    2.3285315434E+02
    165700,      0.676954,CP11_after_MPI,   1,    0.0000000000E+00,    2.3285315434E+02,    2.3285315434E+02,    0.0000000000E+00,    0.0000000000E+00,    0.0000000000E+00,    2.3285315434E+02
    165700,      0.676954,CP12_end,   1,    0.0000000000E+00,    2.3285315434E+02,    2.3285315434E+02,    0.0000000000E+00,    0.0000000000E+00,    0.0000000000E+00,    2.3285315434E+02
    165750,      0.676954,CP0_start,   1,    0.0000000000E+00,    2.3300101178E+02,    2.3300101178E+02,    0.0000000000E+00,    0.0000000000E+00,    0.0000000000E+00,    2.3300101178E+02
    165750,      0.676954,CP1_after_deposition,   1,    0.0000000000E+00,    2.3300101178E+02,    2.3300101178E+02,    0.0000000000E+00,    0.0000000000E+00,    0.0000000000E+00,    2.3300101178E+02
    165750,      0.676954,CP2_after_erosion,   1,    0.0000000000E+00,    2.3300101178E+02,    2.3300101178E+02,    0.0000000000E+00,    0.0000000000E+00,    0.0000000000E+00,    2.3300101178E+02
    165750,      0.676954,CP3_after_update_bottom,   1,    0.0000000000E+00,    2.3300101178E+02,    2.3300101178E+02,    0.0000000000E+00,    0.0000000000E+00,    0.0000000000E+00,    2.3300101178E+02
    165750,      0.676954,CP4_after_advection,   1,    0.0000000000E+00,    2.3301285906E+02,    2.3301285906E+02,    0.0000000000E+00,    0.0000000000E+00,    0.0000000000E+00,    2.3301285906E+02
    165750,      0.676954,CP5_after_vdif,   1,    0.0000000000E+00,    2.3301285906E+02,    2.3301285906E+02,    0.0000000000E+00,    0.0000000000E+00,    0.0000000000E+00,    2.3301285906E+02
    165750,      0.676954,CP6_after_kinetics,   1,    0.0000000000E+00,    2.3301285906E+02,    2.3301285906E+02,    0.0000000000E+00,    0.0000000000E+00,    0.0000000000E+00,    2.3301285906E+02
    165750,      0.676954,CP7_after_upper_clamp,   1,    0.0000000000E+00,    2.3301285906E+02,    2.3301285906E+02,    0.0000000000E+00,    0.0000000000E+00,    0.0000000000E+00,    2.3301285906E+02
    165750,      0.676954,CP8_after_OBC,   1,    0.0000000000E+00,    2.3301285906E+02,    2.3301285906E+02,    0.0000000000E+00,    0.0000000000E+00,    0.0000000000E+00,    2.3301285906E+02
    165750,      0.676954,CP9_after_PTsource,   1,    0.0000000000E+00,    2.3301285906E+02,    2.3301285906E+02,    0.0000000000E+00,    0.0000000000E+00,    0.0000000000E+00,    2.3301285906E+02
    165750,      0.676954,CP10_after_neg_clamp,   1,    0.0000000000E+00,    2.3301285906E+02,    2.3301285906E+02,    0.0000000000E+00,    0.0000000000E+00,    0.0000000000E+00,    2.3301285906E+02
    165750,      0.676954,CP11_after_MPI,   1,    0.0000000000E+00,    2.3301285906E+02,    2.3301285906E+02,    0.0000000000E+00,    0.0000000000E+00,    0.0000000000E+00,    2.3301285906E+02
    165750,      0.676954,CP12_end,   1,    0.0000000000E+00,    2.3301285906E+02,    2.3301285906E+02,    0.0000000000E+00,    0.0000000000E+00,    0.0000000000E+00,    2.3301285906E+02
    165800,      0.676954,CP0_start,   1,    0.0000000000E+00,    2.3316226837E+02,    2.3316226837E+02,    0.0000000000E+00,    0.0000000000E+00,    0.0000000000E+00,    2.3316226837E+02
    165800,      0.676954,CP1_after_deposition,   1,    0.0000000000E+00,    2.3316226837E+02,    2.3316226837E+02,    0.0000000000E+00,    0.0000000000E+00,    0.0000000000E+00,    2.3316226837E+02
    165800,      0.676954,CP2_after_erosion,   1,    0.0000000000E+00,    2.3316226837E+02,    2.3316226837E+02,    0.0000000000E+00,    0.0000000000E+00,    0.0000000000E+00,    2.3316226837E+02
    165800,      0.676954,CP3_after_update_bottom,   1,    0.0000000000E+00,    2.3316226837E+02,    2.3316226837E+02,    0.0000000000E+00,    0.0000000000E+00,    0.0000000000E+00,    2.3316226837E+02
    165800,      0.676954,CP4_after_advection,   1,    0.0000000000E+00,    2.3317416684E+02,    2.3317416684E+02,    0.0000000000E+00,    0.0000000000E+00,    0.0000000000E+00,    2.3317416684E+02
    165800,      0.676954,CP5_after_vdif,   1,    0.0000000000E+00,    2.3317416684E+02,    2.3317416684E+02,    0.0000000000E+00,    0.0000000000E+00,    0.0000000000E+00,    2.3317416684E+02
    165800,      0.676954,CP6_after_kinetics,   1,    0.0000000000E+00,    2.3317416684E+02,    2.3317416684E+02,    0.0000000000E+00,    0.0000000000E+00,    0.0000000000E+00,    2.3317416684E+02
    165800,      0.676954,CP7_after_upper_clamp,   1,    0.0000000000E+00,    2.3317416684E+02,    2.3317416684E+02,    0.0000000000E+00,    0.0000000000E+00,    0.0000000000E+00,    2.3317416684E+02
    165800,      0.676954,CP8_after_OBC,   1,    0.0000000000E+00,    2.3317416684E+02,    2.3317416684E+02,    0.0000000000E+00,    0.0000000000E+00,    0.0000000000E+00,    2.3317416684E+02
    165800,      0.676954,CP9_after_PTsource,   1,    0.0000000000E+00,    2.3317416684E+02,    2.3317416684E+02,    0.0000000000E+00,    0.0000000000E+00,    0.0000000000E+00,    2.3317416684E+02
    165800,      0.676954,CP10_after_neg_clamp,   1,    0.0000000000E+00,    2.3317416684E+02,    2.3317416684E+02,    0.0000000000E+00,    0.0000000000E+00,    0.0000000000E+00,    2.3317416684E+02
    165800,      0.676954,CP11_after_MPI,   1,    0.0000000000E+00,    2.3317416684E+02,    2.3317416684E+02,    0.0000000000E+00,    0.0000000000E+00,    0.0000000000E+00,    2.3317416684E+02
    165800,      0.676954,CP12_end,   1,    0.0000000000E+00,    2.3317416684E+02,    2.3317416684E+02,    0.0000000000E+00,    0.0000000000E+00,    0.0000000000E+00,    2.3317416684E+02
    165850,      0.676954,CP0_start,   1,    0.0000000000E+00,    2.3332460614E+02,    2.3332460614E+02,    0.0000000000E+00,    0.0000000000E+00,    0.0000000000E+00,    2.3332460614E+02
    165850,      0.676954,CP1_after_deposition,   1,    0.0000000000E+00,    2.3332460614E+02,    2.3332460614E+02,    0.0000000000E+00,    0.0000000000E+00,    0.0000000000E+00,    2.3332460614E+02
    165850,      0.676954,CP2_after_erosion,   1,    0.0000000000E+00,    2.3332460614E+02,    2.3332460614E+02,    0.0000000000E+00,    0.0000000000E+00,    0.0000000000E+00,    2.3332460614E+02
    165850,      0.676954,CP3_after_update_bottom,   1,    0.0000000000E+00,    2.3332460614E+02,    2.3332460614E+02,    0.0000000000E+00,    0.0000000000E+00,    0.0000000000E+00,    2.3332460614E+02
    165850,      0.676954,CP4_after_advection,   1,    0.0000000000E+00,    2.3333655817E+02,    2.3333655817E+02,    0.0000000000E+00,    0.0000000000E+00,    0.0000000000E+00,    2.3333655817E+02
    165850,      0.676954,CP5_after_vdif,   1,    0.0000000000E+00,    2.3333655817E+02,    2.3333655817E+02,    0.0000000000E+00,    0.0000000000E+00,    0.0000000000E+00,    2.3333655817E+02
    165850,      0.676954,CP6_after_kinetics,   1,    0.0000000000E+00,    2.3333655817E+02,    2.3333655817E+02,    0.0000000000E+00,    0.0000000000E+00,    0.0000000000E+00,    2.3333655817E+02
    165850,      0.676954,CP7_after_upper_clamp,   1,    0.0000000000E+00,    2.3333655817E+02,    2.3333655817E+02,    0.0000000000E+00,    0.0000000000E+00,    0.0000000000E+00,    2.3333655817E+02
    165850,      0.676954,CP8_after_OBC,   1,    0.0000000000E+00,    2.3333655817E+02,    2.3333655817E+02,    0.0000000000E+00,    0.0000000000E+00,    0.0000000000E+00,    2.3333655817E+02
    165850,      0.676954,CP9_after_PTsource,   1,    0.0000000000E+00,    2.3333655817E+02,    2.3333655817E+02,    0.0000000000E+00,    0.0000000000E+00,    0.0000000000E+00,    2.3333655817E+02
    165850,      0.676954,CP10_after_neg_clamp,   1,    0.0000000000E+00,    2.3333655817E+02,    2.3333655817E+02,    0.0000000000E+00,    0.0000000000E+00,    0.0000000000E+00,    2.3333655817E+02
    165850,      0.676954,CP11_after_MPI,   1,    0.0000000000E+00,    2.3333655817E+02,    2.3333655817E+02,    0.0000000000E+00,    0.0000000000E+00,    0.0000000000E+00,    2.3333655817E+02
    165850,      0.676954,CP12_end,   1,    0.0000000000E+00,    2.3333655817E+02,    2.3333655817E+02,    0.0000000000E+00,    0.0000000000E+00,    0.0000000000E+00,    2.3333655817E+02
    165900,      0.676954,CP0_start,   1,    0.0000000000E+00,    2.3348813741E+02,    2.3348813741E+02,    0.0000000000E+00,    0.0000000000E+00,    0.0000000000E+00,    2.3348813741E+02
    165900,      0.676954,CP1_after_deposition,   1,    0.0000000000E+00,    2.3348813741E+02,    2.3348813741E+02,    0.0000000000E+00,    0.0000000000E+00,    0.0000000000E+00,    2.3348813741E+02
    165900,      0.676954,CP2_after_erosion,   1,    0.0000000000E+00,    2.3348813741E+02,    2.3348813741E+02,    0.0000000000E+00,    0.0000000000E+00,    0.0000000000E+00,    2.3348813741E+02
    165900,      0.676954,CP3_after_update_bottom,   1,    0.0000000000E+00,    2.3348813741E+02,    2.3348813741E+02,    0.0000000000E+00,    0.0000000000E+00,    0.0000000000E+00,    2.3348813741E+02
    165900,      0.676954,CP4_after_advection,   1,    0.0000000000E+00,    2.3350010718E+02,    2.3350010718E+02,    0.0000000000E+00,    0.0000000000E+00,    0.0000000000E+00,    2.3350010718E+02
    165900,      0.676954,CP5_after_vdif,   1,    0.0000000000E+00,    2.3350010718E+02,    2.3350010718E+02,    0.0000000000E+00,    0.0000000000E+00,    0.0000000000E+00,    2.3350010718E+02
    165900,      0.676954,CP6_after_kinetics,   1,    0.0000000000E+00,    2.3350010718E+02,    2.3350010718E+02,    0.0000000000E+00,    0.0000000000E+00,    0.0000000000E+00,    2.3350010718E+02
    165900,      0.676954,CP7_after_upper_clamp,   1,    0.0000000000E+00,    2.3350010718E+02,    2.3350010718E+02,    0.0000000000E+00,    0.0000000000E+00,    0.0000000000E+00,    2.3350010718E+02
    165900,      0.676954,CP8_after_OBC,   1,    0.0000000000E+00,    2.3350010718E+02,    2.3350010718E+02,    0.0000000000E+00,    0.0000000000E+00,    0.0000000000E+00,    2.3350010718E+02
    165900,      0.676954,CP9_after_PTsource,   1,    0.0000000000E+00,    2.3350010718E+02,    2.3350010718E+02,    0.0000000000E+00,    0.0000000000E+00,    0.0000000000E+00,    2.3350010718E+02
    165900,      0.676954,CP10_after_neg_clamp,   1,    0.0000000000E+00,    2.3350010718E+02,    2.3350010718E+02,    0.0000000000E+00,    0.0000000000E+00,    0.0000000000E+00,    2.3350010718E+02
    165900,      0.676954,CP11_after_MPI,   1,    0.0000000000E+00,    2.3350010718E+02,    2.3350010718E+02,    0.0000000000E+00,    0.0000000000E+00,    0.0000000000E+00,    2.3350010718E+02
    165900,      0.676954,CP12_end,   1,    0.0000000000E+00,    2.3350010718E+02,    2.3350010718E+02,    0.0000000000E+00,    0.0000000000E+00,    0.0000000000E+00,    2.3350010718E+02
    165950,      0.676954,CP0_start,   1,    0.0000000000E+00,    2.3365190976E+02,    2.3365190976E+02,    0.0000000000E+00,    0.0000000000E+00,    0.0000000000E+00,    2.3365190976E+02
    165950,      0.676954,CP1_after_deposition,   1,    0.0000000000E+00,    2.3365190976E+02,    2.3365190976E+02,    0.0000000000E+00,    0.0000000000E+00,    0.0000000000E+00,    2.3365190976E+02
    165950,      0.676954,CP2_after_erosion,   1,    0.0000000000E+00,    2.3365190976E+02,    2.3365190976E+02,    0.0000000000E+00,    0.0000000000E+00,    0.0000000000E+00,    2.3365190976E+02
    165950,      0.676954,CP3_after_update_bottom,   1,    0.0000000000E+00,    2.3365190976E+02,    2.3365190976E+02,    0.0000000000E+00,    0.0000000000E+00,    0.0000000000E+00,    2.3365190976E+02
    165950,      0.676954,CP4_after_advection,   1,    0.0000000000E+00,    2.3366387454E+02,    2.3366387454E+02,    0.0000000000E+00,    0.0000000000E+00,    0.0000000000E+00,    2.3366387454E+02
    165950,      0.676954,CP5_after_vdif,   1,    0.0000000000E+00,    2.3366387454E+02,    2.3366387454E+02,    0.0000000000E+00,    0.0000000000E+00,    0.0000000000E+00,    2.3366387454E+02
    165950,      0.676954,CP6_after_kinetics,   1,    0.0000000000E+00,    2.3366387454E+02,    2.3366387454E+02,    0.0000000000E+00,    0.0000000000E+00,    0.0000000000E+00,    2.3366387454E+02
    165950,      0.676954,CP7_after_upper_clamp,   1,    0.0000000000E+00,    2.3366387454E+02,    2.3366387454E+02,    0.0000000000E+00,    0.0000000000E+00,    0.0000000000E+00,    2.3366387454E+02
    165950,      0.676954,CP8_after_OBC,   1,    0.0000000000E+00,    2.3366387454E+02,    2.3366387454E+02,    0.0000000000E+00,    0.0000000000E+00,    0.0000000000E+00,    2.3366387454E+02
    165950,      0.676954,CP9_after_PTsource,   1,    0.0000000000E+00,    2.3366387454E+02,    2.3366387454E+02,    0.0000000000E+00,    0.0000000000E+00,    0.0000000000E+00,    2.3366387454E+02
    165950,      0.676954,CP10_after_neg_clamp,   1,    0.0000000000E+00,    2.3366387454E+02,    2.3366387454E+02,    0.0000000000E+00,    0.0000000000E+00,    0.0000000000E+00,    2.3366387454E+02
    165950,      0.676954,CP11_after_MPI,   1,    0.0000000000E+00,    2.3366387454E+02,    2.3366387454E+02,    0.0000000000E+00,    0.0000000000E+00,    0.0000000000E+00,    2.3366387454E+02
    165950,      0.676954,CP12_end,   1,    0.0000000000E+00,    2.3366387454E+02,    2.3366387454E+02,    0.0000000000E+00,    0.0000000000E+00,    0.0000000000E+00,    2.3366387454E+02
    166000,      0.676954,CP0_start,   1,    0.0000000000E+00,    2.3381475280E+02,    2.3381475280E+02,    0.0000000000E+00,    0.0000000000E+00,    0.0000000000E+00,    2.3381475280E+02
    166000,      0.676954,CP1_after_deposition,   1,    0.0000000000E+00,    2.3381475280E+02,    2.3381475280E+02,    0.0000000000E+00,    0.0000000000E+00,    0.0000000000E+00,    2.3381475280E+02
    166000,      0.676954,CP2_after_erosion,   1,    0.0000000000E+00,    2.3381475280E+02,    2.3381475280E+02,    0.0000000000E+00,    0.0000000000E+00,    0.0000000000E+00,    2.3381475280E+02
    166000,      0.676954,CP3_after_update_bottom,   1,    0.0000000000E+00,    2.3381475280E+02,    2.3381475280E+02,    0.0000000000E+00,    0.0000000000E+00,    0.0000000000E+00,    2.3381475280E+02
    166000,      0.676954,CP4_after_advection,   1,    0.0000000000E+00,    2.3382668112E+02,    2.3382668112E+02,    0.0000000000E+00,    0.0000000000E+00,    0.0000000000E+00,    2.3382668112E+02
    166000,      0.676954,CP5_after_vdif,   1,    0.0000000000E+00,    2.3382668112E+02,    2.3382668112E+02,    0.0000000000E+00,    0.0000000000E+00,    0.0000000000E+00,    2.3382668112E+02
    166000,      0.676954,CP6_after_kinetics,   1,    0.0000000000E+00,    2.3382668112E+02,    2.3382668112E+02,    0.0000000000E+00,    0.0000000000E+00,    0.0000000000E+00,    2.3382668112E+02
    166000,      0.676954,CP7_after_upper_clamp,   1,    0.0000000000E+00,    2.3382668112E+02,    2.3382668112E+02,    0.0000000000E+00,    0.0000000000E+00,    0.0000000000E+00,    2.3382668112E+02
    166000,      0.676954,CP8_after_OBC,   1,    0.0000000000E+00,    2.3382668112E+02,    2.3382668112E+02,    0.0000000000E+00,    0.0000000000E+00,    0.0000000000E+00,    2.3382668112E+02
    166000,      0.676954,CP9_after_PTsource,   1,    0.0000000000E+00,    2.3382668112E+02,    2.3382668112E+02,    0.0000000000E+00,    0.0000000000E+00,    0.0000000000E+00,    2.3382668112E+02
    166000,      0.676954,CP10_after_neg_clamp,   1,    0.0000000000E+00,    2.3382668112E+02,    2.3382668112E+02,    0.0000000000E+00,    0.0000000000E+00,    0.0000000000E+00,    2.3382668112E+02
    166000,      0.676954,CP11_after_MPI,   1,    0.0000000000E+00,    2.3382668112E+02,    2.3382668112E+02,    0.0000000000E+00,    0.0000000000E+00,    0.0000000000E+00,    2.3382668112E+02
    166000,      0.676954,CP12_end,   1,    0.0000000000E+00,    2.3382668112E+02,    2.3382668112E+02,    0.0000000000E+00,    0.0000000000E+00,    0.0000000000E+00,    2.3382668112E+02
    166050,      0.676954,CP0_start,   1,    0.0000000000E+00,    2.3397557470E+02,    2.3397557470E+02,    0.0000000000E+00,    0.0000000000E+00,    0.0000000000E+00,    2.3397557470E+02
    166050,      0.676954,CP1_after_deposition,   1,    0.0000000000E+00,    2.3397557470E+02,    2.3397557470E+02,    0.0000000000E+00,    0.0000000000E+00,    0.0000000000E+00,    2.3397557470E+02
    166050,      0.676954,CP2_after_erosion,   1,    0.0000000000E+00,    2.3397557470E+02,    2.3397557470E+02,    0.0000000000E+00,    0.0000000000E+00,    0.0000000000E+00,    2.3397557470E+02
    166050,      0.676954,CP3_after_update_bottom,   1,    0.0000000000E+00,    2.3397557470E+02,    2.3397557470E+02,    0.0000000000E+00,    0.0000000000E+00,    0.0000000000E+00,    2.3397557470E+02
    166050,      0.676954,CP4_after_advection,   1,    0.0000000000E+00,    2.3398745320E+02,    2.3398745320E+02,    0.0000000000E+00,    0.0000000000E+00,    0.0000000000E+00,    2.3398745320E+02
    166050,      0.676954,CP5_after_vdif,   1,    0.0000000000E+00,    2.3398745320E+02,    2.3398745320E+02,    0.0000000000E+00,    0.0000000000E+00,    0.0000000000E+00,    2.3398745320E+02
    166050,      0.676954,CP6_after_kinetics,   1,    0.0000000000E+00,    2.3398745320E+02,    2.3398745320E+02,    0.0000000000E+00,    0.0000000000E+00,    0.0000000000E+00,    2.3398745320E+02
    166050,      0.676954,CP7_after_upper_clamp,   1,    0.0000000000E+00,    2.3398745320E+02,    2.3398745320E+02,    0.0000000000E+00,    0.0000000000E+00,    0.0000000000E+00,    2.3398745320E+02
    166050,      0.676954,CP8_after_OBC,   1,    0.0000000000E+00,    2.3398745320E+02,    2.3398745320E+02,    0.0000000000E+00,    0.0000000000E+00,    0.0000000000E+00,    2.3398745320E+02
    166050,      0.676954,CP9_after_PTsource,   1,    0.0000000000E+00,    2.3398745320E+02,    2.3398745320E+02,    0.0000000000E+00,    0.0000000000E+00,    0.0000000000E+00,    2.3398745320E+02
    166050,      0.676954,CP10_after_neg_clamp,   1,    0.0000000000E+00,    2.3398745320E+02,    2.3398745320E+02,    0.0000000000E+00,    0.0000000000E+00,    0.0000000000E+00,    2.3398745320E+02
    166050,      0.676954,CP11_after_MPI,   1,    0.0000000000E+00,    2.3398745320E+02,    2.3398745320E+02,    0.0000000000E+00,    0.0000000000E+00,    0.0000000000E+00,    2.3398745320E+02
    166050,      0.676954,CP12_end,   1,    0.0000000000E+00,    2.3398745320E+02,    2.3398745320E+02,    0.0000000000E+00,    0.0000000000E+00,    0.0000000000E+00,    2.3398745320E+02
    166100,      0.676954,CP0_start,   1,    0.0000000000E+00,    2.3413358492E+02,    2.3413358492E+02,    0.0000000000E+00,    0.0000000000E+00,    0.0000000000E+00,    2.3413358492E+02
    166100,      0.676954,CP1_after_deposition,   1,    0.0000000000E+00,    2.3413358492E+02,    2.3413358492E+02,    0.0000000000E+00,    0.0000000000E+00,    0.0000000000E+00,    2.3413358492E+02
    166100,      0.676954,CP2_after_erosion,   1,    0.0000000000E+00,    2.3413358492E+02,    2.3413358492E+02,    0.0000000000E+00,    0.0000000000E+00,    0.0000000000E+00,    2.3413358492E+02
    166100,      0.676954,CP3_after_update_bottom,   1,    0.0000000000E+00,    2.3413358492E+02,    2.3413358492E+02,    0.0000000000E+00,    0.0000000000E+00,    0.0000000000E+00,    2.3413358492E+02
    166100,      0.676954,CP4_after_advection,   1,    0.0000000000E+00,    2.3414540527E+02,    2.3414540527E+02,    0.0000000000E+00,    0.0000000000E+00,    0.0000000000E+00,    2.3414540527E+02
    166100,      0.676954,CP5_after_vdif,   1,    0.0000000000E+00,    2.3414540527E+02,    2.3414540527E+02,    0.0000000000E+00,    0.0000000000E+00,    0.0000000000E+00,    2.3414540527E+02
    166100,      0.676954,CP6_after_kinetics,   1,    0.0000000000E+00,    2.3414540527E+02,    2.3414540527E+02,    0.0000000000E+00,    0.0000000000E+00,    0.0000000000E+00,    2.3414540527E+02
    166100,      0.676954,CP7_after_upper_clamp,   1,    0.0000000000E+00,    2.3414540527E+02,    2.3414540527E+02,    0.0000000000E+00,    0.0000000000E+00,    0.0000000000E+00,    2.3414540527E+02
    166100,      0.676954,CP8_after_OBC,   1,    0.0000000000E+00,    2.3414540527E+02,    2.3414540527E+02,    0.0000000000E+00,    0.0000000000E+00,    0.0000000000E+00,    2.3414540527E+02
    166100,      0.676954,CP9_after_PTsource,   1,    0.0000000000E+00,    2.3414540527E+02,    2.3414540527E+02,    0.0000000000E+00,    0.0000000000E+00,    0.0000000000E+00,    2.3414540527E+02
    166100,      0.676954,CP10_after_neg_clamp,   1,    0.0000000000E+00,    2.3414540527E+02,    2.3414540527E+02,    0.0000000000E+00,    0.0000000000E+00,    0.0000000000E+00,    2.3414540527E+02
    166100,      0.676954,CP11_after_MPI,   1,    0.0000000000E+00,    2.3414540527E+02,    2.3414540527E+02,    0.0000000000E+00,    0.0000000000E+00,    0.0000000000E+00,    2.3414540527E+02
    166100,      0.676954,CP12_end,   1,    0.0000000000E+00,    2.3414540527E+02,    2.3414540527E+02,    0.0000000000E+00,    0.0000000000E+00,    0.0000000000E+00,    2.3414540527E+02
    166150,      0.676954,CP0_start,   1,    0.0000000000E+00,    2.3428814738E+02,    2.3428814738E+02,    0.0000000000E+00,    0.0000000000E+00,    0.0000000000E+00,    2.3428814738E+02
    166150,      0.676954,CP1_after_deposition,   1,    0.0000000000E+00,    2.3428814738E+02,    2.3428814738E+02,    0.0000000000E+00,    0.0000000000E+00,    0.0000000000E+00,    2.3428814738E+02
    166150,      0.676954,CP2_after_erosion,   1,    0.0000000000E+00,    2.3428814738E+02,    2.3428814738E+02,    0.0000000000E+00,    0.0000000000E+00,    0.0000000000E+00,    2.3428814738E+02
    166150,      0.676954,CP3_after_update_bottom,   1,    0.0000000000E+00,    2.3428814738E+02,    2.3428814738E+02,    0.0000000000E+00,    0.0000000000E+00,    0.0000000000E+00,    2.3428814738E+02
    166150,      0.676954,CP4_after_advection,   1,    0.0000000000E+00,    2.3429987968E+02,    2.3429987968E+02,    0.0000000000E+00,    0.0000000000E+00,    0.0000000000E+00,    2.3429987968E+02
    166150,      0.676954,CP5_after_vdif,   1,    0.0000000000E+00,    2.3429987968E+02,    2.3429987968E+02,    0.0000000000E+00,    0.0000000000E+00,    0.0000000000E+00,    2.3429987968E+02
    166150,      0.676954,CP6_after_kinetics,   1,    0.0000000000E+00,    2.3429987968E+02,    2.3429987968E+02,    0.0000000000E+00,    0.0000000000E+00,    0.0000000000E+00,    2.3429987968E+02
    166150,      0.676954,CP7_after_upper_clamp,   1,    0.0000000000E+00,    2.3429987968E+02,    2.3429987968E+02,    0.0000000000E+00,    0.0000000000E+00,    0.0000000000E+00,    2.3429987968E+02
    166150,      0.676954,CP8_after_OBC,   1,    0.0000000000E+00,    2.3429987968E+02,    2.3429987968E+02,    0.0000000000E+00,    0.0000000000E+00,    0.0000000000E+00,    2.3429987968E+02
    166150,      0.676954,CP9_after_PTsource,   1,    0.0000000000E+00,    2.3429987968E+02,    2.3429987968E+02,    0.0000000000E+00,    0.0000000000E+00,    0.0000000000E+00,    2.3429987968E+02
    166150,      0.676954,CP10_after_neg_clamp,   1,    0.0000000000E+00,    2.3429987968E+02,    2.3429987968E+02,    0.0000000000E+00,    0.0000000000E+00,    0.0000000000E+00,    2.3429987968E+02
    166150,      0.676954,CP11_after_MPI,   1,    0.0000000000E+00,    2.3429987968E+02,    2.3429987968E+02,    0.0000000000E+00,    0.0000000000E+00,    0.0000000000E+00,    2.3429987968E+02
    166150,      0.676954,CP12_end,   1,    0.0000000000E+00,    2.3429987968E+02,    2.3429987968E+02,    0.0000000000E+00,    0.0000000000E+00,    0.0000000000E+00,    2.3429987968E+02
    166200,      0.676954,CP0_start,   1,    0.0000000000E+00,    2.3443925014E+02,    2.3443925014E+02,    0.0000000000E+00,    0.0000000000E+00,    0.0000000000E+00,    2.3443925014E+02
    166200,      0.676954,CP1_after_deposition,   1,    0.0000000000E+00,    2.3443925014E+02,    2.3443925014E+02,    0.0000000000E+00,    0.0000000000E+00,    0.0000000000E+00,    2.3443925014E+02
    166200,      0.676954,CP2_after_erosion,   1,    0.0000000000E+00,    2.3443925014E+02,    2.3443925014E+02,    0.0000000000E+00,    0.0000000000E+00,    0.0000000000E+00,    2.3443925014E+02
    166200,      0.676954,CP3_after_update_bottom,   1,    0.0000000000E+00,    2.3443925014E+02,    2.3443925014E+02,    0.0000000000E+00,    0.0000000000E+00,    0.0000000000E+00,    2.3443925014E+02
    166200,      0.676954,CP4_after_advection,   1,    0.0000000000E+00,    2.3445093279E+02,    2.3445093279E+02,    0.0000000000E+00,    0.0000000000E+00,    0.0000000000E+00,    2.3445093279E+02
    166200,      0.676954,CP5_after_vdif,   1,    0.0000000000E+00,    2.3445093279E+02,    2.3445093279E+02,    0.0000000000E+00,    0.0000000000E+00,    0.0000000000E+00,    2.3445093279E+02
    166200,      0.676954,CP6_after_kinetics,   1,    0.0000000000E+00,    2.3445093279E+02,    2.3445093279E+02,    0.0000000000E+00,    0.0000000000E+00,    0.0000000000E+00,    2.3445093279E+02
    166200,      0.676954,CP7_after_upper_clamp,   1,    0.0000000000E+00,    2.3445093279E+02,    2.3445093279E+02,    0.0000000000E+00,    0.0000000000E+00,    0.0000000000E+00,    2.3445093279E+02
    166200,      0.676954,CP8_after_OBC,   1,    0.0000000000E+00,    2.3445093279E+02,    2.3445093279E+02,    0.0000000000E+00,    0.0000000000E+00,    0.0000000000E+00,    2.3445093279E+02
    166200,      0.676954,CP9_after_PTsource,   1,    0.0000000000E+00,    2.3445093279E+02,    2.3445093279E+02,    0.0000000000E+00,    0.0000000000E+00,    0.0000000000E+00,    2.3445093279E+02
    166200,      0.676954,CP10_after_neg_clamp,   1,    0.0000000000E+00,    2.3445093279E+02,    2.3445093279E+02,    0.0000000000E+00,    0.0000000000E+00,    0.0000000000E+00,    2.3445093279E+02
    166200,      0.676954,CP11_after_MPI,   1,    0.0000000000E+00,    2.3445093279E+02,    2.3445093279E+02,    0.0000000000E+00,    0.0000000000E+00,    0.0000000000E+00,    2.3445093279E+02
    166200,      0.676954,CP12_end,   1,    0.0000000000E+00,    2.3445093279E+02,    2.3445093279E+02,    0.0000000000E+00,    0.0000000000E+00,    0.0000000000E+00,    2.3445093279E+02
    166250,      0.676954,CP0_start,   1,    0.0000000000E+00,    2.3458722999E+02,    2.3458722999E+02,    0.0000000000E+00,    0.0000000000E+00,    0.0000000000E+00,    2.3458722999E+02
    166250,      0.676954,CP1_after_deposition,   1,    0.0000000000E+00,    2.3458722999E+02,    2.3458722999E+02,    0.0000000000E+00,    0.0000000000E+00,    0.0000000000E+00,    2.3458722999E+02
    166250,      0.676954,CP2_after_erosion,   1,    0.0000000000E+00,    2.3458722999E+02,    2.3458722999E+02,    0.0000000000E+00,    0.0000000000E+00,    0.0000000000E+00,    2.3458722999E+02
    166250,      0.676954,CP3_after_update_bottom,   1,    0.0000000000E+00,    2.3458722999E+02,    2.3458722999E+02,    0.0000000000E+00,    0.0000000000E+00,    0.0000000000E+00,    2.3458722999E+02
    166250,      0.676954,CP4_after_advection,   1,    0.0000000000E+00,    2.3459886000E+02,    2.3459886000E+02,    0.0000000000E+00,    0.0000000000E+00,    0.0000000000E+00,    2.3459886000E+02
    166250,      0.676954,CP5_after_vdif,   1,    0.0000000000E+00,    2.3459886000E+02,    2.3459886000E+02,    0.0000000000E+00,    0.0000000000E+00,    0.0000000000E+00,    2.3459886000E+02
    166250,      0.676954,CP6_after_kinetics,   1,    0.0000000000E+00,    2.3459886000E+02,    2.3459886000E+02,    0.0000000000E+00,    0.0000000000E+00,    0.0000000000E+00,    2.3459886000E+02
    166250,      0.676954,CP7_after_upper_clamp,   1,    0.0000000000E+00,    2.3459886000E+02,    2.3459886000E+02,    0.0000000000E+00,    0.0000000000E+00,    0.0000000000E+00,    2.3459886000E+02
    166250,      0.676954,CP8_after_OBC,   1,    0.0000000000E+00,    2.3459886000E+02,    2.3459886000E+02,    0.0000000000E+00,    0.0000000000E+00,    0.0000000000E+00,    2.3459886000E+02
    166250,      0.676954,CP9_after_PTsource,   1,    0.0000000000E+00,    2.3459886000E+02,    2.3459886000E+02,    0.0000000000E+00,    0.0000000000E+00,    0.0000000000E+00,    2.3459886000E+02
    166250,      0.676954,CP10_after_neg_clamp,   1,    0.0000000000E+00,    2.3459886000E+02,    2.3459886000E+02,    0.0000000000E+00,    0.0000000000E+00,    0.0000000000E+00,    2.3459886000E+02
    166250,      0.676954,CP11_after_MPI,   1,    0.0000000000E+00,    2.3459886000E+02,    2.3459886000E+02,    0.0000000000E+00,    0.0000000000E+00,    0.0000000000E+00,    2.3459886000E+02
    166250,      0.676954,CP12_end,   1,    0.0000000000E+00,    2.3459886000E+02,    2.3459886000E+02,    0.0000000000E+00,    0.0000000000E+00,    0.0000000000E+00,    2.3459886000E+02
    166300,      0.676954,CP0_start,   1,    0.0000000000E+00,    2.3473247170E+02,    2.3473247170E+02,    0.0000000000E+00,    0.0000000000E+00,    0.0000000000E+00,    2.3473247170E+02
    166300,      0.676954,CP1_after_deposition,   1,    0.0000000000E+00,    2.3473247170E+02,    2.3473247170E+02,    0.0000000000E+00,    0.0000000000E+00,    0.0000000000E+00,    2.3473247170E+02
    166300,      0.676954,CP2_after_erosion,   1,    0.0000000000E+00,    2.3473247170E+02,    2.3473247170E+02,    0.0000000000E+00,    0.0000000000E+00,    0.0000000000E+00,    2.3473247170E+02
    166300,      0.676954,CP3_after_update_bottom,   1,    0.0000000000E+00,    2.3473247170E+02,    2.3473247170E+02,    0.0000000000E+00,    0.0000000000E+00,    0.0000000000E+00,    2.3473247170E+02
    166300,      0.676954,CP4_after_advection,   1,    0.0000000000E+00,    2.3474406058E+02,    2.3474406058E+02,    0.0000000000E+00,    0.0000000000E+00,    0.0000000000E+00,    2.3474406058E+02
    166300,      0.676954,CP5_after_vdif,   1,    0.0000000000E+00,    2.3474406058E+02,    2.3474406058E+02,    0.0000000000E+00,    0.0000000000E+00,    0.0000000000E+00,    2.3474406058E+02
    166300,      0.676954,CP6_after_kinetics,   1,    0.0000000000E+00,    2.3474406058E+02,    2.3474406058E+02,    0.0000000000E+00,    0.0000000000E+00,    0.0000000000E+00,    2.3474406058E+02
    166300,      0.676954,CP7_after_upper_clamp,   1,    0.0000000000E+00,    2.3474406058E+02,    2.3474406058E+02,    0.0000000000E+00,    0.0000000000E+00,    0.0000000000E+00,    2.3474406058E+02
    166300,      0.676954,CP8_after_OBC,   1,    0.0000000000E+00,    2.3474406058E+02,    2.3474406058E+02,    0.0000000000E+00,    0.0000000000E+00,    0.0000000000E+00,    2.3474406058E+02
    166300,      0.676954,CP9_after_PTsource,   1,    0.0000000000E+00,    2.3474406058E+02,    2.3474406058E+02,    0.0000000000E+00,    0.0000000000E+00,    0.0000000000E+00,    2.3474406058E+02
    166300,      0.676954,CP10_after_neg_clamp,   1,    0.0000000000E+00,    2.3474406058E+02,    2.3474406058E+02,    0.0000000000E+00,    0.0000000000E+00,    0.0000000000E+00,    2.3474406058E+02
    166300,      0.676954,CP11_after_MPI,   1,    0.0000000000E+00,    2.3474406058E+02,    2.3474406058E+02,    0.0000000000E+00,    0.0000000000E+00,    0.0000000000E+00,    2.3474406058E+02
    166300,      0.676954,CP12_end,   1,    0.0000000000E+00,    2.3474406058E+02,    2.3474406058E+02,    0.0000000000E+00,    0.0000000000E+00,    0.0000000000E+00,    2.3474406058E+02
    166350,      0.676954,CP0_start,   1,    0.0000000000E+00,    2.3487605736E+02,    2.3487605736E+02,    0.0000000000E+00,    0.0000000000E+00,    0.0000000000E+00,    2.3487605736E+02
    166350,      0.676954,CP1_after_deposition,   1,    0.0000000000E+00,    2.3487605736E+02,    2.3487605736E+02,    0.0000000000E+00,    0.0000000000E+00,    0.0000000000E+00,    2.3487605736E+02
    166350,      0.676954,CP2_after_erosion,   1,    0.0000000000E+00,    2.3487605736E+02,    2.3487605736E+02,    0.0000000000E+00,    0.0000000000E+00,    0.0000000000E+00,    2.3487605736E+02
    166350,      0.676954,CP3_after_update_bottom,   1,    0.0000000000E+00,    2.3487605736E+02,    2.3487605736E+02,    0.0000000000E+00,    0.0000000000E+00,    0.0000000000E+00,    2.3487605736E+02
    166350,      0.676954,CP4_after_advection,   1,    0.0000000000E+00,    2.3488763215E+02,    2.3488763215E+02,    0.0000000000E+00,    0.0000000000E+00,    0.0000000000E+00,    2.3488763215E+02
    166350,      0.676954,CP5_after_vdif,   1,    0.0000000000E+00,    2.3488763215E+02,    2.3488763215E+02,    0.0000000000E+00,    0.0000000000E+00,    0.0000000000E+00,    2.3488763215E+02
    166350,      0.676954,CP6_after_kinetics,   1,    0.0000000000E+00,    2.3488763215E+02,    2.3488763215E+02,    0.0000000000E+00,    0.0000000000E+00,    0.0000000000E+00,    2.3488763215E+02
    166350,      0.676954,CP7_after_upper_clamp,   1,    0.0000000000E+00,    2.3488763215E+02,    2.3488763215E+02,    0.0000000000E+00,    0.0000000000E+00,    0.0000000000E+00,    2.3488763215E+02
    166350,      0.676954,CP8_after_OBC,   1,    0.0000000000E+00,    2.3488763215E+02,    2.3488763215E+02,    0.0000000000E+00,    0.0000000000E+00,    0.0000000000E+00,    2.3488763215E+02
    166350,      0.676954,CP9_after_PTsource,   1,    0.0000000000E+00,    2.3488763215E+02,    2.3488763215E+02,    0.0000000000E+00,    0.0000000000E+00,    0.0000000000E+00,    2.3488763215E+02
    166350,      0.676954,CP10_after_neg_clamp,   1,    0.0000000000E+00,    2.3488763215E+02,    2.3488763215E+02,    0.0000000000E+00,    0.0000000000E+00,    0.0000000000E+00,    2.3488763215E+02
    166350,      0.676954,CP11_after_MPI,   1,    0.0000000000E+00,    2.3488763215E+02,    2.3488763215E+02,    0.0000000000E+00,    0.0000000000E+00,    0.0000000000E+00,    2.3488763215E+02
    166350,      0.676954,CP12_end,   1,    0.0000000000E+00,    2.3488763215E+02,    2.3488763215E+02,    0.0000000000E+00,    0.0000000000E+00,    0.0000000000E+00,    2.3488763215E+02
    166400,      0.676954,CP0_start,   1,    0.0000000000E+00,    2.3501887446E+02,    2.3501887446E+02,    0.0000000000E+00,    0.0000000000E+00,    0.0000000000E+00,    2.3501887446E+02
    166400,      0.676954,CP1_after_deposition,   1,    0.0000000000E+00,    2.3501887446E+02,    2.3501887446E+02,    0.0000000000E+00,    0.0000000000E+00,    0.0000000000E+00,    2.3501887446E+02
    166400,      0.676954,CP2_after_erosion,   1,    0.0000000000E+00,    2.3501887446E+02,    2.3501887446E+02,    0.0000000000E+00,    0.0000000000E+00,    0.0000000000E+00,    2.3501887446E+02
    166400,      0.676954,CP3_after_update_bottom,   1,    0.0000000000E+00,    2.3501887446E+02,    2.3501887446E+02,    0.0000000000E+00,    0.0000000000E+00,    0.0000000000E+00,    2.3501887446E+02
    166400,      0.676954,CP4_after_advection,   1,    0.0000000000E+00,    2.3503043950E+02,    2.3503043950E+02,    0.0000000000E+00,    0.0000000000E+00,    0.0000000000E+00,    2.3503043950E+02
    166400,      0.676954,CP5_after_vdif,   1,    0.0000000000E+00,    2.3503043950E+02,    2.3503043950E+02,    0.0000000000E+00,    0.0000000000E+00,    0.0000000000E+00,    2.3503043950E+02
    166400,      0.676954,CP6_after_kinetics,   1,    0.0000000000E+00,    2.3503043950E+02,    2.3503043950E+02,    0.0000000000E+00,    0.0000000000E+00,    0.0000000000E+00,    2.3503043950E+02
    166400,      0.676954,CP7_after_upper_clamp,   1,    0.0000000000E+00,    2.3503043950E+02,    2.3503043950E+02,    0.0000000000E+00,    0.0000000000E+00,    0.0000000000E+00,    2.3503043950E+02
    166400,      0.676954,CP8_after_OBC,   1,    0.0000000000E+00,    2.3503043950E+02,    2.3503043950E+02,    0.0000000000E+00,    0.0000000000E+00,    0.0000000000E+00,    2.3503043950E+02
    166400,      0.676954,CP9_after_PTsource,   1,    0.0000000000E+00,    2.3503043950E+02,    2.3503043950E+02,    0.0000000000E+00,    0.0000000000E+00,    0.0000000000E+00,    2.3503043950E+02
    166400,      0.676954,CP10_after_neg_clamp,   1,    0.0000000000E+00,    2.3503043950E+02,    2.3503043950E+02,    0.0000000000E+00,    0.0000000000E+00,    0.0000000000E+00,    2.3503043950E+02
    166400,      0.676954,CP11_after_MPI,   1,    0.0000000000E+00,    2.3503043950E+02,    2.3503043950E+02,    0.0000000000E+00,    0.0000000000E+00,    0.0000000000E+00,    2.3503043950E+02
    166400,      0.676954,CP12_end,   1,    0.0000000000E+00,    2.3503043950E+02,    2.3503043950E+02,    0.0000000000E+00,    0.0000000000E+00,    0.0000000000E+00,    2.3503043950E+02
    166450,      0.676954,CP0_start,   1,    0.0000000000E+00,    2.3516194359E+02,    2.3516194359E+02,    0.0000000000E+00,    0.0000000000E+00,    0.0000000000E+00,    2.3516194359E+02
    166450,      0.676954,CP1_after_deposition,   1,    0.0000000000E+00,    2.3516194359E+02,    2.3516194359E+02,    0.0000000000E+00,    0.0000000000E+00,    0.0000000000E+00,    2.3516194359E+02
    166450,      0.676954,CP2_after_erosion,   1,    0.0000000000E+00,    2.3516194359E+02,    2.3516194359E+02,    0.0000000000E+00,    0.0000000000E+00,    0.0000000000E+00,    2.3516194359E+02
    166450,      0.676954,CP3_after_update_bottom,   1,    0.0000000000E+00,    2.3516194359E+02,    2.3516194359E+02,    0.0000000000E+00,    0.0000000000E+00,    0.0000000000E+00,    2.3516194359E+02
    166450,      0.676954,CP4_after_advection,   1,    0.0000000000E+00,    2.3517352945E+02,    2.3517352945E+02,    0.0000000000E+00,    0.0000000000E+00,    0.0000000000E+00,    2.3517352945E+02
    166450,      0.676954,CP5_after_vdif,   1,    0.0000000000E+00,    2.3517352945E+02,    2.3517352945E+02,    0.0000000000E+00,    0.0000000000E+00,    0.0000000000E+00,    2.3517352945E+02
    166450,      0.676954,CP6_after_kinetics,   1,    0.0000000000E+00,    2.3517352945E+02,    2.3517352945E+02,    0.0000000000E+00,    0.0000000000E+00,    0.0000000000E+00,    2.3517352945E+02
    166450,      0.676954,CP7_after_upper_clamp,   1,    0.0000000000E+00,    2.3517352945E+02,    2.3517352945E+02,    0.0000000000E+00,    0.0000000000E+00,    0.0000000000E+00,    2.3517352945E+02
    166450,      0.676954,CP8_after_OBC,   1,    0.0000000000E+00,    2.3517352945E+02,    2.3517352945E+02,    0.0000000000E+00,    0.0000000000E+00,    0.0000000000E+00,    2.3517352945E+02
    166450,      0.676954,CP9_after_PTsource,   1,    0.0000000000E+00,    2.3517352945E+02,    2.3517352945E+02,    0.0000000000E+00,    0.0000000000E+00,    0.0000000000E+00,    2.3517352945E+02
    166450,      0.676954,CP10_after_neg_clamp,   1,    0.0000000000E+00,    2.3517352945E+02,    2.3517352945E+02,    0.0000000000E+00,    0.0000000000E+00,    0.0000000000E+00,    2.3517352945E+02
    166450,      0.676954,CP11_after_MPI,   1,    0.0000000000E+00,    2.3517352945E+02,    2.3517352945E+02,    0.0000000000E+00,    0.0000000000E+00,    0.0000000000E+00,    2.3517352945E+02
    166450,      0.676954,CP12_end,   1,    0.0000000000E+00,    2.3517352945E+02,    2.3517352945E+02,    0.0000000000E+00,    0.0000000000E+00,    0.0000000000E+00,    2.3517352945E+02
    166500,      0.676954,CP0_start,   1,    0.0000000000E+00,    2.3530624412E+02,    2.3530624412E+02,    0.0000000000E+00,    0.0000000000E+00,    0.0000000000E+00,    2.3530624412E+02
    166500,      0.676954,CP1_after_deposition,   1,    0.0000000000E+00,    2.3530624412E+02,    2.3530624412E+02,    0.0000000000E+00,    0.0000000000E+00,    0.0000000000E+00,    2.3530624412E+02
    166500,      0.676954,CP2_after_erosion,   1,    0.0000000000E+00,    2.3530624412E+02,    2.3530624412E+02,    0.0000000000E+00,    0.0000000000E+00,    0.0000000000E+00,    2.3530624412E+02
    166500,      0.676954,CP3_after_update_bottom,   1,    0.0000000000E+00,    2.3530624412E+02,    2.3530624412E+02,    0.0000000000E+00,    0.0000000000E+00,    0.0000000000E+00,    2.3530624412E+02
    166500,      0.676954,CP4_after_advection,   1,    0.0000000000E+00,    2.3531786446E+02,    2.3531786446E+02,    0.0000000000E+00,    0.0000000000E+00,    0.0000000000E+00,    2.3531786446E+02
    166500,      0.676954,CP5_after_vdif,   1,    0.0000000000E+00,    2.3531786446E+02,    2.3531786446E+02,    0.0000000000E+00,    0.0000000000E+00,    0.0000000000E+00,    2.3531786446E+02
    166500,      0.676954,CP6_after_kinetics,   1,    0.0000000000E+00,    2.3531786446E+02,    2.3531786446E+02,    0.0000000000E+00,    0.0000000000E+00,    0.0000000000E+00,    2.3531786446E+02
    166500,      0.676954,CP7_after_upper_clamp,   1,    0.0000000000E+00,    2.3531786446E+02,    2.3531786446E+02,    0.0000000000E+00,    0.0000000000E+00,    0.0000000000E+00,    2.3531786446E+02
    166500,      0.676954,CP8_after_OBC,   1,    0.0000000000E+00,    2.3531786446E+02,    2.3531786446E+02,    0.0000000000E+00,    0.0000000000E+00,    0.0000000000E+00,    2.3531786446E+02
    166500,      0.676954,CP9_after_PTsource,   1,    0.0000000000E+00,    2.3531786446E+02,    2.3531786446E+02,    0.0000000000E+00,    0.0000000000E+00,    0.0000000000E+00,    2.3531786446E+02
    166500,      0.676954,CP10_after_neg_clamp,   1,    0.0000000000E+00,    2.3531786446E+02,    2.3531786446E+02,    0.0000000000E+00,    0.0000000000E+00,    0.0000000000E+00,    2.3531786446E+02
    166500,      0.676954,CP11_after_MPI,   1,    0.0000000000E+00,    2.3531786446E+02,    2.3531786446E+02,    0.0000000000E+00,    0.0000000000E+00,    0.0000000000E+00,    2.3531786446E+02
    166500,      0.676954,CP12_end,   1,    0.0000000000E+00,    2.3531786446E+02,    2.3531786446E+02,    0.0000000000E+00,    0.0000000000E+00,    0.0000000000E+00,    2.3531786446E+02
    166550,      0.676954,CP0_start,   1,    0.0000000000E+00,    2.3545776737E+02,    2.3545776737E+02,    0.0000000000E+00,    0.0000000000E+00,    0.0000000000E+00,    2.3545776737E+02
    166550,      0.676954,CP1_after_deposition,   1,    0.0000000000E+00,    2.3545776737E+02,    2.3545776737E+02,    0.0000000000E+00,    0.0000000000E+00,    0.0000000000E+00,    2.3545776737E+02
    166550,      0.676954,CP2_after_erosion,   1,    0.0000000000E+00,    2.3545776737E+02,    2.3545776737E+02,    0.0000000000E+00,    0.0000000000E+00,    0.0000000000E+00,    2.3545776737E+02
    166550,      0.676954,CP3_after_update_bottom,   1,    0.0000000000E+00,    2.3545776737E+02,    2.3545776737E+02,    0.0000000000E+00,    0.0000000000E+00,    0.0000000000E+00,    2.3545776737E+02
    166550,      0.676954,CP4_after_advection,   1,    0.0000000000E+00,    2.3546943793E+02,    2.3546943793E+02,    0.0000000000E+00,    0.0000000000E+00,    0.0000000000E+00,    2.3546943793E+02
    166550,      0.676954,CP5_after_vdif,   1,    0.0000000000E+00,    2.3546943793E+02,    2.3546943793E+02,    0.0000000000E+00,    0.0000000000E+00,    0.0000000000E+00,    2.3546943793E+02
    166550,      0.676954,CP6_after_kinetics,   1,    0.0000000000E+00,    2.3546943793E+02,    2.3546943793E+02,    0.0000000000E+00,    0.0000000000E+00,    0.0000000000E+00,    2.3546943793E+02
    166550,      0.676954,CP7_after_upper_clamp,   1,    0.0000000000E+00,    2.3546943793E+02,    2.3546943793E+02,    0.0000000000E+00,    0.0000000000E+00,    0.0000000000E+00,    2.3546943793E+02
    166550,      0.676954,CP8_after_OBC,   1,    0.0000000000E+00,    2.3546943793E+02,    2.3546943793E+02,    0.0000000000E+00,    0.0000000000E+00,    0.0000000000E+00,    2.3546943793E+02
    166550,      0.676954,CP9_after_PTsource,   1,    0.0000000000E+00,    2.3546943793E+02,    2.3546943793E+02,    0.0000000000E+00,    0.0000000000E+00,    0.0000000000E+00,    2.3546943793E+02
    166550,      0.676954,CP10_after_neg_clamp,   1,    0.0000000000E+00,    2.3546943793E+02,    2.3546943793E+02,    0.0000000000E+00,    0.0000000000E+00,    0.0000000000E+00,    2.3546943793E+02
    166550,      0.676954,CP11_after_MPI,   1,    0.0000000000E+00,    2.3546943793E+02,    2.3546943793E+02,    0.0000000000E+00,    0.0000000000E+00,    0.0000000000E+00,    2.3546943793E+02
    166550,      0.676954,CP12_end,   1,    0.0000000000E+00,    2.3546943793E+02,    2.3546943793E+02,    0.0000000000E+00,    0.0000000000E+00,    0.0000000000E+00,    2.3546943793E+02
    166600,      0.676954,CP0_start,   1,    0.0000000000E+00,    2.3561235263E+02,    2.3561235263E+02,    0.0000000000E+00,    0.0000000000E+00,    0.0000000000E+00,    2.3561235263E+02
    166600,      0.676954,CP1_after_deposition,   1,    0.0000000000E+00,    2.3561235263E+02,    2.3561235263E+02,    0.0000000000E+00,    0.0000000000E+00,    0.0000000000E+00,    2.3561235263E+02
    166600,      0.676954,CP2_after_erosion,   1,    0.0000000000E+00,    2.3561235263E+02,    2.3561235263E+02,    0.0000000000E+00,    0.0000000000E+00,    0.0000000000E+00,    2.3561235263E+02
    166600,      0.676954,CP3_after_update_bottom,   1,    0.0000000000E+00,    2.3561235263E+02,    2.3561235263E+02,    0.0000000000E+00,    0.0000000000E+00,    0.0000000000E+00,    2.3561235263E+02
    166600,      0.676954,CP4_after_advection,   1,    0.0000000000E+00,    2.3562407314E+02,    2.3562407314E+02,    0.0000000000E+00,    0.0000000000E+00,    0.0000000000E+00,    2.3562407314E+02
    166600,      0.676954,CP5_after_vdif,   1,    0.0000000000E+00,    2.3562407314E+02,    2.3562407314E+02,    0.0000000000E+00,    0.0000000000E+00,    0.0000000000E+00,    2.3562407314E+02
    166600,      0.676954,CP6_after_kinetics,   1,    0.0000000000E+00,    2.3562407314E+02,    2.3562407314E+02,    0.0000000000E+00,    0.0000000000E+00,    0.0000000000E+00,    2.3562407314E+02
    166600,      0.676954,CP7_after_upper_clamp,   1,    0.0000000000E+00,    2.3562407314E+02,    2.3562407314E+02,    0.0000000000E+00,    0.0000000000E+00,    0.0000000000E+00,    2.3562407314E+02
    166600,      0.676954,CP8_after_OBC,   1,    0.0000000000E+00,    2.3562407314E+02,    2.3562407314E+02,    0.0000000000E+00,    0.0000000000E+00,    0.0000000000E+00,    2.3562407314E+02
    166600,      0.676954,CP9_after_PTsource,   1,    0.0000000000E+00,    2.3562407314E+02,    2.3562407314E+02,    0.0000000000E+00,    0.0000000000E+00,    0.0000000000E+00,    2.3562407314E+02
    166600,      0.676954,CP10_after_neg_clamp,   1,    0.0000000000E+00,    2.3562407314E+02,    2.3562407314E+02,    0.0000000000E+00,    0.0000000000E+00,    0.0000000000E+00,    2.3562407314E+02
    166600,      0.676954,CP11_after_MPI,   1,    0.0000000000E+00,    2.3562407314E+02,    2.3562407314E+02,    0.0000000000E+00,    0.0000000000E+00,    0.0000000000E+00,    2.3562407314E+02
    166600,      0.676954,CP12_end,   1,    0.0000000000E+00,    2.3562407314E+02,    2.3562407314E+02,    0.0000000000E+00,    0.0000000000E+00,    0.0000000000E+00,    2.3562407314E+02
    166650,      0.676954,CP0_start,   1,    0.0000000000E+00,    2.3577027737E+02,    2.3577027737E+02,    0.0000000000E+00,    0.0000000000E+00,    0.0000000000E+00,    2.3577027737E+02
    166650,      0.676954,CP1_after_deposition,   1,    0.0000000000E+00,    2.3577027737E+02,    2.3577027737E+02,    0.0000000000E+00,    0.0000000000E+00,    0.0000000000E+00,    2.3577027737E+02
    166650,      0.676954,CP2_after_erosion,   1,    0.0000000000E+00,    2.3577027737E+02,    2.3577027737E+02,    0.0000000000E+00,    0.0000000000E+00,    0.0000000000E+00,    2.3577027737E+02
    166650,      0.676954,CP3_after_update_bottom,   1,    0.0000000000E+00,    2.3577027737E+02,    2.3577027737E+02,    0.0000000000E+00,    0.0000000000E+00,    0.0000000000E+00,    2.3577027737E+02
    166650,      0.676954,CP4_after_advection,   1,    0.0000000000E+00,    2.3578205002E+02,    2.3578205002E+02,    0.0000000000E+00,    0.0000000000E+00,    0.0000000000E+00,    2.3578205002E+02
    166650,      0.676954,CP5_after_vdif,   1,    0.0000000000E+00,    2.3578205002E+02,    2.3578205002E+02,    0.0000000000E+00,    0.0000000000E+00,    0.0000000000E+00,    2.3578205002E+02
    166650,      0.676954,CP6_after_kinetics,   1,    0.0000000000E+00,    2.3578205002E+02,    2.3578205002E+02,    0.0000000000E+00,    0.0000000000E+00,    0.0000000000E+00,    2.3578205002E+02
    166650,      0.676954,CP7_after_upper_clamp,   1,    0.0000000000E+00,    2.3578205002E+02,    2.3578205002E+02,    0.0000000000E+00,    0.0000000000E+00,    0.0000000000E+00,    2.3578205002E+02
    166650,      0.676954,CP8_after_OBC,   1,    0.0000000000E+00,    2.3578205002E+02,    2.3578205002E+02,    0.0000000000E+00,    0.0000000000E+00,    0.0000000000E+00,    2.3578205002E+02
    166650,      0.676954,CP9_after_PTsource,   1,    0.0000000000E+00,    2.3578205002E+02,    2.3578205002E+02,    0.0000000000E+00,    0.0000000000E+00,    0.0000000000E+00,    2.3578205002E+02
    166650,      0.676954,CP10_after_neg_clamp,   1,    0.0000000000E+00,    2.3578205002E+02,    2.3578205002E+02,    0.0000000000E+00,    0.0000000000E+00,    0.0000000000E+00,    2.3578205002E+02
    166650,      0.676954,CP11_after_MPI,   1,    0.0000000000E+00,    2.3578205002E+02,    2.3578205002E+02,    0.0000000000E+00,    0.0000000000E+00,    0.0000000000E+00,    2.3578205002E+02
    166650,      0.676954,CP12_end,   1,    0.0000000000E+00,    2.3578205002E+02,    2.3578205002E+02,    0.0000000000E+00,    0.0000000000E+00,    0.0000000000E+00,    2.3578205002E+02
    166700,      0.676954,CP0_start,   1,    0.0000000000E+00,    2.3593109072E+02,    2.3593109072E+02,    0.0000000000E+00,    0.0000000000E+00,    0.0000000000E+00,    2.3593109072E+02
    166700,      0.676954,CP1_after_deposition,   1,    0.0000000000E+00,    2.3593109072E+02,    2.3593109072E+02,    0.0000000000E+00,    0.0000000000E+00,    0.0000000000E+00,    2.3593109072E+02
    166700,      0.676954,CP2_after_erosion,   1,    0.0000000000E+00,    2.3593109072E+02,    2.3593109072E+02,    0.0000000000E+00,    0.0000000000E+00,    0.0000000000E+00,    2.3593109072E+02
    166700,      0.676954,CP3_after_update_bottom,   1,    0.0000000000E+00,    2.3593109072E+02,    2.3593109072E+02,    0.0000000000E+00,    0.0000000000E+00,    0.0000000000E+00,    2.3593109072E+02
    166700,      0.676954,CP4_after_advection,   1,    0.0000000000E+00,    2.3594290233E+02,    2.3594290233E+02,    0.0000000000E+00,    0.0000000000E+00,    0.0000000000E+00,    2.3594290233E+02
    166700,      0.676954,CP5_after_vdif,   1,    0.0000000000E+00,    2.3594290233E+02,    2.3594290233E+02,    0.0000000000E+00,    0.0000000000E+00,    0.0000000000E+00,    2.3594290233E+02
    166700,      0.676954,CP6_after_kinetics,   1,    0.0000000000E+00,    2.3594290233E+02,    2.3594290233E+02,    0.0000000000E+00,    0.0000000000E+00,    0.0000000000E+00,    2.3594290233E+02
    166700,      0.676954,CP7_after_upper_clamp,   1,    0.0000000000E+00,    2.3594290233E+02,    2.3594290233E+02,    0.0000000000E+00,    0.0000000000E+00,    0.0000000000E+00,    2.3594290233E+02
    166700,      0.676954,CP8_after_OBC,   1,    0.0000000000E+00,    2.3594290233E+02,    2.3594290233E+02,    0.0000000000E+00,    0.0000000000E+00,    0.0000000000E+00,    2.3594290233E+02
    166700,      0.676954,CP9_after_PTsource,   1,    0.0000000000E+00,    2.3594290233E+02,    2.3594290233E+02,    0.0000000000E+00,    0.0000000000E+00,    0.0000000000E+00,    2.3594290233E+02
    166700,      0.676954,CP10_after_neg_clamp,   1,    0.0000000000E+00,    2.3594290233E+02,    2.3594290233E+02,    0.0000000000E+00,    0.0000000000E+00,    0.0000000000E+00,    2.3594290233E+02
    166700,      0.676954,CP11_after_MPI,   1,    0.0000000000E+00,    2.3594290233E+02,    2.3594290233E+02,    0.0000000000E+00,    0.0000000000E+00,    0.0000000000E+00,    2.3594290233E+02
    166700,      0.676954,CP12_end,   1,    0.0000000000E+00,    2.3594290233E+02,    2.3594290233E+02,    0.0000000000E+00,    0.0000000000E+00,    0.0000000000E+00,    2.3594290233E+02
    166750,      0.676954,CP0_start,   1,    0.0000000000E+00,    2.3609490677E+02,    2.3609490677E+02,    0.0000000000E+00,    0.0000000000E+00,    0.0000000000E+00,    2.3609490677E+02
    166750,      0.676954,CP1_after_deposition,   1,    0.0000000000E+00,    2.3609490677E+02,    2.3609490677E+02,    0.0000000000E+00,    0.0000000000E+00,    0.0000000000E+00,    2.3609490677E+02
    166750,      0.676954,CP2_after_erosion,   1,    0.0000000000E+00,    2.3609490677E+02,    2.3609490677E+02,    0.0000000000E+00,    0.0000000000E+00,    0.0000000000E+00,    2.3609490677E+02
    166750,      0.676954,CP3_after_update_bottom,   1,    0.0000000000E+00,    2.3609490677E+02,    2.3609490677E+02,    0.0000000000E+00,    0.0000000000E+00,    0.0000000000E+00,    2.3609490677E+02
    166750,      0.676954,CP4_after_advection,   1,    0.0000000000E+00,    2.3610676413E+02,    2.3610676413E+02,    0.0000000000E+00,    0.0000000000E+00,    0.0000000000E+00,    2.3610676413E+02
    166750,      0.676954,CP5_after_vdif,   1,    0.0000000000E+00,    2.3610676413E+02,    2.3610676413E+02,    0.0000000000E+00,    0.0000000000E+00,    0.0000000000E+00,    2.3610676413E+02
    166750,      0.676954,CP6_after_kinetics,   1,    0.0000000000E+00,    2.3610676413E+02,    2.3610676413E+02,    0.0000000000E+00,    0.0000000000E+00,    0.0000000000E+00,    2.3610676413E+02
    166750,      0.676954,CP7_after_upper_clamp,   1,    0.0000000000E+00,    2.3610676413E+02,    2.3610676413E+02,    0.0000000000E+00,    0.0000000000E+00,    0.0000000000E+00,    2.3610676413E+02
    166750,      0.676954,CP8_after_OBC,   1,    0.0000000000E+00,    2.3610676413E+02,    2.3610676413E+02,    0.0000000000E+00,    0.0000000000E+00,    0.0000000000E+00,    2.3610676413E+02
    166750,      0.676954,CP9_after_PTsource,   1,    0.0000000000E+00,    2.3610676413E+02,    2.3610676413E+02,    0.0000000000E+00,    0.0000000000E+00,    0.0000000000E+00,    2.3610676413E+02
    166750,      0.676954,CP10_after_neg_clamp,   1,    0.0000000000E+00,    2.3610676413E+02,    2.3610676413E+02,    0.0000000000E+00,    0.0000000000E+00,    0.0000000000E+00,    2.3610676413E+02
    166750,      0.676954,CP11_after_MPI,   1,    0.0000000000E+00,    2.3610676413E+02,    2.3610676413E+02,    0.0000000000E+00,    0.0000000000E+00,    0.0000000000E+00,    2.3610676413E+02
    166750,      0.676954,CP12_end,   1,    0.0000000000E+00,    2.3610676413E+02,    2.3610676413E+02,    0.0000000000E+00,    0.0000000000E+00,    0.0000000000E+00,    2.3610676413E+02
    166800,      0.676954,CP0_start,   1,    0.0000000000E+00,    2.3626196118E+02,    2.3626196118E+02,    0.0000000000E+00,    0.0000000000E+00,    0.0000000000E+00,    2.3626196118E+02
    166800,      0.676954,CP1_after_deposition,   1,    0.0000000000E+00,    2.3626196118E+02,    2.3626196118E+02,    0.0000000000E+00,    0.0000000000E+00,    0.0000000000E+00,    2.3626196118E+02
    166800,      0.676954,CP2_after_erosion,   1,    0.0000000000E+00,    2.3626196118E+02,    2.3626196118E+02,    0.0000000000E+00,    0.0000000000E+00,    0.0000000000E+00,    2.3626196118E+02
    166800,      0.676954,CP3_after_update_bottom,   1,    0.0000000000E+00,    2.3626196118E+02,    2.3626196118E+02,    0.0000000000E+00,    0.0000000000E+00,    0.0000000000E+00,    2.3626196118E+02
    166800,      0.676954,CP4_after_advection,   1,    0.0000000000E+00,    2.3627384568E+02,    2.3627384568E+02,    0.0000000000E+00,    0.0000000000E+00,    0.0000000000E+00,    2.3627384568E+02
    166800,      0.676954,CP5_after_vdif,   1,    0.0000000000E+00,    2.3627384568E+02,    2.3627384568E+02,    0.0000000000E+00,    0.0000000000E+00,    0.0000000000E+00,    2.3627384568E+02
    166800,      0.676954,CP6_after_kinetics,   1,    0.0000000000E+00,    2.3627384568E+02,    2.3627384568E+02,    0.0000000000E+00,    0.0000000000E+00,    0.0000000000E+00,    2.3627384568E+02
    166800,      0.676954,CP7_after_upper_clamp,   1,    0.0000000000E+00,    2.3627384568E+02,    2.3627384568E+02,    0.0000000000E+00,    0.0000000000E+00,    0.0000000000E+00,    2.3627384568E+02
    166800,      0.676954,CP8_after_OBC,   1,    0.0000000000E+00,    2.3627384568E+02,    2.3627384568E+02,    0.0000000000E+00,    0.0000000000E+00,    0.0000000000E+00,    2.3627384568E+02
    166800,      0.676954,CP9_after_PTsource,   1,    0.0000000000E+00,    2.3627384568E+02,    2.3627384568E+02,    0.0000000000E+00,    0.0000000000E+00,    0.0000000000E+00,    2.3627384568E+02
    166800,      0.676954,CP10_after_neg_clamp,   1,    0.0000000000E+00,    2.3627384568E+02,    2.3627384568E+02,    0.0000000000E+00,    0.0000000000E+00,    0.0000000000E+00,    2.3627384568E+02
    166800,      0.676954,CP11_after_MPI,   1,    0.0000000000E+00,    2.3627384568E+02,    2.3627384568E+02,    0.0000000000E+00,    0.0000000000E+00,    0.0000000000E+00,    2.3627384568E+02
    166800,      0.676954,CP12_end,   1,    0.0000000000E+00,    2.3627384568E+02,    2.3627384568E+02,    0.0000000000E+00,    0.0000000000E+00,    0.0000000000E+00,    2.3627384568E+02
    166850,      0.676954,CP0_start,   1,    0.0000000000E+00,    2.3643114191E+02,    2.3643114191E+02,    0.0000000000E+00,    0.0000000000E+00,    0.0000000000E+00,    2.3643114191E+02
    166850,      0.676954,CP1_after_deposition,   1,    0.0000000000E+00,    2.3643114191E+02,    2.3643114191E+02,    0.0000000000E+00,    0.0000000000E+00,    0.0000000000E+00,    2.3643114191E+02
    166850,      0.676954,CP2_after_erosion,   1,    0.0000000000E+00,    2.3643114191E+02,    2.3643114191E+02,    0.0000000000E+00,    0.0000000000E+00,    0.0000000000E+00,    2.3643114191E+02
    166850,      0.676954,CP3_after_update_bottom,   1,    0.0000000000E+00,    2.3643114191E+02,    2.3643114191E+02,    0.0000000000E+00,    0.0000000000E+00,    0.0000000000E+00,    2.3643114191E+02
    166850,      0.676954,CP4_after_advection,   1,    0.0000000000E+00,    2.3644305345E+02,    2.3644305345E+02,    0.0000000000E+00,    0.0000000000E+00,    0.0000000000E+00,    2.3644305345E+02
    166850,      0.676954,CP5_after_vdif,   1,    0.0000000000E+00,    2.3644305345E+02,    2.3644305345E+02,    0.0000000000E+00,    0.0000000000E+00,    0.0000000000E+00,    2.3644305345E+02
    166850,      0.676954,CP6_after_kinetics,   1,    0.0000000000E+00,    2.3644305345E+02,    2.3644305345E+02,    0.0000000000E+00,    0.0000000000E+00,    0.0000000000E+00,    2.3644305345E+02
    166850,      0.676954,CP7_after_upper_clamp,   1,    0.0000000000E+00,    2.3644305345E+02,    2.3644305345E+02,    0.0000000000E+00,    0.0000000000E+00,    0.0000000000E+00,    2.3644305345E+02
    166850,      0.676954,CP8_after_OBC,   1,    0.0000000000E+00,    2.3644305345E+02,    2.3644305345E+02,    0.0000000000E+00,    0.0000000000E+00,    0.0000000000E+00,    2.3644305345E+02
    166850,      0.676954,CP9_after_PTsource,   1,    0.0000000000E+00,    2.3644305345E+02,    2.3644305345E+02,    0.0000000000E+00,    0.0000000000E+00,    0.0000000000E+00,    2.3644305345E+02
    166850,      0.676954,CP10_after_neg_clamp,   1,    0.0000000000E+00,    2.3644305345E+02,    2.3644305345E+02,    0.0000000000E+00,    0.0000000000E+00,    0.0000000000E+00,    2.3644305345E+02
    166850,      0.676954,CP11_after_MPI,   1,    0.0000000000E+00,    2.3644305345E+02,    2.3644305345E+02,    0.0000000000E+00,    0.0000000000E+00,    0.0000000000E+00,    2.3644305345E+02
    166850,      0.676954,CP12_end,   1,    0.0000000000E+00,    2.3644305345E+02,    2.3644305345E+02,    0.0000000000E+00,    0.0000000000E+00,    0.0000000000E+00,    2.3644305345E+02
    166900,      0.676954,CP0_start,   1,    0.0000000000E+00,    2.3660153451E+02,    2.3660153451E+02,    0.0000000000E+00,    0.0000000000E+00,    0.0000000000E+00,    2.3660153451E+02
    166900,      0.676954,CP1_after_deposition,   1,    0.0000000000E+00,    2.3660153451E+02,    2.3660153451E+02,    0.0000000000E+00,    0.0000000000E+00,    0.0000000000E+00,    2.3660153451E+02
    166900,      0.676954,CP2_after_erosion,   1,    0.0000000000E+00,    2.3660153451E+02,    2.3660153451E+02,    0.0000000000E+00,    0.0000000000E+00,    0.0000000000E+00,    2.3660153451E+02
    166900,      0.676954,CP3_after_update_bottom,   1,    0.0000000000E+00,    2.3660153451E+02,    2.3660153451E+02,    0.0000000000E+00,    0.0000000000E+00,    0.0000000000E+00,    2.3660153451E+02
    166900,      0.676954,CP4_after_advection,   1,    0.0000000000E+00,    2.3661345138E+02,    2.3661345138E+02,    0.0000000000E+00,    0.0000000000E+00,    0.0000000000E+00,    2.3661345138E+02
    166900,      0.676954,CP5_after_vdif,   1,    0.0000000000E+00,    2.3661345138E+02,    2.3661345138E+02,    0.0000000000E+00,    0.0000000000E+00,    0.0000000000E+00,    2.3661345138E+02
    166900,      0.676954,CP6_after_kinetics,   1,    0.0000000000E+00,    2.3661345138E+02,    2.3661345138E+02,    0.0000000000E+00,    0.0000000000E+00,    0.0000000000E+00,    2.3661345138E+02
    166900,      0.676954,CP7_after_upper_clamp,   1,    0.0000000000E+00,    2.3661345138E+02,    2.3661345138E+02,    0.0000000000E+00,    0.0000000000E+00,    0.0000000000E+00,    2.3661345138E+02
    166900,      0.676954,CP8_after_OBC,   1,    0.0000000000E+00,    2.3661345138E+02,    2.3661345138E+02,    0.0000000000E+00,    0.0000000000E+00,    0.0000000000E+00,    2.3661345138E+02
    166900,      0.676954,CP9_after_PTsource,   1,    0.0000000000E+00,    2.3661345138E+02,    2.3661345138E+02,    0.0000000000E+00,    0.0000000000E+00,    0.0000000000E+00,    2.3661345138E+02
    166900,      0.676954,CP10_after_neg_clamp,   1,    0.0000000000E+00,    2.3661345138E+02,    2.3661345138E+02,    0.0000000000E+00,    0.0000000000E+00,    0.0000000000E+00,    2.3661345138E+02
    166900,      0.676954,CP11_after_MPI,   1,    0.0000000000E+00,    2.3661345138E+02,    2.3661345138E+02,    0.0000000000E+00,    0.0000000000E+00,    0.0000000000E+00,    2.3661345138E+02
    166900,      0.676954,CP12_end,   1,    0.0000000000E+00,    2.3661345138E+02,    2.3661345138E+02,    0.0000000000E+00,    0.0000000000E+00,    0.0000000000E+00,    2.3661345138E+02
    166950,      0.676954,CP0_start,   1,    0.0000000000E+00,    2.3677233430E+02,    2.3677233430E+02,    0.0000000000E+00,    0.0000000000E+00,    0.0000000000E+00,    2.3677233430E+02
    166950,      0.676954,CP1_after_deposition,   1,    0.0000000000E+00,    2.3677233430E+02,    2.3677233430E+02,    0.0000000000E+00,    0.0000000000E+00,    0.0000000000E+00,    2.3677233430E+02
    166950,      0.676954,CP2_after_erosion,   1,    0.0000000000E+00,    2.3677233430E+02,    2.3677233430E+02,    0.0000000000E+00,    0.0000000000E+00,    0.0000000000E+00,    2.3677233430E+02
    166950,      0.676954,CP3_after_update_bottom,   1,    0.0000000000E+00,    2.3677233430E+02,    2.3677233430E+02,    0.0000000000E+00,    0.0000000000E+00,    0.0000000000E+00,    2.3677233430E+02
    166950,      0.676954,CP4_after_advection,   1,    0.0000000000E+00,    2.3678419397E+02,    2.3678419397E+02,    0.0000000000E+00,    0.0000000000E+00,    0.0000000000E+00,    2.3678419397E+02
    166950,      0.676954,CP5_after_vdif,   1,    0.0000000000E+00,    2.3678419397E+02,    2.3678419397E+02,    0.0000000000E+00,    0.0000000000E+00,    0.0000000000E+00,    2.3678419397E+02
    166950,      0.676954,CP6_after_kinetics,   1,    0.0000000000E+00,    2.3678419397E+02,    2.3678419397E+02,    0.0000000000E+00,    0.0000000000E+00,    0.0000000000E+00,    2.3678419397E+02
    166950,      0.676954,CP7_after_upper_clamp,   1,    0.0000000000E+00,    2.3678419397E+02,    2.3678419397E+02,    0.0000000000E+00,    0.0000000000E+00,    0.0000000000E+00,    2.3678419397E+02
    166950,      0.676954,CP8_after_OBC,   1,    0.0000000000E+00,    2.3678419397E+02,    2.3678419397E+02,    0.0000000000E+00,    0.0000000000E+00,    0.0000000000E+00,    2.3678419397E+02
    166950,      0.676954,CP9_after_PTsource,   1,    0.0000000000E+00,    2.3678419397E+02,    2.3678419397E+02,    0.0000000000E+00,    0.0000000000E+00,    0.0000000000E+00,    2.3678419397E+02
    166950,      0.676954,CP10_after_neg_clamp,   1,    0.0000000000E+00,    2.3678419397E+02,    2.3678419397E+02,    0.0000000000E+00,    0.0000000000E+00,    0.0000000000E+00,    2.3678419397E+02
    166950,      0.676954,CP11_after_MPI,   1,    0.0000000000E+00,    2.3678419397E+02,    2.3678419397E+02,    0.0000000000E+00,    0.0000000000E+00,    0.0000000000E+00,    2.3678419397E+02
    166950,      0.676954,CP12_end,   1,    0.0000000000E+00,    2.3678419397E+02,    2.3678419397E+02,    0.0000000000E+00,    0.0000000000E+00,    0.0000000000E+00,    2.3678419397E+02
    167000,      0.676954,CP0_start,   1,    0.0000000000E+00,    2.3694245674E+02,    2.3694245674E+02,    0.0000000000E+00,    0.0000000000E+00,    0.0000000000E+00,    2.3694245674E+02
    167000,      0.676954,CP1_after_deposition,   1,    0.0000000000E+00,    2.3694245674E+02,    2.3694245674E+02,    0.0000000000E+00,    0.0000000000E+00,    0.0000000000E+00,    2.3694245674E+02
    167000,      0.676954,CP2_after_erosion,   1,    0.0000000000E+00,    2.3694245674E+02,    2.3694245674E+02,    0.0000000000E+00,    0.0000000000E+00,    0.0000000000E+00,    2.3694245674E+02
    167000,      0.676954,CP3_after_update_bottom,   1,    0.0000000000E+00,    2.3694245674E+02,    2.3694245674E+02,    0.0000000000E+00,    0.0000000000E+00,    0.0000000000E+00,    2.3694245674E+02
    167000,      0.676954,CP4_after_advection,   1,    0.0000000000E+00,    2.3695426895E+02,    2.3695426895E+02,    0.0000000000E+00,    0.0000000000E+00,    0.0000000000E+00,    2.3695426895E+02
    167000,      0.676954,CP5_after_vdif,   1,    0.0000000000E+00,    2.3695426895E+02,    2.3695426895E+02,    0.0000000000E+00,    0.0000000000E+00,    0.0000000000E+00,    2.3695426895E+02
    167000,      0.676954,CP6_after_kinetics,   1,    0.0000000000E+00,    2.3695426895E+02,    2.3695426895E+02,    0.0000000000E+00,    0.0000000000E+00,    0.0000000000E+00,    2.3695426895E+02
    167000,      0.676954,CP7_after_upper_clamp,   1,    0.0000000000E+00,    2.3695426895E+02,    2.3695426895E+02,    0.0000000000E+00,    0.0000000000E+00,    0.0000000000E+00,    2.3695426895E+02
    167000,      0.676954,CP8_after_OBC,   1,    0.0000000000E+00,    2.3695426895E+02,    2.3695426895E+02,    0.0000000000E+00,    0.0000000000E+00,    0.0000000000E+00,    2.3695426895E+02
    167000,      0.676954,CP9_after_PTsource,   1,    0.0000000000E+00,    2.3695426895E+02,    2.3695426895E+02,    0.0000000000E+00,    0.0000000000E+00,    0.0000000000E+00,    2.3695426895E+02
    167000,      0.676954,CP10_after_neg_clamp,   1,    0.0000000000E+00,    2.3695426895E+02,    2.3695426895E+02,    0.0000000000E+00,    0.0000000000E+00,    0.0000000000E+00,    2.3695426895E+02
    167000,      0.676954,CP11_after_MPI,   1,    0.0000000000E+00,    2.3695426895E+02,    2.3695426895E+02,    0.0000000000E+00,    0.0000000000E+00,    0.0000000000E+00,    2.3695426895E+02
    167000,      0.676954,CP12_end,   1,    0.0000000000E+00,    2.3695426895E+02,    2.3695426895E+02,    0.0000000000E+00,    0.0000000000E+00,    0.0000000000E+00,    2.3695426895E+02
    167050,      0.676954,CP0_start,   1,    0.0000000000E+00,    2.3711115025E+02,    2.3711115025E+02,    0.0000000000E+00,    0.0000000000E+00,    0.0000000000E+00,    2.3711115025E+02
    167050,      0.676954,CP1_after_deposition,   1,    0.0000000000E+00,    2.3711115025E+02,    2.3711115025E+02,    0.0000000000E+00,    0.0000000000E+00,    0.0000000000E+00,    2.3711115025E+02
    167050,      0.676954,CP2_after_erosion,   1,    0.0000000000E+00,    2.3711115025E+02,    2.3711115025E+02,    0.0000000000E+00,    0.0000000000E+00,    0.0000000000E+00,    2.3711115025E+02
    167050,      0.676954,CP3_after_update_bottom,   1,    0.0000000000E+00,    2.3711115025E+02,    2.3711115025E+02,    0.0000000000E+00,    0.0000000000E+00,    0.0000000000E+00,    2.3711115025E+02
    167050,      0.676954,CP4_after_advection,   1,    0.0000000000E+00,    2.3712291178E+02,    2.3712291178E+02,    0.0000000000E+00,    0.0000000000E+00,    0.0000000000E+00,    2.3712291178E+02
    167050,      0.676954,CP5_after_vdif,   1,    0.0000000000E+00,    2.3712291178E+02,    2.3712291178E+02,    0.0000000000E+00,    0.0000000000E+00,    0.0000000000E+00,    2.3712291178E+02
    167050,      0.676954,CP6_after_kinetics,   1,    0.0000000000E+00,    2.3712291178E+02,    2.3712291178E+02,    0.0000000000E+00,    0.0000000000E+00,    0.0000000000E+00,    2.3712291178E+02
    167050,      0.676954,CP7_after_upper_clamp,   1,    0.0000000000E+00,    2.3712291178E+02,    2.3712291178E+02,    0.0000000000E+00,    0.0000000000E+00,    0.0000000000E+00,    2.3712291178E+02
    167050,      0.676954,CP8_after_OBC,   1,    0.0000000000E+00,    2.3712291178E+02,    2.3712291178E+02,    0.0000000000E+00,    0.0000000000E+00,    0.0000000000E+00,    2.3712291178E+02
    167050,      0.676954,CP9_after_PTsource,   1,    0.0000000000E+00,    2.3712291178E+02,    2.3712291178E+02,    0.0000000000E+00,    0.0000000000E+00,    0.0000000000E+00,    2.3712291178E+02
    167050,      0.676954,CP10_after_neg_clamp,   1,    0.0000000000E+00,    2.3712291178E+02,    2.3712291178E+02,    0.0000000000E+00,    0.0000000000E+00,    0.0000000000E+00,    2.3712291178E+02
    167050,      0.676954,CP11_after_MPI,   1,    0.0000000000E+00,    2.3712291178E+02,    2.3712291178E+02,    0.0000000000E+00,    0.0000000000E+00,    0.0000000000E+00,    2.3712291178E+02
    167050,      0.676954,CP12_end,   1,    0.0000000000E+00,    2.3712291178E+02,    2.3712291178E+02,    0.0000000000E+00,    0.0000000000E+00,    0.0000000000E+00,    2.3712291178E+02
    167100,      0.676954,CP0_start,   1,    0.0000000000E+00,    2.3727793389E+02,    2.3727793389E+02,    0.0000000000E+00,    0.0000000000E+00,    0.0000000000E+00,    2.3727793389E+02
    167100,      0.676954,CP1_after_deposition,   1,    0.0000000000E+00,    2.3727793389E+02,    2.3727793389E+02,    0.0000000000E+00,    0.0000000000E+00,    0.0000000000E+00,    2.3727793389E+02
    167100,      0.676954,CP2_after_erosion,   1,    0.0000000000E+00,    2.3727793389E+02,    2.3727793389E+02,    0.0000000000E+00,    0.0000000000E+00,    0.0000000000E+00,    2.3727793389E+02
    167100,      0.676954,CP3_after_update_bottom,   1,    0.0000000000E+00,    2.3727793389E+02,    2.3727793389E+02,    0.0000000000E+00,    0.0000000000E+00,    0.0000000000E+00,    2.3727793389E+02
    167100,      0.676954,CP4_after_advection,   1,    0.0000000000E+00,    2.3728962383E+02,    2.3728962383E+02,    0.0000000000E+00,    0.0000000000E+00,    0.0000000000E+00,    2.3728962383E+02
    167100,      0.676954,CP5_after_vdif,   1,    0.0000000000E+00,    2.3728962383E+02,    2.3728962383E+02,    0.0000000000E+00,    0.0000000000E+00,    0.0000000000E+00,    2.3728962383E+02
    167100,      0.676954,CP6_after_kinetics,   1,    0.0000000000E+00,    2.3728962383E+02,    2.3728962383E+02,    0.0000000000E+00,    0.0000000000E+00,    0.0000000000E+00,    2.3728962383E+02
    167100,      0.676954,CP7_after_upper_clamp,   1,    0.0000000000E+00,    2.3728962383E+02,    2.3728962383E+02,    0.0000000000E+00,    0.0000000000E+00,    0.0000000000E+00,    2.3728962383E+02
    167100,      0.676954,CP8_after_OBC,   1,    0.0000000000E+00,    2.3728962383E+02,    2.3728962383E+02,    0.0000000000E+00,    0.0000000000E+00,    0.0000000000E+00,    2.3728962383E+02
    167100,      0.676954,CP9_after_PTsource,   1,    0.0000000000E+00,    2.3728962383E+02,    2.3728962383E+02,    0.0000000000E+00,    0.0000000000E+00,    0.0000000000E+00,    2.3728962383E+02
    167100,      0.676954,CP10_after_neg_clamp,   1,    0.0000000000E+00,    2.3728962383E+02,    2.3728962383E+02,    0.0000000000E+00,    0.0000000000E+00,    0.0000000000E+00,    2.3728962383E+02
    167100,      0.676954,CP11_after_MPI,   1,    0.0000000000E+00,    2.3728962383E+02,    2.3728962383E+02,    0.0000000000E+00,    0.0000000000E+00,    0.0000000000E+00,    2.3728962383E+02
    167100,      0.676954,CP12_end,   1,    0.0000000000E+00,    2.3728962383E+02,    2.3728962383E+02,    0.0000000000E+00,    0.0000000000E+00,    0.0000000000E+00,    2.3728962383E+02
    167150,      0.676955,CP0_start,   1,    0.0000000000E+00,    2.3744241158E+02,    2.3744241158E+02,    0.0000000000E+00,    0.0000000000E+00,    0.0000000000E+00,    2.3744241158E+02
    167150,      0.676955,CP1_after_deposition,   1,    0.0000000000E+00,    2.3744241158E+02,    2.3744241158E+02,    0.0000000000E+00,    0.0000000000E+00,    0.0000000000E+00,    2.3744241158E+02
    167150,      0.676955,CP2_after_erosion,   1,    0.0000000000E+00,    2.3744241158E+02,    2.3744241158E+02,    0.0000000000E+00,    0.0000000000E+00,    0.0000000000E+00,    2.3744241158E+02
    167150,      0.676955,CP3_after_update_bottom,   1,    0.0000000000E+00,    2.3744241158E+02,    2.3744241158E+02,    0.0000000000E+00,    0.0000000000E+00,    0.0000000000E+00,    2.3744241158E+02
    167150,      0.676955,CP4_after_advection,   1,    0.0000000000E+00,    2.3745400266E+02,    2.3745400266E+02,    0.0000000000E+00,    0.0000000000E+00,    0.0000000000E+00,    2.3745400266E+02
    167150,      0.676955,CP5_after_vdif,   1,    0.0000000000E+00,    2.3745400266E+02,    2.3745400266E+02,    0.0000000000E+00,    0.0000000000E+00,    0.0000000000E+00,    2.3745400266E+02
    167150,      0.676955,CP6_after_kinetics,   1,    0.0000000000E+00,    2.3745400266E+02,    2.3745400266E+02,    0.0000000000E+00,    0.0000000000E+00,    0.0000000000E+00,    2.3745400266E+02
    167150,      0.676955,CP7_after_upper_clamp,   1,    0.0000000000E+00,    2.3745400266E+02,    2.3745400266E+02,    0.0000000000E+00,    0.0000000000E+00,    0.0000000000E+00,    2.3745400266E+02
    167150,      0.676955,CP8_after_OBC,   1,    0.0000000000E+00,    2.3745400266E+02,    2.3745400266E+02,    0.0000000000E+00,    0.0000000000E+00,    0.0000000000E+00,    2.3745400266E+02
    167150,      0.676955,CP9_after_PTsource,   1,    0.0000000000E+00,    2.3745400266E+02,    2.3745400266E+02,    0.0000000000E+00,    0.0000000000E+00,    0.0000000000E+00,    2.3745400266E+02
    167150,      0.676955,CP10_after_neg_clamp,   1,    0.0000000000E+00,    2.3745400266E+02,    2.3745400266E+02,    0.0000000000E+00,    0.0000000000E+00,    0.0000000000E+00,    2.3745400266E+02
    167150,      0.676955,CP11_after_MPI,   1,    0.0000000000E+00,    2.3745400266E+02,    2.3745400266E+02,    0.0000000000E+00,    0.0000000000E+00,    0.0000000000E+00,    2.3745400266E+02
    167150,      0.676955,CP12_end,   1,    0.0000000000E+00,    2.3745400266E+02,    2.3745400266E+02,    0.0000000000E+00,    0.0000000000E+00,    0.0000000000E+00,    2.3745400266E+02
    167200,      0.676955,CP0_start,   1,    0.0000000000E+00,    2.3760405423E+02,    2.3760405423E+02,    0.0000000000E+00,    0.0000000000E+00,    0.0000000000E+00,    2.3760405423E+02
    167200,      0.676955,CP1_after_deposition,   1,    0.0000000000E+00,    2.3760405423E+02,    2.3760405423E+02,    0.0000000000E+00,    0.0000000000E+00,    0.0000000000E+00,    2.3760405423E+02
    167200,      0.676955,CP2_after_erosion,   1,    0.0000000000E+00,    2.3760405423E+02,    2.3760405423E+02,    0.0000000000E+00,    0.0000000000E+00,    0.0000000000E+00,    2.3760405423E+02
    167200,      0.676955,CP3_after_update_bottom,   1,    0.0000000000E+00,    2.3760405423E+02,    2.3760405423E+02,    0.0000000000E+00,    0.0000000000E+00,    0.0000000000E+00,    2.3760405423E+02
    167200,      0.676955,CP4_after_advection,   1,    0.0000000000E+00,    2.3761557289E+02,    2.3761557289E+02,    0.0000000000E+00,    0.0000000000E+00,    0.0000000000E+00,    2.3761557289E+02
    167200,      0.676955,CP5_after_vdif,   1,    0.0000000000E+00,    2.3761557289E+02,    2.3761557289E+02,    0.0000000000E+00,    0.0000000000E+00,    0.0000000000E+00,    2.3761557289E+02
    167200,      0.676955,CP6_after_kinetics,   1,    0.0000000000E+00,    2.3761557289E+02,    2.3761557289E+02,    0.0000000000E+00,    0.0000000000E+00,    0.0000000000E+00,    2.3761557289E+02
    167200,      0.676955,CP7_after_upper_clamp,   1,    0.0000000000E+00,    2.3761557289E+02,    2.3761557289E+02,    0.0000000000E+00,    0.0000000000E+00,    0.0000000000E+00,    2.3761557289E+02
    167200,      0.676955,CP8_after_OBC,   1,    0.0000000000E+00,    2.3761557289E+02,    2.3761557289E+02,    0.0000000000E+00,    0.0000000000E+00,    0.0000000000E+00,    2.3761557289E+02
    167200,      0.676955,CP9_after_PTsource,   1,    0.0000000000E+00,    2.3761557289E+02,    2.3761557289E+02,    0.0000000000E+00,    0.0000000000E+00,    0.0000000000E+00,    2.3761557289E+02
    167200,      0.676955,CP10_after_neg_clamp,   1,    0.0000000000E+00,    2.3761557289E+02,    2.3761557289E+02,    0.0000000000E+00,    0.0000000000E+00,    0.0000000000E+00,    2.3761557289E+02
    167200,      0.676955,CP11_after_MPI,   1,    0.0000000000E+00,    2.3761557289E+02,    2.3761557289E+02,    0.0000000000E+00,    0.0000000000E+00,    0.0000000000E+00,    2.3761557289E+02
    167200,      0.676955,CP12_end,   1,    0.0000000000E+00,    2.3761557289E+02,    2.3761557289E+02,    0.0000000000E+00,    0.0000000000E+00,    0.0000000000E+00,    2.3761557289E+02
    167250,      0.676955,CP0_start,   1,    0.0000000000E+00,    2.3776293581E+02,    2.3776293581E+02,    0.0000000000E+00,    0.0000000000E+00,    0.0000000000E+00,    2.3776293581E+02
    167250,      0.676955,CP1_after_deposition,   1,    0.0000000000E+00,    2.3776293581E+02,    2.3776293581E+02,    0.0000000000E+00,    0.0000000000E+00,    0.0000000000E+00,    2.3776293581E+02
    167250,      0.676955,CP2_after_erosion,   1,    0.0000000000E+00,    2.3776293581E+02,    2.3776293581E+02,    0.0000000000E+00,    0.0000000000E+00,    0.0000000000E+00,    2.3776293581E+02
    167250,      0.676955,CP3_after_update_bottom,   1,    0.0000000000E+00,    2.3776293581E+02,    2.3776293581E+02,    0.0000000000E+00,    0.0000000000E+00,    0.0000000000E+00,    2.3776293581E+02
    167250,      0.676955,CP4_after_advection,   1,    0.0000000000E+00,    2.3777441182E+02,    2.3777441182E+02,    0.0000000000E+00,    0.0000000000E+00,    0.0000000000E+00,    2.3777441182E+02
    167250,      0.676955,CP5_after_vdif,   1,    0.0000000000E+00,    2.3777441182E+02,    2.3777441182E+02,    0.0000000000E+00,    0.0000000000E+00,    0.0000000000E+00,    2.3777441182E+02
    167250,      0.676955,CP6_after_kinetics,   1,    0.0000000000E+00,    2.3777441182E+02,    2.3777441182E+02,    0.0000000000E+00,    0.0000000000E+00,    0.0000000000E+00,    2.3777441182E+02
    167250,      0.676955,CP7_after_upper_clamp,   1,    0.0000000000E+00,    2.3777441182E+02,    2.3777441182E+02,    0.0000000000E+00,    0.0000000000E+00,    0.0000000000E+00,    2.3777441182E+02
    167250,      0.676955,CP8_after_OBC,   1,    0.0000000000E+00,    2.3777441182E+02,    2.3777441182E+02,    0.0000000000E+00,    0.0000000000E+00,    0.0000000000E+00,    2.3777441182E+02
    167250,      0.676955,CP9_after_PTsource,   1,    0.0000000000E+00,    2.3777441182E+02,    2.3777441182E+02,    0.0000000000E+00,    0.0000000000E+00,    0.0000000000E+00,    2.3777441182E+02
    167250,      0.676955,CP10_after_neg_clamp,   1,    0.0000000000E+00,    2.3777441182E+02,    2.3777441182E+02,    0.0000000000E+00,    0.0000000000E+00,    0.0000000000E+00,    2.3777441182E+02
    167250,      0.676955,CP11_after_MPI,   1,    0.0000000000E+00,    2.3777441182E+02,    2.3777441182E+02,    0.0000000000E+00,    0.0000000000E+00,    0.0000000000E+00,    2.3777441182E+02
    167250,      0.676955,CP12_end,   1,    0.0000000000E+00,    2.3777441182E+02,    2.3777441182E+02,    0.0000000000E+00,    0.0000000000E+00,    0.0000000000E+00,    2.3777441182E+02
    167300,      0.676955,CP0_start,   1,    0.0000000000E+00,    2.3791942515E+02,    2.3791942515E+02,    0.0000000000E+00,    0.0000000000E+00,    0.0000000000E+00,    2.3791942515E+02
    167300,      0.676955,CP1_after_deposition,   1,    0.0000000000E+00,    2.3791942515E+02,    2.3791942515E+02,    0.0000000000E+00,    0.0000000000E+00,    0.0000000000E+00,    2.3791942515E+02
    167300,      0.676955,CP2_after_erosion,   1,    0.0000000000E+00,    2.3791942515E+02,    2.3791942515E+02,    0.0000000000E+00,    0.0000000000E+00,    0.0000000000E+00,    2.3791942515E+02
    167300,      0.676955,CP3_after_update_bottom,   1,    0.0000000000E+00,    2.3791942515E+02,    2.3791942515E+02,    0.0000000000E+00,    0.0000000000E+00,    0.0000000000E+00,    2.3791942515E+02
    167300,      0.676955,CP4_after_advection,   1,    0.0000000000E+00,    2.3793083187E+02,    2.3793083187E+02,    0.0000000000E+00,    0.0000000000E+00,    0.0000000000E+00,    2.3793083187E+02
    167300,      0.676955,CP5_after_vdif,   1,    0.0000000000E+00,    2.3793083187E+02,    2.3793083187E+02,    0.0000000000E+00,    0.0000000000E+00,    0.0000000000E+00,    2.3793083187E+02
    167300,      0.676955,CP6_after_kinetics,   1,    0.0000000000E+00,    2.3793083187E+02,    2.3793083187E+02,    0.0000000000E+00,    0.0000000000E+00,    0.0000000000E+00,    2.3793083187E+02
    167300,      0.676955,CP7_after_upper_clamp,   1,    0.0000000000E+00,    2.3793083187E+02,    2.3793083187E+02,    0.0000000000E+00,    0.0000000000E+00,    0.0000000000E+00,    2.3793083187E+02
    167300,      0.676955,CP8_after_OBC,   1,    0.0000000000E+00,    2.3793083187E+02,    2.3793083187E+02,    0.0000000000E+00,    0.0000000000E+00,    0.0000000000E+00,    2.3793083187E+02
    167300,      0.676955,CP9_after_PTsource,   1,    0.0000000000E+00,    2.3793083187E+02,    2.3793083187E+02,    0.0000000000E+00,    0.0000000000E+00,    0.0000000000E+00,    2.3793083187E+02
    167300,      0.676955,CP10_after_neg_clamp,   1,    0.0000000000E+00,    2.3793083187E+02,    2.3793083187E+02,    0.0000000000E+00,    0.0000000000E+00,    0.0000000000E+00,    2.3793083187E+02
    167300,      0.676955,CP11_after_MPI,   1,    0.0000000000E+00,    2.3793083187E+02,    2.3793083187E+02,    0.0000000000E+00,    0.0000000000E+00,    0.0000000000E+00,    2.3793083187E+02
    167300,      0.676955,CP12_end,   1,    0.0000000000E+00,    2.3793083187E+02,    2.3793083187E+02,    0.0000000000E+00,    0.0000000000E+00,    0.0000000000E+00,    2.3793083187E+02
    167350,      0.676955,CP0_start,   1,    0.0000000000E+00,    2.3807314958E+02,    2.3807314958E+02,    0.0000000000E+00,    0.0000000000E+00,    0.0000000000E+00,    2.3807314958E+02
    167350,      0.676955,CP1_after_deposition,   1,    0.0000000000E+00,    2.3807314958E+02,    2.3807314958E+02,    0.0000000000E+00,    0.0000000000E+00,    0.0000000000E+00,    2.3807314958E+02
    167350,      0.676955,CP2_after_erosion,   1,    0.0000000000E+00,    2.3807314958E+02,    2.3807314958E+02,    0.0000000000E+00,    0.0000000000E+00,    0.0000000000E+00,    2.3807314958E+02
    167350,      0.676955,CP3_after_update_bottom,   1,    0.0000000000E+00,    2.3807314958E+02,    2.3807314958E+02,    0.0000000000E+00,    0.0000000000E+00,    0.0000000000E+00,    2.3807314958E+02
    167350,      0.676955,CP4_after_advection,   1,    0.0000000000E+00,    2.3808449129E+02,    2.3808449129E+02,    0.0000000000E+00,    0.0000000000E+00,    0.0000000000E+00,    2.3808449129E+02
    167350,      0.676955,CP5_after_vdif,   1,    0.0000000000E+00,    2.3808449129E+02,    2.3808449129E+02,    0.0000000000E+00,    0.0000000000E+00,    0.0000000000E+00,    2.3808449129E+02
    167350,      0.676955,CP6_after_kinetics,   1,    0.0000000000E+00,    2.3808449129E+02,    2.3808449129E+02,    0.0000000000E+00,    0.0000000000E+00,    0.0000000000E+00,    2.3808449129E+02
    167350,      0.676955,CP7_after_upper_clamp,   1,    0.0000000000E+00,    2.3808449129E+02,    2.3808449129E+02,    0.0000000000E+00,    0.0000000000E+00,    0.0000000000E+00,    2.3808449129E+02
    167350,      0.676955,CP8_after_OBC,   1,    0.0000000000E+00,    2.3808449129E+02,    2.3808449129E+02,    0.0000000000E+00,    0.0000000000E+00,    0.0000000000E+00,    2.3808449129E+02
    167350,      0.676955,CP9_after_PTsource,   1,    0.0000000000E+00,    2.3808449129E+02,    2.3808449129E+02,    0.0000000000E+00,    0.0000000000E+00,    0.0000000000E+00,    2.3808449129E+02
    167350,      0.676955,CP10_after_neg_clamp,   1,    0.0000000000E+00,    2.3808449129E+02,    2.3808449129E+02,    0.0000000000E+00,    0.0000000000E+00,    0.0000000000E+00,    2.3808449129E+02
    167350,      0.676955,CP11_after_MPI,   1,    0.0000000000E+00,    2.3808449129E+02,    2.3808449129E+02,    0.0000000000E+00,    0.0000000000E+00,    0.0000000000E+00,    2.3808449129E+02
    167350,      0.676955,CP12_end,   1,    0.0000000000E+00,    2.3808449129E+02,    2.3808449129E+02,    0.0000000000E+00,    0.0000000000E+00,    0.0000000000E+00,    2.3808449129E+02
    167400,      0.676955,CP0_start,   1,    0.0000000000E+00,    2.3822508679E+02,    2.3822508679E+02,    0.0000000000E+00,    0.0000000000E+00,    0.0000000000E+00,    2.3822508679E+02
    167400,      0.676955,CP1_after_deposition,   1,    0.0000000000E+00,    2.3822508679E+02,    2.3822508679E+02,    0.0000000000E+00,    0.0000000000E+00,    0.0000000000E+00,    2.3822508679E+02
    167400,      0.676955,CP2_after_erosion,   1,    0.0000000000E+00,    2.3822508679E+02,    2.3822508679E+02,    0.0000000000E+00,    0.0000000000E+00,    0.0000000000E+00,    2.3822508679E+02
    167400,      0.676955,CP3_after_update_bottom,   1,    0.0000000000E+00,    2.3822508679E+02,    2.3822508679E+02,    0.0000000000E+00,    0.0000000000E+00,    0.0000000000E+00,    2.3822508679E+02
    167400,      0.676955,CP4_after_advection,   1,    0.0000000000E+00,    2.3823634680E+02,    2.3823634680E+02,    0.0000000000E+00,    0.0000000000E+00,    0.0000000000E+00,    2.3823634680E+02
    167400,      0.676955,CP5_after_vdif,   1,    0.0000000000E+00,    2.3823634680E+02,    2.3823634680E+02,    0.0000000000E+00,    0.0000000000E+00,    0.0000000000E+00,    2.3823634680E+02
    167400,      0.676955,CP6_after_kinetics,   1,    0.0000000000E+00,    2.3823634680E+02,    2.3823634680E+02,    0.0000000000E+00,    0.0000000000E+00,    0.0000000000E+00,    2.3823634680E+02
    167400,      0.676955,CP7_after_upper_clamp,   1,    0.0000000000E+00,    2.3823634680E+02,    2.3823634680E+02,    0.0000000000E+00,    0.0000000000E+00,    0.0000000000E+00,    2.3823634680E+02
    167400,      0.676955,CP8_after_OBC,   1,    0.0000000000E+00,    2.3823634680E+02,    2.3823634680E+02,    0.0000000000E+00,    0.0000000000E+00,    0.0000000000E+00,    2.3823634680E+02
    167400,      0.676955,CP9_after_PTsource,   1,    0.0000000000E+00,    2.3823634680E+02,    2.3823634680E+02,    0.0000000000E+00,    0.0000000000E+00,    0.0000000000E+00,    2.3823634680E+02
    167400,      0.676955,CP10_after_neg_clamp,   1,    0.0000000000E+00,    2.3823634680E+02,    2.3823634680E+02,    0.0000000000E+00,    0.0000000000E+00,    0.0000000000E+00,    2.3823634680E+02
    167400,      0.676955,CP11_after_MPI,   1,    0.0000000000E+00,    2.3823634680E+02,    2.3823634680E+02,    0.0000000000E+00,    0.0000000000E+00,    0.0000000000E+00,    2.3823634680E+02
    167400,      0.676955,CP12_end,   1,    0.0000000000E+00,    2.3823634680E+02,    2.3823634680E+02,    0.0000000000E+00,    0.0000000000E+00,    0.0000000000E+00,    2.3823634680E+02
    167450,      0.676955,CP0_start,   1,    0.0000000000E+00,    2.3837540595E+02,    2.3837540595E+02,    0.0000000000E+00,    0.0000000000E+00,    0.0000000000E+00,    2.3837540595E+02
    167450,      0.676955,CP1_after_deposition,   1,    0.0000000000E+00,    2.3837540595E+02,    2.3837540595E+02,    0.0000000000E+00,    0.0000000000E+00,    0.0000000000E+00,    2.3837540595E+02
    167450,      0.676955,CP2_after_erosion,   1,    0.0000000000E+00,    2.3837540595E+02,    2.3837540595E+02,    0.0000000000E+00,    0.0000000000E+00,    0.0000000000E+00,    2.3837540595E+02
    167450,      0.676955,CP3_after_update_bottom,   1,    0.0000000000E+00,    2.3837540595E+02,    2.3837540595E+02,    0.0000000000E+00,    0.0000000000E+00,    0.0000000000E+00,    2.3837540595E+02
    167450,      0.676955,CP4_after_advection,   1,    0.0000000000E+00,    2.3838661101E+02,    2.3838661101E+02,    0.0000000000E+00,    0.0000000000E+00,    0.0000000000E+00,    2.3838661101E+02
    167450,      0.676955,CP5_after_vdif,   1,    0.0000000000E+00,    2.3838661101E+02,    2.3838661101E+02,    0.0000000000E+00,    0.0000000000E+00,    0.0000000000E+00,    2.3838661101E+02
    167450,      0.676955,CP6_after_kinetics,   1,    0.0000000000E+00,    2.3838661101E+02,    2.3838661101E+02,    0.0000000000E+00,    0.0000000000E+00,    0.0000000000E+00,    2.3838661101E+02
    167450,      0.676955,CP7_after_upper_clamp,   1,    0.0000000000E+00,    2.3838661101E+02,    2.3838661101E+02,    0.0000000000E+00,    0.0000000000E+00,    0.0000000000E+00,    2.3838661101E+02
    167450,      0.676955,CP8_after_OBC,   1,    0.0000000000E+00,    2.3838661101E+02,    2.3838661101E+02,    0.0000000000E+00,    0.0000000000E+00,    0.0000000000E+00,    2.3838661101E+02
    167450,      0.676955,CP9_after_PTsource,   1,    0.0000000000E+00,    2.3838661101E+02,    2.3838661101E+02,    0.0000000000E+00,    0.0000000000E+00,    0.0000000000E+00,    2.3838661101E+02
    167450,      0.676955,CP10_after_neg_clamp,   1,    0.0000000000E+00,    2.3838661101E+02,    2.3838661101E+02,    0.0000000000E+00,    0.0000000000E+00,    0.0000000000E+00,    2.3838661101E+02
    167450,      0.676955,CP11_after_MPI,   1,    0.0000000000E+00,    2.3838661101E+02,    2.3838661101E+02,    0.0000000000E+00,    0.0000000000E+00,    0.0000000000E+00,    2.3838661101E+02
    167450,      0.676955,CP12_end,   1,    0.0000000000E+00,    2.3838661101E+02,    2.3838661101E+02,    0.0000000000E+00,    0.0000000000E+00,    0.0000000000E+00,    2.3838661101E+02
    167500,      0.676955,CP0_start,   1,    0.0000000000E+00,    2.3852469439E+02,    2.3852469439E+02,    0.0000000000E+00,    0.0000000000E+00,    0.0000000000E+00,    2.3852469439E+02
    167500,      0.676955,CP1_after_deposition,   1,    0.0000000000E+00,    2.3852469439E+02,    2.3852469439E+02,    0.0000000000E+00,    0.0000000000E+00,    0.0000000000E+00,    2.3852469439E+02
    167500,      0.676955,CP2_after_erosion,   1,    0.0000000000E+00,    2.3852469439E+02,    2.3852469439E+02,    0.0000000000E+00,    0.0000000000E+00,    0.0000000000E+00,    2.3852469439E+02
    167500,      0.676955,CP3_after_update_bottom,   1,    0.0000000000E+00,    2.3852469439E+02,    2.3852469439E+02,    0.0000000000E+00,    0.0000000000E+00,    0.0000000000E+00,    2.3852469439E+02
    167500,      0.676955,CP4_after_advection,   1,    0.0000000000E+00,    2.3853583674E+02,    2.3853583674E+02,    0.0000000000E+00,    0.0000000000E+00,    0.0000000000E+00,    2.3853583674E+02
    167500,      0.676955,CP5_after_vdif,   1,    0.0000000000E+00,    2.3853583674E+02,    2.3853583674E+02,    0.0000000000E+00,    0.0000000000E+00,    0.0000000000E+00,    2.3853583674E+02
    167500,      0.676955,CP6_after_kinetics,   1,    0.0000000000E+00,    2.3853583674E+02,    2.3853583674E+02,    0.0000000000E+00,    0.0000000000E+00,    0.0000000000E+00,    2.3853583674E+02
    167500,      0.676955,CP7_after_upper_clamp,   1,    0.0000000000E+00,    2.3853583674E+02,    2.3853583674E+02,    0.0000000000E+00,    0.0000000000E+00,    0.0000000000E+00,    2.3853583674E+02
    167500,      0.676955,CP8_after_OBC,   1,    0.0000000000E+00,    2.3853583674E+02,    2.3853583674E+02,    0.0000000000E+00,    0.0000000000E+00,    0.0000000000E+00,    2.3853583674E+02
    167500,      0.676955,CP9_after_PTsource,   1,    0.0000000000E+00,    2.3853583674E+02,    2.3853583674E+02,    0.0000000000E+00,    0.0000000000E+00,    0.0000000000E+00,    2.3853583674E+02
    167500,      0.676955,CP10_after_neg_clamp,   1,    0.0000000000E+00,    2.3853583674E+02,    2.3853583674E+02,    0.0000000000E+00,    0.0000000000E+00,    0.0000000000E+00,    2.3853583674E+02
    167500,      0.676955,CP11_after_MPI,   1,    0.0000000000E+00,    2.3853583674E+02,    2.3853583674E+02,    0.0000000000E+00,    0.0000000000E+00,    0.0000000000E+00,    2.3853583674E+02
    167500,      0.676955,CP12_end,   1,    0.0000000000E+00,    2.3853583674E+02,    2.3853583674E+02,    0.0000000000E+00,    0.0000000000E+00,    0.0000000000E+00,    2.3853583674E+02
    167550,      0.676955,CP0_start,   1,    0.0000000000E+00,    2.3867295939E+02,    2.3867295939E+02,    0.0000000000E+00,    0.0000000000E+00,    0.0000000000E+00,    2.3867295939E+02
    167550,      0.676955,CP1_after_deposition,   1,    0.0000000000E+00,    2.3867295939E+02,    2.3867295939E+02,    0.0000000000E+00,    0.0000000000E+00,    0.0000000000E+00,    2.3867295939E+02
    167550,      0.676955,CP2_after_erosion,   1,    0.0000000000E+00,    2.3867295939E+02,    2.3867295939E+02,    0.0000000000E+00,    0.0000000000E+00,    0.0000000000E+00,    2.3867295939E+02
    167550,      0.676955,CP3_after_update_bottom,   1,    0.0000000000E+00,    2.3867295939E+02,    2.3867295939E+02,    0.0000000000E+00,    0.0000000000E+00,    0.0000000000E+00,    2.3867295939E+02
    167550,      0.676955,CP4_after_advection,   1,    0.0000000000E+00,    2.3868403379E+02,    2.3868403379E+02,    0.0000000000E+00,    0.0000000000E+00,    0.0000000000E+00,    2.3868403379E+02
    167550,      0.676955,CP5_after_vdif,   1,    0.0000000000E+00,    2.3868403379E+02,    2.3868403379E+02,    0.0000000000E+00,    0.0000000000E+00,    0.0000000000E+00,    2.3868403379E+02
    167550,      0.676955,CP6_after_kinetics,   1,    0.0000000000E+00,    2.3868403379E+02,    2.3868403379E+02,    0.0000000000E+00,    0.0000000000E+00,    0.0000000000E+00,    2.3868403379E+02
    167550,      0.676955,CP7_after_upper_clamp,   1,    0.0000000000E+00,    2.3868403379E+02,    2.3868403379E+02,    0.0000000000E+00,    0.0000000000E+00,    0.0000000000E+00,    2.3868403379E+02
    167550,      0.676955,CP8_after_OBC,   1,    0.0000000000E+00,    2.3868403379E+02,    2.3868403379E+02,    0.0000000000E+00,    0.0000000000E+00,    0.0000000000E+00,    2.3868403379E+02
    167550,      0.676955,CP9_after_PTsource,   1,    0.0000000000E+00,    2.3868403379E+02,    2.3868403379E+02,    0.0000000000E+00,    0.0000000000E+00,    0.0000000000E+00,    2.3868403379E+02
    167550,      0.676955,CP10_after_neg_clamp,   1,    0.0000000000E+00,    2.3868403379E+02,    2.3868403379E+02,    0.0000000000E+00,    0.0000000000E+00,    0.0000000000E+00,    2.3868403379E+02
    167550,      0.676955,CP11_after_MPI,   1,    0.0000000000E+00,    2.3868403379E+02,    2.3868403379E+02,    0.0000000000E+00,    0.0000000000E+00,    0.0000000000E+00,    2.3868403379E+02
    167550,      0.676955,CP12_end,   1,    0.0000000000E+00,    2.3868403379E+02,    2.3868403379E+02,    0.0000000000E+00,    0.0000000000E+00,    0.0000000000E+00,    2.3868403379E+02
    167600,      0.676955,CP0_start,   1,    0.0000000000E+00,    2.3882059585E+02,    2.3882059585E+02,    0.0000000000E+00,    0.0000000000E+00,    0.0000000000E+00,    2.3882059585E+02
    167600,      0.676955,CP1_after_deposition,   1,    0.0000000000E+00,    2.3882059585E+02,    2.3882059585E+02,    0.0000000000E+00,    0.0000000000E+00,    0.0000000000E+00,    2.3882059585E+02
    167600,      0.676955,CP2_after_erosion,   1,    0.0000000000E+00,    2.3882059585E+02,    2.3882059585E+02,    0.0000000000E+00,    0.0000000000E+00,    0.0000000000E+00,    2.3882059585E+02
    167600,      0.676955,CP3_after_update_bottom,   1,    0.0000000000E+00,    2.3882059585E+02,    2.3882059585E+02,    0.0000000000E+00,    0.0000000000E+00,    0.0000000000E+00,    2.3882059585E+02
    167600,      0.676955,CP4_after_advection,   1,    0.0000000000E+00,    2.3883162354E+02,    2.3883162354E+02,    0.0000000000E+00,    0.0000000000E+00,    0.0000000000E+00,    2.3883162354E+02
    167600,      0.676955,CP5_after_vdif,   1,    0.0000000000E+00,    2.3883162354E+02,    2.3883162354E+02,    0.0000000000E+00,    0.0000000000E+00,    0.0000000000E+00,    2.3883162354E+02
    167600,      0.676955,CP6_after_kinetics,   1,    0.0000000000E+00,    2.3883162354E+02,    2.3883162354E+02,    0.0000000000E+00,    0.0000000000E+00,    0.0000000000E+00,    2.3883162354E+02
    167600,      0.676955,CP7_after_upper_clamp,   1,    0.0000000000E+00,    2.3883162354E+02,    2.3883162354E+02,    0.0000000000E+00,    0.0000000000E+00,    0.0000000000E+00,    2.3883162354E+02
    167600,      0.676955,CP8_after_OBC,   1,    0.0000000000E+00,    2.3883162354E+02,    2.3883162354E+02,    0.0000000000E+00,    0.0000000000E+00,    0.0000000000E+00,    2.3883162354E+02
    167600,      0.676955,CP9_after_PTsource,   1,    0.0000000000E+00,    2.3883162354E+02,    2.3883162354E+02,    0.0000000000E+00,    0.0000000000E+00,    0.0000000000E+00,    2.3883162354E+02
    167600,      0.676955,CP10_after_neg_clamp,   1,    0.0000000000E+00,    2.3883162354E+02,    2.3883162354E+02,    0.0000000000E+00,    0.0000000000E+00,    0.0000000000E+00,    2.3883162354E+02
    167600,      0.676955,CP11_after_MPI,   1,    0.0000000000E+00,    2.3883162354E+02,    2.3883162354E+02,    0.0000000000E+00,    0.0000000000E+00,    0.0000000000E+00,    2.3883162354E+02
    167600,      0.676955,CP12_end,   1,    0.0000000000E+00,    2.3883162354E+02,    2.3883162354E+02,    0.0000000000E+00,    0.0000000000E+00,    0.0000000000E+00,    2.3883162354E+02
    167650,      0.676955,CP0_start,   1,    0.0000000000E+00,    2.3896796262E+02,    2.3896796262E+02,    0.0000000000E+00,    0.0000000000E+00,    0.0000000000E+00,    2.3896796262E+02
    167650,      0.676955,CP1_after_deposition,   1,    0.0000000000E+00,    2.3896796262E+02,    2.3896796262E+02,    0.0000000000E+00,    0.0000000000E+00,    0.0000000000E+00,    2.3896796262E+02
    167650,      0.676955,CP2_after_erosion,   1,    0.0000000000E+00,    2.3896796262E+02,    2.3896796262E+02,    0.0000000000E+00,    0.0000000000E+00,    0.0000000000E+00,    2.3896796262E+02
    167650,      0.676955,CP3_after_update_bottom,   1,    0.0000000000E+00,    2.3896796262E+02,    2.3896796262E+02,    0.0000000000E+00,    0.0000000000E+00,    0.0000000000E+00,    2.3896796262E+02
    167650,      0.676955,CP4_after_advection,   1,    0.0000000000E+00,    2.3897896986E+02,    2.3897896986E+02,    0.0000000000E+00,    0.0000000000E+00,    0.0000000000E+00,    2.3897896986E+02
    167650,      0.676955,CP5_after_vdif,   1,    0.0000000000E+00,    2.3897896986E+02,    2.3897896986E+02,    0.0000000000E+00,    0.0000000000E+00,    0.0000000000E+00,    2.3897896986E+02
    167650,      0.676955,CP6_after_kinetics,   1,    0.0000000000E+00,    2.3897896986E+02,    2.3897896986E+02,    0.0000000000E+00,    0.0000000000E+00,    0.0000000000E+00,    2.3897896986E+02
    167650,      0.676955,CP7_after_upper_clamp,   1,    0.0000000000E+00,    2.3897896986E+02,    2.3897896986E+02,    0.0000000000E+00,    0.0000000000E+00,    0.0000000000E+00,    2.3897896986E+02
    167650,      0.676955,CP8_after_OBC,   1,    0.0000000000E+00,    2.3897896986E+02,    2.3897896986E+02,    0.0000000000E+00,    0.0000000000E+00,    0.0000000000E+00,    2.3897896986E+02
    167650,      0.676955,CP9_after_PTsource,   1,    0.0000000000E+00,    2.3897896986E+02,    2.3897896986E+02,    0.0000000000E+00,    0.0000000000E+00,    0.0000000000E+00,    2.3897896986E+02
    167650,      0.676955,CP10_after_neg_clamp,   1,    0.0000000000E+00,    2.3897896986E+02,    2.3897896986E+02,    0.0000000000E+00,    0.0000000000E+00,    0.0000000000E+00,    2.3897896986E+02
    167650,      0.676955,CP11_after_MPI,   1,    0.0000000000E+00,    2.3897896986E+02,    2.3897896986E+02,    0.0000000000E+00,    0.0000000000E+00,    0.0000000000E+00,    2.3897896986E+02
    167650,      0.676955,CP12_end,   1,    0.0000000000E+00,    2.3897896986E+02,    2.3897896986E+02,    0.0000000000E+00,    0.0000000000E+00,    0.0000000000E+00,    2.3897896986E+02
    167700,      0.676955,CP0_start,   1,    0.0000000000E+00,    2.3911567213E+02,    2.3911567213E+02,    0.0000000000E+00,    0.0000000000E+00,    0.0000000000E+00,    2.3911567213E+02
    167700,      0.676955,CP1_after_deposition,   1,    0.0000000000E+00,    2.3911567213E+02,    2.3911567213E+02,    0.0000000000E+00,    0.0000000000E+00,    0.0000000000E+00,    2.3911567213E+02
    167700,      0.676955,CP2_after_erosion,   1,    0.0000000000E+00,    2.3911567213E+02,    2.3911567213E+02,    0.0000000000E+00,    0.0000000000E+00,    0.0000000000E+00,    2.3911567213E+02
    167700,      0.676955,CP3_after_update_bottom,   1,    0.0000000000E+00,    2.3911567213E+02,    2.3911567213E+02,    0.0000000000E+00,    0.0000000000E+00,    0.0000000000E+00,    2.3911567213E+02
    167700,      0.676955,CP4_after_advection,   1,    0.0000000000E+00,    2.3912667336E+02,    2.3912667336E+02,    0.0000000000E+00,    0.0000000000E+00,    0.0000000000E+00,    2.3912667336E+02
    167700,      0.676955,CP5_after_vdif,   1,    0.0000000000E+00,    2.3912667336E+02,    2.3912667336E+02,    0.0000000000E+00,    0.0000000000E+00,    0.0000000000E+00,    2.3912667336E+02
    167700,      0.676955,CP6_after_kinetics,   1,    0.0000000000E+00,    2.3912667336E+02,    2.3912667336E+02,    0.0000000000E+00,    0.0000000000E+00,    0.0000000000E+00,    2.3912667336E+02
    167700,      0.676955,CP7_after_upper_clamp,   1,    0.0000000000E+00,    2.3912667336E+02,    2.3912667336E+02,    0.0000000000E+00,    0.0000000000E+00,    0.0000000000E+00,    2.3912667336E+02
    167700,      0.676955,CP8_after_OBC,   1,    0.0000000000E+00,    2.3912667336E+02,    2.3912667336E+02,    0.0000000000E+00,    0.0000000000E+00,    0.0000000000E+00,    2.3912667336E+02
    167700,      0.676955,CP9_after_PTsource,   1,    0.0000000000E+00,    2.3912667336E+02,    2.3912667336E+02,    0.0000000000E+00,    0.0000000000E+00,    0.0000000000E+00,    2.3912667336E+02
    167700,      0.676955,CP10_after_neg_clamp,   1,    0.0000000000E+00,    2.3912667336E+02,    2.3912667336E+02,    0.0000000000E+00,    0.0000000000E+00,    0.0000000000E+00,    2.3912667336E+02
    167700,      0.676955,CP11_after_MPI,   1,    0.0000000000E+00,    2.3912667336E+02,    2.3912667336E+02,    0.0000000000E+00,    0.0000000000E+00,    0.0000000000E+00,    2.3912667336E+02
    167700,      0.676955,CP12_end,   1,    0.0000000000E+00,    2.3912667336E+02,    2.3912667336E+02,    0.0000000000E+00,    0.0000000000E+00,    0.0000000000E+00,    2.3912667336E+02
    167750,      0.676955,CP0_start,   1,    0.0000000000E+00,    2.3926485201E+02,    2.3926485201E+02,    0.0000000000E+00,    0.0000000000E+00,    0.0000000000E+00,    2.3926485201E+02
    167750,      0.676955,CP1_after_deposition,   1,    0.0000000000E+00,    2.3926485201E+02,    2.3926485201E+02,    0.0000000000E+00,    0.0000000000E+00,    0.0000000000E+00,    2.3926485201E+02
    167750,      0.676955,CP2_after_erosion,   1,    0.0000000000E+00,    2.3926485201E+02,    2.3926485201E+02,    0.0000000000E+00,    0.0000000000E+00,    0.0000000000E+00,    2.3926485201E+02
    167750,      0.676955,CP3_after_update_bottom,   1,    0.0000000000E+00,    2.3926485201E+02,    2.3926485201E+02,    0.0000000000E+00,    0.0000000000E+00,    0.0000000000E+00,    2.3926485201E+02
    167750,      0.676955,CP4_after_advection,   1,    0.0000000000E+00,    2.3927584707E+02,    2.3927584707E+02,    0.0000000000E+00,    0.0000000000E+00,    0.0000000000E+00,    2.3927584707E+02
    167750,      0.676955,CP5_after_vdif,   1,    0.0000000000E+00,    2.3927584707E+02,    2.3927584707E+02,    0.0000000000E+00,    0.0000000000E+00,    0.0000000000E+00,    2.3927584707E+02
    167750,      0.676955,CP6_after_kinetics,   1,    0.0000000000E+00,    2.3927584707E+02,    2.3927584707E+02,    0.0000000000E+00,    0.0000000000E+00,    0.0000000000E+00,    2.3927584707E+02
    167750,      0.676955,CP7_after_upper_clamp,   1,    0.0000000000E+00,    2.3927584707E+02,    2.3927584707E+02,    0.0000000000E+00,    0.0000000000E+00,    0.0000000000E+00,    2.3927584707E+02
    167750,      0.676955,CP8_after_OBC,   1,    0.0000000000E+00,    2.3927584707E+02,    2.3927584707E+02,    0.0000000000E+00,    0.0000000000E+00,    0.0000000000E+00,    2.3927584707E+02
    167750,      0.676955,CP9_after_PTsource,   1,    0.0000000000E+00,    2.3927584707E+02,    2.3927584707E+02,    0.0000000000E+00,    0.0000000000E+00,    0.0000000000E+00,    2.3927584707E+02
    167750,      0.676955,CP10_after_neg_clamp,   1,    0.0000000000E+00,    2.3927584707E+02,    2.3927584707E+02,    0.0000000000E+00,    0.0000000000E+00,    0.0000000000E+00,    2.3927584707E+02
    167750,      0.676955,CP11_after_MPI,   1,    0.0000000000E+00,    2.3927584707E+02,    2.3927584707E+02,    0.0000000000E+00,    0.0000000000E+00,    0.0000000000E+00,    2.3927584707E+02
    167750,      0.676955,CP12_end,   1,    0.0000000000E+00,    2.3927584707E+02,    2.3927584707E+02,    0.0000000000E+00,    0.0000000000E+00,    0.0000000000E+00,    2.3927584707E+02
    167800,      0.676955,CP0_start,   1,    0.0000000000E+00,    2.3941556629E+02,    2.3941556629E+02,    0.0000000000E+00,    0.0000000000E+00,    0.0000000000E+00,    2.3941556629E+02
    167800,      0.676955,CP1_after_deposition,   1,    0.0000000000E+00,    2.3941556629E+02,    2.3941556629E+02,    0.0000000000E+00,    0.0000000000E+00,    0.0000000000E+00,    2.3941556629E+02
    167800,      0.676955,CP2_after_erosion,   1,    0.0000000000E+00,    2.3941556629E+02,    2.3941556629E+02,    0.0000000000E+00,    0.0000000000E+00,    0.0000000000E+00,    2.3941556629E+02
    167800,      0.676955,CP3_after_update_bottom,   1,    0.0000000000E+00,    2.3941556629E+02,    2.3941556629E+02,    0.0000000000E+00,    0.0000000000E+00,    0.0000000000E+00,    2.3941556629E+02
    167800,      0.676955,CP4_after_advection,   1,    0.0000000000E+00,    2.3942652902E+02,    2.3942652902E+02,    0.0000000000E+00,    0.0000000000E+00,    0.0000000000E+00,    2.3942652902E+02
    167800,      0.676955,CP5_after_vdif,   1,    0.0000000000E+00,    2.3942652902E+02,    2.3942652902E+02,    0.0000000000E+00,    0.0000000000E+00,    0.0000000000E+00,    2.3942652902E+02
    167800,      0.676955,CP6_after_kinetics,   1,    0.0000000000E+00,    2.3942652902E+02,    2.3942652902E+02,    0.0000000000E+00,    0.0000000000E+00,    0.0000000000E+00,    2.3942652902E+02
    167800,      0.676955,CP7_after_upper_clamp,   1,    0.0000000000E+00,    2.3942652902E+02,    2.3942652902E+02,    0.0000000000E+00,    0.0000000000E+00,    0.0000000000E+00,    2.3942652902E+02
    167800,      0.676955,CP8_after_OBC,   1,    0.0000000000E+00,    2.3942652902E+02,    2.3942652902E+02,    0.0000000000E+00,    0.0000000000E+00,    0.0000000000E+00,    2.3942652902E+02
    167800,      0.676955,CP9_after_PTsource,   1,    0.0000000000E+00,    2.3942652902E+02,    2.3942652902E+02,    0.0000000000E+00,    0.0000000000E+00,    0.0000000000E+00,    2.3942652902E+02
    167800,      0.676955,CP10_after_neg_clamp,   1,    0.0000000000E+00,    2.3942652902E+02,    2.3942652902E+02,    0.0000000000E+00,    0.0000000000E+00,    0.0000000000E+00,    2.3942652902E+02
    167800,      0.676955,CP11_after_MPI,   1,    0.0000000000E+00,    2.3942652902E+02,    2.3942652902E+02,    0.0000000000E+00,    0.0000000000E+00,    0.0000000000E+00,    2.3942652902E+02
    167800,      0.676955,CP12_end,   1,    0.0000000000E+00,    2.3942652902E+02,    2.3942652902E+02,    0.0000000000E+00,    0.0000000000E+00,    0.0000000000E+00,    2.3942652902E+02
    167850,      0.676955,CP0_start,   1,    0.0000000000E+00,    2.3956782793E+02,    2.3956782793E+02,    0.0000000000E+00,    0.0000000000E+00,    0.0000000000E+00,    2.3956782793E+02
    167850,      0.676955,CP1_after_deposition,   1,    0.0000000000E+00,    2.3956782793E+02,    2.3956782793E+02,    0.0000000000E+00,    0.0000000000E+00,    0.0000000000E+00,    2.3956782793E+02
    167850,      0.676955,CP2_after_erosion,   1,    0.0000000000E+00,    2.3956782793E+02,    2.3956782793E+02,    0.0000000000E+00,    0.0000000000E+00,    0.0000000000E+00,    2.3956782793E+02
    167850,      0.676955,CP3_after_update_bottom,   1,    0.0000000000E+00,    2.3956782793E+02,    2.3956782793E+02,    0.0000000000E+00,    0.0000000000E+00,    0.0000000000E+00,    2.3956782793E+02
    167850,      0.676955,CP4_after_advection,   1,    0.0000000000E+00,    2.3957876675E+02,    2.3957876675E+02,    0.0000000000E+00,    0.0000000000E+00,    0.0000000000E+00,    2.3957876675E+02
    167850,      0.676955,CP5_after_vdif,   1,    0.0000000000E+00,    2.3957876675E+02,    2.3957876675E+02,    0.0000000000E+00,    0.0000000000E+00,    0.0000000000E+00,    2.3957876675E+02
    167850,      0.676955,CP6_after_kinetics,   1,    0.0000000000E+00,    2.3957876675E+02,    2.3957876675E+02,    0.0000000000E+00,    0.0000000000E+00,    0.0000000000E+00,    2.3957876675E+02
    167850,      0.676955,CP7_after_upper_clamp,   1,    0.0000000000E+00,    2.3957876675E+02,    2.3957876675E+02,    0.0000000000E+00,    0.0000000000E+00,    0.0000000000E+00,    2.3957876675E+02
    167850,      0.676955,CP8_after_OBC,   1,    0.0000000000E+00,    2.3957876675E+02,    2.3957876675E+02,    0.0000000000E+00,    0.0000000000E+00,    0.0000000000E+00,    2.3957876675E+02
    167850,      0.676955,CP9_after_PTsource,   1,    0.0000000000E+00,    2.3957876675E+02,    2.3957876675E+02,    0.0000000000E+00,    0.0000000000E+00,    0.0000000000E+00,    2.3957876675E+02
    167850,      0.676955,CP10_after_neg_clamp,   1,    0.0000000000E+00,    2.3957876675E+02,    2.3957876675E+02,    0.0000000000E+00,    0.0000000000E+00,    0.0000000000E+00,    2.3957876675E+02
    167850,      0.676955,CP11_after_MPI,   1,    0.0000000000E+00,    2.3957876675E+02,    2.3957876675E+02,    0.0000000000E+00,    0.0000000000E+00,    0.0000000000E+00,    2.3957876675E+02
    167850,      0.676955,CP12_end,   1,    0.0000000000E+00,    2.3957876675E+02,    2.3957876675E+02,    0.0000000000E+00,    0.0000000000E+00,    0.0000000000E+00,    2.3957876675E+02
    167900,      0.676955,CP0_start,   1,    0.0000000000E+00,    2.3972160058E+02,    2.3972160058E+02,    0.0000000000E+00,    0.0000000000E+00,    0.0000000000E+00,    2.3972160058E+02
    167900,      0.676955,CP1_after_deposition,   1,    0.0000000000E+00,    2.3972160058E+02,    2.3972160058E+02,    0.0000000000E+00,    0.0000000000E+00,    0.0000000000E+00,    2.3972160058E+02
    167900,      0.676955,CP2_after_erosion,   1,    0.0000000000E+00,    2.3972160058E+02,    2.3972160058E+02,    0.0000000000E+00,    0.0000000000E+00,    0.0000000000E+00,    2.3972160058E+02
    167900,      0.676955,CP3_after_update_bottom,   1,    0.0000000000E+00,    2.3972160058E+02,    2.3972160058E+02,    0.0000000000E+00,    0.0000000000E+00,    0.0000000000E+00,    2.3972160058E+02
    167900,      0.676955,CP4_after_advection,   1,    0.0000000000E+00,    2.3973252265E+02,    2.3973252265E+02,    0.0000000000E+00,    0.0000000000E+00,    0.0000000000E+00,    2.3973252265E+02
    167900,      0.676955,CP5_after_vdif,   1,    0.0000000000E+00,    2.3973252265E+02,    2.3973252265E+02,    0.0000000000E+00,    0.0000000000E+00,    0.0000000000E+00,    2.3973252265E+02
    167900,      0.676955,CP6_after_kinetics,   1,    0.0000000000E+00,    2.3973252265E+02,    2.3973252265E+02,    0.0000000000E+00,    0.0000000000E+00,    0.0000000000E+00,    2.3973252265E+02
    167900,      0.676955,CP7_after_upper_clamp,   1,    0.0000000000E+00,    2.3973252265E+02,    2.3973252265E+02,    0.0000000000E+00,    0.0000000000E+00,    0.0000000000E+00,    2.3973252265E+02
    167900,      0.676955,CP8_after_OBC,   1,    0.0000000000E+00,    2.3973252265E+02,    2.3973252265E+02,    0.0000000000E+00,    0.0000000000E+00,    0.0000000000E+00,    2.3973252265E+02
    167900,      0.676955,CP9_after_PTsource,   1,    0.0000000000E+00,    2.3973252265E+02,    2.3973252265E+02,    0.0000000000E+00,    0.0000000000E+00,    0.0000000000E+00,    2.3973252265E+02
    167900,      0.676955,CP10_after_neg_clamp,   1,    0.0000000000E+00,    2.3973252265E+02,    2.3973252265E+02,    0.0000000000E+00,    0.0000000000E+00,    0.0000000000E+00,    2.3973252265E+02
    167900,      0.676955,CP11_after_MPI,   1,    0.0000000000E+00,    2.3973252265E+02,    2.3973252265E+02,    0.0000000000E+00,    0.0000000000E+00,    0.0000000000E+00,    2.3973252265E+02
    167900,      0.676955,CP12_end,   1,    0.0000000000E+00,    2.3973252265E+02,    2.3973252265E+02,    0.0000000000E+00,    0.0000000000E+00,    0.0000000000E+00,    2.3973252265E+02
    167950,      0.676955,CP0_start,   1,    0.0000000000E+00,    2.3987652816E+02,    2.3987652816E+02,    0.0000000000E+00,    0.0000000000E+00,    0.0000000000E+00,    2.3987652816E+02
    167950,      0.676955,CP1_after_deposition,   1,    0.0000000000E+00,    2.3987652816E+02,    2.3987652816E+02,    0.0000000000E+00,    0.0000000000E+00,    0.0000000000E+00,    2.3987652816E+02
    167950,      0.676955,CP2_after_erosion,   1,    0.0000000000E+00,    2.3987652816E+02,    2.3987652816E+02,    0.0000000000E+00,    0.0000000000E+00,    0.0000000000E+00,    2.3987652816E+02
    167950,      0.676955,CP3_after_update_bottom,   1,    0.0000000000E+00,    2.3987652816E+02,    2.3987652816E+02,    0.0000000000E+00,    0.0000000000E+00,    0.0000000000E+00,    2.3987652816E+02
    167950,      0.676955,CP4_after_advection,   1,    0.0000000000E+00,    2.3988742603E+02,    2.3988742603E+02,    0.0000000000E+00,    0.0000000000E+00,    0.0000000000E+00,    2.3988742603E+02
    167950,      0.676955,CP5_after_vdif,   1,    0.0000000000E+00,    2.3988742603E+02,    2.3988742603E+02,    0.0000000000E+00,    0.0000000000E+00,    0.0000000000E+00,    2.3988742603E+02
    167950,      0.676955,CP6_after_kinetics,   1,    0.0000000000E+00,    2.3988742603E+02,    2.3988742603E+02,    0.0000000000E+00,    0.0000000000E+00,    0.0000000000E+00,    2.3988742603E+02
    167950,      0.676955,CP7_after_upper_clamp,   1,    0.0000000000E+00,    2.3988742603E+02,    2.3988742603E+02,    0.0000000000E+00,    0.0000000000E+00,    0.0000000000E+00,    2.3988742603E+02
    167950,      0.676955,CP8_after_OBC,   1,    0.0000000000E+00,    2.3988742603E+02,    2.3988742603E+02,    0.0000000000E+00,    0.0000000000E+00,    0.0000000000E+00,    2.3988742603E+02
    167950,      0.676955,CP9_after_PTsource,   1,    0.0000000000E+00,    2.3988742603E+02,    2.3988742603E+02,    0.0000000000E+00,    0.0000000000E+00,    0.0000000000E+00,    2.3988742603E+02
    167950,      0.676955,CP10_after_neg_clamp,   1,    0.0000000000E+00,    2.3988742603E+02,    2.3988742603E+02,    0.0000000000E+00,    0.0000000000E+00,    0.0000000000E+00,    2.3988742603E+02
    167950,      0.676955,CP11_after_MPI,   1,    0.0000000000E+00,    2.3988742603E+02,    2.3988742603E+02,    0.0000000000E+00,    0.0000000000E+00,    0.0000000000E+00,    2.3988742603E+02
    167950,      0.676955,CP12_end,   1,    0.0000000000E+00,    2.3988742603E+02,    2.3988742603E+02,    0.0000000000E+00,    0.0000000000E+00,    0.0000000000E+00,    2.3988742603E+02
    168000,      0.676955,CP0_start,   1,    0.0000000000E+00,    2.4003206491E+02,    2.4003206491E+02,    0.0000000000E+00,    0.0000000000E+00,    0.0000000000E+00,    2.4003206491E+02
    168000,      0.676955,CP1_after_deposition,   1,    0.0000000000E+00,    2.4003206491E+02,    2.4003206491E+02,    0.0000000000E+00,    0.0000000000E+00,    0.0000000000E+00,    2.4003206491E+02
    168000,      0.676955,CP2_after_erosion,   1,    0.0000000000E+00,    2.4003206491E+02,    2.4003206491E+02,    0.0000000000E+00,    0.0000000000E+00,    0.0000000000E+00,    2.4003206491E+02
    168000,      0.676955,CP3_after_update_bottom,   1,    0.0000000000E+00,    2.4003206491E+02,    2.4003206491E+02,    0.0000000000E+00,    0.0000000000E+00,    0.0000000000E+00,    2.4003206491E+02
    168000,      0.676955,CP4_after_advection,   1,    0.0000000000E+00,    2.4004291972E+02,    2.4004291972E+02,    0.0000000000E+00,    0.0000000000E+00,    0.0000000000E+00,    2.4004291972E+02
    168000,      0.676955,CP5_after_vdif,   1,    0.0000000000E+00,    2.4004291972E+02,    2.4004291972E+02,    0.0000000000E+00,    0.0000000000E+00,    0.0000000000E+00,    2.4004291972E+02
    168000,      0.676955,CP6_after_kinetics,   1,    0.0000000000E+00,    2.4004291972E+02,    2.4004291972E+02,    0.0000000000E+00,    0.0000000000E+00,    0.0000000000E+00,    2.4004291972E+02
    168000,      0.676955,CP7_after_upper_clamp,   1,    0.0000000000E+00,    2.4004291972E+02,    2.4004291972E+02,    0.0000000000E+00,    0.0000000000E+00,    0.0000000000E+00,    2.4004291972E+02
    168000,      0.676955,CP8_after_OBC,   1,    0.0000000000E+00,    2.4004291972E+02,    2.4004291972E+02,    0.0000000000E+00,    0.0000000000E+00,    0.0000000000E+00,    2.4004291972E+02
    168000,      0.676955,CP9_after_PTsource,   1,    0.0000000000E+00,    2.4004291972E+02,    2.4004291972E+02,    0.0000000000E+00,    0.0000000000E+00,    0.0000000000E+00,    2.4004291972E+02
    168000,      0.676955,CP10_after_neg_clamp,   1,    0.0000000000E+00,    2.4004291972E+02,    2.4004291972E+02,    0.0000000000E+00,    0.0000000000E+00,    0.0000000000E+00,    2.4004291972E+02
    168000,      0.676955,CP11_after_MPI,   1,    0.0000000000E+00,    2.4004291972E+02,    2.4004291972E+02,    0.0000000000E+00,    0.0000000000E+00,    0.0000000000E+00,    2.4004291972E+02
    168000,      0.676955,CP12_end,   1,    0.0000000000E+00,    2.4004291972E+02,    2.4004291972E+02,    0.0000000000E+00,    0.0000000000E+00,    0.0000000000E+00,    2.4004291972E+02
    168050,      0.676955,CP0_start,   1,    0.0000000000E+00,    2.4018803741E+02,    2.4018803741E+02,    0.0000000000E+00,    0.0000000000E+00,    0.0000000000E+00,    2.4018803741E+02
    168050,      0.676955,CP1_after_deposition,   1,    0.0000000000E+00,    2.4018803741E+02,    2.4018803741E+02,    0.0000000000E+00,    0.0000000000E+00,    0.0000000000E+00,    2.4018803741E+02
    168050,      0.676955,CP2_after_erosion,   1,    0.0000000000E+00,    2.4018803741E+02,    2.4018803741E+02,    0.0000000000E+00,    0.0000000000E+00,    0.0000000000E+00,    2.4018803741E+02
    168050,      0.676955,CP3_after_update_bottom,   1,    0.0000000000E+00,    2.4018803741E+02,    2.4018803741E+02,    0.0000000000E+00,    0.0000000000E+00,    0.0000000000E+00,    2.4018803741E+02
    168050,      0.676955,CP4_after_advection,   1,    0.0000000000E+00,    2.4019886498E+02,    2.4019886498E+02,    0.0000000000E+00,    0.0000000000E+00,    0.0000000000E+00,    2.4019886498E+02
    168050,      0.676955,CP5_after_vdif,   1,    0.0000000000E+00,    2.4019886498E+02,    2.4019886498E+02,    0.0000000000E+00,    0.0000000000E+00,    0.0000000000E+00,    2.4019886498E+02
    168050,      0.676955,CP6_after_kinetics,   1,    0.0000000000E+00,    2.4019886498E+02,    2.4019886498E+02,    0.0000000000E+00,    0.0000000000E+00,    0.0000000000E+00,    2.4019886498E+02
    168050,      0.676955,CP7_after_upper_clamp,   1,    0.0000000000E+00,    2.4019886498E+02,    2.4019886498E+02,    0.0000000000E+00,    0.0000000000E+00,    0.0000000000E+00,    2.4019886498E+02
    168050,      0.676955,CP8_after_OBC,   1,    0.0000000000E+00,    2.4019886498E+02,    2.4019886498E+02,    0.0000000000E+00,    0.0000000000E+00,    0.0000000000E+00,    2.4019886498E+02
    168050,      0.676955,CP9_after_PTsource,   1,    0.0000000000E+00,    2.4019886498E+02,    2.4019886498E+02,    0.0000000000E+00,    0.0000000000E+00,    0.0000000000E+00,    2.4019886498E+02
    168050,      0.676955,CP10_after_neg_clamp,   1,    0.0000000000E+00,    2.4019886498E+02,    2.4019886498E+02,    0.0000000000E+00,    0.0000000000E+00,    0.0000000000E+00,    2.4019886498E+02
    168050,      0.676955,CP11_after_MPI,   1,    0.0000000000E+00,    2.4019886498E+02,    2.4019886498E+02,    0.0000000000E+00,    0.0000000000E+00,    0.0000000000E+00,    2.4019886498E+02
    168050,      0.676955,CP12_end,   1,    0.0000000000E+00,    2.4019886498E+02,    2.4019886498E+02,    0.0000000000E+00,    0.0000000000E+00,    0.0000000000E+00,    2.4019886498E+02
    168100,      0.676955,CP0_start,   1,    0.0000000000E+00,    2.4034461756E+02,    2.4034461756E+02,    0.0000000000E+00,    0.0000000000E+00,    0.0000000000E+00,    2.4034461756E+02
    168100,      0.676955,CP1_after_deposition,   1,    0.0000000000E+00,    2.4034461756E+02,    2.4034461756E+02,    0.0000000000E+00,    0.0000000000E+00,    0.0000000000E+00,    2.4034461756E+02
    168100,      0.676955,CP2_after_erosion,   1,    0.0000000000E+00,    2.4034461756E+02,    2.4034461756E+02,    0.0000000000E+00,    0.0000000000E+00,    0.0000000000E+00,    2.4034461756E+02
    168100,      0.676955,CP3_after_update_bottom,   1,    0.0000000000E+00,    2.4034461756E+02,    2.4034461756E+02,    0.0000000000E+00,    0.0000000000E+00,    0.0000000000E+00,    2.4034461756E+02
    168100,      0.676955,CP4_after_advection,   1,    0.0000000000E+00,    2.4035542527E+02,    2.4035542527E+02,    0.0000000000E+00,    0.0000000000E+00,    0.0000000000E+00,    2.4035542527E+02
    168100,      0.676955,CP5_after_vdif,   1,    0.0000000000E+00,    2.4035542527E+02,    2.4035542527E+02,    0.0000000000E+00,    0.0000000000E+00,    0.0000000000E+00,    2.4035542527E+02
    168100,      0.676955,CP6_after_kinetics,   1,    0.0000000000E+00,    2.4035542527E+02,    2.4035542527E+02,    0.0000000000E+00,    0.0000000000E+00,    0.0000000000E+00,    2.4035542527E+02
    168100,      0.676955,CP7_after_upper_clamp,   1,    0.0000000000E+00,    2.4035542527E+02,    2.4035542527E+02,    0.0000000000E+00,    0.0000000000E+00,    0.0000000000E+00,    2.4035542527E+02
    168100,      0.676955,CP8_after_OBC,   1,    0.0000000000E+00,    2.4035542527E+02,    2.4035542527E+02,    0.0000000000E+00,    0.0000000000E+00,    0.0000000000E+00,    2.4035542527E+02
    168100,      0.676955,CP9_after_PTsource,   1,    0.0000000000E+00,    2.4035542527E+02,    2.4035542527E+02,    0.0000000000E+00,    0.0000000000E+00,    0.0000000000E+00,    2.4035542527E+02
    168100,      0.676955,CP10_after_neg_clamp,   1,    0.0000000000E+00,    2.4035542527E+02,    2.4035542527E+02,    0.0000000000E+00,    0.0000000000E+00,    0.0000000000E+00,    2.4035542527E+02
    168100,      0.676955,CP11_after_MPI,   1,    0.0000000000E+00,    2.4035542527E+02,    2.4035542527E+02,    0.0000000000E+00,    0.0000000000E+00,    0.0000000000E+00,    2.4035542527E+02
    168100,      0.676955,CP12_end,   1,    0.0000000000E+00,    2.4035542527E+02,    2.4035542527E+02,    0.0000000000E+00,    0.0000000000E+00,    0.0000000000E+00,    2.4035542527E+02
    168150,      0.676955,CP0_start,   1,    0.0000000000E+00,    2.4050166629E+02,    2.4050166629E+02,    0.0000000000E+00,    0.0000000000E+00,    0.0000000000E+00,    2.4050166629E+02
    168150,      0.676955,CP1_after_deposition,   1,    0.0000000000E+00,    2.4050166629E+02,    2.4050166629E+02,    0.0000000000E+00,    0.0000000000E+00,    0.0000000000E+00,    2.4050166629E+02
    168150,      0.676955,CP2_after_erosion,   1,    0.0000000000E+00,    2.4050166629E+02,    2.4050166629E+02,    0.0000000000E+00,    0.0000000000E+00,    0.0000000000E+00,    2.4050166629E+02
    168150,      0.676955,CP3_after_update_bottom,   1,    0.0000000000E+00,    2.4050166629E+02,    2.4050166629E+02,    0.0000000000E+00,    0.0000000000E+00,    0.0000000000E+00,    2.4050166629E+02
    168150,      0.676955,CP4_after_advection,   1,    0.0000000000E+00,    2.4051244011E+02,    2.4051244011E+02,    0.0000000000E+00,    0.0000000000E+00,    0.0000000000E+00,    2.4051244011E+02
    168150,      0.676955,CP5_after_vdif,   1,    0.0000000000E+00,    2.4051244011E+02,    2.4051244011E+02,    0.0000000000E+00,    0.0000000000E+00,    0.0000000000E+00,    2.4051244011E+02
    168150,      0.676955,CP6_after_kinetics,   1,    0.0000000000E+00,    2.4051244011E+02,    2.4051244011E+02,    0.0000000000E+00,    0.0000000000E+00,    0.0000000000E+00,    2.4051244011E+02
    168150,      0.676955,CP7_after_upper_clamp,   1,    0.0000000000E+00,    2.4051244011E+02,    2.4051244011E+02,    0.0000000000E+00,    0.0000000000E+00,    0.0000000000E+00,    2.4051244011E+02
    168150,      0.676955,CP8_after_OBC,   1,    0.0000000000E+00,    2.4051244011E+02,    2.4051244011E+02,    0.0000000000E+00,    0.0000000000E+00,    0.0000000000E+00,    2.4051244011E+02
    168150,      0.676955,CP9_after_PTsource,   1,    0.0000000000E+00,    2.4051244011E+02,    2.4051244011E+02,    0.0000000000E+00,    0.0000000000E+00,    0.0000000000E+00,    2.4051244011E+02
    168150,      0.676955,CP10_after_neg_clamp,   1,    0.0000000000E+00,    2.4051244011E+02,    2.4051244011E+02,    0.0000000000E+00,    0.0000000000E+00,    0.0000000000E+00,    2.4051244011E+02
    168150,      0.676955,CP11_after_MPI,   1,    0.0000000000E+00,    2.4051244011E+02,    2.4051244011E+02,    0.0000000000E+00,    0.0000000000E+00,    0.0000000000E+00,    2.4051244011E+02
    168150,      0.676955,CP12_end,   1,    0.0000000000E+00,    2.4051244011E+02,    2.4051244011E+02,    0.0000000000E+00,    0.0000000000E+00,    0.0000000000E+00,    2.4051244011E+02
    168200,      0.676955,CP0_start,   1,    0.0000000000E+00,    2.4065893367E+02,    2.4065893367E+02,    0.0000000000E+00,    0.0000000000E+00,    0.0000000000E+00,    2.4065893367E+02
    168200,      0.676955,CP1_after_deposition,   1,    0.0000000000E+00,    2.4065893367E+02,    2.4065893367E+02,    0.0000000000E+00,    0.0000000000E+00,    0.0000000000E+00,    2.4065893367E+02
    168200,      0.676955,CP2_after_erosion,   1,    0.0000000000E+00,    2.4065893367E+02,    2.4065893367E+02,    0.0000000000E+00,    0.0000000000E+00,    0.0000000000E+00,    2.4065893367E+02
    168200,      0.676955,CP3_after_update_bottom,   1,    0.0000000000E+00,    2.4065893367E+02,    2.4065893367E+02,    0.0000000000E+00,    0.0000000000E+00,    0.0000000000E+00,    2.4065893367E+02
    168200,      0.676955,CP4_after_advection,   1,    0.0000000000E+00,    2.4066967912E+02,    2.4066967912E+02,    0.0000000000E+00,    0.0000000000E+00,    0.0000000000E+00,    2.4066967912E+02
    168200,      0.676955,CP5_after_vdif,   1,    0.0000000000E+00,    2.4066967912E+02,    2.4066967912E+02,    0.0000000000E+00,    0.0000000000E+00,    0.0000000000E+00,    2.4066967912E+02
    168200,      0.676955,CP6_after_kinetics,   1,    0.0000000000E+00,    2.4066967912E+02,    2.4066967912E+02,    0.0000000000E+00,    0.0000000000E+00,    0.0000000000E+00,    2.4066967912E+02
    168200,      0.676955,CP7_after_upper_clamp,   1,    0.0000000000E+00,    2.4066967912E+02,    2.4066967912E+02,    0.0000000000E+00,    0.0000000000E+00,    0.0000000000E+00,    2.4066967912E+02
    168200,      0.676955,CP8_after_OBC,   1,    0.0000000000E+00,    2.4066967912E+02,    2.4066967912E+02,    0.0000000000E+00,    0.0000000000E+00,    0.0000000000E+00,    2.4066967912E+02
    168200,      0.676955,CP9_after_PTsource,   1,    0.0000000000E+00,    2.4066967912E+02,    2.4066967912E+02,    0.0000000000E+00,    0.0000000000E+00,    0.0000000000E+00,    2.4066967912E+02
    168200,      0.676955,CP10_after_neg_clamp,   1,    0.0000000000E+00,    2.4066967912E+02,    2.4066967912E+02,    0.0000000000E+00,    0.0000000000E+00,    0.0000000000E+00,    2.4066967912E+02
    168200,      0.676955,CP11_after_MPI,   1,    0.0000000000E+00,    2.4066967912E+02,    2.4066967912E+02,    0.0000000000E+00,    0.0000000000E+00,    0.0000000000E+00,    2.4066967912E+02
    168200,      0.676955,CP12_end,   1,    0.0000000000E+00,    2.4066967912E+02,    2.4066967912E+02,    0.0000000000E+00,    0.0000000000E+00,    0.0000000000E+00,    2.4066967912E+02
    168250,      0.676955,CP0_start,   1,    0.0000000000E+00,    2.4081658774E+02,    2.4081658774E+02,    0.0000000000E+00,    0.0000000000E+00,    0.0000000000E+00,    2.4081658774E+02
    168250,      0.676955,CP1_after_deposition,   1,    0.0000000000E+00,    2.4081658774E+02,    2.4081658774E+02,    0.0000000000E+00,    0.0000000000E+00,    0.0000000000E+00,    2.4081658774E+02
    168250,      0.676955,CP2_after_erosion,   1,    0.0000000000E+00,    2.4081658774E+02,    2.4081658774E+02,    0.0000000000E+00,    0.0000000000E+00,    0.0000000000E+00,    2.4081658774E+02
    168250,      0.676955,CP3_after_update_bottom,   1,    0.0000000000E+00,    2.4081658774E+02,    2.4081658774E+02,    0.0000000000E+00,    0.0000000000E+00,    0.0000000000E+00,    2.4081658774E+02
    168250,      0.676955,CP4_after_advection,   1,    0.0000000000E+00,    2.4082730027E+02,    2.4082730027E+02,    0.0000000000E+00,    0.0000000000E+00,    0.0000000000E+00,    2.4082730027E+02
    168250,      0.676955,CP5_after_vdif,   1,    0.0000000000E+00,    2.4082730027E+02,    2.4082730027E+02,    0.0000000000E+00,    0.0000000000E+00,    0.0000000000E+00,    2.4082730027E+02
    168250,      0.676955,CP6_after_kinetics,   1,    0.0000000000E+00,    2.4082730027E+02,    2.4082730027E+02,    0.0000000000E+00,    0.0000000000E+00,    0.0000000000E+00,    2.4082730027E+02
    168250,      0.676955,CP7_after_upper_clamp,   1,    0.0000000000E+00,    2.4082730027E+02,    2.4082730027E+02,    0.0000000000E+00,    0.0000000000E+00,    0.0000000000E+00,    2.4082730027E+02
    168250,      0.676955,CP8_after_OBC,   1,    0.0000000000E+00,    2.4082730027E+02,    2.4082730027E+02,    0.0000000000E+00,    0.0000000000E+00,    0.0000000000E+00,    2.4082730027E+02
    168250,      0.676955,CP9_after_PTsource,   1,    0.0000000000E+00,    2.4082730027E+02,    2.4082730027E+02,    0.0000000000E+00,    0.0000000000E+00,    0.0000000000E+00,    2.4082730027E+02
    168250,      0.676955,CP10_after_neg_clamp,   1,    0.0000000000E+00,    2.4082730027E+02,    2.4082730027E+02,    0.0000000000E+00,    0.0000000000E+00,    0.0000000000E+00,    2.4082730027E+02
    168250,      0.676955,CP11_after_MPI,   1,    0.0000000000E+00,    2.4082730027E+02,    2.4082730027E+02,    0.0000000000E+00,    0.0000000000E+00,    0.0000000000E+00,    2.4082730027E+02
    168250,      0.676955,CP12_end,   1,    0.0000000000E+00,    2.4082730027E+02,    2.4082730027E+02,    0.0000000000E+00,    0.0000000000E+00,    0.0000000000E+00,    2.4082730027E+02
    168300,      0.676955,CP0_start,   1,    0.0000000000E+00,    2.4097465258E+02,    2.4097465258E+02,    0.0000000000E+00,    0.0000000000E+00,    0.0000000000E+00,    2.4097465258E+02
    168300,      0.676955,CP1_after_deposition,   1,    0.0000000000E+00,    2.4097465258E+02,    2.4097465258E+02,    0.0000000000E+00,    0.0000000000E+00,    0.0000000000E+00,    2.4097465258E+02
    168300,      0.676955,CP2_after_erosion,   1,    0.0000000000E+00,    2.4097465258E+02,    2.4097465258E+02,    0.0000000000E+00,    0.0000000000E+00,    0.0000000000E+00,    2.4097465258E+02
    168300,      0.676955,CP3_after_update_bottom,   1,    0.0000000000E+00,    2.4097465258E+02,    2.4097465258E+02,    0.0000000000E+00,    0.0000000000E+00,    0.0000000000E+00,    2.4097465258E+02
    168300,      0.676955,CP4_after_advection,   1,    0.0000000000E+00,    2.4098534883E+02,    2.4098534883E+02,    0.0000000000E+00,    0.0000000000E+00,    0.0000000000E+00,    2.4098534883E+02
    168300,      0.676955,CP5_after_vdif,   1,    0.0000000000E+00,    2.4098534883E+02,    2.4098534883E+02,    0.0000000000E+00,    0.0000000000E+00,    0.0000000000E+00,    2.4098534883E+02
    168300,      0.676955,CP6_after_kinetics,   1,    0.0000000000E+00,    2.4098534883E+02,    2.4098534883E+02,    0.0000000000E+00,    0.0000000000E+00,    0.0000000000E+00,    2.4098534883E+02
    168300,      0.676955,CP7_after_upper_clamp,   1,    0.0000000000E+00,    2.4098534883E+02,    2.4098534883E+02,    0.0000000000E+00,    0.0000000000E+00,    0.0000000000E+00,    2.4098534883E+02
    168300,      0.676955,CP8_after_OBC,   1,    0.0000000000E+00,    2.4098534883E+02,    2.4098534883E+02,    0.0000000000E+00,    0.0000000000E+00,    0.0000000000E+00,    2.4098534883E+02
    168300,      0.676955,CP9_after_PTsource,   1,    0.0000000000E+00,    2.4098534883E+02,    2.4098534883E+02,    0.0000000000E+00,    0.0000000000E+00,    0.0000000000E+00,    2.4098534883E+02
    168300,      0.676955,CP10_after_neg_clamp,   1,    0.0000000000E+00,    2.4098534883E+02,    2.4098534883E+02,    0.0000000000E+00,    0.0000000000E+00,    0.0000000000E+00,    2.4098534883E+02
    168300,      0.676955,CP11_after_MPI,   1,    0.0000000000E+00,    2.4098534883E+02,    2.4098534883E+02,    0.0000000000E+00,    0.0000000000E+00,    0.0000000000E+00,    2.4098534883E+02
    168300,      0.676955,CP12_end,   1,    0.0000000000E+00,    2.4098534883E+02,    2.4098534883E+02,    0.0000000000E+00,    0.0000000000E+00,    0.0000000000E+00,    2.4098534883E+02
    168350,      0.676955,CP0_start,   1,    0.0000000000E+00,    2.4113789209E+02,    2.4113789209E+02,    0.0000000000E+00,    0.0000000000E+00,    0.0000000000E+00,    2.4113789209E+02
    168350,      0.676955,CP1_after_deposition,   1,    0.0000000000E+00,    2.4113789209E+02,    2.4113789209E+02,    0.0000000000E+00,    0.0000000000E+00,    0.0000000000E+00,    2.4113789209E+02
    168350,      0.676955,CP2_after_erosion,   1,    0.0000000000E+00,    2.4113789209E+02,    2.4113789209E+02,    0.0000000000E+00,    0.0000000000E+00,    0.0000000000E+00,    2.4113789209E+02
    168350,      0.676955,CP3_after_update_bottom,   1,    0.0000000000E+00,    2.4113789209E+02,    2.4113789209E+02,    0.0000000000E+00,    0.0000000000E+00,    0.0000000000E+00,    2.4113789209E+02
    168350,      0.676955,CP4_after_advection,   1,    0.0000000000E+00,    2.4114857347E+02,    2.4114857347E+02,    0.0000000000E+00,    0.0000000000E+00,    0.0000000000E+00,    2.4114857347E+02
    168350,      0.676955,CP5_after_vdif,   1,    0.0000000000E+00,    2.4114857347E+02,    2.4114857347E+02,    0.0000000000E+00,    0.0000000000E+00,    0.0000000000E+00,    2.4114857347E+02
    168350,      0.676955,CP6_after_kinetics,   1,    0.0000000000E+00,    2.4114857347E+02,    2.4114857347E+02,    0.0000000000E+00,    0.0000000000E+00,    0.0000000000E+00,    2.4114857347E+02
    168350,      0.676955,CP7_after_upper_clamp,   1,    0.0000000000E+00,    2.4114857347E+02,    2.4114857347E+02,    0.0000000000E+00,    0.0000000000E+00,    0.0000000000E+00,    2.4114857347E+02
    168350,      0.676955,CP8_after_OBC,   1,    0.0000000000E+00,    2.4114857347E+02,    2.4114857347E+02,    0.0000000000E+00,    0.0000000000E+00,    0.0000000000E+00,    2.4114857347E+02
    168350,      0.676955,CP9_after_PTsource,   1,    0.0000000000E+00,    2.4114857347E+02,    2.4114857347E+02,    0.0000000000E+00,    0.0000000000E+00,    0.0000000000E+00,    2.4114857347E+02
    168350,      0.676955,CP10_after_neg_clamp,   1,    0.0000000000E+00,    2.4114857347E+02,    2.4114857347E+02,    0.0000000000E+00,    0.0000000000E+00,    0.0000000000E+00,    2.4114857347E+02
    168350,      0.676955,CP11_after_MPI,   1,    0.0000000000E+00,    2.4114857347E+02,    2.4114857347E+02,    0.0000000000E+00,    0.0000000000E+00,    0.0000000000E+00,    2.4114857347E+02
    168350,      0.676955,CP12_end,   1,    0.0000000000E+00,    2.4114857347E+02,    2.4114857347E+02,    0.0000000000E+00,    0.0000000000E+00,    0.0000000000E+00,    2.4114857347E+02
    168400,      0.676955,CP0_start,   1,    0.0000000000E+00,    2.4130185309E+02,    2.4130185309E+02,    0.0000000000E+00,    0.0000000000E+00,    0.0000000000E+00,    2.4130185309E+02
    168400,      0.676955,CP1_after_deposition,   1,    0.0000000000E+00,    2.4130185309E+02,    2.4130185309E+02,    0.0000000000E+00,    0.0000000000E+00,    0.0000000000E+00,    2.4130185309E+02
    168400,      0.676955,CP2_after_erosion,   1,    0.0000000000E+00,    2.4130185309E+02,    2.4130185309E+02,    0.0000000000E+00,    0.0000000000E+00,    0.0000000000E+00,    2.4130185309E+02
    168400,      0.676955,CP3_after_update_bottom,   1,    0.0000000000E+00,    2.4130185309E+02,    2.4130185309E+02,    0.0000000000E+00,    0.0000000000E+00,    0.0000000000E+00,    2.4130185309E+02
    168400,      0.676955,CP4_after_advection,   1,    0.0000000000E+00,    2.4131251521E+02,    2.4131251521E+02,    0.0000000000E+00,    0.0000000000E+00,    0.0000000000E+00,    2.4131251521E+02
    168400,      0.676955,CP5_after_vdif,   1,    0.0000000000E+00,    2.4131251521E+02,    2.4131251521E+02,    0.0000000000E+00,    0.0000000000E+00,    0.0000000000E+00,    2.4131251521E+02
    168400,      0.676955,CP6_after_kinetics,   1,    0.0000000000E+00,    2.4131251521E+02,    2.4131251521E+02,    0.0000000000E+00,    0.0000000000E+00,    0.0000000000E+00,    2.4131251521E+02
    168400,      0.676955,CP7_after_upper_clamp,   1,    0.0000000000E+00,    2.4131251521E+02,    2.4131251521E+02,    0.0000000000E+00,    0.0000000000E+00,    0.0000000000E+00,    2.4131251521E+02
    168400,      0.676955,CP8_after_OBC,   1,    0.0000000000E+00,    2.4131251521E+02,    2.4131251521E+02,    0.0000000000E+00,    0.0000000000E+00,    0.0000000000E+00,    2.4131251521E+02
    168400,      0.676955,CP9_after_PTsource,   1,    0.0000000000E+00,    2.4131251521E+02,    2.4131251521E+02,    0.0000000000E+00,    0.0000000000E+00,    0.0000000000E+00,    2.4131251521E+02
    168400,      0.676955,CP10_after_neg_clamp,   1,    0.0000000000E+00,    2.4131251521E+02,    2.4131251521E+02,    0.0000000000E+00,    0.0000000000E+00,    0.0000000000E+00,    2.4131251521E+02
    168400,      0.676955,CP11_after_MPI,   1,    0.0000000000E+00,    2.4131251521E+02,    2.4131251521E+02,    0.0000000000E+00,    0.0000000000E+00,    0.0000000000E+00,    2.4131251521E+02
    168400,      0.676955,CP12_end,   1,    0.0000000000E+00,    2.4131251521E+02,    2.4131251521E+02,    0.0000000000E+00,    0.0000000000E+00,    0.0000000000E+00,    2.4131251521E+02
    168450,      0.676955,CP0_start,   1,    0.0000000000E+00,    2.4146672899E+02,    2.4146672899E+02,    0.0000000000E+00,    0.0000000000E+00,    0.0000000000E+00,    2.4146672899E+02
    168450,      0.676955,CP1_after_deposition,   1,    0.0000000000E+00,    2.4146672899E+02,    2.4146672899E+02,    0.0000000000E+00,    0.0000000000E+00,    0.0000000000E+00,    2.4146672899E+02
    168450,      0.676955,CP2_after_erosion,   1,    0.0000000000E+00,    2.4146672899E+02,    2.4146672899E+02,    0.0000000000E+00,    0.0000000000E+00,    0.0000000000E+00,    2.4146672899E+02
    168450,      0.676955,CP3_after_update_bottom,   1,    0.0000000000E+00,    2.4146672899E+02,    2.4146672899E+02,    0.0000000000E+00,    0.0000000000E+00,    0.0000000000E+00,    2.4146672899E+02
    168450,      0.676955,CP4_after_advection,   1,    0.0000000000E+00,    2.4147736173E+02,    2.4147736173E+02,    0.0000000000E+00,    0.0000000000E+00,    0.0000000000E+00,    2.4147736173E+02
    168450,      0.676955,CP5_after_vdif,   1,    0.0000000000E+00,    2.4147736173E+02,    2.4147736173E+02,    0.0000000000E+00,    0.0000000000E+00,    0.0000000000E+00,    2.4147736173E+02
    168450,      0.676955,CP6_after_kinetics,   1,    0.0000000000E+00,    2.4147736173E+02,    2.4147736173E+02,    0.0000000000E+00,    0.0000000000E+00,    0.0000000000E+00,    2.4147736173E+02
    168450,      0.676955,CP7_after_upper_clamp,   1,    0.0000000000E+00,    2.4147736173E+02,    2.4147736173E+02,    0.0000000000E+00,    0.0000000000E+00,    0.0000000000E+00,    2.4147736173E+02
    168450,      0.676955,CP8_after_OBC,   1,    0.0000000000E+00,    2.4147736173E+02,    2.4147736173E+02,    0.0000000000E+00,    0.0000000000E+00,    0.0000000000E+00,    2.4147736173E+02
    168450,      0.676955,CP9_after_PTsource,   1,    0.0000000000E+00,    2.4147736173E+02,    2.4147736173E+02,    0.0000000000E+00,    0.0000000000E+00,    0.0000000000E+00,    2.4147736173E+02
    168450,      0.676955,CP10_after_neg_clamp,   1,    0.0000000000E+00,    2.4147736173E+02,    2.4147736173E+02,    0.0000000000E+00,    0.0000000000E+00,    0.0000000000E+00,    2.4147736173E+02
    168450,      0.676955,CP11_after_MPI,   1,    0.0000000000E+00,    2.4147736173E+02,    2.4147736173E+02,    0.0000000000E+00,    0.0000000000E+00,    0.0000000000E+00,    2.4147736173E+02
    168450,      0.676955,CP12_end,   1,    0.0000000000E+00,    2.4147736173E+02,    2.4147736173E+02,    0.0000000000E+00,    0.0000000000E+00,    0.0000000000E+00,    2.4147736173E+02
    168500,      0.676955,CP0_start,   1,    0.0000000000E+00,    2.4163217676E+02,    2.4163217676E+02,    0.0000000000E+00,    0.0000000000E+00,    0.0000000000E+00,    2.4163217676E+02
    168500,      0.676955,CP1_after_deposition,   1,    0.0000000000E+00,    2.4163217676E+02,    2.4163217676E+02,    0.0000000000E+00,    0.0000000000E+00,    0.0000000000E+00,    2.4163217676E+02
    168500,      0.676955,CP2_after_erosion,   1,    0.0000000000E+00,    2.4163217676E+02,    2.4163217676E+02,    0.0000000000E+00,    0.0000000000E+00,    0.0000000000E+00,    2.4163217676E+02
    168500,      0.676955,CP3_after_update_bottom,   1,    0.0000000000E+00,    2.4163217676E+02,    2.4163217676E+02,    0.0000000000E+00,    0.0000000000E+00,    0.0000000000E+00,    2.4163217676E+02
    168500,      0.676955,CP4_after_advection,   1,    0.0000000000E+00,    2.4164280307E+02,    2.4164280307E+02,    0.0000000000E+00,    0.0000000000E+00,    0.0000000000E+00,    2.4164280307E+02
    168500,      0.676955,CP5_after_vdif,   1,    0.0000000000E+00,    2.4164280307E+02,    2.4164280307E+02,    0.0000000000E+00,    0.0000000000E+00,    0.0000000000E+00,    2.4164280307E+02
    168500,      0.676955,CP6_after_kinetics,   1,    0.0000000000E+00,    2.4164280307E+02,    2.4164280307E+02,    0.0000000000E+00,    0.0000000000E+00,    0.0000000000E+00,    2.4164280307E+02
    168500,      0.676955,CP7_after_upper_clamp,   1,    0.0000000000E+00,    2.4164280307E+02,    2.4164280307E+02,    0.0000000000E+00,    0.0000000000E+00,    0.0000000000E+00,    2.4164280307E+02
    168500,      0.676955,CP8_after_OBC,   1,    0.0000000000E+00,    2.4164280307E+02,    2.4164280307E+02,    0.0000000000E+00,    0.0000000000E+00,    0.0000000000E+00,    2.4164280307E+02
    168500,      0.676955,CP9_after_PTsource,   1,    0.0000000000E+00,    2.4164280307E+02,    2.4164280307E+02,    0.0000000000E+00,    0.0000000000E+00,    0.0000000000E+00,    2.4164280307E+02
    168500,      0.676955,CP10_after_neg_clamp,   1,    0.0000000000E+00,    2.4164280307E+02,    2.4164280307E+02,    0.0000000000E+00,    0.0000000000E+00,    0.0000000000E+00,    2.4164280307E+02
    168500,      0.676955,CP11_after_MPI,   1,    0.0000000000E+00,    2.4164280307E+02,    2.4164280307E+02,    0.0000000000E+00,    0.0000000000E+00,    0.0000000000E+00,    2.4164280307E+02
    168500,      0.676955,CP12_end,   1,    0.0000000000E+00,    2.4164280307E+02,    2.4164280307E+02,    0.0000000000E+00,    0.0000000000E+00,    0.0000000000E+00,    2.4164280307E+02
    168550,      0.676955,CP0_start,   1,    0.0000000000E+00,    2.4179835049E+02,    2.4179835049E+02,    0.0000000000E+00,    0.0000000000E+00,    0.0000000000E+00,    2.4179835049E+02
    168550,      0.676955,CP1_after_deposition,   1,    0.0000000000E+00,    2.4179835049E+02,    2.4179835049E+02,    0.0000000000E+00,    0.0000000000E+00,    0.0000000000E+00,    2.4179835049E+02
    168550,      0.676955,CP2_after_erosion,   1,    0.0000000000E+00,    2.4179835049E+02,    2.4179835049E+02,    0.0000000000E+00,    0.0000000000E+00,    0.0000000000E+00,    2.4179835049E+02
    168550,      0.676955,CP3_after_update_bottom,   1,    0.0000000000E+00,    2.4179835049E+02,    2.4179835049E+02,    0.0000000000E+00,    0.0000000000E+00,    0.0000000000E+00,    2.4179835049E+02
    168550,      0.676955,CP4_after_advection,   1,    0.0000000000E+00,    2.4180896173E+02,    2.4180896173E+02,    0.0000000000E+00,    0.0000000000E+00,    0.0000000000E+00,    2.4180896173E+02
    168550,      0.676955,CP5_after_vdif,   1,    0.0000000000E+00,    2.4180896173E+02,    2.4180896173E+02,    0.0000000000E+00,    0.0000000000E+00,    0.0000000000E+00,    2.4180896173E+02
    168550,      0.676955,CP6_after_kinetics,   1,    0.0000000000E+00,    2.4180896173E+02,    2.4180896173E+02,    0.0000000000E+00,    0.0000000000E+00,    0.0000000000E+00,    2.4180896173E+02
    168550,      0.676955,CP7_after_upper_clamp,   1,    0.0000000000E+00,    2.4180896173E+02,    2.4180896173E+02,    0.0000000000E+00,    0.0000000000E+00,    0.0000000000E+00,    2.4180896173E+02
    168550,      0.676955,CP8_after_OBC,   1,    0.0000000000E+00,    2.4180896173E+02,    2.4180896173E+02,    0.0000000000E+00,    0.0000000000E+00,    0.0000000000E+00,    2.4180896173E+02
    168550,      0.676955,CP9_after_PTsource,   1,    0.0000000000E+00,    2.4180896173E+02,    2.4180896173E+02,    0.0000000000E+00,    0.0000000000E+00,    0.0000000000E+00,    2.4180896173E+02
    168550,      0.676955,CP10_after_neg_clamp,   1,    0.0000000000E+00,    2.4180896173E+02,    2.4180896173E+02,    0.0000000000E+00,    0.0000000000E+00,    0.0000000000E+00,    2.4180896173E+02
    168550,      0.676955,CP11_after_MPI,   1,    0.0000000000E+00,    2.4180896173E+02,    2.4180896173E+02,    0.0000000000E+00,    0.0000000000E+00,    0.0000000000E+00,    2.4180896173E+02
    168550,      0.676955,CP12_end,   1,    0.0000000000E+00,    2.4180896173E+02,    2.4180896173E+02,    0.0000000000E+00,    0.0000000000E+00,    0.0000000000E+00,    2.4180896173E+02
    168600,      0.676955,CP0_start,   1,    0.0000000000E+00,    2.4196597983E+02,    2.4196597983E+02,    0.0000000000E+00,    0.0000000000E+00,    0.0000000000E+00,    2.4196597983E+02
    168600,      0.676955,CP1_after_deposition,   1,    0.0000000000E+00,    2.4196597983E+02,    2.4196597983E+02,    0.0000000000E+00,    0.0000000000E+00,    0.0000000000E+00,    2.4196597983E+02
    168600,      0.676955,CP2_after_erosion,   1,    0.0000000000E+00,    2.4196597983E+02,    2.4196597983E+02,    0.0000000000E+00,    0.0000000000E+00,    0.0000000000E+00,    2.4196597983E+02
    168600,      0.676955,CP3_after_update_bottom,   1,    0.0000000000E+00,    2.4196597983E+02,    2.4196597983E+02,    0.0000000000E+00,    0.0000000000E+00,    0.0000000000E+00,    2.4196597983E+02
    168600,      0.676955,CP4_after_advection,   1,    0.0000000000E+00,    2.4197657152E+02,    2.4197657152E+02,    0.0000000000E+00,    0.0000000000E+00,    0.0000000000E+00,    2.4197657152E+02
    168600,      0.676955,CP5_after_vdif,   1,    0.0000000000E+00,    2.4197657152E+02,    2.4197657152E+02,    0.0000000000E+00,    0.0000000000E+00,    0.0000000000E+00,    2.4197657152E+02
    168600,      0.676955,CP6_after_kinetics,   1,    0.0000000000E+00,    2.4197657152E+02,    2.4197657152E+02,    0.0000000000E+00,    0.0000000000E+00,    0.0000000000E+00,    2.4197657152E+02
    168600,      0.676955,CP7_after_upper_clamp,   1,    0.0000000000E+00,    2.4197657152E+02,    2.4197657152E+02,    0.0000000000E+00,    0.0000000000E+00,    0.0000000000E+00,    2.4197657152E+02
    168600,      0.676955,CP8_after_OBC,   1,    0.0000000000E+00,    2.4197657152E+02,    2.4197657152E+02,    0.0000000000E+00,    0.0000000000E+00,    0.0000000000E+00,    2.4197657152E+02
    168600,      0.676955,CP9_after_PTsource,   1,    0.0000000000E+00,    2.4197657152E+02,    2.4197657152E+02,    0.0000000000E+00,    0.0000000000E+00,    0.0000000000E+00,    2.4197657152E+02
    168600,      0.676955,CP10_after_neg_clamp,   1,    0.0000000000E+00,    2.4197657152E+02,    2.4197657152E+02,    0.0000000000E+00,    0.0000000000E+00,    0.0000000000E+00,    2.4197657152E+02
    168600,      0.676955,CP11_after_MPI,   1,    0.0000000000E+00,    2.4197657152E+02,    2.4197657152E+02,    0.0000000000E+00,    0.0000000000E+00,    0.0000000000E+00,    2.4197657152E+02
    168600,      0.676955,CP12_end,   1,    0.0000000000E+00,    2.4197657152E+02,    2.4197657152E+02,    0.0000000000E+00,    0.0000000000E+00,    0.0000000000E+00,    2.4197657152E+02
    168650,      0.676955,CP0_start,   1,    0.0000000000E+00,    2.4213484564E+02,    2.4213484564E+02,    0.0000000000E+00,    0.0000000000E+00,    0.0000000000E+00,    2.4213484564E+02
    168650,      0.676955,CP1_after_deposition,   1,    0.0000000000E+00,    2.4213484564E+02,    2.4213484564E+02,    0.0000000000E+00,    0.0000000000E+00,    0.0000000000E+00,    2.4213484564E+02
    168650,      0.676955,CP2_after_erosion,   1,    0.0000000000E+00,    2.4213484564E+02,    2.4213484564E+02,    0.0000000000E+00,    0.0000000000E+00,    0.0000000000E+00,    2.4213484564E+02
    168650,      0.676955,CP3_after_update_bottom,   1,    0.0000000000E+00,    2.4213484564E+02,    2.4213484564E+02,    0.0000000000E+00,    0.0000000000E+00,    0.0000000000E+00,    2.4213484564E+02
    168650,      0.676955,CP4_after_advection,   1,    0.0000000000E+00,    2.4214541886E+02,    2.4214541886E+02,    0.0000000000E+00,    0.0000000000E+00,    0.0000000000E+00,    2.4214541886E+02
    168650,      0.676955,CP5_after_vdif,   1,    0.0000000000E+00,    2.4214541886E+02,    2.4214541886E+02,    0.0000000000E+00,    0.0000000000E+00,    0.0000000000E+00,    2.4214541886E+02
    168650,      0.676955,CP6_after_kinetics,   1,    0.0000000000E+00,    2.4214541886E+02,    2.4214541886E+02,    0.0000000000E+00,    0.0000000000E+00,    0.0000000000E+00,    2.4214541886E+02
    168650,      0.676955,CP7_after_upper_clamp,   1,    0.0000000000E+00,    2.4214541886E+02,    2.4214541886E+02,    0.0000000000E+00,    0.0000000000E+00,    0.0000000000E+00,    2.4214541886E+02
    168650,      0.676955,CP8_after_OBC,   1,    0.0000000000E+00,    2.4214541886E+02,    2.4214541886E+02,    0.0000000000E+00,    0.0000000000E+00,    0.0000000000E+00,    2.4214541886E+02
    168650,      0.676955,CP9_after_PTsource,   1,    0.0000000000E+00,    2.4214541886E+02,    2.4214541886E+02,    0.0000000000E+00,    0.0000000000E+00,    0.0000000000E+00,    2.4214541886E+02
    168650,      0.676955,CP10_after_neg_clamp,   1,    0.0000000000E+00,    2.4214541886E+02,    2.4214541886E+02,    0.0000000000E+00,    0.0000000000E+00,    0.0000000000E+00,    2.4214541886E+02
    168650,      0.676955,CP11_after_MPI,   1,    0.0000000000E+00,    2.4214541886E+02,    2.4214541886E+02,    0.0000000000E+00,    0.0000000000E+00,    0.0000000000E+00,    2.4214541886E+02
    168650,      0.676955,CP12_end,   1,    0.0000000000E+00,    2.4214541886E+02,    2.4214541886E+02,    0.0000000000E+00,    0.0000000000E+00,    0.0000000000E+00,    2.4214541886E+02
    168700,      0.676955,CP0_start,   1,    0.0000000000E+00,    2.4230495016E+02,    2.4230495016E+02,    0.0000000000E+00,    0.0000000000E+00,    0.0000000000E+00,    2.4230495016E+02
    168700,      0.676955,CP1_after_deposition,   1,    0.0000000000E+00,    2.4230495016E+02,    2.4230495016E+02,    0.0000000000E+00,    0.0000000000E+00,    0.0000000000E+00,    2.4230495016E+02
    168700,      0.676955,CP2_after_erosion,   1,    0.0000000000E+00,    2.4230495016E+02,    2.4230495016E+02,    0.0000000000E+00,    0.0000000000E+00,    0.0000000000E+00,    2.4230495016E+02
    168700,      0.676955,CP3_after_update_bottom,   1,    0.0000000000E+00,    2.4230495016E+02,    2.4230495016E+02,    0.0000000000E+00,    0.0000000000E+00,    0.0000000000E+00,    2.4230495016E+02
    168700,      0.676955,CP4_after_advection,   1,    0.0000000000E+00,    2.4231554569E+02,    2.4231554569E+02,    0.0000000000E+00,    0.0000000000E+00,    0.0000000000E+00,    2.4231554569E+02
    168700,      0.676955,CP5_after_vdif,   1,    0.0000000000E+00,    2.4231554569E+02,    2.4231554569E+02,    0.0000000000E+00,    0.0000000000E+00,    0.0000000000E+00,    2.4231554569E+02
    168700,      0.676955,CP6_after_kinetics,   1,    0.0000000000E+00,    2.4231554569E+02,    2.4231554569E+02,    0.0000000000E+00,    0.0000000000E+00,    0.0000000000E+00,    2.4231554569E+02
    168700,      0.676955,CP7_after_upper_clamp,   1,    0.0000000000E+00,    2.4231554569E+02,    2.4231554569E+02,    0.0000000000E+00,    0.0000000000E+00,    0.0000000000E+00,    2.4231554569E+02
    168700,      0.676955,CP8_after_OBC,   1,    0.0000000000E+00,    2.4231554569E+02,    2.4231554569E+02,    0.0000000000E+00,    0.0000000000E+00,    0.0000000000E+00,    2.4231554569E+02
    168700,      0.676955,CP9_after_PTsource,   1,    0.0000000000E+00,    2.4231554569E+02,    2.4231554569E+02,    0.0000000000E+00,    0.0000000000E+00,    0.0000000000E+00,    2.4231554569E+02
    168700,      0.676955,CP10_after_neg_clamp,   1,    0.0000000000E+00,    2.4231554569E+02,    2.4231554569E+02,    0.0000000000E+00,    0.0000000000E+00,    0.0000000000E+00,    2.4231554569E+02
    168700,      0.676955,CP11_after_MPI,   1,    0.0000000000E+00,    2.4231554569E+02,    2.4231554569E+02,    0.0000000000E+00,    0.0000000000E+00,    0.0000000000E+00,    2.4231554569E+02
    168700,      0.676955,CP12_end,   1,    0.0000000000E+00,    2.4231554569E+02,    2.4231554569E+02,    0.0000000000E+00,    0.0000000000E+00,    0.0000000000E+00,    2.4231554569E+02
    168750,      0.676955,CP0_start,   1,    0.0000000000E+00,    2.4247646596E+02,    2.4247646596E+02,    0.0000000000E+00,    0.0000000000E+00,    0.0000000000E+00,    2.4247646596E+02
    168750,      0.676955,CP1_after_deposition,   1,    0.0000000000E+00,    2.4247646596E+02,    2.4247646596E+02,    0.0000000000E+00,    0.0000000000E+00,    0.0000000000E+00,    2.4247646596E+02
    168750,      0.676955,CP2_after_erosion,   1,    0.0000000000E+00,    2.4247646596E+02,    2.4247646596E+02,    0.0000000000E+00,    0.0000000000E+00,    0.0000000000E+00,    2.4247646596E+02
    168750,      0.676955,CP3_after_update_bottom,   1,    0.0000000000E+00,    2.4247646596E+02,    2.4247646596E+02,    0.0000000000E+00,    0.0000000000E+00,    0.0000000000E+00,    2.4247646596E+02
    168750,      0.676955,CP4_after_advection,   1,    0.0000000000E+00,    2.4248704790E+02,    2.4248704790E+02,    0.0000000000E+00,    0.0000000000E+00,    0.0000000000E+00,    2.4248704790E+02
    168750,      0.676955,CP5_after_vdif,   1,    0.0000000000E+00,    2.4248704790E+02,    2.4248704790E+02,    0.0000000000E+00,    0.0000000000E+00,    0.0000000000E+00,    2.4248704790E+02
    168750,      0.676955,CP6_after_kinetics,   1,    0.0000000000E+00,    2.4248704790E+02,    2.4248704790E+02,    0.0000000000E+00,    0.0000000000E+00,    0.0000000000E+00,    2.4248704790E+02
    168750,      0.676955,CP7_after_upper_clamp,   1,    0.0000000000E+00,    2.4248704790E+02,    2.4248704790E+02,    0.0000000000E+00,    0.0000000000E+00,    0.0000000000E+00,    2.4248704790E+02
    168750,      0.676955,CP8_after_OBC,   1,    0.0000000000E+00,    2.4248704790E+02,    2.4248704790E+02,    0.0000000000E+00,    0.0000000000E+00,    0.0000000000E+00,    2.4248704790E+02
    168750,      0.676955,CP9_after_PTsource,   1,    0.0000000000E+00,    2.4248704790E+02,    2.4248704790E+02,    0.0000000000E+00,    0.0000000000E+00,    0.0000000000E+00,    2.4248704790E+02
    168750,      0.676955,CP10_after_neg_clamp,   1,    0.0000000000E+00,    2.4248704790E+02,    2.4248704790E+02,    0.0000000000E+00,    0.0000000000E+00,    0.0000000000E+00,    2.4248704790E+02
    168750,      0.676955,CP11_after_MPI,   1,    0.0000000000E+00,    2.4248704790E+02,    2.4248704790E+02,    0.0000000000E+00,    0.0000000000E+00,    0.0000000000E+00,    2.4248704790E+02
    168750,      0.676955,CP12_end,   1,    0.0000000000E+00,    2.4248704790E+02,    2.4248704790E+02,    0.0000000000E+00,    0.0000000000E+00,    0.0000000000E+00,    2.4248704790E+02
    168800,      0.676955,CP0_start,   1,    0.0000000000E+00,    2.4264884061E+02,    2.4264884061E+02,    0.0000000000E+00,    0.0000000000E+00,    0.0000000000E+00,    2.4264884061E+02
    168800,      0.676955,CP1_after_deposition,   1,    0.0000000000E+00,    2.4264884061E+02,    2.4264884061E+02,    0.0000000000E+00,    0.0000000000E+00,    0.0000000000E+00,    2.4264884061E+02
    168800,      0.676955,CP2_after_erosion,   1,    0.0000000000E+00,    2.4264884061E+02,    2.4264884061E+02,    0.0000000000E+00,    0.0000000000E+00,    0.0000000000E+00,    2.4264884061E+02
    168800,      0.676955,CP3_after_update_bottom,   1,    0.0000000000E+00,    2.4264884061E+02,    2.4264884061E+02,    0.0000000000E+00,    0.0000000000E+00,    0.0000000000E+00,    2.4264884061E+02
    168800,      0.676955,CP4_after_advection,   1,    0.0000000000E+00,    2.4265938261E+02,    2.4265938261E+02,    0.0000000000E+00,    0.0000000000E+00,    0.0000000000E+00,    2.4265938261E+02
    168800,      0.676955,CP5_after_vdif,   1,    0.0000000000E+00,    2.4265938261E+02,    2.4265938261E+02,    0.0000000000E+00,    0.0000000000E+00,    0.0000000000E+00,    2.4265938261E+02
    168800,      0.676955,CP6_after_kinetics,   1,    0.0000000000E+00,    2.4265938261E+02,    2.4265938261E+02,    0.0000000000E+00,    0.0000000000E+00,    0.0000000000E+00,    2.4265938261E+02
    168800,      0.676955,CP7_after_upper_clamp,   1,    0.0000000000E+00,    2.4265938261E+02,    2.4265938261E+02,    0.0000000000E+00,    0.0000000000E+00,    0.0000000000E+00,    2.4265938261E+02
    168800,      0.676955,CP8_after_OBC,   1,    0.0000000000E+00,    2.4265938261E+02,    2.4265938261E+02,    0.0000000000E+00,    0.0000000000E+00,    0.0000000000E+00,    2.4265938261E+02
    168800,      0.676955,CP9_after_PTsource,   1,    0.0000000000E+00,    2.4265938261E+02,    2.4265938261E+02,    0.0000000000E+00,    0.0000000000E+00,    0.0000000000E+00,    2.4265938261E+02
    168800,      0.676955,CP10_after_neg_clamp,   1,    0.0000000000E+00,    2.4265938261E+02,    2.4265938261E+02,    0.0000000000E+00,    0.0000000000E+00,    0.0000000000E+00,    2.4265938261E+02
    168800,      0.676955,CP11_after_MPI,   1,    0.0000000000E+00,    2.4265938261E+02,    2.4265938261E+02,    0.0000000000E+00,    0.0000000000E+00,    0.0000000000E+00,    2.4265938261E+02
    168800,      0.676955,CP12_end,   1,    0.0000000000E+00,    2.4265938261E+02,    2.4265938261E+02,    0.0000000000E+00,    0.0000000000E+00,    0.0000000000E+00,    2.4265938261E+02
    168850,      0.676955,CP0_start,   1,    0.0000000000E+00,    2.4282182048E+02,    2.4282182048E+02,    0.0000000000E+00,    0.0000000000E+00,    0.0000000000E+00,    2.4282182048E+02
    168850,      0.676955,CP1_after_deposition,   1,    0.0000000000E+00,    2.4282182048E+02,    2.4282182048E+02,    0.0000000000E+00,    0.0000000000E+00,    0.0000000000E+00,    2.4282182048E+02
    168850,      0.676955,CP2_after_erosion,   1,    0.0000000000E+00,    2.4282182048E+02,    2.4282182048E+02,    0.0000000000E+00,    0.0000000000E+00,    0.0000000000E+00,    2.4282182048E+02
    168850,      0.676955,CP3_after_update_bottom,   1,    0.0000000000E+00,    2.4282182048E+02,    2.4282182048E+02,    0.0000000000E+00,    0.0000000000E+00,    0.0000000000E+00,    2.4282182048E+02
    168850,      0.676955,CP4_after_advection,   1,    0.0000000000E+00,    2.4283234839E+02,    2.4283234839E+02,    0.0000000000E+00,    0.0000000000E+00,    0.0000000000E+00,    2.4283234839E+02
    168850,      0.676955,CP5_after_vdif,   1,    0.0000000000E+00,    2.4283234839E+02,    2.4283234839E+02,    0.0000000000E+00,    0.0000000000E+00,    0.0000000000E+00,    2.4283234839E+02
    168850,      0.676955,CP6_after_kinetics,   1,    0.0000000000E+00,    2.4283234839E+02,    2.4283234839E+02,    0.0000000000E+00,    0.0000000000E+00,    0.0000000000E+00,    2.4283234839E+02
    168850,      0.676955,CP7_after_upper_clamp,   1,    0.0000000000E+00,    2.4283234839E+02,    2.4283234839E+02,    0.0000000000E+00,    0.0000000000E+00,    0.0000000000E+00,    2.4283234839E+02
    168850,      0.676955,CP8_after_OBC,   1,    0.0000000000E+00,    2.4283234839E+02,    2.4283234839E+02,    0.0000000000E+00,    0.0000000000E+00,    0.0000000000E+00,    2.4283234839E+02
    168850,      0.676955,CP9_after_PTsource,   1,    0.0000000000E+00,    2.4283234839E+02,    2.4283234839E+02,    0.0000000000E+00,    0.0000000000E+00,    0.0000000000E+00,    2.4283234839E+02
    168850,      0.676955,CP10_after_neg_clamp,   1,    0.0000000000E+00,    2.4283234839E+02,    2.4283234839E+02,    0.0000000000E+00,    0.0000000000E+00,    0.0000000000E+00,    2.4283234839E+02
    168850,      0.676955,CP11_after_MPI,   1,    0.0000000000E+00,    2.4283234839E+02,    2.4283234839E+02,    0.0000000000E+00,    0.0000000000E+00,    0.0000000000E+00,    2.4283234839E+02
    168850,      0.676955,CP12_end,   1,    0.0000000000E+00,    2.4283234839E+02,    2.4283234839E+02,    0.0000000000E+00,    0.0000000000E+00,    0.0000000000E+00,    2.4283234839E+02
    168900,      0.676955,CP0_start,   1,    0.0000000000E+00,    2.4299519559E+02,    2.4299519559E+02,    0.0000000000E+00,    0.0000000000E+00,    0.0000000000E+00,    2.4299519559E+02
    168900,      0.676955,CP1_after_deposition,   1,    0.0000000000E+00,    2.4299519559E+02,    2.4299519559E+02,    0.0000000000E+00,    0.0000000000E+00,    0.0000000000E+00,    2.4299519559E+02
    168900,      0.676955,CP2_after_erosion,   1,    0.0000000000E+00,    2.4299519559E+02,    2.4299519559E+02,    0.0000000000E+00,    0.0000000000E+00,    0.0000000000E+00,    2.4299519559E+02
    168900,      0.676955,CP3_after_update_bottom,   1,    0.0000000000E+00,    2.4299519559E+02,    2.4299519559E+02,    0.0000000000E+00,    0.0000000000E+00,    0.0000000000E+00,    2.4299519559E+02
    168900,      0.676955,CP4_after_advection,   1,    0.0000000000E+00,    2.4300568513E+02,    2.4300568513E+02,    0.0000000000E+00,    0.0000000000E+00,    0.0000000000E+00,    2.4300568513E+02
    168900,      0.676955,CP5_after_vdif,   1,    0.0000000000E+00,    2.4300568513E+02,    2.4300568513E+02,    0.0000000000E+00,    0.0000000000E+00,    0.0000000000E+00,    2.4300568513E+02
    168900,      0.676955,CP6_after_kinetics,   1,    0.0000000000E+00,    2.4300568513E+02,    2.4300568513E+02,    0.0000000000E+00,    0.0000000000E+00,    0.0000000000E+00,    2.4300568513E+02
    168900,      0.676955,CP7_after_upper_clamp,   1,    0.0000000000E+00,    2.4300568513E+02,    2.4300568513E+02,    0.0000000000E+00,    0.0000000000E+00,    0.0000000000E+00,    2.4300568513E+02
    168900,      0.676955,CP8_after_OBC,   1,    0.0000000000E+00,    2.4300568513E+02,    2.4300568513E+02,    0.0000000000E+00,    0.0000000000E+00,    0.0000000000E+00,    2.4300568513E+02
    168900,      0.676955,CP9_after_PTsource,   1,    0.0000000000E+00,    2.4300568513E+02,    2.4300568513E+02,    0.0000000000E+00,    0.0000000000E+00,    0.0000000000E+00,    2.4300568513E+02
    168900,      0.676955,CP10_after_neg_clamp,   1,    0.0000000000E+00,    2.4300568513E+02,    2.4300568513E+02,    0.0000000000E+00,    0.0000000000E+00,    0.0000000000E+00,    2.4300568513E+02
    168900,      0.676955,CP11_after_MPI,   1,    0.0000000000E+00,    2.4300568513E+02,    2.4300568513E+02,    0.0000000000E+00,    0.0000000000E+00,    0.0000000000E+00,    2.4300568513E+02
    168900,      0.676955,CP12_end,   1,    0.0000000000E+00,    2.4300568513E+02,    2.4300568513E+02,    0.0000000000E+00,    0.0000000000E+00,    0.0000000000E+00,    2.4300568513E+02
    168950,      0.676955,CP0_start,   1,    0.0000000000E+00,    2.4316888091E+02,    2.4316888091E+02,    0.0000000000E+00,    0.0000000000E+00,    0.0000000000E+00,    2.4316888091E+02
    168950,      0.676955,CP1_after_deposition,   1,    0.0000000000E+00,    2.4316888091E+02,    2.4316888091E+02,    0.0000000000E+00,    0.0000000000E+00,    0.0000000000E+00,    2.4316888091E+02
    168950,      0.676955,CP2_after_erosion,   1,    0.0000000000E+00,    2.4316888091E+02,    2.4316888091E+02,    0.0000000000E+00,    0.0000000000E+00,    0.0000000000E+00,    2.4316888091E+02
    168950,      0.676955,CP3_after_update_bottom,   1,    0.0000000000E+00,    2.4316888091E+02,    2.4316888091E+02,    0.0000000000E+00,    0.0000000000E+00,    0.0000000000E+00,    2.4316888091E+02
    168950,      0.676955,CP4_after_advection,   1,    0.0000000000E+00,    2.4317935474E+02,    2.4317935474E+02,    0.0000000000E+00,    0.0000000000E+00,    0.0000000000E+00,    2.4317935474E+02
    168950,      0.676955,CP5_after_vdif,   1,    0.0000000000E+00,    2.4317935474E+02,    2.4317935474E+02,    0.0000000000E+00,    0.0000000000E+00,    0.0000000000E+00,    2.4317935474E+02
    168950,      0.676955,CP6_after_kinetics,   1,    0.0000000000E+00,    2.4317935474E+02,    2.4317935474E+02,    0.0000000000E+00,    0.0000000000E+00,    0.0000000000E+00,    2.4317935474E+02
    168950,      0.676955,CP7_after_upper_clamp,   1,    0.0000000000E+00,    2.4317935474E+02,    2.4317935474E+02,    0.0000000000E+00,    0.0000000000E+00,    0.0000000000E+00,    2.4317935474E+02
    168950,      0.676955,CP8_after_OBC,   1,    0.0000000000E+00,    2.4317935474E+02,    2.4317935474E+02,    0.0000000000E+00,    0.0000000000E+00,    0.0000000000E+00,    2.4317935474E+02
    168950,      0.676955,CP9_after_PTsource,   1,    0.0000000000E+00,    2.4317935474E+02,    2.4317935474E+02,    0.0000000000E+00,    0.0000000000E+00,    0.0000000000E+00,    2.4317935474E+02
    168950,      0.676955,CP10_after_neg_clamp,   1,    0.0000000000E+00,    2.4317935474E+02,    2.4317935474E+02,    0.0000000000E+00,    0.0000000000E+00,    0.0000000000E+00,    2.4317935474E+02
    168950,      0.676955,CP11_after_MPI,   1,    0.0000000000E+00,    2.4317935474E+02,    2.4317935474E+02,    0.0000000000E+00,    0.0000000000E+00,    0.0000000000E+00,    2.4317935474E+02
    168950,      0.676955,CP12_end,   1,    0.0000000000E+00,    2.4317935474E+02,    2.4317935474E+02,    0.0000000000E+00,    0.0000000000E+00,    0.0000000000E+00,    2.4317935474E+02
    169000,      0.676955,CP0_start,   1,    0.0000000000E+00,    2.4334247611E+02,    2.4334247611E+02,    0.0000000000E+00,    0.0000000000E+00,    0.0000000000E+00,    2.4334247611E+02
    169000,      0.676955,CP1_after_deposition,   1,    0.0000000000E+00,    2.4334247611E+02,    2.4334247611E+02,    0.0000000000E+00,    0.0000000000E+00,    0.0000000000E+00,    2.4334247611E+02
    169000,      0.676955,CP2_after_erosion,   1,    0.0000000000E+00,    2.4334247611E+02,    2.4334247611E+02,    0.0000000000E+00,    0.0000000000E+00,    0.0000000000E+00,    2.4334247611E+02
    169000,      0.676955,CP3_after_update_bottom,   1,    0.0000000000E+00,    2.4334247611E+02,    2.4334247611E+02,    0.0000000000E+00,    0.0000000000E+00,    0.0000000000E+00,    2.4334247611E+02
    169000,      0.676955,CP4_after_advection,   1,    0.0000000000E+00,    2.4335288304E+02,    2.4335288304E+02,    0.0000000000E+00,    0.0000000000E+00,    0.0000000000E+00,    2.4335288304E+02
    169000,      0.676955,CP5_after_vdif,   1,    0.0000000000E+00,    2.4335288304E+02,    2.4335288304E+02,    0.0000000000E+00,    0.0000000000E+00,    0.0000000000E+00,    2.4335288304E+02
    169000,      0.676955,CP6_after_kinetics,   1,    0.0000000000E+00,    2.4335288304E+02,    2.4335288304E+02,    0.0000000000E+00,    0.0000000000E+00,    0.0000000000E+00,    2.4335288304E+02
    169000,      0.676955,CP7_after_upper_clamp,   1,    0.0000000000E+00,    2.4335288304E+02,    2.4335288304E+02,    0.0000000000E+00,    0.0000000000E+00,    0.0000000000E+00,    2.4335288304E+02
    169000,      0.676955,CP8_after_OBC,   1,    0.0000000000E+00,    2.4335288304E+02,    2.4335288304E+02,    0.0000000000E+00,    0.0000000000E+00,    0.0000000000E+00,    2.4335288304E+02
    169000,      0.676955,CP9_after_PTsource,   1,    0.0000000000E+00,    2.4335288304E+02,    2.4335288304E+02,    0.0000000000E+00,    0.0000000000E+00,    0.0000000000E+00,    2.4335288304E+02
    169000,      0.676955,CP10_after_neg_clamp,   1,    0.0000000000E+00,    2.4335288304E+02,    2.4335288304E+02,    0.0000000000E+00,    0.0000000000E+00,    0.0000000000E+00,    2.4335288304E+02
    169000,      0.676955,CP11_after_MPI,   1,    0.0000000000E+00,    2.4335288304E+02,    2.4335288304E+02,    0.0000000000E+00,    0.0000000000E+00,    0.0000000000E+00,    2.4335288304E+02
    169000,      0.676955,CP12_end,   1,    0.0000000000E+00,    2.4335288304E+02,    2.4335288304E+02,    0.0000000000E+00,    0.0000000000E+00,    0.0000000000E+00,    2.4335288304E+02
    169050,      0.676955,CP0_start,   1,    0.0000000000E+00,    2.4351587842E+02,    2.4351587842E+02,    0.0000000000E+00,    0.0000000000E+00,    0.0000000000E+00,    2.4351587842E+02
    169050,      0.676955,CP1_after_deposition,   1,    0.0000000000E+00,    2.4351587842E+02,    2.4351587842E+02,    0.0000000000E+00,    0.0000000000E+00,    0.0000000000E+00,    2.4351587842E+02
    169050,      0.676955,CP2_after_erosion,   1,    0.0000000000E+00,    2.4351587842E+02,    2.4351587842E+02,    0.0000000000E+00,    0.0000000000E+00,    0.0000000000E+00,    2.4351587842E+02
    169050,      0.676955,CP3_after_update_bottom,   1,    0.0000000000E+00,    2.4351587842E+02,    2.4351587842E+02,    0.0000000000E+00,    0.0000000000E+00,    0.0000000000E+00,    2.4351587842E+02
    169050,      0.676955,CP4_after_advection,   1,    0.0000000000E+00,    2.4352625484E+02,    2.4352625484E+02,    0.0000000000E+00,    0.0000000000E+00,    0.0000000000E+00,    2.4352625484E+02
    169050,      0.676955,CP5_after_vdif,   1,    0.0000000000E+00,    2.4352625484E+02,    2.4352625484E+02,    0.0000000000E+00,    0.0000000000E+00,    0.0000000000E+00,    2.4352625484E+02
    169050,      0.676955,CP6_after_kinetics,   1,    0.0000000000E+00,    2.4352625484E+02,    2.4352625484E+02,    0.0000000000E+00,    0.0000000000E+00,    0.0000000000E+00,    2.4352625484E+02
    169050,      0.676955,CP7_after_upper_clamp,   1,    0.0000000000E+00,    2.4352625484E+02,    2.4352625484E+02,    0.0000000000E+00,    0.0000000000E+00,    0.0000000000E+00,    2.4352625484E+02
    169050,      0.676955,CP8_after_OBC,   1,    0.0000000000E+00,    2.4352625484E+02,    2.4352625484E+02,    0.0000000000E+00,    0.0000000000E+00,    0.0000000000E+00,    2.4352625484E+02
    169050,      0.676955,CP9_after_PTsource,   1,    0.0000000000E+00,    2.4352625484E+02,    2.4352625484E+02,    0.0000000000E+00,    0.0000000000E+00,    0.0000000000E+00,    2.4352625484E+02
    169050,      0.676955,CP10_after_neg_clamp,   1,    0.0000000000E+00,    2.4352625484E+02,    2.4352625484E+02,    0.0000000000E+00,    0.0000000000E+00,    0.0000000000E+00,    2.4352625484E+02
    169050,      0.676955,CP11_after_MPI,   1,    0.0000000000E+00,    2.4352625484E+02,    2.4352625484E+02,    0.0000000000E+00,    0.0000000000E+00,    0.0000000000E+00,    2.4352625484E+02
    169050,      0.676955,CP12_end,   1,    0.0000000000E+00,    2.4352625484E+02,    2.4352625484E+02,    0.0000000000E+00,    0.0000000000E+00,    0.0000000000E+00,    2.4352625484E+02
    169100,      0.676955,CP0_start,   1,    0.0000000000E+00,    2.4368921333E+02,    2.4368921333E+02,    0.0000000000E+00,    0.0000000000E+00,    0.0000000000E+00,    2.4368921333E+02
    169100,      0.676955,CP1_after_deposition,   1,    0.0000000000E+00,    2.4368921333E+02,    2.4368921333E+02,    0.0000000000E+00,    0.0000000000E+00,    0.0000000000E+00,    2.4368921333E+02
    169100,      0.676955,CP2_after_erosion,   1,    0.0000000000E+00,    2.4368921333E+02,    2.4368921333E+02,    0.0000000000E+00,    0.0000000000E+00,    0.0000000000E+00,    2.4368921333E+02
    169100,      0.676955,CP3_after_update_bottom,   1,    0.0000000000E+00,    2.4368921333E+02,    2.4368921333E+02,    0.0000000000E+00,    0.0000000000E+00,    0.0000000000E+00,    2.4368921333E+02
    169100,      0.676955,CP4_after_advection,   1,    0.0000000000E+00,    2.4369955951E+02,    2.4369955951E+02,    0.0000000000E+00,    0.0000000000E+00,    0.0000000000E+00,    2.4369955951E+02
    169100,      0.676955,CP5_after_vdif,   1,    0.0000000000E+00,    2.4369955951E+02,    2.4369955951E+02,    0.0000000000E+00,    0.0000000000E+00,    0.0000000000E+00,    2.4369955951E+02
    169100,      0.676955,CP6_after_kinetics,   1,    0.0000000000E+00,    2.4369955951E+02,    2.4369955951E+02,    0.0000000000E+00,    0.0000000000E+00,    0.0000000000E+00,    2.4369955951E+02
    169100,      0.676955,CP7_after_upper_clamp,   1,    0.0000000000E+00,    2.4369955951E+02,    2.4369955951E+02,    0.0000000000E+00,    0.0000000000E+00,    0.0000000000E+00,    2.4369955951E+02
    169100,      0.676955,CP8_after_OBC,   1,    0.0000000000E+00,    2.4369955951E+02,    2.4369955951E+02,    0.0000000000E+00,    0.0000000000E+00,    0.0000000000E+00,    2.4369955951E+02
    169100,      0.676955,CP9_after_PTsource,   1,    0.0000000000E+00,    2.4369955951E+02,    2.4369955951E+02,    0.0000000000E+00,    0.0000000000E+00,    0.0000000000E+00,    2.4369955951E+02
    169100,      0.676955,CP10_after_neg_clamp,   1,    0.0000000000E+00,    2.4369955951E+02,    2.4369955951E+02,    0.0000000000E+00,    0.0000000000E+00,    0.0000000000E+00,    2.4369955951E+02
    169100,      0.676955,CP11_after_MPI,   1,    0.0000000000E+00,    2.4369955951E+02,    2.4369955951E+02,    0.0000000000E+00,    0.0000000000E+00,    0.0000000000E+00,    2.4369955951E+02
    169100,      0.676955,CP12_end,   1,    0.0000000000E+00,    2.4369955951E+02,    2.4369955951E+02,    0.0000000000E+00,    0.0000000000E+00,    0.0000000000E+00,    2.4369955951E+02
    169150,      0.676955,CP0_start,   1,    0.0000000000E+00,    2.4386240545E+02,    2.4386240545E+02,    0.0000000000E+00,    0.0000000000E+00,    0.0000000000E+00,    2.4386240545E+02
    169150,      0.676955,CP1_after_deposition,   1,    0.0000000000E+00,    2.4386240545E+02,    2.4386240545E+02,    0.0000000000E+00,    0.0000000000E+00,    0.0000000000E+00,    2.4386240545E+02
    169150,      0.676955,CP2_after_erosion,   1,    0.0000000000E+00,    2.4386240545E+02,    2.4386240545E+02,    0.0000000000E+00,    0.0000000000E+00,    0.0000000000E+00,    2.4386240545E+02
    169150,      0.676955,CP3_after_update_bottom,   1,    0.0000000000E+00,    2.4386240545E+02,    2.4386240545E+02,    0.0000000000E+00,    0.0000000000E+00,    0.0000000000E+00,    2.4386240545E+02
    169150,      0.676955,CP4_after_advection,   1,    0.0000000000E+00,    2.4387271602E+02,    2.4387271602E+02,    0.0000000000E+00,    0.0000000000E+00,    0.0000000000E+00,    2.4387271602E+02
    169150,      0.676955,CP5_after_vdif,   1,    0.0000000000E+00,    2.4387271602E+02,    2.4387271602E+02,    0.0000000000E+00,    0.0000000000E+00,    0.0000000000E+00,    2.4387271602E+02
    169150,      0.676955,CP6_after_kinetics,   1,    0.0000000000E+00,    2.4387271602E+02,    2.4387271602E+02,    0.0000000000E+00,    0.0000000000E+00,    0.0000000000E+00,    2.4387271602E+02
    169150,      0.676955,CP7_after_upper_clamp,   1,    0.0000000000E+00,    2.4387271602E+02,    2.4387271602E+02,    0.0000000000E+00,    0.0000000000E+00,    0.0000000000E+00,    2.4387271602E+02
    169150,      0.676955,CP8_after_OBC,   1,    0.0000000000E+00,    2.4387271602E+02,    2.4387271602E+02,    0.0000000000E+00,    0.0000000000E+00,    0.0000000000E+00,    2.4387271602E+02
    169150,      0.676955,CP9_after_PTsource,   1,    0.0000000000E+00,    2.4387271602E+02,    2.4387271602E+02,    0.0000000000E+00,    0.0000000000E+00,    0.0000000000E+00,    2.4387271602E+02
    169150,      0.676955,CP10_after_neg_clamp,   1,    0.0000000000E+00,    2.4387271602E+02,    2.4387271602E+02,    0.0000000000E+00,    0.0000000000E+00,    0.0000000000E+00,    2.4387271602E+02
    169150,      0.676955,CP11_after_MPI,   1,    0.0000000000E+00,    2.4387271602E+02,    2.4387271602E+02,    0.0000000000E+00,    0.0000000000E+00,    0.0000000000E+00,    2.4387271602E+02
    169150,      0.676955,CP12_end,   1,    0.0000000000E+00,    2.4387271602E+02,    2.4387271602E+02,    0.0000000000E+00,    0.0000000000E+00,    0.0000000000E+00,    2.4387271602E+02
    169200,      0.676955,CP0_start,   1,    0.0000000000E+00,    2.4403485173E+02,    2.4403485173E+02,    0.0000000000E+00,    0.0000000000E+00,    0.0000000000E+00,    2.4403485173E+02
    169200,      0.676955,CP1_after_deposition,   1,    0.0000000000E+00,    2.4403485173E+02,    2.4403485173E+02,    0.0000000000E+00,    0.0000000000E+00,    0.0000000000E+00,    2.4403485173E+02
    169200,      0.676955,CP2_after_erosion,   1,    0.0000000000E+00,    2.4403485173E+02,    2.4403485173E+02,    0.0000000000E+00,    0.0000000000E+00,    0.0000000000E+00,    2.4403485173E+02
    169200,      0.676955,CP3_after_update_bottom,   1,    0.0000000000E+00,    2.4403485173E+02,    2.4403485173E+02,    0.0000000000E+00,    0.0000000000E+00,    0.0000000000E+00,    2.4403485173E+02
    169200,      0.676955,CP4_after_advection,   1,    0.0000000000E+00,    2.4404513509E+02,    2.4404513509E+02,    0.0000000000E+00,    0.0000000000E+00,    0.0000000000E+00,    2.4404513509E+02
    169200,      0.676955,CP5_after_vdif,   1,    0.0000000000E+00,    2.4404513509E+02,    2.4404513509E+02,    0.0000000000E+00,    0.0000000000E+00,    0.0000000000E+00,    2.4404513509E+02
    169200,      0.676955,CP6_after_kinetics,   1,    0.0000000000E+00,    2.4404513509E+02,    2.4404513509E+02,    0.0000000000E+00,    0.0000000000E+00,    0.0000000000E+00,    2.4404513509E+02
    169200,      0.676955,CP7_after_upper_clamp,   1,    0.0000000000E+00,    2.4404513509E+02,    2.4404513509E+02,    0.0000000000E+00,    0.0000000000E+00,    0.0000000000E+00,    2.4404513509E+02
    169200,      0.676955,CP8_after_OBC,   1,    0.0000000000E+00,    2.4404513509E+02,    2.4404513509E+02,    0.0000000000E+00,    0.0000000000E+00,    0.0000000000E+00,    2.4404513509E+02
    169200,      0.676955,CP9_after_PTsource,   1,    0.0000000000E+00,    2.4404513509E+02,    2.4404513509E+02,    0.0000000000E+00,    0.0000000000E+00,    0.0000000000E+00,    2.4404513509E+02
    169200,      0.676955,CP10_after_neg_clamp,   1,    0.0000000000E+00,    2.4404513509E+02,    2.4404513509E+02,    0.0000000000E+00,    0.0000000000E+00,    0.0000000000E+00,    2.4404513509E+02
    169200,      0.676955,CP11_after_MPI,   1,    0.0000000000E+00,    2.4404513509E+02,    2.4404513509E+02,    0.0000000000E+00,    0.0000000000E+00,    0.0000000000E+00,    2.4404513509E+02
    169200,      0.676955,CP12_end,   1,    0.0000000000E+00,    2.4404513509E+02,    2.4404513509E+02,    0.0000000000E+00,    0.0000000000E+00,    0.0000000000E+00,    2.4404513509E+02
    169250,      0.676955,CP0_start,   1,    0.0000000000E+00,    2.4420670150E+02,    2.4420670150E+02,    0.0000000000E+00,    0.0000000000E+00,    0.0000000000E+00,    2.4420670150E+02
    169250,      0.676955,CP1_after_deposition,   1,    0.0000000000E+00,    2.4420670150E+02,    2.4420670150E+02,    0.0000000000E+00,    0.0000000000E+00,    0.0000000000E+00,    2.4420670150E+02
    169250,      0.676955,CP2_after_erosion,   1,    0.0000000000E+00,    2.4420670150E+02,    2.4420670150E+02,    0.0000000000E+00,    0.0000000000E+00,    0.0000000000E+00,    2.4420670150E+02
    169250,      0.676955,CP3_after_update_bottom,   1,    0.0000000000E+00,    2.4420670150E+02,    2.4420670150E+02,    0.0000000000E+00,    0.0000000000E+00,    0.0000000000E+00,    2.4420670150E+02
    169250,      0.676955,CP4_after_advection,   1,    0.0000000000E+00,    2.4421692047E+02,    2.4421692047E+02,    0.0000000000E+00,    0.0000000000E+00,    0.0000000000E+00,    2.4421692047E+02
    169250,      0.676955,CP5_after_vdif,   1,    0.0000000000E+00,    2.4421692047E+02,    2.4421692047E+02,    0.0000000000E+00,    0.0000000000E+00,    0.0000000000E+00,    2.4421692047E+02
    169250,      0.676955,CP6_after_kinetics,   1,    0.0000000000E+00,    2.4421692047E+02,    2.4421692047E+02,    0.0000000000E+00,    0.0000000000E+00,    0.0000000000E+00,    2.4421692047E+02
    169250,      0.676955,CP7_after_upper_clamp,   1,    0.0000000000E+00,    2.4421692047E+02,    2.4421692047E+02,    0.0000000000E+00,    0.0000000000E+00,    0.0000000000E+00,    2.4421692047E+02
    169250,      0.676955,CP8_after_OBC,   1,    0.0000000000E+00,    2.4421692047E+02,    2.4421692047E+02,    0.0000000000E+00,    0.0000000000E+00,    0.0000000000E+00,    2.4421692047E+02
    169250,      0.676955,CP9_after_PTsource,   1,    0.0000000000E+00,    2.4421692047E+02,    2.4421692047E+02,    0.0000000000E+00,    0.0000000000E+00,    0.0000000000E+00,    2.4421692047E+02
    169250,      0.676955,CP10_after_neg_clamp,   1,    0.0000000000E+00,    2.4421692047E+02,    2.4421692047E+02,    0.0000000000E+00,    0.0000000000E+00,    0.0000000000E+00,    2.4421692047E+02
    169250,      0.676955,CP11_after_MPI,   1,    0.0000000000E+00,    2.4421692047E+02,    2.4421692047E+02,    0.0000000000E+00,    0.0000000000E+00,    0.0000000000E+00,    2.4421692047E+02
    169250,      0.676955,CP12_end,   1,    0.0000000000E+00,    2.4421692047E+02,    2.4421692047E+02,    0.0000000000E+00,    0.0000000000E+00,    0.0000000000E+00,    2.4421692047E+02
    169300,      0.676955,CP0_start,   1,    0.0000000000E+00,    2.4437776983E+02,    2.4437776983E+02,    0.0000000000E+00,    0.0000000000E+00,    0.0000000000E+00,    2.4437776983E+02
    169300,      0.676955,CP1_after_deposition,   1,    0.0000000000E+00,    2.4437776983E+02,    2.4437776983E+02,    0.0000000000E+00,    0.0000000000E+00,    0.0000000000E+00,    2.4437776983E+02
    169300,      0.676955,CP2_after_erosion,   1,    0.0000000000E+00,    2.4437776983E+02,    2.4437776983E+02,    0.0000000000E+00,    0.0000000000E+00,    0.0000000000E+00,    2.4437776983E+02
    169300,      0.676955,CP3_after_update_bottom,   1,    0.0000000000E+00,    2.4437776983E+02,    2.4437776983E+02,    0.0000000000E+00,    0.0000000000E+00,    0.0000000000E+00,    2.4437776983E+02
    169300,      0.676955,CP4_after_advection,   1,    0.0000000000E+00,    2.4438795652E+02,    2.4438795652E+02,    0.0000000000E+00,    0.0000000000E+00,    0.0000000000E+00,    2.4438795652E+02
    169300,      0.676955,CP5_after_vdif,   1,    0.0000000000E+00,    2.4438795652E+02,    2.4438795652E+02,    0.0000000000E+00,    0.0000000000E+00,    0.0000000000E+00,    2.4438795652E+02
    169300,      0.676955,CP6_after_kinetics,   1,    0.0000000000E+00,    2.4438795652E+02,    2.4438795652E+02,    0.0000000000E+00,    0.0000000000E+00,    0.0000000000E+00,    2.4438795652E+02
    169300,      0.676955,CP7_after_upper_clamp,   1,    0.0000000000E+00,    2.4438795652E+02,    2.4438795652E+02,    0.0000000000E+00,    0.0000000000E+00,    0.0000000000E+00,    2.4438795652E+02
    169300,      0.676955,CP8_after_OBC,   1,    0.0000000000E+00,    2.4438795652E+02,    2.4438795652E+02,    0.0000000000E+00,    0.0000000000E+00,    0.0000000000E+00,    2.4438795652E+02
    169300,      0.676955,CP9_after_PTsource,   1,    0.0000000000E+00,    2.4438795652E+02,    2.4438795652E+02,    0.0000000000E+00,    0.0000000000E+00,    0.0000000000E+00,    2.4438795652E+02
    169300,      0.676955,CP10_after_neg_clamp,   1,    0.0000000000E+00,    2.4438795652E+02,    2.4438795652E+02,    0.0000000000E+00,    0.0000000000E+00,    0.0000000000E+00,    2.4438795652E+02
    169300,      0.676955,CP11_after_MPI,   1,    0.0000000000E+00,    2.4438795652E+02,    2.4438795652E+02,    0.0000000000E+00,    0.0000000000E+00,    0.0000000000E+00,    2.4438795652E+02
    169300,      0.676955,CP12_end,   1,    0.0000000000E+00,    2.4438795652E+02,    2.4438795652E+02,    0.0000000000E+00,    0.0000000000E+00,    0.0000000000E+00,    2.4438795652E+02
    169350,      0.676955,CP0_start,   1,    0.0000000000E+00,    2.4454808194E+02,    2.4454808194E+02,    0.0000000000E+00,    0.0000000000E+00,    0.0000000000E+00,    2.4454808194E+02
    169350,      0.676955,CP1_after_deposition,   1,    0.0000000000E+00,    2.4454808194E+02,    2.4454808194E+02,    0.0000000000E+00,    0.0000000000E+00,    0.0000000000E+00,    2.4454808194E+02
    169350,      0.676955,CP2_after_erosion,   1,    0.0000000000E+00,    2.4454808194E+02,    2.4454808194E+02,    0.0000000000E+00,    0.0000000000E+00,    0.0000000000E+00,    2.4454808194E+02
    169350,      0.676955,CP3_after_update_bottom,   1,    0.0000000000E+00,    2.4454808194E+02,    2.4454808194E+02,    0.0000000000E+00,    0.0000000000E+00,    0.0000000000E+00,    2.4454808194E+02
    169350,      0.676955,CP4_after_advection,   1,    0.0000000000E+00,    2.4455820600E+02,    2.4455820600E+02,    0.0000000000E+00,    0.0000000000E+00,    0.0000000000E+00,    2.4455820600E+02
    169350,      0.676955,CP5_after_vdif,   1,    0.0000000000E+00,    2.4455820600E+02,    2.4455820600E+02,    0.0000000000E+00,    0.0000000000E+00,    0.0000000000E+00,    2.4455820600E+02
    169350,      0.676955,CP6_after_kinetics,   1,    0.0000000000E+00,    2.4455820600E+02,    2.4455820600E+02,    0.0000000000E+00,    0.0000000000E+00,    0.0000000000E+00,    2.4455820600E+02
    169350,      0.676955,CP7_after_upper_clamp,   1,    0.0000000000E+00,    2.4455820600E+02,    2.4455820600E+02,    0.0000000000E+00,    0.0000000000E+00,    0.0000000000E+00,    2.4455820600E+02
    169350,      0.676955,CP8_after_OBC,   1,    0.0000000000E+00,    2.4455820600E+02,    2.4455820600E+02,    0.0000000000E+00,    0.0000000000E+00,    0.0000000000E+00,    2.4455820600E+02
    169350,      0.676955,CP9_after_PTsource,   1,    0.0000000000E+00,    2.4455820600E+02,    2.4455820600E+02,    0.0000000000E+00,    0.0000000000E+00,    0.0000000000E+00,    2.4455820600E+02
    169350,      0.676955,CP10_after_neg_clamp,   1,    0.0000000000E+00,    2.4455820600E+02,    2.4455820600E+02,    0.0000000000E+00,    0.0000000000E+00,    0.0000000000E+00,    2.4455820600E+02
    169350,      0.676955,CP11_after_MPI,   1,    0.0000000000E+00,    2.4455820600E+02,    2.4455820600E+02,    0.0000000000E+00,    0.0000000000E+00,    0.0000000000E+00,    2.4455820600E+02
    169350,      0.676955,CP12_end,   1,    0.0000000000E+00,    2.4455820600E+02,    2.4455820600E+02,    0.0000000000E+00,    0.0000000000E+00,    0.0000000000E+00,    2.4455820600E+02
    169400,      0.676955,CP0_start,   1,    0.0000000000E+00,    2.4471747948E+02,    2.4471747948E+02,    0.0000000000E+00,    0.0000000000E+00,    0.0000000000E+00,    2.4471747948E+02
    169400,      0.676955,CP1_after_deposition,   1,    0.0000000000E+00,    2.4471747948E+02,    2.4471747948E+02,    0.0000000000E+00,    0.0000000000E+00,    0.0000000000E+00,    2.4471747948E+02
    169400,      0.676955,CP2_after_erosion,   1,    0.0000000000E+00,    2.4471747948E+02,    2.4471747948E+02,    0.0000000000E+00,    0.0000000000E+00,    0.0000000000E+00,    2.4471747948E+02
    169400,      0.676955,CP3_after_update_bottom,   1,    0.0000000000E+00,    2.4471747948E+02,    2.4471747948E+02,    0.0000000000E+00,    0.0000000000E+00,    0.0000000000E+00,    2.4471747948E+02
    169400,      0.676955,CP4_after_advection,   1,    0.0000000000E+00,    2.4472754354E+02,    2.4472754354E+02,    0.0000000000E+00,    0.0000000000E+00,    0.0000000000E+00,    2.4472754354E+02
    169400,      0.676955,CP5_after_vdif,   1,    0.0000000000E+00,    2.4472754354E+02,    2.4472754354E+02,    0.0000000000E+00,    0.0000000000E+00,    0.0000000000E+00,    2.4472754354E+02
    169400,      0.676955,CP6_after_kinetics,   1,    0.0000000000E+00,    2.4472754354E+02,    2.4472754354E+02,    0.0000000000E+00,    0.0000000000E+00,    0.0000000000E+00,    2.4472754354E+02
    169400,      0.676955,CP7_after_upper_clamp,   1,    0.0000000000E+00,    2.4472754354E+02,    2.4472754354E+02,    0.0000000000E+00,    0.0000000000E+00,    0.0000000000E+00,    2.4472754354E+02
    169400,      0.676955,CP8_after_OBC,   1,    0.0000000000E+00,    2.4472754354E+02,    2.4472754354E+02,    0.0000000000E+00,    0.0000000000E+00,    0.0000000000E+00,    2.4472754354E+02
    169400,      0.676955,CP9_after_PTsource,   1,    0.0000000000E+00,    2.4472754354E+02,    2.4472754354E+02,    0.0000000000E+00,    0.0000000000E+00,    0.0000000000E+00,    2.4472754354E+02
    169400,      0.676955,CP10_after_neg_clamp,   1,    0.0000000000E+00,    2.4472754354E+02,    2.4472754354E+02,    0.0000000000E+00,    0.0000000000E+00,    0.0000000000E+00,    2.4472754354E+02
    169400,      0.676955,CP11_after_MPI,   1,    0.0000000000E+00,    2.4472754354E+02,    2.4472754354E+02,    0.0000000000E+00,    0.0000000000E+00,    0.0000000000E+00,    2.4472754354E+02
    169400,      0.676955,CP12_end,   1,    0.0000000000E+00,    2.4472754354E+02,    2.4472754354E+02,    0.0000000000E+00,    0.0000000000E+00,    0.0000000000E+00,    2.4472754354E+02
    169450,      0.676955,CP0_start,   1,    0.0000000000E+00,    2.4488573618E+02,    2.4488573618E+02,    0.0000000000E+00,    0.0000000000E+00,    0.0000000000E+00,    2.4488573618E+02
    169450,      0.676955,CP1_after_deposition,   1,    0.0000000000E+00,    2.4488573618E+02,    2.4488573618E+02,    0.0000000000E+00,    0.0000000000E+00,    0.0000000000E+00,    2.4488573618E+02
    169450,      0.676955,CP2_after_erosion,   1,    0.0000000000E+00,    2.4488573618E+02,    2.4488573618E+02,    0.0000000000E+00,    0.0000000000E+00,    0.0000000000E+00,    2.4488573618E+02
    169450,      0.676955,CP3_after_update_bottom,   1,    0.0000000000E+00,    2.4488573618E+02,    2.4488573618E+02,    0.0000000000E+00,    0.0000000000E+00,    0.0000000000E+00,    2.4488573618E+02
    169450,      0.676955,CP4_after_advection,   1,    0.0000000000E+00,    2.4489574107E+02,    2.4489574107E+02,    0.0000000000E+00,    0.0000000000E+00,    0.0000000000E+00,    2.4489574107E+02
    169450,      0.676955,CP5_after_vdif,   1,    0.0000000000E+00,    2.4489574107E+02,    2.4489574107E+02,    0.0000000000E+00,    0.0000000000E+00,    0.0000000000E+00,    2.4489574107E+02
    169450,      0.676955,CP6_after_kinetics,   1,    0.0000000000E+00,    2.4489574107E+02,    2.4489574107E+02,    0.0000000000E+00,    0.0000000000E+00,    0.0000000000E+00,    2.4489574107E+02
    169450,      0.676955,CP7_after_upper_clamp,   1,    0.0000000000E+00,    2.4489574107E+02,    2.4489574107E+02,    0.0000000000E+00,    0.0000000000E+00,    0.0000000000E+00,    2.4489574107E+02
    169450,      0.676955,CP8_after_OBC,   1,    0.0000000000E+00,    2.4489574107E+02,    2.4489574107E+02,    0.0000000000E+00,    0.0000000000E+00,    0.0000000000E+00,    2.4489574107E+02
    169450,      0.676955,CP9_after_PTsource,   1,    0.0000000000E+00,    2.4489574107E+02,    2.4489574107E+02,    0.0000000000E+00,    0.0000000000E+00,    0.0000000000E+00,    2.4489574107E+02
    169450,      0.676955,CP10_after_neg_clamp,   1,    0.0000000000E+00,    2.4489574107E+02,    2.4489574107E+02,    0.0000000000E+00,    0.0000000000E+00,    0.0000000000E+00,    2.4489574107E+02
    169450,      0.676955,CP11_after_MPI,   1,    0.0000000000E+00,    2.4489574107E+02,    2.4489574107E+02,    0.0000000000E+00,    0.0000000000E+00,    0.0000000000E+00,    2.4489574107E+02
    169450,      0.676955,CP12_end,   1,    0.0000000000E+00,    2.4489574107E+02,    2.4489574107E+02,    0.0000000000E+00,    0.0000000000E+00,    0.0000000000E+00,    2.4489574107E+02
    169500,      0.676955,CP0_start,   1,    0.0000000000E+00,    2.4505276963E+02,    2.4505276963E+02,    0.0000000000E+00,    0.0000000000E+00,    0.0000000000E+00,    2.4505276963E+02
    169500,      0.676955,CP1_after_deposition,   1,    0.0000000000E+00,    2.4505276963E+02,    2.4505276963E+02,    0.0000000000E+00,    0.0000000000E+00,    0.0000000000E+00,    2.4505276963E+02
    169500,      0.676955,CP2_after_erosion,   1,    0.0000000000E+00,    2.4505276963E+02,    2.4505276963E+02,    0.0000000000E+00,    0.0000000000E+00,    0.0000000000E+00,    2.4505276963E+02
    169500,      0.676955,CP3_after_update_bottom,   1,    0.0000000000E+00,    2.4505276963E+02,    2.4505276963E+02,    0.0000000000E+00,    0.0000000000E+00,    0.0000000000E+00,    2.4505276963E+02
    169500,      0.676955,CP4_after_advection,   1,    0.0000000000E+00,    2.4506274251E+02,    2.4506274251E+02,    0.0000000000E+00,    0.0000000000E+00,    0.0000000000E+00,    2.4506274251E+02
    169500,      0.676955,CP5_after_vdif,   1,    0.0000000000E+00,    2.4506274251E+02,    2.4506274251E+02,    0.0000000000E+00,    0.0000000000E+00,    0.0000000000E+00,    2.4506274251E+02
    169500,      0.676955,CP6_after_kinetics,   1,    0.0000000000E+00,    2.4506274251E+02,    2.4506274251E+02,    0.0000000000E+00,    0.0000000000E+00,    0.0000000000E+00,    2.4506274251E+02
    169500,      0.676955,CP7_after_upper_clamp,   1,    0.0000000000E+00,    2.4506274251E+02,    2.4506274251E+02,    0.0000000000E+00,    0.0000000000E+00,    0.0000000000E+00,    2.4506274251E+02
    169500,      0.676955,CP8_after_OBC,   1,    0.0000000000E+00,    2.4506274251E+02,    2.4506274251E+02,    0.0000000000E+00,    0.0000000000E+00,    0.0000000000E+00,    2.4506274251E+02
    169500,      0.676955,CP9_after_PTsource,   1,    0.0000000000E+00,    2.4506274251E+02,    2.4506274251E+02,    0.0000000000E+00,    0.0000000000E+00,    0.0000000000E+00,    2.4506274251E+02
    169500,      0.676955,CP10_after_neg_clamp,   1,    0.0000000000E+00,    2.4506274251E+02,    2.4506274251E+02,    0.0000000000E+00,    0.0000000000E+00,    0.0000000000E+00,    2.4506274251E+02
    169500,      0.676955,CP11_after_MPI,   1,    0.0000000000E+00,    2.4506274251E+02,    2.4506274251E+02,    0.0000000000E+00,    0.0000000000E+00,    0.0000000000E+00,    2.4506274251E+02
    169500,      0.676955,CP12_end,   1,    0.0000000000E+00,    2.4506274251E+02,    2.4506274251E+02,    0.0000000000E+00,    0.0000000000E+00,    0.0000000000E+00,    2.4506274251E+02
    169550,      0.676955,CP0_start,   1,    0.0000000000E+00,    2.4521867956E+02,    2.4521867956E+02,    0.0000000000E+00,    0.0000000000E+00,    0.0000000000E+00,    2.4521867956E+02
    169550,      0.676955,CP1_after_deposition,   1,    0.0000000000E+00,    2.4521867956E+02,    2.4521867956E+02,    0.0000000000E+00,    0.0000000000E+00,    0.0000000000E+00,    2.4521867956E+02
    169550,      0.676955,CP2_after_erosion,   1,    0.0000000000E+00,    2.4521867956E+02,    2.4521867956E+02,    0.0000000000E+00,    0.0000000000E+00,    0.0000000000E+00,    2.4521867956E+02
    169550,      0.676955,CP3_after_update_bottom,   1,    0.0000000000E+00,    2.4521867956E+02,    2.4521867956E+02,    0.0000000000E+00,    0.0000000000E+00,    0.0000000000E+00,    2.4521867956E+02
    169550,      0.676955,CP4_after_advection,   1,    0.0000000000E+00,    2.4522862446E+02,    2.4522862446E+02,    0.0000000000E+00,    0.0000000000E+00,    0.0000000000E+00,    2.4522862446E+02
    169550,      0.676955,CP5_after_vdif,   1,    0.0000000000E+00,    2.4522862446E+02,    2.4522862446E+02,    0.0000000000E+00,    0.0000000000E+00,    0.0000000000E+00,    2.4522862446E+02
    169550,      0.676955,CP6_after_kinetics,   1,    0.0000000000E+00,    2.4522862446E+02,    2.4522862446E+02,    0.0000000000E+00,    0.0000000000E+00,    0.0000000000E+00,    2.4522862446E+02
    169550,      0.676955,CP7_after_upper_clamp,   1,    0.0000000000E+00,    2.4522862446E+02,    2.4522862446E+02,    0.0000000000E+00,    0.0000000000E+00,    0.0000000000E+00,    2.4522862446E+02
    169550,      0.676955,CP8_after_OBC,   1,    0.0000000000E+00,    2.4522862446E+02,    2.4522862446E+02,    0.0000000000E+00,    0.0000000000E+00,    0.0000000000E+00,    2.4522862446E+02
    169550,      0.676955,CP9_after_PTsource,   1,    0.0000000000E+00,    2.4522862446E+02,    2.4522862446E+02,    0.0000000000E+00,    0.0000000000E+00,    0.0000000000E+00,    2.4522862446E+02
    169550,      0.676955,CP10_after_neg_clamp,   1,    0.0000000000E+00,    2.4522862446E+02,    2.4522862446E+02,    0.0000000000E+00,    0.0000000000E+00,    0.0000000000E+00,    2.4522862446E+02
    169550,      0.676955,CP11_after_MPI,   1,    0.0000000000E+00,    2.4522862446E+02,    2.4522862446E+02,    0.0000000000E+00,    0.0000000000E+00,    0.0000000000E+00,    2.4522862446E+02
    169550,      0.676955,CP12_end,   1,    0.0000000000E+00,    2.4522862446E+02,    2.4522862446E+02,    0.0000000000E+00,    0.0000000000E+00,    0.0000000000E+00,    2.4522862446E+02
    169600,      0.676955,CP0_start,   1,    0.0000000000E+00,    2.4538400943E+02,    2.4538400943E+02,    0.0000000000E+00,    0.0000000000E+00,    0.0000000000E+00,    2.4538400943E+02
    169600,      0.676955,CP1_after_deposition,   1,    0.0000000000E+00,    2.4538400943E+02,    2.4538400943E+02,    0.0000000000E+00,    0.0000000000E+00,    0.0000000000E+00,    2.4538400943E+02
    169600,      0.676955,CP2_after_erosion,   1,    0.0000000000E+00,    2.4538400943E+02,    2.4538400943E+02,    0.0000000000E+00,    0.0000000000E+00,    0.0000000000E+00,    2.4538400943E+02
    169600,      0.676955,CP3_after_update_bottom,   1,    0.0000000000E+00,    2.4538400943E+02,    2.4538400943E+02,    0.0000000000E+00,    0.0000000000E+00,    0.0000000000E+00,    2.4538400943E+02
    169600,      0.676955,CP4_after_advection,   1,    0.0000000000E+00,    2.4539391094E+02,    2.4539391094E+02,    0.0000000000E+00,    0.0000000000E+00,    0.0000000000E+00,    2.4539391094E+02
    169600,      0.676955,CP5_after_vdif,   1,    0.0000000000E+00,    2.4539391094E+02,    2.4539391094E+02,    0.0000000000E+00,    0.0000000000E+00,    0.0000000000E+00,    2.4539391094E+02
    169600,      0.676955,CP6_after_kinetics,   1,    0.0000000000E+00,    2.4539391094E+02,    2.4539391094E+02,    0.0000000000E+00,    0.0000000000E+00,    0.0000000000E+00,    2.4539391094E+02
    169600,      0.676955,CP7_after_upper_clamp,   1,    0.0000000000E+00,    2.4539391094E+02,    2.4539391094E+02,    0.0000000000E+00,    0.0000000000E+00,    0.0000000000E+00,    2.4539391094E+02
    169600,      0.676955,CP8_after_OBC,   1,    0.0000000000E+00,    2.4539391094E+02,    2.4539391094E+02,    0.0000000000E+00,    0.0000000000E+00,    0.0000000000E+00,    2.4539391094E+02
    169600,      0.676955,CP9_after_PTsource,   1,    0.0000000000E+00,    2.4539391094E+02,    2.4539391094E+02,    0.0000000000E+00,    0.0000000000E+00,    0.0000000000E+00,    2.4539391094E+02
    169600,      0.676955,CP10_after_neg_clamp,   1,    0.0000000000E+00,    2.4539391094E+02,    2.4539391094E+02,    0.0000000000E+00,    0.0000000000E+00,    0.0000000000E+00,    2.4539391094E+02
    169600,      0.676955,CP11_after_MPI,   1,    0.0000000000E+00,    2.4539391094E+02,    2.4539391094E+02,    0.0000000000E+00,    0.0000000000E+00,    0.0000000000E+00,    2.4539391094E+02
    169600,      0.676955,CP12_end,   1,    0.0000000000E+00,    2.4539391094E+02,    2.4539391094E+02,    0.0000000000E+00,    0.0000000000E+00,    0.0000000000E+00,    2.4539391094E+02
    169650,      0.676955,CP0_start,   1,    0.0000000000E+00,    2.4554887991E+02,    2.4554887991E+02,    0.0000000000E+00,    0.0000000000E+00,    0.0000000000E+00,    2.4554887991E+02
    169650,      0.676955,CP1_after_deposition,   1,    0.0000000000E+00,    2.4554887991E+02,    2.4554887991E+02,    0.0000000000E+00,    0.0000000000E+00,    0.0000000000E+00,    2.4554887991E+02
    169650,      0.676955,CP2_after_erosion,   1,    0.0000000000E+00,    2.4554887991E+02,    2.4554887991E+02,    0.0000000000E+00,    0.0000000000E+00,    0.0000000000E+00,    2.4554887991E+02
    169650,      0.676955,CP3_after_update_bottom,   1,    0.0000000000E+00,    2.4554887991E+02,    2.4554887991E+02,    0.0000000000E+00,    0.0000000000E+00,    0.0000000000E+00,    2.4554887991E+02
    169650,      0.676955,CP4_after_advection,   1,    0.0000000000E+00,    2.4555872911E+02,    2.4555872911E+02,    0.0000000000E+00,    0.0000000000E+00,    0.0000000000E+00,    2.4555872911E+02
    169650,      0.676955,CP5_after_vdif,   1,    0.0000000000E+00,    2.4555872911E+02,    2.4555872911E+02,    0.0000000000E+00,    0.0000000000E+00,    0.0000000000E+00,    2.4555872911E+02
    169650,      0.676955,CP6_after_kinetics,   1,    0.0000000000E+00,    2.4555872911E+02,    2.4555872911E+02,    0.0000000000E+00,    0.0000000000E+00,    0.0000000000E+00,    2.4555872911E+02
    169650,      0.676955,CP7_after_upper_clamp,   1,    0.0000000000E+00,    2.4555872911E+02,    2.4555872911E+02,    0.0000000000E+00,    0.0000000000E+00,    0.0000000000E+00,    2.4555872911E+02
    169650,      0.676955,CP8_after_OBC,   1,    0.0000000000E+00,    2.4555872911E+02,    2.4555872911E+02,    0.0000000000E+00,    0.0000000000E+00,    0.0000000000E+00,    2.4555872911E+02
    169650,      0.676955,CP9_after_PTsource,   1,    0.0000000000E+00,    2.4555872911E+02,    2.4555872911E+02,    0.0000000000E+00,    0.0000000000E+00,    0.0000000000E+00,    2.4555872911E+02
    169650,      0.676955,CP10_after_neg_clamp,   1,    0.0000000000E+00,    2.4555872911E+02,    2.4555872911E+02,    0.0000000000E+00,    0.0000000000E+00,    0.0000000000E+00,    2.4555872911E+02
    169650,      0.676955,CP11_after_MPI,   1,    0.0000000000E+00,    2.4555872911E+02,    2.4555872911E+02,    0.0000000000E+00,    0.0000000000E+00,    0.0000000000E+00,    2.4555872911E+02
    169650,      0.676955,CP12_end,   1,    0.0000000000E+00,    2.4555872911E+02,    2.4555872911E+02,    0.0000000000E+00,    0.0000000000E+00,    0.0000000000E+00,    2.4555872911E+02
    169700,      0.676955,CP0_start,   1,    0.0000000000E+00,    2.4571356034E+02,    2.4571356034E+02,    0.0000000000E+00,    0.0000000000E+00,    0.0000000000E+00,    2.4571356034E+02
    169700,      0.676955,CP1_after_deposition,   1,    0.0000000000E+00,    2.4571356034E+02,    2.4571356034E+02,    0.0000000000E+00,    0.0000000000E+00,    0.0000000000E+00,    2.4571356034E+02
    169700,      0.676955,CP2_after_erosion,   1,    0.0000000000E+00,    2.4571356034E+02,    2.4571356034E+02,    0.0000000000E+00,    0.0000000000E+00,    0.0000000000E+00,    2.4571356034E+02
    169700,      0.676955,CP3_after_update_bottom,   1,    0.0000000000E+00,    2.4571356034E+02,    2.4571356034E+02,    0.0000000000E+00,    0.0000000000E+00,    0.0000000000E+00,    2.4571356034E+02
    169700,      0.676955,CP4_after_advection,   1,    0.0000000000E+00,    2.4572337412E+02,    2.4572337412E+02,    0.0000000000E+00,    0.0000000000E+00,    0.0000000000E+00,    2.4572337412E+02
    169700,      0.676955,CP5_after_vdif,   1,    0.0000000000E+00,    2.4572337412E+02,    2.4572337412E+02,    0.0000000000E+00,    0.0000000000E+00,    0.0000000000E+00,    2.4572337412E+02
    169700,      0.676955,CP6_after_kinetics,   1,    0.0000000000E+00,    2.4572337412E+02,    2.4572337412E+02,    0.0000000000E+00,    0.0000000000E+00,    0.0000000000E+00,    2.4572337412E+02
    169700,      0.676955,CP7_after_upper_clamp,   1,    0.0000000000E+00,    2.4572337412E+02,    2.4572337412E+02,    0.0000000000E+00,    0.0000000000E+00,    0.0000000000E+00,    2.4572337412E+02
    169700,      0.676955,CP8_after_OBC,   1,    0.0000000000E+00,    2.4572337412E+02,    2.4572337412E+02,    0.0000000000E+00,    0.0000000000E+00,    0.0000000000E+00,    2.4572337412E+02
    169700,      0.676955,CP9_after_PTsource,   1,    0.0000000000E+00,    2.4572337412E+02,    2.4572337412E+02,    0.0000000000E+00,    0.0000000000E+00,    0.0000000000E+00,    2.4572337412E+02
    169700,      0.676955,CP10_after_neg_clamp,   1,    0.0000000000E+00,    2.4572337412E+02,    2.4572337412E+02,    0.0000000000E+00,    0.0000000000E+00,    0.0000000000E+00,    2.4572337412E+02
    169700,      0.676955,CP11_after_MPI,   1,    0.0000000000E+00,    2.4572337412E+02,    2.4572337412E+02,    0.0000000000E+00,    0.0000000000E+00,    0.0000000000E+00,    2.4572337412E+02
    169700,      0.676955,CP12_end,   1,    0.0000000000E+00,    2.4572337412E+02,    2.4572337412E+02,    0.0000000000E+00,    0.0000000000E+00,    0.0000000000E+00,    2.4572337412E+02
    169750,      0.676955,CP0_start,   1,    0.0000000000E+00,    2.4587843837E+02,    2.4587843837E+02,    0.0000000000E+00,    0.0000000000E+00,    0.0000000000E+00,    2.4587843837E+02
    169750,      0.676955,CP1_after_deposition,   1,    0.0000000000E+00,    2.4587843837E+02,    2.4587843837E+02,    0.0000000000E+00,    0.0000000000E+00,    0.0000000000E+00,    2.4587843837E+02
    169750,      0.676955,CP2_after_erosion,   1,    0.0000000000E+00,    2.4587843837E+02,    2.4587843837E+02,    0.0000000000E+00,    0.0000000000E+00,    0.0000000000E+00,    2.4587843837E+02
    169750,      0.676955,CP3_after_update_bottom,   1,    0.0000000000E+00,    2.4587843837E+02,    2.4587843837E+02,    0.0000000000E+00,    0.0000000000E+00,    0.0000000000E+00,    2.4587843837E+02
    169750,      0.676955,CP4_after_advection,   1,    0.0000000000E+00,    2.4588822588E+02,    2.4588822588E+02,    0.0000000000E+00,    0.0000000000E+00,    0.0000000000E+00,    2.4588822588E+02
    169750,      0.676955,CP5_after_vdif,   1,    0.0000000000E+00,    2.4588822588E+02,    2.4588822588E+02,    0.0000000000E+00,    0.0000000000E+00,    0.0000000000E+00,    2.4588822588E+02
    169750,      0.676955,CP6_after_kinetics,   1,    0.0000000000E+00,    2.4588822588E+02,    2.4588822588E+02,    0.0000000000E+00,    0.0000000000E+00,    0.0000000000E+00,    2.4588822588E+02
    169750,      0.676955,CP7_after_upper_clamp,   1,    0.0000000000E+00,    2.4588822588E+02,    2.4588822588E+02,    0.0000000000E+00,    0.0000000000E+00,    0.0000000000E+00,    2.4588822588E+02
    169750,      0.676955,CP8_after_OBC,   1,    0.0000000000E+00,    2.4588822588E+02,    2.4588822588E+02,    0.0000000000E+00,    0.0000000000E+00,    0.0000000000E+00,    2.4588822588E+02
    169750,      0.676955,CP9_after_PTsource,   1,    0.0000000000E+00,    2.4588822588E+02,    2.4588822588E+02,    0.0000000000E+00,    0.0000000000E+00,    0.0000000000E+00,    2.4588822588E+02
    169750,      0.676955,CP10_after_neg_clamp,   1,    0.0000000000E+00,    2.4588822588E+02,    2.4588822588E+02,    0.0000000000E+00,    0.0000000000E+00,    0.0000000000E+00,    2.4588822588E+02
    169750,      0.676955,CP11_after_MPI,   1,    0.0000000000E+00,    2.4588822588E+02,    2.4588822588E+02,    0.0000000000E+00,    0.0000000000E+00,    0.0000000000E+00,    2.4588822588E+02
    169750,      0.676955,CP12_end,   1,    0.0000000000E+00,    2.4588822588E+02,    2.4588822588E+02,    0.0000000000E+00,    0.0000000000E+00,    0.0000000000E+00,    2.4588822588E+02
    169800,      0.676955,CP0_start,   1,    0.0000000000E+00,    2.4604396745E+02,    2.4604396745E+02,    0.0000000000E+00,    0.0000000000E+00,    0.0000000000E+00,    2.4604396745E+02
    169800,      0.676955,CP1_after_deposition,   1,    0.0000000000E+00,    2.4604396745E+02,    2.4604396745E+02,    0.0000000000E+00,    0.0000000000E+00,    0.0000000000E+00,    2.4604396745E+02
    169800,      0.676955,CP2_after_erosion,   1,    0.0000000000E+00,    2.4604396745E+02,    2.4604396745E+02,    0.0000000000E+00,    0.0000000000E+00,    0.0000000000E+00,    2.4604396745E+02
    169800,      0.676955,CP3_after_update_bottom,   1,    0.0000000000E+00,    2.4604396745E+02,    2.4604396745E+02,    0.0000000000E+00,    0.0000000000E+00,    0.0000000000E+00,    2.4604396745E+02
    169800,      0.676955,CP4_after_advection,   1,    0.0000000000E+00,    2.4605374761E+02,    2.4605374761E+02,    0.0000000000E+00,    0.0000000000E+00,    0.0000000000E+00,    2.4605374761E+02
    169800,      0.676955,CP5_after_vdif,   1,    0.0000000000E+00,    2.4605374761E+02,    2.4605374761E+02,    0.0000000000E+00,    0.0000000000E+00,    0.0000000000E+00,    2.4605374761E+02
    169800,      0.676955,CP6_after_kinetics,   1,    0.0000000000E+00,    2.4605374761E+02,    2.4605374761E+02,    0.0000000000E+00,    0.0000000000E+00,    0.0000000000E+00,    2.4605374761E+02
    169800,      0.676955,CP7_after_upper_clamp,   1,    0.0000000000E+00,    2.4605374761E+02,    2.4605374761E+02,    0.0000000000E+00,    0.0000000000E+00,    0.0000000000E+00,    2.4605374761E+02
    169800,      0.676955,CP8_after_OBC,   1,    0.0000000000E+00,    2.4605374761E+02,    2.4605374761E+02,    0.0000000000E+00,    0.0000000000E+00,    0.0000000000E+00,    2.4605374761E+02
    169800,      0.676955,CP9_after_PTsource,   1,    0.0000000000E+00,    2.4605374761E+02,    2.4605374761E+02,    0.0000000000E+00,    0.0000000000E+00,    0.0000000000E+00,    2.4605374761E+02
    169800,      0.676955,CP10_after_neg_clamp,   1,    0.0000000000E+00,    2.4605374761E+02,    2.4605374761E+02,    0.0000000000E+00,    0.0000000000E+00,    0.0000000000E+00,    2.4605374761E+02
    169800,      0.676955,CP11_after_MPI,   1,    0.0000000000E+00,    2.4605374761E+02,    2.4605374761E+02,    0.0000000000E+00,    0.0000000000E+00,    0.0000000000E+00,    2.4605374761E+02
    169800,      0.676955,CP12_end,   1,    0.0000000000E+00,    2.4605374761E+02,    2.4605374761E+02,    0.0000000000E+00,    0.0000000000E+00,    0.0000000000E+00,    2.4605374761E+02
    169850,      0.676955,CP0_start,   1,    0.0000000000E+00,    2.4621035440E+02,    2.4621035440E+02,    0.0000000000E+00,    0.0000000000E+00,    0.0000000000E+00,    2.4621035440E+02
    169850,      0.676955,CP1_after_deposition,   1,    0.0000000000E+00,    2.4621035440E+02,    2.4621035440E+02,    0.0000000000E+00,    0.0000000000E+00,    0.0000000000E+00,    2.4621035440E+02
    169850,      0.676955,CP2_after_erosion,   1,    0.0000000000E+00,    2.4621035440E+02,    2.4621035440E+02,    0.0000000000E+00,    0.0000000000E+00,    0.0000000000E+00,    2.4621035440E+02
    169850,      0.676955,CP3_after_update_bottom,   1,    0.0000000000E+00,    2.4621035440E+02,    2.4621035440E+02,    0.0000000000E+00,    0.0000000000E+00,    0.0000000000E+00,    2.4621035440E+02
    169850,      0.676955,CP4_after_advection,   1,    0.0000000000E+00,    2.4622012214E+02,    2.4622012214E+02,    0.0000000000E+00,    0.0000000000E+00,    0.0000000000E+00,    2.4622012214E+02
    169850,      0.676955,CP5_after_vdif,   1,    0.0000000000E+00,    2.4622012214E+02,    2.4622012214E+02,    0.0000000000E+00,    0.0000000000E+00,    0.0000000000E+00,    2.4622012214E+02
    169850,      0.676955,CP6_after_kinetics,   1,    0.0000000000E+00,    2.4622012214E+02,    2.4622012214E+02,    0.0000000000E+00,    0.0000000000E+00,    0.0000000000E+00,    2.4622012214E+02
    169850,      0.676955,CP7_after_upper_clamp,   1,    0.0000000000E+00,    2.4622012214E+02,    2.4622012214E+02,    0.0000000000E+00,    0.0000000000E+00,    0.0000000000E+00,    2.4622012214E+02
    169850,      0.676955,CP8_after_OBC,   1,    0.0000000000E+00,    2.4622012214E+02,    2.4622012214E+02,    0.0000000000E+00,    0.0000000000E+00,    0.0000000000E+00,    2.4622012214E+02
    169850,      0.676955,CP9_after_PTsource,   1,    0.0000000000E+00,    2.4622012214E+02,    2.4622012214E+02,    0.0000000000E+00,    0.0000000000E+00,    0.0000000000E+00,    2.4622012214E+02
    169850,      0.676955,CP10_after_neg_clamp,   1,    0.0000000000E+00,    2.4622012214E+02,    2.4622012214E+02,    0.0000000000E+00,    0.0000000000E+00,    0.0000000000E+00,    2.4622012214E+02
    169850,      0.676955,CP11_after_MPI,   1,    0.0000000000E+00,    2.4622012214E+02,    2.4622012214E+02,    0.0000000000E+00,    0.0000000000E+00,    0.0000000000E+00,    2.4622012214E+02
    169850,      0.676955,CP12_end,   1,    0.0000000000E+00,    2.4622012214E+02,    2.4622012214E+02,    0.0000000000E+00,    0.0000000000E+00,    0.0000000000E+00,    2.4622012214E+02
    169900,      0.676955,CP0_start,   1,    0.0000000000E+00,    2.4637764202E+02,    2.4637764202E+02,    0.0000000000E+00,    0.0000000000E+00,    0.0000000000E+00,    2.4637764202E+02
    169900,      0.676955,CP1_after_deposition,   1,    0.0000000000E+00,    2.4637764202E+02,    2.4637764202E+02,    0.0000000000E+00,    0.0000000000E+00,    0.0000000000E+00,    2.4637764202E+02
    169900,      0.676955,CP2_after_erosion,   1,    0.0000000000E+00,    2.4637764202E+02,    2.4637764202E+02,    0.0000000000E+00,    0.0000000000E+00,    0.0000000000E+00,    2.4637764202E+02
    169900,      0.676955,CP3_after_update_bottom,   1,    0.0000000000E+00,    2.4637764202E+02,    2.4637764202E+02,    0.0000000000E+00,    0.0000000000E+00,    0.0000000000E+00,    2.4637764202E+02
    169900,      0.676955,CP4_after_advection,   1,    0.0000000000E+00,    2.4638739791E+02,    2.4638739791E+02,    0.0000000000E+00,    0.0000000000E+00,    0.0000000000E+00,    2.4638739791E+02
    169900,      0.676955,CP5_after_vdif,   1,    0.0000000000E+00,    2.4638739791E+02,    2.4638739791E+02,    0.0000000000E+00,    0.0000000000E+00,    0.0000000000E+00,    2.4638739791E+02
    169900,      0.676955,CP6_after_kinetics,   1,    0.0000000000E+00,    2.4638739791E+02,    2.4638739791E+02,    0.0000000000E+00,    0.0000000000E+00,    0.0000000000E+00,    2.4638739791E+02
    169900,      0.676955,CP7_after_upper_clamp,   1,    0.0000000000E+00,    2.4638739791E+02,    2.4638739791E+02,    0.0000000000E+00,    0.0000000000E+00,    0.0000000000E+00,    2.4638739791E+02
    169900,      0.676955,CP8_after_OBC,   1,    0.0000000000E+00,    2.4638739791E+02,    2.4638739791E+02,    0.0000000000E+00,    0.0000000000E+00,    0.0000000000E+00,    2.4638739791E+02
    169900,      0.676955,CP9_after_PTsource,   1,    0.0000000000E+00,    2.4638739791E+02,    2.4638739791E+02,    0.0000000000E+00,    0.0000000000E+00,    0.0000000000E+00,    2.4638739791E+02
    169900,      0.676955,CP10_after_neg_clamp,   1,    0.0000000000E+00,    2.4638739791E+02,    2.4638739791E+02,    0.0000000000E+00,    0.0000000000E+00,    0.0000000000E+00,    2.4638739791E+02
    169900,      0.676955,CP11_after_MPI,   1,    0.0000000000E+00,    2.4638739791E+02,    2.4638739791E+02,    0.0000000000E+00,    0.0000000000E+00,    0.0000000000E+00,    2.4638739791E+02
    169900,      0.676955,CP12_end,   1,    0.0000000000E+00,    2.4638739791E+02,    2.4638739791E+02,    0.0000000000E+00,    0.0000000000E+00,    0.0000000000E+00,    2.4638739791E+02
    169950,      0.676955,CP0_start,   1,    0.0000000000E+00,    2.4654617226E+02,    2.4654617226E+02,    0.0000000000E+00,    0.0000000000E+00,    0.0000000000E+00,    2.4654617226E+02
    169950,      0.676955,CP1_after_deposition,   1,    0.0000000000E+00,    2.4654617226E+02,    2.4654617226E+02,    0.0000000000E+00,    0.0000000000E+00,    0.0000000000E+00,    2.4654617226E+02
    169950,      0.676955,CP2_after_erosion,   1,    0.0000000000E+00,    2.4654617226E+02,    2.4654617226E+02,    0.0000000000E+00,    0.0000000000E+00,    0.0000000000E+00,    2.4654617226E+02
    169950,      0.676955,CP3_after_update_bottom,   1,    0.0000000000E+00,    2.4654617226E+02,    2.4654617226E+02,    0.0000000000E+00,    0.0000000000E+00,    0.0000000000E+00,    2.4654617226E+02
    169950,      0.676955,CP4_after_advection,   1,    0.0000000000E+00,    2.4655594067E+02,    2.4655594067E+02,    0.0000000000E+00,    0.0000000000E+00,    0.0000000000E+00,    2.4655594067E+02
    169950,      0.676955,CP5_after_vdif,   1,    0.0000000000E+00,    2.4655594067E+02,    2.4655594067E+02,    0.0000000000E+00,    0.0000000000E+00,    0.0000000000E+00,    2.4655594067E+02
    169950,      0.676955,CP6_after_kinetics,   1,    0.0000000000E+00,    2.4655594067E+02,    2.4655594067E+02,    0.0000000000E+00,    0.0000000000E+00,    0.0000000000E+00,    2.4655594067E+02
    169950,      0.676955,CP7_after_upper_clamp,   1,    0.0000000000E+00,    2.4655594067E+02,    2.4655594067E+02,    0.0000000000E+00,    0.0000000000E+00,    0.0000000000E+00,    2.4655594067E+02
    169950,      0.676955,CP8_after_OBC,   1,    0.0000000000E+00,    2.4655594067E+02,    2.4655594067E+02,    0.0000000000E+00,    0.0000000000E+00,    0.0000000000E+00,    2.4655594067E+02
    169950,      0.676955,CP9_after_PTsource,   1,    0.0000000000E+00,    2.4655594067E+02,    2.4655594067E+02,    0.0000000000E+00,    0.0000000000E+00,    0.0000000000E+00,    2.4655594067E+02
    169950,      0.676955,CP10_after_neg_clamp,   1,    0.0000000000E+00,    2.4655594067E+02,    2.4655594067E+02,    0.0000000000E+00,    0.0000000000E+00,    0.0000000000E+00,    2.4655594067E+02
    169950,      0.676955,CP11_after_MPI,   1,    0.0000000000E+00,    2.4655594067E+02,    2.4655594067E+02,    0.0000000000E+00,    0.0000000000E+00,    0.0000000000E+00,    2.4655594067E+02
    169950,      0.676955,CP12_end,   1,    0.0000000000E+00,    2.4655594067E+02,    2.4655594067E+02,    0.0000000000E+00,    0.0000000000E+00,    0.0000000000E+00,    2.4655594067E+02
    170000,      0.676955,CP0_start,   1,    0.0000000000E+00,    2.4671597130E+02,    2.4671597130E+02,    0.0000000000E+00,    0.0000000000E+00,    0.0000000000E+00,    2.4671597130E+02
    170000,      0.676955,CP1_after_deposition,   1,    0.0000000000E+00,    2.4671597130E+02,    2.4671597130E+02,    0.0000000000E+00,    0.0000000000E+00,    0.0000000000E+00,    2.4671597130E+02
    170000,      0.676955,CP2_after_erosion,   1,    0.0000000000E+00,    2.4671597130E+02,    2.4671597130E+02,    0.0000000000E+00,    0.0000000000E+00,    0.0000000000E+00,    2.4671597130E+02
    170000,      0.676955,CP3_after_update_bottom,   1,    0.0000000000E+00,    2.4671597130E+02,    2.4671597130E+02,    0.0000000000E+00,    0.0000000000E+00,    0.0000000000E+00,    2.4671597130E+02
    170000,      0.676955,CP4_after_advection,   1,    0.0000000000E+00,    2.4672575010E+02,    2.4672575010E+02,    0.0000000000E+00,    0.0000000000E+00,    0.0000000000E+00,    2.4672575010E+02
    170000,      0.676955,CP5_after_vdif,   1,    0.0000000000E+00,    2.4672575010E+02,    2.4672575010E+02,    0.0000000000E+00,    0.0000000000E+00,    0.0000000000E+00,    2.4672575010E+02
    170000,      0.676955,CP6_after_kinetics,   1,    0.0000000000E+00,    2.4672575010E+02,    2.4672575010E+02,    0.0000000000E+00,    0.0000000000E+00,    0.0000000000E+00,    2.4672575010E+02
    170000,      0.676955,CP7_after_upper_clamp,   1,    0.0000000000E+00,    2.4672575010E+02,    2.4672575010E+02,    0.0000000000E+00,    0.0000000000E+00,    0.0000000000E+00,    2.4672575010E+02
    170000,      0.676955,CP8_after_OBC,   1,    0.0000000000E+00,    2.4672575010E+02,    2.4672575010E+02,    0.0000000000E+00,    0.0000000000E+00,    0.0000000000E+00,    2.4672575010E+02
    170000,      0.676955,CP9_after_PTsource,   1,    0.0000000000E+00,    2.4672575010E+02,    2.4672575010E+02,    0.0000000000E+00,    0.0000000000E+00,    0.0000000000E+00,    2.4672575010E+02
    170000,      0.676955,CP10_after_neg_clamp,   1,    0.0000000000E+00,    2.4672575010E+02,    2.4672575010E+02,    0.0000000000E+00,    0.0000000000E+00,    0.0000000000E+00,    2.4672575010E+02
    170000,      0.676955,CP11_after_MPI,   1,    0.0000000000E+00,    2.4672575010E+02,    2.4672575010E+02,    0.0000000000E+00,    0.0000000000E+00,    0.0000000000E+00,    2.4672575010E+02
    170000,      0.676955,CP12_end,   1,    0.0000000000E+00,    2.4672575010E+02,    2.4672575010E+02,    0.0000000000E+00,    0.0000000000E+00,    0.0000000000E+00,    2.4672575010E+02
    170050,      0.676955,CP0_start,   1,    0.0000000000E+00,    2.4688675856E+02,    2.4688675856E+02,    0.0000000000E+00,    0.0000000000E+00,    0.0000000000E+00,    2.4688675856E+02
    170050,      0.676955,CP1_after_deposition,   1,    0.0000000000E+00,    2.4688675856E+02,    2.4688675856E+02,    0.0000000000E+00,    0.0000000000E+00,    0.0000000000E+00,    2.4688675856E+02
    170050,      0.676955,CP2_after_erosion,   1,    0.0000000000E+00,    2.4688675856E+02,    2.4688675856E+02,    0.0000000000E+00,    0.0000000000E+00,    0.0000000000E+00,    2.4688675856E+02
    170050,      0.676955,CP3_after_update_bottom,   1,    0.0000000000E+00,    2.4688675856E+02,    2.4688675856E+02,    0.0000000000E+00,    0.0000000000E+00,    0.0000000000E+00,    2.4688675856E+02
    170050,      0.676955,CP4_after_advection,   1,    0.0000000000E+00,    2.4689653206E+02,    2.4689653206E+02,    0.0000000000E+00,    0.0000000000E+00,    0.0000000000E+00,    2.4689653206E+02
    170050,      0.676955,CP5_after_vdif,   1,    0.0000000000E+00,    2.4689653206E+02,    2.4689653206E+02,    0.0000000000E+00,    0.0000000000E+00,    0.0000000000E+00,    2.4689653206E+02
    170050,      0.676955,CP6_after_kinetics,   1,    0.0000000000E+00,    2.4689653206E+02,    2.4689653206E+02,    0.0000000000E+00,    0.0000000000E+00,    0.0000000000E+00,    2.4689653206E+02
    170050,      0.676955,CP7_after_upper_clamp,   1,    0.0000000000E+00,    2.4689653206E+02,    2.4689653206E+02,    0.0000000000E+00,    0.0000000000E+00,    0.0000000000E+00,    2.4689653206E+02
    170050,      0.676955,CP8_after_OBC,   1,    0.0000000000E+00,    2.4689653206E+02,    2.4689653206E+02,    0.0000000000E+00,    0.0000000000E+00,    0.0000000000E+00,    2.4689653206E+02
    170050,      0.676955,CP9_after_PTsource,   1,    0.0000000000E+00,    2.4689653206E+02,    2.4689653206E+02,    0.0000000000E+00,    0.0000000000E+00,    0.0000000000E+00,    2.4689653206E+02
    170050,      0.676955,CP10_after_neg_clamp,   1,    0.0000000000E+00,    2.4689653206E+02,    2.4689653206E+02,    0.0000000000E+00,    0.0000000000E+00,    0.0000000000E+00,    2.4689653206E+02
    170050,      0.676955,CP11_after_MPI,   1,    0.0000000000E+00,    2.4689653206E+02,    2.4689653206E+02,    0.0000000000E+00,    0.0000000000E+00,    0.0000000000E+00,    2.4689653206E+02
    170050,      0.676955,CP12_end,   1,    0.0000000000E+00,    2.4689653206E+02,    2.4689653206E+02,    0.0000000000E+00,    0.0000000000E+00,    0.0000000000E+00,    2.4689653206E+02
    170100,      0.676955,CP0_start,   1,    0.0000000000E+00,    2.4705834667E+02,    2.4705834667E+02,    0.0000000000E+00,    0.0000000000E+00,    0.0000000000E+00,    2.4705834667E+02
    170100,      0.676955,CP1_after_deposition,   1,    0.0000000000E+00,    2.4705834667E+02,    2.4705834667E+02,    0.0000000000E+00,    0.0000000000E+00,    0.0000000000E+00,    2.4705834667E+02
    170100,      0.676955,CP2_after_erosion,   1,    0.0000000000E+00,    2.4705834667E+02,    2.4705834667E+02,    0.0000000000E+00,    0.0000000000E+00,    0.0000000000E+00,    2.4705834667E+02
    170100,      0.676955,CP3_after_update_bottom,   1,    0.0000000000E+00,    2.4705834667E+02,    2.4705834667E+02,    0.0000000000E+00,    0.0000000000E+00,    0.0000000000E+00,    2.4705834667E+02
    170100,      0.676955,CP4_after_advection,   1,    0.0000000000E+00,    2.4706811273E+02,    2.4706811273E+02,    0.0000000000E+00,    0.0000000000E+00,    0.0000000000E+00,    2.4706811273E+02
    170100,      0.676955,CP5_after_vdif,   1,    0.0000000000E+00,    2.4706811273E+02,    2.4706811273E+02,    0.0000000000E+00,    0.0000000000E+00,    0.0000000000E+00,    2.4706811273E+02
    170100,      0.676955,CP6_after_kinetics,   1,    0.0000000000E+00,    2.4706811273E+02,    2.4706811273E+02,    0.0000000000E+00,    0.0000000000E+00,    0.0000000000E+00,    2.4706811273E+02
    170100,      0.676955,CP7_after_upper_clamp,   1,    0.0000000000E+00,    2.4706811273E+02,    2.4706811273E+02,    0.0000000000E+00,    0.0000000000E+00,    0.0000000000E+00,    2.4706811273E+02
    170100,      0.676955,CP8_after_OBC,   1,    0.0000000000E+00,    2.4706811273E+02,    2.4706811273E+02,    0.0000000000E+00,    0.0000000000E+00,    0.0000000000E+00,    2.4706811273E+02
    170100,      0.676955,CP9_after_PTsource,   1,    0.0000000000E+00,    2.4706811273E+02,    2.4706811273E+02,    0.0000000000E+00,    0.0000000000E+00,    0.0000000000E+00,    2.4706811273E+02
    170100,      0.676955,CP10_after_neg_clamp,   1,    0.0000000000E+00,    2.4706811273E+02,    2.4706811273E+02,    0.0000000000E+00,    0.0000000000E+00,    0.0000000000E+00,    2.4706811273E+02
    170100,      0.676955,CP11_after_MPI,   1,    0.0000000000E+00,    2.4706811273E+02,    2.4706811273E+02,    0.0000000000E+00,    0.0000000000E+00,    0.0000000000E+00,    2.4706811273E+02
    170100,      0.676955,CP12_end,   1,    0.0000000000E+00,    2.4706811273E+02,    2.4706811273E+02,    0.0000000000E+00,    0.0000000000E+00,    0.0000000000E+00,    2.4706811273E+02
    170150,      0.676955,CP0_start,   1,    0.0000000000E+00,    2.4723506419E+02,    2.4723506419E+02,    0.0000000000E+00,    0.0000000000E+00,    0.0000000000E+00,    2.4723506419E+02
    170150,      0.676955,CP1_after_deposition,   1,    0.0000000000E+00,    2.4723506419E+02,    2.4723506419E+02,    0.0000000000E+00,    0.0000000000E+00,    0.0000000000E+00,    2.4723506419E+02
    170150,      0.676955,CP2_after_erosion,   1,    0.0000000000E+00,    2.4723506419E+02,    2.4723506419E+02,    0.0000000000E+00,    0.0000000000E+00,    0.0000000000E+00,    2.4723506419E+02
    170150,      0.676955,CP3_after_update_bottom,   1,    0.0000000000E+00,    2.4723506419E+02,    2.4723506419E+02,    0.0000000000E+00,    0.0000000000E+00,    0.0000000000E+00,    2.4723506419E+02
    170150,      0.676955,CP4_after_advection,   1,    0.0000000000E+00,    2.4724481826E+02,    2.4724481826E+02,    0.0000000000E+00,    0.0000000000E+00,    0.0000000000E+00,    2.4724481826E+02
    170150,      0.676955,CP5_after_vdif,   1,    0.0000000000E+00,    2.4724481826E+02,    2.4724481826E+02,    0.0000000000E+00,    0.0000000000E+00,    0.0000000000E+00,    2.4724481826E+02
    170150,      0.676955,CP6_after_kinetics,   1,    0.0000000000E+00,    2.4724481826E+02,    2.4724481826E+02,    0.0000000000E+00,    0.0000000000E+00,    0.0000000000E+00,    2.4724481826E+02
    170150,      0.676955,CP7_after_upper_clamp,   1,    0.0000000000E+00,    2.4724481826E+02,    2.4724481826E+02,    0.0000000000E+00,    0.0000000000E+00,    0.0000000000E+00,    2.4724481826E+02
    170150,      0.676955,CP8_after_OBC,   1,    0.0000000000E+00,    2.4724481826E+02,    2.4724481826E+02,    0.0000000000E+00,    0.0000000000E+00,    0.0000000000E+00,    2.4724481826E+02
    170150,      0.676955,CP9_after_PTsource,   1,    0.0000000000E+00,    2.4724481826E+02,    2.4724481826E+02,    0.0000000000E+00,    0.0000000000E+00,    0.0000000000E+00,    2.4724481826E+02
    170150,      0.676955,CP10_after_neg_clamp,   1,    0.0000000000E+00,    2.4724481826E+02,    2.4724481826E+02,    0.0000000000E+00,    0.0000000000E+00,    0.0000000000E+00,    2.4724481826E+02
    170150,      0.676955,CP11_after_MPI,   1,    0.0000000000E+00,    2.4724481826E+02,    2.4724481826E+02,    0.0000000000E+00,    0.0000000000E+00,    0.0000000000E+00,    2.4724481826E+02
    170150,      0.676955,CP12_end,   1,    0.0000000000E+00,    2.4724481826E+02,    2.4724481826E+02,    0.0000000000E+00,    0.0000000000E+00,    0.0000000000E+00,    2.4724481826E+02
    170200,      0.676955,CP0_start,   1,    0.0000000000E+00,    2.4741260878E+02,    2.4741260878E+02,    0.0000000000E+00,    0.0000000000E+00,    0.0000000000E+00,    2.4741260878E+02
    170200,      0.676955,CP1_after_deposition,   1,    0.0000000000E+00,    2.4741260878E+02,    2.4741260878E+02,    0.0000000000E+00,    0.0000000000E+00,    0.0000000000E+00,    2.4741260878E+02
    170200,      0.676955,CP2_after_erosion,   1,    0.0000000000E+00,    2.4741260878E+02,    2.4741260878E+02,    0.0000000000E+00,    0.0000000000E+00,    0.0000000000E+00,    2.4741260878E+02
    170200,      0.676955,CP3_after_update_bottom,   1,    0.0000000000E+00,    2.4741260878E+02,    2.4741260878E+02,    0.0000000000E+00,    0.0000000000E+00,    0.0000000000E+00,    2.4741260878E+02
    170200,      0.676955,CP4_after_advection,   1,    0.0000000000E+00,    2.4742237169E+02,    2.4742237169E+02,    0.0000000000E+00,    0.0000000000E+00,    0.0000000000E+00,    2.4742237169E+02
    170200,      0.676955,CP5_after_vdif,   1,    0.0000000000E+00,    2.4742237169E+02,    2.4742237169E+02,    0.0000000000E+00,    0.0000000000E+00,    0.0000000000E+00,    2.4742237169E+02
    170200,      0.676955,CP6_after_kinetics,   1,    0.0000000000E+00,    2.4742237169E+02,    2.4742237169E+02,    0.0000000000E+00,    0.0000000000E+00,    0.0000000000E+00,    2.4742237169E+02
    170200,      0.676955,CP7_after_upper_clamp,   1,    0.0000000000E+00,    2.4742237169E+02,    2.4742237169E+02,    0.0000000000E+00,    0.0000000000E+00,    0.0000000000E+00,    2.4742237169E+02
    170200,      0.676955,CP8_after_OBC,   1,    0.0000000000E+00,    2.4742237169E+02,    2.4742237169E+02,    0.0000000000E+00,    0.0000000000E+00,    0.0000000000E+00,    2.4742237169E+02
    170200,      0.676955,CP9_after_PTsource,   1,    0.0000000000E+00,    2.4742237169E+02,    2.4742237169E+02,    0.0000000000E+00,    0.0000000000E+00,    0.0000000000E+00,    2.4742237169E+02
    170200,      0.676955,CP10_after_neg_clamp,   1,    0.0000000000E+00,    2.4742237169E+02,    2.4742237169E+02,    0.0000000000E+00,    0.0000000000E+00,    0.0000000000E+00,    2.4742237169E+02
    170200,      0.676955,CP11_after_MPI,   1,    0.0000000000E+00,    2.4742237169E+02,    2.4742237169E+02,    0.0000000000E+00,    0.0000000000E+00,    0.0000000000E+00,    2.4742237169E+02
    170200,      0.676955,CP12_end,   1,    0.0000000000E+00,    2.4742237169E+02,    2.4742237169E+02,    0.0000000000E+00,    0.0000000000E+00,    0.0000000000E+00,    2.4742237169E+02
    170250,      0.676955,CP0_start,   1,    0.0000000000E+00,    2.4759104243E+02,    2.4759104243E+02,    0.0000000000E+00,    0.0000000000E+00,    0.0000000000E+00,    2.4759104243E+02
    170250,      0.676955,CP1_after_deposition,   1,    0.0000000000E+00,    2.4759104243E+02,    2.4759104243E+02,    0.0000000000E+00,    0.0000000000E+00,    0.0000000000E+00,    2.4759104243E+02
    170250,      0.676955,CP2_after_erosion,   1,    0.0000000000E+00,    2.4759104243E+02,    2.4759104243E+02,    0.0000000000E+00,    0.0000000000E+00,    0.0000000000E+00,    2.4759104243E+02
    170250,      0.676955,CP3_after_update_bottom,   1,    0.0000000000E+00,    2.4759104243E+02,    2.4759104243E+02,    0.0000000000E+00,    0.0000000000E+00,    0.0000000000E+00,    2.4759104243E+02
    170250,      0.676955,CP4_after_advection,   1,    0.0000000000E+00,    2.4760080366E+02,    2.4760080366E+02,    0.0000000000E+00,    0.0000000000E+00,    0.0000000000E+00,    2.4760080366E+02
    170250,      0.676955,CP5_after_vdif,   1,    0.0000000000E+00,    2.4760080366E+02,    2.4760080366E+02,    0.0000000000E+00,    0.0000000000E+00,    0.0000000000E+00,    2.4760080366E+02
    170250,      0.676955,CP6_after_kinetics,   1,    0.0000000000E+00,    2.4760080366E+02,    2.4760080366E+02,    0.0000000000E+00,    0.0000000000E+00,    0.0000000000E+00,    2.4760080366E+02
    170250,      0.676955,CP7_after_upper_clamp,   1,    0.0000000000E+00,    2.4760080366E+02,    2.4760080366E+02,    0.0000000000E+00,    0.0000000000E+00,    0.0000000000E+00,    2.4760080366E+02
    170250,      0.676955,CP8_after_OBC,   1,    0.0000000000E+00,    2.4760080366E+02,    2.4760080366E+02,    0.0000000000E+00,    0.0000000000E+00,    0.0000000000E+00,    2.4760080366E+02
    170250,      0.676955,CP9_after_PTsource,   1,    0.0000000000E+00,    2.4760080366E+02,    2.4760080366E+02,    0.0000000000E+00,    0.0000000000E+00,    0.0000000000E+00,    2.4760080366E+02
    170250,      0.676955,CP10_after_neg_clamp,   1,    0.0000000000E+00,    2.4760080366E+02,    2.4760080366E+02,    0.0000000000E+00,    0.0000000000E+00,    0.0000000000E+00,    2.4760080366E+02
    170250,      0.676955,CP11_after_MPI,   1,    0.0000000000E+00,    2.4760080366E+02,    2.4760080366E+02,    0.0000000000E+00,    0.0000000000E+00,    0.0000000000E+00,    2.4760080366E+02
    170250,      0.676955,CP12_end,   1,    0.0000000000E+00,    2.4760080366E+02,    2.4760080366E+02,    0.0000000000E+00,    0.0000000000E+00,    0.0000000000E+00,    2.4760080366E+02
    170300,      0.676955,CP0_start,   1,    0.0000000000E+00,    2.4777016328E+02,    2.4777016328E+02,    0.0000000000E+00,    0.0000000000E+00,    0.0000000000E+00,    2.4777016328E+02
    170300,      0.676955,CP1_after_deposition,   1,    0.0000000000E+00,    2.4777016328E+02,    2.4777016328E+02,    0.0000000000E+00,    0.0000000000E+00,    0.0000000000E+00,    2.4777016328E+02
    170300,      0.676955,CP2_after_erosion,   1,    0.0000000000E+00,    2.4777016328E+02,    2.4777016328E+02,    0.0000000000E+00,    0.0000000000E+00,    0.0000000000E+00,    2.4777016328E+02
    170300,      0.676955,CP3_after_update_bottom,   1,    0.0000000000E+00,    2.4777016328E+02,    2.4777016328E+02,    0.0000000000E+00,    0.0000000000E+00,    0.0000000000E+00,    2.4777016328E+02
    170300,      0.676955,CP4_after_advection,   1,    0.0000000000E+00,    2.4777993790E+02,    2.4777993790E+02,    0.0000000000E+00,    0.0000000000E+00,    0.0000000000E+00,    2.4777993790E+02
    170300,      0.676955,CP5_after_vdif,   1,    0.0000000000E+00,    2.4777993790E+02,    2.4777993790E+02,    0.0000000000E+00,    0.0000000000E+00,    0.0000000000E+00,    2.4777993790E+02
    170300,      0.676955,CP6_after_kinetics,   1,    0.0000000000E+00,    2.4777993790E+02,    2.4777993790E+02,    0.0000000000E+00,    0.0000000000E+00,    0.0000000000E+00,    2.4777993790E+02
    170300,      0.676955,CP7_after_upper_clamp,   1,    0.0000000000E+00,    2.4777993790E+02,    2.4777993790E+02,    0.0000000000E+00,    0.0000000000E+00,    0.0000000000E+00,    2.4777993790E+02
    170300,      0.676955,CP8_after_OBC,   1,    0.0000000000E+00,    2.4777993790E+02,    2.4777993790E+02,    0.0000000000E+00,    0.0000000000E+00,    0.0000000000E+00,    2.4777993790E+02
    170300,      0.676955,CP9_after_PTsource,   1,    0.0000000000E+00,    2.4777993790E+02,    2.4777993790E+02,    0.0000000000E+00,    0.0000000000E+00,    0.0000000000E+00,    2.4777993790E+02
    170300,      0.676955,CP10_after_neg_clamp,   1,    0.0000000000E+00,    2.4777993790E+02,    2.4777993790E+02,    0.0000000000E+00,    0.0000000000E+00,    0.0000000000E+00,    2.4777993790E+02
    170300,      0.676955,CP11_after_MPI,   1,    0.0000000000E+00,    2.4777993790E+02,    2.4777993790E+02,    0.0000000000E+00,    0.0000000000E+00,    0.0000000000E+00,    2.4777993790E+02
    170300,      0.676955,CP12_end,   1,    0.0000000000E+00,    2.4777993790E+02,    2.4777993790E+02,    0.0000000000E+00,    0.0000000000E+00,    0.0000000000E+00,    2.4777993790E+02
    170350,      0.676955,CP0_start,   1,    0.0000000000E+00,    2.4794975947E+02,    2.4794975947E+02,    0.0000000000E+00,    0.0000000000E+00,    0.0000000000E+00,    2.4794975947E+02
    170350,      0.676955,CP1_after_deposition,   1,    0.0000000000E+00,    2.4794975947E+02,    2.4794975947E+02,    0.0000000000E+00,    0.0000000000E+00,    0.0000000000E+00,    2.4794975947E+02
    170350,      0.676955,CP2_after_erosion,   1,    0.0000000000E+00,    2.4794975947E+02,    2.4794975947E+02,    0.0000000000E+00,    0.0000000000E+00,    0.0000000000E+00,    2.4794975947E+02
    170350,      0.676955,CP3_after_update_bottom,   1,    0.0000000000E+00,    2.4794975947E+02,    2.4794975947E+02,    0.0000000000E+00,    0.0000000000E+00,    0.0000000000E+00,    2.4794975947E+02
    170350,      0.676955,CP4_after_advection,   1,    0.0000000000E+00,    2.4795952999E+02,    2.4795952999E+02,    0.0000000000E+00,    0.0000000000E+00,    0.0000000000E+00,    2.4795952999E+02
    170350,      0.676955,CP5_after_vdif,   1,    0.0000000000E+00,    2.4795952999E+02,    2.4795952999E+02,    0.0000000000E+00,    0.0000000000E+00,    0.0000000000E+00,    2.4795952999E+02
    170350,      0.676955,CP6_after_kinetics,   1,    0.0000000000E+00,    2.4795952999E+02,    2.4795952999E+02,    0.0000000000E+00,    0.0000000000E+00,    0.0000000000E+00,    2.4795952999E+02
    170350,      0.676955,CP7_after_upper_clamp,   1,    0.0000000000E+00,    2.4795952999E+02,    2.4795952999E+02,    0.0000000000E+00,    0.0000000000E+00,    0.0000000000E+00,    2.4795952999E+02
    170350,      0.676955,CP8_after_OBC,   1,    0.0000000000E+00,    2.4795952999E+02,    2.4795952999E+02,    0.0000000000E+00,    0.0000000000E+00,    0.0000000000E+00,    2.4795952999E+02
    170350,      0.676955,CP9_after_PTsource,   1,    0.0000000000E+00,    2.4795952999E+02,    2.4795952999E+02,    0.0000000000E+00,    0.0000000000E+00,    0.0000000000E+00,    2.4795952999E+02
    170350,      0.676955,CP10_after_neg_clamp,   1,    0.0000000000E+00,    2.4795952999E+02,    2.4795952999E+02,    0.0000000000E+00,    0.0000000000E+00,    0.0000000000E+00,    2.4795952999E+02
    170350,      0.676955,CP11_after_MPI,   1,    0.0000000000E+00,    2.4795952999E+02,    2.4795952999E+02,    0.0000000000E+00,    0.0000000000E+00,    0.0000000000E+00,    2.4795952999E+02
    170350,      0.676955,CP12_end,   1,    0.0000000000E+00,    2.4795952999E+02,    2.4795952999E+02,    0.0000000000E+00,    0.0000000000E+00,    0.0000000000E+00,    2.4795952999E+02
    170400,      0.676955,CP0_start,   1,    0.0000000000E+00,    2.4813002525E+02,    2.4813002525E+02,    0.0000000000E+00,    0.0000000000E+00,    0.0000000000E+00,    2.4813002525E+02
    170400,      0.676955,CP1_after_deposition,   1,    0.0000000000E+00,    2.4813002525E+02,    2.4813002525E+02,    0.0000000000E+00,    0.0000000000E+00,    0.0000000000E+00,    2.4813002525E+02
    170400,      0.676955,CP2_after_erosion,   1,    0.0000000000E+00,    2.4813002525E+02,    2.4813002525E+02,    0.0000000000E+00,    0.0000000000E+00,    0.0000000000E+00,    2.4813002525E+02
    170400,      0.676955,CP3_after_update_bottom,   1,    0.0000000000E+00,    2.4813002525E+02,    2.4813002525E+02,    0.0000000000E+00,    0.0000000000E+00,    0.0000000000E+00,    2.4813002525E+02
    170400,      0.676955,CP4_after_advection,   1,    0.0000000000E+00,    2.4813978458E+02,    2.4813978458E+02,    0.0000000000E+00,    0.0000000000E+00,    0.0000000000E+00,    2.4813978458E+02
    170400,      0.676955,CP5_after_vdif,   1,    0.0000000000E+00,    2.4813978458E+02,    2.4813978458E+02,    0.0000000000E+00,    0.0000000000E+00,    0.0000000000E+00,    2.4813978458E+02
    170400,      0.676955,CP6_after_kinetics,   1,    0.0000000000E+00,    2.4813978458E+02,    2.4813978458E+02,    0.0000000000E+00,    0.0000000000E+00,    0.0000000000E+00,    2.4813978458E+02
    170400,      0.676955,CP7_after_upper_clamp,   1,    0.0000000000E+00,    2.4813978458E+02,    2.4813978458E+02,    0.0000000000E+00,    0.0000000000E+00,    0.0000000000E+00,    2.4813978458E+02
    170400,      0.676955,CP8_after_OBC,   1,    0.0000000000E+00,    2.4813978458E+02,    2.4813978458E+02,    0.0000000000E+00,    0.0000000000E+00,    0.0000000000E+00,    2.4813978458E+02
    170400,      0.676955,CP9_after_PTsource,   1,    0.0000000000E+00,    2.4813978458E+02,    2.4813978458E+02,    0.0000000000E+00,    0.0000000000E+00,    0.0000000000E+00,    2.4813978458E+02
    170400,      0.676955,CP10_after_neg_clamp,   1,    0.0000000000E+00,    2.4813978458E+02,    2.4813978458E+02,    0.0000000000E+00,    0.0000000000E+00,    0.0000000000E+00,    2.4813978458E+02
    170400,      0.676955,CP11_after_MPI,   1,    0.0000000000E+00,    2.4813978458E+02,    2.4813978458E+02,    0.0000000000E+00,    0.0000000000E+00,    0.0000000000E+00,    2.4813978458E+02
    170400,      0.676955,CP12_end,   1,    0.0000000000E+00,    2.4813978458E+02,    2.4813978458E+02,    0.0000000000E+00,    0.0000000000E+00,    0.0000000000E+00,    2.4813978458E+02
    170450,      0.676955,CP0_start,   1,    0.0000000000E+00,    2.4831039032E+02,    2.4831039032E+02,    0.0000000000E+00,    0.0000000000E+00,    0.0000000000E+00,    2.4831039032E+02
    170450,      0.676955,CP1_after_deposition,   1,    0.0000000000E+00,    2.4831039032E+02,    2.4831039032E+02,    0.0000000000E+00,    0.0000000000E+00,    0.0000000000E+00,    2.4831039032E+02
    170450,      0.676955,CP2_after_erosion,   1,    0.0000000000E+00,    2.4831039032E+02,    2.4831039032E+02,    0.0000000000E+00,    0.0000000000E+00,    0.0000000000E+00,    2.4831039032E+02
    170450,      0.676955,CP3_after_update_bottom,   1,    0.0000000000E+00,    2.4831039032E+02,    2.4831039032E+02,    0.0000000000E+00,    0.0000000000E+00,    0.0000000000E+00,    2.4831039032E+02
    170450,      0.676955,CP4_after_advection,   1,    0.0000000000E+00,    2.4832012076E+02,    2.4832012076E+02,    0.0000000000E+00,    0.0000000000E+00,    0.0000000000E+00,    2.4832012076E+02
    170450,      0.676955,CP5_after_vdif,   1,    0.0000000000E+00,    2.4832012076E+02,    2.4832012076E+02,    0.0000000000E+00,    0.0000000000E+00,    0.0000000000E+00,    2.4832012076E+02
    170450,      0.676955,CP6_after_kinetics,   1,    0.0000000000E+00,    2.4832012076E+02,    2.4832012076E+02,    0.0000000000E+00,    0.0000000000E+00,    0.0000000000E+00,    2.4832012076E+02
    170450,      0.676955,CP7_after_upper_clamp,   1,    0.0000000000E+00,    2.4832012076E+02,    2.4832012076E+02,    0.0000000000E+00,    0.0000000000E+00,    0.0000000000E+00,    2.4832012076E+02
    170450,      0.676955,CP8_after_OBC,   1,    0.0000000000E+00,    2.4832012076E+02,    2.4832012076E+02,    0.0000000000E+00,    0.0000000000E+00,    0.0000000000E+00,    2.4832012076E+02
    170450,      0.676955,CP9_after_PTsource,   1,    0.0000000000E+00,    2.4832012076E+02,    2.4832012076E+02,    0.0000000000E+00,    0.0000000000E+00,    0.0000000000E+00,    2.4832012076E+02
    170450,      0.676955,CP10_after_neg_clamp,   1,    0.0000000000E+00,    2.4832012076E+02,    2.4832012076E+02,    0.0000000000E+00,    0.0000000000E+00,    0.0000000000E+00,    2.4832012076E+02
    170450,      0.676955,CP11_after_MPI,   1,    0.0000000000E+00,    2.4832012076E+02,    2.4832012076E+02,    0.0000000000E+00,    0.0000000000E+00,    0.0000000000E+00,    2.4832012076E+02
    170450,      0.676955,CP12_end,   1,    0.0000000000E+00,    2.4832012076E+02,    2.4832012076E+02,    0.0000000000E+00,    0.0000000000E+00,    0.0000000000E+00,    2.4832012076E+02
    170500,      0.676955,CP0_start,   1,    0.0000000000E+00,    2.4849053816E+02,    2.4849053816E+02,    0.0000000000E+00,    0.0000000000E+00,    0.0000000000E+00,    2.4849053816E+02
    170500,      0.676955,CP1_after_deposition,   1,    0.0000000000E+00,    2.4849053816E+02,    2.4849053816E+02,    0.0000000000E+00,    0.0000000000E+00,    0.0000000000E+00,    2.4849053816E+02
    170500,      0.676955,CP2_after_erosion,   1,    0.0000000000E+00,    2.4849053816E+02,    2.4849053816E+02,    0.0000000000E+00,    0.0000000000E+00,    0.0000000000E+00,    2.4849053816E+02
    170500,      0.676955,CP3_after_update_bottom,   1,    0.0000000000E+00,    2.4849053816E+02,    2.4849053816E+02,    0.0000000000E+00,    0.0000000000E+00,    0.0000000000E+00,    2.4849053816E+02
    170500,      0.676955,CP4_after_advection,   1,    0.0000000000E+00,    2.4850028201E+02,    2.4850028201E+02,    0.0000000000E+00,    0.0000000000E+00,    0.0000000000E+00,    2.4850028201E+02
    170500,      0.676955,CP5_after_vdif,   1,    0.0000000000E+00,    2.4850028201E+02,    2.4850028201E+02,    0.0000000000E+00,    0.0000000000E+00,    0.0000000000E+00,    2.4850028201E+02
    170500,      0.676955,CP6_after_kinetics,   1,    0.0000000000E+00,    2.4850028201E+02,    2.4850028201E+02,    0.0000000000E+00,    0.0000000000E+00,    0.0000000000E+00,    2.4850028201E+02
    170500,      0.676955,CP7_after_upper_clamp,   1,    0.0000000000E+00,    2.4850028201E+02,    2.4850028201E+02,    0.0000000000E+00,    0.0000000000E+00,    0.0000000000E+00,    2.4850028201E+02
    170500,      0.676955,CP8_after_OBC,   1,    0.0000000000E+00,    2.4850028201E+02,    2.4850028201E+02,    0.0000000000E+00,    0.0000000000E+00,    0.0000000000E+00,    2.4850028201E+02
    170500,      0.676955,CP9_after_PTsource,   1,    0.0000000000E+00,    2.4850028201E+02,    2.4850028201E+02,    0.0000000000E+00,    0.0000000000E+00,    0.0000000000E+00,    2.4850028201E+02
    170500,      0.676955,CP10_after_neg_clamp,   1,    0.0000000000E+00,    2.4850028201E+02,    2.4850028201E+02,    0.0000000000E+00,    0.0000000000E+00,    0.0000000000E+00,    2.4850028201E+02
    170500,      0.676955,CP11_after_MPI,   1,    0.0000000000E+00,    2.4850028201E+02,    2.4850028201E+02,    0.0000000000E+00,    0.0000000000E+00,    0.0000000000E+00,    2.4850028201E+02
    170500,      0.676955,CP12_end,   1,    0.0000000000E+00,    2.4850028201E+02,    2.4850028201E+02,    0.0000000000E+00,    0.0000000000E+00,    0.0000000000E+00,    2.4850028201E+02
    170550,      0.676955,CP0_start,   1,    0.0000000000E+00,    2.4867086887E+02,    2.4867086887E+02,    0.0000000000E+00,    0.0000000000E+00,    0.0000000000E+00,    2.4867086887E+02
    170550,      0.676955,CP1_after_deposition,   1,    0.0000000000E+00,    2.4867086887E+02,    2.4867086887E+02,    0.0000000000E+00,    0.0000000000E+00,    0.0000000000E+00,    2.4867086887E+02
    170550,      0.676955,CP2_after_erosion,   1,    0.0000000000E+00,    2.4867086887E+02,    2.4867086887E+02,    0.0000000000E+00,    0.0000000000E+00,    0.0000000000E+00,    2.4867086887E+02
    170550,      0.676955,CP3_after_update_bottom,   1,    0.0000000000E+00,    2.4867086887E+02,    2.4867086887E+02,    0.0000000000E+00,    0.0000000000E+00,    0.0000000000E+00,    2.4867086887E+02
    170550,      0.676955,CP4_after_advection,   1,    0.0000000000E+00,    2.4868059482E+02,    2.4868059482E+02,    0.0000000000E+00,    0.0000000000E+00,    0.0000000000E+00,    2.4868059482E+02
    170550,      0.676955,CP5_after_vdif,   1,    0.0000000000E+00,    2.4868059482E+02,    2.4868059482E+02,    0.0000000000E+00,    0.0000000000E+00,    0.0000000000E+00,    2.4868059482E+02
    170550,      0.676955,CP6_after_kinetics,   1,    0.0000000000E+00,    2.4868059482E+02,    2.4868059482E+02,    0.0000000000E+00,    0.0000000000E+00,    0.0000000000E+00,    2.4868059482E+02
    170550,      0.676955,CP7_after_upper_clamp,   1,    0.0000000000E+00,    2.4868059482E+02,    2.4868059482E+02,    0.0000000000E+00,    0.0000000000E+00,    0.0000000000E+00,    2.4868059482E+02
    170550,      0.676955,CP8_after_OBC,   1,    0.0000000000E+00,    2.4868059482E+02,    2.4868059482E+02,    0.0000000000E+00,    0.0000000000E+00,    0.0000000000E+00,    2.4868059482E+02
    170550,      0.676955,CP9_after_PTsource,   1,    0.0000000000E+00,    2.4868059482E+02,    2.4868059482E+02,    0.0000000000E+00,    0.0000000000E+00,    0.0000000000E+00,    2.4868059482E+02
    170550,      0.676955,CP10_after_neg_clamp,   1,    0.0000000000E+00,    2.4868059482E+02,    2.4868059482E+02,    0.0000000000E+00,    0.0000000000E+00,    0.0000000000E+00,    2.4868059482E+02
    170550,      0.676955,CP11_after_MPI,   1,    0.0000000000E+00,    2.4868059482E+02,    2.4868059482E+02,    0.0000000000E+00,    0.0000000000E+00,    0.0000000000E+00,    2.4868059482E+02
    170550,      0.676955,CP12_end,   1,    0.0000000000E+00,    2.4868059482E+02,    2.4868059482E+02,    0.0000000000E+00,    0.0000000000E+00,    0.0000000000E+00,    2.4868059482E+02
    170600,      0.676955,CP0_start,   1,    0.0000000000E+00,    2.4885094858E+02,    2.4885094858E+02,    0.0000000000E+00,    0.0000000000E+00,    0.0000000000E+00,    2.4885094858E+02
    170600,      0.676955,CP1_after_deposition,   1,    0.0000000000E+00,    2.4885094858E+02,    2.4885094858E+02,    0.0000000000E+00,    0.0000000000E+00,    0.0000000000E+00,    2.4885094858E+02
    170600,      0.676955,CP2_after_erosion,   1,    0.0000000000E+00,    2.4885094858E+02,    2.4885094858E+02,    0.0000000000E+00,    0.0000000000E+00,    0.0000000000E+00,    2.4885094858E+02
    170600,      0.676955,CP3_after_update_bottom,   1,    0.0000000000E+00,    2.4885094858E+02,    2.4885094858E+02,    0.0000000000E+00,    0.0000000000E+00,    0.0000000000E+00,    2.4885094858E+02
    170600,      0.676955,CP4_after_advection,   1,    0.0000000000E+00,    2.4886064723E+02,    2.4886064723E+02,    0.0000000000E+00,    0.0000000000E+00,    0.0000000000E+00,    2.4886064723E+02
    170600,      0.676955,CP5_after_vdif,   1,    0.0000000000E+00,    2.4886064723E+02,    2.4886064723E+02,    0.0000000000E+00,    0.0000000000E+00,    0.0000000000E+00,    2.4886064723E+02
    170600,      0.676955,CP6_after_kinetics,   1,    0.0000000000E+00,    2.4886064723E+02,    2.4886064723E+02,    0.0000000000E+00,    0.0000000000E+00,    0.0000000000E+00,    2.4886064723E+02
    170600,      0.676955,CP7_after_upper_clamp,   1,    0.0000000000E+00,    2.4886064723E+02,    2.4886064723E+02,    0.0000000000E+00,    0.0000000000E+00,    0.0000000000E+00,    2.4886064723E+02
    170600,      0.676955,CP8_after_OBC,   1,    0.0000000000E+00,    2.4886064723E+02,    2.4886064723E+02,    0.0000000000E+00,    0.0000000000E+00,    0.0000000000E+00,    2.4886064723E+02
    170600,      0.676955,CP9_after_PTsource,   1,    0.0000000000E+00,    2.4886064723E+02,    2.4886064723E+02,    0.0000000000E+00,    0.0000000000E+00,    0.0000000000E+00,    2.4886064723E+02
    170600,      0.676955,CP10_after_neg_clamp,   1,    0.0000000000E+00,    2.4886064723E+02,    2.4886064723E+02,    0.0000000000E+00,    0.0000000000E+00,    0.0000000000E+00,    2.4886064723E+02
    170600,      0.676955,CP11_after_MPI,   1,    0.0000000000E+00,    2.4886064723E+02,    2.4886064723E+02,    0.0000000000E+00,    0.0000000000E+00,    0.0000000000E+00,    2.4886064723E+02
    170600,      0.676955,CP12_end,   1,    0.0000000000E+00,    2.4886064723E+02,    2.4886064723E+02,    0.0000000000E+00,    0.0000000000E+00,    0.0000000000E+00,    2.4886064723E+02
    170650,      0.676955,CP0_start,   1,    0.0000000000E+00,    2.4903095866E+02,    2.4903095866E+02,    0.0000000000E+00,    0.0000000000E+00,    0.0000000000E+00,    2.4903095866E+02
    170650,      0.676955,CP1_after_deposition,   1,    0.0000000000E+00,    2.4903095866E+02,    2.4903095866E+02,    0.0000000000E+00,    0.0000000000E+00,    0.0000000000E+00,    2.4903095866E+02
    170650,      0.676955,CP2_after_erosion,   1,    0.0000000000E+00,    2.4903095866E+02,    2.4903095866E+02,    0.0000000000E+00,    0.0000000000E+00,    0.0000000000E+00,    2.4903095866E+02
    170650,      0.676955,CP3_after_update_bottom,   1,    0.0000000000E+00,    2.4903095866E+02,    2.4903095866E+02,    0.0000000000E+00,    0.0000000000E+00,    0.0000000000E+00,    2.4903095866E+02
    170650,      0.676955,CP4_after_advection,   1,    0.0000000000E+00,    2.4904063768E+02,    2.4904063768E+02,    0.0000000000E+00,    0.0000000000E+00,    0.0000000000E+00,    2.4904063768E+02
    170650,      0.676955,CP5_after_vdif,   1,    0.0000000000E+00,    2.4904063768E+02,    2.4904063768E+02,    0.0000000000E+00,    0.0000000000E+00,    0.0000000000E+00,    2.4904063768E+02
    170650,      0.676955,CP6_after_kinetics,   1,    0.0000000000E+00,    2.4904063768E+02,    2.4904063768E+02,    0.0000000000E+00,    0.0000000000E+00,    0.0000000000E+00,    2.4904063768E+02
    170650,      0.676955,CP7_after_upper_clamp,   1,    0.0000000000E+00,    2.4904063768E+02,    2.4904063768E+02,    0.0000000000E+00,    0.0000000000E+00,    0.0000000000E+00,    2.4904063768E+02
    170650,      0.676955,CP8_after_OBC,   1,    0.0000000000E+00,    2.4904063768E+02,    2.4904063768E+02,    0.0000000000E+00,    0.0000000000E+00,    0.0000000000E+00,    2.4904063768E+02
    170650,      0.676955,CP9_after_PTsource,   1,    0.0000000000E+00,    2.4904063768E+02,    2.4904063768E+02,    0.0000000000E+00,    0.0000000000E+00,    0.0000000000E+00,    2.4904063768E+02
    170650,      0.676955,CP10_after_neg_clamp,   1,    0.0000000000E+00,    2.4904063768E+02,    2.4904063768E+02,    0.0000000000E+00,    0.0000000000E+00,    0.0000000000E+00,    2.4904063768E+02
    170650,      0.676955,CP11_after_MPI,   1,    0.0000000000E+00,    2.4904063768E+02,    2.4904063768E+02,    0.0000000000E+00,    0.0000000000E+00,    0.0000000000E+00,    2.4904063768E+02
    170650,      0.676955,CP12_end,   1,    0.0000000000E+00,    2.4904063768E+02,    2.4904063768E+02,    0.0000000000E+00,    0.0000000000E+00,    0.0000000000E+00,    2.4904063768E+02
    170700,      0.676955,CP0_start,   1,    0.0000000000E+00,    2.4921093162E+02,    2.4921093162E+02,    0.0000000000E+00,    0.0000000000E+00,    0.0000000000E+00,    2.4921093162E+02
    170700,      0.676955,CP1_after_deposition,   1,    0.0000000000E+00,    2.4921093162E+02,    2.4921093162E+02,    0.0000000000E+00,    0.0000000000E+00,    0.0000000000E+00,    2.4921093162E+02
    170700,      0.676955,CP2_after_erosion,   1,    0.0000000000E+00,    2.4921093162E+02,    2.4921093162E+02,    0.0000000000E+00,    0.0000000000E+00,    0.0000000000E+00,    2.4921093162E+02
    170700,      0.676955,CP3_after_update_bottom,   1,    0.0000000000E+00,    2.4921093162E+02,    2.4921093162E+02,    0.0000000000E+00,    0.0000000000E+00,    0.0000000000E+00,    2.4921093162E+02
    170700,      0.676955,CP4_after_advection,   1,    0.0000000000E+00,    2.4922060131E+02,    2.4922060131E+02,    0.0000000000E+00,    0.0000000000E+00,    0.0000000000E+00,    2.4922060131E+02
    170700,      0.676955,CP5_after_vdif,   1,    0.0000000000E+00,    2.4922060131E+02,    2.4922060131E+02,    0.0000000000E+00,    0.0000000000E+00,    0.0000000000E+00,    2.4922060131E+02
    170700,      0.676955,CP6_after_kinetics,   1,    0.0000000000E+00,    2.4922060131E+02,    2.4922060131E+02,    0.0000000000E+00,    0.0000000000E+00,    0.0000000000E+00,    2.4922060131E+02
    170700,      0.676955,CP7_after_upper_clamp,   1,    0.0000000000E+00,    2.4922060131E+02,    2.4922060131E+02,    0.0000000000E+00,    0.0000000000E+00,    0.0000000000E+00,    2.4922060131E+02
    170700,      0.676955,CP8_after_OBC,   1,    0.0000000000E+00,    2.4922060131E+02,    2.4922060131E+02,    0.0000000000E+00,    0.0000000000E+00,    0.0000000000E+00,    2.4922060131E+02
    170700,      0.676955,CP9_after_PTsource,   1,    0.0000000000E+00,    2.4922060131E+02,    2.4922060131E+02,    0.0000000000E+00,    0.0000000000E+00,    0.0000000000E+00,    2.4922060131E+02
    170700,      0.676955,CP10_after_neg_clamp,   1,    0.0000000000E+00,    2.4922060131E+02,    2.4922060131E+02,    0.0000000000E+00,    0.0000000000E+00,    0.0000000000E+00,    2.4922060131E+02
    170700,      0.676955,CP11_after_MPI,   1,    0.0000000000E+00,    2.4922060131E+02,    2.4922060131E+02,    0.0000000000E+00,    0.0000000000E+00,    0.0000000000E+00,    2.4922060131E+02
    170700,      0.676955,CP12_end,   1,    0.0000000000E+00,    2.4922060131E+02,    2.4922060131E+02,    0.0000000000E+00,    0.0000000000E+00,    0.0000000000E+00,    2.4922060131E+02
    170750,      0.676955,CP0_start,   1,    0.0000000000E+00,    2.4939106452E+02,    2.4939106452E+02,    0.0000000000E+00,    0.0000000000E+00,    0.0000000000E+00,    2.4939106452E+02
    170750,      0.676955,CP1_after_deposition,   1,    0.0000000000E+00,    2.4939106452E+02,    2.4939106452E+02,    0.0000000000E+00,    0.0000000000E+00,    0.0000000000E+00,    2.4939106452E+02
    170750,      0.676955,CP2_after_erosion,   1,    0.0000000000E+00,    2.4939106452E+02,    2.4939106452E+02,    0.0000000000E+00,    0.0000000000E+00,    0.0000000000E+00,    2.4939106452E+02
    170750,      0.676955,CP3_after_update_bottom,   1,    0.0000000000E+00,    2.4939106452E+02,    2.4939106452E+02,    0.0000000000E+00,    0.0000000000E+00,    0.0000000000E+00,    2.4939106452E+02
    170750,      0.676955,CP4_after_advection,   1,    0.0000000000E+00,    2.4940073111E+02,    2.4940073111E+02,    0.0000000000E+00,    0.0000000000E+00,    0.0000000000E+00,    2.4940073111E+02
    170750,      0.676955,CP5_after_vdif,   1,    0.0000000000E+00,    2.4940073111E+02,    2.4940073111E+02,    0.0000000000E+00,    0.0000000000E+00,    0.0000000000E+00,    2.4940073111E+02
    170750,      0.676955,CP6_after_kinetics,   1,    0.0000000000E+00,    2.4940073111E+02,    2.4940073111E+02,    0.0000000000E+00,    0.0000000000E+00,    0.0000000000E+00,    2.4940073111E+02
    170750,      0.676955,CP7_after_upper_clamp,   1,    0.0000000000E+00,    2.4940073111E+02,    2.4940073111E+02,    0.0000000000E+00,    0.0000000000E+00,    0.0000000000E+00,    2.4940073111E+02
    170750,      0.676955,CP8_after_OBC,   1,    0.0000000000E+00,    2.4940073111E+02,    2.4940073111E+02,    0.0000000000E+00,    0.0000000000E+00,    0.0000000000E+00,    2.4940073111E+02
    170750,      0.676955,CP9_after_PTsource,   1,    0.0000000000E+00,    2.4940073111E+02,    2.4940073111E+02,    0.0000000000E+00,    0.0000000000E+00,    0.0000000000E+00,    2.4940073111E+02
    170750,      0.676955,CP10_after_neg_clamp,   1,    0.0000000000E+00,    2.4940073111E+02,    2.4940073111E+02,    0.0000000000E+00,    0.0000000000E+00,    0.0000000000E+00,    2.4940073111E+02
    170750,      0.676955,CP11_after_MPI,   1,    0.0000000000E+00,    2.4940073111E+02,    2.4940073111E+02,    0.0000000000E+00,    0.0000000000E+00,    0.0000000000E+00,    2.4940073111E+02
    170750,      0.676955,CP12_end,   1,    0.0000000000E+00,    2.4940073111E+02,    2.4940073111E+02,    0.0000000000E+00,    0.0000000000E+00,    0.0000000000E+00,    2.4940073111E+02
    170800,      0.676955,CP0_start,   1,    0.0000000000E+00,    2.4957092254E+02,    2.4957092254E+02,    0.0000000000E+00,    0.0000000000E+00,    0.0000000000E+00,    2.4957092254E+02
    170800,      0.676955,CP1_after_deposition,   1,    0.0000000000E+00,    2.4957092254E+02,    2.4957092254E+02,    0.0000000000E+00,    0.0000000000E+00,    0.0000000000E+00,    2.4957092254E+02
    170800,      0.676955,CP2_after_erosion,   1,    0.0000000000E+00,    2.4957092254E+02,    2.4957092254E+02,    0.0000000000E+00,    0.0000000000E+00,    0.0000000000E+00,    2.4957092254E+02
    170800,      0.676955,CP3_after_update_bottom,   1,    0.0000000000E+00,    2.4957092254E+02,    2.4957092254E+02,    0.0000000000E+00,    0.0000000000E+00,    0.0000000000E+00,    2.4957092254E+02
    170800,      0.676955,CP4_after_advection,   1,    0.0000000000E+00,    2.4958057461E+02,    2.4958057461E+02,    0.0000000000E+00,    0.0000000000E+00,    0.0000000000E+00,    2.4958057461E+02
    170800,      0.676955,CP5_after_vdif,   1,    0.0000000000E+00,    2.4958057461E+02,    2.4958057461E+02,    0.0000000000E+00,    0.0000000000E+00,    0.0000000000E+00,    2.4958057461E+02
    170800,      0.676955,CP6_after_kinetics,   1,    0.0000000000E+00,    2.4958057461E+02,    2.4958057461E+02,    0.0000000000E+00,    0.0000000000E+00,    0.0000000000E+00,    2.4958057461E+02
    170800,      0.676955,CP7_after_upper_clamp,   1,    0.0000000000E+00,    2.4958057461E+02,    2.4958057461E+02,    0.0000000000E+00,    0.0000000000E+00,    0.0000000000E+00,    2.4958057461E+02
    170800,      0.676955,CP8_after_OBC,   1,    0.0000000000E+00,    2.4958057461E+02,    2.4958057461E+02,    0.0000000000E+00,    0.0000000000E+00,    0.0000000000E+00,    2.4958057461E+02
    170800,      0.676955,CP9_after_PTsource,   1,    0.0000000000E+00,    2.4958057461E+02,    2.4958057461E+02,    0.0000000000E+00,    0.0000000000E+00,    0.0000000000E+00,    2.4958057461E+02
    170800,      0.676955,CP10_after_neg_clamp,   1,    0.0000000000E+00,    2.4958057461E+02,    2.4958057461E+02,    0.0000000000E+00,    0.0000000000E+00,    0.0000000000E+00,    2.4958057461E+02
    170800,      0.676955,CP11_after_MPI,   1,    0.0000000000E+00,    2.4958057461E+02,    2.4958057461E+02,    0.0000000000E+00,    0.0000000000E+00,    0.0000000000E+00,    2.4958057461E+02
    170800,      0.676955,CP12_end,   1,    0.0000000000E+00,    2.4958057461E+02,    2.4958057461E+02,    0.0000000000E+00,    0.0000000000E+00,    0.0000000000E+00,    2.4958057461E+02
    170850,      0.676955,CP0_start,   1,    0.0000000000E+00,    2.4975012470E+02,    2.4975012470E+02,    0.0000000000E+00,    0.0000000000E+00,    0.0000000000E+00,    2.4975012470E+02
    170850,      0.676955,CP1_after_deposition,   1,    0.0000000000E+00,    2.4975012470E+02,    2.4975012470E+02,    0.0000000000E+00,    0.0000000000E+00,    0.0000000000E+00,    2.4975012470E+02
    170850,      0.676955,CP2_after_erosion,   1,    0.0000000000E+00,    2.4975012470E+02,    2.4975012470E+02,    0.0000000000E+00,    0.0000000000E+00,    0.0000000000E+00,    2.4975012470E+02
    170850,      0.676955,CP3_after_update_bottom,   1,    0.0000000000E+00,    2.4975012470E+02,    2.4975012470E+02,    0.0000000000E+00,    0.0000000000E+00,    0.0000000000E+00,    2.4975012470E+02
    170850,      0.676955,CP4_after_advection,   1,    0.0000000000E+00,    2.4975974553E+02,    2.4975974553E+02,    0.0000000000E+00,    0.0000000000E+00,    0.0000000000E+00,    2.4975974553E+02
    170850,      0.676955,CP5_after_vdif,   1,    0.0000000000E+00,    2.4975974553E+02,    2.4975974553E+02,    0.0000000000E+00,    0.0000000000E+00,    0.0000000000E+00,    2.4975974553E+02
    170850,      0.676955,CP6_after_kinetics,   1,    0.0000000000E+00,    2.4975974553E+02,    2.4975974553E+02,    0.0000000000E+00,    0.0000000000E+00,    0.0000000000E+00,    2.4975974553E+02
    170850,      0.676955,CP7_after_upper_clamp,   1,    0.0000000000E+00,    2.4975974553E+02,    2.4975974553E+02,    0.0000000000E+00,    0.0000000000E+00,    0.0000000000E+00,    2.4975974553E+02
    170850,      0.676955,CP8_after_OBC,   1,    0.0000000000E+00,    2.4975974553E+02,    2.4975974553E+02,    0.0000000000E+00,    0.0000000000E+00,    0.0000000000E+00,    2.4975974553E+02
    170850,      0.676955,CP9_after_PTsource,   1,    0.0000000000E+00,    2.4975974553E+02,    2.4975974553E+02,    0.0000000000E+00,    0.0000000000E+00,    0.0000000000E+00,    2.4975974553E+02
    170850,      0.676955,CP10_after_neg_clamp,   1,    0.0000000000E+00,    2.4975974553E+02,    2.4975974553E+02,    0.0000000000E+00,    0.0000000000E+00,    0.0000000000E+00,    2.4975974553E+02
    170850,      0.676955,CP11_after_MPI,   1,    0.0000000000E+00,    2.4975974553E+02,    2.4975974553E+02,    0.0000000000E+00,    0.0000000000E+00,    0.0000000000E+00,    2.4975974553E+02
    170850,      0.676955,CP12_end,   1,    0.0000000000E+00,    2.4975974553E+02,    2.4975974553E+02,    0.0000000000E+00,    0.0000000000E+00,    0.0000000000E+00,    2.4975974553E+02
    170900,      0.676956,CP0_start,   1,    0.0000000000E+00,    2.4992863468E+02,    2.4992863468E+02,    0.0000000000E+00,    0.0000000000E+00,    0.0000000000E+00,    2.4992863468E+02
    170900,      0.676956,CP1_after_deposition,   1,    0.0000000000E+00,    2.4992863468E+02,    2.4992863468E+02,    0.0000000000E+00,    0.0000000000E+00,    0.0000000000E+00,    2.4992863468E+02
    170900,      0.676956,CP2_after_erosion,   1,    0.0000000000E+00,    2.4992863468E+02,    2.4992863468E+02,    0.0000000000E+00,    0.0000000000E+00,    0.0000000000E+00,    2.4992863468E+02
    170900,      0.676956,CP3_after_update_bottom,   1,    0.0000000000E+00,    2.4992863468E+02,    2.4992863468E+02,    0.0000000000E+00,    0.0000000000E+00,    0.0000000000E+00,    2.4992863468E+02
    170900,      0.676956,CP4_after_advection,   1,    0.0000000000E+00,    2.4993823349E+02,    2.4993823349E+02,    0.0000000000E+00,    0.0000000000E+00,    0.0000000000E+00,    2.4993823349E+02
    170900,      0.676956,CP5_after_vdif,   1,    0.0000000000E+00,    2.4993823349E+02,    2.4993823349E+02,    0.0000000000E+00,    0.0000000000E+00,    0.0000000000E+00,    2.4993823349E+02
    170900,      0.676956,CP6_after_kinetics,   1,    0.0000000000E+00,    2.4993823349E+02,    2.4993823349E+02,    0.0000000000E+00,    0.0000000000E+00,    0.0000000000E+00,    2.4993823349E+02
    170900,      0.676956,CP7_after_upper_clamp,   1,    0.0000000000E+00,    2.4993823349E+02,    2.4993823349E+02,    0.0000000000E+00,    0.0000000000E+00,    0.0000000000E+00,    2.4993823349E+02
    170900,      0.676956,CP8_after_OBC,   1,    0.0000000000E+00,    2.4993823349E+02,    2.4993823349E+02,    0.0000000000E+00,    0.0000000000E+00,    0.0000000000E+00,    2.4993823349E+02
    170900,      0.676956,CP9_after_PTsource,   1,    0.0000000000E+00,    2.4993823349E+02,    2.4993823349E+02,    0.0000000000E+00,    0.0000000000E+00,    0.0000000000E+00,    2.4993823349E+02
    170900,      0.676956,CP10_after_neg_clamp,   1,    0.0000000000E+00,    2.4993823349E+02,    2.4993823349E+02,    0.0000000000E+00,    0.0000000000E+00,    0.0000000000E+00,    2.4993823349E+02
    170900,      0.676956,CP11_after_MPI,   1,    0.0000000000E+00,    2.4993823349E+02,    2.4993823349E+02,    0.0000000000E+00,    0.0000000000E+00,    0.0000000000E+00,    2.4993823349E+02
    170900,      0.676956,CP12_end,   1,    0.0000000000E+00,    2.4993823349E+02,    2.4993823349E+02,    0.0000000000E+00,    0.0000000000E+00,    0.0000000000E+00,    2.4993823349E+02
    170950,      0.676956,CP0_start,   1,    0.0000000000E+00,    2.5010695317E+02,    2.5010695317E+02,    0.0000000000E+00,    0.0000000000E+00,    0.0000000000E+00,    2.5010695317E+02
    170950,      0.676956,CP1_after_deposition,   1,    0.0000000000E+00,    2.5010695317E+02,    2.5010695317E+02,    0.0000000000E+00,    0.0000000000E+00,    0.0000000000E+00,    2.5010695317E+02
    170950,      0.676956,CP2_after_erosion,   1,    0.0000000000E+00,    2.5010695317E+02,    2.5010695317E+02,    0.0000000000E+00,    0.0000000000E+00,    0.0000000000E+00,    2.5010695317E+02
    170950,      0.676956,CP3_after_update_bottom,   1,    0.0000000000E+00,    2.5010695317E+02,    2.5010695317E+02,    0.0000000000E+00,    0.0000000000E+00,    0.0000000000E+00,    2.5010695317E+02
    170950,      0.676956,CP4_after_advection,   1,    0.0000000000E+00,    2.5011652762E+02,    2.5011652762E+02,    0.0000000000E+00,    0.0000000000E+00,    0.0000000000E+00,    2.5011652762E+02
    170950,      0.676956,CP5_after_vdif,   1,    0.0000000000E+00,    2.5011652762E+02,    2.5011652762E+02,    0.0000000000E+00,    0.0000000000E+00,    0.0000000000E+00,    2.5011652762E+02
    170950,      0.676956,CP6_after_kinetics,   1,    0.0000000000E+00,    2.5011652762E+02,    2.5011652762E+02,    0.0000000000E+00,    0.0000000000E+00,    0.0000000000E+00,    2.5011652762E+02
    170950,      0.676956,CP7_after_upper_clamp,   1,    0.0000000000E+00,    2.5011652762E+02,    2.5011652762E+02,    0.0000000000E+00,    0.0000000000E+00,    0.0000000000E+00,    2.5011652762E+02
    170950,      0.676956,CP8_after_OBC,   1,    0.0000000000E+00,    2.5011652762E+02,    2.5011652762E+02,    0.0000000000E+00,    0.0000000000E+00,    0.0000000000E+00,    2.5011652762E+02
    170950,      0.676956,CP9_after_PTsource,   1,    0.0000000000E+00,    2.5011652762E+02,    2.5011652762E+02,    0.0000000000E+00,    0.0000000000E+00,    0.0000000000E+00,    2.5011652762E+02
    170950,      0.676956,CP10_after_neg_clamp,   1,    0.0000000000E+00,    2.5011652762E+02,    2.5011652762E+02,    0.0000000000E+00,    0.0000000000E+00,    0.0000000000E+00,    2.5011652762E+02
    170950,      0.676956,CP11_after_MPI,   1,    0.0000000000E+00,    2.5011652762E+02,    2.5011652762E+02,    0.0000000000E+00,    0.0000000000E+00,    0.0000000000E+00,    2.5011652762E+02
    170950,      0.676956,CP12_end,   1,    0.0000000000E+00,    2.5011652762E+02,    2.5011652762E+02,    0.0000000000E+00,    0.0000000000E+00,    0.0000000000E+00,    2.5011652762E+02
    171000,      0.676956,CP0_start,   1,    0.0000000000E+00,    2.5028477490E+02,    2.5028477490E+02,    0.0000000000E+00,    0.0000000000E+00,    0.0000000000E+00,    2.5028477490E+02
    171000,      0.676956,CP1_after_deposition,   1,    0.0000000000E+00,    2.5028477490E+02,    2.5028477490E+02,    0.0000000000E+00,    0.0000000000E+00,    0.0000000000E+00,    2.5028477490E+02
    171000,      0.676956,CP2_after_erosion,   1,    0.0000000000E+00,    2.5028477490E+02,    2.5028477490E+02,    0.0000000000E+00,    0.0000000000E+00,    0.0000000000E+00,    2.5028477490E+02
    171000,      0.676956,CP3_after_update_bottom,   1,    0.0000000000E+00,    2.5028477490E+02,    2.5028477490E+02,    0.0000000000E+00,    0.0000000000E+00,    0.0000000000E+00,    2.5028477490E+02
    171000,      0.676956,CP4_after_advection,   1,    0.0000000000E+00,    2.5029433600E+02,    2.5029433600E+02,    0.0000000000E+00,    0.0000000000E+00,    0.0000000000E+00,    2.5029433600E+02
    171000,      0.676956,CP5_after_vdif,   1,    0.0000000000E+00,    2.5029433600E+02,    2.5029433600E+02,    0.0000000000E+00,    0.0000000000E+00,    0.0000000000E+00,    2.5029433600E+02
    171000,      0.676956,CP6_after_kinetics,   1,    0.0000000000E+00,    2.5029433600E+02,    2.5029433600E+02,    0.0000000000E+00,    0.0000000000E+00,    0.0000000000E+00,    2.5029433600E+02
    171000,      0.676956,CP7_after_upper_clamp,   1,    0.0000000000E+00,    2.5029433600E+02,    2.5029433600E+02,    0.0000000000E+00,    0.0000000000E+00,    0.0000000000E+00,    2.5029433600E+02
    171000,      0.676956,CP8_after_OBC,   1,    0.0000000000E+00,    2.5029433600E+02,    2.5029433600E+02,    0.0000000000E+00,    0.0000000000E+00,    0.0000000000E+00,    2.5029433600E+02
    171000,      0.676956,CP9_after_PTsource,   1,    0.0000000000E+00,    2.5029433600E+02,    2.5029433600E+02,    0.0000000000E+00,    0.0000000000E+00,    0.0000000000E+00,    2.5029433600E+02
    171000,      0.676956,CP10_after_neg_clamp,   1,    0.0000000000E+00,    2.5029433600E+02,    2.5029433600E+02,    0.0000000000E+00,    0.0000000000E+00,    0.0000000000E+00,    2.5029433600E+02
    171000,      0.676956,CP11_after_MPI,   1,    0.0000000000E+00,    2.5029433600E+02,    2.5029433600E+02,    0.0000000000E+00,    0.0000000000E+00,    0.0000000000E+00,    2.5029433600E+02
    171000,      0.676956,CP12_end,   1,    0.0000000000E+00,    2.5029433600E+02,    2.5029433600E+02,    0.0000000000E+00,    0.0000000000E+00,    0.0000000000E+00,    2.5029433600E+02
    171050,      0.676956,CP0_start,   1,    0.0000000000E+00,    2.5046233991E+02,    2.5046233991E+02,    0.0000000000E+00,    0.0000000000E+00,    0.0000000000E+00,    2.5046233991E+02
    171050,      0.676956,CP1_after_deposition,   1,    0.0000000000E+00,    2.5046233991E+02,    2.5046233991E+02,    0.0000000000E+00,    0.0000000000E+00,    0.0000000000E+00,    2.5046233991E+02
    171050,      0.676956,CP2_after_erosion,   1,    0.0000000000E+00,    2.5046233991E+02,    2.5046233991E+02,    0.0000000000E+00,    0.0000000000E+00,    0.0000000000E+00,    2.5046233991E+02
    171050,      0.676956,CP3_after_update_bottom,   1,    0.0000000000E+00,    2.5046233991E+02,    2.5046233991E+02,    0.0000000000E+00,    0.0000000000E+00,    0.0000000000E+00,    2.5046233991E+02
    171050,      0.676956,CP4_after_advection,   1,    0.0000000000E+00,    2.5047186656E+02,    2.5047186656E+02,    0.0000000000E+00,    0.0000000000E+00,    0.0000000000E+00,    2.5047186656E+02
    171050,      0.676956,CP5_after_vdif,   1,    0.0000000000E+00,    2.5047186656E+02,    2.5047186656E+02,    0.0000000000E+00,    0.0000000000E+00,    0.0000000000E+00,    2.5047186656E+02
    171050,      0.676956,CP6_after_kinetics,   1,    0.0000000000E+00,    2.5047186656E+02,    2.5047186656E+02,    0.0000000000E+00,    0.0000000000E+00,    0.0000000000E+00,    2.5047186656E+02
    171050,      0.676956,CP7_after_upper_clamp,   1,    0.0000000000E+00,    2.5047186656E+02,    2.5047186656E+02,    0.0000000000E+00,    0.0000000000E+00,    0.0000000000E+00,    2.5047186656E+02
    171050,      0.676956,CP8_after_OBC,   1,    0.0000000000E+00,    2.5047186656E+02,    2.5047186656E+02,    0.0000000000E+00,    0.0000000000E+00,    0.0000000000E+00,    2.5047186656E+02
    171050,      0.676956,CP9_after_PTsource,   1,    0.0000000000E+00,    2.5047186656E+02,    2.5047186656E+02,    0.0000000000E+00,    0.0000000000E+00,    0.0000000000E+00,    2.5047186656E+02
    171050,      0.676956,CP10_after_neg_clamp,   1,    0.0000000000E+00,    2.5047186656E+02,    2.5047186656E+02,    0.0000000000E+00,    0.0000000000E+00,    0.0000000000E+00,    2.5047186656E+02
    171050,      0.676956,CP11_after_MPI,   1,    0.0000000000E+00,    2.5047186656E+02,    2.5047186656E+02,    0.0000000000E+00,    0.0000000000E+00,    0.0000000000E+00,    2.5047186656E+02
    171050,      0.676956,CP12_end,   1,    0.0000000000E+00,    2.5047186656E+02,    2.5047186656E+02,    0.0000000000E+00,    0.0000000000E+00,    0.0000000000E+00,    2.5047186656E+02
    171100,      0.676956,CP0_start,   1,    0.0000000000E+00,    2.5063943221E+02,    2.5063943221E+02,    0.0000000000E+00,    0.0000000000E+00,    0.0000000000E+00,    2.5063943221E+02
    171100,      0.676956,CP1_after_deposition,   1,    0.0000000000E+00,    2.5063943221E+02,    2.5063943221E+02,    0.0000000000E+00,    0.0000000000E+00,    0.0000000000E+00,    2.5063943221E+02
    171100,      0.676956,CP2_after_erosion,   1,    0.0000000000E+00,    2.5063943221E+02,    2.5063943221E+02,    0.0000000000E+00,    0.0000000000E+00,    0.0000000000E+00,    2.5063943221E+02
    171100,      0.676956,CP3_after_update_bottom,   1,    0.0000000000E+00,    2.5063943221E+02,    2.5063943221E+02,    0.0000000000E+00,    0.0000000000E+00,    0.0000000000E+00,    2.5063943221E+02
    171100,      0.676956,CP4_after_advection,   1,    0.0000000000E+00,    2.5064893399E+02,    2.5064893399E+02,    0.0000000000E+00,    0.0000000000E+00,    0.0000000000E+00,    2.5064893399E+02
    171100,      0.676956,CP5_after_vdif,   1,    0.0000000000E+00,    2.5064893399E+02,    2.5064893399E+02,    0.0000000000E+00,    0.0000000000E+00,    0.0000000000E+00,    2.5064893399E+02
    171100,      0.676956,CP6_after_kinetics,   1,    0.0000000000E+00,    2.5064893399E+02,    2.5064893399E+02,    0.0000000000E+00,    0.0000000000E+00,    0.0000000000E+00,    2.5064893399E+02
    171100,      0.676956,CP7_after_upper_clamp,   1,    0.0000000000E+00,    2.5064893399E+02,    2.5064893399E+02,    0.0000000000E+00,    0.0000000000E+00,    0.0000000000E+00,    2.5064893399E+02
    171100,      0.676956,CP8_after_OBC,   1,    0.0000000000E+00,    2.5064893399E+02,    2.5064893399E+02,    0.0000000000E+00,    0.0000000000E+00,    0.0000000000E+00,    2.5064893399E+02
    171100,      0.676956,CP9_after_PTsource,   1,    0.0000000000E+00,    2.5064893399E+02,    2.5064893399E+02,    0.0000000000E+00,    0.0000000000E+00,    0.0000000000E+00,    2.5064893399E+02
    171100,      0.676956,CP10_after_neg_clamp,   1,    0.0000000000E+00,    2.5064893399E+02,    2.5064893399E+02,    0.0000000000E+00,    0.0000000000E+00,    0.0000000000E+00,    2.5064893399E+02
    171100,      0.676956,CP11_after_MPI,   1,    0.0000000000E+00,    2.5064893399E+02,    2.5064893399E+02,    0.0000000000E+00,    0.0000000000E+00,    0.0000000000E+00,    2.5064893399E+02
    171100,      0.676956,CP12_end,   1,    0.0000000000E+00,    2.5064893399E+02,    2.5064893399E+02,    0.0000000000E+00,    0.0000000000E+00,    0.0000000000E+00,    2.5064893399E+02
    171150,      0.676956,CP0_start,   1,    0.0000000000E+00,    2.5081655644E+02,    2.5081655644E+02,    0.0000000000E+00,    0.0000000000E+00,    0.0000000000E+00,    2.5081655644E+02
    171150,      0.676956,CP1_after_deposition,   1,    0.0000000000E+00,    2.5081655644E+02,    2.5081655644E+02,    0.0000000000E+00,    0.0000000000E+00,    0.0000000000E+00,    2.5081655644E+02
    171150,      0.676956,CP2_after_erosion,   1,    0.0000000000E+00,    2.5081655644E+02,    2.5081655644E+02,    0.0000000000E+00,    0.0000000000E+00,    0.0000000000E+00,    2.5081655644E+02
    171150,      0.676956,CP3_after_update_bottom,   1,    0.0000000000E+00,    2.5081655644E+02,    2.5081655644E+02,    0.0000000000E+00,    0.0000000000E+00,    0.0000000000E+00,    2.5081655644E+02
    171150,      0.676956,CP4_after_advection,   1,    0.0000000000E+00,    2.5082605769E+02,    2.5082605769E+02,    0.0000000000E+00,    0.0000000000E+00,    0.0000000000E+00,    2.5082605769E+02
    171150,      0.676956,CP5_after_vdif,   1,    0.0000000000E+00,    2.5082605769E+02,    2.5082605769E+02,    0.0000000000E+00,    0.0000000000E+00,    0.0000000000E+00,    2.5082605769E+02
    171150,      0.676956,CP6_after_kinetics,   1,    0.0000000000E+00,    2.5082605769E+02,    2.5082605769E+02,    0.0000000000E+00,    0.0000000000E+00,    0.0000000000E+00,    2.5082605769E+02
    171150,      0.676956,CP7_after_upper_clamp,   1,    0.0000000000E+00,    2.5082605769E+02,    2.5082605769E+02,    0.0000000000E+00,    0.0000000000E+00,    0.0000000000E+00,    2.5082605769E+02
    171150,      0.676956,CP8_after_OBC,   1,    0.0000000000E+00,    2.5082605769E+02,    2.5082605769E+02,    0.0000000000E+00,    0.0000000000E+00,    0.0000000000E+00,    2.5082605769E+02
    171150,      0.676956,CP9_after_PTsource,   1,    0.0000000000E+00,    2.5082605769E+02,    2.5082605769E+02,    0.0000000000E+00,    0.0000000000E+00,    0.0000000000E+00,    2.5082605769E+02
    171150,      0.676956,CP10_after_neg_clamp,   1,    0.0000000000E+00,    2.5082605769E+02,    2.5082605769E+02,    0.0000000000E+00,    0.0000000000E+00,    0.0000000000E+00,    2.5082605769E+02
    171150,      0.676956,CP11_after_MPI,   1,    0.0000000000E+00,    2.5082605769E+02,    2.5082605769E+02,    0.0000000000E+00,    0.0000000000E+00,    0.0000000000E+00,    2.5082605769E+02
    171150,      0.676956,CP12_end,   1,    0.0000000000E+00,    2.5082605769E+02,    2.5082605769E+02,    0.0000000000E+00,    0.0000000000E+00,    0.0000000000E+00,    2.5082605769E+02
    171200,      0.676956,CP0_start,   1,    0.0000000000E+00,    2.5099345565E+02,    2.5099345565E+02,    0.0000000000E+00,    0.0000000000E+00,    0.0000000000E+00,    2.5099345565E+02
    171200,      0.676956,CP1_after_deposition,   1,    0.0000000000E+00,    2.5099345565E+02,    2.5099345565E+02,    0.0000000000E+00,    0.0000000000E+00,    0.0000000000E+00,    2.5099345565E+02
    171200,      0.676956,CP2_after_erosion,   1,    0.0000000000E+00,    2.5099345565E+02,    2.5099345565E+02,    0.0000000000E+00,    0.0000000000E+00,    0.0000000000E+00,    2.5099345565E+02
    171200,      0.676956,CP3_after_update_bottom,   1,    0.0000000000E+00,    2.5099345565E+02,    2.5099345565E+02,    0.0000000000E+00,    0.0000000000E+00,    0.0000000000E+00,    2.5099345565E+02
    171200,      0.676956,CP4_after_advection,   1,    0.0000000000E+00,    2.5100291036E+02,    2.5100291036E+02,    0.0000000000E+00,    0.0000000000E+00,    0.0000000000E+00,    2.5100291036E+02
    171200,      0.676956,CP5_after_vdif,   1,    0.0000000000E+00,    2.5100291036E+02,    2.5100291036E+02,    0.0000000000E+00,    0.0000000000E+00,    0.0000000000E+00,    2.5100291036E+02
    171200,      0.676956,CP6_after_kinetics,   1,    0.0000000000E+00,    2.5100291036E+02,    2.5100291036E+02,    0.0000000000E+00,    0.0000000000E+00,    0.0000000000E+00,    2.5100291036E+02
    171200,      0.676956,CP7_after_upper_clamp,   1,    0.0000000000E+00,    2.5100291036E+02,    2.5100291036E+02,    0.0000000000E+00,    0.0000000000E+00,    0.0000000000E+00,    2.5100291036E+02
    171200,      0.676956,CP8_after_OBC,   1,    0.0000000000E+00,    2.5100291036E+02,    2.5100291036E+02,    0.0000000000E+00,    0.0000000000E+00,    0.0000000000E+00,    2.5100291036E+02
    171200,      0.676956,CP9_after_PTsource,   1,    0.0000000000E+00,    2.5100291036E+02,    2.5100291036E+02,    0.0000000000E+00,    0.0000000000E+00,    0.0000000000E+00,    2.5100291036E+02
    171200,      0.676956,CP10_after_neg_clamp,   1,    0.0000000000E+00,    2.5100291036E+02,    2.5100291036E+02,    0.0000000000E+00,    0.0000000000E+00,    0.0000000000E+00,    2.5100291036E+02
    171200,      0.676956,CP11_after_MPI,   1,    0.0000000000E+00,    2.5100291036E+02,    2.5100291036E+02,    0.0000000000E+00,    0.0000000000E+00,    0.0000000000E+00,    2.5100291036E+02
    171200,      0.676956,CP12_end,   1,    0.0000000000E+00,    2.5100291036E+02,    2.5100291036E+02,    0.0000000000E+00,    0.0000000000E+00,    0.0000000000E+00,    2.5100291036E+02
    171250,      0.676956,CP0_start,   1,    0.0000000000E+00,    2.5117021487E+02,    2.5117021487E+02,    0.0000000000E+00,    0.0000000000E+00,    0.0000000000E+00,    2.5117021487E+02
    171250,      0.676956,CP1_after_deposition,   1,    0.0000000000E+00,    2.5117021487E+02,    2.5117021487E+02,    0.0000000000E+00,    0.0000000000E+00,    0.0000000000E+00,    2.5117021487E+02
    171250,      0.676956,CP2_after_erosion,   1,    0.0000000000E+00,    2.5117021487E+02,    2.5117021487E+02,    0.0000000000E+00,    0.0000000000E+00,    0.0000000000E+00,    2.5117021487E+02
    171250,      0.676956,CP3_after_update_bottom,   1,    0.0000000000E+00,    2.5117021487E+02,    2.5117021487E+02,    0.0000000000E+00,    0.0000000000E+00,    0.0000000000E+00,    2.5117021487E+02
    171250,      0.676956,CP4_after_advection,   1,    0.0000000000E+00,    2.5117965601E+02,    2.5117965601E+02,    0.0000000000E+00,    0.0000000000E+00,    0.0000000000E+00,    2.5117965601E+02
    171250,      0.676956,CP5_after_vdif,   1,    0.0000000000E+00,    2.5117965601E+02,    2.5117965601E+02,    0.0000000000E+00,    0.0000000000E+00,    0.0000000000E+00,    2.5117965601E+02
    171250,      0.676956,CP6_after_kinetics,   1,    0.0000000000E+00,    2.5117965601E+02,    2.5117965601E+02,    0.0000000000E+00,    0.0000000000E+00,    0.0000000000E+00,    2.5117965601E+02
    171250,      0.676956,CP7_after_upper_clamp,   1,    0.0000000000E+00,    2.5117965601E+02,    2.5117965601E+02,    0.0000000000E+00,    0.0000000000E+00,    0.0000000000E+00,    2.5117965601E+02
    171250,      0.676956,CP8_after_OBC,   1,    0.0000000000E+00,    2.5117965601E+02,    2.5117965601E+02,    0.0000000000E+00,    0.0000000000E+00,    0.0000000000E+00,    2.5117965601E+02
    171250,      0.676956,CP9_after_PTsource,   1,    0.0000000000E+00,    2.5117965601E+02,    2.5117965601E+02,    0.0000000000E+00,    0.0000000000E+00,    0.0000000000E+00,    2.5117965601E+02
    171250,      0.676956,CP10_after_neg_clamp,   1,    0.0000000000E+00,    2.5117965601E+02,    2.5117965601E+02,    0.0000000000E+00,    0.0000000000E+00,    0.0000000000E+00,    2.5117965601E+02
    171250,      0.676956,CP11_after_MPI,   1,    0.0000000000E+00,    2.5117965601E+02,    2.5117965601E+02,    0.0000000000E+00,    0.0000000000E+00,    0.0000000000E+00,    2.5117965601E+02
    171250,      0.676956,CP12_end,   1,    0.0000000000E+00,    2.5117965601E+02,    2.5117965601E+02,    0.0000000000E+00,    0.0000000000E+00,    0.0000000000E+00,    2.5117965601E+02
    171300,      0.676956,CP0_start,   1,    0.0000000000E+00,    2.5134668805E+02,    2.5134668805E+02,    0.0000000000E+00,    0.0000000000E+00,    0.0000000000E+00,    2.5134668805E+02
    171300,      0.676956,CP1_after_deposition,   1,    0.0000000000E+00,    2.5134668805E+02,    2.5134668805E+02,    0.0000000000E+00,    0.0000000000E+00,    0.0000000000E+00,    2.5134668805E+02
    171300,      0.676956,CP2_after_erosion,   1,    0.0000000000E+00,    2.5134668805E+02,    2.5134668805E+02,    0.0000000000E+00,    0.0000000000E+00,    0.0000000000E+00,    2.5134668805E+02
    171300,      0.676956,CP3_after_update_bottom,   1,    0.0000000000E+00,    2.5134668805E+02,    2.5134668805E+02,    0.0000000000E+00,    0.0000000000E+00,    0.0000000000E+00,    2.5134668805E+02
    171300,      0.676956,CP4_after_advection,   1,    0.0000000000E+00,    2.5135610102E+02,    2.5135610102E+02,    0.0000000000E+00,    0.0000000000E+00,    0.0000000000E+00,    2.5135610102E+02
    171300,      0.676956,CP5_after_vdif,   1,    0.0000000000E+00,    2.5135610102E+02,    2.5135610102E+02,    0.0000000000E+00,    0.0000000000E+00,    0.0000000000E+00,    2.5135610102E+02
    171300,      0.676956,CP6_after_kinetics,   1,    0.0000000000E+00,    2.5135610102E+02,    2.5135610102E+02,    0.0000000000E+00,    0.0000000000E+00,    0.0000000000E+00,    2.5135610102E+02
    171300,      0.676956,CP7_after_upper_clamp,   1,    0.0000000000E+00,    2.5135610102E+02,    2.5135610102E+02,    0.0000000000E+00,    0.0000000000E+00,    0.0000000000E+00,    2.5135610102E+02
    171300,      0.676956,CP8_after_OBC,   1,    0.0000000000E+00,    2.5135610102E+02,    2.5135610102E+02,    0.0000000000E+00,    0.0000000000E+00,    0.0000000000E+00,    2.5135610102E+02
    171300,      0.676956,CP9_after_PTsource,   1,    0.0000000000E+00,    2.5135610102E+02,    2.5135610102E+02,    0.0000000000E+00,    0.0000000000E+00,    0.0000000000E+00,    2.5135610102E+02
    171300,      0.676956,CP10_after_neg_clamp,   1,    0.0000000000E+00,    2.5135610102E+02,    2.5135610102E+02,    0.0000000000E+00,    0.0000000000E+00,    0.0000000000E+00,    2.5135610102E+02
    171300,      0.676956,CP11_after_MPI,   1,    0.0000000000E+00,    2.5135610102E+02,    2.5135610102E+02,    0.0000000000E+00,    0.0000000000E+00,    0.0000000000E+00,    2.5135610102E+02
    171300,      0.676956,CP12_end,   1,    0.0000000000E+00,    2.5135610102E+02,    2.5135610102E+02,    0.0000000000E+00,    0.0000000000E+00,    0.0000000000E+00,    2.5135610102E+02
    171350,      0.676956,CP0_start,   1,    0.0000000000E+00,    2.5152280064E+02,    2.5152280064E+02,    0.0000000000E+00,    0.0000000000E+00,    0.0000000000E+00,    2.5152280064E+02
    171350,      0.676956,CP1_after_deposition,   1,    0.0000000000E+00,    2.5152280064E+02,    2.5152280064E+02,    0.0000000000E+00,    0.0000000000E+00,    0.0000000000E+00,    2.5152280064E+02
    171350,      0.676956,CP2_after_erosion,   1,    0.0000000000E+00,    2.5152280064E+02,    2.5152280064E+02,    0.0000000000E+00,    0.0000000000E+00,    0.0000000000E+00,    2.5152280064E+02
    171350,      0.676956,CP3_after_update_bottom,   1,    0.0000000000E+00,    2.5152280064E+02,    2.5152280064E+02,    0.0000000000E+00,    0.0000000000E+00,    0.0000000000E+00,    2.5152280064E+02
    171350,      0.676956,CP4_after_advection,   1,    0.0000000000E+00,    2.5153220033E+02,    2.5153220033E+02,    0.0000000000E+00,    0.0000000000E+00,    0.0000000000E+00,    2.5153220033E+02
    171350,      0.676956,CP5_after_vdif,   1,    0.0000000000E+00,    2.5153220033E+02,    2.5153220033E+02,    0.0000000000E+00,    0.0000000000E+00,    0.0000000000E+00,    2.5153220033E+02
    171350,      0.676956,CP6_after_kinetics,   1,    0.0000000000E+00,    2.5153220033E+02,    2.5153220033E+02,    0.0000000000E+00,    0.0000000000E+00,    0.0000000000E+00,    2.5153220033E+02
    171350,      0.676956,CP7_after_upper_clamp,   1,    0.0000000000E+00,    2.5153220033E+02,    2.5153220033E+02,    0.0000000000E+00,    0.0000000000E+00,    0.0000000000E+00,    2.5153220033E+02
    171350,      0.676956,CP8_after_OBC,   1,    0.0000000000E+00,    2.5153220033E+02,    2.5153220033E+02,    0.0000000000E+00,    0.0000000000E+00,    0.0000000000E+00,    2.5153220033E+02
    171350,      0.676956,CP9_after_PTsource,   1,    0.0000000000E+00,    2.5153220033E+02,    2.5153220033E+02,    0.0000000000E+00,    0.0000000000E+00,    0.0000000000E+00,    2.5153220033E+02
    171350,      0.676956,CP10_after_neg_clamp,   1,    0.0000000000E+00,    2.5153220033E+02,    2.5153220033E+02,    0.0000000000E+00,    0.0000000000E+00,    0.0000000000E+00,    2.5153220033E+02
    171350,      0.676956,CP11_after_MPI,   1,    0.0000000000E+00,    2.5153220033E+02,    2.5153220033E+02,    0.0000000000E+00,    0.0000000000E+00,    0.0000000000E+00,    2.5153220033E+02
    171350,      0.676956,CP12_end,   1,    0.0000000000E+00,    2.5153220033E+02,    2.5153220033E+02,    0.0000000000E+00,    0.0000000000E+00,    0.0000000000E+00,    2.5153220033E+02
    171400,      0.676956,CP0_start,   1,    0.0000000000E+00,    2.5169882983E+02,    2.5169882983E+02,    0.0000000000E+00,    0.0000000000E+00,    0.0000000000E+00,    2.5169882983E+02
    171400,      0.676956,CP1_after_deposition,   1,    0.0000000000E+00,    2.5169882983E+02,    2.5169882983E+02,    0.0000000000E+00,    0.0000000000E+00,    0.0000000000E+00,    2.5169882983E+02
    171400,      0.676956,CP2_after_erosion,   1,    0.0000000000E+00,    2.5169882983E+02,    2.5169882983E+02,    0.0000000000E+00,    0.0000000000E+00,    0.0000000000E+00,    2.5169882983E+02
    171400,      0.676956,CP3_after_update_bottom,   1,    0.0000000000E+00,    2.5169882983E+02,    2.5169882983E+02,    0.0000000000E+00,    0.0000000000E+00,    0.0000000000E+00,    2.5169882983E+02
    171400,      0.676956,CP4_after_advection,   1,    0.0000000000E+00,    2.5170824169E+02,    2.5170824169E+02,    0.0000000000E+00,    0.0000000000E+00,    0.0000000000E+00,    2.5170824169E+02
    171400,      0.676956,CP5_after_vdif,   1,    0.0000000000E+00,    2.5170824169E+02,    2.5170824169E+02,    0.0000000000E+00,    0.0000000000E+00,    0.0000000000E+00,    2.5170824169E+02
    171400,      0.676956,CP6_after_kinetics,   1,    0.0000000000E+00,    2.5170824169E+02,    2.5170824169E+02,    0.0000000000E+00,    0.0000000000E+00,    0.0000000000E+00,    2.5170824169E+02
    171400,      0.676956,CP7_after_upper_clamp,   1,    0.0000000000E+00,    2.5170824169E+02,    2.5170824169E+02,    0.0000000000E+00,    0.0000000000E+00,    0.0000000000E+00,    2.5170824169E+02
    171400,      0.676956,CP8_after_OBC,   1,    0.0000000000E+00,    2.5170824169E+02,    2.5170824169E+02,    0.0000000000E+00,    0.0000000000E+00,    0.0000000000E+00,    2.5170824169E+02
    171400,      0.676956,CP9_after_PTsource,   1,    0.0000000000E+00,    2.5170824169E+02,    2.5170824169E+02,    0.0000000000E+00,    0.0000000000E+00,    0.0000000000E+00,    2.5170824169E+02
    171400,      0.676956,CP10_after_neg_clamp,   1,    0.0000000000E+00,    2.5170824169E+02,    2.5170824169E+02,    0.0000000000E+00,    0.0000000000E+00,    0.0000000000E+00,    2.5170824169E+02
    171400,      0.676956,CP11_after_MPI,   1,    0.0000000000E+00,    2.5170824169E+02,    2.5170824169E+02,    0.0000000000E+00,    0.0000000000E+00,    0.0000000000E+00,    2.5170824169E+02
    171400,      0.676956,CP12_end,   1,    0.0000000000E+00,    2.5170824169E+02,    2.5170824169E+02,    0.0000000000E+00,    0.0000000000E+00,    0.0000000000E+00,    2.5170824169E+02
    171450,      0.676956,CP0_start,   1,    0.0000000000E+00,    2.5187511584E+02,    2.5187511584E+02,    0.0000000000E+00,    0.0000000000E+00,    0.0000000000E+00,    2.5187511584E+02
    171450,      0.676956,CP1_after_deposition,   1,    0.0000000000E+00,    2.5187511584E+02,    2.5187511584E+02,    0.0000000000E+00,    0.0000000000E+00,    0.0000000000E+00,    2.5187511584E+02
    171450,      0.676956,CP2_after_erosion,   1,    0.0000000000E+00,    2.5187511584E+02,    2.5187511584E+02,    0.0000000000E+00,    0.0000000000E+00,    0.0000000000E+00,    2.5187511584E+02
    171450,      0.676956,CP3_after_update_bottom,   1,    0.0000000000E+00,    2.5187511584E+02,    2.5187511584E+02,    0.0000000000E+00,    0.0000000000E+00,    0.0000000000E+00,    2.5187511584E+02
    171450,      0.676956,CP4_after_advection,   1,    0.0000000000E+00,    2.5188450504E+02,    2.5188450504E+02,    0.0000000000E+00,    0.0000000000E+00,    0.0000000000E+00,    2.5188450504E+02
    171450,      0.676956,CP5_after_vdif,   1,    0.0000000000E+00,    2.5188450504E+02,    2.5188450504E+02,    0.0000000000E+00,    0.0000000000E+00,    0.0000000000E+00,    2.5188450504E+02
    171450,      0.676956,CP6_after_kinetics,   1,    0.0000000000E+00,    2.5188450504E+02,    2.5188450504E+02,    0.0000000000E+00,    0.0000000000E+00,    0.0000000000E+00,    2.5188450504E+02
    171450,      0.676956,CP7_after_upper_clamp,   1,    0.0000000000E+00,    2.5188450504E+02,    2.5188450504E+02,    0.0000000000E+00,    0.0000000000E+00,    0.0000000000E+00,    2.5188450504E+02
    171450,      0.676956,CP8_after_OBC,   1,    0.0000000000E+00,    2.5188450504E+02,    2.5188450504E+02,    0.0000000000E+00,    0.0000000000E+00,    0.0000000000E+00,    2.5188450504E+02
    171450,      0.676956,CP9_after_PTsource,   1,    0.0000000000E+00,    2.5188450504E+02,    2.5188450504E+02,    0.0000000000E+00,    0.0000000000E+00,    0.0000000000E+00,    2.5188450504E+02
    171450,      0.676956,CP10_after_neg_clamp,   1,    0.0000000000E+00,    2.5188450504E+02,    2.5188450504E+02,    0.0000000000E+00,    0.0000000000E+00,    0.0000000000E+00,    2.5188450504E+02
    171450,      0.676956,CP11_after_MPI,   1,    0.0000000000E+00,    2.5188450504E+02,    2.5188450504E+02,    0.0000000000E+00,    0.0000000000E+00,    0.0000000000E+00,    2.5188450504E+02
    171450,      0.676956,CP12_end,   1,    0.0000000000E+00,    2.5188450504E+02,    2.5188450504E+02,    0.0000000000E+00,    0.0000000000E+00,    0.0000000000E+00,    2.5188450504E+02
    171500,      0.676956,CP0_start,   1,    0.0000000000E+00,    2.5205147429E+02,    2.5205147429E+02,    0.0000000000E+00,    0.0000000000E+00,    0.0000000000E+00,    2.5205147429E+02
    171500,      0.676956,CP1_after_deposition,   1,    0.0000000000E+00,    2.5205147429E+02,    2.5205147429E+02,    0.0000000000E+00,    0.0000000000E+00,    0.0000000000E+00,    2.5205147429E+02
    171500,      0.676956,CP2_after_erosion,   1,    0.0000000000E+00,    2.5205147429E+02,    2.5205147429E+02,    0.0000000000E+00,    0.0000000000E+00,    0.0000000000E+00,    2.5205147429E+02
    171500,      0.676956,CP3_after_update_bottom,   1,    0.0000000000E+00,    2.5205147429E+02,    2.5205147429E+02,    0.0000000000E+00,    0.0000000000E+00,    0.0000000000E+00,    2.5205147429E+02
    171500,      0.676956,CP4_after_advection,   1,    0.0000000000E+00,    2.5206083373E+02,    2.5206083373E+02,    0.0000000000E+00,    0.0000000000E+00,    0.0000000000E+00,    2.5206083373E+02
    171500,      0.676956,CP5_after_vdif,   1,    0.0000000000E+00,    2.5206083373E+02,    2.5206083373E+02,    0.0000000000E+00,    0.0000000000E+00,    0.0000000000E+00,    2.5206083373E+02
    171500,      0.676956,CP6_after_kinetics,   1,    0.0000000000E+00,    2.5206083373E+02,    2.5206083373E+02,    0.0000000000E+00,    0.0000000000E+00,    0.0000000000E+00,    2.5206083373E+02
    171500,      0.676956,CP7_after_upper_clamp,   1,    0.0000000000E+00,    2.5206083373E+02,    2.5206083373E+02,    0.0000000000E+00,    0.0000000000E+00,    0.0000000000E+00,    2.5206083373E+02
    171500,      0.676956,CP8_after_OBC,   1,    0.0000000000E+00,    2.5206083373E+02,    2.5206083373E+02,    0.0000000000E+00,    0.0000000000E+00,    0.0000000000E+00,    2.5206083373E+02
    171500,      0.676956,CP9_after_PTsource,   1,    0.0000000000E+00,    2.5206083373E+02,    2.5206083373E+02,    0.0000000000E+00,    0.0000000000E+00,    0.0000000000E+00,    2.5206083373E+02
    171500,      0.676956,CP10_after_neg_clamp,   1,    0.0000000000E+00,    2.5206083373E+02,    2.5206083373E+02,    0.0000000000E+00,    0.0000000000E+00,    0.0000000000E+00,    2.5206083373E+02
    171500,      0.676956,CP11_after_MPI,   1,    0.0000000000E+00,    2.5206083373E+02,    2.5206083373E+02,    0.0000000000E+00,    0.0000000000E+00,    0.0000000000E+00,    2.5206083373E+02
    171500,      0.676956,CP12_end,   1,    0.0000000000E+00,    2.5206083373E+02,    2.5206083373E+02,    0.0000000000E+00,    0.0000000000E+00,    0.0000000000E+00,    2.5206083373E+02
    171550,      0.676956,CP0_start,   1,    0.0000000000E+00,    2.5222775187E+02,    2.5222775187E+02,    0.0000000000E+00,    0.0000000000E+00,    0.0000000000E+00,    2.5222775187E+02
    171550,      0.676956,CP1_after_deposition,   1,    0.0000000000E+00,    2.5222775187E+02,    2.5222775187E+02,    0.0000000000E+00,    0.0000000000E+00,    0.0000000000E+00,    2.5222775187E+02
    171550,      0.676956,CP2_after_erosion,   1,    0.0000000000E+00,    2.5222775187E+02,    2.5222775187E+02,    0.0000000000E+00,    0.0000000000E+00,    0.0000000000E+00,    2.5222775187E+02
    171550,      0.676956,CP3_after_update_bottom,   1,    0.0000000000E+00,    2.5222775187E+02,    2.5222775187E+02,    0.0000000000E+00,    0.0000000000E+00,    0.0000000000E+00,    2.5222775187E+02
    171550,      0.676956,CP4_after_advection,   1,    0.0000000000E+00,    2.5223708244E+02,    2.5223708244E+02,    0.0000000000E+00,    0.0000000000E+00,    0.0000000000E+00,    2.5223708244E+02
    171550,      0.676956,CP5_after_vdif,   1,    0.0000000000E+00,    2.5223708244E+02,    2.5223708244E+02,    0.0000000000E+00,    0.0000000000E+00,    0.0000000000E+00,    2.5223708244E+02
    171550,      0.676956,CP6_after_kinetics,   1,    0.0000000000E+00,    2.5223708244E+02,    2.5223708244E+02,    0.0000000000E+00,    0.0000000000E+00,    0.0000000000E+00,    2.5223708244E+02
    171550,      0.676956,CP7_after_upper_clamp,   1,    0.0000000000E+00,    2.5223708244E+02,    2.5223708244E+02,    0.0000000000E+00,    0.0000000000E+00,    0.0000000000E+00,    2.5223708244E+02
    171550,      0.676956,CP8_after_OBC,   1,    0.0000000000E+00,    2.5223708244E+02,    2.5223708244E+02,    0.0000000000E+00,    0.0000000000E+00,    0.0000000000E+00,    2.5223708244E+02
    171550,      0.676956,CP9_after_PTsource,   1,    0.0000000000E+00,    2.5223708244E+02,    2.5223708244E+02,    0.0000000000E+00,    0.0000000000E+00,    0.0000000000E+00,    2.5223708244E+02
    171550,      0.676956,CP10_after_neg_clamp,   1,    0.0000000000E+00,    2.5223708244E+02,    2.5223708244E+02,    0.0000000000E+00,    0.0000000000E+00,    0.0000000000E+00,    2.5223708244E+02
    171550,      0.676956,CP11_after_MPI,   1,    0.0000000000E+00,    2.5223708244E+02,    2.5223708244E+02,    0.0000000000E+00,    0.0000000000E+00,    0.0000000000E+00,    2.5223708244E+02
    171550,      0.676956,CP12_end,   1,    0.0000000000E+00,    2.5223708244E+02,    2.5223708244E+02,    0.0000000000E+00,    0.0000000000E+00,    0.0000000000E+00,    2.5223708244E+02
    171600,      0.676956,CP0_start,   1,    0.0000000000E+00,    2.5240397327E+02,    2.5240397327E+02,    0.0000000000E+00,    0.0000000000E+00,    0.0000000000E+00,    2.5240397327E+02
    171600,      0.676956,CP1_after_deposition,   1,    0.0000000000E+00,    2.5240397327E+02,    2.5240397327E+02,    0.0000000000E+00,    0.0000000000E+00,    0.0000000000E+00,    2.5240397327E+02
    171600,      0.676956,CP2_after_erosion,   1,    0.0000000000E+00,    2.5240397327E+02,    2.5240397327E+02,    0.0000000000E+00,    0.0000000000E+00,    0.0000000000E+00,    2.5240397327E+02
    171600,      0.676956,CP3_after_update_bottom,   1,    0.0000000000E+00,    2.5240397327E+02,    2.5240397327E+02,    0.0000000000E+00,    0.0000000000E+00,    0.0000000000E+00,    2.5240397327E+02
    171600,      0.676956,CP4_after_advection,   1,    0.0000000000E+00,    2.5241328344E+02,    2.5241328344E+02,    0.0000000000E+00,    0.0000000000E+00,    0.0000000000E+00,    2.5241328344E+02
    171600,      0.676956,CP5_after_vdif,   1,    0.0000000000E+00,    2.5241328344E+02,    2.5241328344E+02,    0.0000000000E+00,    0.0000000000E+00,    0.0000000000E+00,    2.5241328344E+02
    171600,      0.676956,CP6_after_kinetics,   1,    0.0000000000E+00,    2.5241328344E+02,    2.5241328344E+02,    0.0000000000E+00,    0.0000000000E+00,    0.0000000000E+00,    2.5241328344E+02
    171600,      0.676956,CP7_after_upper_clamp,   1,    0.0000000000E+00,    2.5241328344E+02,    2.5241328344E+02,    0.0000000000E+00,    0.0000000000E+00,    0.0000000000E+00,    2.5241328344E+02
    171600,      0.676956,CP8_after_OBC,   1,    0.0000000000E+00,    2.5241328344E+02,    2.5241328344E+02,    0.0000000000E+00,    0.0000000000E+00,    0.0000000000E+00,    2.5241328344E+02
    171600,      0.676956,CP9_after_PTsource,   1,    0.0000000000E+00,    2.5241328344E+02,    2.5241328344E+02,    0.0000000000E+00,    0.0000000000E+00,    0.0000000000E+00,    2.5241328344E+02
    171600,      0.676956,CP10_after_neg_clamp,   1,    0.0000000000E+00,    2.5241328344E+02,    2.5241328344E+02,    0.0000000000E+00,    0.0000000000E+00,    0.0000000000E+00,    2.5241328344E+02
    171600,      0.676956,CP11_after_MPI,   1,    0.0000000000E+00,    2.5241328344E+02,    2.5241328344E+02,    0.0000000000E+00,    0.0000000000E+00,    0.0000000000E+00,    2.5241328344E+02
    171600,      0.676956,CP12_end,   1,    0.0000000000E+00,    2.5241328344E+02,    2.5241328344E+02,    0.0000000000E+00,    0.0000000000E+00,    0.0000000000E+00,    2.5241328344E+02
    171650,      0.676956,CP0_start,   1,    0.0000000000E+00,    2.5258030977E+02,    2.5258030977E+02,    0.0000000000E+00,    0.0000000000E+00,    0.0000000000E+00,    2.5258030977E+02
    171650,      0.676956,CP1_after_deposition,   1,    0.0000000000E+00,    2.5258030977E+02,    2.5258030977E+02,    0.0000000000E+00,    0.0000000000E+00,    0.0000000000E+00,    2.5258030977E+02
    171650,      0.676956,CP2_after_erosion,   1,    0.0000000000E+00,    2.5258030977E+02,    2.5258030977E+02,    0.0000000000E+00,    0.0000000000E+00,    0.0000000000E+00,    2.5258030977E+02
    171650,      0.676956,CP3_after_update_bottom,   1,    0.0000000000E+00,    2.5258030977E+02,    2.5258030977E+02,    0.0000000000E+00,    0.0000000000E+00,    0.0000000000E+00,    2.5258030977E+02
    171650,      0.676956,CP4_after_advection,   1,    0.0000000000E+00,    2.5258961243E+02,    2.5258961243E+02,    0.0000000000E+00,    0.0000000000E+00,    0.0000000000E+00,    2.5258961243E+02
    171650,      0.676956,CP5_after_vdif,   1,    0.0000000000E+00,    2.5258961243E+02,    2.5258961243E+02,    0.0000000000E+00,    0.0000000000E+00,    0.0000000000E+00,    2.5258961243E+02
    171650,      0.676956,CP6_after_kinetics,   1,    0.0000000000E+00,    2.5258961243E+02,    2.5258961243E+02,    0.0000000000E+00,    0.0000000000E+00,    0.0000000000E+00,    2.5258961243E+02
    171650,      0.676956,CP7_after_upper_clamp,   1,    0.0000000000E+00,    2.5258961243E+02,    2.5258961243E+02,    0.0000000000E+00,    0.0000000000E+00,    0.0000000000E+00,    2.5258961243E+02
    171650,      0.676956,CP8_after_OBC,   1,    0.0000000000E+00,    2.5258961243E+02,    2.5258961243E+02,    0.0000000000E+00,    0.0000000000E+00,    0.0000000000E+00,    2.5258961243E+02
    171650,      0.676956,CP9_after_PTsource,   1,    0.0000000000E+00,    2.5258961243E+02,    2.5258961243E+02,    0.0000000000E+00,    0.0000000000E+00,    0.0000000000E+00,    2.5258961243E+02
    171650,      0.676956,CP10_after_neg_clamp,   1,    0.0000000000E+00,    2.5258961243E+02,    2.5258961243E+02,    0.0000000000E+00,    0.0000000000E+00,    0.0000000000E+00,    2.5258961243E+02
    171650,      0.676956,CP11_after_MPI,   1,    0.0000000000E+00,    2.5258961243E+02,    2.5258961243E+02,    0.0000000000E+00,    0.0000000000E+00,    0.0000000000E+00,    2.5258961243E+02
    171650,      0.676956,CP12_end,   1,    0.0000000000E+00,    2.5258961243E+02,    2.5258961243E+02,    0.0000000000E+00,    0.0000000000E+00,    0.0000000000E+00,    2.5258961243E+02
    171700,      0.676956,CP0_start,   1,    0.0000000000E+00,    2.5275697464E+02,    2.5275697464E+02,    0.0000000000E+00,    0.0000000000E+00,    0.0000000000E+00,    2.5275697464E+02
    171700,      0.676956,CP1_after_deposition,   1,    0.0000000000E+00,    2.5275697464E+02,    2.5275697464E+02,    0.0000000000E+00,    0.0000000000E+00,    0.0000000000E+00,    2.5275697464E+02
    171700,      0.676956,CP2_after_erosion,   1,    0.0000000000E+00,    2.5275697464E+02,    2.5275697464E+02,    0.0000000000E+00,    0.0000000000E+00,    0.0000000000E+00,    2.5275697464E+02
    171700,      0.676956,CP3_after_update_bottom,   1,    0.0000000000E+00,    2.5275697464E+02,    2.5275697464E+02,    0.0000000000E+00,    0.0000000000E+00,    0.0000000000E+00,    2.5275697464E+02
    171700,      0.676956,CP4_after_advection,   1,    0.0000000000E+00,    2.5276626414E+02,    2.5276626414E+02,    0.0000000000E+00,    0.0000000000E+00,    0.0000000000E+00,    2.5276626414E+02
    171700,      0.676956,CP5_after_vdif,   1,    0.0000000000E+00,    2.5276626414E+02,    2.5276626414E+02,    0.0000000000E+00,    0.0000000000E+00,    0.0000000000E+00,    2.5276626414E+02
    171700,      0.676956,CP6_after_kinetics,   1,    0.0000000000E+00,    2.5276626414E+02,    2.5276626414E+02,    0.0000000000E+00,    0.0000000000E+00,    0.0000000000E+00,    2.5276626414E+02
    171700,      0.676956,CP7_after_upper_clamp,   1,    0.0000000000E+00,    2.5276626414E+02,    2.5276626414E+02,    0.0000000000E+00,    0.0000000000E+00,    0.0000000000E+00,    2.5276626414E+02
    171700,      0.676956,CP8_after_OBC,   1,    0.0000000000E+00,    2.5276626414E+02,    2.5276626414E+02,    0.0000000000E+00,    0.0000000000E+00,    0.0000000000E+00,    2.5276626414E+02
    171700,      0.676956,CP9_after_PTsource,   1,    0.0000000000E+00,    2.5276626414E+02,    2.5276626414E+02,    0.0000000000E+00,    0.0000000000E+00,    0.0000000000E+00,    2.5276626414E+02
    171700,      0.676956,CP10_after_neg_clamp,   1,    0.0000000000E+00,    2.5276626414E+02,    2.5276626414E+02,    0.0000000000E+00,    0.0000000000E+00,    0.0000000000E+00,    2.5276626414E+02
    171700,      0.676956,CP11_after_MPI,   1,    0.0000000000E+00,    2.5276626414E+02,    2.5276626414E+02,    0.0000000000E+00,    0.0000000000E+00,    0.0000000000E+00,    2.5276626414E+02
    171700,      0.676956,CP12_end,   1,    0.0000000000E+00,    2.5276626414E+02,    2.5276626414E+02,    0.0000000000E+00,    0.0000000000E+00,    0.0000000000E+00,    2.5276626414E+02
    171750,      0.676956,CP0_start,   1,    0.0000000000E+00,    2.5293410484E+02,    2.5293410484E+02,    0.0000000000E+00,    0.0000000000E+00,    0.0000000000E+00,    2.5293410484E+02
    171750,      0.676956,CP1_after_deposition,   1,    0.0000000000E+00,    2.5293410484E+02,    2.5293410484E+02,    0.0000000000E+00,    0.0000000000E+00,    0.0000000000E+00,    2.5293410484E+02
    171750,      0.676956,CP2_after_erosion,   1,    0.0000000000E+00,    2.5293410484E+02,    2.5293410484E+02,    0.0000000000E+00,    0.0000000000E+00,    0.0000000000E+00,    2.5293410484E+02
    171750,      0.676956,CP3_after_update_bottom,   1,    0.0000000000E+00,    2.5293410484E+02,    2.5293410484E+02,    0.0000000000E+00,    0.0000000000E+00,    0.0000000000E+00,    2.5293410484E+02
    171750,      0.676956,CP4_after_advection,   1,    0.0000000000E+00,    2.5294338049E+02,    2.5294338049E+02,    0.0000000000E+00,    0.0000000000E+00,    0.0000000000E+00,    2.5294338049E+02
    171750,      0.676956,CP5_after_vdif,   1,    0.0000000000E+00,    2.5294338049E+02,    2.5294338049E+02,    0.0000000000E+00,    0.0000000000E+00,    0.0000000000E+00,    2.5294338049E+02
    171750,      0.676956,CP6_after_kinetics,   1,    0.0000000000E+00,    2.5294338049E+02,    2.5294338049E+02,    0.0000000000E+00,    0.0000000000E+00,    0.0000000000E+00,    2.5294338049E+02
    171750,      0.676956,CP7_after_upper_clamp,   1,    0.0000000000E+00,    2.5294338049E+02,    2.5294338049E+02,    0.0000000000E+00,    0.0000000000E+00,    0.0000000000E+00,    2.5294338049E+02
    171750,      0.676956,CP8_after_OBC,   1,    0.0000000000E+00,    2.5294338049E+02,    2.5294338049E+02,    0.0000000000E+00,    0.0000000000E+00,    0.0000000000E+00,    2.5294338049E+02
    171750,      0.676956,CP9_after_PTsource,   1,    0.0000000000E+00,    2.5294338049E+02,    2.5294338049E+02,    0.0000000000E+00,    0.0000000000E+00,    0.0000000000E+00,    2.5294338049E+02
    171750,      0.676956,CP10_after_neg_clamp,   1,    0.0000000000E+00,    2.5294338049E+02,    2.5294338049E+02,    0.0000000000E+00,    0.0000000000E+00,    0.0000000000E+00,    2.5294338049E+02
    171750,      0.676956,CP11_after_MPI,   1,    0.0000000000E+00,    2.5294338049E+02,    2.5294338049E+02,    0.0000000000E+00,    0.0000000000E+00,    0.0000000000E+00,    2.5294338049E+02
    171750,      0.676956,CP12_end,   1,    0.0000000000E+00,    2.5294338049E+02,    2.5294338049E+02,    0.0000000000E+00,    0.0000000000E+00,    0.0000000000E+00,    2.5294338049E+02
    171800,      0.676956,CP0_start,   1,    0.0000000000E+00,    2.5311182859E+02,    2.5311182859E+02,    0.0000000000E+00,    0.0000000000E+00,    0.0000000000E+00,    2.5311182859E+02
    171800,      0.676956,CP1_after_deposition,   1,    0.0000000000E+00,    2.5311182859E+02,    2.5311182859E+02,    0.0000000000E+00,    0.0000000000E+00,    0.0000000000E+00,    2.5311182859E+02
    171800,      0.676956,CP2_after_erosion,   1,    0.0000000000E+00,    2.5311182859E+02,    2.5311182859E+02,    0.0000000000E+00,    0.0000000000E+00,    0.0000000000E+00,    2.5311182859E+02
    171800,      0.676956,CP3_after_update_bottom,   1,    0.0000000000E+00,    2.5311182859E+02,    2.5311182859E+02,    0.0000000000E+00,    0.0000000000E+00,    0.0000000000E+00,    2.5311182859E+02
    171800,      0.676956,CP4_after_advection,   1,    0.0000000000E+00,    2.5312111075E+02,    2.5312111075E+02,    0.0000000000E+00,    0.0000000000E+00,    0.0000000000E+00,    2.5312111075E+02
    171800,      0.676956,CP5_after_vdif,   1,    0.0000000000E+00,    2.5312111075E+02,    2.5312111075E+02,    0.0000000000E+00,    0.0000000000E+00,    0.0000000000E+00,    2.5312111075E+02
    171800,      0.676956,CP6_after_kinetics,   1,    0.0000000000E+00,    2.5312111075E+02,    2.5312111075E+02,    0.0000000000E+00,    0.0000000000E+00,    0.0000000000E+00,    2.5312111075E+02
    171800,      0.676956,CP7_after_upper_clamp,   1,    0.0000000000E+00,    2.5312111075E+02,    2.5312111075E+02,    0.0000000000E+00,    0.0000000000E+00,    0.0000000000E+00,    2.5312111075E+02
    171800,      0.676956,CP8_after_OBC,   1,    0.0000000000E+00,    2.5312111075E+02,    2.5312111075E+02,    0.0000000000E+00,    0.0000000000E+00,    0.0000000000E+00,    2.5312111075E+02
    171800,      0.676956,CP9_after_PTsource,   1,    0.0000000000E+00,    2.5312111075E+02,    2.5312111075E+02,    0.0000000000E+00,    0.0000000000E+00,    0.0000000000E+00,    2.5312111075E+02
    171800,      0.676956,CP10_after_neg_clamp,   1,    0.0000000000E+00,    2.5312111075E+02,    2.5312111075E+02,    0.0000000000E+00,    0.0000000000E+00,    0.0000000000E+00,    2.5312111075E+02
    171800,      0.676956,CP11_after_MPI,   1,    0.0000000000E+00,    2.5312111075E+02,    2.5312111075E+02,    0.0000000000E+00,    0.0000000000E+00,    0.0000000000E+00,    2.5312111075E+02
    171800,      0.676956,CP12_end,   1,    0.0000000000E+00,    2.5312111075E+02,    2.5312111075E+02,    0.0000000000E+00,    0.0000000000E+00,    0.0000000000E+00,    2.5312111075E+02
    171850,      0.676956,CP0_start,   1,    0.0000000000E+00,    2.5329029023E+02,    2.5329029023E+02,    0.0000000000E+00,    0.0000000000E+00,    0.0000000000E+00,    2.5329029023E+02
    171850,      0.676956,CP1_after_deposition,   1,    0.0000000000E+00,    2.5329029023E+02,    2.5329029023E+02,    0.0000000000E+00,    0.0000000000E+00,    0.0000000000E+00,    2.5329029023E+02
    171850,      0.676956,CP2_after_erosion,   1,    0.0000000000E+00,    2.5329029023E+02,    2.5329029023E+02,    0.0000000000E+00,    0.0000000000E+00,    0.0000000000E+00,    2.5329029023E+02
    171850,      0.676956,CP3_after_update_bottom,   1,    0.0000000000E+00,    2.5329029023E+02,    2.5329029023E+02,    0.0000000000E+00,    0.0000000000E+00,    0.0000000000E+00,    2.5329029023E+02
    171850,      0.676956,CP4_after_advection,   1,    0.0000000000E+00,    2.5329958447E+02,    2.5329958447E+02,    0.0000000000E+00,    0.0000000000E+00,    0.0000000000E+00,    2.5329958447E+02
    171850,      0.676956,CP5_after_vdif,   1,    0.0000000000E+00,    2.5329958447E+02,    2.5329958447E+02,    0.0000000000E+00,    0.0000000000E+00,    0.0000000000E+00,    2.5329958447E+02
    171850,      0.676956,CP6_after_kinetics,   1,    0.0000000000E+00,    2.5329958447E+02,    2.5329958447E+02,    0.0000000000E+00,    0.0000000000E+00,    0.0000000000E+00,    2.5329958447E+02
    171850,      0.676956,CP7_after_upper_clamp,   1,    0.0000000000E+00,    2.5329958447E+02,    2.5329958447E+02,    0.0000000000E+00,    0.0000000000E+00,    0.0000000000E+00,    2.5329958447E+02
    171850,      0.676956,CP8_after_OBC,   1,    0.0000000000E+00,    2.5329958447E+02,    2.5329958447E+02,    0.0000000000E+00,    0.0000000000E+00,    0.0000000000E+00,    2.5329958447E+02
    171850,      0.676956,CP9_after_PTsource,   1,    0.0000000000E+00,    2.5329958447E+02,    2.5329958447E+02,    0.0000000000E+00,    0.0000000000E+00,    0.0000000000E+00,    2.5329958447E+02
    171850,      0.676956,CP10_after_neg_clamp,   1,    0.0000000000E+00,    2.5329958447E+02,    2.5329958447E+02,    0.0000000000E+00,    0.0000000000E+00,    0.0000000000E+00,    2.5329958447E+02
    171850,      0.676956,CP11_after_MPI,   1,    0.0000000000E+00,    2.5329958447E+02,    2.5329958447E+02,    0.0000000000E+00,    0.0000000000E+00,    0.0000000000E+00,    2.5329958447E+02
    171850,      0.676956,CP12_end,   1,    0.0000000000E+00,    2.5329958447E+02,    2.5329958447E+02,    0.0000000000E+00,    0.0000000000E+00,    0.0000000000E+00,    2.5329958447E+02
    171900,      0.676956,CP0_start,   1,    0.0000000000E+00,    2.5346947557E+02,    2.5346947557E+02,    0.0000000000E+00,    0.0000000000E+00,    0.0000000000E+00,    2.5346947557E+02
    171900,      0.676956,CP1_after_deposition,   1,    0.0000000000E+00,    2.5346947557E+02,    2.5346947557E+02,    0.0000000000E+00,    0.0000000000E+00,    0.0000000000E+00,    2.5346947557E+02
    171900,      0.676956,CP2_after_erosion,   1,    0.0000000000E+00,    2.5346947557E+02,    2.5346947557E+02,    0.0000000000E+00,    0.0000000000E+00,    0.0000000000E+00,    2.5346947557E+02
    171900,      0.676956,CP3_after_update_bottom,   1,    0.0000000000E+00,    2.5346947557E+02,    2.5346947557E+02,    0.0000000000E+00,    0.0000000000E+00,    0.0000000000E+00,    2.5346947557E+02
    171900,      0.676956,CP4_after_advection,   1,    0.0000000000E+00,    2.5347877217E+02,    2.5347877217E+02,    0.0000000000E+00,    0.0000000000E+00,    0.0000000000E+00,    2.5347877217E+02
    171900,      0.676956,CP5_after_vdif,   1,    0.0000000000E+00,    2.5347877217E+02,    2.5347877217E+02,    0.0000000000E+00,    0.0000000000E+00,    0.0000000000E+00,    2.5347877217E+02
    171900,      0.676956,CP6_after_kinetics,   1,    0.0000000000E+00,    2.5347877217E+02,    2.5347877217E+02,    0.0000000000E+00,    0.0000000000E+00,    0.0000000000E+00,    2.5347877217E+02
    171900,      0.676956,CP7_after_upper_clamp,   1,    0.0000000000E+00,    2.5347877217E+02,    2.5347877217E+02,    0.0000000000E+00,    0.0000000000E+00,    0.0000000000E+00,    2.5347877217E+02
    171900,      0.676956,CP8_after_OBC,   1,    0.0000000000E+00,    2.5347877217E+02,    2.5347877217E+02,    0.0000000000E+00,    0.0000000000E+00,    0.0000000000E+00,    2.5347877217E+02
    171900,      0.676956,CP9_after_PTsource,   1,    0.0000000000E+00,    2.5347877217E+02,    2.5347877217E+02,    0.0000000000E+00,    0.0000000000E+00,    0.0000000000E+00,    2.5347877217E+02
    171900,      0.676956,CP10_after_neg_clamp,   1,    0.0000000000E+00,    2.5347877217E+02,    2.5347877217E+02,    0.0000000000E+00,    0.0000000000E+00,    0.0000000000E+00,    2.5347877217E+02
    171900,      0.676956,CP11_after_MPI,   1,    0.0000000000E+00,    2.5347877217E+02,    2.5347877217E+02,    0.0000000000E+00,    0.0000000000E+00,    0.0000000000E+00,    2.5347877217E+02
    171900,      0.676956,CP12_end,   1,    0.0000000000E+00,    2.5347877217E+02,    2.5347877217E+02,    0.0000000000E+00,    0.0000000000E+00,    0.0000000000E+00,    2.5347877217E+02
    171950,      0.676956,CP0_start,   1,    0.0000000000E+00,    2.5365223283E+02,    2.5365223283E+02,    0.0000000000E+00,    0.0000000000E+00,    0.0000000000E+00,    2.5365223283E+02
    171950,      0.676956,CP1_after_deposition,   1,    0.0000000000E+00,    2.5365223283E+02,    2.5365223283E+02,    0.0000000000E+00,    0.0000000000E+00,    0.0000000000E+00,    2.5365223283E+02
    171950,      0.676956,CP2_after_erosion,   1,    0.0000000000E+00,    2.5365223283E+02,    2.5365223283E+02,    0.0000000000E+00,    0.0000000000E+00,    0.0000000000E+00,    2.5365223283E+02
    171950,      0.676956,CP3_after_update_bottom,   1,    0.0000000000E+00,    2.5365223283E+02,    2.5365223283E+02,    0.0000000000E+00,    0.0000000000E+00,    0.0000000000E+00,    2.5365223283E+02
    171950,      0.676956,CP4_after_advection,   1,    0.0000000000E+00,    2.5366152568E+02,    2.5366152568E+02,    0.0000000000E+00,    0.0000000000E+00,    0.0000000000E+00,    2.5366152568E+02
    171950,      0.676956,CP5_after_vdif,   1,    0.0000000000E+00,    2.5366152568E+02,    2.5366152568E+02,    0.0000000000E+00,    0.0000000000E+00,    0.0000000000E+00,    2.5366152568E+02
    171950,      0.676956,CP6_after_kinetics,   1,    0.0000000000E+00,    2.5366152568E+02,    2.5366152568E+02,    0.0000000000E+00,    0.0000000000E+00,    0.0000000000E+00,    2.5366152568E+02
    171950,      0.676956,CP7_after_upper_clamp,   1,    0.0000000000E+00,    2.5366152568E+02,    2.5366152568E+02,    0.0000000000E+00,    0.0000000000E+00,    0.0000000000E+00,    2.5366152568E+02
    171950,      0.676956,CP8_after_OBC,   1,    0.0000000000E+00,    2.5366152568E+02,    2.5366152568E+02,    0.0000000000E+00,    0.0000000000E+00,    0.0000000000E+00,    2.5366152568E+02
    171950,      0.676956,CP9_after_PTsource,   1,    0.0000000000E+00,    2.5366152568E+02,    2.5366152568E+02,    0.0000000000E+00,    0.0000000000E+00,    0.0000000000E+00,    2.5366152568E+02
    171950,      0.676956,CP10_after_neg_clamp,   1,    0.0000000000E+00,    2.5366152568E+02,    2.5366152568E+02,    0.0000000000E+00,    0.0000000000E+00,    0.0000000000E+00,    2.5366152568E+02
    171950,      0.676956,CP11_after_MPI,   1,    0.0000000000E+00,    2.5366152568E+02,    2.5366152568E+02,    0.0000000000E+00,    0.0000000000E+00,    0.0000000000E+00,    2.5366152568E+02
    171950,      0.676956,CP12_end,   1,    0.0000000000E+00,    2.5366152568E+02,    2.5366152568E+02,    0.0000000000E+00,    0.0000000000E+00,    0.0000000000E+00,    2.5366152568E+02
    172000,      0.676956,CP0_start,   1,    0.0000000000E+00,    2.5383575646E+02,    2.5383575646E+02,    0.0000000000E+00,    0.0000000000E+00,    0.0000000000E+00,    2.5383575646E+02
    172000,      0.676956,CP1_after_deposition,   1,    0.0000000000E+00,    2.5383575646E+02,    2.5383575646E+02,    0.0000000000E+00,    0.0000000000E+00,    0.0000000000E+00,    2.5383575646E+02
    172000,      0.676956,CP2_after_erosion,   1,    0.0000000000E+00,    2.5383575646E+02,    2.5383575646E+02,    0.0000000000E+00,    0.0000000000E+00,    0.0000000000E+00,    2.5383575646E+02
    172000,      0.676956,CP3_after_update_bottom,   1,    0.0000000000E+00,    2.5383575646E+02,    2.5383575646E+02,    0.0000000000E+00,    0.0000000000E+00,    0.0000000000E+00,    2.5383575646E+02
    172000,      0.676956,CP4_after_advection,   1,    0.0000000000E+00,    2.5384503575E+02,    2.5384503575E+02,    0.0000000000E+00,    0.0000000000E+00,    0.0000000000E+00,    2.5384503575E+02
    172000,      0.676956,CP5_after_vdif,   1,    0.0000000000E+00,    2.5384503575E+02,    2.5384503575E+02,    0.0000000000E+00,    0.0000000000E+00,    0.0000000000E+00,    2.5384503575E+02
    172000,      0.676956,CP6_after_kinetics,   1,    0.0000000000E+00,    2.5384503575E+02,    2.5384503575E+02,    0.0000000000E+00,    0.0000000000E+00,    0.0000000000E+00,    2.5384503575E+02
    172000,      0.676956,CP7_after_upper_clamp,   1,    0.0000000000E+00,    2.5384503575E+02,    2.5384503575E+02,    0.0000000000E+00,    0.0000000000E+00,    0.0000000000E+00,    2.5384503575E+02
    172000,      0.676956,CP8_after_OBC,   1,    0.0000000000E+00,    2.5384503575E+02,    2.5384503575E+02,    0.0000000000E+00,    0.0000000000E+00,    0.0000000000E+00,    2.5384503575E+02
    172000,      0.676956,CP9_after_PTsource,   1,    0.0000000000E+00,    2.5384503575E+02,    2.5384503575E+02,    0.0000000000E+00,    0.0000000000E+00,    0.0000000000E+00,    2.5384503575E+02
    172000,      0.676956,CP10_after_neg_clamp,   1,    0.0000000000E+00,    2.5384503575E+02,    2.5384503575E+02,    0.0000000000E+00,    0.0000000000E+00,    0.0000000000E+00,    2.5384503575E+02
    172000,      0.676956,CP11_after_MPI,   1,    0.0000000000E+00,    2.5384503575E+02,    2.5384503575E+02,    0.0000000000E+00,    0.0000000000E+00,    0.0000000000E+00,    2.5384503575E+02
    172000,      0.676956,CP12_end,   1,    0.0000000000E+00,    2.5384503575E+02,    2.5384503575E+02,    0.0000000000E+00,    0.0000000000E+00,    0.0000000000E+00,    2.5384503575E+02
    172050,      0.676956,CP0_start,   1,    0.0000000000E+00,    2.5401993931E+02,    2.5401993931E+02,    0.0000000000E+00,    0.0000000000E+00,    0.0000000000E+00,    2.5401993931E+02
    172050,      0.676956,CP1_after_deposition,   1,    0.0000000000E+00,    2.5401993931E+02,    2.5401993931E+02,    0.0000000000E+00,    0.0000000000E+00,    0.0000000000E+00,    2.5401993931E+02
    172050,      0.676956,CP2_after_erosion,   1,    0.0000000000E+00,    2.5401993931E+02,    2.5401993931E+02,    0.0000000000E+00,    0.0000000000E+00,    0.0000000000E+00,    2.5401993931E+02
    172050,      0.676956,CP3_after_update_bottom,   1,    0.0000000000E+00,    2.5401993931E+02,    2.5401993931E+02,    0.0000000000E+00,    0.0000000000E+00,    0.0000000000E+00,    2.5401993931E+02
    172050,      0.676956,CP4_after_advection,   1,    0.0000000000E+00,    2.5402920977E+02,    2.5402920977E+02,    0.0000000000E+00,    0.0000000000E+00,    0.0000000000E+00,    2.5402920977E+02
    172050,      0.676956,CP5_after_vdif,   1,    0.0000000000E+00,    2.5402920977E+02,    2.5402920977E+02,    0.0000000000E+00,    0.0000000000E+00,    0.0000000000E+00,    2.5402920977E+02
    172050,      0.676956,CP6_after_kinetics,   1,    0.0000000000E+00,    2.5402920977E+02,    2.5402920977E+02,    0.0000000000E+00,    0.0000000000E+00,    0.0000000000E+00,    2.5402920977E+02
    172050,      0.676956,CP7_after_upper_clamp,   1,    0.0000000000E+00,    2.5402920977E+02,    2.5402920977E+02,    0.0000000000E+00,    0.0000000000E+00,    0.0000000000E+00,    2.5402920977E+02
    172050,      0.676956,CP8_after_OBC,   1,    0.0000000000E+00,    2.5402920977E+02,    2.5402920977E+02,    0.0000000000E+00,    0.0000000000E+00,    0.0000000000E+00,    2.5402920977E+02
    172050,      0.676956,CP9_after_PTsource,   1,    0.0000000000E+00,    2.5402920977E+02,    2.5402920977E+02,    0.0000000000E+00,    0.0000000000E+00,    0.0000000000E+00,    2.5402920977E+02
    172050,      0.676956,CP10_after_neg_clamp,   1,    0.0000000000E+00,    2.5402920977E+02,    2.5402920977E+02,    0.0000000000E+00,    0.0000000000E+00,    0.0000000000E+00,    2.5402920977E+02
    172050,      0.676956,CP11_after_MPI,   1,    0.0000000000E+00,    2.5402920977E+02,    2.5402920977E+02,    0.0000000000E+00,    0.0000000000E+00,    0.0000000000E+00,    2.5402920977E+02
    172050,      0.676956,CP12_end,   1,    0.0000000000E+00,    2.5402920977E+02,    2.5402920977E+02,    0.0000000000E+00,    0.0000000000E+00,    0.0000000000E+00,    2.5402920977E+02
    172100,      0.676956,CP0_start,   1,    0.0000000000E+00,    2.5420465622E+02,    2.5420465622E+02,    0.0000000000E+00,    0.0000000000E+00,    0.0000000000E+00,    2.5420465622E+02
    172100,      0.676956,CP1_after_deposition,   1,    0.0000000000E+00,    2.5420465622E+02,    2.5420465622E+02,    0.0000000000E+00,    0.0000000000E+00,    0.0000000000E+00,    2.5420465622E+02
    172100,      0.676956,CP2_after_erosion,   1,    0.0000000000E+00,    2.5420465622E+02,    2.5420465622E+02,    0.0000000000E+00,    0.0000000000E+00,    0.0000000000E+00,    2.5420465622E+02
    172100,      0.676956,CP3_after_update_bottom,   1,    0.0000000000E+00,    2.5420465622E+02,    2.5420465622E+02,    0.0000000000E+00,    0.0000000000E+00,    0.0000000000E+00,    2.5420465622E+02
    172100,      0.676956,CP4_after_advection,   1,    0.0000000000E+00,    2.5421393818E+02,    2.5421393818E+02,    0.0000000000E+00,    0.0000000000E+00,    0.0000000000E+00,    2.5421393818E+02
    172100,      0.676956,CP5_after_vdif,   1,    0.0000000000E+00,    2.5421393818E+02,    2.5421393818E+02,    0.0000000000E+00,    0.0000000000E+00,    0.0000000000E+00,    2.5421393818E+02
    172100,      0.676956,CP6_after_kinetics,   1,    0.0000000000E+00,    2.5421393818E+02,    2.5421393818E+02,    0.0000000000E+00,    0.0000000000E+00,    0.0000000000E+00,    2.5421393818E+02
    172100,      0.676956,CP7_after_upper_clamp,   1,    0.0000000000E+00,    2.5421393818E+02,    2.5421393818E+02,    0.0000000000E+00,    0.0000000000E+00,    0.0000000000E+00,    2.5421393818E+02
    172100,      0.676956,CP8_after_OBC,   1,    0.0000000000E+00,    2.5421393818E+02,    2.5421393818E+02,    0.0000000000E+00,    0.0000000000E+00,    0.0000000000E+00,    2.5421393818E+02
    172100,      0.676956,CP9_after_PTsource,   1,    0.0000000000E+00,    2.5421393818E+02,    2.5421393818E+02,    0.0000000000E+00,    0.0000000000E+00,    0.0000000000E+00,    2.5421393818E+02
    172100,      0.676956,CP10_after_neg_clamp,   1,    0.0000000000E+00,    2.5421393818E+02,    2.5421393818E+02,    0.0000000000E+00,    0.0000000000E+00,    0.0000000000E+00,    2.5421393818E+02
    172100,      0.676956,CP11_after_MPI,   1,    0.0000000000E+00,    2.5421393818E+02,    2.5421393818E+02,    0.0000000000E+00,    0.0000000000E+00,    0.0000000000E+00,    2.5421393818E+02
    172100,      0.676956,CP12_end,   1,    0.0000000000E+00,    2.5421393818E+02,    2.5421393818E+02,    0.0000000000E+00,    0.0000000000E+00,    0.0000000000E+00,    2.5421393818E+02
    172150,      0.676956,CP0_start,   1,    0.0000000000E+00,    2.5438982892E+02,    2.5438982892E+02,    0.0000000000E+00,    0.0000000000E+00,    0.0000000000E+00,    2.5438982892E+02
    172150,      0.676956,CP1_after_deposition,   1,    0.0000000000E+00,    2.5438982892E+02,    2.5438982892E+02,    0.0000000000E+00,    0.0000000000E+00,    0.0000000000E+00,    2.5438982892E+02
    172150,      0.676956,CP2_after_erosion,   1,    0.0000000000E+00,    2.5438982892E+02,    2.5438982892E+02,    0.0000000000E+00,    0.0000000000E+00,    0.0000000000E+00,    2.5438982892E+02
    172150,      0.676956,CP3_after_update_bottom,   1,    0.0000000000E+00,    2.5438982892E+02,    2.5438982892E+02,    0.0000000000E+00,    0.0000000000E+00,    0.0000000000E+00,    2.5438982892E+02
    172150,      0.676956,CP4_after_advection,   1,    0.0000000000E+00,    2.5439912447E+02,    2.5439912447E+02,    0.0000000000E+00,    0.0000000000E+00,    0.0000000000E+00,    2.5439912447E+02
    172150,      0.676956,CP5_after_vdif,   1,    0.0000000000E+00,    2.5439912447E+02,    2.5439912447E+02,    0.0000000000E+00,    0.0000000000E+00,    0.0000000000E+00,    2.5439912447E+02
    172150,      0.676956,CP6_after_kinetics,   1,    0.0000000000E+00,    2.5439912447E+02,    2.5439912447E+02,    0.0000000000E+00,    0.0000000000E+00,    0.0000000000E+00,    2.5439912447E+02
    172150,      0.676956,CP7_after_upper_clamp,   1,    0.0000000000E+00,    2.5439912447E+02,    2.5439912447E+02,    0.0000000000E+00,    0.0000000000E+00,    0.0000000000E+00,    2.5439912447E+02
    172150,      0.676956,CP8_after_OBC,   1,    0.0000000000E+00,    2.5439912447E+02,    2.5439912447E+02,    0.0000000000E+00,    0.0000000000E+00,    0.0000000000E+00,    2.5439912447E+02
    172150,      0.676956,CP9_after_PTsource,   1,    0.0000000000E+00,    2.5439912447E+02,    2.5439912447E+02,    0.0000000000E+00,    0.0000000000E+00,    0.0000000000E+00,    2.5439912447E+02
    172150,      0.676956,CP10_after_neg_clamp,   1,    0.0000000000E+00,    2.5439912447E+02,    2.5439912447E+02,    0.0000000000E+00,    0.0000000000E+00,    0.0000000000E+00,    2.5439912447E+02
    172150,      0.676956,CP11_after_MPI,   1,    0.0000000000E+00,    2.5439912447E+02,    2.5439912447E+02,    0.0000000000E+00,    0.0000000000E+00,    0.0000000000E+00,    2.5439912447E+02
    172150,      0.676956,CP12_end,   1,    0.0000000000E+00,    2.5439912447E+02,    2.5439912447E+02,    0.0000000000E+00,    0.0000000000E+00,    0.0000000000E+00,    2.5439912447E+02
    172200,      0.676956,CP0_start,   1,    0.0000000000E+00,    2.5457560623E+02,    2.5457560623E+02,    0.0000000000E+00,    0.0000000000E+00,    0.0000000000E+00,    2.5457560623E+02
    172200,      0.676956,CP1_after_deposition,   1,    0.0000000000E+00,    2.5457560623E+02,    2.5457560623E+02,    0.0000000000E+00,    0.0000000000E+00,    0.0000000000E+00,    2.5457560623E+02
    172200,      0.676956,CP2_after_erosion,   1,    0.0000000000E+00,    2.5457560623E+02,    2.5457560623E+02,    0.0000000000E+00,    0.0000000000E+00,    0.0000000000E+00,    2.5457560623E+02
    172200,      0.676956,CP3_after_update_bottom,   1,    0.0000000000E+00,    2.5457560623E+02,    2.5457560623E+02,    0.0000000000E+00,    0.0000000000E+00,    0.0000000000E+00,    2.5457560623E+02
    172200,      0.676956,CP4_after_advection,   1,    0.0000000000E+00,    2.5458489895E+02,    2.5458489895E+02,    0.0000000000E+00,    0.0000000000E+00,    0.0000000000E+00,    2.5458489895E+02
    172200,      0.676956,CP5_after_vdif,   1,    0.0000000000E+00,    2.5458489895E+02,    2.5458489895E+02,    0.0000000000E+00,    0.0000000000E+00,    0.0000000000E+00,    2.5458489895E+02
    172200,      0.676956,CP6_after_kinetics,   1,    0.0000000000E+00,    2.5458489895E+02,    2.5458489895E+02,    0.0000000000E+00,    0.0000000000E+00,    0.0000000000E+00,    2.5458489895E+02
    172200,      0.676956,CP7_after_upper_clamp,   1,    0.0000000000E+00,    2.5458489895E+02,    2.5458489895E+02,    0.0000000000E+00,    0.0000000000E+00,    0.0000000000E+00,    2.5458489895E+02
    172200,      0.676956,CP8_after_OBC,   1,    0.0000000000E+00,    2.5458489895E+02,    2.5458489895E+02,    0.0000000000E+00,    0.0000000000E+00,    0.0000000000E+00,    2.5458489895E+02
    172200,      0.676956,CP9_after_PTsource,   1,    0.0000000000E+00,    2.5458489895E+02,    2.5458489895E+02,    0.0000000000E+00,    0.0000000000E+00,    0.0000000000E+00,    2.5458489895E+02
    172200,      0.676956,CP10_after_neg_clamp,   1,    0.0000000000E+00,    2.5458489895E+02,    2.5458489895E+02,    0.0000000000E+00,    0.0000000000E+00,    0.0000000000E+00,    2.5458489895E+02
    172200,      0.676956,CP11_after_MPI,   1,    0.0000000000E+00,    2.5458489895E+02,    2.5458489895E+02,    0.0000000000E+00,    0.0000000000E+00,    0.0000000000E+00,    2.5458489895E+02
    172200,      0.676956,CP12_end,   1,    0.0000000000E+00,    2.5458489895E+02,    2.5458489895E+02,    0.0000000000E+00,    0.0000000000E+00,    0.0000000000E+00,    2.5458489895E+02
    172250,      0.676956,CP0_start,   1,    0.0000000000E+00,    2.5476178399E+02,    2.5476178399E+02,    0.0000000000E+00,    0.0000000000E+00,    0.0000000000E+00,    2.5476178399E+02
    172250,      0.676956,CP1_after_deposition,   1,    0.0000000000E+00,    2.5476178399E+02,    2.5476178399E+02,    0.0000000000E+00,    0.0000000000E+00,    0.0000000000E+00,    2.5476178399E+02
    172250,      0.676956,CP2_after_erosion,   1,    0.0000000000E+00,    2.5476178399E+02,    2.5476178399E+02,    0.0000000000E+00,    0.0000000000E+00,    0.0000000000E+00,    2.5476178399E+02
    172250,      0.676956,CP3_after_update_bottom,   1,    0.0000000000E+00,    2.5476178399E+02,    2.5476178399E+02,    0.0000000000E+00,    0.0000000000E+00,    0.0000000000E+00,    2.5476178399E+02
    172250,      0.676956,CP4_after_advection,   1,    0.0000000000E+00,    2.5477105754E+02,    2.5477105754E+02,    0.0000000000E+00,    0.0000000000E+00,    0.0000000000E+00,    2.5477105754E+02
    172250,      0.676956,CP5_after_vdif,   1,    0.0000000000E+00,    2.5477105754E+02,    2.5477105754E+02,    0.0000000000E+00,    0.0000000000E+00,    0.0000000000E+00,    2.5477105754E+02
    172250,      0.676956,CP6_after_kinetics,   1,    0.0000000000E+00,    2.5477105754E+02,    2.5477105754E+02,    0.0000000000E+00,    0.0000000000E+00,    0.0000000000E+00,    2.5477105754E+02
    172250,      0.676956,CP7_after_upper_clamp,   1,    0.0000000000E+00,    2.5477105754E+02,    2.5477105754E+02,    0.0000000000E+00,    0.0000000000E+00,    0.0000000000E+00,    2.5477105754E+02
    172250,      0.676956,CP8_after_OBC,   1,    0.0000000000E+00,    2.5477105754E+02,    2.5477105754E+02,    0.0000000000E+00,    0.0000000000E+00,    0.0000000000E+00,    2.5477105754E+02
    172250,      0.676956,CP9_after_PTsource,   1,    0.0000000000E+00,    2.5477105754E+02,    2.5477105754E+02,    0.0000000000E+00,    0.0000000000E+00,    0.0000000000E+00,    2.5477105754E+02
    172250,      0.676956,CP10_after_neg_clamp,   1,    0.0000000000E+00,    2.5477105754E+02,    2.5477105754E+02,    0.0000000000E+00,    0.0000000000E+00,    0.0000000000E+00,    2.5477105754E+02
    172250,      0.676956,CP11_after_MPI,   1,    0.0000000000E+00,    2.5477105754E+02,    2.5477105754E+02,    0.0000000000E+00,    0.0000000000E+00,    0.0000000000E+00,    2.5477105754E+02
    172250,      0.676956,CP12_end,   1,    0.0000000000E+00,    2.5477105754E+02,    2.5477105754E+02,    0.0000000000E+00,    0.0000000000E+00,    0.0000000000E+00,    2.5477105754E+02
    172300,      0.676956,CP0_start,   1,    0.0000000000E+00,    2.5494819528E+02,    2.5494819528E+02,    0.0000000000E+00,    0.0000000000E+00,    0.0000000000E+00,    2.5494819528E+02
    172300,      0.676956,CP1_after_deposition,   1,    0.0000000000E+00,    2.5494819528E+02,    2.5494819528E+02,    0.0000000000E+00,    0.0000000000E+00,    0.0000000000E+00,    2.5494819528E+02
    172300,      0.676956,CP2_after_erosion,   1,    0.0000000000E+00,    2.5494819528E+02,    2.5494819528E+02,    0.0000000000E+00,    0.0000000000E+00,    0.0000000000E+00,    2.5494819528E+02
    172300,      0.676956,CP3_after_update_bottom,   1,    0.0000000000E+00,    2.5494819528E+02,    2.5494819528E+02,    0.0000000000E+00,    0.0000000000E+00,    0.0000000000E+00,    2.5494819528E+02
    172300,      0.676956,CP4_after_advection,   1,    0.0000000000E+00,    2.5495748198E+02,    2.5495748198E+02,    0.0000000000E+00,    0.0000000000E+00,    0.0000000000E+00,    2.5495748198E+02
    172300,      0.676956,CP5_after_vdif,   1,    0.0000000000E+00,    2.5495748198E+02,    2.5495748198E+02,    0.0000000000E+00,    0.0000000000E+00,    0.0000000000E+00,    2.5495748198E+02
    172300,      0.676956,CP6_after_kinetics,   1,    0.0000000000E+00,    2.5495748198E+02,    2.5495748198E+02,    0.0000000000E+00,    0.0000000000E+00,    0.0000000000E+00,    2.5495748198E+02
    172300,      0.676956,CP7_after_upper_clamp,   1,    0.0000000000E+00,    2.5495748198E+02,    2.5495748198E+02,    0.0000000000E+00,    0.0000000000E+00,    0.0000000000E+00,    2.5495748198E+02
    172300,      0.676956,CP8_after_OBC,   1,    0.0000000000E+00,    2.5495748198E+02,    2.5495748198E+02,    0.0000000000E+00,    0.0000000000E+00,    0.0000000000E+00,    2.5495748198E+02
    172300,      0.676956,CP9_after_PTsource,   1,    0.0000000000E+00,    2.5495748198E+02,    2.5495748198E+02,    0.0000000000E+00,    0.0000000000E+00,    0.0000000000E+00,    2.5495748198E+02
    172300,      0.676956,CP10_after_neg_clamp,   1,    0.0000000000E+00,    2.5495748198E+02,    2.5495748198E+02,    0.0000000000E+00,    0.0000000000E+00,    0.0000000000E+00,    2.5495748198E+02
    172300,      0.676956,CP11_after_MPI,   1,    0.0000000000E+00,    2.5495748198E+02,    2.5495748198E+02,    0.0000000000E+00,    0.0000000000E+00,    0.0000000000E+00,    2.5495748198E+02
    172300,      0.676956,CP12_end,   1,    0.0000000000E+00,    2.5495748198E+02,    2.5495748198E+02,    0.0000000000E+00,    0.0000000000E+00,    0.0000000000E+00,    2.5495748198E+02
    172350,      0.676956,CP0_start,   1,    0.0000000000E+00,    2.5513465734E+02,    2.5513465734E+02,    0.0000000000E+00,    0.0000000000E+00,    0.0000000000E+00,    2.5513465734E+02
    172350,      0.676956,CP1_after_deposition,   1,    0.0000000000E+00,    2.5513465734E+02,    2.5513465734E+02,    0.0000000000E+00,    0.0000000000E+00,    0.0000000000E+00,    2.5513465734E+02
    172350,      0.676956,CP2_after_erosion,   1,    0.0000000000E+00,    2.5513465734E+02,    2.5513465734E+02,    0.0000000000E+00,    0.0000000000E+00,    0.0000000000E+00,    2.5513465734E+02
    172350,      0.676956,CP3_after_update_bottom,   1,    0.0000000000E+00,    2.5513465734E+02,    2.5513465734E+02,    0.0000000000E+00,    0.0000000000E+00,    0.0000000000E+00,    2.5513465734E+02
    172350,      0.676956,CP4_after_advection,   1,    0.0000000000E+00,    2.5514394644E+02,    2.5514394644E+02,    0.0000000000E+00,    0.0000000000E+00,    0.0000000000E+00,    2.5514394644E+02
    172350,      0.676956,CP5_after_vdif,   1,    0.0000000000E+00,    2.5514394644E+02,    2.5514394644E+02,    0.0000000000E+00,    0.0000000000E+00,    0.0000000000E+00,    2.5514394644E+02
    172350,      0.676956,CP6_after_kinetics,   1,    0.0000000000E+00,    2.5514394644E+02,    2.5514394644E+02,    0.0000000000E+00,    0.0000000000E+00,    0.0000000000E+00,    2.5514394644E+02
    172350,      0.676956,CP7_after_upper_clamp,   1,    0.0000000000E+00,    2.5514394644E+02,    2.5514394644E+02,    0.0000000000E+00,    0.0000000000E+00,    0.0000000000E+00,    2.5514394644E+02
    172350,      0.676956,CP8_after_OBC,   1,    0.0000000000E+00,    2.5514394644E+02,    2.5514394644E+02,    0.0000000000E+00,    0.0000000000E+00,    0.0000000000E+00,    2.5514394644E+02
    172350,      0.676956,CP9_after_PTsource,   1,    0.0000000000E+00,    2.5514394644E+02,    2.5514394644E+02,    0.0000000000E+00,    0.0000000000E+00,    0.0000000000E+00,    2.5514394644E+02
    172350,      0.676956,CP10_after_neg_clamp,   1,    0.0000000000E+00,    2.5514394644E+02,    2.5514394644E+02,    0.0000000000E+00,    0.0000000000E+00,    0.0000000000E+00,    2.5514394644E+02
    172350,      0.676956,CP11_after_MPI,   1,    0.0000000000E+00,    2.5514394644E+02,    2.5514394644E+02,    0.0000000000E+00,    0.0000000000E+00,    0.0000000000E+00,    2.5514394644E+02
    172350,      0.676956,CP12_end,   1,    0.0000000000E+00,    2.5514394644E+02,    2.5514394644E+02,    0.0000000000E+00,    0.0000000000E+00,    0.0000000000E+00,    2.5514394644E+02
    172400,      0.676956,CP0_start,   1,    0.0000000000E+00,    2.5532093436E+02,    2.5532093436E+02,    0.0000000000E+00,    0.0000000000E+00,    0.0000000000E+00,    2.5532093436E+02
    172400,      0.676956,CP1_after_deposition,   1,    0.0000000000E+00,    2.5532093436E+02,    2.5532093436E+02,    0.0000000000E+00,    0.0000000000E+00,    0.0000000000E+00,    2.5532093436E+02
    172400,      0.676956,CP2_after_erosion,   1,    0.0000000000E+00,    2.5532093436E+02,    2.5532093436E+02,    0.0000000000E+00,    0.0000000000E+00,    0.0000000000E+00,    2.5532093436E+02
    172400,      0.676956,CP3_after_update_bottom,   1,    0.0000000000E+00,    2.5532093436E+02,    2.5532093436E+02,    0.0000000000E+00,    0.0000000000E+00,    0.0000000000E+00,    2.5532093436E+02
    172400,      0.676956,CP4_after_advection,   1,    0.0000000000E+00,    2.5533020108E+02,    2.5533020108E+02,    0.0000000000E+00,    0.0000000000E+00,    0.0000000000E+00,    2.5533020108E+02
    172400,      0.676956,CP5_after_vdif,   1,    0.0000000000E+00,    2.5533020108E+02,    2.5533020108E+02,    0.0000000000E+00,    0.0000000000E+00,    0.0000000000E+00,    2.5533020108E+02
    172400,      0.676956,CP6_after_kinetics,   1,    0.0000000000E+00,    2.5533020108E+02,    2.5533020108E+02,    0.0000000000E+00,    0.0000000000E+00,    0.0000000000E+00,    2.5533020108E+02
    172400,      0.676956,CP7_after_upper_clamp,   1,    0.0000000000E+00,    2.5533020108E+02,    2.5533020108E+02,    0.0000000000E+00,    0.0000000000E+00,    0.0000000000E+00,    2.5533020108E+02
    172400,      0.676956,CP8_after_OBC,   1,    0.0000000000E+00,    2.5533020108E+02,    2.5533020108E+02,    0.0000000000E+00,    0.0000000000E+00,    0.0000000000E+00,    2.5533020108E+02
    172400,      0.676956,CP9_after_PTsource,   1,    0.0000000000E+00,    2.5533020108E+02,    2.5533020108E+02,    0.0000000000E+00,    0.0000000000E+00,    0.0000000000E+00,    2.5533020108E+02
    172400,      0.676956,CP10_after_neg_clamp,   1,    0.0000000000E+00,    2.5533020108E+02,    2.5533020108E+02,    0.0000000000E+00,    0.0000000000E+00,    0.0000000000E+00,    2.5533020108E+02
    172400,      0.676956,CP11_after_MPI,   1,    0.0000000000E+00,    2.5533020108E+02,    2.5533020108E+02,    0.0000000000E+00,    0.0000000000E+00,    0.0000000000E+00,    2.5533020108E+02
    172400,      0.676956,CP12_end,   1,    0.0000000000E+00,    2.5533020108E+02,    2.5533020108E+02,    0.0000000000E+00,    0.0000000000E+00,    0.0000000000E+00,    2.5533020108E+02
    172450,      0.676956,CP0_start,   1,    0.0000000000E+00,    2.5550709574E+02,    2.5550709574E+02,    0.0000000000E+00,    0.0000000000E+00,    0.0000000000E+00,    2.5550709574E+02
    172450,      0.676956,CP1_after_deposition,   1,    0.0000000000E+00,    2.5550709574E+02,    2.5550709574E+02,    0.0000000000E+00,    0.0000000000E+00,    0.0000000000E+00,    2.5550709574E+02
    172450,      0.676956,CP2_after_erosion,   1,    0.0000000000E+00,    2.5550709574E+02,    2.5550709574E+02,    0.0000000000E+00,    0.0000000000E+00,    0.0000000000E+00,    2.5550709574E+02
    172450,      0.676956,CP3_after_update_bottom,   1,    0.0000000000E+00,    2.5550709574E+02,    2.5550709574E+02,    0.0000000000E+00,    0.0000000000E+00,    0.0000000000E+00,    2.5550709574E+02
    172450,      0.676956,CP4_after_advection,   1,    0.0000000000E+00,    2.5551635388E+02,    2.5551635388E+02,    0.0000000000E+00,    0.0000000000E+00,    0.0000000000E+00,    2.5551635388E+02
    172450,      0.676956,CP5_after_vdif,   1,    0.0000000000E+00,    2.5551635388E+02,    2.5551635388E+02,    0.0000000000E+00,    0.0000000000E+00,    0.0000000000E+00,    2.5551635388E+02
    172450,      0.676956,CP6_after_kinetics,   1,    0.0000000000E+00,    2.5551635388E+02,    2.5551635388E+02,    0.0000000000E+00,    0.0000000000E+00,    0.0000000000E+00,    2.5551635388E+02
    172450,      0.676956,CP7_after_upper_clamp,   1,    0.0000000000E+00,    2.5551635388E+02,    2.5551635388E+02,    0.0000000000E+00,    0.0000000000E+00,    0.0000000000E+00,    2.5551635388E+02
    172450,      0.676956,CP8_after_OBC,   1,    0.0000000000E+00,    2.5551635388E+02,    2.5551635388E+02,    0.0000000000E+00,    0.0000000000E+00,    0.0000000000E+00,    2.5551635388E+02
    172450,      0.676956,CP9_after_PTsource,   1,    0.0000000000E+00,    2.5551635388E+02,    2.5551635388E+02,    0.0000000000E+00,    0.0000000000E+00,    0.0000000000E+00,    2.5551635388E+02
    172450,      0.676956,CP10_after_neg_clamp,   1,    0.0000000000E+00,    2.5551635388E+02,    2.5551635388E+02,    0.0000000000E+00,    0.0000000000E+00,    0.0000000000E+00,    2.5551635388E+02
    172450,      0.676956,CP11_after_MPI,   1,    0.0000000000E+00,    2.5551635388E+02,    2.5551635388E+02,    0.0000000000E+00,    0.0000000000E+00,    0.0000000000E+00,    2.5551635388E+02
    172450,      0.676956,CP12_end,   1,    0.0000000000E+00,    2.5551635388E+02,    2.5551635388E+02,    0.0000000000E+00,    0.0000000000E+00,    0.0000000000E+00,    2.5551635388E+02
    172500,      0.676956,CP0_start,   1,    0.0000000000E+00,    2.5569315268E+02,    2.5569315268E+02,    0.0000000000E+00,    0.0000000000E+00,    0.0000000000E+00,    2.5569315268E+02
    172500,      0.676956,CP1_after_deposition,   1,    0.0000000000E+00,    2.5569315268E+02,    2.5569315268E+02,    0.0000000000E+00,    0.0000000000E+00,    0.0000000000E+00,    2.5569315268E+02
    172500,      0.676956,CP2_after_erosion,   1,    0.0000000000E+00,    2.5569315268E+02,    2.5569315268E+02,    0.0000000000E+00,    0.0000000000E+00,    0.0000000000E+00,    2.5569315268E+02
    172500,      0.676956,CP3_after_update_bottom,   1,    0.0000000000E+00,    2.5569315268E+02,    2.5569315268E+02,    0.0000000000E+00,    0.0000000000E+00,    0.0000000000E+00,    2.5569315268E+02
    172500,      0.676956,CP4_after_advection,   1,    0.0000000000E+00,    2.5570239480E+02,    2.5570239480E+02,    0.0000000000E+00,    0.0000000000E+00,    0.0000000000E+00,    2.5570239480E+02
    172500,      0.676956,CP5_after_vdif,   1,    0.0000000000E+00,    2.5570239480E+02,    2.5570239480E+02,    0.0000000000E+00,    0.0000000000E+00,    0.0000000000E+00,    2.5570239480E+02
    172500,      0.676956,CP6_after_kinetics,   1,    0.0000000000E+00,    2.5570239480E+02,    2.5570239480E+02,    0.0000000000E+00,    0.0000000000E+00,    0.0000000000E+00,    2.5570239480E+02
    172500,      0.676956,CP7_after_upper_clamp,   1,    0.0000000000E+00,    2.5570239480E+02,    2.5570239480E+02,    0.0000000000E+00,    0.0000000000E+00,    0.0000000000E+00,    2.5570239480E+02
    172500,      0.676956,CP8_after_OBC,   1,    0.0000000000E+00,    2.5570239480E+02,    2.5570239480E+02,    0.0000000000E+00,    0.0000000000E+00,    0.0000000000E+00,    2.5570239480E+02
    172500,      0.676956,CP9_after_PTsource,   1,    0.0000000000E+00,    2.5570239480E+02,    2.5570239480E+02,    0.0000000000E+00,    0.0000000000E+00,    0.0000000000E+00,    2.5570239480E+02
    172500,      0.676956,CP10_after_neg_clamp,   1,    0.0000000000E+00,    2.5570239480E+02,    2.5570239480E+02,    0.0000000000E+00,    0.0000000000E+00,    0.0000000000E+00,    2.5570239480E+02
    172500,      0.676956,CP11_after_MPI,   1,    0.0000000000E+00,    2.5570239480E+02,    2.5570239480E+02,    0.0000000000E+00,    0.0000000000E+00,    0.0000000000E+00,    2.5570239480E+02
    172500,      0.676956,CP12_end,   1,    0.0000000000E+00,    2.5570239480E+02,    2.5570239480E+02,    0.0000000000E+00,    0.0000000000E+00,    0.0000000000E+00,    2.5570239480E+02
    172550,      0.676956,CP0_start,   1,    0.0000000000E+00,    2.5587907597E+02,    2.5587907597E+02,    0.0000000000E+00,    0.0000000000E+00,    0.0000000000E+00,    2.5587907597E+02
    172550,      0.676956,CP1_after_deposition,   1,    0.0000000000E+00,    2.5587907597E+02,    2.5587907597E+02,    0.0000000000E+00,    0.0000000000E+00,    0.0000000000E+00,    2.5587907597E+02
    172550,      0.676956,CP2_after_erosion,   1,    0.0000000000E+00,    2.5587907597E+02,    2.5587907597E+02,    0.0000000000E+00,    0.0000000000E+00,    0.0000000000E+00,    2.5587907597E+02
    172550,      0.676956,CP3_after_update_bottom,   1,    0.0000000000E+00,    2.5587907597E+02,    2.5587907597E+02,    0.0000000000E+00,    0.0000000000E+00,    0.0000000000E+00,    2.5587907597E+02
    172550,      0.676956,CP4_after_advection,   1,    0.0000000000E+00,    2.5588830270E+02,    2.5588830270E+02,    0.0000000000E+00,    0.0000000000E+00,    0.0000000000E+00,    2.5588830270E+02
    172550,      0.676956,CP5_after_vdif,   1,    0.0000000000E+00,    2.5588830270E+02,    2.5588830270E+02,    0.0000000000E+00,    0.0000000000E+00,    0.0000000000E+00,    2.5588830270E+02
    172550,      0.676956,CP6_after_kinetics,   1,    0.0000000000E+00,    2.5588830270E+02,    2.5588830270E+02,    0.0000000000E+00,    0.0000000000E+00,    0.0000000000E+00,    2.5588830270E+02
    172550,      0.676956,CP7_after_upper_clamp,   1,    0.0000000000E+00,    2.5588830270E+02,    2.5588830270E+02,    0.0000000000E+00,    0.0000000000E+00,    0.0000000000E+00,    2.5588830270E+02
    172550,      0.676956,CP8_after_OBC,   1,    0.0000000000E+00,    2.5588830270E+02,    2.5588830270E+02,    0.0000000000E+00,    0.0000000000E+00,    0.0000000000E+00,    2.5588830270E+02
    172550,      0.676956,CP9_after_PTsource,   1,    0.0000000000E+00,    2.5588830270E+02,    2.5588830270E+02,    0.0000000000E+00,    0.0000000000E+00,    0.0000000000E+00,    2.5588830270E+02
    172550,      0.676956,CP10_after_neg_clamp,   1,    0.0000000000E+00,    2.5588830270E+02,    2.5588830270E+02,    0.0000000000E+00,    0.0000000000E+00,    0.0000000000E+00,    2.5588830270E+02
    172550,      0.676956,CP11_after_MPI,   1,    0.0000000000E+00,    2.5588830270E+02,    2.5588830270E+02,    0.0000000000E+00,    0.0000000000E+00,    0.0000000000E+00,    2.5588830270E+02
    172550,      0.676956,CP12_end,   1,    0.0000000000E+00,    2.5588830270E+02,    2.5588830270E+02,    0.0000000000E+00,    0.0000000000E+00,    0.0000000000E+00,    2.5588830270E+02
    172600,      0.676956,CP0_start,   1,    0.0000000000E+00,    2.5606482002E+02,    2.5606482002E+02,    0.0000000000E+00,    0.0000000000E+00,    0.0000000000E+00,    2.5606482002E+02
    172600,      0.676956,CP1_after_deposition,   1,    0.0000000000E+00,    2.5606482002E+02,    2.5606482002E+02,    0.0000000000E+00,    0.0000000000E+00,    0.0000000000E+00,    2.5606482002E+02
    172600,      0.676956,CP2_after_erosion,   1,    0.0000000000E+00,    2.5606482002E+02,    2.5606482002E+02,    0.0000000000E+00,    0.0000000000E+00,    0.0000000000E+00,    2.5606482002E+02
    172600,      0.676956,CP3_after_update_bottom,   1,    0.0000000000E+00,    2.5606482002E+02,    2.5606482002E+02,    0.0000000000E+00,    0.0000000000E+00,    0.0000000000E+00,    2.5606482002E+02
    172600,      0.676956,CP4_after_advection,   1,    0.0000000000E+00,    2.5607405384E+02,    2.5607405384E+02,    0.0000000000E+00,    0.0000000000E+00,    0.0000000000E+00,    2.5607405384E+02
    172600,      0.676956,CP5_after_vdif,   1,    0.0000000000E+00,    2.5607405384E+02,    2.5607405384E+02,    0.0000000000E+00,    0.0000000000E+00,    0.0000000000E+00,    2.5607405384E+02
    172600,      0.676956,CP6_after_kinetics,   1,    0.0000000000E+00,    2.5607405384E+02,    2.5607405384E+02,    0.0000000000E+00,    0.0000000000E+00,    0.0000000000E+00,    2.5607405384E+02
    172600,      0.676956,CP7_after_upper_clamp,   1,    0.0000000000E+00,    2.5607405384E+02,    2.5607405384E+02,    0.0000000000E+00,    0.0000000000E+00,    0.0000000000E+00,    2.5607405384E+02
    172600,      0.676956,CP8_after_OBC,   1,    0.0000000000E+00,    2.5607405384E+02,    2.5607405384E+02,    0.0000000000E+00,    0.0000000000E+00,    0.0000000000E+00,    2.5607405384E+02
    172600,      0.676956,CP9_after_PTsource,   1,    0.0000000000E+00,    2.5607405384E+02,    2.5607405384E+02,    0.0000000000E+00,    0.0000000000E+00,    0.0000000000E+00,    2.5607405384E+02
    172600,      0.676956,CP10_after_neg_clamp,   1,    0.0000000000E+00,    2.5607405384E+02,    2.5607405384E+02,    0.0000000000E+00,    0.0000000000E+00,    0.0000000000E+00,    2.5607405384E+02
    172600,      0.676956,CP11_after_MPI,   1,    0.0000000000E+00,    2.5607405384E+02,    2.5607405384E+02,    0.0000000000E+00,    0.0000000000E+00,    0.0000000000E+00,    2.5607405384E+02
    172600,      0.676956,CP12_end,   1,    0.0000000000E+00,    2.5607405384E+02,    2.5607405384E+02,    0.0000000000E+00,    0.0000000000E+00,    0.0000000000E+00,    2.5607405384E+02
    172650,      0.676956,CP0_start,   1,    0.0000000000E+00,    2.5625036714E+02,    2.5625036714E+02,    0.0000000000E+00,    0.0000000000E+00,    0.0000000000E+00,    2.5625036714E+02
    172650,      0.676956,CP1_after_deposition,   1,    0.0000000000E+00,    2.5625036714E+02,    2.5625036714E+02,    0.0000000000E+00,    0.0000000000E+00,    0.0000000000E+00,    2.5625036714E+02
    172650,      0.676956,CP2_after_erosion,   1,    0.0000000000E+00,    2.5625036714E+02,    2.5625036714E+02,    0.0000000000E+00,    0.0000000000E+00,    0.0000000000E+00,    2.5625036714E+02
    172650,      0.676956,CP3_after_update_bottom,   1,    0.0000000000E+00,    2.5625036714E+02,    2.5625036714E+02,    0.0000000000E+00,    0.0000000000E+00,    0.0000000000E+00,    2.5625036714E+02
    172650,      0.676956,CP4_after_advection,   1,    0.0000000000E+00,    2.5625957731E+02,    2.5625957731E+02,    0.0000000000E+00,    0.0000000000E+00,    0.0000000000E+00,    2.5625957731E+02
    172650,      0.676956,CP5_after_vdif,   1,    0.0000000000E+00,    2.5625957731E+02,    2.5625957731E+02,    0.0000000000E+00,    0.0000000000E+00,    0.0000000000E+00,    2.5625957731E+02
    172650,      0.676956,CP6_after_kinetics,   1,    0.0000000000E+00,    2.5625957731E+02,    2.5625957731E+02,    0.0000000000E+00,    0.0000000000E+00,    0.0000000000E+00,    2.5625957731E+02
    172650,      0.676956,CP7_after_upper_clamp,   1,    0.0000000000E+00,    2.5625957731E+02,    2.5625957731E+02,    0.0000000000E+00,    0.0000000000E+00,    0.0000000000E+00,    2.5625957731E+02
    172650,      0.676956,CP8_after_OBC,   1,    0.0000000000E+00,    2.5625957731E+02,    2.5625957731E+02,    0.0000000000E+00,    0.0000000000E+00,    0.0000000000E+00,    2.5625957731E+02
    172650,      0.676956,CP9_after_PTsource,   1,    0.0000000000E+00,    2.5625957731E+02,    2.5625957731E+02,    0.0000000000E+00,    0.0000000000E+00,    0.0000000000E+00,    2.5625957731E+02
    172650,      0.676956,CP10_after_neg_clamp,   1,    0.0000000000E+00,    2.5625957731E+02,    2.5625957731E+02,    0.0000000000E+00,    0.0000000000E+00,    0.0000000000E+00,    2.5625957731E+02
    172650,      0.676956,CP11_after_MPI,   1,    0.0000000000E+00,    2.5625957731E+02,    2.5625957731E+02,    0.0000000000E+00,    0.0000000000E+00,    0.0000000000E+00,    2.5625957731E+02
    172650,      0.676956,CP12_end,   1,    0.0000000000E+00,    2.5625957731E+02,    2.5625957731E+02,    0.0000000000E+00,    0.0000000000E+00,    0.0000000000E+00,    2.5625957731E+02
    172700,      0.676956,CP0_start,   1,    0.0000000000E+00,    2.5643537207E+02,    2.5643537207E+02,    0.0000000000E+00,    0.0000000000E+00,    0.0000000000E+00,    2.5643537207E+02
    172700,      0.676956,CP1_after_deposition,   1,    0.0000000000E+00,    2.5643537207E+02,    2.5643537207E+02,    0.0000000000E+00,    0.0000000000E+00,    0.0000000000E+00,    2.5643537207E+02
    172700,      0.676956,CP2_after_erosion,   1,    0.0000000000E+00,    2.5643537207E+02,    2.5643537207E+02,    0.0000000000E+00,    0.0000000000E+00,    0.0000000000E+00,    2.5643537207E+02
    172700,      0.676956,CP3_after_update_bottom,   1,    0.0000000000E+00,    2.5643537207E+02,    2.5643537207E+02,    0.0000000000E+00,    0.0000000000E+00,    0.0000000000E+00,    2.5643537207E+02
    172700,      0.676956,CP4_after_advection,   1,    0.0000000000E+00,    2.5644455657E+02,    2.5644455657E+02,    0.0000000000E+00,    0.0000000000E+00,    0.0000000000E+00,    2.5644455657E+02
    172700,      0.676956,CP5_after_vdif,   1,    0.0000000000E+00,    2.5644455657E+02,    2.5644455657E+02,    0.0000000000E+00,    0.0000000000E+00,    0.0000000000E+00,    2.5644455657E+02
    172700,      0.676956,CP6_after_kinetics,   1,    0.0000000000E+00,    2.5644455657E+02,    2.5644455657E+02,    0.0000000000E+00,    0.0000000000E+00,    0.0000000000E+00,    2.5644455657E+02
    172700,      0.676956,CP7_after_upper_clamp,   1,    0.0000000000E+00,    2.5644455657E+02,    2.5644455657E+02,    0.0000000000E+00,    0.0000000000E+00,    0.0000000000E+00,    2.5644455657E+02
    172700,      0.676956,CP8_after_OBC,   1,    0.0000000000E+00,    2.5644455657E+02,    2.5644455657E+02,    0.0000000000E+00,    0.0000000000E+00,    0.0000000000E+00,    2.5644455657E+02
    172700,      0.676956,CP9_after_PTsource,   1,    0.0000000000E+00,    2.5644455657E+02,    2.5644455657E+02,    0.0000000000E+00,    0.0000000000E+00,    0.0000000000E+00,    2.5644455657E+02
    172700,      0.676956,CP10_after_neg_clamp,   1,    0.0000000000E+00,    2.5644455657E+02,    2.5644455657E+02,    0.0000000000E+00,    0.0000000000E+00,    0.0000000000E+00,    2.5644455657E+02
    172700,      0.676956,CP11_after_MPI,   1,    0.0000000000E+00,    2.5644455657E+02,    2.5644455657E+02,    0.0000000000E+00,    0.0000000000E+00,    0.0000000000E+00,    2.5644455657E+02
    172700,      0.676956,CP12_end,   1,    0.0000000000E+00,    2.5644455657E+02,    2.5644455657E+02,    0.0000000000E+00,    0.0000000000E+00,    0.0000000000E+00,    2.5644455657E+02
    172750,      0.676956,CP0_start,   1,    0.0000000000E+00,    2.5662004046E+02,    2.5662004046E+02,    0.0000000000E+00,    0.0000000000E+00,    0.0000000000E+00,    2.5662004046E+02
    172750,      0.676956,CP1_after_deposition,   1,    0.0000000000E+00,    2.5662004046E+02,    2.5662004046E+02,    0.0000000000E+00,    0.0000000000E+00,    0.0000000000E+00,    2.5662004046E+02
    172750,      0.676956,CP2_after_erosion,   1,    0.0000000000E+00,    2.5662004046E+02,    2.5662004046E+02,    0.0000000000E+00,    0.0000000000E+00,    0.0000000000E+00,    2.5662004046E+02
    172750,      0.676956,CP3_after_update_bottom,   1,    0.0000000000E+00,    2.5662004046E+02,    2.5662004046E+02,    0.0000000000E+00,    0.0000000000E+00,    0.0000000000E+00,    2.5662004046E+02
    172750,      0.676956,CP4_after_advection,   1,    0.0000000000E+00,    2.5662921280E+02,    2.5662921280E+02,    0.0000000000E+00,    0.0000000000E+00,    0.0000000000E+00,    2.5662921280E+02
    172750,      0.676956,CP5_after_vdif,   1,    0.0000000000E+00,    2.5662921280E+02,    2.5662921280E+02,    0.0000000000E+00,    0.0000000000E+00,    0.0000000000E+00,    2.5662921280E+02
    172750,      0.676956,CP6_after_kinetics,   1,    0.0000000000E+00,    2.5662921280E+02,    2.5662921280E+02,    0.0000000000E+00,    0.0000000000E+00,    0.0000000000E+00,    2.5662921280E+02
    172750,      0.676956,CP7_after_upper_clamp,   1,    0.0000000000E+00,    2.5662921280E+02,    2.5662921280E+02,    0.0000000000E+00,    0.0000000000E+00,    0.0000000000E+00,    2.5662921280E+02
    172750,      0.676956,CP8_after_OBC,   1,    0.0000000000E+00,    2.5662921280E+02,    2.5662921280E+02,    0.0000000000E+00,    0.0000000000E+00,    0.0000000000E+00,    2.5662921280E+02
    172750,      0.676956,CP9_after_PTsource,   1,    0.0000000000E+00,    2.5662921280E+02,    2.5662921280E+02,    0.0000000000E+00,    0.0000000000E+00,    0.0000000000E+00,    2.5662921280E+02
    172750,      0.676956,CP10_after_neg_clamp,   1,    0.0000000000E+00,    2.5662921280E+02,    2.5662921280E+02,    0.0000000000E+00,    0.0000000000E+00,    0.0000000000E+00,    2.5662921280E+02
    172750,      0.676956,CP11_after_MPI,   1,    0.0000000000E+00,    2.5662921280E+02,    2.5662921280E+02,    0.0000000000E+00,    0.0000000000E+00,    0.0000000000E+00,    2.5662921280E+02
    172750,      0.676956,CP12_end,   1,    0.0000000000E+00,    2.5662921280E+02,    2.5662921280E+02,    0.0000000000E+00,    0.0000000000E+00,    0.0000000000E+00,    2.5662921280E+02
    172800,      0.676956,CP0_start,   1,    0.0000000000E+00,    2.5680438080E+02,    2.5680438080E+02,    0.0000000000E+00,    0.0000000000E+00,    0.0000000000E+00,    2.5680438080E+02
    172800,      0.676956,CP1_after_deposition,   1,    0.0000000000E+00,    2.5680438080E+02,    2.5680438080E+02,    0.0000000000E+00,    0.0000000000E+00,    0.0000000000E+00,    2.5680438080E+02
    172800,      0.676956,CP2_after_erosion,   1,    0.0000000000E+00,    2.5680438080E+02,    2.5680438080E+02,    0.0000000000E+00,    0.0000000000E+00,    0.0000000000E+00,    2.5680438080E+02
    172800,      0.676956,CP3_after_update_bottom,   1,    0.0000000000E+00,    2.5680438080E+02,    2.5680438080E+02,    0.0000000000E+00,    0.0000000000E+00,    0.0000000000E+00,    2.5680438080E+02
    172800,      0.676956,CP4_after_advection,   1,    0.0000000000E+00,    2.5681354786E+02,    2.5681354786E+02,    0.0000000000E+00,    0.0000000000E+00,    0.0000000000E+00,    2.5681354786E+02
    172800,      0.676956,CP5_after_vdif,   1,    0.0000000000E+00,    2.5681354786E+02,    2.5681354786E+02,    0.0000000000E+00,    0.0000000000E+00,    0.0000000000E+00,    2.5681354786E+02
    172800,      0.676956,CP6_after_kinetics,   1,    0.0000000000E+00,    2.5681354786E+02,    2.5681354786E+02,    0.0000000000E+00,    0.0000000000E+00,    0.0000000000E+00,    2.5681354786E+02
    172800,      0.676956,CP7_after_upper_clamp,   1,    0.0000000000E+00,    2.5681354786E+02,    2.5681354786E+02,    0.0000000000E+00,    0.0000000000E+00,    0.0000000000E+00,    2.5681354786E+02
    172800,      0.676956,CP8_after_OBC,   1,    0.0000000000E+00,    2.5681354786E+02,    2.5681354786E+02,    0.0000000000E+00,    0.0000000000E+00,    0.0000000000E+00,    2.5681354786E+02
    172800,      0.676956,CP9_after_PTsource,   1,    0.0000000000E+00,    2.5681354786E+02,    2.5681354786E+02,    0.0000000000E+00,    0.0000000000E+00,    0.0000000000E+00,    2.5681354786E+02
    172800,      0.676956,CP10_after_neg_clamp,   1,    0.0000000000E+00,    2.5681354786E+02,    2.5681354786E+02,    0.0000000000E+00,    0.0000000000E+00,    0.0000000000E+00,    2.5681354786E+02
    172800,      0.676956,CP11_after_MPI,   1,    0.0000000000E+00,    2.5681354786E+02,    2.5681354786E+02,    0.0000000000E+00,    0.0000000000E+00,    0.0000000000E+00,    2.5681354786E+02
    172800,      0.676956,CP12_end,   1,    0.0000000000E+00,    2.5681354786E+02,    2.5681354786E+02,    0.0000000000E+00,    0.0000000000E+00,    0.0000000000E+00,    2.5681354786E+02
    172850,      0.676956,CP0_start,   1,    0.0000000000E+00,    2.5698844420E+02,    2.5698844420E+02,    0.0000000000E+00,    0.0000000000E+00,    0.0000000000E+00,    2.5698844420E+02
    172850,      0.676956,CP1_after_deposition,   1,    0.0000000000E+00,    2.5698844420E+02,    2.5698844420E+02,    0.0000000000E+00,    0.0000000000E+00,    0.0000000000E+00,    2.5698844420E+02
    172850,      0.676956,CP2_after_erosion,   1,    0.0000000000E+00,    2.5698844420E+02,    2.5698844420E+02,    0.0000000000E+00,    0.0000000000E+00,    0.0000000000E+00,    2.5698844420E+02
    172850,      0.676956,CP3_after_update_bottom,   1,    0.0000000000E+00,    2.5698844420E+02,    2.5698844420E+02,    0.0000000000E+00,    0.0000000000E+00,    0.0000000000E+00,    2.5698844420E+02
    172850,      0.676956,CP4_after_advection,   1,    0.0000000000E+00,    2.5699760808E+02,    2.5699760808E+02,    0.0000000000E+00,    0.0000000000E+00,    0.0000000000E+00,    2.5699760808E+02
    172850,      0.676956,CP5_after_vdif,   1,    0.0000000000E+00,    2.5699760808E+02,    2.5699760808E+02,    0.0000000000E+00,    0.0000000000E+00,    0.0000000000E+00,    2.5699760808E+02
    172850,      0.676956,CP6_after_kinetics,   1,    0.0000000000E+00,    2.5699760808E+02,    2.5699760808E+02,    0.0000000000E+00,    0.0000000000E+00,    0.0000000000E+00,    2.5699760808E+02
    172850,      0.676956,CP7_after_upper_clamp,   1,    0.0000000000E+00,    2.5699760808E+02,    2.5699760808E+02,    0.0000000000E+00,    0.0000000000E+00,    0.0000000000E+00,    2.5699760808E+02
    172850,      0.676956,CP8_after_OBC,   1,    0.0000000000E+00,    2.5699760808E+02,    2.5699760808E+02,    0.0000000000E+00,    0.0000000000E+00,    0.0000000000E+00,    2.5699760808E+02
    172850,      0.676956,CP9_after_PTsource,   1,    0.0000000000E+00,    2.5699760808E+02,    2.5699760808E+02,    0.0000000000E+00,    0.0000000000E+00,    0.0000000000E+00,    2.5699760808E+02
    172850,      0.676956,CP10_after_neg_clamp,   1,    0.0000000000E+00,    2.5699760808E+02,    2.5699760808E+02,    0.0000000000E+00,    0.0000000000E+00,    0.0000000000E+00,    2.5699760808E+02
    172850,      0.676956,CP11_after_MPI,   1,    0.0000000000E+00,    2.5699760808E+02,    2.5699760808E+02,    0.0000000000E+00,    0.0000000000E+00,    0.0000000000E+00,    2.5699760808E+02
    172850,      0.676956,CP12_end,   1,    0.0000000000E+00,    2.5699760808E+02,    2.5699760808E+02,    0.0000000000E+00,    0.0000000000E+00,    0.0000000000E+00,    2.5699760808E+02
    172900,      0.676956,CP0_start,   1,    0.0000000000E+00,    2.5717225922E+02,    2.5717225922E+02,    0.0000000000E+00,    0.0000000000E+00,    0.0000000000E+00,    2.5717225922E+02
    172900,      0.676956,CP1_after_deposition,   1,    0.0000000000E+00,    2.5717225922E+02,    2.5717225922E+02,    0.0000000000E+00,    0.0000000000E+00,    0.0000000000E+00,    2.5717225922E+02
    172900,      0.676956,CP2_after_erosion,   1,    0.0000000000E+00,    2.5717225922E+02,    2.5717225922E+02,    0.0000000000E+00,    0.0000000000E+00,    0.0000000000E+00,    2.5717225922E+02
    172900,      0.676956,CP3_after_update_bottom,   1,    0.0000000000E+00,    2.5717225922E+02,    2.5717225922E+02,    0.0000000000E+00,    0.0000000000E+00,    0.0000000000E+00,    2.5717225922E+02
    172900,      0.676956,CP4_after_advection,   1,    0.0000000000E+00,    2.5718138997E+02,    2.5718138997E+02,    0.0000000000E+00,    0.0000000000E+00,    0.0000000000E+00,    2.5718138997E+02
    172900,      0.676956,CP5_after_vdif,   1,    0.0000000000E+00,    2.5718138997E+02,    2.5718138997E+02,    0.0000000000E+00,    0.0000000000E+00,    0.0000000000E+00,    2.5718138997E+02
    172900,      0.676956,CP6_after_kinetics,   1,    0.0000000000E+00,    2.5718138997E+02,    2.5718138997E+02,    0.0000000000E+00,    0.0000000000E+00,    0.0000000000E+00,    2.5718138997E+02
    172900,      0.676956,CP7_after_upper_clamp,   1,    0.0000000000E+00,    2.5718138997E+02,    2.5718138997E+02,    0.0000000000E+00,    0.0000000000E+00,    0.0000000000E+00,    2.5718138997E+02
    172900,      0.676956,CP8_after_OBC,   1,    0.0000000000E+00,    2.5718138997E+02,    2.5718138997E+02,    0.0000000000E+00,    0.0000000000E+00,    0.0000000000E+00,    2.5718138997E+02
    172900,      0.676956,CP9_after_PTsource,   1,    0.0000000000E+00,    2.5718138997E+02,    2.5718138997E+02,    0.0000000000E+00,    0.0000000000E+00,    0.0000000000E+00,    2.5718138997E+02
    172900,      0.676956,CP10_after_neg_clamp,   1,    0.0000000000E+00,    2.5718138997E+02,    2.5718138997E+02,    0.0000000000E+00,    0.0000000000E+00,    0.0000000000E+00,    2.5718138997E+02
    172900,      0.676956,CP11_after_MPI,   1,    0.0000000000E+00,    2.5718138997E+02,    2.5718138997E+02,    0.0000000000E+00,    0.0000000000E+00,    0.0000000000E+00,    2.5718138997E+02
    172900,      0.676956,CP12_end,   1,    0.0000000000E+00,    2.5718138997E+02,    2.5718138997E+02,    0.0000000000E+00,    0.0000000000E+00,    0.0000000000E+00,    2.5718138997E+02
    172950,      0.676956,CP0_start,   1,    0.0000000000E+00,    2.5735585644E+02,    2.5735585644E+02,    0.0000000000E+00,    0.0000000000E+00,    0.0000000000E+00,    2.5735585644E+02
    172950,      0.676956,CP1_after_deposition,   1,    0.0000000000E+00,    2.5735585644E+02,    2.5735585644E+02,    0.0000000000E+00,    0.0000000000E+00,    0.0000000000E+00,    2.5735585644E+02
    172950,      0.676956,CP2_after_erosion,   1,    0.0000000000E+00,    2.5735585644E+02,    2.5735585644E+02,    0.0000000000E+00,    0.0000000000E+00,    0.0000000000E+00,    2.5735585644E+02
    172950,      0.676956,CP3_after_update_bottom,   1,    0.0000000000E+00,    2.5735585644E+02,    2.5735585644E+02,    0.0000000000E+00,    0.0000000000E+00,    0.0000000000E+00,    2.5735585644E+02
    172950,      0.676956,CP4_after_advection,   1,    0.0000000000E+00,    2.5736497467E+02,    2.5736497467E+02,    0.0000000000E+00,    0.0000000000E+00,    0.0000000000E+00,    2.5736497467E+02
    172950,      0.676956,CP5_after_vdif,   1,    0.0000000000E+00,    2.5736497467E+02,    2.5736497467E+02,    0.0000000000E+00,    0.0000000000E+00,    0.0000000000E+00,    2.5736497467E+02
    172950,      0.676956,CP6_after_kinetics,   1,    0.0000000000E+00,    2.5736497467E+02,    2.5736497467E+02,    0.0000000000E+00,    0.0000000000E+00,    0.0000000000E+00,    2.5736497467E+02
    172950,      0.676956,CP7_after_upper_clamp,   1,    0.0000000000E+00,    2.5736497467E+02,    2.5736497467E+02,    0.0000000000E+00,    0.0000000000E+00,    0.0000000000E+00,    2.5736497467E+02
    172950,      0.676956,CP8_after_OBC,   1,    0.0000000000E+00,    2.5736497467E+02,    2.5736497467E+02,    0.0000000000E+00,    0.0000000000E+00,    0.0000000000E+00,    2.5736497467E+02
    172950,      0.676956,CP9_after_PTsource,   1,    0.0000000000E+00,    2.5736497467E+02,    2.5736497467E+02,    0.0000000000E+00,    0.0000000000E+00,    0.0000000000E+00,    2.5736497467E+02
    172950,      0.676956,CP10_after_neg_clamp,   1,    0.0000000000E+00,    2.5736497467E+02,    2.5736497467E+02,    0.0000000000E+00,    0.0000000000E+00,    0.0000000000E+00,    2.5736497467E+02
    172950,      0.676956,CP11_after_MPI,   1,    0.0000000000E+00,    2.5736497467E+02,    2.5736497467E+02,    0.0000000000E+00,    0.0000000000E+00,    0.0000000000E+00,    2.5736497467E+02
    172950,      0.676956,CP12_end,   1,    0.0000000000E+00,    2.5736497467E+02,    2.5736497467E+02,    0.0000000000E+00,    0.0000000000E+00,    0.0000000000E+00,    2.5736497467E+02
    173000,      0.676956,CP0_start,   1,    0.0000000000E+00,    2.5753934976E+02,    2.5753934976E+02,    0.0000000000E+00,    0.0000000000E+00,    0.0000000000E+00,    2.5753934976E+02
    173000,      0.676956,CP1_after_deposition,   1,    0.0000000000E+00,    2.5753934976E+02,    2.5753934976E+02,    0.0000000000E+00,    0.0000000000E+00,    0.0000000000E+00,    2.5753934976E+02
    173000,      0.676956,CP2_after_erosion,   1,    0.0000000000E+00,    2.5753934976E+02,    2.5753934976E+02,    0.0000000000E+00,    0.0000000000E+00,    0.0000000000E+00,    2.5753934976E+02
    173000,      0.676956,CP3_after_update_bottom,   1,    0.0000000000E+00,    2.5753934976E+02,    2.5753934976E+02,    0.0000000000E+00,    0.0000000000E+00,    0.0000000000E+00,    2.5753934976E+02
    173000,      0.676956,CP4_after_advection,   1,    0.0000000000E+00,    2.5754844378E+02,    2.5754844378E+02,    0.0000000000E+00,    0.0000000000E+00,    0.0000000000E+00,    2.5754844378E+02
    173000,      0.676956,CP5_after_vdif,   1,    0.0000000000E+00,    2.5754844378E+02,    2.5754844378E+02,    0.0000000000E+00,    0.0000000000E+00,    0.0000000000E+00,    2.5754844378E+02
    173000,      0.676956,CP6_after_kinetics,   1,    0.0000000000E+00,    2.5754844378E+02,    2.5754844378E+02,    0.0000000000E+00,    0.0000000000E+00,    0.0000000000E+00,    2.5754844378E+02
    173000,      0.676956,CP7_after_upper_clamp,   1,    0.0000000000E+00,    2.5754844378E+02,    2.5754844378E+02,    0.0000000000E+00,    0.0000000000E+00,    0.0000000000E+00,    2.5754844378E+02
    173000,      0.676956,CP8_after_OBC,   1,    0.0000000000E+00,    2.5754844378E+02,    2.5754844378E+02,    0.0000000000E+00,    0.0000000000E+00,    0.0000000000E+00,    2.5754844378E+02
    173000,      0.676956,CP9_after_PTsource,   1,    0.0000000000E+00,    2.5754844378E+02,    2.5754844378E+02,    0.0000000000E+00,    0.0000000000E+00,    0.0000000000E+00,    2.5754844378E+02
    173000,      0.676956,CP10_after_neg_clamp,   1,    0.0000000000E+00,    2.5754844378E+02,    2.5754844378E+02,    0.0000000000E+00,    0.0000000000E+00,    0.0000000000E+00,    2.5754844378E+02
    173000,      0.676956,CP11_after_MPI,   1,    0.0000000000E+00,    2.5754844378E+02,    2.5754844378E+02,    0.0000000000E+00,    0.0000000000E+00,    0.0000000000E+00,    2.5754844378E+02
    173000,      0.676956,CP12_end,   1,    0.0000000000E+00,    2.5754844378E+02,    2.5754844378E+02,    0.0000000000E+00,    0.0000000000E+00,    0.0000000000E+00,    2.5754844378E+02
    173050,      0.676956,CP0_start,   1,    0.0000000000E+00,    2.5772249249E+02,    2.5772249249E+02,    0.0000000000E+00,    0.0000000000E+00,    0.0000000000E+00,    2.5772249249E+02
    173050,      0.676956,CP1_after_deposition,   1,    0.0000000000E+00,    2.5772249249E+02,    2.5772249249E+02,    0.0000000000E+00,    0.0000000000E+00,    0.0000000000E+00,    2.5772249249E+02
    173050,      0.676956,CP2_after_erosion,   1,    0.0000000000E+00,    2.5772249249E+02,    2.5772249249E+02,    0.0000000000E+00,    0.0000000000E+00,    0.0000000000E+00,    2.5772249249E+02
    173050,      0.676956,CP3_after_update_bottom,   1,    0.0000000000E+00,    2.5772249249E+02,    2.5772249249E+02,    0.0000000000E+00,    0.0000000000E+00,    0.0000000000E+00,    2.5772249249E+02
    173050,      0.676956,CP4_after_advection,   1,    0.0000000000E+00,    2.5773155784E+02,    2.5773155784E+02,    0.0000000000E+00,    0.0000000000E+00,    0.0000000000E+00,    2.5773155784E+02
    173050,      0.676956,CP5_after_vdif,   1,    0.0000000000E+00,    2.5773155784E+02,    2.5773155784E+02,    0.0000000000E+00,    0.0000000000E+00,    0.0000000000E+00,    2.5773155784E+02
    173050,      0.676956,CP6_after_kinetics,   1,    0.0000000000E+00,    2.5773155784E+02,    2.5773155784E+02,    0.0000000000E+00,    0.0000000000E+00,    0.0000000000E+00,    2.5773155784E+02
    173050,      0.676956,CP7_after_upper_clamp,   1,    0.0000000000E+00,    2.5773155784E+02,    2.5773155784E+02,    0.0000000000E+00,    0.0000000000E+00,    0.0000000000E+00,    2.5773155784E+02
    173050,      0.676956,CP8_after_OBC,   1,    0.0000000000E+00,    2.5773155784E+02,    2.5773155784E+02,    0.0000000000E+00,    0.0000000000E+00,    0.0000000000E+00,    2.5773155784E+02
    173050,      0.676956,CP9_after_PTsource,   1,    0.0000000000E+00,    2.5773155784E+02,    2.5773155784E+02,    0.0000000000E+00,    0.0000000000E+00,    0.0000000000E+00,    2.5773155784E+02
    173050,      0.676956,CP10_after_neg_clamp,   1,    0.0000000000E+00,    2.5773155784E+02,    2.5773155784E+02,    0.0000000000E+00,    0.0000000000E+00,    0.0000000000E+00,    2.5773155784E+02
    173050,      0.676956,CP11_after_MPI,   1,    0.0000000000E+00,    2.5773155784E+02,    2.5773155784E+02,    0.0000000000E+00,    0.0000000000E+00,    0.0000000000E+00,    2.5773155784E+02
    173050,      0.676956,CP12_end,   1,    0.0000000000E+00,    2.5773155784E+02,    2.5773155784E+02,    0.0000000000E+00,    0.0000000000E+00,    0.0000000000E+00,    2.5773155784E+02
    173100,      0.676956,CP0_start,   1,    0.0000000000E+00,    2.5790521843E+02,    2.5790521843E+02,    0.0000000000E+00,    0.0000000000E+00,    0.0000000000E+00,    2.5790521843E+02
    173100,      0.676956,CP1_after_deposition,   1,    0.0000000000E+00,    2.5790521843E+02,    2.5790521843E+02,    0.0000000000E+00,    0.0000000000E+00,    0.0000000000E+00,    2.5790521843E+02
    173100,      0.676956,CP2_after_erosion,   1,    0.0000000000E+00,    2.5790521843E+02,    2.5790521843E+02,    0.0000000000E+00,    0.0000000000E+00,    0.0000000000E+00,    2.5790521843E+02
    173100,      0.676956,CP3_after_update_bottom,   1,    0.0000000000E+00,    2.5790521843E+02,    2.5790521843E+02,    0.0000000000E+00,    0.0000000000E+00,    0.0000000000E+00,    2.5790521843E+02
    173100,      0.676956,CP4_after_advection,   1,    0.0000000000E+00,    2.5791427280E+02,    2.5791427280E+02,    0.0000000000E+00,    0.0000000000E+00,    0.0000000000E+00,    2.5791427280E+02
    173100,      0.676956,CP5_after_vdif,   1,    0.0000000000E+00,    2.5791427280E+02,    2.5791427280E+02,    0.0000000000E+00,    0.0000000000E+00,    0.0000000000E+00,    2.5791427280E+02
    173100,      0.676956,CP6_after_kinetics,   1,    0.0000000000E+00,    2.5791427280E+02,    2.5791427280E+02,    0.0000000000E+00,    0.0000000000E+00,    0.0000000000E+00,    2.5791427280E+02
    173100,      0.676956,CP7_after_upper_clamp,   1,    0.0000000000E+00,    2.5791427280E+02,    2.5791427280E+02,    0.0000000000E+00,    0.0000000000E+00,    0.0000000000E+00,    2.5791427280E+02
    173100,      0.676956,CP8_after_OBC,   1,    0.0000000000E+00,    2.5791427280E+02,    2.5791427280E+02,    0.0000000000E+00,    0.0000000000E+00,    0.0000000000E+00,    2.5791427280E+02
    173100,      0.676956,CP9_after_PTsource,   1,    0.0000000000E+00,    2.5791427280E+02,    2.5791427280E+02,    0.0000000000E+00,    0.0000000000E+00,    0.0000000000E+00,    2.5791427280E+02
    173100,      0.676956,CP10_after_neg_clamp,   1,    0.0000000000E+00,    2.5791427280E+02,    2.5791427280E+02,    0.0000000000E+00,    0.0000000000E+00,    0.0000000000E+00,    2.5791427280E+02
    173100,      0.676956,CP11_after_MPI,   1,    0.0000000000E+00,    2.5791427280E+02,    2.5791427280E+02,    0.0000000000E+00,    0.0000000000E+00,    0.0000000000E+00,    2.5791427280E+02
    173100,      0.676956,CP12_end,   1,    0.0000000000E+00,    2.5791427280E+02,    2.5791427280E+02,    0.0000000000E+00,    0.0000000000E+00,    0.0000000000E+00,    2.5791427280E+02
    173150,      0.676956,CP0_start,   1,    0.0000000000E+00,    2.5808768389E+02,    2.5808768389E+02,    0.0000000000E+00,    0.0000000000E+00,    0.0000000000E+00,    2.5808768389E+02
    173150,      0.676956,CP1_after_deposition,   1,    0.0000000000E+00,    2.5808768389E+02,    2.5808768389E+02,    0.0000000000E+00,    0.0000000000E+00,    0.0000000000E+00,    2.5808768389E+02
    173150,      0.676956,CP2_after_erosion,   1,    0.0000000000E+00,    2.5808768389E+02,    2.5808768389E+02,    0.0000000000E+00,    0.0000000000E+00,    0.0000000000E+00,    2.5808768389E+02
    173150,      0.676956,CP3_after_update_bottom,   1,    0.0000000000E+00,    2.5808768389E+02,    2.5808768389E+02,    0.0000000000E+00,    0.0000000000E+00,    0.0000000000E+00,    2.5808768389E+02
    173150,      0.676956,CP4_after_advection,   1,    0.0000000000E+00,    2.5809670745E+02,    2.5809670745E+02,    0.0000000000E+00,    0.0000000000E+00,    0.0000000000E+00,    2.5809670745E+02
    173150,      0.676956,CP5_after_vdif,   1,    0.0000000000E+00,    2.5809670745E+02,    2.5809670745E+02,    0.0000000000E+00,    0.0000000000E+00,    0.0000000000E+00,    2.5809670745E+02
    173150,      0.676956,CP6_after_kinetics,   1,    0.0000000000E+00,    2.5809670745E+02,    2.5809670745E+02,    0.0000000000E+00,    0.0000000000E+00,    0.0000000000E+00,    2.5809670745E+02
    173150,      0.676956,CP7_after_upper_clamp,   1,    0.0000000000E+00,    2.5809670745E+02,    2.5809670745E+02,    0.0000000000E+00,    0.0000000000E+00,    0.0000000000E+00,    2.5809670745E+02
    173150,      0.676956,CP8_after_OBC,   1,    0.0000000000E+00,    2.5809670745E+02,    2.5809670745E+02,    0.0000000000E+00,    0.0000000000E+00,    0.0000000000E+00,    2.5809670745E+02
    173150,      0.676956,CP9_after_PTsource,   1,    0.0000000000E+00,    2.5809670745E+02,    2.5809670745E+02,    0.0000000000E+00,    0.0000000000E+00,    0.0000000000E+00,    2.5809670745E+02
    173150,      0.676956,CP10_after_neg_clamp,   1,    0.0000000000E+00,    2.5809670745E+02,    2.5809670745E+02,    0.0000000000E+00,    0.0000000000E+00,    0.0000000000E+00,    2.5809670745E+02
    173150,      0.676956,CP11_after_MPI,   1,    0.0000000000E+00,    2.5809670745E+02,    2.5809670745E+02,    0.0000000000E+00,    0.0000000000E+00,    0.0000000000E+00,    2.5809670745E+02
    173150,      0.676956,CP12_end,   1,    0.0000000000E+00,    2.5809670745E+02,    2.5809670745E+02,    0.0000000000E+00,    0.0000000000E+00,    0.0000000000E+00,    2.5809670745E+02
    173200,      0.676956,CP0_start,   1,    0.0000000000E+00,    2.5826992213E+02,    2.5826992213E+02,    0.0000000000E+00,    0.0000000000E+00,    0.0000000000E+00,    2.5826992213E+02
    173200,      0.676956,CP1_after_deposition,   1,    0.0000000000E+00,    2.5826992213E+02,    2.5826992213E+02,    0.0000000000E+00,    0.0000000000E+00,    0.0000000000E+00,    2.5826992213E+02
    173200,      0.676956,CP2_after_erosion,   1,    0.0000000000E+00,    2.5826992213E+02,    2.5826992213E+02,    0.0000000000E+00,    0.0000000000E+00,    0.0000000000E+00,    2.5826992213E+02
    173200,      0.676956,CP3_after_update_bottom,   1,    0.0000000000E+00,    2.5826992213E+02,    2.5826992213E+02,    0.0000000000E+00,    0.0000000000E+00,    0.0000000000E+00,    2.5826992213E+02
    173200,      0.676956,CP4_after_advection,   1,    0.0000000000E+00,    2.5827892730E+02,    2.5827892730E+02,    0.0000000000E+00,    0.0000000000E+00,    0.0000000000E+00,    2.5827892730E+02
    173200,      0.676956,CP5_after_vdif,   1,    0.0000000000E+00,    2.5827892730E+02,    2.5827892730E+02,    0.0000000000E+00,    0.0000000000E+00,    0.0000000000E+00,    2.5827892730E+02
    173200,      0.676956,CP6_after_kinetics,   1,    0.0000000000E+00,    2.5827892730E+02,    2.5827892730E+02,    0.0000000000E+00,    0.0000000000E+00,    0.0000000000E+00,    2.5827892730E+02
    173200,      0.676956,CP7_after_upper_clamp,   1,    0.0000000000E+00,    2.5827892730E+02,    2.5827892730E+02,    0.0000000000E+00,    0.0000000000E+00,    0.0000000000E+00,    2.5827892730E+02
    173200,      0.676956,CP8_after_OBC,   1,    0.0000000000E+00,    2.5827892730E+02,    2.5827892730E+02,    0.0000000000E+00,    0.0000000000E+00,    0.0000000000E+00,    2.5827892730E+02
    173200,      0.676956,CP9_after_PTsource,   1,    0.0000000000E+00,    2.5827892730E+02,    2.5827892730E+02,    0.0000000000E+00,    0.0000000000E+00,    0.0000000000E+00,    2.5827892730E+02
    173200,      0.676956,CP10_after_neg_clamp,   1,    0.0000000000E+00,    2.5827892730E+02,    2.5827892730E+02,    0.0000000000E+00,    0.0000000000E+00,    0.0000000000E+00,    2.5827892730E+02
    173200,      0.676956,CP11_after_MPI,   1,    0.0000000000E+00,    2.5827892730E+02,    2.5827892730E+02,    0.0000000000E+00,    0.0000000000E+00,    0.0000000000E+00,    2.5827892730E+02
    173200,      0.676956,CP12_end,   1,    0.0000000000E+00,    2.5827892730E+02,    2.5827892730E+02,    0.0000000000E+00,    0.0000000000E+00,    0.0000000000E+00,    2.5827892730E+02
    173250,      0.676956,CP0_start,   1,    0.0000000000E+00,    2.5845218940E+02,    2.5845218940E+02,    0.0000000000E+00,    0.0000000000E+00,    0.0000000000E+00,    2.5845218940E+02
    173250,      0.676956,CP1_after_deposition,   1,    0.0000000000E+00,    2.5845218940E+02,    2.5845218940E+02,    0.0000000000E+00,    0.0000000000E+00,    0.0000000000E+00,    2.5845218940E+02
    173250,      0.676956,CP2_after_erosion,   1,    0.0000000000E+00,    2.5845218940E+02,    2.5845218940E+02,    0.0000000000E+00,    0.0000000000E+00,    0.0000000000E+00,    2.5845218940E+02
    173250,      0.676956,CP3_after_update_bottom,   1,    0.0000000000E+00,    2.5845218940E+02,    2.5845218940E+02,    0.0000000000E+00,    0.0000000000E+00,    0.0000000000E+00,    2.5845218940E+02
    173250,      0.676956,CP4_after_advection,   1,    0.0000000000E+00,    2.5846118750E+02,    2.5846118750E+02,    0.0000000000E+00,    0.0000000000E+00,    0.0000000000E+00,    2.5846118750E+02
    173250,      0.676956,CP5_after_vdif,   1,    0.0000000000E+00,    2.5846118750E+02,    2.5846118750E+02,    0.0000000000E+00,    0.0000000000E+00,    0.0000000000E+00,    2.5846118750E+02
    173250,      0.676956,CP6_after_kinetics,   1,    0.0000000000E+00,    2.5846118750E+02,    2.5846118750E+02,    0.0000000000E+00,    0.0000000000E+00,    0.0000000000E+00,    2.5846118750E+02
    173250,      0.676956,CP7_after_upper_clamp,   1,    0.0000000000E+00,    2.5846118750E+02,    2.5846118750E+02,    0.0000000000E+00,    0.0000000000E+00,    0.0000000000E+00,    2.5846118750E+02
    173250,      0.676956,CP8_after_OBC,   1,    0.0000000000E+00,    2.5846118750E+02,    2.5846118750E+02,    0.0000000000E+00,    0.0000000000E+00,    0.0000000000E+00,    2.5846118750E+02
    173250,      0.676956,CP9_after_PTsource,   1,    0.0000000000E+00,    2.5846118750E+02,    2.5846118750E+02,    0.0000000000E+00,    0.0000000000E+00,    0.0000000000E+00,    2.5846118750E+02
    173250,      0.676956,CP10_after_neg_clamp,   1,    0.0000000000E+00,    2.5846118750E+02,    2.5846118750E+02,    0.0000000000E+00,    0.0000000000E+00,    0.0000000000E+00,    2.5846118750E+02
    173250,      0.676956,CP11_after_MPI,   1,    0.0000000000E+00,    2.5846118750E+02,    2.5846118750E+02,    0.0000000000E+00,    0.0000000000E+00,    0.0000000000E+00,    2.5846118750E+02
    173250,      0.676956,CP12_end,   1,    0.0000000000E+00,    2.5846118750E+02,    2.5846118750E+02,    0.0000000000E+00,    0.0000000000E+00,    0.0000000000E+00,    2.5846118750E+02
    173300,      0.676956,CP0_start,   1,    0.0000000000E+00,    2.5863437566E+02,    2.5863437566E+02,    0.0000000000E+00,    0.0000000000E+00,    0.0000000000E+00,    2.5863437566E+02
    173300,      0.676956,CP1_after_deposition,   1,    0.0000000000E+00,    2.5863437566E+02,    2.5863437566E+02,    0.0000000000E+00,    0.0000000000E+00,    0.0000000000E+00,    2.5863437566E+02
    173300,      0.676956,CP2_after_erosion,   1,    0.0000000000E+00,    2.5863437566E+02,    2.5863437566E+02,    0.0000000000E+00,    0.0000000000E+00,    0.0000000000E+00,    2.5863437566E+02
    173300,      0.676956,CP3_after_update_bottom,   1,    0.0000000000E+00,    2.5863437566E+02,    2.5863437566E+02,    0.0000000000E+00,    0.0000000000E+00,    0.0000000000E+00,    2.5863437566E+02
    173300,      0.676956,CP4_after_advection,   1,    0.0000000000E+00,    2.5864335073E+02,    2.5864335073E+02,    0.0000000000E+00,    0.0000000000E+00,    0.0000000000E+00,    2.5864335073E+02
    173300,      0.676956,CP5_after_vdif,   1,    0.0000000000E+00,    2.5864335073E+02,    2.5864335073E+02,    0.0000000000E+00,    0.0000000000E+00,    0.0000000000E+00,    2.5864335073E+02
    173300,      0.676956,CP6_after_kinetics,   1,    0.0000000000E+00,    2.5864335073E+02,    2.5864335073E+02,    0.0000000000E+00,    0.0000000000E+00,    0.0000000000E+00,    2.5864335073E+02
    173300,      0.676956,CP7_after_upper_clamp,   1,    0.0000000000E+00,    2.5864335073E+02,    2.5864335073E+02,    0.0000000000E+00,    0.0000000000E+00,    0.0000000000E+00,    2.5864335073E+02
    173300,      0.676956,CP8_after_OBC,   1,    0.0000000000E+00,    2.5864335073E+02,    2.5864335073E+02,    0.0000000000E+00,    0.0000000000E+00,    0.0000000000E+00,    2.5864335073E+02
    173300,      0.676956,CP9_after_PTsource,   1,    0.0000000000E+00,    2.5864335073E+02,    2.5864335073E+02,    0.0000000000E+00,    0.0000000000E+00,    0.0000000000E+00,    2.5864335073E+02
    173300,      0.676956,CP10_after_neg_clamp,   1,    0.0000000000E+00,    2.5864335073E+02,    2.5864335073E+02,    0.0000000000E+00,    0.0000000000E+00,    0.0000000000E+00,    2.5864335073E+02
    173300,      0.676956,CP11_after_MPI,   1,    0.0000000000E+00,    2.5864335073E+02,    2.5864335073E+02,    0.0000000000E+00,    0.0000000000E+00,    0.0000000000E+00,    2.5864335073E+02
    173300,      0.676956,CP12_end,   1,    0.0000000000E+00,    2.5864335073E+02,    2.5864335073E+02,    0.0000000000E+00,    0.0000000000E+00,    0.0000000000E+00,    2.5864335073E+02
    173350,      0.676956,CP0_start,   1,    0.0000000000E+00,    2.5881628473E+02,    2.5881628473E+02,    0.0000000000E+00,    0.0000000000E+00,    0.0000000000E+00,    2.5881628473E+02
    173350,      0.676956,CP1_after_deposition,   1,    0.0000000000E+00,    2.5881628473E+02,    2.5881628473E+02,    0.0000000000E+00,    0.0000000000E+00,    0.0000000000E+00,    2.5881628473E+02
    173350,      0.676956,CP2_after_erosion,   1,    0.0000000000E+00,    2.5881628473E+02,    2.5881628473E+02,    0.0000000000E+00,    0.0000000000E+00,    0.0000000000E+00,    2.5881628473E+02
    173350,      0.676956,CP3_after_update_bottom,   1,    0.0000000000E+00,    2.5881628473E+02,    2.5881628473E+02,    0.0000000000E+00,    0.0000000000E+00,    0.0000000000E+00,    2.5881628473E+02
    173350,      0.676956,CP4_after_advection,   1,    0.0000000000E+00,    2.5882521928E+02,    2.5882521928E+02,    0.0000000000E+00,    0.0000000000E+00,    0.0000000000E+00,    2.5882521928E+02
    173350,      0.676956,CP5_after_vdif,   1,    0.0000000000E+00,    2.5882521928E+02,    2.5882521928E+02,    0.0000000000E+00,    0.0000000000E+00,    0.0000000000E+00,    2.5882521928E+02
    173350,      0.676956,CP6_after_kinetics,   1,    0.0000000000E+00,    2.5882521928E+02,    2.5882521928E+02,    0.0000000000E+00,    0.0000000000E+00,    0.0000000000E+00,    2.5882521928E+02
    173350,      0.676956,CP7_after_upper_clamp,   1,    0.0000000000E+00,    2.5882521928E+02,    2.5882521928E+02,    0.0000000000E+00,    0.0000000000E+00,    0.0000000000E+00,    2.5882521928E+02
    173350,      0.676956,CP8_after_OBC,   1,    0.0000000000E+00,    2.5882521928E+02,    2.5882521928E+02,    0.0000000000E+00,    0.0000000000E+00,    0.0000000000E+00,    2.5882521928E+02
    173350,      0.676956,CP9_after_PTsource,   1,    0.0000000000E+00,    2.5882521928E+02,    2.5882521928E+02,    0.0000000000E+00,    0.0000000000E+00,    0.0000000000E+00,    2.5882521928E+02
    173350,      0.676956,CP10_after_neg_clamp,   1,    0.0000000000E+00,    2.5882521928E+02,    2.5882521928E+02,    0.0000000000E+00,    0.0000000000E+00,    0.0000000000E+00,    2.5882521928E+02
    173350,      0.676956,CP11_after_MPI,   1,    0.0000000000E+00,    2.5882521928E+02,    2.5882521928E+02,    0.0000000000E+00,    0.0000000000E+00,    0.0000000000E+00,    2.5882521928E+02
    173350,      0.676956,CP12_end,   1,    0.0000000000E+00,    2.5882521928E+02,    2.5882521928E+02,    0.0000000000E+00,    0.0000000000E+00,    0.0000000000E+00,    2.5882521928E+02
    173400,      0.676956,CP0_start,   1,    0.0000000000E+00,    2.5899774455E+02,    2.5899774455E+02,    0.0000000000E+00,    0.0000000000E+00,    0.0000000000E+00,    2.5899774455E+02
    173400,      0.676956,CP1_after_deposition,   1,    0.0000000000E+00,    2.5899774455E+02,    2.5899774455E+02,    0.0000000000E+00,    0.0000000000E+00,    0.0000000000E+00,    2.5899774455E+02
    173400,      0.676956,CP2_after_erosion,   1,    0.0000000000E+00,    2.5899774455E+02,    2.5899774455E+02,    0.0000000000E+00,    0.0000000000E+00,    0.0000000000E+00,    2.5899774455E+02
    173400,      0.676956,CP3_after_update_bottom,   1,    0.0000000000E+00,    2.5899774455E+02,    2.5899774455E+02,    0.0000000000E+00,    0.0000000000E+00,    0.0000000000E+00,    2.5899774455E+02
    173400,      0.676956,CP4_after_advection,   1,    0.0000000000E+00,    2.5900664473E+02,    2.5900664473E+02,    0.0000000000E+00,    0.0000000000E+00,    0.0000000000E+00,    2.5900664473E+02
    173400,      0.676956,CP5_after_vdif,   1,    0.0000000000E+00,    2.5900664473E+02,    2.5900664473E+02,    0.0000000000E+00,    0.0000000000E+00,    0.0000000000E+00,    2.5900664473E+02
    173400,      0.676956,CP6_after_kinetics,   1,    0.0000000000E+00,    2.5900664473E+02,    2.5900664473E+02,    0.0000000000E+00,    0.0000000000E+00,    0.0000000000E+00,    2.5900664473E+02
    173400,      0.676956,CP7_after_upper_clamp,   1,    0.0000000000E+00,    2.5900664473E+02,    2.5900664473E+02,    0.0000000000E+00,    0.0000000000E+00,    0.0000000000E+00,    2.5900664473E+02
    173400,      0.676956,CP8_after_OBC,   1,    0.0000000000E+00,    2.5900664473E+02,    2.5900664473E+02,    0.0000000000E+00,    0.0000000000E+00,    0.0000000000E+00,    2.5900664473E+02
    173400,      0.676956,CP9_after_PTsource,   1,    0.0000000000E+00,    2.5900664473E+02,    2.5900664473E+02,    0.0000000000E+00,    0.0000000000E+00,    0.0000000000E+00,    2.5900664473E+02
    173400,      0.676956,CP10_after_neg_clamp,   1,    0.0000000000E+00,    2.5900664473E+02,    2.5900664473E+02,    0.0000000000E+00,    0.0000000000E+00,    0.0000000000E+00,    2.5900664473E+02
    173400,      0.676956,CP11_after_MPI,   1,    0.0000000000E+00,    2.5900664473E+02,    2.5900664473E+02,    0.0000000000E+00,    0.0000000000E+00,    0.0000000000E+00,    2.5900664473E+02
    173400,      0.676956,CP12_end,   1,    0.0000000000E+00,    2.5900664473E+02,    2.5900664473E+02,    0.0000000000E+00,    0.0000000000E+00,    0.0000000000E+00,    2.5900664473E+02
    173450,      0.676956,CP0_start,   1,    0.0000000000E+00,    2.5917894264E+02,    2.5917894264E+02,    0.0000000000E+00,    0.0000000000E+00,    0.0000000000E+00,    2.5917894264E+02
    173450,      0.676956,CP1_after_deposition,   1,    0.0000000000E+00,    2.5917894264E+02,    2.5917894264E+02,    0.0000000000E+00,    0.0000000000E+00,    0.0000000000E+00,    2.5917894264E+02
    173450,      0.676956,CP2_after_erosion,   1,    0.0000000000E+00,    2.5917894264E+02,    2.5917894264E+02,    0.0000000000E+00,    0.0000000000E+00,    0.0000000000E+00,    2.5917894264E+02
    173450,      0.676956,CP3_after_update_bottom,   1,    0.0000000000E+00,    2.5917894264E+02,    2.5917894264E+02,    0.0000000000E+00,    0.0000000000E+00,    0.0000000000E+00,    2.5917894264E+02
    173450,      0.676956,CP4_after_advection,   1,    0.0000000000E+00,    2.5918781481E+02,    2.5918781481E+02,    0.0000000000E+00,    0.0000000000E+00,    0.0000000000E+00,    2.5918781481E+02
    173450,      0.676956,CP5_after_vdif,   1,    0.0000000000E+00,    2.5918781481E+02,    2.5918781481E+02,    0.0000000000E+00,    0.0000000000E+00,    0.0000000000E+00,    2.5918781481E+02
    173450,      0.676956,CP6_after_kinetics,   1,    0.0000000000E+00,    2.5918781481E+02,    2.5918781481E+02,    0.0000000000E+00,    0.0000000000E+00,    0.0000000000E+00,    2.5918781481E+02
    173450,      0.676956,CP7_after_upper_clamp,   1,    0.0000000000E+00,    2.5918781481E+02,    2.5918781481E+02,    0.0000000000E+00,    0.0000000000E+00,    0.0000000000E+00,    2.5918781481E+02
    173450,      0.676956,CP8_after_OBC,   1,    0.0000000000E+00,    2.5918781481E+02,    2.5918781481E+02,    0.0000000000E+00,    0.0000000000E+00,    0.0000000000E+00,    2.5918781481E+02
    173450,      0.676956,CP9_after_PTsource,   1,    0.0000000000E+00,    2.5918781481E+02,    2.5918781481E+02,    0.0000000000E+00,    0.0000000000E+00,    0.0000000000E+00,    2.5918781481E+02
    173450,      0.676956,CP10_after_neg_clamp,   1,    0.0000000000E+00,    2.5918781481E+02,    2.5918781481E+02,    0.0000000000E+00,    0.0000000000E+00,    0.0000000000E+00,    2.5918781481E+02
    173450,      0.676956,CP11_after_MPI,   1,    0.0000000000E+00,    2.5918781481E+02,    2.5918781481E+02,    0.0000000000E+00,    0.0000000000E+00,    0.0000000000E+00,    2.5918781481E+02
    173450,      0.676956,CP12_end,   1,    0.0000000000E+00,    2.5918781481E+02,    2.5918781481E+02,    0.0000000000E+00,    0.0000000000E+00,    0.0000000000E+00,    2.5918781481E+02
    173500,      0.676956,CP0_start,   1,    0.0000000000E+00,    2.5935999109E+02,    2.5935999109E+02,    0.0000000000E+00,    0.0000000000E+00,    0.0000000000E+00,    2.5935999109E+02
    173500,      0.676956,CP1_after_deposition,   1,    0.0000000000E+00,    2.5935999109E+02,    2.5935999109E+02,    0.0000000000E+00,    0.0000000000E+00,    0.0000000000E+00,    2.5935999109E+02
    173500,      0.676956,CP2_after_erosion,   1,    0.0000000000E+00,    2.5935999109E+02,    2.5935999109E+02,    0.0000000000E+00,    0.0000000000E+00,    0.0000000000E+00,    2.5935999109E+02
    173500,      0.676956,CP3_after_update_bottom,   1,    0.0000000000E+00,    2.5935999109E+02,    2.5935999109E+02,    0.0000000000E+00,    0.0000000000E+00,    0.0000000000E+00,    2.5935999109E+02
    173500,      0.676956,CP4_after_advection,   1,    0.0000000000E+00,    2.5936884302E+02,    2.5936884302E+02,    0.0000000000E+00,    0.0000000000E+00,    0.0000000000E+00,    2.5936884302E+02
    173500,      0.676956,CP5_after_vdif,   1,    0.0000000000E+00,    2.5936884302E+02,    2.5936884302E+02,    0.0000000000E+00,    0.0000000000E+00,    0.0000000000E+00,    2.5936884302E+02
    173500,      0.676956,CP6_after_kinetics,   1,    0.0000000000E+00,    2.5936884302E+02,    2.5936884302E+02,    0.0000000000E+00,    0.0000000000E+00,    0.0000000000E+00,    2.5936884302E+02
    173500,      0.676956,CP7_after_upper_clamp,   1,    0.0000000000E+00,    2.5936884302E+02,    2.5936884302E+02,    0.0000000000E+00,    0.0000000000E+00,    0.0000000000E+00,    2.5936884302E+02
    173500,      0.676956,CP8_after_OBC,   1,    0.0000000000E+00,    2.5936884302E+02,    2.5936884302E+02,    0.0000000000E+00,    0.0000000000E+00,    0.0000000000E+00,    2.5936884302E+02
    173500,      0.676956,CP9_after_PTsource,   1,    0.0000000000E+00,    2.5936884302E+02,    2.5936884302E+02,    0.0000000000E+00,    0.0000000000E+00,    0.0000000000E+00,    2.5936884302E+02
    173500,      0.676956,CP10_after_neg_clamp,   1,    0.0000000000E+00,    2.5936884302E+02,    2.5936884302E+02,    0.0000000000E+00,    0.0000000000E+00,    0.0000000000E+00,    2.5936884302E+02
    173500,      0.676956,CP11_after_MPI,   1,    0.0000000000E+00,    2.5936884302E+02,    2.5936884302E+02,    0.0000000000E+00,    0.0000000000E+00,    0.0000000000E+00,    2.5936884302E+02
    173500,      0.676956,CP12_end,   1,    0.0000000000E+00,    2.5936884302E+02,    2.5936884302E+02,    0.0000000000E+00,    0.0000000000E+00,    0.0000000000E+00,    2.5936884302E+02
    173550,      0.676956,CP0_start,   1,    0.0000000000E+00,    2.5954106167E+02,    2.5954106167E+02,    0.0000000000E+00,    0.0000000000E+00,    0.0000000000E+00,    2.5954106167E+02
    173550,      0.676956,CP1_after_deposition,   1,    0.0000000000E+00,    2.5954106167E+02,    2.5954106167E+02,    0.0000000000E+00,    0.0000000000E+00,    0.0000000000E+00,    2.5954106167E+02
    173550,      0.676956,CP2_after_erosion,   1,    0.0000000000E+00,    2.5954106167E+02,    2.5954106167E+02,    0.0000000000E+00,    0.0000000000E+00,    0.0000000000E+00,    2.5954106167E+02
    173550,      0.676956,CP3_after_update_bottom,   1,    0.0000000000E+00,    2.5954106167E+02,    2.5954106167E+02,    0.0000000000E+00,    0.0000000000E+00,    0.0000000000E+00,    2.5954106167E+02
    173550,      0.676956,CP4_after_advection,   1,    0.0000000000E+00,    2.5954989311E+02,    2.5954989311E+02,    0.0000000000E+00,    0.0000000000E+00,    0.0000000000E+00,    2.5954989311E+02
    173550,      0.676956,CP5_after_vdif,   1,    0.0000000000E+00,    2.5954989311E+02,    2.5954989311E+02,    0.0000000000E+00,    0.0000000000E+00,    0.0000000000E+00,    2.5954989311E+02
    173550,      0.676956,CP6_after_kinetics,   1,    0.0000000000E+00,    2.5954989311E+02,    2.5954989311E+02,    0.0000000000E+00,    0.0000000000E+00,    0.0000000000E+00,    2.5954989311E+02
    173550,      0.676956,CP7_after_upper_clamp,   1,    0.0000000000E+00,    2.5954989311E+02,    2.5954989311E+02,    0.0000000000E+00,    0.0000000000E+00,    0.0000000000E+00,    2.5954989311E+02
    173550,      0.676956,CP8_after_OBC,   1,    0.0000000000E+00,    2.5954989311E+02,    2.5954989311E+02,    0.0000000000E+00,    0.0000000000E+00,    0.0000000000E+00,    2.5954989311E+02
    173550,      0.676956,CP9_after_PTsource,   1,    0.0000000000E+00,    2.5954989311E+02,    2.5954989311E+02,    0.0000000000E+00,    0.0000000000E+00,    0.0000000000E+00,    2.5954989311E+02
    173550,      0.676956,CP10_after_neg_clamp,   1,    0.0000000000E+00,    2.5954989311E+02,    2.5954989311E+02,    0.0000000000E+00,    0.0000000000E+00,    0.0000000000E+00,    2.5954989311E+02
    173550,      0.676956,CP11_after_MPI,   1,    0.0000000000E+00,    2.5954989311E+02,    2.5954989311E+02,    0.0000000000E+00,    0.0000000000E+00,    0.0000000000E+00,    2.5954989311E+02
    173550,      0.676956,CP12_end,   1,    0.0000000000E+00,    2.5954989311E+02,    2.5954989311E+02,    0.0000000000E+00,    0.0000000000E+00,    0.0000000000E+00,    2.5954989311E+02
    173600,      0.676956,CP0_start,   1,    0.0000000000E+00,    2.5972215045E+02,    2.5972215045E+02,    0.0000000000E+00,    0.0000000000E+00,    0.0000000000E+00,    2.5972215045E+02
    173600,      0.676956,CP1_after_deposition,   1,    0.0000000000E+00,    2.5972215045E+02,    2.5972215045E+02,    0.0000000000E+00,    0.0000000000E+00,    0.0000000000E+00,    2.5972215045E+02
    173600,      0.676956,CP2_after_erosion,   1,    0.0000000000E+00,    2.5972215045E+02,    2.5972215045E+02,    0.0000000000E+00,    0.0000000000E+00,    0.0000000000E+00,    2.5972215045E+02
    173600,      0.676956,CP3_after_update_bottom,   1,    0.0000000000E+00,    2.5972215045E+02,    2.5972215045E+02,    0.0000000000E+00,    0.0000000000E+00,    0.0000000000E+00,    2.5972215045E+02
    173600,      0.676956,CP4_after_advection,   1,    0.0000000000E+00,    2.5973095857E+02,    2.5973095857E+02,    0.0000000000E+00,    0.0000000000E+00,    0.0000000000E+00,    2.5973095857E+02
    173600,      0.676956,CP5_after_vdif,   1,    0.0000000000E+00,    2.5973095857E+02,    2.5973095857E+02,    0.0000000000E+00,    0.0000000000E+00,    0.0000000000E+00,    2.5973095857E+02
    173600,      0.676956,CP6_after_kinetics,   1,    0.0000000000E+00,    2.5973095857E+02,    2.5973095857E+02,    0.0000000000E+00,    0.0000000000E+00,    0.0000000000E+00,    2.5973095857E+02
    173600,      0.676956,CP7_after_upper_clamp,   1,    0.0000000000E+00,    2.5973095857E+02,    2.5973095857E+02,    0.0000000000E+00,    0.0000000000E+00,    0.0000000000E+00,    2.5973095857E+02
    173600,      0.676956,CP8_after_OBC,   1,    0.0000000000E+00,    2.5973095857E+02,    2.5973095857E+02,    0.0000000000E+00,    0.0000000000E+00,    0.0000000000E+00,    2.5973095857E+02
    173600,      0.676956,CP9_after_PTsource,   1,    0.0000000000E+00,    2.5973095857E+02,    2.5973095857E+02,    0.0000000000E+00,    0.0000000000E+00,    0.0000000000E+00,    2.5973095857E+02
    173600,      0.676956,CP10_after_neg_clamp,   1,    0.0000000000E+00,    2.5973095857E+02,    2.5973095857E+02,    0.0000000000E+00,    0.0000000000E+00,    0.0000000000E+00,    2.5973095857E+02
    173600,      0.676956,CP11_after_MPI,   1,    0.0000000000E+00,    2.5973095857E+02,    2.5973095857E+02,    0.0000000000E+00,    0.0000000000E+00,    0.0000000000E+00,    2.5973095857E+02
    173600,      0.676956,CP12_end,   1,    0.0000000000E+00,    2.5973095857E+02,    2.5973095857E+02,    0.0000000000E+00,    0.0000000000E+00,    0.0000000000E+00,    2.5973095857E+02
    173650,      0.676956,CP0_start,   1,    0.0000000000E+00,    2.5990321236E+02,    2.5990321236E+02,    0.0000000000E+00,    0.0000000000E+00,    0.0000000000E+00,    2.5990321236E+02
    173650,      0.676956,CP1_after_deposition,   1,    0.0000000000E+00,    2.5990321236E+02,    2.5990321236E+02,    0.0000000000E+00,    0.0000000000E+00,    0.0000000000E+00,    2.5990321236E+02
    173650,      0.676956,CP2_after_erosion,   1,    0.0000000000E+00,    2.5990321236E+02,    2.5990321236E+02,    0.0000000000E+00,    0.0000000000E+00,    0.0000000000E+00,    2.5990321236E+02
    173650,      0.676956,CP3_after_update_bottom,   1,    0.0000000000E+00,    2.5990321236E+02,    2.5990321236E+02,    0.0000000000E+00,    0.0000000000E+00,    0.0000000000E+00,    2.5990321236E+02
    173650,      0.676956,CP4_after_advection,   1,    0.0000000000E+00,    2.5991199764E+02,    2.5991199764E+02,    0.0000000000E+00,    0.0000000000E+00,    0.0000000000E+00,    2.5991199764E+02
    173650,      0.676956,CP5_after_vdif,   1,    0.0000000000E+00,    2.5991199764E+02,    2.5991199764E+02,    0.0000000000E+00,    0.0000000000E+00,    0.0000000000E+00,    2.5991199764E+02
    173650,      0.676956,CP6_after_kinetics,   1,    0.0000000000E+00,    2.5991199764E+02,    2.5991199764E+02,    0.0000000000E+00,    0.0000000000E+00,    0.0000000000E+00,    2.5991199764E+02
    173650,      0.676956,CP7_after_upper_clamp,   1,    0.0000000000E+00,    2.5991199764E+02,    2.5991199764E+02,    0.0000000000E+00,    0.0000000000E+00,    0.0000000000E+00,    2.5991199764E+02
    173650,      0.676956,CP8_after_OBC,   1,    0.0000000000E+00,    2.5991199764E+02,    2.5991199764E+02,    0.0000000000E+00,    0.0000000000E+00,    0.0000000000E+00,    2.5991199764E+02
    173650,      0.676956,CP9_after_PTsource,   1,    0.0000000000E+00,    2.5991199764E+02,    2.5991199764E+02,    0.0000000000E+00,    0.0000000000E+00,    0.0000000000E+00,    2.5991199764E+02
    173650,      0.676956,CP10_after_neg_clamp,   1,    0.0000000000E+00,    2.5991199764E+02,    2.5991199764E+02,    0.0000000000E+00,    0.0000000000E+00,    0.0000000000E+00,    2.5991199764E+02
    173650,      0.676956,CP11_after_MPI,   1,    0.0000000000E+00,    2.5991199764E+02,    2.5991199764E+02,    0.0000000000E+00,    0.0000000000E+00,    0.0000000000E+00,    2.5991199764E+02
    173650,      0.676956,CP12_end,   1,    0.0000000000E+00,    2.5991199764E+02,    2.5991199764E+02,    0.0000000000E+00,    0.0000000000E+00,    0.0000000000E+00,    2.5991199764E+02
    173700,      0.676956,CP0_start,   1,    0.0000000000E+00,    2.6008412583E+02,    2.6008412583E+02,    0.0000000000E+00,    0.0000000000E+00,    0.0000000000E+00,    2.6008412583E+02
    173700,      0.676956,CP1_after_deposition,   1,    0.0000000000E+00,    2.6008412583E+02,    2.6008412583E+02,    0.0000000000E+00,    0.0000000000E+00,    0.0000000000E+00,    2.6008412583E+02
    173700,      0.676956,CP2_after_erosion,   1,    0.0000000000E+00,    2.6008412583E+02,    2.6008412583E+02,    0.0000000000E+00,    0.0000000000E+00,    0.0000000000E+00,    2.6008412583E+02
    173700,      0.676956,CP3_after_update_bottom,   1,    0.0000000000E+00,    2.6008412583E+02,    2.6008412583E+02,    0.0000000000E+00,    0.0000000000E+00,    0.0000000000E+00,    2.6008412583E+02
    173700,      0.676956,CP4_after_advection,   1,    0.0000000000E+00,    2.6009288332E+02,    2.6009288332E+02,    0.0000000000E+00,    0.0000000000E+00,    0.0000000000E+00,    2.6009288332E+02
    173700,      0.676956,CP5_after_vdif,   1,    0.0000000000E+00,    2.6009288332E+02,    2.6009288332E+02,    0.0000000000E+00,    0.0000000000E+00,    0.0000000000E+00,    2.6009288332E+02
    173700,      0.676956,CP6_after_kinetics,   1,    0.0000000000E+00,    2.6009288332E+02,    2.6009288332E+02,    0.0000000000E+00,    0.0000000000E+00,    0.0000000000E+00,    2.6009288332E+02
    173700,      0.676956,CP7_after_upper_clamp,   1,    0.0000000000E+00,    2.6009288332E+02,    2.6009288332E+02,    0.0000000000E+00,    0.0000000000E+00,    0.0000000000E+00,    2.6009288332E+02
    173700,      0.676956,CP8_after_OBC,   1,    0.0000000000E+00,    2.6009288332E+02,    2.6009288332E+02,    0.0000000000E+00,    0.0000000000E+00,    0.0000000000E+00,    2.6009288332E+02
    173700,      0.676956,CP9_after_PTsource,   1,    0.0000000000E+00,    2.6009288332E+02,    2.6009288332E+02,    0.0000000000E+00,    0.0000000000E+00,    0.0000000000E+00,    2.6009288332E+02
    173700,      0.676956,CP10_after_neg_clamp,   1,    0.0000000000E+00,    2.6009288332E+02,    2.6009288332E+02,    0.0000000000E+00,    0.0000000000E+00,    0.0000000000E+00,    2.6009288332E+02
    173700,      0.676956,CP11_after_MPI,   1,    0.0000000000E+00,    2.6009288332E+02,    2.6009288332E+02,    0.0000000000E+00,    0.0000000000E+00,    0.0000000000E+00,    2.6009288332E+02
    173700,      0.676956,CP12_end,   1,    0.0000000000E+00,    2.6009288332E+02,    2.6009288332E+02,    0.0000000000E+00,    0.0000000000E+00,    0.0000000000E+00,    2.6009288332E+02
    173750,      0.676956,CP0_start,   1,    0.0000000000E+00,    2.6026565147E+02,    2.6026565147E+02,    0.0000000000E+00,    0.0000000000E+00,    0.0000000000E+00,    2.6026565147E+02
    173750,      0.676956,CP1_after_deposition,   1,    0.0000000000E+00,    2.6026565147E+02,    2.6026565147E+02,    0.0000000000E+00,    0.0000000000E+00,    0.0000000000E+00,    2.6026565147E+02
    173750,      0.676956,CP2_after_erosion,   1,    0.0000000000E+00,    2.6026565147E+02,    2.6026565147E+02,    0.0000000000E+00,    0.0000000000E+00,    0.0000000000E+00,    2.6026565147E+02
    173750,      0.676956,CP3_after_update_bottom,   1,    0.0000000000E+00,    2.6026565147E+02,    2.6026565147E+02,    0.0000000000E+00,    0.0000000000E+00,    0.0000000000E+00,    2.6026565147E+02
    173750,      0.676956,CP4_after_advection,   1,    0.0000000000E+00,    2.6027438291E+02,    2.6027438291E+02,    0.0000000000E+00,    0.0000000000E+00,    0.0000000000E+00,    2.6027438291E+02
    173750,      0.676956,CP5_after_vdif,   1,    0.0000000000E+00,    2.6027438291E+02,    2.6027438291E+02,    0.0000000000E+00,    0.0000000000E+00,    0.0000000000E+00,    2.6027438291E+02
    173750,      0.676956,CP6_after_kinetics,   1,    0.0000000000E+00,    2.6027438291E+02,    2.6027438291E+02,    0.0000000000E+00,    0.0000000000E+00,    0.0000000000E+00,    2.6027438291E+02
    173750,      0.676956,CP7_after_upper_clamp,   1,    0.0000000000E+00,    2.6027438291E+02,    2.6027438291E+02,    0.0000000000E+00,    0.0000000000E+00,    0.0000000000E+00,    2.6027438291E+02
    173750,      0.676956,CP8_after_OBC,   1,    0.0000000000E+00,    2.6027438291E+02,    2.6027438291E+02,    0.0000000000E+00,    0.0000000000E+00,    0.0000000000E+00,    2.6027438291E+02
    173750,      0.676956,CP9_after_PTsource,   1,    0.0000000000E+00,    2.6027438291E+02,    2.6027438291E+02,    0.0000000000E+00,    0.0000000000E+00,    0.0000000000E+00,    2.6027438291E+02
    173750,      0.676956,CP10_after_neg_clamp,   1,    0.0000000000E+00,    2.6027438291E+02,    2.6027438291E+02,    0.0000000000E+00,    0.0000000000E+00,    0.0000000000E+00,    2.6027438291E+02
    173750,      0.676956,CP11_after_MPI,   1,    0.0000000000E+00,    2.6027438291E+02,    2.6027438291E+02,    0.0000000000E+00,    0.0000000000E+00,    0.0000000000E+00,    2.6027438291E+02
    173750,      0.676956,CP12_end,   1,    0.0000000000E+00,    2.6027438291E+02,    2.6027438291E+02,    0.0000000000E+00,    0.0000000000E+00,    0.0000000000E+00,    2.6027438291E+02
    173800,      0.676956,CP0_start,   1,    0.0000000000E+00,    2.6044703162E+02,    2.6044703162E+02,    0.0000000000E+00,    0.0000000000E+00,    0.0000000000E+00,    2.6044703162E+02
    173800,      0.676956,CP1_after_deposition,   1,    0.0000000000E+00,    2.6044703162E+02,    2.6044703162E+02,    0.0000000000E+00,    0.0000000000E+00,    0.0000000000E+00,    2.6044703162E+02
    173800,      0.676956,CP2_after_erosion,   1,    0.0000000000E+00,    2.6044703162E+02,    2.6044703162E+02,    0.0000000000E+00,    0.0000000000E+00,    0.0000000000E+00,    2.6044703162E+02
    173800,      0.676956,CP3_after_update_bottom,   1,    0.0000000000E+00,    2.6044703162E+02,    2.6044703162E+02,    0.0000000000E+00,    0.0000000000E+00,    0.0000000000E+00,    2.6044703162E+02
    173800,      0.676956,CP4_after_advection,   1,    0.0000000000E+00,    2.6045574477E+02,    2.6045574477E+02,    0.0000000000E+00,    0.0000000000E+00,    0.0000000000E+00,    2.6045574477E+02
    173800,      0.676956,CP5_after_vdif,   1,    0.0000000000E+00,    2.6045574477E+02,    2.6045574477E+02,    0.0000000000E+00,    0.0000000000E+00,    0.0000000000E+00,    2.6045574477E+02
    173800,      0.676956,CP6_after_kinetics,   1,    0.0000000000E+00,    2.6045574477E+02,    2.6045574477E+02,    0.0000000000E+00,    0.0000000000E+00,    0.0000000000E+00,    2.6045574477E+02
    173800,      0.676956,CP7_after_upper_clamp,   1,    0.0000000000E+00,    2.6045574477E+02,    2.6045574477E+02,    0.0000000000E+00,    0.0000000000E+00,    0.0000000000E+00,    2.6045574477E+02
    173800,      0.676956,CP8_after_OBC,   1,    0.0000000000E+00,    2.6045574477E+02,    2.6045574477E+02,    0.0000000000E+00,    0.0000000000E+00,    0.0000000000E+00,    2.6045574477E+02
    173800,      0.676956,CP9_after_PTsource,   1,    0.0000000000E+00,    2.6045574477E+02,    2.6045574477E+02,    0.0000000000E+00,    0.0000000000E+00,    0.0000000000E+00,    2.6045574477E+02
    173800,      0.676956,CP10_after_neg_clamp,   1,    0.0000000000E+00,    2.6045574477E+02,    2.6045574477E+02,    0.0000000000E+00,    0.0000000000E+00,    0.0000000000E+00,    2.6045574477E+02
    173800,      0.676956,CP11_after_MPI,   1,    0.0000000000E+00,    2.6045574477E+02,    2.6045574477E+02,    0.0000000000E+00,    0.0000000000E+00,    0.0000000000E+00,    2.6045574477E+02
    173800,      0.676956,CP12_end,   1,    0.0000000000E+00,    2.6045574477E+02,    2.6045574477E+02,    0.0000000000E+00,    0.0000000000E+00,    0.0000000000E+00,    2.6045574477E+02
    173850,      0.676956,CP0_start,   1,    0.0000000000E+00,    2.6062835802E+02,    2.6062835802E+02,    0.0000000000E+00,    0.0000000000E+00,    0.0000000000E+00,    2.6062835802E+02
    173850,      0.676956,CP1_after_deposition,   1,    0.0000000000E+00,    2.6062835802E+02,    2.6062835802E+02,    0.0000000000E+00,    0.0000000000E+00,    0.0000000000E+00,    2.6062835802E+02
    173850,      0.676956,CP2_after_erosion,   1,    0.0000000000E+00,    2.6062835802E+02,    2.6062835802E+02,    0.0000000000E+00,    0.0000000000E+00,    0.0000000000E+00,    2.6062835802E+02
    173850,      0.676956,CP3_after_update_bottom,   1,    0.0000000000E+00,    2.6062835802E+02,    2.6062835802E+02,    0.0000000000E+00,    0.0000000000E+00,    0.0000000000E+00,    2.6062835802E+02
    173850,      0.676956,CP4_after_advection,   1,    0.0000000000E+00,    2.6063704120E+02,    2.6063704120E+02,    0.0000000000E+00,    0.0000000000E+00,    0.0000000000E+00,    2.6063704120E+02
    173850,      0.676956,CP5_after_vdif,   1,    0.0000000000E+00,    2.6063704120E+02,    2.6063704120E+02,    0.0000000000E+00,    0.0000000000E+00,    0.0000000000E+00,    2.6063704120E+02
    173850,      0.676956,CP6_after_kinetics,   1,    0.0000000000E+00,    2.6063704120E+02,    2.6063704120E+02,    0.0000000000E+00,    0.0000000000E+00,    0.0000000000E+00,    2.6063704120E+02
    173850,      0.676956,CP7_after_upper_clamp,   1,    0.0000000000E+00,    2.6063704120E+02,    2.6063704120E+02,    0.0000000000E+00,    0.0000000000E+00,    0.0000000000E+00,    2.6063704120E+02
    173850,      0.676956,CP8_after_OBC,   1,    0.0000000000E+00,    2.6063704120E+02,    2.6063704120E+02,    0.0000000000E+00,    0.0000000000E+00,    0.0000000000E+00,    2.6063704120E+02
    173850,      0.676956,CP9_after_PTsource,   1,    0.0000000000E+00,    2.6063704120E+02,    2.6063704120E+02,    0.0000000000E+00,    0.0000000000E+00,    0.0000000000E+00,    2.6063704120E+02
    173850,      0.676956,CP10_after_neg_clamp,   1,    0.0000000000E+00,    2.6063704120E+02,    2.6063704120E+02,    0.0000000000E+00,    0.0000000000E+00,    0.0000000000E+00,    2.6063704120E+02
    173850,      0.676956,CP11_after_MPI,   1,    0.0000000000E+00,    2.6063704120E+02,    2.6063704120E+02,    0.0000000000E+00,    0.0000000000E+00,    0.0000000000E+00,    2.6063704120E+02
    173850,      0.676956,CP12_end,   1,    0.0000000000E+00,    2.6063704120E+02,    2.6063704120E+02,    0.0000000000E+00,    0.0000000000E+00,    0.0000000000E+00,    2.6063704120E+02
    173900,      0.676956,CP0_start,   1,    0.0000000000E+00,    2.6080967537E+02,    2.6080967537E+02,    0.0000000000E+00,    0.0000000000E+00,    0.0000000000E+00,    2.6080967537E+02
    173900,      0.676956,CP1_after_deposition,   1,    0.0000000000E+00,    2.6080967537E+02,    2.6080967537E+02,    0.0000000000E+00,    0.0000000000E+00,    0.0000000000E+00,    2.6080967537E+02
    173900,      0.676956,CP2_after_erosion,   1,    0.0000000000E+00,    2.6080967537E+02,    2.6080967537E+02,    0.0000000000E+00,    0.0000000000E+00,    0.0000000000E+00,    2.6080967537E+02
    173900,      0.676956,CP3_after_update_bottom,   1,    0.0000000000E+00,    2.6080967537E+02,    2.6080967537E+02,    0.0000000000E+00,    0.0000000000E+00,    0.0000000000E+00,    2.6080967537E+02
    173900,      0.676956,CP4_after_advection,   1,    0.0000000000E+00,    2.6081833023E+02,    2.6081833023E+02,    0.0000000000E+00,    0.0000000000E+00,    0.0000000000E+00,    2.6081833023E+02
    173900,      0.676956,CP5_after_vdif,   1,    0.0000000000E+00,    2.6081833023E+02,    2.6081833023E+02,    0.0000000000E+00,    0.0000000000E+00,    0.0000000000E+00,    2.6081833023E+02
    173900,      0.676956,CP6_after_kinetics,   1,    0.0000000000E+00,    2.6081833023E+02,    2.6081833023E+02,    0.0000000000E+00,    0.0000000000E+00,    0.0000000000E+00,    2.6081833023E+02
    173900,      0.676956,CP7_after_upper_clamp,   1,    0.0000000000E+00,    2.6081833023E+02,    2.6081833023E+02,    0.0000000000E+00,    0.0000000000E+00,    0.0000000000E+00,    2.6081833023E+02
    173900,      0.676956,CP8_after_OBC,   1,    0.0000000000E+00,    2.6081833023E+02,    2.6081833023E+02,    0.0000000000E+00,    0.0000000000E+00,    0.0000000000E+00,    2.6081833023E+02
    173900,      0.676956,CP9_after_PTsource,   1,    0.0000000000E+00,    2.6081833023E+02,    2.6081833023E+02,    0.0000000000E+00,    0.0000000000E+00,    0.0000000000E+00,    2.6081833023E+02
    173900,      0.676956,CP10_after_neg_clamp,   1,    0.0000000000E+00,    2.6081833023E+02,    2.6081833023E+02,    0.0000000000E+00,    0.0000000000E+00,    0.0000000000E+00,    2.6081833023E+02
    173900,      0.676956,CP11_after_MPI,   1,    0.0000000000E+00,    2.6081833023E+02,    2.6081833023E+02,    0.0000000000E+00,    0.0000000000E+00,    0.0000000000E+00,    2.6081833023E+02
    173900,      0.676956,CP12_end,   1,    0.0000000000E+00,    2.6081833023E+02,    2.6081833023E+02,    0.0000000000E+00,    0.0000000000E+00,    0.0000000000E+00,    2.6081833023E+02
    173950,      0.676956,CP0_start,   1,    0.0000000000E+00,    2.6099106867E+02,    2.6099106867E+02,    0.0000000000E+00,    0.0000000000E+00,    0.0000000000E+00,    2.6099106867E+02
    173950,      0.676956,CP1_after_deposition,   1,    0.0000000000E+00,    2.6099106867E+02,    2.6099106867E+02,    0.0000000000E+00,    0.0000000000E+00,    0.0000000000E+00,    2.6099106867E+02
    173950,      0.676956,CP2_after_erosion,   1,    0.0000000000E+00,    2.6099106867E+02,    2.6099106867E+02,    0.0000000000E+00,    0.0000000000E+00,    0.0000000000E+00,    2.6099106867E+02
    173950,      0.676956,CP3_after_update_bottom,   1,    0.0000000000E+00,    2.6099106867E+02,    2.6099106867E+02,    0.0000000000E+00,    0.0000000000E+00,    0.0000000000E+00,    2.6099106867E+02
    173950,      0.676956,CP4_after_advection,   1,    0.0000000000E+00,    2.6099970430E+02,    2.6099970430E+02,    0.0000000000E+00,    0.0000000000E+00,    0.0000000000E+00,    2.6099970430E+02
    173950,      0.676956,CP5_after_vdif,   1,    0.0000000000E+00,    2.6099970430E+02,    2.6099970430E+02,    0.0000000000E+00,    0.0000000000E+00,    0.0000000000E+00,    2.6099970430E+02
    173950,      0.676956,CP6_after_kinetics,   1,    0.0000000000E+00,    2.6099970430E+02,    2.6099970430E+02,    0.0000000000E+00,    0.0000000000E+00,    0.0000000000E+00,    2.6099970430E+02
    173950,      0.676956,CP7_after_upper_clamp,   1,    0.0000000000E+00,    2.6099970430E+02,    2.6099970430E+02,    0.0000000000E+00,    0.0000000000E+00,    0.0000000000E+00,    2.6099970430E+02
    173950,      0.676956,CP8_after_OBC,   1,    0.0000000000E+00,    2.6099970430E+02,    2.6099970430E+02,    0.0000000000E+00,    0.0000000000E+00,    0.0000000000E+00,    2.6099970430E+02
    173950,      0.676956,CP9_after_PTsource,   1,    0.0000000000E+00,    2.6099970430E+02,    2.6099970430E+02,    0.0000000000E+00,    0.0000000000E+00,    0.0000000000E+00,    2.6099970430E+02
    173950,      0.676956,CP10_after_neg_clamp,   1,    0.0000000000E+00,    2.6099970430E+02,    2.6099970430E+02,    0.0000000000E+00,    0.0000000000E+00,    0.0000000000E+00,    2.6099970430E+02
    173950,      0.676956,CP11_after_MPI,   1,    0.0000000000E+00,    2.6099970430E+02,    2.6099970430E+02,    0.0000000000E+00,    0.0000000000E+00,    0.0000000000E+00,    2.6099970430E+02
    173950,      0.676956,CP12_end,   1,    0.0000000000E+00,    2.6099970430E+02,    2.6099970430E+02,    0.0000000000E+00,    0.0000000000E+00,    0.0000000000E+00,    2.6099970430E+02
    174000,      0.676956,CP0_start,   1,    0.0000000000E+00,    2.6117257854E+02,    2.6117257854E+02,    0.0000000000E+00,    0.0000000000E+00,    0.0000000000E+00,    2.6117257854E+02
    174000,      0.676956,CP1_after_deposition,   1,    0.0000000000E+00,    2.6117257854E+02,    2.6117257854E+02,    0.0000000000E+00,    0.0000000000E+00,    0.0000000000E+00,    2.6117257854E+02
    174000,      0.676956,CP2_after_erosion,   1,    0.0000000000E+00,    2.6117257854E+02,    2.6117257854E+02,    0.0000000000E+00,    0.0000000000E+00,    0.0000000000E+00,    2.6117257854E+02
    174000,      0.676956,CP3_after_update_bottom,   1,    0.0000000000E+00,    2.6117257854E+02,    2.6117257854E+02,    0.0000000000E+00,    0.0000000000E+00,    0.0000000000E+00,    2.6117257854E+02
    174000,      0.676956,CP4_after_advection,   1,    0.0000000000E+00,    2.6118119633E+02,    2.6118119633E+02,    0.0000000000E+00,    0.0000000000E+00,    0.0000000000E+00,    2.6118119633E+02
    174000,      0.676956,CP5_after_vdif,   1,    0.0000000000E+00,    2.6118119633E+02,    2.6118119633E+02,    0.0000000000E+00,    0.0000000000E+00,    0.0000000000E+00,    2.6118119633E+02
    174000,      0.676956,CP6_after_kinetics,   1,    0.0000000000E+00,    2.6118119633E+02,    2.6118119633E+02,    0.0000000000E+00,    0.0000000000E+00,    0.0000000000E+00,    2.6118119633E+02
    174000,      0.676956,CP7_after_upper_clamp,   1,    0.0000000000E+00,    2.6118119633E+02,    2.6118119633E+02,    0.0000000000E+00,    0.0000000000E+00,    0.0000000000E+00,    2.6118119633E+02
    174000,      0.676956,CP8_after_OBC,   1,    0.0000000000E+00,    2.6118119633E+02,    2.6118119633E+02,    0.0000000000E+00,    0.0000000000E+00,    0.0000000000E+00,    2.6118119633E+02
    174000,      0.676956,CP9_after_PTsource,   1,    0.0000000000E+00,    2.6118119633E+02,    2.6118119633E+02,    0.0000000000E+00,    0.0000000000E+00,    0.0000000000E+00,    2.6118119633E+02
    174000,      0.676956,CP10_after_neg_clamp,   1,    0.0000000000E+00,    2.6118119633E+02,    2.6118119633E+02,    0.0000000000E+00,    0.0000000000E+00,    0.0000000000E+00,    2.6118119633E+02
    174000,      0.676956,CP11_after_MPI,   1,    0.0000000000E+00,    2.6118119633E+02,    2.6118119633E+02,    0.0000000000E+00,    0.0000000000E+00,    0.0000000000E+00,    2.6118119633E+02
    174000,      0.676956,CP12_end,   1,    0.0000000000E+00,    2.6118119633E+02,    2.6118119633E+02,    0.0000000000E+00,    0.0000000000E+00,    0.0000000000E+00,    2.6118119633E+02
    174050,      0.676956,CP0_start,   1,    0.0000000000E+00,    2.6135427297E+02,    2.6135427297E+02,    0.0000000000E+00,    0.0000000000E+00,    0.0000000000E+00,    2.6135427297E+02
    174050,      0.676956,CP1_after_deposition,   1,    0.0000000000E+00,    2.6135427297E+02,    2.6135427297E+02,    0.0000000000E+00,    0.0000000000E+00,    0.0000000000E+00,    2.6135427297E+02
    174050,      0.676956,CP2_after_erosion,   1,    0.0000000000E+00,    2.6135427297E+02,    2.6135427297E+02,    0.0000000000E+00,    0.0000000000E+00,    0.0000000000E+00,    2.6135427297E+02
    174050,      0.676956,CP3_after_update_bottom,   1,    0.0000000000E+00,    2.6135427297E+02,    2.6135427297E+02,    0.0000000000E+00,    0.0000000000E+00,    0.0000000000E+00,    2.6135427297E+02
    174050,      0.676956,CP4_after_advection,   1,    0.0000000000E+00,    2.6136287160E+02,    2.6136287160E+02,    0.0000000000E+00,    0.0000000000E+00,    0.0000000000E+00,    2.6136287160E+02
    174050,      0.676956,CP5_after_vdif,   1,    0.0000000000E+00,    2.6136287160E+02,    2.6136287160E+02,    0.0000000000E+00,    0.0000000000E+00,    0.0000000000E+00,    2.6136287160E+02
    174050,      0.676956,CP6_after_kinetics,   1,    0.0000000000E+00,    2.6136287160E+02,    2.6136287160E+02,    0.0000000000E+00,    0.0000000000E+00,    0.0000000000E+00,    2.6136287160E+02
    174050,      0.676956,CP7_after_upper_clamp,   1,    0.0000000000E+00,    2.6136287160E+02,    2.6136287160E+02,    0.0000000000E+00,    0.0000000000E+00,    0.0000000000E+00,    2.6136287160E+02
    174050,      0.676956,CP8_after_OBC,   1,    0.0000000000E+00,    2.6136287160E+02,    2.6136287160E+02,    0.0000000000E+00,    0.0000000000E+00,    0.0000000000E+00,    2.6136287160E+02
    174050,      0.676956,CP9_after_PTsource,   1,    0.0000000000E+00,    2.6136287160E+02,    2.6136287160E+02,    0.0000000000E+00,    0.0000000000E+00,    0.0000000000E+00,    2.6136287160E+02
    174050,      0.676956,CP10_after_neg_clamp,   1,    0.0000000000E+00,    2.6136287160E+02,    2.6136287160E+02,    0.0000000000E+00,    0.0000000000E+00,    0.0000000000E+00,    2.6136287160E+02
    174050,      0.676956,CP11_after_MPI,   1,    0.0000000000E+00,    2.6136287160E+02,    2.6136287160E+02,    0.0000000000E+00,    0.0000000000E+00,    0.0000000000E+00,    2.6136287160E+02
    174050,      0.676956,CP12_end,   1,    0.0000000000E+00,    2.6136287160E+02,    2.6136287160E+02,    0.0000000000E+00,    0.0000000000E+00,    0.0000000000E+00,    2.6136287160E+02
    174100,      0.676956,CP0_start,   1,    0.0000000000E+00,    2.6153633627E+02,    2.6153633627E+02,    0.0000000000E+00,    0.0000000000E+00,    0.0000000000E+00,    2.6153633627E+02
    174100,      0.676956,CP1_after_deposition,   1,    0.0000000000E+00,    2.6153633627E+02,    2.6153633627E+02,    0.0000000000E+00,    0.0000000000E+00,    0.0000000000E+00,    2.6153633627E+02
    174100,      0.676956,CP2_after_erosion,   1,    0.0000000000E+00,    2.6153633627E+02,    2.6153633627E+02,    0.0000000000E+00,    0.0000000000E+00,    0.0000000000E+00,    2.6153633627E+02
    174100,      0.676956,CP3_after_update_bottom,   1,    0.0000000000E+00,    2.6153633627E+02,    2.6153633627E+02,    0.0000000000E+00,    0.0000000000E+00,    0.0000000000E+00,    2.6153633627E+02
    174100,      0.676956,CP4_after_advection,   1,    0.0000000000E+00,    2.6154492114E+02,    2.6154492114E+02,    0.0000000000E+00,    0.0000000000E+00,    0.0000000000E+00,    2.6154492114E+02
    174100,      0.676956,CP5_after_vdif,   1,    0.0000000000E+00,    2.6154492114E+02,    2.6154492114E+02,    0.0000000000E+00,    0.0000000000E+00,    0.0000000000E+00,    2.6154492114E+02
    174100,      0.676956,CP6_after_kinetics,   1,    0.0000000000E+00,    2.6154492114E+02,    2.6154492114E+02,    0.0000000000E+00,    0.0000000000E+00,    0.0000000000E+00,    2.6154492114E+02
    174100,      0.676956,CP7_after_upper_clamp,   1,    0.0000000000E+00,    2.6154492114E+02,    2.6154492114E+02,    0.0000000000E+00,    0.0000000000E+00,    0.0000000000E+00,    2.6154492114E+02
    174100,      0.676956,CP8_after_OBC,   1,    0.0000000000E+00,    2.6154492114E+02,    2.6154492114E+02,    0.0000000000E+00,    0.0000000000E+00,    0.0000000000E+00,    2.6154492114E+02
    174100,      0.676956,CP9_after_PTsource,   1,    0.0000000000E+00,    2.6154492114E+02,    2.6154492114E+02,    0.0000000000E+00,    0.0000000000E+00,    0.0000000000E+00,    2.6154492114E+02
    174100,      0.676956,CP10_after_neg_clamp,   1,    0.0000000000E+00,    2.6154492114E+02,    2.6154492114E+02,    0.0000000000E+00,    0.0000000000E+00,    0.0000000000E+00,    2.6154492114E+02
    174100,      0.676956,CP11_after_MPI,   1,    0.0000000000E+00,    2.6154492114E+02,    2.6154492114E+02,    0.0000000000E+00,    0.0000000000E+00,    0.0000000000E+00,    2.6154492114E+02
    174100,      0.676956,CP12_end,   1,    0.0000000000E+00,    2.6154492114E+02,    2.6154492114E+02,    0.0000000000E+00,    0.0000000000E+00,    0.0000000000E+00,    2.6154492114E+02
    174150,      0.676956,CP0_start,   1,    0.0000000000E+00,    2.6171874054E+02,    2.6171874054E+02,    0.0000000000E+00,    0.0000000000E+00,    0.0000000000E+00,    2.6171874054E+02
    174150,      0.676956,CP1_after_deposition,   1,    0.0000000000E+00,    2.6171874054E+02,    2.6171874054E+02,    0.0000000000E+00,    0.0000000000E+00,    0.0000000000E+00,    2.6171874054E+02
    174150,      0.676956,CP2_after_erosion,   1,    0.0000000000E+00,    2.6171874054E+02,    2.6171874054E+02,    0.0000000000E+00,    0.0000000000E+00,    0.0000000000E+00,    2.6171874054E+02
    174150,      0.676956,CP3_after_update_bottom,   1,    0.0000000000E+00,    2.6171874054E+02,    2.6171874054E+02,    0.0000000000E+00,    0.0000000000E+00,    0.0000000000E+00,    2.6171874054E+02
    174150,      0.676956,CP4_after_advection,   1,    0.0000000000E+00,    2.6172730901E+02,    2.6172730901E+02,    0.0000000000E+00,    0.0000000000E+00,    0.0000000000E+00,    2.6172730901E+02
    174150,      0.676956,CP5_after_vdif,   1,    0.0000000000E+00,    2.6172730901E+02,    2.6172730901E+02,    0.0000000000E+00,    0.0000000000E+00,    0.0000000000E+00,    2.6172730901E+02
    174150,      0.676956,CP6_after_kinetics,   1,    0.0000000000E+00,    2.6172730901E+02,    2.6172730901E+02,    0.0000000000E+00,    0.0000000000E+00,    0.0000000000E+00,    2.6172730901E+02
    174150,      0.676956,CP7_after_upper_clamp,   1,    0.0000000000E+00,    2.6172730901E+02,    2.6172730901E+02,    0.0000000000E+00,    0.0000000000E+00,    0.0000000000E+00,    2.6172730901E+02
    174150,      0.676956,CP8_after_OBC,   1,    0.0000000000E+00,    2.6172730901E+02,    2.6172730901E+02,    0.0000000000E+00,    0.0000000000E+00,    0.0000000000E+00,    2.6172730901E+02
    174150,      0.676956,CP9_after_PTsource,   1,    0.0000000000E+00,    2.6172730901E+02,    2.6172730901E+02,    0.0000000000E+00,    0.0000000000E+00,    0.0000000000E+00,    2.6172730901E+02
    174150,      0.676956,CP10_after_neg_clamp,   1,    0.0000000000E+00,    2.6172730901E+02,    2.6172730901E+02,    0.0000000000E+00,    0.0000000000E+00,    0.0000000000E+00,    2.6172730901E+02
    174150,      0.676956,CP11_after_MPI,   1,    0.0000000000E+00,    2.6172730901E+02,    2.6172730901E+02,    0.0000000000E+00,    0.0000000000E+00,    0.0000000000E+00,    2.6172730901E+02
    174150,      0.676956,CP12_end,   1,    0.0000000000E+00,    2.6172730901E+02,    2.6172730901E+02,    0.0000000000E+00,    0.0000000000E+00,    0.0000000000E+00,    2.6172730901E+02
    174200,      0.676956,CP0_start,   1,    0.0000000000E+00,    2.6190136967E+02,    2.6190136967E+02,    0.0000000000E+00,    0.0000000000E+00,    0.0000000000E+00,    2.6190136967E+02
    174200,      0.676956,CP1_after_deposition,   1,    0.0000000000E+00,    2.6190136967E+02,    2.6190136967E+02,    0.0000000000E+00,    0.0000000000E+00,    0.0000000000E+00,    2.6190136967E+02
    174200,      0.676956,CP2_after_erosion,   1,    0.0000000000E+00,    2.6190136967E+02,    2.6190136967E+02,    0.0000000000E+00,    0.0000000000E+00,    0.0000000000E+00,    2.6190136967E+02
    174200,      0.676956,CP3_after_update_bottom,   1,    0.0000000000E+00,    2.6190136967E+02,    2.6190136967E+02,    0.0000000000E+00,    0.0000000000E+00,    0.0000000000E+00,    2.6190136967E+02
    174200,      0.676956,CP4_after_advection,   1,    0.0000000000E+00,    2.6190991864E+02,    2.6190991864E+02,    0.0000000000E+00,    0.0000000000E+00,    0.0000000000E+00,    2.6190991864E+02
    174200,      0.676956,CP5_after_vdif,   1,    0.0000000000E+00,    2.6190991864E+02,    2.6190991864E+02,    0.0000000000E+00,    0.0000000000E+00,    0.0000000000E+00,    2.6190991864E+02
    174200,      0.676956,CP6_after_kinetics,   1,    0.0000000000E+00,    2.6190991864E+02,    2.6190991864E+02,    0.0000000000E+00,    0.0000000000E+00,    0.0000000000E+00,    2.6190991864E+02
    174200,      0.676956,CP7_after_upper_clamp,   1,    0.0000000000E+00,    2.6190991864E+02,    2.6190991864E+02,    0.0000000000E+00,    0.0000000000E+00,    0.0000000000E+00,    2.6190991864E+02
    174200,      0.676956,CP8_after_OBC,   1,    0.0000000000E+00,    2.6190991864E+02,    2.6190991864E+02,    0.0000000000E+00,    0.0000000000E+00,    0.0000000000E+00,    2.6190991864E+02
    174200,      0.676956,CP9_after_PTsource,   1,    0.0000000000E+00,    2.6190991864E+02,    2.6190991864E+02,    0.0000000000E+00,    0.0000000000E+00,    0.0000000000E+00,    2.6190991864E+02
    174200,      0.676956,CP10_after_neg_clamp,   1,    0.0000000000E+00,    2.6190991864E+02,    2.6190991864E+02,    0.0000000000E+00,    0.0000000000E+00,    0.0000000000E+00,    2.6190991864E+02
    174200,      0.676956,CP11_after_MPI,   1,    0.0000000000E+00,    2.6190991864E+02,    2.6190991864E+02,    0.0000000000E+00,    0.0000000000E+00,    0.0000000000E+00,    2.6190991864E+02
    174200,      0.676956,CP12_end,   1,    0.0000000000E+00,    2.6190991864E+02,    2.6190991864E+02,    0.0000000000E+00,    0.0000000000E+00,    0.0000000000E+00,    2.6190991864E+02
    174250,      0.676956,CP0_start,   1,    0.0000000000E+00,    2.6208428191E+02,    2.6208428191E+02,    0.0000000000E+00,    0.0000000000E+00,    0.0000000000E+00,    2.6208428191E+02
    174250,      0.676956,CP1_after_deposition,   1,    0.0000000000E+00,    2.6208428191E+02,    2.6208428191E+02,    0.0000000000E+00,    0.0000000000E+00,    0.0000000000E+00,    2.6208428191E+02
    174250,      0.676956,CP2_after_erosion,   1,    0.0000000000E+00,    2.6208428191E+02,    2.6208428191E+02,    0.0000000000E+00,    0.0000000000E+00,    0.0000000000E+00,    2.6208428191E+02
    174250,      0.676956,CP3_after_update_bottom,   1,    0.0000000000E+00,    2.6208428191E+02,    2.6208428191E+02,    0.0000000000E+00,    0.0000000000E+00,    0.0000000000E+00,    2.6208428191E+02
    174250,      0.676956,CP4_after_advection,   1,    0.0000000000E+00,    2.6209281449E+02,    2.6209281449E+02,    0.0000000000E+00,    0.0000000000E+00,    0.0000000000E+00,    2.6209281449E+02
    174250,      0.676956,CP5_after_vdif,   1,    0.0000000000E+00,    2.6209281449E+02,    2.6209281449E+02,    0.0000000000E+00,    0.0000000000E+00,    0.0000000000E+00,    2.6209281449E+02
    174250,      0.676956,CP6_after_kinetics,   1,    0.0000000000E+00,    2.6209281449E+02,    2.6209281449E+02,    0.0000000000E+00,    0.0000000000E+00,    0.0000000000E+00,    2.6209281449E+02
    174250,      0.676956,CP7_after_upper_clamp,   1,    0.0000000000E+00,    2.6209281449E+02,    2.6209281449E+02,    0.0000000000E+00,    0.0000000000E+00,    0.0000000000E+00,    2.6209281449E+02
    174250,      0.676956,CP8_after_OBC,   1,    0.0000000000E+00,    2.6209281449E+02,    2.6209281449E+02,    0.0000000000E+00,    0.0000000000E+00,    0.0000000000E+00,    2.6209281449E+02
    174250,      0.676956,CP9_after_PTsource,   1,    0.0000000000E+00,    2.6209281449E+02,    2.6209281449E+02,    0.0000000000E+00,    0.0000000000E+00,    0.0000000000E+00,    2.6209281449E+02
    174250,      0.676956,CP10_after_neg_clamp,   1,    0.0000000000E+00,    2.6209281449E+02,    2.6209281449E+02,    0.0000000000E+00,    0.0000000000E+00,    0.0000000000E+00,    2.6209281449E+02
    174250,      0.676956,CP11_after_MPI,   1,    0.0000000000E+00,    2.6209281449E+02,    2.6209281449E+02,    0.0000000000E+00,    0.0000000000E+00,    0.0000000000E+00,    2.6209281449E+02
    174250,      0.676956,CP12_end,   1,    0.0000000000E+00,    2.6209281449E+02,    2.6209281449E+02,    0.0000000000E+00,    0.0000000000E+00,    0.0000000000E+00,    2.6209281449E+02
    174300,      0.676956,CP0_start,   1,    0.0000000000E+00,    2.6226754517E+02,    2.6226754517E+02,    0.0000000000E+00,    0.0000000000E+00,    0.0000000000E+00,    2.6226754517E+02
    174300,      0.676956,CP1_after_deposition,   1,    0.0000000000E+00,    2.6226754517E+02,    2.6226754517E+02,    0.0000000000E+00,    0.0000000000E+00,    0.0000000000E+00,    2.6226754517E+02
    174300,      0.676956,CP2_after_erosion,   1,    0.0000000000E+00,    2.6226754517E+02,    2.6226754517E+02,    0.0000000000E+00,    0.0000000000E+00,    0.0000000000E+00,    2.6226754517E+02
    174300,      0.676956,CP3_after_update_bottom,   1,    0.0000000000E+00,    2.6226754517E+02,    2.6226754517E+02,    0.0000000000E+00,    0.0000000000E+00,    0.0000000000E+00,    2.6226754517E+02
    174300,      0.676956,CP4_after_advection,   1,    0.0000000000E+00,    2.6227606014E+02,    2.6227606014E+02,    0.0000000000E+00,    0.0000000000E+00,    0.0000000000E+00,    2.6227606014E+02
    174300,      0.676956,CP5_after_vdif,   1,    0.0000000000E+00,    2.6227606014E+02,    2.6227606014E+02,    0.0000000000E+00,    0.0000000000E+00,    0.0000000000E+00,    2.6227606014E+02
    174300,      0.676956,CP6_after_kinetics,   1,    0.0000000000E+00,    2.6227606014E+02,    2.6227606014E+02,    0.0000000000E+00,    0.0000000000E+00,    0.0000000000E+00,    2.6227606014E+02
    174300,      0.676956,CP7_after_upper_clamp,   1,    0.0000000000E+00,    2.6227606014E+02,    2.6227606014E+02,    0.0000000000E+00,    0.0000000000E+00,    0.0000000000E+00,    2.6227606014E+02
    174300,      0.676956,CP8_after_OBC,   1,    0.0000000000E+00,    2.6227606014E+02,    2.6227606014E+02,    0.0000000000E+00,    0.0000000000E+00,    0.0000000000E+00,    2.6227606014E+02
    174300,      0.676956,CP9_after_PTsource,   1,    0.0000000000E+00,    2.6227606014E+02,    2.6227606014E+02,    0.0000000000E+00,    0.0000000000E+00,    0.0000000000E+00,    2.6227606014E+02
    174300,      0.676956,CP10_after_neg_clamp,   1,    0.0000000000E+00,    2.6227606014E+02,    2.6227606014E+02,    0.0000000000E+00,    0.0000000000E+00,    0.0000000000E+00,    2.6227606014E+02
    174300,      0.676956,CP11_after_MPI,   1,    0.0000000000E+00,    2.6227606014E+02,    2.6227606014E+02,    0.0000000000E+00,    0.0000000000E+00,    0.0000000000E+00,    2.6227606014E+02
    174300,      0.676956,CP12_end,   1,    0.0000000000E+00,    2.6227606014E+02,    2.6227606014E+02,    0.0000000000E+00,    0.0000000000E+00,    0.0000000000E+00,    2.6227606014E+02
    174350,      0.676956,CP0_start,   1,    0.0000000000E+00,    2.6245110864E+02,    2.6245110864E+02,    0.0000000000E+00,    0.0000000000E+00,    0.0000000000E+00,    2.6245110864E+02
    174350,      0.676956,CP1_after_deposition,   1,    0.0000000000E+00,    2.6245110864E+02,    2.6245110864E+02,    0.0000000000E+00,    0.0000000000E+00,    0.0000000000E+00,    2.6245110864E+02
    174350,      0.676956,CP2_after_erosion,   1,    0.0000000000E+00,    2.6245110864E+02,    2.6245110864E+02,    0.0000000000E+00,    0.0000000000E+00,    0.0000000000E+00,    2.6245110864E+02
    174350,      0.676956,CP3_after_update_bottom,   1,    0.0000000000E+00,    2.6245110864E+02,    2.6245110864E+02,    0.0000000000E+00,    0.0000000000E+00,    0.0000000000E+00,    2.6245110864E+02
    174350,      0.676956,CP4_after_advection,   1,    0.0000000000E+00,    2.6245960199E+02,    2.6245960199E+02,    0.0000000000E+00,    0.0000000000E+00,    0.0000000000E+00,    2.6245960199E+02
    174350,      0.676956,CP5_after_vdif,   1,    0.0000000000E+00,    2.6245960199E+02,    2.6245960199E+02,    0.0000000000E+00,    0.0000000000E+00,    0.0000000000E+00,    2.6245960199E+02
    174350,      0.676956,CP6_after_kinetics,   1,    0.0000000000E+00,    2.6245960199E+02,    2.6245960199E+02,    0.0000000000E+00,    0.0000000000E+00,    0.0000000000E+00,    2.6245960199E+02
    174350,      0.676956,CP7_after_upper_clamp,   1,    0.0000000000E+00,    2.6245960199E+02,    2.6245960199E+02,    0.0000000000E+00,    0.0000000000E+00,    0.0000000000E+00,    2.6245960199E+02
    174350,      0.676956,CP8_after_OBC,   1,    0.0000000000E+00,    2.6245960199E+02,    2.6245960199E+02,    0.0000000000E+00,    0.0000000000E+00,    0.0000000000E+00,    2.6245960199E+02
    174350,      0.676956,CP9_after_PTsource,   1,    0.0000000000E+00,    2.6245960199E+02,    2.6245960199E+02,    0.0000000000E+00,    0.0000000000E+00,    0.0000000000E+00,    2.6245960199E+02
    174350,      0.676956,CP10_after_neg_clamp,   1,    0.0000000000E+00,    2.6245960199E+02,    2.6245960199E+02,    0.0000000000E+00,    0.0000000000E+00,    0.0000000000E+00,    2.6245960199E+02
    174350,      0.676956,CP11_after_MPI,   1,    0.0000000000E+00,    2.6245960199E+02,    2.6245960199E+02,    0.0000000000E+00,    0.0000000000E+00,    0.0000000000E+00,    2.6245960199E+02
    174350,      0.676956,CP12_end,   1,    0.0000000000E+00,    2.6245960199E+02,    2.6245960199E+02,    0.0000000000E+00,    0.0000000000E+00,    0.0000000000E+00,    2.6245960199E+02
    174400,      0.676956,CP0_start,   1,    0.0000000000E+00,    2.6263489073E+02,    2.6263489073E+02,    0.0000000000E+00,    0.0000000000E+00,    0.0000000000E+00,    2.6263489073E+02
    174400,      0.676956,CP1_after_deposition,   1,    0.0000000000E+00,    2.6263489073E+02,    2.6263489073E+02,    0.0000000000E+00,    0.0000000000E+00,    0.0000000000E+00,    2.6263489073E+02
    174400,      0.676956,CP2_after_erosion,   1,    0.0000000000E+00,    2.6263489073E+02,    2.6263489073E+02,    0.0000000000E+00,    0.0000000000E+00,    0.0000000000E+00,    2.6263489073E+02
    174400,      0.676956,CP3_after_update_bottom,   1,    0.0000000000E+00,    2.6263489073E+02,    2.6263489073E+02,    0.0000000000E+00,    0.0000000000E+00,    0.0000000000E+00,    2.6263489073E+02
    174400,      0.676956,CP4_after_advection,   1,    0.0000000000E+00,    2.6264336094E+02,    2.6264336094E+02,    0.0000000000E+00,    0.0000000000E+00,    0.0000000000E+00,    2.6264336094E+02
    174400,      0.676956,CP5_after_vdif,   1,    0.0000000000E+00,    2.6264336094E+02,    2.6264336094E+02,    0.0000000000E+00,    0.0000000000E+00,    0.0000000000E+00,    2.6264336094E+02
    174400,      0.676956,CP6_after_kinetics,   1,    0.0000000000E+00,    2.6264336094E+02,    2.6264336094E+02,    0.0000000000E+00,    0.0000000000E+00,    0.0000000000E+00,    2.6264336094E+02
    174400,      0.676956,CP7_after_upper_clamp,   1,    0.0000000000E+00,    2.6264336094E+02,    2.6264336094E+02,    0.0000000000E+00,    0.0000000000E+00,    0.0000000000E+00,    2.6264336094E+02
    174400,      0.676956,CP8_after_OBC,   1,    0.0000000000E+00,    2.6264336094E+02,    2.6264336094E+02,    0.0000000000E+00,    0.0000000000E+00,    0.0000000000E+00,    2.6264336094E+02
    174400,      0.676956,CP9_after_PTsource,   1,    0.0000000000E+00,    2.6264336094E+02,    2.6264336094E+02,    0.0000000000E+00,    0.0000000000E+00,    0.0000000000E+00,    2.6264336094E+02
    174400,      0.676956,CP10_after_neg_clamp,   1,    0.0000000000E+00,    2.6264336094E+02,    2.6264336094E+02,    0.0000000000E+00,    0.0000000000E+00,    0.0000000000E+00,    2.6264336094E+02
    174400,      0.676956,CP11_after_MPI,   1,    0.0000000000E+00,    2.6264336094E+02,    2.6264336094E+02,    0.0000000000E+00,    0.0000000000E+00,    0.0000000000E+00,    2.6264336094E+02
    174400,      0.676956,CP12_end,   1,    0.0000000000E+00,    2.6264336094E+02,    2.6264336094E+02,    0.0000000000E+00,    0.0000000000E+00,    0.0000000000E+00,    2.6264336094E+02
    174450,      0.676956,CP0_start,   1,    0.0000000000E+00,    2.6281874338E+02,    2.6281874338E+02,    0.0000000000E+00,    0.0000000000E+00,    0.0000000000E+00,    2.6281874338E+02
    174450,      0.676956,CP1_after_deposition,   1,    0.0000000000E+00,    2.6281874338E+02,    2.6281874338E+02,    0.0000000000E+00,    0.0000000000E+00,    0.0000000000E+00,    2.6281874338E+02
    174450,      0.676956,CP2_after_erosion,   1,    0.0000000000E+00,    2.6281874338E+02,    2.6281874338E+02,    0.0000000000E+00,    0.0000000000E+00,    0.0000000000E+00,    2.6281874338E+02
    174450,      0.676956,CP3_after_update_bottom,   1,    0.0000000000E+00,    2.6281874338E+02,    2.6281874338E+02,    0.0000000000E+00,    0.0000000000E+00,    0.0000000000E+00,    2.6281874338E+02
    174450,      0.676956,CP4_after_advection,   1,    0.0000000000E+00,    2.6282717829E+02,    2.6282717829E+02,    0.0000000000E+00,    0.0000000000E+00,    0.0000000000E+00,    2.6282717829E+02
    174450,      0.676956,CP5_after_vdif,   1,    0.0000000000E+00,    2.6282717829E+02,    2.6282717829E+02,    0.0000000000E+00,    0.0000000000E+00,    0.0000000000E+00,    2.6282717829E+02
    174450,      0.676956,CP6_after_kinetics,   1,    0.0000000000E+00,    2.6282717829E+02,    2.6282717829E+02,    0.0000000000E+00,    0.0000000000E+00,    0.0000000000E+00,    2.6282717829E+02
    174450,      0.676956,CP7_after_upper_clamp,   1,    0.0000000000E+00,    2.6282717829E+02,    2.6282717829E+02,    0.0000000000E+00,    0.0000000000E+00,    0.0000000000E+00,    2.6282717829E+02
    174450,      0.676956,CP8_after_OBC,   1,    0.0000000000E+00,    2.6282717829E+02,    2.6282717829E+02,    0.0000000000E+00,    0.0000000000E+00,    0.0000000000E+00,    2.6282717829E+02
    174450,      0.676956,CP9_after_PTsource,   1,    0.0000000000E+00,    2.6282717829E+02,    2.6282717829E+02,    0.0000000000E+00,    0.0000000000E+00,    0.0000000000E+00,    2.6282717829E+02
    174450,      0.676956,CP10_after_neg_clamp,   1,    0.0000000000E+00,    2.6282717829E+02,    2.6282717829E+02,    0.0000000000E+00,    0.0000000000E+00,    0.0000000000E+00,    2.6282717829E+02
    174450,      0.676956,CP11_after_MPI,   1,    0.0000000000E+00,    2.6282717829E+02,    2.6282717829E+02,    0.0000000000E+00,    0.0000000000E+00,    0.0000000000E+00,    2.6282717829E+02
    174450,      0.676956,CP12_end,   1,    0.0000000000E+00,    2.6282717829E+02,    2.6282717829E+02,    0.0000000000E+00,    0.0000000000E+00,    0.0000000000E+00,    2.6282717829E+02
    174500,      0.676956,CP0_start,   1,    0.0000000000E+00,    2.6300264624E+02,    2.6300264624E+02,    0.0000000000E+00,    0.0000000000E+00,    0.0000000000E+00,    2.6300264624E+02
    174500,      0.676956,CP1_after_deposition,   1,    0.0000000000E+00,    2.6300264624E+02,    2.6300264624E+02,    0.0000000000E+00,    0.0000000000E+00,    0.0000000000E+00,    2.6300264624E+02
    174500,      0.676956,CP2_after_erosion,   1,    0.0000000000E+00,    2.6300264624E+02,    2.6300264624E+02,    0.0000000000E+00,    0.0000000000E+00,    0.0000000000E+00,    2.6300264624E+02
    174500,      0.676956,CP3_after_update_bottom,   1,    0.0000000000E+00,    2.6300264624E+02,    2.6300264624E+02,    0.0000000000E+00,    0.0000000000E+00,    0.0000000000E+00,    2.6300264624E+02
    174500,      0.676956,CP4_after_advection,   1,    0.0000000000E+00,    2.6301105543E+02,    2.6301105543E+02,    0.0000000000E+00,    0.0000000000E+00,    0.0000000000E+00,    2.6301105543E+02
    174500,      0.676956,CP5_after_vdif,   1,    0.0000000000E+00,    2.6301105543E+02,    2.6301105543E+02,    0.0000000000E+00,    0.0000000000E+00,    0.0000000000E+00,    2.6301105543E+02
    174500,      0.676956,CP6_after_kinetics,   1,    0.0000000000E+00,    2.6301105543E+02,    2.6301105543E+02,    0.0000000000E+00,    0.0000000000E+00,    0.0000000000E+00,    2.6301105543E+02
    174500,      0.676956,CP7_after_upper_clamp,   1,    0.0000000000E+00,    2.6301105543E+02,    2.6301105543E+02,    0.0000000000E+00,    0.0000000000E+00,    0.0000000000E+00,    2.6301105543E+02
    174500,      0.676956,CP8_after_OBC,   1,    0.0000000000E+00,    2.6301105543E+02,    2.6301105543E+02,    0.0000000000E+00,    0.0000000000E+00,    0.0000000000E+00,    2.6301105543E+02
    174500,      0.676956,CP9_after_PTsource,   1,    0.0000000000E+00,    2.6301105543E+02,    2.6301105543E+02,    0.0000000000E+00,    0.0000000000E+00,    0.0000000000E+00,    2.6301105543E+02
    174500,      0.676956,CP10_after_neg_clamp,   1,    0.0000000000E+00,    2.6301105543E+02,    2.6301105543E+02,    0.0000000000E+00,    0.0000000000E+00,    0.0000000000E+00,    2.6301105543E+02
    174500,      0.676956,CP11_after_MPI,   1,    0.0000000000E+00,    2.6301105543E+02,    2.6301105543E+02,    0.0000000000E+00,    0.0000000000E+00,    0.0000000000E+00,    2.6301105543E+02
    174500,      0.676956,CP12_end,   1,    0.0000000000E+00,    2.6301105543E+02,    2.6301105543E+02,    0.0000000000E+00,    0.0000000000E+00,    0.0000000000E+00,    2.6301105543E+02
    174550,      0.676956,CP0_start,   1,    0.0000000000E+00,    2.6318661001E+02,    2.6318661001E+02,    0.0000000000E+00,    0.0000000000E+00,    0.0000000000E+00,    2.6318661001E+02
    174550,      0.676956,CP1_after_deposition,   1,    0.0000000000E+00,    2.6318661001E+02,    2.6318661001E+02,    0.0000000000E+00,    0.0000000000E+00,    0.0000000000E+00,    2.6318661001E+02
    174550,      0.676956,CP2_after_erosion,   1,    0.0000000000E+00,    2.6318661001E+02,    2.6318661001E+02,    0.0000000000E+00,    0.0000000000E+00,    0.0000000000E+00,    2.6318661001E+02
    174550,      0.676956,CP3_after_update_bottom,   1,    0.0000000000E+00,    2.6318661001E+02,    2.6318661001E+02,    0.0000000000E+00,    0.0000000000E+00,    0.0000000000E+00,    2.6318661001E+02
    174550,      0.676956,CP4_after_advection,   1,    0.0000000000E+00,    2.6319498954E+02,    2.6319498954E+02,    0.0000000000E+00,    0.0000000000E+00,    0.0000000000E+00,    2.6319498954E+02
    174550,      0.676956,CP5_after_vdif,   1,    0.0000000000E+00,    2.6319498954E+02,    2.6319498954E+02,    0.0000000000E+00,    0.0000000000E+00,    0.0000000000E+00,    2.6319498954E+02
    174550,      0.676956,CP6_after_kinetics,   1,    0.0000000000E+00,    2.6319498954E+02,    2.6319498954E+02,    0.0000000000E+00,    0.0000000000E+00,    0.0000000000E+00,    2.6319498954E+02
    174550,      0.676956,CP7_after_upper_clamp,   1,    0.0000000000E+00,    2.6319498954E+02,    2.6319498954E+02,    0.0000000000E+00,    0.0000000000E+00,    0.0000000000E+00,    2.6319498954E+02
    174550,      0.676956,CP8_after_OBC,   1,    0.0000000000E+00,    2.6319498954E+02,    2.6319498954E+02,    0.0000000000E+00,    0.0000000000E+00,    0.0000000000E+00,    2.6319498954E+02
    174550,      0.676956,CP9_after_PTsource,   1,    0.0000000000E+00,    2.6319498954E+02,    2.6319498954E+02,    0.0000000000E+00,    0.0000000000E+00,    0.0000000000E+00,    2.6319498954E+02
    174550,      0.676956,CP10_after_neg_clamp,   1,    0.0000000000E+00,    2.6319498954E+02,    2.6319498954E+02,    0.0000000000E+00,    0.0000000000E+00,    0.0000000000E+00,    2.6319498954E+02
    174550,      0.676956,CP11_after_MPI,   1,    0.0000000000E+00,    2.6319498954E+02,    2.6319498954E+02,    0.0000000000E+00,    0.0000000000E+00,    0.0000000000E+00,    2.6319498954E+02
    174550,      0.676956,CP12_end,   1,    0.0000000000E+00,    2.6319498954E+02,    2.6319498954E+02,    0.0000000000E+00,    0.0000000000E+00,    0.0000000000E+00,    2.6319498954E+02
    174600,      0.676957,CP0_start,   1,    0.0000000000E+00,    2.6337061314E+02,    2.6337061314E+02,    0.0000000000E+00,    0.0000000000E+00,    0.0000000000E+00,    2.6337061314E+02
    174600,      0.676957,CP1_after_deposition,   1,    0.0000000000E+00,    2.6337061314E+02,    2.6337061314E+02,    0.0000000000E+00,    0.0000000000E+00,    0.0000000000E+00,    2.6337061314E+02
    174600,      0.676957,CP2_after_erosion,   1,    0.0000000000E+00,    2.6337061314E+02,    2.6337061314E+02,    0.0000000000E+00,    0.0000000000E+00,    0.0000000000E+00,    2.6337061314E+02
    174600,      0.676957,CP3_after_update_bottom,   1,    0.0000000000E+00,    2.6337061314E+02,    2.6337061314E+02,    0.0000000000E+00,    0.0000000000E+00,    0.0000000000E+00,    2.6337061314E+02
    174600,      0.676957,CP4_after_advection,   1,    0.0000000000E+00,    2.6337896468E+02,    2.6337896468E+02,    0.0000000000E+00,    0.0000000000E+00,    0.0000000000E+00,    2.6337896468E+02
    174600,      0.676957,CP5_after_vdif,   1,    0.0000000000E+00,    2.6337896468E+02,    2.6337896468E+02,    0.0000000000E+00,    0.0000000000E+00,    0.0000000000E+00,    2.6337896468E+02
    174600,      0.676957,CP6_after_kinetics,   1,    0.0000000000E+00,    2.6337896468E+02,    2.6337896468E+02,    0.0000000000E+00,    0.0000000000E+00,    0.0000000000E+00,    2.6337896468E+02
    174600,      0.676957,CP7_after_upper_clamp,   1,    0.0000000000E+00,    2.6337896468E+02,    2.6337896468E+02,    0.0000000000E+00,    0.0000000000E+00,    0.0000000000E+00,    2.6337896468E+02
    174600,      0.676957,CP8_after_OBC,   1,    0.0000000000E+00,    2.6337896468E+02,    2.6337896468E+02,    0.0000000000E+00,    0.0000000000E+00,    0.0000000000E+00,    2.6337896468E+02
    174600,      0.676957,CP9_after_PTsource,   1,    0.0000000000E+00,    2.6337896468E+02,    2.6337896468E+02,    0.0000000000E+00,    0.0000000000E+00,    0.0000000000E+00,    2.6337896468E+02
    174600,      0.676957,CP10_after_neg_clamp,   1,    0.0000000000E+00,    2.6337896468E+02,    2.6337896468E+02,    0.0000000000E+00,    0.0000000000E+00,    0.0000000000E+00,    2.6337896468E+02
    174600,      0.676957,CP11_after_MPI,   1,    0.0000000000E+00,    2.6337896468E+02,    2.6337896468E+02,    0.0000000000E+00,    0.0000000000E+00,    0.0000000000E+00,    2.6337896468E+02
    174600,      0.676957,CP12_end,   1,    0.0000000000E+00,    2.6337896468E+02,    2.6337896468E+02,    0.0000000000E+00,    0.0000000000E+00,    0.0000000000E+00,    2.6337896468E+02
    174650,      0.676957,CP0_start,   1,    0.0000000000E+00,    2.6355476161E+02,    2.6355476161E+02,    0.0000000000E+00,    0.0000000000E+00,    0.0000000000E+00,    2.6355476161E+02
    174650,      0.676957,CP1_after_deposition,   1,    0.0000000000E+00,    2.6355476161E+02,    2.6355476161E+02,    0.0000000000E+00,    0.0000000000E+00,    0.0000000000E+00,    2.6355476161E+02
    174650,      0.676957,CP2_after_erosion,   1,    0.0000000000E+00,    2.6355476161E+02,    2.6355476161E+02,    0.0000000000E+00,    0.0000000000E+00,    0.0000000000E+00,    2.6355476161E+02
    174650,      0.676957,CP3_after_update_bottom,   1,    0.0000000000E+00,    2.6355476161E+02,    2.6355476161E+02,    0.0000000000E+00,    0.0000000000E+00,    0.0000000000E+00,    2.6355476161E+02
    174650,      0.676957,CP4_after_advection,   1,    0.0000000000E+00,    2.6356308340E+02,    2.6356308340E+02,    0.0000000000E+00,    0.0000000000E+00,    0.0000000000E+00,    2.6356308340E+02
    174650,      0.676957,CP5_after_vdif,   1,    0.0000000000E+00,    2.6356308340E+02,    2.6356308340E+02,    0.0000000000E+00,    0.0000000000E+00,    0.0000000000E+00,    2.6356308340E+02
    174650,      0.676957,CP6_after_kinetics,   1,    0.0000000000E+00,    2.6356308340E+02,    2.6356308340E+02,    0.0000000000E+00,    0.0000000000E+00,    0.0000000000E+00,    2.6356308340E+02
    174650,      0.676957,CP7_after_upper_clamp,   1,    0.0000000000E+00,    2.6356308340E+02,    2.6356308340E+02,    0.0000000000E+00,    0.0000000000E+00,    0.0000000000E+00,    2.6356308340E+02
    174650,      0.676957,CP8_after_OBC,   1,    0.0000000000E+00,    2.6356308340E+02,    2.6356308340E+02,    0.0000000000E+00,    0.0000000000E+00,    0.0000000000E+00,    2.6356308340E+02
    174650,      0.676957,CP9_after_PTsource,   1,    0.0000000000E+00,    2.6356308340E+02,    2.6356308340E+02,    0.0000000000E+00,    0.0000000000E+00,    0.0000000000E+00,    2.6356308340E+02
    174650,      0.676957,CP10_after_neg_clamp,   1,    0.0000000000E+00,    2.6356308340E+02,    2.6356308340E+02,    0.0000000000E+00,    0.0000000000E+00,    0.0000000000E+00,    2.6356308340E+02
    174650,      0.676957,CP11_after_MPI,   1,    0.0000000000E+00,    2.6356308340E+02,    2.6356308340E+02,    0.0000000000E+00,    0.0000000000E+00,    0.0000000000E+00,    2.6356308340E+02
    174650,      0.676957,CP12_end,   1,    0.0000000000E+00,    2.6356308340E+02,    2.6356308340E+02,    0.0000000000E+00,    0.0000000000E+00,    0.0000000000E+00,    2.6356308340E+02
    174700,      0.676957,CP0_start,   1,    0.0000000000E+00,    2.6373915163E+02,    2.6373915163E+02,    0.0000000000E+00,    0.0000000000E+00,    0.0000000000E+00,    2.6373915163E+02
    174700,      0.676957,CP1_after_deposition,   1,    0.0000000000E+00,    2.6373915163E+02,    2.6373915163E+02,    0.0000000000E+00,    0.0000000000E+00,    0.0000000000E+00,    2.6373915163E+02
    174700,      0.676957,CP2_after_erosion,   1,    0.0000000000E+00,    2.6373915163E+02,    2.6373915163E+02,    0.0000000000E+00,    0.0000000000E+00,    0.0000000000E+00,    2.6373915163E+02
    174700,      0.676957,CP3_after_update_bottom,   1,    0.0000000000E+00,    2.6373915163E+02,    2.6373915163E+02,    0.0000000000E+00,    0.0000000000E+00,    0.0000000000E+00,    2.6373915163E+02
    174700,      0.676957,CP4_after_advection,   1,    0.0000000000E+00,    2.6374743912E+02,    2.6374743912E+02,    0.0000000000E+00,    0.0000000000E+00,    0.0000000000E+00,    2.6374743912E+02
    174700,      0.676957,CP5_after_vdif,   1,    0.0000000000E+00,    2.6374743912E+02,    2.6374743912E+02,    0.0000000000E+00,    0.0000000000E+00,    0.0000000000E+00,    2.6374743912E+02
    174700,      0.676957,CP6_after_kinetics,   1,    0.0000000000E+00,    2.6374743912E+02,    2.6374743912E+02,    0.0000000000E+00,    0.0000000000E+00,    0.0000000000E+00,    2.6374743912E+02
    174700,      0.676957,CP7_after_upper_clamp,   1,    0.0000000000E+00,    2.6374743912E+02,    2.6374743912E+02,    0.0000000000E+00,    0.0000000000E+00,    0.0000000000E+00,    2.6374743912E+02
    174700,      0.676957,CP8_after_OBC,   1,    0.0000000000E+00,    2.6374743912E+02,    2.6374743912E+02,    0.0000000000E+00,    0.0000000000E+00,    0.0000000000E+00,    2.6374743912E+02
    174700,      0.676957,CP9_after_PTsource,   1,    0.0000000000E+00,    2.6374743912E+02,    2.6374743912E+02,    0.0000000000E+00,    0.0000000000E+00,    0.0000000000E+00,    2.6374743912E+02
    174700,      0.676957,CP10_after_neg_clamp,   1,    0.0000000000E+00,    2.6374743912E+02,    2.6374743912E+02,    0.0000000000E+00,    0.0000000000E+00,    0.0000000000E+00,    2.6374743912E+02
    174700,      0.676957,CP11_after_MPI,   1,    0.0000000000E+00,    2.6374743912E+02,    2.6374743912E+02,    0.0000000000E+00,    0.0000000000E+00,    0.0000000000E+00,    2.6374743912E+02
    174700,      0.676957,CP12_end,   1,    0.0000000000E+00,    2.6374743912E+02,    2.6374743912E+02,    0.0000000000E+00,    0.0000000000E+00,    0.0000000000E+00,    2.6374743912E+02
    174750,      0.676957,CP0_start,   1,    0.0000000000E+00,    2.6392367842E+02,    2.6392367842E+02,    0.0000000000E+00,    0.0000000000E+00,    0.0000000000E+00,    2.6392367842E+02
    174750,      0.676957,CP1_after_deposition,   1,    0.0000000000E+00,    2.6392367842E+02,    2.6392367842E+02,    0.0000000000E+00,    0.0000000000E+00,    0.0000000000E+00,    2.6392367842E+02
    174750,      0.676957,CP2_after_erosion,   1,    0.0000000000E+00,    2.6392367842E+02,    2.6392367842E+02,    0.0000000000E+00,    0.0000000000E+00,    0.0000000000E+00,    2.6392367842E+02
    174750,      0.676957,CP3_after_update_bottom,   1,    0.0000000000E+00,    2.6392367842E+02,    2.6392367842E+02,    0.0000000000E+00,    0.0000000000E+00,    0.0000000000E+00,    2.6392367842E+02
    174750,      0.676957,CP4_after_advection,   1,    0.0000000000E+00,    2.6393192772E+02,    2.6393192772E+02,    0.0000000000E+00,    0.0000000000E+00,    0.0000000000E+00,    2.6393192772E+02
    174750,      0.676957,CP5_after_vdif,   1,    0.0000000000E+00,    2.6393192772E+02,    2.6393192772E+02,    0.0000000000E+00,    0.0000000000E+00,    0.0000000000E+00,    2.6393192772E+02
    174750,      0.676957,CP6_after_kinetics,   1,    0.0000000000E+00,    2.6393192772E+02,    2.6393192772E+02,    0.0000000000E+00,    0.0000000000E+00,    0.0000000000E+00,    2.6393192772E+02
    174750,      0.676957,CP7_after_upper_clamp,   1,    0.0000000000E+00,    2.6393192772E+02,    2.6393192772E+02,    0.0000000000E+00,    0.0000000000E+00,    0.0000000000E+00,    2.6393192772E+02
    174750,      0.676957,CP8_after_OBC,   1,    0.0000000000E+00,    2.6393192772E+02,    2.6393192772E+02,    0.0000000000E+00,    0.0000000000E+00,    0.0000000000E+00,    2.6393192772E+02
    174750,      0.676957,CP9_after_PTsource,   1,    0.0000000000E+00,    2.6393192772E+02,    2.6393192772E+02,    0.0000000000E+00,    0.0000000000E+00,    0.0000000000E+00,    2.6393192772E+02
    174750,      0.676957,CP10_after_neg_clamp,   1,    0.0000000000E+00,    2.6393192772E+02,    2.6393192772E+02,    0.0000000000E+00,    0.0000000000E+00,    0.0000000000E+00,    2.6393192772E+02
    174750,      0.676957,CP11_after_MPI,   1,    0.0000000000E+00,    2.6393192772E+02,    2.6393192772E+02,    0.0000000000E+00,    0.0000000000E+00,    0.0000000000E+00,    2.6393192772E+02
    174750,      0.676957,CP12_end,   1,    0.0000000000E+00,    2.6393192772E+02,    2.6393192772E+02,    0.0000000000E+00,    0.0000000000E+00,    0.0000000000E+00,    2.6393192772E+02
    174800,      0.676957,CP0_start,   1,    0.0000000000E+00,    2.6410833805E+02,    2.6410833805E+02,    0.0000000000E+00,    0.0000000000E+00,    0.0000000000E+00,    2.6410833805E+02
    174800,      0.676957,CP1_after_deposition,   1,    0.0000000000E+00,    2.6410833805E+02,    2.6410833805E+02,    0.0000000000E+00,    0.0000000000E+00,    0.0000000000E+00,    2.6410833805E+02
    174800,      0.676957,CP2_after_erosion,   1,    0.0000000000E+00,    2.6410833805E+02,    2.6410833805E+02,    0.0000000000E+00,    0.0000000000E+00,    0.0000000000E+00,    2.6410833805E+02
    174800,      0.676957,CP3_after_update_bottom,   1,    0.0000000000E+00,    2.6410833805E+02,    2.6410833805E+02,    0.0000000000E+00,    0.0000000000E+00,    0.0000000000E+00,    2.6410833805E+02
    174800,      0.676957,CP4_after_advection,   1,    0.0000000000E+00,    2.6411654844E+02,    2.6411654844E+02,    0.0000000000E+00,    0.0000000000E+00,    0.0000000000E+00,    2.6411654844E+02
    174800,      0.676957,CP5_after_vdif,   1,    0.0000000000E+00,    2.6411654844E+02,    2.6411654844E+02,    0.0000000000E+00,    0.0000000000E+00,    0.0000000000E+00,    2.6411654844E+02
    174800,      0.676957,CP6_after_kinetics,   1,    0.0000000000E+00,    2.6411654844E+02,    2.6411654844E+02,    0.0000000000E+00,    0.0000000000E+00,    0.0000000000E+00,    2.6411654844E+02
    174800,      0.676957,CP7_after_upper_clamp,   1,    0.0000000000E+00,    2.6411654844E+02,    2.6411654844E+02,    0.0000000000E+00,    0.0000000000E+00,    0.0000000000E+00,    2.6411654844E+02
    174800,      0.676957,CP8_after_OBC,   1,    0.0000000000E+00,    2.6411654844E+02,    2.6411654844E+02,    0.0000000000E+00,    0.0000000000E+00,    0.0000000000E+00,    2.6411654844E+02
    174800,      0.676957,CP9_after_PTsource,   1,    0.0000000000E+00,    2.6411654844E+02,    2.6411654844E+02,    0.0000000000E+00,    0.0000000000E+00,    0.0000000000E+00,    2.6411654844E+02
    174800,      0.676957,CP10_after_neg_clamp,   1,    0.0000000000E+00,    2.6411654844E+02,    2.6411654844E+02,    0.0000000000E+00,    0.0000000000E+00,    0.0000000000E+00,    2.6411654844E+02
    174800,      0.676957,CP11_after_MPI,   1,    0.0000000000E+00,    2.6411654844E+02,    2.6411654844E+02,    0.0000000000E+00,    0.0000000000E+00,    0.0000000000E+00,    2.6411654844E+02
    174800,      0.676957,CP12_end,   1,    0.0000000000E+00,    2.6411654844E+02,    2.6411654844E+02,    0.0000000000E+00,    0.0000000000E+00,    0.0000000000E+00,    2.6411654844E+02
    174850,      0.676957,CP0_start,   1,    0.0000000000E+00,    2.6429300142E+02,    2.6429300142E+02,    0.0000000000E+00,    0.0000000000E+00,    0.0000000000E+00,    2.6429300142E+02
    174850,      0.676957,CP1_after_deposition,   1,    0.0000000000E+00,    2.6429300142E+02,    2.6429300142E+02,    0.0000000000E+00,    0.0000000000E+00,    0.0000000000E+00,    2.6429300142E+02
    174850,      0.676957,CP2_after_erosion,   1,    0.0000000000E+00,    2.6429300142E+02,    2.6429300142E+02,    0.0000000000E+00,    0.0000000000E+00,    0.0000000000E+00,    2.6429300142E+02
    174850,      0.676957,CP3_after_update_bottom,   1,    0.0000000000E+00,    2.6429300142E+02,    2.6429300142E+02,    0.0000000000E+00,    0.0000000000E+00,    0.0000000000E+00,    2.6429300142E+02
    174850,      0.676957,CP4_after_advection,   1,    0.0000000000E+00,    2.6430116181E+02,    2.6430116181E+02,    0.0000000000E+00,    0.0000000000E+00,    0.0000000000E+00,    2.6430116181E+02
    174850,      0.676957,CP5_after_vdif,   1,    0.0000000000E+00,    2.6430116181E+02,    2.6430116181E+02,    0.0000000000E+00,    0.0000000000E+00,    0.0000000000E+00,    2.6430116181E+02
    174850,      0.676957,CP6_after_kinetics,   1,    0.0000000000E+00,    2.6430116181E+02,    2.6430116181E+02,    0.0000000000E+00,    0.0000000000E+00,    0.0000000000E+00,    2.6430116181E+02
    174850,      0.676957,CP7_after_upper_clamp,   1,    0.0000000000E+00,    2.6430116181E+02,    2.6430116181E+02,    0.0000000000E+00,    0.0000000000E+00,    0.0000000000E+00,    2.6430116181E+02
    174850,      0.676957,CP8_after_OBC,   1,    0.0000000000E+00,    2.6430116181E+02,    2.6430116181E+02,    0.0000000000E+00,    0.0000000000E+00,    0.0000000000E+00,    2.6430116181E+02
    174850,      0.676957,CP9_after_PTsource,   1,    0.0000000000E+00,    2.6430116181E+02,    2.6430116181E+02,    0.0000000000E+00,    0.0000000000E+00,    0.0000000000E+00,    2.6430116181E+02
    174850,      0.676957,CP10_after_neg_clamp,   1,    0.0000000000E+00,    2.6430116181E+02,    2.6430116181E+02,    0.0000000000E+00,    0.0000000000E+00,    0.0000000000E+00,    2.6430116181E+02
    174850,      0.676957,CP11_after_MPI,   1,    0.0000000000E+00,    2.6430116181E+02,    2.6430116181E+02,    0.0000000000E+00,    0.0000000000E+00,    0.0000000000E+00,    2.6430116181E+02
    174850,      0.676957,CP12_end,   1,    0.0000000000E+00,    2.6430116181E+02,    2.6430116181E+02,    0.0000000000E+00,    0.0000000000E+00,    0.0000000000E+00,    2.6430116181E+02
    174900,      0.676957,CP0_start,   1,    0.0000000000E+00,    2.6447758584E+02,    2.6447758584E+02,    0.0000000000E+00,    0.0000000000E+00,    0.0000000000E+00,    2.6447758584E+02
    174900,      0.676957,CP1_after_deposition,   1,    0.0000000000E+00,    2.6447758584E+02,    2.6447758584E+02,    0.0000000000E+00,    0.0000000000E+00,    0.0000000000E+00,    2.6447758584E+02
    174900,      0.676957,CP2_after_erosion,   1,    0.0000000000E+00,    2.6447758584E+02,    2.6447758584E+02,    0.0000000000E+00,    0.0000000000E+00,    0.0000000000E+00,    2.6447758584E+02
    174900,      0.676957,CP3_after_update_bottom,   1,    0.0000000000E+00,    2.6447758584E+02,    2.6447758584E+02,    0.0000000000E+00,    0.0000000000E+00,    0.0000000000E+00,    2.6447758584E+02
    174900,      0.676957,CP4_after_advection,   1,    0.0000000000E+00,    2.6448569735E+02,    2.6448569735E+02,    0.0000000000E+00,    0.0000000000E+00,    0.0000000000E+00,    2.6448569735E+02
    174900,      0.676957,CP5_after_vdif,   1,    0.0000000000E+00,    2.6448569735E+02,    2.6448569735E+02,    0.0000000000E+00,    0.0000000000E+00,    0.0000000000E+00,    2.6448569735E+02
    174900,      0.676957,CP6_after_kinetics,   1,    0.0000000000E+00,    2.6448569735E+02,    2.6448569735E+02,    0.0000000000E+00,    0.0000000000E+00,    0.0000000000E+00,    2.6448569735E+02
    174900,      0.676957,CP7_after_upper_clamp,   1,    0.0000000000E+00,    2.6448569735E+02,    2.6448569735E+02,    0.0000000000E+00,    0.0000000000E+00,    0.0000000000E+00,    2.6448569735E+02
    174900,      0.676957,CP8_after_OBC,   1,    0.0000000000E+00,    2.6448569735E+02,    2.6448569735E+02,    0.0000000000E+00,    0.0000000000E+00,    0.0000000000E+00,    2.6448569735E+02
    174900,      0.676957,CP9_after_PTsource,   1,    0.0000000000E+00,    2.6448569735E+02,    2.6448569735E+02,    0.0000000000E+00,    0.0000000000E+00,    0.0000000000E+00,    2.6448569735E+02
    174900,      0.676957,CP10_after_neg_clamp,   1,    0.0000000000E+00,    2.6448569735E+02,    2.6448569735E+02,    0.0000000000E+00,    0.0000000000E+00,    0.0000000000E+00,    2.6448569735E+02
    174900,      0.676957,CP11_after_MPI,   1,    0.0000000000E+00,    2.6448569735E+02,    2.6448569735E+02,    0.0000000000E+00,    0.0000000000E+00,    0.0000000000E+00,    2.6448569735E+02
    174900,      0.676957,CP12_end,   1,    0.0000000000E+00,    2.6448569735E+02,    2.6448569735E+02,    0.0000000000E+00,    0.0000000000E+00,    0.0000000000E+00,    2.6448569735E+02
    174950,      0.676957,CP0_start,   1,    0.0000000000E+00,    2.6466209792E+02,    2.6466209792E+02,    0.0000000000E+00,    0.0000000000E+00,    0.0000000000E+00,    2.6466209792E+02
    174950,      0.676957,CP1_after_deposition,   1,    0.0000000000E+00,    2.6466209792E+02,    2.6466209792E+02,    0.0000000000E+00,    0.0000000000E+00,    0.0000000000E+00,    2.6466209792E+02
    174950,      0.676957,CP2_after_erosion,   1,    0.0000000000E+00,    2.6466209792E+02,    2.6466209792E+02,    0.0000000000E+00,    0.0000000000E+00,    0.0000000000E+00,    2.6466209792E+02
    174950,      0.676957,CP3_after_update_bottom,   1,    0.0000000000E+00,    2.6466209792E+02,    2.6466209792E+02,    0.0000000000E+00,    0.0000000000E+00,    0.0000000000E+00,    2.6466209792E+02
    174950,      0.676957,CP4_after_advection,   1,    0.0000000000E+00,    2.6467016446E+02,    2.6467016446E+02,    0.0000000000E+00,    0.0000000000E+00,    0.0000000000E+00,    2.6467016446E+02
    174950,      0.676957,CP5_after_vdif,   1,    0.0000000000E+00,    2.6467016446E+02,    2.6467016446E+02,    0.0000000000E+00,    0.0000000000E+00,    0.0000000000E+00,    2.6467016446E+02
    174950,      0.676957,CP6_after_kinetics,   1,    0.0000000000E+00,    2.6467016446E+02,    2.6467016446E+02,    0.0000000000E+00,    0.0000000000E+00,    0.0000000000E+00,    2.6467016446E+02
    174950,      0.676957,CP7_after_upper_clamp,   1,    0.0000000000E+00,    2.6467016446E+02,    2.6467016446E+02,    0.0000000000E+00,    0.0000000000E+00,    0.0000000000E+00,    2.6467016446E+02
    174950,      0.676957,CP8_after_OBC,   1,    0.0000000000E+00,    2.6467016446E+02,    2.6467016446E+02,    0.0000000000E+00,    0.0000000000E+00,    0.0000000000E+00,    2.6467016446E+02
    174950,      0.676957,CP9_after_PTsource,   1,    0.0000000000E+00,    2.6467016446E+02,    2.6467016446E+02,    0.0000000000E+00,    0.0000000000E+00,    0.0000000000E+00,    2.6467016446E+02
    174950,      0.676957,CP10_after_neg_clamp,   1,    0.0000000000E+00,    2.6467016446E+02,    2.6467016446E+02,    0.0000000000E+00,    0.0000000000E+00,    0.0000000000E+00,    2.6467016446E+02
    174950,      0.676957,CP11_after_MPI,   1,    0.0000000000E+00,    2.6467016446E+02,    2.6467016446E+02,    0.0000000000E+00,    0.0000000000E+00,    0.0000000000E+00,    2.6467016446E+02
    174950,      0.676957,CP12_end,   1,    0.0000000000E+00,    2.6467016446E+02,    2.6467016446E+02,    0.0000000000E+00,    0.0000000000E+00,    0.0000000000E+00,    2.6467016446E+02
    175000,      0.676957,CP0_start,   1,    0.0000000000E+00,    2.6484653191E+02,    2.6484653191E+02,    0.0000000000E+00,    0.0000000000E+00,    0.0000000000E+00,    2.6484653191E+02
    175000,      0.676957,CP1_after_deposition,   1,    0.0000000000E+00,    2.6484653191E+02,    2.6484653191E+02,    0.0000000000E+00,    0.0000000000E+00,    0.0000000000E+00,    2.6484653191E+02
    175000,      0.676957,CP2_after_erosion,   1,    0.0000000000E+00,    2.6484653191E+02,    2.6484653191E+02,    0.0000000000E+00,    0.0000000000E+00,    0.0000000000E+00,    2.6484653191E+02
    175000,      0.676957,CP3_after_update_bottom,   1,    0.0000000000E+00,    2.6484653191E+02,    2.6484653191E+02,    0.0000000000E+00,    0.0000000000E+00,    0.0000000000E+00,    2.6484653191E+02
    175000,      0.676957,CP4_after_advection,   1,    0.0000000000E+00,    2.6485454650E+02,    2.6485454650E+02,    0.0000000000E+00,    0.0000000000E+00,    0.0000000000E+00,    2.6485454650E+02
    175000,      0.676957,CP5_after_vdif,   1,    0.0000000000E+00,    2.6485454650E+02,    2.6485454650E+02,    0.0000000000E+00,    0.0000000000E+00,    0.0000000000E+00,    2.6485454650E+02
    175000,      0.676957,CP6_after_kinetics,   1,    0.0000000000E+00,    2.6485454650E+02,    2.6485454650E+02,    0.0000000000E+00,    0.0000000000E+00,    0.0000000000E+00,    2.6485454650E+02
    175000,      0.676957,CP7_after_upper_clamp,   1,    0.0000000000E+00,    2.6485454650E+02,    2.6485454650E+02,    0.0000000000E+00,    0.0000000000E+00,    0.0000000000E+00,    2.6485454650E+02
    175000,      0.676957,CP8_after_OBC,   1,    0.0000000000E+00,    2.6485454650E+02,    2.6485454650E+02,    0.0000000000E+00,    0.0000000000E+00,    0.0000000000E+00,    2.6485454650E+02
    175000,      0.676957,CP9_after_PTsource,   1,    0.0000000000E+00,    2.6485454650E+02,    2.6485454650E+02,    0.0000000000E+00,    0.0000000000E+00,    0.0000000000E+00,    2.6485454650E+02
    175000,      0.676957,CP10_after_neg_clamp,   1,    0.0000000000E+00,    2.6485454650E+02,    2.6485454650E+02,    0.0000000000E+00,    0.0000000000E+00,    0.0000000000E+00,    2.6485454650E+02
    175000,      0.676957,CP11_after_MPI,   1,    0.0000000000E+00,    2.6485454650E+02,    2.6485454650E+02,    0.0000000000E+00,    0.0000000000E+00,    0.0000000000E+00,    2.6485454650E+02
    175000,      0.676957,CP12_end,   1,    0.0000000000E+00,    2.6485454650E+02,    2.6485454650E+02,    0.0000000000E+00,    0.0000000000E+00,    0.0000000000E+00,    2.6485454650E+02
    175050,      0.676957,CP0_start,   1,    0.0000000000E+00,    2.6503089464E+02,    2.6503089464E+02,    0.0000000000E+00,    0.0000000000E+00,    0.0000000000E+00,    2.6503089464E+02
    175050,      0.676957,CP1_after_deposition,   1,    0.0000000000E+00,    2.6503089464E+02,    2.6503089464E+02,    0.0000000000E+00,    0.0000000000E+00,    0.0000000000E+00,    2.6503089464E+02
    175050,      0.676957,CP2_after_erosion,   1,    0.0000000000E+00,    2.6503089464E+02,    2.6503089464E+02,    0.0000000000E+00,    0.0000000000E+00,    0.0000000000E+00,    2.6503089464E+02
    175050,      0.676957,CP3_after_update_bottom,   1,    0.0000000000E+00,    2.6503089464E+02,    2.6503089464E+02,    0.0000000000E+00,    0.0000000000E+00,    0.0000000000E+00,    2.6503089464E+02
    175050,      0.676957,CP4_after_advection,   1,    0.0000000000E+00,    2.6503885569E+02,    2.6503885569E+02,    0.0000000000E+00,    0.0000000000E+00,    0.0000000000E+00,    2.6503885569E+02
    175050,      0.676957,CP5_after_vdif,   1,    0.0000000000E+00,    2.6503885569E+02,    2.6503885569E+02,    0.0000000000E+00,    0.0000000000E+00,    0.0000000000E+00,    2.6503885569E+02
    175050,      0.676957,CP6_after_kinetics,   1,    0.0000000000E+00,    2.6503885569E+02,    2.6503885569E+02,    0.0000000000E+00,    0.0000000000E+00,    0.0000000000E+00,    2.6503885569E+02
    175050,      0.676957,CP7_after_upper_clamp,   1,    0.0000000000E+00,    2.6503885569E+02,    2.6503885569E+02,    0.0000000000E+00,    0.0000000000E+00,    0.0000000000E+00,    2.6503885569E+02
    175050,      0.676957,CP8_after_OBC,   1,    0.0000000000E+00,    2.6503885569E+02,    2.6503885569E+02,    0.0000000000E+00,    0.0000000000E+00,    0.0000000000E+00,    2.6503885569E+02
    175050,      0.676957,CP9_after_PTsource,   1,    0.0000000000E+00,    2.6503885569E+02,    2.6503885569E+02,    0.0000000000E+00,    0.0000000000E+00,    0.0000000000E+00,    2.6503885569E+02
    175050,      0.676957,CP10_after_neg_clamp,   1,    0.0000000000E+00,    2.6503885569E+02,    2.6503885569E+02,    0.0000000000E+00,    0.0000000000E+00,    0.0000000000E+00,    2.6503885569E+02
    175050,      0.676957,CP11_after_MPI,   1,    0.0000000000E+00,    2.6503885569E+02,    2.6503885569E+02,    0.0000000000E+00,    0.0000000000E+00,    0.0000000000E+00,    2.6503885569E+02
    175050,      0.676957,CP12_end,   1,    0.0000000000E+00,    2.6503885569E+02,    2.6503885569E+02,    0.0000000000E+00,    0.0000000000E+00,    0.0000000000E+00,    2.6503885569E+02
    175100,      0.676957,CP0_start,   1,    0.0000000000E+00,    2.6521522888E+02,    2.6521522888E+02,    0.0000000000E+00,    0.0000000000E+00,    0.0000000000E+00,    2.6521522888E+02
    175100,      0.676957,CP1_after_deposition,   1,    0.0000000000E+00,    2.6521522888E+02,    2.6521522888E+02,    0.0000000000E+00,    0.0000000000E+00,    0.0000000000E+00,    2.6521522888E+02
    175100,      0.676957,CP2_after_erosion,   1,    0.0000000000E+00,    2.6521522888E+02,    2.6521522888E+02,    0.0000000000E+00,    0.0000000000E+00,    0.0000000000E+00,    2.6521522888E+02
    175100,      0.676957,CP3_after_update_bottom,   1,    0.0000000000E+00,    2.6521522888E+02,    2.6521522888E+02,    0.0000000000E+00,    0.0000000000E+00,    0.0000000000E+00,    2.6521522888E+02
    175100,      0.676957,CP4_after_advection,   1,    0.0000000000E+00,    2.6522313148E+02,    2.6522313148E+02,    0.0000000000E+00,    0.0000000000E+00,    0.0000000000E+00,    2.6522313148E+02
    175100,      0.676957,CP5_after_vdif,   1,    0.0000000000E+00,    2.6522313148E+02,    2.6522313148E+02,    0.0000000000E+00,    0.0000000000E+00,    0.0000000000E+00,    2.6522313148E+02
    175100,      0.676957,CP6_after_kinetics,   1,    0.0000000000E+00,    2.6522313148E+02,    2.6522313148E+02,    0.0000000000E+00,    0.0000000000E+00,    0.0000000000E+00,    2.6522313148E+02
    175100,      0.676957,CP7_after_upper_clamp,   1,    0.0000000000E+00,    2.6522313148E+02,    2.6522313148E+02,    0.0000000000E+00,    0.0000000000E+00,    0.0000000000E+00,    2.6522313148E+02
    175100,      0.676957,CP8_after_OBC,   1,    0.0000000000E+00,    2.6522313148E+02,    2.6522313148E+02,    0.0000000000E+00,    0.0000000000E+00,    0.0000000000E+00,    2.6522313148E+02
    175100,      0.676957,CP9_after_PTsource,   1,    0.0000000000E+00,    2.6522313148E+02,    2.6522313148E+02,    0.0000000000E+00,    0.0000000000E+00,    0.0000000000E+00,    2.6522313148E+02
    175100,      0.676957,CP10_after_neg_clamp,   1,    0.0000000000E+00,    2.6522313148E+02,    2.6522313148E+02,    0.0000000000E+00,    0.0000000000E+00,    0.0000000000E+00,    2.6522313148E+02
    175100,      0.676957,CP11_after_MPI,   1,    0.0000000000E+00,    2.6522313148E+02,    2.6522313148E+02,    0.0000000000E+00,    0.0000000000E+00,    0.0000000000E+00,    2.6522313148E+02
    175100,      0.676957,CP12_end,   1,    0.0000000000E+00,    2.6522313148E+02,    2.6522313148E+02,    0.0000000000E+00,    0.0000000000E+00,    0.0000000000E+00,    2.6522313148E+02
    175150,      0.676957,CP0_start,   1,    0.0000000000E+00,    2.6539952085E+02,    2.6539952085E+02,    0.0000000000E+00,    0.0000000000E+00,    0.0000000000E+00,    2.6539952085E+02
    175150,      0.676957,CP1_after_deposition,   1,    0.0000000000E+00,    2.6539952085E+02,    2.6539952085E+02,    0.0000000000E+00,    0.0000000000E+00,    0.0000000000E+00,    2.6539952085E+02
    175150,      0.676957,CP2_after_erosion,   1,    0.0000000000E+00,    2.6539952085E+02,    2.6539952085E+02,    0.0000000000E+00,    0.0000000000E+00,    0.0000000000E+00,    2.6539952085E+02
    175150,      0.676957,CP3_after_update_bottom,   1,    0.0000000000E+00,    2.6539952085E+02,    2.6539952085E+02,    0.0000000000E+00,    0.0000000000E+00,    0.0000000000E+00,    2.6539952085E+02
    175150,      0.676957,CP4_after_advection,   1,    0.0000000000E+00,    2.6540736191E+02,    2.6540736191E+02,    0.0000000000E+00,    0.0000000000E+00,    0.0000000000E+00,    2.6540736191E+02
    175150,      0.676957,CP5_after_vdif,   1,    0.0000000000E+00,    2.6540736191E+02,    2.6540736191E+02,    0.0000000000E+00,    0.0000000000E+00,    0.0000000000E+00,    2.6540736191E+02
    175150,      0.676957,CP6_after_kinetics,   1,    0.0000000000E+00,    2.6540736191E+02,    2.6540736191E+02,    0.0000000000E+00,    0.0000000000E+00,    0.0000000000E+00,    2.6540736191E+02
    175150,      0.676957,CP7_after_upper_clamp,   1,    0.0000000000E+00,    2.6540736191E+02,    2.6540736191E+02,    0.0000000000E+00,    0.0000000000E+00,    0.0000000000E+00,    2.6540736191E+02
    175150,      0.676957,CP8_after_OBC,   1,    0.0000000000E+00,    2.6540736191E+02,    2.6540736191E+02,    0.0000000000E+00,    0.0000000000E+00,    0.0000000000E+00,    2.6540736191E+02
    175150,      0.676957,CP9_after_PTsource,   1,    0.0000000000E+00,    2.6540736191E+02,    2.6540736191E+02,    0.0000000000E+00,    0.0000000000E+00,    0.0000000000E+00,    2.6540736191E+02
    175150,      0.676957,CP10_after_neg_clamp,   1,    0.0000000000E+00,    2.6540736191E+02,    2.6540736191E+02,    0.0000000000E+00,    0.0000000000E+00,    0.0000000000E+00,    2.6540736191E+02
    175150,      0.676957,CP11_after_MPI,   1,    0.0000000000E+00,    2.6540736191E+02,    2.6540736191E+02,    0.0000000000E+00,    0.0000000000E+00,    0.0000000000E+00,    2.6540736191E+02
    175150,      0.676957,CP12_end,   1,    0.0000000000E+00,    2.6540736191E+02,    2.6540736191E+02,    0.0000000000E+00,    0.0000000000E+00,    0.0000000000E+00,    2.6540736191E+02
    175200,      0.676957,CP0_start,   1,    0.0000000000E+00,    2.6558379025E+02,    2.6558379025E+02,    0.0000000000E+00,    0.0000000000E+00,    0.0000000000E+00,    2.6558379025E+02
    175200,      0.676957,CP1_after_deposition,   1,    0.0000000000E+00,    2.6558379025E+02,    2.6558379025E+02,    0.0000000000E+00,    0.0000000000E+00,    0.0000000000E+00,    2.6558379025E+02
    175200,      0.676957,CP2_after_erosion,   1,    0.0000000000E+00,    2.6558379025E+02,    2.6558379025E+02,    0.0000000000E+00,    0.0000000000E+00,    0.0000000000E+00,    2.6558379025E+02
    175200,      0.676957,CP3_after_update_bottom,   1,    0.0000000000E+00,    2.6558379025E+02,    2.6558379025E+02,    0.0000000000E+00,    0.0000000000E+00,    0.0000000000E+00,    2.6558379025E+02
    175200,      0.676957,CP4_after_advection,   1,    0.0000000000E+00,    2.6559156548E+02,    2.6559156548E+02,    0.0000000000E+00,    0.0000000000E+00,    0.0000000000E+00,    2.6559156548E+02
    175200,      0.676957,CP5_after_vdif,   1,    0.0000000000E+00,    2.6559156548E+02,    2.6559156548E+02,    0.0000000000E+00,    0.0000000000E+00,    0.0000000000E+00,    2.6559156548E+02
    175200,      0.676957,CP6_after_kinetics,   1,    0.0000000000E+00,    2.6559156548E+02,    2.6559156548E+02,    0.0000000000E+00,    0.0000000000E+00,    0.0000000000E+00,    2.6559156548E+02
    175200,      0.676957,CP7_after_upper_clamp,   1,    0.0000000000E+00,    2.6559156548E+02,    2.6559156548E+02,    0.0000000000E+00,    0.0000000000E+00,    0.0000000000E+00,    2.6559156548E+02
    175200,      0.676957,CP8_after_OBC,   1,    0.0000000000E+00,    2.6559156548E+02,    2.6559156548E+02,    0.0000000000E+00,    0.0000000000E+00,    0.0000000000E+00,    2.6559156548E+02
    175200,      0.676957,CP9_after_PTsource,   1,    0.0000000000E+00,    2.6559156548E+02,    2.6559156548E+02,    0.0000000000E+00,    0.0000000000E+00,    0.0000000000E+00,    2.6559156548E+02
    175200,      0.676957,CP10_after_neg_clamp,   1,    0.0000000000E+00,    2.6559156548E+02,    2.6559156548E+02,    0.0000000000E+00,    0.0000000000E+00,    0.0000000000E+00,    2.6559156548E+02
    175200,      0.676957,CP11_after_MPI,   1,    0.0000000000E+00,    2.6559156548E+02,    2.6559156548E+02,    0.0000000000E+00,    0.0000000000E+00,    0.0000000000E+00,    2.6559156548E+02
    175200,      0.676957,CP12_end,   1,    0.0000000000E+00,    2.6559156548E+02,    2.6559156548E+02,    0.0000000000E+00,    0.0000000000E+00,    0.0000000000E+00,    2.6559156548E+02
    175250,      0.676957,CP0_start,   1,    0.0000000000E+00,    2.6576804971E+02,    2.6576804971E+02,    0.0000000000E+00,    0.0000000000E+00,    0.0000000000E+00,    2.6576804971E+02
    175250,      0.676957,CP1_after_deposition,   1,    0.0000000000E+00,    2.6576804971E+02,    2.6576804971E+02,    0.0000000000E+00,    0.0000000000E+00,    0.0000000000E+00,    2.6576804971E+02
    175250,      0.676957,CP2_after_erosion,   1,    0.0000000000E+00,    2.6576804971E+02,    2.6576804971E+02,    0.0000000000E+00,    0.0000000000E+00,    0.0000000000E+00,    2.6576804971E+02
    175250,      0.676957,CP3_after_update_bottom,   1,    0.0000000000E+00,    2.6576804971E+02,    2.6576804971E+02,    0.0000000000E+00,    0.0000000000E+00,    0.0000000000E+00,    2.6576804971E+02
    175250,      0.676957,CP4_after_advection,   1,    0.0000000000E+00,    2.6577575501E+02,    2.6577575501E+02,    0.0000000000E+00,    0.0000000000E+00,    0.0000000000E+00,    2.6577575501E+02
    175250,      0.676957,CP5_after_vdif,   1,    0.0000000000E+00,    2.6577575501E+02,    2.6577575501E+02,    0.0000000000E+00,    0.0000000000E+00,    0.0000000000E+00,    2.6577575501E+02
    175250,      0.676957,CP6_after_kinetics,   1,    0.0000000000E+00,    2.6577575501E+02,    2.6577575501E+02,    0.0000000000E+00,    0.0000000000E+00,    0.0000000000E+00,    2.6577575501E+02
    175250,      0.676957,CP7_after_upper_clamp,   1,    0.0000000000E+00,    2.6577575501E+02,    2.6577575501E+02,    0.0000000000E+00,    0.0000000000E+00,    0.0000000000E+00,    2.6577575501E+02
    175250,      0.676957,CP8_after_OBC,   1,    0.0000000000E+00,    2.6577575501E+02,    2.6577575501E+02,    0.0000000000E+00,    0.0000000000E+00,    0.0000000000E+00,    2.6577575501E+02
    175250,      0.676957,CP9_after_PTsource,   1,    0.0000000000E+00,    2.6577575501E+02,    2.6577575501E+02,    0.0000000000E+00,    0.0000000000E+00,    0.0000000000E+00,    2.6577575501E+02
    175250,      0.676957,CP10_after_neg_clamp,   1,    0.0000000000E+00,    2.6577575501E+02,    2.6577575501E+02,    0.0000000000E+00,    0.0000000000E+00,    0.0000000000E+00,    2.6577575501E+02
    175250,      0.676957,CP11_after_MPI,   1,    0.0000000000E+00,    2.6577575501E+02,    2.6577575501E+02,    0.0000000000E+00,    0.0000000000E+00,    0.0000000000E+00,    2.6577575501E+02
    175250,      0.676957,CP12_end,   1,    0.0000000000E+00,    2.6577575501E+02,    2.6577575501E+02,    0.0000000000E+00,    0.0000000000E+00,    0.0000000000E+00,    2.6577575501E+02
    175300,      0.676957,CP0_start,   1,    0.0000000000E+00,    2.6595235675E+02,    2.6595235675E+02,    0.0000000000E+00,    0.0000000000E+00,    0.0000000000E+00,    2.6595235675E+02
    175300,      0.676957,CP1_after_deposition,   1,    0.0000000000E+00,    2.6595235675E+02,    2.6595235675E+02,    0.0000000000E+00,    0.0000000000E+00,    0.0000000000E+00,    2.6595235675E+02
    175300,      0.676957,CP2_after_erosion,   1,    0.0000000000E+00,    2.6595235675E+02,    2.6595235675E+02,    0.0000000000E+00,    0.0000000000E+00,    0.0000000000E+00,    2.6595235675E+02
    175300,      0.676957,CP3_after_update_bottom,   1,    0.0000000000E+00,    2.6595235675E+02,    2.6595235675E+02,    0.0000000000E+00,    0.0000000000E+00,    0.0000000000E+00,    2.6595235675E+02
    175300,      0.676957,CP4_after_advection,   1,    0.0000000000E+00,    2.6595999635E+02,    2.6595999635E+02,    0.0000000000E+00,    0.0000000000E+00,    0.0000000000E+00,    2.6595999635E+02
    175300,      0.676957,CP5_after_vdif,   1,    0.0000000000E+00,    2.6595999635E+02,    2.6595999635E+02,    0.0000000000E+00,    0.0000000000E+00,    0.0000000000E+00,    2.6595999635E+02
    175300,      0.676957,CP6_after_kinetics,   1,    0.0000000000E+00,    2.6595999635E+02,    2.6595999635E+02,    0.0000000000E+00,    0.0000000000E+00,    0.0000000000E+00,    2.6595999635E+02
    175300,      0.676957,CP7_after_upper_clamp,   1,    0.0000000000E+00,    2.6595999635E+02,    2.6595999635E+02,    0.0000000000E+00,    0.0000000000E+00,    0.0000000000E+00,    2.6595999635E+02
    175300,      0.676957,CP8_after_OBC,   1,    0.0000000000E+00,    2.6595999635E+02,    2.6595999635E+02,    0.0000000000E+00,    0.0000000000E+00,    0.0000000000E+00,    2.6595999635E+02
    175300,      0.676957,CP9_after_PTsource,   1,    0.0000000000E+00,    2.6595999635E+02,    2.6595999635E+02,    0.0000000000E+00,    0.0000000000E+00,    0.0000000000E+00,    2.6595999635E+02
    175300,      0.676957,CP10_after_neg_clamp,   1,    0.0000000000E+00,    2.6595999635E+02,    2.6595999635E+02,    0.0000000000E+00,    0.0000000000E+00,    0.0000000000E+00,    2.6595999635E+02
    175300,      0.676957,CP11_after_MPI,   1,    0.0000000000E+00,    2.6595999635E+02,    2.6595999635E+02,    0.0000000000E+00,    0.0000000000E+00,    0.0000000000E+00,    2.6595999635E+02
    175300,      0.676957,CP12_end,   1,    0.0000000000E+00,    2.6595999635E+02,    2.6595999635E+02,    0.0000000000E+00,    0.0000000000E+00,    0.0000000000E+00,    2.6595999635E+02
    175350,      0.676957,CP0_start,   1,    0.0000000000E+00,    2.6613669171E+02,    2.6613669171E+02,    0.0000000000E+00,    0.0000000000E+00,    0.0000000000E+00,    2.6613669171E+02
    175350,      0.676957,CP1_after_deposition,   1,    0.0000000000E+00,    2.6613669171E+02,    2.6613669171E+02,    0.0000000000E+00,    0.0000000000E+00,    0.0000000000E+00,    2.6613669171E+02
    175350,      0.676957,CP2_after_erosion,   1,    0.0000000000E+00,    2.6613669171E+02,    2.6613669171E+02,    0.0000000000E+00,    0.0000000000E+00,    0.0000000000E+00,    2.6613669171E+02
    175350,      0.676957,CP3_after_update_bottom,   1,    0.0000000000E+00,    2.6613669171E+02,    2.6613669171E+02,    0.0000000000E+00,    0.0000000000E+00,    0.0000000000E+00,    2.6613669171E+02
    175350,      0.676957,CP4_after_advection,   1,    0.0000000000E+00,    2.6614426162E+02,    2.6614426162E+02,    0.0000000000E+00,    0.0000000000E+00,    0.0000000000E+00,    2.6614426162E+02
    175350,      0.676957,CP5_after_vdif,   1,    0.0000000000E+00,    2.6614426162E+02,    2.6614426162E+02,    0.0000000000E+00,    0.0000000000E+00,    0.0000000000E+00,    2.6614426162E+02
    175350,      0.676957,CP6_after_kinetics,   1,    0.0000000000E+00,    2.6614426162E+02,    2.6614426162E+02,    0.0000000000E+00,    0.0000000000E+00,    0.0000000000E+00,    2.6614426162E+02
    175350,      0.676957,CP7_after_upper_clamp,   1,    0.0000000000E+00,    2.6614426162E+02,    2.6614426162E+02,    0.0000000000E+00,    0.0000000000E+00,    0.0000000000E+00,    2.6614426162E+02
    175350,      0.676957,CP8_after_OBC,   1,    0.0000000000E+00,    2.6614426162E+02,    2.6614426162E+02,    0.0000000000E+00,    0.0000000000E+00,    0.0000000000E+00,    2.6614426162E+02
    175350,      0.676957,CP9_after_PTsource,   1,    0.0000000000E+00,    2.6614426162E+02,    2.6614426162E+02,    0.0000000000E+00,    0.0000000000E+00,    0.0000000000E+00,    2.6614426162E+02
    175350,      0.676957,CP10_after_neg_clamp,   1,    0.0000000000E+00,    2.6614426162E+02,    2.6614426162E+02,    0.0000000000E+00,    0.0000000000E+00,    0.0000000000E+00,    2.6614426162E+02
    175350,      0.676957,CP11_after_MPI,   1,    0.0000000000E+00,    2.6614426162E+02,    2.6614426162E+02,    0.0000000000E+00,    0.0000000000E+00,    0.0000000000E+00,    2.6614426162E+02
    175350,      0.676957,CP12_end,   1,    0.0000000000E+00,    2.6614426162E+02,    2.6614426162E+02,    0.0000000000E+00,    0.0000000000E+00,    0.0000000000E+00,    2.6614426162E+02
    175400,      0.676957,CP0_start,   1,    0.0000000000E+00,    2.6632104531E+02,    2.6632104531E+02,    0.0000000000E+00,    0.0000000000E+00,    0.0000000000E+00,    2.6632104531E+02
    175400,      0.676957,CP1_after_deposition,   1,    0.0000000000E+00,    2.6632104531E+02,    2.6632104531E+02,    0.0000000000E+00,    0.0000000000E+00,    0.0000000000E+00,    2.6632104531E+02
    175400,      0.676957,CP2_after_erosion,   1,    0.0000000000E+00,    2.6632104531E+02,    2.6632104531E+02,    0.0000000000E+00,    0.0000000000E+00,    0.0000000000E+00,    2.6632104531E+02
    175400,      0.676957,CP3_after_update_bottom,   1,    0.0000000000E+00,    2.6632104531E+02,    2.6632104531E+02,    0.0000000000E+00,    0.0000000000E+00,    0.0000000000E+00,    2.6632104531E+02
    175400,      0.676957,CP4_after_advection,   1,    0.0000000000E+00,    2.6632853951E+02,    2.6632853951E+02,    0.0000000000E+00,    0.0000000000E+00,    0.0000000000E+00,    2.6632853951E+02
    175400,      0.676957,CP5_after_vdif,   1,    0.0000000000E+00,    2.6632853951E+02,    2.6632853951E+02,    0.0000000000E+00,    0.0000000000E+00,    0.0000000000E+00,    2.6632853951E+02
    175400,      0.676957,CP6_after_kinetics,   1,    0.0000000000E+00,    2.6632853951E+02,    2.6632853951E+02,    0.0000000000E+00,    0.0000000000E+00,    0.0000000000E+00,    2.6632853951E+02
    175400,      0.676957,CP7_after_upper_clamp,   1,    0.0000000000E+00,    2.6632853951E+02,    2.6632853951E+02,    0.0000000000E+00,    0.0000000000E+00,    0.0000000000E+00,    2.6632853951E+02
    175400,      0.676957,CP8_after_OBC,   1,    0.0000000000E+00,    2.6632853951E+02,    2.6632853951E+02,    0.0000000000E+00,    0.0000000000E+00,    0.0000000000E+00,    2.6632853951E+02
    175400,      0.676957,CP9_after_PTsource,   1,    0.0000000000E+00,    2.6632853951E+02,    2.6632853951E+02,    0.0000000000E+00,    0.0000000000E+00,    0.0000000000E+00,    2.6632853951E+02
    175400,      0.676957,CP10_after_neg_clamp,   1,    0.0000000000E+00,    2.6632853951E+02,    2.6632853951E+02,    0.0000000000E+00,    0.0000000000E+00,    0.0000000000E+00,    2.6632853951E+02
    175400,      0.676957,CP11_after_MPI,   1,    0.0000000000E+00,    2.6632853951E+02,    2.6632853951E+02,    0.0000000000E+00,    0.0000000000E+00,    0.0000000000E+00,    2.6632853951E+02
    175400,      0.676957,CP12_end,   1,    0.0000000000E+00,    2.6632853951E+02,    2.6632853951E+02,    0.0000000000E+00,    0.0000000000E+00,    0.0000000000E+00,    2.6632853951E+02
    175450,      0.676957,CP0_start,   1,    0.0000000000E+00,    2.6650537855E+02,    2.6650537855E+02,    0.0000000000E+00,    0.0000000000E+00,    0.0000000000E+00,    2.6650537855E+02
    175450,      0.676957,CP1_after_deposition,   1,    0.0000000000E+00,    2.6650537855E+02,    2.6650537855E+02,    0.0000000000E+00,    0.0000000000E+00,    0.0000000000E+00,    2.6650537855E+02
    175450,      0.676957,CP2_after_erosion,   1,    0.0000000000E+00,    2.6650537855E+02,    2.6650537855E+02,    0.0000000000E+00,    0.0000000000E+00,    0.0000000000E+00,    2.6650537855E+02
    175450,      0.676957,CP3_after_update_bottom,   1,    0.0000000000E+00,    2.6650537855E+02,    2.6650537855E+02,    0.0000000000E+00,    0.0000000000E+00,    0.0000000000E+00,    2.6650537855E+02
    175450,      0.676957,CP4_after_advection,   1,    0.0000000000E+00,    2.6651278993E+02,    2.6651278993E+02,    0.0000000000E+00,    0.0000000000E+00,    0.0000000000E+00,    2.6651278993E+02
    175450,      0.676957,CP5_after_vdif,   1,    0.0000000000E+00,    2.6651278993E+02,    2.6651278993E+02,    0.0000000000E+00,    0.0000000000E+00,    0.0000000000E+00,    2.6651278993E+02
    175450,      0.676957,CP6_after_kinetics,   1,    0.0000000000E+00,    2.6651278993E+02,    2.6651278993E+02,    0.0000000000E+00,    0.0000000000E+00,    0.0000000000E+00,    2.6651278993E+02
    175450,      0.676957,CP7_after_upper_clamp,   1,    0.0000000000E+00,    2.6651278993E+02,    2.6651278993E+02,    0.0000000000E+00,    0.0000000000E+00,    0.0000000000E+00,    2.6651278993E+02
    175450,      0.676957,CP8_after_OBC,   1,    0.0000000000E+00,    2.6651278993E+02,    2.6651278993E+02,    0.0000000000E+00,    0.0000000000E+00,    0.0000000000E+00,    2.6651278993E+02
    175450,      0.676957,CP9_after_PTsource,   1,    0.0000000000E+00,    2.6651278993E+02,    2.6651278993E+02,    0.0000000000E+00,    0.0000000000E+00,    0.0000000000E+00,    2.6651278993E+02
    175450,      0.676957,CP10_after_neg_clamp,   1,    0.0000000000E+00,    2.6651278993E+02,    2.6651278993E+02,    0.0000000000E+00,    0.0000000000E+00,    0.0000000000E+00,    2.6651278993E+02
    175450,      0.676957,CP11_after_MPI,   1,    0.0000000000E+00,    2.6651278993E+02,    2.6651278993E+02,    0.0000000000E+00,    0.0000000000E+00,    0.0000000000E+00,    2.6651278993E+02
    175450,      0.676957,CP12_end,   1,    0.0000000000E+00,    2.6651278993E+02,    2.6651278993E+02,    0.0000000000E+00,    0.0000000000E+00,    0.0000000000E+00,    2.6651278993E+02
    175500,      0.676957,CP0_start,   1,    0.0000000000E+00,    2.6668960177E+02,    2.6668960177E+02,    0.0000000000E+00,    0.0000000000E+00,    0.0000000000E+00,    2.6668960177E+02
    175500,      0.676957,CP1_after_deposition,   1,    0.0000000000E+00,    2.6668960177E+02,    2.6668960177E+02,    0.0000000000E+00,    0.0000000000E+00,    0.0000000000E+00,    2.6668960177E+02
    175500,      0.676957,CP2_after_erosion,   1,    0.0000000000E+00,    2.6668960177E+02,    2.6668960177E+02,    0.0000000000E+00,    0.0000000000E+00,    0.0000000000E+00,    2.6668960177E+02
    175500,      0.676957,CP3_after_update_bottom,   1,    0.0000000000E+00,    2.6668960177E+02,    2.6668960177E+02,    0.0000000000E+00,    0.0000000000E+00,    0.0000000000E+00,    2.6668960177E+02
    175500,      0.676957,CP4_after_advection,   1,    0.0000000000E+00,    2.6669692680E+02,    2.6669692680E+02,    0.0000000000E+00,    0.0000000000E+00,    0.0000000000E+00,    2.6669692680E+02
    175500,      0.676957,CP5_after_vdif,   1,    0.0000000000E+00,    2.6669692680E+02,    2.6669692680E+02,    0.0000000000E+00,    0.0000000000E+00,    0.0000000000E+00,    2.6669692680E+02
    175500,      0.676957,CP6_after_kinetics,   1,    0.0000000000E+00,    2.6669692680E+02,    2.6669692680E+02,    0.0000000000E+00,    0.0000000000E+00,    0.0000000000E+00,    2.6669692680E+02
    175500,      0.676957,CP7_after_upper_clamp,   1,    0.0000000000E+00,    2.6669692680E+02,    2.6669692680E+02,    0.0000000000E+00,    0.0000000000E+00,    0.0000000000E+00,    2.6669692680E+02
    175500,      0.676957,CP8_after_OBC,   1,    0.0000000000E+00,    2.6669692680E+02,    2.6669692680E+02,    0.0000000000E+00,    0.0000000000E+00,    0.0000000000E+00,    2.6669692680E+02
    175500,      0.676957,CP9_after_PTsource,   1,    0.0000000000E+00,    2.6669692680E+02,    2.6669692680E+02,    0.0000000000E+00,    0.0000000000E+00,    0.0000000000E+00,    2.6669692680E+02
    175500,      0.676957,CP10_after_neg_clamp,   1,    0.0000000000E+00,    2.6669692680E+02,    2.6669692680E+02,    0.0000000000E+00,    0.0000000000E+00,    0.0000000000E+00,    2.6669692680E+02
    175500,      0.676957,CP11_after_MPI,   1,    0.0000000000E+00,    2.6669692680E+02,    2.6669692680E+02,    0.0000000000E+00,    0.0000000000E+00,    0.0000000000E+00,    2.6669692680E+02
    175500,      0.676957,CP12_end,   1,    0.0000000000E+00,    2.6669692680E+02,    2.6669692680E+02,    0.0000000000E+00,    0.0000000000E+00,    0.0000000000E+00,    2.6669692680E+02
    175550,      0.676957,CP0_start,   1,    0.0000000000E+00,    2.6687448875E+02,    2.6687448875E+02,    0.0000000000E+00,    0.0000000000E+00,    0.0000000000E+00,    2.6687448875E+02
    175550,      0.676957,CP1_after_deposition,   1,    0.0000000000E+00,    2.6687448875E+02,    2.6687448875E+02,    0.0000000000E+00,    0.0000000000E+00,    0.0000000000E+00,    2.6687448875E+02
    175550,      0.676957,CP2_after_erosion,   1,    0.0000000000E+00,    2.6687448875E+02,    2.6687448875E+02,    0.0000000000E+00,    0.0000000000E+00,    0.0000000000E+00,    2.6687448875E+02
    175550,      0.676957,CP3_after_update_bottom,   1,    0.0000000000E+00,    2.6687448875E+02,    2.6687448875E+02,    0.0000000000E+00,    0.0000000000E+00,    0.0000000000E+00,    2.6687448875E+02
    175550,      0.676957,CP4_after_advection,   1,    0.0000000000E+00,    2.6688172487E+02,    2.6688172487E+02,    0.0000000000E+00,    0.0000000000E+00,    0.0000000000E+00,    2.6688172487E+02
    175550,      0.676957,CP5_after_vdif,   1,    0.0000000000E+00,    2.6688172487E+02,    2.6688172487E+02,    0.0000000000E+00,    0.0000000000E+00,    0.0000000000E+00,    2.6688172487E+02
    175550,      0.676957,CP6_after_kinetics,   1,    0.0000000000E+00,    2.6688172487E+02,    2.6688172487E+02,    0.0000000000E+00,    0.0000000000E+00,    0.0000000000E+00,    2.6688172487E+02
    175550,      0.676957,CP7_after_upper_clamp,   1,    0.0000000000E+00,    2.6688172487E+02,    2.6688172487E+02,    0.0000000000E+00,    0.0000000000E+00,    0.0000000000E+00,    2.6688172487E+02
    175550,      0.676957,CP8_after_OBC,   1,    0.0000000000E+00,    2.6688172487E+02,    2.6688172487E+02,    0.0000000000E+00,    0.0000000000E+00,    0.0000000000E+00,    2.6688172487E+02
    175550,      0.676957,CP9_after_PTsource,   1,    0.0000000000E+00,    2.6688172487E+02,    2.6688172487E+02,    0.0000000000E+00,    0.0000000000E+00,    0.0000000000E+00,    2.6688172487E+02
    175550,      0.676957,CP10_after_neg_clamp,   1,    0.0000000000E+00,    2.6688172487E+02,    2.6688172487E+02,    0.0000000000E+00,    0.0000000000E+00,    0.0000000000E+00,    2.6688172487E+02
    175550,      0.676957,CP11_after_MPI,   1,    0.0000000000E+00,    2.6688172487E+02,    2.6688172487E+02,    0.0000000000E+00,    0.0000000000E+00,    0.0000000000E+00,    2.6688172487E+02
    175550,      0.676957,CP12_end,   1,    0.0000000000E+00,    2.6688172487E+02,    2.6688172487E+02,    0.0000000000E+00,    0.0000000000E+00,    0.0000000000E+00,    2.6688172487E+02
    175600,      0.676957,CP0_start,   1,    0.0000000000E+00,    2.6705930609E+02,    2.6705930609E+02,    0.0000000000E+00,    0.0000000000E+00,    0.0000000000E+00,    2.6705930609E+02
    175600,      0.676957,CP1_after_deposition,   1,    0.0000000000E+00,    2.6705930609E+02,    2.6705930609E+02,    0.0000000000E+00,    0.0000000000E+00,    0.0000000000E+00,    2.6705930609E+02
    175600,      0.676957,CP2_after_erosion,   1,    0.0000000000E+00,    2.6705930609E+02,    2.6705930609E+02,    0.0000000000E+00,    0.0000000000E+00,    0.0000000000E+00,    2.6705930609E+02
    175600,      0.676957,CP3_after_update_bottom,   1,    0.0000000000E+00,    2.6705930609E+02,    2.6705930609E+02,    0.0000000000E+00,    0.0000000000E+00,    0.0000000000E+00,    2.6705930609E+02
    175600,      0.676957,CP4_after_advection,   1,    0.0000000000E+00,    2.6706645056E+02,    2.6706645056E+02,    0.0000000000E+00,    0.0000000000E+00,    0.0000000000E+00,    2.6706645056E+02
    175600,      0.676957,CP5_after_vdif,   1,    0.0000000000E+00,    2.6706645056E+02,    2.6706645056E+02,    0.0000000000E+00,    0.0000000000E+00,    0.0000000000E+00,    2.6706645056E+02
    175600,      0.676957,CP6_after_kinetics,   1,    0.0000000000E+00,    2.6706645056E+02,    2.6706645056E+02,    0.0000000000E+00,    0.0000000000E+00,    0.0000000000E+00,    2.6706645056E+02
    175600,      0.676957,CP7_after_upper_clamp,   1,    0.0000000000E+00,    2.6706645056E+02,    2.6706645056E+02,    0.0000000000E+00,    0.0000000000E+00,    0.0000000000E+00,    2.6706645056E+02
    175600,      0.676957,CP8_after_OBC,   1,    0.0000000000E+00,    2.6706645056E+02,    2.6706645056E+02,    0.0000000000E+00,    0.0000000000E+00,    0.0000000000E+00,    2.6706645056E+02
    175600,      0.676957,CP9_after_PTsource,   1,    0.0000000000E+00,    2.6706645056E+02,    2.6706645056E+02,    0.0000000000E+00,    0.0000000000E+00,    0.0000000000E+00,    2.6706645056E+02
    175600,      0.676957,CP10_after_neg_clamp,   1,    0.0000000000E+00,    2.6706645056E+02,    2.6706645056E+02,    0.0000000000E+00,    0.0000000000E+00,    0.0000000000E+00,    2.6706645056E+02
    175600,      0.676957,CP11_after_MPI,   1,    0.0000000000E+00,    2.6706645056E+02,    2.6706645056E+02,    0.0000000000E+00,    0.0000000000E+00,    0.0000000000E+00,    2.6706645056E+02
    175600,      0.676957,CP12_end,   1,    0.0000000000E+00,    2.6706645056E+02,    2.6706645056E+02,    0.0000000000E+00,    0.0000000000E+00,    0.0000000000E+00,    2.6706645056E+02
    175650,      0.676957,CP0_start,   1,    0.0000000000E+00,    2.6724410235E+02,    2.6724410235E+02,    0.0000000000E+00,    0.0000000000E+00,    0.0000000000E+00,    2.6724410235E+02
    175650,      0.676957,CP1_after_deposition,   1,    0.0000000000E+00,    2.6724410235E+02,    2.6724410235E+02,    0.0000000000E+00,    0.0000000000E+00,    0.0000000000E+00,    2.6724410235E+02
    175650,      0.676957,CP2_after_erosion,   1,    0.0000000000E+00,    2.6724410235E+02,    2.6724410235E+02,    0.0000000000E+00,    0.0000000000E+00,    0.0000000000E+00,    2.6724410235E+02
    175650,      0.676957,CP3_after_update_bottom,   1,    0.0000000000E+00,    2.6724410235E+02,    2.6724410235E+02,    0.0000000000E+00,    0.0000000000E+00,    0.0000000000E+00,    2.6724410235E+02
    175650,      0.676957,CP4_after_advection,   1,    0.0000000000E+00,    2.6725115260E+02,    2.6725115260E+02,    0.0000000000E+00,    0.0000000000E+00,    0.0000000000E+00,    2.6725115260E+02
    175650,      0.676957,CP5_after_vdif,   1,    0.0000000000E+00,    2.6725115260E+02,    2.6725115260E+02,    0.0000000000E+00,    0.0000000000E+00,    0.0000000000E+00,    2.6725115260E+02
    175650,      0.676957,CP6_after_kinetics,   1,    0.0000000000E+00,    2.6725115260E+02,    2.6725115260E+02,    0.0000000000E+00,    0.0000000000E+00,    0.0000000000E+00,    2.6725115260E+02
    175650,      0.676957,CP7_after_upper_clamp,   1,    0.0000000000E+00,    2.6725115260E+02,    2.6725115260E+02,    0.0000000000E+00,    0.0000000000E+00,    0.0000000000E+00,    2.6725115260E+02
    175650,      0.676957,CP8_after_OBC,   1,    0.0000000000E+00,    2.6725115260E+02,    2.6725115260E+02,    0.0000000000E+00,    0.0000000000E+00,    0.0000000000E+00,    2.6725115260E+02
    175650,      0.676957,CP9_after_PTsource,   1,    0.0000000000E+00,    2.6725115260E+02,    2.6725115260E+02,    0.0000000000E+00,    0.0000000000E+00,    0.0000000000E+00,    2.6725115260E+02
    175650,      0.676957,CP10_after_neg_clamp,   1,    0.0000000000E+00,    2.6725115260E+02,    2.6725115260E+02,    0.0000000000E+00,    0.0000000000E+00,    0.0000000000E+00,    2.6725115260E+02
    175650,      0.676957,CP11_after_MPI,   1,    0.0000000000E+00,    2.6725115260E+02,    2.6725115260E+02,    0.0000000000E+00,    0.0000000000E+00,    0.0000000000E+00,    2.6725115260E+02
    175650,      0.676957,CP12_end,   1,    0.0000000000E+00,    2.6725115260E+02,    2.6725115260E+02,    0.0000000000E+00,    0.0000000000E+00,    0.0000000000E+00,    2.6725115260E+02
    175700,      0.676957,CP0_start,   1,    0.0000000000E+00,    2.6742887295E+02,    2.6742887295E+02,    0.0000000000E+00,    0.0000000000E+00,    0.0000000000E+00,    2.6742887295E+02
    175700,      0.676957,CP1_after_deposition,   1,    0.0000000000E+00,    2.6742887295E+02,    2.6742887295E+02,    0.0000000000E+00,    0.0000000000E+00,    0.0000000000E+00,    2.6742887295E+02
    175700,      0.676957,CP2_after_erosion,   1,    0.0000000000E+00,    2.6742887295E+02,    2.6742887295E+02,    0.0000000000E+00,    0.0000000000E+00,    0.0000000000E+00,    2.6742887295E+02
    175700,      0.676957,CP3_after_update_bottom,   1,    0.0000000000E+00,    2.6742887295E+02,    2.6742887295E+02,    0.0000000000E+00,    0.0000000000E+00,    0.0000000000E+00,    2.6742887295E+02
    175700,      0.676957,CP4_after_advection,   1,    0.0000000000E+00,    2.6743583056E+02,    2.6743583056E+02,    0.0000000000E+00,    0.0000000000E+00,    0.0000000000E+00,    2.6743583056E+02
    175700,      0.676957,CP5_after_vdif,   1,    0.0000000000E+00,    2.6743583056E+02,    2.6743583056E+02,    0.0000000000E+00,    0.0000000000E+00,    0.0000000000E+00,    2.6743583056E+02
    175700,      0.676957,CP6_after_kinetics,   1,    0.0000000000E+00,    2.6743583056E+02,    2.6743583056E+02,    0.0000000000E+00,    0.0000000000E+00,    0.0000000000E+00,    2.6743583056E+02
    175700,      0.676957,CP7_after_upper_clamp,   1,    0.0000000000E+00,    2.6743583056E+02,    2.6743583056E+02,    0.0000000000E+00,    0.0000000000E+00,    0.0000000000E+00,    2.6743583056E+02
    175700,      0.676957,CP8_after_OBC,   1,    0.0000000000E+00,    2.6743583056E+02,    2.6743583056E+02,    0.0000000000E+00,    0.0000000000E+00,    0.0000000000E+00,    2.6743583056E+02
    175700,      0.676957,CP9_after_PTsource,   1,    0.0000000000E+00,    2.6743583056E+02,    2.6743583056E+02,    0.0000000000E+00,    0.0000000000E+00,    0.0000000000E+00,    2.6743583056E+02
    175700,      0.676957,CP10_after_neg_clamp,   1,    0.0000000000E+00,    2.6743583056E+02,    2.6743583056E+02,    0.0000000000E+00,    0.0000000000E+00,    0.0000000000E+00,    2.6743583056E+02
    175700,      0.676957,CP11_after_MPI,   1,    0.0000000000E+00,    2.6743583056E+02,    2.6743583056E+02,    0.0000000000E+00,    0.0000000000E+00,    0.0000000000E+00,    2.6743583056E+02
    175700,      0.676957,CP12_end,   1,    0.0000000000E+00,    2.6743583056E+02,    2.6743583056E+02,    0.0000000000E+00,    0.0000000000E+00,    0.0000000000E+00,    2.6743583056E+02
    175750,      0.676957,CP0_start,   1,    0.0000000000E+00,    2.6761366578E+02,    2.6761366578E+02,    0.0000000000E+00,    0.0000000000E+00,    0.0000000000E+00,    2.6761366578E+02
    175750,      0.676957,CP1_after_deposition,   1,    0.0000000000E+00,    2.6761366578E+02,    2.6761366578E+02,    0.0000000000E+00,    0.0000000000E+00,    0.0000000000E+00,    2.6761366578E+02
    175750,      0.676957,CP2_after_erosion,   1,    0.0000000000E+00,    2.6761366578E+02,    2.6761366578E+02,    0.0000000000E+00,    0.0000000000E+00,    0.0000000000E+00,    2.6761366578E+02
    175750,      0.676957,CP3_after_update_bottom,   1,    0.0000000000E+00,    2.6761366578E+02,    2.6761366578E+02,    0.0000000000E+00,    0.0000000000E+00,    0.0000000000E+00,    2.6761366578E+02
    175750,      0.676957,CP4_after_advection,   1,    0.0000000000E+00,    2.6762052726E+02,    2.6762052726E+02,    0.0000000000E+00,    0.0000000000E+00,    0.0000000000E+00,    2.6762052726E+02
    175750,      0.676957,CP5_after_vdif,   1,    0.0000000000E+00,    2.6762052726E+02,    2.6762052726E+02,    0.0000000000E+00,    0.0000000000E+00,    0.0000000000E+00,    2.6762052726E+02
    175750,      0.676957,CP6_after_kinetics,   1,    0.0000000000E+00,    2.6762052726E+02,    2.6762052726E+02,    0.0000000000E+00,    0.0000000000E+00,    0.0000000000E+00,    2.6762052726E+02
    175750,      0.676957,CP7_after_upper_clamp,   1,    0.0000000000E+00,    2.6762052726E+02,    2.6762052726E+02,    0.0000000000E+00,    0.0000000000E+00,    0.0000000000E+00,    2.6762052726E+02
    175750,      0.676957,CP8_after_OBC,   1,    0.0000000000E+00,    2.6762052726E+02,    2.6762052726E+02,    0.0000000000E+00,    0.0000000000E+00,    0.0000000000E+00,    2.6762052726E+02
    175750,      0.676957,CP9_after_PTsource,   1,    0.0000000000E+00,    2.6762052726E+02,    2.6762052726E+02,    0.0000000000E+00,    0.0000000000E+00,    0.0000000000E+00,    2.6762052726E+02
    175750,      0.676957,CP10_after_neg_clamp,   1,    0.0000000000E+00,    2.6762052726E+02,    2.6762052726E+02,    0.0000000000E+00,    0.0000000000E+00,    0.0000000000E+00,    2.6762052726E+02
    175750,      0.676957,CP11_after_MPI,   1,    0.0000000000E+00,    2.6762052726E+02,    2.6762052726E+02,    0.0000000000E+00,    0.0000000000E+00,    0.0000000000E+00,    2.6762052726E+02
    175750,      0.676957,CP12_end,   1,    0.0000000000E+00,    2.6762052726E+02,    2.6762052726E+02,    0.0000000000E+00,    0.0000000000E+00,    0.0000000000E+00,    2.6762052726E+02
    175800,      0.676957,CP0_start,   1,    0.0000000000E+00,    2.6779857852E+02,    2.6779857852E+02,    0.0000000000E+00,    0.0000000000E+00,    0.0000000000E+00,    2.6779857852E+02
    175800,      0.676957,CP1_after_deposition,   1,    0.0000000000E+00,    2.6779857852E+02,    2.6779857852E+02,    0.0000000000E+00,    0.0000000000E+00,    0.0000000000E+00,    2.6779857852E+02
    175800,      0.676957,CP2_after_erosion,   1,    0.0000000000E+00,    2.6779857852E+02,    2.6779857852E+02,    0.0000000000E+00,    0.0000000000E+00,    0.0000000000E+00,    2.6779857852E+02
    175800,      0.676957,CP3_after_update_bottom,   1,    0.0000000000E+00,    2.6779857852E+02,    2.6779857852E+02,    0.0000000000E+00,    0.0000000000E+00,    0.0000000000E+00,    2.6779857852E+02
    175800,      0.676957,CP4_after_advection,   1,    0.0000000000E+00,    2.6780533790E+02,    2.6780533790E+02,    0.0000000000E+00,    0.0000000000E+00,    0.0000000000E+00,    2.6780533790E+02
    175800,      0.676957,CP5_after_vdif,   1,    0.0000000000E+00,    2.6780533790E+02,    2.6780533790E+02,    0.0000000000E+00,    0.0000000000E+00,    0.0000000000E+00,    2.6780533790E+02
    175800,      0.676957,CP6_after_kinetics,   1,    0.0000000000E+00,    2.6780533790E+02,    2.6780533790E+02,    0.0000000000E+00,    0.0000000000E+00,    0.0000000000E+00,    2.6780533790E+02
    175800,      0.676957,CP7_after_upper_clamp,   1,    0.0000000000E+00,    2.6780533790E+02,    2.6780533790E+02,    0.0000000000E+00,    0.0000000000E+00,    0.0000000000E+00,    2.6780533790E+02
    175800,      0.676957,CP8_after_OBC,   1,    0.0000000000E+00,    2.6780533790E+02,    2.6780533790E+02,    0.0000000000E+00,    0.0000000000E+00,    0.0000000000E+00,    2.6780533790E+02
    175800,      0.676957,CP9_after_PTsource,   1,    0.0000000000E+00,    2.6780533790E+02,    2.6780533790E+02,    0.0000000000E+00,    0.0000000000E+00,    0.0000000000E+00,    2.6780533790E+02
    175800,      0.676957,CP10_after_neg_clamp,   1,    0.0000000000E+00,    2.6780533790E+02,    2.6780533790E+02,    0.0000000000E+00,    0.0000000000E+00,    0.0000000000E+00,    2.6780533790E+02
    175800,      0.676957,CP11_after_MPI,   1,    0.0000000000E+00,    2.6780533790E+02,    2.6780533790E+02,    0.0000000000E+00,    0.0000000000E+00,    0.0000000000E+00,    2.6780533790E+02
    175800,      0.676957,CP12_end,   1,    0.0000000000E+00,    2.6780533790E+02,    2.6780533790E+02,    0.0000000000E+00,    0.0000000000E+00,    0.0000000000E+00,    2.6780533790E+02
    175850,      0.676957,CP0_start,   1,    0.0000000000E+00,    2.6798363048E+02,    2.6798363048E+02,    0.0000000000E+00,    0.0000000000E+00,    0.0000000000E+00,    2.6798363048E+02
    175850,      0.676957,CP1_after_deposition,   1,    0.0000000000E+00,    2.6798363048E+02,    2.6798363048E+02,    0.0000000000E+00,    0.0000000000E+00,    0.0000000000E+00,    2.6798363048E+02
    175850,      0.676957,CP2_after_erosion,   1,    0.0000000000E+00,    2.6798363048E+02,    2.6798363048E+02,    0.0000000000E+00,    0.0000000000E+00,    0.0000000000E+00,    2.6798363048E+02
    175850,      0.676957,CP3_after_update_bottom,   1,    0.0000000000E+00,    2.6798363048E+02,    2.6798363048E+02,    0.0000000000E+00,    0.0000000000E+00,    0.0000000000E+00,    2.6798363048E+02
    175850,      0.676957,CP4_after_advection,   1,    0.0000000000E+00,    2.6799028922E+02,    2.6799028922E+02,    0.0000000000E+00,    0.0000000000E+00,    0.0000000000E+00,    2.6799028922E+02
    175850,      0.676957,CP5_after_vdif,   1,    0.0000000000E+00,    2.6799028922E+02,    2.6799028922E+02,    0.0000000000E+00,    0.0000000000E+00,    0.0000000000E+00,    2.6799028922E+02
    175850,      0.676957,CP6_after_kinetics,   1,    0.0000000000E+00,    2.6799028922E+02,    2.6799028922E+02,    0.0000000000E+00,    0.0000000000E+00,    0.0000000000E+00,    2.6799028922E+02
    175850,      0.676957,CP7_after_upper_clamp,   1,    0.0000000000E+00,    2.6799028922E+02,    2.6799028922E+02,    0.0000000000E+00,    0.0000000000E+00,    0.0000000000E+00,    2.6799028922E+02
    175850,      0.676957,CP8_after_OBC,   1,    0.0000000000E+00,    2.6799028922E+02,    2.6799028922E+02,    0.0000000000E+00,    0.0000000000E+00,    0.0000000000E+00,    2.6799028922E+02
    175850,      0.676957,CP9_after_PTsource,   1,    0.0000000000E+00,    2.6799028922E+02,    2.6799028922E+02,    0.0000000000E+00,    0.0000000000E+00,    0.0000000000E+00,    2.6799028922E+02
    175850,      0.676957,CP10_after_neg_clamp,   1,    0.0000000000E+00,    2.6799028922E+02,    2.6799028922E+02,    0.0000000000E+00,    0.0000000000E+00,    0.0000000000E+00,    2.6799028922E+02
    175850,      0.676957,CP11_after_MPI,   1,    0.0000000000E+00,    2.6799028922E+02,    2.6799028922E+02,    0.0000000000E+00,    0.0000000000E+00,    0.0000000000E+00,    2.6799028922E+02
    175850,      0.676957,CP12_end,   1,    0.0000000000E+00,    2.6799028922E+02,    2.6799028922E+02,    0.0000000000E+00,    0.0000000000E+00,    0.0000000000E+00,    2.6799028922E+02
    175900,      0.676957,CP0_start,   1,    0.0000000000E+00,    2.6816890525E+02,    2.6816890525E+02,    0.0000000000E+00,    0.0000000000E+00,    0.0000000000E+00,    2.6816890525E+02
    175900,      0.676957,CP1_after_deposition,   1,    0.0000000000E+00,    2.6816890525E+02,    2.6816890525E+02,    0.0000000000E+00,    0.0000000000E+00,    0.0000000000E+00,    2.6816890525E+02
    175900,      0.676957,CP2_after_erosion,   1,    0.0000000000E+00,    2.6816890525E+02,    2.6816890525E+02,    0.0000000000E+00,    0.0000000000E+00,    0.0000000000E+00,    2.6816890525E+02
    175900,      0.676957,CP3_after_update_bottom,   1,    0.0000000000E+00,    2.6816890525E+02,    2.6816890525E+02,    0.0000000000E+00,    0.0000000000E+00,    0.0000000000E+00,    2.6816890525E+02
    175900,      0.676957,CP4_after_advection,   1,    0.0000000000E+00,    2.6817546241E+02,    2.6817546241E+02,    0.0000000000E+00,    0.0000000000E+00,    0.0000000000E+00,    2.6817546241E+02
    175900,      0.676957,CP5_after_vdif,   1,    0.0000000000E+00,    2.6817546241E+02,    2.6817546241E+02,    0.0000000000E+00,    0.0000000000E+00,    0.0000000000E+00,    2.6817546241E+02
    175900,      0.676957,CP6_after_kinetics,   1,    0.0000000000E+00,    2.6817546241E+02,    2.6817546241E+02,    0.0000000000E+00,    0.0000000000E+00,    0.0000000000E+00,    2.6817546241E+02
    175900,      0.676957,CP7_after_upper_clamp,   1,    0.0000000000E+00,    2.6817546241E+02,    2.6817546241E+02,    0.0000000000E+00,    0.0000000000E+00,    0.0000000000E+00,    2.6817546241E+02
    175900,      0.676957,CP8_after_OBC,   1,    0.0000000000E+00,    2.6817546241E+02,    2.6817546241E+02,    0.0000000000E+00,    0.0000000000E+00,    0.0000000000E+00,    2.6817546241E+02
    175900,      0.676957,CP9_after_PTsource,   1,    0.0000000000E+00,    2.6817546241E+02,    2.6817546241E+02,    0.0000000000E+00,    0.0000000000E+00,    0.0000000000E+00,    2.6817546241E+02
    175900,      0.676957,CP10_after_neg_clamp,   1,    0.0000000000E+00,    2.6817546241E+02,    2.6817546241E+02,    0.0000000000E+00,    0.0000000000E+00,    0.0000000000E+00,    2.6817546241E+02
    175900,      0.676957,CP11_after_MPI,   1,    0.0000000000E+00,    2.6817546241E+02,    2.6817546241E+02,    0.0000000000E+00,    0.0000000000E+00,    0.0000000000E+00,    2.6817546241E+02
    175900,      0.676957,CP12_end,   1,    0.0000000000E+00,    2.6817546241E+02,    2.6817546241E+02,    0.0000000000E+00,    0.0000000000E+00,    0.0000000000E+00,    2.6817546241E+02
    175950,      0.676957,CP0_start,   1,    0.0000000000E+00,    2.6835444076E+02,    2.6835444076E+02,    0.0000000000E+00,    0.0000000000E+00,    0.0000000000E+00,    2.6835444076E+02
    175950,      0.676957,CP1_after_deposition,   1,    0.0000000000E+00,    2.6835444076E+02,    2.6835444076E+02,    0.0000000000E+00,    0.0000000000E+00,    0.0000000000E+00,    2.6835444076E+02
    175950,      0.676957,CP2_after_erosion,   1,    0.0000000000E+00,    2.6835444076E+02,    2.6835444076E+02,    0.0000000000E+00,    0.0000000000E+00,    0.0000000000E+00,    2.6835444076E+02
    175950,      0.676957,CP3_after_update_bottom,   1,    0.0000000000E+00,    2.6835444076E+02,    2.6835444076E+02,    0.0000000000E+00,    0.0000000000E+00,    0.0000000000E+00,    2.6835444076E+02
    175950,      0.676957,CP4_after_advection,   1,    0.0000000000E+00,    2.6836089318E+02,    2.6836089318E+02,    0.0000000000E+00,    0.0000000000E+00,    0.0000000000E+00,    2.6836089318E+02
    175950,      0.676957,CP5_after_vdif,   1,    0.0000000000E+00,    2.6836089318E+02,    2.6836089318E+02,    0.0000000000E+00,    0.0000000000E+00,    0.0000000000E+00,    2.6836089318E+02
    175950,      0.676957,CP6_after_kinetics,   1,    0.0000000000E+00,    2.6836089318E+02,    2.6836089318E+02,    0.0000000000E+00,    0.0000000000E+00,    0.0000000000E+00,    2.6836089318E+02
    175950,      0.676957,CP7_after_upper_clamp,   1,    0.0000000000E+00,    2.6836089318E+02,    2.6836089318E+02,    0.0000000000E+00,    0.0000000000E+00,    0.0000000000E+00,    2.6836089318E+02
    175950,      0.676957,CP8_after_OBC,   1,    0.0000000000E+00,    2.6836089318E+02,    2.6836089318E+02,    0.0000000000E+00,    0.0000000000E+00,    0.0000000000E+00,    2.6836089318E+02
    175950,      0.676957,CP9_after_PTsource,   1,    0.0000000000E+00,    2.6836089318E+02,    2.6836089318E+02,    0.0000000000E+00,    0.0000000000E+00,    0.0000000000E+00,    2.6836089318E+02
    175950,      0.676957,CP10_after_neg_clamp,   1,    0.0000000000E+00,    2.6836089318E+02,    2.6836089318E+02,    0.0000000000E+00,    0.0000000000E+00,    0.0000000000E+00,    2.6836089318E+02
    175950,      0.676957,CP11_after_MPI,   1,    0.0000000000E+00,    2.6836089318E+02,    2.6836089318E+02,    0.0000000000E+00,    0.0000000000E+00,    0.0000000000E+00,    2.6836089318E+02
    175950,      0.676957,CP12_end,   1,    0.0000000000E+00,    2.6836089318E+02,    2.6836089318E+02,    0.0000000000E+00,    0.0000000000E+00,    0.0000000000E+00,    2.6836089318E+02
    176000,      0.676957,CP0_start,   1,    0.0000000000E+00,    2.6854022322E+02,    2.6854022322E+02,    0.0000000000E+00,    0.0000000000E+00,    0.0000000000E+00,    2.6854022322E+02
    176000,      0.676957,CP1_after_deposition,   1,    0.0000000000E+00,    2.6854022322E+02,    2.6854022322E+02,    0.0000000000E+00,    0.0000000000E+00,    0.0000000000E+00,    2.6854022322E+02
    176000,      0.676957,CP2_after_erosion,   1,    0.0000000000E+00,    2.6854022322E+02,    2.6854022322E+02,    0.0000000000E+00,    0.0000000000E+00,    0.0000000000E+00,    2.6854022322E+02
    176000,      0.676957,CP3_after_update_bottom,   1,    0.0000000000E+00,    2.6854022322E+02,    2.6854022322E+02,    0.0000000000E+00,    0.0000000000E+00,    0.0000000000E+00,    2.6854022322E+02
    176000,      0.676957,CP4_after_advection,   1,    0.0000000000E+00,    2.6854656550E+02,    2.6854656550E+02,    0.0000000000E+00,    0.0000000000E+00,    0.0000000000E+00,    2.6854656550E+02
    176000,      0.676957,CP5_after_vdif,   1,    0.0000000000E+00,    2.6854656550E+02,    2.6854656550E+02,    0.0000000000E+00,    0.0000000000E+00,    0.0000000000E+00,    2.6854656550E+02
    176000,      0.676957,CP6_after_kinetics,   1,    0.0000000000E+00,    2.6854656550E+02,    2.6854656550E+02,    0.0000000000E+00,    0.0000000000E+00,    0.0000000000E+00,    2.6854656550E+02
    176000,      0.676957,CP7_after_upper_clamp,   1,    0.0000000000E+00,    2.6854656550E+02,    2.6854656550E+02,    0.0000000000E+00,    0.0000000000E+00,    0.0000000000E+00,    2.6854656550E+02
    176000,      0.676957,CP8_after_OBC,   1,    0.0000000000E+00,    2.6854656550E+02,    2.6854656550E+02,    0.0000000000E+00,    0.0000000000E+00,    0.0000000000E+00,    2.6854656550E+02
    176000,      0.676957,CP9_after_PTsource,   1,    0.0000000000E+00,    2.6854656550E+02,    2.6854656550E+02,    0.0000000000E+00,    0.0000000000E+00,    0.0000000000E+00,    2.6854656550E+02
    176000,      0.676957,CP10_after_neg_clamp,   1,    0.0000000000E+00,    2.6854656550E+02,    2.6854656550E+02,    0.0000000000E+00,    0.0000000000E+00,    0.0000000000E+00,    2.6854656550E+02
    176000,      0.676957,CP11_after_MPI,   1,    0.0000000000E+00,    2.6854656550E+02,    2.6854656550E+02,    0.0000000000E+00,    0.0000000000E+00,    0.0000000000E+00,    2.6854656550E+02
    176000,      0.676957,CP12_end,   1,    0.0000000000E+00,    2.6854656550E+02,    2.6854656550E+02,    0.0000000000E+00,    0.0000000000E+00,    0.0000000000E+00,    2.6854656550E+02
    176050,      0.676957,CP0_start,   1,    0.0000000000E+00,    2.6872628769E+02,    2.6872628769E+02,    0.0000000000E+00,    0.0000000000E+00,    0.0000000000E+00,    2.6872628769E+02
    176050,      0.676957,CP1_after_deposition,   1,    0.0000000000E+00,    2.6872628769E+02,    2.6872628769E+02,    0.0000000000E+00,    0.0000000000E+00,    0.0000000000E+00,    2.6872628769E+02
    176050,      0.676957,CP2_after_erosion,   1,    0.0000000000E+00,    2.6872628769E+02,    2.6872628769E+02,    0.0000000000E+00,    0.0000000000E+00,    0.0000000000E+00,    2.6872628769E+02
    176050,      0.676957,CP3_after_update_bottom,   1,    0.0000000000E+00,    2.6872628769E+02,    2.6872628769E+02,    0.0000000000E+00,    0.0000000000E+00,    0.0000000000E+00,    2.6872628769E+02
    176050,      0.676957,CP4_after_advection,   1,    0.0000000000E+00,    2.6873252230E+02,    2.6873252230E+02,    0.0000000000E+00,    0.0000000000E+00,    0.0000000000E+00,    2.6873252230E+02
    176050,      0.676957,CP5_after_vdif,   1,    0.0000000000E+00,    2.6873252230E+02,    2.6873252230E+02,    0.0000000000E+00,    0.0000000000E+00,    0.0000000000E+00,    2.6873252230E+02
    176050,      0.676957,CP6_after_kinetics,   1,    0.0000000000E+00,    2.6873252230E+02,    2.6873252230E+02,    0.0000000000E+00,    0.0000000000E+00,    0.0000000000E+00,    2.6873252230E+02
    176050,      0.676957,CP7_after_upper_clamp,   1,    0.0000000000E+00,    2.6873252230E+02,    2.6873252230E+02,    0.0000000000E+00,    0.0000000000E+00,    0.0000000000E+00,    2.6873252230E+02
    176050,      0.676957,CP8_after_OBC,   1,    0.0000000000E+00,    2.6873252230E+02,    2.6873252230E+02,    0.0000000000E+00,    0.0000000000E+00,    0.0000000000E+00,    2.6873252230E+02
    176050,      0.676957,CP9_after_PTsource,   1,    0.0000000000E+00,    2.6873252230E+02,    2.6873252230E+02,    0.0000000000E+00,    0.0000000000E+00,    0.0000000000E+00,    2.6873252230E+02
    176050,      0.676957,CP10_after_neg_clamp,   1,    0.0000000000E+00,    2.6873252230E+02,    2.6873252230E+02,    0.0000000000E+00,    0.0000000000E+00,    0.0000000000E+00,    2.6873252230E+02
    176050,      0.676957,CP11_after_MPI,   1,    0.0000000000E+00,    2.6873252230E+02,    2.6873252230E+02,    0.0000000000E+00,    0.0000000000E+00,    0.0000000000E+00,    2.6873252230E+02
    176050,      0.676957,CP12_end,   1,    0.0000000000E+00,    2.6873252230E+02,    2.6873252230E+02,    0.0000000000E+00,    0.0000000000E+00,    0.0000000000E+00,    2.6873252230E+02
    176100,      0.676957,CP0_start,   1,    0.0000000000E+00,    2.6891258104E+02,    2.6891258104E+02,    0.0000000000E+00,    0.0000000000E+00,    0.0000000000E+00,    2.6891258104E+02
    176100,      0.676957,CP1_after_deposition,   1,    0.0000000000E+00,    2.6891258104E+02,    2.6891258104E+02,    0.0000000000E+00,    0.0000000000E+00,    0.0000000000E+00,    2.6891258104E+02
    176100,      0.676957,CP2_after_erosion,   1,    0.0000000000E+00,    2.6891258104E+02,    2.6891258104E+02,    0.0000000000E+00,    0.0000000000E+00,    0.0000000000E+00,    2.6891258104E+02
    176100,      0.676957,CP3_after_update_bottom,   1,    0.0000000000E+00,    2.6891258104E+02,    2.6891258104E+02,    0.0000000000E+00,    0.0000000000E+00,    0.0000000000E+00,    2.6891258104E+02
    176100,      0.676957,CP4_after_advection,   1,    0.0000000000E+00,    2.6891870920E+02,    2.6891870920E+02,    0.0000000000E+00,    0.0000000000E+00,    0.0000000000E+00,    2.6891870920E+02
    176100,      0.676957,CP5_after_vdif,   1,    0.0000000000E+00,    2.6891870920E+02,    2.6891870920E+02,    0.0000000000E+00,    0.0000000000E+00,    0.0000000000E+00,    2.6891870920E+02
    176100,      0.676957,CP6_after_kinetics,   1,    0.0000000000E+00,    2.6891870920E+02,    2.6891870920E+02,    0.0000000000E+00,    0.0000000000E+00,    0.0000000000E+00,    2.6891870920E+02
    176100,      0.676957,CP7_after_upper_clamp,   1,    0.0000000000E+00,    2.6891870920E+02,    2.6891870920E+02,    0.0000000000E+00,    0.0000000000E+00,    0.0000000000E+00,    2.6891870920E+02
    176100,      0.676957,CP8_after_OBC,   1,    0.0000000000E+00,    2.6891870920E+02,    2.6891870920E+02,    0.0000000000E+00,    0.0000000000E+00,    0.0000000000E+00,    2.6891870920E+02
    176100,      0.676957,CP9_after_PTsource,   1,    0.0000000000E+00,    2.6891870920E+02,    2.6891870920E+02,    0.0000000000E+00,    0.0000000000E+00,    0.0000000000E+00,    2.6891870920E+02
    176100,      0.676957,CP10_after_neg_clamp,   1,    0.0000000000E+00,    2.6891870920E+02,    2.6891870920E+02,    0.0000000000E+00,    0.0000000000E+00,    0.0000000000E+00,    2.6891870920E+02
    176100,      0.676957,CP11_after_MPI,   1,    0.0000000000E+00,    2.6891870920E+02,    2.6891870920E+02,    0.0000000000E+00,    0.0000000000E+00,    0.0000000000E+00,    2.6891870920E+02
    176100,      0.676957,CP12_end,   1,    0.0000000000E+00,    2.6891870920E+02,    2.6891870920E+02,    0.0000000000E+00,    0.0000000000E+00,    0.0000000000E+00,    2.6891870920E+02
    176150,      0.676957,CP0_start,   1,    0.0000000000E+00,    2.6909905284E+02,    2.6909905284E+02,    0.0000000000E+00,    0.0000000000E+00,    0.0000000000E+00,    2.6909905284E+02
    176150,      0.676957,CP1_after_deposition,   1,    0.0000000000E+00,    2.6909905284E+02,    2.6909905284E+02,    0.0000000000E+00,    0.0000000000E+00,    0.0000000000E+00,    2.6909905284E+02
    176150,      0.676957,CP2_after_erosion,   1,    0.0000000000E+00,    2.6909905284E+02,    2.6909905284E+02,    0.0000000000E+00,    0.0000000000E+00,    0.0000000000E+00,    2.6909905284E+02
    176150,      0.676957,CP3_after_update_bottom,   1,    0.0000000000E+00,    2.6909905284E+02,    2.6909905284E+02,    0.0000000000E+00,    0.0000000000E+00,    0.0000000000E+00,    2.6909905284E+02
    176150,      0.676957,CP4_after_advection,   1,    0.0000000000E+00,    2.6910506768E+02,    2.6910506768E+02,    0.0000000000E+00,    0.0000000000E+00,    0.0000000000E+00,    2.6910506768E+02
    176150,      0.676957,CP5_after_vdif,   1,    0.0000000000E+00,    2.6910506768E+02,    2.6910506768E+02,    0.0000000000E+00,    0.0000000000E+00,    0.0000000000E+00,    2.6910506768E+02
    176150,      0.676957,CP6_after_kinetics,   1,    0.0000000000E+00,    2.6910506768E+02,    2.6910506768E+02,    0.0000000000E+00,    0.0000000000E+00,    0.0000000000E+00,    2.6910506768E+02
    176150,      0.676957,CP7_after_upper_clamp,   1,    0.0000000000E+00,    2.6910506768E+02,    2.6910506768E+02,    0.0000000000E+00,    0.0000000000E+00,    0.0000000000E+00,    2.6910506768E+02
    176150,      0.676957,CP8_after_OBC,   1,    0.0000000000E+00,    2.6910506768E+02,    2.6910506768E+02,    0.0000000000E+00,    0.0000000000E+00,    0.0000000000E+00,    2.6910506768E+02
    176150,      0.676957,CP9_after_PTsource,   1,    0.0000000000E+00,    2.6910506768E+02,    2.6910506768E+02,    0.0000000000E+00,    0.0000000000E+00,    0.0000000000E+00,    2.6910506768E+02
    176150,      0.676957,CP10_after_neg_clamp,   1,    0.0000000000E+00,    2.6910506768E+02,    2.6910506768E+02,    0.0000000000E+00,    0.0000000000E+00,    0.0000000000E+00,    2.6910506768E+02
    176150,      0.676957,CP11_after_MPI,   1,    0.0000000000E+00,    2.6910506768E+02,    2.6910506768E+02,    0.0000000000E+00,    0.0000000000E+00,    0.0000000000E+00,    2.6910506768E+02
    176150,      0.676957,CP12_end,   1,    0.0000000000E+00,    2.6910506768E+02,    2.6910506768E+02,    0.0000000000E+00,    0.0000000000E+00,    0.0000000000E+00,    2.6910506768E+02
    176200,      0.676957,CP0_start,   1,    0.0000000000E+00,    2.6928563957E+02,    2.6928563957E+02,    0.0000000000E+00,    0.0000000000E+00,    0.0000000000E+00,    2.6928563957E+02
    176200,      0.676957,CP1_after_deposition,   1,    0.0000000000E+00,    2.6928563957E+02,    2.6928563957E+02,    0.0000000000E+00,    0.0000000000E+00,    0.0000000000E+00,    2.6928563957E+02
    176200,      0.676957,CP2_after_erosion,   1,    0.0000000000E+00,    2.6928563957E+02,    2.6928563957E+02,    0.0000000000E+00,    0.0000000000E+00,    0.0000000000E+00,    2.6928563957E+02
    176200,      0.676957,CP3_after_update_bottom,   1,    0.0000000000E+00,    2.6928563957E+02,    2.6928563957E+02,    0.0000000000E+00,    0.0000000000E+00,    0.0000000000E+00,    2.6928563957E+02
    176200,      0.676957,CP4_after_advection,   1,    0.0000000000E+00,    2.6929153890E+02,    2.6929153890E+02,    0.0000000000E+00,    0.0000000000E+00,    0.0000000000E+00,    2.6929153890E+02
    176200,      0.676957,CP5_after_vdif,   1,    0.0000000000E+00,    2.6929153890E+02,    2.6929153890E+02,    0.0000000000E+00,    0.0000000000E+00,    0.0000000000E+00,    2.6929153890E+02
    176200,      0.676957,CP6_after_kinetics,   1,    0.0000000000E+00,    2.6929153890E+02,    2.6929153890E+02,    0.0000000000E+00,    0.0000000000E+00,    0.0000000000E+00,    2.6929153890E+02
    176200,      0.676957,CP7_after_upper_clamp,   1,    0.0000000000E+00,    2.6929153890E+02,    2.6929153890E+02,    0.0000000000E+00,    0.0000000000E+00,    0.0000000000E+00,    2.6929153890E+02
    176200,      0.676957,CP8_after_OBC,   1,    0.0000000000E+00,    2.6929153890E+02,    2.6929153890E+02,    0.0000000000E+00,    0.0000000000E+00,    0.0000000000E+00,    2.6929153890E+02
    176200,      0.676957,CP9_after_PTsource,   1,    0.0000000000E+00,    2.6929153890E+02,    2.6929153890E+02,    0.0000000000E+00,    0.0000000000E+00,    0.0000000000E+00,    2.6929153890E+02
    176200,      0.676957,CP10_after_neg_clamp,   1,    0.0000000000E+00,    2.6929153890E+02,    2.6929153890E+02,    0.0000000000E+00,    0.0000000000E+00,    0.0000000000E+00,    2.6929153890E+02
    176200,      0.676957,CP11_after_MPI,   1,    0.0000000000E+00,    2.6929153890E+02,    2.6929153890E+02,    0.0000000000E+00,    0.0000000000E+00,    0.0000000000E+00,    2.6929153890E+02
    176200,      0.676957,CP12_end,   1,    0.0000000000E+00,    2.6929153890E+02,    2.6929153890E+02,    0.0000000000E+00,    0.0000000000E+00,    0.0000000000E+00,    2.6929153890E+02
    176250,      0.676957,CP0_start,   1,    0.0000000000E+00,    2.6947221355E+02,    2.6947221355E+02,    0.0000000000E+00,    0.0000000000E+00,    0.0000000000E+00,    2.6947221355E+02
    176250,      0.676957,CP1_after_deposition,   1,    0.0000000000E+00,    2.6947221355E+02,    2.6947221355E+02,    0.0000000000E+00,    0.0000000000E+00,    0.0000000000E+00,    2.6947221355E+02
    176250,      0.676957,CP2_after_erosion,   1,    0.0000000000E+00,    2.6947221355E+02,    2.6947221355E+02,    0.0000000000E+00,    0.0000000000E+00,    0.0000000000E+00,    2.6947221355E+02
    176250,      0.676957,CP3_after_update_bottom,   1,    0.0000000000E+00,    2.6947221355E+02,    2.6947221355E+02,    0.0000000000E+00,    0.0000000000E+00,    0.0000000000E+00,    2.6947221355E+02
    176250,      0.676957,CP4_after_advection,   1,    0.0000000000E+00,    2.6947800045E+02,    2.6947800045E+02,    0.0000000000E+00,    0.0000000000E+00,    0.0000000000E+00,    2.6947800045E+02
    176250,      0.676957,CP5_after_vdif,   1,    0.0000000000E+00,    2.6947800045E+02,    2.6947800045E+02,    0.0000000000E+00,    0.0000000000E+00,    0.0000000000E+00,    2.6947800045E+02
    176250,      0.676957,CP6_after_kinetics,   1,    0.0000000000E+00,    2.6947800045E+02,    2.6947800045E+02,    0.0000000000E+00,    0.0000000000E+00,    0.0000000000E+00,    2.6947800045E+02
    176250,      0.676957,CP7_after_upper_clamp,   1,    0.0000000000E+00,    2.6947800045E+02,    2.6947800045E+02,    0.0000000000E+00,    0.0000000000E+00,    0.0000000000E+00,    2.6947800045E+02
    176250,      0.676957,CP8_after_OBC,   1,    0.0000000000E+00,    2.6947800045E+02,    2.6947800045E+02,    0.0000000000E+00,    0.0000000000E+00,    0.0000000000E+00,    2.6947800045E+02
    176250,      0.676957,CP9_after_PTsource,   1,    0.0000000000E+00,    2.6947800045E+02,    2.6947800045E+02,    0.0000000000E+00,    0.0000000000E+00,    0.0000000000E+00,    2.6947800045E+02
    176250,      0.676957,CP10_after_neg_clamp,   1,    0.0000000000E+00,    2.6947800045E+02,    2.6947800045E+02,    0.0000000000E+00,    0.0000000000E+00,    0.0000000000E+00,    2.6947800045E+02
    176250,      0.676957,CP11_after_MPI,   1,    0.0000000000E+00,    2.6947800045E+02,    2.6947800045E+02,    0.0000000000E+00,    0.0000000000E+00,    0.0000000000E+00,    2.6947800045E+02
    176250,      0.676957,CP12_end,   1,    0.0000000000E+00,    2.6947800045E+02,    2.6947800045E+02,    0.0000000000E+00,    0.0000000000E+00,    0.0000000000E+00,    2.6947800045E+02
    176300,      0.676957,CP0_start,   1,    0.0000000000E+00,    2.6965873344E+02,    2.6965873344E+02,    0.0000000000E+00,    0.0000000000E+00,    0.0000000000E+00,    2.6965873344E+02
    176300,      0.676957,CP1_after_deposition,   1,    0.0000000000E+00,    2.6965873344E+02,    2.6965873344E+02,    0.0000000000E+00,    0.0000000000E+00,    0.0000000000E+00,    2.6965873344E+02
    176300,      0.676957,CP2_after_erosion,   1,    0.0000000000E+00,    2.6965873344E+02,    2.6965873344E+02,    0.0000000000E+00,    0.0000000000E+00,    0.0000000000E+00,    2.6965873344E+02
    176300,      0.676957,CP3_after_update_bottom,   1,    0.0000000000E+00,    2.6965873344E+02,    2.6965873344E+02,    0.0000000000E+00,    0.0000000000E+00,    0.0000000000E+00,    2.6965873344E+02
    176300,      0.676957,CP4_after_advection,   1,    0.0000000000E+00,    2.6966440737E+02,    2.6966440737E+02,    0.0000000000E+00,    0.0000000000E+00,    0.0000000000E+00,    2.6966440737E+02
    176300,      0.676957,CP5_after_vdif,   1,    0.0000000000E+00,    2.6966440737E+02,    2.6966440737E+02,    0.0000000000E+00,    0.0000000000E+00,    0.0000000000E+00,    2.6966440737E+02
    176300,      0.676957,CP6_after_kinetics,   1,    0.0000000000E+00,    2.6966440737E+02,    2.6966440737E+02,    0.0000000000E+00,    0.0000000000E+00,    0.0000000000E+00,    2.6966440737E+02
    176300,      0.676957,CP7_after_upper_clamp,   1,    0.0000000000E+00,    2.6966440737E+02,    2.6966440737E+02,    0.0000000000E+00,    0.0000000000E+00,    0.0000000000E+00,    2.6966440737E+02
    176300,      0.676957,CP8_after_OBC,   1,    0.0000000000E+00,    2.6966440737E+02,    2.6966440737E+02,    0.0000000000E+00,    0.0000000000E+00,    0.0000000000E+00,    2.6966440737E+02
    176300,      0.676957,CP9_after_PTsource,   1,    0.0000000000E+00,    2.6966440737E+02,    2.6966440737E+02,    0.0000000000E+00,    0.0000000000E+00,    0.0000000000E+00,    2.6966440737E+02
    176300,      0.676957,CP10_after_neg_clamp,   1,    0.0000000000E+00,    2.6966440737E+02,    2.6966440737E+02,    0.0000000000E+00,    0.0000000000E+00,    0.0000000000E+00,    2.6966440737E+02
    176300,      0.676957,CP11_after_MPI,   1,    0.0000000000E+00,    2.6966440737E+02,    2.6966440737E+02,    0.0000000000E+00,    0.0000000000E+00,    0.0000000000E+00,    2.6966440737E+02
    176300,      0.676957,CP12_end,   1,    0.0000000000E+00,    2.6966440737E+02,    2.6966440737E+02,    0.0000000000E+00,    0.0000000000E+00,    0.0000000000E+00,    2.6966440737E+02
    176350,      0.676957,CP0_start,   1,    0.0000000000E+00,    2.6984511244E+02,    2.6984511244E+02,    0.0000000000E+00,    0.0000000000E+00,    0.0000000000E+00,    2.6984511244E+02
    176350,      0.676957,CP1_after_deposition,   1,    0.0000000000E+00,    2.6984511244E+02,    2.6984511244E+02,    0.0000000000E+00,    0.0000000000E+00,    0.0000000000E+00,    2.6984511244E+02
    176350,      0.676957,CP2_after_erosion,   1,    0.0000000000E+00,    2.6984511244E+02,    2.6984511244E+02,    0.0000000000E+00,    0.0000000000E+00,    0.0000000000E+00,    2.6984511244E+02
    176350,      0.676957,CP3_after_update_bottom,   1,    0.0000000000E+00,    2.6984511244E+02,    2.6984511244E+02,    0.0000000000E+00,    0.0000000000E+00,    0.0000000000E+00,    2.6984511244E+02
    176350,      0.676957,CP4_after_advection,   1,    0.0000000000E+00,    2.6985066947E+02,    2.6985066947E+02,    0.0000000000E+00,    0.0000000000E+00,    0.0000000000E+00,    2.6985066947E+02
    176350,      0.676957,CP5_after_vdif,   1,    0.0000000000E+00,    2.6985066947E+02,    2.6985066947E+02,    0.0000000000E+00,    0.0000000000E+00,    0.0000000000E+00,    2.6985066947E+02
    176350,      0.676957,CP6_after_kinetics,   1,    0.0000000000E+00,    2.6985066947E+02,    2.6985066947E+02,    0.0000000000E+00,    0.0000000000E+00,    0.0000000000E+00,    2.6985066947E+02
    176350,      0.676957,CP7_after_upper_clamp,   1,    0.0000000000E+00,    2.6985066947E+02,    2.6985066947E+02,    0.0000000000E+00,    0.0000000000E+00,    0.0000000000E+00,    2.6985066947E+02
    176350,      0.676957,CP8_after_OBC,   1,    0.0000000000E+00,    2.6985066947E+02,    2.6985066947E+02,    0.0000000000E+00,    0.0000000000E+00,    0.0000000000E+00,    2.6985066947E+02
    176350,      0.676957,CP9_after_PTsource,   1,    0.0000000000E+00,    2.6985066947E+02,    2.6985066947E+02,    0.0000000000E+00,    0.0000000000E+00,    0.0000000000E+00,    2.6985066947E+02
    176350,      0.676957,CP10_after_neg_clamp,   1,    0.0000000000E+00,    2.6985066947E+02,    2.6985066947E+02,    0.0000000000E+00,    0.0000000000E+00,    0.0000000000E+00,    2.6985066947E+02
    176350,      0.676957,CP11_after_MPI,   1,    0.0000000000E+00,    2.6985066947E+02,    2.6985066947E+02,    0.0000000000E+00,    0.0000000000E+00,    0.0000000000E+00,    2.6985066947E+02
    176350,      0.676957,CP12_end,   1,    0.0000000000E+00,    2.6985066947E+02,    2.6985066947E+02,    0.0000000000E+00,    0.0000000000E+00,    0.0000000000E+00,    2.6985066947E+02
    176400,      0.676957,CP0_start,   1,    0.0000000000E+00,    2.7003132778E+02,    2.7003132778E+02,    0.0000000000E+00,    0.0000000000E+00,    0.0000000000E+00,    2.7003132778E+02
    176400,      0.676957,CP1_after_deposition,   1,    0.0000000000E+00,    2.7003132778E+02,    2.7003132778E+02,    0.0000000000E+00,    0.0000000000E+00,    0.0000000000E+00,    2.7003132778E+02
    176400,      0.676957,CP2_after_erosion,   1,    0.0000000000E+00,    2.7003132778E+02,    2.7003132778E+02,    0.0000000000E+00,    0.0000000000E+00,    0.0000000000E+00,    2.7003132778E+02
    176400,      0.676957,CP3_after_update_bottom,   1,    0.0000000000E+00,    2.7003132778E+02,    2.7003132778E+02,    0.0000000000E+00,    0.0000000000E+00,    0.0000000000E+00,    2.7003132778E+02
    176400,      0.676957,CP4_after_advection,   1,    0.0000000000E+00,    2.7003676762E+02,    2.7003676762E+02,    0.0000000000E+00,    0.0000000000E+00,    0.0000000000E+00,    2.7003676762E+02
    176400,      0.676957,CP5_after_vdif,   1,    0.0000000000E+00,    2.7003676762E+02,    2.7003676762E+02,    0.0000000000E+00,    0.0000000000E+00,    0.0000000000E+00,    2.7003676762E+02
    176400,      0.676957,CP6_after_kinetics,   1,    0.0000000000E+00,    2.7003676762E+02,    2.7003676762E+02,    0.0000000000E+00,    0.0000000000E+00,    0.0000000000E+00,    2.7003676762E+02
    176400,      0.676957,CP7_after_upper_clamp,   1,    0.0000000000E+00,    2.7003676762E+02,    2.7003676762E+02,    0.0000000000E+00,    0.0000000000E+00,    0.0000000000E+00,    2.7003676762E+02
    176400,      0.676957,CP8_after_OBC,   1,    0.0000000000E+00,    2.7003676762E+02,    2.7003676762E+02,    0.0000000000E+00,    0.0000000000E+00,    0.0000000000E+00,    2.7003676762E+02
    176400,      0.676957,CP9_after_PTsource,   1,    0.0000000000E+00,    2.7003676762E+02,    2.7003676762E+02,    0.0000000000E+00,    0.0000000000E+00,    0.0000000000E+00,    2.7003676762E+02
    176400,      0.676957,CP10_after_neg_clamp,   1,    0.0000000000E+00,    2.7003676762E+02,    2.7003676762E+02,    0.0000000000E+00,    0.0000000000E+00,    0.0000000000E+00,    2.7003676762E+02
    176400,      0.676957,CP11_after_MPI,   1,    0.0000000000E+00,    2.7003676762E+02,    2.7003676762E+02,    0.0000000000E+00,    0.0000000000E+00,    0.0000000000E+00,    2.7003676762E+02
    176400,      0.676957,CP12_end,   1,    0.0000000000E+00,    2.7003676762E+02,    2.7003676762E+02,    0.0000000000E+00,    0.0000000000E+00,    0.0000000000E+00,    2.7003676762E+02
    176450,      0.676957,CP0_start,   1,    0.0000000000E+00,    2.7021738423E+02,    2.7021738423E+02,    0.0000000000E+00,    0.0000000000E+00,    0.0000000000E+00,    2.7021738423E+02
    176450,      0.676957,CP1_after_deposition,   1,    0.0000000000E+00,    2.7021738423E+02,    2.7021738423E+02,    0.0000000000E+00,    0.0000000000E+00,    0.0000000000E+00,    2.7021738423E+02
    176450,      0.676957,CP2_after_erosion,   1,    0.0000000000E+00,    2.7021738423E+02,    2.7021738423E+02,    0.0000000000E+00,    0.0000000000E+00,    0.0000000000E+00,    2.7021738423E+02
    176450,      0.676957,CP3_after_update_bottom,   1,    0.0000000000E+00,    2.7021738423E+02,    2.7021738423E+02,    0.0000000000E+00,    0.0000000000E+00,    0.0000000000E+00,    2.7021738423E+02
    176450,      0.676957,CP4_after_advection,   1,    0.0000000000E+00,    2.7022271471E+02,    2.7022271471E+02,    0.0000000000E+00,    0.0000000000E+00,    0.0000000000E+00,    2.7022271471E+02
    176450,      0.676957,CP5_after_vdif,   1,    0.0000000000E+00,    2.7022271471E+02,    2.7022271471E+02,    0.0000000000E+00,    0.0000000000E+00,    0.0000000000E+00,    2.7022271471E+02
    176450,      0.676957,CP6_after_kinetics,   1,    0.0000000000E+00,    2.7022271471E+02,    2.7022271471E+02,    0.0000000000E+00,    0.0000000000E+00,    0.0000000000E+00,    2.7022271471E+02
    176450,      0.676957,CP7_after_upper_clamp,   1,    0.0000000000E+00,    2.7022271471E+02,    2.7022271471E+02,    0.0000000000E+00,    0.0000000000E+00,    0.0000000000E+00,    2.7022271471E+02
    176450,      0.676957,CP8_after_OBC,   1,    0.0000000000E+00,    2.7022271471E+02,    2.7022271471E+02,    0.0000000000E+00,    0.0000000000E+00,    0.0000000000E+00,    2.7022271471E+02
    176450,      0.676957,CP9_after_PTsource,   1,    0.0000000000E+00,    2.7022271471E+02,    2.7022271471E+02,    0.0000000000E+00,    0.0000000000E+00,    0.0000000000E+00,    2.7022271471E+02
    176450,      0.676957,CP10_after_neg_clamp,   1,    0.0000000000E+00,    2.7022271471E+02,    2.7022271471E+02,    0.0000000000E+00,    0.0000000000E+00,    0.0000000000E+00,    2.7022271471E+02
    176450,      0.676957,CP11_after_MPI,   1,    0.0000000000E+00,    2.7022271471E+02,    2.7022271471E+02,    0.0000000000E+00,    0.0000000000E+00,    0.0000000000E+00,    2.7022271471E+02
    176450,      0.676957,CP12_end,   1,    0.0000000000E+00,    2.7022271471E+02,    2.7022271471E+02,    0.0000000000E+00,    0.0000000000E+00,    0.0000000000E+00,    2.7022271471E+02
    176500,      0.676957,CP0_start,   1,    0.0000000000E+00,    2.7040332357E+02,    2.7040332357E+02,    0.0000000000E+00,    0.0000000000E+00,    0.0000000000E+00,    2.7040332357E+02
    176500,      0.676957,CP1_after_deposition,   1,    0.0000000000E+00,    2.7040332357E+02,    2.7040332357E+02,    0.0000000000E+00,    0.0000000000E+00,    0.0000000000E+00,    2.7040332357E+02
    176500,      0.676957,CP2_after_erosion,   1,    0.0000000000E+00,    2.7040332357E+02,    2.7040332357E+02,    0.0000000000E+00,    0.0000000000E+00,    0.0000000000E+00,    2.7040332357E+02
    176500,      0.676957,CP3_after_update_bottom,   1,    0.0000000000E+00,    2.7040332357E+02,    2.7040332357E+02,    0.0000000000E+00,    0.0000000000E+00,    0.0000000000E+00,    2.7040332357E+02
    176500,      0.676957,CP4_after_advection,   1,    0.0000000000E+00,    2.7040854379E+02,    2.7040854379E+02,    0.0000000000E+00,    0.0000000000E+00,    0.0000000000E+00,    2.7040854379E+02
    176500,      0.676957,CP5_after_vdif,   1,    0.0000000000E+00,    2.7040854379E+02,    2.7040854379E+02,    0.0000000000E+00,    0.0000000000E+00,    0.0000000000E+00,    2.7040854379E+02
    176500,      0.676957,CP6_after_kinetics,   1,    0.0000000000E+00,    2.7040854379E+02,    2.7040854379E+02,    0.0000000000E+00,    0.0000000000E+00,    0.0000000000E+00,    2.7040854379E+02
    176500,      0.676957,CP7_after_upper_clamp,   1,    0.0000000000E+00,    2.7040854379E+02,    2.7040854379E+02,    0.0000000000E+00,    0.0000000000E+00,    0.0000000000E+00,    2.7040854379E+02
    176500,      0.676957,CP8_after_OBC,   1,    0.0000000000E+00,    2.7040854379E+02,    2.7040854379E+02,    0.0000000000E+00,    0.0000000000E+00,    0.0000000000E+00,    2.7040854379E+02
    176500,      0.676957,CP9_after_PTsource,   1,    0.0000000000E+00,    2.7040854379E+02,    2.7040854379E+02,    0.0000000000E+00,    0.0000000000E+00,    0.0000000000E+00,    2.7040854379E+02
    176500,      0.676957,CP10_after_neg_clamp,   1,    0.0000000000E+00,    2.7040854379E+02,    2.7040854379E+02,    0.0000000000E+00,    0.0000000000E+00,    0.0000000000E+00,    2.7040854379E+02
    176500,      0.676957,CP11_after_MPI,   1,    0.0000000000E+00,    2.7040854379E+02,    2.7040854379E+02,    0.0000000000E+00,    0.0000000000E+00,    0.0000000000E+00,    2.7040854379E+02
    176500,      0.676957,CP12_end,   1,    0.0000000000E+00,    2.7040854379E+02,    2.7040854379E+02,    0.0000000000E+00,    0.0000000000E+00,    0.0000000000E+00,    2.7040854379E+02
    176550,      0.676957,CP0_start,   1,    0.0000000000E+00,    2.7058885473E+02,    2.7058885473E+02,    0.0000000000E+00,    0.0000000000E+00,    0.0000000000E+00,    2.7058885473E+02
    176550,      0.676957,CP1_after_deposition,   1,    0.0000000000E+00,    2.7058885473E+02,    2.7058885473E+02,    0.0000000000E+00,    0.0000000000E+00,    0.0000000000E+00,    2.7058885473E+02
    176550,      0.676957,CP2_after_erosion,   1,    0.0000000000E+00,    2.7058885473E+02,    2.7058885473E+02,    0.0000000000E+00,    0.0000000000E+00,    0.0000000000E+00,    2.7058885473E+02
    176550,      0.676957,CP3_after_update_bottom,   1,    0.0000000000E+00,    2.7058885473E+02,    2.7058885473E+02,    0.0000000000E+00,    0.0000000000E+00,    0.0000000000E+00,    2.7058885473E+02
    176550,      0.676957,CP4_after_advection,   1,    0.0000000000E+00,    2.7059395448E+02,    2.7059395448E+02,    0.0000000000E+00,    0.0000000000E+00,    0.0000000000E+00,    2.7059395448E+02
    176550,      0.676957,CP5_after_vdif,   1,    0.0000000000E+00,    2.7059395448E+02,    2.7059395448E+02,    0.0000000000E+00,    0.0000000000E+00,    0.0000000000E+00,    2.7059395448E+02
    176550,      0.676957,CP6_after_kinetics,   1,    0.0000000000E+00,    2.7059395448E+02,    2.7059395448E+02,    0.0000000000E+00,    0.0000000000E+00,    0.0000000000E+00,    2.7059395448E+02
    176550,      0.676957,CP7_after_upper_clamp,   1,    0.0000000000E+00,    2.7059395448E+02,    2.7059395448E+02,    0.0000000000E+00,    0.0000000000E+00,    0.0000000000E+00,    2.7059395448E+02
    176550,      0.676957,CP8_after_OBC,   1,    0.0000000000E+00,    2.7059395448E+02,    2.7059395448E+02,    0.0000000000E+00,    0.0000000000E+00,    0.0000000000E+00,    2.7059395448E+02
    176550,      0.676957,CP9_after_PTsource,   1,    0.0000000000E+00,    2.7059395448E+02,    2.7059395448E+02,    0.0000000000E+00,    0.0000000000E+00,    0.0000000000E+00,    2.7059395448E+02
    176550,      0.676957,CP10_after_neg_clamp,   1,    0.0000000000E+00,    2.7059395448E+02,    2.7059395448E+02,    0.0000000000E+00,    0.0000000000E+00,    0.0000000000E+00,    2.7059395448E+02
    176550,      0.676957,CP11_after_MPI,   1,    0.0000000000E+00,    2.7059395448E+02,    2.7059395448E+02,    0.0000000000E+00,    0.0000000000E+00,    0.0000000000E+00,    2.7059395448E+02
    176550,      0.676957,CP12_end,   1,    0.0000000000E+00,    2.7059395448E+02,    2.7059395448E+02,    0.0000000000E+00,    0.0000000000E+00,    0.0000000000E+00,    2.7059395448E+02
    176600,      0.676957,CP0_start,   1,    0.0000000000E+00,    2.7077360658E+02,    2.7077360658E+02,    0.0000000000E+00,    0.0000000000E+00,    0.0000000000E+00,    2.7077360658E+02
    176600,      0.676957,CP1_after_deposition,   1,    0.0000000000E+00,    2.7077360658E+02,    2.7077360658E+02,    0.0000000000E+00,    0.0000000000E+00,    0.0000000000E+00,    2.7077360658E+02
    176600,      0.676957,CP2_after_erosion,   1,    0.0000000000E+00,    2.7077360658E+02,    2.7077360658E+02,    0.0000000000E+00,    0.0000000000E+00,    0.0000000000E+00,    2.7077360658E+02
    176600,      0.676957,CP3_after_update_bottom,   1,    0.0000000000E+00,    2.7077360658E+02,    2.7077360658E+02,    0.0000000000E+00,    0.0000000000E+00,    0.0000000000E+00,    2.7077360658E+02
    176600,      0.676957,CP4_after_advection,   1,    0.0000000000E+00,    2.7077857514E+02,    2.7077857514E+02,    0.0000000000E+00,    0.0000000000E+00,    0.0000000000E+00,    2.7077857514E+02
    176600,      0.676957,CP5_after_vdif,   1,    0.0000000000E+00,    2.7077857514E+02,    2.7077857514E+02,    0.0000000000E+00,    0.0000000000E+00,    0.0000000000E+00,    2.7077857514E+02
    176600,      0.676957,CP6_after_kinetics,   1,    0.0000000000E+00,    2.7077857514E+02,    2.7077857514E+02,    0.0000000000E+00,    0.0000000000E+00,    0.0000000000E+00,    2.7077857514E+02
    176600,      0.676957,CP7_after_upper_clamp,   1,    0.0000000000E+00,    2.7077857514E+02,    2.7077857514E+02,    0.0000000000E+00,    0.0000000000E+00,    0.0000000000E+00,    2.7077857514E+02
    176600,      0.676957,CP8_after_OBC,   1,    0.0000000000E+00,    2.7077857514E+02,    2.7077857514E+02,    0.0000000000E+00,    0.0000000000E+00,    0.0000000000E+00,    2.7077857514E+02
    176600,      0.676957,CP9_after_PTsource,   1,    0.0000000000E+00,    2.7077857514E+02,    2.7077857514E+02,    0.0000000000E+00,    0.0000000000E+00,    0.0000000000E+00,    2.7077857514E+02
    176600,      0.676957,CP10_after_neg_clamp,   1,    0.0000000000E+00,    2.7077857514E+02,    2.7077857514E+02,    0.0000000000E+00,    0.0000000000E+00,    0.0000000000E+00,    2.7077857514E+02
    176600,      0.676957,CP11_after_MPI,   1,    0.0000000000E+00,    2.7077857514E+02,    2.7077857514E+02,    0.0000000000E+00,    0.0000000000E+00,    0.0000000000E+00,    2.7077857514E+02
    176600,      0.676957,CP12_end,   1,    0.0000000000E+00,    2.7077857514E+02,    2.7077857514E+02,    0.0000000000E+00,    0.0000000000E+00,    0.0000000000E+00,    2.7077857514E+02
    176650,      0.676957,CP0_start,   1,    0.0000000000E+00,    2.7095726864E+02,    2.7095726864E+02,    0.0000000000E+00,    0.0000000000E+00,    0.0000000000E+00,    2.7095726864E+02
    176650,      0.676957,CP1_after_deposition,   1,    0.0000000000E+00,    2.7095726864E+02,    2.7095726864E+02,    0.0000000000E+00,    0.0000000000E+00,    0.0000000000E+00,    2.7095726864E+02
    176650,      0.676957,CP2_after_erosion,   1,    0.0000000000E+00,    2.7095726864E+02,    2.7095726864E+02,    0.0000000000E+00,    0.0000000000E+00,    0.0000000000E+00,    2.7095726864E+02
    176650,      0.676957,CP3_after_update_bottom,   1,    0.0000000000E+00,    2.7095726864E+02,    2.7095726864E+02,    0.0000000000E+00,    0.0000000000E+00,    0.0000000000E+00,    2.7095726864E+02
    176650,      0.676957,CP4_after_advection,   1,    0.0000000000E+00,    2.7096210794E+02,    2.7096210794E+02,    0.0000000000E+00,    0.0000000000E+00,    0.0000000000E+00,    2.7096210794E+02
    176650,      0.676957,CP5_after_vdif,   1,    0.0000000000E+00,    2.7096210794E+02,    2.7096210794E+02,    0.0000000000E+00,    0.0000000000E+00,    0.0000000000E+00,    2.7096210794E+02
    176650,      0.676957,CP6_after_kinetics,   1,    0.0000000000E+00,    2.7096210794E+02,    2.7096210794E+02,    0.0000000000E+00,    0.0000000000E+00,    0.0000000000E+00,    2.7096210794E+02
    176650,      0.676957,CP7_after_upper_clamp,   1,    0.0000000000E+00,    2.7096210794E+02,    2.7096210794E+02,    0.0000000000E+00,    0.0000000000E+00,    0.0000000000E+00,    2.7096210794E+02
    176650,      0.676957,CP8_after_OBC,   1,    0.0000000000E+00,    2.7096210794E+02,    2.7096210794E+02,    0.0000000000E+00,    0.0000000000E+00,    0.0000000000E+00,    2.7096210794E+02
    176650,      0.676957,CP9_after_PTsource,   1,    0.0000000000E+00,    2.7096210794E+02,    2.7096210794E+02,    0.0000000000E+00,    0.0000000000E+00,    0.0000000000E+00,    2.7096210794E+02
    176650,      0.676957,CP10_after_neg_clamp,   1,    0.0000000000E+00,    2.7096210794E+02,    2.7096210794E+02,    0.0000000000E+00,    0.0000000000E+00,    0.0000000000E+00,    2.7096210794E+02
    176650,      0.676957,CP11_after_MPI,   1,    0.0000000000E+00,    2.7096210794E+02,    2.7096210794E+02,    0.0000000000E+00,    0.0000000000E+00,    0.0000000000E+00,    2.7096210794E+02
    176650,      0.676957,CP12_end,   1,    0.0000000000E+00,    2.7096210794E+02,    2.7096210794E+02,    0.0000000000E+00,    0.0000000000E+00,    0.0000000000E+00,    2.7096210794E+02
    176700,      0.676957,CP0_start,   1,    0.0000000000E+00,    2.7113988293E+02,    2.7113988293E+02,    0.0000000000E+00,    0.0000000000E+00,    0.0000000000E+00,    2.7113988293E+02
    176700,      0.676957,CP1_after_deposition,   1,    0.0000000000E+00,    2.7113988293E+02,    2.7113988293E+02,    0.0000000000E+00,    0.0000000000E+00,    0.0000000000E+00,    2.7113988293E+02
    176700,      0.676957,CP2_after_erosion,   1,    0.0000000000E+00,    2.7113988293E+02,    2.7113988293E+02,    0.0000000000E+00,    0.0000000000E+00,    0.0000000000E+00,    2.7113988293E+02
    176700,      0.676957,CP3_after_update_bottom,   1,    0.0000000000E+00,    2.7113988293E+02,    2.7113988293E+02,    0.0000000000E+00,    0.0000000000E+00,    0.0000000000E+00,    2.7113988293E+02
    176700,      0.676957,CP4_after_advection,   1,    0.0000000000E+00,    2.7114459568E+02,    2.7114459568E+02,    0.0000000000E+00,    0.0000000000E+00,    0.0000000000E+00,    2.7114459568E+02
    176700,      0.676957,CP5_after_vdif,   1,    0.0000000000E+00,    2.7114459568E+02,    2.7114459568E+02,    0.0000000000E+00,    0.0000000000E+00,    0.0000000000E+00,    2.7114459568E+02
    176700,      0.676957,CP6_after_kinetics,   1,    0.0000000000E+00,    2.7114459568E+02,    2.7114459568E+02,    0.0000000000E+00,    0.0000000000E+00,    0.0000000000E+00,    2.7114459568E+02
    176700,      0.676957,CP7_after_upper_clamp,   1,    0.0000000000E+00,    2.7114459568E+02,    2.7114459568E+02,    0.0000000000E+00,    0.0000000000E+00,    0.0000000000E+00,    2.7114459568E+02
    176700,      0.676957,CP8_after_OBC,   1,    0.0000000000E+00,    2.7114459568E+02,    2.7114459568E+02,    0.0000000000E+00,    0.0000000000E+00,    0.0000000000E+00,    2.7114459568E+02
    176700,      0.676957,CP9_after_PTsource,   1,    0.0000000000E+00,    2.7114459568E+02,    2.7114459568E+02,    0.0000000000E+00,    0.0000000000E+00,    0.0000000000E+00,    2.7114459568E+02
    176700,      0.676957,CP10_after_neg_clamp,   1,    0.0000000000E+00,    2.7114459568E+02,    2.7114459568E+02,    0.0000000000E+00,    0.0000000000E+00,    0.0000000000E+00,    2.7114459568E+02
    176700,      0.676957,CP11_after_MPI,   1,    0.0000000000E+00,    2.7114459568E+02,    2.7114459568E+02,    0.0000000000E+00,    0.0000000000E+00,    0.0000000000E+00,    2.7114459568E+02
    176700,      0.676957,CP12_end,   1,    0.0000000000E+00,    2.7114459568E+02,    2.7114459568E+02,    0.0000000000E+00,    0.0000000000E+00,    0.0000000000E+00,    2.7114459568E+02
    176750,      0.676957,CP0_start,   1,    0.0000000000E+00,    2.7132148973E+02,    2.7132148973E+02,    0.0000000000E+00,    0.0000000000E+00,    0.0000000000E+00,    2.7132148973E+02
    176750,      0.676957,CP1_after_deposition,   1,    0.0000000000E+00,    2.7132148973E+02,    2.7132148973E+02,    0.0000000000E+00,    0.0000000000E+00,    0.0000000000E+00,    2.7132148973E+02
    176750,      0.676957,CP2_after_erosion,   1,    0.0000000000E+00,    2.7132148973E+02,    2.7132148973E+02,    0.0000000000E+00,    0.0000000000E+00,    0.0000000000E+00,    2.7132148973E+02
    176750,      0.676957,CP3_after_update_bottom,   1,    0.0000000000E+00,    2.7132148973E+02,    2.7132148973E+02,    0.0000000000E+00,    0.0000000000E+00,    0.0000000000E+00,    2.7132148973E+02
    176750,      0.676957,CP4_after_advection,   1,    0.0000000000E+00,    2.7132608017E+02,    2.7132608017E+02,    0.0000000000E+00,    0.0000000000E+00,    0.0000000000E+00,    2.7132608017E+02
    176750,      0.676957,CP5_after_vdif,   1,    0.0000000000E+00,    2.7132608017E+02,    2.7132608017E+02,    0.0000000000E+00,    0.0000000000E+00,    0.0000000000E+00,    2.7132608017E+02
    176750,      0.676957,CP6_after_kinetics,   1,    0.0000000000E+00,    2.7132608017E+02,    2.7132608017E+02,    0.0000000000E+00,    0.0000000000E+00,    0.0000000000E+00,    2.7132608017E+02
    176750,      0.676957,CP7_after_upper_clamp,   1,    0.0000000000E+00,    2.7132608017E+02,    2.7132608017E+02,    0.0000000000E+00,    0.0000000000E+00,    0.0000000000E+00,    2.7132608017E+02
    176750,      0.676957,CP8_after_OBC,   1,    0.0000000000E+00,    2.7132608017E+02,    2.7132608017E+02,    0.0000000000E+00,    0.0000000000E+00,    0.0000000000E+00,    2.7132608017E+02
    176750,      0.676957,CP9_after_PTsource,   1,    0.0000000000E+00,    2.7132608017E+02,    2.7132608017E+02,    0.0000000000E+00,    0.0000000000E+00,    0.0000000000E+00,    2.7132608017E+02
    176750,      0.676957,CP10_after_neg_clamp,   1,    0.0000000000E+00,    2.7132608017E+02,    2.7132608017E+02,    0.0000000000E+00,    0.0000000000E+00,    0.0000000000E+00,    2.7132608017E+02
    176750,      0.676957,CP11_after_MPI,   1,    0.0000000000E+00,    2.7132608017E+02,    2.7132608017E+02,    0.0000000000E+00,    0.0000000000E+00,    0.0000000000E+00,    2.7132608017E+02
    176750,      0.676957,CP12_end,   1,    0.0000000000E+00,    2.7132608017E+02,    2.7132608017E+02,    0.0000000000E+00,    0.0000000000E+00,    0.0000000000E+00,    2.7132608017E+02
    176800,      0.676957,CP0_start,   1,    0.0000000000E+00,    2.7150208834E+02,    2.7150208834E+02,    0.0000000000E+00,    0.0000000000E+00,    0.0000000000E+00,    2.7150208834E+02
    176800,      0.676957,CP1_after_deposition,   1,    0.0000000000E+00,    2.7150208834E+02,    2.7150208834E+02,    0.0000000000E+00,    0.0000000000E+00,    0.0000000000E+00,    2.7150208834E+02
    176800,      0.676957,CP2_after_erosion,   1,    0.0000000000E+00,    2.7150208834E+02,    2.7150208834E+02,    0.0000000000E+00,    0.0000000000E+00,    0.0000000000E+00,    2.7150208834E+02
    176800,      0.676957,CP3_after_update_bottom,   1,    0.0000000000E+00,    2.7150208834E+02,    2.7150208834E+02,    0.0000000000E+00,    0.0000000000E+00,    0.0000000000E+00,    2.7150208834E+02
    176800,      0.676957,CP4_after_advection,   1,    0.0000000000E+00,    2.7150655914E+02,    2.7150655914E+02,    0.0000000000E+00,    0.0000000000E+00,    0.0000000000E+00,    2.7150655914E+02
    176800,      0.676957,CP5_after_vdif,   1,    0.0000000000E+00,    2.7150655914E+02,    2.7150655914E+02,    0.0000000000E+00,    0.0000000000E+00,    0.0000000000E+00,    2.7150655914E+02
    176800,      0.676957,CP6_after_kinetics,   1,    0.0000000000E+00,    2.7150655914E+02,    2.7150655914E+02,    0.0000000000E+00,    0.0000000000E+00,    0.0000000000E+00,    2.7150655914E+02
    176800,      0.676957,CP7_after_upper_clamp,   1,    0.0000000000E+00,    2.7150655914E+02,    2.7150655914E+02,    0.0000000000E+00,    0.0000000000E+00,    0.0000000000E+00,    2.7150655914E+02
    176800,      0.676957,CP8_after_OBC,   1,    0.0000000000E+00,    2.7150655914E+02,    2.7150655914E+02,    0.0000000000E+00,    0.0000000000E+00,    0.0000000000E+00,    2.7150655914E+02
    176800,      0.676957,CP9_after_PTsource,   1,    0.0000000000E+00,    2.7150655914E+02,    2.7150655914E+02,    0.0000000000E+00,    0.0000000000E+00,    0.0000000000E+00,    2.7150655914E+02
    176800,      0.676957,CP10_after_neg_clamp,   1,    0.0000000000E+00,    2.7150655914E+02,    2.7150655914E+02,    0.0000000000E+00,    0.0000000000E+00,    0.0000000000E+00,    2.7150655914E+02
    176800,      0.676957,CP11_after_MPI,   1,    0.0000000000E+00,    2.7150655914E+02,    2.7150655914E+02,    0.0000000000E+00,    0.0000000000E+00,    0.0000000000E+00,    2.7150655914E+02
    176800,      0.676957,CP12_end,   1,    0.0000000000E+00,    2.7150655914E+02,    2.7150655914E+02,    0.0000000000E+00,    0.0000000000E+00,    0.0000000000E+00,    2.7150655914E+02
    176850,      0.676957,CP0_start,   1,    0.0000000000E+00,    2.7168151838E+02,    2.7168151838E+02,    0.0000000000E+00,    0.0000000000E+00,    0.0000000000E+00,    2.7168151838E+02
    176850,      0.676957,CP1_after_deposition,   1,    0.0000000000E+00,    2.7168151838E+02,    2.7168151838E+02,    0.0000000000E+00,    0.0000000000E+00,    0.0000000000E+00,    2.7168151838E+02
    176850,      0.676957,CP2_after_erosion,   1,    0.0000000000E+00,    2.7168151838E+02,    2.7168151838E+02,    0.0000000000E+00,    0.0000000000E+00,    0.0000000000E+00,    2.7168151838E+02
    176850,      0.676957,CP3_after_update_bottom,   1,    0.0000000000E+00,    2.7168151838E+02,    2.7168151838E+02,    0.0000000000E+00,    0.0000000000E+00,    0.0000000000E+00,    2.7168151838E+02
    176850,      0.676957,CP4_after_advection,   1,    0.0000000000E+00,    2.7168586598E+02,    2.7168586598E+02,    0.0000000000E+00,    0.0000000000E+00,    0.0000000000E+00,    2.7168586598E+02
    176850,      0.676957,CP5_after_vdif,   1,    0.0000000000E+00,    2.7168586598E+02,    2.7168586598E+02,    0.0000000000E+00,    0.0000000000E+00,    0.0000000000E+00,    2.7168586598E+02
    176850,      0.676957,CP6_after_kinetics,   1,    0.0000000000E+00,    2.7168586598E+02,    2.7168586598E+02,    0.0000000000E+00,    0.0000000000E+00,    0.0000000000E+00,    2.7168586598E+02
    176850,      0.676957,CP7_after_upper_clamp,   1,    0.0000000000E+00,    2.7168586598E+02,    2.7168586598E+02,    0.0000000000E+00,    0.0000000000E+00,    0.0000000000E+00,    2.7168586598E+02
    176850,      0.676957,CP8_after_OBC,   1,    0.0000000000E+00,    2.7168586598E+02,    2.7168586598E+02,    0.0000000000E+00,    0.0000000000E+00,    0.0000000000E+00,    2.7168586598E+02
    176850,      0.676957,CP9_after_PTsource,   1,    0.0000000000E+00,    2.7168586598E+02,    2.7168586598E+02,    0.0000000000E+00,    0.0000000000E+00,    0.0000000000E+00,    2.7168586598E+02
    176850,      0.676957,CP10_after_neg_clamp,   1,    0.0000000000E+00,    2.7168586598E+02,    2.7168586598E+02,    0.0000000000E+00,    0.0000000000E+00,    0.0000000000E+00,    2.7168586598E+02
    176850,      0.676957,CP11_after_MPI,   1,    0.0000000000E+00,    2.7168586598E+02,    2.7168586598E+02,    0.0000000000E+00,    0.0000000000E+00,    0.0000000000E+00,    2.7168586598E+02
    176850,      0.676957,CP12_end,   1,    0.0000000000E+00,    2.7168586598E+02,    2.7168586598E+02,    0.0000000000E+00,    0.0000000000E+00,    0.0000000000E+00,    2.7168586598E+02
    176900,      0.676957,CP0_start,   1,    0.0000000000E+00,    2.7185947626E+02,    2.7185947626E+02,    0.0000000000E+00,    0.0000000000E+00,    0.0000000000E+00,    2.7185947626E+02
    176900,      0.676957,CP1_after_deposition,   1,    0.0000000000E+00,    2.7185947626E+02,    2.7185947626E+02,    0.0000000000E+00,    0.0000000000E+00,    0.0000000000E+00,    2.7185947626E+02
    176900,      0.676957,CP2_after_erosion,   1,    0.0000000000E+00,    2.7185947626E+02,    2.7185947626E+02,    0.0000000000E+00,    0.0000000000E+00,    0.0000000000E+00,    2.7185947626E+02
    176900,      0.676957,CP3_after_update_bottom,   1,    0.0000000000E+00,    2.7185947626E+02,    2.7185947626E+02,    0.0000000000E+00,    0.0000000000E+00,    0.0000000000E+00,    2.7185947626E+02
    176900,      0.676957,CP4_after_advection,   1,    0.0000000000E+00,    2.7186369659E+02,    2.7186369659E+02,    0.0000000000E+00,    0.0000000000E+00,    0.0000000000E+00,    2.7186369659E+02
    176900,      0.676957,CP5_after_vdif,   1,    0.0000000000E+00,    2.7186369659E+02,    2.7186369659E+02,    0.0000000000E+00,    0.0000000000E+00,    0.0000000000E+00,    2.7186369659E+02
    176900,      0.676957,CP6_after_kinetics,   1,    0.0000000000E+00,    2.7186369659E+02,    2.7186369659E+02,    0.0000000000E+00,    0.0000000000E+00,    0.0000000000E+00,    2.7186369659E+02
    176900,      0.676957,CP7_after_upper_clamp,   1,    0.0000000000E+00,    2.7186369659E+02,    2.7186369659E+02,    0.0000000000E+00,    0.0000000000E+00,    0.0000000000E+00,    2.7186369659E+02
    176900,      0.676957,CP8_after_OBC,   1,    0.0000000000E+00,    2.7186369659E+02,    2.7186369659E+02,    0.0000000000E+00,    0.0000000000E+00,    0.0000000000E+00,    2.7186369659E+02
    176900,      0.676957,CP9_after_PTsource,   1,    0.0000000000E+00,    2.7186369659E+02,    2.7186369659E+02,    0.0000000000E+00,    0.0000000000E+00,    0.0000000000E+00,    2.7186369659E+02
    176900,      0.676957,CP10_after_neg_clamp,   1,    0.0000000000E+00,    2.7186369659E+02,    2.7186369659E+02,    0.0000000000E+00,    0.0000000000E+00,    0.0000000000E+00,    2.7186369659E+02
    176900,      0.676957,CP11_after_MPI,   1,    0.0000000000E+00,    2.7186369659E+02,    2.7186369659E+02,    0.0000000000E+00,    0.0000000000E+00,    0.0000000000E+00,    2.7186369659E+02
    176900,      0.676957,CP12_end,   1,    0.0000000000E+00,    2.7186369659E+02,    2.7186369659E+02,    0.0000000000E+00,    0.0000000000E+00,    0.0000000000E+00,    2.7186369659E+02
    176950,      0.676957,CP0_start,   1,    0.0000000000E+00,    2.7203540722E+02,    2.7203540722E+02,    0.0000000000E+00,    0.0000000000E+00,    0.0000000000E+00,    2.7203540722E+02
    176950,      0.676957,CP1_after_deposition,   1,    0.0000000000E+00,    2.7203540722E+02,    2.7203540722E+02,    0.0000000000E+00,    0.0000000000E+00,    0.0000000000E+00,    2.7203540722E+02
    176950,      0.676957,CP2_after_erosion,   1,    0.0000000000E+00,    2.7203540722E+02,    2.7203540722E+02,    0.0000000000E+00,    0.0000000000E+00,    0.0000000000E+00,    2.7203540722E+02
    176950,      0.676957,CP3_after_update_bottom,   1,    0.0000000000E+00,    2.7203540722E+02,    2.7203540722E+02,    0.0000000000E+00,    0.0000000000E+00,    0.0000000000E+00,    2.7203540722E+02
    176950,      0.676957,CP4_after_advection,   1,    0.0000000000E+00,    2.7203948348E+02,    2.7203948348E+02,    0.0000000000E+00,    0.0000000000E+00,    0.0000000000E+00,    2.7203948348E+02
    176950,      0.676957,CP5_after_vdif,   1,    0.0000000000E+00,    2.7203948348E+02,    2.7203948348E+02,    0.0000000000E+00,    0.0000000000E+00,    0.0000000000E+00,    2.7203948348E+02
    176950,      0.676957,CP6_after_kinetics,   1,    0.0000000000E+00,    2.7203948348E+02,    2.7203948348E+02,    0.0000000000E+00,    0.0000000000E+00,    0.0000000000E+00,    2.7203948348E+02
    176950,      0.676957,CP7_after_upper_clamp,   1,    0.0000000000E+00,    2.7203948348E+02,    2.7203948348E+02,    0.0000000000E+00,    0.0000000000E+00,    0.0000000000E+00,    2.7203948348E+02
    176950,      0.676957,CP8_after_OBC,   1,    0.0000000000E+00,    2.7203948348E+02,    2.7203948348E+02,    0.0000000000E+00,    0.0000000000E+00,    0.0000000000E+00,    2.7203948348E+02
    176950,      0.676957,CP9_after_PTsource,   1,    0.0000000000E+00,    2.7203948348E+02,    2.7203948348E+02,    0.0000000000E+00,    0.0000000000E+00,    0.0000000000E+00,    2.7203948348E+02
    176950,      0.676957,CP10_after_neg_clamp,   1,    0.0000000000E+00,    2.7203948348E+02,    2.7203948348E+02,    0.0000000000E+00,    0.0000000000E+00,    0.0000000000E+00,    2.7203948348E+02
    176950,      0.676957,CP11_after_MPI,   1,    0.0000000000E+00,    2.7203948348E+02,    2.7203948348E+02,    0.0000000000E+00,    0.0000000000E+00,    0.0000000000E+00,    2.7203948348E+02
    176950,      0.676957,CP12_end,   1,    0.0000000000E+00,    2.7203948348E+02,    2.7203948348E+02,    0.0000000000E+00,    0.0000000000E+00,    0.0000000000E+00,    2.7203948348E+02
    177000,      0.676957,CP0_start,   1,    0.0000000000E+00,    2.7220871889E+02,    2.7220871889E+02,    0.0000000000E+00,    0.0000000000E+00,    0.0000000000E+00,    2.7220871889E+02
    177000,      0.676957,CP1_after_deposition,   1,    0.0000000000E+00,    2.7220871889E+02,    2.7220871889E+02,    0.0000000000E+00,    0.0000000000E+00,    0.0000000000E+00,    2.7220871889E+02
    177000,      0.676957,CP2_after_erosion,   1,    0.0000000000E+00,    2.7220871889E+02,    2.7220871889E+02,    0.0000000000E+00,    0.0000000000E+00,    0.0000000000E+00,    2.7220871889E+02
    177000,      0.676957,CP3_after_update_bottom,   1,    0.0000000000E+00,    2.7220871889E+02,    2.7220871889E+02,    0.0000000000E+00,    0.0000000000E+00,    0.0000000000E+00,    2.7220871889E+02
    177000,      0.676957,CP4_after_advection,   1,    0.0000000000E+00,    2.7221264940E+02,    2.7221264940E+02,    0.0000000000E+00,    0.0000000000E+00,    0.0000000000E+00,    2.7221264940E+02
    177000,      0.676957,CP5_after_vdif,   1,    0.0000000000E+00,    2.7221264940E+02,    2.7221264940E+02,    0.0000000000E+00,    0.0000000000E+00,    0.0000000000E+00,    2.7221264940E+02
    177000,      0.676957,CP6_after_kinetics,   1,    0.0000000000E+00,    2.7221264940E+02,    2.7221264940E+02,    0.0000000000E+00,    0.0000000000E+00,    0.0000000000E+00,    2.7221264940E+02
    177000,      0.676957,CP7_after_upper_clamp,   1,    0.0000000000E+00,    2.7221264940E+02,    2.7221264940E+02,    0.0000000000E+00,    0.0000000000E+00,    0.0000000000E+00,    2.7221264940E+02
    177000,      0.676957,CP8_after_OBC,   1,    0.0000000000E+00,    2.7221264940E+02,    2.7221264940E+02,    0.0000000000E+00,    0.0000000000E+00,    0.0000000000E+00,    2.7221264940E+02
    177000,      0.676957,CP9_after_PTsource,   1,    0.0000000000E+00,    2.7221264940E+02,    2.7221264940E+02,    0.0000000000E+00,    0.0000000000E+00,    0.0000000000E+00,    2.7221264940E+02
    177000,      0.676957,CP10_after_neg_clamp,   1,    0.0000000000E+00,    2.7221264940E+02,    2.7221264940E+02,    0.0000000000E+00,    0.0000000000E+00,    0.0000000000E+00,    2.7221264940E+02
    177000,      0.676957,CP11_after_MPI,   1,    0.0000000000E+00,    2.7221264940E+02,    2.7221264940E+02,    0.0000000000E+00,    0.0000000000E+00,    0.0000000000E+00,    2.7221264940E+02
    177000,      0.676957,CP12_end,   1,    0.0000000000E+00,    2.7221264940E+02,    2.7221264940E+02,    0.0000000000E+00,    0.0000000000E+00,    0.0000000000E+00,    2.7221264940E+02
    177050,      0.676957,CP0_start,   1,    0.0000000000E+00,    2.7237945614E+02,    2.7237945614E+02,    0.0000000000E+00,    0.0000000000E+00,    0.0000000000E+00,    2.7237945614E+02
    177050,      0.676957,CP1_after_deposition,   1,    0.0000000000E+00,    2.7237945614E+02,    2.7237945614E+02,    0.0000000000E+00,    0.0000000000E+00,    0.0000000000E+00,    2.7237945614E+02
    177050,      0.676957,CP2_after_erosion,   1,    0.0000000000E+00,    2.7237945614E+02,    2.7237945614E+02,    0.0000000000E+00,    0.0000000000E+00,    0.0000000000E+00,    2.7237945614E+02
    177050,      0.676957,CP3_after_update_bottom,   1,    0.0000000000E+00,    2.7237945614E+02,    2.7237945614E+02,    0.0000000000E+00,    0.0000000000E+00,    0.0000000000E+00,    2.7237945614E+02
    177050,      0.676957,CP4_after_advection,   1,    0.0000000000E+00,    2.7238324544E+02,    2.7238324544E+02,    0.0000000000E+00,    0.0000000000E+00,    0.0000000000E+00,    2.7238324544E+02
    177050,      0.676957,CP5_after_vdif,   1,    0.0000000000E+00,    2.7238324544E+02,    2.7238324544E+02,    0.0000000000E+00,    0.0000000000E+00,    0.0000000000E+00,    2.7238324544E+02
    177050,      0.676957,CP6_after_kinetics,   1,    0.0000000000E+00,    2.7238324544E+02,    2.7238324544E+02,    0.0000000000E+00,    0.0000000000E+00,    0.0000000000E+00,    2.7238324544E+02
    177050,      0.676957,CP7_after_upper_clamp,   1,    0.0000000000E+00,    2.7238324544E+02,    2.7238324544E+02,    0.0000000000E+00,    0.0000000000E+00,    0.0000000000E+00,    2.7238324544E+02
    177050,      0.676957,CP8_after_OBC,   1,    0.0000000000E+00,    2.7238324544E+02,    2.7238324544E+02,    0.0000000000E+00,    0.0000000000E+00,    0.0000000000E+00,    2.7238324544E+02
    177050,      0.676957,CP9_after_PTsource,   1,    0.0000000000E+00,    2.7238324544E+02,    2.7238324544E+02,    0.0000000000E+00,    0.0000000000E+00,    0.0000000000E+00,    2.7238324544E+02
    177050,      0.676957,CP10_after_neg_clamp,   1,    0.0000000000E+00,    2.7238324544E+02,    2.7238324544E+02,    0.0000000000E+00,    0.0000000000E+00,    0.0000000000E+00,    2.7238324544E+02
    177050,      0.676957,CP11_after_MPI,   1,    0.0000000000E+00,    2.7238324544E+02,    2.7238324544E+02,    0.0000000000E+00,    0.0000000000E+00,    0.0000000000E+00,    2.7238324544E+02
    177050,      0.676957,CP12_end,   1,    0.0000000000E+00,    2.7238324544E+02,    2.7238324544E+02,    0.0000000000E+00,    0.0000000000E+00,    0.0000000000E+00,    2.7238324544E+02
    177100,      0.676957,CP0_start,   1,    0.0000000000E+00,    2.7254819795E+02,    2.7254819795E+02,    0.0000000000E+00,    0.0000000000E+00,    0.0000000000E+00,    2.7254819795E+02
    177100,      0.676957,CP1_after_deposition,   1,    0.0000000000E+00,    2.7254819795E+02,    2.7254819795E+02,    0.0000000000E+00,    0.0000000000E+00,    0.0000000000E+00,    2.7254819795E+02
    177100,      0.676957,CP2_after_erosion,   1,    0.0000000000E+00,    2.7254819795E+02,    2.7254819795E+02,    0.0000000000E+00,    0.0000000000E+00,    0.0000000000E+00,    2.7254819795E+02
    177100,      0.676957,CP3_after_update_bottom,   1,    0.0000000000E+00,    2.7254819795E+02,    2.7254819795E+02,    0.0000000000E+00,    0.0000000000E+00,    0.0000000000E+00,    2.7254819795E+02
    177100,      0.676957,CP4_after_advection,   1,    0.0000000000E+00,    2.7255187086E+02,    2.7255187086E+02,    0.0000000000E+00,    0.0000000000E+00,    0.0000000000E+00,    2.7255187086E+02
    177100,      0.676957,CP5_after_vdif,   1,    0.0000000000E+00,    2.7255187086E+02,    2.7255187086E+02,    0.0000000000E+00,    0.0000000000E+00,    0.0000000000E+00,    2.7255187086E+02
    177100,      0.676957,CP6_after_kinetics,   1,    0.0000000000E+00,    2.7255187086E+02,    2.7255187086E+02,    0.0000000000E+00,    0.0000000000E+00,    0.0000000000E+00,    2.7255187086E+02
    177100,      0.676957,CP7_after_upper_clamp,   1,    0.0000000000E+00,    2.7255187086E+02,    2.7255187086E+02,    0.0000000000E+00,    0.0000000000E+00,    0.0000000000E+00,    2.7255187086E+02
    177100,      0.676957,CP8_after_OBC,   1,    0.0000000000E+00,    2.7255187086E+02,    2.7255187086E+02,    0.0000000000E+00,    0.0000000000E+00,    0.0000000000E+00,    2.7255187086E+02
    177100,      0.676957,CP9_after_PTsource,   1,    0.0000000000E+00,    2.7255187086E+02,    2.7255187086E+02,    0.0000000000E+00,    0.0000000000E+00,    0.0000000000E+00,    2.7255187086E+02
    177100,      0.676957,CP10_after_neg_clamp,   1,    0.0000000000E+00,    2.7255187086E+02,    2.7255187086E+02,    0.0000000000E+00,    0.0000000000E+00,    0.0000000000E+00,    2.7255187086E+02
    177100,      0.676957,CP11_after_MPI,   1,    0.0000000000E+00,    2.7255187086E+02,    2.7255187086E+02,    0.0000000000E+00,    0.0000000000E+00,    0.0000000000E+00,    2.7255187086E+02
    177100,      0.676957,CP12_end,   1,    0.0000000000E+00,    2.7255187086E+02,    2.7255187086E+02,    0.0000000000E+00,    0.0000000000E+00,    0.0000000000E+00,    2.7255187086E+02
    177150,      0.676957,CP0_start,   1,    0.0000000000E+00,    2.7271620846E+02,    2.7271620846E+02,    0.0000000000E+00,    0.0000000000E+00,    0.0000000000E+00,    2.7271620846E+02
    177150,      0.676957,CP1_after_deposition,   1,    0.0000000000E+00,    2.7271620846E+02,    2.7271620846E+02,    0.0000000000E+00,    0.0000000000E+00,    0.0000000000E+00,    2.7271620846E+02
    177150,      0.676957,CP2_after_erosion,   1,    0.0000000000E+00,    2.7271620846E+02,    2.7271620846E+02,    0.0000000000E+00,    0.0000000000E+00,    0.0000000000E+00,    2.7271620846E+02
    177150,      0.676957,CP3_after_update_bottom,   1,    0.0000000000E+00,    2.7271620846E+02,    2.7271620846E+02,    0.0000000000E+00,    0.0000000000E+00,    0.0000000000E+00,    2.7271620846E+02
    177150,      0.676957,CP4_after_advection,   1,    0.0000000000E+00,    2.7271978959E+02,    2.7271978959E+02,    0.0000000000E+00,    0.0000000000E+00,    0.0000000000E+00,    2.7271978959E+02
    177150,      0.676957,CP5_after_vdif,   1,    0.0000000000E+00,    2.7271978959E+02,    2.7271978959E+02,    0.0000000000E+00,    0.0000000000E+00,    0.0000000000E+00,    2.7271978959E+02
    177150,      0.676957,CP6_after_kinetics,   1,    0.0000000000E+00,    2.7271978959E+02,    2.7271978959E+02,    0.0000000000E+00,    0.0000000000E+00,    0.0000000000E+00,    2.7271978959E+02
    177150,      0.676957,CP7_after_upper_clamp,   1,    0.0000000000E+00,    2.7271978959E+02,    2.7271978959E+02,    0.0000000000E+00,    0.0000000000E+00,    0.0000000000E+00,    2.7271978959E+02
    177150,      0.676957,CP8_after_OBC,   1,    0.0000000000E+00,    2.7271978959E+02,    2.7271978959E+02,    0.0000000000E+00,    0.0000000000E+00,    0.0000000000E+00,    2.7271978959E+02
    177150,      0.676957,CP9_after_PTsource,   1,    0.0000000000E+00,    2.7271978959E+02,    2.7271978959E+02,    0.0000000000E+00,    0.0000000000E+00,    0.0000000000E+00,    2.7271978959E+02
    177150,      0.676957,CP10_after_neg_clamp,   1,    0.0000000000E+00,    2.7271978959E+02,    2.7271978959E+02,    0.0000000000E+00,    0.0000000000E+00,    0.0000000000E+00,    2.7271978959E+02
    177150,      0.676957,CP11_after_MPI,   1,    0.0000000000E+00,    2.7271978959E+02,    2.7271978959E+02,    0.0000000000E+00,    0.0000000000E+00,    0.0000000000E+00,    2.7271978959E+02
    177150,      0.676957,CP12_end,   1,    0.0000000000E+00,    2.7271978959E+02,    2.7271978959E+02,    0.0000000000E+00,    0.0000000000E+00,    0.0000000000E+00,    2.7271978959E+02
    177200,      0.676957,CP0_start,   1,    0.0000000000E+00,    2.7288482567E+02,    2.7288482567E+02,    0.0000000000E+00,    0.0000000000E+00,    0.0000000000E+00,    2.7288482567E+02
    177200,      0.676957,CP1_after_deposition,   1,    0.0000000000E+00,    2.7288482567E+02,    2.7288482567E+02,    0.0000000000E+00,    0.0000000000E+00,    0.0000000000E+00,    2.7288482567E+02
    177200,      0.676957,CP2_after_erosion,   1,    0.0000000000E+00,    2.7288482567E+02,    2.7288482567E+02,    0.0000000000E+00,    0.0000000000E+00,    0.0000000000E+00,    2.7288482567E+02
    177200,      0.676957,CP3_after_update_bottom,   1,    0.0000000000E+00,    2.7288482567E+02,    2.7288482567E+02,    0.0000000000E+00,    0.0000000000E+00,    0.0000000000E+00,    2.7288482567E+02
    177200,      0.676957,CP4_after_advection,   1,    0.0000000000E+00,    2.7288833980E+02,    2.7288833980E+02,    0.0000000000E+00,    0.0000000000E+00,    0.0000000000E+00,    2.7288833980E+02
    177200,      0.676957,CP5_after_vdif,   1,    0.0000000000E+00,    2.7288833980E+02,    2.7288833980E+02,    0.0000000000E+00,    0.0000000000E+00,    0.0000000000E+00,    2.7288833980E+02
    177200,      0.676957,CP6_after_kinetics,   1,    0.0000000000E+00,    2.7288833980E+02,    2.7288833980E+02,    0.0000000000E+00,    0.0000000000E+00,    0.0000000000E+00,    2.7288833980E+02
    177200,      0.676957,CP7_after_upper_clamp,   1,    0.0000000000E+00,    2.7288833980E+02,    2.7288833980E+02,    0.0000000000E+00,    0.0000000000E+00,    0.0000000000E+00,    2.7288833980E+02
    177200,      0.676957,CP8_after_OBC,   1,    0.0000000000E+00,    2.7288833980E+02,    2.7288833980E+02,    0.0000000000E+00,    0.0000000000E+00,    0.0000000000E+00,    2.7288833980E+02
    177200,      0.676957,CP9_after_PTsource,   1,    0.0000000000E+00,    2.7288833980E+02,    2.7288833980E+02,    0.0000000000E+00,    0.0000000000E+00,    0.0000000000E+00,    2.7288833980E+02
    177200,      0.676957,CP10_after_neg_clamp,   1,    0.0000000000E+00,    2.7288833980E+02,    2.7288833980E+02,    0.0000000000E+00,    0.0000000000E+00,    0.0000000000E+00,    2.7288833980E+02
    177200,      0.676957,CP11_after_MPI,   1,    0.0000000000E+00,    2.7288833980E+02,    2.7288833980E+02,    0.0000000000E+00,    0.0000000000E+00,    0.0000000000E+00,    2.7288833980E+02
    177200,      0.676957,CP12_end,   1,    0.0000000000E+00,    2.7288833980E+02,    2.7288833980E+02,    0.0000000000E+00,    0.0000000000E+00,    0.0000000000E+00,    2.7288833980E+02
    177250,      0.676957,CP0_start,   1,    0.0000000000E+00,    2.7305518667E+02,    2.7305518667E+02,    0.0000000000E+00,    0.0000000000E+00,    0.0000000000E+00,    2.7305518667E+02
    177250,      0.676957,CP1_after_deposition,   1,    0.0000000000E+00,    2.7305518667E+02,    2.7305518667E+02,    0.0000000000E+00,    0.0000000000E+00,    0.0000000000E+00,    2.7305518667E+02
    177250,      0.676957,CP2_after_erosion,   1,    0.0000000000E+00,    2.7305518667E+02,    2.7305518667E+02,    0.0000000000E+00,    0.0000000000E+00,    0.0000000000E+00,    2.7305518667E+02
    177250,      0.676957,CP3_after_update_bottom,   1,    0.0000000000E+00,    2.7305518667E+02,    2.7305518667E+02,    0.0000000000E+00,    0.0000000000E+00,    0.0000000000E+00,    2.7305518667E+02
    177250,      0.676957,CP4_after_advection,   1,    0.0000000000E+00,    2.7305866146E+02,    2.7305866146E+02,    0.0000000000E+00,    0.0000000000E+00,    0.0000000000E+00,    2.7305866146E+02
    177250,      0.676957,CP5_after_vdif,   1,    0.0000000000E+00,    2.7305866146E+02,    2.7305866146E+02,    0.0000000000E+00,    0.0000000000E+00,    0.0000000000E+00,    2.7305866146E+02
    177250,      0.676957,CP6_after_kinetics,   1,    0.0000000000E+00,    2.7305866146E+02,    2.7305866146E+02,    0.0000000000E+00,    0.0000000000E+00,    0.0000000000E+00,    2.7305866146E+02
    177250,      0.676957,CP7_after_upper_clamp,   1,    0.0000000000E+00,    2.7305866146E+02,    2.7305866146E+02,    0.0000000000E+00,    0.0000000000E+00,    0.0000000000E+00,    2.7305866146E+02
    177250,      0.676957,CP8_after_OBC,   1,    0.0000000000E+00,    2.7305866146E+02,    2.7305866146E+02,    0.0000000000E+00,    0.0000000000E+00,    0.0000000000E+00,    2.7305866146E+02
    177250,      0.676957,CP9_after_PTsource,   1,    0.0000000000E+00,    2.7305866146E+02,    2.7305866146E+02,    0.0000000000E+00,    0.0000000000E+00,    0.0000000000E+00,    2.7305866146E+02
    177250,      0.676957,CP10_after_neg_clamp,   1,    0.0000000000E+00,    2.7305866146E+02,    2.7305866146E+02,    0.0000000000E+00,    0.0000000000E+00,    0.0000000000E+00,    2.7305866146E+02
    177250,      0.676957,CP11_after_MPI,   1,    0.0000000000E+00,    2.7305866146E+02,    2.7305866146E+02,    0.0000000000E+00,    0.0000000000E+00,    0.0000000000E+00,    2.7305866146E+02
    177250,      0.676957,CP12_end,   1,    0.0000000000E+00,    2.7305866146E+02,    2.7305866146E+02,    0.0000000000E+00,    0.0000000000E+00,    0.0000000000E+00,    2.7305866146E+02
    177300,      0.676957,CP0_start,   1,    0.0000000000E+00,    2.7322807348E+02,    2.7322807348E+02,    0.0000000000E+00,    0.0000000000E+00,    0.0000000000E+00,    2.7322807348E+02
    177300,      0.676957,CP1_after_deposition,   1,    0.0000000000E+00,    2.7322807348E+02,    2.7322807348E+02,    0.0000000000E+00,    0.0000000000E+00,    0.0000000000E+00,    2.7322807348E+02
    177300,      0.676957,CP2_after_erosion,   1,    0.0000000000E+00,    2.7322807348E+02,    2.7322807348E+02,    0.0000000000E+00,    0.0000000000E+00,    0.0000000000E+00,    2.7322807348E+02
    177300,      0.676957,CP3_after_update_bottom,   1,    0.0000000000E+00,    2.7322807348E+02,    2.7322807348E+02,    0.0000000000E+00,    0.0000000000E+00,    0.0000000000E+00,    2.7322807348E+02
    177300,      0.676957,CP4_after_advection,   1,    0.0000000000E+00,    2.7323150994E+02,    2.7323150994E+02,    0.0000000000E+00,    0.0000000000E+00,    0.0000000000E+00,    2.7323150994E+02
    177300,      0.676957,CP5_after_vdif,   1,    0.0000000000E+00,    2.7323150994E+02,    2.7323150994E+02,    0.0000000000E+00,    0.0000000000E+00,    0.0000000000E+00,    2.7323150994E+02
    177300,      0.676957,CP6_after_kinetics,   1,    0.0000000000E+00,    2.7323150994E+02,    2.7323150994E+02,    0.0000000000E+00,    0.0000000000E+00,    0.0000000000E+00,    2.7323150994E+02
    177300,      0.676957,CP7_after_upper_clamp,   1,    0.0000000000E+00,    2.7323150994E+02,    2.7323150994E+02,    0.0000000000E+00,    0.0000000000E+00,    0.0000000000E+00,    2.7323150994E+02
    177300,      0.676957,CP8_after_OBC,   1,    0.0000000000E+00,    2.7323150994E+02,    2.7323150994E+02,    0.0000000000E+00,    0.0000000000E+00,    0.0000000000E+00,    2.7323150994E+02
    177300,      0.676957,CP9_after_PTsource,   1,    0.0000000000E+00,    2.7323150994E+02,    2.7323150994E+02,    0.0000000000E+00,    0.0000000000E+00,    0.0000000000E+00,    2.7323150994E+02
    177300,      0.676957,CP10_after_neg_clamp,   1,    0.0000000000E+00,    2.7323150994E+02,    2.7323150994E+02,    0.0000000000E+00,    0.0000000000E+00,    0.0000000000E+00,    2.7323150994E+02
    177300,      0.676957,CP11_after_MPI,   1,    0.0000000000E+00,    2.7323150994E+02,    2.7323150994E+02,    0.0000000000E+00,    0.0000000000E+00,    0.0000000000E+00,    2.7323150994E+02
    177300,      0.676957,CP12_end,   1,    0.0000000000E+00,    2.7323150994E+02,    2.7323150994E+02,    0.0000000000E+00,    0.0000000000E+00,    0.0000000000E+00,    2.7323150994E+02
    177350,      0.676957,CP0_start,   1,    0.0000000000E+00,    2.7340394426E+02,    2.7340394426E+02,    0.0000000000E+00,    0.0000000000E+00,    0.0000000000E+00,    2.7340394426E+02
    177350,      0.676957,CP1_after_deposition,   1,    0.0000000000E+00,    2.7340394426E+02,    2.7340394426E+02,    0.0000000000E+00,    0.0000000000E+00,    0.0000000000E+00,    2.7340394426E+02
    177350,      0.676957,CP2_after_erosion,   1,    0.0000000000E+00,    2.7340394426E+02,    2.7340394426E+02,    0.0000000000E+00,    0.0000000000E+00,    0.0000000000E+00,    2.7340394426E+02
    177350,      0.676957,CP3_after_update_bottom,   1,    0.0000000000E+00,    2.7340394426E+02,    2.7340394426E+02,    0.0000000000E+00,    0.0000000000E+00,    0.0000000000E+00,    2.7340394426E+02
    177350,      0.676957,CP4_after_advection,   1,    0.0000000000E+00,    2.7340732586E+02,    2.7340732586E+02,    0.0000000000E+00,    0.0000000000E+00,    0.0000000000E+00,    2.7340732586E+02
    177350,      0.676957,CP5_after_vdif,   1,    0.0000000000E+00,    2.7340732586E+02,    2.7340732586E+02,    0.0000000000E+00,    0.0000000000E+00,    0.0000000000E+00,    2.7340732586E+02
    177350,      0.676957,CP6_after_kinetics,   1,    0.0000000000E+00,    2.7340732586E+02,    2.7340732586E+02,    0.0000000000E+00,    0.0000000000E+00,    0.0000000000E+00,    2.7340732586E+02
    177350,      0.676957,CP7_after_upper_clamp,   1,    0.0000000000E+00,    2.7340732586E+02,    2.7340732586E+02,    0.0000000000E+00,    0.0000000000E+00,    0.0000000000E+00,    2.7340732586E+02
    177350,      0.676957,CP8_after_OBC,   1,    0.0000000000E+00,    2.7340732586E+02,    2.7340732586E+02,    0.0000000000E+00,    0.0000000000E+00,    0.0000000000E+00,    2.7340732586E+02
    177350,      0.676957,CP9_after_PTsource,   1,    0.0000000000E+00,    2.7340732586E+02,    2.7340732586E+02,    0.0000000000E+00,    0.0000000000E+00,    0.0000000000E+00,    2.7340732586E+02
    177350,      0.676957,CP10_after_neg_clamp,   1,    0.0000000000E+00,    2.7340732586E+02,    2.7340732586E+02,    0.0000000000E+00,    0.0000000000E+00,    0.0000000000E+00,    2.7340732586E+02
    177350,      0.676957,CP11_after_MPI,   1,    0.0000000000E+00,    2.7340732586E+02,    2.7340732586E+02,    0.0000000000E+00,    0.0000000000E+00,    0.0000000000E+00,    2.7340732586E+02
    177350,      0.676957,CP12_end,   1,    0.0000000000E+00,    2.7340732586E+02,    2.7340732586E+02,    0.0000000000E+00,    0.0000000000E+00,    0.0000000000E+00,    2.7340732586E+02
    177400,      0.676957,CP0_start,   1,    0.0000000000E+00,    2.7358151346E+02,    2.7358151346E+02,    0.0000000000E+00,    0.0000000000E+00,    0.0000000000E+00,    2.7358151346E+02
    177400,      0.676957,CP1_after_deposition,   1,    0.0000000000E+00,    2.7358151346E+02,    2.7358151346E+02,    0.0000000000E+00,    0.0000000000E+00,    0.0000000000E+00,    2.7358151346E+02
    177400,      0.676957,CP2_after_erosion,   1,    0.0000000000E+00,    2.7358151346E+02,    2.7358151346E+02,    0.0000000000E+00,    0.0000000000E+00,    0.0000000000E+00,    2.7358151346E+02
    177400,      0.676957,CP3_after_update_bottom,   1,    0.0000000000E+00,    2.7358151346E+02,    2.7358151346E+02,    0.0000000000E+00,    0.0000000000E+00,    0.0000000000E+00,    2.7358151346E+02
    177400,      0.676957,CP4_after_advection,   1,    0.0000000000E+00,    2.7358482957E+02,    2.7358482957E+02,    0.0000000000E+00,    0.0000000000E+00,    0.0000000000E+00,    2.7358482957E+02
    177400,      0.676957,CP5_after_vdif,   1,    0.0000000000E+00,    2.7358482957E+02,    2.7358482957E+02,    0.0000000000E+00,    0.0000000000E+00,    0.0000000000E+00,    2.7358482957E+02
    177400,      0.676957,CP6_after_kinetics,   1,    0.0000000000E+00,    2.7358482957E+02,    2.7358482957E+02,    0.0000000000E+00,    0.0000000000E+00,    0.0000000000E+00,    2.7358482957E+02
    177400,      0.676957,CP7_after_upper_clamp,   1,    0.0000000000E+00,    2.7358482957E+02,    2.7358482957E+02,    0.0000000000E+00,    0.0000000000E+00,    0.0000000000E+00,    2.7358482957E+02
    177400,      0.676957,CP8_after_OBC,   1,    0.0000000000E+00,    2.7358482957E+02,    2.7358482957E+02,    0.0000000000E+00,    0.0000000000E+00,    0.0000000000E+00,    2.7358482957E+02
    177400,      0.676957,CP9_after_PTsource,   1,    0.0000000000E+00,    2.7358482957E+02,    2.7358482957E+02,    0.0000000000E+00,    0.0000000000E+00,    0.0000000000E+00,    2.7358482957E+02
    177400,      0.676957,CP10_after_neg_clamp,   1,    0.0000000000E+00,    2.7358482957E+02,    2.7358482957E+02,    0.0000000000E+00,    0.0000000000E+00,    0.0000000000E+00,    2.7358482957E+02
    177400,      0.676957,CP11_after_MPI,   1,    0.0000000000E+00,    2.7358482957E+02,    2.7358482957E+02,    0.0000000000E+00,    0.0000000000E+00,    0.0000000000E+00,    2.7358482957E+02
    177400,      0.676957,CP12_end,   1,    0.0000000000E+00,    2.7358482957E+02,    2.7358482957E+02,    0.0000000000E+00,    0.0000000000E+00,    0.0000000000E+00,    2.7358482957E+02
    177450,      0.676957,CP0_start,   1,    0.0000000000E+00,    2.7376033419E+02,    2.7376033419E+02,    0.0000000000E+00,    0.0000000000E+00,    0.0000000000E+00,    2.7376033419E+02
    177450,      0.676957,CP1_after_deposition,   1,    0.0000000000E+00,    2.7376033419E+02,    2.7376033419E+02,    0.0000000000E+00,    0.0000000000E+00,    0.0000000000E+00,    2.7376033419E+02
    177450,      0.676957,CP2_after_erosion,   1,    0.0000000000E+00,    2.7376033419E+02,    2.7376033419E+02,    0.0000000000E+00,    0.0000000000E+00,    0.0000000000E+00,    2.7376033419E+02
    177450,      0.676957,CP3_after_update_bottom,   1,    0.0000000000E+00,    2.7376033419E+02,    2.7376033419E+02,    0.0000000000E+00,    0.0000000000E+00,    0.0000000000E+00,    2.7376033419E+02
    177450,      0.676957,CP4_after_advection,   1,    0.0000000000E+00,    2.7376357579E+02,    2.7376357579E+02,    0.0000000000E+00,    0.0000000000E+00,    0.0000000000E+00,    2.7376357579E+02
    177450,      0.676957,CP5_after_vdif,   1,    0.0000000000E+00,    2.7376357579E+02,    2.7376357579E+02,    0.0000000000E+00,    0.0000000000E+00,    0.0000000000E+00,    2.7376357579E+02
    177450,      0.676957,CP6_after_kinetics,   1,    0.0000000000E+00,    2.7376357579E+02,    2.7376357579E+02,    0.0000000000E+00,    0.0000000000E+00,    0.0000000000E+00,    2.7376357579E+02
    177450,      0.676957,CP7_after_upper_clamp,   1,    0.0000000000E+00,    2.7376357579E+02,    2.7376357579E+02,    0.0000000000E+00,    0.0000000000E+00,    0.0000000000E+00,    2.7376357579E+02
    177450,      0.676957,CP8_after_OBC,   1,    0.0000000000E+00,    2.7376357579E+02,    2.7376357579E+02,    0.0000000000E+00,    0.0000000000E+00,    0.0000000000E+00,    2.7376357579E+02
    177450,      0.676957,CP9_after_PTsource,   1,    0.0000000000E+00,    2.7376357579E+02,    2.7376357579E+02,    0.0000000000E+00,    0.0000000000E+00,    0.0000000000E+00,    2.7376357579E+02
    177450,      0.676957,CP10_after_neg_clamp,   1,    0.0000000000E+00,    2.7376357579E+02,    2.7376357579E+02,    0.0000000000E+00,    0.0000000000E+00,    0.0000000000E+00,    2.7376357579E+02
    177450,      0.676957,CP11_after_MPI,   1,    0.0000000000E+00,    2.7376357579E+02,    2.7376357579E+02,    0.0000000000E+00,    0.0000000000E+00,    0.0000000000E+00,    2.7376357579E+02
    177450,      0.676957,CP12_end,   1,    0.0000000000E+00,    2.7376357579E+02,    2.7376357579E+02,    0.0000000000E+00,    0.0000000000E+00,    0.0000000000E+00,    2.7376357579E+02
    177500,      0.676957,CP0_start,   1,    0.0000000000E+00,    2.7394055447E+02,    2.7394055447E+02,    0.0000000000E+00,    0.0000000000E+00,    0.0000000000E+00,    2.7394055447E+02
    177500,      0.676957,CP1_after_deposition,   1,    0.0000000000E+00,    2.7394055447E+02,    2.7394055447E+02,    0.0000000000E+00,    0.0000000000E+00,    0.0000000000E+00,    2.7394055447E+02
    177500,      0.676957,CP2_after_erosion,   1,    0.0000000000E+00,    2.7394055447E+02,    2.7394055447E+02,    0.0000000000E+00,    0.0000000000E+00,    0.0000000000E+00,    2.7394055447E+02
    177500,      0.676957,CP3_after_update_bottom,   1,    0.0000000000E+00,    2.7394055447E+02,    2.7394055447E+02,    0.0000000000E+00,    0.0000000000E+00,    0.0000000000E+00,    2.7394055447E+02
    177500,      0.676957,CP4_after_advection,   1,    0.0000000000E+00,    2.7394372837E+02,    2.7394372837E+02,    0.0000000000E+00,    0.0000000000E+00,    0.0000000000E+00,    2.7394372837E+02
    177500,      0.676957,CP5_after_vdif,   1,    0.0000000000E+00,    2.7394372837E+02,    2.7394372837E+02,    0.0000000000E+00,    0.0000000000E+00,    0.0000000000E+00,    2.7394372837E+02
    177500,      0.676957,CP6_after_kinetics,   1,    0.0000000000E+00,    2.7394372837E+02,    2.7394372837E+02,    0.0000000000E+00,    0.0000000000E+00,    0.0000000000E+00,    2.7394372837E+02
    177500,      0.676957,CP7_after_upper_clamp,   1,    0.0000000000E+00,    2.7394372837E+02,    2.7394372837E+02,    0.0000000000E+00,    0.0000000000E+00,    0.0000000000E+00,    2.7394372837E+02
    177500,      0.676957,CP8_after_OBC,   1,    0.0000000000E+00,    2.7394372837E+02,    2.7394372837E+02,    0.0000000000E+00,    0.0000000000E+00,    0.0000000000E+00,    2.7394372837E+02
    177500,      0.676957,CP9_after_PTsource,   1,    0.0000000000E+00,    2.7394372837E+02,    2.7394372837E+02,    0.0000000000E+00,    0.0000000000E+00,    0.0000000000E+00,    2.7394372837E+02
    177500,      0.676957,CP10_after_neg_clamp,   1,    0.0000000000E+00,    2.7394372837E+02,    2.7394372837E+02,    0.0000000000E+00,    0.0000000000E+00,    0.0000000000E+00,    2.7394372837E+02
    177500,      0.676957,CP11_after_MPI,   1,    0.0000000000E+00,    2.7394372837E+02,    2.7394372837E+02,    0.0000000000E+00,    0.0000000000E+00,    0.0000000000E+00,    2.7394372837E+02
    177500,      0.676957,CP12_end,   1,    0.0000000000E+00,    2.7394372837E+02,    2.7394372837E+02,    0.0000000000E+00,    0.0000000000E+00,    0.0000000000E+00,    2.7394372837E+02
    177550,      0.676957,CP0_start,   1,    0.0000000000E+00,    2.7412280946E+02,    2.7412280946E+02,    0.0000000000E+00,    0.0000000000E+00,    0.0000000000E+00,    2.7412280946E+02
    177550,      0.676957,CP1_after_deposition,   1,    0.0000000000E+00,    2.7412280946E+02,    2.7412280946E+02,    0.0000000000E+00,    0.0000000000E+00,    0.0000000000E+00,    2.7412280946E+02
    177550,      0.676957,CP2_after_erosion,   1,    0.0000000000E+00,    2.7412280946E+02,    2.7412280946E+02,    0.0000000000E+00,    0.0000000000E+00,    0.0000000000E+00,    2.7412280946E+02
    177550,      0.676957,CP3_after_update_bottom,   1,    0.0000000000E+00,    2.7412280946E+02,    2.7412280946E+02,    0.0000000000E+00,    0.0000000000E+00,    0.0000000000E+00,    2.7412280946E+02
    177550,      0.676957,CP4_after_advection,   1,    0.0000000000E+00,    2.7412592096E+02,    2.7412592096E+02,    0.0000000000E+00,    0.0000000000E+00,    0.0000000000E+00,    2.7412592096E+02
    177550,      0.676957,CP5_after_vdif,   1,    0.0000000000E+00,    2.7412592096E+02,    2.7412592096E+02,    0.0000000000E+00,    0.0000000000E+00,    0.0000000000E+00,    2.7412592096E+02
    177550,      0.676957,CP6_after_kinetics,   1,    0.0000000000E+00,    2.7412592096E+02,    2.7412592096E+02,    0.0000000000E+00,    0.0000000000E+00,    0.0000000000E+00,    2.7412592096E+02
    177550,      0.676957,CP7_after_upper_clamp,   1,    0.0000000000E+00,    2.7412592096E+02,    2.7412592096E+02,    0.0000000000E+00,    0.0000000000E+00,    0.0000000000E+00,    2.7412592096E+02
    177550,      0.676957,CP8_after_OBC,   1,    0.0000000000E+00,    2.7412592096E+02,    2.7412592096E+02,    0.0000000000E+00,    0.0000000000E+00,    0.0000000000E+00,    2.7412592096E+02
    177550,      0.676957,CP9_after_PTsource,   1,    0.0000000000E+00,    2.7412592096E+02,    2.7412592096E+02,    0.0000000000E+00,    0.0000000000E+00,    0.0000000000E+00,    2.7412592096E+02
    177550,      0.676957,CP10_after_neg_clamp,   1,    0.0000000000E+00,    2.7412592096E+02,    2.7412592096E+02,    0.0000000000E+00,    0.0000000000E+00,    0.0000000000E+00,    2.7412592096E+02
    177550,      0.676957,CP11_after_MPI,   1,    0.0000000000E+00,    2.7412592096E+02,    2.7412592096E+02,    0.0000000000E+00,    0.0000000000E+00,    0.0000000000E+00,    2.7412592096E+02
    177550,      0.676957,CP12_end,   1,    0.0000000000E+00,    2.7412592096E+02,    2.7412592096E+02,    0.0000000000E+00,    0.0000000000E+00,    0.0000000000E+00,    2.7412592096E+02
    177600,      0.676957,CP0_start,   1,    0.0000000000E+00,    2.7430764700E+02,    2.7430764700E+02,    0.0000000000E+00,    0.0000000000E+00,    0.0000000000E+00,    2.7430764700E+02
    177600,      0.676957,CP1_after_deposition,   1,    0.0000000000E+00,    2.7430764700E+02,    2.7430764700E+02,    0.0000000000E+00,    0.0000000000E+00,    0.0000000000E+00,    2.7430764700E+02
    177600,      0.676957,CP2_after_erosion,   1,    0.0000000000E+00,    2.7430764700E+02,    2.7430764700E+02,    0.0000000000E+00,    0.0000000000E+00,    0.0000000000E+00,    2.7430764700E+02
    177600,      0.676957,CP3_after_update_bottom,   1,    0.0000000000E+00,    2.7430764700E+02,    2.7430764700E+02,    0.0000000000E+00,    0.0000000000E+00,    0.0000000000E+00,    2.7430764700E+02
    177600,      0.676957,CP4_after_advection,   1,    0.0000000000E+00,    2.7431070368E+02,    2.7431070368E+02,    0.0000000000E+00,    0.0000000000E+00,    0.0000000000E+00,    2.7431070368E+02
    177600,      0.676957,CP5_after_vdif,   1,    0.0000000000E+00,    2.7431070368E+02,    2.7431070368E+02,    0.0000000000E+00,    0.0000000000E+00,    0.0000000000E+00,    2.7431070368E+02
    177600,      0.676957,CP6_after_kinetics,   1,    0.0000000000E+00,    2.7431070368E+02,    2.7431070368E+02,    0.0000000000E+00,    0.0000000000E+00,    0.0000000000E+00,    2.7431070368E+02
    177600,      0.676957,CP7_after_upper_clamp,   1,    0.0000000000E+00,    2.7431070368E+02,    2.7431070368E+02,    0.0000000000E+00,    0.0000000000E+00,    0.0000000000E+00,    2.7431070368E+02
    177600,      0.676957,CP8_after_OBC,   1,    0.0000000000E+00,    2.7431070368E+02,    2.7431070368E+02,    0.0000000000E+00,    0.0000000000E+00,    0.0000000000E+00,    2.7431070368E+02
    177600,      0.676957,CP9_after_PTsource,   1,    0.0000000000E+00,    2.7431070368E+02,    2.7431070368E+02,    0.0000000000E+00,    0.0000000000E+00,    0.0000000000E+00,    2.7431070368E+02
    177600,      0.676957,CP10_after_neg_clamp,   1,    0.0000000000E+00,    2.7431070368E+02,    2.7431070368E+02,    0.0000000000E+00,    0.0000000000E+00,    0.0000000000E+00,    2.7431070368E+02
    177600,      0.676957,CP11_after_MPI,   1,    0.0000000000E+00,    2.7431070368E+02,    2.7431070368E+02,    0.0000000000E+00,    0.0000000000E+00,    0.0000000000E+00,    2.7431070368E+02
    177600,      0.676957,CP12_end,   1,    0.0000000000E+00,    2.7431070368E+02,    2.7431070368E+02,    0.0000000000E+00,    0.0000000000E+00,    0.0000000000E+00,    2.7431070368E+02
    177650,      0.676957,CP0_start,   1,    0.0000000000E+00,    2.7449526835E+02,    2.7449526835E+02,    0.0000000000E+00,    0.0000000000E+00,    0.0000000000E+00,    2.7449526835E+02
    177650,      0.676957,CP1_after_deposition,   1,    0.0000000000E+00,    2.7449526835E+02,    2.7449526835E+02,    0.0000000000E+00,    0.0000000000E+00,    0.0000000000E+00,    2.7449526835E+02
    177650,      0.676957,CP2_after_erosion,   1,    0.0000000000E+00,    2.7449526835E+02,    2.7449526835E+02,    0.0000000000E+00,    0.0000000000E+00,    0.0000000000E+00,    2.7449526835E+02
    177650,      0.676957,CP3_after_update_bottom,   1,    0.0000000000E+00,    2.7449526835E+02,    2.7449526835E+02,    0.0000000000E+00,    0.0000000000E+00,    0.0000000000E+00,    2.7449526835E+02
    177650,      0.676957,CP4_after_advection,   1,    0.0000000000E+00,    2.7449826077E+02,    2.7449826077E+02,    0.0000000000E+00,    0.0000000000E+00,    0.0000000000E+00,    2.7449826077E+02
    177650,      0.676957,CP5_after_vdif,   1,    0.0000000000E+00,    2.7449826077E+02,    2.7449826077E+02,    0.0000000000E+00,    0.0000000000E+00,    0.0000000000E+00,    2.7449826077E+02
    177650,      0.676957,CP6_after_kinetics,   1,    0.0000000000E+00,    2.7449826077E+02,    2.7449826077E+02,    0.0000000000E+00,    0.0000000000E+00,    0.0000000000E+00,    2.7449826077E+02
    177650,      0.676957,CP7_after_upper_clamp,   1,    0.0000000000E+00,    2.7449826077E+02,    2.7449826077E+02,    0.0000000000E+00,    0.0000000000E+00,    0.0000000000E+00,    2.7449826077E+02
    177650,      0.676957,CP8_after_OBC,   1,    0.0000000000E+00,    2.7449826077E+02,    2.7449826077E+02,    0.0000000000E+00,    0.0000000000E+00,    0.0000000000E+00,    2.7449826077E+02
    177650,      0.676957,CP9_after_PTsource,   1,    0.0000000000E+00,    2.7449826077E+02,    2.7449826077E+02,    0.0000000000E+00,    0.0000000000E+00,    0.0000000000E+00,    2.7449826077E+02
    177650,      0.676957,CP10_after_neg_clamp,   1,    0.0000000000E+00,    2.7449826077E+02,    2.7449826077E+02,    0.0000000000E+00,    0.0000000000E+00,    0.0000000000E+00,    2.7449826077E+02
    177650,      0.676957,CP11_after_MPI,   1,    0.0000000000E+00,    2.7449826077E+02,    2.7449826077E+02,    0.0000000000E+00,    0.0000000000E+00,    0.0000000000E+00,    2.7449826077E+02
    177650,      0.676957,CP12_end,   1,    0.0000000000E+00,    2.7449826077E+02,    2.7449826077E+02,    0.0000000000E+00,    0.0000000000E+00,    0.0000000000E+00,    2.7449826077E+02
    177700,      0.676957,CP0_start,   1,    0.0000000000E+00,    2.7468516139E+02,    2.7468516139E+02,    0.0000000000E+00,    0.0000000000E+00,    0.0000000000E+00,    2.7468516139E+02
    177700,      0.676957,CP1_after_deposition,   1,    0.0000000000E+00,    2.7468516139E+02,    2.7468516139E+02,    0.0000000000E+00,    0.0000000000E+00,    0.0000000000E+00,    2.7468516139E+02
    177700,      0.676957,CP2_after_erosion,   1,    0.0000000000E+00,    2.7468516139E+02,    2.7468516139E+02,    0.0000000000E+00,    0.0000000000E+00,    0.0000000000E+00,    2.7468516139E+02
    177700,      0.676957,CP3_after_update_bottom,   1,    0.0000000000E+00,    2.7468516139E+02,    2.7468516139E+02,    0.0000000000E+00,    0.0000000000E+00,    0.0000000000E+00,    2.7468516139E+02
    177700,      0.676957,CP4_after_advection,   1,    0.0000000000E+00,    2.7468805670E+02,    2.7468805670E+02,    0.0000000000E+00,    0.0000000000E+00,    0.0000000000E+00,    2.7468805670E+02
    177700,      0.676957,CP5_after_vdif,   1,    0.0000000000E+00,    2.7468805670E+02,    2.7468805670E+02,    0.0000000000E+00,    0.0000000000E+00,    0.0000000000E+00,    2.7468805670E+02
    177700,      0.676957,CP6_after_kinetics,   1,    0.0000000000E+00,    2.7468805670E+02,    2.7468805670E+02,    0.0000000000E+00,    0.0000000000E+00,    0.0000000000E+00,    2.7468805670E+02
    177700,      0.676957,CP7_after_upper_clamp,   1,    0.0000000000E+00,    2.7468805670E+02,    2.7468805670E+02,    0.0000000000E+00,    0.0000000000E+00,    0.0000000000E+00,    2.7468805670E+02
    177700,      0.676957,CP8_after_OBC,   1,    0.0000000000E+00,    2.7468805670E+02,    2.7468805670E+02,    0.0000000000E+00,    0.0000000000E+00,    0.0000000000E+00,    2.7468805670E+02
    177700,      0.676957,CP9_after_PTsource,   1,    0.0000000000E+00,    2.7468805670E+02,    2.7468805670E+02,    0.0000000000E+00,    0.0000000000E+00,    0.0000000000E+00,    2.7468805670E+02
    177700,      0.676957,CP10_after_neg_clamp,   1,    0.0000000000E+00,    2.7468805670E+02,    2.7468805670E+02,    0.0000000000E+00,    0.0000000000E+00,    0.0000000000E+00,    2.7468805670E+02
    177700,      0.676957,CP11_after_MPI,   1,    0.0000000000E+00,    2.7468805670E+02,    2.7468805670E+02,    0.0000000000E+00,    0.0000000000E+00,    0.0000000000E+00,    2.7468805670E+02
    177700,      0.676957,CP12_end,   1,    0.0000000000E+00,    2.7468805670E+02,    2.7468805670E+02,    0.0000000000E+00,    0.0000000000E+00,    0.0000000000E+00,    2.7468805670E+02
    177750,      0.676957,CP0_start,   1,    0.0000000000E+00,    2.7487565142E+02,    2.7487565142E+02,    0.0000000000E+00,    0.0000000000E+00,    0.0000000000E+00,    2.7487565142E+02
    177750,      0.676957,CP1_after_deposition,   1,    0.0000000000E+00,    2.7487565142E+02,    2.7487565142E+02,    0.0000000000E+00,    0.0000000000E+00,    0.0000000000E+00,    2.7487565142E+02
    177750,      0.676957,CP2_after_erosion,   1,    0.0000000000E+00,    2.7487565142E+02,    2.7487565142E+02,    0.0000000000E+00,    0.0000000000E+00,    0.0000000000E+00,    2.7487565142E+02
    177750,      0.676957,CP3_after_update_bottom,   1,    0.0000000000E+00,    2.7487565142E+02,    2.7487565142E+02,    0.0000000000E+00,    0.0000000000E+00,    0.0000000000E+00,    2.7487565142E+02
    177750,      0.676957,CP4_after_advection,   1,    0.0000000000E+00,    2.7487840321E+02,    2.7487840321E+02,    0.0000000000E+00,    0.0000000000E+00,    0.0000000000E+00,    2.7487840321E+02
    177750,      0.676957,CP5_after_vdif,   1,    0.0000000000E+00,    2.7487840321E+02,    2.7487840321E+02,    0.0000000000E+00,    0.0000000000E+00,    0.0000000000E+00,    2.7487840321E+02
    177750,      0.676957,CP6_after_kinetics,   1,    0.0000000000E+00,    2.7487840321E+02,    2.7487840321E+02,    0.0000000000E+00,    0.0000000000E+00,    0.0000000000E+00,    2.7487840321E+02
    177750,      0.676957,CP7_after_upper_clamp,   1,    0.0000000000E+00,    2.7487840321E+02,    2.7487840321E+02,    0.0000000000E+00,    0.0000000000E+00,    0.0000000000E+00,    2.7487840321E+02
    177750,      0.676957,CP8_after_OBC,   1,    0.0000000000E+00,    2.7487840321E+02,    2.7487840321E+02,    0.0000000000E+00,    0.0000000000E+00,    0.0000000000E+00,    2.7487840321E+02
    177750,      0.676957,CP9_after_PTsource,   1,    0.0000000000E+00,    2.7487840321E+02,    2.7487840321E+02,    0.0000000000E+00,    0.0000000000E+00,    0.0000000000E+00,    2.7487840321E+02
    177750,      0.676957,CP10_after_neg_clamp,   1,    0.0000000000E+00,    2.7487840321E+02,    2.7487840321E+02,    0.0000000000E+00,    0.0000000000E+00,    0.0000000000E+00,    2.7487840321E+02
    177750,      0.676957,CP11_after_MPI,   1,    0.0000000000E+00,    2.7487840321E+02,    2.7487840321E+02,    0.0000000000E+00,    0.0000000000E+00,    0.0000000000E+00,    2.7487840321E+02
    177750,      0.676957,CP12_end,   1,    0.0000000000E+00,    2.7487840321E+02,    2.7487840321E+02,    0.0000000000E+00,    0.0000000000E+00,    0.0000000000E+00,    2.7487840321E+02
    177800,      0.676957,CP0_start,   1,    0.0000000000E+00,    2.7506450565E+02,    2.7506450565E+02,    0.0000000000E+00,    0.0000000000E+00,    0.0000000000E+00,    2.7506450565E+02
    177800,      0.676957,CP1_after_deposition,   1,    0.0000000000E+00,    2.7506450565E+02,    2.7506450565E+02,    0.0000000000E+00,    0.0000000000E+00,    0.0000000000E+00,    2.7506450565E+02
    177800,      0.676957,CP2_after_erosion,   1,    0.0000000000E+00,    2.7506450565E+02,    2.7506450565E+02,    0.0000000000E+00,    0.0000000000E+00,    0.0000000000E+00,    2.7506450565E+02
    177800,      0.676957,CP3_after_update_bottom,   1,    0.0000000000E+00,    2.7506450565E+02,    2.7506450565E+02,    0.0000000000E+00,    0.0000000000E+00,    0.0000000000E+00,    2.7506450565E+02
    177800,      0.676957,CP4_after_advection,   1,    0.0000000000E+00,    2.7506705748E+02,    2.7506705748E+02,    0.0000000000E+00,    0.0000000000E+00,    0.0000000000E+00,    2.7506705748E+02
    177800,      0.676957,CP5_after_vdif,   1,    0.0000000000E+00,    2.7506705748E+02,    2.7506705748E+02,    0.0000000000E+00,    0.0000000000E+00,    0.0000000000E+00,    2.7506705748E+02
    177800,      0.676957,CP6_after_kinetics,   1,    0.0000000000E+00,    2.7506705748E+02,    2.7506705748E+02,    0.0000000000E+00,    0.0000000000E+00,    0.0000000000E+00,    2.7506705748E+02
    177800,      0.676957,CP7_after_upper_clamp,   1,    0.0000000000E+00,    2.7506705748E+02,    2.7506705748E+02,    0.0000000000E+00,    0.0000000000E+00,    0.0000000000E+00,    2.7506705748E+02
    177800,      0.676957,CP8_after_OBC,   1,    0.0000000000E+00,    2.7506705748E+02,    2.7506705748E+02,    0.0000000000E+00,    0.0000000000E+00,    0.0000000000E+00,    2.7506705748E+02
    177800,      0.676957,CP9_after_PTsource,   1,    0.0000000000E+00,    2.7506705748E+02,    2.7506705748E+02,    0.0000000000E+00,    0.0000000000E+00,    0.0000000000E+00,    2.7506705748E+02
    177800,      0.676957,CP10_after_neg_clamp,   1,    0.0000000000E+00,    2.7506705748E+02,    2.7506705748E+02,    0.0000000000E+00,    0.0000000000E+00,    0.0000000000E+00,    2.7506705748E+02
    177800,      0.676957,CP11_after_MPI,   1,    0.0000000000E+00,    2.7506705748E+02,    2.7506705748E+02,    0.0000000000E+00,    0.0000000000E+00,    0.0000000000E+00,    2.7506705748E+02
    177800,      0.676957,CP12_end,   1,    0.0000000000E+00,    2.7506705748E+02,    2.7506705748E+02,    0.0000000000E+00,    0.0000000000E+00,    0.0000000000E+00,    2.7506705748E+02
    177850,      0.676957,CP0_start,   1,    0.0000000000E+00,    2.7524957682E+02,    2.7524957682E+02,    0.0000000000E+00,    0.0000000000E+00,    0.0000000000E+00,    2.7524957682E+02
    177850,      0.676957,CP1_after_deposition,   1,    0.0000000000E+00,    2.7524957682E+02,    2.7524957682E+02,    0.0000000000E+00,    0.0000000000E+00,    0.0000000000E+00,    2.7524957682E+02
    177850,      0.676957,CP2_after_erosion,   1,    0.0000000000E+00,    2.7524957682E+02,    2.7524957682E+02,    0.0000000000E+00,    0.0000000000E+00,    0.0000000000E+00,    2.7524957682E+02
    177850,      0.676957,CP3_after_update_bottom,   1,    0.0000000000E+00,    2.7524957682E+02,    2.7524957682E+02,    0.0000000000E+00,    0.0000000000E+00,    0.0000000000E+00,    2.7524957682E+02
    177850,      0.676957,CP4_after_advection,   1,    0.0000000000E+00,    2.7525187638E+02,    2.7525187638E+02,    0.0000000000E+00,    0.0000000000E+00,    0.0000000000E+00,    2.7525187638E+02
    177850,      0.676957,CP5_after_vdif,   1,    0.0000000000E+00,    2.7525187638E+02,    2.7525187638E+02,    0.0000000000E+00,    0.0000000000E+00,    0.0000000000E+00,    2.7525187638E+02
    177850,      0.676957,CP6_after_kinetics,   1,    0.0000000000E+00,    2.7525187638E+02,    2.7525187638E+02,    0.0000000000E+00,    0.0000000000E+00,    0.0000000000E+00,    2.7525187638E+02
    177850,      0.676957,CP7_after_upper_clamp,   1,    0.0000000000E+00,    2.7525187638E+02,    2.7525187638E+02,    0.0000000000E+00,    0.0000000000E+00,    0.0000000000E+00,    2.7525187638E+02
    177850,      0.676957,CP8_after_OBC,   1,    0.0000000000E+00,    2.7525187638E+02,    2.7525187638E+02,    0.0000000000E+00,    0.0000000000E+00,    0.0000000000E+00,    2.7525187638E+02
    177850,      0.676957,CP9_after_PTsource,   1,    0.0000000000E+00,    2.7525187638E+02,    2.7525187638E+02,    0.0000000000E+00,    0.0000000000E+00,    0.0000000000E+00,    2.7525187638E+02
    177850,      0.676957,CP10_after_neg_clamp,   1,    0.0000000000E+00,    2.7525187638E+02,    2.7525187638E+02,    0.0000000000E+00,    0.0000000000E+00,    0.0000000000E+00,    2.7525187638E+02
    177850,      0.676957,CP11_after_MPI,   1,    0.0000000000E+00,    2.7525187638E+02,    2.7525187638E+02,    0.0000000000E+00,    0.0000000000E+00,    0.0000000000E+00,    2.7525187638E+02
    177850,      0.676957,CP12_end,   1,    0.0000000000E+00,    2.7525187638E+02,    2.7525187638E+02,    0.0000000000E+00,    0.0000000000E+00,    0.0000000000E+00,    2.7525187638E+02
    177900,      0.676957,CP0_start,   1,    0.0000000000E+00,    2.7542952204E+02,    2.7542952204E+02,    0.0000000000E+00,    0.0000000000E+00,    0.0000000000E+00,    2.7542952204E+02
    177900,      0.676957,CP1_after_deposition,   1,    0.0000000000E+00,    2.7542952204E+02,    2.7542952204E+02,    0.0000000000E+00,    0.0000000000E+00,    0.0000000000E+00,    2.7542952204E+02
    177900,      0.676957,CP2_after_erosion,   1,    0.0000000000E+00,    2.7542952204E+02,    2.7542952204E+02,    0.0000000000E+00,    0.0000000000E+00,    0.0000000000E+00,    2.7542952204E+02
    177900,      0.676957,CP3_after_update_bottom,   1,    0.0000000000E+00,    2.7542952204E+02,    2.7542952204E+02,    0.0000000000E+00,    0.0000000000E+00,    0.0000000000E+00,    2.7542952204E+02
    177900,      0.676957,CP4_after_advection,   1,    0.0000000000E+00,    2.7543154157E+02,    2.7543154157E+02,    0.0000000000E+00,    0.0000000000E+00,    0.0000000000E+00,    2.7543154157E+02
    177900,      0.676957,CP5_after_vdif,   1,    0.0000000000E+00,    2.7543154157E+02,    2.7543154157E+02,    0.0000000000E+00,    0.0000000000E+00,    0.0000000000E+00,    2.7543154157E+02
    177900,      0.676957,CP6_after_kinetics,   1,    0.0000000000E+00,    2.7543154157E+02,    2.7543154157E+02,    0.0000000000E+00,    0.0000000000E+00,    0.0000000000E+00,    2.7543154157E+02
    177900,      0.676957,CP7_after_upper_clamp,   1,    0.0000000000E+00,    2.7543154157E+02,    2.7543154157E+02,    0.0000000000E+00,    0.0000000000E+00,    0.0000000000E+00,    2.7543154157E+02
    177900,      0.676957,CP8_after_OBC,   1,    0.0000000000E+00,    2.7543154157E+02,    2.7543154157E+02,    0.0000000000E+00,    0.0000000000E+00,    0.0000000000E+00,    2.7543154157E+02
    177900,      0.676957,CP9_after_PTsource,   1,    0.0000000000E+00,    2.7543154157E+02,    2.7543154157E+02,    0.0000000000E+00,    0.0000000000E+00,    0.0000000000E+00,    2.7543154157E+02
    177900,      0.676957,CP10_after_neg_clamp,   1,    0.0000000000E+00,    2.7543154157E+02,    2.7543154157E+02,    0.0000000000E+00,    0.0000000000E+00,    0.0000000000E+00,    2.7543154157E+02
    177900,      0.676957,CP11_after_MPI,   1,    0.0000000000E+00,    2.7543154157E+02,    2.7543154157E+02,    0.0000000000E+00,    0.0000000000E+00,    0.0000000000E+00,    2.7543154157E+02
    177900,      0.676957,CP12_end,   1,    0.0000000000E+00,    2.7543154157E+02,    2.7543154157E+02,    0.0000000000E+00,    0.0000000000E+00,    0.0000000000E+00,    2.7543154157E+02
    177950,      0.676957,CP0_start,   1,    0.0000000000E+00,    2.7560369022E+02,    2.7560369022E+02,    0.0000000000E+00,    0.0000000000E+00,    0.0000000000E+00,    2.7560369022E+02
    177950,      0.676957,CP1_after_deposition,   1,    0.0000000000E+00,    2.7560369022E+02,    2.7560369022E+02,    0.0000000000E+00,    0.0000000000E+00,    0.0000000000E+00,    2.7560369022E+02
    177950,      0.676957,CP2_after_erosion,   1,    0.0000000000E+00,    2.7560369022E+02,    2.7560369022E+02,    0.0000000000E+00,    0.0000000000E+00,    0.0000000000E+00,    2.7560369022E+02
    177950,      0.676957,CP3_after_update_bottom,   1,    0.0000000000E+00,    2.7560369022E+02,    2.7560369022E+02,    0.0000000000E+00,    0.0000000000E+00,    0.0000000000E+00,    2.7560369022E+02
    177950,      0.676957,CP4_after_advection,   1,    0.0000000000E+00,    2.7560540816E+02,    2.7560540816E+02,    0.0000000000E+00,    0.0000000000E+00,    0.0000000000E+00,    2.7560540816E+02
    177950,      0.676957,CP5_after_vdif,   1,    0.0000000000E+00,    2.7560540816E+02,    2.7560540816E+02,    0.0000000000E+00,    0.0000000000E+00,    0.0000000000E+00,    2.7560540816E+02
    177950,      0.676957,CP6_after_kinetics,   1,    0.0000000000E+00,    2.7560540816E+02,    2.7560540816E+02,    0.0000000000E+00,    0.0000000000E+00,    0.0000000000E+00,    2.7560540816E+02
    177950,      0.676957,CP7_after_upper_clamp,   1,    0.0000000000E+00,    2.7560540816E+02,    2.7560540816E+02,    0.0000000000E+00,    0.0000000000E+00,    0.0000000000E+00,    2.7560540816E+02
    177950,      0.676957,CP8_after_OBC,   1,    0.0000000000E+00,    2.7560540816E+02,    2.7560540816E+02,    0.0000000000E+00,    0.0000000000E+00,    0.0000000000E+00,    2.7560540816E+02
    177950,      0.676957,CP9_after_PTsource,   1,    0.0000000000E+00,    2.7560540816E+02,    2.7560540816E+02,    0.0000000000E+00,    0.0000000000E+00,    0.0000000000E+00,    2.7560540816E+02
    177950,      0.676957,CP10_after_neg_clamp,   1,    0.0000000000E+00,    2.7560540816E+02,    2.7560540816E+02,    0.0000000000E+00,    0.0000000000E+00,    0.0000000000E+00,    2.7560540816E+02
    177950,      0.676957,CP11_after_MPI,   1,    0.0000000000E+00,    2.7560540816E+02,    2.7560540816E+02,    0.0000000000E+00,    0.0000000000E+00,    0.0000000000E+00,    2.7560540816E+02
    177950,      0.676957,CP12_end,   1,    0.0000000000E+00,    2.7560540816E+02,    2.7560540816E+02,    0.0000000000E+00,    0.0000000000E+00,    0.0000000000E+00,    2.7560540816E+02
    178000,      0.676957,CP0_start,   1,    0.0000000000E+00,    2.7577238269E+02,    2.7577238269E+02,    0.0000000000E+00,    0.0000000000E+00,    0.0000000000E+00,    2.7577238269E+02
    178000,      0.676957,CP1_after_deposition,   1,    0.0000000000E+00,    2.7577238269E+02,    2.7577238269E+02,    0.0000000000E+00,    0.0000000000E+00,    0.0000000000E+00,    2.7577238269E+02
    178000,      0.676957,CP2_after_erosion,   1,    0.0000000000E+00,    2.7577238269E+02,    2.7577238269E+02,    0.0000000000E+00,    0.0000000000E+00,    0.0000000000E+00,    2.7577238269E+02
    178000,      0.676957,CP3_after_update_bottom,   1,    0.0000000000E+00,    2.7577238269E+02,    2.7577238269E+02,    0.0000000000E+00,    0.0000000000E+00,    0.0000000000E+00,    2.7577238269E+02
    178000,      0.676957,CP4_after_advection,   1,    0.0000000000E+00,    2.7577381034E+02,    2.7577381034E+02,    0.0000000000E+00,    0.0000000000E+00,    0.0000000000E+00,    2.7577381034E+02
    178000,      0.676957,CP5_after_vdif,   1,    0.0000000000E+00,    2.7577381034E+02,    2.7577381034E+02,    0.0000000000E+00,    0.0000000000E+00,    0.0000000000E+00,    2.7577381034E+02
    178000,      0.676957,CP6_after_kinetics,   1,    0.0000000000E+00,    2.7577381034E+02,    2.7577381034E+02,    0.0000000000E+00,    0.0000000000E+00,    0.0000000000E+00,    2.7577381034E+02
    178000,      0.676957,CP7_after_upper_clamp,   1,    0.0000000000E+00,    2.7577381034E+02,    2.7577381034E+02,    0.0000000000E+00,    0.0000000000E+00,    0.0000000000E+00,    2.7577381034E+02
    178000,      0.676957,CP8_after_OBC,   1,    0.0000000000E+00,    2.7577381034E+02,    2.7577381034E+02,    0.0000000000E+00,    0.0000000000E+00,    0.0000000000E+00,    2.7577381034E+02
    178000,      0.676957,CP9_after_PTsource,   1,    0.0000000000E+00,    2.7577381034E+02,    2.7577381034E+02,    0.0000000000E+00,    0.0000000000E+00,    0.0000000000E+00,    2.7577381034E+02
    178000,      0.676957,CP10_after_neg_clamp,   1,    0.0000000000E+00,    2.7577381034E+02,    2.7577381034E+02,    0.0000000000E+00,    0.0000000000E+00,    0.0000000000E+00,    2.7577381034E+02
    178000,      0.676957,CP11_after_MPI,   1,    0.0000000000E+00,    2.7577381034E+02,    2.7577381034E+02,    0.0000000000E+00,    0.0000000000E+00,    0.0000000000E+00,    2.7577381034E+02
    178000,      0.676957,CP12_end,   1,    0.0000000000E+00,    2.7577381034E+02,    2.7577381034E+02,    0.0000000000E+00,    0.0000000000E+00,    0.0000000000E+00,    2.7577381034E+02
    178050,      0.676957,CP0_start,   1,    0.0000000000E+00,    2.7593746945E+02,    2.7593746945E+02,    0.0000000000E+00,    0.0000000000E+00,    0.0000000000E+00,    2.7593746945E+02
    178050,      0.676957,CP1_after_deposition,   1,    0.0000000000E+00,    2.7593746945E+02,    2.7593746945E+02,    0.0000000000E+00,    0.0000000000E+00,    0.0000000000E+00,    2.7593746945E+02
    178050,      0.676957,CP2_after_erosion,   1,    0.0000000000E+00,    2.7593746945E+02,    2.7593746945E+02,    0.0000000000E+00,    0.0000000000E+00,    0.0000000000E+00,    2.7593746945E+02
    178050,      0.676957,CP3_after_update_bottom,   1,    0.0000000000E+00,    2.7593746945E+02,    2.7593746945E+02,    0.0000000000E+00,    0.0000000000E+00,    0.0000000000E+00,    2.7593746945E+02
    178050,      0.676957,CP4_after_advection,   1,    0.0000000000E+00,    2.7593864017E+02,    2.7593864017E+02,    0.0000000000E+00,    0.0000000000E+00,    0.0000000000E+00,    2.7593864017E+02
    178050,      0.676957,CP5_after_vdif,   1,    0.0000000000E+00,    2.7593864017E+02,    2.7593864017E+02,    0.0000000000E+00,    0.0000000000E+00,    0.0000000000E+00,    2.7593864017E+02
    178050,      0.676957,CP6_after_kinetics,   1,    0.0000000000E+00,    2.7593864017E+02,    2.7593864017E+02,    0.0000000000E+00,    0.0000000000E+00,    0.0000000000E+00,    2.7593864017E+02
    178050,      0.676957,CP7_after_upper_clamp,   1,    0.0000000000E+00,    2.7593864017E+02,    2.7593864017E+02,    0.0000000000E+00,    0.0000000000E+00,    0.0000000000E+00,    2.7593864017E+02
    178050,      0.676957,CP8_after_OBC,   1,    0.0000000000E+00,    2.7593864017E+02,    2.7593864017E+02,    0.0000000000E+00,    0.0000000000E+00,    0.0000000000E+00,    2.7593864017E+02
    178050,      0.676957,CP9_after_PTsource,   1,    0.0000000000E+00,    2.7593864017E+02,    2.7593864017E+02,    0.0000000000E+00,    0.0000000000E+00,    0.0000000000E+00,    2.7593864017E+02
    178050,      0.676957,CP10_after_neg_clamp,   1,    0.0000000000E+00,    2.7593864017E+02,    2.7593864017E+02,    0.0000000000E+00,    0.0000000000E+00,    0.0000000000E+00,    2.7593864017E+02
    178050,      0.676957,CP11_after_MPI,   1,    0.0000000000E+00,    2.7593864017E+02,    2.7593864017E+02,    0.0000000000E+00,    0.0000000000E+00,    0.0000000000E+00,    2.7593864017E+02
    178050,      0.676957,CP12_end,   1,    0.0000000000E+00,    2.7593864017E+02,    2.7593864017E+02,    0.0000000000E+00,    0.0000000000E+00,    0.0000000000E+00,    2.7593864017E+02
    178100,      0.676957,CP0_start,   1,    0.0000000000E+00,    2.7610147763E+02,    2.7610147763E+02,    0.0000000000E+00,    0.0000000000E+00,    0.0000000000E+00,    2.7610147763E+02
    178100,      0.676957,CP1_after_deposition,   1,    0.0000000000E+00,    2.7610147763E+02,    2.7610147763E+02,    0.0000000000E+00,    0.0000000000E+00,    0.0000000000E+00,    2.7610147763E+02
    178100,      0.676957,CP2_after_erosion,   1,    0.0000000000E+00,    2.7610147763E+02,    2.7610147763E+02,    0.0000000000E+00,    0.0000000000E+00,    0.0000000000E+00,    2.7610147763E+02
    178100,      0.676957,CP3_after_update_bottom,   1,    0.0000000000E+00,    2.7610147763E+02,    2.7610147763E+02,    0.0000000000E+00,    0.0000000000E+00,    0.0000000000E+00,    2.7610147763E+02
    178100,      0.676957,CP4_after_advection,   1,    0.0000000000E+00,    2.7610243155E+02,    2.7610243155E+02,    0.0000000000E+00,    0.0000000000E+00,    0.0000000000E+00,    2.7610243155E+02
    178100,      0.676957,CP5_after_vdif,   1,    0.0000000000E+00,    2.7610243155E+02,    2.7610243155E+02,    0.0000000000E+00,    0.0000000000E+00,    0.0000000000E+00,    2.7610243155E+02
    178100,      0.676957,CP6_after_kinetics,   1,    0.0000000000E+00,    2.7610243155E+02,    2.7610243155E+02,    0.0000000000E+00,    0.0000000000E+00,    0.0000000000E+00,    2.7610243155E+02
    178100,      0.676957,CP7_after_upper_clamp,   1,    0.0000000000E+00,    2.7610243155E+02,    2.7610243155E+02,    0.0000000000E+00,    0.0000000000E+00,    0.0000000000E+00,    2.7610243155E+02
    178100,      0.676957,CP8_after_OBC,   1,    0.0000000000E+00,    2.7610243155E+02,    2.7610243155E+02,    0.0000000000E+00,    0.0000000000E+00,    0.0000000000E+00,    2.7610243155E+02
    178100,      0.676957,CP9_after_PTsource,   1,    0.0000000000E+00,    2.7610243155E+02,    2.7610243155E+02,    0.0000000000E+00,    0.0000000000E+00,    0.0000000000E+00,    2.7610243155E+02
    178100,      0.676957,CP10_after_neg_clamp,   1,    0.0000000000E+00,    2.7610243155E+02,    2.7610243155E+02,    0.0000000000E+00,    0.0000000000E+00,    0.0000000000E+00,    2.7610243155E+02
    178100,      0.676957,CP11_after_MPI,   1,    0.0000000000E+00,    2.7610243155E+02,    2.7610243155E+02,    0.0000000000E+00,    0.0000000000E+00,    0.0000000000E+00,    2.7610243155E+02
    178100,      0.676957,CP12_end,   1,    0.0000000000E+00,    2.7610243155E+02,    2.7610243155E+02,    0.0000000000E+00,    0.0000000000E+00,    0.0000000000E+00,    2.7610243155E+02
    178150,      0.676957,CP0_start,   1,    0.0000000000E+00,    2.7626730413E+02,    2.7626730413E+02,    0.0000000000E+00,    0.0000000000E+00,    0.0000000000E+00,    2.7626730413E+02
    178150,      0.676957,CP1_after_deposition,   1,    0.0000000000E+00,    2.7626730413E+02,    2.7626730413E+02,    0.0000000000E+00,    0.0000000000E+00,    0.0000000000E+00,    2.7626730413E+02
    178150,      0.676957,CP2_after_erosion,   1,    0.0000000000E+00,    2.7626730413E+02,    2.7626730413E+02,    0.0000000000E+00,    0.0000000000E+00,    0.0000000000E+00,    2.7626730413E+02
    178150,      0.676957,CP3_after_update_bottom,   1,    0.0000000000E+00,    2.7626730413E+02,    2.7626730413E+02,    0.0000000000E+00,    0.0000000000E+00,    0.0000000000E+00,    2.7626730413E+02
    178150,      0.676957,CP4_after_advection,   1,    0.0000000000E+00,    2.7626809482E+02,    2.7626809482E+02,    0.0000000000E+00,    0.0000000000E+00,    0.0000000000E+00,    2.7626809482E+02
    178150,      0.676957,CP5_after_vdif,   1,    0.0000000000E+00,    2.7626809482E+02,    2.7626809482E+02,    0.0000000000E+00,    0.0000000000E+00,    0.0000000000E+00,    2.7626809482E+02
    178150,      0.676957,CP6_after_kinetics,   1,    0.0000000000E+00,    2.7626809482E+02,    2.7626809482E+02,    0.0000000000E+00,    0.0000000000E+00,    0.0000000000E+00,    2.7626809482E+02
    178150,      0.676957,CP7_after_upper_clamp,   1,    0.0000000000E+00,    2.7626809482E+02,    2.7626809482E+02,    0.0000000000E+00,    0.0000000000E+00,    0.0000000000E+00,    2.7626809482E+02
    178150,      0.676957,CP8_after_OBC,   1,    0.0000000000E+00,    2.7626809482E+02,    2.7626809482E+02,    0.0000000000E+00,    0.0000000000E+00,    0.0000000000E+00,    2.7626809482E+02
    178150,      0.676957,CP9_after_PTsource,   1,    0.0000000000E+00,    2.7626809482E+02,    2.7626809482E+02,    0.0000000000E+00,    0.0000000000E+00,    0.0000000000E+00,    2.7626809482E+02
    178150,      0.676957,CP10_after_neg_clamp,   1,    0.0000000000E+00,    2.7626809482E+02,    2.7626809482E+02,    0.0000000000E+00,    0.0000000000E+00,    0.0000000000E+00,    2.7626809482E+02
    178150,      0.676957,CP11_after_MPI,   1,    0.0000000000E+00,    2.7626809482E+02,    2.7626809482E+02,    0.0000000000E+00,    0.0000000000E+00,    0.0000000000E+00,    2.7626809482E+02
    178150,      0.676957,CP12_end,   1,    0.0000000000E+00,    2.7626809482E+02,    2.7626809482E+02,    0.0000000000E+00,    0.0000000000E+00,    0.0000000000E+00,    2.7626809482E+02
    178200,      0.676957,CP0_start,   1,    0.0000000000E+00,    2.7643810390E+02,    2.7643810390E+02,    0.0000000000E+00,    0.0000000000E+00,    0.0000000000E+00,    2.7643810390E+02
    178200,      0.676957,CP1_after_deposition,   1,    0.0000000000E+00,    2.7643810390E+02,    2.7643810390E+02,    0.0000000000E+00,    0.0000000000E+00,    0.0000000000E+00,    2.7643810390E+02
    178200,      0.676957,CP2_after_erosion,   1,    0.0000000000E+00,    2.7643810390E+02,    2.7643810390E+02,    0.0000000000E+00,    0.0000000000E+00,    0.0000000000E+00,    2.7643810390E+02
    178200,      0.676957,CP3_after_update_bottom,   1,    0.0000000000E+00,    2.7643810390E+02,    2.7643810390E+02,    0.0000000000E+00,    0.0000000000E+00,    0.0000000000E+00,    2.7643810390E+02
    178200,      0.676957,CP4_after_advection,   1,    0.0000000000E+00,    2.7643877331E+02,    2.7643877331E+02,    0.0000000000E+00,    0.0000000000E+00,    0.0000000000E+00,    2.7643877331E+02
    178200,      0.676957,CP5_after_vdif,   1,    0.0000000000E+00,    2.7643877331E+02,    2.7643877331E+02,    0.0000000000E+00,    0.0000000000E+00,    0.0000000000E+00,    2.7643877331E+02
    178200,      0.676957,CP6_after_kinetics,   1,    0.0000000000E+00,    2.7643877331E+02,    2.7643877331E+02,    0.0000000000E+00,    0.0000000000E+00,    0.0000000000E+00,    2.7643877331E+02
    178200,      0.676957,CP7_after_upper_clamp,   1,    0.0000000000E+00,    2.7643877331E+02,    2.7643877331E+02,    0.0000000000E+00,    0.0000000000E+00,    0.0000000000E+00,    2.7643877331E+02
    178200,      0.676957,CP8_after_OBC,   1,    0.0000000000E+00,    2.7643877331E+02,    2.7643877331E+02,    0.0000000000E+00,    0.0000000000E+00,    0.0000000000E+00,    2.7643877331E+02
    178200,      0.676957,CP9_after_PTsource,   1,    0.0000000000E+00,    2.7643877331E+02,    2.7643877331E+02,    0.0000000000E+00,    0.0000000000E+00,    0.0000000000E+00,    2.7643877331E+02
    178200,      0.676957,CP10_after_neg_clamp,   1,    0.0000000000E+00,    2.7643877331E+02,    2.7643877331E+02,    0.0000000000E+00,    0.0000000000E+00,    0.0000000000E+00,    2.7643877331E+02
    178200,      0.676957,CP11_after_MPI,   1,    0.0000000000E+00,    2.7643877331E+02,    2.7643877331E+02,    0.0000000000E+00,    0.0000000000E+00,    0.0000000000E+00,    2.7643877331E+02
    178200,      0.676957,CP12_end,   1,    0.0000000000E+00,    2.7643877331E+02,    2.7643877331E+02,    0.0000000000E+00,    0.0000000000E+00,    0.0000000000E+00,    2.7643877331E+02
    178250,      0.676957,CP0_start,   1,    0.0000000000E+00,    2.7661637024E+02,    2.7661637024E+02,    0.0000000000E+00,    0.0000000000E+00,    0.0000000000E+00,    2.7661637024E+02
    178250,      0.676957,CP1_after_deposition,   1,    0.0000000000E+00,    2.7661637024E+02,    2.7661637024E+02,    0.0000000000E+00,    0.0000000000E+00,    0.0000000000E+00,    2.7661637024E+02
    178250,      0.676957,CP2_after_erosion,   1,    0.0000000000E+00,    2.7661637024E+02,    2.7661637024E+02,    0.0000000000E+00,    0.0000000000E+00,    0.0000000000E+00,    2.7661637024E+02
    178250,      0.676957,CP3_after_update_bottom,   1,    0.0000000000E+00,    2.7661637024E+02,    2.7661637024E+02,    0.0000000000E+00,    0.0000000000E+00,    0.0000000000E+00,    2.7661637024E+02
    178250,      0.676957,CP4_after_advection,   1,    0.0000000000E+00,    2.7661695153E+02,    2.7661695153E+02,    0.0000000000E+00,    0.0000000000E+00,    0.0000000000E+00,    2.7661695153E+02
    178250,      0.676957,CP5_after_vdif,   1,    0.0000000000E+00,    2.7661695153E+02,    2.7661695153E+02,    0.0000000000E+00,    0.0000000000E+00,    0.0000000000E+00,    2.7661695153E+02
    178250,      0.676957,CP6_after_kinetics,   1,    0.0000000000E+00,    2.7661695153E+02,    2.7661695153E+02,    0.0000000000E+00,    0.0000000000E+00,    0.0000000000E+00,    2.7661695153E+02
    178250,      0.676957,CP7_after_upper_clamp,   1,    0.0000000000E+00,    2.7661695153E+02,    2.7661695153E+02,    0.0000000000E+00,    0.0000000000E+00,    0.0000000000E+00,    2.7661695153E+02
    178250,      0.676957,CP8_after_OBC,   1,    0.0000000000E+00,    2.7661695153E+02,    2.7661695153E+02,    0.0000000000E+00,    0.0000000000E+00,    0.0000000000E+00,    2.7661695153E+02
    178250,      0.676957,CP9_after_PTsource,   1,    0.0000000000E+00,    2.7661695153E+02,    2.7661695153E+02,    0.0000000000E+00,    0.0000000000E+00,    0.0000000000E+00,    2.7661695153E+02
    178250,      0.676957,CP10_after_neg_clamp,   1,    0.0000000000E+00,    2.7661695153E+02,    2.7661695153E+02,    0.0000000000E+00,    0.0000000000E+00,    0.0000000000E+00,    2.7661695153E+02
    178250,      0.676957,CP11_after_MPI,   1,    0.0000000000E+00,    2.7661695153E+02,    2.7661695153E+02,    0.0000000000E+00,    0.0000000000E+00,    0.0000000000E+00,    2.7661695153E+02
    178250,      0.676957,CP12_end,   1,    0.0000000000E+00,    2.7661695153E+02,    2.7661695153E+02,    0.0000000000E+00,    0.0000000000E+00,    0.0000000000E+00,    2.7661695153E+02
    178300,      0.676957,CP0_start,   1,    0.0000000000E+00,    2.7680340128E+02,    2.7680340128E+02,    0.0000000000E+00,    0.0000000000E+00,    0.0000000000E+00,    2.7680340128E+02
    178300,      0.676957,CP1_after_deposition,   1,    0.0000000000E+00,    2.7680340128E+02,    2.7680340128E+02,    0.0000000000E+00,    0.0000000000E+00,    0.0000000000E+00,    2.7680340128E+02
    178300,      0.676957,CP2_after_erosion,   1,    0.0000000000E+00,    2.7680340128E+02,    2.7680340128E+02,    0.0000000000E+00,    0.0000000000E+00,    0.0000000000E+00,    2.7680340128E+02
    178300,      0.676957,CP3_after_update_bottom,   1,    0.0000000000E+00,    2.7680340128E+02,    2.7680340128E+02,    0.0000000000E+00,    0.0000000000E+00,    0.0000000000E+00,    2.7680340128E+02
    178300,      0.676957,CP4_after_advection,   1,    0.0000000000E+00,    2.7680388120E+02,    2.7680388120E+02,    0.0000000000E+00,    0.0000000000E+00,    0.0000000000E+00,    2.7680388120E+02
    178300,      0.676957,CP5_after_vdif,   1,    0.0000000000E+00,    2.7680388120E+02,    2.7680388120E+02,    0.0000000000E+00,    0.0000000000E+00,    0.0000000000E+00,    2.7680388120E+02
    178300,      0.676957,CP6_after_kinetics,   1,    0.0000000000E+00,    2.7680388120E+02,    2.7680388120E+02,    0.0000000000E+00,    0.0000000000E+00,    0.0000000000E+00,    2.7680388120E+02
    178300,      0.676957,CP7_after_upper_clamp,   1,    0.0000000000E+00,    2.7680388120E+02,    2.7680388120E+02,    0.0000000000E+00,    0.0000000000E+00,    0.0000000000E+00,    2.7680388120E+02
    178300,      0.676957,CP8_after_OBC,   1,    0.0000000000E+00,    2.7680388120E+02,    2.7680388120E+02,    0.0000000000E+00,    0.0000000000E+00,    0.0000000000E+00,    2.7680388120E+02
    178300,      0.676957,CP9_after_PTsource,   1,    0.0000000000E+00,    2.7680388120E+02,    2.7680388120E+02,    0.0000000000E+00,    0.0000000000E+00,    0.0000000000E+00,    2.7680388120E+02
    178300,      0.676957,CP10_after_neg_clamp,   1,    0.0000000000E+00,    2.7680388120E+02,    2.7680388120E+02,    0.0000000000E+00,    0.0000000000E+00,    0.0000000000E+00,    2.7680388120E+02
    178300,      0.676957,CP11_after_MPI,   1,    0.0000000000E+00,    2.7680388120E+02,    2.7680388120E+02,    0.0000000000E+00,    0.0000000000E+00,    0.0000000000E+00,    2.7680388120E+02
    178300,      0.676957,CP12_end,   1,    0.0000000000E+00,    2.7680388120E+02,    2.7680388120E+02,    0.0000000000E+00,    0.0000000000E+00,    0.0000000000E+00,    2.7680388120E+02
    178350,      0.676958,CP0_start,   1,    0.0000000000E+00,    2.7699824074E+02,    2.7699824074E+02,    0.0000000000E+00,    0.0000000000E+00,    0.0000000000E+00,    2.7699824074E+02
    178350,      0.676958,CP1_after_deposition,   1,    0.0000000000E+00,    2.7699824074E+02,    2.7699824074E+02,    0.0000000000E+00,    0.0000000000E+00,    0.0000000000E+00,    2.7699824074E+02
    178350,      0.676958,CP2_after_erosion,   1,    0.0000000000E+00,    2.7699824074E+02,    2.7699824074E+02,    0.0000000000E+00,    0.0000000000E+00,    0.0000000000E+00,    2.7699824074E+02
    178350,      0.676958,CP3_after_update_bottom,   1,    0.0000000000E+00,    2.7699824074E+02,    2.7699824074E+02,    0.0000000000E+00,    0.0000000000E+00,    0.0000000000E+00,    2.7699824074E+02
    178350,      0.676958,CP4_after_advection,   1,    0.0000000000E+00,    2.7699857561E+02,    2.7699857561E+02,    0.0000000000E+00,    0.0000000000E+00,    0.0000000000E+00,    2.7699857561E+02
    178350,      0.676958,CP5_after_vdif,   1,    0.0000000000E+00,    2.7699857561E+02,    2.7699857561E+02,    0.0000000000E+00,    0.0000000000E+00,    0.0000000000E+00,    2.7699857561E+02
    178350,      0.676958,CP6_after_kinetics,   1,    0.0000000000E+00,    2.7699857561E+02,    2.7699857561E+02,    0.0000000000E+00,    0.0000000000E+00,    0.0000000000E+00,    2.7699857561E+02
    178350,      0.676958,CP7_after_upper_clamp,   1,    0.0000000000E+00,    2.7699857561E+02,    2.7699857561E+02,    0.0000000000E+00,    0.0000000000E+00,    0.0000000000E+00,    2.7699857561E+02
    178350,      0.676958,CP8_after_OBC,   1,    0.0000000000E+00,    2.7699857561E+02,    2.7699857561E+02,    0.0000000000E+00,    0.0000000000E+00,    0.0000000000E+00,    2.7699857561E+02
    178350,      0.676958,CP9_after_PTsource,   1,    0.0000000000E+00,    2.7699857561E+02,    2.7699857561E+02,    0.0000000000E+00,    0.0000000000E+00,    0.0000000000E+00,    2.7699857561E+02
    178350,      0.676958,CP10_after_neg_clamp,   1,    0.0000000000E+00,    2.7699857561E+02,    2.7699857561E+02,    0.0000000000E+00,    0.0000000000E+00,    0.0000000000E+00,    2.7699857561E+02
    178350,      0.676958,CP11_after_MPI,   1,    0.0000000000E+00,    2.7699857561E+02,    2.7699857561E+02,    0.0000000000E+00,    0.0000000000E+00,    0.0000000000E+00,    2.7699857561E+02
    178350,      0.676958,CP12_end,   1,    0.0000000000E+00,    2.7699857561E+02,    2.7699857561E+02,    0.0000000000E+00,    0.0000000000E+00,    0.0000000000E+00,    2.7699857561E+02
    178400,      0.676958,CP0_start,   1,    0.0000000000E+00,    2.7719939528E+02,    2.7719939528E+02,    0.0000000000E+00,    0.0000000000E+00,    0.0000000000E+00,    2.7719939528E+02
    178400,      0.676958,CP1_after_deposition,   1,    0.0000000000E+00,    2.7719939528E+02,    2.7719939528E+02,    0.0000000000E+00,    0.0000000000E+00,    0.0000000000E+00,    2.7719939528E+02
    178400,      0.676958,CP2_after_erosion,   1,    0.0000000000E+00,    2.7719939528E+02,    2.7719939528E+02,    0.0000000000E+00,    0.0000000000E+00,    0.0000000000E+00,    2.7719939528E+02
    178400,      0.676958,CP3_after_update_bottom,   1,    0.0000000000E+00,    2.7719939528E+02,    2.7719939528E+02,    0.0000000000E+00,    0.0000000000E+00,    0.0000000000E+00,    2.7719939528E+02
    178400,      0.676958,CP4_after_advection,   1,    0.0000000000E+00,    2.7719954139E+02,    2.7719954139E+02,    0.0000000000E+00,    0.0000000000E+00,    0.0000000000E+00,    2.7719954139E+02
    178400,      0.676958,CP5_after_vdif,   1,    0.0000000000E+00,    2.7719954139E+02,    2.7719954139E+02,    0.0000000000E+00,    0.0000000000E+00,    0.0000000000E+00,    2.7719954139E+02
    178400,      0.676958,CP6_after_kinetics,   1,    0.0000000000E+00,    2.7719954139E+02,    2.7719954139E+02,    0.0000000000E+00,    0.0000000000E+00,    0.0000000000E+00,    2.7719954139E+02
    178400,      0.676958,CP7_after_upper_clamp,   1,    0.0000000000E+00,    2.7719954139E+02,    2.7719954139E+02,    0.0000000000E+00,    0.0000000000E+00,    0.0000000000E+00,    2.7719954139E+02
    178400,      0.676958,CP8_after_OBC,   1,    0.0000000000E+00,    2.7719954139E+02,    2.7719954139E+02,    0.0000000000E+00,    0.0000000000E+00,    0.0000000000E+00,    2.7719954139E+02
    178400,      0.676958,CP9_after_PTsource,   1,    0.0000000000E+00,    2.7719954139E+02,    2.7719954139E+02,    0.0000000000E+00,    0.0000000000E+00,    0.0000000000E+00,    2.7719954139E+02
    178400,      0.676958,CP10_after_neg_clamp,   1,    0.0000000000E+00,    2.7719954139E+02,    2.7719954139E+02,    0.0000000000E+00,    0.0000000000E+00,    0.0000000000E+00,    2.7719954139E+02
    178400,      0.676958,CP11_after_MPI,   1,    0.0000000000E+00,    2.7719954139E+02,    2.7719954139E+02,    0.0000000000E+00,    0.0000000000E+00,    0.0000000000E+00,    2.7719954139E+02
    178400,      0.676958,CP12_end,   1,    0.0000000000E+00,    2.7719954139E+02,    2.7719954139E+02,    0.0000000000E+00,    0.0000000000E+00,    0.0000000000E+00,    2.7719954139E+02
    178450,      0.676958,CP0_start,   1,    0.0000000000E+00,    2.7740521840E+02,    2.7740521840E+02,    0.0000000000E+00,    0.0000000000E+00,    0.0000000000E+00,    2.7740521840E+02
    178450,      0.676958,CP1_after_deposition,   1,    0.0000000000E+00,    2.7740521840E+02,    2.7740521840E+02,    0.0000000000E+00,    0.0000000000E+00,    0.0000000000E+00,    2.7740521840E+02
    178450,      0.676958,CP2_after_erosion,   1,    0.0000000000E+00,    2.7740521840E+02,    2.7740521840E+02,    0.0000000000E+00,    0.0000000000E+00,    0.0000000000E+00,    2.7740521840E+02
    178450,      0.676958,CP3_after_update_bottom,   1,    0.0000000000E+00,    2.7740521840E+02,    2.7740521840E+02,    0.0000000000E+00,    0.0000000000E+00,    0.0000000000E+00,    2.7740521840E+02
    178450,      0.676958,CP4_after_advection,   1,    0.0000000000E+00,    2.7740513347E+02,    2.7740513347E+02,    0.0000000000E+00,    0.0000000000E+00,    0.0000000000E+00,    2.7740513347E+02
    178450,      0.676958,CP5_after_vdif,   1,    0.0000000000E+00,    2.7740513347E+02,    2.7740513347E+02,    0.0000000000E+00,    0.0000000000E+00,    0.0000000000E+00,    2.7740513347E+02
    178450,      0.676958,CP6_after_kinetics,   1,    0.0000000000E+00,    2.7740513347E+02,    2.7740513347E+02,    0.0000000000E+00,    0.0000000000E+00,    0.0000000000E+00,    2.7740513347E+02
    178450,      0.676958,CP7_after_upper_clamp,   1,    0.0000000000E+00,    2.7740513347E+02,    2.7740513347E+02,    0.0000000000E+00,    0.0000000000E+00,    0.0000000000E+00,    2.7740513347E+02
    178450,      0.676958,CP8_after_OBC,   1,    0.0000000000E+00,    2.7740513347E+02,    2.7740513347E+02,    0.0000000000E+00,    0.0000000000E+00,    0.0000000000E+00,    2.7740513347E+02
    178450,      0.676958,CP9_after_PTsource,   1,    0.0000000000E+00,    2.7740513347E+02,    2.7740513347E+02,    0.0000000000E+00,    0.0000000000E+00,    0.0000000000E+00,    2.7740513347E+02
    178450,      0.676958,CP10_after_neg_clamp,   1,    0.0000000000E+00,    2.7740513347E+02,    2.7740513347E+02,    0.0000000000E+00,    0.0000000000E+00,    0.0000000000E+00,    2.7740513347E+02
    178450,      0.676958,CP11_after_MPI,   1,    0.0000000000E+00,    2.7740513347E+02,    2.7740513347E+02,    0.0000000000E+00,    0.0000000000E+00,    0.0000000000E+00,    2.7740513347E+02
    178450,      0.676958,CP12_end,   1,    0.0000000000E+00,    2.7740513347E+02,    2.7740513347E+02,    0.0000000000E+00,    0.0000000000E+00,    0.0000000000E+00,    2.7740513347E+02
    178500,      0.676958,CP0_start,   1,    0.0000000000E+00,    2.7761422973E+02,    2.7761422973E+02,    0.0000000000E+00,    0.0000000000E+00,    0.0000000000E+00,    2.7761422973E+02
    178500,      0.676958,CP1_after_deposition,   1,    0.0000000000E+00,    2.7761422973E+02,    2.7761422973E+02,    0.0000000000E+00,    0.0000000000E+00,    0.0000000000E+00,    2.7761422973E+02
    178500,      0.676958,CP2_after_erosion,   1,    0.0000000000E+00,    2.7761422973E+02,    2.7761422973E+02,    0.0000000000E+00,    0.0000000000E+00,    0.0000000000E+00,    2.7761422973E+02
    178500,      0.676958,CP3_after_update_bottom,   1,    0.0000000000E+00,    2.7761422973E+02,    2.7761422973E+02,    0.0000000000E+00,    0.0000000000E+00,    0.0000000000E+00,    2.7761422973E+02
    178500,      0.676958,CP4_after_advection,   1,    0.0000000000E+00,    2.7761387758E+02,    2.7761387758E+02,    0.0000000000E+00,    0.0000000000E+00,    0.0000000000E+00,    2.7761387758E+02
    178500,      0.676958,CP5_after_vdif,   1,    0.0000000000E+00,    2.7761387758E+02,    2.7761387758E+02,    0.0000000000E+00,    0.0000000000E+00,    0.0000000000E+00,    2.7761387758E+02
    178500,      0.676958,CP6_after_kinetics,   1,    0.0000000000E+00,    2.7761387758E+02,    2.7761387758E+02,    0.0000000000E+00,    0.0000000000E+00,    0.0000000000E+00,    2.7761387758E+02
    178500,      0.676958,CP7_after_upper_clamp,   1,    0.0000000000E+00,    2.7761387758E+02,    2.7761387758E+02,    0.0000000000E+00,    0.0000000000E+00,    0.0000000000E+00,    2.7761387758E+02
    178500,      0.676958,CP8_after_OBC,   1,    0.0000000000E+00,    2.7761387758E+02,    2.7761387758E+02,    0.0000000000E+00,    0.0000000000E+00,    0.0000000000E+00,    2.7761387758E+02
    178500,      0.676958,CP9_after_PTsource,   1,    0.0000000000E+00,    2.7761387758E+02,    2.7761387758E+02,    0.0000000000E+00,    0.0000000000E+00,    0.0000000000E+00,    2.7761387758E+02
    178500,      0.676958,CP10_after_neg_clamp,   1,    0.0000000000E+00,    2.7761387758E+02,    2.7761387758E+02,    0.0000000000E+00,    0.0000000000E+00,    0.0000000000E+00,    2.7761387758E+02
    178500,      0.676958,CP11_after_MPI,   1,    0.0000000000E+00,    2.7761387758E+02,    2.7761387758E+02,    0.0000000000E+00,    0.0000000000E+00,    0.0000000000E+00,    2.7761387758E+02
    178500,      0.676958,CP12_end,   1,    0.0000000000E+00,    2.7761387758E+02,    2.7761387758E+02,    0.0000000000E+00,    0.0000000000E+00,    0.0000000000E+00,    2.7761387758E+02
    178550,      0.676958,CP0_start,   1,    0.0000000000E+00,    2.7782518567E+02,    2.7782518567E+02,    0.0000000000E+00,    0.0000000000E+00,    0.0000000000E+00,    2.7782518567E+02
    178550,      0.676958,CP1_after_deposition,   1,    0.0000000000E+00,    2.7782518567E+02,    2.7782518567E+02,    0.0000000000E+00,    0.0000000000E+00,    0.0000000000E+00,    2.7782518567E+02
    178550,      0.676958,CP2_after_erosion,   1,    0.0000000000E+00,    2.7782518567E+02,    2.7782518567E+02,    0.0000000000E+00,    0.0000000000E+00,    0.0000000000E+00,    2.7782518567E+02
    178550,      0.676958,CP3_after_update_bottom,   1,    0.0000000000E+00,    2.7782518567E+02,    2.7782518567E+02,    0.0000000000E+00,    0.0000000000E+00,    0.0000000000E+00,    2.7782518567E+02
    178550,      0.676958,CP4_after_advection,   1,    0.0000000000E+00,    2.7782453084E+02,    2.7782453084E+02,    0.0000000000E+00,    0.0000000000E+00,    0.0000000000E+00,    2.7782453084E+02
    178550,      0.676958,CP5_after_vdif,   1,    0.0000000000E+00,    2.7782453084E+02,    2.7782453084E+02,    0.0000000000E+00,    0.0000000000E+00,    0.0000000000E+00,    2.7782453084E+02
    178550,      0.676958,CP6_after_kinetics,   1,    0.0000000000E+00,    2.7782453084E+02,    2.7782453084E+02,    0.0000000000E+00,    0.0000000000E+00,    0.0000000000E+00,    2.7782453084E+02
    178550,      0.676958,CP7_after_upper_clamp,   1,    0.0000000000E+00,    2.7782453084E+02,    2.7782453084E+02,    0.0000000000E+00,    0.0000000000E+00,    0.0000000000E+00,    2.7782453084E+02
    178550,      0.676958,CP8_after_OBC,   1,    0.0000000000E+00,    2.7782453084E+02,    2.7782453084E+02,    0.0000000000E+00,    0.0000000000E+00,    0.0000000000E+00,    2.7782453084E+02
    178550,      0.676958,CP9_after_PTsource,   1,    0.0000000000E+00,    2.7782453084E+02,    2.7782453084E+02,    0.0000000000E+00,    0.0000000000E+00,    0.0000000000E+00,    2.7782453084E+02
    178550,      0.676958,CP10_after_neg_clamp,   1,    0.0000000000E+00,    2.7782453084E+02,    2.7782453084E+02,    0.0000000000E+00,    0.0000000000E+00,    0.0000000000E+00,    2.7782453084E+02
    178550,      0.676958,CP11_after_MPI,   1,    0.0000000000E+00,    2.7782453084E+02,    2.7782453084E+02,    0.0000000000E+00,    0.0000000000E+00,    0.0000000000E+00,    2.7782453084E+02
    178550,      0.676958,CP12_end,   1,    0.0000000000E+00,    2.7782453084E+02,    2.7782453084E+02,    0.0000000000E+00,    0.0000000000E+00,    0.0000000000E+00,    2.7782453084E+02
    178600,      0.676958,CP0_start,   1,    0.0000000000E+00,    2.7803636977E+02,    2.7803636977E+02,    0.0000000000E+00,    0.0000000000E+00,    0.0000000000E+00,    2.7803636977E+02
    178600,      0.676958,CP1_after_deposition,   1,    0.0000000000E+00,    2.7803636977E+02,    2.7803636977E+02,    0.0000000000E+00,    0.0000000000E+00,    0.0000000000E+00,    2.7803636977E+02
    178600,      0.676958,CP2_after_erosion,   1,    0.0000000000E+00,    2.7803636977E+02,    2.7803636977E+02,    0.0000000000E+00,    0.0000000000E+00,    0.0000000000E+00,    2.7803636977E+02
    178600,      0.676958,CP3_after_update_bottom,   1,    0.0000000000E+00,    2.7803636977E+02,    2.7803636977E+02,    0.0000000000E+00,    0.0000000000E+00,    0.0000000000E+00,    2.7803636977E+02
    178600,      0.676958,CP4_after_advection,   1,    0.0000000000E+00,    2.7803535105E+02,    2.7803535105E+02,    0.0000000000E+00,    0.0000000000E+00,    0.0000000000E+00,    2.7803535105E+02
    178600,      0.676958,CP5_after_vdif,   1,    0.0000000000E+00,    2.7803535105E+02,    2.7803535105E+02,    0.0000000000E+00,    0.0000000000E+00,    0.0000000000E+00,    2.7803535105E+02
    178600,      0.676958,CP6_after_kinetics,   1,    0.0000000000E+00,    2.7803535105E+02,    2.7803535105E+02,    0.0000000000E+00,    0.0000000000E+00,    0.0000000000E+00,    2.7803535105E+02
    178600,      0.676958,CP7_after_upper_clamp,   1,    0.0000000000E+00,    2.7803535105E+02,    2.7803535105E+02,    0.0000000000E+00,    0.0000000000E+00,    0.0000000000E+00,    2.7803535105E+02
    178600,      0.676958,CP8_after_OBC,   1,    0.0000000000E+00,    2.7803535105E+02,    2.7803535105E+02,    0.0000000000E+00,    0.0000000000E+00,    0.0000000000E+00,    2.7803535105E+02
    178600,      0.676958,CP9_after_PTsource,   1,    0.0000000000E+00,    2.7803535105E+02,    2.7803535105E+02,    0.0000000000E+00,    0.0000000000E+00,    0.0000000000E+00,    2.7803535105E+02
    178600,      0.676958,CP10_after_neg_clamp,   1,    0.0000000000E+00,    2.7803535105E+02,    2.7803535105E+02,    0.0000000000E+00,    0.0000000000E+00,    0.0000000000E+00,    2.7803535105E+02
    178600,      0.676958,CP11_after_MPI,   1,    0.0000000000E+00,    2.7803535105E+02,    2.7803535105E+02,    0.0000000000E+00,    0.0000000000E+00,    0.0000000000E+00,    2.7803535105E+02
    178600,      0.676958,CP12_end,   1,    0.0000000000E+00,    2.7803535105E+02,    2.7803535105E+02,    0.0000000000E+00,    0.0000000000E+00,    0.0000000000E+00,    2.7803535105E+02
    178650,      0.676958,CP0_start,   1,    0.0000000000E+00,    2.7824394974E+02,    2.7824394974E+02,    0.0000000000E+00,    0.0000000000E+00,    0.0000000000E+00,    2.7824394974E+02
    178650,      0.676958,CP1_after_deposition,   1,    0.0000000000E+00,    2.7824394974E+02,    2.7824394974E+02,    0.0000000000E+00,    0.0000000000E+00,    0.0000000000E+00,    2.7824394974E+02
    178650,      0.676958,CP2_after_erosion,   1,    0.0000000000E+00,    2.7824394974E+02,    2.7824394974E+02,    0.0000000000E+00,    0.0000000000E+00,    0.0000000000E+00,    2.7824394974E+02
    178650,      0.676958,CP3_after_update_bottom,   1,    0.0000000000E+00,    2.7824394974E+02,    2.7824394974E+02,    0.0000000000E+00,    0.0000000000E+00,    0.0000000000E+00,    2.7824394974E+02
    178650,      0.676958,CP4_after_advection,   1,    0.0000000000E+00,    2.7824245977E+02,    2.7824245977E+02,    0.0000000000E+00,    0.0000000000E+00,    0.0000000000E+00,    2.7824245977E+02
    178650,      0.676958,CP5_after_vdif,   1,    0.0000000000E+00,    2.7824245977E+02,    2.7824245977E+02,    0.0000000000E+00,    0.0000000000E+00,    0.0000000000E+00,    2.7824245977E+02
    178650,      0.676958,CP6_after_kinetics,   1,    0.0000000000E+00,    2.7824245977E+02,    2.7824245977E+02,    0.0000000000E+00,    0.0000000000E+00,    0.0000000000E+00,    2.7824245977E+02
    178650,      0.676958,CP7_after_upper_clamp,   1,    0.0000000000E+00,    2.7824245977E+02,    2.7824245977E+02,    0.0000000000E+00,    0.0000000000E+00,    0.0000000000E+00,    2.7824245977E+02
    178650,      0.676958,CP8_after_OBC,   1,    0.0000000000E+00,    2.7824245977E+02,    2.7824245977E+02,    0.0000000000E+00,    0.0000000000E+00,    0.0000000000E+00,    2.7824245977E+02
    178650,      0.676958,CP9_after_PTsource,   1,    0.0000000000E+00,    2.7824245977E+02,    2.7824245977E+02,    0.0000000000E+00,    0.0000000000E+00,    0.0000000000E+00,    2.7824245977E+02
    178650,      0.676958,CP10_after_neg_clamp,   1,    0.0000000000E+00,    2.7824245977E+02,    2.7824245977E+02,    0.0000000000E+00,    0.0000000000E+00,    0.0000000000E+00,    2.7824245977E+02
    178650,      0.676958,CP11_after_MPI,   1,    0.0000000000E+00,    2.7824245977E+02,    2.7824245977E+02,    0.0000000000E+00,    0.0000000000E+00,    0.0000000000E+00,    2.7824245977E+02
    178650,      0.676958,CP12_end,   1,    0.0000000000E+00,    2.7824245977E+02,    2.7824245977E+02,    0.0000000000E+00,    0.0000000000E+00,    0.0000000000E+00,    2.7824245977E+02
    178700,      0.676958,CP0_start,   1,    0.0000000000E+00,    2.7844321189E+02,    2.7844321189E+02,    0.0000000000E+00,    0.0000000000E+00,    0.0000000000E+00,    2.7844321189E+02
    178700,      0.676958,CP1_after_deposition,   1,    0.0000000000E+00,    2.7844321189E+02,    2.7844321189E+02,    0.0000000000E+00,    0.0000000000E+00,    0.0000000000E+00,    2.7844321189E+02
    178700,      0.676958,CP2_after_erosion,   1,    0.0000000000E+00,    2.7844321189E+02,    2.7844321189E+02,    0.0000000000E+00,    0.0000000000E+00,    0.0000000000E+00,    2.7844321189E+02
    178700,      0.676958,CP3_after_update_bottom,   1,    0.0000000000E+00,    2.7844321189E+02,    2.7844321189E+02,    0.0000000000E+00,    0.0000000000E+00,    0.0000000000E+00,    2.7844321189E+02
    178700,      0.676958,CP4_after_advection,   1,    0.0000000000E+00,    2.7844117309E+02,    2.7844117309E+02,    0.0000000000E+00,    0.0000000000E+00,    0.0000000000E+00,    2.7844117309E+02
    178700,      0.676958,CP5_after_vdif,   1,    0.0000000000E+00,    2.7844117309E+02,    2.7844117309E+02,    0.0000000000E+00,    0.0000000000E+00,    0.0000000000E+00,    2.7844117309E+02
    178700,      0.676958,CP6_after_kinetics,   1,    0.0000000000E+00,    2.7844117309E+02,    2.7844117309E+02,    0.0000000000E+00,    0.0000000000E+00,    0.0000000000E+00,    2.7844117309E+02
    178700,      0.676958,CP7_after_upper_clamp,   1,    0.0000000000E+00,    2.7844117309E+02,    2.7844117309E+02,    0.0000000000E+00,    0.0000000000E+00,    0.0000000000E+00,    2.7844117309E+02
    178700,      0.676958,CP8_after_OBC,   1,    0.0000000000E+00,    2.7844117309E+02,    2.7844117309E+02,    0.0000000000E+00,    0.0000000000E+00,    0.0000000000E+00,    2.7844117309E+02
    178700,      0.676958,CP9_after_PTsource,   1,    0.0000000000E+00,    2.7844117309E+02,    2.7844117309E+02,    0.0000000000E+00,    0.0000000000E+00,    0.0000000000E+00,    2.7844117309E+02
    178700,      0.676958,CP10_after_neg_clamp,   1,    0.0000000000E+00,    2.7844117309E+02,    2.7844117309E+02,    0.0000000000E+00,    0.0000000000E+00,    0.0000000000E+00,    2.7844117309E+02
    178700,      0.676958,CP11_after_MPI,   1,    0.0000000000E+00,    2.7844117309E+02,    2.7844117309E+02,    0.0000000000E+00,    0.0000000000E+00,    0.0000000000E+00,    2.7844117309E+02
    178700,      0.676958,CP12_end,   1,    0.0000000000E+00,    2.7844117309E+02,    2.7844117309E+02,    0.0000000000E+00,    0.0000000000E+00,    0.0000000000E+00,    2.7844117309E+02
    178750,      0.676958,CP0_start,   1,    0.0000000000E+00,    2.7863192913E+02,    2.7863192913E+02,    0.0000000000E+00,    0.0000000000E+00,    0.0000000000E+00,    2.7863192913E+02
    178750,      0.676958,CP1_after_deposition,   1,    0.0000000000E+00,    2.7863192913E+02,    2.7863192913E+02,    0.0000000000E+00,    0.0000000000E+00,    0.0000000000E+00,    2.7863192913E+02
    178750,      0.676958,CP2_after_erosion,   1,    0.0000000000E+00,    2.7863192913E+02,    2.7863192913E+02,    0.0000000000E+00,    0.0000000000E+00,    0.0000000000E+00,    2.7863192913E+02
    178750,      0.676958,CP3_after_update_bottom,   1,    0.0000000000E+00,    2.7863192913E+02,    2.7863192913E+02,    0.0000000000E+00,    0.0000000000E+00,    0.0000000000E+00,    2.7863192913E+02
    178750,      0.676958,CP4_after_advection,   1,    0.0000000000E+00,    2.7862932091E+02,    2.7862932091E+02,    0.0000000000E+00,    0.0000000000E+00,    0.0000000000E+00,    2.7862932091E+02
    178750,      0.676958,CP5_after_vdif,   1,    0.0000000000E+00,    2.7862932091E+02,    2.7862932091E+02,    0.0000000000E+00,    0.0000000000E+00,    0.0000000000E+00,    2.7862932091E+02
    178750,      0.676958,CP6_after_kinetics,   1,    0.0000000000E+00,    2.7862932091E+02,    2.7862932091E+02,    0.0000000000E+00,    0.0000000000E+00,    0.0000000000E+00,    2.7862932091E+02
    178750,      0.676958,CP7_after_upper_clamp,   1,    0.0000000000E+00,    2.7862932091E+02,    2.7862932091E+02,    0.0000000000E+00,    0.0000000000E+00,    0.0000000000E+00,    2.7862932091E+02
    178750,      0.676958,CP8_after_OBC,   1,    0.0000000000E+00,    2.7862932091E+02,    2.7862932091E+02,    0.0000000000E+00,    0.0000000000E+00,    0.0000000000E+00,    2.7862932091E+02
    178750,      0.676958,CP9_after_PTsource,   1,    0.0000000000E+00,    2.7862932091E+02,    2.7862932091E+02,    0.0000000000E+00,    0.0000000000E+00,    0.0000000000E+00,    2.7862932091E+02
    178750,      0.676958,CP10_after_neg_clamp,   1,    0.0000000000E+00,    2.7862932091E+02,    2.7862932091E+02,    0.0000000000E+00,    0.0000000000E+00,    0.0000000000E+00,    2.7862932091E+02
    178750,      0.676958,CP11_after_MPI,   1,    0.0000000000E+00,    2.7862932091E+02,    2.7862932091E+02,    0.0000000000E+00,    0.0000000000E+00,    0.0000000000E+00,    2.7862932091E+02
    178750,      0.676958,CP12_end,   1,    0.0000000000E+00,    2.7862932091E+02,    2.7862932091E+02,    0.0000000000E+00,    0.0000000000E+00,    0.0000000000E+00,    2.7862932091E+02
    178800,      0.676958,CP0_start,   1,    0.0000000000E+00,    2.7880958451E+02,    2.7880958451E+02,    0.0000000000E+00,    0.0000000000E+00,    0.0000000000E+00,    2.7880958451E+02
    178800,      0.676958,CP1_after_deposition,   1,    0.0000000000E+00,    2.7880958451E+02,    2.7880958451E+02,    0.0000000000E+00,    0.0000000000E+00,    0.0000000000E+00,    2.7880958451E+02
    178800,      0.676958,CP2_after_erosion,   1,    0.0000000000E+00,    2.7880958451E+02,    2.7880958451E+02,    0.0000000000E+00,    0.0000000000E+00,    0.0000000000E+00,    2.7880958451E+02
    178800,      0.676958,CP3_after_update_bottom,   1,    0.0000000000E+00,    2.7880958451E+02,    2.7880958451E+02,    0.0000000000E+00,    0.0000000000E+00,    0.0000000000E+00,    2.7880958451E+02
    178800,      0.676958,CP4_after_advection,   1,    0.0000000000E+00,    2.7880642016E+02,    2.7880642016E+02,    0.0000000000E+00,    0.0000000000E+00,    0.0000000000E+00,    2.7880642016E+02
    178800,      0.676958,CP5_after_vdif,   1,    0.0000000000E+00,    2.7880642016E+02,    2.7880642016E+02,    0.0000000000E+00,    0.0000000000E+00,    0.0000000000E+00,    2.7880642016E+02
    178800,      0.676958,CP6_after_kinetics,   1,    0.0000000000E+00,    2.7880642016E+02,    2.7880642016E+02,    0.0000000000E+00,    0.0000000000E+00,    0.0000000000E+00,    2.7880642016E+02
    178800,      0.676958,CP7_after_upper_clamp,   1,    0.0000000000E+00,    2.7880642016E+02,    2.7880642016E+02,    0.0000000000E+00,    0.0000000000E+00,    0.0000000000E+00,    2.7880642016E+02
    178800,      0.676958,CP8_after_OBC,   1,    0.0000000000E+00,    2.7880642016E+02,    2.7880642016E+02,    0.0000000000E+00,    0.0000000000E+00,    0.0000000000E+00,    2.7880642016E+02
    178800,      0.676958,CP9_after_PTsource,   1,    0.0000000000E+00,    2.7880642016E+02,    2.7880642016E+02,    0.0000000000E+00,    0.0000000000E+00,    0.0000000000E+00,    2.7880642016E+02
    178800,      0.676958,CP10_after_neg_clamp,   1,    0.0000000000E+00,    2.7880642016E+02,    2.7880642016E+02,    0.0000000000E+00,    0.0000000000E+00,    0.0000000000E+00,    2.7880642016E+02
    178800,      0.676958,CP11_after_MPI,   1,    0.0000000000E+00,    2.7880642016E+02,    2.7880642016E+02,    0.0000000000E+00,    0.0000000000E+00,    0.0000000000E+00,    2.7880642016E+02
    178800,      0.676958,CP12_end,   1,    0.0000000000E+00,    2.7880642016E+02,    2.7880642016E+02,    0.0000000000E+00,    0.0000000000E+00,    0.0000000000E+00,    2.7880642016E+02
    178850,      0.676958,CP0_start,   1,    0.0000000000E+00,    2.7897765273E+02,    2.7897765273E+02,    0.0000000000E+00,    0.0000000000E+00,    0.0000000000E+00,    2.7897765273E+02
    178850,      0.676958,CP1_after_deposition,   1,    0.0000000000E+00,    2.7897765273E+02,    2.7897765273E+02,    0.0000000000E+00,    0.0000000000E+00,    0.0000000000E+00,    2.7897765273E+02
    178850,      0.676958,CP2_after_erosion,   1,    0.0000000000E+00,    2.7897765273E+02,    2.7897765273E+02,    0.0000000000E+00,    0.0000000000E+00,    0.0000000000E+00,    2.7897765273E+02
    178850,      0.676958,CP3_after_update_bottom,   1,    0.0000000000E+00,    2.7897765273E+02,    2.7897765273E+02,    0.0000000000E+00,    0.0000000000E+00,    0.0000000000E+00,    2.7897765273E+02
    178850,      0.676958,CP4_after_advection,   1,    0.0000000000E+00,    2.7897397470E+02,    2.7897397470E+02,    0.0000000000E+00,    0.0000000000E+00,    0.0000000000E+00,    2.7897397470E+02
    178850,      0.676958,CP5_after_vdif,   1,    0.0000000000E+00,    2.7897397470E+02,    2.7897397470E+02,    0.0000000000E+00,    0.0000000000E+00,    0.0000000000E+00,    2.7897397470E+02
    178850,      0.676958,CP6_after_kinetics,   1,    0.0000000000E+00,    2.7897397470E+02,    2.7897397470E+02,    0.0000000000E+00,    0.0000000000E+00,    0.0000000000E+00,    2.7897397470E+02
    178850,      0.676958,CP7_after_upper_clamp,   1,    0.0000000000E+00,    2.7897397470E+02,    2.7897397470E+02,    0.0000000000E+00,    0.0000000000E+00,    0.0000000000E+00,    2.7897397470E+02
    178850,      0.676958,CP8_after_OBC,   1,    0.0000000000E+00,    2.7897397470E+02,    2.7897397470E+02,    0.0000000000E+00,    0.0000000000E+00,    0.0000000000E+00,    2.7897397470E+02
    178850,      0.676958,CP9_after_PTsource,   1,    0.0000000000E+00,    2.7897397470E+02,    2.7897397470E+02,    0.0000000000E+00,    0.0000000000E+00,    0.0000000000E+00,    2.7897397470E+02
    178850,      0.676958,CP10_after_neg_clamp,   1,    0.0000000000E+00,    2.7897397470E+02,    2.7897397470E+02,    0.0000000000E+00,    0.0000000000E+00,    0.0000000000E+00,    2.7897397470E+02
    178850,      0.676958,CP11_after_MPI,   1,    0.0000000000E+00,    2.7897397470E+02,    2.7897397470E+02,    0.0000000000E+00,    0.0000000000E+00,    0.0000000000E+00,    2.7897397470E+02
    178850,      0.676958,CP12_end,   1,    0.0000000000E+00,    2.7897397470E+02,    2.7897397470E+02,    0.0000000000E+00,    0.0000000000E+00,    0.0000000000E+00,    2.7897397470E+02
    178900,      0.676958,CP0_start,   1,    0.0000000000E+00,    2.7913784690E+02,    2.7913784690E+02,    0.0000000000E+00,    0.0000000000E+00,    0.0000000000E+00,    2.7913784690E+02
    178900,      0.676958,CP1_after_deposition,   1,    0.0000000000E+00,    2.7913784690E+02,    2.7913784690E+02,    0.0000000000E+00,    0.0000000000E+00,    0.0000000000E+00,    2.7913784690E+02
    178900,      0.676958,CP2_after_erosion,   1,    0.0000000000E+00,    2.7913784690E+02,    2.7913784690E+02,    0.0000000000E+00,    0.0000000000E+00,    0.0000000000E+00,    2.7913784690E+02
    178900,      0.676958,CP3_after_update_bottom,   1,    0.0000000000E+00,    2.7913784690E+02,    2.7913784690E+02,    0.0000000000E+00,    0.0000000000E+00,    0.0000000000E+00,    2.7913784690E+02
    178900,      0.676958,CP4_after_advection,   1,    0.0000000000E+00,    2.7913370132E+02,    2.7913370132E+02,    0.0000000000E+00,    0.0000000000E+00,    0.0000000000E+00,    2.7913370132E+02
    178900,      0.676958,CP5_after_vdif,   1,    0.0000000000E+00,    2.7913370132E+02,    2.7913370132E+02,    0.0000000000E+00,    0.0000000000E+00,    0.0000000000E+00,    2.7913370132E+02
    178900,      0.676958,CP6_after_kinetics,   1,    0.0000000000E+00,    2.7913370132E+02,    2.7913370132E+02,    0.0000000000E+00,    0.0000000000E+00,    0.0000000000E+00,    2.7913370132E+02
    178900,      0.676958,CP7_after_upper_clamp,   1,    0.0000000000E+00,    2.7913370132E+02,    2.7913370132E+02,    0.0000000000E+00,    0.0000000000E+00,    0.0000000000E+00,    2.7913370132E+02
    178900,      0.676958,CP8_after_OBC,   1,    0.0000000000E+00,    2.7913370132E+02,    2.7913370132E+02,    0.0000000000E+00,    0.0000000000E+00,    0.0000000000E+00,    2.7913370132E+02
    178900,      0.676958,CP9_after_PTsource,   1,    0.0000000000E+00,    2.7913370132E+02,    2.7913370132E+02,    0.0000000000E+00,    0.0000000000E+00,    0.0000000000E+00,    2.7913370132E+02
    178900,      0.676958,CP10_after_neg_clamp,   1,    0.0000000000E+00,    2.7913370132E+02,    2.7913370132E+02,    0.0000000000E+00,    0.0000000000E+00,    0.0000000000E+00,    2.7913370132E+02
    178900,      0.676958,CP11_after_MPI,   1,    0.0000000000E+00,    2.7913370132E+02,    2.7913370132E+02,    0.0000000000E+00,    0.0000000000E+00,    0.0000000000E+00,    2.7913370132E+02
    178900,      0.676958,CP12_end,   1,    0.0000000000E+00,    2.7913370132E+02,    2.7913370132E+02,    0.0000000000E+00,    0.0000000000E+00,    0.0000000000E+00,    2.7913370132E+02
    178950,      0.676958,CP0_start,   1,    0.0000000000E+00,    2.7929194980E+02,    2.7929194980E+02,    0.0000000000E+00,    0.0000000000E+00,    0.0000000000E+00,    2.7929194980E+02
    178950,      0.676958,CP1_after_deposition,   1,    0.0000000000E+00,    2.7929194980E+02,    2.7929194980E+02,    0.0000000000E+00,    0.0000000000E+00,    0.0000000000E+00,    2.7929194980E+02
    178950,      0.676958,CP2_after_erosion,   1,    0.0000000000E+00,    2.7929194980E+02,    2.7929194980E+02,    0.0000000000E+00,    0.0000000000E+00,    0.0000000000E+00,    2.7929194980E+02
    178950,      0.676958,CP3_after_update_bottom,   1,    0.0000000000E+00,    2.7929194980E+02,    2.7929194980E+02,    0.0000000000E+00,    0.0000000000E+00,    0.0000000000E+00,    2.7929194980E+02
    178950,      0.676958,CP4_after_advection,   1,    0.0000000000E+00,    2.7928737331E+02,    2.7928737331E+02,    0.0000000000E+00,    0.0000000000E+00,    0.0000000000E+00,    2.7928737331E+02
    178950,      0.676958,CP5_after_vdif,   1,    0.0000000000E+00,    2.7928737331E+02,    2.7928737331E+02,    0.0000000000E+00,    0.0000000000E+00,    0.0000000000E+00,    2.7928737331E+02
    178950,      0.676958,CP6_after_kinetics,   1,    0.0000000000E+00,    2.7928737331E+02,    2.7928737331E+02,    0.0000000000E+00,    0.0000000000E+00,    0.0000000000E+00,    2.7928737331E+02
    178950,      0.676958,CP7_after_upper_clamp,   1,    0.0000000000E+00,    2.7928737331E+02,    2.7928737331E+02,    0.0000000000E+00,    0.0000000000E+00,    0.0000000000E+00,    2.7928737331E+02
    178950,      0.676958,CP8_after_OBC,   1,    0.0000000000E+00,    2.7928737331E+02,    2.7928737331E+02,    0.0000000000E+00,    0.0000000000E+00,    0.0000000000E+00,    2.7928737331E+02
    178950,      0.676958,CP9_after_PTsource,   1,    0.0000000000E+00,    2.7928737331E+02,    2.7928737331E+02,    0.0000000000E+00,    0.0000000000E+00,    0.0000000000E+00,    2.7928737331E+02
    178950,      0.676958,CP10_after_neg_clamp,   1,    0.0000000000E+00,    2.7928737331E+02,    2.7928737331E+02,    0.0000000000E+00,    0.0000000000E+00,    0.0000000000E+00,    2.7928737331E+02
    178950,      0.676958,CP11_after_MPI,   1,    0.0000000000E+00,    2.7928737331E+02,    2.7928737331E+02,    0.0000000000E+00,    0.0000000000E+00,    0.0000000000E+00,    2.7928737331E+02
    178950,      0.676958,CP12_end,   1,    0.0000000000E+00,    2.7928737331E+02,    2.7928737331E+02,    0.0000000000E+00,    0.0000000000E+00,    0.0000000000E+00,    2.7928737331E+02
    179000,      0.676958,CP0_start,   1,    0.0000000000E+00,    2.7944089739E+02,    2.7944089739E+02,    0.0000000000E+00,    0.0000000000E+00,    0.0000000000E+00,    2.7944089739E+02
    179000,      0.676958,CP1_after_deposition,   1,    0.0000000000E+00,    2.7944089739E+02,    2.7944089739E+02,    0.0000000000E+00,    0.0000000000E+00,    0.0000000000E+00,    2.7944089739E+02
    179000,      0.676958,CP2_after_erosion,   1,    0.0000000000E+00,    2.7944089739E+02,    2.7944089739E+02,    0.0000000000E+00,    0.0000000000E+00,    0.0000000000E+00,    2.7944089739E+02
    179000,      0.676958,CP3_after_update_bottom,   1,    0.0000000000E+00,    2.7944089739E+02,    2.7944089739E+02,    0.0000000000E+00,    0.0000000000E+00,    0.0000000000E+00,    2.7944089739E+02
    179000,      0.676958,CP4_after_advection,   1,    0.0000000000E+00,    2.7943591029E+02,    2.7943591029E+02,    0.0000000000E+00,    0.0000000000E+00,    0.0000000000E+00,    2.7943591029E+02
    179000,      0.676958,CP5_after_vdif,   1,    0.0000000000E+00,    2.7943591029E+02,    2.7943591029E+02,    0.0000000000E+00,    0.0000000000E+00,    0.0000000000E+00,    2.7943591029E+02
    179000,      0.676958,CP6_after_kinetics,   1,    0.0000000000E+00,    2.7943591029E+02,    2.7943591029E+02,    0.0000000000E+00,    0.0000000000E+00,    0.0000000000E+00,    2.7943591029E+02
    179000,      0.676958,CP7_after_upper_clamp,   1,    0.0000000000E+00,    2.7943591029E+02,    2.7943591029E+02,    0.0000000000E+00,    0.0000000000E+00,    0.0000000000E+00,    2.7943591029E+02
    179000,      0.676958,CP8_after_OBC,   1,    0.0000000000E+00,    2.7943591029E+02,    2.7943591029E+02,    0.0000000000E+00,    0.0000000000E+00,    0.0000000000E+00,    2.7943591029E+02
    179000,      0.676958,CP9_after_PTsource,   1,    0.0000000000E+00,    2.7943591029E+02,    2.7943591029E+02,    0.0000000000E+00,    0.0000000000E+00,    0.0000000000E+00,    2.7943591029E+02
    179000,      0.676958,CP10_after_neg_clamp,   1,    0.0000000000E+00,    2.7943591029E+02,    2.7943591029E+02,    0.0000000000E+00,    0.0000000000E+00,    0.0000000000E+00,    2.7943591029E+02
    179000,      0.676958,CP11_after_MPI,   1,    0.0000000000E+00,    2.7943591029E+02,    2.7943591029E+02,    0.0000000000E+00,    0.0000000000E+00,    0.0000000000E+00,    2.7943591029E+02
    179000,      0.676958,CP12_end,   1,    0.0000000000E+00,    2.7943591029E+02,    2.7943591029E+02,    0.0000000000E+00,    0.0000000000E+00,    0.0000000000E+00,    2.7943591029E+02
    179050,      0.676958,CP0_start,   1,    0.0000000000E+00,    2.7958541572E+02,    2.7958541572E+02,    0.0000000000E+00,    0.0000000000E+00,    0.0000000000E+00,    2.7958541572E+02
    179050,      0.676958,CP1_after_deposition,   1,    0.0000000000E+00,    2.7958541572E+02,    2.7958541572E+02,    0.0000000000E+00,    0.0000000000E+00,    0.0000000000E+00,    2.7958541572E+02
    179050,      0.676958,CP2_after_erosion,   1,    0.0000000000E+00,    2.7958541572E+02,    2.7958541572E+02,    0.0000000000E+00,    0.0000000000E+00,    0.0000000000E+00,    2.7958541572E+02
    179050,      0.676958,CP3_after_update_bottom,   1,    0.0000000000E+00,    2.7958541572E+02,    2.7958541572E+02,    0.0000000000E+00,    0.0000000000E+00,    0.0000000000E+00,    2.7958541572E+02
    179050,      0.676958,CP4_after_advection,   1,    0.0000000000E+00,    2.7958005111E+02,    2.7958005111E+02,    0.0000000000E+00,    0.0000000000E+00,    0.0000000000E+00,    2.7958005111E+02
    179050,      0.676958,CP5_after_vdif,   1,    0.0000000000E+00,    2.7958005111E+02,    2.7958005111E+02,    0.0000000000E+00,    0.0000000000E+00,    0.0000000000E+00,    2.7958005111E+02
    179050,      0.676958,CP6_after_kinetics,   1,    0.0000000000E+00,    2.7958005111E+02,    2.7958005111E+02,    0.0000000000E+00,    0.0000000000E+00,    0.0000000000E+00,    2.7958005111E+02
    179050,      0.676958,CP7_after_upper_clamp,   1,    0.0000000000E+00,    2.7958005111E+02,    2.7958005111E+02,    0.0000000000E+00,    0.0000000000E+00,    0.0000000000E+00,    2.7958005111E+02
    179050,      0.676958,CP8_after_OBC,   1,    0.0000000000E+00,    2.7958005111E+02,    2.7958005111E+02,    0.0000000000E+00,    0.0000000000E+00,    0.0000000000E+00,    2.7958005111E+02
    179050,      0.676958,CP9_after_PTsource,   1,    0.0000000000E+00,    2.7958005111E+02,    2.7958005111E+02,    0.0000000000E+00,    0.0000000000E+00,    0.0000000000E+00,    2.7958005111E+02
    179050,      0.676958,CP10_after_neg_clamp,   1,    0.0000000000E+00,    2.7958005111E+02,    2.7958005111E+02,    0.0000000000E+00,    0.0000000000E+00,    0.0000000000E+00,    2.7958005111E+02
    179050,      0.676958,CP11_after_MPI,   1,    0.0000000000E+00,    2.7958005111E+02,    2.7958005111E+02,    0.0000000000E+00,    0.0000000000E+00,    0.0000000000E+00,    2.7958005111E+02
    179050,      0.676958,CP12_end,   1,    0.0000000000E+00,    2.7958005111E+02,    2.7958005111E+02,    0.0000000000E+00,    0.0000000000E+00,    0.0000000000E+00,    2.7958005111E+02
    179100,      0.676958,CP0_start,   1,    0.0000000000E+00,    2.7972627236E+02,    2.7972627236E+02,    0.0000000000E+00,    0.0000000000E+00,    0.0000000000E+00,    2.7972627236E+02
    179100,      0.676958,CP1_after_deposition,   1,    0.0000000000E+00,    2.7972627236E+02,    2.7972627236E+02,    0.0000000000E+00,    0.0000000000E+00,    0.0000000000E+00,    2.7972627236E+02
    179100,      0.676958,CP2_after_erosion,   1,    0.0000000000E+00,    2.7972627236E+02,    2.7972627236E+02,    0.0000000000E+00,    0.0000000000E+00,    0.0000000000E+00,    2.7972627236E+02
    179100,      0.676958,CP3_after_update_bottom,   1,    0.0000000000E+00,    2.7972627236E+02,    2.7972627236E+02,    0.0000000000E+00,    0.0000000000E+00,    0.0000000000E+00,    2.7972627236E+02
    179100,      0.676958,CP4_after_advection,   1,    0.0000000000E+00,    2.7972055678E+02,    2.7972055678E+02,    0.0000000000E+00,    0.0000000000E+00,    0.0000000000E+00,    2.7972055678E+02
    179100,      0.676958,CP5_after_vdif,   1,    0.0000000000E+00,    2.7972055678E+02,    2.7972055678E+02,    0.0000000000E+00,    0.0000000000E+00,    0.0000000000E+00,    2.7972055678E+02
    179100,      0.676958,CP6_after_kinetics,   1,    0.0000000000E+00,    2.7972055678E+02,    2.7972055678E+02,    0.0000000000E+00,    0.0000000000E+00,    0.0000000000E+00,    2.7972055678E+02
    179100,      0.676958,CP7_after_upper_clamp,   1,    0.0000000000E+00,    2.7972055678E+02,    2.7972055678E+02,    0.0000000000E+00,    0.0000000000E+00,    0.0000000000E+00,    2.7972055678E+02
    179100,      0.676958,CP8_after_OBC,   1,    0.0000000000E+00,    2.7972055678E+02,    2.7972055678E+02,    0.0000000000E+00,    0.0000000000E+00,    0.0000000000E+00,    2.7972055678E+02
    179100,      0.676958,CP9_after_PTsource,   1,    0.0000000000E+00,    2.7972055678E+02,    2.7972055678E+02,    0.0000000000E+00,    0.0000000000E+00,    0.0000000000E+00,    2.7972055678E+02
    179100,      0.676958,CP10_after_neg_clamp,   1,    0.0000000000E+00,    2.7972055678E+02,    2.7972055678E+02,    0.0000000000E+00,    0.0000000000E+00,    0.0000000000E+00,    2.7972055678E+02
    179100,      0.676958,CP11_after_MPI,   1,    0.0000000000E+00,    2.7972055678E+02,    2.7972055678E+02,    0.0000000000E+00,    0.0000000000E+00,    0.0000000000E+00,    2.7972055678E+02
    179100,      0.676958,CP12_end,   1,    0.0000000000E+00,    2.7972055678E+02,    2.7972055678E+02,    0.0000000000E+00,    0.0000000000E+00,    0.0000000000E+00,    2.7972055678E+02
    179150,      0.676958,CP0_start,   1,    0.0000000000E+00,    2.7986459394E+02,    2.7986459394E+02,    0.0000000000E+00,    0.0000000000E+00,    0.0000000000E+00,    2.7986459394E+02
    179150,      0.676958,CP1_after_deposition,   1,    0.0000000000E+00,    2.7986459394E+02,    2.7986459394E+02,    0.0000000000E+00,    0.0000000000E+00,    0.0000000000E+00,    2.7986459394E+02
    179150,      0.676958,CP2_after_erosion,   1,    0.0000000000E+00,    2.7986459394E+02,    2.7986459394E+02,    0.0000000000E+00,    0.0000000000E+00,    0.0000000000E+00,    2.7986459394E+02
    179150,      0.676958,CP3_after_update_bottom,   1,    0.0000000000E+00,    2.7986459394E+02,    2.7986459394E+02,    0.0000000000E+00,    0.0000000000E+00,    0.0000000000E+00,    2.7986459394E+02
    179150,      0.676958,CP4_after_advection,   1,    0.0000000000E+00,    2.7985857699E+02,    2.7985857699E+02,    0.0000000000E+00,    0.0000000000E+00,    0.0000000000E+00,    2.7985857699E+02
    179150,      0.676958,CP5_after_vdif,   1,    0.0000000000E+00,    2.7985857699E+02,    2.7985857699E+02,    0.0000000000E+00,    0.0000000000E+00,    0.0000000000E+00,    2.7985857699E+02
    179150,      0.676958,CP6_after_kinetics,   1,    0.0000000000E+00,    2.7985857699E+02,    2.7985857699E+02,    0.0000000000E+00,    0.0000000000E+00,    0.0000000000E+00,    2.7985857699E+02
    179150,      0.676958,CP7_after_upper_clamp,   1,    0.0000000000E+00,    2.7985857699E+02,    2.7985857699E+02,    0.0000000000E+00,    0.0000000000E+00,    0.0000000000E+00,    2.7985857699E+02
    179150,      0.676958,CP8_after_OBC,   1,    0.0000000000E+00,    2.7985857699E+02,    2.7985857699E+02,    0.0000000000E+00,    0.0000000000E+00,    0.0000000000E+00,    2.7985857699E+02
    179150,      0.676958,CP9_after_PTsource,   1,    0.0000000000E+00,    2.7985857699E+02,    2.7985857699E+02,    0.0000000000E+00,    0.0000000000E+00,    0.0000000000E+00,    2.7985857699E+02
    179150,      0.676958,CP10_after_neg_clamp,   1,    0.0000000000E+00,    2.7985857699E+02,    2.7985857699E+02,    0.0000000000E+00,    0.0000000000E+00,    0.0000000000E+00,    2.7985857699E+02
    179150,      0.676958,CP11_after_MPI,   1,    0.0000000000E+00,    2.7985857699E+02,    2.7985857699E+02,    0.0000000000E+00,    0.0000000000E+00,    0.0000000000E+00,    2.7985857699E+02
    179150,      0.676958,CP12_end,   1,    0.0000000000E+00,    2.7985857699E+02,    2.7985857699E+02,    0.0000000000E+00,    0.0000000000E+00,    0.0000000000E+00,    2.7985857699E+02
    179200,      0.676958,CP0_start,   1,    0.0000000000E+00,    2.8000311324E+02,    2.8000311324E+02,    0.0000000000E+00,    0.0000000000E+00,    0.0000000000E+00,    2.8000311324E+02
    179200,      0.676958,CP1_after_deposition,   1,    0.0000000000E+00,    2.8000311324E+02,    2.8000311324E+02,    0.0000000000E+00,    0.0000000000E+00,    0.0000000000E+00,    2.8000311324E+02
    179200,      0.676958,CP2_after_erosion,   1,    0.0000000000E+00,    2.8000311324E+02,    2.8000311324E+02,    0.0000000000E+00,    0.0000000000E+00,    0.0000000000E+00,    2.8000311324E+02
    179200,      0.676958,CP3_after_update_bottom,   1,    0.0000000000E+00,    2.8000311324E+02,    2.8000311324E+02,    0.0000000000E+00,    0.0000000000E+00,    0.0000000000E+00,    2.8000311324E+02
    179200,      0.676958,CP4_after_advection,   1,    0.0000000000E+00,    2.7999689275E+02,    2.7999689275E+02,    0.0000000000E+00,    0.0000000000E+00,    0.0000000000E+00,    2.7999689275E+02
    179200,      0.676958,CP5_after_vdif,   1,    0.0000000000E+00,    2.7999689275E+02,    2.7999689275E+02,    0.0000000000E+00,    0.0000000000E+00,    0.0000000000E+00,    2.7999689275E+02
    179200,      0.676958,CP6_after_kinetics,   1,    0.0000000000E+00,    2.7999689275E+02,    2.7999689275E+02,    0.0000000000E+00,    0.0000000000E+00,    0.0000000000E+00,    2.7999689275E+02
    179200,      0.676958,CP7_after_upper_clamp,   1,    0.0000000000E+00,    2.7999689275E+02,    2.7999689275E+02,    0.0000000000E+00,    0.0000000000E+00,    0.0000000000E+00,    2.7999689275E+02
    179200,      0.676958,CP8_after_OBC,   1,    0.0000000000E+00,    2.7999689275E+02,    2.7999689275E+02,    0.0000000000E+00,    0.0000000000E+00,    0.0000000000E+00,    2.7999689275E+02
    179200,      0.676958,CP9_after_PTsource,   1,    0.0000000000E+00,    2.7999689275E+02,    2.7999689275E+02,    0.0000000000E+00,    0.0000000000E+00,    0.0000000000E+00,    2.7999689275E+02
    179200,      0.676958,CP10_after_neg_clamp,   1,    0.0000000000E+00,    2.7999689275E+02,    2.7999689275E+02,    0.0000000000E+00,    0.0000000000E+00,    0.0000000000E+00,    2.7999689275E+02
    179200,      0.676958,CP11_after_MPI,   1,    0.0000000000E+00,    2.7999689275E+02,    2.7999689275E+02,    0.0000000000E+00,    0.0000000000E+00,    0.0000000000E+00,    2.7999689275E+02
    179200,      0.676958,CP12_end,   1,    0.0000000000E+00,    2.7999689275E+02,    2.7999689275E+02,    0.0000000000E+00,    0.0000000000E+00,    0.0000000000E+00,    2.7999689275E+02
    179250,      0.676958,CP0_start,   1,    0.0000000000E+00,    2.8014506459E+02,    2.8014506459E+02,    0.0000000000E+00,    0.0000000000E+00,    0.0000000000E+00,    2.8014506459E+02
    179250,      0.676958,CP1_after_deposition,   1,    0.0000000000E+00,    2.8014506459E+02,    2.8014506459E+02,    0.0000000000E+00,    0.0000000000E+00,    0.0000000000E+00,    2.8014506459E+02
    179250,      0.676958,CP2_after_erosion,   1,    0.0000000000E+00,    2.8014506459E+02,    2.8014506459E+02,    0.0000000000E+00,    0.0000000000E+00,    0.0000000000E+00,    2.8014506459E+02
    179250,      0.676958,CP3_after_update_bottom,   1,    0.0000000000E+00,    2.8014506459E+02,    2.8014506459E+02,    0.0000000000E+00,    0.0000000000E+00,    0.0000000000E+00,    2.8014506459E+02
    179250,      0.676958,CP4_after_advection,   1,    0.0000000000E+00,    2.8013868881E+02,    2.8013868881E+02,    0.0000000000E+00,    0.0000000000E+00,    0.0000000000E+00,    2.8013868881E+02
    179250,      0.676958,CP5_after_vdif,   1,    0.0000000000E+00,    2.8013868881E+02,    2.8013868881E+02,    0.0000000000E+00,    0.0000000000E+00,    0.0000000000E+00,    2.8013868881E+02
    179250,      0.676958,CP6_after_kinetics,   1,    0.0000000000E+00,    2.8013868881E+02,    2.8013868881E+02,    0.0000000000E+00,    0.0000000000E+00,    0.0000000000E+00,    2.8013868881E+02
    179250,      0.676958,CP7_after_upper_clamp,   1,    0.0000000000E+00,    2.8013868881E+02,    2.8013868881E+02,    0.0000000000E+00,    0.0000000000E+00,    0.0000000000E+00,    2.8013868881E+02
    179250,      0.676958,CP8_after_OBC,   1,    0.0000000000E+00,    2.8013868881E+02,    2.8013868881E+02,    0.0000000000E+00,    0.0000000000E+00,    0.0000000000E+00,    2.8013868881E+02
    179250,      0.676958,CP9_after_PTsource,   1,    0.0000000000E+00,    2.8013868881E+02,    2.8013868881E+02,    0.0000000000E+00,    0.0000000000E+00,    0.0000000000E+00,    2.8013868881E+02
    179250,      0.676958,CP10_after_neg_clamp,   1,    0.0000000000E+00,    2.8013868881E+02,    2.8013868881E+02,    0.0000000000E+00,    0.0000000000E+00,    0.0000000000E+00,    2.8013868881E+02
    179250,      0.676958,CP11_after_MPI,   1,    0.0000000000E+00,    2.8013868881E+02,    2.8013868881E+02,    0.0000000000E+00,    0.0000000000E+00,    0.0000000000E+00,    2.8013868881E+02
    179250,      0.676958,CP12_end,   1,    0.0000000000E+00,    2.8013868881E+02,    2.8013868881E+02,    0.0000000000E+00,    0.0000000000E+00,    0.0000000000E+00,    2.8013868881E+02
    179300,      0.676958,CP0_start,   1,    0.0000000000E+00,    2.8029119245E+02,    2.8029119245E+02,    0.0000000000E+00,    0.0000000000E+00,    0.0000000000E+00,    2.8029119245E+02
    179300,      0.676958,CP1_after_deposition,   1,    0.0000000000E+00,    2.8029119245E+02,    2.8029119245E+02,    0.0000000000E+00,    0.0000000000E+00,    0.0000000000E+00,    2.8029119245E+02
    179300,      0.676958,CP2_after_erosion,   1,    0.0000000000E+00,    2.8029119245E+02,    2.8029119245E+02,    0.0000000000E+00,    0.0000000000E+00,    0.0000000000E+00,    2.8029119245E+02
    179300,      0.676958,CP3_after_update_bottom,   1,    0.0000000000E+00,    2.8029119245E+02,    2.8029119245E+02,    0.0000000000E+00,    0.0000000000E+00,    0.0000000000E+00,    2.8029119245E+02
    179300,      0.676958,CP4_after_advection,   1,    0.0000000000E+00,    2.8028467338E+02,    2.8028467338E+02,    0.0000000000E+00,    0.0000000000E+00,    0.0000000000E+00,    2.8028467338E+02
    179300,      0.676958,CP5_after_vdif,   1,    0.0000000000E+00,    2.8028467338E+02,    2.8028467338E+02,    0.0000000000E+00,    0.0000000000E+00,    0.0000000000E+00,    2.8028467338E+02
    179300,      0.676958,CP6_after_kinetics,   1,    0.0000000000E+00,    2.8028467338E+02,    2.8028467338E+02,    0.0000000000E+00,    0.0000000000E+00,    0.0000000000E+00,    2.8028467338E+02
    179300,      0.676958,CP7_after_upper_clamp,   1,    0.0000000000E+00,    2.8028467338E+02,    2.8028467338E+02,    0.0000000000E+00,    0.0000000000E+00,    0.0000000000E+00,    2.8028467338E+02
    179300,      0.676958,CP8_after_OBC,   1,    0.0000000000E+00,    2.8028467338E+02,    2.8028467338E+02,    0.0000000000E+00,    0.0000000000E+00,    0.0000000000E+00,    2.8028467338E+02
    179300,      0.676958,CP9_after_PTsource,   1,    0.0000000000E+00,    2.8028467338E+02,    2.8028467338E+02,    0.0000000000E+00,    0.0000000000E+00,    0.0000000000E+00,    2.8028467338E+02
    179300,      0.676958,CP10_after_neg_clamp,   1,    0.0000000000E+00,    2.8028467338E+02,    2.8028467338E+02,    0.0000000000E+00,    0.0000000000E+00,    0.0000000000E+00,    2.8028467338E+02
    179300,      0.676958,CP11_after_MPI,   1,    0.0000000000E+00,    2.8028467338E+02,    2.8028467338E+02,    0.0000000000E+00,    0.0000000000E+00,    0.0000000000E+00,    2.8028467338E+02
    179300,      0.676958,CP12_end,   1,    0.0000000000E+00,    2.8028467338E+02,    2.8028467338E+02,    0.0000000000E+00,    0.0000000000E+00,    0.0000000000E+00,    2.8028467338E+02
    179350,      0.676958,CP0_start,   1,    0.0000000000E+00,    2.8044084839E+02,    2.8044084839E+02,    0.0000000000E+00,    0.0000000000E+00,    0.0000000000E+00,    2.8044084839E+02
    179350,      0.676958,CP1_after_deposition,   1,    0.0000000000E+00,    2.8044084839E+02,    2.8044084839E+02,    0.0000000000E+00,    0.0000000000E+00,    0.0000000000E+00,    2.8044084839E+02
    179350,      0.676958,CP2_after_erosion,   1,    0.0000000000E+00,    2.8044084839E+02,    2.8044084839E+02,    0.0000000000E+00,    0.0000000000E+00,    0.0000000000E+00,    2.8044084839E+02
    179350,      0.676958,CP3_after_update_bottom,   1,    0.0000000000E+00,    2.8044084839E+02,    2.8044084839E+02,    0.0000000000E+00,    0.0000000000E+00,    0.0000000000E+00,    2.8044084839E+02
    179350,      0.676958,CP4_after_advection,   1,    0.0000000000E+00,    2.8043417170E+02,    2.8043417170E+02,    0.0000000000E+00,    0.0000000000E+00,    0.0000000000E+00,    2.8043417170E+02
    179350,      0.676958,CP5_after_vdif,   1,    0.0000000000E+00,    2.8043417170E+02,    2.8043417170E+02,    0.0000000000E+00,    0.0000000000E+00,    0.0000000000E+00,    2.8043417170E+02
    179350,      0.676958,CP6_after_kinetics,   1,    0.0000000000E+00,    2.8043417170E+02,    2.8043417170E+02,    0.0000000000E+00,    0.0000000000E+00,    0.0000000000E+00,    2.8043417170E+02
    179350,      0.676958,CP7_after_upper_clamp,   1,    0.0000000000E+00,    2.8043417170E+02,    2.8043417170E+02,    0.0000000000E+00,    0.0000000000E+00,    0.0000000000E+00,    2.8043417170E+02
    179350,      0.676958,CP8_after_OBC,   1,    0.0000000000E+00,    2.8043417170E+02,    2.8043417170E+02,    0.0000000000E+00,    0.0000000000E+00,    0.0000000000E+00,    2.8043417170E+02
    179350,      0.676958,CP9_after_PTsource,   1,    0.0000000000E+00,    2.8043417170E+02,    2.8043417170E+02,    0.0000000000E+00,    0.0000000000E+00,    0.0000000000E+00,    2.8043417170E+02
    179350,      0.676958,CP10_after_neg_clamp,   1,    0.0000000000E+00,    2.8043417170E+02,    2.8043417170E+02,    0.0000000000E+00,    0.0000000000E+00,    0.0000000000E+00,    2.8043417170E+02
    179350,      0.676958,CP11_after_MPI,   1,    0.0000000000E+00,    2.8043417170E+02,    2.8043417170E+02,    0.0000000000E+00,    0.0000000000E+00,    0.0000000000E+00,    2.8043417170E+02
    179350,      0.676958,CP12_end,   1,    0.0000000000E+00,    2.8043417170E+02,    2.8043417170E+02,    0.0000000000E+00,    0.0000000000E+00,    0.0000000000E+00,    2.8043417170E+02
    179400,      0.676958,CP0_start,   1,    0.0000000000E+00,    2.8059210639E+02,    2.8059210639E+02,    0.0000000000E+00,    0.0000000000E+00,    0.0000000000E+00,    2.8059210639E+02
    179400,      0.676958,CP1_after_deposition,   1,    0.0000000000E+00,    2.8059210639E+02,    2.8059210639E+02,    0.0000000000E+00,    0.0000000000E+00,    0.0000000000E+00,    2.8059210639E+02
    179400,      0.676958,CP2_after_erosion,   1,    0.0000000000E+00,    2.8059210639E+02,    2.8059210639E+02,    0.0000000000E+00,    0.0000000000E+00,    0.0000000000E+00,    2.8059210639E+02
    179400,      0.676958,CP3_after_update_bottom,   1,    0.0000000000E+00,    2.8059210639E+02,    2.8059210639E+02,    0.0000000000E+00,    0.0000000000E+00,    0.0000000000E+00,    2.8059210639E+02
    179400,      0.676958,CP4_after_advection,   1,    0.0000000000E+00,    2.8058524140E+02,    2.8058524140E+02,    0.0000000000E+00,    0.0000000000E+00,    0.0000000000E+00,    2.8058524140E+02
    179400,      0.676958,CP5_after_vdif,   1,    0.0000000000E+00,    2.8058524140E+02,    2.8058524140E+02,    0.0000000000E+00,    0.0000000000E+00,    0.0000000000E+00,    2.8058524140E+02
    179400,      0.676958,CP6_after_kinetics,   1,    0.0000000000E+00,    2.8058524140E+02,    2.8058524140E+02,    0.0000000000E+00,    0.0000000000E+00,    0.0000000000E+00,    2.8058524140E+02
    179400,      0.676958,CP7_after_upper_clamp,   1,    0.0000000000E+00,    2.8058524140E+02,    2.8058524140E+02,    0.0000000000E+00,    0.0000000000E+00,    0.0000000000E+00,    2.8058524140E+02
    179400,      0.676958,CP8_after_OBC,   1,    0.0000000000E+00,    2.8058524140E+02,    2.8058524140E+02,    0.0000000000E+00,    0.0000000000E+00,    0.0000000000E+00,    2.8058524140E+02
    179400,      0.676958,CP9_after_PTsource,   1,    0.0000000000E+00,    2.8058524140E+02,    2.8058524140E+02,    0.0000000000E+00,    0.0000000000E+00,    0.0000000000E+00,    2.8058524140E+02
    179400,      0.676958,CP10_after_neg_clamp,   1,    0.0000000000E+00,    2.8058524140E+02,    2.8058524140E+02,    0.0000000000E+00,    0.0000000000E+00,    0.0000000000E+00,    2.8058524140E+02
    179400,      0.676958,CP11_after_MPI,   1,    0.0000000000E+00,    2.8058524140E+02,    2.8058524140E+02,    0.0000000000E+00,    0.0000000000E+00,    0.0000000000E+00,    2.8058524140E+02
    179400,      0.676958,CP12_end,   1,    0.0000000000E+00,    2.8058524140E+02,    2.8058524140E+02,    0.0000000000E+00,    0.0000000000E+00,    0.0000000000E+00,    2.8058524140E+02
    179450,      0.676958,CP0_start,   1,    0.0000000000E+00,    2.8074297110E+02,    2.8074297110E+02,    0.0000000000E+00,    0.0000000000E+00,    0.0000000000E+00,    2.8074297110E+02
    179450,      0.676958,CP1_after_deposition,   1,    0.0000000000E+00,    2.8074297110E+02,    2.8074297110E+02,    0.0000000000E+00,    0.0000000000E+00,    0.0000000000E+00,    2.8074297110E+02
    179450,      0.676958,CP2_after_erosion,   1,    0.0000000000E+00,    2.8074297110E+02,    2.8074297110E+02,    0.0000000000E+00,    0.0000000000E+00,    0.0000000000E+00,    2.8074297110E+02
    179450,      0.676958,CP3_after_update_bottom,   1,    0.0000000000E+00,    2.8074297110E+02,    2.8074297110E+02,    0.0000000000E+00,    0.0000000000E+00,    0.0000000000E+00,    2.8074297110E+02
    179450,      0.676958,CP4_after_advection,   1,    0.0000000000E+00,    2.8073586600E+02,    2.8073586600E+02,    0.0000000000E+00,    0.0000000000E+00,    0.0000000000E+00,    2.8073586600E+02
    179450,      0.676958,CP5_after_vdif,   1,    0.0000000000E+00,    2.8073586600E+02,    2.8073586600E+02,    0.0000000000E+00,    0.0000000000E+00,    0.0000000000E+00,    2.8073586600E+02
    179450,      0.676958,CP6_after_kinetics,   1,    0.0000000000E+00,    2.8073586600E+02,    2.8073586600E+02,    0.0000000000E+00,    0.0000000000E+00,    0.0000000000E+00,    2.8073586600E+02
    179450,      0.676958,CP7_after_upper_clamp,   1,    0.0000000000E+00,    2.8073586600E+02,    2.8073586600E+02,    0.0000000000E+00,    0.0000000000E+00,    0.0000000000E+00,    2.8073586600E+02
    179450,      0.676958,CP8_after_OBC,   1,    0.0000000000E+00,    2.8073586600E+02,    2.8073586600E+02,    0.0000000000E+00,    0.0000000000E+00,    0.0000000000E+00,    2.8073586600E+02
    179450,      0.676958,CP9_after_PTsource,   1,    0.0000000000E+00,    2.8073586600E+02,    2.8073586600E+02,    0.0000000000E+00,    0.0000000000E+00,    0.0000000000E+00,    2.8073586600E+02
    179450,      0.676958,CP10_after_neg_clamp,   1,    0.0000000000E+00,    2.8073586600E+02,    2.8073586600E+02,    0.0000000000E+00,    0.0000000000E+00,    0.0000000000E+00,    2.8073586600E+02
    179450,      0.676958,CP11_after_MPI,   1,    0.0000000000E+00,    2.8073586600E+02,    2.8073586600E+02,    0.0000000000E+00,    0.0000000000E+00,    0.0000000000E+00,    2.8073586600E+02
    179450,      0.676958,CP12_end,   1,    0.0000000000E+00,    2.8073586600E+02,    2.8073586600E+02,    0.0000000000E+00,    0.0000000000E+00,    0.0000000000E+00,    2.8073586600E+02
    179500,      0.676958,CP0_start,   1,    0.0000000000E+00,    2.8088798381E+02,    2.8088798381E+02,    0.0000000000E+00,    0.0000000000E+00,    0.0000000000E+00,    2.8088798381E+02
    179500,      0.676958,CP1_after_deposition,   1,    0.0000000000E+00,    2.8088798381E+02,    2.8088798381E+02,    0.0000000000E+00,    0.0000000000E+00,    0.0000000000E+00,    2.8088798381E+02
    179500,      0.676958,CP2_after_erosion,   1,    0.0000000000E+00,    2.8088798381E+02,    2.8088798381E+02,    0.0000000000E+00,    0.0000000000E+00,    0.0000000000E+00,    2.8088798381E+02
    179500,      0.676958,CP3_after_update_bottom,   1,    0.0000000000E+00,    2.8088798381E+02,    2.8088798381E+02,    0.0000000000E+00,    0.0000000000E+00,    0.0000000000E+00,    2.8088798381E+02
    179500,      0.676958,CP4_after_advection,   1,    0.0000000000E+00,    2.8088051340E+02,    2.8088051340E+02,    0.0000000000E+00,    0.0000000000E+00,    0.0000000000E+00,    2.8088051340E+02
    179500,      0.676958,CP5_after_vdif,   1,    0.0000000000E+00,    2.8088051340E+02,    2.8088051340E+02,    0.0000000000E+00,    0.0000000000E+00,    0.0000000000E+00,    2.8088051340E+02
    179500,      0.676958,CP6_after_kinetics,   1,    0.0000000000E+00,    2.8088051340E+02,    2.8088051340E+02,    0.0000000000E+00,    0.0000000000E+00,    0.0000000000E+00,    2.8088051340E+02
    179500,      0.676958,CP7_after_upper_clamp,   1,    0.0000000000E+00,    2.8088051340E+02,    2.8088051340E+02,    0.0000000000E+00,    0.0000000000E+00,    0.0000000000E+00,    2.8088051340E+02
    179500,      0.676958,CP8_after_OBC,   1,    0.0000000000E+00,    2.8088051340E+02,    2.8088051340E+02,    0.0000000000E+00,    0.0000000000E+00,    0.0000000000E+00,    2.8088051340E+02
    179500,      0.676958,CP9_after_PTsource,   1,    0.0000000000E+00,    2.8088051340E+02,    2.8088051340E+02,    0.0000000000E+00,    0.0000000000E+00,    0.0000000000E+00,    2.8088051340E+02
    179500,      0.676958,CP10_after_neg_clamp,   1,    0.0000000000E+00,    2.8088051340E+02,    2.8088051340E+02,    0.0000000000E+00,    0.0000000000E+00,    0.0000000000E+00,    2.8088051340E+02
    179500,      0.676958,CP11_after_MPI,   1,    0.0000000000E+00,    2.8088051340E+02,    2.8088051340E+02,    0.0000000000E+00,    0.0000000000E+00,    0.0000000000E+00,    2.8088051340E+02
    179500,      0.676958,CP12_end,   1,    0.0000000000E+00,    2.8088051340E+02,    2.8088051340E+02,    0.0000000000E+00,    0.0000000000E+00,    0.0000000000E+00,    2.8088051340E+02
    179550,      0.676958,CP0_start,   1,    0.0000000000E+00,    2.8102344505E+02,    2.8102344505E+02,    0.0000000000E+00,    0.0000000000E+00,    0.0000000000E+00,    2.8102344505E+02
    179550,      0.676958,CP1_after_deposition,   1,    0.0000000000E+00,    2.8102344505E+02,    2.8102344505E+02,    0.0000000000E+00,    0.0000000000E+00,    0.0000000000E+00,    2.8102344505E+02
    179550,      0.676958,CP2_after_erosion,   1,    0.0000000000E+00,    2.8102344505E+02,    2.8102344505E+02,    0.0000000000E+00,    0.0000000000E+00,    0.0000000000E+00,    2.8102344505E+02
    179550,      0.676958,CP3_after_update_bottom,   1,    0.0000000000E+00,    2.8102344505E+02,    2.8102344505E+02,    0.0000000000E+00,    0.0000000000E+00,    0.0000000000E+00,    2.8102344505E+02
    179550,      0.676958,CP4_after_advection,   1,    0.0000000000E+00,    2.8101563518E+02,    2.8101563518E+02,    0.0000000000E+00,    0.0000000000E+00,    0.0000000000E+00,    2.8101563518E+02
    179550,      0.676958,CP5_after_vdif,   1,    0.0000000000E+00,    2.8101563518E+02,    2.8101563518E+02,    0.0000000000E+00,    0.0000000000E+00,    0.0000000000E+00,    2.8101563518E+02
    179550,      0.676958,CP6_after_kinetics,   1,    0.0000000000E+00,    2.8101563518E+02,    2.8101563518E+02,    0.0000000000E+00,    0.0000000000E+00,    0.0000000000E+00,    2.8101563518E+02
    179550,      0.676958,CP7_after_upper_clamp,   1,    0.0000000000E+00,    2.8101563518E+02,    2.8101563518E+02,    0.0000000000E+00,    0.0000000000E+00,    0.0000000000E+00,    2.8101563518E+02
    179550,      0.676958,CP8_after_OBC,   1,    0.0000000000E+00,    2.8101563518E+02,    2.8101563518E+02,    0.0000000000E+00,    0.0000000000E+00,    0.0000000000E+00,    2.8101563518E+02
    179550,      0.676958,CP9_after_PTsource,   1,    0.0000000000E+00,    2.8101563518E+02,    2.8101563518E+02,    0.0000000000E+00,    0.0000000000E+00,    0.0000000000E+00,    2.8101563518E+02
    179550,      0.676958,CP10_after_neg_clamp,   1,    0.0000000000E+00,    2.8101563518E+02,    2.8101563518E+02,    0.0000000000E+00,    0.0000000000E+00,    0.0000000000E+00,    2.8101563518E+02
    179550,      0.676958,CP11_after_MPI,   1,    0.0000000000E+00,    2.8101563518E+02,    2.8101563518E+02,    0.0000000000E+00,    0.0000000000E+00,    0.0000000000E+00,    2.8101563518E+02
    179550,      0.676958,CP12_end,   1,    0.0000000000E+00,    2.8101563518E+02,    2.8101563518E+02,    0.0000000000E+00,    0.0000000000E+00,    0.0000000000E+00,    2.8101563518E+02
    179600,      0.676958,CP0_start,   1,    0.0000000000E+00,    2.8115286606E+02,    2.8115286606E+02,    0.0000000000E+00,    0.0000000000E+00,    0.0000000000E+00,    2.8115286606E+02
    179600,      0.676958,CP1_after_deposition,   1,    0.0000000000E+00,    2.8115286606E+02,    2.8115286606E+02,    0.0000000000E+00,    0.0000000000E+00,    0.0000000000E+00,    2.8115286606E+02
    179600,      0.676958,CP2_after_erosion,   1,    0.0000000000E+00,    2.8115286606E+02,    2.8115286606E+02,    0.0000000000E+00,    0.0000000000E+00,    0.0000000000E+00,    2.8115286606E+02
    179600,      0.676958,CP3_after_update_bottom,   1,    0.0000000000E+00,    2.8115286606E+02,    2.8115286606E+02,    0.0000000000E+00,    0.0000000000E+00,    0.0000000000E+00,    2.8115286606E+02
    179600,      0.676958,CP4_after_advection,   1,    0.0000000000E+00,    2.8114480709E+02,    2.8114480709E+02,    0.0000000000E+00,    0.0000000000E+00,    0.0000000000E+00,    2.8114480709E+02
    179600,      0.676958,CP5_after_vdif,   1,    0.0000000000E+00,    2.8114480709E+02,    2.8114480709E+02,    0.0000000000E+00,    0.0000000000E+00,    0.0000000000E+00,    2.8114480709E+02
    179600,      0.676958,CP6_after_kinetics,   1,    0.0000000000E+00,    2.8114480709E+02,    2.8114480709E+02,    0.0000000000E+00,    0.0000000000E+00,    0.0000000000E+00,    2.8114480709E+02
    179600,      0.676958,CP7_after_upper_clamp,   1,    0.0000000000E+00,    2.8114480709E+02,    2.8114480709E+02,    0.0000000000E+00,    0.0000000000E+00,    0.0000000000E+00,    2.8114480709E+02
    179600,      0.676958,CP8_after_OBC,   1,    0.0000000000E+00,    2.8114480709E+02,    2.8114480709E+02,    0.0000000000E+00,    0.0000000000E+00,    0.0000000000E+00,    2.8114480709E+02
    179600,      0.676958,CP9_after_PTsource,   1,    0.0000000000E+00,    2.8114480709E+02,    2.8114480709E+02,    0.0000000000E+00,    0.0000000000E+00,    0.0000000000E+00,    2.8114480709E+02
    179600,      0.676958,CP10_after_neg_clamp,   1,    0.0000000000E+00,    2.8114480709E+02,    2.8114480709E+02,    0.0000000000E+00,    0.0000000000E+00,    0.0000000000E+00,    2.8114480709E+02
    179600,      0.676958,CP11_after_MPI,   1,    0.0000000000E+00,    2.8114480709E+02,    2.8114480709E+02,    0.0000000000E+00,    0.0000000000E+00,    0.0000000000E+00,    2.8114480709E+02
    179600,      0.676958,CP12_end,   1,    0.0000000000E+00,    2.8114480709E+02,    2.8114480709E+02,    0.0000000000E+00,    0.0000000000E+00,    0.0000000000E+00,    2.8114480709E+02
    179650,      0.676958,CP0_start,   1,    0.0000000000E+00,    2.8128025880E+02,    2.8128025880E+02,    0.0000000000E+00,    0.0000000000E+00,    0.0000000000E+00,    2.8128025880E+02
    179650,      0.676958,CP1_after_deposition,   1,    0.0000000000E+00,    2.8128025880E+02,    2.8128025880E+02,    0.0000000000E+00,    0.0000000000E+00,    0.0000000000E+00,    2.8128025880E+02
    179650,      0.676958,CP2_after_erosion,   1,    0.0000000000E+00,    2.8128025880E+02,    2.8128025880E+02,    0.0000000000E+00,    0.0000000000E+00,    0.0000000000E+00,    2.8128025880E+02
    179650,      0.676958,CP3_after_update_bottom,   1,    0.0000000000E+00,    2.8128025880E+02,    2.8128025880E+02,    0.0000000000E+00,    0.0000000000E+00,    0.0000000000E+00,    2.8128025880E+02
    179650,      0.676958,CP4_after_advection,   1,    0.0000000000E+00,    2.8127202925E+02,    2.8127202925E+02,    0.0000000000E+00,    0.0000000000E+00,    0.0000000000E+00,    2.8127202925E+02
    179650,      0.676958,CP5_after_vdif,   1,    0.0000000000E+00,    2.8127202925E+02,    2.8127202925E+02,    0.0000000000E+00,    0.0000000000E+00,    0.0000000000E+00,    2.8127202925E+02
    179650,      0.676958,CP6_after_kinetics,   1,    0.0000000000E+00,    2.8127202925E+02,    2.8127202925E+02,    0.0000000000E+00,    0.0000000000E+00,    0.0000000000E+00,    2.8127202925E+02
    179650,      0.676958,CP7_after_upper_clamp,   1,    0.0000000000E+00,    2.8127202925E+02,    2.8127202925E+02,    0.0000000000E+00,    0.0000000000E+00,    0.0000000000E+00,    2.8127202925E+02
    179650,      0.676958,CP8_after_OBC,   1,    0.0000000000E+00,    2.8127202925E+02,    2.8127202925E+02,    0.0000000000E+00,    0.0000000000E+00,    0.0000000000E+00,    2.8127202925E+02
    179650,      0.676958,CP9_after_PTsource,   1,    0.0000000000E+00,    2.8127202925E+02,    2.8127202925E+02,    0.0000000000E+00,    0.0000000000E+00,    0.0000000000E+00,    2.8127202925E+02
    179650,      0.676958,CP10_after_neg_clamp,   1,    0.0000000000E+00,    2.8127202925E+02,    2.8127202925E+02,    0.0000000000E+00,    0.0000000000E+00,    0.0000000000E+00,    2.8127202925E+02
    179650,      0.676958,CP11_after_MPI,   1,    0.0000000000E+00,    2.8127202925E+02,    2.8127202925E+02,    0.0000000000E+00,    0.0000000000E+00,    0.0000000000E+00,    2.8127202925E+02
    179650,      0.676958,CP12_end,   1,    0.0000000000E+00,    2.8127202925E+02,    2.8127202925E+02,    0.0000000000E+00,    0.0000000000E+00,    0.0000000000E+00,    2.8127202925E+02
    179700,      0.676958,CP0_start,   1,    0.0000000000E+00,    2.8140911948E+02,    2.8140911948E+02,    0.0000000000E+00,    0.0000000000E+00,    0.0000000000E+00,    2.8140911948E+02
    179700,      0.676958,CP1_after_deposition,   1,    0.0000000000E+00,    2.8140911948E+02,    2.8140911948E+02,    0.0000000000E+00,    0.0000000000E+00,    0.0000000000E+00,    2.8140911948E+02
    179700,      0.676958,CP2_after_erosion,   1,    0.0000000000E+00,    2.8140911948E+02,    2.8140911948E+02,    0.0000000000E+00,    0.0000000000E+00,    0.0000000000E+00,    2.8140911948E+02
    179700,      0.676958,CP3_after_update_bottom,   1,    0.0000000000E+00,    2.8140911948E+02,    2.8140911948E+02,    0.0000000000E+00,    0.0000000000E+00,    0.0000000000E+00,    2.8140911948E+02
    179700,      0.676958,CP4_after_advection,   1,    0.0000000000E+00,    2.8140077105E+02,    2.8140077105E+02,    0.0000000000E+00,    0.0000000000E+00,    0.0000000000E+00,    2.8140077105E+02
    179700,      0.676958,CP5_after_vdif,   1,    0.0000000000E+00,    2.8140077105E+02,    2.8140077105E+02,    0.0000000000E+00,    0.0000000000E+00,    0.0000000000E+00,    2.8140077105E+02
    179700,      0.676958,CP6_after_kinetics,   1,    0.0000000000E+00,    2.8140077105E+02,    2.8140077105E+02,    0.0000000000E+00,    0.0000000000E+00,    0.0000000000E+00,    2.8140077105E+02
    179700,      0.676958,CP7_after_upper_clamp,   1,    0.0000000000E+00,    2.8140077105E+02,    2.8140077105E+02,    0.0000000000E+00,    0.0000000000E+00,    0.0000000000E+00,    2.8140077105E+02
    179700,      0.676958,CP8_after_OBC,   1,    0.0000000000E+00,    2.8140077105E+02,    2.8140077105E+02,    0.0000000000E+00,    0.0000000000E+00,    0.0000000000E+00,    2.8140077105E+02
    179700,      0.676958,CP9_after_PTsource,   1,    0.0000000000E+00,    2.8140077105E+02,    2.8140077105E+02,    0.0000000000E+00,    0.0000000000E+00,    0.0000000000E+00,    2.8140077105E+02
    179700,      0.676958,CP10_after_neg_clamp,   1,    0.0000000000E+00,    2.8140077105E+02,    2.8140077105E+02,    0.0000000000E+00,    0.0000000000E+00,    0.0000000000E+00,    2.8140077105E+02
    179700,      0.676958,CP11_after_MPI,   1,    0.0000000000E+00,    2.8140077105E+02,    2.8140077105E+02,    0.0000000000E+00,    0.0000000000E+00,    0.0000000000E+00,    2.8140077105E+02
    179700,      0.676958,CP12_end,   1,    0.0000000000E+00,    2.8140077105E+02,    2.8140077105E+02,    0.0000000000E+00,    0.0000000000E+00,    0.0000000000E+00,    2.8140077105E+02
    179750,      0.676958,CP0_start,   1,    0.0000000000E+00,    2.8154086003E+02,    2.8154086003E+02,    0.0000000000E+00,    0.0000000000E+00,    0.0000000000E+00,    2.8154086003E+02
    179750,      0.676958,CP1_after_deposition,   1,    0.0000000000E+00,    2.8154086003E+02,    2.8154086003E+02,    0.0000000000E+00,    0.0000000000E+00,    0.0000000000E+00,    2.8154086003E+02
    179750,      0.676958,CP2_after_erosion,   1,    0.0000000000E+00,    2.8154086003E+02,    2.8154086003E+02,    0.0000000000E+00,    0.0000000000E+00,    0.0000000000E+00,    2.8154086003E+02
    179750,      0.676958,CP3_after_update_bottom,   1,    0.0000000000E+00,    2.8154086003E+02,    2.8154086003E+02,    0.0000000000E+00,    0.0000000000E+00,    0.0000000000E+00,    2.8154086003E+02
    179750,      0.676958,CP4_after_advection,   1,    0.0000000000E+00,    2.8153240784E+02,    2.8153240784E+02,    0.0000000000E+00,    0.0000000000E+00,    0.0000000000E+00,    2.8153240784E+02
    179750,      0.676958,CP5_after_vdif,   1,    0.0000000000E+00,    2.8153240784E+02,    2.8153240784E+02,    0.0000000000E+00,    0.0000000000E+00,    0.0000000000E+00,    2.8153240784E+02
    179750,      0.676958,CP6_after_kinetics,   1,    0.0000000000E+00,    2.8153240784E+02,    2.8153240784E+02,    0.0000000000E+00,    0.0000000000E+00,    0.0000000000E+00,    2.8153240784E+02
    179750,      0.676958,CP7_after_upper_clamp,   1,    0.0000000000E+00,    2.8153240784E+02,    2.8153240784E+02,    0.0000000000E+00,    0.0000000000E+00,    0.0000000000E+00,    2.8153240784E+02
    179750,      0.676958,CP8_after_OBC,   1,    0.0000000000E+00,    2.8153240784E+02,    2.8153240784E+02,    0.0000000000E+00,    0.0000000000E+00,    0.0000000000E+00,    2.8153240784E+02
    179750,      0.676958,CP9_after_PTsource,   1,    0.0000000000E+00,    2.8153240784E+02,    2.8153240784E+02,    0.0000000000E+00,    0.0000000000E+00,    0.0000000000E+00,    2.8153240784E+02
    179750,      0.676958,CP10_after_neg_clamp,   1,    0.0000000000E+00,    2.8153240784E+02,    2.8153240784E+02,    0.0000000000E+00,    0.0000000000E+00,    0.0000000000E+00,    2.8153240784E+02
    179750,      0.676958,CP11_after_MPI,   1,    0.0000000000E+00,    2.8153240784E+02,    2.8153240784E+02,    0.0000000000E+00,    0.0000000000E+00,    0.0000000000E+00,    2.8153240784E+02
    179750,      0.676958,CP12_end,   1,    0.0000000000E+00,    2.8153240784E+02,    2.8153240784E+02,    0.0000000000E+00,    0.0000000000E+00,    0.0000000000E+00,    2.8153240784E+02
    179800,      0.676958,CP0_start,   1,    0.0000000000E+00,    2.8167508155E+02,    2.8167508155E+02,    0.0000000000E+00,    0.0000000000E+00,    0.0000000000E+00,    2.8167508155E+02
    179800,      0.676958,CP1_after_deposition,   1,    0.0000000000E+00,    2.8167508155E+02,    2.8167508155E+02,    0.0000000000E+00,    0.0000000000E+00,    0.0000000000E+00,    2.8167508155E+02
    179800,      0.676958,CP2_after_erosion,   1,    0.0000000000E+00,    2.8167508155E+02,    2.8167508155E+02,    0.0000000000E+00,    0.0000000000E+00,    0.0000000000E+00,    2.8167508155E+02
    179800,      0.676958,CP3_after_update_bottom,   1,    0.0000000000E+00,    2.8167508155E+02,    2.8167508155E+02,    0.0000000000E+00,    0.0000000000E+00,    0.0000000000E+00,    2.8167508155E+02
    179800,      0.676958,CP4_after_advection,   1,    0.0000000000E+00,    2.8166647724E+02,    2.8166647724E+02,    0.0000000000E+00,    0.0000000000E+00,    0.0000000000E+00,    2.8166647724E+02
    179800,      0.676958,CP5_after_vdif,   1,    0.0000000000E+00,    2.8166647724E+02,    2.8166647724E+02,    0.0000000000E+00,    0.0000000000E+00,    0.0000000000E+00,    2.8166647724E+02
    179800,      0.676958,CP6_after_kinetics,   1,    0.0000000000E+00,    2.8166647724E+02,    2.8166647724E+02,    0.0000000000E+00,    0.0000000000E+00,    0.0000000000E+00,    2.8166647724E+02
    179800,      0.676958,CP7_after_upper_clamp,   1,    0.0000000000E+00,    2.8166647724E+02,    2.8166647724E+02,    0.0000000000E+00,    0.0000000000E+00,    0.0000000000E+00,    2.8166647724E+02
    179800,      0.676958,CP8_after_OBC,   1,    0.0000000000E+00,    2.8166647724E+02,    2.8166647724E+02,    0.0000000000E+00,    0.0000000000E+00,    0.0000000000E+00,    2.8166647724E+02
    179800,      0.676958,CP9_after_PTsource,   1,    0.0000000000E+00,    2.8166647724E+02,    2.8166647724E+02,    0.0000000000E+00,    0.0000000000E+00,    0.0000000000E+00,    2.8166647724E+02
    179800,      0.676958,CP10_after_neg_clamp,   1,    0.0000000000E+00,    2.8166647724E+02,    2.8166647724E+02,    0.0000000000E+00,    0.0000000000E+00,    0.0000000000E+00,    2.8166647724E+02
    179800,      0.676958,CP11_after_MPI,   1,    0.0000000000E+00,    2.8166647724E+02,    2.8166647724E+02,    0.0000000000E+00,    0.0000000000E+00,    0.0000000000E+00,    2.8166647724E+02
    179800,      0.676958,CP12_end,   1,    0.0000000000E+00,    2.8166647724E+02,    2.8166647724E+02,    0.0000000000E+00,    0.0000000000E+00,    0.0000000000E+00,    2.8166647724E+02
    179850,      0.676958,CP0_start,   1,    0.0000000000E+00,    2.8180942086E+02,    2.8180942086E+02,    0.0000000000E+00,    0.0000000000E+00,    0.0000000000E+00,    2.8180942086E+02
    179850,      0.676958,CP1_after_deposition,   1,    0.0000000000E+00,    2.8180942086E+02,    2.8180942086E+02,    0.0000000000E+00,    0.0000000000E+00,    0.0000000000E+00,    2.8180942086E+02
    179850,      0.676958,CP2_after_erosion,   1,    0.0000000000E+00,    2.8180942086E+02,    2.8180942086E+02,    0.0000000000E+00,    0.0000000000E+00,    0.0000000000E+00,    2.8180942086E+02
    179850,      0.676958,CP3_after_update_bottom,   1,    0.0000000000E+00,    2.8180942086E+02,    2.8180942086E+02,    0.0000000000E+00,    0.0000000000E+00,    0.0000000000E+00,    2.8180942086E+02
    179850,      0.676958,CP4_after_advection,   1,    0.0000000000E+00,    2.8180064803E+02,    2.8180064803E+02,    0.0000000000E+00,    0.0000000000E+00,    0.0000000000E+00,    2.8180064803E+02
    179850,      0.676958,CP5_after_vdif,   1,    0.0000000000E+00,    2.8180064803E+02,    2.8180064803E+02,    0.0000000000E+00,    0.0000000000E+00,    0.0000000000E+00,    2.8180064803E+02
    179850,      0.676958,CP6_after_kinetics,   1,    0.0000000000E+00,    2.8180064803E+02,    2.8180064803E+02,    0.0000000000E+00,    0.0000000000E+00,    0.0000000000E+00,    2.8180064803E+02
    179850,      0.676958,CP7_after_upper_clamp,   1,    0.0000000000E+00,    2.8180064803E+02,    2.8180064803E+02,    0.0000000000E+00,    0.0000000000E+00,    0.0000000000E+00,    2.8180064803E+02
    179850,      0.676958,CP8_after_OBC,   1,    0.0000000000E+00,    2.8180064803E+02,    2.8180064803E+02,    0.0000000000E+00,    0.0000000000E+00,    0.0000000000E+00,    2.8180064803E+02
    179850,      0.676958,CP9_after_PTsource,   1,    0.0000000000E+00,    2.8180064803E+02,    2.8180064803E+02,    0.0000000000E+00,    0.0000000000E+00,    0.0000000000E+00,    2.8180064803E+02
    179850,      0.676958,CP10_after_neg_clamp,   1,    0.0000000000E+00,    2.8180064803E+02,    2.8180064803E+02,    0.0000000000E+00,    0.0000000000E+00,    0.0000000000E+00,    2.8180064803E+02
    179850,      0.676958,CP11_after_MPI,   1,    0.0000000000E+00,    2.8180064803E+02,    2.8180064803E+02,    0.0000000000E+00,    0.0000000000E+00,    0.0000000000E+00,    2.8180064803E+02
    179850,      0.676958,CP12_end,   1,    0.0000000000E+00,    2.8180064803E+02,    2.8180064803E+02,    0.0000000000E+00,    0.0000000000E+00,    0.0000000000E+00,    2.8180064803E+02
    179900,      0.676958,CP0_start,   1,    0.0000000000E+00,    2.8194416446E+02,    2.8194416446E+02,    0.0000000000E+00,    0.0000000000E+00,    0.0000000000E+00,    2.8194416446E+02
    179900,      0.676958,CP1_after_deposition,   1,    0.0000000000E+00,    2.8194416446E+02,    2.8194416446E+02,    0.0000000000E+00,    0.0000000000E+00,    0.0000000000E+00,    2.8194416446E+02
    179900,      0.676958,CP2_after_erosion,   1,    0.0000000000E+00,    2.8194416446E+02,    2.8194416446E+02,    0.0000000000E+00,    0.0000000000E+00,    0.0000000000E+00,    2.8194416446E+02
    179900,      0.676958,CP3_after_update_bottom,   1,    0.0000000000E+00,    2.8194416446E+02,    2.8194416446E+02,    0.0000000000E+00,    0.0000000000E+00,    0.0000000000E+00,    2.8194416446E+02
    179900,      0.676958,CP4_after_advection,   1,    0.0000000000E+00,    2.8193521332E+02,    2.8193521332E+02,    0.0000000000E+00,    0.0000000000E+00,    0.0000000000E+00,    2.8193521332E+02
    179900,      0.676958,CP5_after_vdif,   1,    0.0000000000E+00,    2.8193521332E+02,    2.8193521332E+02,    0.0000000000E+00,    0.0000000000E+00,    0.0000000000E+00,    2.8193521332E+02
    179900,      0.676958,CP6_after_kinetics,   1,    0.0000000000E+00,    2.8193521332E+02,    2.8193521332E+02,    0.0000000000E+00,    0.0000000000E+00,    0.0000000000E+00,    2.8193521332E+02
    179900,      0.676958,CP7_after_upper_clamp,   1,    0.0000000000E+00,    2.8193521332E+02,    2.8193521332E+02,    0.0000000000E+00,    0.0000000000E+00,    0.0000000000E+00,    2.8193521332E+02
    179900,      0.676958,CP8_after_OBC,   1,    0.0000000000E+00,    2.8193521332E+02,    2.8193521332E+02,    0.0000000000E+00,    0.0000000000E+00,    0.0000000000E+00,    2.8193521332E+02
    179900,      0.676958,CP9_after_PTsource,   1,    0.0000000000E+00,    2.8193521332E+02,    2.8193521332E+02,    0.0000000000E+00,    0.0000000000E+00,    0.0000000000E+00,    2.8193521332E+02
    179900,      0.676958,CP10_after_neg_clamp,   1,    0.0000000000E+00,    2.8193521332E+02,    2.8193521332E+02,    0.0000000000E+00,    0.0000000000E+00,    0.0000000000E+00,    2.8193521332E+02
    179900,      0.676958,CP11_after_MPI,   1,    0.0000000000E+00,    2.8193521332E+02,    2.8193521332E+02,    0.0000000000E+00,    0.0000000000E+00,    0.0000000000E+00,    2.8193521332E+02
    179900,      0.676958,CP12_end,   1,    0.0000000000E+00,    2.8193521332E+02,    2.8193521332E+02,    0.0000000000E+00,    0.0000000000E+00,    0.0000000000E+00,    2.8193521332E+02
    179950,      0.676958,CP0_start,   1,    0.0000000000E+00,    2.8207789219E+02,    2.8207789219E+02,    0.0000000000E+00,    0.0000000000E+00,    0.0000000000E+00,    2.8207789219E+02
    179950,      0.676958,CP1_after_deposition,   1,    0.0000000000E+00,    2.8207789219E+02,    2.8207789219E+02,    0.0000000000E+00,    0.0000000000E+00,    0.0000000000E+00,    2.8207789219E+02
    179950,      0.676958,CP2_after_erosion,   1,    0.0000000000E+00,    2.8207789219E+02,    2.8207789219E+02,    0.0000000000E+00,    0.0000000000E+00,    0.0000000000E+00,    2.8207789219E+02
    179950,      0.676958,CP3_after_update_bottom,   1,    0.0000000000E+00,    2.8207789219E+02,    2.8207789219E+02,    0.0000000000E+00,    0.0000000000E+00,    0.0000000000E+00,    2.8207789219E+02
    179950,      0.676958,CP4_after_advection,   1,    0.0000000000E+00,    2.8206871976E+02,    2.8206871976E+02,    0.0000000000E+00,    0.0000000000E+00,    0.0000000000E+00,    2.8206871976E+02
    179950,      0.676958,CP5_after_vdif,   1,    0.0000000000E+00,    2.8206871976E+02,    2.8206871976E+02,    0.0000000000E+00,    0.0000000000E+00,    0.0000000000E+00,    2.8206871976E+02
    179950,      0.676958,CP6_after_kinetics,   1,    0.0000000000E+00,    2.8206871976E+02,    2.8206871976E+02,    0.0000000000E+00,    0.0000000000E+00,    0.0000000000E+00,    2.8206871976E+02
    179950,      0.676958,CP7_after_upper_clamp,   1,    0.0000000000E+00,    2.8206871976E+02,    2.8206871976E+02,    0.0000000000E+00,    0.0000000000E+00,    0.0000000000E+00,    2.8206871976E+02
    179950,      0.676958,CP8_after_OBC,   1,    0.0000000000E+00,    2.8206871976E+02,    2.8206871976E+02,    0.0000000000E+00,    0.0000000000E+00,    0.0000000000E+00,    2.8206871976E+02
    179950,      0.676958,CP9_after_PTsource,   1,    0.0000000000E+00,    2.8206871976E+02,    2.8206871976E+02,    0.0000000000E+00,    0.0000000000E+00,    0.0000000000E+00,    2.8206871976E+02
    179950,      0.676958,CP10_after_neg_clamp,   1,    0.0000000000E+00,    2.8206871976E+02,    2.8206871976E+02,    0.0000000000E+00,    0.0000000000E+00,    0.0000000000E+00,    2.8206871976E+02
    179950,      0.676958,CP11_after_MPI,   1,    0.0000000000E+00,    2.8206871976E+02,    2.8206871976E+02,    0.0000000000E+00,    0.0000000000E+00,    0.0000000000E+00,    2.8206871976E+02
    179950,      0.676958,CP12_end,   1,    0.0000000000E+00,    2.8206871976E+02,    2.8206871976E+02,    0.0000000000E+00,    0.0000000000E+00,    0.0000000000E+00,    2.8206871976E+02
    180000,      0.676958,CP0_start,   1,    0.0000000000E+00,    2.8220929185E+02,    2.8220929185E+02,    0.0000000000E+00,    0.0000000000E+00,    0.0000000000E+00,    2.8220929185E+02
    180000,      0.676958,CP1_after_deposition,   1,    0.0000000000E+00,    2.8220929185E+02,    2.8220929185E+02,    0.0000000000E+00,    0.0000000000E+00,    0.0000000000E+00,    2.8220929185E+02
    180000,      0.676958,CP2_after_erosion,   1,    0.0000000000E+00,    2.8220929185E+02,    2.8220929185E+02,    0.0000000000E+00,    0.0000000000E+00,    0.0000000000E+00,    2.8220929185E+02
    180000,      0.676958,CP3_after_update_bottom,   1,    0.0000000000E+00,    2.8220929185E+02,    2.8220929185E+02,    0.0000000000E+00,    0.0000000000E+00,    0.0000000000E+00,    2.8220929185E+02
    180000,      0.676958,CP4_after_advection,   1,    0.0000000000E+00,    2.8219988366E+02,    2.8219988366E+02,    0.0000000000E+00,    0.0000000000E+00,    0.0000000000E+00,    2.8219988366E+02
    180000,      0.676958,CP5_after_vdif,   1,    0.0000000000E+00,    2.8219988366E+02,    2.8219988366E+02,    0.0000000000E+00,    0.0000000000E+00,    0.0000000000E+00,    2.8219988366E+02
    180000,      0.676958,CP6_after_kinetics,   1,    0.0000000000E+00,    2.8219988366E+02,    2.8219988366E+02,    0.0000000000E+00,    0.0000000000E+00,    0.0000000000E+00,    2.8219988366E+02
    180000,      0.676958,CP7_after_upper_clamp,   1,    0.0000000000E+00,    2.8219988366E+02,    2.8219988366E+02,    0.0000000000E+00,    0.0000000000E+00,    0.0000000000E+00,    2.8219988366E+02
    180000,      0.676958,CP8_after_OBC,   1,    0.0000000000E+00,    2.8219988366E+02,    2.8219988366E+02,    0.0000000000E+00,    0.0000000000E+00,    0.0000000000E+00,    2.8219988366E+02
    180000,      0.676958,CP9_after_PTsource,   1,    0.0000000000E+00,    2.8219988366E+02,    2.8219988366E+02,    0.0000000000E+00,    0.0000000000E+00,    0.0000000000E+00,    2.8219988366E+02
    180000,      0.676958,CP10_after_neg_clamp,   1,    0.0000000000E+00,    2.8219988366E+02,    2.8219988366E+02,    0.0000000000E+00,    0.0000000000E+00,    0.0000000000E+00,    2.8219988366E+02
    180000,      0.676958,CP11_after_MPI,   1,    0.0000000000E+00,    2.8219988366E+02,    2.8219988366E+02,    0.0000000000E+00,    0.0000000000E+00,    0.0000000000E+00,    2.8219988366E+02
    180000,      0.676958,CP12_end,   1,    0.0000000000E+00,    2.8219988366E+02,    2.8219988366E+02,    0.0000000000E+00,    0.0000000000E+00,    0.0000000000E+00,    2.8219988366E+02
    180050,      0.676958,CP0_start,   1,    0.0000000000E+00,    2.8233748249E+02,    2.8233748249E+02,    0.0000000000E+00,    0.0000000000E+00,    0.0000000000E+00,    2.8233748249E+02
    180050,      0.676958,CP1_after_deposition,   1,    0.0000000000E+00,    2.8233748249E+02,    2.8233748249E+02,    0.0000000000E+00,    0.0000000000E+00,    0.0000000000E+00,    2.8233748249E+02
    180050,      0.676958,CP2_after_erosion,   1,    0.0000000000E+00,    2.8233748249E+02,    2.8233748249E+02,    0.0000000000E+00,    0.0000000000E+00,    0.0000000000E+00,    2.8233748249E+02
    180050,      0.676958,CP3_after_update_bottom,   1,    0.0000000000E+00,    2.8233748249E+02,    2.8233748249E+02,    0.0000000000E+00,    0.0000000000E+00,    0.0000000000E+00,    2.8233748249E+02
    180050,      0.676958,CP4_after_advection,   1,    0.0000000000E+00,    2.8232780309E+02,    2.8232780309E+02,    0.0000000000E+00,    0.0000000000E+00,    0.0000000000E+00,    2.8232780309E+02
    180050,      0.676958,CP5_after_vdif,   1,    0.0000000000E+00,    2.8232780309E+02,    2.8232780309E+02,    0.0000000000E+00,    0.0000000000E+00,    0.0000000000E+00,    2.8232780309E+02
    180050,      0.676958,CP6_after_kinetics,   1,    0.0000000000E+00,    2.8232780309E+02,    2.8232780309E+02,    0.0000000000E+00,    0.0000000000E+00,    0.0000000000E+00,    2.8232780309E+02
    180050,      0.676958,CP7_after_upper_clamp,   1,    0.0000000000E+00,    2.8232780309E+02,    2.8232780309E+02,    0.0000000000E+00,    0.0000000000E+00,    0.0000000000E+00,    2.8232780309E+02
    180050,      0.676958,CP8_after_OBC,   1,    0.0000000000E+00,    2.8232780309E+02,    2.8232780309E+02,    0.0000000000E+00,    0.0000000000E+00,    0.0000000000E+00,    2.8232780309E+02
    180050,      0.676958,CP9_after_PTsource,   1,    0.0000000000E+00,    2.8232780309E+02,    2.8232780309E+02,    0.0000000000E+00,    0.0000000000E+00,    0.0000000000E+00,    2.8232780309E+02
    180050,      0.676958,CP10_after_neg_clamp,   1,    0.0000000000E+00,    2.8232780309E+02,    2.8232780309E+02,    0.0000000000E+00,    0.0000000000E+00,    0.0000000000E+00,    2.8232780309E+02
    180050,      0.676958,CP11_after_MPI,   1,    0.0000000000E+00,    2.8232780309E+02,    2.8232780309E+02,    0.0000000000E+00,    0.0000000000E+00,    0.0000000000E+00,    2.8232780309E+02
    180050,      0.676958,CP12_end,   1,    0.0000000000E+00,    2.8232780309E+02,    2.8232780309E+02,    0.0000000000E+00,    0.0000000000E+00,    0.0000000000E+00,    2.8232780309E+02
    180100,      0.676958,CP0_start,   1,    0.0000000000E+00,    2.8246036989E+02,    2.8246036989E+02,    0.0000000000E+00,    0.0000000000E+00,    0.0000000000E+00,    2.8246036989E+02
    180100,      0.676958,CP1_after_deposition,   1,    0.0000000000E+00,    2.8246036989E+02,    2.8246036989E+02,    0.0000000000E+00,    0.0000000000E+00,    0.0000000000E+00,    2.8246036989E+02
    180100,      0.676958,CP2_after_erosion,   1,    0.0000000000E+00,    2.8246036989E+02,    2.8246036989E+02,    0.0000000000E+00,    0.0000000000E+00,    0.0000000000E+00,    2.8246036989E+02
    180100,      0.676958,CP3_after_update_bottom,   1,    0.0000000000E+00,    2.8246036989E+02,    2.8246036989E+02,    0.0000000000E+00,    0.0000000000E+00,    0.0000000000E+00,    2.8246036989E+02
    180100,      0.676958,CP4_after_advection,   1,    0.0000000000E+00,    2.8245037891E+02,    2.8245037891E+02,    0.0000000000E+00,    0.0000000000E+00,    0.0000000000E+00,    2.8245037891E+02
    180100,      0.676958,CP5_after_vdif,   1,    0.0000000000E+00,    2.8245037891E+02,    2.8245037891E+02,    0.0000000000E+00,    0.0000000000E+00,    0.0000000000E+00,    2.8245037891E+02
    180100,      0.676958,CP6_after_kinetics,   1,    0.0000000000E+00,    2.8245037891E+02,    2.8245037891E+02,    0.0000000000E+00,    0.0000000000E+00,    0.0000000000E+00,    2.8245037891E+02
    180100,      0.676958,CP7_after_upper_clamp,   1,    0.0000000000E+00,    2.8245037891E+02,    2.8245037891E+02,    0.0000000000E+00,    0.0000000000E+00,    0.0000000000E+00,    2.8245037891E+02
    180100,      0.676958,CP8_after_OBC,   1,    0.0000000000E+00,    2.8245037891E+02,    2.8245037891E+02,    0.0000000000E+00,    0.0000000000E+00,    0.0000000000E+00,    2.8245037891E+02
    180100,      0.676958,CP9_after_PTsource,   1,    0.0000000000E+00,    2.8245037891E+02,    2.8245037891E+02,    0.0000000000E+00,    0.0000000000E+00,    0.0000000000E+00,    2.8245037891E+02
    180100,      0.676958,CP10_after_neg_clamp,   1,    0.0000000000E+00,    2.8245037891E+02,    2.8245037891E+02,    0.0000000000E+00,    0.0000000000E+00,    0.0000000000E+00,    2.8245037891E+02
    180100,      0.676958,CP11_after_MPI,   1,    0.0000000000E+00,    2.8245037891E+02,    2.8245037891E+02,    0.0000000000E+00,    0.0000000000E+00,    0.0000000000E+00,    2.8245037891E+02
    180100,      0.676958,CP12_end,   1,    0.0000000000E+00,    2.8245037891E+02,    2.8245037891E+02,    0.0000000000E+00,    0.0000000000E+00,    0.0000000000E+00,    2.8245037891E+02
    180150,      0.676958,CP0_start,   1,    0.0000000000E+00,    2.8257574774E+02,    2.8257574774E+02,    0.0000000000E+00,    0.0000000000E+00,    0.0000000000E+00,    2.8257574774E+02
    180150,      0.676958,CP1_after_deposition,   1,    0.0000000000E+00,    2.8257574774E+02,    2.8257574774E+02,    0.0000000000E+00,    0.0000000000E+00,    0.0000000000E+00,    2.8257574774E+02
    180150,      0.676958,CP2_after_erosion,   1,    0.0000000000E+00,    2.8257574774E+02,    2.8257574774E+02,    0.0000000000E+00,    0.0000000000E+00,    0.0000000000E+00,    2.8257574774E+02
    180150,      0.676958,CP3_after_update_bottom,   1,    0.0000000000E+00,    2.8257574774E+02,    2.8257574774E+02,    0.0000000000E+00,    0.0000000000E+00,    0.0000000000E+00,    2.8257574774E+02
    180150,      0.676958,CP4_after_advection,   1,    0.0000000000E+00,    2.8256542256E+02,    2.8256542256E+02,    0.0000000000E+00,    0.0000000000E+00,    0.0000000000E+00,    2.8256542256E+02
    180150,      0.676958,CP5_after_vdif,   1,    0.0000000000E+00,    2.8256542256E+02,    2.8256542256E+02,    0.0000000000E+00,    0.0000000000E+00,    0.0000000000E+00,    2.8256542256E+02
    180150,      0.676958,CP6_after_kinetics,   1,    0.0000000000E+00,    2.8256542256E+02,    2.8256542256E+02,    0.0000000000E+00,    0.0000000000E+00,    0.0000000000E+00,    2.8256542256E+02
    180150,      0.676958,CP7_after_upper_clamp,   1,    0.0000000000E+00,    2.8256542256E+02,    2.8256542256E+02,    0.0000000000E+00,    0.0000000000E+00,    0.0000000000E+00,    2.8256542256E+02
    180150,      0.676958,CP8_after_OBC,   1,    0.0000000000E+00,    2.8256542256E+02,    2.8256542256E+02,    0.0000000000E+00,    0.0000000000E+00,    0.0000000000E+00,    2.8256542256E+02
    180150,      0.676958,CP9_after_PTsource,   1,    0.0000000000E+00,    2.8256542256E+02,    2.8256542256E+02,    0.0000000000E+00,    0.0000000000E+00,    0.0000000000E+00,    2.8256542256E+02
    180150,      0.676958,CP10_after_neg_clamp,   1,    0.0000000000E+00,    2.8256542256E+02,    2.8256542256E+02,    0.0000000000E+00,    0.0000000000E+00,    0.0000000000E+00,    2.8256542256E+02
    180150,      0.676958,CP11_after_MPI,   1,    0.0000000000E+00,    2.8256542256E+02,    2.8256542256E+02,    0.0000000000E+00,    0.0000000000E+00,    0.0000000000E+00,    2.8256542256E+02
    180150,      0.676958,CP12_end,   1,    0.0000000000E+00,    2.8256542256E+02,    2.8256542256E+02,    0.0000000000E+00,    0.0000000000E+00,    0.0000000000E+00,    2.8256542256E+02
    180200,      0.676958,CP0_start,   1,    0.0000000000E+00,    2.8268364958E+02,    2.8268364958E+02,    0.0000000000E+00,    0.0000000000E+00,    0.0000000000E+00,    2.8268364958E+02
    180200,      0.676958,CP1_after_deposition,   1,    0.0000000000E+00,    2.8268364958E+02,    2.8268364958E+02,    0.0000000000E+00,    0.0000000000E+00,    0.0000000000E+00,    2.8268364958E+02
    180200,      0.676958,CP2_after_erosion,   1,    0.0000000000E+00,    2.8268364958E+02,    2.8268364958E+02,    0.0000000000E+00,    0.0000000000E+00,    0.0000000000E+00,    2.8268364958E+02
    180200,      0.676958,CP3_after_update_bottom,   1,    0.0000000000E+00,    2.8268364958E+02,    2.8268364958E+02,    0.0000000000E+00,    0.0000000000E+00,    0.0000000000E+00,    2.8268364958E+02
    180200,      0.676958,CP4_after_advection,   1,    0.0000000000E+00,    2.8267302977E+02,    2.8267302977E+02,    0.0000000000E+00,    0.0000000000E+00,    0.0000000000E+00,    2.8267302977E+02
    180200,      0.676958,CP5_after_vdif,   1,    0.0000000000E+00,    2.8267302977E+02,    2.8267302977E+02,    0.0000000000E+00,    0.0000000000E+00,    0.0000000000E+00,    2.8267302977E+02
    180200,      0.676958,CP6_after_kinetics,   1,    0.0000000000E+00,    2.8267302977E+02,    2.8267302977E+02,    0.0000000000E+00,    0.0000000000E+00,    0.0000000000E+00,    2.8267302977E+02
    180200,      0.676958,CP7_after_upper_clamp,   1,    0.0000000000E+00,    2.8267302977E+02,    2.8267302977E+02,    0.0000000000E+00,    0.0000000000E+00,    0.0000000000E+00,    2.8267302977E+02
    180200,      0.676958,CP8_after_OBC,   1,    0.0000000000E+00,    2.8267302977E+02,    2.8267302977E+02,    0.0000000000E+00,    0.0000000000E+00,    0.0000000000E+00,    2.8267302977E+02
    180200,      0.676958,CP9_after_PTsource,   1,    0.0000000000E+00,    2.8267302977E+02,    2.8267302977E+02,    0.0000000000E+00,    0.0000000000E+00,    0.0000000000E+00,    2.8267302977E+02
    180200,      0.676958,CP10_after_neg_clamp,   1,    0.0000000000E+00,    2.8267302977E+02,    2.8267302977E+02,    0.0000000000E+00,    0.0000000000E+00,    0.0000000000E+00,    2.8267302977E+02
    180200,      0.676958,CP11_after_MPI,   1,    0.0000000000E+00,    2.8267302977E+02,    2.8267302977E+02,    0.0000000000E+00,    0.0000000000E+00,    0.0000000000E+00,    2.8267302977E+02
    180200,      0.676958,CP12_end,   1,    0.0000000000E+00,    2.8267302977E+02,    2.8267302977E+02,    0.0000000000E+00,    0.0000000000E+00,    0.0000000000E+00,    2.8267302977E+02
    180250,      0.676958,CP0_start,   1,    0.0000000000E+00,    2.8278549343E+02,    2.8278549343E+02,    0.0000000000E+00,    0.0000000000E+00,    0.0000000000E+00,    2.8278549343E+02
    180250,      0.676958,CP1_after_deposition,   1,    0.0000000000E+00,    2.8278549343E+02,    2.8278549343E+02,    0.0000000000E+00,    0.0000000000E+00,    0.0000000000E+00,    2.8278549343E+02
    180250,      0.676958,CP2_after_erosion,   1,    0.0000000000E+00,    2.8278549343E+02,    2.8278549343E+02,    0.0000000000E+00,    0.0000000000E+00,    0.0000000000E+00,    2.8278549343E+02
    180250,      0.676958,CP3_after_update_bottom,   1,    0.0000000000E+00,    2.8278549343E+02,    2.8278549343E+02,    0.0000000000E+00,    0.0000000000E+00,    0.0000000000E+00,    2.8278549343E+02
    180250,      0.676958,CP4_after_advection,   1,    0.0000000000E+00,    2.8277463810E+02,    2.8277463810E+02,    0.0000000000E+00,    0.0000000000E+00,    0.0000000000E+00,    2.8277463810E+02
    180250,      0.676958,CP5_after_vdif,   1,    0.0000000000E+00,    2.8277463810E+02,    2.8277463810E+02,    0.0000000000E+00,    0.0000000000E+00,    0.0000000000E+00,    2.8277463810E+02
    180250,      0.676958,CP6_after_kinetics,   1,    0.0000000000E+00,    2.8277463810E+02,    2.8277463810E+02,    0.0000000000E+00,    0.0000000000E+00,    0.0000000000E+00,    2.8277463810E+02
    180250,      0.676958,CP7_after_upper_clamp,   1,    0.0000000000E+00,    2.8277463810E+02,    2.8277463810E+02,    0.0000000000E+00,    0.0000000000E+00,    0.0000000000E+00,    2.8277463810E+02
    180250,      0.676958,CP8_after_OBC,   1,    0.0000000000E+00,    2.8277463810E+02,    2.8277463810E+02,    0.0000000000E+00,    0.0000000000E+00,    0.0000000000E+00,    2.8277463810E+02
    180250,      0.676958,CP9_after_PTsource,   1,    0.0000000000E+00,    2.8277463810E+02,    2.8277463810E+02,    0.0000000000E+00,    0.0000000000E+00,    0.0000000000E+00,    2.8277463810E+02
    180250,      0.676958,CP10_after_neg_clamp,   1,    0.0000000000E+00,    2.8277463810E+02,    2.8277463810E+02,    0.0000000000E+00,    0.0000000000E+00,    0.0000000000E+00,    2.8277463810E+02
    180250,      0.676958,CP11_after_MPI,   1,    0.0000000000E+00,    2.8277463810E+02,    2.8277463810E+02,    0.0000000000E+00,    0.0000000000E+00,    0.0000000000E+00,    2.8277463810E+02
    180250,      0.676958,CP12_end,   1,    0.0000000000E+00,    2.8277463810E+02,    2.8277463810E+02,    0.0000000000E+00,    0.0000000000E+00,    0.0000000000E+00,    2.8277463810E+02
    180300,      0.676958,CP0_start,   1,    0.0000000000E+00,    2.8288396201E+02,    2.8288396201E+02,    0.0000000000E+00,    0.0000000000E+00,    0.0000000000E+00,    2.8288396201E+02
    180300,      0.676958,CP1_after_deposition,   1,    0.0000000000E+00,    2.8288396201E+02,    2.8288396201E+02,    0.0000000000E+00,    0.0000000000E+00,    0.0000000000E+00,    2.8288396201E+02
    180300,      0.676958,CP2_after_erosion,   1,    0.0000000000E+00,    2.8288396201E+02,    2.8288396201E+02,    0.0000000000E+00,    0.0000000000E+00,    0.0000000000E+00,    2.8288396201E+02
    180300,      0.676958,CP3_after_update_bottom,   1,    0.0000000000E+00,    2.8288396201E+02,    2.8288396201E+02,    0.0000000000E+00,    0.0000000000E+00,    0.0000000000E+00,    2.8288396201E+02
    180300,      0.676958,CP4_after_advection,   1,    0.0000000000E+00,    2.8287294810E+02,    2.8287294810E+02,    0.0000000000E+00,    0.0000000000E+00,    0.0000000000E+00,    2.8287294810E+02
    180300,      0.676958,CP5_after_vdif,   1,    0.0000000000E+00,    2.8287294810E+02,    2.8287294810E+02,    0.0000000000E+00,    0.0000000000E+00,    0.0000000000E+00,    2.8287294810E+02
    180300,      0.676958,CP6_after_kinetics,   1,    0.0000000000E+00,    2.8287294810E+02,    2.8287294810E+02,    0.0000000000E+00,    0.0000000000E+00,    0.0000000000E+00,    2.8287294810E+02
    180300,      0.676958,CP7_after_upper_clamp,   1,    0.0000000000E+00,    2.8287294810E+02,    2.8287294810E+02,    0.0000000000E+00,    0.0000000000E+00,    0.0000000000E+00,    2.8287294810E+02
    180300,      0.676958,CP8_after_OBC,   1,    0.0000000000E+00,    2.8287294810E+02,    2.8287294810E+02,    0.0000000000E+00,    0.0000000000E+00,    0.0000000000E+00,    2.8287294810E+02
    180300,      0.676958,CP9_after_PTsource,   1,    0.0000000000E+00,    2.8287294810E+02,    2.8287294810E+02,    0.0000000000E+00,    0.0000000000E+00,    0.0000000000E+00,    2.8287294810E+02
    180300,      0.676958,CP10_after_neg_clamp,   1,    0.0000000000E+00,    2.8287294810E+02,    2.8287294810E+02,    0.0000000000E+00,    0.0000000000E+00,    0.0000000000E+00,    2.8287294810E+02
    180300,      0.676958,CP11_after_MPI,   1,    0.0000000000E+00,    2.8287294810E+02,    2.8287294810E+02,    0.0000000000E+00,    0.0000000000E+00,    0.0000000000E+00,    2.8287294810E+02
    180300,      0.676958,CP12_end,   1,    0.0000000000E+00,    2.8287294810E+02,    2.8287294810E+02,    0.0000000000E+00,    0.0000000000E+00,    0.0000000000E+00,    2.8287294810E+02
    180350,      0.676958,CP0_start,   1,    0.0000000000E+00,    2.8298226415E+02,    2.8298226415E+02,    0.0000000000E+00,    0.0000000000E+00,    0.0000000000E+00,    2.8298226415E+02
    180350,      0.676958,CP1_after_deposition,   1,    0.0000000000E+00,    2.8298226415E+02,    2.8298226415E+02,    0.0000000000E+00,    0.0000000000E+00,    0.0000000000E+00,    2.8298226415E+02
    180350,      0.676958,CP2_after_erosion,   1,    0.0000000000E+00,    2.8298226415E+02,    2.8298226415E+02,    0.0000000000E+00,    0.0000000000E+00,    0.0000000000E+00,    2.8298226415E+02
    180350,      0.676958,CP3_after_update_bottom,   1,    0.0000000000E+00,    2.8298226415E+02,    2.8298226415E+02,    0.0000000000E+00,    0.0000000000E+00,    0.0000000000E+00,    2.8298226415E+02
    180350,      0.676958,CP4_after_advection,   1,    0.0000000000E+00,    2.8297116753E+02,    2.8297116753E+02,    0.0000000000E+00,    0.0000000000E+00,    0.0000000000E+00,    2.8297116753E+02
    180350,      0.676958,CP5_after_vdif,   1,    0.0000000000E+00,    2.8297116753E+02,    2.8297116753E+02,    0.0000000000E+00,    0.0000000000E+00,    0.0000000000E+00,    2.8297116753E+02
    180350,      0.676958,CP6_after_kinetics,   1,    0.0000000000E+00,    2.8297116753E+02,    2.8297116753E+02,    0.0000000000E+00,    0.0000000000E+00,    0.0000000000E+00,    2.8297116753E+02
    180350,      0.676958,CP7_after_upper_clamp,   1,    0.0000000000E+00,    2.8297116753E+02,    2.8297116753E+02,    0.0000000000E+00,    0.0000000000E+00,    0.0000000000E+00,    2.8297116753E+02
    180350,      0.676958,CP8_after_OBC,   1,    0.0000000000E+00,    2.8297116753E+02,    2.8297116753E+02,    0.0000000000E+00,    0.0000000000E+00,    0.0000000000E+00,    2.8297116753E+02
    180350,      0.676958,CP9_after_PTsource,   1,    0.0000000000E+00,    2.8297116753E+02,    2.8297116753E+02,    0.0000000000E+00,    0.0000000000E+00,    0.0000000000E+00,    2.8297116753E+02
    180350,      0.676958,CP10_after_neg_clamp,   1,    0.0000000000E+00,    2.8297116753E+02,    2.8297116753E+02,    0.0000000000E+00,    0.0000000000E+00,    0.0000000000E+00,    2.8297116753E+02
    180350,      0.676958,CP11_after_MPI,   1,    0.0000000000E+00,    2.8297116753E+02,    2.8297116753E+02,    0.0000000000E+00,    0.0000000000E+00,    0.0000000000E+00,    2.8297116753E+02
    180350,      0.676958,CP12_end,   1,    0.0000000000E+00,    2.8297116753E+02,    2.8297116753E+02,    0.0000000000E+00,    0.0000000000E+00,    0.0000000000E+00,    2.8297116753E+02
    180400,      0.676958,CP0_start,   1,    0.0000000000E+00,    2.8308390863E+02,    2.8308390863E+02,    0.0000000000E+00,    0.0000000000E+00,    0.0000000000E+00,    2.8308390863E+02
    180400,      0.676958,CP1_after_deposition,   1,    0.0000000000E+00,    2.8308390863E+02,    2.8308390863E+02,    0.0000000000E+00,    0.0000000000E+00,    0.0000000000E+00,    2.8308390863E+02
    180400,      0.676958,CP2_after_erosion,   1,    0.0000000000E+00,    2.8308390863E+02,    2.8308390863E+02,    0.0000000000E+00,    0.0000000000E+00,    0.0000000000E+00,    2.8308390863E+02
    180400,      0.676958,CP3_after_update_bottom,   1,    0.0000000000E+00,    2.8308390863E+02,    2.8308390863E+02,    0.0000000000E+00,    0.0000000000E+00,    0.0000000000E+00,    2.8308390863E+02
    180400,      0.676958,CP4_after_advection,   1,    0.0000000000E+00,    2.8307281594E+02,    2.8307281594E+02,    0.0000000000E+00,    0.0000000000E+00,    0.0000000000E+00,    2.8307281594E+02
    180400,      0.676958,CP5_after_vdif,   1,    0.0000000000E+00,    2.8307281594E+02,    2.8307281594E+02,    0.0000000000E+00,    0.0000000000E+00,    0.0000000000E+00,    2.8307281594E+02
    180400,      0.676958,CP6_after_kinetics,   1,    0.0000000000E+00,    2.8307281594E+02,    2.8307281594E+02,    0.0000000000E+00,    0.0000000000E+00,    0.0000000000E+00,    2.8307281594E+02
    180400,      0.676958,CP7_after_upper_clamp,   1,    0.0000000000E+00,    2.8307281594E+02,    2.8307281594E+02,    0.0000000000E+00,    0.0000000000E+00,    0.0000000000E+00,    2.8307281594E+02
    180400,      0.676958,CP8_after_OBC,   1,    0.0000000000E+00,    2.8307281594E+02,    2.8307281594E+02,    0.0000000000E+00,    0.0000000000E+00,    0.0000000000E+00,    2.8307281594E+02
    180400,      0.676958,CP9_after_PTsource,   1,    0.0000000000E+00,    2.8307281594E+02,    2.8307281594E+02,    0.0000000000E+00,    0.0000000000E+00,    0.0000000000E+00,    2.8307281594E+02
    180400,      0.676958,CP10_after_neg_clamp,   1,    0.0000000000E+00,    2.8307281594E+02,    2.8307281594E+02,    0.0000000000E+00,    0.0000000000E+00,    0.0000000000E+00,    2.8307281594E+02
    180400,      0.676958,CP11_after_MPI,   1,    0.0000000000E+00,    2.8307281594E+02,    2.8307281594E+02,    0.0000000000E+00,    0.0000000000E+00,    0.0000000000E+00,    2.8307281594E+02
    180400,      0.676958,CP12_end,   1,    0.0000000000E+00,    2.8307281594E+02,    2.8307281594E+02,    0.0000000000E+00,    0.0000000000E+00,    0.0000000000E+00,    2.8307281594E+02
    180450,      0.676958,CP0_start,   1,    0.0000000000E+00,    2.8319220492E+02,    2.8319220492E+02,    0.0000000000E+00,    0.0000000000E+00,    0.0000000000E+00,    2.8319220492E+02
    180450,      0.676958,CP1_after_deposition,   1,    0.0000000000E+00,    2.8319220492E+02,    2.8319220492E+02,    0.0000000000E+00,    0.0000000000E+00,    0.0000000000E+00,    2.8319220492E+02
    180450,      0.676958,CP2_after_erosion,   1,    0.0000000000E+00,    2.8319220492E+02,    2.8319220492E+02,    0.0000000000E+00,    0.0000000000E+00,    0.0000000000E+00,    2.8319220492E+02
    180450,      0.676958,CP3_after_update_bottom,   1,    0.0000000000E+00,    2.8319220492E+02,    2.8319220492E+02,    0.0000000000E+00,    0.0000000000E+00,    0.0000000000E+00,    2.8319220492E+02
    180450,      0.676958,CP4_after_advection,   1,    0.0000000000E+00,    2.8318116044E+02,    2.8318116044E+02,    0.0000000000E+00,    0.0000000000E+00,    0.0000000000E+00,    2.8318116044E+02
    180450,      0.676958,CP5_after_vdif,   1,    0.0000000000E+00,    2.8318116044E+02,    2.8318116044E+02,    0.0000000000E+00,    0.0000000000E+00,    0.0000000000E+00,    2.8318116044E+02
    180450,      0.676958,CP6_after_kinetics,   1,    0.0000000000E+00,    2.8318116044E+02,    2.8318116044E+02,    0.0000000000E+00,    0.0000000000E+00,    0.0000000000E+00,    2.8318116044E+02
    180450,      0.676958,CP7_after_upper_clamp,   1,    0.0000000000E+00,    2.8318116044E+02,    2.8318116044E+02,    0.0000000000E+00,    0.0000000000E+00,    0.0000000000E+00,    2.8318116044E+02
    180450,      0.676958,CP8_after_OBC,   1,    0.0000000000E+00,    2.8318116044E+02,    2.8318116044E+02,    0.0000000000E+00,    0.0000000000E+00,    0.0000000000E+00,    2.8318116044E+02
    180450,      0.676958,CP9_after_PTsource,   1,    0.0000000000E+00,    2.8318116044E+02,    2.8318116044E+02,    0.0000000000E+00,    0.0000000000E+00,    0.0000000000E+00,    2.8318116044E+02
    180450,      0.676958,CP10_after_neg_clamp,   1,    0.0000000000E+00,    2.8318116044E+02,    2.8318116044E+02,    0.0000000000E+00,    0.0000000000E+00,    0.0000000000E+00,    2.8318116044E+02
    180450,      0.676958,CP11_after_MPI,   1,    0.0000000000E+00,    2.8318116044E+02,    2.8318116044E+02,    0.0000000000E+00,    0.0000000000E+00,    0.0000000000E+00,    2.8318116044E+02
    180450,      0.676958,CP12_end,   1,    0.0000000000E+00,    2.8318116044E+02,    2.8318116044E+02,    0.0000000000E+00,    0.0000000000E+00,    0.0000000000E+00,    2.8318116044E+02
    180500,      0.676958,CP0_start,   1,    0.0000000000E+00,    2.8330729631E+02,    2.8330729631E+02,    0.0000000000E+00,    0.0000000000E+00,    0.0000000000E+00,    2.8330729631E+02
    180500,      0.676958,CP1_after_deposition,   1,    0.0000000000E+00,    2.8330729631E+02,    2.8330729631E+02,    0.0000000000E+00,    0.0000000000E+00,    0.0000000000E+00,    2.8330729631E+02
    180500,      0.676958,CP2_after_erosion,   1,    0.0000000000E+00,    2.8330729631E+02,    2.8330729631E+02,    0.0000000000E+00,    0.0000000000E+00,    0.0000000000E+00,    2.8330729631E+02
    180500,      0.676958,CP3_after_update_bottom,   1,    0.0000000000E+00,    2.8330729631E+02,    2.8330729631E+02,    0.0000000000E+00,    0.0000000000E+00,    0.0000000000E+00,    2.8330729631E+02
    180500,      0.676958,CP4_after_advection,   1,    0.0000000000E+00,    2.8329630552E+02,    2.8329630552E+02,    0.0000000000E+00,    0.0000000000E+00,    0.0000000000E+00,    2.8329630552E+02
    180500,      0.676958,CP5_after_vdif,   1,    0.0000000000E+00,    2.8329630552E+02,    2.8329630552E+02,    0.0000000000E+00,    0.0000000000E+00,    0.0000000000E+00,    2.8329630552E+02
    180500,      0.676958,CP6_after_kinetics,   1,    0.0000000000E+00,    2.8329630552E+02,    2.8329630552E+02,    0.0000000000E+00,    0.0000000000E+00,    0.0000000000E+00,    2.8329630552E+02
    180500,      0.676958,CP7_after_upper_clamp,   1,    0.0000000000E+00,    2.8329630552E+02,    2.8329630552E+02,    0.0000000000E+00,    0.0000000000E+00,    0.0000000000E+00,    2.8329630552E+02
    180500,      0.676958,CP8_after_OBC,   1,    0.0000000000E+00,    2.8329630552E+02,    2.8329630552E+02,    0.0000000000E+00,    0.0000000000E+00,    0.0000000000E+00,    2.8329630552E+02
    180500,      0.676958,CP9_after_PTsource,   1,    0.0000000000E+00,    2.8329630552E+02,    2.8329630552E+02,    0.0000000000E+00,    0.0000000000E+00,    0.0000000000E+00,    2.8329630552E+02
    180500,      0.676958,CP10_after_neg_clamp,   1,    0.0000000000E+00,    2.8329630552E+02,    2.8329630552E+02,    0.0000000000E+00,    0.0000000000E+00,    0.0000000000E+00,    2.8329630552E+02
    180500,      0.676958,CP11_after_MPI,   1,    0.0000000000E+00,    2.8329630552E+02,    2.8329630552E+02,    0.0000000000E+00,    0.0000000000E+00,    0.0000000000E+00,    2.8329630552E+02
    180500,      0.676958,CP12_end,   1,    0.0000000000E+00,    2.8329630552E+02,    2.8329630552E+02,    0.0000000000E+00,    0.0000000000E+00,    0.0000000000E+00,    2.8329630552E+02
    180550,      0.676958,CP0_start,   1,    0.0000000000E+00,    2.8343020389E+02,    2.8343020389E+02,    0.0000000000E+00,    0.0000000000E+00,    0.0000000000E+00,    2.8343020389E+02
    180550,      0.676958,CP1_after_deposition,   1,    0.0000000000E+00,    2.8343020389E+02,    2.8343020389E+02,    0.0000000000E+00,    0.0000000000E+00,    0.0000000000E+00,    2.8343020389E+02
    180550,      0.676958,CP2_after_erosion,   1,    0.0000000000E+00,    2.8343020389E+02,    2.8343020389E+02,    0.0000000000E+00,    0.0000000000E+00,    0.0000000000E+00,    2.8343020389E+02
    180550,      0.676958,CP3_after_update_bottom,   1,    0.0000000000E+00,    2.8343020389E+02,    2.8343020389E+02,    0.0000000000E+00,    0.0000000000E+00,    0.0000000000E+00,    2.8343020389E+02
    180550,      0.676958,CP4_after_advection,   1,    0.0000000000E+00,    2.8341929096E+02,    2.8341929096E+02,    0.0000000000E+00,    0.0000000000E+00,    0.0000000000E+00,    2.8341929096E+02
    180550,      0.676958,CP5_after_vdif,   1,    0.0000000000E+00,    2.8341929096E+02,    2.8341929096E+02,    0.0000000000E+00,    0.0000000000E+00,    0.0000000000E+00,    2.8341929096E+02
    180550,      0.676958,CP6_after_kinetics,   1,    0.0000000000E+00,    2.8341929096E+02,    2.8341929096E+02,    0.0000000000E+00,    0.0000000000E+00,    0.0000000000E+00,    2.8341929096E+02
    180550,      0.676958,CP7_after_upper_clamp,   1,    0.0000000000E+00,    2.8341929096E+02,    2.8341929096E+02,    0.0000000000E+00,    0.0000000000E+00,    0.0000000000E+00,    2.8341929096E+02
    180550,      0.676958,CP8_after_OBC,   1,    0.0000000000E+00,    2.8341929096E+02,    2.8341929096E+02,    0.0000000000E+00,    0.0000000000E+00,    0.0000000000E+00,    2.8341929096E+02
    180550,      0.676958,CP9_after_PTsource,   1,    0.0000000000E+00,    2.8341929096E+02,    2.8341929096E+02,    0.0000000000E+00,    0.0000000000E+00,    0.0000000000E+00,    2.8341929096E+02
    180550,      0.676958,CP10_after_neg_clamp,   1,    0.0000000000E+00,    2.8341929096E+02,    2.8341929096E+02,    0.0000000000E+00,    0.0000000000E+00,    0.0000000000E+00,    2.8341929096E+02
    180550,      0.676958,CP11_after_MPI,   1,    0.0000000000E+00,    2.8341929096E+02,    2.8341929096E+02,    0.0000000000E+00,    0.0000000000E+00,    0.0000000000E+00,    2.8341929096E+02
    180550,      0.676958,CP12_end,   1,    0.0000000000E+00,    2.8341929096E+02,    2.8341929096E+02,    0.0000000000E+00,    0.0000000000E+00,    0.0000000000E+00,    2.8341929096E+02
    180600,      0.676958,CP0_start,   1,    0.0000000000E+00,    2.8356099406E+02,    2.8356099406E+02,    0.0000000000E+00,    0.0000000000E+00,    0.0000000000E+00,    2.8356099406E+02
    180600,      0.676958,CP1_after_deposition,   1,    0.0000000000E+00,    2.8356099406E+02,    2.8356099406E+02,    0.0000000000E+00,    0.0000000000E+00,    0.0000000000E+00,    2.8356099406E+02
    180600,      0.676958,CP2_after_erosion,   1,    0.0000000000E+00,    2.8356099406E+02,    2.8356099406E+02,    0.0000000000E+00,    0.0000000000E+00,    0.0000000000E+00,    2.8356099406E+02
    180600,      0.676958,CP3_after_update_bottom,   1,    0.0000000000E+00,    2.8356099406E+02,    2.8356099406E+02,    0.0000000000E+00,    0.0000000000E+00,    0.0000000000E+00,    2.8356099406E+02
    180600,      0.676958,CP4_after_advection,   1,    0.0000000000E+00,    2.8355013446E+02,    2.8355013446E+02,    0.0000000000E+00,    0.0000000000E+00,    0.0000000000E+00,    2.8355013446E+02
    180600,      0.676958,CP5_after_vdif,   1,    0.0000000000E+00,    2.8355013446E+02,    2.8355013446E+02,    0.0000000000E+00,    0.0000000000E+00,    0.0000000000E+00,    2.8355013446E+02
    180600,      0.676958,CP6_after_kinetics,   1,    0.0000000000E+00,    2.8355013446E+02,    2.8355013446E+02,    0.0000000000E+00,    0.0000000000E+00,    0.0000000000E+00,    2.8355013446E+02
    180600,      0.676958,CP7_after_upper_clamp,   1,    0.0000000000E+00,    2.8355013446E+02,    2.8355013446E+02,    0.0000000000E+00,    0.0000000000E+00,    0.0000000000E+00,    2.8355013446E+02
    180600,      0.676958,CP8_after_OBC,   1,    0.0000000000E+00,    2.8355013446E+02,    2.8355013446E+02,    0.0000000000E+00,    0.0000000000E+00,    0.0000000000E+00,    2.8355013446E+02
    180600,      0.676958,CP9_after_PTsource,   1,    0.0000000000E+00,    2.8355013446E+02,    2.8355013446E+02,    0.0000000000E+00,    0.0000000000E+00,    0.0000000000E+00,    2.8355013446E+02
    180600,      0.676958,CP10_after_neg_clamp,   1,    0.0000000000E+00,    2.8355013446E+02,    2.8355013446E+02,    0.0000000000E+00,    0.0000000000E+00,    0.0000000000E+00,    2.8355013446E+02
    180600,      0.676958,CP11_after_MPI,   1,    0.0000000000E+00,    2.8355013446E+02,    2.8355013446E+02,    0.0000000000E+00,    0.0000000000E+00,    0.0000000000E+00,    2.8355013446E+02
    180600,      0.676958,CP12_end,   1,    0.0000000000E+00,    2.8355013446E+02,    2.8355013446E+02,    0.0000000000E+00,    0.0000000000E+00,    0.0000000000E+00,    2.8355013446E+02
    180650,      0.676958,CP0_start,   1,    0.0000000000E+00,    2.8369666616E+02,    2.8369666616E+02,    0.0000000000E+00,    0.0000000000E+00,    0.0000000000E+00,    2.8369666616E+02
    180650,      0.676958,CP1_after_deposition,   1,    0.0000000000E+00,    2.8369666616E+02,    2.8369666616E+02,    0.0000000000E+00,    0.0000000000E+00,    0.0000000000E+00,    2.8369666616E+02
    180650,      0.676958,CP2_after_erosion,   1,    0.0000000000E+00,    2.8369666616E+02,    2.8369666616E+02,    0.0000000000E+00,    0.0000000000E+00,    0.0000000000E+00,    2.8369666616E+02
    180650,      0.676958,CP3_after_update_bottom,   1,    0.0000000000E+00,    2.8369666616E+02,    2.8369666616E+02,    0.0000000000E+00,    0.0000000000E+00,    0.0000000000E+00,    2.8369666616E+02
    180650,      0.676958,CP4_after_advection,   1,    0.0000000000E+00,    2.8368579067E+02,    2.8368579067E+02,    0.0000000000E+00,    0.0000000000E+00,    0.0000000000E+00,    2.8368579067E+02
    180650,      0.676958,CP5_after_vdif,   1,    0.0000000000E+00,    2.8368579067E+02,    2.8368579067E+02,    0.0000000000E+00,    0.0000000000E+00,    0.0000000000E+00,    2.8368579067E+02
    180650,      0.676958,CP6_after_kinetics,   1,    0.0000000000E+00,    2.8368579067E+02,    2.8368579067E+02,    0.0000000000E+00,    0.0000000000E+00,    0.0000000000E+00,    2.8368579067E+02
    180650,      0.676958,CP7_after_upper_clamp,   1,    0.0000000000E+00,    2.8368579067E+02,    2.8368579067E+02,    0.0000000000E+00,    0.0000000000E+00,    0.0000000000E+00,    2.8368579067E+02
    180650,      0.676958,CP8_after_OBC,   1,    0.0000000000E+00,    2.8368579067E+02,    2.8368579067E+02,    0.0000000000E+00,    0.0000000000E+00,    0.0000000000E+00,    2.8368579067E+02
    180650,      0.676958,CP9_after_PTsource,   1,    0.0000000000E+00,    2.8368579067E+02,    2.8368579067E+02,    0.0000000000E+00,    0.0000000000E+00,    0.0000000000E+00,    2.8368579067E+02
    180650,      0.676958,CP10_after_neg_clamp,   1,    0.0000000000E+00,    2.8368579067E+02,    2.8368579067E+02,    0.0000000000E+00,    0.0000000000E+00,    0.0000000000E+00,    2.8368579067E+02
    180650,      0.676958,CP11_after_MPI,   1,    0.0000000000E+00,    2.8368579067E+02,    2.8368579067E+02,    0.0000000000E+00,    0.0000000000E+00,    0.0000000000E+00,    2.8368579067E+02
    180650,      0.676958,CP12_end,   1,    0.0000000000E+00,    2.8368579067E+02,    2.8368579067E+02,    0.0000000000E+00,    0.0000000000E+00,    0.0000000000E+00,    2.8368579067E+02
    180700,      0.676958,CP0_start,   1,    0.0000000000E+00,    2.8383413397E+02,    2.8383413397E+02,    0.0000000000E+00,    0.0000000000E+00,    0.0000000000E+00,    2.8383413397E+02
    180700,      0.676958,CP1_after_deposition,   1,    0.0000000000E+00,    2.8383413397E+02,    2.8383413397E+02,    0.0000000000E+00,    0.0000000000E+00,    0.0000000000E+00,    2.8383413397E+02
    180700,      0.676958,CP2_after_erosion,   1,    0.0000000000E+00,    2.8383413397E+02,    2.8383413397E+02,    0.0000000000E+00,    0.0000000000E+00,    0.0000000000E+00,    2.8383413397E+02
    180700,      0.676958,CP3_after_update_bottom,   1,    0.0000000000E+00,    2.8383413397E+02,    2.8383413397E+02,    0.0000000000E+00,    0.0000000000E+00,    0.0000000000E+00,    2.8383413397E+02
    180700,      0.676958,CP4_after_advection,   1,    0.0000000000E+00,    2.8382317872E+02,    2.8382317872E+02,    0.0000000000E+00,    0.0000000000E+00,    0.0000000000E+00,    2.8382317872E+02
    180700,      0.676958,CP5_after_vdif,   1,    0.0000000000E+00,    2.8382317872E+02,    2.8382317872E+02,    0.0000000000E+00,    0.0000000000E+00,    0.0000000000E+00,    2.8382317872E+02
    180700,      0.676958,CP6_after_kinetics,   1,    0.0000000000E+00,    2.8382317872E+02,    2.8382317872E+02,    0.0000000000E+00,    0.0000000000E+00,    0.0000000000E+00,    2.8382317872E+02
    180700,      0.676958,CP7_after_upper_clamp,   1,    0.0000000000E+00,    2.8382317872E+02,    2.8382317872E+02,    0.0000000000E+00,    0.0000000000E+00,    0.0000000000E+00,    2.8382317872E+02
    180700,      0.676958,CP8_after_OBC,   1,    0.0000000000E+00,    2.8382317872E+02,    2.8382317872E+02,    0.0000000000E+00,    0.0000000000E+00,    0.0000000000E+00,    2.8382317872E+02
    180700,      0.676958,CP9_after_PTsource,   1,    0.0000000000E+00,    2.8382317872E+02,    2.8382317872E+02,    0.0000000000E+00,    0.0000000000E+00,    0.0000000000E+00,    2.8382317872E+02
    180700,      0.676958,CP10_after_neg_clamp,   1,    0.0000000000E+00,    2.8382317872E+02,    2.8382317872E+02,    0.0000000000E+00,    0.0000000000E+00,    0.0000000000E+00,    2.8382317872E+02
    180700,      0.676958,CP11_after_MPI,   1,    0.0000000000E+00,    2.8382317872E+02,    2.8382317872E+02,    0.0000000000E+00,    0.0000000000E+00,    0.0000000000E+00,    2.8382317872E+02
    180700,      0.676958,CP12_end,   1,    0.0000000000E+00,    2.8382317872E+02,    2.8382317872E+02,    0.0000000000E+00,    0.0000000000E+00,    0.0000000000E+00,    2.8382317872E+02
    180750,      0.676958,CP0_start,   1,    0.0000000000E+00,    2.8396905954E+02,    2.8396905954E+02,    0.0000000000E+00,    0.0000000000E+00,    0.0000000000E+00,    2.8396905954E+02
    180750,      0.676958,CP1_after_deposition,   1,    0.0000000000E+00,    2.8396905954E+02,    2.8396905954E+02,    0.0000000000E+00,    0.0000000000E+00,    0.0000000000E+00,    2.8396905954E+02
    180750,      0.676958,CP2_after_erosion,   1,    0.0000000000E+00,    2.8396905954E+02,    2.8396905954E+02,    0.0000000000E+00,    0.0000000000E+00,    0.0000000000E+00,    2.8396905954E+02
    180750,      0.676958,CP3_after_update_bottom,   1,    0.0000000000E+00,    2.8396905954E+02,    2.8396905954E+02,    0.0000000000E+00,    0.0000000000E+00,    0.0000000000E+00,    2.8396905954E+02
    180750,      0.676958,CP4_after_advection,   1,    0.0000000000E+00,    2.8395792217E+02,    2.8395792217E+02,    0.0000000000E+00,    0.0000000000E+00,    0.0000000000E+00,    2.8395792217E+02
    180750,      0.676958,CP5_after_vdif,   1,    0.0000000000E+00,    2.8395792217E+02,    2.8395792217E+02,    0.0000000000E+00,    0.0000000000E+00,    0.0000000000E+00,    2.8395792217E+02
    180750,      0.676958,CP6_after_kinetics,   1,    0.0000000000E+00,    2.8395792217E+02,    2.8395792217E+02,    0.0000000000E+00,    0.0000000000E+00,    0.0000000000E+00,    2.8395792217E+02
    180750,      0.676958,CP7_after_upper_clamp,   1,    0.0000000000E+00,    2.8395792217E+02,    2.8395792217E+02,    0.0000000000E+00,    0.0000000000E+00,    0.0000000000E+00,    2.8395792217E+02
    180750,      0.676958,CP8_after_OBC,   1,    0.0000000000E+00,    2.8395792217E+02,    2.8395792217E+02,    0.0000000000E+00,    0.0000000000E+00,    0.0000000000E+00,    2.8395792217E+02
    180750,      0.676958,CP9_after_PTsource,   1,    0.0000000000E+00,    2.8395792217E+02,    2.8395792217E+02,    0.0000000000E+00,    0.0000000000E+00,    0.0000000000E+00,    2.8395792217E+02
    180750,      0.676958,CP10_after_neg_clamp,   1,    0.0000000000E+00,    2.8395792217E+02,    2.8395792217E+02,    0.0000000000E+00,    0.0000000000E+00,    0.0000000000E+00,    2.8395792217E+02
    180750,      0.676958,CP11_after_MPI,   1,    0.0000000000E+00,    2.8395792217E+02,    2.8395792217E+02,    0.0000000000E+00,    0.0000000000E+00,    0.0000000000E+00,    2.8395792217E+02
    180750,      0.676958,CP12_end,   1,    0.0000000000E+00,    2.8395792217E+02,    2.8395792217E+02,    0.0000000000E+00,    0.0000000000E+00,    0.0000000000E+00,    2.8395792217E+02
    180800,      0.676958,CP0_start,   1,    0.0000000000E+00,    2.8409705038E+02,    2.8409705038E+02,    0.0000000000E+00,    0.0000000000E+00,    0.0000000000E+00,    2.8409705038E+02
    180800,      0.676958,CP1_after_deposition,   1,    0.0000000000E+00,    2.8409705038E+02,    2.8409705038E+02,    0.0000000000E+00,    0.0000000000E+00,    0.0000000000E+00,    2.8409705038E+02
    180800,      0.676958,CP2_after_erosion,   1,    0.0000000000E+00,    2.8409705038E+02,    2.8409705038E+02,    0.0000000000E+00,    0.0000000000E+00,    0.0000000000E+00,    2.8409705038E+02
    180800,      0.676958,CP3_after_update_bottom,   1,    0.0000000000E+00,    2.8409705038E+02,    2.8409705038E+02,    0.0000000000E+00,    0.0000000000E+00,    0.0000000000E+00,    2.8409705038E+02
    180800,      0.676958,CP4_after_advection,   1,    0.0000000000E+00,    2.8408567588E+02,    2.8408567588E+02,    0.0000000000E+00,    0.0000000000E+00,    0.0000000000E+00,    2.8408567588E+02
    180800,      0.676958,CP5_after_vdif,   1,    0.0000000000E+00,    2.8408567588E+02,    2.8408567588E+02,    0.0000000000E+00,    0.0000000000E+00,    0.0000000000E+00,    2.8408567588E+02
    180800,      0.676958,CP6_after_kinetics,   1,    0.0000000000E+00,    2.8408567588E+02,    2.8408567588E+02,    0.0000000000E+00,    0.0000000000E+00,    0.0000000000E+00,    2.8408567588E+02
    180800,      0.676958,CP7_after_upper_clamp,   1,    0.0000000000E+00,    2.8408567588E+02,    2.8408567588E+02,    0.0000000000E+00,    0.0000000000E+00,    0.0000000000E+00,    2.8408567588E+02
    180800,      0.676958,CP8_after_OBC,   1,    0.0000000000E+00,    2.8408567588E+02,    2.8408567588E+02,    0.0000000000E+00,    0.0000000000E+00,    0.0000000000E+00,    2.8408567588E+02
    180800,      0.676958,CP9_after_PTsource,   1,    0.0000000000E+00,    2.8408567588E+02,    2.8408567588E+02,    0.0000000000E+00,    0.0000000000E+00,    0.0000000000E+00,    2.8408567588E+02
    180800,      0.676958,CP10_after_neg_clamp,   1,    0.0000000000E+00,    2.8408567588E+02,    2.8408567588E+02,    0.0000000000E+00,    0.0000000000E+00,    0.0000000000E+00,    2.8408567588E+02
    180800,      0.676958,CP11_after_MPI,   1,    0.0000000000E+00,    2.8408567588E+02,    2.8408567588E+02,    0.0000000000E+00,    0.0000000000E+00,    0.0000000000E+00,    2.8408567588E+02
    180800,      0.676958,CP12_end,   1,    0.0000000000E+00,    2.8408567588E+02,    2.8408567588E+02,    0.0000000000E+00,    0.0000000000E+00,    0.0000000000E+00,    2.8408567588E+02
    180850,      0.676958,CP0_start,   1,    0.0000000000E+00,    2.8421658561E+02,    2.8421658561E+02,    0.0000000000E+00,    0.0000000000E+00,    0.0000000000E+00,    2.8421658561E+02
    180850,      0.676958,CP1_after_deposition,   1,    0.0000000000E+00,    2.8421658561E+02,    2.8421658561E+02,    0.0000000000E+00,    0.0000000000E+00,    0.0000000000E+00,    2.8421658561E+02
    180850,      0.676958,CP2_after_erosion,   1,    0.0000000000E+00,    2.8421658561E+02,    2.8421658561E+02,    0.0000000000E+00,    0.0000000000E+00,    0.0000000000E+00,    2.8421658561E+02
    180850,      0.676958,CP3_after_update_bottom,   1,    0.0000000000E+00,    2.8421658561E+02,    2.8421658561E+02,    0.0000000000E+00,    0.0000000000E+00,    0.0000000000E+00,    2.8421658561E+02
    180850,      0.676958,CP4_after_advection,   1,    0.0000000000E+00,    2.8420497935E+02,    2.8420497935E+02,    0.0000000000E+00,    0.0000000000E+00,    0.0000000000E+00,    2.8420497935E+02
    180850,      0.676958,CP5_after_vdif,   1,    0.0000000000E+00,    2.8420497935E+02,    2.8420497935E+02,    0.0000000000E+00,    0.0000000000E+00,    0.0000000000E+00,    2.8420497935E+02
    180850,      0.676958,CP6_after_kinetics,   1,    0.0000000000E+00,    2.8420497935E+02,    2.8420497935E+02,    0.0000000000E+00,    0.0000000000E+00,    0.0000000000E+00,    2.8420497935E+02
    180850,      0.676958,CP7_after_upper_clamp,   1,    0.0000000000E+00,    2.8420497935E+02,    2.8420497935E+02,    0.0000000000E+00,    0.0000000000E+00,    0.0000000000E+00,    2.8420497935E+02
    180850,      0.676958,CP8_after_OBC,   1,    0.0000000000E+00,    2.8420497935E+02,    2.8420497935E+02,    0.0000000000E+00,    0.0000000000E+00,    0.0000000000E+00,    2.8420497935E+02
    180850,      0.676958,CP9_after_PTsource,   1,    0.0000000000E+00,    2.8420497935E+02,    2.8420497935E+02,    0.0000000000E+00,    0.0000000000E+00,    0.0000000000E+00,    2.8420497935E+02
    180850,      0.676958,CP10_after_neg_clamp,   1,    0.0000000000E+00,    2.8420497935E+02,    2.8420497935E+02,    0.0000000000E+00,    0.0000000000E+00,    0.0000000000E+00,    2.8420497935E+02
    180850,      0.676958,CP11_after_MPI,   1,    0.0000000000E+00,    2.8420497935E+02,    2.8420497935E+02,    0.0000000000E+00,    0.0000000000E+00,    0.0000000000E+00,    2.8420497935E+02
    180850,      0.676958,CP12_end,   1,    0.0000000000E+00,    2.8420497935E+02,    2.8420497935E+02,    0.0000000000E+00,    0.0000000000E+00,    0.0000000000E+00,    2.8420497935E+02
    180900,      0.676958,CP0_start,   1,    0.0000000000E+00,    2.8432908183E+02,    2.8432908183E+02,    0.0000000000E+00,    0.0000000000E+00,    0.0000000000E+00,    2.8432908183E+02
    180900,      0.676958,CP1_after_deposition,   1,    0.0000000000E+00,    2.8432908183E+02,    2.8432908183E+02,    0.0000000000E+00,    0.0000000000E+00,    0.0000000000E+00,    2.8432908183E+02
    180900,      0.676958,CP2_after_erosion,   1,    0.0000000000E+00,    2.8432908183E+02,    2.8432908183E+02,    0.0000000000E+00,    0.0000000000E+00,    0.0000000000E+00,    2.8432908183E+02
    180900,      0.676958,CP3_after_update_bottom,   1,    0.0000000000E+00,    2.8432908183E+02,    2.8432908183E+02,    0.0000000000E+00,    0.0000000000E+00,    0.0000000000E+00,    2.8432908183E+02
    180900,      0.676958,CP4_after_advection,   1,    0.0000000000E+00,    2.8431729655E+02,    2.8431729655E+02,    0.0000000000E+00,    0.0000000000E+00,    0.0000000000E+00,    2.8431729655E+02
    180900,      0.676958,CP5_after_vdif,   1,    0.0000000000E+00,    2.8431729655E+02,    2.8431729655E+02,    0.0000000000E+00,    0.0000000000E+00,    0.0000000000E+00,    2.8431729655E+02
    180900,      0.676958,CP6_after_kinetics,   1,    0.0000000000E+00,    2.8431729655E+02,    2.8431729655E+02,    0.0000000000E+00,    0.0000000000E+00,    0.0000000000E+00,    2.8431729655E+02
    180900,      0.676958,CP7_after_upper_clamp,   1,    0.0000000000E+00,    2.8431729655E+02,    2.8431729655E+02,    0.0000000000E+00,    0.0000000000E+00,    0.0000000000E+00,    2.8431729655E+02
    180900,      0.676958,CP8_after_OBC,   1,    0.0000000000E+00,    2.8431729655E+02,    2.8431729655E+02,    0.0000000000E+00,    0.0000000000E+00,    0.0000000000E+00,    2.8431729655E+02
    180900,      0.676958,CP9_after_PTsource,   1,    0.0000000000E+00,    2.8431729655E+02,    2.8431729655E+02,    0.0000000000E+00,    0.0000000000E+00,    0.0000000000E+00,    2.8431729655E+02
    180900,      0.676958,CP10_after_neg_clamp,   1,    0.0000000000E+00,    2.8431729655E+02,    2.8431729655E+02,    0.0000000000E+00,    0.0000000000E+00,    0.0000000000E+00,    2.8431729655E+02
    180900,      0.676958,CP11_after_MPI,   1,    0.0000000000E+00,    2.8431729655E+02,    2.8431729655E+02,    0.0000000000E+00,    0.0000000000E+00,    0.0000000000E+00,    2.8431729655E+02
    180900,      0.676958,CP12_end,   1,    0.0000000000E+00,    2.8431729655E+02,    2.8431729655E+02,    0.0000000000E+00,    0.0000000000E+00,    0.0000000000E+00,    2.8431729655E+02
    180950,      0.676958,CP0_start,   1,    0.0000000000E+00,    2.8443565995E+02,    2.8443565995E+02,    0.0000000000E+00,    0.0000000000E+00,    0.0000000000E+00,    2.8443565995E+02
    180950,      0.676958,CP1_after_deposition,   1,    0.0000000000E+00,    2.8443565995E+02,    2.8443565995E+02,    0.0000000000E+00,    0.0000000000E+00,    0.0000000000E+00,    2.8443565995E+02
    180950,      0.676958,CP2_after_erosion,   1,    0.0000000000E+00,    2.8443565995E+02,    2.8443565995E+02,    0.0000000000E+00,    0.0000000000E+00,    0.0000000000E+00,    2.8443565995E+02
    180950,      0.676958,CP3_after_update_bottom,   1,    0.0000000000E+00,    2.8443565995E+02,    2.8443565995E+02,    0.0000000000E+00,    0.0000000000E+00,    0.0000000000E+00,    2.8443565995E+02
    180950,      0.676958,CP4_after_advection,   1,    0.0000000000E+00,    2.8442371748E+02,    2.8442371748E+02,    0.0000000000E+00,    0.0000000000E+00,    0.0000000000E+00,    2.8442371748E+02
    180950,      0.676958,CP5_after_vdif,   1,    0.0000000000E+00,    2.8442371748E+02,    2.8442371748E+02,    0.0000000000E+00,    0.0000000000E+00,    0.0000000000E+00,    2.8442371748E+02
    180950,      0.676958,CP6_after_kinetics,   1,    0.0000000000E+00,    2.8442371748E+02,    2.8442371748E+02,    0.0000000000E+00,    0.0000000000E+00,    0.0000000000E+00,    2.8442371748E+02
    180950,      0.676958,CP7_after_upper_clamp,   1,    0.0000000000E+00,    2.8442371748E+02,    2.8442371748E+02,    0.0000000000E+00,    0.0000000000E+00,    0.0000000000E+00,    2.8442371748E+02
    180950,      0.676958,CP8_after_OBC,   1,    0.0000000000E+00,    2.8442371748E+02,    2.8442371748E+02,    0.0000000000E+00,    0.0000000000E+00,    0.0000000000E+00,    2.8442371748E+02
    180950,      0.676958,CP9_after_PTsource,   1,    0.0000000000E+00,    2.8442371748E+02,    2.8442371748E+02,    0.0000000000E+00,    0.0000000000E+00,    0.0000000000E+00,    2.8442371748E+02
    180950,      0.676958,CP10_after_neg_clamp,   1,    0.0000000000E+00,    2.8442371748E+02,    2.8442371748E+02,    0.0000000000E+00,    0.0000000000E+00,    0.0000000000E+00,    2.8442371748E+02
    180950,      0.676958,CP11_after_MPI,   1,    0.0000000000E+00,    2.8442371748E+02,    2.8442371748E+02,    0.0000000000E+00,    0.0000000000E+00,    0.0000000000E+00,    2.8442371748E+02
    180950,      0.676958,CP12_end,   1,    0.0000000000E+00,    2.8442371748E+02,    2.8442371748E+02,    0.0000000000E+00,    0.0000000000E+00,    0.0000000000E+00,    2.8442371748E+02
    181000,      0.676958,CP0_start,   1,    0.0000000000E+00,    2.8453704094E+02,    2.8453704094E+02,    0.0000000000E+00,    0.0000000000E+00,    0.0000000000E+00,    2.8453704094E+02
    181000,      0.676958,CP1_after_deposition,   1,    0.0000000000E+00,    2.8453704094E+02,    2.8453704094E+02,    0.0000000000E+00,    0.0000000000E+00,    0.0000000000E+00,    2.8453704094E+02
    181000,      0.676958,CP2_after_erosion,   1,    0.0000000000E+00,    2.8453704094E+02,    2.8453704094E+02,    0.0000000000E+00,    0.0000000000E+00,    0.0000000000E+00,    2.8453704094E+02
    181000,      0.676958,CP3_after_update_bottom,   1,    0.0000000000E+00,    2.8453704094E+02,    2.8453704094E+02,    0.0000000000E+00,    0.0000000000E+00,    0.0000000000E+00,    2.8453704094E+02
    181000,      0.676958,CP4_after_advection,   1,    0.0000000000E+00,    2.8452495676E+02,    2.8452495676E+02,    0.0000000000E+00,    0.0000000000E+00,    0.0000000000E+00,    2.8452495676E+02
    181000,      0.676958,CP5_after_vdif,   1,    0.0000000000E+00,    2.8452495676E+02,    2.8452495676E+02,    0.0000000000E+00,    0.0000000000E+00,    0.0000000000E+00,    2.8452495676E+02
    181000,      0.676958,CP6_after_kinetics,   1,    0.0000000000E+00,    2.8452495676E+02,    2.8452495676E+02,    0.0000000000E+00,    0.0000000000E+00,    0.0000000000E+00,    2.8452495676E+02
    181000,      0.676958,CP7_after_upper_clamp,   1,    0.0000000000E+00,    2.8452495676E+02,    2.8452495676E+02,    0.0000000000E+00,    0.0000000000E+00,    0.0000000000E+00,    2.8452495676E+02
    181000,      0.676958,CP8_after_OBC,   1,    0.0000000000E+00,    2.8452495676E+02,    2.8452495676E+02,    0.0000000000E+00,    0.0000000000E+00,    0.0000000000E+00,    2.8452495676E+02
    181000,      0.676958,CP9_after_PTsource,   1,    0.0000000000E+00,    2.8452495676E+02,    2.8452495676E+02,    0.0000000000E+00,    0.0000000000E+00,    0.0000000000E+00,    2.8452495676E+02
    181000,      0.676958,CP10_after_neg_clamp,   1,    0.0000000000E+00,    2.8452495676E+02,    2.8452495676E+02,    0.0000000000E+00,    0.0000000000E+00,    0.0000000000E+00,    2.8452495676E+02
    181000,      0.676958,CP11_after_MPI,   1,    0.0000000000E+00,    2.8452495676E+02,    2.8452495676E+02,    0.0000000000E+00,    0.0000000000E+00,    0.0000000000E+00,    2.8452495676E+02
    181000,      0.676958,CP12_end,   1,    0.0000000000E+00,    2.8452495676E+02,    2.8452495676E+02,    0.0000000000E+00,    0.0000000000E+00,    0.0000000000E+00,    2.8452495676E+02
    181050,      0.676958,CP0_start,   1,    0.0000000000E+00,    2.8463456167E+02,    2.8463456167E+02,    0.0000000000E+00,    0.0000000000E+00,    0.0000000000E+00,    2.8463456167E+02
    181050,      0.676958,CP1_after_deposition,   1,    0.0000000000E+00,    2.8463456167E+02,    2.8463456167E+02,    0.0000000000E+00,    0.0000000000E+00,    0.0000000000E+00,    2.8463456167E+02
    181050,      0.676958,CP2_after_erosion,   1,    0.0000000000E+00,    2.8463456167E+02,    2.8463456167E+02,    0.0000000000E+00,    0.0000000000E+00,    0.0000000000E+00,    2.8463456167E+02
    181050,      0.676958,CP3_after_update_bottom,   1,    0.0000000000E+00,    2.8463456167E+02,    2.8463456167E+02,    0.0000000000E+00,    0.0000000000E+00,    0.0000000000E+00,    2.8463456167E+02
    181050,      0.676958,CP4_after_advection,   1,    0.0000000000E+00,    2.8462239612E+02,    2.8462239612E+02,    0.0000000000E+00,    0.0000000000E+00,    0.0000000000E+00,    2.8462239612E+02
    181050,      0.676958,CP5_after_vdif,   1,    0.0000000000E+00,    2.8462239612E+02,    2.8462239612E+02,    0.0000000000E+00,    0.0000000000E+00,    0.0000000000E+00,    2.8462239612E+02
    181050,      0.676958,CP6_after_kinetics,   1,    0.0000000000E+00,    2.8462239612E+02,    2.8462239612E+02,    0.0000000000E+00,    0.0000000000E+00,    0.0000000000E+00,    2.8462239612E+02
    181050,      0.676958,CP7_after_upper_clamp,   1,    0.0000000000E+00,    2.8462239612E+02,    2.8462239612E+02,    0.0000000000E+00,    0.0000000000E+00,    0.0000000000E+00,    2.8462239612E+02
    181050,      0.676958,CP8_after_OBC,   1,    0.0000000000E+00,    2.8462239612E+02,    2.8462239612E+02,    0.0000000000E+00,    0.0000000000E+00,    0.0000000000E+00,    2.8462239612E+02
    181050,      0.676958,CP9_after_PTsource,   1,    0.0000000000E+00,    2.8462239612E+02,    2.8462239612E+02,    0.0000000000E+00,    0.0000000000E+00,    0.0000000000E+00,    2.8462239612E+02
    181050,      0.676958,CP10_after_neg_clamp,   1,    0.0000000000E+00,    2.8462239612E+02,    2.8462239612E+02,    0.0000000000E+00,    0.0000000000E+00,    0.0000000000E+00,    2.8462239612E+02
    181050,      0.676958,CP11_after_MPI,   1,    0.0000000000E+00,    2.8462239612E+02,    2.8462239612E+02,    0.0000000000E+00,    0.0000000000E+00,    0.0000000000E+00,    2.8462239612E+02
    181050,      0.676958,CP12_end,   1,    0.0000000000E+00,    2.8462239612E+02,    2.8462239612E+02,    0.0000000000E+00,    0.0000000000E+00,    0.0000000000E+00,    2.8462239612E+02
    181100,      0.676958,CP0_start,   1,    0.0000000000E+00,    2.8473133158E+02,    2.8473133158E+02,    0.0000000000E+00,    0.0000000000E+00,    0.0000000000E+00,    2.8473133158E+02
    181100,      0.676958,CP1_after_deposition,   1,    0.0000000000E+00,    2.8473133158E+02,    2.8473133158E+02,    0.0000000000E+00,    0.0000000000E+00,    0.0000000000E+00,    2.8473133158E+02
    181100,      0.676958,CP2_after_erosion,   1,    0.0000000000E+00,    2.8473133158E+02,    2.8473133158E+02,    0.0000000000E+00,    0.0000000000E+00,    0.0000000000E+00,    2.8473133158E+02
    181100,      0.676958,CP3_after_update_bottom,   1,    0.0000000000E+00,    2.8473133158E+02,    2.8473133158E+02,    0.0000000000E+00,    0.0000000000E+00,    0.0000000000E+00,    2.8473133158E+02
    181100,      0.676958,CP4_after_advection,   1,    0.0000000000E+00,    2.8471915659E+02,    2.8471915659E+02,    0.0000000000E+00,    0.0000000000E+00,    0.0000000000E+00,    2.8471915659E+02
    181100,      0.676958,CP5_after_vdif,   1,    0.0000000000E+00,    2.8471915659E+02,    2.8471915659E+02,    0.0000000000E+00,    0.0000000000E+00,    0.0000000000E+00,    2.8471915659E+02
    181100,      0.676958,CP6_after_kinetics,   1,    0.0000000000E+00,    2.8471915659E+02,    2.8471915659E+02,    0.0000000000E+00,    0.0000000000E+00,    0.0000000000E+00,    2.8471915659E+02
    181100,      0.676958,CP7_after_upper_clamp,   1,    0.0000000000E+00,    2.8471915659E+02,    2.8471915659E+02,    0.0000000000E+00,    0.0000000000E+00,    0.0000000000E+00,    2.8471915659E+02
    181100,      0.676958,CP8_after_OBC,   1,    0.0000000000E+00,    2.8471915659E+02,    2.8471915659E+02,    0.0000000000E+00,    0.0000000000E+00,    0.0000000000E+00,    2.8471915659E+02
    181100,      0.676958,CP9_after_PTsource,   1,    0.0000000000E+00,    2.8471915659E+02,    2.8471915659E+02,    0.0000000000E+00,    0.0000000000E+00,    0.0000000000E+00,    2.8471915659E+02
    181100,      0.676958,CP10_after_neg_clamp,   1,    0.0000000000E+00,    2.8471915659E+02,    2.8471915659E+02,    0.0000000000E+00,    0.0000000000E+00,    0.0000000000E+00,    2.8471915659E+02
    181100,      0.676958,CP11_after_MPI,   1,    0.0000000000E+00,    2.8471915659E+02,    2.8471915659E+02,    0.0000000000E+00,    0.0000000000E+00,    0.0000000000E+00,    2.8471915659E+02
    181100,      0.676958,CP12_end,   1,    0.0000000000E+00,    2.8471915659E+02,    2.8471915659E+02,    0.0000000000E+00,    0.0000000000E+00,    0.0000000000E+00,    2.8471915659E+02
    181150,      0.676958,CP0_start,   1,    0.0000000000E+00,    2.8483056795E+02,    2.8483056795E+02,    0.0000000000E+00,    0.0000000000E+00,    0.0000000000E+00,    2.8483056795E+02
    181150,      0.676958,CP1_after_deposition,   1,    0.0000000000E+00,    2.8483056795E+02,    2.8483056795E+02,    0.0000000000E+00,    0.0000000000E+00,    0.0000000000E+00,    2.8483056795E+02
    181150,      0.676958,CP2_after_erosion,   1,    0.0000000000E+00,    2.8483056795E+02,    2.8483056795E+02,    0.0000000000E+00,    0.0000000000E+00,    0.0000000000E+00,    2.8483056795E+02
    181150,      0.676958,CP3_after_update_bottom,   1,    0.0000000000E+00,    2.8483056795E+02,    2.8483056795E+02,    0.0000000000E+00,    0.0000000000E+00,    0.0000000000E+00,    2.8483056795E+02
    181150,      0.676958,CP4_after_advection,   1,    0.0000000000E+00,    2.8481843648E+02,    2.8481843648E+02,    0.0000000000E+00,    0.0000000000E+00,    0.0000000000E+00,    2.8481843648E+02
    181150,      0.676958,CP5_after_vdif,   1,    0.0000000000E+00,    2.8481843648E+02,    2.8481843648E+02,    0.0000000000E+00,    0.0000000000E+00,    0.0000000000E+00,    2.8481843648E+02
    181150,      0.676958,CP6_after_kinetics,   1,    0.0000000000E+00,    2.8481843648E+02,    2.8481843648E+02,    0.0000000000E+00,    0.0000000000E+00,    0.0000000000E+00,    2.8481843648E+02
    181150,      0.676958,CP7_after_upper_clamp,   1,    0.0000000000E+00,    2.8481843648E+02,    2.8481843648E+02,    0.0000000000E+00,    0.0000000000E+00,    0.0000000000E+00,    2.8481843648E+02
    181150,      0.676958,CP8_after_OBC,   1,    0.0000000000E+00,    2.8481843648E+02,    2.8481843648E+02,    0.0000000000E+00,    0.0000000000E+00,    0.0000000000E+00,    2.8481843648E+02
    181150,      0.676958,CP9_after_PTsource,   1,    0.0000000000E+00,    2.8481843648E+02,    2.8481843648E+02,    0.0000000000E+00,    0.0000000000E+00,    0.0000000000E+00,    2.8481843648E+02
    181150,      0.676958,CP10_after_neg_clamp,   1,    0.0000000000E+00,    2.8481843648E+02,    2.8481843648E+02,    0.0000000000E+00,    0.0000000000E+00,    0.0000000000E+00,    2.8481843648E+02
    181150,      0.676958,CP11_after_MPI,   1,    0.0000000000E+00,    2.8481843648E+02,    2.8481843648E+02,    0.0000000000E+00,    0.0000000000E+00,    0.0000000000E+00,    2.8481843648E+02
    181150,      0.676958,CP12_end,   1,    0.0000000000E+00,    2.8481843648E+02,    2.8481843648E+02,    0.0000000000E+00,    0.0000000000E+00,    0.0000000000E+00,    2.8481843648E+02
    181200,      0.676958,CP0_start,   1,    0.0000000000E+00,    2.8493262188E+02,    2.8493262188E+02,    0.0000000000E+00,    0.0000000000E+00,    0.0000000000E+00,    2.8493262188E+02
    181200,      0.676958,CP1_after_deposition,   1,    0.0000000000E+00,    2.8493262188E+02,    2.8493262188E+02,    0.0000000000E+00,    0.0000000000E+00,    0.0000000000E+00,    2.8493262188E+02
    181200,      0.676958,CP2_after_erosion,   1,    0.0000000000E+00,    2.8493262188E+02,    2.8493262188E+02,    0.0000000000E+00,    0.0000000000E+00,    0.0000000000E+00,    2.8493262188E+02
    181200,      0.676958,CP3_after_update_bottom,   1,    0.0000000000E+00,    2.8493262188E+02,    2.8493262188E+02,    0.0000000000E+00,    0.0000000000E+00,    0.0000000000E+00,    2.8493262188E+02
    181200,      0.676958,CP4_after_advection,   1,    0.0000000000E+00,    2.8492051973E+02,    2.8492051973E+02,    0.0000000000E+00,    0.0000000000E+00,    0.0000000000E+00,    2.8492051973E+02
    181200,      0.676958,CP5_after_vdif,   1,    0.0000000000E+00,    2.8492051973E+02,    2.8492051973E+02,    0.0000000000E+00,    0.0000000000E+00,    0.0000000000E+00,    2.8492051973E+02
    181200,      0.676958,CP6_after_kinetics,   1,    0.0000000000E+00,    2.8492051973E+02,    2.8492051973E+02,    0.0000000000E+00,    0.0000000000E+00,    0.0000000000E+00,    2.8492051973E+02
    181200,      0.676958,CP7_after_upper_clamp,   1,    0.0000000000E+00,    2.8492051973E+02,    2.8492051973E+02,    0.0000000000E+00,    0.0000000000E+00,    0.0000000000E+00,    2.8492051973E+02
    181200,      0.676958,CP8_after_OBC,   1,    0.0000000000E+00,    2.8492051973E+02,    2.8492051973E+02,    0.0000000000E+00,    0.0000000000E+00,    0.0000000000E+00,    2.8492051973E+02
    181200,      0.676958,CP9_after_PTsource,   1,    0.0000000000E+00,    2.8492051973E+02,    2.8492051973E+02,    0.0000000000E+00,    0.0000000000E+00,    0.0000000000E+00,    2.8492051973E+02
    181200,      0.676958,CP10_after_neg_clamp,   1,    0.0000000000E+00,    2.8492051973E+02,    2.8492051973E+02,    0.0000000000E+00,    0.0000000000E+00,    0.0000000000E+00,    2.8492051973E+02
    181200,      0.676958,CP11_after_MPI,   1,    0.0000000000E+00,    2.8492051973E+02,    2.8492051973E+02,    0.0000000000E+00,    0.0000000000E+00,    0.0000000000E+00,    2.8492051973E+02
    181200,      0.676958,CP12_end,   1,    0.0000000000E+00,    2.8492051973E+02,    2.8492051973E+02,    0.0000000000E+00,    0.0000000000E+00,    0.0000000000E+00,    2.8492051973E+02
    181250,      0.676958,CP0_start,   1,    0.0000000000E+00,    2.8503582476E+02,    2.8503582476E+02,    0.0000000000E+00,    0.0000000000E+00,    0.0000000000E+00,    2.8503582476E+02
    181250,      0.676958,CP1_after_deposition,   1,    0.0000000000E+00,    2.8503582476E+02,    2.8503582476E+02,    0.0000000000E+00,    0.0000000000E+00,    0.0000000000E+00,    2.8503582476E+02
    181250,      0.676958,CP2_after_erosion,   1,    0.0000000000E+00,    2.8503582476E+02,    2.8503582476E+02,    0.0000000000E+00,    0.0000000000E+00,    0.0000000000E+00,    2.8503582476E+02
    181250,      0.676958,CP3_after_update_bottom,   1,    0.0000000000E+00,    2.8503582476E+02,    2.8503582476E+02,    0.0000000000E+00,    0.0000000000E+00,    0.0000000000E+00,    2.8503582476E+02
    181250,      0.676958,CP4_after_advection,   1,    0.0000000000E+00,    2.8502371107E+02,    2.8502371107E+02,    0.0000000000E+00,    0.0000000000E+00,    0.0000000000E+00,    2.8502371107E+02
    181250,      0.676958,CP5_after_vdif,   1,    0.0000000000E+00,    2.8502371107E+02,    2.8502371107E+02,    0.0000000000E+00,    0.0000000000E+00,    0.0000000000E+00,    2.8502371107E+02
    181250,      0.676958,CP6_after_kinetics,   1,    0.0000000000E+00,    2.8502371107E+02,    2.8502371107E+02,    0.0000000000E+00,    0.0000000000E+00,    0.0000000000E+00,    2.8502371107E+02
    181250,      0.676958,CP7_after_upper_clamp,   1,    0.0000000000E+00,    2.8502371107E+02,    2.8502371107E+02,    0.0000000000E+00,    0.0000000000E+00,    0.0000000000E+00,    2.8502371107E+02
    181250,      0.676958,CP8_after_OBC,   1,    0.0000000000E+00,    2.8502371107E+02,    2.8502371107E+02,    0.0000000000E+00,    0.0000000000E+00,    0.0000000000E+00,    2.8502371107E+02
    181250,      0.676958,CP9_after_PTsource,   1,    0.0000000000E+00,    2.8502371107E+02,    2.8502371107E+02,    0.0000000000E+00,    0.0000000000E+00,    0.0000000000E+00,    2.8502371107E+02
    181250,      0.676958,CP10_after_neg_clamp,   1,    0.0000000000E+00,    2.8502371107E+02,    2.8502371107E+02,    0.0000000000E+00,    0.0000000000E+00,    0.0000000000E+00,    2.8502371107E+02
    181250,      0.676958,CP11_after_MPI,   1,    0.0000000000E+00,    2.8502371107E+02,    2.8502371107E+02,    0.0000000000E+00,    0.0000000000E+00,    0.0000000000E+00,    2.8502371107E+02
    181250,      0.676958,CP12_end,   1,    0.0000000000E+00,    2.8502371107E+02,    2.8502371107E+02,    0.0000000000E+00,    0.0000000000E+00,    0.0000000000E+00,    2.8502371107E+02
    181300,      0.676958,CP0_start,   1,    0.0000000000E+00,    2.8513800513E+02,    2.8513800513E+02,    0.0000000000E+00,    0.0000000000E+00,    0.0000000000E+00,    2.8513800513E+02
    181300,      0.676958,CP1_after_deposition,   1,    0.0000000000E+00,    2.8513800513E+02,    2.8513800513E+02,    0.0000000000E+00,    0.0000000000E+00,    0.0000000000E+00,    2.8513800513E+02
    181300,      0.676958,CP2_after_erosion,   1,    0.0000000000E+00,    2.8513800513E+02,    2.8513800513E+02,    0.0000000000E+00,    0.0000000000E+00,    0.0000000000E+00,    2.8513800513E+02
    181300,      0.676958,CP3_after_update_bottom,   1,    0.0000000000E+00,    2.8513800513E+02,    2.8513800513E+02,    0.0000000000E+00,    0.0000000000E+00,    0.0000000000E+00,    2.8513800513E+02
    181300,      0.676958,CP4_after_advection,   1,    0.0000000000E+00,    2.8512585206E+02,    2.8512585206E+02,    0.0000000000E+00,    0.0000000000E+00,    0.0000000000E+00,    2.8512585206E+02
    181300,      0.676958,CP5_after_vdif,   1,    0.0000000000E+00,    2.8512585206E+02,    2.8512585206E+02,    0.0000000000E+00,    0.0000000000E+00,    0.0000000000E+00,    2.8512585206E+02
    181300,      0.676958,CP6_after_kinetics,   1,    0.0000000000E+00,    2.8512585206E+02,    2.8512585206E+02,    0.0000000000E+00,    0.0000000000E+00,    0.0000000000E+00,    2.8512585206E+02
    181300,      0.676958,CP7_after_upper_clamp,   1,    0.0000000000E+00,    2.8512585206E+02,    2.8512585206E+02,    0.0000000000E+00,    0.0000000000E+00,    0.0000000000E+00,    2.8512585206E+02
    181300,      0.676958,CP8_after_OBC,   1,    0.0000000000E+00,    2.8512585206E+02,    2.8512585206E+02,    0.0000000000E+00,    0.0000000000E+00,    0.0000000000E+00,    2.8512585206E+02
    181300,      0.676958,CP9_after_PTsource,   1,    0.0000000000E+00,    2.8512585206E+02,    2.8512585206E+02,    0.0000000000E+00,    0.0000000000E+00,    0.0000000000E+00,    2.8512585206E+02
    181300,      0.676958,CP10_after_neg_clamp,   1,    0.0000000000E+00,    2.8512585206E+02,    2.8512585206E+02,    0.0000000000E+00,    0.0000000000E+00,    0.0000000000E+00,    2.8512585206E+02
    181300,      0.676958,CP11_after_MPI,   1,    0.0000000000E+00,    2.8512585206E+02,    2.8512585206E+02,    0.0000000000E+00,    0.0000000000E+00,    0.0000000000E+00,    2.8512585206E+02
    181300,      0.676958,CP12_end,   1,    0.0000000000E+00,    2.8512585206E+02,    2.8512585206E+02,    0.0000000000E+00,    0.0000000000E+00,    0.0000000000E+00,    2.8512585206E+02
    181350,      0.676958,CP0_start,   1,    0.0000000000E+00,    2.8523794246E+02,    2.8523794246E+02,    0.0000000000E+00,    0.0000000000E+00,    0.0000000000E+00,    2.8523794246E+02
    181350,      0.676958,CP1_after_deposition,   1,    0.0000000000E+00,    2.8523794246E+02,    2.8523794246E+02,    0.0000000000E+00,    0.0000000000E+00,    0.0000000000E+00,    2.8523794246E+02
    181350,      0.676958,CP2_after_erosion,   1,    0.0000000000E+00,    2.8523794246E+02,    2.8523794246E+02,    0.0000000000E+00,    0.0000000000E+00,    0.0000000000E+00,    2.8523794246E+02
    181350,      0.676958,CP3_after_update_bottom,   1,    0.0000000000E+00,    2.8523794246E+02,    2.8523794246E+02,    0.0000000000E+00,    0.0000000000E+00,    0.0000000000E+00,    2.8523794246E+02
    181350,      0.676958,CP4_after_advection,   1,    0.0000000000E+00,    2.8522573753E+02,    2.8522573753E+02,    0.0000000000E+00,    0.0000000000E+00,    0.0000000000E+00,    2.8522573753E+02
    181350,      0.676958,CP5_after_vdif,   1,    0.0000000000E+00,    2.8522573753E+02,    2.8522573753E+02,    0.0000000000E+00,    0.0000000000E+00,    0.0000000000E+00,    2.8522573753E+02
    181350,      0.676958,CP6_after_kinetics,   1,    0.0000000000E+00,    2.8522573753E+02,    2.8522573753E+02,    0.0000000000E+00,    0.0000000000E+00,    0.0000000000E+00,    2.8522573753E+02
    181350,      0.676958,CP7_after_upper_clamp,   1,    0.0000000000E+00,    2.8522573753E+02,    2.8522573753E+02,    0.0000000000E+00,    0.0000000000E+00,    0.0000000000E+00,    2.8522573753E+02
    181350,      0.676958,CP8_after_OBC,   1,    0.0000000000E+00,    2.8522573753E+02,    2.8522573753E+02,    0.0000000000E+00,    0.0000000000E+00,    0.0000000000E+00,    2.8522573753E+02
    181350,      0.676958,CP9_after_PTsource,   1,    0.0000000000E+00,    2.8522573753E+02,    2.8522573753E+02,    0.0000000000E+00,    0.0000000000E+00,    0.0000000000E+00,    2.8522573753E+02
    181350,      0.676958,CP10_after_neg_clamp,   1,    0.0000000000E+00,    2.8522573753E+02,    2.8522573753E+02,    0.0000000000E+00,    0.0000000000E+00,    0.0000000000E+00,    2.8522573753E+02
    181350,      0.676958,CP11_after_MPI,   1,    0.0000000000E+00,    2.8522573753E+02,    2.8522573753E+02,    0.0000000000E+00,    0.0000000000E+00,    0.0000000000E+00,    2.8522573753E+02
    181350,      0.676958,CP12_end,   1,    0.0000000000E+00,    2.8522573753E+02,    2.8522573753E+02,    0.0000000000E+00,    0.0000000000E+00,    0.0000000000E+00,    2.8522573753E+02
    181400,      0.676958,CP0_start,   1,    0.0000000000E+00,    2.8533552278E+02,    2.8533552278E+02,    0.0000000000E+00,    0.0000000000E+00,    0.0000000000E+00,    2.8533552278E+02
    181400,      0.676958,CP1_after_deposition,   1,    0.0000000000E+00,    2.8533552278E+02,    2.8533552278E+02,    0.0000000000E+00,    0.0000000000E+00,    0.0000000000E+00,    2.8533552278E+02
    181400,      0.676958,CP2_after_erosion,   1,    0.0000000000E+00,    2.8533552278E+02,    2.8533552278E+02,    0.0000000000E+00,    0.0000000000E+00,    0.0000000000E+00,    2.8533552278E+02
    181400,      0.676958,CP3_after_update_bottom,   1,    0.0000000000E+00,    2.8533552278E+02,    2.8533552278E+02,    0.0000000000E+00,    0.0000000000E+00,    0.0000000000E+00,    2.8533552278E+02
    181400,      0.676958,CP4_after_advection,   1,    0.0000000000E+00,    2.8532327424E+02,    2.8532327424E+02,    0.0000000000E+00,    0.0000000000E+00,    0.0000000000E+00,    2.8532327424E+02
    181400,      0.676958,CP5_after_vdif,   1,    0.0000000000E+00,    2.8532327424E+02,    2.8532327424E+02,    0.0000000000E+00,    0.0000000000E+00,    0.0000000000E+00,    2.8532327424E+02
    181400,      0.676958,CP6_after_kinetics,   1,    0.0000000000E+00,    2.8532327424E+02,    2.8532327424E+02,    0.0000000000E+00,    0.0000000000E+00,    0.0000000000E+00,    2.8532327424E+02
    181400,      0.676958,CP7_after_upper_clamp,   1,    0.0000000000E+00,    2.8532327424E+02,    2.8532327424E+02,    0.0000000000E+00,    0.0000000000E+00,    0.0000000000E+00,    2.8532327424E+02
    181400,      0.676958,CP8_after_OBC,   1,    0.0000000000E+00,    2.8532327424E+02,    2.8532327424E+02,    0.0000000000E+00,    0.0000000000E+00,    0.0000000000E+00,    2.8532327424E+02
    181400,      0.676958,CP9_after_PTsource,   1,    0.0000000000E+00,    2.8532327424E+02,    2.8532327424E+02,    0.0000000000E+00,    0.0000000000E+00,    0.0000000000E+00,    2.8532327424E+02
    181400,      0.676958,CP10_after_neg_clamp,   1,    0.0000000000E+00,    2.8532327424E+02,    2.8532327424E+02,    0.0000000000E+00,    0.0000000000E+00,    0.0000000000E+00,    2.8532327424E+02
    181400,      0.676958,CP11_after_MPI,   1,    0.0000000000E+00,    2.8532327424E+02,    2.8532327424E+02,    0.0000000000E+00,    0.0000000000E+00,    0.0000000000E+00,    2.8532327424E+02
    181400,      0.676958,CP12_end,   1,    0.0000000000E+00,    2.8532327424E+02,    2.8532327424E+02,    0.0000000000E+00,    0.0000000000E+00,    0.0000000000E+00,    2.8532327424E+02
    181450,      0.676958,CP0_start,   1,    0.0000000000E+00,    2.8543140421E+02,    2.8543140421E+02,    0.0000000000E+00,    0.0000000000E+00,    0.0000000000E+00,    2.8543140421E+02
    181450,      0.676958,CP1_after_deposition,   1,    0.0000000000E+00,    2.8543140421E+02,    2.8543140421E+02,    0.0000000000E+00,    0.0000000000E+00,    0.0000000000E+00,    2.8543140421E+02
    181450,      0.676958,CP2_after_erosion,   1,    0.0000000000E+00,    2.8543140421E+02,    2.8543140421E+02,    0.0000000000E+00,    0.0000000000E+00,    0.0000000000E+00,    2.8543140421E+02
    181450,      0.676958,CP3_after_update_bottom,   1,    0.0000000000E+00,    2.8543140421E+02,    2.8543140421E+02,    0.0000000000E+00,    0.0000000000E+00,    0.0000000000E+00,    2.8543140421E+02
    181450,      0.676958,CP4_after_advection,   1,    0.0000000000E+00,    2.8541914029E+02,    2.8541914029E+02,    0.0000000000E+00,    0.0000000000E+00,    0.0000000000E+00,    2.8541914029E+02
    181450,      0.676958,CP5_after_vdif,   1,    0.0000000000E+00,    2.8541914029E+02,    2.8541914029E+02,    0.0000000000E+00,    0.0000000000E+00,    0.0000000000E+00,    2.8541914029E+02
    181450,      0.676958,CP6_after_kinetics,   1,    0.0000000000E+00,    2.8541914029E+02,    2.8541914029E+02,    0.0000000000E+00,    0.0000000000E+00,    0.0000000000E+00,    2.8541914029E+02
    181450,      0.676958,CP7_after_upper_clamp,   1,    0.0000000000E+00,    2.8541914029E+02,    2.8541914029E+02,    0.0000000000E+00,    0.0000000000E+00,    0.0000000000E+00,    2.8541914029E+02
    181450,      0.676958,CP8_after_OBC,   1,    0.0000000000E+00,    2.8541914029E+02,    2.8541914029E+02,    0.0000000000E+00,    0.0000000000E+00,    0.0000000000E+00,    2.8541914029E+02
    181450,      0.676958,CP9_after_PTsource,   1,    0.0000000000E+00,    2.8541914029E+02,    2.8541914029E+02,    0.0000000000E+00,    0.0000000000E+00,    0.0000000000E+00,    2.8541914029E+02
    181450,      0.676958,CP10_after_neg_clamp,   1,    0.0000000000E+00,    2.8541914029E+02,    2.8541914029E+02,    0.0000000000E+00,    0.0000000000E+00,    0.0000000000E+00,    2.8541914029E+02
    181450,      0.676958,CP11_after_MPI,   1,    0.0000000000E+00,    2.8541914029E+02,    2.8541914029E+02,    0.0000000000E+00,    0.0000000000E+00,    0.0000000000E+00,    2.8541914029E+02
    181450,      0.676958,CP12_end,   1,    0.0000000000E+00,    2.8541914029E+02,    2.8541914029E+02,    0.0000000000E+00,    0.0000000000E+00,    0.0000000000E+00,    2.8541914029E+02
    181500,      0.676958,CP0_start,   1,    0.0000000000E+00,    2.8552704371E+02,    2.8552704371E+02,    0.0000000000E+00,    0.0000000000E+00,    0.0000000000E+00,    2.8552704371E+02
    181500,      0.676958,CP1_after_deposition,   1,    0.0000000000E+00,    2.8552704371E+02,    2.8552704371E+02,    0.0000000000E+00,    0.0000000000E+00,    0.0000000000E+00,    2.8552704371E+02
    181500,      0.676958,CP2_after_erosion,   1,    0.0000000000E+00,    2.8552704371E+02,    2.8552704371E+02,    0.0000000000E+00,    0.0000000000E+00,    0.0000000000E+00,    2.8552704371E+02
    181500,      0.676958,CP3_after_update_bottom,   1,    0.0000000000E+00,    2.8552704371E+02,    2.8552704371E+02,    0.0000000000E+00,    0.0000000000E+00,    0.0000000000E+00,    2.8552704371E+02
    181500,      0.676958,CP4_after_advection,   1,    0.0000000000E+00,    2.8551479767E+02,    2.8551479767E+02,    0.0000000000E+00,    0.0000000000E+00,    0.0000000000E+00,    2.8551479767E+02
    181500,      0.676958,CP5_after_vdif,   1,    0.0000000000E+00,    2.8551479767E+02,    2.8551479767E+02,    0.0000000000E+00,    0.0000000000E+00,    0.0000000000E+00,    2.8551479767E+02
    181500,      0.676958,CP6_after_kinetics,   1,    0.0000000000E+00,    2.8551479767E+02,    2.8551479767E+02,    0.0000000000E+00,    0.0000000000E+00,    0.0000000000E+00,    2.8551479767E+02
    181500,      0.676958,CP7_after_upper_clamp,   1,    0.0000000000E+00,    2.8551479767E+02,    2.8551479767E+02,    0.0000000000E+00,    0.0000000000E+00,    0.0000000000E+00,    2.8551479767E+02
    181500,      0.676958,CP8_after_OBC,   1,    0.0000000000E+00,    2.8551479767E+02,    2.8551479767E+02,    0.0000000000E+00,    0.0000000000E+00,    0.0000000000E+00,    2.8551479767E+02
    181500,      0.676958,CP9_after_PTsource,   1,    0.0000000000E+00,    2.8551479767E+02,    2.8551479767E+02,    0.0000000000E+00,    0.0000000000E+00,    0.0000000000E+00,    2.8551479767E+02
    181500,      0.676958,CP10_after_neg_clamp,   1,    0.0000000000E+00,    2.8551479767E+02,    2.8551479767E+02,    0.0000000000E+00,    0.0000000000E+00,    0.0000000000E+00,    2.8551479767E+02
    181500,      0.676958,CP11_after_MPI,   1,    0.0000000000E+00,    2.8551479767E+02,    2.8551479767E+02,    0.0000000000E+00,    0.0000000000E+00,    0.0000000000E+00,    2.8551479767E+02
    181500,      0.676958,CP12_end,   1,    0.0000000000E+00,    2.8551479767E+02,    2.8551479767E+02,    0.0000000000E+00,    0.0000000000E+00,    0.0000000000E+00,    2.8551479767E+02
    181550,      0.676958,CP0_start,   1,    0.0000000000E+00,    2.8562411067E+02,    2.8562411067E+02,    0.0000000000E+00,    0.0000000000E+00,    0.0000000000E+00,    2.8562411067E+02
    181550,      0.676958,CP1_after_deposition,   1,    0.0000000000E+00,    2.8562411067E+02,    2.8562411067E+02,    0.0000000000E+00,    0.0000000000E+00,    0.0000000000E+00,    2.8562411067E+02
    181550,      0.676958,CP2_after_erosion,   1,    0.0000000000E+00,    2.8562411067E+02,    2.8562411067E+02,    0.0000000000E+00,    0.0000000000E+00,    0.0000000000E+00,    2.8562411067E+02
    181550,      0.676958,CP3_after_update_bottom,   1,    0.0000000000E+00,    2.8562411067E+02,    2.8562411067E+02,    0.0000000000E+00,    0.0000000000E+00,    0.0000000000E+00,    2.8562411067E+02
    181550,      0.676958,CP4_after_advection,   1,    0.0000000000E+00,    2.8561191791E+02,    2.8561191791E+02,    0.0000000000E+00,    0.0000000000E+00,    0.0000000000E+00,    2.8561191791E+02
    181550,      0.676958,CP5_after_vdif,   1,    0.0000000000E+00,    2.8561191791E+02,    2.8561191791E+02,    0.0000000000E+00,    0.0000000000E+00,    0.0000000000E+00,    2.8561191791E+02
    181550,      0.676958,CP6_after_kinetics,   1,    0.0000000000E+00,    2.8561191791E+02,    2.8561191791E+02,    0.0000000000E+00,    0.0000000000E+00,    0.0000000000E+00,    2.8561191791E+02
    181550,      0.676958,CP7_after_upper_clamp,   1,    0.0000000000E+00,    2.8561191791E+02,    2.8561191791E+02,    0.0000000000E+00,    0.0000000000E+00,    0.0000000000E+00,    2.8561191791E+02
    181550,      0.676958,CP8_after_OBC,   1,    0.0000000000E+00,    2.8561191791E+02,    2.8561191791E+02,    0.0000000000E+00,    0.0000000000E+00,    0.0000000000E+00,    2.8561191791E+02
    181550,      0.676958,CP9_after_PTsource,   1,    0.0000000000E+00,    2.8561191791E+02,    2.8561191791E+02,    0.0000000000E+00,    0.0000000000E+00,    0.0000000000E+00,    2.8561191791E+02
    181550,      0.676958,CP10_after_neg_clamp,   1,    0.0000000000E+00,    2.8561191791E+02,    2.8561191791E+02,    0.0000000000E+00,    0.0000000000E+00,    0.0000000000E+00,    2.8561191791E+02
    181550,      0.676958,CP11_after_MPI,   1,    0.0000000000E+00,    2.8561191791E+02,    2.8561191791E+02,    0.0000000000E+00,    0.0000000000E+00,    0.0000000000E+00,    2.8561191791E+02
    181550,      0.676958,CP12_end,   1,    0.0000000000E+00,    2.8561191791E+02,    2.8561191791E+02,    0.0000000000E+00,    0.0000000000E+00,    0.0000000000E+00,    2.8561191791E+02
    181600,      0.676958,CP0_start,   1,    0.0000000000E+00,    2.8572362566E+02,    2.8572362566E+02,    0.0000000000E+00,    0.0000000000E+00,    0.0000000000E+00,    2.8572362566E+02
    181600,      0.676958,CP1_after_deposition,   1,    0.0000000000E+00,    2.8572362566E+02,    2.8572362566E+02,    0.0000000000E+00,    0.0000000000E+00,    0.0000000000E+00,    2.8572362566E+02
    181600,      0.676958,CP2_after_erosion,   1,    0.0000000000E+00,    2.8572362566E+02,    2.8572362566E+02,    0.0000000000E+00,    0.0000000000E+00,    0.0000000000E+00,    2.8572362566E+02
    181600,      0.676958,CP3_after_update_bottom,   1,    0.0000000000E+00,    2.8572362566E+02,    2.8572362566E+02,    0.0000000000E+00,    0.0000000000E+00,    0.0000000000E+00,    2.8572362566E+02
    181600,      0.676958,CP4_after_advection,   1,    0.0000000000E+00,    2.8571150732E+02,    2.8571150732E+02,    0.0000000000E+00,    0.0000000000E+00,    0.0000000000E+00,    2.8571150732E+02
    181600,      0.676958,CP5_after_vdif,   1,    0.0000000000E+00,    2.8571150732E+02,    2.8571150732E+02,    0.0000000000E+00,    0.0000000000E+00,    0.0000000000E+00,    2.8571150732E+02
    181600,      0.676958,CP6_after_kinetics,   1,    0.0000000000E+00,    2.8571150732E+02,    2.8571150732E+02,    0.0000000000E+00,    0.0000000000E+00,    0.0000000000E+00,    2.8571150732E+02
    181600,      0.676958,CP7_after_upper_clamp,   1,    0.0000000000E+00,    2.8571150732E+02,    2.8571150732E+02,    0.0000000000E+00,    0.0000000000E+00,    0.0000000000E+00,    2.8571150732E+02
    181600,      0.676958,CP8_after_OBC,   1,    0.0000000000E+00,    2.8571150732E+02,    2.8571150732E+02,    0.0000000000E+00,    0.0000000000E+00,    0.0000000000E+00,    2.8571150732E+02
    181600,      0.676958,CP9_after_PTsource,   1,    0.0000000000E+00,    2.8571150732E+02,    2.8571150732E+02,    0.0000000000E+00,    0.0000000000E+00,    0.0000000000E+00,    2.8571150732E+02
    181600,      0.676958,CP10_after_neg_clamp,   1,    0.0000000000E+00,    2.8571150732E+02,    2.8571150732E+02,    0.0000000000E+00,    0.0000000000E+00,    0.0000000000E+00,    2.8571150732E+02
    181600,      0.676958,CP11_after_MPI,   1,    0.0000000000E+00,    2.8571150732E+02,    2.8571150732E+02,    0.0000000000E+00,    0.0000000000E+00,    0.0000000000E+00,    2.8571150732E+02
    181600,      0.676958,CP12_end,   1,    0.0000000000E+00,    2.8571150732E+02,    2.8571150732E+02,    0.0000000000E+00,    0.0000000000E+00,    0.0000000000E+00,    2.8571150732E+02
    181650,      0.676958,CP0_start,   1,    0.0000000000E+00,    2.8582605411E+02,    2.8582605411E+02,    0.0000000000E+00,    0.0000000000E+00,    0.0000000000E+00,    2.8582605411E+02
    181650,      0.676958,CP1_after_deposition,   1,    0.0000000000E+00,    2.8582605411E+02,    2.8582605411E+02,    0.0000000000E+00,    0.0000000000E+00,    0.0000000000E+00,    2.8582605411E+02
    181650,      0.676958,CP2_after_erosion,   1,    0.0000000000E+00,    2.8582605411E+02,    2.8582605411E+02,    0.0000000000E+00,    0.0000000000E+00,    0.0000000000E+00,    2.8582605411E+02
    181650,      0.676958,CP3_after_update_bottom,   1,    0.0000000000E+00,    2.8582605411E+02,    2.8582605411E+02,    0.0000000000E+00,    0.0000000000E+00,    0.0000000000E+00,    2.8582605411E+02
    181650,      0.676958,CP4_after_advection,   1,    0.0000000000E+00,    2.8581402460E+02,    2.8581402460E+02,    0.0000000000E+00,    0.0000000000E+00,    0.0000000000E+00,    2.8581402460E+02
    181650,      0.676958,CP5_after_vdif,   1,    0.0000000000E+00,    2.8581402460E+02,    2.8581402460E+02,    0.0000000000E+00,    0.0000000000E+00,    0.0000000000E+00,    2.8581402460E+02
    181650,      0.676958,CP6_after_kinetics,   1,    0.0000000000E+00,    2.8581402460E+02,    2.8581402460E+02,    0.0000000000E+00,    0.0000000000E+00,    0.0000000000E+00,    2.8581402460E+02
    181650,      0.676958,CP7_after_upper_clamp,   1,    0.0000000000E+00,    2.8581402460E+02,    2.8581402460E+02,    0.0000000000E+00,    0.0000000000E+00,    0.0000000000E+00,    2.8581402460E+02
    181650,      0.676958,CP8_after_OBC,   1,    0.0000000000E+00,    2.8581402460E+02,    2.8581402460E+02,    0.0000000000E+00,    0.0000000000E+00,    0.0000000000E+00,    2.8581402460E+02
    181650,      0.676958,CP9_after_PTsource,   1,    0.0000000000E+00,    2.8581402460E+02,    2.8581402460E+02,    0.0000000000E+00,    0.0000000000E+00,    0.0000000000E+00,    2.8581402460E+02
    181650,      0.676958,CP10_after_neg_clamp,   1,    0.0000000000E+00,    2.8581402460E+02,    2.8581402460E+02,    0.0000000000E+00,    0.0000000000E+00,    0.0000000000E+00,    2.8581402460E+02
    181650,      0.676958,CP11_after_MPI,   1,    0.0000000000E+00,    2.8581402460E+02,    2.8581402460E+02,    0.0000000000E+00,    0.0000000000E+00,    0.0000000000E+00,    2.8581402460E+02
    181650,      0.676958,CP12_end,   1,    0.0000000000E+00,    2.8581402460E+02,    2.8581402460E+02,    0.0000000000E+00,    0.0000000000E+00,    0.0000000000E+00,    2.8581402460E+02
    181700,      0.676958,CP0_start,   1,    0.0000000000E+00,    2.8593173239E+02,    2.8593173239E+02,    0.0000000000E+00,    0.0000000000E+00,    0.0000000000E+00,    2.8593173239E+02
    181700,      0.676958,CP1_after_deposition,   1,    0.0000000000E+00,    2.8593173239E+02,    2.8593173239E+02,    0.0000000000E+00,    0.0000000000E+00,    0.0000000000E+00,    2.8593173239E+02
    181700,      0.676958,CP2_after_erosion,   1,    0.0000000000E+00,    2.8593173239E+02,    2.8593173239E+02,    0.0000000000E+00,    0.0000000000E+00,    0.0000000000E+00,    2.8593173239E+02
    181700,      0.676958,CP3_after_update_bottom,   1,    0.0000000000E+00,    2.8593173239E+02,    2.8593173239E+02,    0.0000000000E+00,    0.0000000000E+00,    0.0000000000E+00,    2.8593173239E+02
    181700,      0.676958,CP4_after_advection,   1,    0.0000000000E+00,    2.8591980272E+02,    2.8591980272E+02,    0.0000000000E+00,    0.0000000000E+00,    0.0000000000E+00,    2.8591980272E+02
    181700,      0.676958,CP5_after_vdif,   1,    0.0000000000E+00,    2.8591980272E+02,    2.8591980272E+02,    0.0000000000E+00,    0.0000000000E+00,    0.0000000000E+00,    2.8591980272E+02
    181700,      0.676958,CP6_after_kinetics,   1,    0.0000000000E+00,    2.8591980272E+02,    2.8591980272E+02,    0.0000000000E+00,    0.0000000000E+00,    0.0000000000E+00,    2.8591980272E+02
    181700,      0.676958,CP7_after_upper_clamp,   1,    0.0000000000E+00,    2.8591980272E+02,    2.8591980272E+02,    0.0000000000E+00,    0.0000000000E+00,    0.0000000000E+00,    2.8591980272E+02
    181700,      0.676958,CP8_after_OBC,   1,    0.0000000000E+00,    2.8591980272E+02,    2.8591980272E+02,    0.0000000000E+00,    0.0000000000E+00,    0.0000000000E+00,    2.8591980272E+02
    181700,      0.676958,CP9_after_PTsource,   1,    0.0000000000E+00,    2.8591980272E+02,    2.8591980272E+02,    0.0000000000E+00,    0.0000000000E+00,    0.0000000000E+00,    2.8591980272E+02
    181700,      0.676958,CP10_after_neg_clamp,   1,    0.0000000000E+00,    2.8591980272E+02,    2.8591980272E+02,    0.0000000000E+00,    0.0000000000E+00,    0.0000000000E+00,    2.8591980272E+02
    181700,      0.676958,CP11_after_MPI,   1,    0.0000000000E+00,    2.8591980272E+02,    2.8591980272E+02,    0.0000000000E+00,    0.0000000000E+00,    0.0000000000E+00,    2.8591980272E+02
    181700,      0.676958,CP12_end,   1,    0.0000000000E+00,    2.8591980272E+02,    2.8591980272E+02,    0.0000000000E+00,    0.0000000000E+00,    0.0000000000E+00,    2.8591980272E+02
    181750,      0.676958,CP0_start,   1,    0.0000000000E+00,    2.8604087591E+02,    2.8604087591E+02,    0.0000000000E+00,    0.0000000000E+00,    0.0000000000E+00,    2.8604087591E+02
    181750,      0.676958,CP1_after_deposition,   1,    0.0000000000E+00,    2.8604087591E+02,    2.8604087591E+02,    0.0000000000E+00,    0.0000000000E+00,    0.0000000000E+00,    2.8604087591E+02
    181750,      0.676958,CP2_after_erosion,   1,    0.0000000000E+00,    2.8604087591E+02,    2.8604087591E+02,    0.0000000000E+00,    0.0000000000E+00,    0.0000000000E+00,    2.8604087591E+02
    181750,      0.676958,CP3_after_update_bottom,   1,    0.0000000000E+00,    2.8604087591E+02,    2.8604087591E+02,    0.0000000000E+00,    0.0000000000E+00,    0.0000000000E+00,    2.8604087591E+02
    181750,      0.676958,CP4_after_advection,   1,    0.0000000000E+00,    2.8602904340E+02,    2.8602904340E+02,    0.0000000000E+00,    0.0000000000E+00,    0.0000000000E+00,    2.8602904340E+02
    181750,      0.676958,CP5_after_vdif,   1,    0.0000000000E+00,    2.8602904340E+02,    2.8602904340E+02,    0.0000000000E+00,    0.0000000000E+00,    0.0000000000E+00,    2.8602904340E+02
    181750,      0.676958,CP6_after_kinetics,   1,    0.0000000000E+00,    2.8602904340E+02,    2.8602904340E+02,    0.0000000000E+00,    0.0000000000E+00,    0.0000000000E+00,    2.8602904340E+02
    181750,      0.676958,CP7_after_upper_clamp,   1,    0.0000000000E+00,    2.8602904340E+02,    2.8602904340E+02,    0.0000000000E+00,    0.0000000000E+00,    0.0000000000E+00,    2.8602904340E+02
    181750,      0.676958,CP8_after_OBC,   1,    0.0000000000E+00,    2.8602904340E+02,    2.8602904340E+02,    0.0000000000E+00,    0.0000000000E+00,    0.0000000000E+00,    2.8602904340E+02
    181750,      0.676958,CP9_after_PTsource,   1,    0.0000000000E+00,    2.8602904340E+02,    2.8602904340E+02,    0.0000000000E+00,    0.0000000000E+00,    0.0000000000E+00,    2.8602904340E+02
    181750,      0.676958,CP10_after_neg_clamp,   1,    0.0000000000E+00,    2.8602904340E+02,    2.8602904340E+02,    0.0000000000E+00,    0.0000000000E+00,    0.0000000000E+00,    2.8602904340E+02
    181750,      0.676958,CP11_after_MPI,   1,    0.0000000000E+00,    2.8602904340E+02,    2.8602904340E+02,    0.0000000000E+00,    0.0000000000E+00,    0.0000000000E+00,    2.8602904340E+02
    181750,      0.676958,CP12_end,   1,    0.0000000000E+00,    2.8602904340E+02,    2.8602904340E+02,    0.0000000000E+00,    0.0000000000E+00,    0.0000000000E+00,    2.8602904340E+02
    181800,      0.676958,CP0_start,   1,    0.0000000000E+00,    2.8615349905E+02,    2.8615349905E+02,    0.0000000000E+00,    0.0000000000E+00,    0.0000000000E+00,    2.8615349905E+02
    181800,      0.676958,CP1_after_deposition,   1,    0.0000000000E+00,    2.8615349905E+02,    2.8615349905E+02,    0.0000000000E+00,    0.0000000000E+00,    0.0000000000E+00,    2.8615349905E+02
    181800,      0.676958,CP2_after_erosion,   1,    0.0000000000E+00,    2.8615349905E+02,    2.8615349905E+02,    0.0000000000E+00,    0.0000000000E+00,    0.0000000000E+00,    2.8615349905E+02
    181800,      0.676958,CP3_after_update_bottom,   1,    0.0000000000E+00,    2.8615349905E+02,    2.8615349905E+02,    0.0000000000E+00,    0.0000000000E+00,    0.0000000000E+00,    2.8615349905E+02
    181800,      0.676958,CP4_after_advection,   1,    0.0000000000E+00,    2.8614176735E+02,    2.8614176735E+02,    0.0000000000E+00,    0.0000000000E+00,    0.0000000000E+00,    2.8614176735E+02
    181800,      0.676958,CP5_after_vdif,   1,    0.0000000000E+00,    2.8614176735E+02,    2.8614176735E+02,    0.0000000000E+00,    0.0000000000E+00,    0.0000000000E+00,    2.8614176735E+02
    181800,      0.676958,CP6_after_kinetics,   1,    0.0000000000E+00,    2.8614176735E+02,    2.8614176735E+02,    0.0000000000E+00,    0.0000000000E+00,    0.0000000000E+00,    2.8614176735E+02
    181800,      0.676958,CP7_after_upper_clamp,   1,    0.0000000000E+00,    2.8614176735E+02,    2.8614176735E+02,    0.0000000000E+00,    0.0000000000E+00,    0.0000000000E+00,    2.8614176735E+02
    181800,      0.676958,CP8_after_OBC,   1,    0.0000000000E+00,    2.8614176735E+02,    2.8614176735E+02,    0.0000000000E+00,    0.0000000000E+00,    0.0000000000E+00,    2.8614176735E+02
    181800,      0.676958,CP9_after_PTsource,   1,    0.0000000000E+00,    2.8614176735E+02,    2.8614176735E+02,    0.0000000000E+00,    0.0000000000E+00,    0.0000000000E+00,    2.8614176735E+02
    181800,      0.676958,CP10_after_neg_clamp,   1,    0.0000000000E+00,    2.8614176735E+02,    2.8614176735E+02,    0.0000000000E+00,    0.0000000000E+00,    0.0000000000E+00,    2.8614176735E+02
    181800,      0.676958,CP11_after_MPI,   1,    0.0000000000E+00,    2.8614176735E+02,    2.8614176735E+02,    0.0000000000E+00,    0.0000000000E+00,    0.0000000000E+00,    2.8614176735E+02
    181800,      0.676958,CP12_end,   1,    0.0000000000E+00,    2.8614176735E+02,    2.8614176735E+02,    0.0000000000E+00,    0.0000000000E+00,    0.0000000000E+00,    2.8614176735E+02
    181850,      0.676958,CP0_start,   1,    0.0000000000E+00,    2.8626993641E+02,    2.8626993641E+02,    0.0000000000E+00,    0.0000000000E+00,    0.0000000000E+00,    2.8626993641E+02
    181850,      0.676958,CP1_after_deposition,   1,    0.0000000000E+00,    2.8626993641E+02,    2.8626993641E+02,    0.0000000000E+00,    0.0000000000E+00,    0.0000000000E+00,    2.8626993641E+02
    181850,      0.676958,CP2_after_erosion,   1,    0.0000000000E+00,    2.8626993641E+02,    2.8626993641E+02,    0.0000000000E+00,    0.0000000000E+00,    0.0000000000E+00,    2.8626993641E+02
    181850,      0.676958,CP3_after_update_bottom,   1,    0.0000000000E+00,    2.8626993641E+02,    2.8626993641E+02,    0.0000000000E+00,    0.0000000000E+00,    0.0000000000E+00,    2.8626993641E+02
    181850,      0.676958,CP4_after_advection,   1,    0.0000000000E+00,    2.8625831800E+02,    2.8625831800E+02,    0.0000000000E+00,    0.0000000000E+00,    0.0000000000E+00,    2.8625831800E+02
    181850,      0.676958,CP5_after_vdif,   1,    0.0000000000E+00,    2.8625831800E+02,    2.8625831800E+02,    0.0000000000E+00,    0.0000000000E+00,    0.0000000000E+00,    2.8625831800E+02
    181850,      0.676958,CP6_after_kinetics,   1,    0.0000000000E+00,    2.8625831800E+02,    2.8625831800E+02,    0.0000000000E+00,    0.0000000000E+00,    0.0000000000E+00,    2.8625831800E+02
    181850,      0.676958,CP7_after_upper_clamp,   1,    0.0000000000E+00,    2.8625831800E+02,    2.8625831800E+02,    0.0000000000E+00,    0.0000000000E+00,    0.0000000000E+00,    2.8625831800E+02
    181850,      0.676958,CP8_after_OBC,   1,    0.0000000000E+00,    2.8625831800E+02,    2.8625831800E+02,    0.0000000000E+00,    0.0000000000E+00,    0.0000000000E+00,    2.8625831800E+02
    181850,      0.676958,CP9_after_PTsource,   1,    0.0000000000E+00,    2.8625831800E+02,    2.8625831800E+02,    0.0000000000E+00,    0.0000000000E+00,    0.0000000000E+00,    2.8625831800E+02
    181850,      0.676958,CP10_after_neg_clamp,   1,    0.0000000000E+00,    2.8625831800E+02,    2.8625831800E+02,    0.0000000000E+00,    0.0000000000E+00,    0.0000000000E+00,    2.8625831800E+02
    181850,      0.676958,CP11_after_MPI,   1,    0.0000000000E+00,    2.8625831800E+02,    2.8625831800E+02,    0.0000000000E+00,    0.0000000000E+00,    0.0000000000E+00,    2.8625831800E+02
    181850,      0.676958,CP12_end,   1,    0.0000000000E+00,    2.8625831800E+02,    2.8625831800E+02,    0.0000000000E+00,    0.0000000000E+00,    0.0000000000E+00,    2.8625831800E+02
    181900,      0.676958,CP0_start,   1,    0.0000000000E+00,    2.8639045123E+02,    2.8639045123E+02,    0.0000000000E+00,    0.0000000000E+00,    0.0000000000E+00,    2.8639045123E+02
    181900,      0.676958,CP1_after_deposition,   1,    0.0000000000E+00,    2.8639045123E+02,    2.8639045123E+02,    0.0000000000E+00,    0.0000000000E+00,    0.0000000000E+00,    2.8639045123E+02
    181900,      0.676958,CP2_after_erosion,   1,    0.0000000000E+00,    2.8639045123E+02,    2.8639045123E+02,    0.0000000000E+00,    0.0000000000E+00,    0.0000000000E+00,    2.8639045123E+02
    181900,      0.676958,CP3_after_update_bottom,   1,    0.0000000000E+00,    2.8639045123E+02,    2.8639045123E+02,    0.0000000000E+00,    0.0000000000E+00,    0.0000000000E+00,    2.8639045123E+02
    181900,      0.676958,CP4_after_advection,   1,    0.0000000000E+00,    2.8637894158E+02,    2.8637894158E+02,    0.0000000000E+00,    0.0000000000E+00,    0.0000000000E+00,    2.8637894158E+02
    181900,      0.676958,CP5_after_vdif,   1,    0.0000000000E+00,    2.8637894158E+02,    2.8637894158E+02,    0.0000000000E+00,    0.0000000000E+00,    0.0000000000E+00,    2.8637894158E+02
    181900,      0.676958,CP6_after_kinetics,   1,    0.0000000000E+00,    2.8637894158E+02,    2.8637894158E+02,    0.0000000000E+00,    0.0000000000E+00,    0.0000000000E+00,    2.8637894158E+02
    181900,      0.676958,CP7_after_upper_clamp,   1,    0.0000000000E+00,    2.8637894158E+02,    2.8637894158E+02,    0.0000000000E+00,    0.0000000000E+00,    0.0000000000E+00,    2.8637894158E+02
    181900,      0.676958,CP8_after_OBC,   1,    0.0000000000E+00,    2.8637894158E+02,    2.8637894158E+02,    0.0000000000E+00,    0.0000000000E+00,    0.0000000000E+00,    2.8637894158E+02
    181900,      0.676958,CP9_after_PTsource,   1,    0.0000000000E+00,    2.8637894158E+02,    2.8637894158E+02,    0.0000000000E+00,    0.0000000000E+00,    0.0000000000E+00,    2.8637894158E+02
    181900,      0.676958,CP10_after_neg_clamp,   1,    0.0000000000E+00,    2.8637894158E+02,    2.8637894158E+02,    0.0000000000E+00,    0.0000000000E+00,    0.0000000000E+00,    2.8637894158E+02
    181900,      0.676958,CP11_after_MPI,   1,    0.0000000000E+00,    2.8637894158E+02,    2.8637894158E+02,    0.0000000000E+00,    0.0000000000E+00,    0.0000000000E+00,    2.8637894158E+02
    181900,      0.676958,CP12_end,   1,    0.0000000000E+00,    2.8637894158E+02,    2.8637894158E+02,    0.0000000000E+00,    0.0000000000E+00,    0.0000000000E+00,    2.8637894158E+02
    181950,      0.676958,CP0_start,   1,    0.0000000000E+00,    2.8651502716E+02,    2.8651502716E+02,    0.0000000000E+00,    0.0000000000E+00,    0.0000000000E+00,    2.8651502716E+02
    181950,      0.676958,CP1_after_deposition,   1,    0.0000000000E+00,    2.8651502716E+02,    2.8651502716E+02,    0.0000000000E+00,    0.0000000000E+00,    0.0000000000E+00,    2.8651502716E+02
    181950,      0.676958,CP2_after_erosion,   1,    0.0000000000E+00,    2.8651502716E+02,    2.8651502716E+02,    0.0000000000E+00,    0.0000000000E+00,    0.0000000000E+00,    2.8651502716E+02
    181950,      0.676958,CP3_after_update_bottom,   1,    0.0000000000E+00,    2.8651502716E+02,    2.8651502716E+02,    0.0000000000E+00,    0.0000000000E+00,    0.0000000000E+00,    2.8651502716E+02
    181950,      0.676958,CP4_after_advection,   1,    0.0000000000E+00,    2.8650363265E+02,    2.8650363265E+02,    0.0000000000E+00,    0.0000000000E+00,    0.0000000000E+00,    2.8650363265E+02
    181950,      0.676958,CP5_after_vdif,   1,    0.0000000000E+00,    2.8650363265E+02,    2.8650363265E+02,    0.0000000000E+00,    0.0000000000E+00,    0.0000000000E+00,    2.8650363265E+02
    181950,      0.676958,CP6_after_kinetics,   1,    0.0000000000E+00,    2.8650363265E+02,    2.8650363265E+02,    0.0000000000E+00,    0.0000000000E+00,    0.0000000000E+00,    2.8650363265E+02
    181950,      0.676958,CP7_after_upper_clamp,   1,    0.0000000000E+00,    2.8650363265E+02,    2.8650363265E+02,    0.0000000000E+00,    0.0000000000E+00,    0.0000000000E+00,    2.8650363265E+02
    181950,      0.676958,CP8_after_OBC,   1,    0.0000000000E+00,    2.8650363265E+02,    2.8650363265E+02,    0.0000000000E+00,    0.0000000000E+00,    0.0000000000E+00,    2.8650363265E+02
    181950,      0.676958,CP9_after_PTsource,   1,    0.0000000000E+00,    2.8650363265E+02,    2.8650363265E+02,    0.0000000000E+00,    0.0000000000E+00,    0.0000000000E+00,    2.8650363265E+02
    181950,      0.676958,CP10_after_neg_clamp,   1,    0.0000000000E+00,    2.8650363265E+02,    2.8650363265E+02,    0.0000000000E+00,    0.0000000000E+00,    0.0000000000E+00,    2.8650363265E+02
    181950,      0.676958,CP11_after_MPI,   1,    0.0000000000E+00,    2.8650363265E+02,    2.8650363265E+02,    0.0000000000E+00,    0.0000000000E+00,    0.0000000000E+00,    2.8650363265E+02
    181950,      0.676958,CP12_end,   1,    0.0000000000E+00,    2.8650363265E+02,    2.8650363265E+02,    0.0000000000E+00,    0.0000000000E+00,    0.0000000000E+00,    2.8650363265E+02
    182000,      0.676958,CP0_start,   1,    0.0000000000E+00,    2.8664332852E+02,    2.8664332852E+02,    0.0000000000E+00,    0.0000000000E+00,    0.0000000000E+00,    2.8664332852E+02
    182000,      0.676958,CP1_after_deposition,   1,    0.0000000000E+00,    2.8664332852E+02,    2.8664332852E+02,    0.0000000000E+00,    0.0000000000E+00,    0.0000000000E+00,    2.8664332852E+02
    182000,      0.676958,CP2_after_erosion,   1,    0.0000000000E+00,    2.8664332852E+02,    2.8664332852E+02,    0.0000000000E+00,    0.0000000000E+00,    0.0000000000E+00,    2.8664332852E+02
    182000,      0.676958,CP3_after_update_bottom,   1,    0.0000000000E+00,    2.8664332852E+02,    2.8664332852E+02,    0.0000000000E+00,    0.0000000000E+00,    0.0000000000E+00,    2.8664332852E+02
    182000,      0.676958,CP4_after_advection,   1,    0.0000000000E+00,    2.8663203215E+02,    2.8663203215E+02,    0.0000000000E+00,    0.0000000000E+00,    0.0000000000E+00,    2.8663203215E+02
    182000,      0.676958,CP5_after_vdif,   1,    0.0000000000E+00,    2.8663203215E+02,    2.8663203215E+02,    0.0000000000E+00,    0.0000000000E+00,    0.0000000000E+00,    2.8663203215E+02
    182000,      0.676958,CP6_after_kinetics,   1,    0.0000000000E+00,    2.8663203215E+02,    2.8663203215E+02,    0.0000000000E+00,    0.0000000000E+00,    0.0000000000E+00,    2.8663203215E+02
    182000,      0.676958,CP7_after_upper_clamp,   1,    0.0000000000E+00,    2.8663203215E+02,    2.8663203215E+02,    0.0000000000E+00,    0.0000000000E+00,    0.0000000000E+00,    2.8663203215E+02
    182000,      0.676958,CP8_after_OBC,   1,    0.0000000000E+00,    2.8663203215E+02,    2.8663203215E+02,    0.0000000000E+00,    0.0000000000E+00,    0.0000000000E+00,    2.8663203215E+02
    182000,      0.676958,CP9_after_PTsource,   1,    0.0000000000E+00,    2.8663203215E+02,    2.8663203215E+02,    0.0000000000E+00,    0.0000000000E+00,    0.0000000000E+00,    2.8663203215E+02
    182000,      0.676958,CP10_after_neg_clamp,   1,    0.0000000000E+00,    2.8663203215E+02,    2.8663203215E+02,    0.0000000000E+00,    0.0000000000E+00,    0.0000000000E+00,    2.8663203215E+02
    182000,      0.676958,CP11_after_MPI,   1,    0.0000000000E+00,    2.8663203215E+02,    2.8663203215E+02,    0.0000000000E+00,    0.0000000000E+00,    0.0000000000E+00,    2.8663203215E+02
    182000,      0.676958,CP12_end,   1,    0.0000000000E+00,    2.8663203215E+02,    2.8663203215E+02,    0.0000000000E+00,    0.0000000000E+00,    0.0000000000E+00,    2.8663203215E+02
    182050,      0.676958,CP0_start,   1,    0.0000000000E+00,    2.8677440089E+02,    2.8677440089E+02,    0.0000000000E+00,    0.0000000000E+00,    0.0000000000E+00,    2.8677440089E+02
    182050,      0.676958,CP1_after_deposition,   1,    0.0000000000E+00,    2.8677440089E+02,    2.8677440089E+02,    0.0000000000E+00,    0.0000000000E+00,    0.0000000000E+00,    2.8677440089E+02
    182050,      0.676958,CP2_after_erosion,   1,    0.0000000000E+00,    2.8677440089E+02,    2.8677440089E+02,    0.0000000000E+00,    0.0000000000E+00,    0.0000000000E+00,    2.8677440089E+02
    182050,      0.676958,CP3_after_update_bottom,   1,    0.0000000000E+00,    2.8677440089E+02,    2.8677440089E+02,    0.0000000000E+00,    0.0000000000E+00,    0.0000000000E+00,    2.8677440089E+02
    182050,      0.676958,CP4_after_advection,   1,    0.0000000000E+00,    2.8676318063E+02,    2.8676318063E+02,    0.0000000000E+00,    0.0000000000E+00,    0.0000000000E+00,    2.8676318063E+02
    182050,      0.676958,CP5_after_vdif,   1,    0.0000000000E+00,    2.8676318063E+02,    2.8676318063E+02,    0.0000000000E+00,    0.0000000000E+00,    0.0000000000E+00,    2.8676318063E+02
    182050,      0.676958,CP6_after_kinetics,   1,    0.0000000000E+00,    2.8676318063E+02,    2.8676318063E+02,    0.0000000000E+00,    0.0000000000E+00,    0.0000000000E+00,    2.8676318063E+02
    182050,      0.676958,CP7_after_upper_clamp,   1,    0.0000000000E+00,    2.8676318063E+02,    2.8676318063E+02,    0.0000000000E+00,    0.0000000000E+00,    0.0000000000E+00,    2.8676318063E+02
    182050,      0.676958,CP8_after_OBC,   1,    0.0000000000E+00,    2.8676318063E+02,    2.8676318063E+02,    0.0000000000E+00,    0.0000000000E+00,    0.0000000000E+00,    2.8676318063E+02
    182050,      0.676958,CP9_after_PTsource,   1,    0.0000000000E+00,    2.8676318063E+02,    2.8676318063E+02,    0.0000000000E+00,    0.0000000000E+00,    0.0000000000E+00,    2.8676318063E+02
    182050,      0.676958,CP10_after_neg_clamp,   1,    0.0000000000E+00,    2.8676318063E+02,    2.8676318063E+02,    0.0000000000E+00,    0.0000000000E+00,    0.0000000000E+00,    2.8676318063E+02
    182050,      0.676958,CP11_after_MPI,   1,    0.0000000000E+00,    2.8676318063E+02,    2.8676318063E+02,    0.0000000000E+00,    0.0000000000E+00,    0.0000000000E+00,    2.8676318063E+02
    182050,      0.676958,CP12_end,   1,    0.0000000000E+00,    2.8676318063E+02,    2.8676318063E+02,    0.0000000000E+00,    0.0000000000E+00,    0.0000000000E+00,    2.8676318063E+02
    182100,      0.676959,CP0_start,   1,    0.0000000000E+00,    2.8690691510E+02,    2.8690691510E+02,    0.0000000000E+00,    0.0000000000E+00,    0.0000000000E+00,    2.8690691510E+02
    182100,      0.676959,CP1_after_deposition,   1,    0.0000000000E+00,    2.8690691510E+02,    2.8690691510E+02,    0.0000000000E+00,    0.0000000000E+00,    0.0000000000E+00,    2.8690691510E+02
    182100,      0.676959,CP2_after_erosion,   1,    0.0000000000E+00,    2.8690691510E+02,    2.8690691510E+02,    0.0000000000E+00,    0.0000000000E+00,    0.0000000000E+00,    2.8690691510E+02
    182100,      0.676959,CP3_after_update_bottom,   1,    0.0000000000E+00,    2.8690691510E+02,    2.8690691510E+02,    0.0000000000E+00,    0.0000000000E+00,    0.0000000000E+00,    2.8690691510E+02
    182100,      0.676959,CP4_after_advection,   1,    0.0000000000E+00,    2.8689574524E+02,    2.8689574524E+02,    0.0000000000E+00,    0.0000000000E+00,    0.0000000000E+00,    2.8689574524E+02
    182100,      0.676959,CP5_after_vdif,   1,    0.0000000000E+00,    2.8689574524E+02,    2.8689574524E+02,    0.0000000000E+00,    0.0000000000E+00,    0.0000000000E+00,    2.8689574524E+02
    182100,      0.676959,CP6_after_kinetics,   1,    0.0000000000E+00,    2.8689574524E+02,    2.8689574524E+02,    0.0000000000E+00,    0.0000000000E+00,    0.0000000000E+00,    2.8689574524E+02
    182100,      0.676959,CP7_after_upper_clamp,   1,    0.0000000000E+00,    2.8689574524E+02,    2.8689574524E+02,    0.0000000000E+00,    0.0000000000E+00,    0.0000000000E+00,    2.8689574524E+02
    182100,      0.676959,CP8_after_OBC,   1,    0.0000000000E+00,    2.8689574524E+02,    2.8689574524E+02,    0.0000000000E+00,    0.0000000000E+00,    0.0000000000E+00,    2.8689574524E+02
    182100,      0.676959,CP9_after_PTsource,   1,    0.0000000000E+00,    2.8689574524E+02,    2.8689574524E+02,    0.0000000000E+00,    0.0000000000E+00,    0.0000000000E+00,    2.8689574524E+02
    182100,      0.676959,CP10_after_neg_clamp,   1,    0.0000000000E+00,    2.8689574524E+02,    2.8689574524E+02,    0.0000000000E+00,    0.0000000000E+00,    0.0000000000E+00,    2.8689574524E+02
    182100,      0.676959,CP11_after_MPI,   1,    0.0000000000E+00,    2.8689574524E+02,    2.8689574524E+02,    0.0000000000E+00,    0.0000000000E+00,    0.0000000000E+00,    2.8689574524E+02
    182100,      0.676959,CP12_end,   1,    0.0000000000E+00,    2.8689574524E+02,    2.8689574524E+02,    0.0000000000E+00,    0.0000000000E+00,    0.0000000000E+00,    2.8689574524E+02
    182150,      0.676959,CP0_start,   1,    0.0000000000E+00,    2.8703972772E+02,    2.8703972772E+02,    0.0000000000E+00,    0.0000000000E+00,    0.0000000000E+00,    2.8703972772E+02
    182150,      0.676959,CP1_after_deposition,   1,    0.0000000000E+00,    2.8703972772E+02,    2.8703972772E+02,    0.0000000000E+00,    0.0000000000E+00,    0.0000000000E+00,    2.8703972772E+02
    182150,      0.676959,CP2_after_erosion,   1,    0.0000000000E+00,    2.8703972772E+02,    2.8703972772E+02,    0.0000000000E+00,    0.0000000000E+00,    0.0000000000E+00,    2.8703972772E+02
    182150,      0.676959,CP3_after_update_bottom,   1,    0.0000000000E+00,    2.8703972772E+02,    2.8703972772E+02,    0.0000000000E+00,    0.0000000000E+00,    0.0000000000E+00,    2.8703972772E+02
    182150,      0.676959,CP4_after_advection,   1,    0.0000000000E+00,    2.8702858726E+02,    2.8702858726E+02,    0.0000000000E+00,    0.0000000000E+00,    0.0000000000E+00,    2.8702858726E+02
    182150,      0.676959,CP5_after_vdif,   1,    0.0000000000E+00,    2.8702858726E+02,    2.8702858726E+02,    0.0000000000E+00,    0.0000000000E+00,    0.0000000000E+00,    2.8702858726E+02
    182150,      0.676959,CP6_after_kinetics,   1,    0.0000000000E+00,    2.8702858726E+02,    2.8702858726E+02,    0.0000000000E+00,    0.0000000000E+00,    0.0000000000E+00,    2.8702858726E+02
    182150,      0.676959,CP7_after_upper_clamp,   1,    0.0000000000E+00,    2.8702858726E+02,    2.8702858726E+02,    0.0000000000E+00,    0.0000000000E+00,    0.0000000000E+00,    2.8702858726E+02
    182150,      0.676959,CP8_after_OBC,   1,    0.0000000000E+00,    2.8702858726E+02,    2.8702858726E+02,    0.0000000000E+00,    0.0000000000E+00,    0.0000000000E+00,    2.8702858726E+02
    182150,      0.676959,CP9_after_PTsource,   1,    0.0000000000E+00,    2.8702858726E+02,    2.8702858726E+02,    0.0000000000E+00,    0.0000000000E+00,    0.0000000000E+00,    2.8702858726E+02
    182150,      0.676959,CP10_after_neg_clamp,   1,    0.0000000000E+00,    2.8702858726E+02,    2.8702858726E+02,    0.0000000000E+00,    0.0000000000E+00,    0.0000000000E+00,    2.8702858726E+02
    182150,      0.676959,CP11_after_MPI,   1,    0.0000000000E+00,    2.8702858726E+02,    2.8702858726E+02,    0.0000000000E+00,    0.0000000000E+00,    0.0000000000E+00,    2.8702858726E+02
    182150,      0.676959,CP12_end,   1,    0.0000000000E+00,    2.8702858726E+02,    2.8702858726E+02,    0.0000000000E+00,    0.0000000000E+00,    0.0000000000E+00,    2.8702858726E+02
    182200,      0.676959,CP0_start,   1,    0.0000000000E+00,    2.8717198107E+02,    2.8717198107E+02,    0.0000000000E+00,    0.0000000000E+00,    0.0000000000E+00,    2.8717198107E+02
    182200,      0.676959,CP1_after_deposition,   1,    0.0000000000E+00,    2.8717198107E+02,    2.8717198107E+02,    0.0000000000E+00,    0.0000000000E+00,    0.0000000000E+00,    2.8717198107E+02
    182200,      0.676959,CP2_after_erosion,   1,    0.0000000000E+00,    2.8717198107E+02,    2.8717198107E+02,    0.0000000000E+00,    0.0000000000E+00,    0.0000000000E+00,    2.8717198107E+02
    182200,      0.676959,CP3_after_update_bottom,   1,    0.0000000000E+00,    2.8717198107E+02,    2.8717198107E+02,    0.0000000000E+00,    0.0000000000E+00,    0.0000000000E+00,    2.8717198107E+02
    182200,      0.676959,CP4_after_advection,   1,    0.0000000000E+00,    2.8716085489E+02,    2.8716085489E+02,    0.0000000000E+00,    0.0000000000E+00,    0.0000000000E+00,    2.8716085489E+02
    182200,      0.676959,CP5_after_vdif,   1,    0.0000000000E+00,    2.8716085489E+02,    2.8716085489E+02,    0.0000000000E+00,    0.0000000000E+00,    0.0000000000E+00,    2.8716085489E+02
    182200,      0.676959,CP6_after_kinetics,   1,    0.0000000000E+00,    2.8716085489E+02,    2.8716085489E+02,    0.0000000000E+00,    0.0000000000E+00,    0.0000000000E+00,    2.8716085489E+02
    182200,      0.676959,CP7_after_upper_clamp,   1,    0.0000000000E+00,    2.8716085489E+02,    2.8716085489E+02,    0.0000000000E+00,    0.0000000000E+00,    0.0000000000E+00,    2.8716085489E+02
    182200,      0.676959,CP8_after_OBC,   1,    0.0000000000E+00,    2.8716085489E+02,    2.8716085489E+02,    0.0000000000E+00,    0.0000000000E+00,    0.0000000000E+00,    2.8716085489E+02
    182200,      0.676959,CP9_after_PTsource,   1,    0.0000000000E+00,    2.8716085489E+02,    2.8716085489E+02,    0.0000000000E+00,    0.0000000000E+00,    0.0000000000E+00,    2.8716085489E+02
    182200,      0.676959,CP10_after_neg_clamp,   1,    0.0000000000E+00,    2.8716085489E+02,    2.8716085489E+02,    0.0000000000E+00,    0.0000000000E+00,    0.0000000000E+00,    2.8716085489E+02
    182200,      0.676959,CP11_after_MPI,   1,    0.0000000000E+00,    2.8716085489E+02,    2.8716085489E+02,    0.0000000000E+00,    0.0000000000E+00,    0.0000000000E+00,    2.8716085489E+02
    182200,      0.676959,CP12_end,   1,    0.0000000000E+00,    2.8716085489E+02,    2.8716085489E+02,    0.0000000000E+00,    0.0000000000E+00,    0.0000000000E+00,    2.8716085489E+02
    182250,      0.676959,CP0_start,   1,    0.0000000000E+00,    2.8730346623E+02,    2.8730346623E+02,    0.0000000000E+00,    0.0000000000E+00,    0.0000000000E+00,    2.8730346623E+02
    182250,      0.676959,CP1_after_deposition,   1,    0.0000000000E+00,    2.8730346623E+02,    2.8730346623E+02,    0.0000000000E+00,    0.0000000000E+00,    0.0000000000E+00,    2.8730346623E+02
    182250,      0.676959,CP2_after_erosion,   1,    0.0000000000E+00,    2.8730346623E+02,    2.8730346623E+02,    0.0000000000E+00,    0.0000000000E+00,    0.0000000000E+00,    2.8730346623E+02
    182250,      0.676959,CP3_after_update_bottom,   1,    0.0000000000E+00,    2.8730346623E+02,    2.8730346623E+02,    0.0000000000E+00,    0.0000000000E+00,    0.0000000000E+00,    2.8730346623E+02
    182250,      0.676959,CP4_after_advection,   1,    0.0000000000E+00,    2.8729235435E+02,    2.8729235435E+02,    0.0000000000E+00,    0.0000000000E+00,    0.0000000000E+00,    2.8729235435E+02
    182250,      0.676959,CP5_after_vdif,   1,    0.0000000000E+00,    2.8729235435E+02,    2.8729235435E+02,    0.0000000000E+00,    0.0000000000E+00,    0.0000000000E+00,    2.8729235435E+02
    182250,      0.676959,CP6_after_kinetics,   1,    0.0000000000E+00,    2.8729235435E+02,    2.8729235435E+02,    0.0000000000E+00,    0.0000000000E+00,    0.0000000000E+00,    2.8729235435E+02
    182250,      0.676959,CP7_after_upper_clamp,   1,    0.0000000000E+00,    2.8729235435E+02,    2.8729235435E+02,    0.0000000000E+00,    0.0000000000E+00,    0.0000000000E+00,    2.8729235435E+02
    182250,      0.676959,CP8_after_OBC,   1,    0.0000000000E+00,    2.8729235435E+02,    2.8729235435E+02,    0.0000000000E+00,    0.0000000000E+00,    0.0000000000E+00,    2.8729235435E+02
    182250,      0.676959,CP9_after_PTsource,   1,    0.0000000000E+00,    2.8729235435E+02,    2.8729235435E+02,    0.0000000000E+00,    0.0000000000E+00,    0.0000000000E+00,    2.8729235435E+02
    182250,      0.676959,CP10_after_neg_clamp,   1,    0.0000000000E+00,    2.8729235435E+02,    2.8729235435E+02,    0.0000000000E+00,    0.0000000000E+00,    0.0000000000E+00,    2.8729235435E+02
    182250,      0.676959,CP11_after_MPI,   1,    0.0000000000E+00,    2.8729235435E+02,    2.8729235435E+02,    0.0000000000E+00,    0.0000000000E+00,    0.0000000000E+00,    2.8729235435E+02
    182250,      0.676959,CP12_end,   1,    0.0000000000E+00,    2.8729235435E+02,    2.8729235435E+02,    0.0000000000E+00,    0.0000000000E+00,    0.0000000000E+00,    2.8729235435E+02
    182300,      0.676959,CP0_start,   1,    0.0000000000E+00,    2.8743458775E+02,    2.8743458775E+02,    0.0000000000E+00,    0.0000000000E+00,    0.0000000000E+00,    2.8743458775E+02
    182300,      0.676959,CP1_after_deposition,   1,    0.0000000000E+00,    2.8743458775E+02,    2.8743458775E+02,    0.0000000000E+00,    0.0000000000E+00,    0.0000000000E+00,    2.8743458775E+02
    182300,      0.676959,CP2_after_erosion,   1,    0.0000000000E+00,    2.8743458775E+02,    2.8743458775E+02,    0.0000000000E+00,    0.0000000000E+00,    0.0000000000E+00,    2.8743458775E+02
    182300,      0.676959,CP3_after_update_bottom,   1,    0.0000000000E+00,    2.8743458775E+02,    2.8743458775E+02,    0.0000000000E+00,    0.0000000000E+00,    0.0000000000E+00,    2.8743458775E+02
    182300,      0.676959,CP4_after_advection,   1,    0.0000000000E+00,    2.8742350563E+02,    2.8742350563E+02,    0.0000000000E+00,    0.0000000000E+00,    0.0000000000E+00,    2.8742350563E+02
    182300,      0.676959,CP5_after_vdif,   1,    0.0000000000E+00,    2.8742350563E+02,    2.8742350563E+02,    0.0000000000E+00,    0.0000000000E+00,    0.0000000000E+00,    2.8742350563E+02
    182300,      0.676959,CP6_after_kinetics,   1,    0.0000000000E+00,    2.8742350563E+02,    2.8742350563E+02,    0.0000000000E+00,    0.0000000000E+00,    0.0000000000E+00,    2.8742350563E+02
    182300,      0.676959,CP7_after_upper_clamp,   1,    0.0000000000E+00,    2.8742350563E+02,    2.8742350563E+02,    0.0000000000E+00,    0.0000000000E+00,    0.0000000000E+00,    2.8742350563E+02
    182300,      0.676959,CP8_after_OBC,   1,    0.0000000000E+00,    2.8742350563E+02,    2.8742350563E+02,    0.0000000000E+00,    0.0000000000E+00,    0.0000000000E+00,    2.8742350563E+02
    182300,      0.676959,CP9_after_PTsource,   1,    0.0000000000E+00,    2.8742350563E+02,    2.8742350563E+02,    0.0000000000E+00,    0.0000000000E+00,    0.0000000000E+00,    2.8742350563E+02
    182300,      0.676959,CP10_after_neg_clamp,   1,    0.0000000000E+00,    2.8742350563E+02,    2.8742350563E+02,    0.0000000000E+00,    0.0000000000E+00,    0.0000000000E+00,    2.8742350563E+02
    182300,      0.676959,CP11_after_MPI,   1,    0.0000000000E+00,    2.8742350563E+02,    2.8742350563E+02,    0.0000000000E+00,    0.0000000000E+00,    0.0000000000E+00,    2.8742350563E+02
    182300,      0.676959,CP12_end,   1,    0.0000000000E+00,    2.8742350563E+02,    2.8742350563E+02,    0.0000000000E+00,    0.0000000000E+00,    0.0000000000E+00,    2.8742350563E+02
    182350,      0.676959,CP0_start,   1,    0.0000000000E+00,    2.8756601315E+02,    2.8756601315E+02,    0.0000000000E+00,    0.0000000000E+00,    0.0000000000E+00,    2.8756601315E+02
    182350,      0.676959,CP1_after_deposition,   1,    0.0000000000E+00,    2.8756601315E+02,    2.8756601315E+02,    0.0000000000E+00,    0.0000000000E+00,    0.0000000000E+00,    2.8756601315E+02
    182350,      0.676959,CP2_after_erosion,   1,    0.0000000000E+00,    2.8756601315E+02,    2.8756601315E+02,    0.0000000000E+00,    0.0000000000E+00,    0.0000000000E+00,    2.8756601315E+02
    182350,      0.676959,CP3_after_update_bottom,   1,    0.0000000000E+00,    2.8756601315E+02,    2.8756601315E+02,    0.0000000000E+00,    0.0000000000E+00,    0.0000000000E+00,    2.8756601315E+02
    182350,      0.676959,CP4_after_advection,   1,    0.0000000000E+00,    2.8755497199E+02,    2.8755497199E+02,    0.0000000000E+00,    0.0000000000E+00,    0.0000000000E+00,    2.8755497199E+02
    182350,      0.676959,CP5_after_vdif,   1,    0.0000000000E+00,    2.8755497199E+02,    2.8755497199E+02,    0.0000000000E+00,    0.0000000000E+00,    0.0000000000E+00,    2.8755497199E+02
    182350,      0.676959,CP6_after_kinetics,   1,    0.0000000000E+00,    2.8755497199E+02,    2.8755497199E+02,    0.0000000000E+00,    0.0000000000E+00,    0.0000000000E+00,    2.8755497199E+02
    182350,      0.676959,CP7_after_upper_clamp,   1,    0.0000000000E+00,    2.8755497199E+02,    2.8755497199E+02,    0.0000000000E+00,    0.0000000000E+00,    0.0000000000E+00,    2.8755497199E+02
    182350,      0.676959,CP8_after_OBC,   1,    0.0000000000E+00,    2.8755497199E+02,    2.8755497199E+02,    0.0000000000E+00,    0.0000000000E+00,    0.0000000000E+00,    2.8755497199E+02
    182350,      0.676959,CP9_after_PTsource,   1,    0.0000000000E+00,    2.8755497199E+02,    2.8755497199E+02,    0.0000000000E+00,    0.0000000000E+00,    0.0000000000E+00,    2.8755497199E+02
    182350,      0.676959,CP10_after_neg_clamp,   1,    0.0000000000E+00,    2.8755497199E+02,    2.8755497199E+02,    0.0000000000E+00,    0.0000000000E+00,    0.0000000000E+00,    2.8755497199E+02
    182350,      0.676959,CP11_after_MPI,   1,    0.0000000000E+00,    2.8755497199E+02,    2.8755497199E+02,    0.0000000000E+00,    0.0000000000E+00,    0.0000000000E+00,    2.8755497199E+02
    182350,      0.676959,CP12_end,   1,    0.0000000000E+00,    2.8755497199E+02,    2.8755497199E+02,    0.0000000000E+00,    0.0000000000E+00,    0.0000000000E+00,    2.8755497199E+02
    182400,      0.676959,CP0_start,   1,    0.0000000000E+00,    2.8769813313E+02,    2.8769813313E+02,    0.0000000000E+00,    0.0000000000E+00,    0.0000000000E+00,    2.8769813313E+02
    182400,      0.676959,CP1_after_deposition,   1,    0.0000000000E+00,    2.8769813313E+02,    2.8769813313E+02,    0.0000000000E+00,    0.0000000000E+00,    0.0000000000E+00,    2.8769813313E+02
    182400,      0.676959,CP2_after_erosion,   1,    0.0000000000E+00,    2.8769813313E+02,    2.8769813313E+02,    0.0000000000E+00,    0.0000000000E+00,    0.0000000000E+00,    2.8769813313E+02
    182400,      0.676959,CP3_after_update_bottom,   1,    0.0000000000E+00,    2.8769813313E+02,    2.8769813313E+02,    0.0000000000E+00,    0.0000000000E+00,    0.0000000000E+00,    2.8769813313E+02
    182400,      0.676959,CP4_after_advection,   1,    0.0000000000E+00,    2.8768713799E+02,    2.8768713799E+02,    0.0000000000E+00,    0.0000000000E+00,    0.0000000000E+00,    2.8768713799E+02
    182400,      0.676959,CP5_after_vdif,   1,    0.0000000000E+00,    2.8768713799E+02,    2.8768713799E+02,    0.0000000000E+00,    0.0000000000E+00,    0.0000000000E+00,    2.8768713799E+02
    182400,      0.676959,CP6_after_kinetics,   1,    0.0000000000E+00,    2.8768713799E+02,    2.8768713799E+02,    0.0000000000E+00,    0.0000000000E+00,    0.0000000000E+00,    2.8768713799E+02
    182400,      0.676959,CP7_after_upper_clamp,   1,    0.0000000000E+00,    2.8768713799E+02,    2.8768713799E+02,    0.0000000000E+00,    0.0000000000E+00,    0.0000000000E+00,    2.8768713799E+02
    182400,      0.676959,CP8_after_OBC,   1,    0.0000000000E+00,    2.8768713799E+02,    2.8768713799E+02,    0.0000000000E+00,    0.0000000000E+00,    0.0000000000E+00,    2.8768713799E+02
    182400,      0.676959,CP9_after_PTsource,   1,    0.0000000000E+00,    2.8768713799E+02,    2.8768713799E+02,    0.0000000000E+00,    0.0000000000E+00,    0.0000000000E+00,    2.8768713799E+02
    182400,      0.676959,CP10_after_neg_clamp,   1,    0.0000000000E+00,    2.8768713799E+02,    2.8768713799E+02,    0.0000000000E+00,    0.0000000000E+00,    0.0000000000E+00,    2.8768713799E+02
    182400,      0.676959,CP11_after_MPI,   1,    0.0000000000E+00,    2.8768713799E+02,    2.8768713799E+02,    0.0000000000E+00,    0.0000000000E+00,    0.0000000000E+00,    2.8768713799E+02
    182400,      0.676959,CP12_end,   1,    0.0000000000E+00,    2.8768713799E+02,    2.8768713799E+02,    0.0000000000E+00,    0.0000000000E+00,    0.0000000000E+00,    2.8768713799E+02
    182450,      0.676959,CP0_start,   1,    0.0000000000E+00,    2.8783094714E+02,    2.8783094714E+02,    0.0000000000E+00,    0.0000000000E+00,    0.0000000000E+00,    2.8783094714E+02
    182450,      0.676959,CP1_after_deposition,   1,    0.0000000000E+00,    2.8783094714E+02,    2.8783094714E+02,    0.0000000000E+00,    0.0000000000E+00,    0.0000000000E+00,    2.8783094714E+02
    182450,      0.676959,CP2_after_erosion,   1,    0.0000000000E+00,    2.8783094714E+02,    2.8783094714E+02,    0.0000000000E+00,    0.0000000000E+00,    0.0000000000E+00,    2.8783094714E+02
    182450,      0.676959,CP3_after_update_bottom,   1,    0.0000000000E+00,    2.8783094714E+02,    2.8783094714E+02,    0.0000000000E+00,    0.0000000000E+00,    0.0000000000E+00,    2.8783094714E+02
    182450,      0.676959,CP4_after_advection,   1,    0.0000000000E+00,    2.8781999862E+02,    2.8781999862E+02,    0.0000000000E+00,    0.0000000000E+00,    0.0000000000E+00,    2.8781999862E+02
    182450,      0.676959,CP5_after_vdif,   1,    0.0000000000E+00,    2.8781999862E+02,    2.8781999862E+02,    0.0000000000E+00,    0.0000000000E+00,    0.0000000000E+00,    2.8781999862E+02
    182450,      0.676959,CP6_after_kinetics,   1,    0.0000000000E+00,    2.8781999862E+02,    2.8781999862E+02,    0.0000000000E+00,    0.0000000000E+00,    0.0000000000E+00,    2.8781999862E+02
    182450,      0.676959,CP7_after_upper_clamp,   1,    0.0000000000E+00,    2.8781999862E+02,    2.8781999862E+02,    0.0000000000E+00,    0.0000000000E+00,    0.0000000000E+00,    2.8781999862E+02
    182450,      0.676959,CP8_after_OBC,   1,    0.0000000000E+00,    2.8781999862E+02,    2.8781999862E+02,    0.0000000000E+00,    0.0000000000E+00,    0.0000000000E+00,    2.8781999862E+02
    182450,      0.676959,CP9_after_PTsource,   1,    0.0000000000E+00,    2.8781999862E+02,    2.8781999862E+02,    0.0000000000E+00,    0.0000000000E+00,    0.0000000000E+00,    2.8781999862E+02
    182450,      0.676959,CP10_after_neg_clamp,   1,    0.0000000000E+00,    2.8781999862E+02,    2.8781999862E+02,    0.0000000000E+00,    0.0000000000E+00,    0.0000000000E+00,    2.8781999862E+02
    182450,      0.676959,CP11_after_MPI,   1,    0.0000000000E+00,    2.8781999862E+02,    2.8781999862E+02,    0.0000000000E+00,    0.0000000000E+00,    0.0000000000E+00,    2.8781999862E+02
    182450,      0.676959,CP12_end,   1,    0.0000000000E+00,    2.8781999862E+02,    2.8781999862E+02,    0.0000000000E+00,    0.0000000000E+00,    0.0000000000E+00,    2.8781999862E+02
    182500,      0.676959,CP0_start,   1,    0.0000000000E+00,    2.8796434678E+02,    2.8796434678E+02,    0.0000000000E+00,    0.0000000000E+00,    0.0000000000E+00,    2.8796434678E+02
    182500,      0.676959,CP1_after_deposition,   1,    0.0000000000E+00,    2.8796434678E+02,    2.8796434678E+02,    0.0000000000E+00,    0.0000000000E+00,    0.0000000000E+00,    2.8796434678E+02
    182500,      0.676959,CP2_after_erosion,   1,    0.0000000000E+00,    2.8796434678E+02,    2.8796434678E+02,    0.0000000000E+00,    0.0000000000E+00,    0.0000000000E+00,    2.8796434678E+02
    182500,      0.676959,CP3_after_update_bottom,   1,    0.0000000000E+00,    2.8796434678E+02,    2.8796434678E+02,    0.0000000000E+00,    0.0000000000E+00,    0.0000000000E+00,    2.8796434678E+02
    182500,      0.676959,CP4_after_advection,   1,    0.0000000000E+00,    2.8795344433E+02,    2.8795344433E+02,    0.0000000000E+00,    0.0000000000E+00,    0.0000000000E+00,    2.8795344433E+02
    182500,      0.676959,CP5_after_vdif,   1,    0.0000000000E+00,    2.8795344433E+02,    2.8795344433E+02,    0.0000000000E+00,    0.0000000000E+00,    0.0000000000E+00,    2.8795344433E+02
    182500,      0.676959,CP6_after_kinetics,   1,    0.0000000000E+00,    2.8795344433E+02,    2.8795344433E+02,    0.0000000000E+00,    0.0000000000E+00,    0.0000000000E+00,    2.8795344433E+02
    182500,      0.676959,CP7_after_upper_clamp,   1,    0.0000000000E+00,    2.8795344433E+02,    2.8795344433E+02,    0.0000000000E+00,    0.0000000000E+00,    0.0000000000E+00,    2.8795344433E+02
    182500,      0.676959,CP8_after_OBC,   1,    0.0000000000E+00,    2.8795344433E+02,    2.8795344433E+02,    0.0000000000E+00,    0.0000000000E+00,    0.0000000000E+00,    2.8795344433E+02
    182500,      0.676959,CP9_after_PTsource,   1,    0.0000000000E+00,    2.8795344433E+02,    2.8795344433E+02,    0.0000000000E+00,    0.0000000000E+00,    0.0000000000E+00,    2.8795344433E+02
    182500,      0.676959,CP10_after_neg_clamp,   1,    0.0000000000E+00,    2.8795344433E+02,    2.8795344433E+02,    0.0000000000E+00,    0.0000000000E+00,    0.0000000000E+00,    2.8795344433E+02
    182500,      0.676959,CP11_after_MPI,   1,    0.0000000000E+00,    2.8795344433E+02,    2.8795344433E+02,    0.0000000000E+00,    0.0000000000E+00,    0.0000000000E+00,    2.8795344433E+02
    182500,      0.676959,CP12_end,   1,    0.0000000000E+00,    2.8795344433E+02,    2.8795344433E+02,    0.0000000000E+00,    0.0000000000E+00,    0.0000000000E+00,    2.8795344433E+02
    182550,      0.676959,CP0_start,   1,    0.0000000000E+00,    2.8809835522E+02,    2.8809835522E+02,    0.0000000000E+00,    0.0000000000E+00,    0.0000000000E+00,    2.8809835522E+02
    182550,      0.676959,CP1_after_deposition,   1,    0.0000000000E+00,    2.8809835522E+02,    2.8809835522E+02,    0.0000000000E+00,    0.0000000000E+00,    0.0000000000E+00,    2.8809835522E+02
    182550,      0.676959,CP2_after_erosion,   1,    0.0000000000E+00,    2.8809835522E+02,    2.8809835522E+02,    0.0000000000E+00,    0.0000000000E+00,    0.0000000000E+00,    2.8809835522E+02
    182550,      0.676959,CP3_after_update_bottom,   1,    0.0000000000E+00,    2.8809835522E+02,    2.8809835522E+02,    0.0000000000E+00,    0.0000000000E+00,    0.0000000000E+00,    2.8809835522E+02
    182550,      0.676959,CP4_after_advection,   1,    0.0000000000E+00,    2.8808751134E+02,    2.8808751134E+02,    0.0000000000E+00,    0.0000000000E+00,    0.0000000000E+00,    2.8808751134E+02
    182550,      0.676959,CP5_after_vdif,   1,    0.0000000000E+00,    2.8808751134E+02,    2.8808751134E+02,    0.0000000000E+00,    0.0000000000E+00,    0.0000000000E+00,    2.8808751134E+02
    182550,      0.676959,CP6_after_kinetics,   1,    0.0000000000E+00,    2.8808751134E+02,    2.8808751134E+02,    0.0000000000E+00,    0.0000000000E+00,    0.0000000000E+00,    2.8808751134E+02
    182550,      0.676959,CP7_after_upper_clamp,   1,    0.0000000000E+00,    2.8808751134E+02,    2.8808751134E+02,    0.0000000000E+00,    0.0000000000E+00,    0.0000000000E+00,    2.8808751134E+02
    182550,      0.676959,CP8_after_OBC,   1,    0.0000000000E+00,    2.8808751134E+02,    2.8808751134E+02,    0.0000000000E+00,    0.0000000000E+00,    0.0000000000E+00,    2.8808751134E+02
    182550,      0.676959,CP9_after_PTsource,   1,    0.0000000000E+00,    2.8808751134E+02,    2.8808751134E+02,    0.0000000000E+00,    0.0000000000E+00,    0.0000000000E+00,    2.8808751134E+02
    182550,      0.676959,CP10_after_neg_clamp,   1,    0.0000000000E+00,    2.8808751134E+02,    2.8808751134E+02,    0.0000000000E+00,    0.0000000000E+00,    0.0000000000E+00,    2.8808751134E+02
    182550,      0.676959,CP11_after_MPI,   1,    0.0000000000E+00,    2.8808751134E+02,    2.8808751134E+02,    0.0000000000E+00,    0.0000000000E+00,    0.0000000000E+00,    2.8808751134E+02
    182550,      0.676959,CP12_end,   1,    0.0000000000E+00,    2.8808751134E+02,    2.8808751134E+02,    0.0000000000E+00,    0.0000000000E+00,    0.0000000000E+00,    2.8808751134E+02
    182600,      0.676959,CP0_start,   1,    0.0000000000E+00,    2.8823295934E+02,    2.8823295934E+02,    0.0000000000E+00,    0.0000000000E+00,    0.0000000000E+00,    2.8823295934E+02
    182600,      0.676959,CP1_after_deposition,   1,    0.0000000000E+00,    2.8823295934E+02,    2.8823295934E+02,    0.0000000000E+00,    0.0000000000E+00,    0.0000000000E+00,    2.8823295934E+02
    182600,      0.676959,CP2_after_erosion,   1,    0.0000000000E+00,    2.8823295934E+02,    2.8823295934E+02,    0.0000000000E+00,    0.0000000000E+00,    0.0000000000E+00,    2.8823295934E+02
    182600,      0.676959,CP3_after_update_bottom,   1,    0.0000000000E+00,    2.8823295934E+02,    2.8823295934E+02,    0.0000000000E+00,    0.0000000000E+00,    0.0000000000E+00,    2.8823295934E+02
    182600,      0.676959,CP4_after_advection,   1,    0.0000000000E+00,    2.8822217332E+02,    2.8822217332E+02,    0.0000000000E+00,    0.0000000000E+00,    0.0000000000E+00,    2.8822217332E+02
    182600,      0.676959,CP5_after_vdif,   1,    0.0000000000E+00,    2.8822217332E+02,    2.8822217332E+02,    0.0000000000E+00,    0.0000000000E+00,    0.0000000000E+00,    2.8822217332E+02
    182600,      0.676959,CP6_after_kinetics,   1,    0.0000000000E+00,    2.8822217332E+02,    2.8822217332E+02,    0.0000000000E+00,    0.0000000000E+00,    0.0000000000E+00,    2.8822217332E+02
    182600,      0.676959,CP7_after_upper_clamp,   1,    0.0000000000E+00,    2.8822217332E+02,    2.8822217332E+02,    0.0000000000E+00,    0.0000000000E+00,    0.0000000000E+00,    2.8822217332E+02
    182600,      0.676959,CP8_after_OBC,   1,    0.0000000000E+00,    2.8822217332E+02,    2.8822217332E+02,    0.0000000000E+00,    0.0000000000E+00,    0.0000000000E+00,    2.8822217332E+02
    182600,      0.676959,CP9_after_PTsource,   1,    0.0000000000E+00,    2.8822217332E+02,    2.8822217332E+02,    0.0000000000E+00,    0.0000000000E+00,    0.0000000000E+00,    2.8822217332E+02
    182600,      0.676959,CP10_after_neg_clamp,   1,    0.0000000000E+00,    2.8822217332E+02,    2.8822217332E+02,    0.0000000000E+00,    0.0000000000E+00,    0.0000000000E+00,    2.8822217332E+02
    182600,      0.676959,CP11_after_MPI,   1,    0.0000000000E+00,    2.8822217332E+02,    2.8822217332E+02,    0.0000000000E+00,    0.0000000000E+00,    0.0000000000E+00,    2.8822217332E+02
    182600,      0.676959,CP12_end,   1,    0.0000000000E+00,    2.8822217332E+02,    2.8822217332E+02,    0.0000000000E+00,    0.0000000000E+00,    0.0000000000E+00,    2.8822217332E+02
    182650,      0.676959,CP0_start,   1,    0.0000000000E+00,    2.8836857097E+02,    2.8836857097E+02,    0.0000000000E+00,    0.0000000000E+00,    0.0000000000E+00,    2.8836857097E+02
    182650,      0.676959,CP1_after_deposition,   1,    0.0000000000E+00,    2.8836857097E+02,    2.8836857097E+02,    0.0000000000E+00,    0.0000000000E+00,    0.0000000000E+00,    2.8836857097E+02
    182650,      0.676959,CP2_after_erosion,   1,    0.0000000000E+00,    2.8836857097E+02,    2.8836857097E+02,    0.0000000000E+00,    0.0000000000E+00,    0.0000000000E+00,    2.8836857097E+02
    182650,      0.676959,CP3_after_update_bottom,   1,    0.0000000000E+00,    2.8836857097E+02,    2.8836857097E+02,    0.0000000000E+00,    0.0000000000E+00,    0.0000000000E+00,    2.8836857097E+02
    182650,      0.676959,CP4_after_advection,   1,    0.0000000000E+00,    2.8835786097E+02,    2.8835786097E+02,    0.0000000000E+00,    0.0000000000E+00,    0.0000000000E+00,    2.8835786097E+02
    182650,      0.676959,CP5_after_vdif,   1,    0.0000000000E+00,    2.8835786097E+02,    2.8835786097E+02,    0.0000000000E+00,    0.0000000000E+00,    0.0000000000E+00,    2.8835786097E+02
    182650,      0.676959,CP6_after_kinetics,   1,    0.0000000000E+00,    2.8835786097E+02,    2.8835786097E+02,    0.0000000000E+00,    0.0000000000E+00,    0.0000000000E+00,    2.8835786097E+02
    182650,      0.676959,CP7_after_upper_clamp,   1,    0.0000000000E+00,    2.8835786097E+02,    2.8835786097E+02,    0.0000000000E+00,    0.0000000000E+00,    0.0000000000E+00,    2.8835786097E+02
    182650,      0.676959,CP8_after_OBC,   1,    0.0000000000E+00,    2.8835786097E+02,    2.8835786097E+02,    0.0000000000E+00,    0.0000000000E+00,    0.0000000000E+00,    2.8835786097E+02
    182650,      0.676959,CP9_after_PTsource,   1,    0.0000000000E+00,    2.8835786097E+02,    2.8835786097E+02,    0.0000000000E+00,    0.0000000000E+00,    0.0000000000E+00,    2.8835786097E+02
    182650,      0.676959,CP10_after_neg_clamp,   1,    0.0000000000E+00,    2.8835786097E+02,    2.8835786097E+02,    0.0000000000E+00,    0.0000000000E+00,    0.0000000000E+00,    2.8835786097E+02
    182650,      0.676959,CP11_after_MPI,   1,    0.0000000000E+00,    2.8835786097E+02,    2.8835786097E+02,    0.0000000000E+00,    0.0000000000E+00,    0.0000000000E+00,    2.8835786097E+02
    182650,      0.676959,CP12_end,   1,    0.0000000000E+00,    2.8835786097E+02,    2.8835786097E+02,    0.0000000000E+00,    0.0000000000E+00,    0.0000000000E+00,    2.8835786097E+02
    182700,      0.676959,CP0_start,   1,    0.0000000000E+00,    2.8850575206E+02,    2.8850575206E+02,    0.0000000000E+00,    0.0000000000E+00,    0.0000000000E+00,    2.8850575206E+02
    182700,      0.676959,CP1_after_deposition,   1,    0.0000000000E+00,    2.8850575206E+02,    2.8850575206E+02,    0.0000000000E+00,    0.0000000000E+00,    0.0000000000E+00,    2.8850575206E+02
    182700,      0.676959,CP2_after_erosion,   1,    0.0000000000E+00,    2.8850575206E+02,    2.8850575206E+02,    0.0000000000E+00,    0.0000000000E+00,    0.0000000000E+00,    2.8850575206E+02
    182700,      0.676959,CP3_after_update_bottom,   1,    0.0000000000E+00,    2.8850575206E+02,    2.8850575206E+02,    0.0000000000E+00,    0.0000000000E+00,    0.0000000000E+00,    2.8850575206E+02
    182700,      0.676959,CP4_after_advection,   1,    0.0000000000E+00,    2.8849512804E+02,    2.8849512804E+02,    0.0000000000E+00,    0.0000000000E+00,    0.0000000000E+00,    2.8849512804E+02
    182700,      0.676959,CP5_after_vdif,   1,    0.0000000000E+00,    2.8849512804E+02,    2.8849512804E+02,    0.0000000000E+00,    0.0000000000E+00,    0.0000000000E+00,    2.8849512804E+02
    182700,      0.676959,CP6_after_kinetics,   1,    0.0000000000E+00,    2.8849512804E+02,    2.8849512804E+02,    0.0000000000E+00,    0.0000000000E+00,    0.0000000000E+00,    2.8849512804E+02
    182700,      0.676959,CP7_after_upper_clamp,   1,    0.0000000000E+00,    2.8849512804E+02,    2.8849512804E+02,    0.0000000000E+00,    0.0000000000E+00,    0.0000000000E+00,    2.8849512804E+02
    182700,      0.676959,CP8_after_OBC,   1,    0.0000000000E+00,    2.8849512804E+02,    2.8849512804E+02,    0.0000000000E+00,    0.0000000000E+00,    0.0000000000E+00,    2.8849512804E+02
    182700,      0.676959,CP9_after_PTsource,   1,    0.0000000000E+00,    2.8849512804E+02,    2.8849512804E+02,    0.0000000000E+00,    0.0000000000E+00,    0.0000000000E+00,    2.8849512804E+02
    182700,      0.676959,CP10_after_neg_clamp,   1,    0.0000000000E+00,    2.8849512804E+02,    2.8849512804E+02,    0.0000000000E+00,    0.0000000000E+00,    0.0000000000E+00,    2.8849512804E+02
    182700,      0.676959,CP11_after_MPI,   1,    0.0000000000E+00,    2.8849512804E+02,    2.8849512804E+02,    0.0000000000E+00,    0.0000000000E+00,    0.0000000000E+00,    2.8849512804E+02
    182700,      0.676959,CP12_end,   1,    0.0000000000E+00,    2.8849512804E+02,    2.8849512804E+02,    0.0000000000E+00,    0.0000000000E+00,    0.0000000000E+00,    2.8849512804E+02
    182750,      0.676959,CP0_start,   1,    0.0000000000E+00,    2.8864511896E+02,    2.8864511896E+02,    0.0000000000E+00,    0.0000000000E+00,    0.0000000000E+00,    2.8864511896E+02
    182750,      0.676959,CP1_after_deposition,   1,    0.0000000000E+00,    2.8864511896E+02,    2.8864511896E+02,    0.0000000000E+00,    0.0000000000E+00,    0.0000000000E+00,    2.8864511896E+02
    182750,      0.676959,CP2_after_erosion,   1,    0.0000000000E+00,    2.8864511896E+02,    2.8864511896E+02,    0.0000000000E+00,    0.0000000000E+00,    0.0000000000E+00,    2.8864511896E+02
    182750,      0.676959,CP3_after_update_bottom,   1,    0.0000000000E+00,    2.8864511896E+02,    2.8864511896E+02,    0.0000000000E+00,    0.0000000000E+00,    0.0000000000E+00,    2.8864511896E+02
    182750,      0.676959,CP4_after_advection,   1,    0.0000000000E+00,    2.8863458310E+02,    2.8863458310E+02,    0.0000000000E+00,    0.0000000000E+00,    0.0000000000E+00,    2.8863458310E+02
    182750,      0.676959,CP5_after_vdif,   1,    0.0000000000E+00,    2.8863458310E+02,    2.8863458310E+02,    0.0000000000E+00,    0.0000000000E+00,    0.0000000000E+00,    2.8863458310E+02
    182750,      0.676959,CP6_after_kinetics,   1,    0.0000000000E+00,    2.8863458310E+02,    2.8863458310E+02,    0.0000000000E+00,    0.0000000000E+00,    0.0000000000E+00,    2.8863458310E+02
    182750,      0.676959,CP7_after_upper_clamp,   1,    0.0000000000E+00,    2.8863458310E+02,    2.8863458310E+02,    0.0000000000E+00,    0.0000000000E+00,    0.0000000000E+00,    2.8863458310E+02
    182750,      0.676959,CP8_after_OBC,   1,    0.0000000000E+00,    2.8863458310E+02,    2.8863458310E+02,    0.0000000000E+00,    0.0000000000E+00,    0.0000000000E+00,    2.8863458310E+02
    182750,      0.676959,CP9_after_PTsource,   1,    0.0000000000E+00,    2.8863458310E+02,    2.8863458310E+02,    0.0000000000E+00,    0.0000000000E+00,    0.0000000000E+00,    2.8863458310E+02
    182750,      0.676959,CP10_after_neg_clamp,   1,    0.0000000000E+00,    2.8863458310E+02,    2.8863458310E+02,    0.0000000000E+00,    0.0000000000E+00,    0.0000000000E+00,    2.8863458310E+02
    182750,      0.676959,CP11_after_MPI,   1,    0.0000000000E+00,    2.8863458310E+02,    2.8863458310E+02,    0.0000000000E+00,    0.0000000000E+00,    0.0000000000E+00,    2.8863458310E+02
    182750,      0.676959,CP12_end,   1,    0.0000000000E+00,    2.8863458310E+02,    2.8863458310E+02,    0.0000000000E+00,    0.0000000000E+00,    0.0000000000E+00,    2.8863458310E+02
    182800,      0.676959,CP0_start,   1,    0.0000000000E+00,    2.8878635647E+02,    2.8878635647E+02,    0.0000000000E+00,    0.0000000000E+00,    0.0000000000E+00,    2.8878635647E+02
    182800,      0.676959,CP1_after_deposition,   1,    0.0000000000E+00,    2.8878635647E+02,    2.8878635647E+02,    0.0000000000E+00,    0.0000000000E+00,    0.0000000000E+00,    2.8878635647E+02
    182800,      0.676959,CP2_after_erosion,   1,    0.0000000000E+00,    2.8878635647E+02,    2.8878635647E+02,    0.0000000000E+00,    0.0000000000E+00,    0.0000000000E+00,    2.8878635647E+02
    182800,      0.676959,CP3_after_update_bottom,   1,    0.0000000000E+00,    2.8878635647E+02,    2.8878635647E+02,    0.0000000000E+00,    0.0000000000E+00,    0.0000000000E+00,    2.8878635647E+02
    182800,      0.676959,CP4_after_advection,   1,    0.0000000000E+00,    2.8877590729E+02,    2.8877590729E+02,    0.0000000000E+00,    0.0000000000E+00,    0.0000000000E+00,    2.8877590729E+02
    182800,      0.676959,CP5_after_vdif,   1,    0.0000000000E+00,    2.8877590729E+02,    2.8877590729E+02,    0.0000000000E+00,    0.0000000000E+00,    0.0000000000E+00,    2.8877590729E+02
    182800,      0.676959,CP6_after_kinetics,   1,    0.0000000000E+00,    2.8877590729E+02,    2.8877590729E+02,    0.0000000000E+00,    0.0000000000E+00,    0.0000000000E+00,    2.8877590729E+02
    182800,      0.676959,CP7_after_upper_clamp,   1,    0.0000000000E+00,    2.8877590729E+02,    2.8877590729E+02,    0.0000000000E+00,    0.0000000000E+00,    0.0000000000E+00,    2.8877590729E+02
    182800,      0.676959,CP8_after_OBC,   1,    0.0000000000E+00,    2.8877590729E+02,    2.8877590729E+02,    0.0000000000E+00,    0.0000000000E+00,    0.0000000000E+00,    2.8877590729E+02
    182800,      0.676959,CP9_after_PTsource,   1,    0.0000000000E+00,    2.8877590729E+02,    2.8877590729E+02,    0.0000000000E+00,    0.0000000000E+00,    0.0000000000E+00,    2.8877590729E+02
    182800,      0.676959,CP10_after_neg_clamp,   1,    0.0000000000E+00,    2.8877590729E+02,    2.8877590729E+02,    0.0000000000E+00,    0.0000000000E+00,    0.0000000000E+00,    2.8877590729E+02
    182800,      0.676959,CP11_after_MPI,   1,    0.0000000000E+00,    2.8877590729E+02,    2.8877590729E+02,    0.0000000000E+00,    0.0000000000E+00,    0.0000000000E+00,    2.8877590729E+02
    182800,      0.676959,CP12_end,   1,    0.0000000000E+00,    2.8877590729E+02,    2.8877590729E+02,    0.0000000000E+00,    0.0000000000E+00,    0.0000000000E+00,    2.8877590729E+02
    182850,      0.676959,CP0_start,   1,    0.0000000000E+00,    2.8892856908E+02,    2.8892856908E+02,    0.0000000000E+00,    0.0000000000E+00,    0.0000000000E+00,    2.8892856908E+02
    182850,      0.676959,CP1_after_deposition,   1,    0.0000000000E+00,    2.8892856908E+02,    2.8892856908E+02,    0.0000000000E+00,    0.0000000000E+00,    0.0000000000E+00,    2.8892856908E+02
    182850,      0.676959,CP2_after_erosion,   1,    0.0000000000E+00,    2.8892856908E+02,    2.8892856908E+02,    0.0000000000E+00,    0.0000000000E+00,    0.0000000000E+00,    2.8892856908E+02
    182850,      0.676959,CP3_after_update_bottom,   1,    0.0000000000E+00,    2.8892856908E+02,    2.8892856908E+02,    0.0000000000E+00,    0.0000000000E+00,    0.0000000000E+00,    2.8892856908E+02
    182850,      0.676959,CP4_after_advection,   1,    0.0000000000E+00,    2.8891817848E+02,    2.8891817848E+02,    0.0000000000E+00,    0.0000000000E+00,    0.0000000000E+00,    2.8891817848E+02
    182850,      0.676959,CP5_after_vdif,   1,    0.0000000000E+00,    2.8891817848E+02,    2.8891817848E+02,    0.0000000000E+00,    0.0000000000E+00,    0.0000000000E+00,    2.8891817848E+02
    182850,      0.676959,CP6_after_kinetics,   1,    0.0000000000E+00,    2.8891817848E+02,    2.8891817848E+02,    0.0000000000E+00,    0.0000000000E+00,    0.0000000000E+00,    2.8891817848E+02
    182850,      0.676959,CP7_after_upper_clamp,   1,    0.0000000000E+00,    2.8891817848E+02,    2.8891817848E+02,    0.0000000000E+00,    0.0000000000E+00,    0.0000000000E+00,    2.8891817848E+02
    182850,      0.676959,CP8_after_OBC,   1,    0.0000000000E+00,    2.8891817848E+02,    2.8891817848E+02,    0.0000000000E+00,    0.0000000000E+00,    0.0000000000E+00,    2.8891817848E+02
    182850,      0.676959,CP9_after_PTsource,   1,    0.0000000000E+00,    2.8891817848E+02,    2.8891817848E+02,    0.0000000000E+00,    0.0000000000E+00,    0.0000000000E+00,    2.8891817848E+02
    182850,      0.676959,CP10_after_neg_clamp,   1,    0.0000000000E+00,    2.8891817848E+02,    2.8891817848E+02,    0.0000000000E+00,    0.0000000000E+00,    0.0000000000E+00,    2.8891817848E+02
    182850,      0.676959,CP11_after_MPI,   1,    0.0000000000E+00,    2.8891817848E+02,    2.8891817848E+02,    0.0000000000E+00,    0.0000000000E+00,    0.0000000000E+00,    2.8891817848E+02
    182850,      0.676959,CP12_end,   1,    0.0000000000E+00,    2.8891817848E+02,    2.8891817848E+02,    0.0000000000E+00,    0.0000000000E+00,    0.0000000000E+00,    2.8891817848E+02
    182900,      0.676959,CP0_start,   1,    0.0000000000E+00,    2.8907006795E+02,    2.8907006795E+02,    0.0000000000E+00,    0.0000000000E+00,    0.0000000000E+00,    2.8907006795E+02
    182900,      0.676959,CP1_after_deposition,   1,    0.0000000000E+00,    2.8907006795E+02,    2.8907006795E+02,    0.0000000000E+00,    0.0000000000E+00,    0.0000000000E+00,    2.8907006795E+02
    182900,      0.676959,CP2_after_erosion,   1,    0.0000000000E+00,    2.8907006795E+02,    2.8907006795E+02,    0.0000000000E+00,    0.0000000000E+00,    0.0000000000E+00,    2.8907006795E+02
    182900,      0.676959,CP3_after_update_bottom,   1,    0.0000000000E+00,    2.8907006795E+02,    2.8907006795E+02,    0.0000000000E+00,    0.0000000000E+00,    0.0000000000E+00,    2.8907006795E+02
    182900,      0.676959,CP4_after_advection,   1,    0.0000000000E+00,    2.8905971524E+02,    2.8905971524E+02,    0.0000000000E+00,    0.0000000000E+00,    0.0000000000E+00,    2.8905971524E+02
    182900,      0.676959,CP5_after_vdif,   1,    0.0000000000E+00,    2.8905971524E+02,    2.8905971524E+02,    0.0000000000E+00,    0.0000000000E+00,    0.0000000000E+00,    2.8905971524E+02
    182900,      0.676959,CP6_after_kinetics,   1,    0.0000000000E+00,    2.8905971524E+02,    2.8905971524E+02,    0.0000000000E+00,    0.0000000000E+00,    0.0000000000E+00,    2.8905971524E+02
    182900,      0.676959,CP7_after_upper_clamp,   1,    0.0000000000E+00,    2.8905971524E+02,    2.8905971524E+02,    0.0000000000E+00,    0.0000000000E+00,    0.0000000000E+00,    2.8905971524E+02
    182900,      0.676959,CP8_after_OBC,   1,    0.0000000000E+00,    2.8905971524E+02,    2.8905971524E+02,    0.0000000000E+00,    0.0000000000E+00,    0.0000000000E+00,    2.8905971524E+02
    182900,      0.676959,CP9_after_PTsource,   1,    0.0000000000E+00,    2.8905971524E+02,    2.8905971524E+02,    0.0000000000E+00,    0.0000000000E+00,    0.0000000000E+00,    2.8905971524E+02
    182900,      0.676959,CP10_after_neg_clamp,   1,    0.0000000000E+00,    2.8905971524E+02,    2.8905971524E+02,    0.0000000000E+00,    0.0000000000E+00,    0.0000000000E+00,    2.8905971524E+02
    182900,      0.676959,CP11_after_MPI,   1,    0.0000000000E+00,    2.8905971524E+02,    2.8905971524E+02,    0.0000000000E+00,    0.0000000000E+00,    0.0000000000E+00,    2.8905971524E+02
    182900,      0.676959,CP12_end,   1,    0.0000000000E+00,    2.8905971524E+02,    2.8905971524E+02,    0.0000000000E+00,    0.0000000000E+00,    0.0000000000E+00,    2.8905971524E+02
    182950,      0.676959,CP0_start,   1,    0.0000000000E+00,    2.8920956736E+02,    2.8920956736E+02,    0.0000000000E+00,    0.0000000000E+00,    0.0000000000E+00,    2.8920956736E+02
    182950,      0.676959,CP1_after_deposition,   1,    0.0000000000E+00,    2.8920956736E+02,    2.8920956736E+02,    0.0000000000E+00,    0.0000000000E+00,    0.0000000000E+00,    2.8920956736E+02
    182950,      0.676959,CP2_after_erosion,   1,    0.0000000000E+00,    2.8920956736E+02,    2.8920956736E+02,    0.0000000000E+00,    0.0000000000E+00,    0.0000000000E+00,    2.8920956736E+02
    182950,      0.676959,CP3_after_update_bottom,   1,    0.0000000000E+00,    2.8920956736E+02,    2.8920956736E+02,    0.0000000000E+00,    0.0000000000E+00,    0.0000000000E+00,    2.8920956736E+02
    182950,      0.676959,CP4_after_advection,   1,    0.0000000000E+00,    2.8919925103E+02,    2.8919925103E+02,    0.0000000000E+00,    0.0000000000E+00,    0.0000000000E+00,    2.8919925103E+02
    182950,      0.676959,CP5_after_vdif,   1,    0.0000000000E+00,    2.8919925103E+02,    2.8919925103E+02,    0.0000000000E+00,    0.0000000000E+00,    0.0000000000E+00,    2.8919925103E+02
    182950,      0.676959,CP6_after_kinetics,   1,    0.0000000000E+00,    2.8919925103E+02,    2.8919925103E+02,    0.0000000000E+00,    0.0000000000E+00,    0.0000000000E+00,    2.8919925103E+02
    182950,      0.676959,CP7_after_upper_clamp,   1,    0.0000000000E+00,    2.8919925103E+02,    2.8919925103E+02,    0.0000000000E+00,    0.0000000000E+00,    0.0000000000E+00,    2.8919925103E+02
    182950,      0.676959,CP8_after_OBC,   1,    0.0000000000E+00,    2.8919925103E+02,    2.8919925103E+02,    0.0000000000E+00,    0.0000000000E+00,    0.0000000000E+00,    2.8919925103E+02
    182950,      0.676959,CP9_after_PTsource,   1,    0.0000000000E+00,    2.8919925103E+02,    2.8919925103E+02,    0.0000000000E+00,    0.0000000000E+00,    0.0000000000E+00,    2.8919925103E+02
    182950,      0.676959,CP10_after_neg_clamp,   1,    0.0000000000E+00,    2.8919925103E+02,    2.8919925103E+02,    0.0000000000E+00,    0.0000000000E+00,    0.0000000000E+00,    2.8919925103E+02
    182950,      0.676959,CP11_after_MPI,   1,    0.0000000000E+00,    2.8919925103E+02,    2.8919925103E+02,    0.0000000000E+00,    0.0000000000E+00,    0.0000000000E+00,    2.8919925103E+02
    182950,      0.676959,CP12_end,   1,    0.0000000000E+00,    2.8919925103E+02,    2.8919925103E+02,    0.0000000000E+00,    0.0000000000E+00,    0.0000000000E+00,    2.8919925103E+02
    183000,      0.676959,CP0_start,   1,    0.0000000000E+00,    2.8934675245E+02,    2.8934675245E+02,    0.0000000000E+00,    0.0000000000E+00,    0.0000000000E+00,    2.8934675245E+02
    183000,      0.676959,CP1_after_deposition,   1,    0.0000000000E+00,    2.8934675245E+02,    2.8934675245E+02,    0.0000000000E+00,    0.0000000000E+00,    0.0000000000E+00,    2.8934675245E+02
    183000,      0.676959,CP2_after_erosion,   1,    0.0000000000E+00,    2.8934675245E+02,    2.8934675245E+02,    0.0000000000E+00,    0.0000000000E+00,    0.0000000000E+00,    2.8934675245E+02
    183000,      0.676959,CP3_after_update_bottom,   1,    0.0000000000E+00,    2.8934675245E+02,    2.8934675245E+02,    0.0000000000E+00,    0.0000000000E+00,    0.0000000000E+00,    2.8934675245E+02
    183000,      0.676959,CP4_after_advection,   1,    0.0000000000E+00,    2.8933648262E+02,    2.8933648262E+02,    0.0000000000E+00,    0.0000000000E+00,    0.0000000000E+00,    2.8933648262E+02
    183000,      0.676959,CP5_after_vdif,   1,    0.0000000000E+00,    2.8933648262E+02,    2.8933648262E+02,    0.0000000000E+00,    0.0000000000E+00,    0.0000000000E+00,    2.8933648262E+02
    183000,      0.676959,CP6_after_kinetics,   1,    0.0000000000E+00,    2.8933648262E+02,    2.8933648262E+02,    0.0000000000E+00,    0.0000000000E+00,    0.0000000000E+00,    2.8933648262E+02
    183000,      0.676959,CP7_after_upper_clamp,   1,    0.0000000000E+00,    2.8933648262E+02,    2.8933648262E+02,    0.0000000000E+00,    0.0000000000E+00,    0.0000000000E+00,    2.8933648262E+02
    183000,      0.676959,CP8_after_OBC,   1,    0.0000000000E+00,    2.8933648262E+02,    2.8933648262E+02,    0.0000000000E+00,    0.0000000000E+00,    0.0000000000E+00,    2.8933648262E+02
    183000,      0.676959,CP9_after_PTsource,   1,    0.0000000000E+00,    2.8933648262E+02,    2.8933648262E+02,    0.0000000000E+00,    0.0000000000E+00,    0.0000000000E+00,    2.8933648262E+02
    183000,      0.676959,CP10_after_neg_clamp,   1,    0.0000000000E+00,    2.8933648262E+02,    2.8933648262E+02,    0.0000000000E+00,    0.0000000000E+00,    0.0000000000E+00,    2.8933648262E+02
    183000,      0.676959,CP11_after_MPI,   1,    0.0000000000E+00,    2.8933648262E+02,    2.8933648262E+02,    0.0000000000E+00,    0.0000000000E+00,    0.0000000000E+00,    2.8933648262E+02
    183000,      0.676959,CP12_end,   1,    0.0000000000E+00,    2.8933648262E+02,    2.8933648262E+02,    0.0000000000E+00,    0.0000000000E+00,    0.0000000000E+00,    2.8933648262E+02
    183050,      0.676959,CP0_start,   1,    0.0000000000E+00,    2.8948149500E+02,    2.8948149500E+02,    0.0000000000E+00,    0.0000000000E+00,    0.0000000000E+00,    2.8948149500E+02
    183050,      0.676959,CP1_after_deposition,   1,    0.0000000000E+00,    2.8948149500E+02,    2.8948149500E+02,    0.0000000000E+00,    0.0000000000E+00,    0.0000000000E+00,    2.8948149500E+02
    183050,      0.676959,CP2_after_erosion,   1,    0.0000000000E+00,    2.8948149500E+02,    2.8948149500E+02,    0.0000000000E+00,    0.0000000000E+00,    0.0000000000E+00,    2.8948149500E+02
    183050,      0.676959,CP3_after_update_bottom,   1,    0.0000000000E+00,    2.8948149500E+02,    2.8948149500E+02,    0.0000000000E+00,    0.0000000000E+00,    0.0000000000E+00,    2.8948149500E+02
    183050,      0.676959,CP4_after_advection,   1,    0.0000000000E+00,    2.8947129308E+02,    2.8947129308E+02,    0.0000000000E+00,    0.0000000000E+00,    0.0000000000E+00,    2.8947129308E+02
    183050,      0.676959,CP5_after_vdif,   1,    0.0000000000E+00,    2.8947129308E+02,    2.8947129308E+02,    0.0000000000E+00,    0.0000000000E+00,    0.0000000000E+00,    2.8947129308E+02
    183050,      0.676959,CP6_after_kinetics,   1,    0.0000000000E+00,    2.8947129308E+02,    2.8947129308E+02,    0.0000000000E+00,    0.0000000000E+00,    0.0000000000E+00,    2.8947129308E+02
    183050,      0.676959,CP7_after_upper_clamp,   1,    0.0000000000E+00,    2.8947129308E+02,    2.8947129308E+02,    0.0000000000E+00,    0.0000000000E+00,    0.0000000000E+00,    2.8947129308E+02
    183050,      0.676959,CP8_after_OBC,   1,    0.0000000000E+00,    2.8947129308E+02,    2.8947129308E+02,    0.0000000000E+00,    0.0000000000E+00,    0.0000000000E+00,    2.8947129308E+02
    183050,      0.676959,CP9_after_PTsource,   1,    0.0000000000E+00,    2.8947129308E+02,    2.8947129308E+02,    0.0000000000E+00,    0.0000000000E+00,    0.0000000000E+00,    2.8947129308E+02
    183050,      0.676959,CP10_after_neg_clamp,   1,    0.0000000000E+00,    2.8947129308E+02,    2.8947129308E+02,    0.0000000000E+00,    0.0000000000E+00,    0.0000000000E+00,    2.8947129308E+02
    183050,      0.676959,CP11_after_MPI,   1,    0.0000000000E+00,    2.8947129308E+02,    2.8947129308E+02,    0.0000000000E+00,    0.0000000000E+00,    0.0000000000E+00,    2.8947129308E+02
    183050,      0.676959,CP12_end,   1,    0.0000000000E+00,    2.8947129308E+02,    2.8947129308E+02,    0.0000000000E+00,    0.0000000000E+00,    0.0000000000E+00,    2.8947129308E+02
    183100,      0.676959,CP0_start,   1,    0.0000000000E+00,    2.8961407211E+02,    2.8961407211E+02,    0.0000000000E+00,    0.0000000000E+00,    0.0000000000E+00,    2.8961407211E+02
    183100,      0.676959,CP1_after_deposition,   1,    0.0000000000E+00,    2.8961407211E+02,    2.8961407211E+02,    0.0000000000E+00,    0.0000000000E+00,    0.0000000000E+00,    2.8961407211E+02
    183100,      0.676959,CP2_after_erosion,   1,    0.0000000000E+00,    2.8961407211E+02,    2.8961407211E+02,    0.0000000000E+00,    0.0000000000E+00,    0.0000000000E+00,    2.8961407211E+02
    183100,      0.676959,CP3_after_update_bottom,   1,    0.0000000000E+00,    2.8961407211E+02,    2.8961407211E+02,    0.0000000000E+00,    0.0000000000E+00,    0.0000000000E+00,    2.8961407211E+02
    183100,      0.676959,CP4_after_advection,   1,    0.0000000000E+00,    2.8960396251E+02,    2.8960396251E+02,    0.0000000000E+00,    0.0000000000E+00,    0.0000000000E+00,    2.8960396251E+02
    183100,      0.676959,CP5_after_vdif,   1,    0.0000000000E+00,    2.8960396251E+02,    2.8960396251E+02,    0.0000000000E+00,    0.0000000000E+00,    0.0000000000E+00,    2.8960396251E+02
    183100,      0.676959,CP6_after_kinetics,   1,    0.0000000000E+00,    2.8960396251E+02,    2.8960396251E+02,    0.0000000000E+00,    0.0000000000E+00,    0.0000000000E+00,    2.8960396251E+02
    183100,      0.676959,CP7_after_upper_clamp,   1,    0.0000000000E+00,    2.8960396251E+02,    2.8960396251E+02,    0.0000000000E+00,    0.0000000000E+00,    0.0000000000E+00,    2.8960396251E+02
    183100,      0.676959,CP8_after_OBC,   1,    0.0000000000E+00,    2.8960396251E+02,    2.8960396251E+02,    0.0000000000E+00,    0.0000000000E+00,    0.0000000000E+00,    2.8960396251E+02
    183100,      0.676959,CP9_after_PTsource,   1,    0.0000000000E+00,    2.8960396251E+02,    2.8960396251E+02,    0.0000000000E+00,    0.0000000000E+00,    0.0000000000E+00,    2.8960396251E+02
    183100,      0.676959,CP10_after_neg_clamp,   1,    0.0000000000E+00,    2.8960396251E+02,    2.8960396251E+02,    0.0000000000E+00,    0.0000000000E+00,    0.0000000000E+00,    2.8960396251E+02
    183100,      0.676959,CP11_after_MPI,   1,    0.0000000000E+00,    2.8960396251E+02,    2.8960396251E+02,    0.0000000000E+00,    0.0000000000E+00,    0.0000000000E+00,    2.8960396251E+02
    183100,      0.676959,CP12_end,   1,    0.0000000000E+00,    2.8960396251E+02,    2.8960396251E+02,    0.0000000000E+00,    0.0000000000E+00,    0.0000000000E+00,    2.8960396251E+02
    183150,      0.676959,CP0_start,   1,    0.0000000000E+00,    2.8974485622E+02,    2.8974485622E+02,    0.0000000000E+00,    0.0000000000E+00,    0.0000000000E+00,    2.8974485622E+02
    183150,      0.676959,CP1_after_deposition,   1,    0.0000000000E+00,    2.8974485622E+02,    2.8974485622E+02,    0.0000000000E+00,    0.0000000000E+00,    0.0000000000E+00,    2.8974485622E+02
    183150,      0.676959,CP2_after_erosion,   1,    0.0000000000E+00,    2.8974485622E+02,    2.8974485622E+02,    0.0000000000E+00,    0.0000000000E+00,    0.0000000000E+00,    2.8974485622E+02
    183150,      0.676959,CP3_after_update_bottom,   1,    0.0000000000E+00,    2.8974485622E+02,    2.8974485622E+02,    0.0000000000E+00,    0.0000000000E+00,    0.0000000000E+00,    2.8974485622E+02
    183150,      0.676959,CP4_after_advection,   1,    0.0000000000E+00,    2.8973486460E+02,    2.8973486460E+02,    0.0000000000E+00,    0.0000000000E+00,    0.0000000000E+00,    2.8973486460E+02
    183150,      0.676959,CP5_after_vdif,   1,    0.0000000000E+00,    2.8973486460E+02,    2.8973486460E+02,    0.0000000000E+00,    0.0000000000E+00,    0.0000000000E+00,    2.8973486460E+02
    183150,      0.676959,CP6_after_kinetics,   1,    0.0000000000E+00,    2.8973486460E+02,    2.8973486460E+02,    0.0000000000E+00,    0.0000000000E+00,    0.0000000000E+00,    2.8973486460E+02
    183150,      0.676959,CP7_after_upper_clamp,   1,    0.0000000000E+00,    2.8973486460E+02,    2.8973486460E+02,    0.0000000000E+00,    0.0000000000E+00,    0.0000000000E+00,    2.8973486460E+02
    183150,      0.676959,CP8_after_OBC,   1,    0.0000000000E+00,    2.8973486460E+02,    2.8973486460E+02,    0.0000000000E+00,    0.0000000000E+00,    0.0000000000E+00,    2.8973486460E+02
    183150,      0.676959,CP9_after_PTsource,   1,    0.0000000000E+00,    2.8973486460E+02,    2.8973486460E+02,    0.0000000000E+00,    0.0000000000E+00,    0.0000000000E+00,    2.8973486460E+02
    183150,      0.676959,CP10_after_neg_clamp,   1,    0.0000000000E+00,    2.8973486460E+02,    2.8973486460E+02,    0.0000000000E+00,    0.0000000000E+00,    0.0000000000E+00,    2.8973486460E+02
    183150,      0.676959,CP11_after_MPI,   1,    0.0000000000E+00,    2.8973486460E+02,    2.8973486460E+02,    0.0000000000E+00,    0.0000000000E+00,    0.0000000000E+00,    2.8973486460E+02
    183150,      0.676959,CP12_end,   1,    0.0000000000E+00,    2.8973486460E+02,    2.8973486460E+02,    0.0000000000E+00,    0.0000000000E+00,    0.0000000000E+00,    2.8973486460E+02
    183200,      0.676959,CP0_start,   1,    0.0000000000E+00,    2.8987408700E+02,    2.8987408700E+02,    0.0000000000E+00,    0.0000000000E+00,    0.0000000000E+00,    2.8987408700E+02
    183200,      0.676959,CP1_after_deposition,   1,    0.0000000000E+00,    2.8987408700E+02,    2.8987408700E+02,    0.0000000000E+00,    0.0000000000E+00,    0.0000000000E+00,    2.8987408700E+02
    183200,      0.676959,CP2_after_erosion,   1,    0.0000000000E+00,    2.8987408700E+02,    2.8987408700E+02,    0.0000000000E+00,    0.0000000000E+00,    0.0000000000E+00,    2.8987408700E+02
    183200,      0.676959,CP3_after_update_bottom,   1,    0.0000000000E+00,    2.8987408700E+02,    2.8987408700E+02,    0.0000000000E+00,    0.0000000000E+00,    0.0000000000E+00,    2.8987408700E+02
    183200,      0.676959,CP4_after_advection,   1,    0.0000000000E+00,    2.8986424013E+02,    2.8986424013E+02,    0.0000000000E+00,    0.0000000000E+00,    0.0000000000E+00,    2.8986424013E+02
    183200,      0.676959,CP5_after_vdif,   1,    0.0000000000E+00,    2.8986424013E+02,    2.8986424013E+02,    0.0000000000E+00,    0.0000000000E+00,    0.0000000000E+00,    2.8986424013E+02
    183200,      0.676959,CP6_after_kinetics,   1,    0.0000000000E+00,    2.8986424013E+02,    2.8986424013E+02,    0.0000000000E+00,    0.0000000000E+00,    0.0000000000E+00,    2.8986424013E+02
    183200,      0.676959,CP7_after_upper_clamp,   1,    0.0000000000E+00,    2.8986424013E+02,    2.8986424013E+02,    0.0000000000E+00,    0.0000000000E+00,    0.0000000000E+00,    2.8986424013E+02
    183200,      0.676959,CP8_after_OBC,   1,    0.0000000000E+00,    2.8986424013E+02,    2.8986424013E+02,    0.0000000000E+00,    0.0000000000E+00,    0.0000000000E+00,    2.8986424013E+02
    183200,      0.676959,CP9_after_PTsource,   1,    0.0000000000E+00,    2.8986424013E+02,    2.8986424013E+02,    0.0000000000E+00,    0.0000000000E+00,    0.0000000000E+00,    2.8986424013E+02
    183200,      0.676959,CP10_after_neg_clamp,   1,    0.0000000000E+00,    2.8986424013E+02,    2.8986424013E+02,    0.0000000000E+00,    0.0000000000E+00,    0.0000000000E+00,    2.8986424013E+02
    183200,      0.676959,CP11_after_MPI,   1,    0.0000000000E+00,    2.8986424013E+02,    2.8986424013E+02,    0.0000000000E+00,    0.0000000000E+00,    0.0000000000E+00,    2.8986424013E+02
    183200,      0.676959,CP12_end,   1,    0.0000000000E+00,    2.8986424013E+02,    2.8986424013E+02,    0.0000000000E+00,    0.0000000000E+00,    0.0000000000E+00,    2.8986424013E+02
    183250,      0.676959,CP0_start,   1,    0.0000000000E+00,    2.9000212696E+02,    2.9000212696E+02,    0.0000000000E+00,    0.0000000000E+00,    0.0000000000E+00,    2.9000212696E+02
    183250,      0.676959,CP1_after_deposition,   1,    0.0000000000E+00,    2.9000212696E+02,    2.9000212696E+02,    0.0000000000E+00,    0.0000000000E+00,    0.0000000000E+00,    2.9000212696E+02
    183250,      0.676959,CP2_after_erosion,   1,    0.0000000000E+00,    2.9000212696E+02,    2.9000212696E+02,    0.0000000000E+00,    0.0000000000E+00,    0.0000000000E+00,    2.9000212696E+02
    183250,      0.676959,CP3_after_update_bottom,   1,    0.0000000000E+00,    2.9000212696E+02,    2.9000212696E+02,    0.0000000000E+00,    0.0000000000E+00,    0.0000000000E+00,    2.9000212696E+02
    183250,      0.676959,CP4_after_advection,   1,    0.0000000000E+00,    2.8999244792E+02,    2.8999244792E+02,    0.0000000000E+00,    0.0000000000E+00,    0.0000000000E+00,    2.8999244792E+02
    183250,      0.676959,CP5_after_vdif,   1,    0.0000000000E+00,    2.8999244792E+02,    2.8999244792E+02,    0.0000000000E+00,    0.0000000000E+00,    0.0000000000E+00,    2.8999244792E+02
    183250,      0.676959,CP6_after_kinetics,   1,    0.0000000000E+00,    2.8999244792E+02,    2.8999244792E+02,    0.0000000000E+00,    0.0000000000E+00,    0.0000000000E+00,    2.8999244792E+02
    183250,      0.676959,CP7_after_upper_clamp,   1,    0.0000000000E+00,    2.8999244792E+02,    2.8999244792E+02,    0.0000000000E+00,    0.0000000000E+00,    0.0000000000E+00,    2.8999244792E+02
    183250,      0.676959,CP8_after_OBC,   1,    0.0000000000E+00,    2.8999244792E+02,    2.8999244792E+02,    0.0000000000E+00,    0.0000000000E+00,    0.0000000000E+00,    2.8999244792E+02
    183250,      0.676959,CP9_after_PTsource,   1,    0.0000000000E+00,    2.8999244792E+02,    2.8999244792E+02,    0.0000000000E+00,    0.0000000000E+00,    0.0000000000E+00,    2.8999244792E+02
    183250,      0.676959,CP10_after_neg_clamp,   1,    0.0000000000E+00,    2.8999244792E+02,    2.8999244792E+02,    0.0000000000E+00,    0.0000000000E+00,    0.0000000000E+00,    2.8999244792E+02
    183250,      0.676959,CP11_after_MPI,   1,    0.0000000000E+00,    2.8999244792E+02,    2.8999244792E+02,    0.0000000000E+00,    0.0000000000E+00,    0.0000000000E+00,    2.8999244792E+02
    183250,      0.676959,CP12_end,   1,    0.0000000000E+00,    2.8999244792E+02,    2.8999244792E+02,    0.0000000000E+00,    0.0000000000E+00,    0.0000000000E+00,    2.8999244792E+02
    183300,      0.676959,CP0_start,   1,    0.0000000000E+00,    2.9012917468E+02,    2.9012917468E+02,    0.0000000000E+00,    0.0000000000E+00,    0.0000000000E+00,    2.9012917468E+02
    183300,      0.676959,CP1_after_deposition,   1,    0.0000000000E+00,    2.9012917468E+02,    2.9012917468E+02,    0.0000000000E+00,    0.0000000000E+00,    0.0000000000E+00,    2.9012917468E+02
    183300,      0.676959,CP2_after_erosion,   1,    0.0000000000E+00,    2.9012917468E+02,    2.9012917468E+02,    0.0000000000E+00,    0.0000000000E+00,    0.0000000000E+00,    2.9012917468E+02
    183300,      0.676959,CP3_after_update_bottom,   1,    0.0000000000E+00,    2.9012917468E+02,    2.9012917468E+02,    0.0000000000E+00,    0.0000000000E+00,    0.0000000000E+00,    2.9012917468E+02
    183300,      0.676959,CP4_after_advection,   1,    0.0000000000E+00,    2.9011968466E+02,    2.9011968466E+02,    0.0000000000E+00,    0.0000000000E+00,    0.0000000000E+00,    2.9011968466E+02
    183300,      0.676959,CP5_after_vdif,   1,    0.0000000000E+00,    2.9011968466E+02,    2.9011968466E+02,    0.0000000000E+00,    0.0000000000E+00,    0.0000000000E+00,    2.9011968466E+02
    183300,      0.676959,CP6_after_kinetics,   1,    0.0000000000E+00,    2.9011968466E+02,    2.9011968466E+02,    0.0000000000E+00,    0.0000000000E+00,    0.0000000000E+00,    2.9011968466E+02
    183300,      0.676959,CP7_after_upper_clamp,   1,    0.0000000000E+00,    2.9011968466E+02,    2.9011968466E+02,    0.0000000000E+00,    0.0000000000E+00,    0.0000000000E+00,    2.9011968466E+02
    183300,      0.676959,CP8_after_OBC,   1,    0.0000000000E+00,    2.9011968466E+02,    2.9011968466E+02,    0.0000000000E+00,    0.0000000000E+00,    0.0000000000E+00,    2.9011968466E+02
    183300,      0.676959,CP9_after_PTsource,   1,    0.0000000000E+00,    2.9011968466E+02,    2.9011968466E+02,    0.0000000000E+00,    0.0000000000E+00,    0.0000000000E+00,    2.9011968466E+02
    183300,      0.676959,CP10_after_neg_clamp,   1,    0.0000000000E+00,    2.9011968466E+02,    2.9011968466E+02,    0.0000000000E+00,    0.0000000000E+00,    0.0000000000E+00,    2.9011968466E+02
    183300,      0.676959,CP11_after_MPI,   1,    0.0000000000E+00,    2.9011968466E+02,    2.9011968466E+02,    0.0000000000E+00,    0.0000000000E+00,    0.0000000000E+00,    2.9011968466E+02
    183300,      0.676959,CP12_end,   1,    0.0000000000E+00,    2.9011968466E+02,    2.9011968466E+02,    0.0000000000E+00,    0.0000000000E+00,    0.0000000000E+00,    2.9011968466E+02
    183350,      0.676959,CP0_start,   1,    0.0000000000E+00,    2.9025560143E+02,    2.9025560143E+02,    0.0000000000E+00,    0.0000000000E+00,    0.0000000000E+00,    2.9025560143E+02
    183350,      0.676959,CP1_after_deposition,   1,    0.0000000000E+00,    2.9025560143E+02,    2.9025560143E+02,    0.0000000000E+00,    0.0000000000E+00,    0.0000000000E+00,    2.9025560143E+02
    183350,      0.676959,CP2_after_erosion,   1,    0.0000000000E+00,    2.9025560143E+02,    2.9025560143E+02,    0.0000000000E+00,    0.0000000000E+00,    0.0000000000E+00,    2.9025560143E+02
    183350,      0.676959,CP3_after_update_bottom,   1,    0.0000000000E+00,    2.9025560143E+02,    2.9025560143E+02,    0.0000000000E+00,    0.0000000000E+00,    0.0000000000E+00,    2.9025560143E+02
    183350,      0.676959,CP4_after_advection,   1,    0.0000000000E+00,    2.9024632803E+02,    2.9024632803E+02,    0.0000000000E+00,    0.0000000000E+00,    0.0000000000E+00,    2.9024632803E+02
    183350,      0.676959,CP5_after_vdif,   1,    0.0000000000E+00,    2.9024632803E+02,    2.9024632803E+02,    0.0000000000E+00,    0.0000000000E+00,    0.0000000000E+00,    2.9024632803E+02
    183350,      0.676959,CP6_after_kinetics,   1,    0.0000000000E+00,    2.9024632803E+02,    2.9024632803E+02,    0.0000000000E+00,    0.0000000000E+00,    0.0000000000E+00,    2.9024632803E+02
    183350,      0.676959,CP7_after_upper_clamp,   1,    0.0000000000E+00,    2.9024632803E+02,    2.9024632803E+02,    0.0000000000E+00,    0.0000000000E+00,    0.0000000000E+00,    2.9024632803E+02
    183350,      0.676959,CP8_after_OBC,   1,    0.0000000000E+00,    2.9024632803E+02,    2.9024632803E+02,    0.0000000000E+00,    0.0000000000E+00,    0.0000000000E+00,    2.9024632803E+02
    183350,      0.676959,CP9_after_PTsource,   1,    0.0000000000E+00,    2.9024632803E+02,    2.9024632803E+02,    0.0000000000E+00,    0.0000000000E+00,    0.0000000000E+00,    2.9024632803E+02
    183350,      0.676959,CP10_after_neg_clamp,   1,    0.0000000000E+00,    2.9024632803E+02,    2.9024632803E+02,    0.0000000000E+00,    0.0000000000E+00,    0.0000000000E+00,    2.9024632803E+02
    183350,      0.676959,CP11_after_MPI,   1,    0.0000000000E+00,    2.9024632803E+02,    2.9024632803E+02,    0.0000000000E+00,    0.0000000000E+00,    0.0000000000E+00,    2.9024632803E+02
    183350,      0.676959,CP12_end,   1,    0.0000000000E+00,    2.9024632803E+02,    2.9024632803E+02,    0.0000000000E+00,    0.0000000000E+00,    0.0000000000E+00,    2.9024632803E+02
    183400,      0.676959,CP0_start,   1,    0.0000000000E+00,    2.9038186001E+02,    2.9038186001E+02,    0.0000000000E+00,    0.0000000000E+00,    0.0000000000E+00,    2.9038186001E+02
    183400,      0.676959,CP1_after_deposition,   1,    0.0000000000E+00,    2.9038186001E+02,    2.9038186001E+02,    0.0000000000E+00,    0.0000000000E+00,    0.0000000000E+00,    2.9038186001E+02
    183400,      0.676959,CP2_after_erosion,   1,    0.0000000000E+00,    2.9038186001E+02,    2.9038186001E+02,    0.0000000000E+00,    0.0000000000E+00,    0.0000000000E+00,    2.9038186001E+02
    183400,      0.676959,CP3_after_update_bottom,   1,    0.0000000000E+00,    2.9038186001E+02,    2.9038186001E+02,    0.0000000000E+00,    0.0000000000E+00,    0.0000000000E+00,    2.9038186001E+02
    183400,      0.676959,CP4_after_advection,   1,    0.0000000000E+00,    2.9037282216E+02,    2.9037282216E+02,    0.0000000000E+00,    0.0000000000E+00,    0.0000000000E+00,    2.9037282216E+02
    183400,      0.676959,CP5_after_vdif,   1,    0.0000000000E+00,    2.9037282216E+02,    2.9037282216E+02,    0.0000000000E+00,    0.0000000000E+00,    0.0000000000E+00,    2.9037282216E+02
    183400,      0.676959,CP6_after_kinetics,   1,    0.0000000000E+00,    2.9037282216E+02,    2.9037282216E+02,    0.0000000000E+00,    0.0000000000E+00,    0.0000000000E+00,    2.9037282216E+02
    183400,      0.676959,CP7_after_upper_clamp,   1,    0.0000000000E+00,    2.9037282216E+02,    2.9037282216E+02,    0.0000000000E+00,    0.0000000000E+00,    0.0000000000E+00,    2.9037282216E+02
    183400,      0.676959,CP8_after_OBC,   1,    0.0000000000E+00,    2.9037282216E+02,    2.9037282216E+02,    0.0000000000E+00,    0.0000000000E+00,    0.0000000000E+00,    2.9037282216E+02
    183400,      0.676959,CP9_after_PTsource,   1,    0.0000000000E+00,    2.9037282216E+02,    2.9037282216E+02,    0.0000000000E+00,    0.0000000000E+00,    0.0000000000E+00,    2.9037282216E+02
    183400,      0.676959,CP10_after_neg_clamp,   1,    0.0000000000E+00,    2.9037282216E+02,    2.9037282216E+02,    0.0000000000E+00,    0.0000000000E+00,    0.0000000000E+00,    2.9037282216E+02
    183400,      0.676959,CP11_after_MPI,   1,    0.0000000000E+00,    2.9037282216E+02,    2.9037282216E+02,    0.0000000000E+00,    0.0000000000E+00,    0.0000000000E+00,    2.9037282216E+02
    183400,      0.676959,CP12_end,   1,    0.0000000000E+00,    2.9037282216E+02,    2.9037282216E+02,    0.0000000000E+00,    0.0000000000E+00,    0.0000000000E+00,    2.9037282216E+02
    183450,      0.676959,CP0_start,   1,    0.0000000000E+00,    2.9050802857E+02,    2.9050802857E+02,    0.0000000000E+00,    0.0000000000E+00,    0.0000000000E+00,    2.9050802857E+02
    183450,      0.676959,CP1_after_deposition,   1,    0.0000000000E+00,    2.9050802857E+02,    2.9050802857E+02,    0.0000000000E+00,    0.0000000000E+00,    0.0000000000E+00,    2.9050802857E+02
    183450,      0.676959,CP2_after_erosion,   1,    0.0000000000E+00,    2.9050802857E+02,    2.9050802857E+02,    0.0000000000E+00,    0.0000000000E+00,    0.0000000000E+00,    2.9050802857E+02
    183450,      0.676959,CP3_after_update_bottom,   1,    0.0000000000E+00,    2.9050802857E+02,    2.9050802857E+02,    0.0000000000E+00,    0.0000000000E+00,    0.0000000000E+00,    2.9050802857E+02
    183450,      0.676959,CP4_after_advection,   1,    0.0000000000E+00,    2.9049924578E+02,    2.9049924578E+02,    0.0000000000E+00,    0.0000000000E+00,    0.0000000000E+00,    2.9049924578E+02
    183450,      0.676959,CP5_after_vdif,   1,    0.0000000000E+00,    2.9049924578E+02,    2.9049924578E+02,    0.0000000000E+00,    0.0000000000E+00,    0.0000000000E+00,    2.9049924578E+02
    183450,      0.676959,CP6_after_kinetics,   1,    0.0000000000E+00,    2.9049924578E+02,    2.9049924578E+02,    0.0000000000E+00,    0.0000000000E+00,    0.0000000000E+00,    2.9049924578E+02
    183450,      0.676959,CP7_after_upper_clamp,   1,    0.0000000000E+00,    2.9049924578E+02,    2.9049924578E+02,    0.0000000000E+00,    0.0000000000E+00,    0.0000000000E+00,    2.9049924578E+02
    183450,      0.676959,CP8_after_OBC,   1,    0.0000000000E+00,    2.9049924578E+02,    2.9049924578E+02,    0.0000000000E+00,    0.0000000000E+00,    0.0000000000E+00,    2.9049924578E+02
    183450,      0.676959,CP9_after_PTsource,   1,    0.0000000000E+00,    2.9049924578E+02,    2.9049924578E+02,    0.0000000000E+00,    0.0000000000E+00,    0.0000000000E+00,    2.9049924578E+02
    183450,      0.676959,CP10_after_neg_clamp,   1,    0.0000000000E+00,    2.9049924578E+02,    2.9049924578E+02,    0.0000000000E+00,    0.0000000000E+00,    0.0000000000E+00,    2.9049924578E+02
    183450,      0.676959,CP11_after_MPI,   1,    0.0000000000E+00,    2.9049924578E+02,    2.9049924578E+02,    0.0000000000E+00,    0.0000000000E+00,    0.0000000000E+00,    2.9049924578E+02
    183450,      0.676959,CP12_end,   1,    0.0000000000E+00,    2.9049924578E+02,    2.9049924578E+02,    0.0000000000E+00,    0.0000000000E+00,    0.0000000000E+00,    2.9049924578E+02
    183500,      0.676959,CP0_start,   1,    0.0000000000E+00,    2.9063398705E+02,    2.9063398705E+02,    0.0000000000E+00,    0.0000000000E+00,    0.0000000000E+00,    2.9063398705E+02
    183500,      0.676959,CP1_after_deposition,   1,    0.0000000000E+00,    2.9063398705E+02,    2.9063398705E+02,    0.0000000000E+00,    0.0000000000E+00,    0.0000000000E+00,    2.9063398705E+02
    183500,      0.676959,CP2_after_erosion,   1,    0.0000000000E+00,    2.9063398705E+02,    2.9063398705E+02,    0.0000000000E+00,    0.0000000000E+00,    0.0000000000E+00,    2.9063398705E+02
    183500,      0.676959,CP3_after_update_bottom,   1,    0.0000000000E+00,    2.9063398705E+02,    2.9063398705E+02,    0.0000000000E+00,    0.0000000000E+00,    0.0000000000E+00,    2.9063398705E+02
    183500,      0.676959,CP4_after_advection,   1,    0.0000000000E+00,    2.9062546634E+02,    2.9062546634E+02,    0.0000000000E+00,    0.0000000000E+00,    0.0000000000E+00,    2.9062546634E+02
    183500,      0.676959,CP5_after_vdif,   1,    0.0000000000E+00,    2.9062546634E+02,    2.9062546634E+02,    0.0000000000E+00,    0.0000000000E+00,    0.0000000000E+00,    2.9062546634E+02
    183500,      0.676959,CP6_after_kinetics,   1,    0.0000000000E+00,    2.9062546634E+02,    2.9062546634E+02,    0.0000000000E+00,    0.0000000000E+00,    0.0000000000E+00,    2.9062546634E+02
    183500,      0.676959,CP7_after_upper_clamp,   1,    0.0000000000E+00,    2.9062546634E+02,    2.9062546634E+02,    0.0000000000E+00,    0.0000000000E+00,    0.0000000000E+00,    2.9062546634E+02
    183500,      0.676959,CP8_after_OBC,   1,    0.0000000000E+00,    2.9062546634E+02,    2.9062546634E+02,    0.0000000000E+00,    0.0000000000E+00,    0.0000000000E+00,    2.9062546634E+02
    183500,      0.676959,CP9_after_PTsource,   1,    0.0000000000E+00,    2.9062546634E+02,    2.9062546634E+02,    0.0000000000E+00,    0.0000000000E+00,    0.0000000000E+00,    2.9062546634E+02
    183500,      0.676959,CP10_after_neg_clamp,   1,    0.0000000000E+00,    2.9062546634E+02,    2.9062546634E+02,    0.0000000000E+00,    0.0000000000E+00,    0.0000000000E+00,    2.9062546634E+02
    183500,      0.676959,CP11_after_MPI,   1,    0.0000000000E+00,    2.9062546634E+02,    2.9062546634E+02,    0.0000000000E+00,    0.0000000000E+00,    0.0000000000E+00,    2.9062546634E+02
    183500,      0.676959,CP12_end,   1,    0.0000000000E+00,    2.9062546634E+02,    2.9062546634E+02,    0.0000000000E+00,    0.0000000000E+00,    0.0000000000E+00,    2.9062546634E+02
    183550,      0.676959,CP0_start,   1,    0.0000000000E+00,    2.9075976883E+02,    2.9075976883E+02,    0.0000000000E+00,    0.0000000000E+00,    0.0000000000E+00,    2.9075976883E+02
    183550,      0.676959,CP1_after_deposition,   1,    0.0000000000E+00,    2.9075976883E+02,    2.9075976883E+02,    0.0000000000E+00,    0.0000000000E+00,    0.0000000000E+00,    2.9075976883E+02
    183550,      0.676959,CP2_after_erosion,   1,    0.0000000000E+00,    2.9075976883E+02,    2.9075976883E+02,    0.0000000000E+00,    0.0000000000E+00,    0.0000000000E+00,    2.9075976883E+02
    183550,      0.676959,CP3_after_update_bottom,   1,    0.0000000000E+00,    2.9075976883E+02,    2.9075976883E+02,    0.0000000000E+00,    0.0000000000E+00,    0.0000000000E+00,    2.9075976883E+02
    183550,      0.676959,CP4_after_advection,   1,    0.0000000000E+00,    2.9075152678E+02,    2.9075152678E+02,    0.0000000000E+00,    0.0000000000E+00,    0.0000000000E+00,    2.9075152678E+02
    183550,      0.676959,CP5_after_vdif,   1,    0.0000000000E+00,    2.9075152678E+02,    2.9075152678E+02,    0.0000000000E+00,    0.0000000000E+00,    0.0000000000E+00,    2.9075152678E+02
    183550,      0.676959,CP6_after_kinetics,   1,    0.0000000000E+00,    2.9075152678E+02,    2.9075152678E+02,    0.0000000000E+00,    0.0000000000E+00,    0.0000000000E+00,    2.9075152678E+02
    183550,      0.676959,CP7_after_upper_clamp,   1,    0.0000000000E+00,    2.9075152678E+02,    2.9075152678E+02,    0.0000000000E+00,    0.0000000000E+00,    0.0000000000E+00,    2.9075152678E+02
    183550,      0.676959,CP8_after_OBC,   1,    0.0000000000E+00,    2.9075152678E+02,    2.9075152678E+02,    0.0000000000E+00,    0.0000000000E+00,    0.0000000000E+00,    2.9075152678E+02
    183550,      0.676959,CP9_after_PTsource,   1,    0.0000000000E+00,    2.9075152678E+02,    2.9075152678E+02,    0.0000000000E+00,    0.0000000000E+00,    0.0000000000E+00,    2.9075152678E+02
    183550,      0.676959,CP10_after_neg_clamp,   1,    0.0000000000E+00,    2.9075152678E+02,    2.9075152678E+02,    0.0000000000E+00,    0.0000000000E+00,    0.0000000000E+00,    2.9075152678E+02
    183550,      0.676959,CP11_after_MPI,   1,    0.0000000000E+00,    2.9075152678E+02,    2.9075152678E+02,    0.0000000000E+00,    0.0000000000E+00,    0.0000000000E+00,    2.9075152678E+02
    183550,      0.676959,CP12_end,   1,    0.0000000000E+00,    2.9075152678E+02,    2.9075152678E+02,    0.0000000000E+00,    0.0000000000E+00,    0.0000000000E+00,    2.9075152678E+02
    183600,      0.676959,CP0_start,   1,    0.0000000000E+00,    2.9088590502E+02,    2.9088590502E+02,    0.0000000000E+00,    0.0000000000E+00,    0.0000000000E+00,    2.9088590502E+02
    183600,      0.676959,CP1_after_deposition,   1,    0.0000000000E+00,    2.9088590502E+02,    2.9088590502E+02,    0.0000000000E+00,    0.0000000000E+00,    0.0000000000E+00,    2.9088590502E+02
    183600,      0.676959,CP2_after_erosion,   1,    0.0000000000E+00,    2.9088590502E+02,    2.9088590502E+02,    0.0000000000E+00,    0.0000000000E+00,    0.0000000000E+00,    2.9088590502E+02
    183600,      0.676959,CP3_after_update_bottom,   1,    0.0000000000E+00,    2.9088590502E+02,    2.9088590502E+02,    0.0000000000E+00,    0.0000000000E+00,    0.0000000000E+00,    2.9088590502E+02
    183600,      0.676959,CP4_after_advection,   1,    0.0000000000E+00,    2.9087796232E+02,    2.9087796232E+02,    0.0000000000E+00,    0.0000000000E+00,    0.0000000000E+00,    2.9087796232E+02
    183600,      0.676959,CP5_after_vdif,   1,    0.0000000000E+00,    2.9087796232E+02,    2.9087796232E+02,    0.0000000000E+00,    0.0000000000E+00,    0.0000000000E+00,    2.9087796232E+02
    183600,      0.676959,CP6_after_kinetics,   1,    0.0000000000E+00,    2.9087796232E+02,    2.9087796232E+02,    0.0000000000E+00,    0.0000000000E+00,    0.0000000000E+00,    2.9087796232E+02
    183600,      0.676959,CP7_after_upper_clamp,   1,    0.0000000000E+00,    2.9087796232E+02,    2.9087796232E+02,    0.0000000000E+00,    0.0000000000E+00,    0.0000000000E+00,    2.9087796232E+02
    183600,      0.676959,CP8_after_OBC,   1,    0.0000000000E+00,    2.9087796232E+02,    2.9087796232E+02,    0.0000000000E+00,    0.0000000000E+00,    0.0000000000E+00,    2.9087796232E+02
    183600,      0.676959,CP9_after_PTsource,   1,    0.0000000000E+00,    2.9087796232E+02,    2.9087796232E+02,    0.0000000000E+00,    0.0000000000E+00,    0.0000000000E+00,    2.9087796232E+02
    183600,      0.676959,CP10_after_neg_clamp,   1,    0.0000000000E+00,    2.9087796232E+02,    2.9087796232E+02,    0.0000000000E+00,    0.0000000000E+00,    0.0000000000E+00,    2.9087796232E+02
    183600,      0.676959,CP11_after_MPI,   1,    0.0000000000E+00,    2.9087796232E+02,    2.9087796232E+02,    0.0000000000E+00,    0.0000000000E+00,    0.0000000000E+00,    2.9087796232E+02
    183600,      0.676959,CP12_end,   1,    0.0000000000E+00,    2.9087796232E+02,    2.9087796232E+02,    0.0000000000E+00,    0.0000000000E+00,    0.0000000000E+00,    2.9087796232E+02
    183650,      0.676959,CP0_start,   1,    0.0000000000E+00,    2.9101282527E+02,    2.9101282527E+02,    0.0000000000E+00,    0.0000000000E+00,    0.0000000000E+00,    2.9101282527E+02
    183650,      0.676959,CP1_after_deposition,   1,    0.0000000000E+00,    2.9101282527E+02,    2.9101282527E+02,    0.0000000000E+00,    0.0000000000E+00,    0.0000000000E+00,    2.9101282527E+02
    183650,      0.676959,CP2_after_erosion,   1,    0.0000000000E+00,    2.9101282527E+02,    2.9101282527E+02,    0.0000000000E+00,    0.0000000000E+00,    0.0000000000E+00,    2.9101282527E+02
    183650,      0.676959,CP3_after_update_bottom,   1,    0.0000000000E+00,    2.9101282527E+02,    2.9101282527E+02,    0.0000000000E+00,    0.0000000000E+00,    0.0000000000E+00,    2.9101282527E+02
    183650,      0.676959,CP4_after_advection,   1,    0.0000000000E+00,    2.9100519129E+02,    2.9100519129E+02,    0.0000000000E+00,    0.0000000000E+00,    0.0000000000E+00,    2.9100519129E+02
    183650,      0.676959,CP5_after_vdif,   1,    0.0000000000E+00,    2.9100519129E+02,    2.9100519129E+02,    0.0000000000E+00,    0.0000000000E+00,    0.0000000000E+00,    2.9100519129E+02
    183650,      0.676959,CP6_after_kinetics,   1,    0.0000000000E+00,    2.9100519129E+02,    2.9100519129E+02,    0.0000000000E+00,    0.0000000000E+00,    0.0000000000E+00,    2.9100519129E+02
    183650,      0.676959,CP7_after_upper_clamp,   1,    0.0000000000E+00,    2.9100519129E+02,    2.9100519129E+02,    0.0000000000E+00,    0.0000000000E+00,    0.0000000000E+00,    2.9100519129E+02
    183650,      0.676959,CP8_after_OBC,   1,    0.0000000000E+00,    2.9100519129E+02,    2.9100519129E+02,    0.0000000000E+00,    0.0000000000E+00,    0.0000000000E+00,    2.9100519129E+02
    183650,      0.676959,CP9_after_PTsource,   1,    0.0000000000E+00,    2.9100519129E+02,    2.9100519129E+02,    0.0000000000E+00,    0.0000000000E+00,    0.0000000000E+00,    2.9100519129E+02
    183650,      0.676959,CP10_after_neg_clamp,   1,    0.0000000000E+00,    2.9100519129E+02,    2.9100519129E+02,    0.0000000000E+00,    0.0000000000E+00,    0.0000000000E+00,    2.9100519129E+02
    183650,      0.676959,CP11_after_MPI,   1,    0.0000000000E+00,    2.9100519129E+02,    2.9100519129E+02,    0.0000000000E+00,    0.0000000000E+00,    0.0000000000E+00,    2.9100519129E+02
    183650,      0.676959,CP12_end,   1,    0.0000000000E+00,    2.9100519129E+02,    2.9100519129E+02,    0.0000000000E+00,    0.0000000000E+00,    0.0000000000E+00,    2.9100519129E+02
    183700,      0.676959,CP0_start,   1,    0.0000000000E+00,    2.9114044041E+02,    2.9114044041E+02,    0.0000000000E+00,    0.0000000000E+00,    0.0000000000E+00,    2.9114044041E+02
    183700,      0.676959,CP1_after_deposition,   1,    0.0000000000E+00,    2.9114044041E+02,    2.9114044041E+02,    0.0000000000E+00,    0.0000000000E+00,    0.0000000000E+00,    2.9114044041E+02
    183700,      0.676959,CP2_after_erosion,   1,                 NaN,                 NaN,                 NaN,    0.0000000000E+00,    0.0000000000E+00,    0.0000000000E+00,                 NaN
    183700,      0.676959,CP3_after_update_bottom,   1,                 NaN,                 NaN,                 NaN,    0.0000000000E+00,    0.0000000000E+00,    0.0000000000E+00,                 NaN
    183700,      0.676959,CP4_after_advection,   1,                 NaN,                 NaN,                 NaN,    0.0000000000E+00,    0.0000000000E+00,    0.0000000000E+00,                 NaN
    183700,      0.676959,CP5_after_vdif,   1,                 NaN,                 NaN,                 NaN,    0.0000000000E+00,    0.0000000000E+00,    0.0000000000E+00,                 NaN
    183700,      0.676959,CP6_after_kinetics,   1,                 NaN,                 NaN,                 NaN,    0.0000000000E+00,    0.0000000000E+00,    0.0000000000E+00,                 NaN
    183700,      0.676959,CP7_after_upper_clamp,   1,                 NaN,                 NaN,                 NaN,    0.0000000000E+00,    0.0000000000E+00,    0.0000000000E+00,                 NaN
    183700,      0.676959,CP8_after_OBC,   1,                 NaN,                 NaN,                 NaN,    0.0000000000E+00,    0.0000000000E+00,    0.0000000000E+00,                 NaN
    183700,      0.676959,CP9_after_PTsource,   1,                 NaN,                 NaN,                 NaN,    0.0000000000E+00,    0.0000000000E+00,    0.0000000000E+00,                 NaN
    183700,      0.676959,CP10_after_neg_clamp,   1,    0.0000000000E+00,    2.9089550388E+02,    2.9089550388E+02,    0.0000000000E+00,    0.0000000000E+00,    0.0000000000E+00,    2.9089550388E+02
    183700,      0.676959,CP11_after_MPI,   1,    0.0000000000E+00,    2.9089550388E+02,    2.9089550388E+02,    0.0000000000E+00,    0.0000000000E+00,    0.0000000000E+00,    2.9089550388E+02
    183700,      0.676959,CP12_end,   1,    0.0000000000E+00,    2.9089550388E+02,    2.9089550388E+02,    0.0000000000E+00,    0.0000000000E+00,    0.0000000000E+00,    2.9089550388E+02
    183750,      0.676959,CP0_start,   1,    0.0000000000E+00,    2.9106070533E+02,    2.9106070533E+02,    0.0000000000E+00,    0.0000000000E+00,    0.0000000000E+00,    2.9106070533E+02
    183750,      0.676959,CP1_after_deposition,   1,    0.0000000000E+00,    2.9106070533E+02,    2.9106070533E+02,    0.0000000000E+00,    0.0000000000E+00,    0.0000000000E+00,    2.9106070533E+02
    183750,      0.676959,CP2_after_erosion,   1,    0.0000000000E+00,    2.9106070533E+02,    2.9106070533E+02,    0.0000000000E+00,    0.0000000000E+00,    0.0000000000E+00,    2.9106070533E+02
    183750,      0.676959,CP3_after_update_bottom,   1,    0.0000000000E+00,    2.9106070533E+02,    2.9106070533E+02,    0.0000000000E+00,    0.0000000000E+00,    0.0000000000E+00,    2.9106070533E+02
    183750,      0.676959,CP4_after_advection,   1,    0.0000000000E+00,    2.9105424003E+02,    2.9105424003E+02,    0.0000000000E+00,    0.0000000000E+00,    0.0000000000E+00,    2.9105424003E+02
    183750,      0.676959,CP5_after_vdif,   1,    0.0000000000E+00,    2.9105424003E+02,    2.9105424003E+02,    0.0000000000E+00,    0.0000000000E+00,    0.0000000000E+00,    2.9105424003E+02
    183750,      0.676959,CP6_after_kinetics,   1,    0.0000000000E+00,    2.9105424003E+02,    2.9105424003E+02,    0.0000000000E+00,    0.0000000000E+00,    0.0000000000E+00,    2.9105424003E+02
    183750,      0.676959,CP7_after_upper_clamp,   1,    0.0000000000E+00,    2.9105424003E+02,    2.9105424003E+02,    0.0000000000E+00,    0.0000000000E+00,    0.0000000000E+00,    2.9105424003E+02
    183750,      0.676959,CP8_after_OBC,   1,    0.0000000000E+00,    2.9105424003E+02,    2.9105424003E+02,    0.0000000000E+00,    0.0000000000E+00,    0.0000000000E+00,    2.9105424003E+02
    183750,      0.676959,CP9_after_PTsource,   1,    0.0000000000E+00,    2.9105424003E+02,    2.9105424003E+02,    0.0000000000E+00,    0.0000000000E+00,    0.0000000000E+00,    2.9105424003E+02
    183750,      0.676959,CP10_after_neg_clamp,   1,    0.0000000000E+00,    2.9105424003E+02,    2.9105424003E+02,    0.0000000000E+00,    0.0000000000E+00,    0.0000000000E+00,    2.9105424003E+02
    183750,      0.676959,CP11_after_MPI,   1,    0.0000000000E+00,    2.9105424003E+02,    2.9105424003E+02,    0.0000000000E+00,    0.0000000000E+00,    0.0000000000E+00,    2.9105424003E+02
    183750,      0.676959,CP12_end,   1,    0.0000000000E+00,    2.9105424003E+02,    2.9105424003E+02,    0.0000000000E+00,    0.0000000000E+00,    0.0000000000E+00,    2.9105424003E+02
    183800,      0.676959,CP0_start,   1,    0.0000000000E+00,    2.9121258243E+02,    2.9121258243E+02,    0.0000000000E+00,    0.0000000000E+00,    0.0000000000E+00,    2.9121258243E+02
    183800,      0.676959,CP1_after_deposition,   1,    0.0000000000E+00,    2.9121258243E+02,    2.9121258243E+02,    0.0000000000E+00,    0.0000000000E+00,    0.0000000000E+00,    2.9121258243E+02
    183800,      0.676959,CP2_after_erosion,   1,    0.0000000000E+00,    2.9121258243E+02,    2.9121258243E+02,    0.0000000000E+00,    0.0000000000E+00,    0.0000000000E+00,    2.9121258243E+02
    183800,      0.676959,CP3_after_update_bottom,   1,    0.0000000000E+00,    2.9121258243E+02,    2.9121258243E+02,    0.0000000000E+00,    0.0000000000E+00,    0.0000000000E+00,    2.9121258243E+02
    183800,      0.676959,CP4_after_advection,   1,    0.0000000000E+00,    2.9120620792E+02,    2.9120620792E+02,    0.0000000000E+00,    0.0000000000E+00,    0.0000000000E+00,    2.9120620792E+02
    183800,      0.676959,CP5_after_vdif,   1,    0.0000000000E+00,    2.9120620792E+02,    2.9120620792E+02,    0.0000000000E+00,    0.0000000000E+00,    0.0000000000E+00,    2.9120620792E+02
    183800,      0.676959,CP6_after_kinetics,   1,    0.0000000000E+00,    2.9120620792E+02,    2.9120620792E+02,    0.0000000000E+00,    0.0000000000E+00,    0.0000000000E+00,    2.9120620792E+02
    183800,      0.676959,CP7_after_upper_clamp,   1,    0.0000000000E+00,    2.9120620792E+02,    2.9120620792E+02,    0.0000000000E+00,    0.0000000000E+00,    0.0000000000E+00,    2.9120620792E+02
    183800,      0.676959,CP8_after_OBC,   1,    0.0000000000E+00,    2.9120620792E+02,    2.9120620792E+02,    0.0000000000E+00,    0.0000000000E+00,    0.0000000000E+00,    2.9120620792E+02
    183800,      0.676959,CP9_after_PTsource,   1,    0.0000000000E+00,    2.9120620792E+02,    2.9120620792E+02,    0.0000000000E+00,    0.0000000000E+00,    0.0000000000E+00,    2.9120620792E+02
    183800,      0.676959,CP10_after_neg_clamp,   1,    0.0000000000E+00,    2.9120620792E+02,    2.9120620792E+02,    0.0000000000E+00,    0.0000000000E+00,    0.0000000000E+00,    2.9120620792E+02
    183800,      0.676959,CP11_after_MPI,   1,    0.0000000000E+00,    2.9120620792E+02,    2.9120620792E+02,    0.0000000000E+00,    0.0000000000E+00,    0.0000000000E+00,    2.9120620792E+02
    183800,      0.676959,CP12_end,   1,    0.0000000000E+00,    2.9120620792E+02,    2.9120620792E+02,    0.0000000000E+00,    0.0000000000E+00,    0.0000000000E+00,    2.9120620792E+02
    183850,      0.676959,CP0_start,   1,    0.0000000000E+00,    2.9135563148E+02,    2.9135563148E+02,    0.0000000000E+00,    0.0000000000E+00,    0.0000000000E+00,    2.9135563148E+02
    183850,      0.676959,CP1_after_deposition,   1,    0.0000000000E+00,    2.9135563148E+02,    2.9135563148E+02,    0.0000000000E+00,    0.0000000000E+00,    0.0000000000E+00,    2.9135563148E+02
    183850,      0.676959,CP2_after_erosion,   1,    0.0000000000E+00,    2.9135563148E+02,    2.9135563148E+02,    0.0000000000E+00,    0.0000000000E+00,    0.0000000000E+00,    2.9135563148E+02
    183850,      0.676959,CP3_after_update_bottom,   1,    0.0000000000E+00,    2.9135563148E+02,    2.9135563148E+02,    0.0000000000E+00,    0.0000000000E+00,    0.0000000000E+00,    2.9135563148E+02
    183850,      0.676959,CP4_after_advection,   1,    0.0000000000E+00,    2.9134938270E+02,    2.9134938270E+02,    0.0000000000E+00,    0.0000000000E+00,    0.0000000000E+00,    2.9134938270E+02
    183850,      0.676959,CP5_after_vdif,   1,    0.0000000000E+00,    2.9134938270E+02,    2.9134938270E+02,    0.0000000000E+00,    0.0000000000E+00,    0.0000000000E+00,    2.9134938270E+02
    183850,      0.676959,CP6_after_kinetics,   1,    0.0000000000E+00,    2.9134938270E+02,    2.9134938270E+02,    0.0000000000E+00,    0.0000000000E+00,    0.0000000000E+00,    2.9134938270E+02
    183850,      0.676959,CP7_after_upper_clamp,   1,    0.0000000000E+00,    2.9134938270E+02,    2.9134938270E+02,    0.0000000000E+00,    0.0000000000E+00,    0.0000000000E+00,    2.9134938270E+02
    183850,      0.676959,CP8_after_OBC,   1,    0.0000000000E+00,    2.9134938270E+02,    2.9134938270E+02,    0.0000000000E+00,    0.0000000000E+00,    0.0000000000E+00,    2.9134938270E+02
    183850,      0.676959,CP9_after_PTsource,   1,    0.0000000000E+00,    2.9134938270E+02,    2.9134938270E+02,    0.0000000000E+00,    0.0000000000E+00,    0.0000000000E+00,    2.9134938270E+02
    183850,      0.676959,CP10_after_neg_clamp,   1,    0.0000000000E+00,    2.9134938270E+02,    2.9134938270E+02,    0.0000000000E+00,    0.0000000000E+00,    0.0000000000E+00,    2.9134938270E+02
    183850,      0.676959,CP11_after_MPI,   1,    0.0000000000E+00,    2.9134938270E+02,    2.9134938270E+02,    0.0000000000E+00,    0.0000000000E+00,    0.0000000000E+00,    2.9134938270E+02
    183850,      0.676959,CP12_end,   1,    0.0000000000E+00,    2.9134938270E+02,    2.9134938270E+02,    0.0000000000E+00,    0.0000000000E+00,    0.0000000000E+00,    2.9134938270E+02
    183900,      0.676959,CP0_start,   1,    0.0000000000E+00,    2.9149270386E+02,    2.9149270386E+02,    0.0000000000E+00,    0.0000000000E+00,    0.0000000000E+00,    2.9149270386E+02
    183900,      0.676959,CP1_after_deposition,   1,    0.0000000000E+00,    2.9149270386E+02,    2.9149270386E+02,    0.0000000000E+00,    0.0000000000E+00,    0.0000000000E+00,    2.9149270386E+02
    183900,      0.676959,CP2_after_erosion,   1,    0.0000000000E+00,    2.9149270386E+02,    2.9149270386E+02,    0.0000000000E+00,    0.0000000000E+00,    0.0000000000E+00,    2.9149270386E+02
    183900,      0.676959,CP3_after_update_bottom,   1,    0.0000000000E+00,    2.9149270386E+02,    2.9149270386E+02,    0.0000000000E+00,    0.0000000000E+00,    0.0000000000E+00,    2.9149270386E+02
    183900,      0.676959,CP4_after_advection,   1,    0.0000000000E+00,    2.9148663695E+02,    2.9148663695E+02,    0.0000000000E+00,    0.0000000000E+00,    0.0000000000E+00,    2.9148663695E+02
    183900,      0.676959,CP5_after_vdif,   1,    0.0000000000E+00,    2.9148663695E+02,    2.9148663695E+02,    0.0000000000E+00,    0.0000000000E+00,    0.0000000000E+00,    2.9148663695E+02
    183900,      0.676959,CP6_after_kinetics,   1,    0.0000000000E+00,    2.9148663695E+02,    2.9148663695E+02,    0.0000000000E+00,    0.0000000000E+00,    0.0000000000E+00,    2.9148663695E+02
    183900,      0.676959,CP7_after_upper_clamp,   1,    0.0000000000E+00,    2.9148663695E+02,    2.9148663695E+02,    0.0000000000E+00,    0.0000000000E+00,    0.0000000000E+00,    2.9148663695E+02
    183900,      0.676959,CP8_after_OBC,   1,    0.0000000000E+00,    2.9148663695E+02,    2.9148663695E+02,    0.0000000000E+00,    0.0000000000E+00,    0.0000000000E+00,    2.9148663695E+02
    183900,      0.676959,CP9_after_PTsource,   1,    0.0000000000E+00,    2.9148663695E+02,    2.9148663695E+02,    0.0000000000E+00,    0.0000000000E+00,    0.0000000000E+00,    2.9148663695E+02
    183900,      0.676959,CP10_after_neg_clamp,   1,    0.0000000000E+00,    2.9148663695E+02,    2.9148663695E+02,    0.0000000000E+00,    0.0000000000E+00,    0.0000000000E+00,    2.9148663695E+02
    183900,      0.676959,CP11_after_MPI,   1,    0.0000000000E+00,    2.9148663695E+02,    2.9148663695E+02,    0.0000000000E+00,    0.0000000000E+00,    0.0000000000E+00,    2.9148663695E+02
    183900,      0.676959,CP12_end,   1,    0.0000000000E+00,    2.9148663695E+02,    2.9148663695E+02,    0.0000000000E+00,    0.0000000000E+00,    0.0000000000E+00,    2.9148663695E+02
    183950,      0.676959,CP0_start,   1,    0.0000000000E+00,    2.9162680760E+02,    2.9162680760E+02,    0.0000000000E+00,    0.0000000000E+00,    0.0000000000E+00,    2.9162680760E+02
    183950,      0.676959,CP1_after_deposition,   1,    0.0000000000E+00,    2.9162680760E+02,    2.9162680760E+02,    0.0000000000E+00,    0.0000000000E+00,    0.0000000000E+00,    2.9162680760E+02
    183950,      0.676959,CP2_after_erosion,   1,    0.0000000000E+00,    2.9162680760E+02,    2.9162680760E+02,    0.0000000000E+00,    0.0000000000E+00,    0.0000000000E+00,    2.9162680760E+02
    183950,      0.676959,CP3_after_update_bottom,   1,    0.0000000000E+00,    2.9162680760E+02,    2.9162680760E+02,    0.0000000000E+00,    0.0000000000E+00,    0.0000000000E+00,    2.9162680760E+02
    183950,      0.676959,CP4_after_advection,   1,    0.0000000000E+00,    2.9162097278E+02,    2.9162097278E+02,    0.0000000000E+00,    0.0000000000E+00,    0.0000000000E+00,    2.9162097278E+02
    183950,      0.676959,CP5_after_vdif,   1,    0.0000000000E+00,    2.9162097278E+02,    2.9162097278E+02,    0.0000000000E+00,    0.0000000000E+00,    0.0000000000E+00,    2.9162097278E+02
    183950,      0.676959,CP6_after_kinetics,   1,    0.0000000000E+00,    2.9162097278E+02,    2.9162097278E+02,    0.0000000000E+00,    0.0000000000E+00,    0.0000000000E+00,    2.9162097278E+02
    183950,      0.676959,CP7_after_upper_clamp,   1,    0.0000000000E+00,    2.9162097278E+02,    2.9162097278E+02,    0.0000000000E+00,    0.0000000000E+00,    0.0000000000E+00,    2.9162097278E+02
    183950,      0.676959,CP8_after_OBC,   1,    0.0000000000E+00,    2.9162097278E+02,    2.9162097278E+02,    0.0000000000E+00,    0.0000000000E+00,    0.0000000000E+00,    2.9162097278E+02
    183950,      0.676959,CP9_after_PTsource,   1,    0.0000000000E+00,    2.9162097278E+02,    2.9162097278E+02,    0.0000000000E+00,    0.0000000000E+00,    0.0000000000E+00,    2.9162097278E+02
    183950,      0.676959,CP10_after_neg_clamp,   1,    0.0000000000E+00,    2.9162097278E+02,    2.9162097278E+02,    0.0000000000E+00,    0.0000000000E+00,    0.0000000000E+00,    2.9162097278E+02
    183950,      0.676959,CP11_after_MPI,   1,    0.0000000000E+00,    2.9162097278E+02,    2.9162097278E+02,    0.0000000000E+00,    0.0000000000E+00,    0.0000000000E+00,    2.9162097278E+02
    183950,      0.676959,CP12_end,   1,    0.0000000000E+00,    2.9162097278E+02,    2.9162097278E+02,    0.0000000000E+00,    0.0000000000E+00,    0.0000000000E+00,    2.9162097278E+02
    184000,      0.676959,CP0_start,   1,    0.0000000000E+00,    2.9175994734E+02,    2.9175994734E+02,    0.0000000000E+00,    0.0000000000E+00,    0.0000000000E+00,    2.9175994734E+02
    184000,      0.676959,CP1_after_deposition,   1,    0.0000000000E+00,    2.9175994734E+02,    2.9175994734E+02,    0.0000000000E+00,    0.0000000000E+00,    0.0000000000E+00,    2.9175994734E+02
    184000,      0.676959,CP2_after_erosion,   1,    0.0000000000E+00,    2.9175994734E+02,    2.9175994734E+02,    0.0000000000E+00,    0.0000000000E+00,    0.0000000000E+00,    2.9175994734E+02
    184000,      0.676959,CP3_after_update_bottom,   1,    0.0000000000E+00,    2.9175994734E+02,    2.9175994734E+02,    0.0000000000E+00,    0.0000000000E+00,    0.0000000000E+00,    2.9175994734E+02
    184000,      0.676959,CP4_after_advection,   1,    0.0000000000E+00,    2.9175436561E+02,    2.9175436561E+02,    0.0000000000E+00,    0.0000000000E+00,    0.0000000000E+00,    2.9175436561E+02
    184000,      0.676959,CP5_after_vdif,   1,    0.0000000000E+00,    2.9175436561E+02,    2.9175436561E+02,    0.0000000000E+00,    0.0000000000E+00,    0.0000000000E+00,    2.9175436561E+02
    184000,      0.676959,CP6_after_kinetics,   1,    0.0000000000E+00,    2.9175436561E+02,    2.9175436561E+02,    0.0000000000E+00,    0.0000000000E+00,    0.0000000000E+00,    2.9175436561E+02
    184000,      0.676959,CP7_after_upper_clamp,   1,    0.0000000000E+00,    2.9175436561E+02,    2.9175436561E+02,    0.0000000000E+00,    0.0000000000E+00,    0.0000000000E+00,    2.9175436561E+02
    184000,      0.676959,CP8_after_OBC,   1,    0.0000000000E+00,    2.9175436561E+02,    2.9175436561E+02,    0.0000000000E+00,    0.0000000000E+00,    0.0000000000E+00,    2.9175436561E+02
    184000,      0.676959,CP9_after_PTsource,   1,    0.0000000000E+00,    2.9175436561E+02,    2.9175436561E+02,    0.0000000000E+00,    0.0000000000E+00,    0.0000000000E+00,    2.9175436561E+02
    184000,      0.676959,CP10_after_neg_clamp,   1,    0.0000000000E+00,    2.9175436561E+02,    2.9175436561E+02,    0.0000000000E+00,    0.0000000000E+00,    0.0000000000E+00,    2.9175436561E+02
    184000,      0.676959,CP11_after_MPI,   1,    0.0000000000E+00,    2.9175436561E+02,    2.9175436561E+02,    0.0000000000E+00,    0.0000000000E+00,    0.0000000000E+00,    2.9175436561E+02
    184000,      0.676959,CP12_end,   1,    0.0000000000E+00,    2.9175436561E+02,    2.9175436561E+02,    0.0000000000E+00,    0.0000000000E+00,    0.0000000000E+00,    2.9175436561E+02
    184050,      0.676959,CP0_start,   1,    0.0000000000E+00,    2.9189297469E+02,    2.9189297469E+02,    0.0000000000E+00,    0.0000000000E+00,    0.0000000000E+00,    2.9189297469E+02
    184050,      0.676959,CP1_after_deposition,   1,    0.0000000000E+00,    2.9189297469E+02,    2.9189297469E+02,    0.0000000000E+00,    0.0000000000E+00,    0.0000000000E+00,    2.9189297469E+02
    184050,      0.676959,CP2_after_erosion,   1,    0.0000000000E+00,    2.9189297469E+02,    2.9189297469E+02,    0.0000000000E+00,    0.0000000000E+00,    0.0000000000E+00,    2.9189297469E+02
    184050,      0.676959,CP3_after_update_bottom,   1,    0.0000000000E+00,    2.9189297469E+02,    2.9189297469E+02,    0.0000000000E+00,    0.0000000000E+00,    0.0000000000E+00,    2.9189297469E+02
    184050,      0.676959,CP4_after_advection,   1,    0.0000000000E+00,    2.9188764810E+02,    2.9188764810E+02,    0.0000000000E+00,    0.0000000000E+00,    0.0000000000E+00,    2.9188764810E+02
    184050,      0.676959,CP5_after_vdif,   1,    0.0000000000E+00,    2.9188764810E+02,    2.9188764810E+02,    0.0000000000E+00,    0.0000000000E+00,    0.0000000000E+00,    2.9188764810E+02
    184050,      0.676959,CP6_after_kinetics,   1,    0.0000000000E+00,    2.9188764810E+02,    2.9188764810E+02,    0.0000000000E+00,    0.0000000000E+00,    0.0000000000E+00,    2.9188764810E+02
    184050,      0.676959,CP7_after_upper_clamp,   1,    0.0000000000E+00,    2.9188764810E+02,    2.9188764810E+02,    0.0000000000E+00,    0.0000000000E+00,    0.0000000000E+00,    2.9188764810E+02
    184050,      0.676959,CP8_after_OBC,   1,    0.0000000000E+00,    2.9188764810E+02,    2.9188764810E+02,    0.0000000000E+00,    0.0000000000E+00,    0.0000000000E+00,    2.9188764810E+02
    184050,      0.676959,CP9_after_PTsource,   1,    0.0000000000E+00,    2.9188764810E+02,    2.9188764810E+02,    0.0000000000E+00,    0.0000000000E+00,    0.0000000000E+00,    2.9188764810E+02
    184050,      0.676959,CP10_after_neg_clamp,   1,    0.0000000000E+00,    2.9188764810E+02,    2.9188764810E+02,    0.0000000000E+00,    0.0000000000E+00,    0.0000000000E+00,    2.9188764810E+02
    184050,      0.676959,CP11_after_MPI,   1,    0.0000000000E+00,    2.9188764810E+02,    2.9188764810E+02,    0.0000000000E+00,    0.0000000000E+00,    0.0000000000E+00,    2.9188764810E+02
    184050,      0.676959,CP12_end,   1,    0.0000000000E+00,    2.9188764810E+02,    2.9188764810E+02,    0.0000000000E+00,    0.0000000000E+00,    0.0000000000E+00,    2.9188764810E+02
    184100,      0.676959,CP0_start,   1,    0.0000000000E+00,    2.9202599959E+02,    2.9202599959E+02,    0.0000000000E+00,    0.0000000000E+00,    0.0000000000E+00,    2.9202599959E+02
    184100,      0.676959,CP1_after_deposition,   1,    0.0000000000E+00,    2.9202599959E+02,    2.9202599959E+02,    0.0000000000E+00,    0.0000000000E+00,    0.0000000000E+00,    2.9202599959E+02
    184100,      0.676959,CP2_after_erosion,   1,    0.0000000000E+00,    2.9202599959E+02,    2.9202599959E+02,    0.0000000000E+00,    0.0000000000E+00,    0.0000000000E+00,    2.9202599959E+02
    184100,      0.676959,CP3_after_update_bottom,   1,    0.0000000000E+00,    2.9202599959E+02,    2.9202599959E+02,    0.0000000000E+00,    0.0000000000E+00,    0.0000000000E+00,    2.9202599959E+02
    184100,      0.676959,CP4_after_advection,   1,    0.0000000000E+00,    2.9202091597E+02,    2.9202091597E+02,    0.0000000000E+00,    0.0000000000E+00,    0.0000000000E+00,    2.9202091597E+02
    184100,      0.676959,CP5_after_vdif,   1,    0.0000000000E+00,    2.9202091597E+02,    2.9202091597E+02,    0.0000000000E+00,    0.0000000000E+00,    0.0000000000E+00,    2.9202091597E+02
    184100,      0.676959,CP6_after_kinetics,   1,    0.0000000000E+00,    2.9202091597E+02,    2.9202091597E+02,    0.0000000000E+00,    0.0000000000E+00,    0.0000000000E+00,    2.9202091597E+02
    184100,      0.676959,CP7_after_upper_clamp,   1,    0.0000000000E+00,    2.9202091597E+02,    2.9202091597E+02,    0.0000000000E+00,    0.0000000000E+00,    0.0000000000E+00,    2.9202091597E+02
    184100,      0.676959,CP8_after_OBC,   1,    0.0000000000E+00,    2.9202091597E+02,    2.9202091597E+02,    0.0000000000E+00,    0.0000000000E+00,    0.0000000000E+00,    2.9202091597E+02
    184100,      0.676959,CP9_after_PTsource,   1,    0.0000000000E+00,    2.9202091597E+02,    2.9202091597E+02,    0.0000000000E+00,    0.0000000000E+00,    0.0000000000E+00,    2.9202091597E+02
    184100,      0.676959,CP10_after_neg_clamp,   1,    0.0000000000E+00,    2.9202091597E+02,    2.9202091597E+02,    0.0000000000E+00,    0.0000000000E+00,    0.0000000000E+00,    2.9202091597E+02
    184100,      0.676959,CP11_after_MPI,   1,    0.0000000000E+00,    2.9202091597E+02,    2.9202091597E+02,    0.0000000000E+00,    0.0000000000E+00,    0.0000000000E+00,    2.9202091597E+02
    184100,      0.676959,CP12_end,   1,    0.0000000000E+00,    2.9202091597E+02,    2.9202091597E+02,    0.0000000000E+00,    0.0000000000E+00,    0.0000000000E+00,    2.9202091597E+02
    184150,      0.676959,CP0_start,   1,    0.0000000000E+00,    2.9215871838E+02,    2.9215871838E+02,    0.0000000000E+00,    0.0000000000E+00,    0.0000000000E+00,    2.9215871838E+02
    184150,      0.676959,CP1_after_deposition,   1,    0.0000000000E+00,    2.9215871838E+02,    2.9215871838E+02,    0.0000000000E+00,    0.0000000000E+00,    0.0000000000E+00,    2.9215871838E+02
    184150,      0.676959,CP2_after_erosion,   1,    0.0000000000E+00,    2.9215871838E+02,    2.9215871838E+02,    0.0000000000E+00,    0.0000000000E+00,    0.0000000000E+00,    2.9215871838E+02
    184150,      0.676959,CP3_after_update_bottom,   1,    0.0000000000E+00,    2.9215871838E+02,    2.9215871838E+02,    0.0000000000E+00,    0.0000000000E+00,    0.0000000000E+00,    2.9215871838E+02
    184150,      0.676959,CP4_after_advection,   1,    0.0000000000E+00,    2.9215386266E+02,    2.9215386266E+02,    0.0000000000E+00,    0.0000000000E+00,    0.0000000000E+00,    2.9215386266E+02
    184150,      0.676959,CP5_after_vdif,   1,    0.0000000000E+00,    2.9215386266E+02,    2.9215386266E+02,    0.0000000000E+00,    0.0000000000E+00,    0.0000000000E+00,    2.9215386266E+02
    184150,      0.676959,CP6_after_kinetics,   1,    0.0000000000E+00,    2.9215386266E+02,    2.9215386266E+02,    0.0000000000E+00,    0.0000000000E+00,    0.0000000000E+00,    2.9215386266E+02
    184150,      0.676959,CP7_after_upper_clamp,   1,    0.0000000000E+00,    2.9215386266E+02,    2.9215386266E+02,    0.0000000000E+00,    0.0000000000E+00,    0.0000000000E+00,    2.9215386266E+02
    184150,      0.676959,CP8_after_OBC,   1,    0.0000000000E+00,    2.9215386266E+02,    2.9215386266E+02,    0.0000000000E+00,    0.0000000000E+00,    0.0000000000E+00,    2.9215386266E+02
    184150,      0.676959,CP9_after_PTsource,   1,    0.0000000000E+00,    2.9215386266E+02,    2.9215386266E+02,    0.0000000000E+00,    0.0000000000E+00,    0.0000000000E+00,    2.9215386266E+02
    184150,      0.676959,CP10_after_neg_clamp,   1,    0.0000000000E+00,    2.9215386266E+02,    2.9215386266E+02,    0.0000000000E+00,    0.0000000000E+00,    0.0000000000E+00,    2.9215386266E+02
    184150,      0.676959,CP11_after_MPI,   1,    0.0000000000E+00,    2.9215386266E+02,    2.9215386266E+02,    0.0000000000E+00,    0.0000000000E+00,    0.0000000000E+00,    2.9215386266E+02
    184150,      0.676959,CP12_end,   1,    0.0000000000E+00,    2.9215386266E+02,    2.9215386266E+02,    0.0000000000E+00,    0.0000000000E+00,    0.0000000000E+00,    2.9215386266E+02
    184200,      0.676959,CP0_start,   1,    0.0000000000E+00,    2.9229118348E+02,    2.9229118348E+02,    0.0000000000E+00,    0.0000000000E+00,    0.0000000000E+00,    2.9229118348E+02
    184200,      0.676959,CP1_after_deposition,   1,    0.0000000000E+00,    2.9229118348E+02,    2.9229118348E+02,    0.0000000000E+00,    0.0000000000E+00,    0.0000000000E+00,    2.9229118348E+02
    184200,      0.676959,CP2_after_erosion,   1,    0.0000000000E+00,    2.9229118348E+02,    2.9229118348E+02,    0.0000000000E+00,    0.0000000000E+00,    0.0000000000E+00,    2.9229118348E+02
    184200,      0.676959,CP3_after_update_bottom,   1,    0.0000000000E+00,    2.9229118348E+02,    2.9229118348E+02,    0.0000000000E+00,    0.0000000000E+00,    0.0000000000E+00,    2.9229118348E+02
    184200,      0.676959,CP4_after_advection,   1,    0.0000000000E+00,    2.9228654530E+02,    2.9228654530E+02,    0.0000000000E+00,    0.0000000000E+00,    0.0000000000E+00,    2.9228654530E+02
    184200,      0.676959,CP5_after_vdif,   1,    0.0000000000E+00,    2.9228654530E+02,    2.9228654530E+02,    0.0000000000E+00,    0.0000000000E+00,    0.0000000000E+00,    2.9228654530E+02
    184200,      0.676959,CP6_after_kinetics,   1,    0.0000000000E+00,    2.9228654530E+02,    2.9228654530E+02,    0.0000000000E+00,    0.0000000000E+00,    0.0000000000E+00,    2.9228654530E+02
    184200,      0.676959,CP7_after_upper_clamp,   1,    0.0000000000E+00,    2.9228654530E+02,    2.9228654530E+02,    0.0000000000E+00,    0.0000000000E+00,    0.0000000000E+00,    2.9228654530E+02
    184200,      0.676959,CP8_after_OBC,   1,    0.0000000000E+00,    2.9228654530E+02,    2.9228654530E+02,    0.0000000000E+00,    0.0000000000E+00,    0.0000000000E+00,    2.9228654530E+02
    184200,      0.676959,CP9_after_PTsource,   1,    0.0000000000E+00,    2.9228654530E+02,    2.9228654530E+02,    0.0000000000E+00,    0.0000000000E+00,    0.0000000000E+00,    2.9228654530E+02
    184200,      0.676959,CP10_after_neg_clamp,   1,    0.0000000000E+00,    2.9228654530E+02,    2.9228654530E+02,    0.0000000000E+00,    0.0000000000E+00,    0.0000000000E+00,    2.9228654530E+02
    184200,      0.676959,CP11_after_MPI,   1,    0.0000000000E+00,    2.9228654530E+02,    2.9228654530E+02,    0.0000000000E+00,    0.0000000000E+00,    0.0000000000E+00,    2.9228654530E+02
    184200,      0.676959,CP12_end,   1,    0.0000000000E+00,    2.9228654530E+02,    2.9228654530E+02,    0.0000000000E+00,    0.0000000000E+00,    0.0000000000E+00,    2.9228654530E+02
    184250,      0.676959,CP0_start,   1,    0.0000000000E+00,    2.9242373353E+02,    2.9242373353E+02,    0.0000000000E+00,    0.0000000000E+00,    0.0000000000E+00,    2.9242373353E+02
    184250,      0.676959,CP1_after_deposition,   1,    0.0000000000E+00,    2.9242373353E+02,    2.9242373353E+02,    0.0000000000E+00,    0.0000000000E+00,    0.0000000000E+00,    2.9242373353E+02
    184250,      0.676959,CP2_after_erosion,   1,    0.0000000000E+00,    2.9242373353E+02,    2.9242373353E+02,    0.0000000000E+00,    0.0000000000E+00,    0.0000000000E+00,    2.9242373353E+02
    184250,      0.676959,CP3_after_update_bottom,   1,    0.0000000000E+00,    2.9242373353E+02,    2.9242373353E+02,    0.0000000000E+00,    0.0000000000E+00,    0.0000000000E+00,    2.9242373353E+02
    184250,      0.676959,CP4_after_advection,   1,    0.0000000000E+00,    2.9241931010E+02,    2.9241931010E+02,    0.0000000000E+00,    0.0000000000E+00,    0.0000000000E+00,    2.9241931010E+02
    184250,      0.676959,CP5_after_vdif,   1,    0.0000000000E+00,    2.9241931010E+02,    2.9241931010E+02,    0.0000000000E+00,    0.0000000000E+00,    0.0000000000E+00,    2.9241931010E+02
    184250,      0.676959,CP6_after_kinetics,   1,    0.0000000000E+00,    2.9241931010E+02,    2.9241931010E+02,    0.0000000000E+00,    0.0000000000E+00,    0.0000000000E+00,    2.9241931010E+02
    184250,      0.676959,CP7_after_upper_clamp,   1,    0.0000000000E+00,    2.9241931010E+02,    2.9241931010E+02,    0.0000000000E+00,    0.0000000000E+00,    0.0000000000E+00,    2.9241931010E+02
    184250,      0.676959,CP8_after_OBC,   1,    0.0000000000E+00,    2.9241931010E+02,    2.9241931010E+02,    0.0000000000E+00,    0.0000000000E+00,    0.0000000000E+00,    2.9241931010E+02
    184250,      0.676959,CP9_after_PTsource,   1,    0.0000000000E+00,    2.9241931010E+02,    2.9241931010E+02,    0.0000000000E+00,    0.0000000000E+00,    0.0000000000E+00,    2.9241931010E+02
    184250,      0.676959,CP10_after_neg_clamp,   1,    0.0000000000E+00,    2.9241931010E+02,    2.9241931010E+02,    0.0000000000E+00,    0.0000000000E+00,    0.0000000000E+00,    2.9241931010E+02
    184250,      0.676959,CP11_after_MPI,   1,    0.0000000000E+00,    2.9241931010E+02,    2.9241931010E+02,    0.0000000000E+00,    0.0000000000E+00,    0.0000000000E+00,    2.9241931010E+02
    184250,      0.676959,CP12_end,   1,    0.0000000000E+00,    2.9241931010E+02,    2.9241931010E+02,    0.0000000000E+00,    0.0000000000E+00,    0.0000000000E+00,    2.9241931010E+02
    184300,      0.676959,CP0_start,   1,    0.0000000000E+00,    2.9255708022E+02,    2.9255708022E+02,    0.0000000000E+00,    0.0000000000E+00,    0.0000000000E+00,    2.9255708022E+02
    184300,      0.676959,CP1_after_deposition,   1,    0.0000000000E+00,    2.9255708022E+02,    2.9255708022E+02,    0.0000000000E+00,    0.0000000000E+00,    0.0000000000E+00,    2.9255708022E+02
    184300,      0.676959,CP2_after_erosion,   1,    0.0000000000E+00,    2.9255708022E+02,    2.9255708022E+02,    0.0000000000E+00,    0.0000000000E+00,    0.0000000000E+00,    2.9255708022E+02
    184300,      0.676959,CP3_after_update_bottom,   1,    0.0000000000E+00,    2.9255708022E+02,    2.9255708022E+02,    0.0000000000E+00,    0.0000000000E+00,    0.0000000000E+00,    2.9255708022E+02
    184300,      0.676959,CP4_after_advection,   1,    0.0000000000E+00,    2.9255287448E+02,    2.9255287448E+02,    0.0000000000E+00,    0.0000000000E+00,    0.0000000000E+00,    2.9255287448E+02
    184300,      0.676959,CP5_after_vdif,   1,    0.0000000000E+00,    2.9255287448E+02,    2.9255287448E+02,    0.0000000000E+00,    0.0000000000E+00,    0.0000000000E+00,    2.9255287448E+02
    184300,      0.676959,CP6_after_kinetics,   1,    0.0000000000E+00,    2.9255287448E+02,    2.9255287448E+02,    0.0000000000E+00,    0.0000000000E+00,    0.0000000000E+00,    2.9255287448E+02
    184300,      0.676959,CP7_after_upper_clamp,   1,    0.0000000000E+00,    2.9255287448E+02,    2.9255287448E+02,    0.0000000000E+00,    0.0000000000E+00,    0.0000000000E+00,    2.9255287448E+02
    184300,      0.676959,CP8_after_OBC,   1,    0.0000000000E+00,    2.9255287448E+02,    2.9255287448E+02,    0.0000000000E+00,    0.0000000000E+00,    0.0000000000E+00,    2.9255287448E+02
    184300,      0.676959,CP9_after_PTsource,   1,    0.0000000000E+00,    2.9255287448E+02,    2.9255287448E+02,    0.0000000000E+00,    0.0000000000E+00,    0.0000000000E+00,    2.9255287448E+02
    184300,      0.676959,CP10_after_neg_clamp,   1,    0.0000000000E+00,    2.9255287448E+02,    2.9255287448E+02,    0.0000000000E+00,    0.0000000000E+00,    0.0000000000E+00,    2.9255287448E+02
    184300,      0.676959,CP11_after_MPI,   1,    0.0000000000E+00,    2.9255287448E+02,    2.9255287448E+02,    0.0000000000E+00,    0.0000000000E+00,    0.0000000000E+00,    2.9255287448E+02
    184300,      0.676959,CP12_end,   1,    0.0000000000E+00,    2.9255287448E+02,    2.9255287448E+02,    0.0000000000E+00,    0.0000000000E+00,    0.0000000000E+00,    2.9255287448E+02
    184350,      0.676959,CP0_start,   1,    0.0000000000E+00,    2.9269225158E+02,    2.9269225158E+02,    0.0000000000E+00,    0.0000000000E+00,    0.0000000000E+00,    2.9269225158E+02
    184350,      0.676959,CP1_after_deposition,   1,    0.0000000000E+00,    2.9269225158E+02,    2.9269225158E+02,    0.0000000000E+00,    0.0000000000E+00,    0.0000000000E+00,    2.9269225158E+02
    184350,      0.676959,CP2_after_erosion,   1,    0.0000000000E+00,    2.9269225158E+02,    2.9269225158E+02,    0.0000000000E+00,    0.0000000000E+00,    0.0000000000E+00,    2.9269225158E+02
    184350,      0.676959,CP3_after_update_bottom,   1,    0.0000000000E+00,    2.9269225158E+02,    2.9269225158E+02,    0.0000000000E+00,    0.0000000000E+00,    0.0000000000E+00,    2.9269225158E+02
    184350,      0.676959,CP4_after_advection,   1,    0.0000000000E+00,    2.9268826859E+02,    2.9268826859E+02,    0.0000000000E+00,    0.0000000000E+00,    0.0000000000E+00,    2.9268826859E+02
    184350,      0.676959,CP5_after_vdif,   1,    0.0000000000E+00,    2.9268826859E+02,    2.9268826859E+02,    0.0000000000E+00,    0.0000000000E+00,    0.0000000000E+00,    2.9268826859E+02
    184350,      0.676959,CP6_after_kinetics,   1,    0.0000000000E+00,    2.9268826859E+02,    2.9268826859E+02,    0.0000000000E+00,    0.0000000000E+00,    0.0000000000E+00,    2.9268826859E+02
    184350,      0.676959,CP7_after_upper_clamp,   1,    0.0000000000E+00,    2.9268826859E+02,    2.9268826859E+02,    0.0000000000E+00,    0.0000000000E+00,    0.0000000000E+00,    2.9268826859E+02
    184350,      0.676959,CP8_after_OBC,   1,    0.0000000000E+00,    2.9268826859E+02,    2.9268826859E+02,    0.0000000000E+00,    0.0000000000E+00,    0.0000000000E+00,    2.9268826859E+02
    184350,      0.676959,CP9_after_PTsource,   1,    0.0000000000E+00,    2.9268826859E+02,    2.9268826859E+02,    0.0000000000E+00,    0.0000000000E+00,    0.0000000000E+00,    2.9268826859E+02
    184350,      0.676959,CP10_after_neg_clamp,   1,    0.0000000000E+00,    2.9268826859E+02,    2.9268826859E+02,    0.0000000000E+00,    0.0000000000E+00,    0.0000000000E+00,    2.9268826859E+02
    184350,      0.676959,CP11_after_MPI,   1,    0.0000000000E+00,    2.9268826859E+02,    2.9268826859E+02,    0.0000000000E+00,    0.0000000000E+00,    0.0000000000E+00,    2.9268826859E+02
    184350,      0.676959,CP12_end,   1,    0.0000000000E+00,    2.9268826859E+02,    2.9268826859E+02,    0.0000000000E+00,    0.0000000000E+00,    0.0000000000E+00,    2.9268826859E+02
    184400,      0.676959,CP0_start,   1,    0.0000000000E+00,    2.9283011227E+02,    2.9283011227E+02,    0.0000000000E+00,    0.0000000000E+00,    0.0000000000E+00,    2.9283011227E+02
    184400,      0.676959,CP1_after_deposition,   1,    0.0000000000E+00,    2.9283011227E+02,    2.9283011227E+02,    0.0000000000E+00,    0.0000000000E+00,    0.0000000000E+00,    2.9283011227E+02
    184400,      0.676959,CP2_after_erosion,   1,    0.0000000000E+00,    2.9283011227E+02,    2.9283011227E+02,    0.0000000000E+00,    0.0000000000E+00,    0.0000000000E+00,    2.9283011227E+02
    184400,      0.676959,CP3_after_update_bottom,   1,    0.0000000000E+00,    2.9283011227E+02,    2.9283011227E+02,    0.0000000000E+00,    0.0000000000E+00,    0.0000000000E+00,    2.9283011227E+02
    184400,      0.676959,CP4_after_advection,   1,    0.0000000000E+00,    2.9282635117E+02,    2.9282635117E+02,    0.0000000000E+00,    0.0000000000E+00,    0.0000000000E+00,    2.9282635117E+02
    184400,      0.676959,CP5_after_vdif,   1,    0.0000000000E+00,    2.9282635117E+02,    2.9282635117E+02,    0.0000000000E+00,    0.0000000000E+00,    0.0000000000E+00,    2.9282635117E+02
    184400,      0.676959,CP6_after_kinetics,   1,    0.0000000000E+00,    2.9282635117E+02,    2.9282635117E+02,    0.0000000000E+00,    0.0000000000E+00,    0.0000000000E+00,    2.9282635117E+02
    184400,      0.676959,CP7_after_upper_clamp,   1,    0.0000000000E+00,    2.9282635117E+02,    2.9282635117E+02,    0.0000000000E+00,    0.0000000000E+00,    0.0000000000E+00,    2.9282635117E+02
    184400,      0.676959,CP8_after_OBC,   1,    0.0000000000E+00,    2.9282635117E+02,    2.9282635117E+02,    0.0000000000E+00,    0.0000000000E+00,    0.0000000000E+00,    2.9282635117E+02
    184400,      0.676959,CP9_after_PTsource,   1,    0.0000000000E+00,    2.9282635117E+02,    2.9282635117E+02,    0.0000000000E+00,    0.0000000000E+00,    0.0000000000E+00,    2.9282635117E+02
    184400,      0.676959,CP10_after_neg_clamp,   1,    0.0000000000E+00,    2.9282635117E+02,    2.9282635117E+02,    0.0000000000E+00,    0.0000000000E+00,    0.0000000000E+00,    2.9282635117E+02
    184400,      0.676959,CP11_after_MPI,   1,    0.0000000000E+00,    2.9282635117E+02,    2.9282635117E+02,    0.0000000000E+00,    0.0000000000E+00,    0.0000000000E+00,    2.9282635117E+02
    184400,      0.676959,CP12_end,   1,    0.0000000000E+00,    2.9282635117E+02,    2.9282635117E+02,    0.0000000000E+00,    0.0000000000E+00,    0.0000000000E+00,    2.9282635117E+02
    184450,      0.676959,CP0_start,   1,    0.0000000000E+00,    2.9297118098E+02,    2.9297118098E+02,    0.0000000000E+00,    0.0000000000E+00,    0.0000000000E+00,    2.9297118098E+02
    184450,      0.676959,CP1_after_deposition,   1,    0.0000000000E+00,    2.9297118098E+02,    2.9297118098E+02,    0.0000000000E+00,    0.0000000000E+00,    0.0000000000E+00,    2.9297118098E+02
    184450,      0.676959,CP2_after_erosion,   1,    0.0000000000E+00,    2.9297118098E+02,    2.9297118098E+02,    0.0000000000E+00,    0.0000000000E+00,    0.0000000000E+00,    2.9297118098E+02
    184450,      0.676959,CP3_after_update_bottom,   1,    0.0000000000E+00,    2.9297118098E+02,    2.9297118098E+02,    0.0000000000E+00,    0.0000000000E+00,    0.0000000000E+00,    2.9297118098E+02
    184450,      0.676959,CP4_after_advection,   1,    0.0000000000E+00,    2.9296763446E+02,    2.9296763446E+02,    0.0000000000E+00,    0.0000000000E+00,    0.0000000000E+00,    2.9296763446E+02
    184450,      0.676959,CP5_after_vdif,   1,    0.0000000000E+00,    2.9296763446E+02,    2.9296763446E+02,    0.0000000000E+00,    0.0000000000E+00,    0.0000000000E+00,    2.9296763446E+02
    184450,      0.676959,CP6_after_kinetics,   1,    0.0000000000E+00,    2.9296763446E+02,    2.9296763446E+02,    0.0000000000E+00,    0.0000000000E+00,    0.0000000000E+00,    2.9296763446E+02
    184450,      0.676959,CP7_after_upper_clamp,   1,    0.0000000000E+00,    2.9296763446E+02,    2.9296763446E+02,    0.0000000000E+00,    0.0000000000E+00,    0.0000000000E+00,    2.9296763446E+02
    184450,      0.676959,CP8_after_OBC,   1,    0.0000000000E+00,    2.9296763446E+02,    2.9296763446E+02,    0.0000000000E+00,    0.0000000000E+00,    0.0000000000E+00,    2.9296763446E+02
    184450,      0.676959,CP9_after_PTsource,   1,    0.0000000000E+00,    2.9296763446E+02,    2.9296763446E+02,    0.0000000000E+00,    0.0000000000E+00,    0.0000000000E+00,    2.9296763446E+02
    184450,      0.676959,CP10_after_neg_clamp,   1,    0.0000000000E+00,    2.9296763446E+02,    2.9296763446E+02,    0.0000000000E+00,    0.0000000000E+00,    0.0000000000E+00,    2.9296763446E+02
    184450,      0.676959,CP11_after_MPI,   1,    0.0000000000E+00,    2.9296763446E+02,    2.9296763446E+02,    0.0000000000E+00,    0.0000000000E+00,    0.0000000000E+00,    2.9296763446E+02
    184450,      0.676959,CP12_end,   1,    0.0000000000E+00,    2.9296763446E+02,    2.9296763446E+02,    0.0000000000E+00,    0.0000000000E+00,    0.0000000000E+00,    2.9296763446E+02
    184500,      0.676959,CP0_start,   1,    0.0000000000E+00,    2.9311557902E+02,    2.9311557902E+02,    0.0000000000E+00,    0.0000000000E+00,    0.0000000000E+00,    2.9311557902E+02
    184500,      0.676959,CP1_after_deposition,   1,    0.0000000000E+00,    2.9311557902E+02,    2.9311557902E+02,    0.0000000000E+00,    0.0000000000E+00,    0.0000000000E+00,    2.9311557902E+02
    184500,      0.676959,CP2_after_erosion,   1,    0.0000000000E+00,    2.9311557902E+02,    2.9311557902E+02,    0.0000000000E+00,    0.0000000000E+00,    0.0000000000E+00,    2.9311557902E+02
    184500,      0.676959,CP3_after_update_bottom,   1,    0.0000000000E+00,    2.9311557902E+02,    2.9311557902E+02,    0.0000000000E+00,    0.0000000000E+00,    0.0000000000E+00,    2.9311557902E+02
    184500,      0.676959,CP4_after_advection,   1,    0.0000000000E+00,    2.9311223122E+02,    2.9311223122E+02,    0.0000000000E+00,    0.0000000000E+00,    0.0000000000E+00,    2.9311223122E+02
    184500,      0.676959,CP5_after_vdif,   1,    0.0000000000E+00,    2.9311223122E+02,    2.9311223122E+02,    0.0000000000E+00,    0.0000000000E+00,    0.0000000000E+00,    2.9311223122E+02
    184500,      0.676959,CP6_after_kinetics,   1,    0.0000000000E+00,    2.9311223122E+02,    2.9311223122E+02,    0.0000000000E+00,    0.0000000000E+00,    0.0000000000E+00,    2.9311223122E+02
    184500,      0.676959,CP7_after_upper_clamp,   1,    0.0000000000E+00,    2.9311223122E+02,    2.9311223122E+02,    0.0000000000E+00,    0.0000000000E+00,    0.0000000000E+00,    2.9311223122E+02
    184500,      0.676959,CP8_after_OBC,   1,    0.0000000000E+00,    2.9311223122E+02,    2.9311223122E+02,    0.0000000000E+00,    0.0000000000E+00,    0.0000000000E+00,    2.9311223122E+02
    184500,      0.676959,CP9_after_PTsource,   1,    0.0000000000E+00,    2.9311223122E+02,    2.9311223122E+02,    0.0000000000E+00,    0.0000000000E+00,    0.0000000000E+00,    2.9311223122E+02
    184500,      0.676959,CP10_after_neg_clamp,   1,    0.0000000000E+00,    2.9311223122E+02,    2.9311223122E+02,    0.0000000000E+00,    0.0000000000E+00,    0.0000000000E+00,    2.9311223122E+02
    184500,      0.676959,CP11_after_MPI,   1,    0.0000000000E+00,    2.9311223122E+02,    2.9311223122E+02,    0.0000000000E+00,    0.0000000000E+00,    0.0000000000E+00,    2.9311223122E+02
    184500,      0.676959,CP12_end,   1,    0.0000000000E+00,    2.9311223122E+02,    2.9311223122E+02,    0.0000000000E+00,    0.0000000000E+00,    0.0000000000E+00,    2.9311223122E+02
    184550,      0.676959,CP0_start,   1,    0.0000000000E+00,    2.9326320021E+02,    2.9326320021E+02,    0.0000000000E+00,    0.0000000000E+00,    0.0000000000E+00,    2.9326320021E+02
    184550,      0.676959,CP1_after_deposition,   1,    0.0000000000E+00,    2.9326320021E+02,    2.9326320021E+02,    0.0000000000E+00,    0.0000000000E+00,    0.0000000000E+00,    2.9326320021E+02
    184550,      0.676959,CP2_after_erosion,   1,    0.0000000000E+00,    2.9326320021E+02,    2.9326320021E+02,    0.0000000000E+00,    0.0000000000E+00,    0.0000000000E+00,    2.9326320021E+02
    184550,      0.676959,CP3_after_update_bottom,   1,    0.0000000000E+00,    2.9326320021E+02,    2.9326320021E+02,    0.0000000000E+00,    0.0000000000E+00,    0.0000000000E+00,    2.9326320021E+02
    184550,      0.676959,CP4_after_advection,   1,    0.0000000000E+00,    2.9326003221E+02,    2.9326003221E+02,    0.0000000000E+00,    0.0000000000E+00,    0.0000000000E+00,    2.9326003221E+02
    184550,      0.676959,CP5_after_vdif,   1,    0.0000000000E+00,    2.9326003221E+02,    2.9326003221E+02,    0.0000000000E+00,    0.0000000000E+00,    0.0000000000E+00,    2.9326003221E+02
    184550,      0.676959,CP6_after_kinetics,   1,    0.0000000000E+00,    2.9326003221E+02,    2.9326003221E+02,    0.0000000000E+00,    0.0000000000E+00,    0.0000000000E+00,    2.9326003221E+02
    184550,      0.676959,CP7_after_upper_clamp,   1,    0.0000000000E+00,    2.9326003221E+02,    2.9326003221E+02,    0.0000000000E+00,    0.0000000000E+00,    0.0000000000E+00,    2.9326003221E+02
    184550,      0.676959,CP8_after_OBC,   1,    0.0000000000E+00,    2.9326003221E+02,    2.9326003221E+02,    0.0000000000E+00,    0.0000000000E+00,    0.0000000000E+00,    2.9326003221E+02
    184550,      0.676959,CP9_after_PTsource,   1,    0.0000000000E+00,    2.9326003221E+02,    2.9326003221E+02,    0.0000000000E+00,    0.0000000000E+00,    0.0000000000E+00,    2.9326003221E+02
    184550,      0.676959,CP10_after_neg_clamp,   1,    0.0000000000E+00,    2.9326003221E+02,    2.9326003221E+02,    0.0000000000E+00,    0.0000000000E+00,    0.0000000000E+00,    2.9326003221E+02
    184550,      0.676959,CP11_after_MPI,   1,    0.0000000000E+00,    2.9326003221E+02,    2.9326003221E+02,    0.0000000000E+00,    0.0000000000E+00,    0.0000000000E+00,    2.9326003221E+02
    184550,      0.676959,CP12_end,   1,    0.0000000000E+00,    2.9326003221E+02,    2.9326003221E+02,    0.0000000000E+00,    0.0000000000E+00,    0.0000000000E+00,    2.9326003221E+02
    184600,      0.676959,CP0_start,   1,    0.0000000000E+00,    2.9341347110E+02,    2.9341347110E+02,    0.0000000000E+00,    0.0000000000E+00,    0.0000000000E+00,    2.9341347110E+02
    184600,      0.676959,CP1_after_deposition,   1,    0.0000000000E+00,    2.9341347110E+02,    2.9341347110E+02,    0.0000000000E+00,    0.0000000000E+00,    0.0000000000E+00,    2.9341347110E+02
    184600,      0.676959,CP2_after_erosion,   1,    0.0000000000E+00,    2.9341347110E+02,    2.9341347110E+02,    0.0000000000E+00,    0.0000000000E+00,    0.0000000000E+00,    2.9341347110E+02
    184600,      0.676959,CP3_after_update_bottom,   1,    0.0000000000E+00,    2.9341347110E+02,    2.9341347110E+02,    0.0000000000E+00,    0.0000000000E+00,    0.0000000000E+00,    2.9341347110E+02
    184600,      0.676959,CP4_after_advection,   1,    0.0000000000E+00,    2.9341045862E+02,    2.9341045862E+02,    0.0000000000E+00,    0.0000000000E+00,    0.0000000000E+00,    2.9341045862E+02
    184600,      0.676959,CP5_after_vdif,   1,    0.0000000000E+00,    2.9341045862E+02,    2.9341045862E+02,    0.0000000000E+00,    0.0000000000E+00,    0.0000000000E+00,    2.9341045862E+02
    184600,      0.676959,CP6_after_kinetics,   1,    0.0000000000E+00,    2.9341045862E+02,    2.9341045862E+02,    0.0000000000E+00,    0.0000000000E+00,    0.0000000000E+00,    2.9341045862E+02
    184600,      0.676959,CP7_after_upper_clamp,   1,    0.0000000000E+00,    2.9341045862E+02,    2.9341045862E+02,    0.0000000000E+00,    0.0000000000E+00,    0.0000000000E+00,    2.9341045862E+02
    184600,      0.676959,CP8_after_OBC,   1,    0.0000000000E+00,    2.9341045862E+02,    2.9341045862E+02,    0.0000000000E+00,    0.0000000000E+00,    0.0000000000E+00,    2.9341045862E+02
    184600,      0.676959,CP9_after_PTsource,   1,    0.0000000000E+00,    2.9341045862E+02,    2.9341045862E+02,    0.0000000000E+00,    0.0000000000E+00,    0.0000000000E+00,    2.9341045862E+02
    184600,      0.676959,CP10_after_neg_clamp,   1,    0.0000000000E+00,    2.9341045862E+02,    2.9341045862E+02,    0.0000000000E+00,    0.0000000000E+00,    0.0000000000E+00,    2.9341045862E+02
    184600,      0.676959,CP11_after_MPI,   1,    0.0000000000E+00,    2.9341045862E+02,    2.9341045862E+02,    0.0000000000E+00,    0.0000000000E+00,    0.0000000000E+00,    2.9341045862E+02
    184600,      0.676959,CP12_end,   1,    0.0000000000E+00,    2.9341045862E+02,    2.9341045862E+02,    0.0000000000E+00,    0.0000000000E+00,    0.0000000000E+00,    2.9341045862E+02
    184650,      0.676959,CP0_start,   1,    0.0000000000E+00,    2.9356575431E+02,    2.9356575431E+02,    0.0000000000E+00,    0.0000000000E+00,    0.0000000000E+00,    2.9356575431E+02
    184650,      0.676959,CP1_after_deposition,   1,    0.0000000000E+00,    2.9356575431E+02,    2.9356575431E+02,    0.0000000000E+00,    0.0000000000E+00,    0.0000000000E+00,    2.9356575431E+02
    184650,      0.676959,CP2_after_erosion,   1,    0.0000000000E+00,    2.9356575431E+02,    2.9356575431E+02,    0.0000000000E+00,    0.0000000000E+00,    0.0000000000E+00,    2.9356575431E+02
    184650,      0.676959,CP3_after_update_bottom,   1,    0.0000000000E+00,    2.9356575431E+02,    2.9356575431E+02,    0.0000000000E+00,    0.0000000000E+00,    0.0000000000E+00,    2.9356575431E+02
    184650,      0.676959,CP4_after_advection,   1,    0.0000000000E+00,    2.9356287645E+02,    2.9356287645E+02,    0.0000000000E+00,    0.0000000000E+00,    0.0000000000E+00,    2.9356287645E+02
    184650,      0.676959,CP5_after_vdif,   1,    0.0000000000E+00,    2.9356287645E+02,    2.9356287645E+02,    0.0000000000E+00,    0.0000000000E+00,    0.0000000000E+00,    2.9356287645E+02
    184650,      0.676959,CP6_after_kinetics,   1,    0.0000000000E+00,    2.9356287645E+02,    2.9356287645E+02,    0.0000000000E+00,    0.0000000000E+00,    0.0000000000E+00,    2.9356287645E+02
    184650,      0.676959,CP7_after_upper_clamp,   1,    0.0000000000E+00,    2.9356287645E+02,    2.9356287645E+02,    0.0000000000E+00,    0.0000000000E+00,    0.0000000000E+00,    2.9356287645E+02
    184650,      0.676959,CP8_after_OBC,   1,    0.0000000000E+00,    2.9356287645E+02,    2.9356287645E+02,    0.0000000000E+00,    0.0000000000E+00,    0.0000000000E+00,    2.9356287645E+02
    184650,      0.676959,CP9_after_PTsource,   1,    0.0000000000E+00,    2.9356287645E+02,    2.9356287645E+02,    0.0000000000E+00,    0.0000000000E+00,    0.0000000000E+00,    2.9356287645E+02
    184650,      0.676959,CP10_after_neg_clamp,   1,    0.0000000000E+00,    2.9356287645E+02,    2.9356287645E+02,    0.0000000000E+00,    0.0000000000E+00,    0.0000000000E+00,    2.9356287645E+02
    184650,      0.676959,CP11_after_MPI,   1,    0.0000000000E+00,    2.9356287645E+02,    2.9356287645E+02,    0.0000000000E+00,    0.0000000000E+00,    0.0000000000E+00,    2.9356287645E+02
    184650,      0.676959,CP12_end,   1,    0.0000000000E+00,    2.9356287645E+02,    2.9356287645E+02,    0.0000000000E+00,    0.0000000000E+00,    0.0000000000E+00,    2.9356287645E+02
    184700,      0.676959,CP0_start,   1,    0.0000000000E+00,    2.9371947824E+02,    2.9371947824E+02,    0.0000000000E+00,    0.0000000000E+00,    0.0000000000E+00,    2.9371947824E+02
    184700,      0.676959,CP1_after_deposition,   1,    0.0000000000E+00,    2.9371947824E+02,    2.9371947824E+02,    0.0000000000E+00,    0.0000000000E+00,    0.0000000000E+00,    2.9371947824E+02
    184700,      0.676959,CP2_after_erosion,   1,    0.0000000000E+00,    2.9371947824E+02,    2.9371947824E+02,    0.0000000000E+00,    0.0000000000E+00,    0.0000000000E+00,    2.9371947824E+02
    184700,      0.676959,CP3_after_update_bottom,   1,    0.0000000000E+00,    2.9371947824E+02,    2.9371947824E+02,    0.0000000000E+00,    0.0000000000E+00,    0.0000000000E+00,    2.9371947824E+02
    184700,      0.676959,CP4_after_advection,   1,    0.0000000000E+00,    2.9371671298E+02,    2.9371671298E+02,    0.0000000000E+00,    0.0000000000E+00,    0.0000000000E+00,    2.9371671298E+02
    184700,      0.676959,CP5_after_vdif,   1,    0.0000000000E+00,    2.9371671298E+02,    2.9371671298E+02,    0.0000000000E+00,    0.0000000000E+00,    0.0000000000E+00,    2.9371671298E+02
    184700,      0.676959,CP6_after_kinetics,   1,    0.0000000000E+00,    2.9371671298E+02,    2.9371671298E+02,    0.0000000000E+00,    0.0000000000E+00,    0.0000000000E+00,    2.9371671298E+02
    184700,      0.676959,CP7_after_upper_clamp,   1,    0.0000000000E+00,    2.9371671298E+02,    2.9371671298E+02,    0.0000000000E+00,    0.0000000000E+00,    0.0000000000E+00,    2.9371671298E+02
    184700,      0.676959,CP8_after_OBC,   1,    0.0000000000E+00,    2.9371671298E+02,    2.9371671298E+02,    0.0000000000E+00,    0.0000000000E+00,    0.0000000000E+00,    2.9371671298E+02
    184700,      0.676959,CP9_after_PTsource,   1,    0.0000000000E+00,    2.9371671298E+02,    2.9371671298E+02,    0.0000000000E+00,    0.0000000000E+00,    0.0000000000E+00,    2.9371671298E+02
    184700,      0.676959,CP10_after_neg_clamp,   1,    0.0000000000E+00,    2.9371671298E+02,    2.9371671298E+02,    0.0000000000E+00,    0.0000000000E+00,    0.0000000000E+00,    2.9371671298E+02
    184700,      0.676959,CP11_after_MPI,   1,    0.0000000000E+00,    2.9371671298E+02,    2.9371671298E+02,    0.0000000000E+00,    0.0000000000E+00,    0.0000000000E+00,    2.9371671298E+02
    184700,      0.676959,CP12_end,   1,    0.0000000000E+00,    2.9371671298E+02,    2.9371671298E+02,    0.0000000000E+00,    0.0000000000E+00,    0.0000000000E+00,    2.9371671298E+02
    184750,      0.676959,CP0_start,   1,    0.0000000000E+00,    2.9387415177E+02,    2.9387415177E+02,    0.0000000000E+00,    0.0000000000E+00,    0.0000000000E+00,    2.9387415177E+02
    184750,      0.676959,CP1_after_deposition,   1,    0.0000000000E+00,    2.9387415177E+02,    2.9387415177E+02,    0.0000000000E+00,    0.0000000000E+00,    0.0000000000E+00,    2.9387415177E+02
    184750,      0.676959,CP2_after_erosion,   1,    0.0000000000E+00,    2.9387415177E+02,    2.9387415177E+02,    0.0000000000E+00,    0.0000000000E+00,    0.0000000000E+00,    2.9387415177E+02
    184750,      0.676959,CP3_after_update_bottom,   1,    0.0000000000E+00,    2.9387415177E+02,    2.9387415177E+02,    0.0000000000E+00,    0.0000000000E+00,    0.0000000000E+00,    2.9387415177E+02
    184750,      0.676959,CP4_after_advection,   1,    0.0000000000E+00,    2.9387148563E+02,    2.9387148563E+02,    0.0000000000E+00,    0.0000000000E+00,    0.0000000000E+00,    2.9387148563E+02
    184750,      0.676959,CP5_after_vdif,   1,    0.0000000000E+00,    2.9387148563E+02,    2.9387148563E+02,    0.0000000000E+00,    0.0000000000E+00,    0.0000000000E+00,    2.9387148563E+02
    184750,      0.676959,CP6_after_kinetics,   1,    0.0000000000E+00,    2.9387148563E+02,    2.9387148563E+02,    0.0000000000E+00,    0.0000000000E+00,    0.0000000000E+00,    2.9387148563E+02
    184750,      0.676959,CP7_after_upper_clamp,   1,    0.0000000000E+00,    2.9387148563E+02,    2.9387148563E+02,    0.0000000000E+00,    0.0000000000E+00,    0.0000000000E+00,    2.9387148563E+02
    184750,      0.676959,CP8_after_OBC,   1,    0.0000000000E+00,    2.9387148563E+02,    2.9387148563E+02,    0.0000000000E+00,    0.0000000000E+00,    0.0000000000E+00,    2.9387148563E+02
    184750,      0.676959,CP9_after_PTsource,   1,    0.0000000000E+00,    2.9387148563E+02,    2.9387148563E+02,    0.0000000000E+00,    0.0000000000E+00,    0.0000000000E+00,    2.9387148563E+02
    184750,      0.676959,CP10_after_neg_clamp,   1,    0.0000000000E+00,    2.9387148563E+02,    2.9387148563E+02,    0.0000000000E+00,    0.0000000000E+00,    0.0000000000E+00,    2.9387148563E+02
    184750,      0.676959,CP11_after_MPI,   1,    0.0000000000E+00,    2.9387148563E+02,    2.9387148563E+02,    0.0000000000E+00,    0.0000000000E+00,    0.0000000000E+00,    2.9387148563E+02
    184750,      0.676959,CP12_end,   1,    0.0000000000E+00,    2.9387148563E+02,    2.9387148563E+02,    0.0000000000E+00,    0.0000000000E+00,    0.0000000000E+00,    2.9387148563E+02
    184800,      0.676959,CP0_start,   1,    0.0000000000E+00,    2.9402949331E+02,    2.9402949331E+02,    0.0000000000E+00,    0.0000000000E+00,    0.0000000000E+00,    2.9402949331E+02
    184800,      0.676959,CP1_after_deposition,   1,    0.0000000000E+00,    2.9402949331E+02,    2.9402949331E+02,    0.0000000000E+00,    0.0000000000E+00,    0.0000000000E+00,    2.9402949331E+02
    184800,      0.676959,CP2_after_erosion,   1,    0.0000000000E+00,    2.9402949331E+02,    2.9402949331E+02,    0.0000000000E+00,    0.0000000000E+00,    0.0000000000E+00,    2.9402949331E+02
    184800,      0.676959,CP3_after_update_bottom,   1,    0.0000000000E+00,    2.9402949331E+02,    2.9402949331E+02,    0.0000000000E+00,    0.0000000000E+00,    0.0000000000E+00,    2.9402949331E+02
    184800,      0.676959,CP4_after_advection,   1,    0.0000000000E+00,    2.9402691694E+02,    2.9402691694E+02,    0.0000000000E+00,    0.0000000000E+00,    0.0000000000E+00,    2.9402691694E+02
    184800,      0.676959,CP5_after_vdif,   1,    0.0000000000E+00,    2.9402691694E+02,    2.9402691694E+02,    0.0000000000E+00,    0.0000000000E+00,    0.0000000000E+00,    2.9402691694E+02
    184800,      0.676959,CP6_after_kinetics,   1,    0.0000000000E+00,    2.9402691694E+02,    2.9402691694E+02,    0.0000000000E+00,    0.0000000000E+00,    0.0000000000E+00,    2.9402691694E+02
    184800,      0.676959,CP7_after_upper_clamp,   1,    0.0000000000E+00,    2.9402691694E+02,    2.9402691694E+02,    0.0000000000E+00,    0.0000000000E+00,    0.0000000000E+00,    2.9402691694E+02
    184800,      0.676959,CP8_after_OBC,   1,    0.0000000000E+00,    2.9402691694E+02,    2.9402691694E+02,    0.0000000000E+00,    0.0000000000E+00,    0.0000000000E+00,    2.9402691694E+02
    184800,      0.676959,CP9_after_PTsource,   1,    0.0000000000E+00,    2.9402691694E+02,    2.9402691694E+02,    0.0000000000E+00,    0.0000000000E+00,    0.0000000000E+00,    2.9402691694E+02
    184800,      0.676959,CP10_after_neg_clamp,   1,    0.0000000000E+00,    2.9402691694E+02,    2.9402691694E+02,    0.0000000000E+00,    0.0000000000E+00,    0.0000000000E+00,    2.9402691694E+02
    184800,      0.676959,CP11_after_MPI,   1,    0.0000000000E+00,    2.9402691694E+02,    2.9402691694E+02,    0.0000000000E+00,    0.0000000000E+00,    0.0000000000E+00,    2.9402691694E+02
    184800,      0.676959,CP12_end,   1,    0.0000000000E+00,    2.9402691694E+02,    2.9402691694E+02,    0.0000000000E+00,    0.0000000000E+00,    0.0000000000E+00,    2.9402691694E+02
    184850,      0.676959,CP0_start,   1,    0.0000000000E+00,    2.9418528529E+02,    2.9418528529E+02,    0.0000000000E+00,    0.0000000000E+00,    0.0000000000E+00,    2.9418528529E+02
    184850,      0.676959,CP1_after_deposition,   1,    0.0000000000E+00,    2.9418528529E+02,    2.9418528529E+02,    0.0000000000E+00,    0.0000000000E+00,    0.0000000000E+00,    2.9418528529E+02
    184850,      0.676959,CP2_after_erosion,   1,    0.0000000000E+00,    2.9418528529E+02,    2.9418528529E+02,    0.0000000000E+00,    0.0000000000E+00,    0.0000000000E+00,    2.9418528529E+02
    184850,      0.676959,CP3_after_update_bottom,   1,    0.0000000000E+00,    2.9418528529E+02,    2.9418528529E+02,    0.0000000000E+00,    0.0000000000E+00,    0.0000000000E+00,    2.9418528529E+02
    184850,      0.676959,CP4_after_advection,   1,    0.0000000000E+00,    2.9418278959E+02,    2.9418278959E+02,    0.0000000000E+00,    0.0000000000E+00,    0.0000000000E+00,    2.9418278959E+02
    184850,      0.676959,CP5_after_vdif,   1,    0.0000000000E+00,    2.9418278959E+02,    2.9418278959E+02,    0.0000000000E+00,    0.0000000000E+00,    0.0000000000E+00,    2.9418278959E+02
    184850,      0.676959,CP6_after_kinetics,   1,    0.0000000000E+00,    2.9418278959E+02,    2.9418278959E+02,    0.0000000000E+00,    0.0000000000E+00,    0.0000000000E+00,    2.9418278959E+02
    184850,      0.676959,CP7_after_upper_clamp,   1,    0.0000000000E+00,    2.9418278959E+02,    2.9418278959E+02,    0.0000000000E+00,    0.0000000000E+00,    0.0000000000E+00,    2.9418278959E+02
    184850,      0.676959,CP8_after_OBC,   1,    0.0000000000E+00,    2.9418278959E+02,    2.9418278959E+02,    0.0000000000E+00,    0.0000000000E+00,    0.0000000000E+00,    2.9418278959E+02
    184850,      0.676959,CP9_after_PTsource,   1,    0.0000000000E+00,    2.9418278959E+02,    2.9418278959E+02,    0.0000000000E+00,    0.0000000000E+00,    0.0000000000E+00,    2.9418278959E+02
    184850,      0.676959,CP10_after_neg_clamp,   1,    0.0000000000E+00,    2.9418278959E+02,    2.9418278959E+02,    0.0000000000E+00,    0.0000000000E+00,    0.0000000000E+00,    2.9418278959E+02
    184850,      0.676959,CP11_after_MPI,   1,    0.0000000000E+00,    2.9418278959E+02,    2.9418278959E+02,    0.0000000000E+00,    0.0000000000E+00,    0.0000000000E+00,    2.9418278959E+02
    184850,      0.676959,CP12_end,   1,    0.0000000000E+00,    2.9418278959E+02,    2.9418278959E+02,    0.0000000000E+00,    0.0000000000E+00,    0.0000000000E+00,    2.9418278959E+02
    184900,      0.676959,CP0_start,   1,    0.0000000000E+00,    2.9434149024E+02,    2.9434149024E+02,    0.0000000000E+00,    0.0000000000E+00,    0.0000000000E+00,    2.9434149024E+02
    184900,      0.676959,CP1_after_deposition,   1,    0.0000000000E+00,    2.9434149024E+02,    2.9434149024E+02,    0.0000000000E+00,    0.0000000000E+00,    0.0000000000E+00,    2.9434149024E+02
    184900,      0.676959,CP2_after_erosion,   1,    0.0000000000E+00,    2.9434149024E+02,    2.9434149024E+02,    0.0000000000E+00,    0.0000000000E+00,    0.0000000000E+00,    2.9434149024E+02
    184900,      0.676959,CP3_after_update_bottom,   1,    0.0000000000E+00,    2.9434149024E+02,    2.9434149024E+02,    0.0000000000E+00,    0.0000000000E+00,    0.0000000000E+00,    2.9434149024E+02
    184900,      0.676959,CP4_after_advection,   1,    0.0000000000E+00,    2.9433907943E+02,    2.9433907943E+02,    0.0000000000E+00,    0.0000000000E+00,    0.0000000000E+00,    2.9433907943E+02
    184900,      0.676959,CP5_after_vdif,   1,    0.0000000000E+00,    2.9433907943E+02,    2.9433907943E+02,    0.0000000000E+00,    0.0000000000E+00,    0.0000000000E+00,    2.9433907943E+02
    184900,      0.676959,CP6_after_kinetics,   1,    0.0000000000E+00,    2.9433907943E+02,    2.9433907943E+02,    0.0000000000E+00,    0.0000000000E+00,    0.0000000000E+00,    2.9433907943E+02
    184900,      0.676959,CP7_after_upper_clamp,   1,    0.0000000000E+00,    2.9433907943E+02,    2.9433907943E+02,    0.0000000000E+00,    0.0000000000E+00,    0.0000000000E+00,    2.9433907943E+02
    184900,      0.676959,CP8_after_OBC,   1,    0.0000000000E+00,    2.9433907943E+02,    2.9433907943E+02,    0.0000000000E+00,    0.0000000000E+00,    0.0000000000E+00,    2.9433907943E+02
    184900,      0.676959,CP9_after_PTsource,   1,    0.0000000000E+00,    2.9433907943E+02,    2.9433907943E+02,    0.0000000000E+00,    0.0000000000E+00,    0.0000000000E+00,    2.9433907943E+02
    184900,      0.676959,CP10_after_neg_clamp,   1,    0.0000000000E+00,    2.9433907943E+02,    2.9433907943E+02,    0.0000000000E+00,    0.0000000000E+00,    0.0000000000E+00,    2.9433907943E+02
    184900,      0.676959,CP11_after_MPI,   1,    0.0000000000E+00,    2.9433907943E+02,    2.9433907943E+02,    0.0000000000E+00,    0.0000000000E+00,    0.0000000000E+00,    2.9433907943E+02
    184900,      0.676959,CP12_end,   1,    0.0000000000E+00,    2.9433907943E+02,    2.9433907943E+02,    0.0000000000E+00,    0.0000000000E+00,    0.0000000000E+00,    2.9433907943E+02
    184950,      0.676959,CP0_start,   1,    0.0000000000E+00,    2.9449833151E+02,    2.9449833151E+02,    0.0000000000E+00,    0.0000000000E+00,    0.0000000000E+00,    2.9449833151E+02
    184950,      0.676959,CP1_after_deposition,   1,    0.0000000000E+00,    2.9449833151E+02,    2.9449833151E+02,    0.0000000000E+00,    0.0000000000E+00,    0.0000000000E+00,    2.9449833151E+02
    184950,      0.676959,CP2_after_erosion,   1,    0.0000000000E+00,    2.9449833151E+02,    2.9449833151E+02,    0.0000000000E+00,    0.0000000000E+00,    0.0000000000E+00,    2.9449833151E+02
    184950,      0.676959,CP3_after_update_bottom,   1,    0.0000000000E+00,    2.9449833151E+02,    2.9449833151E+02,    0.0000000000E+00,    0.0000000000E+00,    0.0000000000E+00,    2.9449833151E+02
    184950,      0.676959,CP4_after_advection,   1,    0.0000000000E+00,    2.9449601543E+02,    2.9449601543E+02,    0.0000000000E+00,    0.0000000000E+00,    0.0000000000E+00,    2.9449601543E+02
    184950,      0.676959,CP5_after_vdif,   1,    0.0000000000E+00,    2.9449601543E+02,    2.9449601543E+02,    0.0000000000E+00,    0.0000000000E+00,    0.0000000000E+00,    2.9449601543E+02
    184950,      0.676959,CP6_after_kinetics,   1,    0.0000000000E+00,    2.9449601543E+02,    2.9449601543E+02,    0.0000000000E+00,    0.0000000000E+00,    0.0000000000E+00,    2.9449601543E+02
    184950,      0.676959,CP7_after_upper_clamp,   1,    0.0000000000E+00,    2.9449601543E+02,    2.9449601543E+02,    0.0000000000E+00,    0.0000000000E+00,    0.0000000000E+00,    2.9449601543E+02
    184950,      0.676959,CP8_after_OBC,   1,    0.0000000000E+00,    2.9449601543E+02,    2.9449601543E+02,    0.0000000000E+00,    0.0000000000E+00,    0.0000000000E+00,    2.9449601543E+02
    184950,      0.676959,CP9_after_PTsource,   1,    0.0000000000E+00,    2.9449601543E+02,    2.9449601543E+02,    0.0000000000E+00,    0.0000000000E+00,    0.0000000000E+00,    2.9449601543E+02
    184950,      0.676959,CP10_after_neg_clamp,   1,    0.0000000000E+00,    2.9449601543E+02,    2.9449601543E+02,    0.0000000000E+00,    0.0000000000E+00,    0.0000000000E+00,    2.9449601543E+02
    184950,      0.676959,CP11_after_MPI,   1,    0.0000000000E+00,    2.9449601543E+02,    2.9449601543E+02,    0.0000000000E+00,    0.0000000000E+00,    0.0000000000E+00,    2.9449601543E+02
    184950,      0.676959,CP12_end,   1,    0.0000000000E+00,    2.9449601543E+02,    2.9449601543E+02,    0.0000000000E+00,    0.0000000000E+00,    0.0000000000E+00,    2.9449601543E+02
    185000,      0.676959,CP0_start,   1,    0.0000000000E+00,    2.9465589729E+02,    2.9465589729E+02,    0.0000000000E+00,    0.0000000000E+00,    0.0000000000E+00,    2.9465589729E+02
    185000,      0.676959,CP1_after_deposition,   1,    0.0000000000E+00,    2.9465589729E+02,    2.9465589729E+02,    0.0000000000E+00,    0.0000000000E+00,    0.0000000000E+00,    2.9465589729E+02
    185000,      0.676959,CP2_after_erosion,   1,    0.0000000000E+00,    2.9465589729E+02,    2.9465589729E+02,    0.0000000000E+00,    0.0000000000E+00,    0.0000000000E+00,    2.9465589729E+02
    185000,      0.676959,CP3_after_update_bottom,   1,    0.0000000000E+00,    2.9465589729E+02,    2.9465589729E+02,    0.0000000000E+00,    0.0000000000E+00,    0.0000000000E+00,    2.9465589729E+02
    185000,      0.676959,CP4_after_advection,   1,    0.0000000000E+00,    2.9465368135E+02,    2.9465368135E+02,    0.0000000000E+00,    0.0000000000E+00,    0.0000000000E+00,    2.9465368135E+02
    185000,      0.676959,CP5_after_vdif,   1,    0.0000000000E+00,    2.9465368135E+02,    2.9465368135E+02,    0.0000000000E+00,    0.0000000000E+00,    0.0000000000E+00,    2.9465368135E+02
    185000,      0.676959,CP6_after_kinetics,   1,    0.0000000000E+00,    2.9465368135E+02,    2.9465368135E+02,    0.0000000000E+00,    0.0000000000E+00,    0.0000000000E+00,    2.9465368135E+02
    185000,      0.676959,CP7_after_upper_clamp,   1,    0.0000000000E+00,    2.9465368135E+02,    2.9465368135E+02,    0.0000000000E+00,    0.0000000000E+00,    0.0000000000E+00,    2.9465368135E+02
    185000,      0.676959,CP8_after_OBC,   1,    0.0000000000E+00,    2.9465368135E+02,    2.9465368135E+02,    0.0000000000E+00,    0.0000000000E+00,    0.0000000000E+00,    2.9465368135E+02
    185000,      0.676959,CP9_after_PTsource,   1,    0.0000000000E+00,    2.9465368135E+02,    2.9465368135E+02,    0.0000000000E+00,    0.0000000000E+00,    0.0000000000E+00,    2.9465368135E+02
    185000,      0.676959,CP10_after_neg_clamp,   1,    0.0000000000E+00,    2.9465368135E+02,    2.9465368135E+02,    0.0000000000E+00,    0.0000000000E+00,    0.0000000000E+00,    2.9465368135E+02
    185000,      0.676959,CP11_after_MPI,   1,    0.0000000000E+00,    2.9465368135E+02,    2.9465368135E+02,    0.0000000000E+00,    0.0000000000E+00,    0.0000000000E+00,    2.9465368135E+02
    185000,      0.676959,CP12_end,   1,    0.0000000000E+00,    2.9465368135E+02,    2.9465368135E+02,    0.0000000000E+00,    0.0000000000E+00,    0.0000000000E+00,    2.9465368135E+02
    185050,      0.676959,CP0_start,   1,    0.0000000000E+00,    2.9481419468E+02,    2.9481419468E+02,    0.0000000000E+00,    0.0000000000E+00,    0.0000000000E+00,    2.9481419468E+02
    185050,      0.676959,CP1_after_deposition,   1,    0.0000000000E+00,    2.9481419468E+02,    2.9481419468E+02,    0.0000000000E+00,    0.0000000000E+00,    0.0000000000E+00,    2.9481419468E+02
    185050,      0.676959,CP2_after_erosion,   1,    0.0000000000E+00,    2.9481419468E+02,    2.9481419468E+02,    0.0000000000E+00,    0.0000000000E+00,    0.0000000000E+00,    2.9481419468E+02
    185050,      0.676959,CP3_after_update_bottom,   1,    0.0000000000E+00,    2.9481419468E+02,    2.9481419468E+02,    0.0000000000E+00,    0.0000000000E+00,    0.0000000000E+00,    2.9481419468E+02
    185050,      0.676959,CP4_after_advection,   1,    0.0000000000E+00,    2.9481208508E+02,    2.9481208508E+02,    0.0000000000E+00,    0.0000000000E+00,    0.0000000000E+00,    2.9481208508E+02
    185050,      0.676959,CP5_after_vdif,   1,    0.0000000000E+00,    2.9481208508E+02,    2.9481208508E+02,    0.0000000000E+00,    0.0000000000E+00,    0.0000000000E+00,    2.9481208508E+02
    185050,      0.676959,CP6_after_kinetics,   1,    0.0000000000E+00,    2.9481208508E+02,    2.9481208508E+02,    0.0000000000E+00,    0.0000000000E+00,    0.0000000000E+00,    2.9481208508E+02
    185050,      0.676959,CP7_after_upper_clamp,   1,    0.0000000000E+00,    2.9481208508E+02,    2.9481208508E+02,    0.0000000000E+00,    0.0000000000E+00,    0.0000000000E+00,    2.9481208508E+02
    185050,      0.676959,CP8_after_OBC,   1,    0.0000000000E+00,    2.9481208508E+02,    2.9481208508E+02,    0.0000000000E+00,    0.0000000000E+00,    0.0000000000E+00,    2.9481208508E+02
    185050,      0.676959,CP9_after_PTsource,   1,    0.0000000000E+00,    2.9481208508E+02,    2.9481208508E+02,    0.0000000000E+00,    0.0000000000E+00,    0.0000000000E+00,    2.9481208508E+02
    185050,      0.676959,CP10_after_neg_clamp,   1,    0.0000000000E+00,    2.9481208508E+02,    2.9481208508E+02,    0.0000000000E+00,    0.0000000000E+00,    0.0000000000E+00,    2.9481208508E+02
    185050,      0.676959,CP11_after_MPI,   1,    0.0000000000E+00,    2.9481208508E+02,    2.9481208508E+02,    0.0000000000E+00,    0.0000000000E+00,    0.0000000000E+00,    2.9481208508E+02
    185050,      0.676959,CP12_end,   1,    0.0000000000E+00,    2.9481208508E+02,    2.9481208508E+02,    0.0000000000E+00,    0.0000000000E+00,    0.0000000000E+00,    2.9481208508E+02
    185100,      0.676959,CP0_start,   1,    0.0000000000E+00,    2.9497307863E+02,    2.9497307863E+02,    0.0000000000E+00,    0.0000000000E+00,    0.0000000000E+00,    2.9497307863E+02
    185100,      0.676959,CP1_after_deposition,   1,    0.0000000000E+00,    2.9497307863E+02,    2.9497307863E+02,    0.0000000000E+00,    0.0000000000E+00,    0.0000000000E+00,    2.9497307863E+02
    185100,      0.676959,CP2_after_erosion,   1,    0.0000000000E+00,    2.9497307863E+02,    2.9497307863E+02,    0.0000000000E+00,    0.0000000000E+00,    0.0000000000E+00,    2.9497307863E+02
    185100,      0.676959,CP3_after_update_bottom,   1,    0.0000000000E+00,    2.9497307863E+02,    2.9497307863E+02,    0.0000000000E+00,    0.0000000000E+00,    0.0000000000E+00,    2.9497307863E+02
    185100,      0.676959,CP4_after_advection,   1,    0.0000000000E+00,    2.9497107405E+02,    2.9497107405E+02,    0.0000000000E+00,    0.0000000000E+00,    0.0000000000E+00,    2.9497107405E+02
    185100,      0.676959,CP5_after_vdif,   1,    0.0000000000E+00,    2.9497107405E+02,    2.9497107405E+02,    0.0000000000E+00,    0.0000000000E+00,    0.0000000000E+00,    2.9497107405E+02
    185100,      0.676959,CP6_after_kinetics,   1,    0.0000000000E+00,    2.9497107405E+02,    2.9497107405E+02,    0.0000000000E+00,    0.0000000000E+00,    0.0000000000E+00,    2.9497107405E+02
    185100,      0.676959,CP7_after_upper_clamp,   1,    0.0000000000E+00,    2.9497107405E+02,    2.9497107405E+02,    0.0000000000E+00,    0.0000000000E+00,    0.0000000000E+00,    2.9497107405E+02
    185100,      0.676959,CP8_after_OBC,   1,    0.0000000000E+00,    2.9497107405E+02,    2.9497107405E+02,    0.0000000000E+00,    0.0000000000E+00,    0.0000000000E+00,    2.9497107405E+02
    185100,      0.676959,CP9_after_PTsource,   1,    0.0000000000E+00,    2.9497107405E+02,    2.9497107405E+02,    0.0000000000E+00,    0.0000000000E+00,    0.0000000000E+00,    2.9497107405E+02
    185100,      0.676959,CP10_after_neg_clamp,   1,    0.0000000000E+00,    2.9497107405E+02,    2.9497107405E+02,    0.0000000000E+00,    0.0000000000E+00,    0.0000000000E+00,    2.9497107405E+02
    185100,      0.676959,CP11_after_MPI,   1,    0.0000000000E+00,    2.9497107405E+02,    2.9497107405E+02,    0.0000000000E+00,    0.0000000000E+00,    0.0000000000E+00,    2.9497107405E+02
    185100,      0.676959,CP12_end,   1,    0.0000000000E+00,    2.9497107405E+02,    2.9497107405E+02,    0.0000000000E+00,    0.0000000000E+00,    0.0000000000E+00,    2.9497107405E+02
    185150,      0.676959,CP0_start,   1,    0.0000000000E+00,    2.9513233291E+02,    2.9513233291E+02,    0.0000000000E+00,    0.0000000000E+00,    0.0000000000E+00,    2.9513233291E+02
    185150,      0.676959,CP1_after_deposition,   1,    0.0000000000E+00,    2.9513233291E+02,    2.9513233291E+02,    0.0000000000E+00,    0.0000000000E+00,    0.0000000000E+00,    2.9513233291E+02
    185150,      0.676959,CP2_after_erosion,   1,    0.0000000000E+00,    2.9513233291E+02,    2.9513233291E+02,    0.0000000000E+00,    0.0000000000E+00,    0.0000000000E+00,    2.9513233291E+02
    185150,      0.676959,CP3_after_update_bottom,   1,    0.0000000000E+00,    2.9513233291E+02,    2.9513233291E+02,    0.0000000000E+00,    0.0000000000E+00,    0.0000000000E+00,    2.9513233291E+02
    185150,      0.676959,CP4_after_advection,   1,    0.0000000000E+00,    2.9513043870E+02,    2.9513043870E+02,    0.0000000000E+00,    0.0000000000E+00,    0.0000000000E+00,    2.9513043870E+02
    185150,      0.676959,CP5_after_vdif,   1,    0.0000000000E+00,    2.9513043870E+02,    2.9513043870E+02,    0.0000000000E+00,    0.0000000000E+00,    0.0000000000E+00,    2.9513043870E+02
    185150,      0.676959,CP6_after_kinetics,   1,    0.0000000000E+00,    2.9513043870E+02,    2.9513043870E+02,    0.0000000000E+00,    0.0000000000E+00,    0.0000000000E+00,    2.9513043870E+02
    185150,      0.676959,CP7_after_upper_clamp,   1,    0.0000000000E+00,    2.9513043870E+02,    2.9513043870E+02,    0.0000000000E+00,    0.0000000000E+00,    0.0000000000E+00,    2.9513043870E+02
    185150,      0.676959,CP8_after_OBC,   1,    0.0000000000E+00,    2.9513043870E+02,    2.9513043870E+02,    0.0000000000E+00,    0.0000000000E+00,    0.0000000000E+00,    2.9513043870E+02
    185150,      0.676959,CP9_after_PTsource,   1,    0.0000000000E+00,    2.9513043870E+02,    2.9513043870E+02,    0.0000000000E+00,    0.0000000000E+00,    0.0000000000E+00,    2.9513043870E+02
    185150,      0.676959,CP10_after_neg_clamp,   1,    0.0000000000E+00,    2.9513043870E+02,    2.9513043870E+02,    0.0000000000E+00,    0.0000000000E+00,    0.0000000000E+00,    2.9513043870E+02
    185150,      0.676959,CP11_after_MPI,   1,    0.0000000000E+00,    2.9513043870E+02,    2.9513043870E+02,    0.0000000000E+00,    0.0000000000E+00,    0.0000000000E+00,    2.9513043870E+02
    185150,      0.676959,CP12_end,   1,    0.0000000000E+00,    2.9513043870E+02,    2.9513043870E+02,    0.0000000000E+00,    0.0000000000E+00,    0.0000000000E+00,    2.9513043870E+02
    185200,      0.676959,CP0_start,   1,    0.0000000000E+00,    2.9529179335E+02,    2.9529179335E+02,    0.0000000000E+00,    0.0000000000E+00,    0.0000000000E+00,    2.9529179335E+02
    185200,      0.676959,CP1_after_deposition,   1,    0.0000000000E+00,    2.9529179335E+02,    2.9529179335E+02,    0.0000000000E+00,    0.0000000000E+00,    0.0000000000E+00,    2.9529179335E+02
    185200,      0.676959,CP2_after_erosion,   1,    0.0000000000E+00,    2.9529179335E+02,    2.9529179335E+02,    0.0000000000E+00,    0.0000000000E+00,    0.0000000000E+00,    2.9529179335E+02
    185200,      0.676959,CP3_after_update_bottom,   1,    0.0000000000E+00,    2.9529179335E+02,    2.9529179335E+02,    0.0000000000E+00,    0.0000000000E+00,    0.0000000000E+00,    2.9529179335E+02
    185200,      0.676959,CP4_after_advection,   1,    0.0000000000E+00,    2.9529001463E+02,    2.9529001463E+02,    0.0000000000E+00,    0.0000000000E+00,    0.0000000000E+00,    2.9529001463E+02
    185200,      0.676959,CP5_after_vdif,   1,    0.0000000000E+00,    2.9529001463E+02,    2.9529001463E+02,    0.0000000000E+00,    0.0000000000E+00,    0.0000000000E+00,    2.9529001463E+02
    185200,      0.676959,CP6_after_kinetics,   1,    0.0000000000E+00,    2.9529001463E+02,    2.9529001463E+02,    0.0000000000E+00,    0.0000000000E+00,    0.0000000000E+00,    2.9529001463E+02
    185200,      0.676959,CP7_after_upper_clamp,   1,    0.0000000000E+00,    2.9529001463E+02,    2.9529001463E+02,    0.0000000000E+00,    0.0000000000E+00,    0.0000000000E+00,    2.9529001463E+02
    185200,      0.676959,CP8_after_OBC,   1,    0.0000000000E+00,    2.9529001463E+02,    2.9529001463E+02,    0.0000000000E+00,    0.0000000000E+00,    0.0000000000E+00,    2.9529001463E+02
    185200,      0.676959,CP9_after_PTsource,   1,    0.0000000000E+00,    2.9529001463E+02,    2.9529001463E+02,    0.0000000000E+00,    0.0000000000E+00,    0.0000000000E+00,    2.9529001463E+02
    185200,      0.676959,CP10_after_neg_clamp,   1,    0.0000000000E+00,    2.9529001463E+02,    2.9529001463E+02,    0.0000000000E+00,    0.0000000000E+00,    0.0000000000E+00,    2.9529001463E+02
    185200,      0.676959,CP11_after_MPI,   1,    0.0000000000E+00,    2.9529001463E+02,    2.9529001463E+02,    0.0000000000E+00,    0.0000000000E+00,    0.0000000000E+00,    2.9529001463E+02
    185200,      0.676959,CP12_end,   1,    0.0000000000E+00,    2.9529001463E+02,    2.9529001463E+02,    0.0000000000E+00,    0.0000000000E+00,    0.0000000000E+00,    2.9529001463E+02
    185250,      0.676959,CP0_start,   1,    0.0000000000E+00,    2.9545130142E+02,    2.9545130142E+02,    0.0000000000E+00,    0.0000000000E+00,    0.0000000000E+00,    2.9545130142E+02
    185250,      0.676959,CP1_after_deposition,   1,    0.0000000000E+00,    2.9545130142E+02,    2.9545130142E+02,    0.0000000000E+00,    0.0000000000E+00,    0.0000000000E+00,    2.9545130142E+02
    185250,      0.676959,CP2_after_erosion,   1,    0.0000000000E+00,    2.9545130142E+02,    2.9545130142E+02,    0.0000000000E+00,    0.0000000000E+00,    0.0000000000E+00,    2.9545130142E+02
    185250,      0.676959,CP3_after_update_bottom,   1,    0.0000000000E+00,    2.9545130142E+02,    2.9545130142E+02,    0.0000000000E+00,    0.0000000000E+00,    0.0000000000E+00,    2.9545130142E+02
    185250,      0.676959,CP4_after_advection,   1,    0.0000000000E+00,    2.9544964998E+02,    2.9544964998E+02,    0.0000000000E+00,    0.0000000000E+00,    0.0000000000E+00,    2.9544964998E+02
    185250,      0.676959,CP5_after_vdif,   1,    0.0000000000E+00,    2.9544964998E+02,    2.9544964998E+02,    0.0000000000E+00,    0.0000000000E+00,    0.0000000000E+00,    2.9544964998E+02
    185250,      0.676959,CP6_after_kinetics,   1,    0.0000000000E+00,    2.9544964998E+02,    2.9544964998E+02,    0.0000000000E+00,    0.0000000000E+00,    0.0000000000E+00,    2.9544964998E+02
    185250,      0.676959,CP7_after_upper_clamp,   1,    0.0000000000E+00,    2.9544964998E+02,    2.9544964998E+02,    0.0000000000E+00,    0.0000000000E+00,    0.0000000000E+00,    2.9544964998E+02
    185250,      0.676959,CP8_after_OBC,   1,    0.0000000000E+00,    2.9544964998E+02,    2.9544964998E+02,    0.0000000000E+00,    0.0000000000E+00,    0.0000000000E+00,    2.9544964998E+02
    185250,      0.676959,CP9_after_PTsource,   1,    0.0000000000E+00,    2.9544964998E+02,    2.9544964998E+02,    0.0000000000E+00,    0.0000000000E+00,    0.0000000000E+00,    2.9544964998E+02
    185250,      0.676959,CP10_after_neg_clamp,   1,    0.0000000000E+00,    2.9544964998E+02,    2.9544964998E+02,    0.0000000000E+00,    0.0000000000E+00,    0.0000000000E+00,    2.9544964998E+02
    185250,      0.676959,CP11_after_MPI,   1,    0.0000000000E+00,    2.9544964998E+02,    2.9544964998E+02,    0.0000000000E+00,    0.0000000000E+00,    0.0000000000E+00,    2.9544964998E+02
    185250,      0.676959,CP12_end,   1,    0.0000000000E+00,    2.9544964998E+02,    2.9544964998E+02,    0.0000000000E+00,    0.0000000000E+00,    0.0000000000E+00,    2.9544964998E+02
    185300,      0.676959,CP0_start,   1,    0.0000000000E+00,    2.9561083916E+02,    2.9561083916E+02,    0.0000000000E+00,    0.0000000000E+00,    0.0000000000E+00,    2.9561083916E+02
    185300,      0.676959,CP1_after_deposition,   1,    0.0000000000E+00,    2.9561083916E+02,    2.9561083916E+02,    0.0000000000E+00,    0.0000000000E+00,    0.0000000000E+00,    2.9561083916E+02
    185300,      0.676959,CP2_after_erosion,   1,    0.0000000000E+00,    2.9561083916E+02,    2.9561083916E+02,    0.0000000000E+00,    0.0000000000E+00,    0.0000000000E+00,    2.9561083916E+02
    185300,      0.676959,CP3_after_update_bottom,   1,    0.0000000000E+00,    2.9561083916E+02,    2.9561083916E+02,    0.0000000000E+00,    0.0000000000E+00,    0.0000000000E+00,    2.9561083916E+02
    185300,      0.676959,CP4_after_advection,   1,    0.0000000000E+00,    2.9560931588E+02,    2.9560931588E+02,    0.0000000000E+00,    0.0000000000E+00,    0.0000000000E+00,    2.9560931588E+02
    185300,      0.676959,CP5_after_vdif,   1,    0.0000000000E+00,    2.9560931588E+02,    2.9560931588E+02,    0.0000000000E+00,    0.0000000000E+00,    0.0000000000E+00,    2.9560931588E+02
    185300,      0.676959,CP6_after_kinetics,   1,    0.0000000000E+00,    2.9560931588E+02,    2.9560931588E+02,    0.0000000000E+00,    0.0000000000E+00,    0.0000000000E+00,    2.9560931588E+02
    185300,      0.676959,CP7_after_upper_clamp,   1,    0.0000000000E+00,    2.9560931588E+02,    2.9560931588E+02,    0.0000000000E+00,    0.0000000000E+00,    0.0000000000E+00,    2.9560931588E+02
    185300,      0.676959,CP8_after_OBC,   1,    0.0000000000E+00,    2.9560931588E+02,    2.9560931588E+02,    0.0000000000E+00,    0.0000000000E+00,    0.0000000000E+00,    2.9560931588E+02
    185300,      0.676959,CP9_after_PTsource,   1,    0.0000000000E+00,    2.9560931588E+02,    2.9560931588E+02,    0.0000000000E+00,    0.0000000000E+00,    0.0000000000E+00,    2.9560931588E+02
    185300,      0.676959,CP10_after_neg_clamp,   1,    0.0000000000E+00,    2.9560931588E+02,    2.9560931588E+02,    0.0000000000E+00,    0.0000000000E+00,    0.0000000000E+00,    2.9560931588E+02
    185300,      0.676959,CP11_after_MPI,   1,    0.0000000000E+00,    2.9560931588E+02,    2.9560931588E+02,    0.0000000000E+00,    0.0000000000E+00,    0.0000000000E+00,    2.9560931588E+02
    185300,      0.676959,CP12_end,   1,    0.0000000000E+00,    2.9560931588E+02,    2.9560931588E+02,    0.0000000000E+00,    0.0000000000E+00,    0.0000000000E+00,    2.9560931588E+02
    185350,      0.676959,CP0_start,   1,    0.0000000000E+00,    2.9577044697E+02,    2.9577044697E+02,    0.0000000000E+00,    0.0000000000E+00,    0.0000000000E+00,    2.9577044697E+02
    185350,      0.676959,CP1_after_deposition,   1,    0.0000000000E+00,    2.9577044697E+02,    2.9577044697E+02,    0.0000000000E+00,    0.0000000000E+00,    0.0000000000E+00,    2.9577044697E+02
    185350,      0.676959,CP2_after_erosion,   1,    0.0000000000E+00,    2.9577044697E+02,    2.9577044697E+02,    0.0000000000E+00,    0.0000000000E+00,    0.0000000000E+00,    2.9577044697E+02
    185350,      0.676959,CP3_after_update_bottom,   1,    0.0000000000E+00,    2.9577044697E+02,    2.9577044697E+02,    0.0000000000E+00,    0.0000000000E+00,    0.0000000000E+00,    2.9577044697E+02
    185350,      0.676959,CP4_after_advection,   1,    0.0000000000E+00,    2.9576906040E+02,    2.9576906040E+02,    0.0000000000E+00,    0.0000000000E+00,    0.0000000000E+00,    2.9576906040E+02
    185350,      0.676959,CP5_after_vdif,   1,    0.0000000000E+00,    2.9576906040E+02,    2.9576906040E+02,    0.0000000000E+00,    0.0000000000E+00,    0.0000000000E+00,    2.9576906040E+02
    185350,      0.676959,CP6_after_kinetics,   1,    0.0000000000E+00,    2.9576906040E+02,    2.9576906040E+02,    0.0000000000E+00,    0.0000000000E+00,    0.0000000000E+00,    2.9576906040E+02
    185350,      0.676959,CP7_after_upper_clamp,   1,    0.0000000000E+00,    2.9576906040E+02,    2.9576906040E+02,    0.0000000000E+00,    0.0000000000E+00,    0.0000000000E+00,    2.9576906040E+02
    185350,      0.676959,CP8_after_OBC,   1,    0.0000000000E+00,    2.9576906040E+02,    2.9576906040E+02,    0.0000000000E+00,    0.0000000000E+00,    0.0000000000E+00,    2.9576906040E+02
    185350,      0.676959,CP9_after_PTsource,   1,    0.0000000000E+00,    2.9576906040E+02,    2.9576906040E+02,    0.0000000000E+00,    0.0000000000E+00,    0.0000000000E+00,    2.9576906040E+02
    185350,      0.676959,CP10_after_neg_clamp,   1,    0.0000000000E+00,    2.9576906040E+02,    2.9576906040E+02,    0.0000000000E+00,    0.0000000000E+00,    0.0000000000E+00,    2.9576906040E+02
    185350,      0.676959,CP11_after_MPI,   1,    0.0000000000E+00,    2.9576906040E+02,    2.9576906040E+02,    0.0000000000E+00,    0.0000000000E+00,    0.0000000000E+00,    2.9576906040E+02
    185350,      0.676959,CP12_end,   1,    0.0000000000E+00,    2.9576906040E+02,    2.9576906040E+02,    0.0000000000E+00,    0.0000000000E+00,    0.0000000000E+00,    2.9576906040E+02
    185400,      0.676959,CP0_start,   1,    0.0000000000E+00,    2.9593010057E+02,    2.9593010057E+02,    0.0000000000E+00,    0.0000000000E+00,    0.0000000000E+00,    2.9593010057E+02
    185400,      0.676959,CP1_after_deposition,   1,    0.0000000000E+00,    2.9593010057E+02,    2.9593010057E+02,    0.0000000000E+00,    0.0000000000E+00,    0.0000000000E+00,    2.9593010057E+02
    185400,      0.676959,CP2_after_erosion,   1,    0.0000000000E+00,    2.9593010057E+02,    2.9593010057E+02,    0.0000000000E+00,    0.0000000000E+00,    0.0000000000E+00,    2.9593010057E+02
    185400,      0.676959,CP3_after_update_bottom,   1,    0.0000000000E+00,    2.9593010057E+02,    2.9593010057E+02,    0.0000000000E+00,    0.0000000000E+00,    0.0000000000E+00,    2.9593010057E+02
    185400,      0.676959,CP4_after_advection,   1,    0.0000000000E+00,    2.9592885345E+02,    2.9592885345E+02,    0.0000000000E+00,    0.0000000000E+00,    0.0000000000E+00,    2.9592885345E+02
    185400,      0.676959,CP5_after_vdif,   1,    0.0000000000E+00,    2.9592885345E+02,    2.9592885345E+02,    0.0000000000E+00,    0.0000000000E+00,    0.0000000000E+00,    2.9592885345E+02
    185400,      0.676959,CP6_after_kinetics,   1,    0.0000000000E+00,    2.9592885345E+02,    2.9592885345E+02,    0.0000000000E+00,    0.0000000000E+00,    0.0000000000E+00,    2.9592885345E+02
    185400,      0.676959,CP7_after_upper_clamp,   1,    0.0000000000E+00,    2.9592885345E+02,    2.9592885345E+02,    0.0000000000E+00,    0.0000000000E+00,    0.0000000000E+00,    2.9592885345E+02
    185400,      0.676959,CP8_after_OBC,   1,    0.0000000000E+00,    2.9592885345E+02,    2.9592885345E+02,    0.0000000000E+00,    0.0000000000E+00,    0.0000000000E+00,    2.9592885345E+02
    185400,      0.676959,CP9_after_PTsource,   1,    0.0000000000E+00,    2.9592885345E+02,    2.9592885345E+02,    0.0000000000E+00,    0.0000000000E+00,    0.0000000000E+00,    2.9592885345E+02
    185400,      0.676959,CP10_after_neg_clamp,   1,    0.0000000000E+00,    2.9592885345E+02,    2.9592885345E+02,    0.0000000000E+00,    0.0000000000E+00,    0.0000000000E+00,    2.9592885345E+02
    185400,      0.676959,CP11_after_MPI,   1,    0.0000000000E+00,    2.9592885345E+02,    2.9592885345E+02,    0.0000000000E+00,    0.0000000000E+00,    0.0000000000E+00,    2.9592885345E+02
    185400,      0.676959,CP12_end,   1,    0.0000000000E+00,    2.9592885345E+02,    2.9592885345E+02,    0.0000000000E+00,    0.0000000000E+00,    0.0000000000E+00,    2.9592885345E+02
    185450,      0.676959,CP0_start,   1,    0.0000000000E+00,    2.9608977145E+02,    2.9608977145E+02,    0.0000000000E+00,    0.0000000000E+00,    0.0000000000E+00,    2.9608977145E+02
    185450,      0.676959,CP1_after_deposition,   1,    0.0000000000E+00,    2.9608977145E+02,    2.9608977145E+02,    0.0000000000E+00,    0.0000000000E+00,    0.0000000000E+00,    2.9608977145E+02
    185450,      0.676959,CP2_after_erosion,   1,    0.0000000000E+00,    2.9608977145E+02,    2.9608977145E+02,    0.0000000000E+00,    0.0000000000E+00,    0.0000000000E+00,    2.9608977145E+02
    185450,      0.676959,CP3_after_update_bottom,   1,    0.0000000000E+00,    2.9608977145E+02,    2.9608977145E+02,    0.0000000000E+00,    0.0000000000E+00,    0.0000000000E+00,    2.9608977145E+02
    185450,      0.676959,CP4_after_advection,   1,    0.0000000000E+00,    2.9608866690E+02,    2.9608866690E+02,    0.0000000000E+00,    0.0000000000E+00,    0.0000000000E+00,    2.9608866690E+02
    185450,      0.676959,CP5_after_vdif,   1,    0.0000000000E+00,    2.9608866690E+02,    2.9608866690E+02,    0.0000000000E+00,    0.0000000000E+00,    0.0000000000E+00,    2.9608866690E+02
    185450,      0.676959,CP6_after_kinetics,   1,    0.0000000000E+00,    2.9608866690E+02,    2.9608866690E+02,    0.0000000000E+00,    0.0000000000E+00,    0.0000000000E+00,    2.9608866690E+02
    185450,      0.676959,CP7_after_upper_clamp,   1,    0.0000000000E+00,    2.9608866690E+02,    2.9608866690E+02,    0.0000000000E+00,    0.0000000000E+00,    0.0000000000E+00,    2.9608866690E+02
    185450,      0.676959,CP8_after_OBC,   1,    0.0000000000E+00,    2.9608866690E+02,    2.9608866690E+02,    0.0000000000E+00,    0.0000000000E+00,    0.0000000000E+00,    2.9608866690E+02
    185450,      0.676959,CP9_after_PTsource,   1,    0.0000000000E+00,    2.9608866690E+02,    2.9608866690E+02,    0.0000000000E+00,    0.0000000000E+00,    0.0000000000E+00,    2.9608866690E+02
    185450,      0.676959,CP10_after_neg_clamp,   1,    0.0000000000E+00,    2.9608866690E+02,    2.9608866690E+02,    0.0000000000E+00,    0.0000000000E+00,    0.0000000000E+00,    2.9608866690E+02
    185450,      0.676959,CP11_after_MPI,   1,    0.0000000000E+00,    2.9608866690E+02,    2.9608866690E+02,    0.0000000000E+00,    0.0000000000E+00,    0.0000000000E+00,    2.9608866690E+02
    185450,      0.676959,CP12_end,   1,    0.0000000000E+00,    2.9608866690E+02,    2.9608866690E+02,    0.0000000000E+00,    0.0000000000E+00,    0.0000000000E+00,    2.9608866690E+02
    185500,      0.676959,CP0_start,   1,    0.0000000000E+00,    2.9624932171E+02,    2.9624932171E+02,    0.0000000000E+00,    0.0000000000E+00,    0.0000000000E+00,    2.9624932171E+02
    185500,      0.676959,CP1_after_deposition,   1,    0.0000000000E+00,    2.9624932171E+02,    2.9624932171E+02,    0.0000000000E+00,    0.0000000000E+00,    0.0000000000E+00,    2.9624932171E+02
    185500,      0.676959,CP2_after_erosion,   1,    0.0000000000E+00,    2.9624932171E+02,    2.9624932171E+02,    0.0000000000E+00,    0.0000000000E+00,    0.0000000000E+00,    2.9624932171E+02
    185500,      0.676959,CP3_after_update_bottom,   1,    0.0000000000E+00,    2.9624932171E+02,    2.9624932171E+02,    0.0000000000E+00,    0.0000000000E+00,    0.0000000000E+00,    2.9624932171E+02
    185500,      0.676959,CP4_after_advection,   1,    0.0000000000E+00,    2.9624836154E+02,    2.9624836154E+02,    0.0000000000E+00,    0.0000000000E+00,    0.0000000000E+00,    2.9624836154E+02
    185500,      0.676959,CP5_after_vdif,   1,    0.0000000000E+00,    2.9624836154E+02,    2.9624836154E+02,    0.0000000000E+00,    0.0000000000E+00,    0.0000000000E+00,    2.9624836154E+02
    185500,      0.676959,CP6_after_kinetics,   1,    0.0000000000E+00,    2.9624836154E+02,    2.9624836154E+02,    0.0000000000E+00,    0.0000000000E+00,    0.0000000000E+00,    2.9624836154E+02
    185500,      0.676959,CP7_after_upper_clamp,   1,    0.0000000000E+00,    2.9624836154E+02,    2.9624836154E+02,    0.0000000000E+00,    0.0000000000E+00,    0.0000000000E+00,    2.9624836154E+02
    185500,      0.676959,CP8_after_OBC,   1,    0.0000000000E+00,    2.9624836154E+02,    2.9624836154E+02,    0.0000000000E+00,    0.0000000000E+00,    0.0000000000E+00,    2.9624836154E+02
    185500,      0.676959,CP9_after_PTsource,   1,    0.0000000000E+00,    2.9624836154E+02,    2.9624836154E+02,    0.0000000000E+00,    0.0000000000E+00,    0.0000000000E+00,    2.9624836154E+02
    185500,      0.676959,CP10_after_neg_clamp,   1,    0.0000000000E+00,    2.9624836154E+02,    2.9624836154E+02,    0.0000000000E+00,    0.0000000000E+00,    0.0000000000E+00,    2.9624836154E+02
    185500,      0.676959,CP11_after_MPI,   1,    0.0000000000E+00,    2.9624836154E+02,    2.9624836154E+02,    0.0000000000E+00,    0.0000000000E+00,    0.0000000000E+00,    2.9624836154E+02
    185500,      0.676959,CP12_end,   1,    0.0000000000E+00,    2.9624836154E+02,    2.9624836154E+02,    0.0000000000E+00,    0.0000000000E+00,    0.0000000000E+00,    2.9624836154E+02
    185550,      0.676959,CP0_start,   1,    0.0000000000E+00,    2.9640849577E+02,    2.9640849577E+02,    0.0000000000E+00,    0.0000000000E+00,    0.0000000000E+00,    2.9640849577E+02
    185550,      0.676959,CP1_after_deposition,   1,    0.0000000000E+00,    2.9640849577E+02,    2.9640849577E+02,    0.0000000000E+00,    0.0000000000E+00,    0.0000000000E+00,    2.9640849577E+02
    185550,      0.676959,CP2_after_erosion,   1,    0.0000000000E+00,    2.9640849577E+02,    2.9640849577E+02,    0.0000000000E+00,    0.0000000000E+00,    0.0000000000E+00,    2.9640849577E+02
    185550,      0.676959,CP3_after_update_bottom,   1,    0.0000000000E+00,    2.9640849577E+02,    2.9640849577E+02,    0.0000000000E+00,    0.0000000000E+00,    0.0000000000E+00,    2.9640849577E+02
    185550,      0.676959,CP4_after_advection,   1,    0.0000000000E+00,    2.9640768146E+02,    2.9640768146E+02,    0.0000000000E+00,    0.0000000000E+00,    0.0000000000E+00,    2.9640768146E+02
    185550,      0.676959,CP5_after_vdif,   1,    0.0000000000E+00,    2.9640768146E+02,    2.9640768146E+02,    0.0000000000E+00,    0.0000000000E+00,    0.0000000000E+00,    2.9640768146E+02
    185550,      0.676959,CP6_after_kinetics,   1,    0.0000000000E+00,    2.9640768146E+02,    2.9640768146E+02,    0.0000000000E+00,    0.0000000000E+00,    0.0000000000E+00,    2.9640768146E+02
    185550,      0.676959,CP7_after_upper_clamp,   1,    0.0000000000E+00,    2.9640768146E+02,    2.9640768146E+02,    0.0000000000E+00,    0.0000000000E+00,    0.0000000000E+00,    2.9640768146E+02
    185550,      0.676959,CP8_after_OBC,   1,    0.0000000000E+00,    2.9640768146E+02,    2.9640768146E+02,    0.0000000000E+00,    0.0000000000E+00,    0.0000000000E+00,    2.9640768146E+02
    185550,      0.676959,CP9_after_PTsource,   1,    0.0000000000E+00,    2.9640768146E+02,    2.9640768146E+02,    0.0000000000E+00,    0.0000000000E+00,    0.0000000000E+00,    2.9640768146E+02
    185550,      0.676959,CP10_after_neg_clamp,   1,    0.0000000000E+00,    2.9640768146E+02,    2.9640768146E+02,    0.0000000000E+00,    0.0000000000E+00,    0.0000000000E+00,    2.9640768146E+02
    185550,      0.676959,CP11_after_MPI,   1,    0.0000000000E+00,    2.9640768146E+02,    2.9640768146E+02,    0.0000000000E+00,    0.0000000000E+00,    0.0000000000E+00,    2.9640768146E+02
    185550,      0.676959,CP12_end,   1,    0.0000000000E+00,    2.9640768146E+02,    2.9640768146E+02,    0.0000000000E+00,    0.0000000000E+00,    0.0000000000E+00,    2.9640768146E+02
    185600,      0.676959,CP0_start,   1,    0.0000000000E+00,    2.9656705637E+02,    2.9656705637E+02,    0.0000000000E+00,    0.0000000000E+00,    0.0000000000E+00,    2.9656705637E+02
    185600,      0.676959,CP1_after_deposition,   1,    0.0000000000E+00,    2.9656705637E+02,    2.9656705637E+02,    0.0000000000E+00,    0.0000000000E+00,    0.0000000000E+00,    2.9656705637E+02
    185600,      0.676959,CP2_after_erosion,   1,    0.0000000000E+00,    2.9656705637E+02,    2.9656705637E+02,    0.0000000000E+00,    0.0000000000E+00,    0.0000000000E+00,    2.9656705637E+02
    185600,      0.676959,CP3_after_update_bottom,   1,    0.0000000000E+00,    2.9656705637E+02,    2.9656705637E+02,    0.0000000000E+00,    0.0000000000E+00,    0.0000000000E+00,    2.9656705637E+02
    185600,      0.676959,CP4_after_advection,   1,    0.0000000000E+00,    2.9656638271E+02,    2.9656638271E+02,    0.0000000000E+00,    0.0000000000E+00,    0.0000000000E+00,    2.9656638271E+02
    185600,      0.676959,CP5_after_vdif,   1,    0.0000000000E+00,    2.9656638271E+02,    2.9656638271E+02,    0.0000000000E+00,    0.0000000000E+00,    0.0000000000E+00,    2.9656638271E+02
    185600,      0.676959,CP6_after_kinetics,   1,    0.0000000000E+00,    2.9656638271E+02,    2.9656638271E+02,    0.0000000000E+00,    0.0000000000E+00,    0.0000000000E+00,    2.9656638271E+02
    185600,      0.676959,CP7_after_upper_clamp,   1,    0.0000000000E+00,    2.9656638271E+02,    2.9656638271E+02,    0.0000000000E+00,    0.0000000000E+00,    0.0000000000E+00,    2.9656638271E+02
    185600,      0.676959,CP8_after_OBC,   1,    0.0000000000E+00,    2.9656638271E+02,    2.9656638271E+02,    0.0000000000E+00,    0.0000000000E+00,    0.0000000000E+00,    2.9656638271E+02
    185600,      0.676959,CP9_after_PTsource,   1,    0.0000000000E+00,    2.9656638271E+02,    2.9656638271E+02,    0.0000000000E+00,    0.0000000000E+00,    0.0000000000E+00,    2.9656638271E+02
    185600,      0.676959,CP10_after_neg_clamp,   1,    0.0000000000E+00,    2.9656638271E+02,    2.9656638271E+02,    0.0000000000E+00,    0.0000000000E+00,    0.0000000000E+00,    2.9656638271E+02
    185600,      0.676959,CP11_after_MPI,   1,    0.0000000000E+00,    2.9656638271E+02,    2.9656638271E+02,    0.0000000000E+00,    0.0000000000E+00,    0.0000000000E+00,    2.9656638271E+02
    185600,      0.676959,CP12_end,   1,    0.0000000000E+00,    2.9656638271E+02,    2.9656638271E+02,    0.0000000000E+00,    0.0000000000E+00,    0.0000000000E+00,    2.9656638271E+02
    185650,      0.676959,CP0_start,   1,    0.0000000000E+00,    2.9672470698E+02,    2.9672470698E+02,    0.0000000000E+00,    0.0000000000E+00,    0.0000000000E+00,    2.9672470698E+02
    185650,      0.676959,CP1_after_deposition,   1,    0.0000000000E+00,    2.9672470698E+02,    2.9672470698E+02,    0.0000000000E+00,    0.0000000000E+00,    0.0000000000E+00,    2.9672470698E+02
    185650,      0.676959,CP2_after_erosion,   1,    0.0000000000E+00,    2.9672470698E+02,    2.9672470698E+02,    0.0000000000E+00,    0.0000000000E+00,    0.0000000000E+00,    2.9672470698E+02
    185650,      0.676959,CP3_after_update_bottom,   1,    0.0000000000E+00,    2.9672470698E+02,    2.9672470698E+02,    0.0000000000E+00,    0.0000000000E+00,    0.0000000000E+00,    2.9672470698E+02
    185650,      0.676959,CP4_after_advection,   1,    0.0000000000E+00,    2.9672416350E+02,    2.9672416350E+02,    0.0000000000E+00,    0.0000000000E+00,    0.0000000000E+00,    2.9672416350E+02
    185650,      0.676959,CP5_after_vdif,   1,    0.0000000000E+00,    2.9672416350E+02,    2.9672416350E+02,    0.0000000000E+00,    0.0000000000E+00,    0.0000000000E+00,    2.9672416350E+02
    185650,      0.676959,CP6_after_kinetics,   1,    0.0000000000E+00,    2.9672416350E+02,    2.9672416350E+02,    0.0000000000E+00,    0.0000000000E+00,    0.0000000000E+00,    2.9672416350E+02
    185650,      0.676959,CP7_after_upper_clamp,   1,    0.0000000000E+00,    2.9672416350E+02,    2.9672416350E+02,    0.0000000000E+00,    0.0000000000E+00,    0.0000000000E+00,    2.9672416350E+02
    185650,      0.676959,CP8_after_OBC,   1,    0.0000000000E+00,    2.9672416350E+02,    2.9672416350E+02,    0.0000000000E+00,    0.0000000000E+00,    0.0000000000E+00,    2.9672416350E+02
    185650,      0.676959,CP9_after_PTsource,   1,    0.0000000000E+00,    2.9672416350E+02,    2.9672416350E+02,    0.0000000000E+00,    0.0000000000E+00,    0.0000000000E+00,    2.9672416350E+02
    185650,      0.676959,CP10_after_neg_clamp,   1,    0.0000000000E+00,    2.9672416350E+02,    2.9672416350E+02,    0.0000000000E+00,    0.0000000000E+00,    0.0000000000E+00,    2.9672416350E+02
    185650,      0.676959,CP11_after_MPI,   1,    0.0000000000E+00,    2.9672416350E+02,    2.9672416350E+02,    0.0000000000E+00,    0.0000000000E+00,    0.0000000000E+00,    2.9672416350E+02
    185650,      0.676959,CP12_end,   1,    0.0000000000E+00,    2.9672416350E+02,    2.9672416350E+02,    0.0000000000E+00,    0.0000000000E+00,    0.0000000000E+00,    2.9672416350E+02
    185700,      0.676959,CP0_start,   1,    0.0000000000E+00,    2.9688129378E+02,    2.9688129378E+02,    0.0000000000E+00,    0.0000000000E+00,    0.0000000000E+00,    2.9688129378E+02
    185700,      0.676959,CP1_after_deposition,   1,    0.0000000000E+00,    2.9688129378E+02,    2.9688129378E+02,    0.0000000000E+00,    0.0000000000E+00,    0.0000000000E+00,    2.9688129378E+02
    185700,      0.676959,CP2_after_erosion,   1,    0.0000000000E+00,    2.9688129378E+02,    2.9688129378E+02,    0.0000000000E+00,    0.0000000000E+00,    0.0000000000E+00,    2.9688129378E+02
    185700,      0.676959,CP3_after_update_bottom,   1,    0.0000000000E+00,    2.9688129378E+02,    2.9688129378E+02,    0.0000000000E+00,    0.0000000000E+00,    0.0000000000E+00,    2.9688129378E+02
    185700,      0.676959,CP4_after_advection,   1,    0.0000000000E+00,    2.9688088682E+02,    2.9688088682E+02,    0.0000000000E+00,    0.0000000000E+00,    0.0000000000E+00,    2.9688088682E+02
    185700,      0.676959,CP5_after_vdif,   1,    0.0000000000E+00,    2.9688088682E+02,    2.9688088682E+02,    0.0000000000E+00,    0.0000000000E+00,    0.0000000000E+00,    2.9688088682E+02
    185700,      0.676959,CP6_after_kinetics,   1,    0.0000000000E+00,    2.9688088682E+02,    2.9688088682E+02,    0.0000000000E+00,    0.0000000000E+00,    0.0000000000E+00,    2.9688088682E+02
    185700,      0.676959,CP7_after_upper_clamp,   1,    0.0000000000E+00,    2.9688088682E+02,    2.9688088682E+02,    0.0000000000E+00,    0.0000000000E+00,    0.0000000000E+00,    2.9688088682E+02
    185700,      0.676959,CP8_after_OBC,   1,    0.0000000000E+00,    2.9688088682E+02,    2.9688088682E+02,    0.0000000000E+00,    0.0000000000E+00,    0.0000000000E+00,    2.9688088682E+02
    185700,      0.676959,CP9_after_PTsource,   1,    0.0000000000E+00,    2.9688088682E+02,    2.9688088682E+02,    0.0000000000E+00,    0.0000000000E+00,    0.0000000000E+00,    2.9688088682E+02
    185700,      0.676959,CP10_after_neg_clamp,   1,    0.0000000000E+00,    2.9688088682E+02,    2.9688088682E+02,    0.0000000000E+00,    0.0000000000E+00,    0.0000000000E+00,    2.9688088682E+02
    185700,      0.676959,CP11_after_MPI,   1,    0.0000000000E+00,    2.9688088682E+02,    2.9688088682E+02,    0.0000000000E+00,    0.0000000000E+00,    0.0000000000E+00,    2.9688088682E+02
    185700,      0.676959,CP12_end,   1,    0.0000000000E+00,    2.9688088682E+02,    2.9688088682E+02,    0.0000000000E+00,    0.0000000000E+00,    0.0000000000E+00,    2.9688088682E+02
    185750,      0.676959,CP0_start,   1,    0.0000000000E+00,    2.9703681952E+02,    2.9703681952E+02,    0.0000000000E+00,    0.0000000000E+00,    0.0000000000E+00,    2.9703681952E+02
    185750,      0.676959,CP1_after_deposition,   1,    0.0000000000E+00,    2.9703681952E+02,    2.9703681952E+02,    0.0000000000E+00,    0.0000000000E+00,    0.0000000000E+00,    2.9703681952E+02
    185750,      0.676959,CP2_after_erosion,   1,    0.0000000000E+00,    2.9703681952E+02,    2.9703681952E+02,    0.0000000000E+00,    0.0000000000E+00,    0.0000000000E+00,    2.9703681952E+02
    185750,      0.676959,CP3_after_update_bottom,   1,    0.0000000000E+00,    2.9703681952E+02,    2.9703681952E+02,    0.0000000000E+00,    0.0000000000E+00,    0.0000000000E+00,    2.9703681952E+02
    185750,      0.676959,CP4_after_advection,   1,    0.0000000000E+00,    2.9703656135E+02,    2.9703656135E+02,    0.0000000000E+00,    0.0000000000E+00,    0.0000000000E+00,    2.9703656135E+02
    185750,      0.676959,CP5_after_vdif,   1,    0.0000000000E+00,    2.9703656135E+02,    2.9703656135E+02,    0.0000000000E+00,    0.0000000000E+00,    0.0000000000E+00,    2.9703656135E+02
    185750,      0.676959,CP6_after_kinetics,   1,    0.0000000000E+00,    2.9703656135E+02,    2.9703656135E+02,    0.0000000000E+00,    0.0000000000E+00,    0.0000000000E+00,    2.9703656135E+02
    185750,      0.676959,CP7_after_upper_clamp,   1,    0.0000000000E+00,    2.9703656135E+02,    2.9703656135E+02,    0.0000000000E+00,    0.0000000000E+00,    0.0000000000E+00,    2.9703656135E+02
    185750,      0.676959,CP8_after_OBC,   1,    0.0000000000E+00,    2.9703656135E+02,    2.9703656135E+02,    0.0000000000E+00,    0.0000000000E+00,    0.0000000000E+00,    2.9703656135E+02
    185750,      0.676959,CP9_after_PTsource,   1,    0.0000000000E+00,    2.9703656135E+02,    2.9703656135E+02,    0.0000000000E+00,    0.0000000000E+00,    0.0000000000E+00,    2.9703656135E+02
    185750,      0.676959,CP10_after_neg_clamp,   1,    0.0000000000E+00,    2.9703656135E+02,    2.9703656135E+02,    0.0000000000E+00,    0.0000000000E+00,    0.0000000000E+00,    2.9703656135E+02
    185750,      0.676959,CP11_after_MPI,   1,    0.0000000000E+00,    2.9703656135E+02,    2.9703656135E+02,    0.0000000000E+00,    0.0000000000E+00,    0.0000000000E+00,    2.9703656135E+02
    185750,      0.676959,CP12_end,   1,    0.0000000000E+00,    2.9703656135E+02,    2.9703656135E+02,    0.0000000000E+00,    0.0000000000E+00,    0.0000000000E+00,    2.9703656135E+02
    185800,      0.676960,CP0_start,   1,    0.0000000000E+00,    2.9719156802E+02,    2.9719156802E+02,    0.0000000000E+00,    0.0000000000E+00,    0.0000000000E+00,    2.9719156802E+02
    185800,      0.676960,CP1_after_deposition,   1,    0.0000000000E+00,    2.9719156802E+02,    2.9719156802E+02,    0.0000000000E+00,    0.0000000000E+00,    0.0000000000E+00,    2.9719156802E+02
    185800,      0.676960,CP2_after_erosion,   1,    0.0000000000E+00,    2.9719156802E+02,    2.9719156802E+02,    0.0000000000E+00,    0.0000000000E+00,    0.0000000000E+00,    2.9719156802E+02
    185800,      0.676960,CP3_after_update_bottom,   1,    0.0000000000E+00,    2.9719156802E+02,    2.9719156802E+02,    0.0000000000E+00,    0.0000000000E+00,    0.0000000000E+00,    2.9719156802E+02
    185800,      0.676960,CP4_after_advection,   1,    0.0000000000E+00,    2.9719147090E+02,    2.9719147090E+02,    0.0000000000E+00,    0.0000000000E+00,    0.0000000000E+00,    2.9719147090E+02
    185800,      0.676960,CP5_after_vdif,   1,    0.0000000000E+00,    2.9719147090E+02,    2.9719147090E+02,    0.0000000000E+00,    0.0000000000E+00,    0.0000000000E+00,    2.9719147090E+02
    185800,      0.676960,CP6_after_kinetics,   1,    0.0000000000E+00,    2.9719147090E+02,    2.9719147090E+02,    0.0000000000E+00,    0.0000000000E+00,    0.0000000000E+00,    2.9719147090E+02
    185800,      0.676960,CP7_after_upper_clamp,   1,    0.0000000000E+00,    2.9719147090E+02,    2.9719147090E+02,    0.0000000000E+00,    0.0000000000E+00,    0.0000000000E+00,    2.9719147090E+02
    185800,      0.676960,CP8_after_OBC,   1,    0.0000000000E+00,    2.9719147090E+02,    2.9719147090E+02,    0.0000000000E+00,    0.0000000000E+00,    0.0000000000E+00,    2.9719147090E+02
    185800,      0.676960,CP9_after_PTsource,   1,    0.0000000000E+00,    2.9719147090E+02,    2.9719147090E+02,    0.0000000000E+00,    0.0000000000E+00,    0.0000000000E+00,    2.9719147090E+02
    185800,      0.676960,CP10_after_neg_clamp,   1,    0.0000000000E+00,    2.9719147090E+02,    2.9719147090E+02,    0.0000000000E+00,    0.0000000000E+00,    0.0000000000E+00,    2.9719147090E+02
    185800,      0.676960,CP11_after_MPI,   1,    0.0000000000E+00,    2.9719147090E+02,    2.9719147090E+02,    0.0000000000E+00,    0.0000000000E+00,    0.0000000000E+00,    2.9719147090E+02
    185800,      0.676960,CP12_end,   1,    0.0000000000E+00,    2.9719147090E+02,    2.9719147090E+02,    0.0000000000E+00,    0.0000000000E+00,    0.0000000000E+00,    2.9719147090E+02
    185850,      0.676960,CP0_start,   1,    0.0000000000E+00,    2.9734601402E+02,    2.9734601402E+02,    0.0000000000E+00,    0.0000000000E+00,    0.0000000000E+00,    2.9734601402E+02
    185850,      0.676960,CP1_after_deposition,   1,    0.0000000000E+00,    2.9734601402E+02,    2.9734601402E+02,    0.0000000000E+00,    0.0000000000E+00,    0.0000000000E+00,    2.9734601402E+02
    185850,      0.676960,CP2_after_erosion,   1,    0.0000000000E+00,    2.9734601402E+02,    2.9734601402E+02,    0.0000000000E+00,    0.0000000000E+00,    0.0000000000E+00,    2.9734601402E+02
    185850,      0.676960,CP3_after_update_bottom,   1,    0.0000000000E+00,    2.9734601402E+02,    2.9734601402E+02,    0.0000000000E+00,    0.0000000000E+00,    0.0000000000E+00,    2.9734601402E+02
    185850,      0.676960,CP4_after_advection,   1,    0.0000000000E+00,    2.9734609524E+02,    2.9734609524E+02,    0.0000000000E+00,    0.0000000000E+00,    0.0000000000E+00,    2.9734609524E+02
    185850,      0.676960,CP5_after_vdif,   1,    0.0000000000E+00,    2.9734609524E+02,    2.9734609524E+02,    0.0000000000E+00,    0.0000000000E+00,    0.0000000000E+00,    2.9734609524E+02
    185850,      0.676960,CP6_after_kinetics,   1,    0.0000000000E+00,    2.9734609524E+02,    2.9734609524E+02,    0.0000000000E+00,    0.0000000000E+00,    0.0000000000E+00,    2.9734609524E+02
    185850,      0.676960,CP7_after_upper_clamp,   1,    0.0000000000E+00,    2.9734609524E+02,    2.9734609524E+02,    0.0000000000E+00,    0.0000000000E+00,    0.0000000000E+00,    2.9734609524E+02
    185850,      0.676960,CP8_after_OBC,   1,    0.0000000000E+00,    2.9734609524E+02,    2.9734609524E+02,    0.0000000000E+00,    0.0000000000E+00,    0.0000000000E+00,    2.9734609524E+02
    185850,      0.676960,CP9_after_PTsource,   1,    0.0000000000E+00,    2.9734609524E+02,    2.9734609524E+02,    0.0000000000E+00,    0.0000000000E+00,    0.0000000000E+00,    2.9734609524E+02
    185850,      0.676960,CP10_after_neg_clamp,   1,    0.0000000000E+00,    2.9734609524E+02,    2.9734609524E+02,    0.0000000000E+00,    0.0000000000E+00,    0.0000000000E+00,    2.9734609524E+02
    185850,      0.676960,CP11_after_MPI,   1,    0.0000000000E+00,    2.9734609524E+02,    2.9734609524E+02,    0.0000000000E+00,    0.0000000000E+00,    0.0000000000E+00,    2.9734609524E+02
    185850,      0.676960,CP12_end,   1,    0.0000000000E+00,    2.9734609524E+02,    2.9734609524E+02,    0.0000000000E+00,    0.0000000000E+00,    0.0000000000E+00,    2.9734609524E+02
    185900,      0.676960,CP0_start,   1,    0.0000000000E+00,    2.9750083642E+02,    2.9750083642E+02,    0.0000000000E+00,    0.0000000000E+00,    0.0000000000E+00,    2.9750083642E+02
    185900,      0.676960,CP1_after_deposition,   1,    0.0000000000E+00,    2.9750083642E+02,    2.9750083642E+02,    0.0000000000E+00,    0.0000000000E+00,    0.0000000000E+00,    2.9750083642E+02
    185900,      0.676960,CP2_after_erosion,   1,    0.0000000000E+00,    2.9750083642E+02,    2.9750083642E+02,    0.0000000000E+00,    0.0000000000E+00,    0.0000000000E+00,    2.9750083642E+02
    185900,      0.676960,CP3_after_update_bottom,   1,    0.0000000000E+00,    2.9750083642E+02,    2.9750083642E+02,    0.0000000000E+00,    0.0000000000E+00,    0.0000000000E+00,    2.9750083642E+02
    185900,      0.676960,CP4_after_advection,   1,    0.0000000000E+00,    2.9750112490E+02,    2.9750112490E+02,    0.0000000000E+00,    0.0000000000E+00,    0.0000000000E+00,    2.9750112490E+02
    185900,      0.676960,CP5_after_vdif,   1,    0.0000000000E+00,    2.9750112490E+02,    2.9750112490E+02,    0.0000000000E+00,    0.0000000000E+00,    0.0000000000E+00,    2.9750112490E+02
    185900,      0.676960,CP6_after_kinetics,   1,    0.0000000000E+00,    2.9750112490E+02,    2.9750112490E+02,    0.0000000000E+00,    0.0000000000E+00,    0.0000000000E+00,    2.9750112490E+02
    185900,      0.676960,CP7_after_upper_clamp,   1,    0.0000000000E+00,    2.9750112490E+02,    2.9750112490E+02,    0.0000000000E+00,    0.0000000000E+00,    0.0000000000E+00,    2.9750112490E+02
    185900,      0.676960,CP8_after_OBC,   1,    0.0000000000E+00,    2.9750112490E+02,    2.9750112490E+02,    0.0000000000E+00,    0.0000000000E+00,    0.0000000000E+00,    2.9750112490E+02
    185900,      0.676960,CP9_after_PTsource,   1,    0.0000000000E+00,    2.9750112490E+02,    2.9750112490E+02,    0.0000000000E+00,    0.0000000000E+00,    0.0000000000E+00,    2.9750112490E+02
    185900,      0.676960,CP10_after_neg_clamp,   1,    0.0000000000E+00,    2.9750112490E+02,    2.9750112490E+02,    0.0000000000E+00,    0.0000000000E+00,    0.0000000000E+00,    2.9750112490E+02
    185900,      0.676960,CP11_after_MPI,   1,    0.0000000000E+00,    2.9750112490E+02,    2.9750112490E+02,    0.0000000000E+00,    0.0000000000E+00,    0.0000000000E+00,    2.9750112490E+02
    185900,      0.676960,CP12_end,   1,    0.0000000000E+00,    2.9750112490E+02,    2.9750112490E+02,    0.0000000000E+00,    0.0000000000E+00,    0.0000000000E+00,    2.9750112490E+02
    185950,      0.676960,CP0_start,   1,    0.0000000000E+00,    2.9765690851E+02,    2.9765690851E+02,    0.0000000000E+00,    0.0000000000E+00,    0.0000000000E+00,    2.9765690851E+02
    185950,      0.676960,CP1_after_deposition,   1,    0.0000000000E+00,    2.9765690851E+02,    2.9765690851E+02,    0.0000000000E+00,    0.0000000000E+00,    0.0000000000E+00,    2.9765690851E+02
    185950,      0.676960,CP2_after_erosion,   1,    0.0000000000E+00,    2.9765690851E+02,    2.9765690851E+02,    0.0000000000E+00,    0.0000000000E+00,    0.0000000000E+00,    2.9765690851E+02
    185950,      0.676960,CP3_after_update_bottom,   1,    0.0000000000E+00,    2.9765690851E+02,    2.9765690851E+02,    0.0000000000E+00,    0.0000000000E+00,    0.0000000000E+00,    2.9765690851E+02
    185950,      0.676960,CP4_after_advection,   1,    0.0000000000E+00,    2.9765743796E+02,    2.9765743796E+02,    0.0000000000E+00,    0.0000000000E+00,    0.0000000000E+00,    2.9765743796E+02
    185950,      0.676960,CP5_after_vdif,   1,    0.0000000000E+00,    2.9765743796E+02,    2.9765743796E+02,    0.0000000000E+00,    0.0000000000E+00,    0.0000000000E+00,    2.9765743796E+02
    185950,      0.676960,CP6_after_kinetics,   1,    0.0000000000E+00,    2.9765743796E+02,    2.9765743796E+02,    0.0000000000E+00,    0.0000000000E+00,    0.0000000000E+00,    2.9765743796E+02
    185950,      0.676960,CP7_after_upper_clamp,   1,    0.0000000000E+00,    2.9765743796E+02,    2.9765743796E+02,    0.0000000000E+00,    0.0000000000E+00,    0.0000000000E+00,    2.9765743796E+02
    185950,      0.676960,CP8_after_OBC,   1,    0.0000000000E+00,    2.9765743796E+02,    2.9765743796E+02,    0.0000000000E+00,    0.0000000000E+00,    0.0000000000E+00,    2.9765743796E+02
    185950,      0.676960,CP9_after_PTsource,   1,    0.0000000000E+00,    2.9765743796E+02,    2.9765743796E+02,    0.0000000000E+00,    0.0000000000E+00,    0.0000000000E+00,    2.9765743796E+02
    185950,      0.676960,CP10_after_neg_clamp,   1,    0.0000000000E+00,    2.9765743796E+02,    2.9765743796E+02,    0.0000000000E+00,    0.0000000000E+00,    0.0000000000E+00,    2.9765743796E+02
    185950,      0.676960,CP11_after_MPI,   1,    0.0000000000E+00,    2.9765743796E+02,    2.9765743796E+02,    0.0000000000E+00,    0.0000000000E+00,    0.0000000000E+00,    2.9765743796E+02
    185950,      0.676960,CP12_end,   1,    0.0000000000E+00,    2.9765743796E+02,    2.9765743796E+02,    0.0000000000E+00,    0.0000000000E+00,    0.0000000000E+00,    2.9765743796E+02
    186000,      0.676960,CP0_start,   1,    0.0000000000E+00,    2.9781499079E+02,    2.9781499079E+02,    0.0000000000E+00,    0.0000000000E+00,    0.0000000000E+00,    2.9781499079E+02
    186000,      0.676960,CP1_after_deposition,   1,    0.0000000000E+00,    2.9781499079E+02,    2.9781499079E+02,    0.0000000000E+00,    0.0000000000E+00,    0.0000000000E+00,    2.9781499079E+02
    186000,      0.676960,CP2_after_erosion,   1,    0.0000000000E+00,    2.9781499079E+02,    2.9781499079E+02,    0.0000000000E+00,    0.0000000000E+00,    0.0000000000E+00,    2.9781499079E+02
    186000,      0.676960,CP3_after_update_bottom,   1,    0.0000000000E+00,    2.9781499079E+02,    2.9781499079E+02,    0.0000000000E+00,    0.0000000000E+00,    0.0000000000E+00,    2.9781499079E+02
    186000,      0.676960,CP4_after_advection,   1,    0.0000000000E+00,    2.9781577760E+02,    2.9781577760E+02,    0.0000000000E+00,    0.0000000000E+00,    0.0000000000E+00,    2.9781577760E+02
    186000,      0.676960,CP5_after_vdif,   1,    0.0000000000E+00,    2.9781577760E+02,    2.9781577760E+02,    0.0000000000E+00,    0.0000000000E+00,    0.0000000000E+00,    2.9781577760E+02
    186000,      0.676960,CP6_after_kinetics,   1,    0.0000000000E+00,    2.9781577760E+02,    2.9781577760E+02,    0.0000000000E+00,    0.0000000000E+00,    0.0000000000E+00,    2.9781577760E+02
    186000,      0.676960,CP7_after_upper_clamp,   1,    0.0000000000E+00,    2.9781577760E+02,    2.9781577760E+02,    0.0000000000E+00,    0.0000000000E+00,    0.0000000000E+00,    2.9781577760E+02
    186000,      0.676960,CP8_after_OBC,   1,    0.0000000000E+00,    2.9781577760E+02,    2.9781577760E+02,    0.0000000000E+00,    0.0000000000E+00,    0.0000000000E+00,    2.9781577760E+02
    186000,      0.676960,CP9_after_PTsource,   1,    0.0000000000E+00,    2.9781577760E+02,    2.9781577760E+02,    0.0000000000E+00,    0.0000000000E+00,    0.0000000000E+00,    2.9781577760E+02
    186000,      0.676960,CP10_after_neg_clamp,   1,    0.0000000000E+00,    2.9781577760E+02,    2.9781577760E+02,    0.0000000000E+00,    0.0000000000E+00,    0.0000000000E+00,    2.9781577760E+02
    186000,      0.676960,CP11_after_MPI,   1,    0.0000000000E+00,    2.9781577760E+02,    2.9781577760E+02,    0.0000000000E+00,    0.0000000000E+00,    0.0000000000E+00,    2.9781577760E+02
    186000,      0.676960,CP12_end,   1,    0.0000000000E+00,    2.9781577760E+02,    2.9781577760E+02,    0.0000000000E+00,    0.0000000000E+00,    0.0000000000E+00,    2.9781577760E+02
    186050,      0.676960,CP0_start,   1,    0.0000000000E+00,    2.9797556484E+02,    2.9797556484E+02,    0.0000000000E+00,    0.0000000000E+00,    0.0000000000E+00,    2.9797556484E+02
    186050,      0.676960,CP1_after_deposition,   1,    0.0000000000E+00,    2.9797556484E+02,    2.9797556484E+02,    0.0000000000E+00,    0.0000000000E+00,    0.0000000000E+00,    2.9797556484E+02
    186050,      0.676960,CP2_after_erosion,   1,    0.0000000000E+00,    2.9797556484E+02,    2.9797556484E+02,    0.0000000000E+00,    0.0000000000E+00,    0.0000000000E+00,    2.9797556484E+02
    186050,      0.676960,CP3_after_update_bottom,   1,    0.0000000000E+00,    2.9797556484E+02,    2.9797556484E+02,    0.0000000000E+00,    0.0000000000E+00,    0.0000000000E+00,    2.9797556484E+02
    186050,      0.676960,CP4_after_advection,   1,    0.0000000000E+00,    2.9797662721E+02,    2.9797662721E+02,    0.0000000000E+00,    0.0000000000E+00,    0.0000000000E+00,    2.9797662721E+02
    186050,      0.676960,CP5_after_vdif,   1,    0.0000000000E+00,    2.9797662721E+02,    2.9797662721E+02,    0.0000000000E+00,    0.0000000000E+00,    0.0000000000E+00,    2.9797662721E+02
    186050,      0.676960,CP6_after_kinetics,   1,    0.0000000000E+00,    2.9797662721E+02,    2.9797662721E+02,    0.0000000000E+00,    0.0000000000E+00,    0.0000000000E+00,    2.9797662721E+02
    186050,      0.676960,CP7_after_upper_clamp,   1,    0.0000000000E+00,    2.9797662721E+02,    2.9797662721E+02,    0.0000000000E+00,    0.0000000000E+00,    0.0000000000E+00,    2.9797662721E+02
    186050,      0.676960,CP8_after_OBC,   1,    0.0000000000E+00,    2.9797662721E+02,    2.9797662721E+02,    0.0000000000E+00,    0.0000000000E+00,    0.0000000000E+00,    2.9797662721E+02
    186050,      0.676960,CP9_after_PTsource,   1,    0.0000000000E+00,    2.9797662721E+02,    2.9797662721E+02,    0.0000000000E+00,    0.0000000000E+00,    0.0000000000E+00,    2.9797662721E+02
    186050,      0.676960,CP10_after_neg_clamp,   1,    0.0000000000E+00,    2.9797662721E+02,    2.9797662721E+02,    0.0000000000E+00,    0.0000000000E+00,    0.0000000000E+00,    2.9797662721E+02
    186050,      0.676960,CP11_after_MPI,   1,    0.0000000000E+00,    2.9797662721E+02,    2.9797662721E+02,    0.0000000000E+00,    0.0000000000E+00,    0.0000000000E+00,    2.9797662721E+02
    186050,      0.676960,CP12_end,   1,    0.0000000000E+00,    2.9797662721E+02,    2.9797662721E+02,    0.0000000000E+00,    0.0000000000E+00,    0.0000000000E+00,    2.9797662721E+02
    186100,      0.676960,CP0_start,   1,    0.0000000000E+00,    2.9813892579E+02,    2.9813892579E+02,    0.0000000000E+00,    0.0000000000E+00,    0.0000000000E+00,    2.9813892579E+02
    186100,      0.676960,CP1_after_deposition,   1,    0.0000000000E+00,    2.9813892579E+02,    2.9813892579E+02,    0.0000000000E+00,    0.0000000000E+00,    0.0000000000E+00,    2.9813892579E+02
    186100,      0.676960,CP2_after_erosion,   1,    0.0000000000E+00,    2.9813892579E+02,    2.9813892579E+02,    0.0000000000E+00,    0.0000000000E+00,    0.0000000000E+00,    2.9813892579E+02
    186100,      0.676960,CP3_after_update_bottom,   1,    0.0000000000E+00,    2.9813892579E+02,    2.9813892579E+02,    0.0000000000E+00,    0.0000000000E+00,    0.0000000000E+00,    2.9813892579E+02
    186100,      0.676960,CP4_after_advection,   1,    0.0000000000E+00,    2.9814028167E+02,    2.9814028167E+02,    0.0000000000E+00,    0.0000000000E+00,    0.0000000000E+00,    2.9814028167E+02
    186100,      0.676960,CP5_after_vdif,   1,    0.0000000000E+00,    2.9814028167E+02,    2.9814028167E+02,    0.0000000000E+00,    0.0000000000E+00,    0.0000000000E+00,    2.9814028167E+02
    186100,      0.676960,CP6_after_kinetics,   1,    0.0000000000E+00,    2.9814028167E+02,    2.9814028167E+02,    0.0000000000E+00,    0.0000000000E+00,    0.0000000000E+00,    2.9814028167E+02
    186100,      0.676960,CP7_after_upper_clamp,   1,    0.0000000000E+00,    2.9814028167E+02,    2.9814028167E+02,    0.0000000000E+00,    0.0000000000E+00,    0.0000000000E+00,    2.9814028167E+02
    186100,      0.676960,CP8_after_OBC,   1,    0.0000000000E+00,    2.9814028167E+02,    2.9814028167E+02,    0.0000000000E+00,    0.0000000000E+00,    0.0000000000E+00,    2.9814028167E+02
    186100,      0.676960,CP9_after_PTsource,   1,    0.0000000000E+00,    2.9814028167E+02,    2.9814028167E+02,    0.0000000000E+00,    0.0000000000E+00,    0.0000000000E+00,    2.9814028167E+02
    186100,      0.676960,CP10_after_neg_clamp,   1,    0.0000000000E+00,    2.9814028167E+02,    2.9814028167E+02,    0.0000000000E+00,    0.0000000000E+00,    0.0000000000E+00,    2.9814028167E+02
    186100,      0.676960,CP11_after_MPI,   1,    0.0000000000E+00,    2.9814028167E+02,    2.9814028167E+02,    0.0000000000E+00,    0.0000000000E+00,    0.0000000000E+00,    2.9814028167E+02
    186100,      0.676960,CP12_end,   1,    0.0000000000E+00,    2.9814028167E+02,    2.9814028167E+02,    0.0000000000E+00,    0.0000000000E+00,    0.0000000000E+00,    2.9814028167E+02
    186150,      0.676960,CP0_start,   1,    0.0000000000E+00,    2.9830526070E+02,    2.9830526070E+02,    0.0000000000E+00,    0.0000000000E+00,    0.0000000000E+00,    2.9830526070E+02
    186150,      0.676960,CP1_after_deposition,   1,    0.0000000000E+00,    2.9830526070E+02,    2.9830526070E+02,    0.0000000000E+00,    0.0000000000E+00,    0.0000000000E+00,    2.9830526070E+02
    186150,      0.676960,CP2_after_erosion,   1,    0.0000000000E+00,    2.9830526070E+02,    2.9830526070E+02,    0.0000000000E+00,    0.0000000000E+00,    0.0000000000E+00,    2.9830526070E+02
    186150,      0.676960,CP3_after_update_bottom,   1,    0.0000000000E+00,    2.9830526070E+02,    2.9830526070E+02,    0.0000000000E+00,    0.0000000000E+00,    0.0000000000E+00,    2.9830526070E+02
    186150,      0.676960,CP4_after_advection,   1,    0.0000000000E+00,    2.9830692439E+02,    2.9830692439E+02,    0.0000000000E+00,    0.0000000000E+00,    0.0000000000E+00,    2.9830692439E+02
    186150,      0.676960,CP5_after_vdif,   1,    0.0000000000E+00,    2.9830692439E+02,    2.9830692439E+02,    0.0000000000E+00,    0.0000000000E+00,    0.0000000000E+00,    2.9830692439E+02
    186150,      0.676960,CP6_after_kinetics,   1,    0.0000000000E+00,    2.9830692439E+02,    2.9830692439E+02,    0.0000000000E+00,    0.0000000000E+00,    0.0000000000E+00,    2.9830692439E+02
    186150,      0.676960,CP7_after_upper_clamp,   1,    0.0000000000E+00,    2.9830692439E+02,    2.9830692439E+02,    0.0000000000E+00,    0.0000000000E+00,    0.0000000000E+00,    2.9830692439E+02
    186150,      0.676960,CP8_after_OBC,   1,    0.0000000000E+00,    2.9830692439E+02,    2.9830692439E+02,    0.0000000000E+00,    0.0000000000E+00,    0.0000000000E+00,    2.9830692439E+02
    186150,      0.676960,CP9_after_PTsource,   1,    0.0000000000E+00,    2.9830692439E+02,    2.9830692439E+02,    0.0000000000E+00,    0.0000000000E+00,    0.0000000000E+00,    2.9830692439E+02
    186150,      0.676960,CP10_after_neg_clamp,   1,    0.0000000000E+00,    2.9830692439E+02,    2.9830692439E+02,    0.0000000000E+00,    0.0000000000E+00,    0.0000000000E+00,    2.9830692439E+02
    186150,      0.676960,CP11_after_MPI,   1,    0.0000000000E+00,    2.9830692439E+02,    2.9830692439E+02,    0.0000000000E+00,    0.0000000000E+00,    0.0000000000E+00,    2.9830692439E+02
    186150,      0.676960,CP12_end,   1,    0.0000000000E+00,    2.9830692439E+02,    2.9830692439E+02,    0.0000000000E+00,    0.0000000000E+00,    0.0000000000E+00,    2.9830692439E+02
    186200,      0.676960,CP0_start,   1,    0.0000000000E+00,    2.9847468435E+02,    2.9847468435E+02,    0.0000000000E+00,    0.0000000000E+00,    0.0000000000E+00,    2.9847468435E+02
    186200,      0.676960,CP1_after_deposition,   1,    0.0000000000E+00,    2.9847468435E+02,    2.9847468435E+02,    0.0000000000E+00,    0.0000000000E+00,    0.0000000000E+00,    2.9847468435E+02
    186200,      0.676960,CP2_after_erosion,   1,    0.0000000000E+00,    2.9847468435E+02,    2.9847468435E+02,    0.0000000000E+00,    0.0000000000E+00,    0.0000000000E+00,    2.9847468435E+02
    186200,      0.676960,CP3_after_update_bottom,   1,    0.0000000000E+00,    2.9847468435E+02,    2.9847468435E+02,    0.0000000000E+00,    0.0000000000E+00,    0.0000000000E+00,    2.9847468435E+02
    186200,      0.676960,CP4_after_advection,   1,    0.0000000000E+00,    2.9847665938E+02,    2.9847665938E+02,    0.0000000000E+00,    0.0000000000E+00,    0.0000000000E+00,    2.9847665938E+02
    186200,      0.676960,CP5_after_vdif,   1,    0.0000000000E+00,    2.9847665938E+02,    2.9847665938E+02,    0.0000000000E+00,    0.0000000000E+00,    0.0000000000E+00,    2.9847665938E+02
    186200,      0.676960,CP6_after_kinetics,   1,    0.0000000000E+00,    2.9847665938E+02,    2.9847665938E+02,    0.0000000000E+00,    0.0000000000E+00,    0.0000000000E+00,    2.9847665938E+02
    186200,      0.676960,CP7_after_upper_clamp,   1,    0.0000000000E+00,    2.9847665938E+02,    2.9847665938E+02,    0.0000000000E+00,    0.0000000000E+00,    0.0000000000E+00,    2.9847665938E+02
    186200,      0.676960,CP8_after_OBC,   1,    0.0000000000E+00,    2.9847665938E+02,    2.9847665938E+02,    0.0000000000E+00,    0.0000000000E+00,    0.0000000000E+00,    2.9847665938E+02
    186200,      0.676960,CP9_after_PTsource,   1,    0.0000000000E+00,    2.9847665938E+02,    2.9847665938E+02,    0.0000000000E+00,    0.0000000000E+00,    0.0000000000E+00,    2.9847665938E+02
    186200,      0.676960,CP10_after_neg_clamp,   1,    0.0000000000E+00,    2.9847665938E+02,    2.9847665938E+02,    0.0000000000E+00,    0.0000000000E+00,    0.0000000000E+00,    2.9847665938E+02
    186200,      0.676960,CP11_after_MPI,   1,    0.0000000000E+00,    2.9847665938E+02,    2.9847665938E+02,    0.0000000000E+00,    0.0000000000E+00,    0.0000000000E+00,    2.9847665938E+02
    186200,      0.676960,CP12_end,   1,    0.0000000000E+00,    2.9847665938E+02,    2.9847665938E+02,    0.0000000000E+00,    0.0000000000E+00,    0.0000000000E+00,    2.9847665938E+02
    186250,      0.676960,CP0_start,   1,    0.0000000000E+00,    2.9864721910E+02,    2.9864721910E+02,    0.0000000000E+00,    0.0000000000E+00,    0.0000000000E+00,    2.9864721910E+02
    186250,      0.676960,CP1_after_deposition,   1,    0.0000000000E+00,    2.9864721910E+02,    2.9864721910E+02,    0.0000000000E+00,    0.0000000000E+00,    0.0000000000E+00,    2.9864721910E+02
    186250,      0.676960,CP2_after_erosion,   1,    0.0000000000E+00,    2.9864721910E+02,    2.9864721910E+02,    0.0000000000E+00,    0.0000000000E+00,    0.0000000000E+00,    2.9864721910E+02
    186250,      0.676960,CP3_after_update_bottom,   1,    0.0000000000E+00,    2.9864721910E+02,    2.9864721910E+02,    0.0000000000E+00,    0.0000000000E+00,    0.0000000000E+00,    2.9864721910E+02
    186250,      0.676960,CP4_after_advection,   1,    0.0000000000E+00,    2.9864951177E+02,    2.9864951177E+02,    0.0000000000E+00,    0.0000000000E+00,    0.0000000000E+00,    2.9864951177E+02
    186250,      0.676960,CP5_after_vdif,   1,    0.0000000000E+00,    2.9864951177E+02,    2.9864951177E+02,    0.0000000000E+00,    0.0000000000E+00,    0.0000000000E+00,    2.9864951177E+02
    186250,      0.676960,CP6_after_kinetics,   1,    0.0000000000E+00,    2.9864951177E+02,    2.9864951177E+02,    0.0000000000E+00,    0.0000000000E+00,    0.0000000000E+00,    2.9864951177E+02
    186250,      0.676960,CP7_after_upper_clamp,   1,    0.0000000000E+00,    2.9864951177E+02,    2.9864951177E+02,    0.0000000000E+00,    0.0000000000E+00,    0.0000000000E+00,    2.9864951177E+02
    186250,      0.676960,CP8_after_OBC,   1,    0.0000000000E+00,    2.9864951177E+02,    2.9864951177E+02,    0.0000000000E+00,    0.0000000000E+00,    0.0000000000E+00,    2.9864951177E+02
    186250,      0.676960,CP9_after_PTsource,   1,    0.0000000000E+00,    2.9864951177E+02,    2.9864951177E+02,    0.0000000000E+00,    0.0000000000E+00,    0.0000000000E+00,    2.9864951177E+02
    186250,      0.676960,CP10_after_neg_clamp,   1,    0.0000000000E+00,    2.9864951177E+02,    2.9864951177E+02,    0.0000000000E+00,    0.0000000000E+00,    0.0000000000E+00,    2.9864951177E+02
    186250,      0.676960,CP11_after_MPI,   1,    0.0000000000E+00,    2.9864951177E+02,    2.9864951177E+02,    0.0000000000E+00,    0.0000000000E+00,    0.0000000000E+00,    2.9864951177E+02
    186250,      0.676960,CP12_end,   1,    0.0000000000E+00,    2.9864951177E+02,    2.9864951177E+02,    0.0000000000E+00,    0.0000000000E+00,    0.0000000000E+00,    2.9864951177E+02
    186300,      0.676960,CP0_start,   1,    0.0000000000E+00,    2.9882279655E+02,    2.9882279655E+02,    0.0000000000E+00,    0.0000000000E+00,    0.0000000000E+00,    2.9882279655E+02
    186300,      0.676960,CP1_after_deposition,   1,    0.0000000000E+00,    2.9882279655E+02,    2.9882279655E+02,    0.0000000000E+00,    0.0000000000E+00,    0.0000000000E+00,    2.9882279655E+02
    186300,      0.676960,CP2_after_erosion,   1,    0.0000000000E+00,    2.9882279655E+02,    2.9882279655E+02,    0.0000000000E+00,    0.0000000000E+00,    0.0000000000E+00,    2.9882279655E+02
    186300,      0.676960,CP3_after_update_bottom,   1,    0.0000000000E+00,    2.9882279655E+02,    2.9882279655E+02,    0.0000000000E+00,    0.0000000000E+00,    0.0000000000E+00,    2.9882279655E+02
    186300,      0.676960,CP4_after_advection,   1,    0.0000000000E+00,    2.9882540633E+02,    2.9882540633E+02,    0.0000000000E+00,    0.0000000000E+00,    0.0000000000E+00,    2.9882540633E+02
    186300,      0.676960,CP5_after_vdif,   1,    0.0000000000E+00,    2.9882540633E+02,    2.9882540633E+02,    0.0000000000E+00,    0.0000000000E+00,    0.0000000000E+00,    2.9882540633E+02
    186300,      0.676960,CP6_after_kinetics,   1,    0.0000000000E+00,    2.9882540633E+02,    2.9882540633E+02,    0.0000000000E+00,    0.0000000000E+00,    0.0000000000E+00,    2.9882540633E+02
    186300,      0.676960,CP7_after_upper_clamp,   1,    0.0000000000E+00,    2.9882540633E+02,    2.9882540633E+02,    0.0000000000E+00,    0.0000000000E+00,    0.0000000000E+00,    2.9882540633E+02
    186300,      0.676960,CP8_after_OBC,   1,    0.0000000000E+00,    2.9882540633E+02,    2.9882540633E+02,    0.0000000000E+00,    0.0000000000E+00,    0.0000000000E+00,    2.9882540633E+02
    186300,      0.676960,CP9_after_PTsource,   1,    0.0000000000E+00,    2.9882540633E+02,    2.9882540633E+02,    0.0000000000E+00,    0.0000000000E+00,    0.0000000000E+00,    2.9882540633E+02
    186300,      0.676960,CP10_after_neg_clamp,   1,    0.0000000000E+00,    2.9882540633E+02,    2.9882540633E+02,    0.0000000000E+00,    0.0000000000E+00,    0.0000000000E+00,    2.9882540633E+02
    186300,      0.676960,CP11_after_MPI,   1,    0.0000000000E+00,    2.9882540633E+02,    2.9882540633E+02,    0.0000000000E+00,    0.0000000000E+00,    0.0000000000E+00,    2.9882540633E+02
    186300,      0.676960,CP12_end,   1,    0.0000000000E+00,    2.9882540633E+02,    2.9882540633E+02,    0.0000000000E+00,    0.0000000000E+00,    0.0000000000E+00,    2.9882540633E+02
    186350,      0.676960,CP0_start,   1,    0.0000000000E+00,    2.9900116827E+02,    2.9900116827E+02,    0.0000000000E+00,    0.0000000000E+00,    0.0000000000E+00,    2.9900116827E+02
    186350,      0.676960,CP1_after_deposition,   1,    0.0000000000E+00,    2.9900116827E+02,    2.9900116827E+02,    0.0000000000E+00,    0.0000000000E+00,    0.0000000000E+00,    2.9900116827E+02
    186350,      0.676960,CP2_after_erosion,   1,    0.0000000000E+00,    2.9900116827E+02,    2.9900116827E+02,    0.0000000000E+00,    0.0000000000E+00,    0.0000000000E+00,    2.9900116827E+02
    186350,      0.676960,CP3_after_update_bottom,   1,    0.0000000000E+00,    2.9900116827E+02,    2.9900116827E+02,    0.0000000000E+00,    0.0000000000E+00,    0.0000000000E+00,    2.9900116827E+02
    186350,      0.676960,CP4_after_advection,   1,    0.0000000000E+00,    2.9900408802E+02,    2.9900408802E+02,    0.0000000000E+00,    0.0000000000E+00,    0.0000000000E+00,    2.9900408802E+02
    186350,      0.676960,CP5_after_vdif,   1,    0.0000000000E+00,    2.9900408802E+02,    2.9900408802E+02,    0.0000000000E+00,    0.0000000000E+00,    0.0000000000E+00,    2.9900408802E+02
    186350,      0.676960,CP6_after_kinetics,   1,    0.0000000000E+00,    2.9900408802E+02,    2.9900408802E+02,    0.0000000000E+00,    0.0000000000E+00,    0.0000000000E+00,    2.9900408802E+02
    186350,      0.676960,CP7_after_upper_clamp,   1,    0.0000000000E+00,    2.9900408802E+02,    2.9900408802E+02,    0.0000000000E+00,    0.0000000000E+00,    0.0000000000E+00,    2.9900408802E+02
    186350,      0.676960,CP8_after_OBC,   1,    0.0000000000E+00,    2.9900408802E+02,    2.9900408802E+02,    0.0000000000E+00,    0.0000000000E+00,    0.0000000000E+00,    2.9900408802E+02
    186350,      0.676960,CP9_after_PTsource,   1,    0.0000000000E+00,    2.9900408802E+02,    2.9900408802E+02,    0.0000000000E+00,    0.0000000000E+00,    0.0000000000E+00,    2.9900408802E+02
    186350,      0.676960,CP10_after_neg_clamp,   1,    0.0000000000E+00,    2.9900408802E+02,    2.9900408802E+02,    0.0000000000E+00,    0.0000000000E+00,    0.0000000000E+00,    2.9900408802E+02
    186350,      0.676960,CP11_after_MPI,   1,    0.0000000000E+00,    2.9900408802E+02,    2.9900408802E+02,    0.0000000000E+00,    0.0000000000E+00,    0.0000000000E+00,    2.9900408802E+02
    186350,      0.676960,CP12_end,   1,    0.0000000000E+00,    2.9900408802E+02,    2.9900408802E+02,    0.0000000000E+00,    0.0000000000E+00,    0.0000000000E+00,    2.9900408802E+02
    186400,      0.676960,CP0_start,   1,    0.0000000000E+00,    2.9918220115E+02,    2.9918220115E+02,    0.0000000000E+00,    0.0000000000E+00,    0.0000000000E+00,    2.9918220115E+02
    186400,      0.676960,CP1_after_deposition,   1,    0.0000000000E+00,    2.9918220115E+02,    2.9918220115E+02,    0.0000000000E+00,    0.0000000000E+00,    0.0000000000E+00,    2.9918220115E+02
    186400,      0.676960,CP2_after_erosion,   1,    0.0000000000E+00,    2.9918220115E+02,    2.9918220115E+02,    0.0000000000E+00,    0.0000000000E+00,    0.0000000000E+00,    2.9918220115E+02
    186400,      0.676960,CP3_after_update_bottom,   1,    0.0000000000E+00,    2.9918220115E+02,    2.9918220115E+02,    0.0000000000E+00,    0.0000000000E+00,    0.0000000000E+00,    2.9918220115E+02
    186400,      0.676960,CP4_after_advection,   1,    0.0000000000E+00,    2.9918542229E+02,    2.9918542229E+02,    0.0000000000E+00,    0.0000000000E+00,    0.0000000000E+00,    2.9918542229E+02
    186400,      0.676960,CP5_after_vdif,   1,    0.0000000000E+00,    2.9918542229E+02,    2.9918542229E+02,    0.0000000000E+00,    0.0000000000E+00,    0.0000000000E+00,    2.9918542229E+02
    186400,      0.676960,CP6_after_kinetics,   1,    0.0000000000E+00,    2.9918542229E+02,    2.9918542229E+02,    0.0000000000E+00,    0.0000000000E+00,    0.0000000000E+00,    2.9918542229E+02
    186400,      0.676960,CP7_after_upper_clamp,   1,    0.0000000000E+00,    2.9918542229E+02,    2.9918542229E+02,    0.0000000000E+00,    0.0000000000E+00,    0.0000000000E+00,    2.9918542229E+02
    186400,      0.676960,CP8_after_OBC,   1,    0.0000000000E+00,    2.9918542229E+02,    2.9918542229E+02,    0.0000000000E+00,    0.0000000000E+00,    0.0000000000E+00,    2.9918542229E+02
    186400,      0.676960,CP9_after_PTsource,   1,    0.0000000000E+00,    2.9918542229E+02,    2.9918542229E+02,    0.0000000000E+00,    0.0000000000E+00,    0.0000000000E+00,    2.9918542229E+02
    186400,      0.676960,CP10_after_neg_clamp,   1,    0.0000000000E+00,    2.9918542229E+02,    2.9918542229E+02,    0.0000000000E+00,    0.0000000000E+00,    0.0000000000E+00,    2.9918542229E+02
    186400,      0.676960,CP11_after_MPI,   1,    0.0000000000E+00,    2.9918542229E+02,    2.9918542229E+02,    0.0000000000E+00,    0.0000000000E+00,    0.0000000000E+00,    2.9918542229E+02
    186400,      0.676960,CP12_end,   1,    0.0000000000E+00,    2.9918542229E+02,    2.9918542229E+02,    0.0000000000E+00,    0.0000000000E+00,    0.0000000000E+00,    2.9918542229E+02
    186450,      0.676960,CP0_start,   1,    0.0000000000E+00,    2.9936547023E+02,    2.9936547023E+02,    0.0000000000E+00,    0.0000000000E+00,    0.0000000000E+00,    2.9936547023E+02
    186450,      0.676960,CP1_after_deposition,   1,    0.0000000000E+00,    2.9936547023E+02,    2.9936547023E+02,    0.0000000000E+00,    0.0000000000E+00,    0.0000000000E+00,    2.9936547023E+02
    186450,      0.676960,CP2_after_erosion,   1,    0.0000000000E+00,    2.9936547023E+02,    2.9936547023E+02,    0.0000000000E+00,    0.0000000000E+00,    0.0000000000E+00,    2.9936547023E+02
    186450,      0.676960,CP3_after_update_bottom,   1,    0.0000000000E+00,    2.9936547023E+02,    2.9936547023E+02,    0.0000000000E+00,    0.0000000000E+00,    0.0000000000E+00,    2.9936547023E+02
    186450,      0.676960,CP4_after_advection,   1,    0.0000000000E+00,    2.9936897653E+02,    2.9936897653E+02,    0.0000000000E+00,    0.0000000000E+00,    0.0000000000E+00,    2.9936897653E+02
    186450,      0.676960,CP5_after_vdif,   1,    0.0000000000E+00,    2.9936897653E+02,    2.9936897653E+02,    0.0000000000E+00,    0.0000000000E+00,    0.0000000000E+00,    2.9936897653E+02
    186450,      0.676960,CP6_after_kinetics,   1,    0.0000000000E+00,    2.9936897653E+02,    2.9936897653E+02,    0.0000000000E+00,    0.0000000000E+00,    0.0000000000E+00,    2.9936897653E+02
    186450,      0.676960,CP7_after_upper_clamp,   1,    0.0000000000E+00,    2.9936897653E+02,    2.9936897653E+02,    0.0000000000E+00,    0.0000000000E+00,    0.0000000000E+00,    2.9936897653E+02
    186450,      0.676960,CP8_after_OBC,   1,    0.0000000000E+00,    2.9936897653E+02,    2.9936897653E+02,    0.0000000000E+00,    0.0000000000E+00,    0.0000000000E+00,    2.9936897653E+02
    186450,      0.676960,CP9_after_PTsource,   1,    0.0000000000E+00,    2.9936897653E+02,    2.9936897653E+02,    0.0000000000E+00,    0.0000000000E+00,    0.0000000000E+00,    2.9936897653E+02
    186450,      0.676960,CP10_after_neg_clamp,   1,    0.0000000000E+00,    2.9936897653E+02,    2.9936897653E+02,    0.0000000000E+00,    0.0000000000E+00,    0.0000000000E+00,    2.9936897653E+02
    186450,      0.676960,CP11_after_MPI,   1,    0.0000000000E+00,    2.9936897653E+02,    2.9936897653E+02,    0.0000000000E+00,    0.0000000000E+00,    0.0000000000E+00,    2.9936897653E+02
    186450,      0.676960,CP12_end,   1,    0.0000000000E+00,    2.9936897653E+02,    2.9936897653E+02,    0.0000000000E+00,    0.0000000000E+00,    0.0000000000E+00,    2.9936897653E+02
    186500,      0.676960,CP0_start,   1,    0.0000000000E+00,    2.9955018440E+02,    2.9955018440E+02,    0.0000000000E+00,    0.0000000000E+00,    0.0000000000E+00,    2.9955018440E+02
    186500,      0.676960,CP1_after_deposition,   1,    0.0000000000E+00,    2.9955018440E+02,    2.9955018440E+02,    0.0000000000E+00,    0.0000000000E+00,    0.0000000000E+00,    2.9955018440E+02
    186500,      0.676960,CP2_after_erosion,   1,    0.0000000000E+00,    2.9955018440E+02,    2.9955018440E+02,    0.0000000000E+00,    0.0000000000E+00,    0.0000000000E+00,    2.9955018440E+02
    186500,      0.676960,CP3_after_update_bottom,   1,    0.0000000000E+00,    2.9955018440E+02,    2.9955018440E+02,    0.0000000000E+00,    0.0000000000E+00,    0.0000000000E+00,    2.9955018440E+02
    186500,      0.676960,CP4_after_advection,   1,    0.0000000000E+00,    2.9955394932E+02,    2.9955394932E+02,    0.0000000000E+00,    0.0000000000E+00,    0.0000000000E+00,    2.9955394932E+02
    186500,      0.676960,CP5_after_vdif,   1,    0.0000000000E+00,    2.9955394932E+02,    2.9955394932E+02,    0.0000000000E+00,    0.0000000000E+00,    0.0000000000E+00,    2.9955394932E+02
    186500,      0.676960,CP6_after_kinetics,   1,    0.0000000000E+00,    2.9955394932E+02,    2.9955394932E+02,    0.0000000000E+00,    0.0000000000E+00,    0.0000000000E+00,    2.9955394932E+02
    186500,      0.676960,CP7_after_upper_clamp,   1,    0.0000000000E+00,    2.9955394932E+02,    2.9955394932E+02,    0.0000000000E+00,    0.0000000000E+00,    0.0000000000E+00,    2.9955394932E+02
    186500,      0.676960,CP8_after_OBC,   1,    0.0000000000E+00,    2.9955394932E+02,    2.9955394932E+02,    0.0000000000E+00,    0.0000000000E+00,    0.0000000000E+00,    2.9955394932E+02
    186500,      0.676960,CP9_after_PTsource,   1,    0.0000000000E+00,    2.9955394932E+02,    2.9955394932E+02,    0.0000000000E+00,    0.0000000000E+00,    0.0000000000E+00,    2.9955394932E+02
    186500,      0.676960,CP10_after_neg_clamp,   1,    0.0000000000E+00,    2.9955394932E+02,    2.9955394932E+02,    0.0000000000E+00,    0.0000000000E+00,    0.0000000000E+00,    2.9955394932E+02
    186500,      0.676960,CP11_after_MPI,   1,    0.0000000000E+00,    2.9955394932E+02,    2.9955394932E+02,    0.0000000000E+00,    0.0000000000E+00,    0.0000000000E+00,    2.9955394932E+02
    186500,      0.676960,CP12_end,   1,    0.0000000000E+00,    2.9955394932E+02,    2.9955394932E+02,    0.0000000000E+00,    0.0000000000E+00,    0.0000000000E+00,    2.9955394932E+02
    186550,      0.676960,CP0_start,   1,    0.0000000000E+00,    2.9973490106E+02,    2.9973490106E+02,    0.0000000000E+00,    0.0000000000E+00,    0.0000000000E+00,    2.9973490106E+02
    186550,      0.676960,CP1_after_deposition,   1,    0.0000000000E+00,    2.9973490106E+02,    2.9973490106E+02,    0.0000000000E+00,    0.0000000000E+00,    0.0000000000E+00,    2.9973490106E+02
    186550,      0.676960,CP2_after_erosion,   1,    0.0000000000E+00,    2.9973490106E+02,    2.9973490106E+02,    0.0000000000E+00,    0.0000000000E+00,    0.0000000000E+00,    2.9973490106E+02
    186550,      0.676960,CP3_after_update_bottom,   1,    0.0000000000E+00,    2.9973490106E+02,    2.9973490106E+02,    0.0000000000E+00,    0.0000000000E+00,    0.0000000000E+00,    2.9973490106E+02
    186550,      0.676960,CP4_after_advection,   1,    0.0000000000E+00,    2.9973888670E+02,    2.9973888670E+02,    0.0000000000E+00,    0.0000000000E+00,    0.0000000000E+00,    2.9973888670E+02
    186550,      0.676960,CP5_after_vdif,   1,    0.0000000000E+00,    2.9973888670E+02,    2.9973888670E+02,    0.0000000000E+00,    0.0000000000E+00,    0.0000000000E+00,    2.9973888670E+02
    186550,      0.676960,CP6_after_kinetics,   1,    0.0000000000E+00,    2.9973888670E+02,    2.9973888670E+02,    0.0000000000E+00,    0.0000000000E+00,    0.0000000000E+00,    2.9973888670E+02
    186550,      0.676960,CP7_after_upper_clamp,   1,    0.0000000000E+00,    2.9973888670E+02,    2.9973888670E+02,    0.0000000000E+00,    0.0000000000E+00,    0.0000000000E+00,    2.9973888670E+02
    186550,      0.676960,CP8_after_OBC,   1,    0.0000000000E+00,    2.9973888670E+02,    2.9973888670E+02,    0.0000000000E+00,    0.0000000000E+00,    0.0000000000E+00,    2.9973888670E+02
    186550,      0.676960,CP9_after_PTsource,   1,    0.0000000000E+00,    2.9973888670E+02,    2.9973888670E+02,    0.0000000000E+00,    0.0000000000E+00,    0.0000000000E+00,    2.9973888670E+02
    186550,      0.676960,CP10_after_neg_clamp,   1,    0.0000000000E+00,    2.9973888670E+02,    2.9973888670E+02,    0.0000000000E+00,    0.0000000000E+00,    0.0000000000E+00,    2.9973888670E+02
    186550,      0.676960,CP11_after_MPI,   1,    0.0000000000E+00,    2.9973888670E+02,    2.9973888670E+02,    0.0000000000E+00,    0.0000000000E+00,    0.0000000000E+00,    2.9973888670E+02
    186550,      0.676960,CP12_end,   1,    0.0000000000E+00,    2.9973888670E+02,    2.9973888670E+02,    0.0000000000E+00,    0.0000000000E+00,    0.0000000000E+00,    2.9973888670E+02
    186600,      0.676960,CP0_start,   1,    0.0000000000E+00,    2.9991777288E+02,    2.9991777288E+02,    0.0000000000E+00,    0.0000000000E+00,    0.0000000000E+00,    2.9991777288E+02
    186600,      0.676960,CP1_after_deposition,   1,    0.0000000000E+00,    2.9991777288E+02,    2.9991777288E+02,    0.0000000000E+00,    0.0000000000E+00,    0.0000000000E+00,    2.9991777288E+02
    186600,      0.676960,CP2_after_erosion,   1,    0.0000000000E+00,    2.9991777288E+02,    2.9991777288E+02,    0.0000000000E+00,    0.0000000000E+00,    0.0000000000E+00,    2.9991777288E+02
    186600,      0.676960,CP3_after_update_bottom,   1,    0.0000000000E+00,    2.9991777288E+02,    2.9991777288E+02,    0.0000000000E+00,    0.0000000000E+00,    0.0000000000E+00,    2.9991777288E+02
    186600,      0.676960,CP4_after_advection,   1,    0.0000000000E+00,    2.9992193754E+02,    2.9992193754E+02,    0.0000000000E+00,    0.0000000000E+00,    0.0000000000E+00,    2.9992193754E+02
    186600,      0.676960,CP5_after_vdif,   1,    0.0000000000E+00,    2.9992193754E+02,    2.9992193754E+02,    0.0000000000E+00,    0.0000000000E+00,    0.0000000000E+00,    2.9992193754E+02
    186600,      0.676960,CP6_after_kinetics,   1,    0.0000000000E+00,    2.9992193754E+02,    2.9992193754E+02,    0.0000000000E+00,    0.0000000000E+00,    0.0000000000E+00,    2.9992193754E+02
    186600,      0.676960,CP7_after_upper_clamp,   1,    0.0000000000E+00,    2.9992193754E+02,    2.9992193754E+02,    0.0000000000E+00,    0.0000000000E+00,    0.0000000000E+00,    2.9992193754E+02
    186600,      0.676960,CP8_after_OBC,   1,    0.0000000000E+00,    2.9992193754E+02,    2.9992193754E+02,    0.0000000000E+00,    0.0000000000E+00,    0.0000000000E+00,    2.9992193754E+02
    186600,      0.676960,CP9_after_PTsource,   1,    0.0000000000E+00,    2.9992193754E+02,    2.9992193754E+02,    0.0000000000E+00,    0.0000000000E+00,    0.0000000000E+00,    2.9992193754E+02
    186600,      0.676960,CP10_after_neg_clamp,   1,    0.0000000000E+00,    2.9992193754E+02,    2.9992193754E+02,    0.0000000000E+00,    0.0000000000E+00,    0.0000000000E+00,    2.9992193754E+02
    186600,      0.676960,CP11_after_MPI,   1,    0.0000000000E+00,    2.9992193754E+02,    2.9992193754E+02,    0.0000000000E+00,    0.0000000000E+00,    0.0000000000E+00,    2.9992193754E+02
    186600,      0.676960,CP12_end,   1,    0.0000000000E+00,    2.9992193754E+02,    2.9992193754E+02,    0.0000000000E+00,    0.0000000000E+00,    0.0000000000E+00,    2.9992193754E+02
    186650,      0.676960,CP0_start,   1,    0.0000000000E+00,    3.0009685478E+02,    3.0009685478E+02,    0.0000000000E+00,    0.0000000000E+00,    0.0000000000E+00,    3.0009685478E+02
    186650,      0.676960,CP1_after_deposition,   1,    0.0000000000E+00,    3.0009685478E+02,    3.0009685478E+02,    0.0000000000E+00,    0.0000000000E+00,    0.0000000000E+00,    3.0009685478E+02
    186650,      0.676960,CP2_after_erosion,   1,    0.0000000000E+00,    3.0009685478E+02,    3.0009685478E+02,    0.0000000000E+00,    0.0000000000E+00,    0.0000000000E+00,    3.0009685478E+02
    186650,      0.676960,CP3_after_update_bottom,   1,    0.0000000000E+00,    3.0009685478E+02,    3.0009685478E+02,    0.0000000000E+00,    0.0000000000E+00,    0.0000000000E+00,    3.0009685478E+02
    186650,      0.676960,CP4_after_advection,   1,    0.0000000000E+00,    3.0010116221E+02,    3.0010116221E+02,    0.0000000000E+00,    0.0000000000E+00,    0.0000000000E+00,    3.0010116221E+02
    186650,      0.676960,CP5_after_vdif,   1,    0.0000000000E+00,    3.0010116221E+02,    3.0010116221E+02,    0.0000000000E+00,    0.0000000000E+00,    0.0000000000E+00,    3.0010116221E+02
    186650,      0.676960,CP6_after_kinetics,   1,    0.0000000000E+00,    3.0010116221E+02,    3.0010116221E+02,    0.0000000000E+00,    0.0000000000E+00,    0.0000000000E+00,    3.0010116221E+02
    186650,      0.676960,CP7_after_upper_clamp,   1,    0.0000000000E+00,    3.0010116221E+02,    3.0010116221E+02,    0.0000000000E+00,    0.0000000000E+00,    0.0000000000E+00,    3.0010116221E+02
    186650,      0.676960,CP8_after_OBC,   1,    0.0000000000E+00,    3.0010116221E+02,    3.0010116221E+02,    0.0000000000E+00,    0.0000000000E+00,    0.0000000000E+00,    3.0010116221E+02
    186650,      0.676960,CP9_after_PTsource,   1,    0.0000000000E+00,    3.0010116221E+02,    3.0010116221E+02,    0.0000000000E+00,    0.0000000000E+00,    0.0000000000E+00,    3.0010116221E+02
    186650,      0.676960,CP10_after_neg_clamp,   1,    0.0000000000E+00,    3.0010116221E+02,    3.0010116221E+02,    0.0000000000E+00,    0.0000000000E+00,    0.0000000000E+00,    3.0010116221E+02
    186650,      0.676960,CP11_after_MPI,   1,    0.0000000000E+00,    3.0010116221E+02,    3.0010116221E+02,    0.0000000000E+00,    0.0000000000E+00,    0.0000000000E+00,    3.0010116221E+02
    186650,      0.676960,CP12_end,   1,    0.0000000000E+00,    3.0010116221E+02,    3.0010116221E+02,    0.0000000000E+00,    0.0000000000E+00,    0.0000000000E+00,    3.0010116221E+02
    186700,      0.676960,CP0_start,   1,    0.0000000000E+00,    3.0027075869E+02,    3.0027075869E+02,    0.0000000000E+00,    0.0000000000E+00,    0.0000000000E+00,    3.0027075869E+02
    186700,      0.676960,CP1_after_deposition,   1,    0.0000000000E+00,    3.0027075869E+02,    3.0027075869E+02,    0.0000000000E+00,    0.0000000000E+00,    0.0000000000E+00,    3.0027075869E+02
    186700,      0.676960,CP2_after_erosion,   1,    0.0000000000E+00,    3.0027075869E+02,    3.0027075869E+02,    0.0000000000E+00,    0.0000000000E+00,    0.0000000000E+00,    3.0027075869E+02
    186700,      0.676960,CP3_after_update_bottom,   1,    0.0000000000E+00,    3.0027075869E+02,    3.0027075869E+02,    0.0000000000E+00,    0.0000000000E+00,    0.0000000000E+00,    3.0027075869E+02
    186700,      0.676960,CP4_after_advection,   1,    0.0000000000E+00,    3.0027519020E+02,    3.0027519020E+02,    0.0000000000E+00,    0.0000000000E+00,    0.0000000000E+00,    3.0027519020E+02
    186700,      0.676960,CP5_after_vdif,   1,    0.0000000000E+00,    3.0027519020E+02,    3.0027519020E+02,    0.0000000000E+00,    0.0000000000E+00,    0.0000000000E+00,    3.0027519020E+02
    186700,      0.676960,CP6_after_kinetics,   1,    0.0000000000E+00,    3.0027519020E+02,    3.0027519020E+02,    0.0000000000E+00,    0.0000000000E+00,    0.0000000000E+00,    3.0027519020E+02
    186700,      0.676960,CP7_after_upper_clamp,   1,    0.0000000000E+00,    3.0027519020E+02,    3.0027519020E+02,    0.0000000000E+00,    0.0000000000E+00,    0.0000000000E+00,    3.0027519020E+02
    186700,      0.676960,CP8_after_OBC,   1,    0.0000000000E+00,    3.0027519020E+02,    3.0027519020E+02,    0.0000000000E+00,    0.0000000000E+00,    0.0000000000E+00,    3.0027519020E+02
    186700,      0.676960,CP9_after_PTsource,   1,    0.0000000000E+00,    3.0027519020E+02,    3.0027519020E+02,    0.0000000000E+00,    0.0000000000E+00,    0.0000000000E+00,    3.0027519020E+02
    186700,      0.676960,CP10_after_neg_clamp,   1,    0.0000000000E+00,    3.0027519020E+02,    3.0027519020E+02,    0.0000000000E+00,    0.0000000000E+00,    0.0000000000E+00,    3.0027519020E+02
    186700,      0.676960,CP11_after_MPI,   1,    0.0000000000E+00,    3.0027519020E+02,    3.0027519020E+02,    0.0000000000E+00,    0.0000000000E+00,    0.0000000000E+00,    3.0027519020E+02
    186700,      0.676960,CP12_end,   1,    0.0000000000E+00,    3.0027519020E+02,    3.0027519020E+02,    0.0000000000E+00,    0.0000000000E+00,    0.0000000000E+00,    3.0027519020E+02
    186750,      0.676960,CP0_start,   1,    0.0000000000E+00,    3.0043909602E+02,    3.0043909602E+02,    0.0000000000E+00,    0.0000000000E+00,    0.0000000000E+00,    3.0043909602E+02
    186750,      0.676960,CP1_after_deposition,   1,    0.0000000000E+00,    3.0043909602E+02,    3.0043909602E+02,    0.0000000000E+00,    0.0000000000E+00,    0.0000000000E+00,    3.0043909602E+02
    186750,      0.676960,CP2_after_erosion,   1,    0.0000000000E+00,    3.0043909602E+02,    3.0043909602E+02,    0.0000000000E+00,    0.0000000000E+00,    0.0000000000E+00,    3.0043909602E+02
    186750,      0.676960,CP3_after_update_bottom,   1,    0.0000000000E+00,    3.0043909602E+02,    3.0043909602E+02,    0.0000000000E+00,    0.0000000000E+00,    0.0000000000E+00,    3.0043909602E+02
    186750,      0.676960,CP4_after_advection,   1,    0.0000000000E+00,    3.0044365274E+02,    3.0044365274E+02,    0.0000000000E+00,    0.0000000000E+00,    0.0000000000E+00,    3.0044365274E+02
    186750,      0.676960,CP5_after_vdif,   1,    0.0000000000E+00,    3.0044365274E+02,    3.0044365274E+02,    0.0000000000E+00,    0.0000000000E+00,    0.0000000000E+00,    3.0044365274E+02
    186750,      0.676960,CP6_after_kinetics,   1,    0.0000000000E+00,    3.0044365274E+02,    3.0044365274E+02,    0.0000000000E+00,    0.0000000000E+00,    0.0000000000E+00,    3.0044365274E+02
    186750,      0.676960,CP7_after_upper_clamp,   1,    0.0000000000E+00,    3.0044365274E+02,    3.0044365274E+02,    0.0000000000E+00,    0.0000000000E+00,    0.0000000000E+00,    3.0044365274E+02
    186750,      0.676960,CP8_after_OBC,   1,    0.0000000000E+00,    3.0044365274E+02,    3.0044365274E+02,    0.0000000000E+00,    0.0000000000E+00,    0.0000000000E+00,    3.0044365274E+02
    186750,      0.676960,CP9_after_PTsource,   1,    0.0000000000E+00,    3.0044365274E+02,    3.0044365274E+02,    0.0000000000E+00,    0.0000000000E+00,    0.0000000000E+00,    3.0044365274E+02
    186750,      0.676960,CP10_after_neg_clamp,   1,    0.0000000000E+00,    3.0044365274E+02,    3.0044365274E+02,    0.0000000000E+00,    0.0000000000E+00,    0.0000000000E+00,    3.0044365274E+02
    186750,      0.676960,CP11_after_MPI,   1,    0.0000000000E+00,    3.0044365274E+02,    3.0044365274E+02,    0.0000000000E+00,    0.0000000000E+00,    0.0000000000E+00,    3.0044365274E+02
    186750,      0.676960,CP12_end,   1,    0.0000000000E+00,    3.0044365274E+02,    3.0044365274E+02,    0.0000000000E+00,    0.0000000000E+00,    0.0000000000E+00,    3.0044365274E+02
    186800,      0.676960,CP0_start,   1,    0.0000000000E+00,    3.0060240893E+02,    3.0060240893E+02,    0.0000000000E+00,    0.0000000000E+00,    0.0000000000E+00,    3.0060240893E+02
    186800,      0.676960,CP1_after_deposition,   1,    0.0000000000E+00,    3.0060240893E+02,    3.0060240893E+02,    0.0000000000E+00,    0.0000000000E+00,    0.0000000000E+00,    3.0060240893E+02
    186800,      0.676960,CP2_after_erosion,   1,    0.0000000000E+00,    3.0060240893E+02,    3.0060240893E+02,    0.0000000000E+00,    0.0000000000E+00,    0.0000000000E+00,    3.0060240893E+02
    186800,      0.676960,CP3_after_update_bottom,   1,    0.0000000000E+00,    3.0060240893E+02,    3.0060240893E+02,    0.0000000000E+00,    0.0000000000E+00,    0.0000000000E+00,    3.0060240893E+02
    186800,      0.676960,CP4_after_advection,   1,    0.0000000000E+00,    3.0060711578E+02,    3.0060711578E+02,    0.0000000000E+00,    0.0000000000E+00,    0.0000000000E+00,    3.0060711578E+02
    186800,      0.676960,CP5_after_vdif,   1,    0.0000000000E+00,    3.0060711578E+02,    3.0060711578E+02,    0.0000000000E+00,    0.0000000000E+00,    0.0000000000E+00,    3.0060711578E+02
    186800,      0.676960,CP6_after_kinetics,   1,    0.0000000000E+00,    3.0060711578E+02,    3.0060711578E+02,    0.0000000000E+00,    0.0000000000E+00,    0.0000000000E+00,    3.0060711578E+02
    186800,      0.676960,CP7_after_upper_clamp,   1,    0.0000000000E+00,    3.0060711578E+02,    3.0060711578E+02,    0.0000000000E+00,    0.0000000000E+00,    0.0000000000E+00,    3.0060711578E+02
    186800,      0.676960,CP8_after_OBC,   1,    0.0000000000E+00,    3.0060711578E+02,    3.0060711578E+02,    0.0000000000E+00,    0.0000000000E+00,    0.0000000000E+00,    3.0060711578E+02
    186800,      0.676960,CP9_after_PTsource,   1,    0.0000000000E+00,    3.0060711578E+02,    3.0060711578E+02,    0.0000000000E+00,    0.0000000000E+00,    0.0000000000E+00,    3.0060711578E+02
    186800,      0.676960,CP10_after_neg_clamp,   1,    0.0000000000E+00,    3.0060711578E+02,    3.0060711578E+02,    0.0000000000E+00,    0.0000000000E+00,    0.0000000000E+00,    3.0060711578E+02
    186800,      0.676960,CP11_after_MPI,   1,    0.0000000000E+00,    3.0060711578E+02,    3.0060711578E+02,    0.0000000000E+00,    0.0000000000E+00,    0.0000000000E+00,    3.0060711578E+02
    186800,      0.676960,CP12_end,   1,    0.0000000000E+00,    3.0060711578E+02,    3.0060711578E+02,    0.0000000000E+00,    0.0000000000E+00,    0.0000000000E+00,    3.0060711578E+02
    186850,      0.676960,CP0_start,   1,    0.0000000000E+00,    3.0076226982E+02,    3.0076226982E+02,    0.0000000000E+00,    0.0000000000E+00,    0.0000000000E+00,    3.0076226982E+02
    186850,      0.676960,CP1_after_deposition,   1,    0.0000000000E+00,    3.0076226982E+02,    3.0076226982E+02,    0.0000000000E+00,    0.0000000000E+00,    0.0000000000E+00,    3.0076226982E+02
    186850,      0.676960,CP2_after_erosion,   1,    0.0000000000E+00,    3.0076226982E+02,    3.0076226982E+02,    0.0000000000E+00,    0.0000000000E+00,    0.0000000000E+00,    3.0076226982E+02
    186850,      0.676960,CP3_after_update_bottom,   1,    0.0000000000E+00,    3.0076226982E+02,    3.0076226982E+02,    0.0000000000E+00,    0.0000000000E+00,    0.0000000000E+00,    3.0076226982E+02
    186850,      0.676960,CP4_after_advection,   1,    0.0000000000E+00,    3.0076716843E+02,    3.0076716843E+02,    0.0000000000E+00,    0.0000000000E+00,    0.0000000000E+00,    3.0076716843E+02
    186850,      0.676960,CP5_after_vdif,   1,    0.0000000000E+00,    3.0076716843E+02,    3.0076716843E+02,    0.0000000000E+00,    0.0000000000E+00,    0.0000000000E+00,    3.0076716843E+02
    186850,      0.676960,CP6_after_kinetics,   1,    0.0000000000E+00,    3.0076716843E+02,    3.0076716843E+02,    0.0000000000E+00,    0.0000000000E+00,    0.0000000000E+00,    3.0076716843E+02
    186850,      0.676960,CP7_after_upper_clamp,   1,    0.0000000000E+00,    3.0076716843E+02,    3.0076716843E+02,    0.0000000000E+00,    0.0000000000E+00,    0.0000000000E+00,    3.0076716843E+02
    186850,      0.676960,CP8_after_OBC,   1,    0.0000000000E+00,    3.0076716843E+02,    3.0076716843E+02,    0.0000000000E+00,    0.0000000000E+00,    0.0000000000E+00,    3.0076716843E+02
    186850,      0.676960,CP9_after_PTsource,   1,    0.0000000000E+00,    3.0076716843E+02,    3.0076716843E+02,    0.0000000000E+00,    0.0000000000E+00,    0.0000000000E+00,    3.0076716843E+02
    186850,      0.676960,CP10_after_neg_clamp,   1,    0.0000000000E+00,    3.0076716843E+02,    3.0076716843E+02,    0.0000000000E+00,    0.0000000000E+00,    0.0000000000E+00,    3.0076716843E+02
    186850,      0.676960,CP11_after_MPI,   1,    0.0000000000E+00,    3.0076716843E+02,    3.0076716843E+02,    0.0000000000E+00,    0.0000000000E+00,    0.0000000000E+00,    3.0076716843E+02
    186850,      0.676960,CP12_end,   1,    0.0000000000E+00,    3.0076716843E+02,    3.0076716843E+02,    0.0000000000E+00,    0.0000000000E+00,    0.0000000000E+00,    3.0076716843E+02
    186900,      0.676960,CP0_start,   1,    0.0000000000E+00,    3.0092099149E+02,    3.0092099149E+02,    0.0000000000E+00,    0.0000000000E+00,    0.0000000000E+00,    3.0092099149E+02
    186900,      0.676960,CP1_after_deposition,   1,    0.0000000000E+00,    3.0092099149E+02,    3.0092099149E+02,    0.0000000000E+00,    0.0000000000E+00,    0.0000000000E+00,    3.0092099149E+02
    186900,      0.676960,CP2_after_erosion,   1,    0.0000000000E+00,    3.0092099149E+02,    3.0092099149E+02,    0.0000000000E+00,    0.0000000000E+00,    0.0000000000E+00,    3.0092099149E+02
    186900,      0.676960,CP3_after_update_bottom,   1,    0.0000000000E+00,    3.0092099149E+02,    3.0092099149E+02,    0.0000000000E+00,    0.0000000000E+00,    0.0000000000E+00,    3.0092099149E+02
    186900,      0.676960,CP4_after_advection,   1,    0.0000000000E+00,    3.0092613234E+02,    3.0092613234E+02,    0.0000000000E+00,    0.0000000000E+00,    0.0000000000E+00,    3.0092613234E+02
    186900,      0.676960,CP5_after_vdif,   1,    0.0000000000E+00,    3.0092613234E+02,    3.0092613234E+02,    0.0000000000E+00,    0.0000000000E+00,    0.0000000000E+00,    3.0092613234E+02
    186900,      0.676960,CP6_after_kinetics,   1,    0.0000000000E+00,    3.0092613234E+02,    3.0092613234E+02,    0.0000000000E+00,    0.0000000000E+00,    0.0000000000E+00,    3.0092613234E+02
    186900,      0.676960,CP7_after_upper_clamp,   1,    0.0000000000E+00,    3.0092613234E+02,    3.0092613234E+02,    0.0000000000E+00,    0.0000000000E+00,    0.0000000000E+00,    3.0092613234E+02
    186900,      0.676960,CP8_after_OBC,   1,    0.0000000000E+00,    3.0092613234E+02,    3.0092613234E+02,    0.0000000000E+00,    0.0000000000E+00,    0.0000000000E+00,    3.0092613234E+02
    186900,      0.676960,CP9_after_PTsource,   1,    0.0000000000E+00,    3.0092613234E+02,    3.0092613234E+02,    0.0000000000E+00,    0.0000000000E+00,    0.0000000000E+00,    3.0092613234E+02
    186900,      0.676960,CP10_after_neg_clamp,   1,    0.0000000000E+00,    3.0092613234E+02,    3.0092613234E+02,    0.0000000000E+00,    0.0000000000E+00,    0.0000000000E+00,    3.0092613234E+02
    186900,      0.676960,CP11_after_MPI,   1,    0.0000000000E+00,    3.0092613234E+02,    3.0092613234E+02,    0.0000000000E+00,    0.0000000000E+00,    0.0000000000E+00,    3.0092613234E+02
    186900,      0.676960,CP12_end,   1,    0.0000000000E+00,    3.0092613234E+02,    3.0092613234E+02,    0.0000000000E+00,    0.0000000000E+00,    0.0000000000E+00,    3.0092613234E+02
    186950,      0.676960,CP0_start,   1,    0.0000000000E+00,    3.0108073651E+02,    3.0108073651E+02,    0.0000000000E+00,    0.0000000000E+00,    0.0000000000E+00,    3.0108073651E+02
    186950,      0.676960,CP1_after_deposition,   1,    0.0000000000E+00,    3.0108073651E+02,    3.0108073651E+02,    0.0000000000E+00,    0.0000000000E+00,    0.0000000000E+00,    3.0108073651E+02
    186950,      0.676960,CP2_after_erosion,   1,    0.0000000000E+00,    3.0108073651E+02,    3.0108073651E+02,    0.0000000000E+00,    0.0000000000E+00,    0.0000000000E+00,    3.0108073651E+02
    186950,      0.676960,CP3_after_update_bottom,   1,    0.0000000000E+00,    3.0108073651E+02,    3.0108073651E+02,    0.0000000000E+00,    0.0000000000E+00,    0.0000000000E+00,    3.0108073651E+02
    186950,      0.676960,CP4_after_advection,   1,    0.0000000000E+00,    3.0108615584E+02,    3.0108615584E+02,    0.0000000000E+00,    0.0000000000E+00,    0.0000000000E+00,    3.0108615584E+02
    186950,      0.676960,CP5_after_vdif,   1,    0.0000000000E+00,    3.0108615584E+02,    3.0108615584E+02,    0.0000000000E+00,    0.0000000000E+00,    0.0000000000E+00,    3.0108615584E+02
    186950,      0.676960,CP6_after_kinetics,   1,    0.0000000000E+00,    3.0108615584E+02,    3.0108615584E+02,    0.0000000000E+00,    0.0000000000E+00,    0.0000000000E+00,    3.0108615584E+02
    186950,      0.676960,CP7_after_upper_clamp,   1,    0.0000000000E+00,    3.0108615584E+02,    3.0108615584E+02,    0.0000000000E+00,    0.0000000000E+00,    0.0000000000E+00,    3.0108615584E+02
    186950,      0.676960,CP8_after_OBC,   1,    0.0000000000E+00,    3.0108615584E+02,    3.0108615584E+02,    0.0000000000E+00,    0.0000000000E+00,    0.0000000000E+00,    3.0108615584E+02
    186950,      0.676960,CP9_after_PTsource,   1,    0.0000000000E+00,    3.0108615584E+02,    3.0108615584E+02,    0.0000000000E+00,    0.0000000000E+00,    0.0000000000E+00,    3.0108615584E+02
    186950,      0.676960,CP10_after_neg_clamp,   1,    0.0000000000E+00,    3.0108615584E+02,    3.0108615584E+02,    0.0000000000E+00,    0.0000000000E+00,    0.0000000000E+00,    3.0108615584E+02
    186950,      0.676960,CP11_after_MPI,   1,    0.0000000000E+00,    3.0108615584E+02,    3.0108615584E+02,    0.0000000000E+00,    0.0000000000E+00,    0.0000000000E+00,    3.0108615584E+02
    186950,      0.676960,CP12_end,   1,    0.0000000000E+00,    3.0108615584E+02,    3.0108615584E+02,    0.0000000000E+00,    0.0000000000E+00,    0.0000000000E+00,    3.0108615584E+02
    187000,      0.676960,CP0_start,   1,    0.0000000000E+00,    3.0124293758E+02,    3.0124293758E+02,    0.0000000000E+00,    0.0000000000E+00,    0.0000000000E+00,    3.0124293758E+02
    187000,      0.676960,CP1_after_deposition,   1,    0.0000000000E+00,    3.0124293758E+02,    3.0124293758E+02,    0.0000000000E+00,    0.0000000000E+00,    0.0000000000E+00,    3.0124293758E+02
    187000,      0.676960,CP2_after_erosion,   1,    0.0000000000E+00,    3.0124293758E+02,    3.0124293758E+02,    0.0000000000E+00,    0.0000000000E+00,    0.0000000000E+00,    3.0124293758E+02
    187000,      0.676960,CP3_after_update_bottom,   1,    0.0000000000E+00,    3.0124293758E+02,    3.0124293758E+02,    0.0000000000E+00,    0.0000000000E+00,    0.0000000000E+00,    3.0124293758E+02
    187000,      0.676960,CP4_after_advection,   1,    0.0000000000E+00,    3.0124865944E+02,    3.0124865944E+02,    0.0000000000E+00,    0.0000000000E+00,    0.0000000000E+00,    3.0124865944E+02
    187000,      0.676960,CP5_after_vdif,   1,    0.0000000000E+00,    3.0124865944E+02,    3.0124865944E+02,    0.0000000000E+00,    0.0000000000E+00,    0.0000000000E+00,    3.0124865944E+02
    187000,      0.676960,CP6_after_kinetics,   1,    0.0000000000E+00,    3.0124865944E+02,    3.0124865944E+02,    0.0000000000E+00,    0.0000000000E+00,    0.0000000000E+00,    3.0124865944E+02
    187000,      0.676960,CP7_after_upper_clamp,   1,    0.0000000000E+00,    3.0124865944E+02,    3.0124865944E+02,    0.0000000000E+00,    0.0000000000E+00,    0.0000000000E+00,    3.0124865944E+02
    187000,      0.676960,CP8_after_OBC,   1,    0.0000000000E+00,    3.0124865944E+02,    3.0124865944E+02,    0.0000000000E+00,    0.0000000000E+00,    0.0000000000E+00,    3.0124865944E+02
    187000,      0.676960,CP9_after_PTsource,   1,    0.0000000000E+00,    3.0124865944E+02,    3.0124865944E+02,    0.0000000000E+00,    0.0000000000E+00,    0.0000000000E+00,    3.0124865944E+02
    187000,      0.676960,CP10_after_neg_clamp,   1,    0.0000000000E+00,    3.0124865944E+02,    3.0124865944E+02,    0.0000000000E+00,    0.0000000000E+00,    0.0000000000E+00,    3.0124865944E+02
    187000,      0.676960,CP11_after_MPI,   1,    0.0000000000E+00,    3.0124865944E+02,    3.0124865944E+02,    0.0000000000E+00,    0.0000000000E+00,    0.0000000000E+00,    3.0124865944E+02
    187000,      0.676960,CP12_end,   1,    0.0000000000E+00,    3.0124865944E+02,    3.0124865944E+02,    0.0000000000E+00,    0.0000000000E+00,    0.0000000000E+00,    3.0124865944E+02
    187050,      0.676960,CP0_start,   1,    0.0000000000E+00,    3.0140825589E+02,    3.0140825589E+02,    0.0000000000E+00,    0.0000000000E+00,    0.0000000000E+00,    3.0140825589E+02
    187050,      0.676960,CP1_after_deposition,   1,    0.0000000000E+00,    3.0140825589E+02,    3.0140825589E+02,    0.0000000000E+00,    0.0000000000E+00,    0.0000000000E+00,    3.0140825589E+02
    187050,      0.676960,CP2_after_erosion,   1,    0.0000000000E+00,    3.0140825589E+02,    3.0140825589E+02,    0.0000000000E+00,    0.0000000000E+00,    0.0000000000E+00,    3.0140825589E+02
    187050,      0.676960,CP3_after_update_bottom,   1,    0.0000000000E+00,    3.0140825589E+02,    3.0140825589E+02,    0.0000000000E+00,    0.0000000000E+00,    0.0000000000E+00,    3.0140825589E+02
    187050,      0.676960,CP4_after_advection,   1,    0.0000000000E+00,    3.0141429229E+02,    3.0141429229E+02,    0.0000000000E+00,    0.0000000000E+00,    0.0000000000E+00,    3.0141429229E+02
    187050,      0.676960,CP5_after_vdif,   1,    0.0000000000E+00,    3.0141429229E+02,    3.0141429229E+02,    0.0000000000E+00,    0.0000000000E+00,    0.0000000000E+00,    3.0141429229E+02
    187050,      0.676960,CP6_after_kinetics,   1,    0.0000000000E+00,    3.0141429229E+02,    3.0141429229E+02,    0.0000000000E+00,    0.0000000000E+00,    0.0000000000E+00,    3.0141429229E+02
    187050,      0.676960,CP7_after_upper_clamp,   1,    0.0000000000E+00,    3.0141429229E+02,    3.0141429229E+02,    0.0000000000E+00,    0.0000000000E+00,    0.0000000000E+00,    3.0141429229E+02
    187050,      0.676960,CP8_after_OBC,   1,    0.0000000000E+00,    3.0141429229E+02,    3.0141429229E+02,    0.0000000000E+00,    0.0000000000E+00,    0.0000000000E+00,    3.0141429229E+02
    187050,      0.676960,CP9_after_PTsource,   1,    0.0000000000E+00,    3.0141429229E+02,    3.0141429229E+02,    0.0000000000E+00,    0.0000000000E+00,    0.0000000000E+00,    3.0141429229E+02
    187050,      0.676960,CP10_after_neg_clamp,   1,    0.0000000000E+00,    3.0141429229E+02,    3.0141429229E+02,    0.0000000000E+00,    0.0000000000E+00,    0.0000000000E+00,    3.0141429229E+02
    187050,      0.676960,CP11_after_MPI,   1,    0.0000000000E+00,    3.0141429229E+02,    3.0141429229E+02,    0.0000000000E+00,    0.0000000000E+00,    0.0000000000E+00,    3.0141429229E+02
    187050,      0.676960,CP12_end,   1,    0.0000000000E+00,    3.0141429229E+02,    3.0141429229E+02,    0.0000000000E+00,    0.0000000000E+00,    0.0000000000E+00,    3.0141429229E+02
    187100,      0.676960,CP0_start,   1,    0.0000000000E+00,    3.0157706451E+02,    3.0157706451E+02,    0.0000000000E+00,    0.0000000000E+00,    0.0000000000E+00,    3.0157706451E+02
    187100,      0.676960,CP1_after_deposition,   1,    0.0000000000E+00,    3.0157706451E+02,    3.0157706451E+02,    0.0000000000E+00,    0.0000000000E+00,    0.0000000000E+00,    3.0157706451E+02
    187100,      0.676960,CP2_after_erosion,   1,    0.0000000000E+00,    3.0157706451E+02,    3.0157706451E+02,    0.0000000000E+00,    0.0000000000E+00,    0.0000000000E+00,    3.0157706451E+02
    187100,      0.676960,CP3_after_update_bottom,   1,    0.0000000000E+00,    3.0157706451E+02,    3.0157706451E+02,    0.0000000000E+00,    0.0000000000E+00,    0.0000000000E+00,    3.0157706451E+02
    187100,      0.676960,CP4_after_advection,   1,    0.0000000000E+00,    3.0158342194E+02,    3.0158342194E+02,    0.0000000000E+00,    0.0000000000E+00,    0.0000000000E+00,    3.0158342194E+02
    187100,      0.676960,CP5_after_vdif,   1,    0.0000000000E+00,    3.0158342194E+02,    3.0158342194E+02,    0.0000000000E+00,    0.0000000000E+00,    0.0000000000E+00,    3.0158342194E+02
    187100,      0.676960,CP6_after_kinetics,   1,    0.0000000000E+00,    3.0158342194E+02,    3.0158342194E+02,    0.0000000000E+00,    0.0000000000E+00,    0.0000000000E+00,    3.0158342194E+02
    187100,      0.676960,CP7_after_upper_clamp,   1,    0.0000000000E+00,    3.0158342194E+02,    3.0158342194E+02,    0.0000000000E+00,    0.0000000000E+00,    0.0000000000E+00,    3.0158342194E+02
    187100,      0.676960,CP8_after_OBC,   1,    0.0000000000E+00,    3.0158342194E+02,    3.0158342194E+02,    0.0000000000E+00,    0.0000000000E+00,    0.0000000000E+00,    3.0158342194E+02
    187100,      0.676960,CP9_after_PTsource,   1,    0.0000000000E+00,    3.0158342194E+02,    3.0158342194E+02,    0.0000000000E+00,    0.0000000000E+00,    0.0000000000E+00,    3.0158342194E+02
    187100,      0.676960,CP10_after_neg_clamp,   1,    0.0000000000E+00,    3.0158342194E+02,    3.0158342194E+02,    0.0000000000E+00,    0.0000000000E+00,    0.0000000000E+00,    3.0158342194E+02
    187100,      0.676960,CP11_after_MPI,   1,    0.0000000000E+00,    3.0158342194E+02,    3.0158342194E+02,    0.0000000000E+00,    0.0000000000E+00,    0.0000000000E+00,    3.0158342194E+02
    187100,      0.676960,CP12_end,   1,    0.0000000000E+00,    3.0158342194E+02,    3.0158342194E+02,    0.0000000000E+00,    0.0000000000E+00,    0.0000000000E+00,    3.0158342194E+02
    187150,      0.676960,CP0_start,   1,    0.0000000000E+00,    3.0175045258E+02,    3.0175045258E+02,    0.0000000000E+00,    0.0000000000E+00,    0.0000000000E+00,    3.0175045258E+02
    187150,      0.676960,CP1_after_deposition,   1,    0.0000000000E+00,    3.0175045258E+02,    3.0175045258E+02,    0.0000000000E+00,    0.0000000000E+00,    0.0000000000E+00,    3.0175045258E+02
    187150,      0.676960,CP2_after_erosion,   1,    0.0000000000E+00,    3.0175045258E+02,    3.0175045258E+02,    0.0000000000E+00,    0.0000000000E+00,    0.0000000000E+00,    3.0175045258E+02
    187150,      0.676960,CP3_after_update_bottom,   1,    0.0000000000E+00,    3.0175045258E+02,    3.0175045258E+02,    0.0000000000E+00,    0.0000000000E+00,    0.0000000000E+00,    3.0175045258E+02
    187150,      0.676960,CP4_after_advection,   1,    0.0000000000E+00,    3.0175716967E+02,    3.0175716967E+02,    0.0000000000E+00,    0.0000000000E+00,    0.0000000000E+00,    3.0175716967E+02
    187150,      0.676960,CP5_after_vdif,   1,    0.0000000000E+00,    3.0175716967E+02,    3.0175716967E+02,    0.0000000000E+00,    0.0000000000E+00,    0.0000000000E+00,    3.0175716967E+02
    187150,      0.676960,CP6_after_kinetics,   1,    0.0000000000E+00,    3.0175716967E+02,    3.0175716967E+02,    0.0000000000E+00,    0.0000000000E+00,    0.0000000000E+00,    3.0175716967E+02
    187150,      0.676960,CP7_after_upper_clamp,   1,    0.0000000000E+00,    3.0175716967E+02,    3.0175716967E+02,    0.0000000000E+00,    0.0000000000E+00,    0.0000000000E+00,    3.0175716967E+02
    187150,      0.676960,CP8_after_OBC,   1,    0.0000000000E+00,    3.0175716967E+02,    3.0175716967E+02,    0.0000000000E+00,    0.0000000000E+00,    0.0000000000E+00,    3.0175716967E+02
    187150,      0.676960,CP9_after_PTsource,   1,    0.0000000000E+00,    3.0175716967E+02,    3.0175716967E+02,    0.0000000000E+00,    0.0000000000E+00,    0.0000000000E+00,    3.0175716967E+02
    187150,      0.676960,CP10_after_neg_clamp,   1,    0.0000000000E+00,    3.0175716967E+02,    3.0175716967E+02,    0.0000000000E+00,    0.0000000000E+00,    0.0000000000E+00,    3.0175716967E+02
    187150,      0.676960,CP11_after_MPI,   1,    0.0000000000E+00,    3.0175716967E+02,    3.0175716967E+02,    0.0000000000E+00,    0.0000000000E+00,    0.0000000000E+00,    3.0175716967E+02
    187150,      0.676960,CP12_end,   1,    0.0000000000E+00,    3.0175716967E+02,    3.0175716967E+02,    0.0000000000E+00,    0.0000000000E+00,    0.0000000000E+00,    3.0175716967E+02
    187200,      0.676960,CP0_start,   1,    0.0000000000E+00,    3.0193037618E+02,    3.0193037618E+02,    0.0000000000E+00,    0.0000000000E+00,    0.0000000000E+00,    3.0193037618E+02
    187200,      0.676960,CP1_after_deposition,   1,    0.0000000000E+00,    3.0193037618E+02,    3.0193037618E+02,    0.0000000000E+00,    0.0000000000E+00,    0.0000000000E+00,    3.0193037618E+02
    187200,      0.676960,CP2_after_erosion,   1,    0.0000000000E+00,    3.0193037618E+02,    3.0193037618E+02,    0.0000000000E+00,    0.0000000000E+00,    0.0000000000E+00,    3.0193037618E+02
    187200,      0.676960,CP3_after_update_bottom,   1,    0.0000000000E+00,    3.0193037618E+02,    3.0193037618E+02,    0.0000000000E+00,    0.0000000000E+00,    0.0000000000E+00,    3.0193037618E+02
    187200,      0.676960,CP4_after_advection,   1,    0.0000000000E+00,    3.0193749509E+02,    3.0193749509E+02,    0.0000000000E+00,    0.0000000000E+00,    0.0000000000E+00,    3.0193749509E+02
    187200,      0.676960,CP5_after_vdif,   1,    0.0000000000E+00,    3.0193749509E+02,    3.0193749509E+02,    0.0000000000E+00,    0.0000000000E+00,    0.0000000000E+00,    3.0193749509E+02
    187200,      0.676960,CP6_after_kinetics,   1,    0.0000000000E+00,    3.0193749509E+02,    3.0193749509E+02,    0.0000000000E+00,    0.0000000000E+00,    0.0000000000E+00,    3.0193749509E+02
    187200,      0.676960,CP7_after_upper_clamp,   1,    0.0000000000E+00,    3.0193749509E+02,    3.0193749509E+02,    0.0000000000E+00,    0.0000000000E+00,    0.0000000000E+00,    3.0193749509E+02
    187200,      0.676960,CP8_after_OBC,   1,    0.0000000000E+00,    3.0193749509E+02,    3.0193749509E+02,    0.0000000000E+00,    0.0000000000E+00,    0.0000000000E+00,    3.0193749509E+02
    187200,      0.676960,CP9_after_PTsource,   1,    0.0000000000E+00,    3.0193749509E+02,    3.0193749509E+02,    0.0000000000E+00,    0.0000000000E+00,    0.0000000000E+00,    3.0193749509E+02
    187200,      0.676960,CP10_after_neg_clamp,   1,    0.0000000000E+00,    3.0193749509E+02,    3.0193749509E+02,    0.0000000000E+00,    0.0000000000E+00,    0.0000000000E+00,    3.0193749509E+02
    187200,      0.676960,CP11_after_MPI,   1,    0.0000000000E+00,    3.0193749509E+02,    3.0193749509E+02,    0.0000000000E+00,    0.0000000000E+00,    0.0000000000E+00,    3.0193749509E+02
    187200,      0.676960,CP12_end,   1,    0.0000000000E+00,    3.0193749509E+02,    3.0193749509E+02,    0.0000000000E+00,    0.0000000000E+00,    0.0000000000E+00,    3.0193749509E+02
    187250,      0.676960,CP0_start,   1,    0.0000000000E+00,    3.0211878321E+02,    3.0211878321E+02,    0.0000000000E+00,    0.0000000000E+00,    0.0000000000E+00,    3.0211878321E+02
    187250,      0.676960,CP1_after_deposition,   1,    0.0000000000E+00,    3.0211878321E+02,    3.0211878321E+02,    0.0000000000E+00,    0.0000000000E+00,    0.0000000000E+00,    3.0211878321E+02
    187250,      0.676960,CP2_after_erosion,   1,    0.0000000000E+00,    3.0211878321E+02,    3.0211878321E+02,    0.0000000000E+00,    0.0000000000E+00,    0.0000000000E+00,    3.0211878321E+02
    187250,      0.676960,CP3_after_update_bottom,   1,    0.0000000000E+00,    3.0211878321E+02,    3.0211878321E+02,    0.0000000000E+00,    0.0000000000E+00,    0.0000000000E+00,    3.0211878321E+02
    187250,      0.676960,CP4_after_advection,   1,    0.0000000000E+00,    3.0212633882E+02,    3.0212633882E+02,    0.0000000000E+00,    0.0000000000E+00,    0.0000000000E+00,    3.0212633882E+02
    187250,      0.676960,CP5_after_vdif,   1,    0.0000000000E+00,    3.0212633882E+02,    3.0212633882E+02,    0.0000000000E+00,    0.0000000000E+00,    0.0000000000E+00,    3.0212633882E+02
    187250,      0.676960,CP6_after_kinetics,   1,    0.0000000000E+00,    3.0212633882E+02,    3.0212633882E+02,    0.0000000000E+00,    0.0000000000E+00,    0.0000000000E+00,    3.0212633882E+02
    187250,      0.676960,CP7_after_upper_clamp,   1,    0.0000000000E+00,    3.0212633882E+02,    3.0212633882E+02,    0.0000000000E+00,    0.0000000000E+00,    0.0000000000E+00,    3.0212633882E+02
    187250,      0.676960,CP8_after_OBC,   1,    0.0000000000E+00,    3.0212633882E+02,    3.0212633882E+02,    0.0000000000E+00,    0.0000000000E+00,    0.0000000000E+00,    3.0212633882E+02
    187250,      0.676960,CP9_after_PTsource,   1,    0.0000000000E+00,    3.0212633882E+02,    3.0212633882E+02,    0.0000000000E+00,    0.0000000000E+00,    0.0000000000E+00,    3.0212633882E+02
    187250,      0.676960,CP10_after_neg_clamp,   1,    0.0000000000E+00,    3.0212633882E+02,    3.0212633882E+02,    0.0000000000E+00,    0.0000000000E+00,    0.0000000000E+00,    3.0212633882E+02
    187250,      0.676960,CP11_after_MPI,   1,    0.0000000000E+00,    3.0212633882E+02,    3.0212633882E+02,    0.0000000000E+00,    0.0000000000E+00,    0.0000000000E+00,    3.0212633882E+02
    187250,      0.676960,CP12_end,   1,    0.0000000000E+00,    3.0212633882E+02,    3.0212633882E+02,    0.0000000000E+00,    0.0000000000E+00,    0.0000000000E+00,    3.0212633882E+02
    187300,      0.676960,CP0_start,   1,    0.0000000000E+00,    3.0231735874E+02,    3.0231735874E+02,    0.0000000000E+00,    0.0000000000E+00,    0.0000000000E+00,    3.0231735874E+02
    187300,      0.676960,CP1_after_deposition,   1,    0.0000000000E+00,    3.0231735874E+02,    3.0231735874E+02,    0.0000000000E+00,    0.0000000000E+00,    0.0000000000E+00,    3.0231735874E+02
    187300,      0.676960,CP2_after_erosion,   1,    0.0000000000E+00,    3.0231735874E+02,    3.0231735874E+02,    0.0000000000E+00,    0.0000000000E+00,    0.0000000000E+00,    3.0231735874E+02
    187300,      0.676960,CP3_after_update_bottom,   1,    0.0000000000E+00,    3.0231735874E+02,    3.0231735874E+02,    0.0000000000E+00,    0.0000000000E+00,    0.0000000000E+00,    3.0231735874E+02
    187300,      0.676960,CP4_after_advection,   1,    0.0000000000E+00,    3.0232536433E+02,    3.0232536433E+02,    0.0000000000E+00,    0.0000000000E+00,    0.0000000000E+00,    3.0232536433E+02
    187300,      0.676960,CP5_after_vdif,   1,    0.0000000000E+00,    3.0232536433E+02,    3.0232536433E+02,    0.0000000000E+00,    0.0000000000E+00,    0.0000000000E+00,    3.0232536433E+02
    187300,      0.676960,CP6_after_kinetics,   1,    0.0000000000E+00,    3.0232536433E+02,    3.0232536433E+02,    0.0000000000E+00,    0.0000000000E+00,    0.0000000000E+00,    3.0232536433E+02
    187300,      0.676960,CP7_after_upper_clamp,   1,    0.0000000000E+00,    3.0232536433E+02,    3.0232536433E+02,    0.0000000000E+00,    0.0000000000E+00,    0.0000000000E+00,    3.0232536433E+02
    187300,      0.676960,CP8_after_OBC,   1,    0.0000000000E+00,    3.0232536433E+02,    3.0232536433E+02,    0.0000000000E+00,    0.0000000000E+00,    0.0000000000E+00,    3.0232536433E+02
    187300,      0.676960,CP9_after_PTsource,   1,    0.0000000000E+00,    3.0232536433E+02,    3.0232536433E+02,    0.0000000000E+00,    0.0000000000E+00,    0.0000000000E+00,    3.0232536433E+02
    187300,      0.676960,CP10_after_neg_clamp,   1,    0.0000000000E+00,    3.0232536433E+02,    3.0232536433E+02,    0.0000000000E+00,    0.0000000000E+00,    0.0000000000E+00,    3.0232536433E+02
    187300,      0.676960,CP11_after_MPI,   1,    0.0000000000E+00,    3.0232536433E+02,    3.0232536433E+02,    0.0000000000E+00,    0.0000000000E+00,    0.0000000000E+00,    3.0232536433E+02
    187300,      0.676960,CP12_end,   1,    0.0000000000E+00,    3.0232536433E+02,    3.0232536433E+02,    0.0000000000E+00,    0.0000000000E+00,    0.0000000000E+00,    3.0232536433E+02
    187350,      0.676960,CP0_start,   1,    0.0000000000E+00,    3.0252454261E+02,    3.0252454261E+02,    0.0000000000E+00,    0.0000000000E+00,    0.0000000000E+00,    3.0252454261E+02
    187350,      0.676960,CP1_after_deposition,   1,    0.0000000000E+00,    3.0252454261E+02,    3.0252454261E+02,    0.0000000000E+00,    0.0000000000E+00,    0.0000000000E+00,    3.0252454261E+02
    187350,      0.676960,CP2_after_erosion,   1,    0.0000000000E+00,    3.0252454261E+02,    3.0252454261E+02,    0.0000000000E+00,    0.0000000000E+00,    0.0000000000E+00,    3.0252454261E+02
    187350,      0.676960,CP3_after_update_bottom,   1,    0.0000000000E+00,    3.0252454261E+02,    3.0252454261E+02,    0.0000000000E+00,    0.0000000000E+00,    0.0000000000E+00,    3.0252454261E+02
    187350,      0.676960,CP4_after_advection,   1,    0.0000000000E+00,    3.0253291264E+02,    3.0253291264E+02,    0.0000000000E+00,    0.0000000000E+00,    0.0000000000E+00,    3.0253291264E+02
    187350,      0.676960,CP5_after_vdif,   1,    0.0000000000E+00,    3.0253291264E+02,    3.0253291264E+02,    0.0000000000E+00,    0.0000000000E+00,    0.0000000000E+00,    3.0253291264E+02
    187350,      0.676960,CP6_after_kinetics,   1,    0.0000000000E+00,    3.0253291264E+02,    3.0253291264E+02,    0.0000000000E+00,    0.0000000000E+00,    0.0000000000E+00,    3.0253291264E+02
    187350,      0.676960,CP7_after_upper_clamp,   1,    0.0000000000E+00,    3.0253291264E+02,    3.0253291264E+02,    0.0000000000E+00,    0.0000000000E+00,    0.0000000000E+00,    3.0253291264E+02
    187350,      0.676960,CP8_after_OBC,   1,    0.0000000000E+00,    3.0253291264E+02,    3.0253291264E+02,    0.0000000000E+00,    0.0000000000E+00,    0.0000000000E+00,    3.0253291264E+02
    187350,      0.676960,CP9_after_PTsource,   1,    0.0000000000E+00,    3.0253291264E+02,    3.0253291264E+02,    0.0000000000E+00,    0.0000000000E+00,    0.0000000000E+00,    3.0253291264E+02
    187350,      0.676960,CP10_after_neg_clamp,   1,    0.0000000000E+00,    3.0253291264E+02,    3.0253291264E+02,    0.0000000000E+00,    0.0000000000E+00,    0.0000000000E+00,    3.0253291264E+02
    187350,      0.676960,CP11_after_MPI,   1,    0.0000000000E+00,    3.0253291264E+02,    3.0253291264E+02,    0.0000000000E+00,    0.0000000000E+00,    0.0000000000E+00,    3.0253291264E+02
    187350,      0.676960,CP12_end,   1,    0.0000000000E+00,    3.0253291264E+02,    3.0253291264E+02,    0.0000000000E+00,    0.0000000000E+00,    0.0000000000E+00,    3.0253291264E+02
    187400,      0.676960,CP0_start,   1,    0.0000000000E+00,    3.0273452933E+02,    3.0273452933E+02,    0.0000000000E+00,    0.0000000000E+00,    0.0000000000E+00,    3.0273452933E+02
    187400,      0.676960,CP1_after_deposition,   1,    0.0000000000E+00,    3.0273452933E+02,    3.0273452933E+02,    0.0000000000E+00,    0.0000000000E+00,    0.0000000000E+00,    3.0273452933E+02
    187400,      0.676960,CP2_after_erosion,   1,    0.0000000000E+00,    3.0273452933E+02,    3.0273452933E+02,    0.0000000000E+00,    0.0000000000E+00,    0.0000000000E+00,    3.0273452933E+02
    187400,      0.676960,CP3_after_update_bottom,   1,    0.0000000000E+00,    3.0273452933E+02,    3.0273452933E+02,    0.0000000000E+00,    0.0000000000E+00,    0.0000000000E+00,    3.0273452933E+02
    187400,      0.676960,CP4_after_advection,   1,    0.0000000000E+00,    3.0274312346E+02,    3.0274312346E+02,    0.0000000000E+00,    0.0000000000E+00,    0.0000000000E+00,    3.0274312346E+02
    187400,      0.676960,CP5_after_vdif,   1,    0.0000000000E+00,    3.0274312346E+02,    3.0274312346E+02,    0.0000000000E+00,    0.0000000000E+00,    0.0000000000E+00,    3.0274312346E+02
    187400,      0.676960,CP6_after_kinetics,   1,    0.0000000000E+00,    3.0274312346E+02,    3.0274312346E+02,    0.0000000000E+00,    0.0000000000E+00,    0.0000000000E+00,    3.0274312346E+02
    187400,      0.676960,CP7_after_upper_clamp,   1,    0.0000000000E+00,    3.0274312346E+02,    3.0274312346E+02,    0.0000000000E+00,    0.0000000000E+00,    0.0000000000E+00,    3.0274312346E+02
    187400,      0.676960,CP8_after_OBC,   1,    0.0000000000E+00,    3.0274312346E+02,    3.0274312346E+02,    0.0000000000E+00,    0.0000000000E+00,    0.0000000000E+00,    3.0274312346E+02
    187400,      0.676960,CP9_after_PTsource,   1,    0.0000000000E+00,    3.0274312346E+02,    3.0274312346E+02,    0.0000000000E+00,    0.0000000000E+00,    0.0000000000E+00,    3.0274312346E+02
    187400,      0.676960,CP10_after_neg_clamp,   1,    0.0000000000E+00,    3.0274312346E+02,    3.0274312346E+02,    0.0000000000E+00,    0.0000000000E+00,    0.0000000000E+00,    3.0274312346E+02
    187400,      0.676960,CP11_after_MPI,   1,    0.0000000000E+00,    3.0274312346E+02,    3.0274312346E+02,    0.0000000000E+00,    0.0000000000E+00,    0.0000000000E+00,    3.0274312346E+02
    187400,      0.676960,CP12_end,   1,    0.0000000000E+00,    3.0274312346E+02,    3.0274312346E+02,    0.0000000000E+00,    0.0000000000E+00,    0.0000000000E+00,    3.0274312346E+02
    187450,      0.676960,CP0_start,   1,    0.0000000000E+00,    3.0294168790E+02,    3.0294168790E+02,    0.0000000000E+00,    0.0000000000E+00,    0.0000000000E+00,    3.0294168790E+02
    187450,      0.676960,CP1_after_deposition,   1,    0.0000000000E+00,    3.0294168790E+02,    3.0294168790E+02,    0.0000000000E+00,    0.0000000000E+00,    0.0000000000E+00,    3.0294168790E+02
    187450,      0.676960,CP2_after_erosion,   1,    0.0000000000E+00,    3.0294168790E+02,    3.0294168790E+02,    0.0000000000E+00,    0.0000000000E+00,    0.0000000000E+00,    3.0294168790E+02
    187450,      0.676960,CP3_after_update_bottom,   1,    0.0000000000E+00,    3.0294168790E+02,    3.0294168790E+02,    0.0000000000E+00,    0.0000000000E+00,    0.0000000000E+00,    3.0294168790E+02
    187450,      0.676960,CP4_after_advection,   1,    0.0000000000E+00,    3.0295041362E+02,    3.0295041362E+02,    0.0000000000E+00,    0.0000000000E+00,    0.0000000000E+00,    3.0295041362E+02
    187450,      0.676960,CP5_after_vdif,   1,    0.0000000000E+00,    3.0295041362E+02,    3.0295041362E+02,    0.0000000000E+00,    0.0000000000E+00,    0.0000000000E+00,    3.0295041362E+02
    187450,      0.676960,CP6_after_kinetics,   1,    0.0000000000E+00,    3.0295041362E+02,    3.0295041362E+02,    0.0000000000E+00,    0.0000000000E+00,    0.0000000000E+00,    3.0295041362E+02
    187450,      0.676960,CP7_after_upper_clamp,   1,    0.0000000000E+00,    3.0295041362E+02,    3.0295041362E+02,    0.0000000000E+00,    0.0000000000E+00,    0.0000000000E+00,    3.0295041362E+02
    187450,      0.676960,CP8_after_OBC,   1,    0.0000000000E+00,    3.0295041362E+02,    3.0295041362E+02,    0.0000000000E+00,    0.0000000000E+00,    0.0000000000E+00,    3.0295041362E+02
    187450,      0.676960,CP9_after_PTsource,   1,    0.0000000000E+00,    3.0295041362E+02,    3.0295041362E+02,    0.0000000000E+00,    0.0000000000E+00,    0.0000000000E+00,    3.0295041362E+02
    187450,      0.676960,CP10_after_neg_clamp,   1,    0.0000000000E+00,    3.0295041362E+02,    3.0295041362E+02,    0.0000000000E+00,    0.0000000000E+00,    0.0000000000E+00,    3.0295041362E+02
    187450,      0.676960,CP11_after_MPI,   1,    0.0000000000E+00,    3.0295041362E+02,    3.0295041362E+02,    0.0000000000E+00,    0.0000000000E+00,    0.0000000000E+00,    3.0295041362E+02
    187450,      0.676960,CP12_end,   1,    0.0000000000E+00,    3.0295041362E+02,    3.0295041362E+02,    0.0000000000E+00,    0.0000000000E+00,    0.0000000000E+00,    3.0295041362E+02
    187500,      0.676960,CP0_start,   1,    0.0000000000E+00,    3.0314262815E+02,    3.0314262815E+02,    0.0000000000E+00,    0.0000000000E+00,    0.0000000000E+00,    3.0314262815E+02
    187500,      0.676960,CP1_after_deposition,   1,    0.0000000000E+00,    3.0314262815E+02,    3.0314262815E+02,    0.0000000000E+00,    0.0000000000E+00,    0.0000000000E+00,    3.0314262815E+02
    187500,      0.676960,CP2_after_erosion,   1,    0.0000000000E+00,    3.0314262815E+02,    3.0314262815E+02,    0.0000000000E+00,    0.0000000000E+00,    0.0000000000E+00,    3.0314262815E+02
    187500,      0.676960,CP3_after_update_bottom,   1,    0.0000000000E+00,    3.0314262815E+02,    3.0314262815E+02,    0.0000000000E+00,    0.0000000000E+00,    0.0000000000E+00,    3.0314262815E+02
    187500,      0.676960,CP4_after_advection,   1,    0.0000000000E+00,    3.0315142462E+02,    3.0315142462E+02,    0.0000000000E+00,    0.0000000000E+00,    0.0000000000E+00,    3.0315142462E+02
    187500,      0.676960,CP5_after_vdif,   1,    0.0000000000E+00,    3.0315142462E+02,    3.0315142462E+02,    0.0000000000E+00,    0.0000000000E+00,    0.0000000000E+00,    3.0315142462E+02
    187500,      0.676960,CP6_after_kinetics,   1,    0.0000000000E+00,    3.0315142462E+02,    3.0315142462E+02,    0.0000000000E+00,    0.0000000000E+00,    0.0000000000E+00,    3.0315142462E+02
    187500,      0.676960,CP7_after_upper_clamp,   1,    0.0000000000E+00,    3.0315142462E+02,    3.0315142462E+02,    0.0000000000E+00,    0.0000000000E+00,    0.0000000000E+00,    3.0315142462E+02
    187500,      0.676960,CP8_after_OBC,   1,    0.0000000000E+00,    3.0315142462E+02,    3.0315142462E+02,    0.0000000000E+00,    0.0000000000E+00,    0.0000000000E+00,    3.0315142462E+02
    187500,      0.676960,CP9_after_PTsource,   1,    0.0000000000E+00,    3.0315142462E+02,    3.0315142462E+02,    0.0000000000E+00,    0.0000000000E+00,    0.0000000000E+00,    3.0315142462E+02
    187500,      0.676960,CP10_after_neg_clamp,   1,    0.0000000000E+00,    3.0315142462E+02,    3.0315142462E+02,    0.0000000000E+00,    0.0000000000E+00,    0.0000000000E+00,    3.0315142462E+02
    187500,      0.676960,CP11_after_MPI,   1,    0.0000000000E+00,    3.0315142462E+02,    3.0315142462E+02,    0.0000000000E+00,    0.0000000000E+00,    0.0000000000E+00,    3.0315142462E+02
    187500,      0.676960,CP12_end,   1,    0.0000000000E+00,    3.0315142462E+02,    3.0315142462E+02,    0.0000000000E+00,    0.0000000000E+00,    0.0000000000E+00,    3.0315142462E+02
    187550,      0.676960,CP0_start,   1,    0.0000000000E+00,    3.0333525873E+02,    3.0333525873E+02,    0.0000000000E+00,    0.0000000000E+00,    0.0000000000E+00,    3.0333525873E+02
    187550,      0.676960,CP1_after_deposition,   1,    0.0000000000E+00,    3.0333525873E+02,    3.0333525873E+02,    0.0000000000E+00,    0.0000000000E+00,    0.0000000000E+00,    3.0333525873E+02
    187550,      0.676960,CP2_after_erosion,   1,                 NaN,                 NaN,                 NaN,    0.0000000000E+00,    0.0000000000E+00,    0.0000000000E+00,                 NaN
    187550,      0.676960,CP3_after_update_bottom,   1,                 NaN,                 NaN,                 NaN,    0.0000000000E+00,    0.0000000000E+00,    0.0000000000E+00,                 NaN
    187550,      0.676960,CP4_after_advection,   1,                 NaN,                 NaN,                 NaN,    0.0000000000E+00,    0.0000000000E+00,    0.0000000000E+00,                 NaN
    187550,      0.676960,CP5_after_vdif,   1,                 NaN,                 NaN,                 NaN,    0.0000000000E+00,    0.0000000000E+00,    0.0000000000E+00,                 NaN
    187550,      0.676960,CP6_after_kinetics,   1,                 NaN,                 NaN,                 NaN,    0.0000000000E+00,    0.0000000000E+00,    0.0000000000E+00,                 NaN
    187550,      0.676960,CP7_after_upper_clamp,   1,                 NaN,                 NaN,                 NaN,    0.0000000000E+00,    0.0000000000E+00,    0.0000000000E+00,                 NaN
    187550,      0.676960,CP8_after_OBC,   1,                 NaN,                 NaN,                 NaN,    0.0000000000E+00,    0.0000000000E+00,    0.0000000000E+00,                 NaN
    187550,      0.676960,CP9_after_PTsource,   1,                 NaN,                 NaN,                 NaN,    0.0000000000E+00,    0.0000000000E+00,    0.0000000000E+00,                 NaN
    187550,      0.676960,CP10_after_neg_clamp,   1,    0.0000000000E+00,    3.0312449899E+02,    3.0312449899E+02,    0.0000000000E+00,    0.0000000000E+00,    0.0000000000E+00,    3.0312449899E+02
    187550,      0.676960,CP11_after_MPI,   1,    0.0000000000E+00,    3.0312449899E+02,    3.0312449899E+02,    0.0000000000E+00,    0.0000000000E+00,    0.0000000000E+00,    3.0312449899E+02
    187550,      0.676960,CP12_end,   1,    0.0000000000E+00,    3.0312449899E+02,    3.0312449899E+02,    0.0000000000E+00,    0.0000000000E+00,    0.0000000000E+00,    3.0312449899E+02
    187600,      0.676960,CP0_start,   1,    0.0000000000E+00,    3.0330222311E+02,    3.0330222311E+02,    0.0000000000E+00,    0.0000000000E+00,    0.0000000000E+00,    3.0330222311E+02
    187600,      0.676960,CP1_after_deposition,   1,    0.0000000000E+00,    3.0330222311E+02,    3.0330222311E+02,    0.0000000000E+00,    0.0000000000E+00,    0.0000000000E+00,    3.0330222311E+02
    187600,      0.676960,CP2_after_erosion,   1,    0.0000000000E+00,    3.0330222311E+02,    3.0330222311E+02,    0.0000000000E+00,    0.0000000000E+00,    0.0000000000E+00,    3.0330222311E+02
    187600,      0.676960,CP3_after_update_bottom,   1,    0.0000000000E+00,    3.0330222311E+02,    3.0330222311E+02,    0.0000000000E+00,    0.0000000000E+00,    0.0000000000E+00,    3.0330222311E+02
    187600,      0.676960,CP4_after_advection,   1,    0.0000000000E+00,    3.0331119017E+02,    3.0331119017E+02,    0.0000000000E+00,    0.0000000000E+00,    0.0000000000E+00,    3.0331119017E+02
    187600,      0.676960,CP5_after_vdif,   1,    0.0000000000E+00,    3.0331119017E+02,    3.0331119017E+02,    0.0000000000E+00,    0.0000000000E+00,    0.0000000000E+00,    3.0331119017E+02
    187600,      0.676960,CP6_after_kinetics,   1,    0.0000000000E+00,    3.0331119017E+02,    3.0331119017E+02,    0.0000000000E+00,    0.0000000000E+00,    0.0000000000E+00,    3.0331119017E+02
    187600,      0.676960,CP7_after_upper_clamp,   1,    0.0000000000E+00,    3.0331119017E+02,    3.0331119017E+02,    0.0000000000E+00,    0.0000000000E+00,    0.0000000000E+00,    3.0331119017E+02
    187600,      0.676960,CP8_after_OBC,   1,    0.0000000000E+00,    3.0331119017E+02,    3.0331119017E+02,    0.0000000000E+00,    0.0000000000E+00,    0.0000000000E+00,    3.0331119017E+02
    187600,      0.676960,CP9_after_PTsource,   1,    0.0000000000E+00,    3.0331119017E+02,    3.0331119017E+02,    0.0000000000E+00,    0.0000000000E+00,    0.0000000000E+00,    3.0331119017E+02
    187600,      0.676960,CP10_after_neg_clamp,   1,    0.0000000000E+00,    3.0331119017E+02,    3.0331119017E+02,    0.0000000000E+00,    0.0000000000E+00,    0.0000000000E+00,    3.0331119017E+02
    187600,      0.676960,CP11_after_MPI,   1,    0.0000000000E+00,    3.0331119017E+02,    3.0331119017E+02,    0.0000000000E+00,    0.0000000000E+00,    0.0000000000E+00,    3.0331119017E+02
    187600,      0.676960,CP12_end,   1,    0.0000000000E+00,    3.0331119017E+02,    3.0331119017E+02,    0.0000000000E+00,    0.0000000000E+00,    0.0000000000E+00,    3.0331119017E+02
    187650,      0.676960,CP0_start,   1,    0.0000000000E+00,    3.0348548288E+02,    3.0348548288E+02,    0.0000000000E+00,    0.0000000000E+00,    0.0000000000E+00,    3.0348548288E+02
    187650,      0.676960,CP1_after_deposition,   1,    0.0000000000E+00,    3.0348548288E+02,    3.0348548288E+02,    0.0000000000E+00,    0.0000000000E+00,    0.0000000000E+00,    3.0348548288E+02
    187650,      0.676960,CP2_after_erosion,   1,    0.0000000000E+00,    3.0348548288E+02,    3.0348548288E+02,    0.0000000000E+00,    0.0000000000E+00,    0.0000000000E+00,    3.0348548288E+02
    187650,      0.676960,CP3_after_update_bottom,   1,    0.0000000000E+00,    3.0348548288E+02,    3.0348548288E+02,    0.0000000000E+00,    0.0000000000E+00,    0.0000000000E+00,    3.0348548288E+02
    187650,      0.676960,CP4_after_advection,   1,    0.0000000000E+00,    3.0349464974E+02,    3.0349464974E+02,    0.0000000000E+00,    0.0000000000E+00,    0.0000000000E+00,    3.0349464974E+02
    187650,      0.676960,CP5_after_vdif,   1,    0.0000000000E+00,    3.0349464974E+02,    3.0349464974E+02,    0.0000000000E+00,    0.0000000000E+00,    0.0000000000E+00,    3.0349464974E+02
    187650,      0.676960,CP6_after_kinetics,   1,    0.0000000000E+00,    3.0349464974E+02,    3.0349464974E+02,    0.0000000000E+00,    0.0000000000E+00,    0.0000000000E+00,    3.0349464974E+02
    187650,      0.676960,CP7_after_upper_clamp,   1,    0.0000000000E+00,    3.0349464974E+02,    3.0349464974E+02,    0.0000000000E+00,    0.0000000000E+00,    0.0000000000E+00,    3.0349464974E+02
    187650,      0.676960,CP8_after_OBC,   1,    0.0000000000E+00,    3.0349464974E+02,    3.0349464974E+02,    0.0000000000E+00,    0.0000000000E+00,    0.0000000000E+00,    3.0349464974E+02
    187650,      0.676960,CP9_after_PTsource,   1,    0.0000000000E+00,    3.0349464974E+02,    3.0349464974E+02,    0.0000000000E+00,    0.0000000000E+00,    0.0000000000E+00,    3.0349464974E+02
    187650,      0.676960,CP10_after_neg_clamp,   1,    0.0000000000E+00,    3.0349464974E+02,    3.0349464974E+02,    0.0000000000E+00,    0.0000000000E+00,    0.0000000000E+00,    3.0349464974E+02
    187650,      0.676960,CP11_after_MPI,   1,    0.0000000000E+00,    3.0349464974E+02,    3.0349464974E+02,    0.0000000000E+00,    0.0000000000E+00,    0.0000000000E+00,    3.0349464974E+02
    187650,      0.676960,CP12_end,   1,    0.0000000000E+00,    3.0349464974E+02,    3.0349464974E+02,    0.0000000000E+00,    0.0000000000E+00,    0.0000000000E+00,    3.0349464974E+02
    187700,      0.676960,CP0_start,   1,    0.0000000000E+00,    3.0367122181E+02,    3.0367122181E+02,    0.0000000000E+00,    0.0000000000E+00,    0.0000000000E+00,    3.0367122181E+02
    187700,      0.676960,CP1_after_deposition,   1,    0.0000000000E+00,    3.0367122181E+02,    3.0367122181E+02,    0.0000000000E+00,    0.0000000000E+00,    0.0000000000E+00,    3.0367122181E+02
    187700,      0.676960,CP2_after_erosion,   1,    0.0000000000E+00,    3.0367122181E+02,    3.0367122181E+02,    0.0000000000E+00,    0.0000000000E+00,    0.0000000000E+00,    3.0367122181E+02
    187700,      0.676960,CP3_after_update_bottom,   1,    0.0000000000E+00,    3.0367122181E+02,    3.0367122181E+02,    0.0000000000E+00,    0.0000000000E+00,    0.0000000000E+00,    3.0367122181E+02
    187700,      0.676960,CP4_after_advection,   1,    0.0000000000E+00,    3.0368066083E+02,    3.0368066083E+02,    0.0000000000E+00,    0.0000000000E+00,    0.0000000000E+00,    3.0368066083E+02
    187700,      0.676960,CP5_after_vdif,   1,    0.0000000000E+00,    3.0368066083E+02,    3.0368066083E+02,    0.0000000000E+00,    0.0000000000E+00,    0.0000000000E+00,    3.0368066083E+02
    187700,      0.676960,CP6_after_kinetics,   1,    0.0000000000E+00,    3.0368066083E+02,    3.0368066083E+02,    0.0000000000E+00,    0.0000000000E+00,    0.0000000000E+00,    3.0368066083E+02
    187700,      0.676960,CP7_after_upper_clamp,   1,    0.0000000000E+00,    3.0368066083E+02,    3.0368066083E+02,    0.0000000000E+00,    0.0000000000E+00,    0.0000000000E+00,    3.0368066083E+02
    187700,      0.676960,CP8_after_OBC,   1,    0.0000000000E+00,    3.0368066083E+02,    3.0368066083E+02,    0.0000000000E+00,    0.0000000000E+00,    0.0000000000E+00,    3.0368066083E+02
    187700,      0.676960,CP9_after_PTsource,   1,    0.0000000000E+00,    3.0368066083E+02,    3.0368066083E+02,    0.0000000000E+00,    0.0000000000E+00,    0.0000000000E+00,    3.0368066083E+02
    187700,      0.676960,CP10_after_neg_clamp,   1,    0.0000000000E+00,    3.0368066083E+02,    3.0368066083E+02,    0.0000000000E+00,    0.0000000000E+00,    0.0000000000E+00,    3.0368066083E+02
    187700,      0.676960,CP11_after_MPI,   1,    0.0000000000E+00,    3.0368066083E+02,    3.0368066083E+02,    0.0000000000E+00,    0.0000000000E+00,    0.0000000000E+00,    3.0368066083E+02
    187700,      0.676960,CP12_end,   1,    0.0000000000E+00,    3.0368066083E+02,    3.0368066083E+02,    0.0000000000E+00,    0.0000000000E+00,    0.0000000000E+00,    3.0368066083E+02
    187750,      0.676960,CP0_start,   1,    0.0000000000E+00,    3.0385990728E+02,    3.0385990728E+02,    0.0000000000E+00,    0.0000000000E+00,    0.0000000000E+00,    3.0385990728E+02
    187750,      0.676960,CP1_after_deposition,   1,    0.0000000000E+00,    3.0385990728E+02,    3.0385990728E+02,    0.0000000000E+00,    0.0000000000E+00,    0.0000000000E+00,    3.0385990728E+02
    187750,      0.676960,CP2_after_erosion,   1,    0.0000000000E+00,    3.0385990728E+02,    3.0385990728E+02,    0.0000000000E+00,    0.0000000000E+00,    0.0000000000E+00,    3.0385990728E+02
    187750,      0.676960,CP3_after_update_bottom,   1,    0.0000000000E+00,    3.0385990728E+02,    3.0385990728E+02,    0.0000000000E+00,    0.0000000000E+00,    0.0000000000E+00,    3.0385990728E+02
    187750,      0.676960,CP4_after_advection,   1,    0.0000000000E+00,    3.0386960042E+02,    3.0386960042E+02,    0.0000000000E+00,    0.0000000000E+00,    0.0000000000E+00,    3.0386960042E+02
    187750,      0.676960,CP5_after_vdif,   1,    0.0000000000E+00,    3.0386960042E+02,    3.0386960042E+02,    0.0000000000E+00,    0.0000000000E+00,    0.0000000000E+00,    3.0386960042E+02
    187750,      0.676960,CP6_after_kinetics,   1,    0.0000000000E+00,    3.0386960042E+02,    3.0386960042E+02,    0.0000000000E+00,    0.0000000000E+00,    0.0000000000E+00,    3.0386960042E+02
    187750,      0.676960,CP7_after_upper_clamp,   1,    0.0000000000E+00,    3.0386960042E+02,    3.0386960042E+02,    0.0000000000E+00,    0.0000000000E+00,    0.0000000000E+00,    3.0386960042E+02
    187750,      0.676960,CP8_after_OBC,   1,    0.0000000000E+00,    3.0386960042E+02,    3.0386960042E+02,    0.0000000000E+00,    0.0000000000E+00,    0.0000000000E+00,    3.0386960042E+02
    187750,      0.676960,CP9_after_PTsource,   1,    0.0000000000E+00,    3.0386960042E+02,    3.0386960042E+02,    0.0000000000E+00,    0.0000000000E+00,    0.0000000000E+00,    3.0386960042E+02
    187750,      0.676960,CP10_after_neg_clamp,   1,    0.0000000000E+00,    3.0386960042E+02,    3.0386960042E+02,    0.0000000000E+00,    0.0000000000E+00,    0.0000000000E+00,    3.0386960042E+02
    187750,      0.676960,CP11_after_MPI,   1,    0.0000000000E+00,    3.0386960042E+02,    3.0386960042E+02,    0.0000000000E+00,    0.0000000000E+00,    0.0000000000E+00,    3.0386960042E+02
    187750,      0.676960,CP12_end,   1,    0.0000000000E+00,    3.0386960042E+02,    3.0386960042E+02,    0.0000000000E+00,    0.0000000000E+00,    0.0000000000E+00,    3.0386960042E+02
    187800,      0.676960,CP0_start,   1,    0.0000000000E+00,    3.0405284589E+02,    3.0405284589E+02,    0.0000000000E+00,    0.0000000000E+00,    0.0000000000E+00,    3.0405284589E+02
    187800,      0.676960,CP1_after_deposition,   1,    0.0000000000E+00,    3.0405284589E+02,    3.0405284589E+02,    0.0000000000E+00,    0.0000000000E+00,    0.0000000000E+00,    3.0405284589E+02
    187800,      0.676960,CP2_after_erosion,   1,    0.0000000000E+00,    3.0405284589E+02,    3.0405284589E+02,    0.0000000000E+00,    0.0000000000E+00,    0.0000000000E+00,    3.0405284589E+02
    187800,      0.676960,CP3_after_update_bottom,   1,    0.0000000000E+00,    3.0405284589E+02,    3.0405284589E+02,    0.0000000000E+00,    0.0000000000E+00,    0.0000000000E+00,    3.0405284589E+02
    187800,      0.676960,CP4_after_advection,   1,    0.0000000000E+00,    3.0406283909E+02,    3.0406283909E+02,    0.0000000000E+00,    0.0000000000E+00,    0.0000000000E+00,    3.0406283909E+02
    187800,      0.676960,CP5_after_vdif,   1,    0.0000000000E+00,    3.0406283909E+02,    3.0406283909E+02,    0.0000000000E+00,    0.0000000000E+00,    0.0000000000E+00,    3.0406283909E+02
    187800,      0.676960,CP6_after_kinetics,   1,    0.0000000000E+00,    3.0406283909E+02,    3.0406283909E+02,    0.0000000000E+00,    0.0000000000E+00,    0.0000000000E+00,    3.0406283909E+02
    187800,      0.676960,CP7_after_upper_clamp,   1,    0.0000000000E+00,    3.0406283909E+02,    3.0406283909E+02,    0.0000000000E+00,    0.0000000000E+00,    0.0000000000E+00,    3.0406283909E+02
    187800,      0.676960,CP8_after_OBC,   1,    0.0000000000E+00,    3.0406283909E+02,    3.0406283909E+02,    0.0000000000E+00,    0.0000000000E+00,    0.0000000000E+00,    3.0406283909E+02
    187800,      0.676960,CP9_after_PTsource,   1,    0.0000000000E+00,    3.0406283909E+02,    3.0406283909E+02,    0.0000000000E+00,    0.0000000000E+00,    0.0000000000E+00,    3.0406283909E+02
    187800,      0.676960,CP10_after_neg_clamp,   1,    0.0000000000E+00,    3.0406283909E+02,    3.0406283909E+02,    0.0000000000E+00,    0.0000000000E+00,    0.0000000000E+00,    3.0406283909E+02
    187800,      0.676960,CP11_after_MPI,   1,    0.0000000000E+00,    3.0406283909E+02,    3.0406283909E+02,    0.0000000000E+00,    0.0000000000E+00,    0.0000000000E+00,    3.0406283909E+02
    187800,      0.676960,CP12_end,   1,    0.0000000000E+00,    3.0406283909E+02,    3.0406283909E+02,    0.0000000000E+00,    0.0000000000E+00,    0.0000000000E+00,    3.0406283909E+02
    187850,      0.676960,CP0_start,   1,    0.0000000000E+00,    3.0425231367E+02,    3.0425231367E+02,    0.0000000000E+00,    0.0000000000E+00,    0.0000000000E+00,    3.0425231367E+02
    187850,      0.676960,CP1_after_deposition,   1,    0.0000000000E+00,    3.0425231367E+02,    3.0425231367E+02,    0.0000000000E+00,    0.0000000000E+00,    0.0000000000E+00,    3.0425231367E+02
    187850,      0.676960,CP2_after_erosion,   1,    0.0000000000E+00,    3.0425231367E+02,    3.0425231367E+02,    0.0000000000E+00,    0.0000000000E+00,    0.0000000000E+00,    3.0425231367E+02
    187850,      0.676960,CP3_after_update_bottom,   1,    0.0000000000E+00,    3.0425231367E+02,    3.0425231367E+02,    0.0000000000E+00,    0.0000000000E+00,    0.0000000000E+00,    3.0425231367E+02
    187850,      0.676960,CP4_after_advection,   1,    0.0000000000E+00,    3.0426263700E+02,    3.0426263700E+02,    0.0000000000E+00,    0.0000000000E+00,    0.0000000000E+00,    3.0426263700E+02
    187850,      0.676960,CP5_after_vdif,   1,    0.0000000000E+00,    3.0426263700E+02,    3.0426263700E+02,    0.0000000000E+00,    0.0000000000E+00,    0.0000000000E+00,    3.0426263700E+02
    187850,      0.676960,CP6_after_kinetics,   1,    0.0000000000E+00,    3.0426263700E+02,    3.0426263700E+02,    0.0000000000E+00,    0.0000000000E+00,    0.0000000000E+00,    3.0426263700E+02
    187850,      0.676960,CP7_after_upper_clamp,   1,    0.0000000000E+00,    3.0426263700E+02,    3.0426263700E+02,    0.0000000000E+00,    0.0000000000E+00,    0.0000000000E+00,    3.0426263700E+02
    187850,      0.676960,CP8_after_OBC,   1,    0.0000000000E+00,    3.0426263700E+02,    3.0426263700E+02,    0.0000000000E+00,    0.0000000000E+00,    0.0000000000E+00,    3.0426263700E+02
    187850,      0.676960,CP9_after_PTsource,   1,    0.0000000000E+00,    3.0426263700E+02,    3.0426263700E+02,    0.0000000000E+00,    0.0000000000E+00,    0.0000000000E+00,    3.0426263700E+02
    187850,      0.676960,CP10_after_neg_clamp,   1,    0.0000000000E+00,    3.0426263700E+02,    3.0426263700E+02,    0.0000000000E+00,    0.0000000000E+00,    0.0000000000E+00,    3.0426263700E+02
    187850,      0.676960,CP11_after_MPI,   1,    0.0000000000E+00,    3.0426263700E+02,    3.0426263700E+02,    0.0000000000E+00,    0.0000000000E+00,    0.0000000000E+00,    3.0426263700E+02
    187850,      0.676960,CP12_end,   1,    0.0000000000E+00,    3.0426263700E+02,    3.0426263700E+02,    0.0000000000E+00,    0.0000000000E+00,    0.0000000000E+00,    3.0426263700E+02
    187900,      0.676960,CP0_start,   1,    0.0000000000E+00,    3.0445921865E+02,    3.0445921865E+02,    0.0000000000E+00,    0.0000000000E+00,    0.0000000000E+00,    3.0445921865E+02
    187900,      0.676960,CP1_after_deposition,   1,    0.0000000000E+00,    3.0445921865E+02,    3.0445921865E+02,    0.0000000000E+00,    0.0000000000E+00,    0.0000000000E+00,    3.0445921865E+02
    187900,      0.676960,CP2_after_erosion,   1,    0.0000000000E+00,    3.0445921865E+02,    3.0445921865E+02,    0.0000000000E+00,    0.0000000000E+00,    0.0000000000E+00,    3.0445921865E+02
    187900,      0.676960,CP3_after_update_bottom,   1,    0.0000000000E+00,    3.0445921865E+02,    3.0445921865E+02,    0.0000000000E+00,    0.0000000000E+00,    0.0000000000E+00,    3.0445921865E+02
    187900,      0.676960,CP4_after_advection,   1,    0.0000000000E+00,    3.0446985056E+02,    3.0446985056E+02,    0.0000000000E+00,    0.0000000000E+00,    0.0000000000E+00,    3.0446985056E+02
    187900,      0.676960,CP5_after_vdif,   1,    0.0000000000E+00,    3.0446985056E+02,    3.0446985056E+02,    0.0000000000E+00,    0.0000000000E+00,    0.0000000000E+00,    3.0446985056E+02
    187900,      0.676960,CP6_after_kinetics,   1,    0.0000000000E+00,    3.0446985056E+02,    3.0446985056E+02,    0.0000000000E+00,    0.0000000000E+00,    0.0000000000E+00,    3.0446985056E+02
    187900,      0.676960,CP7_after_upper_clamp,   1,    0.0000000000E+00,    3.0446985056E+02,    3.0446985056E+02,    0.0000000000E+00,    0.0000000000E+00,    0.0000000000E+00,    3.0446985056E+02
    187900,      0.676960,CP8_after_OBC,   1,    0.0000000000E+00,    3.0446985056E+02,    3.0446985056E+02,    0.0000000000E+00,    0.0000000000E+00,    0.0000000000E+00,    3.0446985056E+02
    187900,      0.676960,CP9_after_PTsource,   1,    0.0000000000E+00,    3.0446985056E+02,    3.0446985056E+02,    0.0000000000E+00,    0.0000000000E+00,    0.0000000000E+00,    3.0446985056E+02
    187900,      0.676960,CP10_after_neg_clamp,   1,    0.0000000000E+00,    3.0446985056E+02,    3.0446985056E+02,    0.0000000000E+00,    0.0000000000E+00,    0.0000000000E+00,    3.0446985056E+02
    187900,      0.676960,CP11_after_MPI,   1,    0.0000000000E+00,    3.0446985056E+02,    3.0446985056E+02,    0.0000000000E+00,    0.0000000000E+00,    0.0000000000E+00,    3.0446985056E+02
    187900,      0.676960,CP12_end,   1,    0.0000000000E+00,    3.0446985056E+02,    3.0446985056E+02,    0.0000000000E+00,    0.0000000000E+00,    0.0000000000E+00,    3.0446985056E+02
    187950,      0.676960,CP0_start,   1,    0.0000000000E+00,    3.0467179607E+02,    3.0467179607E+02,    0.0000000000E+00,    0.0000000000E+00,    0.0000000000E+00,    3.0467179607E+02
    187950,      0.676960,CP1_after_deposition,   1,    0.0000000000E+00,    3.0467179607E+02,    3.0467179607E+02,    0.0000000000E+00,    0.0000000000E+00,    0.0000000000E+00,    3.0467179607E+02
    187950,      0.676960,CP2_after_erosion,   1,    0.0000000000E+00,    3.0467179607E+02,    3.0467179607E+02,    0.0000000000E+00,    0.0000000000E+00,    0.0000000000E+00,    3.0467179607E+02
    187950,      0.676960,CP3_after_update_bottom,   1,    0.0000000000E+00,    3.0467179607E+02,    3.0467179607E+02,    0.0000000000E+00,    0.0000000000E+00,    0.0000000000E+00,    3.0467179607E+02
    187950,      0.676960,CP4_after_advection,   1,    0.0000000000E+00,    3.0468269212E+02,    3.0468269212E+02,    0.0000000000E+00,    0.0000000000E+00,    0.0000000000E+00,    3.0468269212E+02
    187950,      0.676960,CP5_after_vdif,   1,    0.0000000000E+00,    3.0468269212E+02,    3.0468269212E+02,    0.0000000000E+00,    0.0000000000E+00,    0.0000000000E+00,    3.0468269212E+02
    187950,      0.676960,CP6_after_kinetics,   1,    0.0000000000E+00,    3.0468269212E+02,    3.0468269212E+02,    0.0000000000E+00,    0.0000000000E+00,    0.0000000000E+00,    3.0468269212E+02
    187950,      0.676960,CP7_after_upper_clamp,   1,    0.0000000000E+00,    3.0468269212E+02,    3.0468269212E+02,    0.0000000000E+00,    0.0000000000E+00,    0.0000000000E+00,    3.0468269212E+02
    187950,      0.676960,CP8_after_OBC,   1,    0.0000000000E+00,    3.0468269212E+02,    3.0468269212E+02,    0.0000000000E+00,    0.0000000000E+00,    0.0000000000E+00,    3.0468269212E+02
    187950,      0.676960,CP9_after_PTsource,   1,    0.0000000000E+00,    3.0468269212E+02,    3.0468269212E+02,    0.0000000000E+00,    0.0000000000E+00,    0.0000000000E+00,    3.0468269212E+02
    187950,      0.676960,CP10_after_neg_clamp,   1,    0.0000000000E+00,    3.0468269212E+02,    3.0468269212E+02,    0.0000000000E+00,    0.0000000000E+00,    0.0000000000E+00,    3.0468269212E+02
    187950,      0.676960,CP11_after_MPI,   1,    0.0000000000E+00,    3.0468269212E+02,    3.0468269212E+02,    0.0000000000E+00,    0.0000000000E+00,    0.0000000000E+00,    3.0468269212E+02
    187950,      0.676960,CP12_end,   1,    0.0000000000E+00,    3.0468269212E+02,    3.0468269212E+02,    0.0000000000E+00,    0.0000000000E+00,    0.0000000000E+00,    3.0468269212E+02
    188000,      0.676960,CP0_start,   1,    0.0000000000E+00,    3.0488646535E+02,    3.0488646535E+02,    0.0000000000E+00,    0.0000000000E+00,    0.0000000000E+00,    3.0488646535E+02
    188000,      0.676960,CP1_after_deposition,   1,    0.0000000000E+00,    3.0488646535E+02,    3.0488646535E+02,    0.0000000000E+00,    0.0000000000E+00,    0.0000000000E+00,    3.0488646535E+02
    188000,      0.676960,CP2_after_erosion,   1,    0.0000000000E+00,    3.0488646535E+02,    3.0488646535E+02,    0.0000000000E+00,    0.0000000000E+00,    0.0000000000E+00,    3.0488646535E+02
    188000,      0.676960,CP3_after_update_bottom,   1,    0.0000000000E+00,    3.0488646535E+02,    3.0488646535E+02,    0.0000000000E+00,    0.0000000000E+00,    0.0000000000E+00,    3.0488646535E+02
    188000,      0.676960,CP4_after_advection,   1,    0.0000000000E+00,    3.0489751156E+02,    3.0489751156E+02,    0.0000000000E+00,    0.0000000000E+00,    0.0000000000E+00,    3.0489751156E+02
    188000,      0.676960,CP5_after_vdif,   1,    0.0000000000E+00,    3.0489751156E+02,    3.0489751156E+02,    0.0000000000E+00,    0.0000000000E+00,    0.0000000000E+00,    3.0489751156E+02
    188000,      0.676960,CP6_after_kinetics,   1,    0.0000000000E+00,    3.0489751156E+02,    3.0489751156E+02,    0.0000000000E+00,    0.0000000000E+00,    0.0000000000E+00,    3.0489751156E+02
    188000,      0.676960,CP7_after_upper_clamp,   1,    0.0000000000E+00,    3.0489751156E+02,    3.0489751156E+02,    0.0000000000E+00,    0.0000000000E+00,    0.0000000000E+00,    3.0489751156E+02
    188000,      0.676960,CP8_after_OBC,   1,    0.0000000000E+00,    3.0489751156E+02,    3.0489751156E+02,    0.0000000000E+00,    0.0000000000E+00,    0.0000000000E+00,    3.0489751156E+02
    188000,      0.676960,CP9_after_PTsource,   1,    0.0000000000E+00,    3.0489751156E+02,    3.0489751156E+02,    0.0000000000E+00,    0.0000000000E+00,    0.0000000000E+00,    3.0489751156E+02
    188000,      0.676960,CP10_after_neg_clamp,   1,    0.0000000000E+00,    3.0489751156E+02,    3.0489751156E+02,    0.0000000000E+00,    0.0000000000E+00,    0.0000000000E+00,    3.0489751156E+02
    188000,      0.676960,CP11_after_MPI,   1,    0.0000000000E+00,    3.0489751156E+02,    3.0489751156E+02,    0.0000000000E+00,    0.0000000000E+00,    0.0000000000E+00,    3.0489751156E+02
    188000,      0.676960,CP12_end,   1,    0.0000000000E+00,    3.0489751156E+02,    3.0489751156E+02,    0.0000000000E+00,    0.0000000000E+00,    0.0000000000E+00,    3.0489751156E+02
    188050,      0.676960,CP0_start,   1,    0.0000000000E+00,    3.0509712114E+02,    3.0509712114E+02,    0.0000000000E+00,    0.0000000000E+00,    0.0000000000E+00,    3.0509712114E+02
    188050,      0.676960,CP1_after_deposition,   1,    0.0000000000E+00,    3.0509712114E+02,    3.0509712114E+02,    0.0000000000E+00,    0.0000000000E+00,    0.0000000000E+00,    3.0509712114E+02
    188050,      0.676960,CP2_after_erosion,   1,    0.0000000000E+00,    3.0509712114E+02,    3.0509712114E+02,    0.0000000000E+00,    0.0000000000E+00,    0.0000000000E+00,    3.0509712114E+02
    188050,      0.676960,CP3_after_update_bottom,   1,    0.0000000000E+00,    3.0509712114E+02,    3.0509712114E+02,    0.0000000000E+00,    0.0000000000E+00,    0.0000000000E+00,    3.0509712114E+02
    188050,      0.676960,CP4_after_advection,   1,    0.0000000000E+00,    3.0510818983E+02,    3.0510818983E+02,    0.0000000000E+00,    0.0000000000E+00,    0.0000000000E+00,    3.0510818983E+02
    188050,      0.676960,CP5_after_vdif,   1,    0.0000000000E+00,    3.0510818983E+02,    3.0510818983E+02,    0.0000000000E+00,    0.0000000000E+00,    0.0000000000E+00,    3.0510818983E+02
    188050,      0.676960,CP6_after_kinetics,   1,    0.0000000000E+00,    3.0510818983E+02,    3.0510818983E+02,    0.0000000000E+00,    0.0000000000E+00,    0.0000000000E+00,    3.0510818983E+02
    188050,      0.676960,CP7_after_upper_clamp,   1,    0.0000000000E+00,    3.0510818983E+02,    3.0510818983E+02,    0.0000000000E+00,    0.0000000000E+00,    0.0000000000E+00,    3.0510818983E+02
    188050,      0.676960,CP8_after_OBC,   1,    0.0000000000E+00,    3.0510818983E+02,    3.0510818983E+02,    0.0000000000E+00,    0.0000000000E+00,    0.0000000000E+00,    3.0510818983E+02
    188050,      0.676960,CP9_after_PTsource,   1,    0.0000000000E+00,    3.0510818983E+02,    3.0510818983E+02,    0.0000000000E+00,    0.0000000000E+00,    0.0000000000E+00,    3.0510818983E+02
    188050,      0.676960,CP10_after_neg_clamp,   1,    0.0000000000E+00,    3.0510818983E+02,    3.0510818983E+02,    0.0000000000E+00,    0.0000000000E+00,    0.0000000000E+00,    3.0510818983E+02
    188050,      0.676960,CP11_after_MPI,   1,    0.0000000000E+00,    3.0510818983E+02,    3.0510818983E+02,    0.0000000000E+00,    0.0000000000E+00,    0.0000000000E+00,    3.0510818983E+02
    188050,      0.676960,CP12_end,   1,    0.0000000000E+00,    3.0510818983E+02,    3.0510818983E+02,    0.0000000000E+00,    0.0000000000E+00,    0.0000000000E+00,    3.0510818983E+02
    188100,      0.676960,CP0_start,   1,    0.0000000000E+00,    3.0529849688E+02,    3.0529849688E+02,    0.0000000000E+00,    0.0000000000E+00,    0.0000000000E+00,    3.0529849688E+02
    188100,      0.676960,CP1_after_deposition,   1,    0.0000000000E+00,    3.0529849688E+02,    3.0529849688E+02,    0.0000000000E+00,    0.0000000000E+00,    0.0000000000E+00,    3.0529849688E+02
    188100,      0.676960,CP2_after_erosion,   1,    0.0000000000E+00,    3.0529849688E+02,    3.0529849688E+02,    0.0000000000E+00,    0.0000000000E+00,    0.0000000000E+00,    3.0529849688E+02
    188100,      0.676960,CP3_after_update_bottom,   1,    0.0000000000E+00,    3.0529849688E+02,    3.0529849688E+02,    0.0000000000E+00,    0.0000000000E+00,    0.0000000000E+00,    3.0529849688E+02
    188100,      0.676960,CP4_after_advection,   1,    0.0000000000E+00,    3.0530951162E+02,    3.0530951162E+02,    0.0000000000E+00,    0.0000000000E+00,    0.0000000000E+00,    3.0530951162E+02
    188100,      0.676960,CP5_after_vdif,   1,    0.0000000000E+00,    3.0530951162E+02,    3.0530951162E+02,    0.0000000000E+00,    0.0000000000E+00,    0.0000000000E+00,    3.0530951162E+02
    188100,      0.676960,CP6_after_kinetics,   1,    0.0000000000E+00,    3.0530951162E+02,    3.0530951162E+02,    0.0000000000E+00,    0.0000000000E+00,    0.0000000000E+00,    3.0530951162E+02
    188100,      0.676960,CP7_after_upper_clamp,   1,    0.0000000000E+00,    3.0530951162E+02,    3.0530951162E+02,    0.0000000000E+00,    0.0000000000E+00,    0.0000000000E+00,    3.0530951162E+02
    188100,      0.676960,CP8_after_OBC,   1,    0.0000000000E+00,    3.0530951162E+02,    3.0530951162E+02,    0.0000000000E+00,    0.0000000000E+00,    0.0000000000E+00,    3.0530951162E+02
    188100,      0.676960,CP9_after_PTsource,   1,    0.0000000000E+00,    3.0530951162E+02,    3.0530951162E+02,    0.0000000000E+00,    0.0000000000E+00,    0.0000000000E+00,    3.0530951162E+02
    188100,      0.676960,CP10_after_neg_clamp,   1,    0.0000000000E+00,    3.0530951162E+02,    3.0530951162E+02,    0.0000000000E+00,    0.0000000000E+00,    0.0000000000E+00,    3.0530951162E+02
    188100,      0.676960,CP11_after_MPI,   1,    0.0000000000E+00,    3.0530951162E+02,    3.0530951162E+02,    0.0000000000E+00,    0.0000000000E+00,    0.0000000000E+00,    3.0530951162E+02
    188100,      0.676960,CP12_end,   1,    0.0000000000E+00,    3.0530951162E+02,    3.0530951162E+02,    0.0000000000E+00,    0.0000000000E+00,    0.0000000000E+00,    3.0530951162E+02
    188150,      0.676960,CP0_start,   1,    0.0000000000E+00,    3.0548783998E+02,    3.0548783998E+02,    0.0000000000E+00,    0.0000000000E+00,    0.0000000000E+00,    3.0548783998E+02
    188150,      0.676960,CP1_after_deposition,   1,    0.0000000000E+00,    3.0548783998E+02,    3.0548783998E+02,    0.0000000000E+00,    0.0000000000E+00,    0.0000000000E+00,    3.0548783998E+02
    188150,      0.676960,CP2_after_erosion,   1,    0.0000000000E+00,    3.0548783998E+02,    3.0548783998E+02,    0.0000000000E+00,    0.0000000000E+00,    0.0000000000E+00,    3.0548783998E+02
    188150,      0.676960,CP3_after_update_bottom,   1,    0.0000000000E+00,    3.0548783998E+02,    3.0548783998E+02,    0.0000000000E+00,    0.0000000000E+00,    0.0000000000E+00,    3.0548783998E+02
    188150,      0.676960,CP4_after_advection,   1,    0.0000000000E+00,    3.0549880398E+02,    3.0549880398E+02,    0.0000000000E+00,    0.0000000000E+00,    0.0000000000E+00,    3.0549880398E+02
    188150,      0.676960,CP5_after_vdif,   1,    0.0000000000E+00,    3.0549880398E+02,    3.0549880398E+02,    0.0000000000E+00,    0.0000000000E+00,    0.0000000000E+00,    3.0549880398E+02
    188150,      0.676960,CP6_after_kinetics,   1,    0.0000000000E+00,    3.0549880398E+02,    3.0549880398E+02,    0.0000000000E+00,    0.0000000000E+00,    0.0000000000E+00,    3.0549880398E+02
    188150,      0.676960,CP7_after_upper_clamp,   1,    0.0000000000E+00,    3.0549880398E+02,    3.0549880398E+02,    0.0000000000E+00,    0.0000000000E+00,    0.0000000000E+00,    3.0549880398E+02
    188150,      0.676960,CP8_after_OBC,   1,    0.0000000000E+00,    3.0549880398E+02,    3.0549880398E+02,    0.0000000000E+00,    0.0000000000E+00,    0.0000000000E+00,    3.0549880398E+02
    188150,      0.676960,CP9_after_PTsource,   1,    0.0000000000E+00,    3.0549880398E+02,    3.0549880398E+02,    0.0000000000E+00,    0.0000000000E+00,    0.0000000000E+00,    3.0549880398E+02
    188150,      0.676960,CP10_after_neg_clamp,   1,    0.0000000000E+00,    3.0549880398E+02,    3.0549880398E+02,    0.0000000000E+00,    0.0000000000E+00,    0.0000000000E+00,    3.0549880398E+02
    188150,      0.676960,CP11_after_MPI,   1,    0.0000000000E+00,    3.0549880398E+02,    3.0549880398E+02,    0.0000000000E+00,    0.0000000000E+00,    0.0000000000E+00,    3.0549880398E+02
    188150,      0.676960,CP12_end,   1,    0.0000000000E+00,    3.0549880398E+02,    3.0549880398E+02,    0.0000000000E+00,    0.0000000000E+00,    0.0000000000E+00,    3.0549880398E+02
    188200,      0.676960,CP0_start,   1,    0.0000000000E+00,    3.0566809185E+02,    3.0566809185E+02,    0.0000000000E+00,    0.0000000000E+00,    0.0000000000E+00,    3.0566809185E+02
    188200,      0.676960,CP1_after_deposition,   1,    0.0000000000E+00,    3.0566809185E+02,    3.0566809185E+02,    0.0000000000E+00,    0.0000000000E+00,    0.0000000000E+00,    3.0566809185E+02
    188200,      0.676960,CP2_after_erosion,   1,    0.0000000000E+00,    3.0566809185E+02,    3.0566809185E+02,    0.0000000000E+00,    0.0000000000E+00,    0.0000000000E+00,    3.0566809185E+02
    188200,      0.676960,CP3_after_update_bottom,   1,    0.0000000000E+00,    3.0566809185E+02,    3.0566809185E+02,    0.0000000000E+00,    0.0000000000E+00,    0.0000000000E+00,    3.0566809185E+02
    188200,      0.676960,CP4_after_advection,   1,    0.0000000000E+00,    3.0567906664E+02,    3.0567906664E+02,    0.0000000000E+00,    0.0000000000E+00,    0.0000000000E+00,    3.0567906664E+02
    188200,      0.676960,CP5_after_vdif,   1,    0.0000000000E+00,    3.0567906664E+02,    3.0567906664E+02,    0.0000000000E+00,    0.0000000000E+00,    0.0000000000E+00,    3.0567906664E+02
    188200,      0.676960,CP6_after_kinetics,   1,    0.0000000000E+00,    3.0567906664E+02,    3.0567906664E+02,    0.0000000000E+00,    0.0000000000E+00,    0.0000000000E+00,    3.0567906664E+02
    188200,      0.676960,CP7_after_upper_clamp,   1,    0.0000000000E+00,    3.0567906664E+02,    3.0567906664E+02,    0.0000000000E+00,    0.0000000000E+00,    0.0000000000E+00,    3.0567906664E+02
    188200,      0.676960,CP8_after_OBC,   1,    0.0000000000E+00,    3.0567906664E+02,    3.0567906664E+02,    0.0000000000E+00,    0.0000000000E+00,    0.0000000000E+00,    3.0567906664E+02
    188200,      0.676960,CP9_after_PTsource,   1,    0.0000000000E+00,    3.0567906664E+02,    3.0567906664E+02,    0.0000000000E+00,    0.0000000000E+00,    0.0000000000E+00,    3.0567906664E+02
    188200,      0.676960,CP10_after_neg_clamp,   1,    0.0000000000E+00,    3.0567906664E+02,    3.0567906664E+02,    0.0000000000E+00,    0.0000000000E+00,    0.0000000000E+00,    3.0567906664E+02
    188200,      0.676960,CP11_after_MPI,   1,    0.0000000000E+00,    3.0567906664E+02,    3.0567906664E+02,    0.0000000000E+00,    0.0000000000E+00,    0.0000000000E+00,    3.0567906664E+02
    188200,      0.676960,CP12_end,   1,    0.0000000000E+00,    3.0567906664E+02,    3.0567906664E+02,    0.0000000000E+00,    0.0000000000E+00,    0.0000000000E+00,    3.0567906664E+02
    188250,      0.676960,CP0_start,   1,    0.0000000000E+00,    3.0584382465E+02,    3.0584382465E+02,    0.0000000000E+00,    0.0000000000E+00,    0.0000000000E+00,    3.0584382465E+02
    188250,      0.676960,CP1_after_deposition,   1,    0.0000000000E+00,    3.0584382465E+02,    3.0584382465E+02,    0.0000000000E+00,    0.0000000000E+00,    0.0000000000E+00,    3.0584382465E+02
    188250,      0.676960,CP2_after_erosion,   1,    0.0000000000E+00,    3.0584382465E+02,    3.0584382465E+02,    0.0000000000E+00,    0.0000000000E+00,    0.0000000000E+00,    3.0584382465E+02
    188250,      0.676960,CP3_after_update_bottom,   1,    0.0000000000E+00,    3.0584382465E+02,    3.0584382465E+02,    0.0000000000E+00,    0.0000000000E+00,    0.0000000000E+00,    3.0584382465E+02
    188250,      0.676960,CP4_after_advection,   1,    0.0000000000E+00,    3.0585491714E+02,    3.0585491714E+02,    0.0000000000E+00,    0.0000000000E+00,    0.0000000000E+00,    3.0585491714E+02
    188250,      0.676960,CP5_after_vdif,   1,    0.0000000000E+00,    3.0585491714E+02,    3.0585491714E+02,    0.0000000000E+00,    0.0000000000E+00,    0.0000000000E+00,    3.0585491714E+02
    188250,      0.676960,CP6_after_kinetics,   1,    0.0000000000E+00,    3.0585491714E+02,    3.0585491714E+02,    0.0000000000E+00,    0.0000000000E+00,    0.0000000000E+00,    3.0585491714E+02
    188250,      0.676960,CP7_after_upper_clamp,   1,    0.0000000000E+00,    3.0585491714E+02,    3.0585491714E+02,    0.0000000000E+00,    0.0000000000E+00,    0.0000000000E+00,    3.0585491714E+02
    188250,      0.676960,CP8_after_OBC,   1,    0.0000000000E+00,    3.0585491714E+02,    3.0585491714E+02,    0.0000000000E+00,    0.0000000000E+00,    0.0000000000E+00,    3.0585491714E+02
    188250,      0.676960,CP9_after_PTsource,   1,    0.0000000000E+00,    3.0585491714E+02,    3.0585491714E+02,    0.0000000000E+00,    0.0000000000E+00,    0.0000000000E+00,    3.0585491714E+02
    188250,      0.676960,CP10_after_neg_clamp,   1,    0.0000000000E+00,    3.0585491714E+02,    3.0585491714E+02,    0.0000000000E+00,    0.0000000000E+00,    0.0000000000E+00,    3.0585491714E+02
    188250,      0.676960,CP11_after_MPI,   1,    0.0000000000E+00,    3.0585491714E+02,    3.0585491714E+02,    0.0000000000E+00,    0.0000000000E+00,    0.0000000000E+00,    3.0585491714E+02
    188250,      0.676960,CP12_end,   1,    0.0000000000E+00,    3.0585491714E+02,    3.0585491714E+02,    0.0000000000E+00,    0.0000000000E+00,    0.0000000000E+00,    3.0585491714E+02
    188300,      0.676960,CP0_start,   1,    0.0000000000E+00,    3.0602034783E+02,    3.0602034783E+02,    0.0000000000E+00,    0.0000000000E+00,    0.0000000000E+00,    3.0602034783E+02
    188300,      0.676960,CP1_after_deposition,   1,    0.0000000000E+00,    3.0602034783E+02,    3.0602034783E+02,    0.0000000000E+00,    0.0000000000E+00,    0.0000000000E+00,    3.0602034783E+02
    188300,      0.676960,CP2_after_erosion,   1,    0.0000000000E+00,    3.0602034783E+02,    3.0602034783E+02,    0.0000000000E+00,    0.0000000000E+00,    0.0000000000E+00,    3.0602034783E+02
    188300,      0.676960,CP3_after_update_bottom,   1,    0.0000000000E+00,    3.0602034783E+02,    3.0602034783E+02,    0.0000000000E+00,    0.0000000000E+00,    0.0000000000E+00,    3.0602034783E+02
    188300,      0.676960,CP4_after_advection,   1,    0.0000000000E+00,    3.0603163932E+02,    3.0603163932E+02,    0.0000000000E+00,    0.0000000000E+00,    0.0000000000E+00,    3.0603163932E+02
    188300,      0.676960,CP5_after_vdif,   1,    0.0000000000E+00,    3.0603163932E+02,    3.0603163932E+02,    0.0000000000E+00,    0.0000000000E+00,    0.0000000000E+00,    3.0603163932E+02
    188300,      0.676960,CP6_after_kinetics,   1,    0.0000000000E+00,    3.0603163932E+02,    3.0603163932E+02,    0.0000000000E+00,    0.0000000000E+00,    0.0000000000E+00,    3.0603163932E+02
    188300,      0.676960,CP7_after_upper_clamp,   1,    0.0000000000E+00,    3.0603163932E+02,    3.0603163932E+02,    0.0000000000E+00,    0.0000000000E+00,    0.0000000000E+00,    3.0603163932E+02
    188300,      0.676960,CP8_after_OBC,   1,    0.0000000000E+00,    3.0603163932E+02,    3.0603163932E+02,    0.0000000000E+00,    0.0000000000E+00,    0.0000000000E+00,    3.0603163932E+02
    188300,      0.676960,CP9_after_PTsource,   1,    0.0000000000E+00,    3.0603163932E+02,    3.0603163932E+02,    0.0000000000E+00,    0.0000000000E+00,    0.0000000000E+00,    3.0603163932E+02
    188300,      0.676960,CP10_after_neg_clamp,   1,    0.0000000000E+00,    3.0603163932E+02,    3.0603163932E+02,    0.0000000000E+00,    0.0000000000E+00,    0.0000000000E+00,    3.0603163932E+02
    188300,      0.676960,CP11_after_MPI,   1,    0.0000000000E+00,    3.0603163932E+02,    3.0603163932E+02,    0.0000000000E+00,    0.0000000000E+00,    0.0000000000E+00,    3.0603163932E+02
    188300,      0.676960,CP12_end,   1,    0.0000000000E+00,    3.0603163932E+02,    3.0603163932E+02,    0.0000000000E+00,    0.0000000000E+00,    0.0000000000E+00,    3.0603163932E+02
    188350,      0.676960,CP0_start,   1,    0.0000000000E+00,    3.0620063273E+02,    3.0620063273E+02,    0.0000000000E+00,    0.0000000000E+00,    0.0000000000E+00,    3.0620063273E+02
    188350,      0.676960,CP1_after_deposition,   1,    0.0000000000E+00,    3.0620063273E+02,    3.0620063273E+02,    0.0000000000E+00,    0.0000000000E+00,    0.0000000000E+00,    3.0620063273E+02
    188350,      0.676960,CP2_after_erosion,   1,    0.0000000000E+00,    3.0620063273E+02,    3.0620063273E+02,    0.0000000000E+00,    0.0000000000E+00,    0.0000000000E+00,    3.0620063273E+02
    188350,      0.676960,CP3_after_update_bottom,   1,    0.0000000000E+00,    3.0620063273E+02,    3.0620063273E+02,    0.0000000000E+00,    0.0000000000E+00,    0.0000000000E+00,    3.0620063273E+02
    188350,      0.676960,CP4_after_advection,   1,    0.0000000000E+00,    3.0621215371E+02,    3.0621215371E+02,    0.0000000000E+00,    0.0000000000E+00,    0.0000000000E+00,    3.0621215371E+02
    188350,      0.676960,CP5_after_vdif,   1,    0.0000000000E+00,    3.0621215371E+02,    3.0621215371E+02,    0.0000000000E+00,    0.0000000000E+00,    0.0000000000E+00,    3.0621215371E+02
    188350,      0.676960,CP6_after_kinetics,   1,    0.0000000000E+00,    3.0621215371E+02,    3.0621215371E+02,    0.0000000000E+00,    0.0000000000E+00,    0.0000000000E+00,    3.0621215371E+02
    188350,      0.676960,CP7_after_upper_clamp,   1,    0.0000000000E+00,    3.0621215371E+02,    3.0621215371E+02,    0.0000000000E+00,    0.0000000000E+00,    0.0000000000E+00,    3.0621215371E+02
    188350,      0.676960,CP8_after_OBC,   1,    0.0000000000E+00,    3.0621215371E+02,    3.0621215371E+02,    0.0000000000E+00,    0.0000000000E+00,    0.0000000000E+00,    3.0621215371E+02
    188350,      0.676960,CP9_after_PTsource,   1,    0.0000000000E+00,    3.0621215371E+02,    3.0621215371E+02,    0.0000000000E+00,    0.0000000000E+00,    0.0000000000E+00,    3.0621215371E+02
    188350,      0.676960,CP10_after_neg_clamp,   1,    0.0000000000E+00,    3.0621215371E+02,    3.0621215371E+02,    0.0000000000E+00,    0.0000000000E+00,    0.0000000000E+00,    3.0621215371E+02
    188350,      0.676960,CP11_after_MPI,   1,    0.0000000000E+00,    3.0621215371E+02,    3.0621215371E+02,    0.0000000000E+00,    0.0000000000E+00,    0.0000000000E+00,    3.0621215371E+02
    188350,      0.676960,CP12_end,   1,    0.0000000000E+00,    3.0621215371E+02,    3.0621215371E+02,    0.0000000000E+00,    0.0000000000E+00,    0.0000000000E+00,    3.0621215371E+02
    188400,      0.676960,CP0_start,   1,    0.0000000000E+00,    3.0638492934E+02,    3.0638492934E+02,    0.0000000000E+00,    0.0000000000E+00,    0.0000000000E+00,    3.0638492934E+02
    188400,      0.676960,CP1_after_deposition,   1,    0.0000000000E+00,    3.0638492934E+02,    3.0638492934E+02,    0.0000000000E+00,    0.0000000000E+00,    0.0000000000E+00,    3.0638492934E+02
    188400,      0.676960,CP2_after_erosion,   1,    0.0000000000E+00,    3.0638492934E+02,    3.0638492934E+02,    0.0000000000E+00,    0.0000000000E+00,    0.0000000000E+00,    3.0638492934E+02
    188400,      0.676960,CP3_after_update_bottom,   1,    0.0000000000E+00,    3.0638492934E+02,    3.0638492934E+02,    0.0000000000E+00,    0.0000000000E+00,    0.0000000000E+00,    3.0638492934E+02
    188400,      0.676960,CP4_after_advection,   1,    0.0000000000E+00,    3.0639665771E+02,    3.0639665771E+02,    0.0000000000E+00,    0.0000000000E+00,    0.0000000000E+00,    3.0639665771E+02
    188400,      0.676960,CP5_after_vdif,   1,    0.0000000000E+00,    3.0639665771E+02,    3.0639665771E+02,    0.0000000000E+00,    0.0000000000E+00,    0.0000000000E+00,    3.0639665771E+02
    188400,      0.676960,CP6_after_kinetics,   1,    0.0000000000E+00,    3.0639665771E+02,    3.0639665771E+02,    0.0000000000E+00,    0.0000000000E+00,    0.0000000000E+00,    3.0639665771E+02
    188400,      0.676960,CP7_after_upper_clamp,   1,    0.0000000000E+00,    3.0639665771E+02,    3.0639665771E+02,    0.0000000000E+00,    0.0000000000E+00,    0.0000000000E+00,    3.0639665771E+02
    188400,      0.676960,CP8_after_OBC,   1,    0.0000000000E+00,    3.0639665771E+02,    3.0639665771E+02,    0.0000000000E+00,    0.0000000000E+00,    0.0000000000E+00,    3.0639665771E+02
    188400,      0.676960,CP9_after_PTsource,   1,    0.0000000000E+00,    3.0639665771E+02,    3.0639665771E+02,    0.0000000000E+00,    0.0000000000E+00,    0.0000000000E+00,    3.0639665771E+02
    188400,      0.676960,CP10_after_neg_clamp,   1,    0.0000000000E+00,    3.0639665771E+02,    3.0639665771E+02,    0.0000000000E+00,    0.0000000000E+00,    0.0000000000E+00,    3.0639665771E+02
    188400,      0.676960,CP11_after_MPI,   1,    0.0000000000E+00,    3.0639665771E+02,    3.0639665771E+02,    0.0000000000E+00,    0.0000000000E+00,    0.0000000000E+00,    3.0639665771E+02
    188400,      0.676960,CP12_end,   1,    0.0000000000E+00,    3.0639665771E+02,    3.0639665771E+02,    0.0000000000E+00,    0.0000000000E+00,    0.0000000000E+00,    3.0639665771E+02
    188450,      0.676960,CP0_start,   1,    0.0000000000E+00,    3.0657167357E+02,    3.0657167357E+02,    0.0000000000E+00,    0.0000000000E+00,    0.0000000000E+00,    3.0657167357E+02
    188450,      0.676960,CP1_after_deposition,   1,    0.0000000000E+00,    3.0657167357E+02,    3.0657167357E+02,    0.0000000000E+00,    0.0000000000E+00,    0.0000000000E+00,    3.0657167357E+02
    188450,      0.676960,CP2_after_erosion,   1,    0.0000000000E+00,    3.0657167357E+02,    3.0657167357E+02,    0.0000000000E+00,    0.0000000000E+00,    0.0000000000E+00,    3.0657167357E+02
    188450,      0.676960,CP3_after_update_bottom,   1,    0.0000000000E+00,    3.0657167357E+02,    3.0657167357E+02,    0.0000000000E+00,    0.0000000000E+00,    0.0000000000E+00,    3.0657167357E+02
    188450,      0.676960,CP4_after_advection,   1,    0.0000000000E+00,    3.0658356328E+02,    3.0658356328E+02,    0.0000000000E+00,    0.0000000000E+00,    0.0000000000E+00,    3.0658356328E+02
    188450,      0.676960,CP5_after_vdif,   1,    0.0000000000E+00,    3.0658356328E+02,    3.0658356328E+02,    0.0000000000E+00,    0.0000000000E+00,    0.0000000000E+00,    3.0658356328E+02
    188450,      0.676960,CP6_after_kinetics,   1,    0.0000000000E+00,    3.0658356328E+02,    3.0658356328E+02,    0.0000000000E+00,    0.0000000000E+00,    0.0000000000E+00,    3.0658356328E+02
    188450,      0.676960,CP7_after_upper_clamp,   1,    0.0000000000E+00,    3.0658356328E+02,    3.0658356328E+02,    0.0000000000E+00,    0.0000000000E+00,    0.0000000000E+00,    3.0658356328E+02
    188450,      0.676960,CP8_after_OBC,   1,    0.0000000000E+00,    3.0658356328E+02,    3.0658356328E+02,    0.0000000000E+00,    0.0000000000E+00,    0.0000000000E+00,    3.0658356328E+02
    188450,      0.676960,CP9_after_PTsource,   1,    0.0000000000E+00,    3.0658356328E+02,    3.0658356328E+02,    0.0000000000E+00,    0.0000000000E+00,    0.0000000000E+00,    3.0658356328E+02
    188450,      0.676960,CP10_after_neg_clamp,   1,    0.0000000000E+00,    3.0658356328E+02,    3.0658356328E+02,    0.0000000000E+00,    0.0000000000E+00,    0.0000000000E+00,    3.0658356328E+02
    188450,      0.676960,CP11_after_MPI,   1,    0.0000000000E+00,    3.0658356328E+02,    3.0658356328E+02,    0.0000000000E+00,    0.0000000000E+00,    0.0000000000E+00,    3.0658356328E+02
    188450,      0.676960,CP12_end,   1,    0.0000000000E+00,    3.0658356328E+02,    3.0658356328E+02,    0.0000000000E+00,    0.0000000000E+00,    0.0000000000E+00,    3.0658356328E+02
    188500,      0.676960,CP0_start,   1,    0.0000000000E+00,    3.0675937386E+02,    3.0675937386E+02,    0.0000000000E+00,    0.0000000000E+00,    0.0000000000E+00,    3.0675937386E+02
    188500,      0.676960,CP1_after_deposition,   1,    0.0000000000E+00,    3.0675937386E+02,    3.0675937386E+02,    0.0000000000E+00,    0.0000000000E+00,    0.0000000000E+00,    3.0675937386E+02
    188500,      0.676960,CP2_after_erosion,   1,    0.0000000000E+00,    3.0675937386E+02,    3.0675937386E+02,    0.0000000000E+00,    0.0000000000E+00,    0.0000000000E+00,    3.0675937386E+02
    188500,      0.676960,CP3_after_update_bottom,   1,    0.0000000000E+00,    3.0675937386E+02,    3.0675937386E+02,    0.0000000000E+00,    0.0000000000E+00,    0.0000000000E+00,    3.0675937386E+02
    188500,      0.676960,CP4_after_advection,   1,    0.0000000000E+00,    3.0677140155E+02,    3.0677140155E+02,    0.0000000000E+00,    0.0000000000E+00,    0.0000000000E+00,    3.0677140155E+02
    188500,      0.676960,CP5_after_vdif,   1,    0.0000000000E+00,    3.0677140155E+02,    3.0677140155E+02,    0.0000000000E+00,    0.0000000000E+00,    0.0000000000E+00,    3.0677140155E+02
    188500,      0.676960,CP6_after_kinetics,   1,    0.0000000000E+00,    3.0677140155E+02,    3.0677140155E+02,    0.0000000000E+00,    0.0000000000E+00,    0.0000000000E+00,    3.0677140155E+02
    188500,      0.676960,CP7_after_upper_clamp,   1,    0.0000000000E+00,    3.0677140155E+02,    3.0677140155E+02,    0.0000000000E+00,    0.0000000000E+00,    0.0000000000E+00,    3.0677140155E+02
    188500,      0.676960,CP8_after_OBC,   1,    0.0000000000E+00,    3.0677140155E+02,    3.0677140155E+02,    0.0000000000E+00,    0.0000000000E+00,    0.0000000000E+00,    3.0677140155E+02
    188500,      0.676960,CP9_after_PTsource,   1,    0.0000000000E+00,    3.0677140155E+02,    3.0677140155E+02,    0.0000000000E+00,    0.0000000000E+00,    0.0000000000E+00,    3.0677140155E+02
    188500,      0.676960,CP10_after_neg_clamp,   1,    0.0000000000E+00,    3.0677140155E+02,    3.0677140155E+02,    0.0000000000E+00,    0.0000000000E+00,    0.0000000000E+00,    3.0677140155E+02
    188500,      0.676960,CP11_after_MPI,   1,    0.0000000000E+00,    3.0677140155E+02,    3.0677140155E+02,    0.0000000000E+00,    0.0000000000E+00,    0.0000000000E+00,    3.0677140155E+02
    188500,      0.676960,CP12_end,   1,    0.0000000000E+00,    3.0677140155E+02,    3.0677140155E+02,    0.0000000000E+00,    0.0000000000E+00,    0.0000000000E+00,    3.0677140155E+02
    188550,      0.676960,CP0_start,   1,    0.0000000000E+00,    3.0694688820E+02,    3.0694688820E+02,    0.0000000000E+00,    0.0000000000E+00,    0.0000000000E+00,    3.0694688820E+02
    188550,      0.676960,CP1_after_deposition,   1,    0.0000000000E+00,    3.0694688820E+02,    3.0694688820E+02,    0.0000000000E+00,    0.0000000000E+00,    0.0000000000E+00,    3.0694688820E+02
    188550,      0.676960,CP2_after_erosion,   1,    0.0000000000E+00,    3.0694688820E+02,    3.0694688820E+02,    0.0000000000E+00,    0.0000000000E+00,    0.0000000000E+00,    3.0694688820E+02
    188550,      0.676960,CP3_after_update_bottom,   1,    0.0000000000E+00,    3.0694688820E+02,    3.0694688820E+02,    0.0000000000E+00,    0.0000000000E+00,    0.0000000000E+00,    3.0694688820E+02
    188550,      0.676960,CP4_after_advection,   1,    0.0000000000E+00,    3.0695904035E+02,    3.0695904035E+02,    0.0000000000E+00,    0.0000000000E+00,    0.0000000000E+00,    3.0695904035E+02
    188550,      0.676960,CP5_after_vdif,   1,    0.0000000000E+00,    3.0695904035E+02,    3.0695904035E+02,    0.0000000000E+00,    0.0000000000E+00,    0.0000000000E+00,    3.0695904035E+02
    188550,      0.676960,CP6_after_kinetics,   1,    0.0000000000E+00,    3.0695904035E+02,    3.0695904035E+02,    0.0000000000E+00,    0.0000000000E+00,    0.0000000000E+00,    3.0695904035E+02
    188550,      0.676960,CP7_after_upper_clamp,   1,    0.0000000000E+00,    3.0695904035E+02,    3.0695904035E+02,    0.0000000000E+00,    0.0000000000E+00,    0.0000000000E+00,    3.0695904035E+02
    188550,      0.676960,CP8_after_OBC,   1,    0.0000000000E+00,    3.0695904035E+02,    3.0695904035E+02,    0.0000000000E+00,    0.0000000000E+00,    0.0000000000E+00,    3.0695904035E+02
    188550,      0.676960,CP9_after_PTsource,   1,    0.0000000000E+00,    3.0695904035E+02,    3.0695904035E+02,    0.0000000000E+00,    0.0000000000E+00,    0.0000000000E+00,    3.0695904035E+02
    188550,      0.676960,CP10_after_neg_clamp,   1,    0.0000000000E+00,    3.0695904035E+02,    3.0695904035E+02,    0.0000000000E+00,    0.0000000000E+00,    0.0000000000E+00,    3.0695904035E+02
    188550,      0.676960,CP11_after_MPI,   1,    0.0000000000E+00,    3.0695904035E+02,    3.0695904035E+02,    0.0000000000E+00,    0.0000000000E+00,    0.0000000000E+00,    3.0695904035E+02
    188550,      0.676960,CP12_end,   1,    0.0000000000E+00,    3.0695904035E+02,    3.0695904035E+02,    0.0000000000E+00,    0.0000000000E+00,    0.0000000000E+00,    3.0695904035E+02
    188600,      0.676960,CP0_start,   1,    0.0000000000E+00,    3.0713407918E+02,    3.0713407918E+02,    0.0000000000E+00,    0.0000000000E+00,    0.0000000000E+00,    3.0713407918E+02
    188600,      0.676960,CP1_after_deposition,   1,    0.0000000000E+00,    3.0713407918E+02,    3.0713407918E+02,    0.0000000000E+00,    0.0000000000E+00,    0.0000000000E+00,    3.0713407918E+02
    188600,      0.676960,CP2_after_erosion,   1,    0.0000000000E+00,    3.0713407918E+02,    3.0713407918E+02,    0.0000000000E+00,    0.0000000000E+00,    0.0000000000E+00,    3.0713407918E+02
    188600,      0.676960,CP3_after_update_bottom,   1,    0.0000000000E+00,    3.0713407918E+02,    3.0713407918E+02,    0.0000000000E+00,    0.0000000000E+00,    0.0000000000E+00,    3.0713407918E+02
    188600,      0.676960,CP4_after_advection,   1,    0.0000000000E+00,    3.0714634974E+02,    3.0714634974E+02,    0.0000000000E+00,    0.0000000000E+00,    0.0000000000E+00,    3.0714634974E+02
    188600,      0.676960,CP5_after_vdif,   1,    0.0000000000E+00,    3.0714634974E+02,    3.0714634974E+02,    0.0000000000E+00,    0.0000000000E+00,    0.0000000000E+00,    3.0714634974E+02
    188600,      0.676960,CP6_after_kinetics,   1,    0.0000000000E+00,    3.0714634974E+02,    3.0714634974E+02,    0.0000000000E+00,    0.0000000000E+00,    0.0000000000E+00,    3.0714634974E+02
    188600,      0.676960,CP7_after_upper_clamp,   1,    0.0000000000E+00,    3.0714634974E+02,    3.0714634974E+02,    0.0000000000E+00,    0.0000000000E+00,    0.0000000000E+00,    3.0714634974E+02
    188600,      0.676960,CP8_after_OBC,   1,    0.0000000000E+00,    3.0714634974E+02,    3.0714634974E+02,    0.0000000000E+00,    0.0000000000E+00,    0.0000000000E+00,    3.0714634974E+02
    188600,      0.676960,CP9_after_PTsource,   1,    0.0000000000E+00,    3.0714634974E+02,    3.0714634974E+02,    0.0000000000E+00,    0.0000000000E+00,    0.0000000000E+00,    3.0714634974E+02
    188600,      0.676960,CP10_after_neg_clamp,   1,    0.0000000000E+00,    3.0714634974E+02,    3.0714634974E+02,    0.0000000000E+00,    0.0000000000E+00,    0.0000000000E+00,    3.0714634974E+02
    188600,      0.676960,CP11_after_MPI,   1,    0.0000000000E+00,    3.0714634974E+02,    3.0714634974E+02,    0.0000000000E+00,    0.0000000000E+00,    0.0000000000E+00,    3.0714634974E+02
    188600,      0.676960,CP12_end,   1,    0.0000000000E+00,    3.0714634974E+02,    3.0714634974E+02,    0.0000000000E+00,    0.0000000000E+00,    0.0000000000E+00,    3.0714634974E+02
    188650,      0.676960,CP0_start,   1,    0.0000000000E+00,    3.0732070487E+02,    3.0732070487E+02,    0.0000000000E+00,    0.0000000000E+00,    0.0000000000E+00,    3.0732070487E+02
    188650,      0.676960,CP1_after_deposition,   1,    0.0000000000E+00,    3.0732070487E+02,    3.0732070487E+02,    0.0000000000E+00,    0.0000000000E+00,    0.0000000000E+00,    3.0732070487E+02
    188650,      0.676960,CP2_after_erosion,   1,    0.0000000000E+00,    3.0732070487E+02,    3.0732070487E+02,    0.0000000000E+00,    0.0000000000E+00,    0.0000000000E+00,    3.0732070487E+02
    188650,      0.676960,CP3_after_update_bottom,   1,    0.0000000000E+00,    3.0732070487E+02,    3.0732070487E+02,    0.0000000000E+00,    0.0000000000E+00,    0.0000000000E+00,    3.0732070487E+02
    188650,      0.676960,CP4_after_advection,   1,    0.0000000000E+00,    3.0733308780E+02,    3.0733308780E+02,    0.0000000000E+00,    0.0000000000E+00,    0.0000000000E+00,    3.0733308780E+02
    188650,      0.676960,CP5_after_vdif,   1,    0.0000000000E+00,    3.0733308780E+02,    3.0733308780E+02,    0.0000000000E+00,    0.0000000000E+00,    0.0000000000E+00,    3.0733308780E+02
    188650,      0.676960,CP6_after_kinetics,   1,    0.0000000000E+00,    3.0733308780E+02,    3.0733308780E+02,    0.0000000000E+00,    0.0000000000E+00,    0.0000000000E+00,    3.0733308780E+02
    188650,      0.676960,CP7_after_upper_clamp,   1,    0.0000000000E+00,    3.0733308780E+02,    3.0733308780E+02,    0.0000000000E+00,    0.0000000000E+00,    0.0000000000E+00,    3.0733308780E+02
    188650,      0.676960,CP8_after_OBC,   1,    0.0000000000E+00,    3.0733308780E+02,    3.0733308780E+02,    0.0000000000E+00,    0.0000000000E+00,    0.0000000000E+00,    3.0733308780E+02
    188650,      0.676960,CP9_after_PTsource,   1,    0.0000000000E+00,    3.0733308780E+02,    3.0733308780E+02,    0.0000000000E+00,    0.0000000000E+00,    0.0000000000E+00,    3.0733308780E+02
    188650,      0.676960,CP10_after_neg_clamp,   1,    0.0000000000E+00,    3.0733308780E+02,    3.0733308780E+02,    0.0000000000E+00,    0.0000000000E+00,    0.0000000000E+00,    3.0733308780E+02
    188650,      0.676960,CP11_after_MPI,   1,    0.0000000000E+00,    3.0733308780E+02,    3.0733308780E+02,    0.0000000000E+00,    0.0000000000E+00,    0.0000000000E+00,    3.0733308780E+02
    188650,      0.676960,CP12_end,   1,    0.0000000000E+00,    3.0733308780E+02,    3.0733308780E+02,    0.0000000000E+00,    0.0000000000E+00,    0.0000000000E+00,    3.0733308780E+02
    188700,      0.676960,CP0_start,   1,    0.0000000000E+00,    3.0750647479E+02,    3.0750647479E+02,    0.0000000000E+00,    0.0000000000E+00,    0.0000000000E+00,    3.0750647479E+02
    188700,      0.676960,CP1_after_deposition,   1,    0.0000000000E+00,    3.0750647479E+02,    3.0750647479E+02,    0.0000000000E+00,    0.0000000000E+00,    0.0000000000E+00,    3.0750647479E+02
    188700,      0.676960,CP2_after_erosion,   1,    0.0000000000E+00,    3.0750647479E+02,    3.0750647479E+02,    0.0000000000E+00,    0.0000000000E+00,    0.0000000000E+00,    3.0750647479E+02
    188700,      0.676960,CP3_after_update_bottom,   1,    0.0000000000E+00,    3.0750647479E+02,    3.0750647479E+02,    0.0000000000E+00,    0.0000000000E+00,    0.0000000000E+00,    3.0750647479E+02
    188700,      0.676960,CP4_after_advection,   1,    0.0000000000E+00,    3.0751896329E+02,    3.0751896329E+02,    0.0000000000E+00,    0.0000000000E+00,    0.0000000000E+00,    3.0751896329E+02
    188700,      0.676960,CP5_after_vdif,   1,    0.0000000000E+00,    3.0751896329E+02,    3.0751896329E+02,    0.0000000000E+00,    0.0000000000E+00,    0.0000000000E+00,    3.0751896329E+02
    188700,      0.676960,CP6_after_kinetics,   1,    0.0000000000E+00,    3.0751896329E+02,    3.0751896329E+02,    0.0000000000E+00,    0.0000000000E+00,    0.0000000000E+00,    3.0751896329E+02
    188700,      0.676960,CP7_after_upper_clamp,   1,    0.0000000000E+00,    3.0751896329E+02,    3.0751896329E+02,    0.0000000000E+00,    0.0000000000E+00,    0.0000000000E+00,    3.0751896329E+02
    188700,      0.676960,CP8_after_OBC,   1,    0.0000000000E+00,    3.0751896329E+02,    3.0751896329E+02,    0.0000000000E+00,    0.0000000000E+00,    0.0000000000E+00,    3.0751896329E+02
    188700,      0.676960,CP9_after_PTsource,   1,    0.0000000000E+00,    3.0751896329E+02,    3.0751896329E+02,    0.0000000000E+00,    0.0000000000E+00,    0.0000000000E+00,    3.0751896329E+02
    188700,      0.676960,CP10_after_neg_clamp,   1,    0.0000000000E+00,    3.0751896329E+02,    3.0751896329E+02,    0.0000000000E+00,    0.0000000000E+00,    0.0000000000E+00,    3.0751896329E+02
    188700,      0.676960,CP11_after_MPI,   1,    0.0000000000E+00,    3.0751896329E+02,    3.0751896329E+02,    0.0000000000E+00,    0.0000000000E+00,    0.0000000000E+00,    3.0751896329E+02
    188700,      0.676960,CP12_end,   1,    0.0000000000E+00,    3.0751896329E+02,    3.0751896329E+02,    0.0000000000E+00,    0.0000000000E+00,    0.0000000000E+00,    3.0751896329E+02
    188750,      0.676960,CP0_start,   1,    0.0000000000E+00,    3.0769139596E+02,    3.0769139596E+02,    0.0000000000E+00,    0.0000000000E+00,    0.0000000000E+00,    3.0769139596E+02
    188750,      0.676960,CP1_after_deposition,   1,    0.0000000000E+00,    3.0769139596E+02,    3.0769139596E+02,    0.0000000000E+00,    0.0000000000E+00,    0.0000000000E+00,    3.0769139596E+02
    188750,      0.676960,CP2_after_erosion,   1,    0.0000000000E+00,    3.0769139596E+02,    3.0769139596E+02,    0.0000000000E+00,    0.0000000000E+00,    0.0000000000E+00,    3.0769139596E+02
    188750,      0.676960,CP3_after_update_bottom,   1,    0.0000000000E+00,    3.0769139596E+02,    3.0769139596E+02,    0.0000000000E+00,    0.0000000000E+00,    0.0000000000E+00,    3.0769139596E+02
    188750,      0.676960,CP4_after_advection,   1,    0.0000000000E+00,    3.0770399054E+02,    3.0770399054E+02,    0.0000000000E+00,    0.0000000000E+00,    0.0000000000E+00,    3.0770399054E+02
    188750,      0.676960,CP5_after_vdif,   1,    0.0000000000E+00,    3.0770399054E+02,    3.0770399054E+02,    0.0000000000E+00,    0.0000000000E+00,    0.0000000000E+00,    3.0770399054E+02
    188750,      0.676960,CP6_after_kinetics,   1,    0.0000000000E+00,    3.0770399054E+02,    3.0770399054E+02,    0.0000000000E+00,    0.0000000000E+00,    0.0000000000E+00,    3.0770399054E+02
    188750,      0.676960,CP7_after_upper_clamp,   1,    0.0000000000E+00,    3.0770399054E+02,    3.0770399054E+02,    0.0000000000E+00,    0.0000000000E+00,    0.0000000000E+00,    3.0770399054E+02
    188750,      0.676960,CP8_after_OBC,   1,    0.0000000000E+00,    3.0770399054E+02,    3.0770399054E+02,    0.0000000000E+00,    0.0000000000E+00,    0.0000000000E+00,    3.0770399054E+02
    188750,      0.676960,CP9_after_PTsource,   1,    0.0000000000E+00,    3.0770399054E+02,    3.0770399054E+02,    0.0000000000E+00,    0.0000000000E+00,    0.0000000000E+00,    3.0770399054E+02
    188750,      0.676960,CP10_after_neg_clamp,   1,    0.0000000000E+00,    3.0770399054E+02,    3.0770399054E+02,    0.0000000000E+00,    0.0000000000E+00,    0.0000000000E+00,    3.0770399054E+02
    188750,      0.676960,CP11_after_MPI,   1,    0.0000000000E+00,    3.0770399054E+02,    3.0770399054E+02,    0.0000000000E+00,    0.0000000000E+00,    0.0000000000E+00,    3.0770399054E+02
    188750,      0.676960,CP12_end,   1,    0.0000000000E+00,    3.0770399054E+02,    3.0770399054E+02,    0.0000000000E+00,    0.0000000000E+00,    0.0000000000E+00,    3.0770399054E+02
    188800,      0.676960,CP0_start,   1,    0.0000000000E+00,    3.0787583756E+02,    3.0787583756E+02,    0.0000000000E+00,    0.0000000000E+00,    0.0000000000E+00,    3.0787583756E+02
    188800,      0.676960,CP1_after_deposition,   1,    0.0000000000E+00,    3.0787583756E+02,    3.0787583756E+02,    0.0000000000E+00,    0.0000000000E+00,    0.0000000000E+00,    3.0787583756E+02
    188800,      0.676960,CP2_after_erosion,   1,    0.0000000000E+00,    3.0787583756E+02,    3.0787583756E+02,    0.0000000000E+00,    0.0000000000E+00,    0.0000000000E+00,    3.0787583756E+02
    188800,      0.676960,CP3_after_update_bottom,   1,    0.0000000000E+00,    3.0787583756E+02,    3.0787583756E+02,    0.0000000000E+00,    0.0000000000E+00,    0.0000000000E+00,    3.0787583756E+02
    188800,      0.676960,CP4_after_advection,   1,    0.0000000000E+00,    3.0788853788E+02,    3.0788853788E+02,    0.0000000000E+00,    0.0000000000E+00,    0.0000000000E+00,    3.0788853788E+02
    188800,      0.676960,CP5_after_vdif,   1,    0.0000000000E+00,    3.0788853788E+02,    3.0788853788E+02,    0.0000000000E+00,    0.0000000000E+00,    0.0000000000E+00,    3.0788853788E+02
    188800,      0.676960,CP6_after_kinetics,   1,    0.0000000000E+00,    3.0788853788E+02,    3.0788853788E+02,    0.0000000000E+00,    0.0000000000E+00,    0.0000000000E+00,    3.0788853788E+02
    188800,      0.676960,CP7_after_upper_clamp,   1,    0.0000000000E+00,    3.0788853788E+02,    3.0788853788E+02,    0.0000000000E+00,    0.0000000000E+00,    0.0000000000E+00,    3.0788853788E+02
    188800,      0.676960,CP8_after_OBC,   1,    0.0000000000E+00,    3.0788853788E+02,    3.0788853788E+02,    0.0000000000E+00,    0.0000000000E+00,    0.0000000000E+00,    3.0788853788E+02
    188800,      0.676960,CP9_after_PTsource,   1,    0.0000000000E+00,    3.0788853788E+02,    3.0788853788E+02,    0.0000000000E+00,    0.0000000000E+00,    0.0000000000E+00,    3.0788853788E+02
    188800,      0.676960,CP10_after_neg_clamp,   1,    0.0000000000E+00,    3.0788853788E+02,    3.0788853788E+02,    0.0000000000E+00,    0.0000000000E+00,    0.0000000000E+00,    3.0788853788E+02
    188800,      0.676960,CP11_after_MPI,   1,    0.0000000000E+00,    3.0788853788E+02,    3.0788853788E+02,    0.0000000000E+00,    0.0000000000E+00,    0.0000000000E+00,    3.0788853788E+02
    188800,      0.676960,CP12_end,   1,    0.0000000000E+00,    3.0788853788E+02,    3.0788853788E+02,    0.0000000000E+00,    0.0000000000E+00,    0.0000000000E+00,    3.0788853788E+02
    188850,      0.676960,CP0_start,   1,    0.0000000000E+00,    3.0806057721E+02,    3.0806057721E+02,    0.0000000000E+00,    0.0000000000E+00,    0.0000000000E+00,    3.0806057721E+02
    188850,      0.676960,CP1_after_deposition,   1,    0.0000000000E+00,    3.0806057721E+02,    3.0806057721E+02,    0.0000000000E+00,    0.0000000000E+00,    0.0000000000E+00,    3.0806057721E+02
    188850,      0.676960,CP2_after_erosion,   1,    0.0000000000E+00,    3.0806057721E+02,    3.0806057721E+02,    0.0000000000E+00,    0.0000000000E+00,    0.0000000000E+00,    3.0806057721E+02
    188850,      0.676960,CP3_after_update_bottom,   1,    0.0000000000E+00,    3.0806057721E+02,    3.0806057721E+02,    0.0000000000E+00,    0.0000000000E+00,    0.0000000000E+00,    3.0806057721E+02
    188850,      0.676960,CP4_after_advection,   1,    0.0000000000E+00,    3.0807339867E+02,    3.0807339867E+02,    0.0000000000E+00,    0.0000000000E+00,    0.0000000000E+00,    3.0807339867E+02
    188850,      0.676960,CP5_after_vdif,   1,    0.0000000000E+00,    3.0807339867E+02,    3.0807339867E+02,    0.0000000000E+00,    0.0000000000E+00,    0.0000000000E+00,    3.0807339867E+02
    188850,      0.676960,CP6_after_kinetics,   1,    0.0000000000E+00,    3.0807339867E+02,    3.0807339867E+02,    0.0000000000E+00,    0.0000000000E+00,    0.0000000000E+00,    3.0807339867E+02
    188850,      0.676960,CP7_after_upper_clamp,   1,    0.0000000000E+00,    3.0807339867E+02,    3.0807339867E+02,    0.0000000000E+00,    0.0000000000E+00,    0.0000000000E+00,    3.0807339867E+02
    188850,      0.676960,CP8_after_OBC,   1,    0.0000000000E+00,    3.0807339867E+02,    3.0807339867E+02,    0.0000000000E+00,    0.0000000000E+00,    0.0000000000E+00,    3.0807339867E+02
    188850,      0.676960,CP9_after_PTsource,   1,    0.0000000000E+00,    3.0807339867E+02,    3.0807339867E+02,    0.0000000000E+00,    0.0000000000E+00,    0.0000000000E+00,    3.0807339867E+02
    188850,      0.676960,CP10_after_neg_clamp,   1,    0.0000000000E+00,    3.0807339867E+02,    3.0807339867E+02,    0.0000000000E+00,    0.0000000000E+00,    0.0000000000E+00,    3.0807339867E+02
    188850,      0.676960,CP11_after_MPI,   1,    0.0000000000E+00,    3.0807339867E+02,    3.0807339867E+02,    0.0000000000E+00,    0.0000000000E+00,    0.0000000000E+00,    3.0807339867E+02
    188850,      0.676960,CP12_end,   1,    0.0000000000E+00,    3.0807339867E+02,    3.0807339867E+02,    0.0000000000E+00,    0.0000000000E+00,    0.0000000000E+00,    3.0807339867E+02
    188900,      0.676960,CP0_start,   1,    0.0000000000E+00,    3.0824601203E+02,    3.0824601203E+02,    0.0000000000E+00,    0.0000000000E+00,    0.0000000000E+00,    3.0824601203E+02
    188900,      0.676960,CP1_after_deposition,   1,    0.0000000000E+00,    3.0824601203E+02,    3.0824601203E+02,    0.0000000000E+00,    0.0000000000E+00,    0.0000000000E+00,    3.0824601203E+02
    188900,      0.676960,CP2_after_erosion,   1,    0.0000000000E+00,    3.0824601203E+02,    3.0824601203E+02,    0.0000000000E+00,    0.0000000000E+00,    0.0000000000E+00,    3.0824601203E+02
    188900,      0.676960,CP3_after_update_bottom,   1,    0.0000000000E+00,    3.0824601203E+02,    3.0824601203E+02,    0.0000000000E+00,    0.0000000000E+00,    0.0000000000E+00,    3.0824601203E+02
    188900,      0.676960,CP4_after_advection,   1,    0.0000000000E+00,    3.0825895048E+02,    3.0825895048E+02,    0.0000000000E+00,    0.0000000000E+00,    0.0000000000E+00,    3.0825895048E+02
    188900,      0.676960,CP5_after_vdif,   1,    0.0000000000E+00,    3.0825895048E+02,    3.0825895048E+02,    0.0000000000E+00,    0.0000000000E+00,    0.0000000000E+00,    3.0825895048E+02
    188900,      0.676960,CP6_after_kinetics,   1,    0.0000000000E+00,    3.0825895048E+02,    3.0825895048E+02,    0.0000000000E+00,    0.0000000000E+00,    0.0000000000E+00,    3.0825895048E+02
    188900,      0.676960,CP7_after_upper_clamp,   1,    0.0000000000E+00,    3.0825895048E+02,    3.0825895048E+02,    0.0000000000E+00,    0.0000000000E+00,    0.0000000000E+00,    3.0825895048E+02
    188900,      0.676960,CP8_after_OBC,   1,    0.0000000000E+00,    3.0825895048E+02,    3.0825895048E+02,    0.0000000000E+00,    0.0000000000E+00,    0.0000000000E+00,    3.0825895048E+02
    188900,      0.676960,CP9_after_PTsource,   1,    0.0000000000E+00,    3.0825895048E+02,    3.0825895048E+02,    0.0000000000E+00,    0.0000000000E+00,    0.0000000000E+00,    3.0825895048E+02
    188900,      0.676960,CP10_after_neg_clamp,   1,    0.0000000000E+00,    3.0825895048E+02,    3.0825895048E+02,    0.0000000000E+00,    0.0000000000E+00,    0.0000000000E+00,    3.0825895048E+02
    188900,      0.676960,CP11_after_MPI,   1,    0.0000000000E+00,    3.0825895048E+02,    3.0825895048E+02,    0.0000000000E+00,    0.0000000000E+00,    0.0000000000E+00,    3.0825895048E+02
    188900,      0.676960,CP12_end,   1,    0.0000000000E+00,    3.0825895048E+02,    3.0825895048E+02,    0.0000000000E+00,    0.0000000000E+00,    0.0000000000E+00,    3.0825895048E+02
    188950,      0.676960,CP0_start,   1,    0.0000000000E+00,    3.0843229248E+02,    3.0843229248E+02,    0.0000000000E+00,    0.0000000000E+00,    0.0000000000E+00,    3.0843229248E+02
    188950,      0.676960,CP1_after_deposition,   1,    0.0000000000E+00,    3.0843229248E+02,    3.0843229248E+02,    0.0000000000E+00,    0.0000000000E+00,    0.0000000000E+00,    3.0843229248E+02
    188950,      0.676960,CP2_after_erosion,   1,    0.0000000000E+00,    3.0843229248E+02,    3.0843229248E+02,    0.0000000000E+00,    0.0000000000E+00,    0.0000000000E+00,    3.0843229248E+02
    188950,      0.676960,CP3_after_update_bottom,   1,    0.0000000000E+00,    3.0843229248E+02,    3.0843229248E+02,    0.0000000000E+00,    0.0000000000E+00,    0.0000000000E+00,    3.0843229248E+02
    188950,      0.676960,CP4_after_advection,   1,    0.0000000000E+00,    3.0844534343E+02,    3.0844534343E+02,    0.0000000000E+00,    0.0000000000E+00,    0.0000000000E+00,    3.0844534343E+02
    188950,      0.676960,CP5_after_vdif,   1,    0.0000000000E+00,    3.0844534343E+02,    3.0844534343E+02,    0.0000000000E+00,    0.0000000000E+00,    0.0000000000E+00,    3.0844534343E+02
    188950,      0.676960,CP6_after_kinetics,   1,    0.0000000000E+00,    3.0844534343E+02,    3.0844534343E+02,    0.0000000000E+00,    0.0000000000E+00,    0.0000000000E+00,    3.0844534343E+02
    188950,      0.676960,CP7_after_upper_clamp,   1,    0.0000000000E+00,    3.0844534343E+02,    3.0844534343E+02,    0.0000000000E+00,    0.0000000000E+00,    0.0000000000E+00,    3.0844534343E+02
    188950,      0.676960,CP8_after_OBC,   1,    0.0000000000E+00,    3.0844534343E+02,    3.0844534343E+02,    0.0000000000E+00,    0.0000000000E+00,    0.0000000000E+00,    3.0844534343E+02
    188950,      0.676960,CP9_after_PTsource,   1,    0.0000000000E+00,    3.0844534343E+02,    3.0844534343E+02,    0.0000000000E+00,    0.0000000000E+00,    0.0000000000E+00,    3.0844534343E+02
    188950,      0.676960,CP10_after_neg_clamp,   1,    0.0000000000E+00,    3.0844534343E+02,    3.0844534343E+02,    0.0000000000E+00,    0.0000000000E+00,    0.0000000000E+00,    3.0844534343E+02
    188950,      0.676960,CP11_after_MPI,   1,    0.0000000000E+00,    3.0844534343E+02,    3.0844534343E+02,    0.0000000000E+00,    0.0000000000E+00,    0.0000000000E+00,    3.0844534343E+02
    188950,      0.676960,CP12_end,   1,    0.0000000000E+00,    3.0844534343E+02,    3.0844534343E+02,    0.0000000000E+00,    0.0000000000E+00,    0.0000000000E+00,    3.0844534343E+02
    189000,      0.676960,CP0_start,   1,    0.0000000000E+00,    3.0861886332E+02,    3.0861886332E+02,    0.0000000000E+00,    0.0000000000E+00,    0.0000000000E+00,    3.0861886332E+02
    189000,      0.676960,CP1_after_deposition,   1,    0.0000000000E+00,    3.0861886332E+02,    3.0861886332E+02,    0.0000000000E+00,    0.0000000000E+00,    0.0000000000E+00,    3.0861886332E+02
    189000,      0.676960,CP2_after_erosion,   1,    0.0000000000E+00,    3.0861886332E+02,    3.0861886332E+02,    0.0000000000E+00,    0.0000000000E+00,    0.0000000000E+00,    3.0861886332E+02
    189000,      0.676960,CP3_after_update_bottom,   1,    0.0000000000E+00,    3.0861886332E+02,    3.0861886332E+02,    0.0000000000E+00,    0.0000000000E+00,    0.0000000000E+00,    3.0861886332E+02
    189000,      0.676960,CP4_after_advection,   1,    0.0000000000E+00,    3.0863200445E+02,    3.0863200445E+02,    0.0000000000E+00,    0.0000000000E+00,    0.0000000000E+00,    3.0863200445E+02
    189000,      0.676960,CP5_after_vdif,   1,    0.0000000000E+00,    3.0863200445E+02,    3.0863200445E+02,    0.0000000000E+00,    0.0000000000E+00,    0.0000000000E+00,    3.0863200445E+02
    189000,      0.676960,CP6_after_kinetics,   1,    0.0000000000E+00,    3.0863200445E+02,    3.0863200445E+02,    0.0000000000E+00,    0.0000000000E+00,    0.0000000000E+00,    3.0863200445E+02
    189000,      0.676960,CP7_after_upper_clamp,   1,    0.0000000000E+00,    3.0863200445E+02,    3.0863200445E+02,    0.0000000000E+00,    0.0000000000E+00,    0.0000000000E+00,    3.0863200445E+02
    189000,      0.676960,CP8_after_OBC,   1,    0.0000000000E+00,    3.0863200445E+02,    3.0863200445E+02,    0.0000000000E+00,    0.0000000000E+00,    0.0000000000E+00,    3.0863200445E+02
    189000,      0.676960,CP9_after_PTsource,   1,    0.0000000000E+00,    3.0863200445E+02,    3.0863200445E+02,    0.0000000000E+00,    0.0000000000E+00,    0.0000000000E+00,    3.0863200445E+02
    189000,      0.676960,CP10_after_neg_clamp,   1,    0.0000000000E+00,    3.0863200445E+02,    3.0863200445E+02,    0.0000000000E+00,    0.0000000000E+00,    0.0000000000E+00,    3.0863200445E+02
    189000,      0.676960,CP11_after_MPI,   1,    0.0000000000E+00,    3.0863200445E+02,    3.0863200445E+02,    0.0000000000E+00,    0.0000000000E+00,    0.0000000000E+00,    3.0863200445E+02
    189000,      0.676960,CP12_end,   1,    0.0000000000E+00,    3.0863200445E+02,    3.0863200445E+02,    0.0000000000E+00,    0.0000000000E+00,    0.0000000000E+00,    3.0863200445E+02
    189050,      0.676960,CP0_start,   1,    0.0000000000E+00,    3.0880502087E+02,    3.0880502087E+02,    0.0000000000E+00,    0.0000000000E+00,    0.0000000000E+00,    3.0880502087E+02
    189050,      0.676960,CP1_after_deposition,   1,    0.0000000000E+00,    3.0880502087E+02,    3.0880502087E+02,    0.0000000000E+00,    0.0000000000E+00,    0.0000000000E+00,    3.0880502087E+02
    189050,      0.676960,CP2_after_erosion,   1,    0.0000000000E+00,    3.0880502087E+02,    3.0880502087E+02,    0.0000000000E+00,    0.0000000000E+00,    0.0000000000E+00,    3.0880502087E+02
    189050,      0.676960,CP3_after_update_bottom,   1,    0.0000000000E+00,    3.0880502087E+02,    3.0880502087E+02,    0.0000000000E+00,    0.0000000000E+00,    0.0000000000E+00,    3.0880502087E+02
    189050,      0.676960,CP4_after_advection,   1,    0.0000000000E+00,    3.0881823673E+02,    3.0881823673E+02,    0.0000000000E+00,    0.0000000000E+00,    0.0000000000E+00,    3.0881823673E+02
    189050,      0.676960,CP5_after_vdif,   1,    0.0000000000E+00,    3.0881823673E+02,    3.0881823673E+02,    0.0000000000E+00,    0.0000000000E+00,    0.0000000000E+00,    3.0881823673E+02
    189050,      0.676960,CP6_after_kinetics,   1,    0.0000000000E+00,    3.0881823673E+02,    3.0881823673E+02,    0.0000000000E+00,    0.0000000000E+00,    0.0000000000E+00,    3.0881823673E+02
    189050,      0.676960,CP7_after_upper_clamp,   1,    0.0000000000E+00,    3.0881823673E+02,    3.0881823673E+02,    0.0000000000E+00,    0.0000000000E+00,    0.0000000000E+00,    3.0881823673E+02
    189050,      0.676960,CP8_after_OBC,   1,    0.0000000000E+00,    3.0881823673E+02,    3.0881823673E+02,    0.0000000000E+00,    0.0000000000E+00,    0.0000000000E+00,    3.0881823673E+02
    189050,      0.676960,CP9_after_PTsource,   1,    0.0000000000E+00,    3.0881823673E+02,    3.0881823673E+02,    0.0000000000E+00,    0.0000000000E+00,    0.0000000000E+00,    3.0881823673E+02
    189050,      0.676960,CP10_after_neg_clamp,   1,    0.0000000000E+00,    3.0881823673E+02,    3.0881823673E+02,    0.0000000000E+00,    0.0000000000E+00,    0.0000000000E+00,    3.0881823673E+02
    189050,      0.676960,CP11_after_MPI,   1,    0.0000000000E+00,    3.0881823673E+02,    3.0881823673E+02,    0.0000000000E+00,    0.0000000000E+00,    0.0000000000E+00,    3.0881823673E+02
    189050,      0.676960,CP12_end,   1,    0.0000000000E+00,    3.0881823673E+02,    3.0881823673E+02,    0.0000000000E+00,    0.0000000000E+00,    0.0000000000E+00,    3.0881823673E+02
    189100,      0.676960,CP0_start,   1,    0.0000000000E+00,    3.0899032699E+02,    3.0899032699E+02,    0.0000000000E+00,    0.0000000000E+00,    0.0000000000E+00,    3.0899032699E+02
    189100,      0.676960,CP1_after_deposition,   1,    0.0000000000E+00,    3.0899032699E+02,    3.0899032699E+02,    0.0000000000E+00,    0.0000000000E+00,    0.0000000000E+00,    3.0899032699E+02
    189100,      0.676960,CP2_after_erosion,   1,    0.0000000000E+00,    3.0899032699E+02,    3.0899032699E+02,    0.0000000000E+00,    0.0000000000E+00,    0.0000000000E+00,    3.0899032699E+02
    189100,      0.676960,CP3_after_update_bottom,   1,    0.0000000000E+00,    3.0899032699E+02,    3.0899032699E+02,    0.0000000000E+00,    0.0000000000E+00,    0.0000000000E+00,    3.0899032699E+02
    189100,      0.676960,CP4_after_advection,   1,    0.0000000000E+00,    3.0900361708E+02,    3.0900361708E+02,    0.0000000000E+00,    0.0000000000E+00,    0.0000000000E+00,    3.0900361708E+02
    189100,      0.676960,CP5_after_vdif,   1,    0.0000000000E+00,    3.0900361708E+02,    3.0900361708E+02,    0.0000000000E+00,    0.0000000000E+00,    0.0000000000E+00,    3.0900361708E+02
    189100,      0.676960,CP6_after_kinetics,   1,    0.0000000000E+00,    3.0900361708E+02,    3.0900361708E+02,    0.0000000000E+00,    0.0000000000E+00,    0.0000000000E+00,    3.0900361708E+02
    189100,      0.676960,CP7_after_upper_clamp,   1,    0.0000000000E+00,    3.0900361708E+02,    3.0900361708E+02,    0.0000000000E+00,    0.0000000000E+00,    0.0000000000E+00,    3.0900361708E+02
    189100,      0.676960,CP8_after_OBC,   1,    0.0000000000E+00,    3.0900361708E+02,    3.0900361708E+02,    0.0000000000E+00,    0.0000000000E+00,    0.0000000000E+00,    3.0900361708E+02
    189100,      0.676960,CP9_after_PTsource,   1,    0.0000000000E+00,    3.0900361708E+02,    3.0900361708E+02,    0.0000000000E+00,    0.0000000000E+00,    0.0000000000E+00,    3.0900361708E+02
    189100,      0.676960,CP10_after_neg_clamp,   1,    0.0000000000E+00,    3.0900361708E+02,    3.0900361708E+02,    0.0000000000E+00,    0.0000000000E+00,    0.0000000000E+00,    3.0900361708E+02
    189100,      0.676960,CP11_after_MPI,   1,    0.0000000000E+00,    3.0900361708E+02,    3.0900361708E+02,    0.0000000000E+00,    0.0000000000E+00,    0.0000000000E+00,    3.0900361708E+02
    189100,      0.676960,CP12_end,   1,    0.0000000000E+00,    3.0900361708E+02,    3.0900361708E+02,    0.0000000000E+00,    0.0000000000E+00,    0.0000000000E+00,    3.0900361708E+02
    189150,      0.676960,CP0_start,   1,    0.0000000000E+00,    3.0917508000E+02,    3.0917508000E+02,    0.0000000000E+00,    0.0000000000E+00,    0.0000000000E+00,    3.0917508000E+02
    189150,      0.676960,CP1_after_deposition,   1,    0.0000000000E+00,    3.0917508000E+02,    3.0917508000E+02,    0.0000000000E+00,    0.0000000000E+00,    0.0000000000E+00,    3.0917508000E+02
    189150,      0.676960,CP2_after_erosion,   1,    0.0000000000E+00,    3.0917508000E+02,    3.0917508000E+02,    0.0000000000E+00,    0.0000000000E+00,    0.0000000000E+00,    3.0917508000E+02
    189150,      0.676960,CP3_after_update_bottom,   1,    0.0000000000E+00,    3.0917508000E+02,    3.0917508000E+02,    0.0000000000E+00,    0.0000000000E+00,    0.0000000000E+00,    3.0917508000E+02
    189150,      0.676960,CP4_after_advection,   1,    0.0000000000E+00,    3.0918844774E+02,    3.0918844774E+02,    0.0000000000E+00,    0.0000000000E+00,    0.0000000000E+00,    3.0918844774E+02
    189150,      0.676960,CP5_after_vdif,   1,    0.0000000000E+00,    3.0918844774E+02,    3.0918844774E+02,    0.0000000000E+00,    0.0000000000E+00,    0.0000000000E+00,    3.0918844774E+02
    189150,      0.676960,CP6_after_kinetics,   1,    0.0000000000E+00,    3.0918844774E+02,    3.0918844774E+02,    0.0000000000E+00,    0.0000000000E+00,    0.0000000000E+00,    3.0918844774E+02
    189150,      0.676960,CP7_after_upper_clamp,   1,    0.0000000000E+00,    3.0918844774E+02,    3.0918844774E+02,    0.0000000000E+00,    0.0000000000E+00,    0.0000000000E+00,    3.0918844774E+02
    189150,      0.676960,CP8_after_OBC,   1,    0.0000000000E+00,    3.0918844774E+02,    3.0918844774E+02,    0.0000000000E+00,    0.0000000000E+00,    0.0000000000E+00,    3.0918844774E+02
    189150,      0.676960,CP9_after_PTsource,   1,    0.0000000000E+00,    3.0918844774E+02,    3.0918844774E+02,    0.0000000000E+00,    0.0000000000E+00,    0.0000000000E+00,    3.0918844774E+02
    189150,      0.676960,CP10_after_neg_clamp,   1,    0.0000000000E+00,    3.0918844774E+02,    3.0918844774E+02,    0.0000000000E+00,    0.0000000000E+00,    0.0000000000E+00,    3.0918844774E+02
    189150,      0.676960,CP11_after_MPI,   1,    0.0000000000E+00,    3.0918844774E+02,    3.0918844774E+02,    0.0000000000E+00,    0.0000000000E+00,    0.0000000000E+00,    3.0918844774E+02
    189150,      0.676960,CP12_end,   1,    0.0000000000E+00,    3.0918844774E+02,    3.0918844774E+02,    0.0000000000E+00,    0.0000000000E+00,    0.0000000000E+00,    3.0918844774E+02
    189200,      0.676960,CP0_start,   1,    0.0000000000E+00,    3.0936022364E+02,    3.0936022364E+02,    0.0000000000E+00,    0.0000000000E+00,    0.0000000000E+00,    3.0936022364E+02
    189200,      0.676960,CP1_after_deposition,   1,    0.0000000000E+00,    3.0936022364E+02,    3.0936022364E+02,    0.0000000000E+00,    0.0000000000E+00,    0.0000000000E+00,    3.0936022364E+02
    189200,      0.676960,CP2_after_erosion,   1,    0.0000000000E+00,    3.0936022364E+02,    3.0936022364E+02,    0.0000000000E+00,    0.0000000000E+00,    0.0000000000E+00,    3.0936022364E+02
    189200,      0.676960,CP3_after_update_bottom,   1,    0.0000000000E+00,    3.0936022364E+02,    3.0936022364E+02,    0.0000000000E+00,    0.0000000000E+00,    0.0000000000E+00,    3.0936022364E+02
    189200,      0.676960,CP4_after_advection,   1,    0.0000000000E+00,    3.0937368818E+02,    3.0937368818E+02,    0.0000000000E+00,    0.0000000000E+00,    0.0000000000E+00,    3.0937368818E+02
    189200,      0.676960,CP5_after_vdif,   1,    0.0000000000E+00,    3.0937368818E+02,    3.0937368818E+02,    0.0000000000E+00,    0.0000000000E+00,    0.0000000000E+00,    3.0937368818E+02
    189200,      0.676960,CP6_after_kinetics,   1,    0.0000000000E+00,    3.0937368818E+02,    3.0937368818E+02,    0.0000000000E+00,    0.0000000000E+00,    0.0000000000E+00,    3.0937368818E+02
    189200,      0.676960,CP7_after_upper_clamp,   1,    0.0000000000E+00,    3.0937368818E+02,    3.0937368818E+02,    0.0000000000E+00,    0.0000000000E+00,    0.0000000000E+00,    3.0937368818E+02
    189200,      0.676960,CP8_after_OBC,   1,    0.0000000000E+00,    3.0937368818E+02,    3.0937368818E+02,    0.0000000000E+00,    0.0000000000E+00,    0.0000000000E+00,    3.0937368818E+02
    189200,      0.676960,CP9_after_PTsource,   1,    0.0000000000E+00,    3.0937368818E+02,    3.0937368818E+02,    0.0000000000E+00,    0.0000000000E+00,    0.0000000000E+00,    3.0937368818E+02
    189200,      0.676960,CP10_after_neg_clamp,   1,    0.0000000000E+00,    3.0937368818E+02,    3.0937368818E+02,    0.0000000000E+00,    0.0000000000E+00,    0.0000000000E+00,    3.0937368818E+02
    189200,      0.676960,CP11_after_MPI,   1,    0.0000000000E+00,    3.0937368818E+02,    3.0937368818E+02,    0.0000000000E+00,    0.0000000000E+00,    0.0000000000E+00,    3.0937368818E+02
    189200,      0.676960,CP12_end,   1,    0.0000000000E+00,    3.0937368818E+02,    3.0937368818E+02,    0.0000000000E+00,    0.0000000000E+00,    0.0000000000E+00,    3.0937368818E+02
    189250,      0.676960,CP0_start,   1,    0.0000000000E+00,    3.0954718353E+02,    3.0954718353E+02,    0.0000000000E+00,    0.0000000000E+00,    0.0000000000E+00,    3.0954718353E+02
    189250,      0.676960,CP1_after_deposition,   1,    0.0000000000E+00,    3.0954718353E+02,    3.0954718353E+02,    0.0000000000E+00,    0.0000000000E+00,    0.0000000000E+00,    3.0954718353E+02
    189250,      0.676960,CP2_after_erosion,   1,    0.0000000000E+00,    3.0954718353E+02,    3.0954718353E+02,    0.0000000000E+00,    0.0000000000E+00,    0.0000000000E+00,    3.0954718353E+02
    189250,      0.676960,CP3_after_update_bottom,   1,    0.0000000000E+00,    3.0954718353E+02,    3.0954718353E+02,    0.0000000000E+00,    0.0000000000E+00,    0.0000000000E+00,    3.0954718353E+02
    189250,      0.676960,CP4_after_advection,   1,    0.0000000000E+00,    3.0956077144E+02,    3.0956077144E+02,    0.0000000000E+00,    0.0000000000E+00,    0.0000000000E+00,    3.0956077144E+02
    189250,      0.676960,CP5_after_vdif,   1,    0.0000000000E+00,    3.0956077144E+02,    3.0956077144E+02,    0.0000000000E+00,    0.0000000000E+00,    0.0000000000E+00,    3.0956077144E+02
    189250,      0.676960,CP6_after_kinetics,   1,    0.0000000000E+00,    3.0956077144E+02,    3.0956077144E+02,    0.0000000000E+00,    0.0000000000E+00,    0.0000000000E+00,    3.0956077144E+02
    189250,      0.676960,CP7_after_upper_clamp,   1,    0.0000000000E+00,    3.0956077144E+02,    3.0956077144E+02,    0.0000000000E+00,    0.0000000000E+00,    0.0000000000E+00,    3.0956077144E+02
    189250,      0.676960,CP8_after_OBC,   1,    0.0000000000E+00,    3.0956077144E+02,    3.0956077144E+02,    0.0000000000E+00,    0.0000000000E+00,    0.0000000000E+00,    3.0956077144E+02
    189250,      0.676960,CP9_after_PTsource,   1,    0.0000000000E+00,    3.0956077144E+02,    3.0956077144E+02,    0.0000000000E+00,    0.0000000000E+00,    0.0000000000E+00,    3.0956077144E+02
    189250,      0.676960,CP10_after_neg_clamp,   1,    0.0000000000E+00,    3.0956077144E+02,    3.0956077144E+02,    0.0000000000E+00,    0.0000000000E+00,    0.0000000000E+00,    3.0956077144E+02
    189250,      0.676960,CP11_after_MPI,   1,    0.0000000000E+00,    3.0956077144E+02,    3.0956077144E+02,    0.0000000000E+00,    0.0000000000E+00,    0.0000000000E+00,    3.0956077144E+02
    189250,      0.676960,CP12_end,   1,    0.0000000000E+00,    3.0956077144E+02,    3.0956077144E+02,    0.0000000000E+00,    0.0000000000E+00,    0.0000000000E+00,    3.0956077144E+02
    189300,      0.676960,CP0_start,   1,    0.0000000000E+00,    3.0973725622E+02,    3.0973725622E+02,    0.0000000000E+00,    0.0000000000E+00,    0.0000000000E+00,    3.0973725622E+02
    189300,      0.676960,CP1_after_deposition,   1,    0.0000000000E+00,    3.0973725622E+02,    3.0973725622E+02,    0.0000000000E+00,    0.0000000000E+00,    0.0000000000E+00,    3.0973725622E+02
    189300,      0.676960,CP2_after_erosion,   1,    0.0000000000E+00,    3.0973725622E+02,    3.0973725622E+02,    0.0000000000E+00,    0.0000000000E+00,    0.0000000000E+00,    3.0973725622E+02
    189300,      0.676960,CP3_after_update_bottom,   1,    0.0000000000E+00,    3.0973725622E+02,    3.0973725622E+02,    0.0000000000E+00,    0.0000000000E+00,    0.0000000000E+00,    3.0973725622E+02
    189300,      0.676960,CP4_after_advection,   1,    0.0000000000E+00,    3.0975098910E+02,    3.0975098910E+02,    0.0000000000E+00,    0.0000000000E+00,    0.0000000000E+00,    3.0975098910E+02
    189300,      0.676960,CP5_after_vdif,   1,    0.0000000000E+00,    3.0975098910E+02,    3.0975098910E+02,    0.0000000000E+00,    0.0000000000E+00,    0.0000000000E+00,    3.0975098910E+02
    189300,      0.676960,CP6_after_kinetics,   1,    0.0000000000E+00,    3.0975098910E+02,    3.0975098910E+02,    0.0000000000E+00,    0.0000000000E+00,    0.0000000000E+00,    3.0975098910E+02
    189300,      0.676960,CP7_after_upper_clamp,   1,    0.0000000000E+00,    3.0975098910E+02,    3.0975098910E+02,    0.0000000000E+00,    0.0000000000E+00,    0.0000000000E+00,    3.0975098910E+02
    189300,      0.676960,CP8_after_OBC,   1,    0.0000000000E+00,    3.0975098910E+02,    3.0975098910E+02,    0.0000000000E+00,    0.0000000000E+00,    0.0000000000E+00,    3.0975098910E+02
    189300,      0.676960,CP9_after_PTsource,   1,    0.0000000000E+00,    3.0975098910E+02,    3.0975098910E+02,    0.0000000000E+00,    0.0000000000E+00,    0.0000000000E+00,    3.0975098910E+02
    189300,      0.676960,CP10_after_neg_clamp,   1,    0.0000000000E+00,    3.0975098910E+02,    3.0975098910E+02,    0.0000000000E+00,    0.0000000000E+00,    0.0000000000E+00,    3.0975098910E+02
    189300,      0.676960,CP11_after_MPI,   1,    0.0000000000E+00,    3.0975098910E+02,    3.0975098910E+02,    0.0000000000E+00,    0.0000000000E+00,    0.0000000000E+00,    3.0975098910E+02
    189300,      0.676960,CP12_end,   1,    0.0000000000E+00,    3.0975098910E+02,    3.0975098910E+02,    0.0000000000E+00,    0.0000000000E+00,    0.0000000000E+00,    3.0975098910E+02
    189350,      0.676960,CP0_start,   1,    0.0000000000E+00,    3.0993133111E+02,    3.0993133111E+02,    0.0000000000E+00,    0.0000000000E+00,    0.0000000000E+00,    3.0993133111E+02
    189350,      0.676960,CP1_after_deposition,   1,    0.0000000000E+00,    3.0993133111E+02,    3.0993133111E+02,    0.0000000000E+00,    0.0000000000E+00,    0.0000000000E+00,    3.0993133111E+02
    189350,      0.676960,CP2_after_erosion,   1,    0.0000000000E+00,    3.0993133111E+02,    3.0993133111E+02,    0.0000000000E+00,    0.0000000000E+00,    0.0000000000E+00,    3.0993133111E+02
    189350,      0.676960,CP3_after_update_bottom,   1,    0.0000000000E+00,    3.0993133111E+02,    3.0993133111E+02,    0.0000000000E+00,    0.0000000000E+00,    0.0000000000E+00,    3.0993133111E+02
    189350,      0.676960,CP4_after_advection,   1,    0.0000000000E+00,    3.0994521970E+02,    3.0994521970E+02,    0.0000000000E+00,    0.0000000000E+00,    0.0000000000E+00,    3.0994521970E+02
    189350,      0.676960,CP5_after_vdif,   1,    0.0000000000E+00,    3.0994521970E+02,    3.0994521970E+02,    0.0000000000E+00,    0.0000000000E+00,    0.0000000000E+00,    3.0994521970E+02
    189350,      0.676960,CP6_after_kinetics,   1,    0.0000000000E+00,    3.0994521970E+02,    3.0994521970E+02,    0.0000000000E+00,    0.0000000000E+00,    0.0000000000E+00,    3.0994521970E+02
    189350,      0.676960,CP7_after_upper_clamp,   1,    0.0000000000E+00,    3.0994521970E+02,    3.0994521970E+02,    0.0000000000E+00,    0.0000000000E+00,    0.0000000000E+00,    3.0994521970E+02
    189350,      0.676960,CP8_after_OBC,   1,    0.0000000000E+00,    3.0994521970E+02,    3.0994521970E+02,    0.0000000000E+00,    0.0000000000E+00,    0.0000000000E+00,    3.0994521970E+02
    189350,      0.676960,CP9_after_PTsource,   1,    0.0000000000E+00,    3.0994521970E+02,    3.0994521970E+02,    0.0000000000E+00,    0.0000000000E+00,    0.0000000000E+00,    3.0994521970E+02
    189350,      0.676960,CP10_after_neg_clamp,   1,    0.0000000000E+00,    3.0994521970E+02,    3.0994521970E+02,    0.0000000000E+00,    0.0000000000E+00,    0.0000000000E+00,    3.0994521970E+02
    189350,      0.676960,CP11_after_MPI,   1,    0.0000000000E+00,    3.0994521970E+02,    3.0994521970E+02,    0.0000000000E+00,    0.0000000000E+00,    0.0000000000E+00,    3.0994521970E+02
    189350,      0.676960,CP12_end,   1,    0.0000000000E+00,    3.0994521970E+02,    3.0994521970E+02,    0.0000000000E+00,    0.0000000000E+00,    0.0000000000E+00,    3.0994521970E+02
    189400,      0.676960,CP0_start,   1,    0.0000000000E+00,    3.1012980033E+02,    3.1012980033E+02,    0.0000000000E+00,    0.0000000000E+00,    0.0000000000E+00,    3.1012980033E+02
    189400,      0.676960,CP1_after_deposition,   1,    0.0000000000E+00,    3.1012980033E+02,    3.1012980033E+02,    0.0000000000E+00,    0.0000000000E+00,    0.0000000000E+00,    3.1012980033E+02
    189400,      0.676960,CP2_after_erosion,   1,    0.0000000000E+00,    3.1012980033E+02,    3.1012980033E+02,    0.0000000000E+00,    0.0000000000E+00,    0.0000000000E+00,    3.1012980033E+02
    189400,      0.676960,CP3_after_update_bottom,   1,    0.0000000000E+00,    3.1012980033E+02,    3.1012980033E+02,    0.0000000000E+00,    0.0000000000E+00,    0.0000000000E+00,    3.1012980033E+02
    189400,      0.676960,CP4_after_advection,   1,    0.0000000000E+00,    3.1014383835E+02,    3.1014383835E+02,    0.0000000000E+00,    0.0000000000E+00,    0.0000000000E+00,    3.1014383835E+02
    189400,      0.676960,CP5_after_vdif,   1,    0.0000000000E+00,    3.1014383835E+02,    3.1014383835E+02,    0.0000000000E+00,    0.0000000000E+00,    0.0000000000E+00,    3.1014383835E+02
    189400,      0.676960,CP6_after_kinetics,   1,    0.0000000000E+00,    3.1014383835E+02,    3.1014383835E+02,    0.0000000000E+00,    0.0000000000E+00,    0.0000000000E+00,    3.1014383835E+02
    189400,      0.676960,CP7_after_upper_clamp,   1,    0.0000000000E+00,    3.1014383835E+02,    3.1014383835E+02,    0.0000000000E+00,    0.0000000000E+00,    0.0000000000E+00,    3.1014383835E+02
    189400,      0.676960,CP8_after_OBC,   1,    0.0000000000E+00,    3.1014383835E+02,    3.1014383835E+02,    0.0000000000E+00,    0.0000000000E+00,    0.0000000000E+00,    3.1014383835E+02
    189400,      0.676960,CP9_after_PTsource,   1,    0.0000000000E+00,    3.1014383835E+02,    3.1014383835E+02,    0.0000000000E+00,    0.0000000000E+00,    0.0000000000E+00,    3.1014383835E+02
    189400,      0.676960,CP10_after_neg_clamp,   1,    0.0000000000E+00,    3.1014383835E+02,    3.1014383835E+02,    0.0000000000E+00,    0.0000000000E+00,    0.0000000000E+00,    3.1014383835E+02
    189400,      0.676960,CP11_after_MPI,   1,    0.0000000000E+00,    3.1014383835E+02,    3.1014383835E+02,    0.0000000000E+00,    0.0000000000E+00,    0.0000000000E+00,    3.1014383835E+02
    189400,      0.676960,CP12_end,   1,    0.0000000000E+00,    3.1014383835E+02,    3.1014383835E+02,    0.0000000000E+00,    0.0000000000E+00,    0.0000000000E+00,    3.1014383835E+02
    189450,      0.676960,CP0_start,   1,    0.0000000000E+00,    3.1033252281E+02,    3.1033252281E+02,    0.0000000000E+00,    0.0000000000E+00,    0.0000000000E+00,    3.1033252281E+02
    189450,      0.676960,CP1_after_deposition,   1,    0.0000000000E+00,    3.1033252281E+02,    3.1033252281E+02,    0.0000000000E+00,    0.0000000000E+00,    0.0000000000E+00,    3.1033252281E+02
    189450,      0.676960,CP2_after_erosion,   1,    0.0000000000E+00,    3.1033252281E+02,    3.1033252281E+02,    0.0000000000E+00,    0.0000000000E+00,    0.0000000000E+00,    3.1033252281E+02
    189450,      0.676960,CP3_after_update_bottom,   1,    0.0000000000E+00,    3.1033252281E+02,    3.1033252281E+02,    0.0000000000E+00,    0.0000000000E+00,    0.0000000000E+00,    3.1033252281E+02
    189450,      0.676960,CP4_after_advection,   1,    0.0000000000E+00,    3.1034670138E+02,    3.1034670138E+02,    0.0000000000E+00,    0.0000000000E+00,    0.0000000000E+00,    3.1034670138E+02
    189450,      0.676960,CP5_after_vdif,   1,    0.0000000000E+00,    3.1034670138E+02,    3.1034670138E+02,    0.0000000000E+00,    0.0000000000E+00,    0.0000000000E+00,    3.1034670138E+02
    189450,      0.676960,CP6_after_kinetics,   1,    0.0000000000E+00,    3.1034670138E+02,    3.1034670138E+02,    0.0000000000E+00,    0.0000000000E+00,    0.0000000000E+00,    3.1034670138E+02
    189450,      0.676960,CP7_after_upper_clamp,   1,    0.0000000000E+00,    3.1034670138E+02,    3.1034670138E+02,    0.0000000000E+00,    0.0000000000E+00,    0.0000000000E+00,    3.1034670138E+02
    189450,      0.676960,CP8_after_OBC,   1,    0.0000000000E+00,    3.1034670138E+02,    3.1034670138E+02,    0.0000000000E+00,    0.0000000000E+00,    0.0000000000E+00,    3.1034670138E+02
    189450,      0.676960,CP9_after_PTsource,   1,    0.0000000000E+00,    3.1034670138E+02,    3.1034670138E+02,    0.0000000000E+00,    0.0000000000E+00,    0.0000000000E+00,    3.1034670138E+02
    189450,      0.676960,CP10_after_neg_clamp,   1,    0.0000000000E+00,    3.1034670138E+02,    3.1034670138E+02,    0.0000000000E+00,    0.0000000000E+00,    0.0000000000E+00,    3.1034670138E+02
    189450,      0.676960,CP11_after_MPI,   1,    0.0000000000E+00,    3.1034670138E+02,    3.1034670138E+02,    0.0000000000E+00,    0.0000000000E+00,    0.0000000000E+00,    3.1034670138E+02
    189450,      0.676960,CP12_end,   1,    0.0000000000E+00,    3.1034670138E+02,    3.1034670138E+02,    0.0000000000E+00,    0.0000000000E+00,    0.0000000000E+00,    3.1034670138E+02
    189500,      0.676960,CP0_start,   1,    0.0000000000E+00,    3.1053903394E+02,    3.1053903394E+02,    0.0000000000E+00,    0.0000000000E+00,    0.0000000000E+00,    3.1053903394E+02
    189500,      0.676960,CP1_after_deposition,   1,    0.0000000000E+00,    3.1053903394E+02,    3.1053903394E+02,    0.0000000000E+00,    0.0000000000E+00,    0.0000000000E+00,    3.1053903394E+02
    189500,      0.676960,CP2_after_erosion,   1,    0.0000000000E+00,    3.1053903394E+02,    3.1053903394E+02,    0.0000000000E+00,    0.0000000000E+00,    0.0000000000E+00,    3.1053903394E+02
    189500,      0.676960,CP3_after_update_bottom,   1,    0.0000000000E+00,    3.1053903394E+02,    3.1053903394E+02,    0.0000000000E+00,    0.0000000000E+00,    0.0000000000E+00,    3.1053903394E+02
    189500,      0.676960,CP4_after_advection,   1,    0.0000000000E+00,    3.1055333662E+02,    3.1055333662E+02,    0.0000000000E+00,    0.0000000000E+00,    0.0000000000E+00,    3.1055333662E+02
    189500,      0.676960,CP5_after_vdif,   1,    0.0000000000E+00,    3.1055333662E+02,    3.1055333662E+02,    0.0000000000E+00,    0.0000000000E+00,    0.0000000000E+00,    3.1055333662E+02
    189500,      0.676960,CP6_after_kinetics,   1,    0.0000000000E+00,    3.1055333662E+02,    3.1055333662E+02,    0.0000000000E+00,    0.0000000000E+00,    0.0000000000E+00,    3.1055333662E+02
    189500,      0.676960,CP7_after_upper_clamp,   1,    0.0000000000E+00,    3.1055333662E+02,    3.1055333662E+02,    0.0000000000E+00,    0.0000000000E+00,    0.0000000000E+00,    3.1055333662E+02
    189500,      0.676960,CP8_after_OBC,   1,    0.0000000000E+00,    3.1055333662E+02,    3.1055333662E+02,    0.0000000000E+00,    0.0000000000E+00,    0.0000000000E+00,    3.1055333662E+02
    189500,      0.676960,CP9_after_PTsource,   1,    0.0000000000E+00,    3.1055333662E+02,    3.1055333662E+02,    0.0000000000E+00,    0.0000000000E+00,    0.0000000000E+00,    3.1055333662E+02
    189500,      0.676960,CP10_after_neg_clamp,   1,    0.0000000000E+00,    3.1055333662E+02,    3.1055333662E+02,    0.0000000000E+00,    0.0000000000E+00,    0.0000000000E+00,    3.1055333662E+02
    189500,      0.676960,CP11_after_MPI,   1,    0.0000000000E+00,    3.1055333662E+02,    3.1055333662E+02,    0.0000000000E+00,    0.0000000000E+00,    0.0000000000E+00,    3.1055333662E+02
    189500,      0.676960,CP12_end,   1,    0.0000000000E+00,    3.1055333662E+02,    3.1055333662E+02,    0.0000000000E+00,    0.0000000000E+00,    0.0000000000E+00,    3.1055333662E+02
    189550,      0.676961,CP0_start,   1,    0.0000000000E+00,    3.1074841490E+02,    3.1074841490E+02,    0.0000000000E+00,    0.0000000000E+00,    0.0000000000E+00,    3.1074841490E+02
    189550,      0.676961,CP1_after_deposition,   1,    0.0000000000E+00,    3.1074841490E+02,    3.1074841490E+02,    0.0000000000E+00,    0.0000000000E+00,    0.0000000000E+00,    3.1074841490E+02
    189550,      0.676961,CP2_after_erosion,   1,    0.0000000000E+00,    3.1074841490E+02,    3.1074841490E+02,    0.0000000000E+00,    0.0000000000E+00,    0.0000000000E+00,    3.1074841490E+02
    189550,      0.676961,CP3_after_update_bottom,   1,    0.0000000000E+00,    3.1074841490E+02,    3.1074841490E+02,    0.0000000000E+00,    0.0000000000E+00,    0.0000000000E+00,    3.1074841490E+02
    189550,      0.676961,CP4_after_advection,   1,    0.0000000000E+00,    3.1076281556E+02,    3.1076281556E+02,    0.0000000000E+00,    0.0000000000E+00,    0.0000000000E+00,    3.1076281556E+02
    189550,      0.676961,CP5_after_vdif,   1,    0.0000000000E+00,    3.1076281556E+02,    3.1076281556E+02,    0.0000000000E+00,    0.0000000000E+00,    0.0000000000E+00,    3.1076281556E+02
    189550,      0.676961,CP6_after_kinetics,   1,    0.0000000000E+00,    3.1076281556E+02,    3.1076281556E+02,    0.0000000000E+00,    0.0000000000E+00,    0.0000000000E+00,    3.1076281556E+02
    189550,      0.676961,CP7_after_upper_clamp,   1,    0.0000000000E+00,    3.1076281556E+02,    3.1076281556E+02,    0.0000000000E+00,    0.0000000000E+00,    0.0000000000E+00,    3.1076281556E+02
    189550,      0.676961,CP8_after_OBC,   1,    0.0000000000E+00,    3.1076281556E+02,    3.1076281556E+02,    0.0000000000E+00,    0.0000000000E+00,    0.0000000000E+00,    3.1076281556E+02
    189550,      0.676961,CP9_after_PTsource,   1,    0.0000000000E+00,    3.1076281556E+02,    3.1076281556E+02,    0.0000000000E+00,    0.0000000000E+00,    0.0000000000E+00,    3.1076281556E+02
    189550,      0.676961,CP10_after_neg_clamp,   1,    0.0000000000E+00,    3.1076281556E+02,    3.1076281556E+02,    0.0000000000E+00,    0.0000000000E+00,    0.0000000000E+00,    3.1076281556E+02
    189550,      0.676961,CP11_after_MPI,   1,    0.0000000000E+00,    3.1076281556E+02,    3.1076281556E+02,    0.0000000000E+00,    0.0000000000E+00,    0.0000000000E+00,    3.1076281556E+02
    189550,      0.676961,CP12_end,   1,    0.0000000000E+00,    3.1076281556E+02,    3.1076281556E+02,    0.0000000000E+00,    0.0000000000E+00,    0.0000000000E+00,    3.1076281556E+02
    189600,      0.676961,CP0_start,   1,    0.0000000000E+00,    3.1095931034E+02,    3.1095931034E+02,    0.0000000000E+00,    0.0000000000E+00,    0.0000000000E+00,    3.1095931034E+02
    189600,      0.676961,CP1_after_deposition,   1,    0.0000000000E+00,    3.1095931034E+02,    3.1095931034E+02,    0.0000000000E+00,    0.0000000000E+00,    0.0000000000E+00,    3.1095931034E+02
    189600,      0.676961,CP2_after_erosion,   1,    0.0000000000E+00,    3.1095931034E+02,    3.1095931034E+02,    0.0000000000E+00,    0.0000000000E+00,    0.0000000000E+00,    3.1095931034E+02
    189600,      0.676961,CP3_after_update_bottom,   1,    0.0000000000E+00,    3.1095931034E+02,    3.1095931034E+02,    0.0000000000E+00,    0.0000000000E+00,    0.0000000000E+00,    3.1095931034E+02
    189600,      0.676961,CP4_after_advection,   1,    0.0000000000E+00,    3.1097377073E+02,    3.1097377073E+02,    0.0000000000E+00,    0.0000000000E+00,    0.0000000000E+00,    3.1097377073E+02
    189600,      0.676961,CP5_after_vdif,   1,    0.0000000000E+00,    3.1097377073E+02,    3.1097377073E+02,    0.0000000000E+00,    0.0000000000E+00,    0.0000000000E+00,    3.1097377073E+02
    189600,      0.676961,CP6_after_kinetics,   1,    0.0000000000E+00,    3.1097377073E+02,    3.1097377073E+02,    0.0000000000E+00,    0.0000000000E+00,    0.0000000000E+00,    3.1097377073E+02
    189600,      0.676961,CP7_after_upper_clamp,   1,    0.0000000000E+00,    3.1097377073E+02,    3.1097377073E+02,    0.0000000000E+00,    0.0000000000E+00,    0.0000000000E+00,    3.1097377073E+02
    189600,      0.676961,CP8_after_OBC,   1,    0.0000000000E+00,    3.1097377073E+02,    3.1097377073E+02,    0.0000000000E+00,    0.0000000000E+00,    0.0000000000E+00,    3.1097377073E+02
    189600,      0.676961,CP9_after_PTsource,   1,    0.0000000000E+00,    3.1097377073E+02,    3.1097377073E+02,    0.0000000000E+00,    0.0000000000E+00,    0.0000000000E+00,    3.1097377073E+02
    189600,      0.676961,CP10_after_neg_clamp,   1,    0.0000000000E+00,    3.1097377073E+02,    3.1097377073E+02,    0.0000000000E+00,    0.0000000000E+00,    0.0000000000E+00,    3.1097377073E+02
    189600,      0.676961,CP11_after_MPI,   1,    0.0000000000E+00,    3.1097377073E+02,    3.1097377073E+02,    0.0000000000E+00,    0.0000000000E+00,    0.0000000000E+00,    3.1097377073E+02
    189600,      0.676961,CP12_end,   1,    0.0000000000E+00,    3.1097377073E+02,    3.1097377073E+02,    0.0000000000E+00,    0.0000000000E+00,    0.0000000000E+00,    3.1097377073E+02
    189650,      0.676961,CP0_start,   1,    0.0000000000E+00,    3.1117006096E+02,    3.1117006096E+02,    0.0000000000E+00,    0.0000000000E+00,    0.0000000000E+00,    3.1117006096E+02
    189650,      0.676961,CP1_after_deposition,   1,    0.0000000000E+00,    3.1117006096E+02,    3.1117006096E+02,    0.0000000000E+00,    0.0000000000E+00,    0.0000000000E+00,    3.1117006096E+02
    189650,      0.676961,CP2_after_erosion,   1,    0.0000000000E+00,    3.1117006096E+02,    3.1117006096E+02,    0.0000000000E+00,    0.0000000000E+00,    0.0000000000E+00,    3.1117006096E+02
    189650,      0.676961,CP3_after_update_bottom,   1,    0.0000000000E+00,    3.1117006096E+02,    3.1117006096E+02,    0.0000000000E+00,    0.0000000000E+00,    0.0000000000E+00,    3.1117006096E+02
    189650,      0.676961,CP4_after_advection,   1,    0.0000000000E+00,    3.1118453743E+02,    3.1118453743E+02,    0.0000000000E+00,    0.0000000000E+00,    0.0000000000E+00,    3.1118453743E+02
    189650,      0.676961,CP5_after_vdif,   1,    0.0000000000E+00,    3.1118453743E+02,    3.1118453743E+02,    0.0000000000E+00,    0.0000000000E+00,    0.0000000000E+00,    3.1118453743E+02
    189650,      0.676961,CP6_after_kinetics,   1,    0.0000000000E+00,    3.1118453743E+02,    3.1118453743E+02,    0.0000000000E+00,    0.0000000000E+00,    0.0000000000E+00,    3.1118453743E+02
    189650,      0.676961,CP7_after_upper_clamp,   1,    0.0000000000E+00,    3.1118453743E+02,    3.1118453743E+02,    0.0000000000E+00,    0.0000000000E+00,    0.0000000000E+00,    3.1118453743E+02
    189650,      0.676961,CP8_after_OBC,   1,    0.0000000000E+00,    3.1118453743E+02,    3.1118453743E+02,    0.0000000000E+00,    0.0000000000E+00,    0.0000000000E+00,    3.1118453743E+02
    189650,      0.676961,CP9_after_PTsource,   1,    0.0000000000E+00,    3.1118453743E+02,    3.1118453743E+02,    0.0000000000E+00,    0.0000000000E+00,    0.0000000000E+00,    3.1118453743E+02
    189650,      0.676961,CP10_after_neg_clamp,   1,    0.0000000000E+00,    3.1118453743E+02,    3.1118453743E+02,    0.0000000000E+00,    0.0000000000E+00,    0.0000000000E+00,    3.1118453743E+02
    189650,      0.676961,CP11_after_MPI,   1,    0.0000000000E+00,    3.1118453743E+02,    3.1118453743E+02,    0.0000000000E+00,    0.0000000000E+00,    0.0000000000E+00,    3.1118453743E+02
    189650,      0.676961,CP12_end,   1,    0.0000000000E+00,    3.1118453743E+02,    3.1118453743E+02,    0.0000000000E+00,    0.0000000000E+00,    0.0000000000E+00,    3.1118453743E+02
    189700,      0.676961,CP0_start,   1,    0.0000000000E+00,    3.1137915879E+02,    3.1137915879E+02,    0.0000000000E+00,    0.0000000000E+00,    0.0000000000E+00,    3.1137915879E+02
    189700,      0.676961,CP1_after_deposition,   1,    0.0000000000E+00,    3.1137915879E+02,    3.1137915879E+02,    0.0000000000E+00,    0.0000000000E+00,    0.0000000000E+00,    3.1137915879E+02
    189700,      0.676961,CP2_after_erosion,   1,    0.0000000000E+00,    3.1137915879E+02,    3.1137915879E+02,    0.0000000000E+00,    0.0000000000E+00,    0.0000000000E+00,    3.1137915879E+02
    189700,      0.676961,CP3_after_update_bottom,   1,    0.0000000000E+00,    3.1137915879E+02,    3.1137915879E+02,    0.0000000000E+00,    0.0000000000E+00,    0.0000000000E+00,    3.1137915879E+02
    189700,      0.676961,CP4_after_advection,   1,    0.0000000000E+00,    3.1139362202E+02,    3.1139362202E+02,    0.0000000000E+00,    0.0000000000E+00,    0.0000000000E+00,    3.1139362202E+02
    189700,      0.676961,CP5_after_vdif,   1,    0.0000000000E+00,    3.1139362202E+02,    3.1139362202E+02,    0.0000000000E+00,    0.0000000000E+00,    0.0000000000E+00,    3.1139362202E+02
    189700,      0.676961,CP6_after_kinetics,   1,    0.0000000000E+00,    3.1139362202E+02,    3.1139362202E+02,    0.0000000000E+00,    0.0000000000E+00,    0.0000000000E+00,    3.1139362202E+02
    189700,      0.676961,CP7_after_upper_clamp,   1,    0.0000000000E+00,    3.1139362202E+02,    3.1139362202E+02,    0.0000000000E+00,    0.0000000000E+00,    0.0000000000E+00,    3.1139362202E+02
    189700,      0.676961,CP8_after_OBC,   1,    0.0000000000E+00,    3.1139362202E+02,    3.1139362202E+02,    0.0000000000E+00,    0.0000000000E+00,    0.0000000000E+00,    3.1139362202E+02
    189700,      0.676961,CP9_after_PTsource,   1,    0.0000000000E+00,    3.1139362202E+02,    3.1139362202E+02,    0.0000000000E+00,    0.0000000000E+00,    0.0000000000E+00,    3.1139362202E+02
    189700,      0.676961,CP10_after_neg_clamp,   1,    0.0000000000E+00,    3.1139362202E+02,    3.1139362202E+02,    0.0000000000E+00,    0.0000000000E+00,    0.0000000000E+00,    3.1139362202E+02
    189700,      0.676961,CP11_after_MPI,   1,    0.0000000000E+00,    3.1139362202E+02,    3.1139362202E+02,    0.0000000000E+00,    0.0000000000E+00,    0.0000000000E+00,    3.1139362202E+02
    189700,      0.676961,CP12_end,   1,    0.0000000000E+00,    3.1139362202E+02,    3.1139362202E+02,    0.0000000000E+00,    0.0000000000E+00,    0.0000000000E+00,    3.1139362202E+02
    189750,      0.676961,CP0_start,   1,    0.0000000000E+00,    3.1158546274E+02,    3.1158546274E+02,    0.0000000000E+00,    0.0000000000E+00,    0.0000000000E+00,    3.1158546274E+02
    189750,      0.676961,CP1_after_deposition,   1,    0.0000000000E+00,    3.1158546274E+02,    3.1158546274E+02,    0.0000000000E+00,    0.0000000000E+00,    0.0000000000E+00,    3.1158546274E+02
    189750,      0.676961,CP2_after_erosion,   1,    0.0000000000E+00,    3.1158546274E+02,    3.1158546274E+02,    0.0000000000E+00,    0.0000000000E+00,    0.0000000000E+00,    3.1158546274E+02
    189750,      0.676961,CP3_after_update_bottom,   1,    0.0000000000E+00,    3.1158546274E+02,    3.1158546274E+02,    0.0000000000E+00,    0.0000000000E+00,    0.0000000000E+00,    3.1158546274E+02
    189750,      0.676961,CP4_after_advection,   1,    0.0000000000E+00,    3.1159989104E+02,    3.1159989104E+02,    0.0000000000E+00,    0.0000000000E+00,    0.0000000000E+00,    3.1159989104E+02
    189750,      0.676961,CP5_after_vdif,   1,    0.0000000000E+00,    3.1159989104E+02,    3.1159989104E+02,    0.0000000000E+00,    0.0000000000E+00,    0.0000000000E+00,    3.1159989104E+02
    189750,      0.676961,CP6_after_kinetics,   1,    0.0000000000E+00,    3.1159989104E+02,    3.1159989104E+02,    0.0000000000E+00,    0.0000000000E+00,    0.0000000000E+00,    3.1159989104E+02
    189750,      0.676961,CP7_after_upper_clamp,   1,    0.0000000000E+00,    3.1159989104E+02,    3.1159989104E+02,    0.0000000000E+00,    0.0000000000E+00,    0.0000000000E+00,    3.1159989104E+02
    189750,      0.676961,CP8_after_OBC,   1,    0.0000000000E+00,    3.1159989104E+02,    3.1159989104E+02,    0.0000000000E+00,    0.0000000000E+00,    0.0000000000E+00,    3.1159989104E+02
    189750,      0.676961,CP9_after_PTsource,   1,    0.0000000000E+00,    3.1159989104E+02,    3.1159989104E+02,    0.0000000000E+00,    0.0000000000E+00,    0.0000000000E+00,    3.1159989104E+02
    189750,      0.676961,CP10_after_neg_clamp,   1,    0.0000000000E+00,    3.1159989104E+02,    3.1159989104E+02,    0.0000000000E+00,    0.0000000000E+00,    0.0000000000E+00,    3.1159989104E+02
    189750,      0.676961,CP11_after_MPI,   1,    0.0000000000E+00,    3.1159989104E+02,    3.1159989104E+02,    0.0000000000E+00,    0.0000000000E+00,    0.0000000000E+00,    3.1159989104E+02
    189750,      0.676961,CP12_end,   1,    0.0000000000E+00,    3.1159989104E+02,    3.1159989104E+02,    0.0000000000E+00,    0.0000000000E+00,    0.0000000000E+00,    3.1159989104E+02
    189800,      0.676961,CP0_start,   1,    0.0000000000E+00,    3.1178818025E+02,    3.1178818025E+02,    0.0000000000E+00,    0.0000000000E+00,    0.0000000000E+00,    3.1178818025E+02
    189800,      0.676961,CP1_after_deposition,   1,    0.0000000000E+00,    3.1178818025E+02,    3.1178818025E+02,    0.0000000000E+00,    0.0000000000E+00,    0.0000000000E+00,    3.1178818025E+02
    189800,      0.676961,CP2_after_erosion,   1,    0.0000000000E+00,    3.1178818025E+02,    3.1178818025E+02,    0.0000000000E+00,    0.0000000000E+00,    0.0000000000E+00,    3.1178818025E+02
    189800,      0.676961,CP3_after_update_bottom,   1,    0.0000000000E+00,    3.1178818025E+02,    3.1178818025E+02,    0.0000000000E+00,    0.0000000000E+00,    0.0000000000E+00,    3.1178818025E+02
    189800,      0.676961,CP4_after_advection,   1,    0.0000000000E+00,    3.1180255004E+02,    3.1180255004E+02,    0.0000000000E+00,    0.0000000000E+00,    0.0000000000E+00,    3.1180255004E+02
    189800,      0.676961,CP5_after_vdif,   1,    0.0000000000E+00,    3.1180255004E+02,    3.1180255004E+02,    0.0000000000E+00,    0.0000000000E+00,    0.0000000000E+00,    3.1180255004E+02
    189800,      0.676961,CP6_after_kinetics,   1,    0.0000000000E+00,    3.1180255004E+02,    3.1180255004E+02,    0.0000000000E+00,    0.0000000000E+00,    0.0000000000E+00,    3.1180255004E+02
    189800,      0.676961,CP7_after_upper_clamp,   1,    0.0000000000E+00,    3.1180255004E+02,    3.1180255004E+02,    0.0000000000E+00,    0.0000000000E+00,    0.0000000000E+00,    3.1180255004E+02
    189800,      0.676961,CP8_after_OBC,   1,    0.0000000000E+00,    3.1180255004E+02,    3.1180255004E+02,    0.0000000000E+00,    0.0000000000E+00,    0.0000000000E+00,    3.1180255004E+02
    189800,      0.676961,CP9_after_PTsource,   1,    0.0000000000E+00,    3.1180255004E+02,    3.1180255004E+02,    0.0000000000E+00,    0.0000000000E+00,    0.0000000000E+00,    3.1180255004E+02
    189800,      0.676961,CP10_after_neg_clamp,   1,    0.0000000000E+00,    3.1180255004E+02,    3.1180255004E+02,    0.0000000000E+00,    0.0000000000E+00,    0.0000000000E+00,    3.1180255004E+02
    189800,      0.676961,CP11_after_MPI,   1,    0.0000000000E+00,    3.1180255004E+02,    3.1180255004E+02,    0.0000000000E+00,    0.0000000000E+00,    0.0000000000E+00,    3.1180255004E+02
    189800,      0.676961,CP12_end,   1,    0.0000000000E+00,    3.1180255004E+02,    3.1180255004E+02,    0.0000000000E+00,    0.0000000000E+00,    0.0000000000E+00,    3.1180255004E+02
    189850,      0.676961,CP0_start,   1,    0.0000000000E+00,    3.1198678913E+02,    3.1198678913E+02,    0.0000000000E+00,    0.0000000000E+00,    0.0000000000E+00,    3.1198678913E+02
    189850,      0.676961,CP1_after_deposition,   1,    0.0000000000E+00,    3.1198678913E+02,    3.1198678913E+02,    0.0000000000E+00,    0.0000000000E+00,    0.0000000000E+00,    3.1198678913E+02
    189850,      0.676961,CP2_after_erosion,   1,    0.0000000000E+00,    3.1198678913E+02,    3.1198678913E+02,    0.0000000000E+00,    0.0000000000E+00,    0.0000000000E+00,    3.1198678913E+02
    189850,      0.676961,CP3_after_update_bottom,   1,    0.0000000000E+00,    3.1198678913E+02,    3.1198678913E+02,    0.0000000000E+00,    0.0000000000E+00,    0.0000000000E+00,    3.1198678913E+02
    189850,      0.676961,CP4_after_advection,   1,    0.0000000000E+00,    3.1200108764E+02,    3.1200108764E+02,    0.0000000000E+00,    0.0000000000E+00,    0.0000000000E+00,    3.1200108764E+02
    189850,      0.676961,CP5_after_vdif,   1,    0.0000000000E+00,    3.1200108764E+02,    3.1200108764E+02,    0.0000000000E+00,    0.0000000000E+00,    0.0000000000E+00,    3.1200108764E+02
    189850,      0.676961,CP6_after_kinetics,   1,    0.0000000000E+00,    3.1200108764E+02,    3.1200108764E+02,    0.0000000000E+00,    0.0000000000E+00,    0.0000000000E+00,    3.1200108764E+02
    189850,      0.676961,CP7_after_upper_clamp,   1,    0.0000000000E+00,    3.1200108764E+02,    3.1200108764E+02,    0.0000000000E+00,    0.0000000000E+00,    0.0000000000E+00,    3.1200108764E+02
    189850,      0.676961,CP8_after_OBC,   1,    0.0000000000E+00,    3.1200108764E+02,    3.1200108764E+02,    0.0000000000E+00,    0.0000000000E+00,    0.0000000000E+00,    3.1200108764E+02
    189850,      0.676961,CP9_after_PTsource,   1,    0.0000000000E+00,    3.1200108764E+02,    3.1200108764E+02,    0.0000000000E+00,    0.0000000000E+00,    0.0000000000E+00,    3.1200108764E+02
    189850,      0.676961,CP10_after_neg_clamp,   1,    0.0000000000E+00,    3.1200108764E+02,    3.1200108764E+02,    0.0000000000E+00,    0.0000000000E+00,    0.0000000000E+00,    3.1200108764E+02
    189850,      0.676961,CP11_after_MPI,   1,    0.0000000000E+00,    3.1200108764E+02,    3.1200108764E+02,    0.0000000000E+00,    0.0000000000E+00,    0.0000000000E+00,    3.1200108764E+02
    189850,      0.676961,CP12_end,   1,    0.0000000000E+00,    3.1200108764E+02,    3.1200108764E+02,    0.0000000000E+00,    0.0000000000E+00,    0.0000000000E+00,    3.1200108764E+02
    189900,      0.676961,CP0_start,   1,    0.0000000000E+00,    3.1218123903E+02,    3.1218123903E+02,    0.0000000000E+00,    0.0000000000E+00,    0.0000000000E+00,    3.1218123903E+02
    189900,      0.676961,CP1_after_deposition,   1,    0.0000000000E+00,    3.1218123903E+02,    3.1218123903E+02,    0.0000000000E+00,    0.0000000000E+00,    0.0000000000E+00,    3.1218123903E+02
    189900,      0.676961,CP2_after_erosion,   1,    0.0000000000E+00,    3.1218123903E+02,    3.1218123903E+02,    0.0000000000E+00,    0.0000000000E+00,    0.0000000000E+00,    3.1218123903E+02
    189900,      0.676961,CP3_after_update_bottom,   1,    0.0000000000E+00,    3.1218123903E+02,    3.1218123903E+02,    0.0000000000E+00,    0.0000000000E+00,    0.0000000000E+00,    3.1218123903E+02
    189900,      0.676961,CP4_after_advection,   1,    0.0000000000E+00,    3.1219547098E+02,    3.1219547098E+02,    0.0000000000E+00,    0.0000000000E+00,    0.0000000000E+00,    3.1219547098E+02
    189900,      0.676961,CP5_after_vdif,   1,    0.0000000000E+00,    3.1219547098E+02,    3.1219547098E+02,    0.0000000000E+00,    0.0000000000E+00,    0.0000000000E+00,    3.1219547098E+02
    189900,      0.676961,CP6_after_kinetics,   1,    0.0000000000E+00,    3.1219547098E+02,    3.1219547098E+02,    0.0000000000E+00,    0.0000000000E+00,    0.0000000000E+00,    3.1219547098E+02
    189900,      0.676961,CP7_after_upper_clamp,   1,    0.0000000000E+00,    3.1219547098E+02,    3.1219547098E+02,    0.0000000000E+00,    0.0000000000E+00,    0.0000000000E+00,    3.1219547098E+02
    189900,      0.676961,CP8_after_OBC,   1,    0.0000000000E+00,    3.1219547098E+02,    3.1219547098E+02,    0.0000000000E+00,    0.0000000000E+00,    0.0000000000E+00,    3.1219547098E+02
    189900,      0.676961,CP9_after_PTsource,   1,    0.0000000000E+00,    3.1219547098E+02,    3.1219547098E+02,    0.0000000000E+00,    0.0000000000E+00,    0.0000000000E+00,    3.1219547098E+02
    189900,      0.676961,CP10_after_neg_clamp,   1,    0.0000000000E+00,    3.1219547098E+02,    3.1219547098E+02,    0.0000000000E+00,    0.0000000000E+00,    0.0000000000E+00,    3.1219547098E+02
    189900,      0.676961,CP11_after_MPI,   1,    0.0000000000E+00,    3.1219547098E+02,    3.1219547098E+02,    0.0000000000E+00,    0.0000000000E+00,    0.0000000000E+00,    3.1219547098E+02
    189900,      0.676961,CP12_end,   1,    0.0000000000E+00,    3.1219547098E+02,    3.1219547098E+02,    0.0000000000E+00,    0.0000000000E+00,    0.0000000000E+00,    3.1219547098E+02
    189950,      0.676961,CP0_start,   1,    0.0000000000E+00,    3.1237103632E+02,    3.1237103632E+02,    0.0000000000E+00,    0.0000000000E+00,    0.0000000000E+00,    3.1237103632E+02
    189950,      0.676961,CP1_after_deposition,   1,    0.0000000000E+00,    3.1237103632E+02,    3.1237103632E+02,    0.0000000000E+00,    0.0000000000E+00,    0.0000000000E+00,    3.1237103632E+02
    189950,      0.676961,CP2_after_erosion,   1,    0.0000000000E+00,    3.1237103632E+02,    3.1237103632E+02,    0.0000000000E+00,    0.0000000000E+00,    0.0000000000E+00,    3.1237103632E+02
    189950,      0.676961,CP3_after_update_bottom,   1,    0.0000000000E+00,    3.1237103632E+02,    3.1237103632E+02,    0.0000000000E+00,    0.0000000000E+00,    0.0000000000E+00,    3.1237103632E+02
    189950,      0.676961,CP4_after_advection,   1,    0.0000000000E+00,    3.1238520625E+02,    3.1238520625E+02,    0.0000000000E+00,    0.0000000000E+00,    0.0000000000E+00,    3.1238520625E+02
    189950,      0.676961,CP5_after_vdif,   1,    0.0000000000E+00,    3.1238520625E+02,    3.1238520625E+02,    0.0000000000E+00,    0.0000000000E+00,    0.0000000000E+00,    3.1238520625E+02
    189950,      0.676961,CP6_after_kinetics,   1,    0.0000000000E+00,    3.1238520625E+02,    3.1238520625E+02,    0.0000000000E+00,    0.0000000000E+00,    0.0000000000E+00,    3.1238520625E+02
    189950,      0.676961,CP7_after_upper_clamp,   1,    0.0000000000E+00,    3.1238520625E+02,    3.1238520625E+02,    0.0000000000E+00,    0.0000000000E+00,    0.0000000000E+00,    3.1238520625E+02
    189950,      0.676961,CP8_after_OBC,   1,    0.0000000000E+00,    3.1238520625E+02,    3.1238520625E+02,    0.0000000000E+00,    0.0000000000E+00,    0.0000000000E+00,    3.1238520625E+02
    189950,      0.676961,CP9_after_PTsource,   1,    0.0000000000E+00,    3.1238520625E+02,    3.1238520625E+02,    0.0000000000E+00,    0.0000000000E+00,    0.0000000000E+00,    3.1238520625E+02
    189950,      0.676961,CP10_after_neg_clamp,   1,    0.0000000000E+00,    3.1238520625E+02,    3.1238520625E+02,    0.0000000000E+00,    0.0000000000E+00,    0.0000000000E+00,    3.1238520625E+02
    189950,      0.676961,CP11_after_MPI,   1,    0.0000000000E+00,    3.1238520625E+02,    3.1238520625E+02,    0.0000000000E+00,    0.0000000000E+00,    0.0000000000E+00,    3.1238520625E+02
    189950,      0.676961,CP12_end,   1,    0.0000000000E+00,    3.1238520625E+02,    3.1238520625E+02,    0.0000000000E+00,    0.0000000000E+00,    0.0000000000E+00,    3.1238520625E+02
    190000,      0.676961,CP0_start,   1,    0.0000000000E+00,    3.1255800833E+02,    3.1255800833E+02,    0.0000000000E+00,    0.0000000000E+00,    0.0000000000E+00,    3.1255800833E+02
    190000,      0.676961,CP1_after_deposition,   1,    0.0000000000E+00,    3.1255800833E+02,    3.1255800833E+02,    0.0000000000E+00,    0.0000000000E+00,    0.0000000000E+00,    3.1255800833E+02
    190000,      0.676961,CP2_after_erosion,   1,    0.0000000000E+00,    3.1255800833E+02,    3.1255800833E+02,    0.0000000000E+00,    0.0000000000E+00,    0.0000000000E+00,    3.1255800833E+02
    190000,      0.676961,CP3_after_update_bottom,   1,    0.0000000000E+00,    3.1255800833E+02,    3.1255800833E+02,    0.0000000000E+00,    0.0000000000E+00,    0.0000000000E+00,    3.1255800833E+02
    190000,      0.676961,CP4_after_advection,   1,    0.0000000000E+00,    3.1257213000E+02,    3.1257213000E+02,    0.0000000000E+00,    0.0000000000E+00,    0.0000000000E+00,    3.1257213000E+02
    190000,      0.676961,CP5_after_vdif,   1,    0.0000000000E+00,    3.1257213000E+02,    3.1257213000E+02,    0.0000000000E+00,    0.0000000000E+00,    0.0000000000E+00,    3.1257213000E+02
    190000,      0.676961,CP6_after_kinetics,   1,    0.0000000000E+00,    3.1257213000E+02,    3.1257213000E+02,    0.0000000000E+00,    0.0000000000E+00,    0.0000000000E+00,    3.1257213000E+02
    190000,      0.676961,CP7_after_upper_clamp,   1,    0.0000000000E+00,    3.1257213000E+02,    3.1257213000E+02,    0.0000000000E+00,    0.0000000000E+00,    0.0000000000E+00,    3.1257213000E+02
    190000,      0.676961,CP8_after_OBC,   1,    0.0000000000E+00,    3.1257213000E+02,    3.1257213000E+02,    0.0000000000E+00,    0.0000000000E+00,    0.0000000000E+00,    3.1257213000E+02
    190000,      0.676961,CP9_after_PTsource,   1,    0.0000000000E+00,    3.1257213000E+02,    3.1257213000E+02,    0.0000000000E+00,    0.0000000000E+00,    0.0000000000E+00,    3.1257213000E+02
    190000,      0.676961,CP10_after_neg_clamp,   1,    0.0000000000E+00,    3.1257213000E+02,    3.1257213000E+02,    0.0000000000E+00,    0.0000000000E+00,    0.0000000000E+00,    3.1257213000E+02
    190000,      0.676961,CP11_after_MPI,   1,    0.0000000000E+00,    3.1257213000E+02,    3.1257213000E+02,    0.0000000000E+00,    0.0000000000E+00,    0.0000000000E+00,    3.1257213000E+02
    190000,      0.676961,CP12_end,   1,    0.0000000000E+00,    3.1257213000E+02,    3.1257213000E+02,    0.0000000000E+00,    0.0000000000E+00,    0.0000000000E+00,    3.1257213000E+02
    190050,      0.676961,CP0_start,   1,    0.0000000000E+00,    3.1274321252E+02,    3.1274321252E+02,    0.0000000000E+00,    0.0000000000E+00,    0.0000000000E+00,    3.1274321252E+02
    190050,      0.676961,CP1_after_deposition,   1,    0.0000000000E+00,    3.1274321252E+02,    3.1274321252E+02,    0.0000000000E+00,    0.0000000000E+00,    0.0000000000E+00,    3.1274321252E+02
    190050,      0.676961,CP2_after_erosion,   1,    0.0000000000E+00,    3.1274321252E+02,    3.1274321252E+02,    0.0000000000E+00,    0.0000000000E+00,    0.0000000000E+00,    3.1274321252E+02
    190050,      0.676961,CP3_after_update_bottom,   1,    0.0000000000E+00,    3.1274321252E+02,    3.1274321252E+02,    0.0000000000E+00,    0.0000000000E+00,    0.0000000000E+00,    3.1274321252E+02
    190050,      0.676961,CP4_after_advection,   1,    0.0000000000E+00,    3.1275730493E+02,    3.1275730493E+02,    0.0000000000E+00,    0.0000000000E+00,    0.0000000000E+00,    3.1275730493E+02
    190050,      0.676961,CP5_after_vdif,   1,    0.0000000000E+00,    3.1275730493E+02,    3.1275730493E+02,    0.0000000000E+00,    0.0000000000E+00,    0.0000000000E+00,    3.1275730493E+02
    190050,      0.676961,CP6_after_kinetics,   1,    0.0000000000E+00,    3.1275730493E+02,    3.1275730493E+02,    0.0000000000E+00,    0.0000000000E+00,    0.0000000000E+00,    3.1275730493E+02
    190050,      0.676961,CP7_after_upper_clamp,   1,    0.0000000000E+00,    3.1275730493E+02,    3.1275730493E+02,    0.0000000000E+00,    0.0000000000E+00,    0.0000000000E+00,    3.1275730493E+02
    190050,      0.676961,CP8_after_OBC,   1,    0.0000000000E+00,    3.1275730493E+02,    3.1275730493E+02,    0.0000000000E+00,    0.0000000000E+00,    0.0000000000E+00,    3.1275730493E+02
    190050,      0.676961,CP9_after_PTsource,   1,    0.0000000000E+00,    3.1275730493E+02,    3.1275730493E+02,    0.0000000000E+00,    0.0000000000E+00,    0.0000000000E+00,    3.1275730493E+02
    190050,      0.676961,CP10_after_neg_clamp,   1,    0.0000000000E+00,    3.1275730493E+02,    3.1275730493E+02,    0.0000000000E+00,    0.0000000000E+00,    0.0000000000E+00,    3.1275730493E+02
    190050,      0.676961,CP11_after_MPI,   1,    0.0000000000E+00,    3.1275730493E+02,    3.1275730493E+02,    0.0000000000E+00,    0.0000000000E+00,    0.0000000000E+00,    3.1275730493E+02
    190050,      0.676961,CP12_end,   1,    0.0000000000E+00,    3.1275730493E+02,    3.1275730493E+02,    0.0000000000E+00,    0.0000000000E+00,    0.0000000000E+00,    3.1275730493E+02
    190100,      0.676961,CP0_start,   1,    0.0000000000E+00,    3.1292795665E+02,    3.1292795665E+02,    0.0000000000E+00,    0.0000000000E+00,    0.0000000000E+00,    3.1292795665E+02
    190100,      0.676961,CP1_after_deposition,   1,    0.0000000000E+00,    3.1292795665E+02,    3.1292795665E+02,    0.0000000000E+00,    0.0000000000E+00,    0.0000000000E+00,    3.1292795665E+02
    190100,      0.676961,CP2_after_erosion,   1,    0.0000000000E+00,    3.1292795665E+02,    3.1292795665E+02,    0.0000000000E+00,    0.0000000000E+00,    0.0000000000E+00,    3.1292795665E+02
    190100,      0.676961,CP3_after_update_bottom,   1,    0.0000000000E+00,    3.1292795665E+02,    3.1292795665E+02,    0.0000000000E+00,    0.0000000000E+00,    0.0000000000E+00,    3.1292795665E+02
    190100,      0.676961,CP4_after_advection,   1,    0.0000000000E+00,    3.1294203739E+02,    3.1294203739E+02,    0.0000000000E+00,    0.0000000000E+00,    0.0000000000E+00,    3.1294203739E+02
    190100,      0.676961,CP5_after_vdif,   1,    0.0000000000E+00,    3.1294203739E+02,    3.1294203739E+02,    0.0000000000E+00,    0.0000000000E+00,    0.0000000000E+00,    3.1294203739E+02
    190100,      0.676961,CP6_after_kinetics,   1,    0.0000000000E+00,    3.1294203739E+02,    3.1294203739E+02,    0.0000000000E+00,    0.0000000000E+00,    0.0000000000E+00,    3.1294203739E+02
    190100,      0.676961,CP7_after_upper_clamp,   1,    0.0000000000E+00,    3.1294203739E+02,    3.1294203739E+02,    0.0000000000E+00,    0.0000000000E+00,    0.0000000000E+00,    3.1294203739E+02
    190100,      0.676961,CP8_after_OBC,   1,    0.0000000000E+00,    3.1294203739E+02,    3.1294203739E+02,    0.0000000000E+00,    0.0000000000E+00,    0.0000000000E+00,    3.1294203739E+02
    190100,      0.676961,CP9_after_PTsource,   1,    0.0000000000E+00,    3.1294203739E+02,    3.1294203739E+02,    0.0000000000E+00,    0.0000000000E+00,    0.0000000000E+00,    3.1294203739E+02
    190100,      0.676961,CP10_after_neg_clamp,   1,    0.0000000000E+00,    3.1294203739E+02,    3.1294203739E+02,    0.0000000000E+00,    0.0000000000E+00,    0.0000000000E+00,    3.1294203739E+02
    190100,      0.676961,CP11_after_MPI,   1,    0.0000000000E+00,    3.1294203739E+02,    3.1294203739E+02,    0.0000000000E+00,    0.0000000000E+00,    0.0000000000E+00,    3.1294203739E+02
    190100,      0.676961,CP12_end,   1,    0.0000000000E+00,    3.1294203739E+02,    3.1294203739E+02,    0.0000000000E+00,    0.0000000000E+00,    0.0000000000E+00,    3.1294203739E+02
    190150,      0.676961,CP0_start,   1,    0.0000000000E+00,    3.1311346757E+02,    3.1311346757E+02,    0.0000000000E+00,    0.0000000000E+00,    0.0000000000E+00,    3.1311346757E+02
    190150,      0.676961,CP1_after_deposition,   1,    0.0000000000E+00,    3.1311346757E+02,    3.1311346757E+02,    0.0000000000E+00,    0.0000000000E+00,    0.0000000000E+00,    3.1311346757E+02
    190150,      0.676961,CP2_after_erosion,   1,    0.0000000000E+00,    3.1311346757E+02,    3.1311346757E+02,    0.0000000000E+00,    0.0000000000E+00,    0.0000000000E+00,    3.1311346757E+02
    190150,      0.676961,CP3_after_update_bottom,   1,    0.0000000000E+00,    3.1311346757E+02,    3.1311346757E+02,    0.0000000000E+00,    0.0000000000E+00,    0.0000000000E+00,    3.1311346757E+02
    190150,      0.676961,CP4_after_advection,   1,    0.0000000000E+00,    3.1312756159E+02,    3.1312756159E+02,    0.0000000000E+00,    0.0000000000E+00,    0.0000000000E+00,    3.1312756159E+02
    190150,      0.676961,CP5_after_vdif,   1,    0.0000000000E+00,    3.1312756159E+02,    3.1312756159E+02,    0.0000000000E+00,    0.0000000000E+00,    0.0000000000E+00,    3.1312756159E+02
    190150,      0.676961,CP6_after_kinetics,   1,    0.0000000000E+00,    3.1312756159E+02,    3.1312756159E+02,    0.0000000000E+00,    0.0000000000E+00,    0.0000000000E+00,    3.1312756159E+02
    190150,      0.676961,CP7_after_upper_clamp,   1,    0.0000000000E+00,    3.1312756159E+02,    3.1312756159E+02,    0.0000000000E+00,    0.0000000000E+00,    0.0000000000E+00,    3.1312756159E+02
    190150,      0.676961,CP8_after_OBC,   1,    0.0000000000E+00,    3.1312756159E+02,    3.1312756159E+02,    0.0000000000E+00,    0.0000000000E+00,    0.0000000000E+00,    3.1312756159E+02
    190150,      0.676961,CP9_after_PTsource,   1,    0.0000000000E+00,    3.1312756159E+02,    3.1312756159E+02,    0.0000000000E+00,    0.0000000000E+00,    0.0000000000E+00,    3.1312756159E+02
    190150,      0.676961,CP10_after_neg_clamp,   1,    0.0000000000E+00,    3.1312756159E+02,    3.1312756159E+02,    0.0000000000E+00,    0.0000000000E+00,    0.0000000000E+00,    3.1312756159E+02
    190150,      0.676961,CP11_after_MPI,   1,    0.0000000000E+00,    3.1312756159E+02,    3.1312756159E+02,    0.0000000000E+00,    0.0000000000E+00,    0.0000000000E+00,    3.1312756159E+02
    190150,      0.676961,CP12_end,   1,    0.0000000000E+00,    3.1312756159E+02,    3.1312756159E+02,    0.0000000000E+00,    0.0000000000E+00,    0.0000000000E+00,    3.1312756159E+02
    190200,      0.676961,CP0_start,   1,    0.0000000000E+00,    3.1330083721E+02,    3.1330083721E+02,    0.0000000000E+00,    0.0000000000E+00,    0.0000000000E+00,    3.1330083721E+02
    190200,      0.676961,CP1_after_deposition,   1,    0.0000000000E+00,    3.1330083721E+02,    3.1330083721E+02,    0.0000000000E+00,    0.0000000000E+00,    0.0000000000E+00,    3.1330083721E+02
    190200,      0.676961,CP2_after_erosion,   1,    0.0000000000E+00,    3.1330083721E+02,    3.1330083721E+02,    0.0000000000E+00,    0.0000000000E+00,    0.0000000000E+00,    3.1330083721E+02
    190200,      0.676961,CP3_after_update_bottom,   1,    0.0000000000E+00,    3.1330083721E+02,    3.1330083721E+02,    0.0000000000E+00,    0.0000000000E+00,    0.0000000000E+00,    3.1330083721E+02
    190200,      0.676961,CP4_after_advection,   1,    0.0000000000E+00,    3.1331495504E+02,    3.1331495504E+02,    0.0000000000E+00,    0.0000000000E+00,    0.0000000000E+00,    3.1331495504E+02
    190200,      0.676961,CP5_after_vdif,   1,    0.0000000000E+00,    3.1331495504E+02,    3.1331495504E+02,    0.0000000000E+00,    0.0000000000E+00,    0.0000000000E+00,    3.1331495504E+02
    190200,      0.676961,CP6_after_kinetics,   1,    0.0000000000E+00,    3.1331495504E+02,    3.1331495504E+02,    0.0000000000E+00,    0.0000000000E+00,    0.0000000000E+00,    3.1331495504E+02
    190200,      0.676961,CP7_after_upper_clamp,   1,    0.0000000000E+00,    3.1331495504E+02,    3.1331495504E+02,    0.0000000000E+00,    0.0000000000E+00,    0.0000000000E+00,    3.1331495504E+02
    190200,      0.676961,CP8_after_OBC,   1,    0.0000000000E+00,    3.1331495504E+02,    3.1331495504E+02,    0.0000000000E+00,    0.0000000000E+00,    0.0000000000E+00,    3.1331495504E+02
    190200,      0.676961,CP9_after_PTsource,   1,    0.0000000000E+00,    3.1331495504E+02,    3.1331495504E+02,    0.0000000000E+00,    0.0000000000E+00,    0.0000000000E+00,    3.1331495504E+02
    190200,      0.676961,CP10_after_neg_clamp,   1,    0.0000000000E+00,    3.1331495504E+02,    3.1331495504E+02,    0.0000000000E+00,    0.0000000000E+00,    0.0000000000E+00,    3.1331495504E+02
    190200,      0.676961,CP11_after_MPI,   1,    0.0000000000E+00,    3.1331495504E+02,    3.1331495504E+02,    0.0000000000E+00,    0.0000000000E+00,    0.0000000000E+00,    3.1331495504E+02
    190200,      0.676961,CP12_end,   1,    0.0000000000E+00,    3.1331495504E+02,    3.1331495504E+02,    0.0000000000E+00,    0.0000000000E+00,    0.0000000000E+00,    3.1331495504E+02
    190250,      0.676961,CP0_start,   1,    0.0000000000E+00,    3.1349080850E+02,    3.1349080850E+02,    0.0000000000E+00,    0.0000000000E+00,    0.0000000000E+00,    3.1349080850E+02
    190250,      0.676961,CP1_after_deposition,   1,    0.0000000000E+00,    3.1349080850E+02,    3.1349080850E+02,    0.0000000000E+00,    0.0000000000E+00,    0.0000000000E+00,    3.1349080850E+02
    190250,      0.676961,CP2_after_erosion,   1,    0.0000000000E+00,    3.1349080850E+02,    3.1349080850E+02,    0.0000000000E+00,    0.0000000000E+00,    0.0000000000E+00,    3.1349080850E+02
    190250,      0.676961,CP3_after_update_bottom,   1,    0.0000000000E+00,    3.1349080850E+02,    3.1349080850E+02,    0.0000000000E+00,    0.0000000000E+00,    0.0000000000E+00,    3.1349080850E+02
    190250,      0.676961,CP4_after_advection,   1,    0.0000000000E+00,    3.1350495232E+02,    3.1350495232E+02,    0.0000000000E+00,    0.0000000000E+00,    0.0000000000E+00,    3.1350495232E+02
    190250,      0.676961,CP5_after_vdif,   1,    0.0000000000E+00,    3.1350495232E+02,    3.1350495232E+02,    0.0000000000E+00,    0.0000000000E+00,    0.0000000000E+00,    3.1350495232E+02
    190250,      0.676961,CP6_after_kinetics,   1,    0.0000000000E+00,    3.1350495232E+02,    3.1350495232E+02,    0.0000000000E+00,    0.0000000000E+00,    0.0000000000E+00,    3.1350495232E+02
    190250,      0.676961,CP7_after_upper_clamp,   1,    0.0000000000E+00,    3.1350495232E+02,    3.1350495232E+02,    0.0000000000E+00,    0.0000000000E+00,    0.0000000000E+00,    3.1350495232E+02
    190250,      0.676961,CP8_after_OBC,   1,    0.0000000000E+00,    3.1350495232E+02,    3.1350495232E+02,    0.0000000000E+00,    0.0000000000E+00,    0.0000000000E+00,    3.1350495232E+02
    190250,      0.676961,CP9_after_PTsource,   1,    0.0000000000E+00,    3.1350495232E+02,    3.1350495232E+02,    0.0000000000E+00,    0.0000000000E+00,    0.0000000000E+00,    3.1350495232E+02
    190250,      0.676961,CP10_after_neg_clamp,   1,    0.0000000000E+00,    3.1350495232E+02,    3.1350495232E+02,    0.0000000000E+00,    0.0000000000E+00,    0.0000000000E+00,    3.1350495232E+02
    190250,      0.676961,CP11_after_MPI,   1,    0.0000000000E+00,    3.1350495232E+02,    3.1350495232E+02,    0.0000000000E+00,    0.0000000000E+00,    0.0000000000E+00,    3.1350495232E+02
    190250,      0.676961,CP12_end,   1,    0.0000000000E+00,    3.1350495232E+02,    3.1350495232E+02,    0.0000000000E+00,    0.0000000000E+00,    0.0000000000E+00,    3.1350495232E+02
    190300,      0.676961,CP0_start,   1,    0.0000000000E+00,    3.1368360933E+02,    3.1368360933E+02,    0.0000000000E+00,    0.0000000000E+00,    0.0000000000E+00,    3.1368360933E+02
    190300,      0.676961,CP1_after_deposition,   1,    0.0000000000E+00,    3.1368360933E+02,    3.1368360933E+02,    0.0000000000E+00,    0.0000000000E+00,    0.0000000000E+00,    3.1368360933E+02
    190300,      0.676961,CP2_after_erosion,   1,    0.0000000000E+00,    3.1368360933E+02,    3.1368360933E+02,    0.0000000000E+00,    0.0000000000E+00,    0.0000000000E+00,    3.1368360933E+02
    190300,      0.676961,CP3_after_update_bottom,   1,    0.0000000000E+00,    3.1368360933E+02,    3.1368360933E+02,    0.0000000000E+00,    0.0000000000E+00,    0.0000000000E+00,    3.1368360933E+02
    190300,      0.676961,CP4_after_advection,   1,    0.0000000000E+00,    3.1369777822E+02,    3.1369777822E+02,    0.0000000000E+00,    0.0000000000E+00,    0.0000000000E+00,    3.1369777822E+02
    190300,      0.676961,CP5_after_vdif,   1,    0.0000000000E+00,    3.1369777822E+02,    3.1369777822E+02,    0.0000000000E+00,    0.0000000000E+00,    0.0000000000E+00,    3.1369777822E+02
    190300,      0.676961,CP6_after_kinetics,   1,    0.0000000000E+00,    3.1369777822E+02,    3.1369777822E+02,    0.0000000000E+00,    0.0000000000E+00,    0.0000000000E+00,    3.1369777822E+02
    190300,      0.676961,CP7_after_upper_clamp,   1,    0.0000000000E+00,    3.1369777822E+02,    3.1369777822E+02,    0.0000000000E+00,    0.0000000000E+00,    0.0000000000E+00,    3.1369777822E+02
    190300,      0.676961,CP8_after_OBC,   1,    0.0000000000E+00,    3.1369777822E+02,    3.1369777822E+02,    0.0000000000E+00,    0.0000000000E+00,    0.0000000000E+00,    3.1369777822E+02
    190300,      0.676961,CP9_after_PTsource,   1,    0.0000000000E+00,    3.1369777822E+02,    3.1369777822E+02,    0.0000000000E+00,    0.0000000000E+00,    0.0000000000E+00,    3.1369777822E+02
    190300,      0.676961,CP10_after_neg_clamp,   1,    0.0000000000E+00,    3.1369777822E+02,    3.1369777822E+02,    0.0000000000E+00,    0.0000000000E+00,    0.0000000000E+00,    3.1369777822E+02
    190300,      0.676961,CP11_after_MPI,   1,    0.0000000000E+00,    3.1369777822E+02,    3.1369777822E+02,    0.0000000000E+00,    0.0000000000E+00,    0.0000000000E+00,    3.1369777822E+02
    190300,      0.676961,CP12_end,   1,    0.0000000000E+00,    3.1369777822E+02,    3.1369777822E+02,    0.0000000000E+00,    0.0000000000E+00,    0.0000000000E+00,    3.1369777822E+02
    190350,      0.676961,CP0_start,   1,    0.0000000000E+00,    3.1387935613E+02,    3.1387935613E+02,    0.0000000000E+00,    0.0000000000E+00,    0.0000000000E+00,    3.1387935613E+02
    190350,      0.676961,CP1_after_deposition,   1,    0.0000000000E+00,    3.1387935613E+02,    3.1387935613E+02,    0.0000000000E+00,    0.0000000000E+00,    0.0000000000E+00,    3.1387935613E+02
    190350,      0.676961,CP2_after_erosion,   1,    0.0000000000E+00,    3.1387935613E+02,    3.1387935613E+02,    0.0000000000E+00,    0.0000000000E+00,    0.0000000000E+00,    3.1387935613E+02
    190350,      0.676961,CP3_after_update_bottom,   1,    0.0000000000E+00,    3.1387935613E+02,    3.1387935613E+02,    0.0000000000E+00,    0.0000000000E+00,    0.0000000000E+00,    3.1387935613E+02
    190350,      0.676961,CP4_after_advection,   1,    0.0000000000E+00,    3.1389355035E+02,    3.1389355035E+02,    0.0000000000E+00,    0.0000000000E+00,    0.0000000000E+00,    3.1389355035E+02
    190350,      0.676961,CP5_after_vdif,   1,    0.0000000000E+00,    3.1389355035E+02,    3.1389355035E+02,    0.0000000000E+00,    0.0000000000E+00,    0.0000000000E+00,    3.1389355035E+02
    190350,      0.676961,CP6_after_kinetics,   1,    0.0000000000E+00,    3.1389355035E+02,    3.1389355035E+02,    0.0000000000E+00,    0.0000000000E+00,    0.0000000000E+00,    3.1389355035E+02
    190350,      0.676961,CP7_after_upper_clamp,   1,    0.0000000000E+00,    3.1389355035E+02,    3.1389355035E+02,    0.0000000000E+00,    0.0000000000E+00,    0.0000000000E+00,    3.1389355035E+02
    190350,      0.676961,CP8_after_OBC,   1,    0.0000000000E+00,    3.1389355035E+02,    3.1389355035E+02,    0.0000000000E+00,    0.0000000000E+00,    0.0000000000E+00,    3.1389355035E+02
    190350,      0.676961,CP9_after_PTsource,   1,    0.0000000000E+00,    3.1389355035E+02,    3.1389355035E+02,    0.0000000000E+00,    0.0000000000E+00,    0.0000000000E+00,    3.1389355035E+02
    190350,      0.676961,CP10_after_neg_clamp,   1,    0.0000000000E+00,    3.1389355035E+02,    3.1389355035E+02,    0.0000000000E+00,    0.0000000000E+00,    0.0000000000E+00,    3.1389355035E+02
    190350,      0.676961,CP11_after_MPI,   1,    0.0000000000E+00,    3.1389355035E+02,    3.1389355035E+02,    0.0000000000E+00,    0.0000000000E+00,    0.0000000000E+00,    3.1389355035E+02
    190350,      0.676961,CP12_end,   1,    0.0000000000E+00,    3.1389355035E+02,    3.1389355035E+02,    0.0000000000E+00,    0.0000000000E+00,    0.0000000000E+00,    3.1389355035E+02
    190400,      0.676961,CP0_start,   1,    0.0000000000E+00,    3.1407779311E+02,    3.1407779311E+02,    0.0000000000E+00,    0.0000000000E+00,    0.0000000000E+00,    3.1407779311E+02
    190400,      0.676961,CP1_after_deposition,   1,    0.0000000000E+00,    3.1407779311E+02,    3.1407779311E+02,    0.0000000000E+00,    0.0000000000E+00,    0.0000000000E+00,    3.1407779311E+02
    190400,      0.676961,CP2_after_erosion,   1,    0.0000000000E+00,    3.1407779311E+02,    3.1407779311E+02,    0.0000000000E+00,    0.0000000000E+00,    0.0000000000E+00,    3.1407779311E+02
    190400,      0.676961,CP3_after_update_bottom,   1,    0.0000000000E+00,    3.1407779311E+02,    3.1407779311E+02,    0.0000000000E+00,    0.0000000000E+00,    0.0000000000E+00,    3.1407779311E+02
    190400,      0.676961,CP4_after_advection,   1,    0.0000000000E+00,    3.1409200929E+02,    3.1409200929E+02,    0.0000000000E+00,    0.0000000000E+00,    0.0000000000E+00,    3.1409200929E+02
    190400,      0.676961,CP5_after_vdif,   1,    0.0000000000E+00,    3.1409200929E+02,    3.1409200929E+02,    0.0000000000E+00,    0.0000000000E+00,    0.0000000000E+00,    3.1409200929E+02
    190400,      0.676961,CP6_after_kinetics,   1,    0.0000000000E+00,    3.1409200929E+02,    3.1409200929E+02,    0.0000000000E+00,    0.0000000000E+00,    0.0000000000E+00,    3.1409200929E+02
    190400,      0.676961,CP7_after_upper_clamp,   1,    0.0000000000E+00,    3.1409200929E+02,    3.1409200929E+02,    0.0000000000E+00,    0.0000000000E+00,    0.0000000000E+00,    3.1409200929E+02
    190400,      0.676961,CP8_after_OBC,   1,    0.0000000000E+00,    3.1409200929E+02,    3.1409200929E+02,    0.0000000000E+00,    0.0000000000E+00,    0.0000000000E+00,    3.1409200929E+02
    190400,      0.676961,CP9_after_PTsource,   1,    0.0000000000E+00,    3.1409200929E+02,    3.1409200929E+02,    0.0000000000E+00,    0.0000000000E+00,    0.0000000000E+00,    3.1409200929E+02
    190400,      0.676961,CP10_after_neg_clamp,   1,    0.0000000000E+00,    3.1409200929E+02,    3.1409200929E+02,    0.0000000000E+00,    0.0000000000E+00,    0.0000000000E+00,    3.1409200929E+02
    190400,      0.676961,CP11_after_MPI,   1,    0.0000000000E+00,    3.1409200929E+02,    3.1409200929E+02,    0.0000000000E+00,    0.0000000000E+00,    0.0000000000E+00,    3.1409200929E+02
    190400,      0.676961,CP12_end,   1,    0.0000000000E+00,    3.1409200929E+02,    3.1409200929E+02,    0.0000000000E+00,    0.0000000000E+00,    0.0000000000E+00,    3.1409200929E+02
    190450,      0.676961,CP0_start,   1,    0.0000000000E+00,    3.1427853894E+02,    3.1427853894E+02,    0.0000000000E+00,    0.0000000000E+00,    0.0000000000E+00,    3.1427853894E+02
    190450,      0.676961,CP1_after_deposition,   1,    0.0000000000E+00,    3.1427853894E+02,    3.1427853894E+02,    0.0000000000E+00,    0.0000000000E+00,    0.0000000000E+00,    3.1427853894E+02
    190450,      0.676961,CP2_after_erosion,   1,    0.0000000000E+00,    3.1427853894E+02,    3.1427853894E+02,    0.0000000000E+00,    0.0000000000E+00,    0.0000000000E+00,    3.1427853894E+02
    190450,      0.676961,CP3_after_update_bottom,   1,    0.0000000000E+00,    3.1427853894E+02,    3.1427853894E+02,    0.0000000000E+00,    0.0000000000E+00,    0.0000000000E+00,    3.1427853894E+02
    190450,      0.676961,CP4_after_advection,   1,    0.0000000000E+00,    3.1429276427E+02,    3.1429276427E+02,    0.0000000000E+00,    0.0000000000E+00,    0.0000000000E+00,    3.1429276427E+02
    190450,      0.676961,CP5_after_vdif,   1,    0.0000000000E+00,    3.1429276427E+02,    3.1429276427E+02,    0.0000000000E+00,    0.0000000000E+00,    0.0000000000E+00,    3.1429276427E+02
    190450,      0.676961,CP6_after_kinetics,   1,    0.0000000000E+00,    3.1429276427E+02,    3.1429276427E+02,    0.0000000000E+00,    0.0000000000E+00,    0.0000000000E+00,    3.1429276427E+02
    190450,      0.676961,CP7_after_upper_clamp,   1,    0.0000000000E+00,    3.1429276427E+02,    3.1429276427E+02,    0.0000000000E+00,    0.0000000000E+00,    0.0000000000E+00,    3.1429276427E+02
    190450,      0.676961,CP8_after_OBC,   1,    0.0000000000E+00,    3.1429276427E+02,    3.1429276427E+02,    0.0000000000E+00,    0.0000000000E+00,    0.0000000000E+00,    3.1429276427E+02
    190450,      0.676961,CP9_after_PTsource,   1,    0.0000000000E+00,    3.1429276427E+02,    3.1429276427E+02,    0.0000000000E+00,    0.0000000000E+00,    0.0000000000E+00,    3.1429276427E+02
    190450,      0.676961,CP10_after_neg_clamp,   1,    0.0000000000E+00,    3.1429276427E+02,    3.1429276427E+02,    0.0000000000E+00,    0.0000000000E+00,    0.0000000000E+00,    3.1429276427E+02
    190450,      0.676961,CP11_after_MPI,   1,    0.0000000000E+00,    3.1429276427E+02,    3.1429276427E+02,    0.0000000000E+00,    0.0000000000E+00,    0.0000000000E+00,    3.1429276427E+02
    190450,      0.676961,CP12_end,   1,    0.0000000000E+00,    3.1429276427E+02,    3.1429276427E+02,    0.0000000000E+00,    0.0000000000E+00,    0.0000000000E+00,    3.1429276427E+02
    190500,      0.676961,CP0_start,   1,    0.0000000000E+00,    3.1448119128E+02,    3.1448119128E+02,    0.0000000000E+00,    0.0000000000E+00,    0.0000000000E+00,    3.1448119128E+02
    190500,      0.676961,CP1_after_deposition,   1,    0.0000000000E+00,    3.1448119128E+02,    3.1448119128E+02,    0.0000000000E+00,    0.0000000000E+00,    0.0000000000E+00,    3.1448119128E+02
    190500,      0.676961,CP2_after_erosion,   1,    0.0000000000E+00,    3.1448119128E+02,    3.1448119128E+02,    0.0000000000E+00,    0.0000000000E+00,    0.0000000000E+00,    3.1448119128E+02
    190500,      0.676961,CP3_after_update_bottom,   1,    0.0000000000E+00,    3.1448119128E+02,    3.1448119128E+02,    0.0000000000E+00,    0.0000000000E+00,    0.0000000000E+00,    3.1448119128E+02
    190500,      0.676961,CP4_after_advection,   1,    0.0000000000E+00,    3.1449541480E+02,    3.1449541480E+02,    0.0000000000E+00,    0.0000000000E+00,    0.0000000000E+00,    3.1449541480E+02
    190500,      0.676961,CP5_after_vdif,   1,    0.0000000000E+00,    3.1449541480E+02,    3.1449541480E+02,    0.0000000000E+00,    0.0000000000E+00,    0.0000000000E+00,    3.1449541480E+02
    190500,      0.676961,CP6_after_kinetics,   1,    0.0000000000E+00,    3.1449541480E+02,    3.1449541480E+02,    0.0000000000E+00,    0.0000000000E+00,    0.0000000000E+00,    3.1449541480E+02
    190500,      0.676961,CP7_after_upper_clamp,   1,    0.0000000000E+00,    3.1449541480E+02,    3.1449541480E+02,    0.0000000000E+00,    0.0000000000E+00,    0.0000000000E+00,    3.1449541480E+02
    190500,      0.676961,CP8_after_OBC,   1,    0.0000000000E+00,    3.1449541480E+02,    3.1449541480E+02,    0.0000000000E+00,    0.0000000000E+00,    0.0000000000E+00,    3.1449541480E+02
    190500,      0.676961,CP9_after_PTsource,   1,    0.0000000000E+00,    3.1449541480E+02,    3.1449541480E+02,    0.0000000000E+00,    0.0000000000E+00,    0.0000000000E+00,    3.1449541480E+02
    190500,      0.676961,CP10_after_neg_clamp,   1,    0.0000000000E+00,    3.1449541480E+02,    3.1449541480E+02,    0.0000000000E+00,    0.0000000000E+00,    0.0000000000E+00,    3.1449541480E+02
    190500,      0.676961,CP11_after_MPI,   1,    0.0000000000E+00,    3.1449541480E+02,    3.1449541480E+02,    0.0000000000E+00,    0.0000000000E+00,    0.0000000000E+00,    3.1449541480E+02
    190500,      0.676961,CP12_end,   1,    0.0000000000E+00,    3.1449541480E+02,    3.1449541480E+02,    0.0000000000E+00,    0.0000000000E+00,    0.0000000000E+00,    3.1449541480E+02
    190550,      0.676961,CP0_start,   1,    0.0000000000E+00,    3.1468530376E+02,    3.1468530376E+02,    0.0000000000E+00,    0.0000000000E+00,    0.0000000000E+00,    3.1468530376E+02
    190550,      0.676961,CP1_after_deposition,   1,    0.0000000000E+00,    3.1468530376E+02,    3.1468530376E+02,    0.0000000000E+00,    0.0000000000E+00,    0.0000000000E+00,    3.1468530376E+02
    190550,      0.676961,CP2_after_erosion,   1,    0.0000000000E+00,    3.1468530376E+02,    3.1468530376E+02,    0.0000000000E+00,    0.0000000000E+00,    0.0000000000E+00,    3.1468530376E+02
    190550,      0.676961,CP3_after_update_bottom,   1,    0.0000000000E+00,    3.1468530376E+02,    3.1468530376E+02,    0.0000000000E+00,    0.0000000000E+00,    0.0000000000E+00,    3.1468530376E+02
    190550,      0.676961,CP4_after_advection,   1,    0.0000000000E+00,    3.1469951618E+02,    3.1469951618E+02,    0.0000000000E+00,    0.0000000000E+00,    0.0000000000E+00,    3.1469951618E+02
    190550,      0.676961,CP5_after_vdif,   1,    0.0000000000E+00,    3.1469951618E+02,    3.1469951618E+02,    0.0000000000E+00,    0.0000000000E+00,    0.0000000000E+00,    3.1469951618E+02
    190550,      0.676961,CP6_after_kinetics,   1,    0.0000000000E+00,    3.1469951618E+02,    3.1469951618E+02,    0.0000000000E+00,    0.0000000000E+00,    0.0000000000E+00,    3.1469951618E+02
    190550,      0.676961,CP7_after_upper_clamp,   1,    0.0000000000E+00,    3.1469951618E+02,    3.1469951618E+02,    0.0000000000E+00,    0.0000000000E+00,    0.0000000000E+00,    3.1469951618E+02
    190550,      0.676961,CP8_after_OBC,   1,    0.0000000000E+00,    3.1469951618E+02,    3.1469951618E+02,    0.0000000000E+00,    0.0000000000E+00,    0.0000000000E+00,    3.1469951618E+02
    190550,      0.676961,CP9_after_PTsource,   1,    0.0000000000E+00,    3.1469951618E+02,    3.1469951618E+02,    0.0000000000E+00,    0.0000000000E+00,    0.0000000000E+00,    3.1469951618E+02
    190550,      0.676961,CP10_after_neg_clamp,   1,    0.0000000000E+00,    3.1469951618E+02,    3.1469951618E+02,    0.0000000000E+00,    0.0000000000E+00,    0.0000000000E+00,    3.1469951618E+02
    190550,      0.676961,CP11_after_MPI,   1,    0.0000000000E+00,    3.1469951618E+02,    3.1469951618E+02,    0.0000000000E+00,    0.0000000000E+00,    0.0000000000E+00,    3.1469951618E+02
    190550,      0.676961,CP12_end,   1,    0.0000000000E+00,    3.1469951618E+02,    3.1469951618E+02,    0.0000000000E+00,    0.0000000000E+00,    0.0000000000E+00,    3.1469951618E+02
    190600,      0.676961,CP0_start,   1,    0.0000000000E+00,    3.1489030402E+02,    3.1489030402E+02,    0.0000000000E+00,    0.0000000000E+00,    0.0000000000E+00,    3.1489030402E+02
    190600,      0.676961,CP1_after_deposition,   1,    0.0000000000E+00,    3.1489030402E+02,    3.1489030402E+02,    0.0000000000E+00,    0.0000000000E+00,    0.0000000000E+00,    3.1489030402E+02
    190600,      0.676961,CP2_after_erosion,   1,    0.0000000000E+00,    3.1489030402E+02,    3.1489030402E+02,    0.0000000000E+00,    0.0000000000E+00,    0.0000000000E+00,    3.1489030402E+02
    190600,      0.676961,CP3_after_update_bottom,   1,    0.0000000000E+00,    3.1489030402E+02,    3.1489030402E+02,    0.0000000000E+00,    0.0000000000E+00,    0.0000000000E+00,    3.1489030402E+02
    190600,      0.676961,CP4_after_advection,   1,    0.0000000000E+00,    3.1490448650E+02,    3.1490448650E+02,    0.0000000000E+00,    0.0000000000E+00,    0.0000000000E+00,    3.1490448650E+02
    190600,      0.676961,CP5_after_vdif,   1,    0.0000000000E+00,    3.1490448650E+02,    3.1490448650E+02,    0.0000000000E+00,    0.0000000000E+00,    0.0000000000E+00,    3.1490448650E+02
    190600,      0.676961,CP6_after_kinetics,   1,    0.0000000000E+00,    3.1490448650E+02,    3.1490448650E+02,    0.0000000000E+00,    0.0000000000E+00,    0.0000000000E+00,    3.1490448650E+02
    190600,      0.676961,CP7_after_upper_clamp,   1,    0.0000000000E+00,    3.1490448650E+02,    3.1490448650E+02,    0.0000000000E+00,    0.0000000000E+00,    0.0000000000E+00,    3.1490448650E+02
    190600,      0.676961,CP8_after_OBC,   1,    0.0000000000E+00,    3.1490448650E+02,    3.1490448650E+02,    0.0000000000E+00,    0.0000000000E+00,    0.0000000000E+00,    3.1490448650E+02
    190600,      0.676961,CP9_after_PTsource,   1,    0.0000000000E+00,    3.1490448650E+02,    3.1490448650E+02,    0.0000000000E+00,    0.0000000000E+00,    0.0000000000E+00,    3.1490448650E+02
    190600,      0.676961,CP10_after_neg_clamp,   1,    0.0000000000E+00,    3.1490448650E+02,    3.1490448650E+02,    0.0000000000E+00,    0.0000000000E+00,    0.0000000000E+00,    3.1490448650E+02
    190600,      0.676961,CP11_after_MPI,   1,    0.0000000000E+00,    3.1490448650E+02,    3.1490448650E+02,    0.0000000000E+00,    0.0000000000E+00,    0.0000000000E+00,    3.1490448650E+02
    190600,      0.676961,CP12_end,   1,    0.0000000000E+00,    3.1490448650E+02,    3.1490448650E+02,    0.0000000000E+00,    0.0000000000E+00,    0.0000000000E+00,    3.1490448650E+02
    190650,      0.676961,CP0_start,   1,    0.0000000000E+00,    3.1509544802E+02,    3.1509544802E+02,    0.0000000000E+00,    0.0000000000E+00,    0.0000000000E+00,    3.1509544802E+02
    190650,      0.676961,CP1_after_deposition,   1,    0.0000000000E+00,    3.1509544802E+02,    3.1509544802E+02,    0.0000000000E+00,    0.0000000000E+00,    0.0000000000E+00,    3.1509544802E+02
    190650,      0.676961,CP2_after_erosion,   1,    0.0000000000E+00,    3.1509544802E+02,    3.1509544802E+02,    0.0000000000E+00,    0.0000000000E+00,    0.0000000000E+00,    3.1509544802E+02
    190650,      0.676961,CP3_after_update_bottom,   1,    0.0000000000E+00,    3.1509544802E+02,    3.1509544802E+02,    0.0000000000E+00,    0.0000000000E+00,    0.0000000000E+00,    3.1509544802E+02
    190650,      0.676961,CP4_after_advection,   1,    0.0000000000E+00,    3.1510958248E+02,    3.1510958248E+02,    0.0000000000E+00,    0.0000000000E+00,    0.0000000000E+00,    3.1510958248E+02
    190650,      0.676961,CP5_after_vdif,   1,    0.0000000000E+00,    3.1510958248E+02,    3.1510958248E+02,    0.0000000000E+00,    0.0000000000E+00,    0.0000000000E+00,    3.1510958248E+02
    190650,      0.676961,CP6_after_kinetics,   1,    0.0000000000E+00,    3.1510958248E+02,    3.1510958248E+02,    0.0000000000E+00,    0.0000000000E+00,    0.0000000000E+00,    3.1510958248E+02
    190650,      0.676961,CP7_after_upper_clamp,   1,    0.0000000000E+00,    3.1510958248E+02,    3.1510958248E+02,    0.0000000000E+00,    0.0000000000E+00,    0.0000000000E+00,    3.1510958248E+02
    190650,      0.676961,CP8_after_OBC,   1,    0.0000000000E+00,    3.1510958248E+02,    3.1510958248E+02,    0.0000000000E+00,    0.0000000000E+00,    0.0000000000E+00,    3.1510958248E+02
    190650,      0.676961,CP9_after_PTsource,   1,    0.0000000000E+00,    3.1510958248E+02,    3.1510958248E+02,    0.0000000000E+00,    0.0000000000E+00,    0.0000000000E+00,    3.1510958248E+02
    190650,      0.676961,CP10_after_neg_clamp,   1,    0.0000000000E+00,    3.1510958248E+02,    3.1510958248E+02,    0.0000000000E+00,    0.0000000000E+00,    0.0000000000E+00,    3.1510958248E+02
    190650,      0.676961,CP11_after_MPI,   1,    0.0000000000E+00,    3.1510958248E+02,    3.1510958248E+02,    0.0000000000E+00,    0.0000000000E+00,    0.0000000000E+00,    3.1510958248E+02
    190650,      0.676961,CP12_end,   1,    0.0000000000E+00,    3.1510958248E+02,    3.1510958248E+02,    0.0000000000E+00,    0.0000000000E+00,    0.0000000000E+00,    3.1510958248E+02
    190700,      0.676961,CP0_start,   1,    0.0000000000E+00,    3.1529989133E+02,    3.1529989133E+02,    0.0000000000E+00,    0.0000000000E+00,    0.0000000000E+00,    3.1529989133E+02
    190700,      0.676961,CP1_after_deposition,   1,    0.0000000000E+00,    3.1529989133E+02,    3.1529989133E+02,    0.0000000000E+00,    0.0000000000E+00,    0.0000000000E+00,    3.1529989133E+02
    190700,      0.676961,CP2_after_erosion,   1,    0.0000000000E+00,    3.1529989133E+02,    3.1529989133E+02,    0.0000000000E+00,    0.0000000000E+00,    0.0000000000E+00,    3.1529989133E+02
    190700,      0.676961,CP3_after_update_bottom,   1,    0.0000000000E+00,    3.1529989133E+02,    3.1529989133E+02,    0.0000000000E+00,    0.0000000000E+00,    0.0000000000E+00,    3.1529989133E+02
    190700,      0.676961,CP4_after_advection,   1,    0.0000000000E+00,    3.1531396329E+02,    3.1531396329E+02,    0.0000000000E+00,    0.0000000000E+00,    0.0000000000E+00,    3.1531396329E+02
    190700,      0.676961,CP5_after_vdif,   1,    0.0000000000E+00,    3.1531396329E+02,    3.1531396329E+02,    0.0000000000E+00,    0.0000000000E+00,    0.0000000000E+00,    3.1531396329E+02
    190700,      0.676961,CP6_after_kinetics,   1,    0.0000000000E+00,    3.1531396329E+02,    3.1531396329E+02,    0.0000000000E+00,    0.0000000000E+00,    0.0000000000E+00,    3.1531396329E+02
    190700,      0.676961,CP7_after_upper_clamp,   1,    0.0000000000E+00,    3.1531396329E+02,    3.1531396329E+02,    0.0000000000E+00,    0.0000000000E+00,    0.0000000000E+00,    3.1531396329E+02
    190700,      0.676961,CP8_after_OBC,   1,    0.0000000000E+00,    3.1531396329E+02,    3.1531396329E+02,    0.0000000000E+00,    0.0000000000E+00,    0.0000000000E+00,    3.1531396329E+02
    190700,      0.676961,CP9_after_PTsource,   1,    0.0000000000E+00,    3.1531396329E+02,    3.1531396329E+02,    0.0000000000E+00,    0.0000000000E+00,    0.0000000000E+00,    3.1531396329E+02
    190700,      0.676961,CP10_after_neg_clamp,   1,    0.0000000000E+00,    3.1531396329E+02,    3.1531396329E+02,    0.0000000000E+00,    0.0000000000E+00,    0.0000000000E+00,    3.1531396329E+02
    190700,      0.676961,CP11_after_MPI,   1,    0.0000000000E+00,    3.1531396329E+02,    3.1531396329E+02,    0.0000000000E+00,    0.0000000000E+00,    0.0000000000E+00,    3.1531396329E+02
    190700,      0.676961,CP12_end,   1,    0.0000000000E+00,    3.1531396329E+02,    3.1531396329E+02,    0.0000000000E+00,    0.0000000000E+00,    0.0000000000E+00,    3.1531396329E+02
    190750,      0.676961,CP0_start,   1,    0.0000000000E+00,    3.1550307581E+02,    3.1550307581E+02,    0.0000000000E+00,    0.0000000000E+00,    0.0000000000E+00,    3.1550307581E+02
    190750,      0.676961,CP1_after_deposition,   1,    0.0000000000E+00,    3.1550307581E+02,    3.1550307581E+02,    0.0000000000E+00,    0.0000000000E+00,    0.0000000000E+00,    3.1550307581E+02
    190750,      0.676961,CP2_after_erosion,   1,    0.0000000000E+00,    3.1550307581E+02,    3.1550307581E+02,    0.0000000000E+00,    0.0000000000E+00,    0.0000000000E+00,    3.1550307581E+02
    190750,      0.676961,CP3_after_update_bottom,   1,    0.0000000000E+00,    3.1550307581E+02,    3.1550307581E+02,    0.0000000000E+00,    0.0000000000E+00,    0.0000000000E+00,    3.1550307581E+02
    190750,      0.676961,CP4_after_advection,   1,    0.0000000000E+00,    3.1551706788E+02,    3.1551706788E+02,    0.0000000000E+00,    0.0000000000E+00,    0.0000000000E+00,    3.1551706788E+02
    190750,      0.676961,CP5_after_vdif,   1,    0.0000000000E+00,    3.1551706788E+02,    3.1551706788E+02,    0.0000000000E+00,    0.0000000000E+00,    0.0000000000E+00,    3.1551706788E+02
    190750,      0.676961,CP6_after_kinetics,   1,    0.0000000000E+00,    3.1551706788E+02,    3.1551706788E+02,    0.0000000000E+00,    0.0000000000E+00,    0.0000000000E+00,    3.1551706788E+02
    190750,      0.676961,CP7_after_upper_clamp,   1,    0.0000000000E+00,    3.1551706788E+02,    3.1551706788E+02,    0.0000000000E+00,    0.0000000000E+00,    0.0000000000E+00,    3.1551706788E+02
    190750,      0.676961,CP8_after_OBC,   1,    0.0000000000E+00,    3.1551706788E+02,    3.1551706788E+02,    0.0000000000E+00,    0.0000000000E+00,    0.0000000000E+00,    3.1551706788E+02
    190750,      0.676961,CP9_after_PTsource,   1,    0.0000000000E+00,    3.1551706788E+02,    3.1551706788E+02,    0.0000000000E+00,    0.0000000000E+00,    0.0000000000E+00,    3.1551706788E+02
    190750,      0.676961,CP10_after_neg_clamp,   1,    0.0000000000E+00,    3.1551706788E+02,    3.1551706788E+02,    0.0000000000E+00,    0.0000000000E+00,    0.0000000000E+00,    3.1551706788E+02
    190750,      0.676961,CP11_after_MPI,   1,    0.0000000000E+00,    3.1551706788E+02,    3.1551706788E+02,    0.0000000000E+00,    0.0000000000E+00,    0.0000000000E+00,    3.1551706788E+02
    190750,      0.676961,CP12_end,   1,    0.0000000000E+00,    3.1551706788E+02,    3.1551706788E+02,    0.0000000000E+00,    0.0000000000E+00,    0.0000000000E+00,    3.1551706788E+02
    190800,      0.676961,CP0_start,   1,    0.0000000000E+00,    3.1570425691E+02,    3.1570425691E+02,    0.0000000000E+00,    0.0000000000E+00,    0.0000000000E+00,    3.1570425691E+02
    190800,      0.676961,CP1_after_deposition,   1,    0.0000000000E+00,    3.1570425691E+02,    3.1570425691E+02,    0.0000000000E+00,    0.0000000000E+00,    0.0000000000E+00,    3.1570425691E+02
    190800,      0.676961,CP2_after_erosion,   1,    0.0000000000E+00,    3.1570425691E+02,    3.1570425691E+02,    0.0000000000E+00,    0.0000000000E+00,    0.0000000000E+00,    3.1570425691E+02
    190800,      0.676961,CP3_after_update_bottom,   1,    0.0000000000E+00,    3.1570425691E+02,    3.1570425691E+02,    0.0000000000E+00,    0.0000000000E+00,    0.0000000000E+00,    3.1570425691E+02
    190800,      0.676961,CP4_after_advection,   1,    0.0000000000E+00,    3.1571816307E+02,    3.1571816307E+02,    0.0000000000E+00,    0.0000000000E+00,    0.0000000000E+00,    3.1571816307E+02
    190800,      0.676961,CP5_after_vdif,   1,    0.0000000000E+00,    3.1571816307E+02,    3.1571816307E+02,    0.0000000000E+00,    0.0000000000E+00,    0.0000000000E+00,    3.1571816307E+02
    190800,      0.676961,CP6_after_kinetics,   1,    0.0000000000E+00,    3.1571816307E+02,    3.1571816307E+02,    0.0000000000E+00,    0.0000000000E+00,    0.0000000000E+00,    3.1571816307E+02
    190800,      0.676961,CP7_after_upper_clamp,   1,    0.0000000000E+00,    3.1571816307E+02,    3.1571816307E+02,    0.0000000000E+00,    0.0000000000E+00,    0.0000000000E+00,    3.1571816307E+02
    190800,      0.676961,CP8_after_OBC,   1,    0.0000000000E+00,    3.1571816307E+02,    3.1571816307E+02,    0.0000000000E+00,    0.0000000000E+00,    0.0000000000E+00,    3.1571816307E+02
    190800,      0.676961,CP9_after_PTsource,   1,    0.0000000000E+00,    3.1571816307E+02,    3.1571816307E+02,    0.0000000000E+00,    0.0000000000E+00,    0.0000000000E+00,    3.1571816307E+02
    190800,      0.676961,CP10_after_neg_clamp,   1,    0.0000000000E+00,    3.1571816307E+02,    3.1571816307E+02,    0.0000000000E+00,    0.0000000000E+00,    0.0000000000E+00,    3.1571816307E+02
    190800,      0.676961,CP11_after_MPI,   1,    0.0000000000E+00,    3.1571816307E+02,    3.1571816307E+02,    0.0000000000E+00,    0.0000000000E+00,    0.0000000000E+00,    3.1571816307E+02
    190800,      0.676961,CP12_end,   1,    0.0000000000E+00,    3.1571816307E+02,    3.1571816307E+02,    0.0000000000E+00,    0.0000000000E+00,    0.0000000000E+00,    3.1571816307E+02
    190850,      0.676961,CP0_start,   1,    0.0000000000E+00,    3.1590307497E+02,    3.1590307497E+02,    0.0000000000E+00,    0.0000000000E+00,    0.0000000000E+00,    3.1590307497E+02
    190850,      0.676961,CP1_after_deposition,   1,    0.0000000000E+00,    3.1590307497E+02,    3.1590307497E+02,    0.0000000000E+00,    0.0000000000E+00,    0.0000000000E+00,    3.1590307497E+02
    190850,      0.676961,CP2_after_erosion,   1,    0.0000000000E+00,    3.1590307497E+02,    3.1590307497E+02,    0.0000000000E+00,    0.0000000000E+00,    0.0000000000E+00,    3.1590307497E+02
    190850,      0.676961,CP3_after_update_bottom,   1,    0.0000000000E+00,    3.1590307497E+02,    3.1590307497E+02,    0.0000000000E+00,    0.0000000000E+00,    0.0000000000E+00,    3.1590307497E+02
    190850,      0.676961,CP4_after_advection,   1,    0.0000000000E+00,    3.1591688256E+02,    3.1591688256E+02,    0.0000000000E+00,    0.0000000000E+00,    0.0000000000E+00,    3.1591688256E+02
    190850,      0.676961,CP5_after_vdif,   1,    0.0000000000E+00,    3.1591688256E+02,    3.1591688256E+02,    0.0000000000E+00,    0.0000000000E+00,    0.0000000000E+00,    3.1591688256E+02
    190850,      0.676961,CP6_after_kinetics,   1,    0.0000000000E+00,    3.1591688256E+02,    3.1591688256E+02,    0.0000000000E+00,    0.0000000000E+00,    0.0000000000E+00,    3.1591688256E+02
    190850,      0.676961,CP7_after_upper_clamp,   1,    0.0000000000E+00,    3.1591688256E+02,    3.1591688256E+02,    0.0000000000E+00,    0.0000000000E+00,    0.0000000000E+00,    3.1591688256E+02
    190850,      0.676961,CP8_after_OBC,   1,    0.0000000000E+00,    3.1591688256E+02,    3.1591688256E+02,    0.0000000000E+00,    0.0000000000E+00,    0.0000000000E+00,    3.1591688256E+02
    190850,      0.676961,CP9_after_PTsource,   1,    0.0000000000E+00,    3.1591688256E+02,    3.1591688256E+02,    0.0000000000E+00,    0.0000000000E+00,    0.0000000000E+00,    3.1591688256E+02
    190850,      0.676961,CP10_after_neg_clamp,   1,    0.0000000000E+00,    3.1591688256E+02,    3.1591688256E+02,    0.0000000000E+00,    0.0000000000E+00,    0.0000000000E+00,    3.1591688256E+02
    190850,      0.676961,CP11_after_MPI,   1,    0.0000000000E+00,    3.1591688256E+02,    3.1591688256E+02,    0.0000000000E+00,    0.0000000000E+00,    0.0000000000E+00,    3.1591688256E+02
    190850,      0.676961,CP12_end,   1,    0.0000000000E+00,    3.1591688256E+02,    3.1591688256E+02,    0.0000000000E+00,    0.0000000000E+00,    0.0000000000E+00,    3.1591688256E+02
    190900,      0.676961,CP0_start,   1,    0.0000000000E+00,    3.1609925214E+02,    3.1609925214E+02,    0.0000000000E+00,    0.0000000000E+00,    0.0000000000E+00,    3.1609925214E+02
    190900,      0.676961,CP1_after_deposition,   1,    0.0000000000E+00,    3.1609925214E+02,    3.1609925214E+02,    0.0000000000E+00,    0.0000000000E+00,    0.0000000000E+00,    3.1609925214E+02
    190900,      0.676961,CP2_after_erosion,   1,    0.0000000000E+00,    3.1609925214E+02,    3.1609925214E+02,    0.0000000000E+00,    0.0000000000E+00,    0.0000000000E+00,    3.1609925214E+02
    190900,      0.676961,CP3_after_update_bottom,   1,    0.0000000000E+00,    3.1609925214E+02,    3.1609925214E+02,    0.0000000000E+00,    0.0000000000E+00,    0.0000000000E+00,    3.1609925214E+02
    190900,      0.676961,CP4_after_advection,   1,    0.0000000000E+00,    3.1611296065E+02,    3.1611296065E+02,    0.0000000000E+00,    0.0000000000E+00,    0.0000000000E+00,    3.1611296065E+02
    190900,      0.676961,CP5_after_vdif,   1,    0.0000000000E+00,    3.1611296065E+02,    3.1611296065E+02,    0.0000000000E+00,    0.0000000000E+00,    0.0000000000E+00,    3.1611296065E+02
    190900,      0.676961,CP6_after_kinetics,   1,    0.0000000000E+00,    3.1611296065E+02,    3.1611296065E+02,    0.0000000000E+00,    0.0000000000E+00,    0.0000000000E+00,    3.1611296065E+02
    190900,      0.676961,CP7_after_upper_clamp,   1,    0.0000000000E+00,    3.1611296065E+02,    3.1611296065E+02,    0.0000000000E+00,    0.0000000000E+00,    0.0000000000E+00,    3.1611296065E+02
    190900,      0.676961,CP8_after_OBC,   1,    0.0000000000E+00,    3.1611296065E+02,    3.1611296065E+02,    0.0000000000E+00,    0.0000000000E+00,    0.0000000000E+00,    3.1611296065E+02
    190900,      0.676961,CP9_after_PTsource,   1,    0.0000000000E+00,    3.1611296065E+02,    3.1611296065E+02,    0.0000000000E+00,    0.0000000000E+00,    0.0000000000E+00,    3.1611296065E+02
    190900,      0.676961,CP10_after_neg_clamp,   1,    0.0000000000E+00,    3.1611296065E+02,    3.1611296065E+02,    0.0000000000E+00,    0.0000000000E+00,    0.0000000000E+00,    3.1611296065E+02
    190900,      0.676961,CP11_after_MPI,   1,    0.0000000000E+00,    3.1611296065E+02,    3.1611296065E+02,    0.0000000000E+00,    0.0000000000E+00,    0.0000000000E+00,    3.1611296065E+02
    190900,      0.676961,CP12_end,   1,    0.0000000000E+00,    3.1611296065E+02,    3.1611296065E+02,    0.0000000000E+00,    0.0000000000E+00,    0.0000000000E+00,    3.1611296065E+02
    190950,      0.676961,CP0_start,   1,    0.0000000000E+00,    3.1629287285E+02,    3.1629287285E+02,    0.0000000000E+00,    0.0000000000E+00,    0.0000000000E+00,    3.1629287285E+02
    190950,      0.676961,CP1_after_deposition,   1,    0.0000000000E+00,    3.1629287285E+02,    3.1629287285E+02,    0.0000000000E+00,    0.0000000000E+00,    0.0000000000E+00,    3.1629287285E+02
    190950,      0.676961,CP2_after_erosion,   1,    0.0000000000E+00,    3.1629287285E+02,    3.1629287285E+02,    0.0000000000E+00,    0.0000000000E+00,    0.0000000000E+00,    3.1629287285E+02
    190950,      0.676961,CP3_after_update_bottom,   1,    0.0000000000E+00,    3.1629287285E+02,    3.1629287285E+02,    0.0000000000E+00,    0.0000000000E+00,    0.0000000000E+00,    3.1629287285E+02
    190950,      0.676961,CP4_after_advection,   1,    0.0000000000E+00,    3.1630648702E+02,    3.1630648702E+02,    0.0000000000E+00,    0.0000000000E+00,    0.0000000000E+00,    3.1630648702E+02
    190950,      0.676961,CP5_after_vdif,   1,    0.0000000000E+00,    3.1630648702E+02,    3.1630648702E+02,    0.0000000000E+00,    0.0000000000E+00,    0.0000000000E+00,    3.1630648702E+02
    190950,      0.676961,CP6_after_kinetics,   1,    0.0000000000E+00,    3.1630648702E+02,    3.1630648702E+02,    0.0000000000E+00,    0.0000000000E+00,    0.0000000000E+00,    3.1630648702E+02
    190950,      0.676961,CP7_after_upper_clamp,   1,    0.0000000000E+00,    3.1630648702E+02,    3.1630648702E+02,    0.0000000000E+00,    0.0000000000E+00,    0.0000000000E+00,    3.1630648702E+02
    190950,      0.676961,CP8_after_OBC,   1,    0.0000000000E+00,    3.1630648702E+02,    3.1630648702E+02,    0.0000000000E+00,    0.0000000000E+00,    0.0000000000E+00,    3.1630648702E+02
    190950,      0.676961,CP9_after_PTsource,   1,    0.0000000000E+00,    3.1630648702E+02,    3.1630648702E+02,    0.0000000000E+00,    0.0000000000E+00,    0.0000000000E+00,    3.1630648702E+02
    190950,      0.676961,CP10_after_neg_clamp,   1,    0.0000000000E+00,    3.1630648702E+02,    3.1630648702E+02,    0.0000000000E+00,    0.0000000000E+00,    0.0000000000E+00,    3.1630648702E+02
    190950,      0.676961,CP11_after_MPI,   1,    0.0000000000E+00,    3.1630648702E+02,    3.1630648702E+02,    0.0000000000E+00,    0.0000000000E+00,    0.0000000000E+00,    3.1630648702E+02
    190950,      0.676961,CP12_end,   1,    0.0000000000E+00,    3.1630648702E+02,    3.1630648702E+02,    0.0000000000E+00,    0.0000000000E+00,    0.0000000000E+00,    3.1630648702E+02
    191000,      0.676961,CP0_start,   1,    0.0000000000E+00,    3.1648403049E+02,    3.1648403049E+02,    0.0000000000E+00,    0.0000000000E+00,    0.0000000000E+00,    3.1648403049E+02
    191000,      0.676961,CP1_after_deposition,   1,    0.0000000000E+00,    3.1648403049E+02,    3.1648403049E+02,    0.0000000000E+00,    0.0000000000E+00,    0.0000000000E+00,    3.1648403049E+02
    191000,      0.676961,CP2_after_erosion,   1,    0.0000000000E+00,    3.1648403049E+02,    3.1648403049E+02,    0.0000000000E+00,    0.0000000000E+00,    0.0000000000E+00,    3.1648403049E+02
    191000,      0.676961,CP3_after_update_bottom,   1,    0.0000000000E+00,    3.1648403049E+02,    3.1648403049E+02,    0.0000000000E+00,    0.0000000000E+00,    0.0000000000E+00,    3.1648403049E+02
    191000,      0.676961,CP4_after_advection,   1,    0.0000000000E+00,    3.1649754689E+02,    3.1649754689E+02,    0.0000000000E+00,    0.0000000000E+00,    0.0000000000E+00,    3.1649754689E+02
    191000,      0.676961,CP5_after_vdif,   1,    0.0000000000E+00,    3.1649754689E+02,    3.1649754689E+02,    0.0000000000E+00,    0.0000000000E+00,    0.0000000000E+00,    3.1649754689E+02
    191000,      0.676961,CP6_after_kinetics,   1,    0.0000000000E+00,    3.1649754689E+02,    3.1649754689E+02,    0.0000000000E+00,    0.0000000000E+00,    0.0000000000E+00,    3.1649754689E+02
    191000,      0.676961,CP7_after_upper_clamp,   1,    0.0000000000E+00,    3.1649754689E+02,    3.1649754689E+02,    0.0000000000E+00,    0.0000000000E+00,    0.0000000000E+00,    3.1649754689E+02
    191000,      0.676961,CP8_after_OBC,   1,    0.0000000000E+00,    3.1649754689E+02,    3.1649754689E+02,    0.0000000000E+00,    0.0000000000E+00,    0.0000000000E+00,    3.1649754689E+02
    191000,      0.676961,CP9_after_PTsource,   1,    0.0000000000E+00,    3.1649754689E+02,    3.1649754689E+02,    0.0000000000E+00,    0.0000000000E+00,    0.0000000000E+00,    3.1649754689E+02
    191000,      0.676961,CP10_after_neg_clamp,   1,    0.0000000000E+00,    3.1649754689E+02,    3.1649754689E+02,    0.0000000000E+00,    0.0000000000E+00,    0.0000000000E+00,    3.1649754689E+02
    191000,      0.676961,CP11_after_MPI,   1,    0.0000000000E+00,    3.1649754689E+02,    3.1649754689E+02,    0.0000000000E+00,    0.0000000000E+00,    0.0000000000E+00,    3.1649754689E+02
    191000,      0.676961,CP12_end,   1,    0.0000000000E+00,    3.1649754689E+02,    3.1649754689E+02,    0.0000000000E+00,    0.0000000000E+00,    0.0000000000E+00,    3.1649754689E+02
    191050,      0.676961,CP0_start,   1,    0.0000000000E+00,    3.1667305304E+02,    3.1667305304E+02,    0.0000000000E+00,    0.0000000000E+00,    0.0000000000E+00,    3.1667305304E+02
    191050,      0.676961,CP1_after_deposition,   1,    0.0000000000E+00,    3.1667305304E+02,    3.1667305304E+02,    0.0000000000E+00,    0.0000000000E+00,    0.0000000000E+00,    3.1667305304E+02
    191050,      0.676961,CP2_after_erosion,   1,    0.0000000000E+00,    3.1667305304E+02,    3.1667305304E+02,    0.0000000000E+00,    0.0000000000E+00,    0.0000000000E+00,    3.1667305304E+02
    191050,      0.676961,CP3_after_update_bottom,   1,    0.0000000000E+00,    3.1667305304E+02,    3.1667305304E+02,    0.0000000000E+00,    0.0000000000E+00,    0.0000000000E+00,    3.1667305304E+02
    191050,      0.676961,CP4_after_advection,   1,    0.0000000000E+00,    3.1668647668E+02,    3.1668647668E+02,    0.0000000000E+00,    0.0000000000E+00,    0.0000000000E+00,    3.1668647668E+02
    191050,      0.676961,CP5_after_vdif,   1,    0.0000000000E+00,    3.1668647668E+02,    3.1668647668E+02,    0.0000000000E+00,    0.0000000000E+00,    0.0000000000E+00,    3.1668647668E+02
    191050,      0.676961,CP6_after_kinetics,   1,    0.0000000000E+00,    3.1668647668E+02,    3.1668647668E+02,    0.0000000000E+00,    0.0000000000E+00,    0.0000000000E+00,    3.1668647668E+02
    191050,      0.676961,CP7_after_upper_clamp,   1,    0.0000000000E+00,    3.1668647668E+02,    3.1668647668E+02,    0.0000000000E+00,    0.0000000000E+00,    0.0000000000E+00,    3.1668647668E+02
    191050,      0.676961,CP8_after_OBC,   1,    0.0000000000E+00,    3.1668647668E+02,    3.1668647668E+02,    0.0000000000E+00,    0.0000000000E+00,    0.0000000000E+00,    3.1668647668E+02
    191050,      0.676961,CP9_after_PTsource,   1,    0.0000000000E+00,    3.1668647668E+02,    3.1668647668E+02,    0.0000000000E+00,    0.0000000000E+00,    0.0000000000E+00,    3.1668647668E+02
    191050,      0.676961,CP10_after_neg_clamp,   1,    0.0000000000E+00,    3.1668647668E+02,    3.1668647668E+02,    0.0000000000E+00,    0.0000000000E+00,    0.0000000000E+00,    3.1668647668E+02
    191050,      0.676961,CP11_after_MPI,   1,    0.0000000000E+00,    3.1668647668E+02,    3.1668647668E+02,    0.0000000000E+00,    0.0000000000E+00,    0.0000000000E+00,    3.1668647668E+02
    191050,      0.676961,CP12_end,   1,    0.0000000000E+00,    3.1668647668E+02,    3.1668647668E+02,    0.0000000000E+00,    0.0000000000E+00,    0.0000000000E+00,    3.1668647668E+02
    191100,      0.676961,CP0_start,   1,    0.0000000000E+00,    3.1686023932E+02,    3.1686023932E+02,    0.0000000000E+00,    0.0000000000E+00,    0.0000000000E+00,    3.1686023932E+02
    191100,      0.676961,CP1_after_deposition,   1,    0.0000000000E+00,    3.1686023932E+02,    3.1686023932E+02,    0.0000000000E+00,    0.0000000000E+00,    0.0000000000E+00,    3.1686023932E+02
    191100,      0.676961,CP2_after_erosion,   1,    0.0000000000E+00,    3.1686023932E+02,    3.1686023932E+02,    0.0000000000E+00,    0.0000000000E+00,    0.0000000000E+00,    3.1686023932E+02
    191100,      0.676961,CP3_after_update_bottom,   1,    0.0000000000E+00,    3.1686023932E+02,    3.1686023932E+02,    0.0000000000E+00,    0.0000000000E+00,    0.0000000000E+00,    3.1686023932E+02
    191100,      0.676961,CP4_after_advection,   1,    0.0000000000E+00,    3.1687357683E+02,    3.1687357683E+02,    0.0000000000E+00,    0.0000000000E+00,    0.0000000000E+00,    3.1687357683E+02
    191100,      0.676961,CP5_after_vdif,   1,    0.0000000000E+00,    3.1687357683E+02,    3.1687357683E+02,    0.0000000000E+00,    0.0000000000E+00,    0.0000000000E+00,    3.1687357683E+02
    191100,      0.676961,CP6_after_kinetics,   1,    0.0000000000E+00,    3.1687357683E+02,    3.1687357683E+02,    0.0000000000E+00,    0.0000000000E+00,    0.0000000000E+00,    3.1687357683E+02
    191100,      0.676961,CP7_after_upper_clamp,   1,    0.0000000000E+00,    3.1687357683E+02,    3.1687357683E+02,    0.0000000000E+00,    0.0000000000E+00,    0.0000000000E+00,    3.1687357683E+02
    191100,      0.676961,CP8_after_OBC,   1,    0.0000000000E+00,    3.1687357683E+02,    3.1687357683E+02,    0.0000000000E+00,    0.0000000000E+00,    0.0000000000E+00,    3.1687357683E+02
    191100,      0.676961,CP9_after_PTsource,   1,    0.0000000000E+00,    3.1687357683E+02,    3.1687357683E+02,    0.0000000000E+00,    0.0000000000E+00,    0.0000000000E+00,    3.1687357683E+02
    191100,      0.676961,CP10_after_neg_clamp,   1,    0.0000000000E+00,    3.1687357683E+02,    3.1687357683E+02,    0.0000000000E+00,    0.0000000000E+00,    0.0000000000E+00,    3.1687357683E+02
    191100,      0.676961,CP11_after_MPI,   1,    0.0000000000E+00,    3.1687357683E+02,    3.1687357683E+02,    0.0000000000E+00,    0.0000000000E+00,    0.0000000000E+00,    3.1687357683E+02
    191100,      0.676961,CP12_end,   1,    0.0000000000E+00,    3.1687357683E+02,    3.1687357683E+02,    0.0000000000E+00,    0.0000000000E+00,    0.0000000000E+00,    3.1687357683E+02
    191150,      0.676961,CP0_start,   1,    0.0000000000E+00,    3.1704585956E+02,    3.1704585956E+02,    0.0000000000E+00,    0.0000000000E+00,    0.0000000000E+00,    3.1704585956E+02
    191150,      0.676961,CP1_after_deposition,   1,    0.0000000000E+00,    3.1704585956E+02,    3.1704585956E+02,    0.0000000000E+00,    0.0000000000E+00,    0.0000000000E+00,    3.1704585956E+02
    191150,      0.676961,CP2_after_erosion,   1,    0.0000000000E+00,    3.1704585956E+02,    3.1704585956E+02,    0.0000000000E+00,    0.0000000000E+00,    0.0000000000E+00,    3.1704585956E+02
    191150,      0.676961,CP3_after_update_bottom,   1,    0.0000000000E+00,    3.1704585956E+02,    3.1704585956E+02,    0.0000000000E+00,    0.0000000000E+00,    0.0000000000E+00,    3.1704585956E+02
    191150,      0.676961,CP4_after_advection,   1,    0.0000000000E+00,    3.1705911761E+02,    3.1705911761E+02,    0.0000000000E+00,    0.0000000000E+00,    0.0000000000E+00,    3.1705911761E+02
    191150,      0.676961,CP5_after_vdif,   1,    0.0000000000E+00,    3.1705911761E+02,    3.1705911761E+02,    0.0000000000E+00,    0.0000000000E+00,    0.0000000000E+00,    3.1705911761E+02
    191150,      0.676961,CP6_after_kinetics,   1,    0.0000000000E+00,    3.1705911761E+02,    3.1705911761E+02,    0.0000000000E+00,    0.0000000000E+00,    0.0000000000E+00,    3.1705911761E+02
    191150,      0.676961,CP7_after_upper_clamp,   1,    0.0000000000E+00,    3.1705911761E+02,    3.1705911761E+02,    0.0000000000E+00,    0.0000000000E+00,    0.0000000000E+00,    3.1705911761E+02
    191150,      0.676961,CP8_after_OBC,   1,    0.0000000000E+00,    3.1705911761E+02,    3.1705911761E+02,    0.0000000000E+00,    0.0000000000E+00,    0.0000000000E+00,    3.1705911761E+02
    191150,      0.676961,CP9_after_PTsource,   1,    0.0000000000E+00,    3.1705911761E+02,    3.1705911761E+02,    0.0000000000E+00,    0.0000000000E+00,    0.0000000000E+00,    3.1705911761E+02
    191150,      0.676961,CP10_after_neg_clamp,   1,    0.0000000000E+00,    3.1705911761E+02,    3.1705911761E+02,    0.0000000000E+00,    0.0000000000E+00,    0.0000000000E+00,    3.1705911761E+02
    191150,      0.676961,CP11_after_MPI,   1,    0.0000000000E+00,    3.1705911761E+02,    3.1705911761E+02,    0.0000000000E+00,    0.0000000000E+00,    0.0000000000E+00,    3.1705911761E+02
    191150,      0.676961,CP12_end,   1,    0.0000000000E+00,    3.1705911761E+02,    3.1705911761E+02,    0.0000000000E+00,    0.0000000000E+00,    0.0000000000E+00,    3.1705911761E+02
    191200,      0.676961,CP0_start,   1,    0.0000000000E+00,    3.1723026997E+02,    3.1723026997E+02,    0.0000000000E+00,    0.0000000000E+00,    0.0000000000E+00,    3.1723026997E+02
    191200,      0.676961,CP1_after_deposition,   1,    0.0000000000E+00,    3.1723026997E+02,    3.1723026997E+02,    0.0000000000E+00,    0.0000000000E+00,    0.0000000000E+00,    3.1723026997E+02
    191200,      0.676961,CP2_after_erosion,   1,    0.0000000000E+00,    3.1723026997E+02,    3.1723026997E+02,    0.0000000000E+00,    0.0000000000E+00,    0.0000000000E+00,    3.1723026997E+02
    191200,      0.676961,CP3_after_update_bottom,   1,    0.0000000000E+00,    3.1723026997E+02,    3.1723026997E+02,    0.0000000000E+00,    0.0000000000E+00,    0.0000000000E+00,    3.1723026997E+02
    191200,      0.676961,CP4_after_advection,   1,    0.0000000000E+00,    3.1724345926E+02,    3.1724345926E+02,    0.0000000000E+00,    0.0000000000E+00,    0.0000000000E+00,    3.1724345926E+02
    191200,      0.676961,CP5_after_vdif,   1,    0.0000000000E+00,    3.1724345926E+02,    3.1724345926E+02,    0.0000000000E+00,    0.0000000000E+00,    0.0000000000E+00,    3.1724345926E+02
    191200,      0.676961,CP6_after_kinetics,   1,    0.0000000000E+00,    3.1724345926E+02,    3.1724345926E+02,    0.0000000000E+00,    0.0000000000E+00,    0.0000000000E+00,    3.1724345926E+02
    191200,      0.676961,CP7_after_upper_clamp,   1,    0.0000000000E+00,    3.1724345926E+02,    3.1724345926E+02,    0.0000000000E+00,    0.0000000000E+00,    0.0000000000E+00,    3.1724345926E+02
    191200,      0.676961,CP8_after_OBC,   1,    0.0000000000E+00,    3.1724345926E+02,    3.1724345926E+02,    0.0000000000E+00,    0.0000000000E+00,    0.0000000000E+00,    3.1724345926E+02
    191200,      0.676961,CP9_after_PTsource,   1,    0.0000000000E+00,    3.1724345926E+02,    3.1724345926E+02,    0.0000000000E+00,    0.0000000000E+00,    0.0000000000E+00,    3.1724345926E+02
    191200,      0.676961,CP10_after_neg_clamp,   1,    0.0000000000E+00,    3.1724345926E+02,    3.1724345926E+02,    0.0000000000E+00,    0.0000000000E+00,    0.0000000000E+00,    3.1724345926E+02
    191200,      0.676961,CP11_after_MPI,   1,    0.0000000000E+00,    3.1724345926E+02,    3.1724345926E+02,    0.0000000000E+00,    0.0000000000E+00,    0.0000000000E+00,    3.1724345926E+02
    191200,      0.676961,CP12_end,   1,    0.0000000000E+00,    3.1724345926E+02,    3.1724345926E+02,    0.0000000000E+00,    0.0000000000E+00,    0.0000000000E+00,    3.1724345926E+02
    191250,      0.676961,CP0_start,   1,    0.0000000000E+00,    3.1741386641E+02,    3.1741386641E+02,    0.0000000000E+00,    0.0000000000E+00,    0.0000000000E+00,    3.1741386641E+02
    191250,      0.676961,CP1_after_deposition,   1,    0.0000000000E+00,    3.1741386641E+02,    3.1741386641E+02,    0.0000000000E+00,    0.0000000000E+00,    0.0000000000E+00,    3.1741386641E+02
    191250,      0.676961,CP2_after_erosion,   1,    0.0000000000E+00,    3.1741386641E+02,    3.1741386641E+02,    0.0000000000E+00,    0.0000000000E+00,    0.0000000000E+00,    3.1741386641E+02
    191250,      0.676961,CP3_after_update_bottom,   1,    0.0000000000E+00,    3.1741386641E+02,    3.1741386641E+02,    0.0000000000E+00,    0.0000000000E+00,    0.0000000000E+00,    3.1741386641E+02
    191250,      0.676961,CP4_after_advection,   1,    0.0000000000E+00,    3.1742699336E+02,    3.1742699336E+02,    0.0000000000E+00,    0.0000000000E+00,    0.0000000000E+00,    3.1742699336E+02
    191250,      0.676961,CP5_after_vdif,   1,    0.0000000000E+00,    3.1742699336E+02,    3.1742699336E+02,    0.0000000000E+00,    0.0000000000E+00,    0.0000000000E+00,    3.1742699336E+02
    191250,      0.676961,CP6_after_kinetics,   1,    0.0000000000E+00,    3.1742699336E+02,    3.1742699336E+02,    0.0000000000E+00,    0.0000000000E+00,    0.0000000000E+00,    3.1742699336E+02
    191250,      0.676961,CP7_after_upper_clamp,   1,    0.0000000000E+00,    3.1742699336E+02,    3.1742699336E+02,    0.0000000000E+00,    0.0000000000E+00,    0.0000000000E+00,    3.1742699336E+02
    191250,      0.676961,CP8_after_OBC,   1,    0.0000000000E+00,    3.1742699336E+02,    3.1742699336E+02,    0.0000000000E+00,    0.0000000000E+00,    0.0000000000E+00,    3.1742699336E+02
    191250,      0.676961,CP9_after_PTsource,   1,    0.0000000000E+00,    3.1742699336E+02,    3.1742699336E+02,    0.0000000000E+00,    0.0000000000E+00,    0.0000000000E+00,    3.1742699336E+02
    191250,      0.676961,CP10_after_neg_clamp,   1,    0.0000000000E+00,    3.1742699336E+02,    3.1742699336E+02,    0.0000000000E+00,    0.0000000000E+00,    0.0000000000E+00,    3.1742699336E+02
    191250,      0.676961,CP11_after_MPI,   1,    0.0000000000E+00,    3.1742699336E+02,    3.1742699336E+02,    0.0000000000E+00,    0.0000000000E+00,    0.0000000000E+00,    3.1742699336E+02
    191250,      0.676961,CP12_end,   1,    0.0000000000E+00,    3.1742699336E+02,    3.1742699336E+02,    0.0000000000E+00,    0.0000000000E+00,    0.0000000000E+00,    3.1742699336E+02
    191300,      0.676961,CP0_start,   1,    0.0000000000E+00,    3.1759708921E+02,    3.1759708921E+02,    0.0000000000E+00,    0.0000000000E+00,    0.0000000000E+00,    3.1759708921E+02
    191300,      0.676961,CP1_after_deposition,   1,    0.0000000000E+00,    3.1759708921E+02,    3.1759708921E+02,    0.0000000000E+00,    0.0000000000E+00,    0.0000000000E+00,    3.1759708921E+02
    191300,      0.676961,CP2_after_erosion,   1,    0.0000000000E+00,    3.1759708921E+02,    3.1759708921E+02,    0.0000000000E+00,    0.0000000000E+00,    0.0000000000E+00,    3.1759708921E+02
    191300,      0.676961,CP3_after_update_bottom,   1,    0.0000000000E+00,    3.1759708921E+02,    3.1759708921E+02,    0.0000000000E+00,    0.0000000000E+00,    0.0000000000E+00,    3.1759708921E+02
    191300,      0.676961,CP4_after_advection,   1,    0.0000000000E+00,    3.1761016310E+02,    3.1761016310E+02,    0.0000000000E+00,    0.0000000000E+00,    0.0000000000E+00,    3.1761016310E+02
    191300,      0.676961,CP5_after_vdif,   1,    0.0000000000E+00,    3.1761016310E+02,    3.1761016310E+02,    0.0000000000E+00,    0.0000000000E+00,    0.0000000000E+00,    3.1761016310E+02
    191300,      0.676961,CP6_after_kinetics,   1,    0.0000000000E+00,    3.1761016310E+02,    3.1761016310E+02,    0.0000000000E+00,    0.0000000000E+00,    0.0000000000E+00,    3.1761016310E+02
    191300,      0.676961,CP7_after_upper_clamp,   1,    0.0000000000E+00,    3.1761016310E+02,    3.1761016310E+02,    0.0000000000E+00,    0.0000000000E+00,    0.0000000000E+00,    3.1761016310E+02
    191300,      0.676961,CP8_after_OBC,   1,    0.0000000000E+00,    3.1761016310E+02,    3.1761016310E+02,    0.0000000000E+00,    0.0000000000E+00,    0.0000000000E+00,    3.1761016310E+02
    191300,      0.676961,CP9_after_PTsource,   1,    0.0000000000E+00,    3.1761016310E+02,    3.1761016310E+02,    0.0000000000E+00,    0.0000000000E+00,    0.0000000000E+00,    3.1761016310E+02
    191300,      0.676961,CP10_after_neg_clamp,   1,    0.0000000000E+00,    3.1761016310E+02,    3.1761016310E+02,    0.0000000000E+00,    0.0000000000E+00,    0.0000000000E+00,    3.1761016310E+02
    191300,      0.676961,CP11_after_MPI,   1,    0.0000000000E+00,    3.1761016310E+02,    3.1761016310E+02,    0.0000000000E+00,    0.0000000000E+00,    0.0000000000E+00,    3.1761016310E+02
    191300,      0.676961,CP12_end,   1,    0.0000000000E+00,    3.1761016310E+02,    3.1761016310E+02,    0.0000000000E+00,    0.0000000000E+00,    0.0000000000E+00,    3.1761016310E+02
    191350,      0.676961,CP0_start,   1,    0.0000000000E+00,    3.1778022823E+02,    3.1778022823E+02,    0.0000000000E+00,    0.0000000000E+00,    0.0000000000E+00,    3.1778022823E+02
    191350,      0.676961,CP1_after_deposition,   1,    0.0000000000E+00,    3.1778022823E+02,    3.1778022823E+02,    0.0000000000E+00,    0.0000000000E+00,    0.0000000000E+00,    3.1778022823E+02
    191350,      0.676961,CP2_after_erosion,   1,    0.0000000000E+00,    3.1778022823E+02,    3.1778022823E+02,    0.0000000000E+00,    0.0000000000E+00,    0.0000000000E+00,    3.1778022823E+02
    191350,      0.676961,CP3_after_update_bottom,   1,    0.0000000000E+00,    3.1778022823E+02,    3.1778022823E+02,    0.0000000000E+00,    0.0000000000E+00,    0.0000000000E+00,    3.1778022823E+02
    191350,      0.676961,CP4_after_advection,   1,    0.0000000000E+00,    3.1779325465E+02,    3.1779325465E+02,    0.0000000000E+00,    0.0000000000E+00,    0.0000000000E+00,    3.1779325465E+02
    191350,      0.676961,CP5_after_vdif,   1,    0.0000000000E+00,    3.1779325465E+02,    3.1779325465E+02,    0.0000000000E+00,    0.0000000000E+00,    0.0000000000E+00,    3.1779325465E+02
    191350,      0.676961,CP6_after_kinetics,   1,    0.0000000000E+00,    3.1779325465E+02,    3.1779325465E+02,    0.0000000000E+00,    0.0000000000E+00,    0.0000000000E+00,    3.1779325465E+02
    191350,      0.676961,CP7_after_upper_clamp,   1,    0.0000000000E+00,    3.1779325465E+02,    3.1779325465E+02,    0.0000000000E+00,    0.0000000000E+00,    0.0000000000E+00,    3.1779325465E+02
    191350,      0.676961,CP8_after_OBC,   1,    0.0000000000E+00,    3.1779325465E+02,    3.1779325465E+02,    0.0000000000E+00,    0.0000000000E+00,    0.0000000000E+00,    3.1779325465E+02
    191350,      0.676961,CP9_after_PTsource,   1,    0.0000000000E+00,    3.1779325465E+02,    3.1779325465E+02,    0.0000000000E+00,    0.0000000000E+00,    0.0000000000E+00,    3.1779325465E+02
    191350,      0.676961,CP10_after_neg_clamp,   1,    0.0000000000E+00,    3.1779325465E+02,    3.1779325465E+02,    0.0000000000E+00,    0.0000000000E+00,    0.0000000000E+00,    3.1779325465E+02
    191350,      0.676961,CP11_after_MPI,   1,    0.0000000000E+00,    3.1779325465E+02,    3.1779325465E+02,    0.0000000000E+00,    0.0000000000E+00,    0.0000000000E+00,    3.1779325465E+02
    191350,      0.676961,CP12_end,   1,    0.0000000000E+00,    3.1779325465E+02,    3.1779325465E+02,    0.0000000000E+00,    0.0000000000E+00,    0.0000000000E+00,    3.1779325465E+02
    191400,      0.676961,CP0_start,   1,    0.0000000000E+00,    3.1796347989E+02,    3.1796347989E+02,    0.0000000000E+00,    0.0000000000E+00,    0.0000000000E+00,    3.1796347989E+02
    191400,      0.676961,CP1_after_deposition,   1,    0.0000000000E+00,    3.1796347989E+02,    3.1796347989E+02,    0.0000000000E+00,    0.0000000000E+00,    0.0000000000E+00,    3.1796347989E+02
    191400,      0.676961,CP2_after_erosion,   1,    0.0000000000E+00,    3.1796347989E+02,    3.1796347989E+02,    0.0000000000E+00,    0.0000000000E+00,    0.0000000000E+00,    3.1796347989E+02
    191400,      0.676961,CP3_after_update_bottom,   1,    0.0000000000E+00,    3.1796347989E+02,    3.1796347989E+02,    0.0000000000E+00,    0.0000000000E+00,    0.0000000000E+00,    3.1796347989E+02
    191400,      0.676961,CP4_after_advection,   1,    0.0000000000E+00,    3.1797646019E+02,    3.1797646019E+02,    0.0000000000E+00,    0.0000000000E+00,    0.0000000000E+00,    3.1797646019E+02
    191400,      0.676961,CP5_after_vdif,   1,    0.0000000000E+00,    3.1797646019E+02,    3.1797646019E+02,    0.0000000000E+00,    0.0000000000E+00,    0.0000000000E+00,    3.1797646019E+02
    191400,      0.676961,CP6_after_kinetics,   1,    0.0000000000E+00,    3.1797646019E+02,    3.1797646019E+02,    0.0000000000E+00,    0.0000000000E+00,    0.0000000000E+00,    3.1797646019E+02
    191400,      0.676961,CP7_after_upper_clamp,   1,    0.0000000000E+00,    3.1797646019E+02,    3.1797646019E+02,    0.0000000000E+00,    0.0000000000E+00,    0.0000000000E+00,    3.1797646019E+02
    191400,      0.676961,CP8_after_OBC,   1,    0.0000000000E+00,    3.1797646019E+02,    3.1797646019E+02,    0.0000000000E+00,    0.0000000000E+00,    0.0000000000E+00,    3.1797646019E+02
    191400,      0.676961,CP9_after_PTsource,   1,    0.0000000000E+00,    3.1797646019E+02,    3.1797646019E+02,    0.0000000000E+00,    0.0000000000E+00,    0.0000000000E+00,    3.1797646019E+02
    191400,      0.676961,CP10_after_neg_clamp,   1,    0.0000000000E+00,    3.1797646019E+02,    3.1797646019E+02,    0.0000000000E+00,    0.0000000000E+00,    0.0000000000E+00,    3.1797646019E+02
    191400,      0.676961,CP11_after_MPI,   1,    0.0000000000E+00,    3.1797646019E+02,    3.1797646019E+02,    0.0000000000E+00,    0.0000000000E+00,    0.0000000000E+00,    3.1797646019E+02
    191400,      0.676961,CP12_end,   1,    0.0000000000E+00,    3.1797646019E+02,    3.1797646019E+02,    0.0000000000E+00,    0.0000000000E+00,    0.0000000000E+00,    3.1797646019E+02
    191450,      0.676961,CP0_start,   1,    0.0000000000E+00,    3.1814689578E+02,    3.1814689578E+02,    0.0000000000E+00,    0.0000000000E+00,    0.0000000000E+00,    3.1814689578E+02
    191450,      0.676961,CP1_after_deposition,   1,    0.0000000000E+00,    3.1814689578E+02,    3.1814689578E+02,    0.0000000000E+00,    0.0000000000E+00,    0.0000000000E+00,    3.1814689578E+02
    191450,      0.676961,CP2_after_erosion,   1,    0.0000000000E+00,    3.1814689578E+02,    3.1814689578E+02,    0.0000000000E+00,    0.0000000000E+00,    0.0000000000E+00,    3.1814689578E+02
    191450,      0.676961,CP3_after_update_bottom,   1,    0.0000000000E+00,    3.1814689578E+02,    3.1814689578E+02,    0.0000000000E+00,    0.0000000000E+00,    0.0000000000E+00,    3.1814689578E+02
    191450,      0.676961,CP4_after_advection,   1,    0.0000000000E+00,    3.1815983175E+02,    3.1815983175E+02,    0.0000000000E+00,    0.0000000000E+00,    0.0000000000E+00,    3.1815983175E+02
    191450,      0.676961,CP5_after_vdif,   1,    0.0000000000E+00,    3.1815983175E+02,    3.1815983175E+02,    0.0000000000E+00,    0.0000000000E+00,    0.0000000000E+00,    3.1815983175E+02
    191450,      0.676961,CP6_after_kinetics,   1,    0.0000000000E+00,    3.1815983175E+02,    3.1815983175E+02,    0.0000000000E+00,    0.0000000000E+00,    0.0000000000E+00,    3.1815983175E+02
    191450,      0.676961,CP7_after_upper_clamp,   1,    0.0000000000E+00,    3.1815983175E+02,    3.1815983175E+02,    0.0000000000E+00,    0.0000000000E+00,    0.0000000000E+00,    3.1815983175E+02
    191450,      0.676961,CP8_after_OBC,   1,    0.0000000000E+00,    3.1815983175E+02,    3.1815983175E+02,    0.0000000000E+00,    0.0000000000E+00,    0.0000000000E+00,    3.1815983175E+02
    191450,      0.676961,CP9_after_PTsource,   1,    0.0000000000E+00,    3.1815983175E+02,    3.1815983175E+02,    0.0000000000E+00,    0.0000000000E+00,    0.0000000000E+00,    3.1815983175E+02
    191450,      0.676961,CP10_after_neg_clamp,   1,    0.0000000000E+00,    3.1815983175E+02,    3.1815983175E+02,    0.0000000000E+00,    0.0000000000E+00,    0.0000000000E+00,    3.1815983175E+02
    191450,      0.676961,CP11_after_MPI,   1,    0.0000000000E+00,    3.1815983175E+02,    3.1815983175E+02,    0.0000000000E+00,    0.0000000000E+00,    0.0000000000E+00,    3.1815983175E+02
    191450,      0.676961,CP12_end,   1,    0.0000000000E+00,    3.1815983175E+02,    3.1815983175E+02,    0.0000000000E+00,    0.0000000000E+00,    0.0000000000E+00,    3.1815983175E+02
    191500,      0.676961,CP0_start,   1,    0.0000000000E+00,    3.1833044608E+02,    3.1833044608E+02,    0.0000000000E+00,    0.0000000000E+00,    0.0000000000E+00,    3.1833044608E+02
    191500,      0.676961,CP1_after_deposition,   1,    0.0000000000E+00,    3.1833044608E+02,    3.1833044608E+02,    0.0000000000E+00,    0.0000000000E+00,    0.0000000000E+00,    3.1833044608E+02
    191500,      0.676961,CP2_after_erosion,   1,    0.0000000000E+00,    3.1833044608E+02,    3.1833044608E+02,    0.0000000000E+00,    0.0000000000E+00,    0.0000000000E+00,    3.1833044608E+02
    191500,      0.676961,CP3_after_update_bottom,   1,    0.0000000000E+00,    3.1833044608E+02,    3.1833044608E+02,    0.0000000000E+00,    0.0000000000E+00,    0.0000000000E+00,    3.1833044608E+02
    191500,      0.676961,CP4_after_advection,   1,    0.0000000000E+00,    3.1834333137E+02,    3.1834333137E+02,    0.0000000000E+00,    0.0000000000E+00,    0.0000000000E+00,    3.1834333137E+02
    191500,      0.676961,CP5_after_vdif,   1,    0.0000000000E+00,    3.1834333137E+02,    3.1834333137E+02,    0.0000000000E+00,    0.0000000000E+00,    0.0000000000E+00,    3.1834333137E+02
    191500,      0.676961,CP6_after_kinetics,   1,    0.0000000000E+00,    3.1834333137E+02,    3.1834333137E+02,    0.0000000000E+00,    0.0000000000E+00,    0.0000000000E+00,    3.1834333137E+02
    191500,      0.676961,CP7_after_upper_clamp,   1,    0.0000000000E+00,    3.1834333137E+02,    3.1834333137E+02,    0.0000000000E+00,    0.0000000000E+00,    0.0000000000E+00,    3.1834333137E+02
    191500,      0.676961,CP8_after_OBC,   1,    0.0000000000E+00,    3.1834333137E+02,    3.1834333137E+02,    0.0000000000E+00,    0.0000000000E+00,    0.0000000000E+00,    3.1834333137E+02
    191500,      0.676961,CP9_after_PTsource,   1,    0.0000000000E+00,    3.1834333137E+02,    3.1834333137E+02,    0.0000000000E+00,    0.0000000000E+00,    0.0000000000E+00,    3.1834333137E+02
    191500,      0.676961,CP10_after_neg_clamp,   1,    0.0000000000E+00,    3.1834333137E+02,    3.1834333137E+02,    0.0000000000E+00,    0.0000000000E+00,    0.0000000000E+00,    3.1834333137E+02
    191500,      0.676961,CP11_after_MPI,   1,    0.0000000000E+00,    3.1834333137E+02,    3.1834333137E+02,    0.0000000000E+00,    0.0000000000E+00,    0.0000000000E+00,    3.1834333137E+02
    191500,      0.676961,CP12_end,   1,    0.0000000000E+00,    3.1834333137E+02,    3.1834333137E+02,    0.0000000000E+00,    0.0000000000E+00,    0.0000000000E+00,    3.1834333137E+02
    191550,      0.676961,CP0_start,   1,    0.0000000000E+00,    3.1851403014E+02,    3.1851403014E+02,    0.0000000000E+00,    0.0000000000E+00,    0.0000000000E+00,    3.1851403014E+02
    191550,      0.676961,CP1_after_deposition,   1,    0.0000000000E+00,    3.1851403014E+02,    3.1851403014E+02,    0.0000000000E+00,    0.0000000000E+00,    0.0000000000E+00,    3.1851403014E+02
    191550,      0.676961,CP2_after_erosion,   1,    0.0000000000E+00,    3.1851403014E+02,    3.1851403014E+02,    0.0000000000E+00,    0.0000000000E+00,    0.0000000000E+00,    3.1851403014E+02
    191550,      0.676961,CP3_after_update_bottom,   1,    0.0000000000E+00,    3.1851403014E+02,    3.1851403014E+02,    0.0000000000E+00,    0.0000000000E+00,    0.0000000000E+00,    3.1851403014E+02
    191550,      0.676961,CP4_after_advection,   1,    0.0000000000E+00,    3.1852686449E+02,    3.1852686449E+02,    0.0000000000E+00,    0.0000000000E+00,    0.0000000000E+00,    3.1852686449E+02
    191550,      0.676961,CP5_after_vdif,   1,    0.0000000000E+00,    3.1852686449E+02,    3.1852686449E+02,    0.0000000000E+00,    0.0000000000E+00,    0.0000000000E+00,    3.1852686449E+02
    191550,      0.676961,CP6_after_kinetics,   1,    0.0000000000E+00,    3.1852686449E+02,    3.1852686449E+02,    0.0000000000E+00,    0.0000000000E+00,    0.0000000000E+00,    3.1852686449E+02
    191550,      0.676961,CP7_after_upper_clamp,   1,    0.0000000000E+00,    3.1852686449E+02,    3.1852686449E+02,    0.0000000000E+00,    0.0000000000E+00,    0.0000000000E+00,    3.1852686449E+02
    191550,      0.676961,CP8_after_OBC,   1,    0.0000000000E+00,    3.1852686449E+02,    3.1852686449E+02,    0.0000000000E+00,    0.0000000000E+00,    0.0000000000E+00,    3.1852686449E+02
    191550,      0.676961,CP9_after_PTsource,   1,    0.0000000000E+00,    3.1852686449E+02,    3.1852686449E+02,    0.0000000000E+00,    0.0000000000E+00,    0.0000000000E+00,    3.1852686449E+02
    191550,      0.676961,CP10_after_neg_clamp,   1,    0.0000000000E+00,    3.1852686449E+02,    3.1852686449E+02,    0.0000000000E+00,    0.0000000000E+00,    0.0000000000E+00,    3.1852686449E+02
    191550,      0.676961,CP11_after_MPI,   1,    0.0000000000E+00,    3.1852686449E+02,    3.1852686449E+02,    0.0000000000E+00,    0.0000000000E+00,    0.0000000000E+00,    3.1852686449E+02
    191550,      0.676961,CP12_end,   1,    0.0000000000E+00,    3.1852686449E+02,    3.1852686449E+02,    0.0000000000E+00,    0.0000000000E+00,    0.0000000000E+00,    3.1852686449E+02
    191600,      0.676961,CP0_start,   1,    0.0000000000E+00,    3.1869767920E+02,    3.1869767920E+02,    0.0000000000E+00,    0.0000000000E+00,    0.0000000000E+00,    3.1869767920E+02
    191600,      0.676961,CP1_after_deposition,   1,    0.0000000000E+00,    3.1869767920E+02,    3.1869767920E+02,    0.0000000000E+00,    0.0000000000E+00,    0.0000000000E+00,    3.1869767920E+02
    191600,      0.676961,CP2_after_erosion,   1,    0.0000000000E+00,    3.1869767920E+02,    3.1869767920E+02,    0.0000000000E+00,    0.0000000000E+00,    0.0000000000E+00,    3.1869767920E+02
    191600,      0.676961,CP3_after_update_bottom,   1,    0.0000000000E+00,    3.1869767920E+02,    3.1869767920E+02,    0.0000000000E+00,    0.0000000000E+00,    0.0000000000E+00,    3.1869767920E+02
    191600,      0.676961,CP4_after_advection,   1,    0.0000000000E+00,    3.1871046746E+02,    3.1871046746E+02,    0.0000000000E+00,    0.0000000000E+00,    0.0000000000E+00,    3.1871046746E+02
    191600,      0.676961,CP5_after_vdif,   1,    0.0000000000E+00,    3.1871046746E+02,    3.1871046746E+02,    0.0000000000E+00,    0.0000000000E+00,    0.0000000000E+00,    3.1871046746E+02
    191600,      0.676961,CP6_after_kinetics,   1,    0.0000000000E+00,    3.1871046746E+02,    3.1871046746E+02,    0.0000000000E+00,    0.0000000000E+00,    0.0000000000E+00,    3.1871046746E+02
    191600,      0.676961,CP7_after_upper_clamp,   1,    0.0000000000E+00,    3.1871046746E+02,    3.1871046746E+02,    0.0000000000E+00,    0.0000000000E+00,    0.0000000000E+00,    3.1871046746E+02
    191600,      0.676961,CP8_after_OBC,   1,    0.0000000000E+00,    3.1871046746E+02,    3.1871046746E+02,    0.0000000000E+00,    0.0000000000E+00,    0.0000000000E+00,    3.1871046746E+02
    191600,      0.676961,CP9_after_PTsource,   1,    0.0000000000E+00,    3.1871046746E+02,    3.1871046746E+02,    0.0000000000E+00,    0.0000000000E+00,    0.0000000000E+00,    3.1871046746E+02
    191600,      0.676961,CP10_after_neg_clamp,   1,    0.0000000000E+00,    3.1871046746E+02,    3.1871046746E+02,    0.0000000000E+00,    0.0000000000E+00,    0.0000000000E+00,    3.1871046746E+02
    191600,      0.676961,CP11_after_MPI,   1,    0.0000000000E+00,    3.1871046746E+02,    3.1871046746E+02,    0.0000000000E+00,    0.0000000000E+00,    0.0000000000E+00,    3.1871046746E+02
    191600,      0.676961,CP12_end,   1,    0.0000000000E+00,    3.1871046746E+02,    3.1871046746E+02,    0.0000000000E+00,    0.0000000000E+00,    0.0000000000E+00,    3.1871046746E+02
    191650,      0.676961,CP0_start,   1,    0.0000000000E+00,    3.1888129920E+02,    3.1888129920E+02,    0.0000000000E+00,    0.0000000000E+00,    0.0000000000E+00,    3.1888129920E+02
    191650,      0.676961,CP1_after_deposition,   1,    0.0000000000E+00,    3.1888129920E+02,    3.1888129920E+02,    0.0000000000E+00,    0.0000000000E+00,    0.0000000000E+00,    3.1888129920E+02
    191650,      0.676961,CP2_after_erosion,   1,    0.0000000000E+00,    3.1888129920E+02,    3.1888129920E+02,    0.0000000000E+00,    0.0000000000E+00,    0.0000000000E+00,    3.1888129920E+02
    191650,      0.676961,CP3_after_update_bottom,   1,    0.0000000000E+00,    3.1888129920E+02,    3.1888129920E+02,    0.0000000000E+00,    0.0000000000E+00,    0.0000000000E+00,    3.1888129920E+02
    191650,      0.676961,CP4_after_advection,   1,    0.0000000000E+00,    3.1889403721E+02,    3.1889403721E+02,    0.0000000000E+00,    0.0000000000E+00,    0.0000000000E+00,    3.1889403721E+02
    191650,      0.676961,CP5_after_vdif,   1,    0.0000000000E+00,    3.1889403721E+02,    3.1889403721E+02,    0.0000000000E+00,    0.0000000000E+00,    0.0000000000E+00,    3.1889403721E+02
    191650,      0.676961,CP6_after_kinetics,   1,    0.0000000000E+00,    3.1889403721E+02,    3.1889403721E+02,    0.0000000000E+00,    0.0000000000E+00,    0.0000000000E+00,    3.1889403721E+02
    191650,      0.676961,CP7_after_upper_clamp,   1,    0.0000000000E+00,    3.1889403721E+02,    3.1889403721E+02,    0.0000000000E+00,    0.0000000000E+00,    0.0000000000E+00,    3.1889403721E+02
    191650,      0.676961,CP8_after_OBC,   1,    0.0000000000E+00,    3.1889403721E+02,    3.1889403721E+02,    0.0000000000E+00,    0.0000000000E+00,    0.0000000000E+00,    3.1889403721E+02
    191650,      0.676961,CP9_after_PTsource,   1,    0.0000000000E+00,    3.1889403721E+02,    3.1889403721E+02,    0.0000000000E+00,    0.0000000000E+00,    0.0000000000E+00,    3.1889403721E+02
    191650,      0.676961,CP10_after_neg_clamp,   1,    0.0000000000E+00,    3.1889403721E+02,    3.1889403721E+02,    0.0000000000E+00,    0.0000000000E+00,    0.0000000000E+00,    3.1889403721E+02
    191650,      0.676961,CP11_after_MPI,   1,    0.0000000000E+00,    3.1889403721E+02,    3.1889403721E+02,    0.0000000000E+00,    0.0000000000E+00,    0.0000000000E+00,    3.1889403721E+02
    191650,      0.676961,CP12_end,   1,    0.0000000000E+00,    3.1889403721E+02,    3.1889403721E+02,    0.0000000000E+00,    0.0000000000E+00,    0.0000000000E+00,    3.1889403721E+02
    191700,      0.676961,CP0_start,   1,    0.0000000000E+00,    3.1906482383E+02,    3.1906482383E+02,    0.0000000000E+00,    0.0000000000E+00,    0.0000000000E+00,    3.1906482383E+02
    191700,      0.676961,CP1_after_deposition,   1,    0.0000000000E+00,    3.1906482383E+02,    3.1906482383E+02,    0.0000000000E+00,    0.0000000000E+00,    0.0000000000E+00,    3.1906482383E+02
    191700,      0.676961,CP2_after_erosion,   1,    0.0000000000E+00,    3.1906482383E+02,    3.1906482383E+02,    0.0000000000E+00,    0.0000000000E+00,    0.0000000000E+00,    3.1906482383E+02
    191700,      0.676961,CP3_after_update_bottom,   1,    0.0000000000E+00,    3.1906482383E+02,    3.1906482383E+02,    0.0000000000E+00,    0.0000000000E+00,    0.0000000000E+00,    3.1906482383E+02
    191700,      0.676961,CP4_after_advection,   1,    0.0000000000E+00,    3.1907750890E+02,    3.1907750890E+02,    0.0000000000E+00,    0.0000000000E+00,    0.0000000000E+00,    3.1907750890E+02
    191700,      0.676961,CP5_after_vdif,   1,    0.0000000000E+00,    3.1907750890E+02,    3.1907750890E+02,    0.0000000000E+00,    0.0000000000E+00,    0.0000000000E+00,    3.1907750890E+02
    191700,      0.676961,CP6_after_kinetics,   1,    0.0000000000E+00,    3.1907750890E+02,    3.1907750890E+02,    0.0000000000E+00,    0.0000000000E+00,    0.0000000000E+00,    3.1907750890E+02
    191700,      0.676961,CP7_after_upper_clamp,   1,    0.0000000000E+00,    3.1907750890E+02,    3.1907750890E+02,    0.0000000000E+00,    0.0000000000E+00,    0.0000000000E+00,    3.1907750890E+02
    191700,      0.676961,CP8_after_OBC,   1,    0.0000000000E+00,    3.1907750890E+02,    3.1907750890E+02,    0.0000000000E+00,    0.0000000000E+00,    0.0000000000E+00,    3.1907750890E+02
    191700,      0.676961,CP9_after_PTsource,   1,    0.0000000000E+00,    3.1907750890E+02,    3.1907750890E+02,    0.0000000000E+00,    0.0000000000E+00,    0.0000000000E+00,    3.1907750890E+02
    191700,      0.676961,CP10_after_neg_clamp,   1,    0.0000000000E+00,    3.1907750890E+02,    3.1907750890E+02,    0.0000000000E+00,    0.0000000000E+00,    0.0000000000E+00,    3.1907750890E+02
    191700,      0.676961,CP11_after_MPI,   1,    0.0000000000E+00,    3.1907750890E+02,    3.1907750890E+02,    0.0000000000E+00,    0.0000000000E+00,    0.0000000000E+00,    3.1907750890E+02
    191700,      0.676961,CP12_end,   1,    0.0000000000E+00,    3.1907750890E+02,    3.1907750890E+02,    0.0000000000E+00,    0.0000000000E+00,    0.0000000000E+00,    3.1907750890E+02
    191750,      0.676961,CP0_start,   1,    0.0000000000E+00,    3.1924715448E+02,    3.1924715448E+02,    0.0000000000E+00,    0.0000000000E+00,    0.0000000000E+00,    3.1924715448E+02
    191750,      0.676961,CP1_after_deposition,   1,    0.0000000000E+00,    3.1924715448E+02,    3.1924715448E+02,    0.0000000000E+00,    0.0000000000E+00,    0.0000000000E+00,    3.1924715448E+02
    191750,      0.676961,CP2_after_erosion,   1,    0.0000000000E+00,    3.1924715448E+02,    3.1924715448E+02,    0.0000000000E+00,    0.0000000000E+00,    0.0000000000E+00,    3.1924715448E+02
    191750,      0.676961,CP3_after_update_bottom,   1,    0.0000000000E+00,    3.1924715448E+02,    3.1924715448E+02,    0.0000000000E+00,    0.0000000000E+00,    0.0000000000E+00,    3.1924715448E+02
    191750,      0.676961,CP4_after_advection,   1,    0.0000000000E+00,    3.1925978705E+02,    3.1925978705E+02,    0.0000000000E+00,    0.0000000000E+00,    0.0000000000E+00,    3.1925978705E+02
    191750,      0.676961,CP5_after_vdif,   1,    0.0000000000E+00,    3.1925978705E+02,    3.1925978705E+02,    0.0000000000E+00,    0.0000000000E+00,    0.0000000000E+00,    3.1925978705E+02
    191750,      0.676961,CP6_after_kinetics,   1,    0.0000000000E+00,    3.1925978705E+02,    3.1925978705E+02,    0.0000000000E+00,    0.0000000000E+00,    0.0000000000E+00,    3.1925978705E+02
    191750,      0.676961,CP7_after_upper_clamp,   1,    0.0000000000E+00,    3.1925978705E+02,    3.1925978705E+02,    0.0000000000E+00,    0.0000000000E+00,    0.0000000000E+00,    3.1925978705E+02
    191750,      0.676961,CP8_after_OBC,   1,    0.0000000000E+00,    3.1925978705E+02,    3.1925978705E+02,    0.0000000000E+00,    0.0000000000E+00,    0.0000000000E+00,    3.1925978705E+02
    191750,      0.676961,CP9_after_PTsource,   1,    0.0000000000E+00,    3.1925978705E+02,    3.1925978705E+02,    0.0000000000E+00,    0.0000000000E+00,    0.0000000000E+00,    3.1925978705E+02
    191750,      0.676961,CP10_after_neg_clamp,   1,    0.0000000000E+00,    3.1925978705E+02,    3.1925978705E+02,    0.0000000000E+00,    0.0000000000E+00,    0.0000000000E+00,    3.1925978705E+02
    191750,      0.676961,CP11_after_MPI,   1,    0.0000000000E+00,    3.1925978705E+02,    3.1925978705E+02,    0.0000000000E+00,    0.0000000000E+00,    0.0000000000E+00,    3.1925978705E+02
    191750,      0.676961,CP12_end,   1,    0.0000000000E+00,    3.1925978705E+02,    3.1925978705E+02,    0.0000000000E+00,    0.0000000000E+00,    0.0000000000E+00,    3.1925978705E+02
    191800,      0.676961,CP0_start,   1,    0.0000000000E+00,    3.1942953694E+02,    3.1942953694E+02,    0.0000000000E+00,    0.0000000000E+00,    0.0000000000E+00,    3.1942953694E+02
    191800,      0.676961,CP1_after_deposition,   1,    0.0000000000E+00,    3.1942953694E+02,    3.1942953694E+02,    0.0000000000E+00,    0.0000000000E+00,    0.0000000000E+00,    3.1942953694E+02
    191800,      0.676961,CP2_after_erosion,   1,    0.0000000000E+00,    3.1942953694E+02,    3.1942953694E+02,    0.0000000000E+00,    0.0000000000E+00,    0.0000000000E+00,    3.1942953694E+02
    191800,      0.676961,CP3_after_update_bottom,   1,    0.0000000000E+00,    3.1942953694E+02,    3.1942953694E+02,    0.0000000000E+00,    0.0000000000E+00,    0.0000000000E+00,    3.1942953694E+02
    191800,      0.676961,CP4_after_advection,   1,    0.0000000000E+00,    3.1944212168E+02,    3.1944212168E+02,    0.0000000000E+00,    0.0000000000E+00,    0.0000000000E+00,    3.1944212168E+02
    191800,      0.676961,CP5_after_vdif,   1,    0.0000000000E+00,    3.1944212168E+02,    3.1944212168E+02,    0.0000000000E+00,    0.0000000000E+00,    0.0000000000E+00,    3.1944212168E+02
    191800,      0.676961,CP6_after_kinetics,   1,    0.0000000000E+00,    3.1944212168E+02,    3.1944212168E+02,    0.0000000000E+00,    0.0000000000E+00,    0.0000000000E+00,    3.1944212168E+02
    191800,      0.676961,CP7_after_upper_clamp,   1,    0.0000000000E+00,    3.1944212168E+02,    3.1944212168E+02,    0.0000000000E+00,    0.0000000000E+00,    0.0000000000E+00,    3.1944212168E+02
    191800,      0.676961,CP8_after_OBC,   1,    0.0000000000E+00,    3.1944212168E+02,    3.1944212168E+02,    0.0000000000E+00,    0.0000000000E+00,    0.0000000000E+00,    3.1944212168E+02
    191800,      0.676961,CP9_after_PTsource,   1,    0.0000000000E+00,    3.1944212168E+02,    3.1944212168E+02,    0.0000000000E+00,    0.0000000000E+00,    0.0000000000E+00,    3.1944212168E+02
    191800,      0.676961,CP10_after_neg_clamp,   1,    0.0000000000E+00,    3.1944212168E+02,    3.1944212168E+02,    0.0000000000E+00,    0.0000000000E+00,    0.0000000000E+00,    3.1944212168E+02
    191800,      0.676961,CP11_after_MPI,   1,    0.0000000000E+00,    3.1944212168E+02,    3.1944212168E+02,    0.0000000000E+00,    0.0000000000E+00,    0.0000000000E+00,    3.1944212168E+02
    191800,      0.676961,CP12_end,   1,    0.0000000000E+00,    3.1944212168E+02,    3.1944212168E+02,    0.0000000000E+00,    0.0000000000E+00,    0.0000000000E+00,    3.1944212168E+02
    191850,      0.676961,CP0_start,   1,    0.0000000000E+00,    3.1961224030E+02,    3.1961224030E+02,    0.0000000000E+00,    0.0000000000E+00,    0.0000000000E+00,    3.1961224030E+02
    191850,      0.676961,CP1_after_deposition,   1,    0.0000000000E+00,    3.1961224030E+02,    3.1961224030E+02,    0.0000000000E+00,    0.0000000000E+00,    0.0000000000E+00,    3.1961224030E+02
    191850,      0.676961,CP2_after_erosion,   1,    0.0000000000E+00,    3.1961224030E+02,    3.1961224030E+02,    0.0000000000E+00,    0.0000000000E+00,    0.0000000000E+00,    3.1961224030E+02
    191850,      0.676961,CP3_after_update_bottom,   1,    0.0000000000E+00,    3.1961224030E+02,    3.1961224030E+02,    0.0000000000E+00,    0.0000000000E+00,    0.0000000000E+00,    3.1961224030E+02
    191850,      0.676961,CP4_after_advection,   1,    0.0000000000E+00,    3.1962478579E+02,    3.1962478579E+02,    0.0000000000E+00,    0.0000000000E+00,    0.0000000000E+00,    3.1962478579E+02
    191850,      0.676961,CP5_after_vdif,   1,    0.0000000000E+00,    3.1962478579E+02,    3.1962478579E+02,    0.0000000000E+00,    0.0000000000E+00,    0.0000000000E+00,    3.1962478579E+02
    191850,      0.676961,CP6_after_kinetics,   1,    0.0000000000E+00,    3.1962478579E+02,    3.1962478579E+02,    0.0000000000E+00,    0.0000000000E+00,    0.0000000000E+00,    3.1962478579E+02
    191850,      0.676961,CP7_after_upper_clamp,   1,    0.0000000000E+00,    3.1962478579E+02,    3.1962478579E+02,    0.0000000000E+00,    0.0000000000E+00,    0.0000000000E+00,    3.1962478579E+02
    191850,      0.676961,CP8_after_OBC,   1,    0.0000000000E+00,    3.1962478579E+02,    3.1962478579E+02,    0.0000000000E+00,    0.0000000000E+00,    0.0000000000E+00,    3.1962478579E+02
    191850,      0.676961,CP9_after_PTsource,   1,    0.0000000000E+00,    3.1962478579E+02,    3.1962478579E+02,    0.0000000000E+00,    0.0000000000E+00,    0.0000000000E+00,    3.1962478579E+02
    191850,      0.676961,CP10_after_neg_clamp,   1,    0.0000000000E+00,    3.1962478579E+02,    3.1962478579E+02,    0.0000000000E+00,    0.0000000000E+00,    0.0000000000E+00,    3.1962478579E+02
    191850,      0.676961,CP11_after_MPI,   1,    0.0000000000E+00,    3.1962478579E+02,    3.1962478579E+02,    0.0000000000E+00,    0.0000000000E+00,    0.0000000000E+00,    3.1962478579E+02
    191850,      0.676961,CP12_end,   1,    0.0000000000E+00,    3.1962478579E+02,    3.1962478579E+02,    0.0000000000E+00,    0.0000000000E+00,    0.0000000000E+00,    3.1962478579E+02
    191900,      0.676961,CP0_start,   1,    0.0000000000E+00,    3.1979549562E+02,    3.1979549562E+02,    0.0000000000E+00,    0.0000000000E+00,    0.0000000000E+00,    3.1979549562E+02
    191900,      0.676961,CP1_after_deposition,   1,    0.0000000000E+00,    3.1979549562E+02,    3.1979549562E+02,    0.0000000000E+00,    0.0000000000E+00,    0.0000000000E+00,    3.1979549562E+02
    191900,      0.676961,CP2_after_erosion,   1,    0.0000000000E+00,    3.1979549562E+02,    3.1979549562E+02,    0.0000000000E+00,    0.0000000000E+00,    0.0000000000E+00,    3.1979549562E+02
    191900,      0.676961,CP3_after_update_bottom,   1,    0.0000000000E+00,    3.1979549562E+02,    3.1979549562E+02,    0.0000000000E+00,    0.0000000000E+00,    0.0000000000E+00,    3.1979549562E+02
    191900,      0.676961,CP4_after_advection,   1,    0.0000000000E+00,    3.1980799664E+02,    3.1980799664E+02,    0.0000000000E+00,    0.0000000000E+00,    0.0000000000E+00,    3.1980799664E+02
    191900,      0.676961,CP5_after_vdif,   1,    0.0000000000E+00,    3.1980799664E+02,    3.1980799664E+02,    0.0000000000E+00,    0.0000000000E+00,    0.0000000000E+00,    3.1980799664E+02
    191900,      0.676961,CP6_after_kinetics,   1,    0.0000000000E+00,    3.1980799664E+02,    3.1980799664E+02,    0.0000000000E+00,    0.0000000000E+00,    0.0000000000E+00,    3.1980799664E+02
    191900,      0.676961,CP7_after_upper_clamp,   1,    0.0000000000E+00,    3.1980799664E+02,    3.1980799664E+02,    0.0000000000E+00,    0.0000000000E+00,    0.0000000000E+00,    3.1980799664E+02
    191900,      0.676961,CP8_after_OBC,   1,    0.0000000000E+00,    3.1980799664E+02,    3.1980799664E+02,    0.0000000000E+00,    0.0000000000E+00,    0.0000000000E+00,    3.1980799664E+02
    191900,      0.676961,CP9_after_PTsource,   1,    0.0000000000E+00,    3.1980799664E+02,    3.1980799664E+02,    0.0000000000E+00,    0.0000000000E+00,    0.0000000000E+00,    3.1980799664E+02
    191900,      0.676961,CP10_after_neg_clamp,   1,    0.0000000000E+00,    3.1980799664E+02,    3.1980799664E+02,    0.0000000000E+00,    0.0000000000E+00,    0.0000000000E+00,    3.1980799664E+02
    191900,      0.676961,CP11_after_MPI,   1,    0.0000000000E+00,    3.1980799664E+02,    3.1980799664E+02,    0.0000000000E+00,    0.0000000000E+00,    0.0000000000E+00,    3.1980799664E+02
    191900,      0.676961,CP12_end,   1,    0.0000000000E+00,    3.1980799664E+02,    3.1980799664E+02,    0.0000000000E+00,    0.0000000000E+00,    0.0000000000E+00,    3.1980799664E+02
    191950,      0.676961,CP0_start,   1,    0.0000000000E+00,    3.1997923745E+02,    3.1997923745E+02,    0.0000000000E+00,    0.0000000000E+00,    0.0000000000E+00,    3.1997923745E+02
    191950,      0.676961,CP1_after_deposition,   1,    0.0000000000E+00,    3.1997923745E+02,    3.1997923745E+02,    0.0000000000E+00,    0.0000000000E+00,    0.0000000000E+00,    3.1997923745E+02
    191950,      0.676961,CP2_after_erosion,   1,    0.0000000000E+00,    3.1997923745E+02,    3.1997923745E+02,    0.0000000000E+00,    0.0000000000E+00,    0.0000000000E+00,    3.1997923745E+02
    191950,      0.676961,CP3_after_update_bottom,   1,    0.0000000000E+00,    3.1997923745E+02,    3.1997923745E+02,    0.0000000000E+00,    0.0000000000E+00,    0.0000000000E+00,    3.1997923745E+02
    191950,      0.676961,CP4_after_advection,   1,    0.0000000000E+00,    3.1999169704E+02,    3.1999169704E+02,    0.0000000000E+00,    0.0000000000E+00,    0.0000000000E+00,    3.1999169704E+02
    191950,      0.676961,CP5_after_vdif,   1,    0.0000000000E+00,    3.1999169704E+02,    3.1999169704E+02,    0.0000000000E+00,    0.0000000000E+00,    0.0000000000E+00,    3.1999169704E+02
    191950,      0.676961,CP6_after_kinetics,   1,    0.0000000000E+00,    3.1999169704E+02,    3.1999169704E+02,    0.0000000000E+00,    0.0000000000E+00,    0.0000000000E+00,    3.1999169704E+02
    191950,      0.676961,CP7_after_upper_clamp,   1,    0.0000000000E+00,    3.1999169704E+02,    3.1999169704E+02,    0.0000000000E+00,    0.0000000000E+00,    0.0000000000E+00,    3.1999169704E+02
    191950,      0.676961,CP8_after_OBC,   1,    0.0000000000E+00,    3.1999169704E+02,    3.1999169704E+02,    0.0000000000E+00,    0.0000000000E+00,    0.0000000000E+00,    3.1999169704E+02
    191950,      0.676961,CP9_after_PTsource,   1,    0.0000000000E+00,    3.1999169704E+02,    3.1999169704E+02,    0.0000000000E+00,    0.0000000000E+00,    0.0000000000E+00,    3.1999169704E+02
    191950,      0.676961,CP10_after_neg_clamp,   1,    0.0000000000E+00,    3.1999169704E+02,    3.1999169704E+02,    0.0000000000E+00,    0.0000000000E+00,    0.0000000000E+00,    3.1999169704E+02
    191950,      0.676961,CP11_after_MPI,   1,    0.0000000000E+00,    3.1999169704E+02,    3.1999169704E+02,    0.0000000000E+00,    0.0000000000E+00,    0.0000000000E+00,    3.1999169704E+02
    191950,      0.676961,CP12_end,   1,    0.0000000000E+00,    3.1999169704E+02,    3.1999169704E+02,    0.0000000000E+00,    0.0000000000E+00,    0.0000000000E+00,    3.1999169704E+02
    192000,      0.676961,CP0_start,   1,    0.0000000000E+00,    3.2016348340E+02,    3.2016348340E+02,    0.0000000000E+00,    0.0000000000E+00,    0.0000000000E+00,    3.2016348340E+02
    192000,      0.676961,CP1_after_deposition,   1,    0.0000000000E+00,    3.2016348340E+02,    3.2016348340E+02,    0.0000000000E+00,    0.0000000000E+00,    0.0000000000E+00,    3.2016348340E+02
    192000,      0.676961,CP2_after_erosion,   1,    0.0000000000E+00,    3.2016348340E+02,    3.2016348340E+02,    0.0000000000E+00,    0.0000000000E+00,    0.0000000000E+00,    3.2016348340E+02
    192000,      0.676961,CP3_after_update_bottom,   1,    0.0000000000E+00,    3.2016348340E+02,    3.2016348340E+02,    0.0000000000E+00,    0.0000000000E+00,    0.0000000000E+00,    3.2016348340E+02
    192000,      0.676961,CP4_after_advection,   1,    0.0000000000E+00,    3.2017590509E+02,    3.2017590509E+02,    0.0000000000E+00,    0.0000000000E+00,    0.0000000000E+00,    3.2017590509E+02
    192000,      0.676961,CP5_after_vdif,   1,    0.0000000000E+00,    3.2017590509E+02,    3.2017590509E+02,    0.0000000000E+00,    0.0000000000E+00,    0.0000000000E+00,    3.2017590509E+02
    192000,      0.676961,CP6_after_kinetics,   1,    0.0000000000E+00,    3.2017590509E+02,    3.2017590509E+02,    0.0000000000E+00,    0.0000000000E+00,    0.0000000000E+00,    3.2017590509E+02
    192000,      0.676961,CP7_after_upper_clamp,   1,    0.0000000000E+00,    3.2017590509E+02,    3.2017590509E+02,    0.0000000000E+00,    0.0000000000E+00,    0.0000000000E+00,    3.2017590509E+02
    192000,      0.676961,CP8_after_OBC,   1,    0.0000000000E+00,    3.2017590509E+02,    3.2017590509E+02,    0.0000000000E+00,    0.0000000000E+00,    0.0000000000E+00,    3.2017590509E+02
    192000,      0.676961,CP9_after_PTsource,   1,    0.0000000000E+00,    3.2017590509E+02,    3.2017590509E+02,    0.0000000000E+00,    0.0000000000E+00,    0.0000000000E+00,    3.2017590509E+02
    192000,      0.676961,CP10_after_neg_clamp,   1,    0.0000000000E+00,    3.2017590509E+02,    3.2017590509E+02,    0.0000000000E+00,    0.0000000000E+00,    0.0000000000E+00,    3.2017590509E+02
    192000,      0.676961,CP11_after_MPI,   1,    0.0000000000E+00,    3.2017590509E+02,    3.2017590509E+02,    0.0000000000E+00,    0.0000000000E+00,    0.0000000000E+00,    3.2017590509E+02
    192000,      0.676961,CP12_end,   1,    0.0000000000E+00,    3.2017590509E+02,    3.2017590509E+02,    0.0000000000E+00,    0.0000000000E+00,    0.0000000000E+00,    3.2017590509E+02
    192050,      0.676961,CP0_start,   1,    0.0000000000E+00,    3.2034844715E+02,    3.2034844715E+02,    0.0000000000E+00,    0.0000000000E+00,    0.0000000000E+00,    3.2034844715E+02
    192050,      0.676961,CP1_after_deposition,   1,    0.0000000000E+00,    3.2034844715E+02,    3.2034844715E+02,    0.0000000000E+00,    0.0000000000E+00,    0.0000000000E+00,    3.2034844715E+02
    192050,      0.676961,CP2_after_erosion,   1,    0.0000000000E+00,    3.2034844715E+02,    3.2034844715E+02,    0.0000000000E+00,    0.0000000000E+00,    0.0000000000E+00,    3.2034844715E+02
    192050,      0.676961,CP3_after_update_bottom,   1,    0.0000000000E+00,    3.2034844715E+02,    3.2034844715E+02,    0.0000000000E+00,    0.0000000000E+00,    0.0000000000E+00,    3.2034844715E+02
    192050,      0.676961,CP4_after_advection,   1,    0.0000000000E+00,    3.2036083413E+02,    3.2036083413E+02,    0.0000000000E+00,    0.0000000000E+00,    0.0000000000E+00,    3.2036083413E+02
    192050,      0.676961,CP5_after_vdif,   1,    0.0000000000E+00,    3.2036083413E+02,    3.2036083413E+02,    0.0000000000E+00,    0.0000000000E+00,    0.0000000000E+00,    3.2036083413E+02
    192050,      0.676961,CP6_after_kinetics,   1,    0.0000000000E+00,    3.2036083413E+02,    3.2036083413E+02,    0.0000000000E+00,    0.0000000000E+00,    0.0000000000E+00,    3.2036083413E+02
    192050,      0.676961,CP7_after_upper_clamp,   1,    0.0000000000E+00,    3.2036083413E+02,    3.2036083413E+02,    0.0000000000E+00,    0.0000000000E+00,    0.0000000000E+00,    3.2036083413E+02
    192050,      0.676961,CP8_after_OBC,   1,    0.0000000000E+00,    3.2036083413E+02,    3.2036083413E+02,    0.0000000000E+00,    0.0000000000E+00,    0.0000000000E+00,    3.2036083413E+02
    192050,      0.676961,CP9_after_PTsource,   1,    0.0000000000E+00,    3.2036083413E+02,    3.2036083413E+02,    0.0000000000E+00,    0.0000000000E+00,    0.0000000000E+00,    3.2036083413E+02
    192050,      0.676961,CP10_after_neg_clamp,   1,    0.0000000000E+00,    3.2036083413E+02,    3.2036083413E+02,    0.0000000000E+00,    0.0000000000E+00,    0.0000000000E+00,    3.2036083413E+02
    192050,      0.676961,CP11_after_MPI,   1,    0.0000000000E+00,    3.2036083413E+02,    3.2036083413E+02,    0.0000000000E+00,    0.0000000000E+00,    0.0000000000E+00,    3.2036083413E+02
    192050,      0.676961,CP12_end,   1,    0.0000000000E+00,    3.2036083413E+02,    3.2036083413E+02,    0.0000000000E+00,    0.0000000000E+00,    0.0000000000E+00,    3.2036083413E+02
    192100,      0.676961,CP0_start,   1,    0.0000000000E+00,    3.2053439090E+02,    3.2053439090E+02,    0.0000000000E+00,    0.0000000000E+00,    0.0000000000E+00,    3.2053439090E+02
    192100,      0.676961,CP1_after_deposition,   1,    0.0000000000E+00,    3.2053439090E+02,    3.2053439090E+02,    0.0000000000E+00,    0.0000000000E+00,    0.0000000000E+00,    3.2053439090E+02
    192100,      0.676961,CP2_after_erosion,   1,    0.0000000000E+00,    3.2053439090E+02,    3.2053439090E+02,    0.0000000000E+00,    0.0000000000E+00,    0.0000000000E+00,    3.2053439090E+02
    192100,      0.676961,CP3_after_update_bottom,   1,    0.0000000000E+00,    3.2053439090E+02,    3.2053439090E+02,    0.0000000000E+00,    0.0000000000E+00,    0.0000000000E+00,    3.2053439090E+02
    192100,      0.676961,CP4_after_advection,   1,    0.0000000000E+00,    3.2054674349E+02,    3.2054674349E+02,    0.0000000000E+00,    0.0000000000E+00,    0.0000000000E+00,    3.2054674349E+02
    192100,      0.676961,CP5_after_vdif,   1,    0.0000000000E+00,    3.2054674349E+02,    3.2054674349E+02,    0.0000000000E+00,    0.0000000000E+00,    0.0000000000E+00,    3.2054674349E+02
    192100,      0.676961,CP6_after_kinetics,   1,    0.0000000000E+00,    3.2054674349E+02,    3.2054674349E+02,    0.0000000000E+00,    0.0000000000E+00,    0.0000000000E+00,    3.2054674349E+02
    192100,      0.676961,CP7_after_upper_clamp,   1,    0.0000000000E+00,    3.2054674349E+02,    3.2054674349E+02,    0.0000000000E+00,    0.0000000000E+00,    0.0000000000E+00,    3.2054674349E+02
    192100,      0.676961,CP8_after_OBC,   1,    0.0000000000E+00,    3.2054674349E+02,    3.2054674349E+02,    0.0000000000E+00,    0.0000000000E+00,    0.0000000000E+00,    3.2054674349E+02
    192100,      0.676961,CP9_after_PTsource,   1,    0.0000000000E+00,    3.2054674349E+02,    3.2054674349E+02,    0.0000000000E+00,    0.0000000000E+00,    0.0000000000E+00,    3.2054674349E+02
    192100,      0.676961,CP10_after_neg_clamp,   1,    0.0000000000E+00,    3.2054674349E+02,    3.2054674349E+02,    0.0000000000E+00,    0.0000000000E+00,    0.0000000000E+00,    3.2054674349E+02
    192100,      0.676961,CP11_after_MPI,   1,    0.0000000000E+00,    3.2054674349E+02,    3.2054674349E+02,    0.0000000000E+00,    0.0000000000E+00,    0.0000000000E+00,    3.2054674349E+02
    192100,      0.676961,CP12_end,   1,    0.0000000000E+00,    3.2054674349E+02,    3.2054674349E+02,    0.0000000000E+00,    0.0000000000E+00,    0.0000000000E+00,    3.2054674349E+02
    192150,      0.676961,CP0_start,   1,    0.0000000000E+00,    3.2072144968E+02,    3.2072144968E+02,    0.0000000000E+00,    0.0000000000E+00,    0.0000000000E+00,    3.2072144968E+02
    192150,      0.676961,CP1_after_deposition,   1,    0.0000000000E+00,    3.2072144968E+02,    3.2072144968E+02,    0.0000000000E+00,    0.0000000000E+00,    0.0000000000E+00,    3.2072144968E+02
    192150,      0.676961,CP2_after_erosion,   1,    0.0000000000E+00,    3.2072144968E+02,    3.2072144968E+02,    0.0000000000E+00,    0.0000000000E+00,    0.0000000000E+00,    3.2072144968E+02
    192150,      0.676961,CP3_after_update_bottom,   1,    0.0000000000E+00,    3.2072144968E+02,    3.2072144968E+02,    0.0000000000E+00,    0.0000000000E+00,    0.0000000000E+00,    3.2072144968E+02
    192150,      0.676961,CP4_after_advection,   1,    0.0000000000E+00,    3.2073376947E+02,    3.2073376947E+02,    0.0000000000E+00,    0.0000000000E+00,    0.0000000000E+00,    3.2073376947E+02
    192150,      0.676961,CP5_after_vdif,   1,    0.0000000000E+00,    3.2073376947E+02,    3.2073376947E+02,    0.0000000000E+00,    0.0000000000E+00,    0.0000000000E+00,    3.2073376947E+02
    192150,      0.676961,CP6_after_kinetics,   1,    0.0000000000E+00,    3.2073376947E+02,    3.2073376947E+02,    0.0000000000E+00,    0.0000000000E+00,    0.0000000000E+00,    3.2073376947E+02
    192150,      0.676961,CP7_after_upper_clamp,   1,    0.0000000000E+00,    3.2073376947E+02,    3.2073376947E+02,    0.0000000000E+00,    0.0000000000E+00,    0.0000000000E+00,    3.2073376947E+02
    192150,      0.676961,CP8_after_OBC,   1,    0.0000000000E+00,    3.2073376947E+02,    3.2073376947E+02,    0.0000000000E+00,    0.0000000000E+00,    0.0000000000E+00,    3.2073376947E+02
    192150,      0.676961,CP9_after_PTsource,   1,    0.0000000000E+00,    3.2073376947E+02,    3.2073376947E+02,    0.0000000000E+00,    0.0000000000E+00,    0.0000000000E+00,    3.2073376947E+02
    192150,      0.676961,CP10_after_neg_clamp,   1,    0.0000000000E+00,    3.2073376947E+02,    3.2073376947E+02,    0.0000000000E+00,    0.0000000000E+00,    0.0000000000E+00,    3.2073376947E+02
    192150,      0.676961,CP11_after_MPI,   1,    0.0000000000E+00,    3.2073376947E+02,    3.2073376947E+02,    0.0000000000E+00,    0.0000000000E+00,    0.0000000000E+00,    3.2073376947E+02
    192150,      0.676961,CP12_end,   1,    0.0000000000E+00,    3.2073376947E+02,    3.2073376947E+02,    0.0000000000E+00,    0.0000000000E+00,    0.0000000000E+00,    3.2073376947E+02
    192200,      0.676961,CP0_start,   1,    0.0000000000E+00,    3.2090967179E+02,    3.2090967179E+02,    0.0000000000E+00,    0.0000000000E+00,    0.0000000000E+00,    3.2090967179E+02
    192200,      0.676961,CP1_after_deposition,   1,    0.0000000000E+00,    3.2090967179E+02,    3.2090967179E+02,    0.0000000000E+00,    0.0000000000E+00,    0.0000000000E+00,    3.2090967179E+02
    192200,      0.676961,CP2_after_erosion,   1,    0.0000000000E+00,    3.2090967179E+02,    3.2090967179E+02,    0.0000000000E+00,    0.0000000000E+00,    0.0000000000E+00,    3.2090967179E+02
    192200,      0.676961,CP3_after_update_bottom,   1,    0.0000000000E+00,    3.2090967179E+02,    3.2090967179E+02,    0.0000000000E+00,    0.0000000000E+00,    0.0000000000E+00,    3.2090967179E+02
    192200,      0.676961,CP4_after_advection,   1,    0.0000000000E+00,    3.2092196397E+02,    3.2092196397E+02,    0.0000000000E+00,    0.0000000000E+00,    0.0000000000E+00,    3.2092196397E+02
    192200,      0.676961,CP5_after_vdif,   1,    0.0000000000E+00,    3.2092196397E+02,    3.2092196397E+02,    0.0000000000E+00,    0.0000000000E+00,    0.0000000000E+00,    3.2092196397E+02
    192200,      0.676961,CP6_after_kinetics,   1,    0.0000000000E+00,    3.2092196397E+02,    3.2092196397E+02,    0.0000000000E+00,    0.0000000000E+00,    0.0000000000E+00,    3.2092196397E+02
    192200,      0.676961,CP7_after_upper_clamp,   1,    0.0000000000E+00,    3.2092196397E+02,    3.2092196397E+02,    0.0000000000E+00,    0.0000000000E+00,    0.0000000000E+00,    3.2092196397E+02
    192200,      0.676961,CP8_after_OBC,   1,    0.0000000000E+00,    3.2092196397E+02,    3.2092196397E+02,    0.0000000000E+00,    0.0000000000E+00,    0.0000000000E+00,    3.2092196397E+02
    192200,      0.676961,CP9_after_PTsource,   1,    0.0000000000E+00,    3.2092196397E+02,    3.2092196397E+02,    0.0000000000E+00,    0.0000000000E+00,    0.0000000000E+00,    3.2092196397E+02
    192200,      0.676961,CP10_after_neg_clamp,   1,    0.0000000000E+00,    3.2092196397E+02,    3.2092196397E+02,    0.0000000000E+00,    0.0000000000E+00,    0.0000000000E+00,    3.2092196397E+02
    192200,      0.676961,CP11_after_MPI,   1,    0.0000000000E+00,    3.2092196397E+02,    3.2092196397E+02,    0.0000000000E+00,    0.0000000000E+00,    0.0000000000E+00,    3.2092196397E+02
    192200,      0.676961,CP12_end,   1,    0.0000000000E+00,    3.2092196397E+02,    3.2092196397E+02,    0.0000000000E+00,    0.0000000000E+00,    0.0000000000E+00,    3.2092196397E+02
    192250,      0.676961,CP0_start,   1,    0.0000000000E+00,    3.2109896483E+02,    3.2109896483E+02,    0.0000000000E+00,    0.0000000000E+00,    0.0000000000E+00,    3.2109896483E+02
    192250,      0.676961,CP1_after_deposition,   1,    0.0000000000E+00,    3.2109896483E+02,    3.2109896483E+02,    0.0000000000E+00,    0.0000000000E+00,    0.0000000000E+00,    3.2109896483E+02
    192250,      0.676961,CP2_after_erosion,   1,    0.0000000000E+00,    3.2109896483E+02,    3.2109896483E+02,    0.0000000000E+00,    0.0000000000E+00,    0.0000000000E+00,    3.2109896483E+02
    192250,      0.676961,CP3_after_update_bottom,   1,    0.0000000000E+00,    3.2109896483E+02,    3.2109896483E+02,    0.0000000000E+00,    0.0000000000E+00,    0.0000000000E+00,    3.2109896483E+02
    192250,      0.676961,CP4_after_advection,   1,    0.0000000000E+00,    3.2111121854E+02,    3.2111121854E+02,    0.0000000000E+00,    0.0000000000E+00,    0.0000000000E+00,    3.2111121854E+02
    192250,      0.676961,CP5_after_vdif,   1,    0.0000000000E+00,    3.2111121854E+02,    3.2111121854E+02,    0.0000000000E+00,    0.0000000000E+00,    0.0000000000E+00,    3.2111121854E+02
    192250,      0.676961,CP6_after_kinetics,   1,    0.0000000000E+00,    3.2111121854E+02,    3.2111121854E+02,    0.0000000000E+00,    0.0000000000E+00,    0.0000000000E+00,    3.2111121854E+02
    192250,      0.676961,CP7_after_upper_clamp,   1,    0.0000000000E+00,    3.2111121854E+02,    3.2111121854E+02,    0.0000000000E+00,    0.0000000000E+00,    0.0000000000E+00,    3.2111121854E+02
    192250,      0.676961,CP8_after_OBC,   1,    0.0000000000E+00,    3.2111121854E+02,    3.2111121854E+02,    0.0000000000E+00,    0.0000000000E+00,    0.0000000000E+00,    3.2111121854E+02
    192250,      0.676961,CP9_after_PTsource,   1,    0.0000000000E+00,    3.2111121854E+02,    3.2111121854E+02,    0.0000000000E+00,    0.0000000000E+00,    0.0000000000E+00,    3.2111121854E+02
    192250,      0.676961,CP10_after_neg_clamp,   1,    0.0000000000E+00,    3.2111121854E+02,    3.2111121854E+02,    0.0000000000E+00,    0.0000000000E+00,    0.0000000000E+00,    3.2111121854E+02
    192250,      0.676961,CP11_after_MPI,   1,    0.0000000000E+00,    3.2111121854E+02,    3.2111121854E+02,    0.0000000000E+00,    0.0000000000E+00,    0.0000000000E+00,    3.2111121854E+02
    192250,      0.676961,CP12_end,   1,    0.0000000000E+00,    3.2111121854E+02,    3.2111121854E+02,    0.0000000000E+00,    0.0000000000E+00,    0.0000000000E+00,    3.2111121854E+02
    192300,      0.676961,CP0_start,   1,    0.0000000000E+00,    3.2128892185E+02,    3.2128892185E+02,    0.0000000000E+00,    0.0000000000E+00,    0.0000000000E+00,    3.2128892185E+02
    192300,      0.676961,CP1_after_deposition,   1,    0.0000000000E+00,    3.2128892185E+02,    3.2128892185E+02,    0.0000000000E+00,    0.0000000000E+00,    0.0000000000E+00,    3.2128892185E+02
    192300,      0.676961,CP2_after_erosion,   1,    0.0000000000E+00,    3.2128892185E+02,    3.2128892185E+02,    0.0000000000E+00,    0.0000000000E+00,    0.0000000000E+00,    3.2128892185E+02
    192300,      0.676961,CP3_after_update_bottom,   1,    0.0000000000E+00,    3.2128892185E+02,    3.2128892185E+02,    0.0000000000E+00,    0.0000000000E+00,    0.0000000000E+00,    3.2128892185E+02
    192300,      0.676961,CP4_after_advection,   1,    0.0000000000E+00,    3.2130113040E+02,    3.2130113040E+02,    0.0000000000E+00,    0.0000000000E+00,    0.0000000000E+00,    3.2130113040E+02
    192300,      0.676961,CP5_after_vdif,   1,    0.0000000000E+00,    3.2130113040E+02,    3.2130113040E+02,    0.0000000000E+00,    0.0000000000E+00,    0.0000000000E+00,    3.2130113040E+02
    192300,      0.676961,CP6_after_kinetics,   1,    0.0000000000E+00,    3.2130113040E+02,    3.2130113040E+02,    0.0000000000E+00,    0.0000000000E+00,    0.0000000000E+00,    3.2130113040E+02
    192300,      0.676961,CP7_after_upper_clamp,   1,    0.0000000000E+00,    3.2130113040E+02,    3.2130113040E+02,    0.0000000000E+00,    0.0000000000E+00,    0.0000000000E+00,    3.2130113040E+02
    192300,      0.676961,CP8_after_OBC,   1,    0.0000000000E+00,    3.2130113040E+02,    3.2130113040E+02,    0.0000000000E+00,    0.0000000000E+00,    0.0000000000E+00,    3.2130113040E+02
    192300,      0.676961,CP9_after_PTsource,   1,    0.0000000000E+00,    3.2130113040E+02,    3.2130113040E+02,    0.0000000000E+00,    0.0000000000E+00,    0.0000000000E+00,    3.2130113040E+02
    192300,      0.676961,CP10_after_neg_clamp,   1,    0.0000000000E+00,    3.2130113040E+02,    3.2130113040E+02,    0.0000000000E+00,    0.0000000000E+00,    0.0000000000E+00,    3.2130113040E+02
    192300,      0.676961,CP11_after_MPI,   1,    0.0000000000E+00,    3.2130113040E+02,    3.2130113040E+02,    0.0000000000E+00,    0.0000000000E+00,    0.0000000000E+00,    3.2130113040E+02
    192300,      0.676961,CP12_end,   1,    0.0000000000E+00,    3.2130113040E+02,    3.2130113040E+02,    0.0000000000E+00,    0.0000000000E+00,    0.0000000000E+00,    3.2130113040E+02
    192350,      0.676961,CP0_start,   1,    0.0000000000E+00,    3.2147920606E+02,    3.2147920606E+02,    0.0000000000E+00,    0.0000000000E+00,    0.0000000000E+00,    3.2147920606E+02
    192350,      0.676961,CP1_after_deposition,   1,    0.0000000000E+00,    3.2147920606E+02,    3.2147920606E+02,    0.0000000000E+00,    0.0000000000E+00,    0.0000000000E+00,    3.2147920606E+02
    192350,      0.676961,CP2_after_erosion,   1,    0.0000000000E+00,    3.2147920606E+02,    3.2147920606E+02,    0.0000000000E+00,    0.0000000000E+00,    0.0000000000E+00,    3.2147920606E+02
    192350,      0.676961,CP3_after_update_bottom,   1,    0.0000000000E+00,    3.2147920606E+02,    3.2147920606E+02,    0.0000000000E+00,    0.0000000000E+00,    0.0000000000E+00,    3.2147920606E+02
    192350,      0.676961,CP4_after_advection,   1,    0.0000000000E+00,    3.2149137042E+02,    3.2149137042E+02,    0.0000000000E+00,    0.0000000000E+00,    0.0000000000E+00,    3.2149137042E+02
    192350,      0.676961,CP5_after_vdif,   1,    0.0000000000E+00,    3.2149137042E+02,    3.2149137042E+02,    0.0000000000E+00,    0.0000000000E+00,    0.0000000000E+00,    3.2149137042E+02
    192350,      0.676961,CP6_after_kinetics,   1,    0.0000000000E+00,    3.2149137042E+02,    3.2149137042E+02,    0.0000000000E+00,    0.0000000000E+00,    0.0000000000E+00,    3.2149137042E+02
    192350,      0.676961,CP7_after_upper_clamp,   1,    0.0000000000E+00,    3.2149137042E+02,    3.2149137042E+02,    0.0000000000E+00,    0.0000000000E+00,    0.0000000000E+00,    3.2149137042E+02
    192350,      0.676961,CP8_after_OBC,   1,    0.0000000000E+00,    3.2149137042E+02,    3.2149137042E+02,    0.0000000000E+00,    0.0000000000E+00,    0.0000000000E+00,    3.2149137042E+02
    192350,      0.676961,CP9_after_PTsource,   1,    0.0000000000E+00,    3.2149137042E+02,    3.2149137042E+02,    0.0000000000E+00,    0.0000000000E+00,    0.0000000000E+00,    3.2149137042E+02
    192350,      0.676961,CP10_after_neg_clamp,   1,    0.0000000000E+00,    3.2149137042E+02,    3.2149137042E+02,    0.0000000000E+00,    0.0000000000E+00,    0.0000000000E+00,    3.2149137042E+02
    192350,      0.676961,CP11_after_MPI,   1,    0.0000000000E+00,    3.2149137042E+02,    3.2149137042E+02,    0.0000000000E+00,    0.0000000000E+00,    0.0000000000E+00,    3.2149137042E+02
    192350,      0.676961,CP12_end,   1,    0.0000000000E+00,    3.2149137042E+02,    3.2149137042E+02,    0.0000000000E+00,    0.0000000000E+00,    0.0000000000E+00,    3.2149137042E+02
    192400,      0.676961,CP0_start,   1,    0.0000000000E+00,    3.2166969578E+02,    3.2166969578E+02,    0.0000000000E+00,    0.0000000000E+00,    0.0000000000E+00,    3.2166969578E+02
    192400,      0.676961,CP1_after_deposition,   1,    0.0000000000E+00,    3.2166969578E+02,    3.2166969578E+02,    0.0000000000E+00,    0.0000000000E+00,    0.0000000000E+00,    3.2166969578E+02
    192400,      0.676961,CP2_after_erosion,   1,    0.0000000000E+00,    3.2166969578E+02,    3.2166969578E+02,    0.0000000000E+00,    0.0000000000E+00,    0.0000000000E+00,    3.2166969578E+02
    192400,      0.676961,CP3_after_update_bottom,   1,    0.0000000000E+00,    3.2166969578E+02,    3.2166969578E+02,    0.0000000000E+00,    0.0000000000E+00,    0.0000000000E+00,    3.2166969578E+02
    192400,      0.676961,CP4_after_advection,   1,    0.0000000000E+00,    3.2168181259E+02,    3.2168181259E+02,    0.0000000000E+00,    0.0000000000E+00,    0.0000000000E+00,    3.2168181259E+02
    192400,      0.676961,CP5_after_vdif,   1,    0.0000000000E+00,    3.2168181259E+02,    3.2168181259E+02,    0.0000000000E+00,    0.0000000000E+00,    0.0000000000E+00,    3.2168181259E+02
    192400,      0.676961,CP6_after_kinetics,   1,    0.0000000000E+00,    3.2168181259E+02,    3.2168181259E+02,    0.0000000000E+00,    0.0000000000E+00,    0.0000000000E+00,    3.2168181259E+02
    192400,      0.676961,CP7_after_upper_clamp,   1,    0.0000000000E+00,    3.2168181259E+02,    3.2168181259E+02,    0.0000000000E+00,    0.0000000000E+00,    0.0000000000E+00,    3.2168181259E+02
    192400,      0.676961,CP8_after_OBC,   1,    0.0000000000E+00,    3.2168181259E+02,    3.2168181259E+02,    0.0000000000E+00,    0.0000000000E+00,    0.0000000000E+00,    3.2168181259E+02
    192400,      0.676961,CP9_after_PTsource,   1,    0.0000000000E+00,    3.2168181259E+02,    3.2168181259E+02,    0.0000000000E+00,    0.0000000000E+00,    0.0000000000E+00,    3.2168181259E+02
    192400,      0.676961,CP10_after_neg_clamp,   1,    0.0000000000E+00,    3.2168181259E+02,    3.2168181259E+02,    0.0000000000E+00,    0.0000000000E+00,    0.0000000000E+00,    3.2168181259E+02
    192400,      0.676961,CP11_after_MPI,   1,    0.0000000000E+00,    3.2168181259E+02,    3.2168181259E+02,    0.0000000000E+00,    0.0000000000E+00,    0.0000000000E+00,    3.2168181259E+02
    192400,      0.676961,CP12_end,   1,    0.0000000000E+00,    3.2168181259E+02,    3.2168181259E+02,    0.0000000000E+00,    0.0000000000E+00,    0.0000000000E+00,    3.2168181259E+02
    192450,      0.676961,CP0_start,   1,    0.0000000000E+00,    3.2186036319E+02,    3.2186036319E+02,    0.0000000000E+00,    0.0000000000E+00,    0.0000000000E+00,    3.2186036319E+02
    192450,      0.676961,CP1_after_deposition,   1,    0.0000000000E+00,    3.2186036319E+02,    3.2186036319E+02,    0.0000000000E+00,    0.0000000000E+00,    0.0000000000E+00,    3.2186036319E+02
    192450,      0.676961,CP2_after_erosion,   1,    0.0000000000E+00,    3.2186036319E+02,    3.2186036319E+02,    0.0000000000E+00,    0.0000000000E+00,    0.0000000000E+00,    3.2186036319E+02
    192450,      0.676961,CP3_after_update_bottom,   1,    0.0000000000E+00,    3.2186036319E+02,    3.2186036319E+02,    0.0000000000E+00,    0.0000000000E+00,    0.0000000000E+00,    3.2186036319E+02
    192450,      0.676961,CP4_after_advection,   1,    0.0000000000E+00,    3.2187242318E+02,    3.2187242318E+02,    0.0000000000E+00,    0.0000000000E+00,    0.0000000000E+00,    3.2187242318E+02
    192450,      0.676961,CP5_after_vdif,   1,    0.0000000000E+00,    3.2187242318E+02,    3.2187242318E+02,    0.0000000000E+00,    0.0000000000E+00,    0.0000000000E+00,    3.2187242318E+02
    192450,      0.676961,CP6_after_kinetics,   1,    0.0000000000E+00,    3.2187242318E+02,    3.2187242318E+02,    0.0000000000E+00,    0.0000000000E+00,    0.0000000000E+00,    3.2187242318E+02
    192450,      0.676961,CP7_after_upper_clamp,   1,    0.0000000000E+00,    3.2187242318E+02,    3.2187242318E+02,    0.0000000000E+00,    0.0000000000E+00,    0.0000000000E+00,    3.2187242318E+02
    192450,      0.676961,CP8_after_OBC,   1,    0.0000000000E+00,    3.2187242318E+02,    3.2187242318E+02,    0.0000000000E+00,    0.0000000000E+00,    0.0000000000E+00,    3.2187242318E+02
    192450,      0.676961,CP9_after_PTsource,   1,    0.0000000000E+00,    3.2187242318E+02,    3.2187242318E+02,    0.0000000000E+00,    0.0000000000E+00,    0.0000000000E+00,    3.2187242318E+02
    192450,      0.676961,CP10_after_neg_clamp,   1,    0.0000000000E+00,    3.2187242318E+02,    3.2187242318E+02,    0.0000000000E+00,    0.0000000000E+00,    0.0000000000E+00,    3.2187242318E+02
    192450,      0.676961,CP11_after_MPI,   1,    0.0000000000E+00,    3.2187242318E+02,    3.2187242318E+02,    0.0000000000E+00,    0.0000000000E+00,    0.0000000000E+00,    3.2187242318E+02
    192450,      0.676961,CP12_end,   1,    0.0000000000E+00,    3.2187242318E+02,    3.2187242318E+02,    0.0000000000E+00,    0.0000000000E+00,    0.0000000000E+00,    3.2187242318E+02
    192500,      0.676961,CP0_start,   1,    0.0000000000E+00,    3.2205108907E+02,    3.2205108907E+02,    0.0000000000E+00,    0.0000000000E+00,    0.0000000000E+00,    3.2205108907E+02
    192500,      0.676961,CP1_after_deposition,   1,    0.0000000000E+00,    3.2205108907E+02,    3.2205108907E+02,    0.0000000000E+00,    0.0000000000E+00,    0.0000000000E+00,    3.2205108907E+02
    192500,      0.676961,CP2_after_erosion,   1,    0.0000000000E+00,    3.2205108907E+02,    3.2205108907E+02,    0.0000000000E+00,    0.0000000000E+00,    0.0000000000E+00,    3.2205108907E+02
    192500,      0.676961,CP3_after_update_bottom,   1,    0.0000000000E+00,    3.2205108907E+02,    3.2205108907E+02,    0.0000000000E+00,    0.0000000000E+00,    0.0000000000E+00,    3.2205108907E+02
    192500,      0.676961,CP4_after_advection,   1,    0.0000000000E+00,    3.2206309306E+02,    3.2206309306E+02,    0.0000000000E+00,    0.0000000000E+00,    0.0000000000E+00,    3.2206309306E+02
    192500,      0.676961,CP5_after_vdif,   1,    0.0000000000E+00,    3.2206309306E+02,    3.2206309306E+02,    0.0000000000E+00,    0.0000000000E+00,    0.0000000000E+00,    3.2206309306E+02
    192500,      0.676961,CP6_after_kinetics,   1,    0.0000000000E+00,    3.2206309306E+02,    3.2206309306E+02,    0.0000000000E+00,    0.0000000000E+00,    0.0000000000E+00,    3.2206309306E+02
    192500,      0.676961,CP7_after_upper_clamp,   1,    0.0000000000E+00,    3.2206309306E+02,    3.2206309306E+02,    0.0000000000E+00,    0.0000000000E+00,    0.0000000000E+00,    3.2206309306E+02
    192500,      0.676961,CP8_after_OBC,   1,    0.0000000000E+00,    3.2206309306E+02,    3.2206309306E+02,    0.0000000000E+00,    0.0000000000E+00,    0.0000000000E+00,    3.2206309306E+02
    192500,      0.676961,CP9_after_PTsource,   1,    0.0000000000E+00,    3.2206309306E+02,    3.2206309306E+02,    0.0000000000E+00,    0.0000000000E+00,    0.0000000000E+00,    3.2206309306E+02
    192500,      0.676961,CP10_after_neg_clamp,   1,    0.0000000000E+00,    3.2206309306E+02,    3.2206309306E+02,    0.0000000000E+00,    0.0000000000E+00,    0.0000000000E+00,    3.2206309306E+02
    192500,      0.676961,CP11_after_MPI,   1,    0.0000000000E+00,    3.2206309306E+02,    3.2206309306E+02,    0.0000000000E+00,    0.0000000000E+00,    0.0000000000E+00,    3.2206309306E+02
    192500,      0.676961,CP12_end,   1,    0.0000000000E+00,    3.2206309306E+02,    3.2206309306E+02,    0.0000000000E+00,    0.0000000000E+00,    0.0000000000E+00,    3.2206309306E+02
    192550,      0.676961,CP0_start,   1,    0.0000000000E+00,    3.2224187216E+02,    3.2224187216E+02,    0.0000000000E+00,    0.0000000000E+00,    0.0000000000E+00,    3.2224187216E+02
    192550,      0.676961,CP1_after_deposition,   1,    0.0000000000E+00,    3.2224187216E+02,    3.2224187216E+02,    0.0000000000E+00,    0.0000000000E+00,    0.0000000000E+00,    3.2224187216E+02
    192550,      0.676961,CP2_after_erosion,   1,    0.0000000000E+00,    3.2224187216E+02,    3.2224187216E+02,    0.0000000000E+00,    0.0000000000E+00,    0.0000000000E+00,    3.2224187216E+02
    192550,      0.676961,CP3_after_update_bottom,   1,    0.0000000000E+00,    3.2224187216E+02,    3.2224187216E+02,    0.0000000000E+00,    0.0000000000E+00,    0.0000000000E+00,    3.2224187216E+02
    192550,      0.676961,CP4_after_advection,   1,    0.0000000000E+00,    3.2225382365E+02,    3.2225382365E+02,    0.0000000000E+00,    0.0000000000E+00,    0.0000000000E+00,    3.2225382365E+02
    192550,      0.676961,CP5_after_vdif,   1,    0.0000000000E+00,    3.2225382365E+02,    3.2225382365E+02,    0.0000000000E+00,    0.0000000000E+00,    0.0000000000E+00,    3.2225382365E+02
    192550,      0.676961,CP6_after_kinetics,   1,    0.0000000000E+00,    3.2225382365E+02,    3.2225382365E+02,    0.0000000000E+00,    0.0000000000E+00,    0.0000000000E+00,    3.2225382365E+02
    192550,      0.676961,CP7_after_upper_clamp,   1,    0.0000000000E+00,    3.2225382365E+02,    3.2225382365E+02,    0.0000000000E+00,    0.0000000000E+00,    0.0000000000E+00,    3.2225382365E+02
    192550,      0.676961,CP8_after_OBC,   1,    0.0000000000E+00,    3.2225382365E+02,    3.2225382365E+02,    0.0000000000E+00,    0.0000000000E+00,    0.0000000000E+00,    3.2225382365E+02
    192550,      0.676961,CP9_after_PTsource,   1,    0.0000000000E+00,    3.2225382365E+02,    3.2225382365E+02,    0.0000000000E+00,    0.0000000000E+00,    0.0000000000E+00,    3.2225382365E+02
    192550,      0.676961,CP10_after_neg_clamp,   1,    0.0000000000E+00,    3.2225382365E+02,    3.2225382365E+02,    0.0000000000E+00,    0.0000000000E+00,    0.0000000000E+00,    3.2225382365E+02
    192550,      0.676961,CP11_after_MPI,   1,    0.0000000000E+00,    3.2225382365E+02,    3.2225382365E+02,    0.0000000000E+00,    0.0000000000E+00,    0.0000000000E+00,    3.2225382365E+02
    192550,      0.676961,CP12_end,   1,    0.0000000000E+00,    3.2225382365E+02,    3.2225382365E+02,    0.0000000000E+00,    0.0000000000E+00,    0.0000000000E+00,    3.2225382365E+02
    192600,      0.676961,CP0_start,   1,    0.0000000000E+00,    3.2243300381E+02,    3.2243300381E+02,    0.0000000000E+00,    0.0000000000E+00,    0.0000000000E+00,    3.2243300381E+02
    192600,      0.676961,CP1_after_deposition,   1,    0.0000000000E+00,    3.2243300381E+02,    3.2243300381E+02,    0.0000000000E+00,    0.0000000000E+00,    0.0000000000E+00,    3.2243300381E+02
    192600,      0.676961,CP2_after_erosion,   1,    0.0000000000E+00,    3.2243300381E+02,    3.2243300381E+02,    0.0000000000E+00,    0.0000000000E+00,    0.0000000000E+00,    3.2243300381E+02
    192600,      0.676961,CP3_after_update_bottom,   1,    0.0000000000E+00,    3.2243300381E+02,    3.2243300381E+02,    0.0000000000E+00,    0.0000000000E+00,    0.0000000000E+00,    3.2243300381E+02
    192600,      0.676961,CP4_after_advection,   1,    0.0000000000E+00,    3.2244491210E+02,    3.2244491210E+02,    0.0000000000E+00,    0.0000000000E+00,    0.0000000000E+00,    3.2244491210E+02
    192600,      0.676961,CP5_after_vdif,   1,    0.0000000000E+00,    3.2244491210E+02,    3.2244491210E+02,    0.0000000000E+00,    0.0000000000E+00,    0.0000000000E+00,    3.2244491210E+02
    192600,      0.676961,CP6_after_kinetics,   1,    0.0000000000E+00,    3.2244491210E+02,    3.2244491210E+02,    0.0000000000E+00,    0.0000000000E+00,    0.0000000000E+00,    3.2244491210E+02
    192600,      0.676961,CP7_after_upper_clamp,   1,    0.0000000000E+00,    3.2244491210E+02,    3.2244491210E+02,    0.0000000000E+00,    0.0000000000E+00,    0.0000000000E+00,    3.2244491210E+02
    192600,      0.676961,CP8_after_OBC,   1,    0.0000000000E+00,    3.2244491210E+02,    3.2244491210E+02,    0.0000000000E+00,    0.0000000000E+00,    0.0000000000E+00,    3.2244491210E+02
    192600,      0.676961,CP9_after_PTsource,   1,    0.0000000000E+00,    3.2244491210E+02,    3.2244491210E+02,    0.0000000000E+00,    0.0000000000E+00,    0.0000000000E+00,    3.2244491210E+02
    192600,      0.676961,CP10_after_neg_clamp,   1,    0.0000000000E+00,    3.2244491210E+02,    3.2244491210E+02,    0.0000000000E+00,    0.0000000000E+00,    0.0000000000E+00,    3.2244491210E+02
    192600,      0.676961,CP11_after_MPI,   1,    0.0000000000E+00,    3.2244491210E+02,    3.2244491210E+02,    0.0000000000E+00,    0.0000000000E+00,    0.0000000000E+00,    3.2244491210E+02
    192600,      0.676961,CP12_end,   1,    0.0000000000E+00,    3.2244491210E+02,    3.2244491210E+02,    0.0000000000E+00,    0.0000000000E+00,    0.0000000000E+00,    3.2244491210E+02
    192650,      0.676961,CP0_start,   1,    0.0000000000E+00,    3.2262477469E+02,    3.2262477469E+02,    0.0000000000E+00,    0.0000000000E+00,    0.0000000000E+00,    3.2262477469E+02
    192650,      0.676961,CP1_after_deposition,   1,    0.0000000000E+00,    3.2262477469E+02,    3.2262477469E+02,    0.0000000000E+00,    0.0000000000E+00,    0.0000000000E+00,    3.2262477469E+02
    192650,      0.676961,CP2_after_erosion,   1,    0.0000000000E+00,    3.2262477469E+02,    3.2262477469E+02,    0.0000000000E+00,    0.0000000000E+00,    0.0000000000E+00,    3.2262477469E+02
    192650,      0.676961,CP3_after_update_bottom,   1,    0.0000000000E+00,    3.2262477469E+02,    3.2262477469E+02,    0.0000000000E+00,    0.0000000000E+00,    0.0000000000E+00,    3.2262477469E+02
    192650,      0.676961,CP4_after_advection,   1,    0.0000000000E+00,    3.2263664452E+02,    3.2263664452E+02,    0.0000000000E+00,    0.0000000000E+00,    0.0000000000E+00,    3.2263664452E+02
    192650,      0.676961,CP5_after_vdif,   1,    0.0000000000E+00,    3.2263664452E+02,    3.2263664452E+02,    0.0000000000E+00,    0.0000000000E+00,    0.0000000000E+00,    3.2263664452E+02
    192650,      0.676961,CP6_after_kinetics,   1,    0.0000000000E+00,    3.2263664452E+02,    3.2263664452E+02,    0.0000000000E+00,    0.0000000000E+00,    0.0000000000E+00,    3.2263664452E+02
    192650,      0.676961,CP7_after_upper_clamp,   1,    0.0000000000E+00,    3.2263664452E+02,    3.2263664452E+02,    0.0000000000E+00,    0.0000000000E+00,    0.0000000000E+00,    3.2263664452E+02
    192650,      0.676961,CP8_after_OBC,   1,    0.0000000000E+00,    3.2263664452E+02,    3.2263664452E+02,    0.0000000000E+00,    0.0000000000E+00,    0.0000000000E+00,    3.2263664452E+02
    192650,      0.676961,CP9_after_PTsource,   1,    0.0000000000E+00,    3.2263664452E+02,    3.2263664452E+02,    0.0000000000E+00,    0.0000000000E+00,    0.0000000000E+00,    3.2263664452E+02
    192650,      0.676961,CP10_after_neg_clamp,   1,    0.0000000000E+00,    3.2263664452E+02,    3.2263664452E+02,    0.0000000000E+00,    0.0000000000E+00,    0.0000000000E+00,    3.2263664452E+02
    192650,      0.676961,CP11_after_MPI,   1,    0.0000000000E+00,    3.2263664452E+02,    3.2263664452E+02,    0.0000000000E+00,    0.0000000000E+00,    0.0000000000E+00,    3.2263664452E+02
    192650,      0.676961,CP12_end,   1,    0.0000000000E+00,    3.2263664452E+02,    3.2263664452E+02,    0.0000000000E+00,    0.0000000000E+00,    0.0000000000E+00,    3.2263664452E+02
    192700,      0.676961,CP0_start,   1,    0.0000000000E+00,    3.2281745779E+02,    3.2281745779E+02,    0.0000000000E+00,    0.0000000000E+00,    0.0000000000E+00,    3.2281745779E+02
    192700,      0.676961,CP1_after_deposition,   1,    0.0000000000E+00,    3.2281745779E+02,    3.2281745779E+02,    0.0000000000E+00,    0.0000000000E+00,    0.0000000000E+00,    3.2281745779E+02
    192700,      0.676961,CP2_after_erosion,   1,    0.0000000000E+00,    3.2281745779E+02,    3.2281745779E+02,    0.0000000000E+00,    0.0000000000E+00,    0.0000000000E+00,    3.2281745779E+02
    192700,      0.676961,CP3_after_update_bottom,   1,    0.0000000000E+00,    3.2281745779E+02,    3.2281745779E+02,    0.0000000000E+00,    0.0000000000E+00,    0.0000000000E+00,    3.2281745779E+02
    192700,      0.676961,CP4_after_advection,   1,    0.0000000000E+00,    3.2282929227E+02,    3.2282929227E+02,    0.0000000000E+00,    0.0000000000E+00,    0.0000000000E+00,    3.2282929227E+02
    192700,      0.676961,CP5_after_vdif,   1,    0.0000000000E+00,    3.2282929227E+02,    3.2282929227E+02,    0.0000000000E+00,    0.0000000000E+00,    0.0000000000E+00,    3.2282929227E+02
    192700,      0.676961,CP6_after_kinetics,   1,    0.0000000000E+00,    3.2282929227E+02,    3.2282929227E+02,    0.0000000000E+00,    0.0000000000E+00,    0.0000000000E+00,    3.2282929227E+02
    192700,      0.676961,CP7_after_upper_clamp,   1,    0.0000000000E+00,    3.2282929227E+02,    3.2282929227E+02,    0.0000000000E+00,    0.0000000000E+00,    0.0000000000E+00,    3.2282929227E+02
    192700,      0.676961,CP8_after_OBC,   1,    0.0000000000E+00,    3.2282929227E+02,    3.2282929227E+02,    0.0000000000E+00,    0.0000000000E+00,    0.0000000000E+00,    3.2282929227E+02
    192700,      0.676961,CP9_after_PTsource,   1,    0.0000000000E+00,    3.2282929227E+02,    3.2282929227E+02,    0.0000000000E+00,    0.0000000000E+00,    0.0000000000E+00,    3.2282929227E+02
    192700,      0.676961,CP10_after_neg_clamp,   1,    0.0000000000E+00,    3.2282929227E+02,    3.2282929227E+02,    0.0000000000E+00,    0.0000000000E+00,    0.0000000000E+00,    3.2282929227E+02
    192700,      0.676961,CP11_after_MPI,   1,    0.0000000000E+00,    3.2282929227E+02,    3.2282929227E+02,    0.0000000000E+00,    0.0000000000E+00,    0.0000000000E+00,    3.2282929227E+02
    192700,      0.676961,CP12_end,   1,    0.0000000000E+00,    3.2282929227E+02,    3.2282929227E+02,    0.0000000000E+00,    0.0000000000E+00,    0.0000000000E+00,    3.2282929227E+02
    192750,      0.676961,CP0_start,   1,    0.0000000000E+00,    3.2301111536E+02,    3.2301111536E+02,    0.0000000000E+00,    0.0000000000E+00,    0.0000000000E+00,    3.2301111536E+02
    192750,      0.676961,CP1_after_deposition,   1,    0.0000000000E+00,    3.2301111536E+02,    3.2301111536E+02,    0.0000000000E+00,    0.0000000000E+00,    0.0000000000E+00,    3.2301111536E+02
    192750,      0.676961,CP2_after_erosion,   1,    0.0000000000E+00,    3.2301111536E+02,    3.2301111536E+02,    0.0000000000E+00,    0.0000000000E+00,    0.0000000000E+00,    3.2301111536E+02
    192750,      0.676961,CP3_after_update_bottom,   1,    0.0000000000E+00,    3.2301111536E+02,    3.2301111536E+02,    0.0000000000E+00,    0.0000000000E+00,    0.0000000000E+00,    3.2301111536E+02
    192750,      0.676961,CP4_after_advection,   1,    0.0000000000E+00,    3.2302292164E+02,    3.2302292164E+02,    0.0000000000E+00,    0.0000000000E+00,    0.0000000000E+00,    3.2302292164E+02
    192750,      0.676961,CP5_after_vdif,   1,    0.0000000000E+00,    3.2302292164E+02,    3.2302292164E+02,    0.0000000000E+00,    0.0000000000E+00,    0.0000000000E+00,    3.2302292164E+02
    192750,      0.676961,CP6_after_kinetics,   1,    0.0000000000E+00,    3.2302292164E+02,    3.2302292164E+02,    0.0000000000E+00,    0.0000000000E+00,    0.0000000000E+00,    3.2302292164E+02
    192750,      0.676961,CP7_after_upper_clamp,   1,    0.0000000000E+00,    3.2302292164E+02,    3.2302292164E+02,    0.0000000000E+00,    0.0000000000E+00,    0.0000000000E+00,    3.2302292164E+02
    192750,      0.676961,CP8_after_OBC,   1,    0.0000000000E+00,    3.2302292164E+02,    3.2302292164E+02,    0.0000000000E+00,    0.0000000000E+00,    0.0000000000E+00,    3.2302292164E+02
    192750,      0.676961,CP9_after_PTsource,   1,    0.0000000000E+00,    3.2302292164E+02,    3.2302292164E+02,    0.0000000000E+00,    0.0000000000E+00,    0.0000000000E+00,    3.2302292164E+02
    192750,      0.676961,CP10_after_neg_clamp,   1,    0.0000000000E+00,    3.2302292164E+02,    3.2302292164E+02,    0.0000000000E+00,    0.0000000000E+00,    0.0000000000E+00,    3.2302292164E+02
    192750,      0.676961,CP11_after_MPI,   1,    0.0000000000E+00,    3.2302292164E+02,    3.2302292164E+02,    0.0000000000E+00,    0.0000000000E+00,    0.0000000000E+00,    3.2302292164E+02
    192750,      0.676961,CP12_end,   1,    0.0000000000E+00,    3.2302292164E+02,    3.2302292164E+02,    0.0000000000E+00,    0.0000000000E+00,    0.0000000000E+00,    3.2302292164E+02
    192800,      0.676961,CP0_start,   1,    0.0000000000E+00,    3.2320570225E+02,    3.2320570225E+02,    0.0000000000E+00,    0.0000000000E+00,    0.0000000000E+00,    3.2320570225E+02
    192800,      0.676961,CP1_after_deposition,   1,    0.0000000000E+00,    3.2320570225E+02,    3.2320570225E+02,    0.0000000000E+00,    0.0000000000E+00,    0.0000000000E+00,    3.2320570225E+02
    192800,      0.676961,CP2_after_erosion,   1,    0.0000000000E+00,    3.2320570225E+02,    3.2320570225E+02,    0.0000000000E+00,    0.0000000000E+00,    0.0000000000E+00,    3.2320570225E+02
    192800,      0.676961,CP3_after_update_bottom,   1,    0.0000000000E+00,    3.2320570225E+02,    3.2320570225E+02,    0.0000000000E+00,    0.0000000000E+00,    0.0000000000E+00,    3.2320570225E+02
    192800,      0.676961,CP4_after_advection,   1,    0.0000000000E+00,    3.2321747964E+02,    3.2321747964E+02,    0.0000000000E+00,    0.0000000000E+00,    0.0000000000E+00,    3.2321747964E+02
    192800,      0.676961,CP5_after_vdif,   1,    0.0000000000E+00,    3.2321747964E+02,    3.2321747964E+02,    0.0000000000E+00,    0.0000000000E+00,    0.0000000000E+00,    3.2321747964E+02
    192800,      0.676961,CP6_after_kinetics,   1,    0.0000000000E+00,    3.2321747964E+02,    3.2321747964E+02,    0.0000000000E+00,    0.0000000000E+00,    0.0000000000E+00,    3.2321747964E+02
    192800,      0.676961,CP7_after_upper_clamp,   1,    0.0000000000E+00,    3.2321747964E+02,    3.2321747964E+02,    0.0000000000E+00,    0.0000000000E+00,    0.0000000000E+00,    3.2321747964E+02
    192800,      0.676961,CP8_after_OBC,   1,    0.0000000000E+00,    3.2321747964E+02,    3.2321747964E+02,    0.0000000000E+00,    0.0000000000E+00,    0.0000000000E+00,    3.2321747964E+02
    192800,      0.676961,CP9_after_PTsource,   1,    0.0000000000E+00,    3.2321747964E+02,    3.2321747964E+02,    0.0000000000E+00,    0.0000000000E+00,    0.0000000000E+00,    3.2321747964E+02
    192800,      0.676961,CP10_after_neg_clamp,   1,    0.0000000000E+00,    3.2321747964E+02,    3.2321747964E+02,    0.0000000000E+00,    0.0000000000E+00,    0.0000000000E+00,    3.2321747964E+02
    192800,      0.676961,CP11_after_MPI,   1,    0.0000000000E+00,    3.2321747964E+02,    3.2321747964E+02,    0.0000000000E+00,    0.0000000000E+00,    0.0000000000E+00,    3.2321747964E+02
    192800,      0.676961,CP12_end,   1,    0.0000000000E+00,    3.2321747964E+02,    3.2321747964E+02,    0.0000000000E+00,    0.0000000000E+00,    0.0000000000E+00,    3.2321747964E+02
    192850,      0.676961,CP0_start,   1,    0.0000000000E+00,    3.2340106817E+02,    3.2340106817E+02,    0.0000000000E+00,    0.0000000000E+00,    0.0000000000E+00,    3.2340106817E+02
    192850,      0.676961,CP1_after_deposition,   1,    0.0000000000E+00,    3.2340106817E+02,    3.2340106817E+02,    0.0000000000E+00,    0.0000000000E+00,    0.0000000000E+00,    3.2340106817E+02
    192850,      0.676961,CP2_after_erosion,   1,    0.0000000000E+00,    3.2340106817E+02,    3.2340106817E+02,    0.0000000000E+00,    0.0000000000E+00,    0.0000000000E+00,    3.2340106817E+02
    192850,      0.676961,CP3_after_update_bottom,   1,    0.0000000000E+00,    3.2340106817E+02,    3.2340106817E+02,    0.0000000000E+00,    0.0000000000E+00,    0.0000000000E+00,    3.2340106817E+02
    192850,      0.676961,CP4_after_advection,   1,    0.0000000000E+00,    3.2341280310E+02,    3.2341280310E+02,    0.0000000000E+00,    0.0000000000E+00,    0.0000000000E+00,    3.2341280310E+02
    192850,      0.676961,CP5_after_vdif,   1,    0.0000000000E+00,    3.2341280310E+02,    3.2341280310E+02,    0.0000000000E+00,    0.0000000000E+00,    0.0000000000E+00,    3.2341280310E+02
    192850,      0.676961,CP6_after_kinetics,   1,    0.0000000000E+00,    3.2341280310E+02,    3.2341280310E+02,    0.0000000000E+00,    0.0000000000E+00,    0.0000000000E+00,    3.2341280310E+02
    192850,      0.676961,CP7_after_upper_clamp,   1,    0.0000000000E+00,    3.2341280310E+02,    3.2341280310E+02,    0.0000000000E+00,    0.0000000000E+00,    0.0000000000E+00,    3.2341280310E+02
    192850,      0.676961,CP8_after_OBC,   1,    0.0000000000E+00,    3.2341280310E+02,    3.2341280310E+02,    0.0000000000E+00,    0.0000000000E+00,    0.0000000000E+00,    3.2341280310E+02
    192850,      0.676961,CP9_after_PTsource,   1,    0.0000000000E+00,    3.2341280310E+02,    3.2341280310E+02,    0.0000000000E+00,    0.0000000000E+00,    0.0000000000E+00,    3.2341280310E+02
    192850,      0.676961,CP10_after_neg_clamp,   1,    0.0000000000E+00,    3.2341280310E+02,    3.2341280310E+02,    0.0000000000E+00,    0.0000000000E+00,    0.0000000000E+00,    3.2341280310E+02
    192850,      0.676961,CP11_after_MPI,   1,    0.0000000000E+00,    3.2341280310E+02,    3.2341280310E+02,    0.0000000000E+00,    0.0000000000E+00,    0.0000000000E+00,    3.2341280310E+02
    192850,      0.676961,CP12_end,   1,    0.0000000000E+00,    3.2341280310E+02,    3.2341280310E+02,    0.0000000000E+00,    0.0000000000E+00,    0.0000000000E+00,    3.2341280310E+02
    192900,      0.676961,CP0_start,   1,    0.0000000000E+00,    3.2359704457E+02,    3.2359704457E+02,    0.0000000000E+00,    0.0000000000E+00,    0.0000000000E+00,    3.2359704457E+02
    192900,      0.676961,CP1_after_deposition,   1,    0.0000000000E+00,    3.2359704457E+02,    3.2359704457E+02,    0.0000000000E+00,    0.0000000000E+00,    0.0000000000E+00,    3.2359704457E+02
    192900,      0.676961,CP2_after_erosion,   1,    0.0000000000E+00,    3.2359704457E+02,    3.2359704457E+02,    0.0000000000E+00,    0.0000000000E+00,    0.0000000000E+00,    3.2359704457E+02
    192900,      0.676961,CP3_after_update_bottom,   1,    0.0000000000E+00,    3.2359704457E+02,    3.2359704457E+02,    0.0000000000E+00,    0.0000000000E+00,    0.0000000000E+00,    3.2359704457E+02
    192900,      0.676961,CP4_after_advection,   1,    0.0000000000E+00,    3.2360873060E+02,    3.2360873060E+02,    0.0000000000E+00,    0.0000000000E+00,    0.0000000000E+00,    3.2360873060E+02
    192900,      0.676961,CP5_after_vdif,   1,    0.0000000000E+00,    3.2360873060E+02,    3.2360873060E+02,    0.0000000000E+00,    0.0000000000E+00,    0.0000000000E+00,    3.2360873060E+02
    192900,      0.676961,CP6_after_kinetics,   1,    0.0000000000E+00,    3.2360873060E+02,    3.2360873060E+02,    0.0000000000E+00,    0.0000000000E+00,    0.0000000000E+00,    3.2360873060E+02
    192900,      0.676961,CP7_after_upper_clamp,   1,    0.0000000000E+00,    3.2360873060E+02,    3.2360873060E+02,    0.0000000000E+00,    0.0000000000E+00,    0.0000000000E+00,    3.2360873060E+02
    192900,      0.676961,CP8_after_OBC,   1,    0.0000000000E+00,    3.2360873060E+02,    3.2360873060E+02,    0.0000000000E+00,    0.0000000000E+00,    0.0000000000E+00,    3.2360873060E+02
    192900,      0.676961,CP9_after_PTsource,   1,    0.0000000000E+00,    3.2360873060E+02,    3.2360873060E+02,    0.0000000000E+00,    0.0000000000E+00,    0.0000000000E+00,    3.2360873060E+02
    192900,      0.676961,CP10_after_neg_clamp,   1,    0.0000000000E+00,    3.2360873060E+02,    3.2360873060E+02,    0.0000000000E+00,    0.0000000000E+00,    0.0000000000E+00,    3.2360873060E+02
    192900,      0.676961,CP11_after_MPI,   1,    0.0000000000E+00,    3.2360873060E+02,    3.2360873060E+02,    0.0000000000E+00,    0.0000000000E+00,    0.0000000000E+00,    3.2360873060E+02
    192900,      0.676961,CP12_end,   1,    0.0000000000E+00,    3.2360873060E+02,    3.2360873060E+02,    0.0000000000E+00,    0.0000000000E+00,    0.0000000000E+00,    3.2360873060E+02
    192950,      0.676961,CP0_start,   1,    0.0000000000E+00,    3.2379341850E+02,    3.2379341850E+02,    0.0000000000E+00,    0.0000000000E+00,    0.0000000000E+00,    3.2379341850E+02
    192950,      0.676961,CP1_after_deposition,   1,    0.0000000000E+00,    3.2379341850E+02,    3.2379341850E+02,    0.0000000000E+00,    0.0000000000E+00,    0.0000000000E+00,    3.2379341850E+02
    192950,      0.676961,CP2_after_erosion,   1,    0.0000000000E+00,    3.2379341850E+02,    3.2379341850E+02,    0.0000000000E+00,    0.0000000000E+00,    0.0000000000E+00,    3.2379341850E+02
    192950,      0.676961,CP3_after_update_bottom,   1,    0.0000000000E+00,    3.2379341850E+02,    3.2379341850E+02,    0.0000000000E+00,    0.0000000000E+00,    0.0000000000E+00,    3.2379341850E+02
    192950,      0.676961,CP4_after_advection,   1,    0.0000000000E+00,    3.2380506262E+02,    3.2380506262E+02,    0.0000000000E+00,    0.0000000000E+00,    0.0000000000E+00,    3.2380506262E+02
    192950,      0.676961,CP5_after_vdif,   1,    0.0000000000E+00,    3.2380506262E+02,    3.2380506262E+02,    0.0000000000E+00,    0.0000000000E+00,    0.0000000000E+00,    3.2380506262E+02
    192950,      0.676961,CP6_after_kinetics,   1,    0.0000000000E+00,    3.2380506262E+02,    3.2380506262E+02,    0.0000000000E+00,    0.0000000000E+00,    0.0000000000E+00,    3.2380506262E+02
    192950,      0.676961,CP7_after_upper_clamp,   1,    0.0000000000E+00,    3.2380506262E+02,    3.2380506262E+02,    0.0000000000E+00,    0.0000000000E+00,    0.0000000000E+00,    3.2380506262E+02
    192950,      0.676961,CP8_after_OBC,   1,    0.0000000000E+00,    3.2380506262E+02,    3.2380506262E+02,    0.0000000000E+00,    0.0000000000E+00,    0.0000000000E+00,    3.2380506262E+02
    192950,      0.676961,CP9_after_PTsource,   1,    0.0000000000E+00,    3.2380506262E+02,    3.2380506262E+02,    0.0000000000E+00,    0.0000000000E+00,    0.0000000000E+00,    3.2380506262E+02
    192950,      0.676961,CP10_after_neg_clamp,   1,    0.0000000000E+00,    3.2380506262E+02,    3.2380506262E+02,    0.0000000000E+00,    0.0000000000E+00,    0.0000000000E+00,    3.2380506262E+02
    192950,      0.676961,CP11_after_MPI,   1,    0.0000000000E+00,    3.2380506262E+02,    3.2380506262E+02,    0.0000000000E+00,    0.0000000000E+00,    0.0000000000E+00,    3.2380506262E+02
    192950,      0.676961,CP12_end,   1,    0.0000000000E+00,    3.2380506262E+02,    3.2380506262E+02,    0.0000000000E+00,    0.0000000000E+00,    0.0000000000E+00,    3.2380506262E+02
    193000,      0.676961,CP0_start,   1,    0.0000000000E+00,    3.2399001046E+02,    3.2399001046E+02,    0.0000000000E+00,    0.0000000000E+00,    0.0000000000E+00,    3.2399001046E+02
    193000,      0.676961,CP1_after_deposition,   1,    0.0000000000E+00,    3.2399001046E+02,    3.2399001046E+02,    0.0000000000E+00,    0.0000000000E+00,    0.0000000000E+00,    3.2399001046E+02
    193000,      0.676961,CP2_after_erosion,   1,    0.0000000000E+00,    3.2399001046E+02,    3.2399001046E+02,    0.0000000000E+00,    0.0000000000E+00,    0.0000000000E+00,    3.2399001046E+02
    193000,      0.676961,CP3_after_update_bottom,   1,    0.0000000000E+00,    3.2399001046E+02,    3.2399001046E+02,    0.0000000000E+00,    0.0000000000E+00,    0.0000000000E+00,    3.2399001046E+02
    193000,      0.676961,CP4_after_advection,   1,    0.0000000000E+00,    3.2400161061E+02,    3.2400161061E+02,    0.0000000000E+00,    0.0000000000E+00,    0.0000000000E+00,    3.2400161061E+02
    193000,      0.676961,CP5_after_vdif,   1,    0.0000000000E+00,    3.2400161061E+02,    3.2400161061E+02,    0.0000000000E+00,    0.0000000000E+00,    0.0000000000E+00,    3.2400161061E+02
    193000,      0.676961,CP6_after_kinetics,   1,    0.0000000000E+00,    3.2400161061E+02,    3.2400161061E+02,    0.0000000000E+00,    0.0000000000E+00,    0.0000000000E+00,    3.2400161061E+02
    193000,      0.676961,CP7_after_upper_clamp,   1,    0.0000000000E+00,    3.2400161061E+02,    3.2400161061E+02,    0.0000000000E+00,    0.0000000000E+00,    0.0000000000E+00,    3.2400161061E+02
    193000,      0.676961,CP8_after_OBC,   1,    0.0000000000E+00,    3.2400161061E+02,    3.2400161061E+02,    0.0000000000E+00,    0.0000000000E+00,    0.0000000000E+00,    3.2400161061E+02
    193000,      0.676961,CP9_after_PTsource,   1,    0.0000000000E+00,    3.2400161061E+02,    3.2400161061E+02,    0.0000000000E+00,    0.0000000000E+00,    0.0000000000E+00,    3.2400161061E+02
    193000,      0.676961,CP10_after_neg_clamp,   1,    0.0000000000E+00,    3.2400161061E+02,    3.2400161061E+02,    0.0000000000E+00,    0.0000000000E+00,    0.0000000000E+00,    3.2400161061E+02
    193000,      0.676961,CP11_after_MPI,   1,    0.0000000000E+00,    3.2400161061E+02,    3.2400161061E+02,    0.0000000000E+00,    0.0000000000E+00,    0.0000000000E+00,    3.2400161061E+02
    193000,      0.676961,CP12_end,   1,    0.0000000000E+00,    3.2400161061E+02,    3.2400161061E+02,    0.0000000000E+00,    0.0000000000E+00,    0.0000000000E+00,    3.2400161061E+02
    193050,      0.676961,CP0_start,   1,    0.0000000000E+00,    3.2418684375E+02,    3.2418684375E+02,    0.0000000000E+00,    0.0000000000E+00,    0.0000000000E+00,    3.2418684375E+02
    193050,      0.676961,CP1_after_deposition,   1,    0.0000000000E+00,    3.2418684375E+02,    3.2418684375E+02,    0.0000000000E+00,    0.0000000000E+00,    0.0000000000E+00,    3.2418684375E+02
    193050,      0.676961,CP2_after_erosion,   1,    0.0000000000E+00,    3.2418684375E+02,    3.2418684375E+02,    0.0000000000E+00,    0.0000000000E+00,    0.0000000000E+00,    3.2418684375E+02
    193050,      0.676961,CP3_after_update_bottom,   1,    0.0000000000E+00,    3.2418684375E+02,    3.2418684375E+02,    0.0000000000E+00,    0.0000000000E+00,    0.0000000000E+00,    3.2418684375E+02
    193050,      0.676961,CP4_after_advection,   1,    0.0000000000E+00,    3.2419840090E+02,    3.2419840090E+02,    0.0000000000E+00,    0.0000000000E+00,    0.0000000000E+00,    3.2419840090E+02
    193050,      0.676961,CP5_after_vdif,   1,    0.0000000000E+00,    3.2419840090E+02,    3.2419840090E+02,    0.0000000000E+00,    0.0000000000E+00,    0.0000000000E+00,    3.2419840090E+02
    193050,      0.676961,CP6_after_kinetics,   1,    0.0000000000E+00,    3.2419840090E+02,    3.2419840090E+02,    0.0000000000E+00,    0.0000000000E+00,    0.0000000000E+00,    3.2419840090E+02
    193050,      0.676961,CP7_after_upper_clamp,   1,    0.0000000000E+00,    3.2419840090E+02,    3.2419840090E+02,    0.0000000000E+00,    0.0000000000E+00,    0.0000000000E+00,    3.2419840090E+02
    193050,      0.676961,CP8_after_OBC,   1,    0.0000000000E+00,    3.2419840090E+02,    3.2419840090E+02,    0.0000000000E+00,    0.0000000000E+00,    0.0000000000E+00,    3.2419840090E+02
    193050,      0.676961,CP9_after_PTsource,   1,    0.0000000000E+00,    3.2419840090E+02,    3.2419840090E+02,    0.0000000000E+00,    0.0000000000E+00,    0.0000000000E+00,    3.2419840090E+02
    193050,      0.676961,CP10_after_neg_clamp,   1,    0.0000000000E+00,    3.2419840090E+02,    3.2419840090E+02,    0.0000000000E+00,    0.0000000000E+00,    0.0000000000E+00,    3.2419840090E+02
    193050,      0.676961,CP11_after_MPI,   1,    0.0000000000E+00,    3.2419840090E+02,    3.2419840090E+02,    0.0000000000E+00,    0.0000000000E+00,    0.0000000000E+00,    3.2419840090E+02
    193050,      0.676961,CP12_end,   1,    0.0000000000E+00,    3.2419840090E+02,    3.2419840090E+02,    0.0000000000E+00,    0.0000000000E+00,    0.0000000000E+00,    3.2419840090E+02
    193100,      0.676961,CP0_start,   1,    0.0000000000E+00,    3.2438403652E+02,    3.2438403652E+02,    0.0000000000E+00,    0.0000000000E+00,    0.0000000000E+00,    3.2438403652E+02
    193100,      0.676961,CP1_after_deposition,   1,    0.0000000000E+00,    3.2438403652E+02,    3.2438403652E+02,    0.0000000000E+00,    0.0000000000E+00,    0.0000000000E+00,    3.2438403652E+02
    193100,      0.676961,CP2_after_erosion,   1,    0.0000000000E+00,    3.2438403652E+02,    3.2438403652E+02,    0.0000000000E+00,    0.0000000000E+00,    0.0000000000E+00,    3.2438403652E+02
    193100,      0.676961,CP3_after_update_bottom,   1,    0.0000000000E+00,    3.2438403652E+02,    3.2438403652E+02,    0.0000000000E+00,    0.0000000000E+00,    0.0000000000E+00,    3.2438403652E+02
    193100,      0.676961,CP4_after_advection,   1,    0.0000000000E+00,    3.2439554718E+02,    3.2439554718E+02,    0.0000000000E+00,    0.0000000000E+00,    0.0000000000E+00,    3.2439554718E+02
    193100,      0.676961,CP5_after_vdif,   1,    0.0000000000E+00,    3.2439554718E+02,    3.2439554718E+02,    0.0000000000E+00,    0.0000000000E+00,    0.0000000000E+00,    3.2439554718E+02
    193100,      0.676961,CP6_after_kinetics,   1,    0.0000000000E+00,    3.2439554718E+02,    3.2439554718E+02,    0.0000000000E+00,    0.0000000000E+00,    0.0000000000E+00,    3.2439554718E+02
    193100,      0.676961,CP7_after_upper_clamp,   1,    0.0000000000E+00,    3.2439554718E+02,    3.2439554718E+02,    0.0000000000E+00,    0.0000000000E+00,    0.0000000000E+00,    3.2439554718E+02
    193100,      0.676961,CP8_after_OBC,   1,    0.0000000000E+00,    3.2439554718E+02,    3.2439554718E+02,    0.0000000000E+00,    0.0000000000E+00,    0.0000000000E+00,    3.2439554718E+02
    193100,      0.676961,CP9_after_PTsource,   1,    0.0000000000E+00,    3.2439554718E+02,    3.2439554718E+02,    0.0000000000E+00,    0.0000000000E+00,    0.0000000000E+00,    3.2439554718E+02
    193100,      0.676961,CP10_after_neg_clamp,   1,    0.0000000000E+00,    3.2439554718E+02,    3.2439554718E+02,    0.0000000000E+00,    0.0000000000E+00,    0.0000000000E+00,    3.2439554718E+02
    193100,      0.676961,CP11_after_MPI,   1,    0.0000000000E+00,    3.2439554718E+02,    3.2439554718E+02,    0.0000000000E+00,    0.0000000000E+00,    0.0000000000E+00,    3.2439554718E+02
    193100,      0.676961,CP12_end,   1,    0.0000000000E+00,    3.2439554718E+02,    3.2439554718E+02,    0.0000000000E+00,    0.0000000000E+00,    0.0000000000E+00,    3.2439554718E+02
    193150,      0.676961,CP0_start,   1,    0.0000000000E+00,    3.2458168720E+02,    3.2458168720E+02,    0.0000000000E+00,    0.0000000000E+00,    0.0000000000E+00,    3.2458168720E+02
    193150,      0.676961,CP1_after_deposition,   1,    0.0000000000E+00,    3.2458168720E+02,    3.2458168720E+02,    0.0000000000E+00,    0.0000000000E+00,    0.0000000000E+00,    3.2458168720E+02
    193150,      0.676961,CP2_after_erosion,   1,    0.0000000000E+00,    3.2458168720E+02,    3.2458168720E+02,    0.0000000000E+00,    0.0000000000E+00,    0.0000000000E+00,    3.2458168720E+02
    193150,      0.676961,CP3_after_update_bottom,   1,    0.0000000000E+00,    3.2458168720E+02,    3.2458168720E+02,    0.0000000000E+00,    0.0000000000E+00,    0.0000000000E+00,    3.2458168720E+02
    193150,      0.676961,CP4_after_advection,   1,    0.0000000000E+00,    3.2459315802E+02,    3.2459315802E+02,    0.0000000000E+00,    0.0000000000E+00,    0.0000000000E+00,    3.2459315802E+02
    193150,      0.676961,CP5_after_vdif,   1,    0.0000000000E+00,    3.2459315802E+02,    3.2459315802E+02,    0.0000000000E+00,    0.0000000000E+00,    0.0000000000E+00,    3.2459315802E+02
    193150,      0.676961,CP6_after_kinetics,   1,    0.0000000000E+00,    3.2459315802E+02,    3.2459315802E+02,    0.0000000000E+00,    0.0000000000E+00,    0.0000000000E+00,    3.2459315802E+02
    193150,      0.676961,CP7_after_upper_clamp,   1,    0.0000000000E+00,    3.2459315802E+02,    3.2459315802E+02,    0.0000000000E+00,    0.0000000000E+00,    0.0000000000E+00,    3.2459315802E+02
    193150,      0.676961,CP8_after_OBC,   1,    0.0000000000E+00,    3.2459315802E+02,    3.2459315802E+02,    0.0000000000E+00,    0.0000000000E+00,    0.0000000000E+00,    3.2459315802E+02
    193150,      0.676961,CP9_after_PTsource,   1,    0.0000000000E+00,    3.2459315802E+02,    3.2459315802E+02,    0.0000000000E+00,    0.0000000000E+00,    0.0000000000E+00,    3.2459315802E+02
    193150,      0.676961,CP10_after_neg_clamp,   1,    0.0000000000E+00,    3.2459315802E+02,    3.2459315802E+02,    0.0000000000E+00,    0.0000000000E+00,    0.0000000000E+00,    3.2459315802E+02
    193150,      0.676961,CP11_after_MPI,   1,    0.0000000000E+00,    3.2459315802E+02,    3.2459315802E+02,    0.0000000000E+00,    0.0000000000E+00,    0.0000000000E+00,    3.2459315802E+02
    193150,      0.676961,CP12_end,   1,    0.0000000000E+00,    3.2459315802E+02,    3.2459315802E+02,    0.0000000000E+00,    0.0000000000E+00,    0.0000000000E+00,    3.2459315802E+02
    193200,      0.676961,CP0_start,   1,    0.0000000000E+00,    3.2477991902E+02,    3.2477991902E+02,    0.0000000000E+00,    0.0000000000E+00,    0.0000000000E+00,    3.2477991902E+02
    193200,      0.676961,CP1_after_deposition,   1,    0.0000000000E+00,    3.2477991902E+02,    3.2477991902E+02,    0.0000000000E+00,    0.0000000000E+00,    0.0000000000E+00,    3.2477991902E+02
    193200,      0.676961,CP2_after_erosion,   1,    0.0000000000E+00,    3.2477991902E+02,    3.2477991902E+02,    0.0000000000E+00,    0.0000000000E+00,    0.0000000000E+00,    3.2477991902E+02
    193200,      0.676961,CP3_after_update_bottom,   1,    0.0000000000E+00,    3.2477991902E+02,    3.2477991902E+02,    0.0000000000E+00,    0.0000000000E+00,    0.0000000000E+00,    3.2477991902E+02
    193200,      0.676961,CP4_after_advection,   1,    0.0000000000E+00,    3.2479135771E+02,    3.2479135771E+02,    0.0000000000E+00,    0.0000000000E+00,    0.0000000000E+00,    3.2479135771E+02
    193200,      0.676961,CP5_after_vdif,   1,    0.0000000000E+00,    3.2479135771E+02,    3.2479135771E+02,    0.0000000000E+00,    0.0000000000E+00,    0.0000000000E+00,    3.2479135771E+02
    193200,      0.676961,CP6_after_kinetics,   1,    0.0000000000E+00,    3.2479135771E+02,    3.2479135771E+02,    0.0000000000E+00,    0.0000000000E+00,    0.0000000000E+00,    3.2479135771E+02
    193200,      0.676961,CP7_after_upper_clamp,   1,    0.0000000000E+00,    3.2479135771E+02,    3.2479135771E+02,    0.0000000000E+00,    0.0000000000E+00,    0.0000000000E+00,    3.2479135771E+02
    193200,      0.676961,CP8_after_OBC,   1,    0.0000000000E+00,    3.2479135771E+02,    3.2479135771E+02,    0.0000000000E+00,    0.0000000000E+00,    0.0000000000E+00,    3.2479135771E+02
    193200,      0.676961,CP9_after_PTsource,   1,    0.0000000000E+00,    3.2479135771E+02,    3.2479135771E+02,    0.0000000000E+00,    0.0000000000E+00,    0.0000000000E+00,    3.2479135771E+02
    193200,      0.676961,CP10_after_neg_clamp,   1,    0.0000000000E+00,    3.2479135771E+02,    3.2479135771E+02,    0.0000000000E+00,    0.0000000000E+00,    0.0000000000E+00,    3.2479135771E+02
    193200,      0.676961,CP11_after_MPI,   1,    0.0000000000E+00,    3.2479135771E+02,    3.2479135771E+02,    0.0000000000E+00,    0.0000000000E+00,    0.0000000000E+00,    3.2479135771E+02
    193200,      0.676961,CP12_end,   1,    0.0000000000E+00,    3.2479135771E+02,    3.2479135771E+02,    0.0000000000E+00,    0.0000000000E+00,    0.0000000000E+00,    3.2479135771E+02
    193250,      0.676961,CP0_start,   1,    0.0000000000E+00,    3.2497890802E+02,    3.2497890802E+02,    0.0000000000E+00,    0.0000000000E+00,    0.0000000000E+00,    3.2497890802E+02
    193250,      0.676961,CP1_after_deposition,   1,    0.0000000000E+00,    3.2497890802E+02,    3.2497890802E+02,    0.0000000000E+00,    0.0000000000E+00,    0.0000000000E+00,    3.2497890802E+02
    193250,      0.676961,CP2_after_erosion,   1,    0.0000000000E+00,    3.2497890802E+02,    3.2497890802E+02,    0.0000000000E+00,    0.0000000000E+00,    0.0000000000E+00,    3.2497890802E+02
    193250,      0.676961,CP3_after_update_bottom,   1,    0.0000000000E+00,    3.2497890802E+02,    3.2497890802E+02,    0.0000000000E+00,    0.0000000000E+00,    0.0000000000E+00,    3.2497890802E+02
    193250,      0.676961,CP4_after_advection,   1,    0.0000000000E+00,    3.2499031592E+02,    3.2499031592E+02,    0.0000000000E+00,    0.0000000000E+00,    0.0000000000E+00,    3.2499031592E+02
    193250,      0.676961,CP5_after_vdif,   1,    0.0000000000E+00,    3.2499031592E+02,    3.2499031592E+02,    0.0000000000E+00,    0.0000000000E+00,    0.0000000000E+00,    3.2499031592E+02
    193250,      0.676961,CP6_after_kinetics,   1,    0.0000000000E+00,    3.2499031592E+02,    3.2499031592E+02,    0.0000000000E+00,    0.0000000000E+00,    0.0000000000E+00,    3.2499031592E+02
    193250,      0.676961,CP7_after_upper_clamp,   1,    0.0000000000E+00,    3.2499031592E+02,    3.2499031592E+02,    0.0000000000E+00,    0.0000000000E+00,    0.0000000000E+00,    3.2499031592E+02
    193250,      0.676961,CP8_after_OBC,   1,    0.0000000000E+00,    3.2499031592E+02,    3.2499031592E+02,    0.0000000000E+00,    0.0000000000E+00,    0.0000000000E+00,    3.2499031592E+02
    193250,      0.676961,CP9_after_PTsource,   1,    0.0000000000E+00,    3.2499031592E+02,    3.2499031592E+02,    0.0000000000E+00,    0.0000000000E+00,    0.0000000000E+00,    3.2499031592E+02
    193250,      0.676961,CP10_after_neg_clamp,   1,    0.0000000000E+00,    3.2499031592E+02,    3.2499031592E+02,    0.0000000000E+00,    0.0000000000E+00,    0.0000000000E+00,    3.2499031592E+02
    193250,      0.676961,CP11_after_MPI,   1,    0.0000000000E+00,    3.2499031592E+02,    3.2499031592E+02,    0.0000000000E+00,    0.0000000000E+00,    0.0000000000E+00,    3.2499031592E+02
    193250,      0.676961,CP12_end,   1,    0.0000000000E+00,    3.2499031592E+02,    3.2499031592E+02,    0.0000000000E+00,    0.0000000000E+00,    0.0000000000E+00,    3.2499031592E+02
    193300,      0.676962,CP0_start,   1,    0.0000000000E+00,    3.2517863532E+02,    3.2517863532E+02,    0.0000000000E+00,    0.0000000000E+00,    0.0000000000E+00,    3.2517863532E+02
    193300,      0.676962,CP1_after_deposition,   1,    0.0000000000E+00,    3.2517863532E+02,    3.2517863532E+02,    0.0000000000E+00,    0.0000000000E+00,    0.0000000000E+00,    3.2517863532E+02
    193300,      0.676962,CP2_after_erosion,   1,    0.0000000000E+00,    3.2517863532E+02,    3.2517863532E+02,    0.0000000000E+00,    0.0000000000E+00,    0.0000000000E+00,    3.2517863532E+02
    193300,      0.676962,CP3_after_update_bottom,   1,    0.0000000000E+00,    3.2517863532E+02,    3.2517863532E+02,    0.0000000000E+00,    0.0000000000E+00,    0.0000000000E+00,    3.2517863532E+02
    193300,      0.676962,CP4_after_advection,   1,    0.0000000000E+00,    3.2519000376E+02,    3.2519000376E+02,    0.0000000000E+00,    0.0000000000E+00,    0.0000000000E+00,    3.2519000376E+02
    193300,      0.676962,CP5_after_vdif,   1,    0.0000000000E+00,    3.2519000376E+02,    3.2519000376E+02,    0.0000000000E+00,    0.0000000000E+00,    0.0000000000E+00,    3.2519000376E+02
    193300,      0.676962,CP6_after_kinetics,   1,    0.0000000000E+00,    3.2519000376E+02,    3.2519000376E+02,    0.0000000000E+00,    0.0000000000E+00,    0.0000000000E+00,    3.2519000376E+02
    193300,      0.676962,CP7_after_upper_clamp,   1,    0.0000000000E+00,    3.2519000376E+02,    3.2519000376E+02,    0.0000000000E+00,    0.0000000000E+00,    0.0000000000E+00,    3.2519000376E+02
    193300,      0.676962,CP8_after_OBC,   1,    0.0000000000E+00,    3.2519000376E+02,    3.2519000376E+02,    0.0000000000E+00,    0.0000000000E+00,    0.0000000000E+00,    3.2519000376E+02
    193300,      0.676962,CP9_after_PTsource,   1,    0.0000000000E+00,    3.2519000376E+02,    3.2519000376E+02,    0.0000000000E+00,    0.0000000000E+00,    0.0000000000E+00,    3.2519000376E+02
    193300,      0.676962,CP10_after_neg_clamp,   1,    0.0000000000E+00,    3.2519000376E+02,    3.2519000376E+02,    0.0000000000E+00,    0.0000000000E+00,    0.0000000000E+00,    3.2519000376E+02
    193300,      0.676962,CP11_after_MPI,   1,    0.0000000000E+00,    3.2519000376E+02,    3.2519000376E+02,    0.0000000000E+00,    0.0000000000E+00,    0.0000000000E+00,    3.2519000376E+02
    193300,      0.676962,CP12_end,   1,    0.0000000000E+00,    3.2519000376E+02,    3.2519000376E+02,    0.0000000000E+00,    0.0000000000E+00,    0.0000000000E+00,    3.2519000376E+02
    193350,      0.676962,CP0_start,   1,    0.0000000000E+00,    3.2537896754E+02,    3.2537896754E+02,    0.0000000000E+00,    0.0000000000E+00,    0.0000000000E+00,    3.2537896754E+02
    193350,      0.676962,CP1_after_deposition,   1,    0.0000000000E+00,    3.2537896754E+02,    3.2537896754E+02,    0.0000000000E+00,    0.0000000000E+00,    0.0000000000E+00,    3.2537896754E+02
    193350,      0.676962,CP2_after_erosion,   1,    0.0000000000E+00,    3.2537896754E+02,    3.2537896754E+02,    0.0000000000E+00,    0.0000000000E+00,    0.0000000000E+00,    3.2537896754E+02
    193350,      0.676962,CP3_after_update_bottom,   1,    0.0000000000E+00,    3.2537896754E+02,    3.2537896754E+02,    0.0000000000E+00,    0.0000000000E+00,    0.0000000000E+00,    3.2537896754E+02
    193350,      0.676962,CP4_after_advection,   1,    0.0000000000E+00,    3.2539029516E+02,    3.2539029516E+02,    0.0000000000E+00,    0.0000000000E+00,    0.0000000000E+00,    3.2539029516E+02
    193350,      0.676962,CP5_after_vdif,   1,    0.0000000000E+00,    3.2539029516E+02,    3.2539029516E+02,    0.0000000000E+00,    0.0000000000E+00,    0.0000000000E+00,    3.2539029516E+02
    193350,      0.676962,CP6_after_kinetics,   1,    0.0000000000E+00,    3.2539029516E+02,    3.2539029516E+02,    0.0000000000E+00,    0.0000000000E+00,    0.0000000000E+00,    3.2539029516E+02
    193350,      0.676962,CP7_after_upper_clamp,   1,    0.0000000000E+00,    3.2539029516E+02,    3.2539029516E+02,    0.0000000000E+00,    0.0000000000E+00,    0.0000000000E+00,    3.2539029516E+02
    193350,      0.676962,CP8_after_OBC,   1,    0.0000000000E+00,    3.2539029516E+02,    3.2539029516E+02,    0.0000000000E+00,    0.0000000000E+00,    0.0000000000E+00,    3.2539029516E+02
    193350,      0.676962,CP9_after_PTsource,   1,    0.0000000000E+00,    3.2539029516E+02,    3.2539029516E+02,    0.0000000000E+00,    0.0000000000E+00,    0.0000000000E+00,    3.2539029516E+02
    193350,      0.676962,CP10_after_neg_clamp,   1,    0.0000000000E+00,    3.2539029516E+02,    3.2539029516E+02,    0.0000000000E+00,    0.0000000000E+00,    0.0000000000E+00,    3.2539029516E+02
    193350,      0.676962,CP11_after_MPI,   1,    0.0000000000E+00,    3.2539029516E+02,    3.2539029516E+02,    0.0000000000E+00,    0.0000000000E+00,    0.0000000000E+00,    3.2539029516E+02
    193350,      0.676962,CP12_end,   1,    0.0000000000E+00,    3.2539029516E+02,    3.2539029516E+02,    0.0000000000E+00,    0.0000000000E+00,    0.0000000000E+00,    3.2539029516E+02
    193400,      0.676962,CP0_start,   1,    0.0000000000E+00,    3.2557972344E+02,    3.2557972344E+02,    0.0000000000E+00,    0.0000000000E+00,    0.0000000000E+00,    3.2557972344E+02
    193400,      0.676962,CP1_after_deposition,   1,    0.0000000000E+00,    3.2557972344E+02,    3.2557972344E+02,    0.0000000000E+00,    0.0000000000E+00,    0.0000000000E+00,    3.2557972344E+02
    193400,      0.676962,CP2_after_erosion,   1,    0.0000000000E+00,    3.2557972344E+02,    3.2557972344E+02,    0.0000000000E+00,    0.0000000000E+00,    0.0000000000E+00,    3.2557972344E+02
    193400,      0.676962,CP3_after_update_bottom,   1,    0.0000000000E+00,    3.2557972344E+02,    3.2557972344E+02,    0.0000000000E+00,    0.0000000000E+00,    0.0000000000E+00,    3.2557972344E+02
    193400,      0.676962,CP4_after_advection,   1,    0.0000000000E+00,    3.2559101128E+02,    3.2559101128E+02,    0.0000000000E+00,    0.0000000000E+00,    0.0000000000E+00,    3.2559101128E+02
    193400,      0.676962,CP5_after_vdif,   1,    0.0000000000E+00,    3.2559101128E+02,    3.2559101128E+02,    0.0000000000E+00,    0.0000000000E+00,    0.0000000000E+00,    3.2559101128E+02
    193400,      0.676962,CP6_after_kinetics,   1,    0.0000000000E+00,    3.2559101128E+02,    3.2559101128E+02,    0.0000000000E+00,    0.0000000000E+00,    0.0000000000E+00,    3.2559101128E+02
    193400,      0.676962,CP7_after_upper_clamp,   1,    0.0000000000E+00,    3.2559101128E+02,    3.2559101128E+02,    0.0000000000E+00,    0.0000000000E+00,    0.0000000000E+00,    3.2559101128E+02
    193400,      0.676962,CP8_after_OBC,   1,    0.0000000000E+00,    3.2559101128E+02,    3.2559101128E+02,    0.0000000000E+00,    0.0000000000E+00,    0.0000000000E+00,    3.2559101128E+02
    193400,      0.676962,CP9_after_PTsource,   1,    0.0000000000E+00,    3.2559101128E+02,    3.2559101128E+02,    0.0000000000E+00,    0.0000000000E+00,    0.0000000000E+00,    3.2559101128E+02
    193400,      0.676962,CP10_after_neg_clamp,   1,    0.0000000000E+00,    3.2559101128E+02,    3.2559101128E+02,    0.0000000000E+00,    0.0000000000E+00,    0.0000000000E+00,    3.2559101128E+02
    193400,      0.676962,CP11_after_MPI,   1,    0.0000000000E+00,    3.2559101128E+02,    3.2559101128E+02,    0.0000000000E+00,    0.0000000000E+00,    0.0000000000E+00,    3.2559101128E+02
    193400,      0.676962,CP12_end,   1,    0.0000000000E+00,    3.2559101128E+02,    3.2559101128E+02,    0.0000000000E+00,    0.0000000000E+00,    0.0000000000E+00,    3.2559101128E+02
    193450,      0.676962,CP0_start,   1,    0.0000000000E+00,    3.2578080670E+02,    3.2578080670E+02,    0.0000000000E+00,    0.0000000000E+00,    0.0000000000E+00,    3.2578080670E+02
    193450,      0.676962,CP1_after_deposition,   1,    0.0000000000E+00,    3.2578080670E+02,    3.2578080670E+02,    0.0000000000E+00,    0.0000000000E+00,    0.0000000000E+00,    3.2578080670E+02
    193450,      0.676962,CP2_after_erosion,   1,    0.0000000000E+00,    3.2578080670E+02,    3.2578080670E+02,    0.0000000000E+00,    0.0000000000E+00,    0.0000000000E+00,    3.2578080670E+02
    193450,      0.676962,CP3_after_update_bottom,   1,    0.0000000000E+00,    3.2578080670E+02,    3.2578080670E+02,    0.0000000000E+00,    0.0000000000E+00,    0.0000000000E+00,    3.2578080670E+02
    193450,      0.676962,CP4_after_advection,   1,    0.0000000000E+00,    3.2579205531E+02,    3.2579205531E+02,    0.0000000000E+00,    0.0000000000E+00,    0.0000000000E+00,    3.2579205531E+02
    193450,      0.676962,CP5_after_vdif,   1,    0.0000000000E+00,    3.2579205531E+02,    3.2579205531E+02,    0.0000000000E+00,    0.0000000000E+00,    0.0000000000E+00,    3.2579205531E+02
    193450,      0.676962,CP6_after_kinetics,   1,    0.0000000000E+00,    3.2579205531E+02,    3.2579205531E+02,    0.0000000000E+00,    0.0000000000E+00,    0.0000000000E+00,    3.2579205531E+02
    193450,      0.676962,CP7_after_upper_clamp,   1,    0.0000000000E+00,    3.2579205531E+02,    3.2579205531E+02,    0.0000000000E+00,    0.0000000000E+00,    0.0000000000E+00,    3.2579205531E+02
    193450,      0.676962,CP8_after_OBC,   1,    0.0000000000E+00,    3.2579205531E+02,    3.2579205531E+02,    0.0000000000E+00,    0.0000000000E+00,    0.0000000000E+00,    3.2579205531E+02
    193450,      0.676962,CP9_after_PTsource,   1,    0.0000000000E+00,    3.2579205531E+02,    3.2579205531E+02,    0.0000000000E+00,    0.0000000000E+00,    0.0000000000E+00,    3.2579205531E+02
    193450,      0.676962,CP10_after_neg_clamp,   1,    0.0000000000E+00,    3.2579205531E+02,    3.2579205531E+02,    0.0000000000E+00,    0.0000000000E+00,    0.0000000000E+00,    3.2579205531E+02
    193450,      0.676962,CP11_after_MPI,   1,    0.0000000000E+00,    3.2579205531E+02,    3.2579205531E+02,    0.0000000000E+00,    0.0000000000E+00,    0.0000000000E+00,    3.2579205531E+02
    193450,      0.676962,CP12_end,   1,    0.0000000000E+00,    3.2579205531E+02,    3.2579205531E+02,    0.0000000000E+00,    0.0000000000E+00,    0.0000000000E+00,    3.2579205531E+02
    193500,      0.676962,CP0_start,   1,    0.0000000000E+00,    3.2598227121E+02,    3.2598227121E+02,    0.0000000000E+00,    0.0000000000E+00,    0.0000000000E+00,    3.2598227121E+02
    193500,      0.676962,CP1_after_deposition,   1,    0.0000000000E+00,    3.2598227121E+02,    3.2598227121E+02,    0.0000000000E+00,    0.0000000000E+00,    0.0000000000E+00,    3.2598227121E+02
    193500,      0.676962,CP2_after_erosion,   1,    0.0000000000E+00,    3.2598227121E+02,    3.2598227121E+02,    0.0000000000E+00,    0.0000000000E+00,    0.0000000000E+00,    3.2598227121E+02
    193500,      0.676962,CP3_after_update_bottom,   1,    0.0000000000E+00,    3.2598227121E+02,    3.2598227121E+02,    0.0000000000E+00,    0.0000000000E+00,    0.0000000000E+00,    3.2598227121E+02
    193500,      0.676962,CP4_after_advection,   1,    0.0000000000E+00,    3.2599347833E+02,    3.2599347833E+02,    0.0000000000E+00,    0.0000000000E+00,    0.0000000000E+00,    3.2599347833E+02
    193500,      0.676962,CP5_after_vdif,   1,    0.0000000000E+00,    3.2599347833E+02,    3.2599347833E+02,    0.0000000000E+00,    0.0000000000E+00,    0.0000000000E+00,    3.2599347833E+02
    193500,      0.676962,CP6_after_kinetics,   1,    0.0000000000E+00,    3.2599347833E+02,    3.2599347833E+02,    0.0000000000E+00,    0.0000000000E+00,    0.0000000000E+00,    3.2599347833E+02
    193500,      0.676962,CP7_after_upper_clamp,   1,    0.0000000000E+00,    3.2599347833E+02,    3.2599347833E+02,    0.0000000000E+00,    0.0000000000E+00,    0.0000000000E+00,    3.2599347833E+02
    193500,      0.676962,CP8_after_OBC,   1,    0.0000000000E+00,    3.2599347833E+02,    3.2599347833E+02,    0.0000000000E+00,    0.0000000000E+00,    0.0000000000E+00,    3.2599347833E+02
    193500,      0.676962,CP9_after_PTsource,   1,    0.0000000000E+00,    3.2599347833E+02,    3.2599347833E+02,    0.0000000000E+00,    0.0000000000E+00,    0.0000000000E+00,    3.2599347833E+02
    193500,      0.676962,CP10_after_neg_clamp,   1,    0.0000000000E+00,    3.2599347833E+02,    3.2599347833E+02,    0.0000000000E+00,    0.0000000000E+00,    0.0000000000E+00,    3.2599347833E+02
    193500,      0.676962,CP11_after_MPI,   1,    0.0000000000E+00,    3.2599347833E+02,    3.2599347833E+02,    0.0000000000E+00,    0.0000000000E+00,    0.0000000000E+00,    3.2599347833E+02
    193500,      0.676962,CP12_end,   1,    0.0000000000E+00,    3.2599347833E+02,    3.2599347833E+02,    0.0000000000E+00,    0.0000000000E+00,    0.0000000000E+00,    3.2599347833E+02
    193550,      0.676962,CP0_start,   1,    0.0000000000E+00,    3.2618399837E+02,    3.2618399837E+02,    0.0000000000E+00,    0.0000000000E+00,    0.0000000000E+00,    3.2618399837E+02
    193550,      0.676962,CP1_after_deposition,   1,    0.0000000000E+00,    3.2618399837E+02,    3.2618399837E+02,    0.0000000000E+00,    0.0000000000E+00,    0.0000000000E+00,    3.2618399837E+02
    193550,      0.676962,CP2_after_erosion,   1,    0.0000000000E+00,    3.2618399837E+02,    3.2618399837E+02,    0.0000000000E+00,    0.0000000000E+00,    0.0000000000E+00,    3.2618399837E+02
    193550,      0.676962,CP3_after_update_bottom,   1,    0.0000000000E+00,    3.2618399837E+02,    3.2618399837E+02,    0.0000000000E+00,    0.0000000000E+00,    0.0000000000E+00,    3.2618399837E+02
    193550,      0.676962,CP4_after_advection,   1,    0.0000000000E+00,    3.2619516861E+02,    3.2619516861E+02,    0.0000000000E+00,    0.0000000000E+00,    0.0000000000E+00,    3.2619516861E+02
    193550,      0.676962,CP5_after_vdif,   1,    0.0000000000E+00,    3.2619516861E+02,    3.2619516861E+02,    0.0000000000E+00,    0.0000000000E+00,    0.0000000000E+00,    3.2619516861E+02
    193550,      0.676962,CP6_after_kinetics,   1,    0.0000000000E+00,    3.2619516861E+02,    3.2619516861E+02,    0.0000000000E+00,    0.0000000000E+00,    0.0000000000E+00,    3.2619516861E+02
    193550,      0.676962,CP7_after_upper_clamp,   1,    0.0000000000E+00,    3.2619516861E+02,    3.2619516861E+02,    0.0000000000E+00,    0.0000000000E+00,    0.0000000000E+00,    3.2619516861E+02
    193550,      0.676962,CP8_after_OBC,   1,    0.0000000000E+00,    3.2619516861E+02,    3.2619516861E+02,    0.0000000000E+00,    0.0000000000E+00,    0.0000000000E+00,    3.2619516861E+02
    193550,      0.676962,CP9_after_PTsource,   1,    0.0000000000E+00,    3.2619516861E+02,    3.2619516861E+02,    0.0000000000E+00,    0.0000000000E+00,    0.0000000000E+00,    3.2619516861E+02
    193550,      0.676962,CP10_after_neg_clamp,   1,    0.0000000000E+00,    3.2619516861E+02,    3.2619516861E+02,    0.0000000000E+00,    0.0000000000E+00,    0.0000000000E+00,    3.2619516861E+02
    193550,      0.676962,CP11_after_MPI,   1,    0.0000000000E+00,    3.2619516861E+02,    3.2619516861E+02,    0.0000000000E+00,    0.0000000000E+00,    0.0000000000E+00,    3.2619516861E+02
    193550,      0.676962,CP12_end,   1,    0.0000000000E+00,    3.2619516861E+02,    3.2619516861E+02,    0.0000000000E+00,    0.0000000000E+00,    0.0000000000E+00,    3.2619516861E+02
    193600,      0.676962,CP0_start,   1,    0.0000000000E+00,    3.2638632840E+02,    3.2638632840E+02,    0.0000000000E+00,    0.0000000000E+00,    0.0000000000E+00,    3.2638632840E+02
    193600,      0.676962,CP1_after_deposition,   1,    0.0000000000E+00,    3.2638632840E+02,    3.2638632840E+02,    0.0000000000E+00,    0.0000000000E+00,    0.0000000000E+00,    3.2638632840E+02
    193600,      0.676962,CP2_after_erosion,   1,    0.0000000000E+00,    3.2638632840E+02,    3.2638632840E+02,    0.0000000000E+00,    0.0000000000E+00,    0.0000000000E+00,    3.2638632840E+02
    193600,      0.676962,CP3_after_update_bottom,   1,    0.0000000000E+00,    3.2638632840E+02,    3.2638632840E+02,    0.0000000000E+00,    0.0000000000E+00,    0.0000000000E+00,    3.2638632840E+02
    193600,      0.676962,CP4_after_advection,   1,    0.0000000000E+00,    3.2639746263E+02,    3.2639746263E+02,    0.0000000000E+00,    0.0000000000E+00,    0.0000000000E+00,    3.2639746263E+02
    193600,      0.676962,CP5_after_vdif,   1,    0.0000000000E+00,    3.2639746263E+02,    3.2639746263E+02,    0.0000000000E+00,    0.0000000000E+00,    0.0000000000E+00,    3.2639746263E+02
    193600,      0.676962,CP6_after_kinetics,   1,    0.0000000000E+00,    3.2639746263E+02,    3.2639746263E+02,    0.0000000000E+00,    0.0000000000E+00,    0.0000000000E+00,    3.2639746263E+02
    193600,      0.676962,CP7_after_upper_clamp,   1,    0.0000000000E+00,    3.2639746263E+02,    3.2639746263E+02,    0.0000000000E+00,    0.0000000000E+00,    0.0000000000E+00,    3.2639746263E+02
    193600,      0.676962,CP8_after_OBC,   1,    0.0000000000E+00,    3.2639746263E+02,    3.2639746263E+02,    0.0000000000E+00,    0.0000000000E+00,    0.0000000000E+00,    3.2639746263E+02
    193600,      0.676962,CP9_after_PTsource,   1,    0.0000000000E+00,    3.2639746263E+02,    3.2639746263E+02,    0.0000000000E+00,    0.0000000000E+00,    0.0000000000E+00,    3.2639746263E+02
    193600,      0.676962,CP10_after_neg_clamp,   1,    0.0000000000E+00,    3.2639746263E+02,    3.2639746263E+02,    0.0000000000E+00,    0.0000000000E+00,    0.0000000000E+00,    3.2639746263E+02
    193600,      0.676962,CP11_after_MPI,   1,    0.0000000000E+00,    3.2639746263E+02,    3.2639746263E+02,    0.0000000000E+00,    0.0000000000E+00,    0.0000000000E+00,    3.2639746263E+02
    193600,      0.676962,CP12_end,   1,    0.0000000000E+00,    3.2639746263E+02,    3.2639746263E+02,    0.0000000000E+00,    0.0000000000E+00,    0.0000000000E+00,    3.2639746263E+02
    193650,      0.676962,CP0_start,   1,    0.0000000000E+00,    3.2658919063E+02,    3.2658919063E+02,    0.0000000000E+00,    0.0000000000E+00,    0.0000000000E+00,    3.2658919063E+02
    193650,      0.676962,CP1_after_deposition,   1,    0.0000000000E+00,    3.2658919063E+02,    3.2658919063E+02,    0.0000000000E+00,    0.0000000000E+00,    0.0000000000E+00,    3.2658919063E+02
    193650,      0.676962,CP2_after_erosion,   1,    0.0000000000E+00,    3.2658919063E+02,    3.2658919063E+02,    0.0000000000E+00,    0.0000000000E+00,    0.0000000000E+00,    3.2658919063E+02
    193650,      0.676962,CP3_after_update_bottom,   1,    0.0000000000E+00,    3.2658919063E+02,    3.2658919063E+02,    0.0000000000E+00,    0.0000000000E+00,    0.0000000000E+00,    3.2658919063E+02
    193650,      0.676962,CP4_after_advection,   1,    0.0000000000E+00,    3.2660028576E+02,    3.2660028576E+02,    0.0000000000E+00,    0.0000000000E+00,    0.0000000000E+00,    3.2660028576E+02
    193650,      0.676962,CP5_after_vdif,   1,    0.0000000000E+00,    3.2660028576E+02,    3.2660028576E+02,    0.0000000000E+00,    0.0000000000E+00,    0.0000000000E+00,    3.2660028576E+02
    193650,      0.676962,CP6_after_kinetics,   1,    0.0000000000E+00,    3.2660028576E+02,    3.2660028576E+02,    0.0000000000E+00,    0.0000000000E+00,    0.0000000000E+00,    3.2660028576E+02
    193650,      0.676962,CP7_after_upper_clamp,   1,    0.0000000000E+00,    3.2660028576E+02,    3.2660028576E+02,    0.0000000000E+00,    0.0000000000E+00,    0.0000000000E+00,    3.2660028576E+02
    193650,      0.676962,CP8_after_OBC,   1,    0.0000000000E+00,    3.2660028576E+02,    3.2660028576E+02,    0.0000000000E+00,    0.0000000000E+00,    0.0000000000E+00,    3.2660028576E+02
    193650,      0.676962,CP9_after_PTsource,   1,    0.0000000000E+00,    3.2660028576E+02,    3.2660028576E+02,    0.0000000000E+00,    0.0000000000E+00,    0.0000000000E+00,    3.2660028576E+02
    193650,      0.676962,CP10_after_neg_clamp,   1,    0.0000000000E+00,    3.2660028576E+02,    3.2660028576E+02,    0.0000000000E+00,    0.0000000000E+00,    0.0000000000E+00,    3.2660028576E+02
    193650,      0.676962,CP11_after_MPI,   1,    0.0000000000E+00,    3.2660028576E+02,    3.2660028576E+02,    0.0000000000E+00,    0.0000000000E+00,    0.0000000000E+00,    3.2660028576E+02
    193650,      0.676962,CP12_end,   1,    0.0000000000E+00,    3.2660028576E+02,    3.2660028576E+02,    0.0000000000E+00,    0.0000000000E+00,    0.0000000000E+00,    3.2660028576E+02
    193700,      0.676962,CP0_start,   1,    0.0000000000E+00,    3.2679241942E+02,    3.2679241942E+02,    0.0000000000E+00,    0.0000000000E+00,    0.0000000000E+00,    3.2679241942E+02
    193700,      0.676962,CP1_after_deposition,   1,    0.0000000000E+00,    3.2679241942E+02,    3.2679241942E+02,    0.0000000000E+00,    0.0000000000E+00,    0.0000000000E+00,    3.2679241942E+02
    193700,      0.676962,CP2_after_erosion,   1,    0.0000000000E+00,    3.2679241942E+02,    3.2679241942E+02,    0.0000000000E+00,    0.0000000000E+00,    0.0000000000E+00,    3.2679241942E+02
    193700,      0.676962,CP3_after_update_bottom,   1,    0.0000000000E+00,    3.2679241942E+02,    3.2679241942E+02,    0.0000000000E+00,    0.0000000000E+00,    0.0000000000E+00,    3.2679241942E+02
    193700,      0.676962,CP4_after_advection,   1,    0.0000000000E+00,    3.2680346938E+02,    3.2680346938E+02,    0.0000000000E+00,    0.0000000000E+00,    0.0000000000E+00,    3.2680346938E+02
    193700,      0.676962,CP5_after_vdif,   1,    0.0000000000E+00,    3.2680346938E+02,    3.2680346938E+02,    0.0000000000E+00,    0.0000000000E+00,    0.0000000000E+00,    3.2680346938E+02
    193700,      0.676962,CP6_after_kinetics,   1,    0.0000000000E+00,    3.2680346938E+02,    3.2680346938E+02,    0.0000000000E+00,    0.0000000000E+00,    0.0000000000E+00,    3.2680346938E+02
    193700,      0.676962,CP7_after_upper_clamp,   1,    0.0000000000E+00,    3.2680346938E+02,    3.2680346938E+02,    0.0000000000E+00,    0.0000000000E+00,    0.0000000000E+00,    3.2680346938E+02
    193700,      0.676962,CP8_after_OBC,   1,    0.0000000000E+00,    3.2680346938E+02,    3.2680346938E+02,    0.0000000000E+00,    0.0000000000E+00,    0.0000000000E+00,    3.2680346938E+02
    193700,      0.676962,CP9_after_PTsource,   1,    0.0000000000E+00,    3.2680346938E+02,    3.2680346938E+02,    0.0000000000E+00,    0.0000000000E+00,    0.0000000000E+00,    3.2680346938E+02
    193700,      0.676962,CP10_after_neg_clamp,   1,    0.0000000000E+00,    3.2680346938E+02,    3.2680346938E+02,    0.0000000000E+00,    0.0000000000E+00,    0.0000000000E+00,    3.2680346938E+02
    193700,      0.676962,CP11_after_MPI,   1,    0.0000000000E+00,    3.2680346938E+02,    3.2680346938E+02,    0.0000000000E+00,    0.0000000000E+00,    0.0000000000E+00,    3.2680346938E+02
    193700,      0.676962,CP12_end,   1,    0.0000000000E+00,    3.2680346938E+02,    3.2680346938E+02,    0.0000000000E+00,    0.0000000000E+00,    0.0000000000E+00,    3.2680346938E+02
    193750,      0.676962,CP0_start,   1,    0.0000000000E+00,    3.2699578799E+02,    3.2699578799E+02,    0.0000000000E+00,    0.0000000000E+00,    0.0000000000E+00,    3.2699578799E+02
    193750,      0.676962,CP1_after_deposition,   1,    0.0000000000E+00,    3.2699578799E+02,    3.2699578799E+02,    0.0000000000E+00,    0.0000000000E+00,    0.0000000000E+00,    3.2699578799E+02
    193750,      0.676962,CP2_after_erosion,   1,    0.0000000000E+00,    3.2699578799E+02,    3.2699578799E+02,    0.0000000000E+00,    0.0000000000E+00,    0.0000000000E+00,    3.2699578799E+02
    193750,      0.676962,CP3_after_update_bottom,   1,    0.0000000000E+00,    3.2699578799E+02,    3.2699578799E+02,    0.0000000000E+00,    0.0000000000E+00,    0.0000000000E+00,    3.2699578799E+02
    193750,      0.676962,CP4_after_advection,   1,    0.0000000000E+00,    3.2700678686E+02,    3.2700678686E+02,    0.0000000000E+00,    0.0000000000E+00,    0.0000000000E+00,    3.2700678686E+02
    193750,      0.676962,CP5_after_vdif,   1,    0.0000000000E+00,    3.2700678686E+02,    3.2700678686E+02,    0.0000000000E+00,    0.0000000000E+00,    0.0000000000E+00,    3.2700678686E+02
    193750,      0.676962,CP6_after_kinetics,   1,    0.0000000000E+00,    3.2700678686E+02,    3.2700678686E+02,    0.0000000000E+00,    0.0000000000E+00,    0.0000000000E+00,    3.2700678686E+02
    193750,      0.676962,CP7_after_upper_clamp,   1,    0.0000000000E+00,    3.2700678686E+02,    3.2700678686E+02,    0.0000000000E+00,    0.0000000000E+00,    0.0000000000E+00,    3.2700678686E+02
    193750,      0.676962,CP8_after_OBC,   1,    0.0000000000E+00,    3.2700678686E+02,    3.2700678686E+02,    0.0000000000E+00,    0.0000000000E+00,    0.0000000000E+00,    3.2700678686E+02
    193750,      0.676962,CP9_after_PTsource,   1,    0.0000000000E+00,    3.2700678686E+02,    3.2700678686E+02,    0.0000000000E+00,    0.0000000000E+00,    0.0000000000E+00,    3.2700678686E+02
    193750,      0.676962,CP10_after_neg_clamp,   1,    0.0000000000E+00,    3.2700678686E+02,    3.2700678686E+02,    0.0000000000E+00,    0.0000000000E+00,    0.0000000000E+00,    3.2700678686E+02
    193750,      0.676962,CP11_after_MPI,   1,    0.0000000000E+00,    3.2700678686E+02,    3.2700678686E+02,    0.0000000000E+00,    0.0000000000E+00,    0.0000000000E+00,    3.2700678686E+02
    193750,      0.676962,CP12_end,   1,    0.0000000000E+00,    3.2700678686E+02,    3.2700678686E+02,    0.0000000000E+00,    0.0000000000E+00,    0.0000000000E+00,    3.2700678686E+02
    193800,      0.676962,CP0_start,   1,    0.0000000000E+00,    3.2719905787E+02,    3.2719905787E+02,    0.0000000000E+00,    0.0000000000E+00,    0.0000000000E+00,    3.2719905787E+02
    193800,      0.676962,CP1_after_deposition,   1,    0.0000000000E+00,    3.2719905787E+02,    3.2719905787E+02,    0.0000000000E+00,    0.0000000000E+00,    0.0000000000E+00,    3.2719905787E+02
    193800,      0.676962,CP2_after_erosion,   1,    0.0000000000E+00,    3.2719905787E+02,    3.2719905787E+02,    0.0000000000E+00,    0.0000000000E+00,    0.0000000000E+00,    3.2719905787E+02
    193800,      0.676962,CP3_after_update_bottom,   1,    0.0000000000E+00,    3.2719905787E+02,    3.2719905787E+02,    0.0000000000E+00,    0.0000000000E+00,    0.0000000000E+00,    3.2719905787E+02
    193800,      0.676962,CP4_after_advection,   1,    0.0000000000E+00,    3.2721000068E+02,    3.2721000068E+02,    0.0000000000E+00,    0.0000000000E+00,    0.0000000000E+00,    3.2721000068E+02
    193800,      0.676962,CP5_after_vdif,   1,    0.0000000000E+00,    3.2721000068E+02,    3.2721000068E+02,    0.0000000000E+00,    0.0000000000E+00,    0.0000000000E+00,    3.2721000068E+02
    193800,      0.676962,CP6_after_kinetics,   1,    0.0000000000E+00,    3.2721000068E+02,    3.2721000068E+02,    0.0000000000E+00,    0.0000000000E+00,    0.0000000000E+00,    3.2721000068E+02
    193800,      0.676962,CP7_after_upper_clamp,   1,    0.0000000000E+00,    3.2721000068E+02,    3.2721000068E+02,    0.0000000000E+00,    0.0000000000E+00,    0.0000000000E+00,    3.2721000068E+02
    193800,      0.676962,CP8_after_OBC,   1,    0.0000000000E+00,    3.2721000068E+02,    3.2721000068E+02,    0.0000000000E+00,    0.0000000000E+00,    0.0000000000E+00,    3.2721000068E+02
    193800,      0.676962,CP9_after_PTsource,   1,    0.0000000000E+00,    3.2721000068E+02,    3.2721000068E+02,    0.0000000000E+00,    0.0000000000E+00,    0.0000000000E+00,    3.2721000068E+02
    193800,      0.676962,CP10_after_neg_clamp,   1,    0.0000000000E+00,    3.2721000068E+02,    3.2721000068E+02,    0.0000000000E+00,    0.0000000000E+00,    0.0000000000E+00,    3.2721000068E+02
    193800,      0.676962,CP11_after_MPI,   1,    0.0000000000E+00,    3.2721000068E+02,    3.2721000068E+02,    0.0000000000E+00,    0.0000000000E+00,    0.0000000000E+00,    3.2721000068E+02
    193800,      0.676962,CP12_end,   1,    0.0000000000E+00,    3.2721000068E+02,    3.2721000068E+02,    0.0000000000E+00,    0.0000000000E+00,    0.0000000000E+00,    3.2721000068E+02
    193850,      0.676962,CP0_start,   1,    0.0000000000E+00,    3.2740190401E+02,    3.2740190401E+02,    0.0000000000E+00,    0.0000000000E+00,    0.0000000000E+00,    3.2740190401E+02
    193850,      0.676962,CP1_after_deposition,   1,    0.0000000000E+00,    3.2740190401E+02,    3.2740190401E+02,    0.0000000000E+00,    0.0000000000E+00,    0.0000000000E+00,    3.2740190401E+02
    193850,      0.676962,CP2_after_erosion,   1,    0.0000000000E+00,    3.2740190401E+02,    3.2740190401E+02,    0.0000000000E+00,    0.0000000000E+00,    0.0000000000E+00,    3.2740190401E+02
    193850,      0.676962,CP3_after_update_bottom,   1,    0.0000000000E+00,    3.2740190401E+02,    3.2740190401E+02,    0.0000000000E+00,    0.0000000000E+00,    0.0000000000E+00,    3.2740190401E+02
    193850,      0.676962,CP4_after_advection,   1,    0.0000000000E+00,    3.2741278683E+02,    3.2741278683E+02,    0.0000000000E+00,    0.0000000000E+00,    0.0000000000E+00,    3.2741278683E+02
    193850,      0.676962,CP5_after_vdif,   1,    0.0000000000E+00,    3.2741278683E+02,    3.2741278683E+02,    0.0000000000E+00,    0.0000000000E+00,    0.0000000000E+00,    3.2741278683E+02
    193850,      0.676962,CP6_after_kinetics,   1,    0.0000000000E+00,    3.2741278683E+02,    3.2741278683E+02,    0.0000000000E+00,    0.0000000000E+00,    0.0000000000E+00,    3.2741278683E+02
    193850,      0.676962,CP7_after_upper_clamp,   1,    0.0000000000E+00,    3.2741278683E+02,    3.2741278683E+02,    0.0000000000E+00,    0.0000000000E+00,    0.0000000000E+00,    3.2741278683E+02
    193850,      0.676962,CP8_after_OBC,   1,    0.0000000000E+00,    3.2741278683E+02,    3.2741278683E+02,    0.0000000000E+00,    0.0000000000E+00,    0.0000000000E+00,    3.2741278683E+02
    193850,      0.676962,CP9_after_PTsource,   1,    0.0000000000E+00,    3.2741278683E+02,    3.2741278683E+02,    0.0000000000E+00,    0.0000000000E+00,    0.0000000000E+00,    3.2741278683E+02
    193850,      0.676962,CP10_after_neg_clamp,   1,    0.0000000000E+00,    3.2741278683E+02,    3.2741278683E+02,    0.0000000000E+00,    0.0000000000E+00,    0.0000000000E+00,    3.2741278683E+02
    193850,      0.676962,CP11_after_MPI,   1,    0.0000000000E+00,    3.2741278683E+02,    3.2741278683E+02,    0.0000000000E+00,    0.0000000000E+00,    0.0000000000E+00,    3.2741278683E+02
    193850,      0.676962,CP12_end,   1,    0.0000000000E+00,    3.2741278683E+02,    3.2741278683E+02,    0.0000000000E+00,    0.0000000000E+00,    0.0000000000E+00,    3.2741278683E+02
    193900,      0.676962,CP0_start,   1,    0.0000000000E+00,    3.2760413848E+02,    3.2760413848E+02,    0.0000000000E+00,    0.0000000000E+00,    0.0000000000E+00,    3.2760413848E+02
    193900,      0.676962,CP1_after_deposition,   1,    0.0000000000E+00,    3.2760413848E+02,    3.2760413848E+02,    0.0000000000E+00,    0.0000000000E+00,    0.0000000000E+00,    3.2760413848E+02
    193900,      0.676962,CP2_after_erosion,   1,    0.0000000000E+00,    3.2760413848E+02,    3.2760413848E+02,    0.0000000000E+00,    0.0000000000E+00,    0.0000000000E+00,    3.2760413848E+02
    193900,      0.676962,CP3_after_update_bottom,   1,    0.0000000000E+00,    3.2760413848E+02,    3.2760413848E+02,    0.0000000000E+00,    0.0000000000E+00,    0.0000000000E+00,    3.2760413848E+02
    193900,      0.676962,CP4_after_advection,   1,    0.0000000000E+00,    3.2761495990E+02,    3.2761495990E+02,    0.0000000000E+00,    0.0000000000E+00,    0.0000000000E+00,    3.2761495990E+02
    193900,      0.676962,CP5_after_vdif,   1,    0.0000000000E+00,    3.2761495990E+02,    3.2761495990E+02,    0.0000000000E+00,    0.0000000000E+00,    0.0000000000E+00,    3.2761495990E+02
    193900,      0.676962,CP6_after_kinetics,   1,    0.0000000000E+00,    3.2761495990E+02,    3.2761495990E+02,    0.0000000000E+00,    0.0000000000E+00,    0.0000000000E+00,    3.2761495990E+02
    193900,      0.676962,CP7_after_upper_clamp,   1,    0.0000000000E+00,    3.2761495990E+02,    3.2761495990E+02,    0.0000000000E+00,    0.0000000000E+00,    0.0000000000E+00,    3.2761495990E+02
    193900,      0.676962,CP8_after_OBC,   1,    0.0000000000E+00,    3.2761495990E+02,    3.2761495990E+02,    0.0000000000E+00,    0.0000000000E+00,    0.0000000000E+00,    3.2761495990E+02
    193900,      0.676962,CP9_after_PTsource,   1,    0.0000000000E+00,    3.2761495990E+02,    3.2761495990E+02,    0.0000000000E+00,    0.0000000000E+00,    0.0000000000E+00,    3.2761495990E+02
    193900,      0.676962,CP10_after_neg_clamp,   1,    0.0000000000E+00,    3.2761495990E+02,    3.2761495990E+02,    0.0000000000E+00,    0.0000000000E+00,    0.0000000000E+00,    3.2761495990E+02
    193900,      0.676962,CP11_after_MPI,   1,    0.0000000000E+00,    3.2761495990E+02,    3.2761495990E+02,    0.0000000000E+00,    0.0000000000E+00,    0.0000000000E+00,    3.2761495990E+02
    193900,      0.676962,CP12_end,   1,    0.0000000000E+00,    3.2761495990E+02,    3.2761495990E+02,    0.0000000000E+00,    0.0000000000E+00,    0.0000000000E+00,    3.2761495990E+02
    193950,      0.676962,CP0_start,   1,    0.0000000000E+00,    3.2780589411E+02,    3.2780589411E+02,    0.0000000000E+00,    0.0000000000E+00,    0.0000000000E+00,    3.2780589411E+02
    193950,      0.676962,CP1_after_deposition,   1,    0.0000000000E+00,    3.2780589411E+02,    3.2780589411E+02,    0.0000000000E+00,    0.0000000000E+00,    0.0000000000E+00,    3.2780589411E+02
    193950,      0.676962,CP2_after_erosion,   1,    0.0000000000E+00,    3.2780589411E+02,    3.2780589411E+02,    0.0000000000E+00,    0.0000000000E+00,    0.0000000000E+00,    3.2780589411E+02
    193950,      0.676962,CP3_after_update_bottom,   1,    0.0000000000E+00,    3.2780589411E+02,    3.2780589411E+02,    0.0000000000E+00,    0.0000000000E+00,    0.0000000000E+00,    3.2780589411E+02
    193950,      0.676962,CP4_after_advection,   1,    0.0000000000E+00,    3.2781665718E+02,    3.2781665718E+02,    0.0000000000E+00,    0.0000000000E+00,    0.0000000000E+00,    3.2781665718E+02
    193950,      0.676962,CP5_after_vdif,   1,    0.0000000000E+00,    3.2781665718E+02,    3.2781665718E+02,    0.0000000000E+00,    0.0000000000E+00,    0.0000000000E+00,    3.2781665718E+02
    193950,      0.676962,CP6_after_kinetics,   1,    0.0000000000E+00,    3.2781665718E+02,    3.2781665718E+02,    0.0000000000E+00,    0.0000000000E+00,    0.0000000000E+00,    3.2781665718E+02
    193950,      0.676962,CP7_after_upper_clamp,   1,    0.0000000000E+00,    3.2781665718E+02,    3.2781665718E+02,    0.0000000000E+00,    0.0000000000E+00,    0.0000000000E+00,    3.2781665718E+02
    193950,      0.676962,CP8_after_OBC,   1,    0.0000000000E+00,    3.2781665718E+02,    3.2781665718E+02,    0.0000000000E+00,    0.0000000000E+00,    0.0000000000E+00,    3.2781665718E+02
    193950,      0.676962,CP9_after_PTsource,   1,    0.0000000000E+00,    3.2781665718E+02,    3.2781665718E+02,    0.0000000000E+00,    0.0000000000E+00,    0.0000000000E+00,    3.2781665718E+02
    193950,      0.676962,CP10_after_neg_clamp,   1,    0.0000000000E+00,    3.2781665718E+02,    3.2781665718E+02,    0.0000000000E+00,    0.0000000000E+00,    0.0000000000E+00,    3.2781665718E+02
    193950,      0.676962,CP11_after_MPI,   1,    0.0000000000E+00,    3.2781665718E+02,    3.2781665718E+02,    0.0000000000E+00,    0.0000000000E+00,    0.0000000000E+00,    3.2781665718E+02
    193950,      0.676962,CP12_end,   1,    0.0000000000E+00,    3.2781665718E+02,    3.2781665718E+02,    0.0000000000E+00,    0.0000000000E+00,    0.0000000000E+00,    3.2781665718E+02
    194000,      0.676962,CP0_start,   1,    0.0000000000E+00,    3.2800746044E+02,    3.2800746044E+02,    0.0000000000E+00,    0.0000000000E+00,    0.0000000000E+00,    3.2800746044E+02
    194000,      0.676962,CP1_after_deposition,   1,    0.0000000000E+00,    3.2800746044E+02,    3.2800746044E+02,    0.0000000000E+00,    0.0000000000E+00,    0.0000000000E+00,    3.2800746044E+02
    194000,      0.676962,CP2_after_erosion,   1,    0.0000000000E+00,    3.2800746044E+02,    3.2800746044E+02,    0.0000000000E+00,    0.0000000000E+00,    0.0000000000E+00,    3.2800746044E+02
    194000,      0.676962,CP3_after_update_bottom,   1,    0.0000000000E+00,    3.2800746044E+02,    3.2800746044E+02,    0.0000000000E+00,    0.0000000000E+00,    0.0000000000E+00,    3.2800746044E+02
    194000,      0.676962,CP4_after_advection,   1,    0.0000000000E+00,    3.2801817242E+02,    3.2801817242E+02,    0.0000000000E+00,    0.0000000000E+00,    0.0000000000E+00,    3.2801817242E+02
    194000,      0.676962,CP5_after_vdif,   1,    0.0000000000E+00,    3.2801817242E+02,    3.2801817242E+02,    0.0000000000E+00,    0.0000000000E+00,    0.0000000000E+00,    3.2801817242E+02
    194000,      0.676962,CP6_after_kinetics,   1,    0.0000000000E+00,    3.2801817242E+02,    3.2801817242E+02,    0.0000000000E+00,    0.0000000000E+00,    0.0000000000E+00,    3.2801817242E+02
    194000,      0.676962,CP7_after_upper_clamp,   1,    0.0000000000E+00,    3.2801817242E+02,    3.2801817242E+02,    0.0000000000E+00,    0.0000000000E+00,    0.0000000000E+00,    3.2801817242E+02
    194000,      0.676962,CP8_after_OBC,   1,    0.0000000000E+00,    3.2801817242E+02,    3.2801817242E+02,    0.0000000000E+00,    0.0000000000E+00,    0.0000000000E+00,    3.2801817242E+02
    194000,      0.676962,CP9_after_PTsource,   1,    0.0000000000E+00,    3.2801817242E+02,    3.2801817242E+02,    0.0000000000E+00,    0.0000000000E+00,    0.0000000000E+00,    3.2801817242E+02
    194000,      0.676962,CP10_after_neg_clamp,   1,    0.0000000000E+00,    3.2801817242E+02,    3.2801817242E+02,    0.0000000000E+00,    0.0000000000E+00,    0.0000000000E+00,    3.2801817242E+02
    194000,      0.676962,CP11_after_MPI,   1,    0.0000000000E+00,    3.2801817242E+02,    3.2801817242E+02,    0.0000000000E+00,    0.0000000000E+00,    0.0000000000E+00,    3.2801817242E+02
    194000,      0.676962,CP12_end,   1,    0.0000000000E+00,    3.2801817242E+02,    3.2801817242E+02,    0.0000000000E+00,    0.0000000000E+00,    0.0000000000E+00,    3.2801817242E+02
    194050,      0.676962,CP0_start,   1,    0.0000000000E+00,    3.2820923543E+02,    3.2820923543E+02,    0.0000000000E+00,    0.0000000000E+00,    0.0000000000E+00,    3.2820923543E+02
    194050,      0.676962,CP1_after_deposition,   1,    0.0000000000E+00,    3.2820923543E+02,    3.2820923543E+02,    0.0000000000E+00,    0.0000000000E+00,    0.0000000000E+00,    3.2820923543E+02
    194050,      0.676962,CP2_after_erosion,   1,    0.0000000000E+00,    3.2820923543E+02,    3.2820923543E+02,    0.0000000000E+00,    0.0000000000E+00,    0.0000000000E+00,    3.2820923543E+02
    194050,      0.676962,CP3_after_update_bottom,   1,    0.0000000000E+00,    3.2820923543E+02,    3.2820923543E+02,    0.0000000000E+00,    0.0000000000E+00,    0.0000000000E+00,    3.2820923543E+02
    194050,      0.676962,CP4_after_advection,   1,    0.0000000000E+00,    3.2821990573E+02,    3.2821990573E+02,    0.0000000000E+00,    0.0000000000E+00,    0.0000000000E+00,    3.2821990573E+02
    194050,      0.676962,CP5_after_vdif,   1,    0.0000000000E+00,    3.2821990573E+02,    3.2821990573E+02,    0.0000000000E+00,    0.0000000000E+00,    0.0000000000E+00,    3.2821990573E+02
    194050,      0.676962,CP6_after_kinetics,   1,    0.0000000000E+00,    3.2821990573E+02,    3.2821990573E+02,    0.0000000000E+00,    0.0000000000E+00,    0.0000000000E+00,    3.2821990573E+02
    194050,      0.676962,CP7_after_upper_clamp,   1,    0.0000000000E+00,    3.2821990573E+02,    3.2821990573E+02,    0.0000000000E+00,    0.0000000000E+00,    0.0000000000E+00,    3.2821990573E+02
    194050,      0.676962,CP8_after_OBC,   1,    0.0000000000E+00,    3.2821990573E+02,    3.2821990573E+02,    0.0000000000E+00,    0.0000000000E+00,    0.0000000000E+00,    3.2821990573E+02
    194050,      0.676962,CP9_after_PTsource,   1,    0.0000000000E+00,    3.2821990573E+02,    3.2821990573E+02,    0.0000000000E+00,    0.0000000000E+00,    0.0000000000E+00,    3.2821990573E+02
    194050,      0.676962,CP10_after_neg_clamp,   1,    0.0000000000E+00,    3.2821990573E+02,    3.2821990573E+02,    0.0000000000E+00,    0.0000000000E+00,    0.0000000000E+00,    3.2821990573E+02
    194050,      0.676962,CP11_after_MPI,   1,    0.0000000000E+00,    3.2821990573E+02,    3.2821990573E+02,    0.0000000000E+00,    0.0000000000E+00,    0.0000000000E+00,    3.2821990573E+02
    194050,      0.676962,CP12_end,   1,    0.0000000000E+00,    3.2821990573E+02,    3.2821990573E+02,    0.0000000000E+00,    0.0000000000E+00,    0.0000000000E+00,    3.2821990573E+02
    194100,      0.676962,CP0_start,   1,    0.0000000000E+00,    3.2841157856E+02,    3.2841157856E+02,    0.0000000000E+00,    0.0000000000E+00,    0.0000000000E+00,    3.2841157856E+02
    194100,      0.676962,CP1_after_deposition,   1,    0.0000000000E+00,    3.2841157856E+02,    3.2841157856E+02,    0.0000000000E+00,    0.0000000000E+00,    0.0000000000E+00,    3.2841157856E+02
    194100,      0.676962,CP2_after_erosion,   1,    0.0000000000E+00,    3.2841157856E+02,    3.2841157856E+02,    0.0000000000E+00,    0.0000000000E+00,    0.0000000000E+00,    3.2841157856E+02
    194100,      0.676962,CP3_after_update_bottom,   1,    0.0000000000E+00,    3.2841157856E+02,    3.2841157856E+02,    0.0000000000E+00,    0.0000000000E+00,    0.0000000000E+00,    3.2841157856E+02
    194100,      0.676962,CP4_after_advection,   1,    0.0000000000E+00,    3.2842221431E+02,    3.2842221431E+02,    0.0000000000E+00,    0.0000000000E+00,    0.0000000000E+00,    3.2842221431E+02
    194100,      0.676962,CP5_after_vdif,   1,    0.0000000000E+00,    3.2842221431E+02,    3.2842221431E+02,    0.0000000000E+00,    0.0000000000E+00,    0.0000000000E+00,    3.2842221431E+02
    194100,      0.676962,CP6_after_kinetics,   1,    0.0000000000E+00,    3.2842221431E+02,    3.2842221431E+02,    0.0000000000E+00,    0.0000000000E+00,    0.0000000000E+00,    3.2842221431E+02
    194100,      0.676962,CP7_after_upper_clamp,   1,    0.0000000000E+00,    3.2842221431E+02,    3.2842221431E+02,    0.0000000000E+00,    0.0000000000E+00,    0.0000000000E+00,    3.2842221431E+02
    194100,      0.676962,CP8_after_OBC,   1,    0.0000000000E+00,    3.2842221431E+02,    3.2842221431E+02,    0.0000000000E+00,    0.0000000000E+00,    0.0000000000E+00,    3.2842221431E+02
    194100,      0.676962,CP9_after_PTsource,   1,    0.0000000000E+00,    3.2842221431E+02,    3.2842221431E+02,    0.0000000000E+00,    0.0000000000E+00,    0.0000000000E+00,    3.2842221431E+02
    194100,      0.676962,CP10_after_neg_clamp,   1,    0.0000000000E+00,    3.2842221431E+02,    3.2842221431E+02,    0.0000000000E+00,    0.0000000000E+00,    0.0000000000E+00,    3.2842221431E+02
    194100,      0.676962,CP11_after_MPI,   1,    0.0000000000E+00,    3.2842221431E+02,    3.2842221431E+02,    0.0000000000E+00,    0.0000000000E+00,    0.0000000000E+00,    3.2842221431E+02
    194100,      0.676962,CP12_end,   1,    0.0000000000E+00,    3.2842221431E+02,    3.2842221431E+02,    0.0000000000E+00,    0.0000000000E+00,    0.0000000000E+00,    3.2842221431E+02
    194150,      0.676962,CP0_start,   1,    0.0000000000E+00,    3.2861464132E+02,    3.2861464132E+02,    0.0000000000E+00,    0.0000000000E+00,    0.0000000000E+00,    3.2861464132E+02
    194150,      0.676962,CP1_after_deposition,   1,    0.0000000000E+00,    3.2861464132E+02,    3.2861464132E+02,    0.0000000000E+00,    0.0000000000E+00,    0.0000000000E+00,    3.2861464132E+02
    194150,      0.676962,CP2_after_erosion,   1,    0.0000000000E+00,    3.2861464132E+02,    3.2861464132E+02,    0.0000000000E+00,    0.0000000000E+00,    0.0000000000E+00,    3.2861464132E+02
    194150,      0.676962,CP3_after_update_bottom,   1,    0.0000000000E+00,    3.2861464132E+02,    3.2861464132E+02,    0.0000000000E+00,    0.0000000000E+00,    0.0000000000E+00,    3.2861464132E+02
    194150,      0.676962,CP4_after_advection,   1,    0.0000000000E+00,    3.2862524241E+02,    3.2862524241E+02,    0.0000000000E+00,    0.0000000000E+00,    0.0000000000E+00,    3.2862524241E+02
    194150,      0.676962,CP5_after_vdif,   1,    0.0000000000E+00,    3.2862524241E+02,    3.2862524241E+02,    0.0000000000E+00,    0.0000000000E+00,    0.0000000000E+00,    3.2862524241E+02
    194150,      0.676962,CP6_after_kinetics,   1,    0.0000000000E+00,    3.2862524241E+02,    3.2862524241E+02,    0.0000000000E+00,    0.0000000000E+00,    0.0000000000E+00,    3.2862524241E+02
    194150,      0.676962,CP7_after_upper_clamp,   1,    0.0000000000E+00,    3.2862524241E+02,    3.2862524241E+02,    0.0000000000E+00,    0.0000000000E+00,    0.0000000000E+00,    3.2862524241E+02
    194150,      0.676962,CP8_after_OBC,   1,    0.0000000000E+00,    3.2862524241E+02,    3.2862524241E+02,    0.0000000000E+00,    0.0000000000E+00,    0.0000000000E+00,    3.2862524241E+02
    194150,      0.676962,CP9_after_PTsource,   1,    0.0000000000E+00,    3.2862524241E+02,    3.2862524241E+02,    0.0000000000E+00,    0.0000000000E+00,    0.0000000000E+00,    3.2862524241E+02
    194150,      0.676962,CP10_after_neg_clamp,   1,    0.0000000000E+00,    3.2862524241E+02,    3.2862524241E+02,    0.0000000000E+00,    0.0000000000E+00,    0.0000000000E+00,    3.2862524241E+02
    194150,      0.676962,CP11_after_MPI,   1,    0.0000000000E+00,    3.2862524241E+02,    3.2862524241E+02,    0.0000000000E+00,    0.0000000000E+00,    0.0000000000E+00,    3.2862524241E+02
    194150,      0.676962,CP12_end,   1,    0.0000000000E+00,    3.2862524241E+02,    3.2862524241E+02,    0.0000000000E+00,    0.0000000000E+00,    0.0000000000E+00,    3.2862524241E+02
    194200,      0.676962,CP0_start,   1,    0.0000000000E+00,    3.2881832958E+02,    3.2881832958E+02,    0.0000000000E+00,    0.0000000000E+00,    0.0000000000E+00,    3.2881832958E+02
    194200,      0.676962,CP1_after_deposition,   1,    0.0000000000E+00,    3.2881832958E+02,    3.2881832958E+02,    0.0000000000E+00,    0.0000000000E+00,    0.0000000000E+00,    3.2881832958E+02
    194200,      0.676962,CP2_after_erosion,   1,    0.0000000000E+00,    3.2881832958E+02,    3.2881832958E+02,    0.0000000000E+00,    0.0000000000E+00,    0.0000000000E+00,    3.2881832958E+02
    194200,      0.676962,CP3_after_update_bottom,   1,    0.0000000000E+00,    3.2881832958E+02,    3.2881832958E+02,    0.0000000000E+00,    0.0000000000E+00,    0.0000000000E+00,    3.2881832958E+02
    194200,      0.676962,CP4_after_advection,   1,    0.0000000000E+00,    3.2882888976E+02,    3.2882888976E+02,    0.0000000000E+00,    0.0000000000E+00,    0.0000000000E+00,    3.2882888976E+02
    194200,      0.676962,CP5_after_vdif,   1,    0.0000000000E+00,    3.2882888976E+02,    3.2882888976E+02,    0.0000000000E+00,    0.0000000000E+00,    0.0000000000E+00,    3.2882888976E+02
    194200,      0.676962,CP6_after_kinetics,   1,    0.0000000000E+00,    3.2882888976E+02,    3.2882888976E+02,    0.0000000000E+00,    0.0000000000E+00,    0.0000000000E+00,    3.2882888976E+02
    194200,      0.676962,CP7_after_upper_clamp,   1,    0.0000000000E+00,    3.2882888976E+02,    3.2882888976E+02,    0.0000000000E+00,    0.0000000000E+00,    0.0000000000E+00,    3.2882888976E+02
    194200,      0.676962,CP8_after_OBC,   1,    0.0000000000E+00,    3.2882888976E+02,    3.2882888976E+02,    0.0000000000E+00,    0.0000000000E+00,    0.0000000000E+00,    3.2882888976E+02
    194200,      0.676962,CP9_after_PTsource,   1,    0.0000000000E+00,    3.2882888976E+02,    3.2882888976E+02,    0.0000000000E+00,    0.0000000000E+00,    0.0000000000E+00,    3.2882888976E+02
    194200,      0.676962,CP10_after_neg_clamp,   1,    0.0000000000E+00,    3.2882888976E+02,    3.2882888976E+02,    0.0000000000E+00,    0.0000000000E+00,    0.0000000000E+00,    3.2882888976E+02
    194200,      0.676962,CP11_after_MPI,   1,    0.0000000000E+00,    3.2882888976E+02,    3.2882888976E+02,    0.0000000000E+00,    0.0000000000E+00,    0.0000000000E+00,    3.2882888976E+02
    194200,      0.676962,CP12_end,   1,    0.0000000000E+00,    3.2882888976E+02,    3.2882888976E+02,    0.0000000000E+00,    0.0000000000E+00,    0.0000000000E+00,    3.2882888976E+02
    194250,      0.676962,CP0_start,   1,    0.0000000000E+00,    3.2902236955E+02,    3.2902236955E+02,    0.0000000000E+00,    0.0000000000E+00,    0.0000000000E+00,    3.2902236955E+02
    194250,      0.676962,CP1_after_deposition,   1,    0.0000000000E+00,    3.2902236955E+02,    3.2902236955E+02,    0.0000000000E+00,    0.0000000000E+00,    0.0000000000E+00,    3.2902236955E+02
    194250,      0.676962,CP2_after_erosion,   1,    0.0000000000E+00,    3.2902236955E+02,    3.2902236955E+02,    0.0000000000E+00,    0.0000000000E+00,    0.0000000000E+00,    3.2902236955E+02
    194250,      0.676962,CP3_after_update_bottom,   1,    0.0000000000E+00,    3.2902236955E+02,    3.2902236955E+02,    0.0000000000E+00,    0.0000000000E+00,    0.0000000000E+00,    3.2902236955E+02
    194250,      0.676962,CP4_after_advection,   1,    0.0000000000E+00,    3.2903287927E+02,    3.2903287927E+02,    0.0000000000E+00,    0.0000000000E+00,    0.0000000000E+00,    3.2903287927E+02
    194250,      0.676962,CP5_after_vdif,   1,    0.0000000000E+00,    3.2903287927E+02,    3.2903287927E+02,    0.0000000000E+00,    0.0000000000E+00,    0.0000000000E+00,    3.2903287927E+02
    194250,      0.676962,CP6_after_kinetics,   1,    0.0000000000E+00,    3.2903287927E+02,    3.2903287927E+02,    0.0000000000E+00,    0.0000000000E+00,    0.0000000000E+00,    3.2903287927E+02
    194250,      0.676962,CP7_after_upper_clamp,   1,    0.0000000000E+00,    3.2903287927E+02,    3.2903287927E+02,    0.0000000000E+00,    0.0000000000E+00,    0.0000000000E+00,    3.2903287927E+02
    194250,      0.676962,CP8_after_OBC,   1,    0.0000000000E+00,    3.2903287927E+02,    3.2903287927E+02,    0.0000000000E+00,    0.0000000000E+00,    0.0000000000E+00,    3.2903287927E+02
    194250,      0.676962,CP9_after_PTsource,   1,    0.0000000000E+00,    3.2903287927E+02,    3.2903287927E+02,    0.0000000000E+00,    0.0000000000E+00,    0.0000000000E+00,    3.2903287927E+02
    194250,      0.676962,CP10_after_neg_clamp,   1,    0.0000000000E+00,    3.2903287927E+02,    3.2903287927E+02,    0.0000000000E+00,    0.0000000000E+00,    0.0000000000E+00,    3.2903287927E+02
    194250,      0.676962,CP11_after_MPI,   1,    0.0000000000E+00,    3.2903287927E+02,    3.2903287927E+02,    0.0000000000E+00,    0.0000000000E+00,    0.0000000000E+00,    3.2903287927E+02
    194250,      0.676962,CP12_end,   1,    0.0000000000E+00,    3.2903287927E+02,    3.2903287927E+02,    0.0000000000E+00,    0.0000000000E+00,    0.0000000000E+00,    3.2903287927E+02
    194300,      0.676962,CP0_start,   1,    0.0000000000E+00,    3.2922631648E+02,    3.2922631648E+02,    0.0000000000E+00,    0.0000000000E+00,    0.0000000000E+00,    3.2922631648E+02
    194300,      0.676962,CP1_after_deposition,   1,    0.0000000000E+00,    3.2922631648E+02,    3.2922631648E+02,    0.0000000000E+00,    0.0000000000E+00,    0.0000000000E+00,    3.2922631648E+02
    194300,      0.676962,CP2_after_erosion,   1,    0.0000000000E+00,    3.2922631648E+02,    3.2922631648E+02,    0.0000000000E+00,    0.0000000000E+00,    0.0000000000E+00,    3.2922631648E+02
    194300,      0.676962,CP3_after_update_bottom,   1,    0.0000000000E+00,    3.2922631648E+02,    3.2922631648E+02,    0.0000000000E+00,    0.0000000000E+00,    0.0000000000E+00,    3.2922631648E+02
    194300,      0.676962,CP4_after_advection,   1,    0.0000000000E+00,    3.2923676407E+02,    3.2923676407E+02,    0.0000000000E+00,    0.0000000000E+00,    0.0000000000E+00,    3.2923676407E+02
    194300,      0.676962,CP5_after_vdif,   1,    0.0000000000E+00,    3.2923676407E+02,    3.2923676407E+02,    0.0000000000E+00,    0.0000000000E+00,    0.0000000000E+00,    3.2923676407E+02
    194300,      0.676962,CP6_after_kinetics,   1,    0.0000000000E+00,    3.2923676407E+02,    3.2923676407E+02,    0.0000000000E+00,    0.0000000000E+00,    0.0000000000E+00,    3.2923676407E+02
    194300,      0.676962,CP7_after_upper_clamp,   1,    0.0000000000E+00,    3.2923676407E+02,    3.2923676407E+02,    0.0000000000E+00,    0.0000000000E+00,    0.0000000000E+00,    3.2923676407E+02
    194300,      0.676962,CP8_after_OBC,   1,    0.0000000000E+00,    3.2923676407E+02,    3.2923676407E+02,    0.0000000000E+00,    0.0000000000E+00,    0.0000000000E+00,    3.2923676407E+02
    194300,      0.676962,CP9_after_PTsource,   1,    0.0000000000E+00,    3.2923676407E+02,    3.2923676407E+02,    0.0000000000E+00,    0.0000000000E+00,    0.0000000000E+00,    3.2923676407E+02
    194300,      0.676962,CP10_after_neg_clamp,   1,    0.0000000000E+00,    3.2923676407E+02,    3.2923676407E+02,    0.0000000000E+00,    0.0000000000E+00,    0.0000000000E+00,    3.2923676407E+02
    194300,      0.676962,CP11_after_MPI,   1,    0.0000000000E+00,    3.2923676407E+02,    3.2923676407E+02,    0.0000000000E+00,    0.0000000000E+00,    0.0000000000E+00,    3.2923676407E+02
    194300,      0.676962,CP12_end,   1,    0.0000000000E+00,    3.2923676407E+02,    3.2923676407E+02,    0.0000000000E+00,    0.0000000000E+00,    0.0000000000E+00,    3.2923676407E+02
    194350,      0.676962,CP0_start,   1,    0.0000000000E+00,    3.2942974512E+02,    3.2942974512E+02,    0.0000000000E+00,    0.0000000000E+00,    0.0000000000E+00,    3.2942974512E+02
    194350,      0.676962,CP1_after_deposition,   1,    0.0000000000E+00,    3.2942974512E+02,    3.2942974512E+02,    0.0000000000E+00,    0.0000000000E+00,    0.0000000000E+00,    3.2942974512E+02
    194350,      0.676962,CP2_after_erosion,   1,    0.0000000000E+00,    3.2942974512E+02,    3.2942974512E+02,    0.0000000000E+00,    0.0000000000E+00,    0.0000000000E+00,    3.2942974512E+02
    194350,      0.676962,CP3_after_update_bottom,   1,    0.0000000000E+00,    3.2942974512E+02,    3.2942974512E+02,    0.0000000000E+00,    0.0000000000E+00,    0.0000000000E+00,    3.2942974512E+02
    194350,      0.676962,CP4_after_advection,   1,    0.0000000000E+00,    3.2944012686E+02,    3.2944012686E+02,    0.0000000000E+00,    0.0000000000E+00,    0.0000000000E+00,    3.2944012686E+02
    194350,      0.676962,CP5_after_vdif,   1,    0.0000000000E+00,    3.2944012686E+02,    3.2944012686E+02,    0.0000000000E+00,    0.0000000000E+00,    0.0000000000E+00,    3.2944012686E+02
    194350,      0.676962,CP6_after_kinetics,   1,    0.0000000000E+00,    3.2944012686E+02,    3.2944012686E+02,    0.0000000000E+00,    0.0000000000E+00,    0.0000000000E+00,    3.2944012686E+02
    194350,      0.676962,CP7_after_upper_clamp,   1,    0.0000000000E+00,    3.2944012686E+02,    3.2944012686E+02,    0.0000000000E+00,    0.0000000000E+00,    0.0000000000E+00,    3.2944012686E+02
    194350,      0.676962,CP8_after_OBC,   1,    0.0000000000E+00,    3.2944012686E+02,    3.2944012686E+02,    0.0000000000E+00,    0.0000000000E+00,    0.0000000000E+00,    3.2944012686E+02
    194350,      0.676962,CP9_after_PTsource,   1,    0.0000000000E+00,    3.2944012686E+02,    3.2944012686E+02,    0.0000000000E+00,    0.0000000000E+00,    0.0000000000E+00,    3.2944012686E+02
    194350,      0.676962,CP10_after_neg_clamp,   1,    0.0000000000E+00,    3.2944012686E+02,    3.2944012686E+02,    0.0000000000E+00,    0.0000000000E+00,    0.0000000000E+00,    3.2944012686E+02
    194350,      0.676962,CP11_after_MPI,   1,    0.0000000000E+00,    3.2944012686E+02,    3.2944012686E+02,    0.0000000000E+00,    0.0000000000E+00,    0.0000000000E+00,    3.2944012686E+02
    194350,      0.676962,CP12_end,   1,    0.0000000000E+00,    3.2944012686E+02,    3.2944012686E+02,    0.0000000000E+00,    0.0000000000E+00,    0.0000000000E+00,    3.2944012686E+02
    194400,      0.676962,CP0_start,   1,    0.0000000000E+00,    3.2963259171E+02,    3.2963259171E+02,    0.0000000000E+00,    0.0000000000E+00,    0.0000000000E+00,    3.2963259171E+02
    194400,      0.676962,CP1_after_deposition,   1,    0.0000000000E+00,    3.2963259171E+02,    3.2963259171E+02,    0.0000000000E+00,    0.0000000000E+00,    0.0000000000E+00,    3.2963259171E+02
    194400,      0.676962,CP2_after_erosion,   1,    0.0000000000E+00,    3.2963259171E+02,    3.2963259171E+02,    0.0000000000E+00,    0.0000000000E+00,    0.0000000000E+00,    3.2963259171E+02
    194400,      0.676962,CP3_after_update_bottom,   1,    0.0000000000E+00,    3.2963259171E+02,    3.2963259171E+02,    0.0000000000E+00,    0.0000000000E+00,    0.0000000000E+00,    3.2963259171E+02
    194400,      0.676962,CP4_after_advection,   1,    0.0000000000E+00,    3.2964291351E+02,    3.2964291351E+02,    0.0000000000E+00,    0.0000000000E+00,    0.0000000000E+00,    3.2964291351E+02
    194400,      0.676962,CP5_after_vdif,   1,    0.0000000000E+00,    3.2964291351E+02,    3.2964291351E+02,    0.0000000000E+00,    0.0000000000E+00,    0.0000000000E+00,    3.2964291351E+02
    194400,      0.676962,CP6_after_kinetics,   1,    0.0000000000E+00,    3.2964291351E+02,    3.2964291351E+02,    0.0000000000E+00,    0.0000000000E+00,    0.0000000000E+00,    3.2964291351E+02
    194400,      0.676962,CP7_after_upper_clamp,   1,    0.0000000000E+00,    3.2964291351E+02,    3.2964291351E+02,    0.0000000000E+00,    0.0000000000E+00,    0.0000000000E+00,    3.2964291351E+02
    194400,      0.676962,CP8_after_OBC,   1,    0.0000000000E+00,    3.2964291351E+02,    3.2964291351E+02,    0.0000000000E+00,    0.0000000000E+00,    0.0000000000E+00,    3.2964291351E+02
    194400,      0.676962,CP9_after_PTsource,   1,    0.0000000000E+00,    3.2964291351E+02,    3.2964291351E+02,    0.0000000000E+00,    0.0000000000E+00,    0.0000000000E+00,    3.2964291351E+02
    194400,      0.676962,CP10_after_neg_clamp,   1,    0.0000000000E+00,    3.2964291351E+02,    3.2964291351E+02,    0.0000000000E+00,    0.0000000000E+00,    0.0000000000E+00,    3.2964291351E+02
    194400,      0.676962,CP11_after_MPI,   1,    0.0000000000E+00,    3.2964291351E+02,    3.2964291351E+02,    0.0000000000E+00,    0.0000000000E+00,    0.0000000000E+00,    3.2964291351E+02
    194400,      0.676962,CP12_end,   1,    0.0000000000E+00,    3.2964291351E+02,    3.2964291351E+02,    0.0000000000E+00,    0.0000000000E+00,    0.0000000000E+00,    3.2964291351E+02
    194450,      0.676962,CP0_start,   1,    0.0000000000E+00,    3.2983523407E+02,    3.2983523407E+02,    0.0000000000E+00,    0.0000000000E+00,    0.0000000000E+00,    3.2983523407E+02
    194450,      0.676962,CP1_after_deposition,   1,    0.0000000000E+00,    3.2983523407E+02,    3.2983523407E+02,    0.0000000000E+00,    0.0000000000E+00,    0.0000000000E+00,    3.2983523407E+02
    194450,      0.676962,CP2_after_erosion,   1,    0.0000000000E+00,    3.2983523407E+02,    3.2983523407E+02,    0.0000000000E+00,    0.0000000000E+00,    0.0000000000E+00,    3.2983523407E+02
    194450,      0.676962,CP3_after_update_bottom,   1,    0.0000000000E+00,    3.2983523407E+02,    3.2983523407E+02,    0.0000000000E+00,    0.0000000000E+00,    0.0000000000E+00,    3.2983523407E+02
    194450,      0.676962,CP4_after_advection,   1,    0.0000000000E+00,    3.2984550613E+02,    3.2984550613E+02,    0.0000000000E+00,    0.0000000000E+00,    0.0000000000E+00,    3.2984550613E+02
    194450,      0.676962,CP5_after_vdif,   1,    0.0000000000E+00,    3.2984550613E+02,    3.2984550613E+02,    0.0000000000E+00,    0.0000000000E+00,    0.0000000000E+00,    3.2984550613E+02
    194450,      0.676962,CP6_after_kinetics,   1,    0.0000000000E+00,    3.2984550613E+02,    3.2984550613E+02,    0.0000000000E+00,    0.0000000000E+00,    0.0000000000E+00,    3.2984550613E+02
    194450,      0.676962,CP7_after_upper_clamp,   1,    0.0000000000E+00,    3.2984550613E+02,    3.2984550613E+02,    0.0000000000E+00,    0.0000000000E+00,    0.0000000000E+00,    3.2984550613E+02
    194450,      0.676962,CP8_after_OBC,   1,    0.0000000000E+00,    3.2984550613E+02,    3.2984550613E+02,    0.0000000000E+00,    0.0000000000E+00,    0.0000000000E+00,    3.2984550613E+02
    194450,      0.676962,CP9_after_PTsource,   1,    0.0000000000E+00,    3.2984550613E+02,    3.2984550613E+02,    0.0000000000E+00,    0.0000000000E+00,    0.0000000000E+00,    3.2984550613E+02
    194450,      0.676962,CP10_after_neg_clamp,   1,    0.0000000000E+00,    3.2984550613E+02,    3.2984550613E+02,    0.0000000000E+00,    0.0000000000E+00,    0.0000000000E+00,    3.2984550613E+02
    194450,      0.676962,CP11_after_MPI,   1,    0.0000000000E+00,    3.2984550613E+02,    3.2984550613E+02,    0.0000000000E+00,    0.0000000000E+00,    0.0000000000E+00,    3.2984550613E+02
    194450,      0.676962,CP12_end,   1,    0.0000000000E+00,    3.2984550613E+02,    3.2984550613E+02,    0.0000000000E+00,    0.0000000000E+00,    0.0000000000E+00,    3.2984550613E+02
    194500,      0.676962,CP0_start,   1,    0.0000000000E+00,    3.3003836449E+02,    3.3003836449E+02,    0.0000000000E+00,    0.0000000000E+00,    0.0000000000E+00,    3.3003836449E+02
    194500,      0.676962,CP1_after_deposition,   1,    0.0000000000E+00,    3.3003836449E+02,    3.3003836449E+02,    0.0000000000E+00,    0.0000000000E+00,    0.0000000000E+00,    3.3003836449E+02
    194500,      0.676962,CP2_after_erosion,   1,    0.0000000000E+00,    3.3003836449E+02,    3.3003836449E+02,    0.0000000000E+00,    0.0000000000E+00,    0.0000000000E+00,    3.3003836449E+02
    194500,      0.676962,CP3_after_update_bottom,   1,    0.0000000000E+00,    3.3003836449E+02,    3.3003836449E+02,    0.0000000000E+00,    0.0000000000E+00,    0.0000000000E+00,    3.3003836449E+02
    194500,      0.676962,CP4_after_advection,   1,    0.0000000000E+00,    3.3004859738E+02,    3.3004859738E+02,    0.0000000000E+00,    0.0000000000E+00,    0.0000000000E+00,    3.3004859738E+02
    194500,      0.676962,CP5_after_vdif,   1,    0.0000000000E+00,    3.3004859738E+02,    3.3004859738E+02,    0.0000000000E+00,    0.0000000000E+00,    0.0000000000E+00,    3.3004859738E+02
    194500,      0.676962,CP6_after_kinetics,   1,    0.0000000000E+00,    3.3004859738E+02,    3.3004859738E+02,    0.0000000000E+00,    0.0000000000E+00,    0.0000000000E+00,    3.3004859738E+02
    194500,      0.676962,CP7_after_upper_clamp,   1,    0.0000000000E+00,    3.3004859738E+02,    3.3004859738E+02,    0.0000000000E+00,    0.0000000000E+00,    0.0000000000E+00,    3.3004859738E+02
    194500,      0.676962,CP8_after_OBC,   1,    0.0000000000E+00,    3.3004859738E+02,    3.3004859738E+02,    0.0000000000E+00,    0.0000000000E+00,    0.0000000000E+00,    3.3004859738E+02
    194500,      0.676962,CP9_after_PTsource,   1,    0.0000000000E+00,    3.3004859738E+02,    3.3004859738E+02,    0.0000000000E+00,    0.0000000000E+00,    0.0000000000E+00,    3.3004859738E+02
    194500,      0.676962,CP10_after_neg_clamp,   1,    0.0000000000E+00,    3.3004859738E+02,    3.3004859738E+02,    0.0000000000E+00,    0.0000000000E+00,    0.0000000000E+00,    3.3004859738E+02
    194500,      0.676962,CP11_after_MPI,   1,    0.0000000000E+00,    3.3004859738E+02,    3.3004859738E+02,    0.0000000000E+00,    0.0000000000E+00,    0.0000000000E+00,    3.3004859738E+02
    194500,      0.676962,CP12_end,   1,    0.0000000000E+00,    3.3004859738E+02,    3.3004859738E+02,    0.0000000000E+00,    0.0000000000E+00,    0.0000000000E+00,    3.3004859738E+02
    194550,      0.676962,CP0_start,   1,    0.0000000000E+00,    3.3024255534E+02,    3.3024255534E+02,    0.0000000000E+00,    0.0000000000E+00,    0.0000000000E+00,    3.3024255534E+02
    194550,      0.676962,CP1_after_deposition,   1,    0.0000000000E+00,    3.3024255534E+02,    3.3024255534E+02,    0.0000000000E+00,    0.0000000000E+00,    0.0000000000E+00,    3.3024255534E+02
    194550,      0.676962,CP2_after_erosion,   1,    0.0000000000E+00,    3.3024255534E+02,    3.3024255534E+02,    0.0000000000E+00,    0.0000000000E+00,    0.0000000000E+00,    3.3024255534E+02
    194550,      0.676962,CP3_after_update_bottom,   1,    0.0000000000E+00,    3.3024255534E+02,    3.3024255534E+02,    0.0000000000E+00,    0.0000000000E+00,    0.0000000000E+00,    3.3024255534E+02
    194550,      0.676962,CP4_after_advection,   1,    0.0000000000E+00,    3.3025275661E+02,    3.3025275661E+02,    0.0000000000E+00,    0.0000000000E+00,    0.0000000000E+00,    3.3025275661E+02
    194550,      0.676962,CP5_after_vdif,   1,    0.0000000000E+00,    3.3025275661E+02,    3.3025275661E+02,    0.0000000000E+00,    0.0000000000E+00,    0.0000000000E+00,    3.3025275661E+02
    194550,      0.676962,CP6_after_kinetics,   1,    0.0000000000E+00,    3.3025275661E+02,    3.3025275661E+02,    0.0000000000E+00,    0.0000000000E+00,    0.0000000000E+00,    3.3025275661E+02
    194550,      0.676962,CP7_after_upper_clamp,   1,    0.0000000000E+00,    3.3025275661E+02,    3.3025275661E+02,    0.0000000000E+00,    0.0000000000E+00,    0.0000000000E+00,    3.3025275661E+02
    194550,      0.676962,CP8_after_OBC,   1,    0.0000000000E+00,    3.3025275661E+02,    3.3025275661E+02,    0.0000000000E+00,    0.0000000000E+00,    0.0000000000E+00,    3.3025275661E+02
    194550,      0.676962,CP9_after_PTsource,   1,    0.0000000000E+00,    3.3025275661E+02,    3.3025275661E+02,    0.0000000000E+00,    0.0000000000E+00,    0.0000000000E+00,    3.3025275661E+02
    194550,      0.676962,CP10_after_neg_clamp,   1,    0.0000000000E+00,    3.3025275661E+02,    3.3025275661E+02,    0.0000000000E+00,    0.0000000000E+00,    0.0000000000E+00,    3.3025275661E+02
    194550,      0.676962,CP11_after_MPI,   1,    0.0000000000E+00,    3.3025275661E+02,    3.3025275661E+02,    0.0000000000E+00,    0.0000000000E+00,    0.0000000000E+00,    3.3025275661E+02
    194550,      0.676962,CP12_end,   1,    0.0000000000E+00,    3.3025275661E+02,    3.3025275661E+02,    0.0000000000E+00,    0.0000000000E+00,    0.0000000000E+00,    3.3025275661E+02
    194600,      0.676962,CP0_start,   1,    0.0000000000E+00,    3.3044783554E+02,    3.3044783554E+02,    0.0000000000E+00,    0.0000000000E+00,    0.0000000000E+00,    3.3044783554E+02
    194600,      0.676962,CP1_after_deposition,   1,    0.0000000000E+00,    3.3044783554E+02,    3.3044783554E+02,    0.0000000000E+00,    0.0000000000E+00,    0.0000000000E+00,    3.3044783554E+02
    194600,      0.676962,CP2_after_erosion,   1,    0.0000000000E+00,    3.3044783554E+02,    3.3044783554E+02,    0.0000000000E+00,    0.0000000000E+00,    0.0000000000E+00,    3.3044783554E+02
    194600,      0.676962,CP3_after_update_bottom,   1,    0.0000000000E+00,    3.3044783554E+02,    3.3044783554E+02,    0.0000000000E+00,    0.0000000000E+00,    0.0000000000E+00,    3.3044783554E+02
    194600,      0.676962,CP4_after_advection,   1,    0.0000000000E+00,    3.3045800411E+02,    3.3045800411E+02,    0.0000000000E+00,    0.0000000000E+00,    0.0000000000E+00,    3.3045800411E+02
    194600,      0.676962,CP5_after_vdif,   1,    0.0000000000E+00,    3.3045800411E+02,    3.3045800411E+02,    0.0000000000E+00,    0.0000000000E+00,    0.0000000000E+00,    3.3045800411E+02
    194600,      0.676962,CP6_after_kinetics,   1,    0.0000000000E+00,    3.3045800411E+02,    3.3045800411E+02,    0.0000000000E+00,    0.0000000000E+00,    0.0000000000E+00,    3.3045800411E+02
    194600,      0.676962,CP7_after_upper_clamp,   1,    0.0000000000E+00,    3.3045800411E+02,    3.3045800411E+02,    0.0000000000E+00,    0.0000000000E+00,    0.0000000000E+00,    3.3045800411E+02
    194600,      0.676962,CP8_after_OBC,   1,    0.0000000000E+00,    3.3045800411E+02,    3.3045800411E+02,    0.0000000000E+00,    0.0000000000E+00,    0.0000000000E+00,    3.3045800411E+02
    194600,      0.676962,CP9_after_PTsource,   1,    0.0000000000E+00,    3.3045800411E+02,    3.3045800411E+02,    0.0000000000E+00,    0.0000000000E+00,    0.0000000000E+00,    3.3045800411E+02
    194600,      0.676962,CP10_after_neg_clamp,   1,    0.0000000000E+00,    3.3045800411E+02,    3.3045800411E+02,    0.0000000000E+00,    0.0000000000E+00,    0.0000000000E+00,    3.3045800411E+02
    194600,      0.676962,CP11_after_MPI,   1,    0.0000000000E+00,    3.3045800411E+02,    3.3045800411E+02,    0.0000000000E+00,    0.0000000000E+00,    0.0000000000E+00,    3.3045800411E+02
    194600,      0.676962,CP12_end,   1,    0.0000000000E+00,    3.3045800411E+02,    3.3045800411E+02,    0.0000000000E+00,    0.0000000000E+00,    0.0000000000E+00,    3.3045800411E+02
    194650,      0.676962,CP0_start,   1,    0.0000000000E+00,    3.3065385932E+02,    3.3065385932E+02,    0.0000000000E+00,    0.0000000000E+00,    0.0000000000E+00,    3.3065385932E+02
    194650,      0.676962,CP1_after_deposition,   1,    0.0000000000E+00,    3.3065385932E+02,    3.3065385932E+02,    0.0000000000E+00,    0.0000000000E+00,    0.0000000000E+00,    3.3065385932E+02
    194650,      0.676962,CP2_after_erosion,   1,    0.0000000000E+00,    3.3065385932E+02,    3.3065385932E+02,    0.0000000000E+00,    0.0000000000E+00,    0.0000000000E+00,    3.3065385932E+02
    194650,      0.676962,CP3_after_update_bottom,   1,    0.0000000000E+00,    3.3065385932E+02,    3.3065385932E+02,    0.0000000000E+00,    0.0000000000E+00,    0.0000000000E+00,    3.3065385932E+02
    194650,      0.676962,CP4_after_advection,   1,    0.0000000000E+00,    3.3066398286E+02,    3.3066398286E+02,    0.0000000000E+00,    0.0000000000E+00,    0.0000000000E+00,    3.3066398286E+02
    194650,      0.676962,CP5_after_vdif,   1,    0.0000000000E+00,    3.3066398286E+02,    3.3066398286E+02,    0.0000000000E+00,    0.0000000000E+00,    0.0000000000E+00,    3.3066398286E+02
    194650,      0.676962,CP6_after_kinetics,   1,    0.0000000000E+00,    3.3066398286E+02,    3.3066398286E+02,    0.0000000000E+00,    0.0000000000E+00,    0.0000000000E+00,    3.3066398286E+02
    194650,      0.676962,CP7_after_upper_clamp,   1,    0.0000000000E+00,    3.3066398286E+02,    3.3066398286E+02,    0.0000000000E+00,    0.0000000000E+00,    0.0000000000E+00,    3.3066398286E+02
    194650,      0.676962,CP8_after_OBC,   1,    0.0000000000E+00,    3.3066398286E+02,    3.3066398286E+02,    0.0000000000E+00,    0.0000000000E+00,    0.0000000000E+00,    3.3066398286E+02
    194650,      0.676962,CP9_after_PTsource,   1,    0.0000000000E+00,    3.3066398286E+02,    3.3066398286E+02,    0.0000000000E+00,    0.0000000000E+00,    0.0000000000E+00,    3.3066398286E+02
    194650,      0.676962,CP10_after_neg_clamp,   1,    0.0000000000E+00,    3.3066398286E+02,    3.3066398286E+02,    0.0000000000E+00,    0.0000000000E+00,    0.0000000000E+00,    3.3066398286E+02
    194650,      0.676962,CP11_after_MPI,   1,    0.0000000000E+00,    3.3066398286E+02,    3.3066398286E+02,    0.0000000000E+00,    0.0000000000E+00,    0.0000000000E+00,    3.3066398286E+02
    194650,      0.676962,CP12_end,   1,    0.0000000000E+00,    3.3066398286E+02,    3.3066398286E+02,    0.0000000000E+00,    0.0000000000E+00,    0.0000000000E+00,    3.3066398286E+02
    194700,      0.676962,CP0_start,   1,    0.0000000000E+00,    3.3086023151E+02,    3.3086023151E+02,    0.0000000000E+00,    0.0000000000E+00,    0.0000000000E+00,    3.3086023151E+02
    194700,      0.676962,CP1_after_deposition,   1,    0.0000000000E+00,    3.3086023151E+02,    3.3086023151E+02,    0.0000000000E+00,    0.0000000000E+00,    0.0000000000E+00,    3.3086023151E+02
    194700,      0.676962,CP2_after_erosion,   1,    0.0000000000E+00,    3.3086023151E+02,    3.3086023151E+02,    0.0000000000E+00,    0.0000000000E+00,    0.0000000000E+00,    3.3086023151E+02
    194700,      0.676962,CP3_after_update_bottom,   1,    0.0000000000E+00,    3.3086023151E+02,    3.3086023151E+02,    0.0000000000E+00,    0.0000000000E+00,    0.0000000000E+00,    3.3086023151E+02
    194700,      0.676962,CP4_after_advection,   1,    0.0000000000E+00,    3.3087030176E+02,    3.3087030176E+02,    0.0000000000E+00,    0.0000000000E+00,    0.0000000000E+00,    3.3087030176E+02
    194700,      0.676962,CP5_after_vdif,   1,    0.0000000000E+00,    3.3087030176E+02,    3.3087030176E+02,    0.0000000000E+00,    0.0000000000E+00,    0.0000000000E+00,    3.3087030176E+02
    194700,      0.676962,CP6_after_kinetics,   1,    0.0000000000E+00,    3.3087030176E+02,    3.3087030176E+02,    0.0000000000E+00,    0.0000000000E+00,    0.0000000000E+00,    3.3087030176E+02
    194700,      0.676962,CP7_after_upper_clamp,   1,    0.0000000000E+00,    3.3087030176E+02,    3.3087030176E+02,    0.0000000000E+00,    0.0000000000E+00,    0.0000000000E+00,    3.3087030176E+02
    194700,      0.676962,CP8_after_OBC,   1,    0.0000000000E+00,    3.3087030176E+02,    3.3087030176E+02,    0.0000000000E+00,    0.0000000000E+00,    0.0000000000E+00,    3.3087030176E+02
    194700,      0.676962,CP9_after_PTsource,   1,    0.0000000000E+00,    3.3087030176E+02,    3.3087030176E+02,    0.0000000000E+00,    0.0000000000E+00,    0.0000000000E+00,    3.3087030176E+02
    194700,      0.676962,CP10_after_neg_clamp,   1,    0.0000000000E+00,    3.3087030176E+02,    3.3087030176E+02,    0.0000000000E+00,    0.0000000000E+00,    0.0000000000E+00,    3.3087030176E+02
    194700,      0.676962,CP11_after_MPI,   1,    0.0000000000E+00,    3.3087030176E+02,    3.3087030176E+02,    0.0000000000E+00,    0.0000000000E+00,    0.0000000000E+00,    3.3087030176E+02
    194700,      0.676962,CP12_end,   1,    0.0000000000E+00,    3.3087030176E+02,    3.3087030176E+02,    0.0000000000E+00,    0.0000000000E+00,    0.0000000000E+00,    3.3087030176E+02
    194750,      0.676962,CP0_start,   1,    0.0000000000E+00,    3.3106673366E+02,    3.3106673366E+02,    0.0000000000E+00,    0.0000000000E+00,    0.0000000000E+00,    3.3106673366E+02
    194750,      0.676962,CP1_after_deposition,   1,    0.0000000000E+00,    3.3106673366E+02,    3.3106673366E+02,    0.0000000000E+00,    0.0000000000E+00,    0.0000000000E+00,    3.3106673366E+02
    194750,      0.676962,CP2_after_erosion,   1,    0.0000000000E+00,    3.3106673366E+02,    3.3106673366E+02,    0.0000000000E+00,    0.0000000000E+00,    0.0000000000E+00,    3.3106673366E+02
    194750,      0.676962,CP3_after_update_bottom,   1,    0.0000000000E+00,    3.3106673366E+02,    3.3106673366E+02,    0.0000000000E+00,    0.0000000000E+00,    0.0000000000E+00,    3.3106673366E+02
    194750,      0.676962,CP4_after_advection,   1,    0.0000000000E+00,    3.3107674683E+02,    3.3107674683E+02,    0.0000000000E+00,    0.0000000000E+00,    0.0000000000E+00,    3.3107674683E+02
    194750,      0.676962,CP5_after_vdif,   1,    0.0000000000E+00,    3.3107674683E+02,    3.3107674683E+02,    0.0000000000E+00,    0.0000000000E+00,    0.0000000000E+00,    3.3107674683E+02
    194750,      0.676962,CP6_after_kinetics,   1,    0.0000000000E+00,    3.3107674683E+02,    3.3107674683E+02,    0.0000000000E+00,    0.0000000000E+00,    0.0000000000E+00,    3.3107674683E+02
    194750,      0.676962,CP7_after_upper_clamp,   1,    0.0000000000E+00,    3.3107674683E+02,    3.3107674683E+02,    0.0000000000E+00,    0.0000000000E+00,    0.0000000000E+00,    3.3107674683E+02
    194750,      0.676962,CP8_after_OBC,   1,    0.0000000000E+00,    3.3107674683E+02,    3.3107674683E+02,    0.0000000000E+00,    0.0000000000E+00,    0.0000000000E+00,    3.3107674683E+02
    194750,      0.676962,CP9_after_PTsource,   1,    0.0000000000E+00,    3.3107674683E+02,    3.3107674683E+02,    0.0000000000E+00,    0.0000000000E+00,    0.0000000000E+00,    3.3107674683E+02
    194750,      0.676962,CP10_after_neg_clamp,   1,    0.0000000000E+00,    3.3107674683E+02,    3.3107674683E+02,    0.0000000000E+00,    0.0000000000E+00,    0.0000000000E+00,    3.3107674683E+02
    194750,      0.676962,CP11_after_MPI,   1,    0.0000000000E+00,    3.3107674683E+02,    3.3107674683E+02,    0.0000000000E+00,    0.0000000000E+00,    0.0000000000E+00,    3.3107674683E+02
    194750,      0.676962,CP12_end,   1,    0.0000000000E+00,    3.3107674683E+02,    3.3107674683E+02,    0.0000000000E+00,    0.0000000000E+00,    0.0000000000E+00,    3.3107674683E+02
    194800,      0.676962,CP0_start,   1,    0.0000000000E+00,    3.3127328461E+02,    3.3127328461E+02,    0.0000000000E+00,    0.0000000000E+00,    0.0000000000E+00,    3.3127328461E+02
    194800,      0.676962,CP1_after_deposition,   1,    0.0000000000E+00,    3.3127328461E+02,    3.3127328461E+02,    0.0000000000E+00,    0.0000000000E+00,    0.0000000000E+00,    3.3127328461E+02
    194800,      0.676962,CP2_after_erosion,   1,    0.0000000000E+00,    3.3127328461E+02,    3.3127328461E+02,    0.0000000000E+00,    0.0000000000E+00,    0.0000000000E+00,    3.3127328461E+02
    194800,      0.676962,CP3_after_update_bottom,   1,    0.0000000000E+00,    3.3127328461E+02,    3.3127328461E+02,    0.0000000000E+00,    0.0000000000E+00,    0.0000000000E+00,    3.3127328461E+02
    194800,      0.676962,CP4_after_advection,   1,    0.0000000000E+00,    3.3128324352E+02,    3.3128324352E+02,    0.0000000000E+00,    0.0000000000E+00,    0.0000000000E+00,    3.3128324352E+02
    194800,      0.676962,CP5_after_vdif,   1,    0.0000000000E+00,    3.3128324352E+02,    3.3128324352E+02,    0.0000000000E+00,    0.0000000000E+00,    0.0000000000E+00,    3.3128324352E+02
    194800,      0.676962,CP6_after_kinetics,   1,    0.0000000000E+00,    3.3128324352E+02,    3.3128324352E+02,    0.0000000000E+00,    0.0000000000E+00,    0.0000000000E+00,    3.3128324352E+02
    194800,      0.676962,CP7_after_upper_clamp,   1,    0.0000000000E+00,    3.3128324352E+02,    3.3128324352E+02,    0.0000000000E+00,    0.0000000000E+00,    0.0000000000E+00,    3.3128324352E+02
    194800,      0.676962,CP8_after_OBC,   1,    0.0000000000E+00,    3.3128324352E+02,    3.3128324352E+02,    0.0000000000E+00,    0.0000000000E+00,    0.0000000000E+00,    3.3128324352E+02
    194800,      0.676962,CP9_after_PTsource,   1,    0.0000000000E+00,    3.3128324352E+02,    3.3128324352E+02,    0.0000000000E+00,    0.0000000000E+00,    0.0000000000E+00,    3.3128324352E+02
    194800,      0.676962,CP10_after_neg_clamp,   1,    0.0000000000E+00,    3.3128324352E+02,    3.3128324352E+02,    0.0000000000E+00,    0.0000000000E+00,    0.0000000000E+00,    3.3128324352E+02
    194800,      0.676962,CP11_after_MPI,   1,    0.0000000000E+00,    3.3128324352E+02,    3.3128324352E+02,    0.0000000000E+00,    0.0000000000E+00,    0.0000000000E+00,    3.3128324352E+02
    194800,      0.676962,CP12_end,   1,    0.0000000000E+00,    3.3128324352E+02,    3.3128324352E+02,    0.0000000000E+00,    0.0000000000E+00,    0.0000000000E+00,    3.3128324352E+02
    194850,      0.676962,CP0_start,   1,    0.0000000000E+00,    3.3147986095E+02,    3.3147986095E+02,    0.0000000000E+00,    0.0000000000E+00,    0.0000000000E+00,    3.3147986095E+02
    194850,      0.676962,CP1_after_deposition,   1,    0.0000000000E+00,    3.3147986095E+02,    3.3147986095E+02,    0.0000000000E+00,    0.0000000000E+00,    0.0000000000E+00,    3.3147986095E+02
    194850,      0.676962,CP2_after_erosion,   1,    0.0000000000E+00,    3.3147986095E+02,    3.3147986095E+02,    0.0000000000E+00,    0.0000000000E+00,    0.0000000000E+00,    3.3147986095E+02
    194850,      0.676962,CP3_after_update_bottom,   1,    0.0000000000E+00,    3.3147986095E+02,    3.3147986095E+02,    0.0000000000E+00,    0.0000000000E+00,    0.0000000000E+00,    3.3147986095E+02
    194850,      0.676962,CP4_after_advection,   1,    0.0000000000E+00,    3.3148976667E+02,    3.3148976667E+02,    0.0000000000E+00,    0.0000000000E+00,    0.0000000000E+00,    3.3148976667E+02
    194850,      0.676962,CP5_after_vdif,   1,    0.0000000000E+00,    3.3148976667E+02,    3.3148976667E+02,    0.0000000000E+00,    0.0000000000E+00,    0.0000000000E+00,    3.3148976667E+02
    194850,      0.676962,CP6_after_kinetics,   1,    0.0000000000E+00,    3.3148976667E+02,    3.3148976667E+02,    0.0000000000E+00,    0.0000000000E+00,    0.0000000000E+00,    3.3148976667E+02
    194850,      0.676962,CP7_after_upper_clamp,   1,    0.0000000000E+00,    3.3148976667E+02,    3.3148976667E+02,    0.0000000000E+00,    0.0000000000E+00,    0.0000000000E+00,    3.3148976667E+02
    194850,      0.676962,CP8_after_OBC,   1,    0.0000000000E+00,    3.3148976667E+02,    3.3148976667E+02,    0.0000000000E+00,    0.0000000000E+00,    0.0000000000E+00,    3.3148976667E+02
    194850,      0.676962,CP9_after_PTsource,   1,    0.0000000000E+00,    3.3148976667E+02,    3.3148976667E+02,    0.0000000000E+00,    0.0000000000E+00,    0.0000000000E+00,    3.3148976667E+02
    194850,      0.676962,CP10_after_neg_clamp,   1,    0.0000000000E+00,    3.3148976667E+02,    3.3148976667E+02,    0.0000000000E+00,    0.0000000000E+00,    0.0000000000E+00,    3.3148976667E+02
    194850,      0.676962,CP11_after_MPI,   1,    0.0000000000E+00,    3.3148976667E+02,    3.3148976667E+02,    0.0000000000E+00,    0.0000000000E+00,    0.0000000000E+00,    3.3148976667E+02
    194850,      0.676962,CP12_end,   1,    0.0000000000E+00,    3.3148976667E+02,    3.3148976667E+02,    0.0000000000E+00,    0.0000000000E+00,    0.0000000000E+00,    3.3148976667E+02
    194900,      0.676962,CP0_start,   1,    0.0000000000E+00,    3.3168655549E+02,    3.3168655549E+02,    0.0000000000E+00,    0.0000000000E+00,    0.0000000000E+00,    3.3168655549E+02
    194900,      0.676962,CP1_after_deposition,   1,    0.0000000000E+00,    3.3168655549E+02,    3.3168655549E+02,    0.0000000000E+00,    0.0000000000E+00,    0.0000000000E+00,    3.3168655549E+02
    194900,      0.676962,CP2_after_erosion,   1,    0.0000000000E+00,    3.3168655549E+02,    3.3168655549E+02,    0.0000000000E+00,    0.0000000000E+00,    0.0000000000E+00,    3.3168655549E+02
    194900,      0.676962,CP3_after_update_bottom,   1,    0.0000000000E+00,    3.3168655549E+02,    3.3168655549E+02,    0.0000000000E+00,    0.0000000000E+00,    0.0000000000E+00,    3.3168655549E+02
    194900,      0.676962,CP4_after_advection,   1,    0.0000000000E+00,    3.3169640759E+02,    3.3169640759E+02,    0.0000000000E+00,    0.0000000000E+00,    0.0000000000E+00,    3.3169640759E+02
    194900,      0.676962,CP5_after_vdif,   1,    0.0000000000E+00,    3.3169640759E+02,    3.3169640759E+02,    0.0000000000E+00,    0.0000000000E+00,    0.0000000000E+00,    3.3169640759E+02
    194900,      0.676962,CP6_after_kinetics,   1,    0.0000000000E+00,    3.3169640759E+02,    3.3169640759E+02,    0.0000000000E+00,    0.0000000000E+00,    0.0000000000E+00,    3.3169640759E+02
    194900,      0.676962,CP7_after_upper_clamp,   1,    0.0000000000E+00,    3.3169640759E+02,    3.3169640759E+02,    0.0000000000E+00,    0.0000000000E+00,    0.0000000000E+00,    3.3169640759E+02
    194900,      0.676962,CP8_after_OBC,   1,    0.0000000000E+00,    3.3169640759E+02,    3.3169640759E+02,    0.0000000000E+00,    0.0000000000E+00,    0.0000000000E+00,    3.3169640759E+02
    194900,      0.676962,CP9_after_PTsource,   1,    0.0000000000E+00,    3.3169640759E+02,    3.3169640759E+02,    0.0000000000E+00,    0.0000000000E+00,    0.0000000000E+00,    3.3169640759E+02
    194900,      0.676962,CP10_after_neg_clamp,   1,    0.0000000000E+00,    3.3169640759E+02,    3.3169640759E+02,    0.0000000000E+00,    0.0000000000E+00,    0.0000000000E+00,    3.3169640759E+02
    194900,      0.676962,CP11_after_MPI,   1,    0.0000000000E+00,    3.3169640759E+02,    3.3169640759E+02,    0.0000000000E+00,    0.0000000000E+00,    0.0000000000E+00,    3.3169640759E+02
    194900,      0.676962,CP12_end,   1,    0.0000000000E+00,    3.3169640759E+02,    3.3169640759E+02,    0.0000000000E+00,    0.0000000000E+00,    0.0000000000E+00,    3.3169640759E+02
    194950,      0.676962,CP0_start,   1,    0.0000000000E+00,    3.3189358312E+02,    3.3189358312E+02,    0.0000000000E+00,    0.0000000000E+00,    0.0000000000E+00,    3.3189358312E+02
    194950,      0.676962,CP1_after_deposition,   1,    0.0000000000E+00,    3.3189358312E+02,    3.3189358312E+02,    0.0000000000E+00,    0.0000000000E+00,    0.0000000000E+00,    3.3189358312E+02
    194950,      0.676962,CP2_after_erosion,   1,    0.0000000000E+00,    3.3189358312E+02,    3.3189358312E+02,    0.0000000000E+00,    0.0000000000E+00,    0.0000000000E+00,    3.3189358312E+02
    194950,      0.676962,CP3_after_update_bottom,   1,    0.0000000000E+00,    3.3189358312E+02,    3.3189358312E+02,    0.0000000000E+00,    0.0000000000E+00,    0.0000000000E+00,    3.3189358312E+02
    194950,      0.676962,CP4_after_advection,   1,    0.0000000000E+00,    3.3190338209E+02,    3.3190338209E+02,    0.0000000000E+00,    0.0000000000E+00,    0.0000000000E+00,    3.3190338209E+02
    194950,      0.676962,CP5_after_vdif,   1,    0.0000000000E+00,    3.3190338209E+02,    3.3190338209E+02,    0.0000000000E+00,    0.0000000000E+00,    0.0000000000E+00,    3.3190338209E+02
    194950,      0.676962,CP6_after_kinetics,   1,    0.0000000000E+00,    3.3190338209E+02,    3.3190338209E+02,    0.0000000000E+00,    0.0000000000E+00,    0.0000000000E+00,    3.3190338209E+02
    194950,      0.676962,CP7_after_upper_clamp,   1,    0.0000000000E+00,    3.3190338209E+02,    3.3190338209E+02,    0.0000000000E+00,    0.0000000000E+00,    0.0000000000E+00,    3.3190338209E+02
    194950,      0.676962,CP8_after_OBC,   1,    0.0000000000E+00,    3.3190338209E+02,    3.3190338209E+02,    0.0000000000E+00,    0.0000000000E+00,    0.0000000000E+00,    3.3190338209E+02
    194950,      0.676962,CP9_after_PTsource,   1,    0.0000000000E+00,    3.3190338209E+02,    3.3190338209E+02,    0.0000000000E+00,    0.0000000000E+00,    0.0000000000E+00,    3.3190338209E+02
    194950,      0.676962,CP10_after_neg_clamp,   1,    0.0000000000E+00,    3.3190338209E+02,    3.3190338209E+02,    0.0000000000E+00,    0.0000000000E+00,    0.0000000000E+00,    3.3190338209E+02
    194950,      0.676962,CP11_after_MPI,   1,    0.0000000000E+00,    3.3190338209E+02,    3.3190338209E+02,    0.0000000000E+00,    0.0000000000E+00,    0.0000000000E+00,    3.3190338209E+02
    194950,      0.676962,CP12_end,   1,    0.0000000000E+00,    3.3190338209E+02,    3.3190338209E+02,    0.0000000000E+00,    0.0000000000E+00,    0.0000000000E+00,    3.3190338209E+02
    195000,      0.676962,CP0_start,   1,    0.0000000000E+00,    3.3210110435E+02,    3.3210110435E+02,    0.0000000000E+00,    0.0000000000E+00,    0.0000000000E+00,    3.3210110435E+02
    195000,      0.676962,CP1_after_deposition,   1,    0.0000000000E+00,    3.3210110435E+02,    3.3210110435E+02,    0.0000000000E+00,    0.0000000000E+00,    0.0000000000E+00,    3.3210110435E+02
    195000,      0.676962,CP2_after_erosion,   1,    0.0000000000E+00,    3.3210110435E+02,    3.3210110435E+02,    0.0000000000E+00,    0.0000000000E+00,    0.0000000000E+00,    3.3210110435E+02
    195000,      0.676962,CP3_after_update_bottom,   1,    0.0000000000E+00,    3.3210110435E+02,    3.3210110435E+02,    0.0000000000E+00,    0.0000000000E+00,    0.0000000000E+00,    3.3210110435E+02
    195000,      0.676962,CP4_after_advection,   1,    0.0000000000E+00,    3.3211085144E+02,    3.3211085144E+02,    0.0000000000E+00,    0.0000000000E+00,    0.0000000000E+00,    3.3211085144E+02
    195000,      0.676962,CP5_after_vdif,   1,    0.0000000000E+00,    3.3211085144E+02,    3.3211085144E+02,    0.0000000000E+00,    0.0000000000E+00,    0.0000000000E+00,    3.3211085144E+02
    195000,      0.676962,CP6_after_kinetics,   1,    0.0000000000E+00,    3.3211085144E+02,    3.3211085144E+02,    0.0000000000E+00,    0.0000000000E+00,    0.0000000000E+00,    3.3211085144E+02
    195000,      0.676962,CP7_after_upper_clamp,   1,    0.0000000000E+00,    3.3211085144E+02,    3.3211085144E+02,    0.0000000000E+00,    0.0000000000E+00,    0.0000000000E+00,    3.3211085144E+02
    195000,      0.676962,CP8_after_OBC,   1,    0.0000000000E+00,    3.3211085144E+02,    3.3211085144E+02,    0.0000000000E+00,    0.0000000000E+00,    0.0000000000E+00,    3.3211085144E+02
    195000,      0.676962,CP9_after_PTsource,   1,    0.0000000000E+00,    3.3211085144E+02,    3.3211085144E+02,    0.0000000000E+00,    0.0000000000E+00,    0.0000000000E+00,    3.3211085144E+02
    195000,      0.676962,CP10_after_neg_clamp,   1,    0.0000000000E+00,    3.3211085144E+02,    3.3211085144E+02,    0.0000000000E+00,    0.0000000000E+00,    0.0000000000E+00,    3.3211085144E+02
    195000,      0.676962,CP11_after_MPI,   1,    0.0000000000E+00,    3.3211085144E+02,    3.3211085144E+02,    0.0000000000E+00,    0.0000000000E+00,    0.0000000000E+00,    3.3211085144E+02
    195000,      0.676962,CP12_end,   1,    0.0000000000E+00,    3.3211085144E+02,    3.3211085144E+02,    0.0000000000E+00,    0.0000000000E+00,    0.0000000000E+00,    3.3211085144E+02
    195050,      0.676962,CP0_start,   1,    0.0000000000E+00,    3.3230911096E+02,    3.3230911096E+02,    0.0000000000E+00,    0.0000000000E+00,    0.0000000000E+00,    3.3230911096E+02
    195050,      0.676962,CP1_after_deposition,   1,    0.0000000000E+00,    3.3230911096E+02,    3.3230911096E+02,    0.0000000000E+00,    0.0000000000E+00,    0.0000000000E+00,    3.3230911096E+02
    195050,      0.676962,CP2_after_erosion,   1,    0.0000000000E+00,    3.3230911096E+02,    3.3230911096E+02,    0.0000000000E+00,    0.0000000000E+00,    0.0000000000E+00,    3.3230911096E+02
    195050,      0.676962,CP3_after_update_bottom,   1,    0.0000000000E+00,    3.3230911096E+02,    3.3230911096E+02,    0.0000000000E+00,    0.0000000000E+00,    0.0000000000E+00,    3.3230911096E+02
    195050,      0.676962,CP4_after_advection,   1,    0.0000000000E+00,    3.3231880333E+02,    3.3231880333E+02,    0.0000000000E+00,    0.0000000000E+00,    0.0000000000E+00,    3.3231880333E+02
    195050,      0.676962,CP5_after_vdif,   1,    0.0000000000E+00,    3.3231880333E+02,    3.3231880333E+02,    0.0000000000E+00,    0.0000000000E+00,    0.0000000000E+00,    3.3231880333E+02
    195050,      0.676962,CP6_after_kinetics,   1,    0.0000000000E+00,    3.3231880333E+02,    3.3231880333E+02,    0.0000000000E+00,    0.0000000000E+00,    0.0000000000E+00,    3.3231880333E+02
    195050,      0.676962,CP7_after_upper_clamp,   1,    0.0000000000E+00,    3.3231880333E+02,    3.3231880333E+02,    0.0000000000E+00,    0.0000000000E+00,    0.0000000000E+00,    3.3231880333E+02
    195050,      0.676962,CP8_after_OBC,   1,    0.0000000000E+00,    3.3231880333E+02,    3.3231880333E+02,    0.0000000000E+00,    0.0000000000E+00,    0.0000000000E+00,    3.3231880333E+02
    195050,      0.676962,CP9_after_PTsource,   1,    0.0000000000E+00,    3.3231880333E+02,    3.3231880333E+02,    0.0000000000E+00,    0.0000000000E+00,    0.0000000000E+00,    3.3231880333E+02
    195050,      0.676962,CP10_after_neg_clamp,   1,    0.0000000000E+00,    3.3231880333E+02,    3.3231880333E+02,    0.0000000000E+00,    0.0000000000E+00,    0.0000000000E+00,    3.3231880333E+02
    195050,      0.676962,CP11_after_MPI,   1,    0.0000000000E+00,    3.3231880333E+02,    3.3231880333E+02,    0.0000000000E+00,    0.0000000000E+00,    0.0000000000E+00,    3.3231880333E+02
    195050,      0.676962,CP12_end,   1,    0.0000000000E+00,    3.3231880333E+02,    3.3231880333E+02,    0.0000000000E+00,    0.0000000000E+00,    0.0000000000E+00,    3.3231880333E+02
    195100,      0.676962,CP0_start,   1,    0.0000000000E+00,    3.3251739667E+02,    3.3251739667E+02,    0.0000000000E+00,    0.0000000000E+00,    0.0000000000E+00,    3.3251739667E+02
    195100,      0.676962,CP1_after_deposition,   1,    0.0000000000E+00,    3.3251739667E+02,    3.3251739667E+02,    0.0000000000E+00,    0.0000000000E+00,    0.0000000000E+00,    3.3251739667E+02
    195100,      0.676962,CP2_after_erosion,   1,    0.0000000000E+00,    3.3251739667E+02,    3.3251739667E+02,    0.0000000000E+00,    0.0000000000E+00,    0.0000000000E+00,    3.3251739667E+02
    195100,      0.676962,CP3_after_update_bottom,   1,    0.0000000000E+00,    3.3251739667E+02,    3.3251739667E+02,    0.0000000000E+00,    0.0000000000E+00,    0.0000000000E+00,    3.3251739667E+02
    195100,      0.676962,CP4_after_advection,   1,    0.0000000000E+00,    3.3252702823E+02,    3.3252702823E+02,    0.0000000000E+00,    0.0000000000E+00,    0.0000000000E+00,    3.3252702823E+02
    195100,      0.676962,CP5_after_vdif,   1,    0.0000000000E+00,    3.3252702823E+02,    3.3252702823E+02,    0.0000000000E+00,    0.0000000000E+00,    0.0000000000E+00,    3.3252702823E+02
    195100,      0.676962,CP6_after_kinetics,   1,    0.0000000000E+00,    3.3252702823E+02,    3.3252702823E+02,    0.0000000000E+00,    0.0000000000E+00,    0.0000000000E+00,    3.3252702823E+02
    195100,      0.676962,CP7_after_upper_clamp,   1,    0.0000000000E+00,    3.3252702823E+02,    3.3252702823E+02,    0.0000000000E+00,    0.0000000000E+00,    0.0000000000E+00,    3.3252702823E+02
    195100,      0.676962,CP8_after_OBC,   1,    0.0000000000E+00,    3.3252702823E+02,    3.3252702823E+02,    0.0000000000E+00,    0.0000000000E+00,    0.0000000000E+00,    3.3252702823E+02
    195100,      0.676962,CP9_after_PTsource,   1,    0.0000000000E+00,    3.3252702823E+02,    3.3252702823E+02,    0.0000000000E+00,    0.0000000000E+00,    0.0000000000E+00,    3.3252702823E+02
    195100,      0.676962,CP10_after_neg_clamp,   1,    0.0000000000E+00,    3.3252702823E+02,    3.3252702823E+02,    0.0000000000E+00,    0.0000000000E+00,    0.0000000000E+00,    3.3252702823E+02
    195100,      0.676962,CP11_after_MPI,   1,    0.0000000000E+00,    3.3252702823E+02,    3.3252702823E+02,    0.0000000000E+00,    0.0000000000E+00,    0.0000000000E+00,    3.3252702823E+02
    195100,      0.676962,CP12_end,   1,    0.0000000000E+00,    3.3252702823E+02,    3.3252702823E+02,    0.0000000000E+00,    0.0000000000E+00,    0.0000000000E+00,    3.3252702823E+02
    195150,      0.676962,CP0_start,   1,    0.0000000000E+00,    3.3272563161E+02,    3.3272563161E+02,    0.0000000000E+00,    0.0000000000E+00,    0.0000000000E+00,    3.3272563161E+02
    195150,      0.676962,CP1_after_deposition,   1,    0.0000000000E+00,    3.3272563161E+02,    3.3272563161E+02,    0.0000000000E+00,    0.0000000000E+00,    0.0000000000E+00,    3.3272563161E+02
    195150,      0.676962,CP2_after_erosion,   1,    0.0000000000E+00,    3.3272563161E+02,    3.3272563161E+02,    0.0000000000E+00,    0.0000000000E+00,    0.0000000000E+00,    3.3272563161E+02
    195150,      0.676962,CP3_after_update_bottom,   1,    0.0000000000E+00,    3.3272563161E+02,    3.3272563161E+02,    0.0000000000E+00,    0.0000000000E+00,    0.0000000000E+00,    3.3272563161E+02
    195150,      0.676962,CP4_after_advection,   1,    0.0000000000E+00,    3.3273519057E+02,    3.3273519057E+02,    0.0000000000E+00,    0.0000000000E+00,    0.0000000000E+00,    3.3273519057E+02
    195150,      0.676962,CP5_after_vdif,   1,    0.0000000000E+00,    3.3273519057E+02,    3.3273519057E+02,    0.0000000000E+00,    0.0000000000E+00,    0.0000000000E+00,    3.3273519057E+02
    195150,      0.676962,CP6_after_kinetics,   1,    0.0000000000E+00,    3.3273519057E+02,    3.3273519057E+02,    0.0000000000E+00,    0.0000000000E+00,    0.0000000000E+00,    3.3273519057E+02
    195150,      0.676962,CP7_after_upper_clamp,   1,    0.0000000000E+00,    3.3273519057E+02,    3.3273519057E+02,    0.0000000000E+00,    0.0000000000E+00,    0.0000000000E+00,    3.3273519057E+02
    195150,      0.676962,CP8_after_OBC,   1,    0.0000000000E+00,    3.3273519057E+02,    3.3273519057E+02,    0.0000000000E+00,    0.0000000000E+00,    0.0000000000E+00,    3.3273519057E+02
    195150,      0.676962,CP9_after_PTsource,   1,    0.0000000000E+00,    3.3273519057E+02,    3.3273519057E+02,    0.0000000000E+00,    0.0000000000E+00,    0.0000000000E+00,    3.3273519057E+02
    195150,      0.676962,CP10_after_neg_clamp,   1,    0.0000000000E+00,    3.3273519057E+02,    3.3273519057E+02,    0.0000000000E+00,    0.0000000000E+00,    0.0000000000E+00,    3.3273519057E+02
    195150,      0.676962,CP11_after_MPI,   1,    0.0000000000E+00,    3.3273519057E+02,    3.3273519057E+02,    0.0000000000E+00,    0.0000000000E+00,    0.0000000000E+00,    3.3273519057E+02
    195150,      0.676962,CP12_end,   1,    0.0000000000E+00,    3.3273519057E+02,    3.3273519057E+02,    0.0000000000E+00,    0.0000000000E+00,    0.0000000000E+00,    3.3273519057E+02
    195200,      0.676962,CP0_start,   1,    0.0000000000E+00,    3.3293336538E+02,    3.3293336538E+02,    0.0000000000E+00,    0.0000000000E+00,    0.0000000000E+00,    3.3293336538E+02
    195200,      0.676962,CP1_after_deposition,   1,    0.0000000000E+00,    3.3293336538E+02,    3.3293336538E+02,    0.0000000000E+00,    0.0000000000E+00,    0.0000000000E+00,    3.3293336538E+02
    195200,      0.676962,CP2_after_erosion,   1,    0.0000000000E+00,    3.3293336538E+02,    3.3293336538E+02,    0.0000000000E+00,    0.0000000000E+00,    0.0000000000E+00,    3.3293336538E+02
    195200,      0.676962,CP3_after_update_bottom,   1,    0.0000000000E+00,    3.3293336538E+02,    3.3293336538E+02,    0.0000000000E+00,    0.0000000000E+00,    0.0000000000E+00,    3.3293336538E+02
    195200,      0.676962,CP4_after_advection,   1,    0.0000000000E+00,    3.3294284018E+02,    3.3294284018E+02,    0.0000000000E+00,    0.0000000000E+00,    0.0000000000E+00,    3.3294284018E+02
    195200,      0.676962,CP5_after_vdif,   1,    0.0000000000E+00,    3.3294284018E+02,    3.3294284018E+02,    0.0000000000E+00,    0.0000000000E+00,    0.0000000000E+00,    3.3294284018E+02
    195200,      0.676962,CP6_after_kinetics,   1,    0.0000000000E+00,    3.3294284018E+02,    3.3294284018E+02,    0.0000000000E+00,    0.0000000000E+00,    0.0000000000E+00,    3.3294284018E+02
    195200,      0.676962,CP7_after_upper_clamp,   1,    0.0000000000E+00,    3.3294284018E+02,    3.3294284018E+02,    0.0000000000E+00,    0.0000000000E+00,    0.0000000000E+00,    3.3294284018E+02
    195200,      0.676962,CP8_after_OBC,   1,    0.0000000000E+00,    3.3294284018E+02,    3.3294284018E+02,    0.0000000000E+00,    0.0000000000E+00,    0.0000000000E+00,    3.3294284018E+02
    195200,      0.676962,CP9_after_PTsource,   1,    0.0000000000E+00,    3.3294284018E+02,    3.3294284018E+02,    0.0000000000E+00,    0.0000000000E+00,    0.0000000000E+00,    3.3294284018E+02
    195200,      0.676962,CP10_after_neg_clamp,   1,    0.0000000000E+00,    3.3294284018E+02,    3.3294284018E+02,    0.0000000000E+00,    0.0000000000E+00,    0.0000000000E+00,    3.3294284018E+02
    195200,      0.676962,CP11_after_MPI,   1,    0.0000000000E+00,    3.3294284018E+02,    3.3294284018E+02,    0.0000000000E+00,    0.0000000000E+00,    0.0000000000E+00,    3.3294284018E+02
    195200,      0.676962,CP12_end,   1,    0.0000000000E+00,    3.3294284018E+02,    3.3294284018E+02,    0.0000000000E+00,    0.0000000000E+00,    0.0000000000E+00,    3.3294284018E+02
    195250,      0.676962,CP0_start,   1,    0.0000000000E+00,    3.3314015787E+02,    3.3314015787E+02,    0.0000000000E+00,    0.0000000000E+00,    0.0000000000E+00,    3.3314015787E+02
    195250,      0.676962,CP1_after_deposition,   1,    0.0000000000E+00,    3.3314015787E+02,    3.3314015787E+02,    0.0000000000E+00,    0.0000000000E+00,    0.0000000000E+00,    3.3314015787E+02
    195250,      0.676962,CP2_after_erosion,   1,    0.0000000000E+00,    3.3314015787E+02,    3.3314015787E+02,    0.0000000000E+00,    0.0000000000E+00,    0.0000000000E+00,    3.3314015787E+02
    195250,      0.676962,CP3_after_update_bottom,   1,    0.0000000000E+00,    3.3314015787E+02,    3.3314015787E+02,    0.0000000000E+00,    0.0000000000E+00,    0.0000000000E+00,    3.3314015787E+02
    195250,      0.676962,CP4_after_advection,   1,    0.0000000000E+00,    3.3314954083E+02,    3.3314954083E+02,    0.0000000000E+00,    0.0000000000E+00,    0.0000000000E+00,    3.3314954083E+02
    195250,      0.676962,CP5_after_vdif,   1,    0.0000000000E+00,    3.3314954083E+02,    3.3314954083E+02,    0.0000000000E+00,    0.0000000000E+00,    0.0000000000E+00,    3.3314954083E+02
    195250,      0.676962,CP6_after_kinetics,   1,    0.0000000000E+00,    3.3314954083E+02,    3.3314954083E+02,    0.0000000000E+00,    0.0000000000E+00,    0.0000000000E+00,    3.3314954083E+02
    195250,      0.676962,CP7_after_upper_clamp,   1,    0.0000000000E+00,    3.3314954083E+02,    3.3314954083E+02,    0.0000000000E+00,    0.0000000000E+00,    0.0000000000E+00,    3.3314954083E+02
    195250,      0.676962,CP8_after_OBC,   1,    0.0000000000E+00,    3.3314954083E+02,    3.3314954083E+02,    0.0000000000E+00,    0.0000000000E+00,    0.0000000000E+00,    3.3314954083E+02
    195250,      0.676962,CP9_after_PTsource,   1,    0.0000000000E+00,    3.3314954083E+02,    3.3314954083E+02,    0.0000000000E+00,    0.0000000000E+00,    0.0000000000E+00,    3.3314954083E+02
    195250,      0.676962,CP10_after_neg_clamp,   1,    0.0000000000E+00,    3.3314954083E+02,    3.3314954083E+02,    0.0000000000E+00,    0.0000000000E+00,    0.0000000000E+00,    3.3314954083E+02
    195250,      0.676962,CP11_after_MPI,   1,    0.0000000000E+00,    3.3314954083E+02,    3.3314954083E+02,    0.0000000000E+00,    0.0000000000E+00,    0.0000000000E+00,    3.3314954083E+02
    195250,      0.676962,CP12_end,   1,    0.0000000000E+00,    3.3314954083E+02,    3.3314954083E+02,    0.0000000000E+00,    0.0000000000E+00,    0.0000000000E+00,    3.3314954083E+02
    195300,      0.676962,CP0_start,   1,    0.0000000000E+00,    3.3334580106E+02,    3.3334580106E+02,    0.0000000000E+00,    0.0000000000E+00,    0.0000000000E+00,    3.3334580106E+02
    195300,      0.676962,CP1_after_deposition,   1,    0.0000000000E+00,    3.3334580106E+02,    3.3334580106E+02,    0.0000000000E+00,    0.0000000000E+00,    0.0000000000E+00,    3.3334580106E+02
    195300,      0.676962,CP2_after_erosion,   1,    0.0000000000E+00,    3.3334580106E+02,    3.3334580106E+02,    0.0000000000E+00,    0.0000000000E+00,    0.0000000000E+00,    3.3334580106E+02
    195300,      0.676962,CP3_after_update_bottom,   1,    0.0000000000E+00,    3.3334580106E+02,    3.3334580106E+02,    0.0000000000E+00,    0.0000000000E+00,    0.0000000000E+00,    3.3334580106E+02
    195300,      0.676962,CP4_after_advection,   1,    0.0000000000E+00,    3.3335509104E+02,    3.3335509104E+02,    0.0000000000E+00,    0.0000000000E+00,    0.0000000000E+00,    3.3335509104E+02
    195300,      0.676962,CP5_after_vdif,   1,    0.0000000000E+00,    3.3335509104E+02,    3.3335509104E+02,    0.0000000000E+00,    0.0000000000E+00,    0.0000000000E+00,    3.3335509104E+02
    195300,      0.676962,CP6_after_kinetics,   1,    0.0000000000E+00,    3.3335509104E+02,    3.3335509104E+02,    0.0000000000E+00,    0.0000000000E+00,    0.0000000000E+00,    3.3335509104E+02
    195300,      0.676962,CP7_after_upper_clamp,   1,    0.0000000000E+00,    3.3335509104E+02,    3.3335509104E+02,    0.0000000000E+00,    0.0000000000E+00,    0.0000000000E+00,    3.3335509104E+02
    195300,      0.676962,CP8_after_OBC,   1,    0.0000000000E+00,    3.3335509104E+02,    3.3335509104E+02,    0.0000000000E+00,    0.0000000000E+00,    0.0000000000E+00,    3.3335509104E+02
    195300,      0.676962,CP9_after_PTsource,   1,    0.0000000000E+00,    3.3335509104E+02,    3.3335509104E+02,    0.0000000000E+00,    0.0000000000E+00,    0.0000000000E+00,    3.3335509104E+02
    195300,      0.676962,CP10_after_neg_clamp,   1,    0.0000000000E+00,    3.3335509104E+02,    3.3335509104E+02,    0.0000000000E+00,    0.0000000000E+00,    0.0000000000E+00,    3.3335509104E+02
    195300,      0.676962,CP11_after_MPI,   1,    0.0000000000E+00,    3.3335509104E+02,    3.3335509104E+02,    0.0000000000E+00,    0.0000000000E+00,    0.0000000000E+00,    3.3335509104E+02
    195300,      0.676962,CP12_end,   1,    0.0000000000E+00,    3.3335509104E+02,    3.3335509104E+02,    0.0000000000E+00,    0.0000000000E+00,    0.0000000000E+00,    3.3335509104E+02
    195350,      0.676962,CP0_start,   1,    0.0000000000E+00,    3.3354933510E+02,    3.3354933510E+02,    0.0000000000E+00,    0.0000000000E+00,    0.0000000000E+00,    3.3354933510E+02
    195350,      0.676962,CP1_after_deposition,   1,    0.0000000000E+00,    3.3354933510E+02,    3.3354933510E+02,    0.0000000000E+00,    0.0000000000E+00,    0.0000000000E+00,    3.3354933510E+02
    195350,      0.676962,CP2_after_erosion,   1,    0.0000000000E+00,    3.3354933510E+02,    3.3354933510E+02,    0.0000000000E+00,    0.0000000000E+00,    0.0000000000E+00,    3.3354933510E+02
    195350,      0.676962,CP3_after_update_bottom,   1,    0.0000000000E+00,    3.3354933510E+02,    3.3354933510E+02,    0.0000000000E+00,    0.0000000000E+00,    0.0000000000E+00,    3.3354933510E+02
    195350,      0.676962,CP4_after_advection,   1,    0.0000000000E+00,    3.3355853352E+02,    3.3355853352E+02,    0.0000000000E+00,    0.0000000000E+00,    0.0000000000E+00,    3.3355853352E+02
    195350,      0.676962,CP5_after_vdif,   1,    0.0000000000E+00,    3.3355853352E+02,    3.3355853352E+02,    0.0000000000E+00,    0.0000000000E+00,    0.0000000000E+00,    3.3355853352E+02
    195350,      0.676962,CP6_after_kinetics,   1,    0.0000000000E+00,    3.3355853352E+02,    3.3355853352E+02,    0.0000000000E+00,    0.0000000000E+00,    0.0000000000E+00,    3.3355853352E+02
    195350,      0.676962,CP7_after_upper_clamp,   1,    0.0000000000E+00,    3.3355853352E+02,    3.3355853352E+02,    0.0000000000E+00,    0.0000000000E+00,    0.0000000000E+00,    3.3355853352E+02
    195350,      0.676962,CP8_after_OBC,   1,    0.0000000000E+00,    3.3355853352E+02,    3.3355853352E+02,    0.0000000000E+00,    0.0000000000E+00,    0.0000000000E+00,    3.3355853352E+02
    195350,      0.676962,CP9_after_PTsource,   1,    0.0000000000E+00,    3.3355853352E+02,    3.3355853352E+02,    0.0000000000E+00,    0.0000000000E+00,    0.0000000000E+00,    3.3355853352E+02
    195350,      0.676962,CP10_after_neg_clamp,   1,    0.0000000000E+00,    3.3355853352E+02,    3.3355853352E+02,    0.0000000000E+00,    0.0000000000E+00,    0.0000000000E+00,    3.3355853352E+02
    195350,      0.676962,CP11_after_MPI,   1,    0.0000000000E+00,    3.3355853352E+02,    3.3355853352E+02,    0.0000000000E+00,    0.0000000000E+00,    0.0000000000E+00,    3.3355853352E+02
    195350,      0.676962,CP12_end,   1,    0.0000000000E+00,    3.3355853352E+02,    3.3355853352E+02,    0.0000000000E+00,    0.0000000000E+00,    0.0000000000E+00,    3.3355853352E+02
    195400,      0.676962,CP0_start,   1,    0.0000000000E+00,    3.3375201283E+02,    3.3375201283E+02,    0.0000000000E+00,    0.0000000000E+00,    0.0000000000E+00,    3.3375201283E+02
    195400,      0.676962,CP1_after_deposition,   1,    0.0000000000E+00,    3.3375201283E+02,    3.3375201283E+02,    0.0000000000E+00,    0.0000000000E+00,    0.0000000000E+00,    3.3375201283E+02
    195400,      0.676962,CP2_after_erosion,   1,    0.0000000000E+00,    3.3375201283E+02,    3.3375201283E+02,    0.0000000000E+00,    0.0000000000E+00,    0.0000000000E+00,    3.3375201283E+02
    195400,      0.676962,CP3_after_update_bottom,   1,    0.0000000000E+00,    3.3375201283E+02,    3.3375201283E+02,    0.0000000000E+00,    0.0000000000E+00,    0.0000000000E+00,    3.3375201283E+02
    195400,      0.676962,CP4_after_advection,   1,    0.0000000000E+00,    3.3376112307E+02,    3.3376112307E+02,    0.0000000000E+00,    0.0000000000E+00,    0.0000000000E+00,    3.3376112307E+02
    195400,      0.676962,CP5_after_vdif,   1,    0.0000000000E+00,    3.3376112307E+02,    3.3376112307E+02,    0.0000000000E+00,    0.0000000000E+00,    0.0000000000E+00,    3.3376112307E+02
    195400,      0.676962,CP6_after_kinetics,   1,    0.0000000000E+00,    3.3376112307E+02,    3.3376112307E+02,    0.0000000000E+00,    0.0000000000E+00,    0.0000000000E+00,    3.3376112307E+02
    195400,      0.676962,CP7_after_upper_clamp,   1,    0.0000000000E+00,    3.3376112307E+02,    3.3376112307E+02,    0.0000000000E+00,    0.0000000000E+00,    0.0000000000E+00,    3.3376112307E+02
    195400,      0.676962,CP8_after_OBC,   1,    0.0000000000E+00,    3.3376112307E+02,    3.3376112307E+02,    0.0000000000E+00,    0.0000000000E+00,    0.0000000000E+00,    3.3376112307E+02
    195400,      0.676962,CP9_after_PTsource,   1,    0.0000000000E+00,    3.3376112307E+02,    3.3376112307E+02,    0.0000000000E+00,    0.0000000000E+00,    0.0000000000E+00,    3.3376112307E+02
    195400,      0.676962,CP10_after_neg_clamp,   1,    0.0000000000E+00,    3.3376112307E+02,    3.3376112307E+02,    0.0000000000E+00,    0.0000000000E+00,    0.0000000000E+00,    3.3376112307E+02
    195400,      0.676962,CP11_after_MPI,   1,    0.0000000000E+00,    3.3376112307E+02,    3.3376112307E+02,    0.0000000000E+00,    0.0000000000E+00,    0.0000000000E+00,    3.3376112307E+02
    195400,      0.676962,CP12_end,   1,    0.0000000000E+00,    3.3376112307E+02,    3.3376112307E+02,    0.0000000000E+00,    0.0000000000E+00,    0.0000000000E+00,    3.3376112307E+02
    195450,      0.676962,CP0_start,   1,    0.0000000000E+00,    3.3395419319E+02,    3.3395419319E+02,    0.0000000000E+00,    0.0000000000E+00,    0.0000000000E+00,    3.3395419319E+02
    195450,      0.676962,CP1_after_deposition,   1,    0.0000000000E+00,    3.3395419319E+02,    3.3395419319E+02,    0.0000000000E+00,    0.0000000000E+00,    0.0000000000E+00,    3.3395419319E+02
    195450,      0.676962,CP2_after_erosion,   1,    0.0000000000E+00,    3.3395419319E+02,    3.3395419319E+02,    0.0000000000E+00,    0.0000000000E+00,    0.0000000000E+00,    3.3395419319E+02
    195450,      0.676962,CP3_after_update_bottom,   1,    0.0000000000E+00,    3.3395419319E+02,    3.3395419319E+02,    0.0000000000E+00,    0.0000000000E+00,    0.0000000000E+00,    3.3395419319E+02
    195450,      0.676962,CP4_after_advection,   1,    0.0000000000E+00,    3.3396322155E+02,    3.3396322155E+02,    0.0000000000E+00,    0.0000000000E+00,    0.0000000000E+00,    3.3396322155E+02
    195450,      0.676962,CP5_after_vdif,   1,    0.0000000000E+00,    3.3396322155E+02,    3.3396322155E+02,    0.0000000000E+00,    0.0000000000E+00,    0.0000000000E+00,    3.3396322155E+02
    195450,      0.676962,CP6_after_kinetics,   1,    0.0000000000E+00,    3.3396322155E+02,    3.3396322155E+02,    0.0000000000E+00,    0.0000000000E+00,    0.0000000000E+00,    3.3396322155E+02
    195450,      0.676962,CP7_after_upper_clamp,   1,    0.0000000000E+00,    3.3396322155E+02,    3.3396322155E+02,    0.0000000000E+00,    0.0000000000E+00,    0.0000000000E+00,    3.3396322155E+02
    195450,      0.676962,CP8_after_OBC,   1,    0.0000000000E+00,    3.3396322155E+02,    3.3396322155E+02,    0.0000000000E+00,    0.0000000000E+00,    0.0000000000E+00,    3.3396322155E+02
    195450,      0.676962,CP9_after_PTsource,   1,    0.0000000000E+00,    3.3396322155E+02,    3.3396322155E+02,    0.0000000000E+00,    0.0000000000E+00,    0.0000000000E+00,    3.3396322155E+02
    195450,      0.676962,CP10_after_neg_clamp,   1,    0.0000000000E+00,    3.3396322155E+02,    3.3396322155E+02,    0.0000000000E+00,    0.0000000000E+00,    0.0000000000E+00,    3.3396322155E+02
    195450,      0.676962,CP11_after_MPI,   1,    0.0000000000E+00,    3.3396322155E+02,    3.3396322155E+02,    0.0000000000E+00,    0.0000000000E+00,    0.0000000000E+00,    3.3396322155E+02
    195450,      0.676962,CP12_end,   1,    0.0000000000E+00,    3.3396322155E+02,    3.3396322155E+02,    0.0000000000E+00,    0.0000000000E+00,    0.0000000000E+00,    3.3396322155E+02
    195500,      0.676962,CP0_start,   1,    0.0000000000E+00,    3.3415609710E+02,    3.3415609710E+02,    0.0000000000E+00,    0.0000000000E+00,    0.0000000000E+00,    3.3415609710E+02
    195500,      0.676962,CP1_after_deposition,   1,    0.0000000000E+00,    3.3415609710E+02,    3.3415609710E+02,    0.0000000000E+00,    0.0000000000E+00,    0.0000000000E+00,    3.3415609710E+02
    195500,      0.676962,CP2_after_erosion,   1,    0.0000000000E+00,    3.3415609710E+02,    3.3415609710E+02,    0.0000000000E+00,    0.0000000000E+00,    0.0000000000E+00,    3.3415609710E+02
    195500,      0.676962,CP3_after_update_bottom,   1,    0.0000000000E+00,    3.3415609710E+02,    3.3415609710E+02,    0.0000000000E+00,    0.0000000000E+00,    0.0000000000E+00,    3.3415609710E+02
    195500,      0.676962,CP4_after_advection,   1,    0.0000000000E+00,    3.3416504046E+02,    3.3416504046E+02,    0.0000000000E+00,    0.0000000000E+00,    0.0000000000E+00,    3.3416504046E+02
    195500,      0.676962,CP5_after_vdif,   1,    0.0000000000E+00,    3.3416504046E+02,    3.3416504046E+02,    0.0000000000E+00,    0.0000000000E+00,    0.0000000000E+00,    3.3416504046E+02
    195500,      0.676962,CP6_after_kinetics,   1,    0.0000000000E+00,    3.3416504046E+02,    3.3416504046E+02,    0.0000000000E+00,    0.0000000000E+00,    0.0000000000E+00,    3.3416504046E+02
    195500,      0.676962,CP7_after_upper_clamp,   1,    0.0000000000E+00,    3.3416504046E+02,    3.3416504046E+02,    0.0000000000E+00,    0.0000000000E+00,    0.0000000000E+00,    3.3416504046E+02
    195500,      0.676962,CP8_after_OBC,   1,    0.0000000000E+00,    3.3416504046E+02,    3.3416504046E+02,    0.0000000000E+00,    0.0000000000E+00,    0.0000000000E+00,    3.3416504046E+02
    195500,      0.676962,CP9_after_PTsource,   1,    0.0000000000E+00,    3.3416504046E+02,    3.3416504046E+02,    0.0000000000E+00,    0.0000000000E+00,    0.0000000000E+00,    3.3416504046E+02
    195500,      0.676962,CP10_after_neg_clamp,   1,    0.0000000000E+00,    3.3416504046E+02,    3.3416504046E+02,    0.0000000000E+00,    0.0000000000E+00,    0.0000000000E+00,    3.3416504046E+02
    195500,      0.676962,CP11_after_MPI,   1,    0.0000000000E+00,    3.3416504046E+02,    3.3416504046E+02,    0.0000000000E+00,    0.0000000000E+00,    0.0000000000E+00,    3.3416504046E+02
    195500,      0.676962,CP12_end,   1,    0.0000000000E+00,    3.3416504046E+02,    3.3416504046E+02,    0.0000000000E+00,    0.0000000000E+00,    0.0000000000E+00,    3.3416504046E+02
    195550,      0.676962,CP0_start,   1,    0.0000000000E+00,    3.3435771911E+02,    3.3435771911E+02,    0.0000000000E+00,    0.0000000000E+00,    0.0000000000E+00,    3.3435771911E+02
    195550,      0.676962,CP1_after_deposition,   1,    0.0000000000E+00,    3.3435771911E+02,    3.3435771911E+02,    0.0000000000E+00,    0.0000000000E+00,    0.0000000000E+00,    3.3435771911E+02
    195550,      0.676962,CP2_after_erosion,   1,    0.0000000000E+00,    3.3435771911E+02,    3.3435771911E+02,    0.0000000000E+00,    0.0000000000E+00,    0.0000000000E+00,    3.3435771911E+02
    195550,      0.676962,CP3_after_update_bottom,   1,    0.0000000000E+00,    3.3435771911E+02,    3.3435771911E+02,    0.0000000000E+00,    0.0000000000E+00,    0.0000000000E+00,    3.3435771911E+02
    195550,      0.676962,CP4_after_advection,   1,    0.0000000000E+00,    3.3436657534E+02,    3.3436657534E+02,    0.0000000000E+00,    0.0000000000E+00,    0.0000000000E+00,    3.3436657534E+02
    195550,      0.676962,CP5_after_vdif,   1,    0.0000000000E+00,    3.3436657534E+02,    3.3436657534E+02,    0.0000000000E+00,    0.0000000000E+00,    0.0000000000E+00,    3.3436657534E+02
    195550,      0.676962,CP6_after_kinetics,   1,    0.0000000000E+00,    3.3436657534E+02,    3.3436657534E+02,    0.0000000000E+00,    0.0000000000E+00,    0.0000000000E+00,    3.3436657534E+02
    195550,      0.676962,CP7_after_upper_clamp,   1,    0.0000000000E+00,    3.3436657534E+02,    3.3436657534E+02,    0.0000000000E+00,    0.0000000000E+00,    0.0000000000E+00,    3.3436657534E+02
    195550,      0.676962,CP8_after_OBC,   1,    0.0000000000E+00,    3.3436657534E+02,    3.3436657534E+02,    0.0000000000E+00,    0.0000000000E+00,    0.0000000000E+00,    3.3436657534E+02
    195550,      0.676962,CP9_after_PTsource,   1,    0.0000000000E+00,    3.3436657534E+02,    3.3436657534E+02,    0.0000000000E+00,    0.0000000000E+00,    0.0000000000E+00,    3.3436657534E+02
    195550,      0.676962,CP10_after_neg_clamp,   1,    0.0000000000E+00,    3.3436657534E+02,    3.3436657534E+02,    0.0000000000E+00,    0.0000000000E+00,    0.0000000000E+00,    3.3436657534E+02
    195550,      0.676962,CP11_after_MPI,   1,    0.0000000000E+00,    3.3436657534E+02,    3.3436657534E+02,    0.0000000000E+00,    0.0000000000E+00,    0.0000000000E+00,    3.3436657534E+02
    195550,      0.676962,CP12_end,   1,    0.0000000000E+00,    3.3436657534E+02,    3.3436657534E+02,    0.0000000000E+00,    0.0000000000E+00,    0.0000000000E+00,    3.3436657534E+02
    195600,      0.676962,CP0_start,   1,    0.0000000000E+00,    3.3455892506E+02,    3.3455892506E+02,    0.0000000000E+00,    0.0000000000E+00,    0.0000000000E+00,    3.3455892506E+02
    195600,      0.676962,CP1_after_deposition,   1,    0.0000000000E+00,    3.3455892506E+02,    3.3455892506E+02,    0.0000000000E+00,    0.0000000000E+00,    0.0000000000E+00,    3.3455892506E+02
    195600,      0.676962,CP2_after_erosion,   1,    0.0000000000E+00,    3.3455892506E+02,    3.3455892506E+02,    0.0000000000E+00,    0.0000000000E+00,    0.0000000000E+00,    3.3455892506E+02
    195600,      0.676962,CP3_after_update_bottom,   1,    0.0000000000E+00,    3.3455892506E+02,    3.3455892506E+02,    0.0000000000E+00,    0.0000000000E+00,    0.0000000000E+00,    3.3455892506E+02
    195600,      0.676962,CP4_after_advection,   1,    0.0000000000E+00,    3.3456769004E+02,    3.3456769004E+02,    0.0000000000E+00,    0.0000000000E+00,    0.0000000000E+00,    3.3456769004E+02
    195600,      0.676962,CP5_after_vdif,   1,    0.0000000000E+00,    3.3456769004E+02,    3.3456769004E+02,    0.0000000000E+00,    0.0000000000E+00,    0.0000000000E+00,    3.3456769004E+02
    195600,      0.676962,CP6_after_kinetics,   1,    0.0000000000E+00,    3.3456769004E+02,    3.3456769004E+02,    0.0000000000E+00,    0.0000000000E+00,    0.0000000000E+00,    3.3456769004E+02
    195600,      0.676962,CP7_after_upper_clamp,   1,    0.0000000000E+00,    3.3456769004E+02,    3.3456769004E+02,    0.0000000000E+00,    0.0000000000E+00,    0.0000000000E+00,    3.3456769004E+02
    195600,      0.676962,CP8_after_OBC,   1,    0.0000000000E+00,    3.3456769004E+02,    3.3456769004E+02,    0.0000000000E+00,    0.0000000000E+00,    0.0000000000E+00,    3.3456769004E+02
    195600,      0.676962,CP9_after_PTsource,   1,    0.0000000000E+00,    3.3456769004E+02,    3.3456769004E+02,    0.0000000000E+00,    0.0000000000E+00,    0.0000000000E+00,    3.3456769004E+02
    195600,      0.676962,CP10_after_neg_clamp,   1,    0.0000000000E+00,    3.3456769004E+02,    3.3456769004E+02,    0.0000000000E+00,    0.0000000000E+00,    0.0000000000E+00,    3.3456769004E+02
    195600,      0.676962,CP11_after_MPI,   1,    0.0000000000E+00,    3.3456769004E+02,    3.3456769004E+02,    0.0000000000E+00,    0.0000000000E+00,    0.0000000000E+00,    3.3456769004E+02
    195600,      0.676962,CP12_end,   1,    0.0000000000E+00,    3.3456769004E+02,    3.3456769004E+02,    0.0000000000E+00,    0.0000000000E+00,    0.0000000000E+00,    3.3456769004E+02
    195650,      0.676962,CP0_start,   1,    0.0000000000E+00,    3.3475959801E+02,    3.3475959801E+02,    0.0000000000E+00,    0.0000000000E+00,    0.0000000000E+00,    3.3475959801E+02
    195650,      0.676962,CP1_after_deposition,   1,    0.0000000000E+00,    3.3475959801E+02,    3.3475959801E+02,    0.0000000000E+00,    0.0000000000E+00,    0.0000000000E+00,    3.3475959801E+02
    195650,      0.676962,CP2_after_erosion,   1,    0.0000000000E+00,    3.3475959801E+02,    3.3475959801E+02,    0.0000000000E+00,    0.0000000000E+00,    0.0000000000E+00,    3.3475959801E+02
    195650,      0.676962,CP3_after_update_bottom,   1,    0.0000000000E+00,    3.3475959801E+02,    3.3475959801E+02,    0.0000000000E+00,    0.0000000000E+00,    0.0000000000E+00,    3.3475959801E+02
    195650,      0.676962,CP4_after_advection,   1,    0.0000000000E+00,    3.3476826786E+02,    3.3476826786E+02,    0.0000000000E+00,    0.0000000000E+00,    0.0000000000E+00,    3.3476826786E+02
    195650,      0.676962,CP5_after_vdif,   1,    0.0000000000E+00,    3.3476826786E+02,    3.3476826786E+02,    0.0000000000E+00,    0.0000000000E+00,    0.0000000000E+00,    3.3476826786E+02
    195650,      0.676962,CP6_after_kinetics,   1,    0.0000000000E+00,    3.3476826786E+02,    3.3476826786E+02,    0.0000000000E+00,    0.0000000000E+00,    0.0000000000E+00,    3.3476826786E+02
    195650,      0.676962,CP7_after_upper_clamp,   1,    0.0000000000E+00,    3.3476826786E+02,    3.3476826786E+02,    0.0000000000E+00,    0.0000000000E+00,    0.0000000000E+00,    3.3476826786E+02
    195650,      0.676962,CP8_after_OBC,   1,    0.0000000000E+00,    3.3476826786E+02,    3.3476826786E+02,    0.0000000000E+00,    0.0000000000E+00,    0.0000000000E+00,    3.3476826786E+02
    195650,      0.676962,CP9_after_PTsource,   1,    0.0000000000E+00,    3.3476826786E+02,    3.3476826786E+02,    0.0000000000E+00,    0.0000000000E+00,    0.0000000000E+00,    3.3476826786E+02
    195650,      0.676962,CP10_after_neg_clamp,   1,    0.0000000000E+00,    3.3476826786E+02,    3.3476826786E+02,    0.0000000000E+00,    0.0000000000E+00,    0.0000000000E+00,    3.3476826786E+02
    195650,      0.676962,CP11_after_MPI,   1,    0.0000000000E+00,    3.3476826786E+02,    3.3476826786E+02,    0.0000000000E+00,    0.0000000000E+00,    0.0000000000E+00,    3.3476826786E+02
    195650,      0.676962,CP12_end,   1,    0.0000000000E+00,    3.3476826786E+02,    3.3476826786E+02,    0.0000000000E+00,    0.0000000000E+00,    0.0000000000E+00,    3.3476826786E+02
    195700,      0.676962,CP0_start,   1,    0.0000000000E+00,    3.3495975601E+02,    3.3495975601E+02,    0.0000000000E+00,    0.0000000000E+00,    0.0000000000E+00,    3.3495975601E+02
    195700,      0.676962,CP1_after_deposition,   1,    0.0000000000E+00,    3.3495975601E+02,    3.3495975601E+02,    0.0000000000E+00,    0.0000000000E+00,    0.0000000000E+00,    3.3495975601E+02
    195700,      0.676962,CP2_after_erosion,   1,    0.0000000000E+00,    3.3495975601E+02,    3.3495975601E+02,    0.0000000000E+00,    0.0000000000E+00,    0.0000000000E+00,    3.3495975601E+02
    195700,      0.676962,CP3_after_update_bottom,   1,    0.0000000000E+00,    3.3495975601E+02,    3.3495975601E+02,    0.0000000000E+00,    0.0000000000E+00,    0.0000000000E+00,    3.3495975601E+02
    195700,      0.676962,CP4_after_advection,   1,    0.0000000000E+00,    3.3496832898E+02,    3.3496832898E+02,    0.0000000000E+00,    0.0000000000E+00,    0.0000000000E+00,    3.3496832898E+02
    195700,      0.676962,CP5_after_vdif,   1,    0.0000000000E+00,    3.3496832898E+02,    3.3496832898E+02,    0.0000000000E+00,    0.0000000000E+00,    0.0000000000E+00,    3.3496832898E+02
    195700,      0.676962,CP6_after_kinetics,   1,    0.0000000000E+00,    3.3496832898E+02,    3.3496832898E+02,    0.0000000000E+00,    0.0000000000E+00,    0.0000000000E+00,    3.3496832898E+02
    195700,      0.676962,CP7_after_upper_clamp,   1,    0.0000000000E+00,    3.3496832898E+02,    3.3496832898E+02,    0.0000000000E+00,    0.0000000000E+00,    0.0000000000E+00,    3.3496832898E+02
    195700,      0.676962,CP8_after_OBC,   1,    0.0000000000E+00,    3.3496832898E+02,    3.3496832898E+02,    0.0000000000E+00,    0.0000000000E+00,    0.0000000000E+00,    3.3496832898E+02
    195700,      0.676962,CP9_after_PTsource,   1,    0.0000000000E+00,    3.3496832898E+02,    3.3496832898E+02,    0.0000000000E+00,    0.0000000000E+00,    0.0000000000E+00,    3.3496832898E+02
    195700,      0.676962,CP10_after_neg_clamp,   1,    0.0000000000E+00,    3.3496832898E+02,    3.3496832898E+02,    0.0000000000E+00,    0.0000000000E+00,    0.0000000000E+00,    3.3496832898E+02
    195700,      0.676962,CP11_after_MPI,   1,    0.0000000000E+00,    3.3496832898E+02,    3.3496832898E+02,    0.0000000000E+00,    0.0000000000E+00,    0.0000000000E+00,    3.3496832898E+02
    195700,      0.676962,CP12_end,   1,    0.0000000000E+00,    3.3496832898E+02,    3.3496832898E+02,    0.0000000000E+00,    0.0000000000E+00,    0.0000000000E+00,    3.3496832898E+02
    195750,      0.676962,CP0_start,   1,    0.0000000000E+00,    3.3515969497E+02,    3.3515969497E+02,    0.0000000000E+00,    0.0000000000E+00,    0.0000000000E+00,    3.3515969497E+02
    195750,      0.676962,CP1_after_deposition,   1,    0.0000000000E+00,    3.3515969497E+02,    3.3515969497E+02,    0.0000000000E+00,    0.0000000000E+00,    0.0000000000E+00,    3.3515969497E+02
    195750,      0.676962,CP2_after_erosion,   1,    0.0000000000E+00,    3.3515969497E+02,    3.3515969497E+02,    0.0000000000E+00,    0.0000000000E+00,    0.0000000000E+00,    3.3515969497E+02
    195750,      0.676962,CP3_after_update_bottom,   1,    0.0000000000E+00,    3.3515969497E+02,    3.3515969497E+02,    0.0000000000E+00,    0.0000000000E+00,    0.0000000000E+00,    3.3515969497E+02
    195750,      0.676962,CP4_after_advection,   1,    0.0000000000E+00,    3.3516817474E+02,    3.3516817474E+02,    0.0000000000E+00,    0.0000000000E+00,    0.0000000000E+00,    3.3516817474E+02
    195750,      0.676962,CP5_after_vdif,   1,    0.0000000000E+00,    3.3516817474E+02,    3.3516817474E+02,    0.0000000000E+00,    0.0000000000E+00,    0.0000000000E+00,    3.3516817474E+02
    195750,      0.676962,CP6_after_kinetics,   1,    0.0000000000E+00,    3.3516817474E+02,    3.3516817474E+02,    0.0000000000E+00,    0.0000000000E+00,    0.0000000000E+00,    3.3516817474E+02
    195750,      0.676962,CP7_after_upper_clamp,   1,    0.0000000000E+00,    3.3516817474E+02,    3.3516817474E+02,    0.0000000000E+00,    0.0000000000E+00,    0.0000000000E+00,    3.3516817474E+02
    195750,      0.676962,CP8_after_OBC,   1,    0.0000000000E+00,    3.3516817474E+02,    3.3516817474E+02,    0.0000000000E+00,    0.0000000000E+00,    0.0000000000E+00,    3.3516817474E+02
    195750,      0.676962,CP9_after_PTsource,   1,    0.0000000000E+00,    3.3516817474E+02,    3.3516817474E+02,    0.0000000000E+00,    0.0000000000E+00,    0.0000000000E+00,    3.3516817474E+02
    195750,      0.676962,CP10_after_neg_clamp,   1,    0.0000000000E+00,    3.3516817474E+02,    3.3516817474E+02,    0.0000000000E+00,    0.0000000000E+00,    0.0000000000E+00,    3.3516817474E+02
    195750,      0.676962,CP11_after_MPI,   1,    0.0000000000E+00,    3.3516817474E+02,    3.3516817474E+02,    0.0000000000E+00,    0.0000000000E+00,    0.0000000000E+00,    3.3516817474E+02
    195750,      0.676962,CP12_end,   1,    0.0000000000E+00,    3.3516817474E+02,    3.3516817474E+02,    0.0000000000E+00,    0.0000000000E+00,    0.0000000000E+00,    3.3516817474E+02
    195800,      0.676962,CP0_start,   1,    0.0000000000E+00,    3.3535945883E+02,    3.3535945883E+02,    0.0000000000E+00,    0.0000000000E+00,    0.0000000000E+00,    3.3535945883E+02
    195800,      0.676962,CP1_after_deposition,   1,    0.0000000000E+00,    3.3535945883E+02,    3.3535945883E+02,    0.0000000000E+00,    0.0000000000E+00,    0.0000000000E+00,    3.3535945883E+02
    195800,      0.676962,CP2_after_erosion,   1,    0.0000000000E+00,    3.3535945883E+02,    3.3535945883E+02,    0.0000000000E+00,    0.0000000000E+00,    0.0000000000E+00,    3.3535945883E+02
    195800,      0.676962,CP3_after_update_bottom,   1,    0.0000000000E+00,    3.3535945883E+02,    3.3535945883E+02,    0.0000000000E+00,    0.0000000000E+00,    0.0000000000E+00,    3.3535945883E+02
    195800,      0.676962,CP4_after_advection,   1,    0.0000000000E+00,    3.3536784160E+02,    3.3536784160E+02,    0.0000000000E+00,    0.0000000000E+00,    0.0000000000E+00,    3.3536784160E+02
    195800,      0.676962,CP5_after_vdif,   1,    0.0000000000E+00,    3.3536784160E+02,    3.3536784160E+02,    0.0000000000E+00,    0.0000000000E+00,    0.0000000000E+00,    3.3536784160E+02
    195800,      0.676962,CP6_after_kinetics,   1,    0.0000000000E+00,    3.3536784160E+02,    3.3536784160E+02,    0.0000000000E+00,    0.0000000000E+00,    0.0000000000E+00,    3.3536784160E+02
    195800,      0.676962,CP7_after_upper_clamp,   1,    0.0000000000E+00,    3.3536784160E+02,    3.3536784160E+02,    0.0000000000E+00,    0.0000000000E+00,    0.0000000000E+00,    3.3536784160E+02
    195800,      0.676962,CP8_after_OBC,   1,    0.0000000000E+00,    3.3536784160E+02,    3.3536784160E+02,    0.0000000000E+00,    0.0000000000E+00,    0.0000000000E+00,    3.3536784160E+02
    195800,      0.676962,CP9_after_PTsource,   1,    0.0000000000E+00,    3.3536784160E+02,    3.3536784160E+02,    0.0000000000E+00,    0.0000000000E+00,    0.0000000000E+00,    3.3536784160E+02
    195800,      0.676962,CP10_after_neg_clamp,   1,    0.0000000000E+00,    3.3536784160E+02,    3.3536784160E+02,    0.0000000000E+00,    0.0000000000E+00,    0.0000000000E+00,    3.3536784160E+02
    195800,      0.676962,CP11_after_MPI,   1,    0.0000000000E+00,    3.3536784160E+02,    3.3536784160E+02,    0.0000000000E+00,    0.0000000000E+00,    0.0000000000E+00,    3.3536784160E+02
    195800,      0.676962,CP12_end,   1,    0.0000000000E+00,    3.3536784160E+02,    3.3536784160E+02,    0.0000000000E+00,    0.0000000000E+00,    0.0000000000E+00,    3.3536784160E+02
    195850,      0.676962,CP0_start,   1,    0.0000000000E+00,    3.3555882587E+02,    3.3555882587E+02,    0.0000000000E+00,    0.0000000000E+00,    0.0000000000E+00,    3.3555882587E+02
    195850,      0.676962,CP1_after_deposition,   1,    0.0000000000E+00,    3.3555882587E+02,    3.3555882587E+02,    0.0000000000E+00,    0.0000000000E+00,    0.0000000000E+00,    3.3555882587E+02
    195850,      0.676962,CP2_after_erosion,   1,    0.0000000000E+00,    3.3555882587E+02,    3.3555882587E+02,    0.0000000000E+00,    0.0000000000E+00,    0.0000000000E+00,    3.3555882587E+02
    195850,      0.676962,CP3_after_update_bottom,   1,    0.0000000000E+00,    3.3555882587E+02,    3.3555882587E+02,    0.0000000000E+00,    0.0000000000E+00,    0.0000000000E+00,    3.3555882587E+02
    195850,      0.676962,CP4_after_advection,   1,    0.0000000000E+00,    3.3556710372E+02,    3.3556710372E+02,    0.0000000000E+00,    0.0000000000E+00,    0.0000000000E+00,    3.3556710372E+02
    195850,      0.676962,CP5_after_vdif,   1,    0.0000000000E+00,    3.3556710372E+02,    3.3556710372E+02,    0.0000000000E+00,    0.0000000000E+00,    0.0000000000E+00,    3.3556710372E+02
    195850,      0.676962,CP6_after_kinetics,   1,    0.0000000000E+00,    3.3556710372E+02,    3.3556710372E+02,    0.0000000000E+00,    0.0000000000E+00,    0.0000000000E+00,    3.3556710372E+02
    195850,      0.676962,CP7_after_upper_clamp,   1,    0.0000000000E+00,    3.3556710372E+02,    3.3556710372E+02,    0.0000000000E+00,    0.0000000000E+00,    0.0000000000E+00,    3.3556710372E+02
    195850,      0.676962,CP8_after_OBC,   1,    0.0000000000E+00,    3.3556710372E+02,    3.3556710372E+02,    0.0000000000E+00,    0.0000000000E+00,    0.0000000000E+00,    3.3556710372E+02
    195850,      0.676962,CP9_after_PTsource,   1,    0.0000000000E+00,    3.3556710372E+02,    3.3556710372E+02,    0.0000000000E+00,    0.0000000000E+00,    0.0000000000E+00,    3.3556710372E+02
    195850,      0.676962,CP10_after_neg_clamp,   1,    0.0000000000E+00,    3.3556710372E+02,    3.3556710372E+02,    0.0000000000E+00,    0.0000000000E+00,    0.0000000000E+00,    3.3556710372E+02
    195850,      0.676962,CP11_after_MPI,   1,    0.0000000000E+00,    3.3556710372E+02,    3.3556710372E+02,    0.0000000000E+00,    0.0000000000E+00,    0.0000000000E+00,    3.3556710372E+02
    195850,      0.676962,CP12_end,   1,    0.0000000000E+00,    3.3556710372E+02,    3.3556710372E+02,    0.0000000000E+00,    0.0000000000E+00,    0.0000000000E+00,    3.3556710372E+02
    195900,      0.676962,CP0_start,   1,    0.0000000000E+00,    3.3575755352E+02,    3.3575755352E+02,    0.0000000000E+00,    0.0000000000E+00,    0.0000000000E+00,    3.3575755352E+02
    195900,      0.676962,CP1_after_deposition,   1,    0.0000000000E+00,    3.3575755352E+02,    3.3575755352E+02,    0.0000000000E+00,    0.0000000000E+00,    0.0000000000E+00,    3.3575755352E+02
    195900,      0.676962,CP2_after_erosion,   1,    0.0000000000E+00,    3.3575755352E+02,    3.3575755352E+02,    0.0000000000E+00,    0.0000000000E+00,    0.0000000000E+00,    3.3575755352E+02
    195900,      0.676962,CP3_after_update_bottom,   1,    0.0000000000E+00,    3.3575755352E+02,    3.3575755352E+02,    0.0000000000E+00,    0.0000000000E+00,    0.0000000000E+00,    3.3575755352E+02
    195900,      0.676962,CP4_after_advection,   1,    0.0000000000E+00,    3.3576572128E+02,    3.3576572128E+02,    0.0000000000E+00,    0.0000000000E+00,    0.0000000000E+00,    3.3576572128E+02
    195900,      0.676962,CP5_after_vdif,   1,    0.0000000000E+00,    3.3576572128E+02,    3.3576572128E+02,    0.0000000000E+00,    0.0000000000E+00,    0.0000000000E+00,    3.3576572128E+02
    195900,      0.676962,CP6_after_kinetics,   1,    0.0000000000E+00,    3.3576572128E+02,    3.3576572128E+02,    0.0000000000E+00,    0.0000000000E+00,    0.0000000000E+00,    3.3576572128E+02
    195900,      0.676962,CP7_after_upper_clamp,   1,    0.0000000000E+00,    3.3576572128E+02,    3.3576572128E+02,    0.0000000000E+00,    0.0000000000E+00,    0.0000000000E+00,    3.3576572128E+02
    195900,      0.676962,CP8_after_OBC,   1,    0.0000000000E+00,    3.3576572128E+02,    3.3576572128E+02,    0.0000000000E+00,    0.0000000000E+00,    0.0000000000E+00,    3.3576572128E+02
    195900,      0.676962,CP9_after_PTsource,   1,    0.0000000000E+00,    3.3576572128E+02,    3.3576572128E+02,    0.0000000000E+00,    0.0000000000E+00,    0.0000000000E+00,    3.3576572128E+02
    195900,      0.676962,CP10_after_neg_clamp,   1,    0.0000000000E+00,    3.3576572128E+02,    3.3576572128E+02,    0.0000000000E+00,    0.0000000000E+00,    0.0000000000E+00,    3.3576572128E+02
    195900,      0.676962,CP11_after_MPI,   1,    0.0000000000E+00,    3.3576572128E+02,    3.3576572128E+02,    0.0000000000E+00,    0.0000000000E+00,    0.0000000000E+00,    3.3576572128E+02
    195900,      0.676962,CP12_end,   1,    0.0000000000E+00,    3.3576572128E+02,    3.3576572128E+02,    0.0000000000E+00,    0.0000000000E+00,    0.0000000000E+00,    3.3576572128E+02
    195950,      0.676962,CP0_start,   1,    0.0000000000E+00,    3.3595551370E+02,    3.3595551370E+02,    0.0000000000E+00,    0.0000000000E+00,    0.0000000000E+00,    3.3595551370E+02
    195950,      0.676962,CP1_after_deposition,   1,    0.0000000000E+00,    3.3595551370E+02,    3.3595551370E+02,    0.0000000000E+00,    0.0000000000E+00,    0.0000000000E+00,    3.3595551370E+02
    195950,      0.676962,CP2_after_erosion,   1,    0.0000000000E+00,    3.3595551370E+02,    3.3595551370E+02,    0.0000000000E+00,    0.0000000000E+00,    0.0000000000E+00,    3.3595551370E+02
    195950,      0.676962,CP3_after_update_bottom,   1,    0.0000000000E+00,    3.3595551370E+02,    3.3595551370E+02,    0.0000000000E+00,    0.0000000000E+00,    0.0000000000E+00,    3.3595551370E+02
    195950,      0.676962,CP4_after_advection,   1,    0.0000000000E+00,    3.3596356737E+02,    3.3596356737E+02,    0.0000000000E+00,    0.0000000000E+00,    0.0000000000E+00,    3.3596356737E+02
    195950,      0.676962,CP5_after_vdif,   1,    0.0000000000E+00,    3.3596356737E+02,    3.3596356737E+02,    0.0000000000E+00,    0.0000000000E+00,    0.0000000000E+00,    3.3596356737E+02
    195950,      0.676962,CP6_after_kinetics,   1,    0.0000000000E+00,    3.3596356737E+02,    3.3596356737E+02,    0.0000000000E+00,    0.0000000000E+00,    0.0000000000E+00,    3.3596356737E+02
    195950,      0.676962,CP7_after_upper_clamp,   1,    0.0000000000E+00,    3.3596356737E+02,    3.3596356737E+02,    0.0000000000E+00,    0.0000000000E+00,    0.0000000000E+00,    3.3596356737E+02
    195950,      0.676962,CP8_after_OBC,   1,    0.0000000000E+00,    3.3596356737E+02,    3.3596356737E+02,    0.0000000000E+00,    0.0000000000E+00,    0.0000000000E+00,    3.3596356737E+02
    195950,      0.676962,CP9_after_PTsource,   1,    0.0000000000E+00,    3.3596356737E+02,    3.3596356737E+02,    0.0000000000E+00,    0.0000000000E+00,    0.0000000000E+00,    3.3596356737E+02
    195950,      0.676962,CP10_after_neg_clamp,   1,    0.0000000000E+00,    3.3596356737E+02,    3.3596356737E+02,    0.0000000000E+00,    0.0000000000E+00,    0.0000000000E+00,    3.3596356737E+02
    195950,      0.676962,CP11_after_MPI,   1,    0.0000000000E+00,    3.3596356737E+02,    3.3596356737E+02,    0.0000000000E+00,    0.0000000000E+00,    0.0000000000E+00,    3.3596356737E+02
    195950,      0.676962,CP12_end,   1,    0.0000000000E+00,    3.3596356737E+02,    3.3596356737E+02,    0.0000000000E+00,    0.0000000000E+00,    0.0000000000E+00,    3.3596356737E+02
    196000,      0.676962,CP0_start,   1,    0.0000000000E+00,    3.3615268898E+02,    3.3615268898E+02,    0.0000000000E+00,    0.0000000000E+00,    0.0000000000E+00,    3.3615268898E+02
    196000,      0.676962,CP1_after_deposition,   1,    0.0000000000E+00,    3.3615268898E+02,    3.3615268898E+02,    0.0000000000E+00,    0.0000000000E+00,    0.0000000000E+00,    3.3615268898E+02
    196000,      0.676962,CP2_after_erosion,   1,    0.0000000000E+00,    3.3615268898E+02,    3.3615268898E+02,    0.0000000000E+00,    0.0000000000E+00,    0.0000000000E+00,    3.3615268898E+02
    196000,      0.676962,CP3_after_update_bottom,   1,    0.0000000000E+00,    3.3615268898E+02,    3.3615268898E+02,    0.0000000000E+00,    0.0000000000E+00,    0.0000000000E+00,    3.3615268898E+02
    196000,      0.676962,CP4_after_advection,   1,    0.0000000000E+00,    3.3616063008E+02,    3.3616063008E+02,    0.0000000000E+00,    0.0000000000E+00,    0.0000000000E+00,    3.3616063008E+02
    196000,      0.676962,CP5_after_vdif,   1,    0.0000000000E+00,    3.3616063008E+02,    3.3616063008E+02,    0.0000000000E+00,    0.0000000000E+00,    0.0000000000E+00,    3.3616063008E+02
    196000,      0.676962,CP6_after_kinetics,   1,    0.0000000000E+00,    3.3616063008E+02,    3.3616063008E+02,    0.0000000000E+00,    0.0000000000E+00,    0.0000000000E+00,    3.3616063008E+02
    196000,      0.676962,CP7_after_upper_clamp,   1,    0.0000000000E+00,    3.3616063008E+02,    3.3616063008E+02,    0.0000000000E+00,    0.0000000000E+00,    0.0000000000E+00,    3.3616063008E+02
    196000,      0.676962,CP8_after_OBC,   1,    0.0000000000E+00,    3.3616063008E+02,    3.3616063008E+02,    0.0000000000E+00,    0.0000000000E+00,    0.0000000000E+00,    3.3616063008E+02
    196000,      0.676962,CP9_after_PTsource,   1,    0.0000000000E+00,    3.3616063008E+02,    3.3616063008E+02,    0.0000000000E+00,    0.0000000000E+00,    0.0000000000E+00,    3.3616063008E+02
    196000,      0.676962,CP10_after_neg_clamp,   1,    0.0000000000E+00,    3.3616063008E+02,    3.3616063008E+02,    0.0000000000E+00,    0.0000000000E+00,    0.0000000000E+00,    3.3616063008E+02
    196000,      0.676962,CP11_after_MPI,   1,    0.0000000000E+00,    3.3616063008E+02,    3.3616063008E+02,    0.0000000000E+00,    0.0000000000E+00,    0.0000000000E+00,    3.3616063008E+02
    196000,      0.676962,CP12_end,   1,    0.0000000000E+00,    3.3616063008E+02,    3.3616063008E+02,    0.0000000000E+00,    0.0000000000E+00,    0.0000000000E+00,    3.3616063008E+02
    196050,      0.676962,CP0_start,   1,    0.0000000000E+00,    3.3634919692E+02,    3.3634919692E+02,    0.0000000000E+00,    0.0000000000E+00,    0.0000000000E+00,    3.3634919692E+02
    196050,      0.676962,CP1_after_deposition,   1,    0.0000000000E+00,    3.3634919692E+02,    3.3634919692E+02,    0.0000000000E+00,    0.0000000000E+00,    0.0000000000E+00,    3.3634919692E+02
    196050,      0.676962,CP2_after_erosion,   1,    0.0000000000E+00,    3.3634919692E+02,    3.3634919692E+02,    0.0000000000E+00,    0.0000000000E+00,    0.0000000000E+00,    3.3634919692E+02
    196050,      0.676962,CP3_after_update_bottom,   1,    0.0000000000E+00,    3.3634919692E+02,    3.3634919692E+02,    0.0000000000E+00,    0.0000000000E+00,    0.0000000000E+00,    3.3634919692E+02
    196050,      0.676962,CP4_after_advection,   1,    0.0000000000E+00,    3.3635702537E+02,    3.3635702537E+02,    0.0000000000E+00,    0.0000000000E+00,    0.0000000000E+00,    3.3635702537E+02
    196050,      0.676962,CP5_after_vdif,   1,    0.0000000000E+00,    3.3635702537E+02,    3.3635702537E+02,    0.0000000000E+00,    0.0000000000E+00,    0.0000000000E+00,    3.3635702537E+02
    196050,      0.676962,CP6_after_kinetics,   1,    0.0000000000E+00,    3.3635702537E+02,    3.3635702537E+02,    0.0000000000E+00,    0.0000000000E+00,    0.0000000000E+00,    3.3635702537E+02
    196050,      0.676962,CP7_after_upper_clamp,   1,    0.0000000000E+00,    3.3635702537E+02,    3.3635702537E+02,    0.0000000000E+00,    0.0000000000E+00,    0.0000000000E+00,    3.3635702537E+02
    196050,      0.676962,CP8_after_OBC,   1,    0.0000000000E+00,    3.3635702537E+02,    3.3635702537E+02,    0.0000000000E+00,    0.0000000000E+00,    0.0000000000E+00,    3.3635702537E+02
    196050,      0.676962,CP9_after_PTsource,   1,    0.0000000000E+00,    3.3635702537E+02,    3.3635702537E+02,    0.0000000000E+00,    0.0000000000E+00,    0.0000000000E+00,    3.3635702537E+02
    196050,      0.676962,CP10_after_neg_clamp,   1,    0.0000000000E+00,    3.3635702537E+02,    3.3635702537E+02,    0.0000000000E+00,    0.0000000000E+00,    0.0000000000E+00,    3.3635702537E+02
    196050,      0.676962,CP11_after_MPI,   1,    0.0000000000E+00,    3.3635702537E+02,    3.3635702537E+02,    0.0000000000E+00,    0.0000000000E+00,    0.0000000000E+00,    3.3635702537E+02
    196050,      0.676962,CP12_end,   1,    0.0000000000E+00,    3.3635702537E+02,    3.3635702537E+02,    0.0000000000E+00,    0.0000000000E+00,    0.0000000000E+00,    3.3635702537E+02
    196100,      0.676962,CP0_start,   1,    0.0000000000E+00,    3.3654524317E+02,    3.3654524317E+02,    0.0000000000E+00,    0.0000000000E+00,    0.0000000000E+00,    3.3654524317E+02
    196100,      0.676962,CP1_after_deposition,   1,    0.0000000000E+00,    3.3654524317E+02,    3.3654524317E+02,    0.0000000000E+00,    0.0000000000E+00,    0.0000000000E+00,    3.3654524317E+02
    196100,      0.676962,CP2_after_erosion,   1,    0.0000000000E+00,    3.3654524317E+02,    3.3654524317E+02,    0.0000000000E+00,    0.0000000000E+00,    0.0000000000E+00,    3.3654524317E+02
    196100,      0.676962,CP3_after_update_bottom,   1,    0.0000000000E+00,    3.3654524317E+02,    3.3654524317E+02,    0.0000000000E+00,    0.0000000000E+00,    0.0000000000E+00,    3.3654524317E+02
    196100,      0.676962,CP4_after_advection,   1,    0.0000000000E+00,    3.3655294824E+02,    3.3655294824E+02,    0.0000000000E+00,    0.0000000000E+00,    0.0000000000E+00,    3.3655294824E+02
    196100,      0.676962,CP5_after_vdif,   1,    0.0000000000E+00,    3.3655294824E+02,    3.3655294824E+02,    0.0000000000E+00,    0.0000000000E+00,    0.0000000000E+00,    3.3655294824E+02
    196100,      0.676962,CP6_after_kinetics,   1,    0.0000000000E+00,    3.3655294824E+02,    3.3655294824E+02,    0.0000000000E+00,    0.0000000000E+00,    0.0000000000E+00,    3.3655294824E+02
    196100,      0.676962,CP7_after_upper_clamp,   1,    0.0000000000E+00,    3.3655294824E+02,    3.3655294824E+02,    0.0000000000E+00,    0.0000000000E+00,    0.0000000000E+00,    3.3655294824E+02
    196100,      0.676962,CP8_after_OBC,   1,    0.0000000000E+00,    3.3655294824E+02,    3.3655294824E+02,    0.0000000000E+00,    0.0000000000E+00,    0.0000000000E+00,    3.3655294824E+02
    196100,      0.676962,CP9_after_PTsource,   1,    0.0000000000E+00,    3.3655294824E+02,    3.3655294824E+02,    0.0000000000E+00,    0.0000000000E+00,    0.0000000000E+00,    3.3655294824E+02
    196100,      0.676962,CP10_after_neg_clamp,   1,    0.0000000000E+00,    3.3655294824E+02,    3.3655294824E+02,    0.0000000000E+00,    0.0000000000E+00,    0.0000000000E+00,    3.3655294824E+02
    196100,      0.676962,CP11_after_MPI,   1,    0.0000000000E+00,    3.3655294824E+02,    3.3655294824E+02,    0.0000000000E+00,    0.0000000000E+00,    0.0000000000E+00,    3.3655294824E+02
    196100,      0.676962,CP12_end,   1,    0.0000000000E+00,    3.3655294824E+02,    3.3655294824E+02,    0.0000000000E+00,    0.0000000000E+00,    0.0000000000E+00,    3.3655294824E+02
    196150,      0.676962,CP0_start,   1,    0.0000000000E+00,    3.3674087842E+02,    3.3674087842E+02,    0.0000000000E+00,    0.0000000000E+00,    0.0000000000E+00,    3.3674087842E+02
    196150,      0.676962,CP1_after_deposition,   1,    0.0000000000E+00,    3.3674087842E+02,    3.3674087842E+02,    0.0000000000E+00,    0.0000000000E+00,    0.0000000000E+00,    3.3674087842E+02
    196150,      0.676962,CP2_after_erosion,   1,    0.0000000000E+00,    3.3674087842E+02,    3.3674087842E+02,    0.0000000000E+00,    0.0000000000E+00,    0.0000000000E+00,    3.3674087842E+02
    196150,      0.676962,CP3_after_update_bottom,   1,    0.0000000000E+00,    3.3674087842E+02,    3.3674087842E+02,    0.0000000000E+00,    0.0000000000E+00,    0.0000000000E+00,    3.3674087842E+02
    196150,      0.676962,CP4_after_advection,   1,    0.0000000000E+00,    3.3674845966E+02,    3.3674845966E+02,    0.0000000000E+00,    0.0000000000E+00,    0.0000000000E+00,    3.3674845966E+02
    196150,      0.676962,CP5_after_vdif,   1,    0.0000000000E+00,    3.3674845966E+02,    3.3674845966E+02,    0.0000000000E+00,    0.0000000000E+00,    0.0000000000E+00,    3.3674845966E+02
    196150,      0.676962,CP6_after_kinetics,   1,    0.0000000000E+00,    3.3674845966E+02,    3.3674845966E+02,    0.0000000000E+00,    0.0000000000E+00,    0.0000000000E+00,    3.3674845966E+02
    196150,      0.676962,CP7_after_upper_clamp,   1,    0.0000000000E+00,    3.3674845966E+02,    3.3674845966E+02,    0.0000000000E+00,    0.0000000000E+00,    0.0000000000E+00,    3.3674845966E+02
    196150,      0.676962,CP8_after_OBC,   1,    0.0000000000E+00,    3.3674845966E+02,    3.3674845966E+02,    0.0000000000E+00,    0.0000000000E+00,    0.0000000000E+00,    3.3674845966E+02
    196150,      0.676962,CP9_after_PTsource,   1,    0.0000000000E+00,    3.3674845966E+02,    3.3674845966E+02,    0.0000000000E+00,    0.0000000000E+00,    0.0000000000E+00,    3.3674845966E+02
    196150,      0.676962,CP10_after_neg_clamp,   1,    0.0000000000E+00,    3.3674845966E+02,    3.3674845966E+02,    0.0000000000E+00,    0.0000000000E+00,    0.0000000000E+00,    3.3674845966E+02
    196150,      0.676962,CP11_after_MPI,   1,    0.0000000000E+00,    3.3674845966E+02,    3.3674845966E+02,    0.0000000000E+00,    0.0000000000E+00,    0.0000000000E+00,    3.3674845966E+02
    196150,      0.676962,CP12_end,   1,    0.0000000000E+00,    3.3674845966E+02,    3.3674845966E+02,    0.0000000000E+00,    0.0000000000E+00,    0.0000000000E+00,    3.3674845966E+02
    196200,      0.676962,CP0_start,   1,    0.0000000000E+00,    3.3693619897E+02,    3.3693619897E+02,    0.0000000000E+00,    0.0000000000E+00,    0.0000000000E+00,    3.3693619897E+02
    196200,      0.676962,CP1_after_deposition,   1,    0.0000000000E+00,    3.3693619897E+02,    3.3693619897E+02,    0.0000000000E+00,    0.0000000000E+00,    0.0000000000E+00,    3.3693619897E+02
    196200,      0.676962,CP2_after_erosion,   1,    0.0000000000E+00,    3.3693619897E+02,    3.3693619897E+02,    0.0000000000E+00,    0.0000000000E+00,    0.0000000000E+00,    3.3693619897E+02
    196200,      0.676962,CP3_after_update_bottom,   1,    0.0000000000E+00,    3.3693619897E+02,    3.3693619897E+02,    0.0000000000E+00,    0.0000000000E+00,    0.0000000000E+00,    3.3693619897E+02
    196200,      0.676962,CP4_after_advection,   1,    0.0000000000E+00,    3.3694366616E+02,    3.3694366616E+02,    0.0000000000E+00,    0.0000000000E+00,    0.0000000000E+00,    3.3694366616E+02
    196200,      0.676962,CP5_after_vdif,   1,    0.0000000000E+00,    3.3694366616E+02,    3.3694366616E+02,    0.0000000000E+00,    0.0000000000E+00,    0.0000000000E+00,    3.3694366616E+02
    196200,      0.676962,CP6_after_kinetics,   1,    0.0000000000E+00,    3.3694366616E+02,    3.3694366616E+02,    0.0000000000E+00,    0.0000000000E+00,    0.0000000000E+00,    3.3694366616E+02
    196200,      0.676962,CP7_after_upper_clamp,   1,    0.0000000000E+00,    3.3694366616E+02,    3.3694366616E+02,    0.0000000000E+00,    0.0000000000E+00,    0.0000000000E+00,    3.3694366616E+02
    196200,      0.676962,CP8_after_OBC,   1,    0.0000000000E+00,    3.3694366616E+02,    3.3694366616E+02,    0.0000000000E+00,    0.0000000000E+00,    0.0000000000E+00,    3.3694366616E+02
    196200,      0.676962,CP9_after_PTsource,   1,    0.0000000000E+00,    3.3694366616E+02,    3.3694366616E+02,    0.0000000000E+00,    0.0000000000E+00,    0.0000000000E+00,    3.3694366616E+02
    196200,      0.676962,CP10_after_neg_clamp,   1,    0.0000000000E+00,    3.3694366616E+02,    3.3694366616E+02,    0.0000000000E+00,    0.0000000000E+00,    0.0000000000E+00,    3.3694366616E+02
    196200,      0.676962,CP11_after_MPI,   1,    0.0000000000E+00,    3.3694366616E+02,    3.3694366616E+02,    0.0000000000E+00,    0.0000000000E+00,    0.0000000000E+00,    3.3694366616E+02
    196200,      0.676962,CP12_end,   1,    0.0000000000E+00,    3.3694366616E+02,    3.3694366616E+02,    0.0000000000E+00,    0.0000000000E+00,    0.0000000000E+00,    3.3694366616E+02
    196250,      0.676962,CP0_start,   1,    0.0000000000E+00,    3.3713111921E+02,    3.3713111921E+02,    0.0000000000E+00,    0.0000000000E+00,    0.0000000000E+00,    3.3713111921E+02
    196250,      0.676962,CP1_after_deposition,   1,    0.0000000000E+00,    3.3713111921E+02,    3.3713111921E+02,    0.0000000000E+00,    0.0000000000E+00,    0.0000000000E+00,    3.3713111921E+02
    196250,      0.676962,CP2_after_erosion,   1,    0.0000000000E+00,    3.3713111921E+02,    3.3713111921E+02,    0.0000000000E+00,    0.0000000000E+00,    0.0000000000E+00,    3.3713111921E+02
    196250,      0.676962,CP3_after_update_bottom,   1,    0.0000000000E+00,    3.3713111921E+02,    3.3713111921E+02,    0.0000000000E+00,    0.0000000000E+00,    0.0000000000E+00,    3.3713111921E+02
    196250,      0.676962,CP4_after_advection,   1,    0.0000000000E+00,    3.3713847194E+02,    3.3713847194E+02,    0.0000000000E+00,    0.0000000000E+00,    0.0000000000E+00,    3.3713847194E+02
    196250,      0.676962,CP5_after_vdif,   1,    0.0000000000E+00,    3.3713847194E+02,    3.3713847194E+02,    0.0000000000E+00,    0.0000000000E+00,    0.0000000000E+00,    3.3713847194E+02
    196250,      0.676962,CP6_after_kinetics,   1,    0.0000000000E+00,    3.3713847194E+02,    3.3713847194E+02,    0.0000000000E+00,    0.0000000000E+00,    0.0000000000E+00,    3.3713847194E+02
    196250,      0.676962,CP7_after_upper_clamp,   1,    0.0000000000E+00,    3.3713847194E+02,    3.3713847194E+02,    0.0000000000E+00,    0.0000000000E+00,    0.0000000000E+00,    3.3713847194E+02
    196250,      0.676962,CP8_after_OBC,   1,    0.0000000000E+00,    3.3713847194E+02,    3.3713847194E+02,    0.0000000000E+00,    0.0000000000E+00,    0.0000000000E+00,    3.3713847194E+02
    196250,      0.676962,CP9_after_PTsource,   1,    0.0000000000E+00,    3.3713847194E+02,    3.3713847194E+02,    0.0000000000E+00,    0.0000000000E+00,    0.0000000000E+00,    3.3713847194E+02
    196250,      0.676962,CP10_after_neg_clamp,   1,    0.0000000000E+00,    3.3713847194E+02,    3.3713847194E+02,    0.0000000000E+00,    0.0000000000E+00,    0.0000000000E+00,    3.3713847194E+02
    196250,      0.676962,CP11_after_MPI,   1,    0.0000000000E+00,    3.3713847194E+02,    3.3713847194E+02,    0.0000000000E+00,    0.0000000000E+00,    0.0000000000E+00,    3.3713847194E+02
    196250,      0.676962,CP12_end,   1,    0.0000000000E+00,    3.3713847194E+02,    3.3713847194E+02,    0.0000000000E+00,    0.0000000000E+00,    0.0000000000E+00,    3.3713847194E+02
    196300,      0.676962,CP0_start,   1,    0.0000000000E+00,    3.3732554718E+02,    3.3732554718E+02,    0.0000000000E+00,    0.0000000000E+00,    0.0000000000E+00,    3.3732554718E+02
    196300,      0.676962,CP1_after_deposition,   1,    0.0000000000E+00,    3.3732554718E+02,    3.3732554718E+02,    0.0000000000E+00,    0.0000000000E+00,    0.0000000000E+00,    3.3732554718E+02
    196300,      0.676962,CP2_after_erosion,   1,    0.0000000000E+00,    3.3732554718E+02,    3.3732554718E+02,    0.0000000000E+00,    0.0000000000E+00,    0.0000000000E+00,    3.3732554718E+02
    196300,      0.676962,CP3_after_update_bottom,   1,    0.0000000000E+00,    3.3732554718E+02,    3.3732554718E+02,    0.0000000000E+00,    0.0000000000E+00,    0.0000000000E+00,    3.3732554718E+02
    196300,      0.676962,CP4_after_advection,   1,    0.0000000000E+00,    3.3733276979E+02,    3.3733276979E+02,    0.0000000000E+00,    0.0000000000E+00,    0.0000000000E+00,    3.3733276979E+02
    196300,      0.676962,CP5_after_vdif,   1,    0.0000000000E+00,    3.3733276979E+02,    3.3733276979E+02,    0.0000000000E+00,    0.0000000000E+00,    0.0000000000E+00,    3.3733276979E+02
    196300,      0.676962,CP6_after_kinetics,   1,    0.0000000000E+00,    3.3733276979E+02,    3.3733276979E+02,    0.0000000000E+00,    0.0000000000E+00,    0.0000000000E+00,    3.3733276979E+02
    196300,      0.676962,CP7_after_upper_clamp,   1,    0.0000000000E+00,    3.3733276979E+02,    3.3733276979E+02,    0.0000000000E+00,    0.0000000000E+00,    0.0000000000E+00,    3.3733276979E+02
    196300,      0.676962,CP8_after_OBC,   1,    0.0000000000E+00,    3.3733276979E+02,    3.3733276979E+02,    0.0000000000E+00,    0.0000000000E+00,    0.0000000000E+00,    3.3733276979E+02
    196300,      0.676962,CP9_after_PTsource,   1,    0.0000000000E+00,    3.3733276979E+02,    3.3733276979E+02,    0.0000000000E+00,    0.0000000000E+00,    0.0000000000E+00,    3.3733276979E+02
    196300,      0.676962,CP10_after_neg_clamp,   1,    0.0000000000E+00,    3.3733276979E+02,    3.3733276979E+02,    0.0000000000E+00,    0.0000000000E+00,    0.0000000000E+00,    3.3733276979E+02
    196300,      0.676962,CP11_after_MPI,   1,    0.0000000000E+00,    3.3733276979E+02,    3.3733276979E+02,    0.0000000000E+00,    0.0000000000E+00,    0.0000000000E+00,    3.3733276979E+02
    196300,      0.676962,CP12_end,   1,    0.0000000000E+00,    3.3733276979E+02,    3.3733276979E+02,    0.0000000000E+00,    0.0000000000E+00,    0.0000000000E+00,    3.3733276979E+02
    196350,      0.676962,CP0_start,   1,    0.0000000000E+00,    3.3751949186E+02,    3.3751949186E+02,    0.0000000000E+00,    0.0000000000E+00,    0.0000000000E+00,    3.3751949186E+02
    196350,      0.676962,CP1_after_deposition,   1,    0.0000000000E+00,    3.3751949186E+02,    3.3751949186E+02,    0.0000000000E+00,    0.0000000000E+00,    0.0000000000E+00,    3.3751949186E+02
    196350,      0.676962,CP2_after_erosion,   1,    0.0000000000E+00,    3.3751949186E+02,    3.3751949186E+02,    0.0000000000E+00,    0.0000000000E+00,    0.0000000000E+00,    3.3751949186E+02
    196350,      0.676962,CP3_after_update_bottom,   1,    0.0000000000E+00,    3.3751949186E+02,    3.3751949186E+02,    0.0000000000E+00,    0.0000000000E+00,    0.0000000000E+00,    3.3751949186E+02
    196350,      0.676962,CP4_after_advection,   1,    0.0000000000E+00,    3.3752658317E+02,    3.3752658317E+02,    0.0000000000E+00,    0.0000000000E+00,    0.0000000000E+00,    3.3752658317E+02
    196350,      0.676962,CP5_after_vdif,   1,    0.0000000000E+00,    3.3752658317E+02,    3.3752658317E+02,    0.0000000000E+00,    0.0000000000E+00,    0.0000000000E+00,    3.3752658317E+02
    196350,      0.676962,CP6_after_kinetics,   1,    0.0000000000E+00,    3.3752658317E+02,    3.3752658317E+02,    0.0000000000E+00,    0.0000000000E+00,    0.0000000000E+00,    3.3752658317E+02
    196350,      0.676962,CP7_after_upper_clamp,   1,    0.0000000000E+00,    3.3752658317E+02,    3.3752658317E+02,    0.0000000000E+00,    0.0000000000E+00,    0.0000000000E+00,    3.3752658317E+02
    196350,      0.676962,CP8_after_OBC,   1,    0.0000000000E+00,    3.3752658317E+02,    3.3752658317E+02,    0.0000000000E+00,    0.0000000000E+00,    0.0000000000E+00,    3.3752658317E+02
    196350,      0.676962,CP9_after_PTsource,   1,    0.0000000000E+00,    3.3752658317E+02,    3.3752658317E+02,    0.0000000000E+00,    0.0000000000E+00,    0.0000000000E+00,    3.3752658317E+02
    196350,      0.676962,CP10_after_neg_clamp,   1,    0.0000000000E+00,    3.3752658317E+02,    3.3752658317E+02,    0.0000000000E+00,    0.0000000000E+00,    0.0000000000E+00,    3.3752658317E+02
    196350,      0.676962,CP11_after_MPI,   1,    0.0000000000E+00,    3.3752658317E+02,    3.3752658317E+02,    0.0000000000E+00,    0.0000000000E+00,    0.0000000000E+00,    3.3752658317E+02
    196350,      0.676962,CP12_end,   1,    0.0000000000E+00,    3.3752658317E+02,    3.3752658317E+02,    0.0000000000E+00,    0.0000000000E+00,    0.0000000000E+00,    3.3752658317E+02
    196400,      0.676962,CP0_start,   1,    0.0000000000E+00,    3.3771299741E+02,    3.3771299741E+02,    0.0000000000E+00,    0.0000000000E+00,    0.0000000000E+00,    3.3771299741E+02
    196400,      0.676962,CP1_after_deposition,   1,    0.0000000000E+00,    3.3771299741E+02,    3.3771299741E+02,    0.0000000000E+00,    0.0000000000E+00,    0.0000000000E+00,    3.3771299741E+02
    196400,      0.676962,CP2_after_erosion,   1,    0.0000000000E+00,    3.3771299741E+02,    3.3771299741E+02,    0.0000000000E+00,    0.0000000000E+00,    0.0000000000E+00,    3.3771299741E+02
    196400,      0.676962,CP3_after_update_bottom,   1,    0.0000000000E+00,    3.3771299741E+02,    3.3771299741E+02,    0.0000000000E+00,    0.0000000000E+00,    0.0000000000E+00,    3.3771299741E+02
    196400,      0.676962,CP4_after_advection,   1,    0.0000000000E+00,    3.3771996809E+02,    3.3771996809E+02,    0.0000000000E+00,    0.0000000000E+00,    0.0000000000E+00,    3.3771996809E+02
    196400,      0.676962,CP5_after_vdif,   1,    0.0000000000E+00,    3.3771996809E+02,    3.3771996809E+02,    0.0000000000E+00,    0.0000000000E+00,    0.0000000000E+00,    3.3771996809E+02
    196400,      0.676962,CP6_after_kinetics,   1,    0.0000000000E+00,    3.3771996809E+02,    3.3771996809E+02,    0.0000000000E+00,    0.0000000000E+00,    0.0000000000E+00,    3.3771996809E+02
    196400,      0.676962,CP7_after_upper_clamp,   1,    0.0000000000E+00,    3.3771996809E+02,    3.3771996809E+02,    0.0000000000E+00,    0.0000000000E+00,    0.0000000000E+00,    3.3771996809E+02
    196400,      0.676962,CP8_after_OBC,   1,    0.0000000000E+00,    3.3771996809E+02,    3.3771996809E+02,    0.0000000000E+00,    0.0000000000E+00,    0.0000000000E+00,    3.3771996809E+02
    196400,      0.676962,CP9_after_PTsource,   1,    0.0000000000E+00,    3.3771996809E+02,    3.3771996809E+02,    0.0000000000E+00,    0.0000000000E+00,    0.0000000000E+00,    3.3771996809E+02
    196400,      0.676962,CP10_after_neg_clamp,   1,    0.0000000000E+00,    3.3771996809E+02,    3.3771996809E+02,    0.0000000000E+00,    0.0000000000E+00,    0.0000000000E+00,    3.3771996809E+02
    196400,      0.676962,CP11_after_MPI,   1,    0.0000000000E+00,    3.3771996809E+02,    3.3771996809E+02,    0.0000000000E+00,    0.0000000000E+00,    0.0000000000E+00,    3.3771996809E+02
    196400,      0.676962,CP12_end,   1,    0.0000000000E+00,    3.3771996809E+02,    3.3771996809E+02,    0.0000000000E+00,    0.0000000000E+00,    0.0000000000E+00,    3.3771996809E+02
    196450,      0.676962,CP0_start,   1,    0.0000000000E+00,    3.3790616668E+02,    3.3790616668E+02,    0.0000000000E+00,    0.0000000000E+00,    0.0000000000E+00,    3.3790616668E+02
    196450,      0.676962,CP1_after_deposition,   1,    0.0000000000E+00,    3.3790616668E+02,    3.3790616668E+02,    0.0000000000E+00,    0.0000000000E+00,    0.0000000000E+00,    3.3790616668E+02
    196450,      0.676962,CP2_after_erosion,   1,    0.0000000000E+00,    3.3790616668E+02,    3.3790616668E+02,    0.0000000000E+00,    0.0000000000E+00,    0.0000000000E+00,    3.3790616668E+02
    196450,      0.676962,CP3_after_update_bottom,   1,    0.0000000000E+00,    3.3790616668E+02,    3.3790616668E+02,    0.0000000000E+00,    0.0000000000E+00,    0.0000000000E+00,    3.3790616668E+02
    196450,      0.676962,CP4_after_advection,   1,    0.0000000000E+00,    3.3791302733E+02,    3.3791302733E+02,    0.0000000000E+00,    0.0000000000E+00,    0.0000000000E+00,    3.3791302733E+02
    196450,      0.676962,CP5_after_vdif,   1,    0.0000000000E+00,    3.3791302733E+02,    3.3791302733E+02,    0.0000000000E+00,    0.0000000000E+00,    0.0000000000E+00,    3.3791302733E+02
    196450,      0.676962,CP6_after_kinetics,   1,    0.0000000000E+00,    3.3791302733E+02,    3.3791302733E+02,    0.0000000000E+00,    0.0000000000E+00,    0.0000000000E+00,    3.3791302733E+02
    196450,      0.676962,CP7_after_upper_clamp,   1,    0.0000000000E+00,    3.3791302733E+02,    3.3791302733E+02,    0.0000000000E+00,    0.0000000000E+00,    0.0000000000E+00,    3.3791302733E+02
    196450,      0.676962,CP8_after_OBC,   1,    0.0000000000E+00,    3.3791302733E+02,    3.3791302733E+02,    0.0000000000E+00,    0.0000000000E+00,    0.0000000000E+00,    3.3791302733E+02
    196450,      0.676962,CP9_after_PTsource,   1,    0.0000000000E+00,    3.3791302733E+02,    3.3791302733E+02,    0.0000000000E+00,    0.0000000000E+00,    0.0000000000E+00,    3.3791302733E+02
    196450,      0.676962,CP10_after_neg_clamp,   1,    0.0000000000E+00,    3.3791302733E+02,    3.3791302733E+02,    0.0000000000E+00,    0.0000000000E+00,    0.0000000000E+00,    3.3791302733E+02
    196450,      0.676962,CP11_after_MPI,   1,    0.0000000000E+00,    3.3791302733E+02,    3.3791302733E+02,    0.0000000000E+00,    0.0000000000E+00,    0.0000000000E+00,    3.3791302733E+02
    196450,      0.676962,CP12_end,   1,    0.0000000000E+00,    3.3791302733E+02,    3.3791302733E+02,    0.0000000000E+00,    0.0000000000E+00,    0.0000000000E+00,    3.3791302733E+02
    196500,      0.676962,CP0_start,   1,    0.0000000000E+00,    3.3809906114E+02,    3.3809906114E+02,    0.0000000000E+00,    0.0000000000E+00,    0.0000000000E+00,    3.3809906114E+02
    196500,      0.676962,CP1_after_deposition,   1,    0.0000000000E+00,    3.3809906114E+02,    3.3809906114E+02,    0.0000000000E+00,    0.0000000000E+00,    0.0000000000E+00,    3.3809906114E+02
    196500,      0.676962,CP2_after_erosion,   1,    0.0000000000E+00,    3.3809906114E+02,    3.3809906114E+02,    0.0000000000E+00,    0.0000000000E+00,    0.0000000000E+00,    3.3809906114E+02
    196500,      0.676962,CP3_after_update_bottom,   1,    0.0000000000E+00,    3.3809906114E+02,    3.3809906114E+02,    0.0000000000E+00,    0.0000000000E+00,    0.0000000000E+00,    3.3809906114E+02
    196500,      0.676962,CP4_after_advection,   1,    0.0000000000E+00,    3.3810579312E+02,    3.3810579312E+02,    0.0000000000E+00,    0.0000000000E+00,    0.0000000000E+00,    3.3810579312E+02
    196500,      0.676962,CP5_after_vdif,   1,    0.0000000000E+00,    3.3810579312E+02,    3.3810579312E+02,    0.0000000000E+00,    0.0000000000E+00,    0.0000000000E+00,    3.3810579312E+02
    196500,      0.676962,CP6_after_kinetics,   1,    0.0000000000E+00,    3.3810579312E+02,    3.3810579312E+02,    0.0000000000E+00,    0.0000000000E+00,    0.0000000000E+00,    3.3810579312E+02
    196500,      0.676962,CP7_after_upper_clamp,   1,    0.0000000000E+00,    3.3810579312E+02,    3.3810579312E+02,    0.0000000000E+00,    0.0000000000E+00,    0.0000000000E+00,    3.3810579312E+02
    196500,      0.676962,CP8_after_OBC,   1,    0.0000000000E+00,    3.3810579312E+02,    3.3810579312E+02,    0.0000000000E+00,    0.0000000000E+00,    0.0000000000E+00,    3.3810579312E+02
    196500,      0.676962,CP9_after_PTsource,   1,    0.0000000000E+00,    3.3810579312E+02,    3.3810579312E+02,    0.0000000000E+00,    0.0000000000E+00,    0.0000000000E+00,    3.3810579312E+02
    196500,      0.676962,CP10_after_neg_clamp,   1,    0.0000000000E+00,    3.3810579312E+02,    3.3810579312E+02,    0.0000000000E+00,    0.0000000000E+00,    0.0000000000E+00,    3.3810579312E+02
    196500,      0.676962,CP11_after_MPI,   1,    0.0000000000E+00,    3.3810579312E+02,    3.3810579312E+02,    0.0000000000E+00,    0.0000000000E+00,    0.0000000000E+00,    3.3810579312E+02
    196500,      0.676962,CP12_end,   1,    0.0000000000E+00,    3.3810579312E+02,    3.3810579312E+02,    0.0000000000E+00,    0.0000000000E+00,    0.0000000000E+00,    3.3810579312E+02
    196550,      0.676962,CP0_start,   1,    0.0000000000E+00,    3.3829162802E+02,    3.3829162802E+02,    0.0000000000E+00,    0.0000000000E+00,    0.0000000000E+00,    3.3829162802E+02
    196550,      0.676962,CP1_after_deposition,   1,    0.0000000000E+00,    3.3829162802E+02,    3.3829162802E+02,    0.0000000000E+00,    0.0000000000E+00,    0.0000000000E+00,    3.3829162802E+02
    196550,      0.676962,CP2_after_erosion,   1,    0.0000000000E+00,    3.3829162802E+02,    3.3829162802E+02,    0.0000000000E+00,    0.0000000000E+00,    0.0000000000E+00,    3.3829162802E+02
    196550,      0.676962,CP3_after_update_bottom,   1,    0.0000000000E+00,    3.3829162802E+02,    3.3829162802E+02,    0.0000000000E+00,    0.0000000000E+00,    0.0000000000E+00,    3.3829162802E+02
    196550,      0.676962,CP4_after_advection,   1,    0.0000000000E+00,    3.3829821671E+02,    3.3829821671E+02,    0.0000000000E+00,    0.0000000000E+00,    0.0000000000E+00,    3.3829821671E+02
    196550,      0.676962,CP5_after_vdif,   1,    0.0000000000E+00,    3.3829821671E+02,    3.3829821671E+02,    0.0000000000E+00,    0.0000000000E+00,    0.0000000000E+00,    3.3829821671E+02
    196550,      0.676962,CP6_after_kinetics,   1,    0.0000000000E+00,    3.3829821671E+02,    3.3829821671E+02,    0.0000000000E+00,    0.0000000000E+00,    0.0000000000E+00,    3.3829821671E+02
    196550,      0.676962,CP7_after_upper_clamp,   1,    0.0000000000E+00,    3.3829821671E+02,    3.3829821671E+02,    0.0000000000E+00,    0.0000000000E+00,    0.0000000000E+00,    3.3829821671E+02
    196550,      0.676962,CP8_after_OBC,   1,    0.0000000000E+00,    3.3829821671E+02,    3.3829821671E+02,    0.0000000000E+00,    0.0000000000E+00,    0.0000000000E+00,    3.3829821671E+02
    196550,      0.676962,CP9_after_PTsource,   1,    0.0000000000E+00,    3.3829821671E+02,    3.3829821671E+02,    0.0000000000E+00,    0.0000000000E+00,    0.0000000000E+00,    3.3829821671E+02
    196550,      0.676962,CP10_after_neg_clamp,   1,    0.0000000000E+00,    3.3829821671E+02,    3.3829821671E+02,    0.0000000000E+00,    0.0000000000E+00,    0.0000000000E+00,    3.3829821671E+02
    196550,      0.676962,CP11_after_MPI,   1,    0.0000000000E+00,    3.3829821671E+02,    3.3829821671E+02,    0.0000000000E+00,    0.0000000000E+00,    0.0000000000E+00,    3.3829821671E+02
    196550,      0.676962,CP12_end,   1,    0.0000000000E+00,    3.3829821671E+02,    3.3829821671E+02,    0.0000000000E+00,    0.0000000000E+00,    0.0000000000E+00,    3.3829821671E+02
    196600,      0.676962,CP0_start,   1,    0.0000000000E+00,    3.3848387168E+02,    3.3848387168E+02,    0.0000000000E+00,    0.0000000000E+00,    0.0000000000E+00,    3.3848387168E+02
    196600,      0.676962,CP1_after_deposition,   1,    0.0000000000E+00,    3.3848387168E+02,    3.3848387168E+02,    0.0000000000E+00,    0.0000000000E+00,    0.0000000000E+00,    3.3848387168E+02
    196600,      0.676962,CP2_after_erosion,   1,    0.0000000000E+00,    3.3848387168E+02,    3.3848387168E+02,    0.0000000000E+00,    0.0000000000E+00,    0.0000000000E+00,    3.3848387168E+02
    196600,      0.676962,CP3_after_update_bottom,   1,    0.0000000000E+00,    3.3848387168E+02,    3.3848387168E+02,    0.0000000000E+00,    0.0000000000E+00,    0.0000000000E+00,    3.3848387168E+02
    196600,      0.676962,CP4_after_advection,   1,    0.0000000000E+00,    3.3849032493E+02,    3.3849032493E+02,    0.0000000000E+00,    0.0000000000E+00,    0.0000000000E+00,    3.3849032493E+02
    196600,      0.676962,CP5_after_vdif,   1,    0.0000000000E+00,    3.3849032493E+02,    3.3849032493E+02,    0.0000000000E+00,    0.0000000000E+00,    0.0000000000E+00,    3.3849032493E+02
    196600,      0.676962,CP6_after_kinetics,   1,    0.0000000000E+00,    3.3849032493E+02,    3.3849032493E+02,    0.0000000000E+00,    0.0000000000E+00,    0.0000000000E+00,    3.3849032493E+02
    196600,      0.676962,CP7_after_upper_clamp,   1,    0.0000000000E+00,    3.3849032493E+02,    3.3849032493E+02,    0.0000000000E+00,    0.0000000000E+00,    0.0000000000E+00,    3.3849032493E+02
    196600,      0.676962,CP8_after_OBC,   1,    0.0000000000E+00,    3.3849032493E+02,    3.3849032493E+02,    0.0000000000E+00,    0.0000000000E+00,    0.0000000000E+00,    3.3849032493E+02
    196600,      0.676962,CP9_after_PTsource,   1,    0.0000000000E+00,    3.3849032493E+02,    3.3849032493E+02,    0.0000000000E+00,    0.0000000000E+00,    0.0000000000E+00,    3.3849032493E+02
    196600,      0.676962,CP10_after_neg_clamp,   1,    0.0000000000E+00,    3.3849032493E+02,    3.3849032493E+02,    0.0000000000E+00,    0.0000000000E+00,    0.0000000000E+00,    3.3849032493E+02
    196600,      0.676962,CP11_after_MPI,   1,    0.0000000000E+00,    3.3849032493E+02,    3.3849032493E+02,    0.0000000000E+00,    0.0000000000E+00,    0.0000000000E+00,    3.3849032493E+02
    196600,      0.676962,CP12_end,   1,    0.0000000000E+00,    3.3849032493E+02,    3.3849032493E+02,    0.0000000000E+00,    0.0000000000E+00,    0.0000000000E+00,    3.3849032493E+02
    196650,      0.676962,CP0_start,   1,    0.0000000000E+00,    3.3867580009E+02,    3.3867580009E+02,    0.0000000000E+00,    0.0000000000E+00,    0.0000000000E+00,    3.3867580009E+02
    196650,      0.676962,CP1_after_deposition,   1,    0.0000000000E+00,    3.3867580009E+02,    3.3867580009E+02,    0.0000000000E+00,    0.0000000000E+00,    0.0000000000E+00,    3.3867580009E+02
    196650,      0.676962,CP2_after_erosion,   1,    0.0000000000E+00,    3.3867580009E+02,    3.3867580009E+02,    0.0000000000E+00,    0.0000000000E+00,    0.0000000000E+00,    3.3867580009E+02
    196650,      0.676962,CP3_after_update_bottom,   1,    0.0000000000E+00,    3.3867580009E+02,    3.3867580009E+02,    0.0000000000E+00,    0.0000000000E+00,    0.0000000000E+00,    3.3867580009E+02
    196650,      0.676962,CP4_after_advection,   1,    0.0000000000E+00,    3.3868213190E+02,    3.3868213190E+02,    0.0000000000E+00,    0.0000000000E+00,    0.0000000000E+00,    3.3868213190E+02
    196650,      0.676962,CP5_after_vdif,   1,    0.0000000000E+00,    3.3868213190E+02,    3.3868213190E+02,    0.0000000000E+00,    0.0000000000E+00,    0.0000000000E+00,    3.3868213190E+02
    196650,      0.676962,CP6_after_kinetics,   1,    0.0000000000E+00,    3.3868213190E+02,    3.3868213190E+02,    0.0000000000E+00,    0.0000000000E+00,    0.0000000000E+00,    3.3868213190E+02
    196650,      0.676962,CP7_after_upper_clamp,   1,    0.0000000000E+00,    3.3868213190E+02,    3.3868213190E+02,    0.0000000000E+00,    0.0000000000E+00,    0.0000000000E+00,    3.3868213190E+02
    196650,      0.676962,CP8_after_OBC,   1,    0.0000000000E+00,    3.3868213190E+02,    3.3868213190E+02,    0.0000000000E+00,    0.0000000000E+00,    0.0000000000E+00,    3.3868213190E+02
    196650,      0.676962,CP9_after_PTsource,   1,    0.0000000000E+00,    3.3868213190E+02,    3.3868213190E+02,    0.0000000000E+00,    0.0000000000E+00,    0.0000000000E+00,    3.3868213190E+02
    196650,      0.676962,CP10_after_neg_clamp,   1,    0.0000000000E+00,    3.3868213190E+02,    3.3868213190E+02,    0.0000000000E+00,    0.0000000000E+00,    0.0000000000E+00,    3.3868213190E+02
    196650,      0.676962,CP11_after_MPI,   1,    0.0000000000E+00,    3.3868213190E+02,    3.3868213190E+02,    0.0000000000E+00,    0.0000000000E+00,    0.0000000000E+00,    3.3868213190E+02
    196650,      0.676962,CP12_end,   1,    0.0000000000E+00,    3.3868213190E+02,    3.3868213190E+02,    0.0000000000E+00,    0.0000000000E+00,    0.0000000000E+00,    3.3868213190E+02
    196700,      0.676962,CP0_start,   1,    0.0000000000E+00,    3.3886749900E+02,    3.3886749900E+02,    0.0000000000E+00,    0.0000000000E+00,    0.0000000000E+00,    3.3886749900E+02
    196700,      0.676962,CP1_after_deposition,   1,    0.0000000000E+00,    3.3886749900E+02,    3.3886749900E+02,    0.0000000000E+00,    0.0000000000E+00,    0.0000000000E+00,    3.3886749900E+02
    196700,      0.676962,CP2_after_erosion,   1,    0.0000000000E+00,    3.3886749900E+02,    3.3886749900E+02,    0.0000000000E+00,    0.0000000000E+00,    0.0000000000E+00,    3.3886749900E+02
    196700,      0.676962,CP3_after_update_bottom,   1,    0.0000000000E+00,    3.3886749900E+02,    3.3886749900E+02,    0.0000000000E+00,    0.0000000000E+00,    0.0000000000E+00,    3.3886749900E+02
    196700,      0.676962,CP4_after_advection,   1,    0.0000000000E+00,    3.3887370779E+02,    3.3887370779E+02,    0.0000000000E+00,    0.0000000000E+00,    0.0000000000E+00,    3.3887370779E+02
    196700,      0.676962,CP5_after_vdif,   1,    0.0000000000E+00,    3.3887370779E+02,    3.3887370779E+02,    0.0000000000E+00,    0.0000000000E+00,    0.0000000000E+00,    3.3887370779E+02
    196700,      0.676962,CP6_after_kinetics,   1,    0.0000000000E+00,    3.3887370779E+02,    3.3887370779E+02,    0.0000000000E+00,    0.0000000000E+00,    0.0000000000E+00,    3.3887370779E+02
    196700,      0.676962,CP7_after_upper_clamp,   1,    0.0000000000E+00,    3.3887370779E+02,    3.3887370779E+02,    0.0000000000E+00,    0.0000000000E+00,    0.0000000000E+00,    3.3887370779E+02
    196700,      0.676962,CP8_after_OBC,   1,    0.0000000000E+00,    3.3887370779E+02,    3.3887370779E+02,    0.0000000000E+00,    0.0000000000E+00,    0.0000000000E+00,    3.3887370779E+02
    196700,      0.676962,CP9_after_PTsource,   1,    0.0000000000E+00,    3.3887370779E+02,    3.3887370779E+02,    0.0000000000E+00,    0.0000000000E+00,    0.0000000000E+00,    3.3887370779E+02
    196700,      0.676962,CP10_after_neg_clamp,   1,    0.0000000000E+00,    3.3887370779E+02,    3.3887370779E+02,    0.0000000000E+00,    0.0000000000E+00,    0.0000000000E+00,    3.3887370779E+02
    196700,      0.676962,CP11_after_MPI,   1,    0.0000000000E+00,    3.3887370779E+02,    3.3887370779E+02,    0.0000000000E+00,    0.0000000000E+00,    0.0000000000E+00,    3.3887370779E+02
    196700,      0.676962,CP12_end,   1,    0.0000000000E+00,    3.3887370779E+02,    3.3887370779E+02,    0.0000000000E+00,    0.0000000000E+00,    0.0000000000E+00,    3.3887370779E+02
    196750,      0.676962,CP0_start,   1,    0.0000000000E+00,    3.3905914018E+02,    3.3905914018E+02,    0.0000000000E+00,    0.0000000000E+00,    0.0000000000E+00,    3.3905914018E+02
    196750,      0.676962,CP1_after_deposition,   1,    0.0000000000E+00,    3.3905914018E+02,    3.3905914018E+02,    0.0000000000E+00,    0.0000000000E+00,    0.0000000000E+00,    3.3905914018E+02
    196750,      0.676962,CP2_after_erosion,   1,    0.0000000000E+00,    3.3905914018E+02,    3.3905914018E+02,    0.0000000000E+00,    0.0000000000E+00,    0.0000000000E+00,    3.3905914018E+02
    196750,      0.676962,CP3_after_update_bottom,   1,    0.0000000000E+00,    3.3905914018E+02,    3.3905914018E+02,    0.0000000000E+00,    0.0000000000E+00,    0.0000000000E+00,    3.3905914018E+02
    196750,      0.676962,CP4_after_advection,   1,    0.0000000000E+00,    3.3906522348E+02,    3.3906522348E+02,    0.0000000000E+00,    0.0000000000E+00,    0.0000000000E+00,    3.3906522348E+02
    196750,      0.676962,CP5_after_vdif,   1,    0.0000000000E+00,    3.3906522348E+02,    3.3906522348E+02,    0.0000000000E+00,    0.0000000000E+00,    0.0000000000E+00,    3.3906522348E+02
    196750,      0.676962,CP6_after_kinetics,   1,    0.0000000000E+00,    3.3906522348E+02,    3.3906522348E+02,    0.0000000000E+00,    0.0000000000E+00,    0.0000000000E+00,    3.3906522348E+02
    196750,      0.676962,CP7_after_upper_clamp,   1,    0.0000000000E+00,    3.3906522348E+02,    3.3906522348E+02,    0.0000000000E+00,    0.0000000000E+00,    0.0000000000E+00,    3.3906522348E+02
    196750,      0.676962,CP8_after_OBC,   1,    0.0000000000E+00,    3.3906522348E+02,    3.3906522348E+02,    0.0000000000E+00,    0.0000000000E+00,    0.0000000000E+00,    3.3906522348E+02
    196750,      0.676962,CP9_after_PTsource,   1,    0.0000000000E+00,    3.3906522348E+02,    3.3906522348E+02,    0.0000000000E+00,    0.0000000000E+00,    0.0000000000E+00,    3.3906522348E+02
    196750,      0.676962,CP10_after_neg_clamp,   1,    0.0000000000E+00,    3.3906522348E+02,    3.3906522348E+02,    0.0000000000E+00,    0.0000000000E+00,    0.0000000000E+00,    3.3906522348E+02
    196750,      0.676962,CP11_after_MPI,   1,    0.0000000000E+00,    3.3906522348E+02,    3.3906522348E+02,    0.0000000000E+00,    0.0000000000E+00,    0.0000000000E+00,    3.3906522348E+02
    196750,      0.676962,CP12_end,   1,    0.0000000000E+00,    3.3906522348E+02,    3.3906522348E+02,    0.0000000000E+00,    0.0000000000E+00,    0.0000000000E+00,    3.3906522348E+02
    196800,      0.676962,CP0_start,   1,    0.0000000000E+00,    3.3925112880E+02,    3.3925112880E+02,    0.0000000000E+00,    0.0000000000E+00,    0.0000000000E+00,    3.3925112880E+02
    196800,      0.676962,CP1_after_deposition,   1,    0.0000000000E+00,    3.3925112880E+02,    3.3925112880E+02,    0.0000000000E+00,    0.0000000000E+00,    0.0000000000E+00,    3.3925112880E+02
    196800,      0.676962,CP2_after_erosion,   1,    0.0000000000E+00,    3.3925112880E+02,    3.3925112880E+02,    0.0000000000E+00,    0.0000000000E+00,    0.0000000000E+00,    3.3925112880E+02
    196800,      0.676962,CP3_after_update_bottom,   1,    0.0000000000E+00,    3.3925112880E+02,    3.3925112880E+02,    0.0000000000E+00,    0.0000000000E+00,    0.0000000000E+00,    3.3925112880E+02
    196800,      0.676962,CP4_after_advection,   1,    0.0000000000E+00,    3.3925709090E+02,    3.3925709090E+02,    0.0000000000E+00,    0.0000000000E+00,    0.0000000000E+00,    3.3925709090E+02
    196800,      0.676962,CP5_after_vdif,   1,    0.0000000000E+00,    3.3925709090E+02,    3.3925709090E+02,    0.0000000000E+00,    0.0000000000E+00,    0.0000000000E+00,    3.3925709090E+02
    196800,      0.676962,CP6_after_kinetics,   1,    0.0000000000E+00,    3.3925709090E+02,    3.3925709090E+02,    0.0000000000E+00,    0.0000000000E+00,    0.0000000000E+00,    3.3925709090E+02
    196800,      0.676962,CP7_after_upper_clamp,   1,    0.0000000000E+00,    3.3925709090E+02,    3.3925709090E+02,    0.0000000000E+00,    0.0000000000E+00,    0.0000000000E+00,    3.3925709090E+02
    196800,      0.676962,CP8_after_OBC,   1,    0.0000000000E+00,    3.3925709090E+02,    3.3925709090E+02,    0.0000000000E+00,    0.0000000000E+00,    0.0000000000E+00,    3.3925709090E+02
    196800,      0.676962,CP9_after_PTsource,   1,    0.0000000000E+00,    3.3925709090E+02,    3.3925709090E+02,    0.0000000000E+00,    0.0000000000E+00,    0.0000000000E+00,    3.3925709090E+02
    196800,      0.676962,CP10_after_neg_clamp,   1,    0.0000000000E+00,    3.3925709090E+02,    3.3925709090E+02,    0.0000000000E+00,    0.0000000000E+00,    0.0000000000E+00,    3.3925709090E+02
    196800,      0.676962,CP11_after_MPI,   1,    0.0000000000E+00,    3.3925709090E+02,    3.3925709090E+02,    0.0000000000E+00,    0.0000000000E+00,    0.0000000000E+00,    3.3925709090E+02
    196800,      0.676962,CP12_end,   1,    0.0000000000E+00,    3.3925709090E+02,    3.3925709090E+02,    0.0000000000E+00,    0.0000000000E+00,    0.0000000000E+00,    3.3925709090E+02
    196850,      0.676962,CP0_start,   1,    0.0000000000E+00,    3.3944391034E+02,    3.3944391034E+02,    0.0000000000E+00,    0.0000000000E+00,    0.0000000000E+00,    3.3944391034E+02
    196850,      0.676962,CP1_after_deposition,   1,    0.0000000000E+00,    3.3944391034E+02,    3.3944391034E+02,    0.0000000000E+00,    0.0000000000E+00,    0.0000000000E+00,    3.3944391034E+02
    196850,      0.676962,CP2_after_erosion,   1,    0.0000000000E+00,    3.3944391034E+02,    3.3944391034E+02,    0.0000000000E+00,    0.0000000000E+00,    0.0000000000E+00,    3.3944391034E+02
    196850,      0.676962,CP3_after_update_bottom,   1,    0.0000000000E+00,    3.3944391034E+02,    3.3944391034E+02,    0.0000000000E+00,    0.0000000000E+00,    0.0000000000E+00,    3.3944391034E+02
    196850,      0.676962,CP4_after_advection,   1,    0.0000000000E+00,    3.3944976721E+02,    3.3944976721E+02,    0.0000000000E+00,    0.0000000000E+00,    0.0000000000E+00,    3.3944976721E+02
    196850,      0.676962,CP5_after_vdif,   1,    0.0000000000E+00,    3.3944976721E+02,    3.3944976721E+02,    0.0000000000E+00,    0.0000000000E+00,    0.0000000000E+00,    3.3944976721E+02
    196850,      0.676962,CP6_after_kinetics,   1,    0.0000000000E+00,    3.3944976721E+02,    3.3944976721E+02,    0.0000000000E+00,    0.0000000000E+00,    0.0000000000E+00,    3.3944976721E+02
    196850,      0.676962,CP7_after_upper_clamp,   1,    0.0000000000E+00,    3.3944976721E+02,    3.3944976721E+02,    0.0000000000E+00,    0.0000000000E+00,    0.0000000000E+00,    3.3944976721E+02
    196850,      0.676962,CP8_after_OBC,   1,    0.0000000000E+00,    3.3944976721E+02,    3.3944976721E+02,    0.0000000000E+00,    0.0000000000E+00,    0.0000000000E+00,    3.3944976721E+02
    196850,      0.676962,CP9_after_PTsource,   1,    0.0000000000E+00,    3.3944976721E+02,    3.3944976721E+02,    0.0000000000E+00,    0.0000000000E+00,    0.0000000000E+00,    3.3944976721E+02
    196850,      0.676962,CP10_after_neg_clamp,   1,    0.0000000000E+00,    3.3944976721E+02,    3.3944976721E+02,    0.0000000000E+00,    0.0000000000E+00,    0.0000000000E+00,    3.3944976721E+02
    196850,      0.676962,CP11_after_MPI,   1,    0.0000000000E+00,    3.3944976721E+02,    3.3944976721E+02,    0.0000000000E+00,    0.0000000000E+00,    0.0000000000E+00,    3.3944976721E+02
    196850,      0.676962,CP12_end,   1,    0.0000000000E+00,    3.3944976721E+02,    3.3944976721E+02,    0.0000000000E+00,    0.0000000000E+00,    0.0000000000E+00,    3.3944976721E+02
    196900,      0.676962,CP0_start,   1,    0.0000000000E+00,    3.3963797344E+02,    3.3963797344E+02,    0.0000000000E+00,    0.0000000000E+00,    0.0000000000E+00,    3.3963797344E+02
    196900,      0.676962,CP1_after_deposition,   1,    0.0000000000E+00,    3.3963797344E+02,    3.3963797344E+02,    0.0000000000E+00,    0.0000000000E+00,    0.0000000000E+00,    3.3963797344E+02
    196900,      0.676962,CP2_after_erosion,   1,    0.0000000000E+00,    3.3963797344E+02,    3.3963797344E+02,    0.0000000000E+00,    0.0000000000E+00,    0.0000000000E+00,    3.3963797344E+02
    196900,      0.676962,CP3_after_update_bottom,   1,    0.0000000000E+00,    3.3963797344E+02,    3.3963797344E+02,    0.0000000000E+00,    0.0000000000E+00,    0.0000000000E+00,    3.3963797344E+02
    196900,      0.676962,CP4_after_advection,   1,    0.0000000000E+00,    3.3964373431E+02,    3.3964373431E+02,    0.0000000000E+00,    0.0000000000E+00,    0.0000000000E+00,    3.3964373431E+02
    196900,      0.676962,CP5_after_vdif,   1,    0.0000000000E+00,    3.3964373431E+02,    3.3964373431E+02,    0.0000000000E+00,    0.0000000000E+00,    0.0000000000E+00,    3.3964373431E+02
    196900,      0.676962,CP6_after_kinetics,   1,    0.0000000000E+00,    3.3964373431E+02,    3.3964373431E+02,    0.0000000000E+00,    0.0000000000E+00,    0.0000000000E+00,    3.3964373431E+02
    196900,      0.676962,CP7_after_upper_clamp,   1,    0.0000000000E+00,    3.3964373431E+02,    3.3964373431E+02,    0.0000000000E+00,    0.0000000000E+00,    0.0000000000E+00,    3.3964373431E+02
    196900,      0.676962,CP8_after_OBC,   1,    0.0000000000E+00,    3.3964373431E+02,    3.3964373431E+02,    0.0000000000E+00,    0.0000000000E+00,    0.0000000000E+00,    3.3964373431E+02
    196900,      0.676962,CP9_after_PTsource,   1,    0.0000000000E+00,    3.3964373431E+02,    3.3964373431E+02,    0.0000000000E+00,    0.0000000000E+00,    0.0000000000E+00,    3.3964373431E+02
    196900,      0.676962,CP10_after_neg_clamp,   1,    0.0000000000E+00,    3.3964373431E+02,    3.3964373431E+02,    0.0000000000E+00,    0.0000000000E+00,    0.0000000000E+00,    3.3964373431E+02
    196900,      0.676962,CP11_after_MPI,   1,    0.0000000000E+00,    3.3964373431E+02,    3.3964373431E+02,    0.0000000000E+00,    0.0000000000E+00,    0.0000000000E+00,    3.3964373431E+02
    196900,      0.676962,CP12_end,   1,    0.0000000000E+00,    3.3964373431E+02,    3.3964373431E+02,    0.0000000000E+00,    0.0000000000E+00,    0.0000000000E+00,    3.3964373431E+02
    196950,      0.676962,CP0_start,   1,    0.0000000000E+00,    3.3983360650E+02,    3.3983360650E+02,    0.0000000000E+00,    0.0000000000E+00,    0.0000000000E+00,    3.3983360650E+02
    196950,      0.676962,CP1_after_deposition,   1,    0.0000000000E+00,    3.3983360650E+02,    3.3983360650E+02,    0.0000000000E+00,    0.0000000000E+00,    0.0000000000E+00,    3.3983360650E+02
    196950,      0.676962,CP2_after_erosion,   1,    0.0000000000E+00,    3.3983360650E+02,    3.3983360650E+02,    0.0000000000E+00,    0.0000000000E+00,    0.0000000000E+00,    3.3983360650E+02
    196950,      0.676962,CP3_after_update_bottom,   1,    0.0000000000E+00,    3.3983360650E+02,    3.3983360650E+02,    0.0000000000E+00,    0.0000000000E+00,    0.0000000000E+00,    3.3983360650E+02
    196950,      0.676962,CP4_after_advection,   1,    0.0000000000E+00,    3.3983927717E+02,    3.3983927717E+02,    0.0000000000E+00,    0.0000000000E+00,    0.0000000000E+00,    3.3983927717E+02
    196950,      0.676962,CP5_after_vdif,   1,    0.0000000000E+00,    3.3983927717E+02,    3.3983927717E+02,    0.0000000000E+00,    0.0000000000E+00,    0.0000000000E+00,    3.3983927717E+02
    196950,      0.676962,CP6_after_kinetics,   1,    0.0000000000E+00,    3.3983927717E+02,    3.3983927717E+02,    0.0000000000E+00,    0.0000000000E+00,    0.0000000000E+00,    3.3983927717E+02
    196950,      0.676962,CP7_after_upper_clamp,   1,    0.0000000000E+00,    3.3983927717E+02,    3.3983927717E+02,    0.0000000000E+00,    0.0000000000E+00,    0.0000000000E+00,    3.3983927717E+02
    196950,      0.676962,CP8_after_OBC,   1,    0.0000000000E+00,    3.3983927717E+02,    3.3983927717E+02,    0.0000000000E+00,    0.0000000000E+00,    0.0000000000E+00,    3.3983927717E+02
    196950,      0.676962,CP9_after_PTsource,   1,    0.0000000000E+00,    3.3983927717E+02,    3.3983927717E+02,    0.0000000000E+00,    0.0000000000E+00,    0.0000000000E+00,    3.3983927717E+02
    196950,      0.676962,CP10_after_neg_clamp,   1,    0.0000000000E+00,    3.3983927717E+02,    3.3983927717E+02,    0.0000000000E+00,    0.0000000000E+00,    0.0000000000E+00,    3.3983927717E+02
    196950,      0.676962,CP11_after_MPI,   1,    0.0000000000E+00,    3.3983927717E+02,    3.3983927717E+02,    0.0000000000E+00,    0.0000000000E+00,    0.0000000000E+00,    3.3983927717E+02
    196950,      0.676962,CP12_end,   1,    0.0000000000E+00,    3.3983927717E+02,    3.3983927717E+02,    0.0000000000E+00,    0.0000000000E+00,    0.0000000000E+00,    3.3983927717E+02
    197000,      0.676963,CP0_start,   1,    0.0000000000E+00,    3.4003081761E+02,    3.4003081761E+02,    0.0000000000E+00,    0.0000000000E+00,    0.0000000000E+00,    3.4003081761E+02
    197000,      0.676963,CP1_after_deposition,   1,    0.0000000000E+00,    3.4003081761E+02,    3.4003081761E+02,    0.0000000000E+00,    0.0000000000E+00,    0.0000000000E+00,    3.4003081761E+02
    197000,      0.676963,CP2_after_erosion,   1,    0.0000000000E+00,    3.4003081761E+02,    3.4003081761E+02,    0.0000000000E+00,    0.0000000000E+00,    0.0000000000E+00,    3.4003081761E+02
    197000,      0.676963,CP3_after_update_bottom,   1,    0.0000000000E+00,    3.4003081761E+02,    3.4003081761E+02,    0.0000000000E+00,    0.0000000000E+00,    0.0000000000E+00,    3.4003081761E+02
    197000,      0.676963,CP4_after_advection,   1,    0.0000000000E+00,    3.4003638623E+02,    3.4003638623E+02,    0.0000000000E+00,    0.0000000000E+00,    0.0000000000E+00,    3.4003638623E+02
    197000,      0.676963,CP5_after_vdif,   1,    0.0000000000E+00,    3.4003638623E+02,    3.4003638623E+02,    0.0000000000E+00,    0.0000000000E+00,    0.0000000000E+00,    3.4003638623E+02
    197000,      0.676963,CP6_after_kinetics,   1,    0.0000000000E+00,    3.4003638623E+02,    3.4003638623E+02,    0.0000000000E+00,    0.0000000000E+00,    0.0000000000E+00,    3.4003638623E+02
    197000,      0.676963,CP7_after_upper_clamp,   1,    0.0000000000E+00,    3.4003638623E+02,    3.4003638623E+02,    0.0000000000E+00,    0.0000000000E+00,    0.0000000000E+00,    3.4003638623E+02
    197000,      0.676963,CP8_after_OBC,   1,    0.0000000000E+00,    3.4003638623E+02,    3.4003638623E+02,    0.0000000000E+00,    0.0000000000E+00,    0.0000000000E+00,    3.4003638623E+02
    197000,      0.676963,CP9_after_PTsource,   1,    0.0000000000E+00,    3.4003638623E+02,    3.4003638623E+02,    0.0000000000E+00,    0.0000000000E+00,    0.0000000000E+00,    3.4003638623E+02
    197000,      0.676963,CP10_after_neg_clamp,   1,    0.0000000000E+00,    3.4003638623E+02,    3.4003638623E+02,    0.0000000000E+00,    0.0000000000E+00,    0.0000000000E+00,    3.4003638623E+02
    197000,      0.676963,CP11_after_MPI,   1,    0.0000000000E+00,    3.4003638623E+02,    3.4003638623E+02,    0.0000000000E+00,    0.0000000000E+00,    0.0000000000E+00,    3.4003638623E+02
    197000,      0.676963,CP12_end,   1,    0.0000000000E+00,    3.4003638623E+02,    3.4003638623E+02,    0.0000000000E+00,    0.0000000000E+00,    0.0000000000E+00,    3.4003638623E+02
    197050,      0.676963,CP0_start,   1,    0.0000000000E+00,    3.4022933509E+02,    3.4022933509E+02,    0.0000000000E+00,    0.0000000000E+00,    0.0000000000E+00,    3.4022933509E+02
    197050,      0.676963,CP1_after_deposition,   1,    0.0000000000E+00,    3.4022933509E+02,    3.4022933509E+02,    0.0000000000E+00,    0.0000000000E+00,    0.0000000000E+00,    3.4022933509E+02
    197050,      0.676963,CP2_after_erosion,   1,    0.0000000000E+00,    3.4022933509E+02,    3.4022933509E+02,    0.0000000000E+00,    0.0000000000E+00,    0.0000000000E+00,    3.4022933509E+02
    197050,      0.676963,CP3_after_update_bottom,   1,    0.0000000000E+00,    3.4022933509E+02,    3.4022933509E+02,    0.0000000000E+00,    0.0000000000E+00,    0.0000000000E+00,    3.4022933509E+02
    197050,      0.676963,CP4_after_advection,   1,    0.0000000000E+00,    3.4023478884E+02,    3.4023478884E+02,    0.0000000000E+00,    0.0000000000E+00,    0.0000000000E+00,    3.4023478884E+02
    197050,      0.676963,CP5_after_vdif,   1,    0.0000000000E+00,    3.4023478884E+02,    3.4023478884E+02,    0.0000000000E+00,    0.0000000000E+00,    0.0000000000E+00,    3.4023478884E+02
    197050,      0.676963,CP6_after_kinetics,   1,    0.0000000000E+00,    3.4023478884E+02,    3.4023478884E+02,    0.0000000000E+00,    0.0000000000E+00,    0.0000000000E+00,    3.4023478884E+02
    197050,      0.676963,CP7_after_upper_clamp,   1,    0.0000000000E+00,    3.4023478884E+02,    3.4023478884E+02,    0.0000000000E+00,    0.0000000000E+00,    0.0000000000E+00,    3.4023478884E+02
    197050,      0.676963,CP8_after_OBC,   1,    0.0000000000E+00,    3.4023478884E+02,    3.4023478884E+02,    0.0000000000E+00,    0.0000000000E+00,    0.0000000000E+00,    3.4023478884E+02
    197050,      0.676963,CP9_after_PTsource,   1,    0.0000000000E+00,    3.4023478884E+02,    3.4023478884E+02,    0.0000000000E+00,    0.0000000000E+00,    0.0000000000E+00,    3.4023478884E+02
    197050,      0.676963,CP10_after_neg_clamp,   1,    0.0000000000E+00,    3.4023478884E+02,    3.4023478884E+02,    0.0000000000E+00,    0.0000000000E+00,    0.0000000000E+00,    3.4023478884E+02
    197050,      0.676963,CP11_after_MPI,   1,    0.0000000000E+00,    3.4023478884E+02,    3.4023478884E+02,    0.0000000000E+00,    0.0000000000E+00,    0.0000000000E+00,    3.4023478884E+02
    197050,      0.676963,CP12_end,   1,    0.0000000000E+00,    3.4023478884E+02,    3.4023478884E+02,    0.0000000000E+00,    0.0000000000E+00,    0.0000000000E+00,    3.4023478884E+02
    197100,      0.676963,CP0_start,   1,    0.0000000000E+00,    3.4042873477E+02,    3.4042873477E+02,    0.0000000000E+00,    0.0000000000E+00,    0.0000000000E+00,    3.4042873477E+02
    197100,      0.676963,CP1_after_deposition,   1,    0.0000000000E+00,    3.4042873477E+02,    3.4042873477E+02,    0.0000000000E+00,    0.0000000000E+00,    0.0000000000E+00,    3.4042873477E+02
    197100,      0.676963,CP2_after_erosion,   1,    0.0000000000E+00,    3.4042873477E+02,    3.4042873477E+02,    0.0000000000E+00,    0.0000000000E+00,    0.0000000000E+00,    3.4042873477E+02
    197100,      0.676963,CP3_after_update_bottom,   1,    0.0000000000E+00,    3.4042873477E+02,    3.4042873477E+02,    0.0000000000E+00,    0.0000000000E+00,    0.0000000000E+00,    3.4042873477E+02
    197100,      0.676963,CP4_after_advection,   1,    0.0000000000E+00,    3.4043407532E+02,    3.4043407532E+02,    0.0000000000E+00,    0.0000000000E+00,    0.0000000000E+00,    3.4043407532E+02
    197100,      0.676963,CP5_after_vdif,   1,    0.0000000000E+00,    3.4043407532E+02,    3.4043407532E+02,    0.0000000000E+00,    0.0000000000E+00,    0.0000000000E+00,    3.4043407532E+02
    197100,      0.676963,CP6_after_kinetics,   1,    0.0000000000E+00,    3.4043407532E+02,    3.4043407532E+02,    0.0000000000E+00,    0.0000000000E+00,    0.0000000000E+00,    3.4043407532E+02
    197100,      0.676963,CP7_after_upper_clamp,   1,    0.0000000000E+00,    3.4043407532E+02,    3.4043407532E+02,    0.0000000000E+00,    0.0000000000E+00,    0.0000000000E+00,    3.4043407532E+02
    197100,      0.676963,CP8_after_OBC,   1,    0.0000000000E+00,    3.4043407532E+02,    3.4043407532E+02,    0.0000000000E+00,    0.0000000000E+00,    0.0000000000E+00,    3.4043407532E+02
    197100,      0.676963,CP9_after_PTsource,   1,    0.0000000000E+00,    3.4043407532E+02,    3.4043407532E+02,    0.0000000000E+00,    0.0000000000E+00,    0.0000000000E+00,    3.4043407532E+02
    197100,      0.676963,CP10_after_neg_clamp,   1,    0.0000000000E+00,    3.4043407532E+02,    3.4043407532E+02,    0.0000000000E+00,    0.0000000000E+00,    0.0000000000E+00,    3.4043407532E+02
    197100,      0.676963,CP11_after_MPI,   1,    0.0000000000E+00,    3.4043407532E+02,    3.4043407532E+02,    0.0000000000E+00,    0.0000000000E+00,    0.0000000000E+00,    3.4043407532E+02
    197100,      0.676963,CP12_end,   1,    0.0000000000E+00,    3.4043407532E+02,    3.4043407532E+02,    0.0000000000E+00,    0.0000000000E+00,    0.0000000000E+00,    3.4043407532E+02
    197150,      0.676963,CP0_start,   1,    0.0000000000E+00,    3.4062837335E+02,    3.4062837335E+02,    0.0000000000E+00,    0.0000000000E+00,    0.0000000000E+00,    3.4062837335E+02
    197150,      0.676963,CP1_after_deposition,   1,    0.0000000000E+00,    3.4062837335E+02,    3.4062837335E+02,    0.0000000000E+00,    0.0000000000E+00,    0.0000000000E+00,    3.4062837335E+02
    197150,      0.676963,CP2_after_erosion,   1,    0.0000000000E+00,    3.4062837335E+02,    3.4062837335E+02,    0.0000000000E+00,    0.0000000000E+00,    0.0000000000E+00,    3.4062837335E+02
    197150,      0.676963,CP3_after_update_bottom,   1,    0.0000000000E+00,    3.4062837335E+02,    3.4062837335E+02,    0.0000000000E+00,    0.0000000000E+00,    0.0000000000E+00,    3.4062837335E+02
    197150,      0.676963,CP4_after_advection,   1,    0.0000000000E+00,    3.4063359849E+02,    3.4063359849E+02,    0.0000000000E+00,    0.0000000000E+00,    0.0000000000E+00,    3.4063359849E+02
    197150,      0.676963,CP5_after_vdif,   1,    0.0000000000E+00,    3.4063359849E+02,    3.4063359849E+02,    0.0000000000E+00,    0.0000000000E+00,    0.0000000000E+00,    3.4063359849E+02
    197150,      0.676963,CP6_after_kinetics,   1,    0.0000000000E+00,    3.4063359849E+02,    3.4063359849E+02,    0.0000000000E+00,    0.0000000000E+00,    0.0000000000E+00,    3.4063359849E+02
    197150,      0.676963,CP7_after_upper_clamp,   1,    0.0000000000E+00,    3.4063359849E+02,    3.4063359849E+02,    0.0000000000E+00,    0.0000000000E+00,    0.0000000000E+00,    3.4063359849E+02
    197150,      0.676963,CP8_after_OBC,   1,    0.0000000000E+00,    3.4063359849E+02,    3.4063359849E+02,    0.0000000000E+00,    0.0000000000E+00,    0.0000000000E+00,    3.4063359849E+02
    197150,      0.676963,CP9_after_PTsource,   1,    0.0000000000E+00,    3.4063359849E+02,    3.4063359849E+02,    0.0000000000E+00,    0.0000000000E+00,    0.0000000000E+00,    3.4063359849E+02
    197150,      0.676963,CP10_after_neg_clamp,   1,    0.0000000000E+00,    3.4063359849E+02,    3.4063359849E+02,    0.0000000000E+00,    0.0000000000E+00,    0.0000000000E+00,    3.4063359849E+02
    197150,      0.676963,CP11_after_MPI,   1,    0.0000000000E+00,    3.4063359849E+02,    3.4063359849E+02,    0.0000000000E+00,    0.0000000000E+00,    0.0000000000E+00,    3.4063359849E+02
    197150,      0.676963,CP12_end,   1,    0.0000000000E+00,    3.4063359849E+02,    3.4063359849E+02,    0.0000000000E+00,    0.0000000000E+00,    0.0000000000E+00,    3.4063359849E+02
    197200,      0.676963,CP0_start,   1,    0.0000000000E+00,    3.4082864095E+02,    3.4082864095E+02,    0.0000000000E+00,    0.0000000000E+00,    0.0000000000E+00,    3.4082864095E+02
    197200,      0.676963,CP1_after_deposition,   1,    0.0000000000E+00,    3.4082864095E+02,    3.4082864095E+02,    0.0000000000E+00,    0.0000000000E+00,    0.0000000000E+00,    3.4082864095E+02
    197200,      0.676963,CP2_after_erosion,   1,    0.0000000000E+00,    3.4082864095E+02,    3.4082864095E+02,    0.0000000000E+00,    0.0000000000E+00,    0.0000000000E+00,    3.4082864095E+02
    197200,      0.676963,CP3_after_update_bottom,   1,    0.0000000000E+00,    3.4082864095E+02,    3.4082864095E+02,    0.0000000000E+00,    0.0000000000E+00,    0.0000000000E+00,    3.4082864095E+02
    197200,      0.676963,CP4_after_advection,   1,    0.0000000000E+00,    3.4083374569E+02,    3.4083374569E+02,    0.0000000000E+00,    0.0000000000E+00,    0.0000000000E+00,    3.4083374569E+02
    197200,      0.676963,CP5_after_vdif,   1,    0.0000000000E+00,    3.4083374569E+02,    3.4083374569E+02,    0.0000000000E+00,    0.0000000000E+00,    0.0000000000E+00,    3.4083374569E+02
    197200,      0.676963,CP6_after_kinetics,   1,    0.0000000000E+00,    3.4083374569E+02,    3.4083374569E+02,    0.0000000000E+00,    0.0000000000E+00,    0.0000000000E+00,    3.4083374569E+02
    197200,      0.676963,CP7_after_upper_clamp,   1,    0.0000000000E+00,    3.4083374569E+02,    3.4083374569E+02,    0.0000000000E+00,    0.0000000000E+00,    0.0000000000E+00,    3.4083374569E+02
    197200,      0.676963,CP8_after_OBC,   1,    0.0000000000E+00,    3.4083374569E+02,    3.4083374569E+02,    0.0000000000E+00,    0.0000000000E+00,    0.0000000000E+00,    3.4083374569E+02
    197200,      0.676963,CP9_after_PTsource,   1,    0.0000000000E+00,    3.4083374569E+02,    3.4083374569E+02,    0.0000000000E+00,    0.0000000000E+00,    0.0000000000E+00,    3.4083374569E+02
    197200,      0.676963,CP10_after_neg_clamp,   1,    0.0000000000E+00,    3.4083374569E+02,    3.4083374569E+02,    0.0000000000E+00,    0.0000000000E+00,    0.0000000000E+00,    3.4083374569E+02
    197200,      0.676963,CP11_after_MPI,   1,    0.0000000000E+00,    3.4083374569E+02,    3.4083374569E+02,    0.0000000000E+00,    0.0000000000E+00,    0.0000000000E+00,    3.4083374569E+02
    197200,      0.676963,CP12_end,   1,    0.0000000000E+00,    3.4083374569E+02,    3.4083374569E+02,    0.0000000000E+00,    0.0000000000E+00,    0.0000000000E+00,    3.4083374569E+02
    197250,      0.676963,CP0_start,   1,    0.0000000000E+00,    3.4102953601E+02,    3.4102953601E+02,    0.0000000000E+00,    0.0000000000E+00,    0.0000000000E+00,    3.4102953601E+02
    197250,      0.676963,CP1_after_deposition,   1,    0.0000000000E+00,    3.4102953601E+02,    3.4102953601E+02,    0.0000000000E+00,    0.0000000000E+00,    0.0000000000E+00,    3.4102953601E+02
    197250,      0.676963,CP2_after_erosion,   1,    0.0000000000E+00,    3.4102953601E+02,    3.4102953601E+02,    0.0000000000E+00,    0.0000000000E+00,    0.0000000000E+00,    3.4102953601E+02
    197250,      0.676963,CP3_after_update_bottom,   1,    0.0000000000E+00,    3.4102953601E+02,    3.4102953601E+02,    0.0000000000E+00,    0.0000000000E+00,    0.0000000000E+00,    3.4102953601E+02
    197250,      0.676963,CP4_after_advection,   1,    0.0000000000E+00,    3.4103451103E+02,    3.4103451103E+02,    0.0000000000E+00,    0.0000000000E+00,    0.0000000000E+00,    3.4103451103E+02
    197250,      0.676963,CP5_after_vdif,   1,    0.0000000000E+00,    3.4103451103E+02,    3.4103451103E+02,    0.0000000000E+00,    0.0000000000E+00,    0.0000000000E+00,    3.4103451103E+02
    197250,      0.676963,CP6_after_kinetics,   1,    0.0000000000E+00,    3.4103451103E+02,    3.4103451103E+02,    0.0000000000E+00,    0.0000000000E+00,    0.0000000000E+00,    3.4103451103E+02
    197250,      0.676963,CP7_after_upper_clamp,   1,    0.0000000000E+00,    3.4103451103E+02,    3.4103451103E+02,    0.0000000000E+00,    0.0000000000E+00,    0.0000000000E+00,    3.4103451103E+02
    197250,      0.676963,CP8_after_OBC,   1,    0.0000000000E+00,    3.4103451103E+02,    3.4103451103E+02,    0.0000000000E+00,    0.0000000000E+00,    0.0000000000E+00,    3.4103451103E+02
    197250,      0.676963,CP9_after_PTsource,   1,    0.0000000000E+00,    3.4103451103E+02,    3.4103451103E+02,    0.0000000000E+00,    0.0000000000E+00,    0.0000000000E+00,    3.4103451103E+02
    197250,      0.676963,CP10_after_neg_clamp,   1,    0.0000000000E+00,    3.4103451103E+02,    3.4103451103E+02,    0.0000000000E+00,    0.0000000000E+00,    0.0000000000E+00,    3.4103451103E+02
    197250,      0.676963,CP11_after_MPI,   1,    0.0000000000E+00,    3.4103451103E+02,    3.4103451103E+02,    0.0000000000E+00,    0.0000000000E+00,    0.0000000000E+00,    3.4103451103E+02
    197250,      0.676963,CP12_end,   1,    0.0000000000E+00,    3.4103451103E+02,    3.4103451103E+02,    0.0000000000E+00,    0.0000000000E+00,    0.0000000000E+00,    3.4103451103E+02
    197300,      0.676963,CP0_start,   1,    0.0000000000E+00,    3.4123084995E+02,    3.4123084995E+02,    0.0000000000E+00,    0.0000000000E+00,    0.0000000000E+00,    3.4123084995E+02
    197300,      0.676963,CP1_after_deposition,   1,    0.0000000000E+00,    3.4123084995E+02,    3.4123084995E+02,    0.0000000000E+00,    0.0000000000E+00,    0.0000000000E+00,    3.4123084995E+02
    197300,      0.676963,CP2_after_erosion,   1,    0.0000000000E+00,    3.4123084995E+02,    3.4123084995E+02,    0.0000000000E+00,    0.0000000000E+00,    0.0000000000E+00,    3.4123084995E+02
    197300,      0.676963,CP3_after_update_bottom,   1,    0.0000000000E+00,    3.4123084995E+02,    3.4123084995E+02,    0.0000000000E+00,    0.0000000000E+00,    0.0000000000E+00,    3.4123084995E+02
    197300,      0.676963,CP4_after_advection,   1,    0.0000000000E+00,    3.4123569217E+02,    3.4123569217E+02,    0.0000000000E+00,    0.0000000000E+00,    0.0000000000E+00,    3.4123569217E+02
    197300,      0.676963,CP5_after_vdif,   1,    0.0000000000E+00,    3.4123569217E+02,    3.4123569217E+02,    0.0000000000E+00,    0.0000000000E+00,    0.0000000000E+00,    3.4123569217E+02
    197300,      0.676963,CP6_after_kinetics,   1,    0.0000000000E+00,    3.4123569217E+02,    3.4123569217E+02,    0.0000000000E+00,    0.0000000000E+00,    0.0000000000E+00,    3.4123569217E+02
    197300,      0.676963,CP7_after_upper_clamp,   1,    0.0000000000E+00,    3.4123569217E+02,    3.4123569217E+02,    0.0000000000E+00,    0.0000000000E+00,    0.0000000000E+00,    3.4123569217E+02
    197300,      0.676963,CP8_after_OBC,   1,    0.0000000000E+00,    3.4123569217E+02,    3.4123569217E+02,    0.0000000000E+00,    0.0000000000E+00,    0.0000000000E+00,    3.4123569217E+02
    197300,      0.676963,CP9_after_PTsource,   1,    0.0000000000E+00,    3.4123569217E+02,    3.4123569217E+02,    0.0000000000E+00,    0.0000000000E+00,    0.0000000000E+00,    3.4123569217E+02
    197300,      0.676963,CP10_after_neg_clamp,   1,    0.0000000000E+00,    3.4123569217E+02,    3.4123569217E+02,    0.0000000000E+00,    0.0000000000E+00,    0.0000000000E+00,    3.4123569217E+02
    197300,      0.676963,CP11_after_MPI,   1,    0.0000000000E+00,    3.4123569217E+02,    3.4123569217E+02,    0.0000000000E+00,    0.0000000000E+00,    0.0000000000E+00,    3.4123569217E+02
    197300,      0.676963,CP12_end,   1,    0.0000000000E+00,    3.4123569217E+02,    3.4123569217E+02,    0.0000000000E+00,    0.0000000000E+00,    0.0000000000E+00,    3.4123569217E+02
    197350,      0.676963,CP0_start,   1,    0.0000000000E+00,    3.4143203874E+02,    3.4143203874E+02,    0.0000000000E+00,    0.0000000000E+00,    0.0000000000E+00,    3.4143203874E+02
    197350,      0.676963,CP1_after_deposition,   1,    0.0000000000E+00,    3.4143203874E+02,    3.4143203874E+02,    0.0000000000E+00,    0.0000000000E+00,    0.0000000000E+00,    3.4143203874E+02
    197350,      0.676963,CP2_after_erosion,   1,    0.0000000000E+00,    3.4143203874E+02,    3.4143203874E+02,    0.0000000000E+00,    0.0000000000E+00,    0.0000000000E+00,    3.4143203874E+02
    197350,      0.676963,CP3_after_update_bottom,   1,    0.0000000000E+00,    3.4143203874E+02,    3.4143203874E+02,    0.0000000000E+00,    0.0000000000E+00,    0.0000000000E+00,    3.4143203874E+02
    197350,      0.676963,CP4_after_advection,   1,    0.0000000000E+00,    3.4143673002E+02,    3.4143673002E+02,    0.0000000000E+00,    0.0000000000E+00,    0.0000000000E+00,    3.4143673002E+02
    197350,      0.676963,CP5_after_vdif,   1,    0.0000000000E+00,    3.4143673002E+02,    3.4143673002E+02,    0.0000000000E+00,    0.0000000000E+00,    0.0000000000E+00,    3.4143673002E+02
    197350,      0.676963,CP6_after_kinetics,   1,    0.0000000000E+00,    3.4143673002E+02,    3.4143673002E+02,    0.0000000000E+00,    0.0000000000E+00,    0.0000000000E+00,    3.4143673002E+02
    197350,      0.676963,CP7_after_upper_clamp,   1,    0.0000000000E+00,    3.4143673002E+02,    3.4143673002E+02,    0.0000000000E+00,    0.0000000000E+00,    0.0000000000E+00,    3.4143673002E+02
    197350,      0.676963,CP8_after_OBC,   1,    0.0000000000E+00,    3.4143673002E+02,    3.4143673002E+02,    0.0000000000E+00,    0.0000000000E+00,    0.0000000000E+00,    3.4143673002E+02
    197350,      0.676963,CP9_after_PTsource,   1,    0.0000000000E+00,    3.4143673002E+02,    3.4143673002E+02,    0.0000000000E+00,    0.0000000000E+00,    0.0000000000E+00,    3.4143673002E+02
    197350,      0.676963,CP10_after_neg_clamp,   1,    0.0000000000E+00,    3.4143673002E+02,    3.4143673002E+02,    0.0000000000E+00,    0.0000000000E+00,    0.0000000000E+00,    3.4143673002E+02
    197350,      0.676963,CP11_after_MPI,   1,    0.0000000000E+00,    3.4143673002E+02,    3.4143673002E+02,    0.0000000000E+00,    0.0000000000E+00,    0.0000000000E+00,    3.4143673002E+02
    197350,      0.676963,CP12_end,   1,    0.0000000000E+00,    3.4143673002E+02,    3.4143673002E+02,    0.0000000000E+00,    0.0000000000E+00,    0.0000000000E+00,    3.4143673002E+02
    197400,      0.676963,CP0_start,   1,    0.0000000000E+00,    3.4163200426E+02,    3.4163200426E+02,    0.0000000000E+00,    0.0000000000E+00,    0.0000000000E+00,    3.4163200426E+02
    197400,      0.676963,CP1_after_deposition,   1,    0.0000000000E+00,    3.4163200426E+02,    3.4163200426E+02,    0.0000000000E+00,    0.0000000000E+00,    0.0000000000E+00,    3.4163200426E+02
    197400,      0.676963,CP2_after_erosion,   1,    0.0000000000E+00,    3.4163200426E+02,    3.4163200426E+02,    0.0000000000E+00,    0.0000000000E+00,    0.0000000000E+00,    3.4163200426E+02
    197400,      0.676963,CP3_after_update_bottom,   1,    0.0000000000E+00,    3.4163200426E+02,    3.4163200426E+02,    0.0000000000E+00,    0.0000000000E+00,    0.0000000000E+00,    3.4163200426E+02
    197400,      0.676963,CP4_after_advection,   1,    0.0000000000E+00,    3.4163651336E+02,    3.4163651336E+02,    0.0000000000E+00,    0.0000000000E+00,    0.0000000000E+00,    3.4163651336E+02
    197400,      0.676963,CP5_after_vdif,   1,    0.0000000000E+00,    3.4163651336E+02,    3.4163651336E+02,    0.0000000000E+00,    0.0000000000E+00,    0.0000000000E+00,    3.4163651336E+02
    197400,      0.676963,CP6_after_kinetics,   1,    0.0000000000E+00,    3.4163651336E+02,    3.4163651336E+02,    0.0000000000E+00,    0.0000000000E+00,    0.0000000000E+00,    3.4163651336E+02
    197400,      0.676963,CP7_after_upper_clamp,   1,    0.0000000000E+00,    3.4163651336E+02,    3.4163651336E+02,    0.0000000000E+00,    0.0000000000E+00,    0.0000000000E+00,    3.4163651336E+02
    197400,      0.676963,CP8_after_OBC,   1,    0.0000000000E+00,    3.4163651336E+02,    3.4163651336E+02,    0.0000000000E+00,    0.0000000000E+00,    0.0000000000E+00,    3.4163651336E+02
    197400,      0.676963,CP9_after_PTsource,   1,    0.0000000000E+00,    3.4163651336E+02,    3.4163651336E+02,    0.0000000000E+00,    0.0000000000E+00,    0.0000000000E+00,    3.4163651336E+02
    197400,      0.676963,CP10_after_neg_clamp,   1,    0.0000000000E+00,    3.4163651336E+02,    3.4163651336E+02,    0.0000000000E+00,    0.0000000000E+00,    0.0000000000E+00,    3.4163651336E+02
    197400,      0.676963,CP11_after_MPI,   1,    0.0000000000E+00,    3.4163651336E+02,    3.4163651336E+02,    0.0000000000E+00,    0.0000000000E+00,    0.0000000000E+00,    3.4163651336E+02
    197400,      0.676963,CP12_end,   1,    0.0000000000E+00,    3.4163651336E+02,    3.4163651336E+02,    0.0000000000E+00,    0.0000000000E+00,    0.0000000000E+00,    3.4163651336E+02
    197450,      0.676963,CP0_start,   1,    0.0000000000E+00,    3.4182965624E+02,    3.4182965624E+02,    0.0000000000E+00,    0.0000000000E+00,    0.0000000000E+00,    3.4182965624E+02
    197450,      0.676963,CP1_after_deposition,   1,    0.0000000000E+00,    3.4182965624E+02,    3.4182965624E+02,    0.0000000000E+00,    0.0000000000E+00,    0.0000000000E+00,    3.4182965624E+02
    197450,      0.676963,CP2_after_erosion,   1,    0.0000000000E+00,    3.4182965624E+02,    3.4182965624E+02,    0.0000000000E+00,    0.0000000000E+00,    0.0000000000E+00,    3.4182965624E+02
    197450,      0.676963,CP3_after_update_bottom,   1,    0.0000000000E+00,    3.4182965624E+02,    3.4182965624E+02,    0.0000000000E+00,    0.0000000000E+00,    0.0000000000E+00,    3.4182965624E+02
    197450,      0.676963,CP4_after_advection,   1,    0.0000000000E+00,    3.4183396229E+02,    3.4183396229E+02,    0.0000000000E+00,    0.0000000000E+00,    0.0000000000E+00,    3.4183396229E+02
    197450,      0.676963,CP5_after_vdif,   1,    0.0000000000E+00,    3.4183396229E+02,    3.4183396229E+02,    0.0000000000E+00,    0.0000000000E+00,    0.0000000000E+00,    3.4183396229E+02
    197450,      0.676963,CP6_after_kinetics,   1,    0.0000000000E+00,    3.4183396229E+02,    3.4183396229E+02,    0.0000000000E+00,    0.0000000000E+00,    0.0000000000E+00,    3.4183396229E+02
    197450,      0.676963,CP7_after_upper_clamp,   1,    0.0000000000E+00,    3.4183396229E+02,    3.4183396229E+02,    0.0000000000E+00,    0.0000000000E+00,    0.0000000000E+00,    3.4183396229E+02
    197450,      0.676963,CP8_after_OBC,   1,    0.0000000000E+00,    3.4183396229E+02,    3.4183396229E+02,    0.0000000000E+00,    0.0000000000E+00,    0.0000000000E+00,    3.4183396229E+02
    197450,      0.676963,CP9_after_PTsource,   1,    0.0000000000E+00,    3.4183396229E+02,    3.4183396229E+02,    0.0000000000E+00,    0.0000000000E+00,    0.0000000000E+00,    3.4183396229E+02
    197450,      0.676963,CP10_after_neg_clamp,   1,    0.0000000000E+00,    3.4183396229E+02,    3.4183396229E+02,    0.0000000000E+00,    0.0000000000E+00,    0.0000000000E+00,    3.4183396229E+02
    197450,      0.676963,CP11_after_MPI,   1,    0.0000000000E+00,    3.4183396229E+02,    3.4183396229E+02,    0.0000000000E+00,    0.0000000000E+00,    0.0000000000E+00,    3.4183396229E+02
    197450,      0.676963,CP12_end,   1,    0.0000000000E+00,    3.4183396229E+02,    3.4183396229E+02,    0.0000000000E+00,    0.0000000000E+00,    0.0000000000E+00,    3.4183396229E+02
    197500,      0.676963,CP0_start,   1,    0.0000000000E+00,    3.4202402678E+02,    3.4202402678E+02,    0.0000000000E+00,    0.0000000000E+00,    0.0000000000E+00,    3.4202402678E+02
    197500,      0.676963,CP1_after_deposition,   1,    0.0000000000E+00,    3.4202402678E+02,    3.4202402678E+02,    0.0000000000E+00,    0.0000000000E+00,    0.0000000000E+00,    3.4202402678E+02
    197500,      0.676963,CP2_after_erosion,   1,    0.0000000000E+00,    3.4202402678E+02,    3.4202402678E+02,    0.0000000000E+00,    0.0000000000E+00,    0.0000000000E+00,    3.4202402678E+02
    197500,      0.676963,CP3_after_update_bottom,   1,    0.0000000000E+00,    3.4202402678E+02,    3.4202402678E+02,    0.0000000000E+00,    0.0000000000E+00,    0.0000000000E+00,    3.4202402678E+02
    197500,      0.676963,CP4_after_advection,   1,    0.0000000000E+00,    3.4202810623E+02,    3.4202810623E+02,    0.0000000000E+00,    0.0000000000E+00,    0.0000000000E+00,    3.4202810623E+02
    197500,      0.676963,CP5_after_vdif,   1,    0.0000000000E+00,    3.4202810623E+02,    3.4202810623E+02,    0.0000000000E+00,    0.0000000000E+00,    0.0000000000E+00,    3.4202810623E+02
    197500,      0.676963,CP6_after_kinetics,   1,    0.0000000000E+00,    3.4202810623E+02,    3.4202810623E+02,    0.0000000000E+00,    0.0000000000E+00,    0.0000000000E+00,    3.4202810623E+02
    197500,      0.676963,CP7_after_upper_clamp,   1,    0.0000000000E+00,    3.4202810623E+02,    3.4202810623E+02,    0.0000000000E+00,    0.0000000000E+00,    0.0000000000E+00,    3.4202810623E+02
    197500,      0.676963,CP8_after_OBC,   1,    0.0000000000E+00,    3.4202810623E+02,    3.4202810623E+02,    0.0000000000E+00,    0.0000000000E+00,    0.0000000000E+00,    3.4202810623E+02
    197500,      0.676963,CP9_after_PTsource,   1,    0.0000000000E+00,    3.4202810623E+02,    3.4202810623E+02,    0.0000000000E+00,    0.0000000000E+00,    0.0000000000E+00,    3.4202810623E+02
    197500,      0.676963,CP10_after_neg_clamp,   1,    0.0000000000E+00,    3.4202810623E+02,    3.4202810623E+02,    0.0000000000E+00,    0.0000000000E+00,    0.0000000000E+00,    3.4202810623E+02
    197500,      0.676963,CP11_after_MPI,   1,    0.0000000000E+00,    3.4202810623E+02,    3.4202810623E+02,    0.0000000000E+00,    0.0000000000E+00,    0.0000000000E+00,    3.4202810623E+02
    197500,      0.676963,CP12_end,   1,    0.0000000000E+00,    3.4202810623E+02,    3.4202810623E+02,    0.0000000000E+00,    0.0000000000E+00,    0.0000000000E+00,    3.4202810623E+02
    197550,      0.676963,CP0_start,   1,    0.0000000000E+00,    3.4221420110E+02,    3.4221420110E+02,    0.0000000000E+00,    0.0000000000E+00,    0.0000000000E+00,    3.4221420110E+02
    197550,      0.676963,CP1_after_deposition,   1,    0.0000000000E+00,    3.4221420110E+02,    3.4221420110E+02,    0.0000000000E+00,    0.0000000000E+00,    0.0000000000E+00,    3.4221420110E+02
    197550,      0.676963,CP2_after_erosion,   1,    0.0000000000E+00,    3.4221420110E+02,    3.4221420110E+02,    0.0000000000E+00,    0.0000000000E+00,    0.0000000000E+00,    3.4221420110E+02
    197550,      0.676963,CP3_after_update_bottom,   1,    0.0000000000E+00,    3.4221420110E+02,    3.4221420110E+02,    0.0000000000E+00,    0.0000000000E+00,    0.0000000000E+00,    3.4221420110E+02
    197550,      0.676963,CP4_after_advection,   1,    0.0000000000E+00,    3.4221802999E+02,    3.4221802999E+02,    0.0000000000E+00,    0.0000000000E+00,    0.0000000000E+00,    3.4221802999E+02
    197550,      0.676963,CP5_after_vdif,   1,    0.0000000000E+00,    3.4221802999E+02,    3.4221802999E+02,    0.0000000000E+00,    0.0000000000E+00,    0.0000000000E+00,    3.4221802999E+02
    197550,      0.676963,CP6_after_kinetics,   1,    0.0000000000E+00,    3.4221802999E+02,    3.4221802999E+02,    0.0000000000E+00,    0.0000000000E+00,    0.0000000000E+00,    3.4221802999E+02
    197550,      0.676963,CP7_after_upper_clamp,   1,    0.0000000000E+00,    3.4221802999E+02,    3.4221802999E+02,    0.0000000000E+00,    0.0000000000E+00,    0.0000000000E+00,    3.4221802999E+02
    197550,      0.676963,CP8_after_OBC,   1,    0.0000000000E+00,    3.4221802999E+02,    3.4221802999E+02,    0.0000000000E+00,    0.0000000000E+00,    0.0000000000E+00,    3.4221802999E+02
    197550,      0.676963,CP9_after_PTsource,   1,    0.0000000000E+00,    3.4221802999E+02,    3.4221802999E+02,    0.0000000000E+00,    0.0000000000E+00,    0.0000000000E+00,    3.4221802999E+02
    197550,      0.676963,CP10_after_neg_clamp,   1,    0.0000000000E+00,    3.4221802999E+02,    3.4221802999E+02,    0.0000000000E+00,    0.0000000000E+00,    0.0000000000E+00,    3.4221802999E+02
    197550,      0.676963,CP11_after_MPI,   1,    0.0000000000E+00,    3.4221802999E+02,    3.4221802999E+02,    0.0000000000E+00,    0.0000000000E+00,    0.0000000000E+00,    3.4221802999E+02
    197550,      0.676963,CP12_end,   1,    0.0000000000E+00,    3.4221802999E+02,    3.4221802999E+02,    0.0000000000E+00,    0.0000000000E+00,    0.0000000000E+00,    3.4221802999E+02
    197600,      0.676963,CP0_start,   1,    0.0000000000E+00,    3.4239956974E+02,    3.4239956974E+02,    0.0000000000E+00,    0.0000000000E+00,    0.0000000000E+00,    3.4239956974E+02
    197600,      0.676963,CP1_after_deposition,   1,    0.0000000000E+00,    3.4239956974E+02,    3.4239956974E+02,    0.0000000000E+00,    0.0000000000E+00,    0.0000000000E+00,    3.4239956974E+02
    197600,      0.676963,CP2_after_erosion,   1,    0.0000000000E+00,    3.4239956974E+02,    3.4239956974E+02,    0.0000000000E+00,    0.0000000000E+00,    0.0000000000E+00,    3.4239956974E+02
    197600,      0.676963,CP3_after_update_bottom,   1,    0.0000000000E+00,    3.4239956974E+02,    3.4239956974E+02,    0.0000000000E+00,    0.0000000000E+00,    0.0000000000E+00,    3.4239956974E+02
    197600,      0.676963,CP4_after_advection,   1,    0.0000000000E+00,    3.4240313879E+02,    3.4240313879E+02,    0.0000000000E+00,    0.0000000000E+00,    0.0000000000E+00,    3.4240313879E+02
    197600,      0.676963,CP5_after_vdif,   1,    0.0000000000E+00,    3.4240313879E+02,    3.4240313879E+02,    0.0000000000E+00,    0.0000000000E+00,    0.0000000000E+00,    3.4240313879E+02
    197600,      0.676963,CP6_after_kinetics,   1,    0.0000000000E+00,    3.4240313879E+02,    3.4240313879E+02,    0.0000000000E+00,    0.0000000000E+00,    0.0000000000E+00,    3.4240313879E+02
    197600,      0.676963,CP7_after_upper_clamp,   1,    0.0000000000E+00,    3.4240313879E+02,    3.4240313879E+02,    0.0000000000E+00,    0.0000000000E+00,    0.0000000000E+00,    3.4240313879E+02
    197600,      0.676963,CP8_after_OBC,   1,    0.0000000000E+00,    3.4240313879E+02,    3.4240313879E+02,    0.0000000000E+00,    0.0000000000E+00,    0.0000000000E+00,    3.4240313879E+02
    197600,      0.676963,CP9_after_PTsource,   1,    0.0000000000E+00,    3.4240313879E+02,    3.4240313879E+02,    0.0000000000E+00,    0.0000000000E+00,    0.0000000000E+00,    3.4240313879E+02
    197600,      0.676963,CP10_after_neg_clamp,   1,    0.0000000000E+00,    3.4240313879E+02,    3.4240313879E+02,    0.0000000000E+00,    0.0000000000E+00,    0.0000000000E+00,    3.4240313879E+02
    197600,      0.676963,CP11_after_MPI,   1,    0.0000000000E+00,    3.4240313879E+02,    3.4240313879E+02,    0.0000000000E+00,    0.0000000000E+00,    0.0000000000E+00,    3.4240313879E+02
    197600,      0.676963,CP12_end,   1,    0.0000000000E+00,    3.4240313879E+02,    3.4240313879E+02,    0.0000000000E+00,    0.0000000000E+00,    0.0000000000E+00,    3.4240313879E+02
    197650,      0.676963,CP0_start,   1,    0.0000000000E+00,    3.4258020256E+02,    3.4258020256E+02,    0.0000000000E+00,    0.0000000000E+00,    0.0000000000E+00,    3.4258020256E+02
    197650,      0.676963,CP1_after_deposition,   1,    0.0000000000E+00,    3.4258020256E+02,    3.4258020256E+02,    0.0000000000E+00,    0.0000000000E+00,    0.0000000000E+00,    3.4258020256E+02
    197650,      0.676963,CP2_after_erosion,   1,    0.0000000000E+00,    3.4258020256E+02,    3.4258020256E+02,    0.0000000000E+00,    0.0000000000E+00,    0.0000000000E+00,    3.4258020256E+02
    197650,      0.676963,CP3_after_update_bottom,   1,    0.0000000000E+00,    3.4258020256E+02,    3.4258020256E+02,    0.0000000000E+00,    0.0000000000E+00,    0.0000000000E+00,    3.4258020256E+02
    197650,      0.676963,CP4_after_advection,   1,    0.0000000000E+00,    3.4258352008E+02,    3.4258352008E+02,    0.0000000000E+00,    0.0000000000E+00,    0.0000000000E+00,    3.4258352008E+02
    197650,      0.676963,CP5_after_vdif,   1,    0.0000000000E+00,    3.4258352008E+02,    3.4258352008E+02,    0.0000000000E+00,    0.0000000000E+00,    0.0000000000E+00,    3.4258352008E+02
    197650,      0.676963,CP6_after_kinetics,   1,    0.0000000000E+00,    3.4258352008E+02,    3.4258352008E+02,    0.0000000000E+00,    0.0000000000E+00,    0.0000000000E+00,    3.4258352008E+02
    197650,      0.676963,CP7_after_upper_clamp,   1,    0.0000000000E+00,    3.4258352008E+02,    3.4258352008E+02,    0.0000000000E+00,    0.0000000000E+00,    0.0000000000E+00,    3.4258352008E+02
    197650,      0.676963,CP8_after_OBC,   1,    0.0000000000E+00,    3.4258352008E+02,    3.4258352008E+02,    0.0000000000E+00,    0.0000000000E+00,    0.0000000000E+00,    3.4258352008E+02
    197650,      0.676963,CP9_after_PTsource,   1,    0.0000000000E+00,    3.4258352008E+02,    3.4258352008E+02,    0.0000000000E+00,    0.0000000000E+00,    0.0000000000E+00,    3.4258352008E+02
    197650,      0.676963,CP10_after_neg_clamp,   1,    0.0000000000E+00,    3.4258352008E+02,    3.4258352008E+02,    0.0000000000E+00,    0.0000000000E+00,    0.0000000000E+00,    3.4258352008E+02
    197650,      0.676963,CP11_after_MPI,   1,    0.0000000000E+00,    3.4258352008E+02,    3.4258352008E+02,    0.0000000000E+00,    0.0000000000E+00,    0.0000000000E+00,    3.4258352008E+02
    197650,      0.676963,CP12_end,   1,    0.0000000000E+00,    3.4258352008E+02,    3.4258352008E+02,    0.0000000000E+00,    0.0000000000E+00,    0.0000000000E+00,    3.4258352008E+02
    197700,      0.676963,CP0_start,   1,    0.0000000000E+00,    3.4275676974E+02,    3.4275676974E+02,    0.0000000000E+00,    0.0000000000E+00,    0.0000000000E+00,    3.4275676974E+02
    197700,      0.676963,CP1_after_deposition,   1,    0.0000000000E+00,    3.4275676974E+02,    3.4275676974E+02,    0.0000000000E+00,    0.0000000000E+00,    0.0000000000E+00,    3.4275676974E+02
    197700,      0.676963,CP2_after_erosion,   1,    0.0000000000E+00,    3.4275676974E+02,    3.4275676974E+02,    0.0000000000E+00,    0.0000000000E+00,    0.0000000000E+00,    3.4275676974E+02
    197700,      0.676963,CP3_after_update_bottom,   1,    0.0000000000E+00,    3.4275676974E+02,    3.4275676974E+02,    0.0000000000E+00,    0.0000000000E+00,    0.0000000000E+00,    3.4275676974E+02
    197700,      0.676963,CP4_after_advection,   1,    0.0000000000E+00,    3.4275984581E+02,    3.4275984581E+02,    0.0000000000E+00,    0.0000000000E+00,    0.0000000000E+00,    3.4275984581E+02
    197700,      0.676963,CP5_after_vdif,   1,    0.0000000000E+00,    3.4275984581E+02,    3.4275984581E+02,    0.0000000000E+00,    0.0000000000E+00,    0.0000000000E+00,    3.4275984581E+02
    197700,      0.676963,CP6_after_kinetics,   1,    0.0000000000E+00,    3.4275984581E+02,    3.4275984581E+02,    0.0000000000E+00,    0.0000000000E+00,    0.0000000000E+00,    3.4275984581E+02
    197700,      0.676963,CP7_after_upper_clamp,   1,    0.0000000000E+00,    3.4275984581E+02,    3.4275984581E+02,    0.0000000000E+00,    0.0000000000E+00,    0.0000000000E+00,    3.4275984581E+02
    197700,      0.676963,CP8_after_OBC,   1,    0.0000000000E+00,    3.4275984581E+02,    3.4275984581E+02,    0.0000000000E+00,    0.0000000000E+00,    0.0000000000E+00,    3.4275984581E+02
    197700,      0.676963,CP9_after_PTsource,   1,    0.0000000000E+00,    3.4275984581E+02,    3.4275984581E+02,    0.0000000000E+00,    0.0000000000E+00,    0.0000000000E+00,    3.4275984581E+02
    197700,      0.676963,CP10_after_neg_clamp,   1,    0.0000000000E+00,    3.4275984581E+02,    3.4275984581E+02,    0.0000000000E+00,    0.0000000000E+00,    0.0000000000E+00,    3.4275984581E+02
    197700,      0.676963,CP11_after_MPI,   1,    0.0000000000E+00,    3.4275984581E+02,    3.4275984581E+02,    0.0000000000E+00,    0.0000000000E+00,    0.0000000000E+00,    3.4275984581E+02
    197700,      0.676963,CP12_end,   1,    0.0000000000E+00,    3.4275984581E+02,    3.4275984581E+02,    0.0000000000E+00,    0.0000000000E+00,    0.0000000000E+00,    3.4275984581E+02
    197750,      0.676963,CP0_start,   1,    0.0000000000E+00,    3.4292997192E+02,    3.4292997192E+02,    0.0000000000E+00,    0.0000000000E+00,    0.0000000000E+00,    3.4292997192E+02
    197750,      0.676963,CP1_after_deposition,   1,    0.0000000000E+00,    3.4292997192E+02,    3.4292997192E+02,    0.0000000000E+00,    0.0000000000E+00,    0.0000000000E+00,    3.4292997192E+02
    197750,      0.676963,CP2_after_erosion,   1,    0.0000000000E+00,    3.4292997192E+02,    3.4292997192E+02,    0.0000000000E+00,    0.0000000000E+00,    0.0000000000E+00,    3.4292997192E+02
    197750,      0.676963,CP3_after_update_bottom,   1,    0.0000000000E+00,    3.4292997192E+02,    3.4292997192E+02,    0.0000000000E+00,    0.0000000000E+00,    0.0000000000E+00,    3.4292997192E+02
    197750,      0.676963,CP4_after_advection,   1,    0.0000000000E+00,    3.4293281648E+02,    3.4293281648E+02,    0.0000000000E+00,    0.0000000000E+00,    0.0000000000E+00,    3.4293281648E+02
    197750,      0.676963,CP5_after_vdif,   1,    0.0000000000E+00,    3.4293281648E+02,    3.4293281648E+02,    0.0000000000E+00,    0.0000000000E+00,    0.0000000000E+00,    3.4293281648E+02
    197750,      0.676963,CP6_after_kinetics,   1,    0.0000000000E+00,    3.4293281648E+02,    3.4293281648E+02,    0.0000000000E+00,    0.0000000000E+00,    0.0000000000E+00,    3.4293281648E+02
    197750,      0.676963,CP7_after_upper_clamp,   1,    0.0000000000E+00,    3.4293281648E+02,    3.4293281648E+02,    0.0000000000E+00,    0.0000000000E+00,    0.0000000000E+00,    3.4293281648E+02
    197750,      0.676963,CP8_after_OBC,   1,    0.0000000000E+00,    3.4293281648E+02,    3.4293281648E+02,    0.0000000000E+00,    0.0000000000E+00,    0.0000000000E+00,    3.4293281648E+02
    197750,      0.676963,CP9_after_PTsource,   1,    0.0000000000E+00,    3.4293281648E+02,    3.4293281648E+02,    0.0000000000E+00,    0.0000000000E+00,    0.0000000000E+00,    3.4293281648E+02
    197750,      0.676963,CP10_after_neg_clamp,   1,    0.0000000000E+00,    3.4293281648E+02,    3.4293281648E+02,    0.0000000000E+00,    0.0000000000E+00,    0.0000000000E+00,    3.4293281648E+02
    197750,      0.676963,CP11_after_MPI,   1,    0.0000000000E+00,    3.4293281648E+02,    3.4293281648E+02,    0.0000000000E+00,    0.0000000000E+00,    0.0000000000E+00,    3.4293281648E+02
    197750,      0.676963,CP12_end,   1,    0.0000000000E+00,    3.4293281648E+02,    3.4293281648E+02,    0.0000000000E+00,    0.0000000000E+00,    0.0000000000E+00,    3.4293281648E+02
    197800,      0.676963,CP0_start,   1,    0.0000000000E+00,    3.4310071342E+02,    3.4310071342E+02,    0.0000000000E+00,    0.0000000000E+00,    0.0000000000E+00,    3.4310071342E+02
    197800,      0.676963,CP1_after_deposition,   1,    0.0000000000E+00,    3.4310071342E+02,    3.4310071342E+02,    0.0000000000E+00,    0.0000000000E+00,    0.0000000000E+00,    3.4310071342E+02
    197800,      0.676963,CP2_after_erosion,   1,    0.0000000000E+00,    3.4310071342E+02,    3.4310071342E+02,    0.0000000000E+00,    0.0000000000E+00,    0.0000000000E+00,    3.4310071342E+02
    197800,      0.676963,CP3_after_update_bottom,   1,    0.0000000000E+00,    3.4310071342E+02,    3.4310071342E+02,    0.0000000000E+00,    0.0000000000E+00,    0.0000000000E+00,    3.4310071342E+02
    197800,      0.676963,CP4_after_advection,   1,    0.0000000000E+00,    3.4310334171E+02,    3.4310334171E+02,    0.0000000000E+00,    0.0000000000E+00,    0.0000000000E+00,    3.4310334171E+02
    197800,      0.676963,CP5_after_vdif,   1,    0.0000000000E+00,    3.4310334171E+02,    3.4310334171E+02,    0.0000000000E+00,    0.0000000000E+00,    0.0000000000E+00,    3.4310334171E+02
    197800,      0.676963,CP6_after_kinetics,   1,    0.0000000000E+00,    3.4310334171E+02,    3.4310334171E+02,    0.0000000000E+00,    0.0000000000E+00,    0.0000000000E+00,    3.4310334171E+02
    197800,      0.676963,CP7_after_upper_clamp,   1,    0.0000000000E+00,    3.4310334171E+02,    3.4310334171E+02,    0.0000000000E+00,    0.0000000000E+00,    0.0000000000E+00,    3.4310334171E+02
    197800,      0.676963,CP8_after_OBC,   1,    0.0000000000E+00,    3.4310334171E+02,    3.4310334171E+02,    0.0000000000E+00,    0.0000000000E+00,    0.0000000000E+00,    3.4310334171E+02
    197800,      0.676963,CP9_after_PTsource,   1,    0.0000000000E+00,    3.4310334171E+02,    3.4310334171E+02,    0.0000000000E+00,    0.0000000000E+00,    0.0000000000E+00,    3.4310334171E+02
    197800,      0.676963,CP10_after_neg_clamp,   1,    0.0000000000E+00,    3.4310334171E+02,    3.4310334171E+02,    0.0000000000E+00,    0.0000000000E+00,    0.0000000000E+00,    3.4310334171E+02
    197800,      0.676963,CP11_after_MPI,   1,    0.0000000000E+00,    3.4310334171E+02,    3.4310334171E+02,    0.0000000000E+00,    0.0000000000E+00,    0.0000000000E+00,    3.4310334171E+02
    197800,      0.676963,CP12_end,   1,    0.0000000000E+00,    3.4310334171E+02,    3.4310334171E+02,    0.0000000000E+00,    0.0000000000E+00,    0.0000000000E+00,    3.4310334171E+02
    197850,      0.676963,CP0_start,   1,    0.0000000000E+00,    3.4326971343E+02,    3.4326971343E+02,    0.0000000000E+00,    0.0000000000E+00,    0.0000000000E+00,    3.4326971343E+02
    197850,      0.676963,CP1_after_deposition,   1,    0.0000000000E+00,    3.4326971343E+02,    3.4326971343E+02,    0.0000000000E+00,    0.0000000000E+00,    0.0000000000E+00,    3.4326971343E+02
    197850,      0.676963,CP2_after_erosion,   1,    0.0000000000E+00,    3.4326971343E+02,    3.4326971343E+02,    0.0000000000E+00,    0.0000000000E+00,    0.0000000000E+00,    3.4326971343E+02
    197850,      0.676963,CP3_after_update_bottom,   1,    0.0000000000E+00,    3.4326971343E+02,    3.4326971343E+02,    0.0000000000E+00,    0.0000000000E+00,    0.0000000000E+00,    3.4326971343E+02
    197850,      0.676963,CP4_after_advection,   1,    0.0000000000E+00,    3.4327213475E+02,    3.4327213475E+02,    0.0000000000E+00,    0.0000000000E+00,    0.0000000000E+00,    3.4327213475E+02
    197850,      0.676963,CP5_after_vdif,   1,    0.0000000000E+00,    3.4327213475E+02,    3.4327213475E+02,    0.0000000000E+00,    0.0000000000E+00,    0.0000000000E+00,    3.4327213475E+02
    197850,      0.676963,CP6_after_kinetics,   1,    0.0000000000E+00,    3.4327213475E+02,    3.4327213475E+02,    0.0000000000E+00,    0.0000000000E+00,    0.0000000000E+00,    3.4327213475E+02
    197850,      0.676963,CP7_after_upper_clamp,   1,    0.0000000000E+00,    3.4327213475E+02,    3.4327213475E+02,    0.0000000000E+00,    0.0000000000E+00,    0.0000000000E+00,    3.4327213475E+02
    197850,      0.676963,CP8_after_OBC,   1,    0.0000000000E+00,    3.4327213475E+02,    3.4327213475E+02,    0.0000000000E+00,    0.0000000000E+00,    0.0000000000E+00,    3.4327213475E+02
    197850,      0.676963,CP9_after_PTsource,   1,    0.0000000000E+00,    3.4327213475E+02,    3.4327213475E+02,    0.0000000000E+00,    0.0000000000E+00,    0.0000000000E+00,    3.4327213475E+02
    197850,      0.676963,CP10_after_neg_clamp,   1,    0.0000000000E+00,    3.4327213475E+02,    3.4327213475E+02,    0.0000000000E+00,    0.0000000000E+00,    0.0000000000E+00,    3.4327213475E+02
    197850,      0.676963,CP11_after_MPI,   1,    0.0000000000E+00,    3.4327213475E+02,    3.4327213475E+02,    0.0000000000E+00,    0.0000000000E+00,    0.0000000000E+00,    3.4327213475E+02
    197850,      0.676963,CP12_end,   1,    0.0000000000E+00,    3.4327213475E+02,    3.4327213475E+02,    0.0000000000E+00,    0.0000000000E+00,    0.0000000000E+00,    3.4327213475E+02
    197900,      0.676963,CP0_start,   1,    0.0000000000E+00,    3.4343776827E+02,    3.4343776827E+02,    0.0000000000E+00,    0.0000000000E+00,    0.0000000000E+00,    3.4343776827E+02
    197900,      0.676963,CP1_after_deposition,   1,    0.0000000000E+00,    3.4343776827E+02,    3.4343776827E+02,    0.0000000000E+00,    0.0000000000E+00,    0.0000000000E+00,    3.4343776827E+02
    197900,      0.676963,CP2_after_erosion,   1,    0.0000000000E+00,    3.4343776827E+02,    3.4343776827E+02,    0.0000000000E+00,    0.0000000000E+00,    0.0000000000E+00,    3.4343776827E+02
    197900,      0.676963,CP3_after_update_bottom,   1,    0.0000000000E+00,    3.4343776827E+02,    3.4343776827E+02,    0.0000000000E+00,    0.0000000000E+00,    0.0000000000E+00,    3.4343776827E+02
    197900,      0.676963,CP4_after_advection,   1,    0.0000000000E+00,    3.4343999035E+02,    3.4343999035E+02,    0.0000000000E+00,    0.0000000000E+00,    0.0000000000E+00,    3.4343999035E+02
    197900,      0.676963,CP5_after_vdif,   1,    0.0000000000E+00,    3.4343999035E+02,    3.4343999035E+02,    0.0000000000E+00,    0.0000000000E+00,    0.0000000000E+00,    3.4343999035E+02
    197900,      0.676963,CP6_after_kinetics,   1,    0.0000000000E+00,    3.4343999035E+02,    3.4343999035E+02,    0.0000000000E+00,    0.0000000000E+00,    0.0000000000E+00,    3.4343999035E+02
    197900,      0.676963,CP7_after_upper_clamp,   1,    0.0000000000E+00,    3.4343999035E+02,    3.4343999035E+02,    0.0000000000E+00,    0.0000000000E+00,    0.0000000000E+00,    3.4343999035E+02
    197900,      0.676963,CP8_after_OBC,   1,    0.0000000000E+00,    3.4343999035E+02,    3.4343999035E+02,    0.0000000000E+00,    0.0000000000E+00,    0.0000000000E+00,    3.4343999035E+02
    197900,      0.676963,CP9_after_PTsource,   1,    0.0000000000E+00,    3.4343999035E+02,    3.4343999035E+02,    0.0000000000E+00,    0.0000000000E+00,    0.0000000000E+00,    3.4343999035E+02
    197900,      0.676963,CP10_after_neg_clamp,   1,    0.0000000000E+00,    3.4343999035E+02,    3.4343999035E+02,    0.0000000000E+00,    0.0000000000E+00,    0.0000000000E+00,    3.4343999035E+02
    197900,      0.676963,CP11_after_MPI,   1,    0.0000000000E+00,    3.4343999035E+02,    3.4343999035E+02,    0.0000000000E+00,    0.0000000000E+00,    0.0000000000E+00,    3.4343999035E+02
    197900,      0.676963,CP12_end,   1,    0.0000000000E+00,    3.4343999035E+02,    3.4343999035E+02,    0.0000000000E+00,    0.0000000000E+00,    0.0000000000E+00,    3.4343999035E+02
    197950,      0.676963,CP0_start,   1,    0.0000000000E+00,    3.4360586077E+02,    3.4360586077E+02,    0.0000000000E+00,    0.0000000000E+00,    0.0000000000E+00,    3.4360586077E+02
    197950,      0.676963,CP1_after_deposition,   1,    0.0000000000E+00,    3.4360586077E+02,    3.4360586077E+02,    0.0000000000E+00,    0.0000000000E+00,    0.0000000000E+00,    3.4360586077E+02
    197950,      0.676963,CP2_after_erosion,   1,    0.0000000000E+00,    3.4360586077E+02,    3.4360586077E+02,    0.0000000000E+00,    0.0000000000E+00,    0.0000000000E+00,    3.4360586077E+02
    197950,      0.676963,CP3_after_update_bottom,   1,    0.0000000000E+00,    3.4360586077E+02,    3.4360586077E+02,    0.0000000000E+00,    0.0000000000E+00,    0.0000000000E+00,    3.4360586077E+02
    197950,      0.676963,CP4_after_advection,   1,    0.0000000000E+00,    3.4360788565E+02,    3.4360788565E+02,    0.0000000000E+00,    0.0000000000E+00,    0.0000000000E+00,    3.4360788565E+02
    197950,      0.676963,CP5_after_vdif,   1,    0.0000000000E+00,    3.4360788565E+02,    3.4360788565E+02,    0.0000000000E+00,    0.0000000000E+00,    0.0000000000E+00,    3.4360788565E+02
    197950,      0.676963,CP6_after_kinetics,   1,    0.0000000000E+00,    3.4360788565E+02,    3.4360788565E+02,    0.0000000000E+00,    0.0000000000E+00,    0.0000000000E+00,    3.4360788565E+02
    197950,      0.676963,CP7_after_upper_clamp,   1,    0.0000000000E+00,    3.4360788565E+02,    3.4360788565E+02,    0.0000000000E+00,    0.0000000000E+00,    0.0000000000E+00,    3.4360788565E+02
    197950,      0.676963,CP8_after_OBC,   1,    0.0000000000E+00,    3.4360788565E+02,    3.4360788565E+02,    0.0000000000E+00,    0.0000000000E+00,    0.0000000000E+00,    3.4360788565E+02
    197950,      0.676963,CP9_after_PTsource,   1,    0.0000000000E+00,    3.4360788565E+02,    3.4360788565E+02,    0.0000000000E+00,    0.0000000000E+00,    0.0000000000E+00,    3.4360788565E+02
    197950,      0.676963,CP10_after_neg_clamp,   1,    0.0000000000E+00,    3.4360788565E+02,    3.4360788565E+02,    0.0000000000E+00,    0.0000000000E+00,    0.0000000000E+00,    3.4360788565E+02
    197950,      0.676963,CP11_after_MPI,   1,    0.0000000000E+00,    3.4360788565E+02,    3.4360788565E+02,    0.0000000000E+00,    0.0000000000E+00,    0.0000000000E+00,    3.4360788565E+02
    197950,      0.676963,CP12_end,   1,    0.0000000000E+00,    3.4360788565E+02,    3.4360788565E+02,    0.0000000000E+00,    0.0000000000E+00,    0.0000000000E+00,    3.4360788565E+02
    198000,      0.676963,CP0_start,   1,    0.0000000000E+00,    3.4377448791E+02,    3.4377448791E+02,    0.0000000000E+00,    0.0000000000E+00,    0.0000000000E+00,    3.4377448791E+02
    198000,      0.676963,CP1_after_deposition,   1,    0.0000000000E+00,    3.4377448791E+02,    3.4377448791E+02,    0.0000000000E+00,    0.0000000000E+00,    0.0000000000E+00,    3.4377448791E+02
    198000,      0.676963,CP2_after_erosion,   1,    0.0000000000E+00,    3.4377448791E+02,    3.4377448791E+02,    0.0000000000E+00,    0.0000000000E+00,    0.0000000000E+00,    3.4377448791E+02
    198000,      0.676963,CP3_after_update_bottom,   1,    0.0000000000E+00,    3.4377448791E+02,    3.4377448791E+02,    0.0000000000E+00,    0.0000000000E+00,    0.0000000000E+00,    3.4377448791E+02
    198000,      0.676963,CP4_after_advection,   1,    0.0000000000E+00,    3.4377632572E+02,    3.4377632572E+02,    0.0000000000E+00,    0.0000000000E+00,    0.0000000000E+00,    3.4377632572E+02
    198000,      0.676963,CP5_after_vdif,   1,    0.0000000000E+00,    3.4377632572E+02,    3.4377632572E+02,    0.0000000000E+00,    0.0000000000E+00,    0.0000000000E+00,    3.4377632572E+02
    198000,      0.676963,CP6_after_kinetics,   1,    0.0000000000E+00,    3.4377632572E+02,    3.4377632572E+02,    0.0000000000E+00,    0.0000000000E+00,    0.0000000000E+00,    3.4377632572E+02
    198000,      0.676963,CP7_after_upper_clamp,   1,    0.0000000000E+00,    3.4377632572E+02,    3.4377632572E+02,    0.0000000000E+00,    0.0000000000E+00,    0.0000000000E+00,    3.4377632572E+02
    198000,      0.676963,CP8_after_OBC,   1,    0.0000000000E+00,    3.4377632572E+02,    3.4377632572E+02,    0.0000000000E+00,    0.0000000000E+00,    0.0000000000E+00,    3.4377632572E+02
    198000,      0.676963,CP9_after_PTsource,   1,    0.0000000000E+00,    3.4377632572E+02,    3.4377632572E+02,    0.0000000000E+00,    0.0000000000E+00,    0.0000000000E+00,    3.4377632572E+02
    198000,      0.676963,CP10_after_neg_clamp,   1,    0.0000000000E+00,    3.4377632572E+02,    3.4377632572E+02,    0.0000000000E+00,    0.0000000000E+00,    0.0000000000E+00,    3.4377632572E+02
    198000,      0.676963,CP11_after_MPI,   1,    0.0000000000E+00,    3.4377632572E+02,    3.4377632572E+02,    0.0000000000E+00,    0.0000000000E+00,    0.0000000000E+00,    3.4377632572E+02
    198000,      0.676963,CP12_end,   1,    0.0000000000E+00,    3.4377632572E+02,    3.4377632572E+02,    0.0000000000E+00,    0.0000000000E+00,    0.0000000000E+00,    3.4377632572E+02
    198050,      0.676963,CP0_start,   1,    0.0000000000E+00,    3.4394345239E+02,    3.4394345239E+02,    0.0000000000E+00,    0.0000000000E+00,    0.0000000000E+00,    3.4394345239E+02
    198050,      0.676963,CP1_after_deposition,   1,    0.0000000000E+00,    3.4394345239E+02,    3.4394345239E+02,    0.0000000000E+00,    0.0000000000E+00,    0.0000000000E+00,    3.4394345239E+02
    198050,      0.676963,CP2_after_erosion,   1,    0.0000000000E+00,    3.4394345239E+02,    3.4394345239E+02,    0.0000000000E+00,    0.0000000000E+00,    0.0000000000E+00,    3.4394345239E+02
    198050,      0.676963,CP3_after_update_bottom,   1,    0.0000000000E+00,    3.4394345239E+02,    3.4394345239E+02,    0.0000000000E+00,    0.0000000000E+00,    0.0000000000E+00,    3.4394345239E+02
    198050,      0.676963,CP4_after_advection,   1,    0.0000000000E+00,    3.4394509132E+02,    3.4394509132E+02,    0.0000000000E+00,    0.0000000000E+00,    0.0000000000E+00,    3.4394509132E+02
    198050,      0.676963,CP5_after_vdif,   1,    0.0000000000E+00,    3.4394509132E+02,    3.4394509132E+02,    0.0000000000E+00,    0.0000000000E+00,    0.0000000000E+00,    3.4394509132E+02
    198050,      0.676963,CP6_after_kinetics,   1,    0.0000000000E+00,    3.4394509132E+02,    3.4394509132E+02,    0.0000000000E+00,    0.0000000000E+00,    0.0000000000E+00,    3.4394509132E+02
    198050,      0.676963,CP7_after_upper_clamp,   1,    0.0000000000E+00,    3.4394509132E+02,    3.4394509132E+02,    0.0000000000E+00,    0.0000000000E+00,    0.0000000000E+00,    3.4394509132E+02
    198050,      0.676963,CP8_after_OBC,   1,    0.0000000000E+00,    3.4394509132E+02,    3.4394509132E+02,    0.0000000000E+00,    0.0000000000E+00,    0.0000000000E+00,    3.4394509132E+02
    198050,      0.676963,CP9_after_PTsource,   1,    0.0000000000E+00,    3.4394509132E+02,    3.4394509132E+02,    0.0000000000E+00,    0.0000000000E+00,    0.0000000000E+00,    3.4394509132E+02
    198050,      0.676963,CP10_after_neg_clamp,   1,    0.0000000000E+00,    3.4394509132E+02,    3.4394509132E+02,    0.0000000000E+00,    0.0000000000E+00,    0.0000000000E+00,    3.4394509132E+02
    198050,      0.676963,CP11_after_MPI,   1,    0.0000000000E+00,    3.4394509132E+02,    3.4394509132E+02,    0.0000000000E+00,    0.0000000000E+00,    0.0000000000E+00,    3.4394509132E+02
    198050,      0.676963,CP12_end,   1,    0.0000000000E+00,    3.4394509132E+02,    3.4394509132E+02,    0.0000000000E+00,    0.0000000000E+00,    0.0000000000E+00,    3.4394509132E+02
    198100,      0.676963,CP0_start,   1,    0.0000000000E+00,    3.4411208853E+02,    3.4411208853E+02,    0.0000000000E+00,    0.0000000000E+00,    0.0000000000E+00,    3.4411208853E+02
    198100,      0.676963,CP1_after_deposition,   1,    0.0000000000E+00,    3.4411208853E+02,    3.4411208853E+02,    0.0000000000E+00,    0.0000000000E+00,    0.0000000000E+00,    3.4411208853E+02
    198100,      0.676963,CP2_after_erosion,   1,    0.0000000000E+00,    3.4411208853E+02,    3.4411208853E+02,    0.0000000000E+00,    0.0000000000E+00,    0.0000000000E+00,    3.4411208853E+02
    198100,      0.676963,CP3_after_update_bottom,   1,    0.0000000000E+00,    3.4411208853E+02,    3.4411208853E+02,    0.0000000000E+00,    0.0000000000E+00,    0.0000000000E+00,    3.4411208853E+02
    198100,      0.676963,CP4_after_advection,   1,    0.0000000000E+00,    3.4411349306E+02,    3.4411349306E+02,    0.0000000000E+00,    0.0000000000E+00,    0.0000000000E+00,    3.4411349306E+02
    198100,      0.676963,CP5_after_vdif,   1,    0.0000000000E+00,    3.4411349306E+02,    3.4411349306E+02,    0.0000000000E+00,    0.0000000000E+00,    0.0000000000E+00,    3.4411349306E+02
    198100,      0.676963,CP6_after_kinetics,   1,    0.0000000000E+00,    3.4411349306E+02,    3.4411349306E+02,    0.0000000000E+00,    0.0000000000E+00,    0.0000000000E+00,    3.4411349306E+02
    198100,      0.676963,CP7_after_upper_clamp,   1,    0.0000000000E+00,    3.4411349306E+02,    3.4411349306E+02,    0.0000000000E+00,    0.0000000000E+00,    0.0000000000E+00,    3.4411349306E+02
    198100,      0.676963,CP8_after_OBC,   1,    0.0000000000E+00,    3.4411349306E+02,    3.4411349306E+02,    0.0000000000E+00,    0.0000000000E+00,    0.0000000000E+00,    3.4411349306E+02
    198100,      0.676963,CP9_after_PTsource,   1,    0.0000000000E+00,    3.4411349306E+02,    3.4411349306E+02,    0.0000000000E+00,    0.0000000000E+00,    0.0000000000E+00,    3.4411349306E+02
    198100,      0.676963,CP10_after_neg_clamp,   1,    0.0000000000E+00,    3.4411349306E+02,    3.4411349306E+02,    0.0000000000E+00,    0.0000000000E+00,    0.0000000000E+00,    3.4411349306E+02
    198100,      0.676963,CP11_after_MPI,   1,    0.0000000000E+00,    3.4411349306E+02,    3.4411349306E+02,    0.0000000000E+00,    0.0000000000E+00,    0.0000000000E+00,    3.4411349306E+02
    198100,      0.676963,CP12_end,   1,    0.0000000000E+00,    3.4411349306E+02,    3.4411349306E+02,    0.0000000000E+00,    0.0000000000E+00,    0.0000000000E+00,    3.4411349306E+02
    198150,      0.676963,CP0_start,   1,    0.0000000000E+00,    3.4427973102E+02,    3.4427973102E+02,    0.0000000000E+00,    0.0000000000E+00,    0.0000000000E+00,    3.4427973102E+02
    198150,      0.676963,CP1_after_deposition,   1,    0.0000000000E+00,    3.4427973102E+02,    3.4427973102E+02,    0.0000000000E+00,    0.0000000000E+00,    0.0000000000E+00,    3.4427973102E+02
    198150,      0.676963,CP2_after_erosion,   1,    0.0000000000E+00,    3.4427973102E+02,    3.4427973102E+02,    0.0000000000E+00,    0.0000000000E+00,    0.0000000000E+00,    3.4427973102E+02
    198150,      0.676963,CP3_after_update_bottom,   1,    0.0000000000E+00,    3.4427973102E+02,    3.4427973102E+02,    0.0000000000E+00,    0.0000000000E+00,    0.0000000000E+00,    3.4427973102E+02
    198150,      0.676963,CP4_after_advection,   1,    0.0000000000E+00,    3.4428088640E+02,    3.4428088640E+02,    0.0000000000E+00,    0.0000000000E+00,    0.0000000000E+00,    3.4428088640E+02
    198150,      0.676963,CP5_after_vdif,   1,    0.0000000000E+00,    3.4428088640E+02,    3.4428088640E+02,    0.0000000000E+00,    0.0000000000E+00,    0.0000000000E+00,    3.4428088640E+02
    198150,      0.676963,CP6_after_kinetics,   1,    0.0000000000E+00,    3.4428088640E+02,    3.4428088640E+02,    0.0000000000E+00,    0.0000000000E+00,    0.0000000000E+00,    3.4428088640E+02
    198150,      0.676963,CP7_after_upper_clamp,   1,    0.0000000000E+00,    3.4428088640E+02,    3.4428088640E+02,    0.0000000000E+00,    0.0000000000E+00,    0.0000000000E+00,    3.4428088640E+02
    198150,      0.676963,CP8_after_OBC,   1,    0.0000000000E+00,    3.4428088640E+02,    3.4428088640E+02,    0.0000000000E+00,    0.0000000000E+00,    0.0000000000E+00,    3.4428088640E+02
    198150,      0.676963,CP9_after_PTsource,   1,    0.0000000000E+00,    3.4428088640E+02,    3.4428088640E+02,    0.0000000000E+00,    0.0000000000E+00,    0.0000000000E+00,    3.4428088640E+02
    198150,      0.676963,CP10_after_neg_clamp,   1,    0.0000000000E+00,    3.4428088640E+02,    3.4428088640E+02,    0.0000000000E+00,    0.0000000000E+00,    0.0000000000E+00,    3.4428088640E+02
    198150,      0.676963,CP11_after_MPI,   1,    0.0000000000E+00,    3.4428088640E+02,    3.4428088640E+02,    0.0000000000E+00,    0.0000000000E+00,    0.0000000000E+00,    3.4428088640E+02
    198150,      0.676963,CP12_end,   1,    0.0000000000E+00,    3.4428088640E+02,    3.4428088640E+02,    0.0000000000E+00,    0.0000000000E+00,    0.0000000000E+00,    3.4428088640E+02
    198200,      0.676963,CP0_start,   1,    0.0000000000E+00,    3.4444612282E+02,    3.4444612282E+02,    0.0000000000E+00,    0.0000000000E+00,    0.0000000000E+00,    3.4444612282E+02
    198200,      0.676963,CP1_after_deposition,   1,    0.0000000000E+00,    3.4444612282E+02,    3.4444612282E+02,    0.0000000000E+00,    0.0000000000E+00,    0.0000000000E+00,    3.4444612282E+02
    198200,      0.676963,CP2_after_erosion,   1,    0.0000000000E+00,    3.4444612282E+02,    3.4444612282E+02,    0.0000000000E+00,    0.0000000000E+00,    0.0000000000E+00,    3.4444612282E+02
    198200,      0.676963,CP3_after_update_bottom,   1,    0.0000000000E+00,    3.4444612282E+02,    3.4444612282E+02,    0.0000000000E+00,    0.0000000000E+00,    0.0000000000E+00,    3.4444612282E+02
    198200,      0.676963,CP4_after_advection,   1,    0.0000000000E+00,    3.4444704043E+02,    3.4444704043E+02,    0.0000000000E+00,    0.0000000000E+00,    0.0000000000E+00,    3.4444704043E+02
    198200,      0.676963,CP5_after_vdif,   1,    0.0000000000E+00,    3.4444704043E+02,    3.4444704043E+02,    0.0000000000E+00,    0.0000000000E+00,    0.0000000000E+00,    3.4444704043E+02
    198200,      0.676963,CP6_after_kinetics,   1,    0.0000000000E+00,    3.4444704043E+02,    3.4444704043E+02,    0.0000000000E+00,    0.0000000000E+00,    0.0000000000E+00,    3.4444704043E+02
    198200,      0.676963,CP7_after_upper_clamp,   1,    0.0000000000E+00,    3.4444704043E+02,    3.4444704043E+02,    0.0000000000E+00,    0.0000000000E+00,    0.0000000000E+00,    3.4444704043E+02
    198200,      0.676963,CP8_after_OBC,   1,    0.0000000000E+00,    3.4444704043E+02,    3.4444704043E+02,    0.0000000000E+00,    0.0000000000E+00,    0.0000000000E+00,    3.4444704043E+02
    198200,      0.676963,CP9_after_PTsource,   1,    0.0000000000E+00,    3.4444704043E+02,    3.4444704043E+02,    0.0000000000E+00,    0.0000000000E+00,    0.0000000000E+00,    3.4444704043E+02
    198200,      0.676963,CP10_after_neg_clamp,   1,    0.0000000000E+00,    3.4444704043E+02,    3.4444704043E+02,    0.0000000000E+00,    0.0000000000E+00,    0.0000000000E+00,    3.4444704043E+02
    198200,      0.676963,CP11_after_MPI,   1,    0.0000000000E+00,    3.4444704043E+02,    3.4444704043E+02,    0.0000000000E+00,    0.0000000000E+00,    0.0000000000E+00,    3.4444704043E+02
    198200,      0.676963,CP12_end,   1,    0.0000000000E+00,    3.4444704043E+02,    3.4444704043E+02,    0.0000000000E+00,    0.0000000000E+00,    0.0000000000E+00,    3.4444704043E+02
    198250,      0.676963,CP0_start,   1,    0.0000000000E+00,    3.4461147099E+02,    3.4461147099E+02,    0.0000000000E+00,    0.0000000000E+00,    0.0000000000E+00,    3.4461147099E+02
    198250,      0.676963,CP1_after_deposition,   1,    0.0000000000E+00,    3.4461147099E+02,    3.4461147099E+02,    0.0000000000E+00,    0.0000000000E+00,    0.0000000000E+00,    3.4461147099E+02
    198250,      0.676963,CP2_after_erosion,   1,    0.0000000000E+00,    3.4461147099E+02,    3.4461147099E+02,    0.0000000000E+00,    0.0000000000E+00,    0.0000000000E+00,    3.4461147099E+02
    198250,      0.676963,CP3_after_update_bottom,   1,    0.0000000000E+00,    3.4461147099E+02,    3.4461147099E+02,    0.0000000000E+00,    0.0000000000E+00,    0.0000000000E+00,    3.4461147099E+02
    198250,      0.676963,CP4_after_advection,   1,    0.0000000000E+00,    3.4461214592E+02,    3.4461214592E+02,    0.0000000000E+00,    0.0000000000E+00,    0.0000000000E+00,    3.4461214592E+02
    198250,      0.676963,CP5_after_vdif,   1,    0.0000000000E+00,    3.4461214592E+02,    3.4461214592E+02,    0.0000000000E+00,    0.0000000000E+00,    0.0000000000E+00,    3.4461214592E+02
    198250,      0.676963,CP6_after_kinetics,   1,    0.0000000000E+00,    3.4461214592E+02,    3.4461214592E+02,    0.0000000000E+00,    0.0000000000E+00,    0.0000000000E+00,    3.4461214592E+02
    198250,      0.676963,CP7_after_upper_clamp,   1,    0.0000000000E+00,    3.4461214592E+02,    3.4461214592E+02,    0.0000000000E+00,    0.0000000000E+00,    0.0000000000E+00,    3.4461214592E+02
    198250,      0.676963,CP8_after_OBC,   1,    0.0000000000E+00,    3.4461214592E+02,    3.4461214592E+02,    0.0000000000E+00,    0.0000000000E+00,    0.0000000000E+00,    3.4461214592E+02
    198250,      0.676963,CP9_after_PTsource,   1,    0.0000000000E+00,    3.4461214592E+02,    3.4461214592E+02,    0.0000000000E+00,    0.0000000000E+00,    0.0000000000E+00,    3.4461214592E+02
    198250,      0.676963,CP10_after_neg_clamp,   1,    0.0000000000E+00,    3.4461214592E+02,    3.4461214592E+02,    0.0000000000E+00,    0.0000000000E+00,    0.0000000000E+00,    3.4461214592E+02
    198250,      0.676963,CP11_after_MPI,   1,    0.0000000000E+00,    3.4461214592E+02,    3.4461214592E+02,    0.0000000000E+00,    0.0000000000E+00,    0.0000000000E+00,    3.4461214592E+02
    198250,      0.676963,CP12_end,   1,    0.0000000000E+00,    3.4461214592E+02,    3.4461214592E+02,    0.0000000000E+00,    0.0000000000E+00,    0.0000000000E+00,    3.4461214592E+02
    198300,      0.676963,CP0_start,   1,    0.0000000000E+00,    3.4477625925E+02,    3.4477625925E+02,    0.0000000000E+00,    0.0000000000E+00,    0.0000000000E+00,    3.4477625925E+02
    198300,      0.676963,CP1_after_deposition,   1,    0.0000000000E+00,    3.4477625925E+02,    3.4477625925E+02,    0.0000000000E+00,    0.0000000000E+00,    0.0000000000E+00,    3.4477625925E+02
    198300,      0.676963,CP2_after_erosion,   1,    0.0000000000E+00,    3.4477625925E+02,    3.4477625925E+02,    0.0000000000E+00,    0.0000000000E+00,    0.0000000000E+00,    3.4477625925E+02
    198300,      0.676963,CP3_after_update_bottom,   1,    0.0000000000E+00,    3.4477625925E+02,    3.4477625925E+02,    0.0000000000E+00,    0.0000000000E+00,    0.0000000000E+00,    3.4477625925E+02
    198300,      0.676963,CP4_after_advection,   1,    0.0000000000E+00,    3.4477667740E+02,    3.4477667740E+02,    0.0000000000E+00,    0.0000000000E+00,    0.0000000000E+00,    3.4477667740E+02
    198300,      0.676963,CP5_after_vdif,   1,    0.0000000000E+00,    3.4477667740E+02,    3.4477667740E+02,    0.0000000000E+00,    0.0000000000E+00,    0.0000000000E+00,    3.4477667740E+02
    198300,      0.676963,CP6_after_kinetics,   1,    0.0000000000E+00,    3.4477667740E+02,    3.4477667740E+02,    0.0000000000E+00,    0.0000000000E+00,    0.0000000000E+00,    3.4477667740E+02
    198300,      0.676963,CP7_after_upper_clamp,   1,    0.0000000000E+00,    3.4477667740E+02,    3.4477667740E+02,    0.0000000000E+00,    0.0000000000E+00,    0.0000000000E+00,    3.4477667740E+02
    198300,      0.676963,CP8_after_OBC,   1,    0.0000000000E+00,    3.4477667740E+02,    3.4477667740E+02,    0.0000000000E+00,    0.0000000000E+00,    0.0000000000E+00,    3.4477667740E+02
    198300,      0.676963,CP9_after_PTsource,   1,    0.0000000000E+00,    3.4477667740E+02,    3.4477667740E+02,    0.0000000000E+00,    0.0000000000E+00,    0.0000000000E+00,    3.4477667740E+02
    198300,      0.676963,CP10_after_neg_clamp,   1,    0.0000000000E+00,    3.4477667740E+02,    3.4477667740E+02,    0.0000000000E+00,    0.0000000000E+00,    0.0000000000E+00,    3.4477667740E+02
    198300,      0.676963,CP11_after_MPI,   1,    0.0000000000E+00,    3.4477667740E+02,    3.4477667740E+02,    0.0000000000E+00,    0.0000000000E+00,    0.0000000000E+00,    3.4477667740E+02
    198300,      0.676963,CP12_end,   1,    0.0000000000E+00,    3.4477667740E+02,    3.4477667740E+02,    0.0000000000E+00,    0.0000000000E+00,    0.0000000000E+00,    3.4477667740E+02
    198350,      0.676963,CP0_start,   1,    0.0000000000E+00,    3.4494068447E+02,    3.4494068447E+02,    0.0000000000E+00,    0.0000000000E+00,    0.0000000000E+00,    3.4494068447E+02
    198350,      0.676963,CP1_after_deposition,   1,    0.0000000000E+00,    3.4494068447E+02,    3.4494068447E+02,    0.0000000000E+00,    0.0000000000E+00,    0.0000000000E+00,    3.4494068447E+02
    198350,      0.676963,CP2_after_erosion,   1,    0.0000000000E+00,    3.4494068447E+02,    3.4494068447E+02,    0.0000000000E+00,    0.0000000000E+00,    0.0000000000E+00,    3.4494068447E+02
    198350,      0.676963,CP3_after_update_bottom,   1,    0.0000000000E+00,    3.4494068447E+02,    3.4494068447E+02,    0.0000000000E+00,    0.0000000000E+00,    0.0000000000E+00,    3.4494068447E+02
    198350,      0.676963,CP4_after_advection,   1,    0.0000000000E+00,    3.4494084051E+02,    3.4494084051E+02,    0.0000000000E+00,    0.0000000000E+00,    0.0000000000E+00,    3.4494084051E+02
    198350,      0.676963,CP5_after_vdif,   1,    0.0000000000E+00,    3.4494084051E+02,    3.4494084051E+02,    0.0000000000E+00,    0.0000000000E+00,    0.0000000000E+00,    3.4494084051E+02
    198350,      0.676963,CP6_after_kinetics,   1,    0.0000000000E+00,    3.4494084051E+02,    3.4494084051E+02,    0.0000000000E+00,    0.0000000000E+00,    0.0000000000E+00,    3.4494084051E+02
    198350,      0.676963,CP7_after_upper_clamp,   1,    0.0000000000E+00,    3.4494084051E+02,    3.4494084051E+02,    0.0000000000E+00,    0.0000000000E+00,    0.0000000000E+00,    3.4494084051E+02
    198350,      0.676963,CP8_after_OBC,   1,    0.0000000000E+00,    3.4494084051E+02,    3.4494084051E+02,    0.0000000000E+00,    0.0000000000E+00,    0.0000000000E+00,    3.4494084051E+02
    198350,      0.676963,CP9_after_PTsource,   1,    0.0000000000E+00,    3.4494084051E+02,    3.4494084051E+02,    0.0000000000E+00,    0.0000000000E+00,    0.0000000000E+00,    3.4494084051E+02
    198350,      0.676963,CP10_after_neg_clamp,   1,    0.0000000000E+00,    3.4494084051E+02,    3.4494084051E+02,    0.0000000000E+00,    0.0000000000E+00,    0.0000000000E+00,    3.4494084051E+02
    198350,      0.676963,CP11_after_MPI,   1,    0.0000000000E+00,    3.4494084051E+02,    3.4494084051E+02,    0.0000000000E+00,    0.0000000000E+00,    0.0000000000E+00,    3.4494084051E+02
    198350,      0.676963,CP12_end,   1,    0.0000000000E+00,    3.4494084051E+02,    3.4494084051E+02,    0.0000000000E+00,    0.0000000000E+00,    0.0000000000E+00,    3.4494084051E+02
    198400,      0.676963,CP0_start,   1,    0.0000000000E+00,    3.4510428021E+02,    3.4510428021E+02,    0.0000000000E+00,    0.0000000000E+00,    0.0000000000E+00,    3.4510428021E+02
    198400,      0.676963,CP1_after_deposition,   1,    0.0000000000E+00,    3.4510428021E+02,    3.4510428021E+02,    0.0000000000E+00,    0.0000000000E+00,    0.0000000000E+00,    3.4510428021E+02
    198400,      0.676963,CP2_after_erosion,   1,    0.0000000000E+00,    3.4510428021E+02,    3.4510428021E+02,    0.0000000000E+00,    0.0000000000E+00,    0.0000000000E+00,    3.4510428021E+02
    198400,      0.676963,CP3_after_update_bottom,   1,    0.0000000000E+00,    3.4510428021E+02,    3.4510428021E+02,    0.0000000000E+00,    0.0000000000E+00,    0.0000000000E+00,    3.4510428021E+02
    198400,      0.676963,CP4_after_advection,   1,    0.0000000000E+00,    3.4510416493E+02,    3.4510416493E+02,    0.0000000000E+00,    0.0000000000E+00,    0.0000000000E+00,    3.4510416493E+02
    198400,      0.676963,CP5_after_vdif,   1,    0.0000000000E+00,    3.4510416493E+02,    3.4510416493E+02,    0.0000000000E+00,    0.0000000000E+00,    0.0000000000E+00,    3.4510416493E+02
    198400,      0.676963,CP6_after_kinetics,   1,    0.0000000000E+00,    3.4510416493E+02,    3.4510416493E+02,    0.0000000000E+00,    0.0000000000E+00,    0.0000000000E+00,    3.4510416493E+02
    198400,      0.676963,CP7_after_upper_clamp,   1,    0.0000000000E+00,    3.4510416493E+02,    3.4510416493E+02,    0.0000000000E+00,    0.0000000000E+00,    0.0000000000E+00,    3.4510416493E+02
    198400,      0.676963,CP8_after_OBC,   1,    0.0000000000E+00,    3.4510416493E+02,    3.4510416493E+02,    0.0000000000E+00,    0.0000000000E+00,    0.0000000000E+00,    3.4510416493E+02
    198400,      0.676963,CP9_after_PTsource,   1,    0.0000000000E+00,    3.4510416493E+02,    3.4510416493E+02,    0.0000000000E+00,    0.0000000000E+00,    0.0000000000E+00,    3.4510416493E+02
    198400,      0.676963,CP10_after_neg_clamp,   1,    0.0000000000E+00,    3.4510416493E+02,    3.4510416493E+02,    0.0000000000E+00,    0.0000000000E+00,    0.0000000000E+00,    3.4510416493E+02
    198400,      0.676963,CP11_after_MPI,   1,    0.0000000000E+00,    3.4510416493E+02,    3.4510416493E+02,    0.0000000000E+00,    0.0000000000E+00,    0.0000000000E+00,    3.4510416493E+02
    198400,      0.676963,CP12_end,   1,    0.0000000000E+00,    3.4510416493E+02,    3.4510416493E+02,    0.0000000000E+00,    0.0000000000E+00,    0.0000000000E+00,    3.4510416493E+02
    198450,      0.676963,CP0_start,   1,    0.0000000000E+00,    3.4526694822E+02,    3.4526694822E+02,    0.0000000000E+00,    0.0000000000E+00,    0.0000000000E+00,    3.4526694822E+02
    198450,      0.676963,CP1_after_deposition,   1,    0.0000000000E+00,    3.4526694822E+02,    3.4526694822E+02,    0.0000000000E+00,    0.0000000000E+00,    0.0000000000E+00,    3.4526694822E+02
    198450,      0.676963,CP2_after_erosion,   1,    0.0000000000E+00,    3.4526694822E+02,    3.4526694822E+02,    0.0000000000E+00,    0.0000000000E+00,    0.0000000000E+00,    3.4526694822E+02
    198450,      0.676963,CP3_after_update_bottom,   1,    0.0000000000E+00,    3.4526694822E+02,    3.4526694822E+02,    0.0000000000E+00,    0.0000000000E+00,    0.0000000000E+00,    3.4526694822E+02
    198450,      0.676963,CP4_after_advection,   1,    0.0000000000E+00,    3.4526655496E+02,    3.4526655496E+02,    0.0000000000E+00,    0.0000000000E+00,    0.0000000000E+00,    3.4526655496E+02
    198450,      0.676963,CP5_after_vdif,   1,    0.0000000000E+00,    3.4526655496E+02,    3.4526655496E+02,    0.0000000000E+00,    0.0000000000E+00,    0.0000000000E+00,    3.4526655496E+02
    198450,      0.676963,CP6_after_kinetics,   1,    0.0000000000E+00,    3.4526655496E+02,    3.4526655496E+02,    0.0000000000E+00,    0.0000000000E+00,    0.0000000000E+00,    3.4526655496E+02
    198450,      0.676963,CP7_after_upper_clamp,   1,    0.0000000000E+00,    3.4526655496E+02,    3.4526655496E+02,    0.0000000000E+00,    0.0000000000E+00,    0.0000000000E+00,    3.4526655496E+02
    198450,      0.676963,CP8_after_OBC,   1,    0.0000000000E+00,    3.4526655496E+02,    3.4526655496E+02,    0.0000000000E+00,    0.0000000000E+00,    0.0000000000E+00,    3.4526655496E+02
    198450,      0.676963,CP9_after_PTsource,   1,    0.0000000000E+00,    3.4526655496E+02,    3.4526655496E+02,    0.0000000000E+00,    0.0000000000E+00,    0.0000000000E+00,    3.4526655496E+02
    198450,      0.676963,CP10_after_neg_clamp,   1,    0.0000000000E+00,    3.4526655496E+02,    3.4526655496E+02,    0.0000000000E+00,    0.0000000000E+00,    0.0000000000E+00,    3.4526655496E+02
    198450,      0.676963,CP11_after_MPI,   1,    0.0000000000E+00,    3.4526655496E+02,    3.4526655496E+02,    0.0000000000E+00,    0.0000000000E+00,    0.0000000000E+00,    3.4526655496E+02
    198450,      0.676963,CP12_end,   1,    0.0000000000E+00,    3.4526655496E+02,    3.4526655496E+02,    0.0000000000E+00,    0.0000000000E+00,    0.0000000000E+00,    3.4526655496E+02
    198500,      0.676963,CP0_start,   1,    0.0000000000E+00,    3.4542850072E+02,    3.4542850072E+02,    0.0000000000E+00,    0.0000000000E+00,    0.0000000000E+00,    3.4542850072E+02
    198500,      0.676963,CP1_after_deposition,   1,    0.0000000000E+00,    3.4542850072E+02,    3.4542850072E+02,    0.0000000000E+00,    0.0000000000E+00,    0.0000000000E+00,    3.4542850072E+02
    198500,      0.676963,CP2_after_erosion,   1,    0.0000000000E+00,    3.4542850072E+02,    3.4542850072E+02,    0.0000000000E+00,    0.0000000000E+00,    0.0000000000E+00,    3.4542850072E+02
    198500,      0.676963,CP3_after_update_bottom,   1,    0.0000000000E+00,    3.4542850072E+02,    3.4542850072E+02,    0.0000000000E+00,    0.0000000000E+00,    0.0000000000E+00,    3.4542850072E+02
    198500,      0.676963,CP4_after_advection,   1,    0.0000000000E+00,    3.4542780912E+02,    3.4542780912E+02,    0.0000000000E+00,    0.0000000000E+00,    0.0000000000E+00,    3.4542780912E+02
    198500,      0.676963,CP5_after_vdif,   1,    0.0000000000E+00,    3.4542780912E+02,    3.4542780912E+02,    0.0000000000E+00,    0.0000000000E+00,    0.0000000000E+00,    3.4542780912E+02
    198500,      0.676963,CP6_after_kinetics,   1,    0.0000000000E+00,    3.4542780912E+02,    3.4542780912E+02,    0.0000000000E+00,    0.0000000000E+00,    0.0000000000E+00,    3.4542780912E+02
    198500,      0.676963,CP7_after_upper_clamp,   1,    0.0000000000E+00,    3.4542780912E+02,    3.4542780912E+02,    0.0000000000E+00,    0.0000000000E+00,    0.0000000000E+00,    3.4542780912E+02
    198500,      0.676963,CP8_after_OBC,   1,    0.0000000000E+00,    3.4542780912E+02,    3.4542780912E+02,    0.0000000000E+00,    0.0000000000E+00,    0.0000000000E+00,    3.4542780912E+02
    198500,      0.676963,CP9_after_PTsource,   1,    0.0000000000E+00,    3.4542780912E+02,    3.4542780912E+02,    0.0000000000E+00,    0.0000000000E+00,    0.0000000000E+00,    3.4542780912E+02
    198500,      0.676963,CP10_after_neg_clamp,   1,    0.0000000000E+00,    3.4542780912E+02,    3.4542780912E+02,    0.0000000000E+00,    0.0000000000E+00,    0.0000000000E+00,    3.4542780912E+02
    198500,      0.676963,CP11_after_MPI,   1,    0.0000000000E+00,    3.4542780912E+02,    3.4542780912E+02,    0.0000000000E+00,    0.0000000000E+00,    0.0000000000E+00,    3.4542780912E+02
    198500,      0.676963,CP12_end,   1,    0.0000000000E+00,    3.4542780912E+02,    3.4542780912E+02,    0.0000000000E+00,    0.0000000000E+00,    0.0000000000E+00,    3.4542780912E+02
    198550,      0.676963,CP0_start,   1,    0.0000000000E+00,    3.4558851938E+02,    3.4558851938E+02,    0.0000000000E+00,    0.0000000000E+00,    0.0000000000E+00,    3.4558851938E+02
    198550,      0.676963,CP1_after_deposition,   1,    0.0000000000E+00,    3.4558851938E+02,    3.4558851938E+02,    0.0000000000E+00,    0.0000000000E+00,    0.0000000000E+00,    3.4558851938E+02
    198550,      0.676963,CP2_after_erosion,   1,    0.0000000000E+00,    3.4558851938E+02,    3.4558851938E+02,    0.0000000000E+00,    0.0000000000E+00,    0.0000000000E+00,    3.4558851938E+02
    198550,      0.676963,CP3_after_update_bottom,   1,    0.0000000000E+00,    3.4558851938E+02,    3.4558851938E+02,    0.0000000000E+00,    0.0000000000E+00,    0.0000000000E+00,    3.4558851938E+02
    198550,      0.676963,CP4_after_advection,   1,    0.0000000000E+00,    3.4558750828E+02,    3.4558750828E+02,    0.0000000000E+00,    0.0000000000E+00,    0.0000000000E+00,    3.4558750828E+02
    198550,      0.676963,CP5_after_vdif,   1,    0.0000000000E+00,    3.4558750828E+02,    3.4558750828E+02,    0.0000000000E+00,    0.0000000000E+00,    0.0000000000E+00,    3.4558750828E+02
    198550,      0.676963,CP6_after_kinetics,   1,    0.0000000000E+00,    3.4558750828E+02,    3.4558750828E+02,    0.0000000000E+00,    0.0000000000E+00,    0.0000000000E+00,    3.4558750828E+02
    198550,      0.676963,CP7_after_upper_clamp,   1,    0.0000000000E+00,    3.4558750828E+02,    3.4558750828E+02,    0.0000000000E+00,    0.0000000000E+00,    0.0000000000E+00,    3.4558750828E+02
    198550,      0.676963,CP8_after_OBC,   1,    0.0000000000E+00,    3.4558750828E+02,    3.4558750828E+02,    0.0000000000E+00,    0.0000000000E+00,    0.0000000000E+00,    3.4558750828E+02
    198550,      0.676963,CP9_after_PTsource,   1,    0.0000000000E+00,    3.4558750828E+02,    3.4558750828E+02,    0.0000000000E+00,    0.0000000000E+00,    0.0000000000E+00,    3.4558750828E+02
    198550,      0.676963,CP10_after_neg_clamp,   1,    0.0000000000E+00,    3.4558750828E+02,    3.4558750828E+02,    0.0000000000E+00,    0.0000000000E+00,    0.0000000000E+00,    3.4558750828E+02
    198550,      0.676963,CP11_after_MPI,   1,    0.0000000000E+00,    3.4558750828E+02,    3.4558750828E+02,    0.0000000000E+00,    0.0000000000E+00,    0.0000000000E+00,    3.4558750828E+02
    198550,      0.676963,CP12_end,   1,    0.0000000000E+00,    3.4558750828E+02,    3.4558750828E+02,    0.0000000000E+00,    0.0000000000E+00,    0.0000000000E+00,    3.4558750828E+02
    198600,      0.676963,CP0_start,   1,    0.0000000000E+00,    3.4574651447E+02,    3.4574651447E+02,    0.0000000000E+00,    0.0000000000E+00,    0.0000000000E+00,    3.4574651447E+02
    198600,      0.676963,CP1_after_deposition,   1,    0.0000000000E+00,    3.4574651447E+02,    3.4574651447E+02,    0.0000000000E+00,    0.0000000000E+00,    0.0000000000E+00,    3.4574651447E+02
    198600,      0.676963,CP2_after_erosion,   1,    0.0000000000E+00,    3.4574651447E+02,    3.4574651447E+02,    0.0000000000E+00,    0.0000000000E+00,    0.0000000000E+00,    3.4574651447E+02
    198600,      0.676963,CP3_after_update_bottom,   1,    0.0000000000E+00,    3.4574651447E+02,    3.4574651447E+02,    0.0000000000E+00,    0.0000000000E+00,    0.0000000000E+00,    3.4574651447E+02
    198600,      0.676963,CP4_after_advection,   1,    0.0000000000E+00,    3.4574518674E+02,    3.4574518674E+02,    0.0000000000E+00,    0.0000000000E+00,    0.0000000000E+00,    3.4574518674E+02
    198600,      0.676963,CP5_after_vdif,   1,    0.0000000000E+00,    3.4574518674E+02,    3.4574518674E+02,    0.0000000000E+00,    0.0000000000E+00,    0.0000000000E+00,    3.4574518674E+02
    198600,      0.676963,CP6_after_kinetics,   1,    0.0000000000E+00,    3.4574518674E+02,    3.4574518674E+02,    0.0000000000E+00,    0.0000000000E+00,    0.0000000000E+00,    3.4574518674E+02
    198600,      0.676963,CP7_after_upper_clamp,   1,    0.0000000000E+00,    3.4574518674E+02,    3.4574518674E+02,    0.0000000000E+00,    0.0000000000E+00,    0.0000000000E+00,    3.4574518674E+02
    198600,      0.676963,CP8_after_OBC,   1,    0.0000000000E+00,    3.4574518674E+02,    3.4574518674E+02,    0.0000000000E+00,    0.0000000000E+00,    0.0000000000E+00,    3.4574518674E+02
    198600,      0.676963,CP9_after_PTsource,   1,    0.0000000000E+00,    3.4574518674E+02,    3.4574518674E+02,    0.0000000000E+00,    0.0000000000E+00,    0.0000000000E+00,    3.4574518674E+02
    198600,      0.676963,CP10_after_neg_clamp,   1,    0.0000000000E+00,    3.4574518674E+02,    3.4574518674E+02,    0.0000000000E+00,    0.0000000000E+00,    0.0000000000E+00,    3.4574518674E+02
    198600,      0.676963,CP11_after_MPI,   1,    0.0000000000E+00,    3.4574518674E+02,    3.4574518674E+02,    0.0000000000E+00,    0.0000000000E+00,    0.0000000000E+00,    3.4574518674E+02
    198600,      0.676963,CP12_end,   1,    0.0000000000E+00,    3.4574518674E+02,    3.4574518674E+02,    0.0000000000E+00,    0.0000000000E+00,    0.0000000000E+00,    3.4574518674E+02
    198650,      0.676963,CP0_start,   1,    0.0000000000E+00,    3.4590268622E+02,    3.4590268622E+02,    0.0000000000E+00,    0.0000000000E+00,    0.0000000000E+00,    3.4590268622E+02
    198650,      0.676963,CP1_after_deposition,   1,    0.0000000000E+00,    3.4590268622E+02,    3.4590268622E+02,    0.0000000000E+00,    0.0000000000E+00,    0.0000000000E+00,    3.4590268622E+02
    198650,      0.676963,CP2_after_erosion,   1,    0.0000000000E+00,    3.4590268622E+02,    3.4590268622E+02,    0.0000000000E+00,    0.0000000000E+00,    0.0000000000E+00,    3.4590268622E+02
    198650,      0.676963,CP3_after_update_bottom,   1,    0.0000000000E+00,    3.4590268622E+02,    3.4590268622E+02,    0.0000000000E+00,    0.0000000000E+00,    0.0000000000E+00,    3.4590268622E+02
    198650,      0.676963,CP4_after_advection,   1,    0.0000000000E+00,    3.4590104529E+02,    3.4590104529E+02,    0.0000000000E+00,    0.0000000000E+00,    0.0000000000E+00,    3.4590104529E+02
    198650,      0.676963,CP5_after_vdif,   1,    0.0000000000E+00,    3.4590104529E+02,    3.4590104529E+02,    0.0000000000E+00,    0.0000000000E+00,    0.0000000000E+00,    3.4590104529E+02
    198650,      0.676963,CP6_after_kinetics,   1,    0.0000000000E+00,    3.4590104529E+02,    3.4590104529E+02,    0.0000000000E+00,    0.0000000000E+00,    0.0000000000E+00,    3.4590104529E+02
    198650,      0.676963,CP7_after_upper_clamp,   1,    0.0000000000E+00,    3.4590104529E+02,    3.4590104529E+02,    0.0000000000E+00,    0.0000000000E+00,    0.0000000000E+00,    3.4590104529E+02
    198650,      0.676963,CP8_after_OBC,   1,    0.0000000000E+00,    3.4590104529E+02,    3.4590104529E+02,    0.0000000000E+00,    0.0000000000E+00,    0.0000000000E+00,    3.4590104529E+02
    198650,      0.676963,CP9_after_PTsource,   1,    0.0000000000E+00,    3.4590104529E+02,    3.4590104529E+02,    0.0000000000E+00,    0.0000000000E+00,    0.0000000000E+00,    3.4590104529E+02
    198650,      0.676963,CP10_after_neg_clamp,   1,    0.0000000000E+00,    3.4590104529E+02,    3.4590104529E+02,    0.0000000000E+00,    0.0000000000E+00,    0.0000000000E+00,    3.4590104529E+02
    198650,      0.676963,CP11_after_MPI,   1,    0.0000000000E+00,    3.4590104529E+02,    3.4590104529E+02,    0.0000000000E+00,    0.0000000000E+00,    0.0000000000E+00,    3.4590104529E+02
    198650,      0.676963,CP12_end,   1,    0.0000000000E+00,    3.4590104529E+02,    3.4590104529E+02,    0.0000000000E+00,    0.0000000000E+00,    0.0000000000E+00,    3.4590104529E+02
    198700,      0.676963,CP0_start,   1,    0.0000000000E+00,    3.4605787034E+02,    3.4605787034E+02,    0.0000000000E+00,    0.0000000000E+00,    0.0000000000E+00,    3.4605787034E+02
    198700,      0.676963,CP1_after_deposition,   1,    0.0000000000E+00,    3.4605787034E+02,    3.4605787034E+02,    0.0000000000E+00,    0.0000000000E+00,    0.0000000000E+00,    3.4605787034E+02
    198700,      0.676963,CP2_after_erosion,   1,    0.0000000000E+00,    3.4605787034E+02,    3.4605787034E+02,    0.0000000000E+00,    0.0000000000E+00,    0.0000000000E+00,    3.4605787034E+02
    198700,      0.676963,CP3_after_update_bottom,   1,    0.0000000000E+00,    3.4605787034E+02,    3.4605787034E+02,    0.0000000000E+00,    0.0000000000E+00,    0.0000000000E+00,    3.4605787034E+02
    198700,      0.676963,CP4_after_advection,   1,    0.0000000000E+00,    3.4605592501E+02,    3.4605592501E+02,    0.0000000000E+00,    0.0000000000E+00,    0.0000000000E+00,    3.4605592501E+02
    198700,      0.676963,CP5_after_vdif,   1,    0.0000000000E+00,    3.4605592501E+02,    3.4605592501E+02,    0.0000000000E+00,    0.0000000000E+00,    0.0000000000E+00,    3.4605592501E+02
    198700,      0.676963,CP6_after_kinetics,   1,    0.0000000000E+00,    3.4605592501E+02,    3.4605592501E+02,    0.0000000000E+00,    0.0000000000E+00,    0.0000000000E+00,    3.4605592501E+02
    198700,      0.676963,CP7_after_upper_clamp,   1,    0.0000000000E+00,    3.4605592501E+02,    3.4605592501E+02,    0.0000000000E+00,    0.0000000000E+00,    0.0000000000E+00,    3.4605592501E+02
    198700,      0.676963,CP8_after_OBC,   1,    0.0000000000E+00,    3.4605592501E+02,    3.4605592501E+02,    0.0000000000E+00,    0.0000000000E+00,    0.0000000000E+00,    3.4605592501E+02
    198700,      0.676963,CP9_after_PTsource,   1,    0.0000000000E+00,    3.4605592501E+02,    3.4605592501E+02,    0.0000000000E+00,    0.0000000000E+00,    0.0000000000E+00,    3.4605592501E+02
    198700,      0.676963,CP10_after_neg_clamp,   1,    0.0000000000E+00,    3.4605592501E+02,    3.4605592501E+02,    0.0000000000E+00,    0.0000000000E+00,    0.0000000000E+00,    3.4605592501E+02
    198700,      0.676963,CP11_after_MPI,   1,    0.0000000000E+00,    3.4605592501E+02,    3.4605592501E+02,    0.0000000000E+00,    0.0000000000E+00,    0.0000000000E+00,    3.4605592501E+02
    198700,      0.676963,CP12_end,   1,    0.0000000000E+00,    3.4605592501E+02,    3.4605592501E+02,    0.0000000000E+00,    0.0000000000E+00,    0.0000000000E+00,    3.4605592501E+02
    198750,      0.676963,CP0_start,   1,    0.0000000000E+00,    3.4621482623E+02,    3.4621482623E+02,    0.0000000000E+00,    0.0000000000E+00,    0.0000000000E+00,    3.4621482623E+02
    198750,      0.676963,CP1_after_deposition,   1,    0.0000000000E+00,    3.4621482623E+02,    3.4621482623E+02,    0.0000000000E+00,    0.0000000000E+00,    0.0000000000E+00,    3.4621482623E+02
    198750,      0.676963,CP2_after_erosion,   1,    0.0000000000E+00,    3.4621482623E+02,    3.4621482623E+02,    0.0000000000E+00,    0.0000000000E+00,    0.0000000000E+00,    3.4621482623E+02
    198750,      0.676963,CP3_after_update_bottom,   1,    0.0000000000E+00,    3.4621482623E+02,    3.4621482623E+02,    0.0000000000E+00,    0.0000000000E+00,    0.0000000000E+00,    3.4621482623E+02
    198750,      0.676963,CP4_after_advection,   1,    0.0000000000E+00,    3.4621266903E+02,    3.4621266903E+02,    0.0000000000E+00,    0.0000000000E+00,    0.0000000000E+00,    3.4621266903E+02
    198750,      0.676963,CP5_after_vdif,   1,    0.0000000000E+00,    3.4621266903E+02,    3.4621266903E+02,    0.0000000000E+00,    0.0000000000E+00,    0.0000000000E+00,    3.4621266903E+02
    198750,      0.676963,CP6_after_kinetics,   1,    0.0000000000E+00,    3.4621266903E+02,    3.4621266903E+02,    0.0000000000E+00,    0.0000000000E+00,    0.0000000000E+00,    3.4621266903E+02
    198750,      0.676963,CP7_after_upper_clamp,   1,    0.0000000000E+00,    3.4621266903E+02,    3.4621266903E+02,    0.0000000000E+00,    0.0000000000E+00,    0.0000000000E+00,    3.4621266903E+02
    198750,      0.676963,CP8_after_OBC,   1,    0.0000000000E+00,    3.4621266903E+02,    3.4621266903E+02,    0.0000000000E+00,    0.0000000000E+00,    0.0000000000E+00,    3.4621266903E+02
    198750,      0.676963,CP9_after_PTsource,   1,    0.0000000000E+00,    3.4621266903E+02,    3.4621266903E+02,    0.0000000000E+00,    0.0000000000E+00,    0.0000000000E+00,    3.4621266903E+02
    198750,      0.676963,CP10_after_neg_clamp,   1,    0.0000000000E+00,    3.4621266903E+02,    3.4621266903E+02,    0.0000000000E+00,    0.0000000000E+00,    0.0000000000E+00,    3.4621266903E+02
    198750,      0.676963,CP11_after_MPI,   1,    0.0000000000E+00,    3.4621266903E+02,    3.4621266903E+02,    0.0000000000E+00,    0.0000000000E+00,    0.0000000000E+00,    3.4621266903E+02
    198750,      0.676963,CP12_end,   1,    0.0000000000E+00,    3.4621266903E+02,    3.4621266903E+02,    0.0000000000E+00,    0.0000000000E+00,    0.0000000000E+00,    3.4621266903E+02
    198800,      0.676963,CP0_start,   1,    0.0000000000E+00,    3.4637944655E+02,    3.4637944655E+02,    0.0000000000E+00,    0.0000000000E+00,    0.0000000000E+00,    3.4637944655E+02
    198800,      0.676963,CP1_after_deposition,   1,    0.0000000000E+00,    3.4637944655E+02,    3.4637944655E+02,    0.0000000000E+00,    0.0000000000E+00,    0.0000000000E+00,    3.4637944655E+02
    198800,      0.676963,CP2_after_erosion,   1,    0.0000000000E+00,    3.4637944655E+02,    3.4637944655E+02,    0.0000000000E+00,    0.0000000000E+00,    0.0000000000E+00,    3.4637944655E+02
    198800,      0.676963,CP3_after_update_bottom,   1,    0.0000000000E+00,    3.4637944655E+02,    3.4637944655E+02,    0.0000000000E+00,    0.0000000000E+00,    0.0000000000E+00,    3.4637944655E+02
    198800,      0.676963,CP4_after_advection,   1,    0.0000000000E+00,    3.4637720838E+02,    3.4637720838E+02,    0.0000000000E+00,    0.0000000000E+00,    0.0000000000E+00,    3.4637720838E+02
    198800,      0.676963,CP5_after_vdif,   1,    0.0000000000E+00,    3.4637720838E+02,    3.4637720838E+02,    0.0000000000E+00,    0.0000000000E+00,    0.0000000000E+00,    3.4637720838E+02
    198800,      0.676963,CP6_after_kinetics,   1,    0.0000000000E+00,    3.4637720838E+02,    3.4637720838E+02,    0.0000000000E+00,    0.0000000000E+00,    0.0000000000E+00,    3.4637720838E+02
    198800,      0.676963,CP7_after_upper_clamp,   1,    0.0000000000E+00,    3.4637720838E+02,    3.4637720838E+02,    0.0000000000E+00,    0.0000000000E+00,    0.0000000000E+00,    3.4637720838E+02
    198800,      0.676963,CP8_after_OBC,   1,    0.0000000000E+00,    3.4637720838E+02,    3.4637720838E+02,    0.0000000000E+00,    0.0000000000E+00,    0.0000000000E+00,    3.4637720838E+02
    198800,      0.676963,CP9_after_PTsource,   1,    0.0000000000E+00,    3.4637720838E+02,    3.4637720838E+02,    0.0000000000E+00,    0.0000000000E+00,    0.0000000000E+00,    3.4637720838E+02
    198800,      0.676963,CP10_after_neg_clamp,   1,    0.0000000000E+00,    3.4637720838E+02,    3.4637720838E+02,    0.0000000000E+00,    0.0000000000E+00,    0.0000000000E+00,    3.4637720838E+02
    198800,      0.676963,CP11_after_MPI,   1,    0.0000000000E+00,    3.4637720838E+02,    3.4637720838E+02,    0.0000000000E+00,    0.0000000000E+00,    0.0000000000E+00,    3.4637720838E+02
    198800,      0.676963,CP12_end,   1,    0.0000000000E+00,    3.4637720838E+02,    3.4637720838E+02,    0.0000000000E+00,    0.0000000000E+00,    0.0000000000E+00,    3.4637720838E+02
    198850,      0.676963,CP0_start,   1,    0.0000000000E+00,    3.4655667029E+02,    3.4655667029E+02,    0.0000000000E+00,    0.0000000000E+00,    0.0000000000E+00,    3.4655667029E+02
    198850,      0.676963,CP1_after_deposition,   1,    0.0000000000E+00,    3.4655667029E+02,    3.4655667029E+02,    0.0000000000E+00,    0.0000000000E+00,    0.0000000000E+00,    3.4655667029E+02
    198850,      0.676963,CP2_after_erosion,   1,    0.0000000000E+00,    3.4655667029E+02,    3.4655667029E+02,    0.0000000000E+00,    0.0000000000E+00,    0.0000000000E+00,    3.4655667029E+02
    198850,      0.676963,CP3_after_update_bottom,   1,    0.0000000000E+00,    3.4655667029E+02,    3.4655667029E+02,    0.0000000000E+00,    0.0000000000E+00,    0.0000000000E+00,    3.4655667029E+02
    198850,      0.676963,CP4_after_advection,   1,    0.0000000000E+00,    3.4655440307E+02,    3.4655440307E+02,    0.0000000000E+00,    0.0000000000E+00,    0.0000000000E+00,    3.4655440307E+02
    198850,      0.676963,CP5_after_vdif,   1,    0.0000000000E+00,    3.4655440307E+02,    3.4655440307E+02,    0.0000000000E+00,    0.0000000000E+00,    0.0000000000E+00,    3.4655440307E+02
    198850,      0.676963,CP6_after_kinetics,   1,    0.0000000000E+00,    3.4655440307E+02,    3.4655440307E+02,    0.0000000000E+00,    0.0000000000E+00,    0.0000000000E+00,    3.4655440307E+02
    198850,      0.676963,CP7_after_upper_clamp,   1,    0.0000000000E+00,    3.4655440307E+02,    3.4655440307E+02,    0.0000000000E+00,    0.0000000000E+00,    0.0000000000E+00,    3.4655440307E+02
    198850,      0.676963,CP8_after_OBC,   1,    0.0000000000E+00,    3.4655440307E+02,    3.4655440307E+02,    0.0000000000E+00,    0.0000000000E+00,    0.0000000000E+00,    3.4655440307E+02
    198850,      0.676963,CP9_after_PTsource,   1,    0.0000000000E+00,    3.4655440307E+02,    3.4655440307E+02,    0.0000000000E+00,    0.0000000000E+00,    0.0000000000E+00,    3.4655440307E+02
    198850,      0.676963,CP10_after_neg_clamp,   1,    0.0000000000E+00,    3.4655440307E+02,    3.4655440307E+02,    0.0000000000E+00,    0.0000000000E+00,    0.0000000000E+00,    3.4655440307E+02
    198850,      0.676963,CP11_after_MPI,   1,    0.0000000000E+00,    3.4655440307E+02,    3.4655440307E+02,    0.0000000000E+00,    0.0000000000E+00,    0.0000000000E+00,    3.4655440307E+02
    198850,      0.676963,CP12_end,   1,    0.0000000000E+00,    3.4655440307E+02,    3.4655440307E+02,    0.0000000000E+00,    0.0000000000E+00,    0.0000000000E+00,    3.4655440307E+02
    198900,      0.676963,CP0_start,   1,    0.0000000000E+00,    3.4674791118E+02,    3.4674791118E+02,    0.0000000000E+00,    0.0000000000E+00,    0.0000000000E+00,    3.4674791118E+02
    198900,      0.676963,CP1_after_deposition,   1,    0.0000000000E+00,    3.4674791118E+02,    3.4674791118E+02,    0.0000000000E+00,    0.0000000000E+00,    0.0000000000E+00,    3.4674791118E+02
    198900,      0.676963,CP2_after_erosion,   1,    0.0000000000E+00,    3.4674791118E+02,    3.4674791118E+02,    0.0000000000E+00,    0.0000000000E+00,    0.0000000000E+00,    3.4674791118E+02
    198900,      0.676963,CP3_after_update_bottom,   1,    0.0000000000E+00,    3.4674791118E+02,    3.4674791118E+02,    0.0000000000E+00,    0.0000000000E+00,    0.0000000000E+00,    3.4674791118E+02
    198900,      0.676963,CP4_after_advection,   1,    0.0000000000E+00,    3.4674560020E+02,    3.4674560020E+02,    0.0000000000E+00,    0.0000000000E+00,    0.0000000000E+00,    3.4674560020E+02
    198900,      0.676963,CP5_after_vdif,   1,    0.0000000000E+00,    3.4674560020E+02,    3.4674560020E+02,    0.0000000000E+00,    0.0000000000E+00,    0.0000000000E+00,    3.4674560020E+02
    198900,      0.676963,CP6_after_kinetics,   1,    0.0000000000E+00,    3.4674560020E+02,    3.4674560020E+02,    0.0000000000E+00,    0.0000000000E+00,    0.0000000000E+00,    3.4674560020E+02
    198900,      0.676963,CP7_after_upper_clamp,   1,    0.0000000000E+00,    3.4674560020E+02,    3.4674560020E+02,    0.0000000000E+00,    0.0000000000E+00,    0.0000000000E+00,    3.4674560020E+02
    198900,      0.676963,CP8_after_OBC,   1,    0.0000000000E+00,    3.4674560020E+02,    3.4674560020E+02,    0.0000000000E+00,    0.0000000000E+00,    0.0000000000E+00,    3.4674560020E+02
    198900,      0.676963,CP9_after_PTsource,   1,    0.0000000000E+00,    3.4674560020E+02,    3.4674560020E+02,    0.0000000000E+00,    0.0000000000E+00,    0.0000000000E+00,    3.4674560020E+02
    198900,      0.676963,CP10_after_neg_clamp,   1,    0.0000000000E+00,    3.4674560020E+02,    3.4674560020E+02,    0.0000000000E+00,    0.0000000000E+00,    0.0000000000E+00,    3.4674560020E+02
    198900,      0.676963,CP11_after_MPI,   1,    0.0000000000E+00,    3.4674560020E+02,    3.4674560020E+02,    0.0000000000E+00,    0.0000000000E+00,    0.0000000000E+00,    3.4674560020E+02
    198900,      0.676963,CP12_end,   1,    0.0000000000E+00,    3.4674560020E+02,    3.4674560020E+02,    0.0000000000E+00,    0.0000000000E+00,    0.0000000000E+00,    3.4674560020E+02
    198950,      0.676963,CP0_start,   1,    0.0000000000E+00,    3.4695020603E+02,    3.4695020603E+02,    0.0000000000E+00,    0.0000000000E+00,    0.0000000000E+00,    3.4695020603E+02
    198950,      0.676963,CP1_after_deposition,   1,    0.0000000000E+00,    3.4695020603E+02,    3.4695020603E+02,    0.0000000000E+00,    0.0000000000E+00,    0.0000000000E+00,    3.4695020603E+02
    198950,      0.676963,CP2_after_erosion,   1,    0.0000000000E+00,    3.4695020603E+02,    3.4695020603E+02,    0.0000000000E+00,    0.0000000000E+00,    0.0000000000E+00,    3.4695020603E+02
    198950,      0.676963,CP3_after_update_bottom,   1,    0.0000000000E+00,    3.4695020603E+02,    3.4695020603E+02,    0.0000000000E+00,    0.0000000000E+00,    0.0000000000E+00,    3.4695020603E+02
    198950,      0.676963,CP4_after_advection,   1,    0.0000000000E+00,    3.4694778775E+02,    3.4694778775E+02,    0.0000000000E+00,    0.0000000000E+00,    0.0000000000E+00,    3.4694778775E+02
    198950,      0.676963,CP5_after_vdif,   1,    0.0000000000E+00,    3.4694778775E+02,    3.4694778775E+02,    0.0000000000E+00,    0.0000000000E+00,    0.0000000000E+00,    3.4694778775E+02
    198950,      0.676963,CP6_after_kinetics,   1,    0.0000000000E+00,    3.4694778775E+02,    3.4694778775E+02,    0.0000000000E+00,    0.0000000000E+00,    0.0000000000E+00,    3.4694778775E+02
    198950,      0.676963,CP7_after_upper_clamp,   1,    0.0000000000E+00,    3.4694778775E+02,    3.4694778775E+02,    0.0000000000E+00,    0.0000000000E+00,    0.0000000000E+00,    3.4694778775E+02
    198950,      0.676963,CP8_after_OBC,   1,    0.0000000000E+00,    3.4694778775E+02,    3.4694778775E+02,    0.0000000000E+00,    0.0000000000E+00,    0.0000000000E+00,    3.4694778775E+02
    198950,      0.676963,CP9_after_PTsource,   1,    0.0000000000E+00,    3.4694778775E+02,    3.4694778775E+02,    0.0000000000E+00,    0.0000000000E+00,    0.0000000000E+00,    3.4694778775E+02
    198950,      0.676963,CP10_after_neg_clamp,   1,    0.0000000000E+00,    3.4694778775E+02,    3.4694778775E+02,    0.0000000000E+00,    0.0000000000E+00,    0.0000000000E+00,    3.4694778775E+02
    198950,      0.676963,CP11_after_MPI,   1,    0.0000000000E+00,    3.4694778775E+02,    3.4694778775E+02,    0.0000000000E+00,    0.0000000000E+00,    0.0000000000E+00,    3.4694778775E+02
    198950,      0.676963,CP12_end,   1,    0.0000000000E+00,    3.4694778775E+02,    3.4694778775E+02,    0.0000000000E+00,    0.0000000000E+00,    0.0000000000E+00,    3.4694778775E+02
    199000,      0.676963,CP0_start,   1,    0.0000000000E+00,    3.4716044599E+02,    3.4716044599E+02,    0.0000000000E+00,    0.0000000000E+00,    0.0000000000E+00,    3.4716044599E+02
    199000,      0.676963,CP1_after_deposition,   1,    0.0000000000E+00,    3.4716044599E+02,    3.4716044599E+02,    0.0000000000E+00,    0.0000000000E+00,    0.0000000000E+00,    3.4716044599E+02
    199000,      0.676963,CP2_after_erosion,   1,    0.0000000000E+00,    3.4716044599E+02,    3.4716044599E+02,    0.0000000000E+00,    0.0000000000E+00,    0.0000000000E+00,    3.4716044599E+02
    199000,      0.676963,CP3_after_update_bottom,   1,    0.0000000000E+00,    3.4716044599E+02,    3.4716044599E+02,    0.0000000000E+00,    0.0000000000E+00,    0.0000000000E+00,    3.4716044599E+02
    199000,      0.676963,CP4_after_advection,   1,    0.0000000000E+00,    3.4715783472E+02,    3.4715783472E+02,    0.0000000000E+00,    0.0000000000E+00,    0.0000000000E+00,    3.4715783472E+02
    199000,      0.676963,CP5_after_vdif,   1,    0.0000000000E+00,    3.4715783472E+02,    3.4715783472E+02,    0.0000000000E+00,    0.0000000000E+00,    0.0000000000E+00,    3.4715783472E+02
    199000,      0.676963,CP6_after_kinetics,   1,    0.0000000000E+00,    3.4715783472E+02,    3.4715783472E+02,    0.0000000000E+00,    0.0000000000E+00,    0.0000000000E+00,    3.4715783472E+02
    199000,      0.676963,CP7_after_upper_clamp,   1,    0.0000000000E+00,    3.4715783472E+02,    3.4715783472E+02,    0.0000000000E+00,    0.0000000000E+00,    0.0000000000E+00,    3.4715783472E+02
    199000,      0.676963,CP8_after_OBC,   1,    0.0000000000E+00,    3.4715783472E+02,    3.4715783472E+02,    0.0000000000E+00,    0.0000000000E+00,    0.0000000000E+00,    3.4715783472E+02
    199000,      0.676963,CP9_after_PTsource,   1,    0.0000000000E+00,    3.4715783472E+02,    3.4715783472E+02,    0.0000000000E+00,    0.0000000000E+00,    0.0000000000E+00,    3.4715783472E+02
    199000,      0.676963,CP10_after_neg_clamp,   1,    0.0000000000E+00,    3.4715783472E+02,    3.4715783472E+02,    0.0000000000E+00,    0.0000000000E+00,    0.0000000000E+00,    3.4715783472E+02
    199000,      0.676963,CP11_after_MPI,   1,    0.0000000000E+00,    3.4715783472E+02,    3.4715783472E+02,    0.0000000000E+00,    0.0000000000E+00,    0.0000000000E+00,    3.4715783472E+02
    199000,      0.676963,CP12_end,   1,    0.0000000000E+00,    3.4715783472E+02,    3.4715783472E+02,    0.0000000000E+00,    0.0000000000E+00,    0.0000000000E+00,    3.4715783472E+02
    199050,      0.676963,CP0_start,   1,    0.0000000000E+00,    3.4737493393E+02,    3.4737493393E+02,    0.0000000000E+00,    0.0000000000E+00,    0.0000000000E+00,    3.4737493393E+02
    199050,      0.676963,CP1_after_deposition,   1,    0.0000000000E+00,    3.4737493393E+02,    3.4737493393E+02,    0.0000000000E+00,    0.0000000000E+00,    0.0000000000E+00,    3.4737493393E+02
    199050,      0.676963,CP2_after_erosion,   1,    0.0000000000E+00,    3.4737493393E+02,    3.4737493393E+02,    0.0000000000E+00,    0.0000000000E+00,    0.0000000000E+00,    3.4737493393E+02
    199050,      0.676963,CP3_after_update_bottom,   1,    0.0000000000E+00,    3.4737493393E+02,    3.4737493393E+02,    0.0000000000E+00,    0.0000000000E+00,    0.0000000000E+00,    3.4737493393E+02
    199050,      0.676963,CP4_after_advection,   1,    0.0000000000E+00,    3.4737208129E+02,    3.4737208129E+02,    0.0000000000E+00,    0.0000000000E+00,    0.0000000000E+00,    3.4737208129E+02
    199050,      0.676963,CP5_after_vdif,   1,    0.0000000000E+00,    3.4737208129E+02,    3.4737208129E+02,    0.0000000000E+00,    0.0000000000E+00,    0.0000000000E+00,    3.4737208129E+02
    199050,      0.676963,CP6_after_kinetics,   1,    0.0000000000E+00,    3.4737208129E+02,    3.4737208129E+02,    0.0000000000E+00,    0.0000000000E+00,    0.0000000000E+00,    3.4737208129E+02
    199050,      0.676963,CP7_after_upper_clamp,   1,    0.0000000000E+00,    3.4737208129E+02,    3.4737208129E+02,    0.0000000000E+00,    0.0000000000E+00,    0.0000000000E+00,    3.4737208129E+02
    199050,      0.676963,CP8_after_OBC,   1,    0.0000000000E+00,    3.4737208129E+02,    3.4737208129E+02,    0.0000000000E+00,    0.0000000000E+00,    0.0000000000E+00,    3.4737208129E+02
    199050,      0.676963,CP9_after_PTsource,   1,    0.0000000000E+00,    3.4737208129E+02,    3.4737208129E+02,    0.0000000000E+00,    0.0000000000E+00,    0.0000000000E+00,    3.4737208129E+02
    199050,      0.676963,CP10_after_neg_clamp,   1,    0.0000000000E+00,    3.4737208129E+02,    3.4737208129E+02,    0.0000000000E+00,    0.0000000000E+00,    0.0000000000E+00,    3.4737208129E+02
    199050,      0.676963,CP11_after_MPI,   1,    0.0000000000E+00,    3.4737208129E+02,    3.4737208129E+02,    0.0000000000E+00,    0.0000000000E+00,    0.0000000000E+00,    3.4737208129E+02
    199050,      0.676963,CP12_end,   1,    0.0000000000E+00,    3.4737208129E+02,    3.4737208129E+02,    0.0000000000E+00,    0.0000000000E+00,    0.0000000000E+00,    3.4737208129E+02
    199100,      0.676963,CP0_start,   1,    0.0000000000E+00,    3.4759211713E+02,    3.4759211713E+02,    0.0000000000E+00,    0.0000000000E+00,    0.0000000000E+00,    3.4759211713E+02
    199100,      0.676963,CP1_after_deposition,   1,    0.0000000000E+00,    3.4759211713E+02,    3.4759211713E+02,    0.0000000000E+00,    0.0000000000E+00,    0.0000000000E+00,    3.4759211713E+02
    199100,      0.676963,CP2_after_erosion,   1,    0.0000000000E+00,    3.4759211713E+02,    3.4759211713E+02,    0.0000000000E+00,    0.0000000000E+00,    0.0000000000E+00,    3.4759211713E+02
    199100,      0.676963,CP3_after_update_bottom,   1,    0.0000000000E+00,    3.4759211713E+02,    3.4759211713E+02,    0.0000000000E+00,    0.0000000000E+00,    0.0000000000E+00,    3.4759211713E+02
    199100,      0.676963,CP4_after_advection,   1,    0.0000000000E+00,    3.4758899192E+02,    3.4758899192E+02,    0.0000000000E+00,    0.0000000000E+00,    0.0000000000E+00,    3.4758899192E+02
    199100,      0.676963,CP5_after_vdif,   1,    0.0000000000E+00,    3.4758899192E+02,    3.4758899192E+02,    0.0000000000E+00,    0.0000000000E+00,    0.0000000000E+00,    3.4758899192E+02
    199100,      0.676963,CP6_after_kinetics,   1,    0.0000000000E+00,    3.4758899192E+02,    3.4758899192E+02,    0.0000000000E+00,    0.0000000000E+00,    0.0000000000E+00,    3.4758899192E+02
    199100,      0.676963,CP7_after_upper_clamp,   1,    0.0000000000E+00,    3.4758899192E+02,    3.4758899192E+02,    0.0000000000E+00,    0.0000000000E+00,    0.0000000000E+00,    3.4758899192E+02
    199100,      0.676963,CP8_after_OBC,   1,    0.0000000000E+00,    3.4758899192E+02,    3.4758899192E+02,    0.0000000000E+00,    0.0000000000E+00,    0.0000000000E+00,    3.4758899192E+02
    199100,      0.676963,CP9_after_PTsource,   1,    0.0000000000E+00,    3.4758899192E+02,    3.4758899192E+02,    0.0000000000E+00,    0.0000000000E+00,    0.0000000000E+00,    3.4758899192E+02
    199100,      0.676963,CP10_after_neg_clamp,   1,    0.0000000000E+00,    3.4758899192E+02,    3.4758899192E+02,    0.0000000000E+00,    0.0000000000E+00,    0.0000000000E+00,    3.4758899192E+02
    199100,      0.676963,CP11_after_MPI,   1,    0.0000000000E+00,    3.4758899192E+02,    3.4758899192E+02,    0.0000000000E+00,    0.0000000000E+00,    0.0000000000E+00,    3.4758899192E+02
    199100,      0.676963,CP12_end,   1,    0.0000000000E+00,    3.4758899192E+02,    3.4758899192E+02,    0.0000000000E+00,    0.0000000000E+00,    0.0000000000E+00,    3.4758899192E+02
    199150,      0.676963,CP0_start,   1,    0.0000000000E+00,    3.4781028551E+02,    3.4781028551E+02,    0.0000000000E+00,    0.0000000000E+00,    0.0000000000E+00,    3.4781028551E+02
    199150,      0.676963,CP1_after_deposition,   1,    0.0000000000E+00,    3.4781028551E+02,    3.4781028551E+02,    0.0000000000E+00,    0.0000000000E+00,    0.0000000000E+00,    3.4781028551E+02
    199150,      0.676963,CP2_after_erosion,   1,    0.0000000000E+00,    3.4781028551E+02,    3.4781028551E+02,    0.0000000000E+00,    0.0000000000E+00,    0.0000000000E+00,    3.4781028551E+02
    199150,      0.676963,CP3_after_update_bottom,   1,    0.0000000000E+00,    3.4781028551E+02,    3.4781028551E+02,    0.0000000000E+00,    0.0000000000E+00,    0.0000000000E+00,    3.4781028551E+02
    199150,      0.676963,CP4_after_advection,   1,    0.0000000000E+00,    3.4780683690E+02,    3.4780683690E+02,    0.0000000000E+00,    0.0000000000E+00,    0.0000000000E+00,    3.4780683690E+02
    199150,      0.676963,CP5_after_vdif,   1,    0.0000000000E+00,    3.4780683690E+02,    3.4780683690E+02,    0.0000000000E+00,    0.0000000000E+00,    0.0000000000E+00,    3.4780683690E+02
    199150,      0.676963,CP6_after_kinetics,   1,    0.0000000000E+00,    3.4780683690E+02,    3.4780683690E+02,    0.0000000000E+00,    0.0000000000E+00,    0.0000000000E+00,    3.4780683690E+02
    199150,      0.676963,CP7_after_upper_clamp,   1,    0.0000000000E+00,    3.4780683690E+02,    3.4780683690E+02,    0.0000000000E+00,    0.0000000000E+00,    0.0000000000E+00,    3.4780683690E+02
    199150,      0.676963,CP8_after_OBC,   1,    0.0000000000E+00,    3.4780683690E+02,    3.4780683690E+02,    0.0000000000E+00,    0.0000000000E+00,    0.0000000000E+00,    3.4780683690E+02
    199150,      0.676963,CP9_after_PTsource,   1,    0.0000000000E+00,    3.4780683690E+02,    3.4780683690E+02,    0.0000000000E+00,    0.0000000000E+00,    0.0000000000E+00,    3.4780683690E+02
    199150,      0.676963,CP10_after_neg_clamp,   1,    0.0000000000E+00,    3.4780683690E+02,    3.4780683690E+02,    0.0000000000E+00,    0.0000000000E+00,    0.0000000000E+00,    3.4780683690E+02
    199150,      0.676963,CP11_after_MPI,   1,    0.0000000000E+00,    3.4780683690E+02,    3.4780683690E+02,    0.0000000000E+00,    0.0000000000E+00,    0.0000000000E+00,    3.4780683690E+02
    199150,      0.676963,CP12_end,   1,    0.0000000000E+00,    3.4780683690E+02,    3.4780683690E+02,    0.0000000000E+00,    0.0000000000E+00,    0.0000000000E+00,    3.4780683690E+02
    199200,      0.676963,CP0_start,   1,    0.0000000000E+00,    3.4802636811E+02,    3.4802636811E+02,    0.0000000000E+00,    0.0000000000E+00,    0.0000000000E+00,    3.4802636811E+02
    199200,      0.676963,CP1_after_deposition,   1,    0.0000000000E+00,    3.4802636811E+02,    3.4802636811E+02,    0.0000000000E+00,    0.0000000000E+00,    0.0000000000E+00,    3.4802636811E+02
    199200,      0.676963,CP2_after_erosion,   1,    0.0000000000E+00,    3.4802636811E+02,    3.4802636811E+02,    0.0000000000E+00,    0.0000000000E+00,    0.0000000000E+00,    3.4802636811E+02
    199200,      0.676963,CP3_after_update_bottom,   1,    0.0000000000E+00,    3.4802636811E+02,    3.4802636811E+02,    0.0000000000E+00,    0.0000000000E+00,    0.0000000000E+00,    3.4802636811E+02
    199200,      0.676963,CP4_after_advection,   1,    0.0000000000E+00,    3.4802254091E+02,    3.4802254091E+02,    0.0000000000E+00,    0.0000000000E+00,    0.0000000000E+00,    3.4802254091E+02
    199200,      0.676963,CP5_after_vdif,   1,    0.0000000000E+00,    3.4802254091E+02,    3.4802254091E+02,    0.0000000000E+00,    0.0000000000E+00,    0.0000000000E+00,    3.4802254091E+02
    199200,      0.676963,CP6_after_kinetics,   1,    0.0000000000E+00,    3.4802254091E+02,    3.4802254091E+02,    0.0000000000E+00,    0.0000000000E+00,    0.0000000000E+00,    3.4802254091E+02
    199200,      0.676963,CP7_after_upper_clamp,   1,    0.0000000000E+00,    3.4802254091E+02,    3.4802254091E+02,    0.0000000000E+00,    0.0000000000E+00,    0.0000000000E+00,    3.4802254091E+02
    199200,      0.676963,CP8_after_OBC,   1,    0.0000000000E+00,    3.4802254091E+02,    3.4802254091E+02,    0.0000000000E+00,    0.0000000000E+00,    0.0000000000E+00,    3.4802254091E+02
    199200,      0.676963,CP9_after_PTsource,   1,    0.0000000000E+00,    3.4802254091E+02,    3.4802254091E+02,    0.0000000000E+00,    0.0000000000E+00,    0.0000000000E+00,    3.4802254091E+02
    199200,      0.676963,CP10_after_neg_clamp,   1,    0.0000000000E+00,    3.4802254091E+02,    3.4802254091E+02,    0.0000000000E+00,    0.0000000000E+00,    0.0000000000E+00,    3.4802254091E+02
    199200,      0.676963,CP11_after_MPI,   1,    0.0000000000E+00,    3.4802254091E+02,    3.4802254091E+02,    0.0000000000E+00,    0.0000000000E+00,    0.0000000000E+00,    3.4802254091E+02
    199200,      0.676963,CP12_end,   1,    0.0000000000E+00,    3.4802254091E+02,    3.4802254091E+02,    0.0000000000E+00,    0.0000000000E+00,    0.0000000000E+00,    3.4802254091E+02
    199250,      0.676963,CP0_start,   1,    0.0000000000E+00,    3.4823640006E+02,    3.4823640006E+02,    0.0000000000E+00,    0.0000000000E+00,    0.0000000000E+00,    3.4823640006E+02
    199250,      0.676963,CP1_after_deposition,   1,    0.0000000000E+00,    3.4823640006E+02,    3.4823640006E+02,    0.0000000000E+00,    0.0000000000E+00,    0.0000000000E+00,    3.4823640006E+02
    199250,      0.676963,CP2_after_erosion,   1,    0.0000000000E+00,    3.4823640006E+02,    3.4823640006E+02,    0.0000000000E+00,    0.0000000000E+00,    0.0000000000E+00,    3.4823640006E+02
    199250,      0.676963,CP3_after_update_bottom,   1,    0.0000000000E+00,    3.4823640006E+02,    3.4823640006E+02,    0.0000000000E+00,    0.0000000000E+00,    0.0000000000E+00,    3.4823640006E+02
    199250,      0.676963,CP4_after_advection,   1,    0.0000000000E+00,    3.4823211838E+02,    3.4823211838E+02,    0.0000000000E+00,    0.0000000000E+00,    0.0000000000E+00,    3.4823211838E+02
    199250,      0.676963,CP5_after_vdif,   1,    0.0000000000E+00,    3.4823211838E+02,    3.4823211838E+02,    0.0000000000E+00,    0.0000000000E+00,    0.0000000000E+00,    3.4823211838E+02
    199250,      0.676963,CP6_after_kinetics,   1,    0.0000000000E+00,    3.4823211838E+02,    3.4823211838E+02,    0.0000000000E+00,    0.0000000000E+00,    0.0000000000E+00,    3.4823211838E+02
    199250,      0.676963,CP7_after_upper_clamp,   1,    0.0000000000E+00,    3.4823211838E+02,    3.4823211838E+02,    0.0000000000E+00,    0.0000000000E+00,    0.0000000000E+00,    3.4823211838E+02
    199250,      0.676963,CP8_after_OBC,   1,    0.0000000000E+00,    3.4823211838E+02,    3.4823211838E+02,    0.0000000000E+00,    0.0000000000E+00,    0.0000000000E+00,    3.4823211838E+02
    199250,      0.676963,CP9_after_PTsource,   1,    0.0000000000E+00,    3.4823211838E+02,    3.4823211838E+02,    0.0000000000E+00,    0.0000000000E+00,    0.0000000000E+00,    3.4823211838E+02
    199250,      0.676963,CP10_after_neg_clamp,   1,    0.0000000000E+00,    3.4823211838E+02,    3.4823211838E+02,    0.0000000000E+00,    0.0000000000E+00,    0.0000000000E+00,    3.4823211838E+02
    199250,      0.676963,CP11_after_MPI,   1,    0.0000000000E+00,    3.4823211838E+02,    3.4823211838E+02,    0.0000000000E+00,    0.0000000000E+00,    0.0000000000E+00,    3.4823211838E+02
    199250,      0.676963,CP12_end,   1,    0.0000000000E+00,    3.4823211838E+02,    3.4823211838E+02,    0.0000000000E+00,    0.0000000000E+00,    0.0000000000E+00,    3.4823211838E+02
    199300,      0.676963,CP0_start,   1,    0.0000000000E+00,    3.4843851603E+02,    3.4843851603E+02,    0.0000000000E+00,    0.0000000000E+00,    0.0000000000E+00,    3.4843851603E+02
    199300,      0.676963,CP1_after_deposition,   1,    0.0000000000E+00,    3.4843851603E+02,    3.4843851603E+02,    0.0000000000E+00,    0.0000000000E+00,    0.0000000000E+00,    3.4843851603E+02
    199300,      0.676963,CP2_after_erosion,   1,    0.0000000000E+00,    3.4843851603E+02,    3.4843851603E+02,    0.0000000000E+00,    0.0000000000E+00,    0.0000000000E+00,    3.4843851603E+02
    199300,      0.676963,CP3_after_update_bottom,   1,    0.0000000000E+00,    3.4843851603E+02,    3.4843851603E+02,    0.0000000000E+00,    0.0000000000E+00,    0.0000000000E+00,    3.4843851603E+02
    199300,      0.676963,CP4_after_advection,   1,    0.0000000000E+00,    3.4843377201E+02,    3.4843377201E+02,    0.0000000000E+00,    0.0000000000E+00,    0.0000000000E+00,    3.4843377201E+02
    199300,      0.676963,CP5_after_vdif,   1,    0.0000000000E+00,    3.4843377201E+02,    3.4843377201E+02,    0.0000000000E+00,    0.0000000000E+00,    0.0000000000E+00,    3.4843377201E+02
    199300,      0.676963,CP6_after_kinetics,   1,    0.0000000000E+00,    3.4843377201E+02,    3.4843377201E+02,    0.0000000000E+00,    0.0000000000E+00,    0.0000000000E+00,    3.4843377201E+02
    199300,      0.676963,CP7_after_upper_clamp,   1,    0.0000000000E+00,    3.4843377201E+02,    3.4843377201E+02,    0.0000000000E+00,    0.0000000000E+00,    0.0000000000E+00,    3.4843377201E+02
    199300,      0.676963,CP8_after_OBC,   1,    0.0000000000E+00,    3.4843377201E+02,    3.4843377201E+02,    0.0000000000E+00,    0.0000000000E+00,    0.0000000000E+00,    3.4843377201E+02
    199300,      0.676963,CP9_after_PTsource,   1,    0.0000000000E+00,    3.4843377201E+02,    3.4843377201E+02,    0.0000000000E+00,    0.0000000000E+00,    0.0000000000E+00,    3.4843377201E+02
    199300,      0.676963,CP10_after_neg_clamp,   1,    0.0000000000E+00,    3.4843377201E+02,    3.4843377201E+02,    0.0000000000E+00,    0.0000000000E+00,    0.0000000000E+00,    3.4843377201E+02
    199300,      0.676963,CP11_after_MPI,   1,    0.0000000000E+00,    3.4843377201E+02,    3.4843377201E+02,    0.0000000000E+00,    0.0000000000E+00,    0.0000000000E+00,    3.4843377201E+02
    199300,      0.676963,CP12_end,   1,    0.0000000000E+00,    3.4843377201E+02,    3.4843377201E+02,    0.0000000000E+00,    0.0000000000E+00,    0.0000000000E+00,    3.4843377201E+02
    199350,      0.676963,CP0_start,   1,    0.0000000000E+00,    3.4863306115E+02,    3.4863306115E+02,    0.0000000000E+00,    0.0000000000E+00,    0.0000000000E+00,    3.4863306115E+02
    199350,      0.676963,CP1_after_deposition,   1,    0.0000000000E+00,    3.4863306115E+02,    3.4863306115E+02,    0.0000000000E+00,    0.0000000000E+00,    0.0000000000E+00,    3.4863306115E+02
    199350,      0.676963,CP2_after_erosion,   1,    0.0000000000E+00,    3.4863306115E+02,    3.4863306115E+02,    0.0000000000E+00,    0.0000000000E+00,    0.0000000000E+00,    3.4863306115E+02
    199350,      0.676963,CP3_after_update_bottom,   1,    0.0000000000E+00,    3.4863306115E+02,    3.4863306115E+02,    0.0000000000E+00,    0.0000000000E+00,    0.0000000000E+00,    3.4863306115E+02
    199350,      0.676963,CP4_after_advection,   1,    0.0000000000E+00,    3.4862785934E+02,    3.4862785934E+02,    0.0000000000E+00,    0.0000000000E+00,    0.0000000000E+00,    3.4862785934E+02
    199350,      0.676963,CP5_after_vdif,   1,    0.0000000000E+00,    3.4862785934E+02,    3.4862785934E+02,    0.0000000000E+00,    0.0000000000E+00,    0.0000000000E+00,    3.4862785934E+02
    199350,      0.676963,CP6_after_kinetics,   1,    0.0000000000E+00,    3.4862785934E+02,    3.4862785934E+02,    0.0000000000E+00,    0.0000000000E+00,    0.0000000000E+00,    3.4862785934E+02
    199350,      0.676963,CP7_after_upper_clamp,   1,    0.0000000000E+00,    3.4862785934E+02,    3.4862785934E+02,    0.0000000000E+00,    0.0000000000E+00,    0.0000000000E+00,    3.4862785934E+02
    199350,      0.676963,CP8_after_OBC,   1,    0.0000000000E+00,    3.4862785934E+02,    3.4862785934E+02,    0.0000000000E+00,    0.0000000000E+00,    0.0000000000E+00,    3.4862785934E+02
    199350,      0.676963,CP9_after_PTsource,   1,    0.0000000000E+00,    3.4862785934E+02,    3.4862785934E+02,    0.0000000000E+00,    0.0000000000E+00,    0.0000000000E+00,    3.4862785934E+02
    199350,      0.676963,CP10_after_neg_clamp,   1,    0.0000000000E+00,    3.4862785934E+02,    3.4862785934E+02,    0.0000000000E+00,    0.0000000000E+00,    0.0000000000E+00,    3.4862785934E+02
    199350,      0.676963,CP11_after_MPI,   1,    0.0000000000E+00,    3.4862785934E+02,    3.4862785934E+02,    0.0000000000E+00,    0.0000000000E+00,    0.0000000000E+00,    3.4862785934E+02
    199350,      0.676963,CP12_end,   1,    0.0000000000E+00,    3.4862785934E+02,    3.4862785934E+02,    0.0000000000E+00,    0.0000000000E+00,    0.0000000000E+00,    3.4862785934E+02
    199400,      0.676963,CP0_start,   1,    0.0000000000E+00,    3.4881862298E+02,    3.4881862298E+02,    0.0000000000E+00,    0.0000000000E+00,    0.0000000000E+00,    3.4881862298E+02
    199400,      0.676963,CP1_after_deposition,   1,    0.0000000000E+00,    3.4881862298E+02,    3.4881862298E+02,    0.0000000000E+00,    0.0000000000E+00,    0.0000000000E+00,    3.4881862298E+02
    199400,      0.676963,CP2_after_erosion,   1,    0.0000000000E+00,    3.4881862298E+02,    3.4881862298E+02,    0.0000000000E+00,    0.0000000000E+00,    0.0000000000E+00,    3.4881862298E+02
    199400,      0.676963,CP3_after_update_bottom,   1,    0.0000000000E+00,    3.4881862298E+02,    3.4881862298E+02,    0.0000000000E+00,    0.0000000000E+00,    0.0000000000E+00,    3.4881862298E+02
    199400,      0.676963,CP4_after_advection,   1,    0.0000000000E+00,    3.4881293902E+02,    3.4881293902E+02,    0.0000000000E+00,    0.0000000000E+00,    0.0000000000E+00,    3.4881293902E+02
    199400,      0.676963,CP5_after_vdif,   1,    0.0000000000E+00,    3.4881293902E+02,    3.4881293902E+02,    0.0000000000E+00,    0.0000000000E+00,    0.0000000000E+00,    3.4881293902E+02
    199400,      0.676963,CP6_after_kinetics,   1,    0.0000000000E+00,    3.4881293902E+02,    3.4881293902E+02,    0.0000000000E+00,    0.0000000000E+00,    0.0000000000E+00,    3.4881293902E+02
    199400,      0.676963,CP7_after_upper_clamp,   1,    0.0000000000E+00,    3.4881293902E+02,    3.4881293902E+02,    0.0000000000E+00,    0.0000000000E+00,    0.0000000000E+00,    3.4881293902E+02
    199400,      0.676963,CP8_after_OBC,   1,    0.0000000000E+00,    3.4881293902E+02,    3.4881293902E+02,    0.0000000000E+00,    0.0000000000E+00,    0.0000000000E+00,    3.4881293902E+02
    199400,      0.676963,CP9_after_PTsource,   1,    0.0000000000E+00,    3.4881293902E+02,    3.4881293902E+02,    0.0000000000E+00,    0.0000000000E+00,    0.0000000000E+00,    3.4881293902E+02
    199400,      0.676963,CP10_after_neg_clamp,   1,    0.0000000000E+00,    3.4881293902E+02,    3.4881293902E+02,    0.0000000000E+00,    0.0000000000E+00,    0.0000000000E+00,    3.4881293902E+02
    199400,      0.676963,CP11_after_MPI,   1,    0.0000000000E+00,    3.4881293902E+02,    3.4881293902E+02,    0.0000000000E+00,    0.0000000000E+00,    0.0000000000E+00,    3.4881293902E+02
    199400,      0.676963,CP12_end,   1,    0.0000000000E+00,    3.4881293902E+02,    3.4881293902E+02,    0.0000000000E+00,    0.0000000000E+00,    0.0000000000E+00,    3.4881293902E+02
    199450,      0.676963,CP0_start,   1,    0.0000000000E+00,    3.4899339233E+02,    3.4899339233E+02,    0.0000000000E+00,    0.0000000000E+00,    0.0000000000E+00,    3.4899339233E+02
    199450,      0.676963,CP1_after_deposition,   1,    0.0000000000E+00,    3.4899339233E+02,    3.4899339233E+02,    0.0000000000E+00,    0.0000000000E+00,    0.0000000000E+00,    3.4899339233E+02
    199450,      0.676963,CP2_after_erosion,   1,    0.0000000000E+00,    3.4899339233E+02,    3.4899339233E+02,    0.0000000000E+00,    0.0000000000E+00,    0.0000000000E+00,    3.4899339233E+02
    199450,      0.676963,CP3_after_update_bottom,   1,    0.0000000000E+00,    3.4899339233E+02,    3.4899339233E+02,    0.0000000000E+00,    0.0000000000E+00,    0.0000000000E+00,    3.4899339233E+02
    199450,      0.676963,CP4_after_advection,   1,    0.0000000000E+00,    3.4898720224E+02,    3.4898720224E+02,    0.0000000000E+00,    0.0000000000E+00,    0.0000000000E+00,    3.4898720224E+02
    199450,      0.676963,CP5_after_vdif,   1,    0.0000000000E+00,    3.4898720224E+02,    3.4898720224E+02,    0.0000000000E+00,    0.0000000000E+00,    0.0000000000E+00,    3.4898720224E+02
    199450,      0.676963,CP6_after_kinetics,   1,    0.0000000000E+00,    3.4898720224E+02,    3.4898720224E+02,    0.0000000000E+00,    0.0000000000E+00,    0.0000000000E+00,    3.4898720224E+02
    199450,      0.676963,CP7_after_upper_clamp,   1,    0.0000000000E+00,    3.4898720224E+02,    3.4898720224E+02,    0.0000000000E+00,    0.0000000000E+00,    0.0000000000E+00,    3.4898720224E+02
    199450,      0.676963,CP8_after_OBC,   1,    0.0000000000E+00,    3.4898720224E+02,    3.4898720224E+02,    0.0000000000E+00,    0.0000000000E+00,    0.0000000000E+00,    3.4898720224E+02
    199450,      0.676963,CP9_after_PTsource,   1,    0.0000000000E+00,    3.4898720224E+02,    3.4898720224E+02,    0.0000000000E+00,    0.0000000000E+00,    0.0000000000E+00,    3.4898720224E+02
    199450,      0.676963,CP10_after_neg_clamp,   1,    0.0000000000E+00,    3.4898720224E+02,    3.4898720224E+02,    0.0000000000E+00,    0.0000000000E+00,    0.0000000000E+00,    3.4898720224E+02
    199450,      0.676963,CP11_after_MPI,   1,    0.0000000000E+00,    3.4898720224E+02,    3.4898720224E+02,    0.0000000000E+00,    0.0000000000E+00,    0.0000000000E+00,    3.4898720224E+02
    199450,      0.676963,CP12_end,   1,    0.0000000000E+00,    3.4898720224E+02,    3.4898720224E+02,    0.0000000000E+00,    0.0000000000E+00,    0.0000000000E+00,    3.4898720224E+02
    199500,      0.676963,CP0_start,   1,    0.0000000000E+00,    3.4915689160E+02,    3.4915689160E+02,    0.0000000000E+00,    0.0000000000E+00,    0.0000000000E+00,    3.4915689160E+02
    199500,      0.676963,CP1_after_deposition,   1,    0.0000000000E+00,    3.4915689160E+02,    3.4915689160E+02,    0.0000000000E+00,    0.0000000000E+00,    0.0000000000E+00,    3.4915689160E+02
    199500,      0.676963,CP2_after_erosion,   1,    0.0000000000E+00,    3.4915689160E+02,    3.4915689160E+02,    0.0000000000E+00,    0.0000000000E+00,    0.0000000000E+00,    3.4915689160E+02
    199500,      0.676963,CP3_after_update_bottom,   1,    0.0000000000E+00,    3.4915689160E+02,    3.4915689160E+02,    0.0000000000E+00,    0.0000000000E+00,    0.0000000000E+00,    3.4915689160E+02
    199500,      0.676963,CP4_after_advection,   1,    0.0000000000E+00,    3.4915020118E+02,    3.4915020118E+02,    0.0000000000E+00,    0.0000000000E+00,    0.0000000000E+00,    3.4915020118E+02
    199500,      0.676963,CP5_after_vdif,   1,    0.0000000000E+00,    3.4915020118E+02,    3.4915020118E+02,    0.0000000000E+00,    0.0000000000E+00,    0.0000000000E+00,    3.4915020118E+02
    199500,      0.676963,CP6_after_kinetics,   1,    0.0000000000E+00,    3.4915020118E+02,    3.4915020118E+02,    0.0000000000E+00,    0.0000000000E+00,    0.0000000000E+00,    3.4915020118E+02
    199500,      0.676963,CP7_after_upper_clamp,   1,    0.0000000000E+00,    3.4915020118E+02,    3.4915020118E+02,    0.0000000000E+00,    0.0000000000E+00,    0.0000000000E+00,    3.4915020118E+02
    199500,      0.676963,CP8_after_OBC,   1,    0.0000000000E+00,    3.4915020118E+02,    3.4915020118E+02,    0.0000000000E+00,    0.0000000000E+00,    0.0000000000E+00,    3.4915020118E+02
    199500,      0.676963,CP9_after_PTsource,   1,    0.0000000000E+00,    3.4915020118E+02,    3.4915020118E+02,    0.0000000000E+00,    0.0000000000E+00,    0.0000000000E+00,    3.4915020118E+02
    199500,      0.676963,CP10_after_neg_clamp,   1,    0.0000000000E+00,    3.4915020118E+02,    3.4915020118E+02,    0.0000000000E+00,    0.0000000000E+00,    0.0000000000E+00,    3.4915020118E+02
    199500,      0.676963,CP11_after_MPI,   1,    0.0000000000E+00,    3.4915020118E+02,    3.4915020118E+02,    0.0000000000E+00,    0.0000000000E+00,    0.0000000000E+00,    3.4915020118E+02
    199500,      0.676963,CP12_end,   1,    0.0000000000E+00,    3.4915020118E+02,    3.4915020118E+02,    0.0000000000E+00,    0.0000000000E+00,    0.0000000000E+00,    3.4915020118E+02
    199550,      0.676963,CP0_start,   1,    0.0000000000E+00,    3.4931013821E+02,    3.4931013821E+02,    0.0000000000E+00,    0.0000000000E+00,    0.0000000000E+00,    3.4931013821E+02
    199550,      0.676963,CP1_after_deposition,   1,    0.0000000000E+00,    3.4931013821E+02,    3.4931013821E+02,    0.0000000000E+00,    0.0000000000E+00,    0.0000000000E+00,    3.4931013821E+02
    199550,      0.676963,CP2_after_erosion,   1,    0.0000000000E+00,    3.4931013821E+02,    3.4931013821E+02,    0.0000000000E+00,    0.0000000000E+00,    0.0000000000E+00,    3.4931013821E+02
    199550,      0.676963,CP3_after_update_bottom,   1,    0.0000000000E+00,    3.4931013821E+02,    3.4931013821E+02,    0.0000000000E+00,    0.0000000000E+00,    0.0000000000E+00,    3.4931013821E+02
    199550,      0.676963,CP4_after_advection,   1,    0.0000000000E+00,    3.4930299227E+02,    3.4930299227E+02,    0.0000000000E+00,    0.0000000000E+00,    0.0000000000E+00,    3.4930299227E+02
    199550,      0.676963,CP5_after_vdif,   1,    0.0000000000E+00,    3.4930299227E+02,    3.4930299227E+02,    0.0000000000E+00,    0.0000000000E+00,    0.0000000000E+00,    3.4930299227E+02
    199550,      0.676963,CP6_after_kinetics,   1,    0.0000000000E+00,    3.4930299227E+02,    3.4930299227E+02,    0.0000000000E+00,    0.0000000000E+00,    0.0000000000E+00,    3.4930299227E+02
    199550,      0.676963,CP7_after_upper_clamp,   1,    0.0000000000E+00,    3.4930299227E+02,    3.4930299227E+02,    0.0000000000E+00,    0.0000000000E+00,    0.0000000000E+00,    3.4930299227E+02
    199550,      0.676963,CP8_after_OBC,   1,    0.0000000000E+00,    3.4930299227E+02,    3.4930299227E+02,    0.0000000000E+00,    0.0000000000E+00,    0.0000000000E+00,    3.4930299227E+02
    199550,      0.676963,CP9_after_PTsource,   1,    0.0000000000E+00,    3.4930299227E+02,    3.4930299227E+02,    0.0000000000E+00,    0.0000000000E+00,    0.0000000000E+00,    3.4930299227E+02
    199550,      0.676963,CP10_after_neg_clamp,   1,    0.0000000000E+00,    3.4930299227E+02,    3.4930299227E+02,    0.0000000000E+00,    0.0000000000E+00,    0.0000000000E+00,    3.4930299227E+02
    199550,      0.676963,CP11_after_MPI,   1,    0.0000000000E+00,    3.4930299227E+02,    3.4930299227E+02,    0.0000000000E+00,    0.0000000000E+00,    0.0000000000E+00,    3.4930299227E+02
    199550,      0.676963,CP12_end,   1,    0.0000000000E+00,    3.4930299227E+02,    3.4930299227E+02,    0.0000000000E+00,    0.0000000000E+00,    0.0000000000E+00,    3.4930299227E+02
    199600,      0.676963,CP0_start,   1,    0.0000000000E+00,    3.4945491073E+02,    3.4945491073E+02,    0.0000000000E+00,    0.0000000000E+00,    0.0000000000E+00,    3.4945491073E+02
    199600,      0.676963,CP1_after_deposition,   1,    0.0000000000E+00,    3.4945491073E+02,    3.4945491073E+02,    0.0000000000E+00,    0.0000000000E+00,    0.0000000000E+00,    3.4945491073E+02
    199600,      0.676963,CP2_after_erosion,   1,    0.0000000000E+00,    3.4945491073E+02,    3.4945491073E+02,    0.0000000000E+00,    0.0000000000E+00,    0.0000000000E+00,    3.4945491073E+02
    199600,      0.676963,CP3_after_update_bottom,   1,    0.0000000000E+00,    3.4945491073E+02,    3.4945491073E+02,    0.0000000000E+00,    0.0000000000E+00,    0.0000000000E+00,    3.4945491073E+02
    199600,      0.676963,CP4_after_advection,   1,    0.0000000000E+00,    3.4944736107E+02,    3.4944736107E+02,    0.0000000000E+00,    0.0000000000E+00,    0.0000000000E+00,    3.4944736107E+02
    199600,      0.676963,CP5_after_vdif,   1,    0.0000000000E+00,    3.4944736107E+02,    3.4944736107E+02,    0.0000000000E+00,    0.0000000000E+00,    0.0000000000E+00,    3.4944736107E+02
    199600,      0.676963,CP6_after_kinetics,   1,    0.0000000000E+00,    3.4944736107E+02,    3.4944736107E+02,    0.0000000000E+00,    0.0000000000E+00,    0.0000000000E+00,    3.4944736107E+02
    199600,      0.676963,CP7_after_upper_clamp,   1,    0.0000000000E+00,    3.4944736107E+02,    3.4944736107E+02,    0.0000000000E+00,    0.0000000000E+00,    0.0000000000E+00,    3.4944736107E+02
    199600,      0.676963,CP8_after_OBC,   1,    0.0000000000E+00,    3.4944736107E+02,    3.4944736107E+02,    0.0000000000E+00,    0.0000000000E+00,    0.0000000000E+00,    3.4944736107E+02
    199600,      0.676963,CP9_after_PTsource,   1,    0.0000000000E+00,    3.4944736107E+02,    3.4944736107E+02,    0.0000000000E+00,    0.0000000000E+00,    0.0000000000E+00,    3.4944736107E+02
    199600,      0.676963,CP10_after_neg_clamp,   1,    0.0000000000E+00,    3.4944736107E+02,    3.4944736107E+02,    0.0000000000E+00,    0.0000000000E+00,    0.0000000000E+00,    3.4944736107E+02
    199600,      0.676963,CP11_after_MPI,   1,    0.0000000000E+00,    3.4944736107E+02,    3.4944736107E+02,    0.0000000000E+00,    0.0000000000E+00,    0.0000000000E+00,    3.4944736107E+02
    199600,      0.676963,CP12_end,   1,    0.0000000000E+00,    3.4944736107E+02,    3.4944736107E+02,    0.0000000000E+00,    0.0000000000E+00,    0.0000000000E+00,    3.4944736107E+02
    199650,      0.676963,CP0_start,   1,    0.0000000000E+00,    3.4959370019E+02,    3.4959370019E+02,    0.0000000000E+00,    0.0000000000E+00,    0.0000000000E+00,    3.4959370019E+02
    199650,      0.676963,CP1_after_deposition,   1,    0.0000000000E+00,    3.4959370019E+02,    3.4959370019E+02,    0.0000000000E+00,    0.0000000000E+00,    0.0000000000E+00,    3.4959370019E+02
    199650,      0.676963,CP2_after_erosion,   1,    0.0000000000E+00,    3.4959370019E+02,    3.4959370019E+02,    0.0000000000E+00,    0.0000000000E+00,    0.0000000000E+00,    3.4959370019E+02
    199650,      0.676963,CP3_after_update_bottom,   1,    0.0000000000E+00,    3.4959370019E+02,    3.4959370019E+02,    0.0000000000E+00,    0.0000000000E+00,    0.0000000000E+00,    3.4959370019E+02
    199650,      0.676963,CP4_after_advection,   1,    0.0000000000E+00,    3.4958579338E+02,    3.4958579338E+02,    0.0000000000E+00,    0.0000000000E+00,    0.0000000000E+00,    3.4958579338E+02
    199650,      0.676963,CP5_after_vdif,   1,    0.0000000000E+00,    3.4958579338E+02,    3.4958579338E+02,    0.0000000000E+00,    0.0000000000E+00,    0.0000000000E+00,    3.4958579338E+02
    199650,      0.676963,CP6_after_kinetics,   1,    0.0000000000E+00,    3.4958579338E+02,    3.4958579338E+02,    0.0000000000E+00,    0.0000000000E+00,    0.0000000000E+00,    3.4958579338E+02
    199650,      0.676963,CP7_after_upper_clamp,   1,    0.0000000000E+00,    3.4958579338E+02,    3.4958579338E+02,    0.0000000000E+00,    0.0000000000E+00,    0.0000000000E+00,    3.4958579338E+02
    199650,      0.676963,CP8_after_OBC,   1,    0.0000000000E+00,    3.4958579338E+02,    3.4958579338E+02,    0.0000000000E+00,    0.0000000000E+00,    0.0000000000E+00,    3.4958579338E+02
    199650,      0.676963,CP9_after_PTsource,   1,    0.0000000000E+00,    3.4958579338E+02,    3.4958579338E+02,    0.0000000000E+00,    0.0000000000E+00,    0.0000000000E+00,    3.4958579338E+02
    199650,      0.676963,CP10_after_neg_clamp,   1,    0.0000000000E+00,    3.4958579338E+02,    3.4958579338E+02,    0.0000000000E+00,    0.0000000000E+00,    0.0000000000E+00,    3.4958579338E+02
    199650,      0.676963,CP11_after_MPI,   1,    0.0000000000E+00,    3.4958579338E+02,    3.4958579338E+02,    0.0000000000E+00,    0.0000000000E+00,    0.0000000000E+00,    3.4958579338E+02
    199650,      0.676963,CP12_end,   1,    0.0000000000E+00,    3.4958579338E+02,    3.4958579338E+02,    0.0000000000E+00,    0.0000000000E+00,    0.0000000000E+00,    3.4958579338E+02
    199700,      0.676963,CP0_start,   1,    0.0000000000E+00,    3.4972885966E+02,    3.4972885966E+02,    0.0000000000E+00,    0.0000000000E+00,    0.0000000000E+00,    3.4972885966E+02
    199700,      0.676963,CP1_after_deposition,   1,    0.0000000000E+00,    3.4972885966E+02,    3.4972885966E+02,    0.0000000000E+00,    0.0000000000E+00,    0.0000000000E+00,    3.4972885966E+02
    199700,      0.676963,CP2_after_erosion,   1,    0.0000000000E+00,    3.4972885966E+02,    3.4972885966E+02,    0.0000000000E+00,    0.0000000000E+00,    0.0000000000E+00,    3.4972885966E+02
    199700,      0.676963,CP3_after_update_bottom,   1,    0.0000000000E+00,    3.4972885966E+02,    3.4972885966E+02,    0.0000000000E+00,    0.0000000000E+00,    0.0000000000E+00,    3.4972885966E+02
    199700,      0.676963,CP4_after_advection,   1,    0.0000000000E+00,    3.4972064270E+02,    3.4972064270E+02,    0.0000000000E+00,    0.0000000000E+00,    0.0000000000E+00,    3.4972064270E+02
    199700,      0.676963,CP5_after_vdif,   1,    0.0000000000E+00,    3.4972064270E+02,    3.4972064270E+02,    0.0000000000E+00,    0.0000000000E+00,    0.0000000000E+00,    3.4972064270E+02
    199700,      0.676963,CP6_after_kinetics,   1,    0.0000000000E+00,    3.4972064270E+02,    3.4972064270E+02,    0.0000000000E+00,    0.0000000000E+00,    0.0000000000E+00,    3.4972064270E+02
    199700,      0.676963,CP7_after_upper_clamp,   1,    0.0000000000E+00,    3.4972064270E+02,    3.4972064270E+02,    0.0000000000E+00,    0.0000000000E+00,    0.0000000000E+00,    3.4972064270E+02
    199700,      0.676963,CP8_after_OBC,   1,    0.0000000000E+00,    3.4972064270E+02,    3.4972064270E+02,    0.0000000000E+00,    0.0000000000E+00,    0.0000000000E+00,    3.4972064270E+02
    199700,      0.676963,CP9_after_PTsource,   1,    0.0000000000E+00,    3.4972064270E+02,    3.4972064270E+02,    0.0000000000E+00,    0.0000000000E+00,    0.0000000000E+00,    3.4972064270E+02
    199700,      0.676963,CP10_after_neg_clamp,   1,    0.0000000000E+00,    3.4972064270E+02,    3.4972064270E+02,    0.0000000000E+00,    0.0000000000E+00,    0.0000000000E+00,    3.4972064270E+02
    199700,      0.676963,CP11_after_MPI,   1,    0.0000000000E+00,    3.4972064270E+02,    3.4972064270E+02,    0.0000000000E+00,    0.0000000000E+00,    0.0000000000E+00,    3.4972064270E+02
    199700,      0.676963,CP12_end,   1,    0.0000000000E+00,    3.4972064270E+02,    3.4972064270E+02,    0.0000000000E+00,    0.0000000000E+00,    0.0000000000E+00,    3.4972064270E+02
    199750,      0.676963,CP0_start,   1,    0.0000000000E+00,    3.4986416166E+02,    3.4986416166E+02,    0.0000000000E+00,    0.0000000000E+00,    0.0000000000E+00,    3.4986416166E+02
    199750,      0.676963,CP1_after_deposition,   1,    0.0000000000E+00,    3.4986416166E+02,    3.4986416166E+02,    0.0000000000E+00,    0.0000000000E+00,    0.0000000000E+00,    3.4986416166E+02
    199750,      0.676963,CP2_after_erosion,   1,    0.0000000000E+00,    3.4986416166E+02,    3.4986416166E+02,    0.0000000000E+00,    0.0000000000E+00,    0.0000000000E+00,    3.4986416166E+02
    199750,      0.676963,CP3_after_update_bottom,   1,    0.0000000000E+00,    3.4986416166E+02,    3.4986416166E+02,    0.0000000000E+00,    0.0000000000E+00,    0.0000000000E+00,    3.4986416166E+02
    199750,      0.676963,CP4_after_advection,   1,    0.0000000000E+00,    3.4985574146E+02,    3.4985574146E+02,    0.0000000000E+00,    0.0000000000E+00,    0.0000000000E+00,    3.4985574146E+02
    199750,      0.676963,CP5_after_vdif,   1,    0.0000000000E+00,    3.4985574146E+02,    3.4985574146E+02,    0.0000000000E+00,    0.0000000000E+00,    0.0000000000E+00,    3.4985574146E+02
    199750,      0.676963,CP6_after_kinetics,   1,    0.0000000000E+00,    3.4985574146E+02,    3.4985574146E+02,    0.0000000000E+00,    0.0000000000E+00,    0.0000000000E+00,    3.4985574146E+02
    199750,      0.676963,CP7_after_upper_clamp,   1,    0.0000000000E+00,    3.4985574146E+02,    3.4985574146E+02,    0.0000000000E+00,    0.0000000000E+00,    0.0000000000E+00,    3.4985574146E+02
    199750,      0.676963,CP8_after_OBC,   1,    0.0000000000E+00,    3.4985574146E+02,    3.4985574146E+02,    0.0000000000E+00,    0.0000000000E+00,    0.0000000000E+00,    3.4985574146E+02
    199750,      0.676963,CP9_after_PTsource,   1,    0.0000000000E+00,    3.4985574146E+02,    3.4985574146E+02,    0.0000000000E+00,    0.0000000000E+00,    0.0000000000E+00,    3.4985574146E+02
    199750,      0.676963,CP10_after_neg_clamp,   1,    0.0000000000E+00,    3.4985574146E+02,    3.4985574146E+02,    0.0000000000E+00,    0.0000000000E+00,    0.0000000000E+00,    3.4985574146E+02
    199750,      0.676963,CP11_after_MPI,   1,    0.0000000000E+00,    3.4985574146E+02,    3.4985574146E+02,    0.0000000000E+00,    0.0000000000E+00,    0.0000000000E+00,    3.4985574146E+02
    199750,      0.676963,CP12_end,   1,    0.0000000000E+00,    3.4985574146E+02,    3.4985574146E+02,    0.0000000000E+00,    0.0000000000E+00,    0.0000000000E+00,    3.4985574146E+02
    199800,      0.676963,CP0_start,   1,    0.0000000000E+00,    3.5000391686E+02,    3.5000391686E+02,    0.0000000000E+00,    0.0000000000E+00,    0.0000000000E+00,    3.5000391686E+02
    199800,      0.676963,CP1_after_deposition,   1,    0.0000000000E+00,    3.5000391686E+02,    3.5000391686E+02,    0.0000000000E+00,    0.0000000000E+00,    0.0000000000E+00,    3.5000391686E+02
    199800,      0.676963,CP2_after_erosion,   1,    0.0000000000E+00,    3.5000391686E+02,    3.5000391686E+02,    0.0000000000E+00,    0.0000000000E+00,    0.0000000000E+00,    3.5000391686E+02
    199800,      0.676963,CP3_after_update_bottom,   1,    0.0000000000E+00,    3.5000391686E+02,    3.5000391686E+02,    0.0000000000E+00,    0.0000000000E+00,    0.0000000000E+00,    3.5000391686E+02
    199800,      0.676963,CP4_after_advection,   1,    0.0000000000E+00,    3.4999538992E+02,    3.4999538992E+02,    0.0000000000E+00,    0.0000000000E+00,    0.0000000000E+00,    3.4999538992E+02
    199800,      0.676963,CP5_after_vdif,   1,    0.0000000000E+00,    3.4999538992E+02,    3.4999538992E+02,    0.0000000000E+00,    0.0000000000E+00,    0.0000000000E+00,    3.4999538992E+02
    199800,      0.676963,CP6_after_kinetics,   1,    0.0000000000E+00,    3.4999538992E+02,    3.4999538992E+02,    0.0000000000E+00,    0.0000000000E+00,    0.0000000000E+00,    3.4999538992E+02
    199800,      0.676963,CP7_after_upper_clamp,   1,    0.0000000000E+00,    3.4999538992E+02,    3.4999538992E+02,    0.0000000000E+00,    0.0000000000E+00,    0.0000000000E+00,    3.4999538992E+02
    199800,      0.676963,CP8_after_OBC,   1,    0.0000000000E+00,    3.4999538992E+02,    3.4999538992E+02,    0.0000000000E+00,    0.0000000000E+00,    0.0000000000E+00,    3.4999538992E+02
    199800,      0.676963,CP9_after_PTsource,   1,    0.0000000000E+00,    3.4999538992E+02,    3.4999538992E+02,    0.0000000000E+00,    0.0000000000E+00,    0.0000000000E+00,    3.4999538992E+02
    199800,      0.676963,CP10_after_neg_clamp,   1,    0.0000000000E+00,    3.4999538992E+02,    3.4999538992E+02,    0.0000000000E+00,    0.0000000000E+00,    0.0000000000E+00,    3.4999538992E+02
    199800,      0.676963,CP11_after_MPI,   1,    0.0000000000E+00,    3.4999538992E+02,    3.4999538992E+02,    0.0000000000E+00,    0.0000000000E+00,    0.0000000000E+00,    3.4999538992E+02
    199800,      0.676963,CP12_end,   1,    0.0000000000E+00,    3.4999538992E+02,    3.4999538992E+02,    0.0000000000E+00,    0.0000000000E+00,    0.0000000000E+00,    3.4999538992E+02
    199850,      0.676963,CP0_start,   1,    0.0000000000E+00,    3.5015127987E+02,    3.5015127987E+02,    0.0000000000E+00,    0.0000000000E+00,    0.0000000000E+00,    3.5015127987E+02
    199850,      0.676963,CP1_after_deposition,   1,    0.0000000000E+00,    3.5015127987E+02,    3.5015127987E+02,    0.0000000000E+00,    0.0000000000E+00,    0.0000000000E+00,    3.5015127987E+02
    199850,      0.676963,CP2_after_erosion,   1,    0.0000000000E+00,    3.5015127987E+02,    3.5015127987E+02,    0.0000000000E+00,    0.0000000000E+00,    0.0000000000E+00,    3.5015127987E+02
    199850,      0.676963,CP3_after_update_bottom,   1,    0.0000000000E+00,    3.5015127987E+02,    3.5015127987E+02,    0.0000000000E+00,    0.0000000000E+00,    0.0000000000E+00,    3.5015127987E+02
    199850,      0.676963,CP4_after_advection,   1,    0.0000000000E+00,    3.5014266004E+02,    3.5014266004E+02,    0.0000000000E+00,    0.0000000000E+00,    0.0000000000E+00,    3.5014266004E+02
    199850,      0.676963,CP5_after_vdif,   1,    0.0000000000E+00,    3.5014266004E+02,    3.5014266004E+02,    0.0000000000E+00,    0.0000000000E+00,    0.0000000000E+00,    3.5014266004E+02
    199850,      0.676963,CP6_after_kinetics,   1,    0.0000000000E+00,    3.5014266004E+02,    3.5014266004E+02,    0.0000000000E+00,    0.0000000000E+00,    0.0000000000E+00,    3.5014266004E+02
    199850,      0.676963,CP7_after_upper_clamp,   1,    0.0000000000E+00,    3.5014266004E+02,    3.5014266004E+02,    0.0000000000E+00,    0.0000000000E+00,    0.0000000000E+00,    3.5014266004E+02
    199850,      0.676963,CP8_after_OBC,   1,    0.0000000000E+00,    3.5014266004E+02,    3.5014266004E+02,    0.0000000000E+00,    0.0000000000E+00,    0.0000000000E+00,    3.5014266004E+02
    199850,      0.676963,CP9_after_PTsource,   1,    0.0000000000E+00,    3.5014266004E+02,    3.5014266004E+02,    0.0000000000E+00,    0.0000000000E+00,    0.0000000000E+00,    3.5014266004E+02
    199850,      0.676963,CP10_after_neg_clamp,   1,    0.0000000000E+00,    3.5014266004E+02,    3.5014266004E+02,    0.0000000000E+00,    0.0000000000E+00,    0.0000000000E+00,    3.5014266004E+02
    199850,      0.676963,CP11_after_MPI,   1,    0.0000000000E+00,    3.5014266004E+02,    3.5014266004E+02,    0.0000000000E+00,    0.0000000000E+00,    0.0000000000E+00,    3.5014266004E+02
    199850,      0.676963,CP12_end,   1,    0.0000000000E+00,    3.5014266004E+02,    3.5014266004E+02,    0.0000000000E+00,    0.0000000000E+00,    0.0000000000E+00,    3.5014266004E+02
    199900,      0.676963,CP0_start,   1,    0.0000000000E+00,    3.5030620107E+02,    3.5030620107E+02,    0.0000000000E+00,    0.0000000000E+00,    0.0000000000E+00,    3.5030620107E+02
    199900,      0.676963,CP1_after_deposition,   1,    0.0000000000E+00,    3.5030620107E+02,    3.5030620107E+02,    0.0000000000E+00,    0.0000000000E+00,    0.0000000000E+00,    3.5030620107E+02
    199900,      0.676963,CP2_after_erosion,   1,    0.0000000000E+00,    3.5030620107E+02,    3.5030620107E+02,    0.0000000000E+00,    0.0000000000E+00,    0.0000000000E+00,    3.5030620107E+02
    199900,      0.676963,CP3_after_update_bottom,   1,    0.0000000000E+00,    3.5030620107E+02,    3.5030620107E+02,    0.0000000000E+00,    0.0000000000E+00,    0.0000000000E+00,    3.5030620107E+02
    199900,      0.676963,CP4_after_advection,   1,    0.0000000000E+00,    3.5029748865E+02,    3.5029748865E+02,    0.0000000000E+00,    0.0000000000E+00,    0.0000000000E+00,    3.5029748865E+02
    199900,      0.676963,CP5_after_vdif,   1,    0.0000000000E+00,    3.5029748865E+02,    3.5029748865E+02,    0.0000000000E+00,    0.0000000000E+00,    0.0000000000E+00,    3.5029748865E+02
    199900,      0.676963,CP6_after_kinetics,   1,    0.0000000000E+00,    3.5029748865E+02,    3.5029748865E+02,    0.0000000000E+00,    0.0000000000E+00,    0.0000000000E+00,    3.5029748865E+02
    199900,      0.676963,CP7_after_upper_clamp,   1,    0.0000000000E+00,    3.5029748865E+02,    3.5029748865E+02,    0.0000000000E+00,    0.0000000000E+00,    0.0000000000E+00,    3.5029748865E+02
    199900,      0.676963,CP8_after_OBC,   1,    0.0000000000E+00,    3.5029748865E+02,    3.5029748865E+02,    0.0000000000E+00,    0.0000000000E+00,    0.0000000000E+00,    3.5029748865E+02
    199900,      0.676963,CP9_after_PTsource,   1,    0.0000000000E+00,    3.5029748865E+02,    3.5029748865E+02,    0.0000000000E+00,    0.0000000000E+00,    0.0000000000E+00,    3.5029748865E+02
    199900,      0.676963,CP10_after_neg_clamp,   1,    0.0000000000E+00,    3.5029748865E+02,    3.5029748865E+02,    0.0000000000E+00,    0.0000000000E+00,    0.0000000000E+00,    3.5029748865E+02
    199900,      0.676963,CP11_after_MPI,   1,    0.0000000000E+00,    3.5029748865E+02,    3.5029748865E+02,    0.0000000000E+00,    0.0000000000E+00,    0.0000000000E+00,    3.5029748865E+02
    199900,      0.676963,CP12_end,   1,    0.0000000000E+00,    3.5029748865E+02,    3.5029748865E+02,    0.0000000000E+00,    0.0000000000E+00,    0.0000000000E+00,    3.5029748865E+02
    199950,      0.676963,CP0_start,   1,    0.0000000000E+00,    3.5046727744E+02,    3.5046727744E+02,    0.0000000000E+00,    0.0000000000E+00,    0.0000000000E+00,    3.5046727744E+02
    199950,      0.676963,CP1_after_deposition,   1,    0.0000000000E+00,    3.5046727744E+02,    3.5046727744E+02,    0.0000000000E+00,    0.0000000000E+00,    0.0000000000E+00,    3.5046727744E+02
    199950,      0.676963,CP2_after_erosion,   1,    0.0000000000E+00,    3.5046727744E+02,    3.5046727744E+02,    0.0000000000E+00,    0.0000000000E+00,    0.0000000000E+00,    3.5046727744E+02
    199950,      0.676963,CP3_after_update_bottom,   1,    0.0000000000E+00,    3.5046727744E+02,    3.5046727744E+02,    0.0000000000E+00,    0.0000000000E+00,    0.0000000000E+00,    3.5046727744E+02
    199950,      0.676963,CP4_after_advection,   1,    0.0000000000E+00,    3.5045845461E+02,    3.5045845461E+02,    0.0000000000E+00,    0.0000000000E+00,    0.0000000000E+00,    3.5045845461E+02
    199950,      0.676963,CP5_after_vdif,   1,    0.0000000000E+00,    3.5045845461E+02,    3.5045845461E+02,    0.0000000000E+00,    0.0000000000E+00,    0.0000000000E+00,    3.5045845461E+02
    199950,      0.676963,CP6_after_kinetics,   1,    0.0000000000E+00,    3.5045845461E+02,    3.5045845461E+02,    0.0000000000E+00,    0.0000000000E+00,    0.0000000000E+00,    3.5045845461E+02
    199950,      0.676963,CP7_after_upper_clamp,   1,    0.0000000000E+00,    3.5045845461E+02,    3.5045845461E+02,    0.0000000000E+00,    0.0000000000E+00,    0.0000000000E+00,    3.5045845461E+02
    199950,      0.676963,CP8_after_OBC,   1,    0.0000000000E+00,    3.5045845461E+02,    3.5045845461E+02,    0.0000000000E+00,    0.0000000000E+00,    0.0000000000E+00,    3.5045845461E+02
    199950,      0.676963,CP9_after_PTsource,   1,    0.0000000000E+00,    3.5045845461E+02,    3.5045845461E+02,    0.0000000000E+00,    0.0000000000E+00,    0.0000000000E+00,    3.5045845461E+02
    199950,      0.676963,CP10_after_neg_clamp,   1,    0.0000000000E+00,    3.5045845461E+02,    3.5045845461E+02,    0.0000000000E+00,    0.0000000000E+00,    0.0000000000E+00,    3.5045845461E+02
    199950,      0.676963,CP11_after_MPI,   1,    0.0000000000E+00,    3.5045845461E+02,    3.5045845461E+02,    0.0000000000E+00,    0.0000000000E+00,    0.0000000000E+00,    3.5045845461E+02
    199950,      0.676963,CP12_end,   1,    0.0000000000E+00,    3.5045845461E+02,    3.5045845461E+02,    0.0000000000E+00,    0.0000000000E+00,    0.0000000000E+00,    3.5045845461E+02
    200000,      0.676963,CP0_start,   1,    0.0000000000E+00,    3.5063350130E+02,    3.5063350130E+02,    0.0000000000E+00,    0.0000000000E+00,    0.0000000000E+00,    3.5063350130E+02
    200000,      0.676963,CP1_after_deposition,   1,    0.0000000000E+00,    3.5063350130E+02,    3.5063350130E+02,    0.0000000000E+00,    0.0000000000E+00,    0.0000000000E+00,    3.5063350130E+02
    200000,      0.676963,CP2_after_erosion,   1,    0.0000000000E+00,    3.5063350130E+02,    3.5063350130E+02,    0.0000000000E+00,    0.0000000000E+00,    0.0000000000E+00,    3.5063350130E+02
    200000,      0.676963,CP3_after_update_bottom,   1,    0.0000000000E+00,    3.5063350130E+02,    3.5063350130E+02,    0.0000000000E+00,    0.0000000000E+00,    0.0000000000E+00,    3.5063350130E+02
    200000,      0.676963,CP4_after_advection,   1,    0.0000000000E+00,    3.5062453571E+02,    3.5062453571E+02,    0.0000000000E+00,    0.0000000000E+00,    0.0000000000E+00,    3.5062453571E+02
    200000,      0.676963,CP5_after_vdif,   1,    0.0000000000E+00,    3.5062453571E+02,    3.5062453571E+02,    0.0000000000E+00,    0.0000000000E+00,    0.0000000000E+00,    3.5062453571E+02
    200000,      0.676963,CP6_after_kinetics,   1,    0.0000000000E+00,    3.5062453571E+02,    3.5062453571E+02,    0.0000000000E+00,    0.0000000000E+00,    0.0000000000E+00,    3.5062453571E+02
    200000,      0.676963,CP7_after_upper_clamp,   1,    0.0000000000E+00,    3.5062453571E+02,    3.5062453571E+02,    0.0000000000E+00,    0.0000000000E+00,    0.0000000000E+00,    3.5062453571E+02
    200000,      0.676963,CP8_after_OBC,   1,    0.0000000000E+00,    3.5062453571E+02,    3.5062453571E+02,    0.0000000000E+00,    0.0000000000E+00,    0.0000000000E+00,    3.5062453571E+02
    200000,      0.676963,CP9_after_PTsource,   1,    0.0000000000E+00,    3.5062453571E+02,    3.5062453571E+02,    0.0000000000E+00,    0.0000000000E+00,    0.0000000000E+00,    3.5062453571E+02
    200000,      0.676963,CP10_after_neg_clamp,   1,    0.0000000000E+00,    3.5062453571E+02,    3.5062453571E+02,    0.0000000000E+00,    0.0000000000E+00,    0.0000000000E+00,    3.5062453571E+02
    200000,      0.676963,CP11_after_MPI,   1,    0.0000000000E+00,    3.5062453571E+02,    3.5062453571E+02,    0.0000000000E+00,    0.0000000000E+00,    0.0000000000E+00,    3.5062453571E+02
    200000,      0.676963,CP12_end,   1,    0.0000000000E+00,    3.5062453571E+02,    3.5062453571E+02,    0.0000000000E+00,    0.0000000000E+00,    0.0000000000E+00,    3.5062453571E+02
    200050,      0.676963,CP0_start,   1,    0.0000000000E+00,    3.5080187964E+02,    3.5080187964E+02,    0.0000000000E+00,    0.0000000000E+00,    0.0000000000E+00,    3.5080187964E+02
    200050,      0.676963,CP1_after_deposition,   1,    0.0000000000E+00,    3.5080187964E+02,    3.5080187964E+02,    0.0000000000E+00,    0.0000000000E+00,    0.0000000000E+00,    3.5080187964E+02
    200050,      0.676963,CP2_after_erosion,   1,    0.0000000000E+00,    3.5080187964E+02,    3.5080187964E+02,    0.0000000000E+00,    0.0000000000E+00,    0.0000000000E+00,    3.5080187964E+02
    200050,      0.676963,CP3_after_update_bottom,   1,    0.0000000000E+00,    3.5080187964E+02,    3.5080187964E+02,    0.0000000000E+00,    0.0000000000E+00,    0.0000000000E+00,    3.5080187964E+02
    200050,      0.676963,CP4_after_advection,   1,    0.0000000000E+00,    3.5079265366E+02,    3.5079265366E+02,    0.0000000000E+00,    0.0000000000E+00,    0.0000000000E+00,    3.5079265366E+02
    200050,      0.676963,CP5_after_vdif,   1,    0.0000000000E+00,    3.5079265366E+02,    3.5079265366E+02,    0.0000000000E+00,    0.0000000000E+00,    0.0000000000E+00,    3.5079265366E+02
    200050,      0.676963,CP6_after_kinetics,   1,    0.0000000000E+00,    3.5079265366E+02,    3.5079265366E+02,    0.0000000000E+00,    0.0000000000E+00,    0.0000000000E+00,    3.5079265366E+02
    200050,      0.676963,CP7_after_upper_clamp,   1,    0.0000000000E+00,    3.5079265366E+02,    3.5079265366E+02,    0.0000000000E+00,    0.0000000000E+00,    0.0000000000E+00,    3.5079265366E+02
    200050,      0.676963,CP8_after_OBC,   1,    0.0000000000E+00,    3.5079265366E+02,    3.5079265366E+02,    0.0000000000E+00,    0.0000000000E+00,    0.0000000000E+00,    3.5079265366E+02
    200050,      0.676963,CP9_after_PTsource,   1,    0.0000000000E+00,    3.5079265366E+02,    3.5079265366E+02,    0.0000000000E+00,    0.0000000000E+00,    0.0000000000E+00,    3.5079265366E+02
    200050,      0.676963,CP10_after_neg_clamp,   1,    0.0000000000E+00,    3.5079265366E+02,    3.5079265366E+02,    0.0000000000E+00,    0.0000000000E+00,    0.0000000000E+00,    3.5079265366E+02
    200050,      0.676963,CP11_after_MPI,   1,    0.0000000000E+00,    3.5079265366E+02,    3.5079265366E+02,    0.0000000000E+00,    0.0000000000E+00,    0.0000000000E+00,    3.5079265366E+02
    200050,      0.676963,CP12_end,   1,    0.0000000000E+00,    3.5079265366E+02,    3.5079265366E+02,    0.0000000000E+00,    0.0000000000E+00,    0.0000000000E+00,    3.5079265366E+02
    200100,      0.676963,CP0_start,   1,    0.0000000000E+00,    3.5096662962E+02,    3.5096662962E+02,    0.0000000000E+00,    0.0000000000E+00,    0.0000000000E+00,    3.5096662962E+02
    200100,      0.676963,CP1_after_deposition,   1,    0.0000000000E+00,    3.5096662962E+02,    3.5096662962E+02,    0.0000000000E+00,    0.0000000000E+00,    0.0000000000E+00,    3.5096662962E+02
    200100,      0.676963,CP2_after_erosion,   1,    0.0000000000E+00,    3.5096662962E+02,    3.5096662962E+02,    0.0000000000E+00,    0.0000000000E+00,    0.0000000000E+00,    3.5096662962E+02
    200100,      0.676963,CP3_after_update_bottom,   1,    0.0000000000E+00,    3.5096662962E+02,    3.5096662962E+02,    0.0000000000E+00,    0.0000000000E+00,    0.0000000000E+00,    3.5096662962E+02
    200100,      0.676963,CP4_after_advection,   1,    0.0000000000E+00,    3.5095712037E+02,    3.5095712037E+02,    0.0000000000E+00,    0.0000000000E+00,    0.0000000000E+00,    3.5095712037E+02
    200100,      0.676963,CP5_after_vdif,   1,    0.0000000000E+00,    3.5095712037E+02,    3.5095712037E+02,    0.0000000000E+00,    0.0000000000E+00,    0.0000000000E+00,    3.5095712037E+02
    200100,      0.676963,CP6_after_kinetics,   1,    0.0000000000E+00,    3.5095712037E+02,    3.5095712037E+02,    0.0000000000E+00,    0.0000000000E+00,    0.0000000000E+00,    3.5095712037E+02
    200100,      0.676963,CP7_after_upper_clamp,   1,    0.0000000000E+00,    3.5095712037E+02,    3.5095712037E+02,    0.0000000000E+00,    0.0000000000E+00,    0.0000000000E+00,    3.5095712037E+02
    200100,      0.676963,CP8_after_OBC,   1,    0.0000000000E+00,    3.5095712037E+02,    3.5095712037E+02,    0.0000000000E+00,    0.0000000000E+00,    0.0000000000E+00,    3.5095712037E+02
    200100,      0.676963,CP9_after_PTsource,   1,    0.0000000000E+00,    3.5095712037E+02,    3.5095712037E+02,    0.0000000000E+00,    0.0000000000E+00,    0.0000000000E+00,    3.5095712037E+02
    200100,      0.676963,CP10_after_neg_clamp,   1,    0.0000000000E+00,    3.5095712037E+02,    3.5095712037E+02,    0.0000000000E+00,    0.0000000000E+00,    0.0000000000E+00,    3.5095712037E+02
    200100,      0.676963,CP11_after_MPI,   1,    0.0000000000E+00,    3.5095712037E+02,    3.5095712037E+02,    0.0000000000E+00,    0.0000000000E+00,    0.0000000000E+00,    3.5095712037E+02
    200100,      0.676963,CP12_end,   1,    0.0000000000E+00,    3.5095712037E+02,    3.5095712037E+02,    0.0000000000E+00,    0.0000000000E+00,    0.0000000000E+00,    3.5095712037E+02
    200150,      0.676963,CP0_start,   1,    0.0000000000E+00,    3.5112948603E+02,    3.5112948603E+02,    0.0000000000E+00,    0.0000000000E+00,    0.0000000000E+00,    3.5112948603E+02
    200150,      0.676963,CP1_after_deposition,   1,    0.0000000000E+00,    3.5112948603E+02,    3.5112948603E+02,    0.0000000000E+00,    0.0000000000E+00,    0.0000000000E+00,    3.5112948603E+02
    200150,      0.676963,CP2_after_erosion,   1,    0.0000000000E+00,    3.5112948603E+02,    3.5112948603E+02,    0.0000000000E+00,    0.0000000000E+00,    0.0000000000E+00,    3.5112948603E+02
    200150,      0.676963,CP3_after_update_bottom,   1,    0.0000000000E+00,    3.5112948603E+02,    3.5112948603E+02,    0.0000000000E+00,    0.0000000000E+00,    0.0000000000E+00,    3.5112948603E+02
    200150,      0.676963,CP4_after_advection,   1,    0.0000000000E+00,    3.5111976296E+02,    3.5111976296E+02,    0.0000000000E+00,    0.0000000000E+00,    0.0000000000E+00,    3.5111976296E+02
    200150,      0.676963,CP5_after_vdif,   1,    0.0000000000E+00,    3.5111976296E+02,    3.5111976296E+02,    0.0000000000E+00,    0.0000000000E+00,    0.0000000000E+00,    3.5111976296E+02
    200150,      0.676963,CP6_after_kinetics,   1,    0.0000000000E+00,    3.5111976296E+02,    3.5111976296E+02,    0.0000000000E+00,    0.0000000000E+00,    0.0000000000E+00,    3.5111976296E+02
    200150,      0.676963,CP7_after_upper_clamp,   1,    0.0000000000E+00,    3.5111976296E+02,    3.5111976296E+02,    0.0000000000E+00,    0.0000000000E+00,    0.0000000000E+00,    3.5111976296E+02
    200150,      0.676963,CP8_after_OBC,   1,    0.0000000000E+00,    3.5111976296E+02,    3.5111976296E+02,    0.0000000000E+00,    0.0000000000E+00,    0.0000000000E+00,    3.5111976296E+02
    200150,      0.676963,CP9_after_PTsource,   1,    0.0000000000E+00,    3.5111976296E+02,    3.5111976296E+02,    0.0000000000E+00,    0.0000000000E+00,    0.0000000000E+00,    3.5111976296E+02
    200150,      0.676963,CP10_after_neg_clamp,   1,    0.0000000000E+00,    3.5111976296E+02,    3.5111976296E+02,    0.0000000000E+00,    0.0000000000E+00,    0.0000000000E+00,    3.5111976296E+02
    200150,      0.676963,CP11_after_MPI,   1,    0.0000000000E+00,    3.5111976296E+02,    3.5111976296E+02,    0.0000000000E+00,    0.0000000000E+00,    0.0000000000E+00,    3.5111976296E+02
    200150,      0.676963,CP12_end,   1,    0.0000000000E+00,    3.5111976296E+02,    3.5111976296E+02,    0.0000000000E+00,    0.0000000000E+00,    0.0000000000E+00,    3.5111976296E+02
    200200,      0.676963,CP0_start,   1,    0.0000000000E+00,    3.5129285016E+02,    3.5129285016E+02,    0.0000000000E+00,    0.0000000000E+00,    0.0000000000E+00,    3.5129285016E+02
    200200,      0.676963,CP1_after_deposition,   1,    0.0000000000E+00,    3.5129285016E+02,    3.5129285016E+02,    0.0000000000E+00,    0.0000000000E+00,    0.0000000000E+00,    3.5129285016E+02
    200200,      0.676963,CP2_after_erosion,   1,    0.0000000000E+00,    3.5129285016E+02,    3.5129285016E+02,    0.0000000000E+00,    0.0000000000E+00,    0.0000000000E+00,    3.5129285016E+02
    200200,      0.676963,CP3_after_update_bottom,   1,    0.0000000000E+00,    3.5129285016E+02,    3.5129285016E+02,    0.0000000000E+00,    0.0000000000E+00,    0.0000000000E+00,    3.5129285016E+02
    200200,      0.676963,CP4_after_advection,   1,    0.0000000000E+00,    3.5128294281E+02,    3.5128294281E+02,    0.0000000000E+00,    0.0000000000E+00,    0.0000000000E+00,    3.5128294281E+02
    200200,      0.676963,CP5_after_vdif,   1,    0.0000000000E+00,    3.5128294281E+02,    3.5128294281E+02,    0.0000000000E+00,    0.0000000000E+00,    0.0000000000E+00,    3.5128294281E+02
    200200,      0.676963,CP6_after_kinetics,   1,    0.0000000000E+00,    3.5128294281E+02,    3.5128294281E+02,    0.0000000000E+00,    0.0000000000E+00,    0.0000000000E+00,    3.5128294281E+02
    200200,      0.676963,CP7_after_upper_clamp,   1,    0.0000000000E+00,    3.5128294281E+02,    3.5128294281E+02,    0.0000000000E+00,    0.0000000000E+00,    0.0000000000E+00,    3.5128294281E+02
    200200,      0.676963,CP8_after_OBC,   1,    0.0000000000E+00,    3.5128294281E+02,    3.5128294281E+02,    0.0000000000E+00,    0.0000000000E+00,    0.0000000000E+00,    3.5128294281E+02
    200200,      0.676963,CP9_after_PTsource,   1,    0.0000000000E+00,    3.5128294281E+02,    3.5128294281E+02,    0.0000000000E+00,    0.0000000000E+00,    0.0000000000E+00,    3.5128294281E+02
    200200,      0.676963,CP10_after_neg_clamp,   1,    0.0000000000E+00,    3.5128294281E+02,    3.5128294281E+02,    0.0000000000E+00,    0.0000000000E+00,    0.0000000000E+00,    3.5128294281E+02
    200200,      0.676963,CP11_after_MPI,   1,    0.0000000000E+00,    3.5128294281E+02,    3.5128294281E+02,    0.0000000000E+00,    0.0000000000E+00,    0.0000000000E+00,    3.5128294281E+02
    200200,      0.676963,CP12_end,   1,    0.0000000000E+00,    3.5128294281E+02,    3.5128294281E+02,    0.0000000000E+00,    0.0000000000E+00,    0.0000000000E+00,    3.5128294281E+02
    200250,      0.676963,CP0_start,   1,    0.0000000000E+00,    3.5145745258E+02,    3.5145745258E+02,    0.0000000000E+00,    0.0000000000E+00,    0.0000000000E+00,    3.5145745258E+02
    200250,      0.676963,CP1_after_deposition,   1,    0.0000000000E+00,    3.5145745258E+02,    3.5145745258E+02,    0.0000000000E+00,    0.0000000000E+00,    0.0000000000E+00,    3.5145745258E+02
    200250,      0.676963,CP2_after_erosion,   1,    0.0000000000E+00,    3.5145745258E+02,    3.5145745258E+02,    0.0000000000E+00,    0.0000000000E+00,    0.0000000000E+00,    3.5145745258E+02
    200250,      0.676963,CP3_after_update_bottom,   1,    0.0000000000E+00,    3.5145745258E+02,    3.5145745258E+02,    0.0000000000E+00,    0.0000000000E+00,    0.0000000000E+00,    3.5145745258E+02
    200250,      0.676963,CP4_after_advection,   1,    0.0000000000E+00,    3.5144735690E+02,    3.5144735690E+02,    0.0000000000E+00,    0.0000000000E+00,    0.0000000000E+00,    3.5144735690E+02
    200250,      0.676963,CP5_after_vdif,   1,    0.0000000000E+00,    3.5144735690E+02,    3.5144735690E+02,    0.0000000000E+00,    0.0000000000E+00,    0.0000000000E+00,    3.5144735690E+02
    200250,      0.676963,CP6_after_kinetics,   1,    0.0000000000E+00,    3.5144735690E+02,    3.5144735690E+02,    0.0000000000E+00,    0.0000000000E+00,    0.0000000000E+00,    3.5144735690E+02
    200250,      0.676963,CP7_after_upper_clamp,   1,    0.0000000000E+00,    3.5144735690E+02,    3.5144735690E+02,    0.0000000000E+00,    0.0000000000E+00,    0.0000000000E+00,    3.5144735690E+02
    200250,      0.676963,CP8_after_OBC,   1,    0.0000000000E+00,    3.5144735690E+02,    3.5144735690E+02,    0.0000000000E+00,    0.0000000000E+00,    0.0000000000E+00,    3.5144735690E+02
    200250,      0.676963,CP9_after_PTsource,   1,    0.0000000000E+00,    3.5144735690E+02,    3.5144735690E+02,    0.0000000000E+00,    0.0000000000E+00,    0.0000000000E+00,    3.5144735690E+02
    200250,      0.676963,CP10_after_neg_clamp,   1,    0.0000000000E+00,    3.5144735690E+02,    3.5144735690E+02,    0.0000000000E+00,    0.0000000000E+00,    0.0000000000E+00,    3.5144735690E+02
    200250,      0.676963,CP11_after_MPI,   1,    0.0000000000E+00,    3.5144735690E+02,    3.5144735690E+02,    0.0000000000E+00,    0.0000000000E+00,    0.0000000000E+00,    3.5144735690E+02
    200250,      0.676963,CP12_end,   1,    0.0000000000E+00,    3.5144735690E+02,    3.5144735690E+02,    0.0000000000E+00,    0.0000000000E+00,    0.0000000000E+00,    3.5144735690E+02
    200300,      0.676963,CP0_start,   1,    0.0000000000E+00,    3.5162213374E+02,    3.5162213374E+02,    0.0000000000E+00,    0.0000000000E+00,    0.0000000000E+00,    3.5162213374E+02
    200300,      0.676963,CP1_after_deposition,   1,    0.0000000000E+00,    3.5162213374E+02,    3.5162213374E+02,    0.0000000000E+00,    0.0000000000E+00,    0.0000000000E+00,    3.5162213374E+02
    200300,      0.676963,CP2_after_erosion,   1,    0.0000000000E+00,    3.5162213374E+02,    3.5162213374E+02,    0.0000000000E+00,    0.0000000000E+00,    0.0000000000E+00,    3.5162213374E+02
    200300,      0.676963,CP3_after_update_bottom,   1,    0.0000000000E+00,    3.5162213374E+02,    3.5162213374E+02,    0.0000000000E+00,    0.0000000000E+00,    0.0000000000E+00,    3.5162213374E+02
    200300,      0.676963,CP4_after_advection,   1,    0.0000000000E+00,    3.5161182588E+02,    3.5161182588E+02,    0.0000000000E+00,    0.0000000000E+00,    0.0000000000E+00,    3.5161182588E+02
    200300,      0.676963,CP5_after_vdif,   1,    0.0000000000E+00,    3.5161182588E+02,    3.5161182588E+02,    0.0000000000E+00,    0.0000000000E+00,    0.0000000000E+00,    3.5161182588E+02
    200300,      0.676963,CP6_after_kinetics,   1,    0.0000000000E+00,    3.5161182588E+02,    3.5161182588E+02,    0.0000000000E+00,    0.0000000000E+00,    0.0000000000E+00,    3.5161182588E+02
    200300,      0.676963,CP7_after_upper_clamp,   1,    0.0000000000E+00,    3.5161182588E+02,    3.5161182588E+02,    0.0000000000E+00,    0.0000000000E+00,    0.0000000000E+00,    3.5161182588E+02
    200300,      0.676963,CP8_after_OBC,   1,    0.0000000000E+00,    3.5161182588E+02,    3.5161182588E+02,    0.0000000000E+00,    0.0000000000E+00,    0.0000000000E+00,    3.5161182588E+02
    200300,      0.676963,CP9_after_PTsource,   1,    0.0000000000E+00,    3.5161182588E+02,    3.5161182588E+02,    0.0000000000E+00,    0.0000000000E+00,    0.0000000000E+00,    3.5161182588E+02
    200300,      0.676963,CP10_after_neg_clamp,   1,    0.0000000000E+00,    3.5161182588E+02,    3.5161182588E+02,    0.0000000000E+00,    0.0000000000E+00,    0.0000000000E+00,    3.5161182588E+02
    200300,      0.676963,CP11_after_MPI,   1,    0.0000000000E+00,    3.5161182588E+02,    3.5161182588E+02,    0.0000000000E+00,    0.0000000000E+00,    0.0000000000E+00,    3.5161182588E+02
    200300,      0.676963,CP12_end,   1,    0.0000000000E+00,    3.5161182588E+02,    3.5161182588E+02,    0.0000000000E+00,    0.0000000000E+00,    0.0000000000E+00,    3.5161182588E+02
    200350,      0.676963,CP0_start,   1,    0.0000000000E+00,    3.5178403711E+02,    3.5178403711E+02,    0.0000000000E+00,    0.0000000000E+00,    0.0000000000E+00,    3.5178403711E+02
    200350,      0.676963,CP1_after_deposition,   1,    0.0000000000E+00,    3.5178403711E+02,    3.5178403711E+02,    0.0000000000E+00,    0.0000000000E+00,    0.0000000000E+00,    3.5178403711E+02
    200350,      0.676963,CP2_after_erosion,   1,    0.0000000000E+00,    3.5178403711E+02,    3.5178403711E+02,    0.0000000000E+00,    0.0000000000E+00,    0.0000000000E+00,    3.5178403711E+02
    200350,      0.676963,CP3_after_update_bottom,   1,    0.0000000000E+00,    3.5178403711E+02,    3.5178403711E+02,    0.0000000000E+00,    0.0000000000E+00,    0.0000000000E+00,    3.5178403711E+02
    200350,      0.676963,CP4_after_advection,   1,    0.0000000000E+00,    3.5177346123E+02,    3.5177346123E+02,    0.0000000000E+00,    0.0000000000E+00,    0.0000000000E+00,    3.5177346123E+02
    200350,      0.676963,CP5_after_vdif,   1,    0.0000000000E+00,    3.5177346123E+02,    3.5177346123E+02,    0.0000000000E+00,    0.0000000000E+00,    0.0000000000E+00,    3.5177346123E+02
    200350,      0.676963,CP6_after_kinetics,   1,    0.0000000000E+00,    3.5177346123E+02,    3.5177346123E+02,    0.0000000000E+00,    0.0000000000E+00,    0.0000000000E+00,    3.5177346123E+02
    200350,      0.676963,CP7_after_upper_clamp,   1,    0.0000000000E+00,    3.5177346123E+02,    3.5177346123E+02,    0.0000000000E+00,    0.0000000000E+00,    0.0000000000E+00,    3.5177346123E+02
    200350,      0.676963,CP8_after_OBC,   1,    0.0000000000E+00,    3.5177346123E+02,    3.5177346123E+02,    0.0000000000E+00,    0.0000000000E+00,    0.0000000000E+00,    3.5177346123E+02
    200350,      0.676963,CP9_after_PTsource,   1,    0.0000000000E+00,    3.5177346123E+02,    3.5177346123E+02,    0.0000000000E+00,    0.0000000000E+00,    0.0000000000E+00,    3.5177346123E+02
    200350,      0.676963,CP10_after_neg_clamp,   1,    0.0000000000E+00,    3.5177346123E+02,    3.5177346123E+02,    0.0000000000E+00,    0.0000000000E+00,    0.0000000000E+00,    3.5177346123E+02
    200350,      0.676963,CP11_after_MPI,   1,    0.0000000000E+00,    3.5177346123E+02,    3.5177346123E+02,    0.0000000000E+00,    0.0000000000E+00,    0.0000000000E+00,    3.5177346123E+02
    200350,      0.676963,CP12_end,   1,    0.0000000000E+00,    3.5177346123E+02,    3.5177346123E+02,    0.0000000000E+00,    0.0000000000E+00,    0.0000000000E+00,    3.5177346123E+02
    200400,      0.676963,CP0_start,   1,    0.0000000000E+00,    3.5193963468E+02,    3.5193963468E+02,    0.0000000000E+00,    0.0000000000E+00,    0.0000000000E+00,    3.5193963468E+02
    200400,      0.676963,CP1_after_deposition,   1,    0.0000000000E+00,    3.5193963468E+02,    3.5193963468E+02,    0.0000000000E+00,    0.0000000000E+00,    0.0000000000E+00,    3.5193963468E+02
    200400,      0.676963,CP2_after_erosion,   1,    0.0000000000E+00,    3.5193963468E+02,    3.5193963468E+02,    0.0000000000E+00,    0.0000000000E+00,    0.0000000000E+00,    3.5193963468E+02
    200400,      0.676963,CP3_after_update_bottom,   1,    0.0000000000E+00,    3.5193963468E+02,    3.5193963468E+02,    0.0000000000E+00,    0.0000000000E+00,    0.0000000000E+00,    3.5193963468E+02
    200400,      0.676963,CP4_after_advection,   1,    0.0000000000E+00,    3.5192871817E+02,    3.5192871817E+02,    0.0000000000E+00,    0.0000000000E+00,    0.0000000000E+00,    3.5192871817E+02
    200400,      0.676963,CP5_after_vdif,   1,    0.0000000000E+00,    3.5192871817E+02,    3.5192871817E+02,    0.0000000000E+00,    0.0000000000E+00,    0.0000000000E+00,    3.5192871817E+02
    200400,      0.676963,CP6_after_kinetics,   1,    0.0000000000E+00,    3.5192871817E+02,    3.5192871817E+02,    0.0000000000E+00,    0.0000000000E+00,    0.0000000000E+00,    3.5192871817E+02
    200400,      0.676963,CP7_after_upper_clamp,   1,    0.0000000000E+00,    3.5192871817E+02,    3.5192871817E+02,    0.0000000000E+00,    0.0000000000E+00,    0.0000000000E+00,    3.5192871817E+02
    200400,      0.676963,CP8_after_OBC,   1,    0.0000000000E+00,    3.5192871817E+02,    3.5192871817E+02,    0.0000000000E+00,    0.0000000000E+00,    0.0000000000E+00,    3.5192871817E+02
    200400,      0.676963,CP9_after_PTsource,   1,    0.0000000000E+00,    3.5192871817E+02,    3.5192871817E+02,    0.0000000000E+00,    0.0000000000E+00,    0.0000000000E+00,    3.5192871817E+02
    200400,      0.676963,CP10_after_neg_clamp,   1,    0.0000000000E+00,    3.5192871817E+02,    3.5192871817E+02,    0.0000000000E+00,    0.0000000000E+00,    0.0000000000E+00,    3.5192871817E+02
    200400,      0.676963,CP11_after_MPI,   1,    0.0000000000E+00,    3.5192871817E+02,    3.5192871817E+02,    0.0000000000E+00,    0.0000000000E+00,    0.0000000000E+00,    3.5192871817E+02
    200400,      0.676963,CP12_end,   1,    0.0000000000E+00,    3.5192871817E+02,    3.5192871817E+02,    0.0000000000E+00,    0.0000000000E+00,    0.0000000000E+00,    3.5192871817E+02
    200450,      0.676963,CP0_start,   1,    0.0000000000E+00,    3.5208804770E+02,    3.5208804770E+02,    0.0000000000E+00,    0.0000000000E+00,    0.0000000000E+00,    3.5208804770E+02
    200450,      0.676963,CP1_after_deposition,   1,    0.0000000000E+00,    3.5208804770E+02,    3.5208804770E+02,    0.0000000000E+00,    0.0000000000E+00,    0.0000000000E+00,    3.5208804770E+02
    200450,      0.676963,CP2_after_erosion,   1,    0.0000000000E+00,    3.5208804770E+02,    3.5208804770E+02,    0.0000000000E+00,    0.0000000000E+00,    0.0000000000E+00,    3.5208804770E+02
    200450,      0.676963,CP3_after_update_bottom,   1,    0.0000000000E+00,    3.5208804770E+02,    3.5208804770E+02,    0.0000000000E+00,    0.0000000000E+00,    0.0000000000E+00,    3.5208804770E+02
    200450,      0.676963,CP4_after_advection,   1,    0.0000000000E+00,    3.5207682888E+02,    3.5207682888E+02,    0.0000000000E+00,    0.0000000000E+00,    0.0000000000E+00,    3.5207682888E+02
    200450,      0.676963,CP5_after_vdif,   1,    0.0000000000E+00,    3.5207682888E+02,    3.5207682888E+02,    0.0000000000E+00,    0.0000000000E+00,    0.0000000000E+00,    3.5207682888E+02
    200450,      0.676963,CP6_after_kinetics,   1,    0.0000000000E+00,    3.5207682888E+02,    3.5207682888E+02,    0.0000000000E+00,    0.0000000000E+00,    0.0000000000E+00,    3.5207682888E+02
    200450,      0.676963,CP7_after_upper_clamp,   1,    0.0000000000E+00,    3.5207682888E+02,    3.5207682888E+02,    0.0000000000E+00,    0.0000000000E+00,    0.0000000000E+00,    3.5207682888E+02
    200450,      0.676963,CP8_after_OBC,   1,    0.0000000000E+00,    3.5207682888E+02,    3.5207682888E+02,    0.0000000000E+00,    0.0000000000E+00,    0.0000000000E+00,    3.5207682888E+02
    200450,      0.676963,CP9_after_PTsource,   1,    0.0000000000E+00,    3.5207682888E+02,    3.5207682888E+02,    0.0000000000E+00,    0.0000000000E+00,    0.0000000000E+00,    3.5207682888E+02
    200450,      0.676963,CP10_after_neg_clamp,   1,    0.0000000000E+00,    3.5207682888E+02,    3.5207682888E+02,    0.0000000000E+00,    0.0000000000E+00,    0.0000000000E+00,    3.5207682888E+02
    200450,      0.676963,CP11_after_MPI,   1,    0.0000000000E+00,    3.5207682888E+02,    3.5207682888E+02,    0.0000000000E+00,    0.0000000000E+00,    0.0000000000E+00,    3.5207682888E+02
    200450,      0.676963,CP12_end,   1,    0.0000000000E+00,    3.5207682888E+02,    3.5207682888E+02,    0.0000000000E+00,    0.0000000000E+00,    0.0000000000E+00,    3.5207682888E+02
    200500,      0.676963,CP0_start,   1,    0.0000000000E+00,    3.5223028156E+02,    3.5223028156E+02,    0.0000000000E+00,    0.0000000000E+00,    0.0000000000E+00,    3.5223028156E+02
    200500,      0.676963,CP1_after_deposition,   1,    0.0000000000E+00,    3.5223028156E+02,    3.5223028156E+02,    0.0000000000E+00,    0.0000000000E+00,    0.0000000000E+00,    3.5223028156E+02
    200500,      0.676963,CP2_after_erosion,   1,    0.0000000000E+00,    3.5223028156E+02,    3.5223028156E+02,    0.0000000000E+00,    0.0000000000E+00,    0.0000000000E+00,    3.5223028156E+02
    200500,      0.676963,CP3_after_update_bottom,   1,    0.0000000000E+00,    3.5223028156E+02,    3.5223028156E+02,    0.0000000000E+00,    0.0000000000E+00,    0.0000000000E+00,    3.5223028156E+02
    200500,      0.676963,CP4_after_advection,   1,    0.0000000000E+00,    3.5221877094E+02,    3.5221877094E+02,    0.0000000000E+00,    0.0000000000E+00,    0.0000000000E+00,    3.5221877094E+02
    200500,      0.676963,CP5_after_vdif,   1,    0.0000000000E+00,    3.5221877094E+02,    3.5221877094E+02,    0.0000000000E+00,    0.0000000000E+00,    0.0000000000E+00,    3.5221877094E+02
    200500,      0.676963,CP6_after_kinetics,   1,    0.0000000000E+00,    3.5221877094E+02,    3.5221877094E+02,    0.0000000000E+00,    0.0000000000E+00,    0.0000000000E+00,    3.5221877094E+02
    200500,      0.676963,CP7_after_upper_clamp,   1,    0.0000000000E+00,    3.5221877094E+02,    3.5221877094E+02,    0.0000000000E+00,    0.0000000000E+00,    0.0000000000E+00,    3.5221877094E+02
    200500,      0.676963,CP8_after_OBC,   1,    0.0000000000E+00,    3.5221877094E+02,    3.5221877094E+02,    0.0000000000E+00,    0.0000000000E+00,    0.0000000000E+00,    3.5221877094E+02
    200500,      0.676963,CP9_after_PTsource,   1,    0.0000000000E+00,    3.5221877094E+02,    3.5221877094E+02,    0.0000000000E+00,    0.0000000000E+00,    0.0000000000E+00,    3.5221877094E+02
    200500,      0.676963,CP10_after_neg_clamp,   1,    0.0000000000E+00,    3.5221877094E+02,    3.5221877094E+02,    0.0000000000E+00,    0.0000000000E+00,    0.0000000000E+00,    3.5221877094E+02
    200500,      0.676963,CP11_after_MPI,   1,    0.0000000000E+00,    3.5221877094E+02,    3.5221877094E+02,    0.0000000000E+00,    0.0000000000E+00,    0.0000000000E+00,    3.5221877094E+02
    200500,      0.676963,CP12_end,   1,    0.0000000000E+00,    3.5221877094E+02,    3.5221877094E+02,    0.0000000000E+00,    0.0000000000E+00,    0.0000000000E+00,    3.5221877094E+02
    200550,      0.676963,CP0_start,   1,    0.0000000000E+00,    3.5236344267E+02,    3.5236344267E+02,    0.0000000000E+00,    0.0000000000E+00,    0.0000000000E+00,    3.5236344267E+02
    200550,      0.676963,CP1_after_deposition,   1,    0.0000000000E+00,    3.5236344267E+02,    3.5236344267E+02,    0.0000000000E+00,    0.0000000000E+00,    0.0000000000E+00,    3.5236344267E+02
    200550,      0.676963,CP2_after_erosion,   1,    0.0000000000E+00,    3.5236344267E+02,    3.5236344267E+02,    0.0000000000E+00,    0.0000000000E+00,    0.0000000000E+00,    3.5236344267E+02
    200550,      0.676963,CP3_after_update_bottom,   1,    0.0000000000E+00,    3.5236344267E+02,    3.5236344267E+02,    0.0000000000E+00,    0.0000000000E+00,    0.0000000000E+00,    3.5236344267E+02
    200550,      0.676963,CP4_after_advection,   1,    0.0000000000E+00,    3.5235153269E+02,    3.5235153269E+02,    0.0000000000E+00,    0.0000000000E+00,    0.0000000000E+00,    3.5235153269E+02
    200550,      0.676963,CP5_after_vdif,   1,    0.0000000000E+00,    3.5235153269E+02,    3.5235153269E+02,    0.0000000000E+00,    0.0000000000E+00,    0.0000000000E+00,    3.5235153269E+02
    200550,      0.676963,CP6_after_kinetics,   1,    0.0000000000E+00,    3.5235153269E+02,    3.5235153269E+02,    0.0000000000E+00,    0.0000000000E+00,    0.0000000000E+00,    3.5235153269E+02
    200550,      0.676963,CP7_after_upper_clamp,   1,    0.0000000000E+00,    3.5235153269E+02,    3.5235153269E+02,    0.0000000000E+00,    0.0000000000E+00,    0.0000000000E+00,    3.5235153269E+02
    200550,      0.676963,CP8_after_OBC,   1,    0.0000000000E+00,    3.5235153269E+02,    3.5235153269E+02,    0.0000000000E+00,    0.0000000000E+00,    0.0000000000E+00,    3.5235153269E+02
    200550,      0.676963,CP9_after_PTsource,   1,    0.0000000000E+00,    3.5235153269E+02,    3.5235153269E+02,    0.0000000000E+00,    0.0000000000E+00,    0.0000000000E+00,    3.5235153269E+02
    200550,      0.676963,CP10_after_neg_clamp,   1,    0.0000000000E+00,    3.5235153269E+02,    3.5235153269E+02,    0.0000000000E+00,    0.0000000000E+00,    0.0000000000E+00,    3.5235153269E+02
    200550,      0.676963,CP11_after_MPI,   1,    0.0000000000E+00,    3.5235153269E+02,    3.5235153269E+02,    0.0000000000E+00,    0.0000000000E+00,    0.0000000000E+00,    3.5235153269E+02
    200550,      0.676963,CP12_end,   1,    0.0000000000E+00,    3.5235153269E+02,    3.5235153269E+02,    0.0000000000E+00,    0.0000000000E+00,    0.0000000000E+00,    3.5235153269E+02
    200600,      0.676963,CP0_start,   1,    0.0000000000E+00,    3.5248250625E+02,    3.5248250625E+02,    0.0000000000E+00,    0.0000000000E+00,    0.0000000000E+00,    3.5248250625E+02
    200600,      0.676963,CP1_after_deposition,   1,    0.0000000000E+00,    3.5248250625E+02,    3.5248250625E+02,    0.0000000000E+00,    0.0000000000E+00,    0.0000000000E+00,    3.5248250625E+02
    200600,      0.676963,CP2_after_erosion,   1,    0.0000000000E+00,    3.5248250625E+02,    3.5248250625E+02,    0.0000000000E+00,    0.0000000000E+00,    0.0000000000E+00,    3.5248250625E+02
    200600,      0.676963,CP3_after_update_bottom,   1,    0.0000000000E+00,    3.5248250625E+02,    3.5248250625E+02,    0.0000000000E+00,    0.0000000000E+00,    0.0000000000E+00,    3.5248250625E+02
    200600,      0.676963,CP4_after_advection,   1,    0.0000000000E+00,    3.5247014524E+02,    3.5247014524E+02,    0.0000000000E+00,    0.0000000000E+00,    0.0000000000E+00,    3.5247014524E+02
    200600,      0.676963,CP5_after_vdif,   1,    0.0000000000E+00,    3.5247014524E+02,    3.5247014524E+02,    0.0000000000E+00,    0.0000000000E+00,    0.0000000000E+00,    3.5247014524E+02
    200600,      0.676963,CP6_after_kinetics,   1,    0.0000000000E+00,    3.5247014524E+02,    3.5247014524E+02,    0.0000000000E+00,    0.0000000000E+00,    0.0000000000E+00,    3.5247014524E+02
    200600,      0.676963,CP7_after_upper_clamp,   1,    0.0000000000E+00,    3.5247014524E+02,    3.5247014524E+02,    0.0000000000E+00,    0.0000000000E+00,    0.0000000000E+00,    3.5247014524E+02
    200600,      0.676963,CP8_after_OBC,   1,    0.0000000000E+00,    3.5247014524E+02,    3.5247014524E+02,    0.0000000000E+00,    0.0000000000E+00,    0.0000000000E+00,    3.5247014524E+02
    200600,      0.676963,CP9_after_PTsource,   1,    0.0000000000E+00,    3.5247014524E+02,    3.5247014524E+02,    0.0000000000E+00,    0.0000000000E+00,    0.0000000000E+00,    3.5247014524E+02
    200600,      0.676963,CP10_after_neg_clamp,   1,    0.0000000000E+00,    3.5247014524E+02,    3.5247014524E+02,    0.0000000000E+00,    0.0000000000E+00,    0.0000000000E+00,    3.5247014524E+02
    200600,      0.676963,CP11_after_MPI,   1,    0.0000000000E+00,    3.5247014524E+02,    3.5247014524E+02,    0.0000000000E+00,    0.0000000000E+00,    0.0000000000E+00,    3.5247014524E+02
    200600,      0.676963,CP12_end,   1,    0.0000000000E+00,    3.5247014524E+02,    3.5247014524E+02,    0.0000000000E+00,    0.0000000000E+00,    0.0000000000E+00,    3.5247014524E+02
    200650,      0.676963,CP0_start,   1,    0.0000000000E+00,    3.5258966687E+02,    3.5258966687E+02,    0.0000000000E+00,    0.0000000000E+00,    0.0000000000E+00,    3.5258966687E+02
    200650,      0.676963,CP1_after_deposition,   1,    0.0000000000E+00,    3.5258966687E+02,    3.5258966687E+02,    0.0000000000E+00,    0.0000000000E+00,    0.0000000000E+00,    3.5258966687E+02
    200650,      0.676963,CP2_after_erosion,   1,    0.0000000000E+00,    3.5258966687E+02,    3.5258966687E+02,    0.0000000000E+00,    0.0000000000E+00,    0.0000000000E+00,    3.5258966687E+02
    200650,      0.676963,CP3_after_update_bottom,   1,    0.0000000000E+00,    3.5258966687E+02,    3.5258966687E+02,    0.0000000000E+00,    0.0000000000E+00,    0.0000000000E+00,    3.5258966687E+02
    200650,      0.676963,CP4_after_advection,   1,    0.0000000000E+00,    3.5257701879E+02,    3.5257701879E+02,    0.0000000000E+00,    0.0000000000E+00,    0.0000000000E+00,    3.5257701879E+02
    200650,      0.676963,CP5_after_vdif,   1,    0.0000000000E+00,    3.5257701879E+02,    3.5257701879E+02,    0.0000000000E+00,    0.0000000000E+00,    0.0000000000E+00,    3.5257701879E+02
    200650,      0.676963,CP6_after_kinetics,   1,    0.0000000000E+00,    3.5257701879E+02,    3.5257701879E+02,    0.0000000000E+00,    0.0000000000E+00,    0.0000000000E+00,    3.5257701879E+02
    200650,      0.676963,CP7_after_upper_clamp,   1,    0.0000000000E+00,    3.5257701879E+02,    3.5257701879E+02,    0.0000000000E+00,    0.0000000000E+00,    0.0000000000E+00,    3.5257701879E+02
    200650,      0.676963,CP8_after_OBC,   1,    0.0000000000E+00,    3.5257701879E+02,    3.5257701879E+02,    0.0000000000E+00,    0.0000000000E+00,    0.0000000000E+00,    3.5257701879E+02
    200650,      0.676963,CP9_after_PTsource,   1,    0.0000000000E+00,    3.5257701879E+02,    3.5257701879E+02,    0.0000000000E+00,    0.0000000000E+00,    0.0000000000E+00,    3.5257701879E+02
    200650,      0.676963,CP10_after_neg_clamp,   1,    0.0000000000E+00,    3.5257701879E+02,    3.5257701879E+02,    0.0000000000E+00,    0.0000000000E+00,    0.0000000000E+00,    3.5257701879E+02
    200650,      0.676963,CP11_after_MPI,   1,    0.0000000000E+00,    3.5257701879E+02,    3.5257701879E+02,    0.0000000000E+00,    0.0000000000E+00,    0.0000000000E+00,    3.5257701879E+02
    200650,      0.676963,CP12_end,   1,    0.0000000000E+00,    3.5257701879E+02,    3.5257701879E+02,    0.0000000000E+00,    0.0000000000E+00,    0.0000000000E+00,    3.5257701879E+02
    200700,      0.676963,CP0_start,   1,    0.0000000000E+00,    3.5269456894E+02,    3.5269456894E+02,    0.0000000000E+00,    0.0000000000E+00,    0.0000000000E+00,    3.5269456894E+02
    200700,      0.676963,CP1_after_deposition,   1,    0.0000000000E+00,    3.5269456894E+02,    3.5269456894E+02,    0.0000000000E+00,    0.0000000000E+00,    0.0000000000E+00,    3.5269456894E+02
    200700,      0.676963,CP2_after_erosion,   1,    0.0000000000E+00,    3.5269456894E+02,    3.5269456894E+02,    0.0000000000E+00,    0.0000000000E+00,    0.0000000000E+00,    3.5269456894E+02
    200700,      0.676963,CP3_after_update_bottom,   1,    0.0000000000E+00,    3.5269456894E+02,    3.5269456894E+02,    0.0000000000E+00,    0.0000000000E+00,    0.0000000000E+00,    3.5269456894E+02
    200700,      0.676963,CP4_after_advection,   1,    0.0000000000E+00,    3.5268183175E+02,    3.5268183175E+02,    0.0000000000E+00,    0.0000000000E+00,    0.0000000000E+00,    3.5268183175E+02
    200700,      0.676963,CP5_after_vdif,   1,    0.0000000000E+00,    3.5268183175E+02,    3.5268183175E+02,    0.0000000000E+00,    0.0000000000E+00,    0.0000000000E+00,    3.5268183175E+02
    200700,      0.676963,CP6_after_kinetics,   1,    0.0000000000E+00,    3.5268183175E+02,    3.5268183175E+02,    0.0000000000E+00,    0.0000000000E+00,    0.0000000000E+00,    3.5268183175E+02
    200700,      0.676963,CP7_after_upper_clamp,   1,    0.0000000000E+00,    3.5268183175E+02,    3.5268183175E+02,    0.0000000000E+00,    0.0000000000E+00,    0.0000000000E+00,    3.5268183175E+02
    200700,      0.676963,CP8_after_OBC,   1,    0.0000000000E+00,    3.5268183175E+02,    3.5268183175E+02,    0.0000000000E+00,    0.0000000000E+00,    0.0000000000E+00,    3.5268183175E+02
    200700,      0.676963,CP9_after_PTsource,   1,    0.0000000000E+00,    3.5268183175E+02,    3.5268183175E+02,    0.0000000000E+00,    0.0000000000E+00,    0.0000000000E+00,    3.5268183175E+02
    200700,      0.676963,CP10_after_neg_clamp,   1,    0.0000000000E+00,    3.5268183175E+02,    3.5268183175E+02,    0.0000000000E+00,    0.0000000000E+00,    0.0000000000E+00,    3.5268183175E+02
    200700,      0.676963,CP11_after_MPI,   1,    0.0000000000E+00,    3.5268183175E+02,    3.5268183175E+02,    0.0000000000E+00,    0.0000000000E+00,    0.0000000000E+00,    3.5268183175E+02
    200700,      0.676963,CP12_end,   1,    0.0000000000E+00,    3.5268183175E+02,    3.5268183175E+02,    0.0000000000E+00,    0.0000000000E+00,    0.0000000000E+00,    3.5268183175E+02
    200750,      0.676964,CP0_start,   1,    0.0000000000E+00,    3.5280312961E+02,    3.5280312961E+02,    0.0000000000E+00,    0.0000000000E+00,    0.0000000000E+00,    3.5280312961E+02
    200750,      0.676964,CP1_after_deposition,   1,    0.0000000000E+00,    3.5280312961E+02,    3.5280312961E+02,    0.0000000000E+00,    0.0000000000E+00,    0.0000000000E+00,    3.5280312961E+02
    200750,      0.676964,CP2_after_erosion,   1,    0.0000000000E+00,    3.5280312961E+02,    3.5280312961E+02,    0.0000000000E+00,    0.0000000000E+00,    0.0000000000E+00,    3.5280312961E+02
    200750,      0.676964,CP3_after_update_bottom,   1,    0.0000000000E+00,    3.5280312961E+02,    3.5280312961E+02,    0.0000000000E+00,    0.0000000000E+00,    0.0000000000E+00,    3.5280312961E+02
    200750,      0.676964,CP4_after_advection,   1,    0.0000000000E+00,    3.5279036108E+02,    3.5279036108E+02,    0.0000000000E+00,    0.0000000000E+00,    0.0000000000E+00,    3.5279036108E+02
    200750,      0.676964,CP5_after_vdif,   1,    0.0000000000E+00,    3.5279036108E+02,    3.5279036108E+02,    0.0000000000E+00,    0.0000000000E+00,    0.0000000000E+00,    3.5279036108E+02
    200750,      0.676964,CP6_after_kinetics,   1,    0.0000000000E+00,    3.5279036108E+02,    3.5279036108E+02,    0.0000000000E+00,    0.0000000000E+00,    0.0000000000E+00,    3.5279036108E+02
    200750,      0.676964,CP7_after_upper_clamp,   1,    0.0000000000E+00,    3.5279036108E+02,    3.5279036108E+02,    0.0000000000E+00,    0.0000000000E+00,    0.0000000000E+00,    3.5279036108E+02
    200750,      0.676964,CP8_after_OBC,   1,    0.0000000000E+00,    3.5279036108E+02,    3.5279036108E+02,    0.0000000000E+00,    0.0000000000E+00,    0.0000000000E+00,    3.5279036108E+02
    200750,      0.676964,CP9_after_PTsource,   1,    0.0000000000E+00,    3.5279036108E+02,    3.5279036108E+02,    0.0000000000E+00,    0.0000000000E+00,    0.0000000000E+00,    3.5279036108E+02
    200750,      0.676964,CP10_after_neg_clamp,   1,    0.0000000000E+00,    3.5279036108E+02,    3.5279036108E+02,    0.0000000000E+00,    0.0000000000E+00,    0.0000000000E+00,    3.5279036108E+02
    200750,      0.676964,CP11_after_MPI,   1,    0.0000000000E+00,    3.5279036108E+02,    3.5279036108E+02,    0.0000000000E+00,    0.0000000000E+00,    0.0000000000E+00,    3.5279036108E+02
    200750,      0.676964,CP12_end,   1,    0.0000000000E+00,    3.5279036108E+02,    3.5279036108E+02,    0.0000000000E+00,    0.0000000000E+00,    0.0000000000E+00,    3.5279036108E+02
    200800,      0.676964,CP0_start,   1,    0.0000000000E+00,    3.5291573651E+02,    3.5291573651E+02,    0.0000000000E+00,    0.0000000000E+00,    0.0000000000E+00,    3.5291573651E+02
    200800,      0.676964,CP1_after_deposition,   1,    0.0000000000E+00,    3.5291573651E+02,    3.5291573651E+02,    0.0000000000E+00,    0.0000000000E+00,    0.0000000000E+00,    3.5291573651E+02
    200800,      0.676964,CP2_after_erosion,   1,    0.0000000000E+00,    3.5291573651E+02,    3.5291573651E+02,    0.0000000000E+00,    0.0000000000E+00,    0.0000000000E+00,    3.5291573651E+02
    200800,      0.676964,CP3_after_update_bottom,   1,    0.0000000000E+00,    3.5291573651E+02,    3.5291573651E+02,    0.0000000000E+00,    0.0000000000E+00,    0.0000000000E+00,    3.5291573651E+02
    200800,      0.676964,CP4_after_advection,   1,    0.0000000000E+00,    3.5290290252E+02,    3.5290290252E+02,    0.0000000000E+00,    0.0000000000E+00,    0.0000000000E+00,    3.5290290252E+02
    200800,      0.676964,CP5_after_vdif,   1,    0.0000000000E+00,    3.5290290252E+02,    3.5290290252E+02,    0.0000000000E+00,    0.0000000000E+00,    0.0000000000E+00,    3.5290290252E+02
    200800,      0.676964,CP6_after_kinetics,   1,    0.0000000000E+00,    3.5290290252E+02,    3.5290290252E+02,    0.0000000000E+00,    0.0000000000E+00,    0.0000000000E+00,    3.5290290252E+02
    200800,      0.676964,CP7_after_upper_clamp,   1,    0.0000000000E+00,    3.5290290252E+02,    3.5290290252E+02,    0.0000000000E+00,    0.0000000000E+00,    0.0000000000E+00,    3.5290290252E+02
    200800,      0.676964,CP8_after_OBC,   1,    0.0000000000E+00,    3.5290290252E+02,    3.5290290252E+02,    0.0000000000E+00,    0.0000000000E+00,    0.0000000000E+00,    3.5290290252E+02
    200800,      0.676964,CP9_after_PTsource,   1,    0.0000000000E+00,    3.5290290252E+02,    3.5290290252E+02,    0.0000000000E+00,    0.0000000000E+00,    0.0000000000E+00,    3.5290290252E+02
    200800,      0.676964,CP10_after_neg_clamp,   1,    0.0000000000E+00,    3.5290290252E+02,    3.5290290252E+02,    0.0000000000E+00,    0.0000000000E+00,    0.0000000000E+00,    3.5290290252E+02
    200800,      0.676964,CP11_after_MPI,   1,    0.0000000000E+00,    3.5290290252E+02,    3.5290290252E+02,    0.0000000000E+00,    0.0000000000E+00,    0.0000000000E+00,    3.5290290252E+02
    200800,      0.676964,CP12_end,   1,    0.0000000000E+00,    3.5290290252E+02,    3.5290290252E+02,    0.0000000000E+00,    0.0000000000E+00,    0.0000000000E+00,    3.5290290252E+02
    200850,      0.676964,CP0_start,   1,    0.0000000000E+00,    3.5302986258E+02,    3.5302986258E+02,    0.0000000000E+00,    0.0000000000E+00,    0.0000000000E+00,    3.5302986258E+02
    200850,      0.676964,CP1_after_deposition,   1,    0.0000000000E+00,    3.5302986258E+02,    3.5302986258E+02,    0.0000000000E+00,    0.0000000000E+00,    0.0000000000E+00,    3.5302986258E+02
    200850,      0.676964,CP2_after_erosion,   1,    0.0000000000E+00,    3.5302986258E+02,    3.5302986258E+02,    0.0000000000E+00,    0.0000000000E+00,    0.0000000000E+00,    3.5302986258E+02
    200850,      0.676964,CP3_after_update_bottom,   1,    0.0000000000E+00,    3.5302986258E+02,    3.5302986258E+02,    0.0000000000E+00,    0.0000000000E+00,    0.0000000000E+00,    3.5302986258E+02
    200850,      0.676964,CP4_after_advection,   1,    0.0000000000E+00,    3.5301692804E+02,    3.5301692804E+02,    0.0000000000E+00,    0.0000000000E+00,    0.0000000000E+00,    3.5301692804E+02
    200850,      0.676964,CP5_after_vdif,   1,    0.0000000000E+00,    3.5301692804E+02,    3.5301692804E+02,    0.0000000000E+00,    0.0000000000E+00,    0.0000000000E+00,    3.5301692804E+02
    200850,      0.676964,CP6_after_kinetics,   1,    0.0000000000E+00,    3.5301692804E+02,    3.5301692804E+02,    0.0000000000E+00,    0.0000000000E+00,    0.0000000000E+00,    3.5301692804E+02
    200850,      0.676964,CP7_after_upper_clamp,   1,    0.0000000000E+00,    3.5301692804E+02,    3.5301692804E+02,    0.0000000000E+00,    0.0000000000E+00,    0.0000000000E+00,    3.5301692804E+02
    200850,      0.676964,CP8_after_OBC,   1,    0.0000000000E+00,    3.5301692804E+02,    3.5301692804E+02,    0.0000000000E+00,    0.0000000000E+00,    0.0000000000E+00,    3.5301692804E+02
    200850,      0.676964,CP9_after_PTsource,   1,    0.0000000000E+00,    3.5301692804E+02,    3.5301692804E+02,    0.0000000000E+00,    0.0000000000E+00,    0.0000000000E+00,    3.5301692804E+02
    200850,      0.676964,CP10_after_neg_clamp,   1,    0.0000000000E+00,    3.5301692804E+02,    3.5301692804E+02,    0.0000000000E+00,    0.0000000000E+00,    0.0000000000E+00,    3.5301692804E+02
    200850,      0.676964,CP11_after_MPI,   1,    0.0000000000E+00,    3.5301692804E+02,    3.5301692804E+02,    0.0000000000E+00,    0.0000000000E+00,    0.0000000000E+00,    3.5301692804E+02
    200850,      0.676964,CP12_end,   1,    0.0000000000E+00,    3.5301692804E+02,    3.5301692804E+02,    0.0000000000E+00,    0.0000000000E+00,    0.0000000000E+00,    3.5301692804E+02
    200900,      0.676964,CP0_start,   1,    0.0000000000E+00,    3.5314489691E+02,    3.5314489691E+02,    0.0000000000E+00,    0.0000000000E+00,    0.0000000000E+00,    3.5314489691E+02
    200900,      0.676964,CP1_after_deposition,   1,    0.0000000000E+00,    3.5314489691E+02,    3.5314489691E+02,    0.0000000000E+00,    0.0000000000E+00,    0.0000000000E+00,    3.5314489691E+02
    200900,      0.676964,CP2_after_erosion,   1,    0.0000000000E+00,    3.5314489691E+02,    3.5314489691E+02,    0.0000000000E+00,    0.0000000000E+00,    0.0000000000E+00,    3.5314489691E+02
    200900,      0.676964,CP3_after_update_bottom,   1,    0.0000000000E+00,    3.5314489691E+02,    3.5314489691E+02,    0.0000000000E+00,    0.0000000000E+00,    0.0000000000E+00,    3.5314489691E+02
    200900,      0.676964,CP4_after_advection,   1,    0.0000000000E+00,    3.5313190098E+02,    3.5313190098E+02,    0.0000000000E+00,    0.0000000000E+00,    0.0000000000E+00,    3.5313190098E+02
    200900,      0.676964,CP5_after_vdif,   1,    0.0000000000E+00,    3.5313190098E+02,    3.5313190098E+02,    0.0000000000E+00,    0.0000000000E+00,    0.0000000000E+00,    3.5313190098E+02
    200900,      0.676964,CP6_after_kinetics,   1,    0.0000000000E+00,    3.5313190098E+02,    3.5313190098E+02,    0.0000000000E+00,    0.0000000000E+00,    0.0000000000E+00,    3.5313190098E+02
    200900,      0.676964,CP7_after_upper_clamp,   1,    0.0000000000E+00,    3.5313190098E+02,    3.5313190098E+02,    0.0000000000E+00,    0.0000000000E+00,    0.0000000000E+00,    3.5313190098E+02
    200900,      0.676964,CP8_after_OBC,   1,    0.0000000000E+00,    3.5313190098E+02,    3.5313190098E+02,    0.0000000000E+00,    0.0000000000E+00,    0.0000000000E+00,    3.5313190098E+02
    200900,      0.676964,CP9_after_PTsource,   1,    0.0000000000E+00,    3.5313190098E+02,    3.5313190098E+02,    0.0000000000E+00,    0.0000000000E+00,    0.0000000000E+00,    3.5313190098E+02
    200900,      0.676964,CP10_after_neg_clamp,   1,    0.0000000000E+00,    3.5313190098E+02,    3.5313190098E+02,    0.0000000000E+00,    0.0000000000E+00,    0.0000000000E+00,    3.5313190098E+02
    200900,      0.676964,CP11_after_MPI,   1,    0.0000000000E+00,    3.5313190098E+02,    3.5313190098E+02,    0.0000000000E+00,    0.0000000000E+00,    0.0000000000E+00,    3.5313190098E+02
    200900,      0.676964,CP12_end,   1,    0.0000000000E+00,    3.5313190098E+02,    3.5313190098E+02,    0.0000000000E+00,    0.0000000000E+00,    0.0000000000E+00,    3.5313190098E+02
    200950,      0.676964,CP0_start,   1,    0.0000000000E+00,    3.5326419263E+02,    3.5326419263E+02,    0.0000000000E+00,    0.0000000000E+00,    0.0000000000E+00,    3.5326419263E+02
    200950,      0.676964,CP1_after_deposition,   1,    0.0000000000E+00,    3.5326419263E+02,    3.5326419263E+02,    0.0000000000E+00,    0.0000000000E+00,    0.0000000000E+00,    3.5326419263E+02
    200950,      0.676964,CP2_after_erosion,   1,    0.0000000000E+00,    3.5326419263E+02,    3.5326419263E+02,    0.0000000000E+00,    0.0000000000E+00,    0.0000000000E+00,    3.5326419263E+02
    200950,      0.676964,CP3_after_update_bottom,   1,    0.0000000000E+00,    3.5326419263E+02,    3.5326419263E+02,    0.0000000000E+00,    0.0000000000E+00,    0.0000000000E+00,    3.5326419263E+02
    200950,      0.676964,CP4_after_advection,   1,    0.0000000000E+00,    3.5325122968E+02,    3.5325122968E+02,    0.0000000000E+00,    0.0000000000E+00,    0.0000000000E+00,    3.5325122968E+02
    200950,      0.676964,CP5_after_vdif,   1,    0.0000000000E+00,    3.5325122968E+02,    3.5325122968E+02,    0.0000000000E+00,    0.0000000000E+00,    0.0000000000E+00,    3.5325122968E+02
    200950,      0.676964,CP6_after_kinetics,   1,    0.0000000000E+00,    3.5325122968E+02,    3.5325122968E+02,    0.0000000000E+00,    0.0000000000E+00,    0.0000000000E+00,    3.5325122968E+02
    200950,      0.676964,CP7_after_upper_clamp,   1,    0.0000000000E+00,    3.5325122968E+02,    3.5325122968E+02,    0.0000000000E+00,    0.0000000000E+00,    0.0000000000E+00,    3.5325122968E+02
    200950,      0.676964,CP8_after_OBC,   1,    0.0000000000E+00,    3.5325122968E+02,    3.5325122968E+02,    0.0000000000E+00,    0.0000000000E+00,    0.0000000000E+00,    3.5325122968E+02
    200950,      0.676964,CP9_after_PTsource,   1,    0.0000000000E+00,    3.5325122968E+02,    3.5325122968E+02,    0.0000000000E+00,    0.0000000000E+00,    0.0000000000E+00,    3.5325122968E+02
    200950,      0.676964,CP10_after_neg_clamp,   1,    0.0000000000E+00,    3.5325122968E+02,    3.5325122968E+02,    0.0000000000E+00,    0.0000000000E+00,    0.0000000000E+00,    3.5325122968E+02
    200950,      0.676964,CP11_after_MPI,   1,    0.0000000000E+00,    3.5325122968E+02,    3.5325122968E+02,    0.0000000000E+00,    0.0000000000E+00,    0.0000000000E+00,    3.5325122968E+02
    200950,      0.676964,CP12_end,   1,    0.0000000000E+00,    3.5325122968E+02,    3.5325122968E+02,    0.0000000000E+00,    0.0000000000E+00,    0.0000000000E+00,    3.5325122968E+02
    201000,      0.676964,CP0_start,   1,    0.0000000000E+00,    3.5339243903E+02,    3.5339243903E+02,    0.0000000000E+00,    0.0000000000E+00,    0.0000000000E+00,    3.5339243903E+02
    201000,      0.676964,CP1_after_deposition,   1,    0.0000000000E+00,    3.5339243903E+02,    3.5339243903E+02,    0.0000000000E+00,    0.0000000000E+00,    0.0000000000E+00,    3.5339243903E+02
    201000,      0.676964,CP2_after_erosion,   1,    0.0000000000E+00,    3.5339243903E+02,    3.5339243903E+02,    0.0000000000E+00,    0.0000000000E+00,    0.0000000000E+00,    3.5339243903E+02
    201000,      0.676964,CP3_after_update_bottom,   1,    0.0000000000E+00,    3.5339243903E+02,    3.5339243903E+02,    0.0000000000E+00,    0.0000000000E+00,    0.0000000000E+00,    3.5339243903E+02
    201000,      0.676964,CP4_after_advection,   1,    0.0000000000E+00,    3.5337958126E+02,    3.5337958126E+02,    0.0000000000E+00,    0.0000000000E+00,    0.0000000000E+00,    3.5337958126E+02
    201000,      0.676964,CP5_after_vdif,   1,    0.0000000000E+00,    3.5337958126E+02,    3.5337958126E+02,    0.0000000000E+00,    0.0000000000E+00,    0.0000000000E+00,    3.5337958126E+02
    201000,      0.676964,CP6_after_kinetics,   1,    0.0000000000E+00,    3.5337958126E+02,    3.5337958126E+02,    0.0000000000E+00,    0.0000000000E+00,    0.0000000000E+00,    3.5337958126E+02
    201000,      0.676964,CP7_after_upper_clamp,   1,    0.0000000000E+00,    3.5337958126E+02,    3.5337958126E+02,    0.0000000000E+00,    0.0000000000E+00,    0.0000000000E+00,    3.5337958126E+02
    201000,      0.676964,CP8_after_OBC,   1,    0.0000000000E+00,    3.5337958126E+02,    3.5337958126E+02,    0.0000000000E+00,    0.0000000000E+00,    0.0000000000E+00,    3.5337958126E+02
    201000,      0.676964,CP9_after_PTsource,   1,    0.0000000000E+00,    3.5337958126E+02,    3.5337958126E+02,    0.0000000000E+00,    0.0000000000E+00,    0.0000000000E+00,    3.5337958126E+02
    201000,      0.676964,CP10_after_neg_clamp,   1,    0.0000000000E+00,    3.5337958126E+02,    3.5337958126E+02,    0.0000000000E+00,    0.0000000000E+00,    0.0000000000E+00,    3.5337958126E+02
    201000,      0.676964,CP11_after_MPI,   1,    0.0000000000E+00,    3.5337958126E+02,    3.5337958126E+02,    0.0000000000E+00,    0.0000000000E+00,    0.0000000000E+00,    3.5337958126E+02
    201000,      0.676964,CP12_end,   1,    0.0000000000E+00,    3.5337958126E+02,    3.5337958126E+02,    0.0000000000E+00,    0.0000000000E+00,    0.0000000000E+00,    3.5337958126E+02
    201050,      0.676964,CP0_start,   1,    0.0000000000E+00,    3.5353012574E+02,    3.5353012574E+02,    0.0000000000E+00,    0.0000000000E+00,    0.0000000000E+00,    3.5353012574E+02
    201050,      0.676964,CP1_after_deposition,   1,    0.0000000000E+00,    3.5353012574E+02,    3.5353012574E+02,    0.0000000000E+00,    0.0000000000E+00,    0.0000000000E+00,    3.5353012574E+02
    201050,      0.676964,CP2_after_erosion,   1,    0.0000000000E+00,    3.5353012574E+02,    3.5353012574E+02,    0.0000000000E+00,    0.0000000000E+00,    0.0000000000E+00,    3.5353012574E+02
    201050,      0.676964,CP3_after_update_bottom,   1,    0.0000000000E+00,    3.5353012574E+02,    3.5353012574E+02,    0.0000000000E+00,    0.0000000000E+00,    0.0000000000E+00,    3.5353012574E+02
    201050,      0.676964,CP4_after_advection,   1,    0.0000000000E+00,    3.5351732664E+02,    3.5351732664E+02,    0.0000000000E+00,    0.0000000000E+00,    0.0000000000E+00,    3.5351732664E+02
    201050,      0.676964,CP5_after_vdif,   1,    0.0000000000E+00,    3.5351732664E+02,    3.5351732664E+02,    0.0000000000E+00,    0.0000000000E+00,    0.0000000000E+00,    3.5351732664E+02
    201050,      0.676964,CP6_after_kinetics,   1,    0.0000000000E+00,    3.5351732664E+02,    3.5351732664E+02,    0.0000000000E+00,    0.0000000000E+00,    0.0000000000E+00,    3.5351732664E+02
    201050,      0.676964,CP7_after_upper_clamp,   1,    0.0000000000E+00,    3.5351732664E+02,    3.5351732664E+02,    0.0000000000E+00,    0.0000000000E+00,    0.0000000000E+00,    3.5351732664E+02
    201050,      0.676964,CP8_after_OBC,   1,    0.0000000000E+00,    3.5351732664E+02,    3.5351732664E+02,    0.0000000000E+00,    0.0000000000E+00,    0.0000000000E+00,    3.5351732664E+02
    201050,      0.676964,CP9_after_PTsource,   1,    0.0000000000E+00,    3.5351732664E+02,    3.5351732664E+02,    0.0000000000E+00,    0.0000000000E+00,    0.0000000000E+00,    3.5351732664E+02
    201050,      0.676964,CP10_after_neg_clamp,   1,    0.0000000000E+00,    3.5351732664E+02,    3.5351732664E+02,    0.0000000000E+00,    0.0000000000E+00,    0.0000000000E+00,    3.5351732664E+02
    201050,      0.676964,CP11_after_MPI,   1,    0.0000000000E+00,    3.5351732664E+02,    3.5351732664E+02,    0.0000000000E+00,    0.0000000000E+00,    0.0000000000E+00,    3.5351732664E+02
    201050,      0.676964,CP12_end,   1,    0.0000000000E+00,    3.5351732664E+02,    3.5351732664E+02,    0.0000000000E+00,    0.0000000000E+00,    0.0000000000E+00,    3.5351732664E+02
    201100,      0.676964,CP0_start,   1,    0.0000000000E+00,    3.5367207219E+02,    3.5367207219E+02,    0.0000000000E+00,    0.0000000000E+00,    0.0000000000E+00,    3.5367207219E+02
    201100,      0.676964,CP1_after_deposition,   1,    0.0000000000E+00,    3.5367207219E+02,    3.5367207219E+02,    0.0000000000E+00,    0.0000000000E+00,    0.0000000000E+00,    3.5367207219E+02
    201100,      0.676964,CP2_after_erosion,   1,    0.0000000000E+00,    3.5367207219E+02,    3.5367207219E+02,    0.0000000000E+00,    0.0000000000E+00,    0.0000000000E+00,    3.5367207219E+02
    201100,      0.676964,CP3_after_update_bottom,   1,    0.0000000000E+00,    3.5367207219E+02,    3.5367207219E+02,    0.0000000000E+00,    0.0000000000E+00,    0.0000000000E+00,    3.5367207219E+02
    201100,      0.676964,CP4_after_advection,   1,    0.0000000000E+00,    3.5365918973E+02,    3.5365918973E+02,    0.0000000000E+00,    0.0000000000E+00,    0.0000000000E+00,    3.5365918973E+02
    201100,      0.676964,CP5_after_vdif,   1,    0.0000000000E+00,    3.5365918973E+02,    3.5365918973E+02,    0.0000000000E+00,    0.0000000000E+00,    0.0000000000E+00,    3.5365918973E+02
    201100,      0.676964,CP6_after_kinetics,   1,    0.0000000000E+00,    3.5365918973E+02,    3.5365918973E+02,    0.0000000000E+00,    0.0000000000E+00,    0.0000000000E+00,    3.5365918973E+02
    201100,      0.676964,CP7_after_upper_clamp,   1,    0.0000000000E+00,    3.5365918973E+02,    3.5365918973E+02,    0.0000000000E+00,    0.0000000000E+00,    0.0000000000E+00,    3.5365918973E+02
    201100,      0.676964,CP8_after_OBC,   1,    0.0000000000E+00,    3.5365918973E+02,    3.5365918973E+02,    0.0000000000E+00,    0.0000000000E+00,    0.0000000000E+00,    3.5365918973E+02
    201100,      0.676964,CP9_after_PTsource,   1,    0.0000000000E+00,    3.5365918973E+02,    3.5365918973E+02,    0.0000000000E+00,    0.0000000000E+00,    0.0000000000E+00,    3.5365918973E+02
    201100,      0.676964,CP10_after_neg_clamp,   1,    0.0000000000E+00,    3.5365918973E+02,    3.5365918973E+02,    0.0000000000E+00,    0.0000000000E+00,    0.0000000000E+00,    3.5365918973E+02
    201100,      0.676964,CP11_after_MPI,   1,    0.0000000000E+00,    3.5365918973E+02,    3.5365918973E+02,    0.0000000000E+00,    0.0000000000E+00,    0.0000000000E+00,    3.5365918973E+02
    201100,      0.676964,CP12_end,   1,    0.0000000000E+00,    3.5365918973E+02,    3.5365918973E+02,    0.0000000000E+00,    0.0000000000E+00,    0.0000000000E+00,    3.5365918973E+02
    201150,      0.676964,CP0_start,   1,    0.0000000000E+00,    3.5381067016E+02,    3.5381067016E+02,    0.0000000000E+00,    0.0000000000E+00,    0.0000000000E+00,    3.5381067016E+02
    201150,      0.676964,CP1_after_deposition,   1,    0.0000000000E+00,    3.5381067016E+02,    3.5381067016E+02,    0.0000000000E+00,    0.0000000000E+00,    0.0000000000E+00,    3.5381067016E+02
    201150,      0.676964,CP2_after_erosion,   1,    0.0000000000E+00,    3.5381067016E+02,    3.5381067016E+02,    0.0000000000E+00,    0.0000000000E+00,    0.0000000000E+00,    3.5381067016E+02
    201150,      0.676964,CP3_after_update_bottom,   1,    0.0000000000E+00,    3.5381067016E+02,    3.5381067016E+02,    0.0000000000E+00,    0.0000000000E+00,    0.0000000000E+00,    3.5381067016E+02
    201150,      0.676964,CP4_after_advection,   1,    0.0000000000E+00,    3.5379757085E+02,    3.5379757085E+02,    0.0000000000E+00,    0.0000000000E+00,    0.0000000000E+00,    3.5379757085E+02
    201150,      0.676964,CP5_after_vdif,   1,    0.0000000000E+00,    3.5379757085E+02,    3.5379757085E+02,    0.0000000000E+00,    0.0000000000E+00,    0.0000000000E+00,    3.5379757085E+02
    201150,      0.676964,CP6_after_kinetics,   1,    0.0000000000E+00,    3.5379757085E+02,    3.5379757085E+02,    0.0000000000E+00,    0.0000000000E+00,    0.0000000000E+00,    3.5379757085E+02
    201150,      0.676964,CP7_after_upper_clamp,   1,    0.0000000000E+00,    3.5379757085E+02,    3.5379757085E+02,    0.0000000000E+00,    0.0000000000E+00,    0.0000000000E+00,    3.5379757085E+02
    201150,      0.676964,CP8_after_OBC,   1,    0.0000000000E+00,    3.5379757085E+02,    3.5379757085E+02,    0.0000000000E+00,    0.0000000000E+00,    0.0000000000E+00,    3.5379757085E+02
    201150,      0.676964,CP9_after_PTsource,   1,    0.0000000000E+00,    3.5379757085E+02,    3.5379757085E+02,    0.0000000000E+00,    0.0000000000E+00,    0.0000000000E+00,    3.5379757085E+02
    201150,      0.676964,CP10_after_neg_clamp,   1,    0.0000000000E+00,    3.5379757085E+02,    3.5379757085E+02,    0.0000000000E+00,    0.0000000000E+00,    0.0000000000E+00,    3.5379757085E+02
    201150,      0.676964,CP11_after_MPI,   1,    0.0000000000E+00,    3.5379757085E+02,    3.5379757085E+02,    0.0000000000E+00,    0.0000000000E+00,    0.0000000000E+00,    3.5379757085E+02
    201150,      0.676964,CP12_end,   1,    0.0000000000E+00,    3.5379757085E+02,    3.5379757085E+02,    0.0000000000E+00,    0.0000000000E+00,    0.0000000000E+00,    3.5379757085E+02
    201200,      0.676964,CP0_start,   1,    0.0000000000E+00,    3.5394153283E+02,    3.5394153283E+02,    0.0000000000E+00,    0.0000000000E+00,    0.0000000000E+00,    3.5394153283E+02
    201200,      0.676964,CP1_after_deposition,   1,    0.0000000000E+00,    3.5394153283E+02,    3.5394153283E+02,    0.0000000000E+00,    0.0000000000E+00,    0.0000000000E+00,    3.5394153283E+02
    201200,      0.676964,CP2_after_erosion,   1,    0.0000000000E+00,    3.5394153283E+02,    3.5394153283E+02,    0.0000000000E+00,    0.0000000000E+00,    0.0000000000E+00,    3.5394153283E+02
    201200,      0.676964,CP3_after_update_bottom,   1,    0.0000000000E+00,    3.5394153283E+02,    3.5394153283E+02,    0.0000000000E+00,    0.0000000000E+00,    0.0000000000E+00,    3.5394153283E+02
    201200,      0.676964,CP4_after_advection,   1,    0.0000000000E+00,    3.5392820307E+02,    3.5392820307E+02,    0.0000000000E+00,    0.0000000000E+00,    0.0000000000E+00,    3.5392820307E+02
    201200,      0.676964,CP5_after_vdif,   1,    0.0000000000E+00,    3.5392820307E+02,    3.5392820307E+02,    0.0000000000E+00,    0.0000000000E+00,    0.0000000000E+00,    3.5392820307E+02
    201200,      0.676964,CP6_after_kinetics,   1,    0.0000000000E+00,    3.5392820307E+02,    3.5392820307E+02,    0.0000000000E+00,    0.0000000000E+00,    0.0000000000E+00,    3.5392820307E+02
    201200,      0.676964,CP7_after_upper_clamp,   1,    0.0000000000E+00,    3.5392820307E+02,    3.5392820307E+02,    0.0000000000E+00,    0.0000000000E+00,    0.0000000000E+00,    3.5392820307E+02
    201200,      0.676964,CP8_after_OBC,   1,    0.0000000000E+00,    3.5392820307E+02,    3.5392820307E+02,    0.0000000000E+00,    0.0000000000E+00,    0.0000000000E+00,    3.5392820307E+02
    201200,      0.676964,CP9_after_PTsource,   1,    0.0000000000E+00,    3.5392820307E+02,    3.5392820307E+02,    0.0000000000E+00,    0.0000000000E+00,    0.0000000000E+00,    3.5392820307E+02
    201200,      0.676964,CP10_after_neg_clamp,   1,    0.0000000000E+00,    3.5392820307E+02,    3.5392820307E+02,    0.0000000000E+00,    0.0000000000E+00,    0.0000000000E+00,    3.5392820307E+02
    201200,      0.676964,CP11_after_MPI,   1,    0.0000000000E+00,    3.5392820307E+02,    3.5392820307E+02,    0.0000000000E+00,    0.0000000000E+00,    0.0000000000E+00,    3.5392820307E+02
    201200,      0.676964,CP12_end,   1,    0.0000000000E+00,    3.5392820307E+02,    3.5392820307E+02,    0.0000000000E+00,    0.0000000000E+00,    0.0000000000E+00,    3.5392820307E+02
    201250,      0.676964,CP0_start,   1,    0.0000000000E+00,    3.5406636387E+02,    3.5406636387E+02,    0.0000000000E+00,    0.0000000000E+00,    0.0000000000E+00,    3.5406636387E+02
    201250,      0.676964,CP1_after_deposition,   1,    0.0000000000E+00,    3.5406636387E+02,    3.5406636387E+02,    0.0000000000E+00,    0.0000000000E+00,    0.0000000000E+00,    3.5406636387E+02
    201250,      0.676964,CP2_after_erosion,   1,    0.0000000000E+00,    3.5406636387E+02,    3.5406636387E+02,    0.0000000000E+00,    0.0000000000E+00,    0.0000000000E+00,    3.5406636387E+02
    201250,      0.676964,CP3_after_update_bottom,   1,    0.0000000000E+00,    3.5406636387E+02,    3.5406636387E+02,    0.0000000000E+00,    0.0000000000E+00,    0.0000000000E+00,    3.5406636387E+02
    201250,      0.676964,CP4_after_advection,   1,    0.0000000000E+00,    3.5405288158E+02,    3.5405288158E+02,    0.0000000000E+00,    0.0000000000E+00,    0.0000000000E+00,    3.5405288158E+02
    201250,      0.676964,CP5_after_vdif,   1,    0.0000000000E+00,    3.5405288158E+02,    3.5405288158E+02,    0.0000000000E+00,    0.0000000000E+00,    0.0000000000E+00,    3.5405288158E+02
    201250,      0.676964,CP6_after_kinetics,   1,    0.0000000000E+00,    3.5405288158E+02,    3.5405288158E+02,    0.0000000000E+00,    0.0000000000E+00,    0.0000000000E+00,    3.5405288158E+02
    201250,      0.676964,CP7_after_upper_clamp,   1,    0.0000000000E+00,    3.5405288158E+02,    3.5405288158E+02,    0.0000000000E+00,    0.0000000000E+00,    0.0000000000E+00,    3.5405288158E+02
    201250,      0.676964,CP8_after_OBC,   1,    0.0000000000E+00,    3.5405288158E+02,    3.5405288158E+02,    0.0000000000E+00,    0.0000000000E+00,    0.0000000000E+00,    3.5405288158E+02
    201250,      0.676964,CP9_after_PTsource,   1,    0.0000000000E+00,    3.5405288158E+02,    3.5405288158E+02,    0.0000000000E+00,    0.0000000000E+00,    0.0000000000E+00,    3.5405288158E+02
    201250,      0.676964,CP10_after_neg_clamp,   1,    0.0000000000E+00,    3.5405288158E+02,    3.5405288158E+02,    0.0000000000E+00,    0.0000000000E+00,    0.0000000000E+00,    3.5405288158E+02
    201250,      0.676964,CP11_after_MPI,   1,    0.0000000000E+00,    3.5405288158E+02,    3.5405288158E+02,    0.0000000000E+00,    0.0000000000E+00,    0.0000000000E+00,    3.5405288158E+02
    201250,      0.676964,CP12_end,   1,    0.0000000000E+00,    3.5405288158E+02,    3.5405288158E+02,    0.0000000000E+00,    0.0000000000E+00,    0.0000000000E+00,    3.5405288158E+02
    201300,      0.676964,CP0_start,   1,    0.0000000000E+00,    3.5418789390E+02,    3.5418789390E+02,    0.0000000000E+00,    0.0000000000E+00,    0.0000000000E+00,    3.5418789390E+02
    201300,      0.676964,CP1_after_deposition,   1,    0.0000000000E+00,    3.5418789390E+02,    3.5418789390E+02,    0.0000000000E+00,    0.0000000000E+00,    0.0000000000E+00,    3.5418789390E+02
    201300,      0.676964,CP2_after_erosion,   1,    0.0000000000E+00,    3.5418789390E+02,    3.5418789390E+02,    0.0000000000E+00,    0.0000000000E+00,    0.0000000000E+00,    3.5418789390E+02
    201300,      0.676964,CP3_after_update_bottom,   1,    0.0000000000E+00,    3.5418789390E+02,    3.5418789390E+02,    0.0000000000E+00,    0.0000000000E+00,    0.0000000000E+00,    3.5418789390E+02
    201300,      0.676964,CP4_after_advection,   1,    0.0000000000E+00,    3.5417429578E+02,    3.5417429578E+02,    0.0000000000E+00,    0.0000000000E+00,    0.0000000000E+00,    3.5417429578E+02
    201300,      0.676964,CP5_after_vdif,   1,    0.0000000000E+00,    3.5417429578E+02,    3.5417429578E+02,    0.0000000000E+00,    0.0000000000E+00,    0.0000000000E+00,    3.5417429578E+02
    201300,      0.676964,CP6_after_kinetics,   1,    0.0000000000E+00,    3.5417429578E+02,    3.5417429578E+02,    0.0000000000E+00,    0.0000000000E+00,    0.0000000000E+00,    3.5417429578E+02
    201300,      0.676964,CP7_after_upper_clamp,   1,    0.0000000000E+00,    3.5417429578E+02,    3.5417429578E+02,    0.0000000000E+00,    0.0000000000E+00,    0.0000000000E+00,    3.5417429578E+02
    201300,      0.676964,CP8_after_OBC,   1,    0.0000000000E+00,    3.5417429578E+02,    3.5417429578E+02,    0.0000000000E+00,    0.0000000000E+00,    0.0000000000E+00,    3.5417429578E+02
    201300,      0.676964,CP9_after_PTsource,   1,    0.0000000000E+00,    3.5417429578E+02,    3.5417429578E+02,    0.0000000000E+00,    0.0000000000E+00,    0.0000000000E+00,    3.5417429578E+02
    201300,      0.676964,CP10_after_neg_clamp,   1,    0.0000000000E+00,    3.5417429578E+02,    3.5417429578E+02,    0.0000000000E+00,    0.0000000000E+00,    0.0000000000E+00,    3.5417429578E+02
    201300,      0.676964,CP11_after_MPI,   1,    0.0000000000E+00,    3.5417429578E+02,    3.5417429578E+02,    0.0000000000E+00,    0.0000000000E+00,    0.0000000000E+00,    3.5417429578E+02
    201300,      0.676964,CP12_end,   1,    0.0000000000E+00,    3.5417429578E+02,    3.5417429578E+02,    0.0000000000E+00,    0.0000000000E+00,    0.0000000000E+00,    3.5417429578E+02
    201350,      0.676964,CP0_start,   1,    0.0000000000E+00,    3.5430718059E+02,    3.5430718059E+02,    0.0000000000E+00,    0.0000000000E+00,    0.0000000000E+00,    3.5430718059E+02
    201350,      0.676964,CP1_after_deposition,   1,    0.0000000000E+00,    3.5430718059E+02,    3.5430718059E+02,    0.0000000000E+00,    0.0000000000E+00,    0.0000000000E+00,    3.5430718059E+02
    201350,      0.676964,CP2_after_erosion,   1,    0.0000000000E+00,    3.5430718059E+02,    3.5430718059E+02,    0.0000000000E+00,    0.0000000000E+00,    0.0000000000E+00,    3.5430718059E+02
    201350,      0.676964,CP3_after_update_bottom,   1,    0.0000000000E+00,    3.5430718059E+02,    3.5430718059E+02,    0.0000000000E+00,    0.0000000000E+00,    0.0000000000E+00,    3.5430718059E+02
    201350,      0.676964,CP4_after_advection,   1,    0.0000000000E+00,    3.5429347468E+02,    3.5429347468E+02,    0.0000000000E+00,    0.0000000000E+00,    0.0000000000E+00,    3.5429347468E+02
    201350,      0.676964,CP5_after_vdif,   1,    0.0000000000E+00,    3.5429347468E+02,    3.5429347468E+02,    0.0000000000E+00,    0.0000000000E+00,    0.0000000000E+00,    3.5429347468E+02
    201350,      0.676964,CP6_after_kinetics,   1,    0.0000000000E+00,    3.5429347468E+02,    3.5429347468E+02,    0.0000000000E+00,    0.0000000000E+00,    0.0000000000E+00,    3.5429347468E+02
    201350,      0.676964,CP7_after_upper_clamp,   1,    0.0000000000E+00,    3.5429347468E+02,    3.5429347468E+02,    0.0000000000E+00,    0.0000000000E+00,    0.0000000000E+00,    3.5429347468E+02
    201350,      0.676964,CP8_after_OBC,   1,    0.0000000000E+00,    3.5429347468E+02,    3.5429347468E+02,    0.0000000000E+00,    0.0000000000E+00,    0.0000000000E+00,    3.5429347468E+02
    201350,      0.676964,CP9_after_PTsource,   1,    0.0000000000E+00,    3.5429347468E+02,    3.5429347468E+02,    0.0000000000E+00,    0.0000000000E+00,    0.0000000000E+00,    3.5429347468E+02
    201350,      0.676964,CP10_after_neg_clamp,   1,    0.0000000000E+00,    3.5429347468E+02,    3.5429347468E+02,    0.0000000000E+00,    0.0000000000E+00,    0.0000000000E+00,    3.5429347468E+02
    201350,      0.676964,CP11_after_MPI,   1,    0.0000000000E+00,    3.5429347468E+02,    3.5429347468E+02,    0.0000000000E+00,    0.0000000000E+00,    0.0000000000E+00,    3.5429347468E+02
    201350,      0.676964,CP12_end,   1,    0.0000000000E+00,    3.5429347468E+02,    3.5429347468E+02,    0.0000000000E+00,    0.0000000000E+00,    0.0000000000E+00,    3.5429347468E+02
    201400,      0.676964,CP0_start,   1,    0.0000000000E+00,    3.5442474248E+02,    3.5442474248E+02,    0.0000000000E+00,    0.0000000000E+00,    0.0000000000E+00,    3.5442474248E+02
    201400,      0.676964,CP1_after_deposition,   1,    0.0000000000E+00,    3.5442474248E+02,    3.5442474248E+02,    0.0000000000E+00,    0.0000000000E+00,    0.0000000000E+00,    3.5442474248E+02
    201400,      0.676964,CP2_after_erosion,   1,    0.0000000000E+00,    3.5442474248E+02,    3.5442474248E+02,    0.0000000000E+00,    0.0000000000E+00,    0.0000000000E+00,    3.5442474248E+02
    201400,      0.676964,CP3_after_update_bottom,   1,    0.0000000000E+00,    3.5442474248E+02,    3.5442474248E+02,    0.0000000000E+00,    0.0000000000E+00,    0.0000000000E+00,    3.5442474248E+02
    201400,      0.676964,CP4_after_advection,   1,    0.0000000000E+00,    3.5441096460E+02,    3.5441096460E+02,    0.0000000000E+00,    0.0000000000E+00,    0.0000000000E+00,    3.5441096460E+02
    201400,      0.676964,CP5_after_vdif,   1,    0.0000000000E+00,    3.5441096460E+02,    3.5441096460E+02,    0.0000000000E+00,    0.0000000000E+00,    0.0000000000E+00,    3.5441096460E+02
    201400,      0.676964,CP6_after_kinetics,   1,    0.0000000000E+00,    3.5441096460E+02,    3.5441096460E+02,    0.0000000000E+00,    0.0000000000E+00,    0.0000000000E+00,    3.5441096460E+02
    201400,      0.676964,CP7_after_upper_clamp,   1,    0.0000000000E+00,    3.5441096460E+02,    3.5441096460E+02,    0.0000000000E+00,    0.0000000000E+00,    0.0000000000E+00,    3.5441096460E+02
    201400,      0.676964,CP8_after_OBC,   1,    0.0000000000E+00,    3.5441096460E+02,    3.5441096460E+02,    0.0000000000E+00,    0.0000000000E+00,    0.0000000000E+00,    3.5441096460E+02
    201400,      0.676964,CP9_after_PTsource,   1,    0.0000000000E+00,    3.5441096460E+02,    3.5441096460E+02,    0.0000000000E+00,    0.0000000000E+00,    0.0000000000E+00,    3.5441096460E+02
    201400,      0.676964,CP10_after_neg_clamp,   1,    0.0000000000E+00,    3.5441096460E+02,    3.5441096460E+02,    0.0000000000E+00,    0.0000000000E+00,    0.0000000000E+00,    3.5441096460E+02
    201400,      0.676964,CP11_after_MPI,   1,    0.0000000000E+00,    3.5441096460E+02,    3.5441096460E+02,    0.0000000000E+00,    0.0000000000E+00,    0.0000000000E+00,    3.5441096460E+02
    201400,      0.676964,CP12_end,   1,    0.0000000000E+00,    3.5441096460E+02,    3.5441096460E+02,    0.0000000000E+00,    0.0000000000E+00,    0.0000000000E+00,    3.5441096460E+02
    201450,      0.676964,CP0_start,   1,    0.0000000000E+00,    3.5454301878E+02,    3.5454301878E+02,    0.0000000000E+00,    0.0000000000E+00,    0.0000000000E+00,    3.5454301878E+02
    201450,      0.676964,CP1_after_deposition,   1,    0.0000000000E+00,    3.5454301878E+02,    3.5454301878E+02,    0.0000000000E+00,    0.0000000000E+00,    0.0000000000E+00,    3.5454301878E+02
    201450,      0.676964,CP2_after_erosion,   1,                 NaN,                 NaN,                 NaN,    0.0000000000E+00,    0.0000000000E+00,    0.0000000000E+00,                 NaN
    201450,      0.676964,CP3_after_update_bottom,   1,                 NaN,                 NaN,                 NaN,    0.0000000000E+00,    0.0000000000E+00,    0.0000000000E+00,                 NaN
    201450,      0.676964,CP4_after_advection,   1,                 NaN,                 NaN,                 NaN,    0.0000000000E+00,    0.0000000000E+00,    0.0000000000E+00,                 NaN
    201450,      0.676964,CP5_after_vdif,   1,                 NaN,                 NaN,                 NaN,    0.0000000000E+00,    0.0000000000E+00,    0.0000000000E+00,                 NaN
    201450,      0.676964,CP6_after_kinetics,   1,                 NaN,                 NaN,                 NaN,    0.0000000000E+00,    0.0000000000E+00,    0.0000000000E+00,                 NaN
    201450,      0.676964,CP7_after_upper_clamp,   1,                 NaN,                 NaN,                 NaN,    0.0000000000E+00,    0.0000000000E+00,    0.0000000000E+00,                 NaN
    201450,      0.676964,CP8_after_OBC,   1,                 NaN,                 NaN,                 NaN,    0.0000000000E+00,    0.0000000000E+00,    0.0000000000E+00,                 NaN
    201450,      0.676964,CP9_after_PTsource,   1,                 NaN,                 NaN,                 NaN,    0.0000000000E+00,    0.0000000000E+00,    0.0000000000E+00,                 NaN
    201450,      0.676964,CP10_after_neg_clamp,   1,    0.0000000000E+00,    3.5399319850E+02,    3.5399319850E+02,    0.0000000000E+00,    0.0000000000E+00,    0.0000000000E+00,    3.5399319850E+02
    201450,      0.676964,CP11_after_MPI,   1,    0.0000000000E+00,    3.5399319850E+02,    3.5399319850E+02,    0.0000000000E+00,    0.0000000000E+00,    0.0000000000E+00,    3.5399319850E+02
    201450,      0.676964,CP12_end,   1,    0.0000000000E+00,    3.5399319850E+02,    3.5399319850E+02,    0.0000000000E+00,    0.0000000000E+00,    0.0000000000E+00,    3.5399319850E+02
    201500,      0.676964,CP0_start,   1,    0.0000000000E+00,    3.5421588179E+02,    3.5421588179E+02,    0.0000000000E+00,    0.0000000000E+00,    0.0000000000E+00,    3.5421588179E+02
    201500,      0.676964,CP1_after_deposition,   1,    0.0000000000E+00,    3.5421588179E+02,    3.5421588179E+02,    0.0000000000E+00,    0.0000000000E+00,    0.0000000000E+00,    3.5421588179E+02
    201500,      0.676964,CP2_after_erosion,   1,    0.0000000000E+00,    3.5421588179E+02,    3.5421588179E+02,    0.0000000000E+00,    0.0000000000E+00,    0.0000000000E+00,    3.5421588179E+02
    201500,      0.676964,CP3_after_update_bottom,   1,    0.0000000000E+00,    3.5421588179E+02,    3.5421588179E+02,    0.0000000000E+00,    0.0000000000E+00,    0.0000000000E+00,    3.5421588179E+02
    201500,      0.676964,CP4_after_advection,   1,    0.0000000000E+00,    3.5420354977E+02,    3.5420354977E+02,    0.0000000000E+00,    0.0000000000E+00,    0.0000000000E+00,    3.5420354977E+02
    201500,      0.676964,CP5_after_vdif,   1,    0.0000000000E+00,    3.5420354977E+02,    3.5420354977E+02,    0.0000000000E+00,    0.0000000000E+00,    0.0000000000E+00,    3.5420354977E+02
    201500,      0.676964,CP6_after_kinetics,   1,    0.0000000000E+00,    3.5420354977E+02,    3.5420354977E+02,    0.0000000000E+00,    0.0000000000E+00,    0.0000000000E+00,    3.5420354977E+02
    201500,      0.676964,CP7_after_upper_clamp,   1,    0.0000000000E+00,    3.5420354977E+02,    3.5420354977E+02,    0.0000000000E+00,    0.0000000000E+00,    0.0000000000E+00,    3.5420354977E+02
    201500,      0.676964,CP8_after_OBC,   1,    0.0000000000E+00,    3.5420354977E+02,    3.5420354977E+02,    0.0000000000E+00,    0.0000000000E+00,    0.0000000000E+00,    3.5420354977E+02
    201500,      0.676964,CP9_after_PTsource,   1,    0.0000000000E+00,    3.5420354977E+02,    3.5420354977E+02,    0.0000000000E+00,    0.0000000000E+00,    0.0000000000E+00,    3.5420354977E+02
    201500,      0.676964,CP10_after_neg_clamp,   1,    0.0000000000E+00,    3.5420354977E+02,    3.5420354977E+02,    0.0000000000E+00,    0.0000000000E+00,    0.0000000000E+00,    3.5420354977E+02
    201500,      0.676964,CP11_after_MPI,   1,    0.0000000000E+00,    3.5420354977E+02,    3.5420354977E+02,    0.0000000000E+00,    0.0000000000E+00,    0.0000000000E+00,    3.5420354977E+02
    201500,      0.676964,CP12_end,   1,    0.0000000000E+00,    3.5420354977E+02,    3.5420354977E+02,    0.0000000000E+00,    0.0000000000E+00,    0.0000000000E+00,    3.5420354977E+02
    201550,      0.676964,CP0_start,   1,    0.0000000000E+00,    3.5438968043E+02,    3.5438968043E+02,    0.0000000000E+00,    0.0000000000E+00,    0.0000000000E+00,    3.5438968043E+02
    201550,      0.676964,CP1_after_deposition,   1,    0.0000000000E+00,    3.5438968043E+02,    3.5438968043E+02,    0.0000000000E+00,    0.0000000000E+00,    0.0000000000E+00,    3.5438968043E+02
    201550,      0.676964,CP2_after_erosion,   1,    0.0000000000E+00,    3.5438968043E+02,    3.5438968043E+02,    0.0000000000E+00,    0.0000000000E+00,    0.0000000000E+00,    3.5438968043E+02
    201550,      0.676964,CP3_after_update_bottom,   1,    0.0000000000E+00,    3.5438968043E+02,    3.5438968043E+02,    0.0000000000E+00,    0.0000000000E+00,    0.0000000000E+00,    3.5438968043E+02
    201550,      0.676964,CP4_after_advection,   1,    0.0000000000E+00,    3.5437648447E+02,    3.5437648447E+02,    0.0000000000E+00,    0.0000000000E+00,    0.0000000000E+00,    3.5437648447E+02
    201550,      0.676964,CP5_after_vdif,   1,    0.0000000000E+00,    3.5437648447E+02,    3.5437648447E+02,    0.0000000000E+00,    0.0000000000E+00,    0.0000000000E+00,    3.5437648447E+02
    201550,      0.676964,CP6_after_kinetics,   1,    0.0000000000E+00,    3.5437648447E+02,    3.5437648447E+02,    0.0000000000E+00,    0.0000000000E+00,    0.0000000000E+00,    3.5437648447E+02
    201550,      0.676964,CP7_after_upper_clamp,   1,    0.0000000000E+00,    3.5437648447E+02,    3.5437648447E+02,    0.0000000000E+00,    0.0000000000E+00,    0.0000000000E+00,    3.5437648447E+02
    201550,      0.676964,CP8_after_OBC,   1,    0.0000000000E+00,    3.5437648447E+02,    3.5437648447E+02,    0.0000000000E+00,    0.0000000000E+00,    0.0000000000E+00,    3.5437648447E+02
    201550,      0.676964,CP9_after_PTsource,   1,    0.0000000000E+00,    3.5437648447E+02,    3.5437648447E+02,    0.0000000000E+00,    0.0000000000E+00,    0.0000000000E+00,    3.5437648447E+02
    201550,      0.676964,CP10_after_neg_clamp,   1,    0.0000000000E+00,    3.5437648447E+02,    3.5437648447E+02,    0.0000000000E+00,    0.0000000000E+00,    0.0000000000E+00,    3.5437648447E+02
    201550,      0.676964,CP11_after_MPI,   1,    0.0000000000E+00,    3.5437648447E+02,    3.5437648447E+02,    0.0000000000E+00,    0.0000000000E+00,    0.0000000000E+00,    3.5437648447E+02
    201550,      0.676964,CP12_end,   1,    0.0000000000E+00,    3.5437648447E+02,    3.5437648447E+02,    0.0000000000E+00,    0.0000000000E+00,    0.0000000000E+00,    3.5437648447E+02
    201600,      0.676964,CP0_start,   1,    0.0000000000E+00,    3.5452724543E+02,    3.5452724543E+02,    0.0000000000E+00,    0.0000000000E+00,    0.0000000000E+00,    3.5452724543E+02
    201600,      0.676964,CP1_after_deposition,   1,    0.0000000000E+00,    3.5452724543E+02,    3.5452724543E+02,    0.0000000000E+00,    0.0000000000E+00,    0.0000000000E+00,    3.5452724543E+02
    201600,      0.676964,CP2_after_erosion,   1,    0.0000000000E+00,    3.5452724543E+02,    3.5452724543E+02,    0.0000000000E+00,    0.0000000000E+00,    0.0000000000E+00,    3.5452724543E+02
    201600,      0.676964,CP3_after_update_bottom,   1,    0.0000000000E+00,    3.5452724543E+02,    3.5452724543E+02,    0.0000000000E+00,    0.0000000000E+00,    0.0000000000E+00,    3.5452724543E+02
    201600,      0.676964,CP4_after_advection,   1,    0.0000000000E+00,    3.5451341661E+02,    3.5451341661E+02,    0.0000000000E+00,    0.0000000000E+00,    0.0000000000E+00,    3.5451341661E+02
    201600,      0.676964,CP5_after_vdif,   1,    0.0000000000E+00,    3.5451341661E+02,    3.5451341661E+02,    0.0000000000E+00,    0.0000000000E+00,    0.0000000000E+00,    3.5451341661E+02
    201600,      0.676964,CP6_after_kinetics,   1,    0.0000000000E+00,    3.5451341661E+02,    3.5451341661E+02,    0.0000000000E+00,    0.0000000000E+00,    0.0000000000E+00,    3.5451341661E+02
    201600,      0.676964,CP7_after_upper_clamp,   1,    0.0000000000E+00,    3.5451341661E+02,    3.5451341661E+02,    0.0000000000E+00,    0.0000000000E+00,    0.0000000000E+00,    3.5451341661E+02
    201600,      0.676964,CP8_after_OBC,   1,    0.0000000000E+00,    3.5451341661E+02,    3.5451341661E+02,    0.0000000000E+00,    0.0000000000E+00,    0.0000000000E+00,    3.5451341661E+02
    201600,      0.676964,CP9_after_PTsource,   1,    0.0000000000E+00,    3.5451341661E+02,    3.5451341661E+02,    0.0000000000E+00,    0.0000000000E+00,    0.0000000000E+00,    3.5451341661E+02
    201600,      0.676964,CP10_after_neg_clamp,   1,    0.0000000000E+00,    3.5451341661E+02,    3.5451341661E+02,    0.0000000000E+00,    0.0000000000E+00,    0.0000000000E+00,    3.5451341661E+02
    201600,      0.676964,CP11_after_MPI,   1,    0.0000000000E+00,    3.5451341661E+02,    3.5451341661E+02,    0.0000000000E+00,    0.0000000000E+00,    0.0000000000E+00,    3.5451341661E+02
    201600,      0.676964,CP12_end,   1,    0.0000000000E+00,    3.5451341661E+02,    3.5451341661E+02,    0.0000000000E+00,    0.0000000000E+00,    0.0000000000E+00,    3.5451341661E+02
    201650,      0.676964,CP0_start,   1,    0.0000000000E+00,    3.5464069578E+02,    3.5464069578E+02,    0.0000000000E+00,    0.0000000000E+00,    0.0000000000E+00,    3.5464069578E+02
    201650,      0.676964,CP1_after_deposition,   1,    0.0000000000E+00,    3.5464069578E+02,    3.5464069578E+02,    0.0000000000E+00,    0.0000000000E+00,    0.0000000000E+00,    3.5464069578E+02
    201650,      0.676964,CP2_after_erosion,   1,    0.0000000000E+00,    3.5464069578E+02,    3.5464069578E+02,    0.0000000000E+00,    0.0000000000E+00,    0.0000000000E+00,    3.5464069578E+02
    201650,      0.676964,CP3_after_update_bottom,   1,    0.0000000000E+00,    3.5464069578E+02,    3.5464069578E+02,    0.0000000000E+00,    0.0000000000E+00,    0.0000000000E+00,    3.5464069578E+02
    201650,      0.676964,CP4_after_advection,   1,    0.0000000000E+00,    3.5462645305E+02,    3.5462645305E+02,    0.0000000000E+00,    0.0000000000E+00,    0.0000000000E+00,    3.5462645305E+02
    201650,      0.676964,CP5_after_vdif,   1,    0.0000000000E+00,    3.5462645305E+02,    3.5462645305E+02,    0.0000000000E+00,    0.0000000000E+00,    0.0000000000E+00,    3.5462645305E+02
    201650,      0.676964,CP6_after_kinetics,   1,    0.0000000000E+00,    3.5462645305E+02,    3.5462645305E+02,    0.0000000000E+00,    0.0000000000E+00,    0.0000000000E+00,    3.5462645305E+02
    201650,      0.676964,CP7_after_upper_clamp,   1,    0.0000000000E+00,    3.5462645305E+02,    3.5462645305E+02,    0.0000000000E+00,    0.0000000000E+00,    0.0000000000E+00,    3.5462645305E+02
    201650,      0.676964,CP8_after_OBC,   1,    0.0000000000E+00,    3.5462645305E+02,    3.5462645305E+02,    0.0000000000E+00,    0.0000000000E+00,    0.0000000000E+00,    3.5462645305E+02
    201650,      0.676964,CP9_after_PTsource,   1,    0.0000000000E+00,    3.5462645305E+02,    3.5462645305E+02,    0.0000000000E+00,    0.0000000000E+00,    0.0000000000E+00,    3.5462645305E+02
    201650,      0.676964,CP10_after_neg_clamp,   1,    0.0000000000E+00,    3.5462645305E+02,    3.5462645305E+02,    0.0000000000E+00,    0.0000000000E+00,    0.0000000000E+00,    3.5462645305E+02
    201650,      0.676964,CP11_after_MPI,   1,    0.0000000000E+00,    3.5462645305E+02,    3.5462645305E+02,    0.0000000000E+00,    0.0000000000E+00,    0.0000000000E+00,    3.5462645305E+02
    201650,      0.676964,CP12_end,   1,    0.0000000000E+00,    3.5462645305E+02,    3.5462645305E+02,    0.0000000000E+00,    0.0000000000E+00,    0.0000000000E+00,    3.5462645305E+02
    201700,      0.676964,CP0_start,   1,    0.0000000000E+00,    3.5473842212E+02,    3.5473842212E+02,    0.0000000000E+00,    0.0000000000E+00,    0.0000000000E+00,    3.5473842212E+02
    201700,      0.676964,CP1_after_deposition,   1,    0.0000000000E+00,    3.5473842212E+02,    3.5473842212E+02,    0.0000000000E+00,    0.0000000000E+00,    0.0000000000E+00,    3.5473842212E+02
    201700,      0.676964,CP2_after_erosion,   1,    0.0000000000E+00,    3.5473842212E+02,    3.5473842212E+02,    0.0000000000E+00,    0.0000000000E+00,    0.0000000000E+00,    3.5473842212E+02
    201700,      0.676964,CP3_after_update_bottom,   1,    0.0000000000E+00,    3.5473842212E+02,    3.5473842212E+02,    0.0000000000E+00,    0.0000000000E+00,    0.0000000000E+00,    3.5473842212E+02
    201700,      0.676964,CP4_after_advection,   1,    0.0000000000E+00,    3.5472390656E+02,    3.5472390656E+02,    0.0000000000E+00,    0.0000000000E+00,    0.0000000000E+00,    3.5472390656E+02
    201700,      0.676964,CP5_after_vdif,   1,    0.0000000000E+00,    3.5472390656E+02,    3.5472390656E+02,    0.0000000000E+00,    0.0000000000E+00,    0.0000000000E+00,    3.5472390656E+02
    201700,      0.676964,CP6_after_kinetics,   1,    0.0000000000E+00,    3.5472390656E+02,    3.5472390656E+02,    0.0000000000E+00,    0.0000000000E+00,    0.0000000000E+00,    3.5472390656E+02
    201700,      0.676964,CP7_after_upper_clamp,   1,    0.0000000000E+00,    3.5472390656E+02,    3.5472390656E+02,    0.0000000000E+00,    0.0000000000E+00,    0.0000000000E+00,    3.5472390656E+02
    201700,      0.676964,CP8_after_OBC,   1,    0.0000000000E+00,    3.5472390656E+02,    3.5472390656E+02,    0.0000000000E+00,    0.0000000000E+00,    0.0000000000E+00,    3.5472390656E+02
    201700,      0.676964,CP9_after_PTsource,   1,    0.0000000000E+00,    3.5472390656E+02,    3.5472390656E+02,    0.0000000000E+00,    0.0000000000E+00,    0.0000000000E+00,    3.5472390656E+02
    201700,      0.676964,CP10_after_neg_clamp,   1,    0.0000000000E+00,    3.5472390656E+02,    3.5472390656E+02,    0.0000000000E+00,    0.0000000000E+00,    0.0000000000E+00,    3.5472390656E+02
    201700,      0.676964,CP11_after_MPI,   1,    0.0000000000E+00,    3.5472390656E+02,    3.5472390656E+02,    0.0000000000E+00,    0.0000000000E+00,    0.0000000000E+00,    3.5472390656E+02
    201700,      0.676964,CP12_end,   1,    0.0000000000E+00,    3.5472390656E+02,    3.5472390656E+02,    0.0000000000E+00,    0.0000000000E+00,    0.0000000000E+00,    3.5472390656E+02
    201750,      0.676964,CP0_start,   1,    0.0000000000E+00,    3.5482554586E+02,    3.5482554586E+02,    0.0000000000E+00,    0.0000000000E+00,    0.0000000000E+00,    3.5482554586E+02
    201750,      0.676964,CP1_after_deposition,   1,    0.0000000000E+00,    3.5482554586E+02,    3.5482554586E+02,    0.0000000000E+00,    0.0000000000E+00,    0.0000000000E+00,    3.5482554586E+02
    201750,      0.676964,CP2_after_erosion,   1,    0.0000000000E+00,    3.5482554586E+02,    3.5482554586E+02,    0.0000000000E+00,    0.0000000000E+00,    0.0000000000E+00,    3.5482554586E+02
    201750,      0.676964,CP3_after_update_bottom,   1,    0.0000000000E+00,    3.5482554586E+02,    3.5482554586E+02,    0.0000000000E+00,    0.0000000000E+00,    0.0000000000E+00,    3.5482554586E+02
    201750,      0.676964,CP4_after_advection,   1,    0.0000000000E+00,    3.5481084603E+02,    3.5481084603E+02,    0.0000000000E+00,    0.0000000000E+00,    0.0000000000E+00,    3.5481084603E+02
    201750,      0.676964,CP5_after_vdif,   1,    0.0000000000E+00,    3.5481084603E+02,    3.5481084603E+02,    0.0000000000E+00,    0.0000000000E+00,    0.0000000000E+00,    3.5481084603E+02
    201750,      0.676964,CP6_after_kinetics,   1,    0.0000000000E+00,    3.5481084603E+02,    3.5481084603E+02,    0.0000000000E+00,    0.0000000000E+00,    0.0000000000E+00,    3.5481084603E+02
    201750,      0.676964,CP7_after_upper_clamp,   1,    0.0000000000E+00,    3.5481084603E+02,    3.5481084603E+02,    0.0000000000E+00,    0.0000000000E+00,    0.0000000000E+00,    3.5481084603E+02
    201750,      0.676964,CP8_after_OBC,   1,    0.0000000000E+00,    3.5481084603E+02,    3.5481084603E+02,    0.0000000000E+00,    0.0000000000E+00,    0.0000000000E+00,    3.5481084603E+02
    201750,      0.676964,CP9_after_PTsource,   1,    0.0000000000E+00,    3.5481084603E+02,    3.5481084603E+02,    0.0000000000E+00,    0.0000000000E+00,    0.0000000000E+00,    3.5481084603E+02
    201750,      0.676964,CP10_after_neg_clamp,   1,    0.0000000000E+00,    3.5481084603E+02,    3.5481084603E+02,    0.0000000000E+00,    0.0000000000E+00,    0.0000000000E+00,    3.5481084603E+02
    201750,      0.676964,CP11_after_MPI,   1,    0.0000000000E+00,    3.5481084603E+02,    3.5481084603E+02,    0.0000000000E+00,    0.0000000000E+00,    0.0000000000E+00,    3.5481084603E+02
    201750,      0.676964,CP12_end,   1,    0.0000000000E+00,    3.5481084603E+02,    3.5481084603E+02,    0.0000000000E+00,    0.0000000000E+00,    0.0000000000E+00,    3.5481084603E+02
    201800,      0.676964,CP0_start,   1,    0.0000000000E+00,    3.5490648678E+02,    3.5490648678E+02,    0.0000000000E+00,    0.0000000000E+00,    0.0000000000E+00,    3.5490648678E+02
    201800,      0.676964,CP1_after_deposition,   1,    0.0000000000E+00,    3.5490648678E+02,    3.5490648678E+02,    0.0000000000E+00,    0.0000000000E+00,    0.0000000000E+00,    3.5490648678E+02
    201800,      0.676964,CP2_after_erosion,   1,    0.0000000000E+00,    3.5490648678E+02,    3.5490648678E+02,    0.0000000000E+00,    0.0000000000E+00,    0.0000000000E+00,    3.5490648678E+02
    201800,      0.676964,CP3_after_update_bottom,   1,    0.0000000000E+00,    3.5490648678E+02,    3.5490648678E+02,    0.0000000000E+00,    0.0000000000E+00,    0.0000000000E+00,    3.5490648678E+02
    201800,      0.676964,CP4_after_advection,   1,    0.0000000000E+00,    3.5489167920E+02,    3.5489167920E+02,    0.0000000000E+00,    0.0000000000E+00,    0.0000000000E+00,    3.5489167920E+02
    201800,      0.676964,CP5_after_vdif,   1,    0.0000000000E+00,    3.5489167920E+02,    3.5489167920E+02,    0.0000000000E+00,    0.0000000000E+00,    0.0000000000E+00,    3.5489167920E+02
    201800,      0.676964,CP6_after_kinetics,   1,    0.0000000000E+00,    3.5489167920E+02,    3.5489167920E+02,    0.0000000000E+00,    0.0000000000E+00,    0.0000000000E+00,    3.5489167920E+02
    201800,      0.676964,CP7_after_upper_clamp,   1,    0.0000000000E+00,    3.5489167920E+02,    3.5489167920E+02,    0.0000000000E+00,    0.0000000000E+00,    0.0000000000E+00,    3.5489167920E+02
    201800,      0.676964,CP8_after_OBC,   1,    0.0000000000E+00,    3.5489167920E+02,    3.5489167920E+02,    0.0000000000E+00,    0.0000000000E+00,    0.0000000000E+00,    3.5489167920E+02
    201800,      0.676964,CP9_after_PTsource,   1,    0.0000000000E+00,    3.5489167920E+02,    3.5489167920E+02,    0.0000000000E+00,    0.0000000000E+00,    0.0000000000E+00,    3.5489167920E+02
    201800,      0.676964,CP10_after_neg_clamp,   1,    0.0000000000E+00,    3.5489167920E+02,    3.5489167920E+02,    0.0000000000E+00,    0.0000000000E+00,    0.0000000000E+00,    3.5489167920E+02
    201800,      0.676964,CP11_after_MPI,   1,    0.0000000000E+00,    3.5489167920E+02,    3.5489167920E+02,    0.0000000000E+00,    0.0000000000E+00,    0.0000000000E+00,    3.5489167920E+02
    201800,      0.676964,CP12_end,   1,    0.0000000000E+00,    3.5489167920E+02,    3.5489167920E+02,    0.0000000000E+00,    0.0000000000E+00,    0.0000000000E+00,    3.5489167920E+02
    201850,      0.676964,CP0_start,   1,    0.0000000000E+00,    3.5498461020E+02,    3.5498461020E+02,    0.0000000000E+00,    0.0000000000E+00,    0.0000000000E+00,    3.5498461020E+02
    201850,      0.676964,CP1_after_deposition,   1,    0.0000000000E+00,    3.5498461020E+02,    3.5498461020E+02,    0.0000000000E+00,    0.0000000000E+00,    0.0000000000E+00,    3.5498461020E+02
    201850,      0.676964,CP2_after_erosion,   1,    0.0000000000E+00,    3.5498461020E+02,    3.5498461020E+02,    0.0000000000E+00,    0.0000000000E+00,    0.0000000000E+00,    3.5498461020E+02
    201850,      0.676964,CP3_after_update_bottom,   1,    0.0000000000E+00,    3.5498461020E+02,    3.5498461020E+02,    0.0000000000E+00,    0.0000000000E+00,    0.0000000000E+00,    3.5498461020E+02
    201850,      0.676964,CP4_after_advection,   1,    0.0000000000E+00,    3.5496975329E+02,    3.5496975329E+02,    0.0000000000E+00,    0.0000000000E+00,    0.0000000000E+00,    3.5496975329E+02
    201850,      0.676964,CP5_after_vdif,   1,    0.0000000000E+00,    3.5496975329E+02,    3.5496975329E+02,    0.0000000000E+00,    0.0000000000E+00,    0.0000000000E+00,    3.5496975329E+02
    201850,      0.676964,CP6_after_kinetics,   1,    0.0000000000E+00,    3.5496975329E+02,    3.5496975329E+02,    0.0000000000E+00,    0.0000000000E+00,    0.0000000000E+00,    3.5496975329E+02
    201850,      0.676964,CP7_after_upper_clamp,   1,    0.0000000000E+00,    3.5496975329E+02,    3.5496975329E+02,    0.0000000000E+00,    0.0000000000E+00,    0.0000000000E+00,    3.5496975329E+02
    201850,      0.676964,CP8_after_OBC,   1,    0.0000000000E+00,    3.5496975329E+02,    3.5496975329E+02,    0.0000000000E+00,    0.0000000000E+00,    0.0000000000E+00,    3.5496975329E+02
    201850,      0.676964,CP9_after_PTsource,   1,    0.0000000000E+00,    3.5496975329E+02,    3.5496975329E+02,    0.0000000000E+00,    0.0000000000E+00,    0.0000000000E+00,    3.5496975329E+02
    201850,      0.676964,CP10_after_neg_clamp,   1,    0.0000000000E+00,    3.5496975329E+02,    3.5496975329E+02,    0.0000000000E+00,    0.0000000000E+00,    0.0000000000E+00,    3.5496975329E+02
    201850,      0.676964,CP11_after_MPI,   1,    0.0000000000E+00,    3.5496975329E+02,    3.5496975329E+02,    0.0000000000E+00,    0.0000000000E+00,    0.0000000000E+00,    3.5496975329E+02
    201850,      0.676964,CP12_end,   1,    0.0000000000E+00,    3.5496975329E+02,    3.5496975329E+02,    0.0000000000E+00,    0.0000000000E+00,    0.0000000000E+00,    3.5496975329E+02
    201900,      0.676964,CP0_start,   1,    0.0000000000E+00,    3.5506232864E+02,    3.5506232864E+02,    0.0000000000E+00,    0.0000000000E+00,    0.0000000000E+00,    3.5506232864E+02
    201900,      0.676964,CP1_after_deposition,   1,    0.0000000000E+00,    3.5506232864E+02,    3.5506232864E+02,    0.0000000000E+00,    0.0000000000E+00,    0.0000000000E+00,    3.5506232864E+02
    201900,      0.676964,CP2_after_erosion,   1,    0.0000000000E+00,    3.5506232864E+02,    3.5506232864E+02,    0.0000000000E+00,    0.0000000000E+00,    0.0000000000E+00,    3.5506232864E+02
    201900,      0.676964,CP3_after_update_bottom,   1,    0.0000000000E+00,    3.5506232864E+02,    3.5506232864E+02,    0.0000000000E+00,    0.0000000000E+00,    0.0000000000E+00,    3.5506232864E+02
    201900,      0.676964,CP4_after_advection,   1,    0.0000000000E+00,    3.5504748141E+02,    3.5504748141E+02,    0.0000000000E+00,    0.0000000000E+00,    0.0000000000E+00,    3.5504748141E+02
    201900,      0.676964,CP5_after_vdif,   1,    0.0000000000E+00,    3.5504748141E+02,    3.5504748141E+02,    0.0000000000E+00,    0.0000000000E+00,    0.0000000000E+00,    3.5504748141E+02
    201900,      0.676964,CP6_after_kinetics,   1,    0.0000000000E+00,    3.5504748141E+02,    3.5504748141E+02,    0.0000000000E+00,    0.0000000000E+00,    0.0000000000E+00,    3.5504748141E+02
    201900,      0.676964,CP7_after_upper_clamp,   1,    0.0000000000E+00,    3.5504748141E+02,    3.5504748141E+02,    0.0000000000E+00,    0.0000000000E+00,    0.0000000000E+00,    3.5504748141E+02
    201900,      0.676964,CP8_after_OBC,   1,    0.0000000000E+00,    3.5504748141E+02,    3.5504748141E+02,    0.0000000000E+00,    0.0000000000E+00,    0.0000000000E+00,    3.5504748141E+02
    201900,      0.676964,CP9_after_PTsource,   1,    0.0000000000E+00,    3.5504748141E+02,    3.5504748141E+02,    0.0000000000E+00,    0.0000000000E+00,    0.0000000000E+00,    3.5504748141E+02
    201900,      0.676964,CP10_after_neg_clamp,   1,    0.0000000000E+00,    3.5504748141E+02,    3.5504748141E+02,    0.0000000000E+00,    0.0000000000E+00,    0.0000000000E+00,    3.5504748141E+02
    201900,      0.676964,CP11_after_MPI,   1,    0.0000000000E+00,    3.5504748141E+02,    3.5504748141E+02,    0.0000000000E+00,    0.0000000000E+00,    0.0000000000E+00,    3.5504748141E+02
    201900,      0.676964,CP12_end,   1,    0.0000000000E+00,    3.5504748141E+02,    3.5504748141E+02,    0.0000000000E+00,    0.0000000000E+00,    0.0000000000E+00,    3.5504748141E+02
    201950,      0.676964,CP0_start,   1,    0.0000000000E+00,    3.5514275620E+02,    3.5514275620E+02,    0.0000000000E+00,    0.0000000000E+00,    0.0000000000E+00,    3.5514275620E+02
    201950,      0.676964,CP1_after_deposition,   1,    0.0000000000E+00,    3.5514275620E+02,    3.5514275620E+02,    0.0000000000E+00,    0.0000000000E+00,    0.0000000000E+00,    3.5514275620E+02
    201950,      0.676964,CP2_after_erosion,   1,    0.0000000000E+00,    3.5514275620E+02,    3.5514275620E+02,    0.0000000000E+00,    0.0000000000E+00,    0.0000000000E+00,    3.5514275620E+02
    201950,      0.676964,CP3_after_update_bottom,   1,    0.0000000000E+00,    3.5514275620E+02,    3.5514275620E+02,    0.0000000000E+00,    0.0000000000E+00,    0.0000000000E+00,    3.5514275620E+02
    201950,      0.676964,CP4_after_advection,   1,    0.0000000000E+00,    3.5512799272E+02,    3.5512799272E+02,    0.0000000000E+00,    0.0000000000E+00,    0.0000000000E+00,    3.5512799272E+02
    201950,      0.676964,CP5_after_vdif,   1,    0.0000000000E+00,    3.5512799272E+02,    3.5512799272E+02,    0.0000000000E+00,    0.0000000000E+00,    0.0000000000E+00,    3.5512799272E+02
    201950,      0.676964,CP6_after_kinetics,   1,    0.0000000000E+00,    3.5512799272E+02,    3.5512799272E+02,    0.0000000000E+00,    0.0000000000E+00,    0.0000000000E+00,    3.5512799272E+02
    201950,      0.676964,CP7_after_upper_clamp,   1,    0.0000000000E+00,    3.5512799272E+02,    3.5512799272E+02,    0.0000000000E+00,    0.0000000000E+00,    0.0000000000E+00,    3.5512799272E+02
    201950,      0.676964,CP8_after_OBC,   1,    0.0000000000E+00,    3.5512799272E+02,    3.5512799272E+02,    0.0000000000E+00,    0.0000000000E+00,    0.0000000000E+00,    3.5512799272E+02
    201950,      0.676964,CP9_after_PTsource,   1,    0.0000000000E+00,    3.5512799272E+02,    3.5512799272E+02,    0.0000000000E+00,    0.0000000000E+00,    0.0000000000E+00,    3.5512799272E+02
    201950,      0.676964,CP10_after_neg_clamp,   1,    0.0000000000E+00,    3.5512799272E+02,    3.5512799272E+02,    0.0000000000E+00,    0.0000000000E+00,    0.0000000000E+00,    3.5512799272E+02
    201950,      0.676964,CP11_after_MPI,   1,    0.0000000000E+00,    3.5512799272E+02,    3.5512799272E+02,    0.0000000000E+00,    0.0000000000E+00,    0.0000000000E+00,    3.5512799272E+02
    201950,      0.676964,CP12_end,   1,    0.0000000000E+00,    3.5512799272E+02,    3.5512799272E+02,    0.0000000000E+00,    0.0000000000E+00,    0.0000000000E+00,    3.5512799272E+02
    202000,      0.676964,CP0_start,   1,    0.0000000000E+00,    3.5523014779E+02,    3.5523014779E+02,    0.0000000000E+00,    0.0000000000E+00,    0.0000000000E+00,    3.5523014779E+02
    202000,      0.676964,CP1_after_deposition,   1,    0.0000000000E+00,    3.5523014779E+02,    3.5523014779E+02,    0.0000000000E+00,    0.0000000000E+00,    0.0000000000E+00,    3.5523014779E+02
    202000,      0.676964,CP2_after_erosion,   1,    0.0000000000E+00,    3.5523014779E+02,    3.5523014779E+02,    0.0000000000E+00,    0.0000000000E+00,    0.0000000000E+00,    3.5523014779E+02
    202000,      0.676964,CP3_after_update_bottom,   1,    0.0000000000E+00,    3.5523014779E+02,    3.5523014779E+02,    0.0000000000E+00,    0.0000000000E+00,    0.0000000000E+00,    3.5523014779E+02
    202000,      0.676964,CP4_after_advection,   1,    0.0000000000E+00,    3.5521554849E+02,    3.5521554849E+02,    0.0000000000E+00,    0.0000000000E+00,    0.0000000000E+00,    3.5521554849E+02
    202000,      0.676964,CP5_after_vdif,   1,    0.0000000000E+00,    3.5521554849E+02,    3.5521554849E+02,    0.0000000000E+00,    0.0000000000E+00,    0.0000000000E+00,    3.5521554849E+02
    202000,      0.676964,CP6_after_kinetics,   1,    0.0000000000E+00,    3.5521554849E+02,    3.5521554849E+02,    0.0000000000E+00,    0.0000000000E+00,    0.0000000000E+00,    3.5521554849E+02
    202000,      0.676964,CP7_after_upper_clamp,   1,    0.0000000000E+00,    3.5521554849E+02,    3.5521554849E+02,    0.0000000000E+00,    0.0000000000E+00,    0.0000000000E+00,    3.5521554849E+02
    202000,      0.676964,CP8_after_OBC,   1,    0.0000000000E+00,    3.5521554849E+02,    3.5521554849E+02,    0.0000000000E+00,    0.0000000000E+00,    0.0000000000E+00,    3.5521554849E+02
    202000,      0.676964,CP9_after_PTsource,   1,    0.0000000000E+00,    3.5521554849E+02,    3.5521554849E+02,    0.0000000000E+00,    0.0000000000E+00,    0.0000000000E+00,    3.5521554849E+02
    202000,      0.676964,CP10_after_neg_clamp,   1,    0.0000000000E+00,    3.5521554849E+02,    3.5521554849E+02,    0.0000000000E+00,    0.0000000000E+00,    0.0000000000E+00,    3.5521554849E+02
    202000,      0.676964,CP11_after_MPI,   1,    0.0000000000E+00,    3.5521554849E+02,    3.5521554849E+02,    0.0000000000E+00,    0.0000000000E+00,    0.0000000000E+00,    3.5521554849E+02
    202000,      0.676964,CP12_end,   1,    0.0000000000E+00,    3.5521554849E+02,    3.5521554849E+02,    0.0000000000E+00,    0.0000000000E+00,    0.0000000000E+00,    3.5521554849E+02
    202050,      0.676964,CP0_start,   1,    0.0000000000E+00,    3.5532770250E+02,    3.5532770250E+02,    0.0000000000E+00,    0.0000000000E+00,    0.0000000000E+00,    3.5532770250E+02
    202050,      0.676964,CP1_after_deposition,   1,    0.0000000000E+00,    3.5532770250E+02,    3.5532770250E+02,    0.0000000000E+00,    0.0000000000E+00,    0.0000000000E+00,    3.5532770250E+02
    202050,      0.676964,CP2_after_erosion,   1,    0.0000000000E+00,    3.5532770250E+02,    3.5532770250E+02,    0.0000000000E+00,    0.0000000000E+00,    0.0000000000E+00,    3.5532770250E+02
    202050,      0.676964,CP3_after_update_bottom,   1,    0.0000000000E+00,    3.5532770250E+02,    3.5532770250E+02,    0.0000000000E+00,    0.0000000000E+00,    0.0000000000E+00,    3.5532770250E+02
    202050,      0.676964,CP4_after_advection,   1,    0.0000000000E+00,    3.5531330737E+02,    3.5531330737E+02,    0.0000000000E+00,    0.0000000000E+00,    0.0000000000E+00,    3.5531330737E+02
    202050,      0.676964,CP5_after_vdif,   1,    0.0000000000E+00,    3.5531330737E+02,    3.5531330737E+02,    0.0000000000E+00,    0.0000000000E+00,    0.0000000000E+00,    3.5531330737E+02
    202050,      0.676964,CP6_after_kinetics,   1,    0.0000000000E+00,    3.5531330737E+02,    3.5531330737E+02,    0.0000000000E+00,    0.0000000000E+00,    0.0000000000E+00,    3.5531330737E+02
    202050,      0.676964,CP7_after_upper_clamp,   1,    0.0000000000E+00,    3.5531330737E+02,    3.5531330737E+02,    0.0000000000E+00,    0.0000000000E+00,    0.0000000000E+00,    3.5531330737E+02
    202050,      0.676964,CP8_after_OBC,   1,    0.0000000000E+00,    3.5531330737E+02,    3.5531330737E+02,    0.0000000000E+00,    0.0000000000E+00,    0.0000000000E+00,    3.5531330737E+02
    202050,      0.676964,CP9_after_PTsource,   1,    0.0000000000E+00,    3.5531330737E+02,    3.5531330737E+02,    0.0000000000E+00,    0.0000000000E+00,    0.0000000000E+00,    3.5531330737E+02
    202050,      0.676964,CP10_after_neg_clamp,   1,    0.0000000000E+00,    3.5531330737E+02,    3.5531330737E+02,    0.0000000000E+00,    0.0000000000E+00,    0.0000000000E+00,    3.5531330737E+02
    202050,      0.676964,CP11_after_MPI,   1,    0.0000000000E+00,    3.5531330737E+02,    3.5531330737E+02,    0.0000000000E+00,    0.0000000000E+00,    0.0000000000E+00,    3.5531330737E+02
    202050,      0.676964,CP12_end,   1,    0.0000000000E+00,    3.5531330737E+02,    3.5531330737E+02,    0.0000000000E+00,    0.0000000000E+00,    0.0000000000E+00,    3.5531330737E+02
    202100,      0.676964,CP0_start,   1,    0.0000000000E+00,    3.5543540515E+02,    3.5543540515E+02,    0.0000000000E+00,    0.0000000000E+00,    0.0000000000E+00,    3.5543540515E+02
    202100,      0.676964,CP1_after_deposition,   1,    0.0000000000E+00,    3.5543540515E+02,    3.5543540515E+02,    0.0000000000E+00,    0.0000000000E+00,    0.0000000000E+00,    3.5543540515E+02
    202100,      0.676964,CP2_after_erosion,   1,    0.0000000000E+00,    3.5543540515E+02,    3.5543540515E+02,    0.0000000000E+00,    0.0000000000E+00,    0.0000000000E+00,    3.5543540515E+02
    202100,      0.676964,CP3_after_update_bottom,   1,    0.0000000000E+00,    3.5543540515E+02,    3.5543540515E+02,    0.0000000000E+00,    0.0000000000E+00,    0.0000000000E+00,    3.5543540515E+02
    202100,      0.676964,CP4_after_advection,   1,    0.0000000000E+00,    3.5542118233E+02,    3.5542118233E+02,    0.0000000000E+00,    0.0000000000E+00,    0.0000000000E+00,    3.5542118233E+02
    202100,      0.676964,CP5_after_vdif,   1,    0.0000000000E+00,    3.5542118233E+02,    3.5542118233E+02,    0.0000000000E+00,    0.0000000000E+00,    0.0000000000E+00,    3.5542118233E+02
    202100,      0.676964,CP6_after_kinetics,   1,    0.0000000000E+00,    3.5542118233E+02,    3.5542118233E+02,    0.0000000000E+00,    0.0000000000E+00,    0.0000000000E+00,    3.5542118233E+02
    202100,      0.676964,CP7_after_upper_clamp,   1,    0.0000000000E+00,    3.5542118233E+02,    3.5542118233E+02,    0.0000000000E+00,    0.0000000000E+00,    0.0000000000E+00,    3.5542118233E+02
    202100,      0.676964,CP8_after_OBC,   1,    0.0000000000E+00,    3.5542118233E+02,    3.5542118233E+02,    0.0000000000E+00,    0.0000000000E+00,    0.0000000000E+00,    3.5542118233E+02
    202100,      0.676964,CP9_after_PTsource,   1,    0.0000000000E+00,    3.5542118233E+02,    3.5542118233E+02,    0.0000000000E+00,    0.0000000000E+00,    0.0000000000E+00,    3.5542118233E+02
    202100,      0.676964,CP10_after_neg_clamp,   1,    0.0000000000E+00,    3.5542118233E+02,    3.5542118233E+02,    0.0000000000E+00,    0.0000000000E+00,    0.0000000000E+00,    3.5542118233E+02
    202100,      0.676964,CP11_after_MPI,   1,    0.0000000000E+00,    3.5542118233E+02,    3.5542118233E+02,    0.0000000000E+00,    0.0000000000E+00,    0.0000000000E+00,    3.5542118233E+02
    202100,      0.676964,CP12_end,   1,    0.0000000000E+00,    3.5542118233E+02,    3.5542118233E+02,    0.0000000000E+00,    0.0000000000E+00,    0.0000000000E+00,    3.5542118233E+02
    202150,      0.676964,CP0_start,   1,    0.0000000000E+00,    3.5555031644E+02,    3.5555031644E+02,    0.0000000000E+00,    0.0000000000E+00,    0.0000000000E+00,    3.5555031644E+02
    202150,      0.676964,CP1_after_deposition,   1,    0.0000000000E+00,    3.5555031644E+02,    3.5555031644E+02,    0.0000000000E+00,    0.0000000000E+00,    0.0000000000E+00,    3.5555031644E+02
    202150,      0.676964,CP2_after_erosion,   1,    0.0000000000E+00,    3.5555031644E+02,    3.5555031644E+02,    0.0000000000E+00,    0.0000000000E+00,    0.0000000000E+00,    3.5555031644E+02
    202150,      0.676964,CP3_after_update_bottom,   1,    0.0000000000E+00,    3.5555031644E+02,    3.5555031644E+02,    0.0000000000E+00,    0.0000000000E+00,    0.0000000000E+00,    3.5555031644E+02
    202150,      0.676964,CP4_after_advection,   1,    0.0000000000E+00,    3.5553618153E+02,    3.5553618153E+02,    0.0000000000E+00,    0.0000000000E+00,    0.0000000000E+00,    3.5553618153E+02
    202150,      0.676964,CP5_after_vdif,   1,    0.0000000000E+00,    3.5553618153E+02,    3.5553618153E+02,    0.0000000000E+00,    0.0000000000E+00,    0.0000000000E+00,    3.5553618153E+02
    202150,      0.676964,CP6_after_kinetics,   1,    0.0000000000E+00,    3.5553618153E+02,    3.5553618153E+02,    0.0000000000E+00,    0.0000000000E+00,    0.0000000000E+00,    3.5553618153E+02
    202150,      0.676964,CP7_after_upper_clamp,   1,    0.0000000000E+00,    3.5553618153E+02,    3.5553618153E+02,    0.0000000000E+00,    0.0000000000E+00,    0.0000000000E+00,    3.5553618153E+02
    202150,      0.676964,CP8_after_OBC,   1,    0.0000000000E+00,    3.5553618153E+02,    3.5553618153E+02,    0.0000000000E+00,    0.0000000000E+00,    0.0000000000E+00,    3.5553618153E+02
    202150,      0.676964,CP9_after_PTsource,   1,    0.0000000000E+00,    3.5553618153E+02,    3.5553618153E+02,    0.0000000000E+00,    0.0000000000E+00,    0.0000000000E+00,    3.5553618153E+02
    202150,      0.676964,CP10_after_neg_clamp,   1,    0.0000000000E+00,    3.5553618153E+02,    3.5553618153E+02,    0.0000000000E+00,    0.0000000000E+00,    0.0000000000E+00,    3.5553618153E+02
    202150,      0.676964,CP11_after_MPI,   1,    0.0000000000E+00,    3.5553618153E+02,    3.5553618153E+02,    0.0000000000E+00,    0.0000000000E+00,    0.0000000000E+00,    3.5553618153E+02
    202150,      0.676964,CP12_end,   1,    0.0000000000E+00,    3.5553618153E+02,    3.5553618153E+02,    0.0000000000E+00,    0.0000000000E+00,    0.0000000000E+00,    3.5553618153E+02
    202200,      0.676964,CP0_start,   1,    0.0000000000E+00,    3.5566841018E+02,    3.5566841018E+02,    0.0000000000E+00,    0.0000000000E+00,    0.0000000000E+00,    3.5566841018E+02
    202200,      0.676964,CP1_after_deposition,   1,    0.0000000000E+00,    3.5566841018E+02,    3.5566841018E+02,    0.0000000000E+00,    0.0000000000E+00,    0.0000000000E+00,    3.5566841018E+02
    202200,      0.676964,CP2_after_erosion,   1,    0.0000000000E+00,    3.5566841018E+02,    3.5566841018E+02,    0.0000000000E+00,    0.0000000000E+00,    0.0000000000E+00,    3.5566841018E+02
    202200,      0.676964,CP3_after_update_bottom,   1,    0.0000000000E+00,    3.5566841018E+02,    3.5566841018E+02,    0.0000000000E+00,    0.0000000000E+00,    0.0000000000E+00,    3.5566841018E+02
    202200,      0.676964,CP4_after_advection,   1,    0.0000000000E+00,    3.5565428705E+02,    3.5565428705E+02,    0.0000000000E+00,    0.0000000000E+00,    0.0000000000E+00,    3.5565428705E+02
    202200,      0.676964,CP5_after_vdif,   1,    0.0000000000E+00,    3.5565428705E+02,    3.5565428705E+02,    0.0000000000E+00,    0.0000000000E+00,    0.0000000000E+00,    3.5565428705E+02
    202200,      0.676964,CP6_after_kinetics,   1,    0.0000000000E+00,    3.5565428705E+02,    3.5565428705E+02,    0.0000000000E+00,    0.0000000000E+00,    0.0000000000E+00,    3.5565428705E+02
    202200,      0.676964,CP7_after_upper_clamp,   1,    0.0000000000E+00,    3.5565428705E+02,    3.5565428705E+02,    0.0000000000E+00,    0.0000000000E+00,    0.0000000000E+00,    3.5565428705E+02
    202200,      0.676964,CP8_after_OBC,   1,    0.0000000000E+00,    3.5565428705E+02,    3.5565428705E+02,    0.0000000000E+00,    0.0000000000E+00,    0.0000000000E+00,    3.5565428705E+02
    202200,      0.676964,CP9_after_PTsource,   1,    0.0000000000E+00,    3.5565428705E+02,    3.5565428705E+02,    0.0000000000E+00,    0.0000000000E+00,    0.0000000000E+00,    3.5565428705E+02
    202200,      0.676964,CP10_after_neg_clamp,   1,    0.0000000000E+00,    3.5565428705E+02,    3.5565428705E+02,    0.0000000000E+00,    0.0000000000E+00,    0.0000000000E+00,    3.5565428705E+02
    202200,      0.676964,CP11_after_MPI,   1,    0.0000000000E+00,    3.5565428705E+02,    3.5565428705E+02,    0.0000000000E+00,    0.0000000000E+00,    0.0000000000E+00,    3.5565428705E+02
    202200,      0.676964,CP12_end,   1,    0.0000000000E+00,    3.5565428705E+02,    3.5565428705E+02,    0.0000000000E+00,    0.0000000000E+00,    0.0000000000E+00,    3.5565428705E+02
    202250,      0.676964,CP0_start,   1,    0.0000000000E+00,    3.5578574710E+02,    3.5578574710E+02,    0.0000000000E+00,    0.0000000000E+00,    0.0000000000E+00,    3.5578574710E+02
    202250,      0.676964,CP1_after_deposition,   1,    0.0000000000E+00,    3.5578574710E+02,    3.5578574710E+02,    0.0000000000E+00,    0.0000000000E+00,    0.0000000000E+00,    3.5578574710E+02
    202250,      0.676964,CP2_after_erosion,   1,    0.0000000000E+00,    3.5578574710E+02,    3.5578574710E+02,    0.0000000000E+00,    0.0000000000E+00,    0.0000000000E+00,    3.5578574710E+02
    202250,      0.676964,CP3_after_update_bottom,   1,    0.0000000000E+00,    3.5578574710E+02,    3.5578574710E+02,    0.0000000000E+00,    0.0000000000E+00,    0.0000000000E+00,    3.5578574710E+02
    202250,      0.676964,CP4_after_advection,   1,    0.0000000000E+00,    3.5577156691E+02,    3.5577156691E+02,    0.0000000000E+00,    0.0000000000E+00,    0.0000000000E+00,    3.5577156691E+02
    202250,      0.676964,CP5_after_vdif,   1,    0.0000000000E+00,    3.5577156691E+02,    3.5577156691E+02,    0.0000000000E+00,    0.0000000000E+00,    0.0000000000E+00,    3.5577156691E+02
    202250,      0.676964,CP6_after_kinetics,   1,    0.0000000000E+00,    3.5577156691E+02,    3.5577156691E+02,    0.0000000000E+00,    0.0000000000E+00,    0.0000000000E+00,    3.5577156691E+02
    202250,      0.676964,CP7_after_upper_clamp,   1,    0.0000000000E+00,    3.5577156691E+02,    3.5577156691E+02,    0.0000000000E+00,    0.0000000000E+00,    0.0000000000E+00,    3.5577156691E+02
    202250,      0.676964,CP8_after_OBC,   1,    0.0000000000E+00,    3.5577156691E+02,    3.5577156691E+02,    0.0000000000E+00,    0.0000000000E+00,    0.0000000000E+00,    3.5577156691E+02
    202250,      0.676964,CP9_after_PTsource,   1,    0.0000000000E+00,    3.5577156691E+02,    3.5577156691E+02,    0.0000000000E+00,    0.0000000000E+00,    0.0000000000E+00,    3.5577156691E+02
    202250,      0.676964,CP10_after_neg_clamp,   1,    0.0000000000E+00,    3.5577156691E+02,    3.5577156691E+02,    0.0000000000E+00,    0.0000000000E+00,    0.0000000000E+00,    3.5577156691E+02
    202250,      0.676964,CP11_after_MPI,   1,    0.0000000000E+00,    3.5577156691E+02,    3.5577156691E+02,    0.0000000000E+00,    0.0000000000E+00,    0.0000000000E+00,    3.5577156691E+02
    202250,      0.676964,CP12_end,   1,    0.0000000000E+00,    3.5577156691E+02,    3.5577156691E+02,    0.0000000000E+00,    0.0000000000E+00,    0.0000000000E+00,    3.5577156691E+02
    202300,      0.676964,CP0_start,   1,    0.0000000000E+00,    3.5589926579E+02,    3.5589926579E+02,    0.0000000000E+00,    0.0000000000E+00,    0.0000000000E+00,    3.5589926579E+02
    202300,      0.676964,CP1_after_deposition,   1,    0.0000000000E+00,    3.5589926579E+02,    3.5589926579E+02,    0.0000000000E+00,    0.0000000000E+00,    0.0000000000E+00,    3.5589926579E+02
    202300,      0.676964,CP2_after_erosion,   1,    0.0000000000E+00,    3.5589926579E+02,    3.5589926579E+02,    0.0000000000E+00,    0.0000000000E+00,    0.0000000000E+00,    3.5589926579E+02
    202300,      0.676964,CP3_after_update_bottom,   1,    0.0000000000E+00,    3.5589926579E+02,    3.5589926579E+02,    0.0000000000E+00,    0.0000000000E+00,    0.0000000000E+00,    3.5589926579E+02
    202300,      0.676964,CP4_after_advection,   1,    0.0000000000E+00,    3.5588497624E+02,    3.5588497624E+02,    0.0000000000E+00,    0.0000000000E+00,    0.0000000000E+00,    3.5588497624E+02
    202300,      0.676964,CP5_after_vdif,   1,    0.0000000000E+00,    3.5588497624E+02,    3.5588497624E+02,    0.0000000000E+00,    0.0000000000E+00,    0.0000000000E+00,    3.5588497624E+02
    202300,      0.676964,CP6_after_kinetics,   1,    0.0000000000E+00,    3.5588497624E+02,    3.5588497624E+02,    0.0000000000E+00,    0.0000000000E+00,    0.0000000000E+00,    3.5588497624E+02
    202300,      0.676964,CP7_after_upper_clamp,   1,    0.0000000000E+00,    3.5588497624E+02,    3.5588497624E+02,    0.0000000000E+00,    0.0000000000E+00,    0.0000000000E+00,    3.5588497624E+02
    202300,      0.676964,CP8_after_OBC,   1,    0.0000000000E+00,    3.5588497624E+02,    3.5588497624E+02,    0.0000000000E+00,    0.0000000000E+00,    0.0000000000E+00,    3.5588497624E+02
    202300,      0.676964,CP9_after_PTsource,   1,    0.0000000000E+00,    3.5588497624E+02,    3.5588497624E+02,    0.0000000000E+00,    0.0000000000E+00,    0.0000000000E+00,    3.5588497624E+02
    202300,      0.676964,CP10_after_neg_clamp,   1,    0.0000000000E+00,    3.5588497624E+02,    3.5588497624E+02,    0.0000000000E+00,    0.0000000000E+00,    0.0000000000E+00,    3.5588497624E+02
    202300,      0.676964,CP11_after_MPI,   1,    0.0000000000E+00,    3.5588497624E+02,    3.5588497624E+02,    0.0000000000E+00,    0.0000000000E+00,    0.0000000000E+00,    3.5588497624E+02
    202300,      0.676964,CP12_end,   1,    0.0000000000E+00,    3.5588497624E+02,    3.5588497624E+02,    0.0000000000E+00,    0.0000000000E+00,    0.0000000000E+00,    3.5588497624E+02
    202350,      0.676964,CP0_start,   1,    0.0000000000E+00,    3.5600730966E+02,    3.5600730966E+02,    0.0000000000E+00,    0.0000000000E+00,    0.0000000000E+00,    3.5600730966E+02
    202350,      0.676964,CP1_after_deposition,   1,    0.0000000000E+00,    3.5600730966E+02,    3.5600730966E+02,    0.0000000000E+00,    0.0000000000E+00,    0.0000000000E+00,    3.5600730966E+02
    202350,      0.676964,CP2_after_erosion,   1,    0.0000000000E+00,    3.5600730966E+02,    3.5600730966E+02,    0.0000000000E+00,    0.0000000000E+00,    0.0000000000E+00,    3.5600730966E+02
    202350,      0.676964,CP3_after_update_bottom,   1,    0.0000000000E+00,    3.5600730966E+02,    3.5600730966E+02,    0.0000000000E+00,    0.0000000000E+00,    0.0000000000E+00,    3.5600730966E+02
    202350,      0.676964,CP4_after_advection,   1,    0.0000000000E+00,    3.5599289833E+02,    3.5599289833E+02,    0.0000000000E+00,    0.0000000000E+00,    0.0000000000E+00,    3.5599289833E+02
    202350,      0.676964,CP5_after_vdif,   1,    0.0000000000E+00,    3.5599289833E+02,    3.5599289833E+02,    0.0000000000E+00,    0.0000000000E+00,    0.0000000000E+00,    3.5599289833E+02
    202350,      0.676964,CP6_after_kinetics,   1,    0.0000000000E+00,    3.5599289833E+02,    3.5599289833E+02,    0.0000000000E+00,    0.0000000000E+00,    0.0000000000E+00,    3.5599289833E+02
    202350,      0.676964,CP7_after_upper_clamp,   1,    0.0000000000E+00,    3.5599289833E+02,    3.5599289833E+02,    0.0000000000E+00,    0.0000000000E+00,    0.0000000000E+00,    3.5599289833E+02
    202350,      0.676964,CP8_after_OBC,   1,    0.0000000000E+00,    3.5599289833E+02,    3.5599289833E+02,    0.0000000000E+00,    0.0000000000E+00,    0.0000000000E+00,    3.5599289833E+02
    202350,      0.676964,CP9_after_PTsource,   1,    0.0000000000E+00,    3.5599289833E+02,    3.5599289833E+02,    0.0000000000E+00,    0.0000000000E+00,    0.0000000000E+00,    3.5599289833E+02
    202350,      0.676964,CP10_after_neg_clamp,   1,    0.0000000000E+00,    3.5599289833E+02,    3.5599289833E+02,    0.0000000000E+00,    0.0000000000E+00,    0.0000000000E+00,    3.5599289833E+02
    202350,      0.676964,CP11_after_MPI,   1,    0.0000000000E+00,    3.5599289833E+02,    3.5599289833E+02,    0.0000000000E+00,    0.0000000000E+00,    0.0000000000E+00,    3.5599289833E+02
    202350,      0.676964,CP12_end,   1,    0.0000000000E+00,    3.5599289833E+02,    3.5599289833E+02,    0.0000000000E+00,    0.0000000000E+00,    0.0000000000E+00,    3.5599289833E+02
    202400,      0.676964,CP0_start,   1,    0.0000000000E+00,    3.5610983945E+02,    3.5610983945E+02,    0.0000000000E+00,    0.0000000000E+00,    0.0000000000E+00,    3.5610983945E+02
    202400,      0.676964,CP1_after_deposition,   1,    0.0000000000E+00,    3.5610983945E+02,    3.5610983945E+02,    0.0000000000E+00,    0.0000000000E+00,    0.0000000000E+00,    3.5610983945E+02
    202400,      0.676964,CP2_after_erosion,   1,    0.0000000000E+00,    3.5610983945E+02,    3.5610983945E+02,    0.0000000000E+00,    0.0000000000E+00,    0.0000000000E+00,    3.5610983945E+02
    202400,      0.676964,CP3_after_update_bottom,   1,    0.0000000000E+00,    3.5610983945E+02,    3.5610983945E+02,    0.0000000000E+00,    0.0000000000E+00,    0.0000000000E+00,    3.5610983945E+02
    202400,      0.676964,CP4_after_advection,   1,    0.0000000000E+00,    3.5609532657E+02,    3.5609532657E+02,    0.0000000000E+00,    0.0000000000E+00,    0.0000000000E+00,    3.5609532657E+02
    202400,      0.676964,CP5_after_vdif,   1,    0.0000000000E+00,    3.5609532657E+02,    3.5609532657E+02,    0.0000000000E+00,    0.0000000000E+00,    0.0000000000E+00,    3.5609532657E+02
    202400,      0.676964,CP6_after_kinetics,   1,    0.0000000000E+00,    3.5609532657E+02,    3.5609532657E+02,    0.0000000000E+00,    0.0000000000E+00,    0.0000000000E+00,    3.5609532657E+02
    202400,      0.676964,CP7_after_upper_clamp,   1,    0.0000000000E+00,    3.5609532657E+02,    3.5609532657E+02,    0.0000000000E+00,    0.0000000000E+00,    0.0000000000E+00,    3.5609532657E+02
    202400,      0.676964,CP8_after_OBC,   1,    0.0000000000E+00,    3.5609532657E+02,    3.5609532657E+02,    0.0000000000E+00,    0.0000000000E+00,    0.0000000000E+00,    3.5609532657E+02
    202400,      0.676964,CP9_after_PTsource,   1,    0.0000000000E+00,    3.5609532657E+02,    3.5609532657E+02,    0.0000000000E+00,    0.0000000000E+00,    0.0000000000E+00,    3.5609532657E+02
    202400,      0.676964,CP10_after_neg_clamp,   1,    0.0000000000E+00,    3.5609532657E+02,    3.5609532657E+02,    0.0000000000E+00,    0.0000000000E+00,    0.0000000000E+00,    3.5609532657E+02
    202400,      0.676964,CP11_after_MPI,   1,    0.0000000000E+00,    3.5609532657E+02,    3.5609532657E+02,    0.0000000000E+00,    0.0000000000E+00,    0.0000000000E+00,    3.5609532657E+02
    202400,      0.676964,CP12_end,   1,    0.0000000000E+00,    3.5609532657E+02,    3.5609532657E+02,    0.0000000000E+00,    0.0000000000E+00,    0.0000000000E+00,    3.5609532657E+02
    202450,      0.676964,CP0_start,   1,    0.0000000000E+00,    3.5620810427E+02,    3.5620810427E+02,    0.0000000000E+00,    0.0000000000E+00,    0.0000000000E+00,    3.5620810427E+02
    202450,      0.676964,CP1_after_deposition,   1,    0.0000000000E+00,    3.5620810427E+02,    3.5620810427E+02,    0.0000000000E+00,    0.0000000000E+00,    0.0000000000E+00,    3.5620810427E+02
    202450,      0.676964,CP2_after_erosion,   1,    0.0000000000E+00,    3.5620810427E+02,    3.5620810427E+02,    0.0000000000E+00,    0.0000000000E+00,    0.0000000000E+00,    3.5620810427E+02
    202450,      0.676964,CP3_after_update_bottom,   1,    0.0000000000E+00,    3.5620810427E+02,    3.5620810427E+02,    0.0000000000E+00,    0.0000000000E+00,    0.0000000000E+00,    3.5620810427E+02
    202450,      0.676964,CP4_after_advection,   1,    0.0000000000E+00,    3.5619352456E+02,    3.5619352456E+02,    0.0000000000E+00,    0.0000000000E+00,    0.0000000000E+00,    3.5619352456E+02
    202450,      0.676964,CP5_after_vdif,   1,    0.0000000000E+00,    3.5619352456E+02,    3.5619352456E+02,    0.0000000000E+00,    0.0000000000E+00,    0.0000000000E+00,    3.5619352456E+02
    202450,      0.676964,CP6_after_kinetics,   1,    0.0000000000E+00,    3.5619352456E+02,    3.5619352456E+02,    0.0000000000E+00,    0.0000000000E+00,    0.0000000000E+00,    3.5619352456E+02
    202450,      0.676964,CP7_after_upper_clamp,   1,    0.0000000000E+00,    3.5619352456E+02,    3.5619352456E+02,    0.0000000000E+00,    0.0000000000E+00,    0.0000000000E+00,    3.5619352456E+02
    202450,      0.676964,CP8_after_OBC,   1,    0.0000000000E+00,    3.5619352456E+02,    3.5619352456E+02,    0.0000000000E+00,    0.0000000000E+00,    0.0000000000E+00,    3.5619352456E+02
    202450,      0.676964,CP9_after_PTsource,   1,    0.0000000000E+00,    3.5619352456E+02,    3.5619352456E+02,    0.0000000000E+00,    0.0000000000E+00,    0.0000000000E+00,    3.5619352456E+02
    202450,      0.676964,CP10_after_neg_clamp,   1,    0.0000000000E+00,    3.5619352456E+02,    3.5619352456E+02,    0.0000000000E+00,    0.0000000000E+00,    0.0000000000E+00,    3.5619352456E+02
    202450,      0.676964,CP11_after_MPI,   1,    0.0000000000E+00,    3.5619352456E+02,    3.5619352456E+02,    0.0000000000E+00,    0.0000000000E+00,    0.0000000000E+00,    3.5619352456E+02
    202450,      0.676964,CP12_end,   1,    0.0000000000E+00,    3.5619352456E+02,    3.5619352456E+02,    0.0000000000E+00,    0.0000000000E+00,    0.0000000000E+00,    3.5619352456E+02
    202500,      0.676964,CP0_start,   1,    0.0000000000E+00,    3.5630431991E+02,    3.5630431991E+02,    0.0000000000E+00,    0.0000000000E+00,    0.0000000000E+00,    3.5630431991E+02
    202500,      0.676964,CP1_after_deposition,   1,    0.0000000000E+00,    3.5630431991E+02,    3.5630431991E+02,    0.0000000000E+00,    0.0000000000E+00,    0.0000000000E+00,    3.5630431991E+02
    202500,      0.676964,CP2_after_erosion,   1,    0.0000000000E+00,    3.5630431991E+02,    3.5630431991E+02,    0.0000000000E+00,    0.0000000000E+00,    0.0000000000E+00,    3.5630431991E+02
    202500,      0.676964,CP3_after_update_bottom,   1,    0.0000000000E+00,    3.5630431991E+02,    3.5630431991E+02,    0.0000000000E+00,    0.0000000000E+00,    0.0000000000E+00,    3.5630431991E+02
    202500,      0.676964,CP4_after_advection,   1,    0.0000000000E+00,    3.5628972619E+02,    3.5628972619E+02,    0.0000000000E+00,    0.0000000000E+00,    0.0000000000E+00,    3.5628972619E+02
    202500,      0.676964,CP5_after_vdif,   1,    0.0000000000E+00,    3.5628972619E+02,    3.5628972619E+02,    0.0000000000E+00,    0.0000000000E+00,    0.0000000000E+00,    3.5628972619E+02
    202500,      0.676964,CP6_after_kinetics,   1,    0.0000000000E+00,    3.5628972619E+02,    3.5628972619E+02,    0.0000000000E+00,    0.0000000000E+00,    0.0000000000E+00,    3.5628972619E+02
    202500,      0.676964,CP7_after_upper_clamp,   1,    0.0000000000E+00,    3.5628972619E+02,    3.5628972619E+02,    0.0000000000E+00,    0.0000000000E+00,    0.0000000000E+00,    3.5628972619E+02
    202500,      0.676964,CP8_after_OBC,   1,    0.0000000000E+00,    3.5628972619E+02,    3.5628972619E+02,    0.0000000000E+00,    0.0000000000E+00,    0.0000000000E+00,    3.5628972619E+02
    202500,      0.676964,CP9_after_PTsource,   1,    0.0000000000E+00,    3.5628972619E+02,    3.5628972619E+02,    0.0000000000E+00,    0.0000000000E+00,    0.0000000000E+00,    3.5628972619E+02
    202500,      0.676964,CP10_after_neg_clamp,   1,    0.0000000000E+00,    3.5628972619E+02,    3.5628972619E+02,    0.0000000000E+00,    0.0000000000E+00,    0.0000000000E+00,    3.5628972619E+02
    202500,      0.676964,CP11_after_MPI,   1,    0.0000000000E+00,    3.5628972619E+02,    3.5628972619E+02,    0.0000000000E+00,    0.0000000000E+00,    0.0000000000E+00,    3.5628972619E+02
    202500,      0.676964,CP12_end,   1,    0.0000000000E+00,    3.5628972619E+02,    3.5628972619E+02,    0.0000000000E+00,    0.0000000000E+00,    0.0000000000E+00,    3.5628972619E+02
    202550,      0.676964,CP0_start,   1,    0.0000000000E+00,    3.5640112155E+02,    3.5640112155E+02,    0.0000000000E+00,    0.0000000000E+00,    0.0000000000E+00,    3.5640112155E+02
    202550,      0.676964,CP1_after_deposition,   1,    0.0000000000E+00,    3.5640112155E+02,    3.5640112155E+02,    0.0000000000E+00,    0.0000000000E+00,    0.0000000000E+00,    3.5640112155E+02
    202550,      0.676964,CP2_after_erosion,   1,    0.0000000000E+00,    3.5640112155E+02,    3.5640112155E+02,    0.0000000000E+00,    0.0000000000E+00,    0.0000000000E+00,    3.5640112155E+02
    202550,      0.676964,CP3_after_update_bottom,   1,    0.0000000000E+00,    3.5640112155E+02,    3.5640112155E+02,    0.0000000000E+00,    0.0000000000E+00,    0.0000000000E+00,    3.5640112155E+02
    202550,      0.676964,CP4_after_advection,   1,    0.0000000000E+00,    3.5638656737E+02,    3.5638656737E+02,    0.0000000000E+00,    0.0000000000E+00,    0.0000000000E+00,    3.5638656737E+02
    202550,      0.676964,CP5_after_vdif,   1,    0.0000000000E+00,    3.5638656737E+02,    3.5638656737E+02,    0.0000000000E+00,    0.0000000000E+00,    0.0000000000E+00,    3.5638656737E+02
    202550,      0.676964,CP6_after_kinetics,   1,    0.0000000000E+00,    3.5638656737E+02,    3.5638656737E+02,    0.0000000000E+00,    0.0000000000E+00,    0.0000000000E+00,    3.5638656737E+02
    202550,      0.676964,CP7_after_upper_clamp,   1,    0.0000000000E+00,    3.5638656737E+02,    3.5638656737E+02,    0.0000000000E+00,    0.0000000000E+00,    0.0000000000E+00,    3.5638656737E+02
    202550,      0.676964,CP8_after_OBC,   1,    0.0000000000E+00,    3.5638656737E+02,    3.5638656737E+02,    0.0000000000E+00,    0.0000000000E+00,    0.0000000000E+00,    3.5638656737E+02
    202550,      0.676964,CP9_after_PTsource,   1,    0.0000000000E+00,    3.5638656737E+02,    3.5638656737E+02,    0.0000000000E+00,    0.0000000000E+00,    0.0000000000E+00,    3.5638656737E+02
    202550,      0.676964,CP10_after_neg_clamp,   1,    0.0000000000E+00,    3.5638656737E+02,    3.5638656737E+02,    0.0000000000E+00,    0.0000000000E+00,    0.0000000000E+00,    3.5638656737E+02
    202550,      0.676964,CP11_after_MPI,   1,    0.0000000000E+00,    3.5638656737E+02,    3.5638656737E+02,    0.0000000000E+00,    0.0000000000E+00,    0.0000000000E+00,    3.5638656737E+02
    202550,      0.676964,CP12_end,   1,    0.0000000000E+00,    3.5638656737E+02,    3.5638656737E+02,    0.0000000000E+00,    0.0000000000E+00,    0.0000000000E+00,    3.5638656737E+02
    202600,      0.676964,CP0_start,   1,    0.0000000000E+00,    3.5650083473E+02,    3.5650083473E+02,    0.0000000000E+00,    0.0000000000E+00,    0.0000000000E+00,    3.5650083473E+02
    202600,      0.676964,CP1_after_deposition,   1,    0.0000000000E+00,    3.5650083473E+02,    3.5650083473E+02,    0.0000000000E+00,    0.0000000000E+00,    0.0000000000E+00,    3.5650083473E+02
    202600,      0.676964,CP2_after_erosion,   1,    0.0000000000E+00,    3.5650083473E+02,    3.5650083473E+02,    0.0000000000E+00,    0.0000000000E+00,    0.0000000000E+00,    3.5650083473E+02
    202600,      0.676964,CP3_after_update_bottom,   1,    0.0000000000E+00,    3.5650083473E+02,    3.5650083473E+02,    0.0000000000E+00,    0.0000000000E+00,    0.0000000000E+00,    3.5650083473E+02
    202600,      0.676964,CP4_after_advection,   1,    0.0000000000E+00,    3.5648636597E+02,    3.5648636597E+02,    0.0000000000E+00,    0.0000000000E+00,    0.0000000000E+00,    3.5648636597E+02
    202600,      0.676964,CP5_after_vdif,   1,    0.0000000000E+00,    3.5648636597E+02,    3.5648636597E+02,    0.0000000000E+00,    0.0000000000E+00,    0.0000000000E+00,    3.5648636597E+02
    202600,      0.676964,CP6_after_kinetics,   1,    0.0000000000E+00,    3.5648636597E+02,    3.5648636597E+02,    0.0000000000E+00,    0.0000000000E+00,    0.0000000000E+00,    3.5648636597E+02
    202600,      0.676964,CP7_after_upper_clamp,   1,    0.0000000000E+00,    3.5648636597E+02,    3.5648636597E+02,    0.0000000000E+00,    0.0000000000E+00,    0.0000000000E+00,    3.5648636597E+02
    202600,      0.676964,CP8_after_OBC,   1,    0.0000000000E+00,    3.5648636597E+02,    3.5648636597E+02,    0.0000000000E+00,    0.0000000000E+00,    0.0000000000E+00,    3.5648636597E+02
    202600,      0.676964,CP9_after_PTsource,   1,    0.0000000000E+00,    3.5648636597E+02,    3.5648636597E+02,    0.0000000000E+00,    0.0000000000E+00,    0.0000000000E+00,    3.5648636597E+02
    202600,      0.676964,CP10_after_neg_clamp,   1,    0.0000000000E+00,    3.5648636597E+02,    3.5648636597E+02,    0.0000000000E+00,    0.0000000000E+00,    0.0000000000E+00,    3.5648636597E+02
    202600,      0.676964,CP11_after_MPI,   1,    0.0000000000E+00,    3.5648636597E+02,    3.5648636597E+02,    0.0000000000E+00,    0.0000000000E+00,    0.0000000000E+00,    3.5648636597E+02
    202600,      0.676964,CP12_end,   1,    0.0000000000E+00,    3.5648636597E+02,    3.5648636597E+02,    0.0000000000E+00,    0.0000000000E+00,    0.0000000000E+00,    3.5648636597E+02
    202650,      0.676964,CP0_start,   1,    0.0000000000E+00,    3.5660519353E+02,    3.5660519353E+02,    0.0000000000E+00,    0.0000000000E+00,    0.0000000000E+00,    3.5660519353E+02
    202650,      0.676964,CP1_after_deposition,   1,    0.0000000000E+00,    3.5660519353E+02,    3.5660519353E+02,    0.0000000000E+00,    0.0000000000E+00,    0.0000000000E+00,    3.5660519353E+02
    202650,      0.676964,CP2_after_erosion,   1,    0.0000000000E+00,    3.5660519353E+02,    3.5660519353E+02,    0.0000000000E+00,    0.0000000000E+00,    0.0000000000E+00,    3.5660519353E+02
    202650,      0.676964,CP3_after_update_bottom,   1,    0.0000000000E+00,    3.5660519353E+02,    3.5660519353E+02,    0.0000000000E+00,    0.0000000000E+00,    0.0000000000E+00,    3.5660519353E+02
    202650,      0.676964,CP4_after_advection,   1,    0.0000000000E+00,    3.5659083040E+02,    3.5659083040E+02,    0.0000000000E+00,    0.0000000000E+00,    0.0000000000E+00,    3.5659083040E+02
    202650,      0.676964,CP5_after_vdif,   1,    0.0000000000E+00,    3.5659083040E+02,    3.5659083040E+02,    0.0000000000E+00,    0.0000000000E+00,    0.0000000000E+00,    3.5659083040E+02
    202650,      0.676964,CP6_after_kinetics,   1,    0.0000000000E+00,    3.5659083040E+02,    3.5659083040E+02,    0.0000000000E+00,    0.0000000000E+00,    0.0000000000E+00,    3.5659083040E+02
    202650,      0.676964,CP7_after_upper_clamp,   1,    0.0000000000E+00,    3.5659083040E+02,    3.5659083040E+02,    0.0000000000E+00,    0.0000000000E+00,    0.0000000000E+00,    3.5659083040E+02
    202650,      0.676964,CP8_after_OBC,   1,    0.0000000000E+00,    3.5659083040E+02,    3.5659083040E+02,    0.0000000000E+00,    0.0000000000E+00,    0.0000000000E+00,    3.5659083040E+02
    202650,      0.676964,CP9_after_PTsource,   1,    0.0000000000E+00,    3.5659083040E+02,    3.5659083040E+02,    0.0000000000E+00,    0.0000000000E+00,    0.0000000000E+00,    3.5659083040E+02
    202650,      0.676964,CP10_after_neg_clamp,   1,    0.0000000000E+00,    3.5659083040E+02,    3.5659083040E+02,    0.0000000000E+00,    0.0000000000E+00,    0.0000000000E+00,    3.5659083040E+02
    202650,      0.676964,CP11_after_MPI,   1,    0.0000000000E+00,    3.5659083040E+02,    3.5659083040E+02,    0.0000000000E+00,    0.0000000000E+00,    0.0000000000E+00,    3.5659083040E+02
    202650,      0.676964,CP12_end,   1,    0.0000000000E+00,    3.5659083040E+02,    3.5659083040E+02,    0.0000000000E+00,    0.0000000000E+00,    0.0000000000E+00,    3.5659083040E+02
    202700,      0.676964,CP0_start,   1,    0.0000000000E+00,    3.5671494087E+02,    3.5671494087E+02,    0.0000000000E+00,    0.0000000000E+00,    0.0000000000E+00,    3.5671494087E+02
    202700,      0.676964,CP1_after_deposition,   1,    0.0000000000E+00,    3.5671494087E+02,    3.5671494087E+02,    0.0000000000E+00,    0.0000000000E+00,    0.0000000000E+00,    3.5671494087E+02
    202700,      0.676964,CP2_after_erosion,   1,    0.0000000000E+00,    3.5671494087E+02,    3.5671494087E+02,    0.0000000000E+00,    0.0000000000E+00,    0.0000000000E+00,    3.5671494087E+02
    202700,      0.676964,CP3_after_update_bottom,   1,    0.0000000000E+00,    3.5671494087E+02,    3.5671494087E+02,    0.0000000000E+00,    0.0000000000E+00,    0.0000000000E+00,    3.5671494087E+02
    202700,      0.676964,CP4_after_advection,   1,    0.0000000000E+00,    3.5670070231E+02,    3.5670070231E+02,    0.0000000000E+00,    0.0000000000E+00,    0.0000000000E+00,    3.5670070231E+02
    202700,      0.676964,CP5_after_vdif,   1,    0.0000000000E+00,    3.5670070231E+02,    3.5670070231E+02,    0.0000000000E+00,    0.0000000000E+00,    0.0000000000E+00,    3.5670070231E+02
    202700,      0.676964,CP6_after_kinetics,   1,    0.0000000000E+00,    3.5670070231E+02,    3.5670070231E+02,    0.0000000000E+00,    0.0000000000E+00,    0.0000000000E+00,    3.5670070231E+02
    202700,      0.676964,CP7_after_upper_clamp,   1,    0.0000000000E+00,    3.5670070231E+02,    3.5670070231E+02,    0.0000000000E+00,    0.0000000000E+00,    0.0000000000E+00,    3.5670070231E+02
    202700,      0.676964,CP8_after_OBC,   1,    0.0000000000E+00,    3.5670070231E+02,    3.5670070231E+02,    0.0000000000E+00,    0.0000000000E+00,    0.0000000000E+00,    3.5670070231E+02
    202700,      0.676964,CP9_after_PTsource,   1,    0.0000000000E+00,    3.5670070231E+02,    3.5670070231E+02,    0.0000000000E+00,    0.0000000000E+00,    0.0000000000E+00,    3.5670070231E+02
    202700,      0.676964,CP10_after_neg_clamp,   1,    0.0000000000E+00,    3.5670070231E+02,    3.5670070231E+02,    0.0000000000E+00,    0.0000000000E+00,    0.0000000000E+00,    3.5670070231E+02
    202700,      0.676964,CP11_after_MPI,   1,    0.0000000000E+00,    3.5670070231E+02,    3.5670070231E+02,    0.0000000000E+00,    0.0000000000E+00,    0.0000000000E+00,    3.5670070231E+02
    202700,      0.676964,CP12_end,   1,    0.0000000000E+00,    3.5670070231E+02,    3.5670070231E+02,    0.0000000000E+00,    0.0000000000E+00,    0.0000000000E+00,    3.5670070231E+02
    202750,      0.676964,CP0_start,   1,    0.0000000000E+00,    3.5683057905E+02,    3.5683057905E+02,    0.0000000000E+00,    0.0000000000E+00,    0.0000000000E+00,    3.5683057905E+02
    202750,      0.676964,CP1_after_deposition,   1,    0.0000000000E+00,    3.5683057905E+02,    3.5683057905E+02,    0.0000000000E+00,    0.0000000000E+00,    0.0000000000E+00,    3.5683057905E+02
    202750,      0.676964,CP2_after_erosion,   1,    0.0000000000E+00,    3.5683057905E+02,    3.5683057905E+02,    0.0000000000E+00,    0.0000000000E+00,    0.0000000000E+00,    3.5683057905E+02
    202750,      0.676964,CP3_after_update_bottom,   1,    0.0000000000E+00,    3.5683057905E+02,    3.5683057905E+02,    0.0000000000E+00,    0.0000000000E+00,    0.0000000000E+00,    3.5683057905E+02
    202750,      0.676964,CP4_after_advection,   1,    0.0000000000E+00,    3.5681646643E+02,    3.5681646643E+02,    0.0000000000E+00,    0.0000000000E+00,    0.0000000000E+00,    3.5681646643E+02
    202750,      0.676964,CP5_after_vdif,   1,    0.0000000000E+00,    3.5681646643E+02,    3.5681646643E+02,    0.0000000000E+00,    0.0000000000E+00,    0.0000000000E+00,    3.5681646643E+02
    202750,      0.676964,CP6_after_kinetics,   1,    0.0000000000E+00,    3.5681646643E+02,    3.5681646643E+02,    0.0000000000E+00,    0.0000000000E+00,    0.0000000000E+00,    3.5681646643E+02
    202750,      0.676964,CP7_after_upper_clamp,   1,    0.0000000000E+00,    3.5681646643E+02,    3.5681646643E+02,    0.0000000000E+00,    0.0000000000E+00,    0.0000000000E+00,    3.5681646643E+02
    202750,      0.676964,CP8_after_OBC,   1,    0.0000000000E+00,    3.5681646643E+02,    3.5681646643E+02,    0.0000000000E+00,    0.0000000000E+00,    0.0000000000E+00,    3.5681646643E+02
    202750,      0.676964,CP9_after_PTsource,   1,    0.0000000000E+00,    3.5681646643E+02,    3.5681646643E+02,    0.0000000000E+00,    0.0000000000E+00,    0.0000000000E+00,    3.5681646643E+02
    202750,      0.676964,CP10_after_neg_clamp,   1,    0.0000000000E+00,    3.5681646643E+02,    3.5681646643E+02,    0.0000000000E+00,    0.0000000000E+00,    0.0000000000E+00,    3.5681646643E+02
    202750,      0.676964,CP11_after_MPI,   1,    0.0000000000E+00,    3.5681646643E+02,    3.5681646643E+02,    0.0000000000E+00,    0.0000000000E+00,    0.0000000000E+00,    3.5681646643E+02
    202750,      0.676964,CP12_end,   1,    0.0000000000E+00,    3.5681646643E+02,    3.5681646643E+02,    0.0000000000E+00,    0.0000000000E+00,    0.0000000000E+00,    3.5681646643E+02
    202800,      0.676964,CP0_start,   1,    0.0000000000E+00,    3.5695175832E+02,    3.5695175832E+02,    0.0000000000E+00,    0.0000000000E+00,    0.0000000000E+00,    3.5695175832E+02
    202800,      0.676964,CP1_after_deposition,   1,    0.0000000000E+00,    3.5695175832E+02,    3.5695175832E+02,    0.0000000000E+00,    0.0000000000E+00,    0.0000000000E+00,    3.5695175832E+02
    202800,      0.676964,CP2_after_erosion,   1,    0.0000000000E+00,    3.5695175832E+02,    3.5695175832E+02,    0.0000000000E+00,    0.0000000000E+00,    0.0000000000E+00,    3.5695175832E+02
    202800,      0.676964,CP3_after_update_bottom,   1,    0.0000000000E+00,    3.5695175832E+02,    3.5695175832E+02,    0.0000000000E+00,    0.0000000000E+00,    0.0000000000E+00,    3.5695175832E+02
    202800,      0.676964,CP4_after_advection,   1,    0.0000000000E+00,    3.5693776461E+02,    3.5693776461E+02,    0.0000000000E+00,    0.0000000000E+00,    0.0000000000E+00,    3.5693776461E+02
    202800,      0.676964,CP5_after_vdif,   1,    0.0000000000E+00,    3.5693776461E+02,    3.5693776461E+02,    0.0000000000E+00,    0.0000000000E+00,    0.0000000000E+00,    3.5693776461E+02
    202800,      0.676964,CP6_after_kinetics,   1,    0.0000000000E+00,    3.5693776461E+02,    3.5693776461E+02,    0.0000000000E+00,    0.0000000000E+00,    0.0000000000E+00,    3.5693776461E+02
    202800,      0.676964,CP7_after_upper_clamp,   1,    0.0000000000E+00,    3.5693776461E+02,    3.5693776461E+02,    0.0000000000E+00,    0.0000000000E+00,    0.0000000000E+00,    3.5693776461E+02
    202800,      0.676964,CP8_after_OBC,   1,    0.0000000000E+00,    3.5693776461E+02,    3.5693776461E+02,    0.0000000000E+00,    0.0000000000E+00,    0.0000000000E+00,    3.5693776461E+02
    202800,      0.676964,CP9_after_PTsource,   1,    0.0000000000E+00,    3.5693776461E+02,    3.5693776461E+02,    0.0000000000E+00,    0.0000000000E+00,    0.0000000000E+00,    3.5693776461E+02
    202800,      0.676964,CP10_after_neg_clamp,   1,    0.0000000000E+00,    3.5693776461E+02,    3.5693776461E+02,    0.0000000000E+00,    0.0000000000E+00,    0.0000000000E+00,    3.5693776461E+02
    202800,      0.676964,CP11_after_MPI,   1,    0.0000000000E+00,    3.5693776461E+02,    3.5693776461E+02,    0.0000000000E+00,    0.0000000000E+00,    0.0000000000E+00,    3.5693776461E+02
    202800,      0.676964,CP12_end,   1,    0.0000000000E+00,    3.5693776461E+02,    3.5693776461E+02,    0.0000000000E+00,    0.0000000000E+00,    0.0000000000E+00,    3.5693776461E+02
    202850,      0.676964,CP0_start,   1,    0.0000000000E+00,    3.5707775001E+02,    3.5707775001E+02,    0.0000000000E+00,    0.0000000000E+00,    0.0000000000E+00,    3.5707775001E+02
    202850,      0.676964,CP1_after_deposition,   1,    0.0000000000E+00,    3.5707775001E+02,    3.5707775001E+02,    0.0000000000E+00,    0.0000000000E+00,    0.0000000000E+00,    3.5707775001E+02
    202850,      0.676964,CP2_after_erosion,   1,    0.0000000000E+00,    3.5707775001E+02,    3.5707775001E+02,    0.0000000000E+00,    0.0000000000E+00,    0.0000000000E+00,    3.5707775001E+02
    202850,      0.676964,CP3_after_update_bottom,   1,    0.0000000000E+00,    3.5707775001E+02,    3.5707775001E+02,    0.0000000000E+00,    0.0000000000E+00,    0.0000000000E+00,    3.5707775001E+02
    202850,      0.676964,CP4_after_advection,   1,    0.0000000000E+00,    3.5706386483E+02,    3.5706386483E+02,    0.0000000000E+00,    0.0000000000E+00,    0.0000000000E+00,    3.5706386483E+02
    202850,      0.676964,CP5_after_vdif,   1,    0.0000000000E+00,    3.5706386483E+02,    3.5706386483E+02,    0.0000000000E+00,    0.0000000000E+00,    0.0000000000E+00,    3.5706386483E+02
    202850,      0.676964,CP6_after_kinetics,   1,    0.0000000000E+00,    3.5706386483E+02,    3.5706386483E+02,    0.0000000000E+00,    0.0000000000E+00,    0.0000000000E+00,    3.5706386483E+02
    202850,      0.676964,CP7_after_upper_clamp,   1,    0.0000000000E+00,    3.5706386483E+02,    3.5706386483E+02,    0.0000000000E+00,    0.0000000000E+00,    0.0000000000E+00,    3.5706386483E+02
    202850,      0.676964,CP8_after_OBC,   1,    0.0000000000E+00,    3.5706386483E+02,    3.5706386483E+02,    0.0000000000E+00,    0.0000000000E+00,    0.0000000000E+00,    3.5706386483E+02
    202850,      0.676964,CP9_after_PTsource,   1,    0.0000000000E+00,    3.5706386483E+02,    3.5706386483E+02,    0.0000000000E+00,    0.0000000000E+00,    0.0000000000E+00,    3.5706386483E+02
    202850,      0.676964,CP10_after_neg_clamp,   1,    0.0000000000E+00,    3.5706386483E+02,    3.5706386483E+02,    0.0000000000E+00,    0.0000000000E+00,    0.0000000000E+00,    3.5706386483E+02
    202850,      0.676964,CP11_after_MPI,   1,    0.0000000000E+00,    3.5706386483E+02,    3.5706386483E+02,    0.0000000000E+00,    0.0000000000E+00,    0.0000000000E+00,    3.5706386483E+02
    202850,      0.676964,CP12_end,   1,    0.0000000000E+00,    3.5706386483E+02,    3.5706386483E+02,    0.0000000000E+00,    0.0000000000E+00,    0.0000000000E+00,    3.5706386483E+02
    202900,      0.676964,CP0_start,   1,    0.0000000000E+00,    3.5720799937E+02,    3.5720799937E+02,    0.0000000000E+00,    0.0000000000E+00,    0.0000000000E+00,    3.5720799937E+02
    202900,      0.676964,CP1_after_deposition,   1,    0.0000000000E+00,    3.5720799937E+02,    3.5720799937E+02,    0.0000000000E+00,    0.0000000000E+00,    0.0000000000E+00,    3.5720799937E+02
    202900,      0.676964,CP2_after_erosion,   1,    0.0000000000E+00,    3.5720799937E+02,    3.5720799937E+02,    0.0000000000E+00,    0.0000000000E+00,    0.0000000000E+00,    3.5720799937E+02
    202900,      0.676964,CP3_after_update_bottom,   1,    0.0000000000E+00,    3.5720799937E+02,    3.5720799937E+02,    0.0000000000E+00,    0.0000000000E+00,    0.0000000000E+00,    3.5720799937E+02
    202900,      0.676964,CP4_after_advection,   1,    0.0000000000E+00,    3.5719421315E+02,    3.5719421315E+02,    0.0000000000E+00,    0.0000000000E+00,    0.0000000000E+00,    3.5719421315E+02
    202900,      0.676964,CP5_after_vdif,   1,    0.0000000000E+00,    3.5719421315E+02,    3.5719421315E+02,    0.0000000000E+00,    0.0000000000E+00,    0.0000000000E+00,    3.5719421315E+02
    202900,      0.676964,CP6_after_kinetics,   1,    0.0000000000E+00,    3.5719421315E+02,    3.5719421315E+02,    0.0000000000E+00,    0.0000000000E+00,    0.0000000000E+00,    3.5719421315E+02
    202900,      0.676964,CP7_after_upper_clamp,   1,    0.0000000000E+00,    3.5719421315E+02,    3.5719421315E+02,    0.0000000000E+00,    0.0000000000E+00,    0.0000000000E+00,    3.5719421315E+02
    202900,      0.676964,CP8_after_OBC,   1,    0.0000000000E+00,    3.5719421315E+02,    3.5719421315E+02,    0.0000000000E+00,    0.0000000000E+00,    0.0000000000E+00,    3.5719421315E+02
    202900,      0.676964,CP9_after_PTsource,   1,    0.0000000000E+00,    3.5719421315E+02,    3.5719421315E+02,    0.0000000000E+00,    0.0000000000E+00,    0.0000000000E+00,    3.5719421315E+02
    202900,      0.676964,CP10_after_neg_clamp,   1,    0.0000000000E+00,    3.5719421315E+02,    3.5719421315E+02,    0.0000000000E+00,    0.0000000000E+00,    0.0000000000E+00,    3.5719421315E+02
    202900,      0.676964,CP11_after_MPI,   1,    0.0000000000E+00,    3.5719421315E+02,    3.5719421315E+02,    0.0000000000E+00,    0.0000000000E+00,    0.0000000000E+00,    3.5719421315E+02
    202900,      0.676964,CP12_end,   1,    0.0000000000E+00,    3.5719421315E+02,    3.5719421315E+02,    0.0000000000E+00,    0.0000000000E+00,    0.0000000000E+00,    3.5719421315E+02
    202950,      0.676964,CP0_start,   1,    0.0000000000E+00,    3.5734116113E+02,    3.5734116113E+02,    0.0000000000E+00,    0.0000000000E+00,    0.0000000000E+00,    3.5734116113E+02
    202950,      0.676964,CP1_after_deposition,   1,    0.0000000000E+00,    3.5734116113E+02,    3.5734116113E+02,    0.0000000000E+00,    0.0000000000E+00,    0.0000000000E+00,    3.5734116113E+02
    202950,      0.676964,CP2_after_erosion,   1,    0.0000000000E+00,    3.5734116113E+02,    3.5734116113E+02,    0.0000000000E+00,    0.0000000000E+00,    0.0000000000E+00,    3.5734116113E+02
    202950,      0.676964,CP3_after_update_bottom,   1,    0.0000000000E+00,    3.5734116113E+02,    3.5734116113E+02,    0.0000000000E+00,    0.0000000000E+00,    0.0000000000E+00,    3.5734116113E+02
    202950,      0.676964,CP4_after_advection,   1,    0.0000000000E+00,    3.5732744971E+02,    3.5732744971E+02,    0.0000000000E+00,    0.0000000000E+00,    0.0000000000E+00,    3.5732744971E+02
    202950,      0.676964,CP5_after_vdif,   1,    0.0000000000E+00,    3.5732744971E+02,    3.5732744971E+02,    0.0000000000E+00,    0.0000000000E+00,    0.0000000000E+00,    3.5732744971E+02
    202950,      0.676964,CP6_after_kinetics,   1,    0.0000000000E+00,    3.5732744971E+02,    3.5732744971E+02,    0.0000000000E+00,    0.0000000000E+00,    0.0000000000E+00,    3.5732744971E+02
    202950,      0.676964,CP7_after_upper_clamp,   1,    0.0000000000E+00,    3.5732744971E+02,    3.5732744971E+02,    0.0000000000E+00,    0.0000000000E+00,    0.0000000000E+00,    3.5732744971E+02
    202950,      0.676964,CP8_after_OBC,   1,    0.0000000000E+00,    3.5732744971E+02,    3.5732744971E+02,    0.0000000000E+00,    0.0000000000E+00,    0.0000000000E+00,    3.5732744971E+02
    202950,      0.676964,CP9_after_PTsource,   1,    0.0000000000E+00,    3.5732744971E+02,    3.5732744971E+02,    0.0000000000E+00,    0.0000000000E+00,    0.0000000000E+00,    3.5732744971E+02
    202950,      0.676964,CP10_after_neg_clamp,   1,    0.0000000000E+00,    3.5732744971E+02,    3.5732744971E+02,    0.0000000000E+00,    0.0000000000E+00,    0.0000000000E+00,    3.5732744971E+02
    202950,      0.676964,CP11_after_MPI,   1,    0.0000000000E+00,    3.5732744971E+02,    3.5732744971E+02,    0.0000000000E+00,    0.0000000000E+00,    0.0000000000E+00,    3.5732744971E+02
    202950,      0.676964,CP12_end,   1,    0.0000000000E+00,    3.5732744971E+02,    3.5732744971E+02,    0.0000000000E+00,    0.0000000000E+00,    0.0000000000E+00,    3.5732744971E+02
    203000,      0.676964,CP0_start,   1,    0.0000000000E+00,    3.5747543156E+02,    3.5747543156E+02,    0.0000000000E+00,    0.0000000000E+00,    0.0000000000E+00,    3.5747543156E+02
    203000,      0.676964,CP1_after_deposition,   1,    0.0000000000E+00,    3.5747543156E+02,    3.5747543156E+02,    0.0000000000E+00,    0.0000000000E+00,    0.0000000000E+00,    3.5747543156E+02
    203000,      0.676964,CP2_after_erosion,   1,    0.0000000000E+00,    3.5747543156E+02,    3.5747543156E+02,    0.0000000000E+00,    0.0000000000E+00,    0.0000000000E+00,    3.5747543156E+02
    203000,      0.676964,CP3_after_update_bottom,   1,    0.0000000000E+00,    3.5747543156E+02,    3.5747543156E+02,    0.0000000000E+00,    0.0000000000E+00,    0.0000000000E+00,    3.5747543156E+02
    203000,      0.676964,CP4_after_advection,   1,    0.0000000000E+00,    3.5746173821E+02,    3.5746173821E+02,    0.0000000000E+00,    0.0000000000E+00,    0.0000000000E+00,    3.5746173821E+02
    203000,      0.676964,CP5_after_vdif,   1,    0.0000000000E+00,    3.5746173821E+02,    3.5746173821E+02,    0.0000000000E+00,    0.0000000000E+00,    0.0000000000E+00,    3.5746173821E+02
    203000,      0.676964,CP6_after_kinetics,   1,    0.0000000000E+00,    3.5746173821E+02,    3.5746173821E+02,    0.0000000000E+00,    0.0000000000E+00,    0.0000000000E+00,    3.5746173821E+02
    203000,      0.676964,CP7_after_upper_clamp,   1,    0.0000000000E+00,    3.5746173821E+02,    3.5746173821E+02,    0.0000000000E+00,    0.0000000000E+00,    0.0000000000E+00,    3.5746173821E+02
    203000,      0.676964,CP8_after_OBC,   1,    0.0000000000E+00,    3.5746173821E+02,    3.5746173821E+02,    0.0000000000E+00,    0.0000000000E+00,    0.0000000000E+00,    3.5746173821E+02
    203000,      0.676964,CP9_after_PTsource,   1,    0.0000000000E+00,    3.5746173821E+02,    3.5746173821E+02,    0.0000000000E+00,    0.0000000000E+00,    0.0000000000E+00,    3.5746173821E+02
    203000,      0.676964,CP10_after_neg_clamp,   1,    0.0000000000E+00,    3.5746173821E+02,    3.5746173821E+02,    0.0000000000E+00,    0.0000000000E+00,    0.0000000000E+00,    3.5746173821E+02
    203000,      0.676964,CP11_after_MPI,   1,    0.0000000000E+00,    3.5746173821E+02,    3.5746173821E+02,    0.0000000000E+00,    0.0000000000E+00,    0.0000000000E+00,    3.5746173821E+02
    203000,      0.676964,CP12_end,   1,    0.0000000000E+00,    3.5746173821E+02,    3.5746173821E+02,    0.0000000000E+00,    0.0000000000E+00,    0.0000000000E+00,    3.5746173821E+02
    203050,      0.676964,CP0_start,   1,    0.0000000000E+00,    3.5760851397E+02,    3.5760851397E+02,    0.0000000000E+00,    0.0000000000E+00,    0.0000000000E+00,    3.5760851397E+02
    203050,      0.676964,CP1_after_deposition,   1,    0.0000000000E+00,    3.5760851397E+02,    3.5760851397E+02,    0.0000000000E+00,    0.0000000000E+00,    0.0000000000E+00,    3.5760851397E+02
    203050,      0.676964,CP2_after_erosion,   1,    0.0000000000E+00,    3.5760851397E+02,    3.5760851397E+02,    0.0000000000E+00,    0.0000000000E+00,    0.0000000000E+00,    3.5760851397E+02
    203050,      0.676964,CP3_after_update_bottom,   1,    0.0000000000E+00,    3.5760851397E+02,    3.5760851397E+02,    0.0000000000E+00,    0.0000000000E+00,    0.0000000000E+00,    3.5760851397E+02
    203050,      0.676964,CP4_after_advection,   1,    0.0000000000E+00,    3.5759481251E+02,    3.5759481251E+02,    0.0000000000E+00,    0.0000000000E+00,    0.0000000000E+00,    3.5759481251E+02
    203050,      0.676964,CP5_after_vdif,   1,    0.0000000000E+00,    3.5759481251E+02,    3.5759481251E+02,    0.0000000000E+00,    0.0000000000E+00,    0.0000000000E+00,    3.5759481251E+02
    203050,      0.676964,CP6_after_kinetics,   1,    0.0000000000E+00,    3.5759481251E+02,    3.5759481251E+02,    0.0000000000E+00,    0.0000000000E+00,    0.0000000000E+00,    3.5759481251E+02
    203050,      0.676964,CP7_after_upper_clamp,   1,    0.0000000000E+00,    3.5759481251E+02,    3.5759481251E+02,    0.0000000000E+00,    0.0000000000E+00,    0.0000000000E+00,    3.5759481251E+02
    203050,      0.676964,CP8_after_OBC,   1,    0.0000000000E+00,    3.5759481251E+02,    3.5759481251E+02,    0.0000000000E+00,    0.0000000000E+00,    0.0000000000E+00,    3.5759481251E+02
    203050,      0.676964,CP9_after_PTsource,   1,    0.0000000000E+00,    3.5759481251E+02,    3.5759481251E+02,    0.0000000000E+00,    0.0000000000E+00,    0.0000000000E+00,    3.5759481251E+02
    203050,      0.676964,CP10_after_neg_clamp,   1,    0.0000000000E+00,    3.5759481251E+02,    3.5759481251E+02,    0.0000000000E+00,    0.0000000000E+00,    0.0000000000E+00,    3.5759481251E+02
    203050,      0.676964,CP11_after_MPI,   1,    0.0000000000E+00,    3.5759481251E+02,    3.5759481251E+02,    0.0000000000E+00,    0.0000000000E+00,    0.0000000000E+00,    3.5759481251E+02
    203050,      0.676964,CP12_end,   1,    0.0000000000E+00,    3.5759481251E+02,    3.5759481251E+02,    0.0000000000E+00,    0.0000000000E+00,    0.0000000000E+00,    3.5759481251E+02
    203100,      0.676964,CP0_start,   1,    0.0000000000E+00,    3.5773884543E+02,    3.5773884543E+02,    0.0000000000E+00,    0.0000000000E+00,    0.0000000000E+00,    3.5773884543E+02
    203100,      0.676964,CP1_after_deposition,   1,    0.0000000000E+00,    3.5773884543E+02,    3.5773884543E+02,    0.0000000000E+00,    0.0000000000E+00,    0.0000000000E+00,    3.5773884543E+02
    203100,      0.676964,CP2_after_erosion,   1,    0.0000000000E+00,    3.5773884543E+02,    3.5773884543E+02,    0.0000000000E+00,    0.0000000000E+00,    0.0000000000E+00,    3.5773884543E+02
    203100,      0.676964,CP3_after_update_bottom,   1,    0.0000000000E+00,    3.5773884543E+02,    3.5773884543E+02,    0.0000000000E+00,    0.0000000000E+00,    0.0000000000E+00,    3.5773884543E+02
    203100,      0.676964,CP4_after_advection,   1,    0.0000000000E+00,    3.5772512400E+02,    3.5772512400E+02,    0.0000000000E+00,    0.0000000000E+00,    0.0000000000E+00,    3.5772512400E+02
    203100,      0.676964,CP5_after_vdif,   1,    0.0000000000E+00,    3.5772512400E+02,    3.5772512400E+02,    0.0000000000E+00,    0.0000000000E+00,    0.0000000000E+00,    3.5772512400E+02
    203100,      0.676964,CP6_after_kinetics,   1,    0.0000000000E+00,    3.5772512400E+02,    3.5772512400E+02,    0.0000000000E+00,    0.0000000000E+00,    0.0000000000E+00,    3.5772512400E+02
    203100,      0.676964,CP7_after_upper_clamp,   1,    0.0000000000E+00,    3.5772512400E+02,    3.5772512400E+02,    0.0000000000E+00,    0.0000000000E+00,    0.0000000000E+00,    3.5772512400E+02
    203100,      0.676964,CP8_after_OBC,   1,    0.0000000000E+00,    3.5772512400E+02,    3.5772512400E+02,    0.0000000000E+00,    0.0000000000E+00,    0.0000000000E+00,    3.5772512400E+02
    203100,      0.676964,CP9_after_PTsource,   1,    0.0000000000E+00,    3.5772512400E+02,    3.5772512400E+02,    0.0000000000E+00,    0.0000000000E+00,    0.0000000000E+00,    3.5772512400E+02
    203100,      0.676964,CP10_after_neg_clamp,   1,    0.0000000000E+00,    3.5772512400E+02,    3.5772512400E+02,    0.0000000000E+00,    0.0000000000E+00,    0.0000000000E+00,    3.5772512400E+02
    203100,      0.676964,CP11_after_MPI,   1,    0.0000000000E+00,    3.5772512400E+02,    3.5772512400E+02,    0.0000000000E+00,    0.0000000000E+00,    0.0000000000E+00,    3.5772512400E+02
    203100,      0.676964,CP12_end,   1,    0.0000000000E+00,    3.5772512400E+02,    3.5772512400E+02,    0.0000000000E+00,    0.0000000000E+00,    0.0000000000E+00,    3.5772512400E+02
    203150,      0.676964,CP0_start,   1,    0.0000000000E+00,    3.5786537494E+02,    3.5786537494E+02,    0.0000000000E+00,    0.0000000000E+00,    0.0000000000E+00,    3.5786537494E+02
    203150,      0.676964,CP1_after_deposition,   1,    0.0000000000E+00,    3.5786537494E+02,    3.5786537494E+02,    0.0000000000E+00,    0.0000000000E+00,    0.0000000000E+00,    3.5786537494E+02
    203150,      0.676964,CP2_after_erosion,   1,    0.0000000000E+00,    3.5786537494E+02,    3.5786537494E+02,    0.0000000000E+00,    0.0000000000E+00,    0.0000000000E+00,    3.5786537494E+02
    203150,      0.676964,CP3_after_update_bottom,   1,    0.0000000000E+00,    3.5786537494E+02,    3.5786537494E+02,    0.0000000000E+00,    0.0000000000E+00,    0.0000000000E+00,    3.5786537494E+02
    203150,      0.676964,CP4_after_advection,   1,    0.0000000000E+00,    3.5785161334E+02,    3.5785161334E+02,    0.0000000000E+00,    0.0000000000E+00,    0.0000000000E+00,    3.5785161334E+02
    203150,      0.676964,CP5_after_vdif,   1,    0.0000000000E+00,    3.5785161334E+02,    3.5785161334E+02,    0.0000000000E+00,    0.0000000000E+00,    0.0000000000E+00,    3.5785161334E+02
    203150,      0.676964,CP6_after_kinetics,   1,    0.0000000000E+00,    3.5785161334E+02,    3.5785161334E+02,    0.0000000000E+00,    0.0000000000E+00,    0.0000000000E+00,    3.5785161334E+02
    203150,      0.676964,CP7_after_upper_clamp,   1,    0.0000000000E+00,    3.5785161334E+02,    3.5785161334E+02,    0.0000000000E+00,    0.0000000000E+00,    0.0000000000E+00,    3.5785161334E+02
    203150,      0.676964,CP8_after_OBC,   1,    0.0000000000E+00,    3.5785161334E+02,    3.5785161334E+02,    0.0000000000E+00,    0.0000000000E+00,    0.0000000000E+00,    3.5785161334E+02
    203150,      0.676964,CP9_after_PTsource,   1,    0.0000000000E+00,    3.5785161334E+02,    3.5785161334E+02,    0.0000000000E+00,    0.0000000000E+00,    0.0000000000E+00,    3.5785161334E+02
    203150,      0.676964,CP10_after_neg_clamp,   1,    0.0000000000E+00,    3.5785161334E+02,    3.5785161334E+02,    0.0000000000E+00,    0.0000000000E+00,    0.0000000000E+00,    3.5785161334E+02
    203150,      0.676964,CP11_after_MPI,   1,    0.0000000000E+00,    3.5785161334E+02,    3.5785161334E+02,    0.0000000000E+00,    0.0000000000E+00,    0.0000000000E+00,    3.5785161334E+02
    203150,      0.676964,CP12_end,   1,    0.0000000000E+00,    3.5785161334E+02,    3.5785161334E+02,    0.0000000000E+00,    0.0000000000E+00,    0.0000000000E+00,    3.5785161334E+02
    203200,      0.676964,CP0_start,   1,    0.0000000000E+00,    3.5798768425E+02,    3.5798768425E+02,    0.0000000000E+00,    0.0000000000E+00,    0.0000000000E+00,    3.5798768425E+02
    203200,      0.676964,CP1_after_deposition,   1,    0.0000000000E+00,    3.5798768425E+02,    3.5798768425E+02,    0.0000000000E+00,    0.0000000000E+00,    0.0000000000E+00,    3.5798768425E+02
    203200,      0.676964,CP2_after_erosion,   1,    0.0000000000E+00,    3.5798768425E+02,    3.5798768425E+02,    0.0000000000E+00,    0.0000000000E+00,    0.0000000000E+00,    3.5798768425E+02
    203200,      0.676964,CP3_after_update_bottom,   1,    0.0000000000E+00,    3.5798768425E+02,    3.5798768425E+02,    0.0000000000E+00,    0.0000000000E+00,    0.0000000000E+00,    3.5798768425E+02
    203200,      0.676964,CP4_after_advection,   1,    0.0000000000E+00,    3.5797387757E+02,    3.5797387757E+02,    0.0000000000E+00,    0.0000000000E+00,    0.0000000000E+00,    3.5797387757E+02
    203200,      0.676964,CP5_after_vdif,   1,    0.0000000000E+00,    3.5797387757E+02,    3.5797387757E+02,    0.0000000000E+00,    0.0000000000E+00,    0.0000000000E+00,    3.5797387757E+02
    203200,      0.676964,CP6_after_kinetics,   1,    0.0000000000E+00,    3.5797387757E+02,    3.5797387757E+02,    0.0000000000E+00,    0.0000000000E+00,    0.0000000000E+00,    3.5797387757E+02
    203200,      0.676964,CP7_after_upper_clamp,   1,    0.0000000000E+00,    3.5797387757E+02,    3.5797387757E+02,    0.0000000000E+00,    0.0000000000E+00,    0.0000000000E+00,    3.5797387757E+02
    203200,      0.676964,CP8_after_OBC,   1,    0.0000000000E+00,    3.5797387757E+02,    3.5797387757E+02,    0.0000000000E+00,    0.0000000000E+00,    0.0000000000E+00,    3.5797387757E+02
    203200,      0.676964,CP9_after_PTsource,   1,    0.0000000000E+00,    3.5797387757E+02,    3.5797387757E+02,    0.0000000000E+00,    0.0000000000E+00,    0.0000000000E+00,    3.5797387757E+02
    203200,      0.676964,CP10_after_neg_clamp,   1,    0.0000000000E+00,    3.5797387757E+02,    3.5797387757E+02,    0.0000000000E+00,    0.0000000000E+00,    0.0000000000E+00,    3.5797387757E+02
    203200,      0.676964,CP11_after_MPI,   1,    0.0000000000E+00,    3.5797387757E+02,    3.5797387757E+02,    0.0000000000E+00,    0.0000000000E+00,    0.0000000000E+00,    3.5797387757E+02
    203200,      0.676964,CP12_end,   1,    0.0000000000E+00,    3.5797387757E+02,    3.5797387757E+02,    0.0000000000E+00,    0.0000000000E+00,    0.0000000000E+00,    3.5797387757E+02
    203250,      0.676964,CP0_start,   1,    0.0000000000E+00,    3.5810570380E+02,    3.5810570380E+02,    0.0000000000E+00,    0.0000000000E+00,    0.0000000000E+00,    3.5810570380E+02
    203250,      0.676964,CP1_after_deposition,   1,    0.0000000000E+00,    3.5810570380E+02,    3.5810570380E+02,    0.0000000000E+00,    0.0000000000E+00,    0.0000000000E+00,    3.5810570380E+02
    203250,      0.676964,CP2_after_erosion,   1,    0.0000000000E+00,    3.5810570380E+02,    3.5810570380E+02,    0.0000000000E+00,    0.0000000000E+00,    0.0000000000E+00,    3.5810570380E+02
    203250,      0.676964,CP3_after_update_bottom,   1,    0.0000000000E+00,    3.5810570380E+02,    3.5810570380E+02,    0.0000000000E+00,    0.0000000000E+00,    0.0000000000E+00,    3.5810570380E+02
    203250,      0.676964,CP4_after_advection,   1,    0.0000000000E+00,    3.5809186724E+02,    3.5809186724E+02,    0.0000000000E+00,    0.0000000000E+00,    0.0000000000E+00,    3.5809186724E+02
    203250,      0.676964,CP5_after_vdif,   1,    0.0000000000E+00,    3.5809186724E+02,    3.5809186724E+02,    0.0000000000E+00,    0.0000000000E+00,    0.0000000000E+00,    3.5809186724E+02
    203250,      0.676964,CP6_after_kinetics,   1,    0.0000000000E+00,    3.5809186724E+02,    3.5809186724E+02,    0.0000000000E+00,    0.0000000000E+00,    0.0000000000E+00,    3.5809186724E+02
    203250,      0.676964,CP7_after_upper_clamp,   1,    0.0000000000E+00,    3.5809186724E+02,    3.5809186724E+02,    0.0000000000E+00,    0.0000000000E+00,    0.0000000000E+00,    3.5809186724E+02
    203250,      0.676964,CP8_after_OBC,   1,    0.0000000000E+00,    3.5809186724E+02,    3.5809186724E+02,    0.0000000000E+00,    0.0000000000E+00,    0.0000000000E+00,    3.5809186724E+02
    203250,      0.676964,CP9_after_PTsource,   1,    0.0000000000E+00,    3.5809186724E+02,    3.5809186724E+02,    0.0000000000E+00,    0.0000000000E+00,    0.0000000000E+00,    3.5809186724E+02
    203250,      0.676964,CP10_after_neg_clamp,   1,    0.0000000000E+00,    3.5809186724E+02,    3.5809186724E+02,    0.0000000000E+00,    0.0000000000E+00,    0.0000000000E+00,    3.5809186724E+02
    203250,      0.676964,CP11_after_MPI,   1,    0.0000000000E+00,    3.5809186724E+02,    3.5809186724E+02,    0.0000000000E+00,    0.0000000000E+00,    0.0000000000E+00,    3.5809186724E+02
    203250,      0.676964,CP12_end,   1,    0.0000000000E+00,    3.5809186724E+02,    3.5809186724E+02,    0.0000000000E+00,    0.0000000000E+00,    0.0000000000E+00,    3.5809186724E+02
    203300,      0.676964,CP0_start,   1,    0.0000000000E+00,    3.5821986201E+02,    3.5821986201E+02,    0.0000000000E+00,    0.0000000000E+00,    0.0000000000E+00,    3.5821986201E+02
    203300,      0.676964,CP1_after_deposition,   1,    0.0000000000E+00,    3.5821986201E+02,    3.5821986201E+02,    0.0000000000E+00,    0.0000000000E+00,    0.0000000000E+00,    3.5821986201E+02
    203300,      0.676964,CP2_after_erosion,   1,    0.0000000000E+00,    3.5821986201E+02,    3.5821986201E+02,    0.0000000000E+00,    0.0000000000E+00,    0.0000000000E+00,    3.5821986201E+02
    203300,      0.676964,CP3_after_update_bottom,   1,    0.0000000000E+00,    3.5821986201E+02,    3.5821986201E+02,    0.0000000000E+00,    0.0000000000E+00,    0.0000000000E+00,    3.5821986201E+02
    203300,      0.676964,CP4_after_advection,   1,    0.0000000000E+00,    3.5820601720E+02,    3.5820601720E+02,    0.0000000000E+00,    0.0000000000E+00,    0.0000000000E+00,    3.5820601720E+02
    203300,      0.676964,CP5_after_vdif,   1,    0.0000000000E+00,    3.5820601720E+02,    3.5820601720E+02,    0.0000000000E+00,    0.0000000000E+00,    0.0000000000E+00,    3.5820601720E+02
    203300,      0.676964,CP6_after_kinetics,   1,    0.0000000000E+00,    3.5820601720E+02,    3.5820601720E+02,    0.0000000000E+00,    0.0000000000E+00,    0.0000000000E+00,    3.5820601720E+02
    203300,      0.676964,CP7_after_upper_clamp,   1,    0.0000000000E+00,    3.5820601720E+02,    3.5820601720E+02,    0.0000000000E+00,    0.0000000000E+00,    0.0000000000E+00,    3.5820601720E+02
    203300,      0.676964,CP8_after_OBC,   1,    0.0000000000E+00,    3.5820601720E+02,    3.5820601720E+02,    0.0000000000E+00,    0.0000000000E+00,    0.0000000000E+00,    3.5820601720E+02
    203300,      0.676964,CP9_after_PTsource,   1,    0.0000000000E+00,    3.5820601720E+02,    3.5820601720E+02,    0.0000000000E+00,    0.0000000000E+00,    0.0000000000E+00,    3.5820601720E+02
    203300,      0.676964,CP10_after_neg_clamp,   1,    0.0000000000E+00,    3.5820601720E+02,    3.5820601720E+02,    0.0000000000E+00,    0.0000000000E+00,    0.0000000000E+00,    3.5820601720E+02
    203300,      0.676964,CP11_after_MPI,   1,    0.0000000000E+00,    3.5820601720E+02,    3.5820601720E+02,    0.0000000000E+00,    0.0000000000E+00,    0.0000000000E+00,    3.5820601720E+02
    203300,      0.676964,CP12_end,   1,    0.0000000000E+00,    3.5820601720E+02,    3.5820601720E+02,    0.0000000000E+00,    0.0000000000E+00,    0.0000000000E+00,    3.5820601720E+02
    203350,      0.676964,CP0_start,   1,    0.0000000000E+00,    3.5833067823E+02,    3.5833067823E+02,    0.0000000000E+00,    0.0000000000E+00,    0.0000000000E+00,    3.5833067823E+02
    203350,      0.676964,CP1_after_deposition,   1,    0.0000000000E+00,    3.5833067823E+02,    3.5833067823E+02,    0.0000000000E+00,    0.0000000000E+00,    0.0000000000E+00,    3.5833067823E+02
    203350,      0.676964,CP2_after_erosion,   1,    0.0000000000E+00,    3.5833067823E+02,    3.5833067823E+02,    0.0000000000E+00,    0.0000000000E+00,    0.0000000000E+00,    3.5833067823E+02
    203350,      0.676964,CP3_after_update_bottom,   1,    0.0000000000E+00,    3.5833067823E+02,    3.5833067823E+02,    0.0000000000E+00,    0.0000000000E+00,    0.0000000000E+00,    3.5833067823E+02
    203350,      0.676964,CP4_after_advection,   1,    0.0000000000E+00,    3.5831685138E+02,    3.5831685138E+02,    0.0000000000E+00,    0.0000000000E+00,    0.0000000000E+00,    3.5831685138E+02
    203350,      0.676964,CP5_after_vdif,   1,    0.0000000000E+00,    3.5831685138E+02,    3.5831685138E+02,    0.0000000000E+00,    0.0000000000E+00,    0.0000000000E+00,    3.5831685138E+02
    203350,      0.676964,CP6_after_kinetics,   1,    0.0000000000E+00,    3.5831685138E+02,    3.5831685138E+02,    0.0000000000E+00,    0.0000000000E+00,    0.0000000000E+00,    3.5831685138E+02
    203350,      0.676964,CP7_after_upper_clamp,   1,    0.0000000000E+00,    3.5831685138E+02,    3.5831685138E+02,    0.0000000000E+00,    0.0000000000E+00,    0.0000000000E+00,    3.5831685138E+02
    203350,      0.676964,CP8_after_OBC,   1,    0.0000000000E+00,    3.5831685138E+02,    3.5831685138E+02,    0.0000000000E+00,    0.0000000000E+00,    0.0000000000E+00,    3.5831685138E+02
    203350,      0.676964,CP9_after_PTsource,   1,    0.0000000000E+00,    3.5831685138E+02,    3.5831685138E+02,    0.0000000000E+00,    0.0000000000E+00,    0.0000000000E+00,    3.5831685138E+02
    203350,      0.676964,CP10_after_neg_clamp,   1,    0.0000000000E+00,    3.5831685138E+02,    3.5831685138E+02,    0.0000000000E+00,    0.0000000000E+00,    0.0000000000E+00,    3.5831685138E+02
    203350,      0.676964,CP11_after_MPI,   1,    0.0000000000E+00,    3.5831685138E+02,    3.5831685138E+02,    0.0000000000E+00,    0.0000000000E+00,    0.0000000000E+00,    3.5831685138E+02
    203350,      0.676964,CP12_end,   1,    0.0000000000E+00,    3.5831685138E+02,    3.5831685138E+02,    0.0000000000E+00,    0.0000000000E+00,    0.0000000000E+00,    3.5831685138E+02
    203400,      0.676964,CP0_start,   1,    0.0000000000E+00,    3.5843930376E+02,    3.5843930376E+02,    0.0000000000E+00,    0.0000000000E+00,    0.0000000000E+00,    3.5843930376E+02
    203400,      0.676964,CP1_after_deposition,   1,    0.0000000000E+00,    3.5843930376E+02,    3.5843930376E+02,    0.0000000000E+00,    0.0000000000E+00,    0.0000000000E+00,    3.5843930376E+02
    203400,      0.676964,CP2_after_erosion,   1,    0.0000000000E+00,    3.5843930376E+02,    3.5843930376E+02,    0.0000000000E+00,    0.0000000000E+00,    0.0000000000E+00,    3.5843930376E+02
    203400,      0.676964,CP3_after_update_bottom,   1,    0.0000000000E+00,    3.5843930376E+02,    3.5843930376E+02,    0.0000000000E+00,    0.0000000000E+00,    0.0000000000E+00,    3.5843930376E+02
    203400,      0.676964,CP4_after_advection,   1,    0.0000000000E+00,    3.5842552963E+02,    3.5842552963E+02,    0.0000000000E+00,    0.0000000000E+00,    0.0000000000E+00,    3.5842552963E+02
    203400,      0.676964,CP5_after_vdif,   1,    0.0000000000E+00,    3.5842552963E+02,    3.5842552963E+02,    0.0000000000E+00,    0.0000000000E+00,    0.0000000000E+00,    3.5842552963E+02
    203400,      0.676964,CP6_after_kinetics,   1,    0.0000000000E+00,    3.5842552963E+02,    3.5842552963E+02,    0.0000000000E+00,    0.0000000000E+00,    0.0000000000E+00,    3.5842552963E+02
    203400,      0.676964,CP7_after_upper_clamp,   1,    0.0000000000E+00,    3.5842552963E+02,    3.5842552963E+02,    0.0000000000E+00,    0.0000000000E+00,    0.0000000000E+00,    3.5842552963E+02
    203400,      0.676964,CP8_after_OBC,   1,    0.0000000000E+00,    3.5842552963E+02,    3.5842552963E+02,    0.0000000000E+00,    0.0000000000E+00,    0.0000000000E+00,    3.5842552963E+02
    203400,      0.676964,CP9_after_PTsource,   1,    0.0000000000E+00,    3.5842552963E+02,    3.5842552963E+02,    0.0000000000E+00,    0.0000000000E+00,    0.0000000000E+00,    3.5842552963E+02
    203400,      0.676964,CP10_after_neg_clamp,   1,    0.0000000000E+00,    3.5842552963E+02,    3.5842552963E+02,    0.0000000000E+00,    0.0000000000E+00,    0.0000000000E+00,    3.5842552963E+02
    203400,      0.676964,CP11_after_MPI,   1,    0.0000000000E+00,    3.5842552963E+02,    3.5842552963E+02,    0.0000000000E+00,    0.0000000000E+00,    0.0000000000E+00,    3.5842552963E+02
    203400,      0.676964,CP12_end,   1,    0.0000000000E+00,    3.5842552963E+02,    3.5842552963E+02,    0.0000000000E+00,    0.0000000000E+00,    0.0000000000E+00,    3.5842552963E+02
    203450,      0.676964,CP0_start,   1,    0.0000000000E+00,    3.5854712908E+02,    3.5854712908E+02,    0.0000000000E+00,    0.0000000000E+00,    0.0000000000E+00,    3.5854712908E+02
    203450,      0.676964,CP1_after_deposition,   1,    0.0000000000E+00,    3.5854712908E+02,    3.5854712908E+02,    0.0000000000E+00,    0.0000000000E+00,    0.0000000000E+00,    3.5854712908E+02
    203450,      0.676964,CP2_after_erosion,   1,    0.0000000000E+00,    3.5854712908E+02,    3.5854712908E+02,    0.0000000000E+00,    0.0000000000E+00,    0.0000000000E+00,    3.5854712908E+02
    203450,      0.676964,CP3_after_update_bottom,   1,    0.0000000000E+00,    3.5854712908E+02,    3.5854712908E+02,    0.0000000000E+00,    0.0000000000E+00,    0.0000000000E+00,    3.5854712908E+02
    203450,      0.676964,CP4_after_advection,   1,    0.0000000000E+00,    3.5853346563E+02,    3.5853346563E+02,    0.0000000000E+00,    0.0000000000E+00,    0.0000000000E+00,    3.5853346563E+02
    203450,      0.676964,CP5_after_vdif,   1,    0.0000000000E+00,    3.5853346563E+02,    3.5853346563E+02,    0.0000000000E+00,    0.0000000000E+00,    0.0000000000E+00,    3.5853346563E+02
    203450,      0.676964,CP6_after_kinetics,   1,    0.0000000000E+00,    3.5853346563E+02,    3.5853346563E+02,    0.0000000000E+00,    0.0000000000E+00,    0.0000000000E+00,    3.5853346563E+02
    203450,      0.676964,CP7_after_upper_clamp,   1,    0.0000000000E+00,    3.5853346563E+02,    3.5853346563E+02,    0.0000000000E+00,    0.0000000000E+00,    0.0000000000E+00,    3.5853346563E+02
    203450,      0.676964,CP8_after_OBC,   1,    0.0000000000E+00,    3.5853346563E+02,    3.5853346563E+02,    0.0000000000E+00,    0.0000000000E+00,    0.0000000000E+00,    3.5853346563E+02
    203450,      0.676964,CP9_after_PTsource,   1,    0.0000000000E+00,    3.5853346563E+02,    3.5853346563E+02,    0.0000000000E+00,    0.0000000000E+00,    0.0000000000E+00,    3.5853346563E+02
    203450,      0.676964,CP10_after_neg_clamp,   1,    0.0000000000E+00,    3.5853346563E+02,    3.5853346563E+02,    0.0000000000E+00,    0.0000000000E+00,    0.0000000000E+00,    3.5853346563E+02
    203450,      0.676964,CP11_after_MPI,   1,    0.0000000000E+00,    3.5853346563E+02,    3.5853346563E+02,    0.0000000000E+00,    0.0000000000E+00,    0.0000000000E+00,    3.5853346563E+02
    203450,      0.676964,CP12_end,   1,    0.0000000000E+00,    3.5853346563E+02,    3.5853346563E+02,    0.0000000000E+00,    0.0000000000E+00,    0.0000000000E+00,    3.5853346563E+02
    203500,      0.676964,CP0_start,   1,    0.0000000000E+00,    3.5865554924E+02,    3.5865554924E+02,    0.0000000000E+00,    0.0000000000E+00,    0.0000000000E+00,    3.5865554924E+02
    203500,      0.676964,CP1_after_deposition,   1,    0.0000000000E+00,    3.5865554924E+02,    3.5865554924E+02,    0.0000000000E+00,    0.0000000000E+00,    0.0000000000E+00,    3.5865554924E+02
    203500,      0.676964,CP2_after_erosion,   1,    0.0000000000E+00,    3.5865554924E+02,    3.5865554924E+02,    0.0000000000E+00,    0.0000000000E+00,    0.0000000000E+00,    3.5865554924E+02
    203500,      0.676964,CP3_after_update_bottom,   1,    0.0000000000E+00,    3.5865554924E+02,    3.5865554924E+02,    0.0000000000E+00,    0.0000000000E+00,    0.0000000000E+00,    3.5865554924E+02
    203500,      0.676964,CP4_after_advection,   1,    0.0000000000E+00,    3.5864201405E+02,    3.5864201405E+02,    0.0000000000E+00,    0.0000000000E+00,    0.0000000000E+00,    3.5864201405E+02
    203500,      0.676964,CP5_after_vdif,   1,    0.0000000000E+00,    3.5864201405E+02,    3.5864201405E+02,    0.0000000000E+00,    0.0000000000E+00,    0.0000000000E+00,    3.5864201405E+02
    203500,      0.676964,CP6_after_kinetics,   1,    0.0000000000E+00,    3.5864201405E+02,    3.5864201405E+02,    0.0000000000E+00,    0.0000000000E+00,    0.0000000000E+00,    3.5864201405E+02
    203500,      0.676964,CP7_after_upper_clamp,   1,    0.0000000000E+00,    3.5864201405E+02,    3.5864201405E+02,    0.0000000000E+00,    0.0000000000E+00,    0.0000000000E+00,    3.5864201405E+02
    203500,      0.676964,CP8_after_OBC,   1,    0.0000000000E+00,    3.5864201405E+02,    3.5864201405E+02,    0.0000000000E+00,    0.0000000000E+00,    0.0000000000E+00,    3.5864201405E+02
    203500,      0.676964,CP9_after_PTsource,   1,    0.0000000000E+00,    3.5864201405E+02,    3.5864201405E+02,    0.0000000000E+00,    0.0000000000E+00,    0.0000000000E+00,    3.5864201405E+02
    203500,      0.676964,CP10_after_neg_clamp,   1,    0.0000000000E+00,    3.5864201405E+02,    3.5864201405E+02,    0.0000000000E+00,    0.0000000000E+00,    0.0000000000E+00,    3.5864201405E+02
    203500,      0.676964,CP11_after_MPI,   1,    0.0000000000E+00,    3.5864201405E+02,    3.5864201405E+02,    0.0000000000E+00,    0.0000000000E+00,    0.0000000000E+00,    3.5864201405E+02
    203500,      0.676964,CP12_end,   1,    0.0000000000E+00,    3.5864201405E+02,    3.5864201405E+02,    0.0000000000E+00,    0.0000000000E+00,    0.0000000000E+00,    3.5864201405E+02
    203550,      0.676964,CP0_start,   1,    0.0000000000E+00,    3.5876535865E+02,    3.5876535865E+02,    0.0000000000E+00,    0.0000000000E+00,    0.0000000000E+00,    3.5876535865E+02
    203550,      0.676964,CP1_after_deposition,   1,    0.0000000000E+00,    3.5876535865E+02,    3.5876535865E+02,    0.0000000000E+00,    0.0000000000E+00,    0.0000000000E+00,    3.5876535865E+02
    203550,      0.676964,CP2_after_erosion,   1,    0.0000000000E+00,    3.5876535865E+02,    3.5876535865E+02,    0.0000000000E+00,    0.0000000000E+00,    0.0000000000E+00,    3.5876535865E+02
    203550,      0.676964,CP3_after_update_bottom,   1,    0.0000000000E+00,    3.5876535865E+02,    3.5876535865E+02,    0.0000000000E+00,    0.0000000000E+00,    0.0000000000E+00,    3.5876535865E+02
    203550,      0.676964,CP4_after_advection,   1,    0.0000000000E+00,    3.5875197295E+02,    3.5875197295E+02,    0.0000000000E+00,    0.0000000000E+00,    0.0000000000E+00,    3.5875197295E+02
    203550,      0.676964,CP5_after_vdif,   1,    0.0000000000E+00,    3.5875197295E+02,    3.5875197295E+02,    0.0000000000E+00,    0.0000000000E+00,    0.0000000000E+00,    3.5875197295E+02
    203550,      0.676964,CP6_after_kinetics,   1,    0.0000000000E+00,    3.5875197295E+02,    3.5875197295E+02,    0.0000000000E+00,    0.0000000000E+00,    0.0000000000E+00,    3.5875197295E+02
    203550,      0.676964,CP7_after_upper_clamp,   1,    0.0000000000E+00,    3.5875197295E+02,    3.5875197295E+02,    0.0000000000E+00,    0.0000000000E+00,    0.0000000000E+00,    3.5875197295E+02
    203550,      0.676964,CP8_after_OBC,   1,    0.0000000000E+00,    3.5875197295E+02,    3.5875197295E+02,    0.0000000000E+00,    0.0000000000E+00,    0.0000000000E+00,    3.5875197295E+02
    203550,      0.676964,CP9_after_PTsource,   1,    0.0000000000E+00,    3.5875197295E+02,    3.5875197295E+02,    0.0000000000E+00,    0.0000000000E+00,    0.0000000000E+00,    3.5875197295E+02
    203550,      0.676964,CP10_after_neg_clamp,   1,    0.0000000000E+00,    3.5875197295E+02,    3.5875197295E+02,    0.0000000000E+00,    0.0000000000E+00,    0.0000000000E+00,    3.5875197295E+02
    203550,      0.676964,CP11_after_MPI,   1,    0.0000000000E+00,    3.5875197295E+02,    3.5875197295E+02,    0.0000000000E+00,    0.0000000000E+00,    0.0000000000E+00,    3.5875197295E+02
    203550,      0.676964,CP12_end,   1,    0.0000000000E+00,    3.5875197295E+02,    3.5875197295E+02,    0.0000000000E+00,    0.0000000000E+00,    0.0000000000E+00,    3.5875197295E+02
    203600,      0.676964,CP0_start,   1,    0.0000000000E+00,    3.5887741892E+02,    3.5887741892E+02,    0.0000000000E+00,    0.0000000000E+00,    0.0000000000E+00,    3.5887741892E+02
    203600,      0.676964,CP1_after_deposition,   1,    0.0000000000E+00,    3.5887741892E+02,    3.5887741892E+02,    0.0000000000E+00,    0.0000000000E+00,    0.0000000000E+00,    3.5887741892E+02
    203600,      0.676964,CP2_after_erosion,   1,    0.0000000000E+00,    3.5887741892E+02,    3.5887741892E+02,    0.0000000000E+00,    0.0000000000E+00,    0.0000000000E+00,    3.5887741892E+02
    203600,      0.676964,CP3_after_update_bottom,   1,    0.0000000000E+00,    3.5887741892E+02,    3.5887741892E+02,    0.0000000000E+00,    0.0000000000E+00,    0.0000000000E+00,    3.5887741892E+02
    203600,      0.676964,CP4_after_advection,   1,    0.0000000000E+00,    3.5886422307E+02,    3.5886422307E+02,    0.0000000000E+00,    0.0000000000E+00,    0.0000000000E+00,    3.5886422307E+02
    203600,      0.676964,CP5_after_vdif,   1,    0.0000000000E+00,    3.5886422307E+02,    3.5886422307E+02,    0.0000000000E+00,    0.0000000000E+00,    0.0000000000E+00,    3.5886422307E+02
    203600,      0.676964,CP6_after_kinetics,   1,    0.0000000000E+00,    3.5886422307E+02,    3.5886422307E+02,    0.0000000000E+00,    0.0000000000E+00,    0.0000000000E+00,    3.5886422307E+02
    203600,      0.676964,CP7_after_upper_clamp,   1,    0.0000000000E+00,    3.5886422307E+02,    3.5886422307E+02,    0.0000000000E+00,    0.0000000000E+00,    0.0000000000E+00,    3.5886422307E+02
    203600,      0.676964,CP8_after_OBC,   1,    0.0000000000E+00,    3.5886422307E+02,    3.5886422307E+02,    0.0000000000E+00,    0.0000000000E+00,    0.0000000000E+00,    3.5886422307E+02
    203600,      0.676964,CP9_after_PTsource,   1,    0.0000000000E+00,    3.5886422307E+02,    3.5886422307E+02,    0.0000000000E+00,    0.0000000000E+00,    0.0000000000E+00,    3.5886422307E+02
    203600,      0.676964,CP10_after_neg_clamp,   1,    0.0000000000E+00,    3.5886422307E+02,    3.5886422307E+02,    0.0000000000E+00,    0.0000000000E+00,    0.0000000000E+00,    3.5886422307E+02
    203600,      0.676964,CP11_after_MPI,   1,    0.0000000000E+00,    3.5886422307E+02,    3.5886422307E+02,    0.0000000000E+00,    0.0000000000E+00,    0.0000000000E+00,    3.5886422307E+02
    203600,      0.676964,CP12_end,   1,    0.0000000000E+00,    3.5886422307E+02,    3.5886422307E+02,    0.0000000000E+00,    0.0000000000E+00,    0.0000000000E+00,    3.5886422307E+02
    203650,      0.676964,CP0_start,   1,    0.0000000000E+00,    3.5899174624E+02,    3.5899174624E+02,    0.0000000000E+00,    0.0000000000E+00,    0.0000000000E+00,    3.5899174624E+02
    203650,      0.676964,CP1_after_deposition,   1,    0.0000000000E+00,    3.5899174624E+02,    3.5899174624E+02,    0.0000000000E+00,    0.0000000000E+00,    0.0000000000E+00,    3.5899174624E+02
    203650,      0.676964,CP2_after_erosion,   1,    0.0000000000E+00,    3.5899174624E+02,    3.5899174624E+02,    0.0000000000E+00,    0.0000000000E+00,    0.0000000000E+00,    3.5899174624E+02
    203650,      0.676964,CP3_after_update_bottom,   1,    0.0000000000E+00,    3.5899174624E+02,    3.5899174624E+02,    0.0000000000E+00,    0.0000000000E+00,    0.0000000000E+00,    3.5899174624E+02
    203650,      0.676964,CP4_after_advection,   1,    0.0000000000E+00,    3.5897875628E+02,    3.5897875628E+02,    0.0000000000E+00,    0.0000000000E+00,    0.0000000000E+00,    3.5897875628E+02
    203650,      0.676964,CP5_after_vdif,   1,    0.0000000000E+00,    3.5897875628E+02,    3.5897875628E+02,    0.0000000000E+00,    0.0000000000E+00,    0.0000000000E+00,    3.5897875628E+02
    203650,      0.676964,CP6_after_kinetics,   1,    0.0000000000E+00,    3.5897875628E+02,    3.5897875628E+02,    0.0000000000E+00,    0.0000000000E+00,    0.0000000000E+00,    3.5897875628E+02
    203650,      0.676964,CP7_after_upper_clamp,   1,    0.0000000000E+00,    3.5897875628E+02,    3.5897875628E+02,    0.0000000000E+00,    0.0000000000E+00,    0.0000000000E+00,    3.5897875628E+02
    203650,      0.676964,CP8_after_OBC,   1,    0.0000000000E+00,    3.5897875628E+02,    3.5897875628E+02,    0.0000000000E+00,    0.0000000000E+00,    0.0000000000E+00,    3.5897875628E+02
    203650,      0.676964,CP9_after_PTsource,   1,    0.0000000000E+00,    3.5897875628E+02,    3.5897875628E+02,    0.0000000000E+00,    0.0000000000E+00,    0.0000000000E+00,    3.5897875628E+02
    203650,      0.676964,CP10_after_neg_clamp,   1,    0.0000000000E+00,    3.5897875628E+02,    3.5897875628E+02,    0.0000000000E+00,    0.0000000000E+00,    0.0000000000E+00,    3.5897875628E+02
    203650,      0.676964,CP11_after_MPI,   1,    0.0000000000E+00,    3.5897875628E+02,    3.5897875628E+02,    0.0000000000E+00,    0.0000000000E+00,    0.0000000000E+00,    3.5897875628E+02
    203650,      0.676964,CP12_end,   1,    0.0000000000E+00,    3.5897875628E+02,    3.5897875628E+02,    0.0000000000E+00,    0.0000000000E+00,    0.0000000000E+00,    3.5897875628E+02
    203700,      0.676964,CP0_start,   1,    0.0000000000E+00,    3.5910800365E+02,    3.5910800365E+02,    0.0000000000E+00,    0.0000000000E+00,    0.0000000000E+00,    3.5910800365E+02
    203700,      0.676964,CP1_after_deposition,   1,    0.0000000000E+00,    3.5910800365E+02,    3.5910800365E+02,    0.0000000000E+00,    0.0000000000E+00,    0.0000000000E+00,    3.5910800365E+02
    203700,      0.676964,CP2_after_erosion,   1,    0.0000000000E+00,    3.5910800365E+02,    3.5910800365E+02,    0.0000000000E+00,    0.0000000000E+00,    0.0000000000E+00,    3.5910800365E+02
    203700,      0.676964,CP3_after_update_bottom,   1,    0.0000000000E+00,    3.5910800365E+02,    3.5910800365E+02,    0.0000000000E+00,    0.0000000000E+00,    0.0000000000E+00,    3.5910800365E+02
    203700,      0.676964,CP4_after_advection,   1,    0.0000000000E+00,    3.5909521506E+02,    3.5909521506E+02,    0.0000000000E+00,    0.0000000000E+00,    0.0000000000E+00,    3.5909521506E+02
    203700,      0.676964,CP5_after_vdif,   1,    0.0000000000E+00,    3.5909521506E+02,    3.5909521506E+02,    0.0000000000E+00,    0.0000000000E+00,    0.0000000000E+00,    3.5909521506E+02
    203700,      0.676964,CP6_after_kinetics,   1,    0.0000000000E+00,    3.5909521506E+02,    3.5909521506E+02,    0.0000000000E+00,    0.0000000000E+00,    0.0000000000E+00,    3.5909521506E+02
    203700,      0.676964,CP7_after_upper_clamp,   1,    0.0000000000E+00,    3.5909521506E+02,    3.5909521506E+02,    0.0000000000E+00,    0.0000000000E+00,    0.0000000000E+00,    3.5909521506E+02
    203700,      0.676964,CP8_after_OBC,   1,    0.0000000000E+00,    3.5909521506E+02,    3.5909521506E+02,    0.0000000000E+00,    0.0000000000E+00,    0.0000000000E+00,    3.5909521506E+02
    203700,      0.676964,CP9_after_PTsource,   1,    0.0000000000E+00,    3.5909521506E+02,    3.5909521506E+02,    0.0000000000E+00,    0.0000000000E+00,    0.0000000000E+00,    3.5909521506E+02
    203700,      0.676964,CP10_after_neg_clamp,   1,    0.0000000000E+00,    3.5909521506E+02,    3.5909521506E+02,    0.0000000000E+00,    0.0000000000E+00,    0.0000000000E+00,    3.5909521506E+02
    203700,      0.676964,CP11_after_MPI,   1,    0.0000000000E+00,    3.5909521506E+02,    3.5909521506E+02,    0.0000000000E+00,    0.0000000000E+00,    0.0000000000E+00,    3.5909521506E+02
    203700,      0.676964,CP12_end,   1,    0.0000000000E+00,    3.5909521506E+02,    3.5909521506E+02,    0.0000000000E+00,    0.0000000000E+00,    0.0000000000E+00,    3.5909521506E+02
    203750,      0.676964,CP0_start,   1,    0.0000000000E+00,    3.5922626314E+02,    3.5922626314E+02,    0.0000000000E+00,    0.0000000000E+00,    0.0000000000E+00,    3.5922626314E+02
    203750,      0.676964,CP1_after_deposition,   1,    0.0000000000E+00,    3.5922626314E+02,    3.5922626314E+02,    0.0000000000E+00,    0.0000000000E+00,    0.0000000000E+00,    3.5922626314E+02
    203750,      0.676964,CP2_after_erosion,   1,    0.0000000000E+00,    3.5922626314E+02,    3.5922626314E+02,    0.0000000000E+00,    0.0000000000E+00,    0.0000000000E+00,    3.5922626314E+02
    203750,      0.676964,CP3_after_update_bottom,   1,    0.0000000000E+00,    3.5922626314E+02,    3.5922626314E+02,    0.0000000000E+00,    0.0000000000E+00,    0.0000000000E+00,    3.5922626314E+02
    203750,      0.676964,CP4_after_advection,   1,    0.0000000000E+00,    3.5921368846E+02,    3.5921368846E+02,    0.0000000000E+00,    0.0000000000E+00,    0.0000000000E+00,    3.5921368846E+02
    203750,      0.676964,CP5_after_vdif,   1,    0.0000000000E+00,    3.5921368846E+02,    3.5921368846E+02,    0.0000000000E+00,    0.0000000000E+00,    0.0000000000E+00,    3.5921368846E+02
    203750,      0.676964,CP6_after_kinetics,   1,    0.0000000000E+00,    3.5921368846E+02,    3.5921368846E+02,    0.0000000000E+00,    0.0000000000E+00,    0.0000000000E+00,    3.5921368846E+02
    203750,      0.676964,CP7_after_upper_clamp,   1,    0.0000000000E+00,    3.5921368846E+02,    3.5921368846E+02,    0.0000000000E+00,    0.0000000000E+00,    0.0000000000E+00,    3.5921368846E+02
    203750,      0.676964,CP8_after_OBC,   1,    0.0000000000E+00,    3.5921368846E+02,    3.5921368846E+02,    0.0000000000E+00,    0.0000000000E+00,    0.0000000000E+00,    3.5921368846E+02
    203750,      0.676964,CP9_after_PTsource,   1,    0.0000000000E+00,    3.5921368846E+02,    3.5921368846E+02,    0.0000000000E+00,    0.0000000000E+00,    0.0000000000E+00,    3.5921368846E+02
    203750,      0.676964,CP10_after_neg_clamp,   1,    0.0000000000E+00,    3.5921368846E+02,    3.5921368846E+02,    0.0000000000E+00,    0.0000000000E+00,    0.0000000000E+00,    3.5921368846E+02
    203750,      0.676964,CP11_after_MPI,   1,    0.0000000000E+00,    3.5921368846E+02,    3.5921368846E+02,    0.0000000000E+00,    0.0000000000E+00,    0.0000000000E+00,    3.5921368846E+02
    203750,      0.676964,CP12_end,   1,    0.0000000000E+00,    3.5921368846E+02,    3.5921368846E+02,    0.0000000000E+00,    0.0000000000E+00,    0.0000000000E+00,    3.5921368846E+02
    203800,      0.676964,CP0_start,   1,    0.0000000000E+00,    3.5934611626E+02,    3.5934611626E+02,    0.0000000000E+00,    0.0000000000E+00,    0.0000000000E+00,    3.5934611626E+02
    203800,      0.676964,CP1_after_deposition,   1,    0.0000000000E+00,    3.5934611626E+02,    3.5934611626E+02,    0.0000000000E+00,    0.0000000000E+00,    0.0000000000E+00,    3.5934611626E+02
    203800,      0.676964,CP2_after_erosion,   1,    0.0000000000E+00,    3.5934611626E+02,    3.5934611626E+02,    0.0000000000E+00,    0.0000000000E+00,    0.0000000000E+00,    3.5934611626E+02
    203800,      0.676964,CP3_after_update_bottom,   1,    0.0000000000E+00,    3.5934611626E+02,    3.5934611626E+02,    0.0000000000E+00,    0.0000000000E+00,    0.0000000000E+00,    3.5934611626E+02
    203800,      0.676964,CP4_after_advection,   1,    0.0000000000E+00,    3.5933377347E+02,    3.5933377347E+02,    0.0000000000E+00,    0.0000000000E+00,    0.0000000000E+00,    3.5933377347E+02
    203800,      0.676964,CP5_after_vdif,   1,    0.0000000000E+00,    3.5933377347E+02,    3.5933377347E+02,    0.0000000000E+00,    0.0000000000E+00,    0.0000000000E+00,    3.5933377347E+02
    203800,      0.676964,CP6_after_kinetics,   1,    0.0000000000E+00,    3.5933377347E+02,    3.5933377347E+02,    0.0000000000E+00,    0.0000000000E+00,    0.0000000000E+00,    3.5933377347E+02
    203800,      0.676964,CP7_after_upper_clamp,   1,    0.0000000000E+00,    3.5933377347E+02,    3.5933377347E+02,    0.0000000000E+00,    0.0000000000E+00,    0.0000000000E+00,    3.5933377347E+02
    203800,      0.676964,CP8_after_OBC,   1,    0.0000000000E+00,    3.5933377347E+02,    3.5933377347E+02,    0.0000000000E+00,    0.0000000000E+00,    0.0000000000E+00,    3.5933377347E+02
    203800,      0.676964,CP9_after_PTsource,   1,    0.0000000000E+00,    3.5933377347E+02,    3.5933377347E+02,    0.0000000000E+00,    0.0000000000E+00,    0.0000000000E+00,    3.5933377347E+02
    203800,      0.676964,CP10_after_neg_clamp,   1,    0.0000000000E+00,    3.5933377347E+02,    3.5933377347E+02,    0.0000000000E+00,    0.0000000000E+00,    0.0000000000E+00,    3.5933377347E+02
    203800,      0.676964,CP11_after_MPI,   1,    0.0000000000E+00,    3.5933377347E+02,    3.5933377347E+02,    0.0000000000E+00,    0.0000000000E+00,    0.0000000000E+00,    3.5933377347E+02
    203800,      0.676964,CP12_end,   1,    0.0000000000E+00,    3.5933377347E+02,    3.5933377347E+02,    0.0000000000E+00,    0.0000000000E+00,    0.0000000000E+00,    3.5933377347E+02
    203850,      0.676964,CP0_start,   1,    0.0000000000E+00,    3.5946745308E+02,    3.5946745308E+02,    0.0000000000E+00,    0.0000000000E+00,    0.0000000000E+00,    3.5946745308E+02
    203850,      0.676964,CP1_after_deposition,   1,    0.0000000000E+00,    3.5946745308E+02,    3.5946745308E+02,    0.0000000000E+00,    0.0000000000E+00,    0.0000000000E+00,    3.5946745308E+02
    203850,      0.676964,CP2_after_erosion,   1,    0.0000000000E+00,    3.5946745308E+02,    3.5946745308E+02,    0.0000000000E+00,    0.0000000000E+00,    0.0000000000E+00,    3.5946745308E+02
    203850,      0.676964,CP3_after_update_bottom,   1,    0.0000000000E+00,    3.5946745308E+02,    3.5946745308E+02,    0.0000000000E+00,    0.0000000000E+00,    0.0000000000E+00,    3.5946745308E+02
    203850,      0.676964,CP4_after_advection,   1,    0.0000000000E+00,    3.5945533774E+02,    3.5945533774E+02,    0.0000000000E+00,    0.0000000000E+00,    0.0000000000E+00,    3.5945533774E+02
    203850,      0.676964,CP5_after_vdif,   1,    0.0000000000E+00,    3.5945533774E+02,    3.5945533774E+02,    0.0000000000E+00,    0.0000000000E+00,    0.0000000000E+00,    3.5945533774E+02
    203850,      0.676964,CP6_after_kinetics,   1,    0.0000000000E+00,    3.5945533774E+02,    3.5945533774E+02,    0.0000000000E+00,    0.0000000000E+00,    0.0000000000E+00,    3.5945533774E+02
    203850,      0.676964,CP7_after_upper_clamp,   1,    0.0000000000E+00,    3.5945533774E+02,    3.5945533774E+02,    0.0000000000E+00,    0.0000000000E+00,    0.0000000000E+00,    3.5945533774E+02
    203850,      0.676964,CP8_after_OBC,   1,    0.0000000000E+00,    3.5945533774E+02,    3.5945533774E+02,    0.0000000000E+00,    0.0000000000E+00,    0.0000000000E+00,    3.5945533774E+02
    203850,      0.676964,CP9_after_PTsource,   1,    0.0000000000E+00,    3.5945533774E+02,    3.5945533774E+02,    0.0000000000E+00,    0.0000000000E+00,    0.0000000000E+00,    3.5945533774E+02
    203850,      0.676964,CP10_after_neg_clamp,   1,    0.0000000000E+00,    3.5945533774E+02,    3.5945533774E+02,    0.0000000000E+00,    0.0000000000E+00,    0.0000000000E+00,    3.5945533774E+02
    203850,      0.676964,CP11_after_MPI,   1,    0.0000000000E+00,    3.5945533774E+02,    3.5945533774E+02,    0.0000000000E+00,    0.0000000000E+00,    0.0000000000E+00,    3.5945533774E+02
    203850,      0.676964,CP12_end,   1,    0.0000000000E+00,    3.5945533774E+02,    3.5945533774E+02,    0.0000000000E+00,    0.0000000000E+00,    0.0000000000E+00,    3.5945533774E+02
    203900,      0.676964,CP0_start,   1,    0.0000000000E+00,    3.5959003883E+02,    3.5959003883E+02,    0.0000000000E+00,    0.0000000000E+00,    0.0000000000E+00,    3.5959003883E+02
    203900,      0.676964,CP1_after_deposition,   1,    0.0000000000E+00,    3.5959003883E+02,    3.5959003883E+02,    0.0000000000E+00,    0.0000000000E+00,    0.0000000000E+00,    3.5959003883E+02
    203900,      0.676964,CP2_after_erosion,   1,    0.0000000000E+00,    3.5959003883E+02,    3.5959003883E+02,    0.0000000000E+00,    0.0000000000E+00,    0.0000000000E+00,    3.5959003883E+02
    203900,      0.676964,CP3_after_update_bottom,   1,    0.0000000000E+00,    3.5959003883E+02,    3.5959003883E+02,    0.0000000000E+00,    0.0000000000E+00,    0.0000000000E+00,    3.5959003883E+02
    203900,      0.676964,CP4_after_advection,   1,    0.0000000000E+00,    3.5957815441E+02,    3.5957815441E+02,    0.0000000000E+00,    0.0000000000E+00,    0.0000000000E+00,    3.5957815441E+02
    203900,      0.676964,CP5_after_vdif,   1,    0.0000000000E+00,    3.5957815441E+02,    3.5957815441E+02,    0.0000000000E+00,    0.0000000000E+00,    0.0000000000E+00,    3.5957815441E+02
    203900,      0.676964,CP6_after_kinetics,   1,    0.0000000000E+00,    3.5957815441E+02,    3.5957815441E+02,    0.0000000000E+00,    0.0000000000E+00,    0.0000000000E+00,    3.5957815441E+02
    203900,      0.676964,CP7_after_upper_clamp,   1,    0.0000000000E+00,    3.5957815441E+02,    3.5957815441E+02,    0.0000000000E+00,    0.0000000000E+00,    0.0000000000E+00,    3.5957815441E+02
    203900,      0.676964,CP8_after_OBC,   1,    0.0000000000E+00,    3.5957815441E+02,    3.5957815441E+02,    0.0000000000E+00,    0.0000000000E+00,    0.0000000000E+00,    3.5957815441E+02
    203900,      0.676964,CP9_after_PTsource,   1,    0.0000000000E+00,    3.5957815441E+02,    3.5957815441E+02,    0.0000000000E+00,    0.0000000000E+00,    0.0000000000E+00,    3.5957815441E+02
    203900,      0.676964,CP10_after_neg_clamp,   1,    0.0000000000E+00,    3.5957815441E+02,    3.5957815441E+02,    0.0000000000E+00,    0.0000000000E+00,    0.0000000000E+00,    3.5957815441E+02
    203900,      0.676964,CP11_after_MPI,   1,    0.0000000000E+00,    3.5957815441E+02,    3.5957815441E+02,    0.0000000000E+00,    0.0000000000E+00,    0.0000000000E+00,    3.5957815441E+02
    203900,      0.676964,CP12_end,   1,    0.0000000000E+00,    3.5957815441E+02,    3.5957815441E+02,    0.0000000000E+00,    0.0000000000E+00,    0.0000000000E+00,    3.5957815441E+02
    203950,      0.676964,CP0_start,   1,    0.0000000000E+00,    3.5971369952E+02,    3.5971369952E+02,    0.0000000000E+00,    0.0000000000E+00,    0.0000000000E+00,    3.5971369952E+02
    203950,      0.676964,CP1_after_deposition,   1,    0.0000000000E+00,    3.5971369952E+02,    3.5971369952E+02,    0.0000000000E+00,    0.0000000000E+00,    0.0000000000E+00,    3.5971369952E+02
    203950,      0.676964,CP2_after_erosion,   1,    0.0000000000E+00,    3.5971369952E+02,    3.5971369952E+02,    0.0000000000E+00,    0.0000000000E+00,    0.0000000000E+00,    3.5971369952E+02
    203950,      0.676964,CP3_after_update_bottom,   1,    0.0000000000E+00,    3.5971369952E+02,    3.5971369952E+02,    0.0000000000E+00,    0.0000000000E+00,    0.0000000000E+00,    3.5971369952E+02
    203950,      0.676964,CP4_after_advection,   1,    0.0000000000E+00,    3.5970206875E+02,    3.5970206875E+02,    0.0000000000E+00,    0.0000000000E+00,    0.0000000000E+00,    3.5970206875E+02
    203950,      0.676964,CP5_after_vdif,   1,    0.0000000000E+00,    3.5970206875E+02,    3.5970206875E+02,    0.0000000000E+00,    0.0000000000E+00,    0.0000000000E+00,    3.5970206875E+02
    203950,      0.676964,CP6_after_kinetics,   1,    0.0000000000E+00,    3.5970206875E+02,    3.5970206875E+02,    0.0000000000E+00,    0.0000000000E+00,    0.0000000000E+00,    3.5970206875E+02
    203950,      0.676964,CP7_after_upper_clamp,   1,    0.0000000000E+00,    3.5970206875E+02,    3.5970206875E+02,    0.0000000000E+00,    0.0000000000E+00,    0.0000000000E+00,    3.5970206875E+02
    203950,      0.676964,CP8_after_OBC,   1,    0.0000000000E+00,    3.5970206875E+02,    3.5970206875E+02,    0.0000000000E+00,    0.0000000000E+00,    0.0000000000E+00,    3.5970206875E+02
    203950,      0.676964,CP9_after_PTsource,   1,    0.0000000000E+00,    3.5970206875E+02,    3.5970206875E+02,    0.0000000000E+00,    0.0000000000E+00,    0.0000000000E+00,    3.5970206875E+02
    203950,      0.676964,CP10_after_neg_clamp,   1,    0.0000000000E+00,    3.5970206875E+02,    3.5970206875E+02,    0.0000000000E+00,    0.0000000000E+00,    0.0000000000E+00,    3.5970206875E+02
    203950,      0.676964,CP11_after_MPI,   1,    0.0000000000E+00,    3.5970206875E+02,    3.5970206875E+02,    0.0000000000E+00,    0.0000000000E+00,    0.0000000000E+00,    3.5970206875E+02
    203950,      0.676964,CP12_end,   1,    0.0000000000E+00,    3.5970206875E+02,    3.5970206875E+02,    0.0000000000E+00,    0.0000000000E+00,    0.0000000000E+00,    3.5970206875E+02
    204000,      0.676964,CP0_start,   1,    0.0000000000E+00,    3.5983882366E+02,    3.5983882366E+02,    0.0000000000E+00,    0.0000000000E+00,    0.0000000000E+00,    3.5983882366E+02
    204000,      0.676964,CP1_after_deposition,   1,    0.0000000000E+00,    3.5983882366E+02,    3.5983882366E+02,    0.0000000000E+00,    0.0000000000E+00,    0.0000000000E+00,    3.5983882366E+02
    204000,      0.676964,CP2_after_erosion,   1,    0.0000000000E+00,    3.5983882366E+02,    3.5983882366E+02,    0.0000000000E+00,    0.0000000000E+00,    0.0000000000E+00,    3.5983882366E+02
    204000,      0.676964,CP3_after_update_bottom,   1,    0.0000000000E+00,    3.5983882366E+02,    3.5983882366E+02,    0.0000000000E+00,    0.0000000000E+00,    0.0000000000E+00,    3.5983882366E+02
    204000,      0.676964,CP4_after_advection,   1,    0.0000000000E+00,    3.5982745699E+02,    3.5982745699E+02,    0.0000000000E+00,    0.0000000000E+00,    0.0000000000E+00,    3.5982745699E+02
    204000,      0.676964,CP5_after_vdif,   1,    0.0000000000E+00,    3.5982745699E+02,    3.5982745699E+02,    0.0000000000E+00,    0.0000000000E+00,    0.0000000000E+00,    3.5982745699E+02
    204000,      0.676964,CP6_after_kinetics,   1,    0.0000000000E+00,    3.5982745699E+02,    3.5982745699E+02,    0.0000000000E+00,    0.0000000000E+00,    0.0000000000E+00,    3.5982745699E+02
    204000,      0.676964,CP7_after_upper_clamp,   1,    0.0000000000E+00,    3.5982745699E+02,    3.5982745699E+02,    0.0000000000E+00,    0.0000000000E+00,    0.0000000000E+00,    3.5982745699E+02
    204000,      0.676964,CP8_after_OBC,   1,    0.0000000000E+00,    3.5982745699E+02,    3.5982745699E+02,    0.0000000000E+00,    0.0000000000E+00,    0.0000000000E+00,    3.5982745699E+02
    204000,      0.676964,CP9_after_PTsource,   1,    0.0000000000E+00,    3.5982745699E+02,    3.5982745699E+02,    0.0000000000E+00,    0.0000000000E+00,    0.0000000000E+00,    3.5982745699E+02
    204000,      0.676964,CP10_after_neg_clamp,   1,    0.0000000000E+00,    3.5982745699E+02,    3.5982745699E+02,    0.0000000000E+00,    0.0000000000E+00,    0.0000000000E+00,    3.5982745699E+02
    204000,      0.676964,CP11_after_MPI,   1,    0.0000000000E+00,    3.5982745699E+02,    3.5982745699E+02,    0.0000000000E+00,    0.0000000000E+00,    0.0000000000E+00,    3.5982745699E+02
    204000,      0.676964,CP12_end,   1,    0.0000000000E+00,    3.5982745699E+02,    3.5982745699E+02,    0.0000000000E+00,    0.0000000000E+00,    0.0000000000E+00,    3.5982745699E+02
    204050,      0.676964,CP0_start,   1,    0.0000000000E+00,    3.5996566044E+02,    3.5996566044E+02,    0.0000000000E+00,    0.0000000000E+00,    0.0000000000E+00,    3.5996566044E+02
    204050,      0.676964,CP1_after_deposition,   1,    0.0000000000E+00,    3.5996566044E+02,    3.5996566044E+02,    0.0000000000E+00,    0.0000000000E+00,    0.0000000000E+00,    3.5996566044E+02
    204050,      0.676964,CP2_after_erosion,   1,    0.0000000000E+00,    3.5996566044E+02,    3.5996566044E+02,    0.0000000000E+00,    0.0000000000E+00,    0.0000000000E+00,    3.5996566044E+02
    204050,      0.676964,CP3_after_update_bottom,   1,    0.0000000000E+00,    3.5996566044E+02,    3.5996566044E+02,    0.0000000000E+00,    0.0000000000E+00,    0.0000000000E+00,    3.5996566044E+02
    204050,      0.676964,CP4_after_advection,   1,    0.0000000000E+00,    3.5995456466E+02,    3.5995456466E+02,    0.0000000000E+00,    0.0000000000E+00,    0.0000000000E+00,    3.5995456466E+02
    204050,      0.676964,CP5_after_vdif,   1,    0.0000000000E+00,    3.5995456466E+02,    3.5995456466E+02,    0.0000000000E+00,    0.0000000000E+00,    0.0000000000E+00,    3.5995456466E+02
    204050,      0.676964,CP6_after_kinetics,   1,    0.0000000000E+00,    3.5995456466E+02,    3.5995456466E+02,    0.0000000000E+00,    0.0000000000E+00,    0.0000000000E+00,    3.5995456466E+02
    204050,      0.676964,CP7_after_upper_clamp,   1,    0.0000000000E+00,    3.5995456466E+02,    3.5995456466E+02,    0.0000000000E+00,    0.0000000000E+00,    0.0000000000E+00,    3.5995456466E+02
    204050,      0.676964,CP8_after_OBC,   1,    0.0000000000E+00,    3.5995456466E+02,    3.5995456466E+02,    0.0000000000E+00,    0.0000000000E+00,    0.0000000000E+00,    3.5995456466E+02
    204050,      0.676964,CP9_after_PTsource,   1,    0.0000000000E+00,    3.5995456466E+02,    3.5995456466E+02,    0.0000000000E+00,    0.0000000000E+00,    0.0000000000E+00,    3.5995456466E+02
    204050,      0.676964,CP10_after_neg_clamp,   1,    0.0000000000E+00,    3.5995456466E+02,    3.5995456466E+02,    0.0000000000E+00,    0.0000000000E+00,    0.0000000000E+00,    3.5995456466E+02
    204050,      0.676964,CP11_after_MPI,   1,    0.0000000000E+00,    3.5995456466E+02,    3.5995456466E+02,    0.0000000000E+00,    0.0000000000E+00,    0.0000000000E+00,    3.5995456466E+02
    204050,      0.676964,CP12_end,   1,    0.0000000000E+00,    3.5995456466E+02,    3.5995456466E+02,    0.0000000000E+00,    0.0000000000E+00,    0.0000000000E+00,    3.5995456466E+02
    204100,      0.676964,CP0_start,   1,    0.0000000000E+00,    3.6009418321E+02,    3.6009418321E+02,    0.0000000000E+00,    0.0000000000E+00,    0.0000000000E+00,    3.6009418321E+02
    204100,      0.676964,CP1_after_deposition,   1,    0.0000000000E+00,    3.6009418321E+02,    3.6009418321E+02,    0.0000000000E+00,    0.0000000000E+00,    0.0000000000E+00,    3.6009418321E+02
    204100,      0.676964,CP2_after_erosion,   1,    0.0000000000E+00,    3.6009418321E+02,    3.6009418321E+02,    0.0000000000E+00,    0.0000000000E+00,    0.0000000000E+00,    3.6009418321E+02
    204100,      0.676964,CP3_after_update_bottom,   1,    0.0000000000E+00,    3.6009418321E+02,    3.6009418321E+02,    0.0000000000E+00,    0.0000000000E+00,    0.0000000000E+00,    3.6009418321E+02
    204100,      0.676964,CP4_after_advection,   1,    0.0000000000E+00,    3.6008337093E+02,    3.6008337093E+02,    0.0000000000E+00,    0.0000000000E+00,    0.0000000000E+00,    3.6008337093E+02
    204100,      0.676964,CP5_after_vdif,   1,    0.0000000000E+00,    3.6008337093E+02,    3.6008337093E+02,    0.0000000000E+00,    0.0000000000E+00,    0.0000000000E+00,    3.6008337093E+02
    204100,      0.676964,CP6_after_kinetics,   1,    0.0000000000E+00,    3.6008337093E+02,    3.6008337093E+02,    0.0000000000E+00,    0.0000000000E+00,    0.0000000000E+00,    3.6008337093E+02
    204100,      0.676964,CP7_after_upper_clamp,   1,    0.0000000000E+00,    3.6008337093E+02,    3.6008337093E+02,    0.0000000000E+00,    0.0000000000E+00,    0.0000000000E+00,    3.6008337093E+02
    204100,      0.676964,CP8_after_OBC,   1,    0.0000000000E+00,    3.6008337093E+02,    3.6008337093E+02,    0.0000000000E+00,    0.0000000000E+00,    0.0000000000E+00,    3.6008337093E+02
    204100,      0.676964,CP9_after_PTsource,   1,    0.0000000000E+00,    3.6008337093E+02,    3.6008337093E+02,    0.0000000000E+00,    0.0000000000E+00,    0.0000000000E+00,    3.6008337093E+02
    204100,      0.676964,CP10_after_neg_clamp,   1,    0.0000000000E+00,    3.6008337093E+02,    3.6008337093E+02,    0.0000000000E+00,    0.0000000000E+00,    0.0000000000E+00,    3.6008337093E+02
    204100,      0.676964,CP11_after_MPI,   1,    0.0000000000E+00,    3.6008337093E+02,    3.6008337093E+02,    0.0000000000E+00,    0.0000000000E+00,    0.0000000000E+00,    3.6008337093E+02
    204100,      0.676964,CP12_end,   1,    0.0000000000E+00,    3.6008337093E+02,    3.6008337093E+02,    0.0000000000E+00,    0.0000000000E+00,    0.0000000000E+00,    3.6008337093E+02
    204150,      0.676964,CP0_start,   1,    0.0000000000E+00,    3.6022447327E+02,    3.6022447327E+02,    0.0000000000E+00,    0.0000000000E+00,    0.0000000000E+00,    3.6022447327E+02
    204150,      0.676964,CP1_after_deposition,   1,    0.0000000000E+00,    3.6022447327E+02,    3.6022447327E+02,    0.0000000000E+00,    0.0000000000E+00,    0.0000000000E+00,    3.6022447327E+02
    204150,      0.676964,CP2_after_erosion,   1,    0.0000000000E+00,    3.6022447327E+02,    3.6022447327E+02,    0.0000000000E+00,    0.0000000000E+00,    0.0000000000E+00,    3.6022447327E+02
    204150,      0.676964,CP3_after_update_bottom,   1,    0.0000000000E+00,    3.6022447327E+02,    3.6022447327E+02,    0.0000000000E+00,    0.0000000000E+00,    0.0000000000E+00,    3.6022447327E+02
    204150,      0.676964,CP4_after_advection,   1,    0.0000000000E+00,    3.6021394373E+02,    3.6021394373E+02,    0.0000000000E+00,    0.0000000000E+00,    0.0000000000E+00,    3.6021394373E+02
    204150,      0.676964,CP5_after_vdif,   1,    0.0000000000E+00,    3.6021394373E+02,    3.6021394373E+02,    0.0000000000E+00,    0.0000000000E+00,    0.0000000000E+00,    3.6021394373E+02
    204150,      0.676964,CP6_after_kinetics,   1,    0.0000000000E+00,    3.6021394373E+02,    3.6021394373E+02,    0.0000000000E+00,    0.0000000000E+00,    0.0000000000E+00,    3.6021394373E+02
    204150,      0.676964,CP7_after_upper_clamp,   1,    0.0000000000E+00,    3.6021394373E+02,    3.6021394373E+02,    0.0000000000E+00,    0.0000000000E+00,    0.0000000000E+00,    3.6021394373E+02
    204150,      0.676964,CP8_after_OBC,   1,    0.0000000000E+00,    3.6021394373E+02,    3.6021394373E+02,    0.0000000000E+00,    0.0000000000E+00,    0.0000000000E+00,    3.6021394373E+02
    204150,      0.676964,CP9_after_PTsource,   1,    0.0000000000E+00,    3.6021394373E+02,    3.6021394373E+02,    0.0000000000E+00,    0.0000000000E+00,    0.0000000000E+00,    3.6021394373E+02
    204150,      0.676964,CP10_after_neg_clamp,   1,    0.0000000000E+00,    3.6021394373E+02,    3.6021394373E+02,    0.0000000000E+00,    0.0000000000E+00,    0.0000000000E+00,    3.6021394373E+02
    204150,      0.676964,CP11_after_MPI,   1,    0.0000000000E+00,    3.6021394373E+02,    3.6021394373E+02,    0.0000000000E+00,    0.0000000000E+00,    0.0000000000E+00,    3.6021394373E+02
    204150,      0.676964,CP12_end,   1,    0.0000000000E+00,    3.6021394373E+02,    3.6021394373E+02,    0.0000000000E+00,    0.0000000000E+00,    0.0000000000E+00,    3.6021394373E+02
    204200,      0.676964,CP0_start,   1,    0.0000000000E+00,    3.6035613400E+02,    3.6035613400E+02,    0.0000000000E+00,    0.0000000000E+00,    0.0000000000E+00,    3.6035613400E+02
    204200,      0.676964,CP1_after_deposition,   1,    0.0000000000E+00,    3.6035613400E+02,    3.6035613400E+02,    0.0000000000E+00,    0.0000000000E+00,    0.0000000000E+00,    3.6035613400E+02
    204200,      0.676964,CP2_after_erosion,   1,    0.0000000000E+00,    3.6035613400E+02,    3.6035613400E+02,    0.0000000000E+00,    0.0000000000E+00,    0.0000000000E+00,    3.6035613400E+02
    204200,      0.676964,CP3_after_update_bottom,   1,    0.0000000000E+00,    3.6035613400E+02,    3.6035613400E+02,    0.0000000000E+00,    0.0000000000E+00,    0.0000000000E+00,    3.6035613400E+02
    204200,      0.676964,CP4_after_advection,   1,    0.0000000000E+00,    3.6034588463E+02,    3.6034588463E+02,    0.0000000000E+00,    0.0000000000E+00,    0.0000000000E+00,    3.6034588463E+02
    204200,      0.676964,CP5_after_vdif,   1,    0.0000000000E+00,    3.6034588463E+02,    3.6034588463E+02,    0.0000000000E+00,    0.0000000000E+00,    0.0000000000E+00,    3.6034588463E+02
    204200,      0.676964,CP6_after_kinetics,   1,    0.0000000000E+00,    3.6034588463E+02,    3.6034588463E+02,    0.0000000000E+00,    0.0000000000E+00,    0.0000000000E+00,    3.6034588463E+02
    204200,      0.676964,CP7_after_upper_clamp,   1,    0.0000000000E+00,    3.6034588463E+02,    3.6034588463E+02,    0.0000000000E+00,    0.0000000000E+00,    0.0000000000E+00,    3.6034588463E+02
    204200,      0.676964,CP8_after_OBC,   1,    0.0000000000E+00,    3.6034588463E+02,    3.6034588463E+02,    0.0000000000E+00,    0.0000000000E+00,    0.0000000000E+00,    3.6034588463E+02
    204200,      0.676964,CP9_after_PTsource,   1,    0.0000000000E+00,    3.6034588463E+02,    3.6034588463E+02,    0.0000000000E+00,    0.0000000000E+00,    0.0000000000E+00,    3.6034588463E+02
    204200,      0.676964,CP10_after_neg_clamp,   1,    0.0000000000E+00,    3.6034588463E+02,    3.6034588463E+02,    0.0000000000E+00,    0.0000000000E+00,    0.0000000000E+00,    3.6034588463E+02
    204200,      0.676964,CP11_after_MPI,   1,    0.0000000000E+00,    3.6034588463E+02,    3.6034588463E+02,    0.0000000000E+00,    0.0000000000E+00,    0.0000000000E+00,    3.6034588463E+02
    204200,      0.676964,CP12_end,   1,    0.0000000000E+00,    3.6034588463E+02,    3.6034588463E+02,    0.0000000000E+00,    0.0000000000E+00,    0.0000000000E+00,    3.6034588463E+02
    204250,      0.676964,CP0_start,   1,    0.0000000000E+00,    3.6048888791E+02,    3.6048888791E+02,    0.0000000000E+00,    0.0000000000E+00,    0.0000000000E+00,    3.6048888791E+02
    204250,      0.676964,CP1_after_deposition,   1,    0.0000000000E+00,    3.6048888791E+02,    3.6048888791E+02,    0.0000000000E+00,    0.0000000000E+00,    0.0000000000E+00,    3.6048888791E+02
    204250,      0.676964,CP2_after_erosion,   1,    0.0000000000E+00,    3.6048888791E+02,    3.6048888791E+02,    0.0000000000E+00,    0.0000000000E+00,    0.0000000000E+00,    3.6048888791E+02
    204250,      0.676964,CP3_after_update_bottom,   1,    0.0000000000E+00,    3.6048888791E+02,    3.6048888791E+02,    0.0000000000E+00,    0.0000000000E+00,    0.0000000000E+00,    3.6048888791E+02
    204250,      0.676964,CP4_after_advection,   1,    0.0000000000E+00,    3.6047891089E+02,    3.6047891089E+02,    0.0000000000E+00,    0.0000000000E+00,    0.0000000000E+00,    3.6047891089E+02
    204250,      0.676964,CP5_after_vdif,   1,    0.0000000000E+00,    3.6047891089E+02,    3.6047891089E+02,    0.0000000000E+00,    0.0000000000E+00,    0.0000000000E+00,    3.6047891089E+02
    204250,      0.676964,CP6_after_kinetics,   1,    0.0000000000E+00,    3.6047891089E+02,    3.6047891089E+02,    0.0000000000E+00,    0.0000000000E+00,    0.0000000000E+00,    3.6047891089E+02
    204250,      0.676964,CP7_after_upper_clamp,   1,    0.0000000000E+00,    3.6047891089E+02,    3.6047891089E+02,    0.0000000000E+00,    0.0000000000E+00,    0.0000000000E+00,    3.6047891089E+02
    204250,      0.676964,CP8_after_OBC,   1,    0.0000000000E+00,    3.6047891089E+02,    3.6047891089E+02,    0.0000000000E+00,    0.0000000000E+00,    0.0000000000E+00,    3.6047891089E+02
    204250,      0.676964,CP9_after_PTsource,   1,    0.0000000000E+00,    3.6047891089E+02,    3.6047891089E+02,    0.0000000000E+00,    0.0000000000E+00,    0.0000000000E+00,    3.6047891089E+02
    204250,      0.676964,CP10_after_neg_clamp,   1,    0.0000000000E+00,    3.6047891089E+02,    3.6047891089E+02,    0.0000000000E+00,    0.0000000000E+00,    0.0000000000E+00,    3.6047891089E+02
    204250,      0.676964,CP11_after_MPI,   1,    0.0000000000E+00,    3.6047891089E+02,    3.6047891089E+02,    0.0000000000E+00,    0.0000000000E+00,    0.0000000000E+00,    3.6047891089E+02
    204250,      0.676964,CP12_end,   1,    0.0000000000E+00,    3.6047891089E+02,    3.6047891089E+02,    0.0000000000E+00,    0.0000000000E+00,    0.0000000000E+00,    3.6047891089E+02
    204300,      0.676964,CP0_start,   1,    0.0000000000E+00,    3.6062219081E+02,    3.6062219081E+02,    0.0000000000E+00,    0.0000000000E+00,    0.0000000000E+00,    3.6062219081E+02
    204300,      0.676964,CP1_after_deposition,   1,    0.0000000000E+00,    3.6062219081E+02,    3.6062219081E+02,    0.0000000000E+00,    0.0000000000E+00,    0.0000000000E+00,    3.6062219081E+02
    204300,      0.676964,CP2_after_erosion,   1,    0.0000000000E+00,    3.6062219081E+02,    3.6062219081E+02,    0.0000000000E+00,    0.0000000000E+00,    0.0000000000E+00,    3.6062219081E+02
    204300,      0.676964,CP3_after_update_bottom,   1,    0.0000000000E+00,    3.6062219081E+02,    3.6062219081E+02,    0.0000000000E+00,    0.0000000000E+00,    0.0000000000E+00,    3.6062219081E+02
    204300,      0.676964,CP4_after_advection,   1,    0.0000000000E+00,    3.6061248533E+02,    3.6061248533E+02,    0.0000000000E+00,    0.0000000000E+00,    0.0000000000E+00,    3.6061248533E+02
    204300,      0.676964,CP5_after_vdif,   1,    0.0000000000E+00,    3.6061248533E+02,    3.6061248533E+02,    0.0000000000E+00,    0.0000000000E+00,    0.0000000000E+00,    3.6061248533E+02
    204300,      0.676964,CP6_after_kinetics,   1,    0.0000000000E+00,    3.6061248533E+02,    3.6061248533E+02,    0.0000000000E+00,    0.0000000000E+00,    0.0000000000E+00,    3.6061248533E+02
    204300,      0.676964,CP7_after_upper_clamp,   1,    0.0000000000E+00,    3.6061248533E+02,    3.6061248533E+02,    0.0000000000E+00,    0.0000000000E+00,    0.0000000000E+00,    3.6061248533E+02
    204300,      0.676964,CP8_after_OBC,   1,    0.0000000000E+00,    3.6061248533E+02,    3.6061248533E+02,    0.0000000000E+00,    0.0000000000E+00,    0.0000000000E+00,    3.6061248533E+02
    204300,      0.676964,CP9_after_PTsource,   1,    0.0000000000E+00,    3.6061248533E+02,    3.6061248533E+02,    0.0000000000E+00,    0.0000000000E+00,    0.0000000000E+00,    3.6061248533E+02
    204300,      0.676964,CP10_after_neg_clamp,   1,    0.0000000000E+00,    3.6061248533E+02,    3.6061248533E+02,    0.0000000000E+00,    0.0000000000E+00,    0.0000000000E+00,    3.6061248533E+02
    204300,      0.676964,CP11_after_MPI,   1,    0.0000000000E+00,    3.6061248533E+02,    3.6061248533E+02,    0.0000000000E+00,    0.0000000000E+00,    0.0000000000E+00,    3.6061248533E+02
    204300,      0.676964,CP12_end,   1,    0.0000000000E+00,    3.6061248533E+02,    3.6061248533E+02,    0.0000000000E+00,    0.0000000000E+00,    0.0000000000E+00,    3.6061248533E+02
    204350,      0.676964,CP0_start,   1,    0.0000000000E+00,    3.6075663882E+02,    3.6075663882E+02,    0.0000000000E+00,    0.0000000000E+00,    0.0000000000E+00,    3.6075663882E+02
    204350,      0.676964,CP1_after_deposition,   1,    0.0000000000E+00,    3.6075663882E+02,    3.6075663882E+02,    0.0000000000E+00,    0.0000000000E+00,    0.0000000000E+00,    3.6075663882E+02
    204350,      0.676964,CP2_after_erosion,   1,    0.0000000000E+00,    3.6075663882E+02,    3.6075663882E+02,    0.0000000000E+00,    0.0000000000E+00,    0.0000000000E+00,    3.6075663882E+02
    204350,      0.676964,CP3_after_update_bottom,   1,    0.0000000000E+00,    3.6075663882E+02,    3.6075663882E+02,    0.0000000000E+00,    0.0000000000E+00,    0.0000000000E+00,    3.6075663882E+02
    204350,      0.676964,CP4_after_advection,   1,    0.0000000000E+00,    3.6074719473E+02,    3.6074719473E+02,    0.0000000000E+00,    0.0000000000E+00,    0.0000000000E+00,    3.6074719473E+02
    204350,      0.676964,CP5_after_vdif,   1,    0.0000000000E+00,    3.6074719473E+02,    3.6074719473E+02,    0.0000000000E+00,    0.0000000000E+00,    0.0000000000E+00,    3.6074719473E+02
    204350,      0.676964,CP6_after_kinetics,   1,    0.0000000000E+00,    3.6074719473E+02,    3.6074719473E+02,    0.0000000000E+00,    0.0000000000E+00,    0.0000000000E+00,    3.6074719473E+02
    204350,      0.676964,CP7_after_upper_clamp,   1,    0.0000000000E+00,    3.6074719473E+02,    3.6074719473E+02,    0.0000000000E+00,    0.0000000000E+00,    0.0000000000E+00,    3.6074719473E+02
    204350,      0.676964,CP8_after_OBC,   1,    0.0000000000E+00,    3.6074719473E+02,    3.6074719473E+02,    0.0000000000E+00,    0.0000000000E+00,    0.0000000000E+00,    3.6074719473E+02
    204350,      0.676964,CP9_after_PTsource,   1,    0.0000000000E+00,    3.6074719473E+02,    3.6074719473E+02,    0.0000000000E+00,    0.0000000000E+00,    0.0000000000E+00,    3.6074719473E+02
    204350,      0.676964,CP10_after_neg_clamp,   1,    0.0000000000E+00,    3.6074719473E+02,    3.6074719473E+02,    0.0000000000E+00,    0.0000000000E+00,    0.0000000000E+00,    3.6074719473E+02
    204350,      0.676964,CP11_after_MPI,   1,    0.0000000000E+00,    3.6074719473E+02,    3.6074719473E+02,    0.0000000000E+00,    0.0000000000E+00,    0.0000000000E+00,    3.6074719473E+02
    204350,      0.676964,CP12_end,   1,    0.0000000000E+00,    3.6074719473E+02,    3.6074719473E+02,    0.0000000000E+00,    0.0000000000E+00,    0.0000000000E+00,    3.6074719473E+02
    204400,      0.676964,CP0_start,   1,    0.0000000000E+00,    3.6089158696E+02,    3.6089158696E+02,    0.0000000000E+00,    0.0000000000E+00,    0.0000000000E+00,    3.6089158696E+02
    204400,      0.676964,CP1_after_deposition,   1,    0.0000000000E+00,    3.6089158696E+02,    3.6089158696E+02,    0.0000000000E+00,    0.0000000000E+00,    0.0000000000E+00,    3.6089158696E+02
    204400,      0.676964,CP2_after_erosion,   1,    0.0000000000E+00,    3.6089158696E+02,    3.6089158696E+02,    0.0000000000E+00,    0.0000000000E+00,    0.0000000000E+00,    3.6089158696E+02
    204400,      0.676964,CP3_after_update_bottom,   1,    0.0000000000E+00,    3.6089158696E+02,    3.6089158696E+02,    0.0000000000E+00,    0.0000000000E+00,    0.0000000000E+00,    3.6089158696E+02
    204400,      0.676964,CP4_after_advection,   1,    0.0000000000E+00,    3.6088241623E+02,    3.6088241623E+02,    0.0000000000E+00,    0.0000000000E+00,    0.0000000000E+00,    3.6088241623E+02
    204400,      0.676964,CP5_after_vdif,   1,    0.0000000000E+00,    3.6088241623E+02,    3.6088241623E+02,    0.0000000000E+00,    0.0000000000E+00,    0.0000000000E+00,    3.6088241623E+02
    204400,      0.676964,CP6_after_kinetics,   1,    0.0000000000E+00,    3.6088241623E+02,    3.6088241623E+02,    0.0000000000E+00,    0.0000000000E+00,    0.0000000000E+00,    3.6088241623E+02
    204400,      0.676964,CP7_after_upper_clamp,   1,    0.0000000000E+00,    3.6088241623E+02,    3.6088241623E+02,    0.0000000000E+00,    0.0000000000E+00,    0.0000000000E+00,    3.6088241623E+02
    204400,      0.676964,CP8_after_OBC,   1,    0.0000000000E+00,    3.6088241623E+02,    3.6088241623E+02,    0.0000000000E+00,    0.0000000000E+00,    0.0000000000E+00,    3.6088241623E+02
    204400,      0.676964,CP9_after_PTsource,   1,    0.0000000000E+00,    3.6088241623E+02,    3.6088241623E+02,    0.0000000000E+00,    0.0000000000E+00,    0.0000000000E+00,    3.6088241623E+02
    204400,      0.676964,CP10_after_neg_clamp,   1,    0.0000000000E+00,    3.6088241623E+02,    3.6088241623E+02,    0.0000000000E+00,    0.0000000000E+00,    0.0000000000E+00,    3.6088241623E+02
    204400,      0.676964,CP11_after_MPI,   1,    0.0000000000E+00,    3.6088241623E+02,    3.6088241623E+02,    0.0000000000E+00,    0.0000000000E+00,    0.0000000000E+00,    3.6088241623E+02
    204400,      0.676964,CP12_end,   1,    0.0000000000E+00,    3.6088241623E+02,    3.6088241623E+02,    0.0000000000E+00,    0.0000000000E+00,    0.0000000000E+00,    3.6088241623E+02
    204450,      0.676964,CP0_start,   1,    0.0000000000E+00,    3.6102719701E+02,    3.6102719701E+02,    0.0000000000E+00,    0.0000000000E+00,    0.0000000000E+00,    3.6102719701E+02
    204450,      0.676964,CP1_after_deposition,   1,    0.0000000000E+00,    3.6102719701E+02,    3.6102719701E+02,    0.0000000000E+00,    0.0000000000E+00,    0.0000000000E+00,    3.6102719701E+02
    204450,      0.676964,CP2_after_erosion,   1,    0.0000000000E+00,    3.6102719701E+02,    3.6102719701E+02,    0.0000000000E+00,    0.0000000000E+00,    0.0000000000E+00,    3.6102719701E+02
    204450,      0.676964,CP3_after_update_bottom,   1,    0.0000000000E+00,    3.6102719701E+02,    3.6102719701E+02,    0.0000000000E+00,    0.0000000000E+00,    0.0000000000E+00,    3.6102719701E+02
    204450,      0.676964,CP4_after_advection,   1,    0.0000000000E+00,    3.6101830650E+02,    3.6101830650E+02,    0.0000000000E+00,    0.0000000000E+00,    0.0000000000E+00,    3.6101830650E+02
    204450,      0.676964,CP5_after_vdif,   1,    0.0000000000E+00,    3.6101830650E+02,    3.6101830650E+02,    0.0000000000E+00,    0.0000000000E+00,    0.0000000000E+00,    3.6101830650E+02
    204450,      0.676964,CP6_after_kinetics,   1,    0.0000000000E+00,    3.6101830650E+02,    3.6101830650E+02,    0.0000000000E+00,    0.0000000000E+00,    0.0000000000E+00,    3.6101830650E+02
    204450,      0.676964,CP7_after_upper_clamp,   1,    0.0000000000E+00,    3.6101830650E+02,    3.6101830650E+02,    0.0000000000E+00,    0.0000000000E+00,    0.0000000000E+00,    3.6101830650E+02
    204450,      0.676964,CP8_after_OBC,   1,    0.0000000000E+00,    3.6101830650E+02,    3.6101830650E+02,    0.0000000000E+00,    0.0000000000E+00,    0.0000000000E+00,    3.6101830650E+02
    204450,      0.676964,CP9_after_PTsource,   1,    0.0000000000E+00,    3.6101830650E+02,    3.6101830650E+02,    0.0000000000E+00,    0.0000000000E+00,    0.0000000000E+00,    3.6101830650E+02
    204450,      0.676964,CP10_after_neg_clamp,   1,    0.0000000000E+00,    3.6101830650E+02,    3.6101830650E+02,    0.0000000000E+00,    0.0000000000E+00,    0.0000000000E+00,    3.6101830650E+02
    204450,      0.676964,CP11_after_MPI,   1,    0.0000000000E+00,    3.6101830650E+02,    3.6101830650E+02,    0.0000000000E+00,    0.0000000000E+00,    0.0000000000E+00,    3.6101830650E+02
    204450,      0.676964,CP12_end,   1,    0.0000000000E+00,    3.6101830650E+02,    3.6101830650E+02,    0.0000000000E+00,    0.0000000000E+00,    0.0000000000E+00,    3.6101830650E+02
    204500,      0.676965,CP0_start,   1,    0.0000000000E+00,    3.6116396916E+02,    3.6116396916E+02,    0.0000000000E+00,    0.0000000000E+00,    0.0000000000E+00,    3.6116396916E+02
    204500,      0.676965,CP1_after_deposition,   1,    0.0000000000E+00,    3.6116396916E+02,    3.6116396916E+02,    0.0000000000E+00,    0.0000000000E+00,    0.0000000000E+00,    3.6116396916E+02
    204500,      0.676965,CP2_after_erosion,   1,    0.0000000000E+00,    3.6116396916E+02,    3.6116396916E+02,    0.0000000000E+00,    0.0000000000E+00,    0.0000000000E+00,    3.6116396916E+02
    204500,      0.676965,CP3_after_update_bottom,   1,    0.0000000000E+00,    3.6116396916E+02,    3.6116396916E+02,    0.0000000000E+00,    0.0000000000E+00,    0.0000000000E+00,    3.6116396916E+02
    204500,      0.676965,CP4_after_advection,   1,    0.0000000000E+00,    3.6115536799E+02,    3.6115536799E+02,    0.0000000000E+00,    0.0000000000E+00,    0.0000000000E+00,    3.6115536799E+02
    204500,      0.676965,CP5_after_vdif,   1,    0.0000000000E+00,    3.6115536799E+02,    3.6115536799E+02,    0.0000000000E+00,    0.0000000000E+00,    0.0000000000E+00,    3.6115536799E+02
    204500,      0.676965,CP6_after_kinetics,   1,    0.0000000000E+00,    3.6115536799E+02,    3.6115536799E+02,    0.0000000000E+00,    0.0000000000E+00,    0.0000000000E+00,    3.6115536799E+02
    204500,      0.676965,CP7_after_upper_clamp,   1,    0.0000000000E+00,    3.6115536799E+02,    3.6115536799E+02,    0.0000000000E+00,    0.0000000000E+00,    0.0000000000E+00,    3.6115536799E+02
    204500,      0.676965,CP8_after_OBC,   1,    0.0000000000E+00,    3.6115536799E+02,    3.6115536799E+02,    0.0000000000E+00,    0.0000000000E+00,    0.0000000000E+00,    3.6115536799E+02
    204500,      0.676965,CP9_after_PTsource,   1,    0.0000000000E+00,    3.6115536799E+02,    3.6115536799E+02,    0.0000000000E+00,    0.0000000000E+00,    0.0000000000E+00,    3.6115536799E+02
    204500,      0.676965,CP10_after_neg_clamp,   1,    0.0000000000E+00,    3.6115536799E+02,    3.6115536799E+02,    0.0000000000E+00,    0.0000000000E+00,    0.0000000000E+00,    3.6115536799E+02
    204500,      0.676965,CP11_after_MPI,   1,    0.0000000000E+00,    3.6115536799E+02,    3.6115536799E+02,    0.0000000000E+00,    0.0000000000E+00,    0.0000000000E+00,    3.6115536799E+02
    204500,      0.676965,CP12_end,   1,    0.0000000000E+00,    3.6115536799E+02,    3.6115536799E+02,    0.0000000000E+00,    0.0000000000E+00,    0.0000000000E+00,    3.6115536799E+02
    204550,      0.676965,CP0_start,   1,    0.0000000000E+00,    3.6130226731E+02,    3.6130226731E+02,    0.0000000000E+00,    0.0000000000E+00,    0.0000000000E+00,    3.6130226731E+02
    204550,      0.676965,CP1_after_deposition,   1,    0.0000000000E+00,    3.6130226731E+02,    3.6130226731E+02,    0.0000000000E+00,    0.0000000000E+00,    0.0000000000E+00,    3.6130226731E+02
    204550,      0.676965,CP2_after_erosion,   1,    0.0000000000E+00,    3.6130226731E+02,    3.6130226731E+02,    0.0000000000E+00,    0.0000000000E+00,    0.0000000000E+00,    3.6130226731E+02
    204550,      0.676965,CP3_after_update_bottom,   1,    0.0000000000E+00,    3.6130226731E+02,    3.6130226731E+02,    0.0000000000E+00,    0.0000000000E+00,    0.0000000000E+00,    3.6130226731E+02
    204550,      0.676965,CP4_after_advection,   1,    0.0000000000E+00,    3.6129394529E+02,    3.6129394529E+02,    0.0000000000E+00,    0.0000000000E+00,    0.0000000000E+00,    3.6129394529E+02
    204550,      0.676965,CP5_after_vdif,   1,    0.0000000000E+00,    3.6129394529E+02,    3.6129394529E+02,    0.0000000000E+00,    0.0000000000E+00,    0.0000000000E+00,    3.6129394529E+02
    204550,      0.676965,CP6_after_kinetics,   1,    0.0000000000E+00,    3.6129394529E+02,    3.6129394529E+02,    0.0000000000E+00,    0.0000000000E+00,    0.0000000000E+00,    3.6129394529E+02
    204550,      0.676965,CP7_after_upper_clamp,   1,    0.0000000000E+00,    3.6129394529E+02,    3.6129394529E+02,    0.0000000000E+00,    0.0000000000E+00,    0.0000000000E+00,    3.6129394529E+02
    204550,      0.676965,CP8_after_OBC,   1,    0.0000000000E+00,    3.6129394529E+02,    3.6129394529E+02,    0.0000000000E+00,    0.0000000000E+00,    0.0000000000E+00,    3.6129394529E+02
    204550,      0.676965,CP9_after_PTsource,   1,    0.0000000000E+00,    3.6129394529E+02,    3.6129394529E+02,    0.0000000000E+00,    0.0000000000E+00,    0.0000000000E+00,    3.6129394529E+02
    204550,      0.676965,CP10_after_neg_clamp,   1,    0.0000000000E+00,    3.6129394529E+02,    3.6129394529E+02,    0.0000000000E+00,    0.0000000000E+00,    0.0000000000E+00,    3.6129394529E+02
    204550,      0.676965,CP11_after_MPI,   1,    0.0000000000E+00,    3.6129394529E+02,    3.6129394529E+02,    0.0000000000E+00,    0.0000000000E+00,    0.0000000000E+00,    3.6129394529E+02
    204550,      0.676965,CP12_end,   1,    0.0000000000E+00,    3.6129394529E+02,    3.6129394529E+02,    0.0000000000E+00,    0.0000000000E+00,    0.0000000000E+00,    3.6129394529E+02
    204600,      0.676965,CP0_start,   1,    0.0000000000E+00,    3.6144186059E+02,    3.6144186059E+02,    0.0000000000E+00,    0.0000000000E+00,    0.0000000000E+00,    3.6144186059E+02
    204600,      0.676965,CP1_after_deposition,   1,    0.0000000000E+00,    3.6144186059E+02,    3.6144186059E+02,    0.0000000000E+00,    0.0000000000E+00,    0.0000000000E+00,    3.6144186059E+02
    204600,      0.676965,CP2_after_erosion,   1,    0.0000000000E+00,    3.6144186059E+02,    3.6144186059E+02,    0.0000000000E+00,    0.0000000000E+00,    0.0000000000E+00,    3.6144186059E+02
    204600,      0.676965,CP3_after_update_bottom,   1,    0.0000000000E+00,    3.6144186059E+02,    3.6144186059E+02,    0.0000000000E+00,    0.0000000000E+00,    0.0000000000E+00,    3.6144186059E+02
    204600,      0.676965,CP4_after_advection,   1,    0.0000000000E+00,    3.6143380570E+02,    3.6143380570E+02,    0.0000000000E+00,    0.0000000000E+00,    0.0000000000E+00,    3.6143380570E+02
    204600,      0.676965,CP5_after_vdif,   1,    0.0000000000E+00,    3.6143380570E+02,    3.6143380570E+02,    0.0000000000E+00,    0.0000000000E+00,    0.0000000000E+00,    3.6143380570E+02
    204600,      0.676965,CP6_after_kinetics,   1,    0.0000000000E+00,    3.6143380570E+02,    3.6143380570E+02,    0.0000000000E+00,    0.0000000000E+00,    0.0000000000E+00,    3.6143380570E+02
    204600,      0.676965,CP7_after_upper_clamp,   1,    0.0000000000E+00,    3.6143380570E+02,    3.6143380570E+02,    0.0000000000E+00,    0.0000000000E+00,    0.0000000000E+00,    3.6143380570E+02
    204600,      0.676965,CP8_after_OBC,   1,    0.0000000000E+00,    3.6143380570E+02,    3.6143380570E+02,    0.0000000000E+00,    0.0000000000E+00,    0.0000000000E+00,    3.6143380570E+02
    204600,      0.676965,CP9_after_PTsource,   1,    0.0000000000E+00,    3.6143380570E+02,    3.6143380570E+02,    0.0000000000E+00,    0.0000000000E+00,    0.0000000000E+00,    3.6143380570E+02
    204600,      0.676965,CP10_after_neg_clamp,   1,    0.0000000000E+00,    3.6143380570E+02,    3.6143380570E+02,    0.0000000000E+00,    0.0000000000E+00,    0.0000000000E+00,    3.6143380570E+02
    204600,      0.676965,CP11_after_MPI,   1,    0.0000000000E+00,    3.6143380570E+02,    3.6143380570E+02,    0.0000000000E+00,    0.0000000000E+00,    0.0000000000E+00,    3.6143380570E+02
    204600,      0.676965,CP12_end,   1,    0.0000000000E+00,    3.6143380570E+02,    3.6143380570E+02,    0.0000000000E+00,    0.0000000000E+00,    0.0000000000E+00,    3.6143380570E+02
    204650,      0.676965,CP0_start,   1,    0.0000000000E+00,    3.6158248451E+02,    3.6158248451E+02,    0.0000000000E+00,    0.0000000000E+00,    0.0000000000E+00,    3.6158248451E+02
    204650,      0.676965,CP1_after_deposition,   1,    0.0000000000E+00,    3.6158248451E+02,    3.6158248451E+02,    0.0000000000E+00,    0.0000000000E+00,    0.0000000000E+00,    3.6158248451E+02
    204650,      0.676965,CP2_after_erosion,   1,    0.0000000000E+00,    3.6158248451E+02,    3.6158248451E+02,    0.0000000000E+00,    0.0000000000E+00,    0.0000000000E+00,    3.6158248451E+02
    204650,      0.676965,CP3_after_update_bottom,   1,    0.0000000000E+00,    3.6158248451E+02,    3.6158248451E+02,    0.0000000000E+00,    0.0000000000E+00,    0.0000000000E+00,    3.6158248451E+02
    204650,      0.676965,CP4_after_advection,   1,    0.0000000000E+00,    3.6157470609E+02,    3.6157470609E+02,    0.0000000000E+00,    0.0000000000E+00,    0.0000000000E+00,    3.6157470609E+02
    204650,      0.676965,CP5_after_vdif,   1,    0.0000000000E+00,    3.6157470609E+02,    3.6157470609E+02,    0.0000000000E+00,    0.0000000000E+00,    0.0000000000E+00,    3.6157470609E+02
    204650,      0.676965,CP6_after_kinetics,   1,    0.0000000000E+00,    3.6157470609E+02,    3.6157470609E+02,    0.0000000000E+00,    0.0000000000E+00,    0.0000000000E+00,    3.6157470609E+02
    204650,      0.676965,CP7_after_upper_clamp,   1,    0.0000000000E+00,    3.6157470609E+02,    3.6157470609E+02,    0.0000000000E+00,    0.0000000000E+00,    0.0000000000E+00,    3.6157470609E+02
    204650,      0.676965,CP8_after_OBC,   1,    0.0000000000E+00,    3.6157470609E+02,    3.6157470609E+02,    0.0000000000E+00,    0.0000000000E+00,    0.0000000000E+00,    3.6157470609E+02
    204650,      0.676965,CP9_after_PTsource,   1,    0.0000000000E+00,    3.6157470609E+02,    3.6157470609E+02,    0.0000000000E+00,    0.0000000000E+00,    0.0000000000E+00,    3.6157470609E+02
    204650,      0.676965,CP10_after_neg_clamp,   1,    0.0000000000E+00,    3.6157470609E+02,    3.6157470609E+02,    0.0000000000E+00,    0.0000000000E+00,    0.0000000000E+00,    3.6157470609E+02
    204650,      0.676965,CP11_after_MPI,   1,    0.0000000000E+00,    3.6157470609E+02,    3.6157470609E+02,    0.0000000000E+00,    0.0000000000E+00,    0.0000000000E+00,    3.6157470609E+02
    204650,      0.676965,CP12_end,   1,    0.0000000000E+00,    3.6157470609E+02,    3.6157470609E+02,    0.0000000000E+00,    0.0000000000E+00,    0.0000000000E+00,    3.6157470609E+02
    204700,      0.676965,CP0_start,   1,    0.0000000000E+00,    3.6172443117E+02,    3.6172443117E+02,    0.0000000000E+00,    0.0000000000E+00,    0.0000000000E+00,    3.6172443117E+02
    204700,      0.676965,CP1_after_deposition,   1,    0.0000000000E+00,    3.6172443117E+02,    3.6172443117E+02,    0.0000000000E+00,    0.0000000000E+00,    0.0000000000E+00,    3.6172443117E+02
    204700,      0.676965,CP2_after_erosion,   1,    0.0000000000E+00,    3.6172443117E+02,    3.6172443117E+02,    0.0000000000E+00,    0.0000000000E+00,    0.0000000000E+00,    3.6172443117E+02
    204700,      0.676965,CP3_after_update_bottom,   1,    0.0000000000E+00,    3.6172443117E+02,    3.6172443117E+02,    0.0000000000E+00,    0.0000000000E+00,    0.0000000000E+00,    3.6172443117E+02
    204700,      0.676965,CP4_after_advection,   1,    0.0000000000E+00,    3.6171690856E+02,    3.6171690856E+02,    0.0000000000E+00,    0.0000000000E+00,    0.0000000000E+00,    3.6171690856E+02
    204700,      0.676965,CP5_after_vdif,   1,    0.0000000000E+00,    3.6171690856E+02,    3.6171690856E+02,    0.0000000000E+00,    0.0000000000E+00,    0.0000000000E+00,    3.6171690856E+02
    204700,      0.676965,CP6_after_kinetics,   1,    0.0000000000E+00,    3.6171690856E+02,    3.6171690856E+02,    0.0000000000E+00,    0.0000000000E+00,    0.0000000000E+00,    3.6171690856E+02
    204700,      0.676965,CP7_after_upper_clamp,   1,    0.0000000000E+00,    3.6171690856E+02,    3.6171690856E+02,    0.0000000000E+00,    0.0000000000E+00,    0.0000000000E+00,    3.6171690856E+02
    204700,      0.676965,CP8_after_OBC,   1,    0.0000000000E+00,    3.6171690856E+02,    3.6171690856E+02,    0.0000000000E+00,    0.0000000000E+00,    0.0000000000E+00,    3.6171690856E+02
    204700,      0.676965,CP9_after_PTsource,   1,    0.0000000000E+00,    3.6171690856E+02,    3.6171690856E+02,    0.0000000000E+00,    0.0000000000E+00,    0.0000000000E+00,    3.6171690856E+02
    204700,      0.676965,CP10_after_neg_clamp,   1,    0.0000000000E+00,    3.6171690856E+02,    3.6171690856E+02,    0.0000000000E+00,    0.0000000000E+00,    0.0000000000E+00,    3.6171690856E+02
    204700,      0.676965,CP11_after_MPI,   1,    0.0000000000E+00,    3.6171690856E+02,    3.6171690856E+02,    0.0000000000E+00,    0.0000000000E+00,    0.0000000000E+00,    3.6171690856E+02
    204700,      0.676965,CP12_end,   1,    0.0000000000E+00,    3.6171690856E+02,    3.6171690856E+02,    0.0000000000E+00,    0.0000000000E+00,    0.0000000000E+00,    3.6171690856E+02
    204750,      0.676965,CP0_start,   1,    0.0000000000E+00,    3.6186759746E+02,    3.6186759746E+02,    0.0000000000E+00,    0.0000000000E+00,    0.0000000000E+00,    3.6186759746E+02
    204750,      0.676965,CP1_after_deposition,   1,    0.0000000000E+00,    3.6186759746E+02,    3.6186759746E+02,    0.0000000000E+00,    0.0000000000E+00,    0.0000000000E+00,    3.6186759746E+02
    204750,      0.676965,CP2_after_erosion,   1,    0.0000000000E+00,    3.6186759746E+02,    3.6186759746E+02,    0.0000000000E+00,    0.0000000000E+00,    0.0000000000E+00,    3.6186759746E+02
    204750,      0.676965,CP3_after_update_bottom,   1,    0.0000000000E+00,    3.6186759746E+02,    3.6186759746E+02,    0.0000000000E+00,    0.0000000000E+00,    0.0000000000E+00,    3.6186759746E+02
    204750,      0.676965,CP4_after_advection,   1,    0.0000000000E+00,    3.6186032703E+02,    3.6186032703E+02,    0.0000000000E+00,    0.0000000000E+00,    0.0000000000E+00,    3.6186032703E+02
    204750,      0.676965,CP5_after_vdif,   1,    0.0000000000E+00,    3.6186032703E+02,    3.6186032703E+02,    0.0000000000E+00,    0.0000000000E+00,    0.0000000000E+00,    3.6186032703E+02
    204750,      0.676965,CP6_after_kinetics,   1,    0.0000000000E+00,    3.6186032703E+02,    3.6186032703E+02,    0.0000000000E+00,    0.0000000000E+00,    0.0000000000E+00,    3.6186032703E+02
    204750,      0.676965,CP7_after_upper_clamp,   1,    0.0000000000E+00,    3.6186032703E+02,    3.6186032703E+02,    0.0000000000E+00,    0.0000000000E+00,    0.0000000000E+00,    3.6186032703E+02
    204750,      0.676965,CP8_after_OBC,   1,    0.0000000000E+00,    3.6186032703E+02,    3.6186032703E+02,    0.0000000000E+00,    0.0000000000E+00,    0.0000000000E+00,    3.6186032703E+02
    204750,      0.676965,CP9_after_PTsource,   1,    0.0000000000E+00,    3.6186032703E+02,    3.6186032703E+02,    0.0000000000E+00,    0.0000000000E+00,    0.0000000000E+00,    3.6186032703E+02
    204750,      0.676965,CP10_after_neg_clamp,   1,    0.0000000000E+00,    3.6186032703E+02,    3.6186032703E+02,    0.0000000000E+00,    0.0000000000E+00,    0.0000000000E+00,    3.6186032703E+02
    204750,      0.676965,CP11_after_MPI,   1,    0.0000000000E+00,    3.6186032703E+02,    3.6186032703E+02,    0.0000000000E+00,    0.0000000000E+00,    0.0000000000E+00,    3.6186032703E+02
    204750,      0.676965,CP12_end,   1,    0.0000000000E+00,    3.6186032703E+02,    3.6186032703E+02,    0.0000000000E+00,    0.0000000000E+00,    0.0000000000E+00,    3.6186032703E+02
    204800,      0.676965,CP0_start,   1,    0.0000000000E+00,    3.6201217825E+02,    3.6201217825E+02,    0.0000000000E+00,    0.0000000000E+00,    0.0000000000E+00,    3.6201217825E+02
    204800,      0.676965,CP1_after_deposition,   1,    0.0000000000E+00,    3.6201217825E+02,    3.6201217825E+02,    0.0000000000E+00,    0.0000000000E+00,    0.0000000000E+00,    3.6201217825E+02
    204800,      0.676965,CP2_after_erosion,   1,    0.0000000000E+00,    3.6201217825E+02,    3.6201217825E+02,    0.0000000000E+00,    0.0000000000E+00,    0.0000000000E+00,    3.6201217825E+02
    204800,      0.676965,CP3_after_update_bottom,   1,    0.0000000000E+00,    3.6201217825E+02,    3.6201217825E+02,    0.0000000000E+00,    0.0000000000E+00,    0.0000000000E+00,    3.6201217825E+02
    204800,      0.676965,CP4_after_advection,   1,    0.0000000000E+00,    3.6200514532E+02,    3.6200514532E+02,    0.0000000000E+00,    0.0000000000E+00,    0.0000000000E+00,    3.6200514532E+02
    204800,      0.676965,CP5_after_vdif,   1,    0.0000000000E+00,    3.6200514532E+02,    3.6200514532E+02,    0.0000000000E+00,    0.0000000000E+00,    0.0000000000E+00,    3.6200514532E+02
    204800,      0.676965,CP6_after_kinetics,   1,    0.0000000000E+00,    3.6200514532E+02,    3.6200514532E+02,    0.0000000000E+00,    0.0000000000E+00,    0.0000000000E+00,    3.6200514532E+02
    204800,      0.676965,CP7_after_upper_clamp,   1,    0.0000000000E+00,    3.6200514532E+02,    3.6200514532E+02,    0.0000000000E+00,    0.0000000000E+00,    0.0000000000E+00,    3.6200514532E+02
    204800,      0.676965,CP8_after_OBC,   1,    0.0000000000E+00,    3.6200514532E+02,    3.6200514532E+02,    0.0000000000E+00,    0.0000000000E+00,    0.0000000000E+00,    3.6200514532E+02
    204800,      0.676965,CP9_after_PTsource,   1,    0.0000000000E+00,    3.6200514532E+02,    3.6200514532E+02,    0.0000000000E+00,    0.0000000000E+00,    0.0000000000E+00,    3.6200514532E+02
    204800,      0.676965,CP10_after_neg_clamp,   1,    0.0000000000E+00,    3.6200514532E+02,    3.6200514532E+02,    0.0000000000E+00,    0.0000000000E+00,    0.0000000000E+00,    3.6200514532E+02
    204800,      0.676965,CP11_after_MPI,   1,    0.0000000000E+00,    3.6200514532E+02,    3.6200514532E+02,    0.0000000000E+00,    0.0000000000E+00,    0.0000000000E+00,    3.6200514532E+02
    204800,      0.676965,CP12_end,   1,    0.0000000000E+00,    3.6200514532E+02,    3.6200514532E+02,    0.0000000000E+00,    0.0000000000E+00,    0.0000000000E+00,    3.6200514532E+02
    204850,      0.676965,CP0_start,   1,    0.0000000000E+00,    3.6215813272E+02,    3.6215813272E+02,    0.0000000000E+00,    0.0000000000E+00,    0.0000000000E+00,    3.6215813272E+02
    204850,      0.676965,CP1_after_deposition,   1,    0.0000000000E+00,    3.6215813272E+02,    3.6215813272E+02,    0.0000000000E+00,    0.0000000000E+00,    0.0000000000E+00,    3.6215813272E+02
    204850,      0.676965,CP2_after_erosion,   1,    0.0000000000E+00,    3.6215813272E+02,    3.6215813272E+02,    0.0000000000E+00,    0.0000000000E+00,    0.0000000000E+00,    3.6215813272E+02
    204850,      0.676965,CP3_after_update_bottom,   1,    0.0000000000E+00,    3.6215813272E+02,    3.6215813272E+02,    0.0000000000E+00,    0.0000000000E+00,    0.0000000000E+00,    3.6215813272E+02
    204850,      0.676965,CP4_after_advection,   1,    0.0000000000E+00,    3.6215132744E+02,    3.6215132744E+02,    0.0000000000E+00,    0.0000000000E+00,    0.0000000000E+00,    3.6215132744E+02
    204850,      0.676965,CP5_after_vdif,   1,    0.0000000000E+00,    3.6215132744E+02,    3.6215132744E+02,    0.0000000000E+00,    0.0000000000E+00,    0.0000000000E+00,    3.6215132744E+02
    204850,      0.676965,CP6_after_kinetics,   1,    0.0000000000E+00,    3.6215132744E+02,    3.6215132744E+02,    0.0000000000E+00,    0.0000000000E+00,    0.0000000000E+00,    3.6215132744E+02
    204850,      0.676965,CP7_after_upper_clamp,   1,    0.0000000000E+00,    3.6215132744E+02,    3.6215132744E+02,    0.0000000000E+00,    0.0000000000E+00,    0.0000000000E+00,    3.6215132744E+02
    204850,      0.676965,CP8_after_OBC,   1,    0.0000000000E+00,    3.6215132744E+02,    3.6215132744E+02,    0.0000000000E+00,    0.0000000000E+00,    0.0000000000E+00,    3.6215132744E+02
    204850,      0.676965,CP9_after_PTsource,   1,    0.0000000000E+00,    3.6215132744E+02,    3.6215132744E+02,    0.0000000000E+00,    0.0000000000E+00,    0.0000000000E+00,    3.6215132744E+02
    204850,      0.676965,CP10_after_neg_clamp,   1,    0.0000000000E+00,    3.6215132744E+02,    3.6215132744E+02,    0.0000000000E+00,    0.0000000000E+00,    0.0000000000E+00,    3.6215132744E+02
    204850,      0.676965,CP11_after_MPI,   1,    0.0000000000E+00,    3.6215132744E+02,    3.6215132744E+02,    0.0000000000E+00,    0.0000000000E+00,    0.0000000000E+00,    3.6215132744E+02
    204850,      0.676965,CP12_end,   1,    0.0000000000E+00,    3.6215132744E+02,    3.6215132744E+02,    0.0000000000E+00,    0.0000000000E+00,    0.0000000000E+00,    3.6215132744E+02
    204900,      0.676965,CP0_start,   1,    0.0000000000E+00,    3.6230553293E+02,    3.6230553293E+02,    0.0000000000E+00,    0.0000000000E+00,    0.0000000000E+00,    3.6230553293E+02
    204900,      0.676965,CP1_after_deposition,   1,    0.0000000000E+00,    3.6230553293E+02,    3.6230553293E+02,    0.0000000000E+00,    0.0000000000E+00,    0.0000000000E+00,    3.6230553293E+02
    204900,      0.676965,CP2_after_erosion,   1,    0.0000000000E+00,    3.6230553293E+02,    3.6230553293E+02,    0.0000000000E+00,    0.0000000000E+00,    0.0000000000E+00,    3.6230553293E+02
    204900,      0.676965,CP3_after_update_bottom,   1,    0.0000000000E+00,    3.6230553293E+02,    3.6230553293E+02,    0.0000000000E+00,    0.0000000000E+00,    0.0000000000E+00,    3.6230553293E+02
    204900,      0.676965,CP4_after_advection,   1,    0.0000000000E+00,    3.6229894216E+02,    3.6229894216E+02,    0.0000000000E+00,    0.0000000000E+00,    0.0000000000E+00,    3.6229894216E+02
    204900,      0.676965,CP5_after_vdif,   1,    0.0000000000E+00,    3.6229894216E+02,    3.6229894216E+02,    0.0000000000E+00,    0.0000000000E+00,    0.0000000000E+00,    3.6229894216E+02
    204900,      0.676965,CP6_after_kinetics,   1,    0.0000000000E+00,    3.6229894216E+02,    3.6229894216E+02,    0.0000000000E+00,    0.0000000000E+00,    0.0000000000E+00,    3.6229894216E+02
    204900,      0.676965,CP7_after_upper_clamp,   1,    0.0000000000E+00,    3.6229894216E+02,    3.6229894216E+02,    0.0000000000E+00,    0.0000000000E+00,    0.0000000000E+00,    3.6229894216E+02
    204900,      0.676965,CP8_after_OBC,   1,    0.0000000000E+00,    3.6229894216E+02,    3.6229894216E+02,    0.0000000000E+00,    0.0000000000E+00,    0.0000000000E+00,    3.6229894216E+02
    204900,      0.676965,CP9_after_PTsource,   1,    0.0000000000E+00,    3.6229894216E+02,    3.6229894216E+02,    0.0000000000E+00,    0.0000000000E+00,    0.0000000000E+00,    3.6229894216E+02
    204900,      0.676965,CP10_after_neg_clamp,   1,    0.0000000000E+00,    3.6229894216E+02,    3.6229894216E+02,    0.0000000000E+00,    0.0000000000E+00,    0.0000000000E+00,    3.6229894216E+02
    204900,      0.676965,CP11_after_MPI,   1,    0.0000000000E+00,    3.6229894216E+02,    3.6229894216E+02,    0.0000000000E+00,    0.0000000000E+00,    0.0000000000E+00,    3.6229894216E+02
    204900,      0.676965,CP12_end,   1,    0.0000000000E+00,    3.6229894216E+02,    3.6229894216E+02,    0.0000000000E+00,    0.0000000000E+00,    0.0000000000E+00,    3.6229894216E+02
    204950,      0.676965,CP0_start,   1,    0.0000000000E+00,    3.6245415735E+02,    3.6245415735E+02,    0.0000000000E+00,    0.0000000000E+00,    0.0000000000E+00,    3.6245415735E+02
    204950,      0.676965,CP1_after_deposition,   1,    0.0000000000E+00,    3.6245415735E+02,    3.6245415735E+02,    0.0000000000E+00,    0.0000000000E+00,    0.0000000000E+00,    3.6245415735E+02
    204950,      0.676965,CP2_after_erosion,   1,    0.0000000000E+00,    3.6245415735E+02,    3.6245415735E+02,    0.0000000000E+00,    0.0000000000E+00,    0.0000000000E+00,    3.6245415735E+02
    204950,      0.676965,CP3_after_update_bottom,   1,    0.0000000000E+00,    3.6245415735E+02,    3.6245415735E+02,    0.0000000000E+00,    0.0000000000E+00,    0.0000000000E+00,    3.6245415735E+02
    204950,      0.676965,CP4_after_advection,   1,    0.0000000000E+00,    3.6244776664E+02,    3.6244776664E+02,    0.0000000000E+00,    0.0000000000E+00,    0.0000000000E+00,    3.6244776664E+02
    204950,      0.676965,CP5_after_vdif,   1,    0.0000000000E+00,    3.6244776664E+02,    3.6244776664E+02,    0.0000000000E+00,    0.0000000000E+00,    0.0000000000E+00,    3.6244776664E+02
    204950,      0.676965,CP6_after_kinetics,   1,    0.0000000000E+00,    3.6244776664E+02,    3.6244776664E+02,    0.0000000000E+00,    0.0000000000E+00,    0.0000000000E+00,    3.6244776664E+02
    204950,      0.676965,CP7_after_upper_clamp,   1,    0.0000000000E+00,    3.6244776664E+02,    3.6244776664E+02,    0.0000000000E+00,    0.0000000000E+00,    0.0000000000E+00,    3.6244776664E+02
    204950,      0.676965,CP8_after_OBC,   1,    0.0000000000E+00,    3.6244776664E+02,    3.6244776664E+02,    0.0000000000E+00,    0.0000000000E+00,    0.0000000000E+00,    3.6244776664E+02
    204950,      0.676965,CP9_after_PTsource,   1,    0.0000000000E+00,    3.6244776664E+02,    3.6244776664E+02,    0.0000000000E+00,    0.0000000000E+00,    0.0000000000E+00,    3.6244776664E+02
    204950,      0.676965,CP10_after_neg_clamp,   1,    0.0000000000E+00,    3.6244776664E+02,    3.6244776664E+02,    0.0000000000E+00,    0.0000000000E+00,    0.0000000000E+00,    3.6244776664E+02
    204950,      0.676965,CP11_after_MPI,   1,    0.0000000000E+00,    3.6244776664E+02,    3.6244776664E+02,    0.0000000000E+00,    0.0000000000E+00,    0.0000000000E+00,    3.6244776664E+02
    204950,      0.676965,CP12_end,   1,    0.0000000000E+00,    3.6244776664E+02,    3.6244776664E+02,    0.0000000000E+00,    0.0000000000E+00,    0.0000000000E+00,    3.6244776664E+02
    205000,      0.676965,CP0_start,   1,    0.0000000000E+00,    3.6260403208E+02,    3.6260403208E+02,    0.0000000000E+00,    0.0000000000E+00,    0.0000000000E+00,    3.6260403208E+02
    205000,      0.676965,CP1_after_deposition,   1,    0.0000000000E+00,    3.6260403208E+02,    3.6260403208E+02,    0.0000000000E+00,    0.0000000000E+00,    0.0000000000E+00,    3.6260403208E+02
    205000,      0.676965,CP2_after_erosion,   1,    0.0000000000E+00,    3.6260403208E+02,    3.6260403208E+02,    0.0000000000E+00,    0.0000000000E+00,    0.0000000000E+00,    3.6260403208E+02
    205000,      0.676965,CP3_after_update_bottom,   1,    0.0000000000E+00,    3.6260403208E+02,    3.6260403208E+02,    0.0000000000E+00,    0.0000000000E+00,    0.0000000000E+00,    3.6260403208E+02
    205000,      0.676965,CP4_after_advection,   1,    0.0000000000E+00,    3.6259783635E+02,    3.6259783635E+02,    0.0000000000E+00,    0.0000000000E+00,    0.0000000000E+00,    3.6259783635E+02
    205000,      0.676965,CP5_after_vdif,   1,    0.0000000000E+00,    3.6259783635E+02,    3.6259783635E+02,    0.0000000000E+00,    0.0000000000E+00,    0.0000000000E+00,    3.6259783635E+02
    205000,      0.676965,CP6_after_kinetics,   1,    0.0000000000E+00,    3.6259783635E+02,    3.6259783635E+02,    0.0000000000E+00,    0.0000000000E+00,    0.0000000000E+00,    3.6259783635E+02
    205000,      0.676965,CP7_after_upper_clamp,   1,    0.0000000000E+00,    3.6259783635E+02,    3.6259783635E+02,    0.0000000000E+00,    0.0000000000E+00,    0.0000000000E+00,    3.6259783635E+02
    205000,      0.676965,CP8_after_OBC,   1,    0.0000000000E+00,    3.6259783635E+02,    3.6259783635E+02,    0.0000000000E+00,    0.0000000000E+00,    0.0000000000E+00,    3.6259783635E+02
    205000,      0.676965,CP9_after_PTsource,   1,    0.0000000000E+00,    3.6259783635E+02,    3.6259783635E+02,    0.0000000000E+00,    0.0000000000E+00,    0.0000000000E+00,    3.6259783635E+02
    205000,      0.676965,CP10_after_neg_clamp,   1,    0.0000000000E+00,    3.6259783635E+02,    3.6259783635E+02,    0.0000000000E+00,    0.0000000000E+00,    0.0000000000E+00,    3.6259783635E+02
    205000,      0.676965,CP11_after_MPI,   1,    0.0000000000E+00,    3.6259783635E+02,    3.6259783635E+02,    0.0000000000E+00,    0.0000000000E+00,    0.0000000000E+00,    3.6259783635E+02
    205000,      0.676965,CP12_end,   1,    0.0000000000E+00,    3.6259783635E+02,    3.6259783635E+02,    0.0000000000E+00,    0.0000000000E+00,    0.0000000000E+00,    3.6259783635E+02
    205050,      0.676965,CP0_start,   1,    0.0000000000E+00,    3.6275509757E+02,    3.6275509757E+02,    0.0000000000E+00,    0.0000000000E+00,    0.0000000000E+00,    3.6275509757E+02
    205050,      0.676965,CP1_after_deposition,   1,    0.0000000000E+00,    3.6275509757E+02,    3.6275509757E+02,    0.0000000000E+00,    0.0000000000E+00,    0.0000000000E+00,    3.6275509757E+02
    205050,      0.676965,CP2_after_erosion,   1,    0.0000000000E+00,    3.6275509757E+02,    3.6275509757E+02,    0.0000000000E+00,    0.0000000000E+00,    0.0000000000E+00,    3.6275509757E+02
    205050,      0.676965,CP3_after_update_bottom,   1,    0.0000000000E+00,    3.6275509757E+02,    3.6275509757E+02,    0.0000000000E+00,    0.0000000000E+00,    0.0000000000E+00,    3.6275509757E+02
    205050,      0.676965,CP4_after_advection,   1,    0.0000000000E+00,    3.6274907827E+02,    3.6274907827E+02,    0.0000000000E+00,    0.0000000000E+00,    0.0000000000E+00,    3.6274907827E+02
    205050,      0.676965,CP5_after_vdif,   1,    0.0000000000E+00,    3.6274907827E+02,    3.6274907827E+02,    0.0000000000E+00,    0.0000000000E+00,    0.0000000000E+00,    3.6274907827E+02
    205050,      0.676965,CP6_after_kinetics,   1,    0.0000000000E+00,    3.6274907827E+02,    3.6274907827E+02,    0.0000000000E+00,    0.0000000000E+00,    0.0000000000E+00,    3.6274907827E+02
    205050,      0.676965,CP7_after_upper_clamp,   1,    0.0000000000E+00,    3.6274907827E+02,    3.6274907827E+02,    0.0000000000E+00,    0.0000000000E+00,    0.0000000000E+00,    3.6274907827E+02
    205050,      0.676965,CP8_after_OBC,   1,    0.0000000000E+00,    3.6274907827E+02,    3.6274907827E+02,    0.0000000000E+00,    0.0000000000E+00,    0.0000000000E+00,    3.6274907827E+02
    205050,      0.676965,CP9_after_PTsource,   1,    0.0000000000E+00,    3.6274907827E+02,    3.6274907827E+02,    0.0000000000E+00,    0.0000000000E+00,    0.0000000000E+00,    3.6274907827E+02
    205050,      0.676965,CP10_after_neg_clamp,   1,    0.0000000000E+00,    3.6274907827E+02,    3.6274907827E+02,    0.0000000000E+00,    0.0000000000E+00,    0.0000000000E+00,    3.6274907827E+02
    205050,      0.676965,CP11_after_MPI,   1,    0.0000000000E+00,    3.6274907827E+02,    3.6274907827E+02,    0.0000000000E+00,    0.0000000000E+00,    0.0000000000E+00,    3.6274907827E+02
    205050,      0.676965,CP12_end,   1,    0.0000000000E+00,    3.6274907827E+02,    3.6274907827E+02,    0.0000000000E+00,    0.0000000000E+00,    0.0000000000E+00,    3.6274907827E+02
    205100,      0.676965,CP0_start,   1,    0.0000000000E+00,    3.6290735396E+02,    3.6290735396E+02,    0.0000000000E+00,    0.0000000000E+00,    0.0000000000E+00,    3.6290735396E+02
    205100,      0.676965,CP1_after_deposition,   1,    0.0000000000E+00,    3.6290735396E+02,    3.6290735396E+02,    0.0000000000E+00,    0.0000000000E+00,    0.0000000000E+00,    3.6290735396E+02
    205100,      0.676965,CP2_after_erosion,   1,    0.0000000000E+00,    3.6290735396E+02,    3.6290735396E+02,    0.0000000000E+00,    0.0000000000E+00,    0.0000000000E+00,    3.6290735396E+02
    205100,      0.676965,CP3_after_update_bottom,   1,    0.0000000000E+00,    3.6290735396E+02,    3.6290735396E+02,    0.0000000000E+00,    0.0000000000E+00,    0.0000000000E+00,    3.6290735396E+02
    205100,      0.676965,CP4_after_advection,   1,    0.0000000000E+00,    3.6290151298E+02,    3.6290151298E+02,    0.0000000000E+00,    0.0000000000E+00,    0.0000000000E+00,    3.6290151298E+02
    205100,      0.676965,CP5_after_vdif,   1,    0.0000000000E+00,    3.6290151298E+02,    3.6290151298E+02,    0.0000000000E+00,    0.0000000000E+00,    0.0000000000E+00,    3.6290151298E+02
    205100,      0.676965,CP6_after_kinetics,   1,    0.0000000000E+00,    3.6290151298E+02,    3.6290151298E+02,    0.0000000000E+00,    0.0000000000E+00,    0.0000000000E+00,    3.6290151298E+02
    205100,      0.676965,CP7_after_upper_clamp,   1,    0.0000000000E+00,    3.6290151298E+02,    3.6290151298E+02,    0.0000000000E+00,    0.0000000000E+00,    0.0000000000E+00,    3.6290151298E+02
    205100,      0.676965,CP8_after_OBC,   1,    0.0000000000E+00,    3.6290151298E+02,    3.6290151298E+02,    0.0000000000E+00,    0.0000000000E+00,    0.0000000000E+00,    3.6290151298E+02
    205100,      0.676965,CP9_after_PTsource,   1,    0.0000000000E+00,    3.6290151298E+02,    3.6290151298E+02,    0.0000000000E+00,    0.0000000000E+00,    0.0000000000E+00,    3.6290151298E+02
    205100,      0.676965,CP10_after_neg_clamp,   1,    0.0000000000E+00,    3.6290151298E+02,    3.6290151298E+02,    0.0000000000E+00,    0.0000000000E+00,    0.0000000000E+00,    3.6290151298E+02
    205100,      0.676965,CP11_after_MPI,   1,    0.0000000000E+00,    3.6290151298E+02,    3.6290151298E+02,    0.0000000000E+00,    0.0000000000E+00,    0.0000000000E+00,    3.6290151298E+02
    205100,      0.676965,CP12_end,   1,    0.0000000000E+00,    3.6290151298E+02,    3.6290151298E+02,    0.0000000000E+00,    0.0000000000E+00,    0.0000000000E+00,    3.6290151298E+02
    205150,      0.676965,CP0_start,   1,    0.0000000000E+00,    3.6306061575E+02,    3.6306061575E+02,    0.0000000000E+00,    0.0000000000E+00,    0.0000000000E+00,    3.6306061575E+02
    205150,      0.676965,CP1_after_deposition,   1,    0.0000000000E+00,    3.6306061575E+02,    3.6306061575E+02,    0.0000000000E+00,    0.0000000000E+00,    0.0000000000E+00,    3.6306061575E+02
    205150,      0.676965,CP2_after_erosion,   1,    0.0000000000E+00,    3.6306061575E+02,    3.6306061575E+02,    0.0000000000E+00,    0.0000000000E+00,    0.0000000000E+00,    3.6306061575E+02
    205150,      0.676965,CP3_after_update_bottom,   1,    0.0000000000E+00,    3.6306061575E+02,    3.6306061575E+02,    0.0000000000E+00,    0.0000000000E+00,    0.0000000000E+00,    3.6306061575E+02
    205150,      0.676965,CP4_after_advection,   1,    0.0000000000E+00,    3.6305493558E+02,    3.6305493558E+02,    0.0000000000E+00,    0.0000000000E+00,    0.0000000000E+00,    3.6305493558E+02
    205150,      0.676965,CP5_after_vdif,   1,    0.0000000000E+00,    3.6305493558E+02,    3.6305493558E+02,    0.0000000000E+00,    0.0000000000E+00,    0.0000000000E+00,    3.6305493558E+02
    205150,      0.676965,CP6_after_kinetics,   1,    0.0000000000E+00,    3.6305493558E+02,    3.6305493558E+02,    0.0000000000E+00,    0.0000000000E+00,    0.0000000000E+00,    3.6305493558E+02
    205150,      0.676965,CP7_after_upper_clamp,   1,    0.0000000000E+00,    3.6305493558E+02,    3.6305493558E+02,    0.0000000000E+00,    0.0000000000E+00,    0.0000000000E+00,    3.6305493558E+02
    205150,      0.676965,CP8_after_OBC,   1,    0.0000000000E+00,    3.6305493558E+02,    3.6305493558E+02,    0.0000000000E+00,    0.0000000000E+00,    0.0000000000E+00,    3.6305493558E+02
    205150,      0.676965,CP9_after_PTsource,   1,    0.0000000000E+00,    3.6305493558E+02,    3.6305493558E+02,    0.0000000000E+00,    0.0000000000E+00,    0.0000000000E+00,    3.6305493558E+02
    205150,      0.676965,CP10_after_neg_clamp,   1,    0.0000000000E+00,    3.6305493558E+02,    3.6305493558E+02,    0.0000000000E+00,    0.0000000000E+00,    0.0000000000E+00,    3.6305493558E+02
    205150,      0.676965,CP11_after_MPI,   1,    0.0000000000E+00,    3.6305493558E+02,    3.6305493558E+02,    0.0000000000E+00,    0.0000000000E+00,    0.0000000000E+00,    3.6305493558E+02
    205150,      0.676965,CP12_end,   1,    0.0000000000E+00,    3.6305493558E+02,    3.6305493558E+02,    0.0000000000E+00,    0.0000000000E+00,    0.0000000000E+00,    3.6305493558E+02
    205200,      0.676965,CP0_start,   1,    0.0000000000E+00,    3.6321485843E+02,    3.6321485843E+02,    0.0000000000E+00,    0.0000000000E+00,    0.0000000000E+00,    3.6321485843E+02
    205200,      0.676965,CP1_after_deposition,   1,    0.0000000000E+00,    3.6321485843E+02,    3.6321485843E+02,    0.0000000000E+00,    0.0000000000E+00,    0.0000000000E+00,    3.6321485843E+02
    205200,      0.676965,CP2_after_erosion,   1,    0.0000000000E+00,    3.6321485843E+02,    3.6321485843E+02,    0.0000000000E+00,    0.0000000000E+00,    0.0000000000E+00,    3.6321485843E+02
    205200,      0.676965,CP3_after_update_bottom,   1,    0.0000000000E+00,    3.6321485843E+02,    3.6321485843E+02,    0.0000000000E+00,    0.0000000000E+00,    0.0000000000E+00,    3.6321485843E+02
    205200,      0.676965,CP4_after_advection,   1,    0.0000000000E+00,    3.6320934731E+02,    3.6320934731E+02,    0.0000000000E+00,    0.0000000000E+00,    0.0000000000E+00,    3.6320934731E+02
    205200,      0.676965,CP5_after_vdif,   1,    0.0000000000E+00,    3.6320934731E+02,    3.6320934731E+02,    0.0000000000E+00,    0.0000000000E+00,    0.0000000000E+00,    3.6320934731E+02
    205200,      0.676965,CP6_after_kinetics,   1,    0.0000000000E+00,    3.6320934731E+02,    3.6320934731E+02,    0.0000000000E+00,    0.0000000000E+00,    0.0000000000E+00,    3.6320934731E+02
    205200,      0.676965,CP7_after_upper_clamp,   1,    0.0000000000E+00,    3.6320934731E+02,    3.6320934731E+02,    0.0000000000E+00,    0.0000000000E+00,    0.0000000000E+00,    3.6320934731E+02
    205200,      0.676965,CP8_after_OBC,   1,    0.0000000000E+00,    3.6320934731E+02,    3.6320934731E+02,    0.0000000000E+00,    0.0000000000E+00,    0.0000000000E+00,    3.6320934731E+02
    205200,      0.676965,CP9_after_PTsource,   1,    0.0000000000E+00,    3.6320934731E+02,    3.6320934731E+02,    0.0000000000E+00,    0.0000000000E+00,    0.0000000000E+00,    3.6320934731E+02
    205200,      0.676965,CP10_after_neg_clamp,   1,    0.0000000000E+00,    3.6320934731E+02,    3.6320934731E+02,    0.0000000000E+00,    0.0000000000E+00,    0.0000000000E+00,    3.6320934731E+02
    205200,      0.676965,CP11_after_MPI,   1,    0.0000000000E+00,    3.6320934731E+02,    3.6320934731E+02,    0.0000000000E+00,    0.0000000000E+00,    0.0000000000E+00,    3.6320934731E+02
    205200,      0.676965,CP12_end,   1,    0.0000000000E+00,    3.6320934731E+02,    3.6320934731E+02,    0.0000000000E+00,    0.0000000000E+00,    0.0000000000E+00,    3.6320934731E+02
    205250,      0.676965,CP0_start,   1,    0.0000000000E+00,    3.6336993459E+02,    3.6336993459E+02,    0.0000000000E+00,    0.0000000000E+00,    0.0000000000E+00,    3.6336993459E+02
    205250,      0.676965,CP1_after_deposition,   1,    0.0000000000E+00,    3.6336993459E+02,    3.6336993459E+02,    0.0000000000E+00,    0.0000000000E+00,    0.0000000000E+00,    3.6336993459E+02
    205250,      0.676965,CP2_after_erosion,   1,    0.0000000000E+00,    3.6336993459E+02,    3.6336993459E+02,    0.0000000000E+00,    0.0000000000E+00,    0.0000000000E+00,    3.6336993459E+02
    205250,      0.676965,CP3_after_update_bottom,   1,    0.0000000000E+00,    3.6336993459E+02,    3.6336993459E+02,    0.0000000000E+00,    0.0000000000E+00,    0.0000000000E+00,    3.6336993459E+02
    205250,      0.676965,CP4_after_advection,   1,    0.0000000000E+00,    3.6336457894E+02,    3.6336457894E+02,    0.0000000000E+00,    0.0000000000E+00,    0.0000000000E+00,    3.6336457894E+02
    205250,      0.676965,CP5_after_vdif,   1,    0.0000000000E+00,    3.6336457894E+02,    3.6336457894E+02,    0.0000000000E+00,    0.0000000000E+00,    0.0000000000E+00,    3.6336457894E+02
    205250,      0.676965,CP6_after_kinetics,   1,    0.0000000000E+00,    3.6336457894E+02,    3.6336457894E+02,    0.0000000000E+00,    0.0000000000E+00,    0.0000000000E+00,    3.6336457894E+02
    205250,      0.676965,CP7_after_upper_clamp,   1,    0.0000000000E+00,    3.6336457894E+02,    3.6336457894E+02,    0.0000000000E+00,    0.0000000000E+00,    0.0000000000E+00,    3.6336457894E+02
    205250,      0.676965,CP8_after_OBC,   1,    0.0000000000E+00,    3.6336457894E+02,    3.6336457894E+02,    0.0000000000E+00,    0.0000000000E+00,    0.0000000000E+00,    3.6336457894E+02
    205250,      0.676965,CP9_after_PTsource,   1,    0.0000000000E+00,    3.6336457894E+02,    3.6336457894E+02,    0.0000000000E+00,    0.0000000000E+00,    0.0000000000E+00,    3.6336457894E+02
    205250,      0.676965,CP10_after_neg_clamp,   1,    0.0000000000E+00,    3.6336457894E+02,    3.6336457894E+02,    0.0000000000E+00,    0.0000000000E+00,    0.0000000000E+00,    3.6336457894E+02
    205250,      0.676965,CP11_after_MPI,   1,    0.0000000000E+00,    3.6336457894E+02,    3.6336457894E+02,    0.0000000000E+00,    0.0000000000E+00,    0.0000000000E+00,    3.6336457894E+02
    205250,      0.676965,CP12_end,   1,    0.0000000000E+00,    3.6336457894E+02,    3.6336457894E+02,    0.0000000000E+00,    0.0000000000E+00,    0.0000000000E+00,    3.6336457894E+02
    205300,      0.676965,CP0_start,   1,    0.0000000000E+00,    3.6352568171E+02,    3.6352568171E+02,    0.0000000000E+00,    0.0000000000E+00,    0.0000000000E+00,    3.6352568171E+02
    205300,      0.676965,CP1_after_deposition,   1,    0.0000000000E+00,    3.6352568171E+02,    3.6352568171E+02,    0.0000000000E+00,    0.0000000000E+00,    0.0000000000E+00,    3.6352568171E+02
    205300,      0.676965,CP2_after_erosion,   1,    0.0000000000E+00,    3.6352568171E+02,    3.6352568171E+02,    0.0000000000E+00,    0.0000000000E+00,    0.0000000000E+00,    3.6352568171E+02
    205300,      0.676965,CP3_after_update_bottom,   1,    0.0000000000E+00,    3.6352568171E+02,    3.6352568171E+02,    0.0000000000E+00,    0.0000000000E+00,    0.0000000000E+00,    3.6352568171E+02
    205300,      0.676965,CP4_after_advection,   1,    0.0000000000E+00,    3.6352047502E+02,    3.6352047502E+02,    0.0000000000E+00,    0.0000000000E+00,    0.0000000000E+00,    3.6352047502E+02
    205300,      0.676965,CP5_after_vdif,   1,    0.0000000000E+00,    3.6352047502E+02,    3.6352047502E+02,    0.0000000000E+00,    0.0000000000E+00,    0.0000000000E+00,    3.6352047502E+02
    205300,      0.676965,CP6_after_kinetics,   1,    0.0000000000E+00,    3.6352047502E+02,    3.6352047502E+02,    0.0000000000E+00,    0.0000000000E+00,    0.0000000000E+00,    3.6352047502E+02
    205300,      0.676965,CP7_after_upper_clamp,   1,    0.0000000000E+00,    3.6352047502E+02,    3.6352047502E+02,    0.0000000000E+00,    0.0000000000E+00,    0.0000000000E+00,    3.6352047502E+02
    205300,      0.676965,CP8_after_OBC,   1,    0.0000000000E+00,    3.6352047502E+02,    3.6352047502E+02,    0.0000000000E+00,    0.0000000000E+00,    0.0000000000E+00,    3.6352047502E+02
    205300,      0.676965,CP9_after_PTsource,   1,    0.0000000000E+00,    3.6352047502E+02,    3.6352047502E+02,    0.0000000000E+00,    0.0000000000E+00,    0.0000000000E+00,    3.6352047502E+02
    205300,      0.676965,CP10_after_neg_clamp,   1,    0.0000000000E+00,    3.6352047502E+02,    3.6352047502E+02,    0.0000000000E+00,    0.0000000000E+00,    0.0000000000E+00,    3.6352047502E+02
    205300,      0.676965,CP11_after_MPI,   1,    0.0000000000E+00,    3.6352047502E+02,    3.6352047502E+02,    0.0000000000E+00,    0.0000000000E+00,    0.0000000000E+00,    3.6352047502E+02
    205300,      0.676965,CP12_end,   1,    0.0000000000E+00,    3.6352047502E+02,    3.6352047502E+02,    0.0000000000E+00,    0.0000000000E+00,    0.0000000000E+00,    3.6352047502E+02
    205350,      0.676965,CP0_start,   1,    0.0000000000E+00,    3.6368180201E+02,    3.6368180201E+02,    0.0000000000E+00,    0.0000000000E+00,    0.0000000000E+00,    3.6368180201E+02
    205350,      0.676965,CP1_after_deposition,   1,    0.0000000000E+00,    3.6368180201E+02,    3.6368180201E+02,    0.0000000000E+00,    0.0000000000E+00,    0.0000000000E+00,    3.6368180201E+02
    205350,      0.676965,CP2_after_erosion,   1,    0.0000000000E+00,    3.6368180201E+02,    3.6368180201E+02,    0.0000000000E+00,    0.0000000000E+00,    0.0000000000E+00,    3.6368180201E+02
    205350,      0.676965,CP3_after_update_bottom,   1,    0.0000000000E+00,    3.6368180201E+02,    3.6368180201E+02,    0.0000000000E+00,    0.0000000000E+00,    0.0000000000E+00,    3.6368180201E+02
    205350,      0.676965,CP4_after_advection,   1,    0.0000000000E+00,    3.6367673746E+02,    3.6367673746E+02,    0.0000000000E+00,    0.0000000000E+00,    0.0000000000E+00,    3.6367673746E+02
    205350,      0.676965,CP5_after_vdif,   1,    0.0000000000E+00,    3.6367673746E+02,    3.6367673746E+02,    0.0000000000E+00,    0.0000000000E+00,    0.0000000000E+00,    3.6367673746E+02
    205350,      0.676965,CP6_after_kinetics,   1,    0.0000000000E+00,    3.6367673746E+02,    3.6367673746E+02,    0.0000000000E+00,    0.0000000000E+00,    0.0000000000E+00,    3.6367673746E+02
    205350,      0.676965,CP7_after_upper_clamp,   1,    0.0000000000E+00,    3.6367673746E+02,    3.6367673746E+02,    0.0000000000E+00,    0.0000000000E+00,    0.0000000000E+00,    3.6367673746E+02
    205350,      0.676965,CP8_after_OBC,   1,    0.0000000000E+00,    3.6367673746E+02,    3.6367673746E+02,    0.0000000000E+00,    0.0000000000E+00,    0.0000000000E+00,    3.6367673746E+02
    205350,      0.676965,CP9_after_PTsource,   1,    0.0000000000E+00,    3.6367673746E+02,    3.6367673746E+02,    0.0000000000E+00,    0.0000000000E+00,    0.0000000000E+00,    3.6367673746E+02
    205350,      0.676965,CP10_after_neg_clamp,   1,    0.0000000000E+00,    3.6367673746E+02,    3.6367673746E+02,    0.0000000000E+00,    0.0000000000E+00,    0.0000000000E+00,    3.6367673746E+02
    205350,      0.676965,CP11_after_MPI,   1,    0.0000000000E+00,    3.6367673746E+02,    3.6367673746E+02,    0.0000000000E+00,    0.0000000000E+00,    0.0000000000E+00,    3.6367673746E+02
    205350,      0.676965,CP12_end,   1,    0.0000000000E+00,    3.6367673746E+02,    3.6367673746E+02,    0.0000000000E+00,    0.0000000000E+00,    0.0000000000E+00,    3.6367673746E+02
    205400,      0.676965,CP0_start,   1,    0.0000000000E+00,    3.6383767531E+02,    3.6383767531E+02,    0.0000000000E+00,    0.0000000000E+00,    0.0000000000E+00,    3.6383767531E+02
    205400,      0.676965,CP1_after_deposition,   1,    0.0000000000E+00,    3.6383767531E+02,    3.6383767531E+02,    0.0000000000E+00,    0.0000000000E+00,    0.0000000000E+00,    3.6383767531E+02
    205400,      0.676965,CP2_after_erosion,   1,    0.0000000000E+00,    3.6383767531E+02,    3.6383767531E+02,    0.0000000000E+00,    0.0000000000E+00,    0.0000000000E+00,    3.6383767531E+02
    205400,      0.676965,CP3_after_update_bottom,   1,    0.0000000000E+00,    3.6383767531E+02,    3.6383767531E+02,    0.0000000000E+00,    0.0000000000E+00,    0.0000000000E+00,    3.6383767531E+02
    205400,      0.676965,CP4_after_advection,   1,    0.0000000000E+00,    3.6383276143E+02,    3.6383276143E+02,    0.0000000000E+00,    0.0000000000E+00,    0.0000000000E+00,    3.6383276143E+02
    205400,      0.676965,CP5_after_vdif,   1,    0.0000000000E+00,    3.6383276143E+02,    3.6383276143E+02,    0.0000000000E+00,    0.0000000000E+00,    0.0000000000E+00,    3.6383276143E+02
    205400,      0.676965,CP6_after_kinetics,   1,    0.0000000000E+00,    3.6383276143E+02,    3.6383276143E+02,    0.0000000000E+00,    0.0000000000E+00,    0.0000000000E+00,    3.6383276143E+02
    205400,      0.676965,CP7_after_upper_clamp,   1,    0.0000000000E+00,    3.6383276143E+02,    3.6383276143E+02,    0.0000000000E+00,    0.0000000000E+00,    0.0000000000E+00,    3.6383276143E+02
    205400,      0.676965,CP8_after_OBC,   1,    0.0000000000E+00,    3.6383276143E+02,    3.6383276143E+02,    0.0000000000E+00,    0.0000000000E+00,    0.0000000000E+00,    3.6383276143E+02
    205400,      0.676965,CP9_after_PTsource,   1,    0.0000000000E+00,    3.6383276143E+02,    3.6383276143E+02,    0.0000000000E+00,    0.0000000000E+00,    0.0000000000E+00,    3.6383276143E+02
    205400,      0.676965,CP10_after_neg_clamp,   1,    0.0000000000E+00,    3.6383276143E+02,    3.6383276143E+02,    0.0000000000E+00,    0.0000000000E+00,    0.0000000000E+00,    3.6383276143E+02
    205400,      0.676965,CP11_after_MPI,   1,    0.0000000000E+00,    3.6383276143E+02,    3.6383276143E+02,    0.0000000000E+00,    0.0000000000E+00,    0.0000000000E+00,    3.6383276143E+02
    205400,      0.676965,CP12_end,   1,    0.0000000000E+00,    3.6383276143E+02,    3.6383276143E+02,    0.0000000000E+00,    0.0000000000E+00,    0.0000000000E+00,    3.6383276143E+02
    205450,      0.676965,CP0_start,   1,    0.0000000000E+00,    3.6399307616E+02,    3.6399307616E+02,    0.0000000000E+00,    0.0000000000E+00,    0.0000000000E+00,    3.6399307616E+02
    205450,      0.676965,CP1_after_deposition,   1,    0.0000000000E+00,    3.6399307616E+02,    3.6399307616E+02,    0.0000000000E+00,    0.0000000000E+00,    0.0000000000E+00,    3.6399307616E+02
    205450,      0.676965,CP2_after_erosion,   1,    0.0000000000E+00,    3.6399307616E+02,    3.6399307616E+02,    0.0000000000E+00,    0.0000000000E+00,    0.0000000000E+00,    3.6399307616E+02
    205450,      0.676965,CP3_after_update_bottom,   1,    0.0000000000E+00,    3.6399307616E+02,    3.6399307616E+02,    0.0000000000E+00,    0.0000000000E+00,    0.0000000000E+00,    3.6399307616E+02
    205450,      0.676965,CP4_after_advection,   1,    0.0000000000E+00,    3.6398830173E+02,    3.6398830173E+02,    0.0000000000E+00,    0.0000000000E+00,    0.0000000000E+00,    3.6398830173E+02
    205450,      0.676965,CP5_after_vdif,   1,    0.0000000000E+00,    3.6398830173E+02,    3.6398830173E+02,    0.0000000000E+00,    0.0000000000E+00,    0.0000000000E+00,    3.6398830173E+02
    205450,      0.676965,CP6_after_kinetics,   1,    0.0000000000E+00,    3.6398830173E+02,    3.6398830173E+02,    0.0000000000E+00,    0.0000000000E+00,    0.0000000000E+00,    3.6398830173E+02
    205450,      0.676965,CP7_after_upper_clamp,   1,    0.0000000000E+00,    3.6398830173E+02,    3.6398830173E+02,    0.0000000000E+00,    0.0000000000E+00,    0.0000000000E+00,    3.6398830173E+02
    205450,      0.676965,CP8_after_OBC,   1,    0.0000000000E+00,    3.6398830173E+02,    3.6398830173E+02,    0.0000000000E+00,    0.0000000000E+00,    0.0000000000E+00,    3.6398830173E+02
    205450,      0.676965,CP9_after_PTsource,   1,    0.0000000000E+00,    3.6398830173E+02,    3.6398830173E+02,    0.0000000000E+00,    0.0000000000E+00,    0.0000000000E+00,    3.6398830173E+02
    205450,      0.676965,CP10_after_neg_clamp,   1,    0.0000000000E+00,    3.6398830173E+02,    3.6398830173E+02,    0.0000000000E+00,    0.0000000000E+00,    0.0000000000E+00,    3.6398830173E+02
    205450,      0.676965,CP11_after_MPI,   1,    0.0000000000E+00,    3.6398830173E+02,    3.6398830173E+02,    0.0000000000E+00,    0.0000000000E+00,    0.0000000000E+00,    3.6398830173E+02
    205450,      0.676965,CP12_end,   1,    0.0000000000E+00,    3.6398830173E+02,    3.6398830173E+02,    0.0000000000E+00,    0.0000000000E+00,    0.0000000000E+00,    3.6398830173E+02
    205500,      0.676965,CP0_start,   1,    0.0000000000E+00,    3.6414774330E+02,    3.6414774330E+02,    0.0000000000E+00,    0.0000000000E+00,    0.0000000000E+00,    3.6414774330E+02
    205500,      0.676965,CP1_after_deposition,   1,    0.0000000000E+00,    3.6414774330E+02,    3.6414774330E+02,    0.0000000000E+00,    0.0000000000E+00,    0.0000000000E+00,    3.6414774330E+02
    205500,      0.676965,CP2_after_erosion,   1,    0.0000000000E+00,    3.6414774330E+02,    3.6414774330E+02,    0.0000000000E+00,    0.0000000000E+00,    0.0000000000E+00,    3.6414774330E+02
    205500,      0.676965,CP3_after_update_bottom,   1,    0.0000000000E+00,    3.6414774330E+02,    3.6414774330E+02,    0.0000000000E+00,    0.0000000000E+00,    0.0000000000E+00,    3.6414774330E+02
    205500,      0.676965,CP4_after_advection,   1,    0.0000000000E+00,    3.6414310433E+02,    3.6414310433E+02,    0.0000000000E+00,    0.0000000000E+00,    0.0000000000E+00,    3.6414310433E+02
    205500,      0.676965,CP5_after_vdif,   1,    0.0000000000E+00,    3.6414310433E+02,    3.6414310433E+02,    0.0000000000E+00,    0.0000000000E+00,    0.0000000000E+00,    3.6414310433E+02
    205500,      0.676965,CP6_after_kinetics,   1,    0.0000000000E+00,    3.6414310433E+02,    3.6414310433E+02,    0.0000000000E+00,    0.0000000000E+00,    0.0000000000E+00,    3.6414310433E+02
    205500,      0.676965,CP7_after_upper_clamp,   1,    0.0000000000E+00,    3.6414310433E+02,    3.6414310433E+02,    0.0000000000E+00,    0.0000000000E+00,    0.0000000000E+00,    3.6414310433E+02
    205500,      0.676965,CP8_after_OBC,   1,    0.0000000000E+00,    3.6414310433E+02,    3.6414310433E+02,    0.0000000000E+00,    0.0000000000E+00,    0.0000000000E+00,    3.6414310433E+02
    205500,      0.676965,CP9_after_PTsource,   1,    0.0000000000E+00,    3.6414310433E+02,    3.6414310433E+02,    0.0000000000E+00,    0.0000000000E+00,    0.0000000000E+00,    3.6414310433E+02
    205500,      0.676965,CP10_after_neg_clamp,   1,    0.0000000000E+00,    3.6414310433E+02,    3.6414310433E+02,    0.0000000000E+00,    0.0000000000E+00,    0.0000000000E+00,    3.6414310433E+02
    205500,      0.676965,CP11_after_MPI,   1,    0.0000000000E+00,    3.6414310433E+02,    3.6414310433E+02,    0.0000000000E+00,    0.0000000000E+00,    0.0000000000E+00,    3.6414310433E+02
    205500,      0.676965,CP12_end,   1,    0.0000000000E+00,    3.6414310433E+02,    3.6414310433E+02,    0.0000000000E+00,    0.0000000000E+00,    0.0000000000E+00,    3.6414310433E+02
    205550,      0.676965,CP0_start,   1,    0.0000000000E+00,    3.6430128848E+02,    3.6430128848E+02,    0.0000000000E+00,    0.0000000000E+00,    0.0000000000E+00,    3.6430128848E+02
    205550,      0.676965,CP1_after_deposition,   1,    0.0000000000E+00,    3.6430128848E+02,    3.6430128848E+02,    0.0000000000E+00,    0.0000000000E+00,    0.0000000000E+00,    3.6430128848E+02
    205550,      0.676965,CP2_after_erosion,   1,    0.0000000000E+00,    3.6430128848E+02,    3.6430128848E+02,    0.0000000000E+00,    0.0000000000E+00,    0.0000000000E+00,    3.6430128848E+02
    205550,      0.676965,CP3_after_update_bottom,   1,    0.0000000000E+00,    3.6430128848E+02,    3.6430128848E+02,    0.0000000000E+00,    0.0000000000E+00,    0.0000000000E+00,    3.6430128848E+02
    205550,      0.676965,CP4_after_advection,   1,    0.0000000000E+00,    3.6429678721E+02,    3.6429678721E+02,    0.0000000000E+00,    0.0000000000E+00,    0.0000000000E+00,    3.6429678721E+02
    205550,      0.676965,CP5_after_vdif,   1,    0.0000000000E+00,    3.6429678721E+02,    3.6429678721E+02,    0.0000000000E+00,    0.0000000000E+00,    0.0000000000E+00,    3.6429678721E+02
    205550,      0.676965,CP6_after_kinetics,   1,    0.0000000000E+00,    3.6429678721E+02,    3.6429678721E+02,    0.0000000000E+00,    0.0000000000E+00,    0.0000000000E+00,    3.6429678721E+02
    205550,      0.676965,CP7_after_upper_clamp,   1,    0.0000000000E+00,    3.6429678721E+02,    3.6429678721E+02,    0.0000000000E+00,    0.0000000000E+00,    0.0000000000E+00,    3.6429678721E+02
    205550,      0.676965,CP8_after_OBC,   1,    0.0000000000E+00,    3.6429678721E+02,    3.6429678721E+02,    0.0000000000E+00,    0.0000000000E+00,    0.0000000000E+00,    3.6429678721E+02
    205550,      0.676965,CP9_after_PTsource,   1,    0.0000000000E+00,    3.6429678721E+02,    3.6429678721E+02,    0.0000000000E+00,    0.0000000000E+00,    0.0000000000E+00,    3.6429678721E+02
    205550,      0.676965,CP10_after_neg_clamp,   1,    0.0000000000E+00,    3.6429678721E+02,    3.6429678721E+02,    0.0000000000E+00,    0.0000000000E+00,    0.0000000000E+00,    3.6429678721E+02
    205550,      0.676965,CP11_after_MPI,   1,    0.0000000000E+00,    3.6429678721E+02,    3.6429678721E+02,    0.0000000000E+00,    0.0000000000E+00,    0.0000000000E+00,    3.6429678721E+02
    205550,      0.676965,CP12_end,   1,    0.0000000000E+00,    3.6429678721E+02,    3.6429678721E+02,    0.0000000000E+00,    0.0000000000E+00,    0.0000000000E+00,    3.6429678721E+02
    205600,      0.676965,CP0_start,   1,    0.0000000000E+00,    3.6445361039E+02,    3.6445361039E+02,    0.0000000000E+00,    0.0000000000E+00,    0.0000000000E+00,    3.6445361039E+02
    205600,      0.676965,CP1_after_deposition,   1,    0.0000000000E+00,    3.6445361039E+02,    3.6445361039E+02,    0.0000000000E+00,    0.0000000000E+00,    0.0000000000E+00,    3.6445361039E+02
    205600,      0.676965,CP2_after_erosion,   1,    0.0000000000E+00,    3.6445361039E+02,    3.6445361039E+02,    0.0000000000E+00,    0.0000000000E+00,    0.0000000000E+00,    3.6445361039E+02
    205600,      0.676965,CP3_after_update_bottom,   1,    0.0000000000E+00,    3.6445361039E+02,    3.6445361039E+02,    0.0000000000E+00,    0.0000000000E+00,    0.0000000000E+00,    3.6445361039E+02
    205600,      0.676965,CP4_after_advection,   1,    0.0000000000E+00,    3.6444926474E+02,    3.6444926474E+02,    0.0000000000E+00,    0.0000000000E+00,    0.0000000000E+00,    3.6444926474E+02
    205600,      0.676965,CP5_after_vdif,   1,    0.0000000000E+00,    3.6444926474E+02,    3.6444926474E+02,    0.0000000000E+00,    0.0000000000E+00,    0.0000000000E+00,    3.6444926474E+02
    205600,      0.676965,CP6_after_kinetics,   1,    0.0000000000E+00,    3.6444926474E+02,    3.6444926474E+02,    0.0000000000E+00,    0.0000000000E+00,    0.0000000000E+00,    3.6444926474E+02
    205600,      0.676965,CP7_after_upper_clamp,   1,    0.0000000000E+00,    3.6444926474E+02,    3.6444926474E+02,    0.0000000000E+00,    0.0000000000E+00,    0.0000000000E+00,    3.6444926474E+02
    205600,      0.676965,CP8_after_OBC,   1,    0.0000000000E+00,    3.6444926474E+02,    3.6444926474E+02,    0.0000000000E+00,    0.0000000000E+00,    0.0000000000E+00,    3.6444926474E+02
    205600,      0.676965,CP9_after_PTsource,   1,    0.0000000000E+00,    3.6444926474E+02,    3.6444926474E+02,    0.0000000000E+00,    0.0000000000E+00,    0.0000000000E+00,    3.6444926474E+02
    205600,      0.676965,CP10_after_neg_clamp,   1,    0.0000000000E+00,    3.6444926474E+02,    3.6444926474E+02,    0.0000000000E+00,    0.0000000000E+00,    0.0000000000E+00,    3.6444926474E+02
    205600,      0.676965,CP11_after_MPI,   1,    0.0000000000E+00,    3.6444926474E+02,    3.6444926474E+02,    0.0000000000E+00,    0.0000000000E+00,    0.0000000000E+00,    3.6444926474E+02
    205600,      0.676965,CP12_end,   1,    0.0000000000E+00,    3.6444926474E+02,    3.6444926474E+02,    0.0000000000E+00,    0.0000000000E+00,    0.0000000000E+00,    3.6444926474E+02
    205650,      0.676965,CP0_start,   1,    0.0000000000E+00,    3.6460489856E+02,    3.6460489856E+02,    0.0000000000E+00,    0.0000000000E+00,    0.0000000000E+00,    3.6460489856E+02
    205650,      0.676965,CP1_after_deposition,   1,    0.0000000000E+00,    3.6460489856E+02,    3.6460489856E+02,    0.0000000000E+00,    0.0000000000E+00,    0.0000000000E+00,    3.6460489856E+02
    205650,      0.676965,CP2_after_erosion,   1,    0.0000000000E+00,    3.6460489856E+02,    3.6460489856E+02,    0.0000000000E+00,    0.0000000000E+00,    0.0000000000E+00,    3.6460489856E+02
    205650,      0.676965,CP3_after_update_bottom,   1,    0.0000000000E+00,    3.6460489856E+02,    3.6460489856E+02,    0.0000000000E+00,    0.0000000000E+00,    0.0000000000E+00,    3.6460489856E+02
    205650,      0.676965,CP4_after_advection,   1,    0.0000000000E+00,    3.6460070292E+02,    3.6460070292E+02,    0.0000000000E+00,    0.0000000000E+00,    0.0000000000E+00,    3.6460070292E+02
    205650,      0.676965,CP5_after_vdif,   1,    0.0000000000E+00,    3.6460070292E+02,    3.6460070292E+02,    0.0000000000E+00,    0.0000000000E+00,    0.0000000000E+00,    3.6460070292E+02
    205650,      0.676965,CP6_after_kinetics,   1,    0.0000000000E+00,    3.6460070292E+02,    3.6460070292E+02,    0.0000000000E+00,    0.0000000000E+00,    0.0000000000E+00,    3.6460070292E+02
    205650,      0.676965,CP7_after_upper_clamp,   1,    0.0000000000E+00,    3.6460070292E+02,    3.6460070292E+02,    0.0000000000E+00,    0.0000000000E+00,    0.0000000000E+00,    3.6460070292E+02
    205650,      0.676965,CP8_after_OBC,   1,    0.0000000000E+00,    3.6460070292E+02,    3.6460070292E+02,    0.0000000000E+00,    0.0000000000E+00,    0.0000000000E+00,    3.6460070292E+02
    205650,      0.676965,CP9_after_PTsource,   1,    0.0000000000E+00,    3.6460070292E+02,    3.6460070292E+02,    0.0000000000E+00,    0.0000000000E+00,    0.0000000000E+00,    3.6460070292E+02
    205650,      0.676965,CP10_after_neg_clamp,   1,    0.0000000000E+00,    3.6460070292E+02,    3.6460070292E+02,    0.0000000000E+00,    0.0000000000E+00,    0.0000000000E+00,    3.6460070292E+02
    205650,      0.676965,CP11_after_MPI,   1,    0.0000000000E+00,    3.6460070292E+02,    3.6460070292E+02,    0.0000000000E+00,    0.0000000000E+00,    0.0000000000E+00,    3.6460070292E+02
    205650,      0.676965,CP12_end,   1,    0.0000000000E+00,    3.6460070292E+02,    3.6460070292E+02,    0.0000000000E+00,    0.0000000000E+00,    0.0000000000E+00,    3.6460070292E+02
    205700,      0.676965,CP0_start,   1,    0.0000000000E+00,    3.6475533831E+02,    3.6475533831E+02,    0.0000000000E+00,    0.0000000000E+00,    0.0000000000E+00,    3.6475533831E+02
    205700,      0.676965,CP1_after_deposition,   1,    0.0000000000E+00,    3.6475533831E+02,    3.6475533831E+02,    0.0000000000E+00,    0.0000000000E+00,    0.0000000000E+00,    3.6475533831E+02
    205700,      0.676965,CP2_after_erosion,   1,    0.0000000000E+00,    3.6475533831E+02,    3.6475533831E+02,    0.0000000000E+00,    0.0000000000E+00,    0.0000000000E+00,    3.6475533831E+02
    205700,      0.676965,CP3_after_update_bottom,   1,    0.0000000000E+00,    3.6475533831E+02,    3.6475533831E+02,    0.0000000000E+00,    0.0000000000E+00,    0.0000000000E+00,    3.6475533831E+02
    205700,      0.676965,CP4_after_advection,   1,    0.0000000000E+00,    3.6475130408E+02,    3.6475130408E+02,    0.0000000000E+00,    0.0000000000E+00,    0.0000000000E+00,    3.6475130408E+02
    205700,      0.676965,CP5_after_vdif,   1,    0.0000000000E+00,    3.6475130408E+02,    3.6475130408E+02,    0.0000000000E+00,    0.0000000000E+00,    0.0000000000E+00,    3.6475130408E+02
    205700,      0.676965,CP6_after_kinetics,   1,    0.0000000000E+00,    3.6475130408E+02,    3.6475130408E+02,    0.0000000000E+00,    0.0000000000E+00,    0.0000000000E+00,    3.6475130408E+02
    205700,      0.676965,CP7_after_upper_clamp,   1,    0.0000000000E+00,    3.6475130408E+02,    3.6475130408E+02,    0.0000000000E+00,    0.0000000000E+00,    0.0000000000E+00,    3.6475130408E+02
    205700,      0.676965,CP8_after_OBC,   1,    0.0000000000E+00,    3.6475130408E+02,    3.6475130408E+02,    0.0000000000E+00,    0.0000000000E+00,    0.0000000000E+00,    3.6475130408E+02
    205700,      0.676965,CP9_after_PTsource,   1,    0.0000000000E+00,    3.6475130408E+02,    3.6475130408E+02,    0.0000000000E+00,    0.0000000000E+00,    0.0000000000E+00,    3.6475130408E+02
    205700,      0.676965,CP10_after_neg_clamp,   1,    0.0000000000E+00,    3.6475130408E+02,    3.6475130408E+02,    0.0000000000E+00,    0.0000000000E+00,    0.0000000000E+00,    3.6475130408E+02
    205700,      0.676965,CP11_after_MPI,   1,    0.0000000000E+00,    3.6475130408E+02,    3.6475130408E+02,    0.0000000000E+00,    0.0000000000E+00,    0.0000000000E+00,    3.6475130408E+02
    205700,      0.676965,CP12_end,   1,    0.0000000000E+00,    3.6475130408E+02,    3.6475130408E+02,    0.0000000000E+00,    0.0000000000E+00,    0.0000000000E+00,    3.6475130408E+02
    205750,      0.676965,CP0_start,   1,    0.0000000000E+00,    3.6490535522E+02,    3.6490535522E+02,    0.0000000000E+00,    0.0000000000E+00,    0.0000000000E+00,    3.6490535522E+02
    205750,      0.676965,CP1_after_deposition,   1,    0.0000000000E+00,    3.6490535522E+02,    3.6490535522E+02,    0.0000000000E+00,    0.0000000000E+00,    0.0000000000E+00,    3.6490535522E+02
    205750,      0.676965,CP2_after_erosion,   1,    0.0000000000E+00,    3.6490535522E+02,    3.6490535522E+02,    0.0000000000E+00,    0.0000000000E+00,    0.0000000000E+00,    3.6490535522E+02
    205750,      0.676965,CP3_after_update_bottom,   1,    0.0000000000E+00,    3.6490535522E+02,    3.6490535522E+02,    0.0000000000E+00,    0.0000000000E+00,    0.0000000000E+00,    3.6490535522E+02
    205750,      0.676965,CP4_after_advection,   1,    0.0000000000E+00,    3.6490150407E+02,    3.6490150407E+02,    0.0000000000E+00,    0.0000000000E+00,    0.0000000000E+00,    3.6490150407E+02
    205750,      0.676965,CP5_after_vdif,   1,    0.0000000000E+00,    3.6490150407E+02,    3.6490150407E+02,    0.0000000000E+00,    0.0000000000E+00,    0.0000000000E+00,    3.6490150407E+02
    205750,      0.676965,CP6_after_kinetics,   1,    0.0000000000E+00,    3.6490150407E+02,    3.6490150407E+02,    0.0000000000E+00,    0.0000000000E+00,    0.0000000000E+00,    3.6490150407E+02
    205750,      0.676965,CP7_after_upper_clamp,   1,    0.0000000000E+00,    3.6490150407E+02,    3.6490150407E+02,    0.0000000000E+00,    0.0000000000E+00,    0.0000000000E+00,    3.6490150407E+02
    205750,      0.676965,CP8_after_OBC,   1,    0.0000000000E+00,    3.6490150407E+02,    3.6490150407E+02,    0.0000000000E+00,    0.0000000000E+00,    0.0000000000E+00,    3.6490150407E+02
    205750,      0.676965,CP9_after_PTsource,   1,    0.0000000000E+00,    3.6490150407E+02,    3.6490150407E+02,    0.0000000000E+00,    0.0000000000E+00,    0.0000000000E+00,    3.6490150407E+02
    205750,      0.676965,CP10_after_neg_clamp,   1,    0.0000000000E+00,    3.6490150407E+02,    3.6490150407E+02,    0.0000000000E+00,    0.0000000000E+00,    0.0000000000E+00,    3.6490150407E+02
    205750,      0.676965,CP11_after_MPI,   1,    0.0000000000E+00,    3.6490150407E+02,    3.6490150407E+02,    0.0000000000E+00,    0.0000000000E+00,    0.0000000000E+00,    3.6490150407E+02
    205750,      0.676965,CP12_end,   1,    0.0000000000E+00,    3.6490150407E+02,    3.6490150407E+02,    0.0000000000E+00,    0.0000000000E+00,    0.0000000000E+00,    3.6490150407E+02
    205800,      0.676965,CP0_start,   1,    0.0000000000E+00,    3.6505530867E+02,    3.6505530867E+02,    0.0000000000E+00,    0.0000000000E+00,    0.0000000000E+00,    3.6505530867E+02
    205800,      0.676965,CP1_after_deposition,   1,    0.0000000000E+00,    3.6505530867E+02,    3.6505530867E+02,    0.0000000000E+00,    0.0000000000E+00,    0.0000000000E+00,    3.6505530867E+02
    205800,      0.676965,CP2_after_erosion,   1,    0.0000000000E+00,    3.6505530867E+02,    3.6505530867E+02,    0.0000000000E+00,    0.0000000000E+00,    0.0000000000E+00,    3.6505530867E+02
    205800,      0.676965,CP3_after_update_bottom,   1,    0.0000000000E+00,    3.6505530867E+02,    3.6505530867E+02,    0.0000000000E+00,    0.0000000000E+00,    0.0000000000E+00,    3.6505530867E+02
    205800,      0.676965,CP4_after_advection,   1,    0.0000000000E+00,    3.6505164555E+02,    3.6505164555E+02,    0.0000000000E+00,    0.0000000000E+00,    0.0000000000E+00,    3.6505164555E+02
    205800,      0.676965,CP5_after_vdif,   1,    0.0000000000E+00,    3.6505164555E+02,    3.6505164555E+02,    0.0000000000E+00,    0.0000000000E+00,    0.0000000000E+00,    3.6505164555E+02
    205800,      0.676965,CP6_after_kinetics,   1,    0.0000000000E+00,    3.6505164555E+02,    3.6505164555E+02,    0.0000000000E+00,    0.0000000000E+00,    0.0000000000E+00,    3.6505164555E+02
    205800,      0.676965,CP7_after_upper_clamp,   1,    0.0000000000E+00,    3.6505164555E+02,    3.6505164555E+02,    0.0000000000E+00,    0.0000000000E+00,    0.0000000000E+00,    3.6505164555E+02
    205800,      0.676965,CP8_after_OBC,   1,    0.0000000000E+00,    3.6505164555E+02,    3.6505164555E+02,    0.0000000000E+00,    0.0000000000E+00,    0.0000000000E+00,    3.6505164555E+02
    205800,      0.676965,CP9_after_PTsource,   1,    0.0000000000E+00,    3.6505164555E+02,    3.6505164555E+02,    0.0000000000E+00,    0.0000000000E+00,    0.0000000000E+00,    3.6505164555E+02
    205800,      0.676965,CP10_after_neg_clamp,   1,    0.0000000000E+00,    3.6505164555E+02,    3.6505164555E+02,    0.0000000000E+00,    0.0000000000E+00,    0.0000000000E+00,    3.6505164555E+02
    205800,      0.676965,CP11_after_MPI,   1,    0.0000000000E+00,    3.6505164555E+02,    3.6505164555E+02,    0.0000000000E+00,    0.0000000000E+00,    0.0000000000E+00,    3.6505164555E+02
    205800,      0.676965,CP12_end,   1,    0.0000000000E+00,    3.6505164555E+02,    3.6505164555E+02,    0.0000000000E+00,    0.0000000000E+00,    0.0000000000E+00,    3.6505164555E+02
    205850,      0.676965,CP0_start,   1,    0.0000000000E+00,    3.6520543031E+02,    3.6520543031E+02,    0.0000000000E+00,    0.0000000000E+00,    0.0000000000E+00,    3.6520543031E+02
    205850,      0.676965,CP1_after_deposition,   1,    0.0000000000E+00,    3.6520543031E+02,    3.6520543031E+02,    0.0000000000E+00,    0.0000000000E+00,    0.0000000000E+00,    3.6520543031E+02
    205850,      0.676965,CP2_after_erosion,   1,    0.0000000000E+00,    3.6520543031E+02,    3.6520543031E+02,    0.0000000000E+00,    0.0000000000E+00,    0.0000000000E+00,    3.6520543031E+02
    205850,      0.676965,CP3_after_update_bottom,   1,    0.0000000000E+00,    3.6520543031E+02,    3.6520543031E+02,    0.0000000000E+00,    0.0000000000E+00,    0.0000000000E+00,    3.6520543031E+02
    205850,      0.676965,CP4_after_advection,   1,    0.0000000000E+00,    3.6520196089E+02,    3.6520196089E+02,    0.0000000000E+00,    0.0000000000E+00,    0.0000000000E+00,    3.6520196089E+02
    205850,      0.676965,CP5_after_vdif,   1,    0.0000000000E+00,    3.6520196089E+02,    3.6520196089E+02,    0.0000000000E+00,    0.0000000000E+00,    0.0000000000E+00,    3.6520196089E+02
    205850,      0.676965,CP6_after_kinetics,   1,    0.0000000000E+00,    3.6520196089E+02,    3.6520196089E+02,    0.0000000000E+00,    0.0000000000E+00,    0.0000000000E+00,    3.6520196089E+02
    205850,      0.676965,CP7_after_upper_clamp,   1,    0.0000000000E+00,    3.6520196089E+02,    3.6520196089E+02,    0.0000000000E+00,    0.0000000000E+00,    0.0000000000E+00,    3.6520196089E+02
    205850,      0.676965,CP8_after_OBC,   1,    0.0000000000E+00,    3.6520196089E+02,    3.6520196089E+02,    0.0000000000E+00,    0.0000000000E+00,    0.0000000000E+00,    3.6520196089E+02
    205850,      0.676965,CP9_after_PTsource,   1,    0.0000000000E+00,    3.6520196089E+02,    3.6520196089E+02,    0.0000000000E+00,    0.0000000000E+00,    0.0000000000E+00,    3.6520196089E+02
    205850,      0.676965,CP10_after_neg_clamp,   1,    0.0000000000E+00,    3.6520196089E+02,    3.6520196089E+02,    0.0000000000E+00,    0.0000000000E+00,    0.0000000000E+00,    3.6520196089E+02
    205850,      0.676965,CP11_after_MPI,   1,    0.0000000000E+00,    3.6520196089E+02,    3.6520196089E+02,    0.0000000000E+00,    0.0000000000E+00,    0.0000000000E+00,    3.6520196089E+02
    205850,      0.676965,CP12_end,   1,    0.0000000000E+00,    3.6520196089E+02,    3.6520196089E+02,    0.0000000000E+00,    0.0000000000E+00,    0.0000000000E+00,    3.6520196089E+02
    205900,      0.676965,CP0_start,   1,    0.0000000000E+00,    3.6535603883E+02,    3.6535603883E+02,    0.0000000000E+00,    0.0000000000E+00,    0.0000000000E+00,    3.6535603883E+02
    205900,      0.676965,CP1_after_deposition,   1,    0.0000000000E+00,    3.6535603883E+02,    3.6535603883E+02,    0.0000000000E+00,    0.0000000000E+00,    0.0000000000E+00,    3.6535603883E+02
    205900,      0.676965,CP2_after_erosion,   1,    0.0000000000E+00,    3.6535603883E+02,    3.6535603883E+02,    0.0000000000E+00,    0.0000000000E+00,    0.0000000000E+00,    3.6535603883E+02
    205900,      0.676965,CP3_after_update_bottom,   1,    0.0000000000E+00,    3.6535603883E+02,    3.6535603883E+02,    0.0000000000E+00,    0.0000000000E+00,    0.0000000000E+00,    3.6535603883E+02
    205900,      0.676965,CP4_after_advection,   1,    0.0000000000E+00,    3.6535278862E+02,    3.6535278862E+02,    0.0000000000E+00,    0.0000000000E+00,    0.0000000000E+00,    3.6535278862E+02
    205900,      0.676965,CP5_after_vdif,   1,    0.0000000000E+00,    3.6535278862E+02,    3.6535278862E+02,    0.0000000000E+00,    0.0000000000E+00,    0.0000000000E+00,    3.6535278862E+02
    205900,      0.676965,CP6_after_kinetics,   1,    0.0000000000E+00,    3.6535278862E+02,    3.6535278862E+02,    0.0000000000E+00,    0.0000000000E+00,    0.0000000000E+00,    3.6535278862E+02
    205900,      0.676965,CP7_after_upper_clamp,   1,    0.0000000000E+00,    3.6535278862E+02,    3.6535278862E+02,    0.0000000000E+00,    0.0000000000E+00,    0.0000000000E+00,    3.6535278862E+02
    205900,      0.676965,CP8_after_OBC,   1,    0.0000000000E+00,    3.6535278862E+02,    3.6535278862E+02,    0.0000000000E+00,    0.0000000000E+00,    0.0000000000E+00,    3.6535278862E+02
    205900,      0.676965,CP9_after_PTsource,   1,    0.0000000000E+00,    3.6535278862E+02,    3.6535278862E+02,    0.0000000000E+00,    0.0000000000E+00,    0.0000000000E+00,    3.6535278862E+02
    205900,      0.676965,CP10_after_neg_clamp,   1,    0.0000000000E+00,    3.6535278862E+02,    3.6535278862E+02,    0.0000000000E+00,    0.0000000000E+00,    0.0000000000E+00,    3.6535278862E+02
    205900,      0.676965,CP11_after_MPI,   1,    0.0000000000E+00,    3.6535278862E+02,    3.6535278862E+02,    0.0000000000E+00,    0.0000000000E+00,    0.0000000000E+00,    3.6535278862E+02
    205900,      0.676965,CP12_end,   1,    0.0000000000E+00,    3.6535278862E+02,    3.6535278862E+02,    0.0000000000E+00,    0.0000000000E+00,    0.0000000000E+00,    3.6535278862E+02
    205950,      0.676965,CP0_start,   1,    0.0000000000E+00,    3.6550724315E+02,    3.6550724315E+02,    0.0000000000E+00,    0.0000000000E+00,    0.0000000000E+00,    3.6550724315E+02
    205950,      0.676965,CP1_after_deposition,   1,    0.0000000000E+00,    3.6550724315E+02,    3.6550724315E+02,    0.0000000000E+00,    0.0000000000E+00,    0.0000000000E+00,    3.6550724315E+02
    205950,      0.676965,CP2_after_erosion,   1,    0.0000000000E+00,    3.6550724315E+02,    3.6550724315E+02,    0.0000000000E+00,    0.0000000000E+00,    0.0000000000E+00,    3.6550724315E+02
    205950,      0.676965,CP3_after_update_bottom,   1,    0.0000000000E+00,    3.6550724315E+02,    3.6550724315E+02,    0.0000000000E+00,    0.0000000000E+00,    0.0000000000E+00,    3.6550724315E+02
    205950,      0.676965,CP4_after_advection,   1,    0.0000000000E+00,    3.6550421367E+02,    3.6550421367E+02,    0.0000000000E+00,    0.0000000000E+00,    0.0000000000E+00,    3.6550421367E+02
    205950,      0.676965,CP5_after_vdif,   1,    0.0000000000E+00,    3.6550421367E+02,    3.6550421367E+02,    0.0000000000E+00,    0.0000000000E+00,    0.0000000000E+00,    3.6550421367E+02
    205950,      0.676965,CP6_after_kinetics,   1,    0.0000000000E+00,    3.6550421367E+02,    3.6550421367E+02,    0.0000000000E+00,    0.0000000000E+00,    0.0000000000E+00,    3.6550421367E+02
    205950,      0.676965,CP7_after_upper_clamp,   1,    0.0000000000E+00,    3.6550421367E+02,    3.6550421367E+02,    0.0000000000E+00,    0.0000000000E+00,    0.0000000000E+00,    3.6550421367E+02
    205950,      0.676965,CP8_after_OBC,   1,    0.0000000000E+00,    3.6550421367E+02,    3.6550421367E+02,    0.0000000000E+00,    0.0000000000E+00,    0.0000000000E+00,    3.6550421367E+02
    205950,      0.676965,CP9_after_PTsource,   1,    0.0000000000E+00,    3.6550421367E+02,    3.6550421367E+02,    0.0000000000E+00,    0.0000000000E+00,    0.0000000000E+00,    3.6550421367E+02
    205950,      0.676965,CP10_after_neg_clamp,   1,    0.0000000000E+00,    3.6550421367E+02,    3.6550421367E+02,    0.0000000000E+00,    0.0000000000E+00,    0.0000000000E+00,    3.6550421367E+02
    205950,      0.676965,CP11_after_MPI,   1,    0.0000000000E+00,    3.6550421367E+02,    3.6550421367E+02,    0.0000000000E+00,    0.0000000000E+00,    0.0000000000E+00,    3.6550421367E+02
    205950,      0.676965,CP12_end,   1,    0.0000000000E+00,    3.6550421367E+02,    3.6550421367E+02,    0.0000000000E+00,    0.0000000000E+00,    0.0000000000E+00,    3.6550421367E+02
    206000,      0.676965,CP0_start,   1,    0.0000000000E+00,    3.6565921041E+02,    3.6565921041E+02,    0.0000000000E+00,    0.0000000000E+00,    0.0000000000E+00,    3.6565921041E+02
    206000,      0.676965,CP1_after_deposition,   1,    0.0000000000E+00,    3.6565921041E+02,    3.6565921041E+02,    0.0000000000E+00,    0.0000000000E+00,    0.0000000000E+00,    3.6565921041E+02
    206000,      0.676965,CP2_after_erosion,   1,    0.0000000000E+00,    3.6565921041E+02,    3.6565921041E+02,    0.0000000000E+00,    0.0000000000E+00,    0.0000000000E+00,    3.6565921041E+02
    206000,      0.676965,CP3_after_update_bottom,   1,    0.0000000000E+00,    3.6565921041E+02,    3.6565921041E+02,    0.0000000000E+00,    0.0000000000E+00,    0.0000000000E+00,    3.6565921041E+02
    206000,      0.676965,CP4_after_advection,   1,    0.0000000000E+00,    3.6565640574E+02,    3.6565640574E+02,    0.0000000000E+00,    0.0000000000E+00,    0.0000000000E+00,    3.6565640574E+02
    206000,      0.676965,CP5_after_vdif,   1,    0.0000000000E+00,    3.6565640574E+02,    3.6565640574E+02,    0.0000000000E+00,    0.0000000000E+00,    0.0000000000E+00,    3.6565640574E+02
    206000,      0.676965,CP6_after_kinetics,   1,    0.0000000000E+00,    3.6565640574E+02,    3.6565640574E+02,    0.0000000000E+00,    0.0000000000E+00,    0.0000000000E+00,    3.6565640574E+02
    206000,      0.676965,CP7_after_upper_clamp,   1,    0.0000000000E+00,    3.6565640574E+02,    3.6565640574E+02,    0.0000000000E+00,    0.0000000000E+00,    0.0000000000E+00,    3.6565640574E+02
    206000,      0.676965,CP8_after_OBC,   1,    0.0000000000E+00,    3.6565640574E+02,    3.6565640574E+02,    0.0000000000E+00,    0.0000000000E+00,    0.0000000000E+00,    3.6565640574E+02
    206000,      0.676965,CP9_after_PTsource,   1,    0.0000000000E+00,    3.6565640574E+02,    3.6565640574E+02,    0.0000000000E+00,    0.0000000000E+00,    0.0000000000E+00,    3.6565640574E+02
    206000,      0.676965,CP10_after_neg_clamp,   1,    0.0000000000E+00,    3.6565640574E+02,    3.6565640574E+02,    0.0000000000E+00,    0.0000000000E+00,    0.0000000000E+00,    3.6565640574E+02
    206000,      0.676965,CP11_after_MPI,   1,    0.0000000000E+00,    3.6565640574E+02,    3.6565640574E+02,    0.0000000000E+00,    0.0000000000E+00,    0.0000000000E+00,    3.6565640574E+02
    206000,      0.676965,CP12_end,   1,    0.0000000000E+00,    3.6565640574E+02,    3.6565640574E+02,    0.0000000000E+00,    0.0000000000E+00,    0.0000000000E+00,    3.6565640574E+02
    206050,      0.676965,CP0_start,   1,    0.0000000000E+00,    3.6581213441E+02,    3.6581213441E+02,    0.0000000000E+00,    0.0000000000E+00,    0.0000000000E+00,    3.6581213441E+02
    206050,      0.676965,CP1_after_deposition,   1,    0.0000000000E+00,    3.6581213441E+02,    3.6581213441E+02,    0.0000000000E+00,    0.0000000000E+00,    0.0000000000E+00,    3.6581213441E+02
    206050,      0.676965,CP2_after_erosion,   1,    0.0000000000E+00,    3.6581213441E+02,    3.6581213441E+02,    0.0000000000E+00,    0.0000000000E+00,    0.0000000000E+00,    3.6581213441E+02
    206050,      0.676965,CP3_after_update_bottom,   1,    0.0000000000E+00,    3.6581213441E+02,    3.6581213441E+02,    0.0000000000E+00,    0.0000000000E+00,    0.0000000000E+00,    3.6581213441E+02
    206050,      0.676965,CP4_after_advection,   1,    0.0000000000E+00,    3.6580956953E+02,    3.6580956953E+02,    0.0000000000E+00,    0.0000000000E+00,    0.0000000000E+00,    3.6580956953E+02
    206050,      0.676965,CP5_after_vdif,   1,    0.0000000000E+00,    3.6580956953E+02,    3.6580956953E+02,    0.0000000000E+00,    0.0000000000E+00,    0.0000000000E+00,    3.6580956953E+02
    206050,      0.676965,CP6_after_kinetics,   1,    0.0000000000E+00,    3.6580956953E+02,    3.6580956953E+02,    0.0000000000E+00,    0.0000000000E+00,    0.0000000000E+00,    3.6580956953E+02
    206050,      0.676965,CP7_after_upper_clamp,   1,    0.0000000000E+00,    3.6580956953E+02,    3.6580956953E+02,    0.0000000000E+00,    0.0000000000E+00,    0.0000000000E+00,    3.6580956953E+02
    206050,      0.676965,CP8_after_OBC,   1,    0.0000000000E+00,    3.6580956953E+02,    3.6580956953E+02,    0.0000000000E+00,    0.0000000000E+00,    0.0000000000E+00,    3.6580956953E+02
    206050,      0.676965,CP9_after_PTsource,   1,    0.0000000000E+00,    3.6580956953E+02,    3.6580956953E+02,    0.0000000000E+00,    0.0000000000E+00,    0.0000000000E+00,    3.6580956953E+02
    206050,      0.676965,CP10_after_neg_clamp,   1,    0.0000000000E+00,    3.6580956953E+02,    3.6580956953E+02,    0.0000000000E+00,    0.0000000000E+00,    0.0000000000E+00,    3.6580956953E+02
    206050,      0.676965,CP11_after_MPI,   1,    0.0000000000E+00,    3.6580956953E+02,    3.6580956953E+02,    0.0000000000E+00,    0.0000000000E+00,    0.0000000000E+00,    3.6580956953E+02
    206050,      0.676965,CP12_end,   1,    0.0000000000E+00,    3.6580956953E+02,    3.6580956953E+02,    0.0000000000E+00,    0.0000000000E+00,    0.0000000000E+00,    3.6580956953E+02
    206100,      0.676965,CP0_start,   1,    0.0000000000E+00,    3.6596618386E+02,    3.6596618386E+02,    0.0000000000E+00,    0.0000000000E+00,    0.0000000000E+00,    3.6596618386E+02
    206100,      0.676965,CP1_after_deposition,   1,    0.0000000000E+00,    3.6596618386E+02,    3.6596618386E+02,    0.0000000000E+00,    0.0000000000E+00,    0.0000000000E+00,    3.6596618386E+02
    206100,      0.676965,CP2_after_erosion,   1,    0.0000000000E+00,    3.6596618386E+02,    3.6596618386E+02,    0.0000000000E+00,    0.0000000000E+00,    0.0000000000E+00,    3.6596618386E+02
    206100,      0.676965,CP3_after_update_bottom,   1,    0.0000000000E+00,    3.6596618386E+02,    3.6596618386E+02,    0.0000000000E+00,    0.0000000000E+00,    0.0000000000E+00,    3.6596618386E+02
    206100,      0.676965,CP4_after_advection,   1,    0.0000000000E+00,    3.6596387638E+02,    3.6596387638E+02,    0.0000000000E+00,    0.0000000000E+00,    0.0000000000E+00,    3.6596387638E+02
    206100,      0.676965,CP5_after_vdif,   1,    0.0000000000E+00,    3.6596387638E+02,    3.6596387638E+02,    0.0000000000E+00,    0.0000000000E+00,    0.0000000000E+00,    3.6596387638E+02
    206100,      0.676965,CP6_after_kinetics,   1,    0.0000000000E+00,    3.6596387638E+02,    3.6596387638E+02,    0.0000000000E+00,    0.0000000000E+00,    0.0000000000E+00,    3.6596387638E+02
    206100,      0.676965,CP7_after_upper_clamp,   1,    0.0000000000E+00,    3.6596387638E+02,    3.6596387638E+02,    0.0000000000E+00,    0.0000000000E+00,    0.0000000000E+00,    3.6596387638E+02
    206100,      0.676965,CP8_after_OBC,   1,    0.0000000000E+00,    3.6596387638E+02,    3.6596387638E+02,    0.0000000000E+00,    0.0000000000E+00,    0.0000000000E+00,    3.6596387638E+02
    206100,      0.676965,CP9_after_PTsource,   1,    0.0000000000E+00,    3.6596387638E+02,    3.6596387638E+02,    0.0000000000E+00,    0.0000000000E+00,    0.0000000000E+00,    3.6596387638E+02
    206100,      0.676965,CP10_after_neg_clamp,   1,    0.0000000000E+00,    3.6596387638E+02,    3.6596387638E+02,    0.0000000000E+00,    0.0000000000E+00,    0.0000000000E+00,    3.6596387638E+02
    206100,      0.676965,CP11_after_MPI,   1,    0.0000000000E+00,    3.6596387638E+02,    3.6596387638E+02,    0.0000000000E+00,    0.0000000000E+00,    0.0000000000E+00,    3.6596387638E+02
    206100,      0.676965,CP12_end,   1,    0.0000000000E+00,    3.6596387638E+02,    3.6596387638E+02,    0.0000000000E+00,    0.0000000000E+00,    0.0000000000E+00,    3.6596387638E+02
    206150,      0.676965,CP0_start,   1,    0.0000000000E+00,    3.6612266000E+02,    3.6612266000E+02,    0.0000000000E+00,    0.0000000000E+00,    0.0000000000E+00,    3.6612266000E+02
    206150,      0.676965,CP1_after_deposition,   1,    0.0000000000E+00,    3.6612266000E+02,    3.6612266000E+02,    0.0000000000E+00,    0.0000000000E+00,    0.0000000000E+00,    3.6612266000E+02
    206150,      0.676965,CP2_after_erosion,   1,    0.0000000000E+00,    3.6612266000E+02,    3.6612266000E+02,    0.0000000000E+00,    0.0000000000E+00,    0.0000000000E+00,    3.6612266000E+02
    206150,      0.676965,CP3_after_update_bottom,   1,    0.0000000000E+00,    3.6612266000E+02,    3.6612266000E+02,    0.0000000000E+00,    0.0000000000E+00,    0.0000000000E+00,    3.6612266000E+02
    206150,      0.676965,CP4_after_advection,   1,    0.0000000000E+00,    3.6612061129E+02,    3.6612061129E+02,    0.0000000000E+00,    0.0000000000E+00,    0.0000000000E+00,    3.6612061129E+02
    206150,      0.676965,CP5_after_vdif,   1,    0.0000000000E+00,    3.6612061129E+02,    3.6612061129E+02,    0.0000000000E+00,    0.0000000000E+00,    0.0000000000E+00,    3.6612061129E+02
    206150,      0.676965,CP6_after_kinetics,   1,    0.0000000000E+00,    3.6612061129E+02,    3.6612061129E+02,    0.0000000000E+00,    0.0000000000E+00,    0.0000000000E+00,    3.6612061129E+02
    206150,      0.676965,CP7_after_upper_clamp,   1,    0.0000000000E+00,    3.6612061129E+02,    3.6612061129E+02,    0.0000000000E+00,    0.0000000000E+00,    0.0000000000E+00,    3.6612061129E+02
    206150,      0.676965,CP8_after_OBC,   1,    0.0000000000E+00,    3.6612061129E+02,    3.6612061129E+02,    0.0000000000E+00,    0.0000000000E+00,    0.0000000000E+00,    3.6612061129E+02
    206150,      0.676965,CP9_after_PTsource,   1,    0.0000000000E+00,    3.6612061129E+02,    3.6612061129E+02,    0.0000000000E+00,    0.0000000000E+00,    0.0000000000E+00,    3.6612061129E+02
    206150,      0.676965,CP10_after_neg_clamp,   1,    0.0000000000E+00,    3.6612061129E+02,    3.6612061129E+02,    0.0000000000E+00,    0.0000000000E+00,    0.0000000000E+00,    3.6612061129E+02
    206150,      0.676965,CP11_after_MPI,   1,    0.0000000000E+00,    3.6612061129E+02,    3.6612061129E+02,    0.0000000000E+00,    0.0000000000E+00,    0.0000000000E+00,    3.6612061129E+02
    206150,      0.676965,CP12_end,   1,    0.0000000000E+00,    3.6612061129E+02,    3.6612061129E+02,    0.0000000000E+00,    0.0000000000E+00,    0.0000000000E+00,    3.6612061129E+02
    206200,      0.676965,CP0_start,   1,    0.0000000000E+00,    3.6628060370E+02,    3.6628060370E+02,    0.0000000000E+00,    0.0000000000E+00,    0.0000000000E+00,    3.6628060370E+02
    206200,      0.676965,CP1_after_deposition,   1,    0.0000000000E+00,    3.6628060370E+02,    3.6628060370E+02,    0.0000000000E+00,    0.0000000000E+00,    0.0000000000E+00,    3.6628060370E+02
    206200,      0.676965,CP2_after_erosion,   1,    0.0000000000E+00,    3.6628060370E+02,    3.6628060370E+02,    0.0000000000E+00,    0.0000000000E+00,    0.0000000000E+00,    3.6628060370E+02
    206200,      0.676965,CP3_after_update_bottom,   1,    0.0000000000E+00,    3.6628060370E+02,    3.6628060370E+02,    0.0000000000E+00,    0.0000000000E+00,    0.0000000000E+00,    3.6628060370E+02
    206200,      0.676965,CP4_after_advection,   1,    0.0000000000E+00,    3.6627882897E+02,    3.6627882897E+02,    0.0000000000E+00,    0.0000000000E+00,    0.0000000000E+00,    3.6627882897E+02
    206200,      0.676965,CP5_after_vdif,   1,    0.0000000000E+00,    3.6627882897E+02,    3.6627882897E+02,    0.0000000000E+00,    0.0000000000E+00,    0.0000000000E+00,    3.6627882897E+02
    206200,      0.676965,CP6_after_kinetics,   1,    0.0000000000E+00,    3.6627882897E+02,    3.6627882897E+02,    0.0000000000E+00,    0.0000000000E+00,    0.0000000000E+00,    3.6627882897E+02
    206200,      0.676965,CP7_after_upper_clamp,   1,    0.0000000000E+00,    3.6627882897E+02,    3.6627882897E+02,    0.0000000000E+00,    0.0000000000E+00,    0.0000000000E+00,    3.6627882897E+02
    206200,      0.676965,CP8_after_OBC,   1,    0.0000000000E+00,    3.6627882897E+02,    3.6627882897E+02,    0.0000000000E+00,    0.0000000000E+00,    0.0000000000E+00,    3.6627882897E+02
    206200,      0.676965,CP9_after_PTsource,   1,    0.0000000000E+00,    3.6627882897E+02,    3.6627882897E+02,    0.0000000000E+00,    0.0000000000E+00,    0.0000000000E+00,    3.6627882897E+02
    206200,      0.676965,CP10_after_neg_clamp,   1,    0.0000000000E+00,    3.6627882897E+02,    3.6627882897E+02,    0.0000000000E+00,    0.0000000000E+00,    0.0000000000E+00,    3.6627882897E+02
    206200,      0.676965,CP11_after_MPI,   1,    0.0000000000E+00,    3.6627882897E+02,    3.6627882897E+02,    0.0000000000E+00,    0.0000000000E+00,    0.0000000000E+00,    3.6627882897E+02
    206200,      0.676965,CP12_end,   1,    0.0000000000E+00,    3.6627882897E+02,    3.6627882897E+02,    0.0000000000E+00,    0.0000000000E+00,    0.0000000000E+00,    3.6627882897E+02
    206250,      0.676965,CP0_start,   1,    0.0000000000E+00,    3.6643983964E+02,    3.6643983964E+02,    0.0000000000E+00,    0.0000000000E+00,    0.0000000000E+00,    3.6643983964E+02
    206250,      0.676965,CP1_after_deposition,   1,    0.0000000000E+00,    3.6643983964E+02,    3.6643983964E+02,    0.0000000000E+00,    0.0000000000E+00,    0.0000000000E+00,    3.6643983964E+02
    206250,      0.676965,CP2_after_erosion,   1,    0.0000000000E+00,    3.6643983964E+02,    3.6643983964E+02,    0.0000000000E+00,    0.0000000000E+00,    0.0000000000E+00,    3.6643983964E+02
    206250,      0.676965,CP3_after_update_bottom,   1,    0.0000000000E+00,    3.6643983964E+02,    3.6643983964E+02,    0.0000000000E+00,    0.0000000000E+00,    0.0000000000E+00,    3.6643983964E+02
    206250,      0.676965,CP4_after_advection,   1,    0.0000000000E+00,    3.6643834607E+02,    3.6643834607E+02,    0.0000000000E+00,    0.0000000000E+00,    0.0000000000E+00,    3.6643834607E+02
    206250,      0.676965,CP5_after_vdif,   1,    0.0000000000E+00,    3.6643834607E+02,    3.6643834607E+02,    0.0000000000E+00,    0.0000000000E+00,    0.0000000000E+00,    3.6643834607E+02
    206250,      0.676965,CP6_after_kinetics,   1,    0.0000000000E+00,    3.6643834607E+02,    3.6643834607E+02,    0.0000000000E+00,    0.0000000000E+00,    0.0000000000E+00,    3.6643834607E+02
    206250,      0.676965,CP7_after_upper_clamp,   1,    0.0000000000E+00,    3.6643834607E+02,    3.6643834607E+02,    0.0000000000E+00,    0.0000000000E+00,    0.0000000000E+00,    3.6643834607E+02
    206250,      0.676965,CP8_after_OBC,   1,    0.0000000000E+00,    3.6643834607E+02,    3.6643834607E+02,    0.0000000000E+00,    0.0000000000E+00,    0.0000000000E+00,    3.6643834607E+02
    206250,      0.676965,CP9_after_PTsource,   1,    0.0000000000E+00,    3.6643834607E+02,    3.6643834607E+02,    0.0000000000E+00,    0.0000000000E+00,    0.0000000000E+00,    3.6643834607E+02
    206250,      0.676965,CP10_after_neg_clamp,   1,    0.0000000000E+00,    3.6643834607E+02,    3.6643834607E+02,    0.0000000000E+00,    0.0000000000E+00,    0.0000000000E+00,    3.6643834607E+02
    206250,      0.676965,CP11_after_MPI,   1,    0.0000000000E+00,    3.6643834607E+02,    3.6643834607E+02,    0.0000000000E+00,    0.0000000000E+00,    0.0000000000E+00,    3.6643834607E+02
    206250,      0.676965,CP12_end,   1,    0.0000000000E+00,    3.6643834607E+02,    3.6643834607E+02,    0.0000000000E+00,    0.0000000000E+00,    0.0000000000E+00,    3.6643834607E+02
    206300,      0.676965,CP0_start,   1,    0.0000000000E+00,    3.6659994618E+02,    3.6659994618E+02,    0.0000000000E+00,    0.0000000000E+00,    0.0000000000E+00,    3.6659994618E+02
    206300,      0.676965,CP1_after_deposition,   1,    0.0000000000E+00,    3.6659994618E+02,    3.6659994618E+02,    0.0000000000E+00,    0.0000000000E+00,    0.0000000000E+00,    3.6659994618E+02
    206300,      0.676965,CP2_after_erosion,   1,    0.0000000000E+00,    3.6659994618E+02,    3.6659994618E+02,    0.0000000000E+00,    0.0000000000E+00,    0.0000000000E+00,    3.6659994618E+02
    206300,      0.676965,CP3_after_update_bottom,   1,    0.0000000000E+00,    3.6659994618E+02,    3.6659994618E+02,    0.0000000000E+00,    0.0000000000E+00,    0.0000000000E+00,    3.6659994618E+02
    206300,      0.676965,CP4_after_advection,   1,    0.0000000000E+00,    3.6659873975E+02,    3.6659873975E+02,    0.0000000000E+00,    0.0000000000E+00,    0.0000000000E+00,    3.6659873975E+02
    206300,      0.676965,CP5_after_vdif,   1,    0.0000000000E+00,    3.6659873975E+02,    3.6659873975E+02,    0.0000000000E+00,    0.0000000000E+00,    0.0000000000E+00,    3.6659873975E+02
    206300,      0.676965,CP6_after_kinetics,   1,    0.0000000000E+00,    3.6659873975E+02,    3.6659873975E+02,    0.0000000000E+00,    0.0000000000E+00,    0.0000000000E+00,    3.6659873975E+02
    206300,      0.676965,CP7_after_upper_clamp,   1,    0.0000000000E+00,    3.6659873975E+02,    3.6659873975E+02,    0.0000000000E+00,    0.0000000000E+00,    0.0000000000E+00,    3.6659873975E+02
    206300,      0.676965,CP8_after_OBC,   1,    0.0000000000E+00,    3.6659873975E+02,    3.6659873975E+02,    0.0000000000E+00,    0.0000000000E+00,    0.0000000000E+00,    3.6659873975E+02
    206300,      0.676965,CP9_after_PTsource,   1,    0.0000000000E+00,    3.6659873975E+02,    3.6659873975E+02,    0.0000000000E+00,    0.0000000000E+00,    0.0000000000E+00,    3.6659873975E+02
    206300,      0.676965,CP10_after_neg_clamp,   1,    0.0000000000E+00,    3.6659873975E+02,    3.6659873975E+02,    0.0000000000E+00,    0.0000000000E+00,    0.0000000000E+00,    3.6659873975E+02
    206300,      0.676965,CP11_after_MPI,   1,    0.0000000000E+00,    3.6659873975E+02,    3.6659873975E+02,    0.0000000000E+00,    0.0000000000E+00,    0.0000000000E+00,    3.6659873975E+02
    206300,      0.676965,CP12_end,   1,    0.0000000000E+00,    3.6659873975E+02,    3.6659873975E+02,    0.0000000000E+00,    0.0000000000E+00,    0.0000000000E+00,    3.6659873975E+02
    206350,      0.676965,CP0_start,   1,    0.0000000000E+00,    3.6676064209E+02,    3.6676064209E+02,    0.0000000000E+00,    0.0000000000E+00,    0.0000000000E+00,    3.6676064209E+02
    206350,      0.676965,CP1_after_deposition,   1,    0.0000000000E+00,    3.6676064209E+02,    3.6676064209E+02,    0.0000000000E+00,    0.0000000000E+00,    0.0000000000E+00,    3.6676064209E+02
    206350,      0.676965,CP2_after_erosion,   1,    0.0000000000E+00,    3.6676064209E+02,    3.6676064209E+02,    0.0000000000E+00,    0.0000000000E+00,    0.0000000000E+00,    3.6676064209E+02
    206350,      0.676965,CP3_after_update_bottom,   1,    0.0000000000E+00,    3.6676064209E+02,    3.6676064209E+02,    0.0000000000E+00,    0.0000000000E+00,    0.0000000000E+00,    3.6676064209E+02
    206350,      0.676965,CP4_after_advection,   1,    0.0000000000E+00,    3.6675971714E+02,    3.6675971714E+02,    0.0000000000E+00,    0.0000000000E+00,    0.0000000000E+00,    3.6675971714E+02
    206350,      0.676965,CP5_after_vdif,   1,    0.0000000000E+00,    3.6675971714E+02,    3.6675971714E+02,    0.0000000000E+00,    0.0000000000E+00,    0.0000000000E+00,    3.6675971714E+02
    206350,      0.676965,CP6_after_kinetics,   1,    0.0000000000E+00,    3.6675971714E+02,    3.6675971714E+02,    0.0000000000E+00,    0.0000000000E+00,    0.0000000000E+00,    3.6675971714E+02
    206350,      0.676965,CP7_after_upper_clamp,   1,    0.0000000000E+00,    3.6675971714E+02,    3.6675971714E+02,    0.0000000000E+00,    0.0000000000E+00,    0.0000000000E+00,    3.6675971714E+02
    206350,      0.676965,CP8_after_OBC,   1,    0.0000000000E+00,    3.6675971714E+02,    3.6675971714E+02,    0.0000000000E+00,    0.0000000000E+00,    0.0000000000E+00,    3.6675971714E+02
    206350,      0.676965,CP9_after_PTsource,   1,    0.0000000000E+00,    3.6675971714E+02,    3.6675971714E+02,    0.0000000000E+00,    0.0000000000E+00,    0.0000000000E+00,    3.6675971714E+02
    206350,      0.676965,CP10_after_neg_clamp,   1,    0.0000000000E+00,    3.6675971714E+02,    3.6675971714E+02,    0.0000000000E+00,    0.0000000000E+00,    0.0000000000E+00,    3.6675971714E+02
    206350,      0.676965,CP11_after_MPI,   1,    0.0000000000E+00,    3.6675971714E+02,    3.6675971714E+02,    0.0000000000E+00,    0.0000000000E+00,    0.0000000000E+00,    3.6675971714E+02
    206350,      0.676965,CP12_end,   1,    0.0000000000E+00,    3.6675971714E+02,    3.6675971714E+02,    0.0000000000E+00,    0.0000000000E+00,    0.0000000000E+00,    3.6675971714E+02
    206400,      0.676965,CP0_start,   1,    0.0000000000E+00,    3.6692150311E+02,    3.6692150311E+02,    0.0000000000E+00,    0.0000000000E+00,    0.0000000000E+00,    3.6692150311E+02
    206400,      0.676965,CP1_after_deposition,   1,    0.0000000000E+00,    3.6692150311E+02,    3.6692150311E+02,    0.0000000000E+00,    0.0000000000E+00,    0.0000000000E+00,    3.6692150311E+02
    206400,      0.676965,CP2_after_erosion,   1,    0.0000000000E+00,    3.6692150311E+02,    3.6692150311E+02,    0.0000000000E+00,    0.0000000000E+00,    0.0000000000E+00,    3.6692150311E+02
    206400,      0.676965,CP3_after_update_bottom,   1,    0.0000000000E+00,    3.6692150311E+02,    3.6692150311E+02,    0.0000000000E+00,    0.0000000000E+00,    0.0000000000E+00,    3.6692150311E+02
    206400,      0.676965,CP4_after_advection,   1,    0.0000000000E+00,    3.6692087255E+02,    3.6692087255E+02,    0.0000000000E+00,    0.0000000000E+00,    0.0000000000E+00,    3.6692087255E+02
    206400,      0.676965,CP5_after_vdif,   1,    0.0000000000E+00,    3.6692087255E+02,    3.6692087255E+02,    0.0000000000E+00,    0.0000000000E+00,    0.0000000000E+00,    3.6692087255E+02
    206400,      0.676965,CP6_after_kinetics,   1,    0.0000000000E+00,    3.6692087255E+02,    3.6692087255E+02,    0.0000000000E+00,    0.0000000000E+00,    0.0000000000E+00,    3.6692087255E+02
    206400,      0.676965,CP7_after_upper_clamp,   1,    0.0000000000E+00,    3.6692087255E+02,    3.6692087255E+02,    0.0000000000E+00,    0.0000000000E+00,    0.0000000000E+00,    3.6692087255E+02
    206400,      0.676965,CP8_after_OBC,   1,    0.0000000000E+00,    3.6692087255E+02,    3.6692087255E+02,    0.0000000000E+00,    0.0000000000E+00,    0.0000000000E+00,    3.6692087255E+02
    206400,      0.676965,CP9_after_PTsource,   1,    0.0000000000E+00,    3.6692087255E+02,    3.6692087255E+02,    0.0000000000E+00,    0.0000000000E+00,    0.0000000000E+00,    3.6692087255E+02
    206400,      0.676965,CP10_after_neg_clamp,   1,    0.0000000000E+00,    3.6692087255E+02,    3.6692087255E+02,    0.0000000000E+00,    0.0000000000E+00,    0.0000000000E+00,    3.6692087255E+02
    206400,      0.676965,CP11_after_MPI,   1,    0.0000000000E+00,    3.6692087255E+02,    3.6692087255E+02,    0.0000000000E+00,    0.0000000000E+00,    0.0000000000E+00,    3.6692087255E+02
    206400,      0.676965,CP12_end,   1,    0.0000000000E+00,    3.6692087255E+02,    3.6692087255E+02,    0.0000000000E+00,    0.0000000000E+00,    0.0000000000E+00,    3.6692087255E+02
    206450,      0.676965,CP0_start,   1,    0.0000000000E+00,    3.6708272158E+02,    3.6708272158E+02,    0.0000000000E+00,    0.0000000000E+00,    0.0000000000E+00,    3.6708272158E+02
    206450,      0.676965,CP1_after_deposition,   1,    0.0000000000E+00,    3.6708272158E+02,    3.6708272158E+02,    0.0000000000E+00,    0.0000000000E+00,    0.0000000000E+00,    3.6708272158E+02
    206450,      0.676965,CP2_after_erosion,   1,    0.0000000000E+00,    3.6708272158E+02,    3.6708272158E+02,    0.0000000000E+00,    0.0000000000E+00,    0.0000000000E+00,    3.6708272158E+02
    206450,      0.676965,CP3_after_update_bottom,   1,    0.0000000000E+00,    3.6708272158E+02,    3.6708272158E+02,    0.0000000000E+00,    0.0000000000E+00,    0.0000000000E+00,    3.6708272158E+02
    206450,      0.676965,CP4_after_advection,   1,    0.0000000000E+00,    3.6708240167E+02,    3.6708240167E+02,    0.0000000000E+00,    0.0000000000E+00,    0.0000000000E+00,    3.6708240167E+02
    206450,      0.676965,CP5_after_vdif,   1,    0.0000000000E+00,    3.6708240167E+02,    3.6708240167E+02,    0.0000000000E+00,    0.0000000000E+00,    0.0000000000E+00,    3.6708240167E+02
    206450,      0.676965,CP6_after_kinetics,   1,    0.0000000000E+00,    3.6708240167E+02,    3.6708240167E+02,    0.0000000000E+00,    0.0000000000E+00,    0.0000000000E+00,    3.6708240167E+02
    206450,      0.676965,CP7_after_upper_clamp,   1,    0.0000000000E+00,    3.6708240167E+02,    3.6708240167E+02,    0.0000000000E+00,    0.0000000000E+00,    0.0000000000E+00,    3.6708240167E+02
    206450,      0.676965,CP8_after_OBC,   1,    0.0000000000E+00,    3.6708240167E+02,    3.6708240167E+02,    0.0000000000E+00,    0.0000000000E+00,    0.0000000000E+00,    3.6708240167E+02
    206450,      0.676965,CP9_after_PTsource,   1,    0.0000000000E+00,    3.6708240167E+02,    3.6708240167E+02,    0.0000000000E+00,    0.0000000000E+00,    0.0000000000E+00,    3.6708240167E+02
    206450,      0.676965,CP10_after_neg_clamp,   1,    0.0000000000E+00,    3.6708240167E+02,    3.6708240167E+02,    0.0000000000E+00,    0.0000000000E+00,    0.0000000000E+00,    3.6708240167E+02
    206450,      0.676965,CP11_after_MPI,   1,    0.0000000000E+00,    3.6708240167E+02,    3.6708240167E+02,    0.0000000000E+00,    0.0000000000E+00,    0.0000000000E+00,    3.6708240167E+02
    206450,      0.676965,CP12_end,   1,    0.0000000000E+00,    3.6708240167E+02,    3.6708240167E+02,    0.0000000000E+00,    0.0000000000E+00,    0.0000000000E+00,    3.6708240167E+02
    206500,      0.676965,CP0_start,   1,    0.0000000000E+00,    3.6724474166E+02,    3.6724474166E+02,    0.0000000000E+00,    0.0000000000E+00,    0.0000000000E+00,    3.6724474166E+02
    206500,      0.676965,CP1_after_deposition,   1,    0.0000000000E+00,    3.6724474166E+02,    3.6724474166E+02,    0.0000000000E+00,    0.0000000000E+00,    0.0000000000E+00,    3.6724474166E+02
    206500,      0.676965,CP2_after_erosion,   1,    0.0000000000E+00,    3.6724474166E+02,    3.6724474166E+02,    0.0000000000E+00,    0.0000000000E+00,    0.0000000000E+00,    3.6724474166E+02
    206500,      0.676965,CP3_after_update_bottom,   1,    0.0000000000E+00,    3.6724474166E+02,    3.6724474166E+02,    0.0000000000E+00,    0.0000000000E+00,    0.0000000000E+00,    3.6724474166E+02
    206500,      0.676965,CP4_after_advection,   1,    0.0000000000E+00,    3.6724474476E+02,    3.6724474476E+02,    0.0000000000E+00,    0.0000000000E+00,    0.0000000000E+00,    3.6724474476E+02
    206500,      0.676965,CP5_after_vdif,   1,    0.0000000000E+00,    3.6724474476E+02,    3.6724474476E+02,    0.0000000000E+00,    0.0000000000E+00,    0.0000000000E+00,    3.6724474476E+02
    206500,      0.676965,CP6_after_kinetics,   1,    0.0000000000E+00,    3.6724474476E+02,    3.6724474476E+02,    0.0000000000E+00,    0.0000000000E+00,    0.0000000000E+00,    3.6724474476E+02
    206500,      0.676965,CP7_after_upper_clamp,   1,    0.0000000000E+00,    3.6724474476E+02,    3.6724474476E+02,    0.0000000000E+00,    0.0000000000E+00,    0.0000000000E+00,    3.6724474476E+02
    206500,      0.676965,CP8_after_OBC,   1,    0.0000000000E+00,    3.6724474476E+02,    3.6724474476E+02,    0.0000000000E+00,    0.0000000000E+00,    0.0000000000E+00,    3.6724474476E+02
    206500,      0.676965,CP9_after_PTsource,   1,    0.0000000000E+00,    3.6724474476E+02,    3.6724474476E+02,    0.0000000000E+00,    0.0000000000E+00,    0.0000000000E+00,    3.6724474476E+02
    206500,      0.676965,CP10_after_neg_clamp,   1,    0.0000000000E+00,    3.6724474476E+02,    3.6724474476E+02,    0.0000000000E+00,    0.0000000000E+00,    0.0000000000E+00,    3.6724474476E+02
    206500,      0.676965,CP11_after_MPI,   1,    0.0000000000E+00,    3.6724474476E+02,    3.6724474476E+02,    0.0000000000E+00,    0.0000000000E+00,    0.0000000000E+00,    3.6724474476E+02
    206500,      0.676965,CP12_end,   1,    0.0000000000E+00,    3.6724474476E+02,    3.6724474476E+02,    0.0000000000E+00,    0.0000000000E+00,    0.0000000000E+00,    3.6724474476E+02
    206550,      0.676965,CP0_start,   1,    0.0000000000E+00,    3.6740803870E+02,    3.6740803870E+02,    0.0000000000E+00,    0.0000000000E+00,    0.0000000000E+00,    3.6740803870E+02
    206550,      0.676965,CP1_after_deposition,   1,    0.0000000000E+00,    3.6740803870E+02,    3.6740803870E+02,    0.0000000000E+00,    0.0000000000E+00,    0.0000000000E+00,    3.6740803870E+02
    206550,      0.676965,CP2_after_erosion,   1,    0.0000000000E+00,    3.6740803870E+02,    3.6740803870E+02,    0.0000000000E+00,    0.0000000000E+00,    0.0000000000E+00,    3.6740803870E+02
    206550,      0.676965,CP3_after_update_bottom,   1,    0.0000000000E+00,    3.6740803870E+02,    3.6740803870E+02,    0.0000000000E+00,    0.0000000000E+00,    0.0000000000E+00,    3.6740803870E+02
    206550,      0.676965,CP4_after_advection,   1,    0.0000000000E+00,    3.6740838047E+02,    3.6740838047E+02,    0.0000000000E+00,    0.0000000000E+00,    0.0000000000E+00,    3.6740838047E+02
    206550,      0.676965,CP5_after_vdif,   1,    0.0000000000E+00,    3.6740838047E+02,    3.6740838047E+02,    0.0000000000E+00,    0.0000000000E+00,    0.0000000000E+00,    3.6740838047E+02
    206550,      0.676965,CP6_after_kinetics,   1,    0.0000000000E+00,    3.6740838047E+02,    3.6740838047E+02,    0.0000000000E+00,    0.0000000000E+00,    0.0000000000E+00,    3.6740838047E+02
    206550,      0.676965,CP7_after_upper_clamp,   1,    0.0000000000E+00,    3.6740838047E+02,    3.6740838047E+02,    0.0000000000E+00,    0.0000000000E+00,    0.0000000000E+00,    3.6740838047E+02
    206550,      0.676965,CP8_after_OBC,   1,    0.0000000000E+00,    3.6740838047E+02,    3.6740838047E+02,    0.0000000000E+00,    0.0000000000E+00,    0.0000000000E+00,    3.6740838047E+02
    206550,      0.676965,CP9_after_PTsource,   1,    0.0000000000E+00,    3.6740838047E+02,    3.6740838047E+02,    0.0000000000E+00,    0.0000000000E+00,    0.0000000000E+00,    3.6740838047E+02
    206550,      0.676965,CP10_after_neg_clamp,   1,    0.0000000000E+00,    3.6740838047E+02,    3.6740838047E+02,    0.0000000000E+00,    0.0000000000E+00,    0.0000000000E+00,    3.6740838047E+02
    206550,      0.676965,CP11_after_MPI,   1,    0.0000000000E+00,    3.6740838047E+02,    3.6740838047E+02,    0.0000000000E+00,    0.0000000000E+00,    0.0000000000E+00,    3.6740838047E+02
    206550,      0.676965,CP12_end,   1,    0.0000000000E+00,    3.6740838047E+02,    3.6740838047E+02,    0.0000000000E+00,    0.0000000000E+00,    0.0000000000E+00,    3.6740838047E+02
    206600,      0.676965,CP0_start,   1,    0.0000000000E+00,    3.6757305790E+02,    3.6757305790E+02,    0.0000000000E+00,    0.0000000000E+00,    0.0000000000E+00,    3.6757305790E+02
    206600,      0.676965,CP1_after_deposition,   1,    0.0000000000E+00,    3.6757305790E+02,    3.6757305790E+02,    0.0000000000E+00,    0.0000000000E+00,    0.0000000000E+00,    3.6757305790E+02
    206600,      0.676965,CP2_after_erosion,   1,    0.0000000000E+00,    3.6757305790E+02,    3.6757305790E+02,    0.0000000000E+00,    0.0000000000E+00,    0.0000000000E+00,    3.6757305790E+02
    206600,      0.676965,CP3_after_update_bottom,   1,    0.0000000000E+00,    3.6757305790E+02,    3.6757305790E+02,    0.0000000000E+00,    0.0000000000E+00,    0.0000000000E+00,    3.6757305790E+02
    206600,      0.676965,CP4_after_advection,   1,    0.0000000000E+00,    3.6757375329E+02,    3.6757375329E+02,    0.0000000000E+00,    0.0000000000E+00,    0.0000000000E+00,    3.6757375329E+02
    206600,      0.676965,CP5_after_vdif,   1,    0.0000000000E+00,    3.6757375329E+02,    3.6757375329E+02,    0.0000000000E+00,    0.0000000000E+00,    0.0000000000E+00,    3.6757375329E+02
    206600,      0.676965,CP6_after_kinetics,   1,    0.0000000000E+00,    3.6757375329E+02,    3.6757375329E+02,    0.0000000000E+00,    0.0000000000E+00,    0.0000000000E+00,    3.6757375329E+02
    206600,      0.676965,CP7_after_upper_clamp,   1,    0.0000000000E+00,    3.6757375329E+02,    3.6757375329E+02,    0.0000000000E+00,    0.0000000000E+00,    0.0000000000E+00,    3.6757375329E+02
    206600,      0.676965,CP8_after_OBC,   1,    0.0000000000E+00,    3.6757375329E+02,    3.6757375329E+02,    0.0000000000E+00,    0.0000000000E+00,    0.0000000000E+00,    3.6757375329E+02
    206600,      0.676965,CP9_after_PTsource,   1,    0.0000000000E+00,    3.6757375329E+02,    3.6757375329E+02,    0.0000000000E+00,    0.0000000000E+00,    0.0000000000E+00,    3.6757375329E+02
    206600,      0.676965,CP10_after_neg_clamp,   1,    0.0000000000E+00,    3.6757375329E+02,    3.6757375329E+02,    0.0000000000E+00,    0.0000000000E+00,    0.0000000000E+00,    3.6757375329E+02
    206600,      0.676965,CP11_after_MPI,   1,    0.0000000000E+00,    3.6757375329E+02,    3.6757375329E+02,    0.0000000000E+00,    0.0000000000E+00,    0.0000000000E+00,    3.6757375329E+02
    206600,      0.676965,CP12_end,   1,    0.0000000000E+00,    3.6757375329E+02,    3.6757375329E+02,    0.0000000000E+00,    0.0000000000E+00,    0.0000000000E+00,    3.6757375329E+02
    206650,      0.676965,CP0_start,   1,    0.0000000000E+00,    3.6774003325E+02,    3.6774003325E+02,    0.0000000000E+00,    0.0000000000E+00,    0.0000000000E+00,    3.6774003325E+02
    206650,      0.676965,CP1_after_deposition,   1,    0.0000000000E+00,    3.6774003325E+02,    3.6774003325E+02,    0.0000000000E+00,    0.0000000000E+00,    0.0000000000E+00,    3.6774003325E+02
    206650,      0.676965,CP2_after_erosion,   1,    0.0000000000E+00,    3.6774003325E+02,    3.6774003325E+02,    0.0000000000E+00,    0.0000000000E+00,    0.0000000000E+00,    3.6774003325E+02
    206650,      0.676965,CP3_after_update_bottom,   1,    0.0000000000E+00,    3.6774003325E+02,    3.6774003325E+02,    0.0000000000E+00,    0.0000000000E+00,    0.0000000000E+00,    3.6774003325E+02
    206650,      0.676965,CP4_after_advection,   1,    0.0000000000E+00,    3.6774108334E+02,    3.6774108334E+02,    0.0000000000E+00,    0.0000000000E+00,    0.0000000000E+00,    3.6774108334E+02
    206650,      0.676965,CP5_after_vdif,   1,    0.0000000000E+00,    3.6774108334E+02,    3.6774108334E+02,    0.0000000000E+00,    0.0000000000E+00,    0.0000000000E+00,    3.6774108334E+02
    206650,      0.676965,CP6_after_kinetics,   1,    0.0000000000E+00,    3.6774108334E+02,    3.6774108334E+02,    0.0000000000E+00,    0.0000000000E+00,    0.0000000000E+00,    3.6774108334E+02
    206650,      0.676965,CP7_after_upper_clamp,   1,    0.0000000000E+00,    3.6774108334E+02,    3.6774108334E+02,    0.0000000000E+00,    0.0000000000E+00,    0.0000000000E+00,    3.6774108334E+02
    206650,      0.676965,CP8_after_OBC,   1,    0.0000000000E+00,    3.6774108334E+02,    3.6774108334E+02,    0.0000000000E+00,    0.0000000000E+00,    0.0000000000E+00,    3.6774108334E+02
    206650,      0.676965,CP9_after_PTsource,   1,    0.0000000000E+00,    3.6774108334E+02,    3.6774108334E+02,    0.0000000000E+00,    0.0000000000E+00,    0.0000000000E+00,    3.6774108334E+02
    206650,      0.676965,CP10_after_neg_clamp,   1,    0.0000000000E+00,    3.6774108334E+02,    3.6774108334E+02,    0.0000000000E+00,    0.0000000000E+00,    0.0000000000E+00,    3.6774108334E+02
    206650,      0.676965,CP11_after_MPI,   1,    0.0000000000E+00,    3.6774108334E+02,    3.6774108334E+02,    0.0000000000E+00,    0.0000000000E+00,    0.0000000000E+00,    3.6774108334E+02
    206650,      0.676965,CP12_end,   1,    0.0000000000E+00,    3.6774108334E+02,    3.6774108334E+02,    0.0000000000E+00,    0.0000000000E+00,    0.0000000000E+00,    3.6774108334E+02
    206700,      0.676965,CP0_start,   1,    0.0000000000E+00,    3.6790903913E+02,    3.6790903913E+02,    0.0000000000E+00,    0.0000000000E+00,    0.0000000000E+00,    3.6790903913E+02
    206700,      0.676965,CP1_after_deposition,   1,    0.0000000000E+00,    3.6790903913E+02,    3.6790903913E+02,    0.0000000000E+00,    0.0000000000E+00,    0.0000000000E+00,    3.6790903913E+02
    206700,      0.676965,CP2_after_erosion,   1,    0.0000000000E+00,    3.6790903913E+02,    3.6790903913E+02,    0.0000000000E+00,    0.0000000000E+00,    0.0000000000E+00,    3.6790903913E+02
    206700,      0.676965,CP3_after_update_bottom,   1,    0.0000000000E+00,    3.6790903913E+02,    3.6790903913E+02,    0.0000000000E+00,    0.0000000000E+00,    0.0000000000E+00,    3.6790903913E+02
    206700,      0.676965,CP4_after_advection,   1,    0.0000000000E+00,    3.6791044261E+02,    3.6791044261E+02,    0.0000000000E+00,    0.0000000000E+00,    0.0000000000E+00,    3.6791044261E+02
    206700,      0.676965,CP5_after_vdif,   1,    0.0000000000E+00,    3.6791044261E+02,    3.6791044261E+02,    0.0000000000E+00,    0.0000000000E+00,    0.0000000000E+00,    3.6791044261E+02
    206700,      0.676965,CP6_after_kinetics,   1,    0.0000000000E+00,    3.6791044261E+02,    3.6791044261E+02,    0.0000000000E+00,    0.0000000000E+00,    0.0000000000E+00,    3.6791044261E+02
    206700,      0.676965,CP7_after_upper_clamp,   1,    0.0000000000E+00,    3.6791044261E+02,    3.6791044261E+02,    0.0000000000E+00,    0.0000000000E+00,    0.0000000000E+00,    3.6791044261E+02
    206700,      0.676965,CP8_after_OBC,   1,    0.0000000000E+00,    3.6791044261E+02,    3.6791044261E+02,    0.0000000000E+00,    0.0000000000E+00,    0.0000000000E+00,    3.6791044261E+02
    206700,      0.676965,CP9_after_PTsource,   1,    0.0000000000E+00,    3.6791044261E+02,    3.6791044261E+02,    0.0000000000E+00,    0.0000000000E+00,    0.0000000000E+00,    3.6791044261E+02
    206700,      0.676965,CP10_after_neg_clamp,   1,    0.0000000000E+00,    3.6791044261E+02,    3.6791044261E+02,    0.0000000000E+00,    0.0000000000E+00,    0.0000000000E+00,    3.6791044261E+02
    206700,      0.676965,CP11_after_MPI,   1,    0.0000000000E+00,    3.6791044261E+02,    3.6791044261E+02,    0.0000000000E+00,    0.0000000000E+00,    0.0000000000E+00,    3.6791044261E+02
    206700,      0.676965,CP12_end,   1,    0.0000000000E+00,    3.6791044261E+02,    3.6791044261E+02,    0.0000000000E+00,    0.0000000000E+00,    0.0000000000E+00,    3.6791044261E+02
    206750,      0.676965,CP0_start,   1,    0.0000000000E+00,    3.6807987156E+02,    3.6807987156E+02,    0.0000000000E+00,    0.0000000000E+00,    0.0000000000E+00,    3.6807987156E+02
    206750,      0.676965,CP1_after_deposition,   1,    0.0000000000E+00,    3.6807987156E+02,    3.6807987156E+02,    0.0000000000E+00,    0.0000000000E+00,    0.0000000000E+00,    3.6807987156E+02
    206750,      0.676965,CP2_after_erosion,   1,    0.0000000000E+00,    3.6807987156E+02,    3.6807987156E+02,    0.0000000000E+00,    0.0000000000E+00,    0.0000000000E+00,    3.6807987156E+02
    206750,      0.676965,CP3_after_update_bottom,   1,    0.0000000000E+00,    3.6807987156E+02,    3.6807987156E+02,    0.0000000000E+00,    0.0000000000E+00,    0.0000000000E+00,    3.6807987156E+02
    206750,      0.676965,CP4_after_advection,   1,    0.0000000000E+00,    3.6808164219E+02,    3.6808164219E+02,    0.0000000000E+00,    0.0000000000E+00,    0.0000000000E+00,    3.6808164219E+02
    206750,      0.676965,CP5_after_vdif,   1,    0.0000000000E+00,    3.6808164219E+02,    3.6808164219E+02,    0.0000000000E+00,    0.0000000000E+00,    0.0000000000E+00,    3.6808164219E+02
    206750,      0.676965,CP6_after_kinetics,   1,    0.0000000000E+00,    3.6808164219E+02,    3.6808164219E+02,    0.0000000000E+00,    0.0000000000E+00,    0.0000000000E+00,    3.6808164219E+02
    206750,      0.676965,CP7_after_upper_clamp,   1,    0.0000000000E+00,    3.6808164219E+02,    3.6808164219E+02,    0.0000000000E+00,    0.0000000000E+00,    0.0000000000E+00,    3.6808164219E+02
    206750,      0.676965,CP8_after_OBC,   1,    0.0000000000E+00,    3.6808164219E+02,    3.6808164219E+02,    0.0000000000E+00,    0.0000000000E+00,    0.0000000000E+00,    3.6808164219E+02
    206750,      0.676965,CP9_after_PTsource,   1,    0.0000000000E+00,    3.6808164219E+02,    3.6808164219E+02,    0.0000000000E+00,    0.0000000000E+00,    0.0000000000E+00,    3.6808164219E+02
    206750,      0.676965,CP10_after_neg_clamp,   1,    0.0000000000E+00,    3.6808164219E+02,    3.6808164219E+02,    0.0000000000E+00,    0.0000000000E+00,    0.0000000000E+00,    3.6808164219E+02
    206750,      0.676965,CP11_after_MPI,   1,    0.0000000000E+00,    3.6808164219E+02,    3.6808164219E+02,    0.0000000000E+00,    0.0000000000E+00,    0.0000000000E+00,    3.6808164219E+02
    206750,      0.676965,CP12_end,   1,    0.0000000000E+00,    3.6808164219E+02,    3.6808164219E+02,    0.0000000000E+00,    0.0000000000E+00,    0.0000000000E+00,    3.6808164219E+02
    206800,      0.676965,CP0_start,   1,    0.0000000000E+00,    3.6825254397E+02,    3.6825254397E+02,    0.0000000000E+00,    0.0000000000E+00,    0.0000000000E+00,    3.6825254397E+02
    206800,      0.676965,CP1_after_deposition,   1,    0.0000000000E+00,    3.6825254397E+02,    3.6825254397E+02,    0.0000000000E+00,    0.0000000000E+00,    0.0000000000E+00,    3.6825254397E+02
    206800,      0.676965,CP2_after_erosion,   1,    0.0000000000E+00,    3.6825254397E+02,    3.6825254397E+02,    0.0000000000E+00,    0.0000000000E+00,    0.0000000000E+00,    3.6825254397E+02
    206800,      0.676965,CP3_after_update_bottom,   1,    0.0000000000E+00,    3.6825254397E+02,    3.6825254397E+02,    0.0000000000E+00,    0.0000000000E+00,    0.0000000000E+00,    3.6825254397E+02
    206800,      0.676965,CP4_after_advection,   1,    0.0000000000E+00,    3.6825467510E+02,    3.6825467510E+02,    0.0000000000E+00,    0.0000000000E+00,    0.0000000000E+00,    3.6825467510E+02
    206800,      0.676965,CP5_after_vdif,   1,    0.0000000000E+00,    3.6825467510E+02,    3.6825467510E+02,    0.0000000000E+00,    0.0000000000E+00,    0.0000000000E+00,    3.6825467510E+02
    206800,      0.676965,CP6_after_kinetics,   1,    0.0000000000E+00,    3.6825467510E+02,    3.6825467510E+02,    0.0000000000E+00,    0.0000000000E+00,    0.0000000000E+00,    3.6825467510E+02
    206800,      0.676965,CP7_after_upper_clamp,   1,    0.0000000000E+00,    3.6825467510E+02,    3.6825467510E+02,    0.0000000000E+00,    0.0000000000E+00,    0.0000000000E+00,    3.6825467510E+02
    206800,      0.676965,CP8_after_OBC,   1,    0.0000000000E+00,    3.6825467510E+02,    3.6825467510E+02,    0.0000000000E+00,    0.0000000000E+00,    0.0000000000E+00,    3.6825467510E+02
    206800,      0.676965,CP9_after_PTsource,   1,    0.0000000000E+00,    3.6825467510E+02,    3.6825467510E+02,    0.0000000000E+00,    0.0000000000E+00,    0.0000000000E+00,    3.6825467510E+02
    206800,      0.676965,CP10_after_neg_clamp,   1,    0.0000000000E+00,    3.6825467510E+02,    3.6825467510E+02,    0.0000000000E+00,    0.0000000000E+00,    0.0000000000E+00,    3.6825467510E+02
    206800,      0.676965,CP11_after_MPI,   1,    0.0000000000E+00,    3.6825467510E+02,    3.6825467510E+02,    0.0000000000E+00,    0.0000000000E+00,    0.0000000000E+00,    3.6825467510E+02
    206800,      0.676965,CP12_end,   1,    0.0000000000E+00,    3.6825467510E+02,    3.6825467510E+02,    0.0000000000E+00,    0.0000000000E+00,    0.0000000000E+00,    3.6825467510E+02
    206850,      0.676965,CP0_start,   1,    0.0000000000E+00,    3.6842700017E+02,    3.6842700017E+02,    0.0000000000E+00,    0.0000000000E+00,    0.0000000000E+00,    3.6842700017E+02
    206850,      0.676965,CP1_after_deposition,   1,    0.0000000000E+00,    3.6842700017E+02,    3.6842700017E+02,    0.0000000000E+00,    0.0000000000E+00,    0.0000000000E+00,    3.6842700017E+02
    206850,      0.676965,CP2_after_erosion,   1,    0.0000000000E+00,    3.6842700017E+02,    3.6842700017E+02,    0.0000000000E+00,    0.0000000000E+00,    0.0000000000E+00,    3.6842700017E+02
    206850,      0.676965,CP3_after_update_bottom,   1,    0.0000000000E+00,    3.6842700017E+02,    3.6842700017E+02,    0.0000000000E+00,    0.0000000000E+00,    0.0000000000E+00,    3.6842700017E+02
    206850,      0.676965,CP4_after_advection,   1,    0.0000000000E+00,    3.6842948503E+02,    3.6842948503E+02,    0.0000000000E+00,    0.0000000000E+00,    0.0000000000E+00,    3.6842948503E+02
    206850,      0.676965,CP5_after_vdif,   1,    0.0000000000E+00,    3.6842948503E+02,    3.6842948503E+02,    0.0000000000E+00,    0.0000000000E+00,    0.0000000000E+00,    3.6842948503E+02
    206850,      0.676965,CP6_after_kinetics,   1,    0.0000000000E+00,    3.6842948503E+02,    3.6842948503E+02,    0.0000000000E+00,    0.0000000000E+00,    0.0000000000E+00,    3.6842948503E+02
    206850,      0.676965,CP7_after_upper_clamp,   1,    0.0000000000E+00,    3.6842948503E+02,    3.6842948503E+02,    0.0000000000E+00,    0.0000000000E+00,    0.0000000000E+00,    3.6842948503E+02
    206850,      0.676965,CP8_after_OBC,   1,    0.0000000000E+00,    3.6842948503E+02,    3.6842948503E+02,    0.0000000000E+00,    0.0000000000E+00,    0.0000000000E+00,    3.6842948503E+02
    206850,      0.676965,CP9_after_PTsource,   1,    0.0000000000E+00,    3.6842948503E+02,    3.6842948503E+02,    0.0000000000E+00,    0.0000000000E+00,    0.0000000000E+00,    3.6842948503E+02
    206850,      0.676965,CP10_after_neg_clamp,   1,    0.0000000000E+00,    3.6842948503E+02,    3.6842948503E+02,    0.0000000000E+00,    0.0000000000E+00,    0.0000000000E+00,    3.6842948503E+02
    206850,      0.676965,CP11_after_MPI,   1,    0.0000000000E+00,    3.6842948503E+02,    3.6842948503E+02,    0.0000000000E+00,    0.0000000000E+00,    0.0000000000E+00,    3.6842948503E+02
    206850,      0.676965,CP12_end,   1,    0.0000000000E+00,    3.6842948503E+02,    3.6842948503E+02,    0.0000000000E+00,    0.0000000000E+00,    0.0000000000E+00,    3.6842948503E+02
    206900,      0.676965,CP0_start,   1,    0.0000000000E+00,    3.6860307579E+02,    3.6860307579E+02,    0.0000000000E+00,    0.0000000000E+00,    0.0000000000E+00,    3.6860307579E+02
    206900,      0.676965,CP1_after_deposition,   1,    0.0000000000E+00,    3.6860307579E+02,    3.6860307579E+02,    0.0000000000E+00,    0.0000000000E+00,    0.0000000000E+00,    3.6860307579E+02
    206900,      0.676965,CP2_after_erosion,   1,    0.0000000000E+00,    3.6860307579E+02,    3.6860307579E+02,    0.0000000000E+00,    0.0000000000E+00,    0.0000000000E+00,    3.6860307579E+02
    206900,      0.676965,CP3_after_update_bottom,   1,    0.0000000000E+00,    3.6860307579E+02,    3.6860307579E+02,    0.0000000000E+00,    0.0000000000E+00,    0.0000000000E+00,    3.6860307579E+02
    206900,      0.676965,CP4_after_advection,   1,    0.0000000000E+00,    3.6860592230E+02,    3.6860592230E+02,    0.0000000000E+00,    0.0000000000E+00,    0.0000000000E+00,    3.6860592230E+02
    206900,      0.676965,CP5_after_vdif,   1,    0.0000000000E+00,    3.6860592230E+02,    3.6860592230E+02,    0.0000000000E+00,    0.0000000000E+00,    0.0000000000E+00,    3.6860592230E+02
    206900,      0.676965,CP6_after_kinetics,   1,    0.0000000000E+00,    3.6860592230E+02,    3.6860592230E+02,    0.0000000000E+00,    0.0000000000E+00,    0.0000000000E+00,    3.6860592230E+02
    206900,      0.676965,CP7_after_upper_clamp,   1,    0.0000000000E+00,    3.6860592230E+02,    3.6860592230E+02,    0.0000000000E+00,    0.0000000000E+00,    0.0000000000E+00,    3.6860592230E+02
    206900,      0.676965,CP8_after_OBC,   1,    0.0000000000E+00,    3.6860592230E+02,    3.6860592230E+02,    0.0000000000E+00,    0.0000000000E+00,    0.0000000000E+00,    3.6860592230E+02
    206900,      0.676965,CP9_after_PTsource,   1,    0.0000000000E+00,    3.6860592230E+02,    3.6860592230E+02,    0.0000000000E+00,    0.0000000000E+00,    0.0000000000E+00,    3.6860592230E+02
    206900,      0.676965,CP10_after_neg_clamp,   1,    0.0000000000E+00,    3.6860592230E+02,    3.6860592230E+02,    0.0000000000E+00,    0.0000000000E+00,    0.0000000000E+00,    3.6860592230E+02
    206900,      0.676965,CP11_after_MPI,   1,    0.0000000000E+00,    3.6860592230E+02,    3.6860592230E+02,    0.0000000000E+00,    0.0000000000E+00,    0.0000000000E+00,    3.6860592230E+02
    206900,      0.676965,CP12_end,   1,    0.0000000000E+00,    3.6860592230E+02,    3.6860592230E+02,    0.0000000000E+00,    0.0000000000E+00,    0.0000000000E+00,    3.6860592230E+02
    206950,      0.676965,CP0_start,   1,    0.0000000000E+00,    3.6878110718E+02,    3.6878110718E+02,    0.0000000000E+00,    0.0000000000E+00,    0.0000000000E+00,    3.6878110718E+02
    206950,      0.676965,CP1_after_deposition,   1,    0.0000000000E+00,    3.6878110718E+02,    3.6878110718E+02,    0.0000000000E+00,    0.0000000000E+00,    0.0000000000E+00,    3.6878110718E+02
    206950,      0.676965,CP2_after_erosion,   1,    0.0000000000E+00,    3.6878110718E+02,    3.6878110718E+02,    0.0000000000E+00,    0.0000000000E+00,    0.0000000000E+00,    3.6878110718E+02
    206950,      0.676965,CP3_after_update_bottom,   1,    0.0000000000E+00,    3.6878110718E+02,    3.6878110718E+02,    0.0000000000E+00,    0.0000000000E+00,    0.0000000000E+00,    3.6878110718E+02
    206950,      0.676965,CP4_after_advection,   1,    0.0000000000E+00,    3.6878431818E+02,    3.6878431818E+02,    0.0000000000E+00,    0.0000000000E+00,    0.0000000000E+00,    3.6878431818E+02
    206950,      0.676965,CP5_after_vdif,   1,    0.0000000000E+00,    3.6878431818E+02,    3.6878431818E+02,    0.0000000000E+00,    0.0000000000E+00,    0.0000000000E+00,    3.6878431818E+02
    206950,      0.676965,CP6_after_kinetics,   1,    0.0000000000E+00,    3.6878431818E+02,    3.6878431818E+02,    0.0000000000E+00,    0.0000000000E+00,    0.0000000000E+00,    3.6878431818E+02
    206950,      0.676965,CP7_after_upper_clamp,   1,    0.0000000000E+00,    3.6878431818E+02,    3.6878431818E+02,    0.0000000000E+00,    0.0000000000E+00,    0.0000000000E+00,    3.6878431818E+02
    206950,      0.676965,CP8_after_OBC,   1,    0.0000000000E+00,    3.6878431818E+02,    3.6878431818E+02,    0.0000000000E+00,    0.0000000000E+00,    0.0000000000E+00,    3.6878431818E+02
    206950,      0.676965,CP9_after_PTsource,   1,    0.0000000000E+00,    3.6878431818E+02,    3.6878431818E+02,    0.0000000000E+00,    0.0000000000E+00,    0.0000000000E+00,    3.6878431818E+02
    206950,      0.676965,CP10_after_neg_clamp,   1,    0.0000000000E+00,    3.6878431818E+02,    3.6878431818E+02,    0.0000000000E+00,    0.0000000000E+00,    0.0000000000E+00,    3.6878431818E+02
    206950,      0.676965,CP11_after_MPI,   1,    0.0000000000E+00,    3.6878431818E+02,    3.6878431818E+02,    0.0000000000E+00,    0.0000000000E+00,    0.0000000000E+00,    3.6878431818E+02
    206950,      0.676965,CP12_end,   1,    0.0000000000E+00,    3.6878431818E+02,    3.6878431818E+02,    0.0000000000E+00,    0.0000000000E+00,    0.0000000000E+00,    3.6878431818E+02
    207000,      0.676965,CP0_start,   1,    0.0000000000E+00,    3.6896114903E+02,    3.6896114903E+02,    0.0000000000E+00,    0.0000000000E+00,    0.0000000000E+00,    3.6896114903E+02
    207000,      0.676965,CP1_after_deposition,   1,    0.0000000000E+00,    3.6896114903E+02,    3.6896114903E+02,    0.0000000000E+00,    0.0000000000E+00,    0.0000000000E+00,    3.6896114903E+02
    207000,      0.676965,CP2_after_erosion,   1,    0.0000000000E+00,    3.6896114903E+02,    3.6896114903E+02,    0.0000000000E+00,    0.0000000000E+00,    0.0000000000E+00,    3.6896114903E+02
    207000,      0.676965,CP3_after_update_bottom,   1,    0.0000000000E+00,    3.6896114903E+02,    3.6896114903E+02,    0.0000000000E+00,    0.0000000000E+00,    0.0000000000E+00,    3.6896114903E+02
    207000,      0.676965,CP4_after_advection,   1,    0.0000000000E+00,    3.6896472877E+02,    3.6896472877E+02,    0.0000000000E+00,    0.0000000000E+00,    0.0000000000E+00,    3.6896472877E+02
    207000,      0.676965,CP5_after_vdif,   1,    0.0000000000E+00,    3.6896472877E+02,    3.6896472877E+02,    0.0000000000E+00,    0.0000000000E+00,    0.0000000000E+00,    3.6896472877E+02
    207000,      0.676965,CP6_after_kinetics,   1,    0.0000000000E+00,    3.6896472877E+02,    3.6896472877E+02,    0.0000000000E+00,    0.0000000000E+00,    0.0000000000E+00,    3.6896472877E+02
    207000,      0.676965,CP7_after_upper_clamp,   1,    0.0000000000E+00,    3.6896472877E+02,    3.6896472877E+02,    0.0000000000E+00,    0.0000000000E+00,    0.0000000000E+00,    3.6896472877E+02
    207000,      0.676965,CP8_after_OBC,   1,    0.0000000000E+00,    3.6896472877E+02,    3.6896472877E+02,    0.0000000000E+00,    0.0000000000E+00,    0.0000000000E+00,    3.6896472877E+02
    207000,      0.676965,CP9_after_PTsource,   1,    0.0000000000E+00,    3.6896472877E+02,    3.6896472877E+02,    0.0000000000E+00,    0.0000000000E+00,    0.0000000000E+00,    3.6896472877E+02
    207000,      0.676965,CP10_after_neg_clamp,   1,    0.0000000000E+00,    3.6896472877E+02,    3.6896472877E+02,    0.0000000000E+00,    0.0000000000E+00,    0.0000000000E+00,    3.6896472877E+02
    207000,      0.676965,CP11_after_MPI,   1,    0.0000000000E+00,    3.6896472877E+02,    3.6896472877E+02,    0.0000000000E+00,    0.0000000000E+00,    0.0000000000E+00,    3.6896472877E+02
    207000,      0.676965,CP12_end,   1,    0.0000000000E+00,    3.6896472877E+02,    3.6896472877E+02,    0.0000000000E+00,    0.0000000000E+00,    0.0000000000E+00,    3.6896472877E+02
    207050,      0.676965,CP0_start,   1,    0.0000000000E+00,    3.6914325601E+02,    3.6914325601E+02,    0.0000000000E+00,    0.0000000000E+00,    0.0000000000E+00,    3.6914325601E+02
    207050,      0.676965,CP1_after_deposition,   1,    0.0000000000E+00,    3.6914325601E+02,    3.6914325601E+02,    0.0000000000E+00,    0.0000000000E+00,    0.0000000000E+00,    3.6914325601E+02
    207050,      0.676965,CP2_after_erosion,   1,    0.0000000000E+00,    3.6914325601E+02,    3.6914325601E+02,    0.0000000000E+00,    0.0000000000E+00,    0.0000000000E+00,    3.6914325601E+02
    207050,      0.676965,CP3_after_update_bottom,   1,    0.0000000000E+00,    3.6914325601E+02,    3.6914325601E+02,    0.0000000000E+00,    0.0000000000E+00,    0.0000000000E+00,    3.6914325601E+02
    207050,      0.676965,CP4_after_advection,   1,    0.0000000000E+00,    3.6914719843E+02,    3.6914719843E+02,    0.0000000000E+00,    0.0000000000E+00,    0.0000000000E+00,    3.6914719843E+02
    207050,      0.676965,CP5_after_vdif,   1,    0.0000000000E+00,    3.6914719843E+02,    3.6914719843E+02,    0.0000000000E+00,    0.0000000000E+00,    0.0000000000E+00,    3.6914719843E+02
    207050,      0.676965,CP6_after_kinetics,   1,    0.0000000000E+00,    3.6914719843E+02,    3.6914719843E+02,    0.0000000000E+00,    0.0000000000E+00,    0.0000000000E+00,    3.6914719843E+02
    207050,      0.676965,CP7_after_upper_clamp,   1,    0.0000000000E+00,    3.6914719843E+02,    3.6914719843E+02,    0.0000000000E+00,    0.0000000000E+00,    0.0000000000E+00,    3.6914719843E+02
    207050,      0.676965,CP8_after_OBC,   1,    0.0000000000E+00,    3.6914719843E+02,    3.6914719843E+02,    0.0000000000E+00,    0.0000000000E+00,    0.0000000000E+00,    3.6914719843E+02
    207050,      0.676965,CP9_after_PTsource,   1,    0.0000000000E+00,    3.6914719843E+02,    3.6914719843E+02,    0.0000000000E+00,    0.0000000000E+00,    0.0000000000E+00,    3.6914719843E+02
    207050,      0.676965,CP10_after_neg_clamp,   1,    0.0000000000E+00,    3.6914719843E+02,    3.6914719843E+02,    0.0000000000E+00,    0.0000000000E+00,    0.0000000000E+00,    3.6914719843E+02
    207050,      0.676965,CP11_after_MPI,   1,    0.0000000000E+00,    3.6914719843E+02,    3.6914719843E+02,    0.0000000000E+00,    0.0000000000E+00,    0.0000000000E+00,    3.6914719843E+02
    207050,      0.676965,CP12_end,   1,    0.0000000000E+00,    3.6914719843E+02,    3.6914719843E+02,    0.0000000000E+00,    0.0000000000E+00,    0.0000000000E+00,    3.6914719843E+02
    207100,      0.676965,CP0_start,   1,    0.0000000000E+00,    3.6932714937E+02,    3.6932714937E+02,    0.0000000000E+00,    0.0000000000E+00,    0.0000000000E+00,    3.6932714937E+02
    207100,      0.676965,CP1_after_deposition,   1,    0.0000000000E+00,    3.6932714937E+02,    3.6932714937E+02,    0.0000000000E+00,    0.0000000000E+00,    0.0000000000E+00,    3.6932714937E+02
    207100,      0.676965,CP2_after_erosion,   1,    0.0000000000E+00,    3.6932714937E+02,    3.6932714937E+02,    0.0000000000E+00,    0.0000000000E+00,    0.0000000000E+00,    3.6932714937E+02
    207100,      0.676965,CP3_after_update_bottom,   1,    0.0000000000E+00,    3.6932714937E+02,    3.6932714937E+02,    0.0000000000E+00,    0.0000000000E+00,    0.0000000000E+00,    3.6932714937E+02
    207100,      0.676965,CP4_after_advection,   1,    0.0000000000E+00,    3.6933144461E+02,    3.6933144461E+02,    0.0000000000E+00,    0.0000000000E+00,    0.0000000000E+00,    3.6933144461E+02
    207100,      0.676965,CP5_after_vdif,   1,    0.0000000000E+00,    3.6933144461E+02,    3.6933144461E+02,    0.0000000000E+00,    0.0000000000E+00,    0.0000000000E+00,    3.6933144461E+02
    207100,      0.676965,CP6_after_kinetics,   1,    0.0000000000E+00,    3.6933144461E+02,    3.6933144461E+02,    0.0000000000E+00,    0.0000000000E+00,    0.0000000000E+00,    3.6933144461E+02
    207100,      0.676965,CP7_after_upper_clamp,   1,    0.0000000000E+00,    3.6933144461E+02,    3.6933144461E+02,    0.0000000000E+00,    0.0000000000E+00,    0.0000000000E+00,    3.6933144461E+02
    207100,      0.676965,CP8_after_OBC,   1,    0.0000000000E+00,    3.6933144461E+02,    3.6933144461E+02,    0.0000000000E+00,    0.0000000000E+00,    0.0000000000E+00,    3.6933144461E+02
    207100,      0.676965,CP9_after_PTsource,   1,    0.0000000000E+00,    3.6933144461E+02,    3.6933144461E+02,    0.0000000000E+00,    0.0000000000E+00,    0.0000000000E+00,    3.6933144461E+02
    207100,      0.676965,CP10_after_neg_clamp,   1,    0.0000000000E+00,    3.6933144461E+02,    3.6933144461E+02,    0.0000000000E+00,    0.0000000000E+00,    0.0000000000E+00,    3.6933144461E+02
    207100,      0.676965,CP11_after_MPI,   1,    0.0000000000E+00,    3.6933144461E+02,    3.6933144461E+02,    0.0000000000E+00,    0.0000000000E+00,    0.0000000000E+00,    3.6933144461E+02
    207100,      0.676965,CP12_end,   1,    0.0000000000E+00,    3.6933144461E+02,    3.6933144461E+02,    0.0000000000E+00,    0.0000000000E+00,    0.0000000000E+00,    3.6933144461E+02
    207150,      0.676965,CP0_start,   1,    0.0000000000E+00,    3.6951216083E+02,    3.6951216083E+02,    0.0000000000E+00,    0.0000000000E+00,    0.0000000000E+00,    3.6951216083E+02
    207150,      0.676965,CP1_after_deposition,   1,    0.0000000000E+00,    3.6951216083E+02,    3.6951216083E+02,    0.0000000000E+00,    0.0000000000E+00,    0.0000000000E+00,    3.6951216083E+02
    207150,      0.676965,CP2_after_erosion,   1,    0.0000000000E+00,    3.6951216083E+02,    3.6951216083E+02,    0.0000000000E+00,    0.0000000000E+00,    0.0000000000E+00,    3.6951216083E+02
    207150,      0.676965,CP3_after_update_bottom,   1,    0.0000000000E+00,    3.6951216083E+02,    3.6951216083E+02,    0.0000000000E+00,    0.0000000000E+00,    0.0000000000E+00,    3.6951216083E+02
    207150,      0.676965,CP4_after_advection,   1,    0.0000000000E+00,    3.6951679856E+02,    3.6951679856E+02,    0.0000000000E+00,    0.0000000000E+00,    0.0000000000E+00,    3.6951679856E+02
    207150,      0.676965,CP5_after_vdif,   1,    0.0000000000E+00,    3.6951679856E+02,    3.6951679856E+02,    0.0000000000E+00,    0.0000000000E+00,    0.0000000000E+00,    3.6951679856E+02
    207150,      0.676965,CP6_after_kinetics,   1,    0.0000000000E+00,    3.6951679856E+02,    3.6951679856E+02,    0.0000000000E+00,    0.0000000000E+00,    0.0000000000E+00,    3.6951679856E+02
    207150,      0.676965,CP7_after_upper_clamp,   1,    0.0000000000E+00,    3.6951679856E+02,    3.6951679856E+02,    0.0000000000E+00,    0.0000000000E+00,    0.0000000000E+00,    3.6951679856E+02
    207150,      0.676965,CP8_after_OBC,   1,    0.0000000000E+00,    3.6951679856E+02,    3.6951679856E+02,    0.0000000000E+00,    0.0000000000E+00,    0.0000000000E+00,    3.6951679856E+02
    207150,      0.676965,CP9_after_PTsource,   1,    0.0000000000E+00,    3.6951679856E+02,    3.6951679856E+02,    0.0000000000E+00,    0.0000000000E+00,    0.0000000000E+00,    3.6951679856E+02
    207150,      0.676965,CP10_after_neg_clamp,   1,    0.0000000000E+00,    3.6951679856E+02,    3.6951679856E+02,    0.0000000000E+00,    0.0000000000E+00,    0.0000000000E+00,    3.6951679856E+02
    207150,      0.676965,CP11_after_MPI,   1,    0.0000000000E+00,    3.6951679856E+02,    3.6951679856E+02,    0.0000000000E+00,    0.0000000000E+00,    0.0000000000E+00,    3.6951679856E+02
    207150,      0.676965,CP12_end,   1,    0.0000000000E+00,    3.6951679856E+02,    3.6951679856E+02,    0.0000000000E+00,    0.0000000000E+00,    0.0000000000E+00,    3.6951679856E+02
    207200,      0.676965,CP0_start,   1,    0.0000000000E+00,    3.6969745800E+02,    3.6969745800E+02,    0.0000000000E+00,    0.0000000000E+00,    0.0000000000E+00,    3.6969745800E+02
    207200,      0.676965,CP1_after_deposition,   1,    0.0000000000E+00,    3.6969745800E+02,    3.6969745800E+02,    0.0000000000E+00,    0.0000000000E+00,    0.0000000000E+00,    3.6969745800E+02
    207200,      0.676965,CP2_after_erosion,   1,    0.0000000000E+00,    3.6969745800E+02,    3.6969745800E+02,    0.0000000000E+00,    0.0000000000E+00,    0.0000000000E+00,    3.6969745800E+02
    207200,      0.676965,CP3_after_update_bottom,   1,    0.0000000000E+00,    3.6969745800E+02,    3.6969745800E+02,    0.0000000000E+00,    0.0000000000E+00,    0.0000000000E+00,    3.6969745800E+02
    207200,      0.676965,CP4_after_advection,   1,    0.0000000000E+00,    3.6970242156E+02,    3.6970242156E+02,    0.0000000000E+00,    0.0000000000E+00,    0.0000000000E+00,    3.6970242156E+02
    207200,      0.676965,CP5_after_vdif,   1,    0.0000000000E+00,    3.6970242156E+02,    3.6970242156E+02,    0.0000000000E+00,    0.0000000000E+00,    0.0000000000E+00,    3.6970242156E+02
    207200,      0.676965,CP6_after_kinetics,   1,    0.0000000000E+00,    3.6970242156E+02,    3.6970242156E+02,    0.0000000000E+00,    0.0000000000E+00,    0.0000000000E+00,    3.6970242156E+02
    207200,      0.676965,CP7_after_upper_clamp,   1,    0.0000000000E+00,    3.6970242156E+02,    3.6970242156E+02,    0.0000000000E+00,    0.0000000000E+00,    0.0000000000E+00,    3.6970242156E+02
    207200,      0.676965,CP8_after_OBC,   1,    0.0000000000E+00,    3.6970242156E+02,    3.6970242156E+02,    0.0000000000E+00,    0.0000000000E+00,    0.0000000000E+00,    3.6970242156E+02
    207200,      0.676965,CP9_after_PTsource,   1,    0.0000000000E+00,    3.6970242156E+02,    3.6970242156E+02,    0.0000000000E+00,    0.0000000000E+00,    0.0000000000E+00,    3.6970242156E+02
    207200,      0.676965,CP10_after_neg_clamp,   1,    0.0000000000E+00,    3.6970242156E+02,    3.6970242156E+02,    0.0000000000E+00,    0.0000000000E+00,    0.0000000000E+00,    3.6970242156E+02
    207200,      0.676965,CP11_after_MPI,   1,    0.0000000000E+00,    3.6970242156E+02,    3.6970242156E+02,    0.0000000000E+00,    0.0000000000E+00,    0.0000000000E+00,    3.6970242156E+02
    207200,      0.676965,CP12_end,   1,    0.0000000000E+00,    3.6970242156E+02,    3.6970242156E+02,    0.0000000000E+00,    0.0000000000E+00,    0.0000000000E+00,    3.6970242156E+02
    207250,      0.676965,CP0_start,   1,    0.0000000000E+00,    3.6988180899E+02,    3.6988180899E+02,    0.0000000000E+00,    0.0000000000E+00,    0.0000000000E+00,    3.6988180899E+02
    207250,      0.676965,CP1_after_deposition,   1,    0.0000000000E+00,    3.6988180899E+02,    3.6988180899E+02,    0.0000000000E+00,    0.0000000000E+00,    0.0000000000E+00,    3.6988180899E+02
    207250,      0.676965,CP2_after_erosion,   1,    0.0000000000E+00,    3.6988180899E+02,    3.6988180899E+02,    0.0000000000E+00,    0.0000000000E+00,    0.0000000000E+00,    3.6988180899E+02
    207250,      0.676965,CP3_after_update_bottom,   1,    0.0000000000E+00,    3.6988180899E+02,    3.6988180899E+02,    0.0000000000E+00,    0.0000000000E+00,    0.0000000000E+00,    3.6988180899E+02
    207250,      0.676965,CP4_after_advection,   1,    0.0000000000E+00,    3.6988707080E+02,    3.6988707080E+02,    0.0000000000E+00,    0.0000000000E+00,    0.0000000000E+00,    3.6988707080E+02
    207250,      0.676965,CP5_after_vdif,   1,    0.0000000000E+00,    3.6988707080E+02,    3.6988707080E+02,    0.0000000000E+00,    0.0000000000E+00,    0.0000000000E+00,    3.6988707080E+02
    207250,      0.676965,CP6_after_kinetics,   1,    0.0000000000E+00,    3.6988707080E+02,    3.6988707080E+02,    0.0000000000E+00,    0.0000000000E+00,    0.0000000000E+00,    3.6988707080E+02
    207250,      0.676965,CP7_after_upper_clamp,   1,    0.0000000000E+00,    3.6988707080E+02,    3.6988707080E+02,    0.0000000000E+00,    0.0000000000E+00,    0.0000000000E+00,    3.6988707080E+02
    207250,      0.676965,CP8_after_OBC,   1,    0.0000000000E+00,    3.6988707080E+02,    3.6988707080E+02,    0.0000000000E+00,    0.0000000000E+00,    0.0000000000E+00,    3.6988707080E+02
    207250,      0.676965,CP9_after_PTsource,   1,    0.0000000000E+00,    3.6988707080E+02,    3.6988707080E+02,    0.0000000000E+00,    0.0000000000E+00,    0.0000000000E+00,    3.6988707080E+02
    207250,      0.676965,CP10_after_neg_clamp,   1,    0.0000000000E+00,    3.6988707080E+02,    3.6988707080E+02,    0.0000000000E+00,    0.0000000000E+00,    0.0000000000E+00,    3.6988707080E+02
    207250,      0.676965,CP11_after_MPI,   1,    0.0000000000E+00,    3.6988707080E+02,    3.6988707080E+02,    0.0000000000E+00,    0.0000000000E+00,    0.0000000000E+00,    3.6988707080E+02
    207250,      0.676965,CP12_end,   1,    0.0000000000E+00,    3.6988707080E+02,    3.6988707080E+02,    0.0000000000E+00,    0.0000000000E+00,    0.0000000000E+00,    3.6988707080E+02
    207300,      0.676965,CP0_start,   1,    0.0000000000E+00,    3.7006396537E+02,    3.7006396537E+02,    0.0000000000E+00,    0.0000000000E+00,    0.0000000000E+00,    3.7006396537E+02
    207300,      0.676965,CP1_after_deposition,   1,    0.0000000000E+00,    3.7006396537E+02,    3.7006396537E+02,    0.0000000000E+00,    0.0000000000E+00,    0.0000000000E+00,    3.7006396537E+02
    207300,      0.676965,CP2_after_erosion,   1,    0.0000000000E+00,    3.7006396537E+02,    3.7006396537E+02,    0.0000000000E+00,    0.0000000000E+00,    0.0000000000E+00,    3.7006396537E+02
    207300,      0.676965,CP3_after_update_bottom,   1,    0.0000000000E+00,    3.7006396537E+02,    3.7006396537E+02,    0.0000000000E+00,    0.0000000000E+00,    0.0000000000E+00,    3.7006396537E+02
    207300,      0.676965,CP4_after_advection,   1,    0.0000000000E+00,    3.7006949845E+02,    3.7006949845E+02,    0.0000000000E+00,    0.0000000000E+00,    0.0000000000E+00,    3.7006949845E+02
    207300,      0.676965,CP5_after_vdif,   1,    0.0000000000E+00,    3.7006949845E+02,    3.7006949845E+02,    0.0000000000E+00,    0.0000000000E+00,    0.0000000000E+00,    3.7006949845E+02
    207300,      0.676965,CP6_after_kinetics,   1,    0.0000000000E+00,    3.7006949845E+02,    3.7006949845E+02,    0.0000000000E+00,    0.0000000000E+00,    0.0000000000E+00,    3.7006949845E+02
    207300,      0.676965,CP7_after_upper_clamp,   1,    0.0000000000E+00,    3.7006949845E+02,    3.7006949845E+02,    0.0000000000E+00,    0.0000000000E+00,    0.0000000000E+00,    3.7006949845E+02
    207300,      0.676965,CP8_after_OBC,   1,    0.0000000000E+00,    3.7006949845E+02,    3.7006949845E+02,    0.0000000000E+00,    0.0000000000E+00,    0.0000000000E+00,    3.7006949845E+02
    207300,      0.676965,CP9_after_PTsource,   1,    0.0000000000E+00,    3.7006949845E+02,    3.7006949845E+02,    0.0000000000E+00,    0.0000000000E+00,    0.0000000000E+00,    3.7006949845E+02
    207300,      0.676965,CP10_after_neg_clamp,   1,    0.0000000000E+00,    3.7006949845E+02,    3.7006949845E+02,    0.0000000000E+00,    0.0000000000E+00,    0.0000000000E+00,    3.7006949845E+02
    207300,      0.676965,CP11_after_MPI,   1,    0.0000000000E+00,    3.7006949845E+02,    3.7006949845E+02,    0.0000000000E+00,    0.0000000000E+00,    0.0000000000E+00,    3.7006949845E+02
    207300,      0.676965,CP12_end,   1,    0.0000000000E+00,    3.7006949845E+02,    3.7006949845E+02,    0.0000000000E+00,    0.0000000000E+00,    0.0000000000E+00,    3.7006949845E+02
    207350,      0.676965,CP0_start,   1,    0.0000000000E+00,    3.7024296741E+02,    3.7024296741E+02,    0.0000000000E+00,    0.0000000000E+00,    0.0000000000E+00,    3.7024296741E+02
    207350,      0.676965,CP1_after_deposition,   1,    0.0000000000E+00,    3.7024296741E+02,    3.7024296741E+02,    0.0000000000E+00,    0.0000000000E+00,    0.0000000000E+00,    3.7024296741E+02
    207350,      0.676965,CP2_after_erosion,   1,    0.0000000000E+00,    3.7024296741E+02,    3.7024296741E+02,    0.0000000000E+00,    0.0000000000E+00,    0.0000000000E+00,    3.7024296741E+02
    207350,      0.676965,CP3_after_update_bottom,   1,    0.0000000000E+00,    3.7024296741E+02,    3.7024296741E+02,    0.0000000000E+00,    0.0000000000E+00,    0.0000000000E+00,    3.7024296741E+02
    207350,      0.676965,CP4_after_advection,   1,    0.0000000000E+00,    3.7024876385E+02,    3.7024876385E+02,    0.0000000000E+00,    0.0000000000E+00,    0.0000000000E+00,    3.7024876385E+02
    207350,      0.676965,CP5_after_vdif,   1,    0.0000000000E+00,    3.7024876385E+02,    3.7024876385E+02,    0.0000000000E+00,    0.0000000000E+00,    0.0000000000E+00,    3.7024876385E+02
    207350,      0.676965,CP6_after_kinetics,   1,    0.0000000000E+00,    3.7024876385E+02,    3.7024876385E+02,    0.0000000000E+00,    0.0000000000E+00,    0.0000000000E+00,    3.7024876385E+02
    207350,      0.676965,CP7_after_upper_clamp,   1,    0.0000000000E+00,    3.7024876385E+02,    3.7024876385E+02,    0.0000000000E+00,    0.0000000000E+00,    0.0000000000E+00,    3.7024876385E+02
    207350,      0.676965,CP8_after_OBC,   1,    0.0000000000E+00,    3.7024876385E+02,    3.7024876385E+02,    0.0000000000E+00,    0.0000000000E+00,    0.0000000000E+00,    3.7024876385E+02
    207350,      0.676965,CP9_after_PTsource,   1,    0.0000000000E+00,    3.7024876385E+02,    3.7024876385E+02,    0.0000000000E+00,    0.0000000000E+00,    0.0000000000E+00,    3.7024876385E+02
    207350,      0.676965,CP10_after_neg_clamp,   1,    0.0000000000E+00,    3.7024876385E+02,    3.7024876385E+02,    0.0000000000E+00,    0.0000000000E+00,    0.0000000000E+00,    3.7024876385E+02
    207350,      0.676965,CP11_after_MPI,   1,    0.0000000000E+00,    3.7024876385E+02,    3.7024876385E+02,    0.0000000000E+00,    0.0000000000E+00,    0.0000000000E+00,    3.7024876385E+02
    207350,      0.676965,CP12_end,   1,    0.0000000000E+00,    3.7024876385E+02,    3.7024876385E+02,    0.0000000000E+00,    0.0000000000E+00,    0.0000000000E+00,    3.7024876385E+02
    207400,      0.676965,CP0_start,   1,    0.0000000000E+00,    3.7041846862E+02,    3.7041846862E+02,    0.0000000000E+00,    0.0000000000E+00,    0.0000000000E+00,    3.7041846862E+02
    207400,      0.676965,CP1_after_deposition,   1,    0.0000000000E+00,    3.7041846862E+02,    3.7041846862E+02,    0.0000000000E+00,    0.0000000000E+00,    0.0000000000E+00,    3.7041846862E+02
    207400,      0.676965,CP2_after_erosion,   1,    0.0000000000E+00,    3.7041846862E+02,    3.7041846862E+02,    0.0000000000E+00,    0.0000000000E+00,    0.0000000000E+00,    3.7041846862E+02
    207400,      0.676965,CP3_after_update_bottom,   1,    0.0000000000E+00,    3.7041846862E+02,    3.7041846862E+02,    0.0000000000E+00,    0.0000000000E+00,    0.0000000000E+00,    3.7041846862E+02
    207400,      0.676965,CP4_after_advection,   1,    0.0000000000E+00,    3.7042453011E+02,    3.7042453011E+02,    0.0000000000E+00,    0.0000000000E+00,    0.0000000000E+00,    3.7042453011E+02
    207400,      0.676965,CP5_after_vdif,   1,    0.0000000000E+00,    3.7042453011E+02,    3.7042453011E+02,    0.0000000000E+00,    0.0000000000E+00,    0.0000000000E+00,    3.7042453011E+02
    207400,      0.676965,CP6_after_kinetics,   1,    0.0000000000E+00,    3.7042453011E+02,    3.7042453011E+02,    0.0000000000E+00,    0.0000000000E+00,    0.0000000000E+00,    3.7042453011E+02
    207400,      0.676965,CP7_after_upper_clamp,   1,    0.0000000000E+00,    3.7042453011E+02,    3.7042453011E+02,    0.0000000000E+00,    0.0000000000E+00,    0.0000000000E+00,    3.7042453011E+02
    207400,      0.676965,CP8_after_OBC,   1,    0.0000000000E+00,    3.7042453011E+02,    3.7042453011E+02,    0.0000000000E+00,    0.0000000000E+00,    0.0000000000E+00,    3.7042453011E+02
    207400,      0.676965,CP9_after_PTsource,   1,    0.0000000000E+00,    3.7042453011E+02,    3.7042453011E+02,    0.0000000000E+00,    0.0000000000E+00,    0.0000000000E+00,    3.7042453011E+02
    207400,      0.676965,CP10_after_neg_clamp,   1,    0.0000000000E+00,    3.7042453011E+02,    3.7042453011E+02,    0.0000000000E+00,    0.0000000000E+00,    0.0000000000E+00,    3.7042453011E+02
    207400,      0.676965,CP11_after_MPI,   1,    0.0000000000E+00,    3.7042453011E+02,    3.7042453011E+02,    0.0000000000E+00,    0.0000000000E+00,    0.0000000000E+00,    3.7042453011E+02
    207400,      0.676965,CP12_end,   1,    0.0000000000E+00,    3.7042453011E+02,    3.7042453011E+02,    0.0000000000E+00,    0.0000000000E+00,    0.0000000000E+00,    3.7042453011E+02
    207450,      0.676965,CP0_start,   1,    0.0000000000E+00,    3.7059120512E+02,    3.7059120512E+02,    0.0000000000E+00,    0.0000000000E+00,    0.0000000000E+00,    3.7059120512E+02
    207450,      0.676965,CP1_after_deposition,   1,    0.0000000000E+00,    3.7059120512E+02,    3.7059120512E+02,    0.0000000000E+00,    0.0000000000E+00,    0.0000000000E+00,    3.7059120512E+02
    207450,      0.676965,CP2_after_erosion,   1,    0.0000000000E+00,    3.7059120512E+02,    3.7059120512E+02,    0.0000000000E+00,    0.0000000000E+00,    0.0000000000E+00,    3.7059120512E+02
    207450,      0.676965,CP3_after_update_bottom,   1,    0.0000000000E+00,    3.7059120512E+02,    3.7059120512E+02,    0.0000000000E+00,    0.0000000000E+00,    0.0000000000E+00,    3.7059120512E+02
    207450,      0.676965,CP4_after_advection,   1,    0.0000000000E+00,    3.7059754743E+02,    3.7059754743E+02,    0.0000000000E+00,    0.0000000000E+00,    0.0000000000E+00,    3.7059754743E+02
    207450,      0.676965,CP5_after_vdif,   1,    0.0000000000E+00,    3.7059754743E+02,    3.7059754743E+02,    0.0000000000E+00,    0.0000000000E+00,    0.0000000000E+00,    3.7059754743E+02
    207450,      0.676965,CP6_after_kinetics,   1,    0.0000000000E+00,    3.7059754743E+02,    3.7059754743E+02,    0.0000000000E+00,    0.0000000000E+00,    0.0000000000E+00,    3.7059754743E+02
    207450,      0.676965,CP7_after_upper_clamp,   1,    0.0000000000E+00,    3.7059754743E+02,    3.7059754743E+02,    0.0000000000E+00,    0.0000000000E+00,    0.0000000000E+00,    3.7059754743E+02
    207450,      0.676965,CP8_after_OBC,   1,    0.0000000000E+00,    3.7059754743E+02,    3.7059754743E+02,    0.0000000000E+00,    0.0000000000E+00,    0.0000000000E+00,    3.7059754743E+02
    207450,      0.676965,CP9_after_PTsource,   1,    0.0000000000E+00,    3.7059754743E+02,    3.7059754743E+02,    0.0000000000E+00,    0.0000000000E+00,    0.0000000000E+00,    3.7059754743E+02
    207450,      0.676965,CP10_after_neg_clamp,   1,    0.0000000000E+00,    3.7059754743E+02,    3.7059754743E+02,    0.0000000000E+00,    0.0000000000E+00,    0.0000000000E+00,    3.7059754743E+02
    207450,      0.676965,CP11_after_MPI,   1,    0.0000000000E+00,    3.7059754743E+02,    3.7059754743E+02,    0.0000000000E+00,    0.0000000000E+00,    0.0000000000E+00,    3.7059754743E+02
    207450,      0.676965,CP12_end,   1,    0.0000000000E+00,    3.7059754743E+02,    3.7059754743E+02,    0.0000000000E+00,    0.0000000000E+00,    0.0000000000E+00,    3.7059754743E+02
    207500,      0.676965,CP0_start,   1,    0.0000000000E+00,    3.7076279926E+02,    3.7076279926E+02,    0.0000000000E+00,    0.0000000000E+00,    0.0000000000E+00,    3.7076279926E+02
    207500,      0.676965,CP1_after_deposition,   1,    0.0000000000E+00,    3.7076279926E+02,    3.7076279926E+02,    0.0000000000E+00,    0.0000000000E+00,    0.0000000000E+00,    3.7076279926E+02
    207500,      0.676965,CP2_after_erosion,   1,    0.0000000000E+00,    3.7076279926E+02,    3.7076279926E+02,    0.0000000000E+00,    0.0000000000E+00,    0.0000000000E+00,    3.7076279926E+02
    207500,      0.676965,CP3_after_update_bottom,   1,    0.0000000000E+00,    3.7076279926E+02,    3.7076279926E+02,    0.0000000000E+00,    0.0000000000E+00,    0.0000000000E+00,    3.7076279926E+02
    207500,      0.676965,CP4_after_advection,   1,    0.0000000000E+00,    3.7076946471E+02,    3.7076946471E+02,    0.0000000000E+00,    0.0000000000E+00,    0.0000000000E+00,    3.7076946471E+02
    207500,      0.676965,CP5_after_vdif,   1,    0.0000000000E+00,    3.7076946471E+02,    3.7076946471E+02,    0.0000000000E+00,    0.0000000000E+00,    0.0000000000E+00,    3.7076946471E+02
    207500,      0.676965,CP6_after_kinetics,   1,    0.0000000000E+00,    3.7076946471E+02,    3.7076946471E+02,    0.0000000000E+00,    0.0000000000E+00,    0.0000000000E+00,    3.7076946471E+02
    207500,      0.676965,CP7_after_upper_clamp,   1,    0.0000000000E+00,    3.7076946471E+02,    3.7076946471E+02,    0.0000000000E+00,    0.0000000000E+00,    0.0000000000E+00,    3.7076946471E+02
    207500,      0.676965,CP8_after_OBC,   1,    0.0000000000E+00,    3.7076946471E+02,    3.7076946471E+02,    0.0000000000E+00,    0.0000000000E+00,    0.0000000000E+00,    3.7076946471E+02
    207500,      0.676965,CP9_after_PTsource,   1,    0.0000000000E+00,    3.7076946471E+02,    3.7076946471E+02,    0.0000000000E+00,    0.0000000000E+00,    0.0000000000E+00,    3.7076946471E+02
    207500,      0.676965,CP10_after_neg_clamp,   1,    0.0000000000E+00,    3.7076946471E+02,    3.7076946471E+02,    0.0000000000E+00,    0.0000000000E+00,    0.0000000000E+00,    3.7076946471E+02
    207500,      0.676965,CP11_after_MPI,   1,    0.0000000000E+00,    3.7076946471E+02,    3.7076946471E+02,    0.0000000000E+00,    0.0000000000E+00,    0.0000000000E+00,    3.7076946471E+02
    207500,      0.676965,CP12_end,   1,    0.0000000000E+00,    3.7076946471E+02,    3.7076946471E+02,    0.0000000000E+00,    0.0000000000E+00,    0.0000000000E+00,    3.7076946471E+02
    207550,      0.676965,CP0_start,   1,    0.0000000000E+00,    3.7093520444E+02,    3.7093520444E+02,    0.0000000000E+00,    0.0000000000E+00,    0.0000000000E+00,    3.7093520444E+02
    207550,      0.676965,CP1_after_deposition,   1,    0.0000000000E+00,    3.7093520444E+02,    3.7093520444E+02,    0.0000000000E+00,    0.0000000000E+00,    0.0000000000E+00,    3.7093520444E+02
    207550,      0.676965,CP2_after_erosion,   1,    0.0000000000E+00,    3.7093520444E+02,    3.7093520444E+02,    0.0000000000E+00,    0.0000000000E+00,    0.0000000000E+00,    3.7093520444E+02
    207550,      0.676965,CP3_after_update_bottom,   1,    0.0000000000E+00,    3.7093520444E+02,    3.7093520444E+02,    0.0000000000E+00,    0.0000000000E+00,    0.0000000000E+00,    3.7093520444E+02
    207550,      0.676965,CP4_after_advection,   1,    0.0000000000E+00,    3.7094222660E+02,    3.7094222660E+02,    0.0000000000E+00,    0.0000000000E+00,    0.0000000000E+00,    3.7094222660E+02
    207550,      0.676965,CP5_after_vdif,   1,    0.0000000000E+00,    3.7094222660E+02,    3.7094222660E+02,    0.0000000000E+00,    0.0000000000E+00,    0.0000000000E+00,    3.7094222660E+02
    207550,      0.676965,CP6_after_kinetics,   1,    0.0000000000E+00,    3.7094222660E+02,    3.7094222660E+02,    0.0000000000E+00,    0.0000000000E+00,    0.0000000000E+00,    3.7094222660E+02
    207550,      0.676965,CP7_after_upper_clamp,   1,    0.0000000000E+00,    3.7094222660E+02,    3.7094222660E+02,    0.0000000000E+00,    0.0000000000E+00,    0.0000000000E+00,    3.7094222660E+02
    207550,      0.676965,CP8_after_OBC,   1,    0.0000000000E+00,    3.7094222660E+02,    3.7094222660E+02,    0.0000000000E+00,    0.0000000000E+00,    0.0000000000E+00,    3.7094222660E+02
    207550,      0.676965,CP9_after_PTsource,   1,    0.0000000000E+00,    3.7094222660E+02,    3.7094222660E+02,    0.0000000000E+00,    0.0000000000E+00,    0.0000000000E+00,    3.7094222660E+02
    207550,      0.676965,CP10_after_neg_clamp,   1,    0.0000000000E+00,    3.7094222660E+02,    3.7094222660E+02,    0.0000000000E+00,    0.0000000000E+00,    0.0000000000E+00,    3.7094222660E+02
    207550,      0.676965,CP11_after_MPI,   1,    0.0000000000E+00,    3.7094222660E+02,    3.7094222660E+02,    0.0000000000E+00,    0.0000000000E+00,    0.0000000000E+00,    3.7094222660E+02
    207550,      0.676965,CP12_end,   1,    0.0000000000E+00,    3.7094222660E+02,    3.7094222660E+02,    0.0000000000E+00,    0.0000000000E+00,    0.0000000000E+00,    3.7094222660E+02
    207600,      0.676965,CP0_start,   1,    0.0000000000E+00,    3.7110989926E+02,    3.7110989926E+02,    0.0000000000E+00,    0.0000000000E+00,    0.0000000000E+00,    3.7110989926E+02
    207600,      0.676965,CP1_after_deposition,   1,    0.0000000000E+00,    3.7110989926E+02,    3.7110989926E+02,    0.0000000000E+00,    0.0000000000E+00,    0.0000000000E+00,    3.7110989926E+02
    207600,      0.676965,CP2_after_erosion,   1,    0.0000000000E+00,    3.7110989926E+02,    3.7110989926E+02,    0.0000000000E+00,    0.0000000000E+00,    0.0000000000E+00,    3.7110989926E+02
    207600,      0.676965,CP3_after_update_bottom,   1,    0.0000000000E+00,    3.7110989926E+02,    3.7110989926E+02,    0.0000000000E+00,    0.0000000000E+00,    0.0000000000E+00,    3.7110989926E+02
    207600,      0.676965,CP4_after_advection,   1,    0.0000000000E+00,    3.7111730875E+02,    3.7111730875E+02,    0.0000000000E+00,    0.0000000000E+00,    0.0000000000E+00,    3.7111730875E+02
    207600,      0.676965,CP5_after_vdif,   1,    0.0000000000E+00,    3.7111730875E+02,    3.7111730875E+02,    0.0000000000E+00,    0.0000000000E+00,    0.0000000000E+00,    3.7111730875E+02
    207600,      0.676965,CP6_after_kinetics,   1,    0.0000000000E+00,    3.7111730875E+02,    3.7111730875E+02,    0.0000000000E+00,    0.0000000000E+00,    0.0000000000E+00,    3.7111730875E+02
    207600,      0.676965,CP7_after_upper_clamp,   1,    0.0000000000E+00,    3.7111730875E+02,    3.7111730875E+02,    0.0000000000E+00,    0.0000000000E+00,    0.0000000000E+00,    3.7111730875E+02
    207600,      0.676965,CP8_after_OBC,   1,    0.0000000000E+00,    3.7111730875E+02,    3.7111730875E+02,    0.0000000000E+00,    0.0000000000E+00,    0.0000000000E+00,    3.7111730875E+02
    207600,      0.676965,CP9_after_PTsource,   1,    0.0000000000E+00,    3.7111730875E+02,    3.7111730875E+02,    0.0000000000E+00,    0.0000000000E+00,    0.0000000000E+00,    3.7111730875E+02
    207600,      0.676965,CP10_after_neg_clamp,   1,    0.0000000000E+00,    3.7111730875E+02,    3.7111730875E+02,    0.0000000000E+00,    0.0000000000E+00,    0.0000000000E+00,    3.7111730875E+02
    207600,      0.676965,CP11_after_MPI,   1,    0.0000000000E+00,    3.7111730875E+02,    3.7111730875E+02,    0.0000000000E+00,    0.0000000000E+00,    0.0000000000E+00,    3.7111730875E+02
    207600,      0.676965,CP12_end,   1,    0.0000000000E+00,    3.7111730875E+02,    3.7111730875E+02,    0.0000000000E+00,    0.0000000000E+00,    0.0000000000E+00,    3.7111730875E+02
    207650,      0.676965,CP0_start,   1,    0.0000000000E+00,    3.7128802746E+02,    3.7128802746E+02,    0.0000000000E+00,    0.0000000000E+00,    0.0000000000E+00,    3.7128802746E+02
    207650,      0.676965,CP1_after_deposition,   1,    0.0000000000E+00,    3.7128802746E+02,    3.7128802746E+02,    0.0000000000E+00,    0.0000000000E+00,    0.0000000000E+00,    3.7128802746E+02
    207650,      0.676965,CP2_after_erosion,   1,    0.0000000000E+00,    3.7128802746E+02,    3.7128802746E+02,    0.0000000000E+00,    0.0000000000E+00,    0.0000000000E+00,    3.7128802746E+02
    207650,      0.676965,CP3_after_update_bottom,   1,    0.0000000000E+00,    3.7128802746E+02,    3.7128802746E+02,    0.0000000000E+00,    0.0000000000E+00,    0.0000000000E+00,    3.7128802746E+02
    207650,      0.676965,CP4_after_advection,   1,    0.0000000000E+00,    3.7129583363E+02,    3.7129583363E+02,    0.0000000000E+00,    0.0000000000E+00,    0.0000000000E+00,    3.7129583363E+02
    207650,      0.676965,CP5_after_vdif,   1,    0.0000000000E+00,    3.7129583363E+02,    3.7129583363E+02,    0.0000000000E+00,    0.0000000000E+00,    0.0000000000E+00,    3.7129583363E+02
    207650,      0.676965,CP6_after_kinetics,   1,    0.0000000000E+00,    3.7129583363E+02,    3.7129583363E+02,    0.0000000000E+00,    0.0000000000E+00,    0.0000000000E+00,    3.7129583363E+02
    207650,      0.676965,CP7_after_upper_clamp,   1,    0.0000000000E+00,    3.7129583363E+02,    3.7129583363E+02,    0.0000000000E+00,    0.0000000000E+00,    0.0000000000E+00,    3.7129583363E+02
    207650,      0.676965,CP8_after_OBC,   1,    0.0000000000E+00,    3.7129583363E+02,    3.7129583363E+02,    0.0000000000E+00,    0.0000000000E+00,    0.0000000000E+00,    3.7129583363E+02
    207650,      0.676965,CP9_after_PTsource,   1,    0.0000000000E+00,    3.7129583363E+02,    3.7129583363E+02,    0.0000000000E+00,    0.0000000000E+00,    0.0000000000E+00,    3.7129583363E+02
    207650,      0.676965,CP10_after_neg_clamp,   1,    0.0000000000E+00,    3.7129583363E+02,    3.7129583363E+02,    0.0000000000E+00,    0.0000000000E+00,    0.0000000000E+00,    3.7129583363E+02
    207650,      0.676965,CP11_after_MPI,   1,    0.0000000000E+00,    3.7129583363E+02,    3.7129583363E+02,    0.0000000000E+00,    0.0000000000E+00,    0.0000000000E+00,    3.7129583363E+02
    207650,      0.676965,CP12_end,   1,    0.0000000000E+00,    3.7129583363E+02,    3.7129583363E+02,    0.0000000000E+00,    0.0000000000E+00,    0.0000000000E+00,    3.7129583363E+02
    207700,      0.676965,CP0_start,   1,    0.0000000000E+00,    3.7147008054E+02,    3.7147008054E+02,    0.0000000000E+00,    0.0000000000E+00,    0.0000000000E+00,    3.7147008054E+02
    207700,      0.676965,CP1_after_deposition,   1,    0.0000000000E+00,    3.7147008054E+02,    3.7147008054E+02,    0.0000000000E+00,    0.0000000000E+00,    0.0000000000E+00,    3.7147008054E+02
    207700,      0.676965,CP2_after_erosion,   1,    0.0000000000E+00,    3.7147008054E+02,    3.7147008054E+02,    0.0000000000E+00,    0.0000000000E+00,    0.0000000000E+00,    3.7147008054E+02
    207700,      0.676965,CP3_after_update_bottom,   1,    0.0000000000E+00,    3.7147008054E+02,    3.7147008054E+02,    0.0000000000E+00,    0.0000000000E+00,    0.0000000000E+00,    3.7147008054E+02
    207700,      0.676965,CP4_after_advection,   1,    0.0000000000E+00,    3.7147829040E+02,    3.7147829040E+02,    0.0000000000E+00,    0.0000000000E+00,    0.0000000000E+00,    3.7147829040E+02
    207700,      0.676965,CP5_after_vdif,   1,    0.0000000000E+00,    3.7147829040E+02,    3.7147829040E+02,    0.0000000000E+00,    0.0000000000E+00,    0.0000000000E+00,    3.7147829040E+02
    207700,      0.676965,CP6_after_kinetics,   1,    0.0000000000E+00,    3.7147829040E+02,    3.7147829040E+02,    0.0000000000E+00,    0.0000000000E+00,    0.0000000000E+00,    3.7147829040E+02
    207700,      0.676965,CP7_after_upper_clamp,   1,    0.0000000000E+00,    3.7147829040E+02,    3.7147829040E+02,    0.0000000000E+00,    0.0000000000E+00,    0.0000000000E+00,    3.7147829040E+02
    207700,      0.676965,CP8_after_OBC,   1,    0.0000000000E+00,    3.7147829040E+02,    3.7147829040E+02,    0.0000000000E+00,    0.0000000000E+00,    0.0000000000E+00,    3.7147829040E+02
    207700,      0.676965,CP9_after_PTsource,   1,    0.0000000000E+00,    3.7147829040E+02,    3.7147829040E+02,    0.0000000000E+00,    0.0000000000E+00,    0.0000000000E+00,    3.7147829040E+02
    207700,      0.676965,CP10_after_neg_clamp,   1,    0.0000000000E+00,    3.7147829040E+02,    3.7147829040E+02,    0.0000000000E+00,    0.0000000000E+00,    0.0000000000E+00,    3.7147829040E+02
    207700,      0.676965,CP11_after_MPI,   1,    0.0000000000E+00,    3.7147829040E+02,    3.7147829040E+02,    0.0000000000E+00,    0.0000000000E+00,    0.0000000000E+00,    3.7147829040E+02
    207700,      0.676965,CP12_end,   1,    0.0000000000E+00,    3.7147829040E+02,    3.7147829040E+02,    0.0000000000E+00,    0.0000000000E+00,    0.0000000000E+00,    3.7147829040E+02
    207750,      0.676965,CP0_start,   1,    0.0000000000E+00,    3.7165619590E+02,    3.7165619590E+02,    0.0000000000E+00,    0.0000000000E+00,    0.0000000000E+00,    3.7165619590E+02
    207750,      0.676965,CP1_after_deposition,   1,    0.0000000000E+00,    3.7165619590E+02,    3.7165619590E+02,    0.0000000000E+00,    0.0000000000E+00,    0.0000000000E+00,    3.7165619590E+02
    207750,      0.676965,CP2_after_erosion,   1,    0.0000000000E+00,    3.7165619590E+02,    3.7165619590E+02,    0.0000000000E+00,    0.0000000000E+00,    0.0000000000E+00,    3.7165619590E+02
    207750,      0.676965,CP3_after_update_bottom,   1,    0.0000000000E+00,    3.7165619590E+02,    3.7165619590E+02,    0.0000000000E+00,    0.0000000000E+00,    0.0000000000E+00,    3.7165619590E+02
    207750,      0.676965,CP4_after_advection,   1,    0.0000000000E+00,    3.7166479715E+02,    3.7166479715E+02,    0.0000000000E+00,    0.0000000000E+00,    0.0000000000E+00,    3.7166479715E+02
    207750,      0.676965,CP5_after_vdif,   1,    0.0000000000E+00,    3.7166479715E+02,    3.7166479715E+02,    0.0000000000E+00,    0.0000000000E+00,    0.0000000000E+00,    3.7166479715E+02
    207750,      0.676965,CP6_after_kinetics,   1,    0.0000000000E+00,    3.7166479715E+02,    3.7166479715E+02,    0.0000000000E+00,    0.0000000000E+00,    0.0000000000E+00,    3.7166479715E+02
    207750,      0.676965,CP7_after_upper_clamp,   1,    0.0000000000E+00,    3.7166479715E+02,    3.7166479715E+02,    0.0000000000E+00,    0.0000000000E+00,    0.0000000000E+00,    3.7166479715E+02
    207750,      0.676965,CP8_after_OBC,   1,    0.0000000000E+00,    3.7166479715E+02,    3.7166479715E+02,    0.0000000000E+00,    0.0000000000E+00,    0.0000000000E+00,    3.7166479715E+02
    207750,      0.676965,CP9_after_PTsource,   1,    0.0000000000E+00,    3.7166479715E+02,    3.7166479715E+02,    0.0000000000E+00,    0.0000000000E+00,    0.0000000000E+00,    3.7166479715E+02
    207750,      0.676965,CP10_after_neg_clamp,   1,    0.0000000000E+00,    3.7166479715E+02,    3.7166479715E+02,    0.0000000000E+00,    0.0000000000E+00,    0.0000000000E+00,    3.7166479715E+02
    207750,      0.676965,CP11_after_MPI,   1,    0.0000000000E+00,    3.7166479715E+02,    3.7166479715E+02,    0.0000000000E+00,    0.0000000000E+00,    0.0000000000E+00,    3.7166479715E+02
    207750,      0.676965,CP12_end,   1,    0.0000000000E+00,    3.7166479715E+02,    3.7166479715E+02,    0.0000000000E+00,    0.0000000000E+00,    0.0000000000E+00,    3.7166479715E+02
    207800,      0.676965,CP0_start,   1,    0.0000000000E+00,    3.7184658653E+02,    3.7184658653E+02,    0.0000000000E+00,    0.0000000000E+00,    0.0000000000E+00,    3.7184658653E+02
    207800,      0.676965,CP1_after_deposition,   1,    0.0000000000E+00,    3.7184658653E+02,    3.7184658653E+02,    0.0000000000E+00,    0.0000000000E+00,    0.0000000000E+00,    3.7184658653E+02
    207800,      0.676965,CP2_after_erosion,   1,    0.0000000000E+00,    3.7184658653E+02,    3.7184658653E+02,    0.0000000000E+00,    0.0000000000E+00,    0.0000000000E+00,    3.7184658653E+02
    207800,      0.676965,CP3_after_update_bottom,   1,    0.0000000000E+00,    3.7184658653E+02,    3.7184658653E+02,    0.0000000000E+00,    0.0000000000E+00,    0.0000000000E+00,    3.7184658653E+02
    207800,      0.676965,CP4_after_advection,   1,    0.0000000000E+00,    3.7185558188E+02,    3.7185558188E+02,    0.0000000000E+00,    0.0000000000E+00,    0.0000000000E+00,    3.7185558188E+02
    207800,      0.676965,CP5_after_vdif,   1,    0.0000000000E+00,    3.7185558188E+02,    3.7185558188E+02,    0.0000000000E+00,    0.0000000000E+00,    0.0000000000E+00,    3.7185558188E+02
    207800,      0.676965,CP6_after_kinetics,   1,    0.0000000000E+00,    3.7185558188E+02,    3.7185558188E+02,    0.0000000000E+00,    0.0000000000E+00,    0.0000000000E+00,    3.7185558188E+02
    207800,      0.676965,CP7_after_upper_clamp,   1,    0.0000000000E+00,    3.7185558188E+02,    3.7185558188E+02,    0.0000000000E+00,    0.0000000000E+00,    0.0000000000E+00,    3.7185558188E+02
    207800,      0.676965,CP8_after_OBC,   1,    0.0000000000E+00,    3.7185558188E+02,    3.7185558188E+02,    0.0000000000E+00,    0.0000000000E+00,    0.0000000000E+00,    3.7185558188E+02
    207800,      0.676965,CP9_after_PTsource,   1,    0.0000000000E+00,    3.7185558188E+02,    3.7185558188E+02,    0.0000000000E+00,    0.0000000000E+00,    0.0000000000E+00,    3.7185558188E+02
    207800,      0.676965,CP10_after_neg_clamp,   1,    0.0000000000E+00,    3.7185558188E+02,    3.7185558188E+02,    0.0000000000E+00,    0.0000000000E+00,    0.0000000000E+00,    3.7185558188E+02
    207800,      0.676965,CP11_after_MPI,   1,    0.0000000000E+00,    3.7185558188E+02,    3.7185558188E+02,    0.0000000000E+00,    0.0000000000E+00,    0.0000000000E+00,    3.7185558188E+02
    207800,      0.676965,CP12_end,   1,    0.0000000000E+00,    3.7185558188E+02,    3.7185558188E+02,    0.0000000000E+00,    0.0000000000E+00,    0.0000000000E+00,    3.7185558188E+02
    207850,      0.676965,CP0_start,   1,    0.0000000000E+00,    3.7204162138E+02,    3.7204162138E+02,    0.0000000000E+00,    0.0000000000E+00,    0.0000000000E+00,    3.7204162138E+02
    207850,      0.676965,CP1_after_deposition,   1,    0.0000000000E+00,    3.7204162138E+02,    3.7204162138E+02,    0.0000000000E+00,    0.0000000000E+00,    0.0000000000E+00,    3.7204162138E+02
    207850,      0.676965,CP2_after_erosion,   1,    0.0000000000E+00,    3.7204162138E+02,    3.7204162138E+02,    0.0000000000E+00,    0.0000000000E+00,    0.0000000000E+00,    3.7204162138E+02
    207850,      0.676965,CP3_after_update_bottom,   1,    0.0000000000E+00,    3.7204162138E+02,    3.7204162138E+02,    0.0000000000E+00,    0.0000000000E+00,    0.0000000000E+00,    3.7204162138E+02
    207850,      0.676965,CP4_after_advection,   1,    0.0000000000E+00,    3.7205101045E+02,    3.7205101045E+02,    0.0000000000E+00,    0.0000000000E+00,    0.0000000000E+00,    3.7205101045E+02
    207850,      0.676965,CP5_after_vdif,   1,    0.0000000000E+00,    3.7205101045E+02,    3.7205101045E+02,    0.0000000000E+00,    0.0000000000E+00,    0.0000000000E+00,    3.7205101045E+02
    207850,      0.676965,CP6_after_kinetics,   1,    0.0000000000E+00,    3.7205101045E+02,    3.7205101045E+02,    0.0000000000E+00,    0.0000000000E+00,    0.0000000000E+00,    3.7205101045E+02
    207850,      0.676965,CP7_after_upper_clamp,   1,    0.0000000000E+00,    3.7205101045E+02,    3.7205101045E+02,    0.0000000000E+00,    0.0000000000E+00,    0.0000000000E+00,    3.7205101045E+02
    207850,      0.676965,CP8_after_OBC,   1,    0.0000000000E+00,    3.7205101045E+02,    3.7205101045E+02,    0.0000000000E+00,    0.0000000000E+00,    0.0000000000E+00,    3.7205101045E+02
    207850,      0.676965,CP9_after_PTsource,   1,    0.0000000000E+00,    3.7205101045E+02,    3.7205101045E+02,    0.0000000000E+00,    0.0000000000E+00,    0.0000000000E+00,    3.7205101045E+02
    207850,      0.676965,CP10_after_neg_clamp,   1,    0.0000000000E+00,    3.7205101045E+02,    3.7205101045E+02,    0.0000000000E+00,    0.0000000000E+00,    0.0000000000E+00,    3.7205101045E+02
    207850,      0.676965,CP11_after_MPI,   1,    0.0000000000E+00,    3.7205101045E+02,    3.7205101045E+02,    0.0000000000E+00,    0.0000000000E+00,    0.0000000000E+00,    3.7205101045E+02
    207850,      0.676965,CP12_end,   1,    0.0000000000E+00,    3.7205101045E+02,    3.7205101045E+02,    0.0000000000E+00,    0.0000000000E+00,    0.0000000000E+00,    3.7205101045E+02
    207900,      0.676965,CP0_start,   1,    0.0000000000E+00,    3.7224149546E+02,    3.7224149546E+02,    0.0000000000E+00,    0.0000000000E+00,    0.0000000000E+00,    3.7224149546E+02
    207900,      0.676965,CP1_after_deposition,   1,    0.0000000000E+00,    3.7224149546E+02,    3.7224149546E+02,    0.0000000000E+00,    0.0000000000E+00,    0.0000000000E+00,    3.7224149546E+02
    207900,      0.676965,CP2_after_erosion,   1,    0.0000000000E+00,    3.7224149546E+02,    3.7224149546E+02,    0.0000000000E+00,    0.0000000000E+00,    0.0000000000E+00,    3.7224149546E+02
    207900,      0.676965,CP3_after_update_bottom,   1,    0.0000000000E+00,    3.7224149546E+02,    3.7224149546E+02,    0.0000000000E+00,    0.0000000000E+00,    0.0000000000E+00,    3.7224149546E+02
    207900,      0.676965,CP4_after_advection,   1,    0.0000000000E+00,    3.7225127894E+02,    3.7225127894E+02,    0.0000000000E+00,    0.0000000000E+00,    0.0000000000E+00,    3.7225127894E+02
    207900,      0.676965,CP5_after_vdif,   1,    0.0000000000E+00,    3.7225127894E+02,    3.7225127894E+02,    0.0000000000E+00,    0.0000000000E+00,    0.0000000000E+00,    3.7225127894E+02
    207900,      0.676965,CP6_after_kinetics,   1,    0.0000000000E+00,    3.7225127894E+02,    3.7225127894E+02,    0.0000000000E+00,    0.0000000000E+00,    0.0000000000E+00,    3.7225127894E+02
    207900,      0.676965,CP7_after_upper_clamp,   1,    0.0000000000E+00,    3.7225127894E+02,    3.7225127894E+02,    0.0000000000E+00,    0.0000000000E+00,    0.0000000000E+00,    3.7225127894E+02
    207900,      0.676965,CP8_after_OBC,   1,    0.0000000000E+00,    3.7225127894E+02,    3.7225127894E+02,    0.0000000000E+00,    0.0000000000E+00,    0.0000000000E+00,    3.7225127894E+02
    207900,      0.676965,CP9_after_PTsource,   1,    0.0000000000E+00,    3.7225127894E+02,    3.7225127894E+02,    0.0000000000E+00,    0.0000000000E+00,    0.0000000000E+00,    3.7225127894E+02
    207900,      0.676965,CP10_after_neg_clamp,   1,    0.0000000000E+00,    3.7225127894E+02,    3.7225127894E+02,    0.0000000000E+00,    0.0000000000E+00,    0.0000000000E+00,    3.7225127894E+02
    207900,      0.676965,CP11_after_MPI,   1,    0.0000000000E+00,    3.7225127894E+02,    3.7225127894E+02,    0.0000000000E+00,    0.0000000000E+00,    0.0000000000E+00,    3.7225127894E+02
    207900,      0.676965,CP12_end,   1,    0.0000000000E+00,    3.7225127894E+02,    3.7225127894E+02,    0.0000000000E+00,    0.0000000000E+00,    0.0000000000E+00,    3.7225127894E+02
    207950,      0.676965,CP0_start,   1,    0.0000000000E+00,    3.7244681993E+02,    3.7244681993E+02,    0.0000000000E+00,    0.0000000000E+00,    0.0000000000E+00,    3.7244681993E+02
    207950,      0.676965,CP1_after_deposition,   1,    0.0000000000E+00,    3.7244681993E+02,    3.7244681993E+02,    0.0000000000E+00,    0.0000000000E+00,    0.0000000000E+00,    3.7244681993E+02
    207950,      0.676965,CP2_after_erosion,   1,    0.0000000000E+00,    3.7244681993E+02,    3.7244681993E+02,    0.0000000000E+00,    0.0000000000E+00,    0.0000000000E+00,    3.7244681993E+02
    207950,      0.676965,CP3_after_update_bottom,   1,    0.0000000000E+00,    3.7244681993E+02,    3.7244681993E+02,    0.0000000000E+00,    0.0000000000E+00,    0.0000000000E+00,    3.7244681993E+02
    207950,      0.676965,CP4_after_advection,   1,    0.0000000000E+00,    3.7245698396E+02,    3.7245698396E+02,    0.0000000000E+00,    0.0000000000E+00,    0.0000000000E+00,    3.7245698396E+02
    207950,      0.676965,CP5_after_vdif,   1,    0.0000000000E+00,    3.7245698396E+02,    3.7245698396E+02,    0.0000000000E+00,    0.0000000000E+00,    0.0000000000E+00,    3.7245698396E+02
    207950,      0.676965,CP6_after_kinetics,   1,    0.0000000000E+00,    3.7245698396E+02,    3.7245698396E+02,    0.0000000000E+00,    0.0000000000E+00,    0.0000000000E+00,    3.7245698396E+02
    207950,      0.676965,CP7_after_upper_clamp,   1,    0.0000000000E+00,    3.7245698396E+02,    3.7245698396E+02,    0.0000000000E+00,    0.0000000000E+00,    0.0000000000E+00,    3.7245698396E+02
    207950,      0.676965,CP8_after_OBC,   1,    0.0000000000E+00,    3.7245698396E+02,    3.7245698396E+02,    0.0000000000E+00,    0.0000000000E+00,    0.0000000000E+00,    3.7245698396E+02
    207950,      0.676965,CP9_after_PTsource,   1,    0.0000000000E+00,    3.7245698396E+02,    3.7245698396E+02,    0.0000000000E+00,    0.0000000000E+00,    0.0000000000E+00,    3.7245698396E+02
    207950,      0.676965,CP10_after_neg_clamp,   1,    0.0000000000E+00,    3.7245698396E+02,    3.7245698396E+02,    0.0000000000E+00,    0.0000000000E+00,    0.0000000000E+00,    3.7245698396E+02
    207950,      0.676965,CP11_after_MPI,   1,    0.0000000000E+00,    3.7245698396E+02,    3.7245698396E+02,    0.0000000000E+00,    0.0000000000E+00,    0.0000000000E+00,    3.7245698396E+02
    207950,      0.676965,CP12_end,   1,    0.0000000000E+00,    3.7245698396E+02,    3.7245698396E+02,    0.0000000000E+00,    0.0000000000E+00,    0.0000000000E+00,    3.7245698396E+02
    208000,      0.676965,CP0_start,   1,    0.0000000000E+00,    3.7265724101E+02,    3.7265724101E+02,    0.0000000000E+00,    0.0000000000E+00,    0.0000000000E+00,    3.7265724101E+02
    208000,      0.676965,CP1_after_deposition,   1,    0.0000000000E+00,    3.7265724101E+02,    3.7265724101E+02,    0.0000000000E+00,    0.0000000000E+00,    0.0000000000E+00,    3.7265724101E+02
    208000,      0.676965,CP2_after_erosion,   1,    0.0000000000E+00,    3.7265724101E+02,    3.7265724101E+02,    0.0000000000E+00,    0.0000000000E+00,    0.0000000000E+00,    3.7265724101E+02
    208000,      0.676965,CP3_after_update_bottom,   1,    0.0000000000E+00,    3.7265724101E+02,    3.7265724101E+02,    0.0000000000E+00,    0.0000000000E+00,    0.0000000000E+00,    3.7265724101E+02
    208000,      0.676965,CP4_after_advection,   1,    0.0000000000E+00,    3.7266780230E+02,    3.7266780230E+02,    0.0000000000E+00,    0.0000000000E+00,    0.0000000000E+00,    3.7266780230E+02
    208000,      0.676965,CP5_after_vdif,   1,    0.0000000000E+00,    3.7266780230E+02,    3.7266780230E+02,    0.0000000000E+00,    0.0000000000E+00,    0.0000000000E+00,    3.7266780230E+02
    208000,      0.676965,CP6_after_kinetics,   1,    0.0000000000E+00,    3.7266780230E+02,    3.7266780230E+02,    0.0000000000E+00,    0.0000000000E+00,    0.0000000000E+00,    3.7266780230E+02
    208000,      0.676965,CP7_after_upper_clamp,   1,    0.0000000000E+00,    3.7266780230E+02,    3.7266780230E+02,    0.0000000000E+00,    0.0000000000E+00,    0.0000000000E+00,    3.7266780230E+02
    208000,      0.676965,CP8_after_OBC,   1,    0.0000000000E+00,    3.7266780230E+02,    3.7266780230E+02,    0.0000000000E+00,    0.0000000000E+00,    0.0000000000E+00,    3.7266780230E+02
    208000,      0.676965,CP9_after_PTsource,   1,    0.0000000000E+00,    3.7266780230E+02,    3.7266780230E+02,    0.0000000000E+00,    0.0000000000E+00,    0.0000000000E+00,    3.7266780230E+02
    208000,      0.676965,CP10_after_neg_clamp,   1,    0.0000000000E+00,    3.7266780230E+02,    3.7266780230E+02,    0.0000000000E+00,    0.0000000000E+00,    0.0000000000E+00,    3.7266780230E+02
    208000,      0.676965,CP11_after_MPI,   1,    0.0000000000E+00,    3.7266780230E+02,    3.7266780230E+02,    0.0000000000E+00,    0.0000000000E+00,    0.0000000000E+00,    3.7266780230E+02
    208000,      0.676965,CP12_end,   1,    0.0000000000E+00,    3.7266780230E+02,    3.7266780230E+02,    0.0000000000E+00,    0.0000000000E+00,    0.0000000000E+00,    3.7266780230E+02
    208050,      0.676965,CP0_start,   1,    0.0000000000E+00,    3.7287303137E+02,    3.7287303137E+02,    0.0000000000E+00,    0.0000000000E+00,    0.0000000000E+00,    3.7287303137E+02
    208050,      0.676965,CP1_after_deposition,   1,    0.0000000000E+00,    3.7287303137E+02,    3.7287303137E+02,    0.0000000000E+00,    0.0000000000E+00,    0.0000000000E+00,    3.7287303137E+02
    208050,      0.676965,CP2_after_erosion,   1,    0.0000000000E+00,    3.7287303137E+02,    3.7287303137E+02,    0.0000000000E+00,    0.0000000000E+00,    0.0000000000E+00,    3.7287303137E+02
    208050,      0.676965,CP3_after_update_bottom,   1,    0.0000000000E+00,    3.7287303137E+02,    3.7287303137E+02,    0.0000000000E+00,    0.0000000000E+00,    0.0000000000E+00,    3.7287303137E+02
    208050,      0.676965,CP4_after_advection,   1,    0.0000000000E+00,    3.7288396702E+02,    3.7288396702E+02,    0.0000000000E+00,    0.0000000000E+00,    0.0000000000E+00,    3.7288396702E+02
    208050,      0.676965,CP5_after_vdif,   1,    0.0000000000E+00,    3.7288396702E+02,    3.7288396702E+02,    0.0000000000E+00,    0.0000000000E+00,    0.0000000000E+00,    3.7288396702E+02
    208050,      0.676965,CP6_after_kinetics,   1,    0.0000000000E+00,    3.7288396702E+02,    3.7288396702E+02,    0.0000000000E+00,    0.0000000000E+00,    0.0000000000E+00,    3.7288396702E+02
    208050,      0.676965,CP7_after_upper_clamp,   1,    0.0000000000E+00,    3.7288396702E+02,    3.7288396702E+02,    0.0000000000E+00,    0.0000000000E+00,    0.0000000000E+00,    3.7288396702E+02
    208050,      0.676965,CP8_after_OBC,   1,    0.0000000000E+00,    3.7288396702E+02,    3.7288396702E+02,    0.0000000000E+00,    0.0000000000E+00,    0.0000000000E+00,    3.7288396702E+02
    208050,      0.676965,CP9_after_PTsource,   1,    0.0000000000E+00,    3.7288396702E+02,    3.7288396702E+02,    0.0000000000E+00,    0.0000000000E+00,    0.0000000000E+00,    3.7288396702E+02
    208050,      0.676965,CP10_after_neg_clamp,   1,    0.0000000000E+00,    3.7288396702E+02,    3.7288396702E+02,    0.0000000000E+00,    0.0000000000E+00,    0.0000000000E+00,    3.7288396702E+02
    208050,      0.676965,CP11_after_MPI,   1,    0.0000000000E+00,    3.7288396702E+02,    3.7288396702E+02,    0.0000000000E+00,    0.0000000000E+00,    0.0000000000E+00,    3.7288396702E+02
    208050,      0.676965,CP12_end,   1,    0.0000000000E+00,    3.7288396702E+02,    3.7288396702E+02,    0.0000000000E+00,    0.0000000000E+00,    0.0000000000E+00,    3.7288396702E+02
    208100,      0.676965,CP0_start,   1,    0.0000000000E+00,    3.7309174498E+02,    3.7309174498E+02,    0.0000000000E+00,    0.0000000000E+00,    0.0000000000E+00,    3.7309174498E+02
    208100,      0.676965,CP1_after_deposition,   1,    0.0000000000E+00,    3.7309174498E+02,    3.7309174498E+02,    0.0000000000E+00,    0.0000000000E+00,    0.0000000000E+00,    3.7309174498E+02
    208100,      0.676965,CP2_after_erosion,   1,    0.0000000000E+00,    3.7309174498E+02,    3.7309174498E+02,    0.0000000000E+00,    0.0000000000E+00,    0.0000000000E+00,    3.7309174498E+02
    208100,      0.676965,CP3_after_update_bottom,   1,    0.0000000000E+00,    3.7309174498E+02,    3.7309174498E+02,    0.0000000000E+00,    0.0000000000E+00,    0.0000000000E+00,    3.7309174498E+02
    208100,      0.676965,CP4_after_advection,   1,    0.0000000000E+00,    3.7310297362E+02,    3.7310297362E+02,    0.0000000000E+00,    0.0000000000E+00,    0.0000000000E+00,    3.7310297362E+02
    208100,      0.676965,CP5_after_vdif,   1,    0.0000000000E+00,    3.7310297362E+02,    3.7310297362E+02,    0.0000000000E+00,    0.0000000000E+00,    0.0000000000E+00,    3.7310297362E+02
    208100,      0.676965,CP6_after_kinetics,   1,    0.0000000000E+00,    3.7310297362E+02,    3.7310297362E+02,    0.0000000000E+00,    0.0000000000E+00,    0.0000000000E+00,    3.7310297362E+02
    208100,      0.676965,CP7_after_upper_clamp,   1,    0.0000000000E+00,    3.7310297362E+02,    3.7310297362E+02,    0.0000000000E+00,    0.0000000000E+00,    0.0000000000E+00,    3.7310297362E+02
    208100,      0.676965,CP8_after_OBC,   1,    0.0000000000E+00,    3.7310297362E+02,    3.7310297362E+02,    0.0000000000E+00,    0.0000000000E+00,    0.0000000000E+00,    3.7310297362E+02
    208100,      0.676965,CP9_after_PTsource,   1,    0.0000000000E+00,    3.7310297362E+02,    3.7310297362E+02,    0.0000000000E+00,    0.0000000000E+00,    0.0000000000E+00,    3.7310297362E+02
    208100,      0.676965,CP10_after_neg_clamp,   1,    0.0000000000E+00,    3.7310297362E+02,    3.7310297362E+02,    0.0000000000E+00,    0.0000000000E+00,    0.0000000000E+00,    3.7310297362E+02
    208100,      0.676965,CP11_after_MPI,   1,    0.0000000000E+00,    3.7310297362E+02,    3.7310297362E+02,    0.0000000000E+00,    0.0000000000E+00,    0.0000000000E+00,    3.7310297362E+02
    208100,      0.676965,CP12_end,   1,    0.0000000000E+00,    3.7310297362E+02,    3.7310297362E+02,    0.0000000000E+00,    0.0000000000E+00,    0.0000000000E+00,    3.7310297362E+02
    208150,      0.676965,CP0_start,   1,    0.0000000000E+00,    3.7330928369E+02,    3.7330928369E+02,    0.0000000000E+00,    0.0000000000E+00,    0.0000000000E+00,    3.7330928369E+02
    208150,      0.676965,CP1_after_deposition,   1,    0.0000000000E+00,    3.7330928369E+02,    3.7330928369E+02,    0.0000000000E+00,    0.0000000000E+00,    0.0000000000E+00,    3.7330928369E+02
    208150,      0.676965,CP2_after_erosion,   1,    0.0000000000E+00,    3.7330928369E+02,    3.7330928369E+02,    0.0000000000E+00,    0.0000000000E+00,    0.0000000000E+00,    3.7330928369E+02
    208150,      0.676965,CP3_after_update_bottom,   1,    0.0000000000E+00,    3.7330928369E+02,    3.7330928369E+02,    0.0000000000E+00,    0.0000000000E+00,    0.0000000000E+00,    3.7330928369E+02
    208150,      0.676965,CP4_after_advection,   1,    0.0000000000E+00,    3.7332071662E+02,    3.7332071662E+02,    0.0000000000E+00,    0.0000000000E+00,    0.0000000000E+00,    3.7332071662E+02
    208150,      0.676965,CP5_after_vdif,   1,    0.0000000000E+00,    3.7332071662E+02,    3.7332071662E+02,    0.0000000000E+00,    0.0000000000E+00,    0.0000000000E+00,    3.7332071662E+02
    208150,      0.676965,CP6_after_kinetics,   1,    0.0000000000E+00,    3.7332071662E+02,    3.7332071662E+02,    0.0000000000E+00,    0.0000000000E+00,    0.0000000000E+00,    3.7332071662E+02
    208150,      0.676965,CP7_after_upper_clamp,   1,    0.0000000000E+00,    3.7332071662E+02,    3.7332071662E+02,    0.0000000000E+00,    0.0000000000E+00,    0.0000000000E+00,    3.7332071662E+02
    208150,      0.676965,CP8_after_OBC,   1,    0.0000000000E+00,    3.7332071662E+02,    3.7332071662E+02,    0.0000000000E+00,    0.0000000000E+00,    0.0000000000E+00,    3.7332071662E+02
    208150,      0.676965,CP9_after_PTsource,   1,    0.0000000000E+00,    3.7332071662E+02,    3.7332071662E+02,    0.0000000000E+00,    0.0000000000E+00,    0.0000000000E+00,    3.7332071662E+02
    208150,      0.676965,CP10_after_neg_clamp,   1,    0.0000000000E+00,    3.7332071662E+02,    3.7332071662E+02,    0.0000000000E+00,    0.0000000000E+00,    0.0000000000E+00,    3.7332071662E+02
    208150,      0.676965,CP11_after_MPI,   1,    0.0000000000E+00,    3.7332071662E+02,    3.7332071662E+02,    0.0000000000E+00,    0.0000000000E+00,    0.0000000000E+00,    3.7332071662E+02
    208150,      0.676965,CP12_end,   1,    0.0000000000E+00,    3.7332071662E+02,    3.7332071662E+02,    0.0000000000E+00,    0.0000000000E+00,    0.0000000000E+00,    3.7332071662E+02
    208200,      0.676966,CP0_start,   1,    0.0000000000E+00,    3.7352239463E+02,    3.7352239463E+02,    0.0000000000E+00,    0.0000000000E+00,    0.0000000000E+00,    3.7352239463E+02
    208200,      0.676966,CP1_after_deposition,   1,    0.0000000000E+00,    3.7352239463E+02,    3.7352239463E+02,    0.0000000000E+00,    0.0000000000E+00,    0.0000000000E+00,    3.7352239463E+02
    208200,      0.676966,CP2_after_erosion,   1,    0.0000000000E+00,    3.7352239463E+02,    3.7352239463E+02,    0.0000000000E+00,    0.0000000000E+00,    0.0000000000E+00,    3.7352239463E+02
    208200,      0.676966,CP3_after_update_bottom,   1,    0.0000000000E+00,    3.7352239463E+02,    3.7352239463E+02,    0.0000000000E+00,    0.0000000000E+00,    0.0000000000E+00,    3.7352239463E+02
    208200,      0.676966,CP4_after_advection,   1,    0.0000000000E+00,    3.7353396818E+02,    3.7353396818E+02,    0.0000000000E+00,    0.0000000000E+00,    0.0000000000E+00,    3.7353396818E+02
    208200,      0.676966,CP5_after_vdif,   1,    0.0000000000E+00,    3.7353396818E+02,    3.7353396818E+02,    0.0000000000E+00,    0.0000000000E+00,    0.0000000000E+00,    3.7353396818E+02
    208200,      0.676966,CP6_after_kinetics,   1,    0.0000000000E+00,    3.7353396818E+02,    3.7353396818E+02,    0.0000000000E+00,    0.0000000000E+00,    0.0000000000E+00,    3.7353396818E+02
    208200,      0.676966,CP7_after_upper_clamp,   1,    0.0000000000E+00,    3.7353396818E+02,    3.7353396818E+02,    0.0000000000E+00,    0.0000000000E+00,    0.0000000000E+00,    3.7353396818E+02
    208200,      0.676966,CP8_after_OBC,   1,    0.0000000000E+00,    3.7353396818E+02,    3.7353396818E+02,    0.0000000000E+00,    0.0000000000E+00,    0.0000000000E+00,    3.7353396818E+02
    208200,      0.676966,CP9_after_PTsource,   1,    0.0000000000E+00,    3.7353396818E+02,    3.7353396818E+02,    0.0000000000E+00,    0.0000000000E+00,    0.0000000000E+00,    3.7353396818E+02
    208200,      0.676966,CP10_after_neg_clamp,   1,    0.0000000000E+00,    3.7353396818E+02,    3.7353396818E+02,    0.0000000000E+00,    0.0000000000E+00,    0.0000000000E+00,    3.7353396818E+02
    208200,      0.676966,CP11_after_MPI,   1,    0.0000000000E+00,    3.7353396818E+02,    3.7353396818E+02,    0.0000000000E+00,    0.0000000000E+00,    0.0000000000E+00,    3.7353396818E+02
    208200,      0.676966,CP12_end,   1,    0.0000000000E+00,    3.7353396818E+02,    3.7353396818E+02,    0.0000000000E+00,    0.0000000000E+00,    0.0000000000E+00,    3.7353396818E+02
    208250,      0.676966,CP0_start,   1,    0.0000000000E+00,    3.7372779795E+02,    3.7372779795E+02,    0.0000000000E+00,    0.0000000000E+00,    0.0000000000E+00,    3.7372779795E+02
    208250,      0.676966,CP1_after_deposition,   1,    0.0000000000E+00,    3.7372779795E+02,    3.7372779795E+02,    0.0000000000E+00,    0.0000000000E+00,    0.0000000000E+00,    3.7372779795E+02
    208250,      0.676966,CP2_after_erosion,   1,    0.0000000000E+00,    3.7372779795E+02,    3.7372779795E+02,    0.0000000000E+00,    0.0000000000E+00,    0.0000000000E+00,    3.7372779795E+02
    208250,      0.676966,CP3_after_update_bottom,   1,    0.0000000000E+00,    3.7372779795E+02,    3.7372779795E+02,    0.0000000000E+00,    0.0000000000E+00,    0.0000000000E+00,    3.7372779795E+02
    208250,      0.676966,CP4_after_advection,   1,    0.0000000000E+00,    3.7373944359E+02,    3.7373944359E+02,    0.0000000000E+00,    0.0000000000E+00,    0.0000000000E+00,    3.7373944359E+02
    208250,      0.676966,CP5_after_vdif,   1,    0.0000000000E+00,    3.7373944359E+02,    3.7373944359E+02,    0.0000000000E+00,    0.0000000000E+00,    0.0000000000E+00,    3.7373944359E+02
    208250,      0.676966,CP6_after_kinetics,   1,    0.0000000000E+00,    3.7373944359E+02,    3.7373944359E+02,    0.0000000000E+00,    0.0000000000E+00,    0.0000000000E+00,    3.7373944359E+02
    208250,      0.676966,CP7_after_upper_clamp,   1,    0.0000000000E+00,    3.7373944359E+02,    3.7373944359E+02,    0.0000000000E+00,    0.0000000000E+00,    0.0000000000E+00,    3.7373944359E+02
    208250,      0.676966,CP8_after_OBC,   1,    0.0000000000E+00,    3.7373944359E+02,    3.7373944359E+02,    0.0000000000E+00,    0.0000000000E+00,    0.0000000000E+00,    3.7373944359E+02
    208250,      0.676966,CP9_after_PTsource,   1,    0.0000000000E+00,    3.7373944359E+02,    3.7373944359E+02,    0.0000000000E+00,    0.0000000000E+00,    0.0000000000E+00,    3.7373944359E+02
    208250,      0.676966,CP10_after_neg_clamp,   1,    0.0000000000E+00,    3.7373944359E+02,    3.7373944359E+02,    0.0000000000E+00,    0.0000000000E+00,    0.0000000000E+00,    3.7373944359E+02
    208250,      0.676966,CP11_after_MPI,   1,    0.0000000000E+00,    3.7373944359E+02,    3.7373944359E+02,    0.0000000000E+00,    0.0000000000E+00,    0.0000000000E+00,    3.7373944359E+02
    208250,      0.676966,CP12_end,   1,    0.0000000000E+00,    3.7373944359E+02,    3.7373944359E+02,    0.0000000000E+00,    0.0000000000E+00,    0.0000000000E+00,    3.7373944359E+02
    208300,      0.676966,CP0_start,   1,    0.0000000000E+00,    3.7392250350E+02,    3.7392250350E+02,    0.0000000000E+00,    0.0000000000E+00,    0.0000000000E+00,    3.7392250350E+02
    208300,      0.676966,CP1_after_deposition,   1,    0.0000000000E+00,    3.7392250350E+02,    3.7392250350E+02,    0.0000000000E+00,    0.0000000000E+00,    0.0000000000E+00,    3.7392250350E+02
    208300,      0.676966,CP2_after_erosion,   1,    0.0000000000E+00,    3.7392250350E+02,    3.7392250350E+02,    0.0000000000E+00,    0.0000000000E+00,    0.0000000000E+00,    3.7392250350E+02
    208300,      0.676966,CP3_after_update_bottom,   1,    0.0000000000E+00,    3.7392250350E+02,    3.7392250350E+02,    0.0000000000E+00,    0.0000000000E+00,    0.0000000000E+00,    3.7392250350E+02
    208300,      0.676966,CP4_after_advection,   1,    0.0000000000E+00,    3.7393416287E+02,    3.7393416287E+02,    0.0000000000E+00,    0.0000000000E+00,    0.0000000000E+00,    3.7393416287E+02
    208300,      0.676966,CP5_after_vdif,   1,    0.0000000000E+00,    3.7393416287E+02,    3.7393416287E+02,    0.0000000000E+00,    0.0000000000E+00,    0.0000000000E+00,    3.7393416287E+02
    208300,      0.676966,CP6_after_kinetics,   1,    0.0000000000E+00,    3.7393416287E+02,    3.7393416287E+02,    0.0000000000E+00,    0.0000000000E+00,    0.0000000000E+00,    3.7393416287E+02
    208300,      0.676966,CP7_after_upper_clamp,   1,    0.0000000000E+00,    3.7393416287E+02,    3.7393416287E+02,    0.0000000000E+00,    0.0000000000E+00,    0.0000000000E+00,    3.7393416287E+02
    208300,      0.676966,CP8_after_OBC,   1,    0.0000000000E+00,    3.7393416287E+02,    3.7393416287E+02,    0.0000000000E+00,    0.0000000000E+00,    0.0000000000E+00,    3.7393416287E+02
    208300,      0.676966,CP9_after_PTsource,   1,    0.0000000000E+00,    3.7393416287E+02,    3.7393416287E+02,    0.0000000000E+00,    0.0000000000E+00,    0.0000000000E+00,    3.7393416287E+02
    208300,      0.676966,CP10_after_neg_clamp,   1,    0.0000000000E+00,    3.7393416287E+02,    3.7393416287E+02,    0.0000000000E+00,    0.0000000000E+00,    0.0000000000E+00,    3.7393416287E+02
    208300,      0.676966,CP11_after_MPI,   1,    0.0000000000E+00,    3.7393416287E+02,    3.7393416287E+02,    0.0000000000E+00,    0.0000000000E+00,    0.0000000000E+00,    3.7393416287E+02
    208300,      0.676966,CP12_end,   1,    0.0000000000E+00,    3.7393416287E+02,    3.7393416287E+02,    0.0000000000E+00,    0.0000000000E+00,    0.0000000000E+00,    3.7393416287E+02
    208350,      0.676966,CP0_start,   1,    0.0000000000E+00,    3.7410615795E+02,    3.7410615795E+02,    0.0000000000E+00,    0.0000000000E+00,    0.0000000000E+00,    3.7410615795E+02
    208350,      0.676966,CP1_after_deposition,   1,    0.0000000000E+00,    3.7410615795E+02,    3.7410615795E+02,    0.0000000000E+00,    0.0000000000E+00,    0.0000000000E+00,    3.7410615795E+02
    208350,      0.676966,CP2_after_erosion,   1,    0.0000000000E+00,    3.7410615795E+02,    3.7410615795E+02,    0.0000000000E+00,    0.0000000000E+00,    0.0000000000E+00,    3.7410615795E+02
    208350,      0.676966,CP3_after_update_bottom,   1,    0.0000000000E+00,    3.7410615795E+02,    3.7410615795E+02,    0.0000000000E+00,    0.0000000000E+00,    0.0000000000E+00,    3.7410615795E+02
    208350,      0.676966,CP4_after_advection,   1,    0.0000000000E+00,    3.7411786233E+02,    3.7411786233E+02,    0.0000000000E+00,    0.0000000000E+00,    0.0000000000E+00,    3.7411786233E+02
    208350,      0.676966,CP5_after_vdif,   1,    0.0000000000E+00,    3.7411786233E+02,    3.7411786233E+02,    0.0000000000E+00,    0.0000000000E+00,    0.0000000000E+00,    3.7411786233E+02
    208350,      0.676966,CP6_after_kinetics,   1,    0.0000000000E+00,    3.7411786233E+02,    3.7411786233E+02,    0.0000000000E+00,    0.0000000000E+00,    0.0000000000E+00,    3.7411786233E+02
    208350,      0.676966,CP7_after_upper_clamp,   1,    0.0000000000E+00,    3.7411786233E+02,    3.7411786233E+02,    0.0000000000E+00,    0.0000000000E+00,    0.0000000000E+00,    3.7411786233E+02
    208350,      0.676966,CP8_after_OBC,   1,    0.0000000000E+00,    3.7411786233E+02,    3.7411786233E+02,    0.0000000000E+00,    0.0000000000E+00,    0.0000000000E+00,    3.7411786233E+02
    208350,      0.676966,CP9_after_PTsource,   1,    0.0000000000E+00,    3.7411786233E+02,    3.7411786233E+02,    0.0000000000E+00,    0.0000000000E+00,    0.0000000000E+00,    3.7411786233E+02
    208350,      0.676966,CP10_after_neg_clamp,   1,    0.0000000000E+00,    3.7411786233E+02,    3.7411786233E+02,    0.0000000000E+00,    0.0000000000E+00,    0.0000000000E+00,    3.7411786233E+02
    208350,      0.676966,CP11_after_MPI,   1,    0.0000000000E+00,    3.7411786233E+02,    3.7411786233E+02,    0.0000000000E+00,    0.0000000000E+00,    0.0000000000E+00,    3.7411786233E+02
    208350,      0.676966,CP12_end,   1,    0.0000000000E+00,    3.7411786233E+02,    3.7411786233E+02,    0.0000000000E+00,    0.0000000000E+00,    0.0000000000E+00,    3.7411786233E+02
    208400,      0.676966,CP0_start,   1,    0.0000000000E+00,    3.7428106235E+02,    3.7428106235E+02,    0.0000000000E+00,    0.0000000000E+00,    0.0000000000E+00,    3.7428106235E+02
    208400,      0.676966,CP1_after_deposition,   1,    0.0000000000E+00,    3.7428106235E+02,    3.7428106235E+02,    0.0000000000E+00,    0.0000000000E+00,    0.0000000000E+00,    3.7428106235E+02
    208400,      0.676966,CP2_after_erosion,   1,    0.0000000000E+00,    3.7428106235E+02,    3.7428106235E+02,    0.0000000000E+00,    0.0000000000E+00,    0.0000000000E+00,    3.7428106235E+02
    208400,      0.676966,CP3_after_update_bottom,   1,    0.0000000000E+00,    3.7428106235E+02,    3.7428106235E+02,    0.0000000000E+00,    0.0000000000E+00,    0.0000000000E+00,    3.7428106235E+02
    208400,      0.676966,CP4_after_advection,   1,    0.0000000000E+00,    3.7429285646E+02,    3.7429285646E+02,    0.0000000000E+00,    0.0000000000E+00,    0.0000000000E+00,    3.7429285646E+02
    208400,      0.676966,CP5_after_vdif,   1,    0.0000000000E+00,    3.7429285646E+02,    3.7429285646E+02,    0.0000000000E+00,    0.0000000000E+00,    0.0000000000E+00,    3.7429285646E+02
    208400,      0.676966,CP6_after_kinetics,   1,    0.0000000000E+00,    3.7429285646E+02,    3.7429285646E+02,    0.0000000000E+00,    0.0000000000E+00,    0.0000000000E+00,    3.7429285646E+02
    208400,      0.676966,CP7_after_upper_clamp,   1,    0.0000000000E+00,    3.7429285646E+02,    3.7429285646E+02,    0.0000000000E+00,    0.0000000000E+00,    0.0000000000E+00,    3.7429285646E+02
    208400,      0.676966,CP8_after_OBC,   1,    0.0000000000E+00,    3.7429285646E+02,    3.7429285646E+02,    0.0000000000E+00,    0.0000000000E+00,    0.0000000000E+00,    3.7429285646E+02
    208400,      0.676966,CP9_after_PTsource,   1,    0.0000000000E+00,    3.7429285646E+02,    3.7429285646E+02,    0.0000000000E+00,    0.0000000000E+00,    0.0000000000E+00,    3.7429285646E+02
    208400,      0.676966,CP10_after_neg_clamp,   1,    0.0000000000E+00,    3.7429285646E+02,    3.7429285646E+02,    0.0000000000E+00,    0.0000000000E+00,    0.0000000000E+00,    3.7429285646E+02
    208400,      0.676966,CP11_after_MPI,   1,    0.0000000000E+00,    3.7429285646E+02,    3.7429285646E+02,    0.0000000000E+00,    0.0000000000E+00,    0.0000000000E+00,    3.7429285646E+02
    208400,      0.676966,CP12_end,   1,    0.0000000000E+00,    3.7429285646E+02,    3.7429285646E+02,    0.0000000000E+00,    0.0000000000E+00,    0.0000000000E+00,    3.7429285646E+02
    208450,      0.676966,CP0_start,   1,    0.0000000000E+00,    3.7445061593E+02,    3.7445061593E+02,    0.0000000000E+00,    0.0000000000E+00,    0.0000000000E+00,    3.7445061593E+02
    208450,      0.676966,CP1_after_deposition,   1,    0.0000000000E+00,    3.7445061593E+02,    3.7445061593E+02,    0.0000000000E+00,    0.0000000000E+00,    0.0000000000E+00,    3.7445061593E+02
    208450,      0.676966,CP2_after_erosion,   1,    0.0000000000E+00,    3.7445061593E+02,    3.7445061593E+02,    0.0000000000E+00,    0.0000000000E+00,    0.0000000000E+00,    3.7445061593E+02
    208450,      0.676966,CP3_after_update_bottom,   1,    0.0000000000E+00,    3.7445061593E+02,    3.7445061593E+02,    0.0000000000E+00,    0.0000000000E+00,    0.0000000000E+00,    3.7445061593E+02
    208450,      0.676966,CP4_after_advection,   1,    0.0000000000E+00,    3.7446259059E+02,    3.7446259059E+02,    0.0000000000E+00,    0.0000000000E+00,    0.0000000000E+00,    3.7446259059E+02
    208450,      0.676966,CP5_after_vdif,   1,    0.0000000000E+00,    3.7446259059E+02,    3.7446259059E+02,    0.0000000000E+00,    0.0000000000E+00,    0.0000000000E+00,    3.7446259059E+02
    208450,      0.676966,CP6_after_kinetics,   1,    0.0000000000E+00,    3.7446259059E+02,    3.7446259059E+02,    0.0000000000E+00,    0.0000000000E+00,    0.0000000000E+00,    3.7446259059E+02
    208450,      0.676966,CP7_after_upper_clamp,   1,    0.0000000000E+00,    3.7446259059E+02,    3.7446259059E+02,    0.0000000000E+00,    0.0000000000E+00,    0.0000000000E+00,    3.7446259059E+02
    208450,      0.676966,CP8_after_OBC,   1,    0.0000000000E+00,    3.7446259059E+02,    3.7446259059E+02,    0.0000000000E+00,    0.0000000000E+00,    0.0000000000E+00,    3.7446259059E+02
    208450,      0.676966,CP9_after_PTsource,   1,    0.0000000000E+00,    3.7446259059E+02,    3.7446259059E+02,    0.0000000000E+00,    0.0000000000E+00,    0.0000000000E+00,    3.7446259059E+02
    208450,      0.676966,CP10_after_neg_clamp,   1,    0.0000000000E+00,    3.7446259059E+02,    3.7446259059E+02,    0.0000000000E+00,    0.0000000000E+00,    0.0000000000E+00,    3.7446259059E+02
    208450,      0.676966,CP11_after_MPI,   1,    0.0000000000E+00,    3.7446259059E+02,    3.7446259059E+02,    0.0000000000E+00,    0.0000000000E+00,    0.0000000000E+00,    3.7446259059E+02
    208450,      0.676966,CP12_end,   1,    0.0000000000E+00,    3.7446259059E+02,    3.7446259059E+02,    0.0000000000E+00,    0.0000000000E+00,    0.0000000000E+00,    3.7446259059E+02
    208500,      0.676966,CP0_start,   1,    0.0000000000E+00,    3.7461944413E+02,    3.7461944413E+02,    0.0000000000E+00,    0.0000000000E+00,    0.0000000000E+00,    3.7461944413E+02
    208500,      0.676966,CP1_after_deposition,   1,    0.0000000000E+00,    3.7461944413E+02,    3.7461944413E+02,    0.0000000000E+00,    0.0000000000E+00,    0.0000000000E+00,    3.7461944413E+02
    208500,      0.676966,CP2_after_erosion,   1,    0.0000000000E+00,    3.7461944413E+02,    3.7461944413E+02,    0.0000000000E+00,    0.0000000000E+00,    0.0000000000E+00,    3.7461944413E+02
    208500,      0.676966,CP3_after_update_bottom,   1,    0.0000000000E+00,    3.7461944413E+02,    3.7461944413E+02,    0.0000000000E+00,    0.0000000000E+00,    0.0000000000E+00,    3.7461944413E+02
    208500,      0.676966,CP4_after_advection,   1,    0.0000000000E+00,    3.7463167723E+02,    3.7463167723E+02,    0.0000000000E+00,    0.0000000000E+00,    0.0000000000E+00,    3.7463167723E+02
    208500,      0.676966,CP5_after_vdif,   1,    0.0000000000E+00,    3.7463167723E+02,    3.7463167723E+02,    0.0000000000E+00,    0.0000000000E+00,    0.0000000000E+00,    3.7463167723E+02
    208500,      0.676966,CP6_after_kinetics,   1,    0.0000000000E+00,    3.7463167723E+02,    3.7463167723E+02,    0.0000000000E+00,    0.0000000000E+00,    0.0000000000E+00,    3.7463167723E+02
    208500,      0.676966,CP7_after_upper_clamp,   1,    0.0000000000E+00,    3.7463167723E+02,    3.7463167723E+02,    0.0000000000E+00,    0.0000000000E+00,    0.0000000000E+00,    3.7463167723E+02
    208500,      0.676966,CP8_after_OBC,   1,    0.0000000000E+00,    3.7463167723E+02,    3.7463167723E+02,    0.0000000000E+00,    0.0000000000E+00,    0.0000000000E+00,    3.7463167723E+02
    208500,      0.676966,CP9_after_PTsource,   1,    0.0000000000E+00,    3.7463167723E+02,    3.7463167723E+02,    0.0000000000E+00,    0.0000000000E+00,    0.0000000000E+00,    3.7463167723E+02
    208500,      0.676966,CP10_after_neg_clamp,   1,    0.0000000000E+00,    3.7463167723E+02,    3.7463167723E+02,    0.0000000000E+00,    0.0000000000E+00,    0.0000000000E+00,    3.7463167723E+02
    208500,      0.676966,CP11_after_MPI,   1,    0.0000000000E+00,    3.7463167723E+02,    3.7463167723E+02,    0.0000000000E+00,    0.0000000000E+00,    0.0000000000E+00,    3.7463167723E+02
    208500,      0.676966,CP12_end,   1,    0.0000000000E+00,    3.7463167723E+02,    3.7463167723E+02,    0.0000000000E+00,    0.0000000000E+00,    0.0000000000E+00,    3.7463167723E+02
    208550,      0.676966,CP0_start,   1,    0.0000000000E+00,    3.7479192309E+02,    3.7479192309E+02,    0.0000000000E+00,    0.0000000000E+00,    0.0000000000E+00,    3.7479192309E+02
    208550,      0.676966,CP1_after_deposition,   1,    0.0000000000E+00,    3.7479192309E+02,    3.7479192309E+02,    0.0000000000E+00,    0.0000000000E+00,    0.0000000000E+00,    3.7479192309E+02
    208550,      0.676966,CP2_after_erosion,   1,    0.0000000000E+00,    3.7479192309E+02,    3.7479192309E+02,    0.0000000000E+00,    0.0000000000E+00,    0.0000000000E+00,    3.7479192309E+02
    208550,      0.676966,CP3_after_update_bottom,   1,    0.0000000000E+00,    3.7479192309E+02,    3.7479192309E+02,    0.0000000000E+00,    0.0000000000E+00,    0.0000000000E+00,    3.7479192309E+02
    208550,      0.676966,CP4_after_advection,   1,    0.0000000000E+00,    3.7480450625E+02,    3.7480450625E+02,    0.0000000000E+00,    0.0000000000E+00,    0.0000000000E+00,    3.7480450625E+02
    208550,      0.676966,CP5_after_vdif,   1,    0.0000000000E+00,    3.7480450625E+02,    3.7480450625E+02,    0.0000000000E+00,    0.0000000000E+00,    0.0000000000E+00,    3.7480450625E+02
    208550,      0.676966,CP6_after_kinetics,   1,    0.0000000000E+00,    3.7480450625E+02,    3.7480450625E+02,    0.0000000000E+00,    0.0000000000E+00,    0.0000000000E+00,    3.7480450625E+02
    208550,      0.676966,CP7_after_upper_clamp,   1,    0.0000000000E+00,    3.7480450625E+02,    3.7480450625E+02,    0.0000000000E+00,    0.0000000000E+00,    0.0000000000E+00,    3.7480450625E+02
    208550,      0.676966,CP8_after_OBC,   1,    0.0000000000E+00,    3.7480450625E+02,    3.7480450625E+02,    0.0000000000E+00,    0.0000000000E+00,    0.0000000000E+00,    3.7480450625E+02
    208550,      0.676966,CP9_after_PTsource,   1,    0.0000000000E+00,    3.7480450625E+02,    3.7480450625E+02,    0.0000000000E+00,    0.0000000000E+00,    0.0000000000E+00,    3.7480450625E+02
    208550,      0.676966,CP10_after_neg_clamp,   1,    0.0000000000E+00,    3.7480450625E+02,    3.7480450625E+02,    0.0000000000E+00,    0.0000000000E+00,    0.0000000000E+00,    3.7480450625E+02
    208550,      0.676966,CP11_after_MPI,   1,    0.0000000000E+00,    3.7480450625E+02,    3.7480450625E+02,    0.0000000000E+00,    0.0000000000E+00,    0.0000000000E+00,    3.7480450625E+02
    208550,      0.676966,CP12_end,   1,    0.0000000000E+00,    3.7480450625E+02,    3.7480450625E+02,    0.0000000000E+00,    0.0000000000E+00,    0.0000000000E+00,    3.7480450625E+02
    208600,      0.676966,CP0_start,   1,    0.0000000000E+00,    3.7497046077E+02,    3.7497046077E+02,    0.0000000000E+00,    0.0000000000E+00,    0.0000000000E+00,    3.7497046077E+02
    208600,      0.676966,CP1_after_deposition,   1,    0.0000000000E+00,    3.7497046077E+02,    3.7497046077E+02,    0.0000000000E+00,    0.0000000000E+00,    0.0000000000E+00,    3.7497046077E+02
    208600,      0.676966,CP2_after_erosion,   1,    0.0000000000E+00,    3.7497046077E+02,    3.7497046077E+02,    0.0000000000E+00,    0.0000000000E+00,    0.0000000000E+00,    3.7497046077E+02
    208600,      0.676966,CP3_after_update_bottom,   1,    0.0000000000E+00,    3.7497046077E+02,    3.7497046077E+02,    0.0000000000E+00,    0.0000000000E+00,    0.0000000000E+00,    3.7497046077E+02
    208600,      0.676966,CP4_after_advection,   1,    0.0000000000E+00,    3.7498338678E+02,    3.7498338678E+02,    0.0000000000E+00,    0.0000000000E+00,    0.0000000000E+00,    3.7498338678E+02
    208600,      0.676966,CP5_after_vdif,   1,    0.0000000000E+00,    3.7498338678E+02,    3.7498338678E+02,    0.0000000000E+00,    0.0000000000E+00,    0.0000000000E+00,    3.7498338678E+02
    208600,      0.676966,CP6_after_kinetics,   1,    0.0000000000E+00,    3.7498338678E+02,    3.7498338678E+02,    0.0000000000E+00,    0.0000000000E+00,    0.0000000000E+00,    3.7498338678E+02
    208600,      0.676966,CP7_after_upper_clamp,   1,    0.0000000000E+00,    3.7498338678E+02,    3.7498338678E+02,    0.0000000000E+00,    0.0000000000E+00,    0.0000000000E+00,    3.7498338678E+02
    208600,      0.676966,CP8_after_OBC,   1,    0.0000000000E+00,    3.7498338678E+02,    3.7498338678E+02,    0.0000000000E+00,    0.0000000000E+00,    0.0000000000E+00,    3.7498338678E+02
    208600,      0.676966,CP9_after_PTsource,   1,    0.0000000000E+00,    3.7498338678E+02,    3.7498338678E+02,    0.0000000000E+00,    0.0000000000E+00,    0.0000000000E+00,    3.7498338678E+02
    208600,      0.676966,CP10_after_neg_clamp,   1,    0.0000000000E+00,    3.7498338678E+02,    3.7498338678E+02,    0.0000000000E+00,    0.0000000000E+00,    0.0000000000E+00,    3.7498338678E+02
    208600,      0.676966,CP11_after_MPI,   1,    0.0000000000E+00,    3.7498338678E+02,    3.7498338678E+02,    0.0000000000E+00,    0.0000000000E+00,    0.0000000000E+00,    3.7498338678E+02
    208600,      0.676966,CP12_end,   1,    0.0000000000E+00,    3.7498338678E+02,    3.7498338678E+02,    0.0000000000E+00,    0.0000000000E+00,    0.0000000000E+00,    3.7498338678E+02
    208650,      0.676966,CP0_start,   1,    0.0000000000E+00,    3.7515530651E+02,    3.7515530651E+02,    0.0000000000E+00,    0.0000000000E+00,    0.0000000000E+00,    3.7515530651E+02
    208650,      0.676966,CP1_after_deposition,   1,    0.0000000000E+00,    3.7515530651E+02,    3.7515530651E+02,    0.0000000000E+00,    0.0000000000E+00,    0.0000000000E+00,    3.7515530651E+02
    208650,      0.676966,CP2_after_erosion,   1,    0.0000000000E+00,    3.7515530651E+02,    3.7515530651E+02,    0.0000000000E+00,    0.0000000000E+00,    0.0000000000E+00,    3.7515530651E+02
    208650,      0.676966,CP3_after_update_bottom,   1,    0.0000000000E+00,    3.7515530651E+02,    3.7515530651E+02,    0.0000000000E+00,    0.0000000000E+00,    0.0000000000E+00,    3.7515530651E+02
    208650,      0.676966,CP4_after_advection,   1,    0.0000000000E+00,    3.7516856637E+02,    3.7516856637E+02,    0.0000000000E+00,    0.0000000000E+00,    0.0000000000E+00,    3.7516856637E+02
    208650,      0.676966,CP5_after_vdif,   1,    0.0000000000E+00,    3.7516856637E+02,    3.7516856637E+02,    0.0000000000E+00,    0.0000000000E+00,    0.0000000000E+00,    3.7516856637E+02
    208650,      0.676966,CP6_after_kinetics,   1,    0.0000000000E+00,    3.7516856637E+02,    3.7516856637E+02,    0.0000000000E+00,    0.0000000000E+00,    0.0000000000E+00,    3.7516856637E+02
    208650,      0.676966,CP7_after_upper_clamp,   1,    0.0000000000E+00,    3.7516856637E+02,    3.7516856637E+02,    0.0000000000E+00,    0.0000000000E+00,    0.0000000000E+00,    3.7516856637E+02
    208650,      0.676966,CP8_after_OBC,   1,    0.0000000000E+00,    3.7516856637E+02,    3.7516856637E+02,    0.0000000000E+00,    0.0000000000E+00,    0.0000000000E+00,    3.7516856637E+02
    208650,      0.676966,CP9_after_PTsource,   1,    0.0000000000E+00,    3.7516856637E+02,    3.7516856637E+02,    0.0000000000E+00,    0.0000000000E+00,    0.0000000000E+00,    3.7516856637E+02
    208650,      0.676966,CP10_after_neg_clamp,   1,    0.0000000000E+00,    3.7516856637E+02,    3.7516856637E+02,    0.0000000000E+00,    0.0000000000E+00,    0.0000000000E+00,    3.7516856637E+02
    208650,      0.676966,CP11_after_MPI,   1,    0.0000000000E+00,    3.7516856637E+02,    3.7516856637E+02,    0.0000000000E+00,    0.0000000000E+00,    0.0000000000E+00,    3.7516856637E+02
    208650,      0.676966,CP12_end,   1,    0.0000000000E+00,    3.7516856637E+02,    3.7516856637E+02,    0.0000000000E+00,    0.0000000000E+00,    0.0000000000E+00,    3.7516856637E+02
    208700,      0.676966,CP0_start,   1,    0.0000000000E+00,    3.7534650975E+02,    3.7534650975E+02,    0.0000000000E+00,    0.0000000000E+00,    0.0000000000E+00,    3.7534650975E+02
    208700,      0.676966,CP1_after_deposition,   1,    0.0000000000E+00,    3.7534650975E+02,    3.7534650975E+02,    0.0000000000E+00,    0.0000000000E+00,    0.0000000000E+00,    3.7534650975E+02
    208700,      0.676966,CP2_after_erosion,   1,    0.0000000000E+00,    3.7534650975E+02,    3.7534650975E+02,    0.0000000000E+00,    0.0000000000E+00,    0.0000000000E+00,    3.7534650975E+02
    208700,      0.676966,CP3_after_update_bottom,   1,    0.0000000000E+00,    3.7534650975E+02,    3.7534650975E+02,    0.0000000000E+00,    0.0000000000E+00,    0.0000000000E+00,    3.7534650975E+02
    208700,      0.676966,CP4_after_advection,   1,    0.0000000000E+00,    3.7536010746E+02,    3.7536010746E+02,    0.0000000000E+00,    0.0000000000E+00,    0.0000000000E+00,    3.7536010746E+02
    208700,      0.676966,CP5_after_vdif,   1,    0.0000000000E+00,    3.7536010746E+02,    3.7536010746E+02,    0.0000000000E+00,    0.0000000000E+00,    0.0000000000E+00,    3.7536010746E+02
    208700,      0.676966,CP6_after_kinetics,   1,    0.0000000000E+00,    3.7536010746E+02,    3.7536010746E+02,    0.0000000000E+00,    0.0000000000E+00,    0.0000000000E+00,    3.7536010746E+02
    208700,      0.676966,CP7_after_upper_clamp,   1,    0.0000000000E+00,    3.7536010746E+02,    3.7536010746E+02,    0.0000000000E+00,    0.0000000000E+00,    0.0000000000E+00,    3.7536010746E+02
    208700,      0.676966,CP8_after_OBC,   1,    0.0000000000E+00,    3.7536010746E+02,    3.7536010746E+02,    0.0000000000E+00,    0.0000000000E+00,    0.0000000000E+00,    3.7536010746E+02
    208700,      0.676966,CP9_after_PTsource,   1,    0.0000000000E+00,    3.7536010746E+02,    3.7536010746E+02,    0.0000000000E+00,    0.0000000000E+00,    0.0000000000E+00,    3.7536010746E+02
    208700,      0.676966,CP10_after_neg_clamp,   1,    0.0000000000E+00,    3.7536010746E+02,    3.7536010746E+02,    0.0000000000E+00,    0.0000000000E+00,    0.0000000000E+00,    3.7536010746E+02
    208700,      0.676966,CP11_after_MPI,   1,    0.0000000000E+00,    3.7536010746E+02,    3.7536010746E+02,    0.0000000000E+00,    0.0000000000E+00,    0.0000000000E+00,    3.7536010746E+02
    208700,      0.676966,CP12_end,   1,    0.0000000000E+00,    3.7536010746E+02,    3.7536010746E+02,    0.0000000000E+00,    0.0000000000E+00,    0.0000000000E+00,    3.7536010746E+02
    208750,      0.676966,CP0_start,   1,    0.0000000000E+00,    3.7554263546E+02,    3.7554263546E+02,    0.0000000000E+00,    0.0000000000E+00,    0.0000000000E+00,    3.7554263546E+02
    208750,      0.676966,CP1_after_deposition,   1,    0.0000000000E+00,    3.7554263546E+02,    3.7554263546E+02,    0.0000000000E+00,    0.0000000000E+00,    0.0000000000E+00,    3.7554263546E+02
    208750,      0.676966,CP2_after_erosion,   1,    0.0000000000E+00,    3.7554263546E+02,    3.7554263546E+02,    0.0000000000E+00,    0.0000000000E+00,    0.0000000000E+00,    3.7554263546E+02
    208750,      0.676966,CP3_after_update_bottom,   1,    0.0000000000E+00,    3.7554263546E+02,    3.7554263546E+02,    0.0000000000E+00,    0.0000000000E+00,    0.0000000000E+00,    3.7554263546E+02
    208750,      0.676966,CP4_after_advection,   1,    0.0000000000E+00,    3.7555652359E+02,    3.7555652359E+02,    0.0000000000E+00,    0.0000000000E+00,    0.0000000000E+00,    3.7555652359E+02
    208750,      0.676966,CP5_after_vdif,   1,    0.0000000000E+00,    3.7555652359E+02,    3.7555652359E+02,    0.0000000000E+00,    0.0000000000E+00,    0.0000000000E+00,    3.7555652359E+02
    208750,      0.676966,CP6_after_kinetics,   1,    0.0000000000E+00,    3.7555652359E+02,    3.7555652359E+02,    0.0000000000E+00,    0.0000000000E+00,    0.0000000000E+00,    3.7555652359E+02
    208750,      0.676966,CP7_after_upper_clamp,   1,    0.0000000000E+00,    3.7555652359E+02,    3.7555652359E+02,    0.0000000000E+00,    0.0000000000E+00,    0.0000000000E+00,    3.7555652359E+02
    208750,      0.676966,CP8_after_OBC,   1,    0.0000000000E+00,    3.7555652359E+02,    3.7555652359E+02,    0.0000000000E+00,    0.0000000000E+00,    0.0000000000E+00,    3.7555652359E+02
    208750,      0.676966,CP9_after_PTsource,   1,    0.0000000000E+00,    3.7555652359E+02,    3.7555652359E+02,    0.0000000000E+00,    0.0000000000E+00,    0.0000000000E+00,    3.7555652359E+02
    208750,      0.676966,CP10_after_neg_clamp,   1,    0.0000000000E+00,    3.7555652359E+02,    3.7555652359E+02,    0.0000000000E+00,    0.0000000000E+00,    0.0000000000E+00,    3.7555652359E+02
    208750,      0.676966,CP11_after_MPI,   1,    0.0000000000E+00,    3.7555652359E+02,    3.7555652359E+02,    0.0000000000E+00,    0.0000000000E+00,    0.0000000000E+00,    3.7555652359E+02
    208750,      0.676966,CP12_end,   1,    0.0000000000E+00,    3.7555652359E+02,    3.7555652359E+02,    0.0000000000E+00,    0.0000000000E+00,    0.0000000000E+00,    3.7555652359E+02
    208800,      0.676966,CP0_start,   1,    0.0000000000E+00,    3.7574158497E+02,    3.7574158497E+02,    0.0000000000E+00,    0.0000000000E+00,    0.0000000000E+00,    3.7574158497E+02
    208800,      0.676966,CP1_after_deposition,   1,    0.0000000000E+00,    3.7574158497E+02,    3.7574158497E+02,    0.0000000000E+00,    0.0000000000E+00,    0.0000000000E+00,    3.7574158497E+02
    208800,      0.676966,CP2_after_erosion,   1,    0.0000000000E+00,    3.7574158497E+02,    3.7574158497E+02,    0.0000000000E+00,    0.0000000000E+00,    0.0000000000E+00,    3.7574158497E+02
    208800,      0.676966,CP3_after_update_bottom,   1,    0.0000000000E+00,    3.7574158497E+02,    3.7574158497E+02,    0.0000000000E+00,    0.0000000000E+00,    0.0000000000E+00,    3.7574158497E+02
    208800,      0.676966,CP4_after_advection,   1,    0.0000000000E+00,    3.7575570195E+02,    3.7575570195E+02,    0.0000000000E+00,    0.0000000000E+00,    0.0000000000E+00,    3.7575570195E+02
    208800,      0.676966,CP5_after_vdif,   1,    0.0000000000E+00,    3.7575570195E+02,    3.7575570195E+02,    0.0000000000E+00,    0.0000000000E+00,    0.0000000000E+00,    3.7575570195E+02
    208800,      0.676966,CP6_after_kinetics,   1,    0.0000000000E+00,    3.7575570195E+02,    3.7575570195E+02,    0.0000000000E+00,    0.0000000000E+00,    0.0000000000E+00,    3.7575570195E+02
    208800,      0.676966,CP7_after_upper_clamp,   1,    0.0000000000E+00,    3.7575570195E+02,    3.7575570195E+02,    0.0000000000E+00,    0.0000000000E+00,    0.0000000000E+00,    3.7575570195E+02
    208800,      0.676966,CP8_after_OBC,   1,    0.0000000000E+00,    3.7575570195E+02,    3.7575570195E+02,    0.0000000000E+00,    0.0000000000E+00,    0.0000000000E+00,    3.7575570195E+02
    208800,      0.676966,CP9_after_PTsource,   1,    0.0000000000E+00,    3.7575570195E+02,    3.7575570195E+02,    0.0000000000E+00,    0.0000000000E+00,    0.0000000000E+00,    3.7575570195E+02
    208800,      0.676966,CP10_after_neg_clamp,   1,    0.0000000000E+00,    3.7575570195E+02,    3.7575570195E+02,    0.0000000000E+00,    0.0000000000E+00,    0.0000000000E+00,    3.7575570195E+02
    208800,      0.676966,CP11_after_MPI,   1,    0.0000000000E+00,    3.7575570195E+02,    3.7575570195E+02,    0.0000000000E+00,    0.0000000000E+00,    0.0000000000E+00,    3.7575570195E+02
    208800,      0.676966,CP12_end,   1,    0.0000000000E+00,    3.7575570195E+02,    3.7575570195E+02,    0.0000000000E+00,    0.0000000000E+00,    0.0000000000E+00,    3.7575570195E+02
    208850,      0.676966,CP0_start,   1,    0.0000000000E+00,    3.7594157366E+02,    3.7594157366E+02,    0.0000000000E+00,    0.0000000000E+00,    0.0000000000E+00,    3.7594157366E+02
    208850,      0.676966,CP1_after_deposition,   1,    0.0000000000E+00,    3.7594157366E+02,    3.7594157366E+02,    0.0000000000E+00,    0.0000000000E+00,    0.0000000000E+00,    3.7594157366E+02
    208850,      0.676966,CP2_after_erosion,   1,    0.0000000000E+00,    3.7594157366E+02,    3.7594157366E+02,    0.0000000000E+00,    0.0000000000E+00,    0.0000000000E+00,    3.7594157366E+02
    208850,      0.676966,CP3_after_update_bottom,   1,    0.0000000000E+00,    3.7594157366E+02,    3.7594157366E+02,    0.0000000000E+00,    0.0000000000E+00,    0.0000000000E+00,    3.7594157366E+02
    208850,      0.676966,CP4_after_advection,   1,    0.0000000000E+00,    3.7595589753E+02,    3.7595589753E+02,    0.0000000000E+00,    0.0000000000E+00,    0.0000000000E+00,    3.7595589753E+02
    208850,      0.676966,CP5_after_vdif,   1,    0.0000000000E+00,    3.7595589753E+02,    3.7595589753E+02,    0.0000000000E+00,    0.0000000000E+00,    0.0000000000E+00,    3.7595589753E+02
    208850,      0.676966,CP6_after_kinetics,   1,    0.0000000000E+00,    3.7595589753E+02,    3.7595589753E+02,    0.0000000000E+00,    0.0000000000E+00,    0.0000000000E+00,    3.7595589753E+02
    208850,      0.676966,CP7_after_upper_clamp,   1,    0.0000000000E+00,    3.7595589753E+02,    3.7595589753E+02,    0.0000000000E+00,    0.0000000000E+00,    0.0000000000E+00,    3.7595589753E+02
    208850,      0.676966,CP8_after_OBC,   1,    0.0000000000E+00,    3.7595589753E+02,    3.7595589753E+02,    0.0000000000E+00,    0.0000000000E+00,    0.0000000000E+00,    3.7595589753E+02
    208850,      0.676966,CP9_after_PTsource,   1,    0.0000000000E+00,    3.7595589753E+02,    3.7595589753E+02,    0.0000000000E+00,    0.0000000000E+00,    0.0000000000E+00,    3.7595589753E+02
    208850,      0.676966,CP10_after_neg_clamp,   1,    0.0000000000E+00,    3.7595589753E+02,    3.7595589753E+02,    0.0000000000E+00,    0.0000000000E+00,    0.0000000000E+00,    3.7595589753E+02
    208850,      0.676966,CP11_after_MPI,   1,    0.0000000000E+00,    3.7595589753E+02,    3.7595589753E+02,    0.0000000000E+00,    0.0000000000E+00,    0.0000000000E+00,    3.7595589753E+02
    208850,      0.676966,CP12_end,   1,    0.0000000000E+00,    3.7595589753E+02,    3.7595589753E+02,    0.0000000000E+00,    0.0000000000E+00,    0.0000000000E+00,    3.7595589753E+02
    208900,      0.676966,CP0_start,   1,    0.0000000000E+00,    3.7614100526E+02,    3.7614100526E+02,    0.0000000000E+00,    0.0000000000E+00,    0.0000000000E+00,    3.7614100526E+02
    208900,      0.676966,CP1_after_deposition,   1,    0.0000000000E+00,    3.7614100526E+02,    3.7614100526E+02,    0.0000000000E+00,    0.0000000000E+00,    0.0000000000E+00,    3.7614100526E+02
    208900,      0.676966,CP2_after_erosion,   1,    0.0000000000E+00,    3.7614100526E+02,    3.7614100526E+02,    0.0000000000E+00,    0.0000000000E+00,    0.0000000000E+00,    3.7614100526E+02
    208900,      0.676966,CP3_after_update_bottom,   1,    0.0000000000E+00,    3.7614100526E+02,    3.7614100526E+02,    0.0000000000E+00,    0.0000000000E+00,    0.0000000000E+00,    3.7614100526E+02
    208900,      0.676966,CP4_after_advection,   1,    0.0000000000E+00,    3.7615550360E+02,    3.7615550360E+02,    0.0000000000E+00,    0.0000000000E+00,    0.0000000000E+00,    3.7615550360E+02
    208900,      0.676966,CP5_after_vdif,   1,    0.0000000000E+00,    3.7615550360E+02,    3.7615550360E+02,    0.0000000000E+00,    0.0000000000E+00,    0.0000000000E+00,    3.7615550360E+02
    208900,      0.676966,CP6_after_kinetics,   1,    0.0000000000E+00,    3.7615550360E+02,    3.7615550360E+02,    0.0000000000E+00,    0.0000000000E+00,    0.0000000000E+00,    3.7615550360E+02
    208900,      0.676966,CP7_after_upper_clamp,   1,    0.0000000000E+00,    3.7615550360E+02,    3.7615550360E+02,    0.0000000000E+00,    0.0000000000E+00,    0.0000000000E+00,    3.7615550360E+02
    208900,      0.676966,CP8_after_OBC,   1,    0.0000000000E+00,    3.7615550360E+02,    3.7615550360E+02,    0.0000000000E+00,    0.0000000000E+00,    0.0000000000E+00,    3.7615550360E+02
    208900,      0.676966,CP9_after_PTsource,   1,    0.0000000000E+00,    3.7615550360E+02,    3.7615550360E+02,    0.0000000000E+00,    0.0000000000E+00,    0.0000000000E+00,    3.7615550360E+02
    208900,      0.676966,CP10_after_neg_clamp,   1,    0.0000000000E+00,    3.7615550360E+02,    3.7615550360E+02,    0.0000000000E+00,    0.0000000000E+00,    0.0000000000E+00,    3.7615550360E+02
    208900,      0.676966,CP11_after_MPI,   1,    0.0000000000E+00,    3.7615550360E+02,    3.7615550360E+02,    0.0000000000E+00,    0.0000000000E+00,    0.0000000000E+00,    3.7615550360E+02
    208900,      0.676966,CP12_end,   1,    0.0000000000E+00,    3.7615550360E+02,    3.7615550360E+02,    0.0000000000E+00,    0.0000000000E+00,    0.0000000000E+00,    3.7615550360E+02
    208950,      0.676966,CP0_start,   1,    0.0000000000E+00,    3.7633901946E+02,    3.7633901946E+02,    0.0000000000E+00,    0.0000000000E+00,    0.0000000000E+00,    3.7633901946E+02
    208950,      0.676966,CP1_after_deposition,   1,    0.0000000000E+00,    3.7633901946E+02,    3.7633901946E+02,    0.0000000000E+00,    0.0000000000E+00,    0.0000000000E+00,    3.7633901946E+02
    208950,      0.676966,CP2_after_erosion,   1,    0.0000000000E+00,    3.7633901946E+02,    3.7633901946E+02,    0.0000000000E+00,    0.0000000000E+00,    0.0000000000E+00,    3.7633901946E+02
    208950,      0.676966,CP3_after_update_bottom,   1,    0.0000000000E+00,    3.7633901946E+02,    3.7633901946E+02,    0.0000000000E+00,    0.0000000000E+00,    0.0000000000E+00,    3.7633901946E+02
    208950,      0.676966,CP4_after_advection,   1,    0.0000000000E+00,    3.7635366575E+02,    3.7635366575E+02,    0.0000000000E+00,    0.0000000000E+00,    0.0000000000E+00,    3.7635366575E+02
    208950,      0.676966,CP5_after_vdif,   1,    0.0000000000E+00,    3.7635366575E+02,    3.7635366575E+02,    0.0000000000E+00,    0.0000000000E+00,    0.0000000000E+00,    3.7635366575E+02
    208950,      0.676966,CP6_after_kinetics,   1,    0.0000000000E+00,    3.7635366575E+02,    3.7635366575E+02,    0.0000000000E+00,    0.0000000000E+00,    0.0000000000E+00,    3.7635366575E+02
    208950,      0.676966,CP7_after_upper_clamp,   1,    0.0000000000E+00,    3.7635366575E+02,    3.7635366575E+02,    0.0000000000E+00,    0.0000000000E+00,    0.0000000000E+00,    3.7635366575E+02
    208950,      0.676966,CP8_after_OBC,   1,    0.0000000000E+00,    3.7635366575E+02,    3.7635366575E+02,    0.0000000000E+00,    0.0000000000E+00,    0.0000000000E+00,    3.7635366575E+02
    208950,      0.676966,CP9_after_PTsource,   1,    0.0000000000E+00,    3.7635366575E+02,    3.7635366575E+02,    0.0000000000E+00,    0.0000000000E+00,    0.0000000000E+00,    3.7635366575E+02
    208950,      0.676966,CP10_after_neg_clamp,   1,    0.0000000000E+00,    3.7635366575E+02,    3.7635366575E+02,    0.0000000000E+00,    0.0000000000E+00,    0.0000000000E+00,    3.7635366575E+02
    208950,      0.676966,CP11_after_MPI,   1,    0.0000000000E+00,    3.7635366575E+02,    3.7635366575E+02,    0.0000000000E+00,    0.0000000000E+00,    0.0000000000E+00,    3.7635366575E+02
    208950,      0.676966,CP12_end,   1,    0.0000000000E+00,    3.7635366575E+02,    3.7635366575E+02,    0.0000000000E+00,    0.0000000000E+00,    0.0000000000E+00,    3.7635366575E+02
    209000,      0.676966,CP0_start,   1,    0.0000000000E+00,    3.7653621183E+02,    3.7653621183E+02,    0.0000000000E+00,    0.0000000000E+00,    0.0000000000E+00,    3.7653621183E+02
    209000,      0.676966,CP1_after_deposition,   1,    0.0000000000E+00,    3.7653621183E+02,    3.7653621183E+02,    0.0000000000E+00,    0.0000000000E+00,    0.0000000000E+00,    3.7653621183E+02
    209000,      0.676966,CP2_after_erosion,   1,    0.0000000000E+00,    3.7653621183E+02,    3.7653621183E+02,    0.0000000000E+00,    0.0000000000E+00,    0.0000000000E+00,    3.7653621183E+02
    209000,      0.676966,CP3_after_update_bottom,   1,    0.0000000000E+00,    3.7653621183E+02,    3.7653621183E+02,    0.0000000000E+00,    0.0000000000E+00,    0.0000000000E+00,    3.7653621183E+02
    209000,      0.676966,CP4_after_advection,   1,    0.0000000000E+00,    3.7655104872E+02,    3.7655104872E+02,    0.0000000000E+00,    0.0000000000E+00,    0.0000000000E+00,    3.7655104872E+02
    209000,      0.676966,CP5_after_vdif,   1,    0.0000000000E+00,    3.7655104872E+02,    3.7655104872E+02,    0.0000000000E+00,    0.0000000000E+00,    0.0000000000E+00,    3.7655104872E+02
    209000,      0.676966,CP6_after_kinetics,   1,    0.0000000000E+00,    3.7655104872E+02,    3.7655104872E+02,    0.0000000000E+00,    0.0000000000E+00,    0.0000000000E+00,    3.7655104872E+02
    209000,      0.676966,CP7_after_upper_clamp,   1,    0.0000000000E+00,    3.7655104872E+02,    3.7655104872E+02,    0.0000000000E+00,    0.0000000000E+00,    0.0000000000E+00,    3.7655104872E+02
    209000,      0.676966,CP8_after_OBC,   1,    0.0000000000E+00,    3.7655104872E+02,    3.7655104872E+02,    0.0000000000E+00,    0.0000000000E+00,    0.0000000000E+00,    3.7655104872E+02
    209000,      0.676966,CP9_after_PTsource,   1,    0.0000000000E+00,    3.7655104872E+02,    3.7655104872E+02,    0.0000000000E+00,    0.0000000000E+00,    0.0000000000E+00,    3.7655104872E+02
    209000,      0.676966,CP10_after_neg_clamp,   1,    0.0000000000E+00,    3.7655104872E+02,    3.7655104872E+02,    0.0000000000E+00,    0.0000000000E+00,    0.0000000000E+00,    3.7655104872E+02
    209000,      0.676966,CP11_after_MPI,   1,    0.0000000000E+00,    3.7655104872E+02,    3.7655104872E+02,    0.0000000000E+00,    0.0000000000E+00,    0.0000000000E+00,    3.7655104872E+02
    209000,      0.676966,CP12_end,   1,    0.0000000000E+00,    3.7655104872E+02,    3.7655104872E+02,    0.0000000000E+00,    0.0000000000E+00,    0.0000000000E+00,    3.7655104872E+02
    209050,      0.676966,CP0_start,   1,    0.0000000000E+00,    3.7673507038E+02,    3.7673507038E+02,    0.0000000000E+00,    0.0000000000E+00,    0.0000000000E+00,    3.7673507038E+02
    209050,      0.676966,CP1_after_deposition,   1,    0.0000000000E+00,    3.7673507038E+02,    3.7673507038E+02,    0.0000000000E+00,    0.0000000000E+00,    0.0000000000E+00,    3.7673507038E+02
    209050,      0.676966,CP2_after_erosion,   1,    0.0000000000E+00,    3.7673507038E+02,    3.7673507038E+02,    0.0000000000E+00,    0.0000000000E+00,    0.0000000000E+00,    3.7673507038E+02
    209050,      0.676966,CP3_after_update_bottom,   1,    0.0000000000E+00,    3.7673507038E+02,    3.7673507038E+02,    0.0000000000E+00,    0.0000000000E+00,    0.0000000000E+00,    3.7673507038E+02
    209050,      0.676966,CP4_after_advection,   1,    0.0000000000E+00,    3.7675016320E+02,    3.7675016320E+02,    0.0000000000E+00,    0.0000000000E+00,    0.0000000000E+00,    3.7675016320E+02
    209050,      0.676966,CP5_after_vdif,   1,    0.0000000000E+00,    3.7675016320E+02,    3.7675016320E+02,    0.0000000000E+00,    0.0000000000E+00,    0.0000000000E+00,    3.7675016320E+02
    209050,      0.676966,CP6_after_kinetics,   1,    0.0000000000E+00,    3.7675016320E+02,    3.7675016320E+02,    0.0000000000E+00,    0.0000000000E+00,    0.0000000000E+00,    3.7675016320E+02
    209050,      0.676966,CP7_after_upper_clamp,   1,    0.0000000000E+00,    3.7675016320E+02,    3.7675016320E+02,    0.0000000000E+00,    0.0000000000E+00,    0.0000000000E+00,    3.7675016320E+02
    209050,      0.676966,CP8_after_OBC,   1,    0.0000000000E+00,    3.7675016320E+02,    3.7675016320E+02,    0.0000000000E+00,    0.0000000000E+00,    0.0000000000E+00,    3.7675016320E+02
    209050,      0.676966,CP9_after_PTsource,   1,    0.0000000000E+00,    3.7675016320E+02,    3.7675016320E+02,    0.0000000000E+00,    0.0000000000E+00,    0.0000000000E+00,    3.7675016320E+02
    209050,      0.676966,CP10_after_neg_clamp,   1,    0.0000000000E+00,    3.7675016320E+02,    3.7675016320E+02,    0.0000000000E+00,    0.0000000000E+00,    0.0000000000E+00,    3.7675016320E+02
    209050,      0.676966,CP11_after_MPI,   1,    0.0000000000E+00,    3.7675016320E+02,    3.7675016320E+02,    0.0000000000E+00,    0.0000000000E+00,    0.0000000000E+00,    3.7675016320E+02
    209050,      0.676966,CP12_end,   1,    0.0000000000E+00,    3.7675016320E+02,    3.7675016320E+02,    0.0000000000E+00,    0.0000000000E+00,    0.0000000000E+00,    3.7675016320E+02
    209100,      0.676966,CP0_start,   1,    0.0000000000E+00,    3.7693819991E+02,    3.7693819991E+02,    0.0000000000E+00,    0.0000000000E+00,    0.0000000000E+00,    3.7693819991E+02
    209100,      0.676966,CP1_after_deposition,   1,    0.0000000000E+00,    3.7693819991E+02,    3.7693819991E+02,    0.0000000000E+00,    0.0000000000E+00,    0.0000000000E+00,    3.7693819991E+02
    209100,      0.676966,CP2_after_erosion,   1,    0.0000000000E+00,    3.7693819991E+02,    3.7693819991E+02,    0.0000000000E+00,    0.0000000000E+00,    0.0000000000E+00,    3.7693819991E+02
    209100,      0.676966,CP3_after_update_bottom,   1,    0.0000000000E+00,    3.7693819991E+02,    3.7693819991E+02,    0.0000000000E+00,    0.0000000000E+00,    0.0000000000E+00,    3.7693819991E+02
    209100,      0.676966,CP4_after_advection,   1,    0.0000000000E+00,    3.7695356757E+02,    3.7695356757E+02,    0.0000000000E+00,    0.0000000000E+00,    0.0000000000E+00,    3.7695356757E+02
    209100,      0.676966,CP5_after_vdif,   1,    0.0000000000E+00,    3.7695356757E+02,    3.7695356757E+02,    0.0000000000E+00,    0.0000000000E+00,    0.0000000000E+00,    3.7695356757E+02
    209100,      0.676966,CP6_after_kinetics,   1,    0.0000000000E+00,    3.7695356757E+02,    3.7695356757E+02,    0.0000000000E+00,    0.0000000000E+00,    0.0000000000E+00,    3.7695356757E+02
    209100,      0.676966,CP7_after_upper_clamp,   1,    0.0000000000E+00,    3.7695356757E+02,    3.7695356757E+02,    0.0000000000E+00,    0.0000000000E+00,    0.0000000000E+00,    3.7695356757E+02
    209100,      0.676966,CP8_after_OBC,   1,    0.0000000000E+00,    3.7695356757E+02,    3.7695356757E+02,    0.0000000000E+00,    0.0000000000E+00,    0.0000000000E+00,    3.7695356757E+02
    209100,      0.676966,CP9_after_PTsource,   1,    0.0000000000E+00,    3.7695356757E+02,    3.7695356757E+02,    0.0000000000E+00,    0.0000000000E+00,    0.0000000000E+00,    3.7695356757E+02
    209100,      0.676966,CP10_after_neg_clamp,   1,    0.0000000000E+00,    3.7695356757E+02,    3.7695356757E+02,    0.0000000000E+00,    0.0000000000E+00,    0.0000000000E+00,    3.7695356757E+02
    209100,      0.676966,CP11_after_MPI,   1,    0.0000000000E+00,    3.7695356757E+02,    3.7695356757E+02,    0.0000000000E+00,    0.0000000000E+00,    0.0000000000E+00,    3.7695356757E+02
    209100,      0.676966,CP12_end,   1,    0.0000000000E+00,    3.7695356757E+02,    3.7695356757E+02,    0.0000000000E+00,    0.0000000000E+00,    0.0000000000E+00,    3.7695356757E+02
    209150,      0.676966,CP0_start,   1,    0.0000000000E+00,    3.7714641272E+02,    3.7714641272E+02,    0.0000000000E+00,    0.0000000000E+00,    0.0000000000E+00,    3.7714641272E+02
    209150,      0.676966,CP1_after_deposition,   1,    0.0000000000E+00,    3.7714641272E+02,    3.7714641272E+02,    0.0000000000E+00,    0.0000000000E+00,    0.0000000000E+00,    3.7714641272E+02
    209150,      0.676966,CP2_after_erosion,   1,    0.0000000000E+00,    3.7714641272E+02,    3.7714641272E+02,    0.0000000000E+00,    0.0000000000E+00,    0.0000000000E+00,    3.7714641272E+02
    209150,      0.676966,CP3_after_update_bottom,   1,    0.0000000000E+00,    3.7714641272E+02,    3.7714641272E+02,    0.0000000000E+00,    0.0000000000E+00,    0.0000000000E+00,    3.7714641272E+02
    209150,      0.676966,CP4_after_advection,   1,    0.0000000000E+00,    3.7716203458E+02,    3.7716203458E+02,    0.0000000000E+00,    0.0000000000E+00,    0.0000000000E+00,    3.7716203458E+02
    209150,      0.676966,CP5_after_vdif,   1,    0.0000000000E+00,    3.7716203458E+02,    3.7716203458E+02,    0.0000000000E+00,    0.0000000000E+00,    0.0000000000E+00,    3.7716203458E+02
    209150,      0.676966,CP6_after_kinetics,   1,    0.0000000000E+00,    3.7716203458E+02,    3.7716203458E+02,    0.0000000000E+00,    0.0000000000E+00,    0.0000000000E+00,    3.7716203458E+02
    209150,      0.676966,CP7_after_upper_clamp,   1,    0.0000000000E+00,    3.7716203458E+02,    3.7716203458E+02,    0.0000000000E+00,    0.0000000000E+00,    0.0000000000E+00,    3.7716203458E+02
    209150,      0.676966,CP8_after_OBC,   1,    0.0000000000E+00,    3.7716203458E+02,    3.7716203458E+02,    0.0000000000E+00,    0.0000000000E+00,    0.0000000000E+00,    3.7716203458E+02
    209150,      0.676966,CP9_after_PTsource,   1,    0.0000000000E+00,    3.7716203458E+02,    3.7716203458E+02,    0.0000000000E+00,    0.0000000000E+00,    0.0000000000E+00,    3.7716203458E+02
    209150,      0.676966,CP10_after_neg_clamp,   1,    0.0000000000E+00,    3.7716203458E+02,    3.7716203458E+02,    0.0000000000E+00,    0.0000000000E+00,    0.0000000000E+00,    3.7716203458E+02
    209150,      0.676966,CP11_after_MPI,   1,    0.0000000000E+00,    3.7716203458E+02,    3.7716203458E+02,    0.0000000000E+00,    0.0000000000E+00,    0.0000000000E+00,    3.7716203458E+02
    209150,      0.676966,CP12_end,   1,    0.0000000000E+00,    3.7716203458E+02,    3.7716203458E+02,    0.0000000000E+00,    0.0000000000E+00,    0.0000000000E+00,    3.7716203458E+02
    209200,      0.676966,CP0_start,   1,    0.0000000000E+00,    3.7735786572E+02,    3.7735786572E+02,    0.0000000000E+00,    0.0000000000E+00,    0.0000000000E+00,    3.7735786572E+02
    209200,      0.676966,CP1_after_deposition,   1,    0.0000000000E+00,    3.7735786572E+02,    3.7735786572E+02,    0.0000000000E+00,    0.0000000000E+00,    0.0000000000E+00,    3.7735786572E+02
    209200,      0.676966,CP2_after_erosion,   1,    0.0000000000E+00,    3.7735786572E+02,    3.7735786572E+02,    0.0000000000E+00,    0.0000000000E+00,    0.0000000000E+00,    3.7735786572E+02
    209200,      0.676966,CP3_after_update_bottom,   1,    0.0000000000E+00,    3.7735786572E+02,    3.7735786572E+02,    0.0000000000E+00,    0.0000000000E+00,    0.0000000000E+00,    3.7735786572E+02
    209200,      0.676966,CP4_after_advection,   1,    0.0000000000E+00,    3.7737369825E+02,    3.7737369825E+02,    0.0000000000E+00,    0.0000000000E+00,    0.0000000000E+00,    3.7737369825E+02
    209200,      0.676966,CP5_after_vdif,   1,    0.0000000000E+00,    3.7737369825E+02,    3.7737369825E+02,    0.0000000000E+00,    0.0000000000E+00,    0.0000000000E+00,    3.7737369825E+02
    209200,      0.676966,CP6_after_kinetics,   1,    0.0000000000E+00,    3.7737369825E+02,    3.7737369825E+02,    0.0000000000E+00,    0.0000000000E+00,    0.0000000000E+00,    3.7737369825E+02
    209200,      0.676966,CP7_after_upper_clamp,   1,    0.0000000000E+00,    3.7737369825E+02,    3.7737369825E+02,    0.0000000000E+00,    0.0000000000E+00,    0.0000000000E+00,    3.7737369825E+02
    209200,      0.676966,CP8_after_OBC,   1,    0.0000000000E+00,    3.7737369825E+02,    3.7737369825E+02,    0.0000000000E+00,    0.0000000000E+00,    0.0000000000E+00,    3.7737369825E+02
    209200,      0.676966,CP9_after_PTsource,   1,    0.0000000000E+00,    3.7737369825E+02,    3.7737369825E+02,    0.0000000000E+00,    0.0000000000E+00,    0.0000000000E+00,    3.7737369825E+02
    209200,      0.676966,CP10_after_neg_clamp,   1,    0.0000000000E+00,    3.7737369825E+02,    3.7737369825E+02,    0.0000000000E+00,    0.0000000000E+00,    0.0000000000E+00,    3.7737369825E+02
    209200,      0.676966,CP11_after_MPI,   1,    0.0000000000E+00,    3.7737369825E+02,    3.7737369825E+02,    0.0000000000E+00,    0.0000000000E+00,    0.0000000000E+00,    3.7737369825E+02
    209200,      0.676966,CP12_end,   1,    0.0000000000E+00,    3.7737369825E+02,    3.7737369825E+02,    0.0000000000E+00,    0.0000000000E+00,    0.0000000000E+00,    3.7737369825E+02
    209250,      0.676966,CP0_start,   1,    0.0000000000E+00,    3.7757068106E+02,    3.7757068106E+02,    0.0000000000E+00,    0.0000000000E+00,    0.0000000000E+00,    3.7757068106E+02
    209250,      0.676966,CP1_after_deposition,   1,    0.0000000000E+00,    3.7757068106E+02,    3.7757068106E+02,    0.0000000000E+00,    0.0000000000E+00,    0.0000000000E+00,    3.7757068106E+02
    209250,      0.676966,CP2_after_erosion,   1,    0.0000000000E+00,    3.7757068106E+02,    3.7757068106E+02,    0.0000000000E+00,    0.0000000000E+00,    0.0000000000E+00,    3.7757068106E+02
    209250,      0.676966,CP3_after_update_bottom,   1,    0.0000000000E+00,    3.7757068106E+02,    3.7757068106E+02,    0.0000000000E+00,    0.0000000000E+00,    0.0000000000E+00,    3.7757068106E+02
    209250,      0.676966,CP4_after_advection,   1,    0.0000000000E+00,    3.7758669672E+02,    3.7758669672E+02,    0.0000000000E+00,    0.0000000000E+00,    0.0000000000E+00,    3.7758669672E+02
    209250,      0.676966,CP5_after_vdif,   1,    0.0000000000E+00,    3.7758669672E+02,    3.7758669672E+02,    0.0000000000E+00,    0.0000000000E+00,    0.0000000000E+00,    3.7758669672E+02
    209250,      0.676966,CP6_after_kinetics,   1,    0.0000000000E+00,    3.7758669672E+02,    3.7758669672E+02,    0.0000000000E+00,    0.0000000000E+00,    0.0000000000E+00,    3.7758669672E+02
    209250,      0.676966,CP7_after_upper_clamp,   1,    0.0000000000E+00,    3.7758669672E+02,    3.7758669672E+02,    0.0000000000E+00,    0.0000000000E+00,    0.0000000000E+00,    3.7758669672E+02
    209250,      0.676966,CP8_after_OBC,   1,    0.0000000000E+00,    3.7758669672E+02,    3.7758669672E+02,    0.0000000000E+00,    0.0000000000E+00,    0.0000000000E+00,    3.7758669672E+02
    209250,      0.676966,CP9_after_PTsource,   1,    0.0000000000E+00,    3.7758669672E+02,    3.7758669672E+02,    0.0000000000E+00,    0.0000000000E+00,    0.0000000000E+00,    3.7758669672E+02
    209250,      0.676966,CP10_after_neg_clamp,   1,    0.0000000000E+00,    3.7758669672E+02,    3.7758669672E+02,    0.0000000000E+00,    0.0000000000E+00,    0.0000000000E+00,    3.7758669672E+02
    209250,      0.676966,CP11_after_MPI,   1,    0.0000000000E+00,    3.7758669672E+02,    3.7758669672E+02,    0.0000000000E+00,    0.0000000000E+00,    0.0000000000E+00,    3.7758669672E+02
    209250,      0.676966,CP12_end,   1,    0.0000000000E+00,    3.7758669672E+02,    3.7758669672E+02,    0.0000000000E+00,    0.0000000000E+00,    0.0000000000E+00,    3.7758669672E+02
    209300,      0.676966,CP0_start,   1,    0.0000000000E+00,    3.7778408037E+02,    3.7778408037E+02,    0.0000000000E+00,    0.0000000000E+00,    0.0000000000E+00,    3.7778408037E+02
    209300,      0.676966,CP1_after_deposition,   1,    0.0000000000E+00,    3.7778408037E+02,    3.7778408037E+02,    0.0000000000E+00,    0.0000000000E+00,    0.0000000000E+00,    3.7778408037E+02
    209300,      0.676966,CP2_after_erosion,   1,    0.0000000000E+00,    3.7778408037E+02,    3.7778408037E+02,    0.0000000000E+00,    0.0000000000E+00,    0.0000000000E+00,    3.7778408037E+02
    209300,      0.676966,CP3_after_update_bottom,   1,    0.0000000000E+00,    3.7778408037E+02,    3.7778408037E+02,    0.0000000000E+00,    0.0000000000E+00,    0.0000000000E+00,    3.7778408037E+02
    209300,      0.676966,CP4_after_advection,   1,    0.0000000000E+00,    3.7780025182E+02,    3.7780025182E+02,    0.0000000000E+00,    0.0000000000E+00,    0.0000000000E+00,    3.7780025182E+02
    209300,      0.676966,CP5_after_vdif,   1,    0.0000000000E+00,    3.7780025182E+02,    3.7780025182E+02,    0.0000000000E+00,    0.0000000000E+00,    0.0000000000E+00,    3.7780025182E+02
    209300,      0.676966,CP6_after_kinetics,   1,    0.0000000000E+00,    3.7780025182E+02,    3.7780025182E+02,    0.0000000000E+00,    0.0000000000E+00,    0.0000000000E+00,    3.7780025182E+02
    209300,      0.676966,CP7_after_upper_clamp,   1,    0.0000000000E+00,    3.7780025182E+02,    3.7780025182E+02,    0.0000000000E+00,    0.0000000000E+00,    0.0000000000E+00,    3.7780025182E+02
    209300,      0.676966,CP8_after_OBC,   1,    0.0000000000E+00,    3.7780025182E+02,    3.7780025182E+02,    0.0000000000E+00,    0.0000000000E+00,    0.0000000000E+00,    3.7780025182E+02
    209300,      0.676966,CP9_after_PTsource,   1,    0.0000000000E+00,    3.7780025182E+02,    3.7780025182E+02,    0.0000000000E+00,    0.0000000000E+00,    0.0000000000E+00,    3.7780025182E+02
    209300,      0.676966,CP10_after_neg_clamp,   1,    0.0000000000E+00,    3.7780025182E+02,    3.7780025182E+02,    0.0000000000E+00,    0.0000000000E+00,    0.0000000000E+00,    3.7780025182E+02
    209300,      0.676966,CP11_after_MPI,   1,    0.0000000000E+00,    3.7780025182E+02,    3.7780025182E+02,    0.0000000000E+00,    0.0000000000E+00,    0.0000000000E+00,    3.7780025182E+02
    209300,      0.676966,CP12_end,   1,    0.0000000000E+00,    3.7780025182E+02,    3.7780025182E+02,    0.0000000000E+00,    0.0000000000E+00,    0.0000000000E+00,    3.7780025182E+02
    209350,      0.676966,CP0_start,   1,    0.0000000000E+00,    3.7799791719E+02,    3.7799791719E+02,    0.0000000000E+00,    0.0000000000E+00,    0.0000000000E+00,    3.7799791719E+02
    209350,      0.676966,CP1_after_deposition,   1,    0.0000000000E+00,    3.7799791719E+02,    3.7799791719E+02,    0.0000000000E+00,    0.0000000000E+00,    0.0000000000E+00,    3.7799791719E+02
    209350,      0.676966,CP2_after_erosion,   1,    0.0000000000E+00,    3.7799791719E+02,    3.7799791719E+02,    0.0000000000E+00,    0.0000000000E+00,    0.0000000000E+00,    3.7799791719E+02
    209350,      0.676966,CP3_after_update_bottom,   1,    0.0000000000E+00,    3.7799791719E+02,    3.7799791719E+02,    0.0000000000E+00,    0.0000000000E+00,    0.0000000000E+00,    3.7799791719E+02
    209350,      0.676966,CP4_after_advection,   1,    0.0000000000E+00,    3.7801424642E+02,    3.7801424642E+02,    0.0000000000E+00,    0.0000000000E+00,    0.0000000000E+00,    3.7801424642E+02
    209350,      0.676966,CP5_after_vdif,   1,    0.0000000000E+00,    3.7801424642E+02,    3.7801424642E+02,    0.0000000000E+00,    0.0000000000E+00,    0.0000000000E+00,    3.7801424642E+02
    209350,      0.676966,CP6_after_kinetics,   1,    0.0000000000E+00,    3.7801424642E+02,    3.7801424642E+02,    0.0000000000E+00,    0.0000000000E+00,    0.0000000000E+00,    3.7801424642E+02
    209350,      0.676966,CP7_after_upper_clamp,   1,    0.0000000000E+00,    3.7801424642E+02,    3.7801424642E+02,    0.0000000000E+00,    0.0000000000E+00,    0.0000000000E+00,    3.7801424642E+02
    209350,      0.676966,CP8_after_OBC,   1,    0.0000000000E+00,    3.7801424642E+02,    3.7801424642E+02,    0.0000000000E+00,    0.0000000000E+00,    0.0000000000E+00,    3.7801424642E+02
    209350,      0.676966,CP9_after_PTsource,   1,    0.0000000000E+00,    3.7801424642E+02,    3.7801424642E+02,    0.0000000000E+00,    0.0000000000E+00,    0.0000000000E+00,    3.7801424642E+02
    209350,      0.676966,CP10_after_neg_clamp,   1,    0.0000000000E+00,    3.7801424642E+02,    3.7801424642E+02,    0.0000000000E+00,    0.0000000000E+00,    0.0000000000E+00,    3.7801424642E+02
    209350,      0.676966,CP11_after_MPI,   1,    0.0000000000E+00,    3.7801424642E+02,    3.7801424642E+02,    0.0000000000E+00,    0.0000000000E+00,    0.0000000000E+00,    3.7801424642E+02
    209350,      0.676966,CP12_end,   1,    0.0000000000E+00,    3.7801424642E+02,    3.7801424642E+02,    0.0000000000E+00,    0.0000000000E+00,    0.0000000000E+00,    3.7801424642E+02
    209400,      0.676966,CP0_start,   1,    0.0000000000E+00,    3.7821162495E+02,    3.7821162495E+02,    0.0000000000E+00,    0.0000000000E+00,    0.0000000000E+00,    3.7821162495E+02
    209400,      0.676966,CP1_after_deposition,   1,    0.0000000000E+00,    3.7821162495E+02,    3.7821162495E+02,    0.0000000000E+00,    0.0000000000E+00,    0.0000000000E+00,    3.7821162495E+02
    209400,      0.676966,CP2_after_erosion,   1,    0.0000000000E+00,    3.7821162495E+02,    3.7821162495E+02,    0.0000000000E+00,    0.0000000000E+00,    0.0000000000E+00,    3.7821162495E+02
    209400,      0.676966,CP3_after_update_bottom,   1,    0.0000000000E+00,    3.7821162495E+02,    3.7821162495E+02,    0.0000000000E+00,    0.0000000000E+00,    0.0000000000E+00,    3.7821162495E+02
    209400,      0.676966,CP4_after_advection,   1,    0.0000000000E+00,    3.7822809860E+02,    3.7822809860E+02,    0.0000000000E+00,    0.0000000000E+00,    0.0000000000E+00,    3.7822809860E+02
    209400,      0.676966,CP5_after_vdif,   1,    0.0000000000E+00,    3.7822809860E+02,    3.7822809860E+02,    0.0000000000E+00,    0.0000000000E+00,    0.0000000000E+00,    3.7822809860E+02
    209400,      0.676966,CP6_after_kinetics,   1,    0.0000000000E+00,    3.7822809860E+02,    3.7822809860E+02,    0.0000000000E+00,    0.0000000000E+00,    0.0000000000E+00,    3.7822809860E+02
    209400,      0.676966,CP7_after_upper_clamp,   1,    0.0000000000E+00,    3.7822809860E+02,    3.7822809860E+02,    0.0000000000E+00,    0.0000000000E+00,    0.0000000000E+00,    3.7822809860E+02
    209400,      0.676966,CP8_after_OBC,   1,    0.0000000000E+00,    3.7822809860E+02,    3.7822809860E+02,    0.0000000000E+00,    0.0000000000E+00,    0.0000000000E+00,    3.7822809860E+02
    209400,      0.676966,CP9_after_PTsource,   1,    0.0000000000E+00,    3.7822809860E+02,    3.7822809860E+02,    0.0000000000E+00,    0.0000000000E+00,    0.0000000000E+00,    3.7822809860E+02
    209400,      0.676966,CP10_after_neg_clamp,   1,    0.0000000000E+00,    3.7822809860E+02,    3.7822809860E+02,    0.0000000000E+00,    0.0000000000E+00,    0.0000000000E+00,    3.7822809860E+02
    209400,      0.676966,CP11_after_MPI,   1,    0.0000000000E+00,    3.7822809860E+02,    3.7822809860E+02,    0.0000000000E+00,    0.0000000000E+00,    0.0000000000E+00,    3.7822809860E+02
    209400,      0.676966,CP12_end,   1,    0.0000000000E+00,    3.7822809860E+02,    3.7822809860E+02,    0.0000000000E+00,    0.0000000000E+00,    0.0000000000E+00,    3.7822809860E+02
    209450,      0.676966,CP0_start,   1,    0.0000000000E+00,    3.7842426658E+02,    3.7842426658E+02,    0.0000000000E+00,    0.0000000000E+00,    0.0000000000E+00,    3.7842426658E+02
    209450,      0.676966,CP1_after_deposition,   1,    0.0000000000E+00,    3.7842426658E+02,    3.7842426658E+02,    0.0000000000E+00,    0.0000000000E+00,    0.0000000000E+00,    3.7842426658E+02
    209450,      0.676966,CP2_after_erosion,   1,    0.0000000000E+00,    3.7842426658E+02,    3.7842426658E+02,    0.0000000000E+00,    0.0000000000E+00,    0.0000000000E+00,    3.7842426658E+02
    209450,      0.676966,CP3_after_update_bottom,   1,    0.0000000000E+00,    3.7842426658E+02,    3.7842426658E+02,    0.0000000000E+00,    0.0000000000E+00,    0.0000000000E+00,    3.7842426658E+02
    209450,      0.676966,CP4_after_advection,   1,    0.0000000000E+00,    3.7844085485E+02,    3.7844085485E+02,    0.0000000000E+00,    0.0000000000E+00,    0.0000000000E+00,    3.7844085485E+02
    209450,      0.676966,CP5_after_vdif,   1,    0.0000000000E+00,    3.7844085485E+02,    3.7844085485E+02,    0.0000000000E+00,    0.0000000000E+00,    0.0000000000E+00,    3.7844085485E+02
    209450,      0.676966,CP6_after_kinetics,   1,    0.0000000000E+00,    3.7844085485E+02,    3.7844085485E+02,    0.0000000000E+00,    0.0000000000E+00,    0.0000000000E+00,    3.7844085485E+02
    209450,      0.676966,CP7_after_upper_clamp,   1,    0.0000000000E+00,    3.7844085485E+02,    3.7844085485E+02,    0.0000000000E+00,    0.0000000000E+00,    0.0000000000E+00,    3.7844085485E+02
    209450,      0.676966,CP8_after_OBC,   1,    0.0000000000E+00,    3.7844085485E+02,    3.7844085485E+02,    0.0000000000E+00,    0.0000000000E+00,    0.0000000000E+00,    3.7844085485E+02
    209450,      0.676966,CP9_after_PTsource,   1,    0.0000000000E+00,    3.7844085485E+02,    3.7844085485E+02,    0.0000000000E+00,    0.0000000000E+00,    0.0000000000E+00,    3.7844085485E+02
    209450,      0.676966,CP10_after_neg_clamp,   1,    0.0000000000E+00,    3.7844085485E+02,    3.7844085485E+02,    0.0000000000E+00,    0.0000000000E+00,    0.0000000000E+00,    3.7844085485E+02
    209450,      0.676966,CP11_after_MPI,   1,    0.0000000000E+00,    3.7844085485E+02,    3.7844085485E+02,    0.0000000000E+00,    0.0000000000E+00,    0.0000000000E+00,    3.7844085485E+02
    209450,      0.676966,CP12_end,   1,    0.0000000000E+00,    3.7844085485E+02,    3.7844085485E+02,    0.0000000000E+00,    0.0000000000E+00,    0.0000000000E+00,    3.7844085485E+02
    209500,      0.676966,CP0_start,   1,    0.0000000000E+00,    3.7863499406E+02,    3.7863499406E+02,    0.0000000000E+00,    0.0000000000E+00,    0.0000000000E+00,    3.7863499406E+02
    209500,      0.676966,CP1_after_deposition,   1,    0.0000000000E+00,    3.7863499406E+02,    3.7863499406E+02,    0.0000000000E+00,    0.0000000000E+00,    0.0000000000E+00,    3.7863499406E+02
    209500,      0.676966,CP2_after_erosion,   1,    0.0000000000E+00,    3.7863499406E+02,    3.7863499406E+02,    0.0000000000E+00,    0.0000000000E+00,    0.0000000000E+00,    3.7863499406E+02
    209500,      0.676966,CP3_after_update_bottom,   1,    0.0000000000E+00,    3.7863499406E+02,    3.7863499406E+02,    0.0000000000E+00,    0.0000000000E+00,    0.0000000000E+00,    3.7863499406E+02
    209500,      0.676966,CP4_after_advection,   1,    0.0000000000E+00,    3.7865166562E+02,    3.7865166562E+02,    0.0000000000E+00,    0.0000000000E+00,    0.0000000000E+00,    3.7865166562E+02
    209500,      0.676966,CP5_after_vdif,   1,    0.0000000000E+00,    3.7865166562E+02,    3.7865166562E+02,    0.0000000000E+00,    0.0000000000E+00,    0.0000000000E+00,    3.7865166562E+02
    209500,      0.676966,CP6_after_kinetics,   1,    0.0000000000E+00,    3.7865166562E+02,    3.7865166562E+02,    0.0000000000E+00,    0.0000000000E+00,    0.0000000000E+00,    3.7865166562E+02
    209500,      0.676966,CP7_after_upper_clamp,   1,    0.0000000000E+00,    3.7865166562E+02,    3.7865166562E+02,    0.0000000000E+00,    0.0000000000E+00,    0.0000000000E+00,    3.7865166562E+02
    209500,      0.676966,CP8_after_OBC,   1,    0.0000000000E+00,    3.7865166562E+02,    3.7865166562E+02,    0.0000000000E+00,    0.0000000000E+00,    0.0000000000E+00,    3.7865166562E+02
    209500,      0.676966,CP9_after_PTsource,   1,    0.0000000000E+00,    3.7865166562E+02,    3.7865166562E+02,    0.0000000000E+00,    0.0000000000E+00,    0.0000000000E+00,    3.7865166562E+02
    209500,      0.676966,CP10_after_neg_clamp,   1,    0.0000000000E+00,    3.7865166562E+02,    3.7865166562E+02,    0.0000000000E+00,    0.0000000000E+00,    0.0000000000E+00,    3.7865166562E+02
    209500,      0.676966,CP11_after_MPI,   1,    0.0000000000E+00,    3.7865166562E+02,    3.7865166562E+02,    0.0000000000E+00,    0.0000000000E+00,    0.0000000000E+00,    3.7865166562E+02
    209500,      0.676966,CP12_end,   1,    0.0000000000E+00,    3.7865166562E+02,    3.7865166562E+02,    0.0000000000E+00,    0.0000000000E+00,    0.0000000000E+00,    3.7865166562E+02
    209550,      0.676966,CP0_start,   1,    0.0000000000E+00,    3.7884296929E+02,    3.7884296929E+02,    0.0000000000E+00,    0.0000000000E+00,    0.0000000000E+00,    3.7884296929E+02
    209550,      0.676966,CP1_after_deposition,   1,    0.0000000000E+00,    3.7884296929E+02,    3.7884296929E+02,    0.0000000000E+00,    0.0000000000E+00,    0.0000000000E+00,    3.7884296929E+02
    209550,      0.676966,CP2_after_erosion,   1,    0.0000000000E+00,    3.7884296929E+02,    3.7884296929E+02,    0.0000000000E+00,    0.0000000000E+00,    0.0000000000E+00,    3.7884296929E+02
    209550,      0.676966,CP3_after_update_bottom,   1,    0.0000000000E+00,    3.7884296929E+02,    3.7884296929E+02,    0.0000000000E+00,    0.0000000000E+00,    0.0000000000E+00,    3.7884296929E+02
    209550,      0.676966,CP4_after_advection,   1,    0.0000000000E+00,    3.7885971145E+02,    3.7885971145E+02,    0.0000000000E+00,    0.0000000000E+00,    0.0000000000E+00,    3.7885971145E+02
    209550,      0.676966,CP5_after_vdif,   1,    0.0000000000E+00,    3.7885971145E+02,    3.7885971145E+02,    0.0000000000E+00,    0.0000000000E+00,    0.0000000000E+00,    3.7885971145E+02
    209550,      0.676966,CP6_after_kinetics,   1,    0.0000000000E+00,    3.7885971145E+02,    3.7885971145E+02,    0.0000000000E+00,    0.0000000000E+00,    0.0000000000E+00,    3.7885971145E+02
    209550,      0.676966,CP7_after_upper_clamp,   1,    0.0000000000E+00,    3.7885971145E+02,    3.7885971145E+02,    0.0000000000E+00,    0.0000000000E+00,    0.0000000000E+00,    3.7885971145E+02
    209550,      0.676966,CP8_after_OBC,   1,    0.0000000000E+00,    3.7885971145E+02,    3.7885971145E+02,    0.0000000000E+00,    0.0000000000E+00,    0.0000000000E+00,    3.7885971145E+02
    209550,      0.676966,CP9_after_PTsource,   1,    0.0000000000E+00,    3.7885971145E+02,    3.7885971145E+02,    0.0000000000E+00,    0.0000000000E+00,    0.0000000000E+00,    3.7885971145E+02
    209550,      0.676966,CP10_after_neg_clamp,   1,    0.0000000000E+00,    3.7885971145E+02,    3.7885971145E+02,    0.0000000000E+00,    0.0000000000E+00,    0.0000000000E+00,    3.7885971145E+02
    209550,      0.676966,CP11_after_MPI,   1,    0.0000000000E+00,    3.7885971145E+02,    3.7885971145E+02,    0.0000000000E+00,    0.0000000000E+00,    0.0000000000E+00,    3.7885971145E+02
    209550,      0.676966,CP12_end,   1,    0.0000000000E+00,    3.7885971145E+02,    3.7885971145E+02,    0.0000000000E+00,    0.0000000000E+00,    0.0000000000E+00,    3.7885971145E+02
    209600,      0.676966,CP0_start,   1,    0.0000000000E+00,    3.7904754210E+02,    3.7904754210E+02,    0.0000000000E+00,    0.0000000000E+00,    0.0000000000E+00,    3.7904754210E+02
    209600,      0.676966,CP1_after_deposition,   1,    0.0000000000E+00,    3.7904754210E+02,    3.7904754210E+02,    0.0000000000E+00,    0.0000000000E+00,    0.0000000000E+00,    3.7904754210E+02
    209600,      0.676966,CP2_after_erosion,   1,    0.0000000000E+00,    3.7904754210E+02,    3.7904754210E+02,    0.0000000000E+00,    0.0000000000E+00,    0.0000000000E+00,    3.7904754210E+02
    209600,      0.676966,CP3_after_update_bottom,   1,    0.0000000000E+00,    3.7904754210E+02,    3.7904754210E+02,    0.0000000000E+00,    0.0000000000E+00,    0.0000000000E+00,    3.7904754210E+02
    209600,      0.676966,CP4_after_advection,   1,    0.0000000000E+00,    3.7906433682E+02,    3.7906433682E+02,    0.0000000000E+00,    0.0000000000E+00,    0.0000000000E+00,    3.7906433682E+02
    209600,      0.676966,CP5_after_vdif,   1,    0.0000000000E+00,    3.7906433682E+02,    3.7906433682E+02,    0.0000000000E+00,    0.0000000000E+00,    0.0000000000E+00,    3.7906433682E+02
    209600,      0.676966,CP6_after_kinetics,   1,    0.0000000000E+00,    3.7906433682E+02,    3.7906433682E+02,    0.0000000000E+00,    0.0000000000E+00,    0.0000000000E+00,    3.7906433682E+02
    209600,      0.676966,CP7_after_upper_clamp,   1,    0.0000000000E+00,    3.7906433682E+02,    3.7906433682E+02,    0.0000000000E+00,    0.0000000000E+00,    0.0000000000E+00,    3.7906433682E+02
    209600,      0.676966,CP8_after_OBC,   1,    0.0000000000E+00,    3.7906433682E+02,    3.7906433682E+02,    0.0000000000E+00,    0.0000000000E+00,    0.0000000000E+00,    3.7906433682E+02
    209600,      0.676966,CP9_after_PTsource,   1,    0.0000000000E+00,    3.7906433682E+02,    3.7906433682E+02,    0.0000000000E+00,    0.0000000000E+00,    0.0000000000E+00,    3.7906433682E+02
    209600,      0.676966,CP10_after_neg_clamp,   1,    0.0000000000E+00,    3.7906433682E+02,    3.7906433682E+02,    0.0000000000E+00,    0.0000000000E+00,    0.0000000000E+00,    3.7906433682E+02
    209600,      0.676966,CP11_after_MPI,   1,    0.0000000000E+00,    3.7906433682E+02,    3.7906433682E+02,    0.0000000000E+00,    0.0000000000E+00,    0.0000000000E+00,    3.7906433682E+02
    209600,      0.676966,CP12_end,   1,    0.0000000000E+00,    3.7906433682E+02,    3.7906433682E+02,    0.0000000000E+00,    0.0000000000E+00,    0.0000000000E+00,    3.7906433682E+02
    209650,      0.676966,CP0_start,   1,    0.0000000000E+00,    3.7924884936E+02,    3.7924884936E+02,    0.0000000000E+00,    0.0000000000E+00,    0.0000000000E+00,    3.7924884936E+02
    209650,      0.676966,CP1_after_deposition,   1,    0.0000000000E+00,    3.7924884936E+02,    3.7924884936E+02,    0.0000000000E+00,    0.0000000000E+00,    0.0000000000E+00,    3.7924884936E+02
    209650,      0.676966,CP2_after_erosion,   1,    0.0000000000E+00,    3.7924884936E+02,    3.7924884936E+02,    0.0000000000E+00,    0.0000000000E+00,    0.0000000000E+00,    3.7924884936E+02
    209650,      0.676966,CP3_after_update_bottom,   1,    0.0000000000E+00,    3.7924884936E+02,    3.7924884936E+02,    0.0000000000E+00,    0.0000000000E+00,    0.0000000000E+00,    3.7924884936E+02
    209650,      0.676966,CP4_after_advection,   1,    0.0000000000E+00,    3.7926570337E+02,    3.7926570337E+02,    0.0000000000E+00,    0.0000000000E+00,    0.0000000000E+00,    3.7926570337E+02
    209650,      0.676966,CP5_after_vdif,   1,    0.0000000000E+00,    3.7926570337E+02,    3.7926570337E+02,    0.0000000000E+00,    0.0000000000E+00,    0.0000000000E+00,    3.7926570337E+02
    209650,      0.676966,CP6_after_kinetics,   1,    0.0000000000E+00,    3.7926570337E+02,    3.7926570337E+02,    0.0000000000E+00,    0.0000000000E+00,    0.0000000000E+00,    3.7926570337E+02
    209650,      0.676966,CP7_after_upper_clamp,   1,    0.0000000000E+00,    3.7926570337E+02,    3.7926570337E+02,    0.0000000000E+00,    0.0000000000E+00,    0.0000000000E+00,    3.7926570337E+02
    209650,      0.676966,CP8_after_OBC,   1,    0.0000000000E+00,    3.7926570337E+02,    3.7926570337E+02,    0.0000000000E+00,    0.0000000000E+00,    0.0000000000E+00,    3.7926570337E+02
    209650,      0.676966,CP9_after_PTsource,   1,    0.0000000000E+00,    3.7926570337E+02,    3.7926570337E+02,    0.0000000000E+00,    0.0000000000E+00,    0.0000000000E+00,    3.7926570337E+02
    209650,      0.676966,CP10_after_neg_clamp,   1,    0.0000000000E+00,    3.7926570337E+02,    3.7926570337E+02,    0.0000000000E+00,    0.0000000000E+00,    0.0000000000E+00,    3.7926570337E+02
    209650,      0.676966,CP11_after_MPI,   1,    0.0000000000E+00,    3.7926570337E+02,    3.7926570337E+02,    0.0000000000E+00,    0.0000000000E+00,    0.0000000000E+00,    3.7926570337E+02
    209650,      0.676966,CP12_end,   1,    0.0000000000E+00,    3.7926570337E+02,    3.7926570337E+02,    0.0000000000E+00,    0.0000000000E+00,    0.0000000000E+00,    3.7926570337E+02
    209700,      0.676966,CP0_start,   1,    0.0000000000E+00,    3.7944837874E+02,    3.7944837874E+02,    0.0000000000E+00,    0.0000000000E+00,    0.0000000000E+00,    3.7944837874E+02
    209700,      0.676966,CP1_after_deposition,   1,    0.0000000000E+00,    3.7944837874E+02,    3.7944837874E+02,    0.0000000000E+00,    0.0000000000E+00,    0.0000000000E+00,    3.7944837874E+02
    209700,      0.676966,CP2_after_erosion,   1,    0.0000000000E+00,    3.7944837874E+02,    3.7944837874E+02,    0.0000000000E+00,    0.0000000000E+00,    0.0000000000E+00,    3.7944837874E+02
    209700,      0.676966,CP3_after_update_bottom,   1,    0.0000000000E+00,    3.7944837874E+02,    3.7944837874E+02,    0.0000000000E+00,    0.0000000000E+00,    0.0000000000E+00,    3.7944837874E+02
    209700,      0.676966,CP4_after_advection,   1,    0.0000000000E+00,    3.7946531807E+02,    3.7946531807E+02,    0.0000000000E+00,    0.0000000000E+00,    0.0000000000E+00,    3.7946531807E+02
    209700,      0.676966,CP5_after_vdif,   1,    0.0000000000E+00,    3.7946531807E+02,    3.7946531807E+02,    0.0000000000E+00,    0.0000000000E+00,    0.0000000000E+00,    3.7946531807E+02
    209700,      0.676966,CP6_after_kinetics,   1,    0.0000000000E+00,    3.7946531807E+02,    3.7946531807E+02,    0.0000000000E+00,    0.0000000000E+00,    0.0000000000E+00,    3.7946531807E+02
    209700,      0.676966,CP7_after_upper_clamp,   1,    0.0000000000E+00,    3.7946531807E+02,    3.7946531807E+02,    0.0000000000E+00,    0.0000000000E+00,    0.0000000000E+00,    3.7946531807E+02
    209700,      0.676966,CP8_after_OBC,   1,    0.0000000000E+00,    3.7946531807E+02,    3.7946531807E+02,    0.0000000000E+00,    0.0000000000E+00,    0.0000000000E+00,    3.7946531807E+02
    209700,      0.676966,CP9_after_PTsource,   1,    0.0000000000E+00,    3.7946531807E+02,    3.7946531807E+02,    0.0000000000E+00,    0.0000000000E+00,    0.0000000000E+00,    3.7946531807E+02
    209700,      0.676966,CP10_after_neg_clamp,   1,    0.0000000000E+00,    3.7946531807E+02,    3.7946531807E+02,    0.0000000000E+00,    0.0000000000E+00,    0.0000000000E+00,    3.7946531807E+02
    209700,      0.676966,CP11_after_MPI,   1,    0.0000000000E+00,    3.7946531807E+02,    3.7946531807E+02,    0.0000000000E+00,    0.0000000000E+00,    0.0000000000E+00,    3.7946531807E+02
    209700,      0.676966,CP12_end,   1,    0.0000000000E+00,    3.7946531807E+02,    3.7946531807E+02,    0.0000000000E+00,    0.0000000000E+00,    0.0000000000E+00,    3.7946531807E+02
    209750,      0.676966,CP0_start,   1,    0.0000000000E+00,    3.7964824806E+02,    3.7964824806E+02,    0.0000000000E+00,    0.0000000000E+00,    0.0000000000E+00,    3.7964824806E+02
    209750,      0.676966,CP1_after_deposition,   1,    0.0000000000E+00,    3.7964824806E+02,    3.7964824806E+02,    0.0000000000E+00,    0.0000000000E+00,    0.0000000000E+00,    3.7964824806E+02
    209750,      0.676966,CP2_after_erosion,   1,    0.0000000000E+00,    3.7964824806E+02,    3.7964824806E+02,    0.0000000000E+00,    0.0000000000E+00,    0.0000000000E+00,    3.7964824806E+02
    209750,      0.676966,CP3_after_update_bottom,   1,    0.0000000000E+00,    3.7964824806E+02,    3.7964824806E+02,    0.0000000000E+00,    0.0000000000E+00,    0.0000000000E+00,    3.7964824806E+02
    209750,      0.676966,CP4_after_advection,   1,    0.0000000000E+00,    3.7966531682E+02,    3.7966531682E+02,    0.0000000000E+00,    0.0000000000E+00,    0.0000000000E+00,    3.7966531682E+02
    209750,      0.676966,CP5_after_vdif,   1,    0.0000000000E+00,    3.7966531682E+02,    3.7966531682E+02,    0.0000000000E+00,    0.0000000000E+00,    0.0000000000E+00,    3.7966531682E+02
    209750,      0.676966,CP6_after_kinetics,   1,    0.0000000000E+00,    3.7966531682E+02,    3.7966531682E+02,    0.0000000000E+00,    0.0000000000E+00,    0.0000000000E+00,    3.7966531682E+02
    209750,      0.676966,CP7_after_upper_clamp,   1,    0.0000000000E+00,    3.7966531682E+02,    3.7966531682E+02,    0.0000000000E+00,    0.0000000000E+00,    0.0000000000E+00,    3.7966531682E+02
    209750,      0.676966,CP8_after_OBC,   1,    0.0000000000E+00,    3.7966531682E+02,    3.7966531682E+02,    0.0000000000E+00,    0.0000000000E+00,    0.0000000000E+00,    3.7966531682E+02
    209750,      0.676966,CP9_after_PTsource,   1,    0.0000000000E+00,    3.7966531682E+02,    3.7966531682E+02,    0.0000000000E+00,    0.0000000000E+00,    0.0000000000E+00,    3.7966531682E+02
    209750,      0.676966,CP10_after_neg_clamp,   1,    0.0000000000E+00,    3.7966531682E+02,    3.7966531682E+02,    0.0000000000E+00,    0.0000000000E+00,    0.0000000000E+00,    3.7966531682E+02
    209750,      0.676966,CP11_after_MPI,   1,    0.0000000000E+00,    3.7966531682E+02,    3.7966531682E+02,    0.0000000000E+00,    0.0000000000E+00,    0.0000000000E+00,    3.7966531682E+02
    209750,      0.676966,CP12_end,   1,    0.0000000000E+00,    3.7966531682E+02,    3.7966531682E+02,    0.0000000000E+00,    0.0000000000E+00,    0.0000000000E+00,    3.7966531682E+02
    209800,      0.676966,CP0_start,   1,    0.0000000000E+00,    3.7985018784E+02,    3.7985018784E+02,    0.0000000000E+00,    0.0000000000E+00,    0.0000000000E+00,    3.7985018784E+02
    209800,      0.676966,CP1_after_deposition,   1,    0.0000000000E+00,    3.7985018784E+02,    3.7985018784E+02,    0.0000000000E+00,    0.0000000000E+00,    0.0000000000E+00,    3.7985018784E+02
    209800,      0.676966,CP2_after_erosion,   1,    0.0000000000E+00,    3.7985018784E+02,    3.7985018784E+02,    0.0000000000E+00,    0.0000000000E+00,    0.0000000000E+00,    3.7985018784E+02
    209800,      0.676966,CP3_after_update_bottom,   1,    0.0000000000E+00,    3.7985018784E+02,    3.7985018784E+02,    0.0000000000E+00,    0.0000000000E+00,    0.0000000000E+00,    3.7985018784E+02
    209800,      0.676966,CP4_after_advection,   1,    0.0000000000E+00,    3.7986740328E+02,    3.7986740328E+02,    0.0000000000E+00,    0.0000000000E+00,    0.0000000000E+00,    3.7986740328E+02
    209800,      0.676966,CP5_after_vdif,   1,    0.0000000000E+00,    3.7986740328E+02,    3.7986740328E+02,    0.0000000000E+00,    0.0000000000E+00,    0.0000000000E+00,    3.7986740328E+02
    209800,      0.676966,CP6_after_kinetics,   1,    0.0000000000E+00,    3.7986740328E+02,    3.7986740328E+02,    0.0000000000E+00,    0.0000000000E+00,    0.0000000000E+00,    3.7986740328E+02
    209800,      0.676966,CP7_after_upper_clamp,   1,    0.0000000000E+00,    3.7986740328E+02,    3.7986740328E+02,    0.0000000000E+00,    0.0000000000E+00,    0.0000000000E+00,    3.7986740328E+02
    209800,      0.676966,CP8_after_OBC,   1,    0.0000000000E+00,    3.7986740328E+02,    3.7986740328E+02,    0.0000000000E+00,    0.0000000000E+00,    0.0000000000E+00,    3.7986740328E+02
    209800,      0.676966,CP9_after_PTsource,   1,    0.0000000000E+00,    3.7986740328E+02,    3.7986740328E+02,    0.0000000000E+00,    0.0000000000E+00,    0.0000000000E+00,    3.7986740328E+02
    209800,      0.676966,CP10_after_neg_clamp,   1,    0.0000000000E+00,    3.7986740328E+02,    3.7986740328E+02,    0.0000000000E+00,    0.0000000000E+00,    0.0000000000E+00,    3.7986740328E+02
    209800,      0.676966,CP11_after_MPI,   1,    0.0000000000E+00,    3.7986740328E+02,    3.7986740328E+02,    0.0000000000E+00,    0.0000000000E+00,    0.0000000000E+00,    3.7986740328E+02
    209800,      0.676966,CP12_end,   1,    0.0000000000E+00,    3.7986740328E+02,    3.7986740328E+02,    0.0000000000E+00,    0.0000000000E+00,    0.0000000000E+00,    3.7986740328E+02
    209850,      0.676966,CP0_start,   1,    0.0000000000E+00,    3.8005519639E+02,    3.8005519639E+02,    0.0000000000E+00,    0.0000000000E+00,    0.0000000000E+00,    3.8005519639E+02
    209850,      0.676966,CP1_after_deposition,   1,    0.0000000000E+00,    3.8005519639E+02,    3.8005519639E+02,    0.0000000000E+00,    0.0000000000E+00,    0.0000000000E+00,    3.8005519639E+02
    209850,      0.676966,CP2_after_erosion,   1,    0.0000000000E+00,    3.8005519639E+02,    3.8005519639E+02,    0.0000000000E+00,    0.0000000000E+00,    0.0000000000E+00,    3.8005519639E+02
    209850,      0.676966,CP3_after_update_bottom,   1,    0.0000000000E+00,    3.8005519639E+02,    3.8005519639E+02,    0.0000000000E+00,    0.0000000000E+00,    0.0000000000E+00,    3.8005519639E+02
    209850,      0.676966,CP4_after_advection,   1,    0.0000000000E+00,    3.8007256153E+02,    3.8007256153E+02,    0.0000000000E+00,    0.0000000000E+00,    0.0000000000E+00,    3.8007256153E+02
    209850,      0.676966,CP5_after_vdif,   1,    0.0000000000E+00,    3.8007256153E+02,    3.8007256153E+02,    0.0000000000E+00,    0.0000000000E+00,    0.0000000000E+00,    3.8007256153E+02
    209850,      0.676966,CP6_after_kinetics,   1,    0.0000000000E+00,    3.8007256153E+02,    3.8007256153E+02,    0.0000000000E+00,    0.0000000000E+00,    0.0000000000E+00,    3.8007256153E+02
    209850,      0.676966,CP7_after_upper_clamp,   1,    0.0000000000E+00,    3.8007256153E+02,    3.8007256153E+02,    0.0000000000E+00,    0.0000000000E+00,    0.0000000000E+00,    3.8007256153E+02
    209850,      0.676966,CP8_after_OBC,   1,    0.0000000000E+00,    3.8007256153E+02,    3.8007256153E+02,    0.0000000000E+00,    0.0000000000E+00,    0.0000000000E+00,    3.8007256153E+02
    209850,      0.676966,CP9_after_PTsource,   1,    0.0000000000E+00,    3.8007256153E+02,    3.8007256153E+02,    0.0000000000E+00,    0.0000000000E+00,    0.0000000000E+00,    3.8007256153E+02
    209850,      0.676966,CP10_after_neg_clamp,   1,    0.0000000000E+00,    3.8007256153E+02,    3.8007256153E+02,    0.0000000000E+00,    0.0000000000E+00,    0.0000000000E+00,    3.8007256153E+02
    209850,      0.676966,CP11_after_MPI,   1,    0.0000000000E+00,    3.8007256153E+02,    3.8007256153E+02,    0.0000000000E+00,    0.0000000000E+00,    0.0000000000E+00,    3.8007256153E+02
    209850,      0.676966,CP12_end,   1,    0.0000000000E+00,    3.8007256153E+02,    3.8007256153E+02,    0.0000000000E+00,    0.0000000000E+00,    0.0000000000E+00,    3.8007256153E+02
    209900,      0.676966,CP0_start,   1,    0.0000000000E+00,    3.8026349611E+02,    3.8026349611E+02,    0.0000000000E+00,    0.0000000000E+00,    0.0000000000E+00,    3.8026349611E+02
    209900,      0.676966,CP1_after_deposition,   1,    0.0000000000E+00,    3.8026349611E+02,    3.8026349611E+02,    0.0000000000E+00,    0.0000000000E+00,    0.0000000000E+00,    3.8026349611E+02
    209900,      0.676966,CP2_after_erosion,   1,    0.0000000000E+00,    3.8026349611E+02,    3.8026349611E+02,    0.0000000000E+00,    0.0000000000E+00,    0.0000000000E+00,    3.8026349611E+02
    209900,      0.676966,CP3_after_update_bottom,   1,    0.0000000000E+00,    3.8026349611E+02,    3.8026349611E+02,    0.0000000000E+00,    0.0000000000E+00,    0.0000000000E+00,    3.8026349611E+02
    209900,      0.676966,CP4_after_advection,   1,    0.0000000000E+00,    3.8028101198E+02,    3.8028101198E+02,    0.0000000000E+00,    0.0000000000E+00,    0.0000000000E+00,    3.8028101198E+02
    209900,      0.676966,CP5_after_vdif,   1,    0.0000000000E+00,    3.8028101198E+02,    3.8028101198E+02,    0.0000000000E+00,    0.0000000000E+00,    0.0000000000E+00,    3.8028101198E+02
    209900,      0.676966,CP6_after_kinetics,   1,    0.0000000000E+00,    3.8028101198E+02,    3.8028101198E+02,    0.0000000000E+00,    0.0000000000E+00,    0.0000000000E+00,    3.8028101198E+02
    209900,      0.676966,CP7_after_upper_clamp,   1,    0.0000000000E+00,    3.8028101198E+02,    3.8028101198E+02,    0.0000000000E+00,    0.0000000000E+00,    0.0000000000E+00,    3.8028101198E+02
    209900,      0.676966,CP8_after_OBC,   1,    0.0000000000E+00,    3.8028101198E+02,    3.8028101198E+02,    0.0000000000E+00,    0.0000000000E+00,    0.0000000000E+00,    3.8028101198E+02
    209900,      0.676966,CP9_after_PTsource,   1,    0.0000000000E+00,    3.8028101198E+02,    3.8028101198E+02,    0.0000000000E+00,    0.0000000000E+00,    0.0000000000E+00,    3.8028101198E+02
    209900,      0.676966,CP10_after_neg_clamp,   1,    0.0000000000E+00,    3.8028101198E+02,    3.8028101198E+02,    0.0000000000E+00,    0.0000000000E+00,    0.0000000000E+00,    3.8028101198E+02
    209900,      0.676966,CP11_after_MPI,   1,    0.0000000000E+00,    3.8028101198E+02,    3.8028101198E+02,    0.0000000000E+00,    0.0000000000E+00,    0.0000000000E+00,    3.8028101198E+02
    209900,      0.676966,CP12_end,   1,    0.0000000000E+00,    3.8028101198E+02,    3.8028101198E+02,    0.0000000000E+00,    0.0000000000E+00,    0.0000000000E+00,    3.8028101198E+02
    209950,      0.676966,CP0_start,   1,    0.0000000000E+00,    3.8047526193E+02,    3.8047526193E+02,    0.0000000000E+00,    0.0000000000E+00,    0.0000000000E+00,    3.8047526193E+02
    209950,      0.676966,CP1_after_deposition,   1,    0.0000000000E+00,    3.8047526193E+02,    3.8047526193E+02,    0.0000000000E+00,    0.0000000000E+00,    0.0000000000E+00,    3.8047526193E+02
    209950,      0.676966,CP2_after_erosion,   1,    0.0000000000E+00,    3.8047526193E+02,    3.8047526193E+02,    0.0000000000E+00,    0.0000000000E+00,    0.0000000000E+00,    3.8047526193E+02
    209950,      0.676966,CP3_after_update_bottom,   1,    0.0000000000E+00,    3.8047526193E+02,    3.8047526193E+02,    0.0000000000E+00,    0.0000000000E+00,    0.0000000000E+00,    3.8047526193E+02
    209950,      0.676966,CP4_after_advection,   1,    0.0000000000E+00,    3.8049292335E+02,    3.8049292335E+02,    0.0000000000E+00,    0.0000000000E+00,    0.0000000000E+00,    3.8049292335E+02
    209950,      0.676966,CP5_after_vdif,   1,    0.0000000000E+00,    3.8049292335E+02,    3.8049292335E+02,    0.0000000000E+00,    0.0000000000E+00,    0.0000000000E+00,    3.8049292335E+02
    209950,      0.676966,CP6_after_kinetics,   1,    0.0000000000E+00,    3.8049292335E+02,    3.8049292335E+02,    0.0000000000E+00,    0.0000000000E+00,    0.0000000000E+00,    3.8049292335E+02
    209950,      0.676966,CP7_after_upper_clamp,   1,    0.0000000000E+00,    3.8049292335E+02,    3.8049292335E+02,    0.0000000000E+00,    0.0000000000E+00,    0.0000000000E+00,    3.8049292335E+02
    209950,      0.676966,CP8_after_OBC,   1,    0.0000000000E+00,    3.8049292335E+02,    3.8049292335E+02,    0.0000000000E+00,    0.0000000000E+00,    0.0000000000E+00,    3.8049292335E+02
    209950,      0.676966,CP9_after_PTsource,   1,    0.0000000000E+00,    3.8049292335E+02,    3.8049292335E+02,    0.0000000000E+00,    0.0000000000E+00,    0.0000000000E+00,    3.8049292335E+02
    209950,      0.676966,CP10_after_neg_clamp,   1,    0.0000000000E+00,    3.8049292335E+02,    3.8049292335E+02,    0.0000000000E+00,    0.0000000000E+00,    0.0000000000E+00,    3.8049292335E+02
    209950,      0.676966,CP11_after_MPI,   1,    0.0000000000E+00,    3.8049292335E+02,    3.8049292335E+02,    0.0000000000E+00,    0.0000000000E+00,    0.0000000000E+00,    3.8049292335E+02
    209950,      0.676966,CP12_end,   1,    0.0000000000E+00,    3.8049292335E+02,    3.8049292335E+02,    0.0000000000E+00,    0.0000000000E+00,    0.0000000000E+00,    3.8049292335E+02
    210000,      0.676966,CP0_start,   1,    0.0000000000E+00,    3.8069018463E+02,    3.8069018463E+02,    0.0000000000E+00,    0.0000000000E+00,    0.0000000000E+00,    3.8069018463E+02
    210000,      0.676966,CP1_after_deposition,   1,    0.0000000000E+00,    3.8069018463E+02,    3.8069018463E+02,    0.0000000000E+00,    0.0000000000E+00,    0.0000000000E+00,    3.8069018463E+02
    210000,      0.676966,CP2_after_erosion,   1,    0.0000000000E+00,    3.8069018463E+02,    3.8069018463E+02,    0.0000000000E+00,    0.0000000000E+00,    0.0000000000E+00,    3.8069018463E+02
    210000,      0.676966,CP3_after_update_bottom,   1,    0.0000000000E+00,    3.8069018463E+02,    3.8069018463E+02,    0.0000000000E+00,    0.0000000000E+00,    0.0000000000E+00,    3.8069018463E+02
    210000,      0.676966,CP4_after_advection,   1,    0.0000000000E+00,    3.8070796601E+02,    3.8070796601E+02,    0.0000000000E+00,    0.0000000000E+00,    0.0000000000E+00,    3.8070796601E+02
    210000,      0.676966,CP5_after_vdif,   1,    0.0000000000E+00,    3.8070796601E+02,    3.8070796601E+02,    0.0000000000E+00,    0.0000000000E+00,    0.0000000000E+00,    3.8070796601E+02
    210000,      0.676966,CP6_after_kinetics,   1,    0.0000000000E+00,    3.8070796601E+02,    3.8070796601E+02,    0.0000000000E+00,    0.0000000000E+00,    0.0000000000E+00,    3.8070796601E+02
    210000,      0.676966,CP7_after_upper_clamp,   1,    0.0000000000E+00,    3.8070796601E+02,    3.8070796601E+02,    0.0000000000E+00,    0.0000000000E+00,    0.0000000000E+00,    3.8070796601E+02
    210000,      0.676966,CP8_after_OBC,   1,    0.0000000000E+00,    3.8070796601E+02,    3.8070796601E+02,    0.0000000000E+00,    0.0000000000E+00,    0.0000000000E+00,    3.8070796601E+02
    210000,      0.676966,CP9_after_PTsource,   1,    0.0000000000E+00,    3.8070796601E+02,    3.8070796601E+02,    0.0000000000E+00,    0.0000000000E+00,    0.0000000000E+00,    3.8070796601E+02
    210000,      0.676966,CP10_after_neg_clamp,   1,    0.0000000000E+00,    3.8070796601E+02,    3.8070796601E+02,    0.0000000000E+00,    0.0000000000E+00,    0.0000000000E+00,    3.8070796601E+02
    210000,      0.676966,CP11_after_MPI,   1,    0.0000000000E+00,    3.8070796601E+02,    3.8070796601E+02,    0.0000000000E+00,    0.0000000000E+00,    0.0000000000E+00,    3.8070796601E+02
    210000,      0.676966,CP12_end,   1,    0.0000000000E+00,    3.8070796601E+02,    3.8070796601E+02,    0.0000000000E+00,    0.0000000000E+00,    0.0000000000E+00,    3.8070796601E+02
    210050,      0.676966,CP0_start,   1,    0.0000000000E+00,    3.8090751166E+02,    3.8090751166E+02,    0.0000000000E+00,    0.0000000000E+00,    0.0000000000E+00,    3.8090751166E+02
    210050,      0.676966,CP1_after_deposition,   1,    0.0000000000E+00,    3.8090751166E+02,    3.8090751166E+02,    0.0000000000E+00,    0.0000000000E+00,    0.0000000000E+00,    3.8090751166E+02
    210050,      0.676966,CP2_after_erosion,   1,    0.0000000000E+00,    3.8090751166E+02,    3.8090751166E+02,    0.0000000000E+00,    0.0000000000E+00,    0.0000000000E+00,    3.8090751166E+02
    210050,      0.676966,CP3_after_update_bottom,   1,    0.0000000000E+00,    3.8090751166E+02,    3.8090751166E+02,    0.0000000000E+00,    0.0000000000E+00,    0.0000000000E+00,    3.8090751166E+02
    210050,      0.676966,CP4_after_advection,   1,    0.0000000000E+00,    3.8092538857E+02,    3.8092538857E+02,    0.0000000000E+00,    0.0000000000E+00,    0.0000000000E+00,    3.8092538857E+02
    210050,      0.676966,CP5_after_vdif,   1,    0.0000000000E+00,    3.8092538857E+02,    3.8092538857E+02,    0.0000000000E+00,    0.0000000000E+00,    0.0000000000E+00,    3.8092538857E+02
    210050,      0.676966,CP6_after_kinetics,   1,    0.0000000000E+00,    3.8092538857E+02,    3.8092538857E+02,    0.0000000000E+00,    0.0000000000E+00,    0.0000000000E+00,    3.8092538857E+02
    210050,      0.676966,CP7_after_upper_clamp,   1,    0.0000000000E+00,    3.8092538857E+02,    3.8092538857E+02,    0.0000000000E+00,    0.0000000000E+00,    0.0000000000E+00,    3.8092538857E+02
    210050,      0.676966,CP8_after_OBC,   1,    0.0000000000E+00,    3.8092538857E+02,    3.8092538857E+02,    0.0000000000E+00,    0.0000000000E+00,    0.0000000000E+00,    3.8092538857E+02
    210050,      0.676966,CP9_after_PTsource,   1,    0.0000000000E+00,    3.8092538857E+02,    3.8092538857E+02,    0.0000000000E+00,    0.0000000000E+00,    0.0000000000E+00,    3.8092538857E+02
    210050,      0.676966,CP10_after_neg_clamp,   1,    0.0000000000E+00,    3.8092538857E+02,    3.8092538857E+02,    0.0000000000E+00,    0.0000000000E+00,    0.0000000000E+00,    3.8092538857E+02
    210050,      0.676966,CP11_after_MPI,   1,    0.0000000000E+00,    3.8092538857E+02,    3.8092538857E+02,    0.0000000000E+00,    0.0000000000E+00,    0.0000000000E+00,    3.8092538857E+02
    210050,      0.676966,CP12_end,   1,    0.0000000000E+00,    3.8092538857E+02,    3.8092538857E+02,    0.0000000000E+00,    0.0000000000E+00,    0.0000000000E+00,    3.8092538857E+02
    210100,      0.676966,CP0_start,   1,    0.0000000000E+00,    3.8112626951E+02,    3.8112626951E+02,    0.0000000000E+00,    0.0000000000E+00,    0.0000000000E+00,    3.8112626951E+02
    210100,      0.676966,CP1_after_deposition,   1,    0.0000000000E+00,    3.8112626951E+02,    3.8112626951E+02,    0.0000000000E+00,    0.0000000000E+00,    0.0000000000E+00,    3.8112626951E+02
    210100,      0.676966,CP2_after_erosion,   1,    0.0000000000E+00,    3.8112626951E+02,    3.8112626951E+02,    0.0000000000E+00,    0.0000000000E+00,    0.0000000000E+00,    3.8112626951E+02
    210100,      0.676966,CP3_after_update_bottom,   1,    0.0000000000E+00,    3.8112626951E+02,    3.8112626951E+02,    0.0000000000E+00,    0.0000000000E+00,    0.0000000000E+00,    3.8112626951E+02
    210100,      0.676966,CP4_after_advection,   1,    0.0000000000E+00,    3.8114422140E+02,    3.8114422140E+02,    0.0000000000E+00,    0.0000000000E+00,    0.0000000000E+00,    3.8114422140E+02
    210100,      0.676966,CP5_after_vdif,   1,    0.0000000000E+00,    3.8114422140E+02,    3.8114422140E+02,    0.0000000000E+00,    0.0000000000E+00,    0.0000000000E+00,    3.8114422140E+02
    210100,      0.676966,CP6_after_kinetics,   1,    0.0000000000E+00,    3.8114422140E+02,    3.8114422140E+02,    0.0000000000E+00,    0.0000000000E+00,    0.0000000000E+00,    3.8114422140E+02
    210100,      0.676966,CP7_after_upper_clamp,   1,    0.0000000000E+00,    3.8114422140E+02,    3.8114422140E+02,    0.0000000000E+00,    0.0000000000E+00,    0.0000000000E+00,    3.8114422140E+02
    210100,      0.676966,CP8_after_OBC,   1,    0.0000000000E+00,    3.8114422140E+02,    3.8114422140E+02,    0.0000000000E+00,    0.0000000000E+00,    0.0000000000E+00,    3.8114422140E+02
    210100,      0.676966,CP9_after_PTsource,   1,    0.0000000000E+00,    3.8114422140E+02,    3.8114422140E+02,    0.0000000000E+00,    0.0000000000E+00,    0.0000000000E+00,    3.8114422140E+02
    210100,      0.676966,CP10_after_neg_clamp,   1,    0.0000000000E+00,    3.8114422140E+02,    3.8114422140E+02,    0.0000000000E+00,    0.0000000000E+00,    0.0000000000E+00,    3.8114422140E+02
    210100,      0.676966,CP11_after_MPI,   1,    0.0000000000E+00,    3.8114422140E+02,    3.8114422140E+02,    0.0000000000E+00,    0.0000000000E+00,    0.0000000000E+00,    3.8114422140E+02
    210100,      0.676966,CP12_end,   1,    0.0000000000E+00,    3.8114422140E+02,    3.8114422140E+02,    0.0000000000E+00,    0.0000000000E+00,    0.0000000000E+00,    3.8114422140E+02
    210150,      0.676966,CP0_start,   1,    0.0000000000E+00,    3.8134534674E+02,    3.8134534674E+02,    0.0000000000E+00,    0.0000000000E+00,    0.0000000000E+00,    3.8134534674E+02
    210150,      0.676966,CP1_after_deposition,   1,    0.0000000000E+00,    3.8134534674E+02,    3.8134534674E+02,    0.0000000000E+00,    0.0000000000E+00,    0.0000000000E+00,    3.8134534674E+02
    210150,      0.676966,CP2_after_erosion,   1,    0.0000000000E+00,    3.8134534674E+02,    3.8134534674E+02,    0.0000000000E+00,    0.0000000000E+00,    0.0000000000E+00,    3.8134534674E+02
    210150,      0.676966,CP3_after_update_bottom,   1,    0.0000000000E+00,    3.8134534674E+02,    3.8134534674E+02,    0.0000000000E+00,    0.0000000000E+00,    0.0000000000E+00,    3.8134534674E+02
    210150,      0.676966,CP4_after_advection,   1,    0.0000000000E+00,    3.8136335148E+02,    3.8136335148E+02,    0.0000000000E+00,    0.0000000000E+00,    0.0000000000E+00,    3.8136335148E+02
    210150,      0.676966,CP5_after_vdif,   1,    0.0000000000E+00,    3.8136335148E+02,    3.8136335148E+02,    0.0000000000E+00,    0.0000000000E+00,    0.0000000000E+00,    3.8136335148E+02
    210150,      0.676966,CP6_after_kinetics,   1,    0.0000000000E+00,    3.8136335148E+02,    3.8136335148E+02,    0.0000000000E+00,    0.0000000000E+00,    0.0000000000E+00,    3.8136335148E+02
    210150,      0.676966,CP7_after_upper_clamp,   1,    0.0000000000E+00,    3.8136335148E+02,    3.8136335148E+02,    0.0000000000E+00,    0.0000000000E+00,    0.0000000000E+00,    3.8136335148E+02
    210150,      0.676966,CP8_after_OBC,   1,    0.0000000000E+00,    3.8136335148E+02,    3.8136335148E+02,    0.0000000000E+00,    0.0000000000E+00,    0.0000000000E+00,    3.8136335148E+02
    210150,      0.676966,CP9_after_PTsource,   1,    0.0000000000E+00,    3.8136335148E+02,    3.8136335148E+02,    0.0000000000E+00,    0.0000000000E+00,    0.0000000000E+00,    3.8136335148E+02
    210150,      0.676966,CP10_after_neg_clamp,   1,    0.0000000000E+00,    3.8136335148E+02,    3.8136335148E+02,    0.0000000000E+00,    0.0000000000E+00,    0.0000000000E+00,    3.8136335148E+02
    210150,      0.676966,CP11_after_MPI,   1,    0.0000000000E+00,    3.8136335148E+02,    3.8136335148E+02,    0.0000000000E+00,    0.0000000000E+00,    0.0000000000E+00,    3.8136335148E+02
    210150,      0.676966,CP12_end,   1,    0.0000000000E+00,    3.8136335148E+02,    3.8136335148E+02,    0.0000000000E+00,    0.0000000000E+00,    0.0000000000E+00,    3.8136335148E+02
    210200,      0.676966,CP0_start,   1,    0.0000000000E+00,    3.8156416069E+02,    3.8156416069E+02,    0.0000000000E+00,    0.0000000000E+00,    0.0000000000E+00,    3.8156416069E+02
    210200,      0.676966,CP1_after_deposition,   1,    0.0000000000E+00,    3.8156416069E+02,    3.8156416069E+02,    0.0000000000E+00,    0.0000000000E+00,    0.0000000000E+00,    3.8156416069E+02
    210200,      0.676966,CP2_after_erosion,   1,    0.0000000000E+00,    3.8156416069E+02,    3.8156416069E+02,    0.0000000000E+00,    0.0000000000E+00,    0.0000000000E+00,    3.8156416069E+02
    210200,      0.676966,CP3_after_update_bottom,   1,    0.0000000000E+00,    3.8156416069E+02,    3.8156416069E+02,    0.0000000000E+00,    0.0000000000E+00,    0.0000000000E+00,    3.8156416069E+02
    210200,      0.676966,CP4_after_advection,   1,    0.0000000000E+00,    3.8158218842E+02,    3.8158218842E+02,    0.0000000000E+00,    0.0000000000E+00,    0.0000000000E+00,    3.8158218842E+02
    210200,      0.676966,CP5_after_vdif,   1,    0.0000000000E+00,    3.8158218842E+02,    3.8158218842E+02,    0.0000000000E+00,    0.0000000000E+00,    0.0000000000E+00,    3.8158218842E+02
    210200,      0.676966,CP6_after_kinetics,   1,    0.0000000000E+00,    3.8158218842E+02,    3.8158218842E+02,    0.0000000000E+00,    0.0000000000E+00,    0.0000000000E+00,    3.8158218842E+02
    210200,      0.676966,CP7_after_upper_clamp,   1,    0.0000000000E+00,    3.8158218842E+02,    3.8158218842E+02,    0.0000000000E+00,    0.0000000000E+00,    0.0000000000E+00,    3.8158218842E+02
    210200,      0.676966,CP8_after_OBC,   1,    0.0000000000E+00,    3.8158218842E+02,    3.8158218842E+02,    0.0000000000E+00,    0.0000000000E+00,    0.0000000000E+00,    3.8158218842E+02
    210200,      0.676966,CP9_after_PTsource,   1,    0.0000000000E+00,    3.8158218842E+02,    3.8158218842E+02,    0.0000000000E+00,    0.0000000000E+00,    0.0000000000E+00,    3.8158218842E+02
    210200,      0.676966,CP10_after_neg_clamp,   1,    0.0000000000E+00,    3.8158218842E+02,    3.8158218842E+02,    0.0000000000E+00,    0.0000000000E+00,    0.0000000000E+00,    3.8158218842E+02
    210200,      0.676966,CP11_after_MPI,   1,    0.0000000000E+00,    3.8158218842E+02,    3.8158218842E+02,    0.0000000000E+00,    0.0000000000E+00,    0.0000000000E+00,    3.8158218842E+02
    210200,      0.676966,CP12_end,   1,    0.0000000000E+00,    3.8158218842E+02,    3.8158218842E+02,    0.0000000000E+00,    0.0000000000E+00,    0.0000000000E+00,    3.8158218842E+02
    210250,      0.676966,CP0_start,   1,    0.0000000000E+00,    3.8178225340E+02,    3.8178225340E+02,    0.0000000000E+00,    0.0000000000E+00,    0.0000000000E+00,    3.8178225340E+02
    210250,      0.676966,CP1_after_deposition,   1,    0.0000000000E+00,    3.8178225340E+02,    3.8178225340E+02,    0.0000000000E+00,    0.0000000000E+00,    0.0000000000E+00,    3.8178225340E+02
    210250,      0.676966,CP2_after_erosion,   1,    0.0000000000E+00,    3.8178225340E+02,    3.8178225340E+02,    0.0000000000E+00,    0.0000000000E+00,    0.0000000000E+00,    3.8178225340E+02
    210250,      0.676966,CP3_after_update_bottom,   1,    0.0000000000E+00,    3.8178225340E+02,    3.8178225340E+02,    0.0000000000E+00,    0.0000000000E+00,    0.0000000000E+00,    3.8178225340E+02
    210250,      0.676966,CP4_after_advection,   1,    0.0000000000E+00,    3.8180029661E+02,    3.8180029661E+02,    0.0000000000E+00,    0.0000000000E+00,    0.0000000000E+00,    3.8180029661E+02
    210250,      0.676966,CP5_after_vdif,   1,    0.0000000000E+00,    3.8180029661E+02,    3.8180029661E+02,    0.0000000000E+00,    0.0000000000E+00,    0.0000000000E+00,    3.8180029661E+02
    210250,      0.676966,CP6_after_kinetics,   1,    0.0000000000E+00,    3.8180029661E+02,    3.8180029661E+02,    0.0000000000E+00,    0.0000000000E+00,    0.0000000000E+00,    3.8180029661E+02
    210250,      0.676966,CP7_after_upper_clamp,   1,    0.0000000000E+00,    3.8180029661E+02,    3.8180029661E+02,    0.0000000000E+00,    0.0000000000E+00,    0.0000000000E+00,    3.8180029661E+02
    210250,      0.676966,CP8_after_OBC,   1,    0.0000000000E+00,    3.8180029661E+02,    3.8180029661E+02,    0.0000000000E+00,    0.0000000000E+00,    0.0000000000E+00,    3.8180029661E+02
    210250,      0.676966,CP9_after_PTsource,   1,    0.0000000000E+00,    3.8180029661E+02,    3.8180029661E+02,    0.0000000000E+00,    0.0000000000E+00,    0.0000000000E+00,    3.8180029661E+02
    210250,      0.676966,CP10_after_neg_clamp,   1,    0.0000000000E+00,    3.8180029661E+02,    3.8180029661E+02,    0.0000000000E+00,    0.0000000000E+00,    0.0000000000E+00,    3.8180029661E+02
    210250,      0.676966,CP11_after_MPI,   1,    0.0000000000E+00,    3.8180029661E+02,    3.8180029661E+02,    0.0000000000E+00,    0.0000000000E+00,    0.0000000000E+00,    3.8180029661E+02
    210250,      0.676966,CP12_end,   1,    0.0000000000E+00,    3.8180029661E+02,    3.8180029661E+02,    0.0000000000E+00,    0.0000000000E+00,    0.0000000000E+00,    3.8180029661E+02
    210300,      0.676966,CP0_start,   1,    0.0000000000E+00,    3.8199921018E+02,    3.8199921018E+02,    0.0000000000E+00,    0.0000000000E+00,    0.0000000000E+00,    3.8199921018E+02
    210300,      0.676966,CP1_after_deposition,   1,    0.0000000000E+00,    3.8199921018E+02,    3.8199921018E+02,    0.0000000000E+00,    0.0000000000E+00,    0.0000000000E+00,    3.8199921018E+02
    210300,      0.676966,CP2_after_erosion,   1,    0.0000000000E+00,    3.8199921018E+02,    3.8199921018E+02,    0.0000000000E+00,    0.0000000000E+00,    0.0000000000E+00,    3.8199921018E+02
    210300,      0.676966,CP3_after_update_bottom,   1,    0.0000000000E+00,    3.8199921018E+02,    3.8199921018E+02,    0.0000000000E+00,    0.0000000000E+00,    0.0000000000E+00,    3.8199921018E+02
    210300,      0.676966,CP4_after_advection,   1,    0.0000000000E+00,    3.8201725960E+02,    3.8201725960E+02,    0.0000000000E+00,    0.0000000000E+00,    0.0000000000E+00,    3.8201725960E+02
    210300,      0.676966,CP5_after_vdif,   1,    0.0000000000E+00,    3.8201725960E+02,    3.8201725960E+02,    0.0000000000E+00,    0.0000000000E+00,    0.0000000000E+00,    3.8201725960E+02
    210300,      0.676966,CP6_after_kinetics,   1,    0.0000000000E+00,    3.8201725960E+02,    3.8201725960E+02,    0.0000000000E+00,    0.0000000000E+00,    0.0000000000E+00,    3.8201725960E+02
    210300,      0.676966,CP7_after_upper_clamp,   1,    0.0000000000E+00,    3.8201725960E+02,    3.8201725960E+02,    0.0000000000E+00,    0.0000000000E+00,    0.0000000000E+00,    3.8201725960E+02
    210300,      0.676966,CP8_after_OBC,   1,    0.0000000000E+00,    3.8201725960E+02,    3.8201725960E+02,    0.0000000000E+00,    0.0000000000E+00,    0.0000000000E+00,    3.8201725960E+02
    210300,      0.676966,CP9_after_PTsource,   1,    0.0000000000E+00,    3.8201725960E+02,    3.8201725960E+02,    0.0000000000E+00,    0.0000000000E+00,    0.0000000000E+00,    3.8201725960E+02
    210300,      0.676966,CP10_after_neg_clamp,   1,    0.0000000000E+00,    3.8201725960E+02,    3.8201725960E+02,    0.0000000000E+00,    0.0000000000E+00,    0.0000000000E+00,    3.8201725960E+02
    210300,      0.676966,CP11_after_MPI,   1,    0.0000000000E+00,    3.8201725960E+02,    3.8201725960E+02,    0.0000000000E+00,    0.0000000000E+00,    0.0000000000E+00,    3.8201725960E+02
    210300,      0.676966,CP12_end,   1,    0.0000000000E+00,    3.8201725960E+02,    3.8201725960E+02,    0.0000000000E+00,    0.0000000000E+00,    0.0000000000E+00,    3.8201725960E+02
    210350,      0.676966,CP0_start,   1,    0.0000000000E+00,    3.8221449336E+02,    3.8221449336E+02,    0.0000000000E+00,    0.0000000000E+00,    0.0000000000E+00,    3.8221449336E+02
    210350,      0.676966,CP1_after_deposition,   1,    0.0000000000E+00,    3.8221449336E+02,    3.8221449336E+02,    0.0000000000E+00,    0.0000000000E+00,    0.0000000000E+00,    3.8221449336E+02
    210350,      0.676966,CP2_after_erosion,   1,    0.0000000000E+00,    3.8221449336E+02,    3.8221449336E+02,    0.0000000000E+00,    0.0000000000E+00,    0.0000000000E+00,    3.8221449336E+02
    210350,      0.676966,CP3_after_update_bottom,   1,    0.0000000000E+00,    3.8221449336E+02,    3.8221449336E+02,    0.0000000000E+00,    0.0000000000E+00,    0.0000000000E+00,    3.8221449336E+02
    210350,      0.676966,CP4_after_advection,   1,    0.0000000000E+00,    3.8223252772E+02,    3.8223252772E+02,    0.0000000000E+00,    0.0000000000E+00,    0.0000000000E+00,    3.8223252772E+02
    210350,      0.676966,CP5_after_vdif,   1,    0.0000000000E+00,    3.8223252772E+02,    3.8223252772E+02,    0.0000000000E+00,    0.0000000000E+00,    0.0000000000E+00,    3.8223252772E+02
    210350,      0.676966,CP6_after_kinetics,   1,    0.0000000000E+00,    3.8223252772E+02,    3.8223252772E+02,    0.0000000000E+00,    0.0000000000E+00,    0.0000000000E+00,    3.8223252772E+02
    210350,      0.676966,CP7_after_upper_clamp,   1,    0.0000000000E+00,    3.8223252772E+02,    3.8223252772E+02,    0.0000000000E+00,    0.0000000000E+00,    0.0000000000E+00,    3.8223252772E+02
    210350,      0.676966,CP8_after_OBC,   1,    0.0000000000E+00,    3.8223252772E+02,    3.8223252772E+02,    0.0000000000E+00,    0.0000000000E+00,    0.0000000000E+00,    3.8223252772E+02
    210350,      0.676966,CP9_after_PTsource,   1,    0.0000000000E+00,    3.8223252772E+02,    3.8223252772E+02,    0.0000000000E+00,    0.0000000000E+00,    0.0000000000E+00,    3.8223252772E+02
    210350,      0.676966,CP10_after_neg_clamp,   1,    0.0000000000E+00,    3.8223252772E+02,    3.8223252772E+02,    0.0000000000E+00,    0.0000000000E+00,    0.0000000000E+00,    3.8223252772E+02
    210350,      0.676966,CP11_after_MPI,   1,    0.0000000000E+00,    3.8223252772E+02,    3.8223252772E+02,    0.0000000000E+00,    0.0000000000E+00,    0.0000000000E+00,    3.8223252772E+02
    210350,      0.676966,CP12_end,   1,    0.0000000000E+00,    3.8223252772E+02,    3.8223252772E+02,    0.0000000000E+00,    0.0000000000E+00,    0.0000000000E+00,    3.8223252772E+02
    210400,      0.676966,CP0_start,   1,    0.0000000000E+00,    3.8242772792E+02,    3.8242772792E+02,    0.0000000000E+00,    0.0000000000E+00,    0.0000000000E+00,    3.8242772792E+02
    210400,      0.676966,CP1_after_deposition,   1,    0.0000000000E+00,    3.8242772792E+02,    3.8242772792E+02,    0.0000000000E+00,    0.0000000000E+00,    0.0000000000E+00,    3.8242772792E+02
    210400,      0.676966,CP2_after_erosion,   1,    0.0000000000E+00,    3.8242772792E+02,    3.8242772792E+02,    0.0000000000E+00,    0.0000000000E+00,    0.0000000000E+00,    3.8242772792E+02
    210400,      0.676966,CP3_after_update_bottom,   1,    0.0000000000E+00,    3.8242772792E+02,    3.8242772792E+02,    0.0000000000E+00,    0.0000000000E+00,    0.0000000000E+00,    3.8242772792E+02
    210400,      0.676966,CP4_after_advection,   1,    0.0000000000E+00,    3.8244573430E+02,    3.8244573430E+02,    0.0000000000E+00,    0.0000000000E+00,    0.0000000000E+00,    3.8244573430E+02
    210400,      0.676966,CP5_after_vdif,   1,    0.0000000000E+00,    3.8244573430E+02,    3.8244573430E+02,    0.0000000000E+00,    0.0000000000E+00,    0.0000000000E+00,    3.8244573430E+02
    210400,      0.676966,CP6_after_kinetics,   1,    0.0000000000E+00,    3.8244573430E+02,    3.8244573430E+02,    0.0000000000E+00,    0.0000000000E+00,    0.0000000000E+00,    3.8244573430E+02
    210400,      0.676966,CP7_after_upper_clamp,   1,    0.0000000000E+00,    3.8244573430E+02,    3.8244573430E+02,    0.0000000000E+00,    0.0000000000E+00,    0.0000000000E+00,    3.8244573430E+02
    210400,      0.676966,CP8_after_OBC,   1,    0.0000000000E+00,    3.8244573430E+02,    3.8244573430E+02,    0.0000000000E+00,    0.0000000000E+00,    0.0000000000E+00,    3.8244573430E+02
    210400,      0.676966,CP9_after_PTsource,   1,    0.0000000000E+00,    3.8244573430E+02,    3.8244573430E+02,    0.0000000000E+00,    0.0000000000E+00,    0.0000000000E+00,    3.8244573430E+02
    210400,      0.676966,CP10_after_neg_clamp,   1,    0.0000000000E+00,    3.8244573430E+02,    3.8244573430E+02,    0.0000000000E+00,    0.0000000000E+00,    0.0000000000E+00,    3.8244573430E+02
    210400,      0.676966,CP11_after_MPI,   1,    0.0000000000E+00,    3.8244573430E+02,    3.8244573430E+02,    0.0000000000E+00,    0.0000000000E+00,    0.0000000000E+00,    3.8244573430E+02
    210400,      0.676966,CP12_end,   1,    0.0000000000E+00,    3.8244573430E+02,    3.8244573430E+02,    0.0000000000E+00,    0.0000000000E+00,    0.0000000000E+00,    3.8244573430E+02
    210450,      0.676966,CP0_start,   1,    0.0000000000E+00,    3.8263869755E+02,    3.8263869755E+02,    0.0000000000E+00,    0.0000000000E+00,    0.0000000000E+00,    3.8263869755E+02
    210450,      0.676966,CP1_after_deposition,   1,    0.0000000000E+00,    3.8263869755E+02,    3.8263869755E+02,    0.0000000000E+00,    0.0000000000E+00,    0.0000000000E+00,    3.8263869755E+02
    210450,      0.676966,CP2_after_erosion,   1,    0.0000000000E+00,    3.8263869755E+02,    3.8263869755E+02,    0.0000000000E+00,    0.0000000000E+00,    0.0000000000E+00,    3.8263869755E+02
    210450,      0.676966,CP3_after_update_bottom,   1,    0.0000000000E+00,    3.8263869755E+02,    3.8263869755E+02,    0.0000000000E+00,    0.0000000000E+00,    0.0000000000E+00,    3.8263869755E+02
    210450,      0.676966,CP4_after_advection,   1,    0.0000000000E+00,    3.8265666318E+02,    3.8265666318E+02,    0.0000000000E+00,    0.0000000000E+00,    0.0000000000E+00,    3.8265666318E+02
    210450,      0.676966,CP5_after_vdif,   1,    0.0000000000E+00,    3.8265666318E+02,    3.8265666318E+02,    0.0000000000E+00,    0.0000000000E+00,    0.0000000000E+00,    3.8265666318E+02
    210450,      0.676966,CP6_after_kinetics,   1,    0.0000000000E+00,    3.8265666318E+02,    3.8265666318E+02,    0.0000000000E+00,    0.0000000000E+00,    0.0000000000E+00,    3.8265666318E+02
    210450,      0.676966,CP7_after_upper_clamp,   1,    0.0000000000E+00,    3.8265666318E+02,    3.8265666318E+02,    0.0000000000E+00,    0.0000000000E+00,    0.0000000000E+00,    3.8265666318E+02
    210450,      0.676966,CP8_after_OBC,   1,    0.0000000000E+00,    3.8265666318E+02,    3.8265666318E+02,    0.0000000000E+00,    0.0000000000E+00,    0.0000000000E+00,    3.8265666318E+02
    210450,      0.676966,CP9_after_PTsource,   1,    0.0000000000E+00,    3.8265666318E+02,    3.8265666318E+02,    0.0000000000E+00,    0.0000000000E+00,    0.0000000000E+00,    3.8265666318E+02
    210450,      0.676966,CP10_after_neg_clamp,   1,    0.0000000000E+00,    3.8265666318E+02,    3.8265666318E+02,    0.0000000000E+00,    0.0000000000E+00,    0.0000000000E+00,    3.8265666318E+02
    210450,      0.676966,CP11_after_MPI,   1,    0.0000000000E+00,    3.8265666318E+02,    3.8265666318E+02,    0.0000000000E+00,    0.0000000000E+00,    0.0000000000E+00,    3.8265666318E+02
    210450,      0.676966,CP12_end,   1,    0.0000000000E+00,    3.8265666318E+02,    3.8265666318E+02,    0.0000000000E+00,    0.0000000000E+00,    0.0000000000E+00,    3.8265666318E+02
    210500,      0.676966,CP0_start,   1,    0.0000000000E+00,    3.8284719000E+02,    3.8284719000E+02,    0.0000000000E+00,    0.0000000000E+00,    0.0000000000E+00,    3.8284719000E+02
    210500,      0.676966,CP1_after_deposition,   1,    0.0000000000E+00,    3.8284719000E+02,    3.8284719000E+02,    0.0000000000E+00,    0.0000000000E+00,    0.0000000000E+00,    3.8284719000E+02
    210500,      0.676966,CP2_after_erosion,   1,    0.0000000000E+00,    3.8284719000E+02,    3.8284719000E+02,    0.0000000000E+00,    0.0000000000E+00,    0.0000000000E+00,    3.8284719000E+02
    210500,      0.676966,CP3_after_update_bottom,   1,    0.0000000000E+00,    3.8284719000E+02,    3.8284719000E+02,    0.0000000000E+00,    0.0000000000E+00,    0.0000000000E+00,    3.8284719000E+02
    210500,      0.676966,CP4_after_advection,   1,    0.0000000000E+00,    3.8286512348E+02,    3.8286512348E+02,    0.0000000000E+00,    0.0000000000E+00,    0.0000000000E+00,    3.8286512348E+02
    210500,      0.676966,CP5_after_vdif,   1,    0.0000000000E+00,    3.8286512348E+02,    3.8286512348E+02,    0.0000000000E+00,    0.0000000000E+00,    0.0000000000E+00,    3.8286512348E+02
    210500,      0.676966,CP6_after_kinetics,   1,    0.0000000000E+00,    3.8286512348E+02,    3.8286512348E+02,    0.0000000000E+00,    0.0000000000E+00,    0.0000000000E+00,    3.8286512348E+02
    210500,      0.676966,CP7_after_upper_clamp,   1,    0.0000000000E+00,    3.8286512348E+02,    3.8286512348E+02,    0.0000000000E+00,    0.0000000000E+00,    0.0000000000E+00,    3.8286512348E+02
    210500,      0.676966,CP8_after_OBC,   1,    0.0000000000E+00,    3.8286512348E+02,    3.8286512348E+02,    0.0000000000E+00,    0.0000000000E+00,    0.0000000000E+00,    3.8286512348E+02
    210500,      0.676966,CP9_after_PTsource,   1,    0.0000000000E+00,    3.8286512348E+02,    3.8286512348E+02,    0.0000000000E+00,    0.0000000000E+00,    0.0000000000E+00,    3.8286512348E+02
    210500,      0.676966,CP10_after_neg_clamp,   1,    0.0000000000E+00,    3.8286512348E+02,    3.8286512348E+02,    0.0000000000E+00,    0.0000000000E+00,    0.0000000000E+00,    3.8286512348E+02
    210500,      0.676966,CP11_after_MPI,   1,    0.0000000000E+00,    3.8286512348E+02,    3.8286512348E+02,    0.0000000000E+00,    0.0000000000E+00,    0.0000000000E+00,    3.8286512348E+02
    210500,      0.676966,CP12_end,   1,    0.0000000000E+00,    3.8286512348E+02,    3.8286512348E+02,    0.0000000000E+00,    0.0000000000E+00,    0.0000000000E+00,    3.8286512348E+02
    210550,      0.676966,CP0_start,   1,    0.0000000000E+00,    3.8305352187E+02,    3.8305352187E+02,    0.0000000000E+00,    0.0000000000E+00,    0.0000000000E+00,    3.8305352187E+02
    210550,      0.676966,CP1_after_deposition,   1,    0.0000000000E+00,    3.8305352187E+02,    3.8305352187E+02,    0.0000000000E+00,    0.0000000000E+00,    0.0000000000E+00,    3.8305352187E+02
    210550,      0.676966,CP2_after_erosion,   1,    0.0000000000E+00,    3.8305352187E+02,    3.8305352187E+02,    0.0000000000E+00,    0.0000000000E+00,    0.0000000000E+00,    3.8305352187E+02
    210550,      0.676966,CP3_after_update_bottom,   1,    0.0000000000E+00,    3.8305352187E+02,    3.8305352187E+02,    0.0000000000E+00,    0.0000000000E+00,    0.0000000000E+00,    3.8305352187E+02
    210550,      0.676966,CP4_after_advection,   1,    0.0000000000E+00,    3.8307141611E+02,    3.8307141611E+02,    0.0000000000E+00,    0.0000000000E+00,    0.0000000000E+00,    3.8307141611E+02
    210550,      0.676966,CP5_after_vdif,   1,    0.0000000000E+00,    3.8307141611E+02,    3.8307141611E+02,    0.0000000000E+00,    0.0000000000E+00,    0.0000000000E+00,    3.8307141611E+02
    210550,      0.676966,CP6_after_kinetics,   1,    0.0000000000E+00,    3.8307141611E+02,    3.8307141611E+02,    0.0000000000E+00,    0.0000000000E+00,    0.0000000000E+00,    3.8307141611E+02
    210550,      0.676966,CP7_after_upper_clamp,   1,    0.0000000000E+00,    3.8307141611E+02,    3.8307141611E+02,    0.0000000000E+00,    0.0000000000E+00,    0.0000000000E+00,    3.8307141611E+02
    210550,      0.676966,CP8_after_OBC,   1,    0.0000000000E+00,    3.8307141611E+02,    3.8307141611E+02,    0.0000000000E+00,    0.0000000000E+00,    0.0000000000E+00,    3.8307141611E+02
    210550,      0.676966,CP9_after_PTsource,   1,    0.0000000000E+00,    3.8307141611E+02,    3.8307141611E+02,    0.0000000000E+00,    0.0000000000E+00,    0.0000000000E+00,    3.8307141611E+02
    210550,      0.676966,CP10_after_neg_clamp,   1,    0.0000000000E+00,    3.8307141611E+02,    3.8307141611E+02,    0.0000000000E+00,    0.0000000000E+00,    0.0000000000E+00,    3.8307141611E+02
    210550,      0.676966,CP11_after_MPI,   1,    0.0000000000E+00,    3.8307141611E+02,    3.8307141611E+02,    0.0000000000E+00,    0.0000000000E+00,    0.0000000000E+00,    3.8307141611E+02
    210550,      0.676966,CP12_end,   1,    0.0000000000E+00,    3.8307141611E+02,    3.8307141611E+02,    0.0000000000E+00,    0.0000000000E+00,    0.0000000000E+00,    3.8307141611E+02
    210600,      0.676966,CP0_start,   1,    0.0000000000E+00,    3.8325819538E+02,    3.8325819538E+02,    0.0000000000E+00,    0.0000000000E+00,    0.0000000000E+00,    3.8325819538E+02
    210600,      0.676966,CP1_after_deposition,   1,    0.0000000000E+00,    3.8325819538E+02,    3.8325819538E+02,    0.0000000000E+00,    0.0000000000E+00,    0.0000000000E+00,    3.8325819538E+02
    210600,      0.676966,CP2_after_erosion,   1,    0.0000000000E+00,    3.8325819538E+02,    3.8325819538E+02,    0.0000000000E+00,    0.0000000000E+00,    0.0000000000E+00,    3.8325819538E+02
    210600,      0.676966,CP3_after_update_bottom,   1,    0.0000000000E+00,    3.8325819538E+02,    3.8325819538E+02,    0.0000000000E+00,    0.0000000000E+00,    0.0000000000E+00,    3.8325819538E+02
    210600,      0.676966,CP4_after_advection,   1,    0.0000000000E+00,    3.8327604967E+02,    3.8327604967E+02,    0.0000000000E+00,    0.0000000000E+00,    0.0000000000E+00,    3.8327604967E+02
    210600,      0.676966,CP5_after_vdif,   1,    0.0000000000E+00,    3.8327604967E+02,    3.8327604967E+02,    0.0000000000E+00,    0.0000000000E+00,    0.0000000000E+00,    3.8327604967E+02
    210600,      0.676966,CP6_after_kinetics,   1,    0.0000000000E+00,    3.8327604967E+02,    3.8327604967E+02,    0.0000000000E+00,    0.0000000000E+00,    0.0000000000E+00,    3.8327604967E+02
    210600,      0.676966,CP7_after_upper_clamp,   1,    0.0000000000E+00,    3.8327604967E+02,    3.8327604967E+02,    0.0000000000E+00,    0.0000000000E+00,    0.0000000000E+00,    3.8327604967E+02
    210600,      0.676966,CP8_after_OBC,   1,    0.0000000000E+00,    3.8327604967E+02,    3.8327604967E+02,    0.0000000000E+00,    0.0000000000E+00,    0.0000000000E+00,    3.8327604967E+02
    210600,      0.676966,CP9_after_PTsource,   1,    0.0000000000E+00,    3.8327604967E+02,    3.8327604967E+02,    0.0000000000E+00,    0.0000000000E+00,    0.0000000000E+00,    3.8327604967E+02
    210600,      0.676966,CP10_after_neg_clamp,   1,    0.0000000000E+00,    3.8327604967E+02,    3.8327604967E+02,    0.0000000000E+00,    0.0000000000E+00,    0.0000000000E+00,    3.8327604967E+02
    210600,      0.676966,CP11_after_MPI,   1,    0.0000000000E+00,    3.8327604967E+02,    3.8327604967E+02,    0.0000000000E+00,    0.0000000000E+00,    0.0000000000E+00,    3.8327604967E+02
    210600,      0.676966,CP12_end,   1,    0.0000000000E+00,    3.8327604967E+02,    3.8327604967E+02,    0.0000000000E+00,    0.0000000000E+00,    0.0000000000E+00,    3.8327604967E+02
    210650,      0.676966,CP0_start,   1,    0.0000000000E+00,    3.8346191847E+02,    3.8346191847E+02,    0.0000000000E+00,    0.0000000000E+00,    0.0000000000E+00,    3.8346191847E+02
    210650,      0.676966,CP1_after_deposition,   1,    0.0000000000E+00,    3.8346191847E+02,    3.8346191847E+02,    0.0000000000E+00,    0.0000000000E+00,    0.0000000000E+00,    3.8346191847E+02
    210650,      0.676966,CP2_after_erosion,   1,    0.0000000000E+00,    3.8346191847E+02,    3.8346191847E+02,    0.0000000000E+00,    0.0000000000E+00,    0.0000000000E+00,    3.8346191847E+02
    210650,      0.676966,CP3_after_update_bottom,   1,    0.0000000000E+00,    3.8346191847E+02,    3.8346191847E+02,    0.0000000000E+00,    0.0000000000E+00,    0.0000000000E+00,    3.8346191847E+02
    210650,      0.676966,CP4_after_advection,   1,    0.0000000000E+00,    3.8347974798E+02,    3.8347974798E+02,    0.0000000000E+00,    0.0000000000E+00,    0.0000000000E+00,    3.8347974798E+02
    210650,      0.676966,CP5_after_vdif,   1,    0.0000000000E+00,    3.8347974798E+02,    3.8347974798E+02,    0.0000000000E+00,    0.0000000000E+00,    0.0000000000E+00,    3.8347974798E+02
    210650,      0.676966,CP6_after_kinetics,   1,    0.0000000000E+00,    3.8347974798E+02,    3.8347974798E+02,    0.0000000000E+00,    0.0000000000E+00,    0.0000000000E+00,    3.8347974798E+02
    210650,      0.676966,CP7_after_upper_clamp,   1,    0.0000000000E+00,    3.8347974798E+02,    3.8347974798E+02,    0.0000000000E+00,    0.0000000000E+00,    0.0000000000E+00,    3.8347974798E+02
    210650,      0.676966,CP8_after_OBC,   1,    0.0000000000E+00,    3.8347974798E+02,    3.8347974798E+02,    0.0000000000E+00,    0.0000000000E+00,    0.0000000000E+00,    3.8347974798E+02
    210650,      0.676966,CP9_after_PTsource,   1,    0.0000000000E+00,    3.8347974798E+02,    3.8347974798E+02,    0.0000000000E+00,    0.0000000000E+00,    0.0000000000E+00,    3.8347974798E+02
    210650,      0.676966,CP10_after_neg_clamp,   1,    0.0000000000E+00,    3.8347974798E+02,    3.8347974798E+02,    0.0000000000E+00,    0.0000000000E+00,    0.0000000000E+00,    3.8347974798E+02
    210650,      0.676966,CP11_after_MPI,   1,    0.0000000000E+00,    3.8347974798E+02,    3.8347974798E+02,    0.0000000000E+00,    0.0000000000E+00,    0.0000000000E+00,    3.8347974798E+02
    210650,      0.676966,CP12_end,   1,    0.0000000000E+00,    3.8347974798E+02,    3.8347974798E+02,    0.0000000000E+00,    0.0000000000E+00,    0.0000000000E+00,    3.8347974798E+02
    210700,      0.676966,CP0_start,   1,    0.0000000000E+00,    3.8366552185E+02,    3.8366552185E+02,    0.0000000000E+00,    0.0000000000E+00,    0.0000000000E+00,    3.8366552185E+02
    210700,      0.676966,CP1_after_deposition,   1,    0.0000000000E+00,    3.8366552185E+02,    3.8366552185E+02,    0.0000000000E+00,    0.0000000000E+00,    0.0000000000E+00,    3.8366552185E+02
    210700,      0.676966,CP2_after_erosion,   1,    0.0000000000E+00,    3.8366552185E+02,    3.8366552185E+02,    0.0000000000E+00,    0.0000000000E+00,    0.0000000000E+00,    3.8366552185E+02
    210700,      0.676966,CP3_after_update_bottom,   1,    0.0000000000E+00,    3.8366552185E+02,    3.8366552185E+02,    0.0000000000E+00,    0.0000000000E+00,    0.0000000000E+00,    3.8366552185E+02
    210700,      0.676966,CP4_after_advection,   1,    0.0000000000E+00,    3.8368335715E+02,    3.8368335715E+02,    0.0000000000E+00,    0.0000000000E+00,    0.0000000000E+00,    3.8368335715E+02
    210700,      0.676966,CP5_after_vdif,   1,    0.0000000000E+00,    3.8368335715E+02,    3.8368335715E+02,    0.0000000000E+00,    0.0000000000E+00,    0.0000000000E+00,    3.8368335715E+02
    210700,      0.676966,CP6_after_kinetics,   1,    0.0000000000E+00,    3.8368335715E+02,    3.8368335715E+02,    0.0000000000E+00,    0.0000000000E+00,    0.0000000000E+00,    3.8368335715E+02
    210700,      0.676966,CP7_after_upper_clamp,   1,    0.0000000000E+00,    3.8368335715E+02,    3.8368335715E+02,    0.0000000000E+00,    0.0000000000E+00,    0.0000000000E+00,    3.8368335715E+02
    210700,      0.676966,CP8_after_OBC,   1,    0.0000000000E+00,    3.8368335715E+02,    3.8368335715E+02,    0.0000000000E+00,    0.0000000000E+00,    0.0000000000E+00,    3.8368335715E+02
    210700,      0.676966,CP9_after_PTsource,   1,    0.0000000000E+00,    3.8368335715E+02,    3.8368335715E+02,    0.0000000000E+00,    0.0000000000E+00,    0.0000000000E+00,    3.8368335715E+02
    210700,      0.676966,CP10_after_neg_clamp,   1,    0.0000000000E+00,    3.8368335715E+02,    3.8368335715E+02,    0.0000000000E+00,    0.0000000000E+00,    0.0000000000E+00,    3.8368335715E+02
    210700,      0.676966,CP11_after_MPI,   1,    0.0000000000E+00,    3.8368335715E+02,    3.8368335715E+02,    0.0000000000E+00,    0.0000000000E+00,    0.0000000000E+00,    3.8368335715E+02
    210700,      0.676966,CP12_end,   1,    0.0000000000E+00,    3.8368335715E+02,    3.8368335715E+02,    0.0000000000E+00,    0.0000000000E+00,    0.0000000000E+00,    3.8368335715E+02
    210750,      0.676966,CP0_start,   1,    0.0000000000E+00,    3.8386977328E+02,    3.8386977328E+02,    0.0000000000E+00,    0.0000000000E+00,    0.0000000000E+00,    3.8386977328E+02
    210750,      0.676966,CP1_after_deposition,   1,    0.0000000000E+00,    3.8386977328E+02,    3.8386977328E+02,    0.0000000000E+00,    0.0000000000E+00,    0.0000000000E+00,    3.8386977328E+02
    210750,      0.676966,CP2_after_erosion,   1,    0.0000000000E+00,    3.8386977328E+02,    3.8386977328E+02,    0.0000000000E+00,    0.0000000000E+00,    0.0000000000E+00,    3.8386977328E+02
    210750,      0.676966,CP3_after_update_bottom,   1,    0.0000000000E+00,    3.8386977328E+02,    3.8386977328E+02,    0.0000000000E+00,    0.0000000000E+00,    0.0000000000E+00,    3.8386977328E+02
    210750,      0.676966,CP4_after_advection,   1,    0.0000000000E+00,    3.8388760468E+02,    3.8388760468E+02,    0.0000000000E+00,    0.0000000000E+00,    0.0000000000E+00,    3.8388760468E+02
    210750,      0.676966,CP5_after_vdif,   1,    0.0000000000E+00,    3.8388760468E+02,    3.8388760468E+02,    0.0000000000E+00,    0.0000000000E+00,    0.0000000000E+00,    3.8388760468E+02
    210750,      0.676966,CP6_after_kinetics,   1,    0.0000000000E+00,    3.8388760468E+02,    3.8388760468E+02,    0.0000000000E+00,    0.0000000000E+00,    0.0000000000E+00,    3.8388760468E+02
    210750,      0.676966,CP7_after_upper_clamp,   1,    0.0000000000E+00,    3.8388760468E+02,    3.8388760468E+02,    0.0000000000E+00,    0.0000000000E+00,    0.0000000000E+00,    3.8388760468E+02
    210750,      0.676966,CP8_after_OBC,   1,    0.0000000000E+00,    3.8388760468E+02,    3.8388760468E+02,    0.0000000000E+00,    0.0000000000E+00,    0.0000000000E+00,    3.8388760468E+02
    210750,      0.676966,CP9_after_PTsource,   1,    0.0000000000E+00,    3.8388760468E+02,    3.8388760468E+02,    0.0000000000E+00,    0.0000000000E+00,    0.0000000000E+00,    3.8388760468E+02
    210750,      0.676966,CP10_after_neg_clamp,   1,    0.0000000000E+00,    3.8388760468E+02,    3.8388760468E+02,    0.0000000000E+00,    0.0000000000E+00,    0.0000000000E+00,    3.8388760468E+02
    210750,      0.676966,CP11_after_MPI,   1,    0.0000000000E+00,    3.8388760468E+02,    3.8388760468E+02,    0.0000000000E+00,    0.0000000000E+00,    0.0000000000E+00,    3.8388760468E+02
    210750,      0.676966,CP12_end,   1,    0.0000000000E+00,    3.8388760468E+02,    3.8388760468E+02,    0.0000000000E+00,    0.0000000000E+00,    0.0000000000E+00,    3.8388760468E+02
    210800,      0.676966,CP0_start,   1,    0.0000000000E+00,    3.8407487833E+02,    3.8407487833E+02,    0.0000000000E+00,    0.0000000000E+00,    0.0000000000E+00,    3.8407487833E+02
    210800,      0.676966,CP1_after_deposition,   1,    0.0000000000E+00,    3.8407487833E+02,    3.8407487833E+02,    0.0000000000E+00,    0.0000000000E+00,    0.0000000000E+00,    3.8407487833E+02
    210800,      0.676966,CP2_after_erosion,   1,    0.0000000000E+00,    3.8407487833E+02,    3.8407487833E+02,    0.0000000000E+00,    0.0000000000E+00,    0.0000000000E+00,    3.8407487833E+02
    210800,      0.676966,CP3_after_update_bottom,   1,    0.0000000000E+00,    3.8407487833E+02,    3.8407487833E+02,    0.0000000000E+00,    0.0000000000E+00,    0.0000000000E+00,    3.8407487833E+02
    210800,      0.676966,CP4_after_advection,   1,    0.0000000000E+00,    3.8409270194E+02,    3.8409270194E+02,    0.0000000000E+00,    0.0000000000E+00,    0.0000000000E+00,    3.8409270194E+02
    210800,      0.676966,CP5_after_vdif,   1,    0.0000000000E+00,    3.8409270194E+02,    3.8409270194E+02,    0.0000000000E+00,    0.0000000000E+00,    0.0000000000E+00,    3.8409270194E+02
    210800,      0.676966,CP6_after_kinetics,   1,    0.0000000000E+00,    3.8409270194E+02,    3.8409270194E+02,    0.0000000000E+00,    0.0000000000E+00,    0.0000000000E+00,    3.8409270194E+02
    210800,      0.676966,CP7_after_upper_clamp,   1,    0.0000000000E+00,    3.8409270194E+02,    3.8409270194E+02,    0.0000000000E+00,    0.0000000000E+00,    0.0000000000E+00,    3.8409270194E+02
    210800,      0.676966,CP8_after_OBC,   1,    0.0000000000E+00,    3.8409270194E+02,    3.8409270194E+02,    0.0000000000E+00,    0.0000000000E+00,    0.0000000000E+00,    3.8409270194E+02
    210800,      0.676966,CP9_after_PTsource,   1,    0.0000000000E+00,    3.8409270194E+02,    3.8409270194E+02,    0.0000000000E+00,    0.0000000000E+00,    0.0000000000E+00,    3.8409270194E+02
    210800,      0.676966,CP10_after_neg_clamp,   1,    0.0000000000E+00,    3.8409270194E+02,    3.8409270194E+02,    0.0000000000E+00,    0.0000000000E+00,    0.0000000000E+00,    3.8409270194E+02
    210800,      0.676966,CP11_after_MPI,   1,    0.0000000000E+00,    3.8409270194E+02,    3.8409270194E+02,    0.0000000000E+00,    0.0000000000E+00,    0.0000000000E+00,    3.8409270194E+02
    210800,      0.676966,CP12_end,   1,    0.0000000000E+00,    3.8409270194E+02,    3.8409270194E+02,    0.0000000000E+00,    0.0000000000E+00,    0.0000000000E+00,    3.8409270194E+02
    210850,      0.676966,CP0_start,   1,    0.0000000000E+00,    3.8428084834E+02,    3.8428084834E+02,    0.0000000000E+00,    0.0000000000E+00,    0.0000000000E+00,    3.8428084834E+02
    210850,      0.676966,CP1_after_deposition,   1,    0.0000000000E+00,    3.8428084834E+02,    3.8428084834E+02,    0.0000000000E+00,    0.0000000000E+00,    0.0000000000E+00,    3.8428084834E+02
    210850,      0.676966,CP2_after_erosion,   1,    0.0000000000E+00,    3.8428084834E+02,    3.8428084834E+02,    0.0000000000E+00,    0.0000000000E+00,    0.0000000000E+00,    3.8428084834E+02
    210850,      0.676966,CP3_after_update_bottom,   1,    0.0000000000E+00,    3.8428084834E+02,    3.8428084834E+02,    0.0000000000E+00,    0.0000000000E+00,    0.0000000000E+00,    3.8428084834E+02
    210850,      0.676966,CP4_after_advection,   1,    0.0000000000E+00,    3.8429867906E+02,    3.8429867906E+02,    0.0000000000E+00,    0.0000000000E+00,    0.0000000000E+00,    3.8429867906E+02
    210850,      0.676966,CP5_after_vdif,   1,    0.0000000000E+00,    3.8429867906E+02,    3.8429867906E+02,    0.0000000000E+00,    0.0000000000E+00,    0.0000000000E+00,    3.8429867906E+02
    210850,      0.676966,CP6_after_kinetics,   1,    0.0000000000E+00,    3.8429867906E+02,    3.8429867906E+02,    0.0000000000E+00,    0.0000000000E+00,    0.0000000000E+00,    3.8429867906E+02
    210850,      0.676966,CP7_after_upper_clamp,   1,    0.0000000000E+00,    3.8429867906E+02,    3.8429867906E+02,    0.0000000000E+00,    0.0000000000E+00,    0.0000000000E+00,    3.8429867906E+02
    210850,      0.676966,CP8_after_OBC,   1,    0.0000000000E+00,    3.8429867906E+02,    3.8429867906E+02,    0.0000000000E+00,    0.0000000000E+00,    0.0000000000E+00,    3.8429867906E+02
    210850,      0.676966,CP9_after_PTsource,   1,    0.0000000000E+00,    3.8429867906E+02,    3.8429867906E+02,    0.0000000000E+00,    0.0000000000E+00,    0.0000000000E+00,    3.8429867906E+02
    210850,      0.676966,CP10_after_neg_clamp,   1,    0.0000000000E+00,    3.8429867906E+02,    3.8429867906E+02,    0.0000000000E+00,    0.0000000000E+00,    0.0000000000E+00,    3.8429867906E+02
    210850,      0.676966,CP11_after_MPI,   1,    0.0000000000E+00,    3.8429867906E+02,    3.8429867906E+02,    0.0000000000E+00,    0.0000000000E+00,    0.0000000000E+00,    3.8429867906E+02
    210850,      0.676966,CP12_end,   1,    0.0000000000E+00,    3.8429867906E+02,    3.8429867906E+02,    0.0000000000E+00,    0.0000000000E+00,    0.0000000000E+00,    3.8429867906E+02
    210900,      0.676966,CP0_start,   1,    0.0000000000E+00,    3.8448766409E+02,    3.8448766409E+02,    0.0000000000E+00,    0.0000000000E+00,    0.0000000000E+00,    3.8448766409E+02
    210900,      0.676966,CP1_after_deposition,   1,    0.0000000000E+00,    3.8448766409E+02,    3.8448766409E+02,    0.0000000000E+00,    0.0000000000E+00,    0.0000000000E+00,    3.8448766409E+02
    210900,      0.676966,CP2_after_erosion,   1,    0.0000000000E+00,    3.8448766409E+02,    3.8448766409E+02,    0.0000000000E+00,    0.0000000000E+00,    0.0000000000E+00,    3.8448766409E+02
    210900,      0.676966,CP3_after_update_bottom,   1,    0.0000000000E+00,    3.8448766409E+02,    3.8448766409E+02,    0.0000000000E+00,    0.0000000000E+00,    0.0000000000E+00,    3.8448766409E+02
    210900,      0.676966,CP4_after_advection,   1,    0.0000000000E+00,    3.8450549229E+02,    3.8450549229E+02,    0.0000000000E+00,    0.0000000000E+00,    0.0000000000E+00,    3.8450549229E+02
    210900,      0.676966,CP5_after_vdif,   1,    0.0000000000E+00,    3.8450549229E+02,    3.8450549229E+02,    0.0000000000E+00,    0.0000000000E+00,    0.0000000000E+00,    3.8450549229E+02
    210900,      0.676966,CP6_after_kinetics,   1,    0.0000000000E+00,    3.8450549229E+02,    3.8450549229E+02,    0.0000000000E+00,    0.0000000000E+00,    0.0000000000E+00,    3.8450549229E+02
    210900,      0.676966,CP7_after_upper_clamp,   1,    0.0000000000E+00,    3.8450549229E+02,    3.8450549229E+02,    0.0000000000E+00,    0.0000000000E+00,    0.0000000000E+00,    3.8450549229E+02
    210900,      0.676966,CP8_after_OBC,   1,    0.0000000000E+00,    3.8450549229E+02,    3.8450549229E+02,    0.0000000000E+00,    0.0000000000E+00,    0.0000000000E+00,    3.8450549229E+02
    210900,      0.676966,CP9_after_PTsource,   1,    0.0000000000E+00,    3.8450549229E+02,    3.8450549229E+02,    0.0000000000E+00,    0.0000000000E+00,    0.0000000000E+00,    3.8450549229E+02
    210900,      0.676966,CP10_after_neg_clamp,   1,    0.0000000000E+00,    3.8450549229E+02,    3.8450549229E+02,    0.0000000000E+00,    0.0000000000E+00,    0.0000000000E+00,    3.8450549229E+02
    210900,      0.676966,CP11_after_MPI,   1,    0.0000000000E+00,    3.8450549229E+02,    3.8450549229E+02,    0.0000000000E+00,    0.0000000000E+00,    0.0000000000E+00,    3.8450549229E+02
    210900,      0.676966,CP12_end,   1,    0.0000000000E+00,    3.8450549229E+02,    3.8450549229E+02,    0.0000000000E+00,    0.0000000000E+00,    0.0000000000E+00,    3.8450549229E+02
    210950,      0.676966,CP0_start,   1,    0.0000000000E+00,    3.8469507839E+02,    3.8469507839E+02,    0.0000000000E+00,    0.0000000000E+00,    0.0000000000E+00,    3.8469507839E+02
    210950,      0.676966,CP1_after_deposition,   1,    0.0000000000E+00,    3.8469507839E+02,    3.8469507839E+02,    0.0000000000E+00,    0.0000000000E+00,    0.0000000000E+00,    3.8469507839E+02
    210950,      0.676966,CP2_after_erosion,   1,    0.0000000000E+00,    3.8469507839E+02,    3.8469507839E+02,    0.0000000000E+00,    0.0000000000E+00,    0.0000000000E+00,    3.8469507839E+02
    210950,      0.676966,CP3_after_update_bottom,   1,    0.0000000000E+00,    3.8469507839E+02,    3.8469507839E+02,    0.0000000000E+00,    0.0000000000E+00,    0.0000000000E+00,    3.8469507839E+02
    210950,      0.676966,CP4_after_advection,   1,    0.0000000000E+00,    3.8471288529E+02,    3.8471288529E+02,    0.0000000000E+00,    0.0000000000E+00,    0.0000000000E+00,    3.8471288529E+02
    210950,      0.676966,CP5_after_vdif,   1,    0.0000000000E+00,    3.8471288529E+02,    3.8471288529E+02,    0.0000000000E+00,    0.0000000000E+00,    0.0000000000E+00,    3.8471288529E+02
    210950,      0.676966,CP6_after_kinetics,   1,    0.0000000000E+00,    3.8471288529E+02,    3.8471288529E+02,    0.0000000000E+00,    0.0000000000E+00,    0.0000000000E+00,    3.8471288529E+02
    210950,      0.676966,CP7_after_upper_clamp,   1,    0.0000000000E+00,    3.8471288529E+02,    3.8471288529E+02,    0.0000000000E+00,    0.0000000000E+00,    0.0000000000E+00,    3.8471288529E+02
    210950,      0.676966,CP8_after_OBC,   1,    0.0000000000E+00,    3.8471288529E+02,    3.8471288529E+02,    0.0000000000E+00,    0.0000000000E+00,    0.0000000000E+00,    3.8471288529E+02
    210950,      0.676966,CP9_after_PTsource,   1,    0.0000000000E+00,    3.8471288529E+02,    3.8471288529E+02,    0.0000000000E+00,    0.0000000000E+00,    0.0000000000E+00,    3.8471288529E+02
    210950,      0.676966,CP10_after_neg_clamp,   1,    0.0000000000E+00,    3.8471288529E+02,    3.8471288529E+02,    0.0000000000E+00,    0.0000000000E+00,    0.0000000000E+00,    3.8471288529E+02
    210950,      0.676966,CP11_after_MPI,   1,    0.0000000000E+00,    3.8471288529E+02,    3.8471288529E+02,    0.0000000000E+00,    0.0000000000E+00,    0.0000000000E+00,    3.8471288529E+02
    210950,      0.676966,CP12_end,   1,    0.0000000000E+00,    3.8471288529E+02,    3.8471288529E+02,    0.0000000000E+00,    0.0000000000E+00,    0.0000000000E+00,    3.8471288529E+02
    211000,      0.676966,CP0_start,   1,    0.0000000000E+00,    3.8490280967E+02,    3.8490280967E+02,    0.0000000000E+00,    0.0000000000E+00,    0.0000000000E+00,    3.8490280967E+02
    211000,      0.676966,CP1_after_deposition,   1,    0.0000000000E+00,    3.8490280967E+02,    3.8490280967E+02,    0.0000000000E+00,    0.0000000000E+00,    0.0000000000E+00,    3.8490280967E+02
    211000,      0.676966,CP2_after_erosion,   1,    0.0000000000E+00,    3.8490280967E+02,    3.8490280967E+02,    0.0000000000E+00,    0.0000000000E+00,    0.0000000000E+00,    3.8490280967E+02
    211000,      0.676966,CP3_after_update_bottom,   1,    0.0000000000E+00,    3.8490280967E+02,    3.8490280967E+02,    0.0000000000E+00,    0.0000000000E+00,    0.0000000000E+00,    3.8490280967E+02
    211000,      0.676966,CP4_after_advection,   1,    0.0000000000E+00,    3.8492058968E+02,    3.8492058968E+02,    0.0000000000E+00,    0.0000000000E+00,    0.0000000000E+00,    3.8492058968E+02
    211000,      0.676966,CP5_after_vdif,   1,    0.0000000000E+00,    3.8492058968E+02,    3.8492058968E+02,    0.0000000000E+00,    0.0000000000E+00,    0.0000000000E+00,    3.8492058968E+02
    211000,      0.676966,CP6_after_kinetics,   1,    0.0000000000E+00,    3.8492058968E+02,    3.8492058968E+02,    0.0000000000E+00,    0.0000000000E+00,    0.0000000000E+00,    3.8492058968E+02
    211000,      0.676966,CP7_after_upper_clamp,   1,    0.0000000000E+00,    3.8492058968E+02,    3.8492058968E+02,    0.0000000000E+00,    0.0000000000E+00,    0.0000000000E+00,    3.8492058968E+02
    211000,      0.676966,CP8_after_OBC,   1,    0.0000000000E+00,    3.8492058968E+02,    3.8492058968E+02,    0.0000000000E+00,    0.0000000000E+00,    0.0000000000E+00,    3.8492058968E+02
    211000,      0.676966,CP9_after_PTsource,   1,    0.0000000000E+00,    3.8492058968E+02,    3.8492058968E+02,    0.0000000000E+00,    0.0000000000E+00,    0.0000000000E+00,    3.8492058968E+02
    211000,      0.676966,CP10_after_neg_clamp,   1,    0.0000000000E+00,    3.8492058968E+02,    3.8492058968E+02,    0.0000000000E+00,    0.0000000000E+00,    0.0000000000E+00,    3.8492058968E+02
    211000,      0.676966,CP11_after_MPI,   1,    0.0000000000E+00,    3.8492058968E+02,    3.8492058968E+02,    0.0000000000E+00,    0.0000000000E+00,    0.0000000000E+00,    3.8492058968E+02
    211000,      0.676966,CP12_end,   1,    0.0000000000E+00,    3.8492058968E+02,    3.8492058968E+02,    0.0000000000E+00,    0.0000000000E+00,    0.0000000000E+00,    3.8492058968E+02
    211050,      0.676966,CP0_start,   1,    0.0000000000E+00,    3.8511056305E+02,    3.8511056305E+02,    0.0000000000E+00,    0.0000000000E+00,    0.0000000000E+00,    3.8511056305E+02
    211050,      0.676966,CP1_after_deposition,   1,    0.0000000000E+00,    3.8511056305E+02,    3.8511056305E+02,    0.0000000000E+00,    0.0000000000E+00,    0.0000000000E+00,    3.8511056305E+02
    211050,      0.676966,CP2_after_erosion,   1,    0.0000000000E+00,    3.8511056305E+02,    3.8511056305E+02,    0.0000000000E+00,    0.0000000000E+00,    0.0000000000E+00,    3.8511056305E+02
    211050,      0.676966,CP3_after_update_bottom,   1,    0.0000000000E+00,    3.8511056305E+02,    3.8511056305E+02,    0.0000000000E+00,    0.0000000000E+00,    0.0000000000E+00,    3.8511056305E+02
    211050,      0.676966,CP4_after_advection,   1,    0.0000000000E+00,    3.8512832375E+02,    3.8512832375E+02,    0.0000000000E+00,    0.0000000000E+00,    0.0000000000E+00,    3.8512832375E+02
    211050,      0.676966,CP5_after_vdif,   1,    0.0000000000E+00,    3.8512832375E+02,    3.8512832375E+02,    0.0000000000E+00,    0.0000000000E+00,    0.0000000000E+00,    3.8512832375E+02
    211050,      0.676966,CP6_after_kinetics,   1,    0.0000000000E+00,    3.8512832375E+02,    3.8512832375E+02,    0.0000000000E+00,    0.0000000000E+00,    0.0000000000E+00,    3.8512832375E+02
    211050,      0.676966,CP7_after_upper_clamp,   1,    0.0000000000E+00,    3.8512832375E+02,    3.8512832375E+02,    0.0000000000E+00,    0.0000000000E+00,    0.0000000000E+00,    3.8512832375E+02
    211050,      0.676966,CP8_after_OBC,   1,    0.0000000000E+00,    3.8512832375E+02,    3.8512832375E+02,    0.0000000000E+00,    0.0000000000E+00,    0.0000000000E+00,    3.8512832375E+02
    211050,      0.676966,CP9_after_PTsource,   1,    0.0000000000E+00,    3.8512832375E+02,    3.8512832375E+02,    0.0000000000E+00,    0.0000000000E+00,    0.0000000000E+00,    3.8512832375E+02
    211050,      0.676966,CP10_after_neg_clamp,   1,    0.0000000000E+00,    3.8512832375E+02,    3.8512832375E+02,    0.0000000000E+00,    0.0000000000E+00,    0.0000000000E+00,    3.8512832375E+02
    211050,      0.676966,CP11_after_MPI,   1,    0.0000000000E+00,    3.8512832375E+02,    3.8512832375E+02,    0.0000000000E+00,    0.0000000000E+00,    0.0000000000E+00,    3.8512832375E+02
    211050,      0.676966,CP12_end,   1,    0.0000000000E+00,    3.8512832375E+02,    3.8512832375E+02,    0.0000000000E+00,    0.0000000000E+00,    0.0000000000E+00,    3.8512832375E+02
    211100,      0.676966,CP0_start,   1,    0.0000000000E+00,    3.8531808508E+02,    3.8531808508E+02,    0.0000000000E+00,    0.0000000000E+00,    0.0000000000E+00,    3.8531808508E+02
    211100,      0.676966,CP1_after_deposition,   1,    0.0000000000E+00,    3.8531808508E+02,    3.8531808508E+02,    0.0000000000E+00,    0.0000000000E+00,    0.0000000000E+00,    3.8531808508E+02
    211100,      0.676966,CP2_after_erosion,   1,    0.0000000000E+00,    3.8531808508E+02,    3.8531808508E+02,    0.0000000000E+00,    0.0000000000E+00,    0.0000000000E+00,    3.8531808508E+02
    211100,      0.676966,CP3_after_update_bottom,   1,    0.0000000000E+00,    3.8531808508E+02,    3.8531808508E+02,    0.0000000000E+00,    0.0000000000E+00,    0.0000000000E+00,    3.8531808508E+02
    211100,      0.676966,CP4_after_advection,   1,    0.0000000000E+00,    3.8533581655E+02,    3.8533581655E+02,    0.0000000000E+00,    0.0000000000E+00,    0.0000000000E+00,    3.8533581655E+02
    211100,      0.676966,CP5_after_vdif,   1,    0.0000000000E+00,    3.8533581655E+02,    3.8533581655E+02,    0.0000000000E+00,    0.0000000000E+00,    0.0000000000E+00,    3.8533581655E+02
    211100,      0.676966,CP6_after_kinetics,   1,    0.0000000000E+00,    3.8533581655E+02,    3.8533581655E+02,    0.0000000000E+00,    0.0000000000E+00,    0.0000000000E+00,    3.8533581655E+02
    211100,      0.676966,CP7_after_upper_clamp,   1,    0.0000000000E+00,    3.8533581655E+02,    3.8533581655E+02,    0.0000000000E+00,    0.0000000000E+00,    0.0000000000E+00,    3.8533581655E+02
    211100,      0.676966,CP8_after_OBC,   1,    0.0000000000E+00,    3.8533581655E+02,    3.8533581655E+02,    0.0000000000E+00,    0.0000000000E+00,    0.0000000000E+00,    3.8533581655E+02
    211100,      0.676966,CP9_after_PTsource,   1,    0.0000000000E+00,    3.8533581655E+02,    3.8533581655E+02,    0.0000000000E+00,    0.0000000000E+00,    0.0000000000E+00,    3.8533581655E+02
    211100,      0.676966,CP10_after_neg_clamp,   1,    0.0000000000E+00,    3.8533581655E+02,    3.8533581655E+02,    0.0000000000E+00,    0.0000000000E+00,    0.0000000000E+00,    3.8533581655E+02
    211100,      0.676966,CP11_after_MPI,   1,    0.0000000000E+00,    3.8533581655E+02,    3.8533581655E+02,    0.0000000000E+00,    0.0000000000E+00,    0.0000000000E+00,    3.8533581655E+02
    211100,      0.676966,CP12_end,   1,    0.0000000000E+00,    3.8533581655E+02,    3.8533581655E+02,    0.0000000000E+00,    0.0000000000E+00,    0.0000000000E+00,    3.8533581655E+02
    211150,      0.676966,CP0_start,   1,    0.0000000000E+00,    3.8552523306E+02,    3.8552523306E+02,    0.0000000000E+00,    0.0000000000E+00,    0.0000000000E+00,    3.8552523306E+02
    211150,      0.676966,CP1_after_deposition,   1,    0.0000000000E+00,    3.8552523306E+02,    3.8552523306E+02,    0.0000000000E+00,    0.0000000000E+00,    0.0000000000E+00,    3.8552523306E+02
    211150,      0.676966,CP2_after_erosion,   1,    0.0000000000E+00,    3.8552523306E+02,    3.8552523306E+02,    0.0000000000E+00,    0.0000000000E+00,    0.0000000000E+00,    3.8552523306E+02
    211150,      0.676966,CP3_after_update_bottom,   1,    0.0000000000E+00,    3.8552523306E+02,    3.8552523306E+02,    0.0000000000E+00,    0.0000000000E+00,    0.0000000000E+00,    3.8552523306E+02
    211150,      0.676966,CP4_after_advection,   1,    0.0000000000E+00,    3.8554291998E+02,    3.8554291998E+02,    0.0000000000E+00,    0.0000000000E+00,    0.0000000000E+00,    3.8554291998E+02
    211150,      0.676966,CP5_after_vdif,   1,    0.0000000000E+00,    3.8554291998E+02,    3.8554291998E+02,    0.0000000000E+00,    0.0000000000E+00,    0.0000000000E+00,    3.8554291998E+02
    211150,      0.676966,CP6_after_kinetics,   1,    0.0000000000E+00,    3.8554291998E+02,    3.8554291998E+02,    0.0000000000E+00,    0.0000000000E+00,    0.0000000000E+00,    3.8554291998E+02
    211150,      0.676966,CP7_after_upper_clamp,   1,    0.0000000000E+00,    3.8554291998E+02,    3.8554291998E+02,    0.0000000000E+00,    0.0000000000E+00,    0.0000000000E+00,    3.8554291998E+02
    211150,      0.676966,CP8_after_OBC,   1,    0.0000000000E+00,    3.8554291998E+02,    3.8554291998E+02,    0.0000000000E+00,    0.0000000000E+00,    0.0000000000E+00,    3.8554291998E+02
    211150,      0.676966,CP9_after_PTsource,   1,    0.0000000000E+00,    3.8554291998E+02,    3.8554291998E+02,    0.0000000000E+00,    0.0000000000E+00,    0.0000000000E+00,    3.8554291998E+02
    211150,      0.676966,CP10_after_neg_clamp,   1,    0.0000000000E+00,    3.8554291998E+02,    3.8554291998E+02,    0.0000000000E+00,    0.0000000000E+00,    0.0000000000E+00,    3.8554291998E+02
    211150,      0.676966,CP11_after_MPI,   1,    0.0000000000E+00,    3.8554291998E+02,    3.8554291998E+02,    0.0000000000E+00,    0.0000000000E+00,    0.0000000000E+00,    3.8554291998E+02
    211150,      0.676966,CP12_end,   1,    0.0000000000E+00,    3.8554291998E+02,    3.8554291998E+02,    0.0000000000E+00,    0.0000000000E+00,    0.0000000000E+00,    3.8554291998E+02
    211200,      0.676966,CP0_start,   1,    0.0000000000E+00,    3.8573194434E+02,    3.8573194434E+02,    0.0000000000E+00,    0.0000000000E+00,    0.0000000000E+00,    3.8573194434E+02
    211200,      0.676966,CP1_after_deposition,   1,    0.0000000000E+00,    3.8573194434E+02,    3.8573194434E+02,    0.0000000000E+00,    0.0000000000E+00,    0.0000000000E+00,    3.8573194434E+02
    211200,      0.676966,CP2_after_erosion,   1,    0.0000000000E+00,    3.8573194434E+02,    3.8573194434E+02,    0.0000000000E+00,    0.0000000000E+00,    0.0000000000E+00,    3.8573194434E+02
    211200,      0.676966,CP3_after_update_bottom,   1,    0.0000000000E+00,    3.8573194434E+02,    3.8573194434E+02,    0.0000000000E+00,    0.0000000000E+00,    0.0000000000E+00,    3.8573194434E+02
    211200,      0.676966,CP4_after_advection,   1,    0.0000000000E+00,    3.8574959609E+02,    3.8574959609E+02,    0.0000000000E+00,    0.0000000000E+00,    0.0000000000E+00,    3.8574959609E+02
    211200,      0.676966,CP5_after_vdif,   1,    0.0000000000E+00,    3.8574959609E+02,    3.8574959609E+02,    0.0000000000E+00,    0.0000000000E+00,    0.0000000000E+00,    3.8574959609E+02
    211200,      0.676966,CP6_after_kinetics,   1,    0.0000000000E+00,    3.8574959609E+02,    3.8574959609E+02,    0.0000000000E+00,    0.0000000000E+00,    0.0000000000E+00,    3.8574959609E+02
    211200,      0.676966,CP7_after_upper_clamp,   1,    0.0000000000E+00,    3.8574959609E+02,    3.8574959609E+02,    0.0000000000E+00,    0.0000000000E+00,    0.0000000000E+00,    3.8574959609E+02
    211200,      0.676966,CP8_after_OBC,   1,    0.0000000000E+00,    3.8574959609E+02,    3.8574959609E+02,    0.0000000000E+00,    0.0000000000E+00,    0.0000000000E+00,    3.8574959609E+02
    211200,      0.676966,CP9_after_PTsource,   1,    0.0000000000E+00,    3.8574959609E+02,    3.8574959609E+02,    0.0000000000E+00,    0.0000000000E+00,    0.0000000000E+00,    3.8574959609E+02
    211200,      0.676966,CP10_after_neg_clamp,   1,    0.0000000000E+00,    3.8574959609E+02,    3.8574959609E+02,    0.0000000000E+00,    0.0000000000E+00,    0.0000000000E+00,    3.8574959609E+02
    211200,      0.676966,CP11_after_MPI,   1,    0.0000000000E+00,    3.8574959609E+02,    3.8574959609E+02,    0.0000000000E+00,    0.0000000000E+00,    0.0000000000E+00,    3.8574959609E+02
    211200,      0.676966,CP12_end,   1,    0.0000000000E+00,    3.8574959609E+02,    3.8574959609E+02,    0.0000000000E+00,    0.0000000000E+00,    0.0000000000E+00,    3.8574959609E+02
    211250,      0.676966,CP0_start,   1,    0.0000000000E+00,    3.8593829173E+02,    3.8593829173E+02,    0.0000000000E+00,    0.0000000000E+00,    0.0000000000E+00,    3.8593829173E+02
    211250,      0.676966,CP1_after_deposition,   1,    0.0000000000E+00,    3.8593829173E+02,    3.8593829173E+02,    0.0000000000E+00,    0.0000000000E+00,    0.0000000000E+00,    3.8593829173E+02
    211250,      0.676966,CP2_after_erosion,   1,    0.0000000000E+00,    3.8593829173E+02,    3.8593829173E+02,    0.0000000000E+00,    0.0000000000E+00,    0.0000000000E+00,    3.8593829173E+02
    211250,      0.676966,CP3_after_update_bottom,   1,    0.0000000000E+00,    3.8593829173E+02,    3.8593829173E+02,    0.0000000000E+00,    0.0000000000E+00,    0.0000000000E+00,    3.8593829173E+02
    211250,      0.676966,CP4_after_advection,   1,    0.0000000000E+00,    3.8595591578E+02,    3.8595591578E+02,    0.0000000000E+00,    0.0000000000E+00,    0.0000000000E+00,    3.8595591578E+02
    211250,      0.676966,CP5_after_vdif,   1,    0.0000000000E+00,    3.8595591578E+02,    3.8595591578E+02,    0.0000000000E+00,    0.0000000000E+00,    0.0000000000E+00,    3.8595591578E+02
    211250,      0.676966,CP6_after_kinetics,   1,    0.0000000000E+00,    3.8595591578E+02,    3.8595591578E+02,    0.0000000000E+00,    0.0000000000E+00,    0.0000000000E+00,    3.8595591578E+02
    211250,      0.676966,CP7_after_upper_clamp,   1,    0.0000000000E+00,    3.8595591578E+02,    3.8595591578E+02,    0.0000000000E+00,    0.0000000000E+00,    0.0000000000E+00,    3.8595591578E+02
    211250,      0.676966,CP8_after_OBC,   1,    0.0000000000E+00,    3.8595591578E+02,    3.8595591578E+02,    0.0000000000E+00,    0.0000000000E+00,    0.0000000000E+00,    3.8595591578E+02
    211250,      0.676966,CP9_after_PTsource,   1,    0.0000000000E+00,    3.8595591578E+02,    3.8595591578E+02,    0.0000000000E+00,    0.0000000000E+00,    0.0000000000E+00,    3.8595591578E+02
    211250,      0.676966,CP10_after_neg_clamp,   1,    0.0000000000E+00,    3.8595591578E+02,    3.8595591578E+02,    0.0000000000E+00,    0.0000000000E+00,    0.0000000000E+00,    3.8595591578E+02
    211250,      0.676966,CP11_after_MPI,   1,    0.0000000000E+00,    3.8595591578E+02,    3.8595591578E+02,    0.0000000000E+00,    0.0000000000E+00,    0.0000000000E+00,    3.8595591578E+02
    211250,      0.676966,CP12_end,   1,    0.0000000000E+00,    3.8595591578E+02,    3.8595591578E+02,    0.0000000000E+00,    0.0000000000E+00,    0.0000000000E+00,    3.8595591578E+02
    211300,      0.676966,CP0_start,   1,    0.0000000000E+00,    3.8614424563E+02,    3.8614424563E+02,    0.0000000000E+00,    0.0000000000E+00,    0.0000000000E+00,    3.8614424563E+02
    211300,      0.676966,CP1_after_deposition,   1,    0.0000000000E+00,    3.8614424563E+02,    3.8614424563E+02,    0.0000000000E+00,    0.0000000000E+00,    0.0000000000E+00,    3.8614424563E+02
    211300,      0.676966,CP2_after_erosion,   1,    0.0000000000E+00,    3.8614424563E+02,    3.8614424563E+02,    0.0000000000E+00,    0.0000000000E+00,    0.0000000000E+00,    3.8614424563E+02
    211300,      0.676966,CP3_after_update_bottom,   1,    0.0000000000E+00,    3.8614424563E+02,    3.8614424563E+02,    0.0000000000E+00,    0.0000000000E+00,    0.0000000000E+00,    3.8614424563E+02
    211300,      0.676966,CP4_after_advection,   1,    0.0000000000E+00,    3.8616183068E+02,    3.8616183068E+02,    0.0000000000E+00,    0.0000000000E+00,    0.0000000000E+00,    3.8616183068E+02
    211300,      0.676966,CP5_after_vdif,   1,    0.0000000000E+00,    3.8616183068E+02,    3.8616183068E+02,    0.0000000000E+00,    0.0000000000E+00,    0.0000000000E+00,    3.8616183068E+02
    211300,      0.676966,CP6_after_kinetics,   1,    0.0000000000E+00,    3.8616183068E+02,    3.8616183068E+02,    0.0000000000E+00,    0.0000000000E+00,    0.0000000000E+00,    3.8616183068E+02
    211300,      0.676966,CP7_after_upper_clamp,   1,    0.0000000000E+00,    3.8616183068E+02,    3.8616183068E+02,    0.0000000000E+00,    0.0000000000E+00,    0.0000000000E+00,    3.8616183068E+02
    211300,      0.676966,CP8_after_OBC,   1,    0.0000000000E+00,    3.8616183068E+02,    3.8616183068E+02,    0.0000000000E+00,    0.0000000000E+00,    0.0000000000E+00,    3.8616183068E+02
    211300,      0.676966,CP9_after_PTsource,   1,    0.0000000000E+00,    3.8616183068E+02,    3.8616183068E+02,    0.0000000000E+00,    0.0000000000E+00,    0.0000000000E+00,    3.8616183068E+02
    211300,      0.676966,CP10_after_neg_clamp,   1,    0.0000000000E+00,    3.8616183068E+02,    3.8616183068E+02,    0.0000000000E+00,    0.0000000000E+00,    0.0000000000E+00,    3.8616183068E+02
    211300,      0.676966,CP11_after_MPI,   1,    0.0000000000E+00,    3.8616183068E+02,    3.8616183068E+02,    0.0000000000E+00,    0.0000000000E+00,    0.0000000000E+00,    3.8616183068E+02
    211300,      0.676966,CP12_end,   1,    0.0000000000E+00,    3.8616183068E+02,    3.8616183068E+02,    0.0000000000E+00,    0.0000000000E+00,    0.0000000000E+00,    3.8616183068E+02
    211350,      0.676966,CP0_start,   1,    0.0000000000E+00,    3.8634963734E+02,    3.8634963734E+02,    0.0000000000E+00,    0.0000000000E+00,    0.0000000000E+00,    3.8634963734E+02
    211350,      0.676966,CP1_after_deposition,   1,    0.0000000000E+00,    3.8634963734E+02,    3.8634963734E+02,    0.0000000000E+00,    0.0000000000E+00,    0.0000000000E+00,    3.8634963734E+02
    211350,      0.676966,CP2_after_erosion,   1,    0.0000000000E+00,    3.8634963734E+02,    3.8634963734E+02,    0.0000000000E+00,    0.0000000000E+00,    0.0000000000E+00,    3.8634963734E+02
    211350,      0.676966,CP3_after_update_bottom,   1,    0.0000000000E+00,    3.8634963734E+02,    3.8634963734E+02,    0.0000000000E+00,    0.0000000000E+00,    0.0000000000E+00,    3.8634963734E+02
    211350,      0.676966,CP4_after_advection,   1,    0.0000000000E+00,    3.8636716986E+02,    3.8636716986E+02,    0.0000000000E+00,    0.0000000000E+00,    0.0000000000E+00,    3.8636716986E+02
    211350,      0.676966,CP5_after_vdif,   1,    0.0000000000E+00,    3.8636716986E+02,    3.8636716986E+02,    0.0000000000E+00,    0.0000000000E+00,    0.0000000000E+00,    3.8636716986E+02
    211350,      0.676966,CP6_after_kinetics,   1,    0.0000000000E+00,    3.8636716986E+02,    3.8636716986E+02,    0.0000000000E+00,    0.0000000000E+00,    0.0000000000E+00,    3.8636716986E+02
    211350,      0.676966,CP7_after_upper_clamp,   1,    0.0000000000E+00,    3.8636716986E+02,    3.8636716986E+02,    0.0000000000E+00,    0.0000000000E+00,    0.0000000000E+00,    3.8636716986E+02
    211350,      0.676966,CP8_after_OBC,   1,    0.0000000000E+00,    3.8636716986E+02,    3.8636716986E+02,    0.0000000000E+00,    0.0000000000E+00,    0.0000000000E+00,    3.8636716986E+02
    211350,      0.676966,CP9_after_PTsource,   1,    0.0000000000E+00,    3.8636716986E+02,    3.8636716986E+02,    0.0000000000E+00,    0.0000000000E+00,    0.0000000000E+00,    3.8636716986E+02
    211350,      0.676966,CP10_after_neg_clamp,   1,    0.0000000000E+00,    3.8636716986E+02,    3.8636716986E+02,    0.0000000000E+00,    0.0000000000E+00,    0.0000000000E+00,    3.8636716986E+02
    211350,      0.676966,CP11_after_MPI,   1,    0.0000000000E+00,    3.8636716986E+02,    3.8636716986E+02,    0.0000000000E+00,    0.0000000000E+00,    0.0000000000E+00,    3.8636716986E+02
    211350,      0.676966,CP12_end,   1,    0.0000000000E+00,    3.8636716986E+02,    3.8636716986E+02,    0.0000000000E+00,    0.0000000000E+00,    0.0000000000E+00,    3.8636716986E+02
    211400,      0.676966,CP0_start,   1,    0.0000000000E+00,    3.8655420210E+02,    3.8655420210E+02,    0.0000000000E+00,    0.0000000000E+00,    0.0000000000E+00,    3.8655420210E+02
    211400,      0.676966,CP1_after_deposition,   1,    0.0000000000E+00,    3.8655420210E+02,    3.8655420210E+02,    0.0000000000E+00,    0.0000000000E+00,    0.0000000000E+00,    3.8655420210E+02
    211400,      0.676966,CP2_after_erosion,   1,    0.0000000000E+00,    3.8655420210E+02,    3.8655420210E+02,    0.0000000000E+00,    0.0000000000E+00,    0.0000000000E+00,    3.8655420210E+02
    211400,      0.676966,CP3_after_update_bottom,   1,    0.0000000000E+00,    3.8655420210E+02,    3.8655420210E+02,    0.0000000000E+00,    0.0000000000E+00,    0.0000000000E+00,    3.8655420210E+02
    211400,      0.676966,CP4_after_advection,   1,    0.0000000000E+00,    3.8657168605E+02,    3.8657168605E+02,    0.0000000000E+00,    0.0000000000E+00,    0.0000000000E+00,    3.8657168605E+02
    211400,      0.676966,CP5_after_vdif,   1,    0.0000000000E+00,    3.8657168605E+02,    3.8657168605E+02,    0.0000000000E+00,    0.0000000000E+00,    0.0000000000E+00,    3.8657168605E+02
    211400,      0.676966,CP6_after_kinetics,   1,    0.0000000000E+00,    3.8657168605E+02,    3.8657168605E+02,    0.0000000000E+00,    0.0000000000E+00,    0.0000000000E+00,    3.8657168605E+02
    211400,      0.676966,CP7_after_upper_clamp,   1,    0.0000000000E+00,    3.8657168605E+02,    3.8657168605E+02,    0.0000000000E+00,    0.0000000000E+00,    0.0000000000E+00,    3.8657168605E+02
    211400,      0.676966,CP8_after_OBC,   1,    0.0000000000E+00,    3.8657168605E+02,    3.8657168605E+02,    0.0000000000E+00,    0.0000000000E+00,    0.0000000000E+00,    3.8657168605E+02
    211400,      0.676966,CP9_after_PTsource,   1,    0.0000000000E+00,    3.8657168605E+02,    3.8657168605E+02,    0.0000000000E+00,    0.0000000000E+00,    0.0000000000E+00,    3.8657168605E+02
    211400,      0.676966,CP10_after_neg_clamp,   1,    0.0000000000E+00,    3.8657168605E+02,    3.8657168605E+02,    0.0000000000E+00,    0.0000000000E+00,    0.0000000000E+00,    3.8657168605E+02
    211400,      0.676966,CP11_after_MPI,   1,    0.0000000000E+00,    3.8657168605E+02,    3.8657168605E+02,    0.0000000000E+00,    0.0000000000E+00,    0.0000000000E+00,    3.8657168605E+02
    211400,      0.676966,CP12_end,   1,    0.0000000000E+00,    3.8657168605E+02,    3.8657168605E+02,    0.0000000000E+00,    0.0000000000E+00,    0.0000000000E+00,    3.8657168605E+02
    211450,      0.676966,CP0_start,   1,    0.0000000000E+00,    3.8675780524E+02,    3.8675780524E+02,    0.0000000000E+00,    0.0000000000E+00,    0.0000000000E+00,    3.8675780524E+02
    211450,      0.676966,CP1_after_deposition,   1,    0.0000000000E+00,    3.8675780524E+02,    3.8675780524E+02,    0.0000000000E+00,    0.0000000000E+00,    0.0000000000E+00,    3.8675780524E+02
    211450,      0.676966,CP2_after_erosion,   1,    0.0000000000E+00,    3.8675780524E+02,    3.8675780524E+02,    0.0000000000E+00,    0.0000000000E+00,    0.0000000000E+00,    3.8675780524E+02
    211450,      0.676966,CP3_after_update_bottom,   1,    0.0000000000E+00,    3.8675780524E+02,    3.8675780524E+02,    0.0000000000E+00,    0.0000000000E+00,    0.0000000000E+00,    3.8675780524E+02
    211450,      0.676966,CP4_after_advection,   1,    0.0000000000E+00,    3.8677524058E+02,    3.8677524058E+02,    0.0000000000E+00,    0.0000000000E+00,    0.0000000000E+00,    3.8677524058E+02
    211450,      0.676966,CP5_after_vdif,   1,    0.0000000000E+00,    3.8677524058E+02,    3.8677524058E+02,    0.0000000000E+00,    0.0000000000E+00,    0.0000000000E+00,    3.8677524058E+02
    211450,      0.676966,CP6_after_kinetics,   1,    0.0000000000E+00,    3.8677524058E+02,    3.8677524058E+02,    0.0000000000E+00,    0.0000000000E+00,    0.0000000000E+00,    3.8677524058E+02
    211450,      0.676966,CP7_after_upper_clamp,   1,    0.0000000000E+00,    3.8677524058E+02,    3.8677524058E+02,    0.0000000000E+00,    0.0000000000E+00,    0.0000000000E+00,    3.8677524058E+02
    211450,      0.676966,CP8_after_OBC,   1,    0.0000000000E+00,    3.8677524058E+02,    3.8677524058E+02,    0.0000000000E+00,    0.0000000000E+00,    0.0000000000E+00,    3.8677524058E+02
    211450,      0.676966,CP9_after_PTsource,   1,    0.0000000000E+00,    3.8677524058E+02,    3.8677524058E+02,    0.0000000000E+00,    0.0000000000E+00,    0.0000000000E+00,    3.8677524058E+02
    211450,      0.676966,CP10_after_neg_clamp,   1,    0.0000000000E+00,    3.8677524058E+02,    3.8677524058E+02,    0.0000000000E+00,    0.0000000000E+00,    0.0000000000E+00,    3.8677524058E+02
    211450,      0.676966,CP11_after_MPI,   1,    0.0000000000E+00,    3.8677524058E+02,    3.8677524058E+02,    0.0000000000E+00,    0.0000000000E+00,    0.0000000000E+00,    3.8677524058E+02
    211450,      0.676966,CP12_end,   1,    0.0000000000E+00,    3.8677524058E+02,    3.8677524058E+02,    0.0000000000E+00,    0.0000000000E+00,    0.0000000000E+00,    3.8677524058E+02
    211500,      0.676966,CP0_start,   1,    0.0000000000E+00,    3.8696036591E+02,    3.8696036591E+02,    0.0000000000E+00,    0.0000000000E+00,    0.0000000000E+00,    3.8696036591E+02
    211500,      0.676966,CP1_after_deposition,   1,    0.0000000000E+00,    3.8696036591E+02,    3.8696036591E+02,    0.0000000000E+00,    0.0000000000E+00,    0.0000000000E+00,    3.8696036591E+02
    211500,      0.676966,CP2_after_erosion,   1,    0.0000000000E+00,    3.8696036591E+02,    3.8696036591E+02,    0.0000000000E+00,    0.0000000000E+00,    0.0000000000E+00,    3.8696036591E+02
    211500,      0.676966,CP3_after_update_bottom,   1,    0.0000000000E+00,    3.8696036591E+02,    3.8696036591E+02,    0.0000000000E+00,    0.0000000000E+00,    0.0000000000E+00,    3.8696036591E+02
    211500,      0.676966,CP4_after_advection,   1,    0.0000000000E+00,    3.8697774252E+02,    3.8697774252E+02,    0.0000000000E+00,    0.0000000000E+00,    0.0000000000E+00,    3.8697774252E+02
    211500,      0.676966,CP5_after_vdif,   1,    0.0000000000E+00,    3.8697774252E+02,    3.8697774252E+02,    0.0000000000E+00,    0.0000000000E+00,    0.0000000000E+00,    3.8697774252E+02
    211500,      0.676966,CP6_after_kinetics,   1,    0.0000000000E+00,    3.8697774252E+02,    3.8697774252E+02,    0.0000000000E+00,    0.0000000000E+00,    0.0000000000E+00,    3.8697774252E+02
    211500,      0.676966,CP7_after_upper_clamp,   1,    0.0000000000E+00,    3.8697774252E+02,    3.8697774252E+02,    0.0000000000E+00,    0.0000000000E+00,    0.0000000000E+00,    3.8697774252E+02
    211500,      0.676966,CP8_after_OBC,   1,    0.0000000000E+00,    3.8697774252E+02,    3.8697774252E+02,    0.0000000000E+00,    0.0000000000E+00,    0.0000000000E+00,    3.8697774252E+02
    211500,      0.676966,CP9_after_PTsource,   1,    0.0000000000E+00,    3.8697774252E+02,    3.8697774252E+02,    0.0000000000E+00,    0.0000000000E+00,    0.0000000000E+00,    3.8697774252E+02
    211500,      0.676966,CP10_after_neg_clamp,   1,    0.0000000000E+00,    3.8697774252E+02,    3.8697774252E+02,    0.0000000000E+00,    0.0000000000E+00,    0.0000000000E+00,    3.8697774252E+02
    211500,      0.676966,CP11_after_MPI,   1,    0.0000000000E+00,    3.8697774252E+02,    3.8697774252E+02,    0.0000000000E+00,    0.0000000000E+00,    0.0000000000E+00,    3.8697774252E+02
    211500,      0.676966,CP12_end,   1,    0.0000000000E+00,    3.8697774252E+02,    3.8697774252E+02,    0.0000000000E+00,    0.0000000000E+00,    0.0000000000E+00,    3.8697774252E+02
    211550,      0.676966,CP0_start,   1,    0.0000000000E+00,    3.8716123062E+02,    3.8716123062E+02,    0.0000000000E+00,    0.0000000000E+00,    0.0000000000E+00,    3.8716123062E+02
    211550,      0.676966,CP1_after_deposition,   1,    0.0000000000E+00,    3.8716123062E+02,    3.8716123062E+02,    0.0000000000E+00,    0.0000000000E+00,    0.0000000000E+00,    3.8716123062E+02
    211550,      0.676966,CP2_after_erosion,   1,    0.0000000000E+00,    3.8716123062E+02,    3.8716123062E+02,    0.0000000000E+00,    0.0000000000E+00,    0.0000000000E+00,    3.8716123062E+02
    211550,      0.676966,CP3_after_update_bottom,   1,    0.0000000000E+00,    3.8716123062E+02,    3.8716123062E+02,    0.0000000000E+00,    0.0000000000E+00,    0.0000000000E+00,    3.8716123062E+02
    211550,      0.676966,CP4_after_advection,   1,    0.0000000000E+00,    3.8717854132E+02,    3.8717854132E+02,    0.0000000000E+00,    0.0000000000E+00,    0.0000000000E+00,    3.8717854132E+02
    211550,      0.676966,CP5_after_vdif,   1,    0.0000000000E+00,    3.8717854132E+02,    3.8717854132E+02,    0.0000000000E+00,    0.0000000000E+00,    0.0000000000E+00,    3.8717854132E+02
    211550,      0.676966,CP6_after_kinetics,   1,    0.0000000000E+00,    3.8717854132E+02,    3.8717854132E+02,    0.0000000000E+00,    0.0000000000E+00,    0.0000000000E+00,    3.8717854132E+02
    211550,      0.676966,CP7_after_upper_clamp,   1,    0.0000000000E+00,    3.8717854132E+02,    3.8717854132E+02,    0.0000000000E+00,    0.0000000000E+00,    0.0000000000E+00,    3.8717854132E+02
    211550,      0.676966,CP8_after_OBC,   1,    0.0000000000E+00,    3.8717854132E+02,    3.8717854132E+02,    0.0000000000E+00,    0.0000000000E+00,    0.0000000000E+00,    3.8717854132E+02
    211550,      0.676966,CP9_after_PTsource,   1,    0.0000000000E+00,    3.8717854132E+02,    3.8717854132E+02,    0.0000000000E+00,    0.0000000000E+00,    0.0000000000E+00,    3.8717854132E+02
    211550,      0.676966,CP10_after_neg_clamp,   1,    0.0000000000E+00,    3.8717854132E+02,    3.8717854132E+02,    0.0000000000E+00,    0.0000000000E+00,    0.0000000000E+00,    3.8717854132E+02
    211550,      0.676966,CP11_after_MPI,   1,    0.0000000000E+00,    3.8717854132E+02,    3.8717854132E+02,    0.0000000000E+00,    0.0000000000E+00,    0.0000000000E+00,    3.8717854132E+02
    211550,      0.676966,CP12_end,   1,    0.0000000000E+00,    3.8717854132E+02,    3.8717854132E+02,    0.0000000000E+00,    0.0000000000E+00,    0.0000000000E+00,    3.8717854132E+02
    211600,      0.676966,CP0_start,   1,    0.0000000000E+00,    3.8736104412E+02,    3.8736104412E+02,    0.0000000000E+00,    0.0000000000E+00,    0.0000000000E+00,    3.8736104412E+02
    211600,      0.676966,CP1_after_deposition,   1,    0.0000000000E+00,    3.8736104412E+02,    3.8736104412E+02,    0.0000000000E+00,    0.0000000000E+00,    0.0000000000E+00,    3.8736104412E+02
    211600,      0.676966,CP2_after_erosion,   1,    0.0000000000E+00,    3.8736104412E+02,    3.8736104412E+02,    0.0000000000E+00,    0.0000000000E+00,    0.0000000000E+00,    3.8736104412E+02
    211600,      0.676966,CP3_after_update_bottom,   1,    0.0000000000E+00,    3.8736104412E+02,    3.8736104412E+02,    0.0000000000E+00,    0.0000000000E+00,    0.0000000000E+00,    3.8736104412E+02
    211600,      0.676966,CP4_after_advection,   1,    0.0000000000E+00,    3.8737829112E+02,    3.8737829112E+02,    0.0000000000E+00,    0.0000000000E+00,    0.0000000000E+00,    3.8737829112E+02
    211600,      0.676966,CP5_after_vdif,   1,    0.0000000000E+00,    3.8737829112E+02,    3.8737829112E+02,    0.0000000000E+00,    0.0000000000E+00,    0.0000000000E+00,    3.8737829112E+02
    211600,      0.676966,CP6_after_kinetics,   1,    0.0000000000E+00,    3.8737829112E+02,    3.8737829112E+02,    0.0000000000E+00,    0.0000000000E+00,    0.0000000000E+00,    3.8737829112E+02
    211600,      0.676966,CP7_after_upper_clamp,   1,    0.0000000000E+00,    3.8737829112E+02,    3.8737829112E+02,    0.0000000000E+00,    0.0000000000E+00,    0.0000000000E+00,    3.8737829112E+02
    211600,      0.676966,CP8_after_OBC,   1,    0.0000000000E+00,    3.8737829112E+02,    3.8737829112E+02,    0.0000000000E+00,    0.0000000000E+00,    0.0000000000E+00,    3.8737829112E+02
    211600,      0.676966,CP9_after_PTsource,   1,    0.0000000000E+00,    3.8737829112E+02,    3.8737829112E+02,    0.0000000000E+00,    0.0000000000E+00,    0.0000000000E+00,    3.8737829112E+02
    211600,      0.676966,CP10_after_neg_clamp,   1,    0.0000000000E+00,    3.8737829112E+02,    3.8737829112E+02,    0.0000000000E+00,    0.0000000000E+00,    0.0000000000E+00,    3.8737829112E+02
    211600,      0.676966,CP11_after_MPI,   1,    0.0000000000E+00,    3.8737829112E+02,    3.8737829112E+02,    0.0000000000E+00,    0.0000000000E+00,    0.0000000000E+00,    3.8737829112E+02
    211600,      0.676966,CP12_end,   1,    0.0000000000E+00,    3.8737829112E+02,    3.8737829112E+02,    0.0000000000E+00,    0.0000000000E+00,    0.0000000000E+00,    3.8737829112E+02
    211650,      0.676966,CP0_start,   1,    0.0000000000E+00,    3.8755966042E+02,    3.8755966042E+02,    0.0000000000E+00,    0.0000000000E+00,    0.0000000000E+00,    3.8755966042E+02
    211650,      0.676966,CP1_after_deposition,   1,    0.0000000000E+00,    3.8755966042E+02,    3.8755966042E+02,    0.0000000000E+00,    0.0000000000E+00,    0.0000000000E+00,    3.8755966042E+02
    211650,      0.676966,CP2_after_erosion,   1,    0.0000000000E+00,    3.8755966042E+02,    3.8755966042E+02,    0.0000000000E+00,    0.0000000000E+00,    0.0000000000E+00,    3.8755966042E+02
    211650,      0.676966,CP3_after_update_bottom,   1,    0.0000000000E+00,    3.8755966042E+02,    3.8755966042E+02,    0.0000000000E+00,    0.0000000000E+00,    0.0000000000E+00,    3.8755966042E+02
    211650,      0.676966,CP4_after_advection,   1,    0.0000000000E+00,    3.8757684688E+02,    3.8757684688E+02,    0.0000000000E+00,    0.0000000000E+00,    0.0000000000E+00,    3.8757684688E+02
    211650,      0.676966,CP5_after_vdif,   1,    0.0000000000E+00,    3.8757684688E+02,    3.8757684688E+02,    0.0000000000E+00,    0.0000000000E+00,    0.0000000000E+00,    3.8757684688E+02
    211650,      0.676966,CP6_after_kinetics,   1,    0.0000000000E+00,    3.8757684688E+02,    3.8757684688E+02,    0.0000000000E+00,    0.0000000000E+00,    0.0000000000E+00,    3.8757684688E+02
    211650,      0.676966,CP7_after_upper_clamp,   1,    0.0000000000E+00,    3.8757684688E+02,    3.8757684688E+02,    0.0000000000E+00,    0.0000000000E+00,    0.0000000000E+00,    3.8757684688E+02
    211650,      0.676966,CP8_after_OBC,   1,    0.0000000000E+00,    3.8757684688E+02,    3.8757684688E+02,    0.0000000000E+00,    0.0000000000E+00,    0.0000000000E+00,    3.8757684688E+02
    211650,      0.676966,CP9_after_PTsource,   1,    0.0000000000E+00,    3.8757684688E+02,    3.8757684688E+02,    0.0000000000E+00,    0.0000000000E+00,    0.0000000000E+00,    3.8757684688E+02
    211650,      0.676966,CP10_after_neg_clamp,   1,    0.0000000000E+00,    3.8757684688E+02,    3.8757684688E+02,    0.0000000000E+00,    0.0000000000E+00,    0.0000000000E+00,    3.8757684688E+02
    211650,      0.676966,CP11_after_MPI,   1,    0.0000000000E+00,    3.8757684688E+02,    3.8757684688E+02,    0.0000000000E+00,    0.0000000000E+00,    0.0000000000E+00,    3.8757684688E+02
    211650,      0.676966,CP12_end,   1,    0.0000000000E+00,    3.8757684688E+02,    3.8757684688E+02,    0.0000000000E+00,    0.0000000000E+00,    0.0000000000E+00,    3.8757684688E+02
    211700,      0.676966,CP0_start,   1,    0.0000000000E+00,    3.8775696580E+02,    3.8775696580E+02,    0.0000000000E+00,    0.0000000000E+00,    0.0000000000E+00,    3.8775696580E+02
    211700,      0.676966,CP1_after_deposition,   1,    0.0000000000E+00,    3.8775696580E+02,    3.8775696580E+02,    0.0000000000E+00,    0.0000000000E+00,    0.0000000000E+00,    3.8775696580E+02
    211700,      0.676966,CP2_after_erosion,   1,    0.0000000000E+00,    3.8775696580E+02,    3.8775696580E+02,    0.0000000000E+00,    0.0000000000E+00,    0.0000000000E+00,    3.8775696580E+02
    211700,      0.676966,CP3_after_update_bottom,   1,    0.0000000000E+00,    3.8775696580E+02,    3.8775696580E+02,    0.0000000000E+00,    0.0000000000E+00,    0.0000000000E+00,    3.8775696580E+02
    211700,      0.676966,CP4_after_advection,   1,    0.0000000000E+00,    3.8777408094E+02,    3.8777408094E+02,    0.0000000000E+00,    0.0000000000E+00,    0.0000000000E+00,    3.8777408094E+02
    211700,      0.676966,CP5_after_vdif,   1,    0.0000000000E+00,    3.8777408094E+02,    3.8777408094E+02,    0.0000000000E+00,    0.0000000000E+00,    0.0000000000E+00,    3.8777408094E+02
    211700,      0.676966,CP6_after_kinetics,   1,    0.0000000000E+00,    3.8777408094E+02,    3.8777408094E+02,    0.0000000000E+00,    0.0000000000E+00,    0.0000000000E+00,    3.8777408094E+02
    211700,      0.676966,CP7_after_upper_clamp,   1,    0.0000000000E+00,    3.8777408094E+02,    3.8777408094E+02,    0.0000000000E+00,    0.0000000000E+00,    0.0000000000E+00,    3.8777408094E+02
    211700,      0.676966,CP8_after_OBC,   1,    0.0000000000E+00,    3.8777408094E+02,    3.8777408094E+02,    0.0000000000E+00,    0.0000000000E+00,    0.0000000000E+00,    3.8777408094E+02
    211700,      0.676966,CP9_after_PTsource,   1,    0.0000000000E+00,    3.8777408094E+02,    3.8777408094E+02,    0.0000000000E+00,    0.0000000000E+00,    0.0000000000E+00,    3.8777408094E+02
    211700,      0.676966,CP10_after_neg_clamp,   1,    0.0000000000E+00,    3.8777408094E+02,    3.8777408094E+02,    0.0000000000E+00,    0.0000000000E+00,    0.0000000000E+00,    3.8777408094E+02
    211700,      0.676966,CP11_after_MPI,   1,    0.0000000000E+00,    3.8777408094E+02,    3.8777408094E+02,    0.0000000000E+00,    0.0000000000E+00,    0.0000000000E+00,    3.8777408094E+02
    211700,      0.676966,CP12_end,   1,    0.0000000000E+00,    3.8777408094E+02,    3.8777408094E+02,    0.0000000000E+00,    0.0000000000E+00,    0.0000000000E+00,    3.8777408094E+02
    211750,      0.676966,CP0_start,   1,    0.0000000000E+00,    3.8795290275E+02,    3.8795290275E+02,    0.0000000000E+00,    0.0000000000E+00,    0.0000000000E+00,    3.8795290275E+02
    211750,      0.676966,CP1_after_deposition,   1,    0.0000000000E+00,    3.8795290275E+02,    3.8795290275E+02,    0.0000000000E+00,    0.0000000000E+00,    0.0000000000E+00,    3.8795290275E+02
    211750,      0.676966,CP2_after_erosion,   1,    0.0000000000E+00,    3.8795290275E+02,    3.8795290275E+02,    0.0000000000E+00,    0.0000000000E+00,    0.0000000000E+00,    3.8795290275E+02
    211750,      0.676966,CP3_after_update_bottom,   1,    0.0000000000E+00,    3.8795290275E+02,    3.8795290275E+02,    0.0000000000E+00,    0.0000000000E+00,    0.0000000000E+00,    3.8795290275E+02
    211750,      0.676966,CP4_after_advection,   1,    0.0000000000E+00,    3.8796994560E+02,    3.8796994560E+02,    0.0000000000E+00,    0.0000000000E+00,    0.0000000000E+00,    3.8796994560E+02
    211750,      0.676966,CP5_after_vdif,   1,    0.0000000000E+00,    3.8796994560E+02,    3.8796994560E+02,    0.0000000000E+00,    0.0000000000E+00,    0.0000000000E+00,    3.8796994560E+02
    211750,      0.676966,CP6_after_kinetics,   1,    0.0000000000E+00,    3.8796994560E+02,    3.8796994560E+02,    0.0000000000E+00,    0.0000000000E+00,    0.0000000000E+00,    3.8796994560E+02
    211750,      0.676966,CP7_after_upper_clamp,   1,    0.0000000000E+00,    3.8796994560E+02,    3.8796994560E+02,    0.0000000000E+00,    0.0000000000E+00,    0.0000000000E+00,    3.8796994560E+02
    211750,      0.676966,CP8_after_OBC,   1,    0.0000000000E+00,    3.8796994560E+02,    3.8796994560E+02,    0.0000000000E+00,    0.0000000000E+00,    0.0000000000E+00,    3.8796994560E+02
    211750,      0.676966,CP9_after_PTsource,   1,    0.0000000000E+00,    3.8796994560E+02,    3.8796994560E+02,    0.0000000000E+00,    0.0000000000E+00,    0.0000000000E+00,    3.8796994560E+02
    211750,      0.676966,CP10_after_neg_clamp,   1,    0.0000000000E+00,    3.8796994560E+02,    3.8796994560E+02,    0.0000000000E+00,    0.0000000000E+00,    0.0000000000E+00,    3.8796994560E+02
    211750,      0.676966,CP11_after_MPI,   1,    0.0000000000E+00,    3.8796994560E+02,    3.8796994560E+02,    0.0000000000E+00,    0.0000000000E+00,    0.0000000000E+00,    3.8796994560E+02
    211750,      0.676966,CP12_end,   1,    0.0000000000E+00,    3.8796994560E+02,    3.8796994560E+02,    0.0000000000E+00,    0.0000000000E+00,    0.0000000000E+00,    3.8796994560E+02
    211800,      0.676966,CP0_start,   1,    0.0000000000E+00,    3.8814753772E+02,    3.8814753772E+02,    0.0000000000E+00,    0.0000000000E+00,    0.0000000000E+00,    3.8814753772E+02
    211800,      0.676966,CP1_after_deposition,   1,    0.0000000000E+00,    3.8814753772E+02,    3.8814753772E+02,    0.0000000000E+00,    0.0000000000E+00,    0.0000000000E+00,    3.8814753772E+02
    211800,      0.676966,CP2_after_erosion,   1,    0.0000000000E+00,    3.8814753772E+02,    3.8814753772E+02,    0.0000000000E+00,    0.0000000000E+00,    0.0000000000E+00,    3.8814753772E+02
    211800,      0.676966,CP3_after_update_bottom,   1,    0.0000000000E+00,    3.8814753772E+02,    3.8814753772E+02,    0.0000000000E+00,    0.0000000000E+00,    0.0000000000E+00,    3.8814753772E+02
    211800,      0.676966,CP4_after_advection,   1,    0.0000000000E+00,    3.8816451553E+02,    3.8816451553E+02,    0.0000000000E+00,    0.0000000000E+00,    0.0000000000E+00,    3.8816451553E+02
    211800,      0.676966,CP5_after_vdif,   1,    0.0000000000E+00,    3.8816451553E+02,    3.8816451553E+02,    0.0000000000E+00,    0.0000000000E+00,    0.0000000000E+00,    3.8816451553E+02
    211800,      0.676966,CP6_after_kinetics,   1,    0.0000000000E+00,    3.8816451553E+02,    3.8816451553E+02,    0.0000000000E+00,    0.0000000000E+00,    0.0000000000E+00,    3.8816451553E+02
    211800,      0.676966,CP7_after_upper_clamp,   1,    0.0000000000E+00,    3.8816451553E+02,    3.8816451553E+02,    0.0000000000E+00,    0.0000000000E+00,    0.0000000000E+00,    3.8816451553E+02
    211800,      0.676966,CP8_after_OBC,   1,    0.0000000000E+00,    3.8816451553E+02,    3.8816451553E+02,    0.0000000000E+00,    0.0000000000E+00,    0.0000000000E+00,    3.8816451553E+02
    211800,      0.676966,CP9_after_PTsource,   1,    0.0000000000E+00,    3.8816451553E+02,    3.8816451553E+02,    0.0000000000E+00,    0.0000000000E+00,    0.0000000000E+00,    3.8816451553E+02
    211800,      0.676966,CP10_after_neg_clamp,   1,    0.0000000000E+00,    3.8816451553E+02,    3.8816451553E+02,    0.0000000000E+00,    0.0000000000E+00,    0.0000000000E+00,    3.8816451553E+02
    211800,      0.676966,CP11_after_MPI,   1,    0.0000000000E+00,    3.8816451553E+02,    3.8816451553E+02,    0.0000000000E+00,    0.0000000000E+00,    0.0000000000E+00,    3.8816451553E+02
    211800,      0.676966,CP12_end,   1,    0.0000000000E+00,    3.8816451553E+02,    3.8816451553E+02,    0.0000000000E+00,    0.0000000000E+00,    0.0000000000E+00,    3.8816451553E+02
    211850,      0.676966,CP0_start,   1,    0.0000000000E+00,    3.8834098107E+02,    3.8834098107E+02,    0.0000000000E+00,    0.0000000000E+00,    0.0000000000E+00,    3.8834098107E+02
    211850,      0.676966,CP1_after_deposition,   1,    0.0000000000E+00,    3.8834098107E+02,    3.8834098107E+02,    0.0000000000E+00,    0.0000000000E+00,    0.0000000000E+00,    3.8834098107E+02
    211850,      0.676966,CP2_after_erosion,   1,    0.0000000000E+00,    3.8834098107E+02,    3.8834098107E+02,    0.0000000000E+00,    0.0000000000E+00,    0.0000000000E+00,    3.8834098107E+02
    211850,      0.676966,CP3_after_update_bottom,   1,    0.0000000000E+00,    3.8834098107E+02,    3.8834098107E+02,    0.0000000000E+00,    0.0000000000E+00,    0.0000000000E+00,    3.8834098107E+02
    211850,      0.676966,CP4_after_advection,   1,    0.0000000000E+00,    3.8835790139E+02,    3.8835790139E+02,    0.0000000000E+00,    0.0000000000E+00,    0.0000000000E+00,    3.8835790139E+02
    211850,      0.676966,CP5_after_vdif,   1,    0.0000000000E+00,    3.8835790139E+02,    3.8835790139E+02,    0.0000000000E+00,    0.0000000000E+00,    0.0000000000E+00,    3.8835790139E+02
    211850,      0.676966,CP6_after_kinetics,   1,    0.0000000000E+00,    3.8835790139E+02,    3.8835790139E+02,    0.0000000000E+00,    0.0000000000E+00,    0.0000000000E+00,    3.8835790139E+02
    211850,      0.676966,CP7_after_upper_clamp,   1,    0.0000000000E+00,    3.8835790139E+02,    3.8835790139E+02,    0.0000000000E+00,    0.0000000000E+00,    0.0000000000E+00,    3.8835790139E+02
    211850,      0.676966,CP8_after_OBC,   1,    0.0000000000E+00,    3.8835790139E+02,    3.8835790139E+02,    0.0000000000E+00,    0.0000000000E+00,    0.0000000000E+00,    3.8835790139E+02
    211850,      0.676966,CP9_after_PTsource,   1,    0.0000000000E+00,    3.8835790139E+02,    3.8835790139E+02,    0.0000000000E+00,    0.0000000000E+00,    0.0000000000E+00,    3.8835790139E+02
    211850,      0.676966,CP10_after_neg_clamp,   1,    0.0000000000E+00,    3.8835790139E+02,    3.8835790139E+02,    0.0000000000E+00,    0.0000000000E+00,    0.0000000000E+00,    3.8835790139E+02
    211850,      0.676966,CP11_after_MPI,   1,    0.0000000000E+00,    3.8835790139E+02,    3.8835790139E+02,    0.0000000000E+00,    0.0000000000E+00,    0.0000000000E+00,    3.8835790139E+02
    211850,      0.676966,CP12_end,   1,    0.0000000000E+00,    3.8835790139E+02,    3.8835790139E+02,    0.0000000000E+00,    0.0000000000E+00,    0.0000000000E+00,    3.8835790139E+02
    211900,      0.676966,CP0_start,   1,    0.0000000000E+00,    3.8853358347E+02,    3.8853358347E+02,    0.0000000000E+00,    0.0000000000E+00,    0.0000000000E+00,    3.8853358347E+02
    211900,      0.676966,CP1_after_deposition,   1,    0.0000000000E+00,    3.8853358347E+02,    3.8853358347E+02,    0.0000000000E+00,    0.0000000000E+00,    0.0000000000E+00,    3.8853358347E+02
    211900,      0.676966,CP2_after_erosion,   1,    0.0000000000E+00,    3.8853358347E+02,    3.8853358347E+02,    0.0000000000E+00,    0.0000000000E+00,    0.0000000000E+00,    3.8853358347E+02
    211900,      0.676966,CP3_after_update_bottom,   1,    0.0000000000E+00,    3.8853358347E+02,    3.8853358347E+02,    0.0000000000E+00,    0.0000000000E+00,    0.0000000000E+00,    3.8853358347E+02
    211900,      0.676966,CP4_after_advection,   1,    0.0000000000E+00,    3.8855044653E+02,    3.8855044653E+02,    0.0000000000E+00,    0.0000000000E+00,    0.0000000000E+00,    3.8855044653E+02
    211900,      0.676966,CP5_after_vdif,   1,    0.0000000000E+00,    3.8855044653E+02,    3.8855044653E+02,    0.0000000000E+00,    0.0000000000E+00,    0.0000000000E+00,    3.8855044653E+02
    211900,      0.676966,CP6_after_kinetics,   1,    0.0000000000E+00,    3.8855044653E+02,    3.8855044653E+02,    0.0000000000E+00,    0.0000000000E+00,    0.0000000000E+00,    3.8855044653E+02
    211900,      0.676966,CP7_after_upper_clamp,   1,    0.0000000000E+00,    3.8855044653E+02,    3.8855044653E+02,    0.0000000000E+00,    0.0000000000E+00,    0.0000000000E+00,    3.8855044653E+02
    211900,      0.676966,CP8_after_OBC,   1,    0.0000000000E+00,    3.8855044653E+02,    3.8855044653E+02,    0.0000000000E+00,    0.0000000000E+00,    0.0000000000E+00,    3.8855044653E+02
    211900,      0.676966,CP9_after_PTsource,   1,    0.0000000000E+00,    3.8855044653E+02,    3.8855044653E+02,    0.0000000000E+00,    0.0000000000E+00,    0.0000000000E+00,    3.8855044653E+02
    211900,      0.676966,CP10_after_neg_clamp,   1,    0.0000000000E+00,    3.8855044653E+02,    3.8855044653E+02,    0.0000000000E+00,    0.0000000000E+00,    0.0000000000E+00,    3.8855044653E+02
    211900,      0.676966,CP11_after_MPI,   1,    0.0000000000E+00,    3.8855044653E+02,    3.8855044653E+02,    0.0000000000E+00,    0.0000000000E+00,    0.0000000000E+00,    3.8855044653E+02
    211900,      0.676966,CP12_end,   1,    0.0000000000E+00,    3.8855044653E+02,    3.8855044653E+02,    0.0000000000E+00,    0.0000000000E+00,    0.0000000000E+00,    3.8855044653E+02
    211950,      0.676967,CP0_start,   1,    0.0000000000E+00,    3.8872559590E+02,    3.8872559590E+02,    0.0000000000E+00,    0.0000000000E+00,    0.0000000000E+00,    3.8872559590E+02
    211950,      0.676967,CP1_after_deposition,   1,    0.0000000000E+00,    3.8872559590E+02,    3.8872559590E+02,    0.0000000000E+00,    0.0000000000E+00,    0.0000000000E+00,    3.8872559590E+02
    211950,      0.676967,CP2_after_erosion,   1,    0.0000000000E+00,    3.8872559590E+02,    3.8872559590E+02,    0.0000000000E+00,    0.0000000000E+00,    0.0000000000E+00,    3.8872559590E+02
    211950,      0.676967,CP3_after_update_bottom,   1,    0.0000000000E+00,    3.8872559590E+02,    3.8872559590E+02,    0.0000000000E+00,    0.0000000000E+00,    0.0000000000E+00,    3.8872559590E+02
    211950,      0.676967,CP4_after_advection,   1,    0.0000000000E+00,    3.8874240415E+02,    3.8874240415E+02,    0.0000000000E+00,    0.0000000000E+00,    0.0000000000E+00,    3.8874240415E+02
    211950,      0.676967,CP5_after_vdif,   1,    0.0000000000E+00,    3.8874240415E+02,    3.8874240415E+02,    0.0000000000E+00,    0.0000000000E+00,    0.0000000000E+00,    3.8874240415E+02
    211950,      0.676967,CP6_after_kinetics,   1,    0.0000000000E+00,    3.8874240415E+02,    3.8874240415E+02,    0.0000000000E+00,    0.0000000000E+00,    0.0000000000E+00,    3.8874240415E+02
    211950,      0.676967,CP7_after_upper_clamp,   1,    0.0000000000E+00,    3.8874240415E+02,    3.8874240415E+02,    0.0000000000E+00,    0.0000000000E+00,    0.0000000000E+00,    3.8874240415E+02
    211950,      0.676967,CP8_after_OBC,   1,    0.0000000000E+00,    3.8874240415E+02,    3.8874240415E+02,    0.0000000000E+00,    0.0000000000E+00,    0.0000000000E+00,    3.8874240415E+02
    211950,      0.676967,CP9_after_PTsource,   1,    0.0000000000E+00,    3.8874240415E+02,    3.8874240415E+02,    0.0000000000E+00,    0.0000000000E+00,    0.0000000000E+00,    3.8874240415E+02
    211950,      0.676967,CP10_after_neg_clamp,   1,    0.0000000000E+00,    3.8874240415E+02,    3.8874240415E+02,    0.0000000000E+00,    0.0000000000E+00,    0.0000000000E+00,    3.8874240415E+02
    211950,      0.676967,CP11_after_MPI,   1,    0.0000000000E+00,    3.8874240415E+02,    3.8874240415E+02,    0.0000000000E+00,    0.0000000000E+00,    0.0000000000E+00,    3.8874240415E+02
    211950,      0.676967,CP12_end,   1,    0.0000000000E+00,    3.8874240415E+02,    3.8874240415E+02,    0.0000000000E+00,    0.0000000000E+00,    0.0000000000E+00,    3.8874240415E+02
    212000,      0.676967,CP0_start,   1,    0.0000000000E+00,    3.8891730007E+02,    3.8891730007E+02,    0.0000000000E+00,    0.0000000000E+00,    0.0000000000E+00,    3.8891730007E+02
    212000,      0.676967,CP1_after_deposition,   1,    0.0000000000E+00,    3.8891730007E+02,    3.8891730007E+02,    0.0000000000E+00,    0.0000000000E+00,    0.0000000000E+00,    3.8891730007E+02
    212000,      0.676967,CP2_after_erosion,   1,    0.0000000000E+00,    3.8891730007E+02,    3.8891730007E+02,    0.0000000000E+00,    0.0000000000E+00,    0.0000000000E+00,    3.8891730007E+02
    212000,      0.676967,CP3_after_update_bottom,   1,    0.0000000000E+00,    3.8891730007E+02,    3.8891730007E+02,    0.0000000000E+00,    0.0000000000E+00,    0.0000000000E+00,    3.8891730007E+02
    212000,      0.676967,CP4_after_advection,   1,    0.0000000000E+00,    3.8893406288E+02,    3.8893406288E+02,    0.0000000000E+00,    0.0000000000E+00,    0.0000000000E+00,    3.8893406288E+02
    212000,      0.676967,CP5_after_vdif,   1,    0.0000000000E+00,    3.8893406288E+02,    3.8893406288E+02,    0.0000000000E+00,    0.0000000000E+00,    0.0000000000E+00,    3.8893406288E+02
    212000,      0.676967,CP6_after_kinetics,   1,    0.0000000000E+00,    3.8893406288E+02,    3.8893406288E+02,    0.0000000000E+00,    0.0000000000E+00,    0.0000000000E+00,    3.8893406288E+02
    212000,      0.676967,CP7_after_upper_clamp,   1,    0.0000000000E+00,    3.8893406288E+02,    3.8893406288E+02,    0.0000000000E+00,    0.0000000000E+00,    0.0000000000E+00,    3.8893406288E+02
    212000,      0.676967,CP8_after_OBC,   1,    0.0000000000E+00,    3.8893406288E+02,    3.8893406288E+02,    0.0000000000E+00,    0.0000000000E+00,    0.0000000000E+00,    3.8893406288E+02
    212000,      0.676967,CP9_after_PTsource,   1,    0.0000000000E+00,    3.8893406288E+02,    3.8893406288E+02,    0.0000000000E+00,    0.0000000000E+00,    0.0000000000E+00,    3.8893406288E+02
    212000,      0.676967,CP10_after_neg_clamp,   1,    0.0000000000E+00,    3.8893406288E+02,    3.8893406288E+02,    0.0000000000E+00,    0.0000000000E+00,    0.0000000000E+00,    3.8893406288E+02
    212000,      0.676967,CP11_after_MPI,   1,    0.0000000000E+00,    3.8893406288E+02,    3.8893406288E+02,    0.0000000000E+00,    0.0000000000E+00,    0.0000000000E+00,    3.8893406288E+02
    212000,      0.676967,CP12_end,   1,    0.0000000000E+00,    3.8893406288E+02,    3.8893406288E+02,    0.0000000000E+00,    0.0000000000E+00,    0.0000000000E+00,    3.8893406288E+02
    212050,      0.676967,CP0_start,   1,    0.0000000000E+00,    3.8910899787E+02,    3.8910899787E+02,    0.0000000000E+00,    0.0000000000E+00,    0.0000000000E+00,    3.8910899787E+02
    212050,      0.676967,CP1_after_deposition,   1,    0.0000000000E+00,    3.8910899787E+02,    3.8910899787E+02,    0.0000000000E+00,    0.0000000000E+00,    0.0000000000E+00,    3.8910899787E+02
    212050,      0.676967,CP2_after_erosion,   1,    0.0000000000E+00,    3.8910899787E+02,    3.8910899787E+02,    0.0000000000E+00,    0.0000000000E+00,    0.0000000000E+00,    3.8910899787E+02
    212050,      0.676967,CP3_after_update_bottom,   1,    0.0000000000E+00,    3.8910899787E+02,    3.8910899787E+02,    0.0000000000E+00,    0.0000000000E+00,    0.0000000000E+00,    3.8910899787E+02
    212050,      0.676967,CP4_after_advection,   1,    0.0000000000E+00,    3.8912572370E+02,    3.8912572370E+02,    0.0000000000E+00,    0.0000000000E+00,    0.0000000000E+00,    3.8912572370E+02
    212050,      0.676967,CP5_after_vdif,   1,    0.0000000000E+00,    3.8912572370E+02,    3.8912572370E+02,    0.0000000000E+00,    0.0000000000E+00,    0.0000000000E+00,    3.8912572370E+02
    212050,      0.676967,CP6_after_kinetics,   1,    0.0000000000E+00,    3.8912572370E+02,    3.8912572370E+02,    0.0000000000E+00,    0.0000000000E+00,    0.0000000000E+00,    3.8912572370E+02
    212050,      0.676967,CP7_after_upper_clamp,   1,    0.0000000000E+00,    3.8912572370E+02,    3.8912572370E+02,    0.0000000000E+00,    0.0000000000E+00,    0.0000000000E+00,    3.8912572370E+02
    212050,      0.676967,CP8_after_OBC,   1,    0.0000000000E+00,    3.8912572370E+02,    3.8912572370E+02,    0.0000000000E+00,    0.0000000000E+00,    0.0000000000E+00,    3.8912572370E+02
    212050,      0.676967,CP9_after_PTsource,   1,    0.0000000000E+00,    3.8912572370E+02,    3.8912572370E+02,    0.0000000000E+00,    0.0000000000E+00,    0.0000000000E+00,    3.8912572370E+02
    212050,      0.676967,CP10_after_neg_clamp,   1,    0.0000000000E+00,    3.8912572370E+02,    3.8912572370E+02,    0.0000000000E+00,    0.0000000000E+00,    0.0000000000E+00,    3.8912572370E+02
    212050,      0.676967,CP11_after_MPI,   1,    0.0000000000E+00,    3.8912572370E+02,    3.8912572370E+02,    0.0000000000E+00,    0.0000000000E+00,    0.0000000000E+00,    3.8912572370E+02
    212050,      0.676967,CP12_end,   1,    0.0000000000E+00,    3.8912572370E+02,    3.8912572370E+02,    0.0000000000E+00,    0.0000000000E+00,    0.0000000000E+00,    3.8912572370E+02
    212100,      0.676967,CP0_start,   1,    0.0000000000E+00,    3.8930098455E+02,    3.8930098455E+02,    0.0000000000E+00,    0.0000000000E+00,    0.0000000000E+00,    3.8930098455E+02
    212100,      0.676967,CP1_after_deposition,   1,    0.0000000000E+00,    3.8930098455E+02,    3.8930098455E+02,    0.0000000000E+00,    0.0000000000E+00,    0.0000000000E+00,    3.8930098455E+02
    212100,      0.676967,CP2_after_erosion,   1,    0.0000000000E+00,    3.8930098455E+02,    3.8930098455E+02,    0.0000000000E+00,    0.0000000000E+00,    0.0000000000E+00,    3.8930098455E+02
    212100,      0.676967,CP3_after_update_bottom,   1,    0.0000000000E+00,    3.8930098455E+02,    3.8930098455E+02,    0.0000000000E+00,    0.0000000000E+00,    0.0000000000E+00,    3.8930098455E+02
    212100,      0.676967,CP4_after_advection,   1,    0.0000000000E+00,    3.8931767526E+02,    3.8931767526E+02,    0.0000000000E+00,    0.0000000000E+00,    0.0000000000E+00,    3.8931767526E+02
    212100,      0.676967,CP5_after_vdif,   1,    0.0000000000E+00,    3.8931767526E+02,    3.8931767526E+02,    0.0000000000E+00,    0.0000000000E+00,    0.0000000000E+00,    3.8931767526E+02
    212100,      0.676967,CP6_after_kinetics,   1,    0.0000000000E+00,    3.8931767526E+02,    3.8931767526E+02,    0.0000000000E+00,    0.0000000000E+00,    0.0000000000E+00,    3.8931767526E+02
    212100,      0.676967,CP7_after_upper_clamp,   1,    0.0000000000E+00,    3.8931767526E+02,    3.8931767526E+02,    0.0000000000E+00,    0.0000000000E+00,    0.0000000000E+00,    3.8931767526E+02
    212100,      0.676967,CP8_after_OBC,   1,    0.0000000000E+00,    3.8931767526E+02,    3.8931767526E+02,    0.0000000000E+00,    0.0000000000E+00,    0.0000000000E+00,    3.8931767526E+02
    212100,      0.676967,CP9_after_PTsource,   1,    0.0000000000E+00,    3.8931767526E+02,    3.8931767526E+02,    0.0000000000E+00,    0.0000000000E+00,    0.0000000000E+00,    3.8931767526E+02
    212100,      0.676967,CP10_after_neg_clamp,   1,    0.0000000000E+00,    3.8931767526E+02,    3.8931767526E+02,    0.0000000000E+00,    0.0000000000E+00,    0.0000000000E+00,    3.8931767526E+02
    212100,      0.676967,CP11_after_MPI,   1,    0.0000000000E+00,    3.8931767526E+02,    3.8931767526E+02,    0.0000000000E+00,    0.0000000000E+00,    0.0000000000E+00,    3.8931767526E+02
    212100,      0.676967,CP12_end,   1,    0.0000000000E+00,    3.8931767526E+02,    3.8931767526E+02,    0.0000000000E+00,    0.0000000000E+00,    0.0000000000E+00,    3.8931767526E+02
    212150,      0.676967,CP0_start,   1,    0.0000000000E+00,    3.8949353478E+02,    3.8949353478E+02,    0.0000000000E+00,    0.0000000000E+00,    0.0000000000E+00,    3.8949353478E+02
    212150,      0.676967,CP1_after_deposition,   1,    0.0000000000E+00,    3.8949353478E+02,    3.8949353478E+02,    0.0000000000E+00,    0.0000000000E+00,    0.0000000000E+00,    3.8949353478E+02
    212150,      0.676967,CP2_after_erosion,   1,    0.0000000000E+00,    3.8949353478E+02,    3.8949353478E+02,    0.0000000000E+00,    0.0000000000E+00,    0.0000000000E+00,    3.8949353478E+02
    212150,      0.676967,CP3_after_update_bottom,   1,    0.0000000000E+00,    3.8949353478E+02,    3.8949353478E+02,    0.0000000000E+00,    0.0000000000E+00,    0.0000000000E+00,    3.8949353478E+02
    212150,      0.676967,CP4_after_advection,   1,    0.0000000000E+00,    3.8951019559E+02,    3.8951019559E+02,    0.0000000000E+00,    0.0000000000E+00,    0.0000000000E+00,    3.8951019559E+02
    212150,      0.676967,CP5_after_vdif,   1,    0.0000000000E+00,    3.8951019559E+02,    3.8951019559E+02,    0.0000000000E+00,    0.0000000000E+00,    0.0000000000E+00,    3.8951019559E+02
    212150,      0.676967,CP6_after_kinetics,   1,    0.0000000000E+00,    3.8951019559E+02,    3.8951019559E+02,    0.0000000000E+00,    0.0000000000E+00,    0.0000000000E+00,    3.8951019559E+02
    212150,      0.676967,CP7_after_upper_clamp,   1,    0.0000000000E+00,    3.8951019559E+02,    3.8951019559E+02,    0.0000000000E+00,    0.0000000000E+00,    0.0000000000E+00,    3.8951019559E+02
    212150,      0.676967,CP8_after_OBC,   1,    0.0000000000E+00,    3.8951019559E+02,    3.8951019559E+02,    0.0000000000E+00,    0.0000000000E+00,    0.0000000000E+00,    3.8951019559E+02
    212150,      0.676967,CP9_after_PTsource,   1,    0.0000000000E+00,    3.8951019559E+02,    3.8951019559E+02,    0.0000000000E+00,    0.0000000000E+00,    0.0000000000E+00,    3.8951019559E+02
    212150,      0.676967,CP10_after_neg_clamp,   1,    0.0000000000E+00,    3.8951019559E+02,    3.8951019559E+02,    0.0000000000E+00,    0.0000000000E+00,    0.0000000000E+00,    3.8951019559E+02
    212150,      0.676967,CP11_after_MPI,   1,    0.0000000000E+00,    3.8951019559E+02,    3.8951019559E+02,    0.0000000000E+00,    0.0000000000E+00,    0.0000000000E+00,    3.8951019559E+02
    212150,      0.676967,CP12_end,   1,    0.0000000000E+00,    3.8951019559E+02,    3.8951019559E+02,    0.0000000000E+00,    0.0000000000E+00,    0.0000000000E+00,    3.8951019559E+02
    212200,      0.676967,CP0_start,   1,    0.0000000000E+00,    3.8968671246E+02,    3.8968671246E+02,    0.0000000000E+00,    0.0000000000E+00,    0.0000000000E+00,    3.8968671246E+02
    212200,      0.676967,CP1_after_deposition,   1,    0.0000000000E+00,    3.8968671246E+02,    3.8968671246E+02,    0.0000000000E+00,    0.0000000000E+00,    0.0000000000E+00,    3.8968671246E+02
    212200,      0.676967,CP2_after_erosion,   1,    0.0000000000E+00,    3.8968671246E+02,    3.8968671246E+02,    0.0000000000E+00,    0.0000000000E+00,    0.0000000000E+00,    3.8968671246E+02
    212200,      0.676967,CP3_after_update_bottom,   1,    0.0000000000E+00,    3.8968671246E+02,    3.8968671246E+02,    0.0000000000E+00,    0.0000000000E+00,    0.0000000000E+00,    3.8968671246E+02
    212200,      0.676967,CP4_after_advection,   1,    0.0000000000E+00,    3.8970334480E+02,    3.8970334480E+02,    0.0000000000E+00,    0.0000000000E+00,    0.0000000000E+00,    3.8970334480E+02
    212200,      0.676967,CP5_after_vdif,   1,    0.0000000000E+00,    3.8970334480E+02,    3.8970334480E+02,    0.0000000000E+00,    0.0000000000E+00,    0.0000000000E+00,    3.8970334480E+02
    212200,      0.676967,CP6_after_kinetics,   1,    0.0000000000E+00,    3.8970334480E+02,    3.8970334480E+02,    0.0000000000E+00,    0.0000000000E+00,    0.0000000000E+00,    3.8970334480E+02
    212200,      0.676967,CP7_after_upper_clamp,   1,    0.0000000000E+00,    3.8970334480E+02,    3.8970334480E+02,    0.0000000000E+00,    0.0000000000E+00,    0.0000000000E+00,    3.8970334480E+02
    212200,      0.676967,CP8_after_OBC,   1,    0.0000000000E+00,    3.8970334480E+02,    3.8970334480E+02,    0.0000000000E+00,    0.0000000000E+00,    0.0000000000E+00,    3.8970334480E+02
    212200,      0.676967,CP9_after_PTsource,   1,    0.0000000000E+00,    3.8970334480E+02,    3.8970334480E+02,    0.0000000000E+00,    0.0000000000E+00,    0.0000000000E+00,    3.8970334480E+02
    212200,      0.676967,CP10_after_neg_clamp,   1,    0.0000000000E+00,    3.8970334480E+02,    3.8970334480E+02,    0.0000000000E+00,    0.0000000000E+00,    0.0000000000E+00,    3.8970334480E+02
    212200,      0.676967,CP11_after_MPI,   1,    0.0000000000E+00,    3.8970334480E+02,    3.8970334480E+02,    0.0000000000E+00,    0.0000000000E+00,    0.0000000000E+00,    3.8970334480E+02
    212200,      0.676967,CP12_end,   1,    0.0000000000E+00,    3.8970334480E+02,    3.8970334480E+02,    0.0000000000E+00,    0.0000000000E+00,    0.0000000000E+00,    3.8970334480E+02
    212250,      0.676967,CP0_start,   1,    0.0000000000E+00,    3.8988063740E+02,    3.8988063740E+02,    0.0000000000E+00,    0.0000000000E+00,    0.0000000000E+00,    3.8988063740E+02
    212250,      0.676967,CP1_after_deposition,   1,    0.0000000000E+00,    3.8988063740E+02,    3.8988063740E+02,    0.0000000000E+00,    0.0000000000E+00,    0.0000000000E+00,    3.8988063740E+02
    212250,      0.676967,CP2_after_erosion,   1,    0.0000000000E+00,    3.8988063740E+02,    3.8988063740E+02,    0.0000000000E+00,    0.0000000000E+00,    0.0000000000E+00,    3.8988063740E+02
    212250,      0.676967,CP3_after_update_bottom,   1,    0.0000000000E+00,    3.8988063740E+02,    3.8988063740E+02,    0.0000000000E+00,    0.0000000000E+00,    0.0000000000E+00,    3.8988063740E+02
    212250,      0.676967,CP4_after_advection,   1,    0.0000000000E+00,    3.8989723431E+02,    3.8989723431E+02,    0.0000000000E+00,    0.0000000000E+00,    0.0000000000E+00,    3.8989723431E+02
    212250,      0.676967,CP5_after_vdif,   1,    0.0000000000E+00,    3.8989723431E+02,    3.8989723431E+02,    0.0000000000E+00,    0.0000000000E+00,    0.0000000000E+00,    3.8989723431E+02
    212250,      0.676967,CP6_after_kinetics,   1,    0.0000000000E+00,    3.8989723431E+02,    3.8989723431E+02,    0.0000000000E+00,    0.0000000000E+00,    0.0000000000E+00,    3.8989723431E+02
    212250,      0.676967,CP7_after_upper_clamp,   1,    0.0000000000E+00,    3.8989723431E+02,    3.8989723431E+02,    0.0000000000E+00,    0.0000000000E+00,    0.0000000000E+00,    3.8989723431E+02
    212250,      0.676967,CP8_after_OBC,   1,    0.0000000000E+00,    3.8989723431E+02,    3.8989723431E+02,    0.0000000000E+00,    0.0000000000E+00,    0.0000000000E+00,    3.8989723431E+02
    212250,      0.676967,CP9_after_PTsource,   1,    0.0000000000E+00,    3.8989723431E+02,    3.8989723431E+02,    0.0000000000E+00,    0.0000000000E+00,    0.0000000000E+00,    3.8989723431E+02
    212250,      0.676967,CP10_after_neg_clamp,   1,    0.0000000000E+00,    3.8989723431E+02,    3.8989723431E+02,    0.0000000000E+00,    0.0000000000E+00,    0.0000000000E+00,    3.8989723431E+02
    212250,      0.676967,CP11_after_MPI,   1,    0.0000000000E+00,    3.8989723431E+02,    3.8989723431E+02,    0.0000000000E+00,    0.0000000000E+00,    0.0000000000E+00,    3.8989723431E+02
    212250,      0.676967,CP12_end,   1,    0.0000000000E+00,    3.8989723431E+02,    3.8989723431E+02,    0.0000000000E+00,    0.0000000000E+00,    0.0000000000E+00,    3.8989723431E+02
    212300,      0.676967,CP0_start,   1,    0.0000000000E+00,    3.9007530170E+02,    3.9007530170E+02,    0.0000000000E+00,    0.0000000000E+00,    0.0000000000E+00,    3.9007530170E+02
    212300,      0.676967,CP1_after_deposition,   1,    0.0000000000E+00,    3.9007530170E+02,    3.9007530170E+02,    0.0000000000E+00,    0.0000000000E+00,    0.0000000000E+00,    3.9007530170E+02
    212300,      0.676967,CP2_after_erosion,   1,    0.0000000000E+00,    3.9007530170E+02,    3.9007530170E+02,    0.0000000000E+00,    0.0000000000E+00,    0.0000000000E+00,    3.9007530170E+02
    212300,      0.676967,CP3_after_update_bottom,   1,    0.0000000000E+00,    3.9007530170E+02,    3.9007530170E+02,    0.0000000000E+00,    0.0000000000E+00,    0.0000000000E+00,    3.9007530170E+02
    212300,      0.676967,CP4_after_advection,   1,    0.0000000000E+00,    3.9009186278E+02,    3.9009186278E+02,    0.0000000000E+00,    0.0000000000E+00,    0.0000000000E+00,    3.9009186278E+02
    212300,      0.676967,CP5_after_vdif,   1,    0.0000000000E+00,    3.9009186278E+02,    3.9009186278E+02,    0.0000000000E+00,    0.0000000000E+00,    0.0000000000E+00,    3.9009186278E+02
    212300,      0.676967,CP6_after_kinetics,   1,    0.0000000000E+00,    3.9009186278E+02,    3.9009186278E+02,    0.0000000000E+00,    0.0000000000E+00,    0.0000000000E+00,    3.9009186278E+02
    212300,      0.676967,CP7_after_upper_clamp,   1,    0.0000000000E+00,    3.9009186278E+02,    3.9009186278E+02,    0.0000000000E+00,    0.0000000000E+00,    0.0000000000E+00,    3.9009186278E+02
    212300,      0.676967,CP8_after_OBC,   1,    0.0000000000E+00,    3.9009186278E+02,    3.9009186278E+02,    0.0000000000E+00,    0.0000000000E+00,    0.0000000000E+00,    3.9009186278E+02
    212300,      0.676967,CP9_after_PTsource,   1,    0.0000000000E+00,    3.9009186278E+02,    3.9009186278E+02,    0.0000000000E+00,    0.0000000000E+00,    0.0000000000E+00,    3.9009186278E+02
    212300,      0.676967,CP10_after_neg_clamp,   1,    0.0000000000E+00,    3.9009186278E+02,    3.9009186278E+02,    0.0000000000E+00,    0.0000000000E+00,    0.0000000000E+00,    3.9009186278E+02
    212300,      0.676967,CP11_after_MPI,   1,    0.0000000000E+00,    3.9009186278E+02,    3.9009186278E+02,    0.0000000000E+00,    0.0000000000E+00,    0.0000000000E+00,    3.9009186278E+02
    212300,      0.676967,CP12_end,   1,    0.0000000000E+00,    3.9009186278E+02,    3.9009186278E+02,    0.0000000000E+00,    0.0000000000E+00,    0.0000000000E+00,    3.9009186278E+02
    212350,      0.676967,CP0_start,   1,    0.0000000000E+00,    3.9027072274E+02,    3.9027072274E+02,    0.0000000000E+00,    0.0000000000E+00,    0.0000000000E+00,    3.9027072274E+02
    212350,      0.676967,CP1_after_deposition,   1,    0.0000000000E+00,    3.9027072274E+02,    3.9027072274E+02,    0.0000000000E+00,    0.0000000000E+00,    0.0000000000E+00,    3.9027072274E+02
    212350,      0.676967,CP2_after_erosion,   1,    0.0000000000E+00,    3.9027072274E+02,    3.9027072274E+02,    0.0000000000E+00,    0.0000000000E+00,    0.0000000000E+00,    3.9027072274E+02
    212350,      0.676967,CP3_after_update_bottom,   1,    0.0000000000E+00,    3.9027072274E+02,    3.9027072274E+02,    0.0000000000E+00,    0.0000000000E+00,    0.0000000000E+00,    3.9027072274E+02
    212350,      0.676967,CP4_after_advection,   1,    0.0000000000E+00,    3.9028725713E+02,    3.9028725713E+02,    0.0000000000E+00,    0.0000000000E+00,    0.0000000000E+00,    3.9028725713E+02
    212350,      0.676967,CP5_after_vdif,   1,    0.0000000000E+00,    3.9028725713E+02,    3.9028725713E+02,    0.0000000000E+00,    0.0000000000E+00,    0.0000000000E+00,    3.9028725713E+02
    212350,      0.676967,CP6_after_kinetics,   1,    0.0000000000E+00,    3.9028725713E+02,    3.9028725713E+02,    0.0000000000E+00,    0.0000000000E+00,    0.0000000000E+00,    3.9028725713E+02
    212350,      0.676967,CP7_after_upper_clamp,   1,    0.0000000000E+00,    3.9028725713E+02,    3.9028725713E+02,    0.0000000000E+00,    0.0000000000E+00,    0.0000000000E+00,    3.9028725713E+02
    212350,      0.676967,CP8_after_OBC,   1,    0.0000000000E+00,    3.9028725713E+02,    3.9028725713E+02,    0.0000000000E+00,    0.0000000000E+00,    0.0000000000E+00,    3.9028725713E+02
    212350,      0.676967,CP9_after_PTsource,   1,    0.0000000000E+00,    3.9028725713E+02,    3.9028725713E+02,    0.0000000000E+00,    0.0000000000E+00,    0.0000000000E+00,    3.9028725713E+02
    212350,      0.676967,CP10_after_neg_clamp,   1,    0.0000000000E+00,    3.9028725713E+02,    3.9028725713E+02,    0.0000000000E+00,    0.0000000000E+00,    0.0000000000E+00,    3.9028725713E+02
    212350,      0.676967,CP11_after_MPI,   1,    0.0000000000E+00,    3.9028725713E+02,    3.9028725713E+02,    0.0000000000E+00,    0.0000000000E+00,    0.0000000000E+00,    3.9028725713E+02
    212350,      0.676967,CP12_end,   1,    0.0000000000E+00,    3.9028725713E+02,    3.9028725713E+02,    0.0000000000E+00,    0.0000000000E+00,    0.0000000000E+00,    3.9028725713E+02
    212400,      0.676967,CP0_start,   1,    0.0000000000E+00,    3.9046685437E+02,    3.9046685437E+02,    0.0000000000E+00,    0.0000000000E+00,    0.0000000000E+00,    3.9046685437E+02
    212400,      0.676967,CP1_after_deposition,   1,    0.0000000000E+00,    3.9046685437E+02,    3.9046685437E+02,    0.0000000000E+00,    0.0000000000E+00,    0.0000000000E+00,    3.9046685437E+02
    212400,      0.676967,CP2_after_erosion,   1,    0.0000000000E+00,    3.9046685437E+02,    3.9046685437E+02,    0.0000000000E+00,    0.0000000000E+00,    0.0000000000E+00,    3.9046685437E+02
    212400,      0.676967,CP3_after_update_bottom,   1,    0.0000000000E+00,    3.9046685437E+02,    3.9046685437E+02,    0.0000000000E+00,    0.0000000000E+00,    0.0000000000E+00,    3.9046685437E+02
    212400,      0.676967,CP4_after_advection,   1,    0.0000000000E+00,    3.9048335248E+02,    3.9048335248E+02,    0.0000000000E+00,    0.0000000000E+00,    0.0000000000E+00,    3.9048335248E+02
    212400,      0.676967,CP5_after_vdif,   1,    0.0000000000E+00,    3.9048335248E+02,    3.9048335248E+02,    0.0000000000E+00,    0.0000000000E+00,    0.0000000000E+00,    3.9048335248E+02
    212400,      0.676967,CP6_after_kinetics,   1,    0.0000000000E+00,    3.9048335248E+02,    3.9048335248E+02,    0.0000000000E+00,    0.0000000000E+00,    0.0000000000E+00,    3.9048335248E+02
    212400,      0.676967,CP7_after_upper_clamp,   1,    0.0000000000E+00,    3.9048335248E+02,    3.9048335248E+02,    0.0000000000E+00,    0.0000000000E+00,    0.0000000000E+00,    3.9048335248E+02
    212400,      0.676967,CP8_after_OBC,   1,    0.0000000000E+00,    3.9048335248E+02,    3.9048335248E+02,    0.0000000000E+00,    0.0000000000E+00,    0.0000000000E+00,    3.9048335248E+02
    212400,      0.676967,CP9_after_PTsource,   1,    0.0000000000E+00,    3.9048335248E+02,    3.9048335248E+02,    0.0000000000E+00,    0.0000000000E+00,    0.0000000000E+00,    3.9048335248E+02
    212400,      0.676967,CP10_after_neg_clamp,   1,    0.0000000000E+00,    3.9048335248E+02,    3.9048335248E+02,    0.0000000000E+00,    0.0000000000E+00,    0.0000000000E+00,    3.9048335248E+02
    212400,      0.676967,CP11_after_MPI,   1,    0.0000000000E+00,    3.9048335248E+02,    3.9048335248E+02,    0.0000000000E+00,    0.0000000000E+00,    0.0000000000E+00,    3.9048335248E+02
    212400,      0.676967,CP12_end,   1,    0.0000000000E+00,    3.9048335248E+02,    3.9048335248E+02,    0.0000000000E+00,    0.0000000000E+00,    0.0000000000E+00,    3.9048335248E+02
    212450,      0.676967,CP0_start,   1,    0.0000000000E+00,    3.9066380080E+02,    3.9066380080E+02,    0.0000000000E+00,    0.0000000000E+00,    0.0000000000E+00,    3.9066380080E+02
    212450,      0.676967,CP1_after_deposition,   1,    0.0000000000E+00,    3.9066380080E+02,    3.9066380080E+02,    0.0000000000E+00,    0.0000000000E+00,    0.0000000000E+00,    3.9066380080E+02
    212450,      0.676967,CP2_after_erosion,   1,    0.0000000000E+00,    3.9066380080E+02,    3.9066380080E+02,    0.0000000000E+00,    0.0000000000E+00,    0.0000000000E+00,    3.9066380080E+02
    212450,      0.676967,CP3_after_update_bottom,   1,    0.0000000000E+00,    3.9066380080E+02,    3.9066380080E+02,    0.0000000000E+00,    0.0000000000E+00,    0.0000000000E+00,    3.9066380080E+02
    212450,      0.676967,CP4_after_advection,   1,    0.0000000000E+00,    3.9068025959E+02,    3.9068025959E+02,    0.0000000000E+00,    0.0000000000E+00,    0.0000000000E+00,    3.9068025959E+02
    212450,      0.676967,CP5_after_vdif,   1,    0.0000000000E+00,    3.9068025959E+02,    3.9068025959E+02,    0.0000000000E+00,    0.0000000000E+00,    0.0000000000E+00,    3.9068025959E+02
    212450,      0.676967,CP6_after_kinetics,   1,    0.0000000000E+00,    3.9068025959E+02,    3.9068025959E+02,    0.0000000000E+00,    0.0000000000E+00,    0.0000000000E+00,    3.9068025959E+02
    212450,      0.676967,CP7_after_upper_clamp,   1,    0.0000000000E+00,    3.9068025959E+02,    3.9068025959E+02,    0.0000000000E+00,    0.0000000000E+00,    0.0000000000E+00,    3.9068025959E+02
    212450,      0.676967,CP8_after_OBC,   1,    0.0000000000E+00,    3.9068025959E+02,    3.9068025959E+02,    0.0000000000E+00,    0.0000000000E+00,    0.0000000000E+00,    3.9068025959E+02
    212450,      0.676967,CP9_after_PTsource,   1,    0.0000000000E+00,    3.9068025959E+02,    3.9068025959E+02,    0.0000000000E+00,    0.0000000000E+00,    0.0000000000E+00,    3.9068025959E+02
    212450,      0.676967,CP10_after_neg_clamp,   1,    0.0000000000E+00,    3.9068025959E+02,    3.9068025959E+02,    0.0000000000E+00,    0.0000000000E+00,    0.0000000000E+00,    3.9068025959E+02
    212450,      0.676967,CP11_after_MPI,   1,    0.0000000000E+00,    3.9068025959E+02,    3.9068025959E+02,    0.0000000000E+00,    0.0000000000E+00,    0.0000000000E+00,    3.9068025959E+02
    212450,      0.676967,CP12_end,   1,    0.0000000000E+00,    3.9068025959E+02,    3.9068025959E+02,    0.0000000000E+00,    0.0000000000E+00,    0.0000000000E+00,    3.9068025959E+02
    212500,      0.676967,CP0_start,   1,    0.0000000000E+00,    3.9086156496E+02,    3.9086156496E+02,    0.0000000000E+00,    0.0000000000E+00,    0.0000000000E+00,    3.9086156496E+02
    212500,      0.676967,CP1_after_deposition,   1,    0.0000000000E+00,    3.9086156496E+02,    3.9086156496E+02,    0.0000000000E+00,    0.0000000000E+00,    0.0000000000E+00,    3.9086156496E+02
    212500,      0.676967,CP2_after_erosion,   1,    0.0000000000E+00,    3.9086156496E+02,    3.9086156496E+02,    0.0000000000E+00,    0.0000000000E+00,    0.0000000000E+00,    3.9086156496E+02
    212500,      0.676967,CP3_after_update_bottom,   1,    0.0000000000E+00,    3.9086156496E+02,    3.9086156496E+02,    0.0000000000E+00,    0.0000000000E+00,    0.0000000000E+00,    3.9086156496E+02
    212500,      0.676967,CP4_after_advection,   1,    0.0000000000E+00,    3.9087798868E+02,    3.9087798868E+02,    0.0000000000E+00,    0.0000000000E+00,    0.0000000000E+00,    3.9087798868E+02
    212500,      0.676967,CP5_after_vdif,   1,    0.0000000000E+00,    3.9087798868E+02,    3.9087798868E+02,    0.0000000000E+00,    0.0000000000E+00,    0.0000000000E+00,    3.9087798868E+02
    212500,      0.676967,CP6_after_kinetics,   1,    0.0000000000E+00,    3.9087798868E+02,    3.9087798868E+02,    0.0000000000E+00,    0.0000000000E+00,    0.0000000000E+00,    3.9087798868E+02
    212500,      0.676967,CP7_after_upper_clamp,   1,    0.0000000000E+00,    3.9087798868E+02,    3.9087798868E+02,    0.0000000000E+00,    0.0000000000E+00,    0.0000000000E+00,    3.9087798868E+02
    212500,      0.676967,CP8_after_OBC,   1,    0.0000000000E+00,    3.9087798868E+02,    3.9087798868E+02,    0.0000000000E+00,    0.0000000000E+00,    0.0000000000E+00,    3.9087798868E+02
    212500,      0.676967,CP9_after_PTsource,   1,    0.0000000000E+00,    3.9087798868E+02,    3.9087798868E+02,    0.0000000000E+00,    0.0000000000E+00,    0.0000000000E+00,    3.9087798868E+02
    212500,      0.676967,CP10_after_neg_clamp,   1,    0.0000000000E+00,    3.9087798868E+02,    3.9087798868E+02,    0.0000000000E+00,    0.0000000000E+00,    0.0000000000E+00,    3.9087798868E+02
    212500,      0.676967,CP11_after_MPI,   1,    0.0000000000E+00,    3.9087798868E+02,    3.9087798868E+02,    0.0000000000E+00,    0.0000000000E+00,    0.0000000000E+00,    3.9087798868E+02
    212500,      0.676967,CP12_end,   1,    0.0000000000E+00,    3.9087798868E+02,    3.9087798868E+02,    0.0000000000E+00,    0.0000000000E+00,    0.0000000000E+00,    3.9087798868E+02
    212550,      0.676967,CP0_start,   1,    0.0000000000E+00,    3.9105999450E+02,    3.9105999450E+02,    0.0000000000E+00,    0.0000000000E+00,    0.0000000000E+00,    3.9105999450E+02
    212550,      0.676967,CP1_after_deposition,   1,    0.0000000000E+00,    3.9105999450E+02,    3.9105999450E+02,    0.0000000000E+00,    0.0000000000E+00,    0.0000000000E+00,    3.9105999450E+02
    212550,      0.676967,CP2_after_erosion,   1,    0.0000000000E+00,    3.9105999450E+02,    3.9105999450E+02,    0.0000000000E+00,    0.0000000000E+00,    0.0000000000E+00,    3.9105999450E+02
    212550,      0.676967,CP3_after_update_bottom,   1,    0.0000000000E+00,    3.9105999450E+02,    3.9105999450E+02,    0.0000000000E+00,    0.0000000000E+00,    0.0000000000E+00,    3.9105999450E+02
    212550,      0.676967,CP4_after_advection,   1,    0.0000000000E+00,    3.9107638462E+02,    3.9107638462E+02,    0.0000000000E+00,    0.0000000000E+00,    0.0000000000E+00,    3.9107638462E+02
    212550,      0.676967,CP5_after_vdif,   1,    0.0000000000E+00,    3.9107638462E+02,    3.9107638462E+02,    0.0000000000E+00,    0.0000000000E+00,    0.0000000000E+00,    3.9107638462E+02
    212550,      0.676967,CP6_after_kinetics,   1,    0.0000000000E+00,    3.9107638462E+02,    3.9107638462E+02,    0.0000000000E+00,    0.0000000000E+00,    0.0000000000E+00,    3.9107638462E+02
    212550,      0.676967,CP7_after_upper_clamp,   1,    0.0000000000E+00,    3.9107638462E+02,    3.9107638462E+02,    0.0000000000E+00,    0.0000000000E+00,    0.0000000000E+00,    3.9107638462E+02
    212550,      0.676967,CP8_after_OBC,   1,    0.0000000000E+00,    3.9107638462E+02,    3.9107638462E+02,    0.0000000000E+00,    0.0000000000E+00,    0.0000000000E+00,    3.9107638462E+02
    212550,      0.676967,CP9_after_PTsource,   1,    0.0000000000E+00,    3.9107638462E+02,    3.9107638462E+02,    0.0000000000E+00,    0.0000000000E+00,    0.0000000000E+00,    3.9107638462E+02
    212550,      0.676967,CP10_after_neg_clamp,   1,    0.0000000000E+00,    3.9107638462E+02,    3.9107638462E+02,    0.0000000000E+00,    0.0000000000E+00,    0.0000000000E+00,    3.9107638462E+02
    212550,      0.676967,CP11_after_MPI,   1,    0.0000000000E+00,    3.9107638462E+02,    3.9107638462E+02,    0.0000000000E+00,    0.0000000000E+00,    0.0000000000E+00,    3.9107638462E+02
    212550,      0.676967,CP12_end,   1,    0.0000000000E+00,    3.9107638462E+02,    3.9107638462E+02,    0.0000000000E+00,    0.0000000000E+00,    0.0000000000E+00,    3.9107638462E+02
    212600,      0.676967,CP0_start,   1,    0.0000000000E+00,    3.9125889508E+02,    3.9125889508E+02,    0.0000000000E+00,    0.0000000000E+00,    0.0000000000E+00,    3.9125889508E+02
    212600,      0.676967,CP1_after_deposition,   1,    0.0000000000E+00,    3.9125889508E+02,    3.9125889508E+02,    0.0000000000E+00,    0.0000000000E+00,    0.0000000000E+00,    3.9125889508E+02
    212600,      0.676967,CP2_after_erosion,   1,    0.0000000000E+00,    3.9125889508E+02,    3.9125889508E+02,    0.0000000000E+00,    0.0000000000E+00,    0.0000000000E+00,    3.9125889508E+02
    212600,      0.676967,CP3_after_update_bottom,   1,    0.0000000000E+00,    3.9125889508E+02,    3.9125889508E+02,    0.0000000000E+00,    0.0000000000E+00,    0.0000000000E+00,    3.9125889508E+02
    212600,      0.676967,CP4_after_advection,   1,    0.0000000000E+00,    3.9127523129E+02,    3.9127523129E+02,    0.0000000000E+00,    0.0000000000E+00,    0.0000000000E+00,    3.9127523129E+02
    212600,      0.676967,CP5_after_vdif,   1,    0.0000000000E+00,    3.9127523129E+02,    3.9127523129E+02,    0.0000000000E+00,    0.0000000000E+00,    0.0000000000E+00,    3.9127523129E+02
    212600,      0.676967,CP6_after_kinetics,   1,    0.0000000000E+00,    3.9127523129E+02,    3.9127523129E+02,    0.0000000000E+00,    0.0000000000E+00,    0.0000000000E+00,    3.9127523129E+02
    212600,      0.676967,CP7_after_upper_clamp,   1,    0.0000000000E+00,    3.9127523129E+02,    3.9127523129E+02,    0.0000000000E+00,    0.0000000000E+00,    0.0000000000E+00,    3.9127523129E+02
    212600,      0.676967,CP8_after_OBC,   1,    0.0000000000E+00,    3.9127523129E+02,    3.9127523129E+02,    0.0000000000E+00,    0.0000000000E+00,    0.0000000000E+00,    3.9127523129E+02
    212600,      0.676967,CP9_after_PTsource,   1,    0.0000000000E+00,    3.9127523129E+02,    3.9127523129E+02,    0.0000000000E+00,    0.0000000000E+00,    0.0000000000E+00,    3.9127523129E+02
    212600,      0.676967,CP10_after_neg_clamp,   1,    0.0000000000E+00,    3.9127523129E+02,    3.9127523129E+02,    0.0000000000E+00,    0.0000000000E+00,    0.0000000000E+00,    3.9127523129E+02
    212600,      0.676967,CP11_after_MPI,   1,    0.0000000000E+00,    3.9127523129E+02,    3.9127523129E+02,    0.0000000000E+00,    0.0000000000E+00,    0.0000000000E+00,    3.9127523129E+02
    212600,      0.676967,CP12_end,   1,    0.0000000000E+00,    3.9127523129E+02,    3.9127523129E+02,    0.0000000000E+00,    0.0000000000E+00,    0.0000000000E+00,    3.9127523129E+02
    212650,      0.676967,CP0_start,   1,    0.0000000000E+00,    3.9145809594E+02,    3.9145809594E+02,    0.0000000000E+00,    0.0000000000E+00,    0.0000000000E+00,    3.9145809594E+02
    212650,      0.676967,CP1_after_deposition,   1,    0.0000000000E+00,    3.9145809594E+02,    3.9145809594E+02,    0.0000000000E+00,    0.0000000000E+00,    0.0000000000E+00,    3.9145809594E+02
    212650,      0.676967,CP2_after_erosion,   1,    0.0000000000E+00,    3.9145809594E+02,    3.9145809594E+02,    0.0000000000E+00,    0.0000000000E+00,    0.0000000000E+00,    3.9145809594E+02
    212650,      0.676967,CP3_after_update_bottom,   1,    0.0000000000E+00,    3.9145809594E+02,    3.9145809594E+02,    0.0000000000E+00,    0.0000000000E+00,    0.0000000000E+00,    3.9145809594E+02
    212650,      0.676967,CP4_after_advection,   1,    0.0000000000E+00,    3.9147437401E+02,    3.9147437401E+02,    0.0000000000E+00,    0.0000000000E+00,    0.0000000000E+00,    3.9147437401E+02
    212650,      0.676967,CP5_after_vdif,   1,    0.0000000000E+00,    3.9147437401E+02,    3.9147437401E+02,    0.0000000000E+00,    0.0000000000E+00,    0.0000000000E+00,    3.9147437401E+02
    212650,      0.676967,CP6_after_kinetics,   1,    0.0000000000E+00,    3.9147437401E+02,    3.9147437401E+02,    0.0000000000E+00,    0.0000000000E+00,    0.0000000000E+00,    3.9147437401E+02
    212650,      0.676967,CP7_after_upper_clamp,   1,    0.0000000000E+00,    3.9147437401E+02,    3.9147437401E+02,    0.0000000000E+00,    0.0000000000E+00,    0.0000000000E+00,    3.9147437401E+02
    212650,      0.676967,CP8_after_OBC,   1,    0.0000000000E+00,    3.9147437401E+02,    3.9147437401E+02,    0.0000000000E+00,    0.0000000000E+00,    0.0000000000E+00,    3.9147437401E+02
    212650,      0.676967,CP9_after_PTsource,   1,    0.0000000000E+00,    3.9147437401E+02,    3.9147437401E+02,    0.0000000000E+00,    0.0000000000E+00,    0.0000000000E+00,    3.9147437401E+02
    212650,      0.676967,CP10_after_neg_clamp,   1,    0.0000000000E+00,    3.9147437401E+02,    3.9147437401E+02,    0.0000000000E+00,    0.0000000000E+00,    0.0000000000E+00,    3.9147437401E+02
    212650,      0.676967,CP11_after_MPI,   1,    0.0000000000E+00,    3.9147437401E+02,    3.9147437401E+02,    0.0000000000E+00,    0.0000000000E+00,    0.0000000000E+00,    3.9147437401E+02
    212650,      0.676967,CP12_end,   1,    0.0000000000E+00,    3.9147437401E+02,    3.9147437401E+02,    0.0000000000E+00,    0.0000000000E+00,    0.0000000000E+00,    3.9147437401E+02
    212700,      0.676967,CP0_start,   1,    0.0000000000E+00,    3.9165745661E+02,    3.9165745661E+02,    0.0000000000E+00,    0.0000000000E+00,    0.0000000000E+00,    3.9165745661E+02
    212700,      0.676967,CP1_after_deposition,   1,    0.0000000000E+00,    3.9165745661E+02,    3.9165745661E+02,    0.0000000000E+00,    0.0000000000E+00,    0.0000000000E+00,    3.9165745661E+02
    212700,      0.676967,CP2_after_erosion,   1,    0.0000000000E+00,    3.9165745661E+02,    3.9165745661E+02,    0.0000000000E+00,    0.0000000000E+00,    0.0000000000E+00,    3.9165745661E+02
    212700,      0.676967,CP3_after_update_bottom,   1,    0.0000000000E+00,    3.9165745661E+02,    3.9165745661E+02,    0.0000000000E+00,    0.0000000000E+00,    0.0000000000E+00,    3.9165745661E+02
    212700,      0.676967,CP4_after_advection,   1,    0.0000000000E+00,    3.9167368459E+02,    3.9167368459E+02,    0.0000000000E+00,    0.0000000000E+00,    0.0000000000E+00,    3.9167368459E+02
    212700,      0.676967,CP5_after_vdif,   1,    0.0000000000E+00,    3.9167368459E+02,    3.9167368459E+02,    0.0000000000E+00,    0.0000000000E+00,    0.0000000000E+00,    3.9167368459E+02
    212700,      0.676967,CP6_after_kinetics,   1,    0.0000000000E+00,    3.9167368459E+02,    3.9167368459E+02,    0.0000000000E+00,    0.0000000000E+00,    0.0000000000E+00,    3.9167368459E+02
    212700,      0.676967,CP7_after_upper_clamp,   1,    0.0000000000E+00,    3.9167368459E+02,    3.9167368459E+02,    0.0000000000E+00,    0.0000000000E+00,    0.0000000000E+00,    3.9167368459E+02
    212700,      0.676967,CP8_after_OBC,   1,    0.0000000000E+00,    3.9167368459E+02,    3.9167368459E+02,    0.0000000000E+00,    0.0000000000E+00,    0.0000000000E+00,    3.9167368459E+02
    212700,      0.676967,CP9_after_PTsource,   1,    0.0000000000E+00,    3.9167368459E+02,    3.9167368459E+02,    0.0000000000E+00,    0.0000000000E+00,    0.0000000000E+00,    3.9167368459E+02
    212700,      0.676967,CP10_after_neg_clamp,   1,    0.0000000000E+00,    3.9167368459E+02,    3.9167368459E+02,    0.0000000000E+00,    0.0000000000E+00,    0.0000000000E+00,    3.9167368459E+02
    212700,      0.676967,CP11_after_MPI,   1,    0.0000000000E+00,    3.9167368459E+02,    3.9167368459E+02,    0.0000000000E+00,    0.0000000000E+00,    0.0000000000E+00,    3.9167368459E+02
    212700,      0.676967,CP12_end,   1,    0.0000000000E+00,    3.9167368459E+02,    3.9167368459E+02,    0.0000000000E+00,    0.0000000000E+00,    0.0000000000E+00,    3.9167368459E+02
    212750,      0.676967,CP0_start,   1,    0.0000000000E+00,    3.9185678065E+02,    3.9185678065E+02,    0.0000000000E+00,    0.0000000000E+00,    0.0000000000E+00,    3.9185678065E+02
    212750,      0.676967,CP1_after_deposition,   1,    0.0000000000E+00,    3.9185678065E+02,    3.9185678065E+02,    0.0000000000E+00,    0.0000000000E+00,    0.0000000000E+00,    3.9185678065E+02
    212750,      0.676967,CP2_after_erosion,   1,    0.0000000000E+00,    3.9185678065E+02,    3.9185678065E+02,    0.0000000000E+00,    0.0000000000E+00,    0.0000000000E+00,    3.9185678065E+02
    212750,      0.676967,CP3_after_update_bottom,   1,    0.0000000000E+00,    3.9185678065E+02,    3.9185678065E+02,    0.0000000000E+00,    0.0000000000E+00,    0.0000000000E+00,    3.9185678065E+02
    212750,      0.676967,CP4_after_advection,   1,    0.0000000000E+00,    3.9187296246E+02,    3.9187296246E+02,    0.0000000000E+00,    0.0000000000E+00,    0.0000000000E+00,    3.9187296246E+02
    212750,      0.676967,CP5_after_vdif,   1,    0.0000000000E+00,    3.9187296246E+02,    3.9187296246E+02,    0.0000000000E+00,    0.0000000000E+00,    0.0000000000E+00,    3.9187296246E+02
    212750,      0.676967,CP6_after_kinetics,   1,    0.0000000000E+00,    3.9187296246E+02,    3.9187296246E+02,    0.0000000000E+00,    0.0000000000E+00,    0.0000000000E+00,    3.9187296246E+02
    212750,      0.676967,CP7_after_upper_clamp,   1,    0.0000000000E+00,    3.9187296246E+02,    3.9187296246E+02,    0.0000000000E+00,    0.0000000000E+00,    0.0000000000E+00,    3.9187296246E+02
    212750,      0.676967,CP8_after_OBC,   1,    0.0000000000E+00,    3.9187296246E+02,    3.9187296246E+02,    0.0000000000E+00,    0.0000000000E+00,    0.0000000000E+00,    3.9187296246E+02
    212750,      0.676967,CP9_after_PTsource,   1,    0.0000000000E+00,    3.9187296246E+02,    3.9187296246E+02,    0.0000000000E+00,    0.0000000000E+00,    0.0000000000E+00,    3.9187296246E+02
    212750,      0.676967,CP10_after_neg_clamp,   1,    0.0000000000E+00,    3.9187296246E+02,    3.9187296246E+02,    0.0000000000E+00,    0.0000000000E+00,    0.0000000000E+00,    3.9187296246E+02
    212750,      0.676967,CP11_after_MPI,   1,    0.0000000000E+00,    3.9187296246E+02,    3.9187296246E+02,    0.0000000000E+00,    0.0000000000E+00,    0.0000000000E+00,    3.9187296246E+02
    212750,      0.676967,CP12_end,   1,    0.0000000000E+00,    3.9187296246E+02,    3.9187296246E+02,    0.0000000000E+00,    0.0000000000E+00,    0.0000000000E+00,    3.9187296246E+02
    212800,      0.676967,CP0_start,   1,    0.0000000000E+00,    3.9205609992E+02,    3.9205609992E+02,    0.0000000000E+00,    0.0000000000E+00,    0.0000000000E+00,    3.9205609992E+02
    212800,      0.676967,CP1_after_deposition,   1,    0.0000000000E+00,    3.9205609992E+02,    3.9205609992E+02,    0.0000000000E+00,    0.0000000000E+00,    0.0000000000E+00,    3.9205609992E+02
    212800,      0.676967,CP2_after_erosion,   1,    0.0000000000E+00,    3.9205609992E+02,    3.9205609992E+02,    0.0000000000E+00,    0.0000000000E+00,    0.0000000000E+00,    3.9205609992E+02
    212800,      0.676967,CP3_after_update_bottom,   1,    0.0000000000E+00,    3.9205609992E+02,    3.9205609992E+02,    0.0000000000E+00,    0.0000000000E+00,    0.0000000000E+00,    3.9205609992E+02
    212800,      0.676967,CP4_after_advection,   1,    0.0000000000E+00,    3.9207222507E+02,    3.9207222507E+02,    0.0000000000E+00,    0.0000000000E+00,    0.0000000000E+00,    3.9207222507E+02
    212800,      0.676967,CP5_after_vdif,   1,    0.0000000000E+00,    3.9207222507E+02,    3.9207222507E+02,    0.0000000000E+00,    0.0000000000E+00,    0.0000000000E+00,    3.9207222507E+02
    212800,      0.676967,CP6_after_kinetics,   1,    0.0000000000E+00,    3.9207222507E+02,    3.9207222507E+02,    0.0000000000E+00,    0.0000000000E+00,    0.0000000000E+00,    3.9207222507E+02
    212800,      0.676967,CP7_after_upper_clamp,   1,    0.0000000000E+00,    3.9207222507E+02,    3.9207222507E+02,    0.0000000000E+00,    0.0000000000E+00,    0.0000000000E+00,    3.9207222507E+02
    212800,      0.676967,CP8_after_OBC,   1,    0.0000000000E+00,    3.9207222507E+02,    3.9207222507E+02,    0.0000000000E+00,    0.0000000000E+00,    0.0000000000E+00,    3.9207222507E+02
    212800,      0.676967,CP9_after_PTsource,   1,    0.0000000000E+00,    3.9207222507E+02,    3.9207222507E+02,    0.0000000000E+00,    0.0000000000E+00,    0.0000000000E+00,    3.9207222507E+02
    212800,      0.676967,CP10_after_neg_clamp,   1,    0.0000000000E+00,    3.9207222507E+02,    3.9207222507E+02,    0.0000000000E+00,    0.0000000000E+00,    0.0000000000E+00,    3.9207222507E+02
    212800,      0.676967,CP11_after_MPI,   1,    0.0000000000E+00,    3.9207222507E+02,    3.9207222507E+02,    0.0000000000E+00,    0.0000000000E+00,    0.0000000000E+00,    3.9207222507E+02
    212800,      0.676967,CP12_end,   1,    0.0000000000E+00,    3.9207222507E+02,    3.9207222507E+02,    0.0000000000E+00,    0.0000000000E+00,    0.0000000000E+00,    3.9207222507E+02
    212850,      0.676967,CP0_start,   1,    0.0000000000E+00,    3.9225545705E+02,    3.9225545705E+02,    0.0000000000E+00,    0.0000000000E+00,    0.0000000000E+00,    3.9225545705E+02
    212850,      0.676967,CP1_after_deposition,   1,    0.0000000000E+00,    3.9225545705E+02,    3.9225545705E+02,    0.0000000000E+00,    0.0000000000E+00,    0.0000000000E+00,    3.9225545705E+02
    212850,      0.676967,CP2_after_erosion,   1,    0.0000000000E+00,    3.9225545705E+02,    3.9225545705E+02,    0.0000000000E+00,    0.0000000000E+00,    0.0000000000E+00,    3.9225545705E+02
    212850,      0.676967,CP3_after_update_bottom,   1,    0.0000000000E+00,    3.9225545705E+02,    3.9225545705E+02,    0.0000000000E+00,    0.0000000000E+00,    0.0000000000E+00,    3.9225545705E+02
    212850,      0.676967,CP4_after_advection,   1,    0.0000000000E+00,    3.9227151698E+02,    3.9227151698E+02,    0.0000000000E+00,    0.0000000000E+00,    0.0000000000E+00,    3.9227151698E+02
    212850,      0.676967,CP5_after_vdif,   1,    0.0000000000E+00,    3.9227151698E+02,    3.9227151698E+02,    0.0000000000E+00,    0.0000000000E+00,    0.0000000000E+00,    3.9227151698E+02
    212850,      0.676967,CP6_after_kinetics,   1,    0.0000000000E+00,    3.9227151698E+02,    3.9227151698E+02,    0.0000000000E+00,    0.0000000000E+00,    0.0000000000E+00,    3.9227151698E+02
    212850,      0.676967,CP7_after_upper_clamp,   1,    0.0000000000E+00,    3.9227151698E+02,    3.9227151698E+02,    0.0000000000E+00,    0.0000000000E+00,    0.0000000000E+00,    3.9227151698E+02
    212850,      0.676967,CP8_after_OBC,   1,    0.0000000000E+00,    3.9227151698E+02,    3.9227151698E+02,    0.0000000000E+00,    0.0000000000E+00,    0.0000000000E+00,    3.9227151698E+02
    212850,      0.676967,CP9_after_PTsource,   1,    0.0000000000E+00,    3.9227151698E+02,    3.9227151698E+02,    0.0000000000E+00,    0.0000000000E+00,    0.0000000000E+00,    3.9227151698E+02
    212850,      0.676967,CP10_after_neg_clamp,   1,    0.0000000000E+00,    3.9227151698E+02,    3.9227151698E+02,    0.0000000000E+00,    0.0000000000E+00,    0.0000000000E+00,    3.9227151698E+02
    212850,      0.676967,CP11_after_MPI,   1,    0.0000000000E+00,    3.9227151698E+02,    3.9227151698E+02,    0.0000000000E+00,    0.0000000000E+00,    0.0000000000E+00,    3.9227151698E+02
    212850,      0.676967,CP12_end,   1,    0.0000000000E+00,    3.9227151698E+02,    3.9227151698E+02,    0.0000000000E+00,    0.0000000000E+00,    0.0000000000E+00,    3.9227151698E+02
    212900,      0.676967,CP0_start,   1,    0.0000000000E+00,    3.9245493830E+02,    3.9245493830E+02,    0.0000000000E+00,    0.0000000000E+00,    0.0000000000E+00,    3.9245493830E+02
    212900,      0.676967,CP1_after_deposition,   1,    0.0000000000E+00,    3.9245493830E+02,    3.9245493830E+02,    0.0000000000E+00,    0.0000000000E+00,    0.0000000000E+00,    3.9245493830E+02
    212900,      0.676967,CP2_after_erosion,   1,    0.0000000000E+00,    3.9245493830E+02,    3.9245493830E+02,    0.0000000000E+00,    0.0000000000E+00,    0.0000000000E+00,    3.9245493830E+02
    212900,      0.676967,CP3_after_update_bottom,   1,    0.0000000000E+00,    3.9245493830E+02,    3.9245493830E+02,    0.0000000000E+00,    0.0000000000E+00,    0.0000000000E+00,    3.9245493830E+02
    212900,      0.676967,CP4_after_advection,   1,    0.0000000000E+00,    3.9247095391E+02,    3.9247095391E+02,    0.0000000000E+00,    0.0000000000E+00,    0.0000000000E+00,    3.9247095391E+02
    212900,      0.676967,CP5_after_vdif,   1,    0.0000000000E+00,    3.9247095391E+02,    3.9247095391E+02,    0.0000000000E+00,    0.0000000000E+00,    0.0000000000E+00,    3.9247095391E+02
    212900,      0.676967,CP6_after_kinetics,   1,    0.0000000000E+00,    3.9247095391E+02,    3.9247095391E+02,    0.0000000000E+00,    0.0000000000E+00,    0.0000000000E+00,    3.9247095391E+02
    212900,      0.676967,CP7_after_upper_clamp,   1,    0.0000000000E+00,    3.9247095391E+02,    3.9247095391E+02,    0.0000000000E+00,    0.0000000000E+00,    0.0000000000E+00,    3.9247095391E+02
    212900,      0.676967,CP8_after_OBC,   1,    0.0000000000E+00,    3.9247095391E+02,    3.9247095391E+02,    0.0000000000E+00,    0.0000000000E+00,    0.0000000000E+00,    3.9247095391E+02
    212900,      0.676967,CP9_after_PTsource,   1,    0.0000000000E+00,    3.9247095391E+02,    3.9247095391E+02,    0.0000000000E+00,    0.0000000000E+00,    0.0000000000E+00,    3.9247095391E+02
    212900,      0.676967,CP10_after_neg_clamp,   1,    0.0000000000E+00,    3.9247095391E+02,    3.9247095391E+02,    0.0000000000E+00,    0.0000000000E+00,    0.0000000000E+00,    3.9247095391E+02
    212900,      0.676967,CP11_after_MPI,   1,    0.0000000000E+00,    3.9247095391E+02,    3.9247095391E+02,    0.0000000000E+00,    0.0000000000E+00,    0.0000000000E+00,    3.9247095391E+02
    212900,      0.676967,CP12_end,   1,    0.0000000000E+00,    3.9247095391E+02,    3.9247095391E+02,    0.0000000000E+00,    0.0000000000E+00,    0.0000000000E+00,    3.9247095391E+02
    212950,      0.676967,CP0_start,   1,    0.0000000000E+00,    3.9265461990E+02,    3.9265461990E+02,    0.0000000000E+00,    0.0000000000E+00,    0.0000000000E+00,    3.9265461990E+02
    212950,      0.676967,CP1_after_deposition,   1,    0.0000000000E+00,    3.9265461990E+02,    3.9265461990E+02,    0.0000000000E+00,    0.0000000000E+00,    0.0000000000E+00,    3.9265461990E+02
    212950,      0.676967,CP2_after_erosion,   1,    0.0000000000E+00,    3.9265461990E+02,    3.9265461990E+02,    0.0000000000E+00,    0.0000000000E+00,    0.0000000000E+00,    3.9265461990E+02
    212950,      0.676967,CP3_after_update_bottom,   1,    0.0000000000E+00,    3.9265461990E+02,    3.9265461990E+02,    0.0000000000E+00,    0.0000000000E+00,    0.0000000000E+00,    3.9265461990E+02
    212950,      0.676967,CP4_after_advection,   1,    0.0000000000E+00,    3.9267059257E+02,    3.9267059257E+02,    0.0000000000E+00,    0.0000000000E+00,    0.0000000000E+00,    3.9267059257E+02
    212950,      0.676967,CP5_after_vdif,   1,    0.0000000000E+00,    3.9267059257E+02,    3.9267059257E+02,    0.0000000000E+00,    0.0000000000E+00,    0.0000000000E+00,    3.9267059257E+02
    212950,      0.676967,CP6_after_kinetics,   1,    0.0000000000E+00,    3.9267059257E+02,    3.9267059257E+02,    0.0000000000E+00,    0.0000000000E+00,    0.0000000000E+00,    3.9267059257E+02
    212950,      0.676967,CP7_after_upper_clamp,   1,    0.0000000000E+00,    3.9267059257E+02,    3.9267059257E+02,    0.0000000000E+00,    0.0000000000E+00,    0.0000000000E+00,    3.9267059257E+02
    212950,      0.676967,CP8_after_OBC,   1,    0.0000000000E+00,    3.9267059257E+02,    3.9267059257E+02,    0.0000000000E+00,    0.0000000000E+00,    0.0000000000E+00,    3.9267059257E+02
    212950,      0.676967,CP9_after_PTsource,   1,    0.0000000000E+00,    3.9267059257E+02,    3.9267059257E+02,    0.0000000000E+00,    0.0000000000E+00,    0.0000000000E+00,    3.9267059257E+02
    212950,      0.676967,CP10_after_neg_clamp,   1,    0.0000000000E+00,    3.9267059257E+02,    3.9267059257E+02,    0.0000000000E+00,    0.0000000000E+00,    0.0000000000E+00,    3.9267059257E+02
    212950,      0.676967,CP11_after_MPI,   1,    0.0000000000E+00,    3.9267059257E+02,    3.9267059257E+02,    0.0000000000E+00,    0.0000000000E+00,    0.0000000000E+00,    3.9267059257E+02
    212950,      0.676967,CP12_end,   1,    0.0000000000E+00,    3.9267059257E+02,    3.9267059257E+02,    0.0000000000E+00,    0.0000000000E+00,    0.0000000000E+00,    3.9267059257E+02
    213000,      0.676967,CP0_start,   1,    0.0000000000E+00,    3.9285453677E+02,    3.9285453677E+02,    0.0000000000E+00,    0.0000000000E+00,    0.0000000000E+00,    3.9285453677E+02
    213000,      0.676967,CP1_after_deposition,   1,    0.0000000000E+00,    3.9285453677E+02,    3.9285453677E+02,    0.0000000000E+00,    0.0000000000E+00,    0.0000000000E+00,    3.9285453677E+02
    213000,      0.676967,CP2_after_erosion,   1,    0.0000000000E+00,    3.9285453677E+02,    3.9285453677E+02,    0.0000000000E+00,    0.0000000000E+00,    0.0000000000E+00,    3.9285453677E+02
    213000,      0.676967,CP3_after_update_bottom,   1,    0.0000000000E+00,    3.9285453677E+02,    3.9285453677E+02,    0.0000000000E+00,    0.0000000000E+00,    0.0000000000E+00,    3.9285453677E+02
    213000,      0.676967,CP4_after_advection,   1,    0.0000000000E+00,    3.9287045471E+02,    3.9287045471E+02,    0.0000000000E+00,    0.0000000000E+00,    0.0000000000E+00,    3.9287045471E+02
    213000,      0.676967,CP5_after_vdif,   1,    0.0000000000E+00,    3.9287045471E+02,    3.9287045471E+02,    0.0000000000E+00,    0.0000000000E+00,    0.0000000000E+00,    3.9287045471E+02
    213000,      0.676967,CP6_after_kinetics,   1,    0.0000000000E+00,    3.9287045471E+02,    3.9287045471E+02,    0.0000000000E+00,    0.0000000000E+00,    0.0000000000E+00,    3.9287045471E+02
    213000,      0.676967,CP7_after_upper_clamp,   1,    0.0000000000E+00,    3.9287045471E+02,    3.9287045471E+02,    0.0000000000E+00,    0.0000000000E+00,    0.0000000000E+00,    3.9287045471E+02
    213000,      0.676967,CP8_after_OBC,   1,    0.0000000000E+00,    3.9287045471E+02,    3.9287045471E+02,    0.0000000000E+00,    0.0000000000E+00,    0.0000000000E+00,    3.9287045471E+02
    213000,      0.676967,CP9_after_PTsource,   1,    0.0000000000E+00,    3.9287045471E+02,    3.9287045471E+02,    0.0000000000E+00,    0.0000000000E+00,    0.0000000000E+00,    3.9287045471E+02
    213000,      0.676967,CP10_after_neg_clamp,   1,    0.0000000000E+00,    3.9287045471E+02,    3.9287045471E+02,    0.0000000000E+00,    0.0000000000E+00,    0.0000000000E+00,    3.9287045471E+02
    213000,      0.676967,CP11_after_MPI,   1,    0.0000000000E+00,    3.9287045471E+02,    3.9287045471E+02,    0.0000000000E+00,    0.0000000000E+00,    0.0000000000E+00,    3.9287045471E+02
    213000,      0.676967,CP12_end,   1,    0.0000000000E+00,    3.9287045471E+02,    3.9287045471E+02,    0.0000000000E+00,    0.0000000000E+00,    0.0000000000E+00,    3.9287045471E+02
    213050,      0.676967,CP0_start,   1,    0.0000000000E+00,    3.9305465772E+02,    3.9305465772E+02,    0.0000000000E+00,    0.0000000000E+00,    0.0000000000E+00,    3.9305465772E+02
    213050,      0.676967,CP1_after_deposition,   1,    0.0000000000E+00,    3.9305465772E+02,    3.9305465772E+02,    0.0000000000E+00,    0.0000000000E+00,    0.0000000000E+00,    3.9305465772E+02
    213050,      0.676967,CP2_after_erosion,   1,    0.0000000000E+00,    3.9305465772E+02,    3.9305465772E+02,    0.0000000000E+00,    0.0000000000E+00,    0.0000000000E+00,    3.9305465772E+02
    213050,      0.676967,CP3_after_update_bottom,   1,    0.0000000000E+00,    3.9305465772E+02,    3.9305465772E+02,    0.0000000000E+00,    0.0000000000E+00,    0.0000000000E+00,    3.9305465772E+02
    213050,      0.676967,CP4_after_advection,   1,    0.0000000000E+00,    3.9307051884E+02,    3.9307051884E+02,    0.0000000000E+00,    0.0000000000E+00,    0.0000000000E+00,    3.9307051884E+02
    213050,      0.676967,CP5_after_vdif,   1,    0.0000000000E+00,    3.9307051884E+02,    3.9307051884E+02,    0.0000000000E+00,    0.0000000000E+00,    0.0000000000E+00,    3.9307051884E+02
    213050,      0.676967,CP6_after_kinetics,   1,    0.0000000000E+00,    3.9307051884E+02,    3.9307051884E+02,    0.0000000000E+00,    0.0000000000E+00,    0.0000000000E+00,    3.9307051884E+02
    213050,      0.676967,CP7_after_upper_clamp,   1,    0.0000000000E+00,    3.9307051884E+02,    3.9307051884E+02,    0.0000000000E+00,    0.0000000000E+00,    0.0000000000E+00,    3.9307051884E+02
    213050,      0.676967,CP8_after_OBC,   1,    0.0000000000E+00,    3.9307051884E+02,    3.9307051884E+02,    0.0000000000E+00,    0.0000000000E+00,    0.0000000000E+00,    3.9307051884E+02
    213050,      0.676967,CP9_after_PTsource,   1,    0.0000000000E+00,    3.9307051884E+02,    3.9307051884E+02,    0.0000000000E+00,    0.0000000000E+00,    0.0000000000E+00,    3.9307051884E+02
    213050,      0.676967,CP10_after_neg_clamp,   1,    0.0000000000E+00,    3.9307051884E+02,    3.9307051884E+02,    0.0000000000E+00,    0.0000000000E+00,    0.0000000000E+00,    3.9307051884E+02
    213050,      0.676967,CP11_after_MPI,   1,    0.0000000000E+00,    3.9307051884E+02,    3.9307051884E+02,    0.0000000000E+00,    0.0000000000E+00,    0.0000000000E+00,    3.9307051884E+02
    213050,      0.676967,CP12_end,   1,    0.0000000000E+00,    3.9307051884E+02,    3.9307051884E+02,    0.0000000000E+00,    0.0000000000E+00,    0.0000000000E+00,    3.9307051884E+02
    213100,      0.676967,CP0_start,   1,    0.0000000000E+00,    3.9325493739E+02,    3.9325493739E+02,    0.0000000000E+00,    0.0000000000E+00,    0.0000000000E+00,    3.9325493739E+02
    213100,      0.676967,CP1_after_deposition,   1,    0.0000000000E+00,    3.9325493739E+02,    3.9325493739E+02,    0.0000000000E+00,    0.0000000000E+00,    0.0000000000E+00,    3.9325493739E+02
    213100,      0.676967,CP2_after_erosion,   1,    0.0000000000E+00,    3.9325493739E+02,    3.9325493739E+02,    0.0000000000E+00,    0.0000000000E+00,    0.0000000000E+00,    3.9325493739E+02
    213100,      0.676967,CP3_after_update_bottom,   1,    0.0000000000E+00,    3.9325493739E+02,    3.9325493739E+02,    0.0000000000E+00,    0.0000000000E+00,    0.0000000000E+00,    3.9325493739E+02
    213100,      0.676967,CP4_after_advection,   1,    0.0000000000E+00,    3.9327075568E+02,    3.9327075568E+02,    0.0000000000E+00,    0.0000000000E+00,    0.0000000000E+00,    3.9327075568E+02
    213100,      0.676967,CP5_after_vdif,   1,    0.0000000000E+00,    3.9327075568E+02,    3.9327075568E+02,    0.0000000000E+00,    0.0000000000E+00,    0.0000000000E+00,    3.9327075568E+02
    213100,      0.676967,CP6_after_kinetics,   1,    0.0000000000E+00,    3.9327075568E+02,    3.9327075568E+02,    0.0000000000E+00,    0.0000000000E+00,    0.0000000000E+00,    3.9327075568E+02
    213100,      0.676967,CP7_after_upper_clamp,   1,    0.0000000000E+00,    3.9327075568E+02,    3.9327075568E+02,    0.0000000000E+00,    0.0000000000E+00,    0.0000000000E+00,    3.9327075568E+02
    213100,      0.676967,CP8_after_OBC,   1,    0.0000000000E+00,    3.9327075568E+02,    3.9327075568E+02,    0.0000000000E+00,    0.0000000000E+00,    0.0000000000E+00,    3.9327075568E+02
    213100,      0.676967,CP9_after_PTsource,   1,    0.0000000000E+00,    3.9327075568E+02,    3.9327075568E+02,    0.0000000000E+00,    0.0000000000E+00,    0.0000000000E+00,    3.9327075568E+02
    213100,      0.676967,CP10_after_neg_clamp,   1,    0.0000000000E+00,    3.9327075568E+02,    3.9327075568E+02,    0.0000000000E+00,    0.0000000000E+00,    0.0000000000E+00,    3.9327075568E+02
    213100,      0.676967,CP11_after_MPI,   1,    0.0000000000E+00,    3.9327075568E+02,    3.9327075568E+02,    0.0000000000E+00,    0.0000000000E+00,    0.0000000000E+00,    3.9327075568E+02
    213100,      0.676967,CP12_end,   1,    0.0000000000E+00,    3.9327075568E+02,    3.9327075568E+02,    0.0000000000E+00,    0.0000000000E+00,    0.0000000000E+00,    3.9327075568E+02
    213150,      0.676967,CP0_start,   1,    0.0000000000E+00,    3.9345533394E+02,    3.9345533394E+02,    0.0000000000E+00,    0.0000000000E+00,    0.0000000000E+00,    3.9345533394E+02
    213150,      0.676967,CP1_after_deposition,   1,    0.0000000000E+00,    3.9345533394E+02,    3.9345533394E+02,    0.0000000000E+00,    0.0000000000E+00,    0.0000000000E+00,    3.9345533394E+02
    213150,      0.676967,CP2_after_erosion,   1,    0.0000000000E+00,    3.9345533394E+02,    3.9345533394E+02,    0.0000000000E+00,    0.0000000000E+00,    0.0000000000E+00,    3.9345533394E+02
    213150,      0.676967,CP3_after_update_bottom,   1,    0.0000000000E+00,    3.9345533394E+02,    3.9345533394E+02,    0.0000000000E+00,    0.0000000000E+00,    0.0000000000E+00,    3.9345533394E+02
    213150,      0.676967,CP4_after_advection,   1,    0.0000000000E+00,    3.9347110636E+02,    3.9347110636E+02,    0.0000000000E+00,    0.0000000000E+00,    0.0000000000E+00,    3.9347110636E+02
    213150,      0.676967,CP5_after_vdif,   1,    0.0000000000E+00,    3.9347110636E+02,    3.9347110636E+02,    0.0000000000E+00,    0.0000000000E+00,    0.0000000000E+00,    3.9347110636E+02
    213150,      0.676967,CP6_after_kinetics,   1,    0.0000000000E+00,    3.9347110636E+02,    3.9347110636E+02,    0.0000000000E+00,    0.0000000000E+00,    0.0000000000E+00,    3.9347110636E+02
    213150,      0.676967,CP7_after_upper_clamp,   1,    0.0000000000E+00,    3.9347110636E+02,    3.9347110636E+02,    0.0000000000E+00,    0.0000000000E+00,    0.0000000000E+00,    3.9347110636E+02
    213150,      0.676967,CP8_after_OBC,   1,    0.0000000000E+00,    3.9347110636E+02,    3.9347110636E+02,    0.0000000000E+00,    0.0000000000E+00,    0.0000000000E+00,    3.9347110636E+02
    213150,      0.676967,CP9_after_PTsource,   1,    0.0000000000E+00,    3.9347110636E+02,    3.9347110636E+02,    0.0000000000E+00,    0.0000000000E+00,    0.0000000000E+00,    3.9347110636E+02
    213150,      0.676967,CP10_after_neg_clamp,   1,    0.0000000000E+00,    3.9347110636E+02,    3.9347110636E+02,    0.0000000000E+00,    0.0000000000E+00,    0.0000000000E+00,    3.9347110636E+02
    213150,      0.676967,CP11_after_MPI,   1,    0.0000000000E+00,    3.9347110636E+02,    3.9347110636E+02,    0.0000000000E+00,    0.0000000000E+00,    0.0000000000E+00,    3.9347110636E+02
    213150,      0.676967,CP12_end,   1,    0.0000000000E+00,    3.9347110636E+02,    3.9347110636E+02,    0.0000000000E+00,    0.0000000000E+00,    0.0000000000E+00,    3.9347110636E+02
    213200,      0.676967,CP0_start,   1,    0.0000000000E+00,    3.9365576992E+02,    3.9365576992E+02,    0.0000000000E+00,    0.0000000000E+00,    0.0000000000E+00,    3.9365576992E+02
    213200,      0.676967,CP1_after_deposition,   1,    0.0000000000E+00,    3.9365576992E+02,    3.9365576992E+02,    0.0000000000E+00,    0.0000000000E+00,    0.0000000000E+00,    3.9365576992E+02
    213200,      0.676967,CP2_after_erosion,   1,    0.0000000000E+00,    3.9365576992E+02,    3.9365576992E+02,    0.0000000000E+00,    0.0000000000E+00,    0.0000000000E+00,    3.9365576992E+02
    213200,      0.676967,CP3_after_update_bottom,   1,    0.0000000000E+00,    3.9365576992E+02,    3.9365576992E+02,    0.0000000000E+00,    0.0000000000E+00,    0.0000000000E+00,    3.9365576992E+02
    213200,      0.676967,CP4_after_advection,   1,    0.0000000000E+00,    3.9367149053E+02,    3.9367149053E+02,    0.0000000000E+00,    0.0000000000E+00,    0.0000000000E+00,    3.9367149053E+02
    213200,      0.676967,CP5_after_vdif,   1,    0.0000000000E+00,    3.9367149053E+02,    3.9367149053E+02,    0.0000000000E+00,    0.0000000000E+00,    0.0000000000E+00,    3.9367149053E+02
    213200,      0.676967,CP6_after_kinetics,   1,    0.0000000000E+00,    3.9367149053E+02,    3.9367149053E+02,    0.0000000000E+00,    0.0000000000E+00,    0.0000000000E+00,    3.9367149053E+02
    213200,      0.676967,CP7_after_upper_clamp,   1,    0.0000000000E+00,    3.9367149053E+02,    3.9367149053E+02,    0.0000000000E+00,    0.0000000000E+00,    0.0000000000E+00,    3.9367149053E+02
    213200,      0.676967,CP8_after_OBC,   1,    0.0000000000E+00,    3.9367149053E+02,    3.9367149053E+02,    0.0000000000E+00,    0.0000000000E+00,    0.0000000000E+00,    3.9367149053E+02
    213200,      0.676967,CP9_after_PTsource,   1,    0.0000000000E+00,    3.9367149053E+02,    3.9367149053E+02,    0.0000000000E+00,    0.0000000000E+00,    0.0000000000E+00,    3.9367149053E+02
    213200,      0.676967,CP10_after_neg_clamp,   1,    0.0000000000E+00,    3.9367149053E+02,    3.9367149053E+02,    0.0000000000E+00,    0.0000000000E+00,    0.0000000000E+00,    3.9367149053E+02
    213200,      0.676967,CP11_after_MPI,   1,    0.0000000000E+00,    3.9367149053E+02,    3.9367149053E+02,    0.0000000000E+00,    0.0000000000E+00,    0.0000000000E+00,    3.9367149053E+02
    213200,      0.676967,CP12_end,   1,    0.0000000000E+00,    3.9367149053E+02,    3.9367149053E+02,    0.0000000000E+00,    0.0000000000E+00,    0.0000000000E+00,    3.9367149053E+02
    213250,      0.676967,CP0_start,   1,    0.0000000000E+00,    3.9385624928E+02,    3.9385624928E+02,    0.0000000000E+00,    0.0000000000E+00,    0.0000000000E+00,    3.9385624928E+02
    213250,      0.676967,CP1_after_deposition,   1,    0.0000000000E+00,    3.9385624928E+02,    3.9385624928E+02,    0.0000000000E+00,    0.0000000000E+00,    0.0000000000E+00,    3.9385624928E+02
    213250,      0.676967,CP2_after_erosion,   1,    0.0000000000E+00,    3.9385624928E+02,    3.9385624928E+02,    0.0000000000E+00,    0.0000000000E+00,    0.0000000000E+00,    3.9385624928E+02
    213250,      0.676967,CP3_after_update_bottom,   1,    0.0000000000E+00,    3.9385624928E+02,    3.9385624928E+02,    0.0000000000E+00,    0.0000000000E+00,    0.0000000000E+00,    3.9385624928E+02
    213250,      0.676967,CP4_after_advection,   1,    0.0000000000E+00,    3.9387191481E+02,    3.9387191481E+02,    0.0000000000E+00,    0.0000000000E+00,    0.0000000000E+00,    3.9387191481E+02
    213250,      0.676967,CP5_after_vdif,   1,    0.0000000000E+00,    3.9387191481E+02,    3.9387191481E+02,    0.0000000000E+00,    0.0000000000E+00,    0.0000000000E+00,    3.9387191481E+02
    213250,      0.676967,CP6_after_kinetics,   1,    0.0000000000E+00,    3.9387191481E+02,    3.9387191481E+02,    0.0000000000E+00,    0.0000000000E+00,    0.0000000000E+00,    3.9387191481E+02
    213250,      0.676967,CP7_after_upper_clamp,   1,    0.0000000000E+00,    3.9387191481E+02,    3.9387191481E+02,    0.0000000000E+00,    0.0000000000E+00,    0.0000000000E+00,    3.9387191481E+02
    213250,      0.676967,CP8_after_OBC,   1,    0.0000000000E+00,    3.9387191481E+02,    3.9387191481E+02,    0.0000000000E+00,    0.0000000000E+00,    0.0000000000E+00,    3.9387191481E+02
    213250,      0.676967,CP9_after_PTsource,   1,    0.0000000000E+00,    3.9387191481E+02,    3.9387191481E+02,    0.0000000000E+00,    0.0000000000E+00,    0.0000000000E+00,    3.9387191481E+02
    213250,      0.676967,CP10_after_neg_clamp,   1,    0.0000000000E+00,    3.9387191481E+02,    3.9387191481E+02,    0.0000000000E+00,    0.0000000000E+00,    0.0000000000E+00,    3.9387191481E+02
    213250,      0.676967,CP11_after_MPI,   1,    0.0000000000E+00,    3.9387191481E+02,    3.9387191481E+02,    0.0000000000E+00,    0.0000000000E+00,    0.0000000000E+00,    3.9387191481E+02
    213250,      0.676967,CP12_end,   1,    0.0000000000E+00,    3.9387191481E+02,    3.9387191481E+02,    0.0000000000E+00,    0.0000000000E+00,    0.0000000000E+00,    3.9387191481E+02
    213300,      0.676967,CP0_start,   1,    0.0000000000E+00,    3.9405681166E+02,    3.9405681166E+02,    0.0000000000E+00,    0.0000000000E+00,    0.0000000000E+00,    3.9405681166E+02
    213300,      0.676967,CP1_after_deposition,   1,    0.0000000000E+00,    3.9405681166E+02,    3.9405681166E+02,    0.0000000000E+00,    0.0000000000E+00,    0.0000000000E+00,    3.9405681166E+02
    213300,      0.676967,CP2_after_erosion,   1,    0.0000000000E+00,    3.9405681166E+02,    3.9405681166E+02,    0.0000000000E+00,    0.0000000000E+00,    0.0000000000E+00,    3.9405681166E+02
    213300,      0.676967,CP3_after_update_bottom,   1,    0.0000000000E+00,    3.9405681166E+02,    3.9405681166E+02,    0.0000000000E+00,    0.0000000000E+00,    0.0000000000E+00,    3.9405681166E+02
    213300,      0.676967,CP4_after_advection,   1,    0.0000000000E+00,    3.9407243013E+02,    3.9407243013E+02,    0.0000000000E+00,    0.0000000000E+00,    0.0000000000E+00,    3.9407243013E+02
    213300,      0.676967,CP5_after_vdif,   1,    0.0000000000E+00,    3.9407243013E+02,    3.9407243013E+02,    0.0000000000E+00,    0.0000000000E+00,    0.0000000000E+00,    3.9407243013E+02
    213300,      0.676967,CP6_after_kinetics,   1,    0.0000000000E+00,    3.9407243013E+02,    3.9407243013E+02,    0.0000000000E+00,    0.0000000000E+00,    0.0000000000E+00,    3.9407243013E+02
    213300,      0.676967,CP7_after_upper_clamp,   1,    0.0000000000E+00,    3.9407243013E+02,    3.9407243013E+02,    0.0000000000E+00,    0.0000000000E+00,    0.0000000000E+00,    3.9407243013E+02
    213300,      0.676967,CP8_after_OBC,   1,    0.0000000000E+00,    3.9407243013E+02,    3.9407243013E+02,    0.0000000000E+00,    0.0000000000E+00,    0.0000000000E+00,    3.9407243013E+02
    213300,      0.676967,CP9_after_PTsource,   1,    0.0000000000E+00,    3.9407243013E+02,    3.9407243013E+02,    0.0000000000E+00,    0.0000000000E+00,    0.0000000000E+00,    3.9407243013E+02
    213300,      0.676967,CP10_after_neg_clamp,   1,    0.0000000000E+00,    3.9407243013E+02,    3.9407243013E+02,    0.0000000000E+00,    0.0000000000E+00,    0.0000000000E+00,    3.9407243013E+02
    213300,      0.676967,CP11_after_MPI,   1,    0.0000000000E+00,    3.9407243013E+02,    3.9407243013E+02,    0.0000000000E+00,    0.0000000000E+00,    0.0000000000E+00,    3.9407243013E+02
    213300,      0.676967,CP12_end,   1,    0.0000000000E+00,    3.9407243013E+02,    3.9407243013E+02,    0.0000000000E+00,    0.0000000000E+00,    0.0000000000E+00,    3.9407243013E+02
    213350,      0.676967,CP0_start,   1,    0.0000000000E+00,    3.9425727822E+02,    3.9425727822E+02,    0.0000000000E+00,    0.0000000000E+00,    0.0000000000E+00,    3.9425727822E+02
    213350,      0.676967,CP1_after_deposition,   1,    0.0000000000E+00,    3.9425727822E+02,    3.9425727822E+02,    0.0000000000E+00,    0.0000000000E+00,    0.0000000000E+00,    3.9425727822E+02
    213350,      0.676967,CP2_after_erosion,   1,    0.0000000000E+00,    3.9425727822E+02,    3.9425727822E+02,    0.0000000000E+00,    0.0000000000E+00,    0.0000000000E+00,    3.9425727822E+02
    213350,      0.676967,CP3_after_update_bottom,   1,    0.0000000000E+00,    3.9425727822E+02,    3.9425727822E+02,    0.0000000000E+00,    0.0000000000E+00,    0.0000000000E+00,    3.9425727822E+02
    213350,      0.676967,CP4_after_advection,   1,    0.0000000000E+00,    3.9427285791E+02,    3.9427285791E+02,    0.0000000000E+00,    0.0000000000E+00,    0.0000000000E+00,    3.9427285791E+02
    213350,      0.676967,CP5_after_vdif,   1,    0.0000000000E+00,    3.9427285791E+02,    3.9427285791E+02,    0.0000000000E+00,    0.0000000000E+00,    0.0000000000E+00,    3.9427285791E+02
    213350,      0.676967,CP6_after_kinetics,   1,    0.0000000000E+00,    3.9427285791E+02,    3.9427285791E+02,    0.0000000000E+00,    0.0000000000E+00,    0.0000000000E+00,    3.9427285791E+02
    213350,      0.676967,CP7_after_upper_clamp,   1,    0.0000000000E+00,    3.9427285791E+02,    3.9427285791E+02,    0.0000000000E+00,    0.0000000000E+00,    0.0000000000E+00,    3.9427285791E+02
    213350,      0.676967,CP8_after_OBC,   1,    0.0000000000E+00,    3.9427285791E+02,    3.9427285791E+02,    0.0000000000E+00,    0.0000000000E+00,    0.0000000000E+00,    3.9427285791E+02
    213350,      0.676967,CP9_after_PTsource,   1,    0.0000000000E+00,    3.9427285791E+02,    3.9427285791E+02,    0.0000000000E+00,    0.0000000000E+00,    0.0000000000E+00,    3.9427285791E+02
    213350,      0.676967,CP10_after_neg_clamp,   1,    0.0000000000E+00,    3.9427285791E+02,    3.9427285791E+02,    0.0000000000E+00,    0.0000000000E+00,    0.0000000000E+00,    3.9427285791E+02
    213350,      0.676967,CP11_after_MPI,   1,    0.0000000000E+00,    3.9427285791E+02,    3.9427285791E+02,    0.0000000000E+00,    0.0000000000E+00,    0.0000000000E+00,    3.9427285791E+02
    213350,      0.676967,CP12_end,   1,    0.0000000000E+00,    3.9427285791E+02,    3.9427285791E+02,    0.0000000000E+00,    0.0000000000E+00,    0.0000000000E+00,    3.9427285791E+02
    213400,      0.676967,CP0_start,   1,    0.0000000000E+00,    3.9445804301E+02,    3.9445804301E+02,    0.0000000000E+00,    0.0000000000E+00,    0.0000000000E+00,    3.9445804301E+02
    213400,      0.676967,CP1_after_deposition,   1,    0.0000000000E+00,    3.9445804301E+02,    3.9445804301E+02,    0.0000000000E+00,    0.0000000000E+00,    0.0000000000E+00,    3.9445804301E+02
    213400,      0.676967,CP2_after_erosion,   1,    0.0000000000E+00,    3.9445804301E+02,    3.9445804301E+02,    0.0000000000E+00,    0.0000000000E+00,    0.0000000000E+00,    3.9445804301E+02
    213400,      0.676967,CP3_after_update_bottom,   1,    0.0000000000E+00,    3.9445804301E+02,    3.9445804301E+02,    0.0000000000E+00,    0.0000000000E+00,    0.0000000000E+00,    3.9445804301E+02
    213400,      0.676967,CP4_after_advection,   1,    0.0000000000E+00,    3.9447357749E+02,    3.9447357749E+02,    0.0000000000E+00,    0.0000000000E+00,    0.0000000000E+00,    3.9447357749E+02
    213400,      0.676967,CP5_after_vdif,   1,    0.0000000000E+00,    3.9447357749E+02,    3.9447357749E+02,    0.0000000000E+00,    0.0000000000E+00,    0.0000000000E+00,    3.9447357749E+02
    213400,      0.676967,CP6_after_kinetics,   1,    0.0000000000E+00,    3.9447357749E+02,    3.9447357749E+02,    0.0000000000E+00,    0.0000000000E+00,    0.0000000000E+00,    3.9447357749E+02
    213400,      0.676967,CP7_after_upper_clamp,   1,    0.0000000000E+00,    3.9447357749E+02,    3.9447357749E+02,    0.0000000000E+00,    0.0000000000E+00,    0.0000000000E+00,    3.9447357749E+02
    213400,      0.676967,CP8_after_OBC,   1,    0.0000000000E+00,    3.9447357749E+02,    3.9447357749E+02,    0.0000000000E+00,    0.0000000000E+00,    0.0000000000E+00,    3.9447357749E+02
    213400,      0.676967,CP9_after_PTsource,   1,    0.0000000000E+00,    3.9447357749E+02,    3.9447357749E+02,    0.0000000000E+00,    0.0000000000E+00,    0.0000000000E+00,    3.9447357749E+02
    213400,      0.676967,CP10_after_neg_clamp,   1,    0.0000000000E+00,    3.9447357749E+02,    3.9447357749E+02,    0.0000000000E+00,    0.0000000000E+00,    0.0000000000E+00,    3.9447357749E+02
    213400,      0.676967,CP11_after_MPI,   1,    0.0000000000E+00,    3.9447357749E+02,    3.9447357749E+02,    0.0000000000E+00,    0.0000000000E+00,    0.0000000000E+00,    3.9447357749E+02
    213400,      0.676967,CP12_end,   1,    0.0000000000E+00,    3.9447357749E+02,    3.9447357749E+02,    0.0000000000E+00,    0.0000000000E+00,    0.0000000000E+00,    3.9447357749E+02
    213450,      0.676967,CP0_start,   1,    0.0000000000E+00,    3.9465916120E+02,    3.9465916120E+02,    0.0000000000E+00,    0.0000000000E+00,    0.0000000000E+00,    3.9465916120E+02
    213450,      0.676967,CP1_after_deposition,   1,    0.0000000000E+00,    3.9465916120E+02,    3.9465916120E+02,    0.0000000000E+00,    0.0000000000E+00,    0.0000000000E+00,    3.9465916120E+02
    213450,      0.676967,CP2_after_erosion,   1,    0.0000000000E+00,    3.9465916120E+02,    3.9465916120E+02,    0.0000000000E+00,    0.0000000000E+00,    0.0000000000E+00,    3.9465916120E+02
    213450,      0.676967,CP3_after_update_bottom,   1,    0.0000000000E+00,    3.9465916120E+02,    3.9465916120E+02,    0.0000000000E+00,    0.0000000000E+00,    0.0000000000E+00,    3.9465916120E+02
    213450,      0.676967,CP4_after_advection,   1,    0.0000000000E+00,    3.9467464427E+02,    3.9467464427E+02,    0.0000000000E+00,    0.0000000000E+00,    0.0000000000E+00,    3.9467464427E+02
    213450,      0.676967,CP5_after_vdif,   1,    0.0000000000E+00,    3.9467464427E+02,    3.9467464427E+02,    0.0000000000E+00,    0.0000000000E+00,    0.0000000000E+00,    3.9467464427E+02
    213450,      0.676967,CP6_after_kinetics,   1,    0.0000000000E+00,    3.9467464427E+02,    3.9467464427E+02,    0.0000000000E+00,    0.0000000000E+00,    0.0000000000E+00,    3.9467464427E+02
    213450,      0.676967,CP7_after_upper_clamp,   1,    0.0000000000E+00,    3.9467464427E+02,    3.9467464427E+02,    0.0000000000E+00,    0.0000000000E+00,    0.0000000000E+00,    3.9467464427E+02
    213450,      0.676967,CP8_after_OBC,   1,    0.0000000000E+00,    3.9467464427E+02,    3.9467464427E+02,    0.0000000000E+00,    0.0000000000E+00,    0.0000000000E+00,    3.9467464427E+02
    213450,      0.676967,CP9_after_PTsource,   1,    0.0000000000E+00,    3.9467464427E+02,    3.9467464427E+02,    0.0000000000E+00,    0.0000000000E+00,    0.0000000000E+00,    3.9467464427E+02
    213450,      0.676967,CP10_after_neg_clamp,   1,    0.0000000000E+00,    3.9467464427E+02,    3.9467464427E+02,    0.0000000000E+00,    0.0000000000E+00,    0.0000000000E+00,    3.9467464427E+02
    213450,      0.676967,CP11_after_MPI,   1,    0.0000000000E+00,    3.9467464427E+02,    3.9467464427E+02,    0.0000000000E+00,    0.0000000000E+00,    0.0000000000E+00,    3.9467464427E+02
    213450,      0.676967,CP12_end,   1,    0.0000000000E+00,    3.9467464427E+02,    3.9467464427E+02,    0.0000000000E+00,    0.0000000000E+00,    0.0000000000E+00,    3.9467464427E+02
    213500,      0.676967,CP0_start,   1,    0.0000000000E+00,    3.9486064884E+02,    3.9486064884E+02,    0.0000000000E+00,    0.0000000000E+00,    0.0000000000E+00,    3.9486064884E+02
    213500,      0.676967,CP1_after_deposition,   1,    0.0000000000E+00,    3.9486064884E+02,    3.9486064884E+02,    0.0000000000E+00,    0.0000000000E+00,    0.0000000000E+00,    3.9486064884E+02
    213500,      0.676967,CP2_after_erosion,   1,    0.0000000000E+00,    3.9486064884E+02,    3.9486064884E+02,    0.0000000000E+00,    0.0000000000E+00,    0.0000000000E+00,    3.9486064884E+02
    213500,      0.676967,CP3_after_update_bottom,   1,    0.0000000000E+00,    3.9486064884E+02,    3.9486064884E+02,    0.0000000000E+00,    0.0000000000E+00,    0.0000000000E+00,    3.9486064884E+02
    213500,      0.676967,CP4_after_advection,   1,    0.0000000000E+00,    3.9487608986E+02,    3.9487608986E+02,    0.0000000000E+00,    0.0000000000E+00,    0.0000000000E+00,    3.9487608986E+02
    213500,      0.676967,CP5_after_vdif,   1,    0.0000000000E+00,    3.9487608986E+02,    3.9487608986E+02,    0.0000000000E+00,    0.0000000000E+00,    0.0000000000E+00,    3.9487608986E+02
    213500,      0.676967,CP6_after_kinetics,   1,    0.0000000000E+00,    3.9487608986E+02,    3.9487608986E+02,    0.0000000000E+00,    0.0000000000E+00,    0.0000000000E+00,    3.9487608986E+02
    213500,      0.676967,CP7_after_upper_clamp,   1,    0.0000000000E+00,    3.9487608986E+02,    3.9487608986E+02,    0.0000000000E+00,    0.0000000000E+00,    0.0000000000E+00,    3.9487608986E+02
    213500,      0.676967,CP8_after_OBC,   1,    0.0000000000E+00,    3.9487608986E+02,    3.9487608986E+02,    0.0000000000E+00,    0.0000000000E+00,    0.0000000000E+00,    3.9487608986E+02
    213500,      0.676967,CP9_after_PTsource,   1,    0.0000000000E+00,    3.9487608986E+02,    3.9487608986E+02,    0.0000000000E+00,    0.0000000000E+00,    0.0000000000E+00,    3.9487608986E+02
    213500,      0.676967,CP10_after_neg_clamp,   1,    0.0000000000E+00,    3.9487608986E+02,    3.9487608986E+02,    0.0000000000E+00,    0.0000000000E+00,    0.0000000000E+00,    3.9487608986E+02
    213500,      0.676967,CP11_after_MPI,   1,    0.0000000000E+00,    3.9487608986E+02,    3.9487608986E+02,    0.0000000000E+00,    0.0000000000E+00,    0.0000000000E+00,    3.9487608986E+02
    213500,      0.676967,CP12_end,   1,    0.0000000000E+00,    3.9487608986E+02,    3.9487608986E+02,    0.0000000000E+00,    0.0000000000E+00,    0.0000000000E+00,    3.9487608986E+02
    213550,      0.676967,CP0_start,   1,    0.0000000000E+00,    3.9506251683E+02,    3.9506251683E+02,    0.0000000000E+00,    0.0000000000E+00,    0.0000000000E+00,    3.9506251683E+02
    213550,      0.676967,CP1_after_deposition,   1,    0.0000000000E+00,    3.9506251683E+02,    3.9506251683E+02,    0.0000000000E+00,    0.0000000000E+00,    0.0000000000E+00,    3.9506251683E+02
    213550,      0.676967,CP2_after_erosion,   1,    0.0000000000E+00,    3.9506251683E+02,    3.9506251683E+02,    0.0000000000E+00,    0.0000000000E+00,    0.0000000000E+00,    3.9506251683E+02
    213550,      0.676967,CP3_after_update_bottom,   1,    0.0000000000E+00,    3.9506251683E+02,    3.9506251683E+02,    0.0000000000E+00,    0.0000000000E+00,    0.0000000000E+00,    3.9506251683E+02
    213550,      0.676967,CP4_after_advection,   1,    0.0000000000E+00,    3.9507792077E+02,    3.9507792077E+02,    0.0000000000E+00,    0.0000000000E+00,    0.0000000000E+00,    3.9507792077E+02
    213550,      0.676967,CP5_after_vdif,   1,    0.0000000000E+00,    3.9507792077E+02,    3.9507792077E+02,    0.0000000000E+00,    0.0000000000E+00,    0.0000000000E+00,    3.9507792077E+02
    213550,      0.676967,CP6_after_kinetics,   1,    0.0000000000E+00,    3.9507792077E+02,    3.9507792077E+02,    0.0000000000E+00,    0.0000000000E+00,    0.0000000000E+00,    3.9507792077E+02
    213550,      0.676967,CP7_after_upper_clamp,   1,    0.0000000000E+00,    3.9507792077E+02,    3.9507792077E+02,    0.0000000000E+00,    0.0000000000E+00,    0.0000000000E+00,    3.9507792077E+02
    213550,      0.676967,CP8_after_OBC,   1,    0.0000000000E+00,    3.9507792077E+02,    3.9507792077E+02,    0.0000000000E+00,    0.0000000000E+00,    0.0000000000E+00,    3.9507792077E+02
    213550,      0.676967,CP9_after_PTsource,   1,    0.0000000000E+00,    3.9507792077E+02,    3.9507792077E+02,    0.0000000000E+00,    0.0000000000E+00,    0.0000000000E+00,    3.9507792077E+02
    213550,      0.676967,CP10_after_neg_clamp,   1,    0.0000000000E+00,    3.9507792077E+02,    3.9507792077E+02,    0.0000000000E+00,    0.0000000000E+00,    0.0000000000E+00,    3.9507792077E+02
    213550,      0.676967,CP11_after_MPI,   1,    0.0000000000E+00,    3.9507792077E+02,    3.9507792077E+02,    0.0000000000E+00,    0.0000000000E+00,    0.0000000000E+00,    3.9507792077E+02
    213550,      0.676967,CP12_end,   1,    0.0000000000E+00,    3.9507792077E+02,    3.9507792077E+02,    0.0000000000E+00,    0.0000000000E+00,    0.0000000000E+00,    3.9507792077E+02
    213600,      0.676967,CP0_start,   1,    0.0000000000E+00,    3.9526477344E+02,    3.9526477344E+02,    0.0000000000E+00,    0.0000000000E+00,    0.0000000000E+00,    3.9526477344E+02
    213600,      0.676967,CP1_after_deposition,   1,    0.0000000000E+00,    3.9526477344E+02,    3.9526477344E+02,    0.0000000000E+00,    0.0000000000E+00,    0.0000000000E+00,    3.9526477344E+02
    213600,      0.676967,CP2_after_erosion,   1,    0.0000000000E+00,    3.9526477344E+02,    3.9526477344E+02,    0.0000000000E+00,    0.0000000000E+00,    0.0000000000E+00,    3.9526477344E+02
    213600,      0.676967,CP3_after_update_bottom,   1,    0.0000000000E+00,    3.9526477344E+02,    3.9526477344E+02,    0.0000000000E+00,    0.0000000000E+00,    0.0000000000E+00,    3.9526477344E+02
    213600,      0.676967,CP4_after_advection,   1,    0.0000000000E+00,    3.9528013374E+02,    3.9528013374E+02,    0.0000000000E+00,    0.0000000000E+00,    0.0000000000E+00,    3.9528013374E+02
    213600,      0.676967,CP5_after_vdif,   1,    0.0000000000E+00,    3.9528013374E+02,    3.9528013374E+02,    0.0000000000E+00,    0.0000000000E+00,    0.0000000000E+00,    3.9528013374E+02
    213600,      0.676967,CP6_after_kinetics,   1,    0.0000000000E+00,    3.9528013374E+02,    3.9528013374E+02,    0.0000000000E+00,    0.0000000000E+00,    0.0000000000E+00,    3.9528013374E+02
    213600,      0.676967,CP7_after_upper_clamp,   1,    0.0000000000E+00,    3.9528013374E+02,    3.9528013374E+02,    0.0000000000E+00,    0.0000000000E+00,    0.0000000000E+00,    3.9528013374E+02
    213600,      0.676967,CP8_after_OBC,   1,    0.0000000000E+00,    3.9528013374E+02,    3.9528013374E+02,    0.0000000000E+00,    0.0000000000E+00,    0.0000000000E+00,    3.9528013374E+02
    213600,      0.676967,CP9_after_PTsource,   1,    0.0000000000E+00,    3.9528013374E+02,    3.9528013374E+02,    0.0000000000E+00,    0.0000000000E+00,    0.0000000000E+00,    3.9528013374E+02
    213600,      0.676967,CP10_after_neg_clamp,   1,    0.0000000000E+00,    3.9528013374E+02,    3.9528013374E+02,    0.0000000000E+00,    0.0000000000E+00,    0.0000000000E+00,    3.9528013374E+02
    213600,      0.676967,CP11_after_MPI,   1,    0.0000000000E+00,    3.9528013374E+02,    3.9528013374E+02,    0.0000000000E+00,    0.0000000000E+00,    0.0000000000E+00,    3.9528013374E+02
    213600,      0.676967,CP12_end,   1,    0.0000000000E+00,    3.9528013374E+02,    3.9528013374E+02,    0.0000000000E+00,    0.0000000000E+00,    0.0000000000E+00,    3.9528013374E+02
    213650,      0.676967,CP0_start,   1,    0.0000000000E+00,    3.9546741416E+02,    3.9546741416E+02,    0.0000000000E+00,    0.0000000000E+00,    0.0000000000E+00,    3.9546741416E+02
    213650,      0.676967,CP1_after_deposition,   1,    0.0000000000E+00,    3.9546741416E+02,    3.9546741416E+02,    0.0000000000E+00,    0.0000000000E+00,    0.0000000000E+00,    3.9546741416E+02
    213650,      0.676967,CP2_after_erosion,   1,    0.0000000000E+00,    3.9546741416E+02,    3.9546741416E+02,    0.0000000000E+00,    0.0000000000E+00,    0.0000000000E+00,    3.9546741416E+02
    213650,      0.676967,CP3_after_update_bottom,   1,    0.0000000000E+00,    3.9546741416E+02,    3.9546741416E+02,    0.0000000000E+00,    0.0000000000E+00,    0.0000000000E+00,    3.9546741416E+02
    213650,      0.676967,CP4_after_advection,   1,    0.0000000000E+00,    3.9548273026E+02,    3.9548273026E+02,    0.0000000000E+00,    0.0000000000E+00,    0.0000000000E+00,    3.9548273026E+02
    213650,      0.676967,CP5_after_vdif,   1,    0.0000000000E+00,    3.9548273026E+02,    3.9548273026E+02,    0.0000000000E+00,    0.0000000000E+00,    0.0000000000E+00,    3.9548273026E+02
    213650,      0.676967,CP6_after_kinetics,   1,    0.0000000000E+00,    3.9548273026E+02,    3.9548273026E+02,    0.0000000000E+00,    0.0000000000E+00,    0.0000000000E+00,    3.9548273026E+02
    213650,      0.676967,CP7_after_upper_clamp,   1,    0.0000000000E+00,    3.9548273026E+02,    3.9548273026E+02,    0.0000000000E+00,    0.0000000000E+00,    0.0000000000E+00,    3.9548273026E+02
    213650,      0.676967,CP8_after_OBC,   1,    0.0000000000E+00,    3.9548273026E+02,    3.9548273026E+02,    0.0000000000E+00,    0.0000000000E+00,    0.0000000000E+00,    3.9548273026E+02
    213650,      0.676967,CP9_after_PTsource,   1,    0.0000000000E+00,    3.9548273026E+02,    3.9548273026E+02,    0.0000000000E+00,    0.0000000000E+00,    0.0000000000E+00,    3.9548273026E+02
    213650,      0.676967,CP10_after_neg_clamp,   1,    0.0000000000E+00,    3.9548273026E+02,    3.9548273026E+02,    0.0000000000E+00,    0.0000000000E+00,    0.0000000000E+00,    3.9548273026E+02
    213650,      0.676967,CP11_after_MPI,   1,    0.0000000000E+00,    3.9548273026E+02,    3.9548273026E+02,    0.0000000000E+00,    0.0000000000E+00,    0.0000000000E+00,    3.9548273026E+02
    213650,      0.676967,CP12_end,   1,    0.0000000000E+00,    3.9548273026E+02,    3.9548273026E+02,    0.0000000000E+00,    0.0000000000E+00,    0.0000000000E+00,    3.9548273026E+02
    213700,      0.676967,CP0_start,   1,    0.0000000000E+00,    3.9567049203E+02,    3.9567049203E+02,    0.0000000000E+00,    0.0000000000E+00,    0.0000000000E+00,    3.9567049203E+02
    213700,      0.676967,CP1_after_deposition,   1,    0.0000000000E+00,    3.9567049203E+02,    3.9567049203E+02,    0.0000000000E+00,    0.0000000000E+00,    0.0000000000E+00,    3.9567049203E+02
    213700,      0.676967,CP2_after_erosion,   1,    0.0000000000E+00,    3.9567049203E+02,    3.9567049203E+02,    0.0000000000E+00,    0.0000000000E+00,    0.0000000000E+00,    3.9567049203E+02
    213700,      0.676967,CP3_after_update_bottom,   1,    0.0000000000E+00,    3.9567049203E+02,    3.9567049203E+02,    0.0000000000E+00,    0.0000000000E+00,    0.0000000000E+00,    3.9567049203E+02
    213700,      0.676967,CP4_after_advection,   1,    0.0000000000E+00,    3.9568576856E+02,    3.9568576856E+02,    0.0000000000E+00,    0.0000000000E+00,    0.0000000000E+00,    3.9568576856E+02
    213700,      0.676967,CP5_after_vdif,   1,    0.0000000000E+00,    3.9568576856E+02,    3.9568576856E+02,    0.0000000000E+00,    0.0000000000E+00,    0.0000000000E+00,    3.9568576856E+02
    213700,      0.676967,CP6_after_kinetics,   1,    0.0000000000E+00,    3.9568576856E+02,    3.9568576856E+02,    0.0000000000E+00,    0.0000000000E+00,    0.0000000000E+00,    3.9568576856E+02
    213700,      0.676967,CP7_after_upper_clamp,   1,    0.0000000000E+00,    3.9568576856E+02,    3.9568576856E+02,    0.0000000000E+00,    0.0000000000E+00,    0.0000000000E+00,    3.9568576856E+02
    213700,      0.676967,CP8_after_OBC,   1,    0.0000000000E+00,    3.9568576856E+02,    3.9568576856E+02,    0.0000000000E+00,    0.0000000000E+00,    0.0000000000E+00,    3.9568576856E+02
    213700,      0.676967,CP9_after_PTsource,   1,    0.0000000000E+00,    3.9568576856E+02,    3.9568576856E+02,    0.0000000000E+00,    0.0000000000E+00,    0.0000000000E+00,    3.9568576856E+02
    213700,      0.676967,CP10_after_neg_clamp,   1,    0.0000000000E+00,    3.9568576856E+02,    3.9568576856E+02,    0.0000000000E+00,    0.0000000000E+00,    0.0000000000E+00,    3.9568576856E+02
    213700,      0.676967,CP11_after_MPI,   1,    0.0000000000E+00,    3.9568576856E+02,    3.9568576856E+02,    0.0000000000E+00,    0.0000000000E+00,    0.0000000000E+00,    3.9568576856E+02
    213700,      0.676967,CP12_end,   1,    0.0000000000E+00,    3.9568576856E+02,    3.9568576856E+02,    0.0000000000E+00,    0.0000000000E+00,    0.0000000000E+00,    3.9568576856E+02
    213750,      0.676967,CP0_start,   1,    0.0000000000E+00,    3.9587412308E+02,    3.9587412308E+02,    0.0000000000E+00,    0.0000000000E+00,    0.0000000000E+00,    3.9587412308E+02
    213750,      0.676967,CP1_after_deposition,   1,    0.0000000000E+00,    3.9587412308E+02,    3.9587412308E+02,    0.0000000000E+00,    0.0000000000E+00,    0.0000000000E+00,    3.9587412308E+02
    213750,      0.676967,CP2_after_erosion,   1,    0.0000000000E+00,    3.9587412308E+02,    3.9587412308E+02,    0.0000000000E+00,    0.0000000000E+00,    0.0000000000E+00,    3.9587412308E+02
    213750,      0.676967,CP3_after_update_bottom,   1,    0.0000000000E+00,    3.9587412308E+02,    3.9587412308E+02,    0.0000000000E+00,    0.0000000000E+00,    0.0000000000E+00,    3.9587412308E+02
    213750,      0.676967,CP4_after_advection,   1,    0.0000000000E+00,    3.9588936691E+02,    3.9588936691E+02,    0.0000000000E+00,    0.0000000000E+00,    0.0000000000E+00,    3.9588936691E+02
    213750,      0.676967,CP5_after_vdif,   1,    0.0000000000E+00,    3.9588936691E+02,    3.9588936691E+02,    0.0000000000E+00,    0.0000000000E+00,    0.0000000000E+00,    3.9588936691E+02
    213750,      0.676967,CP6_after_kinetics,   1,    0.0000000000E+00,    3.9588936691E+02,    3.9588936691E+02,    0.0000000000E+00,    0.0000000000E+00,    0.0000000000E+00,    3.9588936691E+02
    213750,      0.676967,CP7_after_upper_clamp,   1,    0.0000000000E+00,    3.9588936691E+02,    3.9588936691E+02,    0.0000000000E+00,    0.0000000000E+00,    0.0000000000E+00,    3.9588936691E+02
    213750,      0.676967,CP8_after_OBC,   1,    0.0000000000E+00,    3.9588936691E+02,    3.9588936691E+02,    0.0000000000E+00,    0.0000000000E+00,    0.0000000000E+00,    3.9588936691E+02
    213750,      0.676967,CP9_after_PTsource,   1,    0.0000000000E+00,    3.9588936691E+02,    3.9588936691E+02,    0.0000000000E+00,    0.0000000000E+00,    0.0000000000E+00,    3.9588936691E+02
    213750,      0.676967,CP10_after_neg_clamp,   1,    0.0000000000E+00,    3.9588936691E+02,    3.9588936691E+02,    0.0000000000E+00,    0.0000000000E+00,    0.0000000000E+00,    3.9588936691E+02
    213750,      0.676967,CP11_after_MPI,   1,    0.0000000000E+00,    3.9588936691E+02,    3.9588936691E+02,    0.0000000000E+00,    0.0000000000E+00,    0.0000000000E+00,    3.9588936691E+02
    213750,      0.676967,CP12_end,   1,    0.0000000000E+00,    3.9588936691E+02,    3.9588936691E+02,    0.0000000000E+00,    0.0000000000E+00,    0.0000000000E+00,    3.9588936691E+02
    213800,      0.676967,CP0_start,   1,    0.0000000000E+00,    3.9607838988E+02,    3.9607838988E+02,    0.0000000000E+00,    0.0000000000E+00,    0.0000000000E+00,    3.9607838988E+02
    213800,      0.676967,CP1_after_deposition,   1,    0.0000000000E+00,    3.9607838988E+02,    3.9607838988E+02,    0.0000000000E+00,    0.0000000000E+00,    0.0000000000E+00,    3.9607838988E+02
    213800,      0.676967,CP2_after_erosion,   1,    0.0000000000E+00,    3.9607838988E+02,    3.9607838988E+02,    0.0000000000E+00,    0.0000000000E+00,    0.0000000000E+00,    3.9607838988E+02
    213800,      0.676967,CP3_after_update_bottom,   1,    0.0000000000E+00,    3.9607838988E+02,    3.9607838988E+02,    0.0000000000E+00,    0.0000000000E+00,    0.0000000000E+00,    3.9607838988E+02
    213800,      0.676967,CP4_after_advection,   1,    0.0000000000E+00,    3.9609360277E+02,    3.9609360277E+02,    0.0000000000E+00,    0.0000000000E+00,    0.0000000000E+00,    3.9609360277E+02
    213800,      0.676967,CP5_after_vdif,   1,    0.0000000000E+00,    3.9609360277E+02,    3.9609360277E+02,    0.0000000000E+00,    0.0000000000E+00,    0.0000000000E+00,    3.9609360277E+02
    213800,      0.676967,CP6_after_kinetics,   1,    0.0000000000E+00,    3.9609360277E+02,    3.9609360277E+02,    0.0000000000E+00,    0.0000000000E+00,    0.0000000000E+00,    3.9609360277E+02
    213800,      0.676967,CP7_after_upper_clamp,   1,    0.0000000000E+00,    3.9609360277E+02,    3.9609360277E+02,    0.0000000000E+00,    0.0000000000E+00,    0.0000000000E+00,    3.9609360277E+02
    213800,      0.676967,CP8_after_OBC,   1,    0.0000000000E+00,    3.9609360277E+02,    3.9609360277E+02,    0.0000000000E+00,    0.0000000000E+00,    0.0000000000E+00,    3.9609360277E+02
    213800,      0.676967,CP9_after_PTsource,   1,    0.0000000000E+00,    3.9609360277E+02,    3.9609360277E+02,    0.0000000000E+00,    0.0000000000E+00,    0.0000000000E+00,    3.9609360277E+02
    213800,      0.676967,CP10_after_neg_clamp,   1,    0.0000000000E+00,    3.9609360277E+02,    3.9609360277E+02,    0.0000000000E+00,    0.0000000000E+00,    0.0000000000E+00,    3.9609360277E+02
    213800,      0.676967,CP11_after_MPI,   1,    0.0000000000E+00,    3.9609360277E+02,    3.9609360277E+02,    0.0000000000E+00,    0.0000000000E+00,    0.0000000000E+00,    3.9609360277E+02
    213800,      0.676967,CP12_end,   1,    0.0000000000E+00,    3.9609360277E+02,    3.9609360277E+02,    0.0000000000E+00,    0.0000000000E+00,    0.0000000000E+00,    3.9609360277E+02
    213850,      0.676967,CP0_start,   1,    0.0000000000E+00,    3.9628333852E+02,    3.9628333852E+02,    0.0000000000E+00,    0.0000000000E+00,    0.0000000000E+00,    3.9628333852E+02
    213850,      0.676967,CP1_after_deposition,   1,    0.0000000000E+00,    3.9628333852E+02,    3.9628333852E+02,    0.0000000000E+00,    0.0000000000E+00,    0.0000000000E+00,    3.9628333852E+02
    213850,      0.676967,CP2_after_erosion,   1,    0.0000000000E+00,    3.9628333852E+02,    3.9628333852E+02,    0.0000000000E+00,    0.0000000000E+00,    0.0000000000E+00,    3.9628333852E+02
    213850,      0.676967,CP3_after_update_bottom,   1,    0.0000000000E+00,    3.9628333852E+02,    3.9628333852E+02,    0.0000000000E+00,    0.0000000000E+00,    0.0000000000E+00,    3.9628333852E+02
    213850,      0.676967,CP4_after_advection,   1,    0.0000000000E+00,    3.9629851907E+02,    3.9629851907E+02,    0.0000000000E+00,    0.0000000000E+00,    0.0000000000E+00,    3.9629851907E+02
    213850,      0.676967,CP5_after_vdif,   1,    0.0000000000E+00,    3.9629851907E+02,    3.9629851907E+02,    0.0000000000E+00,    0.0000000000E+00,    0.0000000000E+00,    3.9629851907E+02
    213850,      0.676967,CP6_after_kinetics,   1,    0.0000000000E+00,    3.9629851907E+02,    3.9629851907E+02,    0.0000000000E+00,    0.0000000000E+00,    0.0000000000E+00,    3.9629851907E+02
    213850,      0.676967,CP7_after_upper_clamp,   1,    0.0000000000E+00,    3.9629851907E+02,    3.9629851907E+02,    0.0000000000E+00,    0.0000000000E+00,    0.0000000000E+00,    3.9629851907E+02
    213850,      0.676967,CP8_after_OBC,   1,    0.0000000000E+00,    3.9629851907E+02,    3.9629851907E+02,    0.0000000000E+00,    0.0000000000E+00,    0.0000000000E+00,    3.9629851907E+02
    213850,      0.676967,CP9_after_PTsource,   1,    0.0000000000E+00,    3.9629851907E+02,    3.9629851907E+02,    0.0000000000E+00,    0.0000000000E+00,    0.0000000000E+00,    3.9629851907E+02
    213850,      0.676967,CP10_after_neg_clamp,   1,    0.0000000000E+00,    3.9629851907E+02,    3.9629851907E+02,    0.0000000000E+00,    0.0000000000E+00,    0.0000000000E+00,    3.9629851907E+02
    213850,      0.676967,CP11_after_MPI,   1,    0.0000000000E+00,    3.9629851907E+02,    3.9629851907E+02,    0.0000000000E+00,    0.0000000000E+00,    0.0000000000E+00,    3.9629851907E+02
    213850,      0.676967,CP12_end,   1,    0.0000000000E+00,    3.9629851907E+02,    3.9629851907E+02,    0.0000000000E+00,    0.0000000000E+00,    0.0000000000E+00,    3.9629851907E+02
    213900,      0.676967,CP0_start,   1,    0.0000000000E+00,    3.9648897352E+02,    3.9648897352E+02,    0.0000000000E+00,    0.0000000000E+00,    0.0000000000E+00,    3.9648897352E+02
    213900,      0.676967,CP1_after_deposition,   1,    0.0000000000E+00,    3.9648897352E+02,    3.9648897352E+02,    0.0000000000E+00,    0.0000000000E+00,    0.0000000000E+00,    3.9648897352E+02
    213900,      0.676967,CP2_after_erosion,   1,    0.0000000000E+00,    3.9648897352E+02,    3.9648897352E+02,    0.0000000000E+00,    0.0000000000E+00,    0.0000000000E+00,    3.9648897352E+02
    213900,      0.676967,CP3_after_update_bottom,   1,    0.0000000000E+00,    3.9648897352E+02,    3.9648897352E+02,    0.0000000000E+00,    0.0000000000E+00,    0.0000000000E+00,    3.9648897352E+02
    213900,      0.676967,CP4_after_advection,   1,    0.0000000000E+00,    3.9650412182E+02,    3.9650412182E+02,    0.0000000000E+00,    0.0000000000E+00,    0.0000000000E+00,    3.9650412182E+02
    213900,      0.676967,CP5_after_vdif,   1,    0.0000000000E+00,    3.9650412182E+02,    3.9650412182E+02,    0.0000000000E+00,    0.0000000000E+00,    0.0000000000E+00,    3.9650412182E+02
    213900,      0.676967,CP6_after_kinetics,   1,    0.0000000000E+00,    3.9650412182E+02,    3.9650412182E+02,    0.0000000000E+00,    0.0000000000E+00,    0.0000000000E+00,    3.9650412182E+02
    213900,      0.676967,CP7_after_upper_clamp,   1,    0.0000000000E+00,    3.9650412182E+02,    3.9650412182E+02,    0.0000000000E+00,    0.0000000000E+00,    0.0000000000E+00,    3.9650412182E+02
    213900,      0.676967,CP8_after_OBC,   1,    0.0000000000E+00,    3.9650412182E+02,    3.9650412182E+02,    0.0000000000E+00,    0.0000000000E+00,    0.0000000000E+00,    3.9650412182E+02
    213900,      0.676967,CP9_after_PTsource,   1,    0.0000000000E+00,    3.9650412182E+02,    3.9650412182E+02,    0.0000000000E+00,    0.0000000000E+00,    0.0000000000E+00,    3.9650412182E+02
    213900,      0.676967,CP10_after_neg_clamp,   1,    0.0000000000E+00,    3.9650412182E+02,    3.9650412182E+02,    0.0000000000E+00,    0.0000000000E+00,    0.0000000000E+00,    3.9650412182E+02
    213900,      0.676967,CP11_after_MPI,   1,    0.0000000000E+00,    3.9650412182E+02,    3.9650412182E+02,    0.0000000000E+00,    0.0000000000E+00,    0.0000000000E+00,    3.9650412182E+02
    213900,      0.676967,CP12_end,   1,    0.0000000000E+00,    3.9650412182E+02,    3.9650412182E+02,    0.0000000000E+00,    0.0000000000E+00,    0.0000000000E+00,    3.9650412182E+02
    213950,      0.676967,CP0_start,   1,    0.0000000000E+00,    3.9669530021E+02,    3.9669530021E+02,    0.0000000000E+00,    0.0000000000E+00,    0.0000000000E+00,    3.9669530021E+02
    213950,      0.676967,CP1_after_deposition,   1,    0.0000000000E+00,    3.9669530021E+02,    3.9669530021E+02,    0.0000000000E+00,    0.0000000000E+00,    0.0000000000E+00,    3.9669530021E+02
    213950,      0.676967,CP2_after_erosion,   1,    0.0000000000E+00,    3.9669530021E+02,    3.9669530021E+02,    0.0000000000E+00,    0.0000000000E+00,    0.0000000000E+00,    3.9669530021E+02
    213950,      0.676967,CP3_after_update_bottom,   1,    0.0000000000E+00,    3.9669530021E+02,    3.9669530021E+02,    0.0000000000E+00,    0.0000000000E+00,    0.0000000000E+00,    3.9669530021E+02
    213950,      0.676967,CP4_after_advection,   1,    0.0000000000E+00,    3.9671041983E+02,    3.9671041983E+02,    0.0000000000E+00,    0.0000000000E+00,    0.0000000000E+00,    3.9671041983E+02
    213950,      0.676967,CP5_after_vdif,   1,    0.0000000000E+00,    3.9671041983E+02,    3.9671041983E+02,    0.0000000000E+00,    0.0000000000E+00,    0.0000000000E+00,    3.9671041983E+02
    213950,      0.676967,CP6_after_kinetics,   1,    0.0000000000E+00,    3.9671041983E+02,    3.9671041983E+02,    0.0000000000E+00,    0.0000000000E+00,    0.0000000000E+00,    3.9671041983E+02
    213950,      0.676967,CP7_after_upper_clamp,   1,    0.0000000000E+00,    3.9671041983E+02,    3.9671041983E+02,    0.0000000000E+00,    0.0000000000E+00,    0.0000000000E+00,    3.9671041983E+02
    213950,      0.676967,CP8_after_OBC,   1,    0.0000000000E+00,    3.9671041983E+02,    3.9671041983E+02,    0.0000000000E+00,    0.0000000000E+00,    0.0000000000E+00,    3.9671041983E+02
    213950,      0.676967,CP9_after_PTsource,   1,    0.0000000000E+00,    3.9671041983E+02,    3.9671041983E+02,    0.0000000000E+00,    0.0000000000E+00,    0.0000000000E+00,    3.9671041983E+02
    213950,      0.676967,CP10_after_neg_clamp,   1,    0.0000000000E+00,    3.9671041983E+02,    3.9671041983E+02,    0.0000000000E+00,    0.0000000000E+00,    0.0000000000E+00,    3.9671041983E+02
    213950,      0.676967,CP11_after_MPI,   1,    0.0000000000E+00,    3.9671041983E+02,    3.9671041983E+02,    0.0000000000E+00,    0.0000000000E+00,    0.0000000000E+00,    3.9671041983E+02
    213950,      0.676967,CP12_end,   1,    0.0000000000E+00,    3.9671041983E+02,    3.9671041983E+02,    0.0000000000E+00,    0.0000000000E+00,    0.0000000000E+00,    3.9671041983E+02
    214000,      0.676967,CP0_start,   1,    0.0000000000E+00,    3.9690231660E+02,    3.9690231660E+02,    0.0000000000E+00,    0.0000000000E+00,    0.0000000000E+00,    3.9690231660E+02
    214000,      0.676967,CP1_after_deposition,   1,    0.0000000000E+00,    3.9690231660E+02,    3.9690231660E+02,    0.0000000000E+00,    0.0000000000E+00,    0.0000000000E+00,    3.9690231660E+02
    214000,      0.676967,CP2_after_erosion,   1,    0.0000000000E+00,    3.9690231660E+02,    3.9690231660E+02,    0.0000000000E+00,    0.0000000000E+00,    0.0000000000E+00,    3.9690231660E+02
    214000,      0.676967,CP3_after_update_bottom,   1,    0.0000000000E+00,    3.9690231660E+02,    3.9690231660E+02,    0.0000000000E+00,    0.0000000000E+00,    0.0000000000E+00,    3.9690231660E+02
    214000,      0.676967,CP4_after_advection,   1,    0.0000000000E+00,    3.9691740887E+02,    3.9691740887E+02,    0.0000000000E+00,    0.0000000000E+00,    0.0000000000E+00,    3.9691740887E+02
    214000,      0.676967,CP5_after_vdif,   1,    0.0000000000E+00,    3.9691740887E+02,    3.9691740887E+02,    0.0000000000E+00,    0.0000000000E+00,    0.0000000000E+00,    3.9691740887E+02
    214000,      0.676967,CP6_after_kinetics,   1,    0.0000000000E+00,    3.9691740887E+02,    3.9691740887E+02,    0.0000000000E+00,    0.0000000000E+00,    0.0000000000E+00,    3.9691740887E+02
    214000,      0.676967,CP7_after_upper_clamp,   1,    0.0000000000E+00,    3.9691740887E+02,    3.9691740887E+02,    0.0000000000E+00,    0.0000000000E+00,    0.0000000000E+00,    3.9691740887E+02
    214000,      0.676967,CP8_after_OBC,   1,    0.0000000000E+00,    3.9691740887E+02,    3.9691740887E+02,    0.0000000000E+00,    0.0000000000E+00,    0.0000000000E+00,    3.9691740887E+02
    214000,      0.676967,CP9_after_PTsource,   1,    0.0000000000E+00,    3.9691740887E+02,    3.9691740887E+02,    0.0000000000E+00,    0.0000000000E+00,    0.0000000000E+00,    3.9691740887E+02
    214000,      0.676967,CP10_after_neg_clamp,   1,    0.0000000000E+00,    3.9691740887E+02,    3.9691740887E+02,    0.0000000000E+00,    0.0000000000E+00,    0.0000000000E+00,    3.9691740887E+02
    214000,      0.676967,CP11_after_MPI,   1,    0.0000000000E+00,    3.9691740887E+02,    3.9691740887E+02,    0.0000000000E+00,    0.0000000000E+00,    0.0000000000E+00,    3.9691740887E+02
    214000,      0.676967,CP12_end,   1,    0.0000000000E+00,    3.9691740887E+02,    3.9691740887E+02,    0.0000000000E+00,    0.0000000000E+00,    0.0000000000E+00,    3.9691740887E+02
    214050,      0.676967,CP0_start,   1,    0.0000000000E+00,    3.9711003884E+02,    3.9711003884E+02,    0.0000000000E+00,    0.0000000000E+00,    0.0000000000E+00,    3.9711003884E+02
    214050,      0.676967,CP1_after_deposition,   1,    0.0000000000E+00,    3.9711003884E+02,    3.9711003884E+02,    0.0000000000E+00,    0.0000000000E+00,    0.0000000000E+00,    3.9711003884E+02
    214050,      0.676967,CP2_after_erosion,   1,    0.0000000000E+00,    3.9711003884E+02,    3.9711003884E+02,    0.0000000000E+00,    0.0000000000E+00,    0.0000000000E+00,    3.9711003884E+02
    214050,      0.676967,CP3_after_update_bottom,   1,    0.0000000000E+00,    3.9711003884E+02,    3.9711003884E+02,    0.0000000000E+00,    0.0000000000E+00,    0.0000000000E+00,    3.9711003884E+02
    214050,      0.676967,CP4_after_advection,   1,    0.0000000000E+00,    3.9712509996E+02,    3.9712509996E+02,    0.0000000000E+00,    0.0000000000E+00,    0.0000000000E+00,    3.9712509996E+02
    214050,      0.676967,CP5_after_vdif,   1,    0.0000000000E+00,    3.9712509996E+02,    3.9712509996E+02,    0.0000000000E+00,    0.0000000000E+00,    0.0000000000E+00,    3.9712509996E+02
    214050,      0.676967,CP6_after_kinetics,   1,    0.0000000000E+00,    3.9712509996E+02,    3.9712509996E+02,    0.0000000000E+00,    0.0000000000E+00,    0.0000000000E+00,    3.9712509996E+02
    214050,      0.676967,CP7_after_upper_clamp,   1,    0.0000000000E+00,    3.9712509996E+02,    3.9712509996E+02,    0.0000000000E+00,    0.0000000000E+00,    0.0000000000E+00,    3.9712509996E+02
    214050,      0.676967,CP8_after_OBC,   1,    0.0000000000E+00,    3.9712509996E+02,    3.9712509996E+02,    0.0000000000E+00,    0.0000000000E+00,    0.0000000000E+00,    3.9712509996E+02
    214050,      0.676967,CP9_after_PTsource,   1,    0.0000000000E+00,    3.9712509996E+02,    3.9712509996E+02,    0.0000000000E+00,    0.0000000000E+00,    0.0000000000E+00,    3.9712509996E+02
    214050,      0.676967,CP10_after_neg_clamp,   1,    0.0000000000E+00,    3.9712509996E+02,    3.9712509996E+02,    0.0000000000E+00,    0.0000000000E+00,    0.0000000000E+00,    3.9712509996E+02
    214050,      0.676967,CP11_after_MPI,   1,    0.0000000000E+00,    3.9712509996E+02,    3.9712509996E+02,    0.0000000000E+00,    0.0000000000E+00,    0.0000000000E+00,    3.9712509996E+02
    214050,      0.676967,CP12_end,   1,    0.0000000000E+00,    3.9712509996E+02,    3.9712509996E+02,    0.0000000000E+00,    0.0000000000E+00,    0.0000000000E+00,    3.9712509996E+02
    214100,      0.676967,CP0_start,   1,    0.0000000000E+00,    3.9731842857E+02,    3.9731842857E+02,    0.0000000000E+00,    0.0000000000E+00,    0.0000000000E+00,    3.9731842857E+02
    214100,      0.676967,CP1_after_deposition,   1,    0.0000000000E+00,    3.9731842857E+02,    3.9731842857E+02,    0.0000000000E+00,    0.0000000000E+00,    0.0000000000E+00,    3.9731842857E+02
    214100,      0.676967,CP2_after_erosion,   1,    0.0000000000E+00,    3.9731842857E+02,    3.9731842857E+02,    0.0000000000E+00,    0.0000000000E+00,    0.0000000000E+00,    3.9731842857E+02
    214100,      0.676967,CP3_after_update_bottom,   1,    0.0000000000E+00,    3.9731842857E+02,    3.9731842857E+02,    0.0000000000E+00,    0.0000000000E+00,    0.0000000000E+00,    3.9731842857E+02
    214100,      0.676967,CP4_after_advection,   1,    0.0000000000E+00,    3.9733345663E+02,    3.9733345663E+02,    0.0000000000E+00,    0.0000000000E+00,    0.0000000000E+00,    3.9733345663E+02
    214100,      0.676967,CP5_after_vdif,   1,    0.0000000000E+00,    3.9733345663E+02,    3.9733345663E+02,    0.0000000000E+00,    0.0000000000E+00,    0.0000000000E+00,    3.9733345663E+02
    214100,      0.676967,CP6_after_kinetics,   1,    0.0000000000E+00,    3.9733345663E+02,    3.9733345663E+02,    0.0000000000E+00,    0.0000000000E+00,    0.0000000000E+00,    3.9733345663E+02
    214100,      0.676967,CP7_after_upper_clamp,   1,    0.0000000000E+00,    3.9733345663E+02,    3.9733345663E+02,    0.0000000000E+00,    0.0000000000E+00,    0.0000000000E+00,    3.9733345663E+02
    214100,      0.676967,CP8_after_OBC,   1,    0.0000000000E+00,    3.9733345663E+02,    3.9733345663E+02,    0.0000000000E+00,    0.0000000000E+00,    0.0000000000E+00,    3.9733345663E+02
    214100,      0.676967,CP9_after_PTsource,   1,    0.0000000000E+00,    3.9733345663E+02,    3.9733345663E+02,    0.0000000000E+00,    0.0000000000E+00,    0.0000000000E+00,    3.9733345663E+02
    214100,      0.676967,CP10_after_neg_clamp,   1,    0.0000000000E+00,    3.9733345663E+02,    3.9733345663E+02,    0.0000000000E+00,    0.0000000000E+00,    0.0000000000E+00,    3.9733345663E+02
    214100,      0.676967,CP11_after_MPI,   1,    0.0000000000E+00,    3.9733345663E+02,    3.9733345663E+02,    0.0000000000E+00,    0.0000000000E+00,    0.0000000000E+00,    3.9733345663E+02
    214100,      0.676967,CP12_end,   1,    0.0000000000E+00,    3.9733345663E+02,    3.9733345663E+02,    0.0000000000E+00,    0.0000000000E+00,    0.0000000000E+00,    3.9733345663E+02
    214150,      0.676967,CP0_start,   1,    0.0000000000E+00,    3.9752738215E+02,    3.9752738215E+02,    0.0000000000E+00,    0.0000000000E+00,    0.0000000000E+00,    3.9752738215E+02
    214150,      0.676967,CP1_after_deposition,   1,    0.0000000000E+00,    3.9752738215E+02,    3.9752738215E+02,    0.0000000000E+00,    0.0000000000E+00,    0.0000000000E+00,    3.9752738215E+02
    214150,      0.676967,CP2_after_erosion,   1,    0.0000000000E+00,    3.9752738215E+02,    3.9752738215E+02,    0.0000000000E+00,    0.0000000000E+00,    0.0000000000E+00,    3.9752738215E+02
    214150,      0.676967,CP3_after_update_bottom,   1,    0.0000000000E+00,    3.9752738215E+02,    3.9752738215E+02,    0.0000000000E+00,    0.0000000000E+00,    0.0000000000E+00,    3.9752738215E+02
    214150,      0.676967,CP4_after_advection,   1,    0.0000000000E+00,    3.9754237925E+02,    3.9754237925E+02,    0.0000000000E+00,    0.0000000000E+00,    0.0000000000E+00,    3.9754237925E+02
    214150,      0.676967,CP5_after_vdif,   1,    0.0000000000E+00,    3.9754237925E+02,    3.9754237925E+02,    0.0000000000E+00,    0.0000000000E+00,    0.0000000000E+00,    3.9754237925E+02
    214150,      0.676967,CP6_after_kinetics,   1,    0.0000000000E+00,    3.9754237925E+02,    3.9754237925E+02,    0.0000000000E+00,    0.0000000000E+00,    0.0000000000E+00,    3.9754237925E+02
    214150,      0.676967,CP7_after_upper_clamp,   1,    0.0000000000E+00,    3.9754237925E+02,    3.9754237925E+02,    0.0000000000E+00,    0.0000000000E+00,    0.0000000000E+00,    3.9754237925E+02
    214150,      0.676967,CP8_after_OBC,   1,    0.0000000000E+00,    3.9754237925E+02,    3.9754237925E+02,    0.0000000000E+00,    0.0000000000E+00,    0.0000000000E+00,    3.9754237925E+02
    214150,      0.676967,CP9_after_PTsource,   1,    0.0000000000E+00,    3.9754237925E+02,    3.9754237925E+02,    0.0000000000E+00,    0.0000000000E+00,    0.0000000000E+00,    3.9754237925E+02
    214150,      0.676967,CP10_after_neg_clamp,   1,    0.0000000000E+00,    3.9754237925E+02,    3.9754237925E+02,    0.0000000000E+00,    0.0000000000E+00,    0.0000000000E+00,    3.9754237925E+02
    214150,      0.676967,CP11_after_MPI,   1,    0.0000000000E+00,    3.9754237925E+02,    3.9754237925E+02,    0.0000000000E+00,    0.0000000000E+00,    0.0000000000E+00,    3.9754237925E+02
    214150,      0.676967,CP12_end,   1,    0.0000000000E+00,    3.9754237925E+02,    3.9754237925E+02,    0.0000000000E+00,    0.0000000000E+00,    0.0000000000E+00,    3.9754237925E+02
    214200,      0.676967,CP0_start,   1,    0.0000000000E+00,    3.9773671535E+02,    3.9773671535E+02,    0.0000000000E+00,    0.0000000000E+00,    0.0000000000E+00,    3.9773671535E+02
    214200,      0.676967,CP1_after_deposition,   1,    0.0000000000E+00,    3.9773671535E+02,    3.9773671535E+02,    0.0000000000E+00,    0.0000000000E+00,    0.0000000000E+00,    3.9773671535E+02
    214200,      0.676967,CP2_after_erosion,   1,    0.0000000000E+00,    3.9773671535E+02,    3.9773671535E+02,    0.0000000000E+00,    0.0000000000E+00,    0.0000000000E+00,    3.9773671535E+02
    214200,      0.676967,CP3_after_update_bottom,   1,    0.0000000000E+00,    3.9773671535E+02,    3.9773671535E+02,    0.0000000000E+00,    0.0000000000E+00,    0.0000000000E+00,    3.9773671535E+02
    214200,      0.676967,CP4_after_advection,   1,    0.0000000000E+00,    3.9775168304E+02,    3.9775168304E+02,    0.0000000000E+00,    0.0000000000E+00,    0.0000000000E+00,    3.9775168304E+02
    214200,      0.676967,CP5_after_vdif,   1,    0.0000000000E+00,    3.9775168304E+02,    3.9775168304E+02,    0.0000000000E+00,    0.0000000000E+00,    0.0000000000E+00,    3.9775168304E+02
    214200,      0.676967,CP6_after_kinetics,   1,    0.0000000000E+00,    3.9775168304E+02,    3.9775168304E+02,    0.0000000000E+00,    0.0000000000E+00,    0.0000000000E+00,    3.9775168304E+02
    214200,      0.676967,CP7_after_upper_clamp,   1,    0.0000000000E+00,    3.9775168304E+02,    3.9775168304E+02,    0.0000000000E+00,    0.0000000000E+00,    0.0000000000E+00,    3.9775168304E+02
    214200,      0.676967,CP8_after_OBC,   1,    0.0000000000E+00,    3.9775168304E+02,    3.9775168304E+02,    0.0000000000E+00,    0.0000000000E+00,    0.0000000000E+00,    3.9775168304E+02
    214200,      0.676967,CP9_after_PTsource,   1,    0.0000000000E+00,    3.9775168304E+02,    3.9775168304E+02,    0.0000000000E+00,    0.0000000000E+00,    0.0000000000E+00,    3.9775168304E+02
    214200,      0.676967,CP10_after_neg_clamp,   1,    0.0000000000E+00,    3.9775168304E+02,    3.9775168304E+02,    0.0000000000E+00,    0.0000000000E+00,    0.0000000000E+00,    3.9775168304E+02
    214200,      0.676967,CP11_after_MPI,   1,    0.0000000000E+00,    3.9775168304E+02,    3.9775168304E+02,    0.0000000000E+00,    0.0000000000E+00,    0.0000000000E+00,    3.9775168304E+02
    214200,      0.676967,CP12_end,   1,    0.0000000000E+00,    3.9775168304E+02,    3.9775168304E+02,    0.0000000000E+00,    0.0000000000E+00,    0.0000000000E+00,    3.9775168304E+02
    214250,      0.676967,CP0_start,   1,    0.0000000000E+00,    3.9794630804E+02,    3.9794630804E+02,    0.0000000000E+00,    0.0000000000E+00,    0.0000000000E+00,    3.9794630804E+02
    214250,      0.676967,CP1_after_deposition,   1,    0.0000000000E+00,    3.9794630804E+02,    3.9794630804E+02,    0.0000000000E+00,    0.0000000000E+00,    0.0000000000E+00,    3.9794630804E+02
    214250,      0.676967,CP2_after_erosion,   1,    0.0000000000E+00,    3.9794630804E+02,    3.9794630804E+02,    0.0000000000E+00,    0.0000000000E+00,    0.0000000000E+00,    3.9794630804E+02
    214250,      0.676967,CP3_after_update_bottom,   1,    0.0000000000E+00,    3.9794630804E+02,    3.9794630804E+02,    0.0000000000E+00,    0.0000000000E+00,    0.0000000000E+00,    3.9794630804E+02
    214250,      0.676967,CP4_after_advection,   1,    0.0000000000E+00,    3.9796123867E+02,    3.9796123867E+02,    0.0000000000E+00,    0.0000000000E+00,    0.0000000000E+00,    3.9796123867E+02
    214250,      0.676967,CP5_after_vdif,   1,    0.0000000000E+00,    3.9796123867E+02,    3.9796123867E+02,    0.0000000000E+00,    0.0000000000E+00,    0.0000000000E+00,    3.9796123867E+02
    214250,      0.676967,CP6_after_kinetics,   1,    0.0000000000E+00,    3.9796123867E+02,    3.9796123867E+02,    0.0000000000E+00,    0.0000000000E+00,    0.0000000000E+00,    3.9796123867E+02
    214250,      0.676967,CP7_after_upper_clamp,   1,    0.0000000000E+00,    3.9796123867E+02,    3.9796123867E+02,    0.0000000000E+00,    0.0000000000E+00,    0.0000000000E+00,    3.9796123867E+02
    214250,      0.676967,CP8_after_OBC,   1,    0.0000000000E+00,    3.9796123867E+02,    3.9796123867E+02,    0.0000000000E+00,    0.0000000000E+00,    0.0000000000E+00,    3.9796123867E+02
    214250,      0.676967,CP9_after_PTsource,   1,    0.0000000000E+00,    3.9796123867E+02,    3.9796123867E+02,    0.0000000000E+00,    0.0000000000E+00,    0.0000000000E+00,    3.9796123867E+02
    214250,      0.676967,CP10_after_neg_clamp,   1,    0.0000000000E+00,    3.9796123867E+02,    3.9796123867E+02,    0.0000000000E+00,    0.0000000000E+00,    0.0000000000E+00,    3.9796123867E+02
    214250,      0.676967,CP11_after_MPI,   1,    0.0000000000E+00,    3.9796123867E+02,    3.9796123867E+02,    0.0000000000E+00,    0.0000000000E+00,    0.0000000000E+00,    3.9796123867E+02
    214250,      0.676967,CP12_end,   1,    0.0000000000E+00,    3.9796123867E+02,    3.9796123867E+02,    0.0000000000E+00,    0.0000000000E+00,    0.0000000000E+00,    3.9796123867E+02
    214300,      0.676967,CP0_start,   1,    0.0000000000E+00,    3.9815609344E+02,    3.9815609344E+02,    0.0000000000E+00,    0.0000000000E+00,    0.0000000000E+00,    3.9815609344E+02
    214300,      0.676967,CP1_after_deposition,   1,    0.0000000000E+00,    3.9815609344E+02,    3.9815609344E+02,    0.0000000000E+00,    0.0000000000E+00,    0.0000000000E+00,    3.9815609344E+02
    214300,      0.676967,CP2_after_erosion,   1,    0.0000000000E+00,    3.9815609344E+02,    3.9815609344E+02,    0.0000000000E+00,    0.0000000000E+00,    0.0000000000E+00,    3.9815609344E+02
    214300,      0.676967,CP3_after_update_bottom,   1,    0.0000000000E+00,    3.9815609344E+02,    3.9815609344E+02,    0.0000000000E+00,    0.0000000000E+00,    0.0000000000E+00,    3.9815609344E+02
    214300,      0.676967,CP4_after_advection,   1,    0.0000000000E+00,    3.9817098372E+02,    3.9817098372E+02,    0.0000000000E+00,    0.0000000000E+00,    0.0000000000E+00,    3.9817098372E+02
    214300,      0.676967,CP5_after_vdif,   1,    0.0000000000E+00,    3.9817098372E+02,    3.9817098372E+02,    0.0000000000E+00,    0.0000000000E+00,    0.0000000000E+00,    3.9817098372E+02
    214300,      0.676967,CP6_after_kinetics,   1,    0.0000000000E+00,    3.9817098372E+02,    3.9817098372E+02,    0.0000000000E+00,    0.0000000000E+00,    0.0000000000E+00,    3.9817098372E+02
    214300,      0.676967,CP7_after_upper_clamp,   1,    0.0000000000E+00,    3.9817098372E+02,    3.9817098372E+02,    0.0000000000E+00,    0.0000000000E+00,    0.0000000000E+00,    3.9817098372E+02
    214300,      0.676967,CP8_after_OBC,   1,    0.0000000000E+00,    3.9817098372E+02,    3.9817098372E+02,    0.0000000000E+00,    0.0000000000E+00,    0.0000000000E+00,    3.9817098372E+02
    214300,      0.676967,CP9_after_PTsource,   1,    0.0000000000E+00,    3.9817098372E+02,    3.9817098372E+02,    0.0000000000E+00,    0.0000000000E+00,    0.0000000000E+00,    3.9817098372E+02
    214300,      0.676967,CP10_after_neg_clamp,   1,    0.0000000000E+00,    3.9817098372E+02,    3.9817098372E+02,    0.0000000000E+00,    0.0000000000E+00,    0.0000000000E+00,    3.9817098372E+02
    214300,      0.676967,CP11_after_MPI,   1,    0.0000000000E+00,    3.9817098372E+02,    3.9817098372E+02,    0.0000000000E+00,    0.0000000000E+00,    0.0000000000E+00,    3.9817098372E+02
    214300,      0.676967,CP12_end,   1,    0.0000000000E+00,    3.9817098372E+02,    3.9817098372E+02,    0.0000000000E+00,    0.0000000000E+00,    0.0000000000E+00,    3.9817098372E+02
    214350,      0.676967,CP0_start,   1,    0.0000000000E+00,    3.9836606358E+02,    3.9836606358E+02,    0.0000000000E+00,    0.0000000000E+00,    0.0000000000E+00,    3.9836606358E+02
    214350,      0.676967,CP1_after_deposition,   1,    0.0000000000E+00,    3.9836606358E+02,    3.9836606358E+02,    0.0000000000E+00,    0.0000000000E+00,    0.0000000000E+00,    3.9836606358E+02
    214350,      0.676967,CP2_after_erosion,   1,    0.0000000000E+00,    3.9836606358E+02,    3.9836606358E+02,    0.0000000000E+00,    0.0000000000E+00,    0.0000000000E+00,    3.9836606358E+02
    214350,      0.676967,CP3_after_update_bottom,   1,    0.0000000000E+00,    3.9836606358E+02,    3.9836606358E+02,    0.0000000000E+00,    0.0000000000E+00,    0.0000000000E+00,    3.9836606358E+02
    214350,      0.676967,CP4_after_advection,   1,    0.0000000000E+00,    3.9838092229E+02,    3.9838092229E+02,    0.0000000000E+00,    0.0000000000E+00,    0.0000000000E+00,    3.9838092229E+02
    214350,      0.676967,CP5_after_vdif,   1,    0.0000000000E+00,    3.9838092229E+02,    3.9838092229E+02,    0.0000000000E+00,    0.0000000000E+00,    0.0000000000E+00,    3.9838092229E+02
    214350,      0.676967,CP6_after_kinetics,   1,    0.0000000000E+00,    3.9838092229E+02,    3.9838092229E+02,    0.0000000000E+00,    0.0000000000E+00,    0.0000000000E+00,    3.9838092229E+02
    214350,      0.676967,CP7_after_upper_clamp,   1,    0.0000000000E+00,    3.9838092229E+02,    3.9838092229E+02,    0.0000000000E+00,    0.0000000000E+00,    0.0000000000E+00,    3.9838092229E+02
    214350,      0.676967,CP8_after_OBC,   1,    0.0000000000E+00,    3.9838092229E+02,    3.9838092229E+02,    0.0000000000E+00,    0.0000000000E+00,    0.0000000000E+00,    3.9838092229E+02
    214350,      0.676967,CP9_after_PTsource,   1,    0.0000000000E+00,    3.9838092229E+02,    3.9838092229E+02,    0.0000000000E+00,    0.0000000000E+00,    0.0000000000E+00,    3.9838092229E+02
    214350,      0.676967,CP10_after_neg_clamp,   1,    0.0000000000E+00,    3.9838092229E+02,    3.9838092229E+02,    0.0000000000E+00,    0.0000000000E+00,    0.0000000000E+00,    3.9838092229E+02
    214350,      0.676967,CP11_after_MPI,   1,    0.0000000000E+00,    3.9838092229E+02,    3.9838092229E+02,    0.0000000000E+00,    0.0000000000E+00,    0.0000000000E+00,    3.9838092229E+02
    214350,      0.676967,CP12_end,   1,    0.0000000000E+00,    3.9838092229E+02,    3.9838092229E+02,    0.0000000000E+00,    0.0000000000E+00,    0.0000000000E+00,    3.9838092229E+02
    214400,      0.676967,CP0_start,   1,    0.0000000000E+00,    3.9857634797E+02,    3.9857634797E+02,    0.0000000000E+00,    0.0000000000E+00,    0.0000000000E+00,    3.9857634797E+02
    214400,      0.676967,CP1_after_deposition,   1,    0.0000000000E+00,    3.9857634797E+02,    3.9857634797E+02,    0.0000000000E+00,    0.0000000000E+00,    0.0000000000E+00,    3.9857634797E+02
    214400,      0.676967,CP2_after_erosion,   1,    0.0000000000E+00,    3.9857634797E+02,    3.9857634797E+02,    0.0000000000E+00,    0.0000000000E+00,    0.0000000000E+00,    3.9857634797E+02
    214400,      0.676967,CP3_after_update_bottom,   1,    0.0000000000E+00,    3.9857634797E+02,    3.9857634797E+02,    0.0000000000E+00,    0.0000000000E+00,    0.0000000000E+00,    3.9857634797E+02
    214400,      0.676967,CP4_after_advection,   1,    0.0000000000E+00,    3.9859117841E+02,    3.9859117841E+02,    0.0000000000E+00,    0.0000000000E+00,    0.0000000000E+00,    3.9859117841E+02
    214400,      0.676967,CP5_after_vdif,   1,    0.0000000000E+00,    3.9859117841E+02,    3.9859117841E+02,    0.0000000000E+00,    0.0000000000E+00,    0.0000000000E+00,    3.9859117841E+02
    214400,      0.676967,CP6_after_kinetics,   1,    0.0000000000E+00,    3.9859117841E+02,    3.9859117841E+02,    0.0000000000E+00,    0.0000000000E+00,    0.0000000000E+00,    3.9859117841E+02
    214400,      0.676967,CP7_after_upper_clamp,   1,    0.0000000000E+00,    3.9859117841E+02,    3.9859117841E+02,    0.0000000000E+00,    0.0000000000E+00,    0.0000000000E+00,    3.9859117841E+02
    214400,      0.676967,CP8_after_OBC,   1,    0.0000000000E+00,    3.9859117841E+02,    3.9859117841E+02,    0.0000000000E+00,    0.0000000000E+00,    0.0000000000E+00,    3.9859117841E+02
    214400,      0.676967,CP9_after_PTsource,   1,    0.0000000000E+00,    3.9859117841E+02,    3.9859117841E+02,    0.0000000000E+00,    0.0000000000E+00,    0.0000000000E+00,    3.9859117841E+02
    214400,      0.676967,CP10_after_neg_clamp,   1,    0.0000000000E+00,    3.9859117841E+02,    3.9859117841E+02,    0.0000000000E+00,    0.0000000000E+00,    0.0000000000E+00,    3.9859117841E+02
    214400,      0.676967,CP11_after_MPI,   1,    0.0000000000E+00,    3.9859117841E+02,    3.9859117841E+02,    0.0000000000E+00,    0.0000000000E+00,    0.0000000000E+00,    3.9859117841E+02
    214400,      0.676967,CP12_end,   1,    0.0000000000E+00,    3.9859117841E+02,    3.9859117841E+02,    0.0000000000E+00,    0.0000000000E+00,    0.0000000000E+00,    3.9859117841E+02
    214450,      0.676967,CP0_start,   1,    0.0000000000E+00,    3.9878706629E+02,    3.9878706629E+02,    0.0000000000E+00,    0.0000000000E+00,    0.0000000000E+00,    3.9878706629E+02
    214450,      0.676967,CP1_after_deposition,   1,    0.0000000000E+00,    3.9878706629E+02,    3.9878706629E+02,    0.0000000000E+00,    0.0000000000E+00,    0.0000000000E+00,    3.9878706629E+02
    214450,      0.676967,CP2_after_erosion,   1,    0.0000000000E+00,    3.9878706629E+02,    3.9878706629E+02,    0.0000000000E+00,    0.0000000000E+00,    0.0000000000E+00,    3.9878706629E+02
    214450,      0.676967,CP3_after_update_bottom,   1,    0.0000000000E+00,    3.9878706629E+02,    3.9878706629E+02,    0.0000000000E+00,    0.0000000000E+00,    0.0000000000E+00,    3.9878706629E+02
    214450,      0.676967,CP4_after_advection,   1,    0.0000000000E+00,    3.9880186676E+02,    3.9880186676E+02,    0.0000000000E+00,    0.0000000000E+00,    0.0000000000E+00,    3.9880186676E+02
    214450,      0.676967,CP5_after_vdif,   1,    0.0000000000E+00,    3.9880186676E+02,    3.9880186676E+02,    0.0000000000E+00,    0.0000000000E+00,    0.0000000000E+00,    3.9880186676E+02
    214450,      0.676967,CP6_after_kinetics,   1,    0.0000000000E+00,    3.9880186676E+02,    3.9880186676E+02,    0.0000000000E+00,    0.0000000000E+00,    0.0000000000E+00,    3.9880186676E+02
    214450,      0.676967,CP7_after_upper_clamp,   1,    0.0000000000E+00,    3.9880186676E+02,    3.9880186676E+02,    0.0000000000E+00,    0.0000000000E+00,    0.0000000000E+00,    3.9880186676E+02
    214450,      0.676967,CP8_after_OBC,   1,    0.0000000000E+00,    3.9880186676E+02,    3.9880186676E+02,    0.0000000000E+00,    0.0000000000E+00,    0.0000000000E+00,    3.9880186676E+02
    214450,      0.676967,CP9_after_PTsource,   1,    0.0000000000E+00,    3.9880186676E+02,    3.9880186676E+02,    0.0000000000E+00,    0.0000000000E+00,    0.0000000000E+00,    3.9880186676E+02
    214450,      0.676967,CP10_after_neg_clamp,   1,    0.0000000000E+00,    3.9880186676E+02,    3.9880186676E+02,    0.0000000000E+00,    0.0000000000E+00,    0.0000000000E+00,    3.9880186676E+02
    214450,      0.676967,CP11_after_MPI,   1,    0.0000000000E+00,    3.9880186676E+02,    3.9880186676E+02,    0.0000000000E+00,    0.0000000000E+00,    0.0000000000E+00,    3.9880186676E+02
    214450,      0.676967,CP12_end,   1,    0.0000000000E+00,    3.9880186676E+02,    3.9880186676E+02,    0.0000000000E+00,    0.0000000000E+00,    0.0000000000E+00,    3.9880186676E+02
    214500,      0.676967,CP0_start,   1,    0.0000000000E+00,    3.9899833703E+02,    3.9899833703E+02,    0.0000000000E+00,    0.0000000000E+00,    0.0000000000E+00,    3.9899833703E+02
    214500,      0.676967,CP1_after_deposition,   1,    0.0000000000E+00,    3.9899833703E+02,    3.9899833703E+02,    0.0000000000E+00,    0.0000000000E+00,    0.0000000000E+00,    3.9899833703E+02
    214500,      0.676967,CP2_after_erosion,   1,    0.0000000000E+00,    3.9899833703E+02,    3.9899833703E+02,    0.0000000000E+00,    0.0000000000E+00,    0.0000000000E+00,    3.9899833703E+02
    214500,      0.676967,CP3_after_update_bottom,   1,    0.0000000000E+00,    3.9899833703E+02,    3.9899833703E+02,    0.0000000000E+00,    0.0000000000E+00,    0.0000000000E+00,    3.9899833703E+02
    214500,      0.676967,CP4_after_advection,   1,    0.0000000000E+00,    3.9901310722E+02,    3.9901310722E+02,    0.0000000000E+00,    0.0000000000E+00,    0.0000000000E+00,    3.9901310722E+02
    214500,      0.676967,CP5_after_vdif,   1,    0.0000000000E+00,    3.9901310722E+02,    3.9901310722E+02,    0.0000000000E+00,    0.0000000000E+00,    0.0000000000E+00,    3.9901310722E+02
    214500,      0.676967,CP6_after_kinetics,   1,    0.0000000000E+00,    3.9901310722E+02,    3.9901310722E+02,    0.0000000000E+00,    0.0000000000E+00,    0.0000000000E+00,    3.9901310722E+02
    214500,      0.676967,CP7_after_upper_clamp,   1,    0.0000000000E+00,    3.9901310722E+02,    3.9901310722E+02,    0.0000000000E+00,    0.0000000000E+00,    0.0000000000E+00,    3.9901310722E+02
    214500,      0.676967,CP8_after_OBC,   1,    0.0000000000E+00,    3.9901310722E+02,    3.9901310722E+02,    0.0000000000E+00,    0.0000000000E+00,    0.0000000000E+00,    3.9901310722E+02
    214500,      0.676967,CP9_after_PTsource,   1,    0.0000000000E+00,    3.9901310722E+02,    3.9901310722E+02,    0.0000000000E+00,    0.0000000000E+00,    0.0000000000E+00,    3.9901310722E+02
    214500,      0.676967,CP10_after_neg_clamp,   1,    0.0000000000E+00,    3.9901310722E+02,    3.9901310722E+02,    0.0000000000E+00,    0.0000000000E+00,    0.0000000000E+00,    3.9901310722E+02
    214500,      0.676967,CP11_after_MPI,   1,    0.0000000000E+00,    3.9901310722E+02,    3.9901310722E+02,    0.0000000000E+00,    0.0000000000E+00,    0.0000000000E+00,    3.9901310722E+02
    214500,      0.676967,CP12_end,   1,    0.0000000000E+00,    3.9901310722E+02,    3.9901310722E+02,    0.0000000000E+00,    0.0000000000E+00,    0.0000000000E+00,    3.9901310722E+02
    214550,      0.676967,CP0_start,   1,    0.0000000000E+00,    3.9921025712E+02,    3.9921025712E+02,    0.0000000000E+00,    0.0000000000E+00,    0.0000000000E+00,    3.9921025712E+02
    214550,      0.676967,CP1_after_deposition,   1,    0.0000000000E+00,    3.9921025712E+02,    3.9921025712E+02,    0.0000000000E+00,    0.0000000000E+00,    0.0000000000E+00,    3.9921025712E+02
    214550,      0.676967,CP2_after_erosion,   1,    0.0000000000E+00,    3.9921025712E+02,    3.9921025712E+02,    0.0000000000E+00,    0.0000000000E+00,    0.0000000000E+00,    3.9921025712E+02
    214550,      0.676967,CP3_after_update_bottom,   1,    0.0000000000E+00,    3.9921025712E+02,    3.9921025712E+02,    0.0000000000E+00,    0.0000000000E+00,    0.0000000000E+00,    3.9921025712E+02
    214550,      0.676967,CP4_after_advection,   1,    0.0000000000E+00,    3.9922500373E+02,    3.9922500373E+02,    0.0000000000E+00,    0.0000000000E+00,    0.0000000000E+00,    3.9922500373E+02
    214550,      0.676967,CP5_after_vdif,   1,    0.0000000000E+00,    3.9922500373E+02,    3.9922500373E+02,    0.0000000000E+00,    0.0000000000E+00,    0.0000000000E+00,    3.9922500373E+02
    214550,      0.676967,CP6_after_kinetics,   1,    0.0000000000E+00,    3.9922500373E+02,    3.9922500373E+02,    0.0000000000E+00,    0.0000000000E+00,    0.0000000000E+00,    3.9922500373E+02
    214550,      0.676967,CP7_after_upper_clamp,   1,    0.0000000000E+00,    3.9922500373E+02,    3.9922500373E+02,    0.0000000000E+00,    0.0000000000E+00,    0.0000000000E+00,    3.9922500373E+02
    214550,      0.676967,CP8_after_OBC,   1,    0.0000000000E+00,    3.9922500373E+02,    3.9922500373E+02,    0.0000000000E+00,    0.0000000000E+00,    0.0000000000E+00,    3.9922500373E+02
    214550,      0.676967,CP9_after_PTsource,   1,    0.0000000000E+00,    3.9922500373E+02,    3.9922500373E+02,    0.0000000000E+00,    0.0000000000E+00,    0.0000000000E+00,    3.9922500373E+02
    214550,      0.676967,CP10_after_neg_clamp,   1,    0.0000000000E+00,    3.9922500373E+02,    3.9922500373E+02,    0.0000000000E+00,    0.0000000000E+00,    0.0000000000E+00,    3.9922500373E+02
    214550,      0.676967,CP11_after_MPI,   1,    0.0000000000E+00,    3.9922500373E+02,    3.9922500373E+02,    0.0000000000E+00,    0.0000000000E+00,    0.0000000000E+00,    3.9922500373E+02
    214550,      0.676967,CP12_end,   1,    0.0000000000E+00,    3.9922500373E+02,    3.9922500373E+02,    0.0000000000E+00,    0.0000000000E+00,    0.0000000000E+00,    3.9922500373E+02
    214600,      0.676967,CP0_start,   1,    0.0000000000E+00,    3.9942288842E+02,    3.9942288842E+02,    0.0000000000E+00,    0.0000000000E+00,    0.0000000000E+00,    3.9942288842E+02
    214600,      0.676967,CP1_after_deposition,   1,    0.0000000000E+00,    3.9942288842E+02,    3.9942288842E+02,    0.0000000000E+00,    0.0000000000E+00,    0.0000000000E+00,    3.9942288842E+02
    214600,      0.676967,CP2_after_erosion,   1,    0.0000000000E+00,    3.9942288842E+02,    3.9942288842E+02,    0.0000000000E+00,    0.0000000000E+00,    0.0000000000E+00,    3.9942288842E+02
    214600,      0.676967,CP3_after_update_bottom,   1,    0.0000000000E+00,    3.9942288842E+02,    3.9942288842E+02,    0.0000000000E+00,    0.0000000000E+00,    0.0000000000E+00,    3.9942288842E+02
    214600,      0.676967,CP4_after_advection,   1,    0.0000000000E+00,    3.9943761698E+02,    3.9943761698E+02,    0.0000000000E+00,    0.0000000000E+00,    0.0000000000E+00,    3.9943761698E+02
    214600,      0.676967,CP5_after_vdif,   1,    0.0000000000E+00,    3.9943761698E+02,    3.9943761698E+02,    0.0000000000E+00,    0.0000000000E+00,    0.0000000000E+00,    3.9943761698E+02
    214600,      0.676967,CP6_after_kinetics,   1,    0.0000000000E+00,    3.9943761698E+02,    3.9943761698E+02,    0.0000000000E+00,    0.0000000000E+00,    0.0000000000E+00,    3.9943761698E+02
    214600,      0.676967,CP7_after_upper_clamp,   1,    0.0000000000E+00,    3.9943761698E+02,    3.9943761698E+02,    0.0000000000E+00,    0.0000000000E+00,    0.0000000000E+00,    3.9943761698E+02
    214600,      0.676967,CP8_after_OBC,   1,    0.0000000000E+00,    3.9943761698E+02,    3.9943761698E+02,    0.0000000000E+00,    0.0000000000E+00,    0.0000000000E+00,    3.9943761698E+02
    214600,      0.676967,CP9_after_PTsource,   1,    0.0000000000E+00,    3.9943761698E+02,    3.9943761698E+02,    0.0000000000E+00,    0.0000000000E+00,    0.0000000000E+00,    3.9943761698E+02
    214600,      0.676967,CP10_after_neg_clamp,   1,    0.0000000000E+00,    3.9943761698E+02,    3.9943761698E+02,    0.0000000000E+00,    0.0000000000E+00,    0.0000000000E+00,    3.9943761698E+02
    214600,      0.676967,CP11_after_MPI,   1,    0.0000000000E+00,    3.9943761698E+02,    3.9943761698E+02,    0.0000000000E+00,    0.0000000000E+00,    0.0000000000E+00,    3.9943761698E+02
    214600,      0.676967,CP12_end,   1,    0.0000000000E+00,    3.9943761698E+02,    3.9943761698E+02,    0.0000000000E+00,    0.0000000000E+00,    0.0000000000E+00,    3.9943761698E+02
    214650,      0.676967,CP0_start,   1,    0.0000000000E+00,    3.9963627204E+02,    3.9963627204E+02,    0.0000000000E+00,    0.0000000000E+00,    0.0000000000E+00,    3.9963627204E+02
    214650,      0.676967,CP1_after_deposition,   1,    0.0000000000E+00,    3.9963627204E+02,    3.9963627204E+02,    0.0000000000E+00,    0.0000000000E+00,    0.0000000000E+00,    3.9963627204E+02
    214650,      0.676967,CP2_after_erosion,   1,    0.0000000000E+00,    3.9963627204E+02,    3.9963627204E+02,    0.0000000000E+00,    0.0000000000E+00,    0.0000000000E+00,    3.9963627204E+02
    214650,      0.676967,CP3_after_update_bottom,   1,    0.0000000000E+00,    3.9963627204E+02,    3.9963627204E+02,    0.0000000000E+00,    0.0000000000E+00,    0.0000000000E+00,    3.9963627204E+02
    214650,      0.676967,CP4_after_advection,   1,    0.0000000000E+00,    3.9965098142E+02,    3.9965098142E+02,    0.0000000000E+00,    0.0000000000E+00,    0.0000000000E+00,    3.9965098142E+02
    214650,      0.676967,CP5_after_vdif,   1,    0.0000000000E+00,    3.9965098142E+02,    3.9965098142E+02,    0.0000000000E+00,    0.0000000000E+00,    0.0000000000E+00,    3.9965098142E+02
    214650,      0.676967,CP6_after_kinetics,   1,    0.0000000000E+00,    3.9965098142E+02,    3.9965098142E+02,    0.0000000000E+00,    0.0000000000E+00,    0.0000000000E+00,    3.9965098142E+02
    214650,      0.676967,CP7_after_upper_clamp,   1,    0.0000000000E+00,    3.9965098142E+02,    3.9965098142E+02,    0.0000000000E+00,    0.0000000000E+00,    0.0000000000E+00,    3.9965098142E+02
    214650,      0.676967,CP8_after_OBC,   1,    0.0000000000E+00,    3.9965098142E+02,    3.9965098142E+02,    0.0000000000E+00,    0.0000000000E+00,    0.0000000000E+00,    3.9965098142E+02
    214650,      0.676967,CP9_after_PTsource,   1,    0.0000000000E+00,    3.9965098142E+02,    3.9965098142E+02,    0.0000000000E+00,    0.0000000000E+00,    0.0000000000E+00,    3.9965098142E+02
    214650,      0.676967,CP10_after_neg_clamp,   1,    0.0000000000E+00,    3.9965098142E+02,    3.9965098142E+02,    0.0000000000E+00,    0.0000000000E+00,    0.0000000000E+00,    3.9965098142E+02
    214650,      0.676967,CP11_after_MPI,   1,    0.0000000000E+00,    3.9965098142E+02,    3.9965098142E+02,    0.0000000000E+00,    0.0000000000E+00,    0.0000000000E+00,    3.9965098142E+02
    214650,      0.676967,CP12_end,   1,    0.0000000000E+00,    3.9965098142E+02,    3.9965098142E+02,    0.0000000000E+00,    0.0000000000E+00,    0.0000000000E+00,    3.9965098142E+02
    214700,      0.676967,CP0_start,   1,    0.0000000000E+00,    3.9985041662E+02,    3.9985041662E+02,    0.0000000000E+00,    0.0000000000E+00,    0.0000000000E+00,    3.9985041662E+02
    214700,      0.676967,CP1_after_deposition,   1,    0.0000000000E+00,    3.9985041662E+02,    3.9985041662E+02,    0.0000000000E+00,    0.0000000000E+00,    0.0000000000E+00,    3.9985041662E+02
    214700,      0.676967,CP2_after_erosion,   1,    0.0000000000E+00,    3.9985041662E+02,    3.9985041662E+02,    0.0000000000E+00,    0.0000000000E+00,    0.0000000000E+00,    3.9985041662E+02
    214700,      0.676967,CP3_after_update_bottom,   1,    0.0000000000E+00,    3.9985041662E+02,    3.9985041662E+02,    0.0000000000E+00,    0.0000000000E+00,    0.0000000000E+00,    3.9985041662E+02
    214700,      0.676967,CP4_after_advection,   1,    0.0000000000E+00,    3.9986509908E+02,    3.9986509908E+02,    0.0000000000E+00,    0.0000000000E+00,    0.0000000000E+00,    3.9986509908E+02
    214700,      0.676967,CP5_after_vdif,   1,    0.0000000000E+00,    3.9986509908E+02,    3.9986509908E+02,    0.0000000000E+00,    0.0000000000E+00,    0.0000000000E+00,    3.9986509908E+02
    214700,      0.676967,CP6_after_kinetics,   1,    0.0000000000E+00,    3.9986509908E+02,    3.9986509908E+02,    0.0000000000E+00,    0.0000000000E+00,    0.0000000000E+00,    3.9986509908E+02
    214700,      0.676967,CP7_after_upper_clamp,   1,    0.0000000000E+00,    3.9986509908E+02,    3.9986509908E+02,    0.0000000000E+00,    0.0000000000E+00,    0.0000000000E+00,    3.9986509908E+02
    214700,      0.676967,CP8_after_OBC,   1,    0.0000000000E+00,    3.9986509908E+02,    3.9986509908E+02,    0.0000000000E+00,    0.0000000000E+00,    0.0000000000E+00,    3.9986509908E+02
    214700,      0.676967,CP9_after_PTsource,   1,    0.0000000000E+00,    3.9986509908E+02,    3.9986509908E+02,    0.0000000000E+00,    0.0000000000E+00,    0.0000000000E+00,    3.9986509908E+02
    214700,      0.676967,CP10_after_neg_clamp,   1,    0.0000000000E+00,    3.9986509908E+02,    3.9986509908E+02,    0.0000000000E+00,    0.0000000000E+00,    0.0000000000E+00,    3.9986509908E+02
    214700,      0.676967,CP11_after_MPI,   1,    0.0000000000E+00,    3.9986509908E+02,    3.9986509908E+02,    0.0000000000E+00,    0.0000000000E+00,    0.0000000000E+00,    3.9986509908E+02
    214700,      0.676967,CP12_end,   1,    0.0000000000E+00,    3.9986509908E+02,    3.9986509908E+02,    0.0000000000E+00,    0.0000000000E+00,    0.0000000000E+00,    3.9986509908E+02
    214750,      0.676967,CP0_start,   1,    0.0000000000E+00,    4.0006521187E+02,    4.0006521187E+02,    0.0000000000E+00,    0.0000000000E+00,    0.0000000000E+00,    4.0006521187E+02
    214750,      0.676967,CP1_after_deposition,   1,    0.0000000000E+00,    4.0006521187E+02,    4.0006521187E+02,    0.0000000000E+00,    0.0000000000E+00,    0.0000000000E+00,    4.0006521187E+02
    214750,      0.676967,CP2_after_erosion,   1,    0.0000000000E+00,    4.0006521187E+02,    4.0006521187E+02,    0.0000000000E+00,    0.0000000000E+00,    0.0000000000E+00,    4.0006521187E+02
    214750,      0.676967,CP3_after_update_bottom,   1,    0.0000000000E+00,    4.0006521187E+02,    4.0006521187E+02,    0.0000000000E+00,    0.0000000000E+00,    0.0000000000E+00,    4.0006521187E+02
    214750,      0.676967,CP4_after_advection,   1,    0.0000000000E+00,    4.0007987222E+02,    4.0007987222E+02,    0.0000000000E+00,    0.0000000000E+00,    0.0000000000E+00,    4.0007987222E+02
    214750,      0.676967,CP5_after_vdif,   1,    0.0000000000E+00,    4.0007987222E+02,    4.0007987222E+02,    0.0000000000E+00,    0.0000000000E+00,    0.0000000000E+00,    4.0007987222E+02
    214750,      0.676967,CP6_after_kinetics,   1,    0.0000000000E+00,    4.0007987222E+02,    4.0007987222E+02,    0.0000000000E+00,    0.0000000000E+00,    0.0000000000E+00,    4.0007987222E+02
    214750,      0.676967,CP7_after_upper_clamp,   1,    0.0000000000E+00,    4.0007987222E+02,    4.0007987222E+02,    0.0000000000E+00,    0.0000000000E+00,    0.0000000000E+00,    4.0007987222E+02
    214750,      0.676967,CP8_after_OBC,   1,    0.0000000000E+00,    4.0007987222E+02,    4.0007987222E+02,    0.0000000000E+00,    0.0000000000E+00,    0.0000000000E+00,    4.0007987222E+02
    214750,      0.676967,CP9_after_PTsource,   1,    0.0000000000E+00,    4.0007987222E+02,    4.0007987222E+02,    0.0000000000E+00,    0.0000000000E+00,    0.0000000000E+00,    4.0007987222E+02
    214750,      0.676967,CP10_after_neg_clamp,   1,    0.0000000000E+00,    4.0007987222E+02,    4.0007987222E+02,    0.0000000000E+00,    0.0000000000E+00,    0.0000000000E+00,    4.0007987222E+02
    214750,      0.676967,CP11_after_MPI,   1,    0.0000000000E+00,    4.0007987222E+02,    4.0007987222E+02,    0.0000000000E+00,    0.0000000000E+00,    0.0000000000E+00,    4.0007987222E+02
    214750,      0.676967,CP12_end,   1,    0.0000000000E+00,    4.0007987222E+02,    4.0007987222E+02,    0.0000000000E+00,    0.0000000000E+00,    0.0000000000E+00,    4.0007987222E+02
    214800,      0.676967,CP0_start,   1,    0.0000000000E+00,    4.0028057758E+02,    4.0028057758E+02,    0.0000000000E+00,    0.0000000000E+00,    0.0000000000E+00,    4.0028057758E+02
    214800,      0.676967,CP1_after_deposition,   1,    0.0000000000E+00,    4.0028057758E+02,    4.0028057758E+02,    0.0000000000E+00,    0.0000000000E+00,    0.0000000000E+00,    4.0028057758E+02
    214800,      0.676967,CP2_after_erosion,   1,    0.0000000000E+00,    4.0028057758E+02,    4.0028057758E+02,    0.0000000000E+00,    0.0000000000E+00,    0.0000000000E+00,    4.0028057758E+02
    214800,      0.676967,CP3_after_update_bottom,   1,    0.0000000000E+00,    4.0028057758E+02,    4.0028057758E+02,    0.0000000000E+00,    0.0000000000E+00,    0.0000000000E+00,    4.0028057758E+02
    214800,      0.676967,CP4_after_advection,   1,    0.0000000000E+00,    4.0029521405E+02,    4.0029521405E+02,    0.0000000000E+00,    0.0000000000E+00,    0.0000000000E+00,    4.0029521405E+02
    214800,      0.676967,CP5_after_vdif,   1,    0.0000000000E+00,    4.0029521405E+02,    4.0029521405E+02,    0.0000000000E+00,    0.0000000000E+00,    0.0000000000E+00,    4.0029521405E+02
    214800,      0.676967,CP6_after_kinetics,   1,    0.0000000000E+00,    4.0029521405E+02,    4.0029521405E+02,    0.0000000000E+00,    0.0000000000E+00,    0.0000000000E+00,    4.0029521405E+02
    214800,      0.676967,CP7_after_upper_clamp,   1,    0.0000000000E+00,    4.0029521405E+02,    4.0029521405E+02,    0.0000000000E+00,    0.0000000000E+00,    0.0000000000E+00,    4.0029521405E+02
    214800,      0.676967,CP8_after_OBC,   1,    0.0000000000E+00,    4.0029521405E+02,    4.0029521405E+02,    0.0000000000E+00,    0.0000000000E+00,    0.0000000000E+00,    4.0029521405E+02
    214800,      0.676967,CP9_after_PTsource,   1,    0.0000000000E+00,    4.0029521405E+02,    4.0029521405E+02,    0.0000000000E+00,    0.0000000000E+00,    0.0000000000E+00,    4.0029521405E+02
    214800,      0.676967,CP10_after_neg_clamp,   1,    0.0000000000E+00,    4.0029521405E+02,    4.0029521405E+02,    0.0000000000E+00,    0.0000000000E+00,    0.0000000000E+00,    4.0029521405E+02
    214800,      0.676967,CP11_after_MPI,   1,    0.0000000000E+00,    4.0029521405E+02,    4.0029521405E+02,    0.0000000000E+00,    0.0000000000E+00,    0.0000000000E+00,    4.0029521405E+02
    214800,      0.676967,CP12_end,   1,    0.0000000000E+00,    4.0029521405E+02,    4.0029521405E+02,    0.0000000000E+00,    0.0000000000E+00,    0.0000000000E+00,    4.0029521405E+02
    214850,      0.676967,CP0_start,   1,    0.0000000000E+00,    4.0049636537E+02,    4.0049636537E+02,    0.0000000000E+00,    0.0000000000E+00,    0.0000000000E+00,    4.0049636537E+02
    214850,      0.676967,CP1_after_deposition,   1,    0.0000000000E+00,    4.0049636537E+02,    4.0049636537E+02,    0.0000000000E+00,    0.0000000000E+00,    0.0000000000E+00,    4.0049636537E+02
    214850,      0.676967,CP2_after_erosion,   1,    0.0000000000E+00,    4.0049636537E+02,    4.0049636537E+02,    0.0000000000E+00,    0.0000000000E+00,    0.0000000000E+00,    4.0049636537E+02
    214850,      0.676967,CP3_after_update_bottom,   1,    0.0000000000E+00,    4.0049636537E+02,    4.0049636537E+02,    0.0000000000E+00,    0.0000000000E+00,    0.0000000000E+00,    4.0049636537E+02
    214850,      0.676967,CP4_after_advection,   1,    0.0000000000E+00,    4.0051097526E+02,    4.0051097526E+02,    0.0000000000E+00,    0.0000000000E+00,    0.0000000000E+00,    4.0051097526E+02
    214850,      0.676967,CP5_after_vdif,   1,    0.0000000000E+00,    4.0051097526E+02,    4.0051097526E+02,    0.0000000000E+00,    0.0000000000E+00,    0.0000000000E+00,    4.0051097526E+02
    214850,      0.676967,CP6_after_kinetics,   1,    0.0000000000E+00,    4.0051097526E+02,    4.0051097526E+02,    0.0000000000E+00,    0.0000000000E+00,    0.0000000000E+00,    4.0051097526E+02
    214850,      0.676967,CP7_after_upper_clamp,   1,    0.0000000000E+00,    4.0051097526E+02,    4.0051097526E+02,    0.0000000000E+00,    0.0000000000E+00,    0.0000000000E+00,    4.0051097526E+02
    214850,      0.676967,CP8_after_OBC,   1,    0.0000000000E+00,    4.0051097526E+02,    4.0051097526E+02,    0.0000000000E+00,    0.0000000000E+00,    0.0000000000E+00,    4.0051097526E+02
    214850,      0.676967,CP9_after_PTsource,   1,    0.0000000000E+00,    4.0051097526E+02,    4.0051097526E+02,    0.0000000000E+00,    0.0000000000E+00,    0.0000000000E+00,    4.0051097526E+02
    214850,      0.676967,CP10_after_neg_clamp,   1,    0.0000000000E+00,    4.0051097526E+02,    4.0051097526E+02,    0.0000000000E+00,    0.0000000000E+00,    0.0000000000E+00,    4.0051097526E+02
    214850,      0.676967,CP11_after_MPI,   1,    0.0000000000E+00,    4.0051097526E+02,    4.0051097526E+02,    0.0000000000E+00,    0.0000000000E+00,    0.0000000000E+00,    4.0051097526E+02
    214850,      0.676967,CP12_end,   1,    0.0000000000E+00,    4.0051097526E+02,    4.0051097526E+02,    0.0000000000E+00,    0.0000000000E+00,    0.0000000000E+00,    4.0051097526E+02
    214900,      0.676967,CP0_start,   1,    0.0000000000E+00,    4.0071240547E+02,    4.0071240547E+02,    0.0000000000E+00,    0.0000000000E+00,    0.0000000000E+00,    4.0071240547E+02
    214900,      0.676967,CP1_after_deposition,   1,    0.0000000000E+00,    4.0071240547E+02,    4.0071240547E+02,    0.0000000000E+00,    0.0000000000E+00,    0.0000000000E+00,    4.0071240547E+02
    214900,      0.676967,CP2_after_erosion,   1,    0.0000000000E+00,    4.0071240547E+02,    4.0071240547E+02,    0.0000000000E+00,    0.0000000000E+00,    0.0000000000E+00,    4.0071240547E+02
    214900,      0.676967,CP3_after_update_bottom,   1,    0.0000000000E+00,    4.0071240547E+02,    4.0071240547E+02,    0.0000000000E+00,    0.0000000000E+00,    0.0000000000E+00,    4.0071240547E+02
    214900,      0.676967,CP4_after_advection,   1,    0.0000000000E+00,    4.0072698206E+02,    4.0072698206E+02,    0.0000000000E+00,    0.0000000000E+00,    0.0000000000E+00,    4.0072698206E+02
    214900,      0.676967,CP5_after_vdif,   1,    0.0000000000E+00,    4.0072698206E+02,    4.0072698206E+02,    0.0000000000E+00,    0.0000000000E+00,    0.0000000000E+00,    4.0072698206E+02
    214900,      0.676967,CP6_after_kinetics,   1,    0.0000000000E+00,    4.0072698206E+02,    4.0072698206E+02,    0.0000000000E+00,    0.0000000000E+00,    0.0000000000E+00,    4.0072698206E+02
    214900,      0.676967,CP7_after_upper_clamp,   1,    0.0000000000E+00,    4.0072698206E+02,    4.0072698206E+02,    0.0000000000E+00,    0.0000000000E+00,    0.0000000000E+00,    4.0072698206E+02
    214900,      0.676967,CP8_after_OBC,   1,    0.0000000000E+00,    4.0072698206E+02,    4.0072698206E+02,    0.0000000000E+00,    0.0000000000E+00,    0.0000000000E+00,    4.0072698206E+02
    214900,      0.676967,CP9_after_PTsource,   1,    0.0000000000E+00,    4.0072698206E+02,    4.0072698206E+02,    0.0000000000E+00,    0.0000000000E+00,    0.0000000000E+00,    4.0072698206E+02
    214900,      0.676967,CP10_after_neg_clamp,   1,    0.0000000000E+00,    4.0072698206E+02,    4.0072698206E+02,    0.0000000000E+00,    0.0000000000E+00,    0.0000000000E+00,    4.0072698206E+02
    214900,      0.676967,CP11_after_MPI,   1,    0.0000000000E+00,    4.0072698206E+02,    4.0072698206E+02,    0.0000000000E+00,    0.0000000000E+00,    0.0000000000E+00,    4.0072698206E+02
    214900,      0.676967,CP12_end,   1,    0.0000000000E+00,    4.0072698206E+02,    4.0072698206E+02,    0.0000000000E+00,    0.0000000000E+00,    0.0000000000E+00,    4.0072698206E+02
    214950,      0.676967,CP0_start,   1,    0.0000000000E+00,    4.0092851893E+02,    4.0092851893E+02,    0.0000000000E+00,    0.0000000000E+00,    0.0000000000E+00,    4.0092851893E+02
    214950,      0.676967,CP1_after_deposition,   1,    0.0000000000E+00,    4.0092851893E+02,    4.0092851893E+02,    0.0000000000E+00,    0.0000000000E+00,    0.0000000000E+00,    4.0092851893E+02
    214950,      0.676967,CP2_after_erosion,   1,    0.0000000000E+00,    4.0092851893E+02,    4.0092851893E+02,    0.0000000000E+00,    0.0000000000E+00,    0.0000000000E+00,    4.0092851893E+02
    214950,      0.676967,CP3_after_update_bottom,   1,    0.0000000000E+00,    4.0092851893E+02,    4.0092851893E+02,    0.0000000000E+00,    0.0000000000E+00,    0.0000000000E+00,    4.0092851893E+02
    214950,      0.676967,CP4_after_advection,   1,    0.0000000000E+00,    4.0094305877E+02,    4.0094305877E+02,    0.0000000000E+00,    0.0000000000E+00,    0.0000000000E+00,    4.0094305877E+02
    214950,      0.676967,CP5_after_vdif,   1,    0.0000000000E+00,    4.0094305877E+02,    4.0094305877E+02,    0.0000000000E+00,    0.0000000000E+00,    0.0000000000E+00,    4.0094305877E+02
    214950,      0.676967,CP6_after_kinetics,   1,    0.0000000000E+00,    4.0094305877E+02,    4.0094305877E+02,    0.0000000000E+00,    0.0000000000E+00,    0.0000000000E+00,    4.0094305877E+02
    214950,      0.676967,CP7_after_upper_clamp,   1,    0.0000000000E+00,    4.0094305877E+02,    4.0094305877E+02,    0.0000000000E+00,    0.0000000000E+00,    0.0000000000E+00,    4.0094305877E+02
    214950,      0.676967,CP8_after_OBC,   1,    0.0000000000E+00,    4.0094305877E+02,    4.0094305877E+02,    0.0000000000E+00,    0.0000000000E+00,    0.0000000000E+00,    4.0094305877E+02
    214950,      0.676967,CP9_after_PTsource,   1,    0.0000000000E+00,    4.0094305877E+02,    4.0094305877E+02,    0.0000000000E+00,    0.0000000000E+00,    0.0000000000E+00,    4.0094305877E+02
    214950,      0.676967,CP10_after_neg_clamp,   1,    0.0000000000E+00,    4.0094305877E+02,    4.0094305877E+02,    0.0000000000E+00,    0.0000000000E+00,    0.0000000000E+00,    4.0094305877E+02
    214950,      0.676967,CP11_after_MPI,   1,    0.0000000000E+00,    4.0094305877E+02,    4.0094305877E+02,    0.0000000000E+00,    0.0000000000E+00,    0.0000000000E+00,    4.0094305877E+02
    214950,      0.676967,CP12_end,   1,    0.0000000000E+00,    4.0094305877E+02,    4.0094305877E+02,    0.0000000000E+00,    0.0000000000E+00,    0.0000000000E+00,    4.0094305877E+02
    215000,      0.676967,CP0_start,   1,    0.0000000000E+00,    4.0114458752E+02,    4.0114458752E+02,    0.0000000000E+00,    0.0000000000E+00,    0.0000000000E+00,    4.0114458752E+02
    215000,      0.676967,CP1_after_deposition,   1,    0.0000000000E+00,    4.0114458752E+02,    4.0114458752E+02,    0.0000000000E+00,    0.0000000000E+00,    0.0000000000E+00,    4.0114458752E+02
    215000,      0.676967,CP2_after_erosion,   1,    0.0000000000E+00,    4.0114458752E+02,    4.0114458752E+02,    0.0000000000E+00,    0.0000000000E+00,    0.0000000000E+00,    4.0114458752E+02
    215000,      0.676967,CP3_after_update_bottom,   1,    0.0000000000E+00,    4.0114458752E+02,    4.0114458752E+02,    0.0000000000E+00,    0.0000000000E+00,    0.0000000000E+00,    4.0114458752E+02
    215000,      0.676967,CP4_after_advection,   1,    0.0000000000E+00,    4.0115909482E+02,    4.0115909482E+02,    0.0000000000E+00,    0.0000000000E+00,    0.0000000000E+00,    4.0115909482E+02
    215000,      0.676967,CP5_after_vdif,   1,    0.0000000000E+00,    4.0115909482E+02,    4.0115909482E+02,    0.0000000000E+00,    0.0000000000E+00,    0.0000000000E+00,    4.0115909482E+02
    215000,      0.676967,CP6_after_kinetics,   1,    0.0000000000E+00,    4.0115909482E+02,    4.0115909482E+02,    0.0000000000E+00,    0.0000000000E+00,    0.0000000000E+00,    4.0115909482E+02
    215000,      0.676967,CP7_after_upper_clamp,   1,    0.0000000000E+00,    4.0115909482E+02,    4.0115909482E+02,    0.0000000000E+00,    0.0000000000E+00,    0.0000000000E+00,    4.0115909482E+02
    215000,      0.676967,CP8_after_OBC,   1,    0.0000000000E+00,    4.0115909482E+02,    4.0115909482E+02,    0.0000000000E+00,    0.0000000000E+00,    0.0000000000E+00,    4.0115909482E+02
    215000,      0.676967,CP9_after_PTsource,   1,    0.0000000000E+00,    4.0115909482E+02,    4.0115909482E+02,    0.0000000000E+00,    0.0000000000E+00,    0.0000000000E+00,    4.0115909482E+02
    215000,      0.676967,CP10_after_neg_clamp,   1,    0.0000000000E+00,    4.0115909482E+02,    4.0115909482E+02,    0.0000000000E+00,    0.0000000000E+00,    0.0000000000E+00,    4.0115909482E+02
    215000,      0.676967,CP11_after_MPI,   1,    0.0000000000E+00,    4.0115909482E+02,    4.0115909482E+02,    0.0000000000E+00,    0.0000000000E+00,    0.0000000000E+00,    4.0115909482E+02
    215000,      0.676967,CP12_end,   1,    0.0000000000E+00,    4.0115909482E+02,    4.0115909482E+02,    0.0000000000E+00,    0.0000000000E+00,    0.0000000000E+00,    4.0115909482E+02
    215050,      0.676967,CP0_start,   1,    0.0000000000E+00,    4.0136058435E+02,    4.0136058435E+02,    0.0000000000E+00,    0.0000000000E+00,    0.0000000000E+00,    4.0136058435E+02
    215050,      0.676967,CP1_after_deposition,   1,    0.0000000000E+00,    4.0136058435E+02,    4.0136058435E+02,    0.0000000000E+00,    0.0000000000E+00,    0.0000000000E+00,    4.0136058435E+02
    215050,      0.676967,CP2_after_erosion,   1,    0.0000000000E+00,    4.0136058435E+02,    4.0136058435E+02,    0.0000000000E+00,    0.0000000000E+00,    0.0000000000E+00,    4.0136058435E+02
    215050,      0.676967,CP3_after_update_bottom,   1,    0.0000000000E+00,    4.0136058435E+02,    4.0136058435E+02,    0.0000000000E+00,    0.0000000000E+00,    0.0000000000E+00,    4.0136058435E+02
    215050,      0.676967,CP4_after_advection,   1,    0.0000000000E+00,    4.0137505761E+02,    4.0137505761E+02,    0.0000000000E+00,    0.0000000000E+00,    0.0000000000E+00,    4.0137505761E+02
    215050,      0.676967,CP5_after_vdif,   1,    0.0000000000E+00,    4.0137505761E+02,    4.0137505761E+02,    0.0000000000E+00,    0.0000000000E+00,    0.0000000000E+00,    4.0137505761E+02
    215050,      0.676967,CP6_after_kinetics,   1,    0.0000000000E+00,    4.0137505761E+02,    4.0137505761E+02,    0.0000000000E+00,    0.0000000000E+00,    0.0000000000E+00,    4.0137505761E+02
    215050,      0.676967,CP7_after_upper_clamp,   1,    0.0000000000E+00,    4.0137505761E+02,    4.0137505761E+02,    0.0000000000E+00,    0.0000000000E+00,    0.0000000000E+00,    4.0137505761E+02
    215050,      0.676967,CP8_after_OBC,   1,    0.0000000000E+00,    4.0137505761E+02,    4.0137505761E+02,    0.0000000000E+00,    0.0000000000E+00,    0.0000000000E+00,    4.0137505761E+02
    215050,      0.676967,CP9_after_PTsource,   1,    0.0000000000E+00,    4.0137505761E+02,    4.0137505761E+02,    0.0000000000E+00,    0.0000000000E+00,    0.0000000000E+00,    4.0137505761E+02
    215050,      0.676967,CP10_after_neg_clamp,   1,    0.0000000000E+00,    4.0137505761E+02,    4.0137505761E+02,    0.0000000000E+00,    0.0000000000E+00,    0.0000000000E+00,    4.0137505761E+02
    215050,      0.676967,CP11_after_MPI,   1,    0.0000000000E+00,    4.0137505761E+02,    4.0137505761E+02,    0.0000000000E+00,    0.0000000000E+00,    0.0000000000E+00,    4.0137505761E+02
    215050,      0.676967,CP12_end,   1,    0.0000000000E+00,    4.0137505761E+02,    4.0137505761E+02,    0.0000000000E+00,    0.0000000000E+00,    0.0000000000E+00,    4.0137505761E+02
    215100,      0.676967,CP0_start,   1,    0.0000000000E+00,    4.0157653555E+02,    4.0157653555E+02,    0.0000000000E+00,    0.0000000000E+00,    0.0000000000E+00,    4.0157653555E+02
    215100,      0.676967,CP1_after_deposition,   1,    0.0000000000E+00,    4.0157653555E+02,    4.0157653555E+02,    0.0000000000E+00,    0.0000000000E+00,    0.0000000000E+00,    4.0157653555E+02
    215100,      0.676967,CP2_after_erosion,   1,    0.0000000000E+00,    4.0157653555E+02,    4.0157653555E+02,    0.0000000000E+00,    0.0000000000E+00,    0.0000000000E+00,    4.0157653555E+02
    215100,      0.676967,CP3_after_update_bottom,   1,    0.0000000000E+00,    4.0157653555E+02,    4.0157653555E+02,    0.0000000000E+00,    0.0000000000E+00,    0.0000000000E+00,    4.0157653555E+02
    215100,      0.676967,CP4_after_advection,   1,    0.0000000000E+00,    4.0159097400E+02,    4.0159097400E+02,    0.0000000000E+00,    0.0000000000E+00,    0.0000000000E+00,    4.0159097400E+02
    215100,      0.676967,CP5_after_vdif,   1,    0.0000000000E+00,    4.0159097400E+02,    4.0159097400E+02,    0.0000000000E+00,    0.0000000000E+00,    0.0000000000E+00,    4.0159097400E+02
    215100,      0.676967,CP6_after_kinetics,   1,    0.0000000000E+00,    4.0159097400E+02,    4.0159097400E+02,    0.0000000000E+00,    0.0000000000E+00,    0.0000000000E+00,    4.0159097400E+02
    215100,      0.676967,CP7_after_upper_clamp,   1,    0.0000000000E+00,    4.0159097400E+02,    4.0159097400E+02,    0.0000000000E+00,    0.0000000000E+00,    0.0000000000E+00,    4.0159097400E+02
    215100,      0.676967,CP8_after_OBC,   1,    0.0000000000E+00,    4.0159097400E+02,    4.0159097400E+02,    0.0000000000E+00,    0.0000000000E+00,    0.0000000000E+00,    4.0159097400E+02
    215100,      0.676967,CP9_after_PTsource,   1,    0.0000000000E+00,    4.0159097400E+02,    4.0159097400E+02,    0.0000000000E+00,    0.0000000000E+00,    0.0000000000E+00,    4.0159097400E+02
    215100,      0.676967,CP10_after_neg_clamp,   1,    0.0000000000E+00,    4.0159097400E+02,    4.0159097400E+02,    0.0000000000E+00,    0.0000000000E+00,    0.0000000000E+00,    4.0159097400E+02
    215100,      0.676967,CP11_after_MPI,   1,    0.0000000000E+00,    4.0159097400E+02,    4.0159097400E+02,    0.0000000000E+00,    0.0000000000E+00,    0.0000000000E+00,    4.0159097400E+02
    215100,      0.676967,CP12_end,   1,    0.0000000000E+00,    4.0159097400E+02,    4.0159097400E+02,    0.0000000000E+00,    0.0000000000E+00,    0.0000000000E+00,    4.0159097400E+02
    215150,      0.676967,CP0_start,   1,    0.0000000000E+00,    4.0179198613E+02,    4.0179198613E+02,    0.0000000000E+00,    0.0000000000E+00,    0.0000000000E+00,    4.0179198613E+02
    215150,      0.676967,CP1_after_deposition,   1,    0.0000000000E+00,    4.0179198613E+02,    4.0179198613E+02,    0.0000000000E+00,    0.0000000000E+00,    0.0000000000E+00,    4.0179198613E+02
    215150,      0.676967,CP2_after_erosion,   1,    0.0000000000E+00,    4.0179198613E+02,    4.0179198613E+02,    0.0000000000E+00,    0.0000000000E+00,    0.0000000000E+00,    4.0179198613E+02
    215150,      0.676967,CP3_after_update_bottom,   1,    0.0000000000E+00,    4.0179198613E+02,    4.0179198613E+02,    0.0000000000E+00,    0.0000000000E+00,    0.0000000000E+00,    4.0179198613E+02
    215150,      0.676967,CP4_after_advection,   1,    0.0000000000E+00,    4.0180638912E+02,    4.0180638912E+02,    0.0000000000E+00,    0.0000000000E+00,    0.0000000000E+00,    4.0180638912E+02
    215150,      0.676967,CP5_after_vdif,   1,    0.0000000000E+00,    4.0180638912E+02,    4.0180638912E+02,    0.0000000000E+00,    0.0000000000E+00,    0.0000000000E+00,    4.0180638912E+02
    215150,      0.676967,CP6_after_kinetics,   1,    0.0000000000E+00,    4.0180638912E+02,    4.0180638912E+02,    0.0000000000E+00,    0.0000000000E+00,    0.0000000000E+00,    4.0180638912E+02
    215150,      0.676967,CP7_after_upper_clamp,   1,    0.0000000000E+00,    4.0180638912E+02,    4.0180638912E+02,    0.0000000000E+00,    0.0000000000E+00,    0.0000000000E+00,    4.0180638912E+02
    215150,      0.676967,CP8_after_OBC,   1,    0.0000000000E+00,    4.0180638912E+02,    4.0180638912E+02,    0.0000000000E+00,    0.0000000000E+00,    0.0000000000E+00,    4.0180638912E+02
    215150,      0.676967,CP9_after_PTsource,   1,    0.0000000000E+00,    4.0180638912E+02,    4.0180638912E+02,    0.0000000000E+00,    0.0000000000E+00,    0.0000000000E+00,    4.0180638912E+02
    215150,      0.676967,CP10_after_neg_clamp,   1,    0.0000000000E+00,    4.0180638912E+02,    4.0180638912E+02,    0.0000000000E+00,    0.0000000000E+00,    0.0000000000E+00,    4.0180638912E+02
    215150,      0.676967,CP11_after_MPI,   1,    0.0000000000E+00,    4.0180638912E+02,    4.0180638912E+02,    0.0000000000E+00,    0.0000000000E+00,    0.0000000000E+00,    4.0180638912E+02
    215150,      0.676967,CP12_end,   1,    0.0000000000E+00,    4.0180638912E+02,    4.0180638912E+02,    0.0000000000E+00,    0.0000000000E+00,    0.0000000000E+00,    4.0180638912E+02
    215200,      0.676967,CP0_start,   1,    0.0000000000E+00,    4.0200719926E+02,    4.0200719926E+02,    0.0000000000E+00,    0.0000000000E+00,    0.0000000000E+00,    4.0200719926E+02
    215200,      0.676967,CP1_after_deposition,   1,    0.0000000000E+00,    4.0200719926E+02,    4.0200719926E+02,    0.0000000000E+00,    0.0000000000E+00,    0.0000000000E+00,    4.0200719926E+02
    215200,      0.676967,CP2_after_erosion,   1,    0.0000000000E+00,    4.0200719926E+02,    4.0200719926E+02,    0.0000000000E+00,    0.0000000000E+00,    0.0000000000E+00,    4.0200719926E+02
    215200,      0.676967,CP3_after_update_bottom,   1,    0.0000000000E+00,    4.0200719926E+02,    4.0200719926E+02,    0.0000000000E+00,    0.0000000000E+00,    0.0000000000E+00,    4.0200719926E+02
    215200,      0.676967,CP4_after_advection,   1,    0.0000000000E+00,    4.0202156516E+02,    4.0202156516E+02,    0.0000000000E+00,    0.0000000000E+00,    0.0000000000E+00,    4.0202156516E+02
    215200,      0.676967,CP5_after_vdif,   1,    0.0000000000E+00,    4.0202156516E+02,    4.0202156516E+02,    0.0000000000E+00,    0.0000000000E+00,    0.0000000000E+00,    4.0202156516E+02
    215200,      0.676967,CP6_after_kinetics,   1,    0.0000000000E+00,    4.0202156516E+02,    4.0202156516E+02,    0.0000000000E+00,    0.0000000000E+00,    0.0000000000E+00,    4.0202156516E+02
    215200,      0.676967,CP7_after_upper_clamp,   1,    0.0000000000E+00,    4.0202156516E+02,    4.0202156516E+02,    0.0000000000E+00,    0.0000000000E+00,    0.0000000000E+00,    4.0202156516E+02
    215200,      0.676967,CP8_after_OBC,   1,    0.0000000000E+00,    4.0202156516E+02,    4.0202156516E+02,    0.0000000000E+00,    0.0000000000E+00,    0.0000000000E+00,    4.0202156516E+02
    215200,      0.676967,CP9_after_PTsource,   1,    0.0000000000E+00,    4.0202156516E+02,    4.0202156516E+02,    0.0000000000E+00,    0.0000000000E+00,    0.0000000000E+00,    4.0202156516E+02
    215200,      0.676967,CP10_after_neg_clamp,   1,    0.0000000000E+00,    4.0202156516E+02,    4.0202156516E+02,    0.0000000000E+00,    0.0000000000E+00,    0.0000000000E+00,    4.0202156516E+02
    215200,      0.676967,CP11_after_MPI,   1,    0.0000000000E+00,    4.0202156516E+02,    4.0202156516E+02,    0.0000000000E+00,    0.0000000000E+00,    0.0000000000E+00,    4.0202156516E+02
    215200,      0.676967,CP12_end,   1,    0.0000000000E+00,    4.0202156516E+02,    4.0202156516E+02,    0.0000000000E+00,    0.0000000000E+00,    0.0000000000E+00,    4.0202156516E+02
    215250,      0.676967,CP0_start,   1,    0.0000000000E+00,    4.0222207937E+02,    4.0222207937E+02,    0.0000000000E+00,    0.0000000000E+00,    0.0000000000E+00,    4.0222207937E+02
    215250,      0.676967,CP1_after_deposition,   1,    0.0000000000E+00,    4.0222207937E+02,    4.0222207937E+02,    0.0000000000E+00,    0.0000000000E+00,    0.0000000000E+00,    4.0222207937E+02
    215250,      0.676967,CP2_after_erosion,   1,    0.0000000000E+00,    4.0222207937E+02,    4.0222207937E+02,    0.0000000000E+00,    0.0000000000E+00,    0.0000000000E+00,    4.0222207937E+02
    215250,      0.676967,CP3_after_update_bottom,   1,    0.0000000000E+00,    4.0222207937E+02,    4.0222207937E+02,    0.0000000000E+00,    0.0000000000E+00,    0.0000000000E+00,    4.0222207937E+02
    215250,      0.676967,CP4_after_advection,   1,    0.0000000000E+00,    4.0223640765E+02,    4.0223640765E+02,    0.0000000000E+00,    0.0000000000E+00,    0.0000000000E+00,    4.0223640765E+02
    215250,      0.676967,CP5_after_vdif,   1,    0.0000000000E+00,    4.0223640765E+02,    4.0223640765E+02,    0.0000000000E+00,    0.0000000000E+00,    0.0000000000E+00,    4.0223640765E+02
    215250,      0.676967,CP6_after_kinetics,   1,    0.0000000000E+00,    4.0223640765E+02,    4.0223640765E+02,    0.0000000000E+00,    0.0000000000E+00,    0.0000000000E+00,    4.0223640765E+02
    215250,      0.676967,CP7_after_upper_clamp,   1,    0.0000000000E+00,    4.0223640765E+02,    4.0223640765E+02,    0.0000000000E+00,    0.0000000000E+00,    0.0000000000E+00,    4.0223640765E+02
    215250,      0.676967,CP8_after_OBC,   1,    0.0000000000E+00,    4.0223640765E+02,    4.0223640765E+02,    0.0000000000E+00,    0.0000000000E+00,    0.0000000000E+00,    4.0223640765E+02
    215250,      0.676967,CP9_after_PTsource,   1,    0.0000000000E+00,    4.0223640765E+02,    4.0223640765E+02,    0.0000000000E+00,    0.0000000000E+00,    0.0000000000E+00,    4.0223640765E+02
    215250,      0.676967,CP10_after_neg_clamp,   1,    0.0000000000E+00,    4.0223640765E+02,    4.0223640765E+02,    0.0000000000E+00,    0.0000000000E+00,    0.0000000000E+00,    4.0223640765E+02
    215250,      0.676967,CP11_after_MPI,   1,    0.0000000000E+00,    4.0223640765E+02,    4.0223640765E+02,    0.0000000000E+00,    0.0000000000E+00,    0.0000000000E+00,    4.0223640765E+02
    215250,      0.676967,CP12_end,   1,    0.0000000000E+00,    4.0223640765E+02,    4.0223640765E+02,    0.0000000000E+00,    0.0000000000E+00,    0.0000000000E+00,    4.0223640765E+02
    215300,      0.676967,CP0_start,   1,    0.0000000000E+00,    4.0243663650E+02,    4.0243663650E+02,    0.0000000000E+00,    0.0000000000E+00,    0.0000000000E+00,    4.0243663650E+02
    215300,      0.676967,CP1_after_deposition,   1,    0.0000000000E+00,    4.0243663650E+02,    4.0243663650E+02,    0.0000000000E+00,    0.0000000000E+00,    0.0000000000E+00,    4.0243663650E+02
    215300,      0.676967,CP2_after_erosion,   1,    0.0000000000E+00,    4.0243663650E+02,    4.0243663650E+02,    0.0000000000E+00,    0.0000000000E+00,    0.0000000000E+00,    4.0243663650E+02
    215300,      0.676967,CP3_after_update_bottom,   1,    0.0000000000E+00,    4.0243663650E+02,    4.0243663650E+02,    0.0000000000E+00,    0.0000000000E+00,    0.0000000000E+00,    4.0243663650E+02
    215300,      0.676967,CP4_after_advection,   1,    0.0000000000E+00,    4.0245092817E+02,    4.0245092817E+02,    0.0000000000E+00,    0.0000000000E+00,    0.0000000000E+00,    4.0245092817E+02
    215300,      0.676967,CP5_after_vdif,   1,    0.0000000000E+00,    4.0245092817E+02,    4.0245092817E+02,    0.0000000000E+00,    0.0000000000E+00,    0.0000000000E+00,    4.0245092817E+02
    215300,      0.676967,CP6_after_kinetics,   1,    0.0000000000E+00,    4.0245092817E+02,    4.0245092817E+02,    0.0000000000E+00,    0.0000000000E+00,    0.0000000000E+00,    4.0245092817E+02
    215300,      0.676967,CP7_after_upper_clamp,   1,    0.0000000000E+00,    4.0245092817E+02,    4.0245092817E+02,    0.0000000000E+00,    0.0000000000E+00,    0.0000000000E+00,    4.0245092817E+02
    215300,      0.676967,CP8_after_OBC,   1,    0.0000000000E+00,    4.0245092817E+02,    4.0245092817E+02,    0.0000000000E+00,    0.0000000000E+00,    0.0000000000E+00,    4.0245092817E+02
    215300,      0.676967,CP9_after_PTsource,   1,    0.0000000000E+00,    4.0245092817E+02,    4.0245092817E+02,    0.0000000000E+00,    0.0000000000E+00,    0.0000000000E+00,    4.0245092817E+02
    215300,      0.676967,CP10_after_neg_clamp,   1,    0.0000000000E+00,    4.0245092817E+02,    4.0245092817E+02,    0.0000000000E+00,    0.0000000000E+00,    0.0000000000E+00,    4.0245092817E+02
    215300,      0.676967,CP11_after_MPI,   1,    0.0000000000E+00,    4.0245092817E+02,    4.0245092817E+02,    0.0000000000E+00,    0.0000000000E+00,    0.0000000000E+00,    4.0245092817E+02
    215300,      0.676967,CP12_end,   1,    0.0000000000E+00,    4.0245092817E+02,    4.0245092817E+02,    0.0000000000E+00,    0.0000000000E+00,    0.0000000000E+00,    4.0245092817E+02
    215350,      0.676967,CP0_start,   1,    0.0000000000E+00,    4.0265093635E+02,    4.0265093635E+02,    0.0000000000E+00,    0.0000000000E+00,    0.0000000000E+00,    4.0265093635E+02
    215350,      0.676967,CP1_after_deposition,   1,    0.0000000000E+00,    4.0265093635E+02,    4.0265093635E+02,    0.0000000000E+00,    0.0000000000E+00,    0.0000000000E+00,    4.0265093635E+02
    215350,      0.676967,CP2_after_erosion,   1,    0.0000000000E+00,    4.0265093635E+02,    4.0265093635E+02,    0.0000000000E+00,    0.0000000000E+00,    0.0000000000E+00,    4.0265093635E+02
    215350,      0.676967,CP3_after_update_bottom,   1,    0.0000000000E+00,    4.0265093635E+02,    4.0265093635E+02,    0.0000000000E+00,    0.0000000000E+00,    0.0000000000E+00,    4.0265093635E+02
    215350,      0.676967,CP4_after_advection,   1,    0.0000000000E+00,    4.0266519095E+02,    4.0266519095E+02,    0.0000000000E+00,    0.0000000000E+00,    0.0000000000E+00,    4.0266519095E+02
    215350,      0.676967,CP5_after_vdif,   1,    0.0000000000E+00,    4.0266519095E+02,    4.0266519095E+02,    0.0000000000E+00,    0.0000000000E+00,    0.0000000000E+00,    4.0266519095E+02
    215350,      0.676967,CP6_after_kinetics,   1,    0.0000000000E+00,    4.0266519095E+02,    4.0266519095E+02,    0.0000000000E+00,    0.0000000000E+00,    0.0000000000E+00,    4.0266519095E+02
    215350,      0.676967,CP7_after_upper_clamp,   1,    0.0000000000E+00,    4.0266519095E+02,    4.0266519095E+02,    0.0000000000E+00,    0.0000000000E+00,    0.0000000000E+00,    4.0266519095E+02
    215350,      0.676967,CP8_after_OBC,   1,    0.0000000000E+00,    4.0266519095E+02,    4.0266519095E+02,    0.0000000000E+00,    0.0000000000E+00,    0.0000000000E+00,    4.0266519095E+02
    215350,      0.676967,CP9_after_PTsource,   1,    0.0000000000E+00,    4.0266519095E+02,    4.0266519095E+02,    0.0000000000E+00,    0.0000000000E+00,    0.0000000000E+00,    4.0266519095E+02
    215350,      0.676967,CP10_after_neg_clamp,   1,    0.0000000000E+00,    4.0266519095E+02,    4.0266519095E+02,    0.0000000000E+00,    0.0000000000E+00,    0.0000000000E+00,    4.0266519095E+02
    215350,      0.676967,CP11_after_MPI,   1,    0.0000000000E+00,    4.0266519095E+02,    4.0266519095E+02,    0.0000000000E+00,    0.0000000000E+00,    0.0000000000E+00,    4.0266519095E+02
    215350,      0.676967,CP12_end,   1,    0.0000000000E+00,    4.0266519095E+02,    4.0266519095E+02,    0.0000000000E+00,    0.0000000000E+00,    0.0000000000E+00,    4.0266519095E+02
    215400,      0.676967,CP0_start,   1,    0.0000000000E+00,    4.0286500179E+02,    4.0286500179E+02,    0.0000000000E+00,    0.0000000000E+00,    0.0000000000E+00,    4.0286500179E+02
    215400,      0.676967,CP1_after_deposition,   1,    0.0000000000E+00,    4.0286500179E+02,    4.0286500179E+02,    0.0000000000E+00,    0.0000000000E+00,    0.0000000000E+00,    4.0286500179E+02
    215400,      0.676967,CP2_after_erosion,   1,    0.0000000000E+00,    4.0286500179E+02,    4.0286500179E+02,    0.0000000000E+00,    0.0000000000E+00,    0.0000000000E+00,    4.0286500179E+02
    215400,      0.676967,CP3_after_update_bottom,   1,    0.0000000000E+00,    4.0286500179E+02,    4.0286500179E+02,    0.0000000000E+00,    0.0000000000E+00,    0.0000000000E+00,    4.0286500179E+02
    215400,      0.676967,CP4_after_advection,   1,    0.0000000000E+00,    4.0287922191E+02,    4.0287922191E+02,    0.0000000000E+00,    0.0000000000E+00,    0.0000000000E+00,    4.0287922191E+02
    215400,      0.676967,CP5_after_vdif,   1,    0.0000000000E+00,    4.0287922191E+02,    4.0287922191E+02,    0.0000000000E+00,    0.0000000000E+00,    0.0000000000E+00,    4.0287922191E+02
    215400,      0.676967,CP6_after_kinetics,   1,    0.0000000000E+00,    4.0287922191E+02,    4.0287922191E+02,    0.0000000000E+00,    0.0000000000E+00,    0.0000000000E+00,    4.0287922191E+02
    215400,      0.676967,CP7_after_upper_clamp,   1,    0.0000000000E+00,    4.0287922191E+02,    4.0287922191E+02,    0.0000000000E+00,    0.0000000000E+00,    0.0000000000E+00,    4.0287922191E+02
    215400,      0.676967,CP8_after_OBC,   1,    0.0000000000E+00,    4.0287922191E+02,    4.0287922191E+02,    0.0000000000E+00,    0.0000000000E+00,    0.0000000000E+00,    4.0287922191E+02
    215400,      0.676967,CP9_after_PTsource,   1,    0.0000000000E+00,    4.0287922191E+02,    4.0287922191E+02,    0.0000000000E+00,    0.0000000000E+00,    0.0000000000E+00,    4.0287922191E+02
    215400,      0.676967,CP10_after_neg_clamp,   1,    0.0000000000E+00,    4.0287922191E+02,    4.0287922191E+02,    0.0000000000E+00,    0.0000000000E+00,    0.0000000000E+00,    4.0287922191E+02
    215400,      0.676967,CP11_after_MPI,   1,    0.0000000000E+00,    4.0287922191E+02,    4.0287922191E+02,    0.0000000000E+00,    0.0000000000E+00,    0.0000000000E+00,    4.0287922191E+02
    215400,      0.676967,CP12_end,   1,    0.0000000000E+00,    4.0287922191E+02,    4.0287922191E+02,    0.0000000000E+00,    0.0000000000E+00,    0.0000000000E+00,    4.0287922191E+02
    215450,      0.676967,CP0_start,   1,    0.0000000000E+00,    4.0307879377E+02,    4.0307879377E+02,    0.0000000000E+00,    0.0000000000E+00,    0.0000000000E+00,    4.0307879377E+02
    215450,      0.676967,CP1_after_deposition,   1,    0.0000000000E+00,    4.0307879377E+02,    4.0307879377E+02,    0.0000000000E+00,    0.0000000000E+00,    0.0000000000E+00,    4.0307879377E+02
    215450,      0.676967,CP2_after_erosion,   1,    0.0000000000E+00,    4.0307879377E+02,    4.0307879377E+02,    0.0000000000E+00,    0.0000000000E+00,    0.0000000000E+00,    4.0307879377E+02
    215450,      0.676967,CP3_after_update_bottom,   1,    0.0000000000E+00,    4.0307879377E+02,    4.0307879377E+02,    0.0000000000E+00,    0.0000000000E+00,    0.0000000000E+00,    4.0307879377E+02
    215450,      0.676967,CP4_after_advection,   1,    0.0000000000E+00,    4.0309297756E+02,    4.0309297756E+02,    0.0000000000E+00,    0.0000000000E+00,    0.0000000000E+00,    4.0309297756E+02
    215450,      0.676967,CP5_after_vdif,   1,    0.0000000000E+00,    4.0309297756E+02,    4.0309297756E+02,    0.0000000000E+00,    0.0000000000E+00,    0.0000000000E+00,    4.0309297756E+02
    215450,      0.676967,CP6_after_kinetics,   1,    0.0000000000E+00,    4.0309297756E+02,    4.0309297756E+02,    0.0000000000E+00,    0.0000000000E+00,    0.0000000000E+00,    4.0309297756E+02
    215450,      0.676967,CP7_after_upper_clamp,   1,    0.0000000000E+00,    4.0309297756E+02,    4.0309297756E+02,    0.0000000000E+00,    0.0000000000E+00,    0.0000000000E+00,    4.0309297756E+02
    215450,      0.676967,CP8_after_OBC,   1,    0.0000000000E+00,    4.0309297756E+02,    4.0309297756E+02,    0.0000000000E+00,    0.0000000000E+00,    0.0000000000E+00,    4.0309297756E+02
    215450,      0.676967,CP9_after_PTsource,   1,    0.0000000000E+00,    4.0309297756E+02,    4.0309297756E+02,    0.0000000000E+00,    0.0000000000E+00,    0.0000000000E+00,    4.0309297756E+02
    215450,      0.676967,CP10_after_neg_clamp,   1,    0.0000000000E+00,    4.0309297756E+02,    4.0309297756E+02,    0.0000000000E+00,    0.0000000000E+00,    0.0000000000E+00,    4.0309297756E+02
    215450,      0.676967,CP11_after_MPI,   1,    0.0000000000E+00,    4.0309297756E+02,    4.0309297756E+02,    0.0000000000E+00,    0.0000000000E+00,    0.0000000000E+00,    4.0309297756E+02
    215450,      0.676967,CP12_end,   1,    0.0000000000E+00,    4.0309297756E+02,    4.0309297756E+02,    0.0000000000E+00,    0.0000000000E+00,    0.0000000000E+00,    4.0309297756E+02
    215500,      0.676967,CP0_start,   1,    0.0000000000E+00,    4.0329228431E+02,    4.0329228431E+02,    0.0000000000E+00,    0.0000000000E+00,    0.0000000000E+00,    4.0329228431E+02
    215500,      0.676967,CP1_after_deposition,   1,    0.0000000000E+00,    4.0329228431E+02,    4.0329228431E+02,    0.0000000000E+00,    0.0000000000E+00,    0.0000000000E+00,    4.0329228431E+02
    215500,      0.676967,CP2_after_erosion,   1,    0.0000000000E+00,    4.0329228431E+02,    4.0329228431E+02,    0.0000000000E+00,    0.0000000000E+00,    0.0000000000E+00,    4.0329228431E+02
    215500,      0.676967,CP3_after_update_bottom,   1,    0.0000000000E+00,    4.0329228431E+02,    4.0329228431E+02,    0.0000000000E+00,    0.0000000000E+00,    0.0000000000E+00,    4.0329228431E+02
    215500,      0.676967,CP4_after_advection,   1,    0.0000000000E+00,    4.0330643182E+02,    4.0330643182E+02,    0.0000000000E+00,    0.0000000000E+00,    0.0000000000E+00,    4.0330643182E+02
    215500,      0.676967,CP5_after_vdif,   1,    0.0000000000E+00,    4.0330643182E+02,    4.0330643182E+02,    0.0000000000E+00,    0.0000000000E+00,    0.0000000000E+00,    4.0330643182E+02
    215500,      0.676967,CP6_after_kinetics,   1,    0.0000000000E+00,    4.0330643182E+02,    4.0330643182E+02,    0.0000000000E+00,    0.0000000000E+00,    0.0000000000E+00,    4.0330643182E+02
    215500,      0.676967,CP7_after_upper_clamp,   1,    0.0000000000E+00,    4.0330643182E+02,    4.0330643182E+02,    0.0000000000E+00,    0.0000000000E+00,    0.0000000000E+00,    4.0330643182E+02
    215500,      0.676967,CP8_after_OBC,   1,    0.0000000000E+00,    4.0330643182E+02,    4.0330643182E+02,    0.0000000000E+00,    0.0000000000E+00,    0.0000000000E+00,    4.0330643182E+02
    215500,      0.676967,CP9_after_PTsource,   1,    0.0000000000E+00,    4.0330643182E+02,    4.0330643182E+02,    0.0000000000E+00,    0.0000000000E+00,    0.0000000000E+00,    4.0330643182E+02
    215500,      0.676967,CP10_after_neg_clamp,   1,    0.0000000000E+00,    4.0330643182E+02,    4.0330643182E+02,    0.0000000000E+00,    0.0000000000E+00,    0.0000000000E+00,    4.0330643182E+02
    215500,      0.676967,CP11_after_MPI,   1,    0.0000000000E+00,    4.0330643182E+02,    4.0330643182E+02,    0.0000000000E+00,    0.0000000000E+00,    0.0000000000E+00,    4.0330643182E+02
    215500,      0.676967,CP12_end,   1,    0.0000000000E+00,    4.0330643182E+02,    4.0330643182E+02,    0.0000000000E+00,    0.0000000000E+00,    0.0000000000E+00,    4.0330643182E+02
    215550,      0.676967,CP0_start,   1,    0.0000000000E+00,    4.0350553893E+02,    4.0350553893E+02,    0.0000000000E+00,    0.0000000000E+00,    0.0000000000E+00,    4.0350553893E+02
    215550,      0.676967,CP1_after_deposition,   1,    0.0000000000E+00,    4.0350553893E+02,    4.0350553893E+02,    0.0000000000E+00,    0.0000000000E+00,    0.0000000000E+00,    4.0350553893E+02
    215550,      0.676967,CP2_after_erosion,   1,    0.0000000000E+00,    4.0350553893E+02,    4.0350553893E+02,    0.0000000000E+00,    0.0000000000E+00,    0.0000000000E+00,    4.0350553893E+02
    215550,      0.676967,CP3_after_update_bottom,   1,    0.0000000000E+00,    4.0350553893E+02,    4.0350553893E+02,    0.0000000000E+00,    0.0000000000E+00,    0.0000000000E+00,    4.0350553893E+02
    215550,      0.676967,CP4_after_advection,   1,    0.0000000000E+00,    4.0351964937E+02,    4.0351964937E+02,    0.0000000000E+00,    0.0000000000E+00,    0.0000000000E+00,    4.0351964937E+02
    215550,      0.676967,CP5_after_vdif,   1,    0.0000000000E+00,    4.0351964937E+02,    4.0351964937E+02,    0.0000000000E+00,    0.0000000000E+00,    0.0000000000E+00,    4.0351964937E+02
    215550,      0.676967,CP6_after_kinetics,   1,    0.0000000000E+00,    4.0351964937E+02,    4.0351964937E+02,    0.0000000000E+00,    0.0000000000E+00,    0.0000000000E+00,    4.0351964937E+02
    215550,      0.676967,CP7_after_upper_clamp,   1,    0.0000000000E+00,    4.0351964937E+02,    4.0351964937E+02,    0.0000000000E+00,    0.0000000000E+00,    0.0000000000E+00,    4.0351964937E+02
    215550,      0.676967,CP8_after_OBC,   1,    0.0000000000E+00,    4.0351964937E+02,    4.0351964937E+02,    0.0000000000E+00,    0.0000000000E+00,    0.0000000000E+00,    4.0351964937E+02
    215550,      0.676967,CP9_after_PTsource,   1,    0.0000000000E+00,    4.0351964937E+02,    4.0351964937E+02,    0.0000000000E+00,    0.0000000000E+00,    0.0000000000E+00,    4.0351964937E+02
    215550,      0.676967,CP10_after_neg_clamp,   1,    0.0000000000E+00,    4.0351964937E+02,    4.0351964937E+02,    0.0000000000E+00,    0.0000000000E+00,    0.0000000000E+00,    4.0351964937E+02
    215550,      0.676967,CP11_after_MPI,   1,    0.0000000000E+00,    4.0351964937E+02,    4.0351964937E+02,    0.0000000000E+00,    0.0000000000E+00,    0.0000000000E+00,    4.0351964937E+02
    215550,      0.676967,CP12_end,   1,    0.0000000000E+00,    4.0351964937E+02,    4.0351964937E+02,    0.0000000000E+00,    0.0000000000E+00,    0.0000000000E+00,    4.0351964937E+02
    215600,      0.676967,CP0_start,   1,    0.0000000000E+00,    4.0371856888E+02,    4.0371856888E+02,    0.0000000000E+00,    0.0000000000E+00,    0.0000000000E+00,    4.0371856888E+02
    215600,      0.676967,CP1_after_deposition,   1,    0.0000000000E+00,    4.0371856888E+02,    4.0371856888E+02,    0.0000000000E+00,    0.0000000000E+00,    0.0000000000E+00,    4.0371856888E+02
    215600,      0.676967,CP2_after_erosion,   1,    0.0000000000E+00,    4.0371856888E+02,    4.0371856888E+02,    0.0000000000E+00,    0.0000000000E+00,    0.0000000000E+00,    4.0371856888E+02
    215600,      0.676967,CP3_after_update_bottom,   1,    0.0000000000E+00,    4.0371856888E+02,    4.0371856888E+02,    0.0000000000E+00,    0.0000000000E+00,    0.0000000000E+00,    4.0371856888E+02
    215600,      0.676967,CP4_after_advection,   1,    0.0000000000E+00,    4.0373264645E+02,    4.0373264645E+02,    0.0000000000E+00,    0.0000000000E+00,    0.0000000000E+00,    4.0373264645E+02
    215600,      0.676967,CP5_after_vdif,   1,    0.0000000000E+00,    4.0373264645E+02,    4.0373264645E+02,    0.0000000000E+00,    0.0000000000E+00,    0.0000000000E+00,    4.0373264645E+02
    215600,      0.676967,CP6_after_kinetics,   1,    0.0000000000E+00,    4.0373264645E+02,    4.0373264645E+02,    0.0000000000E+00,    0.0000000000E+00,    0.0000000000E+00,    4.0373264645E+02
    215600,      0.676967,CP7_after_upper_clamp,   1,    0.0000000000E+00,    4.0373264645E+02,    4.0373264645E+02,    0.0000000000E+00,    0.0000000000E+00,    0.0000000000E+00,    4.0373264645E+02
    215600,      0.676967,CP8_after_OBC,   1,    0.0000000000E+00,    4.0373264645E+02,    4.0373264645E+02,    0.0000000000E+00,    0.0000000000E+00,    0.0000000000E+00,    4.0373264645E+02
    215600,      0.676967,CP9_after_PTsource,   1,    0.0000000000E+00,    4.0373264645E+02,    4.0373264645E+02,    0.0000000000E+00,    0.0000000000E+00,    0.0000000000E+00,    4.0373264645E+02
    215600,      0.676967,CP10_after_neg_clamp,   1,    0.0000000000E+00,    4.0373264645E+02,    4.0373264645E+02,    0.0000000000E+00,    0.0000000000E+00,    0.0000000000E+00,    4.0373264645E+02
    215600,      0.676967,CP11_after_MPI,   1,    0.0000000000E+00,    4.0373264645E+02,    4.0373264645E+02,    0.0000000000E+00,    0.0000000000E+00,    0.0000000000E+00,    4.0373264645E+02
    215600,      0.676967,CP12_end,   1,    0.0000000000E+00,    4.0373264645E+02,    4.0373264645E+02,    0.0000000000E+00,    0.0000000000E+00,    0.0000000000E+00,    4.0373264645E+02
    215650,      0.676967,CP0_start,   1,    0.0000000000E+00,    4.0393148393E+02,    4.0393148393E+02,    0.0000000000E+00,    0.0000000000E+00,    0.0000000000E+00,    4.0393148393E+02
    215650,      0.676967,CP1_after_deposition,   1,    0.0000000000E+00,    4.0393148393E+02,    4.0393148393E+02,    0.0000000000E+00,    0.0000000000E+00,    0.0000000000E+00,    4.0393148393E+02
    215650,      0.676967,CP2_after_erosion,   1,    0.0000000000E+00,    4.0393148393E+02,    4.0393148393E+02,    0.0000000000E+00,    0.0000000000E+00,    0.0000000000E+00,    4.0393148393E+02
    215650,      0.676967,CP3_after_update_bottom,   1,    0.0000000000E+00,    4.0393148393E+02,    4.0393148393E+02,    0.0000000000E+00,    0.0000000000E+00,    0.0000000000E+00,    4.0393148393E+02
    215650,      0.676967,CP4_after_advection,   1,    0.0000000000E+00,    4.0394553140E+02,    4.0394553140E+02,    0.0000000000E+00,    0.0000000000E+00,    0.0000000000E+00,    4.0394553140E+02
    215650,      0.676967,CP5_after_vdif,   1,    0.0000000000E+00,    4.0394553140E+02,    4.0394553140E+02,    0.0000000000E+00,    0.0000000000E+00,    0.0000000000E+00,    4.0394553140E+02
    215650,      0.676967,CP6_after_kinetics,   1,    0.0000000000E+00,    4.0394553140E+02,    4.0394553140E+02,    0.0000000000E+00,    0.0000000000E+00,    0.0000000000E+00,    4.0394553140E+02
    215650,      0.676967,CP7_after_upper_clamp,   1,    0.0000000000E+00,    4.0394553140E+02,    4.0394553140E+02,    0.0000000000E+00,    0.0000000000E+00,    0.0000000000E+00,    4.0394553140E+02
    215650,      0.676967,CP8_after_OBC,   1,    0.0000000000E+00,    4.0394553140E+02,    4.0394553140E+02,    0.0000000000E+00,    0.0000000000E+00,    0.0000000000E+00,    4.0394553140E+02
    215650,      0.676967,CP9_after_PTsource,   1,    0.0000000000E+00,    4.0394553140E+02,    4.0394553140E+02,    0.0000000000E+00,    0.0000000000E+00,    0.0000000000E+00,    4.0394553140E+02
    215650,      0.676967,CP10_after_neg_clamp,   1,    0.0000000000E+00,    4.0394553140E+02,    4.0394553140E+02,    0.0000000000E+00,    0.0000000000E+00,    0.0000000000E+00,    4.0394553140E+02
    215650,      0.676967,CP11_after_MPI,   1,    0.0000000000E+00,    4.0394553140E+02,    4.0394553140E+02,    0.0000000000E+00,    0.0000000000E+00,    0.0000000000E+00,    4.0394553140E+02
    215650,      0.676967,CP12_end,   1,    0.0000000000E+00,    4.0394553140E+02,    4.0394553140E+02,    0.0000000000E+00,    0.0000000000E+00,    0.0000000000E+00,    4.0394553140E+02
    215700,      0.676968,CP0_start,   1,    0.0000000000E+00,    4.0414436473E+02,    4.0414436473E+02,    0.0000000000E+00,    0.0000000000E+00,    0.0000000000E+00,    4.0414436473E+02
    215700,      0.676968,CP1_after_deposition,   1,    0.0000000000E+00,    4.0414436473E+02,    4.0414436473E+02,    0.0000000000E+00,    0.0000000000E+00,    0.0000000000E+00,    4.0414436473E+02
    215700,      0.676968,CP2_after_erosion,   1,    0.0000000000E+00,    4.0414436473E+02,    4.0414436473E+02,    0.0000000000E+00,    0.0000000000E+00,    0.0000000000E+00,    4.0414436473E+02
    215700,      0.676968,CP3_after_update_bottom,   1,    0.0000000000E+00,    4.0414436473E+02,    4.0414436473E+02,    0.0000000000E+00,    0.0000000000E+00,    0.0000000000E+00,    4.0414436473E+02
    215700,      0.676968,CP4_after_advection,   1,    0.0000000000E+00,    4.0415838171E+02,    4.0415838171E+02,    0.0000000000E+00,    0.0000000000E+00,    0.0000000000E+00,    4.0415838171E+02
    215700,      0.676968,CP5_after_vdif,   1,    0.0000000000E+00,    4.0415838171E+02,    4.0415838171E+02,    0.0000000000E+00,    0.0000000000E+00,    0.0000000000E+00,    4.0415838171E+02
    215700,      0.676968,CP6_after_kinetics,   1,    0.0000000000E+00,    4.0415838171E+02,    4.0415838171E+02,    0.0000000000E+00,    0.0000000000E+00,    0.0000000000E+00,    4.0415838171E+02
    215700,      0.676968,CP7_after_upper_clamp,   1,    0.0000000000E+00,    4.0415838171E+02,    4.0415838171E+02,    0.0000000000E+00,    0.0000000000E+00,    0.0000000000E+00,    4.0415838171E+02
    215700,      0.676968,CP8_after_OBC,   1,    0.0000000000E+00,    4.0415838171E+02,    4.0415838171E+02,    0.0000000000E+00,    0.0000000000E+00,    0.0000000000E+00,    4.0415838171E+02
    215700,      0.676968,CP9_after_PTsource,   1,    0.0000000000E+00,    4.0415838171E+02,    4.0415838171E+02,    0.0000000000E+00,    0.0000000000E+00,    0.0000000000E+00,    4.0415838171E+02
    215700,      0.676968,CP10_after_neg_clamp,   1,    0.0000000000E+00,    4.0415838171E+02,    4.0415838171E+02,    0.0000000000E+00,    0.0000000000E+00,    0.0000000000E+00,    4.0415838171E+02
    215700,      0.676968,CP11_after_MPI,   1,    0.0000000000E+00,    4.0415838171E+02,    4.0415838171E+02,    0.0000000000E+00,    0.0000000000E+00,    0.0000000000E+00,    4.0415838171E+02
    215700,      0.676968,CP12_end,   1,    0.0000000000E+00,    4.0415838171E+02,    4.0415838171E+02,    0.0000000000E+00,    0.0000000000E+00,    0.0000000000E+00,    4.0415838171E+02
    215750,      0.676968,CP0_start,   1,    0.0000000000E+00,    4.0435722556E+02,    4.0435722556E+02,    0.0000000000E+00,    0.0000000000E+00,    0.0000000000E+00,    4.0435722556E+02
    215750,      0.676968,CP1_after_deposition,   1,    0.0000000000E+00,    4.0435722556E+02,    4.0435722556E+02,    0.0000000000E+00,    0.0000000000E+00,    0.0000000000E+00,    4.0435722556E+02
    215750,      0.676968,CP2_after_erosion,   1,    0.0000000000E+00,    4.0435722556E+02,    4.0435722556E+02,    0.0000000000E+00,    0.0000000000E+00,    0.0000000000E+00,    4.0435722556E+02
    215750,      0.676968,CP3_after_update_bottom,   1,    0.0000000000E+00,    4.0435722556E+02,    4.0435722556E+02,    0.0000000000E+00,    0.0000000000E+00,    0.0000000000E+00,    4.0435722556E+02
    215750,      0.676968,CP4_after_advection,   1,    0.0000000000E+00,    4.0437121253E+02,    4.0437121253E+02,    0.0000000000E+00,    0.0000000000E+00,    0.0000000000E+00,    4.0437121253E+02
    215750,      0.676968,CP5_after_vdif,   1,    0.0000000000E+00,    4.0437121253E+02,    4.0437121253E+02,    0.0000000000E+00,    0.0000000000E+00,    0.0000000000E+00,    4.0437121253E+02
    215750,      0.676968,CP6_after_kinetics,   1,    0.0000000000E+00,    4.0437121253E+02,    4.0437121253E+02,    0.0000000000E+00,    0.0000000000E+00,    0.0000000000E+00,    4.0437121253E+02
    215750,      0.676968,CP7_after_upper_clamp,   1,    0.0000000000E+00,    4.0437121253E+02,    4.0437121253E+02,    0.0000000000E+00,    0.0000000000E+00,    0.0000000000E+00,    4.0437121253E+02
    215750,      0.676968,CP8_after_OBC,   1,    0.0000000000E+00,    4.0437121253E+02,    4.0437121253E+02,    0.0000000000E+00,    0.0000000000E+00,    0.0000000000E+00,    4.0437121253E+02
    215750,      0.676968,CP9_after_PTsource,   1,    0.0000000000E+00,    4.0437121253E+02,    4.0437121253E+02,    0.0000000000E+00,    0.0000000000E+00,    0.0000000000E+00,    4.0437121253E+02
    215750,      0.676968,CP10_after_neg_clamp,   1,    0.0000000000E+00,    4.0437121253E+02,    4.0437121253E+02,    0.0000000000E+00,    0.0000000000E+00,    0.0000000000E+00,    4.0437121253E+02
    215750,      0.676968,CP11_after_MPI,   1,    0.0000000000E+00,    4.0437121253E+02,    4.0437121253E+02,    0.0000000000E+00,    0.0000000000E+00,    0.0000000000E+00,    4.0437121253E+02
    215750,      0.676968,CP12_end,   1,    0.0000000000E+00,    4.0437121253E+02,    4.0437121253E+02,    0.0000000000E+00,    0.0000000000E+00,    0.0000000000E+00,    4.0437121253E+02
    215800,      0.676968,CP0_start,   1,    0.0000000000E+00,    4.0457000963E+02,    4.0457000963E+02,    0.0000000000E+00,    0.0000000000E+00,    0.0000000000E+00,    4.0457000963E+02
    215800,      0.676968,CP1_after_deposition,   1,    0.0000000000E+00,    4.0457000963E+02,    4.0457000963E+02,    0.0000000000E+00,    0.0000000000E+00,    0.0000000000E+00,    4.0457000963E+02
    215800,      0.676968,CP2_after_erosion,   1,    0.0000000000E+00,    4.0457000963E+02,    4.0457000963E+02,    0.0000000000E+00,    0.0000000000E+00,    0.0000000000E+00,    4.0457000963E+02
    215800,      0.676968,CP3_after_update_bottom,   1,    0.0000000000E+00,    4.0457000963E+02,    4.0457000963E+02,    0.0000000000E+00,    0.0000000000E+00,    0.0000000000E+00,    4.0457000963E+02
    215800,      0.676968,CP4_after_advection,   1,    0.0000000000E+00,    4.0458396558E+02,    4.0458396558E+02,    0.0000000000E+00,    0.0000000000E+00,    0.0000000000E+00,    4.0458396558E+02
    215800,      0.676968,CP5_after_vdif,   1,    0.0000000000E+00,    4.0458396558E+02,    4.0458396558E+02,    0.0000000000E+00,    0.0000000000E+00,    0.0000000000E+00,    4.0458396558E+02
    215800,      0.676968,CP6_after_kinetics,   1,    0.0000000000E+00,    4.0458396558E+02,    4.0458396558E+02,    0.0000000000E+00,    0.0000000000E+00,    0.0000000000E+00,    4.0458396558E+02
    215800,      0.676968,CP7_after_upper_clamp,   1,    0.0000000000E+00,    4.0458396558E+02,    4.0458396558E+02,    0.0000000000E+00,    0.0000000000E+00,    0.0000000000E+00,    4.0458396558E+02
    215800,      0.676968,CP8_after_OBC,   1,    0.0000000000E+00,    4.0458396558E+02,    4.0458396558E+02,    0.0000000000E+00,    0.0000000000E+00,    0.0000000000E+00,    4.0458396558E+02
    215800,      0.676968,CP9_after_PTsource,   1,    0.0000000000E+00,    4.0458396558E+02,    4.0458396558E+02,    0.0000000000E+00,    0.0000000000E+00,    0.0000000000E+00,    4.0458396558E+02
    215800,      0.676968,CP10_after_neg_clamp,   1,    0.0000000000E+00,    4.0458396558E+02,    4.0458396558E+02,    0.0000000000E+00,    0.0000000000E+00,    0.0000000000E+00,    4.0458396558E+02
    215800,      0.676968,CP11_after_MPI,   1,    0.0000000000E+00,    4.0458396558E+02,    4.0458396558E+02,    0.0000000000E+00,    0.0000000000E+00,    0.0000000000E+00,    4.0458396558E+02
    215800,      0.676968,CP12_end,   1,    0.0000000000E+00,    4.0458396558E+02,    4.0458396558E+02,    0.0000000000E+00,    0.0000000000E+00,    0.0000000000E+00,    4.0458396558E+02
    215850,      0.676968,CP0_start,   1,    0.0000000000E+00,    4.0478265813E+02,    4.0478265813E+02,    0.0000000000E+00,    0.0000000000E+00,    0.0000000000E+00,    4.0478265813E+02
    215850,      0.676968,CP1_after_deposition,   1,    0.0000000000E+00,    4.0478265813E+02,    4.0478265813E+02,    0.0000000000E+00,    0.0000000000E+00,    0.0000000000E+00,    4.0478265813E+02
    215850,      0.676968,CP2_after_erosion,   1,    0.0000000000E+00,    4.0478265813E+02,    4.0478265813E+02,    0.0000000000E+00,    0.0000000000E+00,    0.0000000000E+00,    4.0478265813E+02
    215850,      0.676968,CP3_after_update_bottom,   1,    0.0000000000E+00,    4.0478265813E+02,    4.0478265813E+02,    0.0000000000E+00,    0.0000000000E+00,    0.0000000000E+00,    4.0478265813E+02
    215850,      0.676968,CP4_after_advection,   1,    0.0000000000E+00,    4.0479658034E+02,    4.0479658034E+02,    0.0000000000E+00,    0.0000000000E+00,    0.0000000000E+00,    4.0479658034E+02
    215850,      0.676968,CP5_after_vdif,   1,    0.0000000000E+00,    4.0479658034E+02,    4.0479658034E+02,    0.0000000000E+00,    0.0000000000E+00,    0.0000000000E+00,    4.0479658034E+02
    215850,      0.676968,CP6_after_kinetics,   1,    0.0000000000E+00,    4.0479658034E+02,    4.0479658034E+02,    0.0000000000E+00,    0.0000000000E+00,    0.0000000000E+00,    4.0479658034E+02
    215850,      0.676968,CP7_after_upper_clamp,   1,    0.0000000000E+00,    4.0479658034E+02,    4.0479658034E+02,    0.0000000000E+00,    0.0000000000E+00,    0.0000000000E+00,    4.0479658034E+02
    215850,      0.676968,CP8_after_OBC,   1,    0.0000000000E+00,    4.0479658034E+02,    4.0479658034E+02,    0.0000000000E+00,    0.0000000000E+00,    0.0000000000E+00,    4.0479658034E+02
    215850,      0.676968,CP9_after_PTsource,   1,    0.0000000000E+00,    4.0479658034E+02,    4.0479658034E+02,    0.0000000000E+00,    0.0000000000E+00,    0.0000000000E+00,    4.0479658034E+02
    215850,      0.676968,CP10_after_neg_clamp,   1,    0.0000000000E+00,    4.0479658034E+02,    4.0479658034E+02,    0.0000000000E+00,    0.0000000000E+00,    0.0000000000E+00,    4.0479658034E+02
    215850,      0.676968,CP11_after_MPI,   1,    0.0000000000E+00,    4.0479658034E+02,    4.0479658034E+02,    0.0000000000E+00,    0.0000000000E+00,    0.0000000000E+00,    4.0479658034E+02
    215850,      0.676968,CP12_end,   1,    0.0000000000E+00,    4.0479658034E+02,    4.0479658034E+02,    0.0000000000E+00,    0.0000000000E+00,    0.0000000000E+00,    4.0479658034E+02
    215900,      0.676968,CP0_start,   1,    0.0000000000E+00,    4.0499512552E+02,    4.0499512552E+02,    0.0000000000E+00,    0.0000000000E+00,    0.0000000000E+00,    4.0499512552E+02
    215900,      0.676968,CP1_after_deposition,   1,    0.0000000000E+00,    4.0499512552E+02,    4.0499512552E+02,    0.0000000000E+00,    0.0000000000E+00,    0.0000000000E+00,    4.0499512552E+02
    215900,      0.676968,CP2_after_erosion,   1,    0.0000000000E+00,    4.0499512552E+02,    4.0499512552E+02,    0.0000000000E+00,    0.0000000000E+00,    0.0000000000E+00,    4.0499512552E+02
    215900,      0.676968,CP3_after_update_bottom,   1,    0.0000000000E+00,    4.0499512552E+02,    4.0499512552E+02,    0.0000000000E+00,    0.0000000000E+00,    0.0000000000E+00,    4.0499512552E+02
    215900,      0.676968,CP4_after_advection,   1,    0.0000000000E+00,    4.0500900781E+02,    4.0500900781E+02,    0.0000000000E+00,    0.0000000000E+00,    0.0000000000E+00,    4.0500900781E+02
    215900,      0.676968,CP5_after_vdif,   1,    0.0000000000E+00,    4.0500900781E+02,    4.0500900781E+02,    0.0000000000E+00,    0.0000000000E+00,    0.0000000000E+00,    4.0500900781E+02
    215900,      0.676968,CP6_after_kinetics,   1,    0.0000000000E+00,    4.0500900781E+02,    4.0500900781E+02,    0.0000000000E+00,    0.0000000000E+00,    0.0000000000E+00,    4.0500900781E+02
    215900,      0.676968,CP7_after_upper_clamp,   1,    0.0000000000E+00,    4.0500900781E+02,    4.0500900781E+02,    0.0000000000E+00,    0.0000000000E+00,    0.0000000000E+00,    4.0500900781E+02
    215900,      0.676968,CP8_after_OBC,   1,    0.0000000000E+00,    4.0500900781E+02,    4.0500900781E+02,    0.0000000000E+00,    0.0000000000E+00,    0.0000000000E+00,    4.0500900781E+02
    215900,      0.676968,CP9_after_PTsource,   1,    0.0000000000E+00,    4.0500900781E+02,    4.0500900781E+02,    0.0000000000E+00,    0.0000000000E+00,    0.0000000000E+00,    4.0500900781E+02
    215900,      0.676968,CP10_after_neg_clamp,   1,    0.0000000000E+00,    4.0500900781E+02,    4.0500900781E+02,    0.0000000000E+00,    0.0000000000E+00,    0.0000000000E+00,    4.0500900781E+02
    215900,      0.676968,CP11_after_MPI,   1,    0.0000000000E+00,    4.0500900781E+02,    4.0500900781E+02,    0.0000000000E+00,    0.0000000000E+00,    0.0000000000E+00,    4.0500900781E+02
    215900,      0.676968,CP12_end,   1,    0.0000000000E+00,    4.0500900781E+02,    4.0500900781E+02,    0.0000000000E+00,    0.0000000000E+00,    0.0000000000E+00,    4.0500900781E+02
    215950,      0.676968,CP0_start,   1,    0.0000000000E+00,    4.0520738910E+02,    4.0520738910E+02,    0.0000000000E+00,    0.0000000000E+00,    0.0000000000E+00,    4.0520738910E+02
    215950,      0.676968,CP1_after_deposition,   1,    0.0000000000E+00,    4.0520738910E+02,    4.0520738910E+02,    0.0000000000E+00,    0.0000000000E+00,    0.0000000000E+00,    4.0520738910E+02
    215950,      0.676968,CP2_after_erosion,   1,    0.0000000000E+00,    4.0520738910E+02,    4.0520738910E+02,    0.0000000000E+00,    0.0000000000E+00,    0.0000000000E+00,    4.0520738910E+02
    215950,      0.676968,CP3_after_update_bottom,   1,    0.0000000000E+00,    4.0520738910E+02,    4.0520738910E+02,    0.0000000000E+00,    0.0000000000E+00,    0.0000000000E+00,    4.0520738910E+02
    215950,      0.676968,CP4_after_advection,   1,    0.0000000000E+00,    4.0522123742E+02,    4.0522123742E+02,    0.0000000000E+00,    0.0000000000E+00,    0.0000000000E+00,    4.0522123742E+02
    215950,      0.676968,CP5_after_vdif,   1,    0.0000000000E+00,    4.0522123742E+02,    4.0522123742E+02,    0.0000000000E+00,    0.0000000000E+00,    0.0000000000E+00,    4.0522123742E+02
    215950,      0.676968,CP6_after_kinetics,   1,    0.0000000000E+00,    4.0522123742E+02,    4.0522123742E+02,    0.0000000000E+00,    0.0000000000E+00,    0.0000000000E+00,    4.0522123742E+02
    215950,      0.676968,CP7_after_upper_clamp,   1,    0.0000000000E+00,    4.0522123742E+02,    4.0522123742E+02,    0.0000000000E+00,    0.0000000000E+00,    0.0000000000E+00,    4.0522123742E+02
    215950,      0.676968,CP8_after_OBC,   1,    0.0000000000E+00,    4.0522123742E+02,    4.0522123742E+02,    0.0000000000E+00,    0.0000000000E+00,    0.0000000000E+00,    4.0522123742E+02
    215950,      0.676968,CP9_after_PTsource,   1,    0.0000000000E+00,    4.0522123742E+02,    4.0522123742E+02,    0.0000000000E+00,    0.0000000000E+00,    0.0000000000E+00,    4.0522123742E+02
    215950,      0.676968,CP10_after_neg_clamp,   1,    0.0000000000E+00,    4.0522123742E+02,    4.0522123742E+02,    0.0000000000E+00,    0.0000000000E+00,    0.0000000000E+00,    4.0522123742E+02
    215950,      0.676968,CP11_after_MPI,   1,    0.0000000000E+00,    4.0522123742E+02,    4.0522123742E+02,    0.0000000000E+00,    0.0000000000E+00,    0.0000000000E+00,    4.0522123742E+02
    215950,      0.676968,CP12_end,   1,    0.0000000000E+00,    4.0522123742E+02,    4.0522123742E+02,    0.0000000000E+00,    0.0000000000E+00,    0.0000000000E+00,    4.0522123742E+02
    216000,      0.676968,CP0_start,   1,    0.0000000000E+00,    4.0541962543E+02,    4.0541962543E+02,    0.0000000000E+00,    0.0000000000E+00,    0.0000000000E+00,    4.0541962543E+02
    216000,      0.676968,CP1_after_deposition,   1,    0.0000000000E+00,    4.0541962543E+02,    4.0541962543E+02,    0.0000000000E+00,    0.0000000000E+00,    0.0000000000E+00,    4.0541962543E+02
    216000,      0.676968,CP2_after_erosion,   1,    0.0000000000E+00,    4.0541962543E+02,    4.0541962543E+02,    0.0000000000E+00,    0.0000000000E+00,    0.0000000000E+00,    4.0541962543E+02
    216000,      0.676968,CP3_after_update_bottom,   1,    0.0000000000E+00,    4.0541962543E+02,    4.0541962543E+02,    0.0000000000E+00,    0.0000000000E+00,    0.0000000000E+00,    4.0541962543E+02
    216000,      0.676968,CP4_after_advection,   1,    0.0000000000E+00,    4.0543344975E+02,    4.0543344975E+02,    0.0000000000E+00,    0.0000000000E+00,    0.0000000000E+00,    4.0543344975E+02
    216000,      0.676968,CP5_after_vdif,   1,    0.0000000000E+00,    4.0543344975E+02,    4.0543344975E+02,    0.0000000000E+00,    0.0000000000E+00,    0.0000000000E+00,    4.0543344975E+02
    216000,      0.676968,CP6_after_kinetics,   1,    0.0000000000E+00,    4.0543344975E+02,    4.0543344975E+02,    0.0000000000E+00,    0.0000000000E+00,    0.0000000000E+00,    4.0543344975E+02
    216000,      0.676968,CP7_after_upper_clamp,   1,    0.0000000000E+00,    4.0543344975E+02,    4.0543344975E+02,    0.0000000000E+00,    0.0000000000E+00,    0.0000000000E+00,    4.0543344975E+02
    216000,      0.676968,CP8_after_OBC,   1,    0.0000000000E+00,    4.0543344975E+02,    4.0543344975E+02,    0.0000000000E+00,    0.0000000000E+00,    0.0000000000E+00,    4.0543344975E+02
    216000,      0.676968,CP9_after_PTsource,   1,    0.0000000000E+00,    4.0543344975E+02,    4.0543344975E+02,    0.0000000000E+00,    0.0000000000E+00,    0.0000000000E+00,    4.0543344975E+02
    216000,      0.676968,CP10_after_neg_clamp,   1,    0.0000000000E+00,    4.0543344975E+02,    4.0543344975E+02,    0.0000000000E+00,    0.0000000000E+00,    0.0000000000E+00,    4.0543344975E+02
    216000,      0.676968,CP11_after_MPI,   1,    0.0000000000E+00,    4.0543344975E+02,    4.0543344975E+02,    0.0000000000E+00,    0.0000000000E+00,    0.0000000000E+00,    4.0543344975E+02
    216000,      0.676968,CP12_end,   1,    0.0000000000E+00,    4.0543344975E+02,    4.0543344975E+02,    0.0000000000E+00,    0.0000000000E+00,    0.0000000000E+00,    4.0543344975E+02
    216050,      0.676968,CP0_start,   1,    0.0000000000E+00,    4.0563200876E+02,    4.0563200876E+02,    0.0000000000E+00,    0.0000000000E+00,    0.0000000000E+00,    4.0563200876E+02
    216050,      0.676968,CP1_after_deposition,   1,    0.0000000000E+00,    4.0563200876E+02,    4.0563200876E+02,    0.0000000000E+00,    0.0000000000E+00,    0.0000000000E+00,    4.0563200876E+02
    216050,      0.676968,CP2_after_erosion,   1,    0.0000000000E+00,    4.0563200876E+02,    4.0563200876E+02,    0.0000000000E+00,    0.0000000000E+00,    0.0000000000E+00,    4.0563200876E+02
    216050,      0.676968,CP3_after_update_bottom,   1,    0.0000000000E+00,    4.0563200876E+02,    4.0563200876E+02,    0.0000000000E+00,    0.0000000000E+00,    0.0000000000E+00,    4.0563200876E+02
    216050,      0.676968,CP4_after_advection,   1,    0.0000000000E+00,    4.0564581217E+02,    4.0564581217E+02,    0.0000000000E+00,    0.0000000000E+00,    0.0000000000E+00,    4.0564581217E+02
    216050,      0.676968,CP5_after_vdif,   1,    0.0000000000E+00,    4.0564581217E+02,    4.0564581217E+02,    0.0000000000E+00,    0.0000000000E+00,    0.0000000000E+00,    4.0564581217E+02
    216050,      0.676968,CP6_after_kinetics,   1,    0.0000000000E+00,    4.0564581217E+02,    4.0564581217E+02,    0.0000000000E+00,    0.0000000000E+00,    0.0000000000E+00,    4.0564581217E+02
    216050,      0.676968,CP7_after_upper_clamp,   1,    0.0000000000E+00,    4.0564581217E+02,    4.0564581217E+02,    0.0000000000E+00,    0.0000000000E+00,    0.0000000000E+00,    4.0564581217E+02
    216050,      0.676968,CP8_after_OBC,   1,    0.0000000000E+00,    4.0564581217E+02,    4.0564581217E+02,    0.0000000000E+00,    0.0000000000E+00,    0.0000000000E+00,    4.0564581217E+02
    216050,      0.676968,CP9_after_PTsource,   1,    0.0000000000E+00,    4.0564581217E+02,    4.0564581217E+02,    0.0000000000E+00,    0.0000000000E+00,    0.0000000000E+00,    4.0564581217E+02
    216050,      0.676968,CP10_after_neg_clamp,   1,    0.0000000000E+00,    4.0564581217E+02,    4.0564581217E+02,    0.0000000000E+00,    0.0000000000E+00,    0.0000000000E+00,    4.0564581217E+02
    216050,      0.676968,CP11_after_MPI,   1,    0.0000000000E+00,    4.0564581217E+02,    4.0564581217E+02,    0.0000000000E+00,    0.0000000000E+00,    0.0000000000E+00,    4.0564581217E+02
    216050,      0.676968,CP12_end,   1,    0.0000000000E+00,    4.0564581217E+02,    4.0564581217E+02,    0.0000000000E+00,    0.0000000000E+00,    0.0000000000E+00,    4.0564581217E+02
    216100,      0.676968,CP0_start,   1,    0.0000000000E+00,    4.0584472940E+02,    4.0584472940E+02,    0.0000000000E+00,    0.0000000000E+00,    0.0000000000E+00,    4.0584472940E+02
    216100,      0.676968,CP1_after_deposition,   1,    0.0000000000E+00,    4.0584472940E+02,    4.0584472940E+02,    0.0000000000E+00,    0.0000000000E+00,    0.0000000000E+00,    4.0584472940E+02
    216100,      0.676968,CP2_after_erosion,   1,    0.0000000000E+00,    4.0584472940E+02,    4.0584472940E+02,    0.0000000000E+00,    0.0000000000E+00,    0.0000000000E+00,    4.0584472940E+02
    216100,      0.676968,CP3_after_update_bottom,   1,    0.0000000000E+00,    4.0584472940E+02,    4.0584472940E+02,    0.0000000000E+00,    0.0000000000E+00,    0.0000000000E+00,    4.0584472940E+02
    216100,      0.676968,CP4_after_advection,   1,    0.0000000000E+00,    4.0585850192E+02,    4.0585850192E+02,    0.0000000000E+00,    0.0000000000E+00,    0.0000000000E+00,    4.0585850192E+02
    216100,      0.676968,CP5_after_vdif,   1,    0.0000000000E+00,    4.0585850192E+02,    4.0585850192E+02,    0.0000000000E+00,    0.0000000000E+00,    0.0000000000E+00,    4.0585850192E+02
    216100,      0.676968,CP6_after_kinetics,   1,    0.0000000000E+00,    4.0585850192E+02,    4.0585850192E+02,    0.0000000000E+00,    0.0000000000E+00,    0.0000000000E+00,    4.0585850192E+02
    216100,      0.676968,CP7_after_upper_clamp,   1,    0.0000000000E+00,    4.0585850192E+02,    4.0585850192E+02,    0.0000000000E+00,    0.0000000000E+00,    0.0000000000E+00,    4.0585850192E+02
    216100,      0.676968,CP8_after_OBC,   1,    0.0000000000E+00,    4.0585850192E+02,    4.0585850192E+02,    0.0000000000E+00,    0.0000000000E+00,    0.0000000000E+00,    4.0585850192E+02
    216100,      0.676968,CP9_after_PTsource,   1,    0.0000000000E+00,    4.0585850192E+02,    4.0585850192E+02,    0.0000000000E+00,    0.0000000000E+00,    0.0000000000E+00,    4.0585850192E+02
    216100,      0.676968,CP10_after_neg_clamp,   1,    0.0000000000E+00,    4.0585850192E+02,    4.0585850192E+02,    0.0000000000E+00,    0.0000000000E+00,    0.0000000000E+00,    4.0585850192E+02
    216100,      0.676968,CP11_after_MPI,   1,    0.0000000000E+00,    4.0585850192E+02,    4.0585850192E+02,    0.0000000000E+00,    0.0000000000E+00,    0.0000000000E+00,    4.0585850192E+02
    216100,      0.676968,CP12_end,   1,    0.0000000000E+00,    4.0585850192E+02,    4.0585850192E+02,    0.0000000000E+00,    0.0000000000E+00,    0.0000000000E+00,    4.0585850192E+02
    216150,      0.676968,CP0_start,   1,    0.0000000000E+00,    4.0605792812E+02,    4.0605792812E+02,    0.0000000000E+00,    0.0000000000E+00,    0.0000000000E+00,    4.0605792812E+02
    216150,      0.676968,CP1_after_deposition,   1,    0.0000000000E+00,    4.0605792812E+02,    4.0605792812E+02,    0.0000000000E+00,    0.0000000000E+00,    0.0000000000E+00,    4.0605792812E+02
    216150,      0.676968,CP2_after_erosion,   1,    0.0000000000E+00,    4.0605792812E+02,    4.0605792812E+02,    0.0000000000E+00,    0.0000000000E+00,    0.0000000000E+00,    4.0605792812E+02
    216150,      0.676968,CP3_after_update_bottom,   1,    0.0000000000E+00,    4.0605792812E+02,    4.0605792812E+02,    0.0000000000E+00,    0.0000000000E+00,    0.0000000000E+00,    4.0605792812E+02
    216150,      0.676968,CP4_after_advection,   1,    0.0000000000E+00,    4.0607167829E+02,    4.0607167829E+02,    0.0000000000E+00,    0.0000000000E+00,    0.0000000000E+00,    4.0607167829E+02
    216150,      0.676968,CP5_after_vdif,   1,    0.0000000000E+00,    4.0607167829E+02,    4.0607167829E+02,    0.0000000000E+00,    0.0000000000E+00,    0.0000000000E+00,    4.0607167829E+02
    216150,      0.676968,CP6_after_kinetics,   1,    0.0000000000E+00,    4.0607167829E+02,    4.0607167829E+02,    0.0000000000E+00,    0.0000000000E+00,    0.0000000000E+00,    4.0607167829E+02
    216150,      0.676968,CP7_after_upper_clamp,   1,    0.0000000000E+00,    4.0607167829E+02,    4.0607167829E+02,    0.0000000000E+00,    0.0000000000E+00,    0.0000000000E+00,    4.0607167829E+02
    216150,      0.676968,CP8_after_OBC,   1,    0.0000000000E+00,    4.0607167829E+02,    4.0607167829E+02,    0.0000000000E+00,    0.0000000000E+00,    0.0000000000E+00,    4.0607167829E+02
    216150,      0.676968,CP9_after_PTsource,   1,    0.0000000000E+00,    4.0607167829E+02,    4.0607167829E+02,    0.0000000000E+00,    0.0000000000E+00,    0.0000000000E+00,    4.0607167829E+02
    216150,      0.676968,CP10_after_neg_clamp,   1,    0.0000000000E+00,    4.0607167829E+02,    4.0607167829E+02,    0.0000000000E+00,    0.0000000000E+00,    0.0000000000E+00,    4.0607167829E+02
    216150,      0.676968,CP11_after_MPI,   1,    0.0000000000E+00,    4.0607167829E+02,    4.0607167829E+02,    0.0000000000E+00,    0.0000000000E+00,    0.0000000000E+00,    4.0607167829E+02
    216150,      0.676968,CP12_end,   1,    0.0000000000E+00,    4.0607167829E+02,    4.0607167829E+02,    0.0000000000E+00,    0.0000000000E+00,    0.0000000000E+00,    4.0607167829E+02
    216200,      0.676968,CP0_start,   1,    0.0000000000E+00,    4.0627168619E+02,    4.0627168619E+02,    0.0000000000E+00,    0.0000000000E+00,    0.0000000000E+00,    4.0627168619E+02
    216200,      0.676968,CP1_after_deposition,   1,    0.0000000000E+00,    4.0627168619E+02,    4.0627168619E+02,    0.0000000000E+00,    0.0000000000E+00,    0.0000000000E+00,    4.0627168619E+02
    216200,      0.676968,CP2_after_erosion,   1,    0.0000000000E+00,    4.0627168619E+02,    4.0627168619E+02,    0.0000000000E+00,    0.0000000000E+00,    0.0000000000E+00,    4.0627168619E+02
    216200,      0.676968,CP3_after_update_bottom,   1,    0.0000000000E+00,    4.0627168619E+02,    4.0627168619E+02,    0.0000000000E+00,    0.0000000000E+00,    0.0000000000E+00,    4.0627168619E+02
    216200,      0.676968,CP4_after_advection,   1,    0.0000000000E+00,    4.0628542486E+02,    4.0628542486E+02,    0.0000000000E+00,    0.0000000000E+00,    0.0000000000E+00,    4.0628542486E+02
    216200,      0.676968,CP5_after_vdif,   1,    0.0000000000E+00,    4.0628542486E+02,    4.0628542486E+02,    0.0000000000E+00,    0.0000000000E+00,    0.0000000000E+00,    4.0628542486E+02
    216200,      0.676968,CP6_after_kinetics,   1,    0.0000000000E+00,    4.0628542486E+02,    4.0628542486E+02,    0.0000000000E+00,    0.0000000000E+00,    0.0000000000E+00,    4.0628542486E+02
    216200,      0.676968,CP7_after_upper_clamp,   1,    0.0000000000E+00,    4.0628542486E+02,    4.0628542486E+02,    0.0000000000E+00,    0.0000000000E+00,    0.0000000000E+00,    4.0628542486E+02
    216200,      0.676968,CP8_after_OBC,   1,    0.0000000000E+00,    4.0628542486E+02,    4.0628542486E+02,    0.0000000000E+00,    0.0000000000E+00,    0.0000000000E+00,    4.0628542486E+02
    216200,      0.676968,CP9_after_PTsource,   1,    0.0000000000E+00,    4.0628542486E+02,    4.0628542486E+02,    0.0000000000E+00,    0.0000000000E+00,    0.0000000000E+00,    4.0628542486E+02
    216200,      0.676968,CP10_after_neg_clamp,   1,    0.0000000000E+00,    4.0628542486E+02,    4.0628542486E+02,    0.0000000000E+00,    0.0000000000E+00,    0.0000000000E+00,    4.0628542486E+02
    216200,      0.676968,CP11_after_MPI,   1,    0.0000000000E+00,    4.0628542486E+02,    4.0628542486E+02,    0.0000000000E+00,    0.0000000000E+00,    0.0000000000E+00,    4.0628542486E+02
    216200,      0.676968,CP12_end,   1,    0.0000000000E+00,    4.0628542486E+02,    4.0628542486E+02,    0.0000000000E+00,    0.0000000000E+00,    0.0000000000E+00,    4.0628542486E+02
    216250,      0.676968,CP0_start,   1,    0.0000000000E+00,    4.0648592512E+02,    4.0648592512E+02,    0.0000000000E+00,    0.0000000000E+00,    0.0000000000E+00,    4.0648592512E+02
    216250,      0.676968,CP1_after_deposition,   1,    0.0000000000E+00,    4.0648592512E+02,    4.0648592512E+02,    0.0000000000E+00,    0.0000000000E+00,    0.0000000000E+00,    4.0648592512E+02
    216250,      0.676968,CP2_after_erosion,   1,    0.0000000000E+00,    4.0648592512E+02,    4.0648592512E+02,    0.0000000000E+00,    0.0000000000E+00,    0.0000000000E+00,    4.0648592512E+02
    216250,      0.676968,CP3_after_update_bottom,   1,    0.0000000000E+00,    4.0648592512E+02,    4.0648592512E+02,    0.0000000000E+00,    0.0000000000E+00,    0.0000000000E+00,    4.0648592512E+02
    216250,      0.676968,CP4_after_advection,   1,    0.0000000000E+00,    4.0649964033E+02,    4.0649964033E+02,    0.0000000000E+00,    0.0000000000E+00,    0.0000000000E+00,    4.0649964033E+02
    216250,      0.676968,CP5_after_vdif,   1,    0.0000000000E+00,    4.0649964033E+02,    4.0649964033E+02,    0.0000000000E+00,    0.0000000000E+00,    0.0000000000E+00,    4.0649964033E+02
    216250,      0.676968,CP6_after_kinetics,   1,    0.0000000000E+00,    4.0649964033E+02,    4.0649964033E+02,    0.0000000000E+00,    0.0000000000E+00,    0.0000000000E+00,    4.0649964033E+02
    216250,      0.676968,CP7_after_upper_clamp,   1,    0.0000000000E+00,    4.0649964033E+02,    4.0649964033E+02,    0.0000000000E+00,    0.0000000000E+00,    0.0000000000E+00,    4.0649964033E+02
    216250,      0.676968,CP8_after_OBC,   1,    0.0000000000E+00,    4.0649964033E+02,    4.0649964033E+02,    0.0000000000E+00,    0.0000000000E+00,    0.0000000000E+00,    4.0649964033E+02
    216250,      0.676968,CP9_after_PTsource,   1,    0.0000000000E+00,    4.0649964033E+02,    4.0649964033E+02,    0.0000000000E+00,    0.0000000000E+00,    0.0000000000E+00,    4.0649964033E+02
    216250,      0.676968,CP10_after_neg_clamp,   1,    0.0000000000E+00,    4.0649964033E+02,    4.0649964033E+02,    0.0000000000E+00,    0.0000000000E+00,    0.0000000000E+00,    4.0649964033E+02
    216250,      0.676968,CP11_after_MPI,   1,    0.0000000000E+00,    4.0649964033E+02,    4.0649964033E+02,    0.0000000000E+00,    0.0000000000E+00,    0.0000000000E+00,    4.0649964033E+02
    216250,      0.676968,CP12_end,   1,    0.0000000000E+00,    4.0649964033E+02,    4.0649964033E+02,    0.0000000000E+00,    0.0000000000E+00,    0.0000000000E+00,    4.0649964033E+02
    216300,      0.676968,CP0_start,   1,    0.0000000000E+00,    4.0670037450E+02,    4.0670037450E+02,    0.0000000000E+00,    0.0000000000E+00,    0.0000000000E+00,    4.0670037450E+02
    216300,      0.676968,CP1_after_deposition,   1,    0.0000000000E+00,    4.0670037450E+02,    4.0670037450E+02,    0.0000000000E+00,    0.0000000000E+00,    0.0000000000E+00,    4.0670037450E+02
    216300,      0.676968,CP2_after_erosion,   1,    0.0000000000E+00,    4.0670037450E+02,    4.0670037450E+02,    0.0000000000E+00,    0.0000000000E+00,    0.0000000000E+00,    4.0670037450E+02
    216300,      0.676968,CP3_after_update_bottom,   1,    0.0000000000E+00,    4.0670037450E+02,    4.0670037450E+02,    0.0000000000E+00,    0.0000000000E+00,    0.0000000000E+00,    4.0670037450E+02
    216300,      0.676968,CP4_after_advection,   1,    0.0000000000E+00,    4.0671405886E+02,    4.0671405886E+02,    0.0000000000E+00,    0.0000000000E+00,    0.0000000000E+00,    4.0671405886E+02
    216300,      0.676968,CP5_after_vdif,   1,    0.0000000000E+00,    4.0671405886E+02,    4.0671405886E+02,    0.0000000000E+00,    0.0000000000E+00,    0.0000000000E+00,    4.0671405886E+02
    216300,      0.676968,CP6_after_kinetics,   1,    0.0000000000E+00,    4.0671405886E+02,    4.0671405886E+02,    0.0000000000E+00,    0.0000000000E+00,    0.0000000000E+00,    4.0671405886E+02
    216300,      0.676968,CP7_after_upper_clamp,   1,    0.0000000000E+00,    4.0671405886E+02,    4.0671405886E+02,    0.0000000000E+00,    0.0000000000E+00,    0.0000000000E+00,    4.0671405886E+02
    216300,      0.676968,CP8_after_OBC,   1,    0.0000000000E+00,    4.0671405886E+02,    4.0671405886E+02,    0.0000000000E+00,    0.0000000000E+00,    0.0000000000E+00,    4.0671405886E+02
    216300,      0.676968,CP9_after_PTsource,   1,    0.0000000000E+00,    4.0671405886E+02,    4.0671405886E+02,    0.0000000000E+00,    0.0000000000E+00,    0.0000000000E+00,    4.0671405886E+02
    216300,      0.676968,CP10_after_neg_clamp,   1,    0.0000000000E+00,    4.0671405886E+02,    4.0671405886E+02,    0.0000000000E+00,    0.0000000000E+00,    0.0000000000E+00,    4.0671405886E+02
    216300,      0.676968,CP11_after_MPI,   1,    0.0000000000E+00,    4.0671405886E+02,    4.0671405886E+02,    0.0000000000E+00,    0.0000000000E+00,    0.0000000000E+00,    4.0671405886E+02
    216300,      0.676968,CP12_end,   1,    0.0000000000E+00,    4.0671405886E+02,    4.0671405886E+02,    0.0000000000E+00,    0.0000000000E+00,    0.0000000000E+00,    4.0671405886E+02
    216350,      0.676968,CP0_start,   1,    0.0000000000E+00,    4.0691506594E+02,    4.0691506594E+02,    0.0000000000E+00,    0.0000000000E+00,    0.0000000000E+00,    4.0691506594E+02
    216350,      0.676968,CP1_after_deposition,   1,    0.0000000000E+00,    4.0691506594E+02,    4.0691506594E+02,    0.0000000000E+00,    0.0000000000E+00,    0.0000000000E+00,    4.0691506594E+02
    216350,      0.676968,CP2_after_erosion,   1,    0.0000000000E+00,    4.0691506594E+02,    4.0691506594E+02,    0.0000000000E+00,    0.0000000000E+00,    0.0000000000E+00,    4.0691506594E+02
    216350,      0.676968,CP3_after_update_bottom,   1,    0.0000000000E+00,    4.0691506594E+02,    4.0691506594E+02,    0.0000000000E+00,    0.0000000000E+00,    0.0000000000E+00,    4.0691506594E+02
    216350,      0.676968,CP4_after_advection,   1,    0.0000000000E+00,    4.0692871736E+02,    4.0692871736E+02,    0.0000000000E+00,    0.0000000000E+00,    0.0000000000E+00,    4.0692871736E+02
    216350,      0.676968,CP5_after_vdif,   1,    0.0000000000E+00,    4.0692871736E+02,    4.0692871736E+02,    0.0000000000E+00,    0.0000000000E+00,    0.0000000000E+00,    4.0692871736E+02
    216350,      0.676968,CP6_after_kinetics,   1,    0.0000000000E+00,    4.0692871736E+02,    4.0692871736E+02,    0.0000000000E+00,    0.0000000000E+00,    0.0000000000E+00,    4.0692871736E+02
    216350,      0.676968,CP7_after_upper_clamp,   1,    0.0000000000E+00,    4.0692871736E+02,    4.0692871736E+02,    0.0000000000E+00,    0.0000000000E+00,    0.0000000000E+00,    4.0692871736E+02
    216350,      0.676968,CP8_after_OBC,   1,    0.0000000000E+00,    4.0692871736E+02,    4.0692871736E+02,    0.0000000000E+00,    0.0000000000E+00,    0.0000000000E+00,    4.0692871736E+02
    216350,      0.676968,CP9_after_PTsource,   1,    0.0000000000E+00,    4.0692871736E+02,    4.0692871736E+02,    0.0000000000E+00,    0.0000000000E+00,    0.0000000000E+00,    4.0692871736E+02
    216350,      0.676968,CP10_after_neg_clamp,   1,    0.0000000000E+00,    4.0692871736E+02,    4.0692871736E+02,    0.0000000000E+00,    0.0000000000E+00,    0.0000000000E+00,    4.0692871736E+02
    216350,      0.676968,CP11_after_MPI,   1,    0.0000000000E+00,    4.0692871736E+02,    4.0692871736E+02,    0.0000000000E+00,    0.0000000000E+00,    0.0000000000E+00,    4.0692871736E+02
    216350,      0.676968,CP12_end,   1,    0.0000000000E+00,    4.0692871736E+02,    4.0692871736E+02,    0.0000000000E+00,    0.0000000000E+00,    0.0000000000E+00,    4.0692871736E+02
    216400,      0.676968,CP0_start,   1,    0.0000000000E+00,    4.0713012927E+02,    4.0713012927E+02,    0.0000000000E+00,    0.0000000000E+00,    0.0000000000E+00,    4.0713012927E+02
    216400,      0.676968,CP1_after_deposition,   1,    0.0000000000E+00,    4.0713012927E+02,    4.0713012927E+02,    0.0000000000E+00,    0.0000000000E+00,    0.0000000000E+00,    4.0713012927E+02
    216400,      0.676968,CP2_after_erosion,   1,    0.0000000000E+00,    4.0713012927E+02,    4.0713012927E+02,    0.0000000000E+00,    0.0000000000E+00,    0.0000000000E+00,    4.0713012927E+02
    216400,      0.676968,CP3_after_update_bottom,   1,    0.0000000000E+00,    4.0713012927E+02,    4.0713012927E+02,    0.0000000000E+00,    0.0000000000E+00,    0.0000000000E+00,    4.0713012927E+02
    216400,      0.676968,CP4_after_advection,   1,    0.0000000000E+00,    4.0714376020E+02,    4.0714376020E+02,    0.0000000000E+00,    0.0000000000E+00,    0.0000000000E+00,    4.0714376020E+02
    216400,      0.676968,CP5_after_vdif,   1,    0.0000000000E+00,    4.0714376020E+02,    4.0714376020E+02,    0.0000000000E+00,    0.0000000000E+00,    0.0000000000E+00,    4.0714376020E+02
    216400,      0.676968,CP6_after_kinetics,   1,    0.0000000000E+00,    4.0714376020E+02,    4.0714376020E+02,    0.0000000000E+00,    0.0000000000E+00,    0.0000000000E+00,    4.0714376020E+02
    216400,      0.676968,CP7_after_upper_clamp,   1,    0.0000000000E+00,    4.0714376020E+02,    4.0714376020E+02,    0.0000000000E+00,    0.0000000000E+00,    0.0000000000E+00,    4.0714376020E+02
    216400,      0.676968,CP8_after_OBC,   1,    0.0000000000E+00,    4.0714376020E+02,    4.0714376020E+02,    0.0000000000E+00,    0.0000000000E+00,    0.0000000000E+00,    4.0714376020E+02
    216400,      0.676968,CP9_after_PTsource,   1,    0.0000000000E+00,    4.0714376020E+02,    4.0714376020E+02,    0.0000000000E+00,    0.0000000000E+00,    0.0000000000E+00,    4.0714376020E+02
    216400,      0.676968,CP10_after_neg_clamp,   1,    0.0000000000E+00,    4.0714376020E+02,    4.0714376020E+02,    0.0000000000E+00,    0.0000000000E+00,    0.0000000000E+00,    4.0714376020E+02
    216400,      0.676968,CP11_after_MPI,   1,    0.0000000000E+00,    4.0714376020E+02,    4.0714376020E+02,    0.0000000000E+00,    0.0000000000E+00,    0.0000000000E+00,    4.0714376020E+02
    216400,      0.676968,CP12_end,   1,    0.0000000000E+00,    4.0714376020E+02,    4.0714376020E+02,    0.0000000000E+00,    0.0000000000E+00,    0.0000000000E+00,    4.0714376020E+02
    216450,      0.676968,CP0_start,   1,    0.0000000000E+00,    4.0734578860E+02,    4.0734578860E+02,    0.0000000000E+00,    0.0000000000E+00,    0.0000000000E+00,    4.0734578860E+02
    216450,      0.676968,CP1_after_deposition,   1,    0.0000000000E+00,    4.0734578860E+02,    4.0734578860E+02,    0.0000000000E+00,    0.0000000000E+00,    0.0000000000E+00,    4.0734578860E+02
    216450,      0.676968,CP2_after_erosion,   1,    0.0000000000E+00,    4.0734578860E+02,    4.0734578860E+02,    0.0000000000E+00,    0.0000000000E+00,    0.0000000000E+00,    4.0734578860E+02
    216450,      0.676968,CP3_after_update_bottom,   1,    0.0000000000E+00,    4.0734578860E+02,    4.0734578860E+02,    0.0000000000E+00,    0.0000000000E+00,    0.0000000000E+00,    4.0734578860E+02
    216450,      0.676968,CP4_after_advection,   1,    0.0000000000E+00,    4.0735940732E+02,    4.0735940732E+02,    0.0000000000E+00,    0.0000000000E+00,    0.0000000000E+00,    4.0735940732E+02
    216450,      0.676968,CP5_after_vdif,   1,    0.0000000000E+00,    4.0735940732E+02,    4.0735940732E+02,    0.0000000000E+00,    0.0000000000E+00,    0.0000000000E+00,    4.0735940732E+02
    216450,      0.676968,CP6_after_kinetics,   1,    0.0000000000E+00,    4.0735940732E+02,    4.0735940732E+02,    0.0000000000E+00,    0.0000000000E+00,    0.0000000000E+00,    4.0735940732E+02
    216450,      0.676968,CP7_after_upper_clamp,   1,    0.0000000000E+00,    4.0735940732E+02,    4.0735940732E+02,    0.0000000000E+00,    0.0000000000E+00,    0.0000000000E+00,    4.0735940732E+02
    216450,      0.676968,CP8_after_OBC,   1,    0.0000000000E+00,    4.0735940732E+02,    4.0735940732E+02,    0.0000000000E+00,    0.0000000000E+00,    0.0000000000E+00,    4.0735940732E+02
    216450,      0.676968,CP9_after_PTsource,   1,    0.0000000000E+00,    4.0735940732E+02,    4.0735940732E+02,    0.0000000000E+00,    0.0000000000E+00,    0.0000000000E+00,    4.0735940732E+02
    216450,      0.676968,CP10_after_neg_clamp,   1,    0.0000000000E+00,    4.0735940732E+02,    4.0735940732E+02,    0.0000000000E+00,    0.0000000000E+00,    0.0000000000E+00,    4.0735940732E+02
    216450,      0.676968,CP11_after_MPI,   1,    0.0000000000E+00,    4.0735940732E+02,    4.0735940732E+02,    0.0000000000E+00,    0.0000000000E+00,    0.0000000000E+00,    4.0735940732E+02
    216450,      0.676968,CP12_end,   1,    0.0000000000E+00,    4.0735940732E+02,    4.0735940732E+02,    0.0000000000E+00,    0.0000000000E+00,    0.0000000000E+00,    4.0735940732E+02
    216500,      0.676968,CP0_start,   1,    0.0000000000E+00,    4.0756222543E+02,    4.0756222543E+02,    0.0000000000E+00,    0.0000000000E+00,    0.0000000000E+00,    4.0756222543E+02
    216500,      0.676968,CP1_after_deposition,   1,    0.0000000000E+00,    4.0756222543E+02,    4.0756222543E+02,    0.0000000000E+00,    0.0000000000E+00,    0.0000000000E+00,    4.0756222543E+02
    216500,      0.676968,CP2_after_erosion,   1,    0.0000000000E+00,    4.0756222543E+02,    4.0756222543E+02,    0.0000000000E+00,    0.0000000000E+00,    0.0000000000E+00,    4.0756222543E+02
    216500,      0.676968,CP3_after_update_bottom,   1,    0.0000000000E+00,    4.0756222543E+02,    4.0756222543E+02,    0.0000000000E+00,    0.0000000000E+00,    0.0000000000E+00,    4.0756222543E+02
    216500,      0.676968,CP4_after_advection,   1,    0.0000000000E+00,    4.0757582645E+02,    4.0757582645E+02,    0.0000000000E+00,    0.0000000000E+00,    0.0000000000E+00,    4.0757582645E+02
    216500,      0.676968,CP5_after_vdif,   1,    0.0000000000E+00,    4.0757582645E+02,    4.0757582645E+02,    0.0000000000E+00,    0.0000000000E+00,    0.0000000000E+00,    4.0757582645E+02
    216500,      0.676968,CP6_after_kinetics,   1,    0.0000000000E+00,    4.0757582645E+02,    4.0757582645E+02,    0.0000000000E+00,    0.0000000000E+00,    0.0000000000E+00,    4.0757582645E+02
    216500,      0.676968,CP7_after_upper_clamp,   1,    0.0000000000E+00,    4.0757582645E+02,    4.0757582645E+02,    0.0000000000E+00,    0.0000000000E+00,    0.0000000000E+00,    4.0757582645E+02
    216500,      0.676968,CP8_after_OBC,   1,    0.0000000000E+00,    4.0757582645E+02,    4.0757582645E+02,    0.0000000000E+00,    0.0000000000E+00,    0.0000000000E+00,    4.0757582645E+02
    216500,      0.676968,CP9_after_PTsource,   1,    0.0000000000E+00,    4.0757582645E+02,    4.0757582645E+02,    0.0000000000E+00,    0.0000000000E+00,    0.0000000000E+00,    4.0757582645E+02
    216500,      0.676968,CP10_after_neg_clamp,   1,    0.0000000000E+00,    4.0757582645E+02,    4.0757582645E+02,    0.0000000000E+00,    0.0000000000E+00,    0.0000000000E+00,    4.0757582645E+02
    216500,      0.676968,CP11_after_MPI,   1,    0.0000000000E+00,    4.0757582645E+02,    4.0757582645E+02,    0.0000000000E+00,    0.0000000000E+00,    0.0000000000E+00,    4.0757582645E+02
    216500,      0.676968,CP12_end,   1,    0.0000000000E+00,    4.0757582645E+02,    4.0757582645E+02,    0.0000000000E+00,    0.0000000000E+00,    0.0000000000E+00,    4.0757582645E+02
    216550,      0.676968,CP0_start,   1,    0.0000000000E+00,    4.0777943756E+02,    4.0777943756E+02,    0.0000000000E+00,    0.0000000000E+00,    0.0000000000E+00,    4.0777943756E+02
    216550,      0.676968,CP1_after_deposition,   1,    0.0000000000E+00,    4.0777943756E+02,    4.0777943756E+02,    0.0000000000E+00,    0.0000000000E+00,    0.0000000000E+00,    4.0777943756E+02
    216550,      0.676968,CP2_after_erosion,   1,    0.0000000000E+00,    4.0777943756E+02,    4.0777943756E+02,    0.0000000000E+00,    0.0000000000E+00,    0.0000000000E+00,    4.0777943756E+02
    216550,      0.676968,CP3_after_update_bottom,   1,    0.0000000000E+00,    4.0777943756E+02,    4.0777943756E+02,    0.0000000000E+00,    0.0000000000E+00,    0.0000000000E+00,    4.0777943756E+02
    216550,      0.676968,CP4_after_advection,   1,    0.0000000000E+00,    4.0779301532E+02,    4.0779301532E+02,    0.0000000000E+00,    0.0000000000E+00,    0.0000000000E+00,    4.0779301532E+02
    216550,      0.676968,CP5_after_vdif,   1,    0.0000000000E+00,    4.0779301532E+02,    4.0779301532E+02,    0.0000000000E+00,    0.0000000000E+00,    0.0000000000E+00,    4.0779301532E+02
    216550,      0.676968,CP6_after_kinetics,   1,    0.0000000000E+00,    4.0779301532E+02,    4.0779301532E+02,    0.0000000000E+00,    0.0000000000E+00,    0.0000000000E+00,    4.0779301532E+02
    216550,      0.676968,CP7_after_upper_clamp,   1,    0.0000000000E+00,    4.0779301532E+02,    4.0779301532E+02,    0.0000000000E+00,    0.0000000000E+00,    0.0000000000E+00,    4.0779301532E+02
    216550,      0.676968,CP8_after_OBC,   1,    0.0000000000E+00,    4.0779301532E+02,    4.0779301532E+02,    0.0000000000E+00,    0.0000000000E+00,    0.0000000000E+00,    4.0779301532E+02
    216550,      0.676968,CP9_after_PTsource,   1,    0.0000000000E+00,    4.0779301532E+02,    4.0779301532E+02,    0.0000000000E+00,    0.0000000000E+00,    0.0000000000E+00,    4.0779301532E+02
    216550,      0.676968,CP10_after_neg_clamp,   1,    0.0000000000E+00,    4.0779301532E+02,    4.0779301532E+02,    0.0000000000E+00,    0.0000000000E+00,    0.0000000000E+00,    4.0779301532E+02
    216550,      0.676968,CP11_after_MPI,   1,    0.0000000000E+00,    4.0779301532E+02,    4.0779301532E+02,    0.0000000000E+00,    0.0000000000E+00,    0.0000000000E+00,    4.0779301532E+02
    216550,      0.676968,CP12_end,   1,    0.0000000000E+00,    4.0779301532E+02,    4.0779301532E+02,    0.0000000000E+00,    0.0000000000E+00,    0.0000000000E+00,    4.0779301532E+02
    216600,      0.676968,CP0_start,   1,    0.0000000000E+00,    4.0799726758E+02,    4.0799726758E+02,    0.0000000000E+00,    0.0000000000E+00,    0.0000000000E+00,    4.0799726758E+02
    216600,      0.676968,CP1_after_deposition,   1,    0.0000000000E+00,    4.0799726758E+02,    4.0799726758E+02,    0.0000000000E+00,    0.0000000000E+00,    0.0000000000E+00,    4.0799726758E+02
    216600,      0.676968,CP2_after_erosion,   1,    0.0000000000E+00,    4.0799726758E+02,    4.0799726758E+02,    0.0000000000E+00,    0.0000000000E+00,    0.0000000000E+00,    4.0799726758E+02
    216600,      0.676968,CP3_after_update_bottom,   1,    0.0000000000E+00,    4.0799726758E+02,    4.0799726758E+02,    0.0000000000E+00,    0.0000000000E+00,    0.0000000000E+00,    4.0799726758E+02
    216600,      0.676968,CP4_after_advection,   1,    0.0000000000E+00,    4.0801082157E+02,    4.0801082157E+02,    0.0000000000E+00,    0.0000000000E+00,    0.0000000000E+00,    4.0801082157E+02
    216600,      0.676968,CP5_after_vdif,   1,    0.0000000000E+00,    4.0801082157E+02,    4.0801082157E+02,    0.0000000000E+00,    0.0000000000E+00,    0.0000000000E+00,    4.0801082157E+02
    216600,      0.676968,CP6_after_kinetics,   1,    0.0000000000E+00,    4.0801082157E+02,    4.0801082157E+02,    0.0000000000E+00,    0.0000000000E+00,    0.0000000000E+00,    4.0801082157E+02
    216600,      0.676968,CP7_after_upper_clamp,   1,    0.0000000000E+00,    4.0801082157E+02,    4.0801082157E+02,    0.0000000000E+00,    0.0000000000E+00,    0.0000000000E+00,    4.0801082157E+02
    216600,      0.676968,CP8_after_OBC,   1,    0.0000000000E+00,    4.0801082157E+02,    4.0801082157E+02,    0.0000000000E+00,    0.0000000000E+00,    0.0000000000E+00,    4.0801082157E+02
    216600,      0.676968,CP9_after_PTsource,   1,    0.0000000000E+00,    4.0801082157E+02,    4.0801082157E+02,    0.0000000000E+00,    0.0000000000E+00,    0.0000000000E+00,    4.0801082157E+02
    216600,      0.676968,CP10_after_neg_clamp,   1,    0.0000000000E+00,    4.0801082157E+02,    4.0801082157E+02,    0.0000000000E+00,    0.0000000000E+00,    0.0000000000E+00,    4.0801082157E+02
    216600,      0.676968,CP11_after_MPI,   1,    0.0000000000E+00,    4.0801082157E+02,    4.0801082157E+02,    0.0000000000E+00,    0.0000000000E+00,    0.0000000000E+00,    4.0801082157E+02
    216600,      0.676968,CP12_end,   1,    0.0000000000E+00,    4.0801082157E+02,    4.0801082157E+02,    0.0000000000E+00,    0.0000000000E+00,    0.0000000000E+00,    4.0801082157E+02
    216650,      0.676968,CP0_start,   1,    0.0000000000E+00,    4.0821543509E+02,    4.0821543509E+02,    0.0000000000E+00,    0.0000000000E+00,    0.0000000000E+00,    4.0821543509E+02
    216650,      0.676968,CP1_after_deposition,   1,    0.0000000000E+00,    4.0821543509E+02,    4.0821543509E+02,    0.0000000000E+00,    0.0000000000E+00,    0.0000000000E+00,    4.0821543509E+02
    216650,      0.676968,CP2_after_erosion,   1,    0.0000000000E+00,    4.0821543509E+02,    4.0821543509E+02,    0.0000000000E+00,    0.0000000000E+00,    0.0000000000E+00,    4.0821543509E+02
    216650,      0.676968,CP3_after_update_bottom,   1,    0.0000000000E+00,    4.0821543509E+02,    4.0821543509E+02,    0.0000000000E+00,    0.0000000000E+00,    0.0000000000E+00,    4.0821543509E+02
    216650,      0.676968,CP4_after_advection,   1,    0.0000000000E+00,    4.0822896261E+02,    4.0822896261E+02,    0.0000000000E+00,    0.0000000000E+00,    0.0000000000E+00,    4.0822896261E+02
    216650,      0.676968,CP5_after_vdif,   1,    0.0000000000E+00,    4.0822896261E+02,    4.0822896261E+02,    0.0000000000E+00,    0.0000000000E+00,    0.0000000000E+00,    4.0822896261E+02
    216650,      0.676968,CP6_after_kinetics,   1,    0.0000000000E+00,    4.0822896261E+02,    4.0822896261E+02,    0.0000000000E+00,    0.0000000000E+00,    0.0000000000E+00,    4.0822896261E+02
    216650,      0.676968,CP7_after_upper_clamp,   1,    0.0000000000E+00,    4.0822896261E+02,    4.0822896261E+02,    0.0000000000E+00,    0.0000000000E+00,    0.0000000000E+00,    4.0822896261E+02
    216650,      0.676968,CP8_after_OBC,   1,    0.0000000000E+00,    4.0822896261E+02,    4.0822896261E+02,    0.0000000000E+00,    0.0000000000E+00,    0.0000000000E+00,    4.0822896261E+02
    216650,      0.676968,CP9_after_PTsource,   1,    0.0000000000E+00,    4.0822896261E+02,    4.0822896261E+02,    0.0000000000E+00,    0.0000000000E+00,    0.0000000000E+00,    4.0822896261E+02
    216650,      0.676968,CP10_after_neg_clamp,   1,    0.0000000000E+00,    4.0822896261E+02,    4.0822896261E+02,    0.0000000000E+00,    0.0000000000E+00,    0.0000000000E+00,    4.0822896261E+02
    216650,      0.676968,CP11_after_MPI,   1,    0.0000000000E+00,    4.0822896261E+02,    4.0822896261E+02,    0.0000000000E+00,    0.0000000000E+00,    0.0000000000E+00,    4.0822896261E+02
    216650,      0.676968,CP12_end,   1,    0.0000000000E+00,    4.0822896261E+02,    4.0822896261E+02,    0.0000000000E+00,    0.0000000000E+00,    0.0000000000E+00,    4.0822896261E+02
    216700,      0.676968,CP0_start,   1,    0.0000000000E+00,    4.0843372716E+02,    4.0843372716E+02,    0.0000000000E+00,    0.0000000000E+00,    0.0000000000E+00,    4.0843372716E+02
    216700,      0.676968,CP1_after_deposition,   1,    0.0000000000E+00,    4.0843372716E+02,    4.0843372716E+02,    0.0000000000E+00,    0.0000000000E+00,    0.0000000000E+00,    4.0843372716E+02
    216700,      0.676968,CP2_after_erosion,   1,    0.0000000000E+00,    4.0843372716E+02,    4.0843372716E+02,    0.0000000000E+00,    0.0000000000E+00,    0.0000000000E+00,    4.0843372716E+02
    216700,      0.676968,CP3_after_update_bottom,   1,    0.0000000000E+00,    4.0843372716E+02,    4.0843372716E+02,    0.0000000000E+00,    0.0000000000E+00,    0.0000000000E+00,    4.0843372716E+02
    216700,      0.676968,CP4_after_advection,   1,    0.0000000000E+00,    4.0844722278E+02,    4.0844722278E+02,    0.0000000000E+00,    0.0000000000E+00,    0.0000000000E+00,    4.0844722278E+02
    216700,      0.676968,CP5_after_vdif,   1,    0.0000000000E+00,    4.0844722278E+02,    4.0844722278E+02,    0.0000000000E+00,    0.0000000000E+00,    0.0000000000E+00,    4.0844722278E+02
    216700,      0.676968,CP6_after_kinetics,   1,    0.0000000000E+00,    4.0844722278E+02,    4.0844722278E+02,    0.0000000000E+00,    0.0000000000E+00,    0.0000000000E+00,    4.0844722278E+02
    216700,      0.676968,CP7_after_upper_clamp,   1,    0.0000000000E+00,    4.0844722278E+02,    4.0844722278E+02,    0.0000000000E+00,    0.0000000000E+00,    0.0000000000E+00,    4.0844722278E+02
    216700,      0.676968,CP8_after_OBC,   1,    0.0000000000E+00,    4.0844722278E+02,    4.0844722278E+02,    0.0000000000E+00,    0.0000000000E+00,    0.0000000000E+00,    4.0844722278E+02
    216700,      0.676968,CP9_after_PTsource,   1,    0.0000000000E+00,    4.0844722278E+02,    4.0844722278E+02,    0.0000000000E+00,    0.0000000000E+00,    0.0000000000E+00,    4.0844722278E+02
    216700,      0.676968,CP10_after_neg_clamp,   1,    0.0000000000E+00,    4.0844722278E+02,    4.0844722278E+02,    0.0000000000E+00,    0.0000000000E+00,    0.0000000000E+00,    4.0844722278E+02
    216700,      0.676968,CP11_after_MPI,   1,    0.0000000000E+00,    4.0844722278E+02,    4.0844722278E+02,    0.0000000000E+00,    0.0000000000E+00,    0.0000000000E+00,    4.0844722278E+02
    216700,      0.676968,CP12_end,   1,    0.0000000000E+00,    4.0844722278E+02,    4.0844722278E+02,    0.0000000000E+00,    0.0000000000E+00,    0.0000000000E+00,    4.0844722278E+02
    216750,      0.676968,CP0_start,   1,    0.0000000000E+00,    4.0865197768E+02,    4.0865197768E+02,    0.0000000000E+00,    0.0000000000E+00,    0.0000000000E+00,    4.0865197768E+02
    216750,      0.676968,CP1_after_deposition,   1,    0.0000000000E+00,    4.0865197768E+02,    4.0865197768E+02,    0.0000000000E+00,    0.0000000000E+00,    0.0000000000E+00,    4.0865197768E+02
    216750,      0.676968,CP2_after_erosion,   1,    0.0000000000E+00,    4.0865197768E+02,    4.0865197768E+02,    0.0000000000E+00,    0.0000000000E+00,    0.0000000000E+00,    4.0865197768E+02
    216750,      0.676968,CP3_after_update_bottom,   1,    0.0000000000E+00,    4.0865197768E+02,    4.0865197768E+02,    0.0000000000E+00,    0.0000000000E+00,    0.0000000000E+00,    4.0865197768E+02
    216750,      0.676968,CP4_after_advection,   1,    0.0000000000E+00,    4.0866543884E+02,    4.0866543884E+02,    0.0000000000E+00,    0.0000000000E+00,    0.0000000000E+00,    4.0866543884E+02
    216750,      0.676968,CP5_after_vdif,   1,    0.0000000000E+00,    4.0866543884E+02,    4.0866543884E+02,    0.0000000000E+00,    0.0000000000E+00,    0.0000000000E+00,    4.0866543884E+02
    216750,      0.676968,CP6_after_kinetics,   1,    0.0000000000E+00,    4.0866543884E+02,    4.0866543884E+02,    0.0000000000E+00,    0.0000000000E+00,    0.0000000000E+00,    4.0866543884E+02
    216750,      0.676968,CP7_after_upper_clamp,   1,    0.0000000000E+00,    4.0866543884E+02,    4.0866543884E+02,    0.0000000000E+00,    0.0000000000E+00,    0.0000000000E+00,    4.0866543884E+02
    216750,      0.676968,CP8_after_OBC,   1,    0.0000000000E+00,    4.0866543884E+02,    4.0866543884E+02,    0.0000000000E+00,    0.0000000000E+00,    0.0000000000E+00,    4.0866543884E+02
    216750,      0.676968,CP9_after_PTsource,   1,    0.0000000000E+00,    4.0866543884E+02,    4.0866543884E+02,    0.0000000000E+00,    0.0000000000E+00,    0.0000000000E+00,    4.0866543884E+02
    216750,      0.676968,CP10_after_neg_clamp,   1,    0.0000000000E+00,    4.0866543884E+02,    4.0866543884E+02,    0.0000000000E+00,    0.0000000000E+00,    0.0000000000E+00,    4.0866543884E+02
    216750,      0.676968,CP11_after_MPI,   1,    0.0000000000E+00,    4.0866543884E+02,    4.0866543884E+02,    0.0000000000E+00,    0.0000000000E+00,    0.0000000000E+00,    4.0866543884E+02
    216750,      0.676968,CP12_end,   1,    0.0000000000E+00,    4.0866543884E+02,    4.0866543884E+02,    0.0000000000E+00,    0.0000000000E+00,    0.0000000000E+00,    4.0866543884E+02
    216800,      0.676968,CP0_start,   1,    0.0000000000E+00,    4.0887013046E+02,    4.0887013046E+02,    0.0000000000E+00,    0.0000000000E+00,    0.0000000000E+00,    4.0887013046E+02
    216800,      0.676968,CP1_after_deposition,   1,    0.0000000000E+00,    4.0887013046E+02,    4.0887013046E+02,    0.0000000000E+00,    0.0000000000E+00,    0.0000000000E+00,    4.0887013046E+02
    216800,      0.676968,CP2_after_erosion,   1,    0.0000000000E+00,    4.0887013046E+02,    4.0887013046E+02,    0.0000000000E+00,    0.0000000000E+00,    0.0000000000E+00,    4.0887013046E+02
    216800,      0.676968,CP3_after_update_bottom,   1,    0.0000000000E+00,    4.0887013046E+02,    4.0887013046E+02,    0.0000000000E+00,    0.0000000000E+00,    0.0000000000E+00,    4.0887013046E+02
    216800,      0.676968,CP4_after_advection,   1,    0.0000000000E+00,    4.0888355135E+02,    4.0888355135E+02,    0.0000000000E+00,    0.0000000000E+00,    0.0000000000E+00,    4.0888355135E+02
    216800,      0.676968,CP5_after_vdif,   1,    0.0000000000E+00,    4.0888355135E+02,    4.0888355135E+02,    0.0000000000E+00,    0.0000000000E+00,    0.0000000000E+00,    4.0888355135E+02
    216800,      0.676968,CP6_after_kinetics,   1,    0.0000000000E+00,    4.0888355135E+02,    4.0888355135E+02,    0.0000000000E+00,    0.0000000000E+00,    0.0000000000E+00,    4.0888355135E+02
    216800,      0.676968,CP7_after_upper_clamp,   1,    0.0000000000E+00,    4.0888355135E+02,    4.0888355135E+02,    0.0000000000E+00,    0.0000000000E+00,    0.0000000000E+00,    4.0888355135E+02
    216800,      0.676968,CP8_after_OBC,   1,    0.0000000000E+00,    4.0888355135E+02,    4.0888355135E+02,    0.0000000000E+00,    0.0000000000E+00,    0.0000000000E+00,    4.0888355135E+02
    216800,      0.676968,CP9_after_PTsource,   1,    0.0000000000E+00,    4.0888355135E+02,    4.0888355135E+02,    0.0000000000E+00,    0.0000000000E+00,    0.0000000000E+00,    4.0888355135E+02
    216800,      0.676968,CP10_after_neg_clamp,   1,    0.0000000000E+00,    4.0888355135E+02,    4.0888355135E+02,    0.0000000000E+00,    0.0000000000E+00,    0.0000000000E+00,    4.0888355135E+02
    216800,      0.676968,CP11_after_MPI,   1,    0.0000000000E+00,    4.0888355135E+02,    4.0888355135E+02,    0.0000000000E+00,    0.0000000000E+00,    0.0000000000E+00,    4.0888355135E+02
    216800,      0.676968,CP12_end,   1,    0.0000000000E+00,    4.0888355135E+02,    4.0888355135E+02,    0.0000000000E+00,    0.0000000000E+00,    0.0000000000E+00,    4.0888355135E+02
    216850,      0.676968,CP0_start,   1,    0.0000000000E+00,    4.0908809772E+02,    4.0908809772E+02,    0.0000000000E+00,    0.0000000000E+00,    0.0000000000E+00,    4.0908809772E+02
    216850,      0.676968,CP1_after_deposition,   1,    0.0000000000E+00,    4.0908809772E+02,    4.0908809772E+02,    0.0000000000E+00,    0.0000000000E+00,    0.0000000000E+00,    4.0908809772E+02
    216850,      0.676968,CP2_after_erosion,   1,    0.0000000000E+00,    4.0908809772E+02,    4.0908809772E+02,    0.0000000000E+00,    0.0000000000E+00,    0.0000000000E+00,    4.0908809772E+02
    216850,      0.676968,CP3_after_update_bottom,   1,    0.0000000000E+00,    4.0908809772E+02,    4.0908809772E+02,    0.0000000000E+00,    0.0000000000E+00,    0.0000000000E+00,    4.0908809772E+02
    216850,      0.676968,CP4_after_advection,   1,    0.0000000000E+00,    4.0910147723E+02,    4.0910147723E+02,    0.0000000000E+00,    0.0000000000E+00,    0.0000000000E+00,    4.0910147723E+02
    216850,      0.676968,CP5_after_vdif,   1,    0.0000000000E+00,    4.0910147723E+02,    4.0910147723E+02,    0.0000000000E+00,    0.0000000000E+00,    0.0000000000E+00,    4.0910147723E+02
    216850,      0.676968,CP6_after_kinetics,   1,    0.0000000000E+00,    4.0910147723E+02,    4.0910147723E+02,    0.0000000000E+00,    0.0000000000E+00,    0.0000000000E+00,    4.0910147723E+02
    216850,      0.676968,CP7_after_upper_clamp,   1,    0.0000000000E+00,    4.0910147723E+02,    4.0910147723E+02,    0.0000000000E+00,    0.0000000000E+00,    0.0000000000E+00,    4.0910147723E+02
    216850,      0.676968,CP8_after_OBC,   1,    0.0000000000E+00,    4.0910147723E+02,    4.0910147723E+02,    0.0000000000E+00,    0.0000000000E+00,    0.0000000000E+00,    4.0910147723E+02
    216850,      0.676968,CP9_after_PTsource,   1,    0.0000000000E+00,    4.0910147723E+02,    4.0910147723E+02,    0.0000000000E+00,    0.0000000000E+00,    0.0000000000E+00,    4.0910147723E+02
    216850,      0.676968,CP10_after_neg_clamp,   1,    0.0000000000E+00,    4.0910147723E+02,    4.0910147723E+02,    0.0000000000E+00,    0.0000000000E+00,    0.0000000000E+00,    4.0910147723E+02
    216850,      0.676968,CP11_after_MPI,   1,    0.0000000000E+00,    4.0910147723E+02,    4.0910147723E+02,    0.0000000000E+00,    0.0000000000E+00,    0.0000000000E+00,    4.0910147723E+02
    216850,      0.676968,CP12_end,   1,    0.0000000000E+00,    4.0910147723E+02,    4.0910147723E+02,    0.0000000000E+00,    0.0000000000E+00,    0.0000000000E+00,    4.0910147723E+02
    216900,      0.676968,CP0_start,   1,    0.0000000000E+00,    4.0930550009E+02,    4.0930550009E+02,    0.0000000000E+00,    0.0000000000E+00,    0.0000000000E+00,    4.0930550009E+02
    216900,      0.676968,CP1_after_deposition,   1,    0.0000000000E+00,    4.0930550009E+02,    4.0930550009E+02,    0.0000000000E+00,    0.0000000000E+00,    0.0000000000E+00,    4.0930550009E+02
    216900,      0.676968,CP2_after_erosion,   1,    0.0000000000E+00,    4.0930550009E+02,    4.0930550009E+02,    0.0000000000E+00,    0.0000000000E+00,    0.0000000000E+00,    4.0930550009E+02
    216900,      0.676968,CP3_after_update_bottom,   1,    0.0000000000E+00,    4.0930550009E+02,    4.0930550009E+02,    0.0000000000E+00,    0.0000000000E+00,    0.0000000000E+00,    4.0930550009E+02
    216900,      0.676968,CP4_after_advection,   1,    0.0000000000E+00,    4.0931883113E+02,    4.0931883113E+02,    0.0000000000E+00,    0.0000000000E+00,    0.0000000000E+00,    4.0931883113E+02
    216900,      0.676968,CP5_after_vdif,   1,    0.0000000000E+00,    4.0931883113E+02,    4.0931883113E+02,    0.0000000000E+00,    0.0000000000E+00,    0.0000000000E+00,    4.0931883113E+02
    216900,      0.676968,CP6_after_kinetics,   1,    0.0000000000E+00,    4.0931883113E+02,    4.0931883113E+02,    0.0000000000E+00,    0.0000000000E+00,    0.0000000000E+00,    4.0931883113E+02
    216900,      0.676968,CP7_after_upper_clamp,   1,    0.0000000000E+00,    4.0931883113E+02,    4.0931883113E+02,    0.0000000000E+00,    0.0000000000E+00,    0.0000000000E+00,    4.0931883113E+02
    216900,      0.676968,CP8_after_OBC,   1,    0.0000000000E+00,    4.0931883113E+02,    4.0931883113E+02,    0.0000000000E+00,    0.0000000000E+00,    0.0000000000E+00,    4.0931883113E+02
    216900,      0.676968,CP9_after_PTsource,   1,    0.0000000000E+00,    4.0931883113E+02,    4.0931883113E+02,    0.0000000000E+00,    0.0000000000E+00,    0.0000000000E+00,    4.0931883113E+02
    216900,      0.676968,CP10_after_neg_clamp,   1,    0.0000000000E+00,    4.0931883113E+02,    4.0931883113E+02,    0.0000000000E+00,    0.0000000000E+00,    0.0000000000E+00,    4.0931883113E+02
    216900,      0.676968,CP11_after_MPI,   1,    0.0000000000E+00,    4.0931883113E+02,    4.0931883113E+02,    0.0000000000E+00,    0.0000000000E+00,    0.0000000000E+00,    4.0931883113E+02
    216900,      0.676968,CP12_end,   1,    0.0000000000E+00,    4.0931883113E+02,    4.0931883113E+02,    0.0000000000E+00,    0.0000000000E+00,    0.0000000000E+00,    4.0931883113E+02
    216950,      0.676968,CP0_start,   1,    0.0000000000E+00,    4.0952213534E+02,    4.0952213534E+02,    0.0000000000E+00,    0.0000000000E+00,    0.0000000000E+00,    4.0952213534E+02
    216950,      0.676968,CP1_after_deposition,   1,    0.0000000000E+00,    4.0952213534E+02,    4.0952213534E+02,    0.0000000000E+00,    0.0000000000E+00,    0.0000000000E+00,    4.0952213534E+02
    216950,      0.676968,CP2_after_erosion,   1,    0.0000000000E+00,    4.0952213534E+02,    4.0952213534E+02,    0.0000000000E+00,    0.0000000000E+00,    0.0000000000E+00,    4.0952213534E+02
    216950,      0.676968,CP3_after_update_bottom,   1,    0.0000000000E+00,    4.0952213534E+02,    4.0952213534E+02,    0.0000000000E+00,    0.0000000000E+00,    0.0000000000E+00,    4.0952213534E+02
    216950,      0.676968,CP4_after_advection,   1,    0.0000000000E+00,    4.0953541514E+02,    4.0953541514E+02,    0.0000000000E+00,    0.0000000000E+00,    0.0000000000E+00,    4.0953541514E+02
    216950,      0.676968,CP5_after_vdif,   1,    0.0000000000E+00,    4.0953541514E+02,    4.0953541514E+02,    0.0000000000E+00,    0.0000000000E+00,    0.0000000000E+00,    4.0953541514E+02
    216950,      0.676968,CP6_after_kinetics,   1,    0.0000000000E+00,    4.0953541514E+02,    4.0953541514E+02,    0.0000000000E+00,    0.0000000000E+00,    0.0000000000E+00,    4.0953541514E+02
    216950,      0.676968,CP7_after_upper_clamp,   1,    0.0000000000E+00,    4.0953541514E+02,    4.0953541514E+02,    0.0000000000E+00,    0.0000000000E+00,    0.0000000000E+00,    4.0953541514E+02
    216950,      0.676968,CP8_after_OBC,   1,    0.0000000000E+00,    4.0953541514E+02,    4.0953541514E+02,    0.0000000000E+00,    0.0000000000E+00,    0.0000000000E+00,    4.0953541514E+02
    216950,      0.676968,CP9_after_PTsource,   1,    0.0000000000E+00,    4.0953541514E+02,    4.0953541514E+02,    0.0000000000E+00,    0.0000000000E+00,    0.0000000000E+00,    4.0953541514E+02
    216950,      0.676968,CP10_after_neg_clamp,   1,    0.0000000000E+00,    4.0953541514E+02,    4.0953541514E+02,    0.0000000000E+00,    0.0000000000E+00,    0.0000000000E+00,    4.0953541514E+02
    216950,      0.676968,CP11_after_MPI,   1,    0.0000000000E+00,    4.0953541514E+02,    4.0953541514E+02,    0.0000000000E+00,    0.0000000000E+00,    0.0000000000E+00,    4.0953541514E+02
    216950,      0.676968,CP12_end,   1,    0.0000000000E+00,    4.0953541514E+02,    4.0953541514E+02,    0.0000000000E+00,    0.0000000000E+00,    0.0000000000E+00,    4.0953541514E+02
    217000,      0.676968,CP0_start,   1,    0.0000000000E+00,    4.0973805034E+02,    4.0973805034E+02,    0.0000000000E+00,    0.0000000000E+00,    0.0000000000E+00,    4.0973805034E+02
    217000,      0.676968,CP1_after_deposition,   1,    0.0000000000E+00,    4.0973805034E+02,    4.0973805034E+02,    0.0000000000E+00,    0.0000000000E+00,    0.0000000000E+00,    4.0973805034E+02
    217000,      0.676968,CP2_after_erosion,   1,    0.0000000000E+00,    4.0973805034E+02,    4.0973805034E+02,    0.0000000000E+00,    0.0000000000E+00,    0.0000000000E+00,    4.0973805034E+02
    217000,      0.676968,CP3_after_update_bottom,   1,    0.0000000000E+00,    4.0973805034E+02,    4.0973805034E+02,    0.0000000000E+00,    0.0000000000E+00,    0.0000000000E+00,    4.0973805034E+02
    217000,      0.676968,CP4_after_advection,   1,    0.0000000000E+00,    4.0975128050E+02,    4.0975128050E+02,    0.0000000000E+00,    0.0000000000E+00,    0.0000000000E+00,    4.0975128050E+02
    217000,      0.676968,CP5_after_vdif,   1,    0.0000000000E+00,    4.0975128050E+02,    4.0975128050E+02,    0.0000000000E+00,    0.0000000000E+00,    0.0000000000E+00,    4.0975128050E+02
    217000,      0.676968,CP6_after_kinetics,   1,    0.0000000000E+00,    4.0975128050E+02,    4.0975128050E+02,    0.0000000000E+00,    0.0000000000E+00,    0.0000000000E+00,    4.0975128050E+02
    217000,      0.676968,CP7_after_upper_clamp,   1,    0.0000000000E+00,    4.0975128050E+02,    4.0975128050E+02,    0.0000000000E+00,    0.0000000000E+00,    0.0000000000E+00,    4.0975128050E+02
    217000,      0.676968,CP8_after_OBC,   1,    0.0000000000E+00,    4.0975128050E+02,    4.0975128050E+02,    0.0000000000E+00,    0.0000000000E+00,    0.0000000000E+00,    4.0975128050E+02
    217000,      0.676968,CP9_after_PTsource,   1,    0.0000000000E+00,    4.0975128050E+02,    4.0975128050E+02,    0.0000000000E+00,    0.0000000000E+00,    0.0000000000E+00,    4.0975128050E+02
    217000,      0.676968,CP10_after_neg_clamp,   1,    0.0000000000E+00,    4.0975128050E+02,    4.0975128050E+02,    0.0000000000E+00,    0.0000000000E+00,    0.0000000000E+00,    4.0975128050E+02
    217000,      0.676968,CP11_after_MPI,   1,    0.0000000000E+00,    4.0975128050E+02,    4.0975128050E+02,    0.0000000000E+00,    0.0000000000E+00,    0.0000000000E+00,    4.0975128050E+02
    217000,      0.676968,CP12_end,   1,    0.0000000000E+00,    4.0975128050E+02,    4.0975128050E+02,    0.0000000000E+00,    0.0000000000E+00,    0.0000000000E+00,    4.0975128050E+02
    217050,      0.676968,CP0_start,   1,    0.0000000000E+00,    4.0995326608E+02,    4.0995326608E+02,    0.0000000000E+00,    0.0000000000E+00,    0.0000000000E+00,    4.0995326608E+02
    217050,      0.676968,CP1_after_deposition,   1,    0.0000000000E+00,    4.0995326608E+02,    4.0995326608E+02,    0.0000000000E+00,    0.0000000000E+00,    0.0000000000E+00,    4.0995326608E+02
    217050,      0.676968,CP2_after_erosion,   1,    0.0000000000E+00,    4.0995326608E+02,    4.0995326608E+02,    0.0000000000E+00,    0.0000000000E+00,    0.0000000000E+00,    4.0995326608E+02
    217050,      0.676968,CP3_after_update_bottom,   1,    0.0000000000E+00,    4.0995326608E+02,    4.0995326608E+02,    0.0000000000E+00,    0.0000000000E+00,    0.0000000000E+00,    4.0995326608E+02
    217050,      0.676968,CP4_after_advection,   1,    0.0000000000E+00,    4.0996644210E+02,    4.0996644210E+02,    0.0000000000E+00,    0.0000000000E+00,    0.0000000000E+00,    4.0996644210E+02
    217050,      0.676968,CP5_after_vdif,   1,    0.0000000000E+00,    4.0996644210E+02,    4.0996644210E+02,    0.0000000000E+00,    0.0000000000E+00,    0.0000000000E+00,    4.0996644210E+02
    217050,      0.676968,CP6_after_kinetics,   1,    0.0000000000E+00,    4.0996644210E+02,    4.0996644210E+02,    0.0000000000E+00,    0.0000000000E+00,    0.0000000000E+00,    4.0996644210E+02
    217050,      0.676968,CP7_after_upper_clamp,   1,    0.0000000000E+00,    4.0996644210E+02,    4.0996644210E+02,    0.0000000000E+00,    0.0000000000E+00,    0.0000000000E+00,    4.0996644210E+02
    217050,      0.676968,CP8_after_OBC,   1,    0.0000000000E+00,    4.0996644210E+02,    4.0996644210E+02,    0.0000000000E+00,    0.0000000000E+00,    0.0000000000E+00,    4.0996644210E+02
    217050,      0.676968,CP9_after_PTsource,   1,    0.0000000000E+00,    4.0996644210E+02,    4.0996644210E+02,    0.0000000000E+00,    0.0000000000E+00,    0.0000000000E+00,    4.0996644210E+02
    217050,      0.676968,CP10_after_neg_clamp,   1,    0.0000000000E+00,    4.0996644210E+02,    4.0996644210E+02,    0.0000000000E+00,    0.0000000000E+00,    0.0000000000E+00,    4.0996644210E+02
    217050,      0.676968,CP11_after_MPI,   1,    0.0000000000E+00,    4.0996644210E+02,    4.0996644210E+02,    0.0000000000E+00,    0.0000000000E+00,    0.0000000000E+00,    4.0996644210E+02
    217050,      0.676968,CP12_end,   1,    0.0000000000E+00,    4.0996644210E+02,    4.0996644210E+02,    0.0000000000E+00,    0.0000000000E+00,    0.0000000000E+00,    4.0996644210E+02
    217100,      0.676968,CP0_start,   1,    0.0000000000E+00,    4.1016776113E+02,    4.1016776113E+02,    0.0000000000E+00,    0.0000000000E+00,    0.0000000000E+00,    4.1016776113E+02
    217100,      0.676968,CP1_after_deposition,   1,    0.0000000000E+00,    4.1016776113E+02,    4.1016776113E+02,    0.0000000000E+00,    0.0000000000E+00,    0.0000000000E+00,    4.1016776113E+02
    217100,      0.676968,CP2_after_erosion,   1,    0.0000000000E+00,    4.1016776113E+02,    4.1016776113E+02,    0.0000000000E+00,    0.0000000000E+00,    0.0000000000E+00,    4.1016776113E+02
    217100,      0.676968,CP3_after_update_bottom,   1,    0.0000000000E+00,    4.1016776113E+02,    4.1016776113E+02,    0.0000000000E+00,    0.0000000000E+00,    0.0000000000E+00,    4.1016776113E+02
    217100,      0.676968,CP4_after_advection,   1,    0.0000000000E+00,    4.1018088566E+02,    4.1018088566E+02,    0.0000000000E+00,    0.0000000000E+00,    0.0000000000E+00,    4.1018088566E+02
    217100,      0.676968,CP5_after_vdif,   1,    0.0000000000E+00,    4.1018088566E+02,    4.1018088566E+02,    0.0000000000E+00,    0.0000000000E+00,    0.0000000000E+00,    4.1018088566E+02
    217100,      0.676968,CP6_after_kinetics,   1,    0.0000000000E+00,    4.1018088566E+02,    4.1018088566E+02,    0.0000000000E+00,    0.0000000000E+00,    0.0000000000E+00,    4.1018088566E+02
    217100,      0.676968,CP7_after_upper_clamp,   1,    0.0000000000E+00,    4.1018088566E+02,    4.1018088566E+02,    0.0000000000E+00,    0.0000000000E+00,    0.0000000000E+00,    4.1018088566E+02
    217100,      0.676968,CP8_after_OBC,   1,    0.0000000000E+00,    4.1018088566E+02,    4.1018088566E+02,    0.0000000000E+00,    0.0000000000E+00,    0.0000000000E+00,    4.1018088566E+02
    217100,      0.676968,CP9_after_PTsource,   1,    0.0000000000E+00,    4.1018088566E+02,    4.1018088566E+02,    0.0000000000E+00,    0.0000000000E+00,    0.0000000000E+00,    4.1018088566E+02
    217100,      0.676968,CP10_after_neg_clamp,   1,    0.0000000000E+00,    4.1018088566E+02,    4.1018088566E+02,    0.0000000000E+00,    0.0000000000E+00,    0.0000000000E+00,    4.1018088566E+02
    217100,      0.676968,CP11_after_MPI,   1,    0.0000000000E+00,    4.1018088566E+02,    4.1018088566E+02,    0.0000000000E+00,    0.0000000000E+00,    0.0000000000E+00,    4.1018088566E+02
    217100,      0.676968,CP12_end,   1,    0.0000000000E+00,    4.1018088566E+02,    4.1018088566E+02,    0.0000000000E+00,    0.0000000000E+00,    0.0000000000E+00,    4.1018088566E+02
    217150,      0.676968,CP0_start,   1,    0.0000000000E+00,    4.1038159440E+02,    4.1038159440E+02,    0.0000000000E+00,    0.0000000000E+00,    0.0000000000E+00,    4.1038159440E+02
    217150,      0.676968,CP1_after_deposition,   1,    0.0000000000E+00,    4.1038159440E+02,    4.1038159440E+02,    0.0000000000E+00,    0.0000000000E+00,    0.0000000000E+00,    4.1038159440E+02
    217150,      0.676968,CP2_after_erosion,   1,    0.0000000000E+00,    4.1038159440E+02,    4.1038159440E+02,    0.0000000000E+00,    0.0000000000E+00,    0.0000000000E+00,    4.1038159440E+02
    217150,      0.676968,CP3_after_update_bottom,   1,    0.0000000000E+00,    4.1038159440E+02,    4.1038159440E+02,    0.0000000000E+00,    0.0000000000E+00,    0.0000000000E+00,    4.1038159440E+02
    217150,      0.676968,CP4_after_advection,   1,    0.0000000000E+00,    4.1039467056E+02,    4.1039467056E+02,    0.0000000000E+00,    0.0000000000E+00,    0.0000000000E+00,    4.1039467056E+02
    217150,      0.676968,CP5_after_vdif,   1,    0.0000000000E+00,    4.1039467056E+02,    4.1039467056E+02,    0.0000000000E+00,    0.0000000000E+00,    0.0000000000E+00,    4.1039467056E+02
    217150,      0.676968,CP6_after_kinetics,   1,    0.0000000000E+00,    4.1039467056E+02,    4.1039467056E+02,    0.0000000000E+00,    0.0000000000E+00,    0.0000000000E+00,    4.1039467056E+02
    217150,      0.676968,CP7_after_upper_clamp,   1,    0.0000000000E+00,    4.1039467056E+02,    4.1039467056E+02,    0.0000000000E+00,    0.0000000000E+00,    0.0000000000E+00,    4.1039467056E+02
    217150,      0.676968,CP8_after_OBC,   1,    0.0000000000E+00,    4.1039467056E+02,    4.1039467056E+02,    0.0000000000E+00,    0.0000000000E+00,    0.0000000000E+00,    4.1039467056E+02
    217150,      0.676968,CP9_after_PTsource,   1,    0.0000000000E+00,    4.1039467056E+02,    4.1039467056E+02,    0.0000000000E+00,    0.0000000000E+00,    0.0000000000E+00,    4.1039467056E+02
    217150,      0.676968,CP10_after_neg_clamp,   1,    0.0000000000E+00,    4.1039467056E+02,    4.1039467056E+02,    0.0000000000E+00,    0.0000000000E+00,    0.0000000000E+00,    4.1039467056E+02
    217150,      0.676968,CP11_after_MPI,   1,    0.0000000000E+00,    4.1039467056E+02,    4.1039467056E+02,    0.0000000000E+00,    0.0000000000E+00,    0.0000000000E+00,    4.1039467056E+02
    217150,      0.676968,CP12_end,   1,    0.0000000000E+00,    4.1039467056E+02,    4.1039467056E+02,    0.0000000000E+00,    0.0000000000E+00,    0.0000000000E+00,    4.1039467056E+02
    217200,      0.676968,CP0_start,   1,    0.0000000000E+00,    4.1059485311E+02,    4.1059485311E+02,    0.0000000000E+00,    0.0000000000E+00,    0.0000000000E+00,    4.1059485311E+02
    217200,      0.676968,CP1_after_deposition,   1,    0.0000000000E+00,    4.1059485311E+02,    4.1059485311E+02,    0.0000000000E+00,    0.0000000000E+00,    0.0000000000E+00,    4.1059485311E+02
    217200,      0.676968,CP2_after_erosion,   1,    0.0000000000E+00,    4.1059485311E+02,    4.1059485311E+02,    0.0000000000E+00,    0.0000000000E+00,    0.0000000000E+00,    4.1059485311E+02
    217200,      0.676968,CP3_after_update_bottom,   1,    0.0000000000E+00,    4.1059485311E+02,    4.1059485311E+02,    0.0000000000E+00,    0.0000000000E+00,    0.0000000000E+00,    4.1059485311E+02
    217200,      0.676968,CP4_after_advection,   1,    0.0000000000E+00,    4.1060787865E+02,    4.1060787865E+02,    0.0000000000E+00,    0.0000000000E+00,    0.0000000000E+00,    4.1060787865E+02
    217200,      0.676968,CP5_after_vdif,   1,    0.0000000000E+00,    4.1060787865E+02,    4.1060787865E+02,    0.0000000000E+00,    0.0000000000E+00,    0.0000000000E+00,    4.1060787865E+02
    217200,      0.676968,CP6_after_kinetics,   1,    0.0000000000E+00,    4.1060787865E+02,    4.1060787865E+02,    0.0000000000E+00,    0.0000000000E+00,    0.0000000000E+00,    4.1060787865E+02
    217200,      0.676968,CP7_after_upper_clamp,   1,    0.0000000000E+00,    4.1060787865E+02,    4.1060787865E+02,    0.0000000000E+00,    0.0000000000E+00,    0.0000000000E+00,    4.1060787865E+02
    217200,      0.676968,CP8_after_OBC,   1,    0.0000000000E+00,    4.1060787865E+02,    4.1060787865E+02,    0.0000000000E+00,    0.0000000000E+00,    0.0000000000E+00,    4.1060787865E+02
    217200,      0.676968,CP9_after_PTsource,   1,    0.0000000000E+00,    4.1060787865E+02,    4.1060787865E+02,    0.0000000000E+00,    0.0000000000E+00,    0.0000000000E+00,    4.1060787865E+02
    217200,      0.676968,CP10_after_neg_clamp,   1,    0.0000000000E+00,    4.1060787865E+02,    4.1060787865E+02,    0.0000000000E+00,    0.0000000000E+00,    0.0000000000E+00,    4.1060787865E+02
    217200,      0.676968,CP11_after_MPI,   1,    0.0000000000E+00,    4.1060787865E+02,    4.1060787865E+02,    0.0000000000E+00,    0.0000000000E+00,    0.0000000000E+00,    4.1060787865E+02
    217200,      0.676968,CP12_end,   1,    0.0000000000E+00,    4.1060787865E+02,    4.1060787865E+02,    0.0000000000E+00,    0.0000000000E+00,    0.0000000000E+00,    4.1060787865E+02
    217250,      0.676968,CP0_start,   1,    0.0000000000E+00,    4.1080756955E+02,    4.1080756955E+02,    0.0000000000E+00,    0.0000000000E+00,    0.0000000000E+00,    4.1080756955E+02
    217250,      0.676968,CP1_after_deposition,   1,    0.0000000000E+00,    4.1080756955E+02,    4.1080756955E+02,    0.0000000000E+00,    0.0000000000E+00,    0.0000000000E+00,    4.1080756955E+02
    217250,      0.676968,CP2_after_erosion,   1,    0.0000000000E+00,    4.1080756955E+02,    4.1080756955E+02,    0.0000000000E+00,    0.0000000000E+00,    0.0000000000E+00,    4.1080756955E+02
    217250,      0.676968,CP3_after_update_bottom,   1,    0.0000000000E+00,    4.1080756955E+02,    4.1080756955E+02,    0.0000000000E+00,    0.0000000000E+00,    0.0000000000E+00,    4.1080756955E+02
    217250,      0.676968,CP4_after_advection,   1,    0.0000000000E+00,    4.1082054435E+02,    4.1082054435E+02,    0.0000000000E+00,    0.0000000000E+00,    0.0000000000E+00,    4.1082054435E+02
    217250,      0.676968,CP5_after_vdif,   1,    0.0000000000E+00,    4.1082054435E+02,    4.1082054435E+02,    0.0000000000E+00,    0.0000000000E+00,    0.0000000000E+00,    4.1082054435E+02
    217250,      0.676968,CP6_after_kinetics,   1,    0.0000000000E+00,    4.1082054435E+02,    4.1082054435E+02,    0.0000000000E+00,    0.0000000000E+00,    0.0000000000E+00,    4.1082054435E+02
    217250,      0.676968,CP7_after_upper_clamp,   1,    0.0000000000E+00,    4.1082054435E+02,    4.1082054435E+02,    0.0000000000E+00,    0.0000000000E+00,    0.0000000000E+00,    4.1082054435E+02
    217250,      0.676968,CP8_after_OBC,   1,    0.0000000000E+00,    4.1082054435E+02,    4.1082054435E+02,    0.0000000000E+00,    0.0000000000E+00,    0.0000000000E+00,    4.1082054435E+02
    217250,      0.676968,CP9_after_PTsource,   1,    0.0000000000E+00,    4.1082054435E+02,    4.1082054435E+02,    0.0000000000E+00,    0.0000000000E+00,    0.0000000000E+00,    4.1082054435E+02
    217250,      0.676968,CP10_after_neg_clamp,   1,    0.0000000000E+00,    4.1082054435E+02,    4.1082054435E+02,    0.0000000000E+00,    0.0000000000E+00,    0.0000000000E+00,    4.1082054435E+02
    217250,      0.676968,CP11_after_MPI,   1,    0.0000000000E+00,    4.1082054435E+02,    4.1082054435E+02,    0.0000000000E+00,    0.0000000000E+00,    0.0000000000E+00,    4.1082054435E+02
    217250,      0.676968,CP12_end,   1,    0.0000000000E+00,    4.1082054435E+02,    4.1082054435E+02,    0.0000000000E+00,    0.0000000000E+00,    0.0000000000E+00,    4.1082054435E+02
    217300,      0.676968,CP0_start,   1,    0.0000000000E+00,    4.1101977226E+02,    4.1101977226E+02,    0.0000000000E+00,    0.0000000000E+00,    0.0000000000E+00,    4.1101977226E+02
    217300,      0.676968,CP1_after_deposition,   1,    0.0000000000E+00,    4.1101977226E+02,    4.1101977226E+02,    0.0000000000E+00,    0.0000000000E+00,    0.0000000000E+00,    4.1101977226E+02
    217300,      0.676968,CP2_after_erosion,   1,    0.0000000000E+00,    4.1101977226E+02,    4.1101977226E+02,    0.0000000000E+00,    0.0000000000E+00,    0.0000000000E+00,    4.1101977226E+02
    217300,      0.676968,CP3_after_update_bottom,   1,    0.0000000000E+00,    4.1101977226E+02,    4.1101977226E+02,    0.0000000000E+00,    0.0000000000E+00,    0.0000000000E+00,    4.1101977226E+02
    217300,      0.676968,CP4_after_advection,   1,    0.0000000000E+00,    4.1103269458E+02,    4.1103269458E+02,    0.0000000000E+00,    0.0000000000E+00,    0.0000000000E+00,    4.1103269458E+02
    217300,      0.676968,CP5_after_vdif,   1,    0.0000000000E+00,    4.1103269458E+02,    4.1103269458E+02,    0.0000000000E+00,    0.0000000000E+00,    0.0000000000E+00,    4.1103269458E+02
    217300,      0.676968,CP6_after_kinetics,   1,    0.0000000000E+00,    4.1103269458E+02,    4.1103269458E+02,    0.0000000000E+00,    0.0000000000E+00,    0.0000000000E+00,    4.1103269458E+02
    217300,      0.676968,CP7_after_upper_clamp,   1,    0.0000000000E+00,    4.1103269458E+02,    4.1103269458E+02,    0.0000000000E+00,    0.0000000000E+00,    0.0000000000E+00,    4.1103269458E+02
    217300,      0.676968,CP8_after_OBC,   1,    0.0000000000E+00,    4.1103269458E+02,    4.1103269458E+02,    0.0000000000E+00,    0.0000000000E+00,    0.0000000000E+00,    4.1103269458E+02
    217300,      0.676968,CP9_after_PTsource,   1,    0.0000000000E+00,    4.1103269458E+02,    4.1103269458E+02,    0.0000000000E+00,    0.0000000000E+00,    0.0000000000E+00,    4.1103269458E+02
    217300,      0.676968,CP10_after_neg_clamp,   1,    0.0000000000E+00,    4.1103269458E+02,    4.1103269458E+02,    0.0000000000E+00,    0.0000000000E+00,    0.0000000000E+00,    4.1103269458E+02
    217300,      0.676968,CP11_after_MPI,   1,    0.0000000000E+00,    4.1103269458E+02,    4.1103269458E+02,    0.0000000000E+00,    0.0000000000E+00,    0.0000000000E+00,    4.1103269458E+02
    217300,      0.676968,CP12_end,   1,    0.0000000000E+00,    4.1103269458E+02,    4.1103269458E+02,    0.0000000000E+00,    0.0000000000E+00,    0.0000000000E+00,    4.1103269458E+02
    217350,      0.676968,CP0_start,   1,    0.0000000000E+00,    4.1123151930E+02,    4.1123151930E+02,    0.0000000000E+00,    0.0000000000E+00,    0.0000000000E+00,    4.1123151930E+02
    217350,      0.676968,CP1_after_deposition,   1,    0.0000000000E+00,    4.1123151930E+02,    4.1123151930E+02,    0.0000000000E+00,    0.0000000000E+00,    0.0000000000E+00,    4.1123151930E+02
    217350,      0.676968,CP2_after_erosion,   1,    0.0000000000E+00,    4.1123151930E+02,    4.1123151930E+02,    0.0000000000E+00,    0.0000000000E+00,    0.0000000000E+00,    4.1123151930E+02
    217350,      0.676968,CP3_after_update_bottom,   1,    0.0000000000E+00,    4.1123151930E+02,    4.1123151930E+02,    0.0000000000E+00,    0.0000000000E+00,    0.0000000000E+00,    4.1123151930E+02
    217350,      0.676968,CP4_after_advection,   1,    0.0000000000E+00,    4.1124439245E+02,    4.1124439245E+02,    0.0000000000E+00,    0.0000000000E+00,    0.0000000000E+00,    4.1124439245E+02
    217350,      0.676968,CP5_after_vdif,   1,    0.0000000000E+00,    4.1124439245E+02,    4.1124439245E+02,    0.0000000000E+00,    0.0000000000E+00,    0.0000000000E+00,    4.1124439245E+02
    217350,      0.676968,CP6_after_kinetics,   1,    0.0000000000E+00,    4.1124439245E+02,    4.1124439245E+02,    0.0000000000E+00,    0.0000000000E+00,    0.0000000000E+00,    4.1124439245E+02
    217350,      0.676968,CP7_after_upper_clamp,   1,    0.0000000000E+00,    4.1124439245E+02,    4.1124439245E+02,    0.0000000000E+00,    0.0000000000E+00,    0.0000000000E+00,    4.1124439245E+02
    217350,      0.676968,CP8_after_OBC,   1,    0.0000000000E+00,    4.1124439245E+02,    4.1124439245E+02,    0.0000000000E+00,    0.0000000000E+00,    0.0000000000E+00,    4.1124439245E+02
    217350,      0.676968,CP9_after_PTsource,   1,    0.0000000000E+00,    4.1124439245E+02,    4.1124439245E+02,    0.0000000000E+00,    0.0000000000E+00,    0.0000000000E+00,    4.1124439245E+02
    217350,      0.676968,CP10_after_neg_clamp,   1,    0.0000000000E+00,    4.1124439245E+02,    4.1124439245E+02,    0.0000000000E+00,    0.0000000000E+00,    0.0000000000E+00,    4.1124439245E+02
    217350,      0.676968,CP11_after_MPI,   1,    0.0000000000E+00,    4.1124439245E+02,    4.1124439245E+02,    0.0000000000E+00,    0.0000000000E+00,    0.0000000000E+00,    4.1124439245E+02
    217350,      0.676968,CP12_end,   1,    0.0000000000E+00,    4.1124439245E+02,    4.1124439245E+02,    0.0000000000E+00,    0.0000000000E+00,    0.0000000000E+00,    4.1124439245E+02
    217400,      0.676968,CP0_start,   1,    0.0000000000E+00,    4.1144292632E+02,    4.1144292632E+02,    0.0000000000E+00,    0.0000000000E+00,    0.0000000000E+00,    4.1144292632E+02
    217400,      0.676968,CP1_after_deposition,   1,    0.0000000000E+00,    4.1144292632E+02,    4.1144292632E+02,    0.0000000000E+00,    0.0000000000E+00,    0.0000000000E+00,    4.1144292632E+02
    217400,      0.676968,CP2_after_erosion,   1,                 NaN,                 NaN,                 NaN,    0.0000000000E+00,    0.0000000000E+00,    0.0000000000E+00,                 NaN
    217400,      0.676968,CP3_after_update_bottom,   1,                 NaN,                 NaN,                 NaN,    0.0000000000E+00,    0.0000000000E+00,    0.0000000000E+00,                 NaN
    217400,      0.676968,CP4_after_advection,   1,                 NaN,                 NaN,                 NaN,    0.0000000000E+00,    0.0000000000E+00,    0.0000000000E+00,                 NaN
    217400,      0.676968,CP5_after_vdif,   1,                 NaN,                 NaN,                 NaN,    0.0000000000E+00,    0.0000000000E+00,    0.0000000000E+00,                 NaN
    217400,      0.676968,CP6_after_kinetics,   1,                 NaN,                 NaN,                 NaN,    0.0000000000E+00,    0.0000000000E+00,    0.0000000000E+00,                 NaN
    217400,      0.676968,CP7_after_upper_clamp,   1,                 NaN,                 NaN,                 NaN,    0.0000000000E+00,    0.0000000000E+00,    0.0000000000E+00,                 NaN
    217400,      0.676968,CP8_after_OBC,   1,                 NaN,                 NaN,                 NaN,    0.0000000000E+00,    0.0000000000E+00,    0.0000000000E+00,                 NaN
    217400,      0.676968,CP9_after_PTsource,   1,                 NaN,                 NaN,                 NaN,    0.0000000000E+00,    0.0000000000E+00,    0.0000000000E+00,                 NaN
    217400,      0.676968,CP10_after_neg_clamp,   1,    0.0000000000E+00,    4.1084841118E+02,    4.1084841118E+02,    0.0000000000E+00,    0.0000000000E+00,    0.0000000000E+00,    4.1084841118E+02
    217400,      0.676968,CP11_after_MPI,   1,    0.0000000000E+00,    4.1084841118E+02,    4.1084841118E+02,    0.0000000000E+00,    0.0000000000E+00,    0.0000000000E+00,    4.1084841118E+02
    217400,      0.676968,CP12_end,   1,    0.0000000000E+00,    4.1084841118E+02,    4.1084841118E+02,    0.0000000000E+00,    0.0000000000E+00,    0.0000000000E+00,    4.1084841118E+02
    217450,      0.676968,CP0_start,   1,    0.0000000000E+00,    4.1105498265E+02,    4.1105498265E+02,    0.0000000000E+00,    0.0000000000E+00,    0.0000000000E+00,    4.1105498265E+02
    217450,      0.676968,CP1_after_deposition,   1,    0.0000000000E+00,    4.1105498265E+02,    4.1105498265E+02,    0.0000000000E+00,    0.0000000000E+00,    0.0000000000E+00,    4.1105498265E+02
    217450,      0.676968,CP2_after_erosion,   1,    0.0000000000E+00,    4.1105498265E+02,    4.1105498265E+02,    0.0000000000E+00,    0.0000000000E+00,    0.0000000000E+00,    4.1105498265E+02
    217450,      0.676968,CP3_after_update_bottom,   1,    0.0000000000E+00,    4.1105498265E+02,    4.1105498265E+02,    0.0000000000E+00,    0.0000000000E+00,    0.0000000000E+00,    4.1105498265E+02
    217450,      0.676968,CP4_after_advection,   1,    0.0000000000E+00,    4.1106804371E+02,    4.1106804371E+02,    0.0000000000E+00,    0.0000000000E+00,    0.0000000000E+00,    4.1106804371E+02
    217450,      0.676968,CP5_after_vdif,   1,    0.0000000000E+00,    4.1106804371E+02,    4.1106804371E+02,    0.0000000000E+00,    0.0000000000E+00,    0.0000000000E+00,    4.1106804371E+02
    217450,      0.676968,CP6_after_kinetics,   1,    0.0000000000E+00,    4.1106804371E+02,    4.1106804371E+02,    0.0000000000E+00,    0.0000000000E+00,    0.0000000000E+00,    4.1106804371E+02
    217450,      0.676968,CP7_after_upper_clamp,   1,    0.0000000000E+00,    4.1106804371E+02,    4.1106804371E+02,    0.0000000000E+00,    0.0000000000E+00,    0.0000000000E+00,    4.1106804371E+02
    217450,      0.676968,CP8_after_OBC,   1,    0.0000000000E+00,    4.1106804371E+02,    4.1106804371E+02,    0.0000000000E+00,    0.0000000000E+00,    0.0000000000E+00,    4.1106804371E+02
    217450,      0.676968,CP9_after_PTsource,   1,    0.0000000000E+00,    4.1106804371E+02,    4.1106804371E+02,    0.0000000000E+00,    0.0000000000E+00,    0.0000000000E+00,    4.1106804371E+02
    217450,      0.676968,CP10_after_neg_clamp,   1,    0.0000000000E+00,    4.1106804371E+02,    4.1106804371E+02,    0.0000000000E+00,    0.0000000000E+00,    0.0000000000E+00,    4.1106804371E+02
    217450,      0.676968,CP11_after_MPI,   1,    0.0000000000E+00,    4.1106804371E+02,    4.1106804371E+02,    0.0000000000E+00,    0.0000000000E+00,    0.0000000000E+00,    4.1106804371E+02
    217450,      0.676968,CP12_end,   1,    0.0000000000E+00,    4.1106804371E+02,    4.1106804371E+02,    0.0000000000E+00,    0.0000000000E+00,    0.0000000000E+00,    4.1106804371E+02
    217500,      0.676968,CP0_start,   1,    0.0000000000E+00,    4.1129079245E+02,    4.1129079245E+02,    0.0000000000E+00,    0.0000000000E+00,    0.0000000000E+00,    4.1129079245E+02
    217500,      0.676968,CP1_after_deposition,   1,    0.0000000000E+00,    4.1129079245E+02,    4.1129079245E+02,    0.0000000000E+00,    0.0000000000E+00,    0.0000000000E+00,    4.1129079245E+02
    217500,      0.676968,CP2_after_erosion,   1,    0.0000000000E+00,    4.1129079245E+02,    4.1129079245E+02,    0.0000000000E+00,    0.0000000000E+00,    0.0000000000E+00,    4.1129079245E+02
    217500,      0.676968,CP3_after_update_bottom,   1,    0.0000000000E+00,    4.1129079245E+02,    4.1129079245E+02,    0.0000000000E+00,    0.0000000000E+00,    0.0000000000E+00,    4.1129079245E+02
    217500,      0.676968,CP4_after_advection,   1,    0.0000000000E+00,    4.1130427506E+02,    4.1130427506E+02,    0.0000000000E+00,    0.0000000000E+00,    0.0000000000E+00,    4.1130427506E+02
    217500,      0.676968,CP5_after_vdif,   1,    0.0000000000E+00,    4.1130427506E+02,    4.1130427506E+02,    0.0000000000E+00,    0.0000000000E+00,    0.0000000000E+00,    4.1130427506E+02
    217500,      0.676968,CP6_after_kinetics,   1,    0.0000000000E+00,    4.1130427506E+02,    4.1130427506E+02,    0.0000000000E+00,    0.0000000000E+00,    0.0000000000E+00,    4.1130427506E+02
    217500,      0.676968,CP7_after_upper_clamp,   1,    0.0000000000E+00,    4.1130427506E+02,    4.1130427506E+02,    0.0000000000E+00,    0.0000000000E+00,    0.0000000000E+00,    4.1130427506E+02
    217500,      0.676968,CP8_after_OBC,   1,    0.0000000000E+00,    4.1130427506E+02,    4.1130427506E+02,    0.0000000000E+00,    0.0000000000E+00,    0.0000000000E+00,    4.1130427506E+02
    217500,      0.676968,CP9_after_PTsource,   1,    0.0000000000E+00,    4.1130427506E+02,    4.1130427506E+02,    0.0000000000E+00,    0.0000000000E+00,    0.0000000000E+00,    4.1130427506E+02
    217500,      0.676968,CP10_after_neg_clamp,   1,    0.0000000000E+00,    4.1130427506E+02,    4.1130427506E+02,    0.0000000000E+00,    0.0000000000E+00,    0.0000000000E+00,    4.1130427506E+02
    217500,      0.676968,CP11_after_MPI,   1,    0.0000000000E+00,    4.1130427506E+02,    4.1130427506E+02,    0.0000000000E+00,    0.0000000000E+00,    0.0000000000E+00,    4.1130427506E+02
    217500,      0.676968,CP12_end,   1,    0.0000000000E+00,    4.1130427506E+02,    4.1130427506E+02,    0.0000000000E+00,    0.0000000000E+00,    0.0000000000E+00,    4.1130427506E+02
    217550,      0.676968,CP0_start,   1,    0.0000000000E+00,    4.1154752819E+02,    4.1154752819E+02,    0.0000000000E+00,    0.0000000000E+00,    0.0000000000E+00,    4.1154752819E+02
    217550,      0.676968,CP1_after_deposition,   1,    0.0000000000E+00,    4.1154752819E+02,    4.1154752819E+02,    0.0000000000E+00,    0.0000000000E+00,    0.0000000000E+00,    4.1154752819E+02
    217550,      0.676968,CP2_after_erosion,   1,    0.0000000000E+00,    4.1154752819E+02,    4.1154752819E+02,    0.0000000000E+00,    0.0000000000E+00,    0.0000000000E+00,    4.1154752819E+02
    217550,      0.676968,CP3_after_update_bottom,   1,    0.0000000000E+00,    4.1154752819E+02,    4.1154752819E+02,    0.0000000000E+00,    0.0000000000E+00,    0.0000000000E+00,    4.1154752819E+02
    217550,      0.676968,CP4_after_advection,   1,    0.0000000000E+00,    4.1156117706E+02,    4.1156117706E+02,    0.0000000000E+00,    0.0000000000E+00,    0.0000000000E+00,    4.1156117706E+02
    217550,      0.676968,CP5_after_vdif,   1,    0.0000000000E+00,    4.1156117706E+02,    4.1156117706E+02,    0.0000000000E+00,    0.0000000000E+00,    0.0000000000E+00,    4.1156117706E+02
    217550,      0.676968,CP6_after_kinetics,   1,    0.0000000000E+00,    4.1156117706E+02,    4.1156117706E+02,    0.0000000000E+00,    0.0000000000E+00,    0.0000000000E+00,    4.1156117706E+02
    217550,      0.676968,CP7_after_upper_clamp,   1,    0.0000000000E+00,    4.1156117706E+02,    4.1156117706E+02,    0.0000000000E+00,    0.0000000000E+00,    0.0000000000E+00,    4.1156117706E+02
    217550,      0.676968,CP8_after_OBC,   1,    0.0000000000E+00,    4.1156117706E+02,    4.1156117706E+02,    0.0000000000E+00,    0.0000000000E+00,    0.0000000000E+00,    4.1156117706E+02
    217550,      0.676968,CP9_after_PTsource,   1,    0.0000000000E+00,    4.1156117706E+02,    4.1156117706E+02,    0.0000000000E+00,    0.0000000000E+00,    0.0000000000E+00,    4.1156117706E+02
    217550,      0.676968,CP10_after_neg_clamp,   1,    0.0000000000E+00,    4.1156117706E+02,    4.1156117706E+02,    0.0000000000E+00,    0.0000000000E+00,    0.0000000000E+00,    4.1156117706E+02
    217550,      0.676968,CP11_after_MPI,   1,    0.0000000000E+00,    4.1156117706E+02,    4.1156117706E+02,    0.0000000000E+00,    0.0000000000E+00,    0.0000000000E+00,    4.1156117706E+02
    217550,      0.676968,CP12_end,   1,    0.0000000000E+00,    4.1156117706E+02,    4.1156117706E+02,    0.0000000000E+00,    0.0000000000E+00,    0.0000000000E+00,    4.1156117706E+02
    217600,      0.676968,CP0_start,   1,    0.0000000000E+00,    4.1180288729E+02,    4.1180288729E+02,    0.0000000000E+00,    0.0000000000E+00,    0.0000000000E+00,    4.1180288729E+02
    217600,      0.676968,CP1_after_deposition,   1,    0.0000000000E+00,    4.1180288729E+02,    4.1180288729E+02,    0.0000000000E+00,    0.0000000000E+00,    0.0000000000E+00,    4.1180288729E+02
    217600,      0.676968,CP2_after_erosion,   1,    0.0000000000E+00,    4.1180288729E+02,    4.1180288729E+02,    0.0000000000E+00,    0.0000000000E+00,    0.0000000000E+00,    4.1180288729E+02
    217600,      0.676968,CP3_after_update_bottom,   1,    0.0000000000E+00,    4.1180288729E+02,    4.1180288729E+02,    0.0000000000E+00,    0.0000000000E+00,    0.0000000000E+00,    4.1180288729E+02
    217600,      0.676968,CP4_after_advection,   1,    0.0000000000E+00,    4.1181626636E+02,    4.1181626636E+02,    0.0000000000E+00,    0.0000000000E+00,    0.0000000000E+00,    4.1181626636E+02
    217600,      0.676968,CP5_after_vdif,   1,    0.0000000000E+00,    4.1181626636E+02,    4.1181626636E+02,    0.0000000000E+00,    0.0000000000E+00,    0.0000000000E+00,    4.1181626636E+02
    217600,      0.676968,CP6_after_kinetics,   1,    0.0000000000E+00,    4.1181626636E+02,    4.1181626636E+02,    0.0000000000E+00,    0.0000000000E+00,    0.0000000000E+00,    4.1181626636E+02
    217600,      0.676968,CP7_after_upper_clamp,   1,    0.0000000000E+00,    4.1181626636E+02,    4.1181626636E+02,    0.0000000000E+00,    0.0000000000E+00,    0.0000000000E+00,    4.1181626636E+02
    217600,      0.676968,CP8_after_OBC,   1,    0.0000000000E+00,    4.1181626636E+02,    4.1181626636E+02,    0.0000000000E+00,    0.0000000000E+00,    0.0000000000E+00,    4.1181626636E+02
    217600,      0.676968,CP9_after_PTsource,   1,    0.0000000000E+00,    4.1181626636E+02,    4.1181626636E+02,    0.0000000000E+00,    0.0000000000E+00,    0.0000000000E+00,    4.1181626636E+02
    217600,      0.676968,CP10_after_neg_clamp,   1,    0.0000000000E+00,    4.1181626636E+02,    4.1181626636E+02,    0.0000000000E+00,    0.0000000000E+00,    0.0000000000E+00,    4.1181626636E+02
    217600,      0.676968,CP11_after_MPI,   1,    0.0000000000E+00,    4.1181626636E+02,    4.1181626636E+02,    0.0000000000E+00,    0.0000000000E+00,    0.0000000000E+00,    4.1181626636E+02
    217600,      0.676968,CP12_end,   1,    0.0000000000E+00,    4.1181626636E+02,    4.1181626636E+02,    0.0000000000E+00,    0.0000000000E+00,    0.0000000000E+00,    4.1181626636E+02
    217650,      0.676968,CP0_start,   1,    0.0000000000E+00,    4.1204297516E+02,    4.1204297516E+02,    0.0000000000E+00,    0.0000000000E+00,    0.0000000000E+00,    4.1204297516E+02
    217650,      0.676968,CP1_after_deposition,   1,    0.0000000000E+00,    4.1204297516E+02,    4.1204297516E+02,    0.0000000000E+00,    0.0000000000E+00,    0.0000000000E+00,    4.1204297516E+02
    217650,      0.676968,CP2_after_erosion,   1,    0.0000000000E+00,    4.1204297516E+02,    4.1204297516E+02,    0.0000000000E+00,    0.0000000000E+00,    0.0000000000E+00,    4.1204297516E+02
    217650,      0.676968,CP3_after_update_bottom,   1,    0.0000000000E+00,    4.1204297516E+02,    4.1204297516E+02,    0.0000000000E+00,    0.0000000000E+00,    0.0000000000E+00,    4.1204297516E+02
    217650,      0.676968,CP4_after_advection,   1,    0.0000000000E+00,    4.1205595630E+02,    4.1205595630E+02,    0.0000000000E+00,    0.0000000000E+00,    0.0000000000E+00,    4.1205595630E+02
    217650,      0.676968,CP5_after_vdif,   1,    0.0000000000E+00,    4.1205595630E+02,    4.1205595630E+02,    0.0000000000E+00,    0.0000000000E+00,    0.0000000000E+00,    4.1205595630E+02
    217650,      0.676968,CP6_after_kinetics,   1,    0.0000000000E+00,    4.1205595630E+02,    4.1205595630E+02,    0.0000000000E+00,    0.0000000000E+00,    0.0000000000E+00,    4.1205595630E+02
    217650,      0.676968,CP7_after_upper_clamp,   1,    0.0000000000E+00,    4.1205595630E+02,    4.1205595630E+02,    0.0000000000E+00,    0.0000000000E+00,    0.0000000000E+00,    4.1205595630E+02
    217650,      0.676968,CP8_after_OBC,   1,    0.0000000000E+00,    4.1205595630E+02,    4.1205595630E+02,    0.0000000000E+00,    0.0000000000E+00,    0.0000000000E+00,    4.1205595630E+02
    217650,      0.676968,CP9_after_PTsource,   1,    0.0000000000E+00,    4.1205595630E+02,    4.1205595630E+02,    0.0000000000E+00,    0.0000000000E+00,    0.0000000000E+00,    4.1205595630E+02
    217650,      0.676968,CP10_after_neg_clamp,   1,    0.0000000000E+00,    4.1205595630E+02,    4.1205595630E+02,    0.0000000000E+00,    0.0000000000E+00,    0.0000000000E+00,    4.1205595630E+02
    217650,      0.676968,CP11_after_MPI,   1,    0.0000000000E+00,    4.1205595630E+02,    4.1205595630E+02,    0.0000000000E+00,    0.0000000000E+00,    0.0000000000E+00,    4.1205595630E+02
    217650,      0.676968,CP12_end,   1,    0.0000000000E+00,    4.1205595630E+02,    4.1205595630E+02,    0.0000000000E+00,    0.0000000000E+00,    0.0000000000E+00,    4.1205595630E+02
    217700,      0.676968,CP0_start,   1,    0.0000000000E+00,    4.1226627862E+02,    4.1226627862E+02,    0.0000000000E+00,    0.0000000000E+00,    0.0000000000E+00,    4.1226627862E+02
    217700,      0.676968,CP1_after_deposition,   1,    0.0000000000E+00,    4.1226627862E+02,    4.1226627862E+02,    0.0000000000E+00,    0.0000000000E+00,    0.0000000000E+00,    4.1226627862E+02
    217700,      0.676968,CP2_after_erosion,   1,    0.0000000000E+00,    4.1226627862E+02,    4.1226627862E+02,    0.0000000000E+00,    0.0000000000E+00,    0.0000000000E+00,    4.1226627862E+02
    217700,      0.676968,CP3_after_update_bottom,   1,    0.0000000000E+00,    4.1226627862E+02,    4.1226627862E+02,    0.0000000000E+00,    0.0000000000E+00,    0.0000000000E+00,    4.1226627862E+02
    217700,      0.676968,CP4_after_advection,   1,    0.0000000000E+00,    4.1227890007E+02,    4.1227890007E+02,    0.0000000000E+00,    0.0000000000E+00,    0.0000000000E+00,    4.1227890007E+02
    217700,      0.676968,CP5_after_vdif,   1,    0.0000000000E+00,    4.1227890007E+02,    4.1227890007E+02,    0.0000000000E+00,    0.0000000000E+00,    0.0000000000E+00,    4.1227890007E+02
    217700,      0.676968,CP6_after_kinetics,   1,    0.0000000000E+00,    4.1227890007E+02,    4.1227890007E+02,    0.0000000000E+00,    0.0000000000E+00,    0.0000000000E+00,    4.1227890007E+02
    217700,      0.676968,CP7_after_upper_clamp,   1,    0.0000000000E+00,    4.1227890007E+02,    4.1227890007E+02,    0.0000000000E+00,    0.0000000000E+00,    0.0000000000E+00,    4.1227890007E+02
    217700,      0.676968,CP8_after_OBC,   1,    0.0000000000E+00,    4.1227890007E+02,    4.1227890007E+02,    0.0000000000E+00,    0.0000000000E+00,    0.0000000000E+00,    4.1227890007E+02
    217700,      0.676968,CP9_after_PTsource,   1,    0.0000000000E+00,    4.1227890007E+02,    4.1227890007E+02,    0.0000000000E+00,    0.0000000000E+00,    0.0000000000E+00,    4.1227890007E+02
    217700,      0.676968,CP10_after_neg_clamp,   1,    0.0000000000E+00,    4.1227890007E+02,    4.1227890007E+02,    0.0000000000E+00,    0.0000000000E+00,    0.0000000000E+00,    4.1227890007E+02
    217700,      0.676968,CP11_after_MPI,   1,    0.0000000000E+00,    4.1227890007E+02,    4.1227890007E+02,    0.0000000000E+00,    0.0000000000E+00,    0.0000000000E+00,    4.1227890007E+02
    217700,      0.676968,CP12_end,   1,    0.0000000000E+00,    4.1227890007E+02,    4.1227890007E+02,    0.0000000000E+00,    0.0000000000E+00,    0.0000000000E+00,    4.1227890007E+02
    217750,      0.676968,CP0_start,   1,    0.0000000000E+00,    4.1247607670E+02,    4.1247607670E+02,    0.0000000000E+00,    0.0000000000E+00,    0.0000000000E+00,    4.1247607670E+02
    217750,      0.676968,CP1_after_deposition,   1,    0.0000000000E+00,    4.1247607670E+02,    4.1247607670E+02,    0.0000000000E+00,    0.0000000000E+00,    0.0000000000E+00,    4.1247607670E+02
    217750,      0.676968,CP2_after_erosion,   1,    0.0000000000E+00,    4.1247607670E+02,    4.1247607670E+02,    0.0000000000E+00,    0.0000000000E+00,    0.0000000000E+00,    4.1247607670E+02
    217750,      0.676968,CP3_after_update_bottom,   1,    0.0000000000E+00,    4.1247607670E+02,    4.1247607670E+02,    0.0000000000E+00,    0.0000000000E+00,    0.0000000000E+00,    4.1247607670E+02
    217750,      0.676968,CP4_after_advection,   1,    0.0000000000E+00,    4.1248841409E+02,    4.1248841409E+02,    0.0000000000E+00,    0.0000000000E+00,    0.0000000000E+00,    4.1248841409E+02
    217750,      0.676968,CP5_after_vdif,   1,    0.0000000000E+00,    4.1248841409E+02,    4.1248841409E+02,    0.0000000000E+00,    0.0000000000E+00,    0.0000000000E+00,    4.1248841409E+02
    217750,      0.676968,CP6_after_kinetics,   1,    0.0000000000E+00,    4.1248841409E+02,    4.1248841409E+02,    0.0000000000E+00,    0.0000000000E+00,    0.0000000000E+00,    4.1248841409E+02
    217750,      0.676968,CP7_after_upper_clamp,   1,    0.0000000000E+00,    4.1248841409E+02,    4.1248841409E+02,    0.0000000000E+00,    0.0000000000E+00,    0.0000000000E+00,    4.1248841409E+02
    217750,      0.676968,CP8_after_OBC,   1,    0.0000000000E+00,    4.1248841409E+02,    4.1248841409E+02,    0.0000000000E+00,    0.0000000000E+00,    0.0000000000E+00,    4.1248841409E+02
    217750,      0.676968,CP9_after_PTsource,   1,    0.0000000000E+00,    4.1248841409E+02,    4.1248841409E+02,    0.0000000000E+00,    0.0000000000E+00,    0.0000000000E+00,    4.1248841409E+02
    217750,      0.676968,CP10_after_neg_clamp,   1,    0.0000000000E+00,    4.1248841409E+02,    4.1248841409E+02,    0.0000000000E+00,    0.0000000000E+00,    0.0000000000E+00,    4.1248841409E+02
    217750,      0.676968,CP11_after_MPI,   1,    0.0000000000E+00,    4.1248841409E+02,    4.1248841409E+02,    0.0000000000E+00,    0.0000000000E+00,    0.0000000000E+00,    4.1248841409E+02
    217750,      0.676968,CP12_end,   1,    0.0000000000E+00,    4.1248841409E+02,    4.1248841409E+02,    0.0000000000E+00,    0.0000000000E+00,    0.0000000000E+00,    4.1248841409E+02
    217800,      0.676968,CP0_start,   1,    0.0000000000E+00,    4.1267634057E+02,    4.1267634057E+02,    0.0000000000E+00,    0.0000000000E+00,    0.0000000000E+00,    4.1267634057E+02
    217800,      0.676968,CP1_after_deposition,   1,    0.0000000000E+00,    4.1267634057E+02,    4.1267634057E+02,    0.0000000000E+00,    0.0000000000E+00,    0.0000000000E+00,    4.1267634057E+02
    217800,      0.676968,CP2_after_erosion,   1,    0.0000000000E+00,    4.1267634057E+02,    4.1267634057E+02,    0.0000000000E+00,    0.0000000000E+00,    0.0000000000E+00,    4.1267634057E+02
    217800,      0.676968,CP3_after_update_bottom,   1,    0.0000000000E+00,    4.1267634057E+02,    4.1267634057E+02,    0.0000000000E+00,    0.0000000000E+00,    0.0000000000E+00,    4.1267634057E+02
    217800,      0.676968,CP4_after_advection,   1,    0.0000000000E+00,    4.1268847057E+02,    4.1268847057E+02,    0.0000000000E+00,    0.0000000000E+00,    0.0000000000E+00,    4.1268847057E+02
    217800,      0.676968,CP5_after_vdif,   1,    0.0000000000E+00,    4.1268847057E+02,    4.1268847057E+02,    0.0000000000E+00,    0.0000000000E+00,    0.0000000000E+00,    4.1268847057E+02
    217800,      0.676968,CP6_after_kinetics,   1,    0.0000000000E+00,    4.1268847057E+02,    4.1268847057E+02,    0.0000000000E+00,    0.0000000000E+00,    0.0000000000E+00,    4.1268847057E+02
    217800,      0.676968,CP7_after_upper_clamp,   1,    0.0000000000E+00,    4.1268847057E+02,    4.1268847057E+02,    0.0000000000E+00,    0.0000000000E+00,    0.0000000000E+00,    4.1268847057E+02
    217800,      0.676968,CP8_after_OBC,   1,    0.0000000000E+00,    4.1268847057E+02,    4.1268847057E+02,    0.0000000000E+00,    0.0000000000E+00,    0.0000000000E+00,    4.1268847057E+02
    217800,      0.676968,CP9_after_PTsource,   1,    0.0000000000E+00,    4.1268847057E+02,    4.1268847057E+02,    0.0000000000E+00,    0.0000000000E+00,    0.0000000000E+00,    4.1268847057E+02
    217800,      0.676968,CP10_after_neg_clamp,   1,    0.0000000000E+00,    4.1268847057E+02,    4.1268847057E+02,    0.0000000000E+00,    0.0000000000E+00,    0.0000000000E+00,    4.1268847057E+02
    217800,      0.676968,CP11_after_MPI,   1,    0.0000000000E+00,    4.1268847057E+02,    4.1268847057E+02,    0.0000000000E+00,    0.0000000000E+00,    0.0000000000E+00,    4.1268847057E+02
    217800,      0.676968,CP12_end,   1,    0.0000000000E+00,    4.1268847057E+02,    4.1268847057E+02,    0.0000000000E+00,    0.0000000000E+00,    0.0000000000E+00,    4.1268847057E+02
    217850,      0.676968,CP0_start,   1,    0.0000000000E+00,    4.1287060580E+02,    4.1287060580E+02,    0.0000000000E+00,    0.0000000000E+00,    0.0000000000E+00,    4.1287060580E+02
    217850,      0.676968,CP1_after_deposition,   1,    0.0000000000E+00,    4.1287060580E+02,    4.1287060580E+02,    0.0000000000E+00,    0.0000000000E+00,    0.0000000000E+00,    4.1287060580E+02
    217850,      0.676968,CP2_after_erosion,   1,    0.0000000000E+00,    4.1287060580E+02,    4.1287060580E+02,    0.0000000000E+00,    0.0000000000E+00,    0.0000000000E+00,    4.1287060580E+02
    217850,      0.676968,CP3_after_update_bottom,   1,    0.0000000000E+00,    4.1287060580E+02,    4.1287060580E+02,    0.0000000000E+00,    0.0000000000E+00,    0.0000000000E+00,    4.1287060580E+02
    217850,      0.676968,CP4_after_advection,   1,    0.0000000000E+00,    4.1288259029E+02,    4.1288259029E+02,    0.0000000000E+00,    0.0000000000E+00,    0.0000000000E+00,    4.1288259029E+02
    217850,      0.676968,CP5_after_vdif,   1,    0.0000000000E+00,    4.1288259029E+02,    4.1288259029E+02,    0.0000000000E+00,    0.0000000000E+00,    0.0000000000E+00,    4.1288259029E+02
    217850,      0.676968,CP6_after_kinetics,   1,    0.0000000000E+00,    4.1288259029E+02,    4.1288259029E+02,    0.0000000000E+00,    0.0000000000E+00,    0.0000000000E+00,    4.1288259029E+02
    217850,      0.676968,CP7_after_upper_clamp,   1,    0.0000000000E+00,    4.1288259029E+02,    4.1288259029E+02,    0.0000000000E+00,    0.0000000000E+00,    0.0000000000E+00,    4.1288259029E+02
    217850,      0.676968,CP8_after_OBC,   1,    0.0000000000E+00,    4.1288259029E+02,    4.1288259029E+02,    0.0000000000E+00,    0.0000000000E+00,    0.0000000000E+00,    4.1288259029E+02
    217850,      0.676968,CP9_after_PTsource,   1,    0.0000000000E+00,    4.1288259029E+02,    4.1288259029E+02,    0.0000000000E+00,    0.0000000000E+00,    0.0000000000E+00,    4.1288259029E+02
    217850,      0.676968,CP10_after_neg_clamp,   1,    0.0000000000E+00,    4.1288259029E+02,    4.1288259029E+02,    0.0000000000E+00,    0.0000000000E+00,    0.0000000000E+00,    4.1288259029E+02
    217850,      0.676968,CP11_after_MPI,   1,    0.0000000000E+00,    4.1288259029E+02,    4.1288259029E+02,    0.0000000000E+00,    0.0000000000E+00,    0.0000000000E+00,    4.1288259029E+02
    217850,      0.676968,CP12_end,   1,    0.0000000000E+00,    4.1288259029E+02,    4.1288259029E+02,    0.0000000000E+00,    0.0000000000E+00,    0.0000000000E+00,    4.1288259029E+02
    217900,      0.676968,CP0_start,   1,    0.0000000000E+00,    4.1306189848E+02,    4.1306189848E+02,    0.0000000000E+00,    0.0000000000E+00,    0.0000000000E+00,    4.1306189848E+02
    217900,      0.676968,CP1_after_deposition,   1,    0.0000000000E+00,    4.1306189848E+02,    4.1306189848E+02,    0.0000000000E+00,    0.0000000000E+00,    0.0000000000E+00,    4.1306189848E+02
    217900,      0.676968,CP2_after_erosion,   1,    0.0000000000E+00,    4.1306189848E+02,    4.1306189848E+02,    0.0000000000E+00,    0.0000000000E+00,    0.0000000000E+00,    4.1306189848E+02
    217900,      0.676968,CP3_after_update_bottom,   1,    0.0000000000E+00,    4.1306189848E+02,    4.1306189848E+02,    0.0000000000E+00,    0.0000000000E+00,    0.0000000000E+00,    4.1306189848E+02
    217900,      0.676968,CP4_after_advection,   1,    0.0000000000E+00,    4.1307379349E+02,    4.1307379349E+02,    0.0000000000E+00,    0.0000000000E+00,    0.0000000000E+00,    4.1307379349E+02
    217900,      0.676968,CP5_after_vdif,   1,    0.0000000000E+00,    4.1307379349E+02,    4.1307379349E+02,    0.0000000000E+00,    0.0000000000E+00,    0.0000000000E+00,    4.1307379349E+02
    217900,      0.676968,CP6_after_kinetics,   1,    0.0000000000E+00,    4.1307379349E+02,    4.1307379349E+02,    0.0000000000E+00,    0.0000000000E+00,    0.0000000000E+00,    4.1307379349E+02
    217900,      0.676968,CP7_after_upper_clamp,   1,    0.0000000000E+00,    4.1307379349E+02,    4.1307379349E+02,    0.0000000000E+00,    0.0000000000E+00,    0.0000000000E+00,    4.1307379349E+02
    217900,      0.676968,CP8_after_OBC,   1,    0.0000000000E+00,    4.1307379349E+02,    4.1307379349E+02,    0.0000000000E+00,    0.0000000000E+00,    0.0000000000E+00,    4.1307379349E+02
    217900,      0.676968,CP9_after_PTsource,   1,    0.0000000000E+00,    4.1307379349E+02,    4.1307379349E+02,    0.0000000000E+00,    0.0000000000E+00,    0.0000000000E+00,    4.1307379349E+02
    217900,      0.676968,CP10_after_neg_clamp,   1,    0.0000000000E+00,    4.1307379349E+02,    4.1307379349E+02,    0.0000000000E+00,    0.0000000000E+00,    0.0000000000E+00,    4.1307379349E+02
    217900,      0.676968,CP11_after_MPI,   1,    0.0000000000E+00,    4.1307379349E+02,    4.1307379349E+02,    0.0000000000E+00,    0.0000000000E+00,    0.0000000000E+00,    4.1307379349E+02
    217900,      0.676968,CP12_end,   1,    0.0000000000E+00,    4.1307379349E+02,    4.1307379349E+02,    0.0000000000E+00,    0.0000000000E+00,    0.0000000000E+00,    4.1307379349E+02
    217950,      0.676968,CP0_start,   1,    0.0000000000E+00,    4.1325298673E+02,    4.1325298673E+02,    0.0000000000E+00,    0.0000000000E+00,    0.0000000000E+00,    4.1325298673E+02
    217950,      0.676968,CP1_after_deposition,   1,    0.0000000000E+00,    4.1325298673E+02,    4.1325298673E+02,    0.0000000000E+00,    0.0000000000E+00,    0.0000000000E+00,    4.1325298673E+02
    217950,      0.676968,CP2_after_erosion,   1,    0.0000000000E+00,    4.1325298673E+02,    4.1325298673E+02,    0.0000000000E+00,    0.0000000000E+00,    0.0000000000E+00,    4.1325298673E+02
    217950,      0.676968,CP3_after_update_bottom,   1,    0.0000000000E+00,    4.1325298673E+02,    4.1325298673E+02,    0.0000000000E+00,    0.0000000000E+00,    0.0000000000E+00,    4.1325298673E+02
    217950,      0.676968,CP4_after_advection,   1,    0.0000000000E+00,    4.1326484317E+02,    4.1326484317E+02,    0.0000000000E+00,    0.0000000000E+00,    0.0000000000E+00,    4.1326484317E+02
    217950,      0.676968,CP5_after_vdif,   1,    0.0000000000E+00,    4.1326484317E+02,    4.1326484317E+02,    0.0000000000E+00,    0.0000000000E+00,    0.0000000000E+00,    4.1326484317E+02
    217950,      0.676968,CP6_after_kinetics,   1,    0.0000000000E+00,    4.1326484317E+02,    4.1326484317E+02,    0.0000000000E+00,    0.0000000000E+00,    0.0000000000E+00,    4.1326484317E+02
    217950,      0.676968,CP7_after_upper_clamp,   1,    0.0000000000E+00,    4.1326484317E+02,    4.1326484317E+02,    0.0000000000E+00,    0.0000000000E+00,    0.0000000000E+00,    4.1326484317E+02
    217950,      0.676968,CP8_after_OBC,   1,    0.0000000000E+00,    4.1326484317E+02,    4.1326484317E+02,    0.0000000000E+00,    0.0000000000E+00,    0.0000000000E+00,    4.1326484317E+02
    217950,      0.676968,CP9_after_PTsource,   1,    0.0000000000E+00,    4.1326484317E+02,    4.1326484317E+02,    0.0000000000E+00,    0.0000000000E+00,    0.0000000000E+00,    4.1326484317E+02
    217950,      0.676968,CP10_after_neg_clamp,   1,    0.0000000000E+00,    4.1326484317E+02,    4.1326484317E+02,    0.0000000000E+00,    0.0000000000E+00,    0.0000000000E+00,    4.1326484317E+02
    217950,      0.676968,CP11_after_MPI,   1,    0.0000000000E+00,    4.1326484317E+02,    4.1326484317E+02,    0.0000000000E+00,    0.0000000000E+00,    0.0000000000E+00,    4.1326484317E+02
    217950,      0.676968,CP12_end,   1,    0.0000000000E+00,    4.1326484317E+02,    4.1326484317E+02,    0.0000000000E+00,    0.0000000000E+00,    0.0000000000E+00,    4.1326484317E+02
    218000,      0.676968,CP0_start,   1,    0.0000000000E+00,    4.1344655655E+02,    4.1344655655E+02,    0.0000000000E+00,    0.0000000000E+00,    0.0000000000E+00,    4.1344655655E+02
    218000,      0.676968,CP1_after_deposition,   1,    0.0000000000E+00,    4.1344655655E+02,    4.1344655655E+02,    0.0000000000E+00,    0.0000000000E+00,    0.0000000000E+00,    4.1344655655E+02
    218000,      0.676968,CP2_after_erosion,   1,    0.0000000000E+00,    4.1344655655E+02,    4.1344655655E+02,    0.0000000000E+00,    0.0000000000E+00,    0.0000000000E+00,    4.1344655655E+02
    218000,      0.676968,CP3_after_update_bottom,   1,    0.0000000000E+00,    4.1344655655E+02,    4.1344655655E+02,    0.0000000000E+00,    0.0000000000E+00,    0.0000000000E+00,    4.1344655655E+02
    218000,      0.676968,CP4_after_advection,   1,    0.0000000000E+00,    4.1345842287E+02,    4.1345842287E+02,    0.0000000000E+00,    0.0000000000E+00,    0.0000000000E+00,    4.1345842287E+02
    218000,      0.676968,CP5_after_vdif,   1,    0.0000000000E+00,    4.1345842287E+02,    4.1345842287E+02,    0.0000000000E+00,    0.0000000000E+00,    0.0000000000E+00,    4.1345842287E+02
    218000,      0.676968,CP6_after_kinetics,   1,    0.0000000000E+00,    4.1345842287E+02,    4.1345842287E+02,    0.0000000000E+00,    0.0000000000E+00,    0.0000000000E+00,    4.1345842287E+02
    218000,      0.676968,CP7_after_upper_clamp,   1,    0.0000000000E+00,    4.1345842287E+02,    4.1345842287E+02,    0.0000000000E+00,    0.0000000000E+00,    0.0000000000E+00,    4.1345842287E+02
    218000,      0.676968,CP8_after_OBC,   1,    0.0000000000E+00,    4.1345842287E+02,    4.1345842287E+02,    0.0000000000E+00,    0.0000000000E+00,    0.0000000000E+00,    4.1345842287E+02
    218000,      0.676968,CP9_after_PTsource,   1,    0.0000000000E+00,    4.1345842287E+02,    4.1345842287E+02,    0.0000000000E+00,    0.0000000000E+00,    0.0000000000E+00,    4.1345842287E+02
    218000,      0.676968,CP10_after_neg_clamp,   1,    0.0000000000E+00,    4.1345842287E+02,    4.1345842287E+02,    0.0000000000E+00,    0.0000000000E+00,    0.0000000000E+00,    4.1345842287E+02
    218000,      0.676968,CP11_after_MPI,   1,    0.0000000000E+00,    4.1345842287E+02,    4.1345842287E+02,    0.0000000000E+00,    0.0000000000E+00,    0.0000000000E+00,    4.1345842287E+02
    218000,      0.676968,CP12_end,   1,    0.0000000000E+00,    4.1345842287E+02,    4.1345842287E+02,    0.0000000000E+00,    0.0000000000E+00,    0.0000000000E+00,    4.1345842287E+02
    218050,      0.676968,CP0_start,   1,    0.0000000000E+00,    4.1364457644E+02,    4.1364457644E+02,    0.0000000000E+00,    0.0000000000E+00,    0.0000000000E+00,    4.1364457644E+02
    218050,      0.676968,CP1_after_deposition,   1,    0.0000000000E+00,    4.1364457644E+02,    4.1364457644E+02,    0.0000000000E+00,    0.0000000000E+00,    0.0000000000E+00,    4.1364457644E+02
    218050,      0.676968,CP2_after_erosion,   1,    0.0000000000E+00,    4.1364457644E+02,    4.1364457644E+02,    0.0000000000E+00,    0.0000000000E+00,    0.0000000000E+00,    4.1364457644E+02
    218050,      0.676968,CP3_after_update_bottom,   1,    0.0000000000E+00,    4.1364457644E+02,    4.1364457644E+02,    0.0000000000E+00,    0.0000000000E+00,    0.0000000000E+00,    4.1364457644E+02
    218050,      0.676968,CP4_after_advection,   1,    0.0000000000E+00,    4.1365647575E+02,    4.1365647575E+02,    0.0000000000E+00,    0.0000000000E+00,    0.0000000000E+00,    4.1365647575E+02
    218050,      0.676968,CP5_after_vdif,   1,    0.0000000000E+00,    4.1365647575E+02,    4.1365647575E+02,    0.0000000000E+00,    0.0000000000E+00,    0.0000000000E+00,    4.1365647575E+02
    218050,      0.676968,CP6_after_kinetics,   1,    0.0000000000E+00,    4.1365647575E+02,    4.1365647575E+02,    0.0000000000E+00,    0.0000000000E+00,    0.0000000000E+00,    4.1365647575E+02
    218050,      0.676968,CP7_after_upper_clamp,   1,    0.0000000000E+00,    4.1365647575E+02,    4.1365647575E+02,    0.0000000000E+00,    0.0000000000E+00,    0.0000000000E+00,    4.1365647575E+02
    218050,      0.676968,CP8_after_OBC,   1,    0.0000000000E+00,    4.1365647575E+02,    4.1365647575E+02,    0.0000000000E+00,    0.0000000000E+00,    0.0000000000E+00,    4.1365647575E+02
    218050,      0.676968,CP9_after_PTsource,   1,    0.0000000000E+00,    4.1365647575E+02,    4.1365647575E+02,    0.0000000000E+00,    0.0000000000E+00,    0.0000000000E+00,    4.1365647575E+02
    218050,      0.676968,CP10_after_neg_clamp,   1,    0.0000000000E+00,    4.1365647575E+02,    4.1365647575E+02,    0.0000000000E+00,    0.0000000000E+00,    0.0000000000E+00,    4.1365647575E+02
    218050,      0.676968,CP11_after_MPI,   1,    0.0000000000E+00,    4.1365647575E+02,    4.1365647575E+02,    0.0000000000E+00,    0.0000000000E+00,    0.0000000000E+00,    4.1365647575E+02
    218050,      0.676968,CP12_end,   1,    0.0000000000E+00,    4.1365647575E+02,    4.1365647575E+02,    0.0000000000E+00,    0.0000000000E+00,    0.0000000000E+00,    4.1365647575E+02
    218100,      0.676968,CP0_start,   1,    0.0000000000E+00,    4.1384748838E+02,    4.1384748838E+02,    0.0000000000E+00,    0.0000000000E+00,    0.0000000000E+00,    4.1384748838E+02
    218100,      0.676968,CP1_after_deposition,   1,    0.0000000000E+00,    4.1384748838E+02,    4.1384748838E+02,    0.0000000000E+00,    0.0000000000E+00,    0.0000000000E+00,    4.1384748838E+02
    218100,      0.676968,CP2_after_erosion,   1,    0.0000000000E+00,    4.1384748838E+02,    4.1384748838E+02,    0.0000000000E+00,    0.0000000000E+00,    0.0000000000E+00,    4.1384748838E+02
    218100,      0.676968,CP3_after_update_bottom,   1,    0.0000000000E+00,    4.1384748838E+02,    4.1384748838E+02,    0.0000000000E+00,    0.0000000000E+00,    0.0000000000E+00,    4.1384748838E+02
    218100,      0.676968,CP4_after_advection,   1,    0.0000000000E+00,    4.1385941247E+02,    4.1385941247E+02,    0.0000000000E+00,    0.0000000000E+00,    0.0000000000E+00,    4.1385941247E+02
    218100,      0.676968,CP5_after_vdif,   1,    0.0000000000E+00,    4.1385941247E+02,    4.1385941247E+02,    0.0000000000E+00,    0.0000000000E+00,    0.0000000000E+00,    4.1385941247E+02
    218100,      0.676968,CP6_after_kinetics,   1,    0.0000000000E+00,    4.1385941247E+02,    4.1385941247E+02,    0.0000000000E+00,    0.0000000000E+00,    0.0000000000E+00,    4.1385941247E+02
    218100,      0.676968,CP7_after_upper_clamp,   1,    0.0000000000E+00,    4.1385941247E+02,    4.1385941247E+02,    0.0000000000E+00,    0.0000000000E+00,    0.0000000000E+00,    4.1385941247E+02
    218100,      0.676968,CP8_after_OBC,   1,    0.0000000000E+00,    4.1385941247E+02,    4.1385941247E+02,    0.0000000000E+00,    0.0000000000E+00,    0.0000000000E+00,    4.1385941247E+02
    218100,      0.676968,CP9_after_PTsource,   1,    0.0000000000E+00,    4.1385941247E+02,    4.1385941247E+02,    0.0000000000E+00,    0.0000000000E+00,    0.0000000000E+00,    4.1385941247E+02
    218100,      0.676968,CP10_after_neg_clamp,   1,    0.0000000000E+00,    4.1385941247E+02,    4.1385941247E+02,    0.0000000000E+00,    0.0000000000E+00,    0.0000000000E+00,    4.1385941247E+02
    218100,      0.676968,CP11_after_MPI,   1,    0.0000000000E+00,    4.1385941247E+02,    4.1385941247E+02,    0.0000000000E+00,    0.0000000000E+00,    0.0000000000E+00,    4.1385941247E+02
    218100,      0.676968,CP12_end,   1,    0.0000000000E+00,    4.1385941247E+02,    4.1385941247E+02,    0.0000000000E+00,    0.0000000000E+00,    0.0000000000E+00,    4.1385941247E+02
    218150,      0.676968,CP0_start,   1,    0.0000000000E+00,    4.1405470405E+02,    4.1405470405E+02,    0.0000000000E+00,    0.0000000000E+00,    0.0000000000E+00,    4.1405470405E+02
    218150,      0.676968,CP1_after_deposition,   1,    0.0000000000E+00,    4.1405470405E+02,    4.1405470405E+02,    0.0000000000E+00,    0.0000000000E+00,    0.0000000000E+00,    4.1405470405E+02
    218150,      0.676968,CP2_after_erosion,   1,    0.0000000000E+00,    4.1405470405E+02,    4.1405470405E+02,    0.0000000000E+00,    0.0000000000E+00,    0.0000000000E+00,    4.1405470405E+02
    218150,      0.676968,CP3_after_update_bottom,   1,    0.0000000000E+00,    4.1405470405E+02,    4.1405470405E+02,    0.0000000000E+00,    0.0000000000E+00,    0.0000000000E+00,    4.1405470405E+02
    218150,      0.676968,CP4_after_advection,   1,    0.0000000000E+00,    4.1406663208E+02,    4.1406663208E+02,    0.0000000000E+00,    0.0000000000E+00,    0.0000000000E+00,    4.1406663208E+02
    218150,      0.676968,CP5_after_vdif,   1,    0.0000000000E+00,    4.1406663208E+02,    4.1406663208E+02,    0.0000000000E+00,    0.0000000000E+00,    0.0000000000E+00,    4.1406663208E+02
    218150,      0.676968,CP6_after_kinetics,   1,    0.0000000000E+00,    4.1406663208E+02,    4.1406663208E+02,    0.0000000000E+00,    0.0000000000E+00,    0.0000000000E+00,    4.1406663208E+02
    218150,      0.676968,CP7_after_upper_clamp,   1,    0.0000000000E+00,    4.1406663208E+02,    4.1406663208E+02,    0.0000000000E+00,    0.0000000000E+00,    0.0000000000E+00,    4.1406663208E+02
    218150,      0.676968,CP8_after_OBC,   1,    0.0000000000E+00,    4.1406663208E+02,    4.1406663208E+02,    0.0000000000E+00,    0.0000000000E+00,    0.0000000000E+00,    4.1406663208E+02
    218150,      0.676968,CP9_after_PTsource,   1,    0.0000000000E+00,    4.1406663208E+02,    4.1406663208E+02,    0.0000000000E+00,    0.0000000000E+00,    0.0000000000E+00,    4.1406663208E+02
    218150,      0.676968,CP10_after_neg_clamp,   1,    0.0000000000E+00,    4.1406663208E+02,    4.1406663208E+02,    0.0000000000E+00,    0.0000000000E+00,    0.0000000000E+00,    4.1406663208E+02
    218150,      0.676968,CP11_after_MPI,   1,    0.0000000000E+00,    4.1406663208E+02,    4.1406663208E+02,    0.0000000000E+00,    0.0000000000E+00,    0.0000000000E+00,    4.1406663208E+02
    218150,      0.676968,CP12_end,   1,    0.0000000000E+00,    4.1406663208E+02,    4.1406663208E+02,    0.0000000000E+00,    0.0000000000E+00,    0.0000000000E+00,    4.1406663208E+02
    218200,      0.676968,CP0_start,   1,    0.0000000000E+00,    4.1426512616E+02,    4.1426512616E+02,    0.0000000000E+00,    0.0000000000E+00,    0.0000000000E+00,    4.1426512616E+02
    218200,      0.676968,CP1_after_deposition,   1,    0.0000000000E+00,    4.1426512616E+02,    4.1426512616E+02,    0.0000000000E+00,    0.0000000000E+00,    0.0000000000E+00,    4.1426512616E+02
    218200,      0.676968,CP2_after_erosion,   1,    0.0000000000E+00,    4.1426512616E+02,    4.1426512616E+02,    0.0000000000E+00,    0.0000000000E+00,    0.0000000000E+00,    4.1426512616E+02
    218200,      0.676968,CP3_after_update_bottom,   1,    0.0000000000E+00,    4.1426512616E+02,    4.1426512616E+02,    0.0000000000E+00,    0.0000000000E+00,    0.0000000000E+00,    4.1426512616E+02
    218200,      0.676968,CP4_after_advection,   1,    0.0000000000E+00,    4.1427702675E+02,    4.1427702675E+02,    0.0000000000E+00,    0.0000000000E+00,    0.0000000000E+00,    4.1427702675E+02
    218200,      0.676968,CP5_after_vdif,   1,    0.0000000000E+00,    4.1427702675E+02,    4.1427702675E+02,    0.0000000000E+00,    0.0000000000E+00,    0.0000000000E+00,    4.1427702675E+02
    218200,      0.676968,CP6_after_kinetics,   1,    0.0000000000E+00,    4.1427702675E+02,    4.1427702675E+02,    0.0000000000E+00,    0.0000000000E+00,    0.0000000000E+00,    4.1427702675E+02
    218200,      0.676968,CP7_after_upper_clamp,   1,    0.0000000000E+00,    4.1427702675E+02,    4.1427702675E+02,    0.0000000000E+00,    0.0000000000E+00,    0.0000000000E+00,    4.1427702675E+02
    218200,      0.676968,CP8_after_OBC,   1,    0.0000000000E+00,    4.1427702675E+02,    4.1427702675E+02,    0.0000000000E+00,    0.0000000000E+00,    0.0000000000E+00,    4.1427702675E+02
    218200,      0.676968,CP9_after_PTsource,   1,    0.0000000000E+00,    4.1427702675E+02,    4.1427702675E+02,    0.0000000000E+00,    0.0000000000E+00,    0.0000000000E+00,    4.1427702675E+02
    218200,      0.676968,CP10_after_neg_clamp,   1,    0.0000000000E+00,    4.1427702675E+02,    4.1427702675E+02,    0.0000000000E+00,    0.0000000000E+00,    0.0000000000E+00,    4.1427702675E+02
    218200,      0.676968,CP11_after_MPI,   1,    0.0000000000E+00,    4.1427702675E+02,    4.1427702675E+02,    0.0000000000E+00,    0.0000000000E+00,    0.0000000000E+00,    4.1427702675E+02
    218200,      0.676968,CP12_end,   1,    0.0000000000E+00,    4.1427702675E+02,    4.1427702675E+02,    0.0000000000E+00,    0.0000000000E+00,    0.0000000000E+00,    4.1427702675E+02
    218250,      0.676968,CP0_start,   1,    0.0000000000E+00,    4.1447710834E+02,    4.1447710834E+02,    0.0000000000E+00,    0.0000000000E+00,    0.0000000000E+00,    4.1447710834E+02
    218250,      0.676968,CP1_after_deposition,   1,    0.0000000000E+00,    4.1447710834E+02,    4.1447710834E+02,    0.0000000000E+00,    0.0000000000E+00,    0.0000000000E+00,    4.1447710834E+02
    218250,      0.676968,CP2_after_erosion,   1,    0.0000000000E+00,    4.1447710834E+02,    4.1447710834E+02,    0.0000000000E+00,    0.0000000000E+00,    0.0000000000E+00,    4.1447710834E+02
    218250,      0.676968,CP3_after_update_bottom,   1,    0.0000000000E+00,    4.1447710834E+02,    4.1447710834E+02,    0.0000000000E+00,    0.0000000000E+00,    0.0000000000E+00,    4.1447710834E+02
    218250,      0.676968,CP4_after_advection,   1,    0.0000000000E+00,    4.1448894190E+02,    4.1448894190E+02,    0.0000000000E+00,    0.0000000000E+00,    0.0000000000E+00,    4.1448894190E+02
    218250,      0.676968,CP5_after_vdif,   1,    0.0000000000E+00,    4.1448894190E+02,    4.1448894190E+02,    0.0000000000E+00,    0.0000000000E+00,    0.0000000000E+00,    4.1448894190E+02
    218250,      0.676968,CP6_after_kinetics,   1,    0.0000000000E+00,    4.1448894190E+02,    4.1448894190E+02,    0.0000000000E+00,    0.0000000000E+00,    0.0000000000E+00,    4.1448894190E+02
    218250,      0.676968,CP7_after_upper_clamp,   1,    0.0000000000E+00,    4.1448894190E+02,    4.1448894190E+02,    0.0000000000E+00,    0.0000000000E+00,    0.0000000000E+00,    4.1448894190E+02
    218250,      0.676968,CP8_after_OBC,   1,    0.0000000000E+00,    4.1448894190E+02,    4.1448894190E+02,    0.0000000000E+00,    0.0000000000E+00,    0.0000000000E+00,    4.1448894190E+02
    218250,      0.676968,CP9_after_PTsource,   1,    0.0000000000E+00,    4.1448894190E+02,    4.1448894190E+02,    0.0000000000E+00,    0.0000000000E+00,    0.0000000000E+00,    4.1448894190E+02
    218250,      0.676968,CP10_after_neg_clamp,   1,    0.0000000000E+00,    4.1448894190E+02,    4.1448894190E+02,    0.0000000000E+00,    0.0000000000E+00,    0.0000000000E+00,    4.1448894190E+02
    218250,      0.676968,CP11_after_MPI,   1,    0.0000000000E+00,    4.1448894190E+02,    4.1448894190E+02,    0.0000000000E+00,    0.0000000000E+00,    0.0000000000E+00,    4.1448894190E+02
    218250,      0.676968,CP12_end,   1,    0.0000000000E+00,    4.1448894190E+02,    4.1448894190E+02,    0.0000000000E+00,    0.0000000000E+00,    0.0000000000E+00,    4.1448894190E+02
    218300,      0.676968,CP0_start,   1,    0.0000000000E+00,    4.1468893658E+02,    4.1468893658E+02,    0.0000000000E+00,    0.0000000000E+00,    0.0000000000E+00,    4.1468893658E+02
    218300,      0.676968,CP1_after_deposition,   1,    0.0000000000E+00,    4.1468893658E+02,    4.1468893658E+02,    0.0000000000E+00,    0.0000000000E+00,    0.0000000000E+00,    4.1468893658E+02
    218300,      0.676968,CP2_after_erosion,   1,    0.0000000000E+00,    4.1468893658E+02,    4.1468893658E+02,    0.0000000000E+00,    0.0000000000E+00,    0.0000000000E+00,    4.1468893658E+02
    218300,      0.676968,CP3_after_update_bottom,   1,    0.0000000000E+00,    4.1468893658E+02,    4.1468893658E+02,    0.0000000000E+00,    0.0000000000E+00,    0.0000000000E+00,    4.1468893658E+02
    218300,      0.676968,CP4_after_advection,   1,    0.0000000000E+00,    4.1470066849E+02,    4.1470066849E+02,    0.0000000000E+00,    0.0000000000E+00,    0.0000000000E+00,    4.1470066849E+02
    218300,      0.676968,CP5_after_vdif,   1,    0.0000000000E+00,    4.1470066849E+02,    4.1470066849E+02,    0.0000000000E+00,    0.0000000000E+00,    0.0000000000E+00,    4.1470066849E+02
    218300,      0.676968,CP6_after_kinetics,   1,    0.0000000000E+00,    4.1470066849E+02,    4.1470066849E+02,    0.0000000000E+00,    0.0000000000E+00,    0.0000000000E+00,    4.1470066849E+02
    218300,      0.676968,CP7_after_upper_clamp,   1,    0.0000000000E+00,    4.1470066849E+02,    4.1470066849E+02,    0.0000000000E+00,    0.0000000000E+00,    0.0000000000E+00,    4.1470066849E+02
    218300,      0.676968,CP8_after_OBC,   1,    0.0000000000E+00,    4.1470066849E+02,    4.1470066849E+02,    0.0000000000E+00,    0.0000000000E+00,    0.0000000000E+00,    4.1470066849E+02
    218300,      0.676968,CP9_after_PTsource,   1,    0.0000000000E+00,    4.1470066849E+02,    4.1470066849E+02,    0.0000000000E+00,    0.0000000000E+00,    0.0000000000E+00,    4.1470066849E+02
    218300,      0.676968,CP10_after_neg_clamp,   1,    0.0000000000E+00,    4.1470066849E+02,    4.1470066849E+02,    0.0000000000E+00,    0.0000000000E+00,    0.0000000000E+00,    4.1470066849E+02
    218300,      0.676968,CP11_after_MPI,   1,    0.0000000000E+00,    4.1470066849E+02,    4.1470066849E+02,    0.0000000000E+00,    0.0000000000E+00,    0.0000000000E+00,    4.1470066849E+02
    218300,      0.676968,CP12_end,   1,    0.0000000000E+00,    4.1470066849E+02,    4.1470066849E+02,    0.0000000000E+00,    0.0000000000E+00,    0.0000000000E+00,    4.1470066849E+02
    218350,      0.676968,CP0_start,   1,    0.0000000000E+00,    4.1489931547E+02,    4.1489931547E+02,    0.0000000000E+00,    0.0000000000E+00,    0.0000000000E+00,    4.1489931547E+02
    218350,      0.676968,CP1_after_deposition,   1,    0.0000000000E+00,    4.1489931547E+02,    4.1489931547E+02,    0.0000000000E+00,    0.0000000000E+00,    0.0000000000E+00,    4.1489931547E+02
    218350,      0.676968,CP2_after_erosion,   1,    0.0000000000E+00,    4.1489931547E+02,    4.1489931547E+02,    0.0000000000E+00,    0.0000000000E+00,    0.0000000000E+00,    4.1489931547E+02
    218350,      0.676968,CP3_after_update_bottom,   1,    0.0000000000E+00,    4.1489931547E+02,    4.1489931547E+02,    0.0000000000E+00,    0.0000000000E+00,    0.0000000000E+00,    4.1489931547E+02
    218350,      0.676968,CP4_after_advection,   1,    0.0000000000E+00,    4.1491092105E+02,    4.1491092105E+02,    0.0000000000E+00,    0.0000000000E+00,    0.0000000000E+00,    4.1491092105E+02
    218350,      0.676968,CP5_after_vdif,   1,    0.0000000000E+00,    4.1491092105E+02,    4.1491092105E+02,    0.0000000000E+00,    0.0000000000E+00,    0.0000000000E+00,    4.1491092105E+02
    218350,      0.676968,CP6_after_kinetics,   1,    0.0000000000E+00,    4.1491092105E+02,    4.1491092105E+02,    0.0000000000E+00,    0.0000000000E+00,    0.0000000000E+00,    4.1491092105E+02
    218350,      0.676968,CP7_after_upper_clamp,   1,    0.0000000000E+00,    4.1491092105E+02,    4.1491092105E+02,    0.0000000000E+00,    0.0000000000E+00,    0.0000000000E+00,    4.1491092105E+02
    218350,      0.676968,CP8_after_OBC,   1,    0.0000000000E+00,    4.1491092105E+02,    4.1491092105E+02,    0.0000000000E+00,    0.0000000000E+00,    0.0000000000E+00,    4.1491092105E+02
    218350,      0.676968,CP9_after_PTsource,   1,    0.0000000000E+00,    4.1491092105E+02,    4.1491092105E+02,    0.0000000000E+00,    0.0000000000E+00,    0.0000000000E+00,    4.1491092105E+02
    218350,      0.676968,CP10_after_neg_clamp,   1,    0.0000000000E+00,    4.1491092105E+02,    4.1491092105E+02,    0.0000000000E+00,    0.0000000000E+00,    0.0000000000E+00,    4.1491092105E+02
    218350,      0.676968,CP11_after_MPI,   1,    0.0000000000E+00,    4.1491092105E+02,    4.1491092105E+02,    0.0000000000E+00,    0.0000000000E+00,    0.0000000000E+00,    4.1491092105E+02
    218350,      0.676968,CP12_end,   1,    0.0000000000E+00,    4.1491092105E+02,    4.1491092105E+02,    0.0000000000E+00,    0.0000000000E+00,    0.0000000000E+00,    4.1491092105E+02
    218400,      0.676968,CP0_start,   1,    0.0000000000E+00,    4.1510751848E+02,    4.1510751848E+02,    0.0000000000E+00,    0.0000000000E+00,    0.0000000000E+00,    4.1510751848E+02
    218400,      0.676968,CP1_after_deposition,   1,    0.0000000000E+00,    4.1510751848E+02,    4.1510751848E+02,    0.0000000000E+00,    0.0000000000E+00,    0.0000000000E+00,    4.1510751848E+02
    218400,      0.676968,CP2_after_erosion,   1,    0.0000000000E+00,    4.1510751848E+02,    4.1510751848E+02,    0.0000000000E+00,    0.0000000000E+00,    0.0000000000E+00,    4.1510751848E+02
    218400,      0.676968,CP3_after_update_bottom,   1,    0.0000000000E+00,    4.1510751848E+02,    4.1510751848E+02,    0.0000000000E+00,    0.0000000000E+00,    0.0000000000E+00,    4.1510751848E+02
    218400,      0.676968,CP4_after_advection,   1,    0.0000000000E+00,    4.1511898600E+02,    4.1511898600E+02,    0.0000000000E+00,    0.0000000000E+00,    0.0000000000E+00,    4.1511898600E+02
    218400,      0.676968,CP5_after_vdif,   1,    0.0000000000E+00,    4.1511898600E+02,    4.1511898600E+02,    0.0000000000E+00,    0.0000000000E+00,    0.0000000000E+00,    4.1511898600E+02
    218400,      0.676968,CP6_after_kinetics,   1,    0.0000000000E+00,    4.1511898600E+02,    4.1511898600E+02,    0.0000000000E+00,    0.0000000000E+00,    0.0000000000E+00,    4.1511898600E+02
    218400,      0.676968,CP7_after_upper_clamp,   1,    0.0000000000E+00,    4.1511898600E+02,    4.1511898600E+02,    0.0000000000E+00,    0.0000000000E+00,    0.0000000000E+00,    4.1511898600E+02
    218400,      0.676968,CP8_after_OBC,   1,    0.0000000000E+00,    4.1511898600E+02,    4.1511898600E+02,    0.0000000000E+00,    0.0000000000E+00,    0.0000000000E+00,    4.1511898600E+02
    218400,      0.676968,CP9_after_PTsource,   1,    0.0000000000E+00,    4.1511898600E+02,    4.1511898600E+02,    0.0000000000E+00,    0.0000000000E+00,    0.0000000000E+00,    4.1511898600E+02
    218400,      0.676968,CP10_after_neg_clamp,   1,    0.0000000000E+00,    4.1511898600E+02,    4.1511898600E+02,    0.0000000000E+00,    0.0000000000E+00,    0.0000000000E+00,    4.1511898600E+02
    218400,      0.676968,CP11_after_MPI,   1,    0.0000000000E+00,    4.1511898600E+02,    4.1511898600E+02,    0.0000000000E+00,    0.0000000000E+00,    0.0000000000E+00,    4.1511898600E+02
    218400,      0.676968,CP12_end,   1,    0.0000000000E+00,    4.1511898600E+02,    4.1511898600E+02,    0.0000000000E+00,    0.0000000000E+00,    0.0000000000E+00,    4.1511898600E+02
    218450,      0.676968,CP0_start,   1,    0.0000000000E+00,    4.1531336398E+02,    4.1531336398E+02,    0.0000000000E+00,    0.0000000000E+00,    0.0000000000E+00,    4.1531336398E+02
    218450,      0.676968,CP1_after_deposition,   1,    0.0000000000E+00,    4.1531336398E+02,    4.1531336398E+02,    0.0000000000E+00,    0.0000000000E+00,    0.0000000000E+00,    4.1531336398E+02
    218450,      0.676968,CP2_after_erosion,   1,    0.0000000000E+00,    4.1531336398E+02,    4.1531336398E+02,    0.0000000000E+00,    0.0000000000E+00,    0.0000000000E+00,    4.1531336398E+02
    218450,      0.676968,CP3_after_update_bottom,   1,    0.0000000000E+00,    4.1531336398E+02,    4.1531336398E+02,    0.0000000000E+00,    0.0000000000E+00,    0.0000000000E+00,    4.1531336398E+02
    218450,      0.676968,CP4_after_advection,   1,    0.0000000000E+00,    4.1532468987E+02,    4.1532468987E+02,    0.0000000000E+00,    0.0000000000E+00,    0.0000000000E+00,    4.1532468987E+02
    218450,      0.676968,CP5_after_vdif,   1,    0.0000000000E+00,    4.1532468987E+02,    4.1532468987E+02,    0.0000000000E+00,    0.0000000000E+00,    0.0000000000E+00,    4.1532468987E+02
    218450,      0.676968,CP6_after_kinetics,   1,    0.0000000000E+00,    4.1532468987E+02,    4.1532468987E+02,    0.0000000000E+00,    0.0000000000E+00,    0.0000000000E+00,    4.1532468987E+02
    218450,      0.676968,CP7_after_upper_clamp,   1,    0.0000000000E+00,    4.1532468987E+02,    4.1532468987E+02,    0.0000000000E+00,    0.0000000000E+00,    0.0000000000E+00,    4.1532468987E+02
    218450,      0.676968,CP8_after_OBC,   1,    0.0000000000E+00,    4.1532468987E+02,    4.1532468987E+02,    0.0000000000E+00,    0.0000000000E+00,    0.0000000000E+00,    4.1532468987E+02
    218450,      0.676968,CP9_after_PTsource,   1,    0.0000000000E+00,    4.1532468987E+02,    4.1532468987E+02,    0.0000000000E+00,    0.0000000000E+00,    0.0000000000E+00,    4.1532468987E+02
    218450,      0.676968,CP10_after_neg_clamp,   1,    0.0000000000E+00,    4.1532468987E+02,    4.1532468987E+02,    0.0000000000E+00,    0.0000000000E+00,    0.0000000000E+00,    4.1532468987E+02
    218450,      0.676968,CP11_after_MPI,   1,    0.0000000000E+00,    4.1532468987E+02,    4.1532468987E+02,    0.0000000000E+00,    0.0000000000E+00,    0.0000000000E+00,    4.1532468987E+02
    218450,      0.676968,CP12_end,   1,    0.0000000000E+00,    4.1532468987E+02,    4.1532468987E+02,    0.0000000000E+00,    0.0000000000E+00,    0.0000000000E+00,    4.1532468987E+02
    218500,      0.676968,CP0_start,   1,    0.0000000000E+00,    4.1551712435E+02,    4.1551712435E+02,    0.0000000000E+00,    0.0000000000E+00,    0.0000000000E+00,    4.1551712435E+02
    218500,      0.676968,CP1_after_deposition,   1,    0.0000000000E+00,    4.1551712435E+02,    4.1551712435E+02,    0.0000000000E+00,    0.0000000000E+00,    0.0000000000E+00,    4.1551712435E+02
    218500,      0.676968,CP2_after_erosion,   1,    0.0000000000E+00,    4.1551712435E+02,    4.1551712435E+02,    0.0000000000E+00,    0.0000000000E+00,    0.0000000000E+00,    4.1551712435E+02
    218500,      0.676968,CP3_after_update_bottom,   1,    0.0000000000E+00,    4.1551712435E+02,    4.1551712435E+02,    0.0000000000E+00,    0.0000000000E+00,    0.0000000000E+00,    4.1551712435E+02
    218500,      0.676968,CP4_after_advection,   1,    0.0000000000E+00,    4.1552831080E+02,    4.1552831080E+02,    0.0000000000E+00,    0.0000000000E+00,    0.0000000000E+00,    4.1552831080E+02
    218500,      0.676968,CP5_after_vdif,   1,    0.0000000000E+00,    4.1552831080E+02,    4.1552831080E+02,    0.0000000000E+00,    0.0000000000E+00,    0.0000000000E+00,    4.1552831080E+02
    218500,      0.676968,CP6_after_kinetics,   1,    0.0000000000E+00,    4.1552831080E+02,    4.1552831080E+02,    0.0000000000E+00,    0.0000000000E+00,    0.0000000000E+00,    4.1552831080E+02
    218500,      0.676968,CP7_after_upper_clamp,   1,    0.0000000000E+00,    4.1552831080E+02,    4.1552831080E+02,    0.0000000000E+00,    0.0000000000E+00,    0.0000000000E+00,    4.1552831080E+02
    218500,      0.676968,CP8_after_OBC,   1,    0.0000000000E+00,    4.1552831080E+02,    4.1552831080E+02,    0.0000000000E+00,    0.0000000000E+00,    0.0000000000E+00,    4.1552831080E+02
    218500,      0.676968,CP9_after_PTsource,   1,    0.0000000000E+00,    4.1552831080E+02,    4.1552831080E+02,    0.0000000000E+00,    0.0000000000E+00,    0.0000000000E+00,    4.1552831080E+02
    218500,      0.676968,CP10_after_neg_clamp,   1,    0.0000000000E+00,    4.1552831080E+02,    4.1552831080E+02,    0.0000000000E+00,    0.0000000000E+00,    0.0000000000E+00,    4.1552831080E+02
    218500,      0.676968,CP11_after_MPI,   1,    0.0000000000E+00,    4.1552831080E+02,    4.1552831080E+02,    0.0000000000E+00,    0.0000000000E+00,    0.0000000000E+00,    4.1552831080E+02
    218500,      0.676968,CP12_end,   1,    0.0000000000E+00,    4.1552831080E+02,    4.1552831080E+02,    0.0000000000E+00,    0.0000000000E+00,    0.0000000000E+00,    4.1552831080E+02
    218550,      0.676968,CP0_start,   1,    0.0000000000E+00,    4.1571933567E+02,    4.1571933567E+02,    0.0000000000E+00,    0.0000000000E+00,    0.0000000000E+00,    4.1571933567E+02
    218550,      0.676968,CP1_after_deposition,   1,    0.0000000000E+00,    4.1571933567E+02,    4.1571933567E+02,    0.0000000000E+00,    0.0000000000E+00,    0.0000000000E+00,    4.1571933567E+02
    218550,      0.676968,CP2_after_erosion,   1,    0.0000000000E+00,    4.1571933567E+02,    4.1571933567E+02,    0.0000000000E+00,    0.0000000000E+00,    0.0000000000E+00,    4.1571933567E+02
    218550,      0.676968,CP3_after_update_bottom,   1,    0.0000000000E+00,    4.1571933567E+02,    4.1571933567E+02,    0.0000000000E+00,    0.0000000000E+00,    0.0000000000E+00,    4.1571933567E+02
    218550,      0.676968,CP4_after_advection,   1,    0.0000000000E+00,    4.1573039041E+02,    4.1573039041E+02,    0.0000000000E+00,    0.0000000000E+00,    0.0000000000E+00,    4.1573039041E+02
    218550,      0.676968,CP5_after_vdif,   1,    0.0000000000E+00,    4.1573039041E+02,    4.1573039041E+02,    0.0000000000E+00,    0.0000000000E+00,    0.0000000000E+00,    4.1573039041E+02
    218550,      0.676968,CP6_after_kinetics,   1,    0.0000000000E+00,    4.1573039041E+02,    4.1573039041E+02,    0.0000000000E+00,    0.0000000000E+00,    0.0000000000E+00,    4.1573039041E+02
    218550,      0.676968,CP7_after_upper_clamp,   1,    0.0000000000E+00,    4.1573039041E+02,    4.1573039041E+02,    0.0000000000E+00,    0.0000000000E+00,    0.0000000000E+00,    4.1573039041E+02
    218550,      0.676968,CP8_after_OBC,   1,    0.0000000000E+00,    4.1573039041E+02,    4.1573039041E+02,    0.0000000000E+00,    0.0000000000E+00,    0.0000000000E+00,    4.1573039041E+02
    218550,      0.676968,CP9_after_PTsource,   1,    0.0000000000E+00,    4.1573039041E+02,    4.1573039041E+02,    0.0000000000E+00,    0.0000000000E+00,    0.0000000000E+00,    4.1573039041E+02
    218550,      0.676968,CP10_after_neg_clamp,   1,    0.0000000000E+00,    4.1573039041E+02,    4.1573039041E+02,    0.0000000000E+00,    0.0000000000E+00,    0.0000000000E+00,    4.1573039041E+02
    218550,      0.676968,CP11_after_MPI,   1,    0.0000000000E+00,    4.1573039041E+02,    4.1573039041E+02,    0.0000000000E+00,    0.0000000000E+00,    0.0000000000E+00,    4.1573039041E+02
    218550,      0.676968,CP12_end,   1,    0.0000000000E+00,    4.1573039041E+02,    4.1573039041E+02,    0.0000000000E+00,    0.0000000000E+00,    0.0000000000E+00,    4.1573039041E+02
    218600,      0.676968,CP0_start,   1,    0.0000000000E+00,    4.1592061073E+02,    4.1592061073E+02,    0.0000000000E+00,    0.0000000000E+00,    0.0000000000E+00,    4.1592061073E+02
    218600,      0.676968,CP1_after_deposition,   1,    0.0000000000E+00,    4.1592061073E+02,    4.1592061073E+02,    0.0000000000E+00,    0.0000000000E+00,    0.0000000000E+00,    4.1592061073E+02
    218600,      0.676968,CP2_after_erosion,   1,    0.0000000000E+00,    4.1592061073E+02,    4.1592061073E+02,    0.0000000000E+00,    0.0000000000E+00,    0.0000000000E+00,    4.1592061073E+02
    218600,      0.676968,CP3_after_update_bottom,   1,    0.0000000000E+00,    4.1592061073E+02,    4.1592061073E+02,    0.0000000000E+00,    0.0000000000E+00,    0.0000000000E+00,    4.1592061073E+02
    218600,      0.676968,CP4_after_advection,   1,    0.0000000000E+00,    4.1593154259E+02,    4.1593154259E+02,    0.0000000000E+00,    0.0000000000E+00,    0.0000000000E+00,    4.1593154259E+02
    218600,      0.676968,CP5_after_vdif,   1,    0.0000000000E+00,    4.1593154259E+02,    4.1593154259E+02,    0.0000000000E+00,    0.0000000000E+00,    0.0000000000E+00,    4.1593154259E+02
    218600,      0.676968,CP6_after_kinetics,   1,    0.0000000000E+00,    4.1593154259E+02,    4.1593154259E+02,    0.0000000000E+00,    0.0000000000E+00,    0.0000000000E+00,    4.1593154259E+02
    218600,      0.676968,CP7_after_upper_clamp,   1,    0.0000000000E+00,    4.1593154259E+02,    4.1593154259E+02,    0.0000000000E+00,    0.0000000000E+00,    0.0000000000E+00,    4.1593154259E+02
    218600,      0.676968,CP8_after_OBC,   1,    0.0000000000E+00,    4.1593154259E+02,    4.1593154259E+02,    0.0000000000E+00,    0.0000000000E+00,    0.0000000000E+00,    4.1593154259E+02
    218600,      0.676968,CP9_after_PTsource,   1,    0.0000000000E+00,    4.1593154259E+02,    4.1593154259E+02,    0.0000000000E+00,    0.0000000000E+00,    0.0000000000E+00,    4.1593154259E+02
    218600,      0.676968,CP10_after_neg_clamp,   1,    0.0000000000E+00,    4.1593154259E+02,    4.1593154259E+02,    0.0000000000E+00,    0.0000000000E+00,    0.0000000000E+00,    4.1593154259E+02
    218600,      0.676968,CP11_after_MPI,   1,    0.0000000000E+00,    4.1593154259E+02,    4.1593154259E+02,    0.0000000000E+00,    0.0000000000E+00,    0.0000000000E+00,    4.1593154259E+02
    218600,      0.676968,CP12_end,   1,    0.0000000000E+00,    4.1593154259E+02,    4.1593154259E+02,    0.0000000000E+00,    0.0000000000E+00,    0.0000000000E+00,    4.1593154259E+02
    218650,      0.676968,CP0_start,   1,    0.0000000000E+00,    4.1612175485E+02,    4.1612175485E+02,    0.0000000000E+00,    0.0000000000E+00,    0.0000000000E+00,    4.1612175485E+02
    218650,      0.676968,CP1_after_deposition,   1,    0.0000000000E+00,    4.1612175485E+02,    4.1612175485E+02,    0.0000000000E+00,    0.0000000000E+00,    0.0000000000E+00,    4.1612175485E+02
    218650,      0.676968,CP2_after_erosion,   1,    0.0000000000E+00,    4.1612175485E+02,    4.1612175485E+02,    0.0000000000E+00,    0.0000000000E+00,    0.0000000000E+00,    4.1612175485E+02
    218650,      0.676968,CP3_after_update_bottom,   1,    0.0000000000E+00,    4.1612175485E+02,    4.1612175485E+02,    0.0000000000E+00,    0.0000000000E+00,    0.0000000000E+00,    4.1612175485E+02
    218650,      0.676968,CP4_after_advection,   1,    0.0000000000E+00,    4.1613257974E+02,    4.1613257974E+02,    0.0000000000E+00,    0.0000000000E+00,    0.0000000000E+00,    4.1613257974E+02
    218650,      0.676968,CP5_after_vdif,   1,    0.0000000000E+00,    4.1613257974E+02,    4.1613257974E+02,    0.0000000000E+00,    0.0000000000E+00,    0.0000000000E+00,    4.1613257974E+02
    218650,      0.676968,CP6_after_kinetics,   1,    0.0000000000E+00,    4.1613257974E+02,    4.1613257974E+02,    0.0000000000E+00,    0.0000000000E+00,    0.0000000000E+00,    4.1613257974E+02
    218650,      0.676968,CP7_after_upper_clamp,   1,    0.0000000000E+00,    4.1613257974E+02,    4.1613257974E+02,    0.0000000000E+00,    0.0000000000E+00,    0.0000000000E+00,    4.1613257974E+02
    218650,      0.676968,CP8_after_OBC,   1,    0.0000000000E+00,    4.1613257974E+02,    4.1613257974E+02,    0.0000000000E+00,    0.0000000000E+00,    0.0000000000E+00,    4.1613257974E+02
    218650,      0.676968,CP9_after_PTsource,   1,    0.0000000000E+00,    4.1613257974E+02,    4.1613257974E+02,    0.0000000000E+00,    0.0000000000E+00,    0.0000000000E+00,    4.1613257974E+02
    218650,      0.676968,CP10_after_neg_clamp,   1,    0.0000000000E+00,    4.1613257974E+02,    4.1613257974E+02,    0.0000000000E+00,    0.0000000000E+00,    0.0000000000E+00,    4.1613257974E+02
    218650,      0.676968,CP11_after_MPI,   1,    0.0000000000E+00,    4.1613257974E+02,    4.1613257974E+02,    0.0000000000E+00,    0.0000000000E+00,    0.0000000000E+00,    4.1613257974E+02
    218650,      0.676968,CP12_end,   1,    0.0000000000E+00,    4.1613257974E+02,    4.1613257974E+02,    0.0000000000E+00,    0.0000000000E+00,    0.0000000000E+00,    4.1613257974E+02
    218700,      0.676968,CP0_start,   1,    0.0000000000E+00,    4.1632361001E+02,    4.1632361001E+02,    0.0000000000E+00,    0.0000000000E+00,    0.0000000000E+00,    4.1632361001E+02
    218700,      0.676968,CP1_after_deposition,   1,    0.0000000000E+00,    4.1632361001E+02,    4.1632361001E+02,    0.0000000000E+00,    0.0000000000E+00,    0.0000000000E+00,    4.1632361001E+02
    218700,      0.676968,CP2_after_erosion,   1,    0.0000000000E+00,    4.1632361001E+02,    4.1632361001E+02,    0.0000000000E+00,    0.0000000000E+00,    0.0000000000E+00,    4.1632361001E+02
    218700,      0.676968,CP3_after_update_bottom,   1,    0.0000000000E+00,    4.1632361001E+02,    4.1632361001E+02,    0.0000000000E+00,    0.0000000000E+00,    0.0000000000E+00,    4.1632361001E+02
    218700,      0.676968,CP4_after_advection,   1,    0.0000000000E+00,    4.1633433783E+02,    4.1633433783E+02,    0.0000000000E+00,    0.0000000000E+00,    0.0000000000E+00,    4.1633433783E+02
    218700,      0.676968,CP5_after_vdif,   1,    0.0000000000E+00,    4.1633433783E+02,    4.1633433783E+02,    0.0000000000E+00,    0.0000000000E+00,    0.0000000000E+00,    4.1633433783E+02
    218700,      0.676968,CP6_after_kinetics,   1,    0.0000000000E+00,    4.1633433783E+02,    4.1633433783E+02,    0.0000000000E+00,    0.0000000000E+00,    0.0000000000E+00,    4.1633433783E+02
    218700,      0.676968,CP7_after_upper_clamp,   1,    0.0000000000E+00,    4.1633433783E+02,    4.1633433783E+02,    0.0000000000E+00,    0.0000000000E+00,    0.0000000000E+00,    4.1633433783E+02
    218700,      0.676968,CP8_after_OBC,   1,    0.0000000000E+00,    4.1633433783E+02,    4.1633433783E+02,    0.0000000000E+00,    0.0000000000E+00,    0.0000000000E+00,    4.1633433783E+02
    218700,      0.676968,CP9_after_PTsource,   1,    0.0000000000E+00,    4.1633433783E+02,    4.1633433783E+02,    0.0000000000E+00,    0.0000000000E+00,    0.0000000000E+00,    4.1633433783E+02
    218700,      0.676968,CP10_after_neg_clamp,   1,    0.0000000000E+00,    4.1633433783E+02,    4.1633433783E+02,    0.0000000000E+00,    0.0000000000E+00,    0.0000000000E+00,    4.1633433783E+02
    218700,      0.676968,CP11_after_MPI,   1,    0.0000000000E+00,    4.1633433783E+02,    4.1633433783E+02,    0.0000000000E+00,    0.0000000000E+00,    0.0000000000E+00,    4.1633433783E+02
    218700,      0.676968,CP12_end,   1,    0.0000000000E+00,    4.1633433783E+02,    4.1633433783E+02,    0.0000000000E+00,    0.0000000000E+00,    0.0000000000E+00,    4.1633433783E+02
    218750,      0.676968,CP0_start,   1,    0.0000000000E+00,    4.1652622790E+02,    4.1652622790E+02,    0.0000000000E+00,    0.0000000000E+00,    0.0000000000E+00,    4.1652622790E+02
    218750,      0.676968,CP1_after_deposition,   1,    0.0000000000E+00,    4.1652622790E+02,    4.1652622790E+02,    0.0000000000E+00,    0.0000000000E+00,    0.0000000000E+00,    4.1652622790E+02
    218750,      0.676968,CP2_after_erosion,   1,    0.0000000000E+00,    4.1652622790E+02,    4.1652622790E+02,    0.0000000000E+00,    0.0000000000E+00,    0.0000000000E+00,    4.1652622790E+02
    218750,      0.676968,CP3_after_update_bottom,   1,    0.0000000000E+00,    4.1652622790E+02,    4.1652622790E+02,    0.0000000000E+00,    0.0000000000E+00,    0.0000000000E+00,    4.1652622790E+02
    218750,      0.676968,CP4_after_advection,   1,    0.0000000000E+00,    4.1653686308E+02,    4.1653686308E+02,    0.0000000000E+00,    0.0000000000E+00,    0.0000000000E+00,    4.1653686308E+02
    218750,      0.676968,CP5_after_vdif,   1,    0.0000000000E+00,    4.1653686308E+02,    4.1653686308E+02,    0.0000000000E+00,    0.0000000000E+00,    0.0000000000E+00,    4.1653686308E+02
    218750,      0.676968,CP6_after_kinetics,   1,    0.0000000000E+00,    4.1653686308E+02,    4.1653686308E+02,    0.0000000000E+00,    0.0000000000E+00,    0.0000000000E+00,    4.1653686308E+02
    218750,      0.676968,CP7_after_upper_clamp,   1,    0.0000000000E+00,    4.1653686308E+02,    4.1653686308E+02,    0.0000000000E+00,    0.0000000000E+00,    0.0000000000E+00,    4.1653686308E+02
    218750,      0.676968,CP8_after_OBC,   1,    0.0000000000E+00,    4.1653686308E+02,    4.1653686308E+02,    0.0000000000E+00,    0.0000000000E+00,    0.0000000000E+00,    4.1653686308E+02
    218750,      0.676968,CP9_after_PTsource,   1,    0.0000000000E+00,    4.1653686308E+02,    4.1653686308E+02,    0.0000000000E+00,    0.0000000000E+00,    0.0000000000E+00,    4.1653686308E+02
    218750,      0.676968,CP10_after_neg_clamp,   1,    0.0000000000E+00,    4.1653686308E+02,    4.1653686308E+02,    0.0000000000E+00,    0.0000000000E+00,    0.0000000000E+00,    4.1653686308E+02
    218750,      0.676968,CP11_after_MPI,   1,    0.0000000000E+00,    4.1653686308E+02,    4.1653686308E+02,    0.0000000000E+00,    0.0000000000E+00,    0.0000000000E+00,    4.1653686308E+02
    218750,      0.676968,CP12_end,   1,    0.0000000000E+00,    4.1653686308E+02,    4.1653686308E+02,    0.0000000000E+00,    0.0000000000E+00,    0.0000000000E+00,    4.1653686308E+02
    218800,      0.676968,CP0_start,   1,    0.0000000000E+00,    4.1673047404E+02,    4.1673047404E+02,    0.0000000000E+00,    0.0000000000E+00,    0.0000000000E+00,    4.1673047404E+02
    218800,      0.676968,CP1_after_deposition,   1,    0.0000000000E+00,    4.1673047404E+02,    4.1673047404E+02,    0.0000000000E+00,    0.0000000000E+00,    0.0000000000E+00,    4.1673047404E+02
    218800,      0.676968,CP2_after_erosion,   1,    0.0000000000E+00,    4.1673047404E+02,    4.1673047404E+02,    0.0000000000E+00,    0.0000000000E+00,    0.0000000000E+00,    4.1673047404E+02
    218800,      0.676968,CP3_after_update_bottom,   1,    0.0000000000E+00,    4.1673047404E+02,    4.1673047404E+02,    0.0000000000E+00,    0.0000000000E+00,    0.0000000000E+00,    4.1673047404E+02
    218800,      0.676968,CP4_after_advection,   1,    0.0000000000E+00,    4.1674101517E+02,    4.1674101517E+02,    0.0000000000E+00,    0.0000000000E+00,    0.0000000000E+00,    4.1674101517E+02
    218800,      0.676968,CP5_after_vdif,   1,    0.0000000000E+00,    4.1674101517E+02,    4.1674101517E+02,    0.0000000000E+00,    0.0000000000E+00,    0.0000000000E+00,    4.1674101517E+02
    218800,      0.676968,CP6_after_kinetics,   1,    0.0000000000E+00,    4.1674101517E+02,    4.1674101517E+02,    0.0000000000E+00,    0.0000000000E+00,    0.0000000000E+00,    4.1674101517E+02
    218800,      0.676968,CP7_after_upper_clamp,   1,    0.0000000000E+00,    4.1674101517E+02,    4.1674101517E+02,    0.0000000000E+00,    0.0000000000E+00,    0.0000000000E+00,    4.1674101517E+02
    218800,      0.676968,CP8_after_OBC,   1,    0.0000000000E+00,    4.1674101517E+02,    4.1674101517E+02,    0.0000000000E+00,    0.0000000000E+00,    0.0000000000E+00,    4.1674101517E+02
    218800,      0.676968,CP9_after_PTsource,   1,    0.0000000000E+00,    4.1674101517E+02,    4.1674101517E+02,    0.0000000000E+00,    0.0000000000E+00,    0.0000000000E+00,    4.1674101517E+02
    218800,      0.676968,CP10_after_neg_clamp,   1,    0.0000000000E+00,    4.1674101517E+02,    4.1674101517E+02,    0.0000000000E+00,    0.0000000000E+00,    0.0000000000E+00,    4.1674101517E+02
    218800,      0.676968,CP11_after_MPI,   1,    0.0000000000E+00,    4.1674101517E+02,    4.1674101517E+02,    0.0000000000E+00,    0.0000000000E+00,    0.0000000000E+00,    4.1674101517E+02
    218800,      0.676968,CP12_end,   1,    0.0000000000E+00,    4.1674101517E+02,    4.1674101517E+02,    0.0000000000E+00,    0.0000000000E+00,    0.0000000000E+00,    4.1674101517E+02
    218850,      0.676968,CP0_start,   1,    0.0000000000E+00,    4.1693636921E+02,    4.1693636921E+02,    0.0000000000E+00,    0.0000000000E+00,    0.0000000000E+00,    4.1693636921E+02
    218850,      0.676968,CP1_after_deposition,   1,    0.0000000000E+00,    4.1693636921E+02,    4.1693636921E+02,    0.0000000000E+00,    0.0000000000E+00,    0.0000000000E+00,    4.1693636921E+02
    218850,      0.676968,CP2_after_erosion,   1,    0.0000000000E+00,    4.1693636921E+02,    4.1693636921E+02,    0.0000000000E+00,    0.0000000000E+00,    0.0000000000E+00,    4.1693636921E+02
    218850,      0.676968,CP3_after_update_bottom,   1,    0.0000000000E+00,    4.1693636921E+02,    4.1693636921E+02,    0.0000000000E+00,    0.0000000000E+00,    0.0000000000E+00,    4.1693636921E+02
    218850,      0.676968,CP4_after_advection,   1,    0.0000000000E+00,    4.1694681146E+02,    4.1694681146E+02,    0.0000000000E+00,    0.0000000000E+00,    0.0000000000E+00,    4.1694681146E+02
    218850,      0.676968,CP5_after_vdif,   1,    0.0000000000E+00,    4.1694681146E+02,    4.1694681146E+02,    0.0000000000E+00,    0.0000000000E+00,    0.0000000000E+00,    4.1694681146E+02
    218850,      0.676968,CP6_after_kinetics,   1,    0.0000000000E+00,    4.1694681146E+02,    4.1694681146E+02,    0.0000000000E+00,    0.0000000000E+00,    0.0000000000E+00,    4.1694681146E+02
    218850,      0.676968,CP7_after_upper_clamp,   1,    0.0000000000E+00,    4.1694681146E+02,    4.1694681146E+02,    0.0000000000E+00,    0.0000000000E+00,    0.0000000000E+00,    4.1694681146E+02
    218850,      0.676968,CP8_after_OBC,   1,    0.0000000000E+00,    4.1694681146E+02,    4.1694681146E+02,    0.0000000000E+00,    0.0000000000E+00,    0.0000000000E+00,    4.1694681146E+02
    218850,      0.676968,CP9_after_PTsource,   1,    0.0000000000E+00,    4.1694681146E+02,    4.1694681146E+02,    0.0000000000E+00,    0.0000000000E+00,    0.0000000000E+00,    4.1694681146E+02
    218850,      0.676968,CP10_after_neg_clamp,   1,    0.0000000000E+00,    4.1694681146E+02,    4.1694681146E+02,    0.0000000000E+00,    0.0000000000E+00,    0.0000000000E+00,    4.1694681146E+02
    218850,      0.676968,CP11_after_MPI,   1,    0.0000000000E+00,    4.1694681146E+02,    4.1694681146E+02,    0.0000000000E+00,    0.0000000000E+00,    0.0000000000E+00,    4.1694681146E+02
    218850,      0.676968,CP12_end,   1,    0.0000000000E+00,    4.1694681146E+02,    4.1694681146E+02,    0.0000000000E+00,    0.0000000000E+00,    0.0000000000E+00,    4.1694681146E+02
    218900,      0.676968,CP0_start,   1,    0.0000000000E+00,    4.1714360956E+02,    4.1714360956E+02,    0.0000000000E+00,    0.0000000000E+00,    0.0000000000E+00,    4.1714360956E+02
    218900,      0.676968,CP1_after_deposition,   1,    0.0000000000E+00,    4.1714360956E+02,    4.1714360956E+02,    0.0000000000E+00,    0.0000000000E+00,    0.0000000000E+00,    4.1714360956E+02
    218900,      0.676968,CP2_after_erosion,   1,    0.0000000000E+00,    4.1714360956E+02,    4.1714360956E+02,    0.0000000000E+00,    0.0000000000E+00,    0.0000000000E+00,    4.1714360956E+02
    218900,      0.676968,CP3_after_update_bottom,   1,    0.0000000000E+00,    4.1714360956E+02,    4.1714360956E+02,    0.0000000000E+00,    0.0000000000E+00,    0.0000000000E+00,    4.1714360956E+02
    218900,      0.676968,CP4_after_advection,   1,    0.0000000000E+00,    4.1715393729E+02,    4.1715393729E+02,    0.0000000000E+00,    0.0000000000E+00,    0.0000000000E+00,    4.1715393729E+02
    218900,      0.676968,CP5_after_vdif,   1,    0.0000000000E+00,    4.1715393729E+02,    4.1715393729E+02,    0.0000000000E+00,    0.0000000000E+00,    0.0000000000E+00,    4.1715393729E+02
    218900,      0.676968,CP6_after_kinetics,   1,    0.0000000000E+00,    4.1715393729E+02,    4.1715393729E+02,    0.0000000000E+00,    0.0000000000E+00,    0.0000000000E+00,    4.1715393729E+02
    218900,      0.676968,CP7_after_upper_clamp,   1,    0.0000000000E+00,    4.1715393729E+02,    4.1715393729E+02,    0.0000000000E+00,    0.0000000000E+00,    0.0000000000E+00,    4.1715393729E+02
    218900,      0.676968,CP8_after_OBC,   1,    0.0000000000E+00,    4.1715393729E+02,    4.1715393729E+02,    0.0000000000E+00,    0.0000000000E+00,    0.0000000000E+00,    4.1715393729E+02
    218900,      0.676968,CP9_after_PTsource,   1,    0.0000000000E+00,    4.1715393729E+02,    4.1715393729E+02,    0.0000000000E+00,    0.0000000000E+00,    0.0000000000E+00,    4.1715393729E+02
    218900,      0.676968,CP10_after_neg_clamp,   1,    0.0000000000E+00,    4.1715393729E+02,    4.1715393729E+02,    0.0000000000E+00,    0.0000000000E+00,    0.0000000000E+00,    4.1715393729E+02
    218900,      0.676968,CP11_after_MPI,   1,    0.0000000000E+00,    4.1715393729E+02,    4.1715393729E+02,    0.0000000000E+00,    0.0000000000E+00,    0.0000000000E+00,    4.1715393729E+02
    218900,      0.676968,CP12_end,   1,    0.0000000000E+00,    4.1715393729E+02,    4.1715393729E+02,    0.0000000000E+00,    0.0000000000E+00,    0.0000000000E+00,    4.1715393729E+02
    218950,      0.676968,CP0_start,   1,    0.0000000000E+00,    4.1735176893E+02,    4.1735176893E+02,    0.0000000000E+00,    0.0000000000E+00,    0.0000000000E+00,    4.1735176893E+02
    218950,      0.676968,CP1_after_deposition,   1,    0.0000000000E+00,    4.1735176893E+02,    4.1735176893E+02,    0.0000000000E+00,    0.0000000000E+00,    0.0000000000E+00,    4.1735176893E+02
    218950,      0.676968,CP2_after_erosion,   1,    0.0000000000E+00,    4.1735176893E+02,    4.1735176893E+02,    0.0000000000E+00,    0.0000000000E+00,    0.0000000000E+00,    4.1735176893E+02
    218950,      0.676968,CP3_after_update_bottom,   1,    0.0000000000E+00,    4.1735176893E+02,    4.1735176893E+02,    0.0000000000E+00,    0.0000000000E+00,    0.0000000000E+00,    4.1735176893E+02
    218950,      0.676968,CP4_after_advection,   1,    0.0000000000E+00,    4.1736196863E+02,    4.1736196863E+02,    0.0000000000E+00,    0.0000000000E+00,    0.0000000000E+00,    4.1736196863E+02
    218950,      0.676968,CP5_after_vdif,   1,    0.0000000000E+00,    4.1736196863E+02,    4.1736196863E+02,    0.0000000000E+00,    0.0000000000E+00,    0.0000000000E+00,    4.1736196863E+02
    218950,      0.676968,CP6_after_kinetics,   1,    0.0000000000E+00,    4.1736196863E+02,    4.1736196863E+02,    0.0000000000E+00,    0.0000000000E+00,    0.0000000000E+00,    4.1736196863E+02
    218950,      0.676968,CP7_after_upper_clamp,   1,    0.0000000000E+00,    4.1736196863E+02,    4.1736196863E+02,    0.0000000000E+00,    0.0000000000E+00,    0.0000000000E+00,    4.1736196863E+02
    218950,      0.676968,CP8_after_OBC,   1,    0.0000000000E+00,    4.1736196863E+02,    4.1736196863E+02,    0.0000000000E+00,    0.0000000000E+00,    0.0000000000E+00,    4.1736196863E+02
    218950,      0.676968,CP9_after_PTsource,   1,    0.0000000000E+00,    4.1736196863E+02,    4.1736196863E+02,    0.0000000000E+00,    0.0000000000E+00,    0.0000000000E+00,    4.1736196863E+02
    218950,      0.676968,CP10_after_neg_clamp,   1,    0.0000000000E+00,    4.1736196863E+02,    4.1736196863E+02,    0.0000000000E+00,    0.0000000000E+00,    0.0000000000E+00,    4.1736196863E+02
    218950,      0.676968,CP11_after_MPI,   1,    0.0000000000E+00,    4.1736196863E+02,    4.1736196863E+02,    0.0000000000E+00,    0.0000000000E+00,    0.0000000000E+00,    4.1736196863E+02
    218950,      0.676968,CP12_end,   1,    0.0000000000E+00,    4.1736196863E+02,    4.1736196863E+02,    0.0000000000E+00,    0.0000000000E+00,    0.0000000000E+00,    4.1736196863E+02
    219000,      0.676968,CP0_start,   1,    0.0000000000E+00,    4.1756031876E+02,    4.1756031876E+02,    0.0000000000E+00,    0.0000000000E+00,    0.0000000000E+00,    4.1756031876E+02
    219000,      0.676968,CP1_after_deposition,   1,    0.0000000000E+00,    4.1756031876E+02,    4.1756031876E+02,    0.0000000000E+00,    0.0000000000E+00,    0.0000000000E+00,    4.1756031876E+02
    219000,      0.676968,CP2_after_erosion,   1,    0.0000000000E+00,    4.1756031876E+02,    4.1756031876E+02,    0.0000000000E+00,    0.0000000000E+00,    0.0000000000E+00,    4.1756031876E+02
    219000,      0.676968,CP3_after_update_bottom,   1,    0.0000000000E+00,    4.1756031876E+02,    4.1756031876E+02,    0.0000000000E+00,    0.0000000000E+00,    0.0000000000E+00,    4.1756031876E+02
    219000,      0.676968,CP4_after_advection,   1,    0.0000000000E+00,    4.1757037545E+02,    4.1757037545E+02,    0.0000000000E+00,    0.0000000000E+00,    0.0000000000E+00,    4.1757037545E+02
    219000,      0.676968,CP5_after_vdif,   1,    0.0000000000E+00,    4.1757037545E+02,    4.1757037545E+02,    0.0000000000E+00,    0.0000000000E+00,    0.0000000000E+00,    4.1757037545E+02
    219000,      0.676968,CP6_after_kinetics,   1,    0.0000000000E+00,    4.1757037545E+02,    4.1757037545E+02,    0.0000000000E+00,    0.0000000000E+00,    0.0000000000E+00,    4.1757037545E+02
    219000,      0.676968,CP7_after_upper_clamp,   1,    0.0000000000E+00,    4.1757037545E+02,    4.1757037545E+02,    0.0000000000E+00,    0.0000000000E+00,    0.0000000000E+00,    4.1757037545E+02
    219000,      0.676968,CP8_after_OBC,   1,    0.0000000000E+00,    4.1757037545E+02,    4.1757037545E+02,    0.0000000000E+00,    0.0000000000E+00,    0.0000000000E+00,    4.1757037545E+02
    219000,      0.676968,CP9_after_PTsource,   1,    0.0000000000E+00,    4.1757037545E+02,    4.1757037545E+02,    0.0000000000E+00,    0.0000000000E+00,    0.0000000000E+00,    4.1757037545E+02
    219000,      0.676968,CP10_after_neg_clamp,   1,    0.0000000000E+00,    4.1757037545E+02,    4.1757037545E+02,    0.0000000000E+00,    0.0000000000E+00,    0.0000000000E+00,    4.1757037545E+02
    219000,      0.676968,CP11_after_MPI,   1,    0.0000000000E+00,    4.1757037545E+02,    4.1757037545E+02,    0.0000000000E+00,    0.0000000000E+00,    0.0000000000E+00,    4.1757037545E+02
    219000,      0.676968,CP12_end,   1,    0.0000000000E+00,    4.1757037545E+02,    4.1757037545E+02,    0.0000000000E+00,    0.0000000000E+00,    0.0000000000E+00,    4.1757037545E+02
    219050,      0.676968,CP0_start,   1,    0.0000000000E+00,    4.1776869323E+02,    4.1776869323E+02,    0.0000000000E+00,    0.0000000000E+00,    0.0000000000E+00,    4.1776869323E+02
    219050,      0.676968,CP1_after_deposition,   1,    0.0000000000E+00,    4.1776869323E+02,    4.1776869323E+02,    0.0000000000E+00,    0.0000000000E+00,    0.0000000000E+00,    4.1776869323E+02
    219050,      0.676968,CP2_after_erosion,   1,    0.0000000000E+00,    4.1776869323E+02,    4.1776869323E+02,    0.0000000000E+00,    0.0000000000E+00,    0.0000000000E+00,    4.1776869323E+02
    219050,      0.676968,CP3_after_update_bottom,   1,    0.0000000000E+00,    4.1776869323E+02,    4.1776869323E+02,    0.0000000000E+00,    0.0000000000E+00,    0.0000000000E+00,    4.1776869323E+02
    219050,      0.676968,CP4_after_advection,   1,    0.0000000000E+00,    4.1777859346E+02,    4.1777859346E+02,    0.0000000000E+00,    0.0000000000E+00,    0.0000000000E+00,    4.1777859346E+02
    219050,      0.676968,CP5_after_vdif,   1,    0.0000000000E+00,    4.1777859346E+02,    4.1777859346E+02,    0.0000000000E+00,    0.0000000000E+00,    0.0000000000E+00,    4.1777859346E+02
    219050,      0.676968,CP6_after_kinetics,   1,    0.0000000000E+00,    4.1777859346E+02,    4.1777859346E+02,    0.0000000000E+00,    0.0000000000E+00,    0.0000000000E+00,    4.1777859346E+02
    219050,      0.676968,CP7_after_upper_clamp,   1,    0.0000000000E+00,    4.1777859346E+02,    4.1777859346E+02,    0.0000000000E+00,    0.0000000000E+00,    0.0000000000E+00,    4.1777859346E+02
    219050,      0.676968,CP8_after_OBC,   1,    0.0000000000E+00,    4.1777859346E+02,    4.1777859346E+02,    0.0000000000E+00,    0.0000000000E+00,    0.0000000000E+00,    4.1777859346E+02
    219050,      0.676968,CP9_after_PTsource,   1,    0.0000000000E+00,    4.1777859346E+02,    4.1777859346E+02,    0.0000000000E+00,    0.0000000000E+00,    0.0000000000E+00,    4.1777859346E+02
    219050,      0.676968,CP10_after_neg_clamp,   1,    0.0000000000E+00,    4.1777859346E+02,    4.1777859346E+02,    0.0000000000E+00,    0.0000000000E+00,    0.0000000000E+00,    4.1777859346E+02
    219050,      0.676968,CP11_after_MPI,   1,    0.0000000000E+00,    4.1777859346E+02,    4.1777859346E+02,    0.0000000000E+00,    0.0000000000E+00,    0.0000000000E+00,    4.1777859346E+02
    219050,      0.676968,CP12_end,   1,    0.0000000000E+00,    4.1777859346E+02,    4.1777859346E+02,    0.0000000000E+00,    0.0000000000E+00,    0.0000000000E+00,    4.1777859346E+02
    219100,      0.676968,CP0_start,   1,    0.0000000000E+00,    4.1797640134E+02,    4.1797640134E+02,    0.0000000000E+00,    0.0000000000E+00,    0.0000000000E+00,    4.1797640134E+02
    219100,      0.676968,CP1_after_deposition,   1,    0.0000000000E+00,    4.1797640134E+02,    4.1797640134E+02,    0.0000000000E+00,    0.0000000000E+00,    0.0000000000E+00,    4.1797640134E+02
    219100,      0.676968,CP2_after_erosion,   1,    0.0000000000E+00,    4.1797640134E+02,    4.1797640134E+02,    0.0000000000E+00,    0.0000000000E+00,    0.0000000000E+00,    4.1797640134E+02
    219100,      0.676968,CP3_after_update_bottom,   1,    0.0000000000E+00,    4.1797640134E+02,    4.1797640134E+02,    0.0000000000E+00,    0.0000000000E+00,    0.0000000000E+00,    4.1797640134E+02
    219100,      0.676968,CP4_after_advection,   1,    0.0000000000E+00,    4.1798613048E+02,    4.1798613048E+02,    0.0000000000E+00,    0.0000000000E+00,    0.0000000000E+00,    4.1798613048E+02
    219100,      0.676968,CP5_after_vdif,   1,    0.0000000000E+00,    4.1798613048E+02,    4.1798613048E+02,    0.0000000000E+00,    0.0000000000E+00,    0.0000000000E+00,    4.1798613048E+02
    219100,      0.676968,CP6_after_kinetics,   1,    0.0000000000E+00,    4.1798613048E+02,    4.1798613048E+02,    0.0000000000E+00,    0.0000000000E+00,    0.0000000000E+00,    4.1798613048E+02
    219100,      0.676968,CP7_after_upper_clamp,   1,    0.0000000000E+00,    4.1798613048E+02,    4.1798613048E+02,    0.0000000000E+00,    0.0000000000E+00,    0.0000000000E+00,    4.1798613048E+02
    219100,      0.676968,CP8_after_OBC,   1,    0.0000000000E+00,    4.1798613048E+02,    4.1798613048E+02,    0.0000000000E+00,    0.0000000000E+00,    0.0000000000E+00,    4.1798613048E+02
    219100,      0.676968,CP9_after_PTsource,   1,    0.0000000000E+00,    4.1798613048E+02,    4.1798613048E+02,    0.0000000000E+00,    0.0000000000E+00,    0.0000000000E+00,    4.1798613048E+02
    219100,      0.676968,CP10_after_neg_clamp,   1,    0.0000000000E+00,    4.1798613048E+02,    4.1798613048E+02,    0.0000000000E+00,    0.0000000000E+00,    0.0000000000E+00,    4.1798613048E+02
    219100,      0.676968,CP11_after_MPI,   1,    0.0000000000E+00,    4.1798613048E+02,    4.1798613048E+02,    0.0000000000E+00,    0.0000000000E+00,    0.0000000000E+00,    4.1798613048E+02
    219100,      0.676968,CP12_end,   1,    0.0000000000E+00,    4.1798613048E+02,    4.1798613048E+02,    0.0000000000E+00,    0.0000000000E+00,    0.0000000000E+00,    4.1798613048E+02
    219150,      0.676968,CP0_start,   1,    0.0000000000E+00,    4.1818314268E+02,    4.1818314268E+02,    0.0000000000E+00,    0.0000000000E+00,    0.0000000000E+00,    4.1818314268E+02
    219150,      0.676968,CP1_after_deposition,   1,    0.0000000000E+00,    4.1818314268E+02,    4.1818314268E+02,    0.0000000000E+00,    0.0000000000E+00,    0.0000000000E+00,    4.1818314268E+02
    219150,      0.676968,CP2_after_erosion,   1,    0.0000000000E+00,    4.1818314268E+02,    4.1818314268E+02,    0.0000000000E+00,    0.0000000000E+00,    0.0000000000E+00,    4.1818314268E+02
    219150,      0.676968,CP3_after_update_bottom,   1,    0.0000000000E+00,    4.1818314268E+02,    4.1818314268E+02,    0.0000000000E+00,    0.0000000000E+00,    0.0000000000E+00,    4.1818314268E+02
    219150,      0.676968,CP4_after_advection,   1,    0.0000000000E+00,    4.1819269539E+02,    4.1819269539E+02,    0.0000000000E+00,    0.0000000000E+00,    0.0000000000E+00,    4.1819269539E+02
    219150,      0.676968,CP5_after_vdif,   1,    0.0000000000E+00,    4.1819269539E+02,    4.1819269539E+02,    0.0000000000E+00,    0.0000000000E+00,    0.0000000000E+00,    4.1819269539E+02
    219150,      0.676968,CP6_after_kinetics,   1,    0.0000000000E+00,    4.1819269539E+02,    4.1819269539E+02,    0.0000000000E+00,    0.0000000000E+00,    0.0000000000E+00,    4.1819269539E+02
    219150,      0.676968,CP7_after_upper_clamp,   1,    0.0000000000E+00,    4.1819269539E+02,    4.1819269539E+02,    0.0000000000E+00,    0.0000000000E+00,    0.0000000000E+00,    4.1819269539E+02
    219150,      0.676968,CP8_after_OBC,   1,    0.0000000000E+00,    4.1819269539E+02,    4.1819269539E+02,    0.0000000000E+00,    0.0000000000E+00,    0.0000000000E+00,    4.1819269539E+02
    219150,      0.676968,CP9_after_PTsource,   1,    0.0000000000E+00,    4.1819269539E+02,    4.1819269539E+02,    0.0000000000E+00,    0.0000000000E+00,    0.0000000000E+00,    4.1819269539E+02
    219150,      0.676968,CP10_after_neg_clamp,   1,    0.0000000000E+00,    4.1819269539E+02,    4.1819269539E+02,    0.0000000000E+00,    0.0000000000E+00,    0.0000000000E+00,    4.1819269539E+02
    219150,      0.676968,CP11_after_MPI,   1,    0.0000000000E+00,    4.1819269539E+02,    4.1819269539E+02,    0.0000000000E+00,    0.0000000000E+00,    0.0000000000E+00,    4.1819269539E+02
    219150,      0.676968,CP12_end,   1,    0.0000000000E+00,    4.1819269539E+02,    4.1819269539E+02,    0.0000000000E+00,    0.0000000000E+00,    0.0000000000E+00,    4.1819269539E+02
    219200,      0.676968,CP0_start,   1,    0.0000000000E+00,    4.1838882266E+02,    4.1838882266E+02,    0.0000000000E+00,    0.0000000000E+00,    0.0000000000E+00,    4.1838882266E+02
    219200,      0.676968,CP1_after_deposition,   1,    0.0000000000E+00,    4.1838882266E+02,    4.1838882266E+02,    0.0000000000E+00,    0.0000000000E+00,    0.0000000000E+00,    4.1838882266E+02
    219200,      0.676968,CP2_after_erosion,   1,    0.0000000000E+00,    4.1838882266E+02,    4.1838882266E+02,    0.0000000000E+00,    0.0000000000E+00,    0.0000000000E+00,    4.1838882266E+02
    219200,      0.676968,CP3_after_update_bottom,   1,    0.0000000000E+00,    4.1838882266E+02,    4.1838882266E+02,    0.0000000000E+00,    0.0000000000E+00,    0.0000000000E+00,    4.1838882266E+02
    219200,      0.676968,CP4_after_advection,   1,    0.0000000000E+00,    4.1839819646E+02,    4.1839819646E+02,    0.0000000000E+00,    0.0000000000E+00,    0.0000000000E+00,    4.1839819646E+02
    219200,      0.676968,CP5_after_vdif,   1,    0.0000000000E+00,    4.1839819646E+02,    4.1839819646E+02,    0.0000000000E+00,    0.0000000000E+00,    0.0000000000E+00,    4.1839819646E+02
    219200,      0.676968,CP6_after_kinetics,   1,    0.0000000000E+00,    4.1839819646E+02,    4.1839819646E+02,    0.0000000000E+00,    0.0000000000E+00,    0.0000000000E+00,    4.1839819646E+02
    219200,      0.676968,CP7_after_upper_clamp,   1,    0.0000000000E+00,    4.1839819646E+02,    4.1839819646E+02,    0.0000000000E+00,    0.0000000000E+00,    0.0000000000E+00,    4.1839819646E+02
    219200,      0.676968,CP8_after_OBC,   1,    0.0000000000E+00,    4.1839819646E+02,    4.1839819646E+02,    0.0000000000E+00,    0.0000000000E+00,    0.0000000000E+00,    4.1839819646E+02
    219200,      0.676968,CP9_after_PTsource,   1,    0.0000000000E+00,    4.1839819646E+02,    4.1839819646E+02,    0.0000000000E+00,    0.0000000000E+00,    0.0000000000E+00,    4.1839819646E+02
    219200,      0.676968,CP10_after_neg_clamp,   1,    0.0000000000E+00,    4.1839819646E+02,    4.1839819646E+02,    0.0000000000E+00,    0.0000000000E+00,    0.0000000000E+00,    4.1839819646E+02
    219200,      0.676968,CP11_after_MPI,   1,    0.0000000000E+00,    4.1839819646E+02,    4.1839819646E+02,    0.0000000000E+00,    0.0000000000E+00,    0.0000000000E+00,    4.1839819646E+02
    219200,      0.676968,CP12_end,   1,    0.0000000000E+00,    4.1839819646E+02,    4.1839819646E+02,    0.0000000000E+00,    0.0000000000E+00,    0.0000000000E+00,    4.1839819646E+02
    219250,      0.676968,CP0_start,   1,    0.0000000000E+00,    4.1859323630E+02,    4.1859323630E+02,    0.0000000000E+00,    0.0000000000E+00,    0.0000000000E+00,    4.1859323630E+02
    219250,      0.676968,CP1_after_deposition,   1,    0.0000000000E+00,    4.1859323630E+02,    4.1859323630E+02,    0.0000000000E+00,    0.0000000000E+00,    0.0000000000E+00,    4.1859323630E+02
    219250,      0.676968,CP2_after_erosion,   1,    0.0000000000E+00,    4.1859323630E+02,    4.1859323630E+02,    0.0000000000E+00,    0.0000000000E+00,    0.0000000000E+00,    4.1859323630E+02
    219250,      0.676968,CP3_after_update_bottom,   1,    0.0000000000E+00,    4.1859323630E+02,    4.1859323630E+02,    0.0000000000E+00,    0.0000000000E+00,    0.0000000000E+00,    4.1859323630E+02
    219250,      0.676968,CP4_after_advection,   1,    0.0000000000E+00,    4.1860242452E+02,    4.1860242452E+02,    0.0000000000E+00,    0.0000000000E+00,    0.0000000000E+00,    4.1860242452E+02
    219250,      0.676968,CP5_after_vdif,   1,    0.0000000000E+00,    4.1860242452E+02,    4.1860242452E+02,    0.0000000000E+00,    0.0000000000E+00,    0.0000000000E+00,    4.1860242452E+02
    219250,      0.676968,CP6_after_kinetics,   1,    0.0000000000E+00,    4.1860242452E+02,    4.1860242452E+02,    0.0000000000E+00,    0.0000000000E+00,    0.0000000000E+00,    4.1860242452E+02
    219250,      0.676968,CP7_after_upper_clamp,   1,    0.0000000000E+00,    4.1860242452E+02,    4.1860242452E+02,    0.0000000000E+00,    0.0000000000E+00,    0.0000000000E+00,    4.1860242452E+02
    219250,      0.676968,CP8_after_OBC,   1,    0.0000000000E+00,    4.1860242452E+02,    4.1860242452E+02,    0.0000000000E+00,    0.0000000000E+00,    0.0000000000E+00,    4.1860242452E+02
    219250,      0.676968,CP9_after_PTsource,   1,    0.0000000000E+00,    4.1860242452E+02,    4.1860242452E+02,    0.0000000000E+00,    0.0000000000E+00,    0.0000000000E+00,    4.1860242452E+02
    219250,      0.676968,CP10_after_neg_clamp,   1,    0.0000000000E+00,    4.1860242452E+02,    4.1860242452E+02,    0.0000000000E+00,    0.0000000000E+00,    0.0000000000E+00,    4.1860242452E+02
    219250,      0.676968,CP11_after_MPI,   1,    0.0000000000E+00,    4.1860242452E+02,    4.1860242452E+02,    0.0000000000E+00,    0.0000000000E+00,    0.0000000000E+00,    4.1860242452E+02
    219250,      0.676968,CP12_end,   1,    0.0000000000E+00,    4.1860242452E+02,    4.1860242452E+02,    0.0000000000E+00,    0.0000000000E+00,    0.0000000000E+00,    4.1860242452E+02
    219300,      0.676968,CP0_start,   1,    0.0000000000E+00,    4.1879643891E+02,    4.1879643891E+02,    0.0000000000E+00,    0.0000000000E+00,    0.0000000000E+00,    4.1879643891E+02
    219300,      0.676968,CP1_after_deposition,   1,    0.0000000000E+00,    4.1879643891E+02,    4.1879643891E+02,    0.0000000000E+00,    0.0000000000E+00,    0.0000000000E+00,    4.1879643891E+02
    219300,      0.676968,CP2_after_erosion,   1,    0.0000000000E+00,    4.1879643891E+02,    4.1879643891E+02,    0.0000000000E+00,    0.0000000000E+00,    0.0000000000E+00,    4.1879643891E+02
    219300,      0.676968,CP3_after_update_bottom,   1,    0.0000000000E+00,    4.1879643891E+02,    4.1879643891E+02,    0.0000000000E+00,    0.0000000000E+00,    0.0000000000E+00,    4.1879643891E+02
    219300,      0.676968,CP4_after_advection,   1,    0.0000000000E+00,    4.1880544215E+02,    4.1880544215E+02,    0.0000000000E+00,    0.0000000000E+00,    0.0000000000E+00,    4.1880544215E+02
    219300,      0.676968,CP5_after_vdif,   1,    0.0000000000E+00,    4.1880544215E+02,    4.1880544215E+02,    0.0000000000E+00,    0.0000000000E+00,    0.0000000000E+00,    4.1880544215E+02
    219300,      0.676968,CP6_after_kinetics,   1,    0.0000000000E+00,    4.1880544215E+02,    4.1880544215E+02,    0.0000000000E+00,    0.0000000000E+00,    0.0000000000E+00,    4.1880544215E+02
    219300,      0.676968,CP7_after_upper_clamp,   1,    0.0000000000E+00,    4.1880544215E+02,    4.1880544215E+02,    0.0000000000E+00,    0.0000000000E+00,    0.0000000000E+00,    4.1880544215E+02
    219300,      0.676968,CP8_after_OBC,   1,    0.0000000000E+00,    4.1880544215E+02,    4.1880544215E+02,    0.0000000000E+00,    0.0000000000E+00,    0.0000000000E+00,    4.1880544215E+02
    219300,      0.676968,CP9_after_PTsource,   1,    0.0000000000E+00,    4.1880544215E+02,    4.1880544215E+02,    0.0000000000E+00,    0.0000000000E+00,    0.0000000000E+00,    4.1880544215E+02
    219300,      0.676968,CP10_after_neg_clamp,   1,    0.0000000000E+00,    4.1880544215E+02,    4.1880544215E+02,    0.0000000000E+00,    0.0000000000E+00,    0.0000000000E+00,    4.1880544215E+02
    219300,      0.676968,CP11_after_MPI,   1,    0.0000000000E+00,    4.1880544215E+02,    4.1880544215E+02,    0.0000000000E+00,    0.0000000000E+00,    0.0000000000E+00,    4.1880544215E+02
    219300,      0.676968,CP12_end,   1,    0.0000000000E+00,    4.1880544215E+02,    4.1880544215E+02,    0.0000000000E+00,    0.0000000000E+00,    0.0000000000E+00,    4.1880544215E+02
    219350,      0.676968,CP0_start,   1,    0.0000000000E+00,    4.1899861963E+02,    4.1899861963E+02,    0.0000000000E+00,    0.0000000000E+00,    0.0000000000E+00,    4.1899861963E+02
    219350,      0.676968,CP1_after_deposition,   1,    0.0000000000E+00,    4.1899861963E+02,    4.1899861963E+02,    0.0000000000E+00,    0.0000000000E+00,    0.0000000000E+00,    4.1899861963E+02
    219350,      0.676968,CP2_after_erosion,   1,    0.0000000000E+00,    4.1899861963E+02,    4.1899861963E+02,    0.0000000000E+00,    0.0000000000E+00,    0.0000000000E+00,    4.1899861963E+02
    219350,      0.676968,CP3_after_update_bottom,   1,    0.0000000000E+00,    4.1899861963E+02,    4.1899861963E+02,    0.0000000000E+00,    0.0000000000E+00,    0.0000000000E+00,    4.1899861963E+02
    219350,      0.676968,CP4_after_advection,   1,    0.0000000000E+00,    4.1900744025E+02,    4.1900744025E+02,    0.0000000000E+00,    0.0000000000E+00,    0.0000000000E+00,    4.1900744025E+02
    219350,      0.676968,CP5_after_vdif,   1,    0.0000000000E+00,    4.1900744025E+02,    4.1900744025E+02,    0.0000000000E+00,    0.0000000000E+00,    0.0000000000E+00,    4.1900744025E+02
    219350,      0.676968,CP6_after_kinetics,   1,    0.0000000000E+00,    4.1900744025E+02,    4.1900744025E+02,    0.0000000000E+00,    0.0000000000E+00,    0.0000000000E+00,    4.1900744025E+02
    219350,      0.676968,CP7_after_upper_clamp,   1,    0.0000000000E+00,    4.1900744025E+02,    4.1900744025E+02,    0.0000000000E+00,    0.0000000000E+00,    0.0000000000E+00,    4.1900744025E+02
    219350,      0.676968,CP8_after_OBC,   1,    0.0000000000E+00,    4.1900744025E+02,    4.1900744025E+02,    0.0000000000E+00,    0.0000000000E+00,    0.0000000000E+00,    4.1900744025E+02
    219350,      0.676968,CP9_after_PTsource,   1,    0.0000000000E+00,    4.1900744025E+02,    4.1900744025E+02,    0.0000000000E+00,    0.0000000000E+00,    0.0000000000E+00,    4.1900744025E+02
    219350,      0.676968,CP10_after_neg_clamp,   1,    0.0000000000E+00,    4.1900744025E+02,    4.1900744025E+02,    0.0000000000E+00,    0.0000000000E+00,    0.0000000000E+00,    4.1900744025E+02
    219350,      0.676968,CP11_after_MPI,   1,    0.0000000000E+00,    4.1900744025E+02,    4.1900744025E+02,    0.0000000000E+00,    0.0000000000E+00,    0.0000000000E+00,    4.1900744025E+02
    219350,      0.676968,CP12_end,   1,    0.0000000000E+00,    4.1900744025E+02,    4.1900744025E+02,    0.0000000000E+00,    0.0000000000E+00,    0.0000000000E+00,    4.1900744025E+02
    219400,      0.676969,CP0_start,   1,    0.0000000000E+00,    4.1920002859E+02,    4.1920002859E+02,    0.0000000000E+00,    0.0000000000E+00,    0.0000000000E+00,    4.1920002859E+02
    219400,      0.676969,CP1_after_deposition,   1,    0.0000000000E+00,    4.1920002859E+02,    4.1920002859E+02,    0.0000000000E+00,    0.0000000000E+00,    0.0000000000E+00,    4.1920002859E+02
    219400,      0.676969,CP2_after_erosion,   1,    0.0000000000E+00,    4.1920002859E+02,    4.1920002859E+02,    0.0000000000E+00,    0.0000000000E+00,    0.0000000000E+00,    4.1920002859E+02
    219400,      0.676969,CP3_after_update_bottom,   1,    0.0000000000E+00,    4.1920002859E+02,    4.1920002859E+02,    0.0000000000E+00,    0.0000000000E+00,    0.0000000000E+00,    4.1920002859E+02
    219400,      0.676969,CP4_after_advection,   1,    0.0000000000E+00,    4.1920867077E+02,    4.1920867077E+02,    0.0000000000E+00,    0.0000000000E+00,    0.0000000000E+00,    4.1920867077E+02
    219400,      0.676969,CP5_after_vdif,   1,    0.0000000000E+00,    4.1920867077E+02,    4.1920867077E+02,    0.0000000000E+00,    0.0000000000E+00,    0.0000000000E+00,    4.1920867077E+02
    219400,      0.676969,CP6_after_kinetics,   1,    0.0000000000E+00,    4.1920867077E+02,    4.1920867077E+02,    0.0000000000E+00,    0.0000000000E+00,    0.0000000000E+00,    4.1920867077E+02
    219400,      0.676969,CP7_after_upper_clamp,   1,    0.0000000000E+00,    4.1920867077E+02,    4.1920867077E+02,    0.0000000000E+00,    0.0000000000E+00,    0.0000000000E+00,    4.1920867077E+02
    219400,      0.676969,CP8_after_OBC,   1,    0.0000000000E+00,    4.1920867077E+02,    4.1920867077E+02,    0.0000000000E+00,    0.0000000000E+00,    0.0000000000E+00,    4.1920867077E+02
    219400,      0.676969,CP9_after_PTsource,   1,    0.0000000000E+00,    4.1920867077E+02,    4.1920867077E+02,    0.0000000000E+00,    0.0000000000E+00,    0.0000000000E+00,    4.1920867077E+02
    219400,      0.676969,CP10_after_neg_clamp,   1,    0.0000000000E+00,    4.1920867077E+02,    4.1920867077E+02,    0.0000000000E+00,    0.0000000000E+00,    0.0000000000E+00,    4.1920867077E+02
    219400,      0.676969,CP11_after_MPI,   1,    0.0000000000E+00,    4.1920867077E+02,    4.1920867077E+02,    0.0000000000E+00,    0.0000000000E+00,    0.0000000000E+00,    4.1920867077E+02
    219400,      0.676969,CP12_end,   1,    0.0000000000E+00,    4.1920867077E+02,    4.1920867077E+02,    0.0000000000E+00,    0.0000000000E+00,    0.0000000000E+00,    4.1920867077E+02
    219450,      0.676969,CP0_start,   1,    0.0000000000E+00,    4.1940092424E+02,    4.1940092424E+02,    0.0000000000E+00,    0.0000000000E+00,    0.0000000000E+00,    4.1940092424E+02
    219450,      0.676969,CP1_after_deposition,   1,    0.0000000000E+00,    4.1940092424E+02,    4.1940092424E+02,    0.0000000000E+00,    0.0000000000E+00,    0.0000000000E+00,    4.1940092424E+02
    219450,      0.676969,CP2_after_erosion,   1,    0.0000000000E+00,    4.1940092424E+02,    4.1940092424E+02,    0.0000000000E+00,    0.0000000000E+00,    0.0000000000E+00,    4.1940092424E+02
    219450,      0.676969,CP3_after_update_bottom,   1,    0.0000000000E+00,    4.1940092424E+02,    4.1940092424E+02,    0.0000000000E+00,    0.0000000000E+00,    0.0000000000E+00,    4.1940092424E+02
    219450,      0.676969,CP4_after_advection,   1,    0.0000000000E+00,    4.1940939446E+02,    4.1940939446E+02,    0.0000000000E+00,    0.0000000000E+00,    0.0000000000E+00,    4.1940939446E+02
    219450,      0.676969,CP5_after_vdif,   1,    0.0000000000E+00,    4.1940939446E+02,    4.1940939446E+02,    0.0000000000E+00,    0.0000000000E+00,    0.0000000000E+00,    4.1940939446E+02
    219450,      0.676969,CP6_after_kinetics,   1,    0.0000000000E+00,    4.1940939446E+02,    4.1940939446E+02,    0.0000000000E+00,    0.0000000000E+00,    0.0000000000E+00,    4.1940939446E+02
    219450,      0.676969,CP7_after_upper_clamp,   1,    0.0000000000E+00,    4.1940939446E+02,    4.1940939446E+02,    0.0000000000E+00,    0.0000000000E+00,    0.0000000000E+00,    4.1940939446E+02
    219450,      0.676969,CP8_after_OBC,   1,    0.0000000000E+00,    4.1940939446E+02,    4.1940939446E+02,    0.0000000000E+00,    0.0000000000E+00,    0.0000000000E+00,    4.1940939446E+02
    219450,      0.676969,CP9_after_PTsource,   1,    0.0000000000E+00,    4.1940939446E+02,    4.1940939446E+02,    0.0000000000E+00,    0.0000000000E+00,    0.0000000000E+00,    4.1940939446E+02
    219450,      0.676969,CP10_after_neg_clamp,   1,    0.0000000000E+00,    4.1940939446E+02,    4.1940939446E+02,    0.0000000000E+00,    0.0000000000E+00,    0.0000000000E+00,    4.1940939446E+02
    219450,      0.676969,CP11_after_MPI,   1,    0.0000000000E+00,    4.1940939446E+02,    4.1940939446E+02,    0.0000000000E+00,    0.0000000000E+00,    0.0000000000E+00,    4.1940939446E+02
    219450,      0.676969,CP12_end,   1,    0.0000000000E+00,    4.1940939446E+02,    4.1940939446E+02,    0.0000000000E+00,    0.0000000000E+00,    0.0000000000E+00,    4.1940939446E+02
    219500,      0.676969,CP0_start,   1,    0.0000000000E+00,    4.1960145113E+02,    4.1960145113E+02,    0.0000000000E+00,    0.0000000000E+00,    0.0000000000E+00,    4.1960145113E+02
    219500,      0.676969,CP1_after_deposition,   1,    0.0000000000E+00,    4.1960145113E+02,    4.1960145113E+02,    0.0000000000E+00,    0.0000000000E+00,    0.0000000000E+00,    4.1960145113E+02
    219500,      0.676969,CP2_after_erosion,   1,    0.0000000000E+00,    4.1960145113E+02,    4.1960145113E+02,    0.0000000000E+00,    0.0000000000E+00,    0.0000000000E+00,    4.1960145113E+02
    219500,      0.676969,CP3_after_update_bottom,   1,    0.0000000000E+00,    4.1960145113E+02,    4.1960145113E+02,    0.0000000000E+00,    0.0000000000E+00,    0.0000000000E+00,    4.1960145113E+02
    219500,      0.676969,CP4_after_advection,   1,    0.0000000000E+00,    4.1960974597E+02,    4.1960974597E+02,    0.0000000000E+00,    0.0000000000E+00,    0.0000000000E+00,    4.1960974597E+02
    219500,      0.676969,CP5_after_vdif,   1,    0.0000000000E+00,    4.1960974597E+02,    4.1960974597E+02,    0.0000000000E+00,    0.0000000000E+00,    0.0000000000E+00,    4.1960974597E+02
    219500,      0.676969,CP6_after_kinetics,   1,    0.0000000000E+00,    4.1960974597E+02,    4.1960974597E+02,    0.0000000000E+00,    0.0000000000E+00,    0.0000000000E+00,    4.1960974597E+02
    219500,      0.676969,CP7_after_upper_clamp,   1,    0.0000000000E+00,    4.1960974597E+02,    4.1960974597E+02,    0.0000000000E+00,    0.0000000000E+00,    0.0000000000E+00,    4.1960974597E+02
    219500,      0.676969,CP8_after_OBC,   1,    0.0000000000E+00,    4.1960974597E+02,    4.1960974597E+02,    0.0000000000E+00,    0.0000000000E+00,    0.0000000000E+00,    4.1960974597E+02
    219500,      0.676969,CP9_after_PTsource,   1,    0.0000000000E+00,    4.1960974597E+02,    4.1960974597E+02,    0.0000000000E+00,    0.0000000000E+00,    0.0000000000E+00,    4.1960974597E+02
    219500,      0.676969,CP10_after_neg_clamp,   1,    0.0000000000E+00,    4.1960974597E+02,    4.1960974597E+02,    0.0000000000E+00,    0.0000000000E+00,    0.0000000000E+00,    4.1960974597E+02
    219500,      0.676969,CP11_after_MPI,   1,    0.0000000000E+00,    4.1960974597E+02,    4.1960974597E+02,    0.0000000000E+00,    0.0000000000E+00,    0.0000000000E+00,    4.1960974597E+02
    219500,      0.676969,CP12_end,   1,    0.0000000000E+00,    4.1960974597E+02,    4.1960974597E+02,    0.0000000000E+00,    0.0000000000E+00,    0.0000000000E+00,    4.1960974597E+02
    219550,      0.676969,CP0_start,   1,    0.0000000000E+00,    4.1980171281E+02,    4.1980171281E+02,    0.0000000000E+00,    0.0000000000E+00,    0.0000000000E+00,    4.1980171281E+02
    219550,      0.676969,CP1_after_deposition,   1,    0.0000000000E+00,    4.1980171281E+02,    4.1980171281E+02,    0.0000000000E+00,    0.0000000000E+00,    0.0000000000E+00,    4.1980171281E+02
    219550,      0.676969,CP2_after_erosion,   1,    0.0000000000E+00,    4.1980171281E+02,    4.1980171281E+02,    0.0000000000E+00,    0.0000000000E+00,    0.0000000000E+00,    4.1980171281E+02
    219550,      0.676969,CP3_after_update_bottom,   1,    0.0000000000E+00,    4.1980171281E+02,    4.1980171281E+02,    0.0000000000E+00,    0.0000000000E+00,    0.0000000000E+00,    4.1980171281E+02
    219550,      0.676969,CP4_after_advection,   1,    0.0000000000E+00,    4.1980982980E+02,    4.1980982980E+02,    0.0000000000E+00,    0.0000000000E+00,    0.0000000000E+00,    4.1980982980E+02
    219550,      0.676969,CP5_after_vdif,   1,    0.0000000000E+00,    4.1980982980E+02,    4.1980982980E+02,    0.0000000000E+00,    0.0000000000E+00,    0.0000000000E+00,    4.1980982980E+02
    219550,      0.676969,CP6_after_kinetics,   1,    0.0000000000E+00,    4.1980982980E+02,    4.1980982980E+02,    0.0000000000E+00,    0.0000000000E+00,    0.0000000000E+00,    4.1980982980E+02
    219550,      0.676969,CP7_after_upper_clamp,   1,    0.0000000000E+00,    4.1980982980E+02,    4.1980982980E+02,    0.0000000000E+00,    0.0000000000E+00,    0.0000000000E+00,    4.1980982980E+02
    219550,      0.676969,CP8_after_OBC,   1,    0.0000000000E+00,    4.1980982980E+02,    4.1980982980E+02,    0.0000000000E+00,    0.0000000000E+00,    0.0000000000E+00,    4.1980982980E+02
    219550,      0.676969,CP9_after_PTsource,   1,    0.0000000000E+00,    4.1980982980E+02,    4.1980982980E+02,    0.0000000000E+00,    0.0000000000E+00,    0.0000000000E+00,    4.1980982980E+02
    219550,      0.676969,CP10_after_neg_clamp,   1,    0.0000000000E+00,    4.1980982980E+02,    4.1980982980E+02,    0.0000000000E+00,    0.0000000000E+00,    0.0000000000E+00,    4.1980982980E+02
    219550,      0.676969,CP11_after_MPI,   1,    0.0000000000E+00,    4.1980982980E+02,    4.1980982980E+02,    0.0000000000E+00,    0.0000000000E+00,    0.0000000000E+00,    4.1980982980E+02
    219550,      0.676969,CP12_end,   1,    0.0000000000E+00,    4.1980982980E+02,    4.1980982980E+02,    0.0000000000E+00,    0.0000000000E+00,    0.0000000000E+00,    4.1980982980E+02
    219600,      0.676969,CP0_start,   1,    0.0000000000E+00,    4.2000171686E+02,    4.2000171686E+02,    0.0000000000E+00,    0.0000000000E+00,    0.0000000000E+00,    4.2000171686E+02
    219600,      0.676969,CP1_after_deposition,   1,    0.0000000000E+00,    4.2000171686E+02,    4.2000171686E+02,    0.0000000000E+00,    0.0000000000E+00,    0.0000000000E+00,    4.2000171686E+02
    219600,      0.676969,CP2_after_erosion,   1,    0.0000000000E+00,    4.2000171686E+02,    4.2000171686E+02,    0.0000000000E+00,    0.0000000000E+00,    0.0000000000E+00,    4.2000171686E+02
    219600,      0.676969,CP3_after_update_bottom,   1,    0.0000000000E+00,    4.2000171686E+02,    4.2000171686E+02,    0.0000000000E+00,    0.0000000000E+00,    0.0000000000E+00,    4.2000171686E+02
    219600,      0.676969,CP4_after_advection,   1,    0.0000000000E+00,    4.2000965618E+02,    4.2000965618E+02,    0.0000000000E+00,    0.0000000000E+00,    0.0000000000E+00,    4.2000965618E+02
    219600,      0.676969,CP5_after_vdif,   1,    0.0000000000E+00,    4.2000965618E+02,    4.2000965618E+02,    0.0000000000E+00,    0.0000000000E+00,    0.0000000000E+00,    4.2000965618E+02
    219600,      0.676969,CP6_after_kinetics,   1,    0.0000000000E+00,    4.2000965618E+02,    4.2000965618E+02,    0.0000000000E+00,    0.0000000000E+00,    0.0000000000E+00,    4.2000965618E+02
    219600,      0.676969,CP7_after_upper_clamp,   1,    0.0000000000E+00,    4.2000965618E+02,    4.2000965618E+02,    0.0000000000E+00,    0.0000000000E+00,    0.0000000000E+00,    4.2000965618E+02
    219600,      0.676969,CP8_after_OBC,   1,    0.0000000000E+00,    4.2000965618E+02,    4.2000965618E+02,    0.0000000000E+00,    0.0000000000E+00,    0.0000000000E+00,    4.2000965618E+02
    219600,      0.676969,CP9_after_PTsource,   1,    0.0000000000E+00,    4.2000965618E+02,    4.2000965618E+02,    0.0000000000E+00,    0.0000000000E+00,    0.0000000000E+00,    4.2000965618E+02
    219600,      0.676969,CP10_after_neg_clamp,   1,    0.0000000000E+00,    4.2000965618E+02,    4.2000965618E+02,    0.0000000000E+00,    0.0000000000E+00,    0.0000000000E+00,    4.2000965618E+02
    219600,      0.676969,CP11_after_MPI,   1,    0.0000000000E+00,    4.2000965618E+02,    4.2000965618E+02,    0.0000000000E+00,    0.0000000000E+00,    0.0000000000E+00,    4.2000965618E+02
    219600,      0.676969,CP12_end,   1,    0.0000000000E+00,    4.2000965618E+02,    4.2000965618E+02,    0.0000000000E+00,    0.0000000000E+00,    0.0000000000E+00,    4.2000965618E+02
    219650,      0.676969,CP0_start,   1,    0.0000000000E+00,    4.2020147600E+02,    4.2020147600E+02,    0.0000000000E+00,    0.0000000000E+00,    0.0000000000E+00,    4.2020147600E+02
    219650,      0.676969,CP1_after_deposition,   1,    0.0000000000E+00,    4.2020147600E+02,    4.2020147600E+02,    0.0000000000E+00,    0.0000000000E+00,    0.0000000000E+00,    4.2020147600E+02
    219650,      0.676969,CP2_after_erosion,   1,    0.0000000000E+00,    4.2020147600E+02,    4.2020147600E+02,    0.0000000000E+00,    0.0000000000E+00,    0.0000000000E+00,    4.2020147600E+02
    219650,      0.676969,CP3_after_update_bottom,   1,    0.0000000000E+00,    4.2020147600E+02,    4.2020147600E+02,    0.0000000000E+00,    0.0000000000E+00,    0.0000000000E+00,    4.2020147600E+02
    219650,      0.676969,CP4_after_advection,   1,    0.0000000000E+00,    4.2020924114E+02,    4.2020924114E+02,    0.0000000000E+00,    0.0000000000E+00,    0.0000000000E+00,    4.2020924114E+02
    219650,      0.676969,CP5_after_vdif,   1,    0.0000000000E+00,    4.2020924114E+02,    4.2020924114E+02,    0.0000000000E+00,    0.0000000000E+00,    0.0000000000E+00,    4.2020924114E+02
    219650,      0.676969,CP6_after_kinetics,   1,    0.0000000000E+00,    4.2020924114E+02,    4.2020924114E+02,    0.0000000000E+00,    0.0000000000E+00,    0.0000000000E+00,    4.2020924114E+02
    219650,      0.676969,CP7_after_upper_clamp,   1,    0.0000000000E+00,    4.2020924114E+02,    4.2020924114E+02,    0.0000000000E+00,    0.0000000000E+00,    0.0000000000E+00,    4.2020924114E+02
    219650,      0.676969,CP8_after_OBC,   1,    0.0000000000E+00,    4.2020924114E+02,    4.2020924114E+02,    0.0000000000E+00,    0.0000000000E+00,    0.0000000000E+00,    4.2020924114E+02
    219650,      0.676969,CP9_after_PTsource,   1,    0.0000000000E+00,    4.2020924114E+02,    4.2020924114E+02,    0.0000000000E+00,    0.0000000000E+00,    0.0000000000E+00,    4.2020924114E+02
    219650,      0.676969,CP10_after_neg_clamp,   1,    0.0000000000E+00,    4.2020924114E+02,    4.2020924114E+02,    0.0000000000E+00,    0.0000000000E+00,    0.0000000000E+00,    4.2020924114E+02
    219650,      0.676969,CP11_after_MPI,   1,    0.0000000000E+00,    4.2020924114E+02,    4.2020924114E+02,    0.0000000000E+00,    0.0000000000E+00,    0.0000000000E+00,    4.2020924114E+02
    219650,      0.676969,CP12_end,   1,    0.0000000000E+00,    4.2020924114E+02,    4.2020924114E+02,    0.0000000000E+00,    0.0000000000E+00,    0.0000000000E+00,    4.2020924114E+02
    219700,      0.676969,CP0_start,   1,    0.0000000000E+00,    4.2040102035E+02,    4.2040102035E+02,    0.0000000000E+00,    0.0000000000E+00,    0.0000000000E+00,    4.2040102035E+02
    219700,      0.676969,CP1_after_deposition,   1,    0.0000000000E+00,    4.2040102035E+02,    4.2040102035E+02,    0.0000000000E+00,    0.0000000000E+00,    0.0000000000E+00,    4.2040102035E+02
    219700,      0.676969,CP2_after_erosion,   1,    0.0000000000E+00,    4.2040102035E+02,    4.2040102035E+02,    0.0000000000E+00,    0.0000000000E+00,    0.0000000000E+00,    4.2040102035E+02
    219700,      0.676969,CP3_after_update_bottom,   1,    0.0000000000E+00,    4.2040102035E+02,    4.2040102035E+02,    0.0000000000E+00,    0.0000000000E+00,    0.0000000000E+00,    4.2040102035E+02
    219700,      0.676969,CP4_after_advection,   1,    0.0000000000E+00,    4.2040861145E+02,    4.2040861145E+02,    0.0000000000E+00,    0.0000000000E+00,    0.0000000000E+00,    4.2040861145E+02
    219700,      0.676969,CP5_after_vdif,   1,    0.0000000000E+00,    4.2040861145E+02,    4.2040861145E+02,    0.0000000000E+00,    0.0000000000E+00,    0.0000000000E+00,    4.2040861145E+02
    219700,      0.676969,CP6_after_kinetics,   1,    0.0000000000E+00,    4.2040861145E+02,    4.2040861145E+02,    0.0000000000E+00,    0.0000000000E+00,    0.0000000000E+00,    4.2040861145E+02
    219700,      0.676969,CP7_after_upper_clamp,   1,    0.0000000000E+00,    4.2040861145E+02,    4.2040861145E+02,    0.0000000000E+00,    0.0000000000E+00,    0.0000000000E+00,    4.2040861145E+02
    219700,      0.676969,CP8_after_OBC,   1,    0.0000000000E+00,    4.2040861145E+02,    4.2040861145E+02,    0.0000000000E+00,    0.0000000000E+00,    0.0000000000E+00,    4.2040861145E+02
    219700,      0.676969,CP9_after_PTsource,   1,    0.0000000000E+00,    4.2040861145E+02,    4.2040861145E+02,    0.0000000000E+00,    0.0000000000E+00,    0.0000000000E+00,    4.2040861145E+02
    219700,      0.676969,CP10_after_neg_clamp,   1,    0.0000000000E+00,    4.2040861145E+02,    4.2040861145E+02,    0.0000000000E+00,    0.0000000000E+00,    0.0000000000E+00,    4.2040861145E+02
    219700,      0.676969,CP11_after_MPI,   1,    0.0000000000E+00,    4.2040861145E+02,    4.2040861145E+02,    0.0000000000E+00,    0.0000000000E+00,    0.0000000000E+00,    4.2040861145E+02
    219700,      0.676969,CP12_end,   1,    0.0000000000E+00,    4.2040861145E+02,    4.2040861145E+02,    0.0000000000E+00,    0.0000000000E+00,    0.0000000000E+00,    4.2040861145E+02
    219750,      0.676969,CP0_start,   1,    0.0000000000E+00,    4.2060037664E+02,    4.2060037664E+02,    0.0000000000E+00,    0.0000000000E+00,    0.0000000000E+00,    4.2060037664E+02
    219750,      0.676969,CP1_after_deposition,   1,    0.0000000000E+00,    4.2060037664E+02,    4.2060037664E+02,    0.0000000000E+00,    0.0000000000E+00,    0.0000000000E+00,    4.2060037664E+02
    219750,      0.676969,CP2_after_erosion,   1,    0.0000000000E+00,    4.2060037664E+02,    4.2060037664E+02,    0.0000000000E+00,    0.0000000000E+00,    0.0000000000E+00,    4.2060037664E+02
    219750,      0.676969,CP3_after_update_bottom,   1,    0.0000000000E+00,    4.2060037664E+02,    4.2060037664E+02,    0.0000000000E+00,    0.0000000000E+00,    0.0000000000E+00,    4.2060037664E+02
    219750,      0.676969,CP4_after_advection,   1,    0.0000000000E+00,    4.2060778424E+02,    4.2060778424E+02,    0.0000000000E+00,    0.0000000000E+00,    0.0000000000E+00,    4.2060778424E+02
    219750,      0.676969,CP5_after_vdif,   1,    0.0000000000E+00,    4.2060778424E+02,    4.2060778424E+02,    0.0000000000E+00,    0.0000000000E+00,    0.0000000000E+00,    4.2060778424E+02
    219750,      0.676969,CP6_after_kinetics,   1,    0.0000000000E+00,    4.2060778424E+02,    4.2060778424E+02,    0.0000000000E+00,    0.0000000000E+00,    0.0000000000E+00,    4.2060778424E+02
    219750,      0.676969,CP7_after_upper_clamp,   1,    0.0000000000E+00,    4.2060778424E+02,    4.2060778424E+02,    0.0000000000E+00,    0.0000000000E+00,    0.0000000000E+00,    4.2060778424E+02
    219750,      0.676969,CP8_after_OBC,   1,    0.0000000000E+00,    4.2060778424E+02,    4.2060778424E+02,    0.0000000000E+00,    0.0000000000E+00,    0.0000000000E+00,    4.2060778424E+02
    219750,      0.676969,CP9_after_PTsource,   1,    0.0000000000E+00,    4.2060778424E+02,    4.2060778424E+02,    0.0000000000E+00,    0.0000000000E+00,    0.0000000000E+00,    4.2060778424E+02
    219750,      0.676969,CP10_after_neg_clamp,   1,    0.0000000000E+00,    4.2060778424E+02,    4.2060778424E+02,    0.0000000000E+00,    0.0000000000E+00,    0.0000000000E+00,    4.2060778424E+02
    219750,      0.676969,CP11_after_MPI,   1,    0.0000000000E+00,    4.2060778424E+02,    4.2060778424E+02,    0.0000000000E+00,    0.0000000000E+00,    0.0000000000E+00,    4.2060778424E+02
    219750,      0.676969,CP12_end,   1,    0.0000000000E+00,    4.2060778424E+02,    4.2060778424E+02,    0.0000000000E+00,    0.0000000000E+00,    0.0000000000E+00,    4.2060778424E+02
    219800,      0.676969,CP0_start,   1,    0.0000000000E+00,    4.2079936753E+02,    4.2079936753E+02,    0.0000000000E+00,    0.0000000000E+00,    0.0000000000E+00,    4.2079936753E+02
    219800,      0.676969,CP1_after_deposition,   1,    0.0000000000E+00,    4.2079936753E+02,    4.2079936753E+02,    0.0000000000E+00,    0.0000000000E+00,    0.0000000000E+00,    4.2079936753E+02
    219800,      0.676969,CP2_after_erosion,   1,    0.0000000000E+00,    4.2079936753E+02,    4.2079936753E+02,    0.0000000000E+00,    0.0000000000E+00,    0.0000000000E+00,    4.2079936753E+02
    219800,      0.676969,CP3_after_update_bottom,   1,    0.0000000000E+00,    4.2079936753E+02,    4.2079936753E+02,    0.0000000000E+00,    0.0000000000E+00,    0.0000000000E+00,    4.2079936753E+02
    219800,      0.676969,CP4_after_advection,   1,    0.0000000000E+00,    4.2080659250E+02,    4.2080659250E+02,    0.0000000000E+00,    0.0000000000E+00,    0.0000000000E+00,    4.2080659250E+02
    219800,      0.676969,CP5_after_vdif,   1,    0.0000000000E+00,    4.2080659250E+02,    4.2080659250E+02,    0.0000000000E+00,    0.0000000000E+00,    0.0000000000E+00,    4.2080659250E+02
    219800,      0.676969,CP6_after_kinetics,   1,    0.0000000000E+00,    4.2080659250E+02,    4.2080659250E+02,    0.0000000000E+00,    0.0000000000E+00,    0.0000000000E+00,    4.2080659250E+02
    219800,      0.676969,CP7_after_upper_clamp,   1,    0.0000000000E+00,    4.2080659250E+02,    4.2080659250E+02,    0.0000000000E+00,    0.0000000000E+00,    0.0000000000E+00,    4.2080659250E+02
    219800,      0.676969,CP8_after_OBC,   1,    0.0000000000E+00,    4.2080659250E+02,    4.2080659250E+02,    0.0000000000E+00,    0.0000000000E+00,    0.0000000000E+00,    4.2080659250E+02
    219800,      0.676969,CP9_after_PTsource,   1,    0.0000000000E+00,    4.2080659250E+02,    4.2080659250E+02,    0.0000000000E+00,    0.0000000000E+00,    0.0000000000E+00,    4.2080659250E+02
    219800,      0.676969,CP10_after_neg_clamp,   1,    0.0000000000E+00,    4.2080659250E+02,    4.2080659250E+02,    0.0000000000E+00,    0.0000000000E+00,    0.0000000000E+00,    4.2080659250E+02
    219800,      0.676969,CP11_after_MPI,   1,    0.0000000000E+00,    4.2080659250E+02,    4.2080659250E+02,    0.0000000000E+00,    0.0000000000E+00,    0.0000000000E+00,    4.2080659250E+02
    219800,      0.676969,CP12_end,   1,    0.0000000000E+00,    4.2080659250E+02,    4.2080659250E+02,    0.0000000000E+00,    0.0000000000E+00,    0.0000000000E+00,    4.2080659250E+02
    219850,      0.676969,CP0_start,   1,    0.0000000000E+00,    4.2099780982E+02,    4.2099780982E+02,    0.0000000000E+00,    0.0000000000E+00,    0.0000000000E+00,    4.2099780982E+02
    219850,      0.676969,CP1_after_deposition,   1,    0.0000000000E+00,    4.2099780982E+02,    4.2099780982E+02,    0.0000000000E+00,    0.0000000000E+00,    0.0000000000E+00,    4.2099780982E+02
    219850,      0.676969,CP2_after_erosion,   1,    0.0000000000E+00,    4.2099780982E+02,    4.2099780982E+02,    0.0000000000E+00,    0.0000000000E+00,    0.0000000000E+00,    4.2099780982E+02
    219850,      0.676969,CP3_after_update_bottom,   1,    0.0000000000E+00,    4.2099780982E+02,    4.2099780982E+02,    0.0000000000E+00,    0.0000000000E+00,    0.0000000000E+00,    4.2099780982E+02
    219850,      0.676969,CP4_after_advection,   1,    0.0000000000E+00,    4.2100484667E+02,    4.2100484667E+02,    0.0000000000E+00,    0.0000000000E+00,    0.0000000000E+00,    4.2100484667E+02
    219850,      0.676969,CP5_after_vdif,   1,    0.0000000000E+00,    4.2100484667E+02,    4.2100484667E+02,    0.0000000000E+00,    0.0000000000E+00,    0.0000000000E+00,    4.2100484667E+02
    219850,      0.676969,CP6_after_kinetics,   1,    0.0000000000E+00,    4.2100484667E+02,    4.2100484667E+02,    0.0000000000E+00,    0.0000000000E+00,    0.0000000000E+00,    4.2100484667E+02
    219850,      0.676969,CP7_after_upper_clamp,   1,    0.0000000000E+00,    4.2100484667E+02,    4.2100484667E+02,    0.0000000000E+00,    0.0000000000E+00,    0.0000000000E+00,    4.2100484667E+02
    219850,      0.676969,CP8_after_OBC,   1,    0.0000000000E+00,    4.2100484667E+02,    4.2100484667E+02,    0.0000000000E+00,    0.0000000000E+00,    0.0000000000E+00,    4.2100484667E+02
    219850,      0.676969,CP9_after_PTsource,   1,    0.0000000000E+00,    4.2100484667E+02,    4.2100484667E+02,    0.0000000000E+00,    0.0000000000E+00,    0.0000000000E+00,    4.2100484667E+02
    219850,      0.676969,CP10_after_neg_clamp,   1,    0.0000000000E+00,    4.2100484667E+02,    4.2100484667E+02,    0.0000000000E+00,    0.0000000000E+00,    0.0000000000E+00,    4.2100484667E+02
    219850,      0.676969,CP11_after_MPI,   1,    0.0000000000E+00,    4.2100484667E+02,    4.2100484667E+02,    0.0000000000E+00,    0.0000000000E+00,    0.0000000000E+00,    4.2100484667E+02
    219850,      0.676969,CP12_end,   1,    0.0000000000E+00,    4.2100484667E+02,    4.2100484667E+02,    0.0000000000E+00,    0.0000000000E+00,    0.0000000000E+00,    4.2100484667E+02
    219900,      0.676969,CP0_start,   1,    0.0000000000E+00,    4.2119546494E+02,    4.2119546494E+02,    0.0000000000E+00,    0.0000000000E+00,    0.0000000000E+00,    4.2119546494E+02
    219900,      0.676969,CP1_after_deposition,   1,    0.0000000000E+00,    4.2119546494E+02,    4.2119546494E+02,    0.0000000000E+00,    0.0000000000E+00,    0.0000000000E+00,    4.2119546494E+02
    219900,      0.676969,CP2_after_erosion,   1,    0.0000000000E+00,    4.2119546494E+02,    4.2119546494E+02,    0.0000000000E+00,    0.0000000000E+00,    0.0000000000E+00,    4.2119546494E+02
    219900,      0.676969,CP3_after_update_bottom,   1,    0.0000000000E+00,    4.2119546494E+02,    4.2119546494E+02,    0.0000000000E+00,    0.0000000000E+00,    0.0000000000E+00,    4.2119546494E+02
    219900,      0.676969,CP4_after_advection,   1,    0.0000000000E+00,    4.2120231128E+02,    4.2120231128E+02,    0.0000000000E+00,    0.0000000000E+00,    0.0000000000E+00,    4.2120231128E+02
    219900,      0.676969,CP5_after_vdif,   1,    0.0000000000E+00,    4.2120231128E+02,    4.2120231128E+02,    0.0000000000E+00,    0.0000000000E+00,    0.0000000000E+00,    4.2120231128E+02
    219900,      0.676969,CP6_after_kinetics,   1,    0.0000000000E+00,    4.2120231128E+02,    4.2120231128E+02,    0.0000000000E+00,    0.0000000000E+00,    0.0000000000E+00,    4.2120231128E+02
    219900,      0.676969,CP7_after_upper_clamp,   1,    0.0000000000E+00,    4.2120231128E+02,    4.2120231128E+02,    0.0000000000E+00,    0.0000000000E+00,    0.0000000000E+00,    4.2120231128E+02
    219900,      0.676969,CP8_after_OBC,   1,    0.0000000000E+00,    4.2120231128E+02,    4.2120231128E+02,    0.0000000000E+00,    0.0000000000E+00,    0.0000000000E+00,    4.2120231128E+02
    219900,      0.676969,CP9_after_PTsource,   1,    0.0000000000E+00,    4.2120231128E+02,    4.2120231128E+02,    0.0000000000E+00,    0.0000000000E+00,    0.0000000000E+00,    4.2120231128E+02
    219900,      0.676969,CP10_after_neg_clamp,   1,    0.0000000000E+00,    4.2120231128E+02,    4.2120231128E+02,    0.0000000000E+00,    0.0000000000E+00,    0.0000000000E+00,    4.2120231128E+02
    219900,      0.676969,CP11_after_MPI,   1,    0.0000000000E+00,    4.2120231128E+02,    4.2120231128E+02,    0.0000000000E+00,    0.0000000000E+00,    0.0000000000E+00,    4.2120231128E+02
    219900,      0.676969,CP12_end,   1,    0.0000000000E+00,    4.2120231128E+02,    4.2120231128E+02,    0.0000000000E+00,    0.0000000000E+00,    0.0000000000E+00,    4.2120231128E+02
    219950,      0.676969,CP0_start,   1,    0.0000000000E+00,    4.2139226279E+02,    4.2139226279E+02,    0.0000000000E+00,    0.0000000000E+00,    0.0000000000E+00,    4.2139226279E+02
    219950,      0.676969,CP1_after_deposition,   1,    0.0000000000E+00,    4.2139226279E+02,    4.2139226279E+02,    0.0000000000E+00,    0.0000000000E+00,    0.0000000000E+00,    4.2139226279E+02
    219950,      0.676969,CP2_after_erosion,   1,    0.0000000000E+00,    4.2139226279E+02,    4.2139226279E+02,    0.0000000000E+00,    0.0000000000E+00,    0.0000000000E+00,    4.2139226279E+02
    219950,      0.676969,CP3_after_update_bottom,   1,    0.0000000000E+00,    4.2139226279E+02,    4.2139226279E+02,    0.0000000000E+00,    0.0000000000E+00,    0.0000000000E+00,    4.2139226279E+02
    219950,      0.676969,CP4_after_advection,   1,    0.0000000000E+00,    4.2139891640E+02,    4.2139891640E+02,    0.0000000000E+00,    0.0000000000E+00,    0.0000000000E+00,    4.2139891640E+02
    219950,      0.676969,CP5_after_vdif,   1,    0.0000000000E+00,    4.2139891640E+02,    4.2139891640E+02,    0.0000000000E+00,    0.0000000000E+00,    0.0000000000E+00,    4.2139891640E+02
    219950,      0.676969,CP6_after_kinetics,   1,    0.0000000000E+00,    4.2139891640E+02,    4.2139891640E+02,    0.0000000000E+00,    0.0000000000E+00,    0.0000000000E+00,    4.2139891640E+02
    219950,      0.676969,CP7_after_upper_clamp,   1,    0.0000000000E+00,    4.2139891640E+02,    4.2139891640E+02,    0.0000000000E+00,    0.0000000000E+00,    0.0000000000E+00,    4.2139891640E+02
    219950,      0.676969,CP8_after_OBC,   1,    0.0000000000E+00,    4.2139891640E+02,    4.2139891640E+02,    0.0000000000E+00,    0.0000000000E+00,    0.0000000000E+00,    4.2139891640E+02
    219950,      0.676969,CP9_after_PTsource,   1,    0.0000000000E+00,    4.2139891640E+02,    4.2139891640E+02,    0.0000000000E+00,    0.0000000000E+00,    0.0000000000E+00,    4.2139891640E+02
    219950,      0.676969,CP10_after_neg_clamp,   1,    0.0000000000E+00,    4.2139891640E+02,    4.2139891640E+02,    0.0000000000E+00,    0.0000000000E+00,    0.0000000000E+00,    4.2139891640E+02
    219950,      0.676969,CP11_after_MPI,   1,    0.0000000000E+00,    4.2139891640E+02,    4.2139891640E+02,    0.0000000000E+00,    0.0000000000E+00,    0.0000000000E+00,    4.2139891640E+02
    219950,      0.676969,CP12_end,   1,    0.0000000000E+00,    4.2139891640E+02,    4.2139891640E+02,    0.0000000000E+00,    0.0000000000E+00,    0.0000000000E+00,    4.2139891640E+02
    220000,      0.676969,CP0_start,   1,    0.0000000000E+00,    4.2158834577E+02,    4.2158834577E+02,    0.0000000000E+00,    0.0000000000E+00,    0.0000000000E+00,    4.2158834577E+02
    220000,      0.676969,CP1_after_deposition,   1,    0.0000000000E+00,    4.2158834577E+02,    4.2158834577E+02,    0.0000000000E+00,    0.0000000000E+00,    0.0000000000E+00,    4.2158834577E+02
    220000,      0.676969,CP2_after_erosion,   1,    0.0000000000E+00,    4.2158834577E+02,    4.2158834577E+02,    0.0000000000E+00,    0.0000000000E+00,    0.0000000000E+00,    4.2158834577E+02
    220000,      0.676969,CP3_after_update_bottom,   1,    0.0000000000E+00,    4.2158834577E+02,    4.2158834577E+02,    0.0000000000E+00,    0.0000000000E+00,    0.0000000000E+00,    4.2158834577E+02
    220000,      0.676969,CP4_after_advection,   1,    0.0000000000E+00,    4.2159480507E+02,    4.2159480507E+02,    0.0000000000E+00,    0.0000000000E+00,    0.0000000000E+00,    4.2159480507E+02
    220000,      0.676969,CP5_after_vdif,   1,    0.0000000000E+00,    4.2159480507E+02,    4.2159480507E+02,    0.0000000000E+00,    0.0000000000E+00,    0.0000000000E+00,    4.2159480507E+02
    220000,      0.676969,CP6_after_kinetics,   1,    0.0000000000E+00,    4.2159480507E+02,    4.2159480507E+02,    0.0000000000E+00,    0.0000000000E+00,    0.0000000000E+00,    4.2159480507E+02
    220000,      0.676969,CP7_after_upper_clamp,   1,    0.0000000000E+00,    4.2159480507E+02,    4.2159480507E+02,    0.0000000000E+00,    0.0000000000E+00,    0.0000000000E+00,    4.2159480507E+02
    220000,      0.676969,CP8_after_OBC,   1,    0.0000000000E+00,    4.2159480507E+02,    4.2159480507E+02,    0.0000000000E+00,    0.0000000000E+00,    0.0000000000E+00,    4.2159480507E+02
    220000,      0.676969,CP9_after_PTsource,   1,    0.0000000000E+00,    4.2159480507E+02,    4.2159480507E+02,    0.0000000000E+00,    0.0000000000E+00,    0.0000000000E+00,    4.2159480507E+02
    220000,      0.676969,CP10_after_neg_clamp,   1,    0.0000000000E+00,    4.2159480507E+02,    4.2159480507E+02,    0.0000000000E+00,    0.0000000000E+00,    0.0000000000E+00,    4.2159480507E+02
    220000,      0.676969,CP11_after_MPI,   1,    0.0000000000E+00,    4.2159480507E+02,    4.2159480507E+02,    0.0000000000E+00,    0.0000000000E+00,    0.0000000000E+00,    4.2159480507E+02
    220000,      0.676969,CP12_end,   1,    0.0000000000E+00,    4.2159480507E+02,    4.2159480507E+02,    0.0000000000E+00,    0.0000000000E+00,    0.0000000000E+00,    4.2159480507E+02
    220050,      0.676969,CP0_start,   1,    0.0000000000E+00,    4.2178365491E+02,    4.2178365491E+02,    0.0000000000E+00,    0.0000000000E+00,    0.0000000000E+00,    4.2178365491E+02
    220050,      0.676969,CP1_after_deposition,   1,    0.0000000000E+00,    4.2178365491E+02,    4.2178365491E+02,    0.0000000000E+00,    0.0000000000E+00,    0.0000000000E+00,    4.2178365491E+02
    220050,      0.676969,CP2_after_erosion,   1,    0.0000000000E+00,    4.2178365491E+02,    4.2178365491E+02,    0.0000000000E+00,    0.0000000000E+00,    0.0000000000E+00,    4.2178365491E+02
    220050,      0.676969,CP3_after_update_bottom,   1,    0.0000000000E+00,    4.2178365491E+02,    4.2178365491E+02,    0.0000000000E+00,    0.0000000000E+00,    0.0000000000E+00,    4.2178365491E+02
    220050,      0.676969,CP4_after_advection,   1,    0.0000000000E+00,    4.2178991410E+02,    4.2178991410E+02,    0.0000000000E+00,    0.0000000000E+00,    0.0000000000E+00,    4.2178991410E+02
    220050,      0.676969,CP5_after_vdif,   1,    0.0000000000E+00,    4.2178991410E+02,    4.2178991410E+02,    0.0000000000E+00,    0.0000000000E+00,    0.0000000000E+00,    4.2178991410E+02
    220050,      0.676969,CP6_after_kinetics,   1,    0.0000000000E+00,    4.2178991410E+02,    4.2178991410E+02,    0.0000000000E+00,    0.0000000000E+00,    0.0000000000E+00,    4.2178991410E+02
    220050,      0.676969,CP7_after_upper_clamp,   1,    0.0000000000E+00,    4.2178991410E+02,    4.2178991410E+02,    0.0000000000E+00,    0.0000000000E+00,    0.0000000000E+00,    4.2178991410E+02
    220050,      0.676969,CP8_after_OBC,   1,    0.0000000000E+00,    4.2178991410E+02,    4.2178991410E+02,    0.0000000000E+00,    0.0000000000E+00,    0.0000000000E+00,    4.2178991410E+02
    220050,      0.676969,CP9_after_PTsource,   1,    0.0000000000E+00,    4.2178991410E+02,    4.2178991410E+02,    0.0000000000E+00,    0.0000000000E+00,    0.0000000000E+00,    4.2178991410E+02
    220050,      0.676969,CP10_after_neg_clamp,   1,    0.0000000000E+00,    4.2178991410E+02,    4.2178991410E+02,    0.0000000000E+00,    0.0000000000E+00,    0.0000000000E+00,    4.2178991410E+02
    220050,      0.676969,CP11_after_MPI,   1,    0.0000000000E+00,    4.2178991410E+02,    4.2178991410E+02,    0.0000000000E+00,    0.0000000000E+00,    0.0000000000E+00,    4.2178991410E+02
    220050,      0.676969,CP12_end,   1,    0.0000000000E+00,    4.2178991410E+02,    4.2178991410E+02,    0.0000000000E+00,    0.0000000000E+00,    0.0000000000E+00,    4.2178991410E+02
    220100,      0.676969,CP0_start,   1,    0.0000000000E+00,    4.2197782989E+02,    4.2197782989E+02,    0.0000000000E+00,    0.0000000000E+00,    0.0000000000E+00,    4.2197782989E+02
    220100,      0.676969,CP1_after_deposition,   1,    0.0000000000E+00,    4.2197782989E+02,    4.2197782989E+02,    0.0000000000E+00,    0.0000000000E+00,    0.0000000000E+00,    4.2197782989E+02
    220100,      0.676969,CP2_after_erosion,   1,    0.0000000000E+00,    4.2197782989E+02,    4.2197782989E+02,    0.0000000000E+00,    0.0000000000E+00,    0.0000000000E+00,    4.2197782989E+02
    220100,      0.676969,CP3_after_update_bottom,   1,    0.0000000000E+00,    4.2197782989E+02,    4.2197782989E+02,    0.0000000000E+00,    0.0000000000E+00,    0.0000000000E+00,    4.2197782989E+02
    220100,      0.676969,CP4_after_advection,   1,    0.0000000000E+00,    4.2198388273E+02,    4.2198388273E+02,    0.0000000000E+00,    0.0000000000E+00,    0.0000000000E+00,    4.2198388273E+02
    220100,      0.676969,CP5_after_vdif,   1,    0.0000000000E+00,    4.2198388273E+02,    4.2198388273E+02,    0.0000000000E+00,    0.0000000000E+00,    0.0000000000E+00,    4.2198388273E+02
    220100,      0.676969,CP6_after_kinetics,   1,    0.0000000000E+00,    4.2198388273E+02,    4.2198388273E+02,    0.0000000000E+00,    0.0000000000E+00,    0.0000000000E+00,    4.2198388273E+02
    220100,      0.676969,CP7_after_upper_clamp,   1,    0.0000000000E+00,    4.2198388273E+02,    4.2198388273E+02,    0.0000000000E+00,    0.0000000000E+00,    0.0000000000E+00,    4.2198388273E+02
    220100,      0.676969,CP8_after_OBC,   1,    0.0000000000E+00,    4.2198388273E+02,    4.2198388273E+02,    0.0000000000E+00,    0.0000000000E+00,    0.0000000000E+00,    4.2198388273E+02
    220100,      0.676969,CP9_after_PTsource,   1,    0.0000000000E+00,    4.2198388273E+02,    4.2198388273E+02,    0.0000000000E+00,    0.0000000000E+00,    0.0000000000E+00,    4.2198388273E+02
    220100,      0.676969,CP10_after_neg_clamp,   1,    0.0000000000E+00,    4.2198388273E+02,    4.2198388273E+02,    0.0000000000E+00,    0.0000000000E+00,    0.0000000000E+00,    4.2198388273E+02
    220100,      0.676969,CP11_after_MPI,   1,    0.0000000000E+00,    4.2198388273E+02,    4.2198388273E+02,    0.0000000000E+00,    0.0000000000E+00,    0.0000000000E+00,    4.2198388273E+02
    220100,      0.676969,CP12_end,   1,    0.0000000000E+00,    4.2198388273E+02,    4.2198388273E+02,    0.0000000000E+00,    0.0000000000E+00,    0.0000000000E+00,    4.2198388273E+02
    220150,      0.676969,CP0_start,   1,    0.0000000000E+00,    4.2217041342E+02,    4.2217041342E+02,    0.0000000000E+00,    0.0000000000E+00,    0.0000000000E+00,    4.2217041342E+02
    220150,      0.676969,CP1_after_deposition,   1,    0.0000000000E+00,    4.2217041342E+02,    4.2217041342E+02,    0.0000000000E+00,    0.0000000000E+00,    0.0000000000E+00,    4.2217041342E+02
    220150,      0.676969,CP2_after_erosion,   1,    0.0000000000E+00,    4.2217041342E+02,    4.2217041342E+02,    0.0000000000E+00,    0.0000000000E+00,    0.0000000000E+00,    4.2217041342E+02
    220150,      0.676969,CP3_after_update_bottom,   1,    0.0000000000E+00,    4.2217041342E+02,    4.2217041342E+02,    0.0000000000E+00,    0.0000000000E+00,    0.0000000000E+00,    4.2217041342E+02
    220150,      0.676969,CP4_after_advection,   1,    0.0000000000E+00,    4.2217625063E+02,    4.2217625063E+02,    0.0000000000E+00,    0.0000000000E+00,    0.0000000000E+00,    4.2217625063E+02
    220150,      0.676969,CP5_after_vdif,   1,    0.0000000000E+00,    4.2217625063E+02,    4.2217625063E+02,    0.0000000000E+00,    0.0000000000E+00,    0.0000000000E+00,    4.2217625063E+02
    220150,      0.676969,CP6_after_kinetics,   1,    0.0000000000E+00,    4.2217625063E+02,    4.2217625063E+02,    0.0000000000E+00,    0.0000000000E+00,    0.0000000000E+00,    4.2217625063E+02
    220150,      0.676969,CP7_after_upper_clamp,   1,    0.0000000000E+00,    4.2217625063E+02,    4.2217625063E+02,    0.0000000000E+00,    0.0000000000E+00,    0.0000000000E+00,    4.2217625063E+02
    220150,      0.676969,CP8_after_OBC,   1,    0.0000000000E+00,    4.2217625063E+02,    4.2217625063E+02,    0.0000000000E+00,    0.0000000000E+00,    0.0000000000E+00,    4.2217625063E+02
    220150,      0.676969,CP9_after_PTsource,   1,    0.0000000000E+00,    4.2217625063E+02,    4.2217625063E+02,    0.0000000000E+00,    0.0000000000E+00,    0.0000000000E+00,    4.2217625063E+02
    220150,      0.676969,CP10_after_neg_clamp,   1,    0.0000000000E+00,    4.2217625063E+02,    4.2217625063E+02,    0.0000000000E+00,    0.0000000000E+00,    0.0000000000E+00,    4.2217625063E+02
    220150,      0.676969,CP11_after_MPI,   1,    0.0000000000E+00,    4.2217625063E+02,    4.2217625063E+02,    0.0000000000E+00,    0.0000000000E+00,    0.0000000000E+00,    4.2217625063E+02
    220150,      0.676969,CP12_end,   1,    0.0000000000E+00,    4.2217625063E+02,    4.2217625063E+02,    0.0000000000E+00,    0.0000000000E+00,    0.0000000000E+00,    4.2217625063E+02
    220200,      0.676969,CP0_start,   1,    0.0000000000E+00,    4.2236095295E+02,    4.2236095295E+02,    0.0000000000E+00,    0.0000000000E+00,    0.0000000000E+00,    4.2236095295E+02
    220200,      0.676969,CP1_after_deposition,   1,    0.0000000000E+00,    4.2236095295E+02,    4.2236095295E+02,    0.0000000000E+00,    0.0000000000E+00,    0.0000000000E+00,    4.2236095295E+02
    220200,      0.676969,CP2_after_erosion,   1,    0.0000000000E+00,    4.2236095295E+02,    4.2236095295E+02,    0.0000000000E+00,    0.0000000000E+00,    0.0000000000E+00,    4.2236095295E+02
    220200,      0.676969,CP3_after_update_bottom,   1,    0.0000000000E+00,    4.2236095295E+02,    4.2236095295E+02,    0.0000000000E+00,    0.0000000000E+00,    0.0000000000E+00,    4.2236095295E+02
    220200,      0.676969,CP4_after_advection,   1,    0.0000000000E+00,    4.2236656556E+02,    4.2236656556E+02,    0.0000000000E+00,    0.0000000000E+00,    0.0000000000E+00,    4.2236656556E+02
    220200,      0.676969,CP5_after_vdif,   1,    0.0000000000E+00,    4.2236656556E+02,    4.2236656556E+02,    0.0000000000E+00,    0.0000000000E+00,    0.0000000000E+00,    4.2236656556E+02
    220200,      0.676969,CP6_after_kinetics,   1,    0.0000000000E+00,    4.2236656556E+02,    4.2236656556E+02,    0.0000000000E+00,    0.0000000000E+00,    0.0000000000E+00,    4.2236656556E+02
    220200,      0.676969,CP7_after_upper_clamp,   1,    0.0000000000E+00,    4.2236656556E+02,    4.2236656556E+02,    0.0000000000E+00,    0.0000000000E+00,    0.0000000000E+00,    4.2236656556E+02
    220200,      0.676969,CP8_after_OBC,   1,    0.0000000000E+00,    4.2236656556E+02,    4.2236656556E+02,    0.0000000000E+00,    0.0000000000E+00,    0.0000000000E+00,    4.2236656556E+02
    220200,      0.676969,CP9_after_PTsource,   1,    0.0000000000E+00,    4.2236656556E+02,    4.2236656556E+02,    0.0000000000E+00,    0.0000000000E+00,    0.0000000000E+00,    4.2236656556E+02
    220200,      0.676969,CP10_after_neg_clamp,   1,    0.0000000000E+00,    4.2236656556E+02,    4.2236656556E+02,    0.0000000000E+00,    0.0000000000E+00,    0.0000000000E+00,    4.2236656556E+02
    220200,      0.676969,CP11_after_MPI,   1,    0.0000000000E+00,    4.2236656556E+02,    4.2236656556E+02,    0.0000000000E+00,    0.0000000000E+00,    0.0000000000E+00,    4.2236656556E+02
    220200,      0.676969,CP12_end,   1,    0.0000000000E+00,    4.2236656556E+02,    4.2236656556E+02,    0.0000000000E+00,    0.0000000000E+00,    0.0000000000E+00,    4.2236656556E+02
    220250,      0.676969,CP0_start,   1,    0.0000000000E+00,    4.2254921591E+02,    4.2254921591E+02,    0.0000000000E+00,    0.0000000000E+00,    0.0000000000E+00,    4.2254921591E+02
    220250,      0.676969,CP1_after_deposition,   1,    0.0000000000E+00,    4.2254921591E+02,    4.2254921591E+02,    0.0000000000E+00,    0.0000000000E+00,    0.0000000000E+00,    4.2254921591E+02
    220250,      0.676969,CP2_after_erosion,   1,    0.0000000000E+00,    4.2254921591E+02,    4.2254921591E+02,    0.0000000000E+00,    0.0000000000E+00,    0.0000000000E+00,    4.2254921591E+02
    220250,      0.676969,CP3_after_update_bottom,   1,    0.0000000000E+00,    4.2254921591E+02,    4.2254921591E+02,    0.0000000000E+00,    0.0000000000E+00,    0.0000000000E+00,    4.2254921591E+02
    220250,      0.676969,CP4_after_advection,   1,    0.0000000000E+00,    4.2255459778E+02,    4.2255459778E+02,    0.0000000000E+00,    0.0000000000E+00,    0.0000000000E+00,    4.2255459778E+02
    220250,      0.676969,CP5_after_vdif,   1,    0.0000000000E+00,    4.2255459778E+02,    4.2255459778E+02,    0.0000000000E+00,    0.0000000000E+00,    0.0000000000E+00,    4.2255459778E+02
    220250,      0.676969,CP6_after_kinetics,   1,    0.0000000000E+00,    4.2255459778E+02,    4.2255459778E+02,    0.0000000000E+00,    0.0000000000E+00,    0.0000000000E+00,    4.2255459778E+02
    220250,      0.676969,CP7_after_upper_clamp,   1,    0.0000000000E+00,    4.2255459778E+02,    4.2255459778E+02,    0.0000000000E+00,    0.0000000000E+00,    0.0000000000E+00,    4.2255459778E+02
    220250,      0.676969,CP8_after_OBC,   1,    0.0000000000E+00,    4.2255459778E+02,    4.2255459778E+02,    0.0000000000E+00,    0.0000000000E+00,    0.0000000000E+00,    4.2255459778E+02
    220250,      0.676969,CP9_after_PTsource,   1,    0.0000000000E+00,    4.2255459778E+02,    4.2255459778E+02,    0.0000000000E+00,    0.0000000000E+00,    0.0000000000E+00,    4.2255459778E+02
    220250,      0.676969,CP10_after_neg_clamp,   1,    0.0000000000E+00,    4.2255459778E+02,    4.2255459778E+02,    0.0000000000E+00,    0.0000000000E+00,    0.0000000000E+00,    4.2255459778E+02
    220250,      0.676969,CP11_after_MPI,   1,    0.0000000000E+00,    4.2255459778E+02,    4.2255459778E+02,    0.0000000000E+00,    0.0000000000E+00,    0.0000000000E+00,    4.2255459778E+02
    220250,      0.676969,CP12_end,   1,    0.0000000000E+00,    4.2255459778E+02,    4.2255459778E+02,    0.0000000000E+00,    0.0000000000E+00,    0.0000000000E+00,    4.2255459778E+02
    220300,      0.676969,CP0_start,   1,    0.0000000000E+00,    4.2273543338E+02,    4.2273543338E+02,    0.0000000000E+00,    0.0000000000E+00,    0.0000000000E+00,    4.2273543338E+02
    220300,      0.676969,CP1_after_deposition,   1,    0.0000000000E+00,    4.2273543338E+02,    4.2273543338E+02,    0.0000000000E+00,    0.0000000000E+00,    0.0000000000E+00,    4.2273543338E+02
    220300,      0.676969,CP2_after_erosion,   1,    0.0000000000E+00,    4.2273543338E+02,    4.2273543338E+02,    0.0000000000E+00,    0.0000000000E+00,    0.0000000000E+00,    4.2273543338E+02
    220300,      0.676969,CP3_after_update_bottom,   1,    0.0000000000E+00,    4.2273543338E+02,    4.2273543338E+02,    0.0000000000E+00,    0.0000000000E+00,    0.0000000000E+00,    4.2273543338E+02
    220300,      0.676969,CP4_after_advection,   1,    0.0000000000E+00,    4.2274059536E+02,    4.2274059536E+02,    0.0000000000E+00,    0.0000000000E+00,    0.0000000000E+00,    4.2274059536E+02
    220300,      0.676969,CP5_after_vdif,   1,    0.0000000000E+00,    4.2274059536E+02,    4.2274059536E+02,    0.0000000000E+00,    0.0000000000E+00,    0.0000000000E+00,    4.2274059536E+02
    220300,      0.676969,CP6_after_kinetics,   1,    0.0000000000E+00,    4.2274059536E+02,    4.2274059536E+02,    0.0000000000E+00,    0.0000000000E+00,    0.0000000000E+00,    4.2274059536E+02
    220300,      0.676969,CP7_after_upper_clamp,   1,    0.0000000000E+00,    4.2274059536E+02,    4.2274059536E+02,    0.0000000000E+00,    0.0000000000E+00,    0.0000000000E+00,    4.2274059536E+02
    220300,      0.676969,CP8_after_OBC,   1,    0.0000000000E+00,    4.2274059536E+02,    4.2274059536E+02,    0.0000000000E+00,    0.0000000000E+00,    0.0000000000E+00,    4.2274059536E+02
    220300,      0.676969,CP9_after_PTsource,   1,    0.0000000000E+00,    4.2274059536E+02,    4.2274059536E+02,    0.0000000000E+00,    0.0000000000E+00,    0.0000000000E+00,    4.2274059536E+02
    220300,      0.676969,CP10_after_neg_clamp,   1,    0.0000000000E+00,    4.2274059536E+02,    4.2274059536E+02,    0.0000000000E+00,    0.0000000000E+00,    0.0000000000E+00,    4.2274059536E+02
    220300,      0.676969,CP11_after_MPI,   1,    0.0000000000E+00,    4.2274059536E+02,    4.2274059536E+02,    0.0000000000E+00,    0.0000000000E+00,    0.0000000000E+00,    4.2274059536E+02
    220300,      0.676969,CP12_end,   1,    0.0000000000E+00,    4.2274059536E+02,    4.2274059536E+02,    0.0000000000E+00,    0.0000000000E+00,    0.0000000000E+00,    4.2274059536E+02
    220350,      0.676969,CP0_start,   1,    0.0000000000E+00,    4.2292043095E+02,    4.2292043095E+02,    0.0000000000E+00,    0.0000000000E+00,    0.0000000000E+00,    4.2292043095E+02
    220350,      0.676969,CP1_after_deposition,   1,    0.0000000000E+00,    4.2292043095E+02,    4.2292043095E+02,    0.0000000000E+00,    0.0000000000E+00,    0.0000000000E+00,    4.2292043095E+02
    220350,      0.676969,CP2_after_erosion,   1,    0.0000000000E+00,    4.2292043095E+02,    4.2292043095E+02,    0.0000000000E+00,    0.0000000000E+00,    0.0000000000E+00,    4.2292043095E+02
    220350,      0.676969,CP3_after_update_bottom,   1,    0.0000000000E+00,    4.2292043095E+02,    4.2292043095E+02,    0.0000000000E+00,    0.0000000000E+00,    0.0000000000E+00,    4.2292043095E+02
    220350,      0.676969,CP4_after_advection,   1,    0.0000000000E+00,    4.2292538874E+02,    4.2292538874E+02,    0.0000000000E+00,    0.0000000000E+00,    0.0000000000E+00,    4.2292538874E+02
    220350,      0.676969,CP5_after_vdif,   1,    0.0000000000E+00,    4.2292538874E+02,    4.2292538874E+02,    0.0000000000E+00,    0.0000000000E+00,    0.0000000000E+00,    4.2292538874E+02
    220350,      0.676969,CP6_after_kinetics,   1,    0.0000000000E+00,    4.2292538874E+02,    4.2292538874E+02,    0.0000000000E+00,    0.0000000000E+00,    0.0000000000E+00,    4.2292538874E+02
    220350,      0.676969,CP7_after_upper_clamp,   1,    0.0000000000E+00,    4.2292538874E+02,    4.2292538874E+02,    0.0000000000E+00,    0.0000000000E+00,    0.0000000000E+00,    4.2292538874E+02
    220350,      0.676969,CP8_after_OBC,   1,    0.0000000000E+00,    4.2292538874E+02,    4.2292538874E+02,    0.0000000000E+00,    0.0000000000E+00,    0.0000000000E+00,    4.2292538874E+02
    220350,      0.676969,CP9_after_PTsource,   1,    0.0000000000E+00,    4.2292538874E+02,    4.2292538874E+02,    0.0000000000E+00,    0.0000000000E+00,    0.0000000000E+00,    4.2292538874E+02
    220350,      0.676969,CP10_after_neg_clamp,   1,    0.0000000000E+00,    4.2292538874E+02,    4.2292538874E+02,    0.0000000000E+00,    0.0000000000E+00,    0.0000000000E+00,    4.2292538874E+02
    220350,      0.676969,CP11_after_MPI,   1,    0.0000000000E+00,    4.2292538874E+02,    4.2292538874E+02,    0.0000000000E+00,    0.0000000000E+00,    0.0000000000E+00,    4.2292538874E+02
    220350,      0.676969,CP12_end,   1,    0.0000000000E+00,    4.2292538874E+02,    4.2292538874E+02,    0.0000000000E+00,    0.0000000000E+00,    0.0000000000E+00,    4.2292538874E+02
    220400,      0.676969,CP0_start,   1,    0.0000000000E+00,    4.2310512888E+02,    4.2310512888E+02,    0.0000000000E+00,    0.0000000000E+00,    0.0000000000E+00,    4.2310512888E+02
    220400,      0.676969,CP1_after_deposition,   1,    0.0000000000E+00,    4.2310512888E+02,    4.2310512888E+02,    0.0000000000E+00,    0.0000000000E+00,    0.0000000000E+00,    4.2310512888E+02
    220400,      0.676969,CP2_after_erosion,   1,    0.0000000000E+00,    4.2310512888E+02,    4.2310512888E+02,    0.0000000000E+00,    0.0000000000E+00,    0.0000000000E+00,    4.2310512888E+02
    220400,      0.676969,CP3_after_update_bottom,   1,    0.0000000000E+00,    4.2310512888E+02,    4.2310512888E+02,    0.0000000000E+00,    0.0000000000E+00,    0.0000000000E+00,    4.2310512888E+02
    220400,      0.676969,CP4_after_advection,   1,    0.0000000000E+00,    4.2310989680E+02,    4.2310989680E+02,    0.0000000000E+00,    0.0000000000E+00,    0.0000000000E+00,    4.2310989680E+02
    220400,      0.676969,CP5_after_vdif,   1,    0.0000000000E+00,    4.2310989680E+02,    4.2310989680E+02,    0.0000000000E+00,    0.0000000000E+00,    0.0000000000E+00,    4.2310989680E+02
    220400,      0.676969,CP6_after_kinetics,   1,    0.0000000000E+00,    4.2310989680E+02,    4.2310989680E+02,    0.0000000000E+00,    0.0000000000E+00,    0.0000000000E+00,    4.2310989680E+02
    220400,      0.676969,CP7_after_upper_clamp,   1,    0.0000000000E+00,    4.2310989680E+02,    4.2310989680E+02,    0.0000000000E+00,    0.0000000000E+00,    0.0000000000E+00,    4.2310989680E+02
    220400,      0.676969,CP8_after_OBC,   1,    0.0000000000E+00,    4.2310989680E+02,    4.2310989680E+02,    0.0000000000E+00,    0.0000000000E+00,    0.0000000000E+00,    4.2310989680E+02
    220400,      0.676969,CP9_after_PTsource,   1,    0.0000000000E+00,    4.2310989680E+02,    4.2310989680E+02,    0.0000000000E+00,    0.0000000000E+00,    0.0000000000E+00,    4.2310989680E+02
    220400,      0.676969,CP10_after_neg_clamp,   1,    0.0000000000E+00,    4.2310989680E+02,    4.2310989680E+02,    0.0000000000E+00,    0.0000000000E+00,    0.0000000000E+00,    4.2310989680E+02
    220400,      0.676969,CP11_after_MPI,   1,    0.0000000000E+00,    4.2310989680E+02,    4.2310989680E+02,    0.0000000000E+00,    0.0000000000E+00,    0.0000000000E+00,    4.2310989680E+02
    220400,      0.676969,CP12_end,   1,    0.0000000000E+00,    4.2310989680E+02,    4.2310989680E+02,    0.0000000000E+00,    0.0000000000E+00,    0.0000000000E+00,    4.2310989680E+02
    220450,      0.676969,CP0_start,   1,    0.0000000000E+00,    4.2329026744E+02,    4.2329026744E+02,    0.0000000000E+00,    0.0000000000E+00,    0.0000000000E+00,    4.2329026744E+02
    220450,      0.676969,CP1_after_deposition,   1,    0.0000000000E+00,    4.2329026744E+02,    4.2329026744E+02,    0.0000000000E+00,    0.0000000000E+00,    0.0000000000E+00,    4.2329026744E+02
    220450,      0.676969,CP2_after_erosion,   1,    0.0000000000E+00,    4.2329026744E+02,    4.2329026744E+02,    0.0000000000E+00,    0.0000000000E+00,    0.0000000000E+00,    4.2329026744E+02
    220450,      0.676969,CP3_after_update_bottom,   1,    0.0000000000E+00,    4.2329026744E+02,    4.2329026744E+02,    0.0000000000E+00,    0.0000000000E+00,    0.0000000000E+00,    4.2329026744E+02
    220450,      0.676969,CP4_after_advection,   1,    0.0000000000E+00,    4.2329485759E+02,    4.2329485759E+02,    0.0000000000E+00,    0.0000000000E+00,    0.0000000000E+00,    4.2329485759E+02
    220450,      0.676969,CP5_after_vdif,   1,    0.0000000000E+00,    4.2329485759E+02,    4.2329485759E+02,    0.0000000000E+00,    0.0000000000E+00,    0.0000000000E+00,    4.2329485759E+02
    220450,      0.676969,CP6_after_kinetics,   1,    0.0000000000E+00,    4.2329485759E+02,    4.2329485759E+02,    0.0000000000E+00,    0.0000000000E+00,    0.0000000000E+00,    4.2329485759E+02
    220450,      0.676969,CP7_after_upper_clamp,   1,    0.0000000000E+00,    4.2329485759E+02,    4.2329485759E+02,    0.0000000000E+00,    0.0000000000E+00,    0.0000000000E+00,    4.2329485759E+02
    220450,      0.676969,CP8_after_OBC,   1,    0.0000000000E+00,    4.2329485759E+02,    4.2329485759E+02,    0.0000000000E+00,    0.0000000000E+00,    0.0000000000E+00,    4.2329485759E+02
    220450,      0.676969,CP9_after_PTsource,   1,    0.0000000000E+00,    4.2329485759E+02,    4.2329485759E+02,    0.0000000000E+00,    0.0000000000E+00,    0.0000000000E+00,    4.2329485759E+02
    220450,      0.676969,CP10_after_neg_clamp,   1,    0.0000000000E+00,    4.2329485759E+02,    4.2329485759E+02,    0.0000000000E+00,    0.0000000000E+00,    0.0000000000E+00,    4.2329485759E+02
    220450,      0.676969,CP11_after_MPI,   1,    0.0000000000E+00,    4.2329485759E+02,    4.2329485759E+02,    0.0000000000E+00,    0.0000000000E+00,    0.0000000000E+00,    4.2329485759E+02
    220450,      0.676969,CP12_end,   1,    0.0000000000E+00,    4.2329485759E+02,    4.2329485759E+02,    0.0000000000E+00,    0.0000000000E+00,    0.0000000000E+00,    4.2329485759E+02
    220500,      0.676969,CP0_start,   1,    0.0000000000E+00,    4.2347630151E+02,    4.2347630151E+02,    0.0000000000E+00,    0.0000000000E+00,    0.0000000000E+00,    4.2347630151E+02
    220500,      0.676969,CP1_after_deposition,   1,    0.0000000000E+00,    4.2347630151E+02,    4.2347630151E+02,    0.0000000000E+00,    0.0000000000E+00,    0.0000000000E+00,    4.2347630151E+02
    220500,      0.676969,CP2_after_erosion,   1,    0.0000000000E+00,    4.2347630151E+02,    4.2347630151E+02,    0.0000000000E+00,    0.0000000000E+00,    0.0000000000E+00,    4.2347630151E+02
    220500,      0.676969,CP3_after_update_bottom,   1,    0.0000000000E+00,    4.2347630151E+02,    4.2347630151E+02,    0.0000000000E+00,    0.0000000000E+00,    0.0000000000E+00,    4.2347630151E+02
    220500,      0.676969,CP4_after_advection,   1,    0.0000000000E+00,    4.2348071004E+02,    4.2348071004E+02,    0.0000000000E+00,    0.0000000000E+00,    0.0000000000E+00,    4.2348071004E+02
    220500,      0.676969,CP5_after_vdif,   1,    0.0000000000E+00,    4.2348071004E+02,    4.2348071004E+02,    0.0000000000E+00,    0.0000000000E+00,    0.0000000000E+00,    4.2348071004E+02
    220500,      0.676969,CP6_after_kinetics,   1,    0.0000000000E+00,    4.2348071004E+02,    4.2348071004E+02,    0.0000000000E+00,    0.0000000000E+00,    0.0000000000E+00,    4.2348071004E+02
    220500,      0.676969,CP7_after_upper_clamp,   1,    0.0000000000E+00,    4.2348071004E+02,    4.2348071004E+02,    0.0000000000E+00,    0.0000000000E+00,    0.0000000000E+00,    4.2348071004E+02
    220500,      0.676969,CP8_after_OBC,   1,    0.0000000000E+00,    4.2348071004E+02,    4.2348071004E+02,    0.0000000000E+00,    0.0000000000E+00,    0.0000000000E+00,    4.2348071004E+02
    220500,      0.676969,CP9_after_PTsource,   1,    0.0000000000E+00,    4.2348071004E+02,    4.2348071004E+02,    0.0000000000E+00,    0.0000000000E+00,    0.0000000000E+00,    4.2348071004E+02
    220500,      0.676969,CP10_after_neg_clamp,   1,    0.0000000000E+00,    4.2348071004E+02,    4.2348071004E+02,    0.0000000000E+00,    0.0000000000E+00,    0.0000000000E+00,    4.2348071004E+02
    220500,      0.676969,CP11_after_MPI,   1,    0.0000000000E+00,    4.2348071004E+02,    4.2348071004E+02,    0.0000000000E+00,    0.0000000000E+00,    0.0000000000E+00,    4.2348071004E+02
    220500,      0.676969,CP12_end,   1,    0.0000000000E+00,    4.2348071004E+02,    4.2348071004E+02,    0.0000000000E+00,    0.0000000000E+00,    0.0000000000E+00,    4.2348071004E+02
    220550,      0.676969,CP0_start,   1,    0.0000000000E+00,    4.2366251008E+02,    4.2366251008E+02,    0.0000000000E+00,    0.0000000000E+00,    0.0000000000E+00,    4.2366251008E+02
    220550,      0.676969,CP1_after_deposition,   1,    0.0000000000E+00,    4.2366251008E+02,    4.2366251008E+02,    0.0000000000E+00,    0.0000000000E+00,    0.0000000000E+00,    4.2366251008E+02
    220550,      0.676969,CP2_after_erosion,   1,    0.0000000000E+00,    4.2366251008E+02,    4.2366251008E+02,    0.0000000000E+00,    0.0000000000E+00,    0.0000000000E+00,    4.2366251008E+02
    220550,      0.676969,CP3_after_update_bottom,   1,    0.0000000000E+00,    4.2366251008E+02,    4.2366251008E+02,    0.0000000000E+00,    0.0000000000E+00,    0.0000000000E+00,    4.2366251008E+02
    220550,      0.676969,CP4_after_advection,   1,    0.0000000000E+00,    4.2366673389E+02,    4.2366673389E+02,    0.0000000000E+00,    0.0000000000E+00,    0.0000000000E+00,    4.2366673389E+02
    220550,      0.676969,CP5_after_vdif,   1,    0.0000000000E+00,    4.2366673389E+02,    4.2366673389E+02,    0.0000000000E+00,    0.0000000000E+00,    0.0000000000E+00,    4.2366673389E+02
    220550,      0.676969,CP6_after_kinetics,   1,    0.0000000000E+00,    4.2366673389E+02,    4.2366673389E+02,    0.0000000000E+00,    0.0000000000E+00,    0.0000000000E+00,    4.2366673389E+02
    220550,      0.676969,CP7_after_upper_clamp,   1,    0.0000000000E+00,    4.2366673389E+02,    4.2366673389E+02,    0.0000000000E+00,    0.0000000000E+00,    0.0000000000E+00,    4.2366673389E+02
    220550,      0.676969,CP8_after_OBC,   1,    0.0000000000E+00,    4.2366673389E+02,    4.2366673389E+02,    0.0000000000E+00,    0.0000000000E+00,    0.0000000000E+00,    4.2366673389E+02
    220550,      0.676969,CP9_after_PTsource,   1,    0.0000000000E+00,    4.2366673389E+02,    4.2366673389E+02,    0.0000000000E+00,    0.0000000000E+00,    0.0000000000E+00,    4.2366673389E+02
    220550,      0.676969,CP10_after_neg_clamp,   1,    0.0000000000E+00,    4.2366673389E+02,    4.2366673389E+02,    0.0000000000E+00,    0.0000000000E+00,    0.0000000000E+00,    4.2366673389E+02
    220550,      0.676969,CP11_after_MPI,   1,    0.0000000000E+00,    4.2366673389E+02,    4.2366673389E+02,    0.0000000000E+00,    0.0000000000E+00,    0.0000000000E+00,    4.2366673389E+02
    220550,      0.676969,CP12_end,   1,    0.0000000000E+00,    4.2366673389E+02,    4.2366673389E+02,    0.0000000000E+00,    0.0000000000E+00,    0.0000000000E+00,    4.2366673389E+02
    220600,      0.676969,CP0_start,   1,    0.0000000000E+00,    4.2384954034E+02,    4.2384954034E+02,    0.0000000000E+00,    0.0000000000E+00,    0.0000000000E+00,    4.2384954034E+02
    220600,      0.676969,CP1_after_deposition,   1,    0.0000000000E+00,    4.2384954034E+02,    4.2384954034E+02,    0.0000000000E+00,    0.0000000000E+00,    0.0000000000E+00,    4.2384954034E+02
    220600,      0.676969,CP2_after_erosion,   1,    0.0000000000E+00,    4.2384954034E+02,    4.2384954034E+02,    0.0000000000E+00,    0.0000000000E+00,    0.0000000000E+00,    4.2384954034E+02
    220600,      0.676969,CP3_after_update_bottom,   1,    0.0000000000E+00,    4.2384954034E+02,    4.2384954034E+02,    0.0000000000E+00,    0.0000000000E+00,    0.0000000000E+00,    4.2384954034E+02
    220600,      0.676969,CP4_after_advection,   1,    0.0000000000E+00,    4.2385356783E+02,    4.2385356783E+02,    0.0000000000E+00,    0.0000000000E+00,    0.0000000000E+00,    4.2385356783E+02
    220600,      0.676969,CP5_after_vdif,   1,    0.0000000000E+00,    4.2385356783E+02,    4.2385356783E+02,    0.0000000000E+00,    0.0000000000E+00,    0.0000000000E+00,    4.2385356783E+02
    220600,      0.676969,CP6_after_kinetics,   1,    0.0000000000E+00,    4.2385356783E+02,    4.2385356783E+02,    0.0000000000E+00,    0.0000000000E+00,    0.0000000000E+00,    4.2385356783E+02
    220600,      0.676969,CP7_after_upper_clamp,   1,    0.0000000000E+00,    4.2385356783E+02,    4.2385356783E+02,    0.0000000000E+00,    0.0000000000E+00,    0.0000000000E+00,    4.2385356783E+02
    220600,      0.676969,CP8_after_OBC,   1,    0.0000000000E+00,    4.2385356783E+02,    4.2385356783E+02,    0.0000000000E+00,    0.0000000000E+00,    0.0000000000E+00,    4.2385356783E+02
    220600,      0.676969,CP9_after_PTsource,   1,    0.0000000000E+00,    4.2385356783E+02,    4.2385356783E+02,    0.0000000000E+00,    0.0000000000E+00,    0.0000000000E+00,    4.2385356783E+02
    220600,      0.676969,CP10_after_neg_clamp,   1,    0.0000000000E+00,    4.2385356783E+02,    4.2385356783E+02,    0.0000000000E+00,    0.0000000000E+00,    0.0000000000E+00,    4.2385356783E+02
    220600,      0.676969,CP11_after_MPI,   1,    0.0000000000E+00,    4.2385356783E+02,    4.2385356783E+02,    0.0000000000E+00,    0.0000000000E+00,    0.0000000000E+00,    4.2385356783E+02
    220600,      0.676969,CP12_end,   1,    0.0000000000E+00,    4.2385356783E+02,    4.2385356783E+02,    0.0000000000E+00,    0.0000000000E+00,    0.0000000000E+00,    4.2385356783E+02
    220650,      0.676969,CP0_start,   1,    0.0000000000E+00,    4.2403741000E+02,    4.2403741000E+02,    0.0000000000E+00,    0.0000000000E+00,    0.0000000000E+00,    4.2403741000E+02
    220650,      0.676969,CP1_after_deposition,   1,    0.0000000000E+00,    4.2403741000E+02,    4.2403741000E+02,    0.0000000000E+00,    0.0000000000E+00,    0.0000000000E+00,    4.2403741000E+02
    220650,      0.676969,CP2_after_erosion,   1,    0.0000000000E+00,    4.2403741000E+02,    4.2403741000E+02,    0.0000000000E+00,    0.0000000000E+00,    0.0000000000E+00,    4.2403741000E+02
    220650,      0.676969,CP3_after_update_bottom,   1,    0.0000000000E+00,    4.2403741000E+02,    4.2403741000E+02,    0.0000000000E+00,    0.0000000000E+00,    0.0000000000E+00,    4.2403741000E+02
    220650,      0.676969,CP4_after_advection,   1,    0.0000000000E+00,    4.2404124178E+02,    4.2404124178E+02,    0.0000000000E+00,    0.0000000000E+00,    0.0000000000E+00,    4.2404124178E+02
    220650,      0.676969,CP5_after_vdif,   1,    0.0000000000E+00,    4.2404124178E+02,    4.2404124178E+02,    0.0000000000E+00,    0.0000000000E+00,    0.0000000000E+00,    4.2404124178E+02
    220650,      0.676969,CP6_after_kinetics,   1,    0.0000000000E+00,    4.2404124178E+02,    4.2404124178E+02,    0.0000000000E+00,    0.0000000000E+00,    0.0000000000E+00,    4.2404124178E+02
    220650,      0.676969,CP7_after_upper_clamp,   1,    0.0000000000E+00,    4.2404124178E+02,    4.2404124178E+02,    0.0000000000E+00,    0.0000000000E+00,    0.0000000000E+00,    4.2404124178E+02
    220650,      0.676969,CP8_after_OBC,   1,    0.0000000000E+00,    4.2404124178E+02,    4.2404124178E+02,    0.0000000000E+00,    0.0000000000E+00,    0.0000000000E+00,    4.2404124178E+02
    220650,      0.676969,CP9_after_PTsource,   1,    0.0000000000E+00,    4.2404124178E+02,    4.2404124178E+02,    0.0000000000E+00,    0.0000000000E+00,    0.0000000000E+00,    4.2404124178E+02
    220650,      0.676969,CP10_after_neg_clamp,   1,    0.0000000000E+00,    4.2404124178E+02,    4.2404124178E+02,    0.0000000000E+00,    0.0000000000E+00,    0.0000000000E+00,    4.2404124178E+02
    220650,      0.676969,CP11_after_MPI,   1,    0.0000000000E+00,    4.2404124178E+02,    4.2404124178E+02,    0.0000000000E+00,    0.0000000000E+00,    0.0000000000E+00,    4.2404124178E+02
    220650,      0.676969,CP12_end,   1,    0.0000000000E+00,    4.2404124178E+02,    4.2404124178E+02,    0.0000000000E+00,    0.0000000000E+00,    0.0000000000E+00,    4.2404124178E+02
    220700,      0.676969,CP0_start,   1,    0.0000000000E+00,    4.2422630909E+02,    4.2422630909E+02,    0.0000000000E+00,    0.0000000000E+00,    0.0000000000E+00,    4.2422630909E+02
    220700,      0.676969,CP1_after_deposition,   1,    0.0000000000E+00,    4.2422630909E+02,    4.2422630909E+02,    0.0000000000E+00,    0.0000000000E+00,    0.0000000000E+00,    4.2422630909E+02
    220700,      0.676969,CP2_after_erosion,   1,    0.0000000000E+00,    4.2422630909E+02,    4.2422630909E+02,    0.0000000000E+00,    0.0000000000E+00,    0.0000000000E+00,    4.2422630909E+02
    220700,      0.676969,CP3_after_update_bottom,   1,    0.0000000000E+00,    4.2422630909E+02,    4.2422630909E+02,    0.0000000000E+00,    0.0000000000E+00,    0.0000000000E+00,    4.2422630909E+02
    220700,      0.676969,CP4_after_advection,   1,    0.0000000000E+00,    4.2422993731E+02,    4.2422993731E+02,    0.0000000000E+00,    0.0000000000E+00,    0.0000000000E+00,    4.2422993731E+02
    220700,      0.676969,CP5_after_vdif,   1,    0.0000000000E+00,    4.2422993731E+02,    4.2422993731E+02,    0.0000000000E+00,    0.0000000000E+00,    0.0000000000E+00,    4.2422993731E+02
    220700,      0.676969,CP6_after_kinetics,   1,    0.0000000000E+00,    4.2422993731E+02,    4.2422993731E+02,    0.0000000000E+00,    0.0000000000E+00,    0.0000000000E+00,    4.2422993731E+02
    220700,      0.676969,CP7_after_upper_clamp,   1,    0.0000000000E+00,    4.2422993731E+02,    4.2422993731E+02,    0.0000000000E+00,    0.0000000000E+00,    0.0000000000E+00,    4.2422993731E+02
    220700,      0.676969,CP8_after_OBC,   1,    0.0000000000E+00,    4.2422993731E+02,    4.2422993731E+02,    0.0000000000E+00,    0.0000000000E+00,    0.0000000000E+00,    4.2422993731E+02
    220700,      0.676969,CP9_after_PTsource,   1,    0.0000000000E+00,    4.2422993731E+02,    4.2422993731E+02,    0.0000000000E+00,    0.0000000000E+00,    0.0000000000E+00,    4.2422993731E+02
    220700,      0.676969,CP10_after_neg_clamp,   1,    0.0000000000E+00,    4.2422993731E+02,    4.2422993731E+02,    0.0000000000E+00,    0.0000000000E+00,    0.0000000000E+00,    4.2422993731E+02
    220700,      0.676969,CP11_after_MPI,   1,    0.0000000000E+00,    4.2422993731E+02,    4.2422993731E+02,    0.0000000000E+00,    0.0000000000E+00,    0.0000000000E+00,    4.2422993731E+02
    220700,      0.676969,CP12_end,   1,    0.0000000000E+00,    4.2422993731E+02,    4.2422993731E+02,    0.0000000000E+00,    0.0000000000E+00,    0.0000000000E+00,    4.2422993731E+02
    220750,      0.676969,CP0_start,   1,    0.0000000000E+00,    4.2441621650E+02,    4.2441621650E+02,    0.0000000000E+00,    0.0000000000E+00,    0.0000000000E+00,    4.2441621650E+02
    220750,      0.676969,CP1_after_deposition,   1,    0.0000000000E+00,    4.2441621650E+02,    4.2441621650E+02,    0.0000000000E+00,    0.0000000000E+00,    0.0000000000E+00,    4.2441621650E+02
    220750,      0.676969,CP2_after_erosion,   1,    0.0000000000E+00,    4.2441621650E+02,    4.2441621650E+02,    0.0000000000E+00,    0.0000000000E+00,    0.0000000000E+00,    4.2441621650E+02
    220750,      0.676969,CP3_after_update_bottom,   1,    0.0000000000E+00,    4.2441621650E+02,    4.2441621650E+02,    0.0000000000E+00,    0.0000000000E+00,    0.0000000000E+00,    4.2441621650E+02
    220750,      0.676969,CP4_after_advection,   1,    0.0000000000E+00,    4.2441962781E+02,    4.2441962781E+02,    0.0000000000E+00,    0.0000000000E+00,    0.0000000000E+00,    4.2441962781E+02
    220750,      0.676969,CP5_after_vdif,   1,    0.0000000000E+00,    4.2441962781E+02,    4.2441962781E+02,    0.0000000000E+00,    0.0000000000E+00,    0.0000000000E+00,    4.2441962781E+02
    220750,      0.676969,CP6_after_kinetics,   1,    0.0000000000E+00,    4.2441962781E+02,    4.2441962781E+02,    0.0000000000E+00,    0.0000000000E+00,    0.0000000000E+00,    4.2441962781E+02
    220750,      0.676969,CP7_after_upper_clamp,   1,    0.0000000000E+00,    4.2441962781E+02,    4.2441962781E+02,    0.0000000000E+00,    0.0000000000E+00,    0.0000000000E+00,    4.2441962781E+02
    220750,      0.676969,CP8_after_OBC,   1,    0.0000000000E+00,    4.2441962781E+02,    4.2441962781E+02,    0.0000000000E+00,    0.0000000000E+00,    0.0000000000E+00,    4.2441962781E+02
    220750,      0.676969,CP9_after_PTsource,   1,    0.0000000000E+00,    4.2441962781E+02,    4.2441962781E+02,    0.0000000000E+00,    0.0000000000E+00,    0.0000000000E+00,    4.2441962781E+02
    220750,      0.676969,CP10_after_neg_clamp,   1,    0.0000000000E+00,    4.2441962781E+02,    4.2441962781E+02,    0.0000000000E+00,    0.0000000000E+00,    0.0000000000E+00,    4.2441962781E+02
    220750,      0.676969,CP11_after_MPI,   1,    0.0000000000E+00,    4.2441962781E+02,    4.2441962781E+02,    0.0000000000E+00,    0.0000000000E+00,    0.0000000000E+00,    4.2441962781E+02
    220750,      0.676969,CP12_end,   1,    0.0000000000E+00,    4.2441962781E+02,    4.2441962781E+02,    0.0000000000E+00,    0.0000000000E+00,    0.0000000000E+00,    4.2441962781E+02
    220800,      0.676969,CP0_start,   1,    0.0000000000E+00,    4.2460670944E+02,    4.2460670944E+02,    0.0000000000E+00,    0.0000000000E+00,    0.0000000000E+00,    4.2460670944E+02
    220800,      0.676969,CP1_after_deposition,   1,    0.0000000000E+00,    4.2460670944E+02,    4.2460670944E+02,    0.0000000000E+00,    0.0000000000E+00,    0.0000000000E+00,    4.2460670944E+02
    220800,      0.676969,CP2_after_erosion,   1,    0.0000000000E+00,    4.2460670944E+02,    4.2460670944E+02,    0.0000000000E+00,    0.0000000000E+00,    0.0000000000E+00,    4.2460670944E+02
    220800,      0.676969,CP3_after_update_bottom,   1,    0.0000000000E+00,    4.2460670944E+02,    4.2460670944E+02,    0.0000000000E+00,    0.0000000000E+00,    0.0000000000E+00,    4.2460670944E+02
    220800,      0.676969,CP4_after_advection,   1,    0.0000000000E+00,    4.2460988460E+02,    4.2460988460E+02,    0.0000000000E+00,    0.0000000000E+00,    0.0000000000E+00,    4.2460988460E+02
    220800,      0.676969,CP5_after_vdif,   1,    0.0000000000E+00,    4.2460988460E+02,    4.2460988460E+02,    0.0000000000E+00,    0.0000000000E+00,    0.0000000000E+00,    4.2460988460E+02
    220800,      0.676969,CP6_after_kinetics,   1,    0.0000000000E+00,    4.2460988460E+02,    4.2460988460E+02,    0.0000000000E+00,    0.0000000000E+00,    0.0000000000E+00,    4.2460988460E+02
    220800,      0.676969,CP7_after_upper_clamp,   1,    0.0000000000E+00,    4.2460988460E+02,    4.2460988460E+02,    0.0000000000E+00,    0.0000000000E+00,    0.0000000000E+00,    4.2460988460E+02
    220800,      0.676969,CP8_after_OBC,   1,    0.0000000000E+00,    4.2460988460E+02,    4.2460988460E+02,    0.0000000000E+00,    0.0000000000E+00,    0.0000000000E+00,    4.2460988460E+02
    220800,      0.676969,CP9_after_PTsource,   1,    0.0000000000E+00,    4.2460988460E+02,    4.2460988460E+02,    0.0000000000E+00,    0.0000000000E+00,    0.0000000000E+00,    4.2460988460E+02
    220800,      0.676969,CP10_after_neg_clamp,   1,    0.0000000000E+00,    4.2460988460E+02,    4.2460988460E+02,    0.0000000000E+00,    0.0000000000E+00,    0.0000000000E+00,    4.2460988460E+02
    220800,      0.676969,CP11_after_MPI,   1,    0.0000000000E+00,    4.2460988460E+02,    4.2460988460E+02,    0.0000000000E+00,    0.0000000000E+00,    0.0000000000E+00,    4.2460988460E+02
    220800,      0.676969,CP12_end,   1,    0.0000000000E+00,    4.2460988460E+02,    4.2460988460E+02,    0.0000000000E+00,    0.0000000000E+00,    0.0000000000E+00,    4.2460988460E+02
    220850,      0.676969,CP0_start,   1,    0.0000000000E+00,    4.2479733065E+02,    4.2479733065E+02,    0.0000000000E+00,    0.0000000000E+00,    0.0000000000E+00,    4.2479733065E+02
    220850,      0.676969,CP1_after_deposition,   1,    0.0000000000E+00,    4.2479733065E+02,    4.2479733065E+02,    0.0000000000E+00,    0.0000000000E+00,    0.0000000000E+00,    4.2479733065E+02
    220850,      0.676969,CP2_after_erosion,   1,    0.0000000000E+00,    4.2479733065E+02,    4.2479733065E+02,    0.0000000000E+00,    0.0000000000E+00,    0.0000000000E+00,    4.2479733065E+02
    220850,      0.676969,CP3_after_update_bottom,   1,    0.0000000000E+00,    4.2479733065E+02,    4.2479733065E+02,    0.0000000000E+00,    0.0000000000E+00,    0.0000000000E+00,    4.2479733065E+02
    220850,      0.676969,CP4_after_advection,   1,    0.0000000000E+00,    4.2480025039E+02,    4.2480025039E+02,    0.0000000000E+00,    0.0000000000E+00,    0.0000000000E+00,    4.2480025039E+02
    220850,      0.676969,CP5_after_vdif,   1,    0.0000000000E+00,    4.2480025039E+02,    4.2480025039E+02,    0.0000000000E+00,    0.0000000000E+00,    0.0000000000E+00,    4.2480025039E+02
    220850,      0.676969,CP6_after_kinetics,   1,    0.0000000000E+00,    4.2480025039E+02,    4.2480025039E+02,    0.0000000000E+00,    0.0000000000E+00,    0.0000000000E+00,    4.2480025039E+02
    220850,      0.676969,CP7_after_upper_clamp,   1,    0.0000000000E+00,    4.2480025039E+02,    4.2480025039E+02,    0.0000000000E+00,    0.0000000000E+00,    0.0000000000E+00,    4.2480025039E+02
    220850,      0.676969,CP8_after_OBC,   1,    0.0000000000E+00,    4.2480025039E+02,    4.2480025039E+02,    0.0000000000E+00,    0.0000000000E+00,    0.0000000000E+00,    4.2480025039E+02
    220850,      0.676969,CP9_after_PTsource,   1,    0.0000000000E+00,    4.2480025039E+02,    4.2480025039E+02,    0.0000000000E+00,    0.0000000000E+00,    0.0000000000E+00,    4.2480025039E+02
    220850,      0.676969,CP10_after_neg_clamp,   1,    0.0000000000E+00,    4.2480025039E+02,    4.2480025039E+02,    0.0000000000E+00,    0.0000000000E+00,    0.0000000000E+00,    4.2480025039E+02
    220850,      0.676969,CP11_after_MPI,   1,    0.0000000000E+00,    4.2480025039E+02,    4.2480025039E+02,    0.0000000000E+00,    0.0000000000E+00,    0.0000000000E+00,    4.2480025039E+02
    220850,      0.676969,CP12_end,   1,    0.0000000000E+00,    4.2480025039E+02,    4.2480025039E+02,    0.0000000000E+00,    0.0000000000E+00,    0.0000000000E+00,    4.2480025039E+02
    220900,      0.676969,CP0_start,   1,    0.0000000000E+00,    4.2498755730E+02,    4.2498755730E+02,    0.0000000000E+00,    0.0000000000E+00,    0.0000000000E+00,    4.2498755730E+02
    220900,      0.676969,CP1_after_deposition,   1,    0.0000000000E+00,    4.2498755730E+02,    4.2498755730E+02,    0.0000000000E+00,    0.0000000000E+00,    0.0000000000E+00,    4.2498755730E+02
    220900,      0.676969,CP2_after_erosion,   1,    0.0000000000E+00,    4.2498755730E+02,    4.2498755730E+02,    0.0000000000E+00,    0.0000000000E+00,    0.0000000000E+00,    4.2498755730E+02
    220900,      0.676969,CP3_after_update_bottom,   1,    0.0000000000E+00,    4.2498755730E+02,    4.2498755730E+02,    0.0000000000E+00,    0.0000000000E+00,    0.0000000000E+00,    4.2498755730E+02
    220900,      0.676969,CP4_after_advection,   1,    0.0000000000E+00,    4.2499020141E+02,    4.2499020141E+02,    0.0000000000E+00,    0.0000000000E+00,    0.0000000000E+00,    4.2499020141E+02
    220900,      0.676969,CP5_after_vdif,   1,    0.0000000000E+00,    4.2499020141E+02,    4.2499020141E+02,    0.0000000000E+00,    0.0000000000E+00,    0.0000000000E+00,    4.2499020141E+02
    220900,      0.676969,CP6_after_kinetics,   1,    0.0000000000E+00,    4.2499020141E+02,    4.2499020141E+02,    0.0000000000E+00,    0.0000000000E+00,    0.0000000000E+00,    4.2499020141E+02
    220900,      0.676969,CP7_after_upper_clamp,   1,    0.0000000000E+00,    4.2499020141E+02,    4.2499020141E+02,    0.0000000000E+00,    0.0000000000E+00,    0.0000000000E+00,    4.2499020141E+02
    220900,      0.676969,CP8_after_OBC,   1,    0.0000000000E+00,    4.2499020141E+02,    4.2499020141E+02,    0.0000000000E+00,    0.0000000000E+00,    0.0000000000E+00,    4.2499020141E+02
    220900,      0.676969,CP9_after_PTsource,   1,    0.0000000000E+00,    4.2499020141E+02,    4.2499020141E+02,    0.0000000000E+00,    0.0000000000E+00,    0.0000000000E+00,    4.2499020141E+02
    220900,      0.676969,CP10_after_neg_clamp,   1,    0.0000000000E+00,    4.2499020141E+02,    4.2499020141E+02,    0.0000000000E+00,    0.0000000000E+00,    0.0000000000E+00,    4.2499020141E+02
    220900,      0.676969,CP11_after_MPI,   1,    0.0000000000E+00,    4.2499020141E+02,    4.2499020141E+02,    0.0000000000E+00,    0.0000000000E+00,    0.0000000000E+00,    4.2499020141E+02
    220900,      0.676969,CP12_end,   1,    0.0000000000E+00,    4.2499020141E+02,    4.2499020141E+02,    0.0000000000E+00,    0.0000000000E+00,    0.0000000000E+00,    4.2499020141E+02
    220950,      0.676969,CP0_start,   1,    0.0000000000E+00,    4.2517701472E+02,    4.2517701472E+02,    0.0000000000E+00,    0.0000000000E+00,    0.0000000000E+00,    4.2517701472E+02
    220950,      0.676969,CP1_after_deposition,   1,    0.0000000000E+00,    4.2517701472E+02,    4.2517701472E+02,    0.0000000000E+00,    0.0000000000E+00,    0.0000000000E+00,    4.2517701472E+02
    220950,      0.676969,CP2_after_erosion,   1,    0.0000000000E+00,    4.2517701472E+02,    4.2517701472E+02,    0.0000000000E+00,    0.0000000000E+00,    0.0000000000E+00,    4.2517701472E+02
    220950,      0.676969,CP3_after_update_bottom,   1,    0.0000000000E+00,    4.2517701472E+02,    4.2517701472E+02,    0.0000000000E+00,    0.0000000000E+00,    0.0000000000E+00,    4.2517701472E+02
    220950,      0.676969,CP4_after_advection,   1,    0.0000000000E+00,    4.2517936215E+02,    4.2517936215E+02,    0.0000000000E+00,    0.0000000000E+00,    0.0000000000E+00,    4.2517936215E+02
    220950,      0.676969,CP5_after_vdif,   1,    0.0000000000E+00,    4.2517936215E+02,    4.2517936215E+02,    0.0000000000E+00,    0.0000000000E+00,    0.0000000000E+00,    4.2517936215E+02
    220950,      0.676969,CP6_after_kinetics,   1,    0.0000000000E+00,    4.2517936215E+02,    4.2517936215E+02,    0.0000000000E+00,    0.0000000000E+00,    0.0000000000E+00,    4.2517936215E+02
    220950,      0.676969,CP7_after_upper_clamp,   1,    0.0000000000E+00,    4.2517936215E+02,    4.2517936215E+02,    0.0000000000E+00,    0.0000000000E+00,    0.0000000000E+00,    4.2517936215E+02
    220950,      0.676969,CP8_after_OBC,   1,    0.0000000000E+00,    4.2517936215E+02,    4.2517936215E+02,    0.0000000000E+00,    0.0000000000E+00,    0.0000000000E+00,    4.2517936215E+02
    220950,      0.676969,CP9_after_PTsource,   1,    0.0000000000E+00,    4.2517936215E+02,    4.2517936215E+02,    0.0000000000E+00,    0.0000000000E+00,    0.0000000000E+00,    4.2517936215E+02
    220950,      0.676969,CP10_after_neg_clamp,   1,    0.0000000000E+00,    4.2517936215E+02,    4.2517936215E+02,    0.0000000000E+00,    0.0000000000E+00,    0.0000000000E+00,    4.2517936215E+02
    220950,      0.676969,CP11_after_MPI,   1,    0.0000000000E+00,    4.2517936215E+02,    4.2517936215E+02,    0.0000000000E+00,    0.0000000000E+00,    0.0000000000E+00,    4.2517936215E+02
    220950,      0.676969,CP12_end,   1,    0.0000000000E+00,    4.2517936215E+02,    4.2517936215E+02,    0.0000000000E+00,    0.0000000000E+00,    0.0000000000E+00,    4.2517936215E+02
    221000,      0.676969,CP0_start,   1,    0.0000000000E+00,    4.2536538896E+02,    4.2536538896E+02,    0.0000000000E+00,    0.0000000000E+00,    0.0000000000E+00,    4.2536538896E+02
    221000,      0.676969,CP1_after_deposition,   1,    0.0000000000E+00,    4.2536538896E+02,    4.2536538896E+02,    0.0000000000E+00,    0.0000000000E+00,    0.0000000000E+00,    4.2536538896E+02
    221000,      0.676969,CP2_after_erosion,   1,    0.0000000000E+00,    4.2536538896E+02,    4.2536538896E+02,    0.0000000000E+00,    0.0000000000E+00,    0.0000000000E+00,    4.2536538896E+02
    221000,      0.676969,CP3_after_update_bottom,   1,    0.0000000000E+00,    4.2536538896E+02,    4.2536538896E+02,    0.0000000000E+00,    0.0000000000E+00,    0.0000000000E+00,    4.2536538896E+02
    221000,      0.676969,CP4_after_advection,   1,    0.0000000000E+00,    4.2536742657E+02,    4.2536742657E+02,    0.0000000000E+00,    0.0000000000E+00,    0.0000000000E+00,    4.2536742657E+02
    221000,      0.676969,CP5_after_vdif,   1,    0.0000000000E+00,    4.2536742657E+02,    4.2536742657E+02,    0.0000000000E+00,    0.0000000000E+00,    0.0000000000E+00,    4.2536742657E+02
    221000,      0.676969,CP6_after_kinetics,   1,    0.0000000000E+00,    4.2536742657E+02,    4.2536742657E+02,    0.0000000000E+00,    0.0000000000E+00,    0.0000000000E+00,    4.2536742657E+02
    221000,      0.676969,CP7_after_upper_clamp,   1,    0.0000000000E+00,    4.2536742657E+02,    4.2536742657E+02,    0.0000000000E+00,    0.0000000000E+00,    0.0000000000E+00,    4.2536742657E+02
    221000,      0.676969,CP8_after_OBC,   1,    0.0000000000E+00,    4.2536742657E+02,    4.2536742657E+02,    0.0000000000E+00,    0.0000000000E+00,    0.0000000000E+00,    4.2536742657E+02
    221000,      0.676969,CP9_after_PTsource,   1,    0.0000000000E+00,    4.2536742657E+02,    4.2536742657E+02,    0.0000000000E+00,    0.0000000000E+00,    0.0000000000E+00,    4.2536742657E+02
    221000,      0.676969,CP10_after_neg_clamp,   1,    0.0000000000E+00,    4.2536742657E+02,    4.2536742657E+02,    0.0000000000E+00,    0.0000000000E+00,    0.0000000000E+00,    4.2536742657E+02
    221000,      0.676969,CP11_after_MPI,   1,    0.0000000000E+00,    4.2536742657E+02,    4.2536742657E+02,    0.0000000000E+00,    0.0000000000E+00,    0.0000000000E+00,    4.2536742657E+02
    221000,      0.676969,CP12_end,   1,    0.0000000000E+00,    4.2536742657E+02,    4.2536742657E+02,    0.0000000000E+00,    0.0000000000E+00,    0.0000000000E+00,    4.2536742657E+02
    221050,      0.676969,CP0_start,   1,    0.0000000000E+00,    4.2555275610E+02,    4.2555275610E+02,    0.0000000000E+00,    0.0000000000E+00,    0.0000000000E+00,    4.2555275610E+02
    221050,      0.676969,CP1_after_deposition,   1,    0.0000000000E+00,    4.2555275610E+02,    4.2555275610E+02,    0.0000000000E+00,    0.0000000000E+00,    0.0000000000E+00,    4.2555275610E+02
    221050,      0.676969,CP2_after_erosion,   1,    0.0000000000E+00,    4.2555275610E+02,    4.2555275610E+02,    0.0000000000E+00,    0.0000000000E+00,    0.0000000000E+00,    4.2555275610E+02
    221050,      0.676969,CP3_after_update_bottom,   1,    0.0000000000E+00,    4.2555275610E+02,    4.2555275610E+02,    0.0000000000E+00,    0.0000000000E+00,    0.0000000000E+00,    4.2555275610E+02
    221050,      0.676969,CP4_after_advection,   1,    0.0000000000E+00,    4.2555447341E+02,    4.2555447341E+02,    0.0000000000E+00,    0.0000000000E+00,    0.0000000000E+00,    4.2555447341E+02
    221050,      0.676969,CP5_after_vdif,   1,    0.0000000000E+00,    4.2555447341E+02,    4.2555447341E+02,    0.0000000000E+00,    0.0000000000E+00,    0.0000000000E+00,    4.2555447341E+02
    221050,      0.676969,CP6_after_kinetics,   1,    0.0000000000E+00,    4.2555447341E+02,    4.2555447341E+02,    0.0000000000E+00,    0.0000000000E+00,    0.0000000000E+00,    4.2555447341E+02
    221050,      0.676969,CP7_after_upper_clamp,   1,    0.0000000000E+00,    4.2555447341E+02,    4.2555447341E+02,    0.0000000000E+00,    0.0000000000E+00,    0.0000000000E+00,    4.2555447341E+02
    221050,      0.676969,CP8_after_OBC,   1,    0.0000000000E+00,    4.2555447341E+02,    4.2555447341E+02,    0.0000000000E+00,    0.0000000000E+00,    0.0000000000E+00,    4.2555447341E+02
    221050,      0.676969,CP9_after_PTsource,   1,    0.0000000000E+00,    4.2555447341E+02,    4.2555447341E+02,    0.0000000000E+00,    0.0000000000E+00,    0.0000000000E+00,    4.2555447341E+02
    221050,      0.676969,CP10_after_neg_clamp,   1,    0.0000000000E+00,    4.2555447341E+02,    4.2555447341E+02,    0.0000000000E+00,    0.0000000000E+00,    0.0000000000E+00,    4.2555447341E+02
    221050,      0.676969,CP11_after_MPI,   1,    0.0000000000E+00,    4.2555447341E+02,    4.2555447341E+02,    0.0000000000E+00,    0.0000000000E+00,    0.0000000000E+00,    4.2555447341E+02
    221050,      0.676969,CP12_end,   1,    0.0000000000E+00,    4.2555447341E+02,    4.2555447341E+02,    0.0000000000E+00,    0.0000000000E+00,    0.0000000000E+00,    4.2555447341E+02
    221100,      0.676969,CP0_start,   1,    0.0000000000E+00,    4.2573967722E+02,    4.2573967722E+02,    0.0000000000E+00,    0.0000000000E+00,    0.0000000000E+00,    4.2573967722E+02
    221100,      0.676969,CP1_after_deposition,   1,    0.0000000000E+00,    4.2573967722E+02,    4.2573967722E+02,    0.0000000000E+00,    0.0000000000E+00,    0.0000000000E+00,    4.2573967722E+02
    221100,      0.676969,CP2_after_erosion,   1,    0.0000000000E+00,    4.2573967722E+02,    4.2573967722E+02,    0.0000000000E+00,    0.0000000000E+00,    0.0000000000E+00,    4.2573967722E+02
    221100,      0.676969,CP3_after_update_bottom,   1,    0.0000000000E+00,    4.2573967722E+02,    4.2573967722E+02,    0.0000000000E+00,    0.0000000000E+00,    0.0000000000E+00,    4.2573967722E+02
    221100,      0.676969,CP4_after_advection,   1,    0.0000000000E+00,    4.2574107074E+02,    4.2574107074E+02,    0.0000000000E+00,    0.0000000000E+00,    0.0000000000E+00,    4.2574107074E+02
    221100,      0.676969,CP5_after_vdif,   1,    0.0000000000E+00,    4.2574107074E+02,    4.2574107074E+02,    0.0000000000E+00,    0.0000000000E+00,    0.0000000000E+00,    4.2574107074E+02
    221100,      0.676969,CP6_after_kinetics,   1,    0.0000000000E+00,    4.2574107074E+02,    4.2574107074E+02,    0.0000000000E+00,    0.0000000000E+00,    0.0000000000E+00,    4.2574107074E+02
    221100,      0.676969,CP7_after_upper_clamp,   1,    0.0000000000E+00,    4.2574107074E+02,    4.2574107074E+02,    0.0000000000E+00,    0.0000000000E+00,    0.0000000000E+00,    4.2574107074E+02
    221100,      0.676969,CP8_after_OBC,   1,    0.0000000000E+00,    4.2574107074E+02,    4.2574107074E+02,    0.0000000000E+00,    0.0000000000E+00,    0.0000000000E+00,    4.2574107074E+02
    221100,      0.676969,CP9_after_PTsource,   1,    0.0000000000E+00,    4.2574107074E+02,    4.2574107074E+02,    0.0000000000E+00,    0.0000000000E+00,    0.0000000000E+00,    4.2574107074E+02
    221100,      0.676969,CP10_after_neg_clamp,   1,    0.0000000000E+00,    4.2574107074E+02,    4.2574107074E+02,    0.0000000000E+00,    0.0000000000E+00,    0.0000000000E+00,    4.2574107074E+02
    221100,      0.676969,CP11_after_MPI,   1,    0.0000000000E+00,    4.2574107074E+02,    4.2574107074E+02,    0.0000000000E+00,    0.0000000000E+00,    0.0000000000E+00,    4.2574107074E+02
    221100,      0.676969,CP12_end,   1,    0.0000000000E+00,    4.2574107074E+02,    4.2574107074E+02,    0.0000000000E+00,    0.0000000000E+00,    0.0000000000E+00,    4.2574107074E+02
    221150,      0.676969,CP0_start,   1,    0.0000000000E+00,    4.2592666527E+02,    4.2592666527E+02,    0.0000000000E+00,    0.0000000000E+00,    0.0000000000E+00,    4.2592666527E+02
    221150,      0.676969,CP1_after_deposition,   1,    0.0000000000E+00,    4.2592666527E+02,    4.2592666527E+02,    0.0000000000E+00,    0.0000000000E+00,    0.0000000000E+00,    4.2592666527E+02
    221150,      0.676969,CP2_after_erosion,   1,    0.0000000000E+00,    4.2592666527E+02,    4.2592666527E+02,    0.0000000000E+00,    0.0000000000E+00,    0.0000000000E+00,    4.2592666527E+02
    221150,      0.676969,CP3_after_update_bottom,   1,    0.0000000000E+00,    4.2592666527E+02,    4.2592666527E+02,    0.0000000000E+00,    0.0000000000E+00,    0.0000000000E+00,    4.2592666527E+02
    221150,      0.676969,CP4_after_advection,   1,    0.0000000000E+00,    4.2592773281E+02,    4.2592773281E+02,    0.0000000000E+00,    0.0000000000E+00,    0.0000000000E+00,    4.2592773281E+02
    221150,      0.676969,CP5_after_vdif,   1,    0.0000000000E+00,    4.2592773281E+02,    4.2592773281E+02,    0.0000000000E+00,    0.0000000000E+00,    0.0000000000E+00,    4.2592773281E+02
    221150,      0.676969,CP6_after_kinetics,   1,    0.0000000000E+00,    4.2592773281E+02,    4.2592773281E+02,    0.0000000000E+00,    0.0000000000E+00,    0.0000000000E+00,    4.2592773281E+02
    221150,      0.676969,CP7_after_upper_clamp,   1,    0.0000000000E+00,    4.2592773281E+02,    4.2592773281E+02,    0.0000000000E+00,    0.0000000000E+00,    0.0000000000E+00,    4.2592773281E+02
    221150,      0.676969,CP8_after_OBC,   1,    0.0000000000E+00,    4.2592773281E+02,    4.2592773281E+02,    0.0000000000E+00,    0.0000000000E+00,    0.0000000000E+00,    4.2592773281E+02
    221150,      0.676969,CP9_after_PTsource,   1,    0.0000000000E+00,    4.2592773281E+02,    4.2592773281E+02,    0.0000000000E+00,    0.0000000000E+00,    0.0000000000E+00,    4.2592773281E+02
    221150,      0.676969,CP10_after_neg_clamp,   1,    0.0000000000E+00,    4.2592773281E+02,    4.2592773281E+02,    0.0000000000E+00,    0.0000000000E+00,    0.0000000000E+00,    4.2592773281E+02
    221150,      0.676969,CP11_after_MPI,   1,    0.0000000000E+00,    4.2592773281E+02,    4.2592773281E+02,    0.0000000000E+00,    0.0000000000E+00,    0.0000000000E+00,    4.2592773281E+02
    221150,      0.676969,CP12_end,   1,    0.0000000000E+00,    4.2592773281E+02,    4.2592773281E+02,    0.0000000000E+00,    0.0000000000E+00,    0.0000000000E+00,    4.2592773281E+02
    221200,      0.676969,CP0_start,   1,    0.0000000000E+00,    4.2611432900E+02,    4.2611432900E+02,    0.0000000000E+00,    0.0000000000E+00,    0.0000000000E+00,    4.2611432900E+02
    221200,      0.676969,CP1_after_deposition,   1,    0.0000000000E+00,    4.2611432900E+02,    4.2611432900E+02,    0.0000000000E+00,    0.0000000000E+00,    0.0000000000E+00,    4.2611432900E+02
    221200,      0.676969,CP2_after_erosion,   1,    0.0000000000E+00,    4.2611432900E+02,    4.2611432900E+02,    0.0000000000E+00,    0.0000000000E+00,    0.0000000000E+00,    4.2611432900E+02
    221200,      0.676969,CP3_after_update_bottom,   1,    0.0000000000E+00,    4.2611432900E+02,    4.2611432900E+02,    0.0000000000E+00,    0.0000000000E+00,    0.0000000000E+00,    4.2611432900E+02
    221200,      0.676969,CP4_after_advection,   1,    0.0000000000E+00,    4.2611506247E+02,    4.2611506247E+02,    0.0000000000E+00,    0.0000000000E+00,    0.0000000000E+00,    4.2611506247E+02
    221200,      0.676969,CP5_after_vdif,   1,    0.0000000000E+00,    4.2611506247E+02,    4.2611506247E+02,    0.0000000000E+00,    0.0000000000E+00,    0.0000000000E+00,    4.2611506247E+02
    221200,      0.676969,CP6_after_kinetics,   1,    0.0000000000E+00,    4.2611506247E+02,    4.2611506247E+02,    0.0000000000E+00,    0.0000000000E+00,    0.0000000000E+00,    4.2611506247E+02
    221200,      0.676969,CP7_after_upper_clamp,   1,    0.0000000000E+00,    4.2611506247E+02,    4.2611506247E+02,    0.0000000000E+00,    0.0000000000E+00,    0.0000000000E+00,    4.2611506247E+02
    221200,      0.676969,CP8_after_OBC,   1,    0.0000000000E+00,    4.2611506247E+02,    4.2611506247E+02,    0.0000000000E+00,    0.0000000000E+00,    0.0000000000E+00,    4.2611506247E+02
    221200,      0.676969,CP9_after_PTsource,   1,    0.0000000000E+00,    4.2611506247E+02,    4.2611506247E+02,    0.0000000000E+00,    0.0000000000E+00,    0.0000000000E+00,    4.2611506247E+02
    221200,      0.676969,CP10_after_neg_clamp,   1,    0.0000000000E+00,    4.2611506247E+02,    4.2611506247E+02,    0.0000000000E+00,    0.0000000000E+00,    0.0000000000E+00,    4.2611506247E+02
    221200,      0.676969,CP11_after_MPI,   1,    0.0000000000E+00,    4.2611506247E+02,    4.2611506247E+02,    0.0000000000E+00,    0.0000000000E+00,    0.0000000000E+00,    4.2611506247E+02
    221200,      0.676969,CP12_end,   1,    0.0000000000E+00,    4.2611506247E+02,    4.2611506247E+02,    0.0000000000E+00,    0.0000000000E+00,    0.0000000000E+00,    4.2611506247E+02
    221250,      0.676969,CP0_start,   1,    0.0000000000E+00,    4.2630281248E+02,    4.2630281248E+02,    0.0000000000E+00,    0.0000000000E+00,    0.0000000000E+00,    4.2630281248E+02
    221250,      0.676969,CP1_after_deposition,   1,    0.0000000000E+00,    4.2630281248E+02,    4.2630281248E+02,    0.0000000000E+00,    0.0000000000E+00,    0.0000000000E+00,    4.2630281248E+02
    221250,      0.676969,CP2_after_erosion,   1,    0.0000000000E+00,    4.2630281248E+02,    4.2630281248E+02,    0.0000000000E+00,    0.0000000000E+00,    0.0000000000E+00,    4.2630281248E+02
    221250,      0.676969,CP3_after_update_bottom,   1,    0.0000000000E+00,    4.2630281248E+02,    4.2630281248E+02,    0.0000000000E+00,    0.0000000000E+00,    0.0000000000E+00,    4.2630281248E+02
    221250,      0.676969,CP4_after_advection,   1,    0.0000000000E+00,    4.2630319893E+02,    4.2630319893E+02,    0.0000000000E+00,    0.0000000000E+00,    0.0000000000E+00,    4.2630319893E+02
    221250,      0.676969,CP5_after_vdif,   1,    0.0000000000E+00,    4.2630319893E+02,    4.2630319893E+02,    0.0000000000E+00,    0.0000000000E+00,    0.0000000000E+00,    4.2630319893E+02
    221250,      0.676969,CP6_after_kinetics,   1,    0.0000000000E+00,    4.2630319893E+02,    4.2630319893E+02,    0.0000000000E+00,    0.0000000000E+00,    0.0000000000E+00,    4.2630319893E+02
    221250,      0.676969,CP7_after_upper_clamp,   1,    0.0000000000E+00,    4.2630319893E+02,    4.2630319893E+02,    0.0000000000E+00,    0.0000000000E+00,    0.0000000000E+00,    4.2630319893E+02
    221250,      0.676969,CP8_after_OBC,   1,    0.0000000000E+00,    4.2630319893E+02,    4.2630319893E+02,    0.0000000000E+00,    0.0000000000E+00,    0.0000000000E+00,    4.2630319893E+02
    221250,      0.676969,CP9_after_PTsource,   1,    0.0000000000E+00,    4.2630319893E+02,    4.2630319893E+02,    0.0000000000E+00,    0.0000000000E+00,    0.0000000000E+00,    4.2630319893E+02
    221250,      0.676969,CP10_after_neg_clamp,   1,    0.0000000000E+00,    4.2630319893E+02,    4.2630319893E+02,    0.0000000000E+00,    0.0000000000E+00,    0.0000000000E+00,    4.2630319893E+02
    221250,      0.676969,CP11_after_MPI,   1,    0.0000000000E+00,    4.2630319893E+02,    4.2630319893E+02,    0.0000000000E+00,    0.0000000000E+00,    0.0000000000E+00,    4.2630319893E+02
    221250,      0.676969,CP12_end,   1,    0.0000000000E+00,    4.2630319893E+02,    4.2630319893E+02,    0.0000000000E+00,    0.0000000000E+00,    0.0000000000E+00,    4.2630319893E+02
    221300,      0.676969,CP0_start,   1,    0.0000000000E+00,    4.2649225116E+02,    4.2649225116E+02,    0.0000000000E+00,    0.0000000000E+00,    0.0000000000E+00,    4.2649225116E+02
    221300,      0.676969,CP1_after_deposition,   1,    0.0000000000E+00,    4.2649225116E+02,    4.2649225116E+02,    0.0000000000E+00,    0.0000000000E+00,    0.0000000000E+00,    4.2649225116E+02
    221300,      0.676969,CP2_after_erosion,   1,    0.0000000000E+00,    4.2649225116E+02,    4.2649225116E+02,    0.0000000000E+00,    0.0000000000E+00,    0.0000000000E+00,    4.2649225116E+02
    221300,      0.676969,CP3_after_update_bottom,   1,    0.0000000000E+00,    4.2649225116E+02,    4.2649225116E+02,    0.0000000000E+00,    0.0000000000E+00,    0.0000000000E+00,    4.2649225116E+02
    221300,      0.676969,CP4_after_advection,   1,    0.0000000000E+00,    4.2649227315E+02,    4.2649227315E+02,    0.0000000000E+00,    0.0000000000E+00,    0.0000000000E+00,    4.2649227315E+02
    221300,      0.676969,CP5_after_vdif,   1,    0.0000000000E+00,    4.2649227315E+02,    4.2649227315E+02,    0.0000000000E+00,    0.0000000000E+00,    0.0000000000E+00,    4.2649227315E+02
    221300,      0.676969,CP6_after_kinetics,   1,    0.0000000000E+00,    4.2649227315E+02,    4.2649227315E+02,    0.0000000000E+00,    0.0000000000E+00,    0.0000000000E+00,    4.2649227315E+02
    221300,      0.676969,CP7_after_upper_clamp,   1,    0.0000000000E+00,    4.2649227315E+02,    4.2649227315E+02,    0.0000000000E+00,    0.0000000000E+00,    0.0000000000E+00,    4.2649227315E+02
    221300,      0.676969,CP8_after_OBC,   1,    0.0000000000E+00,    4.2649227315E+02,    4.2649227315E+02,    0.0000000000E+00,    0.0000000000E+00,    0.0000000000E+00,    4.2649227315E+02
    221300,      0.676969,CP9_after_PTsource,   1,    0.0000000000E+00,    4.2649227315E+02,    4.2649227315E+02,    0.0000000000E+00,    0.0000000000E+00,    0.0000000000E+00,    4.2649227315E+02
    221300,      0.676969,CP10_after_neg_clamp,   1,    0.0000000000E+00,    4.2649227315E+02,    4.2649227315E+02,    0.0000000000E+00,    0.0000000000E+00,    0.0000000000E+00,    4.2649227315E+02
    221300,      0.676969,CP11_after_MPI,   1,    0.0000000000E+00,    4.2649227315E+02,    4.2649227315E+02,    0.0000000000E+00,    0.0000000000E+00,    0.0000000000E+00,    4.2649227315E+02
    221300,      0.676969,CP12_end,   1,    0.0000000000E+00,    4.2649227315E+02,    4.2649227315E+02,    0.0000000000E+00,    0.0000000000E+00,    0.0000000000E+00,    4.2649227315E+02
    221350,      0.676969,CP0_start,   1,    0.0000000000E+00,    4.2668259254E+02,    4.2668259254E+02,    0.0000000000E+00,    0.0000000000E+00,    0.0000000000E+00,    4.2668259254E+02
    221350,      0.676969,CP1_after_deposition,   1,    0.0000000000E+00,    4.2668259254E+02,    4.2668259254E+02,    0.0000000000E+00,    0.0000000000E+00,    0.0000000000E+00,    4.2668259254E+02
    221350,      0.676969,CP2_after_erosion,   1,    0.0000000000E+00,    4.2668259254E+02,    4.2668259254E+02,    0.0000000000E+00,    0.0000000000E+00,    0.0000000000E+00,    4.2668259254E+02
    221350,      0.676969,CP3_after_update_bottom,   1,    0.0000000000E+00,    4.2668259254E+02,    4.2668259254E+02,    0.0000000000E+00,    0.0000000000E+00,    0.0000000000E+00,    4.2668259254E+02
    221350,      0.676969,CP4_after_advection,   1,    0.0000000000E+00,    4.2668222421E+02,    4.2668222421E+02,    0.0000000000E+00,    0.0000000000E+00,    0.0000000000E+00,    4.2668222421E+02
    221350,      0.676969,CP5_after_vdif,   1,    0.0000000000E+00,    4.2668222421E+02,    4.2668222421E+02,    0.0000000000E+00,    0.0000000000E+00,    0.0000000000E+00,    4.2668222421E+02
    221350,      0.676969,CP6_after_kinetics,   1,    0.0000000000E+00,    4.2668222421E+02,    4.2668222421E+02,    0.0000000000E+00,    0.0000000000E+00,    0.0000000000E+00,    4.2668222421E+02
    221350,      0.676969,CP7_after_upper_clamp,   1,    0.0000000000E+00,    4.2668222421E+02,    4.2668222421E+02,    0.0000000000E+00,    0.0000000000E+00,    0.0000000000E+00,    4.2668222421E+02
    221350,      0.676969,CP8_after_OBC,   1,    0.0000000000E+00,    4.2668222421E+02,    4.2668222421E+02,    0.0000000000E+00,    0.0000000000E+00,    0.0000000000E+00,    4.2668222421E+02
    221350,      0.676969,CP9_after_PTsource,   1,    0.0000000000E+00,    4.2668222421E+02,    4.2668222421E+02,    0.0000000000E+00,    0.0000000000E+00,    0.0000000000E+00,    4.2668222421E+02
    221350,      0.676969,CP10_after_neg_clamp,   1,    0.0000000000E+00,    4.2668222421E+02,    4.2668222421E+02,    0.0000000000E+00,    0.0000000000E+00,    0.0000000000E+00,    4.2668222421E+02
    221350,      0.676969,CP11_after_MPI,   1,    0.0000000000E+00,    4.2668222421E+02,    4.2668222421E+02,    0.0000000000E+00,    0.0000000000E+00,    0.0000000000E+00,    4.2668222421E+02
    221350,      0.676969,CP12_end,   1,    0.0000000000E+00,    4.2668222421E+02,    4.2668222421E+02,    0.0000000000E+00,    0.0000000000E+00,    0.0000000000E+00,    4.2668222421E+02
    221400,      0.676969,CP0_start,   1,    0.0000000000E+00,    4.2687363693E+02,    4.2687363693E+02,    0.0000000000E+00,    0.0000000000E+00,    0.0000000000E+00,    4.2687363693E+02
    221400,      0.676969,CP1_after_deposition,   1,    0.0000000000E+00,    4.2687363693E+02,    4.2687363693E+02,    0.0000000000E+00,    0.0000000000E+00,    0.0000000000E+00,    4.2687363693E+02
    221400,      0.676969,CP2_after_erosion,   1,    0.0000000000E+00,    4.2687363693E+02,    4.2687363693E+02,    0.0000000000E+00,    0.0000000000E+00,    0.0000000000E+00,    4.2687363693E+02
    221400,      0.676969,CP3_after_update_bottom,   1,    0.0000000000E+00,    4.2687363693E+02,    4.2687363693E+02,    0.0000000000E+00,    0.0000000000E+00,    0.0000000000E+00,    4.2687363693E+02
    221400,      0.676969,CP4_after_advection,   1,    0.0000000000E+00,    4.2687287622E+02,    4.2687287622E+02,    0.0000000000E+00,    0.0000000000E+00,    0.0000000000E+00,    4.2687287622E+02
    221400,      0.676969,CP5_after_vdif,   1,    0.0000000000E+00,    4.2687287622E+02,    4.2687287622E+02,    0.0000000000E+00,    0.0000000000E+00,    0.0000000000E+00,    4.2687287622E+02
    221400,      0.676969,CP6_after_kinetics,   1,    0.0000000000E+00,    4.2687287622E+02,    4.2687287622E+02,    0.0000000000E+00,    0.0000000000E+00,    0.0000000000E+00,    4.2687287622E+02
    221400,      0.676969,CP7_after_upper_clamp,   1,    0.0000000000E+00,    4.2687287622E+02,    4.2687287622E+02,    0.0000000000E+00,    0.0000000000E+00,    0.0000000000E+00,    4.2687287622E+02
    221400,      0.676969,CP8_after_OBC,   1,    0.0000000000E+00,    4.2687287622E+02,    4.2687287622E+02,    0.0000000000E+00,    0.0000000000E+00,    0.0000000000E+00,    4.2687287622E+02
    221400,      0.676969,CP9_after_PTsource,   1,    0.0000000000E+00,    4.2687287622E+02,    4.2687287622E+02,    0.0000000000E+00,    0.0000000000E+00,    0.0000000000E+00,    4.2687287622E+02
    221400,      0.676969,CP10_after_neg_clamp,   1,    0.0000000000E+00,    4.2687287622E+02,    4.2687287622E+02,    0.0000000000E+00,    0.0000000000E+00,    0.0000000000E+00,    4.2687287622E+02
    221400,      0.676969,CP11_after_MPI,   1,    0.0000000000E+00,    4.2687287622E+02,    4.2687287622E+02,    0.0000000000E+00,    0.0000000000E+00,    0.0000000000E+00,    4.2687287622E+02
    221400,      0.676969,CP12_end,   1,    0.0000000000E+00,    4.2687287622E+02,    4.2687287622E+02,    0.0000000000E+00,    0.0000000000E+00,    0.0000000000E+00,    4.2687287622E+02
    221450,      0.676969,CP0_start,   1,    0.0000000000E+00,    4.2706537672E+02,    4.2706537672E+02,    0.0000000000E+00,    0.0000000000E+00,    0.0000000000E+00,    4.2706537672E+02
    221450,      0.676969,CP1_after_deposition,   1,    0.0000000000E+00,    4.2706537672E+02,    4.2706537672E+02,    0.0000000000E+00,    0.0000000000E+00,    0.0000000000E+00,    4.2706537672E+02
    221450,      0.676969,CP2_after_erosion,   1,    0.0000000000E+00,    4.2706537672E+02,    4.2706537672E+02,    0.0000000000E+00,    0.0000000000E+00,    0.0000000000E+00,    4.2706537672E+02
    221450,      0.676969,CP3_after_update_bottom,   1,    0.0000000000E+00,    4.2706537672E+02,    4.2706537672E+02,    0.0000000000E+00,    0.0000000000E+00,    0.0000000000E+00,    4.2706537672E+02
    221450,      0.676969,CP4_after_advection,   1,    0.0000000000E+00,    4.2706421976E+02,    4.2706421976E+02,    0.0000000000E+00,    0.0000000000E+00,    0.0000000000E+00,    4.2706421976E+02
    221450,      0.676969,CP5_after_vdif,   1,    0.0000000000E+00,    4.2706421976E+02,    4.2706421976E+02,    0.0000000000E+00,    0.0000000000E+00,    0.0000000000E+00,    4.2706421976E+02
    221450,      0.676969,CP6_after_kinetics,   1,    0.0000000000E+00,    4.2706421976E+02,    4.2706421976E+02,    0.0000000000E+00,    0.0000000000E+00,    0.0000000000E+00,    4.2706421976E+02
    221450,      0.676969,CP7_after_upper_clamp,   1,    0.0000000000E+00,    4.2706421976E+02,    4.2706421976E+02,    0.0000000000E+00,    0.0000000000E+00,    0.0000000000E+00,    4.2706421976E+02
    221450,      0.676969,CP8_after_OBC,   1,    0.0000000000E+00,    4.2706421976E+02,    4.2706421976E+02,    0.0000000000E+00,    0.0000000000E+00,    0.0000000000E+00,    4.2706421976E+02
    221450,      0.676969,CP9_after_PTsource,   1,    0.0000000000E+00,    4.2706421976E+02,    4.2706421976E+02,    0.0000000000E+00,    0.0000000000E+00,    0.0000000000E+00,    4.2706421976E+02
    221450,      0.676969,CP10_after_neg_clamp,   1,    0.0000000000E+00,    4.2706421976E+02,    4.2706421976E+02,    0.0000000000E+00,    0.0000000000E+00,    0.0000000000E+00,    4.2706421976E+02
    221450,      0.676969,CP11_after_MPI,   1,    0.0000000000E+00,    4.2706421976E+02,    4.2706421976E+02,    0.0000000000E+00,    0.0000000000E+00,    0.0000000000E+00,    4.2706421976E+02
    221450,      0.676969,CP12_end,   1,    0.0000000000E+00,    4.2706421976E+02,    4.2706421976E+02,    0.0000000000E+00,    0.0000000000E+00,    0.0000000000E+00,    4.2706421976E+02
    221500,      0.676969,CP0_start,   1,    0.0000000000E+00,    4.2725753300E+02,    4.2725753300E+02,    0.0000000000E+00,    0.0000000000E+00,    0.0000000000E+00,    4.2725753300E+02
    221500,      0.676969,CP1_after_deposition,   1,    0.0000000000E+00,    4.2725753300E+02,    4.2725753300E+02,    0.0000000000E+00,    0.0000000000E+00,    0.0000000000E+00,    4.2725753300E+02
    221500,      0.676969,CP2_after_erosion,   1,    0.0000000000E+00,    4.2725753300E+02,    4.2725753300E+02,    0.0000000000E+00,    0.0000000000E+00,    0.0000000000E+00,    4.2725753300E+02
    221500,      0.676969,CP3_after_update_bottom,   1,    0.0000000000E+00,    4.2725753300E+02,    4.2725753300E+02,    0.0000000000E+00,    0.0000000000E+00,    0.0000000000E+00,    4.2725753300E+02
    221500,      0.676969,CP4_after_advection,   1,    0.0000000000E+00,    4.2725595050E+02,    4.2725595050E+02,    0.0000000000E+00,    0.0000000000E+00,    0.0000000000E+00,    4.2725595050E+02
    221500,      0.676969,CP5_after_vdif,   1,    0.0000000000E+00,    4.2725595050E+02,    4.2725595050E+02,    0.0000000000E+00,    0.0000000000E+00,    0.0000000000E+00,    4.2725595050E+02
    221500,      0.676969,CP6_after_kinetics,   1,    0.0000000000E+00,    4.2725595050E+02,    4.2725595050E+02,    0.0000000000E+00,    0.0000000000E+00,    0.0000000000E+00,    4.2725595050E+02
    221500,      0.676969,CP7_after_upper_clamp,   1,    0.0000000000E+00,    4.2725595050E+02,    4.2725595050E+02,    0.0000000000E+00,    0.0000000000E+00,    0.0000000000E+00,    4.2725595050E+02
    221500,      0.676969,CP8_after_OBC,   1,    0.0000000000E+00,    4.2725595050E+02,    4.2725595050E+02,    0.0000000000E+00,    0.0000000000E+00,    0.0000000000E+00,    4.2725595050E+02
    221500,      0.676969,CP9_after_PTsource,   1,    0.0000000000E+00,    4.2725595050E+02,    4.2725595050E+02,    0.0000000000E+00,    0.0000000000E+00,    0.0000000000E+00,    4.2725595050E+02
    221500,      0.676969,CP10_after_neg_clamp,   1,    0.0000000000E+00,    4.2725595050E+02,    4.2725595050E+02,    0.0000000000E+00,    0.0000000000E+00,    0.0000000000E+00,    4.2725595050E+02
    221500,      0.676969,CP11_after_MPI,   1,    0.0000000000E+00,    4.2725595050E+02,    4.2725595050E+02,    0.0000000000E+00,    0.0000000000E+00,    0.0000000000E+00,    4.2725595050E+02
    221500,      0.676969,CP12_end,   1,    0.0000000000E+00,    4.2725595050E+02,    4.2725595050E+02,    0.0000000000E+00,    0.0000000000E+00,    0.0000000000E+00,    4.2725595050E+02
    221550,      0.676969,CP0_start,   1,    0.0000000000E+00,    4.2745013336E+02,    4.2745013336E+02,    0.0000000000E+00,    0.0000000000E+00,    0.0000000000E+00,    4.2745013336E+02
    221550,      0.676969,CP1_after_deposition,   1,    0.0000000000E+00,    4.2745013336E+02,    4.2745013336E+02,    0.0000000000E+00,    0.0000000000E+00,    0.0000000000E+00,    4.2745013336E+02
    221550,      0.676969,CP2_after_erosion,   1,    0.0000000000E+00,    4.2745013336E+02,    4.2745013336E+02,    0.0000000000E+00,    0.0000000000E+00,    0.0000000000E+00,    4.2745013336E+02
    221550,      0.676969,CP3_after_update_bottom,   1,    0.0000000000E+00,    4.2745013336E+02,    4.2745013336E+02,    0.0000000000E+00,    0.0000000000E+00,    0.0000000000E+00,    4.2745013336E+02
    221550,      0.676969,CP4_after_advection,   1,    0.0000000000E+00,    4.2744813173E+02,    4.2744813173E+02,    0.0000000000E+00,    0.0000000000E+00,    0.0000000000E+00,    4.2744813173E+02
    221550,      0.676969,CP5_after_vdif,   1,    0.0000000000E+00,    4.2744813173E+02,    4.2744813173E+02,    0.0000000000E+00,    0.0000000000E+00,    0.0000000000E+00,    4.2744813173E+02
    221550,      0.676969,CP6_after_kinetics,   1,    0.0000000000E+00,    4.2744813173E+02,    4.2744813173E+02,    0.0000000000E+00,    0.0000000000E+00,    0.0000000000E+00,    4.2744813173E+02
    221550,      0.676969,CP7_after_upper_clamp,   1,    0.0000000000E+00,    4.2744813173E+02,    4.2744813173E+02,    0.0000000000E+00,    0.0000000000E+00,    0.0000000000E+00,    4.2744813173E+02
    221550,      0.676969,CP8_after_OBC,   1,    0.0000000000E+00,    4.2744813173E+02,    4.2744813173E+02,    0.0000000000E+00,    0.0000000000E+00,    0.0000000000E+00,    4.2744813173E+02
    221550,      0.676969,CP9_after_PTsource,   1,    0.0000000000E+00,    4.2744813173E+02,    4.2744813173E+02,    0.0000000000E+00,    0.0000000000E+00,    0.0000000000E+00,    4.2744813173E+02
    221550,      0.676969,CP10_after_neg_clamp,   1,    0.0000000000E+00,    4.2744813173E+02,    4.2744813173E+02,    0.0000000000E+00,    0.0000000000E+00,    0.0000000000E+00,    4.2744813173E+02
    221550,      0.676969,CP11_after_MPI,   1,    0.0000000000E+00,    4.2744813173E+02,    4.2744813173E+02,    0.0000000000E+00,    0.0000000000E+00,    0.0000000000E+00,    4.2744813173E+02
    221550,      0.676969,CP12_end,   1,    0.0000000000E+00,    4.2744813173E+02,    4.2744813173E+02,    0.0000000000E+00,    0.0000000000E+00,    0.0000000000E+00,    4.2744813173E+02
    221600,      0.676969,CP0_start,   1,    0.0000000000E+00,    4.2764314312E+02,    4.2764314312E+02,    0.0000000000E+00,    0.0000000000E+00,    0.0000000000E+00,    4.2764314312E+02
    221600,      0.676969,CP1_after_deposition,   1,    0.0000000000E+00,    4.2764314312E+02,    4.2764314312E+02,    0.0000000000E+00,    0.0000000000E+00,    0.0000000000E+00,    4.2764314312E+02
    221600,      0.676969,CP2_after_erosion,   1,    0.0000000000E+00,    4.2764314312E+02,    4.2764314312E+02,    0.0000000000E+00,    0.0000000000E+00,    0.0000000000E+00,    4.2764314312E+02
    221600,      0.676969,CP3_after_update_bottom,   1,    0.0000000000E+00,    4.2764314312E+02,    4.2764314312E+02,    0.0000000000E+00,    0.0000000000E+00,    0.0000000000E+00,    4.2764314312E+02
    221600,      0.676969,CP4_after_advection,   1,    0.0000000000E+00,    4.2764071247E+02,    4.2764071247E+02,    0.0000000000E+00,    0.0000000000E+00,    0.0000000000E+00,    4.2764071247E+02
    221600,      0.676969,CP5_after_vdif,   1,    0.0000000000E+00,    4.2764071247E+02,    4.2764071247E+02,    0.0000000000E+00,    0.0000000000E+00,    0.0000000000E+00,    4.2764071247E+02
    221600,      0.676969,CP6_after_kinetics,   1,    0.0000000000E+00,    4.2764071247E+02,    4.2764071247E+02,    0.0000000000E+00,    0.0000000000E+00,    0.0000000000E+00,    4.2764071247E+02
    221600,      0.676969,CP7_after_upper_clamp,   1,    0.0000000000E+00,    4.2764071247E+02,    4.2764071247E+02,    0.0000000000E+00,    0.0000000000E+00,    0.0000000000E+00,    4.2764071247E+02
    221600,      0.676969,CP8_after_OBC,   1,    0.0000000000E+00,    4.2764071247E+02,    4.2764071247E+02,    0.0000000000E+00,    0.0000000000E+00,    0.0000000000E+00,    4.2764071247E+02
    221600,      0.676969,CP9_after_PTsource,   1,    0.0000000000E+00,    4.2764071247E+02,    4.2764071247E+02,    0.0000000000E+00,    0.0000000000E+00,    0.0000000000E+00,    4.2764071247E+02
    221600,      0.676969,CP10_after_neg_clamp,   1,    0.0000000000E+00,    4.2764071247E+02,    4.2764071247E+02,    0.0000000000E+00,    0.0000000000E+00,    0.0000000000E+00,    4.2764071247E+02
    221600,      0.676969,CP11_after_MPI,   1,    0.0000000000E+00,    4.2764071247E+02,    4.2764071247E+02,    0.0000000000E+00,    0.0000000000E+00,    0.0000000000E+00,    4.2764071247E+02
    221600,      0.676969,CP12_end,   1,    0.0000000000E+00,    4.2764071247E+02,    4.2764071247E+02,    0.0000000000E+00,    0.0000000000E+00,    0.0000000000E+00,    4.2764071247E+02
    221650,      0.676969,CP0_start,   1,    0.0000000000E+00,    4.2783641740E+02,    4.2783641740E+02,    0.0000000000E+00,    0.0000000000E+00,    0.0000000000E+00,    4.2783641740E+02
    221650,      0.676969,CP1_after_deposition,   1,    0.0000000000E+00,    4.2783641740E+02,    4.2783641740E+02,    0.0000000000E+00,    0.0000000000E+00,    0.0000000000E+00,    4.2783641740E+02
    221650,      0.676969,CP2_after_erosion,   1,    0.0000000000E+00,    4.2783641740E+02,    4.2783641740E+02,    0.0000000000E+00,    0.0000000000E+00,    0.0000000000E+00,    4.2783641740E+02
    221650,      0.676969,CP3_after_update_bottom,   1,    0.0000000000E+00,    4.2783641740E+02,    4.2783641740E+02,    0.0000000000E+00,    0.0000000000E+00,    0.0000000000E+00,    4.2783641740E+02
    221650,      0.676969,CP4_after_advection,   1,    0.0000000000E+00,    4.2783357304E+02,    4.2783357304E+02,    0.0000000000E+00,    0.0000000000E+00,    0.0000000000E+00,    4.2783357304E+02
    221650,      0.676969,CP5_after_vdif,   1,    0.0000000000E+00,    4.2783357304E+02,    4.2783357304E+02,    0.0000000000E+00,    0.0000000000E+00,    0.0000000000E+00,    4.2783357304E+02
    221650,      0.676969,CP6_after_kinetics,   1,    0.0000000000E+00,    4.2783357304E+02,    4.2783357304E+02,    0.0000000000E+00,    0.0000000000E+00,    0.0000000000E+00,    4.2783357304E+02
    221650,      0.676969,CP7_after_upper_clamp,   1,    0.0000000000E+00,    4.2783357304E+02,    4.2783357304E+02,    0.0000000000E+00,    0.0000000000E+00,    0.0000000000E+00,    4.2783357304E+02
    221650,      0.676969,CP8_after_OBC,   1,    0.0000000000E+00,    4.2783357304E+02,    4.2783357304E+02,    0.0000000000E+00,    0.0000000000E+00,    0.0000000000E+00,    4.2783357304E+02
    221650,      0.676969,CP9_after_PTsource,   1,    0.0000000000E+00,    4.2783357304E+02,    4.2783357304E+02,    0.0000000000E+00,    0.0000000000E+00,    0.0000000000E+00,    4.2783357304E+02
    221650,      0.676969,CP10_after_neg_clamp,   1,    0.0000000000E+00,    4.2783357304E+02,    4.2783357304E+02,    0.0000000000E+00,    0.0000000000E+00,    0.0000000000E+00,    4.2783357304E+02
    221650,      0.676969,CP11_after_MPI,   1,    0.0000000000E+00,    4.2783357304E+02,    4.2783357304E+02,    0.0000000000E+00,    0.0000000000E+00,    0.0000000000E+00,    4.2783357304E+02
    221650,      0.676969,CP12_end,   1,    0.0000000000E+00,    4.2783357304E+02,    4.2783357304E+02,    0.0000000000E+00,    0.0000000000E+00,    0.0000000000E+00,    4.2783357304E+02
    221700,      0.676969,CP0_start,   1,    0.0000000000E+00,    4.2802958813E+02,    4.2802958813E+02,    0.0000000000E+00,    0.0000000000E+00,    0.0000000000E+00,    4.2802958813E+02
    221700,      0.676969,CP1_after_deposition,   1,    0.0000000000E+00,    4.2802958813E+02,    4.2802958813E+02,    0.0000000000E+00,    0.0000000000E+00,    0.0000000000E+00,    4.2802958813E+02
    221700,      0.676969,CP2_after_erosion,   1,    0.0000000000E+00,    4.2802958813E+02,    4.2802958813E+02,    0.0000000000E+00,    0.0000000000E+00,    0.0000000000E+00,    4.2802958813E+02
    221700,      0.676969,CP3_after_update_bottom,   1,    0.0000000000E+00,    4.2802958813E+02,    4.2802958813E+02,    0.0000000000E+00,    0.0000000000E+00,    0.0000000000E+00,    4.2802958813E+02
    221700,      0.676969,CP4_after_advection,   1,    0.0000000000E+00,    4.2802631006E+02,    4.2802631006E+02,    0.0000000000E+00,    0.0000000000E+00,    0.0000000000E+00,    4.2802631006E+02
    221700,      0.676969,CP5_after_vdif,   1,    0.0000000000E+00,    4.2802631006E+02,    4.2802631006E+02,    0.0000000000E+00,    0.0000000000E+00,    0.0000000000E+00,    4.2802631006E+02
    221700,      0.676969,CP6_after_kinetics,   1,    0.0000000000E+00,    4.2802631006E+02,    4.2802631006E+02,    0.0000000000E+00,    0.0000000000E+00,    0.0000000000E+00,    4.2802631006E+02
    221700,      0.676969,CP7_after_upper_clamp,   1,    0.0000000000E+00,    4.2802631006E+02,    4.2802631006E+02,    0.0000000000E+00,    0.0000000000E+00,    0.0000000000E+00,    4.2802631006E+02
    221700,      0.676969,CP8_after_OBC,   1,    0.0000000000E+00,    4.2802631006E+02,    4.2802631006E+02,    0.0000000000E+00,    0.0000000000E+00,    0.0000000000E+00,    4.2802631006E+02
    221700,      0.676969,CP9_after_PTsource,   1,    0.0000000000E+00,    4.2802631006E+02,    4.2802631006E+02,    0.0000000000E+00,    0.0000000000E+00,    0.0000000000E+00,    4.2802631006E+02
    221700,      0.676969,CP10_after_neg_clamp,   1,    0.0000000000E+00,    4.2802631006E+02,    4.2802631006E+02,    0.0000000000E+00,    0.0000000000E+00,    0.0000000000E+00,    4.2802631006E+02
    221700,      0.676969,CP11_after_MPI,   1,    0.0000000000E+00,    4.2802631006E+02,    4.2802631006E+02,    0.0000000000E+00,    0.0000000000E+00,    0.0000000000E+00,    4.2802631006E+02
    221700,      0.676969,CP12_end,   1,    0.0000000000E+00,    4.2802631006E+02,    4.2802631006E+02,    0.0000000000E+00,    0.0000000000E+00,    0.0000000000E+00,    4.2802631006E+02
    221750,      0.676969,CP0_start,   1,    0.0000000000E+00,    4.2822197989E+02,    4.2822197989E+02,    0.0000000000E+00,    0.0000000000E+00,    0.0000000000E+00,    4.2822197989E+02
    221750,      0.676969,CP1_after_deposition,   1,    0.0000000000E+00,    4.2822197989E+02,    4.2822197989E+02,    0.0000000000E+00,    0.0000000000E+00,    0.0000000000E+00,    4.2822197989E+02
    221750,      0.676969,CP2_after_erosion,   1,    0.0000000000E+00,    4.2822197989E+02,    4.2822197989E+02,    0.0000000000E+00,    0.0000000000E+00,    0.0000000000E+00,    4.2822197989E+02
    221750,      0.676969,CP3_after_update_bottom,   1,    0.0000000000E+00,    4.2822197989E+02,    4.2822197989E+02,    0.0000000000E+00,    0.0000000000E+00,    0.0000000000E+00,    4.2822197989E+02
    221750,      0.676969,CP4_after_advection,   1,    0.0000000000E+00,    4.2821824234E+02,    4.2821824234E+02,    0.0000000000E+00,    0.0000000000E+00,    0.0000000000E+00,    4.2821824234E+02
    221750,      0.676969,CP5_after_vdif,   1,    0.0000000000E+00,    4.2821824234E+02,    4.2821824234E+02,    0.0000000000E+00,    0.0000000000E+00,    0.0000000000E+00,    4.2821824234E+02
    221750,      0.676969,CP6_after_kinetics,   1,    0.0000000000E+00,    4.2821824234E+02,    4.2821824234E+02,    0.0000000000E+00,    0.0000000000E+00,    0.0000000000E+00,    4.2821824234E+02
    221750,      0.676969,CP7_after_upper_clamp,   1,    0.0000000000E+00,    4.2821824234E+02,    4.2821824234E+02,    0.0000000000E+00,    0.0000000000E+00,    0.0000000000E+00,    4.2821824234E+02
    221750,      0.676969,CP8_after_OBC,   1,    0.0000000000E+00,    4.2821824234E+02,    4.2821824234E+02,    0.0000000000E+00,    0.0000000000E+00,    0.0000000000E+00,    4.2821824234E+02
    221750,      0.676969,CP9_after_PTsource,   1,    0.0000000000E+00,    4.2821824234E+02,    4.2821824234E+02,    0.0000000000E+00,    0.0000000000E+00,    0.0000000000E+00,    4.2821824234E+02
    221750,      0.676969,CP10_after_neg_clamp,   1,    0.0000000000E+00,    4.2821824234E+02,    4.2821824234E+02,    0.0000000000E+00,    0.0000000000E+00,    0.0000000000E+00,    4.2821824234E+02
    221750,      0.676969,CP11_after_MPI,   1,    0.0000000000E+00,    4.2821824234E+02,    4.2821824234E+02,    0.0000000000E+00,    0.0000000000E+00,    0.0000000000E+00,    4.2821824234E+02
    221750,      0.676969,CP12_end,   1,    0.0000000000E+00,    4.2821824234E+02,    4.2821824234E+02,    0.0000000000E+00,    0.0000000000E+00,    0.0000000000E+00,    4.2821824234E+02
    221800,      0.676969,CP0_start,   1,    0.0000000000E+00,    4.2841325090E+02,    4.2841325090E+02,    0.0000000000E+00,    0.0000000000E+00,    0.0000000000E+00,    4.2841325090E+02
    221800,      0.676969,CP1_after_deposition,   1,    0.0000000000E+00,    4.2841325090E+02,    4.2841325090E+02,    0.0000000000E+00,    0.0000000000E+00,    0.0000000000E+00,    4.2841325090E+02
    221800,      0.676969,CP2_after_erosion,   1,    0.0000000000E+00,    4.2841325090E+02,    4.2841325090E+02,    0.0000000000E+00,    0.0000000000E+00,    0.0000000000E+00,    4.2841325090E+02
    221800,      0.676969,CP3_after_update_bottom,   1,    0.0000000000E+00,    4.2841325090E+02,    4.2841325090E+02,    0.0000000000E+00,    0.0000000000E+00,    0.0000000000E+00,    4.2841325090E+02
    221800,      0.676969,CP4_after_advection,   1,    0.0000000000E+00,    4.2840909111E+02,    4.2840909111E+02,    0.0000000000E+00,    0.0000000000E+00,    0.0000000000E+00,    4.2840909111E+02
    221800,      0.676969,CP5_after_vdif,   1,    0.0000000000E+00,    4.2840909111E+02,    4.2840909111E+02,    0.0000000000E+00,    0.0000000000E+00,    0.0000000000E+00,    4.2840909111E+02
    221800,      0.676969,CP6_after_kinetics,   1,    0.0000000000E+00,    4.2840909111E+02,    4.2840909111E+02,    0.0000000000E+00,    0.0000000000E+00,    0.0000000000E+00,    4.2840909111E+02
    221800,      0.676969,CP7_after_upper_clamp,   1,    0.0000000000E+00,    4.2840909111E+02,    4.2840909111E+02,    0.0000000000E+00,    0.0000000000E+00,    0.0000000000E+00,    4.2840909111E+02
    221800,      0.676969,CP8_after_OBC,   1,    0.0000000000E+00,    4.2840909111E+02,    4.2840909111E+02,    0.0000000000E+00,    0.0000000000E+00,    0.0000000000E+00,    4.2840909111E+02
    221800,      0.676969,CP9_after_PTsource,   1,    0.0000000000E+00,    4.2840909111E+02,    4.2840909111E+02,    0.0000000000E+00,    0.0000000000E+00,    0.0000000000E+00,    4.2840909111E+02
    221800,      0.676969,CP10_after_neg_clamp,   1,    0.0000000000E+00,    4.2840909111E+02,    4.2840909111E+02,    0.0000000000E+00,    0.0000000000E+00,    0.0000000000E+00,    4.2840909111E+02
    221800,      0.676969,CP11_after_MPI,   1,    0.0000000000E+00,    4.2840909111E+02,    4.2840909111E+02,    0.0000000000E+00,    0.0000000000E+00,    0.0000000000E+00,    4.2840909111E+02
    221800,      0.676969,CP12_end,   1,    0.0000000000E+00,    4.2840909111E+02,    4.2840909111E+02,    0.0000000000E+00,    0.0000000000E+00,    0.0000000000E+00,    4.2840909111E+02
    221850,      0.676969,CP0_start,   1,    0.0000000000E+00,    4.2860372779E+02,    4.2860372779E+02,    0.0000000000E+00,    0.0000000000E+00,    0.0000000000E+00,    4.2860372779E+02
    221850,      0.676969,CP1_after_deposition,   1,    0.0000000000E+00,    4.2860372779E+02,    4.2860372779E+02,    0.0000000000E+00,    0.0000000000E+00,    0.0000000000E+00,    4.2860372779E+02
    221850,      0.676969,CP2_after_erosion,   1,    0.0000000000E+00,    4.2860372779E+02,    4.2860372779E+02,    0.0000000000E+00,    0.0000000000E+00,    0.0000000000E+00,    4.2860372779E+02
    221850,      0.676969,CP3_after_update_bottom,   1,    0.0000000000E+00,    4.2860372779E+02,    4.2860372779E+02,    0.0000000000E+00,    0.0000000000E+00,    0.0000000000E+00,    4.2860372779E+02
    221850,      0.676969,CP4_after_advection,   1,    0.0000000000E+00,    4.2859915665E+02,    4.2859915665E+02,    0.0000000000E+00,    0.0000000000E+00,    0.0000000000E+00,    4.2859915665E+02
    221850,      0.676969,CP5_after_vdif,   1,    0.0000000000E+00,    4.2859915665E+02,    4.2859915665E+02,    0.0000000000E+00,    0.0000000000E+00,    0.0000000000E+00,    4.2859915665E+02
    221850,      0.676969,CP6_after_kinetics,   1,    0.0000000000E+00,    4.2859915665E+02,    4.2859915665E+02,    0.0000000000E+00,    0.0000000000E+00,    0.0000000000E+00,    4.2859915665E+02
    221850,      0.676969,CP7_after_upper_clamp,   1,    0.0000000000E+00,    4.2859915665E+02,    4.2859915665E+02,    0.0000000000E+00,    0.0000000000E+00,    0.0000000000E+00,    4.2859915665E+02
    221850,      0.676969,CP8_after_OBC,   1,    0.0000000000E+00,    4.2859915665E+02,    4.2859915665E+02,    0.0000000000E+00,    0.0000000000E+00,    0.0000000000E+00,    4.2859915665E+02
    221850,      0.676969,CP9_after_PTsource,   1,    0.0000000000E+00,    4.2859915665E+02,    4.2859915665E+02,    0.0000000000E+00,    0.0000000000E+00,    0.0000000000E+00,    4.2859915665E+02
    221850,      0.676969,CP10_after_neg_clamp,   1,    0.0000000000E+00,    4.2859915665E+02,    4.2859915665E+02,    0.0000000000E+00,    0.0000000000E+00,    0.0000000000E+00,    4.2859915665E+02
    221850,      0.676969,CP11_after_MPI,   1,    0.0000000000E+00,    4.2859915665E+02,    4.2859915665E+02,    0.0000000000E+00,    0.0000000000E+00,    0.0000000000E+00,    4.2859915665E+02
    221850,      0.676969,CP12_end,   1,    0.0000000000E+00,    4.2859915665E+02,    4.2859915665E+02,    0.0000000000E+00,    0.0000000000E+00,    0.0000000000E+00,    4.2859915665E+02
    221900,      0.676969,CP0_start,   1,    0.0000000000E+00,    4.2879358055E+02,    4.2879358055E+02,    0.0000000000E+00,    0.0000000000E+00,    0.0000000000E+00,    4.2879358055E+02
    221900,      0.676969,CP1_after_deposition,   1,    0.0000000000E+00,    4.2879358055E+02,    4.2879358055E+02,    0.0000000000E+00,    0.0000000000E+00,    0.0000000000E+00,    4.2879358055E+02
    221900,      0.676969,CP2_after_erosion,   1,    0.0000000000E+00,    4.2879358055E+02,    4.2879358055E+02,    0.0000000000E+00,    0.0000000000E+00,    0.0000000000E+00,    4.2879358055E+02
    221900,      0.676969,CP3_after_update_bottom,   1,    0.0000000000E+00,    4.2879358055E+02,    4.2879358055E+02,    0.0000000000E+00,    0.0000000000E+00,    0.0000000000E+00,    4.2879358055E+02
    221900,      0.676969,CP4_after_advection,   1,    0.0000000000E+00,    4.2878862169E+02,    4.2878862169E+02,    0.0000000000E+00,    0.0000000000E+00,    0.0000000000E+00,    4.2878862169E+02
    221900,      0.676969,CP5_after_vdif,   1,    0.0000000000E+00,    4.2878862169E+02,    4.2878862169E+02,    0.0000000000E+00,    0.0000000000E+00,    0.0000000000E+00,    4.2878862169E+02
    221900,      0.676969,CP6_after_kinetics,   1,    0.0000000000E+00,    4.2878862169E+02,    4.2878862169E+02,    0.0000000000E+00,    0.0000000000E+00,    0.0000000000E+00,    4.2878862169E+02
    221900,      0.676969,CP7_after_upper_clamp,   1,    0.0000000000E+00,    4.2878862169E+02,    4.2878862169E+02,    0.0000000000E+00,    0.0000000000E+00,    0.0000000000E+00,    4.2878862169E+02
    221900,      0.676969,CP8_after_OBC,   1,    0.0000000000E+00,    4.2878862169E+02,    4.2878862169E+02,    0.0000000000E+00,    0.0000000000E+00,    0.0000000000E+00,    4.2878862169E+02
    221900,      0.676969,CP9_after_PTsource,   1,    0.0000000000E+00,    4.2878862169E+02,    4.2878862169E+02,    0.0000000000E+00,    0.0000000000E+00,    0.0000000000E+00,    4.2878862169E+02
    221900,      0.676969,CP10_after_neg_clamp,   1,    0.0000000000E+00,    4.2878862169E+02,    4.2878862169E+02,    0.0000000000E+00,    0.0000000000E+00,    0.0000000000E+00,    4.2878862169E+02
    221900,      0.676969,CP11_after_MPI,   1,    0.0000000000E+00,    4.2878862169E+02,    4.2878862169E+02,    0.0000000000E+00,    0.0000000000E+00,    0.0000000000E+00,    4.2878862169E+02
    221900,      0.676969,CP12_end,   1,    0.0000000000E+00,    4.2878862169E+02,    4.2878862169E+02,    0.0000000000E+00,    0.0000000000E+00,    0.0000000000E+00,    4.2878862169E+02
    221950,      0.676969,CP0_start,   1,    0.0000000000E+00,    4.2898352607E+02,    4.2898352607E+02,    0.0000000000E+00,    0.0000000000E+00,    0.0000000000E+00,    4.2898352607E+02
    221950,      0.676969,CP1_after_deposition,   1,    0.0000000000E+00,    4.2898352607E+02,    4.2898352607E+02,    0.0000000000E+00,    0.0000000000E+00,    0.0000000000E+00,    4.2898352607E+02
    221950,      0.676969,CP2_after_erosion,   1,    0.0000000000E+00,    4.2898352607E+02,    4.2898352607E+02,    0.0000000000E+00,    0.0000000000E+00,    0.0000000000E+00,    4.2898352607E+02
    221950,      0.676969,CP3_after_update_bottom,   1,    0.0000000000E+00,    4.2898352607E+02,    4.2898352607E+02,    0.0000000000E+00,    0.0000000000E+00,    0.0000000000E+00,    4.2898352607E+02
    221950,      0.676969,CP4_after_advection,   1,    0.0000000000E+00,    4.2897818895E+02,    4.2897818895E+02,    0.0000000000E+00,    0.0000000000E+00,    0.0000000000E+00,    4.2897818895E+02
    221950,      0.676969,CP5_after_vdif,   1,    0.0000000000E+00,    4.2897818895E+02,    4.2897818895E+02,    0.0000000000E+00,    0.0000000000E+00,    0.0000000000E+00,    4.2897818895E+02
    221950,      0.676969,CP6_after_kinetics,   1,    0.0000000000E+00,    4.2897818895E+02,    4.2897818895E+02,    0.0000000000E+00,    0.0000000000E+00,    0.0000000000E+00,    4.2897818895E+02
    221950,      0.676969,CP7_after_upper_clamp,   1,    0.0000000000E+00,    4.2897818895E+02,    4.2897818895E+02,    0.0000000000E+00,    0.0000000000E+00,    0.0000000000E+00,    4.2897818895E+02
    221950,      0.676969,CP8_after_OBC,   1,    0.0000000000E+00,    4.2897818895E+02,    4.2897818895E+02,    0.0000000000E+00,    0.0000000000E+00,    0.0000000000E+00,    4.2897818895E+02
    221950,      0.676969,CP9_after_PTsource,   1,    0.0000000000E+00,    4.2897818895E+02,    4.2897818895E+02,    0.0000000000E+00,    0.0000000000E+00,    0.0000000000E+00,    4.2897818895E+02
    221950,      0.676969,CP10_after_neg_clamp,   1,    0.0000000000E+00,    4.2897818895E+02,    4.2897818895E+02,    0.0000000000E+00,    0.0000000000E+00,    0.0000000000E+00,    4.2897818895E+02
    221950,      0.676969,CP11_after_MPI,   1,    0.0000000000E+00,    4.2897818895E+02,    4.2897818895E+02,    0.0000000000E+00,    0.0000000000E+00,    0.0000000000E+00,    4.2897818895E+02
    221950,      0.676969,CP12_end,   1,    0.0000000000E+00,    4.2897818895E+02,    4.2897818895E+02,    0.0000000000E+00,    0.0000000000E+00,    0.0000000000E+00,    4.2897818895E+02
    222000,      0.676969,CP0_start,   1,    0.0000000000E+00,    4.2917442083E+02,    4.2917442083E+02,    0.0000000000E+00,    0.0000000000E+00,    0.0000000000E+00,    4.2917442083E+02
    222000,      0.676969,CP1_after_deposition,   1,    0.0000000000E+00,    4.2917442083E+02,    4.2917442083E+02,    0.0000000000E+00,    0.0000000000E+00,    0.0000000000E+00,    4.2917442083E+02
    222000,      0.676969,CP2_after_erosion,   1,    0.0000000000E+00,    4.2917442083E+02,    4.2917442083E+02,    0.0000000000E+00,    0.0000000000E+00,    0.0000000000E+00,    4.2917442083E+02
    222000,      0.676969,CP3_after_update_bottom,   1,    0.0000000000E+00,    4.2917442083E+02,    4.2917442083E+02,    0.0000000000E+00,    0.0000000000E+00,    0.0000000000E+00,    4.2917442083E+02
    222000,      0.676969,CP4_after_advection,   1,    0.0000000000E+00,    4.2916877308E+02,    4.2916877308E+02,    0.0000000000E+00,    0.0000000000E+00,    0.0000000000E+00,    4.2916877308E+02
    222000,      0.676969,CP5_after_vdif,   1,    0.0000000000E+00,    4.2916877308E+02,    4.2916877308E+02,    0.0000000000E+00,    0.0000000000E+00,    0.0000000000E+00,    4.2916877308E+02
    222000,      0.676969,CP6_after_kinetics,   1,    0.0000000000E+00,    4.2916877308E+02,    4.2916877308E+02,    0.0000000000E+00,    0.0000000000E+00,    0.0000000000E+00,    4.2916877308E+02
    222000,      0.676969,CP7_after_upper_clamp,   1,    0.0000000000E+00,    4.2916877308E+02,    4.2916877308E+02,    0.0000000000E+00,    0.0000000000E+00,    0.0000000000E+00,    4.2916877308E+02
    222000,      0.676969,CP8_after_OBC,   1,    0.0000000000E+00,    4.2916877308E+02,    4.2916877308E+02,    0.0000000000E+00,    0.0000000000E+00,    0.0000000000E+00,    4.2916877308E+02
    222000,      0.676969,CP9_after_PTsource,   1,    0.0000000000E+00,    4.2916877308E+02,    4.2916877308E+02,    0.0000000000E+00,    0.0000000000E+00,    0.0000000000E+00,    4.2916877308E+02
    222000,      0.676969,CP10_after_neg_clamp,   1,    0.0000000000E+00,    4.2916877308E+02,    4.2916877308E+02,    0.0000000000E+00,    0.0000000000E+00,    0.0000000000E+00,    4.2916877308E+02
    222000,      0.676969,CP11_after_MPI,   1,    0.0000000000E+00,    4.2916877308E+02,    4.2916877308E+02,    0.0000000000E+00,    0.0000000000E+00,    0.0000000000E+00,    4.2916877308E+02
    222000,      0.676969,CP12_end,   1,    0.0000000000E+00,    4.2916877308E+02,    4.2916877308E+02,    0.0000000000E+00,    0.0000000000E+00,    0.0000000000E+00,    4.2916877308E+02
    222050,      0.676969,CP0_start,   1,    0.0000000000E+00,    4.2936824603E+02,    4.2936824603E+02,    0.0000000000E+00,    0.0000000000E+00,    0.0000000000E+00,    4.2936824603E+02
    222050,      0.676969,CP1_after_deposition,   1,    0.0000000000E+00,    4.2936824603E+02,    4.2936824603E+02,    0.0000000000E+00,    0.0000000000E+00,    0.0000000000E+00,    4.2936824603E+02
    222050,      0.676969,CP2_after_erosion,   1,    0.0000000000E+00,    4.2936824603E+02,    4.2936824603E+02,    0.0000000000E+00,    0.0000000000E+00,    0.0000000000E+00,    4.2936824603E+02
    222050,      0.676969,CP3_after_update_bottom,   1,    0.0000000000E+00,    4.2936824603E+02,    4.2936824603E+02,    0.0000000000E+00,    0.0000000000E+00,    0.0000000000E+00,    4.2936824603E+02
    222050,      0.676969,CP4_after_advection,   1,    0.0000000000E+00,    4.2936231114E+02,    4.2936231114E+02,    0.0000000000E+00,    0.0000000000E+00,    0.0000000000E+00,    4.2936231114E+02
    222050,      0.676969,CP5_after_vdif,   1,    0.0000000000E+00,    4.2936231114E+02,    4.2936231114E+02,    0.0000000000E+00,    0.0000000000E+00,    0.0000000000E+00,    4.2936231114E+02
    222050,      0.676969,CP6_after_kinetics,   1,    0.0000000000E+00,    4.2936231114E+02,    4.2936231114E+02,    0.0000000000E+00,    0.0000000000E+00,    0.0000000000E+00,    4.2936231114E+02
    222050,      0.676969,CP7_after_upper_clamp,   1,    0.0000000000E+00,    4.2936231114E+02,    4.2936231114E+02,    0.0000000000E+00,    0.0000000000E+00,    0.0000000000E+00,    4.2936231114E+02
    222050,      0.676969,CP8_after_OBC,   1,    0.0000000000E+00,    4.2936231114E+02,    4.2936231114E+02,    0.0000000000E+00,    0.0000000000E+00,    0.0000000000E+00,    4.2936231114E+02
    222050,      0.676969,CP9_after_PTsource,   1,    0.0000000000E+00,    4.2936231114E+02,    4.2936231114E+02,    0.0000000000E+00,    0.0000000000E+00,    0.0000000000E+00,    4.2936231114E+02
    222050,      0.676969,CP10_after_neg_clamp,   1,    0.0000000000E+00,    4.2936231114E+02,    4.2936231114E+02,    0.0000000000E+00,    0.0000000000E+00,    0.0000000000E+00,    4.2936231114E+02
    222050,      0.676969,CP11_after_MPI,   1,    0.0000000000E+00,    4.2936231114E+02,    4.2936231114E+02,    0.0000000000E+00,    0.0000000000E+00,    0.0000000000E+00,    4.2936231114E+02
    222050,      0.676969,CP12_end,   1,    0.0000000000E+00,    4.2936231114E+02,    4.2936231114E+02,    0.0000000000E+00,    0.0000000000E+00,    0.0000000000E+00,    4.2936231114E+02
    222100,      0.676969,CP0_start,   1,    0.0000000000E+00,    4.2956445674E+02,    4.2956445674E+02,    0.0000000000E+00,    0.0000000000E+00,    0.0000000000E+00,    4.2956445674E+02
    222100,      0.676969,CP1_after_deposition,   1,    0.0000000000E+00,    4.2956445674E+02,    4.2956445674E+02,    0.0000000000E+00,    0.0000000000E+00,    0.0000000000E+00,    4.2956445674E+02
    222100,      0.676969,CP2_after_erosion,   1,    0.0000000000E+00,    4.2956445674E+02,    4.2956445674E+02,    0.0000000000E+00,    0.0000000000E+00,    0.0000000000E+00,    4.2956445674E+02
    222100,      0.676969,CP3_after_update_bottom,   1,    0.0000000000E+00,    4.2956445674E+02,    4.2956445674E+02,    0.0000000000E+00,    0.0000000000E+00,    0.0000000000E+00,    4.2956445674E+02
    222100,      0.676969,CP4_after_advection,   1,    0.0000000000E+00,    4.2955823257E+02,    4.2955823257E+02,    0.0000000000E+00,    0.0000000000E+00,    0.0000000000E+00,    4.2955823257E+02
    222100,      0.676969,CP5_after_vdif,   1,    0.0000000000E+00,    4.2955823257E+02,    4.2955823257E+02,    0.0000000000E+00,    0.0000000000E+00,    0.0000000000E+00,    4.2955823257E+02
    222100,      0.676969,CP6_after_kinetics,   1,    0.0000000000E+00,    4.2955823257E+02,    4.2955823257E+02,    0.0000000000E+00,    0.0000000000E+00,    0.0000000000E+00,    4.2955823257E+02
    222100,      0.676969,CP7_after_upper_clamp,   1,    0.0000000000E+00,    4.2955823257E+02,    4.2955823257E+02,    0.0000000000E+00,    0.0000000000E+00,    0.0000000000E+00,    4.2955823257E+02
    222100,      0.676969,CP8_after_OBC,   1,    0.0000000000E+00,    4.2955823257E+02,    4.2955823257E+02,    0.0000000000E+00,    0.0000000000E+00,    0.0000000000E+00,    4.2955823257E+02
    222100,      0.676969,CP9_after_PTsource,   1,    0.0000000000E+00,    4.2955823257E+02,    4.2955823257E+02,    0.0000000000E+00,    0.0000000000E+00,    0.0000000000E+00,    4.2955823257E+02
    222100,      0.676969,CP10_after_neg_clamp,   1,    0.0000000000E+00,    4.2955823257E+02,    4.2955823257E+02,    0.0000000000E+00,    0.0000000000E+00,    0.0000000000E+00,    4.2955823257E+02
    222100,      0.676969,CP11_after_MPI,   1,    0.0000000000E+00,    4.2955823257E+02,    4.2955823257E+02,    0.0000000000E+00,    0.0000000000E+00,    0.0000000000E+00,    4.2955823257E+02
    222100,      0.676969,CP12_end,   1,    0.0000000000E+00,    4.2955823257E+02,    4.2955823257E+02,    0.0000000000E+00,    0.0000000000E+00,    0.0000000000E+00,    4.2955823257E+02
    222150,      0.676969,CP0_start,   1,    0.0000000000E+00,    4.2976224979E+02,    4.2976224979E+02,    0.0000000000E+00,    0.0000000000E+00,    0.0000000000E+00,    4.2976224979E+02
    222150,      0.676969,CP1_after_deposition,   1,    0.0000000000E+00,    4.2976224979E+02,    4.2976224979E+02,    0.0000000000E+00,    0.0000000000E+00,    0.0000000000E+00,    4.2976224979E+02
    222150,      0.676969,CP2_after_erosion,   1,    0.0000000000E+00,    4.2976224979E+02,    4.2976224979E+02,    0.0000000000E+00,    0.0000000000E+00,    0.0000000000E+00,    4.2976224979E+02
    222150,      0.676969,CP3_after_update_bottom,   1,    0.0000000000E+00,    4.2976224979E+02,    4.2976224979E+02,    0.0000000000E+00,    0.0000000000E+00,    0.0000000000E+00,    4.2976224979E+02
    222150,      0.676969,CP4_after_advection,   1,    0.0000000000E+00,    4.2975570714E+02,    4.2975570714E+02,    0.0000000000E+00,    0.0000000000E+00,    0.0000000000E+00,    4.2975570714E+02
    222150,      0.676969,CP5_after_vdif,   1,    0.0000000000E+00,    4.2975570714E+02,    4.2975570714E+02,    0.0000000000E+00,    0.0000000000E+00,    0.0000000000E+00,    4.2975570714E+02
    222150,      0.676969,CP6_after_kinetics,   1,    0.0000000000E+00,    4.2975570714E+02,    4.2975570714E+02,    0.0000000000E+00,    0.0000000000E+00,    0.0000000000E+00,    4.2975570714E+02
    222150,      0.676969,CP7_after_upper_clamp,   1,    0.0000000000E+00,    4.2975570714E+02,    4.2975570714E+02,    0.0000000000E+00,    0.0000000000E+00,    0.0000000000E+00,    4.2975570714E+02
    222150,      0.676969,CP8_after_OBC,   1,    0.0000000000E+00,    4.2975570714E+02,    4.2975570714E+02,    0.0000000000E+00,    0.0000000000E+00,    0.0000000000E+00,    4.2975570714E+02
    222150,      0.676969,CP9_after_PTsource,   1,    0.0000000000E+00,    4.2975570714E+02,    4.2975570714E+02,    0.0000000000E+00,    0.0000000000E+00,    0.0000000000E+00,    4.2975570714E+02
    222150,      0.676969,CP10_after_neg_clamp,   1,    0.0000000000E+00,    4.2975570714E+02,    4.2975570714E+02,    0.0000000000E+00,    0.0000000000E+00,    0.0000000000E+00,    4.2975570714E+02
    222150,      0.676969,CP11_after_MPI,   1,    0.0000000000E+00,    4.2975570714E+02,    4.2975570714E+02,    0.0000000000E+00,    0.0000000000E+00,    0.0000000000E+00,    4.2975570714E+02
    222150,      0.676969,CP12_end,   1,    0.0000000000E+00,    4.2975570714E+02,    4.2975570714E+02,    0.0000000000E+00,    0.0000000000E+00,    0.0000000000E+00,    4.2975570714E+02
    222200,      0.676969,CP0_start,   1,    0.0000000000E+00,    4.2996123074E+02,    4.2996123074E+02,    0.0000000000E+00,    0.0000000000E+00,    0.0000000000E+00,    4.2996123074E+02
    222200,      0.676969,CP1_after_deposition,   1,    0.0000000000E+00,    4.2996123074E+02,    4.2996123074E+02,    0.0000000000E+00,    0.0000000000E+00,    0.0000000000E+00,    4.2996123074E+02
    222200,      0.676969,CP2_after_erosion,   1,    0.0000000000E+00,    4.2996123074E+02,    4.2996123074E+02,    0.0000000000E+00,    0.0000000000E+00,    0.0000000000E+00,    4.2996123074E+02
    222200,      0.676969,CP3_after_update_bottom,   1,    0.0000000000E+00,    4.2996123074E+02,    4.2996123074E+02,    0.0000000000E+00,    0.0000000000E+00,    0.0000000000E+00,    4.2996123074E+02
    222200,      0.676969,CP4_after_advection,   1,    0.0000000000E+00,    4.2995437522E+02,    4.2995437522E+02,    0.0000000000E+00,    0.0000000000E+00,    0.0000000000E+00,    4.2995437522E+02
    222200,      0.676969,CP5_after_vdif,   1,    0.0000000000E+00,    4.2995437522E+02,    4.2995437522E+02,    0.0000000000E+00,    0.0000000000E+00,    0.0000000000E+00,    4.2995437522E+02
    222200,      0.676969,CP6_after_kinetics,   1,    0.0000000000E+00,    4.2995437522E+02,    4.2995437522E+02,    0.0000000000E+00,    0.0000000000E+00,    0.0000000000E+00,    4.2995437522E+02
    222200,      0.676969,CP7_after_upper_clamp,   1,    0.0000000000E+00,    4.2995437522E+02,    4.2995437522E+02,    0.0000000000E+00,    0.0000000000E+00,    0.0000000000E+00,    4.2995437522E+02
    222200,      0.676969,CP8_after_OBC,   1,    0.0000000000E+00,    4.2995437522E+02,    4.2995437522E+02,    0.0000000000E+00,    0.0000000000E+00,    0.0000000000E+00,    4.2995437522E+02
    222200,      0.676969,CP9_after_PTsource,   1,    0.0000000000E+00,    4.2995437522E+02,    4.2995437522E+02,    0.0000000000E+00,    0.0000000000E+00,    0.0000000000E+00,    4.2995437522E+02
    222200,      0.676969,CP10_after_neg_clamp,   1,    0.0000000000E+00,    4.2995437522E+02,    4.2995437522E+02,    0.0000000000E+00,    0.0000000000E+00,    0.0000000000E+00,    4.2995437522E+02
    222200,      0.676969,CP11_after_MPI,   1,    0.0000000000E+00,    4.2995437522E+02,    4.2995437522E+02,    0.0000000000E+00,    0.0000000000E+00,    0.0000000000E+00,    4.2995437522E+02
    222200,      0.676969,CP12_end,   1,    0.0000000000E+00,    4.2995437522E+02,    4.2995437522E+02,    0.0000000000E+00,    0.0000000000E+00,    0.0000000000E+00,    4.2995437522E+02
    222250,      0.676969,CP0_start,   1,    0.0000000000E+00,    4.3016165470E+02,    4.3016165470E+02,    0.0000000000E+00,    0.0000000000E+00,    0.0000000000E+00,    4.3016165470E+02
    222250,      0.676969,CP1_after_deposition,   1,    0.0000000000E+00,    4.3016165470E+02,    4.3016165470E+02,    0.0000000000E+00,    0.0000000000E+00,    0.0000000000E+00,    4.3016165470E+02
    222250,      0.676969,CP2_after_erosion,   1,    0.0000000000E+00,    4.3016165470E+02,    4.3016165470E+02,    0.0000000000E+00,    0.0000000000E+00,    0.0000000000E+00,    4.3016165470E+02
    222250,      0.676969,CP3_after_update_bottom,   1,    0.0000000000E+00,    4.3016165470E+02,    4.3016165470E+02,    0.0000000000E+00,    0.0000000000E+00,    0.0000000000E+00,    4.3016165470E+02
    222250,      0.676969,CP4_after_advection,   1,    0.0000000000E+00,    4.3015453081E+02,    4.3015453081E+02,    0.0000000000E+00,    0.0000000000E+00,    0.0000000000E+00,    4.3015453081E+02
    222250,      0.676969,CP5_after_vdif,   1,    0.0000000000E+00,    4.3015453081E+02,    4.3015453081E+02,    0.0000000000E+00,    0.0000000000E+00,    0.0000000000E+00,    4.3015453081E+02
    222250,      0.676969,CP6_after_kinetics,   1,    0.0000000000E+00,    4.3015453081E+02,    4.3015453081E+02,    0.0000000000E+00,    0.0000000000E+00,    0.0000000000E+00,    4.3015453081E+02
    222250,      0.676969,CP7_after_upper_clamp,   1,    0.0000000000E+00,    4.3015453081E+02,    4.3015453081E+02,    0.0000000000E+00,    0.0000000000E+00,    0.0000000000E+00,    4.3015453081E+02
    222250,      0.676969,CP8_after_OBC,   1,    0.0000000000E+00,    4.3015453081E+02,    4.3015453081E+02,    0.0000000000E+00,    0.0000000000E+00,    0.0000000000E+00,    4.3015453081E+02
    222250,      0.676969,CP9_after_PTsource,   1,    0.0000000000E+00,    4.3015453081E+02,    4.3015453081E+02,    0.0000000000E+00,    0.0000000000E+00,    0.0000000000E+00,    4.3015453081E+02
    222250,      0.676969,CP10_after_neg_clamp,   1,    0.0000000000E+00,    4.3015453081E+02,    4.3015453081E+02,    0.0000000000E+00,    0.0000000000E+00,    0.0000000000E+00,    4.3015453081E+02
    222250,      0.676969,CP11_after_MPI,   1,    0.0000000000E+00,    4.3015453081E+02,    4.3015453081E+02,    0.0000000000E+00,    0.0000000000E+00,    0.0000000000E+00,    4.3015453081E+02
    222250,      0.676969,CP12_end,   1,    0.0000000000E+00,    4.3015453081E+02,    4.3015453081E+02,    0.0000000000E+00,    0.0000000000E+00,    0.0000000000E+00,    4.3015453081E+02
    222300,      0.676969,CP0_start,   1,    0.0000000000E+00,    4.3036522123E+02,    4.3036522123E+02,    0.0000000000E+00,    0.0000000000E+00,    0.0000000000E+00,    4.3036522123E+02
    222300,      0.676969,CP1_after_deposition,   1,    0.0000000000E+00,    4.3036522123E+02,    4.3036522123E+02,    0.0000000000E+00,    0.0000000000E+00,    0.0000000000E+00,    4.3036522123E+02
    222300,      0.676969,CP2_after_erosion,   1,    0.0000000000E+00,    4.3036522123E+02,    4.3036522123E+02,    0.0000000000E+00,    0.0000000000E+00,    0.0000000000E+00,    4.3036522123E+02
    222300,      0.676969,CP3_after_update_bottom,   1,    0.0000000000E+00,    4.3036522123E+02,    4.3036522123E+02,    0.0000000000E+00,    0.0000000000E+00,    0.0000000000E+00,    4.3036522123E+02
    222300,      0.676969,CP4_after_advection,   1,    0.0000000000E+00,    4.3035784701E+02,    4.3035784701E+02,    0.0000000000E+00,    0.0000000000E+00,    0.0000000000E+00,    4.3035784701E+02
    222300,      0.676969,CP5_after_vdif,   1,    0.0000000000E+00,    4.3035784701E+02,    4.3035784701E+02,    0.0000000000E+00,    0.0000000000E+00,    0.0000000000E+00,    4.3035784701E+02
    222300,      0.676969,CP6_after_kinetics,   1,    0.0000000000E+00,    4.3035784701E+02,    4.3035784701E+02,    0.0000000000E+00,    0.0000000000E+00,    0.0000000000E+00,    4.3035784701E+02
    222300,      0.676969,CP7_after_upper_clamp,   1,    0.0000000000E+00,    4.3035784701E+02,    4.3035784701E+02,    0.0000000000E+00,    0.0000000000E+00,    0.0000000000E+00,    4.3035784701E+02
    222300,      0.676969,CP8_after_OBC,   1,    0.0000000000E+00,    4.3035784701E+02,    4.3035784701E+02,    0.0000000000E+00,    0.0000000000E+00,    0.0000000000E+00,    4.3035784701E+02
    222300,      0.676969,CP9_after_PTsource,   1,    0.0000000000E+00,    4.3035784701E+02,    4.3035784701E+02,    0.0000000000E+00,    0.0000000000E+00,    0.0000000000E+00,    4.3035784701E+02
    222300,      0.676969,CP10_after_neg_clamp,   1,    0.0000000000E+00,    4.3035784701E+02,    4.3035784701E+02,    0.0000000000E+00,    0.0000000000E+00,    0.0000000000E+00,    4.3035784701E+02
    222300,      0.676969,CP11_after_MPI,   1,    0.0000000000E+00,    4.3035784701E+02,    4.3035784701E+02,    0.0000000000E+00,    0.0000000000E+00,    0.0000000000E+00,    4.3035784701E+02
    222300,      0.676969,CP12_end,   1,    0.0000000000E+00,    4.3035784701E+02,    4.3035784701E+02,    0.0000000000E+00,    0.0000000000E+00,    0.0000000000E+00,    4.3035784701E+02
    222350,      0.676969,CP0_start,   1,    0.0000000000E+00,    4.3057135958E+02,    4.3057135958E+02,    0.0000000000E+00,    0.0000000000E+00,    0.0000000000E+00,    4.3057135958E+02
    222350,      0.676969,CP1_after_deposition,   1,    0.0000000000E+00,    4.3057135958E+02,    4.3057135958E+02,    0.0000000000E+00,    0.0000000000E+00,    0.0000000000E+00,    4.3057135958E+02
    222350,      0.676969,CP2_after_erosion,   1,    0.0000000000E+00,    4.3057135958E+02,    4.3057135958E+02,    0.0000000000E+00,    0.0000000000E+00,    0.0000000000E+00,    4.3057135958E+02
    222350,      0.676969,CP3_after_update_bottom,   1,    0.0000000000E+00,    4.3057135958E+02,    4.3057135958E+02,    0.0000000000E+00,    0.0000000000E+00,    0.0000000000E+00,    4.3057135958E+02
    222350,      0.676969,CP4_after_advection,   1,    0.0000000000E+00,    4.3056374621E+02,    4.3056374621E+02,    0.0000000000E+00,    0.0000000000E+00,    0.0000000000E+00,    4.3056374621E+02
    222350,      0.676969,CP5_after_vdif,   1,    0.0000000000E+00,    4.3056374621E+02,    4.3056374621E+02,    0.0000000000E+00,    0.0000000000E+00,    0.0000000000E+00,    4.3056374621E+02
    222350,      0.676969,CP6_after_kinetics,   1,    0.0000000000E+00,    4.3056374621E+02,    4.3056374621E+02,    0.0000000000E+00,    0.0000000000E+00,    0.0000000000E+00,    4.3056374621E+02
    222350,      0.676969,CP7_after_upper_clamp,   1,    0.0000000000E+00,    4.3056374621E+02,    4.3056374621E+02,    0.0000000000E+00,    0.0000000000E+00,    0.0000000000E+00,    4.3056374621E+02
    222350,      0.676969,CP8_after_OBC,   1,    0.0000000000E+00,    4.3056374621E+02,    4.3056374621E+02,    0.0000000000E+00,    0.0000000000E+00,    0.0000000000E+00,    4.3056374621E+02
    222350,      0.676969,CP9_after_PTsource,   1,    0.0000000000E+00,    4.3056374621E+02,    4.3056374621E+02,    0.0000000000E+00,    0.0000000000E+00,    0.0000000000E+00,    4.3056374621E+02
    222350,      0.676969,CP10_after_neg_clamp,   1,    0.0000000000E+00,    4.3056374621E+02,    4.3056374621E+02,    0.0000000000E+00,    0.0000000000E+00,    0.0000000000E+00,    4.3056374621E+02
    222350,      0.676969,CP11_after_MPI,   1,    0.0000000000E+00,    4.3056374621E+02,    4.3056374621E+02,    0.0000000000E+00,    0.0000000000E+00,    0.0000000000E+00,    4.3056374621E+02
    222350,      0.676969,CP12_end,   1,    0.0000000000E+00,    4.3056374621E+02,    4.3056374621E+02,    0.0000000000E+00,    0.0000000000E+00,    0.0000000000E+00,    4.3056374621E+02
    222400,      0.676969,CP0_start,   1,    0.0000000000E+00,    4.3078044308E+02,    4.3078044308E+02,    0.0000000000E+00,    0.0000000000E+00,    0.0000000000E+00,    4.3078044308E+02
    222400,      0.676969,CP1_after_deposition,   1,    0.0000000000E+00,    4.3078044308E+02,    4.3078044308E+02,    0.0000000000E+00,    0.0000000000E+00,    0.0000000000E+00,    4.3078044308E+02
    222400,      0.676969,CP2_after_erosion,   1,    0.0000000000E+00,    4.3078044308E+02,    4.3078044308E+02,    0.0000000000E+00,    0.0000000000E+00,    0.0000000000E+00,    4.3078044308E+02
    222400,      0.676969,CP3_after_update_bottom,   1,    0.0000000000E+00,    4.3078044308E+02,    4.3078044308E+02,    0.0000000000E+00,    0.0000000000E+00,    0.0000000000E+00,    4.3078044308E+02
    222400,      0.676969,CP4_after_advection,   1,    0.0000000000E+00,    4.3077253096E+02,    4.3077253096E+02,    0.0000000000E+00,    0.0000000000E+00,    0.0000000000E+00,    4.3077253096E+02
    222400,      0.676969,CP5_after_vdif,   1,    0.0000000000E+00,    4.3077253096E+02,    4.3077253096E+02,    0.0000000000E+00,    0.0000000000E+00,    0.0000000000E+00,    4.3077253096E+02
    222400,      0.676969,CP6_after_kinetics,   1,    0.0000000000E+00,    4.3077253096E+02,    4.3077253096E+02,    0.0000000000E+00,    0.0000000000E+00,    0.0000000000E+00,    4.3077253096E+02
    222400,      0.676969,CP7_after_upper_clamp,   1,    0.0000000000E+00,    4.3077253096E+02,    4.3077253096E+02,    0.0000000000E+00,    0.0000000000E+00,    0.0000000000E+00,    4.3077253096E+02
    222400,      0.676969,CP8_after_OBC,   1,    0.0000000000E+00,    4.3077253096E+02,    4.3077253096E+02,    0.0000000000E+00,    0.0000000000E+00,    0.0000000000E+00,    4.3077253096E+02
    222400,      0.676969,CP9_after_PTsource,   1,    0.0000000000E+00,    4.3077253096E+02,    4.3077253096E+02,    0.0000000000E+00,    0.0000000000E+00,    0.0000000000E+00,    4.3077253096E+02
    222400,      0.676969,CP10_after_neg_clamp,   1,    0.0000000000E+00,    4.3077253096E+02,    4.3077253096E+02,    0.0000000000E+00,    0.0000000000E+00,    0.0000000000E+00,    4.3077253096E+02
    222400,      0.676969,CP11_after_MPI,   1,    0.0000000000E+00,    4.3077253096E+02,    4.3077253096E+02,    0.0000000000E+00,    0.0000000000E+00,    0.0000000000E+00,    4.3077253096E+02
    222400,      0.676969,CP12_end,   1,    0.0000000000E+00,    4.3077253096E+02,    4.3077253096E+02,    0.0000000000E+00,    0.0000000000E+00,    0.0000000000E+00,    4.3077253096E+02
    222450,      0.676969,CP0_start,   1,    0.0000000000E+00,    4.3098856309E+02,    4.3098856309E+02,    0.0000000000E+00,    0.0000000000E+00,    0.0000000000E+00,    4.3098856309E+02
    222450,      0.676969,CP1_after_deposition,   1,    0.0000000000E+00,    4.3098856309E+02,    4.3098856309E+02,    0.0000000000E+00,    0.0000000000E+00,    0.0000000000E+00,    4.3098856309E+02
    222450,      0.676969,CP2_after_erosion,   1,    0.0000000000E+00,    4.3098856309E+02,    4.3098856309E+02,    0.0000000000E+00,    0.0000000000E+00,    0.0000000000E+00,    4.3098856309E+02
    222450,      0.676969,CP3_after_update_bottom,   1,    0.0000000000E+00,    4.3098856309E+02,    4.3098856309E+02,    0.0000000000E+00,    0.0000000000E+00,    0.0000000000E+00,    4.3098856309E+02
    222450,      0.676969,CP4_after_advection,   1,    0.0000000000E+00,    4.3098028398E+02,    4.3098028398E+02,    0.0000000000E+00,    0.0000000000E+00,    0.0000000000E+00,    4.3098028398E+02
    222450,      0.676969,CP5_after_vdif,   1,    0.0000000000E+00,    4.3098028398E+02,    4.3098028398E+02,    0.0000000000E+00,    0.0000000000E+00,    0.0000000000E+00,    4.3098028398E+02
    222450,      0.676969,CP6_after_kinetics,   1,    0.0000000000E+00,    4.3098028398E+02,    4.3098028398E+02,    0.0000000000E+00,    0.0000000000E+00,    0.0000000000E+00,    4.3098028398E+02
    222450,      0.676969,CP7_after_upper_clamp,   1,    0.0000000000E+00,    4.3098028398E+02,    4.3098028398E+02,    0.0000000000E+00,    0.0000000000E+00,    0.0000000000E+00,    4.3098028398E+02
    222450,      0.676969,CP8_after_OBC,   1,    0.0000000000E+00,    4.3098028398E+02,    4.3098028398E+02,    0.0000000000E+00,    0.0000000000E+00,    0.0000000000E+00,    4.3098028398E+02
    222450,      0.676969,CP9_after_PTsource,   1,    0.0000000000E+00,    4.3098028398E+02,    4.3098028398E+02,    0.0000000000E+00,    0.0000000000E+00,    0.0000000000E+00,    4.3098028398E+02
    222450,      0.676969,CP10_after_neg_clamp,   1,    0.0000000000E+00,    4.3098028398E+02,    4.3098028398E+02,    0.0000000000E+00,    0.0000000000E+00,    0.0000000000E+00,    4.3098028398E+02
    222450,      0.676969,CP11_after_MPI,   1,    0.0000000000E+00,    4.3098028398E+02,    4.3098028398E+02,    0.0000000000E+00,    0.0000000000E+00,    0.0000000000E+00,    4.3098028398E+02
    222450,      0.676969,CP12_end,   1,    0.0000000000E+00,    4.3098028398E+02,    4.3098028398E+02,    0.0000000000E+00,    0.0000000000E+00,    0.0000000000E+00,    4.3098028398E+02
    222500,      0.676969,CP0_start,   1,    0.0000000000E+00,    4.3119194123E+02,    4.3119194123E+02,    0.0000000000E+00,    0.0000000000E+00,    0.0000000000E+00,    4.3119194123E+02
    222500,      0.676969,CP1_after_deposition,   1,    0.0000000000E+00,    4.3119194123E+02,    4.3119194123E+02,    0.0000000000E+00,    0.0000000000E+00,    0.0000000000E+00,    4.3119194123E+02
    222500,      0.676969,CP2_after_erosion,   1,    0.0000000000E+00,    4.3119194123E+02,    4.3119194123E+02,    0.0000000000E+00,    0.0000000000E+00,    0.0000000000E+00,    4.3119194123E+02
    222500,      0.676969,CP3_after_update_bottom,   1,    0.0000000000E+00,    4.3119194123E+02,    4.3119194123E+02,    0.0000000000E+00,    0.0000000000E+00,    0.0000000000E+00,    4.3119194123E+02
    222500,      0.676969,CP4_after_advection,   1,    0.0000000000E+00,    4.3118321665E+02,    4.3118321665E+02,    0.0000000000E+00,    0.0000000000E+00,    0.0000000000E+00,    4.3118321665E+02
    222500,      0.676969,CP5_after_vdif,   1,    0.0000000000E+00,    4.3118321665E+02,    4.3118321665E+02,    0.0000000000E+00,    0.0000000000E+00,    0.0000000000E+00,    4.3118321665E+02
    222500,      0.676969,CP6_after_kinetics,   1,    0.0000000000E+00,    4.3118321665E+02,    4.3118321665E+02,    0.0000000000E+00,    0.0000000000E+00,    0.0000000000E+00,    4.3118321665E+02
    222500,      0.676969,CP7_after_upper_clamp,   1,    0.0000000000E+00,    4.3118321665E+02,    4.3118321665E+02,    0.0000000000E+00,    0.0000000000E+00,    0.0000000000E+00,    4.3118321665E+02
    222500,      0.676969,CP8_after_OBC,   1,    0.0000000000E+00,    4.3118321665E+02,    4.3118321665E+02,    0.0000000000E+00,    0.0000000000E+00,    0.0000000000E+00,    4.3118321665E+02
    222500,      0.676969,CP9_after_PTsource,   1,    0.0000000000E+00,    4.3118321665E+02,    4.3118321665E+02,    0.0000000000E+00,    0.0000000000E+00,    0.0000000000E+00,    4.3118321665E+02
    222500,      0.676969,CP10_after_neg_clamp,   1,    0.0000000000E+00,    4.3118321665E+02,    4.3118321665E+02,    0.0000000000E+00,    0.0000000000E+00,    0.0000000000E+00,    4.3118321665E+02
    222500,      0.676969,CP11_after_MPI,   1,    0.0000000000E+00,    4.3118321665E+02,    4.3118321665E+02,    0.0000000000E+00,    0.0000000000E+00,    0.0000000000E+00,    4.3118321665E+02
    222500,      0.676969,CP12_end,   1,    0.0000000000E+00,    4.3118321665E+02,    4.3118321665E+02,    0.0000000000E+00,    0.0000000000E+00,    0.0000000000E+00,    4.3118321665E+02
    222550,      0.676969,CP0_start,   1,    0.0000000000E+00,    4.3138731414E+02,    4.3138731414E+02,    0.0000000000E+00,    0.0000000000E+00,    0.0000000000E+00,    4.3138731414E+02
    222550,      0.676969,CP1_after_deposition,   1,    0.0000000000E+00,    4.3138731414E+02,    4.3138731414E+02,    0.0000000000E+00,    0.0000000000E+00,    0.0000000000E+00,    4.3138731414E+02
    222550,      0.676969,CP2_after_erosion,   1,    0.0000000000E+00,    4.3138731414E+02,    4.3138731414E+02,    0.0000000000E+00,    0.0000000000E+00,    0.0000000000E+00,    4.3138731414E+02
    222550,      0.676969,CP3_after_update_bottom,   1,    0.0000000000E+00,    4.3138731414E+02,    4.3138731414E+02,    0.0000000000E+00,    0.0000000000E+00,    0.0000000000E+00,    4.3138731414E+02
    222550,      0.676969,CP4_after_advection,   1,    0.0000000000E+00,    4.3137806904E+02,    4.3137806904E+02,    0.0000000000E+00,    0.0000000000E+00,    0.0000000000E+00,    4.3137806904E+02
    222550,      0.676969,CP5_after_vdif,   1,    0.0000000000E+00,    4.3137806904E+02,    4.3137806904E+02,    0.0000000000E+00,    0.0000000000E+00,    0.0000000000E+00,    4.3137806904E+02
    222550,      0.676969,CP6_after_kinetics,   1,    0.0000000000E+00,    4.3137806904E+02,    4.3137806904E+02,    0.0000000000E+00,    0.0000000000E+00,    0.0000000000E+00,    4.3137806904E+02
    222550,      0.676969,CP7_after_upper_clamp,   1,    0.0000000000E+00,    4.3137806904E+02,    4.3137806904E+02,    0.0000000000E+00,    0.0000000000E+00,    0.0000000000E+00,    4.3137806904E+02
    222550,      0.676969,CP8_after_OBC,   1,    0.0000000000E+00,    4.3137806904E+02,    4.3137806904E+02,    0.0000000000E+00,    0.0000000000E+00,    0.0000000000E+00,    4.3137806904E+02
    222550,      0.676969,CP9_after_PTsource,   1,    0.0000000000E+00,    4.3137806904E+02,    4.3137806904E+02,    0.0000000000E+00,    0.0000000000E+00,    0.0000000000E+00,    4.3137806904E+02
    222550,      0.676969,CP10_after_neg_clamp,   1,    0.0000000000E+00,    4.3137806904E+02,    4.3137806904E+02,    0.0000000000E+00,    0.0000000000E+00,    0.0000000000E+00,    4.3137806904E+02
    222550,      0.676969,CP11_after_MPI,   1,    0.0000000000E+00,    4.3137806904E+02,    4.3137806904E+02,    0.0000000000E+00,    0.0000000000E+00,    0.0000000000E+00,    4.3137806904E+02
    222550,      0.676969,CP12_end,   1,    0.0000000000E+00,    4.3137806904E+02,    4.3137806904E+02,    0.0000000000E+00,    0.0000000000E+00,    0.0000000000E+00,    4.3137806904E+02
    222600,      0.676969,CP0_start,   1,    0.0000000000E+00,    4.3157075887E+02,    4.3157075887E+02,    0.0000000000E+00,    0.0000000000E+00,    0.0000000000E+00,    4.3157075887E+02
    222600,      0.676969,CP1_after_deposition,   1,    0.0000000000E+00,    4.3157075887E+02,    4.3157075887E+02,    0.0000000000E+00,    0.0000000000E+00,    0.0000000000E+00,    4.3157075887E+02
    222600,      0.676969,CP2_after_erosion,   1,    0.0000000000E+00,    4.3157075887E+02,    4.3157075887E+02,    0.0000000000E+00,    0.0000000000E+00,    0.0000000000E+00,    4.3157075887E+02
    222600,      0.676969,CP3_after_update_bottom,   1,    0.0000000000E+00,    4.3157075887E+02,    4.3157075887E+02,    0.0000000000E+00,    0.0000000000E+00,    0.0000000000E+00,    4.3157075887E+02
    222600,      0.676969,CP4_after_advection,   1,    0.0000000000E+00,    4.3156095536E+02,    4.3156095536E+02,    0.0000000000E+00,    0.0000000000E+00,    0.0000000000E+00,    4.3156095536E+02
    222600,      0.676969,CP5_after_vdif,   1,    0.0000000000E+00,    4.3156095536E+02,    4.3156095536E+02,    0.0000000000E+00,    0.0000000000E+00,    0.0000000000E+00,    4.3156095536E+02
    222600,      0.676969,CP6_after_kinetics,   1,    0.0000000000E+00,    4.3156095536E+02,    4.3156095536E+02,    0.0000000000E+00,    0.0000000000E+00,    0.0000000000E+00,    4.3156095536E+02
    222600,      0.676969,CP7_after_upper_clamp,   1,    0.0000000000E+00,    4.3156095536E+02,    4.3156095536E+02,    0.0000000000E+00,    0.0000000000E+00,    0.0000000000E+00,    4.3156095536E+02
    222600,      0.676969,CP8_after_OBC,   1,    0.0000000000E+00,    4.3156095536E+02,    4.3156095536E+02,    0.0000000000E+00,    0.0000000000E+00,    0.0000000000E+00,    4.3156095536E+02
    222600,      0.676969,CP9_after_PTsource,   1,    0.0000000000E+00,    4.3156095536E+02,    4.3156095536E+02,    0.0000000000E+00,    0.0000000000E+00,    0.0000000000E+00,    4.3156095536E+02
    222600,      0.676969,CP10_after_neg_clamp,   1,    0.0000000000E+00,    4.3156095536E+02,    4.3156095536E+02,    0.0000000000E+00,    0.0000000000E+00,    0.0000000000E+00,    4.3156095536E+02
    222600,      0.676969,CP11_after_MPI,   1,    0.0000000000E+00,    4.3156095536E+02,    4.3156095536E+02,    0.0000000000E+00,    0.0000000000E+00,    0.0000000000E+00,    4.3156095536E+02
    222600,      0.676969,CP12_end,   1,    0.0000000000E+00,    4.3156095536E+02,    4.3156095536E+02,    0.0000000000E+00,    0.0000000000E+00,    0.0000000000E+00,    4.3156095536E+02
    222650,      0.676969,CP0_start,   1,    0.0000000000E+00,    4.3174336675E+02,    4.3174336675E+02,    0.0000000000E+00,    0.0000000000E+00,    0.0000000000E+00,    4.3174336675E+02
    222650,      0.676969,CP1_after_deposition,   1,    0.0000000000E+00,    4.3174336675E+02,    4.3174336675E+02,    0.0000000000E+00,    0.0000000000E+00,    0.0000000000E+00,    4.3174336675E+02
    222650,      0.676969,CP2_after_erosion,   1,    0.0000000000E+00,    4.3174336675E+02,    4.3174336675E+02,    0.0000000000E+00,    0.0000000000E+00,    0.0000000000E+00,    4.3174336675E+02
    222650,      0.676969,CP3_after_update_bottom,   1,    0.0000000000E+00,    4.3174336675E+02,    4.3174336675E+02,    0.0000000000E+00,    0.0000000000E+00,    0.0000000000E+00,    4.3174336675E+02
    222650,      0.676969,CP4_after_advection,   1,    0.0000000000E+00,    4.3173311717E+02,    4.3173311717E+02,    0.0000000000E+00,    0.0000000000E+00,    0.0000000000E+00,    4.3173311717E+02
    222650,      0.676969,CP5_after_vdif,   1,    0.0000000000E+00,    4.3173311717E+02,    4.3173311717E+02,    0.0000000000E+00,    0.0000000000E+00,    0.0000000000E+00,    4.3173311717E+02
    222650,      0.676969,CP6_after_kinetics,   1,    0.0000000000E+00,    4.3173311717E+02,    4.3173311717E+02,    0.0000000000E+00,    0.0000000000E+00,    0.0000000000E+00,    4.3173311717E+02
    222650,      0.676969,CP7_after_upper_clamp,   1,    0.0000000000E+00,    4.3173311717E+02,    4.3173311717E+02,    0.0000000000E+00,    0.0000000000E+00,    0.0000000000E+00,    4.3173311717E+02
    222650,      0.676969,CP8_after_OBC,   1,    0.0000000000E+00,    4.3173311717E+02,    4.3173311717E+02,    0.0000000000E+00,    0.0000000000E+00,    0.0000000000E+00,    4.3173311717E+02
    222650,      0.676969,CP9_after_PTsource,   1,    0.0000000000E+00,    4.3173311717E+02,    4.3173311717E+02,    0.0000000000E+00,    0.0000000000E+00,    0.0000000000E+00,    4.3173311717E+02
    222650,      0.676969,CP10_after_neg_clamp,   1,    0.0000000000E+00,    4.3173311717E+02,    4.3173311717E+02,    0.0000000000E+00,    0.0000000000E+00,    0.0000000000E+00,    4.3173311717E+02
    222650,      0.676969,CP11_after_MPI,   1,    0.0000000000E+00,    4.3173311717E+02,    4.3173311717E+02,    0.0000000000E+00,    0.0000000000E+00,    0.0000000000E+00,    4.3173311717E+02
    222650,      0.676969,CP12_end,   1,    0.0000000000E+00,    4.3173311717E+02,    4.3173311717E+02,    0.0000000000E+00,    0.0000000000E+00,    0.0000000000E+00,    4.3173311717E+02
    222700,      0.676969,CP0_start,   1,    0.0000000000E+00,    4.3191063919E+02,    4.3191063919E+02,    0.0000000000E+00,    0.0000000000E+00,    0.0000000000E+00,    4.3191063919E+02
    222700,      0.676969,CP1_after_deposition,   1,    0.0000000000E+00,    4.3191063919E+02,    4.3191063919E+02,    0.0000000000E+00,    0.0000000000E+00,    0.0000000000E+00,    4.3191063919E+02
    222700,      0.676969,CP2_after_erosion,   1,    0.0000000000E+00,    4.3191063919E+02,    4.3191063919E+02,    0.0000000000E+00,    0.0000000000E+00,    0.0000000000E+00,    4.3191063919E+02
    222700,      0.676969,CP3_after_update_bottom,   1,    0.0000000000E+00,    4.3191063919E+02,    4.3191063919E+02,    0.0000000000E+00,    0.0000000000E+00,    0.0000000000E+00,    4.3191063919E+02
    222700,      0.676969,CP4_after_advection,   1,    0.0000000000E+00,    4.3190003508E+02,    4.3190003508E+02,    0.0000000000E+00,    0.0000000000E+00,    0.0000000000E+00,    4.3190003508E+02
    222700,      0.676969,CP5_after_vdif,   1,    0.0000000000E+00,    4.3190003508E+02,    4.3190003508E+02,    0.0000000000E+00,    0.0000000000E+00,    0.0000000000E+00,    4.3190003508E+02
    222700,      0.676969,CP6_after_kinetics,   1,    0.0000000000E+00,    4.3190003508E+02,    4.3190003508E+02,    0.0000000000E+00,    0.0000000000E+00,    0.0000000000E+00,    4.3190003508E+02
    222700,      0.676969,CP7_after_upper_clamp,   1,    0.0000000000E+00,    4.3190003508E+02,    4.3190003508E+02,    0.0000000000E+00,    0.0000000000E+00,    0.0000000000E+00,    4.3190003508E+02
    222700,      0.676969,CP8_after_OBC,   1,    0.0000000000E+00,    4.3190003508E+02,    4.3190003508E+02,    0.0000000000E+00,    0.0000000000E+00,    0.0000000000E+00,    4.3190003508E+02
    222700,      0.676969,CP9_after_PTsource,   1,    0.0000000000E+00,    4.3190003508E+02,    4.3190003508E+02,    0.0000000000E+00,    0.0000000000E+00,    0.0000000000E+00,    4.3190003508E+02
    222700,      0.676969,CP10_after_neg_clamp,   1,    0.0000000000E+00,    4.3190003508E+02,    4.3190003508E+02,    0.0000000000E+00,    0.0000000000E+00,    0.0000000000E+00,    4.3190003508E+02
    222700,      0.676969,CP11_after_MPI,   1,    0.0000000000E+00,    4.3190003508E+02,    4.3190003508E+02,    0.0000000000E+00,    0.0000000000E+00,    0.0000000000E+00,    4.3190003508E+02
    222700,      0.676969,CP12_end,   1,    0.0000000000E+00,    4.3190003508E+02,    4.3190003508E+02,    0.0000000000E+00,    0.0000000000E+00,    0.0000000000E+00,    4.3190003508E+02
    222750,      0.676969,CP0_start,   1,    0.0000000000E+00,    4.3207658530E+02,    4.3207658530E+02,    0.0000000000E+00,    0.0000000000E+00,    0.0000000000E+00,    4.3207658530E+02
    222750,      0.676969,CP1_after_deposition,   1,    0.0000000000E+00,    4.3207658530E+02,    4.3207658530E+02,    0.0000000000E+00,    0.0000000000E+00,    0.0000000000E+00,    4.3207658530E+02
    222750,      0.676969,CP2_after_erosion,   1,    0.0000000000E+00,    4.3207658530E+02,    4.3207658530E+02,    0.0000000000E+00,    0.0000000000E+00,    0.0000000000E+00,    4.3207658530E+02
    222750,      0.676969,CP3_after_update_bottom,   1,    0.0000000000E+00,    4.3207658530E+02,    4.3207658530E+02,    0.0000000000E+00,    0.0000000000E+00,    0.0000000000E+00,    4.3207658530E+02
    222750,      0.676969,CP4_after_advection,   1,    0.0000000000E+00,    4.3206571352E+02,    4.3206571352E+02,    0.0000000000E+00,    0.0000000000E+00,    0.0000000000E+00,    4.3206571352E+02
    222750,      0.676969,CP5_after_vdif,   1,    0.0000000000E+00,    4.3206571352E+02,    4.3206571352E+02,    0.0000000000E+00,    0.0000000000E+00,    0.0000000000E+00,    4.3206571352E+02
    222750,      0.676969,CP6_after_kinetics,   1,    0.0000000000E+00,    4.3206571352E+02,    4.3206571352E+02,    0.0000000000E+00,    0.0000000000E+00,    0.0000000000E+00,    4.3206571352E+02
    222750,      0.676969,CP7_after_upper_clamp,   1,    0.0000000000E+00,    4.3206571352E+02,    4.3206571352E+02,    0.0000000000E+00,    0.0000000000E+00,    0.0000000000E+00,    4.3206571352E+02
    222750,      0.676969,CP8_after_OBC,   1,    0.0000000000E+00,    4.3206571352E+02,    4.3206571352E+02,    0.0000000000E+00,    0.0000000000E+00,    0.0000000000E+00,    4.3206571352E+02
    222750,      0.676969,CP9_after_PTsource,   1,    0.0000000000E+00,    4.3206571352E+02,    4.3206571352E+02,    0.0000000000E+00,    0.0000000000E+00,    0.0000000000E+00,    4.3206571352E+02
    222750,      0.676969,CP10_after_neg_clamp,   1,    0.0000000000E+00,    4.3206571352E+02,    4.3206571352E+02,    0.0000000000E+00,    0.0000000000E+00,    0.0000000000E+00,    4.3206571352E+02
    222750,      0.676969,CP11_after_MPI,   1,    0.0000000000E+00,    4.3206571352E+02,    4.3206571352E+02,    0.0000000000E+00,    0.0000000000E+00,    0.0000000000E+00,    4.3206571352E+02
    222750,      0.676969,CP12_end,   1,    0.0000000000E+00,    4.3206571352E+02,    4.3206571352E+02,    0.0000000000E+00,    0.0000000000E+00,    0.0000000000E+00,    4.3206571352E+02
    222800,      0.676969,CP0_start,   1,    0.0000000000E+00,    4.3224480946E+02,    4.3224480946E+02,    0.0000000000E+00,    0.0000000000E+00,    0.0000000000E+00,    4.3224480946E+02
    222800,      0.676969,CP1_after_deposition,   1,    0.0000000000E+00,    4.3224480946E+02,    4.3224480946E+02,    0.0000000000E+00,    0.0000000000E+00,    0.0000000000E+00,    4.3224480946E+02
    222800,      0.676969,CP2_after_erosion,   1,    0.0000000000E+00,    4.3224480946E+02,    4.3224480946E+02,    0.0000000000E+00,    0.0000000000E+00,    0.0000000000E+00,    4.3224480946E+02
    222800,      0.676969,CP3_after_update_bottom,   1,    0.0000000000E+00,    4.3224480946E+02,    4.3224480946E+02,    0.0000000000E+00,    0.0000000000E+00,    0.0000000000E+00,    4.3224480946E+02
    222800,      0.676969,CP4_after_advection,   1,    0.0000000000E+00,    4.3223373906E+02,    4.3223373906E+02,    0.0000000000E+00,    0.0000000000E+00,    0.0000000000E+00,    4.3223373906E+02
    222800,      0.676969,CP5_after_vdif,   1,    0.0000000000E+00,    4.3223373906E+02,    4.3223373906E+02,    0.0000000000E+00,    0.0000000000E+00,    0.0000000000E+00,    4.3223373906E+02
    222800,      0.676969,CP6_after_kinetics,   1,    0.0000000000E+00,    4.3223373906E+02,    4.3223373906E+02,    0.0000000000E+00,    0.0000000000E+00,    0.0000000000E+00,    4.3223373906E+02
    222800,      0.676969,CP7_after_upper_clamp,   1,    0.0000000000E+00,    4.3223373906E+02,    4.3223373906E+02,    0.0000000000E+00,    0.0000000000E+00,    0.0000000000E+00,    4.3223373906E+02
    222800,      0.676969,CP8_after_OBC,   1,    0.0000000000E+00,    4.3223373906E+02,    4.3223373906E+02,    0.0000000000E+00,    0.0000000000E+00,    0.0000000000E+00,    4.3223373906E+02
    222800,      0.676969,CP9_after_PTsource,   1,    0.0000000000E+00,    4.3223373906E+02,    4.3223373906E+02,    0.0000000000E+00,    0.0000000000E+00,    0.0000000000E+00,    4.3223373906E+02
    222800,      0.676969,CP10_after_neg_clamp,   1,    0.0000000000E+00,    4.3223373906E+02,    4.3223373906E+02,    0.0000000000E+00,    0.0000000000E+00,    0.0000000000E+00,    4.3223373906E+02
    222800,      0.676969,CP11_after_MPI,   1,    0.0000000000E+00,    4.3223373906E+02,    4.3223373906E+02,    0.0000000000E+00,    0.0000000000E+00,    0.0000000000E+00,    4.3223373906E+02
    222800,      0.676969,CP12_end,   1,    0.0000000000E+00,    4.3223373906E+02,    4.3223373906E+02,    0.0000000000E+00,    0.0000000000E+00,    0.0000000000E+00,    4.3223373906E+02
    222850,      0.676969,CP0_start,   1,    0.0000000000E+00,    4.3241630836E+02,    4.3241630836E+02,    0.0000000000E+00,    0.0000000000E+00,    0.0000000000E+00,    4.3241630836E+02
    222850,      0.676969,CP1_after_deposition,   1,    0.0000000000E+00,    4.3241630836E+02,    4.3241630836E+02,    0.0000000000E+00,    0.0000000000E+00,    0.0000000000E+00,    4.3241630836E+02
    222850,      0.676969,CP2_after_erosion,   1,    0.0000000000E+00,    4.3241630836E+02,    4.3241630836E+02,    0.0000000000E+00,    0.0000000000E+00,    0.0000000000E+00,    4.3241630836E+02
    222850,      0.676969,CP3_after_update_bottom,   1,    0.0000000000E+00,    4.3241630836E+02,    4.3241630836E+02,    0.0000000000E+00,    0.0000000000E+00,    0.0000000000E+00,    4.3241630836E+02
    222850,      0.676969,CP4_after_advection,   1,    0.0000000000E+00,    4.3240504021E+02,    4.3240504021E+02,    0.0000000000E+00,    0.0000000000E+00,    0.0000000000E+00,    4.3240504021E+02
    222850,      0.676969,CP5_after_vdif,   1,    0.0000000000E+00,    4.3240504021E+02,    4.3240504021E+02,    0.0000000000E+00,    0.0000000000E+00,    0.0000000000E+00,    4.3240504021E+02
    222850,      0.676969,CP6_after_kinetics,   1,    0.0000000000E+00,    4.3240504021E+02,    4.3240504021E+02,    0.0000000000E+00,    0.0000000000E+00,    0.0000000000E+00,    4.3240504021E+02
    222850,      0.676969,CP7_after_upper_clamp,   1,    0.0000000000E+00,    4.3240504021E+02,    4.3240504021E+02,    0.0000000000E+00,    0.0000000000E+00,    0.0000000000E+00,    4.3240504021E+02
    222850,      0.676969,CP8_after_OBC,   1,    0.0000000000E+00,    4.3240504021E+02,    4.3240504021E+02,    0.0000000000E+00,    0.0000000000E+00,    0.0000000000E+00,    4.3240504021E+02
    222850,      0.676969,CP9_after_PTsource,   1,    0.0000000000E+00,    4.3240504021E+02,    4.3240504021E+02,    0.0000000000E+00,    0.0000000000E+00,    0.0000000000E+00,    4.3240504021E+02
    222850,      0.676969,CP10_after_neg_clamp,   1,    0.0000000000E+00,    4.3240504021E+02,    4.3240504021E+02,    0.0000000000E+00,    0.0000000000E+00,    0.0000000000E+00,    4.3240504021E+02
    222850,      0.676969,CP11_after_MPI,   1,    0.0000000000E+00,    4.3240504021E+02,    4.3240504021E+02,    0.0000000000E+00,    0.0000000000E+00,    0.0000000000E+00,    4.3240504021E+02
    222850,      0.676969,CP12_end,   1,    0.0000000000E+00,    4.3240504021E+02,    4.3240504021E+02,    0.0000000000E+00,    0.0000000000E+00,    0.0000000000E+00,    4.3240504021E+02
    222900,      0.676969,CP0_start,   1,    0.0000000000E+00,    4.3258919060E+02,    4.3258919060E+02,    0.0000000000E+00,    0.0000000000E+00,    0.0000000000E+00,    4.3258919060E+02
    222900,      0.676969,CP1_after_deposition,   1,    0.0000000000E+00,    4.3258919060E+02,    4.3258919060E+02,    0.0000000000E+00,    0.0000000000E+00,    0.0000000000E+00,    4.3258919060E+02
    222900,      0.676969,CP2_after_erosion,   1,    0.0000000000E+00,    4.3258919060E+02,    4.3258919060E+02,    0.0000000000E+00,    0.0000000000E+00,    0.0000000000E+00,    4.3258919060E+02
    222900,      0.676969,CP3_after_update_bottom,   1,    0.0000000000E+00,    4.3258919060E+02,    4.3258919060E+02,    0.0000000000E+00,    0.0000000000E+00,    0.0000000000E+00,    4.3258919060E+02
    222900,      0.676969,CP4_after_advection,   1,    0.0000000000E+00,    4.3257769169E+02,    4.3257769169E+02,    0.0000000000E+00,    0.0000000000E+00,    0.0000000000E+00,    4.3257769169E+02
    222900,      0.676969,CP5_after_vdif,   1,    0.0000000000E+00,    4.3257769169E+02,    4.3257769169E+02,    0.0000000000E+00,    0.0000000000E+00,    0.0000000000E+00,    4.3257769169E+02
    222900,      0.676969,CP6_after_kinetics,   1,    0.0000000000E+00,    4.3257769169E+02,    4.3257769169E+02,    0.0000000000E+00,    0.0000000000E+00,    0.0000000000E+00,    4.3257769169E+02
    222900,      0.676969,CP7_after_upper_clamp,   1,    0.0000000000E+00,    4.3257769169E+02,    4.3257769169E+02,    0.0000000000E+00,    0.0000000000E+00,    0.0000000000E+00,    4.3257769169E+02
    222900,      0.676969,CP8_after_OBC,   1,    0.0000000000E+00,    4.3257769169E+02,    4.3257769169E+02,    0.0000000000E+00,    0.0000000000E+00,    0.0000000000E+00,    4.3257769169E+02
    222900,      0.676969,CP9_after_PTsource,   1,    0.0000000000E+00,    4.3257769169E+02,    4.3257769169E+02,    0.0000000000E+00,    0.0000000000E+00,    0.0000000000E+00,    4.3257769169E+02
    222900,      0.676969,CP10_after_neg_clamp,   1,    0.0000000000E+00,    4.3257769169E+02,    4.3257769169E+02,    0.0000000000E+00,    0.0000000000E+00,    0.0000000000E+00,    4.3257769169E+02
    222900,      0.676969,CP11_after_MPI,   1,    0.0000000000E+00,    4.3257769169E+02,    4.3257769169E+02,    0.0000000000E+00,    0.0000000000E+00,    0.0000000000E+00,    4.3257769169E+02
    222900,      0.676969,CP12_end,   1,    0.0000000000E+00,    4.3257769169E+02,    4.3257769169E+02,    0.0000000000E+00,    0.0000000000E+00,    0.0000000000E+00,    4.3257769169E+02
    222950,      0.676969,CP0_start,   1,    0.0000000000E+00,    4.3276216776E+02,    4.3276216776E+02,    0.0000000000E+00,    0.0000000000E+00,    0.0000000000E+00,    4.3276216776E+02
    222950,      0.676969,CP1_after_deposition,   1,    0.0000000000E+00,    4.3276216776E+02,    4.3276216776E+02,    0.0000000000E+00,    0.0000000000E+00,    0.0000000000E+00,    4.3276216776E+02
    222950,      0.676969,CP2_after_erosion,   1,    0.0000000000E+00,    4.3276216776E+02,    4.3276216776E+02,    0.0000000000E+00,    0.0000000000E+00,    0.0000000000E+00,    4.3276216776E+02
    222950,      0.676969,CP3_after_update_bottom,   1,    0.0000000000E+00,    4.3276216776E+02,    4.3276216776E+02,    0.0000000000E+00,    0.0000000000E+00,    0.0000000000E+00,    4.3276216776E+02
    222950,      0.676969,CP4_after_advection,   1,    0.0000000000E+00,    4.3275042903E+02,    4.3275042903E+02,    0.0000000000E+00,    0.0000000000E+00,    0.0000000000E+00,    4.3275042903E+02
    222950,      0.676969,CP5_after_vdif,   1,    0.0000000000E+00,    4.3275042903E+02,    4.3275042903E+02,    0.0000000000E+00,    0.0000000000E+00,    0.0000000000E+00,    4.3275042903E+02
    222950,      0.676969,CP6_after_kinetics,   1,    0.0000000000E+00,    4.3275042903E+02,    4.3275042903E+02,    0.0000000000E+00,    0.0000000000E+00,    0.0000000000E+00,    4.3275042903E+02
    222950,      0.676969,CP7_after_upper_clamp,   1,    0.0000000000E+00,    4.3275042903E+02,    4.3275042903E+02,    0.0000000000E+00,    0.0000000000E+00,    0.0000000000E+00,    4.3275042903E+02
    222950,      0.676969,CP8_after_OBC,   1,    0.0000000000E+00,    4.3275042903E+02,    4.3275042903E+02,    0.0000000000E+00,    0.0000000000E+00,    0.0000000000E+00,    4.3275042903E+02
    222950,      0.676969,CP9_after_PTsource,   1,    0.0000000000E+00,    4.3275042903E+02,    4.3275042903E+02,    0.0000000000E+00,    0.0000000000E+00,    0.0000000000E+00,    4.3275042903E+02
    222950,      0.676969,CP10_after_neg_clamp,   1,    0.0000000000E+00,    4.3275042903E+02,    4.3275042903E+02,    0.0000000000E+00,    0.0000000000E+00,    0.0000000000E+00,    4.3275042903E+02
    222950,      0.676969,CP11_after_MPI,   1,    0.0000000000E+00,    4.3275042903E+02,    4.3275042903E+02,    0.0000000000E+00,    0.0000000000E+00,    0.0000000000E+00,    4.3275042903E+02
    222950,      0.676969,CP12_end,   1,    0.0000000000E+00,    4.3275042903E+02,    4.3275042903E+02,    0.0000000000E+00,    0.0000000000E+00,    0.0000000000E+00,    4.3275042903E+02
    223000,      0.676969,CP0_start,   1,    0.0000000000E+00,    4.3293335488E+02,    4.3293335488E+02,    0.0000000000E+00,    0.0000000000E+00,    0.0000000000E+00,    4.3293335488E+02
    223000,      0.676969,CP1_after_deposition,   1,    0.0000000000E+00,    4.3293335488E+02,    4.3293335488E+02,    0.0000000000E+00,    0.0000000000E+00,    0.0000000000E+00,    4.3293335488E+02
    223000,      0.676969,CP2_after_erosion,   1,    0.0000000000E+00,    4.3293335488E+02,    4.3293335488E+02,    0.0000000000E+00,    0.0000000000E+00,    0.0000000000E+00,    4.3293335488E+02
    223000,      0.676969,CP3_after_update_bottom,   1,    0.0000000000E+00,    4.3293335488E+02,    4.3293335488E+02,    0.0000000000E+00,    0.0000000000E+00,    0.0000000000E+00,    4.3293335488E+02
    223000,      0.676969,CP4_after_advection,   1,    0.0000000000E+00,    4.3292134755E+02,    4.3292134755E+02,    0.0000000000E+00,    0.0000000000E+00,    0.0000000000E+00,    4.3292134755E+02
    223000,      0.676969,CP5_after_vdif,   1,    0.0000000000E+00,    4.3292134755E+02,    4.3292134755E+02,    0.0000000000E+00,    0.0000000000E+00,    0.0000000000E+00,    4.3292134755E+02
    223000,      0.676969,CP6_after_kinetics,   1,    0.0000000000E+00,    4.3292134755E+02,    4.3292134755E+02,    0.0000000000E+00,    0.0000000000E+00,    0.0000000000E+00,    4.3292134755E+02
    223000,      0.676969,CP7_after_upper_clamp,   1,    0.0000000000E+00,    4.3292134755E+02,    4.3292134755E+02,    0.0000000000E+00,    0.0000000000E+00,    0.0000000000E+00,    4.3292134755E+02
    223000,      0.676969,CP8_after_OBC,   1,    0.0000000000E+00,    4.3292134755E+02,    4.3292134755E+02,    0.0000000000E+00,    0.0000000000E+00,    0.0000000000E+00,    4.3292134755E+02
    223000,      0.676969,CP9_after_PTsource,   1,    0.0000000000E+00,    4.3292134755E+02,    4.3292134755E+02,    0.0000000000E+00,    0.0000000000E+00,    0.0000000000E+00,    4.3292134755E+02
    223000,      0.676969,CP10_after_neg_clamp,   1,    0.0000000000E+00,    4.3292134755E+02,    4.3292134755E+02,    0.0000000000E+00,    0.0000000000E+00,    0.0000000000E+00,    4.3292134755E+02
    223000,      0.676969,CP11_after_MPI,   1,    0.0000000000E+00,    4.3292134755E+02,    4.3292134755E+02,    0.0000000000E+00,    0.0000000000E+00,    0.0000000000E+00,    4.3292134755E+02
    223000,      0.676969,CP12_end,   1,    0.0000000000E+00,    4.3292134755E+02,    4.3292134755E+02,    0.0000000000E+00,    0.0000000000E+00,    0.0000000000E+00,    4.3292134755E+02
    223050,      0.676969,CP0_start,   1,    0.0000000000E+00,    4.3310049965E+02,    4.3310049965E+02,    0.0000000000E+00,    0.0000000000E+00,    0.0000000000E+00,    4.3310049965E+02
    223050,      0.676969,CP1_after_deposition,   1,    0.0000000000E+00,    4.3310049965E+02,    4.3310049965E+02,    0.0000000000E+00,    0.0000000000E+00,    0.0000000000E+00,    4.3310049965E+02
    223050,      0.676969,CP2_after_erosion,   1,    0.0000000000E+00,    4.3310049965E+02,    4.3310049965E+02,    0.0000000000E+00,    0.0000000000E+00,    0.0000000000E+00,    4.3310049965E+02
    223050,      0.676969,CP3_after_update_bottom,   1,    0.0000000000E+00,    4.3310049965E+02,    4.3310049965E+02,    0.0000000000E+00,    0.0000000000E+00,    0.0000000000E+00,    4.3310049965E+02
    223050,      0.676969,CP4_after_advection,   1,    0.0000000000E+00,    4.3308817595E+02,    4.3308817595E+02,    0.0000000000E+00,    0.0000000000E+00,    0.0000000000E+00,    4.3308817595E+02
    223050,      0.676969,CP5_after_vdif,   1,    0.0000000000E+00,    4.3308817595E+02,    4.3308817595E+02,    0.0000000000E+00,    0.0000000000E+00,    0.0000000000E+00,    4.3308817595E+02
    223050,      0.676969,CP6_after_kinetics,   1,    0.0000000000E+00,    4.3308817595E+02,    4.3308817595E+02,    0.0000000000E+00,    0.0000000000E+00,    0.0000000000E+00,    4.3308817595E+02
    223050,      0.676969,CP7_after_upper_clamp,   1,    0.0000000000E+00,    4.3308817595E+02,    4.3308817595E+02,    0.0000000000E+00,    0.0000000000E+00,    0.0000000000E+00,    4.3308817595E+02
    223050,      0.676969,CP8_after_OBC,   1,    0.0000000000E+00,    4.3308817595E+02,    4.3308817595E+02,    0.0000000000E+00,    0.0000000000E+00,    0.0000000000E+00,    4.3308817595E+02
    223050,      0.676969,CP9_after_PTsource,   1,    0.0000000000E+00,    4.3308817595E+02,    4.3308817595E+02,    0.0000000000E+00,    0.0000000000E+00,    0.0000000000E+00,    4.3308817595E+02
    223050,      0.676969,CP10_after_neg_clamp,   1,    0.0000000000E+00,    4.3308817595E+02,    4.3308817595E+02,    0.0000000000E+00,    0.0000000000E+00,    0.0000000000E+00,    4.3308817595E+02
    223050,      0.676969,CP11_after_MPI,   1,    0.0000000000E+00,    4.3308817595E+02,    4.3308817595E+02,    0.0000000000E+00,    0.0000000000E+00,    0.0000000000E+00,    4.3308817595E+02
    223050,      0.676969,CP12_end,   1,    0.0000000000E+00,    4.3308817595E+02,    4.3308817595E+02,    0.0000000000E+00,    0.0000000000E+00,    0.0000000000E+00,    4.3308817595E+02
    223100,      0.676969,CP0_start,   1,    0.0000000000E+00,    4.3326170844E+02,    4.3326170844E+02,    0.0000000000E+00,    0.0000000000E+00,    0.0000000000E+00,    4.3326170844E+02
    223100,      0.676969,CP1_after_deposition,   1,    0.0000000000E+00,    4.3326170844E+02,    4.3326170844E+02,    0.0000000000E+00,    0.0000000000E+00,    0.0000000000E+00,    4.3326170844E+02
    223100,      0.676969,CP2_after_erosion,   1,    0.0000000000E+00,    4.3326170844E+02,    4.3326170844E+02,    0.0000000000E+00,    0.0000000000E+00,    0.0000000000E+00,    4.3326170844E+02
    223100,      0.676969,CP3_after_update_bottom,   1,    0.0000000000E+00,    4.3326170844E+02,    4.3326170844E+02,    0.0000000000E+00,    0.0000000000E+00,    0.0000000000E+00,    4.3326170844E+02
    223100,      0.676969,CP4_after_advection,   1,    0.0000000000E+00,    4.3324906804E+02,    4.3324906804E+02,    0.0000000000E+00,    0.0000000000E+00,    0.0000000000E+00,    4.3324906804E+02
    223100,      0.676969,CP5_after_vdif,   1,    0.0000000000E+00,    4.3324906804E+02,    4.3324906804E+02,    0.0000000000E+00,    0.0000000000E+00,    0.0000000000E+00,    4.3324906804E+02
    223100,      0.676969,CP6_after_kinetics,   1,    0.0000000000E+00,    4.3324906804E+02,    4.3324906804E+02,    0.0000000000E+00,    0.0000000000E+00,    0.0000000000E+00,    4.3324906804E+02
    223100,      0.676969,CP7_after_upper_clamp,   1,    0.0000000000E+00,    4.3324906804E+02,    4.3324906804E+02,    0.0000000000E+00,    0.0000000000E+00,    0.0000000000E+00,    4.3324906804E+02
    223100,      0.676969,CP8_after_OBC,   1,    0.0000000000E+00,    4.3324906804E+02,    4.3324906804E+02,    0.0000000000E+00,    0.0000000000E+00,    0.0000000000E+00,    4.3324906804E+02
    223100,      0.676969,CP9_after_PTsource,   1,    0.0000000000E+00,    4.3324906804E+02,    4.3324906804E+02,    0.0000000000E+00,    0.0000000000E+00,    0.0000000000E+00,    4.3324906804E+02
    223100,      0.676969,CP10_after_neg_clamp,   1,    0.0000000000E+00,    4.3324906804E+02,    4.3324906804E+02,    0.0000000000E+00,    0.0000000000E+00,    0.0000000000E+00,    4.3324906804E+02
    223100,      0.676969,CP11_after_MPI,   1,    0.0000000000E+00,    4.3324906804E+02,    4.3324906804E+02,    0.0000000000E+00,    0.0000000000E+00,    0.0000000000E+00,    4.3324906804E+02
    223100,      0.676969,CP12_end,   1,    0.0000000000E+00,    4.3324906804E+02,    4.3324906804E+02,    0.0000000000E+00,    0.0000000000E+00,    0.0000000000E+00,    4.3324906804E+02
    223150,      0.676970,CP0_start,   1,    0.0000000000E+00,    4.3341724064E+02,    4.3341724064E+02,    0.0000000000E+00,    0.0000000000E+00,    0.0000000000E+00,    4.3341724064E+02
    223150,      0.676970,CP1_after_deposition,   1,    0.0000000000E+00,    4.3341724064E+02,    4.3341724064E+02,    0.0000000000E+00,    0.0000000000E+00,    0.0000000000E+00,    4.3341724064E+02
    223150,      0.676970,CP2_after_erosion,   1,    0.0000000000E+00,    4.3341724064E+02,    4.3341724064E+02,    0.0000000000E+00,    0.0000000000E+00,    0.0000000000E+00,    4.3341724064E+02
    223150,      0.676970,CP3_after_update_bottom,   1,    0.0000000000E+00,    4.3341724064E+02,    4.3341724064E+02,    0.0000000000E+00,    0.0000000000E+00,    0.0000000000E+00,    4.3341724064E+02
    223150,      0.676970,CP4_after_advection,   1,    0.0000000000E+00,    4.3340433857E+02,    4.3340433857E+02,    0.0000000000E+00,    0.0000000000E+00,    0.0000000000E+00,    4.3340433857E+02
    223150,      0.676970,CP5_after_vdif,   1,    0.0000000000E+00,    4.3340433857E+02,    4.3340433857E+02,    0.0000000000E+00,    0.0000000000E+00,    0.0000000000E+00,    4.3340433857E+02
    223150,      0.676970,CP6_after_kinetics,   1,    0.0000000000E+00,    4.3340433857E+02,    4.3340433857E+02,    0.0000000000E+00,    0.0000000000E+00,    0.0000000000E+00,    4.3340433857E+02
    223150,      0.676970,CP7_after_upper_clamp,   1,    0.0000000000E+00,    4.3340433857E+02,    4.3340433857E+02,    0.0000000000E+00,    0.0000000000E+00,    0.0000000000E+00,    4.3340433857E+02
    223150,      0.676970,CP8_after_OBC,   1,    0.0000000000E+00,    4.3340433857E+02,    4.3340433857E+02,    0.0000000000E+00,    0.0000000000E+00,    0.0000000000E+00,    4.3340433857E+02
    223150,      0.676970,CP9_after_PTsource,   1,    0.0000000000E+00,    4.3340433857E+02,    4.3340433857E+02,    0.0000000000E+00,    0.0000000000E+00,    0.0000000000E+00,    4.3340433857E+02
    223150,      0.676970,CP10_after_neg_clamp,   1,    0.0000000000E+00,    4.3340433857E+02,    4.3340433857E+02,    0.0000000000E+00,    0.0000000000E+00,    0.0000000000E+00,    4.3340433857E+02
    223150,      0.676970,CP11_after_MPI,   1,    0.0000000000E+00,    4.3340433857E+02,    4.3340433857E+02,    0.0000000000E+00,    0.0000000000E+00,    0.0000000000E+00,    4.3340433857E+02
    223150,      0.676970,CP12_end,   1,    0.0000000000E+00,    4.3340433857E+02,    4.3340433857E+02,    0.0000000000E+00,    0.0000000000E+00,    0.0000000000E+00,    4.3340433857E+02
    223200,      0.676970,CP0_start,   1,    0.0000000000E+00,    4.3357037110E+02,    4.3357037110E+02,    0.0000000000E+00,    0.0000000000E+00,    0.0000000000E+00,    4.3357037110E+02
    223200,      0.676970,CP1_after_deposition,   1,    0.0000000000E+00,    4.3357037110E+02,    4.3357037110E+02,    0.0000000000E+00,    0.0000000000E+00,    0.0000000000E+00,    4.3357037110E+02
    223200,      0.676970,CP2_after_erosion,   1,    0.0000000000E+00,    4.3357037110E+02,    4.3357037110E+02,    0.0000000000E+00,    0.0000000000E+00,    0.0000000000E+00,    4.3357037110E+02
    223200,      0.676970,CP3_after_update_bottom,   1,    0.0000000000E+00,    4.3357037110E+02,    4.3357037110E+02,    0.0000000000E+00,    0.0000000000E+00,    0.0000000000E+00,    4.3357037110E+02
    223200,      0.676970,CP4_after_advection,   1,    0.0000000000E+00,    4.3355731639E+02,    4.3355731639E+02,    0.0000000000E+00,    0.0000000000E+00,    0.0000000000E+00,    4.3355731639E+02
    223200,      0.676970,CP5_after_vdif,   1,    0.0000000000E+00,    4.3355731639E+02,    4.3355731639E+02,    0.0000000000E+00,    0.0000000000E+00,    0.0000000000E+00,    4.3355731639E+02
    223200,      0.676970,CP6_after_kinetics,   1,    0.0000000000E+00,    4.3355731639E+02,    4.3355731639E+02,    0.0000000000E+00,    0.0000000000E+00,    0.0000000000E+00,    4.3355731639E+02
    223200,      0.676970,CP7_after_upper_clamp,   1,    0.0000000000E+00,    4.3355731639E+02,    4.3355731639E+02,    0.0000000000E+00,    0.0000000000E+00,    0.0000000000E+00,    4.3355731639E+02
    223200,      0.676970,CP8_after_OBC,   1,    0.0000000000E+00,    4.3355731639E+02,    4.3355731639E+02,    0.0000000000E+00,    0.0000000000E+00,    0.0000000000E+00,    4.3355731639E+02
    223200,      0.676970,CP9_after_PTsource,   1,    0.0000000000E+00,    4.3355731639E+02,    4.3355731639E+02,    0.0000000000E+00,    0.0000000000E+00,    0.0000000000E+00,    4.3355731639E+02
    223200,      0.676970,CP10_after_neg_clamp,   1,    0.0000000000E+00,    4.3355731639E+02,    4.3355731639E+02,    0.0000000000E+00,    0.0000000000E+00,    0.0000000000E+00,    4.3355731639E+02
    223200,      0.676970,CP11_after_MPI,   1,    0.0000000000E+00,    4.3355731639E+02,    4.3355731639E+02,    0.0000000000E+00,    0.0000000000E+00,    0.0000000000E+00,    4.3355731639E+02
    223200,      0.676970,CP12_end,   1,    0.0000000000E+00,    4.3355731639E+02,    4.3355731639E+02,    0.0000000000E+00,    0.0000000000E+00,    0.0000000000E+00,    4.3355731639E+02
    223250,      0.676970,CP0_start,   1,    0.0000000000E+00,    4.3372341269E+02,    4.3372341269E+02,    0.0000000000E+00,    0.0000000000E+00,    0.0000000000E+00,    4.3372341269E+02
    223250,      0.676970,CP1_after_deposition,   1,    0.0000000000E+00,    4.3372341269E+02,    4.3372341269E+02,    0.0000000000E+00,    0.0000000000E+00,    0.0000000000E+00,    4.3372341269E+02
    223250,      0.676970,CP2_after_erosion,   1,    0.0000000000E+00,    4.3372341269E+02,    4.3372341269E+02,    0.0000000000E+00,    0.0000000000E+00,    0.0000000000E+00,    4.3372341269E+02
    223250,      0.676970,CP3_after_update_bottom,   1,    0.0000000000E+00,    4.3372341269E+02,    4.3372341269E+02,    0.0000000000E+00,    0.0000000000E+00,    0.0000000000E+00,    4.3372341269E+02
    223250,      0.676970,CP4_after_advection,   1,    0.0000000000E+00,    4.3371016687E+02,    4.3371016687E+02,    0.0000000000E+00,    0.0000000000E+00,    0.0000000000E+00,    4.3371016687E+02
    223250,      0.676970,CP5_after_vdif,   1,    0.0000000000E+00,    4.3371016687E+02,    4.3371016687E+02,    0.0000000000E+00,    0.0000000000E+00,    0.0000000000E+00,    4.3371016687E+02
    223250,      0.676970,CP6_after_kinetics,   1,    0.0000000000E+00,    4.3371016687E+02,    4.3371016687E+02,    0.0000000000E+00,    0.0000000000E+00,    0.0000000000E+00,    4.3371016687E+02
    223250,      0.676970,CP7_after_upper_clamp,   1,    0.0000000000E+00,    4.3371016687E+02,    4.3371016687E+02,    0.0000000000E+00,    0.0000000000E+00,    0.0000000000E+00,    4.3371016687E+02
    223250,      0.676970,CP8_after_OBC,   1,    0.0000000000E+00,    4.3371016687E+02,    4.3371016687E+02,    0.0000000000E+00,    0.0000000000E+00,    0.0000000000E+00,    4.3371016687E+02
    223250,      0.676970,CP9_after_PTsource,   1,    0.0000000000E+00,    4.3371016687E+02,    4.3371016687E+02,    0.0000000000E+00,    0.0000000000E+00,    0.0000000000E+00,    4.3371016687E+02
    223250,      0.676970,CP10_after_neg_clamp,   1,    0.0000000000E+00,    4.3371016687E+02,    4.3371016687E+02,    0.0000000000E+00,    0.0000000000E+00,    0.0000000000E+00,    4.3371016687E+02
    223250,      0.676970,CP11_after_MPI,   1,    0.0000000000E+00,    4.3371016687E+02,    4.3371016687E+02,    0.0000000000E+00,    0.0000000000E+00,    0.0000000000E+00,    4.3371016687E+02
    223250,      0.676970,CP12_end,   1,    0.0000000000E+00,    4.3371016687E+02,    4.3371016687E+02,    0.0000000000E+00,    0.0000000000E+00,    0.0000000000E+00,    4.3371016687E+02
    223300,      0.676970,CP0_start,   1,    0.0000000000E+00,    4.3387312021E+02,    4.3387312021E+02,    0.0000000000E+00,    0.0000000000E+00,    0.0000000000E+00,    4.3387312021E+02
    223300,      0.676970,CP1_after_deposition,   1,    0.0000000000E+00,    4.3387312021E+02,    4.3387312021E+02,    0.0000000000E+00,    0.0000000000E+00,    0.0000000000E+00,    4.3387312021E+02
    223300,      0.676970,CP2_after_erosion,   1,    0.0000000000E+00,    4.3387312021E+02,    4.3387312021E+02,    0.0000000000E+00,    0.0000000000E+00,    0.0000000000E+00,    4.3387312021E+02
    223300,      0.676970,CP3_after_update_bottom,   1,    0.0000000000E+00,    4.3387312021E+02,    4.3387312021E+02,    0.0000000000E+00,    0.0000000000E+00,    0.0000000000E+00,    4.3387312021E+02
    223300,      0.676970,CP4_after_advection,   1,    0.0000000000E+00,    4.3385963332E+02,    4.3385963332E+02,    0.0000000000E+00,    0.0000000000E+00,    0.0000000000E+00,    4.3385963332E+02
    223300,      0.676970,CP5_after_vdif,   1,    0.0000000000E+00,    4.3385963332E+02,    4.3385963332E+02,    0.0000000000E+00,    0.0000000000E+00,    0.0000000000E+00,    4.3385963332E+02
    223300,      0.676970,CP6_after_kinetics,   1,    0.0000000000E+00,    4.3385963332E+02,    4.3385963332E+02,    0.0000000000E+00,    0.0000000000E+00,    0.0000000000E+00,    4.3385963332E+02
    223300,      0.676970,CP7_after_upper_clamp,   1,    0.0000000000E+00,    4.3385963332E+02,    4.3385963332E+02,    0.0000000000E+00,    0.0000000000E+00,    0.0000000000E+00,    4.3385963332E+02
    223300,      0.676970,CP8_after_OBC,   1,    0.0000000000E+00,    4.3385963332E+02,    4.3385963332E+02,    0.0000000000E+00,    0.0000000000E+00,    0.0000000000E+00,    4.3385963332E+02
    223300,      0.676970,CP9_after_PTsource,   1,    0.0000000000E+00,    4.3385963332E+02,    4.3385963332E+02,    0.0000000000E+00,    0.0000000000E+00,    0.0000000000E+00,    4.3385963332E+02
    223300,      0.676970,CP10_after_neg_clamp,   1,    0.0000000000E+00,    4.3385963332E+02,    4.3385963332E+02,    0.0000000000E+00,    0.0000000000E+00,    0.0000000000E+00,    4.3385963332E+02
    223300,      0.676970,CP11_after_MPI,   1,    0.0000000000E+00,    4.3385963332E+02,    4.3385963332E+02,    0.0000000000E+00,    0.0000000000E+00,    0.0000000000E+00,    4.3385963332E+02
    223300,      0.676970,CP12_end,   1,    0.0000000000E+00,    4.3385963332E+02,    4.3385963332E+02,    0.0000000000E+00,    0.0000000000E+00,    0.0000000000E+00,    4.3385963332E+02
    223350,      0.676970,CP0_start,   1,    0.0000000000E+00,    4.3401783896E+02,    4.3401783896E+02,    0.0000000000E+00,    0.0000000000E+00,    0.0000000000E+00,    4.3401783896E+02
    223350,      0.676970,CP1_after_deposition,   1,    0.0000000000E+00,    4.3401783896E+02,    4.3401783896E+02,    0.0000000000E+00,    0.0000000000E+00,    0.0000000000E+00,    4.3401783896E+02
    223350,      0.676970,CP2_after_erosion,   1,    0.0000000000E+00,    4.3401783896E+02,    4.3401783896E+02,    0.0000000000E+00,    0.0000000000E+00,    0.0000000000E+00,    4.3401783896E+02
    223350,      0.676970,CP3_after_update_bottom,   1,    0.0000000000E+00,    4.3401783896E+02,    4.3401783896E+02,    0.0000000000E+00,    0.0000000000E+00,    0.0000000000E+00,    4.3401783896E+02
    223350,      0.676970,CP4_after_advection,   1,    0.0000000000E+00,    4.3400412170E+02,    4.3400412170E+02,    0.0000000000E+00,    0.0000000000E+00,    0.0000000000E+00,    4.3400412170E+02
    223350,      0.676970,CP5_after_vdif,   1,    0.0000000000E+00,    4.3400412170E+02,    4.3400412170E+02,    0.0000000000E+00,    0.0000000000E+00,    0.0000000000E+00,    4.3400412170E+02
    223350,      0.676970,CP6_after_kinetics,   1,    0.0000000000E+00,    4.3400412170E+02,    4.3400412170E+02,    0.0000000000E+00,    0.0000000000E+00,    0.0000000000E+00,    4.3400412170E+02
    223350,      0.676970,CP7_after_upper_clamp,   1,    0.0000000000E+00,    4.3400412170E+02,    4.3400412170E+02,    0.0000000000E+00,    0.0000000000E+00,    0.0000000000E+00,    4.3400412170E+02
    223350,      0.676970,CP8_after_OBC,   1,    0.0000000000E+00,    4.3400412170E+02,    4.3400412170E+02,    0.0000000000E+00,    0.0000000000E+00,    0.0000000000E+00,    4.3400412170E+02
    223350,      0.676970,CP9_after_PTsource,   1,    0.0000000000E+00,    4.3400412170E+02,    4.3400412170E+02,    0.0000000000E+00,    0.0000000000E+00,    0.0000000000E+00,    4.3400412170E+02
    223350,      0.676970,CP10_after_neg_clamp,   1,    0.0000000000E+00,    4.3400412170E+02,    4.3400412170E+02,    0.0000000000E+00,    0.0000000000E+00,    0.0000000000E+00,    4.3400412170E+02
    223350,      0.676970,CP11_after_MPI,   1,    0.0000000000E+00,    4.3400412170E+02,    4.3400412170E+02,    0.0000000000E+00,    0.0000000000E+00,    0.0000000000E+00,    4.3400412170E+02
    223350,      0.676970,CP12_end,   1,    0.0000000000E+00,    4.3400412170E+02,    4.3400412170E+02,    0.0000000000E+00,    0.0000000000E+00,    0.0000000000E+00,    4.3400412170E+02
    223400,      0.676970,CP0_start,   1,    0.0000000000E+00,    4.3415740787E+02,    4.3415740787E+02,    0.0000000000E+00,    0.0000000000E+00,    0.0000000000E+00,    4.3415740787E+02
    223400,      0.676970,CP1_after_deposition,   1,    0.0000000000E+00,    4.3415740787E+02,    4.3415740787E+02,    0.0000000000E+00,    0.0000000000E+00,    0.0000000000E+00,    4.3415740787E+02
    223400,      0.676970,CP2_after_erosion,   1,    0.0000000000E+00,    4.3415740787E+02,    4.3415740787E+02,    0.0000000000E+00,    0.0000000000E+00,    0.0000000000E+00,    4.3415740787E+02
    223400,      0.676970,CP3_after_update_bottom,   1,    0.0000000000E+00,    4.3415740787E+02,    4.3415740787E+02,    0.0000000000E+00,    0.0000000000E+00,    0.0000000000E+00,    4.3415740787E+02
    223400,      0.676970,CP4_after_advection,   1,    0.0000000000E+00,    4.3414346083E+02,    4.3414346083E+02,    0.0000000000E+00,    0.0000000000E+00,    0.0000000000E+00,    4.3414346083E+02
    223400,      0.676970,CP5_after_vdif,   1,    0.0000000000E+00,    4.3414346083E+02,    4.3414346083E+02,    0.0000000000E+00,    0.0000000000E+00,    0.0000000000E+00,    4.3414346083E+02
    223400,      0.676970,CP6_after_kinetics,   1,    0.0000000000E+00,    4.3414346083E+02,    4.3414346083E+02,    0.0000000000E+00,    0.0000000000E+00,    0.0000000000E+00,    4.3414346083E+02
    223400,      0.676970,CP7_after_upper_clamp,   1,    0.0000000000E+00,    4.3414346083E+02,    4.3414346083E+02,    0.0000000000E+00,    0.0000000000E+00,    0.0000000000E+00,    4.3414346083E+02
    223400,      0.676970,CP8_after_OBC,   1,    0.0000000000E+00,    4.3414346083E+02,    4.3414346083E+02,    0.0000000000E+00,    0.0000000000E+00,    0.0000000000E+00,    4.3414346083E+02
    223400,      0.676970,CP9_after_PTsource,   1,    0.0000000000E+00,    4.3414346083E+02,    4.3414346083E+02,    0.0000000000E+00,    0.0000000000E+00,    0.0000000000E+00,    4.3414346083E+02
    223400,      0.676970,CP10_after_neg_clamp,   1,    0.0000000000E+00,    4.3414346083E+02,    4.3414346083E+02,    0.0000000000E+00,    0.0000000000E+00,    0.0000000000E+00,    4.3414346083E+02
    223400,      0.676970,CP11_after_MPI,   1,    0.0000000000E+00,    4.3414346083E+02,    4.3414346083E+02,    0.0000000000E+00,    0.0000000000E+00,    0.0000000000E+00,    4.3414346083E+02
    223400,      0.676970,CP12_end,   1,    0.0000000000E+00,    4.3414346083E+02,    4.3414346083E+02,    0.0000000000E+00,    0.0000000000E+00,    0.0000000000E+00,    4.3414346083E+02
    223450,      0.676970,CP0_start,   1,    0.0000000000E+00,    4.3429289555E+02,    4.3429289555E+02,    0.0000000000E+00,    0.0000000000E+00,    0.0000000000E+00,    4.3429289555E+02
    223450,      0.676970,CP1_after_deposition,   1,    0.0000000000E+00,    4.3429289555E+02,    4.3429289555E+02,    0.0000000000E+00,    0.0000000000E+00,    0.0000000000E+00,    4.3429289555E+02
    223450,      0.676970,CP2_after_erosion,   1,    0.0000000000E+00,    4.3429289555E+02,    4.3429289555E+02,    0.0000000000E+00,    0.0000000000E+00,    0.0000000000E+00,    4.3429289555E+02
    223450,      0.676970,CP3_after_update_bottom,   1,    0.0000000000E+00,    4.3429289555E+02,    4.3429289555E+02,    0.0000000000E+00,    0.0000000000E+00,    0.0000000000E+00,    4.3429289555E+02
    223450,      0.676970,CP4_after_advection,   1,    0.0000000000E+00,    4.3427872780E+02,    4.3427872780E+02,    0.0000000000E+00,    0.0000000000E+00,    0.0000000000E+00,    4.3427872780E+02
    223450,      0.676970,CP5_after_vdif,   1,    0.0000000000E+00,    4.3427872780E+02,    4.3427872780E+02,    0.0000000000E+00,    0.0000000000E+00,    0.0000000000E+00,    4.3427872780E+02
    223450,      0.676970,CP6_after_kinetics,   1,    0.0000000000E+00,    4.3427872780E+02,    4.3427872780E+02,    0.0000000000E+00,    0.0000000000E+00,    0.0000000000E+00,    4.3427872780E+02
    223450,      0.676970,CP7_after_upper_clamp,   1,    0.0000000000E+00,    4.3427872780E+02,    4.3427872780E+02,    0.0000000000E+00,    0.0000000000E+00,    0.0000000000E+00,    4.3427872780E+02
    223450,      0.676970,CP8_after_OBC,   1,    0.0000000000E+00,    4.3427872780E+02,    4.3427872780E+02,    0.0000000000E+00,    0.0000000000E+00,    0.0000000000E+00,    4.3427872780E+02
    223450,      0.676970,CP9_after_PTsource,   1,    0.0000000000E+00,    4.3427872780E+02,    4.3427872780E+02,    0.0000000000E+00,    0.0000000000E+00,    0.0000000000E+00,    4.3427872780E+02
    223450,      0.676970,CP10_after_neg_clamp,   1,    0.0000000000E+00,    4.3427872780E+02,    4.3427872780E+02,    0.0000000000E+00,    0.0000000000E+00,    0.0000000000E+00,    4.3427872780E+02
    223450,      0.676970,CP11_after_MPI,   1,    0.0000000000E+00,    4.3427872780E+02,    4.3427872780E+02,    0.0000000000E+00,    0.0000000000E+00,    0.0000000000E+00,    4.3427872780E+02
    223450,      0.676970,CP12_end,   1,    0.0000000000E+00,    4.3427872780E+02,    4.3427872780E+02,    0.0000000000E+00,    0.0000000000E+00,    0.0000000000E+00,    4.3427872780E+02
    223500,      0.676970,CP0_start,   1,    0.0000000000E+00,    4.3442757291E+02,    4.3442757291E+02,    0.0000000000E+00,    0.0000000000E+00,    0.0000000000E+00,    4.3442757291E+02
    223500,      0.676970,CP1_after_deposition,   1,    0.0000000000E+00,    4.3442757291E+02,    4.3442757291E+02,    0.0000000000E+00,    0.0000000000E+00,    0.0000000000E+00,    4.3442757291E+02
    223500,      0.676970,CP2_after_erosion,   1,    0.0000000000E+00,    4.3442757291E+02,    4.3442757291E+02,    0.0000000000E+00,    0.0000000000E+00,    0.0000000000E+00,    4.3442757291E+02
    223500,      0.676970,CP3_after_update_bottom,   1,    0.0000000000E+00,    4.3442757291E+02,    4.3442757291E+02,    0.0000000000E+00,    0.0000000000E+00,    0.0000000000E+00,    4.3442757291E+02
    223500,      0.676970,CP4_after_advection,   1,    0.0000000000E+00,    4.3441331863E+02,    4.3441331863E+02,    0.0000000000E+00,    0.0000000000E+00,    0.0000000000E+00,    4.3441331863E+02
    223500,      0.676970,CP5_after_vdif,   1,    0.0000000000E+00,    4.3441331863E+02,    4.3441331863E+02,    0.0000000000E+00,    0.0000000000E+00,    0.0000000000E+00,    4.3441331863E+02
    223500,      0.676970,CP6_after_kinetics,   1,    0.0000000000E+00,    4.3441331863E+02,    4.3441331863E+02,    0.0000000000E+00,    0.0000000000E+00,    0.0000000000E+00,    4.3441331863E+02
    223500,      0.676970,CP7_after_upper_clamp,   1,    0.0000000000E+00,    4.3441331863E+02,    4.3441331863E+02,    0.0000000000E+00,    0.0000000000E+00,    0.0000000000E+00,    4.3441331863E+02
    223500,      0.676970,CP8_after_OBC,   1,    0.0000000000E+00,    4.3441331863E+02,    4.3441331863E+02,    0.0000000000E+00,    0.0000000000E+00,    0.0000000000E+00,    4.3441331863E+02
    223500,      0.676970,CP9_after_PTsource,   1,    0.0000000000E+00,    4.3441331863E+02,    4.3441331863E+02,    0.0000000000E+00,    0.0000000000E+00,    0.0000000000E+00,    4.3441331863E+02
    223500,      0.676970,CP10_after_neg_clamp,   1,    0.0000000000E+00,    4.3441331863E+02,    4.3441331863E+02,    0.0000000000E+00,    0.0000000000E+00,    0.0000000000E+00,    4.3441331863E+02
    223500,      0.676970,CP11_after_MPI,   1,    0.0000000000E+00,    4.3441331863E+02,    4.3441331863E+02,    0.0000000000E+00,    0.0000000000E+00,    0.0000000000E+00,    4.3441331863E+02
    223500,      0.676970,CP12_end,   1,    0.0000000000E+00,    4.3441331863E+02,    4.3441331863E+02,    0.0000000000E+00,    0.0000000000E+00,    0.0000000000E+00,    4.3441331863E+02
    223550,      0.676970,CP0_start,   1,    0.0000000000E+00,    4.3456693651E+02,    4.3456693651E+02,    0.0000000000E+00,    0.0000000000E+00,    0.0000000000E+00,    4.3456693651E+02
    223550,      0.676970,CP1_after_deposition,   1,    0.0000000000E+00,    4.3456693651E+02,    4.3456693651E+02,    0.0000000000E+00,    0.0000000000E+00,    0.0000000000E+00,    4.3456693651E+02
    223550,      0.676970,CP2_after_erosion,   1,    0.0000000000E+00,    4.3456693651E+02,    4.3456693651E+02,    0.0000000000E+00,    0.0000000000E+00,    0.0000000000E+00,    4.3456693651E+02
    223550,      0.676970,CP3_after_update_bottom,   1,    0.0000000000E+00,    4.3456693651E+02,    4.3456693651E+02,    0.0000000000E+00,    0.0000000000E+00,    0.0000000000E+00,    4.3456693651E+02
    223550,      0.676970,CP4_after_advection,   1,    0.0000000000E+00,    4.3455269545E+02,    4.3455269545E+02,    0.0000000000E+00,    0.0000000000E+00,    0.0000000000E+00,    4.3455269545E+02
    223550,      0.676970,CP5_after_vdif,   1,    0.0000000000E+00,    4.3455269545E+02,    4.3455269545E+02,    0.0000000000E+00,    0.0000000000E+00,    0.0000000000E+00,    4.3455269545E+02
    223550,      0.676970,CP6_after_kinetics,   1,    0.0000000000E+00,    4.3455269545E+02,    4.3455269545E+02,    0.0000000000E+00,    0.0000000000E+00,    0.0000000000E+00,    4.3455269545E+02
    223550,      0.676970,CP7_after_upper_clamp,   1,    0.0000000000E+00,    4.3455269545E+02,    4.3455269545E+02,    0.0000000000E+00,    0.0000000000E+00,    0.0000000000E+00,    4.3455269545E+02
    223550,      0.676970,CP8_after_OBC,   1,    0.0000000000E+00,    4.3455269545E+02,    4.3455269545E+02,    0.0000000000E+00,    0.0000000000E+00,    0.0000000000E+00,    4.3455269545E+02
    223550,      0.676970,CP9_after_PTsource,   1,    0.0000000000E+00,    4.3455269545E+02,    4.3455269545E+02,    0.0000000000E+00,    0.0000000000E+00,    0.0000000000E+00,    4.3455269545E+02
    223550,      0.676970,CP10_after_neg_clamp,   1,    0.0000000000E+00,    4.3455269545E+02,    4.3455269545E+02,    0.0000000000E+00,    0.0000000000E+00,    0.0000000000E+00,    4.3455269545E+02
    223550,      0.676970,CP11_after_MPI,   1,    0.0000000000E+00,    4.3455269545E+02,    4.3455269545E+02,    0.0000000000E+00,    0.0000000000E+00,    0.0000000000E+00,    4.3455269545E+02
    223550,      0.676970,CP12_end,   1,    0.0000000000E+00,    4.3455269545E+02,    4.3455269545E+02,    0.0000000000E+00,    0.0000000000E+00,    0.0000000000E+00,    4.3455269545E+02
    223600,      0.676970,CP0_start,   1,    0.0000000000E+00,    4.3471534288E+02,    4.3471534288E+02,    0.0000000000E+00,    0.0000000000E+00,    0.0000000000E+00,    4.3471534288E+02
    223600,      0.676970,CP1_after_deposition,   1,    0.0000000000E+00,    4.3471534288E+02,    4.3471534288E+02,    0.0000000000E+00,    0.0000000000E+00,    0.0000000000E+00,    4.3471534288E+02
    223600,      0.676970,CP2_after_erosion,   1,    0.0000000000E+00,    4.3471534288E+02,    4.3471534288E+02,    0.0000000000E+00,    0.0000000000E+00,    0.0000000000E+00,    4.3471534288E+02
    223600,      0.676970,CP3_after_update_bottom,   1,    0.0000000000E+00,    4.3471534288E+02,    4.3471534288E+02,    0.0000000000E+00,    0.0000000000E+00,    0.0000000000E+00,    4.3471534288E+02
    223600,      0.676970,CP4_after_advection,   1,    0.0000000000E+00,    4.3470114428E+02,    4.3470114428E+02,    0.0000000000E+00,    0.0000000000E+00,    0.0000000000E+00,    4.3470114428E+02
    223600,      0.676970,CP5_after_vdif,   1,    0.0000000000E+00,    4.3470114428E+02,    4.3470114428E+02,    0.0000000000E+00,    0.0000000000E+00,    0.0000000000E+00,    4.3470114428E+02
    223600,      0.676970,CP6_after_kinetics,   1,    0.0000000000E+00,    4.3470114428E+02,    4.3470114428E+02,    0.0000000000E+00,    0.0000000000E+00,    0.0000000000E+00,    4.3470114428E+02
    223600,      0.676970,CP7_after_upper_clamp,   1,    0.0000000000E+00,    4.3470114428E+02,    4.3470114428E+02,    0.0000000000E+00,    0.0000000000E+00,    0.0000000000E+00,    4.3470114428E+02
    223600,      0.676970,CP8_after_OBC,   1,    0.0000000000E+00,    4.3470114428E+02,    4.3470114428E+02,    0.0000000000E+00,    0.0000000000E+00,    0.0000000000E+00,    4.3470114428E+02
    223600,      0.676970,CP9_after_PTsource,   1,    0.0000000000E+00,    4.3470114428E+02,    4.3470114428E+02,    0.0000000000E+00,    0.0000000000E+00,    0.0000000000E+00,    4.3470114428E+02
    223600,      0.676970,CP10_after_neg_clamp,   1,    0.0000000000E+00,    4.3470114428E+02,    4.3470114428E+02,    0.0000000000E+00,    0.0000000000E+00,    0.0000000000E+00,    4.3470114428E+02
    223600,      0.676970,CP11_after_MPI,   1,    0.0000000000E+00,    4.3470114428E+02,    4.3470114428E+02,    0.0000000000E+00,    0.0000000000E+00,    0.0000000000E+00,    4.3470114428E+02
    223600,      0.676970,CP12_end,   1,    0.0000000000E+00,    4.3470114428E+02,    4.3470114428E+02,    0.0000000000E+00,    0.0000000000E+00,    0.0000000000E+00,    4.3470114428E+02
    223650,      0.676970,CP0_start,   1,    0.0000000000E+00,    4.3487324743E+02,    4.3487324743E+02,    0.0000000000E+00,    0.0000000000E+00,    0.0000000000E+00,    4.3487324743E+02
    223650,      0.676970,CP1_after_deposition,   1,    0.0000000000E+00,    4.3487324743E+02,    4.3487324743E+02,    0.0000000000E+00,    0.0000000000E+00,    0.0000000000E+00,    4.3487324743E+02
    223650,      0.676970,CP2_after_erosion,   1,    0.0000000000E+00,    4.3487324743E+02,    4.3487324743E+02,    0.0000000000E+00,    0.0000000000E+00,    0.0000000000E+00,    4.3487324743E+02
    223650,      0.676970,CP3_after_update_bottom,   1,    0.0000000000E+00,    4.3487324743E+02,    4.3487324743E+02,    0.0000000000E+00,    0.0000000000E+00,    0.0000000000E+00,    4.3487324743E+02
    223650,      0.676970,CP4_after_advection,   1,    0.0000000000E+00,    4.3485904328E+02,    4.3485904328E+02,    0.0000000000E+00,    0.0000000000E+00,    0.0000000000E+00,    4.3485904328E+02
    223650,      0.676970,CP5_after_vdif,   1,    0.0000000000E+00,    4.3485904328E+02,    4.3485904328E+02,    0.0000000000E+00,    0.0000000000E+00,    0.0000000000E+00,    4.3485904328E+02
    223650,      0.676970,CP6_after_kinetics,   1,    0.0000000000E+00,    4.3485904328E+02,    4.3485904328E+02,    0.0000000000E+00,    0.0000000000E+00,    0.0000000000E+00,    4.3485904328E+02
    223650,      0.676970,CP7_after_upper_clamp,   1,    0.0000000000E+00,    4.3485904328E+02,    4.3485904328E+02,    0.0000000000E+00,    0.0000000000E+00,    0.0000000000E+00,    4.3485904328E+02
    223650,      0.676970,CP8_after_OBC,   1,    0.0000000000E+00,    4.3485904328E+02,    4.3485904328E+02,    0.0000000000E+00,    0.0000000000E+00,    0.0000000000E+00,    4.3485904328E+02
    223650,      0.676970,CP9_after_PTsource,   1,    0.0000000000E+00,    4.3485904328E+02,    4.3485904328E+02,    0.0000000000E+00,    0.0000000000E+00,    0.0000000000E+00,    4.3485904328E+02
    223650,      0.676970,CP10_after_neg_clamp,   1,    0.0000000000E+00,    4.3485904328E+02,    4.3485904328E+02,    0.0000000000E+00,    0.0000000000E+00,    0.0000000000E+00,    4.3485904328E+02
    223650,      0.676970,CP11_after_MPI,   1,    0.0000000000E+00,    4.3485904328E+02,    4.3485904328E+02,    0.0000000000E+00,    0.0000000000E+00,    0.0000000000E+00,    4.3485904328E+02
    223650,      0.676970,CP12_end,   1,    0.0000000000E+00,    4.3485904328E+02,    4.3485904328E+02,    0.0000000000E+00,    0.0000000000E+00,    0.0000000000E+00,    4.3485904328E+02
    223700,      0.676970,CP0_start,   1,    0.0000000000E+00,    4.3503616643E+02,    4.3503616643E+02,    0.0000000000E+00,    0.0000000000E+00,    0.0000000000E+00,    4.3503616643E+02
    223700,      0.676970,CP1_after_deposition,   1,    0.0000000000E+00,    4.3503616643E+02,    4.3503616643E+02,    0.0000000000E+00,    0.0000000000E+00,    0.0000000000E+00,    4.3503616643E+02
    223700,      0.676970,CP2_after_erosion,   1,    0.0000000000E+00,    4.3503616643E+02,    4.3503616643E+02,    0.0000000000E+00,    0.0000000000E+00,    0.0000000000E+00,    4.3503616643E+02
    223700,      0.676970,CP3_after_update_bottom,   1,    0.0000000000E+00,    4.3503616643E+02,    4.3503616643E+02,    0.0000000000E+00,    0.0000000000E+00,    0.0000000000E+00,    4.3503616643E+02
    223700,      0.676970,CP4_after_advection,   1,    0.0000000000E+00,    4.3502185418E+02,    4.3502185418E+02,    0.0000000000E+00,    0.0000000000E+00,    0.0000000000E+00,    4.3502185418E+02
    223700,      0.676970,CP5_after_vdif,   1,    0.0000000000E+00,    4.3502185418E+02,    4.3502185418E+02,    0.0000000000E+00,    0.0000000000E+00,    0.0000000000E+00,    4.3502185418E+02
    223700,      0.676970,CP6_after_kinetics,   1,    0.0000000000E+00,    4.3502185418E+02,    4.3502185418E+02,    0.0000000000E+00,    0.0000000000E+00,    0.0000000000E+00,    4.3502185418E+02
    223700,      0.676970,CP7_after_upper_clamp,   1,    0.0000000000E+00,    4.3502185418E+02,    4.3502185418E+02,    0.0000000000E+00,    0.0000000000E+00,    0.0000000000E+00,    4.3502185418E+02
    223700,      0.676970,CP8_after_OBC,   1,    0.0000000000E+00,    4.3502185418E+02,    4.3502185418E+02,    0.0000000000E+00,    0.0000000000E+00,    0.0000000000E+00,    4.3502185418E+02
    223700,      0.676970,CP9_after_PTsource,   1,    0.0000000000E+00,    4.3502185418E+02,    4.3502185418E+02,    0.0000000000E+00,    0.0000000000E+00,    0.0000000000E+00,    4.3502185418E+02
    223700,      0.676970,CP10_after_neg_clamp,   1,    0.0000000000E+00,    4.3502185418E+02,    4.3502185418E+02,    0.0000000000E+00,    0.0000000000E+00,    0.0000000000E+00,    4.3502185418E+02
    223700,      0.676970,CP11_after_MPI,   1,    0.0000000000E+00,    4.3502185418E+02,    4.3502185418E+02,    0.0000000000E+00,    0.0000000000E+00,    0.0000000000E+00,    4.3502185418E+02
    223700,      0.676970,CP12_end,   1,    0.0000000000E+00,    4.3502185418E+02,    4.3502185418E+02,    0.0000000000E+00,    0.0000000000E+00,    0.0000000000E+00,    4.3502185418E+02
    223750,      0.676970,CP0_start,   1,    0.0000000000E+00,    4.3519695551E+02,    4.3519695551E+02,    0.0000000000E+00,    0.0000000000E+00,    0.0000000000E+00,    4.3519695551E+02
    223750,      0.676970,CP1_after_deposition,   1,    0.0000000000E+00,    4.3519695551E+02,    4.3519695551E+02,    0.0000000000E+00,    0.0000000000E+00,    0.0000000000E+00,    4.3519695551E+02
    223750,      0.676970,CP2_after_erosion,   1,    0.0000000000E+00,    4.3519695551E+02,    4.3519695551E+02,    0.0000000000E+00,    0.0000000000E+00,    0.0000000000E+00,    4.3519695551E+02
    223750,      0.676970,CP3_after_update_bottom,   1,    0.0000000000E+00,    4.3519695551E+02,    4.3519695551E+02,    0.0000000000E+00,    0.0000000000E+00,    0.0000000000E+00,    4.3519695551E+02
    223750,      0.676970,CP4_after_advection,   1,    0.0000000000E+00,    4.3518235888E+02,    4.3518235888E+02,    0.0000000000E+00,    0.0000000000E+00,    0.0000000000E+00,    4.3518235888E+02
    223750,      0.676970,CP5_after_vdif,   1,    0.0000000000E+00,    4.3518235888E+02,    4.3518235888E+02,    0.0000000000E+00,    0.0000000000E+00,    0.0000000000E+00,    4.3518235888E+02
    223750,      0.676970,CP6_after_kinetics,   1,    0.0000000000E+00,    4.3518235888E+02,    4.3518235888E+02,    0.0000000000E+00,    0.0000000000E+00,    0.0000000000E+00,    4.3518235888E+02
    223750,      0.676970,CP7_after_upper_clamp,   1,    0.0000000000E+00,    4.3518235888E+02,    4.3518235888E+02,    0.0000000000E+00,    0.0000000000E+00,    0.0000000000E+00,    4.3518235888E+02
    223750,      0.676970,CP8_after_OBC,   1,    0.0000000000E+00,    4.3518235888E+02,    4.3518235888E+02,    0.0000000000E+00,    0.0000000000E+00,    0.0000000000E+00,    4.3518235888E+02
    223750,      0.676970,CP9_after_PTsource,   1,    0.0000000000E+00,    4.3518235888E+02,    4.3518235888E+02,    0.0000000000E+00,    0.0000000000E+00,    0.0000000000E+00,    4.3518235888E+02
    223750,      0.676970,CP10_after_neg_clamp,   1,    0.0000000000E+00,    4.3518235888E+02,    4.3518235888E+02,    0.0000000000E+00,    0.0000000000E+00,    0.0000000000E+00,    4.3518235888E+02
    223750,      0.676970,CP11_after_MPI,   1,    0.0000000000E+00,    4.3518235888E+02,    4.3518235888E+02,    0.0000000000E+00,    0.0000000000E+00,    0.0000000000E+00,    4.3518235888E+02
    223750,      0.676970,CP12_end,   1,    0.0000000000E+00,    4.3518235888E+02,    4.3518235888E+02,    0.0000000000E+00,    0.0000000000E+00,    0.0000000000E+00,    4.3518235888E+02
    223800,      0.676970,CP0_start,   1,    0.0000000000E+00,    4.3534711122E+02,    4.3534711122E+02,    0.0000000000E+00,    0.0000000000E+00,    0.0000000000E+00,    4.3534711122E+02
    223800,      0.676970,CP1_after_deposition,   1,    0.0000000000E+00,    4.3534711122E+02,    4.3534711122E+02,    0.0000000000E+00,    0.0000000000E+00,    0.0000000000E+00,    4.3534711122E+02
    223800,      0.676970,CP2_after_erosion,   1,    0.0000000000E+00,    4.3534711122E+02,    4.3534711122E+02,    0.0000000000E+00,    0.0000000000E+00,    0.0000000000E+00,    4.3534711122E+02
    223800,      0.676970,CP3_after_update_bottom,   1,    0.0000000000E+00,    4.3534711122E+02,    4.3534711122E+02,    0.0000000000E+00,    0.0000000000E+00,    0.0000000000E+00,    4.3534711122E+02
    223800,      0.676970,CP4_after_advection,   1,    0.0000000000E+00,    4.3533210088E+02,    4.3533210088E+02,    0.0000000000E+00,    0.0000000000E+00,    0.0000000000E+00,    4.3533210088E+02
    223800,      0.676970,CP5_after_vdif,   1,    0.0000000000E+00,    4.3533210088E+02,    4.3533210088E+02,    0.0000000000E+00,    0.0000000000E+00,    0.0000000000E+00,    4.3533210088E+02
    223800,      0.676970,CP6_after_kinetics,   1,    0.0000000000E+00,    4.3533210088E+02,    4.3533210088E+02,    0.0000000000E+00,    0.0000000000E+00,    0.0000000000E+00,    4.3533210088E+02
    223800,      0.676970,CP7_after_upper_clamp,   1,    0.0000000000E+00,    4.3533210088E+02,    4.3533210088E+02,    0.0000000000E+00,    0.0000000000E+00,    0.0000000000E+00,    4.3533210088E+02
    223800,      0.676970,CP8_after_OBC,   1,    0.0000000000E+00,    4.3533210088E+02,    4.3533210088E+02,    0.0000000000E+00,    0.0000000000E+00,    0.0000000000E+00,    4.3533210088E+02
    223800,      0.676970,CP9_after_PTsource,   1,    0.0000000000E+00,    4.3533210088E+02,    4.3533210088E+02,    0.0000000000E+00,    0.0000000000E+00,    0.0000000000E+00,    4.3533210088E+02
    223800,      0.676970,CP10_after_neg_clamp,   1,    0.0000000000E+00,    4.3533210088E+02,    4.3533210088E+02,    0.0000000000E+00,    0.0000000000E+00,    0.0000000000E+00,    4.3533210088E+02
    223800,      0.676970,CP11_after_MPI,   1,    0.0000000000E+00,    4.3533210088E+02,    4.3533210088E+02,    0.0000000000E+00,    0.0000000000E+00,    0.0000000000E+00,    4.3533210088E+02
    223800,      0.676970,CP12_end,   1,    0.0000000000E+00,    4.3533210088E+02,    4.3533210088E+02,    0.0000000000E+00,    0.0000000000E+00,    0.0000000000E+00,    4.3533210088E+02
    223850,      0.676970,CP0_start,   1,    0.0000000000E+00,    4.3548194240E+02,    4.3548194240E+02,    0.0000000000E+00,    0.0000000000E+00,    0.0000000000E+00,    4.3548194240E+02
    223850,      0.676970,CP1_after_deposition,   1,    0.0000000000E+00,    4.3548194240E+02,    4.3548194240E+02,    0.0000000000E+00,    0.0000000000E+00,    0.0000000000E+00,    4.3548194240E+02
    223850,      0.676970,CP2_after_erosion,   1,    0.0000000000E+00,    4.3548194240E+02,    4.3548194240E+02,    0.0000000000E+00,    0.0000000000E+00,    0.0000000000E+00,    4.3548194240E+02
    223850,      0.676970,CP3_after_update_bottom,   1,    0.0000000000E+00,    4.3548194240E+02,    4.3548194240E+02,    0.0000000000E+00,    0.0000000000E+00,    0.0000000000E+00,    4.3548194240E+02
    223850,      0.676970,CP4_after_advection,   1,    0.0000000000E+00,    4.3546644590E+02,    4.3546644590E+02,    0.0000000000E+00,    0.0000000000E+00,    0.0000000000E+00,    4.3546644590E+02
    223850,      0.676970,CP5_after_vdif,   1,    0.0000000000E+00,    4.3546644590E+02,    4.3546644590E+02,    0.0000000000E+00,    0.0000000000E+00,    0.0000000000E+00,    4.3546644590E+02
    223850,      0.676970,CP6_after_kinetics,   1,    0.0000000000E+00,    4.3546644590E+02,    4.3546644590E+02,    0.0000000000E+00,    0.0000000000E+00,    0.0000000000E+00,    4.3546644590E+02
    223850,      0.676970,CP7_after_upper_clamp,   1,    0.0000000000E+00,    4.3546644590E+02,    4.3546644590E+02,    0.0000000000E+00,    0.0000000000E+00,    0.0000000000E+00,    4.3546644590E+02
    223850,      0.676970,CP8_after_OBC,   1,    0.0000000000E+00,    4.3546644590E+02,    4.3546644590E+02,    0.0000000000E+00,    0.0000000000E+00,    0.0000000000E+00,    4.3546644590E+02
    223850,      0.676970,CP9_after_PTsource,   1,    0.0000000000E+00,    4.3546644590E+02,    4.3546644590E+02,    0.0000000000E+00,    0.0000000000E+00,    0.0000000000E+00,    4.3546644590E+02
    223850,      0.676970,CP10_after_neg_clamp,   1,    0.0000000000E+00,    4.3546644590E+02,    4.3546644590E+02,    0.0000000000E+00,    0.0000000000E+00,    0.0000000000E+00,    4.3546644590E+02
    223850,      0.676970,CP11_after_MPI,   1,    0.0000000000E+00,    4.3546644590E+02,    4.3546644590E+02,    0.0000000000E+00,    0.0000000000E+00,    0.0000000000E+00,    4.3546644590E+02
    223850,      0.676970,CP12_end,   1,    0.0000000000E+00,    4.3546644590E+02,    4.3546644590E+02,    0.0000000000E+00,    0.0000000000E+00,    0.0000000000E+00,    4.3546644590E+02
    223900,      0.676970,CP0_start,   1,    0.0000000000E+00,    4.3559936097E+02,    4.3559936097E+02,    0.0000000000E+00,    0.0000000000E+00,    0.0000000000E+00,    4.3559936097E+02
    223900,      0.676970,CP1_after_deposition,   1,    0.0000000000E+00,    4.3559936097E+02,    4.3559936097E+02,    0.0000000000E+00,    0.0000000000E+00,    0.0000000000E+00,    4.3559936097E+02
    223900,      0.676970,CP2_after_erosion,   1,    0.0000000000E+00,    4.3559936097E+02,    4.3559936097E+02,    0.0000000000E+00,    0.0000000000E+00,    0.0000000000E+00,    4.3559936097E+02
    223900,      0.676970,CP3_after_update_bottom,   1,    0.0000000000E+00,    4.3559936097E+02,    4.3559936097E+02,    0.0000000000E+00,    0.0000000000E+00,    0.0000000000E+00,    4.3559936097E+02
    223900,      0.676970,CP4_after_advection,   1,    0.0000000000E+00,    4.3558341633E+02,    4.3558341633E+02,    0.0000000000E+00,    0.0000000000E+00,    0.0000000000E+00,    4.3558341633E+02
    223900,      0.676970,CP5_after_vdif,   1,    0.0000000000E+00,    4.3558341633E+02,    4.3558341633E+02,    0.0000000000E+00,    0.0000000000E+00,    0.0000000000E+00,    4.3558341633E+02
    223900,      0.676970,CP6_after_kinetics,   1,    0.0000000000E+00,    4.3558341633E+02,    4.3558341633E+02,    0.0000000000E+00,    0.0000000000E+00,    0.0000000000E+00,    4.3558341633E+02
    223900,      0.676970,CP7_after_upper_clamp,   1,    0.0000000000E+00,    4.3558341633E+02,    4.3558341633E+02,    0.0000000000E+00,    0.0000000000E+00,    0.0000000000E+00,    4.3558341633E+02
    223900,      0.676970,CP8_after_OBC,   1,    0.0000000000E+00,    4.3558341633E+02,    4.3558341633E+02,    0.0000000000E+00,    0.0000000000E+00,    0.0000000000E+00,    4.3558341633E+02
    223900,      0.676970,CP9_after_PTsource,   1,    0.0000000000E+00,    4.3558341633E+02,    4.3558341633E+02,    0.0000000000E+00,    0.0000000000E+00,    0.0000000000E+00,    4.3558341633E+02
    223900,      0.676970,CP10_after_neg_clamp,   1,    0.0000000000E+00,    4.3558341633E+02,    4.3558341633E+02,    0.0000000000E+00,    0.0000000000E+00,    0.0000000000E+00,    4.3558341633E+02
    223900,      0.676970,CP11_after_MPI,   1,    0.0000000000E+00,    4.3558341633E+02,    4.3558341633E+02,    0.0000000000E+00,    0.0000000000E+00,    0.0000000000E+00,    4.3558341633E+02
    223900,      0.676970,CP12_end,   1,    0.0000000000E+00,    4.3558341633E+02,    4.3558341633E+02,    0.0000000000E+00,    0.0000000000E+00,    0.0000000000E+00,    4.3558341633E+02
    223950,      0.676970,CP0_start,   1,    0.0000000000E+00,    4.3570340834E+02,    4.3570340834E+02,    0.0000000000E+00,    0.0000000000E+00,    0.0000000000E+00,    4.3570340834E+02
    223950,      0.676970,CP1_after_deposition,   1,    0.0000000000E+00,    4.3570340834E+02,    4.3570340834E+02,    0.0000000000E+00,    0.0000000000E+00,    0.0000000000E+00,    4.3570340834E+02
    223950,      0.676970,CP2_after_erosion,   1,    0.0000000000E+00,    4.3570340834E+02,    4.3570340834E+02,    0.0000000000E+00,    0.0000000000E+00,    0.0000000000E+00,    4.3570340834E+02
    223950,      0.676970,CP3_after_update_bottom,   1,    0.0000000000E+00,    4.3570340834E+02,    4.3570340834E+02,    0.0000000000E+00,    0.0000000000E+00,    0.0000000000E+00,    4.3570340834E+02
    223950,      0.676970,CP4_after_advection,   1,    0.0000000000E+00,    4.3568717489E+02,    4.3568717489E+02,    0.0000000000E+00,    0.0000000000E+00,    0.0000000000E+00,    4.3568717489E+02
    223950,      0.676970,CP5_after_vdif,   1,    0.0000000000E+00,    4.3568717489E+02,    4.3568717489E+02,    0.0000000000E+00,    0.0000000000E+00,    0.0000000000E+00,    4.3568717489E+02
    223950,      0.676970,CP6_after_kinetics,   1,    0.0000000000E+00,    4.3568717489E+02,    4.3568717489E+02,    0.0000000000E+00,    0.0000000000E+00,    0.0000000000E+00,    4.3568717489E+02
    223950,      0.676970,CP7_after_upper_clamp,   1,    0.0000000000E+00,    4.3568717489E+02,    4.3568717489E+02,    0.0000000000E+00,    0.0000000000E+00,    0.0000000000E+00,    4.3568717489E+02
    223950,      0.676970,CP8_after_OBC,   1,    0.0000000000E+00,    4.3568717489E+02,    4.3568717489E+02,    0.0000000000E+00,    0.0000000000E+00,    0.0000000000E+00,    4.3568717489E+02
    223950,      0.676970,CP9_after_PTsource,   1,    0.0000000000E+00,    4.3568717489E+02,    4.3568717489E+02,    0.0000000000E+00,    0.0000000000E+00,    0.0000000000E+00,    4.3568717489E+02
    223950,      0.676970,CP10_after_neg_clamp,   1,    0.0000000000E+00,    4.3568717489E+02,    4.3568717489E+02,    0.0000000000E+00,    0.0000000000E+00,    0.0000000000E+00,    4.3568717489E+02
    223950,      0.676970,CP11_after_MPI,   1,    0.0000000000E+00,    4.3568717489E+02,    4.3568717489E+02,    0.0000000000E+00,    0.0000000000E+00,    0.0000000000E+00,    4.3568717489E+02
    223950,      0.676970,CP12_end,   1,    0.0000000000E+00,    4.3568717489E+02,    4.3568717489E+02,    0.0000000000E+00,    0.0000000000E+00,    0.0000000000E+00,    4.3568717489E+02
    224000,      0.676970,CP0_start,   1,    0.0000000000E+00,    4.3580338616E+02,    4.3580338616E+02,    0.0000000000E+00,    0.0000000000E+00,    0.0000000000E+00,    4.3580338616E+02
    224000,      0.676970,CP1_after_deposition,   1,    0.0000000000E+00,    4.3580338616E+02,    4.3580338616E+02,    0.0000000000E+00,    0.0000000000E+00,    0.0000000000E+00,    4.3580338616E+02
    224000,      0.676970,CP2_after_erosion,   1,    0.0000000000E+00,    4.3580338616E+02,    4.3580338616E+02,    0.0000000000E+00,    0.0000000000E+00,    0.0000000000E+00,    4.3580338616E+02
    224000,      0.676970,CP3_after_update_bottom,   1,    0.0000000000E+00,    4.3580338616E+02,    4.3580338616E+02,    0.0000000000E+00,    0.0000000000E+00,    0.0000000000E+00,    4.3580338616E+02
    224000,      0.676970,CP4_after_advection,   1,    0.0000000000E+00,    4.3578708274E+02,    4.3578708274E+02,    0.0000000000E+00,    0.0000000000E+00,    0.0000000000E+00,    4.3578708274E+02
    224000,      0.676970,CP5_after_vdif,   1,    0.0000000000E+00,    4.3578708274E+02,    4.3578708274E+02,    0.0000000000E+00,    0.0000000000E+00,    0.0000000000E+00,    4.3578708274E+02
    224000,      0.676970,CP6_after_kinetics,   1,    0.0000000000E+00,    4.3578708274E+02,    4.3578708274E+02,    0.0000000000E+00,    0.0000000000E+00,    0.0000000000E+00,    4.3578708274E+02
    224000,      0.676970,CP7_after_upper_clamp,   1,    0.0000000000E+00,    4.3578708274E+02,    4.3578708274E+02,    0.0000000000E+00,    0.0000000000E+00,    0.0000000000E+00,    4.3578708274E+02
    224000,      0.676970,CP8_after_OBC,   1,    0.0000000000E+00,    4.3578708274E+02,    4.3578708274E+02,    0.0000000000E+00,    0.0000000000E+00,    0.0000000000E+00,    4.3578708274E+02
    224000,      0.676970,CP9_after_PTsource,   1,    0.0000000000E+00,    4.3578708274E+02,    4.3578708274E+02,    0.0000000000E+00,    0.0000000000E+00,    0.0000000000E+00,    4.3578708274E+02
    224000,      0.676970,CP10_after_neg_clamp,   1,    0.0000000000E+00,    4.3578708274E+02,    4.3578708274E+02,    0.0000000000E+00,    0.0000000000E+00,    0.0000000000E+00,    4.3578708274E+02
    224000,      0.676970,CP11_after_MPI,   1,    0.0000000000E+00,    4.3578708274E+02,    4.3578708274E+02,    0.0000000000E+00,    0.0000000000E+00,    0.0000000000E+00,    4.3578708274E+02
    224000,      0.676970,CP12_end,   1,    0.0000000000E+00,    4.3578708274E+02,    4.3578708274E+02,    0.0000000000E+00,    0.0000000000E+00,    0.0000000000E+00,    4.3578708274E+02
    224050,      0.676970,CP0_start,   1,    0.0000000000E+00,    4.3590813816E+02,    4.3590813816E+02,    0.0000000000E+00,    0.0000000000E+00,    0.0000000000E+00,    4.3590813816E+02
    224050,      0.676970,CP1_after_deposition,   1,    0.0000000000E+00,    4.3590813816E+02,    4.3590813816E+02,    0.0000000000E+00,    0.0000000000E+00,    0.0000000000E+00,    4.3590813816E+02
    224050,      0.676970,CP2_after_erosion,   1,    0.0000000000E+00,    4.3590813816E+02,    4.3590813816E+02,    0.0000000000E+00,    0.0000000000E+00,    0.0000000000E+00,    4.3590813816E+02
    224050,      0.676970,CP3_after_update_bottom,   1,    0.0000000000E+00,    4.3590813816E+02,    4.3590813816E+02,    0.0000000000E+00,    0.0000000000E+00,    0.0000000000E+00,    4.3590813816E+02
    224050,      0.676970,CP4_after_advection,   1,    0.0000000000E+00,    4.3589188610E+02,    4.3589188610E+02,    0.0000000000E+00,    0.0000000000E+00,    0.0000000000E+00,    4.3589188610E+02
    224050,      0.676970,CP5_after_vdif,   1,    0.0000000000E+00,    4.3589188610E+02,    4.3589188610E+02,    0.0000000000E+00,    0.0000000000E+00,    0.0000000000E+00,    4.3589188610E+02
    224050,      0.676970,CP6_after_kinetics,   1,    0.0000000000E+00,    4.3589188610E+02,    4.3589188610E+02,    0.0000000000E+00,    0.0000000000E+00,    0.0000000000E+00,    4.3589188610E+02
    224050,      0.676970,CP7_after_upper_clamp,   1,    0.0000000000E+00,    4.3589188610E+02,    4.3589188610E+02,    0.0000000000E+00,    0.0000000000E+00,    0.0000000000E+00,    4.3589188610E+02
    224050,      0.676970,CP8_after_OBC,   1,    0.0000000000E+00,    4.3589188610E+02,    4.3589188610E+02,    0.0000000000E+00,    0.0000000000E+00,    0.0000000000E+00,    4.3589188610E+02
    224050,      0.676970,CP9_after_PTsource,   1,    0.0000000000E+00,    4.3589188610E+02,    4.3589188610E+02,    0.0000000000E+00,    0.0000000000E+00,    0.0000000000E+00,    4.3589188610E+02
    224050,      0.676970,CP10_after_neg_clamp,   1,    0.0000000000E+00,    4.3589188610E+02,    4.3589188610E+02,    0.0000000000E+00,    0.0000000000E+00,    0.0000000000E+00,    4.3589188610E+02
    224050,      0.676970,CP11_after_MPI,   1,    0.0000000000E+00,    4.3589188610E+02,    4.3589188610E+02,    0.0000000000E+00,    0.0000000000E+00,    0.0000000000E+00,    4.3589188610E+02
    224050,      0.676970,CP12_end,   1,    0.0000000000E+00,    4.3589188610E+02,    4.3589188610E+02,    0.0000000000E+00,    0.0000000000E+00,    0.0000000000E+00,    4.3589188610E+02
    224100,      0.676970,CP0_start,   1,    0.0000000000E+00,    4.3601902545E+02,    4.3601902545E+02,    0.0000000000E+00,    0.0000000000E+00,    0.0000000000E+00,    4.3601902545E+02
    224100,      0.676970,CP1_after_deposition,   1,    0.0000000000E+00,    4.3601902545E+02,    4.3601902545E+02,    0.0000000000E+00,    0.0000000000E+00,    0.0000000000E+00,    4.3601902545E+02
    224100,      0.676970,CP2_after_erosion,   1,    0.0000000000E+00,    4.3601902545E+02,    4.3601902545E+02,    0.0000000000E+00,    0.0000000000E+00,    0.0000000000E+00,    4.3601902545E+02
    224100,      0.676970,CP3_after_update_bottom,   1,    0.0000000000E+00,    4.3601902545E+02,    4.3601902545E+02,    0.0000000000E+00,    0.0000000000E+00,    0.0000000000E+00,    4.3601902545E+02
    224100,      0.676970,CP4_after_advection,   1,    0.0000000000E+00,    4.3600279400E+02,    4.3600279400E+02,    0.0000000000E+00,    0.0000000000E+00,    0.0000000000E+00,    4.3600279400E+02
    224100,      0.676970,CP5_after_vdif,   1,    0.0000000000E+00,    4.3600279400E+02,    4.3600279400E+02,    0.0000000000E+00,    0.0000000000E+00,    0.0000000000E+00,    4.3600279400E+02
    224100,      0.676970,CP6_after_kinetics,   1,    0.0000000000E+00,    4.3600279400E+02,    4.3600279400E+02,    0.0000000000E+00,    0.0000000000E+00,    0.0000000000E+00,    4.3600279400E+02
    224100,      0.676970,CP7_after_upper_clamp,   1,    0.0000000000E+00,    4.3600279400E+02,    4.3600279400E+02,    0.0000000000E+00,    0.0000000000E+00,    0.0000000000E+00,    4.3600279400E+02
    224100,      0.676970,CP8_after_OBC,   1,    0.0000000000E+00,    4.3600279400E+02,    4.3600279400E+02,    0.0000000000E+00,    0.0000000000E+00,    0.0000000000E+00,    4.3600279400E+02
    224100,      0.676970,CP9_after_PTsource,   1,    0.0000000000E+00,    4.3600279400E+02,    4.3600279400E+02,    0.0000000000E+00,    0.0000000000E+00,    0.0000000000E+00,    4.3600279400E+02
    224100,      0.676970,CP10_after_neg_clamp,   1,    0.0000000000E+00,    4.3600279400E+02,    4.3600279400E+02,    0.0000000000E+00,    0.0000000000E+00,    0.0000000000E+00,    4.3600279400E+02
    224100,      0.676970,CP11_after_MPI,   1,    0.0000000000E+00,    4.3600279400E+02,    4.3600279400E+02,    0.0000000000E+00,    0.0000000000E+00,    0.0000000000E+00,    4.3600279400E+02
    224100,      0.676970,CP12_end,   1,    0.0000000000E+00,    4.3600279400E+02,    4.3600279400E+02,    0.0000000000E+00,    0.0000000000E+00,    0.0000000000E+00,    4.3600279400E+02
    224150,      0.676970,CP0_start,   1,    0.0000000000E+00,    4.3613164012E+02,    4.3613164012E+02,    0.0000000000E+00,    0.0000000000E+00,    0.0000000000E+00,    4.3613164012E+02
    224150,      0.676970,CP1_after_deposition,   1,    0.0000000000E+00,    4.3613164012E+02,    4.3613164012E+02,    0.0000000000E+00,    0.0000000000E+00,    0.0000000000E+00,    4.3613164012E+02
    224150,      0.676970,CP2_after_erosion,   1,    0.0000000000E+00,    4.3613164012E+02,    4.3613164012E+02,    0.0000000000E+00,    0.0000000000E+00,    0.0000000000E+00,    4.3613164012E+02
    224150,      0.676970,CP3_after_update_bottom,   1,    0.0000000000E+00,    4.3613164012E+02,    4.3613164012E+02,    0.0000000000E+00,    0.0000000000E+00,    0.0000000000E+00,    4.3613164012E+02
    224150,      0.676970,CP4_after_advection,   1,    0.0000000000E+00,    4.3611539223E+02,    4.3611539223E+02,    0.0000000000E+00,    0.0000000000E+00,    0.0000000000E+00,    4.3611539223E+02
    224150,      0.676970,CP5_after_vdif,   1,    0.0000000000E+00,    4.3611539223E+02,    4.3611539223E+02,    0.0000000000E+00,    0.0000000000E+00,    0.0000000000E+00,    4.3611539223E+02
    224150,      0.676970,CP6_after_kinetics,   1,    0.0000000000E+00,    4.3611539223E+02,    4.3611539223E+02,    0.0000000000E+00,    0.0000000000E+00,    0.0000000000E+00,    4.3611539223E+02
    224150,      0.676970,CP7_after_upper_clamp,   1,    0.0000000000E+00,    4.3611539223E+02,    4.3611539223E+02,    0.0000000000E+00,    0.0000000000E+00,    0.0000000000E+00,    4.3611539223E+02
    224150,      0.676970,CP8_after_OBC,   1,    0.0000000000E+00,    4.3611539223E+02,    4.3611539223E+02,    0.0000000000E+00,    0.0000000000E+00,    0.0000000000E+00,    4.3611539223E+02
    224150,      0.676970,CP9_after_PTsource,   1,    0.0000000000E+00,    4.3611539223E+02,    4.3611539223E+02,    0.0000000000E+00,    0.0000000000E+00,    0.0000000000E+00,    4.3611539223E+02
    224150,      0.676970,CP10_after_neg_clamp,   1,    0.0000000000E+00,    4.3611539223E+02,    4.3611539223E+02,    0.0000000000E+00,    0.0000000000E+00,    0.0000000000E+00,    4.3611539223E+02
    224150,      0.676970,CP11_after_MPI,   1,    0.0000000000E+00,    4.3611539223E+02,    4.3611539223E+02,    0.0000000000E+00,    0.0000000000E+00,    0.0000000000E+00,    4.3611539223E+02
    224150,      0.676970,CP12_end,   1,    0.0000000000E+00,    4.3611539223E+02,    4.3611539223E+02,    0.0000000000E+00,    0.0000000000E+00,    0.0000000000E+00,    4.3611539223E+02
    224200,      0.676970,CP0_start,   1,    0.0000000000E+00,    4.3624696955E+02,    4.3624696955E+02,    0.0000000000E+00,    0.0000000000E+00,    0.0000000000E+00,    4.3624696955E+02
    224200,      0.676970,CP1_after_deposition,   1,    0.0000000000E+00,    4.3624696955E+02,    4.3624696955E+02,    0.0000000000E+00,    0.0000000000E+00,    0.0000000000E+00,    4.3624696955E+02
    224200,      0.676970,CP2_after_erosion,   1,    0.0000000000E+00,    4.3624696955E+02,    4.3624696955E+02,    0.0000000000E+00,    0.0000000000E+00,    0.0000000000E+00,    4.3624696955E+02
    224200,      0.676970,CP3_after_update_bottom,   1,    0.0000000000E+00,    4.3624696955E+02,    4.3624696955E+02,    0.0000000000E+00,    0.0000000000E+00,    0.0000000000E+00,    4.3624696955E+02
    224200,      0.676970,CP4_after_advection,   1,    0.0000000000E+00,    4.3623072168E+02,    4.3623072168E+02,    0.0000000000E+00,    0.0000000000E+00,    0.0000000000E+00,    4.3623072168E+02
    224200,      0.676970,CP5_after_vdif,   1,    0.0000000000E+00,    4.3623072168E+02,    4.3623072168E+02,    0.0000000000E+00,    0.0000000000E+00,    0.0000000000E+00,    4.3623072168E+02
    224200,      0.676970,CP6_after_kinetics,   1,    0.0000000000E+00,    4.3623072168E+02,    4.3623072168E+02,    0.0000000000E+00,    0.0000000000E+00,    0.0000000000E+00,    4.3623072168E+02
    224200,      0.676970,CP7_after_upper_clamp,   1,    0.0000000000E+00,    4.3623072168E+02,    4.3623072168E+02,    0.0000000000E+00,    0.0000000000E+00,    0.0000000000E+00,    4.3623072168E+02
    224200,      0.676970,CP8_after_OBC,   1,    0.0000000000E+00,    4.3623072168E+02,    4.3623072168E+02,    0.0000000000E+00,    0.0000000000E+00,    0.0000000000E+00,    4.3623072168E+02
    224200,      0.676970,CP9_after_PTsource,   1,    0.0000000000E+00,    4.3623072168E+02,    4.3623072168E+02,    0.0000000000E+00,    0.0000000000E+00,    0.0000000000E+00,    4.3623072168E+02
    224200,      0.676970,CP10_after_neg_clamp,   1,    0.0000000000E+00,    4.3623072168E+02,    4.3623072168E+02,    0.0000000000E+00,    0.0000000000E+00,    0.0000000000E+00,    4.3623072168E+02
    224200,      0.676970,CP11_after_MPI,   1,    0.0000000000E+00,    4.3623072168E+02,    4.3623072168E+02,    0.0000000000E+00,    0.0000000000E+00,    0.0000000000E+00,    4.3623072168E+02
    224200,      0.676970,CP12_end,   1,    0.0000000000E+00,    4.3623072168E+02,    4.3623072168E+02,    0.0000000000E+00,    0.0000000000E+00,    0.0000000000E+00,    4.3623072168E+02
    224250,      0.676970,CP0_start,   1,    0.0000000000E+00,    4.3636550552E+02,    4.3636550552E+02,    0.0000000000E+00,    0.0000000000E+00,    0.0000000000E+00,    4.3636550552E+02
    224250,      0.676970,CP1_after_deposition,   1,    0.0000000000E+00,    4.3636550552E+02,    4.3636550552E+02,    0.0000000000E+00,    0.0000000000E+00,    0.0000000000E+00,    4.3636550552E+02
    224250,      0.676970,CP2_after_erosion,   1,    0.0000000000E+00,    4.3636550552E+02,    4.3636550552E+02,    0.0000000000E+00,    0.0000000000E+00,    0.0000000000E+00,    4.3636550552E+02
    224250,      0.676970,CP3_after_update_bottom,   1,    0.0000000000E+00,    4.3636550552E+02,    4.3636550552E+02,    0.0000000000E+00,    0.0000000000E+00,    0.0000000000E+00,    4.3636550552E+02
    224250,      0.676970,CP4_after_advection,   1,    0.0000000000E+00,    4.3634928088E+02,    4.3634928088E+02,    0.0000000000E+00,    0.0000000000E+00,    0.0000000000E+00,    4.3634928088E+02
    224250,      0.676970,CP5_after_vdif,   1,    0.0000000000E+00,    4.3634928088E+02,    4.3634928088E+02,    0.0000000000E+00,    0.0000000000E+00,    0.0000000000E+00,    4.3634928088E+02
    224250,      0.676970,CP6_after_kinetics,   1,    0.0000000000E+00,    4.3634928088E+02,    4.3634928088E+02,    0.0000000000E+00,    0.0000000000E+00,    0.0000000000E+00,    4.3634928088E+02
    224250,      0.676970,CP7_after_upper_clamp,   1,    0.0000000000E+00,    4.3634928088E+02,    4.3634928088E+02,    0.0000000000E+00,    0.0000000000E+00,    0.0000000000E+00,    4.3634928088E+02
    224250,      0.676970,CP8_after_OBC,   1,    0.0000000000E+00,    4.3634928088E+02,    4.3634928088E+02,    0.0000000000E+00,    0.0000000000E+00,    0.0000000000E+00,    4.3634928088E+02
    224250,      0.676970,CP9_after_PTsource,   1,    0.0000000000E+00,    4.3634928088E+02,    4.3634928088E+02,    0.0000000000E+00,    0.0000000000E+00,    0.0000000000E+00,    4.3634928088E+02
    224250,      0.676970,CP10_after_neg_clamp,   1,    0.0000000000E+00,    4.3634928088E+02,    4.3634928088E+02,    0.0000000000E+00,    0.0000000000E+00,    0.0000000000E+00,    4.3634928088E+02
    224250,      0.676970,CP11_after_MPI,   1,    0.0000000000E+00,    4.3634928088E+02,    4.3634928088E+02,    0.0000000000E+00,    0.0000000000E+00,    0.0000000000E+00,    4.3634928088E+02
    224250,      0.676970,CP12_end,   1,    0.0000000000E+00,    4.3634928088E+02,    4.3634928088E+02,    0.0000000000E+00,    0.0000000000E+00,    0.0000000000E+00,    4.3634928088E+02
    224300,      0.676970,CP0_start,   1,    0.0000000000E+00,    4.3648948743E+02,    4.3648948743E+02,    0.0000000000E+00,    0.0000000000E+00,    0.0000000000E+00,    4.3648948743E+02
    224300,      0.676970,CP1_after_deposition,   1,    0.0000000000E+00,    4.3648948743E+02,    4.3648948743E+02,    0.0000000000E+00,    0.0000000000E+00,    0.0000000000E+00,    4.3648948743E+02
    224300,      0.676970,CP2_after_erosion,   1,    0.0000000000E+00,    4.3648948743E+02,    4.3648948743E+02,    0.0000000000E+00,    0.0000000000E+00,    0.0000000000E+00,    4.3648948743E+02
    224300,      0.676970,CP3_after_update_bottom,   1,    0.0000000000E+00,    4.3648948743E+02,    4.3648948743E+02,    0.0000000000E+00,    0.0000000000E+00,    0.0000000000E+00,    4.3648948743E+02
    224300,      0.676970,CP4_after_advection,   1,    0.0000000000E+00,    4.3647334114E+02,    4.3647334114E+02,    0.0000000000E+00,    0.0000000000E+00,    0.0000000000E+00,    4.3647334114E+02
    224300,      0.676970,CP5_after_vdif,   1,    0.0000000000E+00,    4.3647334114E+02,    4.3647334114E+02,    0.0000000000E+00,    0.0000000000E+00,    0.0000000000E+00,    4.3647334114E+02
    224300,      0.676970,CP6_after_kinetics,   1,    0.0000000000E+00,    4.3647334114E+02,    4.3647334114E+02,    0.0000000000E+00,    0.0000000000E+00,    0.0000000000E+00,    4.3647334114E+02
    224300,      0.676970,CP7_after_upper_clamp,   1,    0.0000000000E+00,    4.3647334114E+02,    4.3647334114E+02,    0.0000000000E+00,    0.0000000000E+00,    0.0000000000E+00,    4.3647334114E+02
    224300,      0.676970,CP8_after_OBC,   1,    0.0000000000E+00,    4.3647334114E+02,    4.3647334114E+02,    0.0000000000E+00,    0.0000000000E+00,    0.0000000000E+00,    4.3647334114E+02
    224300,      0.676970,CP9_after_PTsource,   1,    0.0000000000E+00,    4.3647334114E+02,    4.3647334114E+02,    0.0000000000E+00,    0.0000000000E+00,    0.0000000000E+00,    4.3647334114E+02
    224300,      0.676970,CP10_after_neg_clamp,   1,    0.0000000000E+00,    4.3647334114E+02,    4.3647334114E+02,    0.0000000000E+00,    0.0000000000E+00,    0.0000000000E+00,    4.3647334114E+02
    224300,      0.676970,CP11_after_MPI,   1,    0.0000000000E+00,    4.3647334114E+02,    4.3647334114E+02,    0.0000000000E+00,    0.0000000000E+00,    0.0000000000E+00,    4.3647334114E+02
    224300,      0.676970,CP12_end,   1,    0.0000000000E+00,    4.3647334114E+02,    4.3647334114E+02,    0.0000000000E+00,    0.0000000000E+00,    0.0000000000E+00,    4.3647334114E+02
    224350,      0.676970,CP0_start,   1,    0.0000000000E+00,    4.3662129179E+02,    4.3662129179E+02,    0.0000000000E+00,    0.0000000000E+00,    0.0000000000E+00,    4.3662129179E+02
    224350,      0.676970,CP1_after_deposition,   1,    0.0000000000E+00,    4.3662129179E+02,    4.3662129179E+02,    0.0000000000E+00,    0.0000000000E+00,    0.0000000000E+00,    4.3662129179E+02
    224350,      0.676970,CP2_after_erosion,   1,    0.0000000000E+00,    4.3662129179E+02,    4.3662129179E+02,    0.0000000000E+00,    0.0000000000E+00,    0.0000000000E+00,    4.3662129179E+02
    224350,      0.676970,CP3_after_update_bottom,   1,    0.0000000000E+00,    4.3662129179E+02,    4.3662129179E+02,    0.0000000000E+00,    0.0000000000E+00,    0.0000000000E+00,    4.3662129179E+02
    224350,      0.676970,CP4_after_advection,   1,    0.0000000000E+00,    4.3660528153E+02,    4.3660528153E+02,    0.0000000000E+00,    0.0000000000E+00,    0.0000000000E+00,    4.3660528153E+02
    224350,      0.676970,CP5_after_vdif,   1,    0.0000000000E+00,    4.3660528153E+02,    4.3660528153E+02,    0.0000000000E+00,    0.0000000000E+00,    0.0000000000E+00,    4.3660528153E+02
    224350,      0.676970,CP6_after_kinetics,   1,    0.0000000000E+00,    4.3660528153E+02,    4.3660528153E+02,    0.0000000000E+00,    0.0000000000E+00,    0.0000000000E+00,    4.3660528153E+02
    224350,      0.676970,CP7_after_upper_clamp,   1,    0.0000000000E+00,    4.3660528153E+02,    4.3660528153E+02,    0.0000000000E+00,    0.0000000000E+00,    0.0000000000E+00,    4.3660528153E+02
    224350,      0.676970,CP8_after_OBC,   1,    0.0000000000E+00,    4.3660528153E+02,    4.3660528153E+02,    0.0000000000E+00,    0.0000000000E+00,    0.0000000000E+00,    4.3660528153E+02
    224350,      0.676970,CP9_after_PTsource,   1,    0.0000000000E+00,    4.3660528153E+02,    4.3660528153E+02,    0.0000000000E+00,    0.0000000000E+00,    0.0000000000E+00,    4.3660528153E+02
    224350,      0.676970,CP10_after_neg_clamp,   1,    0.0000000000E+00,    4.3660528153E+02,    4.3660528153E+02,    0.0000000000E+00,    0.0000000000E+00,    0.0000000000E+00,    4.3660528153E+02
    224350,      0.676970,CP11_after_MPI,   1,    0.0000000000E+00,    4.3660528153E+02,    4.3660528153E+02,    0.0000000000E+00,    0.0000000000E+00,    0.0000000000E+00,    4.3660528153E+02
    224350,      0.676970,CP12_end,   1,    0.0000000000E+00,    4.3660528153E+02,    4.3660528153E+02,    0.0000000000E+00,    0.0000000000E+00,    0.0000000000E+00,    4.3660528153E+02
    224400,      0.676970,CP0_start,   1,    0.0000000000E+00,    4.3676323038E+02,    4.3676323038E+02,    0.0000000000E+00,    0.0000000000E+00,    0.0000000000E+00,    4.3676323038E+02
    224400,      0.676970,CP1_after_deposition,   1,    0.0000000000E+00,    4.3676323038E+02,    4.3676323038E+02,    0.0000000000E+00,    0.0000000000E+00,    0.0000000000E+00,    4.3676323038E+02
    224400,      0.676970,CP2_after_erosion,   1,    0.0000000000E+00,    4.3676323038E+02,    4.3676323038E+02,    0.0000000000E+00,    0.0000000000E+00,    0.0000000000E+00,    4.3676323038E+02
    224400,      0.676970,CP3_after_update_bottom,   1,    0.0000000000E+00,    4.3676323038E+02,    4.3676323038E+02,    0.0000000000E+00,    0.0000000000E+00,    0.0000000000E+00,    4.3676323038E+02
    224400,      0.676970,CP4_after_advection,   1,    0.0000000000E+00,    4.3674736728E+02,    4.3674736728E+02,    0.0000000000E+00,    0.0000000000E+00,    0.0000000000E+00,    4.3674736728E+02
    224400,      0.676970,CP5_after_vdif,   1,    0.0000000000E+00,    4.3674736728E+02,    4.3674736728E+02,    0.0000000000E+00,    0.0000000000E+00,    0.0000000000E+00,    4.3674736728E+02
    224400,      0.676970,CP6_after_kinetics,   1,    0.0000000000E+00,    4.3674736728E+02,    4.3674736728E+02,    0.0000000000E+00,    0.0000000000E+00,    0.0000000000E+00,    4.3674736728E+02
    224400,      0.676970,CP7_after_upper_clamp,   1,    0.0000000000E+00,    4.3674736728E+02,    4.3674736728E+02,    0.0000000000E+00,    0.0000000000E+00,    0.0000000000E+00,    4.3674736728E+02
    224400,      0.676970,CP8_after_OBC,   1,    0.0000000000E+00,    4.3674736728E+02,    4.3674736728E+02,    0.0000000000E+00,    0.0000000000E+00,    0.0000000000E+00,    4.3674736728E+02
    224400,      0.676970,CP9_after_PTsource,   1,    0.0000000000E+00,    4.3674736728E+02,    4.3674736728E+02,    0.0000000000E+00,    0.0000000000E+00,    0.0000000000E+00,    4.3674736728E+02
    224400,      0.676970,CP10_after_neg_clamp,   1,    0.0000000000E+00,    4.3674736728E+02,    4.3674736728E+02,    0.0000000000E+00,    0.0000000000E+00,    0.0000000000E+00,    4.3674736728E+02
    224400,      0.676970,CP11_after_MPI,   1,    0.0000000000E+00,    4.3674736728E+02,    4.3674736728E+02,    0.0000000000E+00,    0.0000000000E+00,    0.0000000000E+00,    4.3674736728E+02
    224400,      0.676970,CP12_end,   1,    0.0000000000E+00,    4.3674736728E+02,    4.3674736728E+02,    0.0000000000E+00,    0.0000000000E+00,    0.0000000000E+00,    4.3674736728E+02
    224450,      0.676970,CP0_start,   1,    0.0000000000E+00,    4.3691361809E+02,    4.3691361809E+02,    0.0000000000E+00,    0.0000000000E+00,    0.0000000000E+00,    4.3691361809E+02
    224450,      0.676970,CP1_after_deposition,   1,    0.0000000000E+00,    4.3691361809E+02,    4.3691361809E+02,    0.0000000000E+00,    0.0000000000E+00,    0.0000000000E+00,    4.3691361809E+02
    224450,      0.676970,CP2_after_erosion,   1,    0.0000000000E+00,    4.3691361809E+02,    4.3691361809E+02,    0.0000000000E+00,    0.0000000000E+00,    0.0000000000E+00,    4.3691361809E+02
    224450,      0.676970,CP3_after_update_bottom,   1,    0.0000000000E+00,    4.3691361809E+02,    4.3691361809E+02,    0.0000000000E+00,    0.0000000000E+00,    0.0000000000E+00,    4.3691361809E+02
    224450,      0.676970,CP4_after_advection,   1,    0.0000000000E+00,    4.3689781303E+02,    4.3689781303E+02,    0.0000000000E+00,    0.0000000000E+00,    0.0000000000E+00,    4.3689781303E+02
    224450,      0.676970,CP5_after_vdif,   1,    0.0000000000E+00,    4.3689781303E+02,    4.3689781303E+02,    0.0000000000E+00,    0.0000000000E+00,    0.0000000000E+00,    4.3689781303E+02
    224450,      0.676970,CP6_after_kinetics,   1,    0.0000000000E+00,    4.3689781303E+02,    4.3689781303E+02,    0.0000000000E+00,    0.0000000000E+00,    0.0000000000E+00,    4.3689781303E+02
    224450,      0.676970,CP7_after_upper_clamp,   1,    0.0000000000E+00,    4.3689781303E+02,    4.3689781303E+02,    0.0000000000E+00,    0.0000000000E+00,    0.0000000000E+00,    4.3689781303E+02
    224450,      0.676970,CP8_after_OBC,   1,    0.0000000000E+00,    4.3689781303E+02,    4.3689781303E+02,    0.0000000000E+00,    0.0000000000E+00,    0.0000000000E+00,    4.3689781303E+02
    224450,      0.676970,CP9_after_PTsource,   1,    0.0000000000E+00,    4.3689781303E+02,    4.3689781303E+02,    0.0000000000E+00,    0.0000000000E+00,    0.0000000000E+00,    4.3689781303E+02
    224450,      0.676970,CP10_after_neg_clamp,   1,    0.0000000000E+00,    4.3689781303E+02,    4.3689781303E+02,    0.0000000000E+00,    0.0000000000E+00,    0.0000000000E+00,    4.3689781303E+02
    224450,      0.676970,CP11_after_MPI,   1,    0.0000000000E+00,    4.3689781303E+02,    4.3689781303E+02,    0.0000000000E+00,    0.0000000000E+00,    0.0000000000E+00,    4.3689781303E+02
    224450,      0.676970,CP12_end,   1,    0.0000000000E+00,    4.3689781303E+02,    4.3689781303E+02,    0.0000000000E+00,    0.0000000000E+00,    0.0000000000E+00,    4.3689781303E+02
    224500,      0.676970,CP0_start,   1,    0.0000000000E+00,    4.3706723275E+02,    4.3706723275E+02,    0.0000000000E+00,    0.0000000000E+00,    0.0000000000E+00,    4.3706723275E+02
    224500,      0.676970,CP1_after_deposition,   1,    0.0000000000E+00,    4.3706723275E+02,    4.3706723275E+02,    0.0000000000E+00,    0.0000000000E+00,    0.0000000000E+00,    4.3706723275E+02
    224500,      0.676970,CP2_after_erosion,   1,    0.0000000000E+00,    4.3706723275E+02,    4.3706723275E+02,    0.0000000000E+00,    0.0000000000E+00,    0.0000000000E+00,    4.3706723275E+02
    224500,      0.676970,CP3_after_update_bottom,   1,    0.0000000000E+00,    4.3706723275E+02,    4.3706723275E+02,    0.0000000000E+00,    0.0000000000E+00,    0.0000000000E+00,    4.3706723275E+02
    224500,      0.676970,CP4_after_advection,   1,    0.0000000000E+00,    4.3705138995E+02,    4.3705138995E+02,    0.0000000000E+00,    0.0000000000E+00,    0.0000000000E+00,    4.3705138995E+02
    224500,      0.676970,CP5_after_vdif,   1,    0.0000000000E+00,    4.3705138995E+02,    4.3705138995E+02,    0.0000000000E+00,    0.0000000000E+00,    0.0000000000E+00,    4.3705138995E+02
    224500,      0.676970,CP6_after_kinetics,   1,    0.0000000000E+00,    4.3705138995E+02,    4.3705138995E+02,    0.0000000000E+00,    0.0000000000E+00,    0.0000000000E+00,    4.3705138995E+02
    224500,      0.676970,CP7_after_upper_clamp,   1,    0.0000000000E+00,    4.3705138995E+02,    4.3705138995E+02,    0.0000000000E+00,    0.0000000000E+00,    0.0000000000E+00,    4.3705138995E+02
    224500,      0.676970,CP8_after_OBC,   1,    0.0000000000E+00,    4.3705138995E+02,    4.3705138995E+02,    0.0000000000E+00,    0.0000000000E+00,    0.0000000000E+00,    4.3705138995E+02
    224500,      0.676970,CP9_after_PTsource,   1,    0.0000000000E+00,    4.3705138995E+02,    4.3705138995E+02,    0.0000000000E+00,    0.0000000000E+00,    0.0000000000E+00,    4.3705138995E+02
    224500,      0.676970,CP10_after_neg_clamp,   1,    0.0000000000E+00,    4.3705138995E+02,    4.3705138995E+02,    0.0000000000E+00,    0.0000000000E+00,    0.0000000000E+00,    4.3705138995E+02
    224500,      0.676970,CP11_after_MPI,   1,    0.0000000000E+00,    4.3705138995E+02,    4.3705138995E+02,    0.0000000000E+00,    0.0000000000E+00,    0.0000000000E+00,    4.3705138995E+02
    224500,      0.676970,CP12_end,   1,    0.0000000000E+00,    4.3705138995E+02,    4.3705138995E+02,    0.0000000000E+00,    0.0000000000E+00,    0.0000000000E+00,    4.3705138995E+02
    224550,      0.676970,CP0_start,   1,    0.0000000000E+00,    4.3721862835E+02,    4.3721862835E+02,    0.0000000000E+00,    0.0000000000E+00,    0.0000000000E+00,    4.3721862835E+02
    224550,      0.676970,CP1_after_deposition,   1,    0.0000000000E+00,    4.3721862835E+02,    4.3721862835E+02,    0.0000000000E+00,    0.0000000000E+00,    0.0000000000E+00,    4.3721862835E+02
    224550,      0.676970,CP2_after_erosion,   1,    0.0000000000E+00,    4.3721862835E+02,    4.3721862835E+02,    0.0000000000E+00,    0.0000000000E+00,    0.0000000000E+00,    4.3721862835E+02
    224550,      0.676970,CP3_after_update_bottom,   1,    0.0000000000E+00,    4.3721862835E+02,    4.3721862835E+02,    0.0000000000E+00,    0.0000000000E+00,    0.0000000000E+00,    4.3721862835E+02
    224550,      0.676970,CP4_after_advection,   1,    0.0000000000E+00,    4.3720263682E+02,    4.3720263682E+02,    0.0000000000E+00,    0.0000000000E+00,    0.0000000000E+00,    4.3720263682E+02
    224550,      0.676970,CP5_after_vdif,   1,    0.0000000000E+00,    4.3720263682E+02,    4.3720263682E+02,    0.0000000000E+00,    0.0000000000E+00,    0.0000000000E+00,    4.3720263682E+02
    224550,      0.676970,CP6_after_kinetics,   1,    0.0000000000E+00,    4.3720263682E+02,    4.3720263682E+02,    0.0000000000E+00,    0.0000000000E+00,    0.0000000000E+00,    4.3720263682E+02
    224550,      0.676970,CP7_after_upper_clamp,   1,    0.0000000000E+00,    4.3720263682E+02,    4.3720263682E+02,    0.0000000000E+00,    0.0000000000E+00,    0.0000000000E+00,    4.3720263682E+02
    224550,      0.676970,CP8_after_OBC,   1,    0.0000000000E+00,    4.3720263682E+02,    4.3720263682E+02,    0.0000000000E+00,    0.0000000000E+00,    0.0000000000E+00,    4.3720263682E+02
    224550,      0.676970,CP9_after_PTsource,   1,    0.0000000000E+00,    4.3720263682E+02,    4.3720263682E+02,    0.0000000000E+00,    0.0000000000E+00,    0.0000000000E+00,    4.3720263682E+02
    224550,      0.676970,CP10_after_neg_clamp,   1,    0.0000000000E+00,    4.3720263682E+02,    4.3720263682E+02,    0.0000000000E+00,    0.0000000000E+00,    0.0000000000E+00,    4.3720263682E+02
    224550,      0.676970,CP11_after_MPI,   1,    0.0000000000E+00,    4.3720263682E+02,    4.3720263682E+02,    0.0000000000E+00,    0.0000000000E+00,    0.0000000000E+00,    4.3720263682E+02
    224550,      0.676970,CP12_end,   1,    0.0000000000E+00,    4.3720263682E+02,    4.3720263682E+02,    0.0000000000E+00,    0.0000000000E+00,    0.0000000000E+00,    4.3720263682E+02
    224600,      0.676970,CP0_start,   1,    0.0000000000E+00,    4.3736347777E+02,    4.3736347777E+02,    0.0000000000E+00,    0.0000000000E+00,    0.0000000000E+00,    4.3736347777E+02
    224600,      0.676970,CP1_after_deposition,   1,    0.0000000000E+00,    4.3736347777E+02,    4.3736347777E+02,    0.0000000000E+00,    0.0000000000E+00,    0.0000000000E+00,    4.3736347777E+02
    224600,      0.676970,CP2_after_erosion,   1,    0.0000000000E+00,    4.3736347777E+02,    4.3736347777E+02,    0.0000000000E+00,    0.0000000000E+00,    0.0000000000E+00,    4.3736347777E+02
    224600,      0.676970,CP3_after_update_bottom,   1,    0.0000000000E+00,    4.3736347777E+02,    4.3736347777E+02,    0.0000000000E+00,    0.0000000000E+00,    0.0000000000E+00,    4.3736347777E+02
    224600,      0.676970,CP4_after_advection,   1,    0.0000000000E+00,    4.3734727717E+02,    4.3734727717E+02,    0.0000000000E+00,    0.0000000000E+00,    0.0000000000E+00,    4.3734727717E+02
    224600,      0.676970,CP5_after_vdif,   1,    0.0000000000E+00,    4.3734727717E+02,    4.3734727717E+02,    0.0000000000E+00,    0.0000000000E+00,    0.0000000000E+00,    4.3734727717E+02
    224600,      0.676970,CP6_after_kinetics,   1,    0.0000000000E+00,    4.3734727717E+02,    4.3734727717E+02,    0.0000000000E+00,    0.0000000000E+00,    0.0000000000E+00,    4.3734727717E+02
    224600,      0.676970,CP7_after_upper_clamp,   1,    0.0000000000E+00,    4.3734727717E+02,    4.3734727717E+02,    0.0000000000E+00,    0.0000000000E+00,    0.0000000000E+00,    4.3734727717E+02
    224600,      0.676970,CP8_after_OBC,   1,    0.0000000000E+00,    4.3734727717E+02,    4.3734727717E+02,    0.0000000000E+00,    0.0000000000E+00,    0.0000000000E+00,    4.3734727717E+02
    224600,      0.676970,CP9_after_PTsource,   1,    0.0000000000E+00,    4.3734727717E+02,    4.3734727717E+02,    0.0000000000E+00,    0.0000000000E+00,    0.0000000000E+00,    4.3734727717E+02
    224600,      0.676970,CP10_after_neg_clamp,   1,    0.0000000000E+00,    4.3734727717E+02,    4.3734727717E+02,    0.0000000000E+00,    0.0000000000E+00,    0.0000000000E+00,    4.3734727717E+02
    224600,      0.676970,CP11_after_MPI,   1,    0.0000000000E+00,    4.3734727717E+02,    4.3734727717E+02,    0.0000000000E+00,    0.0000000000E+00,    0.0000000000E+00,    4.3734727717E+02
    224600,      0.676970,CP12_end,   1,    0.0000000000E+00,    4.3734727717E+02,    4.3734727717E+02,    0.0000000000E+00,    0.0000000000E+00,    0.0000000000E+00,    4.3734727717E+02
    224650,      0.676970,CP0_start,   1,    0.0000000000E+00,    4.3749977295E+02,    4.3749977295E+02,    0.0000000000E+00,    0.0000000000E+00,    0.0000000000E+00,    4.3749977295E+02
    224650,      0.676970,CP1_after_deposition,   1,    0.0000000000E+00,    4.3749977295E+02,    4.3749977295E+02,    0.0000000000E+00,    0.0000000000E+00,    0.0000000000E+00,    4.3749977295E+02
    224650,      0.676970,CP2_after_erosion,   1,    0.0000000000E+00,    4.3749977295E+02,    4.3749977295E+02,    0.0000000000E+00,    0.0000000000E+00,    0.0000000000E+00,    4.3749977295E+02
    224650,      0.676970,CP3_after_update_bottom,   1,    0.0000000000E+00,    4.3749977295E+02,    4.3749977295E+02,    0.0000000000E+00,    0.0000000000E+00,    0.0000000000E+00,    4.3749977295E+02
    224650,      0.676970,CP4_after_advection,   1,    0.0000000000E+00,    4.3748337307E+02,    4.3748337307E+02,    0.0000000000E+00,    0.0000000000E+00,    0.0000000000E+00,    4.3748337307E+02
    224650,      0.676970,CP5_after_vdif,   1,    0.0000000000E+00,    4.3748337307E+02,    4.3748337307E+02,    0.0000000000E+00,    0.0000000000E+00,    0.0000000000E+00,    4.3748337307E+02
    224650,      0.676970,CP6_after_kinetics,   1,    0.0000000000E+00,    4.3748337307E+02,    4.3748337307E+02,    0.0000000000E+00,    0.0000000000E+00,    0.0000000000E+00,    4.3748337307E+02
    224650,      0.676970,CP7_after_upper_clamp,   1,    0.0000000000E+00,    4.3748337307E+02,    4.3748337307E+02,    0.0000000000E+00,    0.0000000000E+00,    0.0000000000E+00,    4.3748337307E+02
    224650,      0.676970,CP8_after_OBC,   1,    0.0000000000E+00,    4.3748337307E+02,    4.3748337307E+02,    0.0000000000E+00,    0.0000000000E+00,    0.0000000000E+00,    4.3748337307E+02
    224650,      0.676970,CP9_after_PTsource,   1,    0.0000000000E+00,    4.3748337307E+02,    4.3748337307E+02,    0.0000000000E+00,    0.0000000000E+00,    0.0000000000E+00,    4.3748337307E+02
    224650,      0.676970,CP10_after_neg_clamp,   1,    0.0000000000E+00,    4.3748337307E+02,    4.3748337307E+02,    0.0000000000E+00,    0.0000000000E+00,    0.0000000000E+00,    4.3748337307E+02
    224650,      0.676970,CP11_after_MPI,   1,    0.0000000000E+00,    4.3748337307E+02,    4.3748337307E+02,    0.0000000000E+00,    0.0000000000E+00,    0.0000000000E+00,    4.3748337307E+02
    224650,      0.676970,CP12_end,   1,    0.0000000000E+00,    4.3748337307E+02,    4.3748337307E+02,    0.0000000000E+00,    0.0000000000E+00,    0.0000000000E+00,    4.3748337307E+02
    224700,      0.676970,CP0_start,   1,    0.0000000000E+00,    4.3762733775E+02,    4.3762733775E+02,    0.0000000000E+00,    0.0000000000E+00,    0.0000000000E+00,    4.3762733775E+02
    224700,      0.676970,CP1_after_deposition,   1,    0.0000000000E+00,    4.3762733775E+02,    4.3762733775E+02,    0.0000000000E+00,    0.0000000000E+00,    0.0000000000E+00,    4.3762733775E+02
    224700,      0.676970,CP2_after_erosion,   1,    0.0000000000E+00,    4.3762733775E+02,    4.3762733775E+02,    0.0000000000E+00,    0.0000000000E+00,    0.0000000000E+00,    4.3762733775E+02
    224700,      0.676970,CP3_after_update_bottom,   1,    0.0000000000E+00,    4.3762733775E+02,    4.3762733775E+02,    0.0000000000E+00,    0.0000000000E+00,    0.0000000000E+00,    4.3762733775E+02
    224700,      0.676970,CP4_after_advection,   1,    0.0000000000E+00,    4.3761073716E+02,    4.3761073716E+02,    0.0000000000E+00,    0.0000000000E+00,    0.0000000000E+00,    4.3761073716E+02
    224700,      0.676970,CP5_after_vdif,   1,    0.0000000000E+00,    4.3761073716E+02,    4.3761073716E+02,    0.0000000000E+00,    0.0000000000E+00,    0.0000000000E+00,    4.3761073716E+02
    224700,      0.676970,CP6_after_kinetics,   1,    0.0000000000E+00,    4.3761073716E+02,    4.3761073716E+02,    0.0000000000E+00,    0.0000000000E+00,    0.0000000000E+00,    4.3761073716E+02
    224700,      0.676970,CP7_after_upper_clamp,   1,    0.0000000000E+00,    4.3761073716E+02,    4.3761073716E+02,    0.0000000000E+00,    0.0000000000E+00,    0.0000000000E+00,    4.3761073716E+02
    224700,      0.676970,CP8_after_OBC,   1,    0.0000000000E+00,    4.3761073716E+02,    4.3761073716E+02,    0.0000000000E+00,    0.0000000000E+00,    0.0000000000E+00,    4.3761073716E+02
    224700,      0.676970,CP9_after_PTsource,   1,    0.0000000000E+00,    4.3761073716E+02,    4.3761073716E+02,    0.0000000000E+00,    0.0000000000E+00,    0.0000000000E+00,    4.3761073716E+02
    224700,      0.676970,CP10_after_neg_clamp,   1,    0.0000000000E+00,    4.3761073716E+02,    4.3761073716E+02,    0.0000000000E+00,    0.0000000000E+00,    0.0000000000E+00,    4.3761073716E+02
    224700,      0.676970,CP11_after_MPI,   1,    0.0000000000E+00,    4.3761073716E+02,    4.3761073716E+02,    0.0000000000E+00,    0.0000000000E+00,    0.0000000000E+00,    4.3761073716E+02
    224700,      0.676970,CP12_end,   1,    0.0000000000E+00,    4.3761073716E+02,    4.3761073716E+02,    0.0000000000E+00,    0.0000000000E+00,    0.0000000000E+00,    4.3761073716E+02
    224750,      0.676970,CP0_start,   1,    0.0000000000E+00,    4.3774513267E+02,    4.3774513267E+02,    0.0000000000E+00,    0.0000000000E+00,    0.0000000000E+00,    4.3774513267E+02
    224750,      0.676970,CP1_after_deposition,   1,    0.0000000000E+00,    4.3774513267E+02,    4.3774513267E+02,    0.0000000000E+00,    0.0000000000E+00,    0.0000000000E+00,    4.3774513267E+02
    224750,      0.676970,CP2_after_erosion,   1,    0.0000000000E+00,    4.3774513267E+02,    4.3774513267E+02,    0.0000000000E+00,    0.0000000000E+00,    0.0000000000E+00,    4.3774513267E+02
    224750,      0.676970,CP3_after_update_bottom,   1,    0.0000000000E+00,    4.3774513267E+02,    4.3774513267E+02,    0.0000000000E+00,    0.0000000000E+00,    0.0000000000E+00,    4.3774513267E+02
    224750,      0.676970,CP4_after_advection,   1,    0.0000000000E+00,    4.3772831265E+02,    4.3772831265E+02,    0.0000000000E+00,    0.0000000000E+00,    0.0000000000E+00,    4.3772831265E+02
    224750,      0.676970,CP5_after_vdif,   1,    0.0000000000E+00,    4.3772831265E+02,    4.3772831265E+02,    0.0000000000E+00,    0.0000000000E+00,    0.0000000000E+00,    4.3772831265E+02
    224750,      0.676970,CP6_after_kinetics,   1,    0.0000000000E+00,    4.3772831265E+02,    4.3772831265E+02,    0.0000000000E+00,    0.0000000000E+00,    0.0000000000E+00,    4.3772831265E+02
    224750,      0.676970,CP7_after_upper_clamp,   1,    0.0000000000E+00,    4.3772831265E+02,    4.3772831265E+02,    0.0000000000E+00,    0.0000000000E+00,    0.0000000000E+00,    4.3772831265E+02
    224750,      0.676970,CP8_after_OBC,   1,    0.0000000000E+00,    4.3772831265E+02,    4.3772831265E+02,    0.0000000000E+00,    0.0000000000E+00,    0.0000000000E+00,    4.3772831265E+02
    224750,      0.676970,CP9_after_PTsource,   1,    0.0000000000E+00,    4.3772831265E+02,    4.3772831265E+02,    0.0000000000E+00,    0.0000000000E+00,    0.0000000000E+00,    4.3772831265E+02
    224750,      0.676970,CP10_after_neg_clamp,   1,    0.0000000000E+00,    4.3772831265E+02,    4.3772831265E+02,    0.0000000000E+00,    0.0000000000E+00,    0.0000000000E+00,    4.3772831265E+02
    224750,      0.676970,CP11_after_MPI,   1,    0.0000000000E+00,    4.3772831265E+02,    4.3772831265E+02,    0.0000000000E+00,    0.0000000000E+00,    0.0000000000E+00,    4.3772831265E+02
    224750,      0.676970,CP12_end,   1,    0.0000000000E+00,    4.3772831265E+02,    4.3772831265E+02,    0.0000000000E+00,    0.0000000000E+00,    0.0000000000E+00,    4.3772831265E+02
    224800,      0.676970,CP0_start,   1,    0.0000000000E+00,    4.3785403614E+02,    4.3785403614E+02,    0.0000000000E+00,    0.0000000000E+00,    0.0000000000E+00,    4.3785403614E+02
    224800,      0.676970,CP1_after_deposition,   1,    0.0000000000E+00,    4.3785403614E+02,    4.3785403614E+02,    0.0000000000E+00,    0.0000000000E+00,    0.0000000000E+00,    4.3785403614E+02
    224800,      0.676970,CP2_after_erosion,   1,    0.0000000000E+00,    4.3785403614E+02,    4.3785403614E+02,    0.0000000000E+00,    0.0000000000E+00,    0.0000000000E+00,    4.3785403614E+02
    224800,      0.676970,CP3_after_update_bottom,   1,    0.0000000000E+00,    4.3785403614E+02,    4.3785403614E+02,    0.0000000000E+00,    0.0000000000E+00,    0.0000000000E+00,    4.3785403614E+02
    224800,      0.676970,CP4_after_advection,   1,    0.0000000000E+00,    4.3783706932E+02,    4.3783706932E+02,    0.0000000000E+00,    0.0000000000E+00,    0.0000000000E+00,    4.3783706932E+02
    224800,      0.676970,CP5_after_vdif,   1,    0.0000000000E+00,    4.3783706932E+02,    4.3783706932E+02,    0.0000000000E+00,    0.0000000000E+00,    0.0000000000E+00,    4.3783706932E+02
    224800,      0.676970,CP6_after_kinetics,   1,    0.0000000000E+00,    4.3783706932E+02,    4.3783706932E+02,    0.0000000000E+00,    0.0000000000E+00,    0.0000000000E+00,    4.3783706932E+02
    224800,      0.676970,CP7_after_upper_clamp,   1,    0.0000000000E+00,    4.3783706932E+02,    4.3783706932E+02,    0.0000000000E+00,    0.0000000000E+00,    0.0000000000E+00,    4.3783706932E+02
    224800,      0.676970,CP8_after_OBC,   1,    0.0000000000E+00,    4.3783706932E+02,    4.3783706932E+02,    0.0000000000E+00,    0.0000000000E+00,    0.0000000000E+00,    4.3783706932E+02
    224800,      0.676970,CP9_after_PTsource,   1,    0.0000000000E+00,    4.3783706932E+02,    4.3783706932E+02,    0.0000000000E+00,    0.0000000000E+00,    0.0000000000E+00,    4.3783706932E+02
    224800,      0.676970,CP10_after_neg_clamp,   1,    0.0000000000E+00,    4.3783706932E+02,    4.3783706932E+02,    0.0000000000E+00,    0.0000000000E+00,    0.0000000000E+00,    4.3783706932E+02
    224800,      0.676970,CP11_after_MPI,   1,    0.0000000000E+00,    4.3783706932E+02,    4.3783706932E+02,    0.0000000000E+00,    0.0000000000E+00,    0.0000000000E+00,    4.3783706932E+02
    224800,      0.676970,CP12_end,   1,    0.0000000000E+00,    4.3783706932E+02,    4.3783706932E+02,    0.0000000000E+00,    0.0000000000E+00,    0.0000000000E+00,    4.3783706932E+02
    224850,      0.676970,CP0_start,   1,    0.0000000000E+00,    4.3795834577E+02,    4.3795834577E+02,    0.0000000000E+00,    0.0000000000E+00,    0.0000000000E+00,    4.3795834577E+02
    224850,      0.676970,CP1_after_deposition,   1,    0.0000000000E+00,    4.3795834577E+02,    4.3795834577E+02,    0.0000000000E+00,    0.0000000000E+00,    0.0000000000E+00,    4.3795834577E+02
    224850,      0.676970,CP2_after_erosion,   1,    0.0000000000E+00,    4.3795834577E+02,    4.3795834577E+02,    0.0000000000E+00,    0.0000000000E+00,    0.0000000000E+00,    4.3795834577E+02
    224850,      0.676970,CP3_after_update_bottom,   1,    0.0000000000E+00,    4.3795834577E+02,    4.3795834577E+02,    0.0000000000E+00,    0.0000000000E+00,    0.0000000000E+00,    4.3795834577E+02
    224850,      0.676970,CP4_after_advection,   1,    0.0000000000E+00,    4.3794135387E+02,    4.3794135387E+02,    0.0000000000E+00,    0.0000000000E+00,    0.0000000000E+00,    4.3794135387E+02
    224850,      0.676970,CP5_after_vdif,   1,    0.0000000000E+00,    4.3794135387E+02,    4.3794135387E+02,    0.0000000000E+00,    0.0000000000E+00,    0.0000000000E+00,    4.3794135387E+02
    224850,      0.676970,CP6_after_kinetics,   1,    0.0000000000E+00,    4.3794135387E+02,    4.3794135387E+02,    0.0000000000E+00,    0.0000000000E+00,    0.0000000000E+00,    4.3794135387E+02
    224850,      0.676970,CP7_after_upper_clamp,   1,    0.0000000000E+00,    4.3794135387E+02,    4.3794135387E+02,    0.0000000000E+00,    0.0000000000E+00,    0.0000000000E+00,    4.3794135387E+02
    224850,      0.676970,CP8_after_OBC,   1,    0.0000000000E+00,    4.3794135387E+02,    4.3794135387E+02,    0.0000000000E+00,    0.0000000000E+00,    0.0000000000E+00,    4.3794135387E+02
    224850,      0.676970,CP9_after_PTsource,   1,    0.0000000000E+00,    4.3794135387E+02,    4.3794135387E+02,    0.0000000000E+00,    0.0000000000E+00,    0.0000000000E+00,    4.3794135387E+02
    224850,      0.676970,CP10_after_neg_clamp,   1,    0.0000000000E+00,    4.3794135387E+02,    4.3794135387E+02,    0.0000000000E+00,    0.0000000000E+00,    0.0000000000E+00,    4.3794135387E+02
    224850,      0.676970,CP11_after_MPI,   1,    0.0000000000E+00,    4.3794135387E+02,    4.3794135387E+02,    0.0000000000E+00,    0.0000000000E+00,    0.0000000000E+00,    4.3794135387E+02
    224850,      0.676970,CP12_end,   1,    0.0000000000E+00,    4.3794135387E+02,    4.3794135387E+02,    0.0000000000E+00,    0.0000000000E+00,    0.0000000000E+00,    4.3794135387E+02
    224900,      0.676970,CP0_start,   1,    0.0000000000E+00,    4.3806411650E+02,    4.3806411650E+02,    0.0000000000E+00,    0.0000000000E+00,    0.0000000000E+00,    4.3806411650E+02
    224900,      0.676970,CP1_after_deposition,   1,    0.0000000000E+00,    4.3806411650E+02,    4.3806411650E+02,    0.0000000000E+00,    0.0000000000E+00,    0.0000000000E+00,    4.3806411650E+02
    224900,      0.676970,CP2_after_erosion,   1,    0.0000000000E+00,    4.3806411650E+02,    4.3806411650E+02,    0.0000000000E+00,    0.0000000000E+00,    0.0000000000E+00,    4.3806411650E+02
    224900,      0.676970,CP3_after_update_bottom,   1,    0.0000000000E+00,    4.3806411650E+02,    4.3806411650E+02,    0.0000000000E+00,    0.0000000000E+00,    0.0000000000E+00,    4.3806411650E+02
    224900,      0.676970,CP4_after_advection,   1,    0.0000000000E+00,    4.3804719574E+02,    4.3804719574E+02,    0.0000000000E+00,    0.0000000000E+00,    0.0000000000E+00,    4.3804719574E+02
    224900,      0.676970,CP5_after_vdif,   1,    0.0000000000E+00,    4.3804719574E+02,    4.3804719574E+02,    0.0000000000E+00,    0.0000000000E+00,    0.0000000000E+00,    4.3804719574E+02
    224900,      0.676970,CP6_after_kinetics,   1,    0.0000000000E+00,    4.3804719574E+02,    4.3804719574E+02,    0.0000000000E+00,    0.0000000000E+00,    0.0000000000E+00,    4.3804719574E+02
    224900,      0.676970,CP7_after_upper_clamp,   1,    0.0000000000E+00,    4.3804719574E+02,    4.3804719574E+02,    0.0000000000E+00,    0.0000000000E+00,    0.0000000000E+00,    4.3804719574E+02
    224900,      0.676970,CP8_after_OBC,   1,    0.0000000000E+00,    4.3804719574E+02,    4.3804719574E+02,    0.0000000000E+00,    0.0000000000E+00,    0.0000000000E+00,    4.3804719574E+02
    224900,      0.676970,CP9_after_PTsource,   1,    0.0000000000E+00,    4.3804719574E+02,    4.3804719574E+02,    0.0000000000E+00,    0.0000000000E+00,    0.0000000000E+00,    4.3804719574E+02
    224900,      0.676970,CP10_after_neg_clamp,   1,    0.0000000000E+00,    4.3804719574E+02,    4.3804719574E+02,    0.0000000000E+00,    0.0000000000E+00,    0.0000000000E+00,    4.3804719574E+02
    224900,      0.676970,CP11_after_MPI,   1,    0.0000000000E+00,    4.3804719574E+02,    4.3804719574E+02,    0.0000000000E+00,    0.0000000000E+00,    0.0000000000E+00,    4.3804719574E+02
    224900,      0.676970,CP12_end,   1,    0.0000000000E+00,    4.3804719574E+02,    4.3804719574E+02,    0.0000000000E+00,    0.0000000000E+00,    0.0000000000E+00,    4.3804719574E+02
    224950,      0.676970,CP0_start,   1,    0.0000000000E+00,    4.3817515590E+02,    4.3817515590E+02,    0.0000000000E+00,    0.0000000000E+00,    0.0000000000E+00,    4.3817515590E+02
    224950,      0.676970,CP1_after_deposition,   1,    0.0000000000E+00,    4.3817515590E+02,    4.3817515590E+02,    0.0000000000E+00,    0.0000000000E+00,    0.0000000000E+00,    4.3817515590E+02
    224950,      0.676970,CP2_after_erosion,   1,    0.0000000000E+00,    4.3817515590E+02,    4.3817515590E+02,    0.0000000000E+00,    0.0000000000E+00,    0.0000000000E+00,    4.3817515590E+02
    224950,      0.676970,CP3_after_update_bottom,   1,    0.0000000000E+00,    4.3817515590E+02,    4.3817515590E+02,    0.0000000000E+00,    0.0000000000E+00,    0.0000000000E+00,    4.3817515590E+02
    224950,      0.676970,CP4_after_advection,   1,    0.0000000000E+00,    4.3815835193E+02,    4.3815835193E+02,    0.0000000000E+00,    0.0000000000E+00,    0.0000000000E+00,    4.3815835193E+02
    224950,      0.676970,CP5_after_vdif,   1,    0.0000000000E+00,    4.3815835193E+02,    4.3815835193E+02,    0.0000000000E+00,    0.0000000000E+00,    0.0000000000E+00,    4.3815835193E+02
    224950,      0.676970,CP6_after_kinetics,   1,    0.0000000000E+00,    4.3815835193E+02,    4.3815835193E+02,    0.0000000000E+00,    0.0000000000E+00,    0.0000000000E+00,    4.3815835193E+02
    224950,      0.676970,CP7_after_upper_clamp,   1,    0.0000000000E+00,    4.3815835193E+02,    4.3815835193E+02,    0.0000000000E+00,    0.0000000000E+00,    0.0000000000E+00,    4.3815835193E+02
    224950,      0.676970,CP8_after_OBC,   1,    0.0000000000E+00,    4.3815835193E+02,    4.3815835193E+02,    0.0000000000E+00,    0.0000000000E+00,    0.0000000000E+00,    4.3815835193E+02
    224950,      0.676970,CP9_after_PTsource,   1,    0.0000000000E+00,    4.3815835193E+02,    4.3815835193E+02,    0.0000000000E+00,    0.0000000000E+00,    0.0000000000E+00,    4.3815835193E+02
    224950,      0.676970,CP10_after_neg_clamp,   1,    0.0000000000E+00,    4.3815835193E+02,    4.3815835193E+02,    0.0000000000E+00,    0.0000000000E+00,    0.0000000000E+00,    4.3815835193E+02
    224950,      0.676970,CP11_after_MPI,   1,    0.0000000000E+00,    4.3815835193E+02,    4.3815835193E+02,    0.0000000000E+00,    0.0000000000E+00,    0.0000000000E+00,    4.3815835193E+02
    224950,      0.676970,CP12_end,   1,    0.0000000000E+00,    4.3815835193E+02,    4.3815835193E+02,    0.0000000000E+00,    0.0000000000E+00,    0.0000000000E+00,    4.3815835193E+02
    225000,      0.676970,CP0_start,   1,    0.0000000000E+00,    4.3829270324E+02,    4.3829270324E+02,    0.0000000000E+00,    0.0000000000E+00,    0.0000000000E+00,    4.3829270324E+02
    225000,      0.676970,CP1_after_deposition,   1,    0.0000000000E+00,    4.3829270324E+02,    4.3829270324E+02,    0.0000000000E+00,    0.0000000000E+00,    0.0000000000E+00,    4.3829270324E+02
    225000,      0.676970,CP2_after_erosion,   1,    0.0000000000E+00,    4.3829270324E+02,    4.3829270324E+02,    0.0000000000E+00,    0.0000000000E+00,    0.0000000000E+00,    4.3829270324E+02
    225000,      0.676970,CP3_after_update_bottom,   1,    0.0000000000E+00,    4.3829270324E+02,    4.3829270324E+02,    0.0000000000E+00,    0.0000000000E+00,    0.0000000000E+00,    4.3829270324E+02
    225000,      0.676970,CP4_after_advection,   1,    0.0000000000E+00,    4.3827603570E+02,    4.3827603570E+02,    0.0000000000E+00,    0.0000000000E+00,    0.0000000000E+00,    4.3827603570E+02
    225000,      0.676970,CP5_after_vdif,   1,    0.0000000000E+00,    4.3827603570E+02,    4.3827603570E+02,    0.0000000000E+00,    0.0000000000E+00,    0.0000000000E+00,    4.3827603570E+02
    225000,      0.676970,CP6_after_kinetics,   1,    0.0000000000E+00,    4.3827603570E+02,    4.3827603570E+02,    0.0000000000E+00,    0.0000000000E+00,    0.0000000000E+00,    4.3827603570E+02
    225000,      0.676970,CP7_after_upper_clamp,   1,    0.0000000000E+00,    4.3827603570E+02,    4.3827603570E+02,    0.0000000000E+00,    0.0000000000E+00,    0.0000000000E+00,    4.3827603570E+02
    225000,      0.676970,CP8_after_OBC,   1,    0.0000000000E+00,    4.3827603570E+02,    4.3827603570E+02,    0.0000000000E+00,    0.0000000000E+00,    0.0000000000E+00,    4.3827603570E+02
    225000,      0.676970,CP9_after_PTsource,   1,    0.0000000000E+00,    4.3827603570E+02,    4.3827603570E+02,    0.0000000000E+00,    0.0000000000E+00,    0.0000000000E+00,    4.3827603570E+02
    225000,      0.676970,CP10_after_neg_clamp,   1,    0.0000000000E+00,    4.3827603570E+02,    4.3827603570E+02,    0.0000000000E+00,    0.0000000000E+00,    0.0000000000E+00,    4.3827603570E+02
    225000,      0.676970,CP11_after_MPI,   1,    0.0000000000E+00,    4.3827603570E+02,    4.3827603570E+02,    0.0000000000E+00,    0.0000000000E+00,    0.0000000000E+00,    4.3827603570E+02
    225000,      0.676970,CP12_end,   1,    0.0000000000E+00,    4.3827603570E+02,    4.3827603570E+02,    0.0000000000E+00,    0.0000000000E+00,    0.0000000000E+00,    4.3827603570E+02
    225050,      0.676970,CP0_start,   1,    0.0000000000E+00,    4.3841668665E+02,    4.3841668665E+02,    0.0000000000E+00,    0.0000000000E+00,    0.0000000000E+00,    4.3841668665E+02
    225050,      0.676970,CP1_after_deposition,   1,    0.0000000000E+00,    4.3841668665E+02,    4.3841668665E+02,    0.0000000000E+00,    0.0000000000E+00,    0.0000000000E+00,    4.3841668665E+02
    225050,      0.676970,CP2_after_erosion,   1,    0.0000000000E+00,    4.3841668665E+02,    4.3841668665E+02,    0.0000000000E+00,    0.0000000000E+00,    0.0000000000E+00,    4.3841668665E+02
    225050,      0.676970,CP3_after_update_bottom,   1,    0.0000000000E+00,    4.3841668665E+02,    4.3841668665E+02,    0.0000000000E+00,    0.0000000000E+00,    0.0000000000E+00,    4.3841668665E+02
    225050,      0.676970,CP4_after_advection,   1,    0.0000000000E+00,    4.3840013071E+02,    4.3840013071E+02,    0.0000000000E+00,    0.0000000000E+00,    0.0000000000E+00,    4.3840013071E+02
    225050,      0.676970,CP5_after_vdif,   1,    0.0000000000E+00,    4.3840013071E+02,    4.3840013071E+02,    0.0000000000E+00,    0.0000000000E+00,    0.0000000000E+00,    4.3840013071E+02
    225050,      0.676970,CP6_after_kinetics,   1,    0.0000000000E+00,    4.3840013071E+02,    4.3840013071E+02,    0.0000000000E+00,    0.0000000000E+00,    0.0000000000E+00,    4.3840013071E+02
    225050,      0.676970,CP7_after_upper_clamp,   1,    0.0000000000E+00,    4.3840013071E+02,    4.3840013071E+02,    0.0000000000E+00,    0.0000000000E+00,    0.0000000000E+00,    4.3840013071E+02
    225050,      0.676970,CP8_after_OBC,   1,    0.0000000000E+00,    4.3840013071E+02,    4.3840013071E+02,    0.0000000000E+00,    0.0000000000E+00,    0.0000000000E+00,    4.3840013071E+02
    225050,      0.676970,CP9_after_PTsource,   1,    0.0000000000E+00,    4.3840013071E+02,    4.3840013071E+02,    0.0000000000E+00,    0.0000000000E+00,    0.0000000000E+00,    4.3840013071E+02
    225050,      0.676970,CP10_after_neg_clamp,   1,    0.0000000000E+00,    4.3840013071E+02,    4.3840013071E+02,    0.0000000000E+00,    0.0000000000E+00,    0.0000000000E+00,    4.3840013071E+02
    225050,      0.676970,CP11_after_MPI,   1,    0.0000000000E+00,    4.3840013071E+02,    4.3840013071E+02,    0.0000000000E+00,    0.0000000000E+00,    0.0000000000E+00,    4.3840013071E+02
    225050,      0.676970,CP12_end,   1,    0.0000000000E+00,    4.3840013071E+02,    4.3840013071E+02,    0.0000000000E+00,    0.0000000000E+00,    0.0000000000E+00,    4.3840013071E+02
    225100,      0.676970,CP0_start,   1,    0.0000000000E+00,    4.3854544169E+02,    4.3854544169E+02,    0.0000000000E+00,    0.0000000000E+00,    0.0000000000E+00,    4.3854544169E+02
    225100,      0.676970,CP1_after_deposition,   1,    0.0000000000E+00,    4.3854544169E+02,    4.3854544169E+02,    0.0000000000E+00,    0.0000000000E+00,    0.0000000000E+00,    4.3854544169E+02
    225100,      0.676970,CP2_after_erosion,   1,    0.0000000000E+00,    4.3854544169E+02,    4.3854544169E+02,    0.0000000000E+00,    0.0000000000E+00,    0.0000000000E+00,    4.3854544169E+02
    225100,      0.676970,CP3_after_update_bottom,   1,    0.0000000000E+00,    4.3854544169E+02,    4.3854544169E+02,    0.0000000000E+00,    0.0000000000E+00,    0.0000000000E+00,    4.3854544169E+02
    225100,      0.676970,CP4_after_advection,   1,    0.0000000000E+00,    4.3852895178E+02,    4.3852895178E+02,    0.0000000000E+00,    0.0000000000E+00,    0.0000000000E+00,    4.3852895178E+02
    225100,      0.676970,CP5_after_vdif,   1,    0.0000000000E+00,    4.3852895178E+02,    4.3852895178E+02,    0.0000000000E+00,    0.0000000000E+00,    0.0000000000E+00,    4.3852895178E+02
    225100,      0.676970,CP6_after_kinetics,   1,    0.0000000000E+00,    4.3852895178E+02,    4.3852895178E+02,    0.0000000000E+00,    0.0000000000E+00,    0.0000000000E+00,    4.3852895178E+02
    225100,      0.676970,CP7_after_upper_clamp,   1,    0.0000000000E+00,    4.3852895178E+02,    4.3852895178E+02,    0.0000000000E+00,    0.0000000000E+00,    0.0000000000E+00,    4.3852895178E+02
    225100,      0.676970,CP8_after_OBC,   1,    0.0000000000E+00,    4.3852895178E+02,    4.3852895178E+02,    0.0000000000E+00,    0.0000000000E+00,    0.0000000000E+00,    4.3852895178E+02
    225100,      0.676970,CP9_after_PTsource,   1,    0.0000000000E+00,    4.3852895178E+02,    4.3852895178E+02,    0.0000000000E+00,    0.0000000000E+00,    0.0000000000E+00,    4.3852895178E+02
    225100,      0.676970,CP10_after_neg_clamp,   1,    0.0000000000E+00,    4.3852895178E+02,    4.3852895178E+02,    0.0000000000E+00,    0.0000000000E+00,    0.0000000000E+00,    4.3852895178E+02
    225100,      0.676970,CP11_after_MPI,   1,    0.0000000000E+00,    4.3852895178E+02,    4.3852895178E+02,    0.0000000000E+00,    0.0000000000E+00,    0.0000000000E+00,    4.3852895178E+02
    225100,      0.676970,CP12_end,   1,    0.0000000000E+00,    4.3852895178E+02,    4.3852895178E+02,    0.0000000000E+00,    0.0000000000E+00,    0.0000000000E+00,    4.3852895178E+02
    225150,      0.676970,CP0_start,   1,    0.0000000000E+00,    4.3867677215E+02,    4.3867677215E+02,    0.0000000000E+00,    0.0000000000E+00,    0.0000000000E+00,    4.3867677215E+02
    225150,      0.676970,CP1_after_deposition,   1,    0.0000000000E+00,    4.3867677215E+02,    4.3867677215E+02,    0.0000000000E+00,    0.0000000000E+00,    0.0000000000E+00,    4.3867677215E+02
    225150,      0.676970,CP2_after_erosion,   1,    0.0000000000E+00,    4.3867677215E+02,    4.3867677215E+02,    0.0000000000E+00,    0.0000000000E+00,    0.0000000000E+00,    4.3867677215E+02
    225150,      0.676970,CP3_after_update_bottom,   1,    0.0000000000E+00,    4.3867677215E+02,    4.3867677215E+02,    0.0000000000E+00,    0.0000000000E+00,    0.0000000000E+00,    4.3867677215E+02
    225150,      0.676970,CP4_after_advection,   1,    0.0000000000E+00,    4.3866030994E+02,    4.3866030994E+02,    0.0000000000E+00,    0.0000000000E+00,    0.0000000000E+00,    4.3866030994E+02
    225150,      0.676970,CP5_after_vdif,   1,    0.0000000000E+00,    4.3866030994E+02,    4.3866030994E+02,    0.0000000000E+00,    0.0000000000E+00,    0.0000000000E+00,    4.3866030994E+02
    225150,      0.676970,CP6_after_kinetics,   1,    0.0000000000E+00,    4.3866030994E+02,    4.3866030994E+02,    0.0000000000E+00,    0.0000000000E+00,    0.0000000000E+00,    4.3866030994E+02
    225150,      0.676970,CP7_after_upper_clamp,   1,    0.0000000000E+00,    4.3866030994E+02,    4.3866030994E+02,    0.0000000000E+00,    0.0000000000E+00,    0.0000000000E+00,    4.3866030994E+02
    225150,      0.676970,CP8_after_OBC,   1,    0.0000000000E+00,    4.3866030994E+02,    4.3866030994E+02,    0.0000000000E+00,    0.0000000000E+00,    0.0000000000E+00,    4.3866030994E+02
    225150,      0.676970,CP9_after_PTsource,   1,    0.0000000000E+00,    4.3866030994E+02,    4.3866030994E+02,    0.0000000000E+00,    0.0000000000E+00,    0.0000000000E+00,    4.3866030994E+02
    225150,      0.676970,CP10_after_neg_clamp,   1,    0.0000000000E+00,    4.3866030994E+02,    4.3866030994E+02,    0.0000000000E+00,    0.0000000000E+00,    0.0000000000E+00,    4.3866030994E+02
    225150,      0.676970,CP11_after_MPI,   1,    0.0000000000E+00,    4.3866030994E+02,    4.3866030994E+02,    0.0000000000E+00,    0.0000000000E+00,    0.0000000000E+00,    4.3866030994E+02
    225150,      0.676970,CP12_end,   1,    0.0000000000E+00,    4.3866030994E+02,    4.3866030994E+02,    0.0000000000E+00,    0.0000000000E+00,    0.0000000000E+00,    4.3866030994E+02
    225200,      0.676970,CP0_start,   1,    0.0000000000E+00,    4.3880897880E+02,    4.3880897880E+02,    0.0000000000E+00,    0.0000000000E+00,    0.0000000000E+00,    4.3880897880E+02
    225200,      0.676970,CP1_after_deposition,   1,    0.0000000000E+00,    4.3880897880E+02,    4.3880897880E+02,    0.0000000000E+00,    0.0000000000E+00,    0.0000000000E+00,    4.3880897880E+02
    225200,      0.676970,CP2_after_erosion,   1,    0.0000000000E+00,    4.3880897880E+02,    4.3880897880E+02,    0.0000000000E+00,    0.0000000000E+00,    0.0000000000E+00,    4.3880897880E+02
    225200,      0.676970,CP3_after_update_bottom,   1,    0.0000000000E+00,    4.3880897880E+02,    4.3880897880E+02,    0.0000000000E+00,    0.0000000000E+00,    0.0000000000E+00,    4.3880897880E+02
    225200,      0.676970,CP4_after_advection,   1,    0.0000000000E+00,    4.3879251138E+02,    4.3879251138E+02,    0.0000000000E+00,    0.0000000000E+00,    0.0000000000E+00,    4.3879251138E+02
    225200,      0.676970,CP5_after_vdif,   1,    0.0000000000E+00,    4.3879251138E+02,    4.3879251138E+02,    0.0000000000E+00,    0.0000000000E+00,    0.0000000000E+00,    4.3879251138E+02
    225200,      0.676970,CP6_after_kinetics,   1,    0.0000000000E+00,    4.3879251138E+02,    4.3879251138E+02,    0.0000000000E+00,    0.0000000000E+00,    0.0000000000E+00,    4.3879251138E+02
    225200,      0.676970,CP7_after_upper_clamp,   1,    0.0000000000E+00,    4.3879251138E+02,    4.3879251138E+02,    0.0000000000E+00,    0.0000000000E+00,    0.0000000000E+00,    4.3879251138E+02
    225200,      0.676970,CP8_after_OBC,   1,    0.0000000000E+00,    4.3879251138E+02,    4.3879251138E+02,    0.0000000000E+00,    0.0000000000E+00,    0.0000000000E+00,    4.3879251138E+02
    225200,      0.676970,CP9_after_PTsource,   1,    0.0000000000E+00,    4.3879251138E+02,    4.3879251138E+02,    0.0000000000E+00,    0.0000000000E+00,    0.0000000000E+00,    4.3879251138E+02
    225200,      0.676970,CP10_after_neg_clamp,   1,    0.0000000000E+00,    4.3879251138E+02,    4.3879251138E+02,    0.0000000000E+00,    0.0000000000E+00,    0.0000000000E+00,    4.3879251138E+02
    225200,      0.676970,CP11_after_MPI,   1,    0.0000000000E+00,    4.3879251138E+02,    4.3879251138E+02,    0.0000000000E+00,    0.0000000000E+00,    0.0000000000E+00,    4.3879251138E+02
    225200,      0.676970,CP12_end,   1,    0.0000000000E+00,    4.3879251138E+02,    4.3879251138E+02,    0.0000000000E+00,    0.0000000000E+00,    0.0000000000E+00,    4.3879251138E+02
    225250,      0.676970,CP0_start,   1,    0.0000000000E+00,    4.3894090708E+02,    4.3894090708E+02,    0.0000000000E+00,    0.0000000000E+00,    0.0000000000E+00,    4.3894090708E+02
    225250,      0.676970,CP1_after_deposition,   1,    0.0000000000E+00,    4.3894090708E+02,    4.3894090708E+02,    0.0000000000E+00,    0.0000000000E+00,    0.0000000000E+00,    4.3894090708E+02
    225250,      0.676970,CP2_after_erosion,   1,    0.0000000000E+00,    4.3894090708E+02,    4.3894090708E+02,    0.0000000000E+00,    0.0000000000E+00,    0.0000000000E+00,    4.3894090708E+02
    225250,      0.676970,CP3_after_update_bottom,   1,    0.0000000000E+00,    4.3894090708E+02,    4.3894090708E+02,    0.0000000000E+00,    0.0000000000E+00,    0.0000000000E+00,    4.3894090708E+02
    225250,      0.676970,CP4_after_advection,   1,    0.0000000000E+00,    4.3892442913E+02,    4.3892442913E+02,    0.0000000000E+00,    0.0000000000E+00,    0.0000000000E+00,    4.3892442913E+02
    225250,      0.676970,CP5_after_vdif,   1,    0.0000000000E+00,    4.3892442913E+02,    4.3892442913E+02,    0.0000000000E+00,    0.0000000000E+00,    0.0000000000E+00,    4.3892442913E+02
    225250,      0.676970,CP6_after_kinetics,   1,    0.0000000000E+00,    4.3892442913E+02,    4.3892442913E+02,    0.0000000000E+00,    0.0000000000E+00,    0.0000000000E+00,    4.3892442913E+02
    225250,      0.676970,CP7_after_upper_clamp,   1,    0.0000000000E+00,    4.3892442913E+02,    4.3892442913E+02,    0.0000000000E+00,    0.0000000000E+00,    0.0000000000E+00,    4.3892442913E+02
    225250,      0.676970,CP8_after_OBC,   1,    0.0000000000E+00,    4.3892442913E+02,    4.3892442913E+02,    0.0000000000E+00,    0.0000000000E+00,    0.0000000000E+00,    4.3892442913E+02
    225250,      0.676970,CP9_after_PTsource,   1,    0.0000000000E+00,    4.3892442913E+02,    4.3892442913E+02,    0.0000000000E+00,    0.0000000000E+00,    0.0000000000E+00,    4.3892442913E+02
    225250,      0.676970,CP10_after_neg_clamp,   1,    0.0000000000E+00,    4.3892442913E+02,    4.3892442913E+02,    0.0000000000E+00,    0.0000000000E+00,    0.0000000000E+00,    4.3892442913E+02
    225250,      0.676970,CP11_after_MPI,   1,    0.0000000000E+00,    4.3892442913E+02,    4.3892442913E+02,    0.0000000000E+00,    0.0000000000E+00,    0.0000000000E+00,    4.3892442913E+02
    225250,      0.676970,CP12_end,   1,    0.0000000000E+00,    4.3892442913E+02,    4.3892442913E+02,    0.0000000000E+00,    0.0000000000E+00,    0.0000000000E+00,    4.3892442913E+02
    225300,      0.676970,CP0_start,   1,    0.0000000000E+00,    4.3907187814E+02,    4.3907187814E+02,    0.0000000000E+00,    0.0000000000E+00,    0.0000000000E+00,    4.3907187814E+02
    225300,      0.676970,CP1_after_deposition,   1,    0.0000000000E+00,    4.3907187814E+02,    4.3907187814E+02,    0.0000000000E+00,    0.0000000000E+00,    0.0000000000E+00,    4.3907187814E+02
    225300,      0.676970,CP2_after_erosion,   1,    0.0000000000E+00,    4.3907187814E+02,    4.3907187814E+02,    0.0000000000E+00,    0.0000000000E+00,    0.0000000000E+00,    4.3907187814E+02
    225300,      0.676970,CP3_after_update_bottom,   1,    0.0000000000E+00,    4.3907187814E+02,    4.3907187814E+02,    0.0000000000E+00,    0.0000000000E+00,    0.0000000000E+00,    4.3907187814E+02
    225300,      0.676970,CP4_after_advection,   1,    0.0000000000E+00,    4.3905537633E+02,    4.3905537633E+02,    0.0000000000E+00,    0.0000000000E+00,    0.0000000000E+00,    4.3905537633E+02
    225300,      0.676970,CP5_after_vdif,   1,    0.0000000000E+00,    4.3905537633E+02,    4.3905537633E+02,    0.0000000000E+00,    0.0000000000E+00,    0.0000000000E+00,    4.3905537633E+02
    225300,      0.676970,CP6_after_kinetics,   1,    0.0000000000E+00,    4.3905537633E+02,    4.3905537633E+02,    0.0000000000E+00,    0.0000000000E+00,    0.0000000000E+00,    4.3905537633E+02
    225300,      0.676970,CP7_after_upper_clamp,   1,    0.0000000000E+00,    4.3905537633E+02,    4.3905537633E+02,    0.0000000000E+00,    0.0000000000E+00,    0.0000000000E+00,    4.3905537633E+02
    225300,      0.676970,CP8_after_OBC,   1,    0.0000000000E+00,    4.3905537633E+02,    4.3905537633E+02,    0.0000000000E+00,    0.0000000000E+00,    0.0000000000E+00,    4.3905537633E+02
    225300,      0.676970,CP9_after_PTsource,   1,    0.0000000000E+00,    4.3905537633E+02,    4.3905537633E+02,    0.0000000000E+00,    0.0000000000E+00,    0.0000000000E+00,    4.3905537633E+02
    225300,      0.676970,CP10_after_neg_clamp,   1,    0.0000000000E+00,    4.3905537633E+02,    4.3905537633E+02,    0.0000000000E+00,    0.0000000000E+00,    0.0000000000E+00,    4.3905537633E+02
    225300,      0.676970,CP11_after_MPI,   1,    0.0000000000E+00,    4.3905537633E+02,    4.3905537633E+02,    0.0000000000E+00,    0.0000000000E+00,    0.0000000000E+00,    4.3905537633E+02
    225300,      0.676970,CP12_end,   1,    0.0000000000E+00,    4.3905537633E+02,    4.3905537633E+02,    0.0000000000E+00,    0.0000000000E+00,    0.0000000000E+00,    4.3905537633E+02
    225350,      0.676970,CP0_start,   1,    0.0000000000E+00,    4.3920168079E+02,    4.3920168079E+02,    0.0000000000E+00,    0.0000000000E+00,    0.0000000000E+00,    4.3920168079E+02
    225350,      0.676970,CP1_after_deposition,   1,    0.0000000000E+00,    4.3920168079E+02,    4.3920168079E+02,    0.0000000000E+00,    0.0000000000E+00,    0.0000000000E+00,    4.3920168079E+02
    225350,      0.676970,CP2_after_erosion,   1,    0.0000000000E+00,    4.3920168079E+02,    4.3920168079E+02,    0.0000000000E+00,    0.0000000000E+00,    0.0000000000E+00,    4.3920168079E+02
    225350,      0.676970,CP3_after_update_bottom,   1,    0.0000000000E+00,    4.3920168079E+02,    4.3920168079E+02,    0.0000000000E+00,    0.0000000000E+00,    0.0000000000E+00,    4.3920168079E+02
    225350,      0.676970,CP4_after_advection,   1,    0.0000000000E+00,    4.3918515281E+02,    4.3918515281E+02,    0.0000000000E+00,    0.0000000000E+00,    0.0000000000E+00,    4.3918515281E+02
    225350,      0.676970,CP5_after_vdif,   1,    0.0000000000E+00,    4.3918515281E+02,    4.3918515281E+02,    0.0000000000E+00,    0.0000000000E+00,    0.0000000000E+00,    4.3918515281E+02
    225350,      0.676970,CP6_after_kinetics,   1,    0.0000000000E+00,    4.3918515281E+02,    4.3918515281E+02,    0.0000000000E+00,    0.0000000000E+00,    0.0000000000E+00,    4.3918515281E+02
    225350,      0.676970,CP7_after_upper_clamp,   1,    0.0000000000E+00,    4.3918515281E+02,    4.3918515281E+02,    0.0000000000E+00,    0.0000000000E+00,    0.0000000000E+00,    4.3918515281E+02
    225350,      0.676970,CP8_after_OBC,   1,    0.0000000000E+00,    4.3918515281E+02,    4.3918515281E+02,    0.0000000000E+00,    0.0000000000E+00,    0.0000000000E+00,    4.3918515281E+02
    225350,      0.676970,CP9_after_PTsource,   1,    0.0000000000E+00,    4.3918515281E+02,    4.3918515281E+02,    0.0000000000E+00,    0.0000000000E+00,    0.0000000000E+00,    4.3918515281E+02
    225350,      0.676970,CP10_after_neg_clamp,   1,    0.0000000000E+00,    4.3918515281E+02,    4.3918515281E+02,    0.0000000000E+00,    0.0000000000E+00,    0.0000000000E+00,    4.3918515281E+02
    225350,      0.676970,CP11_after_MPI,   1,    0.0000000000E+00,    4.3918515281E+02,    4.3918515281E+02,    0.0000000000E+00,    0.0000000000E+00,    0.0000000000E+00,    4.3918515281E+02
    225350,      0.676970,CP12_end,   1,    0.0000000000E+00,    4.3918515281E+02,    4.3918515281E+02,    0.0000000000E+00,    0.0000000000E+00,    0.0000000000E+00,    4.3918515281E+02
    225400,      0.676970,CP0_start,   1,    0.0000000000E+00,    4.3933054518E+02,    4.3933054518E+02,    0.0000000000E+00,    0.0000000000E+00,    0.0000000000E+00,    4.3933054518E+02
    225400,      0.676970,CP1_after_deposition,   1,    0.0000000000E+00,    4.3933054518E+02,    4.3933054518E+02,    0.0000000000E+00,    0.0000000000E+00,    0.0000000000E+00,    4.3933054518E+02
    225400,      0.676970,CP2_after_erosion,   1,    0.0000000000E+00,    4.3933054518E+02,    4.3933054518E+02,    0.0000000000E+00,    0.0000000000E+00,    0.0000000000E+00,    4.3933054518E+02
    225400,      0.676970,CP3_after_update_bottom,   1,    0.0000000000E+00,    4.3933054518E+02,    4.3933054518E+02,    0.0000000000E+00,    0.0000000000E+00,    0.0000000000E+00,    4.3933054518E+02
    225400,      0.676970,CP4_after_advection,   1,    0.0000000000E+00,    4.3931399973E+02,    4.3931399973E+02,    0.0000000000E+00,    0.0000000000E+00,    0.0000000000E+00,    4.3931399973E+02
    225400,      0.676970,CP5_after_vdif,   1,    0.0000000000E+00,    4.3931399973E+02,    4.3931399973E+02,    0.0000000000E+00,    0.0000000000E+00,    0.0000000000E+00,    4.3931399973E+02
    225400,      0.676970,CP6_after_kinetics,   1,    0.0000000000E+00,    4.3931399973E+02,    4.3931399973E+02,    0.0000000000E+00,    0.0000000000E+00,    0.0000000000E+00,    4.3931399973E+02
    225400,      0.676970,CP7_after_upper_clamp,   1,    0.0000000000E+00,    4.3931399973E+02,    4.3931399973E+02,    0.0000000000E+00,    0.0000000000E+00,    0.0000000000E+00,    4.3931399973E+02
    225400,      0.676970,CP8_after_OBC,   1,    0.0000000000E+00,    4.3931399973E+02,    4.3931399973E+02,    0.0000000000E+00,    0.0000000000E+00,    0.0000000000E+00,    4.3931399973E+02
    225400,      0.676970,CP9_after_PTsource,   1,    0.0000000000E+00,    4.3931399973E+02,    4.3931399973E+02,    0.0000000000E+00,    0.0000000000E+00,    0.0000000000E+00,    4.3931399973E+02
    225400,      0.676970,CP10_after_neg_clamp,   1,    0.0000000000E+00,    4.3931399973E+02,    4.3931399973E+02,    0.0000000000E+00,    0.0000000000E+00,    0.0000000000E+00,    4.3931399973E+02
    225400,      0.676970,CP11_after_MPI,   1,    0.0000000000E+00,    4.3931399973E+02,    4.3931399973E+02,    0.0000000000E+00,    0.0000000000E+00,    0.0000000000E+00,    4.3931399973E+02
    225400,      0.676970,CP12_end,   1,    0.0000000000E+00,    4.3931399973E+02,    4.3931399973E+02,    0.0000000000E+00,    0.0000000000E+00,    0.0000000000E+00,    4.3931399973E+02
    225450,      0.676970,CP0_start,   1,    0.0000000000E+00,    4.3945913590E+02,    4.3945913590E+02,    0.0000000000E+00,    0.0000000000E+00,    0.0000000000E+00,    4.3945913590E+02
    225450,      0.676970,CP1_after_deposition,   1,    0.0000000000E+00,    4.3945913590E+02,    4.3945913590E+02,    0.0000000000E+00,    0.0000000000E+00,    0.0000000000E+00,    4.3945913590E+02
    225450,      0.676970,CP2_after_erosion,   1,    0.0000000000E+00,    4.3945913590E+02,    4.3945913590E+02,    0.0000000000E+00,    0.0000000000E+00,    0.0000000000E+00,    4.3945913590E+02
    225450,      0.676970,CP3_after_update_bottom,   1,    0.0000000000E+00,    4.3945913590E+02,    4.3945913590E+02,    0.0000000000E+00,    0.0000000000E+00,    0.0000000000E+00,    4.3945913590E+02
    225450,      0.676970,CP4_after_advection,   1,    0.0000000000E+00,    4.3944258161E+02,    4.3944258161E+02,    0.0000000000E+00,    0.0000000000E+00,    0.0000000000E+00,    4.3944258161E+02
    225450,      0.676970,CP5_after_vdif,   1,    0.0000000000E+00,    4.3944258161E+02,    4.3944258161E+02,    0.0000000000E+00,    0.0000000000E+00,    0.0000000000E+00,    4.3944258161E+02
    225450,      0.676970,CP6_after_kinetics,   1,    0.0000000000E+00,    4.3944258161E+02,    4.3944258161E+02,    0.0000000000E+00,    0.0000000000E+00,    0.0000000000E+00,    4.3944258161E+02
    225450,      0.676970,CP7_after_upper_clamp,   1,    0.0000000000E+00,    4.3944258161E+02,    4.3944258161E+02,    0.0000000000E+00,    0.0000000000E+00,    0.0000000000E+00,    4.3944258161E+02
    225450,      0.676970,CP8_after_OBC,   1,    0.0000000000E+00,    4.3944258161E+02,    4.3944258161E+02,    0.0000000000E+00,    0.0000000000E+00,    0.0000000000E+00,    4.3944258161E+02
    225450,      0.676970,CP9_after_PTsource,   1,    0.0000000000E+00,    4.3944258161E+02,    4.3944258161E+02,    0.0000000000E+00,    0.0000000000E+00,    0.0000000000E+00,    4.3944258161E+02
    225450,      0.676970,CP10_after_neg_clamp,   1,    0.0000000000E+00,    4.3944258161E+02,    4.3944258161E+02,    0.0000000000E+00,    0.0000000000E+00,    0.0000000000E+00,    4.3944258161E+02
    225450,      0.676970,CP11_after_MPI,   1,    0.0000000000E+00,    4.3944258161E+02,    4.3944258161E+02,    0.0000000000E+00,    0.0000000000E+00,    0.0000000000E+00,    4.3944258161E+02
    225450,      0.676970,CP12_end,   1,    0.0000000000E+00,    4.3944258161E+02,    4.3944258161E+02,    0.0000000000E+00,    0.0000000000E+00,    0.0000000000E+00,    4.3944258161E+02
    225500,      0.676970,CP0_start,   1,    0.0000000000E+00,    4.3958829080E+02,    4.3958829080E+02,    0.0000000000E+00,    0.0000000000E+00,    0.0000000000E+00,    4.3958829080E+02
    225500,      0.676970,CP1_after_deposition,   1,    0.0000000000E+00,    4.3958829080E+02,    4.3958829080E+02,    0.0000000000E+00,    0.0000000000E+00,    0.0000000000E+00,    4.3958829080E+02
    225500,      0.676970,CP2_after_erosion,   1,    0.0000000000E+00,    4.3958829080E+02,    4.3958829080E+02,    0.0000000000E+00,    0.0000000000E+00,    0.0000000000E+00,    4.3958829080E+02
    225500,      0.676970,CP3_after_update_bottom,   1,    0.0000000000E+00,    4.3958829080E+02,    4.3958829080E+02,    0.0000000000E+00,    0.0000000000E+00,    0.0000000000E+00,    4.3958829080E+02
    225500,      0.676970,CP4_after_advection,   1,    0.0000000000E+00,    4.3957175025E+02,    4.3957175025E+02,    0.0000000000E+00,    0.0000000000E+00,    0.0000000000E+00,    4.3957175025E+02
    225500,      0.676970,CP5_after_vdif,   1,    0.0000000000E+00,    4.3957175025E+02,    4.3957175025E+02,    0.0000000000E+00,    0.0000000000E+00,    0.0000000000E+00,    4.3957175025E+02
    225500,      0.676970,CP6_after_kinetics,   1,    0.0000000000E+00,    4.3957175025E+02,    4.3957175025E+02,    0.0000000000E+00,    0.0000000000E+00,    0.0000000000E+00,    4.3957175025E+02
    225500,      0.676970,CP7_after_upper_clamp,   1,    0.0000000000E+00,    4.3957175025E+02,    4.3957175025E+02,    0.0000000000E+00,    0.0000000000E+00,    0.0000000000E+00,    4.3957175025E+02
    225500,      0.676970,CP8_after_OBC,   1,    0.0000000000E+00,    4.3957175025E+02,    4.3957175025E+02,    0.0000000000E+00,    0.0000000000E+00,    0.0000000000E+00,    4.3957175025E+02
    225500,      0.676970,CP9_after_PTsource,   1,    0.0000000000E+00,    4.3957175025E+02,    4.3957175025E+02,    0.0000000000E+00,    0.0000000000E+00,    0.0000000000E+00,    4.3957175025E+02
    225500,      0.676970,CP10_after_neg_clamp,   1,    0.0000000000E+00,    4.3957175025E+02,    4.3957175025E+02,    0.0000000000E+00,    0.0000000000E+00,    0.0000000000E+00,    4.3957175025E+02
    225500,      0.676970,CP11_after_MPI,   1,    0.0000000000E+00,    4.3957175025E+02,    4.3957175025E+02,    0.0000000000E+00,    0.0000000000E+00,    0.0000000000E+00,    4.3957175025E+02
    225500,      0.676970,CP12_end,   1,    0.0000000000E+00,    4.3957175025E+02,    4.3957175025E+02,    0.0000000000E+00,    0.0000000000E+00,    0.0000000000E+00,    4.3957175025E+02
    225550,      0.676970,CP0_start,   1,    0.0000000000E+00,    4.3971842116E+02,    4.3971842116E+02,    0.0000000000E+00,    0.0000000000E+00,    0.0000000000E+00,    4.3971842116E+02
    225550,      0.676970,CP1_after_deposition,   1,    0.0000000000E+00,    4.3971842116E+02,    4.3971842116E+02,    0.0000000000E+00,    0.0000000000E+00,    0.0000000000E+00,    4.3971842116E+02
    225550,      0.676970,CP2_after_erosion,   1,    0.0000000000E+00,    4.3971842116E+02,    4.3971842116E+02,    0.0000000000E+00,    0.0000000000E+00,    0.0000000000E+00,    4.3971842116E+02
    225550,      0.676970,CP3_after_update_bottom,   1,    0.0000000000E+00,    4.3971842116E+02,    4.3971842116E+02,    0.0000000000E+00,    0.0000000000E+00,    0.0000000000E+00,    4.3971842116E+02
    225550,      0.676970,CP4_after_advection,   1,    0.0000000000E+00,    4.3970189475E+02,    4.3970189475E+02,    0.0000000000E+00,    0.0000000000E+00,    0.0000000000E+00,    4.3970189475E+02
    225550,      0.676970,CP5_after_vdif,   1,    0.0000000000E+00,    4.3970189475E+02,    4.3970189475E+02,    0.0000000000E+00,    0.0000000000E+00,    0.0000000000E+00,    4.3970189475E+02
    225550,      0.676970,CP6_after_kinetics,   1,    0.0000000000E+00,    4.3970189475E+02,    4.3970189475E+02,    0.0000000000E+00,    0.0000000000E+00,    0.0000000000E+00,    4.3970189475E+02
    225550,      0.676970,CP7_after_upper_clamp,   1,    0.0000000000E+00,    4.3970189475E+02,    4.3970189475E+02,    0.0000000000E+00,    0.0000000000E+00,    0.0000000000E+00,    4.3970189475E+02
    225550,      0.676970,CP8_after_OBC,   1,    0.0000000000E+00,    4.3970189475E+02,    4.3970189475E+02,    0.0000000000E+00,    0.0000000000E+00,    0.0000000000E+00,    4.3970189475E+02
    225550,      0.676970,CP9_after_PTsource,   1,    0.0000000000E+00,    4.3970189475E+02,    4.3970189475E+02,    0.0000000000E+00,    0.0000000000E+00,    0.0000000000E+00,    4.3970189475E+02
    225550,      0.676970,CP10_after_neg_clamp,   1,    0.0000000000E+00,    4.3970189475E+02,    4.3970189475E+02,    0.0000000000E+00,    0.0000000000E+00,    0.0000000000E+00,    4.3970189475E+02
    225550,      0.676970,CP11_after_MPI,   1,    0.0000000000E+00,    4.3970189475E+02,    4.3970189475E+02,    0.0000000000E+00,    0.0000000000E+00,    0.0000000000E+00,    4.3970189475E+02
    225550,      0.676970,CP12_end,   1,    0.0000000000E+00,    4.3970189475E+02,    4.3970189475E+02,    0.0000000000E+00,    0.0000000000E+00,    0.0000000000E+00,    4.3970189475E+02
    225600,      0.676970,CP0_start,   1,    0.0000000000E+00,    4.3984959762E+02,    4.3984959762E+02,    0.0000000000E+00,    0.0000000000E+00,    0.0000000000E+00,    4.3984959762E+02
    225600,      0.676970,CP1_after_deposition,   1,    0.0000000000E+00,    4.3984959762E+02,    4.3984959762E+02,    0.0000000000E+00,    0.0000000000E+00,    0.0000000000E+00,    4.3984959762E+02
    225600,      0.676970,CP2_after_erosion,   1,    0.0000000000E+00,    4.3984959762E+02,    4.3984959762E+02,    0.0000000000E+00,    0.0000000000E+00,    0.0000000000E+00,    4.3984959762E+02
    225600,      0.676970,CP3_after_update_bottom,   1,    0.0000000000E+00,    4.3984959762E+02,    4.3984959762E+02,    0.0000000000E+00,    0.0000000000E+00,    0.0000000000E+00,    4.3984959762E+02
    225600,      0.676970,CP4_after_advection,   1,    0.0000000000E+00,    4.3983309171E+02,    4.3983309171E+02,    0.0000000000E+00,    0.0000000000E+00,    0.0000000000E+00,    4.3983309171E+02
    225600,      0.676970,CP5_after_vdif,   1,    0.0000000000E+00,    4.3983309171E+02,    4.3983309171E+02,    0.0000000000E+00,    0.0000000000E+00,    0.0000000000E+00,    4.3983309171E+02
    225600,      0.676970,CP6_after_kinetics,   1,    0.0000000000E+00,    4.3983309171E+02,    4.3983309171E+02,    0.0000000000E+00,    0.0000000000E+00,    0.0000000000E+00,    4.3983309171E+02
    225600,      0.676970,CP7_after_upper_clamp,   1,    0.0000000000E+00,    4.3983309171E+02,    4.3983309171E+02,    0.0000000000E+00,    0.0000000000E+00,    0.0000000000E+00,    4.3983309171E+02
    225600,      0.676970,CP8_after_OBC,   1,    0.0000000000E+00,    4.3983309171E+02,    4.3983309171E+02,    0.0000000000E+00,    0.0000000000E+00,    0.0000000000E+00,    4.3983309171E+02
    225600,      0.676970,CP9_after_PTsource,   1,    0.0000000000E+00,    4.3983309171E+02,    4.3983309171E+02,    0.0000000000E+00,    0.0000000000E+00,    0.0000000000E+00,    4.3983309171E+02
    225600,      0.676970,CP10_after_neg_clamp,   1,    0.0000000000E+00,    4.3983309171E+02,    4.3983309171E+02,    0.0000000000E+00,    0.0000000000E+00,    0.0000000000E+00,    4.3983309171E+02
    225600,      0.676970,CP11_after_MPI,   1,    0.0000000000E+00,    4.3983309171E+02,    4.3983309171E+02,    0.0000000000E+00,    0.0000000000E+00,    0.0000000000E+00,    4.3983309171E+02
    225600,      0.676970,CP12_end,   1,    0.0000000000E+00,    4.3983309171E+02,    4.3983309171E+02,    0.0000000000E+00,    0.0000000000E+00,    0.0000000000E+00,    4.3983309171E+02
    225650,      0.676970,CP0_start,   1,    0.0000000000E+00,    4.3998205207E+02,    4.3998205207E+02,    0.0000000000E+00,    0.0000000000E+00,    0.0000000000E+00,    4.3998205207E+02
    225650,      0.676970,CP1_after_deposition,   1,    0.0000000000E+00,    4.3998205207E+02,    4.3998205207E+02,    0.0000000000E+00,    0.0000000000E+00,    0.0000000000E+00,    4.3998205207E+02
    225650,      0.676970,CP2_after_erosion,   1,    0.0000000000E+00,    4.3998205207E+02,    4.3998205207E+02,    0.0000000000E+00,    0.0000000000E+00,    0.0000000000E+00,    4.3998205207E+02
    225650,      0.676970,CP3_after_update_bottom,   1,    0.0000000000E+00,    4.3998205207E+02,    4.3998205207E+02,    0.0000000000E+00,    0.0000000000E+00,    0.0000000000E+00,    4.3998205207E+02
    225650,      0.676970,CP4_after_advection,   1,    0.0000000000E+00,    4.3996557524E+02,    4.3996557524E+02,    0.0000000000E+00,    0.0000000000E+00,    0.0000000000E+00,    4.3996557524E+02
    225650,      0.676970,CP5_after_vdif,   1,    0.0000000000E+00,    4.3996557524E+02,    4.3996557524E+02,    0.0000000000E+00,    0.0000000000E+00,    0.0000000000E+00,    4.3996557524E+02
    225650,      0.676970,CP6_after_kinetics,   1,    0.0000000000E+00,    4.3996557524E+02,    4.3996557524E+02,    0.0000000000E+00,    0.0000000000E+00,    0.0000000000E+00,    4.3996557524E+02
    225650,      0.676970,CP7_after_upper_clamp,   1,    0.0000000000E+00,    4.3996557524E+02,    4.3996557524E+02,    0.0000000000E+00,    0.0000000000E+00,    0.0000000000E+00,    4.3996557524E+02
    225650,      0.676970,CP8_after_OBC,   1,    0.0000000000E+00,    4.3996557524E+02,    4.3996557524E+02,    0.0000000000E+00,    0.0000000000E+00,    0.0000000000E+00,    4.3996557524E+02
    225650,      0.676970,CP9_after_PTsource,   1,    0.0000000000E+00,    4.3996557524E+02,    4.3996557524E+02,    0.0000000000E+00,    0.0000000000E+00,    0.0000000000E+00,    4.3996557524E+02
    225650,      0.676970,CP10_after_neg_clamp,   1,    0.0000000000E+00,    4.3996557524E+02,    4.3996557524E+02,    0.0000000000E+00,    0.0000000000E+00,    0.0000000000E+00,    4.3996557524E+02
    225650,      0.676970,CP11_after_MPI,   1,    0.0000000000E+00,    4.3996557524E+02,    4.3996557524E+02,    0.0000000000E+00,    0.0000000000E+00,    0.0000000000E+00,    4.3996557524E+02
    225650,      0.676970,CP12_end,   1,    0.0000000000E+00,    4.3996557524E+02,    4.3996557524E+02,    0.0000000000E+00,    0.0000000000E+00,    0.0000000000E+00,    4.3996557524E+02
    225700,      0.676970,CP0_start,   1,    0.0000000000E+00,    4.4011584374E+02,    4.4011584374E+02,    0.0000000000E+00,    0.0000000000E+00,    0.0000000000E+00,    4.4011584374E+02
    225700,      0.676970,CP1_after_deposition,   1,    0.0000000000E+00,    4.4011584374E+02,    4.4011584374E+02,    0.0000000000E+00,    0.0000000000E+00,    0.0000000000E+00,    4.4011584374E+02
    225700,      0.676970,CP2_after_erosion,   1,    0.0000000000E+00,    4.4011584374E+02,    4.4011584374E+02,    0.0000000000E+00,    0.0000000000E+00,    0.0000000000E+00,    4.4011584374E+02
    225700,      0.676970,CP3_after_update_bottom,   1,    0.0000000000E+00,    4.4011584374E+02,    4.4011584374E+02,    0.0000000000E+00,    0.0000000000E+00,    0.0000000000E+00,    4.4011584374E+02
    225700,      0.676970,CP4_after_advection,   1,    0.0000000000E+00,    4.4009939568E+02,    4.4009939568E+02,    0.0000000000E+00,    0.0000000000E+00,    0.0000000000E+00,    4.4009939568E+02
    225700,      0.676970,CP5_after_vdif,   1,    0.0000000000E+00,    4.4009939568E+02,    4.4009939568E+02,    0.0000000000E+00,    0.0000000000E+00,    0.0000000000E+00,    4.4009939568E+02
    225700,      0.676970,CP6_after_kinetics,   1,    0.0000000000E+00,    4.4009939568E+02,    4.4009939568E+02,    0.0000000000E+00,    0.0000000000E+00,    0.0000000000E+00,    4.4009939568E+02
    225700,      0.676970,CP7_after_upper_clamp,   1,    0.0000000000E+00,    4.4009939568E+02,    4.4009939568E+02,    0.0000000000E+00,    0.0000000000E+00,    0.0000000000E+00,    4.4009939568E+02
    225700,      0.676970,CP8_after_OBC,   1,    0.0000000000E+00,    4.4009939568E+02,    4.4009939568E+02,    0.0000000000E+00,    0.0000000000E+00,    0.0000000000E+00,    4.4009939568E+02
    225700,      0.676970,CP9_after_PTsource,   1,    0.0000000000E+00,    4.4009939568E+02,    4.4009939568E+02,    0.0000000000E+00,    0.0000000000E+00,    0.0000000000E+00,    4.4009939568E+02
    225700,      0.676970,CP10_after_neg_clamp,   1,    0.0000000000E+00,    4.4009939568E+02,    4.4009939568E+02,    0.0000000000E+00,    0.0000000000E+00,    0.0000000000E+00,    4.4009939568E+02
    225700,      0.676970,CP11_after_MPI,   1,    0.0000000000E+00,    4.4009939568E+02,    4.4009939568E+02,    0.0000000000E+00,    0.0000000000E+00,    0.0000000000E+00,    4.4009939568E+02
    225700,      0.676970,CP12_end,   1,    0.0000000000E+00,    4.4009939568E+02,    4.4009939568E+02,    0.0000000000E+00,    0.0000000000E+00,    0.0000000000E+00,    4.4009939568E+02
    225750,      0.676970,CP0_start,   1,    0.0000000000E+00,    4.4025120028E+02,    4.4025120028E+02,    0.0000000000E+00,    0.0000000000E+00,    0.0000000000E+00,    4.4025120028E+02
    225750,      0.676970,CP1_after_deposition,   1,    0.0000000000E+00,    4.4025120028E+02,    4.4025120028E+02,    0.0000000000E+00,    0.0000000000E+00,    0.0000000000E+00,    4.4025120028E+02
    225750,      0.676970,CP2_after_erosion,   1,    0.0000000000E+00,    4.4025120028E+02,    4.4025120028E+02,    0.0000000000E+00,    0.0000000000E+00,    0.0000000000E+00,    4.4025120028E+02
    225750,      0.676970,CP3_after_update_bottom,   1,    0.0000000000E+00,    4.4025120028E+02,    4.4025120028E+02,    0.0000000000E+00,    0.0000000000E+00,    0.0000000000E+00,    4.4025120028E+02
    225750,      0.676970,CP4_after_advection,   1,    0.0000000000E+00,    4.4023479160E+02,    4.4023479160E+02,    0.0000000000E+00,    0.0000000000E+00,    0.0000000000E+00,    4.4023479160E+02
    225750,      0.676970,CP5_after_vdif,   1,    0.0000000000E+00,    4.4023479160E+02,    4.4023479160E+02,    0.0000000000E+00,    0.0000000000E+00,    0.0000000000E+00,    4.4023479160E+02
    225750,      0.676970,CP6_after_kinetics,   1,    0.0000000000E+00,    4.4023479160E+02,    4.4023479160E+02,    0.0000000000E+00,    0.0000000000E+00,    0.0000000000E+00,    4.4023479160E+02
    225750,      0.676970,CP7_after_upper_clamp,   1,    0.0000000000E+00,    4.4023479160E+02,    4.4023479160E+02,    0.0000000000E+00,    0.0000000000E+00,    0.0000000000E+00,    4.4023479160E+02
    225750,      0.676970,CP8_after_OBC,   1,    0.0000000000E+00,    4.4023479160E+02,    4.4023479160E+02,    0.0000000000E+00,    0.0000000000E+00,    0.0000000000E+00,    4.4023479160E+02
    225750,      0.676970,CP9_after_PTsource,   1,    0.0000000000E+00,    4.4023479160E+02,    4.4023479160E+02,    0.0000000000E+00,    0.0000000000E+00,    0.0000000000E+00,    4.4023479160E+02
    225750,      0.676970,CP10_after_neg_clamp,   1,    0.0000000000E+00,    4.4023479160E+02,    4.4023479160E+02,    0.0000000000E+00,    0.0000000000E+00,    0.0000000000E+00,    4.4023479160E+02
    225750,      0.676970,CP11_after_MPI,   1,    0.0000000000E+00,    4.4023479160E+02,    4.4023479160E+02,    0.0000000000E+00,    0.0000000000E+00,    0.0000000000E+00,    4.4023479160E+02
    225750,      0.676970,CP12_end,   1,    0.0000000000E+00,    4.4023479160E+02,    4.4023479160E+02,    0.0000000000E+00,    0.0000000000E+00,    0.0000000000E+00,    4.4023479160E+02
    225800,      0.676970,CP0_start,   1,    0.0000000000E+00,    4.4038832664E+02,    4.4038832664E+02,    0.0000000000E+00,    0.0000000000E+00,    0.0000000000E+00,    4.4038832664E+02
    225800,      0.676970,CP1_after_deposition,   1,    0.0000000000E+00,    4.4038832664E+02,    4.4038832664E+02,    0.0000000000E+00,    0.0000000000E+00,    0.0000000000E+00,    4.4038832664E+02
    225800,      0.676970,CP2_after_erosion,   1,    0.0000000000E+00,    4.4038832664E+02,    4.4038832664E+02,    0.0000000000E+00,    0.0000000000E+00,    0.0000000000E+00,    4.4038832664E+02
    225800,      0.676970,CP3_after_update_bottom,   1,    0.0000000000E+00,    4.4038832664E+02,    4.4038832664E+02,    0.0000000000E+00,    0.0000000000E+00,    0.0000000000E+00,    4.4038832664E+02
    225800,      0.676970,CP4_after_advection,   1,    0.0000000000E+00,    4.4037195761E+02,    4.4037195761E+02,    0.0000000000E+00,    0.0000000000E+00,    0.0000000000E+00,    4.4037195761E+02
    225800,      0.676970,CP5_after_vdif,   1,    0.0000000000E+00,    4.4037195761E+02,    4.4037195761E+02,    0.0000000000E+00,    0.0000000000E+00,    0.0000000000E+00,    4.4037195761E+02
    225800,      0.676970,CP6_after_kinetics,   1,    0.0000000000E+00,    4.4037195761E+02,    4.4037195761E+02,    0.0000000000E+00,    0.0000000000E+00,    0.0000000000E+00,    4.4037195761E+02
    225800,      0.676970,CP7_after_upper_clamp,   1,    0.0000000000E+00,    4.4037195761E+02,    4.4037195761E+02,    0.0000000000E+00,    0.0000000000E+00,    0.0000000000E+00,    4.4037195761E+02
    225800,      0.676970,CP8_after_OBC,   1,    0.0000000000E+00,    4.4037195761E+02,    4.4037195761E+02,    0.0000000000E+00,    0.0000000000E+00,    0.0000000000E+00,    4.4037195761E+02
    225800,      0.676970,CP9_after_PTsource,   1,    0.0000000000E+00,    4.4037195761E+02,    4.4037195761E+02,    0.0000000000E+00,    0.0000000000E+00,    0.0000000000E+00,    4.4037195761E+02
    225800,      0.676970,CP10_after_neg_clamp,   1,    0.0000000000E+00,    4.4037195761E+02,    4.4037195761E+02,    0.0000000000E+00,    0.0000000000E+00,    0.0000000000E+00,    4.4037195761E+02
    225800,      0.676970,CP11_after_MPI,   1,    0.0000000000E+00,    4.4037195761E+02,    4.4037195761E+02,    0.0000000000E+00,    0.0000000000E+00,    0.0000000000E+00,    4.4037195761E+02
    225800,      0.676970,CP12_end,   1,    0.0000000000E+00,    4.4037195761E+02,    4.4037195761E+02,    0.0000000000E+00,    0.0000000000E+00,    0.0000000000E+00,    4.4037195761E+02
    225850,      0.676970,CP0_start,   1,    0.0000000000E+00,    4.4052671905E+02,    4.4052671905E+02,    0.0000000000E+00,    0.0000000000E+00,    0.0000000000E+00,    4.4052671905E+02
    225850,      0.676970,CP1_after_deposition,   1,    0.0000000000E+00,    4.4052671905E+02,    4.4052671905E+02,    0.0000000000E+00,    0.0000000000E+00,    0.0000000000E+00,    4.4052671905E+02
    225850,      0.676970,CP2_after_erosion,   1,    0.0000000000E+00,    4.4052671905E+02,    4.4052671905E+02,    0.0000000000E+00,    0.0000000000E+00,    0.0000000000E+00,    4.4052671905E+02
    225850,      0.676970,CP3_after_update_bottom,   1,    0.0000000000E+00,    4.4052671905E+02,    4.4052671905E+02,    0.0000000000E+00,    0.0000000000E+00,    0.0000000000E+00,    4.4052671905E+02
    225850,      0.676970,CP4_after_advection,   1,    0.0000000000E+00,    4.4051038316E+02,    4.4051038316E+02,    0.0000000000E+00,    0.0000000000E+00,    0.0000000000E+00,    4.4051038316E+02
    225850,      0.676970,CP5_after_vdif,   1,    0.0000000000E+00,    4.4051038316E+02,    4.4051038316E+02,    0.0000000000E+00,    0.0000000000E+00,    0.0000000000E+00,    4.4051038316E+02
    225850,      0.676970,CP6_after_kinetics,   1,    0.0000000000E+00,    4.4051038316E+02,    4.4051038316E+02,    0.0000000000E+00,    0.0000000000E+00,    0.0000000000E+00,    4.4051038316E+02
    225850,      0.676970,CP7_after_upper_clamp,   1,    0.0000000000E+00,    4.4051038316E+02,    4.4051038316E+02,    0.0000000000E+00,    0.0000000000E+00,    0.0000000000E+00,    4.4051038316E+02
    225850,      0.676970,CP8_after_OBC,   1,    0.0000000000E+00,    4.4051038316E+02,    4.4051038316E+02,    0.0000000000E+00,    0.0000000000E+00,    0.0000000000E+00,    4.4051038316E+02
    225850,      0.676970,CP9_after_PTsource,   1,    0.0000000000E+00,    4.4051038316E+02,    4.4051038316E+02,    0.0000000000E+00,    0.0000000000E+00,    0.0000000000E+00,    4.4051038316E+02
    225850,      0.676970,CP10_after_neg_clamp,   1,    0.0000000000E+00,    4.4051038316E+02,    4.4051038316E+02,    0.0000000000E+00,    0.0000000000E+00,    0.0000000000E+00,    4.4051038316E+02
    225850,      0.676970,CP11_after_MPI,   1,    0.0000000000E+00,    4.4051038316E+02,    4.4051038316E+02,    0.0000000000E+00,    0.0000000000E+00,    0.0000000000E+00,    4.4051038316E+02
    225850,      0.676970,CP12_end,   1,    0.0000000000E+00,    4.4051038316E+02,    4.4051038316E+02,    0.0000000000E+00,    0.0000000000E+00,    0.0000000000E+00,    4.4051038316E+02
    225900,      0.676970,CP0_start,   1,    0.0000000000E+00,    4.4066588950E+02,    4.4066588950E+02,    0.0000000000E+00,    0.0000000000E+00,    0.0000000000E+00,    4.4066588950E+02
    225900,      0.676970,CP1_after_deposition,   1,    0.0000000000E+00,    4.4066588950E+02,    4.4066588950E+02,    0.0000000000E+00,    0.0000000000E+00,    0.0000000000E+00,    4.4066588950E+02
    225900,      0.676970,CP2_after_erosion,   1,    0.0000000000E+00,    4.4066588950E+02,    4.4066588950E+02,    0.0000000000E+00,    0.0000000000E+00,    0.0000000000E+00,    4.4066588950E+02
    225900,      0.676970,CP3_after_update_bottom,   1,    0.0000000000E+00,    4.4066588950E+02,    4.4066588950E+02,    0.0000000000E+00,    0.0000000000E+00,    0.0000000000E+00,    4.4066588950E+02
    225900,      0.676970,CP4_after_advection,   1,    0.0000000000E+00,    4.4064957418E+02,    4.4064957418E+02,    0.0000000000E+00,    0.0000000000E+00,    0.0000000000E+00,    4.4064957418E+02
    225900,      0.676970,CP5_after_vdif,   1,    0.0000000000E+00,    4.4064957418E+02,    4.4064957418E+02,    0.0000000000E+00,    0.0000000000E+00,    0.0000000000E+00,    4.4064957418E+02
    225900,      0.676970,CP6_after_kinetics,   1,    0.0000000000E+00,    4.4064957418E+02,    4.4064957418E+02,    0.0000000000E+00,    0.0000000000E+00,    0.0000000000E+00,    4.4064957418E+02
    225900,      0.676970,CP7_after_upper_clamp,   1,    0.0000000000E+00,    4.4064957418E+02,    4.4064957418E+02,    0.0000000000E+00,    0.0000000000E+00,    0.0000000000E+00,    4.4064957418E+02
    225900,      0.676970,CP8_after_OBC,   1,    0.0000000000E+00,    4.4064957418E+02,    4.4064957418E+02,    0.0000000000E+00,    0.0000000000E+00,    0.0000000000E+00,    4.4064957418E+02
    225900,      0.676970,CP9_after_PTsource,   1,    0.0000000000E+00,    4.4064957418E+02,    4.4064957418E+02,    0.0000000000E+00,    0.0000000000E+00,    0.0000000000E+00,    4.4064957418E+02
    225900,      0.676970,CP10_after_neg_clamp,   1,    0.0000000000E+00,    4.4064957418E+02,    4.4064957418E+02,    0.0000000000E+00,    0.0000000000E+00,    0.0000000000E+00,    4.4064957418E+02
    225900,      0.676970,CP11_after_MPI,   1,    0.0000000000E+00,    4.4064957418E+02,    4.4064957418E+02,    0.0000000000E+00,    0.0000000000E+00,    0.0000000000E+00,    4.4064957418E+02
    225900,      0.676970,CP12_end,   1,    0.0000000000E+00,    4.4064957418E+02,    4.4064957418E+02,    0.0000000000E+00,    0.0000000000E+00,    0.0000000000E+00,    4.4064957418E+02
    225950,      0.676970,CP0_start,   1,    0.0000000000E+00,    4.4080491672E+02,    4.4080491672E+02,    0.0000000000E+00,    0.0000000000E+00,    0.0000000000E+00,    4.4080491672E+02
    225950,      0.676970,CP1_after_deposition,   1,    0.0000000000E+00,    4.4080491672E+02,    4.4080491672E+02,    0.0000000000E+00,    0.0000000000E+00,    0.0000000000E+00,    4.4080491672E+02
    225950,      0.676970,CP2_after_erosion,   1,    0.0000000000E+00,    4.4080491672E+02,    4.4080491672E+02,    0.0000000000E+00,    0.0000000000E+00,    0.0000000000E+00,    4.4080491672E+02
    225950,      0.676970,CP3_after_update_bottom,   1,    0.0000000000E+00,    4.4080491672E+02,    4.4080491672E+02,    0.0000000000E+00,    0.0000000000E+00,    0.0000000000E+00,    4.4080491672E+02
    225950,      0.676970,CP4_after_advection,   1,    0.0000000000E+00,    4.4078862950E+02,    4.4078862950E+02,    0.0000000000E+00,    0.0000000000E+00,    0.0000000000E+00,    4.4078862950E+02
    225950,      0.676970,CP5_after_vdif,   1,    0.0000000000E+00,    4.4078862950E+02,    4.4078862950E+02,    0.0000000000E+00,    0.0000000000E+00,    0.0000000000E+00,    4.4078862950E+02
    225950,      0.676970,CP6_after_kinetics,   1,    0.0000000000E+00,    4.4078862950E+02,    4.4078862950E+02,    0.0000000000E+00,    0.0000000000E+00,    0.0000000000E+00,    4.4078862950E+02
    225950,      0.676970,CP7_after_upper_clamp,   1,    0.0000000000E+00,    4.4078862950E+02,    4.4078862950E+02,    0.0000000000E+00,    0.0000000000E+00,    0.0000000000E+00,    4.4078862950E+02
    225950,      0.676970,CP8_after_OBC,   1,    0.0000000000E+00,    4.4078862950E+02,    4.4078862950E+02,    0.0000000000E+00,    0.0000000000E+00,    0.0000000000E+00,    4.4078862950E+02
    225950,      0.676970,CP9_after_PTsource,   1,    0.0000000000E+00,    4.4078862950E+02,    4.4078862950E+02,    0.0000000000E+00,    0.0000000000E+00,    0.0000000000E+00,    4.4078862950E+02
    225950,      0.676970,CP10_after_neg_clamp,   1,    0.0000000000E+00,    4.4078862950E+02,    4.4078862950E+02,    0.0000000000E+00,    0.0000000000E+00,    0.0000000000E+00,    4.4078862950E+02
    225950,      0.676970,CP11_after_MPI,   1,    0.0000000000E+00,    4.4078862950E+02,    4.4078862950E+02,    0.0000000000E+00,    0.0000000000E+00,    0.0000000000E+00,    4.4078862950E+02
    225950,      0.676970,CP12_end,   1,    0.0000000000E+00,    4.4078862950E+02,    4.4078862950E+02,    0.0000000000E+00,    0.0000000000E+00,    0.0000000000E+00,    4.4078862950E+02
    226000,      0.676970,CP0_start,   1,    0.0000000000E+00,    4.4094513644E+02,    4.4094513644E+02,    0.0000000000E+00,    0.0000000000E+00,    0.0000000000E+00,    4.4094513644E+02
    226000,      0.676970,CP1_after_deposition,   1,    0.0000000000E+00,    4.4094513644E+02,    4.4094513644E+02,    0.0000000000E+00,    0.0000000000E+00,    0.0000000000E+00,    4.4094513644E+02
    226000,      0.676970,CP2_after_erosion,   1,    0.0000000000E+00,    4.4094513644E+02,    4.4094513644E+02,    0.0000000000E+00,    0.0000000000E+00,    0.0000000000E+00,    4.4094513644E+02
    226000,      0.676970,CP3_after_update_bottom,   1,    0.0000000000E+00,    4.4094513644E+02,    4.4094513644E+02,    0.0000000000E+00,    0.0000000000E+00,    0.0000000000E+00,    4.4094513644E+02
    226000,      0.676970,CP4_after_advection,   1,    0.0000000000E+00,    4.4092889405E+02,    4.4092889405E+02,    0.0000000000E+00,    0.0000000000E+00,    0.0000000000E+00,    4.4092889405E+02
    226000,      0.676970,CP5_after_vdif,   1,    0.0000000000E+00,    4.4092889405E+02,    4.4092889405E+02,    0.0000000000E+00,    0.0000000000E+00,    0.0000000000E+00,    4.4092889405E+02
    226000,      0.676970,CP6_after_kinetics,   1,    0.0000000000E+00,    4.4092889405E+02,    4.4092889405E+02,    0.0000000000E+00,    0.0000000000E+00,    0.0000000000E+00,    4.4092889405E+02
    226000,      0.676970,CP7_after_upper_clamp,   1,    0.0000000000E+00,    4.4092889405E+02,    4.4092889405E+02,    0.0000000000E+00,    0.0000000000E+00,    0.0000000000E+00,    4.4092889405E+02
    226000,      0.676970,CP8_after_OBC,   1,    0.0000000000E+00,    4.4092889405E+02,    4.4092889405E+02,    0.0000000000E+00,    0.0000000000E+00,    0.0000000000E+00,    4.4092889405E+02
    226000,      0.676970,CP9_after_PTsource,   1,    0.0000000000E+00,    4.4092889405E+02,    4.4092889405E+02,    0.0000000000E+00,    0.0000000000E+00,    0.0000000000E+00,    4.4092889405E+02
    226000,      0.676970,CP10_after_neg_clamp,   1,    0.0000000000E+00,    4.4092889405E+02,    4.4092889405E+02,    0.0000000000E+00,    0.0000000000E+00,    0.0000000000E+00,    4.4092889405E+02
    226000,      0.676970,CP11_after_MPI,   1,    0.0000000000E+00,    4.4092889405E+02,    4.4092889405E+02,    0.0000000000E+00,    0.0000000000E+00,    0.0000000000E+00,    4.4092889405E+02
    226000,      0.676970,CP12_end,   1,    0.0000000000E+00,    4.4092889405E+02,    4.4092889405E+02,    0.0000000000E+00,    0.0000000000E+00,    0.0000000000E+00,    4.4092889405E+02
    226050,      0.676970,CP0_start,   1,    0.0000000000E+00,    4.4108727638E+02,    4.4108727638E+02,    0.0000000000E+00,    0.0000000000E+00,    0.0000000000E+00,    4.4108727638E+02
    226050,      0.676970,CP1_after_deposition,   1,    0.0000000000E+00,    4.4108727638E+02,    4.4108727638E+02,    0.0000000000E+00,    0.0000000000E+00,    0.0000000000E+00,    4.4108727638E+02
    226050,      0.676970,CP2_after_erosion,   1,    0.0000000000E+00,    4.4108727638E+02,    4.4108727638E+02,    0.0000000000E+00,    0.0000000000E+00,    0.0000000000E+00,    4.4108727638E+02
    226050,      0.676970,CP3_after_update_bottom,   1,    0.0000000000E+00,    4.4108727638E+02,    4.4108727638E+02,    0.0000000000E+00,    0.0000000000E+00,    0.0000000000E+00,    4.4108727638E+02
    226050,      0.676970,CP4_after_advection,   1,    0.0000000000E+00,    4.4107108707E+02,    4.4107108707E+02,    0.0000000000E+00,    0.0000000000E+00,    0.0000000000E+00,    4.4107108707E+02
    226050,      0.676970,CP5_after_vdif,   1,    0.0000000000E+00,    4.4107108707E+02,    4.4107108707E+02,    0.0000000000E+00,    0.0000000000E+00,    0.0000000000E+00,    4.4107108707E+02
    226050,      0.676970,CP6_after_kinetics,   1,    0.0000000000E+00,    4.4107108707E+02,    4.4107108707E+02,    0.0000000000E+00,    0.0000000000E+00,    0.0000000000E+00,    4.4107108707E+02
    226050,      0.676970,CP7_after_upper_clamp,   1,    0.0000000000E+00,    4.4107108707E+02,    4.4107108707E+02,    0.0000000000E+00,    0.0000000000E+00,    0.0000000000E+00,    4.4107108707E+02
    226050,      0.676970,CP8_after_OBC,   1,    0.0000000000E+00,    4.4107108707E+02,    4.4107108707E+02,    0.0000000000E+00,    0.0000000000E+00,    0.0000000000E+00,    4.4107108707E+02
    226050,      0.676970,CP9_after_PTsource,   1,    0.0000000000E+00,    4.4107108707E+02,    4.4107108707E+02,    0.0000000000E+00,    0.0000000000E+00,    0.0000000000E+00,    4.4107108707E+02
    226050,      0.676970,CP10_after_neg_clamp,   1,    0.0000000000E+00,    4.4107108707E+02,    4.4107108707E+02,    0.0000000000E+00,    0.0000000000E+00,    0.0000000000E+00,    4.4107108707E+02
    226050,      0.676970,CP11_after_MPI,   1,    0.0000000000E+00,    4.4107108707E+02,    4.4107108707E+02,    0.0000000000E+00,    0.0000000000E+00,    0.0000000000E+00,    4.4107108707E+02
    226050,      0.676970,CP12_end,   1,    0.0000000000E+00,    4.4107108707E+02,    4.4107108707E+02,    0.0000000000E+00,    0.0000000000E+00,    0.0000000000E+00,    4.4107108707E+02
    226100,      0.676970,CP0_start,   1,    0.0000000000E+00,    4.4123088865E+02,    4.4123088865E+02,    0.0000000000E+00,    0.0000000000E+00,    0.0000000000E+00,    4.4123088865E+02
    226100,      0.676970,CP1_after_deposition,   1,    0.0000000000E+00,    4.4123088865E+02,    4.4123088865E+02,    0.0000000000E+00,    0.0000000000E+00,    0.0000000000E+00,    4.4123088865E+02
    226100,      0.676970,CP2_after_erosion,   1,    0.0000000000E+00,    4.4123088865E+02,    4.4123088865E+02,    0.0000000000E+00,    0.0000000000E+00,    0.0000000000E+00,    4.4123088865E+02
    226100,      0.676970,CP3_after_update_bottom,   1,    0.0000000000E+00,    4.4123088865E+02,    4.4123088865E+02,    0.0000000000E+00,    0.0000000000E+00,    0.0000000000E+00,    4.4123088865E+02
    226100,      0.676970,CP4_after_advection,   1,    0.0000000000E+00,    4.4121472033E+02,    4.4121472033E+02,    0.0000000000E+00,    0.0000000000E+00,    0.0000000000E+00,    4.4121472033E+02
    226100,      0.676970,CP5_after_vdif,   1,    0.0000000000E+00,    4.4121472033E+02,    4.4121472033E+02,    0.0000000000E+00,    0.0000000000E+00,    0.0000000000E+00,    4.4121472033E+02
    226100,      0.676970,CP6_after_kinetics,   1,    0.0000000000E+00,    4.4121472033E+02,    4.4121472033E+02,    0.0000000000E+00,    0.0000000000E+00,    0.0000000000E+00,    4.4121472033E+02
    226100,      0.676970,CP7_after_upper_clamp,   1,    0.0000000000E+00,    4.4121472033E+02,    4.4121472033E+02,    0.0000000000E+00,    0.0000000000E+00,    0.0000000000E+00,    4.4121472033E+02
    226100,      0.676970,CP8_after_OBC,   1,    0.0000000000E+00,    4.4121472033E+02,    4.4121472033E+02,    0.0000000000E+00,    0.0000000000E+00,    0.0000000000E+00,    4.4121472033E+02
    226100,      0.676970,CP9_after_PTsource,   1,    0.0000000000E+00,    4.4121472033E+02,    4.4121472033E+02,    0.0000000000E+00,    0.0000000000E+00,    0.0000000000E+00,    4.4121472033E+02
    226100,      0.676970,CP10_after_neg_clamp,   1,    0.0000000000E+00,    4.4121472033E+02,    4.4121472033E+02,    0.0000000000E+00,    0.0000000000E+00,    0.0000000000E+00,    4.4121472033E+02
    226100,      0.676970,CP11_after_MPI,   1,    0.0000000000E+00,    4.4121472033E+02,    4.4121472033E+02,    0.0000000000E+00,    0.0000000000E+00,    0.0000000000E+00,    4.4121472033E+02
    226100,      0.676970,CP12_end,   1,    0.0000000000E+00,    4.4121472033E+02,    4.4121472033E+02,    0.0000000000E+00,    0.0000000000E+00,    0.0000000000E+00,    4.4121472033E+02
    226150,      0.676970,CP0_start,   1,    0.0000000000E+00,    4.4137364169E+02,    4.4137364169E+02,    0.0000000000E+00,    0.0000000000E+00,    0.0000000000E+00,    4.4137364169E+02
    226150,      0.676970,CP1_after_deposition,   1,    0.0000000000E+00,    4.4137364169E+02,    4.4137364169E+02,    0.0000000000E+00,    0.0000000000E+00,    0.0000000000E+00,    4.4137364169E+02
    226150,      0.676970,CP2_after_erosion,   1,    0.0000000000E+00,    4.4137364169E+02,    4.4137364169E+02,    0.0000000000E+00,    0.0000000000E+00,    0.0000000000E+00,    4.4137364169E+02
    226150,      0.676970,CP3_after_update_bottom,   1,    0.0000000000E+00,    4.4137364169E+02,    4.4137364169E+02,    0.0000000000E+00,    0.0000000000E+00,    0.0000000000E+00,    4.4137364169E+02
    226150,      0.676970,CP4_after_advection,   1,    0.0000000000E+00,    4.4135744825E+02,    4.4135744825E+02,    0.0000000000E+00,    0.0000000000E+00,    0.0000000000E+00,    4.4135744825E+02
    226150,      0.676970,CP5_after_vdif,   1,    0.0000000000E+00,    4.4135744825E+02,    4.4135744825E+02,    0.0000000000E+00,    0.0000000000E+00,    0.0000000000E+00,    4.4135744825E+02
    226150,      0.676970,CP6_after_kinetics,   1,    0.0000000000E+00,    4.4135744825E+02,    4.4135744825E+02,    0.0000000000E+00,    0.0000000000E+00,    0.0000000000E+00,    4.4135744825E+02
    226150,      0.676970,CP7_after_upper_clamp,   1,    0.0000000000E+00,    4.4135744825E+02,    4.4135744825E+02,    0.0000000000E+00,    0.0000000000E+00,    0.0000000000E+00,    4.4135744825E+02
    226150,      0.676970,CP8_after_OBC,   1,    0.0000000000E+00,    4.4135744825E+02,    4.4135744825E+02,    0.0000000000E+00,    0.0000000000E+00,    0.0000000000E+00,    4.4135744825E+02
    226150,      0.676970,CP9_after_PTsource,   1,    0.0000000000E+00,    4.4135744825E+02,    4.4135744825E+02,    0.0000000000E+00,    0.0000000000E+00,    0.0000000000E+00,    4.4135744825E+02
    226150,      0.676970,CP10_after_neg_clamp,   1,    0.0000000000E+00,    4.4135744825E+02,    4.4135744825E+02,    0.0000000000E+00,    0.0000000000E+00,    0.0000000000E+00,    4.4135744825E+02
    226150,      0.676970,CP11_after_MPI,   1,    0.0000000000E+00,    4.4135744825E+02,    4.4135744825E+02,    0.0000000000E+00,    0.0000000000E+00,    0.0000000000E+00,    4.4135744825E+02
    226150,      0.676970,CP12_end,   1,    0.0000000000E+00,    4.4135744825E+02,    4.4135744825E+02,    0.0000000000E+00,    0.0000000000E+00,    0.0000000000E+00,    4.4135744825E+02
    226200,      0.676970,CP0_start,   1,    0.0000000000E+00,    4.4151275620E+02,    4.4151275620E+02,    0.0000000000E+00,    0.0000000000E+00,    0.0000000000E+00,    4.4151275620E+02
    226200,      0.676970,CP1_after_deposition,   1,    0.0000000000E+00,    4.4151275620E+02,    4.4151275620E+02,    0.0000000000E+00,    0.0000000000E+00,    0.0000000000E+00,    4.4151275620E+02
    226200,      0.676970,CP2_after_erosion,   1,    0.0000000000E+00,    4.4151275620E+02,    4.4151275620E+02,    0.0000000000E+00,    0.0000000000E+00,    0.0000000000E+00,    4.4151275620E+02
    226200,      0.676970,CP3_after_update_bottom,   1,    0.0000000000E+00,    4.4151275620E+02,    4.4151275620E+02,    0.0000000000E+00,    0.0000000000E+00,    0.0000000000E+00,    4.4151275620E+02
    226200,      0.676970,CP4_after_advection,   1,    0.0000000000E+00,    4.4149650020E+02,    4.4149650020E+02,    0.0000000000E+00,    0.0000000000E+00,    0.0000000000E+00,    4.4149650020E+02
    226200,      0.676970,CP5_after_vdif,   1,    0.0000000000E+00,    4.4149650020E+02,    4.4149650020E+02,    0.0000000000E+00,    0.0000000000E+00,    0.0000000000E+00,    4.4149650020E+02
    226200,      0.676970,CP6_after_kinetics,   1,    0.0000000000E+00,    4.4149650020E+02,    4.4149650020E+02,    0.0000000000E+00,    0.0000000000E+00,    0.0000000000E+00,    4.4149650020E+02
    226200,      0.676970,CP7_after_upper_clamp,   1,    0.0000000000E+00,    4.4149650020E+02,    4.4149650020E+02,    0.0000000000E+00,    0.0000000000E+00,    0.0000000000E+00,    4.4149650020E+02
    226200,      0.676970,CP8_after_OBC,   1,    0.0000000000E+00,    4.4149650020E+02,    4.4149650020E+02,    0.0000000000E+00,    0.0000000000E+00,    0.0000000000E+00,    4.4149650020E+02
    226200,      0.676970,CP9_after_PTsource,   1,    0.0000000000E+00,    4.4149650020E+02,    4.4149650020E+02,    0.0000000000E+00,    0.0000000000E+00,    0.0000000000E+00,    4.4149650020E+02
    226200,      0.676970,CP10_after_neg_clamp,   1,    0.0000000000E+00,    4.4149650020E+02,    4.4149650020E+02,    0.0000000000E+00,    0.0000000000E+00,    0.0000000000E+00,    4.4149650020E+02
    226200,      0.676970,CP11_after_MPI,   1,    0.0000000000E+00,    4.4149650020E+02,    4.4149650020E+02,    0.0000000000E+00,    0.0000000000E+00,    0.0000000000E+00,    4.4149650020E+02
    226200,      0.676970,CP12_end,   1,    0.0000000000E+00,    4.4149650020E+02,    4.4149650020E+02,    0.0000000000E+00,    0.0000000000E+00,    0.0000000000E+00,    4.4149650020E+02
    226250,      0.676970,CP0_start,   1,    0.0000000000E+00,    4.4164757635E+02,    4.4164757635E+02,    0.0000000000E+00,    0.0000000000E+00,    0.0000000000E+00,    4.4164757635E+02
    226250,      0.676970,CP1_after_deposition,   1,    0.0000000000E+00,    4.4164757635E+02,    4.4164757635E+02,    0.0000000000E+00,    0.0000000000E+00,    0.0000000000E+00,    4.4164757635E+02
    226250,      0.676970,CP2_after_erosion,   1,    0.0000000000E+00,    4.4164757635E+02,    4.4164757635E+02,    0.0000000000E+00,    0.0000000000E+00,    0.0000000000E+00,    4.4164757635E+02
    226250,      0.676970,CP3_after_update_bottom,   1,    0.0000000000E+00,    4.4164757635E+02,    4.4164757635E+02,    0.0000000000E+00,    0.0000000000E+00,    0.0000000000E+00,    4.4164757635E+02
    226250,      0.676970,CP4_after_advection,   1,    0.0000000000E+00,    4.4163127256E+02,    4.4163127256E+02,    0.0000000000E+00,    0.0000000000E+00,    0.0000000000E+00,    4.4163127256E+02
    226250,      0.676970,CP5_after_vdif,   1,    0.0000000000E+00,    4.4163127256E+02,    4.4163127256E+02,    0.0000000000E+00,    0.0000000000E+00,    0.0000000000E+00,    4.4163127256E+02
    226250,      0.676970,CP6_after_kinetics,   1,    0.0000000000E+00,    4.4163127256E+02,    4.4163127256E+02,    0.0000000000E+00,    0.0000000000E+00,    0.0000000000E+00,    4.4163127256E+02
    226250,      0.676970,CP7_after_upper_clamp,   1,    0.0000000000E+00,    4.4163127256E+02,    4.4163127256E+02,    0.0000000000E+00,    0.0000000000E+00,    0.0000000000E+00,    4.4163127256E+02
    226250,      0.676970,CP8_after_OBC,   1,    0.0000000000E+00,    4.4163127256E+02,    4.4163127256E+02,    0.0000000000E+00,    0.0000000000E+00,    0.0000000000E+00,    4.4163127256E+02
    226250,      0.676970,CP9_after_PTsource,   1,    0.0000000000E+00,    4.4163127256E+02,    4.4163127256E+02,    0.0000000000E+00,    0.0000000000E+00,    0.0000000000E+00,    4.4163127256E+02
    226250,      0.676970,CP10_after_neg_clamp,   1,    0.0000000000E+00,    4.4163127256E+02,    4.4163127256E+02,    0.0000000000E+00,    0.0000000000E+00,    0.0000000000E+00,    4.4163127256E+02
    226250,      0.676970,CP11_after_MPI,   1,    0.0000000000E+00,    4.4163127256E+02,    4.4163127256E+02,    0.0000000000E+00,    0.0000000000E+00,    0.0000000000E+00,    4.4163127256E+02
    226250,      0.676970,CP12_end,   1,    0.0000000000E+00,    4.4163127256E+02,    4.4163127256E+02,    0.0000000000E+00,    0.0000000000E+00,    0.0000000000E+00,    4.4163127256E+02
    226300,      0.676970,CP0_start,   1,    0.0000000000E+00,    4.4177963221E+02,    4.4177963221E+02,    0.0000000000E+00,    0.0000000000E+00,    0.0000000000E+00,    4.4177963221E+02
    226300,      0.676970,CP1_after_deposition,   1,    0.0000000000E+00,    4.4177963221E+02,    4.4177963221E+02,    0.0000000000E+00,    0.0000000000E+00,    0.0000000000E+00,    4.4177963221E+02
    226300,      0.676970,CP2_after_erosion,   1,    0.0000000000E+00,    4.4177963221E+02,    4.4177963221E+02,    0.0000000000E+00,    0.0000000000E+00,    0.0000000000E+00,    4.4177963221E+02
    226300,      0.676970,CP3_after_update_bottom,   1,    0.0000000000E+00,    4.4177963221E+02,    4.4177963221E+02,    0.0000000000E+00,    0.0000000000E+00,    0.0000000000E+00,    4.4177963221E+02
    226300,      0.676970,CP4_after_advection,   1,    0.0000000000E+00,    4.4176332002E+02,    4.4176332002E+02,    0.0000000000E+00,    0.0000000000E+00,    0.0000000000E+00,    4.4176332002E+02
    226300,      0.676970,CP5_after_vdif,   1,    0.0000000000E+00,    4.4176332002E+02,    4.4176332002E+02,    0.0000000000E+00,    0.0000000000E+00,    0.0000000000E+00,    4.4176332002E+02
    226300,      0.676970,CP6_after_kinetics,   1,    0.0000000000E+00,    4.4176332002E+02,    4.4176332002E+02,    0.0000000000E+00,    0.0000000000E+00,    0.0000000000E+00,    4.4176332002E+02
    226300,      0.676970,CP7_after_upper_clamp,   1,    0.0000000000E+00,    4.4176332002E+02,    4.4176332002E+02,    0.0000000000E+00,    0.0000000000E+00,    0.0000000000E+00,    4.4176332002E+02
    226300,      0.676970,CP8_after_OBC,   1,    0.0000000000E+00,    4.4176332002E+02,    4.4176332002E+02,    0.0000000000E+00,    0.0000000000E+00,    0.0000000000E+00,    4.4176332002E+02
    226300,      0.676970,CP9_after_PTsource,   1,    0.0000000000E+00,    4.4176332002E+02,    4.4176332002E+02,    0.0000000000E+00,    0.0000000000E+00,    0.0000000000E+00,    4.4176332002E+02
    226300,      0.676970,CP10_after_neg_clamp,   1,    0.0000000000E+00,    4.4176332002E+02,    4.4176332002E+02,    0.0000000000E+00,    0.0000000000E+00,    0.0000000000E+00,    4.4176332002E+02
    226300,      0.676970,CP11_after_MPI,   1,    0.0000000000E+00,    4.4176332002E+02,    4.4176332002E+02,    0.0000000000E+00,    0.0000000000E+00,    0.0000000000E+00,    4.4176332002E+02
    226300,      0.676970,CP12_end,   1,    0.0000000000E+00,    4.4176332002E+02,    4.4176332002E+02,    0.0000000000E+00,    0.0000000000E+00,    0.0000000000E+00,    4.4176332002E+02
    226350,      0.676970,CP0_start,   1,    0.0000000000E+00,    4.4191034154E+02,    4.4191034154E+02,    0.0000000000E+00,    0.0000000000E+00,    0.0000000000E+00,    4.4191034154E+02
    226350,      0.676970,CP1_after_deposition,   1,    0.0000000000E+00,    4.4191034154E+02,    4.4191034154E+02,    0.0000000000E+00,    0.0000000000E+00,    0.0000000000E+00,    4.4191034154E+02
    226350,      0.676970,CP2_after_erosion,   1,    0.0000000000E+00,    4.4191034154E+02,    4.4191034154E+02,    0.0000000000E+00,    0.0000000000E+00,    0.0000000000E+00,    4.4191034154E+02
    226350,      0.676970,CP3_after_update_bottom,   1,    0.0000000000E+00,    4.4191034154E+02,    4.4191034154E+02,    0.0000000000E+00,    0.0000000000E+00,    0.0000000000E+00,    4.4191034154E+02
    226350,      0.676970,CP4_after_advection,   1,    0.0000000000E+00,    4.4189403353E+02,    4.4189403353E+02,    0.0000000000E+00,    0.0000000000E+00,    0.0000000000E+00,    4.4189403353E+02
    226350,      0.676970,CP5_after_vdif,   1,    0.0000000000E+00,    4.4189403353E+02,    4.4189403353E+02,    0.0000000000E+00,    0.0000000000E+00,    0.0000000000E+00,    4.4189403353E+02
    226350,      0.676970,CP6_after_kinetics,   1,    0.0000000000E+00,    4.4189403353E+02,    4.4189403353E+02,    0.0000000000E+00,    0.0000000000E+00,    0.0000000000E+00,    4.4189403353E+02
    226350,      0.676970,CP7_after_upper_clamp,   1,    0.0000000000E+00,    4.4189403353E+02,    4.4189403353E+02,    0.0000000000E+00,    0.0000000000E+00,    0.0000000000E+00,    4.4189403353E+02
    226350,      0.676970,CP8_after_OBC,   1,    0.0000000000E+00,    4.4189403353E+02,    4.4189403353E+02,    0.0000000000E+00,    0.0000000000E+00,    0.0000000000E+00,    4.4189403353E+02
    226350,      0.676970,CP9_after_PTsource,   1,    0.0000000000E+00,    4.4189403353E+02,    4.4189403353E+02,    0.0000000000E+00,    0.0000000000E+00,    0.0000000000E+00,    4.4189403353E+02
    226350,      0.676970,CP10_after_neg_clamp,   1,    0.0000000000E+00,    4.4189403353E+02,    4.4189403353E+02,    0.0000000000E+00,    0.0000000000E+00,    0.0000000000E+00,    4.4189403353E+02
    226350,      0.676970,CP11_after_MPI,   1,    0.0000000000E+00,    4.4189403353E+02,    4.4189403353E+02,    0.0000000000E+00,    0.0000000000E+00,    0.0000000000E+00,    4.4189403353E+02
    226350,      0.676970,CP12_end,   1,    0.0000000000E+00,    4.4189403353E+02,    4.4189403353E+02,    0.0000000000E+00,    0.0000000000E+00,    0.0000000000E+00,    4.4189403353E+02
    226400,      0.676970,CP0_start,   1,    0.0000000000E+00,    4.4204002279E+02,    4.4204002279E+02,    0.0000000000E+00,    0.0000000000E+00,    0.0000000000E+00,    4.4204002279E+02
    226400,      0.676970,CP1_after_deposition,   1,    0.0000000000E+00,    4.4204002279E+02,    4.4204002279E+02,    0.0000000000E+00,    0.0000000000E+00,    0.0000000000E+00,    4.4204002279E+02
    226400,      0.676970,CP2_after_erosion,   1,    0.0000000000E+00,    4.4204002279E+02,    4.4204002279E+02,    0.0000000000E+00,    0.0000000000E+00,    0.0000000000E+00,    4.4204002279E+02
    226400,      0.676970,CP3_after_update_bottom,   1,    0.0000000000E+00,    4.4204002279E+02,    4.4204002279E+02,    0.0000000000E+00,    0.0000000000E+00,    0.0000000000E+00,    4.4204002279E+02
    226400,      0.676970,CP4_after_advection,   1,    0.0000000000E+00,    4.4202374843E+02,    4.4202374843E+02,    0.0000000000E+00,    0.0000000000E+00,    0.0000000000E+00,    4.4202374843E+02
    226400,      0.676970,CP5_after_vdif,   1,    0.0000000000E+00,    4.4202374843E+02,    4.4202374843E+02,    0.0000000000E+00,    0.0000000000E+00,    0.0000000000E+00,    4.4202374843E+02
    226400,      0.676970,CP6_after_kinetics,   1,    0.0000000000E+00,    4.4202374843E+02,    4.4202374843E+02,    0.0000000000E+00,    0.0000000000E+00,    0.0000000000E+00,    4.4202374843E+02
    226400,      0.676970,CP7_after_upper_clamp,   1,    0.0000000000E+00,    4.4202374843E+02,    4.4202374843E+02,    0.0000000000E+00,    0.0000000000E+00,    0.0000000000E+00,    4.4202374843E+02
    226400,      0.676970,CP8_after_OBC,   1,    0.0000000000E+00,    4.4202374843E+02,    4.4202374843E+02,    0.0000000000E+00,    0.0000000000E+00,    0.0000000000E+00,    4.4202374843E+02
    226400,      0.676970,CP9_after_PTsource,   1,    0.0000000000E+00,    4.4202374843E+02,    4.4202374843E+02,    0.0000000000E+00,    0.0000000000E+00,    0.0000000000E+00,    4.4202374843E+02
    226400,      0.676970,CP10_after_neg_clamp,   1,    0.0000000000E+00,    4.4202374843E+02,    4.4202374843E+02,    0.0000000000E+00,    0.0000000000E+00,    0.0000000000E+00,    4.4202374843E+02
    226400,      0.676970,CP11_after_MPI,   1,    0.0000000000E+00,    4.4202374843E+02,    4.4202374843E+02,    0.0000000000E+00,    0.0000000000E+00,    0.0000000000E+00,    4.4202374843E+02
    226400,      0.676970,CP12_end,   1,    0.0000000000E+00,    4.4202374843E+02,    4.4202374843E+02,    0.0000000000E+00,    0.0000000000E+00,    0.0000000000E+00,    4.4202374843E+02
    226450,      0.676970,CP0_start,   1,    0.0000000000E+00,    4.4216906561E+02,    4.4216906561E+02,    0.0000000000E+00,    0.0000000000E+00,    0.0000000000E+00,    4.4216906561E+02
    226450,      0.676970,CP1_after_deposition,   1,    0.0000000000E+00,    4.4216906561E+02,    4.4216906561E+02,    0.0000000000E+00,    0.0000000000E+00,    0.0000000000E+00,    4.4216906561E+02
    226450,      0.676970,CP2_after_erosion,   1,    0.0000000000E+00,    4.4216906561E+02,    4.4216906561E+02,    0.0000000000E+00,    0.0000000000E+00,    0.0000000000E+00,    4.4216906561E+02
    226450,      0.676970,CP3_after_update_bottom,   1,    0.0000000000E+00,    4.4216906561E+02,    4.4216906561E+02,    0.0000000000E+00,    0.0000000000E+00,    0.0000000000E+00,    4.4216906561E+02
    226450,      0.676970,CP4_after_advection,   1,    0.0000000000E+00,    4.4215280845E+02,    4.4215280845E+02,    0.0000000000E+00,    0.0000000000E+00,    0.0000000000E+00,    4.4215280845E+02
    226450,      0.676970,CP5_after_vdif,   1,    0.0000000000E+00,    4.4215280845E+02,    4.4215280845E+02,    0.0000000000E+00,    0.0000000000E+00,    0.0000000000E+00,    4.4215280845E+02
    226450,      0.676970,CP6_after_kinetics,   1,    0.0000000000E+00,    4.4215280845E+02,    4.4215280845E+02,    0.0000000000E+00,    0.0000000000E+00,    0.0000000000E+00,    4.4215280845E+02
    226450,      0.676970,CP7_after_upper_clamp,   1,    0.0000000000E+00,    4.4215280845E+02,    4.4215280845E+02,    0.0000000000E+00,    0.0000000000E+00,    0.0000000000E+00,    4.4215280845E+02
    226450,      0.676970,CP8_after_OBC,   1,    0.0000000000E+00,    4.4215280845E+02,    4.4215280845E+02,    0.0000000000E+00,    0.0000000000E+00,    0.0000000000E+00,    4.4215280845E+02
    226450,      0.676970,CP9_after_PTsource,   1,    0.0000000000E+00,    4.4215280845E+02,    4.4215280845E+02,    0.0000000000E+00,    0.0000000000E+00,    0.0000000000E+00,    4.4215280845E+02
    226450,      0.676970,CP10_after_neg_clamp,   1,    0.0000000000E+00,    4.4215280845E+02,    4.4215280845E+02,    0.0000000000E+00,    0.0000000000E+00,    0.0000000000E+00,    4.4215280845E+02
    226450,      0.676970,CP11_after_MPI,   1,    0.0000000000E+00,    4.4215280845E+02,    4.4215280845E+02,    0.0000000000E+00,    0.0000000000E+00,    0.0000000000E+00,    4.4215280845E+02
    226450,      0.676970,CP12_end,   1,    0.0000000000E+00,    4.4215280845E+02,    4.4215280845E+02,    0.0000000000E+00,    0.0000000000E+00,    0.0000000000E+00,    4.4215280845E+02
    226500,      0.676970,CP0_start,   1,    0.0000000000E+00,    4.4229706273E+02,    4.4229706273E+02,    0.0000000000E+00,    0.0000000000E+00,    0.0000000000E+00,    4.4229706273E+02
    226500,      0.676970,CP1_after_deposition,   1,    0.0000000000E+00,    4.4229706273E+02,    4.4229706273E+02,    0.0000000000E+00,    0.0000000000E+00,    0.0000000000E+00,    4.4229706273E+02
    226500,      0.676970,CP2_after_erosion,   1,    0.0000000000E+00,    4.4229706273E+02,    4.4229706273E+02,    0.0000000000E+00,    0.0000000000E+00,    0.0000000000E+00,    4.4229706273E+02
    226500,      0.676970,CP3_after_update_bottom,   1,    0.0000000000E+00,    4.4229706273E+02,    4.4229706273E+02,    0.0000000000E+00,    0.0000000000E+00,    0.0000000000E+00,    4.4229706273E+02
    226500,      0.676970,CP4_after_advection,   1,    0.0000000000E+00,    4.4228081481E+02,    4.4228081481E+02,    0.0000000000E+00,    0.0000000000E+00,    0.0000000000E+00,    4.4228081481E+02
    226500,      0.676970,CP5_after_vdif,   1,    0.0000000000E+00,    4.4228081481E+02,    4.4228081481E+02,    0.0000000000E+00,    0.0000000000E+00,    0.0000000000E+00,    4.4228081481E+02
    226500,      0.676970,CP6_after_kinetics,   1,    0.0000000000E+00,    4.4228081481E+02,    4.4228081481E+02,    0.0000000000E+00,    0.0000000000E+00,    0.0000000000E+00,    4.4228081481E+02
    226500,      0.676970,CP7_after_upper_clamp,   1,    0.0000000000E+00,    4.4228081481E+02,    4.4228081481E+02,    0.0000000000E+00,    0.0000000000E+00,    0.0000000000E+00,    4.4228081481E+02
    226500,      0.676970,CP8_after_OBC,   1,    0.0000000000E+00,    4.4228081481E+02,    4.4228081481E+02,    0.0000000000E+00,    0.0000000000E+00,    0.0000000000E+00,    4.4228081481E+02
    226500,      0.676970,CP9_after_PTsource,   1,    0.0000000000E+00,    4.4228081481E+02,    4.4228081481E+02,    0.0000000000E+00,    0.0000000000E+00,    0.0000000000E+00,    4.4228081481E+02
    226500,      0.676970,CP10_after_neg_clamp,   1,    0.0000000000E+00,    4.4228081481E+02,    4.4228081481E+02,    0.0000000000E+00,    0.0000000000E+00,    0.0000000000E+00,    4.4228081481E+02
    226500,      0.676970,CP11_after_MPI,   1,    0.0000000000E+00,    4.4228081481E+02,    4.4228081481E+02,    0.0000000000E+00,    0.0000000000E+00,    0.0000000000E+00,    4.4228081481E+02
    226500,      0.676970,CP12_end,   1,    0.0000000000E+00,    4.4228081481E+02,    4.4228081481E+02,    0.0000000000E+00,    0.0000000000E+00,    0.0000000000E+00,    4.4228081481E+02
    226550,      0.676970,CP0_start,   1,    0.0000000000E+00,    4.4242360151E+02,    4.4242360151E+02,    0.0000000000E+00,    0.0000000000E+00,    0.0000000000E+00,    4.4242360151E+02
    226550,      0.676970,CP1_after_deposition,   1,    0.0000000000E+00,    4.4242360151E+02,    4.4242360151E+02,    0.0000000000E+00,    0.0000000000E+00,    0.0000000000E+00,    4.4242360151E+02
    226550,      0.676970,CP2_after_erosion,   1,    0.0000000000E+00,    4.4242360151E+02,    4.4242360151E+02,    0.0000000000E+00,    0.0000000000E+00,    0.0000000000E+00,    4.4242360151E+02
    226550,      0.676970,CP3_after_update_bottom,   1,    0.0000000000E+00,    4.4242360151E+02,    4.4242360151E+02,    0.0000000000E+00,    0.0000000000E+00,    0.0000000000E+00,    4.4242360151E+02
    226550,      0.676970,CP4_after_advection,   1,    0.0000000000E+00,    4.4240738256E+02,    4.4240738256E+02,    0.0000000000E+00,    0.0000000000E+00,    0.0000000000E+00,    4.4240738256E+02
    226550,      0.676970,CP5_after_vdif,   1,    0.0000000000E+00,    4.4240738256E+02,    4.4240738256E+02,    0.0000000000E+00,    0.0000000000E+00,    0.0000000000E+00,    4.4240738256E+02
    226550,      0.676970,CP6_after_kinetics,   1,    0.0000000000E+00,    4.4240738256E+02,    4.4240738256E+02,    0.0000000000E+00,    0.0000000000E+00,    0.0000000000E+00,    4.4240738256E+02
    226550,      0.676970,CP7_after_upper_clamp,   1,    0.0000000000E+00,    4.4240738256E+02,    4.4240738256E+02,    0.0000000000E+00,    0.0000000000E+00,    0.0000000000E+00,    4.4240738256E+02
    226550,      0.676970,CP8_after_OBC,   1,    0.0000000000E+00,    4.4240738256E+02,    4.4240738256E+02,    0.0000000000E+00,    0.0000000000E+00,    0.0000000000E+00,    4.4240738256E+02
    226550,      0.676970,CP9_after_PTsource,   1,    0.0000000000E+00,    4.4240738256E+02,    4.4240738256E+02,    0.0000000000E+00,    0.0000000000E+00,    0.0000000000E+00,    4.4240738256E+02
    226550,      0.676970,CP10_after_neg_clamp,   1,    0.0000000000E+00,    4.4240738256E+02,    4.4240738256E+02,    0.0000000000E+00,    0.0000000000E+00,    0.0000000000E+00,    4.4240738256E+02
    226550,      0.676970,CP11_after_MPI,   1,    0.0000000000E+00,    4.4240738256E+02,    4.4240738256E+02,    0.0000000000E+00,    0.0000000000E+00,    0.0000000000E+00,    4.4240738256E+02
    226550,      0.676970,CP12_end,   1,    0.0000000000E+00,    4.4240738256E+02,    4.4240738256E+02,    0.0000000000E+00,    0.0000000000E+00,    0.0000000000E+00,    4.4240738256E+02
    226600,      0.676970,CP0_start,   1,    0.0000000000E+00,    4.4254917349E+02,    4.4254917349E+02,    0.0000000000E+00,    0.0000000000E+00,    0.0000000000E+00,    4.4254917349E+02
    226600,      0.676970,CP1_after_deposition,   1,    0.0000000000E+00,    4.4254917349E+02,    4.4254917349E+02,    0.0000000000E+00,    0.0000000000E+00,    0.0000000000E+00,    4.4254917349E+02
    226600,      0.676970,CP2_after_erosion,   1,    0.0000000000E+00,    4.4254917349E+02,    4.4254917349E+02,    0.0000000000E+00,    0.0000000000E+00,    0.0000000000E+00,    4.4254917349E+02
    226600,      0.676970,CP3_after_update_bottom,   1,    0.0000000000E+00,    4.4254917349E+02,    4.4254917349E+02,    0.0000000000E+00,    0.0000000000E+00,    0.0000000000E+00,    4.4254917349E+02
    226600,      0.676970,CP4_after_advection,   1,    0.0000000000E+00,    4.4253301684E+02,    4.4253301684E+02,    0.0000000000E+00,    0.0000000000E+00,    0.0000000000E+00,    4.4253301684E+02
    226600,      0.676970,CP5_after_vdif,   1,    0.0000000000E+00,    4.4253301684E+02,    4.4253301684E+02,    0.0000000000E+00,    0.0000000000E+00,    0.0000000000E+00,    4.4253301684E+02
    226600,      0.676970,CP6_after_kinetics,   1,    0.0000000000E+00,    4.4253301684E+02,    4.4253301684E+02,    0.0000000000E+00,    0.0000000000E+00,    0.0000000000E+00,    4.4253301684E+02
    226600,      0.676970,CP7_after_upper_clamp,   1,    0.0000000000E+00,    4.4253301684E+02,    4.4253301684E+02,    0.0000000000E+00,    0.0000000000E+00,    0.0000000000E+00,    4.4253301684E+02
    226600,      0.676970,CP8_after_OBC,   1,    0.0000000000E+00,    4.4253301684E+02,    4.4253301684E+02,    0.0000000000E+00,    0.0000000000E+00,    0.0000000000E+00,    4.4253301684E+02
    226600,      0.676970,CP9_after_PTsource,   1,    0.0000000000E+00,    4.4253301684E+02,    4.4253301684E+02,    0.0000000000E+00,    0.0000000000E+00,    0.0000000000E+00,    4.4253301684E+02
    226600,      0.676970,CP10_after_neg_clamp,   1,    0.0000000000E+00,    4.4253301684E+02,    4.4253301684E+02,    0.0000000000E+00,    0.0000000000E+00,    0.0000000000E+00,    4.4253301684E+02
    226600,      0.676970,CP11_after_MPI,   1,    0.0000000000E+00,    4.4253301684E+02,    4.4253301684E+02,    0.0000000000E+00,    0.0000000000E+00,    0.0000000000E+00,    4.4253301684E+02
    226600,      0.676970,CP12_end,   1,    0.0000000000E+00,    4.4253301684E+02,    4.4253301684E+02,    0.0000000000E+00,    0.0000000000E+00,    0.0000000000E+00,    4.4253301684E+02
    226650,      0.676970,CP0_start,   1,    0.0000000000E+00,    4.4267500000E+02,    4.4267500000E+02,    0.0000000000E+00,    0.0000000000E+00,    0.0000000000E+00,    4.4267500000E+02
    226650,      0.676970,CP1_after_deposition,   1,    0.0000000000E+00,    4.4267500000E+02,    4.4267500000E+02,    0.0000000000E+00,    0.0000000000E+00,    0.0000000000E+00,    4.4267500000E+02
    226650,      0.676970,CP2_after_erosion,   1,    0.0000000000E+00,    4.4267500000E+02,    4.4267500000E+02,    0.0000000000E+00,    0.0000000000E+00,    0.0000000000E+00,    4.4267500000E+02
    226650,      0.676970,CP3_after_update_bottom,   1,    0.0000000000E+00,    4.4267500000E+02,    4.4267500000E+02,    0.0000000000E+00,    0.0000000000E+00,    0.0000000000E+00,    4.4267500000E+02
    226650,      0.676970,CP4_after_advection,   1,    0.0000000000E+00,    4.4265893197E+02,    4.4265893197E+02,    0.0000000000E+00,    0.0000000000E+00,    0.0000000000E+00,    4.4265893197E+02
    226650,      0.676970,CP5_after_vdif,   1,    0.0000000000E+00,    4.4265893197E+02,    4.4265893197E+02,    0.0000000000E+00,    0.0000000000E+00,    0.0000000000E+00,    4.4265893197E+02
    226650,      0.676970,CP6_after_kinetics,   1,    0.0000000000E+00,    4.4265893197E+02,    4.4265893197E+02,    0.0000000000E+00,    0.0000000000E+00,    0.0000000000E+00,    4.4265893197E+02
    226650,      0.676970,CP7_after_upper_clamp,   1,    0.0000000000E+00,    4.4265893197E+02,    4.4265893197E+02,    0.0000000000E+00,    0.0000000000E+00,    0.0000000000E+00,    4.4265893197E+02
    226650,      0.676970,CP8_after_OBC,   1,    0.0000000000E+00,    4.4265893197E+02,    4.4265893197E+02,    0.0000000000E+00,    0.0000000000E+00,    0.0000000000E+00,    4.4265893197E+02
    226650,      0.676970,CP9_after_PTsource,   1,    0.0000000000E+00,    4.4265893197E+02,    4.4265893197E+02,    0.0000000000E+00,    0.0000000000E+00,    0.0000000000E+00,    4.4265893197E+02
    226650,      0.676970,CP10_after_neg_clamp,   1,    0.0000000000E+00,    4.4265893197E+02,    4.4265893197E+02,    0.0000000000E+00,    0.0000000000E+00,    0.0000000000E+00,    4.4265893197E+02
    226650,      0.676970,CP11_after_MPI,   1,    0.0000000000E+00,    4.4265893197E+02,    4.4265893197E+02,    0.0000000000E+00,    0.0000000000E+00,    0.0000000000E+00,    4.4265893197E+02
    226650,      0.676970,CP12_end,   1,    0.0000000000E+00,    4.4265893197E+02,    4.4265893197E+02,    0.0000000000E+00,    0.0000000000E+00,    0.0000000000E+00,    4.4265893197E+02
    226700,      0.676970,CP0_start,   1,    0.0000000000E+00,    4.4280182978E+02,    4.4280182978E+02,    0.0000000000E+00,    0.0000000000E+00,    0.0000000000E+00,    4.4280182978E+02
    226700,      0.676970,CP1_after_deposition,   1,    0.0000000000E+00,    4.4280182978E+02,    4.4280182978E+02,    0.0000000000E+00,    0.0000000000E+00,    0.0000000000E+00,    4.4280182978E+02
    226700,      0.676970,CP2_after_erosion,   1,    0.0000000000E+00,    4.4280182978E+02,    4.4280182978E+02,    0.0000000000E+00,    0.0000000000E+00,    0.0000000000E+00,    4.4280182978E+02
    226700,      0.676970,CP3_after_update_bottom,   1,    0.0000000000E+00,    4.4280182978E+02,    4.4280182978E+02,    0.0000000000E+00,    0.0000000000E+00,    0.0000000000E+00,    4.4280182978E+02
    226700,      0.676970,CP4_after_advection,   1,    0.0000000000E+00,    4.4278588794E+02,    4.4278588794E+02,    0.0000000000E+00,    0.0000000000E+00,    0.0000000000E+00,    4.4278588794E+02
    226700,      0.676970,CP5_after_vdif,   1,    0.0000000000E+00,    4.4278588794E+02,    4.4278588794E+02,    0.0000000000E+00,    0.0000000000E+00,    0.0000000000E+00,    4.4278588794E+02
    226700,      0.676970,CP6_after_kinetics,   1,    0.0000000000E+00,    4.4278588794E+02,    4.4278588794E+02,    0.0000000000E+00,    0.0000000000E+00,    0.0000000000E+00,    4.4278588794E+02
    226700,      0.676970,CP7_after_upper_clamp,   1,    0.0000000000E+00,    4.4278588794E+02,    4.4278588794E+02,    0.0000000000E+00,    0.0000000000E+00,    0.0000000000E+00,    4.4278588794E+02
    226700,      0.676970,CP8_after_OBC,   1,    0.0000000000E+00,    4.4278588794E+02,    4.4278588794E+02,    0.0000000000E+00,    0.0000000000E+00,    0.0000000000E+00,    4.4278588794E+02
    226700,      0.676970,CP9_after_PTsource,   1,    0.0000000000E+00,    4.4278588794E+02,    4.4278588794E+02,    0.0000000000E+00,    0.0000000000E+00,    0.0000000000E+00,    4.4278588794E+02
    226700,      0.676970,CP10_after_neg_clamp,   1,    0.0000000000E+00,    4.4278588794E+02,    4.4278588794E+02,    0.0000000000E+00,    0.0000000000E+00,    0.0000000000E+00,    4.4278588794E+02
    226700,      0.676970,CP11_after_MPI,   1,    0.0000000000E+00,    4.4278588794E+02,    4.4278588794E+02,    0.0000000000E+00,    0.0000000000E+00,    0.0000000000E+00,    4.4278588794E+02
    226700,      0.676970,CP12_end,   1,    0.0000000000E+00,    4.4278588794E+02,    4.4278588794E+02,    0.0000000000E+00,    0.0000000000E+00,    0.0000000000E+00,    4.4278588794E+02
    226750,      0.676970,CP0_start,   1,    0.0000000000E+00,    4.4293023598E+02,    4.4293023598E+02,    0.0000000000E+00,    0.0000000000E+00,    0.0000000000E+00,    4.4293023598E+02
    226750,      0.676970,CP1_after_deposition,   1,    0.0000000000E+00,    4.4293023598E+02,    4.4293023598E+02,    0.0000000000E+00,    0.0000000000E+00,    0.0000000000E+00,    4.4293023598E+02
    226750,      0.676970,CP2_after_erosion,   1,    0.0000000000E+00,    4.4293023598E+02,    4.4293023598E+02,    0.0000000000E+00,    0.0000000000E+00,    0.0000000000E+00,    4.4293023598E+02
    226750,      0.676970,CP3_after_update_bottom,   1,    0.0000000000E+00,    4.4293023598E+02,    4.4293023598E+02,    0.0000000000E+00,    0.0000000000E+00,    0.0000000000E+00,    4.4293023598E+02
    226750,      0.676970,CP4_after_advection,   1,    0.0000000000E+00,    4.4291445357E+02,    4.4291445357E+02,    0.0000000000E+00,    0.0000000000E+00,    0.0000000000E+00,    4.4291445357E+02
    226750,      0.676970,CP5_after_vdif,   1,    0.0000000000E+00,    4.4291445357E+02,    4.4291445357E+02,    0.0000000000E+00,    0.0000000000E+00,    0.0000000000E+00,    4.4291445357E+02
    226750,      0.676970,CP6_after_kinetics,   1,    0.0000000000E+00,    4.4291445357E+02,    4.4291445357E+02,    0.0000000000E+00,    0.0000000000E+00,    0.0000000000E+00,    4.4291445357E+02
    226750,      0.676970,CP7_after_upper_clamp,   1,    0.0000000000E+00,    4.4291445357E+02,    4.4291445357E+02,    0.0000000000E+00,    0.0000000000E+00,    0.0000000000E+00,    4.4291445357E+02
    226750,      0.676970,CP8_after_OBC,   1,    0.0000000000E+00,    4.4291445357E+02,    4.4291445357E+02,    0.0000000000E+00,    0.0000000000E+00,    0.0000000000E+00,    4.4291445357E+02
    226750,      0.676970,CP9_after_PTsource,   1,    0.0000000000E+00,    4.4291445357E+02,    4.4291445357E+02,    0.0000000000E+00,    0.0000000000E+00,    0.0000000000E+00,    4.4291445357E+02
    226750,      0.676970,CP10_after_neg_clamp,   1,    0.0000000000E+00,    4.4291445357E+02,    4.4291445357E+02,    0.0000000000E+00,    0.0000000000E+00,    0.0000000000E+00,    4.4291445357E+02
    226750,      0.676970,CP11_after_MPI,   1,    0.0000000000E+00,    4.4291445357E+02,    4.4291445357E+02,    0.0000000000E+00,    0.0000000000E+00,    0.0000000000E+00,    4.4291445357E+02
    226750,      0.676970,CP12_end,   1,    0.0000000000E+00,    4.4291445357E+02,    4.4291445357E+02,    0.0000000000E+00,    0.0000000000E+00,    0.0000000000E+00,    4.4291445357E+02
    226800,      0.676970,CP0_start,   1,    0.0000000000E+00,    4.4306066798E+02,    4.4306066798E+02,    0.0000000000E+00,    0.0000000000E+00,    0.0000000000E+00,    4.4306066798E+02
    226800,      0.676970,CP1_after_deposition,   1,    0.0000000000E+00,    4.4306066798E+02,    4.4306066798E+02,    0.0000000000E+00,    0.0000000000E+00,    0.0000000000E+00,    4.4306066798E+02
    226800,      0.676970,CP2_after_erosion,   1,    0.0000000000E+00,    4.4306066798E+02,    4.4306066798E+02,    0.0000000000E+00,    0.0000000000E+00,    0.0000000000E+00,    4.4306066798E+02
    226800,      0.676970,CP3_after_update_bottom,   1,    0.0000000000E+00,    4.4306066798E+02,    4.4306066798E+02,    0.0000000000E+00,    0.0000000000E+00,    0.0000000000E+00,    4.4306066798E+02
    226800,      0.676970,CP4_after_advection,   1,    0.0000000000E+00,    4.4304506404E+02,    4.4304506404E+02,    0.0000000000E+00,    0.0000000000E+00,    0.0000000000E+00,    4.4304506404E+02
    226800,      0.676970,CP5_after_vdif,   1,    0.0000000000E+00,    4.4304506404E+02,    4.4304506404E+02,    0.0000000000E+00,    0.0000000000E+00,    0.0000000000E+00,    4.4304506404E+02
    226800,      0.676970,CP6_after_kinetics,   1,    0.0000000000E+00,    4.4304506404E+02,    4.4304506404E+02,    0.0000000000E+00,    0.0000000000E+00,    0.0000000000E+00,    4.4304506404E+02
    226800,      0.676970,CP7_after_upper_clamp,   1,    0.0000000000E+00,    4.4304506404E+02,    4.4304506404E+02,    0.0000000000E+00,    0.0000000000E+00,    0.0000000000E+00,    4.4304506404E+02
    226800,      0.676970,CP8_after_OBC,   1,    0.0000000000E+00,    4.4304506404E+02,    4.4304506404E+02,    0.0000000000E+00,    0.0000000000E+00,    0.0000000000E+00,    4.4304506404E+02
    226800,      0.676970,CP9_after_PTsource,   1,    0.0000000000E+00,    4.4304506404E+02,    4.4304506404E+02,    0.0000000000E+00,    0.0000000000E+00,    0.0000000000E+00,    4.4304506404E+02
    226800,      0.676970,CP10_after_neg_clamp,   1,    0.0000000000E+00,    4.4304506404E+02,    4.4304506404E+02,    0.0000000000E+00,    0.0000000000E+00,    0.0000000000E+00,    4.4304506404E+02
    226800,      0.676970,CP11_after_MPI,   1,    0.0000000000E+00,    4.4304506404E+02,    4.4304506404E+02,    0.0000000000E+00,    0.0000000000E+00,    0.0000000000E+00,    4.4304506404E+02
    226800,      0.676970,CP12_end,   1,    0.0000000000E+00,    4.4304506404E+02,    4.4304506404E+02,    0.0000000000E+00,    0.0000000000E+00,    0.0000000000E+00,    4.4304506404E+02
    226850,      0.676970,CP0_start,   1,    0.0000000000E+00,    4.4319329661E+02,    4.4319329661E+02,    0.0000000000E+00,    0.0000000000E+00,    0.0000000000E+00,    4.4319329661E+02
    226850,      0.676970,CP1_after_deposition,   1,    0.0000000000E+00,    4.4319329661E+02,    4.4319329661E+02,    0.0000000000E+00,    0.0000000000E+00,    0.0000000000E+00,    4.4319329661E+02
    226850,      0.676970,CP2_after_erosion,   1,    0.0000000000E+00,    4.4319329661E+02,    4.4319329661E+02,    0.0000000000E+00,    0.0000000000E+00,    0.0000000000E+00,    4.4319329661E+02
    226850,      0.676970,CP3_after_update_bottom,   1,    0.0000000000E+00,    4.4319329661E+02,    4.4319329661E+02,    0.0000000000E+00,    0.0000000000E+00,    0.0000000000E+00,    4.4319329661E+02
    226850,      0.676970,CP4_after_advection,   1,    0.0000000000E+00,    4.4317787822E+02,    4.4317787822E+02,    0.0000000000E+00,    0.0000000000E+00,    0.0000000000E+00,    4.4317787822E+02
    226850,      0.676970,CP5_after_vdif,   1,    0.0000000000E+00,    4.4317787822E+02,    4.4317787822E+02,    0.0000000000E+00,    0.0000000000E+00,    0.0000000000E+00,    4.4317787822E+02
    226850,      0.676970,CP6_after_kinetics,   1,    0.0000000000E+00,    4.4317787822E+02,    4.4317787822E+02,    0.0000000000E+00,    0.0000000000E+00,    0.0000000000E+00,    4.4317787822E+02
    226850,      0.676970,CP7_after_upper_clamp,   1,    0.0000000000E+00,    4.4317787822E+02,    4.4317787822E+02,    0.0000000000E+00,    0.0000000000E+00,    0.0000000000E+00,    4.4317787822E+02
    226850,      0.676970,CP8_after_OBC,   1,    0.0000000000E+00,    4.4317787822E+02,    4.4317787822E+02,    0.0000000000E+00,    0.0000000000E+00,    0.0000000000E+00,    4.4317787822E+02
    226850,      0.676970,CP9_after_PTsource,   1,    0.0000000000E+00,    4.4317787822E+02,    4.4317787822E+02,    0.0000000000E+00,    0.0000000000E+00,    0.0000000000E+00,    4.4317787822E+02
    226850,      0.676970,CP10_after_neg_clamp,   1,    0.0000000000E+00,    4.4317787822E+02,    4.4317787822E+02,    0.0000000000E+00,    0.0000000000E+00,    0.0000000000E+00,    4.4317787822E+02
    226850,      0.676970,CP11_after_MPI,   1,    0.0000000000E+00,    4.4317787822E+02,    4.4317787822E+02,    0.0000000000E+00,    0.0000000000E+00,    0.0000000000E+00,    4.4317787822E+02
    226850,      0.676970,CP12_end,   1,    0.0000000000E+00,    4.4317787822E+02,    4.4317787822E+02,    0.0000000000E+00,    0.0000000000E+00,    0.0000000000E+00,    4.4317787822E+02
    226900,      0.676971,CP0_start,   1,    0.0000000000E+00,    4.4332773024E+02,    4.4332773024E+02,    0.0000000000E+00,    0.0000000000E+00,    0.0000000000E+00,    4.4332773024E+02
    226900,      0.676971,CP1_after_deposition,   1,    0.0000000000E+00,    4.4332773024E+02,    4.4332773024E+02,    0.0000000000E+00,    0.0000000000E+00,    0.0000000000E+00,    4.4332773024E+02
    226900,      0.676971,CP2_after_erosion,   1,    0.0000000000E+00,    4.4332773024E+02,    4.4332773024E+02,    0.0000000000E+00,    0.0000000000E+00,    0.0000000000E+00,    4.4332773024E+02
    226900,      0.676971,CP3_after_update_bottom,   1,    0.0000000000E+00,    4.4332773024E+02,    4.4332773024E+02,    0.0000000000E+00,    0.0000000000E+00,    0.0000000000E+00,    4.4332773024E+02
    226900,      0.676971,CP4_after_advection,   1,    0.0000000000E+00,    4.4331251257E+02,    4.4331251257E+02,    0.0000000000E+00,    0.0000000000E+00,    0.0000000000E+00,    4.4331251257E+02
    226900,      0.676971,CP5_after_vdif,   1,    0.0000000000E+00,    4.4331251257E+02,    4.4331251257E+02,    0.0000000000E+00,    0.0000000000E+00,    0.0000000000E+00,    4.4331251257E+02
    226900,      0.676971,CP6_after_kinetics,   1,    0.0000000000E+00,    4.4331251257E+02,    4.4331251257E+02,    0.0000000000E+00,    0.0000000000E+00,    0.0000000000E+00,    4.4331251257E+02
    226900,      0.676971,CP7_after_upper_clamp,   1,    0.0000000000E+00,    4.4331251257E+02,    4.4331251257E+02,    0.0000000000E+00,    0.0000000000E+00,    0.0000000000E+00,    4.4331251257E+02
    226900,      0.676971,CP8_after_OBC,   1,    0.0000000000E+00,    4.4331251257E+02,    4.4331251257E+02,    0.0000000000E+00,    0.0000000000E+00,    0.0000000000E+00,    4.4331251257E+02
    226900,      0.676971,CP9_after_PTsource,   1,    0.0000000000E+00,    4.4331251257E+02,    4.4331251257E+02,    0.0000000000E+00,    0.0000000000E+00,    0.0000000000E+00,    4.4331251257E+02
    226900,      0.676971,CP10_after_neg_clamp,   1,    0.0000000000E+00,    4.4331251257E+02,    4.4331251257E+02,    0.0000000000E+00,    0.0000000000E+00,    0.0000000000E+00,    4.4331251257E+02
    226900,      0.676971,CP11_after_MPI,   1,    0.0000000000E+00,    4.4331251257E+02,    4.4331251257E+02,    0.0000000000E+00,    0.0000000000E+00,    0.0000000000E+00,    4.4331251257E+02
    226900,      0.676971,CP12_end,   1,    0.0000000000E+00,    4.4331251257E+02,    4.4331251257E+02,    0.0000000000E+00,    0.0000000000E+00,    0.0000000000E+00,    4.4331251257E+02
    226950,      0.676971,CP0_start,   1,    0.0000000000E+00,    4.4346350540E+02,    4.4346350540E+02,    0.0000000000E+00,    0.0000000000E+00,    0.0000000000E+00,    4.4346350540E+02
    226950,      0.676971,CP1_after_deposition,   1,    0.0000000000E+00,    4.4346350540E+02,    4.4346350540E+02,    0.0000000000E+00,    0.0000000000E+00,    0.0000000000E+00,    4.4346350540E+02
    226950,      0.676971,CP2_after_erosion,   1,    0.0000000000E+00,    4.4346350540E+02,    4.4346350540E+02,    0.0000000000E+00,    0.0000000000E+00,    0.0000000000E+00,    4.4346350540E+02
    226950,      0.676971,CP3_after_update_bottom,   1,    0.0000000000E+00,    4.4346350540E+02,    4.4346350540E+02,    0.0000000000E+00,    0.0000000000E+00,    0.0000000000E+00,    4.4346350540E+02
    226950,      0.676971,CP4_after_advection,   1,    0.0000000000E+00,    4.4344850621E+02,    4.4344850621E+02,    0.0000000000E+00,    0.0000000000E+00,    0.0000000000E+00,    4.4344850621E+02
    226950,      0.676971,CP5_after_vdif,   1,    0.0000000000E+00,    4.4344850621E+02,    4.4344850621E+02,    0.0000000000E+00,    0.0000000000E+00,    0.0000000000E+00,    4.4344850621E+02
    226950,      0.676971,CP6_after_kinetics,   1,    0.0000000000E+00,    4.4344850621E+02,    4.4344850621E+02,    0.0000000000E+00,    0.0000000000E+00,    0.0000000000E+00,    4.4344850621E+02
    226950,      0.676971,CP7_after_upper_clamp,   1,    0.0000000000E+00,    4.4344850621E+02,    4.4344850621E+02,    0.0000000000E+00,    0.0000000000E+00,    0.0000000000E+00,    4.4344850621E+02
    226950,      0.676971,CP8_after_OBC,   1,    0.0000000000E+00,    4.4344850621E+02,    4.4344850621E+02,    0.0000000000E+00,    0.0000000000E+00,    0.0000000000E+00,    4.4344850621E+02
    226950,      0.676971,CP9_after_PTsource,   1,    0.0000000000E+00,    4.4344850621E+02,    4.4344850621E+02,    0.0000000000E+00,    0.0000000000E+00,    0.0000000000E+00,    4.4344850621E+02
    226950,      0.676971,CP10_after_neg_clamp,   1,    0.0000000000E+00,    4.4344850621E+02,    4.4344850621E+02,    0.0000000000E+00,    0.0000000000E+00,    0.0000000000E+00,    4.4344850621E+02
    226950,      0.676971,CP11_after_MPI,   1,    0.0000000000E+00,    4.4344850621E+02,    4.4344850621E+02,    0.0000000000E+00,    0.0000000000E+00,    0.0000000000E+00,    4.4344850621E+02
    226950,      0.676971,CP12_end,   1,    0.0000000000E+00,    4.4344850621E+02,    4.4344850621E+02,    0.0000000000E+00,    0.0000000000E+00,    0.0000000000E+00,    4.4344850621E+02
    227000,      0.676971,CP0_start,   1,    0.0000000000E+00,    4.4360080621E+02,    4.4360080621E+02,    0.0000000000E+00,    0.0000000000E+00,    0.0000000000E+00,    4.4360080621E+02
    227000,      0.676971,CP1_after_deposition,   1,    0.0000000000E+00,    4.4360080621E+02,    4.4360080621E+02,    0.0000000000E+00,    0.0000000000E+00,    0.0000000000E+00,    4.4360080621E+02
    227000,      0.676971,CP2_after_erosion,   1,    0.0000000000E+00,    4.4360080621E+02,    4.4360080621E+02,    0.0000000000E+00,    0.0000000000E+00,    0.0000000000E+00,    4.4360080621E+02
    227000,      0.676971,CP3_after_update_bottom,   1,    0.0000000000E+00,    4.4360080621E+02,    4.4360080621E+02,    0.0000000000E+00,    0.0000000000E+00,    0.0000000000E+00,    4.4360080621E+02
    227000,      0.676971,CP4_after_advection,   1,    0.0000000000E+00,    4.4358602737E+02,    4.4358602737E+02,    0.0000000000E+00,    0.0000000000E+00,    0.0000000000E+00,    4.4358602737E+02
    227000,      0.676971,CP5_after_vdif,   1,    0.0000000000E+00,    4.4358602737E+02,    4.4358602737E+02,    0.0000000000E+00,    0.0000000000E+00,    0.0000000000E+00,    4.4358602737E+02
    227000,      0.676971,CP6_after_kinetics,   1,    0.0000000000E+00,    4.4358602737E+02,    4.4358602737E+02,    0.0000000000E+00,    0.0000000000E+00,    0.0000000000E+00,    4.4358602737E+02
    227000,      0.676971,CP7_after_upper_clamp,   1,    0.0000000000E+00,    4.4358602737E+02,    4.4358602737E+02,    0.0000000000E+00,    0.0000000000E+00,    0.0000000000E+00,    4.4358602737E+02
    227000,      0.676971,CP8_after_OBC,   1,    0.0000000000E+00,    4.4358602737E+02,    4.4358602737E+02,    0.0000000000E+00,    0.0000000000E+00,    0.0000000000E+00,    4.4358602737E+02
    227000,      0.676971,CP9_after_PTsource,   1,    0.0000000000E+00,    4.4358602737E+02,    4.4358602737E+02,    0.0000000000E+00,    0.0000000000E+00,    0.0000000000E+00,    4.4358602737E+02
    227000,      0.676971,CP10_after_neg_clamp,   1,    0.0000000000E+00,    4.4358602737E+02,    4.4358602737E+02,    0.0000000000E+00,    0.0000000000E+00,    0.0000000000E+00,    4.4358602737E+02
    227000,      0.676971,CP11_after_MPI,   1,    0.0000000000E+00,    4.4358602737E+02,    4.4358602737E+02,    0.0000000000E+00,    0.0000000000E+00,    0.0000000000E+00,    4.4358602737E+02
    227000,      0.676971,CP12_end,   1,    0.0000000000E+00,    4.4358602737E+02,    4.4358602737E+02,    0.0000000000E+00,    0.0000000000E+00,    0.0000000000E+00,    4.4358602737E+02
    227050,      0.676971,CP0_start,   1,    0.0000000000E+00,    4.4373933723E+02,    4.4373933723E+02,    0.0000000000E+00,    0.0000000000E+00,    0.0000000000E+00,    4.4373933723E+02
    227050,      0.676971,CP1_after_deposition,   1,    0.0000000000E+00,    4.4373933723E+02,    4.4373933723E+02,    0.0000000000E+00,    0.0000000000E+00,    0.0000000000E+00,    4.4373933723E+02
    227050,      0.676971,CP2_after_erosion,   1,    0.0000000000E+00,    4.4373933723E+02,    4.4373933723E+02,    0.0000000000E+00,    0.0000000000E+00,    0.0000000000E+00,    4.4373933723E+02
    227050,      0.676971,CP3_after_update_bottom,   1,    0.0000000000E+00,    4.4373933723E+02,    4.4373933723E+02,    0.0000000000E+00,    0.0000000000E+00,    0.0000000000E+00,    4.4373933723E+02
    227050,      0.676971,CP4_after_advection,   1,    0.0000000000E+00,    4.4372478883E+02,    4.4372478883E+02,    0.0000000000E+00,    0.0000000000E+00,    0.0000000000E+00,    4.4372478883E+02
    227050,      0.676971,CP5_after_vdif,   1,    0.0000000000E+00,    4.4372478883E+02,    4.4372478883E+02,    0.0000000000E+00,    0.0000000000E+00,    0.0000000000E+00,    4.4372478883E+02
    227050,      0.676971,CP6_after_kinetics,   1,    0.0000000000E+00,    4.4372478883E+02,    4.4372478883E+02,    0.0000000000E+00,    0.0000000000E+00,    0.0000000000E+00,    4.4372478883E+02
    227050,      0.676971,CP7_after_upper_clamp,   1,    0.0000000000E+00,    4.4372478883E+02,    4.4372478883E+02,    0.0000000000E+00,    0.0000000000E+00,    0.0000000000E+00,    4.4372478883E+02
    227050,      0.676971,CP8_after_OBC,   1,    0.0000000000E+00,    4.4372478883E+02,    4.4372478883E+02,    0.0000000000E+00,    0.0000000000E+00,    0.0000000000E+00,    4.4372478883E+02
    227050,      0.676971,CP9_after_PTsource,   1,    0.0000000000E+00,    4.4372478883E+02,    4.4372478883E+02,    0.0000000000E+00,    0.0000000000E+00,    0.0000000000E+00,    4.4372478883E+02
    227050,      0.676971,CP10_after_neg_clamp,   1,    0.0000000000E+00,    4.4372478883E+02,    4.4372478883E+02,    0.0000000000E+00,    0.0000000000E+00,    0.0000000000E+00,    4.4372478883E+02
    227050,      0.676971,CP11_after_MPI,   1,    0.0000000000E+00,    4.4372478883E+02,    4.4372478883E+02,    0.0000000000E+00,    0.0000000000E+00,    0.0000000000E+00,    4.4372478883E+02
    227050,      0.676971,CP12_end,   1,    0.0000000000E+00,    4.4372478883E+02,    4.4372478883E+02,    0.0000000000E+00,    0.0000000000E+00,    0.0000000000E+00,    4.4372478883E+02
    227100,      0.676971,CP0_start,   1,    0.0000000000E+00,    4.4387877758E+02,    4.4387877758E+02,    0.0000000000E+00,    0.0000000000E+00,    0.0000000000E+00,    4.4387877758E+02
    227100,      0.676971,CP1_after_deposition,   1,    0.0000000000E+00,    4.4387877758E+02,    4.4387877758E+02,    0.0000000000E+00,    0.0000000000E+00,    0.0000000000E+00,    4.4387877758E+02
    227100,      0.676971,CP2_after_erosion,   1,    0.0000000000E+00,    4.4387877758E+02,    4.4387877758E+02,    0.0000000000E+00,    0.0000000000E+00,    0.0000000000E+00,    4.4387877758E+02
    227100,      0.676971,CP3_after_update_bottom,   1,    0.0000000000E+00,    4.4387877758E+02,    4.4387877758E+02,    0.0000000000E+00,    0.0000000000E+00,    0.0000000000E+00,    4.4387877758E+02
    227100,      0.676971,CP4_after_advection,   1,    0.0000000000E+00,    4.4386446661E+02,    4.4386446661E+02,    0.0000000000E+00,    0.0000000000E+00,    0.0000000000E+00,    4.4386446661E+02
    227100,      0.676971,CP5_after_vdif,   1,    0.0000000000E+00,    4.4386446661E+02,    4.4386446661E+02,    0.0000000000E+00,    0.0000000000E+00,    0.0000000000E+00,    4.4386446661E+02
    227100,      0.676971,CP6_after_kinetics,   1,    0.0000000000E+00,    4.4386446661E+02,    4.4386446661E+02,    0.0000000000E+00,    0.0000000000E+00,    0.0000000000E+00,    4.4386446661E+02
    227100,      0.676971,CP7_after_upper_clamp,   1,    0.0000000000E+00,    4.4386446661E+02,    4.4386446661E+02,    0.0000000000E+00,    0.0000000000E+00,    0.0000000000E+00,    4.4386446661E+02
    227100,      0.676971,CP8_after_OBC,   1,    0.0000000000E+00,    4.4386446661E+02,    4.4386446661E+02,    0.0000000000E+00,    0.0000000000E+00,    0.0000000000E+00,    4.4386446661E+02
    227100,      0.676971,CP9_after_PTsource,   1,    0.0000000000E+00,    4.4386446661E+02,    4.4386446661E+02,    0.0000000000E+00,    0.0000000000E+00,    0.0000000000E+00,    4.4386446661E+02
    227100,      0.676971,CP10_after_neg_clamp,   1,    0.0000000000E+00,    4.4386446661E+02,    4.4386446661E+02,    0.0000000000E+00,    0.0000000000E+00,    0.0000000000E+00,    4.4386446661E+02
    227100,      0.676971,CP11_after_MPI,   1,    0.0000000000E+00,    4.4386446661E+02,    4.4386446661E+02,    0.0000000000E+00,    0.0000000000E+00,    0.0000000000E+00,    4.4386446661E+02
    227100,      0.676971,CP12_end,   1,    0.0000000000E+00,    4.4386446661E+02,    4.4386446661E+02,    0.0000000000E+00,    0.0000000000E+00,    0.0000000000E+00,    4.4386446661E+02
    227150,      0.676971,CP0_start,   1,    0.0000000000E+00,    4.4401870502E+02,    4.4401870502E+02,    0.0000000000E+00,    0.0000000000E+00,    0.0000000000E+00,    4.4401870502E+02
    227150,      0.676971,CP1_after_deposition,   1,    0.0000000000E+00,    4.4401870502E+02,    4.4401870502E+02,    0.0000000000E+00,    0.0000000000E+00,    0.0000000000E+00,    4.4401870502E+02
    227150,      0.676971,CP2_after_erosion,   1,    0.0000000000E+00,    4.4401870502E+02,    4.4401870502E+02,    0.0000000000E+00,    0.0000000000E+00,    0.0000000000E+00,    4.4401870502E+02
    227150,      0.676971,CP3_after_update_bottom,   1,    0.0000000000E+00,    4.4401870502E+02,    4.4401870502E+02,    0.0000000000E+00,    0.0000000000E+00,    0.0000000000E+00,    4.4401870502E+02
    227150,      0.676971,CP4_after_advection,   1,    0.0000000000E+00,    4.4400462118E+02,    4.4400462118E+02,    0.0000000000E+00,    0.0000000000E+00,    0.0000000000E+00,    4.4400462118E+02
    227150,      0.676971,CP5_after_vdif,   1,    0.0000000000E+00,    4.4400462118E+02,    4.4400462118E+02,    0.0000000000E+00,    0.0000000000E+00,    0.0000000000E+00,    4.4400462118E+02
    227150,      0.676971,CP6_after_kinetics,   1,    0.0000000000E+00,    4.4400462118E+02,    4.4400462118E+02,    0.0000000000E+00,    0.0000000000E+00,    0.0000000000E+00,    4.4400462118E+02
    227150,      0.676971,CP7_after_upper_clamp,   1,    0.0000000000E+00,    4.4400462118E+02,    4.4400462118E+02,    0.0000000000E+00,    0.0000000000E+00,    0.0000000000E+00,    4.4400462118E+02
    227150,      0.676971,CP8_after_OBC,   1,    0.0000000000E+00,    4.4400462118E+02,    4.4400462118E+02,    0.0000000000E+00,    0.0000000000E+00,    0.0000000000E+00,    4.4400462118E+02
    227150,      0.676971,CP9_after_PTsource,   1,    0.0000000000E+00,    4.4400462118E+02,    4.4400462118E+02,    0.0000000000E+00,    0.0000000000E+00,    0.0000000000E+00,    4.4400462118E+02
    227150,      0.676971,CP10_after_neg_clamp,   1,    0.0000000000E+00,    4.4400462118E+02,    4.4400462118E+02,    0.0000000000E+00,    0.0000000000E+00,    0.0000000000E+00,    4.4400462118E+02
    227150,      0.676971,CP11_after_MPI,   1,    0.0000000000E+00,    4.4400462118E+02,    4.4400462118E+02,    0.0000000000E+00,    0.0000000000E+00,    0.0000000000E+00,    4.4400462118E+02
    227150,      0.676971,CP12_end,   1,    0.0000000000E+00,    4.4400462118E+02,    4.4400462118E+02,    0.0000000000E+00,    0.0000000000E+00,    0.0000000000E+00,    4.4400462118E+02
    227200,      0.676971,CP0_start,   1,    0.0000000000E+00,    4.4415879085E+02,    4.4415879085E+02,    0.0000000000E+00,    0.0000000000E+00,    0.0000000000E+00,    4.4415879085E+02
    227200,      0.676971,CP1_after_deposition,   1,    0.0000000000E+00,    4.4415879085E+02,    4.4415879085E+02,    0.0000000000E+00,    0.0000000000E+00,    0.0000000000E+00,    4.4415879085E+02
    227200,      0.676971,CP2_after_erosion,   1,    0.0000000000E+00,    4.4415879085E+02,    4.4415879085E+02,    0.0000000000E+00,    0.0000000000E+00,    0.0000000000E+00,    4.4415879085E+02
    227200,      0.676971,CP3_after_update_bottom,   1,    0.0000000000E+00,    4.4415879085E+02,    4.4415879085E+02,    0.0000000000E+00,    0.0000000000E+00,    0.0000000000E+00,    4.4415879085E+02
    227200,      0.676971,CP4_after_advection,   1,    0.0000000000E+00,    4.4414495547E+02,    4.4414495547E+02,    0.0000000000E+00,    0.0000000000E+00,    0.0000000000E+00,    4.4414495547E+02
    227200,      0.676971,CP5_after_vdif,   1,    0.0000000000E+00,    4.4414495547E+02,    4.4414495547E+02,    0.0000000000E+00,    0.0000000000E+00,    0.0000000000E+00,    4.4414495547E+02
    227200,      0.676971,CP6_after_kinetics,   1,    0.0000000000E+00,    4.4414495547E+02,    4.4414495547E+02,    0.0000000000E+00,    0.0000000000E+00,    0.0000000000E+00,    4.4414495547E+02
    227200,      0.676971,CP7_after_upper_clamp,   1,    0.0000000000E+00,    4.4414495547E+02,    4.4414495547E+02,    0.0000000000E+00,    0.0000000000E+00,    0.0000000000E+00,    4.4414495547E+02
    227200,      0.676971,CP8_after_OBC,   1,    0.0000000000E+00,    4.4414495547E+02,    4.4414495547E+02,    0.0000000000E+00,    0.0000000000E+00,    0.0000000000E+00,    4.4414495547E+02
    227200,      0.676971,CP9_after_PTsource,   1,    0.0000000000E+00,    4.4414495547E+02,    4.4414495547E+02,    0.0000000000E+00,    0.0000000000E+00,    0.0000000000E+00,    4.4414495547E+02
    227200,      0.676971,CP10_after_neg_clamp,   1,    0.0000000000E+00,    4.4414495547E+02,    4.4414495547E+02,    0.0000000000E+00,    0.0000000000E+00,    0.0000000000E+00,    4.4414495547E+02
    227200,      0.676971,CP11_after_MPI,   1,    0.0000000000E+00,    4.4414495547E+02,    4.4414495547E+02,    0.0000000000E+00,    0.0000000000E+00,    0.0000000000E+00,    4.4414495547E+02
    227200,      0.676971,CP12_end,   1,    0.0000000000E+00,    4.4414495547E+02,    4.4414495547E+02,    0.0000000000E+00,    0.0000000000E+00,    0.0000000000E+00,    4.4414495547E+02
    227250,      0.676971,CP0_start,   1,    0.0000000000E+00,    4.4429915221E+02,    4.4429915221E+02,    0.0000000000E+00,    0.0000000000E+00,    0.0000000000E+00,    4.4429915221E+02
    227250,      0.676971,CP1_after_deposition,   1,    0.0000000000E+00,    4.4429915221E+02,    4.4429915221E+02,    0.0000000000E+00,    0.0000000000E+00,    0.0000000000E+00,    4.4429915221E+02
    227250,      0.676971,CP2_after_erosion,   1,    0.0000000000E+00,    4.4429915221E+02,    4.4429915221E+02,    0.0000000000E+00,    0.0000000000E+00,    0.0000000000E+00,    4.4429915221E+02
    227250,      0.676971,CP3_after_update_bottom,   1,    0.0000000000E+00,    4.4429915221E+02,    4.4429915221E+02,    0.0000000000E+00,    0.0000000000E+00,    0.0000000000E+00,    4.4429915221E+02
    227250,      0.676971,CP4_after_advection,   1,    0.0000000000E+00,    4.4428558298E+02,    4.4428558298E+02,    0.0000000000E+00,    0.0000000000E+00,    0.0000000000E+00,    4.4428558298E+02
    227250,      0.676971,CP5_after_vdif,   1,    0.0000000000E+00,    4.4428558298E+02,    4.4428558298E+02,    0.0000000000E+00,    0.0000000000E+00,    0.0000000000E+00,    4.4428558298E+02
    227250,      0.676971,CP6_after_kinetics,   1,    0.0000000000E+00,    4.4428558298E+02,    4.4428558298E+02,    0.0000000000E+00,    0.0000000000E+00,    0.0000000000E+00,    4.4428558298E+02
    227250,      0.676971,CP7_after_upper_clamp,   1,    0.0000000000E+00,    4.4428558298E+02,    4.4428558298E+02,    0.0000000000E+00,    0.0000000000E+00,    0.0000000000E+00,    4.4428558298E+02
    227250,      0.676971,CP8_after_OBC,   1,    0.0000000000E+00,    4.4428558298E+02,    4.4428558298E+02,    0.0000000000E+00,    0.0000000000E+00,    0.0000000000E+00,    4.4428558298E+02
    227250,      0.676971,CP9_after_PTsource,   1,    0.0000000000E+00,    4.4428558298E+02,    4.4428558298E+02,    0.0000000000E+00,    0.0000000000E+00,    0.0000000000E+00,    4.4428558298E+02
    227250,      0.676971,CP10_after_neg_clamp,   1,    0.0000000000E+00,    4.4428558298E+02,    4.4428558298E+02,    0.0000000000E+00,    0.0000000000E+00,    0.0000000000E+00,    4.4428558298E+02
    227250,      0.676971,CP11_after_MPI,   1,    0.0000000000E+00,    4.4428558298E+02,    4.4428558298E+02,    0.0000000000E+00,    0.0000000000E+00,    0.0000000000E+00,    4.4428558298E+02
    227250,      0.676971,CP12_end,   1,    0.0000000000E+00,    4.4428558298E+02,    4.4428558298E+02,    0.0000000000E+00,    0.0000000000E+00,    0.0000000000E+00,    4.4428558298E+02
    227300,      0.676971,CP0_start,   1,    0.0000000000E+00,    4.4443977661E+02,    4.4443977661E+02,    0.0000000000E+00,    0.0000000000E+00,    0.0000000000E+00,    4.4443977661E+02
    227300,      0.676971,CP1_after_deposition,   1,    0.0000000000E+00,    4.4443977661E+02,    4.4443977661E+02,    0.0000000000E+00,    0.0000000000E+00,    0.0000000000E+00,    4.4443977661E+02
    227300,      0.676971,CP2_after_erosion,   1,    0.0000000000E+00,    4.4443977661E+02,    4.4443977661E+02,    0.0000000000E+00,    0.0000000000E+00,    0.0000000000E+00,    4.4443977661E+02
    227300,      0.676971,CP3_after_update_bottom,   1,    0.0000000000E+00,    4.4443977661E+02,    4.4443977661E+02,    0.0000000000E+00,    0.0000000000E+00,    0.0000000000E+00,    4.4443977661E+02
    227300,      0.676971,CP4_after_advection,   1,    0.0000000000E+00,    4.4442648645E+02,    4.4442648645E+02,    0.0000000000E+00,    0.0000000000E+00,    0.0000000000E+00,    4.4442648645E+02
    227300,      0.676971,CP5_after_vdif,   1,    0.0000000000E+00,    4.4442648645E+02,    4.4442648645E+02,    0.0000000000E+00,    0.0000000000E+00,    0.0000000000E+00,    4.4442648645E+02
    227300,      0.676971,CP6_after_kinetics,   1,    0.0000000000E+00,    4.4442648645E+02,    4.4442648645E+02,    0.0000000000E+00,    0.0000000000E+00,    0.0000000000E+00,    4.4442648645E+02
    227300,      0.676971,CP7_after_upper_clamp,   1,    0.0000000000E+00,    4.4442648645E+02,    4.4442648645E+02,    0.0000000000E+00,    0.0000000000E+00,    0.0000000000E+00,    4.4442648645E+02
    227300,      0.676971,CP8_after_OBC,   1,    0.0000000000E+00,    4.4442648645E+02,    4.4442648645E+02,    0.0000000000E+00,    0.0000000000E+00,    0.0000000000E+00,    4.4442648645E+02
    227300,      0.676971,CP9_after_PTsource,   1,    0.0000000000E+00,    4.4442648645E+02,    4.4442648645E+02,    0.0000000000E+00,    0.0000000000E+00,    0.0000000000E+00,    4.4442648645E+02
    227300,      0.676971,CP10_after_neg_clamp,   1,    0.0000000000E+00,    4.4442648645E+02,    4.4442648645E+02,    0.0000000000E+00,    0.0000000000E+00,    0.0000000000E+00,    4.4442648645E+02
    227300,      0.676971,CP11_after_MPI,   1,    0.0000000000E+00,    4.4442648645E+02,    4.4442648645E+02,    0.0000000000E+00,    0.0000000000E+00,    0.0000000000E+00,    4.4442648645E+02
    227300,      0.676971,CP12_end,   1,    0.0000000000E+00,    4.4442648645E+02,    4.4442648645E+02,    0.0000000000E+00,    0.0000000000E+00,    0.0000000000E+00,    4.4442648645E+02
    227350,      0.676971,CP0_start,   1,    0.0000000000E+00,    4.4458143182E+02,    4.4458143182E+02,    0.0000000000E+00,    0.0000000000E+00,    0.0000000000E+00,    4.4458143182E+02
    227350,      0.676971,CP1_after_deposition,   1,    0.0000000000E+00,    4.4458143182E+02,    4.4458143182E+02,    0.0000000000E+00,    0.0000000000E+00,    0.0000000000E+00,    4.4458143182E+02
    227350,      0.676971,CP2_after_erosion,   1,    0.0000000000E+00,    4.4458143182E+02,    4.4458143182E+02,    0.0000000000E+00,    0.0000000000E+00,    0.0000000000E+00,    4.4458143182E+02
    227350,      0.676971,CP3_after_update_bottom,   1,    0.0000000000E+00,    4.4458143182E+02,    4.4458143182E+02,    0.0000000000E+00,    0.0000000000E+00,    0.0000000000E+00,    4.4458143182E+02
    227350,      0.676971,CP4_after_advection,   1,    0.0000000000E+00,    4.4456843505E+02,    4.4456843505E+02,    0.0000000000E+00,    0.0000000000E+00,    0.0000000000E+00,    4.4456843505E+02
    227350,      0.676971,CP5_after_vdif,   1,    0.0000000000E+00,    4.4456843505E+02,    4.4456843505E+02,    0.0000000000E+00,    0.0000000000E+00,    0.0000000000E+00,    4.4456843505E+02
    227350,      0.676971,CP6_after_kinetics,   1,    0.0000000000E+00,    4.4456843505E+02,    4.4456843505E+02,    0.0000000000E+00,    0.0000000000E+00,    0.0000000000E+00,    4.4456843505E+02
    227350,      0.676971,CP7_after_upper_clamp,   1,    0.0000000000E+00,    4.4456843505E+02,    4.4456843505E+02,    0.0000000000E+00,    0.0000000000E+00,    0.0000000000E+00,    4.4456843505E+02
    227350,      0.676971,CP8_after_OBC,   1,    0.0000000000E+00,    4.4456843505E+02,    4.4456843505E+02,    0.0000000000E+00,    0.0000000000E+00,    0.0000000000E+00,    4.4456843505E+02
    227350,      0.676971,CP9_after_PTsource,   1,    0.0000000000E+00,    4.4456843505E+02,    4.4456843505E+02,    0.0000000000E+00,    0.0000000000E+00,    0.0000000000E+00,    4.4456843505E+02
    227350,      0.676971,CP10_after_neg_clamp,   1,    0.0000000000E+00,    4.4456843505E+02,    4.4456843505E+02,    0.0000000000E+00,    0.0000000000E+00,    0.0000000000E+00,    4.4456843505E+02
    227350,      0.676971,CP11_after_MPI,   1,    0.0000000000E+00,    4.4456843505E+02,    4.4456843505E+02,    0.0000000000E+00,    0.0000000000E+00,    0.0000000000E+00,    4.4456843505E+02
    227350,      0.676971,CP12_end,   1,    0.0000000000E+00,    4.4456843505E+02,    4.4456843505E+02,    0.0000000000E+00,    0.0000000000E+00,    0.0000000000E+00,    4.4456843505E+02
    227400,      0.676971,CP0_start,   1,    0.0000000000E+00,    4.4472409843E+02,    4.4472409843E+02,    0.0000000000E+00,    0.0000000000E+00,    0.0000000000E+00,    4.4472409843E+02
    227400,      0.676971,CP1_after_deposition,   1,    0.0000000000E+00,    4.4472409843E+02,    4.4472409843E+02,    0.0000000000E+00,    0.0000000000E+00,    0.0000000000E+00,    4.4472409843E+02
    227400,      0.676971,CP2_after_erosion,   1,    0.0000000000E+00,    4.4472409843E+02,    4.4472409843E+02,    0.0000000000E+00,    0.0000000000E+00,    0.0000000000E+00,    4.4472409843E+02
    227400,      0.676971,CP3_after_update_bottom,   1,    0.0000000000E+00,    4.4472409843E+02,    4.4472409843E+02,    0.0000000000E+00,    0.0000000000E+00,    0.0000000000E+00,    4.4472409843E+02
    227400,      0.676971,CP4_after_advection,   1,    0.0000000000E+00,    4.4471140151E+02,    4.4471140151E+02,    0.0000000000E+00,    0.0000000000E+00,    0.0000000000E+00,    4.4471140151E+02
    227400,      0.676971,CP5_after_vdif,   1,    0.0000000000E+00,    4.4471140151E+02,    4.4471140151E+02,    0.0000000000E+00,    0.0000000000E+00,    0.0000000000E+00,    4.4471140151E+02
    227400,      0.676971,CP6_after_kinetics,   1,    0.0000000000E+00,    4.4471140151E+02,    4.4471140151E+02,    0.0000000000E+00,    0.0000000000E+00,    0.0000000000E+00,    4.4471140151E+02
    227400,      0.676971,CP7_after_upper_clamp,   1,    0.0000000000E+00,    4.4471140151E+02,    4.4471140151E+02,    0.0000000000E+00,    0.0000000000E+00,    0.0000000000E+00,    4.4471140151E+02
    227400,      0.676971,CP8_after_OBC,   1,    0.0000000000E+00,    4.4471140151E+02,    4.4471140151E+02,    0.0000000000E+00,    0.0000000000E+00,    0.0000000000E+00,    4.4471140151E+02
    227400,      0.676971,CP9_after_PTsource,   1,    0.0000000000E+00,    4.4471140151E+02,    4.4471140151E+02,    0.0000000000E+00,    0.0000000000E+00,    0.0000000000E+00,    4.4471140151E+02
    227400,      0.676971,CP10_after_neg_clamp,   1,    0.0000000000E+00,    4.4471140151E+02,    4.4471140151E+02,    0.0000000000E+00,    0.0000000000E+00,    0.0000000000E+00,    4.4471140151E+02
    227400,      0.676971,CP11_after_MPI,   1,    0.0000000000E+00,    4.4471140151E+02,    4.4471140151E+02,    0.0000000000E+00,    0.0000000000E+00,    0.0000000000E+00,    4.4471140151E+02
    227400,      0.676971,CP12_end,   1,    0.0000000000E+00,    4.4471140151E+02,    4.4471140151E+02,    0.0000000000E+00,    0.0000000000E+00,    0.0000000000E+00,    4.4471140151E+02
    227450,      0.676971,CP0_start,   1,    0.0000000000E+00,    4.4486694802E+02,    4.4486694802E+02,    0.0000000000E+00,    0.0000000000E+00,    0.0000000000E+00,    4.4486694802E+02
    227450,      0.676971,CP1_after_deposition,   1,    0.0000000000E+00,    4.4486694802E+02,    4.4486694802E+02,    0.0000000000E+00,    0.0000000000E+00,    0.0000000000E+00,    4.4486694802E+02
    227450,      0.676971,CP2_after_erosion,   1,    0.0000000000E+00,    4.4486694802E+02,    4.4486694802E+02,    0.0000000000E+00,    0.0000000000E+00,    0.0000000000E+00,    4.4486694802E+02
    227450,      0.676971,CP3_after_update_bottom,   1,    0.0000000000E+00,    4.4486694802E+02,    4.4486694802E+02,    0.0000000000E+00,    0.0000000000E+00,    0.0000000000E+00,    4.4486694802E+02
    227450,      0.676971,CP4_after_advection,   1,    0.0000000000E+00,    4.4485454300E+02,    4.4485454300E+02,    0.0000000000E+00,    0.0000000000E+00,    0.0000000000E+00,    4.4485454300E+02
    227450,      0.676971,CP5_after_vdif,   1,    0.0000000000E+00,    4.4485454300E+02,    4.4485454300E+02,    0.0000000000E+00,    0.0000000000E+00,    0.0000000000E+00,    4.4485454300E+02
    227450,      0.676971,CP6_after_kinetics,   1,    0.0000000000E+00,    4.4485454300E+02,    4.4485454300E+02,    0.0000000000E+00,    0.0000000000E+00,    0.0000000000E+00,    4.4485454300E+02
    227450,      0.676971,CP7_after_upper_clamp,   1,    0.0000000000E+00,    4.4485454300E+02,    4.4485454300E+02,    0.0000000000E+00,    0.0000000000E+00,    0.0000000000E+00,    4.4485454300E+02
    227450,      0.676971,CP8_after_OBC,   1,    0.0000000000E+00,    4.4485454300E+02,    4.4485454300E+02,    0.0000000000E+00,    0.0000000000E+00,    0.0000000000E+00,    4.4485454300E+02
    227450,      0.676971,CP9_after_PTsource,   1,    0.0000000000E+00,    4.4485454300E+02,    4.4485454300E+02,    0.0000000000E+00,    0.0000000000E+00,    0.0000000000E+00,    4.4485454300E+02
    227450,      0.676971,CP10_after_neg_clamp,   1,    0.0000000000E+00,    4.4485454300E+02,    4.4485454300E+02,    0.0000000000E+00,    0.0000000000E+00,    0.0000000000E+00,    4.4485454300E+02
    227450,      0.676971,CP11_after_MPI,   1,    0.0000000000E+00,    4.4485454300E+02,    4.4485454300E+02,    0.0000000000E+00,    0.0000000000E+00,    0.0000000000E+00,    4.4485454300E+02
    227450,      0.676971,CP12_end,   1,    0.0000000000E+00,    4.4485454300E+02,    4.4485454300E+02,    0.0000000000E+00,    0.0000000000E+00,    0.0000000000E+00,    4.4485454300E+02
    227500,      0.676971,CP0_start,   1,    0.0000000000E+00,    4.4501015449E+02,    4.4501015449E+02,    0.0000000000E+00,    0.0000000000E+00,    0.0000000000E+00,    4.4501015449E+02
    227500,      0.676971,CP1_after_deposition,   1,    0.0000000000E+00,    4.4501015449E+02,    4.4501015449E+02,    0.0000000000E+00,    0.0000000000E+00,    0.0000000000E+00,    4.4501015449E+02
    227500,      0.676971,CP2_after_erosion,   1,    0.0000000000E+00,    4.4501015449E+02,    4.4501015449E+02,    0.0000000000E+00,    0.0000000000E+00,    0.0000000000E+00,    4.4501015449E+02
    227500,      0.676971,CP3_after_update_bottom,   1,    0.0000000000E+00,    4.4501015449E+02,    4.4501015449E+02,    0.0000000000E+00,    0.0000000000E+00,    0.0000000000E+00,    4.4501015449E+02
    227500,      0.676971,CP4_after_advection,   1,    0.0000000000E+00,    4.4499805165E+02,    4.4499805165E+02,    0.0000000000E+00,    0.0000000000E+00,    0.0000000000E+00,    4.4499805165E+02
    227500,      0.676971,CP5_after_vdif,   1,    0.0000000000E+00,    4.4499805165E+02,    4.4499805165E+02,    0.0000000000E+00,    0.0000000000E+00,    0.0000000000E+00,    4.4499805165E+02
    227500,      0.676971,CP6_after_kinetics,   1,    0.0000000000E+00,    4.4499805165E+02,    4.4499805165E+02,    0.0000000000E+00,    0.0000000000E+00,    0.0000000000E+00,    4.4499805165E+02
    227500,      0.676971,CP7_after_upper_clamp,   1,    0.0000000000E+00,    4.4499805165E+02,    4.4499805165E+02,    0.0000000000E+00,    0.0000000000E+00,    0.0000000000E+00,    4.4499805165E+02
    227500,      0.676971,CP8_after_OBC,   1,    0.0000000000E+00,    4.4499805165E+02,    4.4499805165E+02,    0.0000000000E+00,    0.0000000000E+00,    0.0000000000E+00,    4.4499805165E+02
    227500,      0.676971,CP9_after_PTsource,   1,    0.0000000000E+00,    4.4499805165E+02,    4.4499805165E+02,    0.0000000000E+00,    0.0000000000E+00,    0.0000000000E+00,    4.4499805165E+02
    227500,      0.676971,CP10_after_neg_clamp,   1,    0.0000000000E+00,    4.4499805165E+02,    4.4499805165E+02,    0.0000000000E+00,    0.0000000000E+00,    0.0000000000E+00,    4.4499805165E+02
    227500,      0.676971,CP11_after_MPI,   1,    0.0000000000E+00,    4.4499805165E+02,    4.4499805165E+02,    0.0000000000E+00,    0.0000000000E+00,    0.0000000000E+00,    4.4499805165E+02
    227500,      0.676971,CP12_end,   1,    0.0000000000E+00,    4.4499805165E+02,    4.4499805165E+02,    0.0000000000E+00,    0.0000000000E+00,    0.0000000000E+00,    4.4499805165E+02
    227550,      0.676971,CP0_start,   1,    0.0000000000E+00,    4.4515502086E+02,    4.4515502086E+02,    0.0000000000E+00,    0.0000000000E+00,    0.0000000000E+00,    4.4515502086E+02
    227550,      0.676971,CP1_after_deposition,   1,    0.0000000000E+00,    4.4515502086E+02,    4.4515502086E+02,    0.0000000000E+00,    0.0000000000E+00,    0.0000000000E+00,    4.4515502086E+02
    227550,      0.676971,CP2_after_erosion,   1,    0.0000000000E+00,    4.4515502086E+02,    4.4515502086E+02,    0.0000000000E+00,    0.0000000000E+00,    0.0000000000E+00,    4.4515502086E+02
    227550,      0.676971,CP3_after_update_bottom,   1,    0.0000000000E+00,    4.4515502086E+02,    4.4515502086E+02,    0.0000000000E+00,    0.0000000000E+00,    0.0000000000E+00,    4.4515502086E+02
    227550,      0.676971,CP4_after_advection,   1,    0.0000000000E+00,    4.4514326831E+02,    4.4514326831E+02,    0.0000000000E+00,    0.0000000000E+00,    0.0000000000E+00,    4.4514326831E+02
    227550,      0.676971,CP5_after_vdif,   1,    0.0000000000E+00,    4.4514326831E+02,    4.4514326831E+02,    0.0000000000E+00,    0.0000000000E+00,    0.0000000000E+00,    4.4514326831E+02
    227550,      0.676971,CP6_after_kinetics,   1,    0.0000000000E+00,    4.4514326831E+02,    4.4514326831E+02,    0.0000000000E+00,    0.0000000000E+00,    0.0000000000E+00,    4.4514326831E+02
    227550,      0.676971,CP7_after_upper_clamp,   1,    0.0000000000E+00,    4.4514326831E+02,    4.4514326831E+02,    0.0000000000E+00,    0.0000000000E+00,    0.0000000000E+00,    4.4514326831E+02
    227550,      0.676971,CP8_after_OBC,   1,    0.0000000000E+00,    4.4514326831E+02,    4.4514326831E+02,    0.0000000000E+00,    0.0000000000E+00,    0.0000000000E+00,    4.4514326831E+02
    227550,      0.676971,CP9_after_PTsource,   1,    0.0000000000E+00,    4.4514326831E+02,    4.4514326831E+02,    0.0000000000E+00,    0.0000000000E+00,    0.0000000000E+00,    4.4514326831E+02
    227550,      0.676971,CP10_after_neg_clamp,   1,    0.0000000000E+00,    4.4514326831E+02,    4.4514326831E+02,    0.0000000000E+00,    0.0000000000E+00,    0.0000000000E+00,    4.4514326831E+02
    227550,      0.676971,CP11_after_MPI,   1,    0.0000000000E+00,    4.4514326831E+02,    4.4514326831E+02,    0.0000000000E+00,    0.0000000000E+00,    0.0000000000E+00,    4.4514326831E+02
    227550,      0.676971,CP12_end,   1,    0.0000000000E+00,    4.4514326831E+02,    4.4514326831E+02,    0.0000000000E+00,    0.0000000000E+00,    0.0000000000E+00,    4.4514326831E+02
    227600,      0.676971,CP0_start,   1,    0.0000000000E+00,    4.4530309567E+02,    4.4530309567E+02,    0.0000000000E+00,    0.0000000000E+00,    0.0000000000E+00,    4.4530309567E+02
    227600,      0.676971,CP1_after_deposition,   1,    0.0000000000E+00,    4.4530309567E+02,    4.4530309567E+02,    0.0000000000E+00,    0.0000000000E+00,    0.0000000000E+00,    4.4530309567E+02
    227600,      0.676971,CP2_after_erosion,   1,    0.0000000000E+00,    4.4530309567E+02,    4.4530309567E+02,    0.0000000000E+00,    0.0000000000E+00,    0.0000000000E+00,    4.4530309567E+02
    227600,      0.676971,CP3_after_update_bottom,   1,    0.0000000000E+00,    4.4530309567E+02,    4.4530309567E+02,    0.0000000000E+00,    0.0000000000E+00,    0.0000000000E+00,    4.4530309567E+02
    227600,      0.676971,CP4_after_advection,   1,    0.0000000000E+00,    4.4529171621E+02,    4.4529171621E+02,    0.0000000000E+00,    0.0000000000E+00,    0.0000000000E+00,    4.4529171621E+02
    227600,      0.676971,CP5_after_vdif,   1,    0.0000000000E+00,    4.4529171621E+02,    4.4529171621E+02,    0.0000000000E+00,    0.0000000000E+00,    0.0000000000E+00,    4.4529171621E+02
    227600,      0.676971,CP6_after_kinetics,   1,    0.0000000000E+00,    4.4529171621E+02,    4.4529171621E+02,    0.0000000000E+00,    0.0000000000E+00,    0.0000000000E+00,    4.4529171621E+02
    227600,      0.676971,CP7_after_upper_clamp,   1,    0.0000000000E+00,    4.4529171621E+02,    4.4529171621E+02,    0.0000000000E+00,    0.0000000000E+00,    0.0000000000E+00,    4.4529171621E+02
    227600,      0.676971,CP8_after_OBC,   1,    0.0000000000E+00,    4.4529171621E+02,    4.4529171621E+02,    0.0000000000E+00,    0.0000000000E+00,    0.0000000000E+00,    4.4529171621E+02
    227600,      0.676971,CP9_after_PTsource,   1,    0.0000000000E+00,    4.4529171621E+02,    4.4529171621E+02,    0.0000000000E+00,    0.0000000000E+00,    0.0000000000E+00,    4.4529171621E+02
    227600,      0.676971,CP10_after_neg_clamp,   1,    0.0000000000E+00,    4.4529171621E+02,    4.4529171621E+02,    0.0000000000E+00,    0.0000000000E+00,    0.0000000000E+00,    4.4529171621E+02
    227600,      0.676971,CP11_after_MPI,   1,    0.0000000000E+00,    4.4529171621E+02,    4.4529171621E+02,    0.0000000000E+00,    0.0000000000E+00,    0.0000000000E+00,    4.4529171621E+02
    227600,      0.676971,CP12_end,   1,    0.0000000000E+00,    4.4529171621E+02,    4.4529171621E+02,    0.0000000000E+00,    0.0000000000E+00,    0.0000000000E+00,    4.4529171621E+02
    227650,      0.676971,CP0_start,   1,    0.0000000000E+00,    4.4545437616E+02,    4.4545437616E+02,    0.0000000000E+00,    0.0000000000E+00,    0.0000000000E+00,    4.4545437616E+02
    227650,      0.676971,CP1_after_deposition,   1,    0.0000000000E+00,    4.4545437616E+02,    4.4545437616E+02,    0.0000000000E+00,    0.0000000000E+00,    0.0000000000E+00,    4.4545437616E+02
    227650,      0.676971,CP2_after_erosion,   1,    0.0000000000E+00,    4.4545437616E+02,    4.4545437616E+02,    0.0000000000E+00,    0.0000000000E+00,    0.0000000000E+00,    4.4545437616E+02
    227650,      0.676971,CP3_after_update_bottom,   1,    0.0000000000E+00,    4.4545437616E+02,    4.4545437616E+02,    0.0000000000E+00,    0.0000000000E+00,    0.0000000000E+00,    4.4545437616E+02
    227650,      0.676971,CP4_after_advection,   1,    0.0000000000E+00,    4.4544337059E+02,    4.4544337059E+02,    0.0000000000E+00,    0.0000000000E+00,    0.0000000000E+00,    4.4544337059E+02
    227650,      0.676971,CP5_after_vdif,   1,    0.0000000000E+00,    4.4544337059E+02,    4.4544337059E+02,    0.0000000000E+00,    0.0000000000E+00,    0.0000000000E+00,    4.4544337059E+02
    227650,      0.676971,CP6_after_kinetics,   1,    0.0000000000E+00,    4.4544337059E+02,    4.4544337059E+02,    0.0000000000E+00,    0.0000000000E+00,    0.0000000000E+00,    4.4544337059E+02
    227650,      0.676971,CP7_after_upper_clamp,   1,    0.0000000000E+00,    4.4544337059E+02,    4.4544337059E+02,    0.0000000000E+00,    0.0000000000E+00,    0.0000000000E+00,    4.4544337059E+02
    227650,      0.676971,CP8_after_OBC,   1,    0.0000000000E+00,    4.4544337059E+02,    4.4544337059E+02,    0.0000000000E+00,    0.0000000000E+00,    0.0000000000E+00,    4.4544337059E+02
    227650,      0.676971,CP9_after_PTsource,   1,    0.0000000000E+00,    4.4544337059E+02,    4.4544337059E+02,    0.0000000000E+00,    0.0000000000E+00,    0.0000000000E+00,    4.4544337059E+02
    227650,      0.676971,CP10_after_neg_clamp,   1,    0.0000000000E+00,    4.4544337059E+02,    4.4544337059E+02,    0.0000000000E+00,    0.0000000000E+00,    0.0000000000E+00,    4.4544337059E+02
    227650,      0.676971,CP11_after_MPI,   1,    0.0000000000E+00,    4.4544337059E+02,    4.4544337059E+02,    0.0000000000E+00,    0.0000000000E+00,    0.0000000000E+00,    4.4544337059E+02
    227650,      0.676971,CP12_end,   1,    0.0000000000E+00,    4.4544337059E+02,    4.4544337059E+02,    0.0000000000E+00,    0.0000000000E+00,    0.0000000000E+00,    4.4544337059E+02
    227700,      0.676971,CP0_start,   1,    0.0000000000E+00,    4.4560851271E+02,    4.4560851271E+02,    0.0000000000E+00,    0.0000000000E+00,    0.0000000000E+00,    4.4560851271E+02
    227700,      0.676971,CP1_after_deposition,   1,    0.0000000000E+00,    4.4560851271E+02,    4.4560851271E+02,    0.0000000000E+00,    0.0000000000E+00,    0.0000000000E+00,    4.4560851271E+02
    227700,      0.676971,CP2_after_erosion,   1,    0.0000000000E+00,    4.4560851271E+02,    4.4560851271E+02,    0.0000000000E+00,    0.0000000000E+00,    0.0000000000E+00,    4.4560851271E+02
    227700,      0.676971,CP3_after_update_bottom,   1,    0.0000000000E+00,    4.4560851271E+02,    4.4560851271E+02,    0.0000000000E+00,    0.0000000000E+00,    0.0000000000E+00,    4.4560851271E+02
    227700,      0.676971,CP4_after_advection,   1,    0.0000000000E+00,    4.4559788347E+02,    4.4559788347E+02,    0.0000000000E+00,    0.0000000000E+00,    0.0000000000E+00,    4.4559788347E+02
    227700,      0.676971,CP5_after_vdif,   1,    0.0000000000E+00,    4.4559788347E+02,    4.4559788347E+02,    0.0000000000E+00,    0.0000000000E+00,    0.0000000000E+00,    4.4559788347E+02
    227700,      0.676971,CP6_after_kinetics,   1,    0.0000000000E+00,    4.4559788347E+02,    4.4559788347E+02,    0.0000000000E+00,    0.0000000000E+00,    0.0000000000E+00,    4.4559788347E+02
    227700,      0.676971,CP7_after_upper_clamp,   1,    0.0000000000E+00,    4.4559788347E+02,    4.4559788347E+02,    0.0000000000E+00,    0.0000000000E+00,    0.0000000000E+00,    4.4559788347E+02
    227700,      0.676971,CP8_after_OBC,   1,    0.0000000000E+00,    4.4559788347E+02,    4.4559788347E+02,    0.0000000000E+00,    0.0000000000E+00,    0.0000000000E+00,    4.4559788347E+02
    227700,      0.676971,CP9_after_PTsource,   1,    0.0000000000E+00,    4.4559788347E+02,    4.4559788347E+02,    0.0000000000E+00,    0.0000000000E+00,    0.0000000000E+00,    4.4559788347E+02
    227700,      0.676971,CP10_after_neg_clamp,   1,    0.0000000000E+00,    4.4559788347E+02,    4.4559788347E+02,    0.0000000000E+00,    0.0000000000E+00,    0.0000000000E+00,    4.4559788347E+02
    227700,      0.676971,CP11_after_MPI,   1,    0.0000000000E+00,    4.4559788347E+02,    4.4559788347E+02,    0.0000000000E+00,    0.0000000000E+00,    0.0000000000E+00,    4.4559788347E+02
    227700,      0.676971,CP12_end,   1,    0.0000000000E+00,    4.4559788347E+02,    4.4559788347E+02,    0.0000000000E+00,    0.0000000000E+00,    0.0000000000E+00,    4.4559788347E+02
    227750,      0.676971,CP0_start,   1,    0.0000000000E+00,    4.4576412139E+02,    4.4576412139E+02,    0.0000000000E+00,    0.0000000000E+00,    0.0000000000E+00,    4.4576412139E+02
    227750,      0.676971,CP1_after_deposition,   1,    0.0000000000E+00,    4.4576412139E+02,    4.4576412139E+02,    0.0000000000E+00,    0.0000000000E+00,    0.0000000000E+00,    4.4576412139E+02
    227750,      0.676971,CP2_after_erosion,   1,    0.0000000000E+00,    4.4576412139E+02,    4.4576412139E+02,    0.0000000000E+00,    0.0000000000E+00,    0.0000000000E+00,    4.4576412139E+02
    227750,      0.676971,CP3_after_update_bottom,   1,    0.0000000000E+00,    4.4576412139E+02,    4.4576412139E+02,    0.0000000000E+00,    0.0000000000E+00,    0.0000000000E+00,    4.4576412139E+02
    227750,      0.676971,CP4_after_advection,   1,    0.0000000000E+00,    4.4575386294E+02,    4.4575386294E+02,    0.0000000000E+00,    0.0000000000E+00,    0.0000000000E+00,    4.4575386294E+02
    227750,      0.676971,CP5_after_vdif,   1,    0.0000000000E+00,    4.4575386294E+02,    4.4575386294E+02,    0.0000000000E+00,    0.0000000000E+00,    0.0000000000E+00,    4.4575386294E+02
    227750,      0.676971,CP6_after_kinetics,   1,    0.0000000000E+00,    4.4575386294E+02,    4.4575386294E+02,    0.0000000000E+00,    0.0000000000E+00,    0.0000000000E+00,    4.4575386294E+02
    227750,      0.676971,CP7_after_upper_clamp,   1,    0.0000000000E+00,    4.4575386294E+02,    4.4575386294E+02,    0.0000000000E+00,    0.0000000000E+00,    0.0000000000E+00,    4.4575386294E+02
    227750,      0.676971,CP8_after_OBC,   1,    0.0000000000E+00,    4.4575386294E+02,    4.4575386294E+02,    0.0000000000E+00,    0.0000000000E+00,    0.0000000000E+00,    4.4575386294E+02
    227750,      0.676971,CP9_after_PTsource,   1,    0.0000000000E+00,    4.4575386294E+02,    4.4575386294E+02,    0.0000000000E+00,    0.0000000000E+00,    0.0000000000E+00,    4.4575386294E+02
    227750,      0.676971,CP10_after_neg_clamp,   1,    0.0000000000E+00,    4.4575386294E+02,    4.4575386294E+02,    0.0000000000E+00,    0.0000000000E+00,    0.0000000000E+00,    4.4575386294E+02
    227750,      0.676971,CP11_after_MPI,   1,    0.0000000000E+00,    4.4575386294E+02,    4.4575386294E+02,    0.0000000000E+00,    0.0000000000E+00,    0.0000000000E+00,    4.4575386294E+02
    227750,      0.676971,CP12_end,   1,    0.0000000000E+00,    4.4575386294E+02,    4.4575386294E+02,    0.0000000000E+00,    0.0000000000E+00,    0.0000000000E+00,    4.4575386294E+02
    227800,      0.676971,CP0_start,   1,    0.0000000000E+00,    4.4592137137E+02,    4.4592137137E+02,    0.0000000000E+00,    0.0000000000E+00,    0.0000000000E+00,    4.4592137137E+02
    227800,      0.676971,CP1_after_deposition,   1,    0.0000000000E+00,    4.4592137137E+02,    4.4592137137E+02,    0.0000000000E+00,    0.0000000000E+00,    0.0000000000E+00,    4.4592137137E+02
    227800,      0.676971,CP2_after_erosion,   1,    0.0000000000E+00,    4.4592137137E+02,    4.4592137137E+02,    0.0000000000E+00,    0.0000000000E+00,    0.0000000000E+00,    4.4592137137E+02
    227800,      0.676971,CP3_after_update_bottom,   1,    0.0000000000E+00,    4.4592137137E+02,    4.4592137137E+02,    0.0000000000E+00,    0.0000000000E+00,    0.0000000000E+00,    4.4592137137E+02
    227800,      0.676971,CP4_after_advection,   1,    0.0000000000E+00,    4.4591148918E+02,    4.4591148918E+02,    0.0000000000E+00,    0.0000000000E+00,    0.0000000000E+00,    4.4591148918E+02
    227800,      0.676971,CP5_after_vdif,   1,    0.0000000000E+00,    4.4591148918E+02,    4.4591148918E+02,    0.0000000000E+00,    0.0000000000E+00,    0.0000000000E+00,    4.4591148918E+02
    227800,      0.676971,CP6_after_kinetics,   1,    0.0000000000E+00,    4.4591148918E+02,    4.4591148918E+02,    0.0000000000E+00,    0.0000000000E+00,    0.0000000000E+00,    4.4591148918E+02
    227800,      0.676971,CP7_after_upper_clamp,   1,    0.0000000000E+00,    4.4591148918E+02,    4.4591148918E+02,    0.0000000000E+00,    0.0000000000E+00,    0.0000000000E+00,    4.4591148918E+02
    227800,      0.676971,CP8_after_OBC,   1,    0.0000000000E+00,    4.4591148918E+02,    4.4591148918E+02,    0.0000000000E+00,    0.0000000000E+00,    0.0000000000E+00,    4.4591148918E+02
    227800,      0.676971,CP9_after_PTsource,   1,    0.0000000000E+00,    4.4591148918E+02,    4.4591148918E+02,    0.0000000000E+00,    0.0000000000E+00,    0.0000000000E+00,    4.4591148918E+02
    227800,      0.676971,CP10_after_neg_clamp,   1,    0.0000000000E+00,    4.4591148918E+02,    4.4591148918E+02,    0.0000000000E+00,    0.0000000000E+00,    0.0000000000E+00,    4.4591148918E+02
    227800,      0.676971,CP11_after_MPI,   1,    0.0000000000E+00,    4.4591148918E+02,    4.4591148918E+02,    0.0000000000E+00,    0.0000000000E+00,    0.0000000000E+00,    4.4591148918E+02
    227800,      0.676971,CP12_end,   1,    0.0000000000E+00,    4.4591148918E+02,    4.4591148918E+02,    0.0000000000E+00,    0.0000000000E+00,    0.0000000000E+00,    4.4591148918E+02
    227850,      0.676971,CP0_start,   1,    0.0000000000E+00,    4.4608006500E+02,    4.4608006500E+02,    0.0000000000E+00,    0.0000000000E+00,    0.0000000000E+00,    4.4608006500E+02
    227850,      0.676971,CP1_after_deposition,   1,    0.0000000000E+00,    4.4608006500E+02,    4.4608006500E+02,    0.0000000000E+00,    0.0000000000E+00,    0.0000000000E+00,    4.4608006500E+02
    227850,      0.676971,CP2_after_erosion,   1,    0.0000000000E+00,    4.4608006500E+02,    4.4608006500E+02,    0.0000000000E+00,    0.0000000000E+00,    0.0000000000E+00,    4.4608006500E+02
    227850,      0.676971,CP3_after_update_bottom,   1,    0.0000000000E+00,    4.4608006500E+02,    4.4608006500E+02,    0.0000000000E+00,    0.0000000000E+00,    0.0000000000E+00,    4.4608006500E+02
    227850,      0.676971,CP4_after_advection,   1,    0.0000000000E+00,    4.4607054741E+02,    4.4607054741E+02,    0.0000000000E+00,    0.0000000000E+00,    0.0000000000E+00,    4.4607054741E+02
    227850,      0.676971,CP5_after_vdif,   1,    0.0000000000E+00,    4.4607054741E+02,    4.4607054741E+02,    0.0000000000E+00,    0.0000000000E+00,    0.0000000000E+00,    4.4607054741E+02
    227850,      0.676971,CP6_after_kinetics,   1,    0.0000000000E+00,    4.4607054741E+02,    4.4607054741E+02,    0.0000000000E+00,    0.0000000000E+00,    0.0000000000E+00,    4.4607054741E+02
    227850,      0.676971,CP7_after_upper_clamp,   1,    0.0000000000E+00,    4.4607054741E+02,    4.4607054741E+02,    0.0000000000E+00,    0.0000000000E+00,    0.0000000000E+00,    4.4607054741E+02
    227850,      0.676971,CP8_after_OBC,   1,    0.0000000000E+00,    4.4607054741E+02,    4.4607054741E+02,    0.0000000000E+00,    0.0000000000E+00,    0.0000000000E+00,    4.4607054741E+02
    227850,      0.676971,CP9_after_PTsource,   1,    0.0000000000E+00,    4.4607054741E+02,    4.4607054741E+02,    0.0000000000E+00,    0.0000000000E+00,    0.0000000000E+00,    4.4607054741E+02
    227850,      0.676971,CP10_after_neg_clamp,   1,    0.0000000000E+00,    4.4607054741E+02,    4.4607054741E+02,    0.0000000000E+00,    0.0000000000E+00,    0.0000000000E+00,    4.4607054741E+02
    227850,      0.676971,CP11_after_MPI,   1,    0.0000000000E+00,    4.4607054741E+02,    4.4607054741E+02,    0.0000000000E+00,    0.0000000000E+00,    0.0000000000E+00,    4.4607054741E+02
    227850,      0.676971,CP12_end,   1,    0.0000000000E+00,    4.4607054741E+02,    4.4607054741E+02,    0.0000000000E+00,    0.0000000000E+00,    0.0000000000E+00,    4.4607054741E+02
    227900,      0.676971,CP0_start,   1,    0.0000000000E+00,    4.4623999458E+02,    4.4623999458E+02,    0.0000000000E+00,    0.0000000000E+00,    0.0000000000E+00,    4.4623999458E+02
    227900,      0.676971,CP1_after_deposition,   1,    0.0000000000E+00,    4.4623999458E+02,    4.4623999458E+02,    0.0000000000E+00,    0.0000000000E+00,    0.0000000000E+00,    4.4623999458E+02
    227900,      0.676971,CP2_after_erosion,   1,    0.0000000000E+00,    4.4623999458E+02,    4.4623999458E+02,    0.0000000000E+00,    0.0000000000E+00,    0.0000000000E+00,    4.4623999458E+02
    227900,      0.676971,CP3_after_update_bottom,   1,    0.0000000000E+00,    4.4623999458E+02,    4.4623999458E+02,    0.0000000000E+00,    0.0000000000E+00,    0.0000000000E+00,    4.4623999458E+02
    227900,      0.676971,CP4_after_advection,   1,    0.0000000000E+00,    4.4623084360E+02,    4.4623084360E+02,    0.0000000000E+00,    0.0000000000E+00,    0.0000000000E+00,    4.4623084360E+02
    227900,      0.676971,CP5_after_vdif,   1,    0.0000000000E+00,    4.4623084360E+02,    4.4623084360E+02,    0.0000000000E+00,    0.0000000000E+00,    0.0000000000E+00,    4.4623084360E+02
    227900,      0.676971,CP6_after_kinetics,   1,    0.0000000000E+00,    4.4623084360E+02,    4.4623084360E+02,    0.0000000000E+00,    0.0000000000E+00,    0.0000000000E+00,    4.4623084360E+02
    227900,      0.676971,CP7_after_upper_clamp,   1,    0.0000000000E+00,    4.4623084360E+02,    4.4623084360E+02,    0.0000000000E+00,    0.0000000000E+00,    0.0000000000E+00,    4.4623084360E+02
    227900,      0.676971,CP8_after_OBC,   1,    0.0000000000E+00,    4.4623084360E+02,    4.4623084360E+02,    0.0000000000E+00,    0.0000000000E+00,    0.0000000000E+00,    4.4623084360E+02
    227900,      0.676971,CP9_after_PTsource,   1,    0.0000000000E+00,    4.4623084360E+02,    4.4623084360E+02,    0.0000000000E+00,    0.0000000000E+00,    0.0000000000E+00,    4.4623084360E+02
    227900,      0.676971,CP10_after_neg_clamp,   1,    0.0000000000E+00,    4.4623084360E+02,    4.4623084360E+02,    0.0000000000E+00,    0.0000000000E+00,    0.0000000000E+00,    4.4623084360E+02
    227900,      0.676971,CP11_after_MPI,   1,    0.0000000000E+00,    4.4623084360E+02,    4.4623084360E+02,    0.0000000000E+00,    0.0000000000E+00,    0.0000000000E+00,    4.4623084360E+02
    227900,      0.676971,CP12_end,   1,    0.0000000000E+00,    4.4623084360E+02,    4.4623084360E+02,    0.0000000000E+00,    0.0000000000E+00,    0.0000000000E+00,    4.4623084360E+02
    227950,      0.676971,CP0_start,   1,    0.0000000000E+00,    4.4640097033E+02,    4.4640097033E+02,    0.0000000000E+00,    0.0000000000E+00,    0.0000000000E+00,    4.4640097033E+02
    227950,      0.676971,CP1_after_deposition,   1,    0.0000000000E+00,    4.4640097033E+02,    4.4640097033E+02,    0.0000000000E+00,    0.0000000000E+00,    0.0000000000E+00,    4.4640097033E+02
    227950,      0.676971,CP2_after_erosion,   1,    0.0000000000E+00,    4.4640097033E+02,    4.4640097033E+02,    0.0000000000E+00,    0.0000000000E+00,    0.0000000000E+00,    4.4640097033E+02
    227950,      0.676971,CP3_after_update_bottom,   1,    0.0000000000E+00,    4.4640097033E+02,    4.4640097033E+02,    0.0000000000E+00,    0.0000000000E+00,    0.0000000000E+00,    4.4640097033E+02
    227950,      0.676971,CP4_after_advection,   1,    0.0000000000E+00,    4.4639218451E+02,    4.4639218451E+02,    0.0000000000E+00,    0.0000000000E+00,    0.0000000000E+00,    4.4639218451E+02
    227950,      0.676971,CP5_after_vdif,   1,    0.0000000000E+00,    4.4639218451E+02,    4.4639218451E+02,    0.0000000000E+00,    0.0000000000E+00,    0.0000000000E+00,    4.4639218451E+02
    227950,      0.676971,CP6_after_kinetics,   1,    0.0000000000E+00,    4.4639218451E+02,    4.4639218451E+02,    0.0000000000E+00,    0.0000000000E+00,    0.0000000000E+00,    4.4639218451E+02
    227950,      0.676971,CP7_after_upper_clamp,   1,    0.0000000000E+00,    4.4639218451E+02,    4.4639218451E+02,    0.0000000000E+00,    0.0000000000E+00,    0.0000000000E+00,    4.4639218451E+02
    227950,      0.676971,CP8_after_OBC,   1,    0.0000000000E+00,    4.4639218451E+02,    4.4639218451E+02,    0.0000000000E+00,    0.0000000000E+00,    0.0000000000E+00,    4.4639218451E+02
    227950,      0.676971,CP9_after_PTsource,   1,    0.0000000000E+00,    4.4639218451E+02,    4.4639218451E+02,    0.0000000000E+00,    0.0000000000E+00,    0.0000000000E+00,    4.4639218451E+02
    227950,      0.676971,CP10_after_neg_clamp,   1,    0.0000000000E+00,    4.4639218451E+02,    4.4639218451E+02,    0.0000000000E+00,    0.0000000000E+00,    0.0000000000E+00,    4.4639218451E+02
    227950,      0.676971,CP11_after_MPI,   1,    0.0000000000E+00,    4.4639218451E+02,    4.4639218451E+02,    0.0000000000E+00,    0.0000000000E+00,    0.0000000000E+00,    4.4639218451E+02
    227950,      0.676971,CP12_end,   1,    0.0000000000E+00,    4.4639218451E+02,    4.4639218451E+02,    0.0000000000E+00,    0.0000000000E+00,    0.0000000000E+00,    4.4639218451E+02
    228000,      0.676971,CP0_start,   1,    0.0000000000E+00,    4.4656262932E+02,    4.4656262932E+02,    0.0000000000E+00,    0.0000000000E+00,    0.0000000000E+00,    4.4656262932E+02
    228000,      0.676971,CP1_after_deposition,   1,    0.0000000000E+00,    4.4656262932E+02,    4.4656262932E+02,    0.0000000000E+00,    0.0000000000E+00,    0.0000000000E+00,    4.4656262932E+02
    228000,      0.676971,CP2_after_erosion,   1,    0.0000000000E+00,    4.4656262932E+02,    4.4656262932E+02,    0.0000000000E+00,    0.0000000000E+00,    0.0000000000E+00,    4.4656262932E+02
    228000,      0.676971,CP3_after_update_bottom,   1,    0.0000000000E+00,    4.4656262932E+02,    4.4656262932E+02,    0.0000000000E+00,    0.0000000000E+00,    0.0000000000E+00,    4.4656262932E+02
    228000,      0.676971,CP4_after_advection,   1,    0.0000000000E+00,    4.4655420077E+02,    4.4655420077E+02,    0.0000000000E+00,    0.0000000000E+00,    0.0000000000E+00,    4.4655420077E+02
    228000,      0.676971,CP5_after_vdif,   1,    0.0000000000E+00,    4.4655420077E+02,    4.4655420077E+02,    0.0000000000E+00,    0.0000000000E+00,    0.0000000000E+00,    4.4655420077E+02
    228000,      0.676971,CP6_after_kinetics,   1,    0.0000000000E+00,    4.4655420077E+02,    4.4655420077E+02,    0.0000000000E+00,    0.0000000000E+00,    0.0000000000E+00,    4.4655420077E+02
    228000,      0.676971,CP7_after_upper_clamp,   1,    0.0000000000E+00,    4.4655420077E+02,    4.4655420077E+02,    0.0000000000E+00,    0.0000000000E+00,    0.0000000000E+00,    4.4655420077E+02
    228000,      0.676971,CP8_after_OBC,   1,    0.0000000000E+00,    4.4655420077E+02,    4.4655420077E+02,    0.0000000000E+00,    0.0000000000E+00,    0.0000000000E+00,    4.4655420077E+02
    228000,      0.676971,CP9_after_PTsource,   1,    0.0000000000E+00,    4.4655420077E+02,    4.4655420077E+02,    0.0000000000E+00,    0.0000000000E+00,    0.0000000000E+00,    4.4655420077E+02
    228000,      0.676971,CP10_after_neg_clamp,   1,    0.0000000000E+00,    4.4655420077E+02,    4.4655420077E+02,    0.0000000000E+00,    0.0000000000E+00,    0.0000000000E+00,    4.4655420077E+02
    228000,      0.676971,CP11_after_MPI,   1,    0.0000000000E+00,    4.4655420077E+02,    4.4655420077E+02,    0.0000000000E+00,    0.0000000000E+00,    0.0000000000E+00,    4.4655420077E+02
    228000,      0.676971,CP12_end,   1,    0.0000000000E+00,    4.4655420077E+02,    4.4655420077E+02,    0.0000000000E+00,    0.0000000000E+00,    0.0000000000E+00,    4.4655420077E+02
    228050,      0.676971,CP0_start,   1,    0.0000000000E+00,    4.4672460643E+02,    4.4672460643E+02,    0.0000000000E+00,    0.0000000000E+00,    0.0000000000E+00,    4.4672460643E+02
    228050,      0.676971,CP1_after_deposition,   1,    0.0000000000E+00,    4.4672460643E+02,    4.4672460643E+02,    0.0000000000E+00,    0.0000000000E+00,    0.0000000000E+00,    4.4672460643E+02
    228050,      0.676971,CP2_after_erosion,   1,    0.0000000000E+00,    4.4672460643E+02,    4.4672460643E+02,    0.0000000000E+00,    0.0000000000E+00,    0.0000000000E+00,    4.4672460643E+02
    228050,      0.676971,CP3_after_update_bottom,   1,    0.0000000000E+00,    4.4672460643E+02,    4.4672460643E+02,    0.0000000000E+00,    0.0000000000E+00,    0.0000000000E+00,    4.4672460643E+02
    228050,      0.676971,CP4_after_advection,   1,    0.0000000000E+00,    4.4671650778E+02,    4.4671650778E+02,    0.0000000000E+00,    0.0000000000E+00,    0.0000000000E+00,    4.4671650778E+02
    228050,      0.676971,CP5_after_vdif,   1,    0.0000000000E+00,    4.4671650778E+02,    4.4671650778E+02,    0.0000000000E+00,    0.0000000000E+00,    0.0000000000E+00,    4.4671650778E+02
    228050,      0.676971,CP6_after_kinetics,   1,    0.0000000000E+00,    4.4671650778E+02,    4.4671650778E+02,    0.0000000000E+00,    0.0000000000E+00,    0.0000000000E+00,    4.4671650778E+02
    228050,      0.676971,CP7_after_upper_clamp,   1,    0.0000000000E+00,    4.4671650778E+02,    4.4671650778E+02,    0.0000000000E+00,    0.0000000000E+00,    0.0000000000E+00,    4.4671650778E+02
    228050,      0.676971,CP8_after_OBC,   1,    0.0000000000E+00,    4.4671650778E+02,    4.4671650778E+02,    0.0000000000E+00,    0.0000000000E+00,    0.0000000000E+00,    4.4671650778E+02
    228050,      0.676971,CP9_after_PTsource,   1,    0.0000000000E+00,    4.4671650778E+02,    4.4671650778E+02,    0.0000000000E+00,    0.0000000000E+00,    0.0000000000E+00,    4.4671650778E+02
    228050,      0.676971,CP10_after_neg_clamp,   1,    0.0000000000E+00,    4.4671650778E+02,    4.4671650778E+02,    0.0000000000E+00,    0.0000000000E+00,    0.0000000000E+00,    4.4671650778E+02
    228050,      0.676971,CP11_after_MPI,   1,    0.0000000000E+00,    4.4671650778E+02,    4.4671650778E+02,    0.0000000000E+00,    0.0000000000E+00,    0.0000000000E+00,    4.4671650778E+02
    228050,      0.676971,CP12_end,   1,    0.0000000000E+00,    4.4671650778E+02,    4.4671650778E+02,    0.0000000000E+00,    0.0000000000E+00,    0.0000000000E+00,    4.4671650778E+02
    228100,      0.676971,CP0_start,   1,    0.0000000000E+00,    4.4688641593E+02,    4.4688641593E+02,    0.0000000000E+00,    0.0000000000E+00,    0.0000000000E+00,    4.4688641593E+02
    228100,      0.676971,CP1_after_deposition,   1,    0.0000000000E+00,    4.4688641593E+02,    4.4688641593E+02,    0.0000000000E+00,    0.0000000000E+00,    0.0000000000E+00,    4.4688641593E+02
    228100,      0.676971,CP2_after_erosion,   1,    0.0000000000E+00,    4.4688641593E+02,    4.4688641593E+02,    0.0000000000E+00,    0.0000000000E+00,    0.0000000000E+00,    4.4688641593E+02
    228100,      0.676971,CP3_after_update_bottom,   1,    0.0000000000E+00,    4.4688641593E+02,    4.4688641593E+02,    0.0000000000E+00,    0.0000000000E+00,    0.0000000000E+00,    4.4688641593E+02
    228100,      0.676971,CP4_after_advection,   1,    0.0000000000E+00,    4.4687863581E+02,    4.4687863581E+02,    0.0000000000E+00,    0.0000000000E+00,    0.0000000000E+00,    4.4687863581E+02
    228100,      0.676971,CP5_after_vdif,   1,    0.0000000000E+00,    4.4687863581E+02,    4.4687863581E+02,    0.0000000000E+00,    0.0000000000E+00,    0.0000000000E+00,    4.4687863581E+02
    228100,      0.676971,CP6_after_kinetics,   1,    0.0000000000E+00,    4.4687863581E+02,    4.4687863581E+02,    0.0000000000E+00,    0.0000000000E+00,    0.0000000000E+00,    4.4687863581E+02
    228100,      0.676971,CP7_after_upper_clamp,   1,    0.0000000000E+00,    4.4687863581E+02,    4.4687863581E+02,    0.0000000000E+00,    0.0000000000E+00,    0.0000000000E+00,    4.4687863581E+02
    228100,      0.676971,CP8_after_OBC,   1,    0.0000000000E+00,    4.4687863581E+02,    4.4687863581E+02,    0.0000000000E+00,    0.0000000000E+00,    0.0000000000E+00,    4.4687863581E+02
    228100,      0.676971,CP9_after_PTsource,   1,    0.0000000000E+00,    4.4687863581E+02,    4.4687863581E+02,    0.0000000000E+00,    0.0000000000E+00,    0.0000000000E+00,    4.4687863581E+02
    228100,      0.676971,CP10_after_neg_clamp,   1,    0.0000000000E+00,    4.4687863581E+02,    4.4687863581E+02,    0.0000000000E+00,    0.0000000000E+00,    0.0000000000E+00,    4.4687863581E+02
    228100,      0.676971,CP11_after_MPI,   1,    0.0000000000E+00,    4.4687863581E+02,    4.4687863581E+02,    0.0000000000E+00,    0.0000000000E+00,    0.0000000000E+00,    4.4687863581E+02
    228100,      0.676971,CP12_end,   1,    0.0000000000E+00,    4.4687863581E+02,    4.4687863581E+02,    0.0000000000E+00,    0.0000000000E+00,    0.0000000000E+00,    4.4687863581E+02
    228150,      0.676971,CP0_start,   1,    0.0000000000E+00,    4.4704753592E+02,    4.4704753592E+02,    0.0000000000E+00,    0.0000000000E+00,    0.0000000000E+00,    4.4704753592E+02
    228150,      0.676971,CP1_after_deposition,   1,    0.0000000000E+00,    4.4704753592E+02,    4.4704753592E+02,    0.0000000000E+00,    0.0000000000E+00,    0.0000000000E+00,    4.4704753592E+02
    228150,      0.676971,CP2_after_erosion,   1,    0.0000000000E+00,    4.4704753592E+02,    4.4704753592E+02,    0.0000000000E+00,    0.0000000000E+00,    0.0000000000E+00,    4.4704753592E+02
    228150,      0.676971,CP3_after_update_bottom,   1,    0.0000000000E+00,    4.4704753592E+02,    4.4704753592E+02,    0.0000000000E+00,    0.0000000000E+00,    0.0000000000E+00,    4.4704753592E+02
    228150,      0.676971,CP4_after_advection,   1,    0.0000000000E+00,    4.4704006941E+02,    4.4704006941E+02,    0.0000000000E+00,    0.0000000000E+00,    0.0000000000E+00,    4.4704006941E+02
    228150,      0.676971,CP5_after_vdif,   1,    0.0000000000E+00,    4.4704006941E+02,    4.4704006941E+02,    0.0000000000E+00,    0.0000000000E+00,    0.0000000000E+00,    4.4704006941E+02
    228150,      0.676971,CP6_after_kinetics,   1,    0.0000000000E+00,    4.4704006941E+02,    4.4704006941E+02,    0.0000000000E+00,    0.0000000000E+00,    0.0000000000E+00,    4.4704006941E+02
    228150,      0.676971,CP7_after_upper_clamp,   1,    0.0000000000E+00,    4.4704006941E+02,    4.4704006941E+02,    0.0000000000E+00,    0.0000000000E+00,    0.0000000000E+00,    4.4704006941E+02
    228150,      0.676971,CP8_after_OBC,   1,    0.0000000000E+00,    4.4704006941E+02,    4.4704006941E+02,    0.0000000000E+00,    0.0000000000E+00,    0.0000000000E+00,    4.4704006941E+02
    228150,      0.676971,CP9_after_PTsource,   1,    0.0000000000E+00,    4.4704006941E+02,    4.4704006941E+02,    0.0000000000E+00,    0.0000000000E+00,    0.0000000000E+00,    4.4704006941E+02
    228150,      0.676971,CP10_after_neg_clamp,   1,    0.0000000000E+00,    4.4704006941E+02,    4.4704006941E+02,    0.0000000000E+00,    0.0000000000E+00,    0.0000000000E+00,    4.4704006941E+02
    228150,      0.676971,CP11_after_MPI,   1,    0.0000000000E+00,    4.4704006941E+02,    4.4704006941E+02,    0.0000000000E+00,    0.0000000000E+00,    0.0000000000E+00,    4.4704006941E+02
    228150,      0.676971,CP12_end,   1,    0.0000000000E+00,    4.4704006941E+02,    4.4704006941E+02,    0.0000000000E+00,    0.0000000000E+00,    0.0000000000E+00,    4.4704006941E+02
    228200,      0.676971,CP0_start,   1,    0.0000000000E+00,    4.4720753617E+02,    4.4720753617E+02,    0.0000000000E+00,    0.0000000000E+00,    0.0000000000E+00,    4.4720753617E+02
    228200,      0.676971,CP1_after_deposition,   1,    0.0000000000E+00,    4.4720753617E+02,    4.4720753617E+02,    0.0000000000E+00,    0.0000000000E+00,    0.0000000000E+00,    4.4720753617E+02
    228200,      0.676971,CP2_after_erosion,   1,    0.0000000000E+00,    4.4720753617E+02,    4.4720753617E+02,    0.0000000000E+00,    0.0000000000E+00,    0.0000000000E+00,    4.4720753617E+02
    228200,      0.676971,CP3_after_update_bottom,   1,    0.0000000000E+00,    4.4720753617E+02,    4.4720753617E+02,    0.0000000000E+00,    0.0000000000E+00,    0.0000000000E+00,    4.4720753617E+02
    228200,      0.676971,CP4_after_advection,   1,    0.0000000000E+00,    4.4720034448E+02,    4.4720034448E+02,    0.0000000000E+00,    0.0000000000E+00,    0.0000000000E+00,    4.4720034448E+02
    228200,      0.676971,CP5_after_vdif,   1,    0.0000000000E+00,    4.4720034448E+02,    4.4720034448E+02,    0.0000000000E+00,    0.0000000000E+00,    0.0000000000E+00,    4.4720034448E+02
    228200,      0.676971,CP6_after_kinetics,   1,    0.0000000000E+00,    4.4720034448E+02,    4.4720034448E+02,    0.0000000000E+00,    0.0000000000E+00,    0.0000000000E+00,    4.4720034448E+02
    228200,      0.676971,CP7_after_upper_clamp,   1,    0.0000000000E+00,    4.4720034448E+02,    4.4720034448E+02,    0.0000000000E+00,    0.0000000000E+00,    0.0000000000E+00,    4.4720034448E+02
    228200,      0.676971,CP8_after_OBC,   1,    0.0000000000E+00,    4.4720034448E+02,    4.4720034448E+02,    0.0000000000E+00,    0.0000000000E+00,    0.0000000000E+00,    4.4720034448E+02
    228200,      0.676971,CP9_after_PTsource,   1,    0.0000000000E+00,    4.4720034448E+02,    4.4720034448E+02,    0.0000000000E+00,    0.0000000000E+00,    0.0000000000E+00,    4.4720034448E+02
    228200,      0.676971,CP10_after_neg_clamp,   1,    0.0000000000E+00,    4.4720034448E+02,    4.4720034448E+02,    0.0000000000E+00,    0.0000000000E+00,    0.0000000000E+00,    4.4720034448E+02
    228200,      0.676971,CP11_after_MPI,   1,    0.0000000000E+00,    4.4720034448E+02,    4.4720034448E+02,    0.0000000000E+00,    0.0000000000E+00,    0.0000000000E+00,    4.4720034448E+02
    228200,      0.676971,CP12_end,   1,    0.0000000000E+00,    4.4720034448E+02,    4.4720034448E+02,    0.0000000000E+00,    0.0000000000E+00,    0.0000000000E+00,    4.4720034448E+02
    228250,      0.676971,CP0_start,   1,    0.0000000000E+00,    4.4736634378E+02,    4.4736634378E+02,    0.0000000000E+00,    0.0000000000E+00,    0.0000000000E+00,    4.4736634378E+02
    228250,      0.676971,CP1_after_deposition,   1,    0.0000000000E+00,    4.4736634378E+02,    4.4736634378E+02,    0.0000000000E+00,    0.0000000000E+00,    0.0000000000E+00,    4.4736634378E+02
    228250,      0.676971,CP2_after_erosion,   1,    0.0000000000E+00,    4.4736634378E+02,    4.4736634378E+02,    0.0000000000E+00,    0.0000000000E+00,    0.0000000000E+00,    4.4736634378E+02
    228250,      0.676971,CP3_after_update_bottom,   1,    0.0000000000E+00,    4.4736634378E+02,    4.4736634378E+02,    0.0000000000E+00,    0.0000000000E+00,    0.0000000000E+00,    4.4736634378E+02
    228250,      0.676971,CP4_after_advection,   1,    0.0000000000E+00,    4.4735941772E+02,    4.4735941772E+02,    0.0000000000E+00,    0.0000000000E+00,    0.0000000000E+00,    4.4735941772E+02
    228250,      0.676971,CP5_after_vdif,   1,    0.0000000000E+00,    4.4735941772E+02,    4.4735941772E+02,    0.0000000000E+00,    0.0000000000E+00,    0.0000000000E+00,    4.4735941772E+02
    228250,      0.676971,CP6_after_kinetics,   1,    0.0000000000E+00,    4.4735941772E+02,    4.4735941772E+02,    0.0000000000E+00,    0.0000000000E+00,    0.0000000000E+00,    4.4735941772E+02
    228250,      0.676971,CP7_after_upper_clamp,   1,    0.0000000000E+00,    4.4735941772E+02,    4.4735941772E+02,    0.0000000000E+00,    0.0000000000E+00,    0.0000000000E+00,    4.4735941772E+02
    228250,      0.676971,CP8_after_OBC,   1,    0.0000000000E+00,    4.4735941772E+02,    4.4735941772E+02,    0.0000000000E+00,    0.0000000000E+00,    0.0000000000E+00,    4.4735941772E+02
    228250,      0.676971,CP9_after_PTsource,   1,    0.0000000000E+00,    4.4735941772E+02,    4.4735941772E+02,    0.0000000000E+00,    0.0000000000E+00,    0.0000000000E+00,    4.4735941772E+02
    228250,      0.676971,CP10_after_neg_clamp,   1,    0.0000000000E+00,    4.4735941772E+02,    4.4735941772E+02,    0.0000000000E+00,    0.0000000000E+00,    0.0000000000E+00,    4.4735941772E+02
    228250,      0.676971,CP11_after_MPI,   1,    0.0000000000E+00,    4.4735941772E+02,    4.4735941772E+02,    0.0000000000E+00,    0.0000000000E+00,    0.0000000000E+00,    4.4735941772E+02
    228250,      0.676971,CP12_end,   1,    0.0000000000E+00,    4.4735941772E+02,    4.4735941772E+02,    0.0000000000E+00,    0.0000000000E+00,    0.0000000000E+00,    4.4735941772E+02
    228300,      0.676971,CP0_start,   1,    0.0000000000E+00,    4.4752377266E+02,    4.4752377266E+02,    0.0000000000E+00,    0.0000000000E+00,    0.0000000000E+00,    4.4752377266E+02
    228300,      0.676971,CP1_after_deposition,   1,    0.0000000000E+00,    4.4752377266E+02,    4.4752377266E+02,    0.0000000000E+00,    0.0000000000E+00,    0.0000000000E+00,    4.4752377266E+02
    228300,      0.676971,CP2_after_erosion,   1,    0.0000000000E+00,    4.4752377266E+02,    4.4752377266E+02,    0.0000000000E+00,    0.0000000000E+00,    0.0000000000E+00,    4.4752377266E+02
    228300,      0.676971,CP3_after_update_bottom,   1,    0.0000000000E+00,    4.4752377266E+02,    4.4752377266E+02,    0.0000000000E+00,    0.0000000000E+00,    0.0000000000E+00,    4.4752377266E+02
    228300,      0.676971,CP4_after_advection,   1,    0.0000000000E+00,    4.4751710494E+02,    4.4751710494E+02,    0.0000000000E+00,    0.0000000000E+00,    0.0000000000E+00,    4.4751710494E+02
    228300,      0.676971,CP5_after_vdif,   1,    0.0000000000E+00,    4.4751710494E+02,    4.4751710494E+02,    0.0000000000E+00,    0.0000000000E+00,    0.0000000000E+00,    4.4751710494E+02
    228300,      0.676971,CP6_after_kinetics,   1,    0.0000000000E+00,    4.4751710494E+02,    4.4751710494E+02,    0.0000000000E+00,    0.0000000000E+00,    0.0000000000E+00,    4.4751710494E+02
    228300,      0.676971,CP7_after_upper_clamp,   1,    0.0000000000E+00,    4.4751710494E+02,    4.4751710494E+02,    0.0000000000E+00,    0.0000000000E+00,    0.0000000000E+00,    4.4751710494E+02
    228300,      0.676971,CP8_after_OBC,   1,    0.0000000000E+00,    4.4751710494E+02,    4.4751710494E+02,    0.0000000000E+00,    0.0000000000E+00,    0.0000000000E+00,    4.4751710494E+02
    228300,      0.676971,CP9_after_PTsource,   1,    0.0000000000E+00,    4.4751710494E+02,    4.4751710494E+02,    0.0000000000E+00,    0.0000000000E+00,    0.0000000000E+00,    4.4751710494E+02
    228300,      0.676971,CP10_after_neg_clamp,   1,    0.0000000000E+00,    4.4751710494E+02,    4.4751710494E+02,    0.0000000000E+00,    0.0000000000E+00,    0.0000000000E+00,    4.4751710494E+02
    228300,      0.676971,CP11_after_MPI,   1,    0.0000000000E+00,    4.4751710494E+02,    4.4751710494E+02,    0.0000000000E+00,    0.0000000000E+00,    0.0000000000E+00,    4.4751710494E+02
    228300,      0.676971,CP12_end,   1,    0.0000000000E+00,    4.4751710494E+02,    4.4751710494E+02,    0.0000000000E+00,    0.0000000000E+00,    0.0000000000E+00,    4.4751710494E+02
    228350,      0.676971,CP0_start,   1,    0.0000000000E+00,    4.4768014704E+02,    4.4768014704E+02,    0.0000000000E+00,    0.0000000000E+00,    0.0000000000E+00,    4.4768014704E+02
    228350,      0.676971,CP1_after_deposition,   1,    0.0000000000E+00,    4.4768014704E+02,    4.4768014704E+02,    0.0000000000E+00,    0.0000000000E+00,    0.0000000000E+00,    4.4768014704E+02
    228350,      0.676971,CP2_after_erosion,   1,    0.0000000000E+00,    4.4768014704E+02,    4.4768014704E+02,    0.0000000000E+00,    0.0000000000E+00,    0.0000000000E+00,    4.4768014704E+02
    228350,      0.676971,CP3_after_update_bottom,   1,    0.0000000000E+00,    4.4768014704E+02,    4.4768014704E+02,    0.0000000000E+00,    0.0000000000E+00,    0.0000000000E+00,    4.4768014704E+02
    228350,      0.676971,CP4_after_advection,   1,    0.0000000000E+00,    4.4767372694E+02,    4.4767372694E+02,    0.0000000000E+00,    0.0000000000E+00,    0.0000000000E+00,    4.4767372694E+02
    228350,      0.676971,CP5_after_vdif,   1,    0.0000000000E+00,    4.4767372694E+02,    4.4767372694E+02,    0.0000000000E+00,    0.0000000000E+00,    0.0000000000E+00,    4.4767372694E+02
    228350,      0.676971,CP6_after_kinetics,   1,    0.0000000000E+00,    4.4767372694E+02,    4.4767372694E+02,    0.0000000000E+00,    0.0000000000E+00,    0.0000000000E+00,    4.4767372694E+02
    228350,      0.676971,CP7_after_upper_clamp,   1,    0.0000000000E+00,    4.4767372694E+02,    4.4767372694E+02,    0.0000000000E+00,    0.0000000000E+00,    0.0000000000E+00,    4.4767372694E+02
    228350,      0.676971,CP8_after_OBC,   1,    0.0000000000E+00,    4.4767372694E+02,    4.4767372694E+02,    0.0000000000E+00,    0.0000000000E+00,    0.0000000000E+00,    4.4767372694E+02
    228350,      0.676971,CP9_after_PTsource,   1,    0.0000000000E+00,    4.4767372694E+02,    4.4767372694E+02,    0.0000000000E+00,    0.0000000000E+00,    0.0000000000E+00,    4.4767372694E+02
    228350,      0.676971,CP10_after_neg_clamp,   1,    0.0000000000E+00,    4.4767372694E+02,    4.4767372694E+02,    0.0000000000E+00,    0.0000000000E+00,    0.0000000000E+00,    4.4767372694E+02
    228350,      0.676971,CP11_after_MPI,   1,    0.0000000000E+00,    4.4767372694E+02,    4.4767372694E+02,    0.0000000000E+00,    0.0000000000E+00,    0.0000000000E+00,    4.4767372694E+02
    228350,      0.676971,CP12_end,   1,    0.0000000000E+00,    4.4767372694E+02,    4.4767372694E+02,    0.0000000000E+00,    0.0000000000E+00,    0.0000000000E+00,    4.4767372694E+02
    228400,      0.676971,CP0_start,   1,    0.0000000000E+00,    4.4783569927E+02,    4.4783569927E+02,    0.0000000000E+00,    0.0000000000E+00,    0.0000000000E+00,    4.4783569927E+02
    228400,      0.676971,CP1_after_deposition,   1,    0.0000000000E+00,    4.4783569927E+02,    4.4783569927E+02,    0.0000000000E+00,    0.0000000000E+00,    0.0000000000E+00,    4.4783569927E+02
    228400,      0.676971,CP2_after_erosion,   1,    0.0000000000E+00,    4.4783569927E+02,    4.4783569927E+02,    0.0000000000E+00,    0.0000000000E+00,    0.0000000000E+00,    4.4783569927E+02
    228400,      0.676971,CP3_after_update_bottom,   1,    0.0000000000E+00,    4.4783569927E+02,    4.4783569927E+02,    0.0000000000E+00,    0.0000000000E+00,    0.0000000000E+00,    4.4783569927E+02
    228400,      0.676971,CP4_after_advection,   1,    0.0000000000E+00,    4.4782951205E+02,    4.4782951205E+02,    0.0000000000E+00,    0.0000000000E+00,    0.0000000000E+00,    4.4782951205E+02
    228400,      0.676971,CP5_after_vdif,   1,    0.0000000000E+00,    4.4782951205E+02,    4.4782951205E+02,    0.0000000000E+00,    0.0000000000E+00,    0.0000000000E+00,    4.4782951205E+02
    228400,      0.676971,CP6_after_kinetics,   1,    0.0000000000E+00,    4.4782951205E+02,    4.4782951205E+02,    0.0000000000E+00,    0.0000000000E+00,    0.0000000000E+00,    4.4782951205E+02
    228400,      0.676971,CP7_after_upper_clamp,   1,    0.0000000000E+00,    4.4782951205E+02,    4.4782951205E+02,    0.0000000000E+00,    0.0000000000E+00,    0.0000000000E+00,    4.4782951205E+02
    228400,      0.676971,CP8_after_OBC,   1,    0.0000000000E+00,    4.4782951205E+02,    4.4782951205E+02,    0.0000000000E+00,    0.0000000000E+00,    0.0000000000E+00,    4.4782951205E+02
    228400,      0.676971,CP9_after_PTsource,   1,    0.0000000000E+00,    4.4782951205E+02,    4.4782951205E+02,    0.0000000000E+00,    0.0000000000E+00,    0.0000000000E+00,    4.4782951205E+02
    228400,      0.676971,CP10_after_neg_clamp,   1,    0.0000000000E+00,    4.4782951205E+02,    4.4782951205E+02,    0.0000000000E+00,    0.0000000000E+00,    0.0000000000E+00,    4.4782951205E+02
    228400,      0.676971,CP11_after_MPI,   1,    0.0000000000E+00,    4.4782951205E+02,    4.4782951205E+02,    0.0000000000E+00,    0.0000000000E+00,    0.0000000000E+00,    4.4782951205E+02
    228400,      0.676971,CP12_end,   1,    0.0000000000E+00,    4.4782951205E+02,    4.4782951205E+02,    0.0000000000E+00,    0.0000000000E+00,    0.0000000000E+00,    4.4782951205E+02
    228450,      0.676971,CP0_start,   1,    0.0000000000E+00,    4.4799043632E+02,    4.4799043632E+02,    0.0000000000E+00,    0.0000000000E+00,    0.0000000000E+00,    4.4799043632E+02
    228450,      0.676971,CP1_after_deposition,   1,    0.0000000000E+00,    4.4799043632E+02,    4.4799043632E+02,    0.0000000000E+00,    0.0000000000E+00,    0.0000000000E+00,    4.4799043632E+02
    228450,      0.676971,CP2_after_erosion,   1,    0.0000000000E+00,    4.4799043632E+02,    4.4799043632E+02,    0.0000000000E+00,    0.0000000000E+00,    0.0000000000E+00,    4.4799043632E+02
    228450,      0.676971,CP3_after_update_bottom,   1,    0.0000000000E+00,    4.4799043632E+02,    4.4799043632E+02,    0.0000000000E+00,    0.0000000000E+00,    0.0000000000E+00,    4.4799043632E+02
    228450,      0.676971,CP4_after_advection,   1,    0.0000000000E+00,    4.4798447222E+02,    4.4798447222E+02,    0.0000000000E+00,    0.0000000000E+00,    0.0000000000E+00,    4.4798447222E+02
    228450,      0.676971,CP5_after_vdif,   1,    0.0000000000E+00,    4.4798447222E+02,    4.4798447222E+02,    0.0000000000E+00,    0.0000000000E+00,    0.0000000000E+00,    4.4798447222E+02
    228450,      0.676971,CP6_after_kinetics,   1,    0.0000000000E+00,    4.4798447222E+02,    4.4798447222E+02,    0.0000000000E+00,    0.0000000000E+00,    0.0000000000E+00,    4.4798447222E+02
    228450,      0.676971,CP7_after_upper_clamp,   1,    0.0000000000E+00,    4.4798447222E+02,    4.4798447222E+02,    0.0000000000E+00,    0.0000000000E+00,    0.0000000000E+00,    4.4798447222E+02
    228450,      0.676971,CP8_after_OBC,   1,    0.0000000000E+00,    4.4798447222E+02,    4.4798447222E+02,    0.0000000000E+00,    0.0000000000E+00,    0.0000000000E+00,    4.4798447222E+02
    228450,      0.676971,CP9_after_PTsource,   1,    0.0000000000E+00,    4.4798447222E+02,    4.4798447222E+02,    0.0000000000E+00,    0.0000000000E+00,    0.0000000000E+00,    4.4798447222E+02
    228450,      0.676971,CP10_after_neg_clamp,   1,    0.0000000000E+00,    4.4798447222E+02,    4.4798447222E+02,    0.0000000000E+00,    0.0000000000E+00,    0.0000000000E+00,    4.4798447222E+02
    228450,      0.676971,CP11_after_MPI,   1,    0.0000000000E+00,    4.4798447222E+02,    4.4798447222E+02,    0.0000000000E+00,    0.0000000000E+00,    0.0000000000E+00,    4.4798447222E+02
    228450,      0.676971,CP12_end,   1,    0.0000000000E+00,    4.4798447222E+02,    4.4798447222E+02,    0.0000000000E+00,    0.0000000000E+00,    0.0000000000E+00,    4.4798447222E+02
    228500,      0.676971,CP0_start,   1,    0.0000000000E+00,    4.4814444430E+02,    4.4814444430E+02,    0.0000000000E+00,    0.0000000000E+00,    0.0000000000E+00,    4.4814444430E+02
    228500,      0.676971,CP1_after_deposition,   1,    0.0000000000E+00,    4.4814444430E+02,    4.4814444430E+02,    0.0000000000E+00,    0.0000000000E+00,    0.0000000000E+00,    4.4814444430E+02
    228500,      0.676971,CP2_after_erosion,   1,    0.0000000000E+00,    4.4814444430E+02,    4.4814444430E+02,    0.0000000000E+00,    0.0000000000E+00,    0.0000000000E+00,    4.4814444430E+02
    228500,      0.676971,CP3_after_update_bottom,   1,    0.0000000000E+00,    4.4814444430E+02,    4.4814444430E+02,    0.0000000000E+00,    0.0000000000E+00,    0.0000000000E+00,    4.4814444430E+02
    228500,      0.676971,CP4_after_advection,   1,    0.0000000000E+00,    4.4813870714E+02,    4.4813870714E+02,    0.0000000000E+00,    0.0000000000E+00,    0.0000000000E+00,    4.4813870714E+02
    228500,      0.676971,CP5_after_vdif,   1,    0.0000000000E+00,    4.4813870714E+02,    4.4813870714E+02,    0.0000000000E+00,    0.0000000000E+00,    0.0000000000E+00,    4.4813870714E+02
    228500,      0.676971,CP6_after_kinetics,   1,    0.0000000000E+00,    4.4813870714E+02,    4.4813870714E+02,    0.0000000000E+00,    0.0000000000E+00,    0.0000000000E+00,    4.4813870714E+02
    228500,      0.676971,CP7_after_upper_clamp,   1,    0.0000000000E+00,    4.4813870714E+02,    4.4813870714E+02,    0.0000000000E+00,    0.0000000000E+00,    0.0000000000E+00,    4.4813870714E+02
    228500,      0.676971,CP8_after_OBC,   1,    0.0000000000E+00,    4.4813870714E+02,    4.4813870714E+02,    0.0000000000E+00,    0.0000000000E+00,    0.0000000000E+00,    4.4813870714E+02
    228500,      0.676971,CP9_after_PTsource,   1,    0.0000000000E+00,    4.4813870714E+02,    4.4813870714E+02,    0.0000000000E+00,    0.0000000000E+00,    0.0000000000E+00,    4.4813870714E+02
    228500,      0.676971,CP10_after_neg_clamp,   1,    0.0000000000E+00,    4.4813870714E+02,    4.4813870714E+02,    0.0000000000E+00,    0.0000000000E+00,    0.0000000000E+00,    4.4813870714E+02
    228500,      0.676971,CP11_after_MPI,   1,    0.0000000000E+00,    4.4813870714E+02,    4.4813870714E+02,    0.0000000000E+00,    0.0000000000E+00,    0.0000000000E+00,    4.4813870714E+02
    228500,      0.676971,CP12_end,   1,    0.0000000000E+00,    4.4813870714E+02,    4.4813870714E+02,    0.0000000000E+00,    0.0000000000E+00,    0.0000000000E+00,    4.4813870714E+02
    228550,      0.676971,CP0_start,   1,    0.0000000000E+00,    4.4829788524E+02,    4.4829788524E+02,    0.0000000000E+00,    0.0000000000E+00,    0.0000000000E+00,    4.4829788524E+02
    228550,      0.676971,CP1_after_deposition,   1,    0.0000000000E+00,    4.4829788524E+02,    4.4829788524E+02,    0.0000000000E+00,    0.0000000000E+00,    0.0000000000E+00,    4.4829788524E+02
    228550,      0.676971,CP2_after_erosion,   1,    0.0000000000E+00,    4.4829788524E+02,    4.4829788524E+02,    0.0000000000E+00,    0.0000000000E+00,    0.0000000000E+00,    4.4829788524E+02
    228550,      0.676971,CP3_after_update_bottom,   1,    0.0000000000E+00,    4.4829788524E+02,    4.4829788524E+02,    0.0000000000E+00,    0.0000000000E+00,    0.0000000000E+00,    4.4829788524E+02
    228550,      0.676971,CP4_after_advection,   1,    0.0000000000E+00,    4.4829235784E+02,    4.4829235784E+02,    0.0000000000E+00,    0.0000000000E+00,    0.0000000000E+00,    4.4829235784E+02
    228550,      0.676971,CP5_after_vdif,   1,    0.0000000000E+00,    4.4829235784E+02,    4.4829235784E+02,    0.0000000000E+00,    0.0000000000E+00,    0.0000000000E+00,    4.4829235784E+02
    228550,      0.676971,CP6_after_kinetics,   1,    0.0000000000E+00,    4.4829235784E+02,    4.4829235784E+02,    0.0000000000E+00,    0.0000000000E+00,    0.0000000000E+00,    4.4829235784E+02
    228550,      0.676971,CP7_after_upper_clamp,   1,    0.0000000000E+00,    4.4829235784E+02,    4.4829235784E+02,    0.0000000000E+00,    0.0000000000E+00,    0.0000000000E+00,    4.4829235784E+02
    228550,      0.676971,CP8_after_OBC,   1,    0.0000000000E+00,    4.4829235784E+02,    4.4829235784E+02,    0.0000000000E+00,    0.0000000000E+00,    0.0000000000E+00,    4.4829235784E+02
    228550,      0.676971,CP9_after_PTsource,   1,    0.0000000000E+00,    4.4829235784E+02,    4.4829235784E+02,    0.0000000000E+00,    0.0000000000E+00,    0.0000000000E+00,    4.4829235784E+02
    228550,      0.676971,CP10_after_neg_clamp,   1,    0.0000000000E+00,    4.4829235784E+02,    4.4829235784E+02,    0.0000000000E+00,    0.0000000000E+00,    0.0000000000E+00,    4.4829235784E+02
    228550,      0.676971,CP11_after_MPI,   1,    0.0000000000E+00,    4.4829235784E+02,    4.4829235784E+02,    0.0000000000E+00,    0.0000000000E+00,    0.0000000000E+00,    4.4829235784E+02
    228550,      0.676971,CP12_end,   1,    0.0000000000E+00,    4.4829235784E+02,    4.4829235784E+02,    0.0000000000E+00,    0.0000000000E+00,    0.0000000000E+00,    4.4829235784E+02
    228600,      0.676971,CP0_start,   1,    0.0000000000E+00,    4.4845067034E+02,    4.4845067034E+02,    0.0000000000E+00,    0.0000000000E+00,    0.0000000000E+00,    4.4845067034E+02
    228600,      0.676971,CP1_after_deposition,   1,    0.0000000000E+00,    4.4845067034E+02,    4.4845067034E+02,    0.0000000000E+00,    0.0000000000E+00,    0.0000000000E+00,    4.4845067034E+02
    228600,      0.676971,CP2_after_erosion,   1,    0.0000000000E+00,    4.4845067034E+02,    4.4845067034E+02,    0.0000000000E+00,    0.0000000000E+00,    0.0000000000E+00,    4.4845067034E+02
    228600,      0.676971,CP3_after_update_bottom,   1,    0.0000000000E+00,    4.4845067034E+02,    4.4845067034E+02,    0.0000000000E+00,    0.0000000000E+00,    0.0000000000E+00,    4.4845067034E+02
    228600,      0.676971,CP4_after_advection,   1,    0.0000000000E+00,    4.4844536241E+02,    4.4844536241E+02,    0.0000000000E+00,    0.0000000000E+00,    0.0000000000E+00,    4.4844536241E+02
    228600,      0.676971,CP5_after_vdif,   1,    0.0000000000E+00,    4.4844536241E+02,    4.4844536241E+02,    0.0000000000E+00,    0.0000000000E+00,    0.0000000000E+00,    4.4844536241E+02
    228600,      0.676971,CP6_after_kinetics,   1,    0.0000000000E+00,    4.4844536241E+02,    4.4844536241E+02,    0.0000000000E+00,    0.0000000000E+00,    0.0000000000E+00,    4.4844536241E+02
    228600,      0.676971,CP7_after_upper_clamp,   1,    0.0000000000E+00,    4.4844536241E+02,    4.4844536241E+02,    0.0000000000E+00,    0.0000000000E+00,    0.0000000000E+00,    4.4844536241E+02
    228600,      0.676971,CP8_after_OBC,   1,    0.0000000000E+00,    4.4844536241E+02,    4.4844536241E+02,    0.0000000000E+00,    0.0000000000E+00,    0.0000000000E+00,    4.4844536241E+02
    228600,      0.676971,CP9_after_PTsource,   1,    0.0000000000E+00,    4.4844536241E+02,    4.4844536241E+02,    0.0000000000E+00,    0.0000000000E+00,    0.0000000000E+00,    4.4844536241E+02
    228600,      0.676971,CP10_after_neg_clamp,   1,    0.0000000000E+00,    4.4844536241E+02,    4.4844536241E+02,    0.0000000000E+00,    0.0000000000E+00,    0.0000000000E+00,    4.4844536241E+02
    228600,      0.676971,CP11_after_MPI,   1,    0.0000000000E+00,    4.4844536241E+02,    4.4844536241E+02,    0.0000000000E+00,    0.0000000000E+00,    0.0000000000E+00,    4.4844536241E+02
    228600,      0.676971,CP12_end,   1,    0.0000000000E+00,    4.4844536241E+02,    4.4844536241E+02,    0.0000000000E+00,    0.0000000000E+00,    0.0000000000E+00,    4.4844536241E+02
    228650,      0.676971,CP0_start,   1,    0.0000000000E+00,    4.4860305472E+02,    4.4860305472E+02,    0.0000000000E+00,    0.0000000000E+00,    0.0000000000E+00,    4.4860305472E+02
    228650,      0.676971,CP1_after_deposition,   1,    0.0000000000E+00,    4.4860305472E+02,    4.4860305472E+02,    0.0000000000E+00,    0.0000000000E+00,    0.0000000000E+00,    4.4860305472E+02
    228650,      0.676971,CP2_after_erosion,   1,    0.0000000000E+00,    4.4860305472E+02,    4.4860305472E+02,    0.0000000000E+00,    0.0000000000E+00,    0.0000000000E+00,    4.4860305472E+02
    228650,      0.676971,CP3_after_update_bottom,   1,    0.0000000000E+00,    4.4860305472E+02,    4.4860305472E+02,    0.0000000000E+00,    0.0000000000E+00,    0.0000000000E+00,    4.4860305472E+02
    228650,      0.676971,CP4_after_advection,   1,    0.0000000000E+00,    4.4859796972E+02,    4.4859796972E+02,    0.0000000000E+00,    0.0000000000E+00,    0.0000000000E+00,    4.4859796972E+02
    228650,      0.676971,CP5_after_vdif,   1,    0.0000000000E+00,    4.4859796972E+02,    4.4859796972E+02,    0.0000000000E+00,    0.0000000000E+00,    0.0000000000E+00,    4.4859796972E+02
    228650,      0.676971,CP6_after_kinetics,   1,    0.0000000000E+00,    4.4859796972E+02,    4.4859796972E+02,    0.0000000000E+00,    0.0000000000E+00,    0.0000000000E+00,    4.4859796972E+02
    228650,      0.676971,CP7_after_upper_clamp,   1,    0.0000000000E+00,    4.4859796972E+02,    4.4859796972E+02,    0.0000000000E+00,    0.0000000000E+00,    0.0000000000E+00,    4.4859796972E+02
    228650,      0.676971,CP8_after_OBC,   1,    0.0000000000E+00,    4.4859796972E+02,    4.4859796972E+02,    0.0000000000E+00,    0.0000000000E+00,    0.0000000000E+00,    4.4859796972E+02
    228650,      0.676971,CP9_after_PTsource,   1,    0.0000000000E+00,    4.4859796972E+02,    4.4859796972E+02,    0.0000000000E+00,    0.0000000000E+00,    0.0000000000E+00,    4.4859796972E+02
    228650,      0.676971,CP10_after_neg_clamp,   1,    0.0000000000E+00,    4.4859796972E+02,    4.4859796972E+02,    0.0000000000E+00,    0.0000000000E+00,    0.0000000000E+00,    4.4859796972E+02
    228650,      0.676971,CP11_after_MPI,   1,    0.0000000000E+00,    4.4859796972E+02,    4.4859796972E+02,    0.0000000000E+00,    0.0000000000E+00,    0.0000000000E+00,    4.4859796972E+02
    228650,      0.676971,CP12_end,   1,    0.0000000000E+00,    4.4859796972E+02,    4.4859796972E+02,    0.0000000000E+00,    0.0000000000E+00,    0.0000000000E+00,    4.4859796972E+02
    228700,      0.676971,CP0_start,   1,    0.0000000000E+00,    4.4875517179E+02,    4.4875517179E+02,    0.0000000000E+00,    0.0000000000E+00,    0.0000000000E+00,    4.4875517179E+02
    228700,      0.676971,CP1_after_deposition,   1,    0.0000000000E+00,    4.4875517179E+02,    4.4875517179E+02,    0.0000000000E+00,    0.0000000000E+00,    0.0000000000E+00,    4.4875517179E+02
    228700,      0.676971,CP2_after_erosion,   1,    0.0000000000E+00,    4.4875517179E+02,    4.4875517179E+02,    0.0000000000E+00,    0.0000000000E+00,    0.0000000000E+00,    4.4875517179E+02
    228700,      0.676971,CP3_after_update_bottom,   1,    0.0000000000E+00,    4.4875517179E+02,    4.4875517179E+02,    0.0000000000E+00,    0.0000000000E+00,    0.0000000000E+00,    4.4875517179E+02
    228700,      0.676971,CP4_after_advection,   1,    0.0000000000E+00,    4.4875032466E+02,    4.4875032466E+02,    0.0000000000E+00,    0.0000000000E+00,    0.0000000000E+00,    4.4875032466E+02
    228700,      0.676971,CP5_after_vdif,   1,    0.0000000000E+00,    4.4875032466E+02,    4.4875032466E+02,    0.0000000000E+00,    0.0000000000E+00,    0.0000000000E+00,    4.4875032466E+02
    228700,      0.676971,CP6_after_kinetics,   1,    0.0000000000E+00,    4.4875032466E+02,    4.4875032466E+02,    0.0000000000E+00,    0.0000000000E+00,    0.0000000000E+00,    4.4875032466E+02
    228700,      0.676971,CP7_after_upper_clamp,   1,    0.0000000000E+00,    4.4875032466E+02,    4.4875032466E+02,    0.0000000000E+00,    0.0000000000E+00,    0.0000000000E+00,    4.4875032466E+02
    228700,      0.676971,CP8_after_OBC,   1,    0.0000000000E+00,    4.4875032466E+02,    4.4875032466E+02,    0.0000000000E+00,    0.0000000000E+00,    0.0000000000E+00,    4.4875032466E+02
    228700,      0.676971,CP9_after_PTsource,   1,    0.0000000000E+00,    4.4875032466E+02,    4.4875032466E+02,    0.0000000000E+00,    0.0000000000E+00,    0.0000000000E+00,    4.4875032466E+02
    228700,      0.676971,CP10_after_neg_clamp,   1,    0.0000000000E+00,    4.4875032466E+02,    4.4875032466E+02,    0.0000000000E+00,    0.0000000000E+00,    0.0000000000E+00,    4.4875032466E+02
    228700,      0.676971,CP11_after_MPI,   1,    0.0000000000E+00,    4.4875032466E+02,    4.4875032466E+02,    0.0000000000E+00,    0.0000000000E+00,    0.0000000000E+00,    4.4875032466E+02
    228700,      0.676971,CP12_end,   1,    0.0000000000E+00,    4.4875032466E+02,    4.4875032466E+02,    0.0000000000E+00,    0.0000000000E+00,    0.0000000000E+00,    4.4875032466E+02
    228750,      0.676971,CP0_start,   1,    0.0000000000E+00,    4.4890709762E+02,    4.4890709762E+02,    0.0000000000E+00,    0.0000000000E+00,    0.0000000000E+00,    4.4890709762E+02
    228750,      0.676971,CP1_after_deposition,   1,    0.0000000000E+00,    4.4890709762E+02,    4.4890709762E+02,    0.0000000000E+00,    0.0000000000E+00,    0.0000000000E+00,    4.4890709762E+02
    228750,      0.676971,CP2_after_erosion,   1,    0.0000000000E+00,    4.4890709762E+02,    4.4890709762E+02,    0.0000000000E+00,    0.0000000000E+00,    0.0000000000E+00,    4.4890709762E+02
    228750,      0.676971,CP3_after_update_bottom,   1,    0.0000000000E+00,    4.4890709762E+02,    4.4890709762E+02,    0.0000000000E+00,    0.0000000000E+00,    0.0000000000E+00,    4.4890709762E+02
    228750,      0.676971,CP4_after_advection,   1,    0.0000000000E+00,    4.4890248174E+02,    4.4890248174E+02,    0.0000000000E+00,    0.0000000000E+00,    0.0000000000E+00,    4.4890248174E+02
    228750,      0.676971,CP5_after_vdif,   1,    0.0000000000E+00,    4.4890248174E+02,    4.4890248174E+02,    0.0000000000E+00,    0.0000000000E+00,    0.0000000000E+00,    4.4890248174E+02
    228750,      0.676971,CP6_after_kinetics,   1,    0.0000000000E+00,    4.4890248174E+02,    4.4890248174E+02,    0.0000000000E+00,    0.0000000000E+00,    0.0000000000E+00,    4.4890248174E+02
    228750,      0.676971,CP7_after_upper_clamp,   1,    0.0000000000E+00,    4.4890248174E+02,    4.4890248174E+02,    0.0000000000E+00,    0.0000000000E+00,    0.0000000000E+00,    4.4890248174E+02
    228750,      0.676971,CP8_after_OBC,   1,    0.0000000000E+00,    4.4890248174E+02,    4.4890248174E+02,    0.0000000000E+00,    0.0000000000E+00,    0.0000000000E+00,    4.4890248174E+02
    228750,      0.676971,CP9_after_PTsource,   1,    0.0000000000E+00,    4.4890248174E+02,    4.4890248174E+02,    0.0000000000E+00,    0.0000000000E+00,    0.0000000000E+00,    4.4890248174E+02
    228750,      0.676971,CP10_after_neg_clamp,   1,    0.0000000000E+00,    4.4890248174E+02,    4.4890248174E+02,    0.0000000000E+00,    0.0000000000E+00,    0.0000000000E+00,    4.4890248174E+02
    228750,      0.676971,CP11_after_MPI,   1,    0.0000000000E+00,    4.4890248174E+02,    4.4890248174E+02,    0.0000000000E+00,    0.0000000000E+00,    0.0000000000E+00,    4.4890248174E+02
    228750,      0.676971,CP12_end,   1,    0.0000000000E+00,    4.4890248174E+02,    4.4890248174E+02,    0.0000000000E+00,    0.0000000000E+00,    0.0000000000E+00,    4.4890248174E+02
    228800,      0.676971,CP0_start,   1,    0.0000000000E+00,    4.4905901283E+02,    4.4905901283E+02,    0.0000000000E+00,    0.0000000000E+00,    0.0000000000E+00,    4.4905901283E+02
    228800,      0.676971,CP1_after_deposition,   1,    0.0000000000E+00,    4.4905901283E+02,    4.4905901283E+02,    0.0000000000E+00,    0.0000000000E+00,    0.0000000000E+00,    4.4905901283E+02
    228800,      0.676971,CP2_after_erosion,   1,    0.0000000000E+00,    4.4905901283E+02,    4.4905901283E+02,    0.0000000000E+00,    0.0000000000E+00,    0.0000000000E+00,    4.4905901283E+02
    228800,      0.676971,CP3_after_update_bottom,   1,    0.0000000000E+00,    4.4905901283E+02,    4.4905901283E+02,    0.0000000000E+00,    0.0000000000E+00,    0.0000000000E+00,    4.4905901283E+02
    228800,      0.676971,CP4_after_advection,   1,    0.0000000000E+00,    4.4905464209E+02,    4.4905464209E+02,    0.0000000000E+00,    0.0000000000E+00,    0.0000000000E+00,    4.4905464209E+02
    228800,      0.676971,CP5_after_vdif,   1,    0.0000000000E+00,    4.4905464209E+02,    4.4905464209E+02,    0.0000000000E+00,    0.0000000000E+00,    0.0000000000E+00,    4.4905464209E+02
    228800,      0.676971,CP6_after_kinetics,   1,    0.0000000000E+00,    4.4905464209E+02,    4.4905464209E+02,    0.0000000000E+00,    0.0000000000E+00,    0.0000000000E+00,    4.4905464209E+02
    228800,      0.676971,CP7_after_upper_clamp,   1,    0.0000000000E+00,    4.4905464209E+02,    4.4905464209E+02,    0.0000000000E+00,    0.0000000000E+00,    0.0000000000E+00,    4.4905464209E+02
    228800,      0.676971,CP8_after_OBC,   1,    0.0000000000E+00,    4.4905464209E+02,    4.4905464209E+02,    0.0000000000E+00,    0.0000000000E+00,    0.0000000000E+00,    4.4905464209E+02
    228800,      0.676971,CP9_after_PTsource,   1,    0.0000000000E+00,    4.4905464209E+02,    4.4905464209E+02,    0.0000000000E+00,    0.0000000000E+00,    0.0000000000E+00,    4.4905464209E+02
    228800,      0.676971,CP10_after_neg_clamp,   1,    0.0000000000E+00,    4.4905464209E+02,    4.4905464209E+02,    0.0000000000E+00,    0.0000000000E+00,    0.0000000000E+00,    4.4905464209E+02
    228800,      0.676971,CP11_after_MPI,   1,    0.0000000000E+00,    4.4905464209E+02,    4.4905464209E+02,    0.0000000000E+00,    0.0000000000E+00,    0.0000000000E+00,    4.4905464209E+02
    228800,      0.676971,CP12_end,   1,    0.0000000000E+00,    4.4905464209E+02,    4.4905464209E+02,    0.0000000000E+00,    0.0000000000E+00,    0.0000000000E+00,    4.4905464209E+02
    228850,      0.676971,CP0_start,   1,    0.0000000000E+00,    4.4921103359E+02,    4.4921103359E+02,    0.0000000000E+00,    0.0000000000E+00,    0.0000000000E+00,    4.4921103359E+02
    228850,      0.676971,CP1_after_deposition,   1,    0.0000000000E+00,    4.4921103359E+02,    4.4921103359E+02,    0.0000000000E+00,    0.0000000000E+00,    0.0000000000E+00,    4.4921103359E+02
    228850,      0.676971,CP2_after_erosion,   1,    0.0000000000E+00,    4.4921103359E+02,    4.4921103359E+02,    0.0000000000E+00,    0.0000000000E+00,    0.0000000000E+00,    4.4921103359E+02
    228850,      0.676971,CP3_after_update_bottom,   1,    0.0000000000E+00,    4.4921103359E+02,    4.4921103359E+02,    0.0000000000E+00,    0.0000000000E+00,    0.0000000000E+00,    4.4921103359E+02
    228850,      0.676971,CP4_after_advection,   1,    0.0000000000E+00,    4.4920691282E+02,    4.4920691282E+02,    0.0000000000E+00,    0.0000000000E+00,    0.0000000000E+00,    4.4920691282E+02
    228850,      0.676971,CP5_after_vdif,   1,    0.0000000000E+00,    4.4920691282E+02,    4.4920691282E+02,    0.0000000000E+00,    0.0000000000E+00,    0.0000000000E+00,    4.4920691282E+02
    228850,      0.676971,CP6_after_kinetics,   1,    0.0000000000E+00,    4.4920691282E+02,    4.4920691282E+02,    0.0000000000E+00,    0.0000000000E+00,    0.0000000000E+00,    4.4920691282E+02
    228850,      0.676971,CP7_after_upper_clamp,   1,    0.0000000000E+00,    4.4920691282E+02,    4.4920691282E+02,    0.0000000000E+00,    0.0000000000E+00,    0.0000000000E+00,    4.4920691282E+02
    228850,      0.676971,CP8_after_OBC,   1,    0.0000000000E+00,    4.4920691282E+02,    4.4920691282E+02,    0.0000000000E+00,    0.0000000000E+00,    0.0000000000E+00,    4.4920691282E+02
    228850,      0.676971,CP9_after_PTsource,   1,    0.0000000000E+00,    4.4920691282E+02,    4.4920691282E+02,    0.0000000000E+00,    0.0000000000E+00,    0.0000000000E+00,    4.4920691282E+02
    228850,      0.676971,CP10_after_neg_clamp,   1,    0.0000000000E+00,    4.4920691282E+02,    4.4920691282E+02,    0.0000000000E+00,    0.0000000000E+00,    0.0000000000E+00,    4.4920691282E+02
    228850,      0.676971,CP11_after_MPI,   1,    0.0000000000E+00,    4.4920691282E+02,    4.4920691282E+02,    0.0000000000E+00,    0.0000000000E+00,    0.0000000000E+00,    4.4920691282E+02
    228850,      0.676971,CP12_end,   1,    0.0000000000E+00,    4.4920691282E+02,    4.4920691282E+02,    0.0000000000E+00,    0.0000000000E+00,    0.0000000000E+00,    4.4920691282E+02
    228900,      0.676971,CP0_start,   1,    0.0000000000E+00,    4.4936334605E+02,    4.4936334605E+02,    0.0000000000E+00,    0.0000000000E+00,    0.0000000000E+00,    4.4936334605E+02
    228900,      0.676971,CP1_after_deposition,   1,    0.0000000000E+00,    4.4936334605E+02,    4.4936334605E+02,    0.0000000000E+00,    0.0000000000E+00,    0.0000000000E+00,    4.4936334605E+02
    228900,      0.676971,CP2_after_erosion,   1,    0.0000000000E+00,    4.4936334605E+02,    4.4936334605E+02,    0.0000000000E+00,    0.0000000000E+00,    0.0000000000E+00,    4.4936334605E+02
    228900,      0.676971,CP3_after_update_bottom,   1,    0.0000000000E+00,    4.4936334605E+02,    4.4936334605E+02,    0.0000000000E+00,    0.0000000000E+00,    0.0000000000E+00,    4.4936334605E+02
    228900,      0.676971,CP4_after_advection,   1,    0.0000000000E+00,    4.4935948110E+02,    4.4935948110E+02,    0.0000000000E+00,    0.0000000000E+00,    0.0000000000E+00,    4.4935948110E+02
    228900,      0.676971,CP5_after_vdif,   1,    0.0000000000E+00,    4.4935948110E+02,    4.4935948110E+02,    0.0000000000E+00,    0.0000000000E+00,    0.0000000000E+00,    4.4935948110E+02
    228900,      0.676971,CP6_after_kinetics,   1,    0.0000000000E+00,    4.4935948110E+02,    4.4935948110E+02,    0.0000000000E+00,    0.0000000000E+00,    0.0000000000E+00,    4.4935948110E+02
    228900,      0.676971,CP7_after_upper_clamp,   1,    0.0000000000E+00,    4.4935948110E+02,    4.4935948110E+02,    0.0000000000E+00,    0.0000000000E+00,    0.0000000000E+00,    4.4935948110E+02
    228900,      0.676971,CP8_after_OBC,   1,    0.0000000000E+00,    4.4935948110E+02,    4.4935948110E+02,    0.0000000000E+00,    0.0000000000E+00,    0.0000000000E+00,    4.4935948110E+02
    228900,      0.676971,CP9_after_PTsource,   1,    0.0000000000E+00,    4.4935948110E+02,    4.4935948110E+02,    0.0000000000E+00,    0.0000000000E+00,    0.0000000000E+00,    4.4935948110E+02
    228900,      0.676971,CP10_after_neg_clamp,   1,    0.0000000000E+00,    4.4935948110E+02,    4.4935948110E+02,    0.0000000000E+00,    0.0000000000E+00,    0.0000000000E+00,    4.4935948110E+02
    228900,      0.676971,CP11_after_MPI,   1,    0.0000000000E+00,    4.4935948110E+02,    4.4935948110E+02,    0.0000000000E+00,    0.0000000000E+00,    0.0000000000E+00,    4.4935948110E+02
    228900,      0.676971,CP12_end,   1,    0.0000000000E+00,    4.4935948110E+02,    4.4935948110E+02,    0.0000000000E+00,    0.0000000000E+00,    0.0000000000E+00,    4.4935948110E+02
    228950,      0.676971,CP0_start,   1,    0.0000000000E+00,    4.4951618051E+02,    4.4951618051E+02,    0.0000000000E+00,    0.0000000000E+00,    0.0000000000E+00,    4.4951618051E+02
    228950,      0.676971,CP1_after_deposition,   1,    0.0000000000E+00,    4.4951618051E+02,    4.4951618051E+02,    0.0000000000E+00,    0.0000000000E+00,    0.0000000000E+00,    4.4951618051E+02
    228950,      0.676971,CP2_after_erosion,   1,    0.0000000000E+00,    4.4951618051E+02,    4.4951618051E+02,    0.0000000000E+00,    0.0000000000E+00,    0.0000000000E+00,    4.4951618051E+02
    228950,      0.676971,CP3_after_update_bottom,   1,    0.0000000000E+00,    4.4951618051E+02,    4.4951618051E+02,    0.0000000000E+00,    0.0000000000E+00,    0.0000000000E+00,    4.4951618051E+02
    228950,      0.676971,CP4_after_advection,   1,    0.0000000000E+00,    4.4951258925E+02,    4.4951258925E+02,    0.0000000000E+00,    0.0000000000E+00,    0.0000000000E+00,    4.4951258925E+02
    228950,      0.676971,CP5_after_vdif,   1,    0.0000000000E+00,    4.4951258925E+02,    4.4951258925E+02,    0.0000000000E+00,    0.0000000000E+00,    0.0000000000E+00,    4.4951258925E+02
    228950,      0.676971,CP6_after_kinetics,   1,    0.0000000000E+00,    4.4951258925E+02,    4.4951258925E+02,    0.0000000000E+00,    0.0000000000E+00,    0.0000000000E+00,    4.4951258925E+02
    228950,      0.676971,CP7_after_upper_clamp,   1,    0.0000000000E+00,    4.4951258925E+02,    4.4951258925E+02,    0.0000000000E+00,    0.0000000000E+00,    0.0000000000E+00,    4.4951258925E+02
    228950,      0.676971,CP8_after_OBC,   1,    0.0000000000E+00,    4.4951258925E+02,    4.4951258925E+02,    0.0000000000E+00,    0.0000000000E+00,    0.0000000000E+00,    4.4951258925E+02
    228950,      0.676971,CP9_after_PTsource,   1,    0.0000000000E+00,    4.4951258925E+02,    4.4951258925E+02,    0.0000000000E+00,    0.0000000000E+00,    0.0000000000E+00,    4.4951258925E+02
    228950,      0.676971,CP10_after_neg_clamp,   1,    0.0000000000E+00,    4.4951258925E+02,    4.4951258925E+02,    0.0000000000E+00,    0.0000000000E+00,    0.0000000000E+00,    4.4951258925E+02
    228950,      0.676971,CP11_after_MPI,   1,    0.0000000000E+00,    4.4951258925E+02,    4.4951258925E+02,    0.0000000000E+00,    0.0000000000E+00,    0.0000000000E+00,    4.4951258925E+02
    228950,      0.676971,CP12_end,   1,    0.0000000000E+00,    4.4951258925E+02,    4.4951258925E+02,    0.0000000000E+00,    0.0000000000E+00,    0.0000000000E+00,    4.4951258925E+02
    229000,      0.676971,CP0_start,   1,    0.0000000000E+00,    4.4966977842E+02,    4.4966977842E+02,    0.0000000000E+00,    0.0000000000E+00,    0.0000000000E+00,    4.4966977842E+02
    229000,      0.676971,CP1_after_deposition,   1,    0.0000000000E+00,    4.4966977842E+02,    4.4966977842E+02,    0.0000000000E+00,    0.0000000000E+00,    0.0000000000E+00,    4.4966977842E+02
    229000,      0.676971,CP2_after_erosion,   1,    0.0000000000E+00,    4.4966977842E+02,    4.4966977842E+02,    0.0000000000E+00,    0.0000000000E+00,    0.0000000000E+00,    4.4966977842E+02
    229000,      0.676971,CP3_after_update_bottom,   1,    0.0000000000E+00,    4.4966977842E+02,    4.4966977842E+02,    0.0000000000E+00,    0.0000000000E+00,    0.0000000000E+00,    4.4966977842E+02
    229000,      0.676971,CP4_after_advection,   1,    0.0000000000E+00,    4.4966647242E+02,    4.4966647242E+02,    0.0000000000E+00,    0.0000000000E+00,    0.0000000000E+00,    4.4966647242E+02
    229000,      0.676971,CP5_after_vdif,   1,    0.0000000000E+00,    4.4966647242E+02,    4.4966647242E+02,    0.0000000000E+00,    0.0000000000E+00,    0.0000000000E+00,    4.4966647242E+02
    229000,      0.676971,CP6_after_kinetics,   1,    0.0000000000E+00,    4.4966647242E+02,    4.4966647242E+02,    0.0000000000E+00,    0.0000000000E+00,    0.0000000000E+00,    4.4966647242E+02
    229000,      0.676971,CP7_after_upper_clamp,   1,    0.0000000000E+00,    4.4966647242E+02,    4.4966647242E+02,    0.0000000000E+00,    0.0000000000E+00,    0.0000000000E+00,    4.4966647242E+02
    229000,      0.676971,CP8_after_OBC,   1,    0.0000000000E+00,    4.4966647242E+02,    4.4966647242E+02,    0.0000000000E+00,    0.0000000000E+00,    0.0000000000E+00,    4.4966647242E+02
    229000,      0.676971,CP9_after_PTsource,   1,    0.0000000000E+00,    4.4966647242E+02,    4.4966647242E+02,    0.0000000000E+00,    0.0000000000E+00,    0.0000000000E+00,    4.4966647242E+02
    229000,      0.676971,CP10_after_neg_clamp,   1,    0.0000000000E+00,    4.4966647242E+02,    4.4966647242E+02,    0.0000000000E+00,    0.0000000000E+00,    0.0000000000E+00,    4.4966647242E+02
    229000,      0.676971,CP11_after_MPI,   1,    0.0000000000E+00,    4.4966647242E+02,    4.4966647242E+02,    0.0000000000E+00,    0.0000000000E+00,    0.0000000000E+00,    4.4966647242E+02
    229000,      0.676971,CP12_end,   1,    0.0000000000E+00,    4.4966647242E+02,    4.4966647242E+02,    0.0000000000E+00,    0.0000000000E+00,    0.0000000000E+00,    4.4966647242E+02
    229050,      0.676971,CP0_start,   1,    0.0000000000E+00,    4.4982431008E+02,    4.4982431008E+02,    0.0000000000E+00,    0.0000000000E+00,    0.0000000000E+00,    4.4982431008E+02
    229050,      0.676971,CP1_after_deposition,   1,    0.0000000000E+00,    4.4982431008E+02,    4.4982431008E+02,    0.0000000000E+00,    0.0000000000E+00,    0.0000000000E+00,    4.4982431008E+02
    229050,      0.676971,CP2_after_erosion,   1,    0.0000000000E+00,    4.4982431008E+02,    4.4982431008E+02,    0.0000000000E+00,    0.0000000000E+00,    0.0000000000E+00,    4.4982431008E+02
    229050,      0.676971,CP3_after_update_bottom,   1,    0.0000000000E+00,    4.4982431008E+02,    4.4982431008E+02,    0.0000000000E+00,    0.0000000000E+00,    0.0000000000E+00,    4.4982431008E+02
    229050,      0.676971,CP4_after_advection,   1,    0.0000000000E+00,    4.4982129815E+02,    4.4982129815E+02,    0.0000000000E+00,    0.0000000000E+00,    0.0000000000E+00,    4.4982129815E+02
    229050,      0.676971,CP5_after_vdif,   1,    0.0000000000E+00,    4.4982129815E+02,    4.4982129815E+02,    0.0000000000E+00,    0.0000000000E+00,    0.0000000000E+00,    4.4982129815E+02
    229050,      0.676971,CP6_after_kinetics,   1,    0.0000000000E+00,    4.4982129815E+02,    4.4982129815E+02,    0.0000000000E+00,    0.0000000000E+00,    0.0000000000E+00,    4.4982129815E+02
    229050,      0.676971,CP7_after_upper_clamp,   1,    0.0000000000E+00,    4.4982129815E+02,    4.4982129815E+02,    0.0000000000E+00,    0.0000000000E+00,    0.0000000000E+00,    4.4982129815E+02
    229050,      0.676971,CP8_after_OBC,   1,    0.0000000000E+00,    4.4982129815E+02,    4.4982129815E+02,    0.0000000000E+00,    0.0000000000E+00,    0.0000000000E+00,    4.4982129815E+02
    229050,      0.676971,CP9_after_PTsource,   1,    0.0000000000E+00,    4.4982129815E+02,    4.4982129815E+02,    0.0000000000E+00,    0.0000000000E+00,    0.0000000000E+00,    4.4982129815E+02
    229050,      0.676971,CP10_after_neg_clamp,   1,    0.0000000000E+00,    4.4982129815E+02,    4.4982129815E+02,    0.0000000000E+00,    0.0000000000E+00,    0.0000000000E+00,    4.4982129815E+02
    229050,      0.676971,CP11_after_MPI,   1,    0.0000000000E+00,    4.4982129815E+02,    4.4982129815E+02,    0.0000000000E+00,    0.0000000000E+00,    0.0000000000E+00,    4.4982129815E+02
    229050,      0.676971,CP12_end,   1,    0.0000000000E+00,    4.4982129815E+02,    4.4982129815E+02,    0.0000000000E+00,    0.0000000000E+00,    0.0000000000E+00,    4.4982129815E+02
    229100,      0.676971,CP0_start,   1,    0.0000000000E+00,    4.4997989558E+02,    4.4997989558E+02,    0.0000000000E+00,    0.0000000000E+00,    0.0000000000E+00,    4.4997989558E+02
    229100,      0.676971,CP1_after_deposition,   1,    0.0000000000E+00,    4.4997989558E+02,    4.4997989558E+02,    0.0000000000E+00,    0.0000000000E+00,    0.0000000000E+00,    4.4997989558E+02
    229100,      0.676971,CP2_after_erosion,   1,    0.0000000000E+00,    4.4997989558E+02,    4.4997989558E+02,    0.0000000000E+00,    0.0000000000E+00,    0.0000000000E+00,    4.4997989558E+02
    229100,      0.676971,CP3_after_update_bottom,   1,    0.0000000000E+00,    4.4997989558E+02,    4.4997989558E+02,    0.0000000000E+00,    0.0000000000E+00,    0.0000000000E+00,    4.4997989558E+02
    229100,      0.676971,CP4_after_advection,   1,    0.0000000000E+00,    4.4997717558E+02,    4.4997717558E+02,    0.0000000000E+00,    0.0000000000E+00,    0.0000000000E+00,    4.4997717558E+02
    229100,      0.676971,CP5_after_vdif,   1,    0.0000000000E+00,    4.4997717558E+02,    4.4997717558E+02,    0.0000000000E+00,    0.0000000000E+00,    0.0000000000E+00,    4.4997717558E+02
    229100,      0.676971,CP6_after_kinetics,   1,    0.0000000000E+00,    4.4997717558E+02,    4.4997717558E+02,    0.0000000000E+00,    0.0000000000E+00,    0.0000000000E+00,    4.4997717558E+02
    229100,      0.676971,CP7_after_upper_clamp,   1,    0.0000000000E+00,    4.4997717558E+02,    4.4997717558E+02,    0.0000000000E+00,    0.0000000000E+00,    0.0000000000E+00,    4.4997717558E+02
    229100,      0.676971,CP8_after_OBC,   1,    0.0000000000E+00,    4.4997717558E+02,    4.4997717558E+02,    0.0000000000E+00,    0.0000000000E+00,    0.0000000000E+00,    4.4997717558E+02
    229100,      0.676971,CP9_after_PTsource,   1,    0.0000000000E+00,    4.4997717558E+02,    4.4997717558E+02,    0.0000000000E+00,    0.0000000000E+00,    0.0000000000E+00,    4.4997717558E+02
    229100,      0.676971,CP10_after_neg_clamp,   1,    0.0000000000E+00,    4.4997717558E+02,    4.4997717558E+02,    0.0000000000E+00,    0.0000000000E+00,    0.0000000000E+00,    4.4997717558E+02
    229100,      0.676971,CP11_after_MPI,   1,    0.0000000000E+00,    4.4997717558E+02,    4.4997717558E+02,    0.0000000000E+00,    0.0000000000E+00,    0.0000000000E+00,    4.4997717558E+02
    229100,      0.676971,CP12_end,   1,    0.0000000000E+00,    4.4997717558E+02,    4.4997717558E+02,    0.0000000000E+00,    0.0000000000E+00,    0.0000000000E+00,    4.4997717558E+02
    229150,      0.676971,CP0_start,   1,    0.0000000000E+00,    4.5013675354E+02,    4.5013675354E+02,    0.0000000000E+00,    0.0000000000E+00,    0.0000000000E+00,    4.5013675354E+02
    229150,      0.676971,CP1_after_deposition,   1,    0.0000000000E+00,    4.5013675354E+02,    4.5013675354E+02,    0.0000000000E+00,    0.0000000000E+00,    0.0000000000E+00,    4.5013675354E+02
    229150,      0.676971,CP2_after_erosion,   1,    0.0000000000E+00,    4.5013675354E+02,    4.5013675354E+02,    0.0000000000E+00,    0.0000000000E+00,    0.0000000000E+00,    4.5013675354E+02
    229150,      0.676971,CP3_after_update_bottom,   1,    0.0000000000E+00,    4.5013675354E+02,    4.5013675354E+02,    0.0000000000E+00,    0.0000000000E+00,    0.0000000000E+00,    4.5013675354E+02
    229150,      0.676971,CP4_after_advection,   1,    0.0000000000E+00,    4.5013435458E+02,    4.5013435458E+02,    0.0000000000E+00,    0.0000000000E+00,    0.0000000000E+00,    4.5013435458E+02
    229150,      0.676971,CP5_after_vdif,   1,    0.0000000000E+00,    4.5013435458E+02,    4.5013435458E+02,    0.0000000000E+00,    0.0000000000E+00,    0.0000000000E+00,    4.5013435458E+02
    229150,      0.676971,CP6_after_kinetics,   1,    0.0000000000E+00,    4.5013435458E+02,    4.5013435458E+02,    0.0000000000E+00,    0.0000000000E+00,    0.0000000000E+00,    4.5013435458E+02
    229150,      0.676971,CP7_after_upper_clamp,   1,    0.0000000000E+00,    4.5013435458E+02,    4.5013435458E+02,    0.0000000000E+00,    0.0000000000E+00,    0.0000000000E+00,    4.5013435458E+02
    229150,      0.676971,CP8_after_OBC,   1,    0.0000000000E+00,    4.5013435458E+02,    4.5013435458E+02,    0.0000000000E+00,    0.0000000000E+00,    0.0000000000E+00,    4.5013435458E+02
    229150,      0.676971,CP9_after_PTsource,   1,    0.0000000000E+00,    4.5013435458E+02,    4.5013435458E+02,    0.0000000000E+00,    0.0000000000E+00,    0.0000000000E+00,    4.5013435458E+02
    229150,      0.676971,CP10_after_neg_clamp,   1,    0.0000000000E+00,    4.5013435458E+02,    4.5013435458E+02,    0.0000000000E+00,    0.0000000000E+00,    0.0000000000E+00,    4.5013435458E+02
    229150,      0.676971,CP11_after_MPI,   1,    0.0000000000E+00,    4.5013435458E+02,    4.5013435458E+02,    0.0000000000E+00,    0.0000000000E+00,    0.0000000000E+00,    4.5013435458E+02
    229150,      0.676971,CP12_end,   1,    0.0000000000E+00,    4.5013435458E+02,    4.5013435458E+02,    0.0000000000E+00,    0.0000000000E+00,    0.0000000000E+00,    4.5013435458E+02
    229200,      0.676971,CP0_start,   1,    0.0000000000E+00,    4.5029532665E+02,    4.5029532665E+02,    0.0000000000E+00,    0.0000000000E+00,    0.0000000000E+00,    4.5029532665E+02
    229200,      0.676971,CP1_after_deposition,   1,    0.0000000000E+00,    4.5029532665E+02,    4.5029532665E+02,    0.0000000000E+00,    0.0000000000E+00,    0.0000000000E+00,    4.5029532665E+02
    229200,      0.676971,CP2_after_erosion,   1,    0.0000000000E+00,    4.5029532665E+02,    4.5029532665E+02,    0.0000000000E+00,    0.0000000000E+00,    0.0000000000E+00,    4.5029532665E+02
    229200,      0.676971,CP3_after_update_bottom,   1,    0.0000000000E+00,    4.5029532665E+02,    4.5029532665E+02,    0.0000000000E+00,    0.0000000000E+00,    0.0000000000E+00,    4.5029532665E+02
    229200,      0.676971,CP4_after_advection,   1,    0.0000000000E+00,    4.5029325747E+02,    4.5029325747E+02,    0.0000000000E+00,    0.0000000000E+00,    0.0000000000E+00,    4.5029325747E+02
    229200,      0.676971,CP5_after_vdif,   1,    0.0000000000E+00,    4.5029325747E+02,    4.5029325747E+02,    0.0000000000E+00,    0.0000000000E+00,    0.0000000000E+00,    4.5029325747E+02
    229200,      0.676971,CP6_after_kinetics,   1,    0.0000000000E+00,    4.5029325747E+02,    4.5029325747E+02,    0.0000000000E+00,    0.0000000000E+00,    0.0000000000E+00,    4.5029325747E+02
    229200,      0.676971,CP7_after_upper_clamp,   1,    0.0000000000E+00,    4.5029325747E+02,    4.5029325747E+02,    0.0000000000E+00,    0.0000000000E+00,    0.0000000000E+00,    4.5029325747E+02
    229200,      0.676971,CP8_after_OBC,   1,    0.0000000000E+00,    4.5029325747E+02,    4.5029325747E+02,    0.0000000000E+00,    0.0000000000E+00,    0.0000000000E+00,    4.5029325747E+02
    229200,      0.676971,CP9_after_PTsource,   1,    0.0000000000E+00,    4.5029325747E+02,    4.5029325747E+02,    0.0000000000E+00,    0.0000000000E+00,    0.0000000000E+00,    4.5029325747E+02
    229200,      0.676971,CP10_after_neg_clamp,   1,    0.0000000000E+00,    4.5029325747E+02,    4.5029325747E+02,    0.0000000000E+00,    0.0000000000E+00,    0.0000000000E+00,    4.5029325747E+02
    229200,      0.676971,CP11_after_MPI,   1,    0.0000000000E+00,    4.5029325747E+02,    4.5029325747E+02,    0.0000000000E+00,    0.0000000000E+00,    0.0000000000E+00,    4.5029325747E+02
    229200,      0.676971,CP12_end,   1,    0.0000000000E+00,    4.5029325747E+02,    4.5029325747E+02,    0.0000000000E+00,    0.0000000000E+00,    0.0000000000E+00,    4.5029325747E+02
    229250,      0.676971,CP0_start,   1,    0.0000000000E+00,    4.5045615189E+02,    4.5045615189E+02,    0.0000000000E+00,    0.0000000000E+00,    0.0000000000E+00,    4.5045615189E+02
    229250,      0.676971,CP1_after_deposition,   1,    0.0000000000E+00,    4.5045615189E+02,    4.5045615189E+02,    0.0000000000E+00,    0.0000000000E+00,    0.0000000000E+00,    4.5045615189E+02
    229250,      0.676971,CP2_after_erosion,   1,    0.0000000000E+00,    4.5045615189E+02,    4.5045615189E+02,    0.0000000000E+00,    0.0000000000E+00,    0.0000000000E+00,    4.5045615189E+02
    229250,      0.676971,CP3_after_update_bottom,   1,    0.0000000000E+00,    4.5045615189E+02,    4.5045615189E+02,    0.0000000000E+00,    0.0000000000E+00,    0.0000000000E+00,    4.5045615189E+02
    229250,      0.676971,CP4_after_advection,   1,    0.0000000000E+00,    4.5045442889E+02,    4.5045442889E+02,    0.0000000000E+00,    0.0000000000E+00,    0.0000000000E+00,    4.5045442889E+02
    229250,      0.676971,CP5_after_vdif,   1,    0.0000000000E+00,    4.5045442889E+02,    4.5045442889E+02,    0.0000000000E+00,    0.0000000000E+00,    0.0000000000E+00,    4.5045442889E+02
    229250,      0.676971,CP6_after_kinetics,   1,    0.0000000000E+00,    4.5045442889E+02,    4.5045442889E+02,    0.0000000000E+00,    0.0000000000E+00,    0.0000000000E+00,    4.5045442889E+02
    229250,      0.676971,CP7_after_upper_clamp,   1,    0.0000000000E+00,    4.5045442889E+02,    4.5045442889E+02,    0.0000000000E+00,    0.0000000000E+00,    0.0000000000E+00,    4.5045442889E+02
    229250,      0.676971,CP8_after_OBC,   1,    0.0000000000E+00,    4.5045442889E+02,    4.5045442889E+02,    0.0000000000E+00,    0.0000000000E+00,    0.0000000000E+00,    4.5045442889E+02
    229250,      0.676971,CP9_after_PTsource,   1,    0.0000000000E+00,    4.5045442889E+02,    4.5045442889E+02,    0.0000000000E+00,    0.0000000000E+00,    0.0000000000E+00,    4.5045442889E+02
    229250,      0.676971,CP10_after_neg_clamp,   1,    0.0000000000E+00,    4.5045442889E+02,    4.5045442889E+02,    0.0000000000E+00,    0.0000000000E+00,    0.0000000000E+00,    4.5045442889E+02
    229250,      0.676971,CP11_after_MPI,   1,    0.0000000000E+00,    4.5045442889E+02,    4.5045442889E+02,    0.0000000000E+00,    0.0000000000E+00,    0.0000000000E+00,    4.5045442889E+02
    229250,      0.676971,CP12_end,   1,    0.0000000000E+00,    4.5045442889E+02,    4.5045442889E+02,    0.0000000000E+00,    0.0000000000E+00,    0.0000000000E+00,    4.5045442889E+02
    229300,      0.676971,CP0_start,   1,    0.0000000000E+00,    4.5061977582E+02,    4.5061977582E+02,    0.0000000000E+00,    0.0000000000E+00,    0.0000000000E+00,    4.5061977582E+02
    229300,      0.676971,CP1_after_deposition,   1,    0.0000000000E+00,    4.5061977582E+02,    4.5061977582E+02,    0.0000000000E+00,    0.0000000000E+00,    0.0000000000E+00,    4.5061977582E+02
    229300,      0.676971,CP2_after_erosion,   1,    0.0000000000E+00,    4.5061977582E+02,    4.5061977582E+02,    0.0000000000E+00,    0.0000000000E+00,    0.0000000000E+00,    4.5061977582E+02
    229300,      0.676971,CP3_after_update_bottom,   1,    0.0000000000E+00,    4.5061977582E+02,    4.5061977582E+02,    0.0000000000E+00,    0.0000000000E+00,    0.0000000000E+00,    4.5061977582E+02
    229300,      0.676971,CP4_after_advection,   1,    0.0000000000E+00,    4.5061842262E+02,    4.5061842262E+02,    0.0000000000E+00,    0.0000000000E+00,    0.0000000000E+00,    4.5061842262E+02
    229300,      0.676971,CP5_after_vdif,   1,    0.0000000000E+00,    4.5061842262E+02,    4.5061842262E+02,    0.0000000000E+00,    0.0000000000E+00,    0.0000000000E+00,    4.5061842262E+02
    229300,      0.676971,CP6_after_kinetics,   1,    0.0000000000E+00,    4.5061842262E+02,    4.5061842262E+02,    0.0000000000E+00,    0.0000000000E+00,    0.0000000000E+00,    4.5061842262E+02
    229300,      0.676971,CP7_after_upper_clamp,   1,    0.0000000000E+00,    4.5061842262E+02,    4.5061842262E+02,    0.0000000000E+00,    0.0000000000E+00,    0.0000000000E+00,    4.5061842262E+02
    229300,      0.676971,CP8_after_OBC,   1,    0.0000000000E+00,    4.5061842262E+02,    4.5061842262E+02,    0.0000000000E+00,    0.0000000000E+00,    0.0000000000E+00,    4.5061842262E+02
    229300,      0.676971,CP9_after_PTsource,   1,    0.0000000000E+00,    4.5061842262E+02,    4.5061842262E+02,    0.0000000000E+00,    0.0000000000E+00,    0.0000000000E+00,    4.5061842262E+02
    229300,      0.676971,CP10_after_neg_clamp,   1,    0.0000000000E+00,    4.5061842262E+02,    4.5061842262E+02,    0.0000000000E+00,    0.0000000000E+00,    0.0000000000E+00,    4.5061842262E+02
    229300,      0.676971,CP11_after_MPI,   1,    0.0000000000E+00,    4.5061842262E+02,    4.5061842262E+02,    0.0000000000E+00,    0.0000000000E+00,    0.0000000000E+00,    4.5061842262E+02
    229300,      0.676971,CP12_end,   1,    0.0000000000E+00,    4.5061842262E+02,    4.5061842262E+02,    0.0000000000E+00,    0.0000000000E+00,    0.0000000000E+00,    4.5061842262E+02
    229350,      0.676971,CP0_start,   1,    0.0000000000E+00,    4.5078650285E+02,    4.5078650285E+02,    0.0000000000E+00,    0.0000000000E+00,    0.0000000000E+00,    4.5078650285E+02
    229350,      0.676971,CP1_after_deposition,   1,    0.0000000000E+00,    4.5078650285E+02,    4.5078650285E+02,    0.0000000000E+00,    0.0000000000E+00,    0.0000000000E+00,    4.5078650285E+02
    229350,      0.676971,CP2_after_erosion,   1,    0.0000000000E+00,    4.5078650285E+02,    4.5078650285E+02,    0.0000000000E+00,    0.0000000000E+00,    0.0000000000E+00,    4.5078650285E+02
    229350,      0.676971,CP3_after_update_bottom,   1,    0.0000000000E+00,    4.5078650285E+02,    4.5078650285E+02,    0.0000000000E+00,    0.0000000000E+00,    0.0000000000E+00,    4.5078650285E+02
    229350,      0.676971,CP4_after_advection,   1,    0.0000000000E+00,    4.5078553373E+02,    4.5078553373E+02,    0.0000000000E+00,    0.0000000000E+00,    0.0000000000E+00,    4.5078553373E+02
    229350,      0.676971,CP5_after_vdif,   1,    0.0000000000E+00,    4.5078553373E+02,    4.5078553373E+02,    0.0000000000E+00,    0.0000000000E+00,    0.0000000000E+00,    4.5078553373E+02
    229350,      0.676971,CP6_after_kinetics,   1,    0.0000000000E+00,    4.5078553373E+02,    4.5078553373E+02,    0.0000000000E+00,    0.0000000000E+00,    0.0000000000E+00,    4.5078553373E+02
    229350,      0.676971,CP7_after_upper_clamp,   1,    0.0000000000E+00,    4.5078553373E+02,    4.5078553373E+02,    0.0000000000E+00,    0.0000000000E+00,    0.0000000000E+00,    4.5078553373E+02
    229350,      0.676971,CP8_after_OBC,   1,    0.0000000000E+00,    4.5078553373E+02,    4.5078553373E+02,    0.0000000000E+00,    0.0000000000E+00,    0.0000000000E+00,    4.5078553373E+02
    229350,      0.676971,CP9_after_PTsource,   1,    0.0000000000E+00,    4.5078553373E+02,    4.5078553373E+02,    0.0000000000E+00,    0.0000000000E+00,    0.0000000000E+00,    4.5078553373E+02
    229350,      0.676971,CP10_after_neg_clamp,   1,    0.0000000000E+00,    4.5078553373E+02,    4.5078553373E+02,    0.0000000000E+00,    0.0000000000E+00,    0.0000000000E+00,    4.5078553373E+02
    229350,      0.676971,CP11_after_MPI,   1,    0.0000000000E+00,    4.5078553373E+02,    4.5078553373E+02,    0.0000000000E+00,    0.0000000000E+00,    0.0000000000E+00,    4.5078553373E+02
    229350,      0.676971,CP12_end,   1,    0.0000000000E+00,    4.5078553373E+02,    4.5078553373E+02,    0.0000000000E+00,    0.0000000000E+00,    0.0000000000E+00,    4.5078553373E+02
    229400,      0.676971,CP0_start,   1,    0.0000000000E+00,    4.5095639983E+02,    4.5095639983E+02,    0.0000000000E+00,    0.0000000000E+00,    0.0000000000E+00,    4.5095639983E+02
    229400,      0.676971,CP1_after_deposition,   1,    0.0000000000E+00,    4.5095639983E+02,    4.5095639983E+02,    0.0000000000E+00,    0.0000000000E+00,    0.0000000000E+00,    4.5095639983E+02
    229400,      0.676971,CP2_after_erosion,   1,    0.0000000000E+00,    4.5095639983E+02,    4.5095639983E+02,    0.0000000000E+00,    0.0000000000E+00,    0.0000000000E+00,    4.5095639983E+02
    229400,      0.676971,CP3_after_update_bottom,   1,    0.0000000000E+00,    4.5095639983E+02,    4.5095639983E+02,    0.0000000000E+00,    0.0000000000E+00,    0.0000000000E+00,    4.5095639983E+02
    229400,      0.676971,CP4_after_advection,   1,    0.0000000000E+00,    4.5095582274E+02,    4.5095582274E+02,    0.0000000000E+00,    0.0000000000E+00,    0.0000000000E+00,    4.5095582274E+02
    229400,      0.676971,CP5_after_vdif,   1,    0.0000000000E+00,    4.5095582274E+02,    4.5095582274E+02,    0.0000000000E+00,    0.0000000000E+00,    0.0000000000E+00,    4.5095582274E+02
    229400,      0.676971,CP6_after_kinetics,   1,    0.0000000000E+00,    4.5095582274E+02,    4.5095582274E+02,    0.0000000000E+00,    0.0000000000E+00,    0.0000000000E+00,    4.5095582274E+02
    229400,      0.676971,CP7_after_upper_clamp,   1,    0.0000000000E+00,    4.5095582274E+02,    4.5095582274E+02,    0.0000000000E+00,    0.0000000000E+00,    0.0000000000E+00,    4.5095582274E+02
    229400,      0.676971,CP8_after_OBC,   1,    0.0000000000E+00,    4.5095582274E+02,    4.5095582274E+02,    0.0000000000E+00,    0.0000000000E+00,    0.0000000000E+00,    4.5095582274E+02
    229400,      0.676971,CP9_after_PTsource,   1,    0.0000000000E+00,    4.5095582274E+02,    4.5095582274E+02,    0.0000000000E+00,    0.0000000000E+00,    0.0000000000E+00,    4.5095582274E+02
    229400,      0.676971,CP10_after_neg_clamp,   1,    0.0000000000E+00,    4.5095582274E+02,    4.5095582274E+02,    0.0000000000E+00,    0.0000000000E+00,    0.0000000000E+00,    4.5095582274E+02
    229400,      0.676971,CP11_after_MPI,   1,    0.0000000000E+00,    4.5095582274E+02,    4.5095582274E+02,    0.0000000000E+00,    0.0000000000E+00,    0.0000000000E+00,    4.5095582274E+02
    229400,      0.676971,CP12_end,   1,    0.0000000000E+00,    4.5095582274E+02,    4.5095582274E+02,    0.0000000000E+00,    0.0000000000E+00,    0.0000000000E+00,    4.5095582274E+02
    229450,      0.676971,CP0_start,   1,    0.0000000000E+00,    4.5112942043E+02,    4.5112942043E+02,    0.0000000000E+00,    0.0000000000E+00,    0.0000000000E+00,    4.5112942043E+02
    229450,      0.676971,CP1_after_deposition,   1,    0.0000000000E+00,    4.5112942043E+02,    4.5112942043E+02,    0.0000000000E+00,    0.0000000000E+00,    0.0000000000E+00,    4.5112942043E+02
    229450,      0.676971,CP2_after_erosion,   1,    0.0000000000E+00,    4.5112942043E+02,    4.5112942043E+02,    0.0000000000E+00,    0.0000000000E+00,    0.0000000000E+00,    4.5112942043E+02
    229450,      0.676971,CP3_after_update_bottom,   1,    0.0000000000E+00,    4.5112942043E+02,    4.5112942043E+02,    0.0000000000E+00,    0.0000000000E+00,    0.0000000000E+00,    4.5112942043E+02
    229450,      0.676971,CP4_after_advection,   1,    0.0000000000E+00,    4.5112924833E+02,    4.5112924833E+02,    0.0000000000E+00,    0.0000000000E+00,    0.0000000000E+00,    4.5112924833E+02
    229450,      0.676971,CP5_after_vdif,   1,    0.0000000000E+00,    4.5112924833E+02,    4.5112924833E+02,    0.0000000000E+00,    0.0000000000E+00,    0.0000000000E+00,    4.5112924833E+02
    229450,      0.676971,CP6_after_kinetics,   1,    0.0000000000E+00,    4.5112924833E+02,    4.5112924833E+02,    0.0000000000E+00,    0.0000000000E+00,    0.0000000000E+00,    4.5112924833E+02
    229450,      0.676971,CP7_after_upper_clamp,   1,    0.0000000000E+00,    4.5112924833E+02,    4.5112924833E+02,    0.0000000000E+00,    0.0000000000E+00,    0.0000000000E+00,    4.5112924833E+02
    229450,      0.676971,CP8_after_OBC,   1,    0.0000000000E+00,    4.5112924833E+02,    4.5112924833E+02,    0.0000000000E+00,    0.0000000000E+00,    0.0000000000E+00,    4.5112924833E+02
    229450,      0.676971,CP9_after_PTsource,   1,    0.0000000000E+00,    4.5112924833E+02,    4.5112924833E+02,    0.0000000000E+00,    0.0000000000E+00,    0.0000000000E+00,    4.5112924833E+02
    229450,      0.676971,CP10_after_neg_clamp,   1,    0.0000000000E+00,    4.5112924833E+02,    4.5112924833E+02,    0.0000000000E+00,    0.0000000000E+00,    0.0000000000E+00,    4.5112924833E+02
    229450,      0.676971,CP11_after_MPI,   1,    0.0000000000E+00,    4.5112924833E+02,    4.5112924833E+02,    0.0000000000E+00,    0.0000000000E+00,    0.0000000000E+00,    4.5112924833E+02
    229450,      0.676971,CP12_end,   1,    0.0000000000E+00,    4.5112924833E+02,    4.5112924833E+02,    0.0000000000E+00,    0.0000000000E+00,    0.0000000000E+00,    4.5112924833E+02
    229500,      0.676971,CP0_start,   1,    0.0000000000E+00,    4.5130529406E+02,    4.5130529406E+02,    0.0000000000E+00,    0.0000000000E+00,    0.0000000000E+00,    4.5130529406E+02
    229500,      0.676971,CP1_after_deposition,   1,    0.0000000000E+00,    4.5130529406E+02,    4.5130529406E+02,    0.0000000000E+00,    0.0000000000E+00,    0.0000000000E+00,    4.5130529406E+02
    229500,      0.676971,CP2_after_erosion,   1,    0.0000000000E+00,    4.5130529406E+02,    4.5130529406E+02,    0.0000000000E+00,    0.0000000000E+00,    0.0000000000E+00,    4.5130529406E+02
    229500,      0.676971,CP3_after_update_bottom,   1,    0.0000000000E+00,    4.5130529406E+02,    4.5130529406E+02,    0.0000000000E+00,    0.0000000000E+00,    0.0000000000E+00,    4.5130529406E+02
    229500,      0.676971,CP4_after_advection,   1,    0.0000000000E+00,    4.5130553801E+02,    4.5130553801E+02,    0.0000000000E+00,    0.0000000000E+00,    0.0000000000E+00,    4.5130553801E+02
    229500,      0.676971,CP5_after_vdif,   1,    0.0000000000E+00,    4.5130553801E+02,    4.5130553801E+02,    0.0000000000E+00,    0.0000000000E+00,    0.0000000000E+00,    4.5130553801E+02
    229500,      0.676971,CP6_after_kinetics,   1,    0.0000000000E+00,    4.5130553801E+02,    4.5130553801E+02,    0.0000000000E+00,    0.0000000000E+00,    0.0000000000E+00,    4.5130553801E+02
    229500,      0.676971,CP7_after_upper_clamp,   1,    0.0000000000E+00,    4.5130553801E+02,    4.5130553801E+02,    0.0000000000E+00,    0.0000000000E+00,    0.0000000000E+00,    4.5130553801E+02
    229500,      0.676971,CP8_after_OBC,   1,    0.0000000000E+00,    4.5130553801E+02,    4.5130553801E+02,    0.0000000000E+00,    0.0000000000E+00,    0.0000000000E+00,    4.5130553801E+02
    229500,      0.676971,CP9_after_PTsource,   1,    0.0000000000E+00,    4.5130553801E+02,    4.5130553801E+02,    0.0000000000E+00,    0.0000000000E+00,    0.0000000000E+00,    4.5130553801E+02
    229500,      0.676971,CP10_after_neg_clamp,   1,    0.0000000000E+00,    4.5130553801E+02,    4.5130553801E+02,    0.0000000000E+00,    0.0000000000E+00,    0.0000000000E+00,    4.5130553801E+02
    229500,      0.676971,CP11_after_MPI,   1,    0.0000000000E+00,    4.5130553801E+02,    4.5130553801E+02,    0.0000000000E+00,    0.0000000000E+00,    0.0000000000E+00,    4.5130553801E+02
    229500,      0.676971,CP12_end,   1,    0.0000000000E+00,    4.5130553801E+02,    4.5130553801E+02,    0.0000000000E+00,    0.0000000000E+00,    0.0000000000E+00,    4.5130553801E+02
    229550,      0.676971,CP0_start,   1,    0.0000000000E+00,    4.5148270984E+02,    4.5148270984E+02,    0.0000000000E+00,    0.0000000000E+00,    0.0000000000E+00,    4.5148270984E+02
    229550,      0.676971,CP1_after_deposition,   1,    0.0000000000E+00,    4.5148270984E+02,    4.5148270984E+02,    0.0000000000E+00,    0.0000000000E+00,    0.0000000000E+00,    4.5148270984E+02
    229550,      0.676971,CP2_after_erosion,   1,    0.0000000000E+00,    4.5148270984E+02,    4.5148270984E+02,    0.0000000000E+00,    0.0000000000E+00,    0.0000000000E+00,    4.5148270984E+02
    229550,      0.676971,CP3_after_update_bottom,   1,    0.0000000000E+00,    4.5148270984E+02,    4.5148270984E+02,    0.0000000000E+00,    0.0000000000E+00,    0.0000000000E+00,    4.5148270984E+02
    229550,      0.676971,CP4_after_advection,   1,    0.0000000000E+00,    4.5148337533E+02,    4.5148337533E+02,    0.0000000000E+00,    0.0000000000E+00,    0.0000000000E+00,    4.5148337533E+02
    229550,      0.676971,CP5_after_vdif,   1,    0.0000000000E+00,    4.5148337533E+02,    4.5148337533E+02,    0.0000000000E+00,    0.0000000000E+00,    0.0000000000E+00,    4.5148337533E+02
    229550,      0.676971,CP6_after_kinetics,   1,    0.0000000000E+00,    4.5148337533E+02,    4.5148337533E+02,    0.0000000000E+00,    0.0000000000E+00,    0.0000000000E+00,    4.5148337533E+02
    229550,      0.676971,CP7_after_upper_clamp,   1,    0.0000000000E+00,    4.5148337533E+02,    4.5148337533E+02,    0.0000000000E+00,    0.0000000000E+00,    0.0000000000E+00,    4.5148337533E+02
    229550,      0.676971,CP8_after_OBC,   1,    0.0000000000E+00,    4.5148337533E+02,    4.5148337533E+02,    0.0000000000E+00,    0.0000000000E+00,    0.0000000000E+00,    4.5148337533E+02
    229550,      0.676971,CP9_after_PTsource,   1,    0.0000000000E+00,    4.5148337533E+02,    4.5148337533E+02,    0.0000000000E+00,    0.0000000000E+00,    0.0000000000E+00,    4.5148337533E+02
    229550,      0.676971,CP10_after_neg_clamp,   1,    0.0000000000E+00,    4.5148337533E+02,    4.5148337533E+02,    0.0000000000E+00,    0.0000000000E+00,    0.0000000000E+00,    4.5148337533E+02
    229550,      0.676971,CP11_after_MPI,   1,    0.0000000000E+00,    4.5148337533E+02,    4.5148337533E+02,    0.0000000000E+00,    0.0000000000E+00,    0.0000000000E+00,    4.5148337533E+02
    229550,      0.676971,CP12_end,   1,    0.0000000000E+00,    4.5148337533E+02,    4.5148337533E+02,    0.0000000000E+00,    0.0000000000E+00,    0.0000000000E+00,    4.5148337533E+02
    229600,      0.676971,CP0_start,   1,    0.0000000000E+00,    4.5166207305E+02,    4.5166207305E+02,    0.0000000000E+00,    0.0000000000E+00,    0.0000000000E+00,    4.5166207305E+02
    229600,      0.676971,CP1_after_deposition,   1,    0.0000000000E+00,    4.5166207305E+02,    4.5166207305E+02,    0.0000000000E+00,    0.0000000000E+00,    0.0000000000E+00,    4.5166207305E+02
    229600,      0.676971,CP2_after_erosion,   1,    0.0000000000E+00,    4.5166207305E+02,    4.5166207305E+02,    0.0000000000E+00,    0.0000000000E+00,    0.0000000000E+00,    4.5166207305E+02
    229600,      0.676971,CP3_after_update_bottom,   1,    0.0000000000E+00,    4.5166207305E+02,    4.5166207305E+02,    0.0000000000E+00,    0.0000000000E+00,    0.0000000000E+00,    4.5166207305E+02
    229600,      0.676971,CP4_after_advection,   1,    0.0000000000E+00,    4.5166316160E+02,    4.5166316160E+02,    0.0000000000E+00,    0.0000000000E+00,    0.0000000000E+00,    4.5166316160E+02
    229600,      0.676971,CP5_after_vdif,   1,    0.0000000000E+00,    4.5166316160E+02,    4.5166316160E+02,    0.0000000000E+00,    0.0000000000E+00,    0.0000000000E+00,    4.5166316160E+02
    229600,      0.676971,CP6_after_kinetics,   1,    0.0000000000E+00,    4.5166316160E+02,    4.5166316160E+02,    0.0000000000E+00,    0.0000000000E+00,    0.0000000000E+00,    4.5166316160E+02
    229600,      0.676971,CP7_after_upper_clamp,   1,    0.0000000000E+00,    4.5166316160E+02,    4.5166316160E+02,    0.0000000000E+00,    0.0000000000E+00,    0.0000000000E+00,    4.5166316160E+02
    229600,      0.676971,CP8_after_OBC,   1,    0.0000000000E+00,    4.5166316160E+02,    4.5166316160E+02,    0.0000000000E+00,    0.0000000000E+00,    0.0000000000E+00,    4.5166316160E+02
    229600,      0.676971,CP9_after_PTsource,   1,    0.0000000000E+00,    4.5166316160E+02,    4.5166316160E+02,    0.0000000000E+00,    0.0000000000E+00,    0.0000000000E+00,    4.5166316160E+02
    229600,      0.676971,CP10_after_neg_clamp,   1,    0.0000000000E+00,    4.5166316160E+02,    4.5166316160E+02,    0.0000000000E+00,    0.0000000000E+00,    0.0000000000E+00,    4.5166316160E+02
    229600,      0.676971,CP11_after_MPI,   1,    0.0000000000E+00,    4.5166316160E+02,    4.5166316160E+02,    0.0000000000E+00,    0.0000000000E+00,    0.0000000000E+00,    4.5166316160E+02
    229600,      0.676971,CP12_end,   1,    0.0000000000E+00,    4.5166316160E+02,    4.5166316160E+02,    0.0000000000E+00,    0.0000000000E+00,    0.0000000000E+00,    4.5166316160E+02
    229650,      0.676971,CP0_start,   1,    0.0000000000E+00,    4.5184257534E+02,    4.5184257534E+02,    0.0000000000E+00,    0.0000000000E+00,    0.0000000000E+00,    4.5184257534E+02
    229650,      0.676971,CP1_after_deposition,   1,    0.0000000000E+00,    4.5184257534E+02,    4.5184257534E+02,    0.0000000000E+00,    0.0000000000E+00,    0.0000000000E+00,    4.5184257534E+02
    229650,      0.676971,CP2_after_erosion,   1,    0.0000000000E+00,    4.5184257534E+02,    4.5184257534E+02,    0.0000000000E+00,    0.0000000000E+00,    0.0000000000E+00,    4.5184257534E+02
    229650,      0.676971,CP3_after_update_bottom,   1,    0.0000000000E+00,    4.5184257534E+02,    4.5184257534E+02,    0.0000000000E+00,    0.0000000000E+00,    0.0000000000E+00,    4.5184257534E+02
    229650,      0.676971,CP4_after_advection,   1,    0.0000000000E+00,    4.5184408547E+02,    4.5184408547E+02,    0.0000000000E+00,    0.0000000000E+00,    0.0000000000E+00,    4.5184408547E+02
    229650,      0.676971,CP5_after_vdif,   1,    0.0000000000E+00,    4.5184408547E+02,    4.5184408547E+02,    0.0000000000E+00,    0.0000000000E+00,    0.0000000000E+00,    4.5184408547E+02
    229650,      0.676971,CP6_after_kinetics,   1,    0.0000000000E+00,    4.5184408547E+02,    4.5184408547E+02,    0.0000000000E+00,    0.0000000000E+00,    0.0000000000E+00,    4.5184408547E+02
    229650,      0.676971,CP7_after_upper_clamp,   1,    0.0000000000E+00,    4.5184408547E+02,    4.5184408547E+02,    0.0000000000E+00,    0.0000000000E+00,    0.0000000000E+00,    4.5184408547E+02
    229650,      0.676971,CP8_after_OBC,   1,    0.0000000000E+00,    4.5184408547E+02,    4.5184408547E+02,    0.0000000000E+00,    0.0000000000E+00,    0.0000000000E+00,    4.5184408547E+02
    229650,      0.676971,CP9_after_PTsource,   1,    0.0000000000E+00,    4.5184408547E+02,    4.5184408547E+02,    0.0000000000E+00,    0.0000000000E+00,    0.0000000000E+00,    4.5184408547E+02
    229650,      0.676971,CP10_after_neg_clamp,   1,    0.0000000000E+00,    4.5184408547E+02,    4.5184408547E+02,    0.0000000000E+00,    0.0000000000E+00,    0.0000000000E+00,    4.5184408547E+02
    229650,      0.676971,CP11_after_MPI,   1,    0.0000000000E+00,    4.5184408547E+02,    4.5184408547E+02,    0.0000000000E+00,    0.0000000000E+00,    0.0000000000E+00,    4.5184408547E+02
    229650,      0.676971,CP12_end,   1,    0.0000000000E+00,    4.5184408547E+02,    4.5184408547E+02,    0.0000000000E+00,    0.0000000000E+00,    0.0000000000E+00,    4.5184408547E+02
    229700,      0.676971,CP0_start,   1,    0.0000000000E+00,    4.5202330499E+02,    4.5202330499E+02,    0.0000000000E+00,    0.0000000000E+00,    0.0000000000E+00,    4.5202330499E+02
    229700,      0.676971,CP1_after_deposition,   1,    0.0000000000E+00,    4.5202330499E+02,    4.5202330499E+02,    0.0000000000E+00,    0.0000000000E+00,    0.0000000000E+00,    4.5202330499E+02
    229700,      0.676971,CP2_after_erosion,   1,    0.0000000000E+00,    4.5202330499E+02,    4.5202330499E+02,    0.0000000000E+00,    0.0000000000E+00,    0.0000000000E+00,    4.5202330499E+02
    229700,      0.676971,CP3_after_update_bottom,   1,    0.0000000000E+00,    4.5202330499E+02,    4.5202330499E+02,    0.0000000000E+00,    0.0000000000E+00,    0.0000000000E+00,    4.5202330499E+02
    229700,      0.676971,CP4_after_advection,   1,    0.0000000000E+00,    4.5202523041E+02,    4.5202523041E+02,    0.0000000000E+00,    0.0000000000E+00,    0.0000000000E+00,    4.5202523041E+02
    229700,      0.676971,CP5_after_vdif,   1,    0.0000000000E+00,    4.5202523041E+02,    4.5202523041E+02,    0.0000000000E+00,    0.0000000000E+00,    0.0000000000E+00,    4.5202523041E+02
    229700,      0.676971,CP6_after_kinetics,   1,    0.0000000000E+00,    4.5202523041E+02,    4.5202523041E+02,    0.0000000000E+00,    0.0000000000E+00,    0.0000000000E+00,    4.5202523041E+02
    229700,      0.676971,CP7_after_upper_clamp,   1,    0.0000000000E+00,    4.5202523041E+02,    4.5202523041E+02,    0.0000000000E+00,    0.0000000000E+00,    0.0000000000E+00,    4.5202523041E+02
    229700,      0.676971,CP8_after_OBC,   1,    0.0000000000E+00,    4.5202523041E+02,    4.5202523041E+02,    0.0000000000E+00,    0.0000000000E+00,    0.0000000000E+00,    4.5202523041E+02
    229700,      0.676971,CP9_after_PTsource,   1,    0.0000000000E+00,    4.5202523041E+02,    4.5202523041E+02,    0.0000000000E+00,    0.0000000000E+00,    0.0000000000E+00,    4.5202523041E+02
    229700,      0.676971,CP10_after_neg_clamp,   1,    0.0000000000E+00,    4.5202523041E+02,    4.5202523041E+02,    0.0000000000E+00,    0.0000000000E+00,    0.0000000000E+00,    4.5202523041E+02
    229700,      0.676971,CP11_after_MPI,   1,    0.0000000000E+00,    4.5202523041E+02,    4.5202523041E+02,    0.0000000000E+00,    0.0000000000E+00,    0.0000000000E+00,    4.5202523041E+02
    229700,      0.676971,CP12_end,   1,    0.0000000000E+00,    4.5202523041E+02,    4.5202523041E+02,    0.0000000000E+00,    0.0000000000E+00,    0.0000000000E+00,    4.5202523041E+02
    229750,      0.676971,CP0_start,   1,    0.0000000000E+00,    4.5220332459E+02,    4.5220332459E+02,    0.0000000000E+00,    0.0000000000E+00,    0.0000000000E+00,    4.5220332459E+02
    229750,      0.676971,CP1_after_deposition,   1,    0.0000000000E+00,    4.5220332459E+02,    4.5220332459E+02,    0.0000000000E+00,    0.0000000000E+00,    0.0000000000E+00,    4.5220332459E+02
    229750,      0.676971,CP2_after_erosion,   1,    0.0000000000E+00,    4.5220332459E+02,    4.5220332459E+02,    0.0000000000E+00,    0.0000000000E+00,    0.0000000000E+00,    4.5220332459E+02
    229750,      0.676971,CP3_after_update_bottom,   1,    0.0000000000E+00,    4.5220332459E+02,    4.5220332459E+02,    0.0000000000E+00,    0.0000000000E+00,    0.0000000000E+00,    4.5220332459E+02
    229750,      0.676971,CP4_after_advection,   1,    0.0000000000E+00,    4.5220565616E+02,    4.5220565616E+02,    0.0000000000E+00,    0.0000000000E+00,    0.0000000000E+00,    4.5220565616E+02
    229750,      0.676971,CP5_after_vdif,   1,    0.0000000000E+00,    4.5220565616E+02,    4.5220565616E+02,    0.0000000000E+00,    0.0000000000E+00,    0.0000000000E+00,    4.5220565616E+02
    229750,      0.676971,CP6_after_kinetics,   1,    0.0000000000E+00,    4.5220565616E+02,    4.5220565616E+02,    0.0000000000E+00,    0.0000000000E+00,    0.0000000000E+00,    4.5220565616E+02
    229750,      0.676971,CP7_after_upper_clamp,   1,    0.0000000000E+00,    4.5220565616E+02,    4.5220565616E+02,    0.0000000000E+00,    0.0000000000E+00,    0.0000000000E+00,    4.5220565616E+02
    229750,      0.676971,CP8_after_OBC,   1,    0.0000000000E+00,    4.5220565616E+02,    4.5220565616E+02,    0.0000000000E+00,    0.0000000000E+00,    0.0000000000E+00,    4.5220565616E+02
    229750,      0.676971,CP9_after_PTsource,   1,    0.0000000000E+00,    4.5220565616E+02,    4.5220565616E+02,    0.0000000000E+00,    0.0000000000E+00,    0.0000000000E+00,    4.5220565616E+02
    229750,      0.676971,CP10_after_neg_clamp,   1,    0.0000000000E+00,    4.5220565616E+02,    4.5220565616E+02,    0.0000000000E+00,    0.0000000000E+00,    0.0000000000E+00,    4.5220565616E+02
    229750,      0.676971,CP11_after_MPI,   1,    0.0000000000E+00,    4.5220565616E+02,    4.5220565616E+02,    0.0000000000E+00,    0.0000000000E+00,    0.0000000000E+00,    4.5220565616E+02
    229750,      0.676971,CP12_end,   1,    0.0000000000E+00,    4.5220565616E+02,    4.5220565616E+02,    0.0000000000E+00,    0.0000000000E+00,    0.0000000000E+00,    4.5220565616E+02
    229800,      0.676971,CP0_start,   1,    0.0000000000E+00,    4.5238173352E+02,    4.5238173352E+02,    0.0000000000E+00,    0.0000000000E+00,    0.0000000000E+00,    4.5238173352E+02
    229800,      0.676971,CP1_after_deposition,   1,    0.0000000000E+00,    4.5238173352E+02,    4.5238173352E+02,    0.0000000000E+00,    0.0000000000E+00,    0.0000000000E+00,    4.5238173352E+02
    229800,      0.676971,CP2_after_erosion,   1,    0.0000000000E+00,    4.5238173352E+02,    4.5238173352E+02,    0.0000000000E+00,    0.0000000000E+00,    0.0000000000E+00,    4.5238173352E+02
    229800,      0.676971,CP3_after_update_bottom,   1,    0.0000000000E+00,    4.5238173352E+02,    4.5238173352E+02,    0.0000000000E+00,    0.0000000000E+00,    0.0000000000E+00,    4.5238173352E+02
    229800,      0.676971,CP4_after_advection,   1,    0.0000000000E+00,    4.5238446213E+02,    4.5238446213E+02,    0.0000000000E+00,    0.0000000000E+00,    0.0000000000E+00,    4.5238446213E+02
    229800,      0.676971,CP5_after_vdif,   1,    0.0000000000E+00,    4.5238446213E+02,    4.5238446213E+02,    0.0000000000E+00,    0.0000000000E+00,    0.0000000000E+00,    4.5238446213E+02
    229800,      0.676971,CP6_after_kinetics,   1,    0.0000000000E+00,    4.5238446213E+02,    4.5238446213E+02,    0.0000000000E+00,    0.0000000000E+00,    0.0000000000E+00,    4.5238446213E+02
    229800,      0.676971,CP7_after_upper_clamp,   1,    0.0000000000E+00,    4.5238446213E+02,    4.5238446213E+02,    0.0000000000E+00,    0.0000000000E+00,    0.0000000000E+00,    4.5238446213E+02
    229800,      0.676971,CP8_after_OBC,   1,    0.0000000000E+00,    4.5238446213E+02,    4.5238446213E+02,    0.0000000000E+00,    0.0000000000E+00,    0.0000000000E+00,    4.5238446213E+02
    229800,      0.676971,CP9_after_PTsource,   1,    0.0000000000E+00,    4.5238446213E+02,    4.5238446213E+02,    0.0000000000E+00,    0.0000000000E+00,    0.0000000000E+00,    4.5238446213E+02
    229800,      0.676971,CP10_after_neg_clamp,   1,    0.0000000000E+00,    4.5238446213E+02,    4.5238446213E+02,    0.0000000000E+00,    0.0000000000E+00,    0.0000000000E+00,    4.5238446213E+02
    229800,      0.676971,CP11_after_MPI,   1,    0.0000000000E+00,    4.5238446213E+02,    4.5238446213E+02,    0.0000000000E+00,    0.0000000000E+00,    0.0000000000E+00,    4.5238446213E+02
    229800,      0.676971,CP12_end,   1,    0.0000000000E+00,    4.5238446213E+02,    4.5238446213E+02,    0.0000000000E+00,    0.0000000000E+00,    0.0000000000E+00,    4.5238446213E+02
    229850,      0.676971,CP0_start,   1,    0.0000000000E+00,    4.5255710307E+02,    4.5255710307E+02,    0.0000000000E+00,    0.0000000000E+00,    0.0000000000E+00,    4.5255710307E+02
    229850,      0.676971,CP1_after_deposition,   1,    0.0000000000E+00,    4.5255710307E+02,    4.5255710307E+02,    0.0000000000E+00,    0.0000000000E+00,    0.0000000000E+00,    4.5255710307E+02
    229850,      0.676971,CP2_after_erosion,   1,    0.0000000000E+00,    4.5255710307E+02,    4.5255710307E+02,    0.0000000000E+00,    0.0000000000E+00,    0.0000000000E+00,    4.5255710307E+02
    229850,      0.676971,CP3_after_update_bottom,   1,    0.0000000000E+00,    4.5255710307E+02,    4.5255710307E+02,    0.0000000000E+00,    0.0000000000E+00,    0.0000000000E+00,    4.5255710307E+02
    229850,      0.676971,CP4_after_advection,   1,    0.0000000000E+00,    4.5256019036E+02,    4.5256019036E+02,    0.0000000000E+00,    0.0000000000E+00,    0.0000000000E+00,    4.5256019036E+02
    229850,      0.676971,CP5_after_vdif,   1,    0.0000000000E+00,    4.5256019036E+02,    4.5256019036E+02,    0.0000000000E+00,    0.0000000000E+00,    0.0000000000E+00,    4.5256019036E+02
    229850,      0.676971,CP6_after_kinetics,   1,    0.0000000000E+00,    4.5256019036E+02,    4.5256019036E+02,    0.0000000000E+00,    0.0000000000E+00,    0.0000000000E+00,    4.5256019036E+02
    229850,      0.676971,CP7_after_upper_clamp,   1,    0.0000000000E+00,    4.5256019036E+02,    4.5256019036E+02,    0.0000000000E+00,    0.0000000000E+00,    0.0000000000E+00,    4.5256019036E+02
    229850,      0.676971,CP8_after_OBC,   1,    0.0000000000E+00,    4.5256019036E+02,    4.5256019036E+02,    0.0000000000E+00,    0.0000000000E+00,    0.0000000000E+00,    4.5256019036E+02
    229850,      0.676971,CP9_after_PTsource,   1,    0.0000000000E+00,    4.5256019036E+02,    4.5256019036E+02,    0.0000000000E+00,    0.0000000000E+00,    0.0000000000E+00,    4.5256019036E+02
    229850,      0.676971,CP10_after_neg_clamp,   1,    0.0000000000E+00,    4.5256019036E+02,    4.5256019036E+02,    0.0000000000E+00,    0.0000000000E+00,    0.0000000000E+00,    4.5256019036E+02
    229850,      0.676971,CP11_after_MPI,   1,    0.0000000000E+00,    4.5256019036E+02,    4.5256019036E+02,    0.0000000000E+00,    0.0000000000E+00,    0.0000000000E+00,    4.5256019036E+02
    229850,      0.676971,CP12_end,   1,    0.0000000000E+00,    4.5256019036E+02,    4.5256019036E+02,    0.0000000000E+00,    0.0000000000E+00,    0.0000000000E+00,    4.5256019036E+02
    229900,      0.676971,CP0_start,   1,    0.0000000000E+00,    4.5272744460E+02,    4.5272744460E+02,    0.0000000000E+00,    0.0000000000E+00,    0.0000000000E+00,    4.5272744460E+02
    229900,      0.676971,CP1_after_deposition,   1,    0.0000000000E+00,    4.5272744460E+02,    4.5272744460E+02,    0.0000000000E+00,    0.0000000000E+00,    0.0000000000E+00,    4.5272744460E+02
    229900,      0.676971,CP2_after_erosion,   1,    0.0000000000E+00,    4.5272744460E+02,    4.5272744460E+02,    0.0000000000E+00,    0.0000000000E+00,    0.0000000000E+00,    4.5272744460E+02
    229900,      0.676971,CP3_after_update_bottom,   1,    0.0000000000E+00,    4.5272744460E+02,    4.5272744460E+02,    0.0000000000E+00,    0.0000000000E+00,    0.0000000000E+00,    4.5272744460E+02
    229900,      0.676971,CP4_after_advection,   1,    0.0000000000E+00,    4.5273084916E+02,    4.5273084916E+02,    0.0000000000E+00,    0.0000000000E+00,    0.0000000000E+00,    4.5273084916E+02
    229900,      0.676971,CP5_after_vdif,   1,    0.0000000000E+00,    4.5273084916E+02,    4.5273084916E+02,    0.0000000000E+00,    0.0000000000E+00,    0.0000000000E+00,    4.5273084916E+02
    229900,      0.676971,CP6_after_kinetics,   1,    0.0000000000E+00,    4.5273084916E+02,    4.5273084916E+02,    0.0000000000E+00,    0.0000000000E+00,    0.0000000000E+00,    4.5273084916E+02
    229900,      0.676971,CP7_after_upper_clamp,   1,    0.0000000000E+00,    4.5273084916E+02,    4.5273084916E+02,    0.0000000000E+00,    0.0000000000E+00,    0.0000000000E+00,    4.5273084916E+02
    229900,      0.676971,CP8_after_OBC,   1,    0.0000000000E+00,    4.5273084916E+02,    4.5273084916E+02,    0.0000000000E+00,    0.0000000000E+00,    0.0000000000E+00,    4.5273084916E+02
    229900,      0.676971,CP9_after_PTsource,   1,    0.0000000000E+00,    4.5273084916E+02,    4.5273084916E+02,    0.0000000000E+00,    0.0000000000E+00,    0.0000000000E+00,    4.5273084916E+02
    229900,      0.676971,CP10_after_neg_clamp,   1,    0.0000000000E+00,    4.5273084916E+02,    4.5273084916E+02,    0.0000000000E+00,    0.0000000000E+00,    0.0000000000E+00,    4.5273084916E+02
    229900,      0.676971,CP11_after_MPI,   1,    0.0000000000E+00,    4.5273084916E+02,    4.5273084916E+02,    0.0000000000E+00,    0.0000000000E+00,    0.0000000000E+00,    4.5273084916E+02
    229900,      0.676971,CP12_end,   1,    0.0000000000E+00,    4.5273084916E+02,    4.5273084916E+02,    0.0000000000E+00,    0.0000000000E+00,    0.0000000000E+00,    4.5273084916E+02
    229950,      0.676971,CP0_start,   1,    0.0000000000E+00,    4.5289088908E+02,    4.5289088908E+02,    0.0000000000E+00,    0.0000000000E+00,    0.0000000000E+00,    4.5289088908E+02
    229950,      0.676971,CP1_after_deposition,   1,    0.0000000000E+00,    4.5289088908E+02,    4.5289088908E+02,    0.0000000000E+00,    0.0000000000E+00,    0.0000000000E+00,    4.5289088908E+02
    229950,      0.676971,CP2_after_erosion,   1,    0.0000000000E+00,    4.5289088908E+02,    4.5289088908E+02,    0.0000000000E+00,    0.0000000000E+00,    0.0000000000E+00,    4.5289088908E+02
    229950,      0.676971,CP3_after_update_bottom,   1,    0.0000000000E+00,    4.5289088908E+02,    4.5289088908E+02,    0.0000000000E+00,    0.0000000000E+00,    0.0000000000E+00,    4.5289088908E+02
    229950,      0.676971,CP4_after_advection,   1,    0.0000000000E+00,    4.5289458749E+02,    4.5289458749E+02,    0.0000000000E+00,    0.0000000000E+00,    0.0000000000E+00,    4.5289458749E+02
    229950,      0.676971,CP5_after_vdif,   1,    0.0000000000E+00,    4.5289458749E+02,    4.5289458749E+02,    0.0000000000E+00,    0.0000000000E+00,    0.0000000000E+00,    4.5289458749E+02
    229950,      0.676971,CP6_after_kinetics,   1,    0.0000000000E+00,    4.5289458749E+02,    4.5289458749E+02,    0.0000000000E+00,    0.0000000000E+00,    0.0000000000E+00,    4.5289458749E+02
    229950,      0.676971,CP7_after_upper_clamp,   1,    0.0000000000E+00,    4.5289458749E+02,    4.5289458749E+02,    0.0000000000E+00,    0.0000000000E+00,    0.0000000000E+00,    4.5289458749E+02
    229950,      0.676971,CP8_after_OBC,   1,    0.0000000000E+00,    4.5289458749E+02,    4.5289458749E+02,    0.0000000000E+00,    0.0000000000E+00,    0.0000000000E+00,    4.5289458749E+02
    229950,      0.676971,CP9_after_PTsource,   1,    0.0000000000E+00,    4.5289458749E+02,    4.5289458749E+02,    0.0000000000E+00,    0.0000000000E+00,    0.0000000000E+00,    4.5289458749E+02
    229950,      0.676971,CP10_after_neg_clamp,   1,    0.0000000000E+00,    4.5289458749E+02,    4.5289458749E+02,    0.0000000000E+00,    0.0000000000E+00,    0.0000000000E+00,    4.5289458749E+02
    229950,      0.676971,CP11_after_MPI,   1,    0.0000000000E+00,    4.5289458749E+02,    4.5289458749E+02,    0.0000000000E+00,    0.0000000000E+00,    0.0000000000E+00,    4.5289458749E+02
    229950,      0.676971,CP12_end,   1,    0.0000000000E+00,    4.5289458749E+02,    4.5289458749E+02,    0.0000000000E+00,    0.0000000000E+00,    0.0000000000E+00,    4.5289458749E+02
    230000,      0.676971,CP0_start,   1,    0.0000000000E+00,    4.5304717382E+02,    4.5304717382E+02,    0.0000000000E+00,    0.0000000000E+00,    0.0000000000E+00,    4.5304717382E+02
    230000,      0.676971,CP1_after_deposition,   1,    0.0000000000E+00,    4.5304717382E+02,    4.5304717382E+02,    0.0000000000E+00,    0.0000000000E+00,    0.0000000000E+00,    4.5304717382E+02
    230000,      0.676971,CP2_after_erosion,   1,    0.0000000000E+00,    4.5304717382E+02,    4.5304717382E+02,    0.0000000000E+00,    0.0000000000E+00,    0.0000000000E+00,    4.5304717382E+02
    230000,      0.676971,CP3_after_update_bottom,   1,    0.0000000000E+00,    4.5304717382E+02,    4.5304717382E+02,    0.0000000000E+00,    0.0000000000E+00,    0.0000000000E+00,    4.5304717382E+02
    230000,      0.676971,CP4_after_advection,   1,    0.0000000000E+00,    4.5305117675E+02,    4.5305117675E+02,    0.0000000000E+00,    0.0000000000E+00,    0.0000000000E+00,    4.5305117675E+02
    230000,      0.676971,CP5_after_vdif,   1,    0.0000000000E+00,    4.5305117675E+02,    4.5305117675E+02,    0.0000000000E+00,    0.0000000000E+00,    0.0000000000E+00,    4.5305117675E+02
    230000,      0.676971,CP6_after_kinetics,   1,    0.0000000000E+00,    4.5305117675E+02,    4.5305117675E+02,    0.0000000000E+00,    0.0000000000E+00,    0.0000000000E+00,    4.5305117675E+02
    230000,      0.676971,CP7_after_upper_clamp,   1,    0.0000000000E+00,    4.5305117675E+02,    4.5305117675E+02,    0.0000000000E+00,    0.0000000000E+00,    0.0000000000E+00,    4.5305117675E+02
    230000,      0.676971,CP8_after_OBC,   1,    0.0000000000E+00,    4.5305117675E+02,    4.5305117675E+02,    0.0000000000E+00,    0.0000000000E+00,    0.0000000000E+00,    4.5305117675E+02
    230000,      0.676971,CP9_after_PTsource,   1,    0.0000000000E+00,    4.5305117675E+02,    4.5305117675E+02,    0.0000000000E+00,    0.0000000000E+00,    0.0000000000E+00,    4.5305117675E+02
    230000,      0.676971,CP10_after_neg_clamp,   1,    0.0000000000E+00,    4.5305117675E+02,    4.5305117675E+02,    0.0000000000E+00,    0.0000000000E+00,    0.0000000000E+00,    4.5305117675E+02
    230000,      0.676971,CP11_after_MPI,   1,    0.0000000000E+00,    4.5305117675E+02,    4.5305117675E+02,    0.0000000000E+00,    0.0000000000E+00,    0.0000000000E+00,    4.5305117675E+02
    230000,      0.676971,CP12_end,   1,    0.0000000000E+00,    4.5305117675E+02,    4.5305117675E+02,    0.0000000000E+00,    0.0000000000E+00,    0.0000000000E+00,    4.5305117675E+02
    230050,      0.676971,CP0_start,   1,    0.0000000000E+00,    4.5319792976E+02,    4.5319792976E+02,    0.0000000000E+00,    0.0000000000E+00,    0.0000000000E+00,    4.5319792976E+02
    230050,      0.676971,CP1_after_deposition,   1,    0.0000000000E+00,    4.5319792976E+02,    4.5319792976E+02,    0.0000000000E+00,    0.0000000000E+00,    0.0000000000E+00,    4.5319792976E+02
    230050,      0.676971,CP2_after_erosion,   1,    0.0000000000E+00,    4.5319792976E+02,    4.5319792976E+02,    0.0000000000E+00,    0.0000000000E+00,    0.0000000000E+00,    4.5319792976E+02
    230050,      0.676971,CP3_after_update_bottom,   1,    0.0000000000E+00,    4.5319792976E+02,    4.5319792976E+02,    0.0000000000E+00,    0.0000000000E+00,    0.0000000000E+00,    4.5319792976E+02
    230050,      0.676971,CP4_after_advection,   1,    0.0000000000E+00,    4.5320226894E+02,    4.5320226894E+02,    0.0000000000E+00,    0.0000000000E+00,    0.0000000000E+00,    4.5320226894E+02
    230050,      0.676971,CP5_after_vdif,   1,    0.0000000000E+00,    4.5320226894E+02,    4.5320226894E+02,    0.0000000000E+00,    0.0000000000E+00,    0.0000000000E+00,    4.5320226894E+02
    230050,      0.676971,CP6_after_kinetics,   1,    0.0000000000E+00,    4.5320226894E+02,    4.5320226894E+02,    0.0000000000E+00,    0.0000000000E+00,    0.0000000000E+00,    4.5320226894E+02
    230050,      0.676971,CP7_after_upper_clamp,   1,    0.0000000000E+00,    4.5320226894E+02,    4.5320226894E+02,    0.0000000000E+00,    0.0000000000E+00,    0.0000000000E+00,    4.5320226894E+02
    230050,      0.676971,CP8_after_OBC,   1,    0.0000000000E+00,    4.5320226894E+02,    4.5320226894E+02,    0.0000000000E+00,    0.0000000000E+00,    0.0000000000E+00,    4.5320226894E+02
    230050,      0.676971,CP9_after_PTsource,   1,    0.0000000000E+00,    4.5320226894E+02,    4.5320226894E+02,    0.0000000000E+00,    0.0000000000E+00,    0.0000000000E+00,    4.5320226894E+02
    230050,      0.676971,CP10_after_neg_clamp,   1,    0.0000000000E+00,    4.5320226894E+02,    4.5320226894E+02,    0.0000000000E+00,    0.0000000000E+00,    0.0000000000E+00,    4.5320226894E+02
    230050,      0.676971,CP11_after_MPI,   1,    0.0000000000E+00,    4.5320226894E+02,    4.5320226894E+02,    0.0000000000E+00,    0.0000000000E+00,    0.0000000000E+00,    4.5320226894E+02
    230050,      0.676971,CP12_end,   1,    0.0000000000E+00,    4.5320226894E+02,    4.5320226894E+02,    0.0000000000E+00,    0.0000000000E+00,    0.0000000000E+00,    4.5320226894E+02
    230100,      0.676971,CP0_start,   1,    0.0000000000E+00,    4.5334510237E+02,    4.5334510237E+02,    0.0000000000E+00,    0.0000000000E+00,    0.0000000000E+00,    4.5334510237E+02
    230100,      0.676971,CP1_after_deposition,   1,    0.0000000000E+00,    4.5334510237E+02,    4.5334510237E+02,    0.0000000000E+00,    0.0000000000E+00,    0.0000000000E+00,    4.5334510237E+02
    230100,      0.676971,CP2_after_erosion,   1,    0.0000000000E+00,    4.5334510237E+02,    4.5334510237E+02,    0.0000000000E+00,    0.0000000000E+00,    0.0000000000E+00,    4.5334510237E+02
    230100,      0.676971,CP3_after_update_bottom,   1,    0.0000000000E+00,    4.5334510237E+02,    4.5334510237E+02,    0.0000000000E+00,    0.0000000000E+00,    0.0000000000E+00,    4.5334510237E+02
    230100,      0.676971,CP4_after_advection,   1,    0.0000000000E+00,    4.5334981189E+02,    4.5334981189E+02,    0.0000000000E+00,    0.0000000000E+00,    0.0000000000E+00,    4.5334981189E+02
    230100,      0.676971,CP5_after_vdif,   1,    0.0000000000E+00,    4.5334981189E+02,    4.5334981189E+02,    0.0000000000E+00,    0.0000000000E+00,    0.0000000000E+00,    4.5334981189E+02
    230100,      0.676971,CP6_after_kinetics,   1,    0.0000000000E+00,    4.5334981189E+02,    4.5334981189E+02,    0.0000000000E+00,    0.0000000000E+00,    0.0000000000E+00,    4.5334981189E+02
    230100,      0.676971,CP7_after_upper_clamp,   1,    0.0000000000E+00,    4.5334981189E+02,    4.5334981189E+02,    0.0000000000E+00,    0.0000000000E+00,    0.0000000000E+00,    4.5334981189E+02
    230100,      0.676971,CP8_after_OBC,   1,    0.0000000000E+00,    4.5334981189E+02,    4.5334981189E+02,    0.0000000000E+00,    0.0000000000E+00,    0.0000000000E+00,    4.5334981189E+02
    230100,      0.676971,CP9_after_PTsource,   1,    0.0000000000E+00,    4.5334981189E+02,    4.5334981189E+02,    0.0000000000E+00,    0.0000000000E+00,    0.0000000000E+00,    4.5334981189E+02
    230100,      0.676971,CP10_after_neg_clamp,   1,    0.0000000000E+00,    4.5334981189E+02,    4.5334981189E+02,    0.0000000000E+00,    0.0000000000E+00,    0.0000000000E+00,    4.5334981189E+02
    230100,      0.676971,CP11_after_MPI,   1,    0.0000000000E+00,    4.5334981189E+02,    4.5334981189E+02,    0.0000000000E+00,    0.0000000000E+00,    0.0000000000E+00,    4.5334981189E+02
    230100,      0.676971,CP12_end,   1,    0.0000000000E+00,    4.5334981189E+02,    4.5334981189E+02,    0.0000000000E+00,    0.0000000000E+00,    0.0000000000E+00,    4.5334981189E+02
    230150,      0.676971,CP0_start,   1,    0.0000000000E+00,    4.5349076959E+02,    4.5349076959E+02,    0.0000000000E+00,    0.0000000000E+00,    0.0000000000E+00,    4.5349076959E+02
    230150,      0.676971,CP1_after_deposition,   1,    0.0000000000E+00,    4.5349076959E+02,    4.5349076959E+02,    0.0000000000E+00,    0.0000000000E+00,    0.0000000000E+00,    4.5349076959E+02
    230150,      0.676971,CP2_after_erosion,   1,    0.0000000000E+00,    4.5349076959E+02,    4.5349076959E+02,    0.0000000000E+00,    0.0000000000E+00,    0.0000000000E+00,    4.5349076959E+02
    230150,      0.676971,CP3_after_update_bottom,   1,    0.0000000000E+00,    4.5349076959E+02,    4.5349076959E+02,    0.0000000000E+00,    0.0000000000E+00,    0.0000000000E+00,    4.5349076959E+02
    230150,      0.676971,CP4_after_advection,   1,    0.0000000000E+00,    4.5349588576E+02,    4.5349588576E+02,    0.0000000000E+00,    0.0000000000E+00,    0.0000000000E+00,    4.5349588576E+02
    230150,      0.676971,CP5_after_vdif,   1,    0.0000000000E+00,    4.5349588576E+02,    4.5349588576E+02,    0.0000000000E+00,    0.0000000000E+00,    0.0000000000E+00,    4.5349588576E+02
    230150,      0.676971,CP6_after_kinetics,   1,    0.0000000000E+00,    4.5349588576E+02,    4.5349588576E+02,    0.0000000000E+00,    0.0000000000E+00,    0.0000000000E+00,    4.5349588576E+02
    230150,      0.676971,CP7_after_upper_clamp,   1,    0.0000000000E+00,    4.5349588576E+02,    4.5349588576E+02,    0.0000000000E+00,    0.0000000000E+00,    0.0000000000E+00,    4.5349588576E+02
    230150,      0.676971,CP8_after_OBC,   1,    0.0000000000E+00,    4.5349588576E+02,    4.5349588576E+02,    0.0000000000E+00,    0.0000000000E+00,    0.0000000000E+00,    4.5349588576E+02
    230150,      0.676971,CP9_after_PTsource,   1,    0.0000000000E+00,    4.5349588576E+02,    4.5349588576E+02,    0.0000000000E+00,    0.0000000000E+00,    0.0000000000E+00,    4.5349588576E+02
    230150,      0.676971,CP10_after_neg_clamp,   1,    0.0000000000E+00,    4.5349588576E+02,    4.5349588576E+02,    0.0000000000E+00,    0.0000000000E+00,    0.0000000000E+00,    4.5349588576E+02
    230150,      0.676971,CP11_after_MPI,   1,    0.0000000000E+00,    4.5349588576E+02,    4.5349588576E+02,    0.0000000000E+00,    0.0000000000E+00,    0.0000000000E+00,    4.5349588576E+02
    230150,      0.676971,CP12_end,   1,    0.0000000000E+00,    4.5349588576E+02,    4.5349588576E+02,    0.0000000000E+00,    0.0000000000E+00,    0.0000000000E+00,    4.5349588576E+02
    230200,      0.676971,CP0_start,   1,    0.0000000000E+00,    4.5363727724E+02,    4.5363727724E+02,    0.0000000000E+00,    0.0000000000E+00,    0.0000000000E+00,    4.5363727724E+02
    230200,      0.676971,CP1_after_deposition,   1,    0.0000000000E+00,    4.5363727724E+02,    4.5363727724E+02,    0.0000000000E+00,    0.0000000000E+00,    0.0000000000E+00,    4.5363727724E+02
    230200,      0.676971,CP2_after_erosion,   1,    0.0000000000E+00,    4.5363727724E+02,    4.5363727724E+02,    0.0000000000E+00,    0.0000000000E+00,    0.0000000000E+00,    4.5363727724E+02
    230200,      0.676971,CP3_after_update_bottom,   1,    0.0000000000E+00,    4.5363727724E+02,    4.5363727724E+02,    0.0000000000E+00,    0.0000000000E+00,    0.0000000000E+00,    4.5363727724E+02
    230200,      0.676971,CP4_after_advection,   1,    0.0000000000E+00,    4.5364282386E+02,    4.5364282386E+02,    0.0000000000E+00,    0.0000000000E+00,    0.0000000000E+00,    4.5364282386E+02
    230200,      0.676971,CP5_after_vdif,   1,    0.0000000000E+00,    4.5364282386E+02,    4.5364282386E+02,    0.0000000000E+00,    0.0000000000E+00,    0.0000000000E+00,    4.5364282386E+02
    230200,      0.676971,CP6_after_kinetics,   1,    0.0000000000E+00,    4.5364282386E+02,    4.5364282386E+02,    0.0000000000E+00,    0.0000000000E+00,    0.0000000000E+00,    4.5364282386E+02
    230200,      0.676971,CP7_after_upper_clamp,   1,    0.0000000000E+00,    4.5364282386E+02,    4.5364282386E+02,    0.0000000000E+00,    0.0000000000E+00,    0.0000000000E+00,    4.5364282386E+02
    230200,      0.676971,CP8_after_OBC,   1,    0.0000000000E+00,    4.5364282386E+02,    4.5364282386E+02,    0.0000000000E+00,    0.0000000000E+00,    0.0000000000E+00,    4.5364282386E+02
    230200,      0.676971,CP9_after_PTsource,   1,    0.0000000000E+00,    4.5364282386E+02,    4.5364282386E+02,    0.0000000000E+00,    0.0000000000E+00,    0.0000000000E+00,    4.5364282386E+02
    230200,      0.676971,CP10_after_neg_clamp,   1,    0.0000000000E+00,    4.5364282386E+02,    4.5364282386E+02,    0.0000000000E+00,    0.0000000000E+00,    0.0000000000E+00,    4.5364282386E+02
    230200,      0.676971,CP11_after_MPI,   1,    0.0000000000E+00,    4.5364282386E+02,    4.5364282386E+02,    0.0000000000E+00,    0.0000000000E+00,    0.0000000000E+00,    4.5364282386E+02
    230200,      0.676971,CP12_end,   1,    0.0000000000E+00,    4.5364282386E+02,    4.5364282386E+02,    0.0000000000E+00,    0.0000000000E+00,    0.0000000000E+00,    4.5364282386E+02
    230250,      0.676971,CP0_start,   1,    0.0000000000E+00,    4.5378666671E+02,    4.5378666671E+02,    0.0000000000E+00,    0.0000000000E+00,    0.0000000000E+00,    4.5378666671E+02
    230250,      0.676971,CP1_after_deposition,   1,    0.0000000000E+00,    4.5378666671E+02,    4.5378666671E+02,    0.0000000000E+00,    0.0000000000E+00,    0.0000000000E+00,    4.5378666671E+02
    230250,      0.676971,CP2_after_erosion,   1,    0.0000000000E+00,    4.5378666671E+02,    4.5378666671E+02,    0.0000000000E+00,    0.0000000000E+00,    0.0000000000E+00,    4.5378666671E+02
    230250,      0.676971,CP3_after_update_bottom,   1,    0.0000000000E+00,    4.5378666671E+02,    4.5378666671E+02,    0.0000000000E+00,    0.0000000000E+00,    0.0000000000E+00,    4.5378666671E+02
    230250,      0.676971,CP4_after_advection,   1,    0.0000000000E+00,    4.5379267895E+02,    4.5379267895E+02,    0.0000000000E+00,    0.0000000000E+00,    0.0000000000E+00,    4.5379267895E+02
    230250,      0.676971,CP5_after_vdif,   1,    0.0000000000E+00,    4.5379267895E+02,    4.5379267895E+02,    0.0000000000E+00,    0.0000000000E+00,    0.0000000000E+00,    4.5379267895E+02
    230250,      0.676971,CP6_after_kinetics,   1,    0.0000000000E+00,    4.5379267895E+02,    4.5379267895E+02,    0.0000000000E+00,    0.0000000000E+00,    0.0000000000E+00,    4.5379267895E+02
    230250,      0.676971,CP7_after_upper_clamp,   1,    0.0000000000E+00,    4.5379267895E+02,    4.5379267895E+02,    0.0000000000E+00,    0.0000000000E+00,    0.0000000000E+00,    4.5379267895E+02
    230250,      0.676971,CP8_after_OBC,   1,    0.0000000000E+00,    4.5379267895E+02,    4.5379267895E+02,    0.0000000000E+00,    0.0000000000E+00,    0.0000000000E+00,    4.5379267895E+02
    230250,      0.676971,CP9_after_PTsource,   1,    0.0000000000E+00,    4.5379267895E+02,    4.5379267895E+02,    0.0000000000E+00,    0.0000000000E+00,    0.0000000000E+00,    4.5379267895E+02
    230250,      0.676971,CP10_after_neg_clamp,   1,    0.0000000000E+00,    4.5379267895E+02,    4.5379267895E+02,    0.0000000000E+00,    0.0000000000E+00,    0.0000000000E+00,    4.5379267895E+02
    230250,      0.676971,CP11_after_MPI,   1,    0.0000000000E+00,    4.5379267895E+02,    4.5379267895E+02,    0.0000000000E+00,    0.0000000000E+00,    0.0000000000E+00,    4.5379267895E+02
    230250,      0.676971,CP12_end,   1,    0.0000000000E+00,    4.5379267895E+02,    4.5379267895E+02,    0.0000000000E+00,    0.0000000000E+00,    0.0000000000E+00,    4.5379267895E+02
    230300,      0.676971,CP0_start,   1,    0.0000000000E+00,    4.5394077643E+02,    4.5394077643E+02,    0.0000000000E+00,    0.0000000000E+00,    0.0000000000E+00,    4.5394077643E+02
    230300,      0.676971,CP1_after_deposition,   1,    0.0000000000E+00,    4.5394077643E+02,    4.5394077643E+02,    0.0000000000E+00,    0.0000000000E+00,    0.0000000000E+00,    4.5394077643E+02
    230300,      0.676971,CP2_after_erosion,   1,    0.0000000000E+00,    4.5394077643E+02,    4.5394077643E+02,    0.0000000000E+00,    0.0000000000E+00,    0.0000000000E+00,    4.5394077643E+02
    230300,      0.676971,CP3_after_update_bottom,   1,    0.0000000000E+00,    4.5394077643E+02,    4.5394077643E+02,    0.0000000000E+00,    0.0000000000E+00,    0.0000000000E+00,    4.5394077643E+02
    230300,      0.676971,CP4_after_advection,   1,    0.0000000000E+00,    4.5394729751E+02,    4.5394729751E+02,    0.0000000000E+00,    0.0000000000E+00,    0.0000000000E+00,    4.5394729751E+02
    230300,      0.676971,CP5_after_vdif,   1,    0.0000000000E+00,    4.5394729751E+02,    4.5394729751E+02,    0.0000000000E+00,    0.0000000000E+00,    0.0000000000E+00,    4.5394729751E+02
    230300,      0.676971,CP6_after_kinetics,   1,    0.0000000000E+00,    4.5394729751E+02,    4.5394729751E+02,    0.0000000000E+00,    0.0000000000E+00,    0.0000000000E+00,    4.5394729751E+02
    230300,      0.676971,CP7_after_upper_clamp,   1,    0.0000000000E+00,    4.5394729751E+02,    4.5394729751E+02,    0.0000000000E+00,    0.0000000000E+00,    0.0000000000E+00,    4.5394729751E+02
    230300,      0.676971,CP8_after_OBC,   1,    0.0000000000E+00,    4.5394729751E+02,    4.5394729751E+02,    0.0000000000E+00,    0.0000000000E+00,    0.0000000000E+00,    4.5394729751E+02
    230300,      0.676971,CP9_after_PTsource,   1,    0.0000000000E+00,    4.5394729751E+02,    4.5394729751E+02,    0.0000000000E+00,    0.0000000000E+00,    0.0000000000E+00,    4.5394729751E+02
    230300,      0.676971,CP10_after_neg_clamp,   1,    0.0000000000E+00,    4.5394729751E+02,    4.5394729751E+02,    0.0000000000E+00,    0.0000000000E+00,    0.0000000000E+00,    4.5394729751E+02
    230300,      0.676971,CP11_after_MPI,   1,    0.0000000000E+00,    4.5394729751E+02,    4.5394729751E+02,    0.0000000000E+00,    0.0000000000E+00,    0.0000000000E+00,    4.5394729751E+02
    230300,      0.676971,CP12_end,   1,    0.0000000000E+00,    4.5394729751E+02,    4.5394729751E+02,    0.0000000000E+00,    0.0000000000E+00,    0.0000000000E+00,    4.5394729751E+02
    230350,      0.676971,CP0_start,   1,    0.0000000000E+00,    4.5410172494E+02,    4.5410172494E+02,    0.0000000000E+00,    0.0000000000E+00,    0.0000000000E+00,    4.5410172494E+02
    230350,      0.676971,CP1_after_deposition,   1,    0.0000000000E+00,    4.5410172494E+02,    4.5410172494E+02,    0.0000000000E+00,    0.0000000000E+00,    0.0000000000E+00,    4.5410172494E+02
    230350,      0.676971,CP2_after_erosion,   1,    0.0000000000E+00,    4.5410172494E+02,    4.5410172494E+02,    0.0000000000E+00,    0.0000000000E+00,    0.0000000000E+00,    4.5410172494E+02
    230350,      0.676971,CP3_after_update_bottom,   1,    0.0000000000E+00,    4.5410172494E+02,    4.5410172494E+02,    0.0000000000E+00,    0.0000000000E+00,    0.0000000000E+00,    4.5410172494E+02
    230350,      0.676971,CP4_after_advection,   1,    0.0000000000E+00,    4.5410879990E+02,    4.5410879990E+02,    0.0000000000E+00,    0.0000000000E+00,    0.0000000000E+00,    4.5410879990E+02
    230350,      0.676971,CP5_after_vdif,   1,    0.0000000000E+00,    4.5410879990E+02,    4.5410879990E+02,    0.0000000000E+00,    0.0000000000E+00,    0.0000000000E+00,    4.5410879990E+02
    230350,      0.676971,CP6_after_kinetics,   1,    0.0000000000E+00,    4.5410879990E+02,    4.5410879990E+02,    0.0000000000E+00,    0.0000000000E+00,    0.0000000000E+00,    4.5410879990E+02
    230350,      0.676971,CP7_after_upper_clamp,   1,    0.0000000000E+00,    4.5410879990E+02,    4.5410879990E+02,    0.0000000000E+00,    0.0000000000E+00,    0.0000000000E+00,    4.5410879990E+02
    230350,      0.676971,CP8_after_OBC,   1,    0.0000000000E+00,    4.5410879990E+02,    4.5410879990E+02,    0.0000000000E+00,    0.0000000000E+00,    0.0000000000E+00,    4.5410879990E+02
    230350,      0.676971,CP9_after_PTsource,   1,    0.0000000000E+00,    4.5410879990E+02,    4.5410879990E+02,    0.0000000000E+00,    0.0000000000E+00,    0.0000000000E+00,    4.5410879990E+02
    230350,      0.676971,CP10_after_neg_clamp,   1,    0.0000000000E+00,    4.5410879990E+02,    4.5410879990E+02,    0.0000000000E+00,    0.0000000000E+00,    0.0000000000E+00,    4.5410879990E+02
    230350,      0.676971,CP11_after_MPI,   1,    0.0000000000E+00,    4.5410879990E+02,    4.5410879990E+02,    0.0000000000E+00,    0.0000000000E+00,    0.0000000000E+00,    4.5410879990E+02
    230350,      0.676971,CP12_end,   1,    0.0000000000E+00,    4.5410879990E+02,    4.5410879990E+02,    0.0000000000E+00,    0.0000000000E+00,    0.0000000000E+00,    4.5410879990E+02
    230400,      0.676971,CP0_start,   1,    0.0000000000E+00,    4.5427149388E+02,    4.5427149388E+02,    0.0000000000E+00,    0.0000000000E+00,    0.0000000000E+00,    4.5427149388E+02
    230400,      0.676971,CP1_after_deposition,   1,    0.0000000000E+00,    4.5427149388E+02,    4.5427149388E+02,    0.0000000000E+00,    0.0000000000E+00,    0.0000000000E+00,    4.5427149388E+02
    230400,      0.676971,CP2_after_erosion,   1,    0.0000000000E+00,    4.5427149388E+02,    4.5427149388E+02,    0.0000000000E+00,    0.0000000000E+00,    0.0000000000E+00,    4.5427149388E+02
    230400,      0.676971,CP3_after_update_bottom,   1,    0.0000000000E+00,    4.5427149388E+02,    4.5427149388E+02,    0.0000000000E+00,    0.0000000000E+00,    0.0000000000E+00,    4.5427149388E+02
    230400,      0.676971,CP4_after_advection,   1,    0.0000000000E+00,    4.5427914807E+02,    4.5427914807E+02,    0.0000000000E+00,    0.0000000000E+00,    0.0000000000E+00,    4.5427914807E+02
    230400,      0.676971,CP5_after_vdif,   1,    0.0000000000E+00,    4.5427914807E+02,    4.5427914807E+02,    0.0000000000E+00,    0.0000000000E+00,    0.0000000000E+00,    4.5427914807E+02
    230400,      0.676971,CP6_after_kinetics,   1,    0.0000000000E+00,    4.5427914807E+02,    4.5427914807E+02,    0.0000000000E+00,    0.0000000000E+00,    0.0000000000E+00,    4.5427914807E+02
    230400,      0.676971,CP7_after_upper_clamp,   1,    0.0000000000E+00,    4.5427914807E+02,    4.5427914807E+02,    0.0000000000E+00,    0.0000000000E+00,    0.0000000000E+00,    4.5427914807E+02
    230400,      0.676971,CP8_after_OBC,   1,    0.0000000000E+00,    4.5427914807E+02,    4.5427914807E+02,    0.0000000000E+00,    0.0000000000E+00,    0.0000000000E+00,    4.5427914807E+02
    230400,      0.676971,CP9_after_PTsource,   1,    0.0000000000E+00,    4.5427914807E+02,    4.5427914807E+02,    0.0000000000E+00,    0.0000000000E+00,    0.0000000000E+00,    4.5427914807E+02
    230400,      0.676971,CP10_after_neg_clamp,   1,    0.0000000000E+00,    4.5427914807E+02,    4.5427914807E+02,    0.0000000000E+00,    0.0000000000E+00,    0.0000000000E+00,    4.5427914807E+02
    230400,      0.676971,CP11_after_MPI,   1,    0.0000000000E+00,    4.5427914807E+02,    4.5427914807E+02,    0.0000000000E+00,    0.0000000000E+00,    0.0000000000E+00,    4.5427914807E+02
    230400,      0.676971,CP12_end,   1,    0.0000000000E+00,    4.5427914807E+02,    4.5427914807E+02,    0.0000000000E+00,    0.0000000000E+00,    0.0000000000E+00,    4.5427914807E+02
    230450,      0.676971,CP0_start,   1,    0.0000000000E+00,    4.5445042305E+02,    4.5445042305E+02,    0.0000000000E+00,    0.0000000000E+00,    0.0000000000E+00,    4.5445042305E+02
    230450,      0.676971,CP1_after_deposition,   1,    0.0000000000E+00,    4.5445042305E+02,    4.5445042305E+02,    0.0000000000E+00,    0.0000000000E+00,    0.0000000000E+00,    4.5445042305E+02
    230450,      0.676971,CP2_after_erosion,   1,    0.0000000000E+00,    4.5445042305E+02,    4.5445042305E+02,    0.0000000000E+00,    0.0000000000E+00,    0.0000000000E+00,    4.5445042305E+02
    230450,      0.676971,CP3_after_update_bottom,   1,    0.0000000000E+00,    4.5445042305E+02,    4.5445042305E+02,    0.0000000000E+00,    0.0000000000E+00,    0.0000000000E+00,    4.5445042305E+02
    230450,      0.676971,CP4_after_advection,   1,    0.0000000000E+00,    4.5445863807E+02,    4.5445863807E+02,    0.0000000000E+00,    0.0000000000E+00,    0.0000000000E+00,    4.5445863807E+02
    230450,      0.676971,CP5_after_vdif,   1,    0.0000000000E+00,    4.5445863807E+02,    4.5445863807E+02,    0.0000000000E+00,    0.0000000000E+00,    0.0000000000E+00,    4.5445863807E+02
    230450,      0.676971,CP6_after_kinetics,   1,    0.0000000000E+00,    4.5445863807E+02,    4.5445863807E+02,    0.0000000000E+00,    0.0000000000E+00,    0.0000000000E+00,    4.5445863807E+02
    230450,      0.676971,CP7_after_upper_clamp,   1,    0.0000000000E+00,    4.5445863807E+02,    4.5445863807E+02,    0.0000000000E+00,    0.0000000000E+00,    0.0000000000E+00,    4.5445863807E+02
    230450,      0.676971,CP8_after_OBC,   1,    0.0000000000E+00,    4.5445863807E+02,    4.5445863807E+02,    0.0000000000E+00,    0.0000000000E+00,    0.0000000000E+00,    4.5445863807E+02
    230450,      0.676971,CP9_after_PTsource,   1,    0.0000000000E+00,    4.5445863807E+02,    4.5445863807E+02,    0.0000000000E+00,    0.0000000000E+00,    0.0000000000E+00,    4.5445863807E+02
    230450,      0.676971,CP10_after_neg_clamp,   1,    0.0000000000E+00,    4.5445863807E+02,    4.5445863807E+02,    0.0000000000E+00,    0.0000000000E+00,    0.0000000000E+00,    4.5445863807E+02
    230450,      0.676971,CP11_after_MPI,   1,    0.0000000000E+00,    4.5445863807E+02,    4.5445863807E+02,    0.0000000000E+00,    0.0000000000E+00,    0.0000000000E+00,    4.5445863807E+02
    230450,      0.676971,CP12_end,   1,    0.0000000000E+00,    4.5445863807E+02,    4.5445863807E+02,    0.0000000000E+00,    0.0000000000E+00,    0.0000000000E+00,    4.5445863807E+02
    230500,      0.676971,CP0_start,   1,    0.0000000000E+00,    4.5463668305E+02,    4.5463668305E+02,    0.0000000000E+00,    0.0000000000E+00,    0.0000000000E+00,    4.5463668305E+02
    230500,      0.676971,CP1_after_deposition,   1,    0.0000000000E+00,    4.5463668305E+02,    4.5463668305E+02,    0.0000000000E+00,    0.0000000000E+00,    0.0000000000E+00,    4.5463668305E+02
    230500,      0.676971,CP2_after_erosion,   1,    0.0000000000E+00,    4.5463668305E+02,    4.5463668305E+02,    0.0000000000E+00,    0.0000000000E+00,    0.0000000000E+00,    4.5463668305E+02
    230500,      0.676971,CP3_after_update_bottom,   1,    0.0000000000E+00,    4.5463668305E+02,    4.5463668305E+02,    0.0000000000E+00,    0.0000000000E+00,    0.0000000000E+00,    4.5463668305E+02
    230500,      0.676971,CP4_after_advection,   1,    0.0000000000E+00,    4.5464542622E+02,    4.5464542622E+02,    0.0000000000E+00,    0.0000000000E+00,    0.0000000000E+00,    4.5464542622E+02
    230500,      0.676971,CP5_after_vdif,   1,    0.0000000000E+00,    4.5464542622E+02,    4.5464542622E+02,    0.0000000000E+00,    0.0000000000E+00,    0.0000000000E+00,    4.5464542622E+02
    230500,      0.676971,CP6_after_kinetics,   1,    0.0000000000E+00,    4.5464542622E+02,    4.5464542622E+02,    0.0000000000E+00,    0.0000000000E+00,    0.0000000000E+00,    4.5464542622E+02
    230500,      0.676971,CP7_after_upper_clamp,   1,    0.0000000000E+00,    4.5464542622E+02,    4.5464542622E+02,    0.0000000000E+00,    0.0000000000E+00,    0.0000000000E+00,    4.5464542622E+02
    230500,      0.676971,CP8_after_OBC,   1,    0.0000000000E+00,    4.5464542622E+02,    4.5464542622E+02,    0.0000000000E+00,    0.0000000000E+00,    0.0000000000E+00,    4.5464542622E+02
    230500,      0.676971,CP9_after_PTsource,   1,    0.0000000000E+00,    4.5464542622E+02,    4.5464542622E+02,    0.0000000000E+00,    0.0000000000E+00,    0.0000000000E+00,    4.5464542622E+02
    230500,      0.676971,CP10_after_neg_clamp,   1,    0.0000000000E+00,    4.5464542622E+02,    4.5464542622E+02,    0.0000000000E+00,    0.0000000000E+00,    0.0000000000E+00,    4.5464542622E+02
    230500,      0.676971,CP11_after_MPI,   1,    0.0000000000E+00,    4.5464542622E+02,    4.5464542622E+02,    0.0000000000E+00,    0.0000000000E+00,    0.0000000000E+00,    4.5464542622E+02
    230500,      0.676971,CP12_end,   1,    0.0000000000E+00,    4.5464542622E+02,    4.5464542622E+02,    0.0000000000E+00,    0.0000000000E+00,    0.0000000000E+00,    4.5464542622E+02
    230550,      0.676971,CP0_start,   1,    0.0000000000E+00,    4.5482813690E+02,    4.5482813690E+02,    0.0000000000E+00,    0.0000000000E+00,    0.0000000000E+00,    4.5482813690E+02
    230550,      0.676971,CP1_after_deposition,   1,    0.0000000000E+00,    4.5482813690E+02,    4.5482813690E+02,    0.0000000000E+00,    0.0000000000E+00,    0.0000000000E+00,    4.5482813690E+02
    230550,      0.676971,CP2_after_erosion,   1,    0.0000000000E+00,    4.5482813690E+02,    4.5482813690E+02,    0.0000000000E+00,    0.0000000000E+00,    0.0000000000E+00,    4.5482813690E+02
    230550,      0.676971,CP3_after_update_bottom,   1,    0.0000000000E+00,    4.5482813690E+02,    4.5482813690E+02,    0.0000000000E+00,    0.0000000000E+00,    0.0000000000E+00,    4.5482813690E+02
    230550,      0.676971,CP4_after_advection,   1,    0.0000000000E+00,    4.5483735102E+02,    4.5483735102E+02,    0.0000000000E+00,    0.0000000000E+00,    0.0000000000E+00,    4.5483735102E+02
    230550,      0.676971,CP5_after_vdif,   1,    0.0000000000E+00,    4.5483735102E+02,    4.5483735102E+02,    0.0000000000E+00,    0.0000000000E+00,    0.0000000000E+00,    4.5483735102E+02
    230550,      0.676971,CP6_after_kinetics,   1,    0.0000000000E+00,    4.5483735102E+02,    4.5483735102E+02,    0.0000000000E+00,    0.0000000000E+00,    0.0000000000E+00,    4.5483735102E+02
    230550,      0.676971,CP7_after_upper_clamp,   1,    0.0000000000E+00,    4.5483735102E+02,    4.5483735102E+02,    0.0000000000E+00,    0.0000000000E+00,    0.0000000000E+00,    4.5483735102E+02
    230550,      0.676971,CP8_after_OBC,   1,    0.0000000000E+00,    4.5483735102E+02,    4.5483735102E+02,    0.0000000000E+00,    0.0000000000E+00,    0.0000000000E+00,    4.5483735102E+02
    230550,      0.676971,CP9_after_PTsource,   1,    0.0000000000E+00,    4.5483735102E+02,    4.5483735102E+02,    0.0000000000E+00,    0.0000000000E+00,    0.0000000000E+00,    4.5483735102E+02
    230550,      0.676971,CP10_after_neg_clamp,   1,    0.0000000000E+00,    4.5483735102E+02,    4.5483735102E+02,    0.0000000000E+00,    0.0000000000E+00,    0.0000000000E+00,    4.5483735102E+02
    230550,      0.676971,CP11_after_MPI,   1,    0.0000000000E+00,    4.5483735102E+02,    4.5483735102E+02,    0.0000000000E+00,    0.0000000000E+00,    0.0000000000E+00,    4.5483735102E+02
    230550,      0.676971,CP12_end,   1,    0.0000000000E+00,    4.5483735102E+02,    4.5483735102E+02,    0.0000000000E+00,    0.0000000000E+00,    0.0000000000E+00,    4.5483735102E+02
    230600,      0.676972,CP0_start,   1,    0.0000000000E+00,    4.5502217018E+02,    4.5502217018E+02,    0.0000000000E+00,    0.0000000000E+00,    0.0000000000E+00,    4.5502217018E+02
    230600,      0.676972,CP1_after_deposition,   1,    0.0000000000E+00,    4.5502217018E+02,    4.5502217018E+02,    0.0000000000E+00,    0.0000000000E+00,    0.0000000000E+00,    4.5502217018E+02
    230600,      0.676972,CP2_after_erosion,   1,    0.0000000000E+00,    4.5502217018E+02,    4.5502217018E+02,    0.0000000000E+00,    0.0000000000E+00,    0.0000000000E+00,    4.5502217018E+02
    230600,      0.676972,CP3_after_update_bottom,   1,    0.0000000000E+00,    4.5502217018E+02,    4.5502217018E+02,    0.0000000000E+00,    0.0000000000E+00,    0.0000000000E+00,    4.5502217018E+02
    230600,      0.676972,CP4_after_advection,   1,    0.0000000000E+00,    4.5503180510E+02,    4.5503180510E+02,    0.0000000000E+00,    0.0000000000E+00,    0.0000000000E+00,    4.5503180510E+02
    230600,      0.676972,CP5_after_vdif,   1,    0.0000000000E+00,    4.5503180510E+02,    4.5503180510E+02,    0.0000000000E+00,    0.0000000000E+00,    0.0000000000E+00,    4.5503180510E+02
    230600,      0.676972,CP6_after_kinetics,   1,    0.0000000000E+00,    4.5503180510E+02,    4.5503180510E+02,    0.0000000000E+00,    0.0000000000E+00,    0.0000000000E+00,    4.5503180510E+02
    230600,      0.676972,CP7_after_upper_clamp,   1,    0.0000000000E+00,    4.5503180510E+02,    4.5503180510E+02,    0.0000000000E+00,    0.0000000000E+00,    0.0000000000E+00,    4.5503180510E+02
    230600,      0.676972,CP8_after_OBC,   1,    0.0000000000E+00,    4.5503180510E+02,    4.5503180510E+02,    0.0000000000E+00,    0.0000000000E+00,    0.0000000000E+00,    4.5503180510E+02
    230600,      0.676972,CP9_after_PTsource,   1,    0.0000000000E+00,    4.5503180510E+02,    4.5503180510E+02,    0.0000000000E+00,    0.0000000000E+00,    0.0000000000E+00,    4.5503180510E+02
    230600,      0.676972,CP10_after_neg_clamp,   1,    0.0000000000E+00,    4.5503180510E+02,    4.5503180510E+02,    0.0000000000E+00,    0.0000000000E+00,    0.0000000000E+00,    4.5503180510E+02
    230600,      0.676972,CP11_after_MPI,   1,    0.0000000000E+00,    4.5503180510E+02,    4.5503180510E+02,    0.0000000000E+00,    0.0000000000E+00,    0.0000000000E+00,    4.5503180510E+02
    230600,      0.676972,CP12_end,   1,    0.0000000000E+00,    4.5503180510E+02,    4.5503180510E+02,    0.0000000000E+00,    0.0000000000E+00,    0.0000000000E+00,    4.5503180510E+02
    230650,      0.676972,CP0_start,   1,    0.0000000000E+00,    4.5521805339E+02,    4.5521805339E+02,    0.0000000000E+00,    0.0000000000E+00,    0.0000000000E+00,    4.5521805339E+02
    230650,      0.676972,CP1_after_deposition,   1,    0.0000000000E+00,    4.5521805339E+02,    4.5521805339E+02,    0.0000000000E+00,    0.0000000000E+00,    0.0000000000E+00,    4.5521805339E+02
    230650,      0.676972,CP2_after_erosion,   1,    0.0000000000E+00,    4.5521805339E+02,    4.5521805339E+02,    0.0000000000E+00,    0.0000000000E+00,    0.0000000000E+00,    4.5521805339E+02
    230650,      0.676972,CP3_after_update_bottom,   1,    0.0000000000E+00,    4.5521805339E+02,    4.5521805339E+02,    0.0000000000E+00,    0.0000000000E+00,    0.0000000000E+00,    4.5521805339E+02
    230650,      0.676972,CP4_after_advection,   1,    0.0000000000E+00,    4.5522812886E+02,    4.5522812886E+02,    0.0000000000E+00,    0.0000000000E+00,    0.0000000000E+00,    4.5522812886E+02
    230650,      0.676972,CP5_after_vdif,   1,    0.0000000000E+00,    4.5522812886E+02,    4.5522812886E+02,    0.0000000000E+00,    0.0000000000E+00,    0.0000000000E+00,    4.5522812886E+02
    230650,      0.676972,CP6_after_kinetics,   1,    0.0000000000E+00,    4.5522812886E+02,    4.5522812886E+02,    0.0000000000E+00,    0.0000000000E+00,    0.0000000000E+00,    4.5522812886E+02
    230650,      0.676972,CP7_after_upper_clamp,   1,    0.0000000000E+00,    4.5522812886E+02,    4.5522812886E+02,    0.0000000000E+00,    0.0000000000E+00,    0.0000000000E+00,    4.5522812886E+02
    230650,      0.676972,CP8_after_OBC,   1,    0.0000000000E+00,    4.5522812886E+02,    4.5522812886E+02,    0.0000000000E+00,    0.0000000000E+00,    0.0000000000E+00,    4.5522812886E+02
    230650,      0.676972,CP9_after_PTsource,   1,    0.0000000000E+00,    4.5522812886E+02,    4.5522812886E+02,    0.0000000000E+00,    0.0000000000E+00,    0.0000000000E+00,    4.5522812886E+02
    230650,      0.676972,CP10_after_neg_clamp,   1,    0.0000000000E+00,    4.5522812886E+02,    4.5522812886E+02,    0.0000000000E+00,    0.0000000000E+00,    0.0000000000E+00,    4.5522812886E+02
    230650,      0.676972,CP11_after_MPI,   1,    0.0000000000E+00,    4.5522812886E+02,    4.5522812886E+02,    0.0000000000E+00,    0.0000000000E+00,    0.0000000000E+00,    4.5522812886E+02
    230650,      0.676972,CP12_end,   1,    0.0000000000E+00,    4.5522812886E+02,    4.5522812886E+02,    0.0000000000E+00,    0.0000000000E+00,    0.0000000000E+00,    4.5522812886E+02
    230700,      0.676972,CP0_start,   1,    0.0000000000E+00,    4.5541754704E+02,    4.5541754704E+02,    0.0000000000E+00,    0.0000000000E+00,    0.0000000000E+00,    4.5541754704E+02
    230700,      0.676972,CP1_after_deposition,   1,    0.0000000000E+00,    4.5541754704E+02,    4.5541754704E+02,    0.0000000000E+00,    0.0000000000E+00,    0.0000000000E+00,    4.5541754704E+02
    230700,      0.676972,CP2_after_erosion,   1,    0.0000000000E+00,    4.5541754704E+02,    4.5541754704E+02,    0.0000000000E+00,    0.0000000000E+00,    0.0000000000E+00,    4.5541754704E+02
    230700,      0.676972,CP3_after_update_bottom,   1,    0.0000000000E+00,    4.5541754704E+02,    4.5541754704E+02,    0.0000000000E+00,    0.0000000000E+00,    0.0000000000E+00,    4.5541754704E+02
    230700,      0.676972,CP4_after_advection,   1,    0.0000000000E+00,    4.5542811634E+02,    4.5542811634E+02,    0.0000000000E+00,    0.0000000000E+00,    0.0000000000E+00,    4.5542811634E+02
    230700,      0.676972,CP5_after_vdif,   1,    0.0000000000E+00,    4.5542811634E+02,    4.5542811634E+02,    0.0000000000E+00,    0.0000000000E+00,    0.0000000000E+00,    4.5542811634E+02
    230700,      0.676972,CP6_after_kinetics,   1,    0.0000000000E+00,    4.5542811634E+02,    4.5542811634E+02,    0.0000000000E+00,    0.0000000000E+00,    0.0000000000E+00,    4.5542811634E+02
    230700,      0.676972,CP7_after_upper_clamp,   1,    0.0000000000E+00,    4.5542811634E+02,    4.5542811634E+02,    0.0000000000E+00,    0.0000000000E+00,    0.0000000000E+00,    4.5542811634E+02
    230700,      0.676972,CP8_after_OBC,   1,    0.0000000000E+00,    4.5542811634E+02,    4.5542811634E+02,    0.0000000000E+00,    0.0000000000E+00,    0.0000000000E+00,    4.5542811634E+02
    230700,      0.676972,CP9_after_PTsource,   1,    0.0000000000E+00,    4.5542811634E+02,    4.5542811634E+02,    0.0000000000E+00,    0.0000000000E+00,    0.0000000000E+00,    4.5542811634E+02
    230700,      0.676972,CP10_after_neg_clamp,   1,    0.0000000000E+00,    4.5542811634E+02,    4.5542811634E+02,    0.0000000000E+00,    0.0000000000E+00,    0.0000000000E+00,    4.5542811634E+02
    230700,      0.676972,CP11_after_MPI,   1,    0.0000000000E+00,    4.5542811634E+02,    4.5542811634E+02,    0.0000000000E+00,    0.0000000000E+00,    0.0000000000E+00,    4.5542811634E+02
    230700,      0.676972,CP12_end,   1,    0.0000000000E+00,    4.5542811634E+02,    4.5542811634E+02,    0.0000000000E+00,    0.0000000000E+00,    0.0000000000E+00,    4.5542811634E+02
    230750,      0.676972,CP0_start,   1,    0.0000000000E+00,    4.5562357749E+02,    4.5562357749E+02,    0.0000000000E+00,    0.0000000000E+00,    0.0000000000E+00,    4.5562357749E+02
    230750,      0.676972,CP1_after_deposition,   1,    0.0000000000E+00,    4.5562357749E+02,    4.5562357749E+02,    0.0000000000E+00,    0.0000000000E+00,    0.0000000000E+00,    4.5562357749E+02
    230750,      0.676972,CP2_after_erosion,   1,    0.0000000000E+00,    4.5562357749E+02,    4.5562357749E+02,    0.0000000000E+00,    0.0000000000E+00,    0.0000000000E+00,    4.5562357749E+02
    230750,      0.676972,CP3_after_update_bottom,   1,    0.0000000000E+00,    4.5562357749E+02,    4.5562357749E+02,    0.0000000000E+00,    0.0000000000E+00,    0.0000000000E+00,    4.5562357749E+02
    230750,      0.676972,CP4_after_advection,   1,    0.0000000000E+00,    4.5563467947E+02,    4.5563467947E+02,    0.0000000000E+00,    0.0000000000E+00,    0.0000000000E+00,    4.5563467947E+02
    230750,      0.676972,CP5_after_vdif,   1,    0.0000000000E+00,    4.5563467947E+02,    4.5563467947E+02,    0.0000000000E+00,    0.0000000000E+00,    0.0000000000E+00,    4.5563467947E+02
    230750,      0.676972,CP6_after_kinetics,   1,    0.0000000000E+00,    4.5563467947E+02,    4.5563467947E+02,    0.0000000000E+00,    0.0000000000E+00,    0.0000000000E+00,    4.5563467947E+02
    230750,      0.676972,CP7_after_upper_clamp,   1,    0.0000000000E+00,    4.5563467947E+02,    4.5563467947E+02,    0.0000000000E+00,    0.0000000000E+00,    0.0000000000E+00,    4.5563467947E+02
    230750,      0.676972,CP8_after_OBC,   1,    0.0000000000E+00,    4.5563467947E+02,    4.5563467947E+02,    0.0000000000E+00,    0.0000000000E+00,    0.0000000000E+00,    4.5563467947E+02
    230750,      0.676972,CP9_after_PTsource,   1,    0.0000000000E+00,    4.5563467947E+02,    4.5563467947E+02,    0.0000000000E+00,    0.0000000000E+00,    0.0000000000E+00,    4.5563467947E+02
    230750,      0.676972,CP10_after_neg_clamp,   1,    0.0000000000E+00,    4.5563467947E+02,    4.5563467947E+02,    0.0000000000E+00,    0.0000000000E+00,    0.0000000000E+00,    4.5563467947E+02
    230750,      0.676972,CP11_after_MPI,   1,    0.0000000000E+00,    4.5563467947E+02,    4.5563467947E+02,    0.0000000000E+00,    0.0000000000E+00,    0.0000000000E+00,    4.5563467947E+02
    230750,      0.676972,CP12_end,   1,    0.0000000000E+00,    4.5563467947E+02,    4.5563467947E+02,    0.0000000000E+00,    0.0000000000E+00,    0.0000000000E+00,    4.5563467947E+02
    230800,      0.676972,CP0_start,   1,    0.0000000000E+00,    4.5583782552E+02,    4.5583782552E+02,    0.0000000000E+00,    0.0000000000E+00,    0.0000000000E+00,    4.5583782552E+02
    230800,      0.676972,CP1_after_deposition,   1,    0.0000000000E+00,    4.5583782552E+02,    4.5583782552E+02,    0.0000000000E+00,    0.0000000000E+00,    0.0000000000E+00,    4.5583782552E+02
    230800,      0.676972,CP2_after_erosion,   1,    0.0000000000E+00,    4.5583782552E+02,    4.5583782552E+02,    0.0000000000E+00,    0.0000000000E+00,    0.0000000000E+00,    4.5583782552E+02
    230800,      0.676972,CP3_after_update_bottom,   1,    0.0000000000E+00,    4.5583782552E+02,    4.5583782552E+02,    0.0000000000E+00,    0.0000000000E+00,    0.0000000000E+00,    4.5583782552E+02
    230800,      0.676972,CP4_after_advection,   1,    0.0000000000E+00,    4.5584947084E+02,    4.5584947084E+02,    0.0000000000E+00,    0.0000000000E+00,    0.0000000000E+00,    4.5584947084E+02
    230800,      0.676972,CP5_after_vdif,   1,    0.0000000000E+00,    4.5584947084E+02,    4.5584947084E+02,    0.0000000000E+00,    0.0000000000E+00,    0.0000000000E+00,    4.5584947084E+02
    230800,      0.676972,CP6_after_kinetics,   1,    0.0000000000E+00,    4.5584947084E+02,    4.5584947084E+02,    0.0000000000E+00,    0.0000000000E+00,    0.0000000000E+00,    4.5584947084E+02
    230800,      0.676972,CP7_after_upper_clamp,   1,    0.0000000000E+00,    4.5584947084E+02,    4.5584947084E+02,    0.0000000000E+00,    0.0000000000E+00,    0.0000000000E+00,    4.5584947084E+02
    230800,      0.676972,CP8_after_OBC,   1,    0.0000000000E+00,    4.5584947084E+02,    4.5584947084E+02,    0.0000000000E+00,    0.0000000000E+00,    0.0000000000E+00,    4.5584947084E+02
    230800,      0.676972,CP9_after_PTsource,   1,    0.0000000000E+00,    4.5584947084E+02,    4.5584947084E+02,    0.0000000000E+00,    0.0000000000E+00,    0.0000000000E+00,    4.5584947084E+02
    230800,      0.676972,CP10_after_neg_clamp,   1,    0.0000000000E+00,    4.5584947084E+02,    4.5584947084E+02,    0.0000000000E+00,    0.0000000000E+00,    0.0000000000E+00,    4.5584947084E+02
    230800,      0.676972,CP11_after_MPI,   1,    0.0000000000E+00,    4.5584947084E+02,    4.5584947084E+02,    0.0000000000E+00,    0.0000000000E+00,    0.0000000000E+00,    4.5584947084E+02
    230800,      0.676972,CP12_end,   1,    0.0000000000E+00,    4.5584947084E+02,    4.5584947084E+02,    0.0000000000E+00,    0.0000000000E+00,    0.0000000000E+00,    4.5584947084E+02
    230850,      0.676972,CP0_start,   1,    0.0000000000E+00,    4.5606013445E+02,    4.5606013445E+02,    0.0000000000E+00,    0.0000000000E+00,    0.0000000000E+00,    4.5606013445E+02
    230850,      0.676972,CP1_after_deposition,   1,    0.0000000000E+00,    4.5606013445E+02,    4.5606013445E+02,    0.0000000000E+00,    0.0000000000E+00,    0.0000000000E+00,    4.5606013445E+02
    230850,      0.676972,CP2_after_erosion,   1,    0.0000000000E+00,    4.5606013445E+02,    4.5606013445E+02,    0.0000000000E+00,    0.0000000000E+00,    0.0000000000E+00,    4.5606013445E+02
    230850,      0.676972,CP3_after_update_bottom,   1,    0.0000000000E+00,    4.5606013445E+02,    4.5606013445E+02,    0.0000000000E+00,    0.0000000000E+00,    0.0000000000E+00,    4.5606013445E+02
    230850,      0.676972,CP4_after_advection,   1,    0.0000000000E+00,    4.5607229460E+02,    4.5607229460E+02,    0.0000000000E+00,    0.0000000000E+00,    0.0000000000E+00,    4.5607229460E+02
    230850,      0.676972,CP5_after_vdif,   1,    0.0000000000E+00,    4.5607229460E+02,    4.5607229460E+02,    0.0000000000E+00,    0.0000000000E+00,    0.0000000000E+00,    4.5607229460E+02
    230850,      0.676972,CP6_after_kinetics,   1,    0.0000000000E+00,    4.5607229460E+02,    4.5607229460E+02,    0.0000000000E+00,    0.0000000000E+00,    0.0000000000E+00,    4.5607229460E+02
    230850,      0.676972,CP7_after_upper_clamp,   1,    0.0000000000E+00,    4.5607229460E+02,    4.5607229460E+02,    0.0000000000E+00,    0.0000000000E+00,    0.0000000000E+00,    4.5607229460E+02
    230850,      0.676972,CP8_after_OBC,   1,    0.0000000000E+00,    4.5607229460E+02,    4.5607229460E+02,    0.0000000000E+00,    0.0000000000E+00,    0.0000000000E+00,    4.5607229460E+02
    230850,      0.676972,CP9_after_PTsource,   1,    0.0000000000E+00,    4.5607229460E+02,    4.5607229460E+02,    0.0000000000E+00,    0.0000000000E+00,    0.0000000000E+00,    4.5607229460E+02
    230850,      0.676972,CP10_after_neg_clamp,   1,    0.0000000000E+00,    4.5607229460E+02,    4.5607229460E+02,    0.0000000000E+00,    0.0000000000E+00,    0.0000000000E+00,    4.5607229460E+02
    230850,      0.676972,CP11_after_MPI,   1,    0.0000000000E+00,    4.5607229460E+02,    4.5607229460E+02,    0.0000000000E+00,    0.0000000000E+00,    0.0000000000E+00,    4.5607229460E+02
    230850,      0.676972,CP12_end,   1,    0.0000000000E+00,    4.5607229460E+02,    4.5607229460E+02,    0.0000000000E+00,    0.0000000000E+00,    0.0000000000E+00,    4.5607229460E+02
    230900,      0.676972,CP0_start,   1,    0.0000000000E+00,    4.5628686610E+02,    4.5628686610E+02,    0.0000000000E+00,    0.0000000000E+00,    0.0000000000E+00,    4.5628686610E+02
    230900,      0.676972,CP1_after_deposition,   1,    0.0000000000E+00,    4.5628686610E+02,    4.5628686610E+02,    0.0000000000E+00,    0.0000000000E+00,    0.0000000000E+00,    4.5628686610E+02
    230900,      0.676972,CP2_after_erosion,   1,    0.0000000000E+00,    4.5628686610E+02,    4.5628686610E+02,    0.0000000000E+00,    0.0000000000E+00,    0.0000000000E+00,    4.5628686610E+02
    230900,      0.676972,CP3_after_update_bottom,   1,    0.0000000000E+00,    4.5628686610E+02,    4.5628686610E+02,    0.0000000000E+00,    0.0000000000E+00,    0.0000000000E+00,    4.5628686610E+02
    230900,      0.676972,CP4_after_advection,   1,    0.0000000000E+00,    4.5629940557E+02,    4.5629940557E+02,    0.0000000000E+00,    0.0000000000E+00,    0.0000000000E+00,    4.5629940557E+02
    230900,      0.676972,CP5_after_vdif,   1,    0.0000000000E+00,    4.5629940557E+02,    4.5629940557E+02,    0.0000000000E+00,    0.0000000000E+00,    0.0000000000E+00,    4.5629940557E+02
    230900,      0.676972,CP6_after_kinetics,   1,    0.0000000000E+00,    4.5629940557E+02,    4.5629940557E+02,    0.0000000000E+00,    0.0000000000E+00,    0.0000000000E+00,    4.5629940557E+02
    230900,      0.676972,CP7_after_upper_clamp,   1,    0.0000000000E+00,    4.5629940557E+02,    4.5629940557E+02,    0.0000000000E+00,    0.0000000000E+00,    0.0000000000E+00,    4.5629940557E+02
    230900,      0.676972,CP8_after_OBC,   1,    0.0000000000E+00,    4.5629940557E+02,    4.5629940557E+02,    0.0000000000E+00,    0.0000000000E+00,    0.0000000000E+00,    4.5629940557E+02
    230900,      0.676972,CP9_after_PTsource,   1,    0.0000000000E+00,    4.5629940557E+02,    4.5629940557E+02,    0.0000000000E+00,    0.0000000000E+00,    0.0000000000E+00,    4.5629940557E+02
    230900,      0.676972,CP10_after_neg_clamp,   1,    0.0000000000E+00,    4.5629940557E+02,    4.5629940557E+02,    0.0000000000E+00,    0.0000000000E+00,    0.0000000000E+00,    4.5629940557E+02
    230900,      0.676972,CP11_after_MPI,   1,    0.0000000000E+00,    4.5629940557E+02,    4.5629940557E+02,    0.0000000000E+00,    0.0000000000E+00,    0.0000000000E+00,    4.5629940557E+02
    230900,      0.676972,CP12_end,   1,    0.0000000000E+00,    4.5629940557E+02,    4.5629940557E+02,    0.0000000000E+00,    0.0000000000E+00,    0.0000000000E+00,    4.5629940557E+02
    230950,      0.676972,CP0_start,   1,    0.0000000000E+00,    4.5651055857E+02,    4.5651055857E+02,    0.0000000000E+00,    0.0000000000E+00,    0.0000000000E+00,    4.5651055857E+02
    230950,      0.676972,CP1_after_deposition,   1,    0.0000000000E+00,    4.5651055857E+02,    4.5651055857E+02,    0.0000000000E+00,    0.0000000000E+00,    0.0000000000E+00,    4.5651055857E+02
    230950,      0.676972,CP2_after_erosion,   1,    0.0000000000E+00,    4.5651055857E+02,    4.5651055857E+02,    0.0000000000E+00,    0.0000000000E+00,    0.0000000000E+00,    4.5651055857E+02
    230950,      0.676972,CP3_after_update_bottom,   1,    0.0000000000E+00,    4.5651055857E+02,    4.5651055857E+02,    0.0000000000E+00,    0.0000000000E+00,    0.0000000000E+00,    4.5651055857E+02
    230950,      0.676972,CP4_after_advection,   1,    0.0000000000E+00,    4.5652329472E+02,    4.5652329472E+02,    0.0000000000E+00,    0.0000000000E+00,    0.0000000000E+00,    4.5652329472E+02
    230950,      0.676972,CP5_after_vdif,   1,    0.0000000000E+00,    4.5652329472E+02,    4.5652329472E+02,    0.0000000000E+00,    0.0000000000E+00,    0.0000000000E+00,    4.5652329472E+02
    230950,      0.676972,CP6_after_kinetics,   1,    0.0000000000E+00,    4.5652329472E+02,    4.5652329472E+02,    0.0000000000E+00,    0.0000000000E+00,    0.0000000000E+00,    4.5652329472E+02
    230950,      0.676972,CP7_after_upper_clamp,   1,    0.0000000000E+00,    4.5652329472E+02,    4.5652329472E+02,    0.0000000000E+00,    0.0000000000E+00,    0.0000000000E+00,    4.5652329472E+02
    230950,      0.676972,CP8_after_OBC,   1,    0.0000000000E+00,    4.5652329472E+02,    4.5652329472E+02,    0.0000000000E+00,    0.0000000000E+00,    0.0000000000E+00,    4.5652329472E+02
    230950,      0.676972,CP9_after_PTsource,   1,    0.0000000000E+00,    4.5652329472E+02,    4.5652329472E+02,    0.0000000000E+00,    0.0000000000E+00,    0.0000000000E+00,    4.5652329472E+02
    230950,      0.676972,CP10_after_neg_clamp,   1,    0.0000000000E+00,    4.5652329472E+02,    4.5652329472E+02,    0.0000000000E+00,    0.0000000000E+00,    0.0000000000E+00,    4.5652329472E+02
    230950,      0.676972,CP11_after_MPI,   1,    0.0000000000E+00,    4.5652329472E+02,    4.5652329472E+02,    0.0000000000E+00,    0.0000000000E+00,    0.0000000000E+00,    4.5652329472E+02
    230950,      0.676972,CP12_end,   1,    0.0000000000E+00,    4.5652329472E+02,    4.5652329472E+02,    0.0000000000E+00,    0.0000000000E+00,    0.0000000000E+00,    4.5652329472E+02
    231000,      0.676972,CP0_start,   1,    0.0000000000E+00,    4.5672403438E+02,    4.5672403438E+02,    0.0000000000E+00,    0.0000000000E+00,    0.0000000000E+00,    4.5672403438E+02
    231000,      0.676972,CP1_after_deposition,   1,    0.0000000000E+00,    4.5672403438E+02,    4.5672403438E+02,    0.0000000000E+00,    0.0000000000E+00,    0.0000000000E+00,    4.5672403438E+02
    231000,      0.676972,CP2_after_erosion,   1,    0.0000000000E+00,    4.5672403438E+02,    4.5672403438E+02,    0.0000000000E+00,    0.0000000000E+00,    0.0000000000E+00,    4.5672403438E+02
    231000,      0.676972,CP3_after_update_bottom,   1,    0.0000000000E+00,    4.5672403438E+02,    4.5672403438E+02,    0.0000000000E+00,    0.0000000000E+00,    0.0000000000E+00,    4.5672403438E+02
    231000,      0.676972,CP4_after_advection,   1,    0.0000000000E+00,    4.5673683507E+02,    4.5673683507E+02,    0.0000000000E+00,    0.0000000000E+00,    0.0000000000E+00,    4.5673683507E+02
    231000,      0.676972,CP5_after_vdif,   1,    0.0000000000E+00,    4.5673683507E+02,    4.5673683507E+02,    0.0000000000E+00,    0.0000000000E+00,    0.0000000000E+00,    4.5673683507E+02
    231000,      0.676972,CP6_after_kinetics,   1,    0.0000000000E+00,    4.5673683507E+02,    4.5673683507E+02,    0.0000000000E+00,    0.0000000000E+00,    0.0000000000E+00,    4.5673683507E+02
    231000,      0.676972,CP7_after_upper_clamp,   1,    0.0000000000E+00,    4.5673683507E+02,    4.5673683507E+02,    0.0000000000E+00,    0.0000000000E+00,    0.0000000000E+00,    4.5673683507E+02
    231000,      0.676972,CP8_after_OBC,   1,    0.0000000000E+00,    4.5673683507E+02,    4.5673683507E+02,    0.0000000000E+00,    0.0000000000E+00,    0.0000000000E+00,    4.5673683507E+02
    231000,      0.676972,CP9_after_PTsource,   1,    0.0000000000E+00,    4.5673683507E+02,    4.5673683507E+02,    0.0000000000E+00,    0.0000000000E+00,    0.0000000000E+00,    4.5673683507E+02
    231000,      0.676972,CP10_after_neg_clamp,   1,    0.0000000000E+00,    4.5673683507E+02,    4.5673683507E+02,    0.0000000000E+00,    0.0000000000E+00,    0.0000000000E+00,    4.5673683507E+02
    231000,      0.676972,CP11_after_MPI,   1,    0.0000000000E+00,    4.5673683507E+02,    4.5673683507E+02,    0.0000000000E+00,    0.0000000000E+00,    0.0000000000E+00,    4.5673683507E+02
    231000,      0.676972,CP12_end,   1,    0.0000000000E+00,    4.5673683507E+02,    4.5673683507E+02,    0.0000000000E+00,    0.0000000000E+00,    0.0000000000E+00,    4.5673683507E+02
    231050,      0.676972,CP0_start,   1,    0.0000000000E+00,    4.5692159802E+02,    4.5692159802E+02,    0.0000000000E+00,    0.0000000000E+00,    0.0000000000E+00,    4.5692159802E+02
    231050,      0.676972,CP1_after_deposition,   1,    0.0000000000E+00,    4.5692159802E+02,    4.5692159802E+02,    0.0000000000E+00,    0.0000000000E+00,    0.0000000000E+00,    4.5692159802E+02
    231050,      0.676972,CP2_after_erosion,   1,    0.0000000000E+00,    4.5692159802E+02,    4.5692159802E+02,    0.0000000000E+00,    0.0000000000E+00,    0.0000000000E+00,    4.5692159802E+02
    231050,      0.676972,CP3_after_update_bottom,   1,    0.0000000000E+00,    4.5692159802E+02,    4.5692159802E+02,    0.0000000000E+00,    0.0000000000E+00,    0.0000000000E+00,    4.5692159802E+02
    231050,      0.676972,CP4_after_advection,   1,    0.0000000000E+00,    4.5693435949E+02,    4.5693435949E+02,    0.0000000000E+00,    0.0000000000E+00,    0.0000000000E+00,    4.5693435949E+02
    231050,      0.676972,CP5_after_vdif,   1,    0.0000000000E+00,    4.5693435949E+02,    4.5693435949E+02,    0.0000000000E+00,    0.0000000000E+00,    0.0000000000E+00,    4.5693435949E+02
    231050,      0.676972,CP6_after_kinetics,   1,    0.0000000000E+00,    4.5693435949E+02,    4.5693435949E+02,    0.0000000000E+00,    0.0000000000E+00,    0.0000000000E+00,    4.5693435949E+02
    231050,      0.676972,CP7_after_upper_clamp,   1,    0.0000000000E+00,    4.5693435949E+02,    4.5693435949E+02,    0.0000000000E+00,    0.0000000000E+00,    0.0000000000E+00,    4.5693435949E+02
    231050,      0.676972,CP8_after_OBC,   1,    0.0000000000E+00,    4.5693435949E+02,    4.5693435949E+02,    0.0000000000E+00,    0.0000000000E+00,    0.0000000000E+00,    4.5693435949E+02
    231050,      0.676972,CP9_after_PTsource,   1,    0.0000000000E+00,    4.5693435949E+02,    4.5693435949E+02,    0.0000000000E+00,    0.0000000000E+00,    0.0000000000E+00,    4.5693435949E+02
    231050,      0.676972,CP10_after_neg_clamp,   1,    0.0000000000E+00,    4.5693435949E+02,    4.5693435949E+02,    0.0000000000E+00,    0.0000000000E+00,    0.0000000000E+00,    4.5693435949E+02
    231050,      0.676972,CP11_after_MPI,   1,    0.0000000000E+00,    4.5693435949E+02,    4.5693435949E+02,    0.0000000000E+00,    0.0000000000E+00,    0.0000000000E+00,    4.5693435949E+02
    231050,      0.676972,CP12_end,   1,    0.0000000000E+00,    4.5693435949E+02,    4.5693435949E+02,    0.0000000000E+00,    0.0000000000E+00,    0.0000000000E+00,    4.5693435949E+02
    231100,      0.676972,CP0_start,   1,    0.0000000000E+00,    4.5710078380E+02,    4.5710078380E+02,    0.0000000000E+00,    0.0000000000E+00,    0.0000000000E+00,    4.5710078380E+02
    231100,      0.676972,CP1_after_deposition,   1,    0.0000000000E+00,    4.5710078380E+02,    4.5710078380E+02,    0.0000000000E+00,    0.0000000000E+00,    0.0000000000E+00,    4.5710078380E+02
    231100,      0.676972,CP2_after_erosion,   1,    0.0000000000E+00,    4.5710078380E+02,    4.5710078380E+02,    0.0000000000E+00,    0.0000000000E+00,    0.0000000000E+00,    4.5710078380E+02
    231100,      0.676972,CP3_after_update_bottom,   1,    0.0000000000E+00,    4.5710078380E+02,    4.5710078380E+02,    0.0000000000E+00,    0.0000000000E+00,    0.0000000000E+00,    4.5710078380E+02
    231100,      0.676972,CP4_after_advection,   1,    0.0000000000E+00,    4.5711347753E+02,    4.5711347753E+02,    0.0000000000E+00,    0.0000000000E+00,    0.0000000000E+00,    4.5711347753E+02
    231100,      0.676972,CP5_after_vdif,   1,    0.0000000000E+00,    4.5711347753E+02,    4.5711347753E+02,    0.0000000000E+00,    0.0000000000E+00,    0.0000000000E+00,    4.5711347753E+02
    231100,      0.676972,CP6_after_kinetics,   1,    0.0000000000E+00,    4.5711347753E+02,    4.5711347753E+02,    0.0000000000E+00,    0.0000000000E+00,    0.0000000000E+00,    4.5711347753E+02
    231100,      0.676972,CP7_after_upper_clamp,   1,    0.0000000000E+00,    4.5711347753E+02,    4.5711347753E+02,    0.0000000000E+00,    0.0000000000E+00,    0.0000000000E+00,    4.5711347753E+02
    231100,      0.676972,CP8_after_OBC,   1,    0.0000000000E+00,    4.5711347753E+02,    4.5711347753E+02,    0.0000000000E+00,    0.0000000000E+00,    0.0000000000E+00,    4.5711347753E+02
    231100,      0.676972,CP9_after_PTsource,   1,    0.0000000000E+00,    4.5711347753E+02,    4.5711347753E+02,    0.0000000000E+00,    0.0000000000E+00,    0.0000000000E+00,    4.5711347753E+02
    231100,      0.676972,CP10_after_neg_clamp,   1,    0.0000000000E+00,    4.5711347753E+02,    4.5711347753E+02,    0.0000000000E+00,    0.0000000000E+00,    0.0000000000E+00,    4.5711347753E+02
    231100,      0.676972,CP11_after_MPI,   1,    0.0000000000E+00,    4.5711347753E+02,    4.5711347753E+02,    0.0000000000E+00,    0.0000000000E+00,    0.0000000000E+00,    4.5711347753E+02
    231100,      0.676972,CP12_end,   1,    0.0000000000E+00,    4.5711347753E+02,    4.5711347753E+02,    0.0000000000E+00,    0.0000000000E+00,    0.0000000000E+00,    4.5711347753E+02
    231150,      0.676972,CP0_start,   1,    0.0000000000E+00,    4.5726320198E+02,    4.5726320198E+02,    0.0000000000E+00,    0.0000000000E+00,    0.0000000000E+00,    4.5726320198E+02
    231150,      0.676972,CP1_after_deposition,   1,    0.0000000000E+00,    4.5726320198E+02,    4.5726320198E+02,    0.0000000000E+00,    0.0000000000E+00,    0.0000000000E+00,    4.5726320198E+02
    231150,      0.676972,CP2_after_erosion,   1,    0.0000000000E+00,    4.5726320198E+02,    4.5726320198E+02,    0.0000000000E+00,    0.0000000000E+00,    0.0000000000E+00,    4.5726320198E+02
    231150,      0.676972,CP3_after_update_bottom,   1,    0.0000000000E+00,    4.5726320198E+02,    4.5726320198E+02,    0.0000000000E+00,    0.0000000000E+00,    0.0000000000E+00,    4.5726320198E+02
    231150,      0.676972,CP4_after_advection,   1,    0.0000000000E+00,    4.5727589442E+02,    4.5727589442E+02,    0.0000000000E+00,    0.0000000000E+00,    0.0000000000E+00,    4.5727589442E+02
    231150,      0.676972,CP5_after_vdif,   1,    0.0000000000E+00,    4.5727589442E+02,    4.5727589442E+02,    0.0000000000E+00,    0.0000000000E+00,    0.0000000000E+00,    4.5727589442E+02
    231150,      0.676972,CP6_after_kinetics,   1,    0.0000000000E+00,    4.5727589442E+02,    4.5727589442E+02,    0.0000000000E+00,    0.0000000000E+00,    0.0000000000E+00,    4.5727589442E+02
    231150,      0.676972,CP7_after_upper_clamp,   1,    0.0000000000E+00,    4.5727589442E+02,    4.5727589442E+02,    0.0000000000E+00,    0.0000000000E+00,    0.0000000000E+00,    4.5727589442E+02
    231150,      0.676972,CP8_after_OBC,   1,    0.0000000000E+00,    4.5727589442E+02,    4.5727589442E+02,    0.0000000000E+00,    0.0000000000E+00,    0.0000000000E+00,    4.5727589442E+02
    231150,      0.676972,CP9_after_PTsource,   1,    0.0000000000E+00,    4.5727589442E+02,    4.5727589442E+02,    0.0000000000E+00,    0.0000000000E+00,    0.0000000000E+00,    4.5727589442E+02
    231150,      0.676972,CP10_after_neg_clamp,   1,    0.0000000000E+00,    4.5727589442E+02,    4.5727589442E+02,    0.0000000000E+00,    0.0000000000E+00,    0.0000000000E+00,    4.5727589442E+02
    231150,      0.676972,CP11_after_MPI,   1,    0.0000000000E+00,    4.5727589442E+02,    4.5727589442E+02,    0.0000000000E+00,    0.0000000000E+00,    0.0000000000E+00,    4.5727589442E+02
    231150,      0.676972,CP12_end,   1,    0.0000000000E+00,    4.5727589442E+02,    4.5727589442E+02,    0.0000000000E+00,    0.0000000000E+00,    0.0000000000E+00,    4.5727589442E+02
    231200,      0.676972,CP0_start,   1,    0.0000000000E+00,    4.5741525909E+02,    4.5741525909E+02,    0.0000000000E+00,    0.0000000000E+00,    0.0000000000E+00,    4.5741525909E+02
    231200,      0.676972,CP1_after_deposition,   1,    0.0000000000E+00,    4.5741525909E+02,    4.5741525909E+02,    0.0000000000E+00,    0.0000000000E+00,    0.0000000000E+00,    4.5741525909E+02
    231200,      0.676972,CP2_after_erosion,   1,    0.0000000000E+00,    4.5741525909E+02,    4.5741525909E+02,    0.0000000000E+00,    0.0000000000E+00,    0.0000000000E+00,    4.5741525909E+02
    231200,      0.676972,CP3_after_update_bottom,   1,    0.0000000000E+00,    4.5741525909E+02,    4.5741525909E+02,    0.0000000000E+00,    0.0000000000E+00,    0.0000000000E+00,    4.5741525909E+02
    231200,      0.676972,CP4_after_advection,   1,    0.0000000000E+00,    4.5742809758E+02,    4.5742809758E+02,    0.0000000000E+00,    0.0000000000E+00,    0.0000000000E+00,    4.5742809758E+02
    231200,      0.676972,CP5_after_vdif,   1,    0.0000000000E+00,    4.5742809758E+02,    4.5742809758E+02,    0.0000000000E+00,    0.0000000000E+00,    0.0000000000E+00,    4.5742809758E+02
    231200,      0.676972,CP6_after_kinetics,   1,    0.0000000000E+00,    4.5742809758E+02,    4.5742809758E+02,    0.0000000000E+00,    0.0000000000E+00,    0.0000000000E+00,    4.5742809758E+02
    231200,      0.676972,CP7_after_upper_clamp,   1,    0.0000000000E+00,    4.5742809758E+02,    4.5742809758E+02,    0.0000000000E+00,    0.0000000000E+00,    0.0000000000E+00,    4.5742809758E+02
    231200,      0.676972,CP8_after_OBC,   1,    0.0000000000E+00,    4.5742809758E+02,    4.5742809758E+02,    0.0000000000E+00,    0.0000000000E+00,    0.0000000000E+00,    4.5742809758E+02
    231200,      0.676972,CP9_after_PTsource,   1,    0.0000000000E+00,    4.5742809758E+02,    4.5742809758E+02,    0.0000000000E+00,    0.0000000000E+00,    0.0000000000E+00,    4.5742809758E+02
    231200,      0.676972,CP10_after_neg_clamp,   1,    0.0000000000E+00,    4.5742809758E+02,    4.5742809758E+02,    0.0000000000E+00,    0.0000000000E+00,    0.0000000000E+00,    4.5742809758E+02
    231200,      0.676972,CP11_after_MPI,   1,    0.0000000000E+00,    4.5742809758E+02,    4.5742809758E+02,    0.0000000000E+00,    0.0000000000E+00,    0.0000000000E+00,    4.5742809758E+02
    231200,      0.676972,CP12_end,   1,    0.0000000000E+00,    4.5742809758E+02,    4.5742809758E+02,    0.0000000000E+00,    0.0000000000E+00,    0.0000000000E+00,    4.5742809758E+02
    231250,      0.676972,CP0_start,   1,    0.0000000000E+00,    4.5756364942E+02,    4.5756364942E+02,    0.0000000000E+00,    0.0000000000E+00,    0.0000000000E+00,    4.5756364942E+02
    231250,      0.676972,CP1_after_deposition,   1,    0.0000000000E+00,    4.5756364942E+02,    4.5756364942E+02,    0.0000000000E+00,    0.0000000000E+00,    0.0000000000E+00,    4.5756364942E+02
    231250,      0.676972,CP2_after_erosion,   1,    0.0000000000E+00,    4.5756364942E+02,    4.5756364942E+02,    0.0000000000E+00,    0.0000000000E+00,    0.0000000000E+00,    4.5756364942E+02
    231250,      0.676972,CP3_after_update_bottom,   1,    0.0000000000E+00,    4.5756364942E+02,    4.5756364942E+02,    0.0000000000E+00,    0.0000000000E+00,    0.0000000000E+00,    4.5756364942E+02
    231250,      0.676972,CP4_after_advection,   1,    0.0000000000E+00,    4.5757673228E+02,    4.5757673228E+02,    0.0000000000E+00,    0.0000000000E+00,    0.0000000000E+00,    4.5757673228E+02
    231250,      0.676972,CP5_after_vdif,   1,    0.0000000000E+00,    4.5757673228E+02,    4.5757673228E+02,    0.0000000000E+00,    0.0000000000E+00,    0.0000000000E+00,    4.5757673228E+02
    231250,      0.676972,CP6_after_kinetics,   1,    0.0000000000E+00,    4.5757673228E+02,    4.5757673228E+02,    0.0000000000E+00,    0.0000000000E+00,    0.0000000000E+00,    4.5757673228E+02
    231250,      0.676972,CP7_after_upper_clamp,   1,    0.0000000000E+00,    4.5757673228E+02,    4.5757673228E+02,    0.0000000000E+00,    0.0000000000E+00,    0.0000000000E+00,    4.5757673228E+02
    231250,      0.676972,CP8_after_OBC,   1,    0.0000000000E+00,    4.5757673228E+02,    4.5757673228E+02,    0.0000000000E+00,    0.0000000000E+00,    0.0000000000E+00,    4.5757673228E+02
    231250,      0.676972,CP9_after_PTsource,   1,    0.0000000000E+00,    4.5757673228E+02,    4.5757673228E+02,    0.0000000000E+00,    0.0000000000E+00,    0.0000000000E+00,    4.5757673228E+02
    231250,      0.676972,CP10_after_neg_clamp,   1,    0.0000000000E+00,    4.5757673228E+02,    4.5757673228E+02,    0.0000000000E+00,    0.0000000000E+00,    0.0000000000E+00,    4.5757673228E+02
    231250,      0.676972,CP11_after_MPI,   1,    0.0000000000E+00,    4.5757673228E+02,    4.5757673228E+02,    0.0000000000E+00,    0.0000000000E+00,    0.0000000000E+00,    4.5757673228E+02
    231250,      0.676972,CP12_end,   1,    0.0000000000E+00,    4.5757673228E+02,    4.5757673228E+02,    0.0000000000E+00,    0.0000000000E+00,    0.0000000000E+00,    4.5757673228E+02
    231300,      0.676972,CP0_start,   1,    0.0000000000E+00,    4.5771523611E+02,    4.5771523611E+02,    0.0000000000E+00,    0.0000000000E+00,    0.0000000000E+00,    4.5771523611E+02
    231300,      0.676972,CP1_after_deposition,   1,    0.0000000000E+00,    4.5771523611E+02,    4.5771523611E+02,    0.0000000000E+00,    0.0000000000E+00,    0.0000000000E+00,    4.5771523611E+02
    231300,      0.676972,CP2_after_erosion,   1,    0.0000000000E+00,    4.5771523611E+02,    4.5771523611E+02,    0.0000000000E+00,    0.0000000000E+00,    0.0000000000E+00,    4.5771523611E+02
    231300,      0.676972,CP3_after_update_bottom,   1,    0.0000000000E+00,    4.5771523611E+02,    4.5771523611E+02,    0.0000000000E+00,    0.0000000000E+00,    0.0000000000E+00,    4.5771523611E+02
    231300,      0.676972,CP4_after_advection,   1,    0.0000000000E+00,    4.5772871123E+02,    4.5772871123E+02,    0.0000000000E+00,    0.0000000000E+00,    0.0000000000E+00,    4.5772871123E+02
    231300,      0.676972,CP5_after_vdif,   1,    0.0000000000E+00,    4.5772871123E+02,    4.5772871123E+02,    0.0000000000E+00,    0.0000000000E+00,    0.0000000000E+00,    4.5772871123E+02
    231300,      0.676972,CP6_after_kinetics,   1,    0.0000000000E+00,    4.5772871123E+02,    4.5772871123E+02,    0.0000000000E+00,    0.0000000000E+00,    0.0000000000E+00,    4.5772871123E+02
    231300,      0.676972,CP7_after_upper_clamp,   1,    0.0000000000E+00,    4.5772871123E+02,    4.5772871123E+02,    0.0000000000E+00,    0.0000000000E+00,    0.0000000000E+00,    4.5772871123E+02
    231300,      0.676972,CP8_after_OBC,   1,    0.0000000000E+00,    4.5772871123E+02,    4.5772871123E+02,    0.0000000000E+00,    0.0000000000E+00,    0.0000000000E+00,    4.5772871123E+02
    231300,      0.676972,CP9_after_PTsource,   1,    0.0000000000E+00,    4.5772871123E+02,    4.5772871123E+02,    0.0000000000E+00,    0.0000000000E+00,    0.0000000000E+00,    4.5772871123E+02
    231300,      0.676972,CP10_after_neg_clamp,   1,    0.0000000000E+00,    4.5772871123E+02,    4.5772871123E+02,    0.0000000000E+00,    0.0000000000E+00,    0.0000000000E+00,    4.5772871123E+02
    231300,      0.676972,CP11_after_MPI,   1,    0.0000000000E+00,    4.5772871123E+02,    4.5772871123E+02,    0.0000000000E+00,    0.0000000000E+00,    0.0000000000E+00,    4.5772871123E+02
    231300,      0.676972,CP12_end,   1,    0.0000000000E+00,    4.5772871123E+02,    4.5772871123E+02,    0.0000000000E+00,    0.0000000000E+00,    0.0000000000E+00,    4.5772871123E+02
    231350,      0.676972,CP0_start,   1,    0.0000000000E+00,    4.5787681057E+02,    4.5787681057E+02,    0.0000000000E+00,    0.0000000000E+00,    0.0000000000E+00,    4.5787681057E+02
    231350,      0.676972,CP1_after_deposition,   1,    0.0000000000E+00,    4.5787681057E+02,    4.5787681057E+02,    0.0000000000E+00,    0.0000000000E+00,    0.0000000000E+00,    4.5787681057E+02
    231350,      0.676972,CP2_after_erosion,   1,    0.0000000000E+00,    4.5787681057E+02,    4.5787681057E+02,    0.0000000000E+00,    0.0000000000E+00,    0.0000000000E+00,    4.5787681057E+02
    231350,      0.676972,CP3_after_update_bottom,   1,    0.0000000000E+00,    4.5787681057E+02,    4.5787681057E+02,    0.0000000000E+00,    0.0000000000E+00,    0.0000000000E+00,    4.5787681057E+02
    231350,      0.676972,CP4_after_advection,   1,    0.0000000000E+00,    4.5789081934E+02,    4.5789081934E+02,    0.0000000000E+00,    0.0000000000E+00,    0.0000000000E+00,    4.5789081934E+02
    231350,      0.676972,CP5_after_vdif,   1,    0.0000000000E+00,    4.5789081934E+02,    4.5789081934E+02,    0.0000000000E+00,    0.0000000000E+00,    0.0000000000E+00,    4.5789081934E+02
    231350,      0.676972,CP6_after_kinetics,   1,    0.0000000000E+00,    4.5789081934E+02,    4.5789081934E+02,    0.0000000000E+00,    0.0000000000E+00,    0.0000000000E+00,    4.5789081934E+02
    231350,      0.676972,CP7_after_upper_clamp,   1,    0.0000000000E+00,    4.5789081934E+02,    4.5789081934E+02,    0.0000000000E+00,    0.0000000000E+00,    0.0000000000E+00,    4.5789081934E+02
    231350,      0.676972,CP8_after_OBC,   1,    0.0000000000E+00,    4.5789081934E+02,    4.5789081934E+02,    0.0000000000E+00,    0.0000000000E+00,    0.0000000000E+00,    4.5789081934E+02
    231350,      0.676972,CP9_after_PTsource,   1,    0.0000000000E+00,    4.5789081934E+02,    4.5789081934E+02,    0.0000000000E+00,    0.0000000000E+00,    0.0000000000E+00,    4.5789081934E+02
    231350,      0.676972,CP10_after_neg_clamp,   1,    0.0000000000E+00,    4.5789081934E+02,    4.5789081934E+02,    0.0000000000E+00,    0.0000000000E+00,    0.0000000000E+00,    4.5789081934E+02
    231350,      0.676972,CP11_after_MPI,   1,    0.0000000000E+00,    4.5789081934E+02,    4.5789081934E+02,    0.0000000000E+00,    0.0000000000E+00,    0.0000000000E+00,    4.5789081934E+02
    231350,      0.676972,CP12_end,   1,    0.0000000000E+00,    4.5789081934E+02,    4.5789081934E+02,    0.0000000000E+00,    0.0000000000E+00,    0.0000000000E+00,    4.5789081934E+02
    231400,      0.676972,CP0_start,   1,    0.0000000000E+00,    4.5805557451E+02,    4.5805557451E+02,    0.0000000000E+00,    0.0000000000E+00,    0.0000000000E+00,    4.5805557451E+02
    231400,      0.676972,CP1_after_deposition,   1,    0.0000000000E+00,    4.5805557451E+02,    4.5805557451E+02,    0.0000000000E+00,    0.0000000000E+00,    0.0000000000E+00,    4.5805557451E+02
    231400,      0.676972,CP2_after_erosion,   1,    0.0000000000E+00,    4.5805557451E+02,    4.5805557451E+02,    0.0000000000E+00,    0.0000000000E+00,    0.0000000000E+00,    4.5805557451E+02
    231400,      0.676972,CP3_after_update_bottom,   1,    0.0000000000E+00,    4.5805557451E+02,    4.5805557451E+02,    0.0000000000E+00,    0.0000000000E+00,    0.0000000000E+00,    4.5805557451E+02
    231400,      0.676972,CP4_after_advection,   1,    0.0000000000E+00,    4.5807019188E+02,    4.5807019188E+02,    0.0000000000E+00,    0.0000000000E+00,    0.0000000000E+00,    4.5807019188E+02
    231400,      0.676972,CP5_after_vdif,   1,    0.0000000000E+00,    4.5807019188E+02,    4.5807019188E+02,    0.0000000000E+00,    0.0000000000E+00,    0.0000000000E+00,    4.5807019188E+02
    231400,      0.676972,CP6_after_kinetics,   1,    0.0000000000E+00,    4.5807019188E+02,    4.5807019188E+02,    0.0000000000E+00,    0.0000000000E+00,    0.0000000000E+00,    4.5807019188E+02
    231400,      0.676972,CP7_after_upper_clamp,   1,    0.0000000000E+00,    4.5807019188E+02,    4.5807019188E+02,    0.0000000000E+00,    0.0000000000E+00,    0.0000000000E+00,    4.5807019188E+02
    231400,      0.676972,CP8_after_OBC,   1,    0.0000000000E+00,    4.5807019188E+02,    4.5807019188E+02,    0.0000000000E+00,    0.0000000000E+00,    0.0000000000E+00,    4.5807019188E+02
    231400,      0.676972,CP9_after_PTsource,   1,    0.0000000000E+00,    4.5807019188E+02,    4.5807019188E+02,    0.0000000000E+00,    0.0000000000E+00,    0.0000000000E+00,    4.5807019188E+02
    231400,      0.676972,CP10_after_neg_clamp,   1,    0.0000000000E+00,    4.5807019188E+02,    4.5807019188E+02,    0.0000000000E+00,    0.0000000000E+00,    0.0000000000E+00,    4.5807019188E+02
    231400,      0.676972,CP11_after_MPI,   1,    0.0000000000E+00,    4.5807019188E+02,    4.5807019188E+02,    0.0000000000E+00,    0.0000000000E+00,    0.0000000000E+00,    4.5807019188E+02
    231400,      0.676972,CP12_end,   1,    0.0000000000E+00,    4.5807019188E+02,    4.5807019188E+02,    0.0000000000E+00,    0.0000000000E+00,    0.0000000000E+00,    4.5807019188E+02
    231450,      0.676972,CP0_start,   1,    0.0000000000E+00,    4.5825244218E+02,    4.5825244218E+02,    0.0000000000E+00,    0.0000000000E+00,    0.0000000000E+00,    4.5825244218E+02
    231450,      0.676972,CP1_after_deposition,   1,    0.0000000000E+00,    4.5825244218E+02,    4.5825244218E+02,    0.0000000000E+00,    0.0000000000E+00,    0.0000000000E+00,    4.5825244218E+02
    231450,      0.676972,CP2_after_erosion,   1,    0.0000000000E+00,    4.5825244218E+02,    4.5825244218E+02,    0.0000000000E+00,    0.0000000000E+00,    0.0000000000E+00,    4.5825244218E+02
    231450,      0.676972,CP3_after_update_bottom,   1,    0.0000000000E+00,    4.5825244218E+02,    4.5825244218E+02,    0.0000000000E+00,    0.0000000000E+00,    0.0000000000E+00,    4.5825244218E+02
    231450,      0.676972,CP4_after_advection,   1,    0.0000000000E+00,    4.5826759704E+02,    4.5826759704E+02,    0.0000000000E+00,    0.0000000000E+00,    0.0000000000E+00,    4.5826759704E+02
    231450,      0.676972,CP5_after_vdif,   1,    0.0000000000E+00,    4.5826759704E+02,    4.5826759704E+02,    0.0000000000E+00,    0.0000000000E+00,    0.0000000000E+00,    4.5826759704E+02
    231450,      0.676972,CP6_after_kinetics,   1,    0.0000000000E+00,    4.5826759704E+02,    4.5826759704E+02,    0.0000000000E+00,    0.0000000000E+00,    0.0000000000E+00,    4.5826759704E+02
    231450,      0.676972,CP7_after_upper_clamp,   1,    0.0000000000E+00,    4.5826759704E+02,    4.5826759704E+02,    0.0000000000E+00,    0.0000000000E+00,    0.0000000000E+00,    4.5826759704E+02
    231450,      0.676972,CP8_after_OBC,   1,    0.0000000000E+00,    4.5826759704E+02,    4.5826759704E+02,    0.0000000000E+00,    0.0000000000E+00,    0.0000000000E+00,    4.5826759704E+02
    231450,      0.676972,CP9_after_PTsource,   1,    0.0000000000E+00,    4.5826759704E+02,    4.5826759704E+02,    0.0000000000E+00,    0.0000000000E+00,    0.0000000000E+00,    4.5826759704E+02
    231450,      0.676972,CP10_after_neg_clamp,   1,    0.0000000000E+00,    4.5826759704E+02,    4.5826759704E+02,    0.0000000000E+00,    0.0000000000E+00,    0.0000000000E+00,    4.5826759704E+02
    231450,      0.676972,CP11_after_MPI,   1,    0.0000000000E+00,    4.5826759704E+02,    4.5826759704E+02,    0.0000000000E+00,    0.0000000000E+00,    0.0000000000E+00,    4.5826759704E+02
    231450,      0.676972,CP12_end,   1,    0.0000000000E+00,    4.5826759704E+02,    4.5826759704E+02,    0.0000000000E+00,    0.0000000000E+00,    0.0000000000E+00,    4.5826759704E+02
    231500,      0.676972,CP0_start,   1,    0.0000000000E+00,    4.5846189592E+02,    4.5846189592E+02,    0.0000000000E+00,    0.0000000000E+00,    0.0000000000E+00,    4.5846189592E+02
    231500,      0.676972,CP1_after_deposition,   1,    0.0000000000E+00,    4.5846189592E+02,    4.5846189592E+02,    0.0000000000E+00,    0.0000000000E+00,    0.0000000000E+00,    4.5846189592E+02
    231500,      0.676972,CP2_after_erosion,   1,    0.0000000000E+00,    4.5846189592E+02,    4.5846189592E+02,    0.0000000000E+00,    0.0000000000E+00,    0.0000000000E+00,    4.5846189592E+02
    231500,      0.676972,CP3_after_update_bottom,   1,    0.0000000000E+00,    4.5846189592E+02,    4.5846189592E+02,    0.0000000000E+00,    0.0000000000E+00,    0.0000000000E+00,    4.5846189592E+02
    231500,      0.676972,CP4_after_advection,   1,    0.0000000000E+00,    4.5847741058E+02,    4.5847741058E+02,    0.0000000000E+00,    0.0000000000E+00,    0.0000000000E+00,    4.5847741058E+02
    231500,      0.676972,CP5_after_vdif,   1,    0.0000000000E+00,    4.5847741058E+02,    4.5847741058E+02,    0.0000000000E+00,    0.0000000000E+00,    0.0000000000E+00,    4.5847741058E+02
    231500,      0.676972,CP6_after_kinetics,   1,    0.0000000000E+00,    4.5847741058E+02,    4.5847741058E+02,    0.0000000000E+00,    0.0000000000E+00,    0.0000000000E+00,    4.5847741058E+02
    231500,      0.676972,CP7_after_upper_clamp,   1,    0.0000000000E+00,    4.5847741058E+02,    4.5847741058E+02,    0.0000000000E+00,    0.0000000000E+00,    0.0000000000E+00,    4.5847741058E+02
    231500,      0.676972,CP8_after_OBC,   1,    0.0000000000E+00,    4.5847741058E+02,    4.5847741058E+02,    0.0000000000E+00,    0.0000000000E+00,    0.0000000000E+00,    4.5847741058E+02
    231500,      0.676972,CP9_after_PTsource,   1,    0.0000000000E+00,    4.5847741058E+02,    4.5847741058E+02,    0.0000000000E+00,    0.0000000000E+00,    0.0000000000E+00,    4.5847741058E+02
    231500,      0.676972,CP10_after_neg_clamp,   1,    0.0000000000E+00,    4.5847741058E+02,    4.5847741058E+02,    0.0000000000E+00,    0.0000000000E+00,    0.0000000000E+00,    4.5847741058E+02
    231500,      0.676972,CP11_after_MPI,   1,    0.0000000000E+00,    4.5847741058E+02,    4.5847741058E+02,    0.0000000000E+00,    0.0000000000E+00,    0.0000000000E+00,    4.5847741058E+02
    231500,      0.676972,CP12_end,   1,    0.0000000000E+00,    4.5847741058E+02,    4.5847741058E+02,    0.0000000000E+00,    0.0000000000E+00,    0.0000000000E+00,    4.5847741058E+02
    231550,      0.676972,CP0_start,   1,    0.0000000000E+00,    4.5867358625E+02,    4.5867358625E+02,    0.0000000000E+00,    0.0000000000E+00,    0.0000000000E+00,    4.5867358625E+02
    231550,      0.676972,CP1_after_deposition,   1,    0.0000000000E+00,    4.5867358625E+02,    4.5867358625E+02,    0.0000000000E+00,    0.0000000000E+00,    0.0000000000E+00,    4.5867358625E+02
    231550,      0.676972,CP2_after_erosion,   1,    0.0000000000E+00,    4.5867358625E+02,    4.5867358625E+02,    0.0000000000E+00,    0.0000000000E+00,    0.0000000000E+00,    4.5867358625E+02
    231550,      0.676972,CP3_after_update_bottom,   1,    0.0000000000E+00,    4.5867358625E+02,    4.5867358625E+02,    0.0000000000E+00,    0.0000000000E+00,    0.0000000000E+00,    4.5867358625E+02
    231550,      0.676972,CP4_after_advection,   1,    0.0000000000E+00,    4.5868923839E+02,    4.5868923839E+02,    0.0000000000E+00,    0.0000000000E+00,    0.0000000000E+00,    4.5868923839E+02
    231550,      0.676972,CP5_after_vdif,   1,    0.0000000000E+00,    4.5868923839E+02,    4.5868923839E+02,    0.0000000000E+00,    0.0000000000E+00,    0.0000000000E+00,    4.5868923839E+02
    231550,      0.676972,CP6_after_kinetics,   1,    0.0000000000E+00,    4.5868923839E+02,    4.5868923839E+02,    0.0000000000E+00,    0.0000000000E+00,    0.0000000000E+00,    4.5868923839E+02
    231550,      0.676972,CP7_after_upper_clamp,   1,    0.0000000000E+00,    4.5868923839E+02,    4.5868923839E+02,    0.0000000000E+00,    0.0000000000E+00,    0.0000000000E+00,    4.5868923839E+02
    231550,      0.676972,CP8_after_OBC,   1,    0.0000000000E+00,    4.5868923839E+02,    4.5868923839E+02,    0.0000000000E+00,    0.0000000000E+00,    0.0000000000E+00,    4.5868923839E+02
    231550,      0.676972,CP9_after_PTsource,   1,    0.0000000000E+00,    4.5868923839E+02,    4.5868923839E+02,    0.0000000000E+00,    0.0000000000E+00,    0.0000000000E+00,    4.5868923839E+02
    231550,      0.676972,CP10_after_neg_clamp,   1,    0.0000000000E+00,    4.5868923839E+02,    4.5868923839E+02,    0.0000000000E+00,    0.0000000000E+00,    0.0000000000E+00,    4.5868923839E+02
    231550,      0.676972,CP11_after_MPI,   1,    0.0000000000E+00,    4.5868923839E+02,    4.5868923839E+02,    0.0000000000E+00,    0.0000000000E+00,    0.0000000000E+00,    4.5868923839E+02
    231550,      0.676972,CP12_end,   1,    0.0000000000E+00,    4.5868923839E+02,    4.5868923839E+02,    0.0000000000E+00,    0.0000000000E+00,    0.0000000000E+00,    4.5868923839E+02
    231600,      0.676972,CP0_start,   1,    0.0000000000E+00,    4.5887863809E+02,    4.5887863809E+02,    0.0000000000E+00,    0.0000000000E+00,    0.0000000000E+00,    4.5887863809E+02
    231600,      0.676972,CP1_after_deposition,   1,    0.0000000000E+00,    4.5887863809E+02,    4.5887863809E+02,    0.0000000000E+00,    0.0000000000E+00,    0.0000000000E+00,    4.5887863809E+02
    231600,      0.676972,CP2_after_erosion,   1,    0.0000000000E+00,    4.5887863809E+02,    4.5887863809E+02,    0.0000000000E+00,    0.0000000000E+00,    0.0000000000E+00,    4.5887863809E+02
    231600,      0.676972,CP3_after_update_bottom,   1,    0.0000000000E+00,    4.5887863809E+02,    4.5887863809E+02,    0.0000000000E+00,    0.0000000000E+00,    0.0000000000E+00,    4.5887863809E+02
    231600,      0.676972,CP4_after_advection,   1,    0.0000000000E+00,    4.5889431749E+02,    4.5889431749E+02,    0.0000000000E+00,    0.0000000000E+00,    0.0000000000E+00,    4.5889431749E+02
    231600,      0.676972,CP5_after_vdif,   1,    0.0000000000E+00,    4.5889431749E+02,    4.5889431749E+02,    0.0000000000E+00,    0.0000000000E+00,    0.0000000000E+00,    4.5889431749E+02
    231600,      0.676972,CP6_after_kinetics,   1,    0.0000000000E+00,    4.5889431749E+02,    4.5889431749E+02,    0.0000000000E+00,    0.0000000000E+00,    0.0000000000E+00,    4.5889431749E+02
    231600,      0.676972,CP7_after_upper_clamp,   1,    0.0000000000E+00,    4.5889431749E+02,    4.5889431749E+02,    0.0000000000E+00,    0.0000000000E+00,    0.0000000000E+00,    4.5889431749E+02
    231600,      0.676972,CP8_after_OBC,   1,    0.0000000000E+00,    4.5889431749E+02,    4.5889431749E+02,    0.0000000000E+00,    0.0000000000E+00,    0.0000000000E+00,    4.5889431749E+02
    231600,      0.676972,CP9_after_PTsource,   1,    0.0000000000E+00,    4.5889431749E+02,    4.5889431749E+02,    0.0000000000E+00,    0.0000000000E+00,    0.0000000000E+00,    4.5889431749E+02
    231600,      0.676972,CP10_after_neg_clamp,   1,    0.0000000000E+00,    4.5889431749E+02,    4.5889431749E+02,    0.0000000000E+00,    0.0000000000E+00,    0.0000000000E+00,    4.5889431749E+02
    231600,      0.676972,CP11_after_MPI,   1,    0.0000000000E+00,    4.5889431749E+02,    4.5889431749E+02,    0.0000000000E+00,    0.0000000000E+00,    0.0000000000E+00,    4.5889431749E+02
    231600,      0.676972,CP12_end,   1,    0.0000000000E+00,    4.5889431749E+02,    4.5889431749E+02,    0.0000000000E+00,    0.0000000000E+00,    0.0000000000E+00,    4.5889431749E+02
    231650,      0.676972,CP0_start,   1,    0.0000000000E+00,    4.5907543639E+02,    4.5907543639E+02,    0.0000000000E+00,    0.0000000000E+00,    0.0000000000E+00,    4.5907543639E+02
    231650,      0.676972,CP1_after_deposition,   1,    0.0000000000E+00,    4.5907543639E+02,    4.5907543639E+02,    0.0000000000E+00,    0.0000000000E+00,    0.0000000000E+00,    4.5907543639E+02
    231650,      0.676972,CP2_after_erosion,   1,    0.0000000000E+00,    4.5907543639E+02,    4.5907543639E+02,    0.0000000000E+00,    0.0000000000E+00,    0.0000000000E+00,    4.5907543639E+02
    231650,      0.676972,CP3_after_update_bottom,   1,    0.0000000000E+00,    4.5907543639E+02,    4.5907543639E+02,    0.0000000000E+00,    0.0000000000E+00,    0.0000000000E+00,    4.5907543639E+02
    231650,      0.676972,CP4_after_advection,   1,    0.0000000000E+00,    4.5909113612E+02,    4.5909113612E+02,    0.0000000000E+00,    0.0000000000E+00,    0.0000000000E+00,    4.5909113612E+02
    231650,      0.676972,CP5_after_vdif,   1,    0.0000000000E+00,    4.5909113612E+02,    4.5909113612E+02,    0.0000000000E+00,    0.0000000000E+00,    0.0000000000E+00,    4.5909113612E+02
    231650,      0.676972,CP6_after_kinetics,   1,    0.0000000000E+00,    4.5909113612E+02,    4.5909113612E+02,    0.0000000000E+00,    0.0000000000E+00,    0.0000000000E+00,    4.5909113612E+02
    231650,      0.676972,CP7_after_upper_clamp,   1,    0.0000000000E+00,    4.5909113612E+02,    4.5909113612E+02,    0.0000000000E+00,    0.0000000000E+00,    0.0000000000E+00,    4.5909113612E+02
    231650,      0.676972,CP8_after_OBC,   1,    0.0000000000E+00,    4.5909113612E+02,    4.5909113612E+02,    0.0000000000E+00,    0.0000000000E+00,    0.0000000000E+00,    4.5909113612E+02
    231650,      0.676972,CP9_after_PTsource,   1,    0.0000000000E+00,    4.5909113612E+02,    4.5909113612E+02,    0.0000000000E+00,    0.0000000000E+00,    0.0000000000E+00,    4.5909113612E+02
    231650,      0.676972,CP10_after_neg_clamp,   1,    0.0000000000E+00,    4.5909113612E+02,    4.5909113612E+02,    0.0000000000E+00,    0.0000000000E+00,    0.0000000000E+00,    4.5909113612E+02
    231650,      0.676972,CP11_after_MPI,   1,    0.0000000000E+00,    4.5909113612E+02,    4.5909113612E+02,    0.0000000000E+00,    0.0000000000E+00,    0.0000000000E+00,    4.5909113612E+02
    231650,      0.676972,CP12_end,   1,    0.0000000000E+00,    4.5909113612E+02,    4.5909113612E+02,    0.0000000000E+00,    0.0000000000E+00,    0.0000000000E+00,    4.5909113612E+02
    231700,      0.676972,CP0_start,   1,    0.0000000000E+00,    4.5926607020E+02,    4.5926607020E+02,    0.0000000000E+00,    0.0000000000E+00,    0.0000000000E+00,    4.5926607020E+02
    231700,      0.676972,CP1_after_deposition,   1,    0.0000000000E+00,    4.5926607020E+02,    4.5926607020E+02,    0.0000000000E+00,    0.0000000000E+00,    0.0000000000E+00,    4.5926607020E+02
    231700,      0.676972,CP2_after_erosion,   1,    0.0000000000E+00,    4.5926607020E+02,    4.5926607020E+02,    0.0000000000E+00,    0.0000000000E+00,    0.0000000000E+00,    4.5926607020E+02
    231700,      0.676972,CP3_after_update_bottom,   1,    0.0000000000E+00,    4.5926607020E+02,    4.5926607020E+02,    0.0000000000E+00,    0.0000000000E+00,    0.0000000000E+00,    4.5926607020E+02
    231700,      0.676972,CP4_after_advection,   1,    0.0000000000E+00,    4.5928187731E+02,    4.5928187731E+02,    0.0000000000E+00,    0.0000000000E+00,    0.0000000000E+00,    4.5928187731E+02
    231700,      0.676972,CP5_after_vdif,   1,    0.0000000000E+00,    4.5928187731E+02,    4.5928187731E+02,    0.0000000000E+00,    0.0000000000E+00,    0.0000000000E+00,    4.5928187731E+02
    231700,      0.676972,CP6_after_kinetics,   1,    0.0000000000E+00,    4.5928187731E+02,    4.5928187731E+02,    0.0000000000E+00,    0.0000000000E+00,    0.0000000000E+00,    4.5928187731E+02
    231700,      0.676972,CP7_after_upper_clamp,   1,    0.0000000000E+00,    4.5928187731E+02,    4.5928187731E+02,    0.0000000000E+00,    0.0000000000E+00,    0.0000000000E+00,    4.5928187731E+02
    231700,      0.676972,CP8_after_OBC,   1,    0.0000000000E+00,    4.5928187731E+02,    4.5928187731E+02,    0.0000000000E+00,    0.0000000000E+00,    0.0000000000E+00,    4.5928187731E+02
    231700,      0.676972,CP9_after_PTsource,   1,    0.0000000000E+00,    4.5928187731E+02,    4.5928187731E+02,    0.0000000000E+00,    0.0000000000E+00,    0.0000000000E+00,    4.5928187731E+02
    231700,      0.676972,CP10_after_neg_clamp,   1,    0.0000000000E+00,    4.5928187731E+02,    4.5928187731E+02,    0.0000000000E+00,    0.0000000000E+00,    0.0000000000E+00,    4.5928187731E+02
    231700,      0.676972,CP11_after_MPI,   1,    0.0000000000E+00,    4.5928187731E+02,    4.5928187731E+02,    0.0000000000E+00,    0.0000000000E+00,    0.0000000000E+00,    4.5928187731E+02
    231700,      0.676972,CP12_end,   1,    0.0000000000E+00,    4.5928187731E+02,    4.5928187731E+02,    0.0000000000E+00,    0.0000000000E+00,    0.0000000000E+00,    4.5928187731E+02
    231750,      0.676972,CP0_start,   1,    0.0000000000E+00,    4.5945550274E+02,    4.5945550274E+02,    0.0000000000E+00,    0.0000000000E+00,    0.0000000000E+00,    4.5945550274E+02
    231750,      0.676972,CP1_after_deposition,   1,    0.0000000000E+00,    4.5945550274E+02,    4.5945550274E+02,    0.0000000000E+00,    0.0000000000E+00,    0.0000000000E+00,    4.5945550274E+02
    231750,      0.676972,CP2_after_erosion,   1,    0.0000000000E+00,    4.5945550274E+02,    4.5945550274E+02,    0.0000000000E+00,    0.0000000000E+00,    0.0000000000E+00,    4.5945550274E+02
    231750,      0.676972,CP3_after_update_bottom,   1,    0.0000000000E+00,    4.5945550274E+02,    4.5945550274E+02,    0.0000000000E+00,    0.0000000000E+00,    0.0000000000E+00,    4.5945550274E+02
    231750,      0.676972,CP4_after_advection,   1,    0.0000000000E+00,    4.5947152380E+02,    4.5947152380E+02,    0.0000000000E+00,    0.0000000000E+00,    0.0000000000E+00,    4.5947152380E+02
    231750,      0.676972,CP5_after_vdif,   1,    0.0000000000E+00,    4.5947152380E+02,    4.5947152380E+02,    0.0000000000E+00,    0.0000000000E+00,    0.0000000000E+00,    4.5947152380E+02
    231750,      0.676972,CP6_after_kinetics,   1,    0.0000000000E+00,    4.5947152380E+02,    4.5947152380E+02,    0.0000000000E+00,    0.0000000000E+00,    0.0000000000E+00,    4.5947152380E+02
    231750,      0.676972,CP7_after_upper_clamp,   1,    0.0000000000E+00,    4.5947152380E+02,    4.5947152380E+02,    0.0000000000E+00,    0.0000000000E+00,    0.0000000000E+00,    4.5947152380E+02
    231750,      0.676972,CP8_after_OBC,   1,    0.0000000000E+00,    4.5947152380E+02,    4.5947152380E+02,    0.0000000000E+00,    0.0000000000E+00,    0.0000000000E+00,    4.5947152380E+02
    231750,      0.676972,CP9_after_PTsource,   1,    0.0000000000E+00,    4.5947152380E+02,    4.5947152380E+02,    0.0000000000E+00,    0.0000000000E+00,    0.0000000000E+00,    4.5947152380E+02
    231750,      0.676972,CP10_after_neg_clamp,   1,    0.0000000000E+00,    4.5947152380E+02,    4.5947152380E+02,    0.0000000000E+00,    0.0000000000E+00,    0.0000000000E+00,    4.5947152380E+02
    231750,      0.676972,CP11_after_MPI,   1,    0.0000000000E+00,    4.5947152380E+02,    4.5947152380E+02,    0.0000000000E+00,    0.0000000000E+00,    0.0000000000E+00,    4.5947152380E+02
    231750,      0.676972,CP12_end,   1,    0.0000000000E+00,    4.5947152380E+02,    4.5947152380E+02,    0.0000000000E+00,    0.0000000000E+00,    0.0000000000E+00,    4.5947152380E+02
    231800,      0.676972,CP0_start,   1,    0.0000000000E+00,    4.5964884821E+02,    4.5964884821E+02,    0.0000000000E+00,    0.0000000000E+00,    0.0000000000E+00,    4.5964884821E+02
    231800,      0.676972,CP1_after_deposition,   1,    0.0000000000E+00,    4.5964884821E+02,    4.5964884821E+02,    0.0000000000E+00,    0.0000000000E+00,    0.0000000000E+00,    4.5964884821E+02
    231800,      0.676972,CP2_after_erosion,   1,    0.0000000000E+00,    4.5964884821E+02,    4.5964884821E+02,    0.0000000000E+00,    0.0000000000E+00,    0.0000000000E+00,    4.5964884821E+02
    231800,      0.676972,CP3_after_update_bottom,   1,    0.0000000000E+00,    4.5964884821E+02,    4.5964884821E+02,    0.0000000000E+00,    0.0000000000E+00,    0.0000000000E+00,    4.5964884821E+02
    231800,      0.676972,CP4_after_advection,   1,    0.0000000000E+00,    4.5966515673E+02,    4.5966515673E+02,    0.0000000000E+00,    0.0000000000E+00,    0.0000000000E+00,    4.5966515673E+02
    231800,      0.676972,CP5_after_vdif,   1,    0.0000000000E+00,    4.5966515673E+02,    4.5966515673E+02,    0.0000000000E+00,    0.0000000000E+00,    0.0000000000E+00,    4.5966515673E+02
    231800,      0.676972,CP6_after_kinetics,   1,    0.0000000000E+00,    4.5966515673E+02,    4.5966515673E+02,    0.0000000000E+00,    0.0000000000E+00,    0.0000000000E+00,    4.5966515673E+02
    231800,      0.676972,CP7_after_upper_clamp,   1,    0.0000000000E+00,    4.5966515673E+02,    4.5966515673E+02,    0.0000000000E+00,    0.0000000000E+00,    0.0000000000E+00,    4.5966515673E+02
    231800,      0.676972,CP8_after_OBC,   1,    0.0000000000E+00,    4.5966515673E+02,    4.5966515673E+02,    0.0000000000E+00,    0.0000000000E+00,    0.0000000000E+00,    4.5966515673E+02
    231800,      0.676972,CP9_after_PTsource,   1,    0.0000000000E+00,    4.5966515673E+02,    4.5966515673E+02,    0.0000000000E+00,    0.0000000000E+00,    0.0000000000E+00,    4.5966515673E+02
    231800,      0.676972,CP10_after_neg_clamp,   1,    0.0000000000E+00,    4.5966515673E+02,    4.5966515673E+02,    0.0000000000E+00,    0.0000000000E+00,    0.0000000000E+00,    4.5966515673E+02
    231800,      0.676972,CP11_after_MPI,   1,    0.0000000000E+00,    4.5966515673E+02,    4.5966515673E+02,    0.0000000000E+00,    0.0000000000E+00,    0.0000000000E+00,    4.5966515673E+02
    231800,      0.676972,CP12_end,   1,    0.0000000000E+00,    4.5966515673E+02,    4.5966515673E+02,    0.0000000000E+00,    0.0000000000E+00,    0.0000000000E+00,    4.5966515673E+02
    231850,      0.676972,CP0_start,   1,    0.0000000000E+00,    4.5985035633E+02,    4.5985035633E+02,    0.0000000000E+00,    0.0000000000E+00,    0.0000000000E+00,    4.5985035633E+02
    231850,      0.676972,CP1_after_deposition,   1,    0.0000000000E+00,    4.5985035633E+02,    4.5985035633E+02,    0.0000000000E+00,    0.0000000000E+00,    0.0000000000E+00,    4.5985035633E+02
    231850,      0.676972,CP2_after_erosion,   1,    0.0000000000E+00,    4.5985035633E+02,    4.5985035633E+02,    0.0000000000E+00,    0.0000000000E+00,    0.0000000000E+00,    4.5985035633E+02
    231850,      0.676972,CP3_after_update_bottom,   1,    0.0000000000E+00,    4.5985035633E+02,    4.5985035633E+02,    0.0000000000E+00,    0.0000000000E+00,    0.0000000000E+00,    4.5985035633E+02
    231850,      0.676972,CP4_after_advection,   1,    0.0000000000E+00,    4.5986702466E+02,    4.5986702466E+02,    0.0000000000E+00,    0.0000000000E+00,    0.0000000000E+00,    4.5986702466E+02
    231850,      0.676972,CP5_after_vdif,   1,    0.0000000000E+00,    4.5986702466E+02,    4.5986702466E+02,    0.0000000000E+00,    0.0000000000E+00,    0.0000000000E+00,    4.5986702466E+02
    231850,      0.676972,CP6_after_kinetics,   1,    0.0000000000E+00,    4.5986702466E+02,    4.5986702466E+02,    0.0000000000E+00,    0.0000000000E+00,    0.0000000000E+00,    4.5986702466E+02
    231850,      0.676972,CP7_after_upper_clamp,   1,    0.0000000000E+00,    4.5986702466E+02,    4.5986702466E+02,    0.0000000000E+00,    0.0000000000E+00,    0.0000000000E+00,    4.5986702466E+02
    231850,      0.676972,CP8_after_OBC,   1,    0.0000000000E+00,    4.5986702466E+02,    4.5986702466E+02,    0.0000000000E+00,    0.0000000000E+00,    0.0000000000E+00,    4.5986702466E+02
    231850,      0.676972,CP9_after_PTsource,   1,    0.0000000000E+00,    4.5986702466E+02,    4.5986702466E+02,    0.0000000000E+00,    0.0000000000E+00,    0.0000000000E+00,    4.5986702466E+02
    231850,      0.676972,CP10_after_neg_clamp,   1,    0.0000000000E+00,    4.5986702466E+02,    4.5986702466E+02,    0.0000000000E+00,    0.0000000000E+00,    0.0000000000E+00,    4.5986702466E+02
    231850,      0.676972,CP11_after_MPI,   1,    0.0000000000E+00,    4.5986702466E+02,    4.5986702466E+02,    0.0000000000E+00,    0.0000000000E+00,    0.0000000000E+00,    4.5986702466E+02
    231850,      0.676972,CP12_end,   1,    0.0000000000E+00,    4.5986702466E+02,    4.5986702466E+02,    0.0000000000E+00,    0.0000000000E+00,    0.0000000000E+00,    4.5986702466E+02
    231900,      0.676972,CP0_start,   1,    0.0000000000E+00,    4.6006147930E+02,    4.6006147930E+02,    0.0000000000E+00,    0.0000000000E+00,    0.0000000000E+00,    4.6006147930E+02
    231900,      0.676972,CP1_after_deposition,   1,    0.0000000000E+00,    4.6006147930E+02,    4.6006147930E+02,    0.0000000000E+00,    0.0000000000E+00,    0.0000000000E+00,    4.6006147930E+02
    231900,      0.676972,CP2_after_erosion,   1,    0.0000000000E+00,    4.6006147930E+02,    4.6006147930E+02,    0.0000000000E+00,    0.0000000000E+00,    0.0000000000E+00,    4.6006147930E+02
    231900,      0.676972,CP3_after_update_bottom,   1,    0.0000000000E+00,    4.6006147930E+02,    4.6006147930E+02,    0.0000000000E+00,    0.0000000000E+00,    0.0000000000E+00,    4.6006147930E+02
    231900,      0.676972,CP4_after_advection,   1,    0.0000000000E+00,    4.6007848380E+02,    4.6007848380E+02,    0.0000000000E+00,    0.0000000000E+00,    0.0000000000E+00,    4.6007848380E+02
    231900,      0.676972,CP5_after_vdif,   1,    0.0000000000E+00,    4.6007848380E+02,    4.6007848380E+02,    0.0000000000E+00,    0.0000000000E+00,    0.0000000000E+00,    4.6007848380E+02
    231900,      0.676972,CP6_after_kinetics,   1,    0.0000000000E+00,    4.6007848380E+02,    4.6007848380E+02,    0.0000000000E+00,    0.0000000000E+00,    0.0000000000E+00,    4.6007848380E+02
    231900,      0.676972,CP7_after_upper_clamp,   1,    0.0000000000E+00,    4.6007848380E+02,    4.6007848380E+02,    0.0000000000E+00,    0.0000000000E+00,    0.0000000000E+00,    4.6007848380E+02
    231900,      0.676972,CP8_after_OBC,   1,    0.0000000000E+00,    4.6007848380E+02,    4.6007848380E+02,    0.0000000000E+00,    0.0000000000E+00,    0.0000000000E+00,    4.6007848380E+02
    231900,      0.676972,CP9_after_PTsource,   1,    0.0000000000E+00,    4.6007848380E+02,    4.6007848380E+02,    0.0000000000E+00,    0.0000000000E+00,    0.0000000000E+00,    4.6007848380E+02
    231900,      0.676972,CP10_after_neg_clamp,   1,    0.0000000000E+00,    4.6007848380E+02,    4.6007848380E+02,    0.0000000000E+00,    0.0000000000E+00,    0.0000000000E+00,    4.6007848380E+02
    231900,      0.676972,CP11_after_MPI,   1,    0.0000000000E+00,    4.6007848380E+02,    4.6007848380E+02,    0.0000000000E+00,    0.0000000000E+00,    0.0000000000E+00,    4.6007848380E+02
    231900,      0.676972,CP12_end,   1,    0.0000000000E+00,    4.6007848380E+02,    4.6007848380E+02,    0.0000000000E+00,    0.0000000000E+00,    0.0000000000E+00,    4.6007848380E+02
    231950,      0.676972,CP0_start,   1,    0.0000000000E+00,    4.6027966077E+02,    4.6027966077E+02,    0.0000000000E+00,    0.0000000000E+00,    0.0000000000E+00,    4.6027966077E+02
    231950,      0.676972,CP1_after_deposition,   1,    0.0000000000E+00,    4.6027966077E+02,    4.6027966077E+02,    0.0000000000E+00,    0.0000000000E+00,    0.0000000000E+00,    4.6027966077E+02
    231950,      0.676972,CP2_after_erosion,   1,    0.0000000000E+00,    4.6027966077E+02,    4.6027966077E+02,    0.0000000000E+00,    0.0000000000E+00,    0.0000000000E+00,    4.6027966077E+02
    231950,      0.676972,CP3_after_update_bottom,   1,    0.0000000000E+00,    4.6027966077E+02,    4.6027966077E+02,    0.0000000000E+00,    0.0000000000E+00,    0.0000000000E+00,    4.6027966077E+02
    231950,      0.676972,CP4_after_advection,   1,    0.0000000000E+00,    4.6029691515E+02,    4.6029691515E+02,    0.0000000000E+00,    0.0000000000E+00,    0.0000000000E+00,    4.6029691515E+02
    231950,      0.676972,CP5_after_vdif,   1,    0.0000000000E+00,    4.6029691515E+02,    4.6029691515E+02,    0.0000000000E+00,    0.0000000000E+00,    0.0000000000E+00,    4.6029691515E+02
    231950,      0.676972,CP6_after_kinetics,   1,    0.0000000000E+00,    4.6029691515E+02,    4.6029691515E+02,    0.0000000000E+00,    0.0000000000E+00,    0.0000000000E+00,    4.6029691515E+02
    231950,      0.676972,CP7_after_upper_clamp,   1,    0.0000000000E+00,    4.6029691515E+02,    4.6029691515E+02,    0.0000000000E+00,    0.0000000000E+00,    0.0000000000E+00,    4.6029691515E+02
    231950,      0.676972,CP8_after_OBC,   1,    0.0000000000E+00,    4.6029691515E+02,    4.6029691515E+02,    0.0000000000E+00,    0.0000000000E+00,    0.0000000000E+00,    4.6029691515E+02
    231950,      0.676972,CP9_after_PTsource,   1,    0.0000000000E+00,    4.6029691515E+02,    4.6029691515E+02,    0.0000000000E+00,    0.0000000000E+00,    0.0000000000E+00,    4.6029691515E+02
    231950,      0.676972,CP10_after_neg_clamp,   1,    0.0000000000E+00,    4.6029691515E+02,    4.6029691515E+02,    0.0000000000E+00,    0.0000000000E+00,    0.0000000000E+00,    4.6029691515E+02
    231950,      0.676972,CP11_after_MPI,   1,    0.0000000000E+00,    4.6029691515E+02,    4.6029691515E+02,    0.0000000000E+00,    0.0000000000E+00,    0.0000000000E+00,    4.6029691515E+02
    231950,      0.676972,CP12_end,   1,    0.0000000000E+00,    4.6029691515E+02,    4.6029691515E+02,    0.0000000000E+00,    0.0000000000E+00,    0.0000000000E+00,    4.6029691515E+02
    232000,      0.676972,CP0_start,   1,    0.0000000000E+00,    4.6049922167E+02,    4.6049922167E+02,    0.0000000000E+00,    0.0000000000E+00,    0.0000000000E+00,    4.6049922167E+02
    232000,      0.676972,CP1_after_deposition,   1,    0.0000000000E+00,    4.6049922167E+02,    4.6049922167E+02,    0.0000000000E+00,    0.0000000000E+00,    0.0000000000E+00,    4.6049922167E+02
    232000,      0.676972,CP2_after_erosion,   1,    0.0000000000E+00,    4.6049922167E+02,    4.6049922167E+02,    0.0000000000E+00,    0.0000000000E+00,    0.0000000000E+00,    4.6049922167E+02
    232000,      0.676972,CP3_after_update_bottom,   1,    0.0000000000E+00,    4.6049922167E+02,    4.6049922167E+02,    0.0000000000E+00,    0.0000000000E+00,    0.0000000000E+00,    4.6049922167E+02
    232000,      0.676972,CP4_after_advection,   1,    0.0000000000E+00,    4.6051657486E+02,    4.6051657486E+02,    0.0000000000E+00,    0.0000000000E+00,    0.0000000000E+00,    4.6051657486E+02
    232000,      0.676972,CP5_after_vdif,   1,    0.0000000000E+00,    4.6051657486E+02,    4.6051657486E+02,    0.0000000000E+00,    0.0000000000E+00,    0.0000000000E+00,    4.6051657486E+02
    232000,      0.676972,CP6_after_kinetics,   1,    0.0000000000E+00,    4.6051657486E+02,    4.6051657486E+02,    0.0000000000E+00,    0.0000000000E+00,    0.0000000000E+00,    4.6051657486E+02
    232000,      0.676972,CP7_after_upper_clamp,   1,    0.0000000000E+00,    4.6051657486E+02,    4.6051657486E+02,    0.0000000000E+00,    0.0000000000E+00,    0.0000000000E+00,    4.6051657486E+02
    232000,      0.676972,CP8_after_OBC,   1,    0.0000000000E+00,    4.6051657486E+02,    4.6051657486E+02,    0.0000000000E+00,    0.0000000000E+00,    0.0000000000E+00,    4.6051657486E+02
    232000,      0.676972,CP9_after_PTsource,   1,    0.0000000000E+00,    4.6051657486E+02,    4.6051657486E+02,    0.0000000000E+00,    0.0000000000E+00,    0.0000000000E+00,    4.6051657486E+02
    232000,      0.676972,CP10_after_neg_clamp,   1,    0.0000000000E+00,    4.6051657486E+02,    4.6051657486E+02,    0.0000000000E+00,    0.0000000000E+00,    0.0000000000E+00,    4.6051657486E+02
    232000,      0.676972,CP11_after_MPI,   1,    0.0000000000E+00,    4.6051657486E+02,    4.6051657486E+02,    0.0000000000E+00,    0.0000000000E+00,    0.0000000000E+00,    4.6051657486E+02
    232000,      0.676972,CP12_end,   1,    0.0000000000E+00,    4.6051657486E+02,    4.6051657486E+02,    0.0000000000E+00,    0.0000000000E+00,    0.0000000000E+00,    4.6051657486E+02
    232050,      0.676972,CP0_start,   1,    0.0000000000E+00,    4.6071382658E+02,    4.6071382658E+02,    0.0000000000E+00,    0.0000000000E+00,    0.0000000000E+00,    4.6071382658E+02
    232050,      0.676972,CP1_after_deposition,   1,    0.0000000000E+00,    4.6071382658E+02,    4.6071382658E+02,    0.0000000000E+00,    0.0000000000E+00,    0.0000000000E+00,    4.6071382658E+02
    232050,      0.676972,CP2_after_erosion,   1,    0.0000000000E+00,    4.6071382658E+02,    4.6071382658E+02,    0.0000000000E+00,    0.0000000000E+00,    0.0000000000E+00,    4.6071382658E+02
    232050,      0.676972,CP3_after_update_bottom,   1,    0.0000000000E+00,    4.6071382658E+02,    4.6071382658E+02,    0.0000000000E+00,    0.0000000000E+00,    0.0000000000E+00,    4.6071382658E+02
    232050,      0.676972,CP4_after_advection,   1,    0.0000000000E+00,    4.6073116518E+02,    4.6073116518E+02,    0.0000000000E+00,    0.0000000000E+00,    0.0000000000E+00,    4.6073116518E+02
    232050,      0.676972,CP5_after_vdif,   1,    0.0000000000E+00,    4.6073116518E+02,    4.6073116518E+02,    0.0000000000E+00,    0.0000000000E+00,    0.0000000000E+00,    4.6073116518E+02
    232050,      0.676972,CP6_after_kinetics,   1,    0.0000000000E+00,    4.6073116518E+02,    4.6073116518E+02,    0.0000000000E+00,    0.0000000000E+00,    0.0000000000E+00,    4.6073116518E+02
    232050,      0.676972,CP7_after_upper_clamp,   1,    0.0000000000E+00,    4.6073116518E+02,    4.6073116518E+02,    0.0000000000E+00,    0.0000000000E+00,    0.0000000000E+00,    4.6073116518E+02
    232050,      0.676972,CP8_after_OBC,   1,    0.0000000000E+00,    4.6073116518E+02,    4.6073116518E+02,    0.0000000000E+00,    0.0000000000E+00,    0.0000000000E+00,    4.6073116518E+02
    232050,      0.676972,CP9_after_PTsource,   1,    0.0000000000E+00,    4.6073116518E+02,    4.6073116518E+02,    0.0000000000E+00,    0.0000000000E+00,    0.0000000000E+00,    4.6073116518E+02
    232050,      0.676972,CP10_after_neg_clamp,   1,    0.0000000000E+00,    4.6073116518E+02,    4.6073116518E+02,    0.0000000000E+00,    0.0000000000E+00,    0.0000000000E+00,    4.6073116518E+02
    232050,      0.676972,CP11_after_MPI,   1,    0.0000000000E+00,    4.6073116518E+02,    4.6073116518E+02,    0.0000000000E+00,    0.0000000000E+00,    0.0000000000E+00,    4.6073116518E+02
    232050,      0.676972,CP12_end,   1,    0.0000000000E+00,    4.6073116518E+02,    4.6073116518E+02,    0.0000000000E+00,    0.0000000000E+00,    0.0000000000E+00,    4.6073116518E+02
    232100,      0.676972,CP0_start,   1,    0.0000000000E+00,    4.6091900700E+02,    4.6091900700E+02,    0.0000000000E+00,    0.0000000000E+00,    0.0000000000E+00,    4.6091900700E+02
    232100,      0.676972,CP1_after_deposition,   1,    0.0000000000E+00,    4.6091900700E+02,    4.6091900700E+02,    0.0000000000E+00,    0.0000000000E+00,    0.0000000000E+00,    4.6091900700E+02
    232100,      0.676972,CP2_after_erosion,   1,    0.0000000000E+00,    4.6091900700E+02,    4.6091900700E+02,    0.0000000000E+00,    0.0000000000E+00,    0.0000000000E+00,    4.6091900700E+02
    232100,      0.676972,CP3_after_update_bottom,   1,    0.0000000000E+00,    4.6091900700E+02,    4.6091900700E+02,    0.0000000000E+00,    0.0000000000E+00,    0.0000000000E+00,    4.6091900700E+02
    232100,      0.676972,CP4_after_advection,   1,    0.0000000000E+00,    4.6093626654E+02,    4.6093626654E+02,    0.0000000000E+00,    0.0000000000E+00,    0.0000000000E+00,    4.6093626654E+02
    232100,      0.676972,CP5_after_vdif,   1,    0.0000000000E+00,    4.6093626654E+02,    4.6093626654E+02,    0.0000000000E+00,    0.0000000000E+00,    0.0000000000E+00,    4.6093626654E+02
    232100,      0.676972,CP6_after_kinetics,   1,    0.0000000000E+00,    4.6093626654E+02,    4.6093626654E+02,    0.0000000000E+00,    0.0000000000E+00,    0.0000000000E+00,    4.6093626654E+02
    232100,      0.676972,CP7_after_upper_clamp,   1,    0.0000000000E+00,    4.6093626654E+02,    4.6093626654E+02,    0.0000000000E+00,    0.0000000000E+00,    0.0000000000E+00,    4.6093626654E+02
    232100,      0.676972,CP8_after_OBC,   1,    0.0000000000E+00,    4.6093626654E+02,    4.6093626654E+02,    0.0000000000E+00,    0.0000000000E+00,    0.0000000000E+00,    4.6093626654E+02
    232100,      0.676972,CP9_after_PTsource,   1,    0.0000000000E+00,    4.6093626654E+02,    4.6093626654E+02,    0.0000000000E+00,    0.0000000000E+00,    0.0000000000E+00,    4.6093626654E+02
    232100,      0.676972,CP10_after_neg_clamp,   1,    0.0000000000E+00,    4.6093626654E+02,    4.6093626654E+02,    0.0000000000E+00,    0.0000000000E+00,    0.0000000000E+00,    4.6093626654E+02
    232100,      0.676972,CP11_after_MPI,   1,    0.0000000000E+00,    4.6093626654E+02,    4.6093626654E+02,    0.0000000000E+00,    0.0000000000E+00,    0.0000000000E+00,    4.6093626654E+02
    232100,      0.676972,CP12_end,   1,    0.0000000000E+00,    4.6093626654E+02,    4.6093626654E+02,    0.0000000000E+00,    0.0000000000E+00,    0.0000000000E+00,    4.6093626654E+02
    232150,      0.676972,CP0_start,   1,    0.0000000000E+00,    4.6111280719E+02,    4.6111280719E+02,    0.0000000000E+00,    0.0000000000E+00,    0.0000000000E+00,    4.6111280719E+02
    232150,      0.676972,CP1_after_deposition,   1,    0.0000000000E+00,    4.6111280719E+02,    4.6111280719E+02,    0.0000000000E+00,    0.0000000000E+00,    0.0000000000E+00,    4.6111280719E+02
    232150,      0.676972,CP2_after_erosion,   1,    0.0000000000E+00,    4.6111280719E+02,    4.6111280719E+02,    0.0000000000E+00,    0.0000000000E+00,    0.0000000000E+00,    4.6111280719E+02
    232150,      0.676972,CP3_after_update_bottom,   1,    0.0000000000E+00,    4.6111280719E+02,    4.6111280719E+02,    0.0000000000E+00,    0.0000000000E+00,    0.0000000000E+00,    4.6111280719E+02
    232150,      0.676972,CP4_after_advection,   1,    0.0000000000E+00,    4.6112998507E+02,    4.6112998507E+02,    0.0000000000E+00,    0.0000000000E+00,    0.0000000000E+00,    4.6112998507E+02
    232150,      0.676972,CP5_after_vdif,   1,    0.0000000000E+00,    4.6112998507E+02,    4.6112998507E+02,    0.0000000000E+00,    0.0000000000E+00,    0.0000000000E+00,    4.6112998507E+02
    232150,      0.676972,CP6_after_kinetics,   1,    0.0000000000E+00,    4.6112998507E+02,    4.6112998507E+02,    0.0000000000E+00,    0.0000000000E+00,    0.0000000000E+00,    4.6112998507E+02
    232150,      0.676972,CP7_after_upper_clamp,   1,    0.0000000000E+00,    4.6112998507E+02,    4.6112998507E+02,    0.0000000000E+00,    0.0000000000E+00,    0.0000000000E+00,    4.6112998507E+02
    232150,      0.676972,CP8_after_OBC,   1,    0.0000000000E+00,    4.6112998507E+02,    4.6112998507E+02,    0.0000000000E+00,    0.0000000000E+00,    0.0000000000E+00,    4.6112998507E+02
    232150,      0.676972,CP9_after_PTsource,   1,    0.0000000000E+00,    4.6112998507E+02,    4.6112998507E+02,    0.0000000000E+00,    0.0000000000E+00,    0.0000000000E+00,    4.6112998507E+02
    232150,      0.676972,CP10_after_neg_clamp,   1,    0.0000000000E+00,    4.6112998507E+02,    4.6112998507E+02,    0.0000000000E+00,    0.0000000000E+00,    0.0000000000E+00,    4.6112998507E+02
    232150,      0.676972,CP11_after_MPI,   1,    0.0000000000E+00,    4.6112998507E+02,    4.6112998507E+02,    0.0000000000E+00,    0.0000000000E+00,    0.0000000000E+00,    4.6112998507E+02
    232150,      0.676972,CP12_end,   1,    0.0000000000E+00,    4.6112998507E+02,    4.6112998507E+02,    0.0000000000E+00,    0.0000000000E+00,    0.0000000000E+00,    4.6112998507E+02
    232200,      0.676972,CP0_start,   1,    0.0000000000E+00,    4.6129647958E+02,    4.6129647958E+02,    0.0000000000E+00,    0.0000000000E+00,    0.0000000000E+00,    4.6129647958E+02
    232200,      0.676972,CP1_after_deposition,   1,    0.0000000000E+00,    4.6129647958E+02,    4.6129647958E+02,    0.0000000000E+00,    0.0000000000E+00,    0.0000000000E+00,    4.6129647958E+02
    232200,      0.676972,CP2_after_erosion,   1,    0.0000000000E+00,    4.6129647958E+02,    4.6129647958E+02,    0.0000000000E+00,    0.0000000000E+00,    0.0000000000E+00,    4.6129647958E+02
    232200,      0.676972,CP3_after_update_bottom,   1,    0.0000000000E+00,    4.6129647958E+02,    4.6129647958E+02,    0.0000000000E+00,    0.0000000000E+00,    0.0000000000E+00,    4.6129647958E+02
    232200,      0.676972,CP4_after_advection,   1,    0.0000000000E+00,    4.6131360817E+02,    4.6131360817E+02,    0.0000000000E+00,    0.0000000000E+00,    0.0000000000E+00,    4.6131360817E+02
    232200,      0.676972,CP5_after_vdif,   1,    0.0000000000E+00,    4.6131360817E+02,    4.6131360817E+02,    0.0000000000E+00,    0.0000000000E+00,    0.0000000000E+00,    4.6131360817E+02
    232200,      0.676972,CP6_after_kinetics,   1,    0.0000000000E+00,    4.6131360817E+02,    4.6131360817E+02,    0.0000000000E+00,    0.0000000000E+00,    0.0000000000E+00,    4.6131360817E+02
    232200,      0.676972,CP7_after_upper_clamp,   1,    0.0000000000E+00,    4.6131360817E+02,    4.6131360817E+02,    0.0000000000E+00,    0.0000000000E+00,    0.0000000000E+00,    4.6131360817E+02
    232200,      0.676972,CP8_after_OBC,   1,    0.0000000000E+00,    4.6131360817E+02,    4.6131360817E+02,    0.0000000000E+00,    0.0000000000E+00,    0.0000000000E+00,    4.6131360817E+02
    232200,      0.676972,CP9_after_PTsource,   1,    0.0000000000E+00,    4.6131360817E+02,    4.6131360817E+02,    0.0000000000E+00,    0.0000000000E+00,    0.0000000000E+00,    4.6131360817E+02
    232200,      0.676972,CP10_after_neg_clamp,   1,    0.0000000000E+00,    4.6131360817E+02,    4.6131360817E+02,    0.0000000000E+00,    0.0000000000E+00,    0.0000000000E+00,    4.6131360817E+02
    232200,      0.676972,CP11_after_MPI,   1,    0.0000000000E+00,    4.6131360817E+02,    4.6131360817E+02,    0.0000000000E+00,    0.0000000000E+00,    0.0000000000E+00,    4.6131360817E+02
    232200,      0.676972,CP12_end,   1,    0.0000000000E+00,    4.6131360817E+02,    4.6131360817E+02,    0.0000000000E+00,    0.0000000000E+00,    0.0000000000E+00,    4.6131360817E+02
    232250,      0.676972,CP0_start,   1,    0.0000000000E+00,    4.6147326408E+02,    4.6147326408E+02,    0.0000000000E+00,    0.0000000000E+00,    0.0000000000E+00,    4.6147326408E+02
    232250,      0.676972,CP1_after_deposition,   1,    0.0000000000E+00,    4.6147326408E+02,    4.6147326408E+02,    0.0000000000E+00,    0.0000000000E+00,    0.0000000000E+00,    4.6147326408E+02
    232250,      0.676972,CP2_after_erosion,   1,    0.0000000000E+00,    4.6147326408E+02,    4.6147326408E+02,    0.0000000000E+00,    0.0000000000E+00,    0.0000000000E+00,    4.6147326408E+02
    232250,      0.676972,CP3_after_update_bottom,   1,    0.0000000000E+00,    4.6147326408E+02,    4.6147326408E+02,    0.0000000000E+00,    0.0000000000E+00,    0.0000000000E+00,    4.6147326408E+02
    232250,      0.676972,CP4_after_advection,   1,    0.0000000000E+00,    4.6149043720E+02,    4.6149043720E+02,    0.0000000000E+00,    0.0000000000E+00,    0.0000000000E+00,    4.6149043720E+02
    232250,      0.676972,CP5_after_vdif,   1,    0.0000000000E+00,    4.6149043720E+02,    4.6149043720E+02,    0.0000000000E+00,    0.0000000000E+00,    0.0000000000E+00,    4.6149043720E+02
    232250,      0.676972,CP6_after_kinetics,   1,    0.0000000000E+00,    4.6149043720E+02,    4.6149043720E+02,    0.0000000000E+00,    0.0000000000E+00,    0.0000000000E+00,    4.6149043720E+02
    232250,      0.676972,CP7_after_upper_clamp,   1,    0.0000000000E+00,    4.6149043720E+02,    4.6149043720E+02,    0.0000000000E+00,    0.0000000000E+00,    0.0000000000E+00,    4.6149043720E+02
    232250,      0.676972,CP8_after_OBC,   1,    0.0000000000E+00,    4.6149043720E+02,    4.6149043720E+02,    0.0000000000E+00,    0.0000000000E+00,    0.0000000000E+00,    4.6149043720E+02
    232250,      0.676972,CP9_after_PTsource,   1,    0.0000000000E+00,    4.6149043720E+02,    4.6149043720E+02,    0.0000000000E+00,    0.0000000000E+00,    0.0000000000E+00,    4.6149043720E+02
    232250,      0.676972,CP10_after_neg_clamp,   1,    0.0000000000E+00,    4.6149043720E+02,    4.6149043720E+02,    0.0000000000E+00,    0.0000000000E+00,    0.0000000000E+00,    4.6149043720E+02
    232250,      0.676972,CP11_after_MPI,   1,    0.0000000000E+00,    4.6149043720E+02,    4.6149043720E+02,    0.0000000000E+00,    0.0000000000E+00,    0.0000000000E+00,    4.6149043720E+02
    232250,      0.676972,CP12_end,   1,    0.0000000000E+00,    4.6149043720E+02,    4.6149043720E+02,    0.0000000000E+00,    0.0000000000E+00,    0.0000000000E+00,    4.6149043720E+02
    232300,      0.676972,CP0_start,   1,    0.0000000000E+00,    4.6164809238E+02,    4.6164809238E+02,    0.0000000000E+00,    0.0000000000E+00,    0.0000000000E+00,    4.6164809238E+02
    232300,      0.676972,CP1_after_deposition,   1,    0.0000000000E+00,    4.6164809238E+02,    4.6164809238E+02,    0.0000000000E+00,    0.0000000000E+00,    0.0000000000E+00,    4.6164809238E+02
    232300,      0.676972,CP2_after_erosion,   1,    0.0000000000E+00,    4.6164809238E+02,    4.6164809238E+02,    0.0000000000E+00,    0.0000000000E+00,    0.0000000000E+00,    4.6164809238E+02
    232300,      0.676972,CP3_after_update_bottom,   1,    0.0000000000E+00,    4.6164809238E+02,    4.6164809238E+02,    0.0000000000E+00,    0.0000000000E+00,    0.0000000000E+00,    4.6164809238E+02
    232300,      0.676972,CP4_after_advection,   1,    0.0000000000E+00,    4.6166541945E+02,    4.6166541945E+02,    0.0000000000E+00,    0.0000000000E+00,    0.0000000000E+00,    4.6166541945E+02
    232300,      0.676972,CP5_after_vdif,   1,    0.0000000000E+00,    4.6166541945E+02,    4.6166541945E+02,    0.0000000000E+00,    0.0000000000E+00,    0.0000000000E+00,    4.6166541945E+02
    232300,      0.676972,CP6_after_kinetics,   1,    0.0000000000E+00,    4.6166541945E+02,    4.6166541945E+02,    0.0000000000E+00,    0.0000000000E+00,    0.0000000000E+00,    4.6166541945E+02
    232300,      0.676972,CP7_after_upper_clamp,   1,    0.0000000000E+00,    4.6166541945E+02,    4.6166541945E+02,    0.0000000000E+00,    0.0000000000E+00,    0.0000000000E+00,    4.6166541945E+02
    232300,      0.676972,CP8_after_OBC,   1,    0.0000000000E+00,    4.6166541945E+02,    4.6166541945E+02,    0.0000000000E+00,    0.0000000000E+00,    0.0000000000E+00,    4.6166541945E+02
    232300,      0.676972,CP9_after_PTsource,   1,    0.0000000000E+00,    4.6166541945E+02,    4.6166541945E+02,    0.0000000000E+00,    0.0000000000E+00,    0.0000000000E+00,    4.6166541945E+02
    232300,      0.676972,CP10_after_neg_clamp,   1,    0.0000000000E+00,    4.6166541945E+02,    4.6166541945E+02,    0.0000000000E+00,    0.0000000000E+00,    0.0000000000E+00,    4.6166541945E+02
    232300,      0.676972,CP11_after_MPI,   1,    0.0000000000E+00,    4.6166541945E+02,    4.6166541945E+02,    0.0000000000E+00,    0.0000000000E+00,    0.0000000000E+00,    4.6166541945E+02
    232300,      0.676972,CP12_end,   1,    0.0000000000E+00,    4.6166541945E+02,    4.6166541945E+02,    0.0000000000E+00,    0.0000000000E+00,    0.0000000000E+00,    4.6166541945E+02
    232350,      0.676972,CP0_start,   1,    0.0000000000E+00,    4.6182565924E+02,    4.6182565924E+02,    0.0000000000E+00,    0.0000000000E+00,    0.0000000000E+00,    4.6182565924E+02
    232350,      0.676972,CP1_after_deposition,   1,    0.0000000000E+00,    4.6182565924E+02,    4.6182565924E+02,    0.0000000000E+00,    0.0000000000E+00,    0.0000000000E+00,    4.6182565924E+02
    232350,      0.676972,CP2_after_erosion,   1,    0.0000000000E+00,    4.6182565924E+02,    4.6182565924E+02,    0.0000000000E+00,    0.0000000000E+00,    0.0000000000E+00,    4.6182565924E+02
    232350,      0.676972,CP3_after_update_bottom,   1,    0.0000000000E+00,    4.6182565924E+02,    4.6182565924E+02,    0.0000000000E+00,    0.0000000000E+00,    0.0000000000E+00,    4.6182565924E+02
    232350,      0.676972,CP4_after_advection,   1,    0.0000000000E+00,    4.6184320465E+02,    4.6184320465E+02,    0.0000000000E+00,    0.0000000000E+00,    0.0000000000E+00,    4.6184320465E+02
    232350,      0.676972,CP5_after_vdif,   1,    0.0000000000E+00,    4.6184320465E+02,    4.6184320465E+02,    0.0000000000E+00,    0.0000000000E+00,    0.0000000000E+00,    4.6184320465E+02
    232350,      0.676972,CP6_after_kinetics,   1,    0.0000000000E+00,    4.6184320465E+02,    4.6184320465E+02,    0.0000000000E+00,    0.0000000000E+00,    0.0000000000E+00,    4.6184320465E+02
    232350,      0.676972,CP7_after_upper_clamp,   1,    0.0000000000E+00,    4.6184320465E+02,    4.6184320465E+02,    0.0000000000E+00,    0.0000000000E+00,    0.0000000000E+00,    4.6184320465E+02
    232350,      0.676972,CP8_after_OBC,   1,    0.0000000000E+00,    4.6184320465E+02,    4.6184320465E+02,    0.0000000000E+00,    0.0000000000E+00,    0.0000000000E+00,    4.6184320465E+02
    232350,      0.676972,CP9_after_PTsource,   1,    0.0000000000E+00,    4.6184320465E+02,    4.6184320465E+02,    0.0000000000E+00,    0.0000000000E+00,    0.0000000000E+00,    4.6184320465E+02
    232350,      0.676972,CP10_after_neg_clamp,   1,    0.0000000000E+00,    4.6184320465E+02,    4.6184320465E+02,    0.0000000000E+00,    0.0000000000E+00,    0.0000000000E+00,    4.6184320465E+02
    232350,      0.676972,CP11_after_MPI,   1,    0.0000000000E+00,    4.6184320465E+02,    4.6184320465E+02,    0.0000000000E+00,    0.0000000000E+00,    0.0000000000E+00,    4.6184320465E+02
    232350,      0.676972,CP12_end,   1,    0.0000000000E+00,    4.6184320465E+02,    4.6184320465E+02,    0.0000000000E+00,    0.0000000000E+00,    0.0000000000E+00,    4.6184320465E+02
    232400,      0.676972,CP0_start,   1,    0.0000000000E+00,    4.6200872233E+02,    4.6200872233E+02,    0.0000000000E+00,    0.0000000000E+00,    0.0000000000E+00,    4.6200872233E+02
    232400,      0.676972,CP1_after_deposition,   1,    0.0000000000E+00,    4.6200872233E+02,    4.6200872233E+02,    0.0000000000E+00,    0.0000000000E+00,    0.0000000000E+00,    4.6200872233E+02
    232400,      0.676972,CP2_after_erosion,   1,    0.0000000000E+00,    4.6200872233E+02,    4.6200872233E+02,    0.0000000000E+00,    0.0000000000E+00,    0.0000000000E+00,    4.6200872233E+02
    232400,      0.676972,CP3_after_update_bottom,   1,    0.0000000000E+00,    4.6200872233E+02,    4.6200872233E+02,    0.0000000000E+00,    0.0000000000E+00,    0.0000000000E+00,    4.6200872233E+02
    232400,      0.676972,CP4_after_advection,   1,    0.0000000000E+00,    4.6202650730E+02,    4.6202650730E+02,    0.0000000000E+00,    0.0000000000E+00,    0.0000000000E+00,    4.6202650730E+02
    232400,      0.676972,CP5_after_vdif,   1,    0.0000000000E+00,    4.6202650730E+02,    4.6202650730E+02,    0.0000000000E+00,    0.0000000000E+00,    0.0000000000E+00,    4.6202650730E+02
    232400,      0.676972,CP6_after_kinetics,   1,    0.0000000000E+00,    4.6202650730E+02,    4.6202650730E+02,    0.0000000000E+00,    0.0000000000E+00,    0.0000000000E+00,    4.6202650730E+02
    232400,      0.676972,CP7_after_upper_clamp,   1,    0.0000000000E+00,    4.6202650730E+02,    4.6202650730E+02,    0.0000000000E+00,    0.0000000000E+00,    0.0000000000E+00,    4.6202650730E+02
    232400,      0.676972,CP8_after_OBC,   1,    0.0000000000E+00,    4.6202650730E+02,    4.6202650730E+02,    0.0000000000E+00,    0.0000000000E+00,    0.0000000000E+00,    4.6202650730E+02
    232400,      0.676972,CP9_after_PTsource,   1,    0.0000000000E+00,    4.6202650730E+02,    4.6202650730E+02,    0.0000000000E+00,    0.0000000000E+00,    0.0000000000E+00,    4.6202650730E+02
    232400,      0.676972,CP10_after_neg_clamp,   1,    0.0000000000E+00,    4.6202650730E+02,    4.6202650730E+02,    0.0000000000E+00,    0.0000000000E+00,    0.0000000000E+00,    4.6202650730E+02
    232400,      0.676972,CP11_after_MPI,   1,    0.0000000000E+00,    4.6202650730E+02,    4.6202650730E+02,    0.0000000000E+00,    0.0000000000E+00,    0.0000000000E+00,    4.6202650730E+02
    232400,      0.676972,CP12_end,   1,    0.0000000000E+00,    4.6202650730E+02,    4.6202650730E+02,    0.0000000000E+00,    0.0000000000E+00,    0.0000000000E+00,    4.6202650730E+02
    232450,      0.676972,CP0_start,   1,    0.0000000000E+00,    4.6219763367E+02,    4.6219763367E+02,    0.0000000000E+00,    0.0000000000E+00,    0.0000000000E+00,    4.6219763367E+02
    232450,      0.676972,CP1_after_deposition,   1,    0.0000000000E+00,    4.6219763367E+02,    4.6219763367E+02,    0.0000000000E+00,    0.0000000000E+00,    0.0000000000E+00,    4.6219763367E+02
    232450,      0.676972,CP2_after_erosion,   1,    0.0000000000E+00,    4.6219763367E+02,    4.6219763367E+02,    0.0000000000E+00,    0.0000000000E+00,    0.0000000000E+00,    4.6219763367E+02
    232450,      0.676972,CP3_after_update_bottom,   1,    0.0000000000E+00,    4.6219763367E+02,    4.6219763367E+02,    0.0000000000E+00,    0.0000000000E+00,    0.0000000000E+00,    4.6219763367E+02
    232450,      0.676972,CP4_after_advection,   1,    0.0000000000E+00,    4.6221563977E+02,    4.6221563977E+02,    0.0000000000E+00,    0.0000000000E+00,    0.0000000000E+00,    4.6221563977E+02
    232450,      0.676972,CP5_after_vdif,   1,    0.0000000000E+00,    4.6221563977E+02,    4.6221563977E+02,    0.0000000000E+00,    0.0000000000E+00,    0.0000000000E+00,    4.6221563977E+02
    232450,      0.676972,CP6_after_kinetics,   1,    0.0000000000E+00,    4.6221563977E+02,    4.6221563977E+02,    0.0000000000E+00,    0.0000000000E+00,    0.0000000000E+00,    4.6221563977E+02
    232450,      0.676972,CP7_after_upper_clamp,   1,    0.0000000000E+00,    4.6221563977E+02,    4.6221563977E+02,    0.0000000000E+00,    0.0000000000E+00,    0.0000000000E+00,    4.6221563977E+02
    232450,      0.676972,CP8_after_OBC,   1,    0.0000000000E+00,    4.6221563977E+02,    4.6221563977E+02,    0.0000000000E+00,    0.0000000000E+00,    0.0000000000E+00,    4.6221563977E+02
    232450,      0.676972,CP9_after_PTsource,   1,    0.0000000000E+00,    4.6221563977E+02,    4.6221563977E+02,    0.0000000000E+00,    0.0000000000E+00,    0.0000000000E+00,    4.6221563977E+02
    232450,      0.676972,CP10_after_neg_clamp,   1,    0.0000000000E+00,    4.6221563977E+02,    4.6221563977E+02,    0.0000000000E+00,    0.0000000000E+00,    0.0000000000E+00,    4.6221563977E+02
    232450,      0.676972,CP11_after_MPI,   1,    0.0000000000E+00,    4.6221563977E+02,    4.6221563977E+02,    0.0000000000E+00,    0.0000000000E+00,    0.0000000000E+00,    4.6221563977E+02
    232450,      0.676972,CP12_end,   1,    0.0000000000E+00,    4.6221563977E+02,    4.6221563977E+02,    0.0000000000E+00,    0.0000000000E+00,    0.0000000000E+00,    4.6221563977E+02
    232500,      0.676972,CP0_start,   1,    0.0000000000E+00,    4.6239068604E+02,    4.6239068604E+02,    0.0000000000E+00,    0.0000000000E+00,    0.0000000000E+00,    4.6239068604E+02
    232500,      0.676972,CP1_after_deposition,   1,    0.0000000000E+00,    4.6239068604E+02,    4.6239068604E+02,    0.0000000000E+00,    0.0000000000E+00,    0.0000000000E+00,    4.6239068604E+02
    232500,      0.676972,CP2_after_erosion,   1,    0.0000000000E+00,    4.6239068604E+02,    4.6239068604E+02,    0.0000000000E+00,    0.0000000000E+00,    0.0000000000E+00,    4.6239068604E+02
    232500,      0.676972,CP3_after_update_bottom,   1,    0.0000000000E+00,    4.6239068604E+02,    4.6239068604E+02,    0.0000000000E+00,    0.0000000000E+00,    0.0000000000E+00,    4.6239068604E+02
    232500,      0.676972,CP4_after_advection,   1,    0.0000000000E+00,    4.6240888000E+02,    4.6240888000E+02,    0.0000000000E+00,    0.0000000000E+00,    0.0000000000E+00,    4.6240888000E+02
    232500,      0.676972,CP5_after_vdif,   1,    0.0000000000E+00,    4.6240888000E+02,    4.6240888000E+02,    0.0000000000E+00,    0.0000000000E+00,    0.0000000000E+00,    4.6240888000E+02
    232500,      0.676972,CP6_after_kinetics,   1,    0.0000000000E+00,    4.6240888000E+02,    4.6240888000E+02,    0.0000000000E+00,    0.0000000000E+00,    0.0000000000E+00,    4.6240888000E+02
    232500,      0.676972,CP7_after_upper_clamp,   1,    0.0000000000E+00,    4.6240888000E+02,    4.6240888000E+02,    0.0000000000E+00,    0.0000000000E+00,    0.0000000000E+00,    4.6240888000E+02
    232500,      0.676972,CP8_after_OBC,   1,    0.0000000000E+00,    4.6240888000E+02,    4.6240888000E+02,    0.0000000000E+00,    0.0000000000E+00,    0.0000000000E+00,    4.6240888000E+02
    232500,      0.676972,CP9_after_PTsource,   1,    0.0000000000E+00,    4.6240888000E+02,    4.6240888000E+02,    0.0000000000E+00,    0.0000000000E+00,    0.0000000000E+00,    4.6240888000E+02
    232500,      0.676972,CP10_after_neg_clamp,   1,    0.0000000000E+00,    4.6240888000E+02,    4.6240888000E+02,    0.0000000000E+00,    0.0000000000E+00,    0.0000000000E+00,    4.6240888000E+02
    232500,      0.676972,CP11_after_MPI,   1,    0.0000000000E+00,    4.6240888000E+02,    4.6240888000E+02,    0.0000000000E+00,    0.0000000000E+00,    0.0000000000E+00,    4.6240888000E+02
    232500,      0.676972,CP12_end,   1,    0.0000000000E+00,    4.6240888000E+02,    4.6240888000E+02,    0.0000000000E+00,    0.0000000000E+00,    0.0000000000E+00,    4.6240888000E+02
    232550,      0.676972,CP0_start,   1,    0.0000000000E+00,    4.6258611471E+02,    4.6258611471E+02,    0.0000000000E+00,    0.0000000000E+00,    0.0000000000E+00,    4.6258611471E+02
    232550,      0.676972,CP1_after_deposition,   1,    0.0000000000E+00,    4.6258611471E+02,    4.6258611471E+02,    0.0000000000E+00,    0.0000000000E+00,    0.0000000000E+00,    4.6258611471E+02
    232550,      0.676972,CP2_after_erosion,   1,    0.0000000000E+00,    4.6258611471E+02,    4.6258611471E+02,    0.0000000000E+00,    0.0000000000E+00,    0.0000000000E+00,    4.6258611471E+02
    232550,      0.676972,CP3_after_update_bottom,   1,    0.0000000000E+00,    4.6258611471E+02,    4.6258611471E+02,    0.0000000000E+00,    0.0000000000E+00,    0.0000000000E+00,    4.6258611471E+02
    232550,      0.676972,CP4_after_advection,   1,    0.0000000000E+00,    4.6260446719E+02,    4.6260446719E+02,    0.0000000000E+00,    0.0000000000E+00,    0.0000000000E+00,    4.6260446719E+02
    232550,      0.676972,CP5_after_vdif,   1,    0.0000000000E+00,    4.6260446719E+02,    4.6260446719E+02,    0.0000000000E+00,    0.0000000000E+00,    0.0000000000E+00,    4.6260446719E+02
    232550,      0.676972,CP6_after_kinetics,   1,    0.0000000000E+00,    4.6260446719E+02,    4.6260446719E+02,    0.0000000000E+00,    0.0000000000E+00,    0.0000000000E+00,    4.6260446719E+02
    232550,      0.676972,CP7_after_upper_clamp,   1,    0.0000000000E+00,    4.6260446719E+02,    4.6260446719E+02,    0.0000000000E+00,    0.0000000000E+00,    0.0000000000E+00,    4.6260446719E+02
    232550,      0.676972,CP8_after_OBC,   1,    0.0000000000E+00,    4.6260446719E+02,    4.6260446719E+02,    0.0000000000E+00,    0.0000000000E+00,    0.0000000000E+00,    4.6260446719E+02
    232550,      0.676972,CP9_after_PTsource,   1,    0.0000000000E+00,    4.6260446719E+02,    4.6260446719E+02,    0.0000000000E+00,    0.0000000000E+00,    0.0000000000E+00,    4.6260446719E+02
    232550,      0.676972,CP10_after_neg_clamp,   1,    0.0000000000E+00,    4.6260446719E+02,    4.6260446719E+02,    0.0000000000E+00,    0.0000000000E+00,    0.0000000000E+00,    4.6260446719E+02
    232550,      0.676972,CP11_after_MPI,   1,    0.0000000000E+00,    4.6260446719E+02,    4.6260446719E+02,    0.0000000000E+00,    0.0000000000E+00,    0.0000000000E+00,    4.6260446719E+02
    232550,      0.676972,CP12_end,   1,    0.0000000000E+00,    4.6260446719E+02,    4.6260446719E+02,    0.0000000000E+00,    0.0000000000E+00,    0.0000000000E+00,    4.6260446719E+02
    232600,      0.676972,CP0_start,   1,    0.0000000000E+00,    4.6278341358E+02,    4.6278341358E+02,    0.0000000000E+00,    0.0000000000E+00,    0.0000000000E+00,    4.6278341358E+02
    232600,      0.676972,CP1_after_deposition,   1,    0.0000000000E+00,    4.6278341358E+02,    4.6278341358E+02,    0.0000000000E+00,    0.0000000000E+00,    0.0000000000E+00,    4.6278341358E+02
    232600,      0.676972,CP2_after_erosion,   1,    0.0000000000E+00,    4.6278341358E+02,    4.6278341358E+02,    0.0000000000E+00,    0.0000000000E+00,    0.0000000000E+00,    4.6278341358E+02
    232600,      0.676972,CP3_after_update_bottom,   1,    0.0000000000E+00,    4.6278341358E+02,    4.6278341358E+02,    0.0000000000E+00,    0.0000000000E+00,    0.0000000000E+00,    4.6278341358E+02
    232600,      0.676972,CP4_after_advection,   1,    0.0000000000E+00,    4.6280191248E+02,    4.6280191248E+02,    0.0000000000E+00,    0.0000000000E+00,    0.0000000000E+00,    4.6280191248E+02
    232600,      0.676972,CP5_after_vdif,   1,    0.0000000000E+00,    4.6280191248E+02,    4.6280191248E+02,    0.0000000000E+00,    0.0000000000E+00,    0.0000000000E+00,    4.6280191248E+02
    232600,      0.676972,CP6_after_kinetics,   1,    0.0000000000E+00,    4.6280191248E+02,    4.6280191248E+02,    0.0000000000E+00,    0.0000000000E+00,    0.0000000000E+00,    4.6280191248E+02
    232600,      0.676972,CP7_after_upper_clamp,   1,    0.0000000000E+00,    4.6280191248E+02,    4.6280191248E+02,    0.0000000000E+00,    0.0000000000E+00,    0.0000000000E+00,    4.6280191248E+02
    232600,      0.676972,CP8_after_OBC,   1,    0.0000000000E+00,    4.6280191248E+02,    4.6280191248E+02,    0.0000000000E+00,    0.0000000000E+00,    0.0000000000E+00,    4.6280191248E+02
    232600,      0.676972,CP9_after_PTsource,   1,    0.0000000000E+00,    4.6280191248E+02,    4.6280191248E+02,    0.0000000000E+00,    0.0000000000E+00,    0.0000000000E+00,    4.6280191248E+02
    232600,      0.676972,CP10_after_neg_clamp,   1,    0.0000000000E+00,    4.6280191248E+02,    4.6280191248E+02,    0.0000000000E+00,    0.0000000000E+00,    0.0000000000E+00,    4.6280191248E+02
    232600,      0.676972,CP11_after_MPI,   1,    0.0000000000E+00,    4.6280191248E+02,    4.6280191248E+02,    0.0000000000E+00,    0.0000000000E+00,    0.0000000000E+00,    4.6280191248E+02
    232600,      0.676972,CP12_end,   1,    0.0000000000E+00,    4.6280191248E+02,    4.6280191248E+02,    0.0000000000E+00,    0.0000000000E+00,    0.0000000000E+00,    4.6280191248E+02
    232650,      0.676972,CP0_start,   1,    0.0000000000E+00,    4.6298246192E+02,    4.6298246192E+02,    0.0000000000E+00,    0.0000000000E+00,    0.0000000000E+00,    4.6298246192E+02
    232650,      0.676972,CP1_after_deposition,   1,    0.0000000000E+00,    4.6298246192E+02,    4.6298246192E+02,    0.0000000000E+00,    0.0000000000E+00,    0.0000000000E+00,    4.6298246192E+02
    232650,      0.676972,CP2_after_erosion,   1,    0.0000000000E+00,    4.6298246192E+02,    4.6298246192E+02,    0.0000000000E+00,    0.0000000000E+00,    0.0000000000E+00,    4.6298246192E+02
    232650,      0.676972,CP3_after_update_bottom,   1,    0.0000000000E+00,    4.6298246192E+02,    4.6298246192E+02,    0.0000000000E+00,    0.0000000000E+00,    0.0000000000E+00,    4.6298246192E+02
    232650,      0.676972,CP4_after_advection,   1,    0.0000000000E+00,    4.6300111786E+02,    4.6300111786E+02,    0.0000000000E+00,    0.0000000000E+00,    0.0000000000E+00,    4.6300111786E+02
    232650,      0.676972,CP5_after_vdif,   1,    0.0000000000E+00,    4.6300111786E+02,    4.6300111786E+02,    0.0000000000E+00,    0.0000000000E+00,    0.0000000000E+00,    4.6300111786E+02
    232650,      0.676972,CP6_after_kinetics,   1,    0.0000000000E+00,    4.6300111786E+02,    4.6300111786E+02,    0.0000000000E+00,    0.0000000000E+00,    0.0000000000E+00,    4.6300111786E+02
    232650,      0.676972,CP7_after_upper_clamp,   1,    0.0000000000E+00,    4.6300111786E+02,    4.6300111786E+02,    0.0000000000E+00,    0.0000000000E+00,    0.0000000000E+00,    4.6300111786E+02
    232650,      0.676972,CP8_after_OBC,   1,    0.0000000000E+00,    4.6300111786E+02,    4.6300111786E+02,    0.0000000000E+00,    0.0000000000E+00,    0.0000000000E+00,    4.6300111786E+02
    232650,      0.676972,CP9_after_PTsource,   1,    0.0000000000E+00,    4.6300111786E+02,    4.6300111786E+02,    0.0000000000E+00,    0.0000000000E+00,    0.0000000000E+00,    4.6300111786E+02
    232650,      0.676972,CP10_after_neg_clamp,   1,    0.0000000000E+00,    4.6300111786E+02,    4.6300111786E+02,    0.0000000000E+00,    0.0000000000E+00,    0.0000000000E+00,    4.6300111786E+02
    232650,      0.676972,CP11_after_MPI,   1,    0.0000000000E+00,    4.6300111786E+02,    4.6300111786E+02,    0.0000000000E+00,    0.0000000000E+00,    0.0000000000E+00,    4.6300111786E+02
    232650,      0.676972,CP12_end,   1,    0.0000000000E+00,    4.6300111786E+02,    4.6300111786E+02,    0.0000000000E+00,    0.0000000000E+00,    0.0000000000E+00,    4.6300111786E+02
    232700,      0.676972,CP0_start,   1,    0.0000000000E+00,    4.6318400367E+02,    4.6318400367E+02,    0.0000000000E+00,    0.0000000000E+00,    0.0000000000E+00,    4.6318400367E+02
    232700,      0.676972,CP1_after_deposition,   1,    0.0000000000E+00,    4.6318400367E+02,    4.6318400367E+02,    0.0000000000E+00,    0.0000000000E+00,    0.0000000000E+00,    4.6318400367E+02
    232700,      0.676972,CP2_after_erosion,   1,    0.0000000000E+00,    4.6318400367E+02,    4.6318400367E+02,    0.0000000000E+00,    0.0000000000E+00,    0.0000000000E+00,    4.6318400367E+02
    232700,      0.676972,CP3_after_update_bottom,   1,    0.0000000000E+00,    4.6318400367E+02,    4.6318400367E+02,    0.0000000000E+00,    0.0000000000E+00,    0.0000000000E+00,    4.6318400367E+02
    232700,      0.676972,CP4_after_advection,   1,    0.0000000000E+00,    4.6320283750E+02,    4.6320283750E+02,    0.0000000000E+00,    0.0000000000E+00,    0.0000000000E+00,    4.6320283750E+02
    232700,      0.676972,CP5_after_vdif,   1,    0.0000000000E+00,    4.6320283750E+02,    4.6320283750E+02,    0.0000000000E+00,    0.0000000000E+00,    0.0000000000E+00,    4.6320283750E+02
    232700,      0.676972,CP6_after_kinetics,   1,    0.0000000000E+00,    4.6320283750E+02,    4.6320283750E+02,    0.0000000000E+00,    0.0000000000E+00,    0.0000000000E+00,    4.6320283750E+02
    232700,      0.676972,CP7_after_upper_clamp,   1,    0.0000000000E+00,    4.6320283750E+02,    4.6320283750E+02,    0.0000000000E+00,    0.0000000000E+00,    0.0000000000E+00,    4.6320283750E+02
    232700,      0.676972,CP8_after_OBC,   1,    0.0000000000E+00,    4.6320283750E+02,    4.6320283750E+02,    0.0000000000E+00,    0.0000000000E+00,    0.0000000000E+00,    4.6320283750E+02
    232700,      0.676972,CP9_after_PTsource,   1,    0.0000000000E+00,    4.6320283750E+02,    4.6320283750E+02,    0.0000000000E+00,    0.0000000000E+00,    0.0000000000E+00,    4.6320283750E+02
    232700,      0.676972,CP10_after_neg_clamp,   1,    0.0000000000E+00,    4.6320283750E+02,    4.6320283750E+02,    0.0000000000E+00,    0.0000000000E+00,    0.0000000000E+00,    4.6320283750E+02
    232700,      0.676972,CP11_after_MPI,   1,    0.0000000000E+00,    4.6320283750E+02,    4.6320283750E+02,    0.0000000000E+00,    0.0000000000E+00,    0.0000000000E+00,    4.6320283750E+02
    232700,      0.676972,CP12_end,   1,    0.0000000000E+00,    4.6320283750E+02,    4.6320283750E+02,    0.0000000000E+00,    0.0000000000E+00,    0.0000000000E+00,    4.6320283750E+02
    232750,      0.676972,CP0_start,   1,    0.0000000000E+00,    4.6338898444E+02,    4.6338898444E+02,    0.0000000000E+00,    0.0000000000E+00,    0.0000000000E+00,    4.6338898444E+02
    232750,      0.676972,CP1_after_deposition,   1,    0.0000000000E+00,    4.6338898444E+02,    4.6338898444E+02,    0.0000000000E+00,    0.0000000000E+00,    0.0000000000E+00,    4.6338898444E+02
    232750,      0.676972,CP2_after_erosion,   1,    0.0000000000E+00,    4.6338898444E+02,    4.6338898444E+02,    0.0000000000E+00,    0.0000000000E+00,    0.0000000000E+00,    4.6338898444E+02
    232750,      0.676972,CP3_after_update_bottom,   1,    0.0000000000E+00,    4.6338898444E+02,    4.6338898444E+02,    0.0000000000E+00,    0.0000000000E+00,    0.0000000000E+00,    4.6338898444E+02
    232750,      0.676972,CP4_after_advection,   1,    0.0000000000E+00,    4.6340799392E+02,    4.6340799392E+02,    0.0000000000E+00,    0.0000000000E+00,    0.0000000000E+00,    4.6340799392E+02
    232750,      0.676972,CP5_after_vdif,   1,    0.0000000000E+00,    4.6340799392E+02,    4.6340799392E+02,    0.0000000000E+00,    0.0000000000E+00,    0.0000000000E+00,    4.6340799392E+02
    232750,      0.676972,CP6_after_kinetics,   1,    0.0000000000E+00,    4.6340799392E+02,    4.6340799392E+02,    0.0000000000E+00,    0.0000000000E+00,    0.0000000000E+00,    4.6340799392E+02
    232750,      0.676972,CP7_after_upper_clamp,   1,    0.0000000000E+00,    4.6340799392E+02,    4.6340799392E+02,    0.0000000000E+00,    0.0000000000E+00,    0.0000000000E+00,    4.6340799392E+02
    232750,      0.676972,CP8_after_OBC,   1,    0.0000000000E+00,    4.6340799392E+02,    4.6340799392E+02,    0.0000000000E+00,    0.0000000000E+00,    0.0000000000E+00,    4.6340799392E+02
    232750,      0.676972,CP9_after_PTsource,   1,    0.0000000000E+00,    4.6340799392E+02,    4.6340799392E+02,    0.0000000000E+00,    0.0000000000E+00,    0.0000000000E+00,    4.6340799392E+02
    232750,      0.676972,CP10_after_neg_clamp,   1,    0.0000000000E+00,    4.6340799392E+02,    4.6340799392E+02,    0.0000000000E+00,    0.0000000000E+00,    0.0000000000E+00,    4.6340799392E+02
    232750,      0.676972,CP11_after_MPI,   1,    0.0000000000E+00,    4.6340799392E+02,    4.6340799392E+02,    0.0000000000E+00,    0.0000000000E+00,    0.0000000000E+00,    4.6340799392E+02
    232750,      0.676972,CP12_end,   1,    0.0000000000E+00,    4.6340799392E+02,    4.6340799392E+02,    0.0000000000E+00,    0.0000000000E+00,    0.0000000000E+00,    4.6340799392E+02
    232800,      0.676972,CP0_start,   1,    0.0000000000E+00,    4.6359760450E+02,    4.6359760450E+02,    0.0000000000E+00,    0.0000000000E+00,    0.0000000000E+00,    4.6359760450E+02
    232800,      0.676972,CP1_after_deposition,   1,    0.0000000000E+00,    4.6359760450E+02,    4.6359760450E+02,    0.0000000000E+00,    0.0000000000E+00,    0.0000000000E+00,    4.6359760450E+02
    232800,      0.676972,CP2_after_erosion,   1,    0.0000000000E+00,    4.6359760450E+02,    4.6359760450E+02,    0.0000000000E+00,    0.0000000000E+00,    0.0000000000E+00,    4.6359760450E+02
    232800,      0.676972,CP3_after_update_bottom,   1,    0.0000000000E+00,    4.6359760450E+02,    4.6359760450E+02,    0.0000000000E+00,    0.0000000000E+00,    0.0000000000E+00,    4.6359760450E+02
    232800,      0.676972,CP4_after_advection,   1,    0.0000000000E+00,    4.6361678065E+02,    4.6361678065E+02,    0.0000000000E+00,    0.0000000000E+00,    0.0000000000E+00,    4.6361678065E+02
    232800,      0.676972,CP5_after_vdif,   1,    0.0000000000E+00,    4.6361678065E+02,    4.6361678065E+02,    0.0000000000E+00,    0.0000000000E+00,    0.0000000000E+00,    4.6361678065E+02
    232800,      0.676972,CP6_after_kinetics,   1,    0.0000000000E+00,    4.6361678065E+02,    4.6361678065E+02,    0.0000000000E+00,    0.0000000000E+00,    0.0000000000E+00,    4.6361678065E+02
    232800,      0.676972,CP7_after_upper_clamp,   1,    0.0000000000E+00,    4.6361678065E+02,    4.6361678065E+02,    0.0000000000E+00,    0.0000000000E+00,    0.0000000000E+00,    4.6361678065E+02
    232800,      0.676972,CP8_after_OBC,   1,    0.0000000000E+00,    4.6361678065E+02,    4.6361678065E+02,    0.0000000000E+00,    0.0000000000E+00,    0.0000000000E+00,    4.6361678065E+02
    232800,      0.676972,CP9_after_PTsource,   1,    0.0000000000E+00,    4.6361678065E+02,    4.6361678065E+02,    0.0000000000E+00,    0.0000000000E+00,    0.0000000000E+00,    4.6361678065E+02
    232800,      0.676972,CP10_after_neg_clamp,   1,    0.0000000000E+00,    4.6361678065E+02,    4.6361678065E+02,    0.0000000000E+00,    0.0000000000E+00,    0.0000000000E+00,    4.6361678065E+02
    232800,      0.676972,CP11_after_MPI,   1,    0.0000000000E+00,    4.6361678065E+02,    4.6361678065E+02,    0.0000000000E+00,    0.0000000000E+00,    0.0000000000E+00,    4.6361678065E+02
    232800,      0.676972,CP12_end,   1,    0.0000000000E+00,    4.6361678065E+02,    4.6361678065E+02,    0.0000000000E+00,    0.0000000000E+00,    0.0000000000E+00,    4.6361678065E+02
    232850,      0.676972,CP0_start,   1,    0.0000000000E+00,    4.6380967716E+02,    4.6380967716E+02,    0.0000000000E+00,    0.0000000000E+00,    0.0000000000E+00,    4.6380967716E+02
    232850,      0.676972,CP1_after_deposition,   1,    0.0000000000E+00,    4.6380967716E+02,    4.6380967716E+02,    0.0000000000E+00,    0.0000000000E+00,    0.0000000000E+00,    4.6380967716E+02
    232850,      0.676972,CP2_after_erosion,   1,    0.0000000000E+00,    4.6380967716E+02,    4.6380967716E+02,    0.0000000000E+00,    0.0000000000E+00,    0.0000000000E+00,    4.6380967716E+02
    232850,      0.676972,CP3_after_update_bottom,   1,    0.0000000000E+00,    4.6380967716E+02,    4.6380967716E+02,    0.0000000000E+00,    0.0000000000E+00,    0.0000000000E+00,    4.6380967716E+02
    232850,      0.676972,CP4_after_advection,   1,    0.0000000000E+00,    4.6382901946E+02,    4.6382901946E+02,    0.0000000000E+00,    0.0000000000E+00,    0.0000000000E+00,    4.6382901946E+02
    232850,      0.676972,CP5_after_vdif,   1,    0.0000000000E+00,    4.6382901946E+02,    4.6382901946E+02,    0.0000000000E+00,    0.0000000000E+00,    0.0000000000E+00,    4.6382901946E+02
    232850,      0.676972,CP6_after_kinetics,   1,    0.0000000000E+00,    4.6382901946E+02,    4.6382901946E+02,    0.0000000000E+00,    0.0000000000E+00,    0.0000000000E+00,    4.6382901946E+02
    232850,      0.676972,CP7_after_upper_clamp,   1,    0.0000000000E+00,    4.6382901946E+02,    4.6382901946E+02,    0.0000000000E+00,    0.0000000000E+00,    0.0000000000E+00,    4.6382901946E+02
    232850,      0.676972,CP8_after_OBC,   1,    0.0000000000E+00,    4.6382901946E+02,    4.6382901946E+02,    0.0000000000E+00,    0.0000000000E+00,    0.0000000000E+00,    4.6382901946E+02
    232850,      0.676972,CP9_after_PTsource,   1,    0.0000000000E+00,    4.6382901946E+02,    4.6382901946E+02,    0.0000000000E+00,    0.0000000000E+00,    0.0000000000E+00,    4.6382901946E+02
    232850,      0.676972,CP10_after_neg_clamp,   1,    0.0000000000E+00,    4.6382901946E+02,    4.6382901946E+02,    0.0000000000E+00,    0.0000000000E+00,    0.0000000000E+00,    4.6382901946E+02
    232850,      0.676972,CP11_after_MPI,   1,    0.0000000000E+00,    4.6382901946E+02,    4.6382901946E+02,    0.0000000000E+00,    0.0000000000E+00,    0.0000000000E+00,    4.6382901946E+02
    232850,      0.676972,CP12_end,   1,    0.0000000000E+00,    4.6382901946E+02,    4.6382901946E+02,    0.0000000000E+00,    0.0000000000E+00,    0.0000000000E+00,    4.6382901946E+02
    232900,      0.676972,CP0_start,   1,    0.0000000000E+00,    4.6402495564E+02,    4.6402495564E+02,    0.0000000000E+00,    0.0000000000E+00,    0.0000000000E+00,    4.6402495564E+02
    232900,      0.676972,CP1_after_deposition,   1,    0.0000000000E+00,    4.6402495564E+02,    4.6402495564E+02,    0.0000000000E+00,    0.0000000000E+00,    0.0000000000E+00,    4.6402495564E+02
    232900,      0.676972,CP2_after_erosion,   1,    0.0000000000E+00,    4.6402495564E+02,    4.6402495564E+02,    0.0000000000E+00,    0.0000000000E+00,    0.0000000000E+00,    4.6402495564E+02
    232900,      0.676972,CP3_after_update_bottom,   1,    0.0000000000E+00,    4.6402495564E+02,    4.6402495564E+02,    0.0000000000E+00,    0.0000000000E+00,    0.0000000000E+00,    4.6402495564E+02
    232900,      0.676972,CP4_after_advection,   1,    0.0000000000E+00,    4.6404445595E+02,    4.6404445595E+02,    0.0000000000E+00,    0.0000000000E+00,    0.0000000000E+00,    4.6404445595E+02
    232900,      0.676972,CP5_after_vdif,   1,    0.0000000000E+00,    4.6404445595E+02,    4.6404445595E+02,    0.0000000000E+00,    0.0000000000E+00,    0.0000000000E+00,    4.6404445595E+02
    232900,      0.676972,CP6_after_kinetics,   1,    0.0000000000E+00,    4.6404445595E+02,    4.6404445595E+02,    0.0000000000E+00,    0.0000000000E+00,    0.0000000000E+00,    4.6404445595E+02
    232900,      0.676972,CP7_after_upper_clamp,   1,    0.0000000000E+00,    4.6404445595E+02,    4.6404445595E+02,    0.0000000000E+00,    0.0000000000E+00,    0.0000000000E+00,    4.6404445595E+02
    232900,      0.676972,CP8_after_OBC,   1,    0.0000000000E+00,    4.6404445595E+02,    4.6404445595E+02,    0.0000000000E+00,    0.0000000000E+00,    0.0000000000E+00,    4.6404445595E+02
    232900,      0.676972,CP9_after_PTsource,   1,    0.0000000000E+00,    4.6404445595E+02,    4.6404445595E+02,    0.0000000000E+00,    0.0000000000E+00,    0.0000000000E+00,    4.6404445595E+02
    232900,      0.676972,CP10_after_neg_clamp,   1,    0.0000000000E+00,    4.6404445595E+02,    4.6404445595E+02,    0.0000000000E+00,    0.0000000000E+00,    0.0000000000E+00,    4.6404445595E+02
    232900,      0.676972,CP11_after_MPI,   1,    0.0000000000E+00,    4.6404445595E+02,    4.6404445595E+02,    0.0000000000E+00,    0.0000000000E+00,    0.0000000000E+00,    4.6404445595E+02
    232900,      0.676972,CP12_end,   1,    0.0000000000E+00,    4.6404445595E+02,    4.6404445595E+02,    0.0000000000E+00,    0.0000000000E+00,    0.0000000000E+00,    4.6404445595E+02
    232950,      0.676972,CP0_start,   1,    0.0000000000E+00,    4.6424314803E+02,    4.6424314803E+02,    0.0000000000E+00,    0.0000000000E+00,    0.0000000000E+00,    4.6424314803E+02
    232950,      0.676972,CP1_after_deposition,   1,    0.0000000000E+00,    4.6424314803E+02,    4.6424314803E+02,    0.0000000000E+00,    0.0000000000E+00,    0.0000000000E+00,    4.6424314803E+02
    232950,      0.676972,CP2_after_erosion,   1,    0.0000000000E+00,    4.6424314803E+02,    4.6424314803E+02,    0.0000000000E+00,    0.0000000000E+00,    0.0000000000E+00,    4.6424314803E+02
    232950,      0.676972,CP3_after_update_bottom,   1,    0.0000000000E+00,    4.6424314803E+02,    4.6424314803E+02,    0.0000000000E+00,    0.0000000000E+00,    0.0000000000E+00,    4.6424314803E+02
    232950,      0.676972,CP4_after_advection,   1,    0.0000000000E+00,    4.6426278271E+02,    4.6426278271E+02,    0.0000000000E+00,    0.0000000000E+00,    0.0000000000E+00,    4.6426278271E+02
    232950,      0.676972,CP5_after_vdif,   1,    0.0000000000E+00,    4.6426278271E+02,    4.6426278271E+02,    0.0000000000E+00,    0.0000000000E+00,    0.0000000000E+00,    4.6426278271E+02
    232950,      0.676972,CP6_after_kinetics,   1,    0.0000000000E+00,    4.6426278271E+02,    4.6426278271E+02,    0.0000000000E+00,    0.0000000000E+00,    0.0000000000E+00,    4.6426278271E+02
    232950,      0.676972,CP7_after_upper_clamp,   1,    0.0000000000E+00,    4.6426278271E+02,    4.6426278271E+02,    0.0000000000E+00,    0.0000000000E+00,    0.0000000000E+00,    4.6426278271E+02
    232950,      0.676972,CP8_after_OBC,   1,    0.0000000000E+00,    4.6426278271E+02,    4.6426278271E+02,    0.0000000000E+00,    0.0000000000E+00,    0.0000000000E+00,    4.6426278271E+02
    232950,      0.676972,CP9_after_PTsource,   1,    0.0000000000E+00,    4.6426278271E+02,    4.6426278271E+02,    0.0000000000E+00,    0.0000000000E+00,    0.0000000000E+00,    4.6426278271E+02
    232950,      0.676972,CP10_after_neg_clamp,   1,    0.0000000000E+00,    4.6426278271E+02,    4.6426278271E+02,    0.0000000000E+00,    0.0000000000E+00,    0.0000000000E+00,    4.6426278271E+02
    232950,      0.676972,CP11_after_MPI,   1,    0.0000000000E+00,    4.6426278271E+02,    4.6426278271E+02,    0.0000000000E+00,    0.0000000000E+00,    0.0000000000E+00,    4.6426278271E+02
    232950,      0.676972,CP12_end,   1,    0.0000000000E+00,    4.6426278271E+02,    4.6426278271E+02,    0.0000000000E+00,    0.0000000000E+00,    0.0000000000E+00,    4.6426278271E+02
    233000,      0.676972,CP0_start,   1,    0.0000000000E+00,    4.6446328637E+02,    4.6446328637E+02,    0.0000000000E+00,    0.0000000000E+00,    0.0000000000E+00,    4.6446328637E+02
    233000,      0.676972,CP1_after_deposition,   1,    0.0000000000E+00,    4.6446328637E+02,    4.6446328637E+02,    0.0000000000E+00,    0.0000000000E+00,    0.0000000000E+00,    4.6446328637E+02
    233000,      0.676972,CP2_after_erosion,   1,    0.0000000000E+00,    4.6446328637E+02,    4.6446328637E+02,    0.0000000000E+00,    0.0000000000E+00,    0.0000000000E+00,    4.6446328637E+02
    233000,      0.676972,CP3_after_update_bottom,   1,    0.0000000000E+00,    4.6446328637E+02,    4.6446328637E+02,    0.0000000000E+00,    0.0000000000E+00,    0.0000000000E+00,    4.6446328637E+02
    233000,      0.676972,CP4_after_advection,   1,    0.0000000000E+00,    4.6448302290E+02,    4.6448302290E+02,    0.0000000000E+00,    0.0000000000E+00,    0.0000000000E+00,    4.6448302290E+02
    233000,      0.676972,CP5_after_vdif,   1,    0.0000000000E+00,    4.6448302290E+02,    4.6448302290E+02,    0.0000000000E+00,    0.0000000000E+00,    0.0000000000E+00,    4.6448302290E+02
    233000,      0.676972,CP6_after_kinetics,   1,    0.0000000000E+00,    4.6448302290E+02,    4.6448302290E+02,    0.0000000000E+00,    0.0000000000E+00,    0.0000000000E+00,    4.6448302290E+02
    233000,      0.676972,CP7_after_upper_clamp,   1,    0.0000000000E+00,    4.6448302290E+02,    4.6448302290E+02,    0.0000000000E+00,    0.0000000000E+00,    0.0000000000E+00,    4.6448302290E+02
    233000,      0.676972,CP8_after_OBC,   1,    0.0000000000E+00,    4.6448302290E+02,    4.6448302290E+02,    0.0000000000E+00,    0.0000000000E+00,    0.0000000000E+00,    4.6448302290E+02
    233000,      0.676972,CP9_after_PTsource,   1,    0.0000000000E+00,    4.6448302290E+02,    4.6448302290E+02,    0.0000000000E+00,    0.0000000000E+00,    0.0000000000E+00,    4.6448302290E+02
    233000,      0.676972,CP10_after_neg_clamp,   1,    0.0000000000E+00,    4.6448302290E+02,    4.6448302290E+02,    0.0000000000E+00,    0.0000000000E+00,    0.0000000000E+00,    4.6448302290E+02
    233000,      0.676972,CP11_after_MPI,   1,    0.0000000000E+00,    4.6448302290E+02,    4.6448302290E+02,    0.0000000000E+00,    0.0000000000E+00,    0.0000000000E+00,    4.6448302290E+02
    233000,      0.676972,CP12_end,   1,    0.0000000000E+00,    4.6448302290E+02,    4.6448302290E+02,    0.0000000000E+00,    0.0000000000E+00,    0.0000000000E+00,    4.6448302290E+02
    233050,      0.676972,CP0_start,   1,    0.0000000000E+00,    4.6468370876E+02,    4.6468370876E+02,    0.0000000000E+00,    0.0000000000E+00,    0.0000000000E+00,    4.6468370876E+02
    233050,      0.676972,CP1_after_deposition,   1,    0.0000000000E+00,    4.6468370876E+02,    4.6468370876E+02,    0.0000000000E+00,    0.0000000000E+00,    0.0000000000E+00,    4.6468370876E+02
    233050,      0.676972,CP2_after_erosion,   1,    0.0000000000E+00,    4.6468370876E+02,    4.6468370876E+02,    0.0000000000E+00,    0.0000000000E+00,    0.0000000000E+00,    4.6468370876E+02
    233050,      0.676972,CP3_after_update_bottom,   1,    0.0000000000E+00,    4.6468370876E+02,    4.6468370876E+02,    0.0000000000E+00,    0.0000000000E+00,    0.0000000000E+00,    4.6468370876E+02
    233050,      0.676972,CP4_after_advection,   1,    0.0000000000E+00,    4.6470351357E+02,    4.6470351357E+02,    0.0000000000E+00,    0.0000000000E+00,    0.0000000000E+00,    4.6470351357E+02
    233050,      0.676972,CP5_after_vdif,   1,    0.0000000000E+00,    4.6470351357E+02,    4.6470351357E+02,    0.0000000000E+00,    0.0000000000E+00,    0.0000000000E+00,    4.6470351357E+02
    233050,      0.676972,CP6_after_kinetics,   1,    0.0000000000E+00,    4.6470351357E+02,    4.6470351357E+02,    0.0000000000E+00,    0.0000000000E+00,    0.0000000000E+00,    4.6470351357E+02
    233050,      0.676972,CP7_after_upper_clamp,   1,    0.0000000000E+00,    4.6470351357E+02,    4.6470351357E+02,    0.0000000000E+00,    0.0000000000E+00,    0.0000000000E+00,    4.6470351357E+02
    233050,      0.676972,CP8_after_OBC,   1,    0.0000000000E+00,    4.6470351357E+02,    4.6470351357E+02,    0.0000000000E+00,    0.0000000000E+00,    0.0000000000E+00,    4.6470351357E+02
    233050,      0.676972,CP9_after_PTsource,   1,    0.0000000000E+00,    4.6470351357E+02,    4.6470351357E+02,    0.0000000000E+00,    0.0000000000E+00,    0.0000000000E+00,    4.6470351357E+02
    233050,      0.676972,CP10_after_neg_clamp,   1,    0.0000000000E+00,    4.6470351357E+02,    4.6470351357E+02,    0.0000000000E+00,    0.0000000000E+00,    0.0000000000E+00,    4.6470351357E+02
    233050,      0.676972,CP11_after_MPI,   1,    0.0000000000E+00,    4.6470351357E+02,    4.6470351357E+02,    0.0000000000E+00,    0.0000000000E+00,    0.0000000000E+00,    4.6470351357E+02
    233050,      0.676972,CP12_end,   1,    0.0000000000E+00,    4.6470351357E+02,    4.6470351357E+02,    0.0000000000E+00,    0.0000000000E+00,    0.0000000000E+00,    4.6470351357E+02
    233100,      0.676972,CP0_start,   1,    0.0000000000E+00,    4.6490238569E+02,    4.6490238569E+02,    0.0000000000E+00,    0.0000000000E+00,    0.0000000000E+00,    4.6490238569E+02
    233100,      0.676972,CP1_after_deposition,   1,    0.0000000000E+00,    4.6490238569E+02,    4.6490238569E+02,    0.0000000000E+00,    0.0000000000E+00,    0.0000000000E+00,    4.6490238569E+02
    233100,      0.676972,CP2_after_erosion,   1,    0.0000000000E+00,    4.6490238569E+02,    4.6490238569E+02,    0.0000000000E+00,    0.0000000000E+00,    0.0000000000E+00,    4.6490238569E+02
    233100,      0.676972,CP3_after_update_bottom,   1,    0.0000000000E+00,    4.6490238569E+02,    4.6490238569E+02,    0.0000000000E+00,    0.0000000000E+00,    0.0000000000E+00,    4.6490238569E+02
    233100,      0.676972,CP4_after_advection,   1,    0.0000000000E+00,    4.6492220616E+02,    4.6492220616E+02,    0.0000000000E+00,    0.0000000000E+00,    0.0000000000E+00,    4.6492220616E+02
    233100,      0.676972,CP5_after_vdif,   1,    0.0000000000E+00,    4.6492220616E+02,    4.6492220616E+02,    0.0000000000E+00,    0.0000000000E+00,    0.0000000000E+00,    4.6492220616E+02
    233100,      0.676972,CP6_after_kinetics,   1,    0.0000000000E+00,    4.6492220616E+02,    4.6492220616E+02,    0.0000000000E+00,    0.0000000000E+00,    0.0000000000E+00,    4.6492220616E+02
    233100,      0.676972,CP7_after_upper_clamp,   1,    0.0000000000E+00,    4.6492220616E+02,    4.6492220616E+02,    0.0000000000E+00,    0.0000000000E+00,    0.0000000000E+00,    4.6492220616E+02
    233100,      0.676972,CP8_after_OBC,   1,    0.0000000000E+00,    4.6492220616E+02,    4.6492220616E+02,    0.0000000000E+00,    0.0000000000E+00,    0.0000000000E+00,    4.6492220616E+02
    233100,      0.676972,CP9_after_PTsource,   1,    0.0000000000E+00,    4.6492220616E+02,    4.6492220616E+02,    0.0000000000E+00,    0.0000000000E+00,    0.0000000000E+00,    4.6492220616E+02
    233100,      0.676972,CP10_after_neg_clamp,   1,    0.0000000000E+00,    4.6492220616E+02,    4.6492220616E+02,    0.0000000000E+00,    0.0000000000E+00,    0.0000000000E+00,    4.6492220616E+02
    233100,      0.676972,CP11_after_MPI,   1,    0.0000000000E+00,    4.6492220616E+02,    4.6492220616E+02,    0.0000000000E+00,    0.0000000000E+00,    0.0000000000E+00,    4.6492220616E+02
    233100,      0.676972,CP12_end,   1,    0.0000000000E+00,    4.6492220616E+02,    4.6492220616E+02,    0.0000000000E+00,    0.0000000000E+00,    0.0000000000E+00,    4.6492220616E+02
    233150,      0.676972,CP0_start,   1,    0.0000000000E+00,    4.6511588701E+02,    4.6511588701E+02,    0.0000000000E+00,    0.0000000000E+00,    0.0000000000E+00,    4.6511588701E+02
    233150,      0.676972,CP1_after_deposition,   1,    0.0000000000E+00,    4.6511588701E+02,    4.6511588701E+02,    0.0000000000E+00,    0.0000000000E+00,    0.0000000000E+00,    4.6511588701E+02
    233150,      0.676972,CP2_after_erosion,   1,    0.0000000000E+00,    4.6511588701E+02,    4.6511588701E+02,    0.0000000000E+00,    0.0000000000E+00,    0.0000000000E+00,    4.6511588701E+02
    233150,      0.676972,CP3_after_update_bottom,   1,    0.0000000000E+00,    4.6511588701E+02,    4.6511588701E+02,    0.0000000000E+00,    0.0000000000E+00,    0.0000000000E+00,    4.6511588701E+02
    233150,      0.676972,CP4_after_advection,   1,    0.0000000000E+00,    4.6513567357E+02,    4.6513567357E+02,    0.0000000000E+00,    0.0000000000E+00,    0.0000000000E+00,    4.6513567357E+02
    233150,      0.676972,CP5_after_vdif,   1,    0.0000000000E+00,    4.6513567357E+02,    4.6513567357E+02,    0.0000000000E+00,    0.0000000000E+00,    0.0000000000E+00,    4.6513567357E+02
    233150,      0.676972,CP6_after_kinetics,   1,    0.0000000000E+00,    4.6513567357E+02,    4.6513567357E+02,    0.0000000000E+00,    0.0000000000E+00,    0.0000000000E+00,    4.6513567357E+02
    233150,      0.676972,CP7_after_upper_clamp,   1,    0.0000000000E+00,    4.6513567357E+02,    4.6513567357E+02,    0.0000000000E+00,    0.0000000000E+00,    0.0000000000E+00,    4.6513567357E+02
    233150,      0.676972,CP8_after_OBC,   1,    0.0000000000E+00,    4.6513567357E+02,    4.6513567357E+02,    0.0000000000E+00,    0.0000000000E+00,    0.0000000000E+00,    4.6513567357E+02
    233150,      0.676972,CP9_after_PTsource,   1,    0.0000000000E+00,    4.6513567357E+02,    4.6513567357E+02,    0.0000000000E+00,    0.0000000000E+00,    0.0000000000E+00,    4.6513567357E+02
    233150,      0.676972,CP10_after_neg_clamp,   1,    0.0000000000E+00,    4.6513567357E+02,    4.6513567357E+02,    0.0000000000E+00,    0.0000000000E+00,    0.0000000000E+00,    4.6513567357E+02
    233150,      0.676972,CP11_after_MPI,   1,    0.0000000000E+00,    4.6513567357E+02,    4.6513567357E+02,    0.0000000000E+00,    0.0000000000E+00,    0.0000000000E+00,    4.6513567357E+02
    233150,      0.676972,CP12_end,   1,    0.0000000000E+00,    4.6513567357E+02,    4.6513567357E+02,    0.0000000000E+00,    0.0000000000E+00,    0.0000000000E+00,    4.6513567357E+02
    233200,      0.676972,CP0_start,   1,    0.0000000000E+00,    4.6532381670E+02,    4.6532381670E+02,    0.0000000000E+00,    0.0000000000E+00,    0.0000000000E+00,    4.6532381670E+02
    233200,      0.676972,CP1_after_deposition,   1,    0.0000000000E+00,    4.6532381670E+02,    4.6532381670E+02,    0.0000000000E+00,    0.0000000000E+00,    0.0000000000E+00,    4.6532381670E+02
    233200,      0.676972,CP2_after_erosion,   1,    0.0000000000E+00,    4.6532381670E+02,    4.6532381670E+02,    0.0000000000E+00,    0.0000000000E+00,    0.0000000000E+00,    4.6532381670E+02
    233200,      0.676972,CP3_after_update_bottom,   1,    0.0000000000E+00,    4.6532381670E+02,    4.6532381670E+02,    0.0000000000E+00,    0.0000000000E+00,    0.0000000000E+00,    4.6532381670E+02
    233200,      0.676972,CP4_after_advection,   1,    0.0000000000E+00,    4.6534353607E+02,    4.6534353607E+02,    0.0000000000E+00,    0.0000000000E+00,    0.0000000000E+00,    4.6534353607E+02
    233200,      0.676972,CP5_after_vdif,   1,    0.0000000000E+00,    4.6534353607E+02,    4.6534353607E+02,    0.0000000000E+00,    0.0000000000E+00,    0.0000000000E+00,    4.6534353607E+02
    233200,      0.676972,CP6_after_kinetics,   1,    0.0000000000E+00,    4.6534353607E+02,    4.6534353607E+02,    0.0000000000E+00,    0.0000000000E+00,    0.0000000000E+00,    4.6534353607E+02
    233200,      0.676972,CP7_after_upper_clamp,   1,    0.0000000000E+00,    4.6534353607E+02,    4.6534353607E+02,    0.0000000000E+00,    0.0000000000E+00,    0.0000000000E+00,    4.6534353607E+02
    233200,      0.676972,CP8_after_OBC,   1,    0.0000000000E+00,    4.6534353607E+02,    4.6534353607E+02,    0.0000000000E+00,    0.0000000000E+00,    0.0000000000E+00,    4.6534353607E+02
    233200,      0.676972,CP9_after_PTsource,   1,    0.0000000000E+00,    4.6534353607E+02,    4.6534353607E+02,    0.0000000000E+00,    0.0000000000E+00,    0.0000000000E+00,    4.6534353607E+02
    233200,      0.676972,CP10_after_neg_clamp,   1,    0.0000000000E+00,    4.6534353607E+02,    4.6534353607E+02,    0.0000000000E+00,    0.0000000000E+00,    0.0000000000E+00,    4.6534353607E+02
    233200,      0.676972,CP11_after_MPI,   1,    0.0000000000E+00,    4.6534353607E+02,    4.6534353607E+02,    0.0000000000E+00,    0.0000000000E+00,    0.0000000000E+00,    4.6534353607E+02
    233200,      0.676972,CP12_end,   1,    0.0000000000E+00,    4.6534353607E+02,    4.6534353607E+02,    0.0000000000E+00,    0.0000000000E+00,    0.0000000000E+00,    4.6534353607E+02
    233250,      0.676972,CP0_start,   1,    0.0000000000E+00,    4.6552525835E+02,    4.6552525835E+02,    0.0000000000E+00,    0.0000000000E+00,    0.0000000000E+00,    4.6552525835E+02
    233250,      0.676972,CP1_after_deposition,   1,    0.0000000000E+00,    4.6552525835E+02,    4.6552525835E+02,    0.0000000000E+00,    0.0000000000E+00,    0.0000000000E+00,    4.6552525835E+02
    233250,      0.676972,CP2_after_erosion,   1,    0.0000000000E+00,    4.6552525835E+02,    4.6552525835E+02,    0.0000000000E+00,    0.0000000000E+00,    0.0000000000E+00,    4.6552525835E+02
    233250,      0.676972,CP3_after_update_bottom,   1,    0.0000000000E+00,    4.6552525835E+02,    4.6552525835E+02,    0.0000000000E+00,    0.0000000000E+00,    0.0000000000E+00,    4.6552525835E+02
    233250,      0.676972,CP4_after_advection,   1,    0.0000000000E+00,    4.6554489706E+02,    4.6554489706E+02,    0.0000000000E+00,    0.0000000000E+00,    0.0000000000E+00,    4.6554489706E+02
    233250,      0.676972,CP5_after_vdif,   1,    0.0000000000E+00,    4.6554489706E+02,    4.6554489706E+02,    0.0000000000E+00,    0.0000000000E+00,    0.0000000000E+00,    4.6554489706E+02
    233250,      0.676972,CP6_after_kinetics,   1,    0.0000000000E+00,    4.6554489706E+02,    4.6554489706E+02,    0.0000000000E+00,    0.0000000000E+00,    0.0000000000E+00,    4.6554489706E+02
    233250,      0.676972,CP7_after_upper_clamp,   1,    0.0000000000E+00,    4.6554489706E+02,    4.6554489706E+02,    0.0000000000E+00,    0.0000000000E+00,    0.0000000000E+00,    4.6554489706E+02
    233250,      0.676972,CP8_after_OBC,   1,    0.0000000000E+00,    4.6554489706E+02,    4.6554489706E+02,    0.0000000000E+00,    0.0000000000E+00,    0.0000000000E+00,    4.6554489706E+02
    233250,      0.676972,CP9_after_PTsource,   1,    0.0000000000E+00,    4.6554489706E+02,    4.6554489706E+02,    0.0000000000E+00,    0.0000000000E+00,    0.0000000000E+00,    4.6554489706E+02
    233250,      0.676972,CP10_after_neg_clamp,   1,    0.0000000000E+00,    4.6554489706E+02,    4.6554489706E+02,    0.0000000000E+00,    0.0000000000E+00,    0.0000000000E+00,    4.6554489706E+02
    233250,      0.676972,CP11_after_MPI,   1,    0.0000000000E+00,    4.6554489706E+02,    4.6554489706E+02,    0.0000000000E+00,    0.0000000000E+00,    0.0000000000E+00,    4.6554489706E+02
    233250,      0.676972,CP12_end,   1,    0.0000000000E+00,    4.6554489706E+02,    4.6554489706E+02,    0.0000000000E+00,    0.0000000000E+00,    0.0000000000E+00,    4.6554489706E+02
    233300,      0.676972,CP0_start,   1,    0.0000000000E+00,    4.6572009068E+02,    4.6572009068E+02,    0.0000000000E+00,    0.0000000000E+00,    0.0000000000E+00,    4.6572009068E+02
    233300,      0.676972,CP1_after_deposition,   1,    0.0000000000E+00,    4.6572009068E+02,    4.6572009068E+02,    0.0000000000E+00,    0.0000000000E+00,    0.0000000000E+00,    4.6572009068E+02
    233300,      0.676972,CP2_after_erosion,   1,    0.0000000000E+00,    4.6572009068E+02,    4.6572009068E+02,    0.0000000000E+00,    0.0000000000E+00,    0.0000000000E+00,    4.6572009068E+02
    233300,      0.676972,CP3_after_update_bottom,   1,    0.0000000000E+00,    4.6572009068E+02,    4.6572009068E+02,    0.0000000000E+00,    0.0000000000E+00,    0.0000000000E+00,    4.6572009068E+02
    233300,      0.676972,CP4_after_advection,   1,    0.0000000000E+00,    4.6573964537E+02,    4.6573964537E+02,    0.0000000000E+00,    0.0000000000E+00,    0.0000000000E+00,    4.6573964537E+02
    233300,      0.676972,CP5_after_vdif,   1,    0.0000000000E+00,    4.6573964537E+02,    4.6573964537E+02,    0.0000000000E+00,    0.0000000000E+00,    0.0000000000E+00,    4.6573964537E+02
    233300,      0.676972,CP6_after_kinetics,   1,    0.0000000000E+00,    4.6573964537E+02,    4.6573964537E+02,    0.0000000000E+00,    0.0000000000E+00,    0.0000000000E+00,    4.6573964537E+02
    233300,      0.676972,CP7_after_upper_clamp,   1,    0.0000000000E+00,    4.6573964537E+02,    4.6573964537E+02,    0.0000000000E+00,    0.0000000000E+00,    0.0000000000E+00,    4.6573964537E+02
    233300,      0.676972,CP8_after_OBC,   1,    0.0000000000E+00,    4.6573964537E+02,    4.6573964537E+02,    0.0000000000E+00,    0.0000000000E+00,    0.0000000000E+00,    4.6573964537E+02
    233300,      0.676972,CP9_after_PTsource,   1,    0.0000000000E+00,    4.6573964537E+02,    4.6573964537E+02,    0.0000000000E+00,    0.0000000000E+00,    0.0000000000E+00,    4.6573964537E+02
    233300,      0.676972,CP10_after_neg_clamp,   1,    0.0000000000E+00,    4.6573964537E+02,    4.6573964537E+02,    0.0000000000E+00,    0.0000000000E+00,    0.0000000000E+00,    4.6573964537E+02
    233300,      0.676972,CP11_after_MPI,   1,    0.0000000000E+00,    4.6573964537E+02,    4.6573964537E+02,    0.0000000000E+00,    0.0000000000E+00,    0.0000000000E+00,    4.6573964537E+02
    233300,      0.676972,CP12_end,   1,    0.0000000000E+00,    4.6573964537E+02,    4.6573964537E+02,    0.0000000000E+00,    0.0000000000E+00,    0.0000000000E+00,    4.6573964537E+02
    233350,      0.676972,CP0_start,   1,    0.0000000000E+00,    4.6590875122E+02,    4.6590875122E+02,    0.0000000000E+00,    0.0000000000E+00,    0.0000000000E+00,    4.6590875122E+02
    233350,      0.676972,CP1_after_deposition,   1,    0.0000000000E+00,    4.6590875122E+02,    4.6590875122E+02,    0.0000000000E+00,    0.0000000000E+00,    0.0000000000E+00,    4.6590875122E+02
    233350,      0.676972,CP2_after_erosion,   1,    0.0000000000E+00,    4.6590875122E+02,    4.6590875122E+02,    0.0000000000E+00,    0.0000000000E+00,    0.0000000000E+00,    4.6590875122E+02
    233350,      0.676972,CP3_after_update_bottom,   1,    0.0000000000E+00,    4.6590875122E+02,    4.6590875122E+02,    0.0000000000E+00,    0.0000000000E+00,    0.0000000000E+00,    4.6590875122E+02
    233350,      0.676972,CP4_after_advection,   1,    0.0000000000E+00,    4.6592822367E+02,    4.6592822367E+02,    0.0000000000E+00,    0.0000000000E+00,    0.0000000000E+00,    4.6592822367E+02
    233350,      0.676972,CP5_after_vdif,   1,    0.0000000000E+00,    4.6592822367E+02,    4.6592822367E+02,    0.0000000000E+00,    0.0000000000E+00,    0.0000000000E+00,    4.6592822367E+02
    233350,      0.676972,CP6_after_kinetics,   1,    0.0000000000E+00,    4.6592822367E+02,    4.6592822367E+02,    0.0000000000E+00,    0.0000000000E+00,    0.0000000000E+00,    4.6592822367E+02
    233350,      0.676972,CP7_after_upper_clamp,   1,    0.0000000000E+00,    4.6592822367E+02,    4.6592822367E+02,    0.0000000000E+00,    0.0000000000E+00,    0.0000000000E+00,    4.6592822367E+02
    233350,      0.676972,CP8_after_OBC,   1,    0.0000000000E+00,    4.6592822367E+02,    4.6592822367E+02,    0.0000000000E+00,    0.0000000000E+00,    0.0000000000E+00,    4.6592822367E+02
    233350,      0.676972,CP9_after_PTsource,   1,    0.0000000000E+00,    4.6592822367E+02,    4.6592822367E+02,    0.0000000000E+00,    0.0000000000E+00,    0.0000000000E+00,    4.6592822367E+02
    233350,      0.676972,CP10_after_neg_clamp,   1,    0.0000000000E+00,    4.6592822367E+02,    4.6592822367E+02,    0.0000000000E+00,    0.0000000000E+00,    0.0000000000E+00,    4.6592822367E+02
    233350,      0.676972,CP11_after_MPI,   1,    0.0000000000E+00,    4.6592822367E+02,    4.6592822367E+02,    0.0000000000E+00,    0.0000000000E+00,    0.0000000000E+00,    4.6592822367E+02
    233350,      0.676972,CP12_end,   1,    0.0000000000E+00,    4.6592822367E+02,    4.6592822367E+02,    0.0000000000E+00,    0.0000000000E+00,    0.0000000000E+00,    4.6592822367E+02
    233400,      0.676972,CP0_start,   1,    0.0000000000E+00,    4.6609231626E+02,    4.6609231626E+02,    0.0000000000E+00,    0.0000000000E+00,    0.0000000000E+00,    4.6609231626E+02
    233400,      0.676972,CP1_after_deposition,   1,    0.0000000000E+00,    4.6609231626E+02,    4.6609231626E+02,    0.0000000000E+00,    0.0000000000E+00,    0.0000000000E+00,    4.6609231626E+02
    233400,      0.676972,CP2_after_erosion,   1,    0.0000000000E+00,    4.6609231626E+02,    4.6609231626E+02,    0.0000000000E+00,    0.0000000000E+00,    0.0000000000E+00,    4.6609231626E+02
    233400,      0.676972,CP3_after_update_bottom,   1,    0.0000000000E+00,    4.6609231626E+02,    4.6609231626E+02,    0.0000000000E+00,    0.0000000000E+00,    0.0000000000E+00,    4.6609231626E+02
    233400,      0.676972,CP4_after_advection,   1,    0.0000000000E+00,    4.6611173072E+02,    4.6611173072E+02,    0.0000000000E+00,    0.0000000000E+00,    0.0000000000E+00,    4.6611173072E+02
    233400,      0.676972,CP5_after_vdif,   1,    0.0000000000E+00,    4.6611173072E+02,    4.6611173072E+02,    0.0000000000E+00,    0.0000000000E+00,    0.0000000000E+00,    4.6611173072E+02
    233400,      0.676972,CP6_after_kinetics,   1,    0.0000000000E+00,    4.6611173072E+02,    4.6611173072E+02,    0.0000000000E+00,    0.0000000000E+00,    0.0000000000E+00,    4.6611173072E+02
    233400,      0.676972,CP7_after_upper_clamp,   1,    0.0000000000E+00,    4.6611173072E+02,    4.6611173072E+02,    0.0000000000E+00,    0.0000000000E+00,    0.0000000000E+00,    4.6611173072E+02
    233400,      0.676972,CP8_after_OBC,   1,    0.0000000000E+00,    4.6611173072E+02,    4.6611173072E+02,    0.0000000000E+00,    0.0000000000E+00,    0.0000000000E+00,    4.6611173072E+02
    233400,      0.676972,CP9_after_PTsource,   1,    0.0000000000E+00,    4.6611173072E+02,    4.6611173072E+02,    0.0000000000E+00,    0.0000000000E+00,    0.0000000000E+00,    4.6611173072E+02
    233400,      0.676972,CP10_after_neg_clamp,   1,    0.0000000000E+00,    4.6611173072E+02,    4.6611173072E+02,    0.0000000000E+00,    0.0000000000E+00,    0.0000000000E+00,    4.6611173072E+02
    233400,      0.676972,CP11_after_MPI,   1,    0.0000000000E+00,    4.6611173072E+02,    4.6611173072E+02,    0.0000000000E+00,    0.0000000000E+00,    0.0000000000E+00,    4.6611173072E+02
    233400,      0.676972,CP12_end,   1,    0.0000000000E+00,    4.6611173072E+02,    4.6611173072E+02,    0.0000000000E+00,    0.0000000000E+00,    0.0000000000E+00,    4.6611173072E+02
    233450,      0.676972,CP0_start,   1,    0.0000000000E+00,    4.6627235557E+02,    4.6627235557E+02,    0.0000000000E+00,    0.0000000000E+00,    0.0000000000E+00,    4.6627235557E+02
    233450,      0.676972,CP1_after_deposition,   1,    0.0000000000E+00,    4.6627235557E+02,    4.6627235557E+02,    0.0000000000E+00,    0.0000000000E+00,    0.0000000000E+00,    4.6627235557E+02
    233450,      0.676972,CP2_after_erosion,   1,    0.0000000000E+00,    4.6627235557E+02,    4.6627235557E+02,    0.0000000000E+00,    0.0000000000E+00,    0.0000000000E+00,    4.6627235557E+02
    233450,      0.676972,CP3_after_update_bottom,   1,    0.0000000000E+00,    4.6627235557E+02,    4.6627235557E+02,    0.0000000000E+00,    0.0000000000E+00,    0.0000000000E+00,    4.6627235557E+02
    233450,      0.676972,CP4_after_advection,   1,    0.0000000000E+00,    4.6629173232E+02,    4.6629173232E+02,    0.0000000000E+00,    0.0000000000E+00,    0.0000000000E+00,    4.6629173232E+02
    233450,      0.676972,CP5_after_vdif,   1,    0.0000000000E+00,    4.6629173232E+02,    4.6629173232E+02,    0.0000000000E+00,    0.0000000000E+00,    0.0000000000E+00,    4.6629173232E+02
    233450,      0.676972,CP6_after_kinetics,   1,    0.0000000000E+00,    4.6629173232E+02,    4.6629173232E+02,    0.0000000000E+00,    0.0000000000E+00,    0.0000000000E+00,    4.6629173232E+02
    233450,      0.676972,CP7_after_upper_clamp,   1,    0.0000000000E+00,    4.6629173232E+02,    4.6629173232E+02,    0.0000000000E+00,    0.0000000000E+00,    0.0000000000E+00,    4.6629173232E+02
    233450,      0.676972,CP8_after_OBC,   1,    0.0000000000E+00,    4.6629173232E+02,    4.6629173232E+02,    0.0000000000E+00,    0.0000000000E+00,    0.0000000000E+00,    4.6629173232E+02
    233450,      0.676972,CP9_after_PTsource,   1,    0.0000000000E+00,    4.6629173232E+02,    4.6629173232E+02,    0.0000000000E+00,    0.0000000000E+00,    0.0000000000E+00,    4.6629173232E+02
    233450,      0.676972,CP10_after_neg_clamp,   1,    0.0000000000E+00,    4.6629173232E+02,    4.6629173232E+02,    0.0000000000E+00,    0.0000000000E+00,    0.0000000000E+00,    4.6629173232E+02
    233450,      0.676972,CP11_after_MPI,   1,    0.0000000000E+00,    4.6629173232E+02,    4.6629173232E+02,    0.0000000000E+00,    0.0000000000E+00,    0.0000000000E+00,    4.6629173232E+02
    233450,      0.676972,CP12_end,   1,    0.0000000000E+00,    4.6629173232E+02,    4.6629173232E+02,    0.0000000000E+00,    0.0000000000E+00,    0.0000000000E+00,    4.6629173232E+02
    233500,      0.676972,CP0_start,   1,    0.0000000000E+00,    4.6645056869E+02,    4.6645056869E+02,    0.0000000000E+00,    0.0000000000E+00,    0.0000000000E+00,    4.6645056869E+02
    233500,      0.676972,CP1_after_deposition,   1,    0.0000000000E+00,    4.6645056869E+02,    4.6645056869E+02,    0.0000000000E+00,    0.0000000000E+00,    0.0000000000E+00,    4.6645056869E+02
    233500,      0.676972,CP2_after_erosion,   1,    0.0000000000E+00,    4.6645056869E+02,    4.6645056869E+02,    0.0000000000E+00,    0.0000000000E+00,    0.0000000000E+00,    4.6645056869E+02
    233500,      0.676972,CP3_after_update_bottom,   1,    0.0000000000E+00,    4.6645056869E+02,    4.6645056869E+02,    0.0000000000E+00,    0.0000000000E+00,    0.0000000000E+00,    4.6645056869E+02
    233500,      0.676972,CP4_after_advection,   1,    0.0000000000E+00,    4.6646993225E+02,    4.6646993225E+02,    0.0000000000E+00,    0.0000000000E+00,    0.0000000000E+00,    4.6646993225E+02
    233500,      0.676972,CP5_after_vdif,   1,    0.0000000000E+00,    4.6646993225E+02,    4.6646993225E+02,    0.0000000000E+00,    0.0000000000E+00,    0.0000000000E+00,    4.6646993225E+02
    233500,      0.676972,CP6_after_kinetics,   1,    0.0000000000E+00,    4.6646993225E+02,    4.6646993225E+02,    0.0000000000E+00,    0.0000000000E+00,    0.0000000000E+00,    4.6646993225E+02
    233500,      0.676972,CP7_after_upper_clamp,   1,    0.0000000000E+00,    4.6646993225E+02,    4.6646993225E+02,    0.0000000000E+00,    0.0000000000E+00,    0.0000000000E+00,    4.6646993225E+02
    233500,      0.676972,CP8_after_OBC,   1,    0.0000000000E+00,    4.6646993225E+02,    4.6646993225E+02,    0.0000000000E+00,    0.0000000000E+00,    0.0000000000E+00,    4.6646993225E+02
    233500,      0.676972,CP9_after_PTsource,   1,    0.0000000000E+00,    4.6646993225E+02,    4.6646993225E+02,    0.0000000000E+00,    0.0000000000E+00,    0.0000000000E+00,    4.6646993225E+02
    233500,      0.676972,CP10_after_neg_clamp,   1,    0.0000000000E+00,    4.6646993225E+02,    4.6646993225E+02,    0.0000000000E+00,    0.0000000000E+00,    0.0000000000E+00,    4.6646993225E+02
    233500,      0.676972,CP11_after_MPI,   1,    0.0000000000E+00,    4.6646993225E+02,    4.6646993225E+02,    0.0000000000E+00,    0.0000000000E+00,    0.0000000000E+00,    4.6646993225E+02
    233500,      0.676972,CP12_end,   1,    0.0000000000E+00,    4.6646993225E+02,    4.6646993225E+02,    0.0000000000E+00,    0.0000000000E+00,    0.0000000000E+00,    4.6646993225E+02
    233550,      0.676972,CP0_start,   1,    0.0000000000E+00,    4.6662856056E+02,    4.6662856056E+02,    0.0000000000E+00,    0.0000000000E+00,    0.0000000000E+00,    4.6662856056E+02
    233550,      0.676972,CP1_after_deposition,   1,    0.0000000000E+00,    4.6662856056E+02,    4.6662856056E+02,    0.0000000000E+00,    0.0000000000E+00,    0.0000000000E+00,    4.6662856056E+02
    233550,      0.676972,CP2_after_erosion,   1,    0.0000000000E+00,    4.6662856056E+02,    4.6662856056E+02,    0.0000000000E+00,    0.0000000000E+00,    0.0000000000E+00,    4.6662856056E+02
    233550,      0.676972,CP3_after_update_bottom,   1,    0.0000000000E+00,    4.6662856056E+02,    4.6662856056E+02,    0.0000000000E+00,    0.0000000000E+00,    0.0000000000E+00,    4.6662856056E+02
    233550,      0.676972,CP4_after_advection,   1,    0.0000000000E+00,    4.6664795109E+02,    4.6664795109E+02,    0.0000000000E+00,    0.0000000000E+00,    0.0000000000E+00,    4.6664795109E+02
    233550,      0.676972,CP5_after_vdif,   1,    0.0000000000E+00,    4.6664795109E+02,    4.6664795109E+02,    0.0000000000E+00,    0.0000000000E+00,    0.0000000000E+00,    4.6664795109E+02
    233550,      0.676972,CP6_after_kinetics,   1,    0.0000000000E+00,    4.6664795109E+02,    4.6664795109E+02,    0.0000000000E+00,    0.0000000000E+00,    0.0000000000E+00,    4.6664795109E+02
    233550,      0.676972,CP7_after_upper_clamp,   1,    0.0000000000E+00,    4.6664795109E+02,    4.6664795109E+02,    0.0000000000E+00,    0.0000000000E+00,    0.0000000000E+00,    4.6664795109E+02
    233550,      0.676972,CP8_after_OBC,   1,    0.0000000000E+00,    4.6664795109E+02,    4.6664795109E+02,    0.0000000000E+00,    0.0000000000E+00,    0.0000000000E+00,    4.6664795109E+02
    233550,      0.676972,CP9_after_PTsource,   1,    0.0000000000E+00,    4.6664795109E+02,    4.6664795109E+02,    0.0000000000E+00,    0.0000000000E+00,    0.0000000000E+00,    4.6664795109E+02
    233550,      0.676972,CP10_after_neg_clamp,   1,    0.0000000000E+00,    4.6664795109E+02,    4.6664795109E+02,    0.0000000000E+00,    0.0000000000E+00,    0.0000000000E+00,    4.6664795109E+02
    233550,      0.676972,CP11_after_MPI,   1,    0.0000000000E+00,    4.6664795109E+02,    4.6664795109E+02,    0.0000000000E+00,    0.0000000000E+00,    0.0000000000E+00,    4.6664795109E+02
    233550,      0.676972,CP12_end,   1,    0.0000000000E+00,    4.6664795109E+02,    4.6664795109E+02,    0.0000000000E+00,    0.0000000000E+00,    0.0000000000E+00,    4.6664795109E+02
    233600,      0.676972,CP0_start,   1,    0.0000000000E+00,    4.6680743521E+02,    4.6680743521E+02,    0.0000000000E+00,    0.0000000000E+00,    0.0000000000E+00,    4.6680743521E+02
    233600,      0.676972,CP1_after_deposition,   1,    0.0000000000E+00,    4.6680743521E+02,    4.6680743521E+02,    0.0000000000E+00,    0.0000000000E+00,    0.0000000000E+00,    4.6680743521E+02
    233600,      0.676972,CP2_after_erosion,   1,    0.0000000000E+00,    4.6680743521E+02,    4.6680743521E+02,    0.0000000000E+00,    0.0000000000E+00,    0.0000000000E+00,    4.6680743521E+02
    233600,      0.676972,CP3_after_update_bottom,   1,    0.0000000000E+00,    4.6680743521E+02,    4.6680743521E+02,    0.0000000000E+00,    0.0000000000E+00,    0.0000000000E+00,    4.6680743521E+02
    233600,      0.676972,CP4_after_advection,   1,    0.0000000000E+00,    4.6682686364E+02,    4.6682686364E+02,    0.0000000000E+00,    0.0000000000E+00,    0.0000000000E+00,    4.6682686364E+02
    233600,      0.676972,CP5_after_vdif,   1,    0.0000000000E+00,    4.6682686364E+02,    4.6682686364E+02,    0.0000000000E+00,    0.0000000000E+00,    0.0000000000E+00,    4.6682686364E+02
    233600,      0.676972,CP6_after_kinetics,   1,    0.0000000000E+00,    4.6682686364E+02,    4.6682686364E+02,    0.0000000000E+00,    0.0000000000E+00,    0.0000000000E+00,    4.6682686364E+02
    233600,      0.676972,CP7_after_upper_clamp,   1,    0.0000000000E+00,    4.6682686364E+02,    4.6682686364E+02,    0.0000000000E+00,    0.0000000000E+00,    0.0000000000E+00,    4.6682686364E+02
    233600,      0.676972,CP8_after_OBC,   1,    0.0000000000E+00,    4.6682686364E+02,    4.6682686364E+02,    0.0000000000E+00,    0.0000000000E+00,    0.0000000000E+00,    4.6682686364E+02
    233600,      0.676972,CP9_after_PTsource,   1,    0.0000000000E+00,    4.6682686364E+02,    4.6682686364E+02,    0.0000000000E+00,    0.0000000000E+00,    0.0000000000E+00,    4.6682686364E+02
    233600,      0.676972,CP10_after_neg_clamp,   1,    0.0000000000E+00,    4.6682686364E+02,    4.6682686364E+02,    0.0000000000E+00,    0.0000000000E+00,    0.0000000000E+00,    4.6682686364E+02
    233600,      0.676972,CP11_after_MPI,   1,    0.0000000000E+00,    4.6682686364E+02,    4.6682686364E+02,    0.0000000000E+00,    0.0000000000E+00,    0.0000000000E+00,    4.6682686364E+02
    233600,      0.676972,CP12_end,   1,    0.0000000000E+00,    4.6682686364E+02,    4.6682686364E+02,    0.0000000000E+00,    0.0000000000E+00,    0.0000000000E+00,    4.6682686364E+02
    233650,      0.676972,CP0_start,   1,    0.0000000000E+00,    4.6698809185E+02,    4.6698809185E+02,    0.0000000000E+00,    0.0000000000E+00,    0.0000000000E+00,    4.6698809185E+02
    233650,      0.676972,CP1_after_deposition,   1,    0.0000000000E+00,    4.6698809185E+02,    4.6698809185E+02,    0.0000000000E+00,    0.0000000000E+00,    0.0000000000E+00,    4.6698809185E+02
    233650,      0.676972,CP2_after_erosion,   1,    0.0000000000E+00,    4.6698809185E+02,    4.6698809185E+02,    0.0000000000E+00,    0.0000000000E+00,    0.0000000000E+00,    4.6698809185E+02
    233650,      0.676972,CP3_after_update_bottom,   1,    0.0000000000E+00,    4.6698809185E+02,    4.6698809185E+02,    0.0000000000E+00,    0.0000000000E+00,    0.0000000000E+00,    4.6698809185E+02
    233650,      0.676972,CP4_after_advection,   1,    0.0000000000E+00,    4.6700756272E+02,    4.6700756272E+02,    0.0000000000E+00,    0.0000000000E+00,    0.0000000000E+00,    4.6700756272E+02
    233650,      0.676972,CP5_after_vdif,   1,    0.0000000000E+00,    4.6700756272E+02,    4.6700756272E+02,    0.0000000000E+00,    0.0000000000E+00,    0.0000000000E+00,    4.6700756272E+02
    233650,      0.676972,CP6_after_kinetics,   1,    0.0000000000E+00,    4.6700756272E+02,    4.6700756272E+02,    0.0000000000E+00,    0.0000000000E+00,    0.0000000000E+00,    4.6700756272E+02
    233650,      0.676972,CP7_after_upper_clamp,   1,    0.0000000000E+00,    4.6700756272E+02,    4.6700756272E+02,    0.0000000000E+00,    0.0000000000E+00,    0.0000000000E+00,    4.6700756272E+02
    233650,      0.676972,CP8_after_OBC,   1,    0.0000000000E+00,    4.6700756272E+02,    4.6700756272E+02,    0.0000000000E+00,    0.0000000000E+00,    0.0000000000E+00,    4.6700756272E+02
    233650,      0.676972,CP9_after_PTsource,   1,    0.0000000000E+00,    4.6700756272E+02,    4.6700756272E+02,    0.0000000000E+00,    0.0000000000E+00,    0.0000000000E+00,    4.6700756272E+02
    233650,      0.676972,CP10_after_neg_clamp,   1,    0.0000000000E+00,    4.6700756272E+02,    4.6700756272E+02,    0.0000000000E+00,    0.0000000000E+00,    0.0000000000E+00,    4.6700756272E+02
    233650,      0.676972,CP11_after_MPI,   1,    0.0000000000E+00,    4.6700756272E+02,    4.6700756272E+02,    0.0000000000E+00,    0.0000000000E+00,    0.0000000000E+00,    4.6700756272E+02
    233650,      0.676972,CP12_end,   1,    0.0000000000E+00,    4.6700756272E+02,    4.6700756272E+02,    0.0000000000E+00,    0.0000000000E+00,    0.0000000000E+00,    4.6700756272E+02
    233700,      0.676972,CP0_start,   1,    0.0000000000E+00,    4.6717108124E+02,    4.6717108124E+02,    0.0000000000E+00,    0.0000000000E+00,    0.0000000000E+00,    4.6717108124E+02
    233700,      0.676972,CP1_after_deposition,   1,    0.0000000000E+00,    4.6717108124E+02,    4.6717108124E+02,    0.0000000000E+00,    0.0000000000E+00,    0.0000000000E+00,    4.6717108124E+02
    233700,      0.676972,CP2_after_erosion,   1,    0.0000000000E+00,    4.6717108124E+02,    4.6717108124E+02,    0.0000000000E+00,    0.0000000000E+00,    0.0000000000E+00,    4.6717108124E+02
    233700,      0.676972,CP3_after_update_bottom,   1,    0.0000000000E+00,    4.6717108124E+02,    4.6717108124E+02,    0.0000000000E+00,    0.0000000000E+00,    0.0000000000E+00,    4.6717108124E+02
    233700,      0.676972,CP4_after_advection,   1,    0.0000000000E+00,    4.6719060171E+02,    4.6719060171E+02,    0.0000000000E+00,    0.0000000000E+00,    0.0000000000E+00,    4.6719060171E+02
    233700,      0.676972,CP5_after_vdif,   1,    0.0000000000E+00,    4.6719060171E+02,    4.6719060171E+02,    0.0000000000E+00,    0.0000000000E+00,    0.0000000000E+00,    4.6719060171E+02
    233700,      0.676972,CP6_after_kinetics,   1,    0.0000000000E+00,    4.6719060171E+02,    4.6719060171E+02,    0.0000000000E+00,    0.0000000000E+00,    0.0000000000E+00,    4.6719060171E+02
    233700,      0.676972,CP7_after_upper_clamp,   1,    0.0000000000E+00,    4.6719060171E+02,    4.6719060171E+02,    0.0000000000E+00,    0.0000000000E+00,    0.0000000000E+00,    4.6719060171E+02
    233700,      0.676972,CP8_after_OBC,   1,    0.0000000000E+00,    4.6719060171E+02,    4.6719060171E+02,    0.0000000000E+00,    0.0000000000E+00,    0.0000000000E+00,    4.6719060171E+02
    233700,      0.676972,CP9_after_PTsource,   1,    0.0000000000E+00,    4.6719060171E+02,    4.6719060171E+02,    0.0000000000E+00,    0.0000000000E+00,    0.0000000000E+00,    4.6719060171E+02
    233700,      0.676972,CP10_after_neg_clamp,   1,    0.0000000000E+00,    4.6719060171E+02,    4.6719060171E+02,    0.0000000000E+00,    0.0000000000E+00,    0.0000000000E+00,    4.6719060171E+02
    233700,      0.676972,CP11_after_MPI,   1,    0.0000000000E+00,    4.6719060171E+02,    4.6719060171E+02,    0.0000000000E+00,    0.0000000000E+00,    0.0000000000E+00,    4.6719060171E+02
    233700,      0.676972,CP12_end,   1,    0.0000000000E+00,    4.6719060171E+02,    4.6719060171E+02,    0.0000000000E+00,    0.0000000000E+00,    0.0000000000E+00,    4.6719060171E+02
    233750,      0.676972,CP0_start,   1,    0.0000000000E+00,    4.6735668536E+02,    4.6735668536E+02,    0.0000000000E+00,    0.0000000000E+00,    0.0000000000E+00,    4.6735668536E+02
    233750,      0.676972,CP1_after_deposition,   1,    0.0000000000E+00,    4.6735668536E+02,    4.6735668536E+02,    0.0000000000E+00,    0.0000000000E+00,    0.0000000000E+00,    4.6735668536E+02
    233750,      0.676972,CP2_after_erosion,   1,    0.0000000000E+00,    4.6735668536E+02,    4.6735668536E+02,    0.0000000000E+00,    0.0000000000E+00,    0.0000000000E+00,    4.6735668536E+02
    233750,      0.676972,CP3_after_update_bottom,   1,    0.0000000000E+00,    4.6735668536E+02,    4.6735668536E+02,    0.0000000000E+00,    0.0000000000E+00,    0.0000000000E+00,    4.6735668536E+02
    233750,      0.676972,CP4_after_advection,   1,    0.0000000000E+00,    4.6737625954E+02,    4.6737625954E+02,    0.0000000000E+00,    0.0000000000E+00,    0.0000000000E+00,    4.6737625954E+02
    233750,      0.676972,CP5_after_vdif,   1,    0.0000000000E+00,    4.6737625954E+02,    4.6737625954E+02,    0.0000000000E+00,    0.0000000000E+00,    0.0000000000E+00,    4.6737625954E+02
    233750,      0.676972,CP6_after_kinetics,   1,    0.0000000000E+00,    4.6737625954E+02,    4.6737625954E+02,    0.0000000000E+00,    0.0000000000E+00,    0.0000000000E+00,    4.6737625954E+02
    233750,      0.676972,CP7_after_upper_clamp,   1,    0.0000000000E+00,    4.6737625954E+02,    4.6737625954E+02,    0.0000000000E+00,    0.0000000000E+00,    0.0000000000E+00,    4.6737625954E+02
    233750,      0.676972,CP8_after_OBC,   1,    0.0000000000E+00,    4.6737625954E+02,    4.6737625954E+02,    0.0000000000E+00,    0.0000000000E+00,    0.0000000000E+00,    4.6737625954E+02
    233750,      0.676972,CP9_after_PTsource,   1,    0.0000000000E+00,    4.6737625954E+02,    4.6737625954E+02,    0.0000000000E+00,    0.0000000000E+00,    0.0000000000E+00,    4.6737625954E+02
    233750,      0.676972,CP10_after_neg_clamp,   1,    0.0000000000E+00,    4.6737625954E+02,    4.6737625954E+02,    0.0000000000E+00,    0.0000000000E+00,    0.0000000000E+00,    4.6737625954E+02
    233750,      0.676972,CP11_after_MPI,   1,    0.0000000000E+00,    4.6737625954E+02,    4.6737625954E+02,    0.0000000000E+00,    0.0000000000E+00,    0.0000000000E+00,    4.6737625954E+02
    233750,      0.676972,CP12_end,   1,    0.0000000000E+00,    4.6737625954E+02,    4.6737625954E+02,    0.0000000000E+00,    0.0000000000E+00,    0.0000000000E+00,    4.6737625954E+02
    233800,      0.676972,CP0_start,   1,    0.0000000000E+00,    4.6754485617E+02,    4.6754485617E+02,    0.0000000000E+00,    0.0000000000E+00,    0.0000000000E+00,    4.6754485617E+02
    233800,      0.676972,CP1_after_deposition,   1,    0.0000000000E+00,    4.6754485617E+02,    4.6754485617E+02,    0.0000000000E+00,    0.0000000000E+00,    0.0000000000E+00,    4.6754485617E+02
    233800,      0.676972,CP2_after_erosion,   1,    0.0000000000E+00,    4.6754485617E+02,    4.6754485617E+02,    0.0000000000E+00,    0.0000000000E+00,    0.0000000000E+00,    4.6754485617E+02
    233800,      0.676972,CP3_after_update_bottom,   1,    0.0000000000E+00,    4.6754485617E+02,    4.6754485617E+02,    0.0000000000E+00,    0.0000000000E+00,    0.0000000000E+00,    4.6754485617E+02
    233800,      0.676972,CP4_after_advection,   1,    0.0000000000E+00,    4.6756446194E+02,    4.6756446194E+02,    0.0000000000E+00,    0.0000000000E+00,    0.0000000000E+00,    4.6756446194E+02
    233800,      0.676972,CP5_after_vdif,   1,    0.0000000000E+00,    4.6756446194E+02,    4.6756446194E+02,    0.0000000000E+00,    0.0000000000E+00,    0.0000000000E+00,    4.6756446194E+02
    233800,      0.676972,CP6_after_kinetics,   1,    0.0000000000E+00,    4.6756446194E+02,    4.6756446194E+02,    0.0000000000E+00,    0.0000000000E+00,    0.0000000000E+00,    4.6756446194E+02
    233800,      0.676972,CP7_after_upper_clamp,   1,    0.0000000000E+00,    4.6756446194E+02,    4.6756446194E+02,    0.0000000000E+00,    0.0000000000E+00,    0.0000000000E+00,    4.6756446194E+02
    233800,      0.676972,CP8_after_OBC,   1,    0.0000000000E+00,    4.6756446194E+02,    4.6756446194E+02,    0.0000000000E+00,    0.0000000000E+00,    0.0000000000E+00,    4.6756446194E+02
    233800,      0.676972,CP9_after_PTsource,   1,    0.0000000000E+00,    4.6756446194E+02,    4.6756446194E+02,    0.0000000000E+00,    0.0000000000E+00,    0.0000000000E+00,    4.6756446194E+02
    233800,      0.676972,CP10_after_neg_clamp,   1,    0.0000000000E+00,    4.6756446194E+02,    4.6756446194E+02,    0.0000000000E+00,    0.0000000000E+00,    0.0000000000E+00,    4.6756446194E+02
    233800,      0.676972,CP11_after_MPI,   1,    0.0000000000E+00,    4.6756446194E+02,    4.6756446194E+02,    0.0000000000E+00,    0.0000000000E+00,    0.0000000000E+00,    4.6756446194E+02
    233800,      0.676972,CP12_end,   1,    0.0000000000E+00,    4.6756446194E+02,    4.6756446194E+02,    0.0000000000E+00,    0.0000000000E+00,    0.0000000000E+00,    4.6756446194E+02
    233850,      0.676972,CP0_start,   1,    0.0000000000E+00,    4.6773553459E+02,    4.6773553459E+02,    0.0000000000E+00,    0.0000000000E+00,    0.0000000000E+00,    4.6773553459E+02
    233850,      0.676972,CP1_after_deposition,   1,    0.0000000000E+00,    4.6773553459E+02,    4.6773553459E+02,    0.0000000000E+00,    0.0000000000E+00,    0.0000000000E+00,    4.6773553459E+02
    233850,      0.676972,CP2_after_erosion,   1,    0.0000000000E+00,    4.6773553459E+02,    4.6773553459E+02,    0.0000000000E+00,    0.0000000000E+00,    0.0000000000E+00,    4.6773553459E+02
    233850,      0.676972,CP3_after_update_bottom,   1,    0.0000000000E+00,    4.6773553459E+02,    4.6773553459E+02,    0.0000000000E+00,    0.0000000000E+00,    0.0000000000E+00,    4.6773553459E+02
    233850,      0.676972,CP4_after_advection,   1,    0.0000000000E+00,    4.6775516416E+02,    4.6775516416E+02,    0.0000000000E+00,    0.0000000000E+00,    0.0000000000E+00,    4.6775516416E+02
    233850,      0.676972,CP5_after_vdif,   1,    0.0000000000E+00,    4.6775516416E+02,    4.6775516416E+02,    0.0000000000E+00,    0.0000000000E+00,    0.0000000000E+00,    4.6775516416E+02
    233850,      0.676972,CP6_after_kinetics,   1,    0.0000000000E+00,    4.6775516416E+02,    4.6775516416E+02,    0.0000000000E+00,    0.0000000000E+00,    0.0000000000E+00,    4.6775516416E+02
    233850,      0.676972,CP7_after_upper_clamp,   1,    0.0000000000E+00,    4.6775516416E+02,    4.6775516416E+02,    0.0000000000E+00,    0.0000000000E+00,    0.0000000000E+00,    4.6775516416E+02
    233850,      0.676972,CP8_after_OBC,   1,    0.0000000000E+00,    4.6775516416E+02,    4.6775516416E+02,    0.0000000000E+00,    0.0000000000E+00,    0.0000000000E+00,    4.6775516416E+02
    233850,      0.676972,CP9_after_PTsource,   1,    0.0000000000E+00,    4.6775516416E+02,    4.6775516416E+02,    0.0000000000E+00,    0.0000000000E+00,    0.0000000000E+00,    4.6775516416E+02
    233850,      0.676972,CP10_after_neg_clamp,   1,    0.0000000000E+00,    4.6775516416E+02,    4.6775516416E+02,    0.0000000000E+00,    0.0000000000E+00,    0.0000000000E+00,    4.6775516416E+02
    233850,      0.676972,CP11_after_MPI,   1,    0.0000000000E+00,    4.6775516416E+02,    4.6775516416E+02,    0.0000000000E+00,    0.0000000000E+00,    0.0000000000E+00,    4.6775516416E+02
    233850,      0.676972,CP12_end,   1,    0.0000000000E+00,    4.6775516416E+02,    4.6775516416E+02,    0.0000000000E+00,    0.0000000000E+00,    0.0000000000E+00,    4.6775516416E+02
    233900,      0.676972,CP0_start,   1,    0.0000000000E+00,    4.6792861283E+02,    4.6792861283E+02,    0.0000000000E+00,    0.0000000000E+00,    0.0000000000E+00,    4.6792861283E+02
    233900,      0.676972,CP1_after_deposition,   1,    0.0000000000E+00,    4.6792861283E+02,    4.6792861283E+02,    0.0000000000E+00,    0.0000000000E+00,    0.0000000000E+00,    4.6792861283E+02
    233900,      0.676972,CP2_after_erosion,   1,    0.0000000000E+00,    4.6792861283E+02,    4.6792861283E+02,    0.0000000000E+00,    0.0000000000E+00,    0.0000000000E+00,    4.6792861283E+02
    233900,      0.676972,CP3_after_update_bottom,   1,    0.0000000000E+00,    4.6792861283E+02,    4.6792861283E+02,    0.0000000000E+00,    0.0000000000E+00,    0.0000000000E+00,    4.6792861283E+02
    233900,      0.676972,CP4_after_advection,   1,    0.0000000000E+00,    4.6794826614E+02,    4.6794826614E+02,    0.0000000000E+00,    0.0000000000E+00,    0.0000000000E+00,    4.6794826614E+02
    233900,      0.676972,CP5_after_vdif,   1,    0.0000000000E+00,    4.6794826614E+02,    4.6794826614E+02,    0.0000000000E+00,    0.0000000000E+00,    0.0000000000E+00,    4.6794826614E+02
    233900,      0.676972,CP6_after_kinetics,   1,    0.0000000000E+00,    4.6794826614E+02,    4.6794826614E+02,    0.0000000000E+00,    0.0000000000E+00,    0.0000000000E+00,    4.6794826614E+02
    233900,      0.676972,CP7_after_upper_clamp,   1,    0.0000000000E+00,    4.6794826614E+02,    4.6794826614E+02,    0.0000000000E+00,    0.0000000000E+00,    0.0000000000E+00,    4.6794826614E+02
    233900,      0.676972,CP8_after_OBC,   1,    0.0000000000E+00,    4.6794826614E+02,    4.6794826614E+02,    0.0000000000E+00,    0.0000000000E+00,    0.0000000000E+00,    4.6794826614E+02
    233900,      0.676972,CP9_after_PTsource,   1,    0.0000000000E+00,    4.6794826614E+02,    4.6794826614E+02,    0.0000000000E+00,    0.0000000000E+00,    0.0000000000E+00,    4.6794826614E+02
    233900,      0.676972,CP10_after_neg_clamp,   1,    0.0000000000E+00,    4.6794826614E+02,    4.6794826614E+02,    0.0000000000E+00,    0.0000000000E+00,    0.0000000000E+00,    4.6794826614E+02
    233900,      0.676972,CP11_after_MPI,   1,    0.0000000000E+00,    4.6794826614E+02,    4.6794826614E+02,    0.0000000000E+00,    0.0000000000E+00,    0.0000000000E+00,    4.6794826614E+02
    233900,      0.676972,CP12_end,   1,    0.0000000000E+00,    4.6794826614E+02,    4.6794826614E+02,    0.0000000000E+00,    0.0000000000E+00,    0.0000000000E+00,    4.6794826614E+02
    233950,      0.676972,CP0_start,   1,    0.0000000000E+00,    4.6812409172E+02,    4.6812409172E+02,    0.0000000000E+00,    0.0000000000E+00,    0.0000000000E+00,    4.6812409172E+02
    233950,      0.676972,CP1_after_deposition,   1,    0.0000000000E+00,    4.6812409172E+02,    4.6812409172E+02,    0.0000000000E+00,    0.0000000000E+00,    0.0000000000E+00,    4.6812409172E+02
    233950,      0.676972,CP2_after_erosion,   1,    0.0000000000E+00,    4.6812409172E+02,    4.6812409172E+02,    0.0000000000E+00,    0.0000000000E+00,    0.0000000000E+00,    4.6812409172E+02
    233950,      0.676972,CP3_after_update_bottom,   1,    0.0000000000E+00,    4.6812409172E+02,    4.6812409172E+02,    0.0000000000E+00,    0.0000000000E+00,    0.0000000000E+00,    4.6812409172E+02
    233950,      0.676972,CP4_after_advection,   1,    0.0000000000E+00,    4.6814377067E+02,    4.6814377067E+02,    0.0000000000E+00,    0.0000000000E+00,    0.0000000000E+00,    4.6814377067E+02
    233950,      0.676972,CP5_after_vdif,   1,    0.0000000000E+00,    4.6814377067E+02,    4.6814377067E+02,    0.0000000000E+00,    0.0000000000E+00,    0.0000000000E+00,    4.6814377067E+02
    233950,      0.676972,CP6_after_kinetics,   1,    0.0000000000E+00,    4.6814377067E+02,    4.6814377067E+02,    0.0000000000E+00,    0.0000000000E+00,    0.0000000000E+00,    4.6814377067E+02
    233950,      0.676972,CP7_after_upper_clamp,   1,    0.0000000000E+00,    4.6814377067E+02,    4.6814377067E+02,    0.0000000000E+00,    0.0000000000E+00,    0.0000000000E+00,    4.6814377067E+02
    233950,      0.676972,CP8_after_OBC,   1,    0.0000000000E+00,    4.6814377067E+02,    4.6814377067E+02,    0.0000000000E+00,    0.0000000000E+00,    0.0000000000E+00,    4.6814377067E+02
    233950,      0.676972,CP9_after_PTsource,   1,    0.0000000000E+00,    4.6814377067E+02,    4.6814377067E+02,    0.0000000000E+00,    0.0000000000E+00,    0.0000000000E+00,    4.6814377067E+02
    233950,      0.676972,CP10_after_neg_clamp,   1,    0.0000000000E+00,    4.6814377067E+02,    4.6814377067E+02,    0.0000000000E+00,    0.0000000000E+00,    0.0000000000E+00,    4.6814377067E+02
    233950,      0.676972,CP11_after_MPI,   1,    0.0000000000E+00,    4.6814377067E+02,    4.6814377067E+02,    0.0000000000E+00,    0.0000000000E+00,    0.0000000000E+00,    4.6814377067E+02
    233950,      0.676972,CP12_end,   1,    0.0000000000E+00,    4.6814377067E+02,    4.6814377067E+02,    0.0000000000E+00,    0.0000000000E+00,    0.0000000000E+00,    4.6814377067E+02
    234000,      0.676972,CP0_start,   1,    0.0000000000E+00,    4.6832168203E+02,    4.6832168203E+02,    0.0000000000E+00,    0.0000000000E+00,    0.0000000000E+00,    4.6832168203E+02
    234000,      0.676972,CP1_after_deposition,   1,    0.0000000000E+00,    4.6832168203E+02,    4.6832168203E+02,    0.0000000000E+00,    0.0000000000E+00,    0.0000000000E+00,    4.6832168203E+02
    234000,      0.676972,CP2_after_erosion,   1,    0.0000000000E+00,    4.6832168203E+02,    4.6832168203E+02,    0.0000000000E+00,    0.0000000000E+00,    0.0000000000E+00,    4.6832168203E+02
    234000,      0.676972,CP3_after_update_bottom,   1,    0.0000000000E+00,    4.6832168203E+02,    4.6832168203E+02,    0.0000000000E+00,    0.0000000000E+00,    0.0000000000E+00,    4.6832168203E+02
    234000,      0.676972,CP4_after_advection,   1,    0.0000000000E+00,    4.6834138155E+02,    4.6834138155E+02,    0.0000000000E+00,    0.0000000000E+00,    0.0000000000E+00,    4.6834138155E+02
    234000,      0.676972,CP5_after_vdif,   1,    0.0000000000E+00,    4.6834138155E+02,    4.6834138155E+02,    0.0000000000E+00,    0.0000000000E+00,    0.0000000000E+00,    4.6834138155E+02
    234000,      0.676972,CP6_after_kinetics,   1,    0.0000000000E+00,    4.6834138155E+02,    4.6834138155E+02,    0.0000000000E+00,    0.0000000000E+00,    0.0000000000E+00,    4.6834138155E+02
    234000,      0.676972,CP7_after_upper_clamp,   1,    0.0000000000E+00,    4.6834138155E+02,    4.6834138155E+02,    0.0000000000E+00,    0.0000000000E+00,    0.0000000000E+00,    4.6834138155E+02
    234000,      0.676972,CP8_after_OBC,   1,    0.0000000000E+00,    4.6834138155E+02,    4.6834138155E+02,    0.0000000000E+00,    0.0000000000E+00,    0.0000000000E+00,    4.6834138155E+02
    234000,      0.676972,CP9_after_PTsource,   1,    0.0000000000E+00,    4.6834138155E+02,    4.6834138155E+02,    0.0000000000E+00,    0.0000000000E+00,    0.0000000000E+00,    4.6834138155E+02
    234000,      0.676972,CP10_after_neg_clamp,   1,    0.0000000000E+00,    4.6834138155E+02,    4.6834138155E+02,    0.0000000000E+00,    0.0000000000E+00,    0.0000000000E+00,    4.6834138155E+02
    234000,      0.676972,CP11_after_MPI,   1,    0.0000000000E+00,    4.6834138155E+02,    4.6834138155E+02,    0.0000000000E+00,    0.0000000000E+00,    0.0000000000E+00,    4.6834138155E+02
    234000,      0.676972,CP12_end,   1,    0.0000000000E+00,    4.6834138155E+02,    4.6834138155E+02,    0.0000000000E+00,    0.0000000000E+00,    0.0000000000E+00,    4.6834138155E+02
    234050,      0.676972,CP0_start,   1,    0.0000000000E+00,    4.6852099107E+02,    4.6852099107E+02,    0.0000000000E+00,    0.0000000000E+00,    0.0000000000E+00,    4.6852099107E+02
    234050,      0.676972,CP1_after_deposition,   1,    0.0000000000E+00,    4.6852099107E+02,    4.6852099107E+02,    0.0000000000E+00,    0.0000000000E+00,    0.0000000000E+00,    4.6852099107E+02
    234050,      0.676972,CP2_after_erosion,   1,    0.0000000000E+00,    4.6852099107E+02,    4.6852099107E+02,    0.0000000000E+00,    0.0000000000E+00,    0.0000000000E+00,    4.6852099107E+02
    234050,      0.676972,CP3_after_update_bottom,   1,    0.0000000000E+00,    4.6852099107E+02,    4.6852099107E+02,    0.0000000000E+00,    0.0000000000E+00,    0.0000000000E+00,    4.6852099107E+02
    234050,      0.676972,CP4_after_advection,   1,    0.0000000000E+00,    4.6854068857E+02,    4.6854068857E+02,    0.0000000000E+00,    0.0000000000E+00,    0.0000000000E+00,    4.6854068857E+02
    234050,      0.676972,CP5_after_vdif,   1,    0.0000000000E+00,    4.6854068857E+02,    4.6854068857E+02,    0.0000000000E+00,    0.0000000000E+00,    0.0000000000E+00,    4.6854068857E+02
    234050,      0.676972,CP6_after_kinetics,   1,    0.0000000000E+00,    4.6854068857E+02,    4.6854068857E+02,    0.0000000000E+00,    0.0000000000E+00,    0.0000000000E+00,    4.6854068857E+02
    234050,      0.676972,CP7_after_upper_clamp,   1,    0.0000000000E+00,    4.6854068857E+02,    4.6854068857E+02,    0.0000000000E+00,    0.0000000000E+00,    0.0000000000E+00,    4.6854068857E+02
    234050,      0.676972,CP8_after_OBC,   1,    0.0000000000E+00,    4.6854068857E+02,    4.6854068857E+02,    0.0000000000E+00,    0.0000000000E+00,    0.0000000000E+00,    4.6854068857E+02
    234050,      0.676972,CP9_after_PTsource,   1,    0.0000000000E+00,    4.6854068857E+02,    4.6854068857E+02,    0.0000000000E+00,    0.0000000000E+00,    0.0000000000E+00,    4.6854068857E+02
    234050,      0.676972,CP10_after_neg_clamp,   1,    0.0000000000E+00,    4.6854068857E+02,    4.6854068857E+02,    0.0000000000E+00,    0.0000000000E+00,    0.0000000000E+00,    4.6854068857E+02
    234050,      0.676972,CP11_after_MPI,   1,    0.0000000000E+00,    4.6854068857E+02,    4.6854068857E+02,    0.0000000000E+00,    0.0000000000E+00,    0.0000000000E+00,    4.6854068857E+02
    234050,      0.676972,CP12_end,   1,    0.0000000000E+00,    4.6854068857E+02,    4.6854068857E+02,    0.0000000000E+00,    0.0000000000E+00,    0.0000000000E+00,    4.6854068857E+02
    234100,      0.676972,CP0_start,   1,    0.0000000000E+00,    4.6872149912E+02,    4.6872149912E+02,    0.0000000000E+00,    0.0000000000E+00,    0.0000000000E+00,    4.6872149912E+02
    234100,      0.676972,CP1_after_deposition,   1,    0.0000000000E+00,    4.6872149912E+02,    4.6872149912E+02,    0.0000000000E+00,    0.0000000000E+00,    0.0000000000E+00,    4.6872149912E+02
    234100,      0.676972,CP2_after_erosion,   1,    0.0000000000E+00,    4.6872149912E+02,    4.6872149912E+02,    0.0000000000E+00,    0.0000000000E+00,    0.0000000000E+00,    4.6872149912E+02
    234100,      0.676972,CP3_after_update_bottom,   1,    0.0000000000E+00,    4.6872149912E+02,    4.6872149912E+02,    0.0000000000E+00,    0.0000000000E+00,    0.0000000000E+00,    4.6872149912E+02
    234100,      0.676972,CP4_after_advection,   1,    0.0000000000E+00,    4.6874119902E+02,    4.6874119902E+02,    0.0000000000E+00,    0.0000000000E+00,    0.0000000000E+00,    4.6874119902E+02
    234100,      0.676972,CP5_after_vdif,   1,    0.0000000000E+00,    4.6874119902E+02,    4.6874119902E+02,    0.0000000000E+00,    0.0000000000E+00,    0.0000000000E+00,    4.6874119902E+02
    234100,      0.676972,CP6_after_kinetics,   1,    0.0000000000E+00,    4.6874119902E+02,    4.6874119902E+02,    0.0000000000E+00,    0.0000000000E+00,    0.0000000000E+00,    4.6874119902E+02
    234100,      0.676972,CP7_after_upper_clamp,   1,    0.0000000000E+00,    4.6874119902E+02,    4.6874119902E+02,    0.0000000000E+00,    0.0000000000E+00,    0.0000000000E+00,    4.6874119902E+02
    234100,      0.676972,CP8_after_OBC,   1,    0.0000000000E+00,    4.6874119902E+02,    4.6874119902E+02,    0.0000000000E+00,    0.0000000000E+00,    0.0000000000E+00,    4.6874119902E+02
    234100,      0.676972,CP9_after_PTsource,   1,    0.0000000000E+00,    4.6874119902E+02,    4.6874119902E+02,    0.0000000000E+00,    0.0000000000E+00,    0.0000000000E+00,    4.6874119902E+02
    234100,      0.676972,CP10_after_neg_clamp,   1,    0.0000000000E+00,    4.6874119902E+02,    4.6874119902E+02,    0.0000000000E+00,    0.0000000000E+00,    0.0000000000E+00,    4.6874119902E+02
    234100,      0.676972,CP11_after_MPI,   1,    0.0000000000E+00,    4.6874119902E+02,    4.6874119902E+02,    0.0000000000E+00,    0.0000000000E+00,    0.0000000000E+00,    4.6874119902E+02
    234100,      0.676972,CP12_end,   1,    0.0000000000E+00,    4.6874119902E+02,    4.6874119902E+02,    0.0000000000E+00,    0.0000000000E+00,    0.0000000000E+00,    4.6874119902E+02
    234150,      0.676972,CP0_start,   1,    0.0000000000E+00,    4.6892291925E+02,    4.6892291925E+02,    0.0000000000E+00,    0.0000000000E+00,    0.0000000000E+00,    4.6892291925E+02
    234150,      0.676972,CP1_after_deposition,   1,    0.0000000000E+00,    4.6892291925E+02,    4.6892291925E+02,    0.0000000000E+00,    0.0000000000E+00,    0.0000000000E+00,    4.6892291925E+02
    234150,      0.676972,CP2_after_erosion,   1,    0.0000000000E+00,    4.6892291925E+02,    4.6892291925E+02,    0.0000000000E+00,    0.0000000000E+00,    0.0000000000E+00,    4.6892291925E+02
    234150,      0.676972,CP3_after_update_bottom,   1,    0.0000000000E+00,    4.6892291925E+02,    4.6892291925E+02,    0.0000000000E+00,    0.0000000000E+00,    0.0000000000E+00,    4.6892291925E+02
    234150,      0.676972,CP4_after_advection,   1,    0.0000000000E+00,    4.6894261406E+02,    4.6894261406E+02,    0.0000000000E+00,    0.0000000000E+00,    0.0000000000E+00,    4.6894261406E+02
    234150,      0.676972,CP5_after_vdif,   1,    0.0000000000E+00,    4.6894261406E+02,    4.6894261406E+02,    0.0000000000E+00,    0.0000000000E+00,    0.0000000000E+00,    4.6894261406E+02
    234150,      0.676972,CP6_after_kinetics,   1,    0.0000000000E+00,    4.6894261406E+02,    4.6894261406E+02,    0.0000000000E+00,    0.0000000000E+00,    0.0000000000E+00,    4.6894261406E+02
    234150,      0.676972,CP7_after_upper_clamp,   1,    0.0000000000E+00,    4.6894261406E+02,    4.6894261406E+02,    0.0000000000E+00,    0.0000000000E+00,    0.0000000000E+00,    4.6894261406E+02
    234150,      0.676972,CP8_after_OBC,   1,    0.0000000000E+00,    4.6894261406E+02,    4.6894261406E+02,    0.0000000000E+00,    0.0000000000E+00,    0.0000000000E+00,    4.6894261406E+02
    234150,      0.676972,CP9_after_PTsource,   1,    0.0000000000E+00,    4.6894261406E+02,    4.6894261406E+02,    0.0000000000E+00,    0.0000000000E+00,    0.0000000000E+00,    4.6894261406E+02
    234150,      0.676972,CP10_after_neg_clamp,   1,    0.0000000000E+00,    4.6894261406E+02,    4.6894261406E+02,    0.0000000000E+00,    0.0000000000E+00,    0.0000000000E+00,    4.6894261406E+02
    234150,      0.676972,CP11_after_MPI,   1,    0.0000000000E+00,    4.6894261406E+02,    4.6894261406E+02,    0.0000000000E+00,    0.0000000000E+00,    0.0000000000E+00,    4.6894261406E+02
    234150,      0.676972,CP12_end,   1,    0.0000000000E+00,    4.6894261406E+02,    4.6894261406E+02,    0.0000000000E+00,    0.0000000000E+00,    0.0000000000E+00,    4.6894261406E+02
    234200,      0.676972,CP0_start,   1,    0.0000000000E+00,    4.6912488756E+02,    4.6912488756E+02,    0.0000000000E+00,    0.0000000000E+00,    0.0000000000E+00,    4.6912488756E+02
    234200,      0.676972,CP1_after_deposition,   1,    0.0000000000E+00,    4.6912488756E+02,    4.6912488756E+02,    0.0000000000E+00,    0.0000000000E+00,    0.0000000000E+00,    4.6912488756E+02
    234200,      0.676972,CP2_after_erosion,   1,    0.0000000000E+00,    4.6912488756E+02,    4.6912488756E+02,    0.0000000000E+00,    0.0000000000E+00,    0.0000000000E+00,    4.6912488756E+02
    234200,      0.676972,CP3_after_update_bottom,   1,    0.0000000000E+00,    4.6912488756E+02,    4.6912488756E+02,    0.0000000000E+00,    0.0000000000E+00,    0.0000000000E+00,    4.6912488756E+02
    234200,      0.676972,CP4_after_advection,   1,    0.0000000000E+00,    4.6914455597E+02,    4.6914455597E+02,    0.0000000000E+00,    0.0000000000E+00,    0.0000000000E+00,    4.6914455597E+02
    234200,      0.676972,CP5_after_vdif,   1,    0.0000000000E+00,    4.6914455597E+02,    4.6914455597E+02,    0.0000000000E+00,    0.0000000000E+00,    0.0000000000E+00,    4.6914455597E+02
    234200,      0.676972,CP6_after_kinetics,   1,    0.0000000000E+00,    4.6914455597E+02,    4.6914455597E+02,    0.0000000000E+00,    0.0000000000E+00,    0.0000000000E+00,    4.6914455597E+02
    234200,      0.676972,CP7_after_upper_clamp,   1,    0.0000000000E+00,    4.6914455597E+02,    4.6914455597E+02,    0.0000000000E+00,    0.0000000000E+00,    0.0000000000E+00,    4.6914455597E+02
    234200,      0.676972,CP8_after_OBC,   1,    0.0000000000E+00,    4.6914455597E+02,    4.6914455597E+02,    0.0000000000E+00,    0.0000000000E+00,    0.0000000000E+00,    4.6914455597E+02
    234200,      0.676972,CP9_after_PTsource,   1,    0.0000000000E+00,    4.6914455597E+02,    4.6914455597E+02,    0.0000000000E+00,    0.0000000000E+00,    0.0000000000E+00,    4.6914455597E+02
    234200,      0.676972,CP10_after_neg_clamp,   1,    0.0000000000E+00,    4.6914455597E+02,    4.6914455597E+02,    0.0000000000E+00,    0.0000000000E+00,    0.0000000000E+00,    4.6914455597E+02
    234200,      0.676972,CP11_after_MPI,   1,    0.0000000000E+00,    4.6914455597E+02,    4.6914455597E+02,    0.0000000000E+00,    0.0000000000E+00,    0.0000000000E+00,    4.6914455597E+02
    234200,      0.676972,CP12_end,   1,    0.0000000000E+00,    4.6914455597E+02,    4.6914455597E+02,    0.0000000000E+00,    0.0000000000E+00,    0.0000000000E+00,    4.6914455597E+02
    234250,      0.676972,CP0_start,   1,    0.0000000000E+00,    4.6932673804E+02,    4.6932673804E+02,    0.0000000000E+00,    0.0000000000E+00,    0.0000000000E+00,    4.6932673804E+02
    234250,      0.676972,CP1_after_deposition,   1,    0.0000000000E+00,    4.6932673804E+02,    4.6932673804E+02,    0.0000000000E+00,    0.0000000000E+00,    0.0000000000E+00,    4.6932673804E+02
    234250,      0.676972,CP2_after_erosion,   1,    0.0000000000E+00,    4.6932673804E+02,    4.6932673804E+02,    0.0000000000E+00,    0.0000000000E+00,    0.0000000000E+00,    4.6932673804E+02
    234250,      0.676972,CP3_after_update_bottom,   1,    0.0000000000E+00,    4.6932673804E+02,    4.6932673804E+02,    0.0000000000E+00,    0.0000000000E+00,    0.0000000000E+00,    4.6932673804E+02
    234250,      0.676972,CP4_after_advection,   1,    0.0000000000E+00,    4.6934636290E+02,    4.6934636290E+02,    0.0000000000E+00,    0.0000000000E+00,    0.0000000000E+00,    4.6934636290E+02
    234250,      0.676972,CP5_after_vdif,   1,    0.0000000000E+00,    4.6934636290E+02,    4.6934636290E+02,    0.0000000000E+00,    0.0000000000E+00,    0.0000000000E+00,    4.6934636290E+02
    234250,      0.676972,CP6_after_kinetics,   1,    0.0000000000E+00,    4.6934636290E+02,    4.6934636290E+02,    0.0000000000E+00,    0.0000000000E+00,    0.0000000000E+00,    4.6934636290E+02
    234250,      0.676972,CP7_after_upper_clamp,   1,    0.0000000000E+00,    4.6934636290E+02,    4.6934636290E+02,    0.0000000000E+00,    0.0000000000E+00,    0.0000000000E+00,    4.6934636290E+02
    234250,      0.676972,CP8_after_OBC,   1,    0.0000000000E+00,    4.6934636290E+02,    4.6934636290E+02,    0.0000000000E+00,    0.0000000000E+00,    0.0000000000E+00,    4.6934636290E+02
    234250,      0.676972,CP9_after_PTsource,   1,    0.0000000000E+00,    4.6934636290E+02,    4.6934636290E+02,    0.0000000000E+00,    0.0000000000E+00,    0.0000000000E+00,    4.6934636290E+02
    234250,      0.676972,CP10_after_neg_clamp,   1,    0.0000000000E+00,    4.6934636290E+02,    4.6934636290E+02,    0.0000000000E+00,    0.0000000000E+00,    0.0000000000E+00,    4.6934636290E+02
    234250,      0.676972,CP11_after_MPI,   1,    0.0000000000E+00,    4.6934636290E+02,    4.6934636290E+02,    0.0000000000E+00,    0.0000000000E+00,    0.0000000000E+00,    4.6934636290E+02
    234250,      0.676972,CP12_end,   1,    0.0000000000E+00,    4.6934636290E+02,    4.6934636290E+02,    0.0000000000E+00,    0.0000000000E+00,    0.0000000000E+00,    4.6934636290E+02
    234300,      0.676972,CP0_start,   1,    0.0000000000E+00,    4.6952782673E+02,    4.6952782673E+02,    0.0000000000E+00,    0.0000000000E+00,    0.0000000000E+00,    4.6952782673E+02
    234300,      0.676972,CP1_after_deposition,   1,    0.0000000000E+00,    4.6952782673E+02,    4.6952782673E+02,    0.0000000000E+00,    0.0000000000E+00,    0.0000000000E+00,    4.6952782673E+02
    234300,      0.676972,CP2_after_erosion,   1,    0.0000000000E+00,    4.6952782673E+02,    4.6952782673E+02,    0.0000000000E+00,    0.0000000000E+00,    0.0000000000E+00,    4.6952782673E+02
    234300,      0.676972,CP3_after_update_bottom,   1,    0.0000000000E+00,    4.6952782673E+02,    4.6952782673E+02,    0.0000000000E+00,    0.0000000000E+00,    0.0000000000E+00,    4.6952782673E+02
    234300,      0.676972,CP4_after_advection,   1,    0.0000000000E+00,    4.6954739144E+02,    4.6954739144E+02,    0.0000000000E+00,    0.0000000000E+00,    0.0000000000E+00,    4.6954739144E+02
    234300,      0.676972,CP5_after_vdif,   1,    0.0000000000E+00,    4.6954739144E+02,    4.6954739144E+02,    0.0000000000E+00,    0.0000000000E+00,    0.0000000000E+00,    4.6954739144E+02
    234300,      0.676972,CP6_after_kinetics,   1,    0.0000000000E+00,    4.6954739144E+02,    4.6954739144E+02,    0.0000000000E+00,    0.0000000000E+00,    0.0000000000E+00,    4.6954739144E+02
    234300,      0.676972,CP7_after_upper_clamp,   1,    0.0000000000E+00,    4.6954739144E+02,    4.6954739144E+02,    0.0000000000E+00,    0.0000000000E+00,    0.0000000000E+00,    4.6954739144E+02
    234300,      0.676972,CP8_after_OBC,   1,    0.0000000000E+00,    4.6954739144E+02,    4.6954739144E+02,    0.0000000000E+00,    0.0000000000E+00,    0.0000000000E+00,    4.6954739144E+02
    234300,      0.676972,CP9_after_PTsource,   1,    0.0000000000E+00,    4.6954739144E+02,    4.6954739144E+02,    0.0000000000E+00,    0.0000000000E+00,    0.0000000000E+00,    4.6954739144E+02
    234300,      0.676972,CP10_after_neg_clamp,   1,    0.0000000000E+00,    4.6954739144E+02,    4.6954739144E+02,    0.0000000000E+00,    0.0000000000E+00,    0.0000000000E+00,    4.6954739144E+02
    234300,      0.676972,CP11_after_MPI,   1,    0.0000000000E+00,    4.6954739144E+02,    4.6954739144E+02,    0.0000000000E+00,    0.0000000000E+00,    0.0000000000E+00,    4.6954739144E+02
    234300,      0.676972,CP12_end,   1,    0.0000000000E+00,    4.6954739144E+02,    4.6954739144E+02,    0.0000000000E+00,    0.0000000000E+00,    0.0000000000E+00,    4.6954739144E+02
    234350,      0.676973,CP0_start,   1,    0.0000000000E+00,    4.6972739294E+02,    4.6972739294E+02,    0.0000000000E+00,    0.0000000000E+00,    0.0000000000E+00,    4.6972739294E+02
    234350,      0.676973,CP1_after_deposition,   1,    0.0000000000E+00,    4.6972739294E+02,    4.6972739294E+02,    0.0000000000E+00,    0.0000000000E+00,    0.0000000000E+00,    4.6972739294E+02
    234350,      0.676973,CP2_after_erosion,   1,    0.0000000000E+00,    4.6972739294E+02,    4.6972739294E+02,    0.0000000000E+00,    0.0000000000E+00,    0.0000000000E+00,    4.6972739294E+02
    234350,      0.676973,CP3_after_update_bottom,   1,    0.0000000000E+00,    4.6972739294E+02,    4.6972739294E+02,    0.0000000000E+00,    0.0000000000E+00,    0.0000000000E+00,    4.6972739294E+02
    234350,      0.676973,CP4_after_advection,   1,    0.0000000000E+00,    4.6974689387E+02,    4.6974689387E+02,    0.0000000000E+00,    0.0000000000E+00,    0.0000000000E+00,    4.6974689387E+02
    234350,      0.676973,CP5_after_vdif,   1,    0.0000000000E+00,    4.6974689387E+02,    4.6974689387E+02,    0.0000000000E+00,    0.0000000000E+00,    0.0000000000E+00,    4.6974689387E+02
    234350,      0.676973,CP6_after_kinetics,   1,    0.0000000000E+00,    4.6974689387E+02,    4.6974689387E+02,    0.0000000000E+00,    0.0000000000E+00,    0.0000000000E+00,    4.6974689387E+02
    234350,      0.676973,CP7_after_upper_clamp,   1,    0.0000000000E+00,    4.6974689387E+02,    4.6974689387E+02,    0.0000000000E+00,    0.0000000000E+00,    0.0000000000E+00,    4.6974689387E+02
    234350,      0.676973,CP8_after_OBC,   1,    0.0000000000E+00,    4.6974689387E+02,    4.6974689387E+02,    0.0000000000E+00,    0.0000000000E+00,    0.0000000000E+00,    4.6974689387E+02
    234350,      0.676973,CP9_after_PTsource,   1,    0.0000000000E+00,    4.6974689387E+02,    4.6974689387E+02,    0.0000000000E+00,    0.0000000000E+00,    0.0000000000E+00,    4.6974689387E+02
    234350,      0.676973,CP10_after_neg_clamp,   1,    0.0000000000E+00,    4.6974689387E+02,    4.6974689387E+02,    0.0000000000E+00,    0.0000000000E+00,    0.0000000000E+00,    4.6974689387E+02
    234350,      0.676973,CP11_after_MPI,   1,    0.0000000000E+00,    4.6974689387E+02,    4.6974689387E+02,    0.0000000000E+00,    0.0000000000E+00,    0.0000000000E+00,    4.6974689387E+02
    234350,      0.676973,CP12_end,   1,    0.0000000000E+00,    4.6974689387E+02,    4.6974689387E+02,    0.0000000000E+00,    0.0000000000E+00,    0.0000000000E+00,    4.6974689387E+02
    234400,      0.676973,CP0_start,   1,    0.0000000000E+00,    4.6992493879E+02,    4.6992493879E+02,    0.0000000000E+00,    0.0000000000E+00,    0.0000000000E+00,    4.6992493879E+02
    234400,      0.676973,CP1_after_deposition,   1,    0.0000000000E+00,    4.6992493879E+02,    4.6992493879E+02,    0.0000000000E+00,    0.0000000000E+00,    0.0000000000E+00,    4.6992493879E+02
    234400,      0.676973,CP2_after_erosion,   1,    0.0000000000E+00,    4.6992493879E+02,    4.6992493879E+02,    0.0000000000E+00,    0.0000000000E+00,    0.0000000000E+00,    4.6992493879E+02
    234400,      0.676973,CP3_after_update_bottom,   1,    0.0000000000E+00,    4.6992493879E+02,    4.6992493879E+02,    0.0000000000E+00,    0.0000000000E+00,    0.0000000000E+00,    4.6992493879E+02
    234400,      0.676973,CP4_after_advection,   1,    0.0000000000E+00,    4.6994436274E+02,    4.6994436274E+02,    0.0000000000E+00,    0.0000000000E+00,    0.0000000000E+00,    4.6994436274E+02
    234400,      0.676973,CP5_after_vdif,   1,    0.0000000000E+00,    4.6994436274E+02,    4.6994436274E+02,    0.0000000000E+00,    0.0000000000E+00,    0.0000000000E+00,    4.6994436274E+02
    234400,      0.676973,CP6_after_kinetics,   1,    0.0000000000E+00,    4.6994436274E+02,    4.6994436274E+02,    0.0000000000E+00,    0.0000000000E+00,    0.0000000000E+00,    4.6994436274E+02
    234400,      0.676973,CP7_after_upper_clamp,   1,    0.0000000000E+00,    4.6994436274E+02,    4.6994436274E+02,    0.0000000000E+00,    0.0000000000E+00,    0.0000000000E+00,    4.6994436274E+02
    234400,      0.676973,CP8_after_OBC,   1,    0.0000000000E+00,    4.6994436274E+02,    4.6994436274E+02,    0.0000000000E+00,    0.0000000000E+00,    0.0000000000E+00,    4.6994436274E+02
    234400,      0.676973,CP9_after_PTsource,   1,    0.0000000000E+00,    4.6994436274E+02,    4.6994436274E+02,    0.0000000000E+00,    0.0000000000E+00,    0.0000000000E+00,    4.6994436274E+02
    234400,      0.676973,CP10_after_neg_clamp,   1,    0.0000000000E+00,    4.6994436274E+02,    4.6994436274E+02,    0.0000000000E+00,    0.0000000000E+00,    0.0000000000E+00,    4.6994436274E+02
    234400,      0.676973,CP11_after_MPI,   1,    0.0000000000E+00,    4.6994436274E+02,    4.6994436274E+02,    0.0000000000E+00,    0.0000000000E+00,    0.0000000000E+00,    4.6994436274E+02
    234400,      0.676973,CP12_end,   1,    0.0000000000E+00,    4.6994436274E+02,    4.6994436274E+02,    0.0000000000E+00,    0.0000000000E+00,    0.0000000000E+00,    4.6994436274E+02
    234450,      0.676973,CP0_start,   1,    0.0000000000E+00,    4.7012012723E+02,    4.7012012723E+02,    0.0000000000E+00,    0.0000000000E+00,    0.0000000000E+00,    4.7012012723E+02
    234450,      0.676973,CP1_after_deposition,   1,    0.0000000000E+00,    4.7012012723E+02,    4.7012012723E+02,    0.0000000000E+00,    0.0000000000E+00,    0.0000000000E+00,    4.7012012723E+02
    234450,      0.676973,CP2_after_erosion,   1,    0.0000000000E+00,    4.7012012723E+02,    4.7012012723E+02,    0.0000000000E+00,    0.0000000000E+00,    0.0000000000E+00,    4.7012012723E+02
    234450,      0.676973,CP3_after_update_bottom,   1,    0.0000000000E+00,    4.7012012723E+02,    4.7012012723E+02,    0.0000000000E+00,    0.0000000000E+00,    0.0000000000E+00,    4.7012012723E+02
    234450,      0.676973,CP4_after_advection,   1,    0.0000000000E+00,    4.7013946612E+02,    4.7013946612E+02,    0.0000000000E+00,    0.0000000000E+00,    0.0000000000E+00,    4.7013946612E+02
    234450,      0.676973,CP5_after_vdif,   1,    0.0000000000E+00,    4.7013946612E+02,    4.7013946612E+02,    0.0000000000E+00,    0.0000000000E+00,    0.0000000000E+00,    4.7013946612E+02
    234450,      0.676973,CP6_after_kinetics,   1,    0.0000000000E+00,    4.7013946612E+02,    4.7013946612E+02,    0.0000000000E+00,    0.0000000000E+00,    0.0000000000E+00,    4.7013946612E+02
    234450,      0.676973,CP7_after_upper_clamp,   1,    0.0000000000E+00,    4.7013946612E+02,    4.7013946612E+02,    0.0000000000E+00,    0.0000000000E+00,    0.0000000000E+00,    4.7013946612E+02
    234450,      0.676973,CP8_after_OBC,   1,    0.0000000000E+00,    4.7013946612E+02,    4.7013946612E+02,    0.0000000000E+00,    0.0000000000E+00,    0.0000000000E+00,    4.7013946612E+02
    234450,      0.676973,CP9_after_PTsource,   1,    0.0000000000E+00,    4.7013946612E+02,    4.7013946612E+02,    0.0000000000E+00,    0.0000000000E+00,    0.0000000000E+00,    4.7013946612E+02
    234450,      0.676973,CP10_after_neg_clamp,   1,    0.0000000000E+00,    4.7013946612E+02,    4.7013946612E+02,    0.0000000000E+00,    0.0000000000E+00,    0.0000000000E+00,    4.7013946612E+02
    234450,      0.676973,CP11_after_MPI,   1,    0.0000000000E+00,    4.7013946612E+02,    4.7013946612E+02,    0.0000000000E+00,    0.0000000000E+00,    0.0000000000E+00,    4.7013946612E+02
    234450,      0.676973,CP12_end,   1,    0.0000000000E+00,    4.7013946612E+02,    4.7013946612E+02,    0.0000000000E+00,    0.0000000000E+00,    0.0000000000E+00,    4.7013946612E+02
    234500,      0.676973,CP0_start,   1,    0.0000000000E+00,    4.7031284038E+02,    4.7031284038E+02,    0.0000000000E+00,    0.0000000000E+00,    0.0000000000E+00,    4.7031284038E+02
    234500,      0.676973,CP1_after_deposition,   1,    0.0000000000E+00,    4.7031284038E+02,    4.7031284038E+02,    0.0000000000E+00,    0.0000000000E+00,    0.0000000000E+00,    4.7031284038E+02
    234500,      0.676973,CP2_after_erosion,   1,    0.0000000000E+00,    4.7031284038E+02,    4.7031284038E+02,    0.0000000000E+00,    0.0000000000E+00,    0.0000000000E+00,    4.7031284038E+02
    234500,      0.676973,CP3_after_update_bottom,   1,    0.0000000000E+00,    4.7031284038E+02,    4.7031284038E+02,    0.0000000000E+00,    0.0000000000E+00,    0.0000000000E+00,    4.7031284038E+02
    234500,      0.676973,CP4_after_advection,   1,    0.0000000000E+00,    4.7033209666E+02,    4.7033209666E+02,    0.0000000000E+00,    0.0000000000E+00,    0.0000000000E+00,    4.7033209666E+02
    234500,      0.676973,CP5_after_vdif,   1,    0.0000000000E+00,    4.7033209666E+02,    4.7033209666E+02,    0.0000000000E+00,    0.0000000000E+00,    0.0000000000E+00,    4.7033209666E+02
    234500,      0.676973,CP6_after_kinetics,   1,    0.0000000000E+00,    4.7033209666E+02,    4.7033209666E+02,    0.0000000000E+00,    0.0000000000E+00,    0.0000000000E+00,    4.7033209666E+02
    234500,      0.676973,CP7_after_upper_clamp,   1,    0.0000000000E+00,    4.7033209666E+02,    4.7033209666E+02,    0.0000000000E+00,    0.0000000000E+00,    0.0000000000E+00,    4.7033209666E+02
    234500,      0.676973,CP8_after_OBC,   1,    0.0000000000E+00,    4.7033209666E+02,    4.7033209666E+02,    0.0000000000E+00,    0.0000000000E+00,    0.0000000000E+00,    4.7033209666E+02
    234500,      0.676973,CP9_after_PTsource,   1,    0.0000000000E+00,    4.7033209666E+02,    4.7033209666E+02,    0.0000000000E+00,    0.0000000000E+00,    0.0000000000E+00,    4.7033209666E+02
    234500,      0.676973,CP10_after_neg_clamp,   1,    0.0000000000E+00,    4.7033209666E+02,    4.7033209666E+02,    0.0000000000E+00,    0.0000000000E+00,    0.0000000000E+00,    4.7033209666E+02
    234500,      0.676973,CP11_after_MPI,   1,    0.0000000000E+00,    4.7033209666E+02,    4.7033209666E+02,    0.0000000000E+00,    0.0000000000E+00,    0.0000000000E+00,    4.7033209666E+02
    234500,      0.676973,CP12_end,   1,    0.0000000000E+00,    4.7033209666E+02,    4.7033209666E+02,    0.0000000000E+00,    0.0000000000E+00,    0.0000000000E+00,    4.7033209666E+02
    234550,      0.676973,CP0_start,   1,    0.0000000000E+00,    4.7050324247E+02,    4.7050324247E+02,    0.0000000000E+00,    0.0000000000E+00,    0.0000000000E+00,    4.7050324247E+02
    234550,      0.676973,CP1_after_deposition,   1,    0.0000000000E+00,    4.7050324247E+02,    4.7050324247E+02,    0.0000000000E+00,    0.0000000000E+00,    0.0000000000E+00,    4.7050324247E+02
    234550,      0.676973,CP2_after_erosion,   1,    0.0000000000E+00,    4.7050324247E+02,    4.7050324247E+02,    0.0000000000E+00,    0.0000000000E+00,    0.0000000000E+00,    4.7050324247E+02
    234550,      0.676973,CP3_after_update_bottom,   1,    0.0000000000E+00,    4.7050324247E+02,    4.7050324247E+02,    0.0000000000E+00,    0.0000000000E+00,    0.0000000000E+00,    4.7050324247E+02
    234550,      0.676973,CP4_after_advection,   1,    0.0000000000E+00,    4.7052242002E+02,    4.7052242002E+02,    0.0000000000E+00,    0.0000000000E+00,    0.0000000000E+00,    4.7052242002E+02
    234550,      0.676973,CP5_after_vdif,   1,    0.0000000000E+00,    4.7052242002E+02,    4.7052242002E+02,    0.0000000000E+00,    0.0000000000E+00,    0.0000000000E+00,    4.7052242002E+02
    234550,      0.676973,CP6_after_kinetics,   1,    0.0000000000E+00,    4.7052242002E+02,    4.7052242002E+02,    0.0000000000E+00,    0.0000000000E+00,    0.0000000000E+00,    4.7052242002E+02
    234550,      0.676973,CP7_after_upper_clamp,   1,    0.0000000000E+00,    4.7052242002E+02,    4.7052242002E+02,    0.0000000000E+00,    0.0000000000E+00,    0.0000000000E+00,    4.7052242002E+02
    234550,      0.676973,CP8_after_OBC,   1,    0.0000000000E+00,    4.7052242002E+02,    4.7052242002E+02,    0.0000000000E+00,    0.0000000000E+00,    0.0000000000E+00,    4.7052242002E+02
    234550,      0.676973,CP9_after_PTsource,   1,    0.0000000000E+00,    4.7052242002E+02,    4.7052242002E+02,    0.0000000000E+00,    0.0000000000E+00,    0.0000000000E+00,    4.7052242002E+02
    234550,      0.676973,CP10_after_neg_clamp,   1,    0.0000000000E+00,    4.7052242002E+02,    4.7052242002E+02,    0.0000000000E+00,    0.0000000000E+00,    0.0000000000E+00,    4.7052242002E+02
    234550,      0.676973,CP11_after_MPI,   1,    0.0000000000E+00,    4.7052242002E+02,    4.7052242002E+02,    0.0000000000E+00,    0.0000000000E+00,    0.0000000000E+00,    4.7052242002E+02
    234550,      0.676973,CP12_end,   1,    0.0000000000E+00,    4.7052242002E+02,    4.7052242002E+02,    0.0000000000E+00,    0.0000000000E+00,    0.0000000000E+00,    4.7052242002E+02
    234600,      0.676973,CP0_start,   1,    0.0000000000E+00,    4.7069164975E+02,    4.7069164975E+02,    0.0000000000E+00,    0.0000000000E+00,    0.0000000000E+00,    4.7069164975E+02
    234600,      0.676973,CP1_after_deposition,   1,    0.0000000000E+00,    4.7069164975E+02,    4.7069164975E+02,    0.0000000000E+00,    0.0000000000E+00,    0.0000000000E+00,    4.7069164975E+02
    234600,      0.676973,CP2_after_erosion,   1,    0.0000000000E+00,    4.7069164975E+02,    4.7069164975E+02,    0.0000000000E+00,    0.0000000000E+00,    0.0000000000E+00,    4.7069164975E+02
    234600,      0.676973,CP3_after_update_bottom,   1,    0.0000000000E+00,    4.7069164975E+02,    4.7069164975E+02,    0.0000000000E+00,    0.0000000000E+00,    0.0000000000E+00,    4.7069164975E+02
    234600,      0.676973,CP4_after_advection,   1,    0.0000000000E+00,    4.7071075370E+02,    4.7071075370E+02,    0.0000000000E+00,    0.0000000000E+00,    0.0000000000E+00,    4.7071075370E+02
    234600,      0.676973,CP5_after_vdif,   1,    0.0000000000E+00,    4.7071075370E+02,    4.7071075370E+02,    0.0000000000E+00,    0.0000000000E+00,    0.0000000000E+00,    4.7071075370E+02
    234600,      0.676973,CP6_after_kinetics,   1,    0.0000000000E+00,    4.7071075370E+02,    4.7071075370E+02,    0.0000000000E+00,    0.0000000000E+00,    0.0000000000E+00,    4.7071075370E+02
    234600,      0.676973,CP7_after_upper_clamp,   1,    0.0000000000E+00,    4.7071075370E+02,    4.7071075370E+02,    0.0000000000E+00,    0.0000000000E+00,    0.0000000000E+00,    4.7071075370E+02
    234600,      0.676973,CP8_after_OBC,   1,    0.0000000000E+00,    4.7071075370E+02,    4.7071075370E+02,    0.0000000000E+00,    0.0000000000E+00,    0.0000000000E+00,    4.7071075370E+02
    234600,      0.676973,CP9_after_PTsource,   1,    0.0000000000E+00,    4.7071075370E+02,    4.7071075370E+02,    0.0000000000E+00,    0.0000000000E+00,    0.0000000000E+00,    4.7071075370E+02
    234600,      0.676973,CP10_after_neg_clamp,   1,    0.0000000000E+00,    4.7071075370E+02,    4.7071075370E+02,    0.0000000000E+00,    0.0000000000E+00,    0.0000000000E+00,    4.7071075370E+02
    234600,      0.676973,CP11_after_MPI,   1,    0.0000000000E+00,    4.7071075370E+02,    4.7071075370E+02,    0.0000000000E+00,    0.0000000000E+00,    0.0000000000E+00,    4.7071075370E+02
    234600,      0.676973,CP12_end,   1,    0.0000000000E+00,    4.7071075370E+02,    4.7071075370E+02,    0.0000000000E+00,    0.0000000000E+00,    0.0000000000E+00,    4.7071075370E+02
    234650,      0.676973,CP0_start,   1,    0.0000000000E+00,    4.7087850010E+02,    4.7087850010E+02,    0.0000000000E+00,    0.0000000000E+00,    0.0000000000E+00,    4.7087850010E+02
    234650,      0.676973,CP1_after_deposition,   1,    0.0000000000E+00,    4.7087850010E+02,    4.7087850010E+02,    0.0000000000E+00,    0.0000000000E+00,    0.0000000000E+00,    4.7087850010E+02
    234650,      0.676973,CP2_after_erosion,   1,    0.0000000000E+00,    4.7087850010E+02,    4.7087850010E+02,    0.0000000000E+00,    0.0000000000E+00,    0.0000000000E+00,    4.7087850010E+02
    234650,      0.676973,CP3_after_update_bottom,   1,    0.0000000000E+00,    4.7087850010E+02,    4.7087850010E+02,    0.0000000000E+00,    0.0000000000E+00,    0.0000000000E+00,    4.7087850010E+02
    234650,      0.676973,CP4_after_advection,   1,    0.0000000000E+00,    4.7089753551E+02,    4.7089753551E+02,    0.0000000000E+00,    0.0000000000E+00,    0.0000000000E+00,    4.7089753551E+02
    234650,      0.676973,CP5_after_vdif,   1,    0.0000000000E+00,    4.7089753551E+02,    4.7089753551E+02,    0.0000000000E+00,    0.0000000000E+00,    0.0000000000E+00,    4.7089753551E+02
    234650,      0.676973,CP6_after_kinetics,   1,    0.0000000000E+00,    4.7089753551E+02,    4.7089753551E+02,    0.0000000000E+00,    0.0000000000E+00,    0.0000000000E+00,    4.7089753551E+02
    234650,      0.676973,CP7_after_upper_clamp,   1,    0.0000000000E+00,    4.7089753551E+02,    4.7089753551E+02,    0.0000000000E+00,    0.0000000000E+00,    0.0000000000E+00,    4.7089753551E+02
    234650,      0.676973,CP8_after_OBC,   1,    0.0000000000E+00,    4.7089753551E+02,    4.7089753551E+02,    0.0000000000E+00,    0.0000000000E+00,    0.0000000000E+00,    4.7089753551E+02
    234650,      0.676973,CP9_after_PTsource,   1,    0.0000000000E+00,    4.7089753551E+02,    4.7089753551E+02,    0.0000000000E+00,    0.0000000000E+00,    0.0000000000E+00,    4.7089753551E+02
    234650,      0.676973,CP10_after_neg_clamp,   1,    0.0000000000E+00,    4.7089753551E+02,    4.7089753551E+02,    0.0000000000E+00,    0.0000000000E+00,    0.0000000000E+00,    4.7089753551E+02
    234650,      0.676973,CP11_after_MPI,   1,    0.0000000000E+00,    4.7089753551E+02,    4.7089753551E+02,    0.0000000000E+00,    0.0000000000E+00,    0.0000000000E+00,    4.7089753551E+02
    234650,      0.676973,CP12_end,   1,    0.0000000000E+00,    4.7089753551E+02,    4.7089753551E+02,    0.0000000000E+00,    0.0000000000E+00,    0.0000000000E+00,    4.7089753551E+02
    234700,      0.676973,CP0_start,   1,    0.0000000000E+00,    4.7106430456E+02,    4.7106430456E+02,    0.0000000000E+00,    0.0000000000E+00,    0.0000000000E+00,    4.7106430456E+02
    234700,      0.676973,CP1_after_deposition,   1,    0.0000000000E+00,    4.7106430456E+02,    4.7106430456E+02,    0.0000000000E+00,    0.0000000000E+00,    0.0000000000E+00,    4.7106430456E+02
    234700,      0.676973,CP2_after_erosion,   1,    0.0000000000E+00,    4.7106430456E+02,    4.7106430456E+02,    0.0000000000E+00,    0.0000000000E+00,    0.0000000000E+00,    4.7106430456E+02
    234700,      0.676973,CP3_after_update_bottom,   1,    0.0000000000E+00,    4.7106430456E+02,    4.7106430456E+02,    0.0000000000E+00,    0.0000000000E+00,    0.0000000000E+00,    4.7106430456E+02
    234700,      0.676973,CP4_after_advection,   1,    0.0000000000E+00,    4.7108328243E+02,    4.7108328243E+02,    0.0000000000E+00,    0.0000000000E+00,    0.0000000000E+00,    4.7108328243E+02
    234700,      0.676973,CP5_after_vdif,   1,    0.0000000000E+00,    4.7108328243E+02,    4.7108328243E+02,    0.0000000000E+00,    0.0000000000E+00,    0.0000000000E+00,    4.7108328243E+02
    234700,      0.676973,CP6_after_kinetics,   1,    0.0000000000E+00,    4.7108328243E+02,    4.7108328243E+02,    0.0000000000E+00,    0.0000000000E+00,    0.0000000000E+00,    4.7108328243E+02
    234700,      0.676973,CP7_after_upper_clamp,   1,    0.0000000000E+00,    4.7108328243E+02,    4.7108328243E+02,    0.0000000000E+00,    0.0000000000E+00,    0.0000000000E+00,    4.7108328243E+02
    234700,      0.676973,CP8_after_OBC,   1,    0.0000000000E+00,    4.7108328243E+02,    4.7108328243E+02,    0.0000000000E+00,    0.0000000000E+00,    0.0000000000E+00,    4.7108328243E+02
    234700,      0.676973,CP9_after_PTsource,   1,    0.0000000000E+00,    4.7108328243E+02,    4.7108328243E+02,    0.0000000000E+00,    0.0000000000E+00,    0.0000000000E+00,    4.7108328243E+02
    234700,      0.676973,CP10_after_neg_clamp,   1,    0.0000000000E+00,    4.7108328243E+02,    4.7108328243E+02,    0.0000000000E+00,    0.0000000000E+00,    0.0000000000E+00,    4.7108328243E+02
    234700,      0.676973,CP11_after_MPI,   1,    0.0000000000E+00,    4.7108328243E+02,    4.7108328243E+02,    0.0000000000E+00,    0.0000000000E+00,    0.0000000000E+00,    4.7108328243E+02
    234700,      0.676973,CP12_end,   1,    0.0000000000E+00,    4.7108328243E+02,    4.7108328243E+02,    0.0000000000E+00,    0.0000000000E+00,    0.0000000000E+00,    4.7108328243E+02
    234750,      0.676973,CP0_start,   1,    0.0000000000E+00,    4.7124963743E+02,    4.7124963743E+02,    0.0000000000E+00,    0.0000000000E+00,    0.0000000000E+00,    4.7124963743E+02
    234750,      0.676973,CP1_after_deposition,   1,    0.0000000000E+00,    4.7124963743E+02,    4.7124963743E+02,    0.0000000000E+00,    0.0000000000E+00,    0.0000000000E+00,    4.7124963743E+02
    234750,      0.676973,CP2_after_erosion,   1,    0.0000000000E+00,    4.7124963743E+02,    4.7124963743E+02,    0.0000000000E+00,    0.0000000000E+00,    0.0000000000E+00,    4.7124963743E+02
    234750,      0.676973,CP3_after_update_bottom,   1,    0.0000000000E+00,    4.7124963743E+02,    4.7124963743E+02,    0.0000000000E+00,    0.0000000000E+00,    0.0000000000E+00,    4.7124963743E+02
    234750,      0.676973,CP4_after_advection,   1,    0.0000000000E+00,    4.7126856880E+02,    4.7126856880E+02,    0.0000000000E+00,    0.0000000000E+00,    0.0000000000E+00,    4.7126856880E+02
    234750,      0.676973,CP5_after_vdif,   1,    0.0000000000E+00,    4.7126856880E+02,    4.7126856880E+02,    0.0000000000E+00,    0.0000000000E+00,    0.0000000000E+00,    4.7126856880E+02
    234750,      0.676973,CP6_after_kinetics,   1,    0.0000000000E+00,    4.7126856880E+02,    4.7126856880E+02,    0.0000000000E+00,    0.0000000000E+00,    0.0000000000E+00,    4.7126856880E+02
    234750,      0.676973,CP7_after_upper_clamp,   1,    0.0000000000E+00,    4.7126856880E+02,    4.7126856880E+02,    0.0000000000E+00,    0.0000000000E+00,    0.0000000000E+00,    4.7126856880E+02
    234750,      0.676973,CP8_after_OBC,   1,    0.0000000000E+00,    4.7126856880E+02,    4.7126856880E+02,    0.0000000000E+00,    0.0000000000E+00,    0.0000000000E+00,    4.7126856880E+02
    234750,      0.676973,CP9_after_PTsource,   1,    0.0000000000E+00,    4.7126856880E+02,    4.7126856880E+02,    0.0000000000E+00,    0.0000000000E+00,    0.0000000000E+00,    4.7126856880E+02
    234750,      0.676973,CP10_after_neg_clamp,   1,    0.0000000000E+00,    4.7126856880E+02,    4.7126856880E+02,    0.0000000000E+00,    0.0000000000E+00,    0.0000000000E+00,    4.7126856880E+02
    234750,      0.676973,CP11_after_MPI,   1,    0.0000000000E+00,    4.7126856880E+02,    4.7126856880E+02,    0.0000000000E+00,    0.0000000000E+00,    0.0000000000E+00,    4.7126856880E+02
    234750,      0.676973,CP12_end,   1,    0.0000000000E+00,    4.7126856880E+02,    4.7126856880E+02,    0.0000000000E+00,    0.0000000000E+00,    0.0000000000E+00,    4.7126856880E+02
    234800,      0.676973,CP0_start,   1,    0.0000000000E+00,    4.7143501838E+02,    4.7143501838E+02,    0.0000000000E+00,    0.0000000000E+00,    0.0000000000E+00,    4.7143501838E+02
    234800,      0.676973,CP1_after_deposition,   1,    0.0000000000E+00,    4.7143501838E+02,    4.7143501838E+02,    0.0000000000E+00,    0.0000000000E+00,    0.0000000000E+00,    4.7143501838E+02
    234800,      0.676973,CP2_after_erosion,   1,    0.0000000000E+00,    4.7143501838E+02,    4.7143501838E+02,    0.0000000000E+00,    0.0000000000E+00,    0.0000000000E+00,    4.7143501838E+02
    234800,      0.676973,CP3_after_update_bottom,   1,    0.0000000000E+00,    4.7143501838E+02,    4.7143501838E+02,    0.0000000000E+00,    0.0000000000E+00,    0.0000000000E+00,    4.7143501838E+02
    234800,      0.676973,CP4_after_advection,   1,    0.0000000000E+00,    4.7145391479E+02,    4.7145391479E+02,    0.0000000000E+00,    0.0000000000E+00,    0.0000000000E+00,    4.7145391479E+02
    234800,      0.676973,CP5_after_vdif,   1,    0.0000000000E+00,    4.7145391479E+02,    4.7145391479E+02,    0.0000000000E+00,    0.0000000000E+00,    0.0000000000E+00,    4.7145391479E+02
    234800,      0.676973,CP6_after_kinetics,   1,    0.0000000000E+00,    4.7145391479E+02,    4.7145391479E+02,    0.0000000000E+00,    0.0000000000E+00,    0.0000000000E+00,    4.7145391479E+02
    234800,      0.676973,CP7_after_upper_clamp,   1,    0.0000000000E+00,    4.7145391479E+02,    4.7145391479E+02,    0.0000000000E+00,    0.0000000000E+00,    0.0000000000E+00,    4.7145391479E+02
    234800,      0.676973,CP8_after_OBC,   1,    0.0000000000E+00,    4.7145391479E+02,    4.7145391479E+02,    0.0000000000E+00,    0.0000000000E+00,    0.0000000000E+00,    4.7145391479E+02
    234800,      0.676973,CP9_after_PTsource,   1,    0.0000000000E+00,    4.7145391479E+02,    4.7145391479E+02,    0.0000000000E+00,    0.0000000000E+00,    0.0000000000E+00,    4.7145391479E+02
    234800,      0.676973,CP10_after_neg_clamp,   1,    0.0000000000E+00,    4.7145391479E+02,    4.7145391479E+02,    0.0000000000E+00,    0.0000000000E+00,    0.0000000000E+00,    4.7145391479E+02
    234800,      0.676973,CP11_after_MPI,   1,    0.0000000000E+00,    4.7145391479E+02,    4.7145391479E+02,    0.0000000000E+00,    0.0000000000E+00,    0.0000000000E+00,    4.7145391479E+02
    234800,      0.676973,CP12_end,   1,    0.0000000000E+00,    4.7145391479E+02,    4.7145391479E+02,    0.0000000000E+00,    0.0000000000E+00,    0.0000000000E+00,    4.7145391479E+02
    234850,      0.676973,CP0_start,   1,    0.0000000000E+00,    4.7162089162E+02,    4.7162089162E+02,    0.0000000000E+00,    0.0000000000E+00,    0.0000000000E+00,    4.7162089162E+02
    234850,      0.676973,CP1_after_deposition,   1,    0.0000000000E+00,    4.7162089162E+02,    4.7162089162E+02,    0.0000000000E+00,    0.0000000000E+00,    0.0000000000E+00,    4.7162089162E+02
    234850,      0.676973,CP2_after_erosion,   1,    0.0000000000E+00,    4.7162089162E+02,    4.7162089162E+02,    0.0000000000E+00,    0.0000000000E+00,    0.0000000000E+00,    4.7162089162E+02
    234850,      0.676973,CP3_after_update_bottom,   1,    0.0000000000E+00,    4.7162089162E+02,    4.7162089162E+02,    0.0000000000E+00,    0.0000000000E+00,    0.0000000000E+00,    4.7162089162E+02
    234850,      0.676973,CP4_after_advection,   1,    0.0000000000E+00,    4.7163975601E+02,    4.7163975601E+02,    0.0000000000E+00,    0.0000000000E+00,    0.0000000000E+00,    4.7163975601E+02
    234850,      0.676973,CP5_after_vdif,   1,    0.0000000000E+00,    4.7163975601E+02,    4.7163975601E+02,    0.0000000000E+00,    0.0000000000E+00,    0.0000000000E+00,    4.7163975601E+02
    234850,      0.676973,CP6_after_kinetics,   1,    0.0000000000E+00,    4.7163975601E+02,    4.7163975601E+02,    0.0000000000E+00,    0.0000000000E+00,    0.0000000000E+00,    4.7163975601E+02
    234850,      0.676973,CP7_after_upper_clamp,   1,    0.0000000000E+00,    4.7163975601E+02,    4.7163975601E+02,    0.0000000000E+00,    0.0000000000E+00,    0.0000000000E+00,    4.7163975601E+02
    234850,      0.676973,CP8_after_OBC,   1,    0.0000000000E+00,    4.7163975601E+02,    4.7163975601E+02,    0.0000000000E+00,    0.0000000000E+00,    0.0000000000E+00,    4.7163975601E+02
    234850,      0.676973,CP9_after_PTsource,   1,    0.0000000000E+00,    4.7163975601E+02,    4.7163975601E+02,    0.0000000000E+00,    0.0000000000E+00,    0.0000000000E+00,    4.7163975601E+02
    234850,      0.676973,CP10_after_neg_clamp,   1,    0.0000000000E+00,    4.7163975601E+02,    4.7163975601E+02,    0.0000000000E+00,    0.0000000000E+00,    0.0000000000E+00,    4.7163975601E+02
    234850,      0.676973,CP11_after_MPI,   1,    0.0000000000E+00,    4.7163975601E+02,    4.7163975601E+02,    0.0000000000E+00,    0.0000000000E+00,    0.0000000000E+00,    4.7163975601E+02
    234850,      0.676973,CP12_end,   1,    0.0000000000E+00,    4.7163975601E+02,    4.7163975601E+02,    0.0000000000E+00,    0.0000000000E+00,    0.0000000000E+00,    4.7163975601E+02
    234900,      0.676973,CP0_start,   1,    0.0000000000E+00,    4.7180759802E+02,    4.7180759802E+02,    0.0000000000E+00,    0.0000000000E+00,    0.0000000000E+00,    4.7180759802E+02
    234900,      0.676973,CP1_after_deposition,   1,    0.0000000000E+00,    4.7180759802E+02,    4.7180759802E+02,    0.0000000000E+00,    0.0000000000E+00,    0.0000000000E+00,    4.7180759802E+02
    234900,      0.676973,CP2_after_erosion,   1,    0.0000000000E+00,    4.7180759802E+02,    4.7180759802E+02,    0.0000000000E+00,    0.0000000000E+00,    0.0000000000E+00,    4.7180759802E+02
    234900,      0.676973,CP3_after_update_bottom,   1,    0.0000000000E+00,    4.7180759802E+02,    4.7180759802E+02,    0.0000000000E+00,    0.0000000000E+00,    0.0000000000E+00,    4.7180759802E+02
    234900,      0.676973,CP4_after_advection,   1,    0.0000000000E+00,    4.7182643595E+02,    4.7182643595E+02,    0.0000000000E+00,    0.0000000000E+00,    0.0000000000E+00,    4.7182643595E+02
    234900,      0.676973,CP5_after_vdif,   1,    0.0000000000E+00,    4.7182643595E+02,    4.7182643595E+02,    0.0000000000E+00,    0.0000000000E+00,    0.0000000000E+00,    4.7182643595E+02
    234900,      0.676973,CP6_after_kinetics,   1,    0.0000000000E+00,    4.7182643595E+02,    4.7182643595E+02,    0.0000000000E+00,    0.0000000000E+00,    0.0000000000E+00,    4.7182643595E+02
    234900,      0.676973,CP7_after_upper_clamp,   1,    0.0000000000E+00,    4.7182643595E+02,    4.7182643595E+02,    0.0000000000E+00,    0.0000000000E+00,    0.0000000000E+00,    4.7182643595E+02
    234900,      0.676973,CP8_after_OBC,   1,    0.0000000000E+00,    4.7182643595E+02,    4.7182643595E+02,    0.0000000000E+00,    0.0000000000E+00,    0.0000000000E+00,    4.7182643595E+02
    234900,      0.676973,CP9_after_PTsource,   1,    0.0000000000E+00,    4.7182643595E+02,    4.7182643595E+02,    0.0000000000E+00,    0.0000000000E+00,    0.0000000000E+00,    4.7182643595E+02
    234900,      0.676973,CP10_after_neg_clamp,   1,    0.0000000000E+00,    4.7182643595E+02,    4.7182643595E+02,    0.0000000000E+00,    0.0000000000E+00,    0.0000000000E+00,    4.7182643595E+02
    234900,      0.676973,CP11_after_MPI,   1,    0.0000000000E+00,    4.7182643595E+02,    4.7182643595E+02,    0.0000000000E+00,    0.0000000000E+00,    0.0000000000E+00,    4.7182643595E+02
    234900,      0.676973,CP12_end,   1,    0.0000000000E+00,    4.7182643595E+02,    4.7182643595E+02,    0.0000000000E+00,    0.0000000000E+00,    0.0000000000E+00,    4.7182643595E+02
    234950,      0.676973,CP0_start,   1,    0.0000000000E+00,    4.7199435488E+02,    4.7199435488E+02,    0.0000000000E+00,    0.0000000000E+00,    0.0000000000E+00,    4.7199435488E+02
    234950,      0.676973,CP1_after_deposition,   1,    0.0000000000E+00,    4.7199435488E+02,    4.7199435488E+02,    0.0000000000E+00,    0.0000000000E+00,    0.0000000000E+00,    4.7199435488E+02
    234950,      0.676973,CP2_after_erosion,   1,    0.0000000000E+00,    4.7199435488E+02,    4.7199435488E+02,    0.0000000000E+00,    0.0000000000E+00,    0.0000000000E+00,    4.7199435488E+02
    234950,      0.676973,CP3_after_update_bottom,   1,    0.0000000000E+00,    4.7199435488E+02,    4.7199435488E+02,    0.0000000000E+00,    0.0000000000E+00,    0.0000000000E+00,    4.7199435488E+02
    234950,      0.676973,CP4_after_advection,   1,    0.0000000000E+00,    4.7201317668E+02,    4.7201317668E+02,    0.0000000000E+00,    0.0000000000E+00,    0.0000000000E+00,    4.7201317668E+02
    234950,      0.676973,CP5_after_vdif,   1,    0.0000000000E+00,    4.7201317668E+02,    4.7201317668E+02,    0.0000000000E+00,    0.0000000000E+00,    0.0000000000E+00,    4.7201317668E+02
    234950,      0.676973,CP6_after_kinetics,   1,    0.0000000000E+00,    4.7201317668E+02,    4.7201317668E+02,    0.0000000000E+00,    0.0000000000E+00,    0.0000000000E+00,    4.7201317668E+02
    234950,      0.676973,CP7_after_upper_clamp,   1,    0.0000000000E+00,    4.7201317668E+02,    4.7201317668E+02,    0.0000000000E+00,    0.0000000000E+00,    0.0000000000E+00,    4.7201317668E+02
    234950,      0.676973,CP8_after_OBC,   1,    0.0000000000E+00,    4.7201317668E+02,    4.7201317668E+02,    0.0000000000E+00,    0.0000000000E+00,    0.0000000000E+00,    4.7201317668E+02
    234950,      0.676973,CP9_after_PTsource,   1,    0.0000000000E+00,    4.7201317668E+02,    4.7201317668E+02,    0.0000000000E+00,    0.0000000000E+00,    0.0000000000E+00,    4.7201317668E+02
    234950,      0.676973,CP10_after_neg_clamp,   1,    0.0000000000E+00,    4.7201317668E+02,    4.7201317668E+02,    0.0000000000E+00,    0.0000000000E+00,    0.0000000000E+00,    4.7201317668E+02
    234950,      0.676973,CP11_after_MPI,   1,    0.0000000000E+00,    4.7201317668E+02,    4.7201317668E+02,    0.0000000000E+00,    0.0000000000E+00,    0.0000000000E+00,    4.7201317668E+02
    234950,      0.676973,CP12_end,   1,    0.0000000000E+00,    4.7201317668E+02,    4.7201317668E+02,    0.0000000000E+00,    0.0000000000E+00,    0.0000000000E+00,    4.7201317668E+02
    235000,      0.676973,CP0_start,   1,    0.0000000000E+00,    4.7218239982E+02,    4.7218239982E+02,    0.0000000000E+00,    0.0000000000E+00,    0.0000000000E+00,    4.7218239982E+02
    235000,      0.676973,CP1_after_deposition,   1,    0.0000000000E+00,    4.7218239982E+02,    4.7218239982E+02,    0.0000000000E+00,    0.0000000000E+00,    0.0000000000E+00,    4.7218239982E+02
    235000,      0.676973,CP2_after_erosion,   1,    0.0000000000E+00,    4.7218239982E+02,    4.7218239982E+02,    0.0000000000E+00,    0.0000000000E+00,    0.0000000000E+00,    4.7218239982E+02
    235000,      0.676973,CP3_after_update_bottom,   1,    0.0000000000E+00,    4.7218239982E+02,    4.7218239982E+02,    0.0000000000E+00,    0.0000000000E+00,    0.0000000000E+00,    4.7218239982E+02
    235000,      0.676973,CP4_after_advection,   1,    0.0000000000E+00,    4.7220120568E+02,    4.7220120568E+02,    0.0000000000E+00,    0.0000000000E+00,    0.0000000000E+00,    4.7220120568E+02
    235000,      0.676973,CP5_after_vdif,   1,    0.0000000000E+00,    4.7220120568E+02,    4.7220120568E+02,    0.0000000000E+00,    0.0000000000E+00,    0.0000000000E+00,    4.7220120568E+02
    235000,      0.676973,CP6_after_kinetics,   1,    0.0000000000E+00,    4.7220120568E+02,    4.7220120568E+02,    0.0000000000E+00,    0.0000000000E+00,    0.0000000000E+00,    4.7220120568E+02
    235000,      0.676973,CP7_after_upper_clamp,   1,    0.0000000000E+00,    4.7220120568E+02,    4.7220120568E+02,    0.0000000000E+00,    0.0000000000E+00,    0.0000000000E+00,    4.7220120568E+02
    235000,      0.676973,CP8_after_OBC,   1,    0.0000000000E+00,    4.7220120568E+02,    4.7220120568E+02,    0.0000000000E+00,    0.0000000000E+00,    0.0000000000E+00,    4.7220120568E+02
    235000,      0.676973,CP9_after_PTsource,   1,    0.0000000000E+00,    4.7220120568E+02,    4.7220120568E+02,    0.0000000000E+00,    0.0000000000E+00,    0.0000000000E+00,    4.7220120568E+02
    235000,      0.676973,CP10_after_neg_clamp,   1,    0.0000000000E+00,    4.7220120568E+02,    4.7220120568E+02,    0.0000000000E+00,    0.0000000000E+00,    0.0000000000E+00,    4.7220120568E+02
    235000,      0.676973,CP11_after_MPI,   1,    0.0000000000E+00,    4.7220120568E+02,    4.7220120568E+02,    0.0000000000E+00,    0.0000000000E+00,    0.0000000000E+00,    4.7220120568E+02
    235000,      0.676973,CP12_end,   1,    0.0000000000E+00,    4.7220120568E+02,    4.7220120568E+02,    0.0000000000E+00,    0.0000000000E+00,    0.0000000000E+00,    4.7220120568E+02
    235050,      0.676973,CP0_start,   1,    0.0000000000E+00,    4.7237176757E+02,    4.7237176757E+02,    0.0000000000E+00,    0.0000000000E+00,    0.0000000000E+00,    4.7237176757E+02
    235050,      0.676973,CP1_after_deposition,   1,    0.0000000000E+00,    4.7237176757E+02,    4.7237176757E+02,    0.0000000000E+00,    0.0000000000E+00,    0.0000000000E+00,    4.7237176757E+02
    235050,      0.676973,CP2_after_erosion,   1,    0.0000000000E+00,    4.7237176757E+02,    4.7237176757E+02,    0.0000000000E+00,    0.0000000000E+00,    0.0000000000E+00,    4.7237176757E+02
    235050,      0.676973,CP3_after_update_bottom,   1,    0.0000000000E+00,    4.7237176757E+02,    4.7237176757E+02,    0.0000000000E+00,    0.0000000000E+00,    0.0000000000E+00,    4.7237176757E+02
    235050,      0.676973,CP4_after_advection,   1,    0.0000000000E+00,    4.7239055601E+02,    4.7239055601E+02,    0.0000000000E+00,    0.0000000000E+00,    0.0000000000E+00,    4.7239055601E+02
    235050,      0.676973,CP5_after_vdif,   1,    0.0000000000E+00,    4.7239055601E+02,    4.7239055601E+02,    0.0000000000E+00,    0.0000000000E+00,    0.0000000000E+00,    4.7239055601E+02
    235050,      0.676973,CP6_after_kinetics,   1,    0.0000000000E+00,    4.7239055601E+02,    4.7239055601E+02,    0.0000000000E+00,    0.0000000000E+00,    0.0000000000E+00,    4.7239055601E+02
    235050,      0.676973,CP7_after_upper_clamp,   1,    0.0000000000E+00,    4.7239055601E+02,    4.7239055601E+02,    0.0000000000E+00,    0.0000000000E+00,    0.0000000000E+00,    4.7239055601E+02
    235050,      0.676973,CP8_after_OBC,   1,    0.0000000000E+00,    4.7239055601E+02,    4.7239055601E+02,    0.0000000000E+00,    0.0000000000E+00,    0.0000000000E+00,    4.7239055601E+02
    235050,      0.676973,CP9_after_PTsource,   1,    0.0000000000E+00,    4.7239055601E+02,    4.7239055601E+02,    0.0000000000E+00,    0.0000000000E+00,    0.0000000000E+00,    4.7239055601E+02
    235050,      0.676973,CP10_after_neg_clamp,   1,    0.0000000000E+00,    4.7239055601E+02,    4.7239055601E+02,    0.0000000000E+00,    0.0000000000E+00,    0.0000000000E+00,    4.7239055601E+02
    235050,      0.676973,CP11_after_MPI,   1,    0.0000000000E+00,    4.7239055601E+02,    4.7239055601E+02,    0.0000000000E+00,    0.0000000000E+00,    0.0000000000E+00,    4.7239055601E+02
    235050,      0.676973,CP12_end,   1,    0.0000000000E+00,    4.7239055601E+02,    4.7239055601E+02,    0.0000000000E+00,    0.0000000000E+00,    0.0000000000E+00,    4.7239055601E+02
    235100,      0.676973,CP0_start,   1,    0.0000000000E+00,    4.7256244611E+02,    4.7256244611E+02,    0.0000000000E+00,    0.0000000000E+00,    0.0000000000E+00,    4.7256244611E+02
    235100,      0.676973,CP1_after_deposition,   1,    0.0000000000E+00,    4.7256244611E+02,    4.7256244611E+02,    0.0000000000E+00,    0.0000000000E+00,    0.0000000000E+00,    4.7256244611E+02
    235100,      0.676973,CP2_after_erosion,   1,    0.0000000000E+00,    4.7256244611E+02,    4.7256244611E+02,    0.0000000000E+00,    0.0000000000E+00,    0.0000000000E+00,    4.7256244611E+02
    235100,      0.676973,CP3_after_update_bottom,   1,    0.0000000000E+00,    4.7256244611E+02,    4.7256244611E+02,    0.0000000000E+00,    0.0000000000E+00,    0.0000000000E+00,    4.7256244611E+02
    235100,      0.676973,CP4_after_advection,   1,    0.0000000000E+00,    4.7258120866E+02,    4.7258120866E+02,    0.0000000000E+00,    0.0000000000E+00,    0.0000000000E+00,    4.7258120866E+02
    235100,      0.676973,CP5_after_vdif,   1,    0.0000000000E+00,    4.7258120866E+02,    4.7258120866E+02,    0.0000000000E+00,    0.0000000000E+00,    0.0000000000E+00,    4.7258120866E+02
    235100,      0.676973,CP6_after_kinetics,   1,    0.0000000000E+00,    4.7258120866E+02,    4.7258120866E+02,    0.0000000000E+00,    0.0000000000E+00,    0.0000000000E+00,    4.7258120866E+02
    235100,      0.676973,CP7_after_upper_clamp,   1,    0.0000000000E+00,    4.7258120866E+02,    4.7258120866E+02,    0.0000000000E+00,    0.0000000000E+00,    0.0000000000E+00,    4.7258120866E+02
    235100,      0.676973,CP8_after_OBC,   1,    0.0000000000E+00,    4.7258120866E+02,    4.7258120866E+02,    0.0000000000E+00,    0.0000000000E+00,    0.0000000000E+00,    4.7258120866E+02
    235100,      0.676973,CP9_after_PTsource,   1,    0.0000000000E+00,    4.7258120866E+02,    4.7258120866E+02,    0.0000000000E+00,    0.0000000000E+00,    0.0000000000E+00,    4.7258120866E+02
    235100,      0.676973,CP10_after_neg_clamp,   1,    0.0000000000E+00,    4.7258120866E+02,    4.7258120866E+02,    0.0000000000E+00,    0.0000000000E+00,    0.0000000000E+00,    4.7258120866E+02
    235100,      0.676973,CP11_after_MPI,   1,    0.0000000000E+00,    4.7258120866E+02,    4.7258120866E+02,    0.0000000000E+00,    0.0000000000E+00,    0.0000000000E+00,    4.7258120866E+02
    235100,      0.676973,CP12_end,   1,    0.0000000000E+00,    4.7258120866E+02,    4.7258120866E+02,    0.0000000000E+00,    0.0000000000E+00,    0.0000000000E+00,    4.7258120866E+02
    235150,      0.676973,CP0_start,   1,    0.0000000000E+00,    4.7275428823E+02,    4.7275428823E+02,    0.0000000000E+00,    0.0000000000E+00,    0.0000000000E+00,    4.7275428823E+02
    235150,      0.676973,CP1_after_deposition,   1,    0.0000000000E+00,    4.7275428823E+02,    4.7275428823E+02,    0.0000000000E+00,    0.0000000000E+00,    0.0000000000E+00,    4.7275428823E+02
    235150,      0.676973,CP2_after_erosion,   1,    0.0000000000E+00,    4.7275428823E+02,    4.7275428823E+02,    0.0000000000E+00,    0.0000000000E+00,    0.0000000000E+00,    4.7275428823E+02
    235150,      0.676973,CP3_after_update_bottom,   1,    0.0000000000E+00,    4.7275428823E+02,    4.7275428823E+02,    0.0000000000E+00,    0.0000000000E+00,    0.0000000000E+00,    4.7275428823E+02
    235150,      0.676973,CP4_after_advection,   1,    0.0000000000E+00,    4.7277303077E+02,    4.7277303077E+02,    0.0000000000E+00,    0.0000000000E+00,    0.0000000000E+00,    4.7277303077E+02
    235150,      0.676973,CP5_after_vdif,   1,    0.0000000000E+00,    4.7277303077E+02,    4.7277303077E+02,    0.0000000000E+00,    0.0000000000E+00,    0.0000000000E+00,    4.7277303077E+02
    235150,      0.676973,CP6_after_kinetics,   1,    0.0000000000E+00,    4.7277303077E+02,    4.7277303077E+02,    0.0000000000E+00,    0.0000000000E+00,    0.0000000000E+00,    4.7277303077E+02
    235150,      0.676973,CP7_after_upper_clamp,   1,    0.0000000000E+00,    4.7277303077E+02,    4.7277303077E+02,    0.0000000000E+00,    0.0000000000E+00,    0.0000000000E+00,    4.7277303077E+02
    235150,      0.676973,CP8_after_OBC,   1,    0.0000000000E+00,    4.7277303077E+02,    4.7277303077E+02,    0.0000000000E+00,    0.0000000000E+00,    0.0000000000E+00,    4.7277303077E+02
    235150,      0.676973,CP9_after_PTsource,   1,    0.0000000000E+00,    4.7277303077E+02,    4.7277303077E+02,    0.0000000000E+00,    0.0000000000E+00,    0.0000000000E+00,    4.7277303077E+02
    235150,      0.676973,CP10_after_neg_clamp,   1,    0.0000000000E+00,    4.7277303077E+02,    4.7277303077E+02,    0.0000000000E+00,    0.0000000000E+00,    0.0000000000E+00,    4.7277303077E+02
    235150,      0.676973,CP11_after_MPI,   1,    0.0000000000E+00,    4.7277303077E+02,    4.7277303077E+02,    0.0000000000E+00,    0.0000000000E+00,    0.0000000000E+00,    4.7277303077E+02
    235150,      0.676973,CP12_end,   1,    0.0000000000E+00,    4.7277303077E+02,    4.7277303077E+02,    0.0000000000E+00,    0.0000000000E+00,    0.0000000000E+00,    4.7277303077E+02
    235200,      0.676973,CP0_start,   1,    0.0000000000E+00,    4.7294718180E+02,    4.7294718180E+02,    0.0000000000E+00,    0.0000000000E+00,    0.0000000000E+00,    4.7294718180E+02
    235200,      0.676973,CP1_after_deposition,   1,    0.0000000000E+00,    4.7294718180E+02,    4.7294718180E+02,    0.0000000000E+00,    0.0000000000E+00,    0.0000000000E+00,    4.7294718180E+02
    235200,      0.676973,CP2_after_erosion,   1,    0.0000000000E+00,    4.7294718180E+02,    4.7294718180E+02,    0.0000000000E+00,    0.0000000000E+00,    0.0000000000E+00,    4.7294718180E+02
    235200,      0.676973,CP3_after_update_bottom,   1,    0.0000000000E+00,    4.7294718180E+02,    4.7294718180E+02,    0.0000000000E+00,    0.0000000000E+00,    0.0000000000E+00,    4.7294718180E+02
    235200,      0.676973,CP4_after_advection,   1,    0.0000000000E+00,    4.7296590300E+02,    4.7296590300E+02,    0.0000000000E+00,    0.0000000000E+00,    0.0000000000E+00,    4.7296590300E+02
    235200,      0.676973,CP5_after_vdif,   1,    0.0000000000E+00,    4.7296590300E+02,    4.7296590300E+02,    0.0000000000E+00,    0.0000000000E+00,    0.0000000000E+00,    4.7296590300E+02
    235200,      0.676973,CP6_after_kinetics,   1,    0.0000000000E+00,    4.7296590300E+02,    4.7296590300E+02,    0.0000000000E+00,    0.0000000000E+00,    0.0000000000E+00,    4.7296590300E+02
    235200,      0.676973,CP7_after_upper_clamp,   1,    0.0000000000E+00,    4.7296590300E+02,    4.7296590300E+02,    0.0000000000E+00,    0.0000000000E+00,    0.0000000000E+00,    4.7296590300E+02
    235200,      0.676973,CP8_after_OBC,   1,    0.0000000000E+00,    4.7296590300E+02,    4.7296590300E+02,    0.0000000000E+00,    0.0000000000E+00,    0.0000000000E+00,    4.7296590300E+02
    235200,      0.676973,CP9_after_PTsource,   1,    0.0000000000E+00,    4.7296590300E+02,    4.7296590300E+02,    0.0000000000E+00,    0.0000000000E+00,    0.0000000000E+00,    4.7296590300E+02
    235200,      0.676973,CP10_after_neg_clamp,   1,    0.0000000000E+00,    4.7296590300E+02,    4.7296590300E+02,    0.0000000000E+00,    0.0000000000E+00,    0.0000000000E+00,    4.7296590300E+02
    235200,      0.676973,CP11_after_MPI,   1,    0.0000000000E+00,    4.7296590300E+02,    4.7296590300E+02,    0.0000000000E+00,    0.0000000000E+00,    0.0000000000E+00,    4.7296590300E+02
    235200,      0.676973,CP12_end,   1,    0.0000000000E+00,    4.7296590300E+02,    4.7296590300E+02,    0.0000000000E+00,    0.0000000000E+00,    0.0000000000E+00,    4.7296590300E+02
    235250,      0.676973,CP0_start,   1,    0.0000000000E+00,    4.7314093084E+02,    4.7314093084E+02,    0.0000000000E+00,    0.0000000000E+00,    0.0000000000E+00,    4.7314093084E+02
    235250,      0.676973,CP1_after_deposition,   1,    0.0000000000E+00,    4.7314093084E+02,    4.7314093084E+02,    0.0000000000E+00,    0.0000000000E+00,    0.0000000000E+00,    4.7314093084E+02
    235250,      0.676973,CP2_after_erosion,   1,    0.0000000000E+00,    4.7314093084E+02,    4.7314093084E+02,    0.0000000000E+00,    0.0000000000E+00,    0.0000000000E+00,    4.7314093084E+02
    235250,      0.676973,CP3_after_update_bottom,   1,    0.0000000000E+00,    4.7314093084E+02,    4.7314093084E+02,    0.0000000000E+00,    0.0000000000E+00,    0.0000000000E+00,    4.7314093084E+02
    235250,      0.676973,CP4_after_advection,   1,    0.0000000000E+00,    4.7315961252E+02,    4.7315961252E+02,    0.0000000000E+00,    0.0000000000E+00,    0.0000000000E+00,    4.7315961252E+02
    235250,      0.676973,CP5_after_vdif,   1,    0.0000000000E+00,    4.7315961252E+02,    4.7315961252E+02,    0.0000000000E+00,    0.0000000000E+00,    0.0000000000E+00,    4.7315961252E+02
    235250,      0.676973,CP6_after_kinetics,   1,    0.0000000000E+00,    4.7315961252E+02,    4.7315961252E+02,    0.0000000000E+00,    0.0000000000E+00,    0.0000000000E+00,    4.7315961252E+02
    235250,      0.676973,CP7_after_upper_clamp,   1,    0.0000000000E+00,    4.7315961252E+02,    4.7315961252E+02,    0.0000000000E+00,    0.0000000000E+00,    0.0000000000E+00,    4.7315961252E+02
    235250,      0.676973,CP8_after_OBC,   1,    0.0000000000E+00,    4.7315961252E+02,    4.7315961252E+02,    0.0000000000E+00,    0.0000000000E+00,    0.0000000000E+00,    4.7315961252E+02
    235250,      0.676973,CP9_after_PTsource,   1,    0.0000000000E+00,    4.7315961252E+02,    4.7315961252E+02,    0.0000000000E+00,    0.0000000000E+00,    0.0000000000E+00,    4.7315961252E+02
    235250,      0.676973,CP10_after_neg_clamp,   1,    0.0000000000E+00,    4.7315961252E+02,    4.7315961252E+02,    0.0000000000E+00,    0.0000000000E+00,    0.0000000000E+00,    4.7315961252E+02
    235250,      0.676973,CP11_after_MPI,   1,    0.0000000000E+00,    4.7315961252E+02,    4.7315961252E+02,    0.0000000000E+00,    0.0000000000E+00,    0.0000000000E+00,    4.7315961252E+02
    235250,      0.676973,CP12_end,   1,    0.0000000000E+00,    4.7315961252E+02,    4.7315961252E+02,    0.0000000000E+00,    0.0000000000E+00,    0.0000000000E+00,    4.7315961252E+02
    235300,      0.676973,CP0_start,   1,    0.0000000000E+00,    4.7333524871E+02,    4.7333524871E+02,    0.0000000000E+00,    0.0000000000E+00,    0.0000000000E+00,    4.7333524871E+02
    235300,      0.676973,CP1_after_deposition,   1,    0.0000000000E+00,    4.7333524871E+02,    4.7333524871E+02,    0.0000000000E+00,    0.0000000000E+00,    0.0000000000E+00,    4.7333524871E+02
    235300,      0.676973,CP2_after_erosion,   1,    0.0000000000E+00,    4.7333524871E+02,    4.7333524871E+02,    0.0000000000E+00,    0.0000000000E+00,    0.0000000000E+00,    4.7333524871E+02
    235300,      0.676973,CP3_after_update_bottom,   1,    0.0000000000E+00,    4.7333524871E+02,    4.7333524871E+02,    0.0000000000E+00,    0.0000000000E+00,    0.0000000000E+00,    4.7333524871E+02
    235300,      0.676973,CP4_after_advection,   1,    0.0000000000E+00,    4.7335387538E+02,    4.7335387538E+02,    0.0000000000E+00,    0.0000000000E+00,    0.0000000000E+00,    4.7335387538E+02
    235300,      0.676973,CP5_after_vdif,   1,    0.0000000000E+00,    4.7335387538E+02,    4.7335387538E+02,    0.0000000000E+00,    0.0000000000E+00,    0.0000000000E+00,    4.7335387538E+02
    235300,      0.676973,CP6_after_kinetics,   1,    0.0000000000E+00,    4.7335387538E+02,    4.7335387538E+02,    0.0000000000E+00,    0.0000000000E+00,    0.0000000000E+00,    4.7335387538E+02
    235300,      0.676973,CP7_after_upper_clamp,   1,    0.0000000000E+00,    4.7335387538E+02,    4.7335387538E+02,    0.0000000000E+00,    0.0000000000E+00,    0.0000000000E+00,    4.7335387538E+02
    235300,      0.676973,CP8_after_OBC,   1,    0.0000000000E+00,    4.7335387538E+02,    4.7335387538E+02,    0.0000000000E+00,    0.0000000000E+00,    0.0000000000E+00,    4.7335387538E+02
    235300,      0.676973,CP9_after_PTsource,   1,    0.0000000000E+00,    4.7335387538E+02,    4.7335387538E+02,    0.0000000000E+00,    0.0000000000E+00,    0.0000000000E+00,    4.7335387538E+02
    235300,      0.676973,CP10_after_neg_clamp,   1,    0.0000000000E+00,    4.7335387538E+02,    4.7335387538E+02,    0.0000000000E+00,    0.0000000000E+00,    0.0000000000E+00,    4.7335387538E+02
    235300,      0.676973,CP11_after_MPI,   1,    0.0000000000E+00,    4.7335387538E+02,    4.7335387538E+02,    0.0000000000E+00,    0.0000000000E+00,    0.0000000000E+00,    4.7335387538E+02
    235300,      0.676973,CP12_end,   1,    0.0000000000E+00,    4.7335387538E+02,    4.7335387538E+02,    0.0000000000E+00,    0.0000000000E+00,    0.0000000000E+00,    4.7335387538E+02
    235350,      0.676973,CP0_start,   1,    0.0000000000E+00,    4.7352999649E+02,    4.7352999649E+02,    0.0000000000E+00,    0.0000000000E+00,    0.0000000000E+00,    4.7352999649E+02
    235350,      0.676973,CP1_after_deposition,   1,    0.0000000000E+00,    4.7352999649E+02,    4.7352999649E+02,    0.0000000000E+00,    0.0000000000E+00,    0.0000000000E+00,    4.7352999649E+02
    235350,      0.676973,CP2_after_erosion,   1,    0.0000000000E+00,    4.7352999649E+02,    4.7352999649E+02,    0.0000000000E+00,    0.0000000000E+00,    0.0000000000E+00,    4.7352999649E+02
    235350,      0.676973,CP3_after_update_bottom,   1,    0.0000000000E+00,    4.7352999649E+02,    4.7352999649E+02,    0.0000000000E+00,    0.0000000000E+00,    0.0000000000E+00,    4.7352999649E+02
    235350,      0.676973,CP4_after_advection,   1,    0.0000000000E+00,    4.7354858084E+02,    4.7354858084E+02,    0.0000000000E+00,    0.0000000000E+00,    0.0000000000E+00,    4.7354858084E+02
    235350,      0.676973,CP5_after_vdif,   1,    0.0000000000E+00,    4.7354858084E+02,    4.7354858084E+02,    0.0000000000E+00,    0.0000000000E+00,    0.0000000000E+00,    4.7354858084E+02
    235350,      0.676973,CP6_after_kinetics,   1,    0.0000000000E+00,    4.7354858084E+02,    4.7354858084E+02,    0.0000000000E+00,    0.0000000000E+00,    0.0000000000E+00,    4.7354858084E+02
    235350,      0.676973,CP7_after_upper_clamp,   1,    0.0000000000E+00,    4.7354858084E+02,    4.7354858084E+02,    0.0000000000E+00,    0.0000000000E+00,    0.0000000000E+00,    4.7354858084E+02
    235350,      0.676973,CP8_after_OBC,   1,    0.0000000000E+00,    4.7354858084E+02,    4.7354858084E+02,    0.0000000000E+00,    0.0000000000E+00,    0.0000000000E+00,    4.7354858084E+02
    235350,      0.676973,CP9_after_PTsource,   1,    0.0000000000E+00,    4.7354858084E+02,    4.7354858084E+02,    0.0000000000E+00,    0.0000000000E+00,    0.0000000000E+00,    4.7354858084E+02
    235350,      0.676973,CP10_after_neg_clamp,   1,    0.0000000000E+00,    4.7354858084E+02,    4.7354858084E+02,    0.0000000000E+00,    0.0000000000E+00,    0.0000000000E+00,    4.7354858084E+02
    235350,      0.676973,CP11_after_MPI,   1,    0.0000000000E+00,    4.7354858084E+02,    4.7354858084E+02,    0.0000000000E+00,    0.0000000000E+00,    0.0000000000E+00,    4.7354858084E+02
    235350,      0.676973,CP12_end,   1,    0.0000000000E+00,    4.7354858084E+02,    4.7354858084E+02,    0.0000000000E+00,    0.0000000000E+00,    0.0000000000E+00,    4.7354858084E+02
    235400,      0.676973,CP0_start,   1,    0.0000000000E+00,    4.7372523222E+02,    4.7372523222E+02,    0.0000000000E+00,    0.0000000000E+00,    0.0000000000E+00,    4.7372523222E+02
    235400,      0.676973,CP1_after_deposition,   1,    0.0000000000E+00,    4.7372523222E+02,    4.7372523222E+02,    0.0000000000E+00,    0.0000000000E+00,    0.0000000000E+00,    4.7372523222E+02
    235400,      0.676973,CP2_after_erosion,   1,    0.0000000000E+00,    4.7372523222E+02,    4.7372523222E+02,    0.0000000000E+00,    0.0000000000E+00,    0.0000000000E+00,    4.7372523222E+02
    235400,      0.676973,CP3_after_update_bottom,   1,    0.0000000000E+00,    4.7372523222E+02,    4.7372523222E+02,    0.0000000000E+00,    0.0000000000E+00,    0.0000000000E+00,    4.7372523222E+02
    235400,      0.676973,CP4_after_advection,   1,    0.0000000000E+00,    4.7374378133E+02,    4.7374378133E+02,    0.0000000000E+00,    0.0000000000E+00,    0.0000000000E+00,    4.7374378133E+02
    235400,      0.676973,CP5_after_vdif,   1,    0.0000000000E+00,    4.7374378133E+02,    4.7374378133E+02,    0.0000000000E+00,    0.0000000000E+00,    0.0000000000E+00,    4.7374378133E+02
    235400,      0.676973,CP6_after_kinetics,   1,    0.0000000000E+00,    4.7374378133E+02,    4.7374378133E+02,    0.0000000000E+00,    0.0000000000E+00,    0.0000000000E+00,    4.7374378133E+02
    235400,      0.676973,CP7_after_upper_clamp,   1,    0.0000000000E+00,    4.7374378133E+02,    4.7374378133E+02,    0.0000000000E+00,    0.0000000000E+00,    0.0000000000E+00,    4.7374378133E+02
    235400,      0.676973,CP8_after_OBC,   1,    0.0000000000E+00,    4.7374378133E+02,    4.7374378133E+02,    0.0000000000E+00,    0.0000000000E+00,    0.0000000000E+00,    4.7374378133E+02
    235400,      0.676973,CP9_after_PTsource,   1,    0.0000000000E+00,    4.7374378133E+02,    4.7374378133E+02,    0.0000000000E+00,    0.0000000000E+00,    0.0000000000E+00,    4.7374378133E+02
    235400,      0.676973,CP10_after_neg_clamp,   1,    0.0000000000E+00,    4.7374378133E+02,    4.7374378133E+02,    0.0000000000E+00,    0.0000000000E+00,    0.0000000000E+00,    4.7374378133E+02
    235400,      0.676973,CP11_after_MPI,   1,    0.0000000000E+00,    4.7374378133E+02,    4.7374378133E+02,    0.0000000000E+00,    0.0000000000E+00,    0.0000000000E+00,    4.7374378133E+02
    235400,      0.676973,CP12_end,   1,    0.0000000000E+00,    4.7374378133E+02,    4.7374378133E+02,    0.0000000000E+00,    0.0000000000E+00,    0.0000000000E+00,    4.7374378133E+02
    235450,      0.676973,CP0_start,   1,    0.0000000000E+00,    4.7392086461E+02,    4.7392086461E+02,    0.0000000000E+00,    0.0000000000E+00,    0.0000000000E+00,    4.7392086461E+02
    235450,      0.676973,CP1_after_deposition,   1,    0.0000000000E+00,    4.7392086461E+02,    4.7392086461E+02,    0.0000000000E+00,    0.0000000000E+00,    0.0000000000E+00,    4.7392086461E+02
    235450,      0.676973,CP2_after_erosion,   1,    0.0000000000E+00,    4.7392086461E+02,    4.7392086461E+02,    0.0000000000E+00,    0.0000000000E+00,    0.0000000000E+00,    4.7392086461E+02
    235450,      0.676973,CP3_after_update_bottom,   1,    0.0000000000E+00,    4.7392086461E+02,    4.7392086461E+02,    0.0000000000E+00,    0.0000000000E+00,    0.0000000000E+00,    4.7392086461E+02
    235450,      0.676973,CP4_after_advection,   1,    0.0000000000E+00,    4.7393936040E+02,    4.7393936040E+02,    0.0000000000E+00,    0.0000000000E+00,    0.0000000000E+00,    4.7393936040E+02
    235450,      0.676973,CP5_after_vdif,   1,    0.0000000000E+00,    4.7393936040E+02,    4.7393936040E+02,    0.0000000000E+00,    0.0000000000E+00,    0.0000000000E+00,    4.7393936040E+02
    235450,      0.676973,CP6_after_kinetics,   1,    0.0000000000E+00,    4.7393936040E+02,    4.7393936040E+02,    0.0000000000E+00,    0.0000000000E+00,    0.0000000000E+00,    4.7393936040E+02
    235450,      0.676973,CP7_after_upper_clamp,   1,    0.0000000000E+00,    4.7393936040E+02,    4.7393936040E+02,    0.0000000000E+00,    0.0000000000E+00,    0.0000000000E+00,    4.7393936040E+02
    235450,      0.676973,CP8_after_OBC,   1,    0.0000000000E+00,    4.7393936040E+02,    4.7393936040E+02,    0.0000000000E+00,    0.0000000000E+00,    0.0000000000E+00,    4.7393936040E+02
    235450,      0.676973,CP9_after_PTsource,   1,    0.0000000000E+00,    4.7393936040E+02,    4.7393936040E+02,    0.0000000000E+00,    0.0000000000E+00,    0.0000000000E+00,    4.7393936040E+02
    235450,      0.676973,CP10_after_neg_clamp,   1,    0.0000000000E+00,    4.7393936040E+02,    4.7393936040E+02,    0.0000000000E+00,    0.0000000000E+00,    0.0000000000E+00,    4.7393936040E+02
    235450,      0.676973,CP11_after_MPI,   1,    0.0000000000E+00,    4.7393936040E+02,    4.7393936040E+02,    0.0000000000E+00,    0.0000000000E+00,    0.0000000000E+00,    4.7393936040E+02
    235450,      0.676973,CP12_end,   1,    0.0000000000E+00,    4.7393936040E+02,    4.7393936040E+02,    0.0000000000E+00,    0.0000000000E+00,    0.0000000000E+00,    4.7393936040E+02
    235500,      0.676973,CP0_start,   1,    0.0000000000E+00,    4.7411682089E+02,    4.7411682089E+02,    0.0000000000E+00,    0.0000000000E+00,    0.0000000000E+00,    4.7411682089E+02
    235500,      0.676973,CP1_after_deposition,   1,    0.0000000000E+00,    4.7411682089E+02,    4.7411682089E+02,    0.0000000000E+00,    0.0000000000E+00,    0.0000000000E+00,    4.7411682089E+02
    235500,      0.676973,CP2_after_erosion,   1,    0.0000000000E+00,    4.7411682089E+02,    4.7411682089E+02,    0.0000000000E+00,    0.0000000000E+00,    0.0000000000E+00,    4.7411682089E+02
    235500,      0.676973,CP3_after_update_bottom,   1,    0.0000000000E+00,    4.7411682089E+02,    4.7411682089E+02,    0.0000000000E+00,    0.0000000000E+00,    0.0000000000E+00,    4.7411682089E+02
    235500,      0.676973,CP4_after_advection,   1,    0.0000000000E+00,    4.7413526986E+02,    4.7413526986E+02,    0.0000000000E+00,    0.0000000000E+00,    0.0000000000E+00,    4.7413526986E+02
    235500,      0.676973,CP5_after_vdif,   1,    0.0000000000E+00,    4.7413526986E+02,    4.7413526986E+02,    0.0000000000E+00,    0.0000000000E+00,    0.0000000000E+00,    4.7413526986E+02
    235500,      0.676973,CP6_after_kinetics,   1,    0.0000000000E+00,    4.7413526986E+02,    4.7413526986E+02,    0.0000000000E+00,    0.0000000000E+00,    0.0000000000E+00,    4.7413526986E+02
    235500,      0.676973,CP7_after_upper_clamp,   1,    0.0000000000E+00,    4.7413526986E+02,    4.7413526986E+02,    0.0000000000E+00,    0.0000000000E+00,    0.0000000000E+00,    4.7413526986E+02
    235500,      0.676973,CP8_after_OBC,   1,    0.0000000000E+00,    4.7413526986E+02,    4.7413526986E+02,    0.0000000000E+00,    0.0000000000E+00,    0.0000000000E+00,    4.7413526986E+02
    235500,      0.676973,CP9_after_PTsource,   1,    0.0000000000E+00,    4.7413526986E+02,    4.7413526986E+02,    0.0000000000E+00,    0.0000000000E+00,    0.0000000000E+00,    4.7413526986E+02
    235500,      0.676973,CP10_after_neg_clamp,   1,    0.0000000000E+00,    4.7413526986E+02,    4.7413526986E+02,    0.0000000000E+00,    0.0000000000E+00,    0.0000000000E+00,    4.7413526986E+02
    235500,      0.676973,CP11_after_MPI,   1,    0.0000000000E+00,    4.7413526986E+02,    4.7413526986E+02,    0.0000000000E+00,    0.0000000000E+00,    0.0000000000E+00,    4.7413526986E+02
    235500,      0.676973,CP12_end,   1,    0.0000000000E+00,    4.7413526986E+02,    4.7413526986E+02,    0.0000000000E+00,    0.0000000000E+00,    0.0000000000E+00,    4.7413526986E+02
    235550,      0.676973,CP0_start,   1,    0.0000000000E+00,    4.7431312851E+02,    4.7431312851E+02,    0.0000000000E+00,    0.0000000000E+00,    0.0000000000E+00,    4.7431312851E+02
    235550,      0.676973,CP1_after_deposition,   1,    0.0000000000E+00,    4.7431312851E+02,    4.7431312851E+02,    0.0000000000E+00,    0.0000000000E+00,    0.0000000000E+00,    4.7431312851E+02
    235550,      0.676973,CP2_after_erosion,   1,    0.0000000000E+00,    4.7431312851E+02,    4.7431312851E+02,    0.0000000000E+00,    0.0000000000E+00,    0.0000000000E+00,    4.7431312851E+02
    235550,      0.676973,CP3_after_update_bottom,   1,    0.0000000000E+00,    4.7431312851E+02,    4.7431312851E+02,    0.0000000000E+00,    0.0000000000E+00,    0.0000000000E+00,    4.7431312851E+02
    235550,      0.676973,CP4_after_advection,   1,    0.0000000000E+00,    4.7433153155E+02,    4.7433153155E+02,    0.0000000000E+00,    0.0000000000E+00,    0.0000000000E+00,    4.7433153155E+02
    235550,      0.676973,CP5_after_vdif,   1,    0.0000000000E+00,    4.7433153155E+02,    4.7433153155E+02,    0.0000000000E+00,    0.0000000000E+00,    0.0000000000E+00,    4.7433153155E+02
    235550,      0.676973,CP6_after_kinetics,   1,    0.0000000000E+00,    4.7433153155E+02,    4.7433153155E+02,    0.0000000000E+00,    0.0000000000E+00,    0.0000000000E+00,    4.7433153155E+02
    235550,      0.676973,CP7_after_upper_clamp,   1,    0.0000000000E+00,    4.7433153155E+02,    4.7433153155E+02,    0.0000000000E+00,    0.0000000000E+00,    0.0000000000E+00,    4.7433153155E+02
    235550,      0.676973,CP8_after_OBC,   1,    0.0000000000E+00,    4.7433153155E+02,    4.7433153155E+02,    0.0000000000E+00,    0.0000000000E+00,    0.0000000000E+00,    4.7433153155E+02
    235550,      0.676973,CP9_after_PTsource,   1,    0.0000000000E+00,    4.7433153155E+02,    4.7433153155E+02,    0.0000000000E+00,    0.0000000000E+00,    0.0000000000E+00,    4.7433153155E+02
    235550,      0.676973,CP10_after_neg_clamp,   1,    0.0000000000E+00,    4.7433153155E+02,    4.7433153155E+02,    0.0000000000E+00,    0.0000000000E+00,    0.0000000000E+00,    4.7433153155E+02
    235550,      0.676973,CP11_after_MPI,   1,    0.0000000000E+00,    4.7433153155E+02,    4.7433153155E+02,    0.0000000000E+00,    0.0000000000E+00,    0.0000000000E+00,    4.7433153155E+02
    235550,      0.676973,CP12_end,   1,    0.0000000000E+00,    4.7433153155E+02,    4.7433153155E+02,    0.0000000000E+00,    0.0000000000E+00,    0.0000000000E+00,    4.7433153155E+02
    235600,      0.676973,CP0_start,   1,    0.0000000000E+00,    4.7450997860E+02,    4.7450997860E+02,    0.0000000000E+00,    0.0000000000E+00,    0.0000000000E+00,    4.7450997860E+02
    235600,      0.676973,CP1_after_deposition,   1,    0.0000000000E+00,    4.7450997860E+02,    4.7450997860E+02,    0.0000000000E+00,    0.0000000000E+00,    0.0000000000E+00,    4.7450997860E+02
    235600,      0.676973,CP2_after_erosion,   1,    0.0000000000E+00,    4.7450997860E+02,    4.7450997860E+02,    0.0000000000E+00,    0.0000000000E+00,    0.0000000000E+00,    4.7450997860E+02
    235600,      0.676973,CP3_after_update_bottom,   1,    0.0000000000E+00,    4.7450997860E+02,    4.7450997860E+02,    0.0000000000E+00,    0.0000000000E+00,    0.0000000000E+00,    4.7450997860E+02
    235600,      0.676973,CP4_after_advection,   1,    0.0000000000E+00,    4.7452835021E+02,    4.7452835021E+02,    0.0000000000E+00,    0.0000000000E+00,    0.0000000000E+00,    4.7452835021E+02
    235600,      0.676973,CP5_after_vdif,   1,    0.0000000000E+00,    4.7452835021E+02,    4.7452835021E+02,    0.0000000000E+00,    0.0000000000E+00,    0.0000000000E+00,    4.7452835021E+02
    235600,      0.676973,CP6_after_kinetics,   1,    0.0000000000E+00,    4.7452835021E+02,    4.7452835021E+02,    0.0000000000E+00,    0.0000000000E+00,    0.0000000000E+00,    4.7452835021E+02
    235600,      0.676973,CP7_after_upper_clamp,   1,    0.0000000000E+00,    4.7452835021E+02,    4.7452835021E+02,    0.0000000000E+00,    0.0000000000E+00,    0.0000000000E+00,    4.7452835021E+02
    235600,      0.676973,CP8_after_OBC,   1,    0.0000000000E+00,    4.7452835021E+02,    4.7452835021E+02,    0.0000000000E+00,    0.0000000000E+00,    0.0000000000E+00,    4.7452835021E+02
    235600,      0.676973,CP9_after_PTsource,   1,    0.0000000000E+00,    4.7452835021E+02,    4.7452835021E+02,    0.0000000000E+00,    0.0000000000E+00,    0.0000000000E+00,    4.7452835021E+02
    235600,      0.676973,CP10_after_neg_clamp,   1,    0.0000000000E+00,    4.7452835021E+02,    4.7452835021E+02,    0.0000000000E+00,    0.0000000000E+00,    0.0000000000E+00,    4.7452835021E+02
    235600,      0.676973,CP11_after_MPI,   1,    0.0000000000E+00,    4.7452835021E+02,    4.7452835021E+02,    0.0000000000E+00,    0.0000000000E+00,    0.0000000000E+00,    4.7452835021E+02
    235600,      0.676973,CP12_end,   1,    0.0000000000E+00,    4.7452835021E+02,    4.7452835021E+02,    0.0000000000E+00,    0.0000000000E+00,    0.0000000000E+00,    4.7452835021E+02
    235650,      0.676973,CP0_start,   1,    0.0000000000E+00,    4.7470747383E+02,    4.7470747383E+02,    0.0000000000E+00,    0.0000000000E+00,    0.0000000000E+00,    4.7470747383E+02
    235650,      0.676973,CP1_after_deposition,   1,    0.0000000000E+00,    4.7470747383E+02,    4.7470747383E+02,    0.0000000000E+00,    0.0000000000E+00,    0.0000000000E+00,    4.7470747383E+02
    235650,      0.676973,CP2_after_erosion,   1,    0.0000000000E+00,    4.7470747383E+02,    4.7470747383E+02,    0.0000000000E+00,    0.0000000000E+00,    0.0000000000E+00,    4.7470747383E+02
    235650,      0.676973,CP3_after_update_bottom,   1,    0.0000000000E+00,    4.7470747383E+02,    4.7470747383E+02,    0.0000000000E+00,    0.0000000000E+00,    0.0000000000E+00,    4.7470747383E+02
    235650,      0.676973,CP4_after_advection,   1,    0.0000000000E+00,    4.7472579580E+02,    4.7472579580E+02,    0.0000000000E+00,    0.0000000000E+00,    0.0000000000E+00,    4.7472579580E+02
    235650,      0.676973,CP5_after_vdif,   1,    0.0000000000E+00,    4.7472579580E+02,    4.7472579580E+02,    0.0000000000E+00,    0.0000000000E+00,    0.0000000000E+00,    4.7472579580E+02
    235650,      0.676973,CP6_after_kinetics,   1,    0.0000000000E+00,    4.7472579580E+02,    4.7472579580E+02,    0.0000000000E+00,    0.0000000000E+00,    0.0000000000E+00,    4.7472579580E+02
    235650,      0.676973,CP7_after_upper_clamp,   1,    0.0000000000E+00,    4.7472579580E+02,    4.7472579580E+02,    0.0000000000E+00,    0.0000000000E+00,    0.0000000000E+00,    4.7472579580E+02
    235650,      0.676973,CP8_after_OBC,   1,    0.0000000000E+00,    4.7472579580E+02,    4.7472579580E+02,    0.0000000000E+00,    0.0000000000E+00,    0.0000000000E+00,    4.7472579580E+02
    235650,      0.676973,CP9_after_PTsource,   1,    0.0000000000E+00,    4.7472579580E+02,    4.7472579580E+02,    0.0000000000E+00,    0.0000000000E+00,    0.0000000000E+00,    4.7472579580E+02
    235650,      0.676973,CP10_after_neg_clamp,   1,    0.0000000000E+00,    4.7472579580E+02,    4.7472579580E+02,    0.0000000000E+00,    0.0000000000E+00,    0.0000000000E+00,    4.7472579580E+02
    235650,      0.676973,CP11_after_MPI,   1,    0.0000000000E+00,    4.7472579580E+02,    4.7472579580E+02,    0.0000000000E+00,    0.0000000000E+00,    0.0000000000E+00,    4.7472579580E+02
    235650,      0.676973,CP12_end,   1,    0.0000000000E+00,    4.7472579580E+02,    4.7472579580E+02,    0.0000000000E+00,    0.0000000000E+00,    0.0000000000E+00,    4.7472579580E+02
    235700,      0.676973,CP0_start,   1,    0.0000000000E+00,    4.7490551461E+02,    4.7490551461E+02,    0.0000000000E+00,    0.0000000000E+00,    0.0000000000E+00,    4.7490551461E+02
    235700,      0.676973,CP1_after_deposition,   1,    0.0000000000E+00,    4.7490551461E+02,    4.7490551461E+02,    0.0000000000E+00,    0.0000000000E+00,    0.0000000000E+00,    4.7490551461E+02
    235700,      0.676973,CP2_after_erosion,   1,    0.0000000000E+00,    4.7490551461E+02,    4.7490551461E+02,    0.0000000000E+00,    0.0000000000E+00,    0.0000000000E+00,    4.7490551461E+02
    235700,      0.676973,CP3_after_update_bottom,   1,    0.0000000000E+00,    4.7490551461E+02,    4.7490551461E+02,    0.0000000000E+00,    0.0000000000E+00,    0.0000000000E+00,    4.7490551461E+02
    235700,      0.676973,CP4_after_advection,   1,    0.0000000000E+00,    4.7492379409E+02,    4.7492379409E+02,    0.0000000000E+00,    0.0000000000E+00,    0.0000000000E+00,    4.7492379409E+02
    235700,      0.676973,CP5_after_vdif,   1,    0.0000000000E+00,    4.7492379409E+02,    4.7492379409E+02,    0.0000000000E+00,    0.0000000000E+00,    0.0000000000E+00,    4.7492379409E+02
    235700,      0.676973,CP6_after_kinetics,   1,    0.0000000000E+00,    4.7492379409E+02,    4.7492379409E+02,    0.0000000000E+00,    0.0000000000E+00,    0.0000000000E+00,    4.7492379409E+02
    235700,      0.676973,CP7_after_upper_clamp,   1,    0.0000000000E+00,    4.7492379409E+02,    4.7492379409E+02,    0.0000000000E+00,    0.0000000000E+00,    0.0000000000E+00,    4.7492379409E+02
    235700,      0.676973,CP8_after_OBC,   1,    0.0000000000E+00,    4.7492379409E+02,    4.7492379409E+02,    0.0000000000E+00,    0.0000000000E+00,    0.0000000000E+00,    4.7492379409E+02
    235700,      0.676973,CP9_after_PTsource,   1,    0.0000000000E+00,    4.7492379409E+02,    4.7492379409E+02,    0.0000000000E+00,    0.0000000000E+00,    0.0000000000E+00,    4.7492379409E+02
    235700,      0.676973,CP10_after_neg_clamp,   1,    0.0000000000E+00,    4.7492379409E+02,    4.7492379409E+02,    0.0000000000E+00,    0.0000000000E+00,    0.0000000000E+00,    4.7492379409E+02
    235700,      0.676973,CP11_after_MPI,   1,    0.0000000000E+00,    4.7492379409E+02,    4.7492379409E+02,    0.0000000000E+00,    0.0000000000E+00,    0.0000000000E+00,    4.7492379409E+02
    235700,      0.676973,CP12_end,   1,    0.0000000000E+00,    4.7492379409E+02,    4.7492379409E+02,    0.0000000000E+00,    0.0000000000E+00,    0.0000000000E+00,    4.7492379409E+02
    235750,      0.676973,CP0_start,   1,    0.0000000000E+00,    4.7510411878E+02,    4.7510411878E+02,    0.0000000000E+00,    0.0000000000E+00,    0.0000000000E+00,    4.7510411878E+02
    235750,      0.676973,CP1_after_deposition,   1,    0.0000000000E+00,    4.7510411878E+02,    4.7510411878E+02,    0.0000000000E+00,    0.0000000000E+00,    0.0000000000E+00,    4.7510411878E+02
    235750,      0.676973,CP2_after_erosion,   1,    0.0000000000E+00,    4.7510411878E+02,    4.7510411878E+02,    0.0000000000E+00,    0.0000000000E+00,    0.0000000000E+00,    4.7510411878E+02
    235750,      0.676973,CP3_after_update_bottom,   1,    0.0000000000E+00,    4.7510411878E+02,    4.7510411878E+02,    0.0000000000E+00,    0.0000000000E+00,    0.0000000000E+00,    4.7510411878E+02
    235750,      0.676973,CP4_after_advection,   1,    0.0000000000E+00,    4.7512234129E+02,    4.7512234129E+02,    0.0000000000E+00,    0.0000000000E+00,    0.0000000000E+00,    4.7512234129E+02
    235750,      0.676973,CP5_after_vdif,   1,    0.0000000000E+00,    4.7512234129E+02,    4.7512234129E+02,    0.0000000000E+00,    0.0000000000E+00,    0.0000000000E+00,    4.7512234129E+02
    235750,      0.676973,CP6_after_kinetics,   1,    0.0000000000E+00,    4.7512234129E+02,    4.7512234129E+02,    0.0000000000E+00,    0.0000000000E+00,    0.0000000000E+00,    4.7512234129E+02
    235750,      0.676973,CP7_after_upper_clamp,   1,    0.0000000000E+00,    4.7512234129E+02,    4.7512234129E+02,    0.0000000000E+00,    0.0000000000E+00,    0.0000000000E+00,    4.7512234129E+02
    235750,      0.676973,CP8_after_OBC,   1,    0.0000000000E+00,    4.7512234129E+02,    4.7512234129E+02,    0.0000000000E+00,    0.0000000000E+00,    0.0000000000E+00,    4.7512234129E+02
    235750,      0.676973,CP9_after_PTsource,   1,    0.0000000000E+00,    4.7512234129E+02,    4.7512234129E+02,    0.0000000000E+00,    0.0000000000E+00,    0.0000000000E+00,    4.7512234129E+02
    235750,      0.676973,CP10_after_neg_clamp,   1,    0.0000000000E+00,    4.7512234129E+02,    4.7512234129E+02,    0.0000000000E+00,    0.0000000000E+00,    0.0000000000E+00,    4.7512234129E+02
    235750,      0.676973,CP11_after_MPI,   1,    0.0000000000E+00,    4.7512234129E+02,    4.7512234129E+02,    0.0000000000E+00,    0.0000000000E+00,    0.0000000000E+00,    4.7512234129E+02
    235750,      0.676973,CP12_end,   1,    0.0000000000E+00,    4.7512234129E+02,    4.7512234129E+02,    0.0000000000E+00,    0.0000000000E+00,    0.0000000000E+00,    4.7512234129E+02
    235800,      0.676973,CP0_start,   1,    0.0000000000E+00,    4.7530319731E+02,    4.7530319731E+02,    0.0000000000E+00,    0.0000000000E+00,    0.0000000000E+00,    4.7530319731E+02
    235800,      0.676973,CP1_after_deposition,   1,    0.0000000000E+00,    4.7530319731E+02,    4.7530319731E+02,    0.0000000000E+00,    0.0000000000E+00,    0.0000000000E+00,    4.7530319731E+02
    235800,      0.676973,CP2_after_erosion,   1,    0.0000000000E+00,    4.7530319731E+02,    4.7530319731E+02,    0.0000000000E+00,    0.0000000000E+00,    0.0000000000E+00,    4.7530319731E+02
    235800,      0.676973,CP3_after_update_bottom,   1,    0.0000000000E+00,    4.7530319731E+02,    4.7530319731E+02,    0.0000000000E+00,    0.0000000000E+00,    0.0000000000E+00,    4.7530319731E+02
    235800,      0.676973,CP4_after_advection,   1,    0.0000000000E+00,    4.7532136955E+02,    4.7532136955E+02,    0.0000000000E+00,    0.0000000000E+00,    0.0000000000E+00,    4.7532136955E+02
    235800,      0.676973,CP5_after_vdif,   1,    0.0000000000E+00,    4.7532136955E+02,    4.7532136955E+02,    0.0000000000E+00,    0.0000000000E+00,    0.0000000000E+00,    4.7532136955E+02
    235800,      0.676973,CP6_after_kinetics,   1,    0.0000000000E+00,    4.7532136955E+02,    4.7532136955E+02,    0.0000000000E+00,    0.0000000000E+00,    0.0000000000E+00,    4.7532136955E+02
    235800,      0.676973,CP7_after_upper_clamp,   1,    0.0000000000E+00,    4.7532136955E+02,    4.7532136955E+02,    0.0000000000E+00,    0.0000000000E+00,    0.0000000000E+00,    4.7532136955E+02
    235800,      0.676973,CP8_after_OBC,   1,    0.0000000000E+00,    4.7532136955E+02,    4.7532136955E+02,    0.0000000000E+00,    0.0000000000E+00,    0.0000000000E+00,    4.7532136955E+02
    235800,      0.676973,CP9_after_PTsource,   1,    0.0000000000E+00,    4.7532136955E+02,    4.7532136955E+02,    0.0000000000E+00,    0.0000000000E+00,    0.0000000000E+00,    4.7532136955E+02
    235800,      0.676973,CP10_after_neg_clamp,   1,    0.0000000000E+00,    4.7532136955E+02,    4.7532136955E+02,    0.0000000000E+00,    0.0000000000E+00,    0.0000000000E+00,    4.7532136955E+02
    235800,      0.676973,CP11_after_MPI,   1,    0.0000000000E+00,    4.7532136955E+02,    4.7532136955E+02,    0.0000000000E+00,    0.0000000000E+00,    0.0000000000E+00,    4.7532136955E+02
    235800,      0.676973,CP12_end,   1,    0.0000000000E+00,    4.7532136955E+02,    4.7532136955E+02,    0.0000000000E+00,    0.0000000000E+00,    0.0000000000E+00,    4.7532136955E+02
    235850,      0.676973,CP0_start,   1,    0.0000000000E+00,    4.7550270783E+02,    4.7550270783E+02,    0.0000000000E+00,    0.0000000000E+00,    0.0000000000E+00,    4.7550270783E+02
    235850,      0.676973,CP1_after_deposition,   1,    0.0000000000E+00,    4.7550270783E+02,    4.7550270783E+02,    0.0000000000E+00,    0.0000000000E+00,    0.0000000000E+00,    4.7550270783E+02
    235850,      0.676973,CP2_after_erosion,   1,    0.0000000000E+00,    4.7550270783E+02,    4.7550270783E+02,    0.0000000000E+00,    0.0000000000E+00,    0.0000000000E+00,    4.7550270783E+02
    235850,      0.676973,CP3_after_update_bottom,   1,    0.0000000000E+00,    4.7550270783E+02,    4.7550270783E+02,    0.0000000000E+00,    0.0000000000E+00,    0.0000000000E+00,    4.7550270783E+02
    235850,      0.676973,CP4_after_advection,   1,    0.0000000000E+00,    4.7552083099E+02,    4.7552083099E+02,    0.0000000000E+00,    0.0000000000E+00,    0.0000000000E+00,    4.7552083099E+02
    235850,      0.676973,CP5_after_vdif,   1,    0.0000000000E+00,    4.7552083099E+02,    4.7552083099E+02,    0.0000000000E+00,    0.0000000000E+00,    0.0000000000E+00,    4.7552083099E+02
    235850,      0.676973,CP6_after_kinetics,   1,    0.0000000000E+00,    4.7552083099E+02,    4.7552083099E+02,    0.0000000000E+00,    0.0000000000E+00,    0.0000000000E+00,    4.7552083099E+02
    235850,      0.676973,CP7_after_upper_clamp,   1,    0.0000000000E+00,    4.7552083099E+02,    4.7552083099E+02,    0.0000000000E+00,    0.0000000000E+00,    0.0000000000E+00,    4.7552083099E+02
    235850,      0.676973,CP8_after_OBC,   1,    0.0000000000E+00,    4.7552083099E+02,    4.7552083099E+02,    0.0000000000E+00,    0.0000000000E+00,    0.0000000000E+00,    4.7552083099E+02
    235850,      0.676973,CP9_after_PTsource,   1,    0.0000000000E+00,    4.7552083099E+02,    4.7552083099E+02,    0.0000000000E+00,    0.0000000000E+00,    0.0000000000E+00,    4.7552083099E+02
    235850,      0.676973,CP10_after_neg_clamp,   1,    0.0000000000E+00,    4.7552083099E+02,    4.7552083099E+02,    0.0000000000E+00,    0.0000000000E+00,    0.0000000000E+00,    4.7552083099E+02
    235850,      0.676973,CP11_after_MPI,   1,    0.0000000000E+00,    4.7552083099E+02,    4.7552083099E+02,    0.0000000000E+00,    0.0000000000E+00,    0.0000000000E+00,    4.7552083099E+02
    235850,      0.676973,CP12_end,   1,    0.0000000000E+00,    4.7552083099E+02,    4.7552083099E+02,    0.0000000000E+00,    0.0000000000E+00,    0.0000000000E+00,    4.7552083099E+02
    235900,      0.676973,CP0_start,   1,    0.0000000000E+00,    4.7570248573E+02,    4.7570248573E+02,    0.0000000000E+00,    0.0000000000E+00,    0.0000000000E+00,    4.7570248573E+02
    235900,      0.676973,CP1_after_deposition,   1,    0.0000000000E+00,    4.7570248573E+02,    4.7570248573E+02,    0.0000000000E+00,    0.0000000000E+00,    0.0000000000E+00,    4.7570248573E+02
    235900,      0.676973,CP2_after_erosion,   1,    0.0000000000E+00,    4.7570248573E+02,    4.7570248573E+02,    0.0000000000E+00,    0.0000000000E+00,    0.0000000000E+00,    4.7570248573E+02
    235900,      0.676973,CP3_after_update_bottom,   1,    0.0000000000E+00,    4.7570248573E+02,    4.7570248573E+02,    0.0000000000E+00,    0.0000000000E+00,    0.0000000000E+00,    4.7570248573E+02
    235900,      0.676973,CP4_after_advection,   1,    0.0000000000E+00,    4.7572055079E+02,    4.7572055079E+02,    0.0000000000E+00,    0.0000000000E+00,    0.0000000000E+00,    4.7572055079E+02
    235900,      0.676973,CP5_after_vdif,   1,    0.0000000000E+00,    4.7572055079E+02,    4.7572055079E+02,    0.0000000000E+00,    0.0000000000E+00,    0.0000000000E+00,    4.7572055079E+02
    235900,      0.676973,CP6_after_kinetics,   1,    0.0000000000E+00,    4.7572055079E+02,    4.7572055079E+02,    0.0000000000E+00,    0.0000000000E+00,    0.0000000000E+00,    4.7572055079E+02
    235900,      0.676973,CP7_after_upper_clamp,   1,    0.0000000000E+00,    4.7572055079E+02,    4.7572055079E+02,    0.0000000000E+00,    0.0000000000E+00,    0.0000000000E+00,    4.7572055079E+02
    235900,      0.676973,CP8_after_OBC,   1,    0.0000000000E+00,    4.7572055079E+02,    4.7572055079E+02,    0.0000000000E+00,    0.0000000000E+00,    0.0000000000E+00,    4.7572055079E+02
    235900,      0.676973,CP9_after_PTsource,   1,    0.0000000000E+00,    4.7572055079E+02,    4.7572055079E+02,    0.0000000000E+00,    0.0000000000E+00,    0.0000000000E+00,    4.7572055079E+02
    235900,      0.676973,CP10_after_neg_clamp,   1,    0.0000000000E+00,    4.7572055079E+02,    4.7572055079E+02,    0.0000000000E+00,    0.0000000000E+00,    0.0000000000E+00,    4.7572055079E+02
    235900,      0.676973,CP11_after_MPI,   1,    0.0000000000E+00,    4.7572055079E+02,    4.7572055079E+02,    0.0000000000E+00,    0.0000000000E+00,    0.0000000000E+00,    4.7572055079E+02
    235900,      0.676973,CP12_end,   1,    0.0000000000E+00,    4.7572055079E+02,    4.7572055079E+02,    0.0000000000E+00,    0.0000000000E+00,    0.0000000000E+00,    4.7572055079E+02
    235950,      0.676973,CP0_start,   1,    0.0000000000E+00,    4.7590246676E+02,    4.7590246676E+02,    0.0000000000E+00,    0.0000000000E+00,    0.0000000000E+00,    4.7590246676E+02
    235950,      0.676973,CP1_after_deposition,   1,    0.0000000000E+00,    4.7590246676E+02,    4.7590246676E+02,    0.0000000000E+00,    0.0000000000E+00,    0.0000000000E+00,    4.7590246676E+02
    235950,      0.676973,CP2_after_erosion,   1,    0.0000000000E+00,    4.7590246676E+02,    4.7590246676E+02,    0.0000000000E+00,    0.0000000000E+00,    0.0000000000E+00,    4.7590246676E+02
    235950,      0.676973,CP3_after_update_bottom,   1,    0.0000000000E+00,    4.7590246676E+02,    4.7590246676E+02,    0.0000000000E+00,    0.0000000000E+00,    0.0000000000E+00,    4.7590246676E+02
    235950,      0.676973,CP4_after_advection,   1,    0.0000000000E+00,    4.7592048046E+02,    4.7592048046E+02,    0.0000000000E+00,    0.0000000000E+00,    0.0000000000E+00,    4.7592048046E+02
    235950,      0.676973,CP5_after_vdif,   1,    0.0000000000E+00,    4.7592048046E+02,    4.7592048046E+02,    0.0000000000E+00,    0.0000000000E+00,    0.0000000000E+00,    4.7592048046E+02
    235950,      0.676973,CP6_after_kinetics,   1,    0.0000000000E+00,    4.7592048046E+02,    4.7592048046E+02,    0.0000000000E+00,    0.0000000000E+00,    0.0000000000E+00,    4.7592048046E+02
    235950,      0.676973,CP7_after_upper_clamp,   1,    0.0000000000E+00,    4.7592048046E+02,    4.7592048046E+02,    0.0000000000E+00,    0.0000000000E+00,    0.0000000000E+00,    4.7592048046E+02
    235950,      0.676973,CP8_after_OBC,   1,    0.0000000000E+00,    4.7592048046E+02,    4.7592048046E+02,    0.0000000000E+00,    0.0000000000E+00,    0.0000000000E+00,    4.7592048046E+02
    235950,      0.676973,CP9_after_PTsource,   1,    0.0000000000E+00,    4.7592048046E+02,    4.7592048046E+02,    0.0000000000E+00,    0.0000000000E+00,    0.0000000000E+00,    4.7592048046E+02
    235950,      0.676973,CP10_after_neg_clamp,   1,    0.0000000000E+00,    4.7592048046E+02,    4.7592048046E+02,    0.0000000000E+00,    0.0000000000E+00,    0.0000000000E+00,    4.7592048046E+02
    235950,      0.676973,CP11_after_MPI,   1,    0.0000000000E+00,    4.7592048046E+02,    4.7592048046E+02,    0.0000000000E+00,    0.0000000000E+00,    0.0000000000E+00,    4.7592048046E+02
    235950,      0.676973,CP12_end,   1,    0.0000000000E+00,    4.7592048046E+02,    4.7592048046E+02,    0.0000000000E+00,    0.0000000000E+00,    0.0000000000E+00,    4.7592048046E+02
    236000,      0.676973,CP0_start,   1,    0.0000000000E+00,    4.7610263062E+02,    4.7610263062E+02,    0.0000000000E+00,    0.0000000000E+00,    0.0000000000E+00,    4.7610263062E+02
    236000,      0.676973,CP1_after_deposition,   1,    0.0000000000E+00,    4.7610263062E+02,    4.7610263062E+02,    0.0000000000E+00,    0.0000000000E+00,    0.0000000000E+00,    4.7610263062E+02
    236000,      0.676973,CP2_after_erosion,   1,    0.0000000000E+00,    4.7610263062E+02,    4.7610263062E+02,    0.0000000000E+00,    0.0000000000E+00,    0.0000000000E+00,    4.7610263062E+02
    236000,      0.676973,CP3_after_update_bottom,   1,    0.0000000000E+00,    4.7610263062E+02,    4.7610263062E+02,    0.0000000000E+00,    0.0000000000E+00,    0.0000000000E+00,    4.7610263062E+02
    236000,      0.676973,CP4_after_advection,   1,    0.0000000000E+00,    4.7612058921E+02,    4.7612058921E+02,    0.0000000000E+00,    0.0000000000E+00,    0.0000000000E+00,    4.7612058921E+02
    236000,      0.676973,CP5_after_vdif,   1,    0.0000000000E+00,    4.7612058921E+02,    4.7612058921E+02,    0.0000000000E+00,    0.0000000000E+00,    0.0000000000E+00,    4.7612058921E+02
    236000,      0.676973,CP6_after_kinetics,   1,    0.0000000000E+00,    4.7612058921E+02,    4.7612058921E+02,    0.0000000000E+00,    0.0000000000E+00,    0.0000000000E+00,    4.7612058921E+02
    236000,      0.676973,CP7_after_upper_clamp,   1,    0.0000000000E+00,    4.7612058921E+02,    4.7612058921E+02,    0.0000000000E+00,    0.0000000000E+00,    0.0000000000E+00,    4.7612058921E+02
    236000,      0.676973,CP8_after_OBC,   1,    0.0000000000E+00,    4.7612058921E+02,    4.7612058921E+02,    0.0000000000E+00,    0.0000000000E+00,    0.0000000000E+00,    4.7612058921E+02
    236000,      0.676973,CP9_after_PTsource,   1,    0.0000000000E+00,    4.7612058921E+02,    4.7612058921E+02,    0.0000000000E+00,    0.0000000000E+00,    0.0000000000E+00,    4.7612058921E+02
    236000,      0.676973,CP10_after_neg_clamp,   1,    0.0000000000E+00,    4.7612058921E+02,    4.7612058921E+02,    0.0000000000E+00,    0.0000000000E+00,    0.0000000000E+00,    4.7612058921E+02
    236000,      0.676973,CP11_after_MPI,   1,    0.0000000000E+00,    4.7612058921E+02,    4.7612058921E+02,    0.0000000000E+00,    0.0000000000E+00,    0.0000000000E+00,    4.7612058921E+02
    236000,      0.676973,CP12_end,   1,    0.0000000000E+00,    4.7612058921E+02,    4.7612058921E+02,    0.0000000000E+00,    0.0000000000E+00,    0.0000000000E+00,    4.7612058921E+02
    236050,      0.676973,CP0_start,   1,    0.0000000000E+00,    4.7630299373E+02,    4.7630299373E+02,    0.0000000000E+00,    0.0000000000E+00,    0.0000000000E+00,    4.7630299373E+02
    236050,      0.676973,CP1_after_deposition,   1,    0.0000000000E+00,    4.7630299373E+02,    4.7630299373E+02,    0.0000000000E+00,    0.0000000000E+00,    0.0000000000E+00,    4.7630299373E+02
    236050,      0.676973,CP2_after_erosion,   1,    0.0000000000E+00,    4.7630299373E+02,    4.7630299373E+02,    0.0000000000E+00,    0.0000000000E+00,    0.0000000000E+00,    4.7630299373E+02
    236050,      0.676973,CP3_after_update_bottom,   1,    0.0000000000E+00,    4.7630299373E+02,    4.7630299373E+02,    0.0000000000E+00,    0.0000000000E+00,    0.0000000000E+00,    4.7630299373E+02
    236050,      0.676973,CP4_after_advection,   1,    0.0000000000E+00,    4.7632089788E+02,    4.7632089788E+02,    0.0000000000E+00,    0.0000000000E+00,    0.0000000000E+00,    4.7632089788E+02
    236050,      0.676973,CP5_after_vdif,   1,    0.0000000000E+00,    4.7632089788E+02,    4.7632089788E+02,    0.0000000000E+00,    0.0000000000E+00,    0.0000000000E+00,    4.7632089788E+02
    236050,      0.676973,CP6_after_kinetics,   1,    0.0000000000E+00,    4.7632089788E+02,    4.7632089788E+02,    0.0000000000E+00,    0.0000000000E+00,    0.0000000000E+00,    4.7632089788E+02
    236050,      0.676973,CP7_after_upper_clamp,   1,    0.0000000000E+00,    4.7632089788E+02,    4.7632089788E+02,    0.0000000000E+00,    0.0000000000E+00,    0.0000000000E+00,    4.7632089788E+02
    236050,      0.676973,CP8_after_OBC,   1,    0.0000000000E+00,    4.7632089788E+02,    4.7632089788E+02,    0.0000000000E+00,    0.0000000000E+00,    0.0000000000E+00,    4.7632089788E+02
    236050,      0.676973,CP9_after_PTsource,   1,    0.0000000000E+00,    4.7632089788E+02,    4.7632089788E+02,    0.0000000000E+00,    0.0000000000E+00,    0.0000000000E+00,    4.7632089788E+02
    236050,      0.676973,CP10_after_neg_clamp,   1,    0.0000000000E+00,    4.7632089788E+02,    4.7632089788E+02,    0.0000000000E+00,    0.0000000000E+00,    0.0000000000E+00,    4.7632089788E+02
    236050,      0.676973,CP11_after_MPI,   1,    0.0000000000E+00,    4.7632089788E+02,    4.7632089788E+02,    0.0000000000E+00,    0.0000000000E+00,    0.0000000000E+00,    4.7632089788E+02
    236050,      0.676973,CP12_end,   1,    0.0000000000E+00,    4.7632089788E+02,    4.7632089788E+02,    0.0000000000E+00,    0.0000000000E+00,    0.0000000000E+00,    4.7632089788E+02
    236100,      0.676973,CP0_start,   1,    0.0000000000E+00,    4.7650356082E+02,    4.7650356082E+02,    0.0000000000E+00,    0.0000000000E+00,    0.0000000000E+00,    4.7650356082E+02
    236100,      0.676973,CP1_after_deposition,   1,    0.0000000000E+00,    4.7650356082E+02,    4.7650356082E+02,    0.0000000000E+00,    0.0000000000E+00,    0.0000000000E+00,    4.7650356082E+02
    236100,      0.676973,CP2_after_erosion,   1,    0.0000000000E+00,    4.7650356082E+02,    4.7650356082E+02,    0.0000000000E+00,    0.0000000000E+00,    0.0000000000E+00,    4.7650356082E+02
    236100,      0.676973,CP3_after_update_bottom,   1,    0.0000000000E+00,    4.7650356082E+02,    4.7650356082E+02,    0.0000000000E+00,    0.0000000000E+00,    0.0000000000E+00,    4.7650356082E+02
    236100,      0.676973,CP4_after_advection,   1,    0.0000000000E+00,    4.7652140851E+02,    4.7652140851E+02,    0.0000000000E+00,    0.0000000000E+00,    0.0000000000E+00,    4.7652140851E+02
    236100,      0.676973,CP5_after_vdif,   1,    0.0000000000E+00,    4.7652140851E+02,    4.7652140851E+02,    0.0000000000E+00,    0.0000000000E+00,    0.0000000000E+00,    4.7652140851E+02
    236100,      0.676973,CP6_after_kinetics,   1,    0.0000000000E+00,    4.7652140851E+02,    4.7652140851E+02,    0.0000000000E+00,    0.0000000000E+00,    0.0000000000E+00,    4.7652140851E+02
    236100,      0.676973,CP7_after_upper_clamp,   1,    0.0000000000E+00,    4.7652140851E+02,    4.7652140851E+02,    0.0000000000E+00,    0.0000000000E+00,    0.0000000000E+00,    4.7652140851E+02
    236100,      0.676973,CP8_after_OBC,   1,    0.0000000000E+00,    4.7652140851E+02,    4.7652140851E+02,    0.0000000000E+00,    0.0000000000E+00,    0.0000000000E+00,    4.7652140851E+02
    236100,      0.676973,CP9_after_PTsource,   1,    0.0000000000E+00,    4.7652140851E+02,    4.7652140851E+02,    0.0000000000E+00,    0.0000000000E+00,    0.0000000000E+00,    4.7652140851E+02
    236100,      0.676973,CP10_after_neg_clamp,   1,    0.0000000000E+00,    4.7652140851E+02,    4.7652140851E+02,    0.0000000000E+00,    0.0000000000E+00,    0.0000000000E+00,    4.7652140851E+02
    236100,      0.676973,CP11_after_MPI,   1,    0.0000000000E+00,    4.7652140851E+02,    4.7652140851E+02,    0.0000000000E+00,    0.0000000000E+00,    0.0000000000E+00,    4.7652140851E+02
    236100,      0.676973,CP12_end,   1,    0.0000000000E+00,    4.7652140851E+02,    4.7652140851E+02,    0.0000000000E+00,    0.0000000000E+00,    0.0000000000E+00,    4.7652140851E+02
    236150,      0.676973,CP0_start,   1,    0.0000000000E+00,    4.7670432145E+02,    4.7670432145E+02,    0.0000000000E+00,    0.0000000000E+00,    0.0000000000E+00,    4.7670432145E+02
    236150,      0.676973,CP1_after_deposition,   1,    0.0000000000E+00,    4.7670432145E+02,    4.7670432145E+02,    0.0000000000E+00,    0.0000000000E+00,    0.0000000000E+00,    4.7670432145E+02
    236150,      0.676973,CP2_after_erosion,   1,    0.0000000000E+00,    4.7670432145E+02,    4.7670432145E+02,    0.0000000000E+00,    0.0000000000E+00,    0.0000000000E+00,    4.7670432145E+02
    236150,      0.676973,CP3_after_update_bottom,   1,    0.0000000000E+00,    4.7670432145E+02,    4.7670432145E+02,    0.0000000000E+00,    0.0000000000E+00,    0.0000000000E+00,    4.7670432145E+02
    236150,      0.676973,CP4_after_advection,   1,    0.0000000000E+00,    4.7672210920E+02,    4.7672210920E+02,    0.0000000000E+00,    0.0000000000E+00,    0.0000000000E+00,    4.7672210920E+02
    236150,      0.676973,CP5_after_vdif,   1,    0.0000000000E+00,    4.7672210920E+02,    4.7672210920E+02,    0.0000000000E+00,    0.0000000000E+00,    0.0000000000E+00,    4.7672210920E+02
    236150,      0.676973,CP6_after_kinetics,   1,    0.0000000000E+00,    4.7672210920E+02,    4.7672210920E+02,    0.0000000000E+00,    0.0000000000E+00,    0.0000000000E+00,    4.7672210920E+02
    236150,      0.676973,CP7_after_upper_clamp,   1,    0.0000000000E+00,    4.7672210920E+02,    4.7672210920E+02,    0.0000000000E+00,    0.0000000000E+00,    0.0000000000E+00,    4.7672210920E+02
    236150,      0.676973,CP8_after_OBC,   1,    0.0000000000E+00,    4.7672210920E+02,    4.7672210920E+02,    0.0000000000E+00,    0.0000000000E+00,    0.0000000000E+00,    4.7672210920E+02
    236150,      0.676973,CP9_after_PTsource,   1,    0.0000000000E+00,    4.7672210920E+02,    4.7672210920E+02,    0.0000000000E+00,    0.0000000000E+00,    0.0000000000E+00,    4.7672210920E+02
    236150,      0.676973,CP10_after_neg_clamp,   1,    0.0000000000E+00,    4.7672210920E+02,    4.7672210920E+02,    0.0000000000E+00,    0.0000000000E+00,    0.0000000000E+00,    4.7672210920E+02
    236150,      0.676973,CP11_after_MPI,   1,    0.0000000000E+00,    4.7672210920E+02,    4.7672210920E+02,    0.0000000000E+00,    0.0000000000E+00,    0.0000000000E+00,    4.7672210920E+02
    236150,      0.676973,CP12_end,   1,    0.0000000000E+00,    4.7672210920E+02,    4.7672210920E+02,    0.0000000000E+00,    0.0000000000E+00,    0.0000000000E+00,    4.7672210920E+02
    236200,      0.676973,CP0_start,   1,    0.0000000000E+00,    4.7690527387E+02,    4.7690527387E+02,    0.0000000000E+00,    0.0000000000E+00,    0.0000000000E+00,    4.7690527387E+02
    236200,      0.676973,CP1_after_deposition,   1,    0.0000000000E+00,    4.7690527387E+02,    4.7690527387E+02,    0.0000000000E+00,    0.0000000000E+00,    0.0000000000E+00,    4.7690527387E+02
    236200,      0.676973,CP2_after_erosion,   1,    0.0000000000E+00,    4.7690527387E+02,    4.7690527387E+02,    0.0000000000E+00,    0.0000000000E+00,    0.0000000000E+00,    4.7690527387E+02
    236200,      0.676973,CP3_after_update_bottom,   1,    0.0000000000E+00,    4.7690527387E+02,    4.7690527387E+02,    0.0000000000E+00,    0.0000000000E+00,    0.0000000000E+00,    4.7690527387E+02
    236200,      0.676973,CP4_after_advection,   1,    0.0000000000E+00,    4.7692300790E+02,    4.7692300790E+02,    0.0000000000E+00,    0.0000000000E+00,    0.0000000000E+00,    4.7692300790E+02
    236200,      0.676973,CP5_after_vdif,   1,    0.0000000000E+00,    4.7692300790E+02,    4.7692300790E+02,    0.0000000000E+00,    0.0000000000E+00,    0.0000000000E+00,    4.7692300790E+02
    236200,      0.676973,CP6_after_kinetics,   1,    0.0000000000E+00,    4.7692300790E+02,    4.7692300790E+02,    0.0000000000E+00,    0.0000000000E+00,    0.0000000000E+00,    4.7692300790E+02
    236200,      0.676973,CP7_after_upper_clamp,   1,    0.0000000000E+00,    4.7692300790E+02,    4.7692300790E+02,    0.0000000000E+00,    0.0000000000E+00,    0.0000000000E+00,    4.7692300790E+02
    236200,      0.676973,CP8_after_OBC,   1,    0.0000000000E+00,    4.7692300790E+02,    4.7692300790E+02,    0.0000000000E+00,    0.0000000000E+00,    0.0000000000E+00,    4.7692300790E+02
    236200,      0.676973,CP9_after_PTsource,   1,    0.0000000000E+00,    4.7692300790E+02,    4.7692300790E+02,    0.0000000000E+00,    0.0000000000E+00,    0.0000000000E+00,    4.7692300790E+02
    236200,      0.676973,CP10_after_neg_clamp,   1,    0.0000000000E+00,    4.7692300790E+02,    4.7692300790E+02,    0.0000000000E+00,    0.0000000000E+00,    0.0000000000E+00,    4.7692300790E+02
    236200,      0.676973,CP11_after_MPI,   1,    0.0000000000E+00,    4.7692300790E+02,    4.7692300790E+02,    0.0000000000E+00,    0.0000000000E+00,    0.0000000000E+00,    4.7692300790E+02
    236200,      0.676973,CP12_end,   1,    0.0000000000E+00,    4.7692300790E+02,    4.7692300790E+02,    0.0000000000E+00,    0.0000000000E+00,    0.0000000000E+00,    4.7692300790E+02
    236250,      0.676973,CP0_start,   1,    0.0000000000E+00,    4.7710652628E+02,    4.7710652628E+02,    0.0000000000E+00,    0.0000000000E+00,    0.0000000000E+00,    4.7710652628E+02
    236250,      0.676973,CP1_after_deposition,   1,    0.0000000000E+00,    4.7710652628E+02,    4.7710652628E+02,    0.0000000000E+00,    0.0000000000E+00,    0.0000000000E+00,    4.7710652628E+02
    236250,      0.676973,CP2_after_erosion,   1,    0.0000000000E+00,    4.7710652628E+02,    4.7710652628E+02,    0.0000000000E+00,    0.0000000000E+00,    0.0000000000E+00,    4.7710652628E+02
    236250,      0.676973,CP3_after_update_bottom,   1,    0.0000000000E+00,    4.7710652628E+02,    4.7710652628E+02,    0.0000000000E+00,    0.0000000000E+00,    0.0000000000E+00,    4.7710652628E+02
    236250,      0.676973,CP4_after_advection,   1,    0.0000000000E+00,    4.7712421437E+02,    4.7712421437E+02,    0.0000000000E+00,    0.0000000000E+00,    0.0000000000E+00,    4.7712421437E+02
    236250,      0.676973,CP5_after_vdif,   1,    0.0000000000E+00,    4.7712421437E+02,    4.7712421437E+02,    0.0000000000E+00,    0.0000000000E+00,    0.0000000000E+00,    4.7712421437E+02
    236250,      0.676973,CP6_after_kinetics,   1,    0.0000000000E+00,    4.7712421437E+02,    4.7712421437E+02,    0.0000000000E+00,    0.0000000000E+00,    0.0000000000E+00,    4.7712421437E+02
    236250,      0.676973,CP7_after_upper_clamp,   1,    0.0000000000E+00,    4.7712421437E+02,    4.7712421437E+02,    0.0000000000E+00,    0.0000000000E+00,    0.0000000000E+00,    4.7712421437E+02
    236250,      0.676973,CP8_after_OBC,   1,    0.0000000000E+00,    4.7712421437E+02,    4.7712421437E+02,    0.0000000000E+00,    0.0000000000E+00,    0.0000000000E+00,    4.7712421437E+02
    236250,      0.676973,CP9_after_PTsource,   1,    0.0000000000E+00,    4.7712421437E+02,    4.7712421437E+02,    0.0000000000E+00,    0.0000000000E+00,    0.0000000000E+00,    4.7712421437E+02
    236250,      0.676973,CP10_after_neg_clamp,   1,    0.0000000000E+00,    4.7712421437E+02,    4.7712421437E+02,    0.0000000000E+00,    0.0000000000E+00,    0.0000000000E+00,    4.7712421437E+02
    236250,      0.676973,CP11_after_MPI,   1,    0.0000000000E+00,    4.7712421437E+02,    4.7712421437E+02,    0.0000000000E+00,    0.0000000000E+00,    0.0000000000E+00,    4.7712421437E+02
    236250,      0.676973,CP12_end,   1,    0.0000000000E+00,    4.7712421437E+02,    4.7712421437E+02,    0.0000000000E+00,    0.0000000000E+00,    0.0000000000E+00,    4.7712421437E+02
    236300,      0.676973,CP0_start,   1,    0.0000000000E+00,    4.7730810431E+02,    4.7730810431E+02,    0.0000000000E+00,    0.0000000000E+00,    0.0000000000E+00,    4.7730810431E+02
    236300,      0.676973,CP1_after_deposition,   1,    0.0000000000E+00,    4.7730810431E+02,    4.7730810431E+02,    0.0000000000E+00,    0.0000000000E+00,    0.0000000000E+00,    4.7730810431E+02
    236300,      0.676973,CP2_after_erosion,   1,    0.0000000000E+00,    4.7730810431E+02,    4.7730810431E+02,    0.0000000000E+00,    0.0000000000E+00,    0.0000000000E+00,    4.7730810431E+02
    236300,      0.676973,CP3_after_update_bottom,   1,    0.0000000000E+00,    4.7730810431E+02,    4.7730810431E+02,    0.0000000000E+00,    0.0000000000E+00,    0.0000000000E+00,    4.7730810431E+02
    236300,      0.676973,CP4_after_advection,   1,    0.0000000000E+00,    4.7732574263E+02,    4.7732574263E+02,    0.0000000000E+00,    0.0000000000E+00,    0.0000000000E+00,    4.7732574263E+02
    236300,      0.676973,CP5_after_vdif,   1,    0.0000000000E+00,    4.7732574263E+02,    4.7732574263E+02,    0.0000000000E+00,    0.0000000000E+00,    0.0000000000E+00,    4.7732574263E+02
    236300,      0.676973,CP6_after_kinetics,   1,    0.0000000000E+00,    4.7732574263E+02,    4.7732574263E+02,    0.0000000000E+00,    0.0000000000E+00,    0.0000000000E+00,    4.7732574263E+02
    236300,      0.676973,CP7_after_upper_clamp,   1,    0.0000000000E+00,    4.7732574263E+02,    4.7732574263E+02,    0.0000000000E+00,    0.0000000000E+00,    0.0000000000E+00,    4.7732574263E+02
    236300,      0.676973,CP8_after_OBC,   1,    0.0000000000E+00,    4.7732574263E+02,    4.7732574263E+02,    0.0000000000E+00,    0.0000000000E+00,    0.0000000000E+00,    4.7732574263E+02
    236300,      0.676973,CP9_after_PTsource,   1,    0.0000000000E+00,    4.7732574263E+02,    4.7732574263E+02,    0.0000000000E+00,    0.0000000000E+00,    0.0000000000E+00,    4.7732574263E+02
    236300,      0.676973,CP10_after_neg_clamp,   1,    0.0000000000E+00,    4.7732574263E+02,    4.7732574263E+02,    0.0000000000E+00,    0.0000000000E+00,    0.0000000000E+00,    4.7732574263E+02
    236300,      0.676973,CP11_after_MPI,   1,    0.0000000000E+00,    4.7732574263E+02,    4.7732574263E+02,    0.0000000000E+00,    0.0000000000E+00,    0.0000000000E+00,    4.7732574263E+02
    236300,      0.676973,CP12_end,   1,    0.0000000000E+00,    4.7732574263E+02,    4.7732574263E+02,    0.0000000000E+00,    0.0000000000E+00,    0.0000000000E+00,    4.7732574263E+02
    236350,      0.676973,CP0_start,   1,    0.0000000000E+00,    4.7750996544E+02,    4.7750996544E+02,    0.0000000000E+00,    0.0000000000E+00,    0.0000000000E+00,    4.7750996544E+02
    236350,      0.676973,CP1_after_deposition,   1,    0.0000000000E+00,    4.7750996544E+02,    4.7750996544E+02,    0.0000000000E+00,    0.0000000000E+00,    0.0000000000E+00,    4.7750996544E+02
    236350,      0.676973,CP2_after_erosion,   1,    0.0000000000E+00,    4.7750996544E+02,    4.7750996544E+02,    0.0000000000E+00,    0.0000000000E+00,    0.0000000000E+00,    4.7750996544E+02
    236350,      0.676973,CP3_after_update_bottom,   1,    0.0000000000E+00,    4.7750996544E+02,    4.7750996544E+02,    0.0000000000E+00,    0.0000000000E+00,    0.0000000000E+00,    4.7750996544E+02
    236350,      0.676973,CP4_after_advection,   1,    0.0000000000E+00,    4.7752755168E+02,    4.7752755168E+02,    0.0000000000E+00,    0.0000000000E+00,    0.0000000000E+00,    4.7752755168E+02
    236350,      0.676973,CP5_after_vdif,   1,    0.0000000000E+00,    4.7752755168E+02,    4.7752755168E+02,    0.0000000000E+00,    0.0000000000E+00,    0.0000000000E+00,    4.7752755168E+02
    236350,      0.676973,CP6_after_kinetics,   1,    0.0000000000E+00,    4.7752755168E+02,    4.7752755168E+02,    0.0000000000E+00,    0.0000000000E+00,    0.0000000000E+00,    4.7752755168E+02
    236350,      0.676973,CP7_after_upper_clamp,   1,    0.0000000000E+00,    4.7752755168E+02,    4.7752755168E+02,    0.0000000000E+00,    0.0000000000E+00,    0.0000000000E+00,    4.7752755168E+02
    236350,      0.676973,CP8_after_OBC,   1,    0.0000000000E+00,    4.7752755168E+02,    4.7752755168E+02,    0.0000000000E+00,    0.0000000000E+00,    0.0000000000E+00,    4.7752755168E+02
    236350,      0.676973,CP9_after_PTsource,   1,    0.0000000000E+00,    4.7752755168E+02,    4.7752755168E+02,    0.0000000000E+00,    0.0000000000E+00,    0.0000000000E+00,    4.7752755168E+02
    236350,      0.676973,CP10_after_neg_clamp,   1,    0.0000000000E+00,    4.7752755168E+02,    4.7752755168E+02,    0.0000000000E+00,    0.0000000000E+00,    0.0000000000E+00,    4.7752755168E+02
    236350,      0.676973,CP11_after_MPI,   1,    0.0000000000E+00,    4.7752755168E+02,    4.7752755168E+02,    0.0000000000E+00,    0.0000000000E+00,    0.0000000000E+00,    4.7752755168E+02
    236350,      0.676973,CP12_end,   1,    0.0000000000E+00,    4.7752755168E+02,    4.7752755168E+02,    0.0000000000E+00,    0.0000000000E+00,    0.0000000000E+00,    4.7752755168E+02
    236400,      0.676973,CP0_start,   1,    0.0000000000E+00,    4.7771197795E+02,    4.7771197795E+02,    0.0000000000E+00,    0.0000000000E+00,    0.0000000000E+00,    4.7771197795E+02
    236400,      0.676973,CP1_after_deposition,   1,    0.0000000000E+00,    4.7771197795E+02,    4.7771197795E+02,    0.0000000000E+00,    0.0000000000E+00,    0.0000000000E+00,    4.7771197795E+02
    236400,      0.676973,CP2_after_erosion,   1,    0.0000000000E+00,    4.7771197795E+02,    4.7771197795E+02,    0.0000000000E+00,    0.0000000000E+00,    0.0000000000E+00,    4.7771197795E+02
    236400,      0.676973,CP3_after_update_bottom,   1,    0.0000000000E+00,    4.7771197795E+02,    4.7771197795E+02,    0.0000000000E+00,    0.0000000000E+00,    0.0000000000E+00,    4.7771197795E+02
    236400,      0.676973,CP4_after_advection,   1,    0.0000000000E+00,    4.7772950818E+02,    4.7772950818E+02,    0.0000000000E+00,    0.0000000000E+00,    0.0000000000E+00,    4.7772950818E+02
    236400,      0.676973,CP5_after_vdif,   1,    0.0000000000E+00,    4.7772950818E+02,    4.7772950818E+02,    0.0000000000E+00,    0.0000000000E+00,    0.0000000000E+00,    4.7772950818E+02
    236400,      0.676973,CP6_after_kinetics,   1,    0.0000000000E+00,    4.7772950818E+02,    4.7772950818E+02,    0.0000000000E+00,    0.0000000000E+00,    0.0000000000E+00,    4.7772950818E+02
    236400,      0.676973,CP7_after_upper_clamp,   1,    0.0000000000E+00,    4.7772950818E+02,    4.7772950818E+02,    0.0000000000E+00,    0.0000000000E+00,    0.0000000000E+00,    4.7772950818E+02
    236400,      0.676973,CP8_after_OBC,   1,    0.0000000000E+00,    4.7772950818E+02,    4.7772950818E+02,    0.0000000000E+00,    0.0000000000E+00,    0.0000000000E+00,    4.7772950818E+02
    236400,      0.676973,CP9_after_PTsource,   1,    0.0000000000E+00,    4.7772950818E+02,    4.7772950818E+02,    0.0000000000E+00,    0.0000000000E+00,    0.0000000000E+00,    4.7772950818E+02
    236400,      0.676973,CP10_after_neg_clamp,   1,    0.0000000000E+00,    4.7772950818E+02,    4.7772950818E+02,    0.0000000000E+00,    0.0000000000E+00,    0.0000000000E+00,    4.7772950818E+02
    236400,      0.676973,CP11_after_MPI,   1,    0.0000000000E+00,    4.7772950818E+02,    4.7772950818E+02,    0.0000000000E+00,    0.0000000000E+00,    0.0000000000E+00,    4.7772950818E+02
    236400,      0.676973,CP12_end,   1,    0.0000000000E+00,    4.7772950818E+02,    4.7772950818E+02,    0.0000000000E+00,    0.0000000000E+00,    0.0000000000E+00,    4.7772950818E+02
    236450,      0.676973,CP0_start,   1,    0.0000000000E+00,    4.7791406101E+02,    4.7791406101E+02,    0.0000000000E+00,    0.0000000000E+00,    0.0000000000E+00,    4.7791406101E+02
    236450,      0.676973,CP1_after_deposition,   1,    0.0000000000E+00,    4.7791406101E+02,    4.7791406101E+02,    0.0000000000E+00,    0.0000000000E+00,    0.0000000000E+00,    4.7791406101E+02
    236450,      0.676973,CP2_after_erosion,   1,    0.0000000000E+00,    4.7791406101E+02,    4.7791406101E+02,    0.0000000000E+00,    0.0000000000E+00,    0.0000000000E+00,    4.7791406101E+02
    236450,      0.676973,CP3_after_update_bottom,   1,    0.0000000000E+00,    4.7791406101E+02,    4.7791406101E+02,    0.0000000000E+00,    0.0000000000E+00,    0.0000000000E+00,    4.7791406101E+02
    236450,      0.676973,CP4_after_advection,   1,    0.0000000000E+00,    4.7793153918E+02,    4.7793153918E+02,    0.0000000000E+00,    0.0000000000E+00,    0.0000000000E+00,    4.7793153918E+02
    236450,      0.676973,CP5_after_vdif,   1,    0.0000000000E+00,    4.7793153918E+02,    4.7793153918E+02,    0.0000000000E+00,    0.0000000000E+00,    0.0000000000E+00,    4.7793153918E+02
    236450,      0.676973,CP6_after_kinetics,   1,    0.0000000000E+00,    4.7793153918E+02,    4.7793153918E+02,    0.0000000000E+00,    0.0000000000E+00,    0.0000000000E+00,    4.7793153918E+02
    236450,      0.676973,CP7_after_upper_clamp,   1,    0.0000000000E+00,    4.7793153918E+02,    4.7793153918E+02,    0.0000000000E+00,    0.0000000000E+00,    0.0000000000E+00,    4.7793153918E+02
    236450,      0.676973,CP8_after_OBC,   1,    0.0000000000E+00,    4.7793153918E+02,    4.7793153918E+02,    0.0000000000E+00,    0.0000000000E+00,    0.0000000000E+00,    4.7793153918E+02
    236450,      0.676973,CP9_after_PTsource,   1,    0.0000000000E+00,    4.7793153918E+02,    4.7793153918E+02,    0.0000000000E+00,    0.0000000000E+00,    0.0000000000E+00,    4.7793153918E+02
    236450,      0.676973,CP10_after_neg_clamp,   1,    0.0000000000E+00,    4.7793153918E+02,    4.7793153918E+02,    0.0000000000E+00,    0.0000000000E+00,    0.0000000000E+00,    4.7793153918E+02
    236450,      0.676973,CP11_after_MPI,   1,    0.0000000000E+00,    4.7793153918E+02,    4.7793153918E+02,    0.0000000000E+00,    0.0000000000E+00,    0.0000000000E+00,    4.7793153918E+02
    236450,      0.676973,CP12_end,   1,    0.0000000000E+00,    4.7793153918E+02,    4.7793153918E+02,    0.0000000000E+00,    0.0000000000E+00,    0.0000000000E+00,    4.7793153918E+02
    236500,      0.676973,CP0_start,   1,    0.0000000000E+00,    4.7811627869E+02,    4.7811627869E+02,    0.0000000000E+00,    0.0000000000E+00,    0.0000000000E+00,    4.7811627869E+02
    236500,      0.676973,CP1_after_deposition,   1,    0.0000000000E+00,    4.7811627869E+02,    4.7811627869E+02,    0.0000000000E+00,    0.0000000000E+00,    0.0000000000E+00,    4.7811627869E+02
    236500,      0.676973,CP2_after_erosion,   1,    0.0000000000E+00,    4.7811627869E+02,    4.7811627869E+02,    0.0000000000E+00,    0.0000000000E+00,    0.0000000000E+00,    4.7811627869E+02
    236500,      0.676973,CP3_after_update_bottom,   1,    0.0000000000E+00,    4.7811627869E+02,    4.7811627869E+02,    0.0000000000E+00,    0.0000000000E+00,    0.0000000000E+00,    4.7811627869E+02
    236500,      0.676973,CP4_after_advection,   1,    0.0000000000E+00,    4.7813370449E+02,    4.7813370449E+02,    0.0000000000E+00,    0.0000000000E+00,    0.0000000000E+00,    4.7813370449E+02
    236500,      0.676973,CP5_after_vdif,   1,    0.0000000000E+00,    4.7813370449E+02,    4.7813370449E+02,    0.0000000000E+00,    0.0000000000E+00,    0.0000000000E+00,    4.7813370449E+02
    236500,      0.676973,CP6_after_kinetics,   1,    0.0000000000E+00,    4.7813370449E+02,    4.7813370449E+02,    0.0000000000E+00,    0.0000000000E+00,    0.0000000000E+00,    4.7813370449E+02
    236500,      0.676973,CP7_after_upper_clamp,   1,    0.0000000000E+00,    4.7813370449E+02,    4.7813370449E+02,    0.0000000000E+00,    0.0000000000E+00,    0.0000000000E+00,    4.7813370449E+02
    236500,      0.676973,CP8_after_OBC,   1,    0.0000000000E+00,    4.7813370449E+02,    4.7813370449E+02,    0.0000000000E+00,    0.0000000000E+00,    0.0000000000E+00,    4.7813370449E+02
    236500,      0.676973,CP9_after_PTsource,   1,    0.0000000000E+00,    4.7813370449E+02,    4.7813370449E+02,    0.0000000000E+00,    0.0000000000E+00,    0.0000000000E+00,    4.7813370449E+02
    236500,      0.676973,CP10_after_neg_clamp,   1,    0.0000000000E+00,    4.7813370449E+02,    4.7813370449E+02,    0.0000000000E+00,    0.0000000000E+00,    0.0000000000E+00,    4.7813370449E+02
    236500,      0.676973,CP11_after_MPI,   1,    0.0000000000E+00,    4.7813370449E+02,    4.7813370449E+02,    0.0000000000E+00,    0.0000000000E+00,    0.0000000000E+00,    4.7813370449E+02
    236500,      0.676973,CP12_end,   1,    0.0000000000E+00,    4.7813370449E+02,    4.7813370449E+02,    0.0000000000E+00,    0.0000000000E+00,    0.0000000000E+00,    4.7813370449E+02
    236550,      0.676973,CP0_start,   1,    0.0000000000E+00,    4.7831858863E+02,    4.7831858863E+02,    0.0000000000E+00,    0.0000000000E+00,    0.0000000000E+00,    4.7831858863E+02
    236550,      0.676973,CP1_after_deposition,   1,    0.0000000000E+00,    4.7831858863E+02,    4.7831858863E+02,    0.0000000000E+00,    0.0000000000E+00,    0.0000000000E+00,    4.7831858863E+02
    236550,      0.676973,CP2_after_erosion,   1,    0.0000000000E+00,    4.7831858863E+02,    4.7831858863E+02,    0.0000000000E+00,    0.0000000000E+00,    0.0000000000E+00,    4.7831858863E+02
    236550,      0.676973,CP3_after_update_bottom,   1,    0.0000000000E+00,    4.7831858863E+02,    4.7831858863E+02,    0.0000000000E+00,    0.0000000000E+00,    0.0000000000E+00,    4.7831858863E+02
    236550,      0.676973,CP4_after_advection,   1,    0.0000000000E+00,    4.7833595897E+02,    4.7833595897E+02,    0.0000000000E+00,    0.0000000000E+00,    0.0000000000E+00,    4.7833595897E+02
    236550,      0.676973,CP5_after_vdif,   1,    0.0000000000E+00,    4.7833595897E+02,    4.7833595897E+02,    0.0000000000E+00,    0.0000000000E+00,    0.0000000000E+00,    4.7833595897E+02
    236550,      0.676973,CP6_after_kinetics,   1,    0.0000000000E+00,    4.7833595897E+02,    4.7833595897E+02,    0.0000000000E+00,    0.0000000000E+00,    0.0000000000E+00,    4.7833595897E+02
    236550,      0.676973,CP7_after_upper_clamp,   1,    0.0000000000E+00,    4.7833595897E+02,    4.7833595897E+02,    0.0000000000E+00,    0.0000000000E+00,    0.0000000000E+00,    4.7833595897E+02
    236550,      0.676973,CP8_after_OBC,   1,    0.0000000000E+00,    4.7833595897E+02,    4.7833595897E+02,    0.0000000000E+00,    0.0000000000E+00,    0.0000000000E+00,    4.7833595897E+02
    236550,      0.676973,CP9_after_PTsource,   1,    0.0000000000E+00,    4.7833595897E+02,    4.7833595897E+02,    0.0000000000E+00,    0.0000000000E+00,    0.0000000000E+00,    4.7833595897E+02
    236550,      0.676973,CP10_after_neg_clamp,   1,    0.0000000000E+00,    4.7833595897E+02,    4.7833595897E+02,    0.0000000000E+00,    0.0000000000E+00,    0.0000000000E+00,    4.7833595897E+02
    236550,      0.676973,CP11_after_MPI,   1,    0.0000000000E+00,    4.7833595897E+02,    4.7833595897E+02,    0.0000000000E+00,    0.0000000000E+00,    0.0000000000E+00,    4.7833595897E+02
    236550,      0.676973,CP12_end,   1,    0.0000000000E+00,    4.7833595897E+02,    4.7833595897E+02,    0.0000000000E+00,    0.0000000000E+00,    0.0000000000E+00,    4.7833595897E+02
    236600,      0.676973,CP0_start,   1,    0.0000000000E+00,    4.7852100359E+02,    4.7852100359E+02,    0.0000000000E+00,    0.0000000000E+00,    0.0000000000E+00,    4.7852100359E+02
    236600,      0.676973,CP1_after_deposition,   1,    0.0000000000E+00,    4.7852100359E+02,    4.7852100359E+02,    0.0000000000E+00,    0.0000000000E+00,    0.0000000000E+00,    4.7852100359E+02
    236600,      0.676973,CP2_after_erosion,   1,    0.0000000000E+00,    4.7852100359E+02,    4.7852100359E+02,    0.0000000000E+00,    0.0000000000E+00,    0.0000000000E+00,    4.7852100359E+02
    236600,      0.676973,CP3_after_update_bottom,   1,    0.0000000000E+00,    4.7852100359E+02,    4.7852100359E+02,    0.0000000000E+00,    0.0000000000E+00,    0.0000000000E+00,    4.7852100359E+02
    236600,      0.676973,CP4_after_advection,   1,    0.0000000000E+00,    4.7853831783E+02,    4.7853831783E+02,    0.0000000000E+00,    0.0000000000E+00,    0.0000000000E+00,    4.7853831783E+02
    236600,      0.676973,CP5_after_vdif,   1,    0.0000000000E+00,    4.7853831783E+02,    4.7853831783E+02,    0.0000000000E+00,    0.0000000000E+00,    0.0000000000E+00,    4.7853831783E+02
    236600,      0.676973,CP6_after_kinetics,   1,    0.0000000000E+00,    4.7853831783E+02,    4.7853831783E+02,    0.0000000000E+00,    0.0000000000E+00,    0.0000000000E+00,    4.7853831783E+02
    236600,      0.676973,CP7_after_upper_clamp,   1,    0.0000000000E+00,    4.7853831783E+02,    4.7853831783E+02,    0.0000000000E+00,    0.0000000000E+00,    0.0000000000E+00,    4.7853831783E+02
    236600,      0.676973,CP8_after_OBC,   1,    0.0000000000E+00,    4.7853831783E+02,    4.7853831783E+02,    0.0000000000E+00,    0.0000000000E+00,    0.0000000000E+00,    4.7853831783E+02
    236600,      0.676973,CP9_after_PTsource,   1,    0.0000000000E+00,    4.7853831783E+02,    4.7853831783E+02,    0.0000000000E+00,    0.0000000000E+00,    0.0000000000E+00,    4.7853831783E+02
    236600,      0.676973,CP10_after_neg_clamp,   1,    0.0000000000E+00,    4.7853831783E+02,    4.7853831783E+02,    0.0000000000E+00,    0.0000000000E+00,    0.0000000000E+00,    4.7853831783E+02
    236600,      0.676973,CP11_after_MPI,   1,    0.0000000000E+00,    4.7853831783E+02,    4.7853831783E+02,    0.0000000000E+00,    0.0000000000E+00,    0.0000000000E+00,    4.7853831783E+02
    236600,      0.676973,CP12_end,   1,    0.0000000000E+00,    4.7853831783E+02,    4.7853831783E+02,    0.0000000000E+00,    0.0000000000E+00,    0.0000000000E+00,    4.7853831783E+02
    236650,      0.676973,CP0_start,   1,    0.0000000000E+00,    4.7872364587E+02,    4.7872364587E+02,    0.0000000000E+00,    0.0000000000E+00,    0.0000000000E+00,    4.7872364587E+02
    236650,      0.676973,CP1_after_deposition,   1,    0.0000000000E+00,    4.7872364587E+02,    4.7872364587E+02,    0.0000000000E+00,    0.0000000000E+00,    0.0000000000E+00,    4.7872364587E+02
    236650,      0.676973,CP2_after_erosion,   1,    0.0000000000E+00,    4.7872364587E+02,    4.7872364587E+02,    0.0000000000E+00,    0.0000000000E+00,    0.0000000000E+00,    4.7872364587E+02
    236650,      0.676973,CP3_after_update_bottom,   1,    0.0000000000E+00,    4.7872364587E+02,    4.7872364587E+02,    0.0000000000E+00,    0.0000000000E+00,    0.0000000000E+00,    4.7872364587E+02
    236650,      0.676973,CP4_after_advection,   1,    0.0000000000E+00,    4.7874090912E+02,    4.7874090912E+02,    0.0000000000E+00,    0.0000000000E+00,    0.0000000000E+00,    4.7874090912E+02
    236650,      0.676973,CP5_after_vdif,   1,    0.0000000000E+00,    4.7874090912E+02,    4.7874090912E+02,    0.0000000000E+00,    0.0000000000E+00,    0.0000000000E+00,    4.7874090912E+02
    236650,      0.676973,CP6_after_kinetics,   1,    0.0000000000E+00,    4.7874090912E+02,    4.7874090912E+02,    0.0000000000E+00,    0.0000000000E+00,    0.0000000000E+00,    4.7874090912E+02
    236650,      0.676973,CP7_after_upper_clamp,   1,    0.0000000000E+00,    4.7874090912E+02,    4.7874090912E+02,    0.0000000000E+00,    0.0000000000E+00,    0.0000000000E+00,    4.7874090912E+02
    236650,      0.676973,CP8_after_OBC,   1,    0.0000000000E+00,    4.7874090912E+02,    4.7874090912E+02,    0.0000000000E+00,    0.0000000000E+00,    0.0000000000E+00,    4.7874090912E+02
    236650,      0.676973,CP9_after_PTsource,   1,    0.0000000000E+00,    4.7874090912E+02,    4.7874090912E+02,    0.0000000000E+00,    0.0000000000E+00,    0.0000000000E+00,    4.7874090912E+02
    236650,      0.676973,CP10_after_neg_clamp,   1,    0.0000000000E+00,    4.7874090912E+02,    4.7874090912E+02,    0.0000000000E+00,    0.0000000000E+00,    0.0000000000E+00,    4.7874090912E+02
    236650,      0.676973,CP11_after_MPI,   1,    0.0000000000E+00,    4.7874090912E+02,    4.7874090912E+02,    0.0000000000E+00,    0.0000000000E+00,    0.0000000000E+00,    4.7874090912E+02
    236650,      0.676973,CP12_end,   1,    0.0000000000E+00,    4.7874090912E+02,    4.7874090912E+02,    0.0000000000E+00,    0.0000000000E+00,    0.0000000000E+00,    4.7874090912E+02
    236700,      0.676973,CP0_start,   1,    0.0000000000E+00,    4.7892657540E+02,    4.7892657540E+02,    0.0000000000E+00,    0.0000000000E+00,    0.0000000000E+00,    4.7892657540E+02
    236700,      0.676973,CP1_after_deposition,   1,    0.0000000000E+00,    4.7892657540E+02,    4.7892657540E+02,    0.0000000000E+00,    0.0000000000E+00,    0.0000000000E+00,    4.7892657540E+02
    236700,      0.676973,CP2_after_erosion,   1,    0.0000000000E+00,    4.7892657540E+02,    4.7892657540E+02,    0.0000000000E+00,    0.0000000000E+00,    0.0000000000E+00,    4.7892657540E+02
    236700,      0.676973,CP3_after_update_bottom,   1,    0.0000000000E+00,    4.7892657540E+02,    4.7892657540E+02,    0.0000000000E+00,    0.0000000000E+00,    0.0000000000E+00,    4.7892657540E+02
    236700,      0.676973,CP4_after_advection,   1,    0.0000000000E+00,    4.7894379056E+02,    4.7894379056E+02,    0.0000000000E+00,    0.0000000000E+00,    0.0000000000E+00,    4.7894379056E+02
    236700,      0.676973,CP5_after_vdif,   1,    0.0000000000E+00,    4.7894379056E+02,    4.7894379056E+02,    0.0000000000E+00,    0.0000000000E+00,    0.0000000000E+00,    4.7894379056E+02
    236700,      0.676973,CP6_after_kinetics,   1,    0.0000000000E+00,    4.7894379056E+02,    4.7894379056E+02,    0.0000000000E+00,    0.0000000000E+00,    0.0000000000E+00,    4.7894379056E+02
    236700,      0.676973,CP7_after_upper_clamp,   1,    0.0000000000E+00,    4.7894379056E+02,    4.7894379056E+02,    0.0000000000E+00,    0.0000000000E+00,    0.0000000000E+00,    4.7894379056E+02
    236700,      0.676973,CP8_after_OBC,   1,    0.0000000000E+00,    4.7894379056E+02,    4.7894379056E+02,    0.0000000000E+00,    0.0000000000E+00,    0.0000000000E+00,    4.7894379056E+02
    236700,      0.676973,CP9_after_PTsource,   1,    0.0000000000E+00,    4.7894379056E+02,    4.7894379056E+02,    0.0000000000E+00,    0.0000000000E+00,    0.0000000000E+00,    4.7894379056E+02
    236700,      0.676973,CP10_after_neg_clamp,   1,    0.0000000000E+00,    4.7894379056E+02,    4.7894379056E+02,    0.0000000000E+00,    0.0000000000E+00,    0.0000000000E+00,    4.7894379056E+02
    236700,      0.676973,CP11_after_MPI,   1,    0.0000000000E+00,    4.7894379056E+02,    4.7894379056E+02,    0.0000000000E+00,    0.0000000000E+00,    0.0000000000E+00,    4.7894379056E+02
    236700,      0.676973,CP12_end,   1,    0.0000000000E+00,    4.7894379056E+02,    4.7894379056E+02,    0.0000000000E+00,    0.0000000000E+00,    0.0000000000E+00,    4.7894379056E+02
    236750,      0.676973,CP0_start,   1,    0.0000000000E+00,    4.7912846138E+02,    4.7912846138E+02,    0.0000000000E+00,    0.0000000000E+00,    0.0000000000E+00,    4.7912846138E+02
    236750,      0.676973,CP1_after_deposition,   1,    0.0000000000E+00,    4.7912846138E+02,    4.7912846138E+02,    0.0000000000E+00,    0.0000000000E+00,    0.0000000000E+00,    4.7912846138E+02
    236750,      0.676973,CP2_after_erosion,   1,    0.0000000000E+00,    4.7912846138E+02,    4.7912846138E+02,    0.0000000000E+00,    0.0000000000E+00,    0.0000000000E+00,    4.7912846138E+02
    236750,      0.676973,CP3_after_update_bottom,   1,    0.0000000000E+00,    4.7912846138E+02,    4.7912846138E+02,    0.0000000000E+00,    0.0000000000E+00,    0.0000000000E+00,    4.7912846138E+02
    236750,      0.676973,CP4_after_advection,   1,    0.0000000000E+00,    4.7914562780E+02,    4.7914562780E+02,    0.0000000000E+00,    0.0000000000E+00,    0.0000000000E+00,    4.7914562780E+02
    236750,      0.676973,CP5_after_vdif,   1,    0.0000000000E+00,    4.7914562780E+02,    4.7914562780E+02,    0.0000000000E+00,    0.0000000000E+00,    0.0000000000E+00,    4.7914562780E+02
    236750,      0.676973,CP6_after_kinetics,   1,    0.0000000000E+00,    4.7914562780E+02,    4.7914562780E+02,    0.0000000000E+00,    0.0000000000E+00,    0.0000000000E+00,    4.7914562780E+02
    236750,      0.676973,CP7_after_upper_clamp,   1,    0.0000000000E+00,    4.7914562780E+02,    4.7914562780E+02,    0.0000000000E+00,    0.0000000000E+00,    0.0000000000E+00,    4.7914562780E+02
    236750,      0.676973,CP8_after_OBC,   1,    0.0000000000E+00,    4.7914562780E+02,    4.7914562780E+02,    0.0000000000E+00,    0.0000000000E+00,    0.0000000000E+00,    4.7914562780E+02
    236750,      0.676973,CP9_after_PTsource,   1,    0.0000000000E+00,    4.7914562780E+02,    4.7914562780E+02,    0.0000000000E+00,    0.0000000000E+00,    0.0000000000E+00,    4.7914562780E+02
    236750,      0.676973,CP10_after_neg_clamp,   1,    0.0000000000E+00,    4.7914562780E+02,    4.7914562780E+02,    0.0000000000E+00,    0.0000000000E+00,    0.0000000000E+00,    4.7914562780E+02
    236750,      0.676973,CP11_after_MPI,   1,    0.0000000000E+00,    4.7914562780E+02,    4.7914562780E+02,    0.0000000000E+00,    0.0000000000E+00,    0.0000000000E+00,    4.7914562780E+02
    236750,      0.676973,CP12_end,   1,    0.0000000000E+00,    4.7914562780E+02,    4.7914562780E+02,    0.0000000000E+00,    0.0000000000E+00,    0.0000000000E+00,    4.7914562780E+02
    236800,      0.676973,CP0_start,   1,    0.0000000000E+00,    4.7933057471E+02,    4.7933057471E+02,    0.0000000000E+00,    0.0000000000E+00,    0.0000000000E+00,    4.7933057471E+02
    236800,      0.676973,CP1_after_deposition,   1,    0.0000000000E+00,    4.7933057471E+02,    4.7933057471E+02,    0.0000000000E+00,    0.0000000000E+00,    0.0000000000E+00,    4.7933057471E+02
    236800,      0.676973,CP2_after_erosion,   1,    0.0000000000E+00,    4.7933057471E+02,    4.7933057471E+02,    0.0000000000E+00,    0.0000000000E+00,    0.0000000000E+00,    4.7933057471E+02
    236800,      0.676973,CP3_after_update_bottom,   1,    0.0000000000E+00,    4.7933057471E+02,    4.7933057471E+02,    0.0000000000E+00,    0.0000000000E+00,    0.0000000000E+00,    4.7933057471E+02
    236800,      0.676973,CP4_after_advection,   1,    0.0000000000E+00,    4.7934768889E+02,    4.7934768889E+02,    0.0000000000E+00,    0.0000000000E+00,    0.0000000000E+00,    4.7934768889E+02
    236800,      0.676973,CP5_after_vdif,   1,    0.0000000000E+00,    4.7934768889E+02,    4.7934768889E+02,    0.0000000000E+00,    0.0000000000E+00,    0.0000000000E+00,    4.7934768889E+02
    236800,      0.676973,CP6_after_kinetics,   1,    0.0000000000E+00,    4.7934768889E+02,    4.7934768889E+02,    0.0000000000E+00,    0.0000000000E+00,    0.0000000000E+00,    4.7934768889E+02
    236800,      0.676973,CP7_after_upper_clamp,   1,    0.0000000000E+00,    4.7934768889E+02,    4.7934768889E+02,    0.0000000000E+00,    0.0000000000E+00,    0.0000000000E+00,    4.7934768889E+02
    236800,      0.676973,CP8_after_OBC,   1,    0.0000000000E+00,    4.7934768889E+02,    4.7934768889E+02,    0.0000000000E+00,    0.0000000000E+00,    0.0000000000E+00,    4.7934768889E+02
    236800,      0.676973,CP9_after_PTsource,   1,    0.0000000000E+00,    4.7934768889E+02,    4.7934768889E+02,    0.0000000000E+00,    0.0000000000E+00,    0.0000000000E+00,    4.7934768889E+02
    236800,      0.676973,CP10_after_neg_clamp,   1,    0.0000000000E+00,    4.7934768889E+02,    4.7934768889E+02,    0.0000000000E+00,    0.0000000000E+00,    0.0000000000E+00,    4.7934768889E+02
    236800,      0.676973,CP11_after_MPI,   1,    0.0000000000E+00,    4.7934768889E+02,    4.7934768889E+02,    0.0000000000E+00,    0.0000000000E+00,    0.0000000000E+00,    4.7934768889E+02
    236800,      0.676973,CP12_end,   1,    0.0000000000E+00,    4.7934768889E+02,    4.7934768889E+02,    0.0000000000E+00,    0.0000000000E+00,    0.0000000000E+00,    4.7934768889E+02
    236850,      0.676973,CP0_start,   1,    0.0000000000E+00,    4.7953302861E+02,    4.7953302861E+02,    0.0000000000E+00,    0.0000000000E+00,    0.0000000000E+00,    4.7953302861E+02
    236850,      0.676973,CP1_after_deposition,   1,    0.0000000000E+00,    4.7953302861E+02,    4.7953302861E+02,    0.0000000000E+00,    0.0000000000E+00,    0.0000000000E+00,    4.7953302861E+02
    236850,      0.676973,CP2_after_erosion,   1,    0.0000000000E+00,    4.7953302861E+02,    4.7953302861E+02,    0.0000000000E+00,    0.0000000000E+00,    0.0000000000E+00,    4.7953302861E+02
    236850,      0.676973,CP3_after_update_bottom,   1,    0.0000000000E+00,    4.7953302861E+02,    4.7953302861E+02,    0.0000000000E+00,    0.0000000000E+00,    0.0000000000E+00,    4.7953302861E+02
    236850,      0.676973,CP4_after_advection,   1,    0.0000000000E+00,    4.7955009742E+02,    4.7955009742E+02,    0.0000000000E+00,    0.0000000000E+00,    0.0000000000E+00,    4.7955009742E+02
    236850,      0.676973,CP5_after_vdif,   1,    0.0000000000E+00,    4.7955009742E+02,    4.7955009742E+02,    0.0000000000E+00,    0.0000000000E+00,    0.0000000000E+00,    4.7955009742E+02
    236850,      0.676973,CP6_after_kinetics,   1,    0.0000000000E+00,    4.7955009742E+02,    4.7955009742E+02,    0.0000000000E+00,    0.0000000000E+00,    0.0000000000E+00,    4.7955009742E+02
    236850,      0.676973,CP7_after_upper_clamp,   1,    0.0000000000E+00,    4.7955009742E+02,    4.7955009742E+02,    0.0000000000E+00,    0.0000000000E+00,    0.0000000000E+00,    4.7955009742E+02
    236850,      0.676973,CP8_after_OBC,   1,    0.0000000000E+00,    4.7955009742E+02,    4.7955009742E+02,    0.0000000000E+00,    0.0000000000E+00,    0.0000000000E+00,    4.7955009742E+02
    236850,      0.676973,CP9_after_PTsource,   1,    0.0000000000E+00,    4.7955009742E+02,    4.7955009742E+02,    0.0000000000E+00,    0.0000000000E+00,    0.0000000000E+00,    4.7955009742E+02
    236850,      0.676973,CP10_after_neg_clamp,   1,    0.0000000000E+00,    4.7955009742E+02,    4.7955009742E+02,    0.0000000000E+00,    0.0000000000E+00,    0.0000000000E+00,    4.7955009742E+02
    236850,      0.676973,CP11_after_MPI,   1,    0.0000000000E+00,    4.7955009742E+02,    4.7955009742E+02,    0.0000000000E+00,    0.0000000000E+00,    0.0000000000E+00,    4.7955009742E+02
    236850,      0.676973,CP12_end,   1,    0.0000000000E+00,    4.7955009742E+02,    4.7955009742E+02,    0.0000000000E+00,    0.0000000000E+00,    0.0000000000E+00,    4.7955009742E+02
    236900,      0.676973,CP0_start,   1,    0.0000000000E+00,    4.7973599487E+02,    4.7973599487E+02,    0.0000000000E+00,    0.0000000000E+00,    0.0000000000E+00,    4.7973599487E+02
    236900,      0.676973,CP1_after_deposition,   1,    0.0000000000E+00,    4.7973599487E+02,    4.7973599487E+02,    0.0000000000E+00,    0.0000000000E+00,    0.0000000000E+00,    4.7973599487E+02
    236900,      0.676973,CP2_after_erosion,   1,    0.0000000000E+00,    4.7973599487E+02,    4.7973599487E+02,    0.0000000000E+00,    0.0000000000E+00,    0.0000000000E+00,    4.7973599487E+02
    236900,      0.676973,CP3_after_update_bottom,   1,    0.0000000000E+00,    4.7973599487E+02,    4.7973599487E+02,    0.0000000000E+00,    0.0000000000E+00,    0.0000000000E+00,    4.7973599487E+02
    236900,      0.676973,CP4_after_advection,   1,    0.0000000000E+00,    4.7975301318E+02,    4.7975301318E+02,    0.0000000000E+00,    0.0000000000E+00,    0.0000000000E+00,    4.7975301318E+02
    236900,      0.676973,CP5_after_vdif,   1,    0.0000000000E+00,    4.7975301318E+02,    4.7975301318E+02,    0.0000000000E+00,    0.0000000000E+00,    0.0000000000E+00,    4.7975301318E+02
    236900,      0.676973,CP6_after_kinetics,   1,    0.0000000000E+00,    4.7975301318E+02,    4.7975301318E+02,    0.0000000000E+00,    0.0000000000E+00,    0.0000000000E+00,    4.7975301318E+02
    236900,      0.676973,CP7_after_upper_clamp,   1,    0.0000000000E+00,    4.7975301318E+02,    4.7975301318E+02,    0.0000000000E+00,    0.0000000000E+00,    0.0000000000E+00,    4.7975301318E+02
    236900,      0.676973,CP8_after_OBC,   1,    0.0000000000E+00,    4.7975301318E+02,    4.7975301318E+02,    0.0000000000E+00,    0.0000000000E+00,    0.0000000000E+00,    4.7975301318E+02
    236900,      0.676973,CP9_after_PTsource,   1,    0.0000000000E+00,    4.7975301318E+02,    4.7975301318E+02,    0.0000000000E+00,    0.0000000000E+00,    0.0000000000E+00,    4.7975301318E+02
    236900,      0.676973,CP10_after_neg_clamp,   1,    0.0000000000E+00,    4.7975301318E+02,    4.7975301318E+02,    0.0000000000E+00,    0.0000000000E+00,    0.0000000000E+00,    4.7975301318E+02
    236900,      0.676973,CP11_after_MPI,   1,    0.0000000000E+00,    4.7975301318E+02,    4.7975301318E+02,    0.0000000000E+00,    0.0000000000E+00,    0.0000000000E+00,    4.7975301318E+02
    236900,      0.676973,CP12_end,   1,    0.0000000000E+00,    4.7975301318E+02,    4.7975301318E+02,    0.0000000000E+00,    0.0000000000E+00,    0.0000000000E+00,    4.7975301318E+02
    236950,      0.676973,CP0_start,   1,    0.0000000000E+00,    4.7993949747E+02,    4.7993949747E+02,    0.0000000000E+00,    0.0000000000E+00,    0.0000000000E+00,    4.7993949747E+02
    236950,      0.676973,CP1_after_deposition,   1,    0.0000000000E+00,    4.7993949747E+02,    4.7993949747E+02,    0.0000000000E+00,    0.0000000000E+00,    0.0000000000E+00,    4.7993949747E+02
    236950,      0.676973,CP2_after_erosion,   1,    0.0000000000E+00,    4.7993949747E+02,    4.7993949747E+02,    0.0000000000E+00,    0.0000000000E+00,    0.0000000000E+00,    4.7993949747E+02
    236950,      0.676973,CP3_after_update_bottom,   1,    0.0000000000E+00,    4.7993949747E+02,    4.7993949747E+02,    0.0000000000E+00,    0.0000000000E+00,    0.0000000000E+00,    4.7993949747E+02
    236950,      0.676973,CP4_after_advection,   1,    0.0000000000E+00,    4.7995647043E+02,    4.7995647043E+02,    0.0000000000E+00,    0.0000000000E+00,    0.0000000000E+00,    4.7995647043E+02
    236950,      0.676973,CP5_after_vdif,   1,    0.0000000000E+00,    4.7995647043E+02,    4.7995647043E+02,    0.0000000000E+00,    0.0000000000E+00,    0.0000000000E+00,    4.7995647043E+02
    236950,      0.676973,CP6_after_kinetics,   1,    0.0000000000E+00,    4.7995647043E+02,    4.7995647043E+02,    0.0000000000E+00,    0.0000000000E+00,    0.0000000000E+00,    4.7995647043E+02
    236950,      0.676973,CP7_after_upper_clamp,   1,    0.0000000000E+00,    4.7995647043E+02,    4.7995647043E+02,    0.0000000000E+00,    0.0000000000E+00,    0.0000000000E+00,    4.7995647043E+02
    236950,      0.676973,CP8_after_OBC,   1,    0.0000000000E+00,    4.7995647043E+02,    4.7995647043E+02,    0.0000000000E+00,    0.0000000000E+00,    0.0000000000E+00,    4.7995647043E+02
    236950,      0.676973,CP9_after_PTsource,   1,    0.0000000000E+00,    4.7995647043E+02,    4.7995647043E+02,    0.0000000000E+00,    0.0000000000E+00,    0.0000000000E+00,    4.7995647043E+02
    236950,      0.676973,CP10_after_neg_clamp,   1,    0.0000000000E+00,    4.7995647043E+02,    4.7995647043E+02,    0.0000000000E+00,    0.0000000000E+00,    0.0000000000E+00,    4.7995647043E+02
    236950,      0.676973,CP11_after_MPI,   1,    0.0000000000E+00,    4.7995647043E+02,    4.7995647043E+02,    0.0000000000E+00,    0.0000000000E+00,    0.0000000000E+00,    4.7995647043E+02
    236950,      0.676973,CP12_end,   1,    0.0000000000E+00,    4.7995647043E+02,    4.7995647043E+02,    0.0000000000E+00,    0.0000000000E+00,    0.0000000000E+00,    4.7995647043E+02
    237000,      0.676973,CP0_start,   1,    0.0000000000E+00,    4.8014351382E+02,    4.8014351382E+02,    0.0000000000E+00,    0.0000000000E+00,    0.0000000000E+00,    4.8014351382E+02
    237000,      0.676973,CP1_after_deposition,   1,    0.0000000000E+00,    4.8014351382E+02,    4.8014351382E+02,    0.0000000000E+00,    0.0000000000E+00,    0.0000000000E+00,    4.8014351382E+02
    237000,      0.676973,CP2_after_erosion,   1,    0.0000000000E+00,    4.8014351382E+02,    4.8014351382E+02,    0.0000000000E+00,    0.0000000000E+00,    0.0000000000E+00,    4.8014351382E+02
    237000,      0.676973,CP3_after_update_bottom,   1,    0.0000000000E+00,    4.8014351382E+02,    4.8014351382E+02,    0.0000000000E+00,    0.0000000000E+00,    0.0000000000E+00,    4.8014351382E+02
    237000,      0.676973,CP4_after_advection,   1,    0.0000000000E+00,    4.8016044877E+02,    4.8016044877E+02,    0.0000000000E+00,    0.0000000000E+00,    0.0000000000E+00,    4.8016044877E+02
    237000,      0.676973,CP5_after_vdif,   1,    0.0000000000E+00,    4.8016044877E+02,    4.8016044877E+02,    0.0000000000E+00,    0.0000000000E+00,    0.0000000000E+00,    4.8016044877E+02
    237000,      0.676973,CP6_after_kinetics,   1,    0.0000000000E+00,    4.8016044877E+02,    4.8016044877E+02,    0.0000000000E+00,    0.0000000000E+00,    0.0000000000E+00,    4.8016044877E+02
    237000,      0.676973,CP7_after_upper_clamp,   1,    0.0000000000E+00,    4.8016044877E+02,    4.8016044877E+02,    0.0000000000E+00,    0.0000000000E+00,    0.0000000000E+00,    4.8016044877E+02
    237000,      0.676973,CP8_after_OBC,   1,    0.0000000000E+00,    4.8016044877E+02,    4.8016044877E+02,    0.0000000000E+00,    0.0000000000E+00,    0.0000000000E+00,    4.8016044877E+02
    237000,      0.676973,CP9_after_PTsource,   1,    0.0000000000E+00,    4.8016044877E+02,    4.8016044877E+02,    0.0000000000E+00,    0.0000000000E+00,    0.0000000000E+00,    4.8016044877E+02
    237000,      0.676973,CP10_after_neg_clamp,   1,    0.0000000000E+00,    4.8016044877E+02,    4.8016044877E+02,    0.0000000000E+00,    0.0000000000E+00,    0.0000000000E+00,    4.8016044877E+02
    237000,      0.676973,CP11_after_MPI,   1,    0.0000000000E+00,    4.8016044877E+02,    4.8016044877E+02,    0.0000000000E+00,    0.0000000000E+00,    0.0000000000E+00,    4.8016044877E+02
    237000,      0.676973,CP12_end,   1,    0.0000000000E+00,    4.8016044877E+02,    4.8016044877E+02,    0.0000000000E+00,    0.0000000000E+00,    0.0000000000E+00,    4.8016044877E+02
    237050,      0.676973,CP0_start,   1,    0.0000000000E+00,    4.8034796042E+02,    4.8034796042E+02,    0.0000000000E+00,    0.0000000000E+00,    0.0000000000E+00,    4.8034796042E+02
    237050,      0.676973,CP1_after_deposition,   1,    0.0000000000E+00,    4.8034796042E+02,    4.8034796042E+02,    0.0000000000E+00,    0.0000000000E+00,    0.0000000000E+00,    4.8034796042E+02
    237050,      0.676973,CP2_after_erosion,   1,    0.0000000000E+00,    4.8034796042E+02,    4.8034796042E+02,    0.0000000000E+00,    0.0000000000E+00,    0.0000000000E+00,    4.8034796042E+02
    237050,      0.676973,CP3_after_update_bottom,   1,    0.0000000000E+00,    4.8034796042E+02,    4.8034796042E+02,    0.0000000000E+00,    0.0000000000E+00,    0.0000000000E+00,    4.8034796042E+02
    237050,      0.676973,CP4_after_advection,   1,    0.0000000000E+00,    4.8036485054E+02,    4.8036485054E+02,    0.0000000000E+00,    0.0000000000E+00,    0.0000000000E+00,    4.8036485054E+02
    237050,      0.676973,CP5_after_vdif,   1,    0.0000000000E+00,    4.8036485054E+02,    4.8036485054E+02,    0.0000000000E+00,    0.0000000000E+00,    0.0000000000E+00,    4.8036485054E+02
    237050,      0.676973,CP6_after_kinetics,   1,    0.0000000000E+00,    4.8036485054E+02,    4.8036485054E+02,    0.0000000000E+00,    0.0000000000E+00,    0.0000000000E+00,    4.8036485054E+02
    237050,      0.676973,CP7_after_upper_clamp,   1,    0.0000000000E+00,    4.8036485054E+02,    4.8036485054E+02,    0.0000000000E+00,    0.0000000000E+00,    0.0000000000E+00,    4.8036485054E+02
    237050,      0.676973,CP8_after_OBC,   1,    0.0000000000E+00,    4.8036485054E+02,    4.8036485054E+02,    0.0000000000E+00,    0.0000000000E+00,    0.0000000000E+00,    4.8036485054E+02
    237050,      0.676973,CP9_after_PTsource,   1,    0.0000000000E+00,    4.8036485054E+02,    4.8036485054E+02,    0.0000000000E+00,    0.0000000000E+00,    0.0000000000E+00,    4.8036485054E+02
    237050,      0.676973,CP10_after_neg_clamp,   1,    0.0000000000E+00,    4.8036485054E+02,    4.8036485054E+02,    0.0000000000E+00,    0.0000000000E+00,    0.0000000000E+00,    4.8036485054E+02
    237050,      0.676973,CP11_after_MPI,   1,    0.0000000000E+00,    4.8036485054E+02,    4.8036485054E+02,    0.0000000000E+00,    0.0000000000E+00,    0.0000000000E+00,    4.8036485054E+02
    237050,      0.676973,CP12_end,   1,    0.0000000000E+00,    4.8036485054E+02,    4.8036485054E+02,    0.0000000000E+00,    0.0000000000E+00,    0.0000000000E+00,    4.8036485054E+02
    237100,      0.676973,CP0_start,   1,    0.0000000000E+00,    4.8055269436E+02,    4.8055269436E+02,    0.0000000000E+00,    0.0000000000E+00,    0.0000000000E+00,    4.8055269436E+02
    237100,      0.676973,CP1_after_deposition,   1,    0.0000000000E+00,    4.8055269436E+02,    4.8055269436E+02,    0.0000000000E+00,    0.0000000000E+00,    0.0000000000E+00,    4.8055269436E+02
    237100,      0.676973,CP2_after_erosion,   1,    0.0000000000E+00,    4.8055269436E+02,    4.8055269436E+02,    0.0000000000E+00,    0.0000000000E+00,    0.0000000000E+00,    4.8055269436E+02
    237100,      0.676973,CP3_after_update_bottom,   1,    0.0000000000E+00,    4.8055269436E+02,    4.8055269436E+02,    0.0000000000E+00,    0.0000000000E+00,    0.0000000000E+00,    4.8055269436E+02
    237100,      0.676973,CP4_after_advection,   1,    0.0000000000E+00,    4.8056952176E+02,    4.8056952176E+02,    0.0000000000E+00,    0.0000000000E+00,    0.0000000000E+00,    4.8056952176E+02
    237100,      0.676973,CP5_after_vdif,   1,    0.0000000000E+00,    4.8056952176E+02,    4.8056952176E+02,    0.0000000000E+00,    0.0000000000E+00,    0.0000000000E+00,    4.8056952176E+02
    237100,      0.676973,CP6_after_kinetics,   1,    0.0000000000E+00,    4.8056952176E+02,    4.8056952176E+02,    0.0000000000E+00,    0.0000000000E+00,    0.0000000000E+00,    4.8056952176E+02
    237100,      0.676973,CP7_after_upper_clamp,   1,    0.0000000000E+00,    4.8056952176E+02,    4.8056952176E+02,    0.0000000000E+00,    0.0000000000E+00,    0.0000000000E+00,    4.8056952176E+02
    237100,      0.676973,CP8_after_OBC,   1,    0.0000000000E+00,    4.8056952176E+02,    4.8056952176E+02,    0.0000000000E+00,    0.0000000000E+00,    0.0000000000E+00,    4.8056952176E+02
    237100,      0.676973,CP9_after_PTsource,   1,    0.0000000000E+00,    4.8056952176E+02,    4.8056952176E+02,    0.0000000000E+00,    0.0000000000E+00,    0.0000000000E+00,    4.8056952176E+02
    237100,      0.676973,CP10_after_neg_clamp,   1,    0.0000000000E+00,    4.8056952176E+02,    4.8056952176E+02,    0.0000000000E+00,    0.0000000000E+00,    0.0000000000E+00,    4.8056952176E+02
    237100,      0.676973,CP11_after_MPI,   1,    0.0000000000E+00,    4.8056952176E+02,    4.8056952176E+02,    0.0000000000E+00,    0.0000000000E+00,    0.0000000000E+00,    4.8056952176E+02
    237100,      0.676973,CP12_end,   1,    0.0000000000E+00,    4.8056952176E+02,    4.8056952176E+02,    0.0000000000E+00,    0.0000000000E+00,    0.0000000000E+00,    4.8056952176E+02
    237150,      0.676973,CP0_start,   1,    0.0000000000E+00,    4.8075755647E+02,    4.8075755647E+02,    0.0000000000E+00,    0.0000000000E+00,    0.0000000000E+00,    4.8075755647E+02
    237150,      0.676973,CP1_after_deposition,   1,    0.0000000000E+00,    4.8075755647E+02,    4.8075755647E+02,    0.0000000000E+00,    0.0000000000E+00,    0.0000000000E+00,    4.8075755647E+02
    237150,      0.676973,CP2_after_erosion,   1,    0.0000000000E+00,    4.8075755647E+02,    4.8075755647E+02,    0.0000000000E+00,    0.0000000000E+00,    0.0000000000E+00,    4.8075755647E+02
    237150,      0.676973,CP3_after_update_bottom,   1,    0.0000000000E+00,    4.8075755647E+02,    4.8075755647E+02,    0.0000000000E+00,    0.0000000000E+00,    0.0000000000E+00,    4.8075755647E+02
    237150,      0.676973,CP4_after_advection,   1,    0.0000000000E+00,    4.8077433541E+02,    4.8077433541E+02,    0.0000000000E+00,    0.0000000000E+00,    0.0000000000E+00,    4.8077433541E+02
    237150,      0.676973,CP5_after_vdif,   1,    0.0000000000E+00,    4.8077433541E+02,    4.8077433541E+02,    0.0000000000E+00,    0.0000000000E+00,    0.0000000000E+00,    4.8077433541E+02
    237150,      0.676973,CP6_after_kinetics,   1,    0.0000000000E+00,    4.8077433541E+02,    4.8077433541E+02,    0.0000000000E+00,    0.0000000000E+00,    0.0000000000E+00,    4.8077433541E+02
    237150,      0.676973,CP7_after_upper_clamp,   1,    0.0000000000E+00,    4.8077433541E+02,    4.8077433541E+02,    0.0000000000E+00,    0.0000000000E+00,    0.0000000000E+00,    4.8077433541E+02
    237150,      0.676973,CP8_after_OBC,   1,    0.0000000000E+00,    4.8077433541E+02,    4.8077433541E+02,    0.0000000000E+00,    0.0000000000E+00,    0.0000000000E+00,    4.8077433541E+02
    237150,      0.676973,CP9_after_PTsource,   1,    0.0000000000E+00,    4.8077433541E+02,    4.8077433541E+02,    0.0000000000E+00,    0.0000000000E+00,    0.0000000000E+00,    4.8077433541E+02
    237150,      0.676973,CP10_after_neg_clamp,   1,    0.0000000000E+00,    4.8077433541E+02,    4.8077433541E+02,    0.0000000000E+00,    0.0000000000E+00,    0.0000000000E+00,    4.8077433541E+02
    237150,      0.676973,CP11_after_MPI,   1,    0.0000000000E+00,    4.8077433541E+02,    4.8077433541E+02,    0.0000000000E+00,    0.0000000000E+00,    0.0000000000E+00,    4.8077433541E+02
    237150,      0.676973,CP12_end,   1,    0.0000000000E+00,    4.8077433541E+02,    4.8077433541E+02,    0.0000000000E+00,    0.0000000000E+00,    0.0000000000E+00,    4.8077433541E+02
    237200,      0.676973,CP0_start,   1,    0.0000000000E+00,    4.8096267542E+02,    4.8096267542E+02,    0.0000000000E+00,    0.0000000000E+00,    0.0000000000E+00,    4.8096267542E+02
    237200,      0.676973,CP1_after_deposition,   1,    0.0000000000E+00,    4.8096267542E+02,    4.8096267542E+02,    0.0000000000E+00,    0.0000000000E+00,    0.0000000000E+00,    4.8096267542E+02
    237200,      0.676973,CP2_after_erosion,   1,    0.0000000000E+00,    4.8096267542E+02,    4.8096267542E+02,    0.0000000000E+00,    0.0000000000E+00,    0.0000000000E+00,    4.8096267542E+02
    237200,      0.676973,CP3_after_update_bottom,   1,    0.0000000000E+00,    4.8096267542E+02,    4.8096267542E+02,    0.0000000000E+00,    0.0000000000E+00,    0.0000000000E+00,    4.8096267542E+02
    237200,      0.676973,CP4_after_advection,   1,    0.0000000000E+00,    4.8097940461E+02,    4.8097940461E+02,    0.0000000000E+00,    0.0000000000E+00,    0.0000000000E+00,    4.8097940461E+02
    237200,      0.676973,CP5_after_vdif,   1,    0.0000000000E+00,    4.8097940461E+02,    4.8097940461E+02,    0.0000000000E+00,    0.0000000000E+00,    0.0000000000E+00,    4.8097940461E+02
    237200,      0.676973,CP6_after_kinetics,   1,    0.0000000000E+00,    4.8097940461E+02,    4.8097940461E+02,    0.0000000000E+00,    0.0000000000E+00,    0.0000000000E+00,    4.8097940461E+02
    237200,      0.676973,CP7_after_upper_clamp,   1,    0.0000000000E+00,    4.8097940461E+02,    4.8097940461E+02,    0.0000000000E+00,    0.0000000000E+00,    0.0000000000E+00,    4.8097940461E+02
    237200,      0.676973,CP8_after_OBC,   1,    0.0000000000E+00,    4.8097940461E+02,    4.8097940461E+02,    0.0000000000E+00,    0.0000000000E+00,    0.0000000000E+00,    4.8097940461E+02
    237200,      0.676973,CP9_after_PTsource,   1,    0.0000000000E+00,    4.8097940461E+02,    4.8097940461E+02,    0.0000000000E+00,    0.0000000000E+00,    0.0000000000E+00,    4.8097940461E+02
    237200,      0.676973,CP10_after_neg_clamp,   1,    0.0000000000E+00,    4.8097940461E+02,    4.8097940461E+02,    0.0000000000E+00,    0.0000000000E+00,    0.0000000000E+00,    4.8097940461E+02
    237200,      0.676973,CP11_after_MPI,   1,    0.0000000000E+00,    4.8097940461E+02,    4.8097940461E+02,    0.0000000000E+00,    0.0000000000E+00,    0.0000000000E+00,    4.8097940461E+02
    237200,      0.676973,CP12_end,   1,    0.0000000000E+00,    4.8097940461E+02,    4.8097940461E+02,    0.0000000000E+00,    0.0000000000E+00,    0.0000000000E+00,    4.8097940461E+02
    237250,      0.676973,CP0_start,   1,    0.0000000000E+00,    4.8116802860E+02,    4.8116802860E+02,    0.0000000000E+00,    0.0000000000E+00,    0.0000000000E+00,    4.8116802860E+02
    237250,      0.676973,CP1_after_deposition,   1,    0.0000000000E+00,    4.8116802860E+02,    4.8116802860E+02,    0.0000000000E+00,    0.0000000000E+00,    0.0000000000E+00,    4.8116802860E+02
    237250,      0.676973,CP2_after_erosion,   1,    0.0000000000E+00,    4.8116802860E+02,    4.8116802860E+02,    0.0000000000E+00,    0.0000000000E+00,    0.0000000000E+00,    4.8116802860E+02
    237250,      0.676973,CP3_after_update_bottom,   1,    0.0000000000E+00,    4.8116802860E+02,    4.8116802860E+02,    0.0000000000E+00,    0.0000000000E+00,    0.0000000000E+00,    4.8116802860E+02
    237250,      0.676973,CP4_after_advection,   1,    0.0000000000E+00,    4.8118470909E+02,    4.8118470909E+02,    0.0000000000E+00,    0.0000000000E+00,    0.0000000000E+00,    4.8118470909E+02
    237250,      0.676973,CP5_after_vdif,   1,    0.0000000000E+00,    4.8118470909E+02,    4.8118470909E+02,    0.0000000000E+00,    0.0000000000E+00,    0.0000000000E+00,    4.8118470909E+02
    237250,      0.676973,CP6_after_kinetics,   1,    0.0000000000E+00,    4.8118470909E+02,    4.8118470909E+02,    0.0000000000E+00,    0.0000000000E+00,    0.0000000000E+00,    4.8118470909E+02
    237250,      0.676973,CP7_after_upper_clamp,   1,    0.0000000000E+00,    4.8118470909E+02,    4.8118470909E+02,    0.0000000000E+00,    0.0000000000E+00,    0.0000000000E+00,    4.8118470909E+02
    237250,      0.676973,CP8_after_OBC,   1,    0.0000000000E+00,    4.8118470909E+02,    4.8118470909E+02,    0.0000000000E+00,    0.0000000000E+00,    0.0000000000E+00,    4.8118470909E+02
    237250,      0.676973,CP9_after_PTsource,   1,    0.0000000000E+00,    4.8118470909E+02,    4.8118470909E+02,    0.0000000000E+00,    0.0000000000E+00,    0.0000000000E+00,    4.8118470909E+02
    237250,      0.676973,CP10_after_neg_clamp,   1,    0.0000000000E+00,    4.8118470909E+02,    4.8118470909E+02,    0.0000000000E+00,    0.0000000000E+00,    0.0000000000E+00,    4.8118470909E+02
    237250,      0.676973,CP11_after_MPI,   1,    0.0000000000E+00,    4.8118470909E+02,    4.8118470909E+02,    0.0000000000E+00,    0.0000000000E+00,    0.0000000000E+00,    4.8118470909E+02
    237250,      0.676973,CP12_end,   1,    0.0000000000E+00,    4.8118470909E+02,    4.8118470909E+02,    0.0000000000E+00,    0.0000000000E+00,    0.0000000000E+00,    4.8118470909E+02
    237300,      0.676973,CP0_start,   1,    0.0000000000E+00,    4.8137348559E+02,    4.8137348559E+02,    0.0000000000E+00,    0.0000000000E+00,    0.0000000000E+00,    4.8137348559E+02
    237300,      0.676973,CP1_after_deposition,   1,    0.0000000000E+00,    4.8137348559E+02,    4.8137348559E+02,    0.0000000000E+00,    0.0000000000E+00,    0.0000000000E+00,    4.8137348559E+02
    237300,      0.676973,CP2_after_erosion,   1,    0.0000000000E+00,    4.8137348559E+02,    4.8137348559E+02,    0.0000000000E+00,    0.0000000000E+00,    0.0000000000E+00,    4.8137348559E+02
    237300,      0.676973,CP3_after_update_bottom,   1,    0.0000000000E+00,    4.8137348559E+02,    4.8137348559E+02,    0.0000000000E+00,    0.0000000000E+00,    0.0000000000E+00,    4.8137348559E+02
    237300,      0.676973,CP4_after_advection,   1,    0.0000000000E+00,    4.8139010824E+02,    4.8139010824E+02,    0.0000000000E+00,    0.0000000000E+00,    0.0000000000E+00,    4.8139010824E+02
    237300,      0.676973,CP5_after_vdif,   1,    0.0000000000E+00,    4.8139010824E+02,    4.8139010824E+02,    0.0000000000E+00,    0.0000000000E+00,    0.0000000000E+00,    4.8139010824E+02
    237300,      0.676973,CP6_after_kinetics,   1,    0.0000000000E+00,    4.8139010824E+02,    4.8139010824E+02,    0.0000000000E+00,    0.0000000000E+00,    0.0000000000E+00,    4.8139010824E+02
    237300,      0.676973,CP7_after_upper_clamp,   1,    0.0000000000E+00,    4.8139010824E+02,    4.8139010824E+02,    0.0000000000E+00,    0.0000000000E+00,    0.0000000000E+00,    4.8139010824E+02
    237300,      0.676973,CP8_after_OBC,   1,    0.0000000000E+00,    4.8139010824E+02,    4.8139010824E+02,    0.0000000000E+00,    0.0000000000E+00,    0.0000000000E+00,    4.8139010824E+02
    237300,      0.676973,CP9_after_PTsource,   1,    0.0000000000E+00,    4.8139010824E+02,    4.8139010824E+02,    0.0000000000E+00,    0.0000000000E+00,    0.0000000000E+00,    4.8139010824E+02
    237300,      0.676973,CP10_after_neg_clamp,   1,    0.0000000000E+00,    4.8139010824E+02,    4.8139010824E+02,    0.0000000000E+00,    0.0000000000E+00,    0.0000000000E+00,    4.8139010824E+02
    237300,      0.676973,CP11_after_MPI,   1,    0.0000000000E+00,    4.8139010824E+02,    4.8139010824E+02,    0.0000000000E+00,    0.0000000000E+00,    0.0000000000E+00,    4.8139010824E+02
    237300,      0.676973,CP12_end,   1,    0.0000000000E+00,    4.8139010824E+02,    4.8139010824E+02,    0.0000000000E+00,    0.0000000000E+00,    0.0000000000E+00,    4.8139010824E+02
    237350,      0.676973,CP0_start,   1,    0.0000000000E+00,    4.8157900726E+02,    4.8157900726E+02,    0.0000000000E+00,    0.0000000000E+00,    0.0000000000E+00,    4.8157900726E+02
    237350,      0.676973,CP1_after_deposition,   1,    0.0000000000E+00,    4.8157900726E+02,    4.8157900726E+02,    0.0000000000E+00,    0.0000000000E+00,    0.0000000000E+00,    4.8157900726E+02
    237350,      0.676973,CP2_after_erosion,   1,    0.0000000000E+00,    4.8157900726E+02,    4.8157900726E+02,    0.0000000000E+00,    0.0000000000E+00,    0.0000000000E+00,    4.8157900726E+02
    237350,      0.676973,CP3_after_update_bottom,   1,    0.0000000000E+00,    4.8157900726E+02,    4.8157900726E+02,    0.0000000000E+00,    0.0000000000E+00,    0.0000000000E+00,    4.8157900726E+02
    237350,      0.676973,CP4_after_advection,   1,    0.0000000000E+00,    4.8159557793E+02,    4.8159557793E+02,    0.0000000000E+00,    0.0000000000E+00,    0.0000000000E+00,    4.8159557793E+02
    237350,      0.676973,CP5_after_vdif,   1,    0.0000000000E+00,    4.8159557793E+02,    4.8159557793E+02,    0.0000000000E+00,    0.0000000000E+00,    0.0000000000E+00,    4.8159557793E+02
    237350,      0.676973,CP6_after_kinetics,   1,    0.0000000000E+00,    4.8159557793E+02,    4.8159557793E+02,    0.0000000000E+00,    0.0000000000E+00,    0.0000000000E+00,    4.8159557793E+02
    237350,      0.676973,CP7_after_upper_clamp,   1,    0.0000000000E+00,    4.8159557793E+02,    4.8159557793E+02,    0.0000000000E+00,    0.0000000000E+00,    0.0000000000E+00,    4.8159557793E+02
    237350,      0.676973,CP8_after_OBC,   1,    0.0000000000E+00,    4.8159557793E+02,    4.8159557793E+02,    0.0000000000E+00,    0.0000000000E+00,    0.0000000000E+00,    4.8159557793E+02
    237350,      0.676973,CP9_after_PTsource,   1,    0.0000000000E+00,    4.8159557793E+02,    4.8159557793E+02,    0.0000000000E+00,    0.0000000000E+00,    0.0000000000E+00,    4.8159557793E+02
    237350,      0.676973,CP10_after_neg_clamp,   1,    0.0000000000E+00,    4.8159557793E+02,    4.8159557793E+02,    0.0000000000E+00,    0.0000000000E+00,    0.0000000000E+00,    4.8159557793E+02
    237350,      0.676973,CP11_after_MPI,   1,    0.0000000000E+00,    4.8159557793E+02,    4.8159557793E+02,    0.0000000000E+00,    0.0000000000E+00,    0.0000000000E+00,    4.8159557793E+02
    237350,      0.676973,CP12_end,   1,    0.0000000000E+00,    4.8159557793E+02,    4.8159557793E+02,    0.0000000000E+00,    0.0000000000E+00,    0.0000000000E+00,    4.8159557793E+02
    237400,      0.676973,CP0_start,   1,    0.0000000000E+00,    4.8178487485E+02,    4.8178487485E+02,    0.0000000000E+00,    0.0000000000E+00,    0.0000000000E+00,    4.8178487485E+02
    237400,      0.676973,CP1_after_deposition,   1,    0.0000000000E+00,    4.8178487485E+02,    4.8178487485E+02,    0.0000000000E+00,    0.0000000000E+00,    0.0000000000E+00,    4.8178487485E+02
    237400,      0.676973,CP2_after_erosion,   1,    0.0000000000E+00,    4.8178487485E+02,    4.8178487485E+02,    0.0000000000E+00,    0.0000000000E+00,    0.0000000000E+00,    4.8178487485E+02
    237400,      0.676973,CP3_after_update_bottom,   1,    0.0000000000E+00,    4.8178487485E+02,    4.8178487485E+02,    0.0000000000E+00,    0.0000000000E+00,    0.0000000000E+00,    4.8178487485E+02
    237400,      0.676973,CP4_after_advection,   1,    0.0000000000E+00,    4.8180140612E+02,    4.8180140612E+02,    0.0000000000E+00,    0.0000000000E+00,    0.0000000000E+00,    4.8180140612E+02
    237400,      0.676973,CP5_after_vdif,   1,    0.0000000000E+00,    4.8180140612E+02,    4.8180140612E+02,    0.0000000000E+00,    0.0000000000E+00,    0.0000000000E+00,    4.8180140612E+02
    237400,      0.676973,CP6_after_kinetics,   1,    0.0000000000E+00,    4.8180140612E+02,    4.8180140612E+02,    0.0000000000E+00,    0.0000000000E+00,    0.0000000000E+00,    4.8180140612E+02
    237400,      0.676973,CP7_after_upper_clamp,   1,    0.0000000000E+00,    4.8180140612E+02,    4.8180140612E+02,    0.0000000000E+00,    0.0000000000E+00,    0.0000000000E+00,    4.8180140612E+02
    237400,      0.676973,CP8_after_OBC,   1,    0.0000000000E+00,    4.8180140612E+02,    4.8180140612E+02,    0.0000000000E+00,    0.0000000000E+00,    0.0000000000E+00,    4.8180140612E+02
    237400,      0.676973,CP9_after_PTsource,   1,    0.0000000000E+00,    4.8180140612E+02,    4.8180140612E+02,    0.0000000000E+00,    0.0000000000E+00,    0.0000000000E+00,    4.8180140612E+02
    237400,      0.676973,CP10_after_neg_clamp,   1,    0.0000000000E+00,    4.8180140612E+02,    4.8180140612E+02,    0.0000000000E+00,    0.0000000000E+00,    0.0000000000E+00,    4.8180140612E+02
    237400,      0.676973,CP11_after_MPI,   1,    0.0000000000E+00,    4.8180140612E+02,    4.8180140612E+02,    0.0000000000E+00,    0.0000000000E+00,    0.0000000000E+00,    4.8180140612E+02
    237400,      0.676973,CP12_end,   1,    0.0000000000E+00,    4.8180140612E+02,    4.8180140612E+02,    0.0000000000E+00,    0.0000000000E+00,    0.0000000000E+00,    4.8180140612E+02
    237450,      0.676973,CP0_start,   1,    0.0000000000E+00,    4.8199131553E+02,    4.8199131553E+02,    0.0000000000E+00,    0.0000000000E+00,    0.0000000000E+00,    4.8199131553E+02
    237450,      0.676973,CP1_after_deposition,   1,    0.0000000000E+00,    4.8199131553E+02,    4.8199131553E+02,    0.0000000000E+00,    0.0000000000E+00,    0.0000000000E+00,    4.8199131553E+02
    237450,      0.676973,CP2_after_erosion,   1,    0.0000000000E+00,    4.8199131553E+02,    4.8199131553E+02,    0.0000000000E+00,    0.0000000000E+00,    0.0000000000E+00,    4.8199131553E+02
    237450,      0.676973,CP3_after_update_bottom,   1,    0.0000000000E+00,    4.8199131553E+02,    4.8199131553E+02,    0.0000000000E+00,    0.0000000000E+00,    0.0000000000E+00,    4.8199131553E+02
    237450,      0.676973,CP4_after_advection,   1,    0.0000000000E+00,    4.8200780081E+02,    4.8200780081E+02,    0.0000000000E+00,    0.0000000000E+00,    0.0000000000E+00,    4.8200780081E+02
    237450,      0.676973,CP5_after_vdif,   1,    0.0000000000E+00,    4.8200780081E+02,    4.8200780081E+02,    0.0000000000E+00,    0.0000000000E+00,    0.0000000000E+00,    4.8200780081E+02
    237450,      0.676973,CP6_after_kinetics,   1,    0.0000000000E+00,    4.8200780081E+02,    4.8200780081E+02,    0.0000000000E+00,    0.0000000000E+00,    0.0000000000E+00,    4.8200780081E+02
    237450,      0.676973,CP7_after_upper_clamp,   1,    0.0000000000E+00,    4.8200780081E+02,    4.8200780081E+02,    0.0000000000E+00,    0.0000000000E+00,    0.0000000000E+00,    4.8200780081E+02
    237450,      0.676973,CP8_after_OBC,   1,    0.0000000000E+00,    4.8200780081E+02,    4.8200780081E+02,    0.0000000000E+00,    0.0000000000E+00,    0.0000000000E+00,    4.8200780081E+02
    237450,      0.676973,CP9_after_PTsource,   1,    0.0000000000E+00,    4.8200780081E+02,    4.8200780081E+02,    0.0000000000E+00,    0.0000000000E+00,    0.0000000000E+00,    4.8200780081E+02
    237450,      0.676973,CP10_after_neg_clamp,   1,    0.0000000000E+00,    4.8200780081E+02,    4.8200780081E+02,    0.0000000000E+00,    0.0000000000E+00,    0.0000000000E+00,    4.8200780081E+02
    237450,      0.676973,CP11_after_MPI,   1,    0.0000000000E+00,    4.8200780081E+02,    4.8200780081E+02,    0.0000000000E+00,    0.0000000000E+00,    0.0000000000E+00,    4.8200780081E+02
    237450,      0.676973,CP12_end,   1,    0.0000000000E+00,    4.8200780081E+02,    4.8200780081E+02,    0.0000000000E+00,    0.0000000000E+00,    0.0000000000E+00,    4.8200780081E+02
    237500,      0.676973,CP0_start,   1,    0.0000000000E+00,    4.8219835641E+02,    4.8219835641E+02,    0.0000000000E+00,    0.0000000000E+00,    0.0000000000E+00,    4.8219835641E+02
    237500,      0.676973,CP1_after_deposition,   1,    0.0000000000E+00,    4.8219835641E+02,    4.8219835641E+02,    0.0000000000E+00,    0.0000000000E+00,    0.0000000000E+00,    4.8219835641E+02
    237500,      0.676973,CP2_after_erosion,   1,    0.0000000000E+00,    4.8219835641E+02,    4.8219835641E+02,    0.0000000000E+00,    0.0000000000E+00,    0.0000000000E+00,    4.8219835641E+02
    237500,      0.676973,CP3_after_update_bottom,   1,    0.0000000000E+00,    4.8219835641E+02,    4.8219835641E+02,    0.0000000000E+00,    0.0000000000E+00,    0.0000000000E+00,    4.8219835641E+02
    237500,      0.676973,CP4_after_advection,   1,    0.0000000000E+00,    4.8221479599E+02,    4.8221479599E+02,    0.0000000000E+00,    0.0000000000E+00,    0.0000000000E+00,    4.8221479599E+02
    237500,      0.676973,CP5_after_vdif,   1,    0.0000000000E+00,    4.8221479599E+02,    4.8221479599E+02,    0.0000000000E+00,    0.0000000000E+00,    0.0000000000E+00,    4.8221479599E+02
    237500,      0.676973,CP6_after_kinetics,   1,    0.0000000000E+00,    4.8221479599E+02,    4.8221479599E+02,    0.0000000000E+00,    0.0000000000E+00,    0.0000000000E+00,    4.8221479599E+02
    237500,      0.676973,CP7_after_upper_clamp,   1,    0.0000000000E+00,    4.8221479599E+02,    4.8221479599E+02,    0.0000000000E+00,    0.0000000000E+00,    0.0000000000E+00,    4.8221479599E+02
    237500,      0.676973,CP8_after_OBC,   1,    0.0000000000E+00,    4.8221479599E+02,    4.8221479599E+02,    0.0000000000E+00,    0.0000000000E+00,    0.0000000000E+00,    4.8221479599E+02
    237500,      0.676973,CP9_after_PTsource,   1,    0.0000000000E+00,    4.8221479599E+02,    4.8221479599E+02,    0.0000000000E+00,    0.0000000000E+00,    0.0000000000E+00,    4.8221479599E+02
    237500,      0.676973,CP10_after_neg_clamp,   1,    0.0000000000E+00,    4.8221479599E+02,    4.8221479599E+02,    0.0000000000E+00,    0.0000000000E+00,    0.0000000000E+00,    4.8221479599E+02
    237500,      0.676973,CP11_after_MPI,   1,    0.0000000000E+00,    4.8221479599E+02,    4.8221479599E+02,    0.0000000000E+00,    0.0000000000E+00,    0.0000000000E+00,    4.8221479599E+02
    237500,      0.676973,CP12_end,   1,    0.0000000000E+00,    4.8221479599E+02,    4.8221479599E+02,    0.0000000000E+00,    0.0000000000E+00,    0.0000000000E+00,    4.8221479599E+02
    237550,      0.676973,CP0_start,   1,    0.0000000000E+00,    4.8240576981E+02,    4.8240576981E+02,    0.0000000000E+00,    0.0000000000E+00,    0.0000000000E+00,    4.8240576981E+02
    237550,      0.676973,CP1_after_deposition,   1,    0.0000000000E+00,    4.8240576981E+02,    4.8240576981E+02,    0.0000000000E+00,    0.0000000000E+00,    0.0000000000E+00,    4.8240576981E+02
    237550,      0.676973,CP2_after_erosion,   1,    0.0000000000E+00,    4.8240576981E+02,    4.8240576981E+02,    0.0000000000E+00,    0.0000000000E+00,    0.0000000000E+00,    4.8240576981E+02
    237550,      0.676973,CP3_after_update_bottom,   1,    0.0000000000E+00,    4.8240576981E+02,    4.8240576981E+02,    0.0000000000E+00,    0.0000000000E+00,    0.0000000000E+00,    4.8240576981E+02
    237550,      0.676973,CP4_after_advection,   1,    0.0000000000E+00,    4.8242215811E+02,    4.8242215811E+02,    0.0000000000E+00,    0.0000000000E+00,    0.0000000000E+00,    4.8242215811E+02
    237550,      0.676973,CP5_after_vdif,   1,    0.0000000000E+00,    4.8242215811E+02,    4.8242215811E+02,    0.0000000000E+00,    0.0000000000E+00,    0.0000000000E+00,    4.8242215811E+02
    237550,      0.676973,CP6_after_kinetics,   1,    0.0000000000E+00,    4.8242215811E+02,    4.8242215811E+02,    0.0000000000E+00,    0.0000000000E+00,    0.0000000000E+00,    4.8242215811E+02
    237550,      0.676973,CP7_after_upper_clamp,   1,    0.0000000000E+00,    4.8242215811E+02,    4.8242215811E+02,    0.0000000000E+00,    0.0000000000E+00,    0.0000000000E+00,    4.8242215811E+02
    237550,      0.676973,CP8_after_OBC,   1,    0.0000000000E+00,    4.8242215811E+02,    4.8242215811E+02,    0.0000000000E+00,    0.0000000000E+00,    0.0000000000E+00,    4.8242215811E+02
    237550,      0.676973,CP9_after_PTsource,   1,    0.0000000000E+00,    4.8242215811E+02,    4.8242215811E+02,    0.0000000000E+00,    0.0000000000E+00,    0.0000000000E+00,    4.8242215811E+02
    237550,      0.676973,CP10_after_neg_clamp,   1,    0.0000000000E+00,    4.8242215811E+02,    4.8242215811E+02,    0.0000000000E+00,    0.0000000000E+00,    0.0000000000E+00,    4.8242215811E+02
    237550,      0.676973,CP11_after_MPI,   1,    0.0000000000E+00,    4.8242215811E+02,    4.8242215811E+02,    0.0000000000E+00,    0.0000000000E+00,    0.0000000000E+00,    4.8242215811E+02
    237550,      0.676973,CP12_end,   1,    0.0000000000E+00,    4.8242215811E+02,    4.8242215811E+02,    0.0000000000E+00,    0.0000000000E+00,    0.0000000000E+00,    4.8242215811E+02
    237600,      0.676973,CP0_start,   1,    0.0000000000E+00,    4.8261348302E+02,    4.8261348302E+02,    0.0000000000E+00,    0.0000000000E+00,    0.0000000000E+00,    4.8261348302E+02
    237600,      0.676973,CP1_after_deposition,   1,    0.0000000000E+00,    4.8261348302E+02,    4.8261348302E+02,    0.0000000000E+00,    0.0000000000E+00,    0.0000000000E+00,    4.8261348302E+02
    237600,      0.676973,CP2_after_erosion,   1,    0.0000000000E+00,    4.8261348302E+02,    4.8261348302E+02,    0.0000000000E+00,    0.0000000000E+00,    0.0000000000E+00,    4.8261348302E+02
    237600,      0.676973,CP3_after_update_bottom,   1,    0.0000000000E+00,    4.8261348302E+02,    4.8261348302E+02,    0.0000000000E+00,    0.0000000000E+00,    0.0000000000E+00,    4.8261348302E+02
    237600,      0.676973,CP4_after_advection,   1,    0.0000000000E+00,    4.8262981962E+02,    4.8262981962E+02,    0.0000000000E+00,    0.0000000000E+00,    0.0000000000E+00,    4.8262981962E+02
    237600,      0.676973,CP5_after_vdif,   1,    0.0000000000E+00,    4.8262981962E+02,    4.8262981962E+02,    0.0000000000E+00,    0.0000000000E+00,    0.0000000000E+00,    4.8262981962E+02
    237600,      0.676973,CP6_after_kinetics,   1,    0.0000000000E+00,    4.8262981962E+02,    4.8262981962E+02,    0.0000000000E+00,    0.0000000000E+00,    0.0000000000E+00,    4.8262981962E+02
    237600,      0.676973,CP7_after_upper_clamp,   1,    0.0000000000E+00,    4.8262981962E+02,    4.8262981962E+02,    0.0000000000E+00,    0.0000000000E+00,    0.0000000000E+00,    4.8262981962E+02
    237600,      0.676973,CP8_after_OBC,   1,    0.0000000000E+00,    4.8262981962E+02,    4.8262981962E+02,    0.0000000000E+00,    0.0000000000E+00,    0.0000000000E+00,    4.8262981962E+02
    237600,      0.676973,CP9_after_PTsource,   1,    0.0000000000E+00,    4.8262981962E+02,    4.8262981962E+02,    0.0000000000E+00,    0.0000000000E+00,    0.0000000000E+00,    4.8262981962E+02
    237600,      0.676973,CP10_after_neg_clamp,   1,    0.0000000000E+00,    4.8262981962E+02,    4.8262981962E+02,    0.0000000000E+00,    0.0000000000E+00,    0.0000000000E+00,    4.8262981962E+02
    237600,      0.676973,CP11_after_MPI,   1,    0.0000000000E+00,    4.8262981962E+02,    4.8262981962E+02,    0.0000000000E+00,    0.0000000000E+00,    0.0000000000E+00,    4.8262981962E+02
    237600,      0.676973,CP12_end,   1,    0.0000000000E+00,    4.8262981962E+02,    4.8262981962E+02,    0.0000000000E+00,    0.0000000000E+00,    0.0000000000E+00,    4.8262981962E+02
    237650,      0.676973,CP0_start,   1,    0.0000000000E+00,    4.8282127346E+02,    4.8282127346E+02,    0.0000000000E+00,    0.0000000000E+00,    0.0000000000E+00,    4.8282127346E+02
    237650,      0.676973,CP1_after_deposition,   1,    0.0000000000E+00,    4.8282127346E+02,    4.8282127346E+02,    0.0000000000E+00,    0.0000000000E+00,    0.0000000000E+00,    4.8282127346E+02
    237650,      0.676973,CP2_after_erosion,   1,    0.0000000000E+00,    4.8282127346E+02,    4.8282127346E+02,    0.0000000000E+00,    0.0000000000E+00,    0.0000000000E+00,    4.8282127346E+02
    237650,      0.676973,CP3_after_update_bottom,   1,    0.0000000000E+00,    4.8282127346E+02,    4.8282127346E+02,    0.0000000000E+00,    0.0000000000E+00,    0.0000000000E+00,    4.8282127346E+02
    237650,      0.676973,CP4_after_advection,   1,    0.0000000000E+00,    4.8283756085E+02,    4.8283756085E+02,    0.0000000000E+00,    0.0000000000E+00,    0.0000000000E+00,    4.8283756085E+02
    237650,      0.676973,CP5_after_vdif,   1,    0.0000000000E+00,    4.8283756085E+02,    4.8283756085E+02,    0.0000000000E+00,    0.0000000000E+00,    0.0000000000E+00,    4.8283756085E+02
    237650,      0.676973,CP6_after_kinetics,   1,    0.0000000000E+00,    4.8283756085E+02,    4.8283756085E+02,    0.0000000000E+00,    0.0000000000E+00,    0.0000000000E+00,    4.8283756085E+02
    237650,      0.676973,CP7_after_upper_clamp,   1,    0.0000000000E+00,    4.8283756085E+02,    4.8283756085E+02,    0.0000000000E+00,    0.0000000000E+00,    0.0000000000E+00,    4.8283756085E+02
    237650,      0.676973,CP8_after_OBC,   1,    0.0000000000E+00,    4.8283756085E+02,    4.8283756085E+02,    0.0000000000E+00,    0.0000000000E+00,    0.0000000000E+00,    4.8283756085E+02
    237650,      0.676973,CP9_after_PTsource,   1,    0.0000000000E+00,    4.8283756085E+02,    4.8283756085E+02,    0.0000000000E+00,    0.0000000000E+00,    0.0000000000E+00,    4.8283756085E+02
    237650,      0.676973,CP10_after_neg_clamp,   1,    0.0000000000E+00,    4.8283756085E+02,    4.8283756085E+02,    0.0000000000E+00,    0.0000000000E+00,    0.0000000000E+00,    4.8283756085E+02
    237650,      0.676973,CP11_after_MPI,   1,    0.0000000000E+00,    4.8283756085E+02,    4.8283756085E+02,    0.0000000000E+00,    0.0000000000E+00,    0.0000000000E+00,    4.8283756085E+02
    237650,      0.676973,CP12_end,   1,    0.0000000000E+00,    4.8283756085E+02,    4.8283756085E+02,    0.0000000000E+00,    0.0000000000E+00,    0.0000000000E+00,    4.8283756085E+02
    237700,      0.676973,CP0_start,   1,    0.0000000000E+00,    4.8302906926E+02,    4.8302906926E+02,    0.0000000000E+00,    0.0000000000E+00,    0.0000000000E+00,    4.8302906926E+02
    237700,      0.676973,CP1_after_deposition,   1,    0.0000000000E+00,    4.8302906926E+02,    4.8302906926E+02,    0.0000000000E+00,    0.0000000000E+00,    0.0000000000E+00,    4.8302906926E+02
    237700,      0.676973,CP2_after_erosion,   1,    0.0000000000E+00,    4.8302906926E+02,    4.8302906926E+02,    0.0000000000E+00,    0.0000000000E+00,    0.0000000000E+00,    4.8302906926E+02
    237700,      0.676973,CP3_after_update_bottom,   1,    0.0000000000E+00,    4.8302906926E+02,    4.8302906926E+02,    0.0000000000E+00,    0.0000000000E+00,    0.0000000000E+00,    4.8302906926E+02
    237700,      0.676973,CP4_after_advection,   1,    0.0000000000E+00,    4.8304530094E+02,    4.8304530094E+02,    0.0000000000E+00,    0.0000000000E+00,    0.0000000000E+00,    4.8304530094E+02
    237700,      0.676973,CP5_after_vdif,   1,    0.0000000000E+00,    4.8304530094E+02,    4.8304530094E+02,    0.0000000000E+00,    0.0000000000E+00,    0.0000000000E+00,    4.8304530094E+02
    237700,      0.676973,CP6_after_kinetics,   1,    0.0000000000E+00,    4.8304530094E+02,    4.8304530094E+02,    0.0000000000E+00,    0.0000000000E+00,    0.0000000000E+00,    4.8304530094E+02
    237700,      0.676973,CP7_after_upper_clamp,   1,    0.0000000000E+00,    4.8304530094E+02,    4.8304530094E+02,    0.0000000000E+00,    0.0000000000E+00,    0.0000000000E+00,    4.8304530094E+02
    237700,      0.676973,CP8_after_OBC,   1,    0.0000000000E+00,    4.8304530094E+02,    4.8304530094E+02,    0.0000000000E+00,    0.0000000000E+00,    0.0000000000E+00,    4.8304530094E+02
    237700,      0.676973,CP9_after_PTsource,   1,    0.0000000000E+00,    4.8304530094E+02,    4.8304530094E+02,    0.0000000000E+00,    0.0000000000E+00,    0.0000000000E+00,    4.8304530094E+02
    237700,      0.676973,CP10_after_neg_clamp,   1,    0.0000000000E+00,    4.8304530094E+02,    4.8304530094E+02,    0.0000000000E+00,    0.0000000000E+00,    0.0000000000E+00,    4.8304530094E+02
    237700,      0.676973,CP11_after_MPI,   1,    0.0000000000E+00,    4.8304530094E+02,    4.8304530094E+02,    0.0000000000E+00,    0.0000000000E+00,    0.0000000000E+00,    4.8304530094E+02
    237700,      0.676973,CP12_end,   1,    0.0000000000E+00,    4.8304530094E+02,    4.8304530094E+02,    0.0000000000E+00,    0.0000000000E+00,    0.0000000000E+00,    4.8304530094E+02
    237750,      0.676973,CP0_start,   1,    0.0000000000E+00,    4.8323662566E+02,    4.8323662566E+02,    0.0000000000E+00,    0.0000000000E+00,    0.0000000000E+00,    4.8323662566E+02
    237750,      0.676973,CP1_after_deposition,   1,    0.0000000000E+00,    4.8323662566E+02,    4.8323662566E+02,    0.0000000000E+00,    0.0000000000E+00,    0.0000000000E+00,    4.8323662566E+02
    237750,      0.676973,CP2_after_erosion,   1,    0.0000000000E+00,    4.8323662566E+02,    4.8323662566E+02,    0.0000000000E+00,    0.0000000000E+00,    0.0000000000E+00,    4.8323662566E+02
    237750,      0.676973,CP3_after_update_bottom,   1,    0.0000000000E+00,    4.8323662566E+02,    4.8323662566E+02,    0.0000000000E+00,    0.0000000000E+00,    0.0000000000E+00,    4.8323662566E+02
    237750,      0.676973,CP4_after_advection,   1,    0.0000000000E+00,    4.8325279263E+02,    4.8325279263E+02,    0.0000000000E+00,    0.0000000000E+00,    0.0000000000E+00,    4.8325279263E+02
    237750,      0.676973,CP5_after_vdif,   1,    0.0000000000E+00,    4.8325279263E+02,    4.8325279263E+02,    0.0000000000E+00,    0.0000000000E+00,    0.0000000000E+00,    4.8325279263E+02
    237750,      0.676973,CP6_after_kinetics,   1,    0.0000000000E+00,    4.8325279263E+02,    4.8325279263E+02,    0.0000000000E+00,    0.0000000000E+00,    0.0000000000E+00,    4.8325279263E+02
    237750,      0.676973,CP7_after_upper_clamp,   1,    0.0000000000E+00,    4.8325279263E+02,    4.8325279263E+02,    0.0000000000E+00,    0.0000000000E+00,    0.0000000000E+00,    4.8325279263E+02
    237750,      0.676973,CP8_after_OBC,   1,    0.0000000000E+00,    4.8325279263E+02,    4.8325279263E+02,    0.0000000000E+00,    0.0000000000E+00,    0.0000000000E+00,    4.8325279263E+02
    237750,      0.676973,CP9_after_PTsource,   1,    0.0000000000E+00,    4.8325279263E+02,    4.8325279263E+02,    0.0000000000E+00,    0.0000000000E+00,    0.0000000000E+00,    4.8325279263E+02
    237750,      0.676973,CP10_after_neg_clamp,   1,    0.0000000000E+00,    4.8325279263E+02,    4.8325279263E+02,    0.0000000000E+00,    0.0000000000E+00,    0.0000000000E+00,    4.8325279263E+02
    237750,      0.676973,CP11_after_MPI,   1,    0.0000000000E+00,    4.8325279263E+02,    4.8325279263E+02,    0.0000000000E+00,    0.0000000000E+00,    0.0000000000E+00,    4.8325279263E+02
    237750,      0.676973,CP12_end,   1,    0.0000000000E+00,    4.8325279263E+02,    4.8325279263E+02,    0.0000000000E+00,    0.0000000000E+00,    0.0000000000E+00,    4.8325279263E+02
    237800,      0.676973,CP0_start,   1,    0.0000000000E+00,    4.8344401400E+02,    4.8344401400E+02,    0.0000000000E+00,    0.0000000000E+00,    0.0000000000E+00,    4.8344401400E+02
    237800,      0.676973,CP1_after_deposition,   1,    0.0000000000E+00,    4.8344401400E+02,    4.8344401400E+02,    0.0000000000E+00,    0.0000000000E+00,    0.0000000000E+00,    4.8344401400E+02
    237800,      0.676973,CP2_after_erosion,   1,    0.0000000000E+00,    4.8344401400E+02,    4.8344401400E+02,    0.0000000000E+00,    0.0000000000E+00,    0.0000000000E+00,    4.8344401400E+02
    237800,      0.676973,CP3_after_update_bottom,   1,    0.0000000000E+00,    4.8344401400E+02,    4.8344401400E+02,    0.0000000000E+00,    0.0000000000E+00,    0.0000000000E+00,    4.8344401400E+02
    237800,      0.676973,CP4_after_advection,   1,    0.0000000000E+00,    4.8346012616E+02,    4.8346012616E+02,    0.0000000000E+00,    0.0000000000E+00,    0.0000000000E+00,    4.8346012616E+02
    237800,      0.676973,CP5_after_vdif,   1,    0.0000000000E+00,    4.8346012616E+02,    4.8346012616E+02,    0.0000000000E+00,    0.0000000000E+00,    0.0000000000E+00,    4.8346012616E+02
    237800,      0.676973,CP6_after_kinetics,   1,    0.0000000000E+00,    4.8346012616E+02,    4.8346012616E+02,    0.0000000000E+00,    0.0000000000E+00,    0.0000000000E+00,    4.8346012616E+02
    237800,      0.676973,CP7_after_upper_clamp,   1,    0.0000000000E+00,    4.8346012616E+02,    4.8346012616E+02,    0.0000000000E+00,    0.0000000000E+00,    0.0000000000E+00,    4.8346012616E+02
    237800,      0.676973,CP8_after_OBC,   1,    0.0000000000E+00,    4.8346012616E+02,    4.8346012616E+02,    0.0000000000E+00,    0.0000000000E+00,    0.0000000000E+00,    4.8346012616E+02
    237800,      0.676973,CP9_after_PTsource,   1,    0.0000000000E+00,    4.8346012616E+02,    4.8346012616E+02,    0.0000000000E+00,    0.0000000000E+00,    0.0000000000E+00,    4.8346012616E+02
    237800,      0.676973,CP10_after_neg_clamp,   1,    0.0000000000E+00,    4.8346012616E+02,    4.8346012616E+02,    0.0000000000E+00,    0.0000000000E+00,    0.0000000000E+00,    4.8346012616E+02
    237800,      0.676973,CP11_after_MPI,   1,    0.0000000000E+00,    4.8346012616E+02,    4.8346012616E+02,    0.0000000000E+00,    0.0000000000E+00,    0.0000000000E+00,    4.8346012616E+02
    237800,      0.676973,CP12_end,   1,    0.0000000000E+00,    4.8346012616E+02,    4.8346012616E+02,    0.0000000000E+00,    0.0000000000E+00,    0.0000000000E+00,    4.8346012616E+02
    237850,      0.676973,CP0_start,   1,    0.0000000000E+00,    4.8365135103E+02,    4.8365135103E+02,    0.0000000000E+00,    0.0000000000E+00,    0.0000000000E+00,    4.8365135103E+02
    237850,      0.676973,CP1_after_deposition,   1,    0.0000000000E+00,    4.8365135103E+02,    4.8365135103E+02,    0.0000000000E+00,    0.0000000000E+00,    0.0000000000E+00,    4.8365135103E+02
    237850,      0.676973,CP2_after_erosion,   1,    0.0000000000E+00,    4.8365135103E+02,    4.8365135103E+02,    0.0000000000E+00,    0.0000000000E+00,    0.0000000000E+00,    4.8365135103E+02
    237850,      0.676973,CP3_after_update_bottom,   1,    0.0000000000E+00,    4.8365135103E+02,    4.8365135103E+02,    0.0000000000E+00,    0.0000000000E+00,    0.0000000000E+00,    4.8365135103E+02
    237850,      0.676973,CP4_after_advection,   1,    0.0000000000E+00,    4.8366740938E+02,    4.8366740938E+02,    0.0000000000E+00,    0.0000000000E+00,    0.0000000000E+00,    4.8366740938E+02
    237850,      0.676973,CP5_after_vdif,   1,    0.0000000000E+00,    4.8366740938E+02,    4.8366740938E+02,    0.0000000000E+00,    0.0000000000E+00,    0.0000000000E+00,    4.8366740938E+02
    237850,      0.676973,CP6_after_kinetics,   1,    0.0000000000E+00,    4.8366740938E+02,    4.8366740938E+02,    0.0000000000E+00,    0.0000000000E+00,    0.0000000000E+00,    4.8366740938E+02
    237850,      0.676973,CP7_after_upper_clamp,   1,    0.0000000000E+00,    4.8366740938E+02,    4.8366740938E+02,    0.0000000000E+00,    0.0000000000E+00,    0.0000000000E+00,    4.8366740938E+02
    237850,      0.676973,CP8_after_OBC,   1,    0.0000000000E+00,    4.8366740938E+02,    4.8366740938E+02,    0.0000000000E+00,    0.0000000000E+00,    0.0000000000E+00,    4.8366740938E+02
    237850,      0.676973,CP9_after_PTsource,   1,    0.0000000000E+00,    4.8366740938E+02,    4.8366740938E+02,    0.0000000000E+00,    0.0000000000E+00,    0.0000000000E+00,    4.8366740938E+02
    237850,      0.676973,CP10_after_neg_clamp,   1,    0.0000000000E+00,    4.8366740938E+02,    4.8366740938E+02,    0.0000000000E+00,    0.0000000000E+00,    0.0000000000E+00,    4.8366740938E+02
    237850,      0.676973,CP11_after_MPI,   1,    0.0000000000E+00,    4.8366740938E+02,    4.8366740938E+02,    0.0000000000E+00,    0.0000000000E+00,    0.0000000000E+00,    4.8366740938E+02
    237850,      0.676973,CP12_end,   1,    0.0000000000E+00,    4.8366740938E+02,    4.8366740938E+02,    0.0000000000E+00,    0.0000000000E+00,    0.0000000000E+00,    4.8366740938E+02
    237900,      0.676973,CP0_start,   1,    0.0000000000E+00,    4.8385886087E+02,    4.8385886087E+02,    0.0000000000E+00,    0.0000000000E+00,    0.0000000000E+00,    4.8385886087E+02
    237900,      0.676973,CP1_after_deposition,   1,    0.0000000000E+00,    4.8385886087E+02,    4.8385886087E+02,    0.0000000000E+00,    0.0000000000E+00,    0.0000000000E+00,    4.8385886087E+02
    237900,      0.676973,CP2_after_erosion,   1,    0.0000000000E+00,    4.8385886087E+02,    4.8385886087E+02,    0.0000000000E+00,    0.0000000000E+00,    0.0000000000E+00,    4.8385886087E+02
    237900,      0.676973,CP3_after_update_bottom,   1,    0.0000000000E+00,    4.8385886087E+02,    4.8385886087E+02,    0.0000000000E+00,    0.0000000000E+00,    0.0000000000E+00,    4.8385886087E+02
    237900,      0.676973,CP4_after_advection,   1,    0.0000000000E+00,    4.8387486260E+02,    4.8387486260E+02,    0.0000000000E+00,    0.0000000000E+00,    0.0000000000E+00,    4.8387486260E+02
    237900,      0.676973,CP5_after_vdif,   1,    0.0000000000E+00,    4.8387486260E+02,    4.8387486260E+02,    0.0000000000E+00,    0.0000000000E+00,    0.0000000000E+00,    4.8387486260E+02
    237900,      0.676973,CP6_after_kinetics,   1,    0.0000000000E+00,    4.8387486260E+02,    4.8387486260E+02,    0.0000000000E+00,    0.0000000000E+00,    0.0000000000E+00,    4.8387486260E+02
    237900,      0.676973,CP7_after_upper_clamp,   1,    0.0000000000E+00,    4.8387486260E+02,    4.8387486260E+02,    0.0000000000E+00,    0.0000000000E+00,    0.0000000000E+00,    4.8387486260E+02
    237900,      0.676973,CP8_after_OBC,   1,    0.0000000000E+00,    4.8387486260E+02,    4.8387486260E+02,    0.0000000000E+00,    0.0000000000E+00,    0.0000000000E+00,    4.8387486260E+02
    237900,      0.676973,CP9_after_PTsource,   1,    0.0000000000E+00,    4.8387486260E+02,    4.8387486260E+02,    0.0000000000E+00,    0.0000000000E+00,    0.0000000000E+00,    4.8387486260E+02
    237900,      0.676973,CP10_after_neg_clamp,   1,    0.0000000000E+00,    4.8387486260E+02,    4.8387486260E+02,    0.0000000000E+00,    0.0000000000E+00,    0.0000000000E+00,    4.8387486260E+02
    237900,      0.676973,CP11_after_MPI,   1,    0.0000000000E+00,    4.8387486260E+02,    4.8387486260E+02,    0.0000000000E+00,    0.0000000000E+00,    0.0000000000E+00,    4.8387486260E+02
    237900,      0.676973,CP12_end,   1,    0.0000000000E+00,    4.8387486260E+02,    4.8387486260E+02,    0.0000000000E+00,    0.0000000000E+00,    0.0000000000E+00,    4.8387486260E+02
    237950,      0.676973,CP0_start,   1,    0.0000000000E+00,    4.8406667700E+02,    4.8406667700E+02,    0.0000000000E+00,    0.0000000000E+00,    0.0000000000E+00,    4.8406667700E+02
    237950,      0.676973,CP1_after_deposition,   1,    0.0000000000E+00,    4.8406667700E+02,    4.8406667700E+02,    0.0000000000E+00,    0.0000000000E+00,    0.0000000000E+00,    4.8406667700E+02
    237950,      0.676973,CP2_after_erosion,   1,    0.0000000000E+00,    4.8406667700E+02,    4.8406667700E+02,    0.0000000000E+00,    0.0000000000E+00,    0.0000000000E+00,    4.8406667700E+02
    237950,      0.676973,CP3_after_update_bottom,   1,    0.0000000000E+00,    4.8406667700E+02,    4.8406667700E+02,    0.0000000000E+00,    0.0000000000E+00,    0.0000000000E+00,    4.8406667700E+02
    237950,      0.676973,CP4_after_advection,   1,    0.0000000000E+00,    4.8408262290E+02,    4.8408262290E+02,    0.0000000000E+00,    0.0000000000E+00,    0.0000000000E+00,    4.8408262290E+02
    237950,      0.676973,CP5_after_vdif,   1,    0.0000000000E+00,    4.8408262290E+02,    4.8408262290E+02,    0.0000000000E+00,    0.0000000000E+00,    0.0000000000E+00,    4.8408262290E+02
    237950,      0.676973,CP6_after_kinetics,   1,    0.0000000000E+00,    4.8408262290E+02,    4.8408262290E+02,    0.0000000000E+00,    0.0000000000E+00,    0.0000000000E+00,    4.8408262290E+02
    237950,      0.676973,CP7_after_upper_clamp,   1,    0.0000000000E+00,    4.8408262290E+02,    4.8408262290E+02,    0.0000000000E+00,    0.0000000000E+00,    0.0000000000E+00,    4.8408262290E+02
    237950,      0.676973,CP8_after_OBC,   1,    0.0000000000E+00,    4.8408262290E+02,    4.8408262290E+02,    0.0000000000E+00,    0.0000000000E+00,    0.0000000000E+00,    4.8408262290E+02
    237950,      0.676973,CP9_after_PTsource,   1,    0.0000000000E+00,    4.8408262290E+02,    4.8408262290E+02,    0.0000000000E+00,    0.0000000000E+00,    0.0000000000E+00,    4.8408262290E+02
    237950,      0.676973,CP10_after_neg_clamp,   1,    0.0000000000E+00,    4.8408262290E+02,    4.8408262290E+02,    0.0000000000E+00,    0.0000000000E+00,    0.0000000000E+00,    4.8408262290E+02
    237950,      0.676973,CP11_after_MPI,   1,    0.0000000000E+00,    4.8408262290E+02,    4.8408262290E+02,    0.0000000000E+00,    0.0000000000E+00,    0.0000000000E+00,    4.8408262290E+02
    237950,      0.676973,CP12_end,   1,    0.0000000000E+00,    4.8408262290E+02,    4.8408262290E+02,    0.0000000000E+00,    0.0000000000E+00,    0.0000000000E+00,    4.8408262290E+02
    238000,      0.676973,CP0_start,   1,    0.0000000000E+00,    4.8427475402E+02,    4.8427475402E+02,    0.0000000000E+00,    0.0000000000E+00,    0.0000000000E+00,    4.8427475402E+02
    238000,      0.676973,CP1_after_deposition,   1,    0.0000000000E+00,    4.8427475402E+02,    4.8427475402E+02,    0.0000000000E+00,    0.0000000000E+00,    0.0000000000E+00,    4.8427475402E+02
    238000,      0.676973,CP2_after_erosion,   1,    0.0000000000E+00,    4.8427475402E+02,    4.8427475402E+02,    0.0000000000E+00,    0.0000000000E+00,    0.0000000000E+00,    4.8427475402E+02
    238000,      0.676973,CP3_after_update_bottom,   1,    0.0000000000E+00,    4.8427475402E+02,    4.8427475402E+02,    0.0000000000E+00,    0.0000000000E+00,    0.0000000000E+00,    4.8427475402E+02
    238000,      0.676973,CP4_after_advection,   1,    0.0000000000E+00,    4.8429064556E+02,    4.8429064556E+02,    0.0000000000E+00,    0.0000000000E+00,    0.0000000000E+00,    4.8429064556E+02
    238000,      0.676973,CP5_after_vdif,   1,    0.0000000000E+00,    4.8429064556E+02,    4.8429064556E+02,    0.0000000000E+00,    0.0000000000E+00,    0.0000000000E+00,    4.8429064556E+02
    238000,      0.676973,CP6_after_kinetics,   1,    0.0000000000E+00,    4.8429064556E+02,    4.8429064556E+02,    0.0000000000E+00,    0.0000000000E+00,    0.0000000000E+00,    4.8429064556E+02
    238000,      0.676973,CP7_after_upper_clamp,   1,    0.0000000000E+00,    4.8429064556E+02,    4.8429064556E+02,    0.0000000000E+00,    0.0000000000E+00,    0.0000000000E+00,    4.8429064556E+02
    238000,      0.676973,CP8_after_OBC,   1,    0.0000000000E+00,    4.8429064556E+02,    4.8429064556E+02,    0.0000000000E+00,    0.0000000000E+00,    0.0000000000E+00,    4.8429064556E+02
    238000,      0.676973,CP9_after_PTsource,   1,    0.0000000000E+00,    4.8429064556E+02,    4.8429064556E+02,    0.0000000000E+00,    0.0000000000E+00,    0.0000000000E+00,    4.8429064556E+02
    238000,      0.676973,CP10_after_neg_clamp,   1,    0.0000000000E+00,    4.8429064556E+02,    4.8429064556E+02,    0.0000000000E+00,    0.0000000000E+00,    0.0000000000E+00,    4.8429064556E+02
    238000,      0.676973,CP11_after_MPI,   1,    0.0000000000E+00,    4.8429064556E+02,    4.8429064556E+02,    0.0000000000E+00,    0.0000000000E+00,    0.0000000000E+00,    4.8429064556E+02
    238000,      0.676973,CP12_end,   1,    0.0000000000E+00,    4.8429064556E+02,    4.8429064556E+02,    0.0000000000E+00,    0.0000000000E+00,    0.0000000000E+00,    4.8429064556E+02
    238050,      0.676974,CP0_start,   1,    0.0000000000E+00,    4.8448302865E+02,    4.8448302865E+02,    0.0000000000E+00,    0.0000000000E+00,    0.0000000000E+00,    4.8448302865E+02
    238050,      0.676974,CP1_after_deposition,   1,    0.0000000000E+00,    4.8448302865E+02,    4.8448302865E+02,    0.0000000000E+00,    0.0000000000E+00,    0.0000000000E+00,    4.8448302865E+02
    238050,      0.676974,CP2_after_erosion,   1,    0.0000000000E+00,    4.8448302865E+02,    4.8448302865E+02,    0.0000000000E+00,    0.0000000000E+00,    0.0000000000E+00,    4.8448302865E+02
    238050,      0.676974,CP3_after_update_bottom,   1,    0.0000000000E+00,    4.8448302865E+02,    4.8448302865E+02,    0.0000000000E+00,    0.0000000000E+00,    0.0000000000E+00,    4.8448302865E+02
    238050,      0.676974,CP4_after_advection,   1,    0.0000000000E+00,    4.8449886617E+02,    4.8449886617E+02,    0.0000000000E+00,    0.0000000000E+00,    0.0000000000E+00,    4.8449886617E+02
    238050,      0.676974,CP5_after_vdif,   1,    0.0000000000E+00,    4.8449886617E+02,    4.8449886617E+02,    0.0000000000E+00,    0.0000000000E+00,    0.0000000000E+00,    4.8449886617E+02
    238050,      0.676974,CP6_after_kinetics,   1,    0.0000000000E+00,    4.8449886617E+02,    4.8449886617E+02,    0.0000000000E+00,    0.0000000000E+00,    0.0000000000E+00,    4.8449886617E+02
    238050,      0.676974,CP7_after_upper_clamp,   1,    0.0000000000E+00,    4.8449886617E+02,    4.8449886617E+02,    0.0000000000E+00,    0.0000000000E+00,    0.0000000000E+00,    4.8449886617E+02
    238050,      0.676974,CP8_after_OBC,   1,    0.0000000000E+00,    4.8449886617E+02,    4.8449886617E+02,    0.0000000000E+00,    0.0000000000E+00,    0.0000000000E+00,    4.8449886617E+02
    238050,      0.676974,CP9_after_PTsource,   1,    0.0000000000E+00,    4.8449886617E+02,    4.8449886617E+02,    0.0000000000E+00,    0.0000000000E+00,    0.0000000000E+00,    4.8449886617E+02
    238050,      0.676974,CP10_after_neg_clamp,   1,    0.0000000000E+00,    4.8449886617E+02,    4.8449886617E+02,    0.0000000000E+00,    0.0000000000E+00,    0.0000000000E+00,    4.8449886617E+02
    238050,      0.676974,CP11_after_MPI,   1,    0.0000000000E+00,    4.8449886617E+02,    4.8449886617E+02,    0.0000000000E+00,    0.0000000000E+00,    0.0000000000E+00,    4.8449886617E+02
    238050,      0.676974,CP12_end,   1,    0.0000000000E+00,    4.8449886617E+02,    4.8449886617E+02,    0.0000000000E+00,    0.0000000000E+00,    0.0000000000E+00,    4.8449886617E+02
    238100,      0.676974,CP0_start,   1,    0.0000000000E+00,    4.8469154541E+02,    4.8469154541E+02,    0.0000000000E+00,    0.0000000000E+00,    0.0000000000E+00,    4.8469154541E+02
    238100,      0.676974,CP1_after_deposition,   1,    0.0000000000E+00,    4.8469154541E+02,    4.8469154541E+02,    0.0000000000E+00,    0.0000000000E+00,    0.0000000000E+00,    4.8469154541E+02
    238100,      0.676974,CP2_after_erosion,   1,    0.0000000000E+00,    4.8469154541E+02,    4.8469154541E+02,    0.0000000000E+00,    0.0000000000E+00,    0.0000000000E+00,    4.8469154541E+02
    238100,      0.676974,CP3_after_update_bottom,   1,    0.0000000000E+00,    4.8469154541E+02,    4.8469154541E+02,    0.0000000000E+00,    0.0000000000E+00,    0.0000000000E+00,    4.8469154541E+02
    238100,      0.676974,CP4_after_advection,   1,    0.0000000000E+00,    4.8470733388E+02,    4.8470733388E+02,    0.0000000000E+00,    0.0000000000E+00,    0.0000000000E+00,    4.8470733388E+02
    238100,      0.676974,CP5_after_vdif,   1,    0.0000000000E+00,    4.8470733388E+02,    4.8470733388E+02,    0.0000000000E+00,    0.0000000000E+00,    0.0000000000E+00,    4.8470733388E+02
    238100,      0.676974,CP6_after_kinetics,   1,    0.0000000000E+00,    4.8470733388E+02,    4.8470733388E+02,    0.0000000000E+00,    0.0000000000E+00,    0.0000000000E+00,    4.8470733388E+02
    238100,      0.676974,CP7_after_upper_clamp,   1,    0.0000000000E+00,    4.8470733388E+02,    4.8470733388E+02,    0.0000000000E+00,    0.0000000000E+00,    0.0000000000E+00,    4.8470733388E+02
    238100,      0.676974,CP8_after_OBC,   1,    0.0000000000E+00,    4.8470733388E+02,    4.8470733388E+02,    0.0000000000E+00,    0.0000000000E+00,    0.0000000000E+00,    4.8470733388E+02
    238100,      0.676974,CP9_after_PTsource,   1,    0.0000000000E+00,    4.8470733388E+02,    4.8470733388E+02,    0.0000000000E+00,    0.0000000000E+00,    0.0000000000E+00,    4.8470733388E+02
    238100,      0.676974,CP10_after_neg_clamp,   1,    0.0000000000E+00,    4.8470733388E+02,    4.8470733388E+02,    0.0000000000E+00,    0.0000000000E+00,    0.0000000000E+00,    4.8470733388E+02
    238100,      0.676974,CP11_after_MPI,   1,    0.0000000000E+00,    4.8470733388E+02,    4.8470733388E+02,    0.0000000000E+00,    0.0000000000E+00,    0.0000000000E+00,    4.8470733388E+02
    238100,      0.676974,CP12_end,   1,    0.0000000000E+00,    4.8470733388E+02,    4.8470733388E+02,    0.0000000000E+00,    0.0000000000E+00,    0.0000000000E+00,    4.8470733388E+02
    238150,      0.676974,CP0_start,   1,    0.0000000000E+00,    4.8490017876E+02,    4.8490017876E+02,    0.0000000000E+00,    0.0000000000E+00,    0.0000000000E+00,    4.8490017876E+02
    238150,      0.676974,CP1_after_deposition,   1,    0.0000000000E+00,    4.8490017876E+02,    4.8490017876E+02,    0.0000000000E+00,    0.0000000000E+00,    0.0000000000E+00,    4.8490017876E+02
    238150,      0.676974,CP2_after_erosion,   1,    0.0000000000E+00,    4.8490017876E+02,    4.8490017876E+02,    0.0000000000E+00,    0.0000000000E+00,    0.0000000000E+00,    4.8490017876E+02
    238150,      0.676974,CP3_after_update_bottom,   1,    0.0000000000E+00,    4.8490017876E+02,    4.8490017876E+02,    0.0000000000E+00,    0.0000000000E+00,    0.0000000000E+00,    4.8490017876E+02
    238150,      0.676974,CP4_after_advection,   1,    0.0000000000E+00,    4.8491590770E+02,    4.8491590770E+02,    0.0000000000E+00,    0.0000000000E+00,    0.0000000000E+00,    4.8491590770E+02
    238150,      0.676974,CP5_after_vdif,   1,    0.0000000000E+00,    4.8491590770E+02,    4.8491590770E+02,    0.0000000000E+00,    0.0000000000E+00,    0.0000000000E+00,    4.8491590770E+02
    238150,      0.676974,CP6_after_kinetics,   1,    0.0000000000E+00,    4.8491590770E+02,    4.8491590770E+02,    0.0000000000E+00,    0.0000000000E+00,    0.0000000000E+00,    4.8491590770E+02
    238150,      0.676974,CP7_after_upper_clamp,   1,    0.0000000000E+00,    4.8491590770E+02,    4.8491590770E+02,    0.0000000000E+00,    0.0000000000E+00,    0.0000000000E+00,    4.8491590770E+02
    238150,      0.676974,CP8_after_OBC,   1,    0.0000000000E+00,    4.8491590770E+02,    4.8491590770E+02,    0.0000000000E+00,    0.0000000000E+00,    0.0000000000E+00,    4.8491590770E+02
    238150,      0.676974,CP9_after_PTsource,   1,    0.0000000000E+00,    4.8491590770E+02,    4.8491590770E+02,    0.0000000000E+00,    0.0000000000E+00,    0.0000000000E+00,    4.8491590770E+02
    238150,      0.676974,CP10_after_neg_clamp,   1,    0.0000000000E+00,    4.8491590770E+02,    4.8491590770E+02,    0.0000000000E+00,    0.0000000000E+00,    0.0000000000E+00,    4.8491590770E+02
    238150,      0.676974,CP11_after_MPI,   1,    0.0000000000E+00,    4.8491590770E+02,    4.8491590770E+02,    0.0000000000E+00,    0.0000000000E+00,    0.0000000000E+00,    4.8491590770E+02
    238150,      0.676974,CP12_end,   1,    0.0000000000E+00,    4.8491590770E+02,    4.8491590770E+02,    0.0000000000E+00,    0.0000000000E+00,    0.0000000000E+00,    4.8491590770E+02
    238200,      0.676974,CP0_start,   1,    0.0000000000E+00,    4.8510873653E+02,    4.8510873653E+02,    0.0000000000E+00,    0.0000000000E+00,    0.0000000000E+00,    4.8510873653E+02
    238200,      0.676974,CP1_after_deposition,   1,    0.0000000000E+00,    4.8510873653E+02,    4.8510873653E+02,    0.0000000000E+00,    0.0000000000E+00,    0.0000000000E+00,    4.8510873653E+02
    238200,      0.676974,CP2_after_erosion,   1,    0.0000000000E+00,    4.8510873653E+02,    4.8510873653E+02,    0.0000000000E+00,    0.0000000000E+00,    0.0000000000E+00,    4.8510873653E+02
    238200,      0.676974,CP3_after_update_bottom,   1,    0.0000000000E+00,    4.8510873653E+02,    4.8510873653E+02,    0.0000000000E+00,    0.0000000000E+00,    0.0000000000E+00,    4.8510873653E+02
    238200,      0.676974,CP4_after_advection,   1,    0.0000000000E+00,    4.8512440283E+02,    4.8512440283E+02,    0.0000000000E+00,    0.0000000000E+00,    0.0000000000E+00,    4.8512440283E+02
    238200,      0.676974,CP5_after_vdif,   1,    0.0000000000E+00,    4.8512440283E+02,    4.8512440283E+02,    0.0000000000E+00,    0.0000000000E+00,    0.0000000000E+00,    4.8512440283E+02
    238200,      0.676974,CP6_after_kinetics,   1,    0.0000000000E+00,    4.8512440283E+02,    4.8512440283E+02,    0.0000000000E+00,    0.0000000000E+00,    0.0000000000E+00,    4.8512440283E+02
    238200,      0.676974,CP7_after_upper_clamp,   1,    0.0000000000E+00,    4.8512440283E+02,    4.8512440283E+02,    0.0000000000E+00,    0.0000000000E+00,    0.0000000000E+00,    4.8512440283E+02
    238200,      0.676974,CP8_after_OBC,   1,    0.0000000000E+00,    4.8512440283E+02,    4.8512440283E+02,    0.0000000000E+00,    0.0000000000E+00,    0.0000000000E+00,    4.8512440283E+02
    238200,      0.676974,CP9_after_PTsource,   1,    0.0000000000E+00,    4.8512440283E+02,    4.8512440283E+02,    0.0000000000E+00,    0.0000000000E+00,    0.0000000000E+00,    4.8512440283E+02
    238200,      0.676974,CP10_after_neg_clamp,   1,    0.0000000000E+00,    4.8512440283E+02,    4.8512440283E+02,    0.0000000000E+00,    0.0000000000E+00,    0.0000000000E+00,    4.8512440283E+02
    238200,      0.676974,CP11_after_MPI,   1,    0.0000000000E+00,    4.8512440283E+02,    4.8512440283E+02,    0.0000000000E+00,    0.0000000000E+00,    0.0000000000E+00,    4.8512440283E+02
    238200,      0.676974,CP12_end,   1,    0.0000000000E+00,    4.8512440283E+02,    4.8512440283E+02,    0.0000000000E+00,    0.0000000000E+00,    0.0000000000E+00,    4.8512440283E+02
    238250,      0.676974,CP0_start,   1,    0.0000000000E+00,    4.8531719117E+02,    4.8531719117E+02,    0.0000000000E+00,    0.0000000000E+00,    0.0000000000E+00,    4.8531719117E+02
    238250,      0.676974,CP1_after_deposition,   1,    0.0000000000E+00,    4.8531719117E+02,    4.8531719117E+02,    0.0000000000E+00,    0.0000000000E+00,    0.0000000000E+00,    4.8531719117E+02
    238250,      0.676974,CP2_after_erosion,   1,    0.0000000000E+00,    4.8531719117E+02,    4.8531719117E+02,    0.0000000000E+00,    0.0000000000E+00,    0.0000000000E+00,    4.8531719117E+02
    238250,      0.676974,CP3_after_update_bottom,   1,    0.0000000000E+00,    4.8531719117E+02,    4.8531719117E+02,    0.0000000000E+00,    0.0000000000E+00,    0.0000000000E+00,    4.8531719117E+02
    238250,      0.676974,CP4_after_advection,   1,    0.0000000000E+00,    4.8533279521E+02,    4.8533279521E+02,    0.0000000000E+00,    0.0000000000E+00,    0.0000000000E+00,    4.8533279521E+02
    238250,      0.676974,CP5_after_vdif,   1,    0.0000000000E+00,    4.8533279521E+02,    4.8533279521E+02,    0.0000000000E+00,    0.0000000000E+00,    0.0000000000E+00,    4.8533279521E+02
    238250,      0.676974,CP6_after_kinetics,   1,    0.0000000000E+00,    4.8533279521E+02,    4.8533279521E+02,    0.0000000000E+00,    0.0000000000E+00,    0.0000000000E+00,    4.8533279521E+02
    238250,      0.676974,CP7_after_upper_clamp,   1,    0.0000000000E+00,    4.8533279521E+02,    4.8533279521E+02,    0.0000000000E+00,    0.0000000000E+00,    0.0000000000E+00,    4.8533279521E+02
    238250,      0.676974,CP8_after_OBC,   1,    0.0000000000E+00,    4.8533279521E+02,    4.8533279521E+02,    0.0000000000E+00,    0.0000000000E+00,    0.0000000000E+00,    4.8533279521E+02
    238250,      0.676974,CP9_after_PTsource,   1,    0.0000000000E+00,    4.8533279521E+02,    4.8533279521E+02,    0.0000000000E+00,    0.0000000000E+00,    0.0000000000E+00,    4.8533279521E+02
    238250,      0.676974,CP10_after_neg_clamp,   1,    0.0000000000E+00,    4.8533279521E+02,    4.8533279521E+02,    0.0000000000E+00,    0.0000000000E+00,    0.0000000000E+00,    4.8533279521E+02
    238250,      0.676974,CP11_after_MPI,   1,    0.0000000000E+00,    4.8533279521E+02,    4.8533279521E+02,    0.0000000000E+00,    0.0000000000E+00,    0.0000000000E+00,    4.8533279521E+02
    238250,      0.676974,CP12_end,   1,    0.0000000000E+00,    4.8533279521E+02,    4.8533279521E+02,    0.0000000000E+00,    0.0000000000E+00,    0.0000000000E+00,    4.8533279521E+02
    238300,      0.676974,CP0_start,   1,    0.0000000000E+00,    4.8552568755E+02,    4.8552568755E+02,    0.0000000000E+00,    0.0000000000E+00,    0.0000000000E+00,    4.8552568755E+02
    238300,      0.676974,CP1_after_deposition,   1,    0.0000000000E+00,    4.8552568755E+02,    4.8552568755E+02,    0.0000000000E+00,    0.0000000000E+00,    0.0000000000E+00,    4.8552568755E+02
    238300,      0.676974,CP2_after_erosion,   1,    0.0000000000E+00,    4.8552568755E+02,    4.8552568755E+02,    0.0000000000E+00,    0.0000000000E+00,    0.0000000000E+00,    4.8552568755E+02
    238300,      0.676974,CP3_after_update_bottom,   1,    0.0000000000E+00,    4.8552568755E+02,    4.8552568755E+02,    0.0000000000E+00,    0.0000000000E+00,    0.0000000000E+00,    4.8552568755E+02
    238300,      0.676974,CP4_after_advection,   1,    0.0000000000E+00,    4.8554123360E+02,    4.8554123360E+02,    0.0000000000E+00,    0.0000000000E+00,    0.0000000000E+00,    4.8554123360E+02
    238300,      0.676974,CP5_after_vdif,   1,    0.0000000000E+00,    4.8554123360E+02,    4.8554123360E+02,    0.0000000000E+00,    0.0000000000E+00,    0.0000000000E+00,    4.8554123360E+02
    238300,      0.676974,CP6_after_kinetics,   1,    0.0000000000E+00,    4.8554123360E+02,    4.8554123360E+02,    0.0000000000E+00,    0.0000000000E+00,    0.0000000000E+00,    4.8554123360E+02
    238300,      0.676974,CP7_after_upper_clamp,   1,    0.0000000000E+00,    4.8554123360E+02,    4.8554123360E+02,    0.0000000000E+00,    0.0000000000E+00,    0.0000000000E+00,    4.8554123360E+02
    238300,      0.676974,CP8_after_OBC,   1,    0.0000000000E+00,    4.8554123360E+02,    4.8554123360E+02,    0.0000000000E+00,    0.0000000000E+00,    0.0000000000E+00,    4.8554123360E+02
    238300,      0.676974,CP9_after_PTsource,   1,    0.0000000000E+00,    4.8554123360E+02,    4.8554123360E+02,    0.0000000000E+00,    0.0000000000E+00,    0.0000000000E+00,    4.8554123360E+02
    238300,      0.676974,CP10_after_neg_clamp,   1,    0.0000000000E+00,    4.8554123360E+02,    4.8554123360E+02,    0.0000000000E+00,    0.0000000000E+00,    0.0000000000E+00,    4.8554123360E+02
    238300,      0.676974,CP11_after_MPI,   1,    0.0000000000E+00,    4.8554123360E+02,    4.8554123360E+02,    0.0000000000E+00,    0.0000000000E+00,    0.0000000000E+00,    4.8554123360E+02
    238300,      0.676974,CP12_end,   1,    0.0000000000E+00,    4.8554123360E+02,    4.8554123360E+02,    0.0000000000E+00,    0.0000000000E+00,    0.0000000000E+00,    4.8554123360E+02
    238350,      0.676974,CP0_start,   1,    0.0000000000E+00,    4.8573438554E+02,    4.8573438554E+02,    0.0000000000E+00,    0.0000000000E+00,    0.0000000000E+00,    4.8573438554E+02
    238350,      0.676974,CP1_after_deposition,   1,    0.0000000000E+00,    4.8573438554E+02,    4.8573438554E+02,    0.0000000000E+00,    0.0000000000E+00,    0.0000000000E+00,    4.8573438554E+02
    238350,      0.676974,CP2_after_erosion,   1,    0.0000000000E+00,    4.8573438554E+02,    4.8573438554E+02,    0.0000000000E+00,    0.0000000000E+00,    0.0000000000E+00,    4.8573438554E+02
    238350,      0.676974,CP3_after_update_bottom,   1,    0.0000000000E+00,    4.8573438554E+02,    4.8573438554E+02,    0.0000000000E+00,    0.0000000000E+00,    0.0000000000E+00,    4.8573438554E+02
    238350,      0.676974,CP4_after_advection,   1,    0.0000000000E+00,    4.8574987296E+02,    4.8574987296E+02,    0.0000000000E+00,    0.0000000000E+00,    0.0000000000E+00,    4.8574987296E+02
    238350,      0.676974,CP5_after_vdif,   1,    0.0000000000E+00,    4.8574987296E+02,    4.8574987296E+02,    0.0000000000E+00,    0.0000000000E+00,    0.0000000000E+00,    4.8574987296E+02
    238350,      0.676974,CP6_after_kinetics,   1,    0.0000000000E+00,    4.8574987296E+02,    4.8574987296E+02,    0.0000000000E+00,    0.0000000000E+00,    0.0000000000E+00,    4.8574987296E+02
    238350,      0.676974,CP7_after_upper_clamp,   1,    0.0000000000E+00,    4.8574987296E+02,    4.8574987296E+02,    0.0000000000E+00,    0.0000000000E+00,    0.0000000000E+00,    4.8574987296E+02
    238350,      0.676974,CP8_after_OBC,   1,    0.0000000000E+00,    4.8574987296E+02,    4.8574987296E+02,    0.0000000000E+00,    0.0000000000E+00,    0.0000000000E+00,    4.8574987296E+02
    238350,      0.676974,CP9_after_PTsource,   1,    0.0000000000E+00,    4.8574987296E+02,    4.8574987296E+02,    0.0000000000E+00,    0.0000000000E+00,    0.0000000000E+00,    4.8574987296E+02
    238350,      0.676974,CP10_after_neg_clamp,   1,    0.0000000000E+00,    4.8574987296E+02,    4.8574987296E+02,    0.0000000000E+00,    0.0000000000E+00,    0.0000000000E+00,    4.8574987296E+02
    238350,      0.676974,CP11_after_MPI,   1,    0.0000000000E+00,    4.8574987296E+02,    4.8574987296E+02,    0.0000000000E+00,    0.0000000000E+00,    0.0000000000E+00,    4.8574987296E+02
    238350,      0.676974,CP12_end,   1,    0.0000000000E+00,    4.8574987296E+02,    4.8574987296E+02,    0.0000000000E+00,    0.0000000000E+00,    0.0000000000E+00,    4.8574987296E+02
    238400,      0.676974,CP0_start,   1,    0.0000000000E+00,    4.8594329794E+02,    4.8594329794E+02,    0.0000000000E+00,    0.0000000000E+00,    0.0000000000E+00,    4.8594329794E+02
    238400,      0.676974,CP1_after_deposition,   1,    0.0000000000E+00,    4.8594329794E+02,    4.8594329794E+02,    0.0000000000E+00,    0.0000000000E+00,    0.0000000000E+00,    4.8594329794E+02
    238400,      0.676974,CP2_after_erosion,   1,    0.0000000000E+00,    4.8594329794E+02,    4.8594329794E+02,    0.0000000000E+00,    0.0000000000E+00,    0.0000000000E+00,    4.8594329794E+02
    238400,      0.676974,CP3_after_update_bottom,   1,    0.0000000000E+00,    4.8594329794E+02,    4.8594329794E+02,    0.0000000000E+00,    0.0000000000E+00,    0.0000000000E+00,    4.8594329794E+02
    238400,      0.676974,CP4_after_advection,   1,    0.0000000000E+00,    4.8595872031E+02,    4.8595872031E+02,    0.0000000000E+00,    0.0000000000E+00,    0.0000000000E+00,    4.8595872031E+02
    238400,      0.676974,CP5_after_vdif,   1,    0.0000000000E+00,    4.8595872031E+02,    4.8595872031E+02,    0.0000000000E+00,    0.0000000000E+00,    0.0000000000E+00,    4.8595872031E+02
    238400,      0.676974,CP6_after_kinetics,   1,    0.0000000000E+00,    4.8595872031E+02,    4.8595872031E+02,    0.0000000000E+00,    0.0000000000E+00,    0.0000000000E+00,    4.8595872031E+02
    238400,      0.676974,CP7_after_upper_clamp,   1,    0.0000000000E+00,    4.8595872031E+02,    4.8595872031E+02,    0.0000000000E+00,    0.0000000000E+00,    0.0000000000E+00,    4.8595872031E+02
    238400,      0.676974,CP8_after_OBC,   1,    0.0000000000E+00,    4.8595872031E+02,    4.8595872031E+02,    0.0000000000E+00,    0.0000000000E+00,    0.0000000000E+00,    4.8595872031E+02
    238400,      0.676974,CP9_after_PTsource,   1,    0.0000000000E+00,    4.8595872031E+02,    4.8595872031E+02,    0.0000000000E+00,    0.0000000000E+00,    0.0000000000E+00,    4.8595872031E+02
    238400,      0.676974,CP10_after_neg_clamp,   1,    0.0000000000E+00,    4.8595872031E+02,    4.8595872031E+02,    0.0000000000E+00,    0.0000000000E+00,    0.0000000000E+00,    4.8595872031E+02
    238400,      0.676974,CP11_after_MPI,   1,    0.0000000000E+00,    4.8595872031E+02,    4.8595872031E+02,    0.0000000000E+00,    0.0000000000E+00,    0.0000000000E+00,    4.8595872031E+02
    238400,      0.676974,CP12_end,   1,    0.0000000000E+00,    4.8595872031E+02,    4.8595872031E+02,    0.0000000000E+00,    0.0000000000E+00,    0.0000000000E+00,    4.8595872031E+02
    238450,      0.676974,CP0_start,   1,    0.0000000000E+00,    4.8615235633E+02,    4.8615235633E+02,    0.0000000000E+00,    0.0000000000E+00,    0.0000000000E+00,    4.8615235633E+02
    238450,      0.676974,CP1_after_deposition,   1,    0.0000000000E+00,    4.8615235633E+02,    4.8615235633E+02,    0.0000000000E+00,    0.0000000000E+00,    0.0000000000E+00,    4.8615235633E+02
    238450,      0.676974,CP2_after_erosion,   1,    0.0000000000E+00,    4.8615235633E+02,    4.8615235633E+02,    0.0000000000E+00,    0.0000000000E+00,    0.0000000000E+00,    4.8615235633E+02
    238450,      0.676974,CP3_after_update_bottom,   1,    0.0000000000E+00,    4.8615235633E+02,    4.8615235633E+02,    0.0000000000E+00,    0.0000000000E+00,    0.0000000000E+00,    4.8615235633E+02
    238450,      0.676974,CP4_after_advection,   1,    0.0000000000E+00,    4.8616771438E+02,    4.8616771438E+02,    0.0000000000E+00,    0.0000000000E+00,    0.0000000000E+00,    4.8616771438E+02
    238450,      0.676974,CP5_after_vdif,   1,    0.0000000000E+00,    4.8616771438E+02,    4.8616771438E+02,    0.0000000000E+00,    0.0000000000E+00,    0.0000000000E+00,    4.8616771438E+02
    238450,      0.676974,CP6_after_kinetics,   1,    0.0000000000E+00,    4.8616771438E+02,    4.8616771438E+02,    0.0000000000E+00,    0.0000000000E+00,    0.0000000000E+00,    4.8616771438E+02
    238450,      0.676974,CP7_after_upper_clamp,   1,    0.0000000000E+00,    4.8616771438E+02,    4.8616771438E+02,    0.0000000000E+00,    0.0000000000E+00,    0.0000000000E+00,    4.8616771438E+02
    238450,      0.676974,CP8_after_OBC,   1,    0.0000000000E+00,    4.8616771438E+02,    4.8616771438E+02,    0.0000000000E+00,    0.0000000000E+00,    0.0000000000E+00,    4.8616771438E+02
    238450,      0.676974,CP9_after_PTsource,   1,    0.0000000000E+00,    4.8616771438E+02,    4.8616771438E+02,    0.0000000000E+00,    0.0000000000E+00,    0.0000000000E+00,    4.8616771438E+02
    238450,      0.676974,CP10_after_neg_clamp,   1,    0.0000000000E+00,    4.8616771438E+02,    4.8616771438E+02,    0.0000000000E+00,    0.0000000000E+00,    0.0000000000E+00,    4.8616771438E+02
    238450,      0.676974,CP11_after_MPI,   1,    0.0000000000E+00,    4.8616771438E+02,    4.8616771438E+02,    0.0000000000E+00,    0.0000000000E+00,    0.0000000000E+00,    4.8616771438E+02
    238450,      0.676974,CP12_end,   1,    0.0000000000E+00,    4.8616771438E+02,    4.8616771438E+02,    0.0000000000E+00,    0.0000000000E+00,    0.0000000000E+00,    4.8616771438E+02
    238500,      0.676974,CP0_start,   1,    0.0000000000E+00,    4.8636162548E+02,    4.8636162548E+02,    0.0000000000E+00,    0.0000000000E+00,    0.0000000000E+00,    4.8636162548E+02
    238500,      0.676974,CP1_after_deposition,   1,    0.0000000000E+00,    4.8636162548E+02,    4.8636162548E+02,    0.0000000000E+00,    0.0000000000E+00,    0.0000000000E+00,    4.8636162548E+02
    238500,      0.676974,CP2_after_erosion,   1,    0.0000000000E+00,    4.8636162548E+02,    4.8636162548E+02,    0.0000000000E+00,    0.0000000000E+00,    0.0000000000E+00,    4.8636162548E+02
    238500,      0.676974,CP3_after_update_bottom,   1,    0.0000000000E+00,    4.8636162548E+02,    4.8636162548E+02,    0.0000000000E+00,    0.0000000000E+00,    0.0000000000E+00,    4.8636162548E+02
    238500,      0.676974,CP4_after_advection,   1,    0.0000000000E+00,    4.8637691873E+02,    4.8637691873E+02,    0.0000000000E+00,    0.0000000000E+00,    0.0000000000E+00,    4.8637691873E+02
    238500,      0.676974,CP5_after_vdif,   1,    0.0000000000E+00,    4.8637691873E+02,    4.8637691873E+02,    0.0000000000E+00,    0.0000000000E+00,    0.0000000000E+00,    4.8637691873E+02
    238500,      0.676974,CP6_after_kinetics,   1,    0.0000000000E+00,    4.8637691873E+02,    4.8637691873E+02,    0.0000000000E+00,    0.0000000000E+00,    0.0000000000E+00,    4.8637691873E+02
    238500,      0.676974,CP7_after_upper_clamp,   1,    0.0000000000E+00,    4.8637691873E+02,    4.8637691873E+02,    0.0000000000E+00,    0.0000000000E+00,    0.0000000000E+00,    4.8637691873E+02
    238500,      0.676974,CP8_after_OBC,   1,    0.0000000000E+00,    4.8637691873E+02,    4.8637691873E+02,    0.0000000000E+00,    0.0000000000E+00,    0.0000000000E+00,    4.8637691873E+02
    238500,      0.676974,CP9_after_PTsource,   1,    0.0000000000E+00,    4.8637691873E+02,    4.8637691873E+02,    0.0000000000E+00,    0.0000000000E+00,    0.0000000000E+00,    4.8637691873E+02
    238500,      0.676974,CP10_after_neg_clamp,   1,    0.0000000000E+00,    4.8637691873E+02,    4.8637691873E+02,    0.0000000000E+00,    0.0000000000E+00,    0.0000000000E+00,    4.8637691873E+02
    238500,      0.676974,CP11_after_MPI,   1,    0.0000000000E+00,    4.8637691873E+02,    4.8637691873E+02,    0.0000000000E+00,    0.0000000000E+00,    0.0000000000E+00,    4.8637691873E+02
    238500,      0.676974,CP12_end,   1,    0.0000000000E+00,    4.8637691873E+02,    4.8637691873E+02,    0.0000000000E+00,    0.0000000000E+00,    0.0000000000E+00,    4.8637691873E+02
    238550,      0.676974,CP0_start,   1,    0.0000000000E+00,    4.8657006138E+02,    4.8657006138E+02,    0.0000000000E+00,    0.0000000000E+00,    0.0000000000E+00,    4.8657006138E+02
    238550,      0.676974,CP1_after_deposition,   1,    0.0000000000E+00,    4.8657006138E+02,    4.8657006138E+02,    0.0000000000E+00,    0.0000000000E+00,    0.0000000000E+00,    4.8657006138E+02
    238550,      0.676974,CP2_after_erosion,   1,    0.0000000000E+00,    4.8657006138E+02,    4.8657006138E+02,    0.0000000000E+00,    0.0000000000E+00,    0.0000000000E+00,    4.8657006138E+02
    238550,      0.676974,CP3_after_update_bottom,   1,    0.0000000000E+00,    4.8657006138E+02,    4.8657006138E+02,    0.0000000000E+00,    0.0000000000E+00,    0.0000000000E+00,    4.8657006138E+02
    238550,      0.676974,CP4_after_advection,   1,    0.0000000000E+00,    4.8658529335E+02,    4.8658529335E+02,    0.0000000000E+00,    0.0000000000E+00,    0.0000000000E+00,    4.8658529335E+02
    238550,      0.676974,CP5_after_vdif,   1,    0.0000000000E+00,    4.8658529335E+02,    4.8658529335E+02,    0.0000000000E+00,    0.0000000000E+00,    0.0000000000E+00,    4.8658529335E+02
    238550,      0.676974,CP6_after_kinetics,   1,    0.0000000000E+00,    4.8658529335E+02,    4.8658529335E+02,    0.0000000000E+00,    0.0000000000E+00,    0.0000000000E+00,    4.8658529335E+02
    238550,      0.676974,CP7_after_upper_clamp,   1,    0.0000000000E+00,    4.8658529335E+02,    4.8658529335E+02,    0.0000000000E+00,    0.0000000000E+00,    0.0000000000E+00,    4.8658529335E+02
    238550,      0.676974,CP8_after_OBC,   1,    0.0000000000E+00,    4.8658529335E+02,    4.8658529335E+02,    0.0000000000E+00,    0.0000000000E+00,    0.0000000000E+00,    4.8658529335E+02
    238550,      0.676974,CP9_after_PTsource,   1,    0.0000000000E+00,    4.8658529335E+02,    4.8658529335E+02,    0.0000000000E+00,    0.0000000000E+00,    0.0000000000E+00,    4.8658529335E+02
    238550,      0.676974,CP10_after_neg_clamp,   1,    0.0000000000E+00,    4.8658529335E+02,    4.8658529335E+02,    0.0000000000E+00,    0.0000000000E+00,    0.0000000000E+00,    4.8658529335E+02
    238550,      0.676974,CP11_after_MPI,   1,    0.0000000000E+00,    4.8658529335E+02,    4.8658529335E+02,    0.0000000000E+00,    0.0000000000E+00,    0.0000000000E+00,    4.8658529335E+02
    238550,      0.676974,CP12_end,   1,    0.0000000000E+00,    4.8658529335E+02,    4.8658529335E+02,    0.0000000000E+00,    0.0000000000E+00,    0.0000000000E+00,    4.8658529335E+02
    238600,      0.676974,CP0_start,   1,    0.0000000000E+00,    4.8677879883E+02,    4.8677879883E+02,    0.0000000000E+00,    0.0000000000E+00,    0.0000000000E+00,    4.8677879883E+02
    238600,      0.676974,CP1_after_deposition,   1,    0.0000000000E+00,    4.8677879883E+02,    4.8677879883E+02,    0.0000000000E+00,    0.0000000000E+00,    0.0000000000E+00,    4.8677879883E+02
    238600,      0.676974,CP2_after_erosion,   1,    0.0000000000E+00,    4.8677879883E+02,    4.8677879883E+02,    0.0000000000E+00,    0.0000000000E+00,    0.0000000000E+00,    4.8677879883E+02
    238600,      0.676974,CP3_after_update_bottom,   1,    0.0000000000E+00,    4.8677879883E+02,    4.8677879883E+02,    0.0000000000E+00,    0.0000000000E+00,    0.0000000000E+00,    4.8677879883E+02
    238600,      0.676974,CP4_after_advection,   1,    0.0000000000E+00,    4.8679396911E+02,    4.8679396911E+02,    0.0000000000E+00,    0.0000000000E+00,    0.0000000000E+00,    4.8679396911E+02
    238600,      0.676974,CP5_after_vdif,   1,    0.0000000000E+00,    4.8679396911E+02,    4.8679396911E+02,    0.0000000000E+00,    0.0000000000E+00,    0.0000000000E+00,    4.8679396911E+02
    238600,      0.676974,CP6_after_kinetics,   1,    0.0000000000E+00,    4.8679396911E+02,    4.8679396911E+02,    0.0000000000E+00,    0.0000000000E+00,    0.0000000000E+00,    4.8679396911E+02
    238600,      0.676974,CP7_after_upper_clamp,   1,    0.0000000000E+00,    4.8679396911E+02,    4.8679396911E+02,    0.0000000000E+00,    0.0000000000E+00,    0.0000000000E+00,    4.8679396911E+02
    238600,      0.676974,CP8_after_OBC,   1,    0.0000000000E+00,    4.8679396911E+02,    4.8679396911E+02,    0.0000000000E+00,    0.0000000000E+00,    0.0000000000E+00,    4.8679396911E+02
    238600,      0.676974,CP9_after_PTsource,   1,    0.0000000000E+00,    4.8679396911E+02,    4.8679396911E+02,    0.0000000000E+00,    0.0000000000E+00,    0.0000000000E+00,    4.8679396911E+02
    238600,      0.676974,CP10_after_neg_clamp,   1,    0.0000000000E+00,    4.8679396911E+02,    4.8679396911E+02,    0.0000000000E+00,    0.0000000000E+00,    0.0000000000E+00,    4.8679396911E+02
    238600,      0.676974,CP11_after_MPI,   1,    0.0000000000E+00,    4.8679396911E+02,    4.8679396911E+02,    0.0000000000E+00,    0.0000000000E+00,    0.0000000000E+00,    4.8679396911E+02
    238600,      0.676974,CP12_end,   1,    0.0000000000E+00,    4.8679396911E+02,    4.8679396911E+02,    0.0000000000E+00,    0.0000000000E+00,    0.0000000000E+00,    4.8679396911E+02
    238650,      0.676974,CP0_start,   1,    0.0000000000E+00,    4.8698779983E+02,    4.8698779983E+02,    0.0000000000E+00,    0.0000000000E+00,    0.0000000000E+00,    4.8698779983E+02
    238650,      0.676974,CP1_after_deposition,   1,    0.0000000000E+00,    4.8698779983E+02,    4.8698779983E+02,    0.0000000000E+00,    0.0000000000E+00,    0.0000000000E+00,    4.8698779983E+02
    238650,      0.676974,CP2_after_erosion,   1,    0.0000000000E+00,    4.8698779983E+02,    4.8698779983E+02,    0.0000000000E+00,    0.0000000000E+00,    0.0000000000E+00,    4.8698779983E+02
    238650,      0.676974,CP3_after_update_bottom,   1,    0.0000000000E+00,    4.8698779983E+02,    4.8698779983E+02,    0.0000000000E+00,    0.0000000000E+00,    0.0000000000E+00,    4.8698779983E+02
    238650,      0.676974,CP4_after_advection,   1,    0.0000000000E+00,    4.8700290455E+02,    4.8700290455E+02,    0.0000000000E+00,    0.0000000000E+00,    0.0000000000E+00,    4.8700290455E+02
    238650,      0.676974,CP5_after_vdif,   1,    0.0000000000E+00,    4.8700290455E+02,    4.8700290455E+02,    0.0000000000E+00,    0.0000000000E+00,    0.0000000000E+00,    4.8700290455E+02
    238650,      0.676974,CP6_after_kinetics,   1,    0.0000000000E+00,    4.8700290455E+02,    4.8700290455E+02,    0.0000000000E+00,    0.0000000000E+00,    0.0000000000E+00,    4.8700290455E+02
    238650,      0.676974,CP7_after_upper_clamp,   1,    0.0000000000E+00,    4.8700290455E+02,    4.8700290455E+02,    0.0000000000E+00,    0.0000000000E+00,    0.0000000000E+00,    4.8700290455E+02
    238650,      0.676974,CP8_after_OBC,   1,    0.0000000000E+00,    4.8700290455E+02,    4.8700290455E+02,    0.0000000000E+00,    0.0000000000E+00,    0.0000000000E+00,    4.8700290455E+02
    238650,      0.676974,CP9_after_PTsource,   1,    0.0000000000E+00,    4.8700290455E+02,    4.8700290455E+02,    0.0000000000E+00,    0.0000000000E+00,    0.0000000000E+00,    4.8700290455E+02
    238650,      0.676974,CP10_after_neg_clamp,   1,    0.0000000000E+00,    4.8700290455E+02,    4.8700290455E+02,    0.0000000000E+00,    0.0000000000E+00,    0.0000000000E+00,    4.8700290455E+02
    238650,      0.676974,CP11_after_MPI,   1,    0.0000000000E+00,    4.8700290455E+02,    4.8700290455E+02,    0.0000000000E+00,    0.0000000000E+00,    0.0000000000E+00,    4.8700290455E+02
    238650,      0.676974,CP12_end,   1,    0.0000000000E+00,    4.8700290455E+02,    4.8700290455E+02,    0.0000000000E+00,    0.0000000000E+00,    0.0000000000E+00,    4.8700290455E+02
    238700,      0.676974,CP0_start,   1,    0.0000000000E+00,    4.8719696558E+02,    4.8719696558E+02,    0.0000000000E+00,    0.0000000000E+00,    0.0000000000E+00,    4.8719696558E+02
    238700,      0.676974,CP1_after_deposition,   1,    0.0000000000E+00,    4.8719696558E+02,    4.8719696558E+02,    0.0000000000E+00,    0.0000000000E+00,    0.0000000000E+00,    4.8719696558E+02
    238700,      0.676974,CP2_after_erosion,   1,    0.0000000000E+00,    4.8719696558E+02,    4.8719696558E+02,    0.0000000000E+00,    0.0000000000E+00,    0.0000000000E+00,    4.8719696558E+02
    238700,      0.676974,CP3_after_update_bottom,   1,    0.0000000000E+00,    4.8719696558E+02,    4.8719696558E+02,    0.0000000000E+00,    0.0000000000E+00,    0.0000000000E+00,    4.8719696558E+02
    238700,      0.676974,CP4_after_advection,   1,    0.0000000000E+00,    4.8721199118E+02,    4.8721199118E+02,    0.0000000000E+00,    0.0000000000E+00,    0.0000000000E+00,    4.8721199118E+02
    238700,      0.676974,CP5_after_vdif,   1,    0.0000000000E+00,    4.8721199118E+02,    4.8721199118E+02,    0.0000000000E+00,    0.0000000000E+00,    0.0000000000E+00,    4.8721199118E+02
    238700,      0.676974,CP6_after_kinetics,   1,    0.0000000000E+00,    4.8721199118E+02,    4.8721199118E+02,    0.0000000000E+00,    0.0000000000E+00,    0.0000000000E+00,    4.8721199118E+02
    238700,      0.676974,CP7_after_upper_clamp,   1,    0.0000000000E+00,    4.8721199118E+02,    4.8721199118E+02,    0.0000000000E+00,    0.0000000000E+00,    0.0000000000E+00,    4.8721199118E+02
    238700,      0.676974,CP8_after_OBC,   1,    0.0000000000E+00,    4.8721199118E+02,    4.8721199118E+02,    0.0000000000E+00,    0.0000000000E+00,    0.0000000000E+00,    4.8721199118E+02
    238700,      0.676974,CP9_after_PTsource,   1,    0.0000000000E+00,    4.8721199118E+02,    4.8721199118E+02,    0.0000000000E+00,    0.0000000000E+00,    0.0000000000E+00,    4.8721199118E+02
    238700,      0.676974,CP10_after_neg_clamp,   1,    0.0000000000E+00,    4.8721199118E+02,    4.8721199118E+02,    0.0000000000E+00,    0.0000000000E+00,    0.0000000000E+00,    4.8721199118E+02
    238700,      0.676974,CP11_after_MPI,   1,    0.0000000000E+00,    4.8721199118E+02,    4.8721199118E+02,    0.0000000000E+00,    0.0000000000E+00,    0.0000000000E+00,    4.8721199118E+02
    238700,      0.676974,CP12_end,   1,    0.0000000000E+00,    4.8721199118E+02,    4.8721199118E+02,    0.0000000000E+00,    0.0000000000E+00,    0.0000000000E+00,    4.8721199118E+02
    238750,      0.676974,CP0_start,   1,    0.0000000000E+00,    4.8740620016E+02,    4.8740620016E+02,    0.0000000000E+00,    0.0000000000E+00,    0.0000000000E+00,    4.8740620016E+02
    238750,      0.676974,CP1_after_deposition,   1,    0.0000000000E+00,    4.8740620016E+02,    4.8740620016E+02,    0.0000000000E+00,    0.0000000000E+00,    0.0000000000E+00,    4.8740620016E+02
    238750,      0.676974,CP2_after_erosion,   1,    0.0000000000E+00,    4.8740620016E+02,    4.8740620016E+02,    0.0000000000E+00,    0.0000000000E+00,    0.0000000000E+00,    4.8740620016E+02
    238750,      0.676974,CP3_after_update_bottom,   1,    0.0000000000E+00,    4.8740620016E+02,    4.8740620016E+02,    0.0000000000E+00,    0.0000000000E+00,    0.0000000000E+00,    4.8740620016E+02
    238750,      0.676974,CP4_after_advection,   1,    0.0000000000E+00,    4.8742114546E+02,    4.8742114546E+02,    0.0000000000E+00,    0.0000000000E+00,    0.0000000000E+00,    4.8742114546E+02
    238750,      0.676974,CP5_after_vdif,   1,    0.0000000000E+00,    4.8742114546E+02,    4.8742114546E+02,    0.0000000000E+00,    0.0000000000E+00,    0.0000000000E+00,    4.8742114546E+02
    238750,      0.676974,CP6_after_kinetics,   1,    0.0000000000E+00,    4.8742114546E+02,    4.8742114546E+02,    0.0000000000E+00,    0.0000000000E+00,    0.0000000000E+00,    4.8742114546E+02
    238750,      0.676974,CP7_after_upper_clamp,   1,    0.0000000000E+00,    4.8742114546E+02,    4.8742114546E+02,    0.0000000000E+00,    0.0000000000E+00,    0.0000000000E+00,    4.8742114546E+02
    238750,      0.676974,CP8_after_OBC,   1,    0.0000000000E+00,    4.8742114546E+02,    4.8742114546E+02,    0.0000000000E+00,    0.0000000000E+00,    0.0000000000E+00,    4.8742114546E+02
    238750,      0.676974,CP9_after_PTsource,   1,    0.0000000000E+00,    4.8742114546E+02,    4.8742114546E+02,    0.0000000000E+00,    0.0000000000E+00,    0.0000000000E+00,    4.8742114546E+02
    238750,      0.676974,CP10_after_neg_clamp,   1,    0.0000000000E+00,    4.8742114546E+02,    4.8742114546E+02,    0.0000000000E+00,    0.0000000000E+00,    0.0000000000E+00,    4.8742114546E+02
    238750,      0.676974,CP11_after_MPI,   1,    0.0000000000E+00,    4.8742114546E+02,    4.8742114546E+02,    0.0000000000E+00,    0.0000000000E+00,    0.0000000000E+00,    4.8742114546E+02
    238750,      0.676974,CP12_end,   1,    0.0000000000E+00,    4.8742114546E+02,    4.8742114546E+02,    0.0000000000E+00,    0.0000000000E+00,    0.0000000000E+00,    4.8742114546E+02
    238800,      0.676974,CP0_start,   1,    0.0000000000E+00,    4.8761540442E+02,    4.8761540442E+02,    0.0000000000E+00,    0.0000000000E+00,    0.0000000000E+00,    4.8761540442E+02
    238800,      0.676974,CP1_after_deposition,   1,    0.0000000000E+00,    4.8761540442E+02,    4.8761540442E+02,    0.0000000000E+00,    0.0000000000E+00,    0.0000000000E+00,    4.8761540442E+02
    238800,      0.676974,CP2_after_erosion,   1,    0.0000000000E+00,    4.8761540442E+02,    4.8761540442E+02,    0.0000000000E+00,    0.0000000000E+00,    0.0000000000E+00,    4.8761540442E+02
    238800,      0.676974,CP3_after_update_bottom,   1,    0.0000000000E+00,    4.8761540442E+02,    4.8761540442E+02,    0.0000000000E+00,    0.0000000000E+00,    0.0000000000E+00,    4.8761540442E+02
    238800,      0.676974,CP4_after_advection,   1,    0.0000000000E+00,    4.8763027095E+02,    4.8763027095E+02,    0.0000000000E+00,    0.0000000000E+00,    0.0000000000E+00,    4.8763027095E+02
    238800,      0.676974,CP5_after_vdif,   1,    0.0000000000E+00,    4.8763027095E+02,    4.8763027095E+02,    0.0000000000E+00,    0.0000000000E+00,    0.0000000000E+00,    4.8763027095E+02
    238800,      0.676974,CP6_after_kinetics,   1,    0.0000000000E+00,    4.8763027095E+02,    4.8763027095E+02,    0.0000000000E+00,    0.0000000000E+00,    0.0000000000E+00,    4.8763027095E+02
    238800,      0.676974,CP7_after_upper_clamp,   1,    0.0000000000E+00,    4.8763027095E+02,    4.8763027095E+02,    0.0000000000E+00,    0.0000000000E+00,    0.0000000000E+00,    4.8763027095E+02
    238800,      0.676974,CP8_after_OBC,   1,    0.0000000000E+00,    4.8763027095E+02,    4.8763027095E+02,    0.0000000000E+00,    0.0000000000E+00,    0.0000000000E+00,    4.8763027095E+02
    238800,      0.676974,CP9_after_PTsource,   1,    0.0000000000E+00,    4.8763027095E+02,    4.8763027095E+02,    0.0000000000E+00,    0.0000000000E+00,    0.0000000000E+00,    4.8763027095E+02
    238800,      0.676974,CP10_after_neg_clamp,   1,    0.0000000000E+00,    4.8763027095E+02,    4.8763027095E+02,    0.0000000000E+00,    0.0000000000E+00,    0.0000000000E+00,    4.8763027095E+02
    238800,      0.676974,CP11_after_MPI,   1,    0.0000000000E+00,    4.8763027095E+02,    4.8763027095E+02,    0.0000000000E+00,    0.0000000000E+00,    0.0000000000E+00,    4.8763027095E+02
    238800,      0.676974,CP12_end,   1,    0.0000000000E+00,    4.8763027095E+02,    4.8763027095E+02,    0.0000000000E+00,    0.0000000000E+00,    0.0000000000E+00,    4.8763027095E+02
    238850,      0.676974,CP0_start,   1,    0.0000000000E+00,    4.8782436596E+02,    4.8782436596E+02,    0.0000000000E+00,    0.0000000000E+00,    0.0000000000E+00,    4.8782436596E+02
    238850,      0.676974,CP1_after_deposition,   1,    0.0000000000E+00,    4.8782436596E+02,    4.8782436596E+02,    0.0000000000E+00,    0.0000000000E+00,    0.0000000000E+00,    4.8782436596E+02
    238850,      0.676974,CP2_after_erosion,   1,    0.0000000000E+00,    4.8782436596E+02,    4.8782436596E+02,    0.0000000000E+00,    0.0000000000E+00,    0.0000000000E+00,    4.8782436596E+02
    238850,      0.676974,CP3_after_update_bottom,   1,    0.0000000000E+00,    4.8782436596E+02,    4.8782436596E+02,    0.0000000000E+00,    0.0000000000E+00,    0.0000000000E+00,    4.8782436596E+02
    238850,      0.676974,CP4_after_advection,   1,    0.0000000000E+00,    4.8783914584E+02,    4.8783914584E+02,    0.0000000000E+00,    0.0000000000E+00,    0.0000000000E+00,    4.8783914584E+02
    238850,      0.676974,CP5_after_vdif,   1,    0.0000000000E+00,    4.8783914584E+02,    4.8783914584E+02,    0.0000000000E+00,    0.0000000000E+00,    0.0000000000E+00,    4.8783914584E+02
    238850,      0.676974,CP6_after_kinetics,   1,    0.0000000000E+00,    4.8783914584E+02,    4.8783914584E+02,    0.0000000000E+00,    0.0000000000E+00,    0.0000000000E+00,    4.8783914584E+02
    238850,      0.676974,CP7_after_upper_clamp,   1,    0.0000000000E+00,    4.8783914584E+02,    4.8783914584E+02,    0.0000000000E+00,    0.0000000000E+00,    0.0000000000E+00,    4.8783914584E+02
    238850,      0.676974,CP8_after_OBC,   1,    0.0000000000E+00,    4.8783914584E+02,    4.8783914584E+02,    0.0000000000E+00,    0.0000000000E+00,    0.0000000000E+00,    4.8783914584E+02
    238850,      0.676974,CP9_after_PTsource,   1,    0.0000000000E+00,    4.8783914584E+02,    4.8783914584E+02,    0.0000000000E+00,    0.0000000000E+00,    0.0000000000E+00,    4.8783914584E+02
    238850,      0.676974,CP10_after_neg_clamp,   1,    0.0000000000E+00,    4.8783914584E+02,    4.8783914584E+02,    0.0000000000E+00,    0.0000000000E+00,    0.0000000000E+00,    4.8783914584E+02
    238850,      0.676974,CP11_after_MPI,   1,    0.0000000000E+00,    4.8783914584E+02,    4.8783914584E+02,    0.0000000000E+00,    0.0000000000E+00,    0.0000000000E+00,    4.8783914584E+02
    238850,      0.676974,CP12_end,   1,    0.0000000000E+00,    4.8783914584E+02,    4.8783914584E+02,    0.0000000000E+00,    0.0000000000E+00,    0.0000000000E+00,    4.8783914584E+02
    238900,      0.676974,CP0_start,   1,    0.0000000000E+00,    4.8803285724E+02,    4.8803285724E+02,    0.0000000000E+00,    0.0000000000E+00,    0.0000000000E+00,    4.8803285724E+02
    238900,      0.676974,CP1_after_deposition,   1,    0.0000000000E+00,    4.8803285724E+02,    4.8803285724E+02,    0.0000000000E+00,    0.0000000000E+00,    0.0000000000E+00,    4.8803285724E+02
    238900,      0.676974,CP2_after_erosion,   1,    0.0000000000E+00,    4.8803285724E+02,    4.8803285724E+02,    0.0000000000E+00,    0.0000000000E+00,    0.0000000000E+00,    4.8803285724E+02
    238900,      0.676974,CP3_after_update_bottom,   1,    0.0000000000E+00,    4.8803285724E+02,    4.8803285724E+02,    0.0000000000E+00,    0.0000000000E+00,    0.0000000000E+00,    4.8803285724E+02
    238900,      0.676974,CP4_after_advection,   1,    0.0000000000E+00,    4.8804753207E+02,    4.8804753207E+02,    0.0000000000E+00,    0.0000000000E+00,    0.0000000000E+00,    4.8804753207E+02
    238900,      0.676974,CP5_after_vdif,   1,    0.0000000000E+00,    4.8804753207E+02,    4.8804753207E+02,    0.0000000000E+00,    0.0000000000E+00,    0.0000000000E+00,    4.8804753207E+02
    238900,      0.676974,CP6_after_kinetics,   1,    0.0000000000E+00,    4.8804753207E+02,    4.8804753207E+02,    0.0000000000E+00,    0.0000000000E+00,    0.0000000000E+00,    4.8804753207E+02
    238900,      0.676974,CP7_after_upper_clamp,   1,    0.0000000000E+00,    4.8804753207E+02,    4.8804753207E+02,    0.0000000000E+00,    0.0000000000E+00,    0.0000000000E+00,    4.8804753207E+02
    238900,      0.676974,CP8_after_OBC,   1,    0.0000000000E+00,    4.8804753207E+02,    4.8804753207E+02,    0.0000000000E+00,    0.0000000000E+00,    0.0000000000E+00,    4.8804753207E+02
    238900,      0.676974,CP9_after_PTsource,   1,    0.0000000000E+00,    4.8804753207E+02,    4.8804753207E+02,    0.0000000000E+00,    0.0000000000E+00,    0.0000000000E+00,    4.8804753207E+02
    238900,      0.676974,CP10_after_neg_clamp,   1,    0.0000000000E+00,    4.8804753207E+02,    4.8804753207E+02,    0.0000000000E+00,    0.0000000000E+00,    0.0000000000E+00,    4.8804753207E+02
    238900,      0.676974,CP11_after_MPI,   1,    0.0000000000E+00,    4.8804753207E+02,    4.8804753207E+02,    0.0000000000E+00,    0.0000000000E+00,    0.0000000000E+00,    4.8804753207E+02
    238900,      0.676974,CP12_end,   1,    0.0000000000E+00,    4.8804753207E+02,    4.8804753207E+02,    0.0000000000E+00,    0.0000000000E+00,    0.0000000000E+00,    4.8804753207E+02
    238950,      0.676974,CP0_start,   1,    0.0000000000E+00,    4.8824084543E+02,    4.8824084543E+02,    0.0000000000E+00,    0.0000000000E+00,    0.0000000000E+00,    4.8824084543E+02
    238950,      0.676974,CP1_after_deposition,   1,    0.0000000000E+00,    4.8824084543E+02,    4.8824084543E+02,    0.0000000000E+00,    0.0000000000E+00,    0.0000000000E+00,    4.8824084543E+02
    238950,      0.676974,CP2_after_erosion,   1,    0.0000000000E+00,    4.8824084543E+02,    4.8824084543E+02,    0.0000000000E+00,    0.0000000000E+00,    0.0000000000E+00,    4.8824084543E+02
    238950,      0.676974,CP3_after_update_bottom,   1,    0.0000000000E+00,    4.8824084543E+02,    4.8824084543E+02,    0.0000000000E+00,    0.0000000000E+00,    0.0000000000E+00,    4.8824084543E+02
    238950,      0.676974,CP4_after_advection,   1,    0.0000000000E+00,    4.8825541821E+02,    4.8825541821E+02,    0.0000000000E+00,    0.0000000000E+00,    0.0000000000E+00,    4.8825541821E+02
    238950,      0.676974,CP5_after_vdif,   1,    0.0000000000E+00,    4.8825541821E+02,    4.8825541821E+02,    0.0000000000E+00,    0.0000000000E+00,    0.0000000000E+00,    4.8825541821E+02
    238950,      0.676974,CP6_after_kinetics,   1,    0.0000000000E+00,    4.8825541821E+02,    4.8825541821E+02,    0.0000000000E+00,    0.0000000000E+00,    0.0000000000E+00,    4.8825541821E+02
    238950,      0.676974,CP7_after_upper_clamp,   1,    0.0000000000E+00,    4.8825541821E+02,    4.8825541821E+02,    0.0000000000E+00,    0.0000000000E+00,    0.0000000000E+00,    4.8825541821E+02
    238950,      0.676974,CP8_after_OBC,   1,    0.0000000000E+00,    4.8825541821E+02,    4.8825541821E+02,    0.0000000000E+00,    0.0000000000E+00,    0.0000000000E+00,    4.8825541821E+02
    238950,      0.676974,CP9_after_PTsource,   1,    0.0000000000E+00,    4.8825541821E+02,    4.8825541821E+02,    0.0000000000E+00,    0.0000000000E+00,    0.0000000000E+00,    4.8825541821E+02
    238950,      0.676974,CP10_after_neg_clamp,   1,    0.0000000000E+00,    4.8825541821E+02,    4.8825541821E+02,    0.0000000000E+00,    0.0000000000E+00,    0.0000000000E+00,    4.8825541821E+02
    238950,      0.676974,CP11_after_MPI,   1,    0.0000000000E+00,    4.8825541821E+02,    4.8825541821E+02,    0.0000000000E+00,    0.0000000000E+00,    0.0000000000E+00,    4.8825541821E+02
    238950,      0.676974,CP12_end,   1,    0.0000000000E+00,    4.8825541821E+02,    4.8825541821E+02,    0.0000000000E+00,    0.0000000000E+00,    0.0000000000E+00,    4.8825541821E+02
    239000,      0.676974,CP0_start,   1,    0.0000000000E+00,    4.8844847604E+02,    4.8844847604E+02,    0.0000000000E+00,    0.0000000000E+00,    0.0000000000E+00,    4.8844847604E+02
    239000,      0.676974,CP1_after_deposition,   1,    0.0000000000E+00,    4.8844847604E+02,    4.8844847604E+02,    0.0000000000E+00,    0.0000000000E+00,    0.0000000000E+00,    4.8844847604E+02
    239000,      0.676974,CP2_after_erosion,   1,    0.0000000000E+00,    4.8844847604E+02,    4.8844847604E+02,    0.0000000000E+00,    0.0000000000E+00,    0.0000000000E+00,    4.8844847604E+02
    239000,      0.676974,CP3_after_update_bottom,   1,    0.0000000000E+00,    4.8844847604E+02,    4.8844847604E+02,    0.0000000000E+00,    0.0000000000E+00,    0.0000000000E+00,    4.8844847604E+02
    239000,      0.676974,CP4_after_advection,   1,    0.0000000000E+00,    4.8846294817E+02,    4.8846294817E+02,    0.0000000000E+00,    0.0000000000E+00,    0.0000000000E+00,    4.8846294817E+02
    239000,      0.676974,CP5_after_vdif,   1,    0.0000000000E+00,    4.8846294817E+02,    4.8846294817E+02,    0.0000000000E+00,    0.0000000000E+00,    0.0000000000E+00,    4.8846294817E+02
    239000,      0.676974,CP6_after_kinetics,   1,    0.0000000000E+00,    4.8846294817E+02,    4.8846294817E+02,    0.0000000000E+00,    0.0000000000E+00,    0.0000000000E+00,    4.8846294817E+02
    239000,      0.676974,CP7_after_upper_clamp,   1,    0.0000000000E+00,    4.8846294817E+02,    4.8846294817E+02,    0.0000000000E+00,    0.0000000000E+00,    0.0000000000E+00,    4.8846294817E+02
    239000,      0.676974,CP8_after_OBC,   1,    0.0000000000E+00,    4.8846294817E+02,    4.8846294817E+02,    0.0000000000E+00,    0.0000000000E+00,    0.0000000000E+00,    4.8846294817E+02
    239000,      0.676974,CP9_after_PTsource,   1,    0.0000000000E+00,    4.8846294817E+02,    4.8846294817E+02,    0.0000000000E+00,    0.0000000000E+00,    0.0000000000E+00,    4.8846294817E+02
    239000,      0.676974,CP10_after_neg_clamp,   1,    0.0000000000E+00,    4.8846294817E+02,    4.8846294817E+02,    0.0000000000E+00,    0.0000000000E+00,    0.0000000000E+00,    4.8846294817E+02
    239000,      0.676974,CP11_after_MPI,   1,    0.0000000000E+00,    4.8846294817E+02,    4.8846294817E+02,    0.0000000000E+00,    0.0000000000E+00,    0.0000000000E+00,    4.8846294817E+02
    239000,      0.676974,CP12_end,   1,    0.0000000000E+00,    4.8846294817E+02,    4.8846294817E+02,    0.0000000000E+00,    0.0000000000E+00,    0.0000000000E+00,    4.8846294817E+02
    239050,      0.676974,CP0_start,   1,    0.0000000000E+00,    4.8865586330E+02,    4.8865586330E+02,    0.0000000000E+00,    0.0000000000E+00,    0.0000000000E+00,    4.8865586330E+02
    239050,      0.676974,CP1_after_deposition,   1,    0.0000000000E+00,    4.8865586330E+02,    4.8865586330E+02,    0.0000000000E+00,    0.0000000000E+00,    0.0000000000E+00,    4.8865586330E+02
    239050,      0.676974,CP2_after_erosion,   1,    0.0000000000E+00,    4.8865586330E+02,    4.8865586330E+02,    0.0000000000E+00,    0.0000000000E+00,    0.0000000000E+00,    4.8865586330E+02
    239050,      0.676974,CP3_after_update_bottom,   1,    0.0000000000E+00,    4.8865586330E+02,    4.8865586330E+02,    0.0000000000E+00,    0.0000000000E+00,    0.0000000000E+00,    4.8865586330E+02
    239050,      0.676974,CP4_after_advection,   1,    0.0000000000E+00,    4.8867023718E+02,    4.8867023718E+02,    0.0000000000E+00,    0.0000000000E+00,    0.0000000000E+00,    4.8867023718E+02
    239050,      0.676974,CP5_after_vdif,   1,    0.0000000000E+00,    4.8867023718E+02,    4.8867023718E+02,    0.0000000000E+00,    0.0000000000E+00,    0.0000000000E+00,    4.8867023718E+02
    239050,      0.676974,CP6_after_kinetics,   1,    0.0000000000E+00,    4.8867023718E+02,    4.8867023718E+02,    0.0000000000E+00,    0.0000000000E+00,    0.0000000000E+00,    4.8867023718E+02
    239050,      0.676974,CP7_after_upper_clamp,   1,    0.0000000000E+00,    4.8867023718E+02,    4.8867023718E+02,    0.0000000000E+00,    0.0000000000E+00,    0.0000000000E+00,    4.8867023718E+02
    239050,      0.676974,CP8_after_OBC,   1,    0.0000000000E+00,    4.8867023718E+02,    4.8867023718E+02,    0.0000000000E+00,    0.0000000000E+00,    0.0000000000E+00,    4.8867023718E+02
    239050,      0.676974,CP9_after_PTsource,   1,    0.0000000000E+00,    4.8867023718E+02,    4.8867023718E+02,    0.0000000000E+00,    0.0000000000E+00,    0.0000000000E+00,    4.8867023718E+02
    239050,      0.676974,CP10_after_neg_clamp,   1,    0.0000000000E+00,    4.8867023718E+02,    4.8867023718E+02,    0.0000000000E+00,    0.0000000000E+00,    0.0000000000E+00,    4.8867023718E+02
    239050,      0.676974,CP11_after_MPI,   1,    0.0000000000E+00,    4.8867023718E+02,    4.8867023718E+02,    0.0000000000E+00,    0.0000000000E+00,    0.0000000000E+00,    4.8867023718E+02
    239050,      0.676974,CP12_end,   1,    0.0000000000E+00,    4.8867023718E+02,    4.8867023718E+02,    0.0000000000E+00,    0.0000000000E+00,    0.0000000000E+00,    4.8867023718E+02
    239100,      0.676974,CP0_start,   1,    0.0000000000E+00,    4.8886309168E+02,    4.8886309168E+02,    0.0000000000E+00,    0.0000000000E+00,    0.0000000000E+00,    4.8886309168E+02
    239100,      0.676974,CP1_after_deposition,   1,    0.0000000000E+00,    4.8886309168E+02,    4.8886309168E+02,    0.0000000000E+00,    0.0000000000E+00,    0.0000000000E+00,    4.8886309168E+02
    239100,      0.676974,CP2_after_erosion,   1,    0.0000000000E+00,    4.8886309168E+02,    4.8886309168E+02,    0.0000000000E+00,    0.0000000000E+00,    0.0000000000E+00,    4.8886309168E+02
    239100,      0.676974,CP3_after_update_bottom,   1,    0.0000000000E+00,    4.8886309168E+02,    4.8886309168E+02,    0.0000000000E+00,    0.0000000000E+00,    0.0000000000E+00,    4.8886309168E+02
    239100,      0.676974,CP4_after_advection,   1,    0.0000000000E+00,    4.8887735989E+02,    4.8887735989E+02,    0.0000000000E+00,    0.0000000000E+00,    0.0000000000E+00,    4.8887735989E+02
    239100,      0.676974,CP5_after_vdif,   1,    0.0000000000E+00,    4.8887735989E+02,    4.8887735989E+02,    0.0000000000E+00,    0.0000000000E+00,    0.0000000000E+00,    4.8887735989E+02
    239100,      0.676974,CP6_after_kinetics,   1,    0.0000000000E+00,    4.8887735989E+02,    4.8887735989E+02,    0.0000000000E+00,    0.0000000000E+00,    0.0000000000E+00,    4.8887735989E+02
    239100,      0.676974,CP7_after_upper_clamp,   1,    0.0000000000E+00,    4.8887735989E+02,    4.8887735989E+02,    0.0000000000E+00,    0.0000000000E+00,    0.0000000000E+00,    4.8887735989E+02
    239100,      0.676974,CP8_after_OBC,   1,    0.0000000000E+00,    4.8887735989E+02,    4.8887735989E+02,    0.0000000000E+00,    0.0000000000E+00,    0.0000000000E+00,    4.8887735989E+02
    239100,      0.676974,CP9_after_PTsource,   1,    0.0000000000E+00,    4.8887735989E+02,    4.8887735989E+02,    0.0000000000E+00,    0.0000000000E+00,    0.0000000000E+00,    4.8887735989E+02
    239100,      0.676974,CP10_after_neg_clamp,   1,    0.0000000000E+00,    4.8887735989E+02,    4.8887735989E+02,    0.0000000000E+00,    0.0000000000E+00,    0.0000000000E+00,    4.8887735989E+02
    239100,      0.676974,CP11_after_MPI,   1,    0.0000000000E+00,    4.8887735989E+02,    4.8887735989E+02,    0.0000000000E+00,    0.0000000000E+00,    0.0000000000E+00,    4.8887735989E+02
    239100,      0.676974,CP12_end,   1,    0.0000000000E+00,    4.8887735989E+02,    4.8887735989E+02,    0.0000000000E+00,    0.0000000000E+00,    0.0000000000E+00,    4.8887735989E+02
    239150,      0.676974,CP0_start,   1,    0.0000000000E+00,    4.8907020829E+02,    4.8907020829E+02,    0.0000000000E+00,    0.0000000000E+00,    0.0000000000E+00,    4.8907020829E+02
    239150,      0.676974,CP1_after_deposition,   1,    0.0000000000E+00,    4.8907020829E+02,    4.8907020829E+02,    0.0000000000E+00,    0.0000000000E+00,    0.0000000000E+00,    4.8907020829E+02
    239150,      0.676974,CP2_after_erosion,   1,    0.0000000000E+00,    4.8907020829E+02,    4.8907020829E+02,    0.0000000000E+00,    0.0000000000E+00,    0.0000000000E+00,    4.8907020829E+02
    239150,      0.676974,CP3_after_update_bottom,   1,    0.0000000000E+00,    4.8907020829E+02,    4.8907020829E+02,    0.0000000000E+00,    0.0000000000E+00,    0.0000000000E+00,    4.8907020829E+02
    239150,      0.676974,CP4_after_advection,   1,    0.0000000000E+00,    4.8908437234E+02,    4.8908437234E+02,    0.0000000000E+00,    0.0000000000E+00,    0.0000000000E+00,    4.8908437234E+02
    239150,      0.676974,CP5_after_vdif,   1,    0.0000000000E+00,    4.8908437234E+02,    4.8908437234E+02,    0.0000000000E+00,    0.0000000000E+00,    0.0000000000E+00,    4.8908437234E+02
    239150,      0.676974,CP6_after_kinetics,   1,    0.0000000000E+00,    4.8908437234E+02,    4.8908437234E+02,    0.0000000000E+00,    0.0000000000E+00,    0.0000000000E+00,    4.8908437234E+02
    239150,      0.676974,CP7_after_upper_clamp,   1,    0.0000000000E+00,    4.8908437234E+02,    4.8908437234E+02,    0.0000000000E+00,    0.0000000000E+00,    0.0000000000E+00,    4.8908437234E+02
    239150,      0.676974,CP8_after_OBC,   1,    0.0000000000E+00,    4.8908437234E+02,    4.8908437234E+02,    0.0000000000E+00,    0.0000000000E+00,    0.0000000000E+00,    4.8908437234E+02
    239150,      0.676974,CP9_after_PTsource,   1,    0.0000000000E+00,    4.8908437234E+02,    4.8908437234E+02,    0.0000000000E+00,    0.0000000000E+00,    0.0000000000E+00,    4.8908437234E+02
    239150,      0.676974,CP10_after_neg_clamp,   1,    0.0000000000E+00,    4.8908437234E+02,    4.8908437234E+02,    0.0000000000E+00,    0.0000000000E+00,    0.0000000000E+00,    4.8908437234E+02
    239150,      0.676974,CP11_after_MPI,   1,    0.0000000000E+00,    4.8908437234E+02,    4.8908437234E+02,    0.0000000000E+00,    0.0000000000E+00,    0.0000000000E+00,    4.8908437234E+02
    239150,      0.676974,CP12_end,   1,    0.0000000000E+00,    4.8908437234E+02,    4.8908437234E+02,    0.0000000000E+00,    0.0000000000E+00,    0.0000000000E+00,    4.8908437234E+02
    239200,      0.676974,CP0_start,   1,    0.0000000000E+00,    4.8927728180E+02,    4.8927728180E+02,    0.0000000000E+00,    0.0000000000E+00,    0.0000000000E+00,    4.8927728180E+02
    239200,      0.676974,CP1_after_deposition,   1,    0.0000000000E+00,    4.8927728180E+02,    4.8927728180E+02,    0.0000000000E+00,    0.0000000000E+00,    0.0000000000E+00,    4.8927728180E+02
    239200,      0.676974,CP2_after_erosion,   1,    0.0000000000E+00,    4.8927728180E+02,    4.8927728180E+02,    0.0000000000E+00,    0.0000000000E+00,    0.0000000000E+00,    4.8927728180E+02
    239200,      0.676974,CP3_after_update_bottom,   1,    0.0000000000E+00,    4.8927728180E+02,    4.8927728180E+02,    0.0000000000E+00,    0.0000000000E+00,    0.0000000000E+00,    4.8927728180E+02
    239200,      0.676974,CP4_after_advection,   1,    0.0000000000E+00,    4.8929133245E+02,    4.8929133245E+02,    0.0000000000E+00,    0.0000000000E+00,    0.0000000000E+00,    4.8929133245E+02
    239200,      0.676974,CP5_after_vdif,   1,    0.0000000000E+00,    4.8929133245E+02,    4.8929133245E+02,    0.0000000000E+00,    0.0000000000E+00,    0.0000000000E+00,    4.8929133245E+02
    239200,      0.676974,CP6_after_kinetics,   1,    0.0000000000E+00,    4.8929133245E+02,    4.8929133245E+02,    0.0000000000E+00,    0.0000000000E+00,    0.0000000000E+00,    4.8929133245E+02
    239200,      0.676974,CP7_after_upper_clamp,   1,    0.0000000000E+00,    4.8929133245E+02,    4.8929133245E+02,    0.0000000000E+00,    0.0000000000E+00,    0.0000000000E+00,    4.8929133245E+02
    239200,      0.676974,CP8_after_OBC,   1,    0.0000000000E+00,    4.8929133245E+02,    4.8929133245E+02,    0.0000000000E+00,    0.0000000000E+00,    0.0000000000E+00,    4.8929133245E+02
    239200,      0.676974,CP9_after_PTsource,   1,    0.0000000000E+00,    4.8929133245E+02,    4.8929133245E+02,    0.0000000000E+00,    0.0000000000E+00,    0.0000000000E+00,    4.8929133245E+02
    239200,      0.676974,CP10_after_neg_clamp,   1,    0.0000000000E+00,    4.8929133245E+02,    4.8929133245E+02,    0.0000000000E+00,    0.0000000000E+00,    0.0000000000E+00,    4.8929133245E+02
    239200,      0.676974,CP11_after_MPI,   1,    0.0000000000E+00,    4.8929133245E+02,    4.8929133245E+02,    0.0000000000E+00,    0.0000000000E+00,    0.0000000000E+00,    4.8929133245E+02
    239200,      0.676974,CP12_end,   1,    0.0000000000E+00,    4.8929133245E+02,    4.8929133245E+02,    0.0000000000E+00,    0.0000000000E+00,    0.0000000000E+00,    4.8929133245E+02
    239250,      0.676974,CP0_start,   1,    0.0000000000E+00,    4.8948432677E+02,    4.8948432677E+02,    0.0000000000E+00,    0.0000000000E+00,    0.0000000000E+00,    4.8948432677E+02
    239250,      0.676974,CP1_after_deposition,   1,    0.0000000000E+00,    4.8948432677E+02,    4.8948432677E+02,    0.0000000000E+00,    0.0000000000E+00,    0.0000000000E+00,    4.8948432677E+02
    239250,      0.676974,CP2_after_erosion,   1,    0.0000000000E+00,    4.8948432677E+02,    4.8948432677E+02,    0.0000000000E+00,    0.0000000000E+00,    0.0000000000E+00,    4.8948432677E+02
    239250,      0.676974,CP3_after_update_bottom,   1,    0.0000000000E+00,    4.8948432677E+02,    4.8948432677E+02,    0.0000000000E+00,    0.0000000000E+00,    0.0000000000E+00,    4.8948432677E+02
    239250,      0.676974,CP4_after_advection,   1,    0.0000000000E+00,    4.8949826474E+02,    4.8949826474E+02,    0.0000000000E+00,    0.0000000000E+00,    0.0000000000E+00,    4.8949826474E+02
    239250,      0.676974,CP5_after_vdif,   1,    0.0000000000E+00,    4.8949826474E+02,    4.8949826474E+02,    0.0000000000E+00,    0.0000000000E+00,    0.0000000000E+00,    4.8949826474E+02
    239250,      0.676974,CP6_after_kinetics,   1,    0.0000000000E+00,    4.8949826474E+02,    4.8949826474E+02,    0.0000000000E+00,    0.0000000000E+00,    0.0000000000E+00,    4.8949826474E+02
    239250,      0.676974,CP7_after_upper_clamp,   1,    0.0000000000E+00,    4.8949826474E+02,    4.8949826474E+02,    0.0000000000E+00,    0.0000000000E+00,    0.0000000000E+00,    4.8949826474E+02
    239250,      0.676974,CP8_after_OBC,   1,    0.0000000000E+00,    4.8949826474E+02,    4.8949826474E+02,    0.0000000000E+00,    0.0000000000E+00,    0.0000000000E+00,    4.8949826474E+02
    239250,      0.676974,CP9_after_PTsource,   1,    0.0000000000E+00,    4.8949826474E+02,    4.8949826474E+02,    0.0000000000E+00,    0.0000000000E+00,    0.0000000000E+00,    4.8949826474E+02
    239250,      0.676974,CP10_after_neg_clamp,   1,    0.0000000000E+00,    4.8949826474E+02,    4.8949826474E+02,    0.0000000000E+00,    0.0000000000E+00,    0.0000000000E+00,    4.8949826474E+02
    239250,      0.676974,CP11_after_MPI,   1,    0.0000000000E+00,    4.8949826474E+02,    4.8949826474E+02,    0.0000000000E+00,    0.0000000000E+00,    0.0000000000E+00,    4.8949826474E+02
    239250,      0.676974,CP12_end,   1,    0.0000000000E+00,    4.8949826474E+02,    4.8949826474E+02,    0.0000000000E+00,    0.0000000000E+00,    0.0000000000E+00,    4.8949826474E+02
    239300,      0.676974,CP0_start,   1,    0.0000000000E+00,    4.8969137651E+02,    4.8969137651E+02,    0.0000000000E+00,    0.0000000000E+00,    0.0000000000E+00,    4.8969137651E+02
    239300,      0.676974,CP1_after_deposition,   1,    0.0000000000E+00,    4.8969137651E+02,    4.8969137651E+02,    0.0000000000E+00,    0.0000000000E+00,    0.0000000000E+00,    4.8969137651E+02
    239300,      0.676974,CP2_after_erosion,   1,    0.0000000000E+00,    4.8969137651E+02,    4.8969137651E+02,    0.0000000000E+00,    0.0000000000E+00,    0.0000000000E+00,    4.8969137651E+02
    239300,      0.676974,CP3_after_update_bottom,   1,    0.0000000000E+00,    4.8969137651E+02,    4.8969137651E+02,    0.0000000000E+00,    0.0000000000E+00,    0.0000000000E+00,    4.8969137651E+02
    239300,      0.676974,CP4_after_advection,   1,    0.0000000000E+00,    4.8970519162E+02,    4.8970519162E+02,    0.0000000000E+00,    0.0000000000E+00,    0.0000000000E+00,    4.8970519162E+02
    239300,      0.676974,CP5_after_vdif,   1,    0.0000000000E+00,    4.8970519162E+02,    4.8970519162E+02,    0.0000000000E+00,    0.0000000000E+00,    0.0000000000E+00,    4.8970519162E+02
    239300,      0.676974,CP6_after_kinetics,   1,    0.0000000000E+00,    4.8970519162E+02,    4.8970519162E+02,    0.0000000000E+00,    0.0000000000E+00,    0.0000000000E+00,    4.8970519162E+02
    239300,      0.676974,CP7_after_upper_clamp,   1,    0.0000000000E+00,    4.8970519162E+02,    4.8970519162E+02,    0.0000000000E+00,    0.0000000000E+00,    0.0000000000E+00,    4.8970519162E+02
    239300,      0.676974,CP8_after_OBC,   1,    0.0000000000E+00,    4.8970519162E+02,    4.8970519162E+02,    0.0000000000E+00,    0.0000000000E+00,    0.0000000000E+00,    4.8970519162E+02
    239300,      0.676974,CP9_after_PTsource,   1,    0.0000000000E+00,    4.8970519162E+02,    4.8970519162E+02,    0.0000000000E+00,    0.0000000000E+00,    0.0000000000E+00,    4.8970519162E+02
    239300,      0.676974,CP10_after_neg_clamp,   1,    0.0000000000E+00,    4.8970519162E+02,    4.8970519162E+02,    0.0000000000E+00,    0.0000000000E+00,    0.0000000000E+00,    4.8970519162E+02
    239300,      0.676974,CP11_after_MPI,   1,    0.0000000000E+00,    4.8970519162E+02,    4.8970519162E+02,    0.0000000000E+00,    0.0000000000E+00,    0.0000000000E+00,    4.8970519162E+02
    239300,      0.676974,CP12_end,   1,    0.0000000000E+00,    4.8970519162E+02,    4.8970519162E+02,    0.0000000000E+00,    0.0000000000E+00,    0.0000000000E+00,    4.8970519162E+02
    239350,      0.676974,CP0_start,   1,    0.0000000000E+00,    4.8989817233E+02,    4.8989817233E+02,    0.0000000000E+00,    0.0000000000E+00,    0.0000000000E+00,    4.8989817233E+02
    239350,      0.676974,CP1_after_deposition,   1,    0.0000000000E+00,    4.8989817233E+02,    4.8989817233E+02,    0.0000000000E+00,    0.0000000000E+00,    0.0000000000E+00,    4.8989817233E+02
    239350,      0.676974,CP2_after_erosion,   1,    0.0000000000E+00,    4.8989817233E+02,    4.8989817233E+02,    0.0000000000E+00,    0.0000000000E+00,    0.0000000000E+00,    4.8989817233E+02
    239350,      0.676974,CP3_after_update_bottom,   1,    0.0000000000E+00,    4.8989817233E+02,    4.8989817233E+02,    0.0000000000E+00,    0.0000000000E+00,    0.0000000000E+00,    4.8989817233E+02
    239350,      0.676974,CP4_after_advection,   1,    0.0000000000E+00,    4.8991185106E+02,    4.8991185106E+02,    0.0000000000E+00,    0.0000000000E+00,    0.0000000000E+00,    4.8991185106E+02
    239350,      0.676974,CP5_after_vdif,   1,    0.0000000000E+00,    4.8991185106E+02,    4.8991185106E+02,    0.0000000000E+00,    0.0000000000E+00,    0.0000000000E+00,    4.8991185106E+02
    239350,      0.676974,CP6_after_kinetics,   1,    0.0000000000E+00,    4.8991185106E+02,    4.8991185106E+02,    0.0000000000E+00,    0.0000000000E+00,    0.0000000000E+00,    4.8991185106E+02
    239350,      0.676974,CP7_after_upper_clamp,   1,    0.0000000000E+00,    4.8991185106E+02,    4.8991185106E+02,    0.0000000000E+00,    0.0000000000E+00,    0.0000000000E+00,    4.8991185106E+02
    239350,      0.676974,CP8_after_OBC,   1,    0.0000000000E+00,    4.8991185106E+02,    4.8991185106E+02,    0.0000000000E+00,    0.0000000000E+00,    0.0000000000E+00,    4.8991185106E+02
    239350,      0.676974,CP9_after_PTsource,   1,    0.0000000000E+00,    4.8991185106E+02,    4.8991185106E+02,    0.0000000000E+00,    0.0000000000E+00,    0.0000000000E+00,    4.8991185106E+02
    239350,      0.676974,CP10_after_neg_clamp,   1,    0.0000000000E+00,    4.8991185106E+02,    4.8991185106E+02,    0.0000000000E+00,    0.0000000000E+00,    0.0000000000E+00,    4.8991185106E+02
    239350,      0.676974,CP11_after_MPI,   1,    0.0000000000E+00,    4.8991185106E+02,    4.8991185106E+02,    0.0000000000E+00,    0.0000000000E+00,    0.0000000000E+00,    4.8991185106E+02
    239350,      0.676974,CP12_end,   1,    0.0000000000E+00,    4.8991185106E+02,    4.8991185106E+02,    0.0000000000E+00,    0.0000000000E+00,    0.0000000000E+00,    4.8991185106E+02
    239400,      0.676974,CP0_start,   1,    0.0000000000E+00,    4.9010448316E+02,    4.9010448316E+02,    0.0000000000E+00,    0.0000000000E+00,    0.0000000000E+00,    4.9010448316E+02
    239400,      0.676974,CP1_after_deposition,   1,    0.0000000000E+00,    4.9010448316E+02,    4.9010448316E+02,    0.0000000000E+00,    0.0000000000E+00,    0.0000000000E+00,    4.9010448316E+02
    239400,      0.676974,CP2_after_erosion,   1,    0.0000000000E+00,    4.9010448316E+02,    4.9010448316E+02,    0.0000000000E+00,    0.0000000000E+00,    0.0000000000E+00,    4.9010448316E+02
    239400,      0.676974,CP3_after_update_bottom,   1,    0.0000000000E+00,    4.9010448316E+02,    4.9010448316E+02,    0.0000000000E+00,    0.0000000000E+00,    0.0000000000E+00,    4.9010448316E+02
    239400,      0.676974,CP4_after_advection,   1,    0.0000000000E+00,    4.9011801282E+02,    4.9011801282E+02,    0.0000000000E+00,    0.0000000000E+00,    0.0000000000E+00,    4.9011801282E+02
    239400,      0.676974,CP5_after_vdif,   1,    0.0000000000E+00,    4.9011801282E+02,    4.9011801282E+02,    0.0000000000E+00,    0.0000000000E+00,    0.0000000000E+00,    4.9011801282E+02
    239400,      0.676974,CP6_after_kinetics,   1,    0.0000000000E+00,    4.9011801282E+02,    4.9011801282E+02,    0.0000000000E+00,    0.0000000000E+00,    0.0000000000E+00,    4.9011801282E+02
    239400,      0.676974,CP7_after_upper_clamp,   1,    0.0000000000E+00,    4.9011801282E+02,    4.9011801282E+02,    0.0000000000E+00,    0.0000000000E+00,    0.0000000000E+00,    4.9011801282E+02
    239400,      0.676974,CP8_after_OBC,   1,    0.0000000000E+00,    4.9011801282E+02,    4.9011801282E+02,    0.0000000000E+00,    0.0000000000E+00,    0.0000000000E+00,    4.9011801282E+02
    239400,      0.676974,CP9_after_PTsource,   1,    0.0000000000E+00,    4.9011801282E+02,    4.9011801282E+02,    0.0000000000E+00,    0.0000000000E+00,    0.0000000000E+00,    4.9011801282E+02
    239400,      0.676974,CP10_after_neg_clamp,   1,    0.0000000000E+00,    4.9011801282E+02,    4.9011801282E+02,    0.0000000000E+00,    0.0000000000E+00,    0.0000000000E+00,    4.9011801282E+02
    239400,      0.676974,CP11_after_MPI,   1,    0.0000000000E+00,    4.9011801282E+02,    4.9011801282E+02,    0.0000000000E+00,    0.0000000000E+00,    0.0000000000E+00,    4.9011801282E+02
    239400,      0.676974,CP12_end,   1,    0.0000000000E+00,    4.9011801282E+02,    4.9011801282E+02,    0.0000000000E+00,    0.0000000000E+00,    0.0000000000E+00,    4.9011801282E+02
    239450,      0.676974,CP0_start,   1,    0.0000000000E+00,    4.9031009527E+02,    4.9031009527E+02,    0.0000000000E+00,    0.0000000000E+00,    0.0000000000E+00,    4.9031009527E+02
    239450,      0.676974,CP1_after_deposition,   1,    0.0000000000E+00,    4.9031009527E+02,    4.9031009527E+02,    0.0000000000E+00,    0.0000000000E+00,    0.0000000000E+00,    4.9031009527E+02
    239450,      0.676974,CP2_after_erosion,   1,    0.0000000000E+00,    4.9031009527E+02,    4.9031009527E+02,    0.0000000000E+00,    0.0000000000E+00,    0.0000000000E+00,    4.9031009527E+02
    239450,      0.676974,CP3_after_update_bottom,   1,    0.0000000000E+00,    4.9031009527E+02,    4.9031009527E+02,    0.0000000000E+00,    0.0000000000E+00,    0.0000000000E+00,    4.9031009527E+02
    239450,      0.676974,CP4_after_advection,   1,    0.0000000000E+00,    4.9032347755E+02,    4.9032347755E+02,    0.0000000000E+00,    0.0000000000E+00,    0.0000000000E+00,    4.9032347755E+02
    239450,      0.676974,CP5_after_vdif,   1,    0.0000000000E+00,    4.9032347755E+02,    4.9032347755E+02,    0.0000000000E+00,    0.0000000000E+00,    0.0000000000E+00,    4.9032347755E+02
    239450,      0.676974,CP6_after_kinetics,   1,    0.0000000000E+00,    4.9032347755E+02,    4.9032347755E+02,    0.0000000000E+00,    0.0000000000E+00,    0.0000000000E+00,    4.9032347755E+02
    239450,      0.676974,CP7_after_upper_clamp,   1,    0.0000000000E+00,    4.9032347755E+02,    4.9032347755E+02,    0.0000000000E+00,    0.0000000000E+00,    0.0000000000E+00,    4.9032347755E+02
    239450,      0.676974,CP8_after_OBC,   1,    0.0000000000E+00,    4.9032347755E+02,    4.9032347755E+02,    0.0000000000E+00,    0.0000000000E+00,    0.0000000000E+00,    4.9032347755E+02
    239450,      0.676974,CP9_after_PTsource,   1,    0.0000000000E+00,    4.9032347755E+02,    4.9032347755E+02,    0.0000000000E+00,    0.0000000000E+00,    0.0000000000E+00,    4.9032347755E+02
    239450,      0.676974,CP10_after_neg_clamp,   1,    0.0000000000E+00,    4.9032347755E+02,    4.9032347755E+02,    0.0000000000E+00,    0.0000000000E+00,    0.0000000000E+00,    4.9032347755E+02
    239450,      0.676974,CP11_after_MPI,   1,    0.0000000000E+00,    4.9032347755E+02,    4.9032347755E+02,    0.0000000000E+00,    0.0000000000E+00,    0.0000000000E+00,    4.9032347755E+02
    239450,      0.676974,CP12_end,   1,    0.0000000000E+00,    4.9032347755E+02,    4.9032347755E+02,    0.0000000000E+00,    0.0000000000E+00,    0.0000000000E+00,    4.9032347755E+02
    239500,      0.676974,CP0_start,   1,    0.0000000000E+00,    4.9051493431E+02,    4.9051493431E+02,    0.0000000000E+00,    0.0000000000E+00,    0.0000000000E+00,    4.9051493431E+02
    239500,      0.676974,CP1_after_deposition,   1,    0.0000000000E+00,    4.9051493431E+02,    4.9051493431E+02,    0.0000000000E+00,    0.0000000000E+00,    0.0000000000E+00,    4.9051493431E+02
    239500,      0.676974,CP2_after_erosion,   1,    0.0000000000E+00,    4.9051493431E+02,    4.9051493431E+02,    0.0000000000E+00,    0.0000000000E+00,    0.0000000000E+00,    4.9051493431E+02
    239500,      0.676974,CP3_after_update_bottom,   1,    0.0000000000E+00,    4.9051493431E+02,    4.9051493431E+02,    0.0000000000E+00,    0.0000000000E+00,    0.0000000000E+00,    4.9051493431E+02
    239500,      0.676974,CP4_after_advection,   1,    0.0000000000E+00,    4.9052816229E+02,    4.9052816229E+02,    0.0000000000E+00,    0.0000000000E+00,    0.0000000000E+00,    4.9052816229E+02
    239500,      0.676974,CP5_after_vdif,   1,    0.0000000000E+00,    4.9052816229E+02,    4.9052816229E+02,    0.0000000000E+00,    0.0000000000E+00,    0.0000000000E+00,    4.9052816229E+02
    239500,      0.676974,CP6_after_kinetics,   1,    0.0000000000E+00,    4.9052816229E+02,    4.9052816229E+02,    0.0000000000E+00,    0.0000000000E+00,    0.0000000000E+00,    4.9052816229E+02
    239500,      0.676974,CP7_after_upper_clamp,   1,    0.0000000000E+00,    4.9052816229E+02,    4.9052816229E+02,    0.0000000000E+00,    0.0000000000E+00,    0.0000000000E+00,    4.9052816229E+02
    239500,      0.676974,CP8_after_OBC,   1,    0.0000000000E+00,    4.9052816229E+02,    4.9052816229E+02,    0.0000000000E+00,    0.0000000000E+00,    0.0000000000E+00,    4.9052816229E+02
    239500,      0.676974,CP9_after_PTsource,   1,    0.0000000000E+00,    4.9052816229E+02,    4.9052816229E+02,    0.0000000000E+00,    0.0000000000E+00,    0.0000000000E+00,    4.9052816229E+02
    239500,      0.676974,CP10_after_neg_clamp,   1,    0.0000000000E+00,    4.9052816229E+02,    4.9052816229E+02,    0.0000000000E+00,    0.0000000000E+00,    0.0000000000E+00,    4.9052816229E+02
    239500,      0.676974,CP11_after_MPI,   1,    0.0000000000E+00,    4.9052816229E+02,    4.9052816229E+02,    0.0000000000E+00,    0.0000000000E+00,    0.0000000000E+00,    4.9052816229E+02
    239500,      0.676974,CP12_end,   1,    0.0000000000E+00,    4.9052816229E+02,    4.9052816229E+02,    0.0000000000E+00,    0.0000000000E+00,    0.0000000000E+00,    4.9052816229E+02
    239550,      0.676974,CP0_start,   1,    0.0000000000E+00,    4.9071898534E+02,    4.9071898534E+02,    0.0000000000E+00,    0.0000000000E+00,    0.0000000000E+00,    4.9071898534E+02
    239550,      0.676974,CP1_after_deposition,   1,    0.0000000000E+00,    4.9071898534E+02,    4.9071898534E+02,    0.0000000000E+00,    0.0000000000E+00,    0.0000000000E+00,    4.9071898534E+02
    239550,      0.676974,CP2_after_erosion,   1,    0.0000000000E+00,    4.9071898534E+02,    4.9071898534E+02,    0.0000000000E+00,    0.0000000000E+00,    0.0000000000E+00,    4.9071898534E+02
    239550,      0.676974,CP3_after_update_bottom,   1,    0.0000000000E+00,    4.9071898534E+02,    4.9071898534E+02,    0.0000000000E+00,    0.0000000000E+00,    0.0000000000E+00,    4.9071898534E+02
    239550,      0.676974,CP4_after_advection,   1,    0.0000000000E+00,    4.9073205735E+02,    4.9073205735E+02,    0.0000000000E+00,    0.0000000000E+00,    0.0000000000E+00,    4.9073205735E+02
    239550,      0.676974,CP5_after_vdif,   1,    0.0000000000E+00,    4.9073205735E+02,    4.9073205735E+02,    0.0000000000E+00,    0.0000000000E+00,    0.0000000000E+00,    4.9073205735E+02
    239550,      0.676974,CP6_after_kinetics,   1,    0.0000000000E+00,    4.9073205735E+02,    4.9073205735E+02,    0.0000000000E+00,    0.0000000000E+00,    0.0000000000E+00,    4.9073205735E+02
    239550,      0.676974,CP7_after_upper_clamp,   1,    0.0000000000E+00,    4.9073205735E+02,    4.9073205735E+02,    0.0000000000E+00,    0.0000000000E+00,    0.0000000000E+00,    4.9073205735E+02
    239550,      0.676974,CP8_after_OBC,   1,    0.0000000000E+00,    4.9073205735E+02,    4.9073205735E+02,    0.0000000000E+00,    0.0000000000E+00,    0.0000000000E+00,    4.9073205735E+02
    239550,      0.676974,CP9_after_PTsource,   1,    0.0000000000E+00,    4.9073205735E+02,    4.9073205735E+02,    0.0000000000E+00,    0.0000000000E+00,    0.0000000000E+00,    4.9073205735E+02
    239550,      0.676974,CP10_after_neg_clamp,   1,    0.0000000000E+00,    4.9073205735E+02,    4.9073205735E+02,    0.0000000000E+00,    0.0000000000E+00,    0.0000000000E+00,    4.9073205735E+02
    239550,      0.676974,CP11_after_MPI,   1,    0.0000000000E+00,    4.9073205735E+02,    4.9073205735E+02,    0.0000000000E+00,    0.0000000000E+00,    0.0000000000E+00,    4.9073205735E+02
    239550,      0.676974,CP12_end,   1,    0.0000000000E+00,    4.9073205735E+02,    4.9073205735E+02,    0.0000000000E+00,    0.0000000000E+00,    0.0000000000E+00,    4.9073205735E+02
    239600,      0.676974,CP0_start,   1,    0.0000000000E+00,    4.9092220170E+02,    4.9092220170E+02,    0.0000000000E+00,    0.0000000000E+00,    0.0000000000E+00,    4.9092220170E+02
    239600,      0.676974,CP1_after_deposition,   1,    0.0000000000E+00,    4.9092220170E+02,    4.9092220170E+02,    0.0000000000E+00,    0.0000000000E+00,    0.0000000000E+00,    4.9092220170E+02
    239600,      0.676974,CP2_after_erosion,   1,    0.0000000000E+00,    4.9092220170E+02,    4.9092220170E+02,    0.0000000000E+00,    0.0000000000E+00,    0.0000000000E+00,    4.9092220170E+02
    239600,      0.676974,CP3_after_update_bottom,   1,    0.0000000000E+00,    4.9092220170E+02,    4.9092220170E+02,    0.0000000000E+00,    0.0000000000E+00,    0.0000000000E+00,    4.9092220170E+02
    239600,      0.676974,CP4_after_advection,   1,    0.0000000000E+00,    4.9093510879E+02,    4.9093510879E+02,    0.0000000000E+00,    0.0000000000E+00,    0.0000000000E+00,    4.9093510879E+02
    239600,      0.676974,CP5_after_vdif,   1,    0.0000000000E+00,    4.9093510879E+02,    4.9093510879E+02,    0.0000000000E+00,    0.0000000000E+00,    0.0000000000E+00,    4.9093510879E+02
    239600,      0.676974,CP6_after_kinetics,   1,    0.0000000000E+00,    4.9093510879E+02,    4.9093510879E+02,    0.0000000000E+00,    0.0000000000E+00,    0.0000000000E+00,    4.9093510879E+02
    239600,      0.676974,CP7_after_upper_clamp,   1,    0.0000000000E+00,    4.9093510879E+02,    4.9093510879E+02,    0.0000000000E+00,    0.0000000000E+00,    0.0000000000E+00,    4.9093510879E+02
    239600,      0.676974,CP8_after_OBC,   1,    0.0000000000E+00,    4.9093510879E+02,    4.9093510879E+02,    0.0000000000E+00,    0.0000000000E+00,    0.0000000000E+00,    4.9093510879E+02
    239600,      0.676974,CP9_after_PTsource,   1,    0.0000000000E+00,    4.9093510879E+02,    4.9093510879E+02,    0.0000000000E+00,    0.0000000000E+00,    0.0000000000E+00,    4.9093510879E+02
    239600,      0.676974,CP10_after_neg_clamp,   1,    0.0000000000E+00,    4.9093510879E+02,    4.9093510879E+02,    0.0000000000E+00,    0.0000000000E+00,    0.0000000000E+00,    4.9093510879E+02
    239600,      0.676974,CP11_after_MPI,   1,    0.0000000000E+00,    4.9093510879E+02,    4.9093510879E+02,    0.0000000000E+00,    0.0000000000E+00,    0.0000000000E+00,    4.9093510879E+02
    239600,      0.676974,CP12_end,   1,    0.0000000000E+00,    4.9093510879E+02,    4.9093510879E+02,    0.0000000000E+00,    0.0000000000E+00,    0.0000000000E+00,    4.9093510879E+02
    239650,      0.676974,CP0_start,   1,    0.0000000000E+00,    4.9112462246E+02,    4.9112462246E+02,    0.0000000000E+00,    0.0000000000E+00,    0.0000000000E+00,    4.9112462246E+02
    239650,      0.676974,CP1_after_deposition,   1,    0.0000000000E+00,    4.9112462246E+02,    4.9112462246E+02,    0.0000000000E+00,    0.0000000000E+00,    0.0000000000E+00,    4.9112462246E+02
    239650,      0.676974,CP2_after_erosion,   1,    0.0000000000E+00,    4.9112462246E+02,    4.9112462246E+02,    0.0000000000E+00,    0.0000000000E+00,    0.0000000000E+00,    4.9112462246E+02
    239650,      0.676974,CP3_after_update_bottom,   1,    0.0000000000E+00,    4.9112462246E+02,    4.9112462246E+02,    0.0000000000E+00,    0.0000000000E+00,    0.0000000000E+00,    4.9112462246E+02
    239650,      0.676974,CP4_after_advection,   1,    0.0000000000E+00,    4.9113735455E+02,    4.9113735455E+02,    0.0000000000E+00,    0.0000000000E+00,    0.0000000000E+00,    4.9113735455E+02
    239650,      0.676974,CP5_after_vdif,   1,    0.0000000000E+00,    4.9113735455E+02,    4.9113735455E+02,    0.0000000000E+00,    0.0000000000E+00,    0.0000000000E+00,    4.9113735455E+02
    239650,      0.676974,CP6_after_kinetics,   1,    0.0000000000E+00,    4.9113735455E+02,    4.9113735455E+02,    0.0000000000E+00,    0.0000000000E+00,    0.0000000000E+00,    4.9113735455E+02
    239650,      0.676974,CP7_after_upper_clamp,   1,    0.0000000000E+00,    4.9113735455E+02,    4.9113735455E+02,    0.0000000000E+00,    0.0000000000E+00,    0.0000000000E+00,    4.9113735455E+02
    239650,      0.676974,CP8_after_OBC,   1,    0.0000000000E+00,    4.9113735455E+02,    4.9113735455E+02,    0.0000000000E+00,    0.0000000000E+00,    0.0000000000E+00,    4.9113735455E+02
    239650,      0.676974,CP9_after_PTsource,   1,    0.0000000000E+00,    4.9113735455E+02,    4.9113735455E+02,    0.0000000000E+00,    0.0000000000E+00,    0.0000000000E+00,    4.9113735455E+02
    239650,      0.676974,CP10_after_neg_clamp,   1,    0.0000000000E+00,    4.9113735455E+02,    4.9113735455E+02,    0.0000000000E+00,    0.0000000000E+00,    0.0000000000E+00,    4.9113735455E+02
    239650,      0.676974,CP11_after_MPI,   1,    0.0000000000E+00,    4.9113735455E+02,    4.9113735455E+02,    0.0000000000E+00,    0.0000000000E+00,    0.0000000000E+00,    4.9113735455E+02
    239650,      0.676974,CP12_end,   1,    0.0000000000E+00,    4.9113735455E+02,    4.9113735455E+02,    0.0000000000E+00,    0.0000000000E+00,    0.0000000000E+00,    4.9113735455E+02
    239700,      0.676974,CP0_start,   1,    0.0000000000E+00,    4.9132626512E+02,    4.9132626512E+02,    0.0000000000E+00,    0.0000000000E+00,    0.0000000000E+00,    4.9132626512E+02
    239700,      0.676974,CP1_after_deposition,   1,    0.0000000000E+00,    4.9132626512E+02,    4.9132626512E+02,    0.0000000000E+00,    0.0000000000E+00,    0.0000000000E+00,    4.9132626512E+02
    239700,      0.676974,CP2_after_erosion,   1,    0.0000000000E+00,    4.9132626512E+02,    4.9132626512E+02,    0.0000000000E+00,    0.0000000000E+00,    0.0000000000E+00,    4.9132626512E+02
    239700,      0.676974,CP3_after_update_bottom,   1,    0.0000000000E+00,    4.9132626512E+02,    4.9132626512E+02,    0.0000000000E+00,    0.0000000000E+00,    0.0000000000E+00,    4.9132626512E+02
    239700,      0.676974,CP4_after_advection,   1,    0.0000000000E+00,    4.9133882314E+02,    4.9133882314E+02,    0.0000000000E+00,    0.0000000000E+00,    0.0000000000E+00,    4.9133882314E+02
    239700,      0.676974,CP5_after_vdif,   1,    0.0000000000E+00,    4.9133882314E+02,    4.9133882314E+02,    0.0000000000E+00,    0.0000000000E+00,    0.0000000000E+00,    4.9133882314E+02
    239700,      0.676974,CP6_after_kinetics,   1,    0.0000000000E+00,    4.9133882314E+02,    4.9133882314E+02,    0.0000000000E+00,    0.0000000000E+00,    0.0000000000E+00,    4.9133882314E+02
    239700,      0.676974,CP7_after_upper_clamp,   1,    0.0000000000E+00,    4.9133882314E+02,    4.9133882314E+02,    0.0000000000E+00,    0.0000000000E+00,    0.0000000000E+00,    4.9133882314E+02
    239700,      0.676974,CP8_after_OBC,   1,    0.0000000000E+00,    4.9133882314E+02,    4.9133882314E+02,    0.0000000000E+00,    0.0000000000E+00,    0.0000000000E+00,    4.9133882314E+02
    239700,      0.676974,CP9_after_PTsource,   1,    0.0000000000E+00,    4.9133882314E+02,    4.9133882314E+02,    0.0000000000E+00,    0.0000000000E+00,    0.0000000000E+00,    4.9133882314E+02
    239700,      0.676974,CP10_after_neg_clamp,   1,    0.0000000000E+00,    4.9133882314E+02,    4.9133882314E+02,    0.0000000000E+00,    0.0000000000E+00,    0.0000000000E+00,    4.9133882314E+02
    239700,      0.676974,CP11_after_MPI,   1,    0.0000000000E+00,    4.9133882314E+02,    4.9133882314E+02,    0.0000000000E+00,    0.0000000000E+00,    0.0000000000E+00,    4.9133882314E+02
    239700,      0.676974,CP12_end,   1,    0.0000000000E+00,    4.9133882314E+02,    4.9133882314E+02,    0.0000000000E+00,    0.0000000000E+00,    0.0000000000E+00,    4.9133882314E+02
    239750,      0.676974,CP0_start,   1,    0.0000000000E+00,    4.9152726391E+02,    4.9152726391E+02,    0.0000000000E+00,    0.0000000000E+00,    0.0000000000E+00,    4.9152726391E+02
    239750,      0.676974,CP1_after_deposition,   1,    0.0000000000E+00,    4.9152726391E+02,    4.9152726391E+02,    0.0000000000E+00,    0.0000000000E+00,    0.0000000000E+00,    4.9152726391E+02
    239750,      0.676974,CP2_after_erosion,   1,    0.0000000000E+00,    4.9152726391E+02,    4.9152726391E+02,    0.0000000000E+00,    0.0000000000E+00,    0.0000000000E+00,    4.9152726391E+02
    239750,      0.676974,CP3_after_update_bottom,   1,    0.0000000000E+00,    4.9152726391E+02,    4.9152726391E+02,    0.0000000000E+00,    0.0000000000E+00,    0.0000000000E+00,    4.9152726391E+02
    239750,      0.676974,CP4_after_advection,   1,    0.0000000000E+00,    4.9153964066E+02,    4.9153964066E+02,    0.0000000000E+00,    0.0000000000E+00,    0.0000000000E+00,    4.9153964066E+02
    239750,      0.676974,CP5_after_vdif,   1,    0.0000000000E+00,    4.9153964066E+02,    4.9153964066E+02,    0.0000000000E+00,    0.0000000000E+00,    0.0000000000E+00,    4.9153964066E+02
    239750,      0.676974,CP6_after_kinetics,   1,    0.0000000000E+00,    4.9153964066E+02,    4.9153964066E+02,    0.0000000000E+00,    0.0000000000E+00,    0.0000000000E+00,    4.9153964066E+02
    239750,      0.676974,CP7_after_upper_clamp,   1,    0.0000000000E+00,    4.9153964066E+02,    4.9153964066E+02,    0.0000000000E+00,    0.0000000000E+00,    0.0000000000E+00,    4.9153964066E+02
    239750,      0.676974,CP8_after_OBC,   1,    0.0000000000E+00,    4.9153964066E+02,    4.9153964066E+02,    0.0000000000E+00,    0.0000000000E+00,    0.0000000000E+00,    4.9153964066E+02
    239750,      0.676974,CP9_after_PTsource,   1,    0.0000000000E+00,    4.9153964066E+02,    4.9153964066E+02,    0.0000000000E+00,    0.0000000000E+00,    0.0000000000E+00,    4.9153964066E+02
    239750,      0.676974,CP10_after_neg_clamp,   1,    0.0000000000E+00,    4.9153964066E+02,    4.9153964066E+02,    0.0000000000E+00,    0.0000000000E+00,    0.0000000000E+00,    4.9153964066E+02
    239750,      0.676974,CP11_after_MPI,   1,    0.0000000000E+00,    4.9153964066E+02,    4.9153964066E+02,    0.0000000000E+00,    0.0000000000E+00,    0.0000000000E+00,    4.9153964066E+02
    239750,      0.676974,CP12_end,   1,    0.0000000000E+00,    4.9153964066E+02,    4.9153964066E+02,    0.0000000000E+00,    0.0000000000E+00,    0.0000000000E+00,    4.9153964066E+02
    239800,      0.676974,CP0_start,   1,    0.0000000000E+00,    4.9172776797E+02,    4.9172776797E+02,    0.0000000000E+00,    0.0000000000E+00,    0.0000000000E+00,    4.9172776797E+02
    239800,      0.676974,CP1_after_deposition,   1,    0.0000000000E+00,    4.9172776797E+02,    4.9172776797E+02,    0.0000000000E+00,    0.0000000000E+00,    0.0000000000E+00,    4.9172776797E+02
    239800,      0.676974,CP2_after_erosion,   1,    0.0000000000E+00,    4.9172776797E+02,    4.9172776797E+02,    0.0000000000E+00,    0.0000000000E+00,    0.0000000000E+00,    4.9172776797E+02
    239800,      0.676974,CP3_after_update_bottom,   1,    0.0000000000E+00,    4.9172776797E+02,    4.9172776797E+02,    0.0000000000E+00,    0.0000000000E+00,    0.0000000000E+00,    4.9172776797E+02
    239800,      0.676974,CP4_after_advection,   1,    0.0000000000E+00,    4.9173996283E+02,    4.9173996283E+02,    0.0000000000E+00,    0.0000000000E+00,    0.0000000000E+00,    4.9173996283E+02
    239800,      0.676974,CP5_after_vdif,   1,    0.0000000000E+00,    4.9173996283E+02,    4.9173996283E+02,    0.0000000000E+00,    0.0000000000E+00,    0.0000000000E+00,    4.9173996283E+02
    239800,      0.676974,CP6_after_kinetics,   1,    0.0000000000E+00,    4.9173996283E+02,    4.9173996283E+02,    0.0000000000E+00,    0.0000000000E+00,    0.0000000000E+00,    4.9173996283E+02
    239800,      0.676974,CP7_after_upper_clamp,   1,    0.0000000000E+00,    4.9173996283E+02,    4.9173996283E+02,    0.0000000000E+00,    0.0000000000E+00,    0.0000000000E+00,    4.9173996283E+02
    239800,      0.676974,CP8_after_OBC,   1,    0.0000000000E+00,    4.9173996283E+02,    4.9173996283E+02,    0.0000000000E+00,    0.0000000000E+00,    0.0000000000E+00,    4.9173996283E+02
    239800,      0.676974,CP9_after_PTsource,   1,    0.0000000000E+00,    4.9173996283E+02,    4.9173996283E+02,    0.0000000000E+00,    0.0000000000E+00,    0.0000000000E+00,    4.9173996283E+02
    239800,      0.676974,CP10_after_neg_clamp,   1,    0.0000000000E+00,    4.9173996283E+02,    4.9173996283E+02,    0.0000000000E+00,    0.0000000000E+00,    0.0000000000E+00,    4.9173996283E+02
    239800,      0.676974,CP11_after_MPI,   1,    0.0000000000E+00,    4.9173996283E+02,    4.9173996283E+02,    0.0000000000E+00,    0.0000000000E+00,    0.0000000000E+00,    4.9173996283E+02
    239800,      0.676974,CP12_end,   1,    0.0000000000E+00,    4.9173996283E+02,    4.9173996283E+02,    0.0000000000E+00,    0.0000000000E+00,    0.0000000000E+00,    4.9173996283E+02
    239850,      0.676974,CP0_start,   1,    0.0000000000E+00,    4.9192774438E+02,    4.9192774438E+02,    0.0000000000E+00,    0.0000000000E+00,    0.0000000000E+00,    4.9192774438E+02
    239850,      0.676974,CP1_after_deposition,   1,    0.0000000000E+00,    4.9192774438E+02,    4.9192774438E+02,    0.0000000000E+00,    0.0000000000E+00,    0.0000000000E+00,    4.9192774438E+02
    239850,      0.676974,CP2_after_erosion,   1,    0.0000000000E+00,    4.9192774438E+02,    4.9192774438E+02,    0.0000000000E+00,    0.0000000000E+00,    0.0000000000E+00,    4.9192774438E+02
    239850,      0.676974,CP3_after_update_bottom,   1,    0.0000000000E+00,    4.9192774438E+02,    4.9192774438E+02,    0.0000000000E+00,    0.0000000000E+00,    0.0000000000E+00,    4.9192774438E+02
    239850,      0.676974,CP4_after_advection,   1,    0.0000000000E+00,    4.9193975609E+02,    4.9193975609E+02,    0.0000000000E+00,    0.0000000000E+00,    0.0000000000E+00,    4.9193975609E+02
    239850,      0.676974,CP5_after_vdif,   1,    0.0000000000E+00,    4.9193975609E+02,    4.9193975609E+02,    0.0000000000E+00,    0.0000000000E+00,    0.0000000000E+00,    4.9193975609E+02
    239850,      0.676974,CP6_after_kinetics,   1,    0.0000000000E+00,    4.9193975609E+02,    4.9193975609E+02,    0.0000000000E+00,    0.0000000000E+00,    0.0000000000E+00,    4.9193975609E+02
    239850,      0.676974,CP7_after_upper_clamp,   1,    0.0000000000E+00,    4.9193975609E+02,    4.9193975609E+02,    0.0000000000E+00,    0.0000000000E+00,    0.0000000000E+00,    4.9193975609E+02
    239850,      0.676974,CP8_after_OBC,   1,    0.0000000000E+00,    4.9193975609E+02,    4.9193975609E+02,    0.0000000000E+00,    0.0000000000E+00,    0.0000000000E+00,    4.9193975609E+02
    239850,      0.676974,CP9_after_PTsource,   1,    0.0000000000E+00,    4.9193975609E+02,    4.9193975609E+02,    0.0000000000E+00,    0.0000000000E+00,    0.0000000000E+00,    4.9193975609E+02
    239850,      0.676974,CP10_after_neg_clamp,   1,    0.0000000000E+00,    4.9193975609E+02,    4.9193975609E+02,    0.0000000000E+00,    0.0000000000E+00,    0.0000000000E+00,    4.9193975609E+02
    239850,      0.676974,CP11_after_MPI,   1,    0.0000000000E+00,    4.9193975609E+02,    4.9193975609E+02,    0.0000000000E+00,    0.0000000000E+00,    0.0000000000E+00,    4.9193975609E+02
    239850,      0.676974,CP12_end,   1,    0.0000000000E+00,    4.9193975609E+02,    4.9193975609E+02,    0.0000000000E+00,    0.0000000000E+00,    0.0000000000E+00,    4.9193975609E+02
    239900,      0.676974,CP0_start,   1,    0.0000000000E+00,    4.9212716847E+02,    4.9212716847E+02,    0.0000000000E+00,    0.0000000000E+00,    0.0000000000E+00,    4.9212716847E+02
    239900,      0.676974,CP1_after_deposition,   1,    0.0000000000E+00,    4.9212716847E+02,    4.9212716847E+02,    0.0000000000E+00,    0.0000000000E+00,    0.0000000000E+00,    4.9212716847E+02
    239900,      0.676974,CP2_after_erosion,   1,    0.0000000000E+00,    4.9212716847E+02,    4.9212716847E+02,    0.0000000000E+00,    0.0000000000E+00,    0.0000000000E+00,    4.9212716847E+02
    239900,      0.676974,CP3_after_update_bottom,   1,    0.0000000000E+00,    4.9212716847E+02,    4.9212716847E+02,    0.0000000000E+00,    0.0000000000E+00,    0.0000000000E+00,    4.9212716847E+02
    239900,      0.676974,CP4_after_advection,   1,    0.0000000000E+00,    4.9213898787E+02,    4.9213898787E+02,    0.0000000000E+00,    0.0000000000E+00,    0.0000000000E+00,    4.9213898787E+02
    239900,      0.676974,CP5_after_vdif,   1,    0.0000000000E+00,    4.9213898787E+02,    4.9213898787E+02,    0.0000000000E+00,    0.0000000000E+00,    0.0000000000E+00,    4.9213898787E+02
    239900,      0.676974,CP6_after_kinetics,   1,    0.0000000000E+00,    4.9213898787E+02,    4.9213898787E+02,    0.0000000000E+00,    0.0000000000E+00,    0.0000000000E+00,    4.9213898787E+02
    239900,      0.676974,CP7_after_upper_clamp,   1,    0.0000000000E+00,    4.9213898787E+02,    4.9213898787E+02,    0.0000000000E+00,    0.0000000000E+00,    0.0000000000E+00,    4.9213898787E+02
    239900,      0.676974,CP8_after_OBC,   1,    0.0000000000E+00,    4.9213898787E+02,    4.9213898787E+02,    0.0000000000E+00,    0.0000000000E+00,    0.0000000000E+00,    4.9213898787E+02
    239900,      0.676974,CP9_after_PTsource,   1,    0.0000000000E+00,    4.9213898787E+02,    4.9213898787E+02,    0.0000000000E+00,    0.0000000000E+00,    0.0000000000E+00,    4.9213898787E+02
    239900,      0.676974,CP10_after_neg_clamp,   1,    0.0000000000E+00,    4.9213898787E+02,    4.9213898787E+02,    0.0000000000E+00,    0.0000000000E+00,    0.0000000000E+00,    4.9213898787E+02
    239900,      0.676974,CP11_after_MPI,   1,    0.0000000000E+00,    4.9213898787E+02,    4.9213898787E+02,    0.0000000000E+00,    0.0000000000E+00,    0.0000000000E+00,    4.9213898787E+02
    239900,      0.676974,CP12_end,   1,    0.0000000000E+00,    4.9213898787E+02,    4.9213898787E+02,    0.0000000000E+00,    0.0000000000E+00,    0.0000000000E+00,    4.9213898787E+02
    239950,      0.676974,CP0_start,   1,    0.0000000000E+00,    4.9232602710E+02,    4.9232602710E+02,    0.0000000000E+00,    0.0000000000E+00,    0.0000000000E+00,    4.9232602710E+02
    239950,      0.676974,CP1_after_deposition,   1,    0.0000000000E+00,    4.9232602710E+02,    4.9232602710E+02,    0.0000000000E+00,    0.0000000000E+00,    0.0000000000E+00,    4.9232602710E+02
    239950,      0.676974,CP2_after_erosion,   1,    0.0000000000E+00,    4.9232602710E+02,    4.9232602710E+02,    0.0000000000E+00,    0.0000000000E+00,    0.0000000000E+00,    4.9232602710E+02
    239950,      0.676974,CP3_after_update_bottom,   1,    0.0000000000E+00,    4.9232602710E+02,    4.9232602710E+02,    0.0000000000E+00,    0.0000000000E+00,    0.0000000000E+00,    4.9232602710E+02
    239950,      0.676974,CP4_after_advection,   1,    0.0000000000E+00,    4.9233765964E+02,    4.9233765964E+02,    0.0000000000E+00,    0.0000000000E+00,    0.0000000000E+00,    4.9233765964E+02
    239950,      0.676974,CP5_after_vdif,   1,    0.0000000000E+00,    4.9233765964E+02,    4.9233765964E+02,    0.0000000000E+00,    0.0000000000E+00,    0.0000000000E+00,    4.9233765964E+02
    239950,      0.676974,CP6_after_kinetics,   1,    0.0000000000E+00,    4.9233765964E+02,    4.9233765964E+02,    0.0000000000E+00,    0.0000000000E+00,    0.0000000000E+00,    4.9233765964E+02
    239950,      0.676974,CP7_after_upper_clamp,   1,    0.0000000000E+00,    4.9233765964E+02,    4.9233765964E+02,    0.0000000000E+00,    0.0000000000E+00,    0.0000000000E+00,    4.9233765964E+02
    239950,      0.676974,CP8_after_OBC,   1,    0.0000000000E+00,    4.9233765964E+02,    4.9233765964E+02,    0.0000000000E+00,    0.0000000000E+00,    0.0000000000E+00,    4.9233765964E+02
    239950,      0.676974,CP9_after_PTsource,   1,    0.0000000000E+00,    4.9233765964E+02,    4.9233765964E+02,    0.0000000000E+00,    0.0000000000E+00,    0.0000000000E+00,    4.9233765964E+02
    239950,      0.676974,CP10_after_neg_clamp,   1,    0.0000000000E+00,    4.9233765964E+02,    4.9233765964E+02,    0.0000000000E+00,    0.0000000000E+00,    0.0000000000E+00,    4.9233765964E+02
    239950,      0.676974,CP11_after_MPI,   1,    0.0000000000E+00,    4.9233765964E+02,    4.9233765964E+02,    0.0000000000E+00,    0.0000000000E+00,    0.0000000000E+00,    4.9233765964E+02
    239950,      0.676974,CP12_end,   1,    0.0000000000E+00,    4.9233765964E+02,    4.9233765964E+02,    0.0000000000E+00,    0.0000000000E+00,    0.0000000000E+00,    4.9233765964E+02
    240000,      0.676974,CP0_start,   1,    0.0000000000E+00,    4.9252438245E+02,    4.9252438245E+02,    0.0000000000E+00,    0.0000000000E+00,    0.0000000000E+00,    4.9252438245E+02
    240000,      0.676974,CP1_after_deposition,   1,    0.0000000000E+00,    4.9252438245E+02,    4.9252438245E+02,    0.0000000000E+00,    0.0000000000E+00,    0.0000000000E+00,    4.9252438245E+02
    240000,      0.676974,CP2_after_erosion,   1,                 NaN,                 NaN,                 NaN,    0.0000000000E+00,    0.0000000000E+00,    0.0000000000E+00,                 NaN
    240000,      0.676974,CP3_after_update_bottom,   1,                 NaN,                 NaN,                 NaN,    0.0000000000E+00,    0.0000000000E+00,    0.0000000000E+00,                 NaN
    240000,      0.676974,CP4_after_advection,   1,                 NaN,                 NaN,                 NaN,    0.0000000000E+00,    0.0000000000E+00,    0.0000000000E+00,                 NaN
    240000,      0.676974,CP5_after_vdif,   1,                 NaN,                 NaN,                 NaN,    0.0000000000E+00,    0.0000000000E+00,    0.0000000000E+00,                 NaN
    240000,      0.676974,CP6_after_kinetics,   1,                 NaN,                 NaN,                 NaN,    0.0000000000E+00,    0.0000000000E+00,    0.0000000000E+00,                 NaN
    240000,      0.676974,CP7_after_upper_clamp,   1,                 NaN,                 NaN,                 NaN,    0.0000000000E+00,    0.0000000000E+00,    0.0000000000E+00,                 NaN
    240000,      0.676974,CP8_after_OBC,   1,                 NaN,                 NaN,                 NaN,    0.0000000000E+00,    0.0000000000E+00,    0.0000000000E+00,                 NaN
    240000,      0.676974,CP9_after_PTsource,   1,                 NaN,                 NaN,                 NaN,    0.0000000000E+00,    0.0000000000E+00,    0.0000000000E+00,                 NaN
    240000,      0.676974,CP10_after_neg_clamp,   1,    0.0000000000E+00,    4.9196519582E+02,    4.9196519582E+02,    0.0000000000E+00,    0.0000000000E+00,    0.0000000000E+00,    4.9196519582E+02
    240000,      0.676974,CP11_after_MPI,   1,    0.0000000000E+00,    4.9196519582E+02,    4.9196519582E+02,    0.0000000000E+00,    0.0000000000E+00,    0.0000000000E+00,    4.9196519582E+02
    240000,      0.676974,CP12_end,   1,    0.0000000000E+00,    4.9196519582E+02,    4.9196519582E+02,    0.0000000000E+00,    0.0000000000E+00,    0.0000000000E+00,    4.9196519582E+02
    240050,      0.676974,CP0_start,   1,    0.0000000000E+00,    4.9215748521E+02,    4.9215748521E+02,    0.0000000000E+00,    0.0000000000E+00,    0.0000000000E+00,    4.9215748521E+02
    240050,      0.676974,CP1_after_deposition,   1,    0.0000000000E+00,    4.9215748521E+02,    4.9215748521E+02,    0.0000000000E+00,    0.0000000000E+00,    0.0000000000E+00,    4.9215748521E+02
    240050,      0.676974,CP2_after_erosion,   1,    0.0000000000E+00,    4.9215748521E+02,    4.9215748521E+02,    0.0000000000E+00,    0.0000000000E+00,    0.0000000000E+00,    4.9215748521E+02
    240050,      0.676974,CP3_after_update_bottom,   1,    0.0000000000E+00,    4.9215748521E+02,    4.9215748521E+02,    0.0000000000E+00,    0.0000000000E+00,    0.0000000000E+00,    4.9215748521E+02
    240050,      0.676974,CP4_after_advection,   1,    0.0000000000E+00,    4.9216891570E+02,    4.9216891570E+02,    0.0000000000E+00,    0.0000000000E+00,    0.0000000000E+00,    4.9216891570E+02
    240050,      0.676974,CP5_after_vdif,   1,    0.0000000000E+00,    4.9216891570E+02,    4.9216891570E+02,    0.0000000000E+00,    0.0000000000E+00,    0.0000000000E+00,    4.9216891570E+02
    240050,      0.676974,CP6_after_kinetics,   1,    0.0000000000E+00,    4.9216891570E+02,    4.9216891570E+02,    0.0000000000E+00,    0.0000000000E+00,    0.0000000000E+00,    4.9216891570E+02
    240050,      0.676974,CP7_after_upper_clamp,   1,    0.0000000000E+00,    4.9216891570E+02,    4.9216891570E+02,    0.0000000000E+00,    0.0000000000E+00,    0.0000000000E+00,    4.9216891570E+02
    240050,      0.676974,CP8_after_OBC,   1,    0.0000000000E+00,    4.9216891570E+02,    4.9216891570E+02,    0.0000000000E+00,    0.0000000000E+00,    0.0000000000E+00,    4.9216891570E+02
    240050,      0.676974,CP9_after_PTsource,   1,    0.0000000000E+00,    4.9216891570E+02,    4.9216891570E+02,    0.0000000000E+00,    0.0000000000E+00,    0.0000000000E+00,    4.9216891570E+02
    240050,      0.676974,CP10_after_neg_clamp,   1,    0.0000000000E+00,    4.9216891570E+02,    4.9216891570E+02,    0.0000000000E+00,    0.0000000000E+00,    0.0000000000E+00,    4.9216891570E+02
    240050,      0.676974,CP11_after_MPI,   1,    0.0000000000E+00,    4.9216891570E+02,    4.9216891570E+02,    0.0000000000E+00,    0.0000000000E+00,    0.0000000000E+00,    4.9216891570E+02
    240050,      0.676974,CP12_end,   1,    0.0000000000E+00,    4.9216891570E+02,    4.9216891570E+02,    0.0000000000E+00,    0.0000000000E+00,    0.0000000000E+00,    4.9216891570E+02
    240100,      0.676974,CP0_start,   1,    0.0000000000E+00,    4.9237010709E+02,    4.9237010709E+02,    0.0000000000E+00,    0.0000000000E+00,    0.0000000000E+00,    4.9237010709E+02
    240100,      0.676974,CP1_after_deposition,   1,    0.0000000000E+00,    4.9237010709E+02,    4.9237010709E+02,    0.0000000000E+00,    0.0000000000E+00,    0.0000000000E+00,    4.9237010709E+02
    240100,      0.676974,CP2_after_erosion,   1,    0.0000000000E+00,    4.9237010709E+02,    4.9237010709E+02,    0.0000000000E+00,    0.0000000000E+00,    0.0000000000E+00,    4.9237010709E+02
    240100,      0.676974,CP3_after_update_bottom,   1,    0.0000000000E+00,    4.9237010709E+02,    4.9237010709E+02,    0.0000000000E+00,    0.0000000000E+00,    0.0000000000E+00,    4.9237010709E+02
    240100,      0.676974,CP4_after_advection,   1,    0.0000000000E+00,    4.9238160221E+02,    4.9238160221E+02,    0.0000000000E+00,    0.0000000000E+00,    0.0000000000E+00,    4.9238160221E+02
    240100,      0.676974,CP5_after_vdif,   1,    0.0000000000E+00,    4.9238160221E+02,    4.9238160221E+02,    0.0000000000E+00,    0.0000000000E+00,    0.0000000000E+00,    4.9238160221E+02
    240100,      0.676974,CP6_after_kinetics,   1,    0.0000000000E+00,    4.9238160221E+02,    4.9238160221E+02,    0.0000000000E+00,    0.0000000000E+00,    0.0000000000E+00,    4.9238160221E+02
    240100,      0.676974,CP7_after_upper_clamp,   1,    0.0000000000E+00,    4.9238160221E+02,    4.9238160221E+02,    0.0000000000E+00,    0.0000000000E+00,    0.0000000000E+00,    4.9238160221E+02
    240100,      0.676974,CP8_after_OBC,   1,    0.0000000000E+00,    4.9238160221E+02,    4.9238160221E+02,    0.0000000000E+00,    0.0000000000E+00,    0.0000000000E+00,    4.9238160221E+02
    240100,      0.676974,CP9_after_PTsource,   1,    0.0000000000E+00,    4.9238160221E+02,    4.9238160221E+02,    0.0000000000E+00,    0.0000000000E+00,    0.0000000000E+00,    4.9238160221E+02
    240100,      0.676974,CP10_after_neg_clamp,   1,    0.0000000000E+00,    4.9238160221E+02,    4.9238160221E+02,    0.0000000000E+00,    0.0000000000E+00,    0.0000000000E+00,    4.9238160221E+02
    240100,      0.676974,CP11_after_MPI,   1,    0.0000000000E+00,    4.9238160221E+02,    4.9238160221E+02,    0.0000000000E+00,    0.0000000000E+00,    0.0000000000E+00,    4.9238160221E+02
    240100,      0.676974,CP12_end,   1,    0.0000000000E+00,    4.9238160221E+02,    4.9238160221E+02,    0.0000000000E+00,    0.0000000000E+00,    0.0000000000E+00,    4.9238160221E+02
    240150,      0.676974,CP0_start,   1,    0.0000000000E+00,    4.9259789186E+02,    4.9259789186E+02,    0.0000000000E+00,    0.0000000000E+00,    0.0000000000E+00,    4.9259789186E+02
    240150,      0.676974,CP1_after_deposition,   1,    0.0000000000E+00,    4.9259789186E+02,    4.9259789186E+02,    0.0000000000E+00,    0.0000000000E+00,    0.0000000000E+00,    4.9259789186E+02
    240150,      0.676974,CP2_after_erosion,   1,    0.0000000000E+00,    4.9259789186E+02,    4.9259789186E+02,    0.0000000000E+00,    0.0000000000E+00,    0.0000000000E+00,    4.9259789186E+02
    240150,      0.676974,CP3_after_update_bottom,   1,    0.0000000000E+00,    4.9259789186E+02,    4.9259789186E+02,    0.0000000000E+00,    0.0000000000E+00,    0.0000000000E+00,    4.9259789186E+02
    240150,      0.676974,CP4_after_advection,   1,    0.0000000000E+00,    4.9260946510E+02,    4.9260946510E+02,    0.0000000000E+00,    0.0000000000E+00,    0.0000000000E+00,    4.9260946510E+02
    240150,      0.676974,CP5_after_vdif,   1,    0.0000000000E+00,    4.9260946510E+02,    4.9260946510E+02,    0.0000000000E+00,    0.0000000000E+00,    0.0000000000E+00,    4.9260946510E+02
    240150,      0.676974,CP6_after_kinetics,   1,    0.0000000000E+00,    4.9260946510E+02,    4.9260946510E+02,    0.0000000000E+00,    0.0000000000E+00,    0.0000000000E+00,    4.9260946510E+02
    240150,      0.676974,CP7_after_upper_clamp,   1,    0.0000000000E+00,    4.9260946510E+02,    4.9260946510E+02,    0.0000000000E+00,    0.0000000000E+00,    0.0000000000E+00,    4.9260946510E+02
    240150,      0.676974,CP8_after_OBC,   1,    0.0000000000E+00,    4.9260946510E+02,    4.9260946510E+02,    0.0000000000E+00,    0.0000000000E+00,    0.0000000000E+00,    4.9260946510E+02
    240150,      0.676974,CP9_after_PTsource,   1,    0.0000000000E+00,    4.9260946510E+02,    4.9260946510E+02,    0.0000000000E+00,    0.0000000000E+00,    0.0000000000E+00,    4.9260946510E+02
    240150,      0.676974,CP10_after_neg_clamp,   1,    0.0000000000E+00,    4.9260946510E+02,    4.9260946510E+02,    0.0000000000E+00,    0.0000000000E+00,    0.0000000000E+00,    4.9260946510E+02
    240150,      0.676974,CP11_after_MPI,   1,    0.0000000000E+00,    4.9260946510E+02,    4.9260946510E+02,    0.0000000000E+00,    0.0000000000E+00,    0.0000000000E+00,    4.9260946510E+02
    240150,      0.676974,CP12_end,   1,    0.0000000000E+00,    4.9260946510E+02,    4.9260946510E+02,    0.0000000000E+00,    0.0000000000E+00,    0.0000000000E+00,    4.9260946510E+02
    240200,      0.676974,CP0_start,   1,    0.0000000000E+00,    4.9283233468E+02,    4.9283233468E+02,    0.0000000000E+00,    0.0000000000E+00,    0.0000000000E+00,    4.9283233468E+02
    240200,      0.676974,CP1_after_deposition,   1,    0.0000000000E+00,    4.9283233468E+02,    4.9283233468E+02,    0.0000000000E+00,    0.0000000000E+00,    0.0000000000E+00,    4.9283233468E+02
    240200,      0.676974,CP2_after_erosion,   1,    0.0000000000E+00,    4.9283233468E+02,    4.9283233468E+02,    0.0000000000E+00,    0.0000000000E+00,    0.0000000000E+00,    4.9283233468E+02
    240200,      0.676974,CP3_after_update_bottom,   1,    0.0000000000E+00,    4.9283233468E+02,    4.9283233468E+02,    0.0000000000E+00,    0.0000000000E+00,    0.0000000000E+00,    4.9283233468E+02
    240200,      0.676974,CP4_after_advection,   1,    0.0000000000E+00,    4.9284370111E+02,    4.9284370111E+02,    0.0000000000E+00,    0.0000000000E+00,    0.0000000000E+00,    4.9284370111E+02
    240200,      0.676974,CP5_after_vdif,   1,    0.0000000000E+00,    4.9284370111E+02,    4.9284370111E+02,    0.0000000000E+00,    0.0000000000E+00,    0.0000000000E+00,    4.9284370111E+02
    240200,      0.676974,CP6_after_kinetics,   1,    0.0000000000E+00,    4.9284370111E+02,    4.9284370111E+02,    0.0000000000E+00,    0.0000000000E+00,    0.0000000000E+00,    4.9284370111E+02
    240200,      0.676974,CP7_after_upper_clamp,   1,    0.0000000000E+00,    4.9284370111E+02,    4.9284370111E+02,    0.0000000000E+00,    0.0000000000E+00,    0.0000000000E+00,    4.9284370111E+02
    240200,      0.676974,CP8_after_OBC,   1,    0.0000000000E+00,    4.9284370111E+02,    4.9284370111E+02,    0.0000000000E+00,    0.0000000000E+00,    0.0000000000E+00,    4.9284370111E+02
    240200,      0.676974,CP9_after_PTsource,   1,    0.0000000000E+00,    4.9284370111E+02,    4.9284370111E+02,    0.0000000000E+00,    0.0000000000E+00,    0.0000000000E+00,    4.9284370111E+02
    240200,      0.676974,CP10_after_neg_clamp,   1,    0.0000000000E+00,    4.9284370111E+02,    4.9284370111E+02,    0.0000000000E+00,    0.0000000000E+00,    0.0000000000E+00,    4.9284370111E+02
    240200,      0.676974,CP11_after_MPI,   1,    0.0000000000E+00,    4.9284370111E+02,    4.9284370111E+02,    0.0000000000E+00,    0.0000000000E+00,    0.0000000000E+00,    4.9284370111E+02
    240200,      0.676974,CP12_end,   1,    0.0000000000E+00,    4.9284370111E+02,    4.9284370111E+02,    0.0000000000E+00,    0.0000000000E+00,    0.0000000000E+00,    4.9284370111E+02
    240250,      0.676974,CP0_start,   1,    0.0000000000E+00,    4.9306131339E+02,    4.9306131339E+02,    0.0000000000E+00,    0.0000000000E+00,    0.0000000000E+00,    4.9306131339E+02
    240250,      0.676974,CP1_after_deposition,   1,    0.0000000000E+00,    4.9306131339E+02,    4.9306131339E+02,    0.0000000000E+00,    0.0000000000E+00,    0.0000000000E+00,    4.9306131339E+02
    240250,      0.676974,CP2_after_erosion,   1,    0.0000000000E+00,    4.9306131339E+02,    4.9306131339E+02,    0.0000000000E+00,    0.0000000000E+00,    0.0000000000E+00,    4.9306131339E+02
    240250,      0.676974,CP3_after_update_bottom,   1,    0.0000000000E+00,    4.9306131339E+02,    4.9306131339E+02,    0.0000000000E+00,    0.0000000000E+00,    0.0000000000E+00,    4.9306131339E+02
    240250,      0.676974,CP4_after_advection,   1,    0.0000000000E+00,    4.9307229413E+02,    4.9307229413E+02,    0.0000000000E+00,    0.0000000000E+00,    0.0000000000E+00,    4.9307229413E+02
    240250,      0.676974,CP5_after_vdif,   1,    0.0000000000E+00,    4.9307229413E+02,    4.9307229413E+02,    0.0000000000E+00,    0.0000000000E+00,    0.0000000000E+00,    4.9307229413E+02
    240250,      0.676974,CP6_after_kinetics,   1,    0.0000000000E+00,    4.9307229413E+02,    4.9307229413E+02,    0.0000000000E+00,    0.0000000000E+00,    0.0000000000E+00,    4.9307229413E+02
    240250,      0.676974,CP7_after_upper_clamp,   1,    0.0000000000E+00,    4.9307229413E+02,    4.9307229413E+02,    0.0000000000E+00,    0.0000000000E+00,    0.0000000000E+00,    4.9307229413E+02
    240250,      0.676974,CP8_after_OBC,   1,    0.0000000000E+00,    4.9307229413E+02,    4.9307229413E+02,    0.0000000000E+00,    0.0000000000E+00,    0.0000000000E+00,    4.9307229413E+02
    240250,      0.676974,CP9_after_PTsource,   1,    0.0000000000E+00,    4.9307229413E+02,    4.9307229413E+02,    0.0000000000E+00,    0.0000000000E+00,    0.0000000000E+00,    4.9307229413E+02
    240250,      0.676974,CP10_after_neg_clamp,   1,    0.0000000000E+00,    4.9307229413E+02,    4.9307229413E+02,    0.0000000000E+00,    0.0000000000E+00,    0.0000000000E+00,    4.9307229413E+02
    240250,      0.676974,CP11_after_MPI,   1,    0.0000000000E+00,    4.9307229413E+02,    4.9307229413E+02,    0.0000000000E+00,    0.0000000000E+00,    0.0000000000E+00,    4.9307229413E+02
    240250,      0.676974,CP12_end,   1,    0.0000000000E+00,    4.9307229413E+02,    4.9307229413E+02,    0.0000000000E+00,    0.0000000000E+00,    0.0000000000E+00,    4.9307229413E+02
    240300,      0.676974,CP0_start,   1,    0.0000000000E+00,    4.9327962971E+02,    4.9327962971E+02,    0.0000000000E+00,    0.0000000000E+00,    0.0000000000E+00,    4.9327962971E+02
    240300,      0.676974,CP1_after_deposition,   1,    0.0000000000E+00,    4.9327962971E+02,    4.9327962971E+02,    0.0000000000E+00,    0.0000000000E+00,    0.0000000000E+00,    4.9327962971E+02
    240300,      0.676974,CP2_after_erosion,   1,    0.0000000000E+00,    4.9327962971E+02,    4.9327962971E+02,    0.0000000000E+00,    0.0000000000E+00,    0.0000000000E+00,    4.9327962971E+02
    240300,      0.676974,CP3_after_update_bottom,   1,    0.0000000000E+00,    4.9327962971E+02,    4.9327962971E+02,    0.0000000000E+00,    0.0000000000E+00,    0.0000000000E+00,    4.9327962971E+02
    240300,      0.676974,CP4_after_advection,   1,    0.0000000000E+00,    4.9329018020E+02,    4.9329018020E+02,    0.0000000000E+00,    0.0000000000E+00,    0.0000000000E+00,    4.9329018020E+02
    240300,      0.676974,CP5_after_vdif,   1,    0.0000000000E+00,    4.9329018020E+02,    4.9329018020E+02,    0.0000000000E+00,    0.0000000000E+00,    0.0000000000E+00,    4.9329018020E+02
    240300,      0.676974,CP6_after_kinetics,   1,    0.0000000000E+00,    4.9329018020E+02,    4.9329018020E+02,    0.0000000000E+00,    0.0000000000E+00,    0.0000000000E+00,    4.9329018020E+02
    240300,      0.676974,CP7_after_upper_clamp,   1,    0.0000000000E+00,    4.9329018020E+02,    4.9329018020E+02,    0.0000000000E+00,    0.0000000000E+00,    0.0000000000E+00,    4.9329018020E+02
    240300,      0.676974,CP8_after_OBC,   1,    0.0000000000E+00,    4.9329018020E+02,    4.9329018020E+02,    0.0000000000E+00,    0.0000000000E+00,    0.0000000000E+00,    4.9329018020E+02
    240300,      0.676974,CP9_after_PTsource,   1,    0.0000000000E+00,    4.9329018020E+02,    4.9329018020E+02,    0.0000000000E+00,    0.0000000000E+00,    0.0000000000E+00,    4.9329018020E+02
    240300,      0.676974,CP10_after_neg_clamp,   1,    0.0000000000E+00,    4.9329018020E+02,    4.9329018020E+02,    0.0000000000E+00,    0.0000000000E+00,    0.0000000000E+00,    4.9329018020E+02
    240300,      0.676974,CP11_after_MPI,   1,    0.0000000000E+00,    4.9329018020E+02,    4.9329018020E+02,    0.0000000000E+00,    0.0000000000E+00,    0.0000000000E+00,    4.9329018020E+02
    240300,      0.676974,CP12_end,   1,    0.0000000000E+00,    4.9329018020E+02,    4.9329018020E+02,    0.0000000000E+00,    0.0000000000E+00,    0.0000000000E+00,    4.9329018020E+02
    240350,      0.676974,CP0_start,   1,    0.0000000000E+00,    4.9348586181E+02,    4.9348586181E+02,    0.0000000000E+00,    0.0000000000E+00,    0.0000000000E+00,    4.9348586181E+02
    240350,      0.676974,CP1_after_deposition,   1,    0.0000000000E+00,    4.9348586181E+02,    4.9348586181E+02,    0.0000000000E+00,    0.0000000000E+00,    0.0000000000E+00,    4.9348586181E+02
    240350,      0.676974,CP2_after_erosion,   1,    0.0000000000E+00,    4.9348586181E+02,    4.9348586181E+02,    0.0000000000E+00,    0.0000000000E+00,    0.0000000000E+00,    4.9348586181E+02
    240350,      0.676974,CP3_after_update_bottom,   1,    0.0000000000E+00,    4.9348586181E+02,    4.9348586181E+02,    0.0000000000E+00,    0.0000000000E+00,    0.0000000000E+00,    4.9348586181E+02
    240350,      0.676974,CP4_after_advection,   1,    0.0000000000E+00,    4.9349600908E+02,    4.9349600908E+02,    0.0000000000E+00,    0.0000000000E+00,    0.0000000000E+00,    4.9349600908E+02
    240350,      0.676974,CP5_after_vdif,   1,    0.0000000000E+00,    4.9349600908E+02,    4.9349600908E+02,    0.0000000000E+00,    0.0000000000E+00,    0.0000000000E+00,    4.9349600908E+02
    240350,      0.676974,CP6_after_kinetics,   1,    0.0000000000E+00,    4.9349600908E+02,    4.9349600908E+02,    0.0000000000E+00,    0.0000000000E+00,    0.0000000000E+00,    4.9349600908E+02
    240350,      0.676974,CP7_after_upper_clamp,   1,    0.0000000000E+00,    4.9349600908E+02,    4.9349600908E+02,    0.0000000000E+00,    0.0000000000E+00,    0.0000000000E+00,    4.9349600908E+02
    240350,      0.676974,CP8_after_OBC,   1,    0.0000000000E+00,    4.9349600908E+02,    4.9349600908E+02,    0.0000000000E+00,    0.0000000000E+00,    0.0000000000E+00,    4.9349600908E+02
    240350,      0.676974,CP9_after_PTsource,   1,    0.0000000000E+00,    4.9349600908E+02,    4.9349600908E+02,    0.0000000000E+00,    0.0000000000E+00,    0.0000000000E+00,    4.9349600908E+02
    240350,      0.676974,CP10_after_neg_clamp,   1,    0.0000000000E+00,    4.9349600908E+02,    4.9349600908E+02,    0.0000000000E+00,    0.0000000000E+00,    0.0000000000E+00,    4.9349600908E+02
    240350,      0.676974,CP11_after_MPI,   1,    0.0000000000E+00,    4.9349600908E+02,    4.9349600908E+02,    0.0000000000E+00,    0.0000000000E+00,    0.0000000000E+00,    4.9349600908E+02
    240350,      0.676974,CP12_end,   1,    0.0000000000E+00,    4.9349600908E+02,    4.9349600908E+02,    0.0000000000E+00,    0.0000000000E+00,    0.0000000000E+00,    4.9349600908E+02
    240400,      0.676974,CP0_start,   1,    0.0000000000E+00,    4.9368270554E+02,    4.9368270554E+02,    0.0000000000E+00,    0.0000000000E+00,    0.0000000000E+00,    4.9368270554E+02
    240400,      0.676974,CP1_after_deposition,   1,    0.0000000000E+00,    4.9368270554E+02,    4.9368270554E+02,    0.0000000000E+00,    0.0000000000E+00,    0.0000000000E+00,    4.9368270554E+02
    240400,      0.676974,CP2_after_erosion,   1,    0.0000000000E+00,    4.9368270554E+02,    4.9368270554E+02,    0.0000000000E+00,    0.0000000000E+00,    0.0000000000E+00,    4.9368270554E+02
    240400,      0.676974,CP3_after_update_bottom,   1,    0.0000000000E+00,    4.9368270554E+02,    4.9368270554E+02,    0.0000000000E+00,    0.0000000000E+00,    0.0000000000E+00,    4.9368270554E+02
    240400,      0.676974,CP4_after_advection,   1,    0.0000000000E+00,    4.9369248213E+02,    4.9369248213E+02,    0.0000000000E+00,    0.0000000000E+00,    0.0000000000E+00,    4.9369248213E+02
    240400,      0.676974,CP5_after_vdif,   1,    0.0000000000E+00,    4.9369248213E+02,    4.9369248213E+02,    0.0000000000E+00,    0.0000000000E+00,    0.0000000000E+00,    4.9369248213E+02
    240400,      0.676974,CP6_after_kinetics,   1,    0.0000000000E+00,    4.9369248213E+02,    4.9369248213E+02,    0.0000000000E+00,    0.0000000000E+00,    0.0000000000E+00,    4.9369248213E+02
    240400,      0.676974,CP7_after_upper_clamp,   1,    0.0000000000E+00,    4.9369248213E+02,    4.9369248213E+02,    0.0000000000E+00,    0.0000000000E+00,    0.0000000000E+00,    4.9369248213E+02
    240400,      0.676974,CP8_after_OBC,   1,    0.0000000000E+00,    4.9369248213E+02,    4.9369248213E+02,    0.0000000000E+00,    0.0000000000E+00,    0.0000000000E+00,    4.9369248213E+02
    240400,      0.676974,CP9_after_PTsource,   1,    0.0000000000E+00,    4.9369248213E+02,    4.9369248213E+02,    0.0000000000E+00,    0.0000000000E+00,    0.0000000000E+00,    4.9369248213E+02
    240400,      0.676974,CP10_after_neg_clamp,   1,    0.0000000000E+00,    4.9369248213E+02,    4.9369248213E+02,    0.0000000000E+00,    0.0000000000E+00,    0.0000000000E+00,    4.9369248213E+02
    240400,      0.676974,CP11_after_MPI,   1,    0.0000000000E+00,    4.9369248213E+02,    4.9369248213E+02,    0.0000000000E+00,    0.0000000000E+00,    0.0000000000E+00,    4.9369248213E+02
    240400,      0.676974,CP12_end,   1,    0.0000000000E+00,    4.9369248213E+02,    4.9369248213E+02,    0.0000000000E+00,    0.0000000000E+00,    0.0000000000E+00,    4.9369248213E+02
    240450,      0.676974,CP0_start,   1,    0.0000000000E+00,    4.9387225893E+02,    4.9387225893E+02,    0.0000000000E+00,    0.0000000000E+00,    0.0000000000E+00,    4.9387225893E+02
    240450,      0.676974,CP1_after_deposition,   1,    0.0000000000E+00,    4.9387225893E+02,    4.9387225893E+02,    0.0000000000E+00,    0.0000000000E+00,    0.0000000000E+00,    4.9387225893E+02
    240450,      0.676974,CP2_after_erosion,   1,    0.0000000000E+00,    4.9387225893E+02,    4.9387225893E+02,    0.0000000000E+00,    0.0000000000E+00,    0.0000000000E+00,    4.9387225893E+02
    240450,      0.676974,CP3_after_update_bottom,   1,    0.0000000000E+00,    4.9387225893E+02,    4.9387225893E+02,    0.0000000000E+00,    0.0000000000E+00,    0.0000000000E+00,    4.9387225893E+02
    240450,      0.676974,CP4_after_advection,   1,    0.0000000000E+00,    4.9388171493E+02,    4.9388171493E+02,    0.0000000000E+00,    0.0000000000E+00,    0.0000000000E+00,    4.9388171493E+02
    240450,      0.676974,CP5_after_vdif,   1,    0.0000000000E+00,    4.9388171493E+02,    4.9388171493E+02,    0.0000000000E+00,    0.0000000000E+00,    0.0000000000E+00,    4.9388171493E+02
    240450,      0.676974,CP6_after_kinetics,   1,    0.0000000000E+00,    4.9388171493E+02,    4.9388171493E+02,    0.0000000000E+00,    0.0000000000E+00,    0.0000000000E+00,    4.9388171493E+02
    240450,      0.676974,CP7_after_upper_clamp,   1,    0.0000000000E+00,    4.9388171493E+02,    4.9388171493E+02,    0.0000000000E+00,    0.0000000000E+00,    0.0000000000E+00,    4.9388171493E+02
    240450,      0.676974,CP8_after_OBC,   1,    0.0000000000E+00,    4.9388171493E+02,    4.9388171493E+02,    0.0000000000E+00,    0.0000000000E+00,    0.0000000000E+00,    4.9388171493E+02
    240450,      0.676974,CP9_after_PTsource,   1,    0.0000000000E+00,    4.9388171493E+02,    4.9388171493E+02,    0.0000000000E+00,    0.0000000000E+00,    0.0000000000E+00,    4.9388171493E+02
    240450,      0.676974,CP10_after_neg_clamp,   1,    0.0000000000E+00,    4.9388171493E+02,    4.9388171493E+02,    0.0000000000E+00,    0.0000000000E+00,    0.0000000000E+00,    4.9388171493E+02
    240450,      0.676974,CP11_after_MPI,   1,    0.0000000000E+00,    4.9388171493E+02,    4.9388171493E+02,    0.0000000000E+00,    0.0000000000E+00,    0.0000000000E+00,    4.9388171493E+02
    240450,      0.676974,CP12_end,   1,    0.0000000000E+00,    4.9388171493E+02,    4.9388171493E+02,    0.0000000000E+00,    0.0000000000E+00,    0.0000000000E+00,    4.9388171493E+02
    240500,      0.676974,CP0_start,   1,    0.0000000000E+00,    4.9405650257E+02,    4.9405650257E+02,    0.0000000000E+00,    0.0000000000E+00,    0.0000000000E+00,    4.9405650257E+02
    240500,      0.676974,CP1_after_deposition,   1,    0.0000000000E+00,    4.9405650257E+02,    4.9405650257E+02,    0.0000000000E+00,    0.0000000000E+00,    0.0000000000E+00,    4.9405650257E+02
    240500,      0.676974,CP2_after_erosion,   1,    0.0000000000E+00,    4.9405650257E+02,    4.9405650257E+02,    0.0000000000E+00,    0.0000000000E+00,    0.0000000000E+00,    4.9405650257E+02
    240500,      0.676974,CP3_after_update_bottom,   1,    0.0000000000E+00,    4.9405650257E+02,    4.9405650257E+02,    0.0000000000E+00,    0.0000000000E+00,    0.0000000000E+00,    4.9405650257E+02
    240500,      0.676974,CP4_after_advection,   1,    0.0000000000E+00,    4.9406566359E+02,    4.9406566359E+02,    0.0000000000E+00,    0.0000000000E+00,    0.0000000000E+00,    4.9406566359E+02
    240500,      0.676974,CP5_after_vdif,   1,    0.0000000000E+00,    4.9406566359E+02,    4.9406566359E+02,    0.0000000000E+00,    0.0000000000E+00,    0.0000000000E+00,    4.9406566359E+02
    240500,      0.676974,CP6_after_kinetics,   1,    0.0000000000E+00,    4.9406566359E+02,    4.9406566359E+02,    0.0000000000E+00,    0.0000000000E+00,    0.0000000000E+00,    4.9406566359E+02
    240500,      0.676974,CP7_after_upper_clamp,   1,    0.0000000000E+00,    4.9406566359E+02,    4.9406566359E+02,    0.0000000000E+00,    0.0000000000E+00,    0.0000000000E+00,    4.9406566359E+02
    240500,      0.676974,CP8_after_OBC,   1,    0.0000000000E+00,    4.9406566359E+02,    4.9406566359E+02,    0.0000000000E+00,    0.0000000000E+00,    0.0000000000E+00,    4.9406566359E+02
    240500,      0.676974,CP9_after_PTsource,   1,    0.0000000000E+00,    4.9406566359E+02,    4.9406566359E+02,    0.0000000000E+00,    0.0000000000E+00,    0.0000000000E+00,    4.9406566359E+02
    240500,      0.676974,CP10_after_neg_clamp,   1,    0.0000000000E+00,    4.9406566359E+02,    4.9406566359E+02,    0.0000000000E+00,    0.0000000000E+00,    0.0000000000E+00,    4.9406566359E+02
    240500,      0.676974,CP11_after_MPI,   1,    0.0000000000E+00,    4.9406566359E+02,    4.9406566359E+02,    0.0000000000E+00,    0.0000000000E+00,    0.0000000000E+00,    4.9406566359E+02
    240500,      0.676974,CP12_end,   1,    0.0000000000E+00,    4.9406566359E+02,    4.9406566359E+02,    0.0000000000E+00,    0.0000000000E+00,    0.0000000000E+00,    4.9406566359E+02
    240550,      0.676974,CP0_start,   1,    0.0000000000E+00,    4.9423720522E+02,    4.9423720522E+02,    0.0000000000E+00,    0.0000000000E+00,    0.0000000000E+00,    4.9423720522E+02
    240550,      0.676974,CP1_after_deposition,   1,    0.0000000000E+00,    4.9423720522E+02,    4.9423720522E+02,    0.0000000000E+00,    0.0000000000E+00,    0.0000000000E+00,    4.9423720522E+02
    240550,      0.676974,CP2_after_erosion,   1,    0.0000000000E+00,    4.9423720522E+02,    4.9423720522E+02,    0.0000000000E+00,    0.0000000000E+00,    0.0000000000E+00,    4.9423720522E+02
    240550,      0.676974,CP3_after_update_bottom,   1,    0.0000000000E+00,    4.9423720522E+02,    4.9423720522E+02,    0.0000000000E+00,    0.0000000000E+00,    0.0000000000E+00,    4.9423720522E+02
    240550,      0.676974,CP4_after_advection,   1,    0.0000000000E+00,    4.9424610592E+02,    4.9424610592E+02,    0.0000000000E+00,    0.0000000000E+00,    0.0000000000E+00,    4.9424610592E+02
    240550,      0.676974,CP5_after_vdif,   1,    0.0000000000E+00,    4.9424610592E+02,    4.9424610592E+02,    0.0000000000E+00,    0.0000000000E+00,    0.0000000000E+00,    4.9424610592E+02
    240550,      0.676974,CP6_after_kinetics,   1,    0.0000000000E+00,    4.9424610592E+02,    4.9424610592E+02,    0.0000000000E+00,    0.0000000000E+00,    0.0000000000E+00,    4.9424610592E+02
    240550,      0.676974,CP7_after_upper_clamp,   1,    0.0000000000E+00,    4.9424610592E+02,    4.9424610592E+02,    0.0000000000E+00,    0.0000000000E+00,    0.0000000000E+00,    4.9424610592E+02
    240550,      0.676974,CP8_after_OBC,   1,    0.0000000000E+00,    4.9424610592E+02,    4.9424610592E+02,    0.0000000000E+00,    0.0000000000E+00,    0.0000000000E+00,    4.9424610592E+02
    240550,      0.676974,CP9_after_PTsource,   1,    0.0000000000E+00,    4.9424610592E+02,    4.9424610592E+02,    0.0000000000E+00,    0.0000000000E+00,    0.0000000000E+00,    4.9424610592E+02
    240550,      0.676974,CP10_after_neg_clamp,   1,    0.0000000000E+00,    4.9424610592E+02,    4.9424610592E+02,    0.0000000000E+00,    0.0000000000E+00,    0.0000000000E+00,    4.9424610592E+02
    240550,      0.676974,CP11_after_MPI,   1,    0.0000000000E+00,    4.9424610592E+02,    4.9424610592E+02,    0.0000000000E+00,    0.0000000000E+00,    0.0000000000E+00,    4.9424610592E+02
    240550,      0.676974,CP12_end,   1,    0.0000000000E+00,    4.9424610592E+02,    4.9424610592E+02,    0.0000000000E+00,    0.0000000000E+00,    0.0000000000E+00,    4.9424610592E+02
    240600,      0.676974,CP0_start,   1,    0.0000000000E+00,    4.9441599293E+02,    4.9441599293E+02,    0.0000000000E+00,    0.0000000000E+00,    0.0000000000E+00,    4.9441599293E+02
    240600,      0.676974,CP1_after_deposition,   1,    0.0000000000E+00,    4.9441599293E+02,    4.9441599293E+02,    0.0000000000E+00,    0.0000000000E+00,    0.0000000000E+00,    4.9441599293E+02
    240600,      0.676974,CP2_after_erosion,   1,    0.0000000000E+00,    4.9441599293E+02,    4.9441599293E+02,    0.0000000000E+00,    0.0000000000E+00,    0.0000000000E+00,    4.9441599293E+02
    240600,      0.676974,CP3_after_update_bottom,   1,    0.0000000000E+00,    4.9441599293E+02,    4.9441599293E+02,    0.0000000000E+00,    0.0000000000E+00,    0.0000000000E+00,    4.9441599293E+02
    240600,      0.676974,CP4_after_advection,   1,    0.0000000000E+00,    4.9442466861E+02,    4.9442466861E+02,    0.0000000000E+00,    0.0000000000E+00,    0.0000000000E+00,    4.9442466861E+02
    240600,      0.676974,CP5_after_vdif,   1,    0.0000000000E+00,    4.9442466861E+02,    4.9442466861E+02,    0.0000000000E+00,    0.0000000000E+00,    0.0000000000E+00,    4.9442466861E+02
    240600,      0.676974,CP6_after_kinetics,   1,    0.0000000000E+00,    4.9442466861E+02,    4.9442466861E+02,    0.0000000000E+00,    0.0000000000E+00,    0.0000000000E+00,    4.9442466861E+02
    240600,      0.676974,CP7_after_upper_clamp,   1,    0.0000000000E+00,    4.9442466861E+02,    4.9442466861E+02,    0.0000000000E+00,    0.0000000000E+00,    0.0000000000E+00,    4.9442466861E+02
    240600,      0.676974,CP8_after_OBC,   1,    0.0000000000E+00,    4.9442466861E+02,    4.9442466861E+02,    0.0000000000E+00,    0.0000000000E+00,    0.0000000000E+00,    4.9442466861E+02
    240600,      0.676974,CP9_after_PTsource,   1,    0.0000000000E+00,    4.9442466861E+02,    4.9442466861E+02,    0.0000000000E+00,    0.0000000000E+00,    0.0000000000E+00,    4.9442466861E+02
    240600,      0.676974,CP10_after_neg_clamp,   1,    0.0000000000E+00,    4.9442466861E+02,    4.9442466861E+02,    0.0000000000E+00,    0.0000000000E+00,    0.0000000000E+00,    4.9442466861E+02
    240600,      0.676974,CP11_after_MPI,   1,    0.0000000000E+00,    4.9442466861E+02,    4.9442466861E+02,    0.0000000000E+00,    0.0000000000E+00,    0.0000000000E+00,    4.9442466861E+02
    240600,      0.676974,CP12_end,   1,    0.0000000000E+00,    4.9442466861E+02,    4.9442466861E+02,    0.0000000000E+00,    0.0000000000E+00,    0.0000000000E+00,    4.9442466861E+02
    240650,      0.676974,CP0_start,   1,    0.0000000000E+00,    4.9459426443E+02,    4.9459426443E+02,    0.0000000000E+00,    0.0000000000E+00,    0.0000000000E+00,    4.9459426443E+02
    240650,      0.676974,CP1_after_deposition,   1,    0.0000000000E+00,    4.9459426443E+02,    4.9459426443E+02,    0.0000000000E+00,    0.0000000000E+00,    0.0000000000E+00,    4.9459426443E+02
    240650,      0.676974,CP2_after_erosion,   1,    0.0000000000E+00,    4.9459426443E+02,    4.9459426443E+02,    0.0000000000E+00,    0.0000000000E+00,    0.0000000000E+00,    4.9459426443E+02
    240650,      0.676974,CP3_after_update_bottom,   1,    0.0000000000E+00,    4.9459426443E+02,    4.9459426443E+02,    0.0000000000E+00,    0.0000000000E+00,    0.0000000000E+00,    4.9459426443E+02
    240650,      0.676974,CP4_after_advection,   1,    0.0000000000E+00,    4.9460274030E+02,    4.9460274030E+02,    0.0000000000E+00,    0.0000000000E+00,    0.0000000000E+00,    4.9460274030E+02
    240650,      0.676974,CP5_after_vdif,   1,    0.0000000000E+00,    4.9460274030E+02,    4.9460274030E+02,    0.0000000000E+00,    0.0000000000E+00,    0.0000000000E+00,    4.9460274030E+02
    240650,      0.676974,CP6_after_kinetics,   1,    0.0000000000E+00,    4.9460274030E+02,    4.9460274030E+02,    0.0000000000E+00,    0.0000000000E+00,    0.0000000000E+00,    4.9460274030E+02
    240650,      0.676974,CP7_after_upper_clamp,   1,    0.0000000000E+00,    4.9460274030E+02,    4.9460274030E+02,    0.0000000000E+00,    0.0000000000E+00,    0.0000000000E+00,    4.9460274030E+02
    240650,      0.676974,CP8_after_OBC,   1,    0.0000000000E+00,    4.9460274030E+02,    4.9460274030E+02,    0.0000000000E+00,    0.0000000000E+00,    0.0000000000E+00,    4.9460274030E+02
    240650,      0.676974,CP9_after_PTsource,   1,    0.0000000000E+00,    4.9460274030E+02,    4.9460274030E+02,    0.0000000000E+00,    0.0000000000E+00,    0.0000000000E+00,    4.9460274030E+02
    240650,      0.676974,CP10_after_neg_clamp,   1,    0.0000000000E+00,    4.9460274030E+02,    4.9460274030E+02,    0.0000000000E+00,    0.0000000000E+00,    0.0000000000E+00,    4.9460274030E+02
    240650,      0.676974,CP11_after_MPI,   1,    0.0000000000E+00,    4.9460274030E+02,    4.9460274030E+02,    0.0000000000E+00,    0.0000000000E+00,    0.0000000000E+00,    4.9460274030E+02
    240650,      0.676974,CP12_end,   1,    0.0000000000E+00,    4.9460274030E+02,    4.9460274030E+02,    0.0000000000E+00,    0.0000000000E+00,    0.0000000000E+00,    4.9460274030E+02
    240700,      0.676974,CP0_start,   1,    0.0000000000E+00,    4.9477294247E+02,    4.9477294247E+02,    0.0000000000E+00,    0.0000000000E+00,    0.0000000000E+00,    4.9477294247E+02
    240700,      0.676974,CP1_after_deposition,   1,    0.0000000000E+00,    4.9477294247E+02,    4.9477294247E+02,    0.0000000000E+00,    0.0000000000E+00,    0.0000000000E+00,    4.9477294247E+02
    240700,      0.676974,CP2_after_erosion,   1,    0.0000000000E+00,    4.9477294247E+02,    4.9477294247E+02,    0.0000000000E+00,    0.0000000000E+00,    0.0000000000E+00,    4.9477294247E+02
    240700,      0.676974,CP3_after_update_bottom,   1,    0.0000000000E+00,    4.9477294247E+02,    4.9477294247E+02,    0.0000000000E+00,    0.0000000000E+00,    0.0000000000E+00,    4.9477294247E+02
    240700,      0.676974,CP4_after_advection,   1,    0.0000000000E+00,    4.9478122128E+02,    4.9478122128E+02,    0.0000000000E+00,    0.0000000000E+00,    0.0000000000E+00,    4.9478122128E+02
    240700,      0.676974,CP5_after_vdif,   1,    0.0000000000E+00,    4.9478122128E+02,    4.9478122128E+02,    0.0000000000E+00,    0.0000000000E+00,    0.0000000000E+00,    4.9478122128E+02
    240700,      0.676974,CP6_after_kinetics,   1,    0.0000000000E+00,    4.9478122128E+02,    4.9478122128E+02,    0.0000000000E+00,    0.0000000000E+00,    0.0000000000E+00,    4.9478122128E+02
    240700,      0.676974,CP7_after_upper_clamp,   1,    0.0000000000E+00,    4.9478122128E+02,    4.9478122128E+02,    0.0000000000E+00,    0.0000000000E+00,    0.0000000000E+00,    4.9478122128E+02
    240700,      0.676974,CP8_after_OBC,   1,    0.0000000000E+00,    4.9478122128E+02,    4.9478122128E+02,    0.0000000000E+00,    0.0000000000E+00,    0.0000000000E+00,    4.9478122128E+02
    240700,      0.676974,CP9_after_PTsource,   1,    0.0000000000E+00,    4.9478122128E+02,    4.9478122128E+02,    0.0000000000E+00,    0.0000000000E+00,    0.0000000000E+00,    4.9478122128E+02
    240700,      0.676974,CP10_after_neg_clamp,   1,    0.0000000000E+00,    4.9478122128E+02,    4.9478122128E+02,    0.0000000000E+00,    0.0000000000E+00,    0.0000000000E+00,    4.9478122128E+02
    240700,      0.676974,CP11_after_MPI,   1,    0.0000000000E+00,    4.9478122128E+02,    4.9478122128E+02,    0.0000000000E+00,    0.0000000000E+00,    0.0000000000E+00,    4.9478122128E+02
    240700,      0.676974,CP12_end,   1,    0.0000000000E+00,    4.9478122128E+02,    4.9478122128E+02,    0.0000000000E+00,    0.0000000000E+00,    0.0000000000E+00,    4.9478122128E+02
    240750,      0.676974,CP0_start,   1,    0.0000000000E+00,    4.9495259512E+02,    4.9495259512E+02,    0.0000000000E+00,    0.0000000000E+00,    0.0000000000E+00,    4.9495259512E+02
    240750,      0.676974,CP1_after_deposition,   1,    0.0000000000E+00,    4.9495259512E+02,    4.9495259512E+02,    0.0000000000E+00,    0.0000000000E+00,    0.0000000000E+00,    4.9495259512E+02
    240750,      0.676974,CP2_after_erosion,   1,    0.0000000000E+00,    4.9495259512E+02,    4.9495259512E+02,    0.0000000000E+00,    0.0000000000E+00,    0.0000000000E+00,    4.9495259512E+02
    240750,      0.676974,CP3_after_update_bottom,   1,    0.0000000000E+00,    4.9495259512E+02,    4.9495259512E+02,    0.0000000000E+00,    0.0000000000E+00,    0.0000000000E+00,    4.9495259512E+02
    240750,      0.676974,CP4_after_advection,   1,    0.0000000000E+00,    4.9496069115E+02,    4.9496069115E+02,    0.0000000000E+00,    0.0000000000E+00,    0.0000000000E+00,    4.9496069115E+02
    240750,      0.676974,CP5_after_vdif,   1,    0.0000000000E+00,    4.9496069115E+02,    4.9496069115E+02,    0.0000000000E+00,    0.0000000000E+00,    0.0000000000E+00,    4.9496069115E+02
    240750,      0.676974,CP6_after_kinetics,   1,    0.0000000000E+00,    4.9496069115E+02,    4.9496069115E+02,    0.0000000000E+00,    0.0000000000E+00,    0.0000000000E+00,    4.9496069115E+02
    240750,      0.676974,CP7_after_upper_clamp,   1,    0.0000000000E+00,    4.9496069115E+02,    4.9496069115E+02,    0.0000000000E+00,    0.0000000000E+00,    0.0000000000E+00,    4.9496069115E+02
    240750,      0.676974,CP8_after_OBC,   1,    0.0000000000E+00,    4.9496069115E+02,    4.9496069115E+02,    0.0000000000E+00,    0.0000000000E+00,    0.0000000000E+00,    4.9496069115E+02
    240750,      0.676974,CP9_after_PTsource,   1,    0.0000000000E+00,    4.9496069115E+02,    4.9496069115E+02,    0.0000000000E+00,    0.0000000000E+00,    0.0000000000E+00,    4.9496069115E+02
    240750,      0.676974,CP10_after_neg_clamp,   1,    0.0000000000E+00,    4.9496069115E+02,    4.9496069115E+02,    0.0000000000E+00,    0.0000000000E+00,    0.0000000000E+00,    4.9496069115E+02
    240750,      0.676974,CP11_after_MPI,   1,    0.0000000000E+00,    4.9496069115E+02,    4.9496069115E+02,    0.0000000000E+00,    0.0000000000E+00,    0.0000000000E+00,    4.9496069115E+02
    240750,      0.676974,CP12_end,   1,    0.0000000000E+00,    4.9496069115E+02,    4.9496069115E+02,    0.0000000000E+00,    0.0000000000E+00,    0.0000000000E+00,    4.9496069115E+02
    240800,      0.676974,CP0_start,   1,    0.0000000000E+00,    4.9513372385E+02,    4.9513372385E+02,    0.0000000000E+00,    0.0000000000E+00,    0.0000000000E+00,    4.9513372385E+02
    240800,      0.676974,CP1_after_deposition,   1,    0.0000000000E+00,    4.9513372385E+02,    4.9513372385E+02,    0.0000000000E+00,    0.0000000000E+00,    0.0000000000E+00,    4.9513372385E+02
    240800,      0.676974,CP2_after_erosion,   1,    0.0000000000E+00,    4.9513372385E+02,    4.9513372385E+02,    0.0000000000E+00,    0.0000000000E+00,    0.0000000000E+00,    4.9513372385E+02
    240800,      0.676974,CP3_after_update_bottom,   1,    0.0000000000E+00,    4.9513372385E+02,    4.9513372385E+02,    0.0000000000E+00,    0.0000000000E+00,    0.0000000000E+00,    4.9513372385E+02
    240800,      0.676974,CP4_after_advection,   1,    0.0000000000E+00,    4.9514164810E+02,    4.9514164810E+02,    0.0000000000E+00,    0.0000000000E+00,    0.0000000000E+00,    4.9514164810E+02
    240800,      0.676974,CP5_after_vdif,   1,    0.0000000000E+00,    4.9514164810E+02,    4.9514164810E+02,    0.0000000000E+00,    0.0000000000E+00,    0.0000000000E+00,    4.9514164810E+02
    240800,      0.676974,CP6_after_kinetics,   1,    0.0000000000E+00,    4.9514164810E+02,    4.9514164810E+02,    0.0000000000E+00,    0.0000000000E+00,    0.0000000000E+00,    4.9514164810E+02
    240800,      0.676974,CP7_after_upper_clamp,   1,    0.0000000000E+00,    4.9514164810E+02,    4.9514164810E+02,    0.0000000000E+00,    0.0000000000E+00,    0.0000000000E+00,    4.9514164810E+02
    240800,      0.676974,CP8_after_OBC,   1,    0.0000000000E+00,    4.9514164810E+02,    4.9514164810E+02,    0.0000000000E+00,    0.0000000000E+00,    0.0000000000E+00,    4.9514164810E+02
    240800,      0.676974,CP9_after_PTsource,   1,    0.0000000000E+00,    4.9514164810E+02,    4.9514164810E+02,    0.0000000000E+00,    0.0000000000E+00,    0.0000000000E+00,    4.9514164810E+02
    240800,      0.676974,CP10_after_neg_clamp,   1,    0.0000000000E+00,    4.9514164810E+02,    4.9514164810E+02,    0.0000000000E+00,    0.0000000000E+00,    0.0000000000E+00,    4.9514164810E+02
    240800,      0.676974,CP11_after_MPI,   1,    0.0000000000E+00,    4.9514164810E+02,    4.9514164810E+02,    0.0000000000E+00,    0.0000000000E+00,    0.0000000000E+00,    4.9514164810E+02
    240800,      0.676974,CP12_end,   1,    0.0000000000E+00,    4.9514164810E+02,    4.9514164810E+02,    0.0000000000E+00,    0.0000000000E+00,    0.0000000000E+00,    4.9514164810E+02
    240850,      0.676974,CP0_start,   1,    0.0000000000E+00,    4.9531636445E+02,    4.9531636445E+02,    0.0000000000E+00,    0.0000000000E+00,    0.0000000000E+00,    4.9531636445E+02
    240850,      0.676974,CP1_after_deposition,   1,    0.0000000000E+00,    4.9531636445E+02,    4.9531636445E+02,    0.0000000000E+00,    0.0000000000E+00,    0.0000000000E+00,    4.9531636445E+02
    240850,      0.676974,CP2_after_erosion,   1,    0.0000000000E+00,    4.9531636445E+02,    4.9531636445E+02,    0.0000000000E+00,    0.0000000000E+00,    0.0000000000E+00,    4.9531636445E+02
    240850,      0.676974,CP3_after_update_bottom,   1,    0.0000000000E+00,    4.9531636445E+02,    4.9531636445E+02,    0.0000000000E+00,    0.0000000000E+00,    0.0000000000E+00,    4.9531636445E+02
    240850,      0.676974,CP4_after_advection,   1,    0.0000000000E+00,    4.9532410955E+02,    4.9532410955E+02,    0.0000000000E+00,    0.0000000000E+00,    0.0000000000E+00,    4.9532410955E+02
    240850,      0.676974,CP5_after_vdif,   1,    0.0000000000E+00,    4.9532410955E+02,    4.9532410955E+02,    0.0000000000E+00,    0.0000000000E+00,    0.0000000000E+00,    4.9532410955E+02
    240850,      0.676974,CP6_after_kinetics,   1,    0.0000000000E+00,    4.9532410955E+02,    4.9532410955E+02,    0.0000000000E+00,    0.0000000000E+00,    0.0000000000E+00,    4.9532410955E+02
    240850,      0.676974,CP7_after_upper_clamp,   1,    0.0000000000E+00,    4.9532410955E+02,    4.9532410955E+02,    0.0000000000E+00,    0.0000000000E+00,    0.0000000000E+00,    4.9532410955E+02
    240850,      0.676974,CP8_after_OBC,   1,    0.0000000000E+00,    4.9532410955E+02,    4.9532410955E+02,    0.0000000000E+00,    0.0000000000E+00,    0.0000000000E+00,    4.9532410955E+02
    240850,      0.676974,CP9_after_PTsource,   1,    0.0000000000E+00,    4.9532410955E+02,    4.9532410955E+02,    0.0000000000E+00,    0.0000000000E+00,    0.0000000000E+00,    4.9532410955E+02
    240850,      0.676974,CP10_after_neg_clamp,   1,    0.0000000000E+00,    4.9532410955E+02,    4.9532410955E+02,    0.0000000000E+00,    0.0000000000E+00,    0.0000000000E+00,    4.9532410955E+02
    240850,      0.676974,CP11_after_MPI,   1,    0.0000000000E+00,    4.9532410955E+02,    4.9532410955E+02,    0.0000000000E+00,    0.0000000000E+00,    0.0000000000E+00,    4.9532410955E+02
    240850,      0.676974,CP12_end,   1,    0.0000000000E+00,    4.9532410955E+02,    4.9532410955E+02,    0.0000000000E+00,    0.0000000000E+00,    0.0000000000E+00,    4.9532410955E+02
    240900,      0.676974,CP0_start,   1,    0.0000000000E+00,    4.9550021283E+02,    4.9550021283E+02,    0.0000000000E+00,    0.0000000000E+00,    0.0000000000E+00,    4.9550021283E+02
    240900,      0.676974,CP1_after_deposition,   1,    0.0000000000E+00,    4.9550021283E+02,    4.9550021283E+02,    0.0000000000E+00,    0.0000000000E+00,    0.0000000000E+00,    4.9550021283E+02
    240900,      0.676974,CP2_after_erosion,   1,    0.0000000000E+00,    4.9550021283E+02,    4.9550021283E+02,    0.0000000000E+00,    0.0000000000E+00,    0.0000000000E+00,    4.9550021283E+02
    240900,      0.676974,CP3_after_update_bottom,   1,    0.0000000000E+00,    4.9550021283E+02,    4.9550021283E+02,    0.0000000000E+00,    0.0000000000E+00,    0.0000000000E+00,    4.9550021283E+02
    240900,      0.676974,CP4_after_advection,   1,    0.0000000000E+00,    4.9550776616E+02,    4.9550776616E+02,    0.0000000000E+00,    0.0000000000E+00,    0.0000000000E+00,    4.9550776616E+02
    240900,      0.676974,CP5_after_vdif,   1,    0.0000000000E+00,    4.9550776616E+02,    4.9550776616E+02,    0.0000000000E+00,    0.0000000000E+00,    0.0000000000E+00,    4.9550776616E+02
    240900,      0.676974,CP6_after_kinetics,   1,    0.0000000000E+00,    4.9550776616E+02,    4.9550776616E+02,    0.0000000000E+00,    0.0000000000E+00,    0.0000000000E+00,    4.9550776616E+02
    240900,      0.676974,CP7_after_upper_clamp,   1,    0.0000000000E+00,    4.9550776616E+02,    4.9550776616E+02,    0.0000000000E+00,    0.0000000000E+00,    0.0000000000E+00,    4.9550776616E+02
    240900,      0.676974,CP8_after_OBC,   1,    0.0000000000E+00,    4.9550776616E+02,    4.9550776616E+02,    0.0000000000E+00,    0.0000000000E+00,    0.0000000000E+00,    4.9550776616E+02
    240900,      0.676974,CP9_after_PTsource,   1,    0.0000000000E+00,    4.9550776616E+02,    4.9550776616E+02,    0.0000000000E+00,    0.0000000000E+00,    0.0000000000E+00,    4.9550776616E+02
    240900,      0.676974,CP10_after_neg_clamp,   1,    0.0000000000E+00,    4.9550776616E+02,    4.9550776616E+02,    0.0000000000E+00,    0.0000000000E+00,    0.0000000000E+00,    4.9550776616E+02
    240900,      0.676974,CP11_after_MPI,   1,    0.0000000000E+00,    4.9550776616E+02,    4.9550776616E+02,    0.0000000000E+00,    0.0000000000E+00,    0.0000000000E+00,    4.9550776616E+02
    240900,      0.676974,CP12_end,   1,    0.0000000000E+00,    4.9550776616E+02,    4.9550776616E+02,    0.0000000000E+00,    0.0000000000E+00,    0.0000000000E+00,    4.9550776616E+02
    240950,      0.676974,CP0_start,   1,    0.0000000000E+00,    4.9568470670E+02,    4.9568470670E+02,    0.0000000000E+00,    0.0000000000E+00,    0.0000000000E+00,    4.9568470670E+02
    240950,      0.676974,CP1_after_deposition,   1,    0.0000000000E+00,    4.9568470670E+02,    4.9568470670E+02,    0.0000000000E+00,    0.0000000000E+00,    0.0000000000E+00,    4.9568470670E+02
    240950,      0.676974,CP2_after_erosion,   1,    0.0000000000E+00,    4.9568470670E+02,    4.9568470670E+02,    0.0000000000E+00,    0.0000000000E+00,    0.0000000000E+00,    4.9568470670E+02
    240950,      0.676974,CP3_after_update_bottom,   1,    0.0000000000E+00,    4.9568470670E+02,    4.9568470670E+02,    0.0000000000E+00,    0.0000000000E+00,    0.0000000000E+00,    4.9568470670E+02
    240950,      0.676974,CP4_after_advection,   1,    0.0000000000E+00,    4.9569205669E+02,    4.9569205669E+02,    0.0000000000E+00,    0.0000000000E+00,    0.0000000000E+00,    4.9569205669E+02
    240950,      0.676974,CP5_after_vdif,   1,    0.0000000000E+00,    4.9569205669E+02,    4.9569205669E+02,    0.0000000000E+00,    0.0000000000E+00,    0.0000000000E+00,    4.9569205669E+02
    240950,      0.676974,CP6_after_kinetics,   1,    0.0000000000E+00,    4.9569205669E+02,    4.9569205669E+02,    0.0000000000E+00,    0.0000000000E+00,    0.0000000000E+00,    4.9569205669E+02
    240950,      0.676974,CP7_after_upper_clamp,   1,    0.0000000000E+00,    4.9569205669E+02,    4.9569205669E+02,    0.0000000000E+00,    0.0000000000E+00,    0.0000000000E+00,    4.9569205669E+02
    240950,      0.676974,CP8_after_OBC,   1,    0.0000000000E+00,    4.9569205669E+02,    4.9569205669E+02,    0.0000000000E+00,    0.0000000000E+00,    0.0000000000E+00,    4.9569205669E+02
    240950,      0.676974,CP9_after_PTsource,   1,    0.0000000000E+00,    4.9569205669E+02,    4.9569205669E+02,    0.0000000000E+00,    0.0000000000E+00,    0.0000000000E+00,    4.9569205669E+02
    240950,      0.676974,CP10_after_neg_clamp,   1,    0.0000000000E+00,    4.9569205669E+02,    4.9569205669E+02,    0.0000000000E+00,    0.0000000000E+00,    0.0000000000E+00,    4.9569205669E+02
    240950,      0.676974,CP11_after_MPI,   1,    0.0000000000E+00,    4.9569205669E+02,    4.9569205669E+02,    0.0000000000E+00,    0.0000000000E+00,    0.0000000000E+00,    4.9569205669E+02
    240950,      0.676974,CP12_end,   1,    0.0000000000E+00,    4.9569205669E+02,    4.9569205669E+02,    0.0000000000E+00,    0.0000000000E+00,    0.0000000000E+00,    4.9569205669E+02
    241000,      0.676974,CP0_start,   1,    0.0000000000E+00,    4.9586937489E+02,    4.9586937489E+02,    0.0000000000E+00,    0.0000000000E+00,    0.0000000000E+00,    4.9586937489E+02
    241000,      0.676974,CP1_after_deposition,   1,    0.0000000000E+00,    4.9586937489E+02,    4.9586937489E+02,    0.0000000000E+00,    0.0000000000E+00,    0.0000000000E+00,    4.9586937489E+02
    241000,      0.676974,CP2_after_erosion,   1,    0.0000000000E+00,    4.9586937489E+02,    4.9586937489E+02,    0.0000000000E+00,    0.0000000000E+00,    0.0000000000E+00,    4.9586937489E+02
    241000,      0.676974,CP3_after_update_bottom,   1,    0.0000000000E+00,    4.9586937489E+02,    4.9586937489E+02,    0.0000000000E+00,    0.0000000000E+00,    0.0000000000E+00,    4.9586937489E+02
    241000,      0.676974,CP4_after_advection,   1,    0.0000000000E+00,    4.9587650778E+02,    4.9587650778E+02,    0.0000000000E+00,    0.0000000000E+00,    0.0000000000E+00,    4.9587650778E+02
    241000,      0.676974,CP5_after_vdif,   1,    0.0000000000E+00,    4.9587650778E+02,    4.9587650778E+02,    0.0000000000E+00,    0.0000000000E+00,    0.0000000000E+00,    4.9587650778E+02
    241000,      0.676974,CP6_after_kinetics,   1,    0.0000000000E+00,    4.9587650778E+02,    4.9587650778E+02,    0.0000000000E+00,    0.0000000000E+00,    0.0000000000E+00,    4.9587650778E+02
    241000,      0.676974,CP7_after_upper_clamp,   1,    0.0000000000E+00,    4.9587650778E+02,    4.9587650778E+02,    0.0000000000E+00,    0.0000000000E+00,    0.0000000000E+00,    4.9587650778E+02
    241000,      0.676974,CP8_after_OBC,   1,    0.0000000000E+00,    4.9587650778E+02,    4.9587650778E+02,    0.0000000000E+00,    0.0000000000E+00,    0.0000000000E+00,    4.9587650778E+02
    241000,      0.676974,CP9_after_PTsource,   1,    0.0000000000E+00,    4.9587650778E+02,    4.9587650778E+02,    0.0000000000E+00,    0.0000000000E+00,    0.0000000000E+00,    4.9587650778E+02
    241000,      0.676974,CP10_after_neg_clamp,   1,    0.0000000000E+00,    4.9587650778E+02,    4.9587650778E+02,    0.0000000000E+00,    0.0000000000E+00,    0.0000000000E+00,    4.9587650778E+02
    241000,      0.676974,CP11_after_MPI,   1,    0.0000000000E+00,    4.9587650778E+02,    4.9587650778E+02,    0.0000000000E+00,    0.0000000000E+00,    0.0000000000E+00,    4.9587650778E+02
    241000,      0.676974,CP12_end,   1,    0.0000000000E+00,    4.9587650778E+02,    4.9587650778E+02,    0.0000000000E+00,    0.0000000000E+00,    0.0000000000E+00,    4.9587650778E+02
    241050,      0.676974,CP0_start,   1,    0.0000000000E+00,    4.9605390525E+02,    4.9605390525E+02,    0.0000000000E+00,    0.0000000000E+00,    0.0000000000E+00,    4.9605390525E+02
    241050,      0.676974,CP1_after_deposition,   1,    0.0000000000E+00,    4.9605390525E+02,    4.9605390525E+02,    0.0000000000E+00,    0.0000000000E+00,    0.0000000000E+00,    4.9605390525E+02
    241050,      0.676974,CP2_after_erosion,   1,    0.0000000000E+00,    4.9605390525E+02,    4.9605390525E+02,    0.0000000000E+00,    0.0000000000E+00,    0.0000000000E+00,    4.9605390525E+02
    241050,      0.676974,CP3_after_update_bottom,   1,    0.0000000000E+00,    4.9605390525E+02,    4.9605390525E+02,    0.0000000000E+00,    0.0000000000E+00,    0.0000000000E+00,    4.9605390525E+02
    241050,      0.676974,CP4_after_advection,   1,    0.0000000000E+00,    4.9606083020E+02,    4.9606083020E+02,    0.0000000000E+00,    0.0000000000E+00,    0.0000000000E+00,    4.9606083020E+02
    241050,      0.676974,CP5_after_vdif,   1,    0.0000000000E+00,    4.9606083020E+02,    4.9606083020E+02,    0.0000000000E+00,    0.0000000000E+00,    0.0000000000E+00,    4.9606083020E+02
    241050,      0.676974,CP6_after_kinetics,   1,    0.0000000000E+00,    4.9606083020E+02,    4.9606083020E+02,    0.0000000000E+00,    0.0000000000E+00,    0.0000000000E+00,    4.9606083020E+02
    241050,      0.676974,CP7_after_upper_clamp,   1,    0.0000000000E+00,    4.9606083020E+02,    4.9606083020E+02,    0.0000000000E+00,    0.0000000000E+00,    0.0000000000E+00,    4.9606083020E+02
    241050,      0.676974,CP8_after_OBC,   1,    0.0000000000E+00,    4.9606083020E+02,    4.9606083020E+02,    0.0000000000E+00,    0.0000000000E+00,    0.0000000000E+00,    4.9606083020E+02
    241050,      0.676974,CP9_after_PTsource,   1,    0.0000000000E+00,    4.9606083020E+02,    4.9606083020E+02,    0.0000000000E+00,    0.0000000000E+00,    0.0000000000E+00,    4.9606083020E+02
    241050,      0.676974,CP10_after_neg_clamp,   1,    0.0000000000E+00,    4.9606083020E+02,    4.9606083020E+02,    0.0000000000E+00,    0.0000000000E+00,    0.0000000000E+00,    4.9606083020E+02
    241050,      0.676974,CP11_after_MPI,   1,    0.0000000000E+00,    4.9606083020E+02,    4.9606083020E+02,    0.0000000000E+00,    0.0000000000E+00,    0.0000000000E+00,    4.9606083020E+02
    241050,      0.676974,CP12_end,   1,    0.0000000000E+00,    4.9606083020E+02,    4.9606083020E+02,    0.0000000000E+00,    0.0000000000E+00,    0.0000000000E+00,    4.9606083020E+02
    241100,      0.676974,CP0_start,   1,    0.0000000000E+00,    4.9623810775E+02,    4.9623810775E+02,    0.0000000000E+00,    0.0000000000E+00,    0.0000000000E+00,    4.9623810775E+02
    241100,      0.676974,CP1_after_deposition,   1,    0.0000000000E+00,    4.9623810775E+02,    4.9623810775E+02,    0.0000000000E+00,    0.0000000000E+00,    0.0000000000E+00,    4.9623810775E+02
    241100,      0.676974,CP2_after_erosion,   1,    0.0000000000E+00,    4.9623810775E+02,    4.9623810775E+02,    0.0000000000E+00,    0.0000000000E+00,    0.0000000000E+00,    4.9623810775E+02
    241100,      0.676974,CP3_after_update_bottom,   1,    0.0000000000E+00,    4.9623810775E+02,    4.9623810775E+02,    0.0000000000E+00,    0.0000000000E+00,    0.0000000000E+00,    4.9623810775E+02
    241100,      0.676974,CP4_after_advection,   1,    0.0000000000E+00,    4.9624480160E+02,    4.9624480160E+02,    0.0000000000E+00,    0.0000000000E+00,    0.0000000000E+00,    4.9624480160E+02
    241100,      0.676974,CP5_after_vdif,   1,    0.0000000000E+00,    4.9624480160E+02,    4.9624480160E+02,    0.0000000000E+00,    0.0000000000E+00,    0.0000000000E+00,    4.9624480160E+02
    241100,      0.676974,CP6_after_kinetics,   1,    0.0000000000E+00,    4.9624480160E+02,    4.9624480160E+02,    0.0000000000E+00,    0.0000000000E+00,    0.0000000000E+00,    4.9624480160E+02
    241100,      0.676974,CP7_after_upper_clamp,   1,    0.0000000000E+00,    4.9624480160E+02,    4.9624480160E+02,    0.0000000000E+00,    0.0000000000E+00,    0.0000000000E+00,    4.9624480160E+02
    241100,      0.676974,CP8_after_OBC,   1,    0.0000000000E+00,    4.9624480160E+02,    4.9624480160E+02,    0.0000000000E+00,    0.0000000000E+00,    0.0000000000E+00,    4.9624480160E+02
    241100,      0.676974,CP9_after_PTsource,   1,    0.0000000000E+00,    4.9624480160E+02,    4.9624480160E+02,    0.0000000000E+00,    0.0000000000E+00,    0.0000000000E+00,    4.9624480160E+02
    241100,      0.676974,CP10_after_neg_clamp,   1,    0.0000000000E+00,    4.9624480160E+02,    4.9624480160E+02,    0.0000000000E+00,    0.0000000000E+00,    0.0000000000E+00,    4.9624480160E+02
    241100,      0.676974,CP11_after_MPI,   1,    0.0000000000E+00,    4.9624480160E+02,    4.9624480160E+02,    0.0000000000E+00,    0.0000000000E+00,    0.0000000000E+00,    4.9624480160E+02
    241100,      0.676974,CP12_end,   1,    0.0000000000E+00,    4.9624480160E+02,    4.9624480160E+02,    0.0000000000E+00,    0.0000000000E+00,    0.0000000000E+00,    4.9624480160E+02
    241150,      0.676974,CP0_start,   1,    0.0000000000E+00,    4.9642184476E+02,    4.9642184476E+02,    0.0000000000E+00,    0.0000000000E+00,    0.0000000000E+00,    4.9642184476E+02
    241150,      0.676974,CP1_after_deposition,   1,    0.0000000000E+00,    4.9642184476E+02,    4.9642184476E+02,    0.0000000000E+00,    0.0000000000E+00,    0.0000000000E+00,    4.9642184476E+02
    241150,      0.676974,CP2_after_erosion,   1,    0.0000000000E+00,    4.9642184476E+02,    4.9642184476E+02,    0.0000000000E+00,    0.0000000000E+00,    0.0000000000E+00,    4.9642184476E+02
    241150,      0.676974,CP3_after_update_bottom,   1,    0.0000000000E+00,    4.9642184476E+02,    4.9642184476E+02,    0.0000000000E+00,    0.0000000000E+00,    0.0000000000E+00,    4.9642184476E+02
    241150,      0.676974,CP4_after_advection,   1,    0.0000000000E+00,    4.9642830504E+02,    4.9642830504E+02,    0.0000000000E+00,    0.0000000000E+00,    0.0000000000E+00,    4.9642830504E+02
    241150,      0.676974,CP5_after_vdif,   1,    0.0000000000E+00,    4.9642830504E+02,    4.9642830504E+02,    0.0000000000E+00,    0.0000000000E+00,    0.0000000000E+00,    4.9642830504E+02
    241150,      0.676974,CP6_after_kinetics,   1,    0.0000000000E+00,    4.9642830504E+02,    4.9642830504E+02,    0.0000000000E+00,    0.0000000000E+00,    0.0000000000E+00,    4.9642830504E+02
    241150,      0.676974,CP7_after_upper_clamp,   1,    0.0000000000E+00,    4.9642830504E+02,    4.9642830504E+02,    0.0000000000E+00,    0.0000000000E+00,    0.0000000000E+00,    4.9642830504E+02
    241150,      0.676974,CP8_after_OBC,   1,    0.0000000000E+00,    4.9642830504E+02,    4.9642830504E+02,    0.0000000000E+00,    0.0000000000E+00,    0.0000000000E+00,    4.9642830504E+02
    241150,      0.676974,CP9_after_PTsource,   1,    0.0000000000E+00,    4.9642830504E+02,    4.9642830504E+02,    0.0000000000E+00,    0.0000000000E+00,    0.0000000000E+00,    4.9642830504E+02
    241150,      0.676974,CP10_after_neg_clamp,   1,    0.0000000000E+00,    4.9642830504E+02,    4.9642830504E+02,    0.0000000000E+00,    0.0000000000E+00,    0.0000000000E+00,    4.9642830504E+02
    241150,      0.676974,CP11_after_MPI,   1,    0.0000000000E+00,    4.9642830504E+02,    4.9642830504E+02,    0.0000000000E+00,    0.0000000000E+00,    0.0000000000E+00,    4.9642830504E+02
    241150,      0.676974,CP12_end,   1,    0.0000000000E+00,    4.9642830504E+02,    4.9642830504E+02,    0.0000000000E+00,    0.0000000000E+00,    0.0000000000E+00,    4.9642830504E+02
    241200,      0.676974,CP0_start,   1,    0.0000000000E+00,    4.9660510174E+02,    4.9660510174E+02,    0.0000000000E+00,    0.0000000000E+00,    0.0000000000E+00,    4.9660510174E+02
    241200,      0.676974,CP1_after_deposition,   1,    0.0000000000E+00,    4.9660510174E+02,    4.9660510174E+02,    0.0000000000E+00,    0.0000000000E+00,    0.0000000000E+00,    4.9660510174E+02
    241200,      0.676974,CP2_after_erosion,   1,    0.0000000000E+00,    4.9660510174E+02,    4.9660510174E+02,    0.0000000000E+00,    0.0000000000E+00,    0.0000000000E+00,    4.9660510174E+02
    241200,      0.676974,CP3_after_update_bottom,   1,    0.0000000000E+00,    4.9660510174E+02,    4.9660510174E+02,    0.0000000000E+00,    0.0000000000E+00,    0.0000000000E+00,    4.9660510174E+02
    241200,      0.676974,CP4_after_advection,   1,    0.0000000000E+00,    4.9661131980E+02,    4.9661131980E+02,    0.0000000000E+00,    0.0000000000E+00,    0.0000000000E+00,    4.9661131980E+02
    241200,      0.676974,CP5_after_vdif,   1,    0.0000000000E+00,    4.9661131980E+02,    4.9661131980E+02,    0.0000000000E+00,    0.0000000000E+00,    0.0000000000E+00,    4.9661131980E+02
    241200,      0.676974,CP6_after_kinetics,   1,    0.0000000000E+00,    4.9661131980E+02,    4.9661131980E+02,    0.0000000000E+00,    0.0000000000E+00,    0.0000000000E+00,    4.9661131980E+02
    241200,      0.676974,CP7_after_upper_clamp,   1,    0.0000000000E+00,    4.9661131980E+02,    4.9661131980E+02,    0.0000000000E+00,    0.0000000000E+00,    0.0000000000E+00,    4.9661131980E+02
    241200,      0.676974,CP8_after_OBC,   1,    0.0000000000E+00,    4.9661131980E+02,    4.9661131980E+02,    0.0000000000E+00,    0.0000000000E+00,    0.0000000000E+00,    4.9661131980E+02
    241200,      0.676974,CP9_after_PTsource,   1,    0.0000000000E+00,    4.9661131980E+02,    4.9661131980E+02,    0.0000000000E+00,    0.0000000000E+00,    0.0000000000E+00,    4.9661131980E+02
    241200,      0.676974,CP10_after_neg_clamp,   1,    0.0000000000E+00,    4.9661131980E+02,    4.9661131980E+02,    0.0000000000E+00,    0.0000000000E+00,    0.0000000000E+00,    4.9661131980E+02
    241200,      0.676974,CP11_after_MPI,   1,    0.0000000000E+00,    4.9661131980E+02,    4.9661131980E+02,    0.0000000000E+00,    0.0000000000E+00,    0.0000000000E+00,    4.9661131980E+02
    241200,      0.676974,CP12_end,   1,    0.0000000000E+00,    4.9661131980E+02,    4.9661131980E+02,    0.0000000000E+00,    0.0000000000E+00,    0.0000000000E+00,    4.9661131980E+02
    241250,      0.676974,CP0_start,   1,    0.0000000000E+00,    4.9678782138E+02,    4.9678782138E+02,    0.0000000000E+00,    0.0000000000E+00,    0.0000000000E+00,    4.9678782138E+02
    241250,      0.676974,CP1_after_deposition,   1,    0.0000000000E+00,    4.9678782138E+02,    4.9678782138E+02,    0.0000000000E+00,    0.0000000000E+00,    0.0000000000E+00,    4.9678782138E+02
    241250,      0.676974,CP2_after_erosion,   1,    0.0000000000E+00,    4.9678782138E+02,    4.9678782138E+02,    0.0000000000E+00,    0.0000000000E+00,    0.0000000000E+00,    4.9678782138E+02
    241250,      0.676974,CP3_after_update_bottom,   1,    0.0000000000E+00,    4.9678782138E+02,    4.9678782138E+02,    0.0000000000E+00,    0.0000000000E+00,    0.0000000000E+00,    4.9678782138E+02
    241250,      0.676974,CP4_after_advection,   1,    0.0000000000E+00,    4.9679378737E+02,    4.9679378737E+02,    0.0000000000E+00,    0.0000000000E+00,    0.0000000000E+00,    4.9679378737E+02
    241250,      0.676974,CP5_after_vdif,   1,    0.0000000000E+00,    4.9679378737E+02,    4.9679378737E+02,    0.0000000000E+00,    0.0000000000E+00,    0.0000000000E+00,    4.9679378737E+02
    241250,      0.676974,CP6_after_kinetics,   1,    0.0000000000E+00,    4.9679378737E+02,    4.9679378737E+02,    0.0000000000E+00,    0.0000000000E+00,    0.0000000000E+00,    4.9679378737E+02
    241250,      0.676974,CP7_after_upper_clamp,   1,    0.0000000000E+00,    4.9679378737E+02,    4.9679378737E+02,    0.0000000000E+00,    0.0000000000E+00,    0.0000000000E+00,    4.9679378737E+02
    241250,      0.676974,CP8_after_OBC,   1,    0.0000000000E+00,    4.9679378737E+02,    4.9679378737E+02,    0.0000000000E+00,    0.0000000000E+00,    0.0000000000E+00,    4.9679378737E+02
    241250,      0.676974,CP9_after_PTsource,   1,    0.0000000000E+00,    4.9679378737E+02,    4.9679378737E+02,    0.0000000000E+00,    0.0000000000E+00,    0.0000000000E+00,    4.9679378737E+02
    241250,      0.676974,CP10_after_neg_clamp,   1,    0.0000000000E+00,    4.9679378737E+02,    4.9679378737E+02,    0.0000000000E+00,    0.0000000000E+00,    0.0000000000E+00,    4.9679378737E+02
    241250,      0.676974,CP11_after_MPI,   1,    0.0000000000E+00,    4.9679378737E+02,    4.9679378737E+02,    0.0000000000E+00,    0.0000000000E+00,    0.0000000000E+00,    4.9679378737E+02
    241250,      0.676974,CP12_end,   1,    0.0000000000E+00,    4.9679378737E+02,    4.9679378737E+02,    0.0000000000E+00,    0.0000000000E+00,    0.0000000000E+00,    4.9679378737E+02
    241300,      0.676974,CP0_start,   1,    0.0000000000E+00,    4.9696984673E+02,    4.9696984673E+02,    0.0000000000E+00,    0.0000000000E+00,    0.0000000000E+00,    4.9696984673E+02
    241300,      0.676974,CP1_after_deposition,   1,    0.0000000000E+00,    4.9696984673E+02,    4.9696984673E+02,    0.0000000000E+00,    0.0000000000E+00,    0.0000000000E+00,    4.9696984673E+02
    241300,      0.676974,CP2_after_erosion,   1,    0.0000000000E+00,    4.9696984673E+02,    4.9696984673E+02,    0.0000000000E+00,    0.0000000000E+00,    0.0000000000E+00,    4.9696984673E+02
    241300,      0.676974,CP3_after_update_bottom,   1,    0.0000000000E+00,    4.9696984673E+02,    4.9696984673E+02,    0.0000000000E+00,    0.0000000000E+00,    0.0000000000E+00,    4.9696984673E+02
    241300,      0.676974,CP4_after_advection,   1,    0.0000000000E+00,    4.9697555536E+02,    4.9697555536E+02,    0.0000000000E+00,    0.0000000000E+00,    0.0000000000E+00,    4.9697555536E+02
    241300,      0.676974,CP5_after_vdif,   1,    0.0000000000E+00,    4.9697555536E+02,    4.9697555536E+02,    0.0000000000E+00,    0.0000000000E+00,    0.0000000000E+00,    4.9697555536E+02
    241300,      0.676974,CP6_after_kinetics,   1,    0.0000000000E+00,    4.9697555536E+02,    4.9697555536E+02,    0.0000000000E+00,    0.0000000000E+00,    0.0000000000E+00,    4.9697555536E+02
    241300,      0.676974,CP7_after_upper_clamp,   1,    0.0000000000E+00,    4.9697555536E+02,    4.9697555536E+02,    0.0000000000E+00,    0.0000000000E+00,    0.0000000000E+00,    4.9697555536E+02
    241300,      0.676974,CP8_after_OBC,   1,    0.0000000000E+00,    4.9697555536E+02,    4.9697555536E+02,    0.0000000000E+00,    0.0000000000E+00,    0.0000000000E+00,    4.9697555536E+02
    241300,      0.676974,CP9_after_PTsource,   1,    0.0000000000E+00,    4.9697555536E+02,    4.9697555536E+02,    0.0000000000E+00,    0.0000000000E+00,    0.0000000000E+00,    4.9697555536E+02
    241300,      0.676974,CP10_after_neg_clamp,   1,    0.0000000000E+00,    4.9697555536E+02,    4.9697555536E+02,    0.0000000000E+00,    0.0000000000E+00,    0.0000000000E+00,    4.9697555536E+02
    241300,      0.676974,CP11_after_MPI,   1,    0.0000000000E+00,    4.9697555536E+02,    4.9697555536E+02,    0.0000000000E+00,    0.0000000000E+00,    0.0000000000E+00,    4.9697555536E+02
    241300,      0.676974,CP12_end,   1,    0.0000000000E+00,    4.9697555536E+02,    4.9697555536E+02,    0.0000000000E+00,    0.0000000000E+00,    0.0000000000E+00,    4.9697555536E+02
    241350,      0.676974,CP0_start,   1,    0.0000000000E+00,    4.9715132530E+02,    4.9715132530E+02,    0.0000000000E+00,    0.0000000000E+00,    0.0000000000E+00,    4.9715132530E+02
    241350,      0.676974,CP1_after_deposition,   1,    0.0000000000E+00,    4.9715132530E+02,    4.9715132530E+02,    0.0000000000E+00,    0.0000000000E+00,    0.0000000000E+00,    4.9715132530E+02
    241350,      0.676974,CP2_after_erosion,   1,    0.0000000000E+00,    4.9715132530E+02,    4.9715132530E+02,    0.0000000000E+00,    0.0000000000E+00,    0.0000000000E+00,    4.9715132530E+02
    241350,      0.676974,CP3_after_update_bottom,   1,    0.0000000000E+00,    4.9715132530E+02,    4.9715132530E+02,    0.0000000000E+00,    0.0000000000E+00,    0.0000000000E+00,    4.9715132530E+02
    241350,      0.676974,CP4_after_advection,   1,    0.0000000000E+00,    4.9715677369E+02,    4.9715677369E+02,    0.0000000000E+00,    0.0000000000E+00,    0.0000000000E+00,    4.9715677369E+02
    241350,      0.676974,CP5_after_vdif,   1,    0.0000000000E+00,    4.9715677369E+02,    4.9715677369E+02,    0.0000000000E+00,    0.0000000000E+00,    0.0000000000E+00,    4.9715677369E+02
    241350,      0.676974,CP6_after_kinetics,   1,    0.0000000000E+00,    4.9715677369E+02,    4.9715677369E+02,    0.0000000000E+00,    0.0000000000E+00,    0.0000000000E+00,    4.9715677369E+02
    241350,      0.676974,CP7_after_upper_clamp,   1,    0.0000000000E+00,    4.9715677369E+02,    4.9715677369E+02,    0.0000000000E+00,    0.0000000000E+00,    0.0000000000E+00,    4.9715677369E+02
    241350,      0.676974,CP8_after_OBC,   1,    0.0000000000E+00,    4.9715677369E+02,    4.9715677369E+02,    0.0000000000E+00,    0.0000000000E+00,    0.0000000000E+00,    4.9715677369E+02
    241350,      0.676974,CP9_after_PTsource,   1,    0.0000000000E+00,    4.9715677369E+02,    4.9715677369E+02,    0.0000000000E+00,    0.0000000000E+00,    0.0000000000E+00,    4.9715677369E+02
    241350,      0.676974,CP10_after_neg_clamp,   1,    0.0000000000E+00,    4.9715677369E+02,    4.9715677369E+02,    0.0000000000E+00,    0.0000000000E+00,    0.0000000000E+00,    4.9715677369E+02
    241350,      0.676974,CP11_after_MPI,   1,    0.0000000000E+00,    4.9715677369E+02,    4.9715677369E+02,    0.0000000000E+00,    0.0000000000E+00,    0.0000000000E+00,    4.9715677369E+02
    241350,      0.676974,CP12_end,   1,    0.0000000000E+00,    4.9715677369E+02,    4.9715677369E+02,    0.0000000000E+00,    0.0000000000E+00,    0.0000000000E+00,    4.9715677369E+02
    241400,      0.676974,CP0_start,   1,    0.0000000000E+00,    4.9733247319E+02,    4.9733247319E+02,    0.0000000000E+00,    0.0000000000E+00,    0.0000000000E+00,    4.9733247319E+02
    241400,      0.676974,CP1_after_deposition,   1,    0.0000000000E+00,    4.9733247319E+02,    4.9733247319E+02,    0.0000000000E+00,    0.0000000000E+00,    0.0000000000E+00,    4.9733247319E+02
    241400,      0.676974,CP2_after_erosion,   1,    0.0000000000E+00,    4.9733247319E+02,    4.9733247319E+02,    0.0000000000E+00,    0.0000000000E+00,    0.0000000000E+00,    4.9733247319E+02
    241400,      0.676974,CP3_after_update_bottom,   1,    0.0000000000E+00,    4.9733247319E+02,    4.9733247319E+02,    0.0000000000E+00,    0.0000000000E+00,    0.0000000000E+00,    4.9733247319E+02
    241400,      0.676974,CP4_after_advection,   1,    0.0000000000E+00,    4.9733766107E+02,    4.9733766107E+02,    0.0000000000E+00,    0.0000000000E+00,    0.0000000000E+00,    4.9733766107E+02
    241400,      0.676974,CP5_after_vdif,   1,    0.0000000000E+00,    4.9733766107E+02,    4.9733766107E+02,    0.0000000000E+00,    0.0000000000E+00,    0.0000000000E+00,    4.9733766107E+02
    241400,      0.676974,CP6_after_kinetics,   1,    0.0000000000E+00,    4.9733766107E+02,    4.9733766107E+02,    0.0000000000E+00,    0.0000000000E+00,    0.0000000000E+00,    4.9733766107E+02
    241400,      0.676974,CP7_after_upper_clamp,   1,    0.0000000000E+00,    4.9733766107E+02,    4.9733766107E+02,    0.0000000000E+00,    0.0000000000E+00,    0.0000000000E+00,    4.9733766107E+02
    241400,      0.676974,CP8_after_OBC,   1,    0.0000000000E+00,    4.9733766107E+02,    4.9733766107E+02,    0.0000000000E+00,    0.0000000000E+00,    0.0000000000E+00,    4.9733766107E+02
    241400,      0.676974,CP9_after_PTsource,   1,    0.0000000000E+00,    4.9733766107E+02,    4.9733766107E+02,    0.0000000000E+00,    0.0000000000E+00,    0.0000000000E+00,    4.9733766107E+02
    241400,      0.676974,CP10_after_neg_clamp,   1,    0.0000000000E+00,    4.9733766107E+02,    4.9733766107E+02,    0.0000000000E+00,    0.0000000000E+00,    0.0000000000E+00,    4.9733766107E+02
    241400,      0.676974,CP11_after_MPI,   1,    0.0000000000E+00,    4.9733766107E+02,    4.9733766107E+02,    0.0000000000E+00,    0.0000000000E+00,    0.0000000000E+00,    4.9733766107E+02
    241400,      0.676974,CP12_end,   1,    0.0000000000E+00,    4.9733766107E+02,    4.9733766107E+02,    0.0000000000E+00,    0.0000000000E+00,    0.0000000000E+00,    4.9733766107E+02
    241450,      0.676974,CP0_start,   1,    0.0000000000E+00,    4.9751378967E+02,    4.9751378967E+02,    0.0000000000E+00,    0.0000000000E+00,    0.0000000000E+00,    4.9751378967E+02
    241450,      0.676974,CP1_after_deposition,   1,    0.0000000000E+00,    4.9751378967E+02,    4.9751378967E+02,    0.0000000000E+00,    0.0000000000E+00,    0.0000000000E+00,    4.9751378967E+02
    241450,      0.676974,CP2_after_erosion,   1,    0.0000000000E+00,    4.9751378967E+02,    4.9751378967E+02,    0.0000000000E+00,    0.0000000000E+00,    0.0000000000E+00,    4.9751378967E+02
    241450,      0.676974,CP3_after_update_bottom,   1,    0.0000000000E+00,    4.9751378967E+02,    4.9751378967E+02,    0.0000000000E+00,    0.0000000000E+00,    0.0000000000E+00,    4.9751378967E+02
    241450,      0.676974,CP4_after_advection,   1,    0.0000000000E+00,    4.9751871797E+02,    4.9751871797E+02,    0.0000000000E+00,    0.0000000000E+00,    0.0000000000E+00,    4.9751871797E+02
    241450,      0.676974,CP5_after_vdif,   1,    0.0000000000E+00,    4.9751871797E+02,    4.9751871797E+02,    0.0000000000E+00,    0.0000000000E+00,    0.0000000000E+00,    4.9751871797E+02
    241450,      0.676974,CP6_after_kinetics,   1,    0.0000000000E+00,    4.9751871797E+02,    4.9751871797E+02,    0.0000000000E+00,    0.0000000000E+00,    0.0000000000E+00,    4.9751871797E+02
    241450,      0.676974,CP7_after_upper_clamp,   1,    0.0000000000E+00,    4.9751871797E+02,    4.9751871797E+02,    0.0000000000E+00,    0.0000000000E+00,    0.0000000000E+00,    4.9751871797E+02
    241450,      0.676974,CP8_after_OBC,   1,    0.0000000000E+00,    4.9751871797E+02,    4.9751871797E+02,    0.0000000000E+00,    0.0000000000E+00,    0.0000000000E+00,    4.9751871797E+02
    241450,      0.676974,CP9_after_PTsource,   1,    0.0000000000E+00,    4.9751871797E+02,    4.9751871797E+02,    0.0000000000E+00,    0.0000000000E+00,    0.0000000000E+00,    4.9751871797E+02
    241450,      0.676974,CP10_after_neg_clamp,   1,    0.0000000000E+00,    4.9751871797E+02,    4.9751871797E+02,    0.0000000000E+00,    0.0000000000E+00,    0.0000000000E+00,    4.9751871797E+02
    241450,      0.676974,CP11_after_MPI,   1,    0.0000000000E+00,    4.9751871797E+02,    4.9751871797E+02,    0.0000000000E+00,    0.0000000000E+00,    0.0000000000E+00,    4.9751871797E+02
    241450,      0.676974,CP12_end,   1,    0.0000000000E+00,    4.9751871797E+02,    4.9751871797E+02,    0.0000000000E+00,    0.0000000000E+00,    0.0000000000E+00,    4.9751871797E+02
    241500,      0.676974,CP0_start,   1,    0.0000000000E+00,    4.9769539025E+02,    4.9769539025E+02,    0.0000000000E+00,    0.0000000000E+00,    0.0000000000E+00,    4.9769539025E+02
    241500,      0.676974,CP1_after_deposition,   1,    0.0000000000E+00,    4.9769539025E+02,    4.9769539025E+02,    0.0000000000E+00,    0.0000000000E+00,    0.0000000000E+00,    4.9769539025E+02
    241500,      0.676974,CP2_after_erosion,   1,    0.0000000000E+00,    4.9769539025E+02,    4.9769539025E+02,    0.0000000000E+00,    0.0000000000E+00,    0.0000000000E+00,    4.9769539025E+02
    241500,      0.676974,CP3_after_update_bottom,   1,    0.0000000000E+00,    4.9769539025E+02,    4.9769539025E+02,    0.0000000000E+00,    0.0000000000E+00,    0.0000000000E+00,    4.9769539025E+02
    241500,      0.676974,CP4_after_advection,   1,    0.0000000000E+00,    4.9770003977E+02,    4.9770003977E+02,    0.0000000000E+00,    0.0000000000E+00,    0.0000000000E+00,    4.9770003977E+02
    241500,      0.676974,CP5_after_vdif,   1,    0.0000000000E+00,    4.9770003977E+02,    4.9770003977E+02,    0.0000000000E+00,    0.0000000000E+00,    0.0000000000E+00,    4.9770003977E+02
    241500,      0.676974,CP6_after_kinetics,   1,    0.0000000000E+00,    4.9770003977E+02,    4.9770003977E+02,    0.0000000000E+00,    0.0000000000E+00,    0.0000000000E+00,    4.9770003977E+02
    241500,      0.676974,CP7_after_upper_clamp,   1,    0.0000000000E+00,    4.9770003977E+02,    4.9770003977E+02,    0.0000000000E+00,    0.0000000000E+00,    0.0000000000E+00,    4.9770003977E+02
    241500,      0.676974,CP8_after_OBC,   1,    0.0000000000E+00,    4.9770003977E+02,    4.9770003977E+02,    0.0000000000E+00,    0.0000000000E+00,    0.0000000000E+00,    4.9770003977E+02
    241500,      0.676974,CP9_after_PTsource,   1,    0.0000000000E+00,    4.9770003977E+02,    4.9770003977E+02,    0.0000000000E+00,    0.0000000000E+00,    0.0000000000E+00,    4.9770003977E+02
    241500,      0.676974,CP10_after_neg_clamp,   1,    0.0000000000E+00,    4.9770003977E+02,    4.9770003977E+02,    0.0000000000E+00,    0.0000000000E+00,    0.0000000000E+00,    4.9770003977E+02
    241500,      0.676974,CP11_after_MPI,   1,    0.0000000000E+00,    4.9770003977E+02,    4.9770003977E+02,    0.0000000000E+00,    0.0000000000E+00,    0.0000000000E+00,    4.9770003977E+02
    241500,      0.676974,CP12_end,   1,    0.0000000000E+00,    4.9770003977E+02,    4.9770003977E+02,    0.0000000000E+00,    0.0000000000E+00,    0.0000000000E+00,    4.9770003977E+02
    241550,      0.676974,CP0_start,   1,    0.0000000000E+00,    4.9787699495E+02,    4.9787699495E+02,    0.0000000000E+00,    0.0000000000E+00,    0.0000000000E+00,    4.9787699495E+02
    241550,      0.676974,CP1_after_deposition,   1,    0.0000000000E+00,    4.9787699495E+02,    4.9787699495E+02,    0.0000000000E+00,    0.0000000000E+00,    0.0000000000E+00,    4.9787699495E+02
    241550,      0.676974,CP2_after_erosion,   1,    0.0000000000E+00,    4.9787699495E+02,    4.9787699495E+02,    0.0000000000E+00,    0.0000000000E+00,    0.0000000000E+00,    4.9787699495E+02
    241550,      0.676974,CP3_after_update_bottom,   1,    0.0000000000E+00,    4.9787699495E+02,    4.9787699495E+02,    0.0000000000E+00,    0.0000000000E+00,    0.0000000000E+00,    4.9787699495E+02
    241550,      0.676974,CP4_after_advection,   1,    0.0000000000E+00,    4.9788134192E+02,    4.9788134192E+02,    0.0000000000E+00,    0.0000000000E+00,    0.0000000000E+00,    4.9788134192E+02
    241550,      0.676974,CP5_after_vdif,   1,    0.0000000000E+00,    4.9788134192E+02,    4.9788134192E+02,    0.0000000000E+00,    0.0000000000E+00,    0.0000000000E+00,    4.9788134192E+02
    241550,      0.676974,CP6_after_kinetics,   1,    0.0000000000E+00,    4.9788134192E+02,    4.9788134192E+02,    0.0000000000E+00,    0.0000000000E+00,    0.0000000000E+00,    4.9788134192E+02
    241550,      0.676974,CP7_after_upper_clamp,   1,    0.0000000000E+00,    4.9788134192E+02,    4.9788134192E+02,    0.0000000000E+00,    0.0000000000E+00,    0.0000000000E+00,    4.9788134192E+02
    241550,      0.676974,CP8_after_OBC,   1,    0.0000000000E+00,    4.9788134192E+02,    4.9788134192E+02,    0.0000000000E+00,    0.0000000000E+00,    0.0000000000E+00,    4.9788134192E+02
    241550,      0.676974,CP9_after_PTsource,   1,    0.0000000000E+00,    4.9788134192E+02,    4.9788134192E+02,    0.0000000000E+00,    0.0000000000E+00,    0.0000000000E+00,    4.9788134192E+02
    241550,      0.676974,CP10_after_neg_clamp,   1,    0.0000000000E+00,    4.9788134192E+02,    4.9788134192E+02,    0.0000000000E+00,    0.0000000000E+00,    0.0000000000E+00,    4.9788134192E+02
    241550,      0.676974,CP11_after_MPI,   1,    0.0000000000E+00,    4.9788134192E+02,    4.9788134192E+02,    0.0000000000E+00,    0.0000000000E+00,    0.0000000000E+00,    4.9788134192E+02
    241550,      0.676974,CP12_end,   1,    0.0000000000E+00,    4.9788134192E+02,    4.9788134192E+02,    0.0000000000E+00,    0.0000000000E+00,    0.0000000000E+00,    4.9788134192E+02
    241600,      0.676974,CP0_start,   1,    0.0000000000E+00,    4.9805818835E+02,    4.9805818835E+02,    0.0000000000E+00,    0.0000000000E+00,    0.0000000000E+00,    4.9805818835E+02
    241600,      0.676974,CP1_after_deposition,   1,    0.0000000000E+00,    4.9805818835E+02,    4.9805818835E+02,    0.0000000000E+00,    0.0000000000E+00,    0.0000000000E+00,    4.9805818835E+02
    241600,      0.676974,CP2_after_erosion,   1,    0.0000000000E+00,    4.9805818835E+02,    4.9805818835E+02,    0.0000000000E+00,    0.0000000000E+00,    0.0000000000E+00,    4.9805818835E+02
    241600,      0.676974,CP3_after_update_bottom,   1,    0.0000000000E+00,    4.9805818835E+02,    4.9805818835E+02,    0.0000000000E+00,    0.0000000000E+00,    0.0000000000E+00,    4.9805818835E+02
    241600,      0.676974,CP4_after_advection,   1,    0.0000000000E+00,    4.9806221954E+02,    4.9806221954E+02,    0.0000000000E+00,    0.0000000000E+00,    0.0000000000E+00,    4.9806221954E+02
    241600,      0.676974,CP5_after_vdif,   1,    0.0000000000E+00,    4.9806221954E+02,    4.9806221954E+02,    0.0000000000E+00,    0.0000000000E+00,    0.0000000000E+00,    4.9806221954E+02
    241600,      0.676974,CP6_after_kinetics,   1,    0.0000000000E+00,    4.9806221954E+02,    4.9806221954E+02,    0.0000000000E+00,    0.0000000000E+00,    0.0000000000E+00,    4.9806221954E+02
    241600,      0.676974,CP7_after_upper_clamp,   1,    0.0000000000E+00,    4.9806221954E+02,    4.9806221954E+02,    0.0000000000E+00,    0.0000000000E+00,    0.0000000000E+00,    4.9806221954E+02
    241600,      0.676974,CP8_after_OBC,   1,    0.0000000000E+00,    4.9806221954E+02,    4.9806221954E+02,    0.0000000000E+00,    0.0000000000E+00,    0.0000000000E+00,    4.9806221954E+02
    241600,      0.676974,CP9_after_PTsource,   1,    0.0000000000E+00,    4.9806221954E+02,    4.9806221954E+02,    0.0000000000E+00,    0.0000000000E+00,    0.0000000000E+00,    4.9806221954E+02
    241600,      0.676974,CP10_after_neg_clamp,   1,    0.0000000000E+00,    4.9806221954E+02,    4.9806221954E+02,    0.0000000000E+00,    0.0000000000E+00,    0.0000000000E+00,    4.9806221954E+02
    241600,      0.676974,CP11_after_MPI,   1,    0.0000000000E+00,    4.9806221954E+02,    4.9806221954E+02,    0.0000000000E+00,    0.0000000000E+00,    0.0000000000E+00,    4.9806221954E+02
    241600,      0.676974,CP12_end,   1,    0.0000000000E+00,    4.9806221954E+02,    4.9806221954E+02,    0.0000000000E+00,    0.0000000000E+00,    0.0000000000E+00,    4.9806221954E+02
    241650,      0.676974,CP0_start,   1,    0.0000000000E+00,    4.9823851812E+02,    4.9823851812E+02,    0.0000000000E+00,    0.0000000000E+00,    0.0000000000E+00,    4.9823851812E+02
    241650,      0.676974,CP1_after_deposition,   1,    0.0000000000E+00,    4.9823851812E+02,    4.9823851812E+02,    0.0000000000E+00,    0.0000000000E+00,    0.0000000000E+00,    4.9823851812E+02
    241650,      0.676974,CP2_after_erosion,   1,    0.0000000000E+00,    4.9823851812E+02,    4.9823851812E+02,    0.0000000000E+00,    0.0000000000E+00,    0.0000000000E+00,    4.9823851812E+02
    241650,      0.676974,CP3_after_update_bottom,   1,    0.0000000000E+00,    4.9823851812E+02,    4.9823851812E+02,    0.0000000000E+00,    0.0000000000E+00,    0.0000000000E+00,    4.9823851812E+02
    241650,      0.676974,CP4_after_advection,   1,    0.0000000000E+00,    4.9824220901E+02,    4.9824220901E+02,    0.0000000000E+00,    0.0000000000E+00,    0.0000000000E+00,    4.9824220901E+02
    241650,      0.676974,CP5_after_vdif,   1,    0.0000000000E+00,    4.9824220901E+02,    4.9824220901E+02,    0.0000000000E+00,    0.0000000000E+00,    0.0000000000E+00,    4.9824220901E+02
    241650,      0.676974,CP6_after_kinetics,   1,    0.0000000000E+00,    4.9824220901E+02,    4.9824220901E+02,    0.0000000000E+00,    0.0000000000E+00,    0.0000000000E+00,    4.9824220901E+02
    241650,      0.676974,CP7_after_upper_clamp,   1,    0.0000000000E+00,    4.9824220901E+02,    4.9824220901E+02,    0.0000000000E+00,    0.0000000000E+00,    0.0000000000E+00,    4.9824220901E+02
    241650,      0.676974,CP8_after_OBC,   1,    0.0000000000E+00,    4.9824220901E+02,    4.9824220901E+02,    0.0000000000E+00,    0.0000000000E+00,    0.0000000000E+00,    4.9824220901E+02
    241650,      0.676974,CP9_after_PTsource,   1,    0.0000000000E+00,    4.9824220901E+02,    4.9824220901E+02,    0.0000000000E+00,    0.0000000000E+00,    0.0000000000E+00,    4.9824220901E+02
    241650,      0.676974,CP10_after_neg_clamp,   1,    0.0000000000E+00,    4.9824220901E+02,    4.9824220901E+02,    0.0000000000E+00,    0.0000000000E+00,    0.0000000000E+00,    4.9824220901E+02
    241650,      0.676974,CP11_after_MPI,   1,    0.0000000000E+00,    4.9824220901E+02,    4.9824220901E+02,    0.0000000000E+00,    0.0000000000E+00,    0.0000000000E+00,    4.9824220901E+02
    241650,      0.676974,CP12_end,   1,    0.0000000000E+00,    4.9824220901E+02,    4.9824220901E+02,    0.0000000000E+00,    0.0000000000E+00,    0.0000000000E+00,    4.9824220901E+02
    241700,      0.676974,CP0_start,   1,    0.0000000000E+00,    4.9841752817E+02,    4.9841752817E+02,    0.0000000000E+00,    0.0000000000E+00,    0.0000000000E+00,    4.9841752817E+02
    241700,      0.676974,CP1_after_deposition,   1,    0.0000000000E+00,    4.9841752817E+02,    4.9841752817E+02,    0.0000000000E+00,    0.0000000000E+00,    0.0000000000E+00,    4.9841752817E+02
    241700,      0.676974,CP2_after_erosion,   1,    0.0000000000E+00,    4.9841752817E+02,    4.9841752817E+02,    0.0000000000E+00,    0.0000000000E+00,    0.0000000000E+00,    4.9841752817E+02
    241700,      0.676974,CP3_after_update_bottom,   1,    0.0000000000E+00,    4.9841752817E+02,    4.9841752817E+02,    0.0000000000E+00,    0.0000000000E+00,    0.0000000000E+00,    4.9841752817E+02
    241700,      0.676974,CP4_after_advection,   1,    0.0000000000E+00,    4.9842086177E+02,    4.9842086177E+02,    0.0000000000E+00,    0.0000000000E+00,    0.0000000000E+00,    4.9842086177E+02
    241700,      0.676974,CP5_after_vdif,   1,    0.0000000000E+00,    4.9842086177E+02,    4.9842086177E+02,    0.0000000000E+00,    0.0000000000E+00,    0.0000000000E+00,    4.9842086177E+02
    241700,      0.676974,CP6_after_kinetics,   1,    0.0000000000E+00,    4.9842086177E+02,    4.9842086177E+02,    0.0000000000E+00,    0.0000000000E+00,    0.0000000000E+00,    4.9842086177E+02
    241700,      0.676974,CP7_after_upper_clamp,   1,    0.0000000000E+00,    4.9842086177E+02,    4.9842086177E+02,    0.0000000000E+00,    0.0000000000E+00,    0.0000000000E+00,    4.9842086177E+02
    241700,      0.676974,CP8_after_OBC,   1,    0.0000000000E+00,    4.9842086177E+02,    4.9842086177E+02,    0.0000000000E+00,    0.0000000000E+00,    0.0000000000E+00,    4.9842086177E+02
    241700,      0.676974,CP9_after_PTsource,   1,    0.0000000000E+00,    4.9842086177E+02,    4.9842086177E+02,    0.0000000000E+00,    0.0000000000E+00,    0.0000000000E+00,    4.9842086177E+02
    241700,      0.676974,CP10_after_neg_clamp,   1,    0.0000000000E+00,    4.9842086177E+02,    4.9842086177E+02,    0.0000000000E+00,    0.0000000000E+00,    0.0000000000E+00,    4.9842086177E+02
    241700,      0.676974,CP11_after_MPI,   1,    0.0000000000E+00,    4.9842086177E+02,    4.9842086177E+02,    0.0000000000E+00,    0.0000000000E+00,    0.0000000000E+00,    4.9842086177E+02
    241700,      0.676974,CP12_end,   1,    0.0000000000E+00,    4.9842086177E+02,    4.9842086177E+02,    0.0000000000E+00,    0.0000000000E+00,    0.0000000000E+00,    4.9842086177E+02
    241750,      0.676974,CP0_start,   1,    0.0000000000E+00,    4.9859545366E+02,    4.9859545366E+02,    0.0000000000E+00,    0.0000000000E+00,    0.0000000000E+00,    4.9859545366E+02
    241750,      0.676974,CP1_after_deposition,   1,    0.0000000000E+00,    4.9859545366E+02,    4.9859545366E+02,    0.0000000000E+00,    0.0000000000E+00,    0.0000000000E+00,    4.9859545366E+02
    241750,      0.676974,CP2_after_erosion,   1,    0.0000000000E+00,    4.9859545366E+02,    4.9859545366E+02,    0.0000000000E+00,    0.0000000000E+00,    0.0000000000E+00,    4.9859545366E+02
    241750,      0.676974,CP3_after_update_bottom,   1,    0.0000000000E+00,    4.9859545366E+02,    4.9859545366E+02,    0.0000000000E+00,    0.0000000000E+00,    0.0000000000E+00,    4.9859545366E+02
    241750,      0.676974,CP4_after_advection,   1,    0.0000000000E+00,    4.9859842815E+02,    4.9859842815E+02,    0.0000000000E+00,    0.0000000000E+00,    0.0000000000E+00,    4.9859842815E+02
    241750,      0.676974,CP5_after_vdif,   1,    0.0000000000E+00,    4.9859842815E+02,    4.9859842815E+02,    0.0000000000E+00,    0.0000000000E+00,    0.0000000000E+00,    4.9859842815E+02
    241750,      0.676974,CP6_after_kinetics,   1,    0.0000000000E+00,    4.9859842815E+02,    4.9859842815E+02,    0.0000000000E+00,    0.0000000000E+00,    0.0000000000E+00,    4.9859842815E+02
    241750,      0.676974,CP7_after_upper_clamp,   1,    0.0000000000E+00,    4.9859842815E+02,    4.9859842815E+02,    0.0000000000E+00,    0.0000000000E+00,    0.0000000000E+00,    4.9859842815E+02
    241750,      0.676974,CP8_after_OBC,   1,    0.0000000000E+00,    4.9859842815E+02,    4.9859842815E+02,    0.0000000000E+00,    0.0000000000E+00,    0.0000000000E+00,    4.9859842815E+02
    241750,      0.676974,CP9_after_PTsource,   1,    0.0000000000E+00,    4.9859842815E+02,    4.9859842815E+02,    0.0000000000E+00,    0.0000000000E+00,    0.0000000000E+00,    4.9859842815E+02
    241750,      0.676974,CP10_after_neg_clamp,   1,    0.0000000000E+00,    4.9859842815E+02,    4.9859842815E+02,    0.0000000000E+00,    0.0000000000E+00,    0.0000000000E+00,    4.9859842815E+02
    241750,      0.676974,CP11_after_MPI,   1,    0.0000000000E+00,    4.9859842815E+02,    4.9859842815E+02,    0.0000000000E+00,    0.0000000000E+00,    0.0000000000E+00,    4.9859842815E+02
    241750,      0.676974,CP12_end,   1,    0.0000000000E+00,    4.9859842815E+02,    4.9859842815E+02,    0.0000000000E+00,    0.0000000000E+00,    0.0000000000E+00,    4.9859842815E+02
    241800,      0.676975,CP0_start,   1,    0.0000000000E+00,    4.9877311623E+02,    4.9877311623E+02,    0.0000000000E+00,    0.0000000000E+00,    0.0000000000E+00,    4.9877311623E+02
    241800,      0.676975,CP1_after_deposition,   1,    0.0000000000E+00,    4.9877311623E+02,    4.9877311623E+02,    0.0000000000E+00,    0.0000000000E+00,    0.0000000000E+00,    4.9877311623E+02
    241800,      0.676975,CP2_after_erosion,   1,    0.0000000000E+00,    4.9877311623E+02,    4.9877311623E+02,    0.0000000000E+00,    0.0000000000E+00,    0.0000000000E+00,    4.9877311623E+02
    241800,      0.676975,CP3_after_update_bottom,   1,    0.0000000000E+00,    4.9877311623E+02,    4.9877311623E+02,    0.0000000000E+00,    0.0000000000E+00,    0.0000000000E+00,    4.9877311623E+02
    241800,      0.676975,CP4_after_advection,   1,    0.0000000000E+00,    4.9877573456E+02,    4.9877573456E+02,    0.0000000000E+00,    0.0000000000E+00,    0.0000000000E+00,    4.9877573456E+02
    241800,      0.676975,CP5_after_vdif,   1,    0.0000000000E+00,    4.9877573456E+02,    4.9877573456E+02,    0.0000000000E+00,    0.0000000000E+00,    0.0000000000E+00,    4.9877573456E+02
    241800,      0.676975,CP6_after_kinetics,   1,    0.0000000000E+00,    4.9877573456E+02,    4.9877573456E+02,    0.0000000000E+00,    0.0000000000E+00,    0.0000000000E+00,    4.9877573456E+02
    241800,      0.676975,CP7_after_upper_clamp,   1,    0.0000000000E+00,    4.9877573456E+02,    4.9877573456E+02,    0.0000000000E+00,    0.0000000000E+00,    0.0000000000E+00,    4.9877573456E+02
    241800,      0.676975,CP8_after_OBC,   1,    0.0000000000E+00,    4.9877573456E+02,    4.9877573456E+02,    0.0000000000E+00,    0.0000000000E+00,    0.0000000000E+00,    4.9877573456E+02
    241800,      0.676975,CP9_after_PTsource,   1,    0.0000000000E+00,    4.9877573456E+02,    4.9877573456E+02,    0.0000000000E+00,    0.0000000000E+00,    0.0000000000E+00,    4.9877573456E+02
    241800,      0.676975,CP10_after_neg_clamp,   1,    0.0000000000E+00,    4.9877573456E+02,    4.9877573456E+02,    0.0000000000E+00,    0.0000000000E+00,    0.0000000000E+00,    4.9877573456E+02
    241800,      0.676975,CP11_after_MPI,   1,    0.0000000000E+00,    4.9877573456E+02,    4.9877573456E+02,    0.0000000000E+00,    0.0000000000E+00,    0.0000000000E+00,    4.9877573456E+02
    241800,      0.676975,CP12_end,   1,    0.0000000000E+00,    4.9877573456E+02,    4.9877573456E+02,    0.0000000000E+00,    0.0000000000E+00,    0.0000000000E+00,    4.9877573456E+02
    241850,      0.676975,CP0_start,   1,    0.0000000000E+00,    4.9895114976E+02,    4.9895114976E+02,    0.0000000000E+00,    0.0000000000E+00,    0.0000000000E+00,    4.9895114976E+02
    241850,      0.676975,CP1_after_deposition,   1,    0.0000000000E+00,    4.9895114976E+02,    4.9895114976E+02,    0.0000000000E+00,    0.0000000000E+00,    0.0000000000E+00,    4.9895114976E+02
    241850,      0.676975,CP2_after_erosion,   1,    0.0000000000E+00,    4.9895114976E+02,    4.9895114976E+02,    0.0000000000E+00,    0.0000000000E+00,    0.0000000000E+00,    4.9895114976E+02
    241850,      0.676975,CP3_after_update_bottom,   1,    0.0000000000E+00,    4.9895114976E+02,    4.9895114976E+02,    0.0000000000E+00,    0.0000000000E+00,    0.0000000000E+00,    4.9895114976E+02
    241850,      0.676975,CP4_after_advection,   1,    0.0000000000E+00,    4.9895340946E+02,    4.9895340946E+02,    0.0000000000E+00,    0.0000000000E+00,    0.0000000000E+00,    4.9895340946E+02
    241850,      0.676975,CP5_after_vdif,   1,    0.0000000000E+00,    4.9895340946E+02,    4.9895340946E+02,    0.0000000000E+00,    0.0000000000E+00,    0.0000000000E+00,    4.9895340946E+02
    241850,      0.676975,CP6_after_kinetics,   1,    0.0000000000E+00,    4.9895340946E+02,    4.9895340946E+02,    0.0000000000E+00,    0.0000000000E+00,    0.0000000000E+00,    4.9895340946E+02
    241850,      0.676975,CP7_after_upper_clamp,   1,    0.0000000000E+00,    4.9895340946E+02,    4.9895340946E+02,    0.0000000000E+00,    0.0000000000E+00,    0.0000000000E+00,    4.9895340946E+02
    241850,      0.676975,CP8_after_OBC,   1,    0.0000000000E+00,    4.9895340946E+02,    4.9895340946E+02,    0.0000000000E+00,    0.0000000000E+00,    0.0000000000E+00,    4.9895340946E+02
    241850,      0.676975,CP9_after_PTsource,   1,    0.0000000000E+00,    4.9895340946E+02,    4.9895340946E+02,    0.0000000000E+00,    0.0000000000E+00,    0.0000000000E+00,    4.9895340946E+02
    241850,      0.676975,CP10_after_neg_clamp,   1,    0.0000000000E+00,    4.9895340946E+02,    4.9895340946E+02,    0.0000000000E+00,    0.0000000000E+00,    0.0000000000E+00,    4.9895340946E+02
    241850,      0.676975,CP11_after_MPI,   1,    0.0000000000E+00,    4.9895340946E+02,    4.9895340946E+02,    0.0000000000E+00,    0.0000000000E+00,    0.0000000000E+00,    4.9895340946E+02
    241850,      0.676975,CP12_end,   1,    0.0000000000E+00,    4.9895340946E+02,    4.9895340946E+02,    0.0000000000E+00,    0.0000000000E+00,    0.0000000000E+00,    4.9895340946E+02
    241900,      0.676975,CP0_start,   1,    0.0000000000E+00,    4.9912956315E+02,    4.9912956315E+02,    0.0000000000E+00,    0.0000000000E+00,    0.0000000000E+00,    4.9912956315E+02
    241900,      0.676975,CP1_after_deposition,   1,    0.0000000000E+00,    4.9912956315E+02,    4.9912956315E+02,    0.0000000000E+00,    0.0000000000E+00,    0.0000000000E+00,    4.9912956315E+02
    241900,      0.676975,CP2_after_erosion,   1,    0.0000000000E+00,    4.9912956315E+02,    4.9912956315E+02,    0.0000000000E+00,    0.0000000000E+00,    0.0000000000E+00,    4.9912956315E+02
    241900,      0.676975,CP3_after_update_bottom,   1,    0.0000000000E+00,    4.9912956315E+02,    4.9912956315E+02,    0.0000000000E+00,    0.0000000000E+00,    0.0000000000E+00,    4.9912956315E+02
    241900,      0.676975,CP4_after_advection,   1,    0.0000000000E+00,    4.9913143491E+02,    4.9913143491E+02,    0.0000000000E+00,    0.0000000000E+00,    0.0000000000E+00,    4.9913143491E+02
    241900,      0.676975,CP5_after_vdif,   1,    0.0000000000E+00,    4.9913143491E+02,    4.9913143491E+02,    0.0000000000E+00,    0.0000000000E+00,    0.0000000000E+00,    4.9913143491E+02
    241900,      0.676975,CP6_after_kinetics,   1,    0.0000000000E+00,    4.9913143491E+02,    4.9913143491E+02,    0.0000000000E+00,    0.0000000000E+00,    0.0000000000E+00,    4.9913143491E+02
    241900,      0.676975,CP7_after_upper_clamp,   1,    0.0000000000E+00,    4.9913143491E+02,    4.9913143491E+02,    0.0000000000E+00,    0.0000000000E+00,    0.0000000000E+00,    4.9913143491E+02
    241900,      0.676975,CP8_after_OBC,   1,    0.0000000000E+00,    4.9913143491E+02,    4.9913143491E+02,    0.0000000000E+00,    0.0000000000E+00,    0.0000000000E+00,    4.9913143491E+02
    241900,      0.676975,CP9_after_PTsource,   1,    0.0000000000E+00,    4.9913143491E+02,    4.9913143491E+02,    0.0000000000E+00,    0.0000000000E+00,    0.0000000000E+00,    4.9913143491E+02
    241900,      0.676975,CP10_after_neg_clamp,   1,    0.0000000000E+00,    4.9913143491E+02,    4.9913143491E+02,    0.0000000000E+00,    0.0000000000E+00,    0.0000000000E+00,    4.9913143491E+02
    241900,      0.676975,CP11_after_MPI,   1,    0.0000000000E+00,    4.9913143491E+02,    4.9913143491E+02,    0.0000000000E+00,    0.0000000000E+00,    0.0000000000E+00,    4.9913143491E+02
    241900,      0.676975,CP12_end,   1,    0.0000000000E+00,    4.9913143491E+02,    4.9913143491E+02,    0.0000000000E+00,    0.0000000000E+00,    0.0000000000E+00,    4.9913143491E+02
    241950,      0.676975,CP0_start,   1,    0.0000000000E+00,    4.9930796120E+02,    4.9930796120E+02,    0.0000000000E+00,    0.0000000000E+00,    0.0000000000E+00,    4.9930796120E+02
    241950,      0.676975,CP1_after_deposition,   1,    0.0000000000E+00,    4.9930796120E+02,    4.9930796120E+02,    0.0000000000E+00,    0.0000000000E+00,    0.0000000000E+00,    4.9930796120E+02
    241950,      0.676975,CP2_after_erosion,   1,    0.0000000000E+00,    4.9930796120E+02,    4.9930796120E+02,    0.0000000000E+00,    0.0000000000E+00,    0.0000000000E+00,    4.9930796120E+02
    241950,      0.676975,CP3_after_update_bottom,   1,    0.0000000000E+00,    4.9930796120E+02,    4.9930796120E+02,    0.0000000000E+00,    0.0000000000E+00,    0.0000000000E+00,    4.9930796120E+02
    241950,      0.676975,CP4_after_advection,   1,    0.0000000000E+00,    4.9930941713E+02,    4.9930941713E+02,    0.0000000000E+00,    0.0000000000E+00,    0.0000000000E+00,    4.9930941713E+02
    241950,      0.676975,CP5_after_vdif,   1,    0.0000000000E+00,    4.9930941713E+02,    4.9930941713E+02,    0.0000000000E+00,    0.0000000000E+00,    0.0000000000E+00,    4.9930941713E+02
    241950,      0.676975,CP6_after_kinetics,   1,    0.0000000000E+00,    4.9930941713E+02,    4.9930941713E+02,    0.0000000000E+00,    0.0000000000E+00,    0.0000000000E+00,    4.9930941713E+02
    241950,      0.676975,CP7_after_upper_clamp,   1,    0.0000000000E+00,    4.9930941713E+02,    4.9930941713E+02,    0.0000000000E+00,    0.0000000000E+00,    0.0000000000E+00,    4.9930941713E+02
    241950,      0.676975,CP8_after_OBC,   1,    0.0000000000E+00,    4.9930941713E+02,    4.9930941713E+02,    0.0000000000E+00,    0.0000000000E+00,    0.0000000000E+00,    4.9930941713E+02
    241950,      0.676975,CP9_after_PTsource,   1,    0.0000000000E+00,    4.9930941713E+02,    4.9930941713E+02,    0.0000000000E+00,    0.0000000000E+00,    0.0000000000E+00,    4.9930941713E+02
    241950,      0.676975,CP10_after_neg_clamp,   1,    0.0000000000E+00,    4.9930941713E+02,    4.9930941713E+02,    0.0000000000E+00,    0.0000000000E+00,    0.0000000000E+00,    4.9930941713E+02
    241950,      0.676975,CP11_after_MPI,   1,    0.0000000000E+00,    4.9930941713E+02,    4.9930941713E+02,    0.0000000000E+00,    0.0000000000E+00,    0.0000000000E+00,    4.9930941713E+02
    241950,      0.676975,CP12_end,   1,    0.0000000000E+00,    4.9930941713E+02,    4.9930941713E+02,    0.0000000000E+00,    0.0000000000E+00,    0.0000000000E+00,    4.9930941713E+02
    242000,      0.676975,CP0_start,   1,    0.0000000000E+00,    4.9948566002E+02,    4.9948566002E+02,    0.0000000000E+00,    0.0000000000E+00,    0.0000000000E+00,    4.9948566002E+02
    242000,      0.676975,CP1_after_deposition,   1,    0.0000000000E+00,    4.9948566002E+02,    4.9948566002E+02,    0.0000000000E+00,    0.0000000000E+00,    0.0000000000E+00,    4.9948566002E+02
    242000,      0.676975,CP2_after_erosion,   1,    0.0000000000E+00,    4.9948566002E+02,    4.9948566002E+02,    0.0000000000E+00,    0.0000000000E+00,    0.0000000000E+00,    4.9948566002E+02
    242000,      0.676975,CP3_after_update_bottom,   1,    0.0000000000E+00,    4.9948566002E+02,    4.9948566002E+02,    0.0000000000E+00,    0.0000000000E+00,    0.0000000000E+00,    4.9948566002E+02
    242000,      0.676975,CP4_after_advection,   1,    0.0000000000E+00,    4.9948666370E+02,    4.9948666370E+02,    0.0000000000E+00,    0.0000000000E+00,    0.0000000000E+00,    4.9948666370E+02
    242000,      0.676975,CP5_after_vdif,   1,    0.0000000000E+00,    4.9948666370E+02,    4.9948666370E+02,    0.0000000000E+00,    0.0000000000E+00,    0.0000000000E+00,    4.9948666370E+02
    242000,      0.676975,CP6_after_kinetics,   1,    0.0000000000E+00,    4.9948666370E+02,    4.9948666370E+02,    0.0000000000E+00,    0.0000000000E+00,    0.0000000000E+00,    4.9948666370E+02
    242000,      0.676975,CP7_after_upper_clamp,   1,    0.0000000000E+00,    4.9948666370E+02,    4.9948666370E+02,    0.0000000000E+00,    0.0000000000E+00,    0.0000000000E+00,    4.9948666370E+02
    242000,      0.676975,CP8_after_OBC,   1,    0.0000000000E+00,    4.9948666370E+02,    4.9948666370E+02,    0.0000000000E+00,    0.0000000000E+00,    0.0000000000E+00,    4.9948666370E+02
    242000,      0.676975,CP9_after_PTsource,   1,    0.0000000000E+00,    4.9948666370E+02,    4.9948666370E+02,    0.0000000000E+00,    0.0000000000E+00,    0.0000000000E+00,    4.9948666370E+02
    242000,      0.676975,CP10_after_neg_clamp,   1,    0.0000000000E+00,    4.9948666370E+02,    4.9948666370E+02,    0.0000000000E+00,    0.0000000000E+00,    0.0000000000E+00,    4.9948666370E+02
    242000,      0.676975,CP11_after_MPI,   1,    0.0000000000E+00,    4.9948666370E+02,    4.9948666370E+02,    0.0000000000E+00,    0.0000000000E+00,    0.0000000000E+00,    4.9948666370E+02
    242000,      0.676975,CP12_end,   1,    0.0000000000E+00,    4.9948666370E+02,    4.9948666370E+02,    0.0000000000E+00,    0.0000000000E+00,    0.0000000000E+00,    4.9948666370E+02
    242050,      0.676975,CP0_start,   1,    0.0000000000E+00,    4.9966182907E+02,    4.9966182907E+02,    0.0000000000E+00,    0.0000000000E+00,    0.0000000000E+00,    4.9966182907E+02
    242050,      0.676975,CP1_after_deposition,   1,    0.0000000000E+00,    4.9966182907E+02,    4.9966182907E+02,    0.0000000000E+00,    0.0000000000E+00,    0.0000000000E+00,    4.9966182907E+02
    242050,      0.676975,CP2_after_erosion,   1,    0.0000000000E+00,    4.9966182907E+02,    4.9966182907E+02,    0.0000000000E+00,    0.0000000000E+00,    0.0000000000E+00,    4.9966182907E+02
    242050,      0.676975,CP3_after_update_bottom,   1,    0.0000000000E+00,    4.9966182907E+02,    4.9966182907E+02,    0.0000000000E+00,    0.0000000000E+00,    0.0000000000E+00,    4.9966182907E+02
    242050,      0.676975,CP4_after_advection,   1,    0.0000000000E+00,    4.9966235374E+02,    4.9966235374E+02,    0.0000000000E+00,    0.0000000000E+00,    0.0000000000E+00,    4.9966235374E+02
    242050,      0.676975,CP5_after_vdif,   1,    0.0000000000E+00,    4.9966235374E+02,    4.9966235374E+02,    0.0000000000E+00,    0.0000000000E+00,    0.0000000000E+00,    4.9966235374E+02
    242050,      0.676975,CP6_after_kinetics,   1,    0.0000000000E+00,    4.9966235374E+02,    4.9966235374E+02,    0.0000000000E+00,    0.0000000000E+00,    0.0000000000E+00,    4.9966235374E+02
    242050,      0.676975,CP7_after_upper_clamp,   1,    0.0000000000E+00,    4.9966235374E+02,    4.9966235374E+02,    0.0000000000E+00,    0.0000000000E+00,    0.0000000000E+00,    4.9966235374E+02
    242050,      0.676975,CP8_after_OBC,   1,    0.0000000000E+00,    4.9966235374E+02,    4.9966235374E+02,    0.0000000000E+00,    0.0000000000E+00,    0.0000000000E+00,    4.9966235374E+02
    242050,      0.676975,CP9_after_PTsource,   1,    0.0000000000E+00,    4.9966235374E+02,    4.9966235374E+02,    0.0000000000E+00,    0.0000000000E+00,    0.0000000000E+00,    4.9966235374E+02
    242050,      0.676975,CP10_after_neg_clamp,   1,    0.0000000000E+00,    4.9966235374E+02,    4.9966235374E+02,    0.0000000000E+00,    0.0000000000E+00,    0.0000000000E+00,    4.9966235374E+02
    242050,      0.676975,CP11_after_MPI,   1,    0.0000000000E+00,    4.9966235374E+02,    4.9966235374E+02,    0.0000000000E+00,    0.0000000000E+00,    0.0000000000E+00,    4.9966235374E+02
    242050,      0.676975,CP12_end,   1,    0.0000000000E+00,    4.9966235374E+02,    4.9966235374E+02,    0.0000000000E+00,    0.0000000000E+00,    0.0000000000E+00,    4.9966235374E+02
    242100,      0.676975,CP0_start,   1,    0.0000000000E+00,    4.9983623835E+02,    4.9983623835E+02,    0.0000000000E+00,    0.0000000000E+00,    0.0000000000E+00,    4.9983623835E+02
    242100,      0.676975,CP1_after_deposition,   1,    0.0000000000E+00,    4.9983623835E+02,    4.9983623835E+02,    0.0000000000E+00,    0.0000000000E+00,    0.0000000000E+00,    4.9983623835E+02
    242100,      0.676975,CP2_after_erosion,   1,    0.0000000000E+00,    4.9983623835E+02,    4.9983623835E+02,    0.0000000000E+00,    0.0000000000E+00,    0.0000000000E+00,    4.9983623835E+02
    242100,      0.676975,CP3_after_update_bottom,   1,    0.0000000000E+00,    4.9983623835E+02,    4.9983623835E+02,    0.0000000000E+00,    0.0000000000E+00,    0.0000000000E+00,    4.9983623835E+02
    242100,      0.676975,CP4_after_advection,   1,    0.0000000000E+00,    4.9983626500E+02,    4.9983626500E+02,    0.0000000000E+00,    0.0000000000E+00,    0.0000000000E+00,    4.9983626500E+02
    242100,      0.676975,CP5_after_vdif,   1,    0.0000000000E+00,    4.9983626500E+02,    4.9983626500E+02,    0.0000000000E+00,    0.0000000000E+00,    0.0000000000E+00,    4.9983626500E+02
    242100,      0.676975,CP6_after_kinetics,   1,    0.0000000000E+00,    4.9983626500E+02,    4.9983626500E+02,    0.0000000000E+00,    0.0000000000E+00,    0.0000000000E+00,    4.9983626500E+02
    242100,      0.676975,CP7_after_upper_clamp,   1,    0.0000000000E+00,    4.9983626500E+02,    4.9983626500E+02,    0.0000000000E+00,    0.0000000000E+00,    0.0000000000E+00,    4.9983626500E+02
    242100,      0.676975,CP8_after_OBC,   1,    0.0000000000E+00,    4.9983626500E+02,    4.9983626500E+02,    0.0000000000E+00,    0.0000000000E+00,    0.0000000000E+00,    4.9983626500E+02
    242100,      0.676975,CP9_after_PTsource,   1,    0.0000000000E+00,    4.9983626500E+02,    4.9983626500E+02,    0.0000000000E+00,    0.0000000000E+00,    0.0000000000E+00,    4.9983626500E+02
    242100,      0.676975,CP10_after_neg_clamp,   1,    0.0000000000E+00,    4.9983626500E+02,    4.9983626500E+02,    0.0000000000E+00,    0.0000000000E+00,    0.0000000000E+00,    4.9983626500E+02
    242100,      0.676975,CP11_after_MPI,   1,    0.0000000000E+00,    4.9983626500E+02,    4.9983626500E+02,    0.0000000000E+00,    0.0000000000E+00,    0.0000000000E+00,    4.9983626500E+02
    242100,      0.676975,CP12_end,   1,    0.0000000000E+00,    4.9983626500E+02,    4.9983626500E+02,    0.0000000000E+00,    0.0000000000E+00,    0.0000000000E+00,    4.9983626500E+02
    242150,      0.676975,CP0_start,   1,    0.0000000000E+00,    5.0000804735E+02,    5.0000804735E+02,    0.0000000000E+00,    0.0000000000E+00,    0.0000000000E+00,    5.0000804735E+02
    242150,      0.676975,CP1_after_deposition,   1,    0.0000000000E+00,    5.0000804735E+02,    5.0000804735E+02,    0.0000000000E+00,    0.0000000000E+00,    0.0000000000E+00,    5.0000804735E+02
    242150,      0.676975,CP2_after_erosion,   1,    0.0000000000E+00,    5.0000804735E+02,    5.0000804735E+02,    0.0000000000E+00,    0.0000000000E+00,    0.0000000000E+00,    5.0000804735E+02
    242150,      0.676975,CP3_after_update_bottom,   1,    0.0000000000E+00,    5.0000804735E+02,    5.0000804735E+02,    0.0000000000E+00,    0.0000000000E+00,    0.0000000000E+00,    5.0000804735E+02
    242150,      0.676975,CP4_after_advection,   1,    0.0000000000E+00,    5.0000756231E+02,    5.0000756231E+02,    0.0000000000E+00,    0.0000000000E+00,    0.0000000000E+00,    5.0000756231E+02
    242150,      0.676975,CP5_after_vdif,   1,    0.0000000000E+00,    5.0000756231E+02,    5.0000756231E+02,    0.0000000000E+00,    0.0000000000E+00,    0.0000000000E+00,    5.0000756231E+02
    242150,      0.676975,CP6_after_kinetics,   1,    0.0000000000E+00,    5.0000756231E+02,    5.0000756231E+02,    0.0000000000E+00,    0.0000000000E+00,    0.0000000000E+00,    5.0000756231E+02
    242150,      0.676975,CP7_after_upper_clamp,   1,    0.0000000000E+00,    5.0000756231E+02,    5.0000756231E+02,    0.0000000000E+00,    0.0000000000E+00,    0.0000000000E+00,    5.0000756231E+02
    242150,      0.676975,CP8_after_OBC,   1,    0.0000000000E+00,    5.0000756231E+02,    5.0000756231E+02,    0.0000000000E+00,    0.0000000000E+00,    0.0000000000E+00,    5.0000756231E+02
    242150,      0.676975,CP9_after_PTsource,   1,    0.0000000000E+00,    5.0000756231E+02,    5.0000756231E+02,    0.0000000000E+00,    0.0000000000E+00,    0.0000000000E+00,    5.0000756231E+02
    242150,      0.676975,CP10_after_neg_clamp,   1,    0.0000000000E+00,    5.0000756231E+02,    5.0000756231E+02,    0.0000000000E+00,    0.0000000000E+00,    0.0000000000E+00,    5.0000756231E+02
    242150,      0.676975,CP11_after_MPI,   1,    0.0000000000E+00,    5.0000756231E+02,    5.0000756231E+02,    0.0000000000E+00,    0.0000000000E+00,    0.0000000000E+00,    5.0000756231E+02
    242150,      0.676975,CP12_end,   1,    0.0000000000E+00,    5.0000756231E+02,    5.0000756231E+02,    0.0000000000E+00,    0.0000000000E+00,    0.0000000000E+00,    5.0000756231E+02
    242200,      0.676975,CP0_start,   1,    0.0000000000E+00,    5.0017803933E+02,    5.0017803933E+02,    0.0000000000E+00,    0.0000000000E+00,    0.0000000000E+00,    5.0017803933E+02
    242200,      0.676975,CP1_after_deposition,   1,    0.0000000000E+00,    5.0017803933E+02,    5.0017803933E+02,    0.0000000000E+00,    0.0000000000E+00,    0.0000000000E+00,    5.0017803933E+02
    242200,      0.676975,CP2_after_erosion,   1,    0.0000000000E+00,    5.0017803933E+02,    5.0017803933E+02,    0.0000000000E+00,    0.0000000000E+00,    0.0000000000E+00,    5.0017803933E+02
    242200,      0.676975,CP3_after_update_bottom,   1,    0.0000000000E+00,    5.0017803933E+02,    5.0017803933E+02,    0.0000000000E+00,    0.0000000000E+00,    0.0000000000E+00,    5.0017803933E+02
    242200,      0.676975,CP4_after_advection,   1,    0.0000000000E+00,    5.0017702062E+02,    5.0017702062E+02,    0.0000000000E+00,    0.0000000000E+00,    0.0000000000E+00,    5.0017702062E+02
    242200,      0.676975,CP5_after_vdif,   1,    0.0000000000E+00,    5.0017702062E+02,    5.0017702062E+02,    0.0000000000E+00,    0.0000000000E+00,    0.0000000000E+00,    5.0017702062E+02
    242200,      0.676975,CP6_after_kinetics,   1,    0.0000000000E+00,    5.0017702062E+02,    5.0017702062E+02,    0.0000000000E+00,    0.0000000000E+00,    0.0000000000E+00,    5.0017702062E+02
    242200,      0.676975,CP7_after_upper_clamp,   1,    0.0000000000E+00,    5.0017702062E+02,    5.0017702062E+02,    0.0000000000E+00,    0.0000000000E+00,    0.0000000000E+00,    5.0017702062E+02
    242200,      0.676975,CP8_after_OBC,   1,    0.0000000000E+00,    5.0017702062E+02,    5.0017702062E+02,    0.0000000000E+00,    0.0000000000E+00,    0.0000000000E+00,    5.0017702062E+02
    242200,      0.676975,CP9_after_PTsource,   1,    0.0000000000E+00,    5.0017702062E+02,    5.0017702062E+02,    0.0000000000E+00,    0.0000000000E+00,    0.0000000000E+00,    5.0017702062E+02
    242200,      0.676975,CP10_after_neg_clamp,   1,    0.0000000000E+00,    5.0017702062E+02,    5.0017702062E+02,    0.0000000000E+00,    0.0000000000E+00,    0.0000000000E+00,    5.0017702062E+02
    242200,      0.676975,CP11_after_MPI,   1,    0.0000000000E+00,    5.0017702062E+02,    5.0017702062E+02,    0.0000000000E+00,    0.0000000000E+00,    0.0000000000E+00,    5.0017702062E+02
    242200,      0.676975,CP12_end,   1,    0.0000000000E+00,    5.0017702062E+02,    5.0017702062E+02,    0.0000000000E+00,    0.0000000000E+00,    0.0000000000E+00,    5.0017702062E+02
    242250,      0.676975,CP0_start,   1,    0.0000000000E+00,    5.0034614621E+02,    5.0034614621E+02,    0.0000000000E+00,    0.0000000000E+00,    0.0000000000E+00,    5.0034614621E+02
    242250,      0.676975,CP1_after_deposition,   1,    0.0000000000E+00,    5.0034614621E+02,    5.0034614621E+02,    0.0000000000E+00,    0.0000000000E+00,    0.0000000000E+00,    5.0034614621E+02
    242250,      0.676975,CP2_after_erosion,   1,    0.0000000000E+00,    5.0034614621E+02,    5.0034614621E+02,    0.0000000000E+00,    0.0000000000E+00,    0.0000000000E+00,    5.0034614621E+02
    242250,      0.676975,CP3_after_update_bottom,   1,    0.0000000000E+00,    5.0034614621E+02,    5.0034614621E+02,    0.0000000000E+00,    0.0000000000E+00,    0.0000000000E+00,    5.0034614621E+02
    242250,      0.676975,CP4_after_advection,   1,    0.0000000000E+00,    5.0034458551E+02,    5.0034458551E+02,    0.0000000000E+00,    0.0000000000E+00,    0.0000000000E+00,    5.0034458551E+02
    242250,      0.676975,CP5_after_vdif,   1,    0.0000000000E+00,    5.0034458551E+02,    5.0034458551E+02,    0.0000000000E+00,    0.0000000000E+00,    0.0000000000E+00,    5.0034458551E+02
    242250,      0.676975,CP6_after_kinetics,   1,    0.0000000000E+00,    5.0034458551E+02,    5.0034458551E+02,    0.0000000000E+00,    0.0000000000E+00,    0.0000000000E+00,    5.0034458551E+02
    242250,      0.676975,CP7_after_upper_clamp,   1,    0.0000000000E+00,    5.0034458551E+02,    5.0034458551E+02,    0.0000000000E+00,    0.0000000000E+00,    0.0000000000E+00,    5.0034458551E+02
    242250,      0.676975,CP8_after_OBC,   1,    0.0000000000E+00,    5.0034458551E+02,    5.0034458551E+02,    0.0000000000E+00,    0.0000000000E+00,    0.0000000000E+00,    5.0034458551E+02
    242250,      0.676975,CP9_after_PTsource,   1,    0.0000000000E+00,    5.0034458551E+02,    5.0034458551E+02,    0.0000000000E+00,    0.0000000000E+00,    0.0000000000E+00,    5.0034458551E+02
    242250,      0.676975,CP10_after_neg_clamp,   1,    0.0000000000E+00,    5.0034458551E+02,    5.0034458551E+02,    0.0000000000E+00,    0.0000000000E+00,    0.0000000000E+00,    5.0034458551E+02
    242250,      0.676975,CP11_after_MPI,   1,    0.0000000000E+00,    5.0034458551E+02,    5.0034458551E+02,    0.0000000000E+00,    0.0000000000E+00,    0.0000000000E+00,    5.0034458551E+02
    242250,      0.676975,CP12_end,   1,    0.0000000000E+00,    5.0034458551E+02,    5.0034458551E+02,    0.0000000000E+00,    0.0000000000E+00,    0.0000000000E+00,    5.0034458551E+02
    242300,      0.676975,CP0_start,   1,    0.0000000000E+00,    5.0051276027E+02,    5.0051276027E+02,    0.0000000000E+00,    0.0000000000E+00,    0.0000000000E+00,    5.0051276027E+02
    242300,      0.676975,CP1_after_deposition,   1,    0.0000000000E+00,    5.0051276027E+02,    5.0051276027E+02,    0.0000000000E+00,    0.0000000000E+00,    0.0000000000E+00,    5.0051276027E+02
    242300,      0.676975,CP2_after_erosion,   1,    0.0000000000E+00,    5.0051276027E+02,    5.0051276027E+02,    0.0000000000E+00,    0.0000000000E+00,    0.0000000000E+00,    5.0051276027E+02
    242300,      0.676975,CP3_after_update_bottom,   1,    0.0000000000E+00,    5.0051276027E+02,    5.0051276027E+02,    0.0000000000E+00,    0.0000000000E+00,    0.0000000000E+00,    5.0051276027E+02
    242300,      0.676975,CP4_after_advection,   1,    0.0000000000E+00,    5.0051064653E+02,    5.0051064653E+02,    0.0000000000E+00,    0.0000000000E+00,    0.0000000000E+00,    5.0051064653E+02
    242300,      0.676975,CP5_after_vdif,   1,    0.0000000000E+00,    5.0051064653E+02,    5.0051064653E+02,    0.0000000000E+00,    0.0000000000E+00,    0.0000000000E+00,    5.0051064653E+02
    242300,      0.676975,CP6_after_kinetics,   1,    0.0000000000E+00,    5.0051064653E+02,    5.0051064653E+02,    0.0000000000E+00,    0.0000000000E+00,    0.0000000000E+00,    5.0051064653E+02
    242300,      0.676975,CP7_after_upper_clamp,   1,    0.0000000000E+00,    5.0051064653E+02,    5.0051064653E+02,    0.0000000000E+00,    0.0000000000E+00,    0.0000000000E+00,    5.0051064653E+02
    242300,      0.676975,CP8_after_OBC,   1,    0.0000000000E+00,    5.0051064653E+02,    5.0051064653E+02,    0.0000000000E+00,    0.0000000000E+00,    0.0000000000E+00,    5.0051064653E+02
    242300,      0.676975,CP9_after_PTsource,   1,    0.0000000000E+00,    5.0051064653E+02,    5.0051064653E+02,    0.0000000000E+00,    0.0000000000E+00,    0.0000000000E+00,    5.0051064653E+02
    242300,      0.676975,CP10_after_neg_clamp,   1,    0.0000000000E+00,    5.0051064653E+02,    5.0051064653E+02,    0.0000000000E+00,    0.0000000000E+00,    0.0000000000E+00,    5.0051064653E+02
    242300,      0.676975,CP11_after_MPI,   1,    0.0000000000E+00,    5.0051064653E+02,    5.0051064653E+02,    0.0000000000E+00,    0.0000000000E+00,    0.0000000000E+00,    5.0051064653E+02
    242300,      0.676975,CP12_end,   1,    0.0000000000E+00,    5.0051064653E+02,    5.0051064653E+02,    0.0000000000E+00,    0.0000000000E+00,    0.0000000000E+00,    5.0051064653E+02
    242350,      0.676975,CP0_start,   1,    0.0000000000E+00,    5.0067814147E+02,    5.0067814147E+02,    0.0000000000E+00,    0.0000000000E+00,    0.0000000000E+00,    5.0067814147E+02
    242350,      0.676975,CP1_after_deposition,   1,    0.0000000000E+00,    5.0067814147E+02,    5.0067814147E+02,    0.0000000000E+00,    0.0000000000E+00,    0.0000000000E+00,    5.0067814147E+02
    242350,      0.676975,CP2_after_erosion,   1,    0.0000000000E+00,    5.0067814147E+02,    5.0067814147E+02,    0.0000000000E+00,    0.0000000000E+00,    0.0000000000E+00,    5.0067814147E+02
    242350,      0.676975,CP3_after_update_bottom,   1,    0.0000000000E+00,    5.0067814147E+02,    5.0067814147E+02,    0.0000000000E+00,    0.0000000000E+00,    0.0000000000E+00,    5.0067814147E+02
    242350,      0.676975,CP4_after_advection,   1,    0.0000000000E+00,    5.0067546365E+02,    5.0067546365E+02,    0.0000000000E+00,    0.0000000000E+00,    0.0000000000E+00,    5.0067546365E+02
    242350,      0.676975,CP5_after_vdif,   1,    0.0000000000E+00,    5.0067546365E+02,    5.0067546365E+02,    0.0000000000E+00,    0.0000000000E+00,    0.0000000000E+00,    5.0067546365E+02
    242350,      0.676975,CP6_after_kinetics,   1,    0.0000000000E+00,    5.0067546365E+02,    5.0067546365E+02,    0.0000000000E+00,    0.0000000000E+00,    0.0000000000E+00,    5.0067546365E+02
    242350,      0.676975,CP7_after_upper_clamp,   1,    0.0000000000E+00,    5.0067546365E+02,    5.0067546365E+02,    0.0000000000E+00,    0.0000000000E+00,    0.0000000000E+00,    5.0067546365E+02
    242350,      0.676975,CP8_after_OBC,   1,    0.0000000000E+00,    5.0067546365E+02,    5.0067546365E+02,    0.0000000000E+00,    0.0000000000E+00,    0.0000000000E+00,    5.0067546365E+02
    242350,      0.676975,CP9_after_PTsource,   1,    0.0000000000E+00,    5.0067546365E+02,    5.0067546365E+02,    0.0000000000E+00,    0.0000000000E+00,    0.0000000000E+00,    5.0067546365E+02
    242350,      0.676975,CP10_after_neg_clamp,   1,    0.0000000000E+00,    5.0067546365E+02,    5.0067546365E+02,    0.0000000000E+00,    0.0000000000E+00,    0.0000000000E+00,    5.0067546365E+02
    242350,      0.676975,CP11_after_MPI,   1,    0.0000000000E+00,    5.0067546365E+02,    5.0067546365E+02,    0.0000000000E+00,    0.0000000000E+00,    0.0000000000E+00,    5.0067546365E+02
    242350,      0.676975,CP12_end,   1,    0.0000000000E+00,    5.0067546365E+02,    5.0067546365E+02,    0.0000000000E+00,    0.0000000000E+00,    0.0000000000E+00,    5.0067546365E+02
    242400,      0.676975,CP0_start,   1,    0.0000000000E+00,    5.0084290782E+02,    5.0084290782E+02,    0.0000000000E+00,    0.0000000000E+00,    0.0000000000E+00,    5.0084290782E+02
    242400,      0.676975,CP1_after_deposition,   1,    0.0000000000E+00,    5.0084290782E+02,    5.0084290782E+02,    0.0000000000E+00,    0.0000000000E+00,    0.0000000000E+00,    5.0084290782E+02
    242400,      0.676975,CP2_after_erosion,   1,    0.0000000000E+00,    5.0084290782E+02,    5.0084290782E+02,    0.0000000000E+00,    0.0000000000E+00,    0.0000000000E+00,    5.0084290782E+02
    242400,      0.676975,CP3_after_update_bottom,   1,    0.0000000000E+00,    5.0084290782E+02,    5.0084290782E+02,    0.0000000000E+00,    0.0000000000E+00,    0.0000000000E+00,    5.0084290782E+02
    242400,      0.676975,CP4_after_advection,   1,    0.0000000000E+00,    5.0083968227E+02,    5.0083968227E+02,    0.0000000000E+00,    0.0000000000E+00,    0.0000000000E+00,    5.0083968227E+02
    242400,      0.676975,CP5_after_vdif,   1,    0.0000000000E+00,    5.0083968227E+02,    5.0083968227E+02,    0.0000000000E+00,    0.0000000000E+00,    0.0000000000E+00,    5.0083968227E+02
    242400,      0.676975,CP6_after_kinetics,   1,    0.0000000000E+00,    5.0083968227E+02,    5.0083968227E+02,    0.0000000000E+00,    0.0000000000E+00,    0.0000000000E+00,    5.0083968227E+02
    242400,      0.676975,CP7_after_upper_clamp,   1,    0.0000000000E+00,    5.0083968227E+02,    5.0083968227E+02,    0.0000000000E+00,    0.0000000000E+00,    0.0000000000E+00,    5.0083968227E+02
    242400,      0.676975,CP8_after_OBC,   1,    0.0000000000E+00,    5.0083968227E+02,    5.0083968227E+02,    0.0000000000E+00,    0.0000000000E+00,    0.0000000000E+00,    5.0083968227E+02
    242400,      0.676975,CP9_after_PTsource,   1,    0.0000000000E+00,    5.0083968227E+02,    5.0083968227E+02,    0.0000000000E+00,    0.0000000000E+00,    0.0000000000E+00,    5.0083968227E+02
    242400,      0.676975,CP10_after_neg_clamp,   1,    0.0000000000E+00,    5.0083968227E+02,    5.0083968227E+02,    0.0000000000E+00,    0.0000000000E+00,    0.0000000000E+00,    5.0083968227E+02
    242400,      0.676975,CP11_after_MPI,   1,    0.0000000000E+00,    5.0083968227E+02,    5.0083968227E+02,    0.0000000000E+00,    0.0000000000E+00,    0.0000000000E+00,    5.0083968227E+02
    242400,      0.676975,CP12_end,   1,    0.0000000000E+00,    5.0083968227E+02,    5.0083968227E+02,    0.0000000000E+00,    0.0000000000E+00,    0.0000000000E+00,    5.0083968227E+02
    242450,      0.676975,CP0_start,   1,    0.0000000000E+00,    5.0100842270E+02,    5.0100842270E+02,    0.0000000000E+00,    0.0000000000E+00,    0.0000000000E+00,    5.0100842270E+02
    242450,      0.676975,CP1_after_deposition,   1,    0.0000000000E+00,    5.0100842270E+02,    5.0100842270E+02,    0.0000000000E+00,    0.0000000000E+00,    0.0000000000E+00,    5.0100842270E+02
    242450,      0.676975,CP2_after_erosion,   1,    0.0000000000E+00,    5.0100842270E+02,    5.0100842270E+02,    0.0000000000E+00,    0.0000000000E+00,    0.0000000000E+00,    5.0100842270E+02
    242450,      0.676975,CP3_after_update_bottom,   1,    0.0000000000E+00,    5.0100842270E+02,    5.0100842270E+02,    0.0000000000E+00,    0.0000000000E+00,    0.0000000000E+00,    5.0100842270E+02
    242450,      0.676975,CP4_after_advection,   1,    0.0000000000E+00,    5.0100466700E+02,    5.0100466700E+02,    0.0000000000E+00,    0.0000000000E+00,    0.0000000000E+00,    5.0100466700E+02
    242450,      0.676975,CP5_after_vdif,   1,    0.0000000000E+00,    5.0100466700E+02,    5.0100466700E+02,    0.0000000000E+00,    0.0000000000E+00,    0.0000000000E+00,    5.0100466700E+02
    242450,      0.676975,CP6_after_kinetics,   1,    0.0000000000E+00,    5.0100466700E+02,    5.0100466700E+02,    0.0000000000E+00,    0.0000000000E+00,    0.0000000000E+00,    5.0100466700E+02
    242450,      0.676975,CP7_after_upper_clamp,   1,    0.0000000000E+00,    5.0100466700E+02,    5.0100466700E+02,    0.0000000000E+00,    0.0000000000E+00,    0.0000000000E+00,    5.0100466700E+02
    242450,      0.676975,CP8_after_OBC,   1,    0.0000000000E+00,    5.0100466700E+02,    5.0100466700E+02,    0.0000000000E+00,    0.0000000000E+00,    0.0000000000E+00,    5.0100466700E+02
    242450,      0.676975,CP9_after_PTsource,   1,    0.0000000000E+00,    5.0100466700E+02,    5.0100466700E+02,    0.0000000000E+00,    0.0000000000E+00,    0.0000000000E+00,    5.0100466700E+02
    242450,      0.676975,CP10_after_neg_clamp,   1,    0.0000000000E+00,    5.0100466700E+02,    5.0100466700E+02,    0.0000000000E+00,    0.0000000000E+00,    0.0000000000E+00,    5.0100466700E+02
    242450,      0.676975,CP11_after_MPI,   1,    0.0000000000E+00,    5.0100466700E+02,    5.0100466700E+02,    0.0000000000E+00,    0.0000000000E+00,    0.0000000000E+00,    5.0100466700E+02
    242450,      0.676975,CP12_end,   1,    0.0000000000E+00,    5.0100466700E+02,    5.0100466700E+02,    0.0000000000E+00,    0.0000000000E+00,    0.0000000000E+00,    5.0100466700E+02
    242500,      0.676975,CP0_start,   1,    0.0000000000E+00,    5.0117514944E+02,    5.0117514944E+02,    0.0000000000E+00,    0.0000000000E+00,    0.0000000000E+00,    5.0117514944E+02
    242500,      0.676975,CP1_after_deposition,   1,    0.0000000000E+00,    5.0117514944E+02,    5.0117514944E+02,    0.0000000000E+00,    0.0000000000E+00,    0.0000000000E+00,    5.0117514944E+02
    242500,      0.676975,CP2_after_erosion,   1,    0.0000000000E+00,    5.0117514944E+02,    5.0117514944E+02,    0.0000000000E+00,    0.0000000000E+00,    0.0000000000E+00,    5.0117514944E+02
    242500,      0.676975,CP3_after_update_bottom,   1,    0.0000000000E+00,    5.0117514944E+02,    5.0117514944E+02,    0.0000000000E+00,    0.0000000000E+00,    0.0000000000E+00,    5.0117514944E+02
    242500,      0.676975,CP4_after_advection,   1,    0.0000000000E+00,    5.0117085638E+02,    5.0117085638E+02,    0.0000000000E+00,    0.0000000000E+00,    0.0000000000E+00,    5.0117085638E+02
    242500,      0.676975,CP5_after_vdif,   1,    0.0000000000E+00,    5.0117085638E+02,    5.0117085638E+02,    0.0000000000E+00,    0.0000000000E+00,    0.0000000000E+00,    5.0117085638E+02
    242500,      0.676975,CP6_after_kinetics,   1,    0.0000000000E+00,    5.0117085638E+02,    5.0117085638E+02,    0.0000000000E+00,    0.0000000000E+00,    0.0000000000E+00,    5.0117085638E+02
    242500,      0.676975,CP7_after_upper_clamp,   1,    0.0000000000E+00,    5.0117085638E+02,    5.0117085638E+02,    0.0000000000E+00,    0.0000000000E+00,    0.0000000000E+00,    5.0117085638E+02
    242500,      0.676975,CP8_after_OBC,   1,    0.0000000000E+00,    5.0117085638E+02,    5.0117085638E+02,    0.0000000000E+00,    0.0000000000E+00,    0.0000000000E+00,    5.0117085638E+02
    242500,      0.676975,CP9_after_PTsource,   1,    0.0000000000E+00,    5.0117085638E+02,    5.0117085638E+02,    0.0000000000E+00,    0.0000000000E+00,    0.0000000000E+00,    5.0117085638E+02
    242500,      0.676975,CP10_after_neg_clamp,   1,    0.0000000000E+00,    5.0117085638E+02,    5.0117085638E+02,    0.0000000000E+00,    0.0000000000E+00,    0.0000000000E+00,    5.0117085638E+02
    242500,      0.676975,CP11_after_MPI,   1,    0.0000000000E+00,    5.0117085638E+02,    5.0117085638E+02,    0.0000000000E+00,    0.0000000000E+00,    0.0000000000E+00,    5.0117085638E+02
    242500,      0.676975,CP12_end,   1,    0.0000000000E+00,    5.0117085638E+02,    5.0117085638E+02,    0.0000000000E+00,    0.0000000000E+00,    0.0000000000E+00,    5.0117085638E+02
    242550,      0.676975,CP0_start,   1,    0.0000000000E+00,    5.0134253953E+02,    5.0134253953E+02,    0.0000000000E+00,    0.0000000000E+00,    0.0000000000E+00,    5.0134253953E+02
    242550,      0.676975,CP1_after_deposition,   1,    0.0000000000E+00,    5.0134253953E+02,    5.0134253953E+02,    0.0000000000E+00,    0.0000000000E+00,    0.0000000000E+00,    5.0134253953E+02
    242550,      0.676975,CP2_after_erosion,   1,    0.0000000000E+00,    5.0134253953E+02,    5.0134253953E+02,    0.0000000000E+00,    0.0000000000E+00,    0.0000000000E+00,    5.0134253953E+02
    242550,      0.676975,CP3_after_update_bottom,   1,    0.0000000000E+00,    5.0134253953E+02,    5.0134253953E+02,    0.0000000000E+00,    0.0000000000E+00,    0.0000000000E+00,    5.0134253953E+02
    242550,      0.676975,CP4_after_advection,   1,    0.0000000000E+00,    5.0133768202E+02,    5.0133768202E+02,    0.0000000000E+00,    0.0000000000E+00,    0.0000000000E+00,    5.0133768202E+02
    242550,      0.676975,CP5_after_vdif,   1,    0.0000000000E+00,    5.0133768202E+02,    5.0133768202E+02,    0.0000000000E+00,    0.0000000000E+00,    0.0000000000E+00,    5.0133768202E+02
    242550,      0.676975,CP6_after_kinetics,   1,    0.0000000000E+00,    5.0133768202E+02,    5.0133768202E+02,    0.0000000000E+00,    0.0000000000E+00,    0.0000000000E+00,    5.0133768202E+02
    242550,      0.676975,CP7_after_upper_clamp,   1,    0.0000000000E+00,    5.0133768202E+02,    5.0133768202E+02,    0.0000000000E+00,    0.0000000000E+00,    0.0000000000E+00,    5.0133768202E+02
    242550,      0.676975,CP8_after_OBC,   1,    0.0000000000E+00,    5.0133768202E+02,    5.0133768202E+02,    0.0000000000E+00,    0.0000000000E+00,    0.0000000000E+00,    5.0133768202E+02
    242550,      0.676975,CP9_after_PTsource,   1,    0.0000000000E+00,    5.0133768202E+02,    5.0133768202E+02,    0.0000000000E+00,    0.0000000000E+00,    0.0000000000E+00,    5.0133768202E+02
    242550,      0.676975,CP10_after_neg_clamp,   1,    0.0000000000E+00,    5.0133768202E+02,    5.0133768202E+02,    0.0000000000E+00,    0.0000000000E+00,    0.0000000000E+00,    5.0133768202E+02
    242550,      0.676975,CP11_after_MPI,   1,    0.0000000000E+00,    5.0133768202E+02,    5.0133768202E+02,    0.0000000000E+00,    0.0000000000E+00,    0.0000000000E+00,    5.0133768202E+02
    242550,      0.676975,CP12_end,   1,    0.0000000000E+00,    5.0133768202E+02,    5.0133768202E+02,    0.0000000000E+00,    0.0000000000E+00,    0.0000000000E+00,    5.0133768202E+02
    242600,      0.676975,CP0_start,   1,    0.0000000000E+00,    5.0150898319E+02,    5.0150898319E+02,    0.0000000000E+00,    0.0000000000E+00,    0.0000000000E+00,    5.0150898319E+02
    242600,      0.676975,CP1_after_deposition,   1,    0.0000000000E+00,    5.0150898319E+02,    5.0150898319E+02,    0.0000000000E+00,    0.0000000000E+00,    0.0000000000E+00,    5.0150898319E+02
    242600,      0.676975,CP2_after_erosion,   1,    0.0000000000E+00,    5.0150898319E+02,    5.0150898319E+02,    0.0000000000E+00,    0.0000000000E+00,    0.0000000000E+00,    5.0150898319E+02
    242600,      0.676975,CP3_after_update_bottom,   1,    0.0000000000E+00,    5.0150898319E+02,    5.0150898319E+02,    0.0000000000E+00,    0.0000000000E+00,    0.0000000000E+00,    5.0150898319E+02
    242600,      0.676975,CP4_after_advection,   1,    0.0000000000E+00,    5.0150354704E+02,    5.0150354704E+02,    0.0000000000E+00,    0.0000000000E+00,    0.0000000000E+00,    5.0150354704E+02
    242600,      0.676975,CP5_after_vdif,   1,    0.0000000000E+00,    5.0150354704E+02,    5.0150354704E+02,    0.0000000000E+00,    0.0000000000E+00,    0.0000000000E+00,    5.0150354704E+02
    242600,      0.676975,CP6_after_kinetics,   1,    0.0000000000E+00,    5.0150354704E+02,    5.0150354704E+02,    0.0000000000E+00,    0.0000000000E+00,    0.0000000000E+00,    5.0150354704E+02
    242600,      0.676975,CP7_after_upper_clamp,   1,    0.0000000000E+00,    5.0150354704E+02,    5.0150354704E+02,    0.0000000000E+00,    0.0000000000E+00,    0.0000000000E+00,    5.0150354704E+02
    242600,      0.676975,CP8_after_OBC,   1,    0.0000000000E+00,    5.0150354704E+02,    5.0150354704E+02,    0.0000000000E+00,    0.0000000000E+00,    0.0000000000E+00,    5.0150354704E+02
    242600,      0.676975,CP9_after_PTsource,   1,    0.0000000000E+00,    5.0150354704E+02,    5.0150354704E+02,    0.0000000000E+00,    0.0000000000E+00,    0.0000000000E+00,    5.0150354704E+02
    242600,      0.676975,CP10_after_neg_clamp,   1,    0.0000000000E+00,    5.0150354704E+02,    5.0150354704E+02,    0.0000000000E+00,    0.0000000000E+00,    0.0000000000E+00,    5.0150354704E+02
    242600,      0.676975,CP11_after_MPI,   1,    0.0000000000E+00,    5.0150354704E+02,    5.0150354704E+02,    0.0000000000E+00,    0.0000000000E+00,    0.0000000000E+00,    5.0150354704E+02
    242600,      0.676975,CP12_end,   1,    0.0000000000E+00,    5.0150354704E+02,    5.0150354704E+02,    0.0000000000E+00,    0.0000000000E+00,    0.0000000000E+00,    5.0150354704E+02
    242650,      0.676975,CP0_start,   1,    0.0000000000E+00,    5.0167402563E+02,    5.0167402563E+02,    0.0000000000E+00,    0.0000000000E+00,    0.0000000000E+00,    5.0167402563E+02
    242650,      0.676975,CP1_after_deposition,   1,    0.0000000000E+00,    5.0167402563E+02,    5.0167402563E+02,    0.0000000000E+00,    0.0000000000E+00,    0.0000000000E+00,    5.0167402563E+02
    242650,      0.676975,CP2_after_erosion,   1,    0.0000000000E+00,    5.0167402563E+02,    5.0167402563E+02,    0.0000000000E+00,    0.0000000000E+00,    0.0000000000E+00,    5.0167402563E+02
    242650,      0.676975,CP3_after_update_bottom,   1,    0.0000000000E+00,    5.0167402563E+02,    5.0167402563E+02,    0.0000000000E+00,    0.0000000000E+00,    0.0000000000E+00,    5.0167402563E+02
    242650,      0.676975,CP4_after_advection,   1,    0.0000000000E+00,    5.0166803009E+02,    5.0166803009E+02,    0.0000000000E+00,    0.0000000000E+00,    0.0000000000E+00,    5.0166803009E+02
    242650,      0.676975,CP5_after_vdif,   1,    0.0000000000E+00,    5.0166803009E+02,    5.0166803009E+02,    0.0000000000E+00,    0.0000000000E+00,    0.0000000000E+00,    5.0166803009E+02
    242650,      0.676975,CP6_after_kinetics,   1,    0.0000000000E+00,    5.0166803009E+02,    5.0166803009E+02,    0.0000000000E+00,    0.0000000000E+00,    0.0000000000E+00,    5.0166803009E+02
    242650,      0.676975,CP7_after_upper_clamp,   1,    0.0000000000E+00,    5.0166803009E+02,    5.0166803009E+02,    0.0000000000E+00,    0.0000000000E+00,    0.0000000000E+00,    5.0166803009E+02
    242650,      0.676975,CP8_after_OBC,   1,    0.0000000000E+00,    5.0166803009E+02,    5.0166803009E+02,    0.0000000000E+00,    0.0000000000E+00,    0.0000000000E+00,    5.0166803009E+02
    242650,      0.676975,CP9_after_PTsource,   1,    0.0000000000E+00,    5.0166803009E+02,    5.0166803009E+02,    0.0000000000E+00,    0.0000000000E+00,    0.0000000000E+00,    5.0166803009E+02
    242650,      0.676975,CP10_after_neg_clamp,   1,    0.0000000000E+00,    5.0166803009E+02,    5.0166803009E+02,    0.0000000000E+00,    0.0000000000E+00,    0.0000000000E+00,    5.0166803009E+02
    242650,      0.676975,CP11_after_MPI,   1,    0.0000000000E+00,    5.0166803009E+02,    5.0166803009E+02,    0.0000000000E+00,    0.0000000000E+00,    0.0000000000E+00,    5.0166803009E+02
    242650,      0.676975,CP12_end,   1,    0.0000000000E+00,    5.0166803009E+02,    5.0166803009E+02,    0.0000000000E+00,    0.0000000000E+00,    0.0000000000E+00,    5.0166803009E+02
    242700,      0.676975,CP0_start,   1,    0.0000000000E+00,    5.0183894252E+02,    5.0183894252E+02,    0.0000000000E+00,    0.0000000000E+00,    0.0000000000E+00,    5.0183894252E+02
    242700,      0.676975,CP1_after_deposition,   1,    0.0000000000E+00,    5.0183894252E+02,    5.0183894252E+02,    0.0000000000E+00,    0.0000000000E+00,    0.0000000000E+00,    5.0183894252E+02
    242700,      0.676975,CP2_after_erosion,   1,    0.0000000000E+00,    5.0183894252E+02,    5.0183894252E+02,    0.0000000000E+00,    0.0000000000E+00,    0.0000000000E+00,    5.0183894252E+02
    242700,      0.676975,CP3_after_update_bottom,   1,    0.0000000000E+00,    5.0183894252E+02,    5.0183894252E+02,    0.0000000000E+00,    0.0000000000E+00,    0.0000000000E+00,    5.0183894252E+02
    242700,      0.676975,CP4_after_advection,   1,    0.0000000000E+00,    5.0183243351E+02,    5.0183243351E+02,    0.0000000000E+00,    0.0000000000E+00,    0.0000000000E+00,    5.0183243351E+02
    242700,      0.676975,CP5_after_vdif,   1,    0.0000000000E+00,    5.0183243351E+02,    5.0183243351E+02,    0.0000000000E+00,    0.0000000000E+00,    0.0000000000E+00,    5.0183243351E+02
    242700,      0.676975,CP6_after_kinetics,   1,    0.0000000000E+00,    5.0183243351E+02,    5.0183243351E+02,    0.0000000000E+00,    0.0000000000E+00,    0.0000000000E+00,    5.0183243351E+02
    242700,      0.676975,CP7_after_upper_clamp,   1,    0.0000000000E+00,    5.0183243351E+02,    5.0183243351E+02,    0.0000000000E+00,    0.0000000000E+00,    0.0000000000E+00,    5.0183243351E+02
    242700,      0.676975,CP8_after_OBC,   1,    0.0000000000E+00,    5.0183243351E+02,    5.0183243351E+02,    0.0000000000E+00,    0.0000000000E+00,    0.0000000000E+00,    5.0183243351E+02
    242700,      0.676975,CP9_after_PTsource,   1,    0.0000000000E+00,    5.0183243351E+02,    5.0183243351E+02,    0.0000000000E+00,    0.0000000000E+00,    0.0000000000E+00,    5.0183243351E+02
    242700,      0.676975,CP10_after_neg_clamp,   1,    0.0000000000E+00,    5.0183243351E+02,    5.0183243351E+02,    0.0000000000E+00,    0.0000000000E+00,    0.0000000000E+00,    5.0183243351E+02
    242700,      0.676975,CP11_after_MPI,   1,    0.0000000000E+00,    5.0183243351E+02,    5.0183243351E+02,    0.0000000000E+00,    0.0000000000E+00,    0.0000000000E+00,    5.0183243351E+02
    242700,      0.676975,CP12_end,   1,    0.0000000000E+00,    5.0183243351E+02,    5.0183243351E+02,    0.0000000000E+00,    0.0000000000E+00,    0.0000000000E+00,    5.0183243351E+02
    242750,      0.676975,CP0_start,   1,    0.0000000000E+00,    5.0200641544E+02,    5.0200641544E+02,    0.0000000000E+00,    0.0000000000E+00,    0.0000000000E+00,    5.0200641544E+02
    242750,      0.676975,CP1_after_deposition,   1,    0.0000000000E+00,    5.0200641544E+02,    5.0200641544E+02,    0.0000000000E+00,    0.0000000000E+00,    0.0000000000E+00,    5.0200641544E+02
    242750,      0.676975,CP2_after_erosion,   1,    0.0000000000E+00,    5.0200641544E+02,    5.0200641544E+02,    0.0000000000E+00,    0.0000000000E+00,    0.0000000000E+00,    5.0200641544E+02
    242750,      0.676975,CP3_after_update_bottom,   1,    0.0000000000E+00,    5.0200641544E+02,    5.0200641544E+02,    0.0000000000E+00,    0.0000000000E+00,    0.0000000000E+00,    5.0200641544E+02
    242750,      0.676975,CP4_after_advection,   1,    0.0000000000E+00,    5.0199947338E+02,    5.0199947338E+02,    0.0000000000E+00,    0.0000000000E+00,    0.0000000000E+00,    5.0199947338E+02
    242750,      0.676975,CP5_after_vdif,   1,    0.0000000000E+00,    5.0199947338E+02,    5.0199947338E+02,    0.0000000000E+00,    0.0000000000E+00,    0.0000000000E+00,    5.0199947338E+02
    242750,      0.676975,CP6_after_kinetics,   1,    0.0000000000E+00,    5.0199947338E+02,    5.0199947338E+02,    0.0000000000E+00,    0.0000000000E+00,    0.0000000000E+00,    5.0199947338E+02
    242750,      0.676975,CP7_after_upper_clamp,   1,    0.0000000000E+00,    5.0199947338E+02,    5.0199947338E+02,    0.0000000000E+00,    0.0000000000E+00,    0.0000000000E+00,    5.0199947338E+02
    242750,      0.676975,CP8_after_OBC,   1,    0.0000000000E+00,    5.0199947338E+02,    5.0199947338E+02,    0.0000000000E+00,    0.0000000000E+00,    0.0000000000E+00,    5.0199947338E+02
    242750,      0.676975,CP9_after_PTsource,   1,    0.0000000000E+00,    5.0199947338E+02,    5.0199947338E+02,    0.0000000000E+00,    0.0000000000E+00,    0.0000000000E+00,    5.0199947338E+02
    242750,      0.676975,CP10_after_neg_clamp,   1,    0.0000000000E+00,    5.0199947338E+02,    5.0199947338E+02,    0.0000000000E+00,    0.0000000000E+00,    0.0000000000E+00,    5.0199947338E+02
    242750,      0.676975,CP11_after_MPI,   1,    0.0000000000E+00,    5.0199947338E+02,    5.0199947338E+02,    0.0000000000E+00,    0.0000000000E+00,    0.0000000000E+00,    5.0199947338E+02
    242750,      0.676975,CP12_end,   1,    0.0000000000E+00,    5.0199947338E+02,    5.0199947338E+02,    0.0000000000E+00,    0.0000000000E+00,    0.0000000000E+00,    5.0199947338E+02
    242800,      0.676975,CP0_start,   1,    0.0000000000E+00,    5.0217850343E+02,    5.0217850343E+02,    0.0000000000E+00,    0.0000000000E+00,    0.0000000000E+00,    5.0217850343E+02
    242800,      0.676975,CP1_after_deposition,   1,    0.0000000000E+00,    5.0217850343E+02,    5.0217850343E+02,    0.0000000000E+00,    0.0000000000E+00,    0.0000000000E+00,    5.0217850343E+02
    242800,      0.676975,CP2_after_erosion,   1,    0.0000000000E+00,    5.0217850343E+02,    5.0217850343E+02,    0.0000000000E+00,    0.0000000000E+00,    0.0000000000E+00,    5.0217850343E+02
    242800,      0.676975,CP3_after_update_bottom,   1,    0.0000000000E+00,    5.0217850343E+02,    5.0217850343E+02,    0.0000000000E+00,    0.0000000000E+00,    0.0000000000E+00,    5.0217850343E+02
    242800,      0.676975,CP4_after_advection,   1,    0.0000000000E+00,    5.0217116683E+02,    5.0217116683E+02,    0.0000000000E+00,    0.0000000000E+00,    0.0000000000E+00,    5.0217116683E+02
    242800,      0.676975,CP5_after_vdif,   1,    0.0000000000E+00,    5.0217116683E+02,    5.0217116683E+02,    0.0000000000E+00,    0.0000000000E+00,    0.0000000000E+00,    5.0217116683E+02
    242800,      0.676975,CP6_after_kinetics,   1,    0.0000000000E+00,    5.0217116683E+02,    5.0217116683E+02,    0.0000000000E+00,    0.0000000000E+00,    0.0000000000E+00,    5.0217116683E+02
    242800,      0.676975,CP7_after_upper_clamp,   1,    0.0000000000E+00,    5.0217116683E+02,    5.0217116683E+02,    0.0000000000E+00,    0.0000000000E+00,    0.0000000000E+00,    5.0217116683E+02
    242800,      0.676975,CP8_after_OBC,   1,    0.0000000000E+00,    5.0217116683E+02,    5.0217116683E+02,    0.0000000000E+00,    0.0000000000E+00,    0.0000000000E+00,    5.0217116683E+02
    242800,      0.676975,CP9_after_PTsource,   1,    0.0000000000E+00,    5.0217116683E+02,    5.0217116683E+02,    0.0000000000E+00,    0.0000000000E+00,    0.0000000000E+00,    5.0217116683E+02
    242800,      0.676975,CP10_after_neg_clamp,   1,    0.0000000000E+00,    5.0217116683E+02,    5.0217116683E+02,    0.0000000000E+00,    0.0000000000E+00,    0.0000000000E+00,    5.0217116683E+02
    242800,      0.676975,CP11_after_MPI,   1,    0.0000000000E+00,    5.0217116683E+02,    5.0217116683E+02,    0.0000000000E+00,    0.0000000000E+00,    0.0000000000E+00,    5.0217116683E+02
    242800,      0.676975,CP12_end,   1,    0.0000000000E+00,    5.0217116683E+02,    5.0217116683E+02,    0.0000000000E+00,    0.0000000000E+00,    0.0000000000E+00,    5.0217116683E+02
    242850,      0.676975,CP0_start,   1,    0.0000000000E+00,    5.0235519514E+02,    5.0235519514E+02,    0.0000000000E+00,    0.0000000000E+00,    0.0000000000E+00,    5.0235519514E+02
    242850,      0.676975,CP1_after_deposition,   1,    0.0000000000E+00,    5.0235519514E+02,    5.0235519514E+02,    0.0000000000E+00,    0.0000000000E+00,    0.0000000000E+00,    5.0235519514E+02
    242850,      0.676975,CP2_after_erosion,   1,    0.0000000000E+00,    5.0235519514E+02,    5.0235519514E+02,    0.0000000000E+00,    0.0000000000E+00,    0.0000000000E+00,    5.0235519514E+02
    242850,      0.676975,CP3_after_update_bottom,   1,    0.0000000000E+00,    5.0235519514E+02,    5.0235519514E+02,    0.0000000000E+00,    0.0000000000E+00,    0.0000000000E+00,    5.0235519514E+02
    242850,      0.676975,CP4_after_advection,   1,    0.0000000000E+00,    5.0234747148E+02,    5.0234747148E+02,    0.0000000000E+00,    0.0000000000E+00,    0.0000000000E+00,    5.0234747148E+02
    242850,      0.676975,CP5_after_vdif,   1,    0.0000000000E+00,    5.0234747148E+02,    5.0234747148E+02,    0.0000000000E+00,    0.0000000000E+00,    0.0000000000E+00,    5.0234747148E+02
    242850,      0.676975,CP6_after_kinetics,   1,    0.0000000000E+00,    5.0234747148E+02,    5.0234747148E+02,    0.0000000000E+00,    0.0000000000E+00,    0.0000000000E+00,    5.0234747148E+02
    242850,      0.676975,CP7_after_upper_clamp,   1,    0.0000000000E+00,    5.0234747148E+02,    5.0234747148E+02,    0.0000000000E+00,    0.0000000000E+00,    0.0000000000E+00,    5.0234747148E+02
    242850,      0.676975,CP8_after_OBC,   1,    0.0000000000E+00,    5.0234747148E+02,    5.0234747148E+02,    0.0000000000E+00,    0.0000000000E+00,    0.0000000000E+00,    5.0234747148E+02
    242850,      0.676975,CP9_after_PTsource,   1,    0.0000000000E+00,    5.0234747148E+02,    5.0234747148E+02,    0.0000000000E+00,    0.0000000000E+00,    0.0000000000E+00,    5.0234747148E+02
    242850,      0.676975,CP10_after_neg_clamp,   1,    0.0000000000E+00,    5.0234747148E+02,    5.0234747148E+02,    0.0000000000E+00,    0.0000000000E+00,    0.0000000000E+00,    5.0234747148E+02
    242850,      0.676975,CP11_after_MPI,   1,    0.0000000000E+00,    5.0234747148E+02,    5.0234747148E+02,    0.0000000000E+00,    0.0000000000E+00,    0.0000000000E+00,    5.0234747148E+02
    242850,      0.676975,CP12_end,   1,    0.0000000000E+00,    5.0234747148E+02,    5.0234747148E+02,    0.0000000000E+00,    0.0000000000E+00,    0.0000000000E+00,    5.0234747148E+02
    242900,      0.676975,CP0_start,   1,    0.0000000000E+00,    5.0253575739E+02,    5.0253575739E+02,    0.0000000000E+00,    0.0000000000E+00,    0.0000000000E+00,    5.0253575739E+02
    242900,      0.676975,CP1_after_deposition,   1,    0.0000000000E+00,    5.0253575739E+02,    5.0253575739E+02,    0.0000000000E+00,    0.0000000000E+00,    0.0000000000E+00,    5.0253575739E+02
    242900,      0.676975,CP2_after_erosion,   1,    0.0000000000E+00,    5.0253575739E+02,    5.0253575739E+02,    0.0000000000E+00,    0.0000000000E+00,    0.0000000000E+00,    5.0253575739E+02
    242900,      0.676975,CP3_after_update_bottom,   1,    0.0000000000E+00,    5.0253575739E+02,    5.0253575739E+02,    0.0000000000E+00,    0.0000000000E+00,    0.0000000000E+00,    5.0253575739E+02
    242900,      0.676975,CP4_after_advection,   1,    0.0000000000E+00,    5.0252764765E+02,    5.0252764765E+02,    0.0000000000E+00,    0.0000000000E+00,    0.0000000000E+00,    5.0252764765E+02
    242900,      0.676975,CP5_after_vdif,   1,    0.0000000000E+00,    5.0252764765E+02,    5.0252764765E+02,    0.0000000000E+00,    0.0000000000E+00,    0.0000000000E+00,    5.0252764765E+02
    242900,      0.676975,CP6_after_kinetics,   1,    0.0000000000E+00,    5.0252764765E+02,    5.0252764765E+02,    0.0000000000E+00,    0.0000000000E+00,    0.0000000000E+00,    5.0252764765E+02
    242900,      0.676975,CP7_after_upper_clamp,   1,    0.0000000000E+00,    5.0252764765E+02,    5.0252764765E+02,    0.0000000000E+00,    0.0000000000E+00,    0.0000000000E+00,    5.0252764765E+02
    242900,      0.676975,CP8_after_OBC,   1,    0.0000000000E+00,    5.0252764765E+02,    5.0252764765E+02,    0.0000000000E+00,    0.0000000000E+00,    0.0000000000E+00,    5.0252764765E+02
    242900,      0.676975,CP9_after_PTsource,   1,    0.0000000000E+00,    5.0252764765E+02,    5.0252764765E+02,    0.0000000000E+00,    0.0000000000E+00,    0.0000000000E+00,    5.0252764765E+02
    242900,      0.676975,CP10_after_neg_clamp,   1,    0.0000000000E+00,    5.0252764765E+02,    5.0252764765E+02,    0.0000000000E+00,    0.0000000000E+00,    0.0000000000E+00,    5.0252764765E+02
    242900,      0.676975,CP11_after_MPI,   1,    0.0000000000E+00,    5.0252764765E+02,    5.0252764765E+02,    0.0000000000E+00,    0.0000000000E+00,    0.0000000000E+00,    5.0252764765E+02
    242900,      0.676975,CP12_end,   1,    0.0000000000E+00,    5.0252764765E+02,    5.0252764765E+02,    0.0000000000E+00,    0.0000000000E+00,    0.0000000000E+00,    5.0252764765E+02
    242950,      0.676975,CP0_start,   1,    0.0000000000E+00,    5.0271951680E+02,    5.0271951680E+02,    0.0000000000E+00,    0.0000000000E+00,    0.0000000000E+00,    5.0271951680E+02
    242950,      0.676975,CP1_after_deposition,   1,    0.0000000000E+00,    5.0271951680E+02,    5.0271951680E+02,    0.0000000000E+00,    0.0000000000E+00,    0.0000000000E+00,    5.0271951680E+02
    242950,      0.676975,CP2_after_erosion,   1,    0.0000000000E+00,    5.0271951680E+02,    5.0271951680E+02,    0.0000000000E+00,    0.0000000000E+00,    0.0000000000E+00,    5.0271951680E+02
    242950,      0.676975,CP3_after_update_bottom,   1,    0.0000000000E+00,    5.0271951680E+02,    5.0271951680E+02,    0.0000000000E+00,    0.0000000000E+00,    0.0000000000E+00,    5.0271951680E+02
    242950,      0.676975,CP4_after_advection,   1,    0.0000000000E+00,    5.0271103777E+02,    5.0271103777E+02,    0.0000000000E+00,    0.0000000000E+00,    0.0000000000E+00,    5.0271103777E+02
    242950,      0.676975,CP5_after_vdif,   1,    0.0000000000E+00,    5.0271103777E+02,    5.0271103777E+02,    0.0000000000E+00,    0.0000000000E+00,    0.0000000000E+00,    5.0271103777E+02
    242950,      0.676975,CP6_after_kinetics,   1,    0.0000000000E+00,    5.0271103777E+02,    5.0271103777E+02,    0.0000000000E+00,    0.0000000000E+00,    0.0000000000E+00,    5.0271103777E+02
    242950,      0.676975,CP7_after_upper_clamp,   1,    0.0000000000E+00,    5.0271103777E+02,    5.0271103777E+02,    0.0000000000E+00,    0.0000000000E+00,    0.0000000000E+00,    5.0271103777E+02
    242950,      0.676975,CP8_after_OBC,   1,    0.0000000000E+00,    5.0271103777E+02,    5.0271103777E+02,    0.0000000000E+00,    0.0000000000E+00,    0.0000000000E+00,    5.0271103777E+02
    242950,      0.676975,CP9_after_PTsource,   1,    0.0000000000E+00,    5.0271103777E+02,    5.0271103777E+02,    0.0000000000E+00,    0.0000000000E+00,    0.0000000000E+00,    5.0271103777E+02
    242950,      0.676975,CP10_after_neg_clamp,   1,    0.0000000000E+00,    5.0271103777E+02,    5.0271103777E+02,    0.0000000000E+00,    0.0000000000E+00,    0.0000000000E+00,    5.0271103777E+02
    242950,      0.676975,CP11_after_MPI,   1,    0.0000000000E+00,    5.0271103777E+02,    5.0271103777E+02,    0.0000000000E+00,    0.0000000000E+00,    0.0000000000E+00,    5.0271103777E+02
    242950,      0.676975,CP12_end,   1,    0.0000000000E+00,    5.0271103777E+02,    5.0271103777E+02,    0.0000000000E+00,    0.0000000000E+00,    0.0000000000E+00,    5.0271103777E+02
    243000,      0.676975,CP0_start,   1,    0.0000000000E+00,    5.0290578080E+02,    5.0290578080E+02,    0.0000000000E+00,    0.0000000000E+00,    0.0000000000E+00,    5.0290578080E+02
    243000,      0.676975,CP1_after_deposition,   1,    0.0000000000E+00,    5.0290578080E+02,    5.0290578080E+02,    0.0000000000E+00,    0.0000000000E+00,    0.0000000000E+00,    5.0290578080E+02
    243000,      0.676975,CP2_after_erosion,   1,    0.0000000000E+00,    5.0290578080E+02,    5.0290578080E+02,    0.0000000000E+00,    0.0000000000E+00,    0.0000000000E+00,    5.0290578080E+02
    243000,      0.676975,CP3_after_update_bottom,   1,    0.0000000000E+00,    5.0290578080E+02,    5.0290578080E+02,    0.0000000000E+00,    0.0000000000E+00,    0.0000000000E+00,    5.0290578080E+02
    243000,      0.676975,CP4_after_advection,   1,    0.0000000000E+00,    5.0289695206E+02,    5.0289695206E+02,    0.0000000000E+00,    0.0000000000E+00,    0.0000000000E+00,    5.0289695206E+02
    243000,      0.676975,CP5_after_vdif,   1,    0.0000000000E+00,    5.0289695206E+02,    5.0289695206E+02,    0.0000000000E+00,    0.0000000000E+00,    0.0000000000E+00,    5.0289695206E+02
    243000,      0.676975,CP6_after_kinetics,   1,    0.0000000000E+00,    5.0289695206E+02,    5.0289695206E+02,    0.0000000000E+00,    0.0000000000E+00,    0.0000000000E+00,    5.0289695206E+02
    243000,      0.676975,CP7_after_upper_clamp,   1,    0.0000000000E+00,    5.0289695206E+02,    5.0289695206E+02,    0.0000000000E+00,    0.0000000000E+00,    0.0000000000E+00,    5.0289695206E+02
    243000,      0.676975,CP8_after_OBC,   1,    0.0000000000E+00,    5.0289695206E+02,    5.0289695206E+02,    0.0000000000E+00,    0.0000000000E+00,    0.0000000000E+00,    5.0289695206E+02
    243000,      0.676975,CP9_after_PTsource,   1,    0.0000000000E+00,    5.0289695206E+02,    5.0289695206E+02,    0.0000000000E+00,    0.0000000000E+00,    0.0000000000E+00,    5.0289695206E+02
    243000,      0.676975,CP10_after_neg_clamp,   1,    0.0000000000E+00,    5.0289695206E+02,    5.0289695206E+02,    0.0000000000E+00,    0.0000000000E+00,    0.0000000000E+00,    5.0289695206E+02
    243000,      0.676975,CP11_after_MPI,   1,    0.0000000000E+00,    5.0289695206E+02,    5.0289695206E+02,    0.0000000000E+00,    0.0000000000E+00,    0.0000000000E+00,    5.0289695206E+02
    243000,      0.676975,CP12_end,   1,    0.0000000000E+00,    5.0289695206E+02,    5.0289695206E+02,    0.0000000000E+00,    0.0000000000E+00,    0.0000000000E+00,    5.0289695206E+02
    243050,      0.676975,CP0_start,   1,    0.0000000000E+00,    5.0309363357E+02,    5.0309363357E+02,    0.0000000000E+00,    0.0000000000E+00,    0.0000000000E+00,    5.0309363357E+02
    243050,      0.676975,CP1_after_deposition,   1,    0.0000000000E+00,    5.0309363357E+02,    5.0309363357E+02,    0.0000000000E+00,    0.0000000000E+00,    0.0000000000E+00,    5.0309363357E+02
    243050,      0.676975,CP2_after_erosion,   1,    0.0000000000E+00,    5.0309363357E+02,    5.0309363357E+02,    0.0000000000E+00,    0.0000000000E+00,    0.0000000000E+00,    5.0309363357E+02
    243050,      0.676975,CP3_after_update_bottom,   1,    0.0000000000E+00,    5.0309363357E+02,    5.0309363357E+02,    0.0000000000E+00,    0.0000000000E+00,    0.0000000000E+00,    5.0309363357E+02
    243050,      0.676975,CP4_after_advection,   1,    0.0000000000E+00,    5.0308443973E+02,    5.0308443973E+02,    0.0000000000E+00,    0.0000000000E+00,    0.0000000000E+00,    5.0308443973E+02
    243050,      0.676975,CP5_after_vdif,   1,    0.0000000000E+00,    5.0308443973E+02,    5.0308443973E+02,    0.0000000000E+00,    0.0000000000E+00,    0.0000000000E+00,    5.0308443973E+02
    243050,      0.676975,CP6_after_kinetics,   1,    0.0000000000E+00,    5.0308443973E+02,    5.0308443973E+02,    0.0000000000E+00,    0.0000000000E+00,    0.0000000000E+00,    5.0308443973E+02
    243050,      0.676975,CP7_after_upper_clamp,   1,    0.0000000000E+00,    5.0308443973E+02,    5.0308443973E+02,    0.0000000000E+00,    0.0000000000E+00,    0.0000000000E+00,    5.0308443973E+02
    243050,      0.676975,CP8_after_OBC,   1,    0.0000000000E+00,    5.0308443973E+02,    5.0308443973E+02,    0.0000000000E+00,    0.0000000000E+00,    0.0000000000E+00,    5.0308443973E+02
    243050,      0.676975,CP9_after_PTsource,   1,    0.0000000000E+00,    5.0308443973E+02,    5.0308443973E+02,    0.0000000000E+00,    0.0000000000E+00,    0.0000000000E+00,    5.0308443973E+02
    243050,      0.676975,CP10_after_neg_clamp,   1,    0.0000000000E+00,    5.0308443973E+02,    5.0308443973E+02,    0.0000000000E+00,    0.0000000000E+00,    0.0000000000E+00,    5.0308443973E+02
    243050,      0.676975,CP11_after_MPI,   1,    0.0000000000E+00,    5.0308443973E+02,    5.0308443973E+02,    0.0000000000E+00,    0.0000000000E+00,    0.0000000000E+00,    5.0308443973E+02
    243050,      0.676975,CP12_end,   1,    0.0000000000E+00,    5.0308443973E+02,    5.0308443973E+02,    0.0000000000E+00,    0.0000000000E+00,    0.0000000000E+00,    5.0308443973E+02
    243100,      0.676975,CP0_start,   1,    0.0000000000E+00,    5.0328186453E+02,    5.0328186453E+02,    0.0000000000E+00,    0.0000000000E+00,    0.0000000000E+00,    5.0328186453E+02
    243100,      0.676975,CP1_after_deposition,   1,    0.0000000000E+00,    5.0328186453E+02,    5.0328186453E+02,    0.0000000000E+00,    0.0000000000E+00,    0.0000000000E+00,    5.0328186453E+02
    243100,      0.676975,CP2_after_erosion,   1,    0.0000000000E+00,    5.0328186453E+02,    5.0328186453E+02,    0.0000000000E+00,    0.0000000000E+00,    0.0000000000E+00,    5.0328186453E+02
    243100,      0.676975,CP3_after_update_bottom,   1,    0.0000000000E+00,    5.0328186453E+02,    5.0328186453E+02,    0.0000000000E+00,    0.0000000000E+00,    0.0000000000E+00,    5.0328186453E+02
    243100,      0.676975,CP4_after_advection,   1,    0.0000000000E+00,    5.0327232707E+02,    5.0327232707E+02,    0.0000000000E+00,    0.0000000000E+00,    0.0000000000E+00,    5.0327232707E+02
    243100,      0.676975,CP5_after_vdif,   1,    0.0000000000E+00,    5.0327232707E+02,    5.0327232707E+02,    0.0000000000E+00,    0.0000000000E+00,    0.0000000000E+00,    5.0327232707E+02
    243100,      0.676975,CP6_after_kinetics,   1,    0.0000000000E+00,    5.0327232707E+02,    5.0327232707E+02,    0.0000000000E+00,    0.0000000000E+00,    0.0000000000E+00,    5.0327232707E+02
    243100,      0.676975,CP7_after_upper_clamp,   1,    0.0000000000E+00,    5.0327232707E+02,    5.0327232707E+02,    0.0000000000E+00,    0.0000000000E+00,    0.0000000000E+00,    5.0327232707E+02
    243100,      0.676975,CP8_after_OBC,   1,    0.0000000000E+00,    5.0327232707E+02,    5.0327232707E+02,    0.0000000000E+00,    0.0000000000E+00,    0.0000000000E+00,    5.0327232707E+02
    243100,      0.676975,CP9_after_PTsource,   1,    0.0000000000E+00,    5.0327232707E+02,    5.0327232707E+02,    0.0000000000E+00,    0.0000000000E+00,    0.0000000000E+00,    5.0327232707E+02
    243100,      0.676975,CP10_after_neg_clamp,   1,    0.0000000000E+00,    5.0327232707E+02,    5.0327232707E+02,    0.0000000000E+00,    0.0000000000E+00,    0.0000000000E+00,    5.0327232707E+02
    243100,      0.676975,CP11_after_MPI,   1,    0.0000000000E+00,    5.0327232707E+02,    5.0327232707E+02,    0.0000000000E+00,    0.0000000000E+00,    0.0000000000E+00,    5.0327232707E+02
    243100,      0.676975,CP12_end,   1,    0.0000000000E+00,    5.0327232707E+02,    5.0327232707E+02,    0.0000000000E+00,    0.0000000000E+00,    0.0000000000E+00,    5.0327232707E+02
    243150,      0.676975,CP0_start,   1,    0.0000000000E+00,    5.0347075206E+02,    5.0347075206E+02,    0.0000000000E+00,    0.0000000000E+00,    0.0000000000E+00,    5.0347075206E+02
    243150,      0.676975,CP1_after_deposition,   1,    0.0000000000E+00,    5.0347075206E+02,    5.0347075206E+02,    0.0000000000E+00,    0.0000000000E+00,    0.0000000000E+00,    5.0347075206E+02
    243150,      0.676975,CP2_after_erosion,   1,    0.0000000000E+00,    5.0347075206E+02,    5.0347075206E+02,    0.0000000000E+00,    0.0000000000E+00,    0.0000000000E+00,    5.0347075206E+02
    243150,      0.676975,CP3_after_update_bottom,   1,    0.0000000000E+00,    5.0347075206E+02,    5.0347075206E+02,    0.0000000000E+00,    0.0000000000E+00,    0.0000000000E+00,    5.0347075206E+02
    243150,      0.676975,CP4_after_advection,   1,    0.0000000000E+00,    5.0346090314E+02,    5.0346090314E+02,    0.0000000000E+00,    0.0000000000E+00,    0.0000000000E+00,    5.0346090314E+02
    243150,      0.676975,CP5_after_vdif,   1,    0.0000000000E+00,    5.0346090314E+02,    5.0346090314E+02,    0.0000000000E+00,    0.0000000000E+00,    0.0000000000E+00,    5.0346090314E+02
    243150,      0.676975,CP6_after_kinetics,   1,    0.0000000000E+00,    5.0346090314E+02,    5.0346090314E+02,    0.0000000000E+00,    0.0000000000E+00,    0.0000000000E+00,    5.0346090314E+02
    243150,      0.676975,CP7_after_upper_clamp,   1,    0.0000000000E+00,    5.0346090314E+02,    5.0346090314E+02,    0.0000000000E+00,    0.0000000000E+00,    0.0000000000E+00,    5.0346090314E+02
    243150,      0.676975,CP8_after_OBC,   1,    0.0000000000E+00,    5.0346090314E+02,    5.0346090314E+02,    0.0000000000E+00,    0.0000000000E+00,    0.0000000000E+00,    5.0346090314E+02
    243150,      0.676975,CP9_after_PTsource,   1,    0.0000000000E+00,    5.0346090314E+02,    5.0346090314E+02,    0.0000000000E+00,    0.0000000000E+00,    0.0000000000E+00,    5.0346090314E+02
    243150,      0.676975,CP10_after_neg_clamp,   1,    0.0000000000E+00,    5.0346090314E+02,    5.0346090314E+02,    0.0000000000E+00,    0.0000000000E+00,    0.0000000000E+00,    5.0346090314E+02
    243150,      0.676975,CP11_after_MPI,   1,    0.0000000000E+00,    5.0346090314E+02,    5.0346090314E+02,    0.0000000000E+00,    0.0000000000E+00,    0.0000000000E+00,    5.0346090314E+02
    243150,      0.676975,CP12_end,   1,    0.0000000000E+00,    5.0346090314E+02,    5.0346090314E+02,    0.0000000000E+00,    0.0000000000E+00,    0.0000000000E+00,    5.0346090314E+02
    243200,      0.676975,CP0_start,   1,    0.0000000000E+00,    5.0366176886E+02,    5.0366176886E+02,    0.0000000000E+00,    0.0000000000E+00,    0.0000000000E+00,    5.0366176886E+02
    243200,      0.676975,CP1_after_deposition,   1,    0.0000000000E+00,    5.0366176886E+02,    5.0366176886E+02,    0.0000000000E+00,    0.0000000000E+00,    0.0000000000E+00,    5.0366176886E+02
    243200,      0.676975,CP2_after_erosion,   1,    0.0000000000E+00,    5.0366176886E+02,    5.0366176886E+02,    0.0000000000E+00,    0.0000000000E+00,    0.0000000000E+00,    5.0366176886E+02
    243200,      0.676975,CP3_after_update_bottom,   1,    0.0000000000E+00,    5.0366176886E+02,    5.0366176886E+02,    0.0000000000E+00,    0.0000000000E+00,    0.0000000000E+00,    5.0366176886E+02
    243200,      0.676975,CP4_after_advection,   1,    0.0000000000E+00,    5.0365165809E+02,    5.0365165809E+02,    0.0000000000E+00,    0.0000000000E+00,    0.0000000000E+00,    5.0365165809E+02
    243200,      0.676975,CP5_after_vdif,   1,    0.0000000000E+00,    5.0365165809E+02,    5.0365165809E+02,    0.0000000000E+00,    0.0000000000E+00,    0.0000000000E+00,    5.0365165809E+02
    243200,      0.676975,CP6_after_kinetics,   1,    0.0000000000E+00,    5.0365165809E+02,    5.0365165809E+02,    0.0000000000E+00,    0.0000000000E+00,    0.0000000000E+00,    5.0365165809E+02
    243200,      0.676975,CP7_after_upper_clamp,   1,    0.0000000000E+00,    5.0365165809E+02,    5.0365165809E+02,    0.0000000000E+00,    0.0000000000E+00,    0.0000000000E+00,    5.0365165809E+02
    243200,      0.676975,CP8_after_OBC,   1,    0.0000000000E+00,    5.0365165809E+02,    5.0365165809E+02,    0.0000000000E+00,    0.0000000000E+00,    0.0000000000E+00,    5.0365165809E+02
    243200,      0.676975,CP9_after_PTsource,   1,    0.0000000000E+00,    5.0365165809E+02,    5.0365165809E+02,    0.0000000000E+00,    0.0000000000E+00,    0.0000000000E+00,    5.0365165809E+02
    243200,      0.676975,CP10_after_neg_clamp,   1,    0.0000000000E+00,    5.0365165809E+02,    5.0365165809E+02,    0.0000000000E+00,    0.0000000000E+00,    0.0000000000E+00,    5.0365165809E+02
    243200,      0.676975,CP11_after_MPI,   1,    0.0000000000E+00,    5.0365165809E+02,    5.0365165809E+02,    0.0000000000E+00,    0.0000000000E+00,    0.0000000000E+00,    5.0365165809E+02
    243200,      0.676975,CP12_end,   1,    0.0000000000E+00,    5.0365165809E+02,    5.0365165809E+02,    0.0000000000E+00,    0.0000000000E+00,    0.0000000000E+00,    5.0365165809E+02
    243250,      0.676975,CP0_start,   1,    0.0000000000E+00,    5.0385677750E+02,    5.0385677750E+02,    0.0000000000E+00,    0.0000000000E+00,    0.0000000000E+00,    5.0385677750E+02
    243250,      0.676975,CP1_after_deposition,   1,    0.0000000000E+00,    5.0385677750E+02,    5.0385677750E+02,    0.0000000000E+00,    0.0000000000E+00,    0.0000000000E+00,    5.0385677750E+02
    243250,      0.676975,CP2_after_erosion,   1,    0.0000000000E+00,    5.0385677750E+02,    5.0385677750E+02,    0.0000000000E+00,    0.0000000000E+00,    0.0000000000E+00,    5.0385677750E+02
    243250,      0.676975,CP3_after_update_bottom,   1,    0.0000000000E+00,    5.0385677750E+02,    5.0385677750E+02,    0.0000000000E+00,    0.0000000000E+00,    0.0000000000E+00,    5.0385677750E+02
    243250,      0.676975,CP4_after_advection,   1,    0.0000000000E+00,    5.0384645289E+02,    5.0384645289E+02,    0.0000000000E+00,    0.0000000000E+00,    0.0000000000E+00,    5.0384645289E+02
    243250,      0.676975,CP5_after_vdif,   1,    0.0000000000E+00,    5.0384645289E+02,    5.0384645289E+02,    0.0000000000E+00,    0.0000000000E+00,    0.0000000000E+00,    5.0384645289E+02
    243250,      0.676975,CP6_after_kinetics,   1,    0.0000000000E+00,    5.0384645289E+02,    5.0384645289E+02,    0.0000000000E+00,    0.0000000000E+00,    0.0000000000E+00,    5.0384645289E+02
    243250,      0.676975,CP7_after_upper_clamp,   1,    0.0000000000E+00,    5.0384645289E+02,    5.0384645289E+02,    0.0000000000E+00,    0.0000000000E+00,    0.0000000000E+00,    5.0384645289E+02
    243250,      0.676975,CP8_after_OBC,   1,    0.0000000000E+00,    5.0384645289E+02,    5.0384645289E+02,    0.0000000000E+00,    0.0000000000E+00,    0.0000000000E+00,    5.0384645289E+02
    243250,      0.676975,CP9_after_PTsource,   1,    0.0000000000E+00,    5.0384645289E+02,    5.0384645289E+02,    0.0000000000E+00,    0.0000000000E+00,    0.0000000000E+00,    5.0384645289E+02
    243250,      0.676975,CP10_after_neg_clamp,   1,    0.0000000000E+00,    5.0384645289E+02,    5.0384645289E+02,    0.0000000000E+00,    0.0000000000E+00,    0.0000000000E+00,    5.0384645289E+02
    243250,      0.676975,CP11_after_MPI,   1,    0.0000000000E+00,    5.0384645289E+02,    5.0384645289E+02,    0.0000000000E+00,    0.0000000000E+00,    0.0000000000E+00,    5.0384645289E+02
    243250,      0.676975,CP12_end,   1,    0.0000000000E+00,    5.0384645289E+02,    5.0384645289E+02,    0.0000000000E+00,    0.0000000000E+00,    0.0000000000E+00,    5.0384645289E+02
    243300,      0.676975,CP0_start,   1,    0.0000000000E+00,    5.0405750482E+02,    5.0405750482E+02,    0.0000000000E+00,    0.0000000000E+00,    0.0000000000E+00,    5.0405750482E+02
    243300,      0.676975,CP1_after_deposition,   1,    0.0000000000E+00,    5.0405750482E+02,    5.0405750482E+02,    0.0000000000E+00,    0.0000000000E+00,    0.0000000000E+00,    5.0405750482E+02
    243300,      0.676975,CP2_after_erosion,   1,    0.0000000000E+00,    5.0405750482E+02,    5.0405750482E+02,    0.0000000000E+00,    0.0000000000E+00,    0.0000000000E+00,    5.0405750482E+02
    243300,      0.676975,CP3_after_update_bottom,   1,    0.0000000000E+00,    5.0405750482E+02,    5.0405750482E+02,    0.0000000000E+00,    0.0000000000E+00,    0.0000000000E+00,    5.0405750482E+02
    243300,      0.676975,CP4_after_advection,   1,    0.0000000000E+00,    5.0404699210E+02,    5.0404699210E+02,    0.0000000000E+00,    0.0000000000E+00,    0.0000000000E+00,    5.0404699210E+02
    243300,      0.676975,CP5_after_vdif,   1,    0.0000000000E+00,    5.0404699210E+02,    5.0404699210E+02,    0.0000000000E+00,    0.0000000000E+00,    0.0000000000E+00,    5.0404699210E+02
    243300,      0.676975,CP6_after_kinetics,   1,    0.0000000000E+00,    5.0404699210E+02,    5.0404699210E+02,    0.0000000000E+00,    0.0000000000E+00,    0.0000000000E+00,    5.0404699210E+02
    243300,      0.676975,CP7_after_upper_clamp,   1,    0.0000000000E+00,    5.0404699210E+02,    5.0404699210E+02,    0.0000000000E+00,    0.0000000000E+00,    0.0000000000E+00,    5.0404699210E+02
    243300,      0.676975,CP8_after_OBC,   1,    0.0000000000E+00,    5.0404699210E+02,    5.0404699210E+02,    0.0000000000E+00,    0.0000000000E+00,    0.0000000000E+00,    5.0404699210E+02
    243300,      0.676975,CP9_after_PTsource,   1,    0.0000000000E+00,    5.0404699210E+02,    5.0404699210E+02,    0.0000000000E+00,    0.0000000000E+00,    0.0000000000E+00,    5.0404699210E+02
    243300,      0.676975,CP10_after_neg_clamp,   1,    0.0000000000E+00,    5.0404699210E+02,    5.0404699210E+02,    0.0000000000E+00,    0.0000000000E+00,    0.0000000000E+00,    5.0404699210E+02
    243300,      0.676975,CP11_after_MPI,   1,    0.0000000000E+00,    5.0404699210E+02,    5.0404699210E+02,    0.0000000000E+00,    0.0000000000E+00,    0.0000000000E+00,    5.0404699210E+02
    243300,      0.676975,CP12_end,   1,    0.0000000000E+00,    5.0404699210E+02,    5.0404699210E+02,    0.0000000000E+00,    0.0000000000E+00,    0.0000000000E+00,    5.0404699210E+02
    243350,      0.676975,CP0_start,   1,    0.0000000000E+00,    5.0426399971E+02,    5.0426399971E+02,    0.0000000000E+00,    0.0000000000E+00,    0.0000000000E+00,    5.0426399971E+02
    243350,      0.676975,CP1_after_deposition,   1,    0.0000000000E+00,    5.0426399971E+02,    5.0426399971E+02,    0.0000000000E+00,    0.0000000000E+00,    0.0000000000E+00,    5.0426399971E+02
    243350,      0.676975,CP2_after_erosion,   1,    0.0000000000E+00,    5.0426399971E+02,    5.0426399971E+02,    0.0000000000E+00,    0.0000000000E+00,    0.0000000000E+00,    5.0426399971E+02
    243350,      0.676975,CP3_after_update_bottom,   1,    0.0000000000E+00,    5.0426399971E+02,    5.0426399971E+02,    0.0000000000E+00,    0.0000000000E+00,    0.0000000000E+00,    5.0426399971E+02
    243350,      0.676975,CP4_after_advection,   1,    0.0000000000E+00,    5.0425327488E+02,    5.0425327488E+02,    0.0000000000E+00,    0.0000000000E+00,    0.0000000000E+00,    5.0425327488E+02
    243350,      0.676975,CP5_after_vdif,   1,    0.0000000000E+00,    5.0425327488E+02,    5.0425327488E+02,    0.0000000000E+00,    0.0000000000E+00,    0.0000000000E+00,    5.0425327488E+02
    243350,      0.676975,CP6_after_kinetics,   1,    0.0000000000E+00,    5.0425327488E+02,    5.0425327488E+02,    0.0000000000E+00,    0.0000000000E+00,    0.0000000000E+00,    5.0425327488E+02
    243350,      0.676975,CP7_after_upper_clamp,   1,    0.0000000000E+00,    5.0425327488E+02,    5.0425327488E+02,    0.0000000000E+00,    0.0000000000E+00,    0.0000000000E+00,    5.0425327488E+02
    243350,      0.676975,CP8_after_OBC,   1,    0.0000000000E+00,    5.0425327488E+02,    5.0425327488E+02,    0.0000000000E+00,    0.0000000000E+00,    0.0000000000E+00,    5.0425327488E+02
    243350,      0.676975,CP9_after_PTsource,   1,    0.0000000000E+00,    5.0425327488E+02,    5.0425327488E+02,    0.0000000000E+00,    0.0000000000E+00,    0.0000000000E+00,    5.0425327488E+02
    243350,      0.676975,CP10_after_neg_clamp,   1,    0.0000000000E+00,    5.0425327488E+02,    5.0425327488E+02,    0.0000000000E+00,    0.0000000000E+00,    0.0000000000E+00,    5.0425327488E+02
    243350,      0.676975,CP11_after_MPI,   1,    0.0000000000E+00,    5.0425327488E+02,    5.0425327488E+02,    0.0000000000E+00,    0.0000000000E+00,    0.0000000000E+00,    5.0425327488E+02
    243350,      0.676975,CP12_end,   1,    0.0000000000E+00,    5.0425327488E+02,    5.0425327488E+02,    0.0000000000E+00,    0.0000000000E+00,    0.0000000000E+00,    5.0425327488E+02
    243400,      0.676975,CP0_start,   1,    0.0000000000E+00,    5.0447519913E+02,    5.0447519913E+02,    0.0000000000E+00,    0.0000000000E+00,    0.0000000000E+00,    5.0447519913E+02
    243400,      0.676975,CP1_after_deposition,   1,    0.0000000000E+00,    5.0447519913E+02,    5.0447519913E+02,    0.0000000000E+00,    0.0000000000E+00,    0.0000000000E+00,    5.0447519913E+02
    243400,      0.676975,CP2_after_erosion,   1,    0.0000000000E+00,    5.0447519913E+02,    5.0447519913E+02,    0.0000000000E+00,    0.0000000000E+00,    0.0000000000E+00,    5.0447519913E+02
    243400,      0.676975,CP3_after_update_bottom,   1,    0.0000000000E+00,    5.0447519913E+02,    5.0447519913E+02,    0.0000000000E+00,    0.0000000000E+00,    0.0000000000E+00,    5.0447519913E+02
    243400,      0.676975,CP4_after_advection,   1,    0.0000000000E+00,    5.0446423168E+02,    5.0446423168E+02,    0.0000000000E+00,    0.0000000000E+00,    0.0000000000E+00,    5.0446423168E+02
    243400,      0.676975,CP5_after_vdif,   1,    0.0000000000E+00,    5.0446423168E+02,    5.0446423168E+02,    0.0000000000E+00,    0.0000000000E+00,    0.0000000000E+00,    5.0446423168E+02
    243400,      0.676975,CP6_after_kinetics,   1,    0.0000000000E+00,    5.0446423168E+02,    5.0446423168E+02,    0.0000000000E+00,    0.0000000000E+00,    0.0000000000E+00,    5.0446423168E+02
    243400,      0.676975,CP7_after_upper_clamp,   1,    0.0000000000E+00,    5.0446423168E+02,    5.0446423168E+02,    0.0000000000E+00,    0.0000000000E+00,    0.0000000000E+00,    5.0446423168E+02
    243400,      0.676975,CP8_after_OBC,   1,    0.0000000000E+00,    5.0446423168E+02,    5.0446423168E+02,    0.0000000000E+00,    0.0000000000E+00,    0.0000000000E+00,    5.0446423168E+02
    243400,      0.676975,CP9_after_PTsource,   1,    0.0000000000E+00,    5.0446423168E+02,    5.0446423168E+02,    0.0000000000E+00,    0.0000000000E+00,    0.0000000000E+00,    5.0446423168E+02
    243400,      0.676975,CP10_after_neg_clamp,   1,    0.0000000000E+00,    5.0446423168E+02,    5.0446423168E+02,    0.0000000000E+00,    0.0000000000E+00,    0.0000000000E+00,    5.0446423168E+02
    243400,      0.676975,CP11_after_MPI,   1,    0.0000000000E+00,    5.0446423168E+02,    5.0446423168E+02,    0.0000000000E+00,    0.0000000000E+00,    0.0000000000E+00,    5.0446423168E+02
    243400,      0.676975,CP12_end,   1,    0.0000000000E+00,    5.0446423168E+02,    5.0446423168E+02,    0.0000000000E+00,    0.0000000000E+00,    0.0000000000E+00,    5.0446423168E+02
    243450,      0.676975,CP0_start,   1,    0.0000000000E+00,    5.0469018806E+02,    5.0469018806E+02,    0.0000000000E+00,    0.0000000000E+00,    0.0000000000E+00,    5.0469018806E+02
    243450,      0.676975,CP1_after_deposition,   1,    0.0000000000E+00,    5.0469018806E+02,    5.0469018806E+02,    0.0000000000E+00,    0.0000000000E+00,    0.0000000000E+00,    5.0469018806E+02
    243450,      0.676975,CP2_after_erosion,   1,    0.0000000000E+00,    5.0469018806E+02,    5.0469018806E+02,    0.0000000000E+00,    0.0000000000E+00,    0.0000000000E+00,    5.0469018806E+02
    243450,      0.676975,CP3_after_update_bottom,   1,    0.0000000000E+00,    5.0469018806E+02,    5.0469018806E+02,    0.0000000000E+00,    0.0000000000E+00,    0.0000000000E+00,    5.0469018806E+02
    243450,      0.676975,CP4_after_advection,   1,    0.0000000000E+00,    5.0467896058E+02,    5.0467896058E+02,    0.0000000000E+00,    0.0000000000E+00,    0.0000000000E+00,    5.0467896058E+02
    243450,      0.676975,CP5_after_vdif,   1,    0.0000000000E+00,    5.0467896058E+02,    5.0467896058E+02,    0.0000000000E+00,    0.0000000000E+00,    0.0000000000E+00,    5.0467896058E+02
    243450,      0.676975,CP6_after_kinetics,   1,    0.0000000000E+00,    5.0467896058E+02,    5.0467896058E+02,    0.0000000000E+00,    0.0000000000E+00,    0.0000000000E+00,    5.0467896058E+02
    243450,      0.676975,CP7_after_upper_clamp,   1,    0.0000000000E+00,    5.0467896058E+02,    5.0467896058E+02,    0.0000000000E+00,    0.0000000000E+00,    0.0000000000E+00,    5.0467896058E+02
    243450,      0.676975,CP8_after_OBC,   1,    0.0000000000E+00,    5.0467896058E+02,    5.0467896058E+02,    0.0000000000E+00,    0.0000000000E+00,    0.0000000000E+00,    5.0467896058E+02
    243450,      0.676975,CP9_after_PTsource,   1,    0.0000000000E+00,    5.0467896058E+02,    5.0467896058E+02,    0.0000000000E+00,    0.0000000000E+00,    0.0000000000E+00,    5.0467896058E+02
    243450,      0.676975,CP10_after_neg_clamp,   1,    0.0000000000E+00,    5.0467896058E+02,    5.0467896058E+02,    0.0000000000E+00,    0.0000000000E+00,    0.0000000000E+00,    5.0467896058E+02
    243450,      0.676975,CP11_after_MPI,   1,    0.0000000000E+00,    5.0467896058E+02,    5.0467896058E+02,    0.0000000000E+00,    0.0000000000E+00,    0.0000000000E+00,    5.0467896058E+02
    243450,      0.676975,CP12_end,   1,    0.0000000000E+00,    5.0467896058E+02,    5.0467896058E+02,    0.0000000000E+00,    0.0000000000E+00,    0.0000000000E+00,    5.0467896058E+02
    243500,      0.676975,CP0_start,   1,    0.0000000000E+00,    5.0490708028E+02,    5.0490708028E+02,    0.0000000000E+00,    0.0000000000E+00,    0.0000000000E+00,    5.0490708028E+02
    243500,      0.676975,CP1_after_deposition,   1,    0.0000000000E+00,    5.0490708028E+02,    5.0490708028E+02,    0.0000000000E+00,    0.0000000000E+00,    0.0000000000E+00,    5.0490708028E+02
    243500,      0.676975,CP2_after_erosion,   1,    0.0000000000E+00,    5.0490708028E+02,    5.0490708028E+02,    0.0000000000E+00,    0.0000000000E+00,    0.0000000000E+00,    5.0490708028E+02
    243500,      0.676975,CP3_after_update_bottom,   1,    0.0000000000E+00,    5.0490708028E+02,    5.0490708028E+02,    0.0000000000E+00,    0.0000000000E+00,    0.0000000000E+00,    5.0490708028E+02
    243500,      0.676975,CP4_after_advection,   1,    0.0000000000E+00,    5.0489552334E+02,    5.0489552334E+02,    0.0000000000E+00,    0.0000000000E+00,    0.0000000000E+00,    5.0489552334E+02
    243500,      0.676975,CP5_after_vdif,   1,    0.0000000000E+00,    5.0489552334E+02,    5.0489552334E+02,    0.0000000000E+00,    0.0000000000E+00,    0.0000000000E+00,    5.0489552334E+02
    243500,      0.676975,CP6_after_kinetics,   1,    0.0000000000E+00,    5.0489552334E+02,    5.0489552334E+02,    0.0000000000E+00,    0.0000000000E+00,    0.0000000000E+00,    5.0489552334E+02
    243500,      0.676975,CP7_after_upper_clamp,   1,    0.0000000000E+00,    5.0489552334E+02,    5.0489552334E+02,    0.0000000000E+00,    0.0000000000E+00,    0.0000000000E+00,    5.0489552334E+02
    243500,      0.676975,CP8_after_OBC,   1,    0.0000000000E+00,    5.0489552334E+02,    5.0489552334E+02,    0.0000000000E+00,    0.0000000000E+00,    0.0000000000E+00,    5.0489552334E+02
    243500,      0.676975,CP9_after_PTsource,   1,    0.0000000000E+00,    5.0489552334E+02,    5.0489552334E+02,    0.0000000000E+00,    0.0000000000E+00,    0.0000000000E+00,    5.0489552334E+02
    243500,      0.676975,CP10_after_neg_clamp,   1,    0.0000000000E+00,    5.0489552334E+02,    5.0489552334E+02,    0.0000000000E+00,    0.0000000000E+00,    0.0000000000E+00,    5.0489552334E+02
    243500,      0.676975,CP11_after_MPI,   1,    0.0000000000E+00,    5.0489552334E+02,    5.0489552334E+02,    0.0000000000E+00,    0.0000000000E+00,    0.0000000000E+00,    5.0489552334E+02
    243500,      0.676975,CP12_end,   1,    0.0000000000E+00,    5.0489552334E+02,    5.0489552334E+02,    0.0000000000E+00,    0.0000000000E+00,    0.0000000000E+00,    5.0489552334E+02
    243550,      0.676975,CP0_start,   1,    0.0000000000E+00,    5.0512293567E+02,    5.0512293567E+02,    0.0000000000E+00,    0.0000000000E+00,    0.0000000000E+00,    5.0512293567E+02
    243550,      0.676975,CP1_after_deposition,   1,    0.0000000000E+00,    5.0512293567E+02,    5.0512293567E+02,    0.0000000000E+00,    0.0000000000E+00,    0.0000000000E+00,    5.0512293567E+02
    243550,      0.676975,CP2_after_erosion,   1,    0.0000000000E+00,    5.0512293567E+02,    5.0512293567E+02,    0.0000000000E+00,    0.0000000000E+00,    0.0000000000E+00,    5.0512293567E+02
    243550,      0.676975,CP3_after_update_bottom,   1,    0.0000000000E+00,    5.0512293567E+02,    5.0512293567E+02,    0.0000000000E+00,    0.0000000000E+00,    0.0000000000E+00,    5.0512293567E+02
    243550,      0.676975,CP4_after_advection,   1,    0.0000000000E+00,    5.0511098970E+02,    5.0511098970E+02,    0.0000000000E+00,    0.0000000000E+00,    0.0000000000E+00,    5.0511098970E+02
    243550,      0.676975,CP5_after_vdif,   1,    0.0000000000E+00,    5.0511098970E+02,    5.0511098970E+02,    0.0000000000E+00,    0.0000000000E+00,    0.0000000000E+00,    5.0511098970E+02
    243550,      0.676975,CP6_after_kinetics,   1,    0.0000000000E+00,    5.0511098970E+02,    5.0511098970E+02,    0.0000000000E+00,    0.0000000000E+00,    0.0000000000E+00,    5.0511098970E+02
    243550,      0.676975,CP7_after_upper_clamp,   1,    0.0000000000E+00,    5.0511098970E+02,    5.0511098970E+02,    0.0000000000E+00,    0.0000000000E+00,    0.0000000000E+00,    5.0511098970E+02
    243550,      0.676975,CP8_after_OBC,   1,    0.0000000000E+00,    5.0511098970E+02,    5.0511098970E+02,    0.0000000000E+00,    0.0000000000E+00,    0.0000000000E+00,    5.0511098970E+02
    243550,      0.676975,CP9_after_PTsource,   1,    0.0000000000E+00,    5.0511098970E+02,    5.0511098970E+02,    0.0000000000E+00,    0.0000000000E+00,    0.0000000000E+00,    5.0511098970E+02
    243550,      0.676975,CP10_after_neg_clamp,   1,    0.0000000000E+00,    5.0511098970E+02,    5.0511098970E+02,    0.0000000000E+00,    0.0000000000E+00,    0.0000000000E+00,    5.0511098970E+02
    243550,      0.676975,CP11_after_MPI,   1,    0.0000000000E+00,    5.0511098970E+02,    5.0511098970E+02,    0.0000000000E+00,    0.0000000000E+00,    0.0000000000E+00,    5.0511098970E+02
    243550,      0.676975,CP12_end,   1,    0.0000000000E+00,    5.0511098970E+02,    5.0511098970E+02,    0.0000000000E+00,    0.0000000000E+00,    0.0000000000E+00,    5.0511098970E+02
    243600,      0.676975,CP0_start,   1,    0.0000000000E+00,    5.0533500621E+02,    5.0533500621E+02,    0.0000000000E+00,    0.0000000000E+00,    0.0000000000E+00,    5.0533500621E+02
    243600,      0.676975,CP1_after_deposition,   1,    0.0000000000E+00,    5.0533500621E+02,    5.0533500621E+02,    0.0000000000E+00,    0.0000000000E+00,    0.0000000000E+00,    5.0533500621E+02
    243600,      0.676975,CP2_after_erosion,   1,    0.0000000000E+00,    5.0533500621E+02,    5.0533500621E+02,    0.0000000000E+00,    0.0000000000E+00,    0.0000000000E+00,    5.0533500621E+02
    243600,      0.676975,CP3_after_update_bottom,   1,    0.0000000000E+00,    5.0533500621E+02,    5.0533500621E+02,    0.0000000000E+00,    0.0000000000E+00,    0.0000000000E+00,    5.0533500621E+02
    243600,      0.676975,CP4_after_advection,   1,    0.0000000000E+00,    5.0532260762E+02,    5.0532260762E+02,    0.0000000000E+00,    0.0000000000E+00,    0.0000000000E+00,    5.0532260762E+02
    243600,      0.676975,CP5_after_vdif,   1,    0.0000000000E+00,    5.0532260762E+02,    5.0532260762E+02,    0.0000000000E+00,    0.0000000000E+00,    0.0000000000E+00,    5.0532260762E+02
    243600,      0.676975,CP6_after_kinetics,   1,    0.0000000000E+00,    5.0532260762E+02,    5.0532260762E+02,    0.0000000000E+00,    0.0000000000E+00,    0.0000000000E+00,    5.0532260762E+02
    243600,      0.676975,CP7_after_upper_clamp,   1,    0.0000000000E+00,    5.0532260762E+02,    5.0532260762E+02,    0.0000000000E+00,    0.0000000000E+00,    0.0000000000E+00,    5.0532260762E+02
    243600,      0.676975,CP8_after_OBC,   1,    0.0000000000E+00,    5.0532260762E+02,    5.0532260762E+02,    0.0000000000E+00,    0.0000000000E+00,    0.0000000000E+00,    5.0532260762E+02
    243600,      0.676975,CP9_after_PTsource,   1,    0.0000000000E+00,    5.0532260762E+02,    5.0532260762E+02,    0.0000000000E+00,    0.0000000000E+00,    0.0000000000E+00,    5.0532260762E+02
    243600,      0.676975,CP10_after_neg_clamp,   1,    0.0000000000E+00,    5.0532260762E+02,    5.0532260762E+02,    0.0000000000E+00,    0.0000000000E+00,    0.0000000000E+00,    5.0532260762E+02
    243600,      0.676975,CP11_after_MPI,   1,    0.0000000000E+00,    5.0532260762E+02,    5.0532260762E+02,    0.0000000000E+00,    0.0000000000E+00,    0.0000000000E+00,    5.0532260762E+02
    243600,      0.676975,CP12_end,   1,    0.0000000000E+00,    5.0532260762E+02,    5.0532260762E+02,    0.0000000000E+00,    0.0000000000E+00,    0.0000000000E+00,    5.0532260762E+02
    243650,      0.676975,CP0_start,   1,    0.0000000000E+00,    5.0553945480E+02,    5.0553945480E+02,    0.0000000000E+00,    0.0000000000E+00,    0.0000000000E+00,    5.0553945480E+02
    243650,      0.676975,CP1_after_deposition,   1,    0.0000000000E+00,    5.0553945480E+02,    5.0553945480E+02,    0.0000000000E+00,    0.0000000000E+00,    0.0000000000E+00,    5.0553945480E+02
    243650,      0.676975,CP2_after_erosion,   1,    0.0000000000E+00,    5.0553945480E+02,    5.0553945480E+02,    0.0000000000E+00,    0.0000000000E+00,    0.0000000000E+00,    5.0553945480E+02
    243650,      0.676975,CP3_after_update_bottom,   1,    0.0000000000E+00,    5.0553945480E+02,    5.0553945480E+02,    0.0000000000E+00,    0.0000000000E+00,    0.0000000000E+00,    5.0553945480E+02
    243650,      0.676975,CP4_after_advection,   1,    0.0000000000E+00,    5.0552651786E+02,    5.0552651786E+02,    0.0000000000E+00,    0.0000000000E+00,    0.0000000000E+00,    5.0552651786E+02
    243650,      0.676975,CP5_after_vdif,   1,    0.0000000000E+00,    5.0552651786E+02,    5.0552651786E+02,    0.0000000000E+00,    0.0000000000E+00,    0.0000000000E+00,    5.0552651786E+02
    243650,      0.676975,CP6_after_kinetics,   1,    0.0000000000E+00,    5.0552651786E+02,    5.0552651786E+02,    0.0000000000E+00,    0.0000000000E+00,    0.0000000000E+00,    5.0552651786E+02
    243650,      0.676975,CP7_after_upper_clamp,   1,    0.0000000000E+00,    5.0552651786E+02,    5.0552651786E+02,    0.0000000000E+00,    0.0000000000E+00,    0.0000000000E+00,    5.0552651786E+02
    243650,      0.676975,CP8_after_OBC,   1,    0.0000000000E+00,    5.0552651786E+02,    5.0552651786E+02,    0.0000000000E+00,    0.0000000000E+00,    0.0000000000E+00,    5.0552651786E+02
    243650,      0.676975,CP9_after_PTsource,   1,    0.0000000000E+00,    5.0552651786E+02,    5.0552651786E+02,    0.0000000000E+00,    0.0000000000E+00,    0.0000000000E+00,    5.0552651786E+02
    243650,      0.676975,CP10_after_neg_clamp,   1,    0.0000000000E+00,    5.0552651786E+02,    5.0552651786E+02,    0.0000000000E+00,    0.0000000000E+00,    0.0000000000E+00,    5.0552651786E+02
    243650,      0.676975,CP11_after_MPI,   1,    0.0000000000E+00,    5.0552651786E+02,    5.0552651786E+02,    0.0000000000E+00,    0.0000000000E+00,    0.0000000000E+00,    5.0552651786E+02
    243650,      0.676975,CP12_end,   1,    0.0000000000E+00,    5.0552651786E+02,    5.0552651786E+02,    0.0000000000E+00,    0.0000000000E+00,    0.0000000000E+00,    5.0552651786E+02
    243700,      0.676975,CP0_start,   1,    0.0000000000E+00,    5.0573135199E+02,    5.0573135199E+02,    0.0000000000E+00,    0.0000000000E+00,    0.0000000000E+00,    5.0573135199E+02
    243700,      0.676975,CP1_after_deposition,   1,    0.0000000000E+00,    5.0573135199E+02,    5.0573135199E+02,    0.0000000000E+00,    0.0000000000E+00,    0.0000000000E+00,    5.0573135199E+02
    243700,      0.676975,CP2_after_erosion,   1,    0.0000000000E+00,    5.0573135199E+02,    5.0573135199E+02,    0.0000000000E+00,    0.0000000000E+00,    0.0000000000E+00,    5.0573135199E+02
    243700,      0.676975,CP3_after_update_bottom,   1,    0.0000000000E+00,    5.0573135199E+02,    5.0573135199E+02,    0.0000000000E+00,    0.0000000000E+00,    0.0000000000E+00,    5.0573135199E+02
    243700,      0.676975,CP4_after_advection,   1,    0.0000000000E+00,    5.0571782197E+02,    5.0571782197E+02,    0.0000000000E+00,    0.0000000000E+00,    0.0000000000E+00,    5.0571782197E+02
    243700,      0.676975,CP5_after_vdif,   1,    0.0000000000E+00,    5.0571782197E+02,    5.0571782197E+02,    0.0000000000E+00,    0.0000000000E+00,    0.0000000000E+00,    5.0571782197E+02
    243700,      0.676975,CP6_after_kinetics,   1,    0.0000000000E+00,    5.0571782197E+02,    5.0571782197E+02,    0.0000000000E+00,    0.0000000000E+00,    0.0000000000E+00,    5.0571782197E+02
    243700,      0.676975,CP7_after_upper_clamp,   1,    0.0000000000E+00,    5.0571782197E+02,    5.0571782197E+02,    0.0000000000E+00,    0.0000000000E+00,    0.0000000000E+00,    5.0571782197E+02
    243700,      0.676975,CP8_after_OBC,   1,    0.0000000000E+00,    5.0571782197E+02,    5.0571782197E+02,    0.0000000000E+00,    0.0000000000E+00,    0.0000000000E+00,    5.0571782197E+02
    243700,      0.676975,CP9_after_PTsource,   1,    0.0000000000E+00,    5.0571782197E+02,    5.0571782197E+02,    0.0000000000E+00,    0.0000000000E+00,    0.0000000000E+00,    5.0571782197E+02
    243700,      0.676975,CP10_after_neg_clamp,   1,    0.0000000000E+00,    5.0571782197E+02,    5.0571782197E+02,    0.0000000000E+00,    0.0000000000E+00,    0.0000000000E+00,    5.0571782197E+02
    243700,      0.676975,CP11_after_MPI,   1,    0.0000000000E+00,    5.0571782197E+02,    5.0571782197E+02,    0.0000000000E+00,    0.0000000000E+00,    0.0000000000E+00,    5.0571782197E+02
    243700,      0.676975,CP12_end,   1,    0.0000000000E+00,    5.0571782197E+02,    5.0571782197E+02,    0.0000000000E+00,    0.0000000000E+00,    0.0000000000E+00,    5.0571782197E+02
    243750,      0.676975,CP0_start,   1,    0.0000000000E+00,    5.0591129845E+02,    5.0591129845E+02,    0.0000000000E+00,    0.0000000000E+00,    0.0000000000E+00,    5.0591129845E+02
    243750,      0.676975,CP1_after_deposition,   1,    0.0000000000E+00,    5.0591129845E+02,    5.0591129845E+02,    0.0000000000E+00,    0.0000000000E+00,    0.0000000000E+00,    5.0591129845E+02
    243750,      0.676975,CP2_after_erosion,   1,    0.0000000000E+00,    5.0591129845E+02,    5.0591129845E+02,    0.0000000000E+00,    0.0000000000E+00,    0.0000000000E+00,    5.0591129845E+02
    243750,      0.676975,CP3_after_update_bottom,   1,    0.0000000000E+00,    5.0591129845E+02,    5.0591129845E+02,    0.0000000000E+00,    0.0000000000E+00,    0.0000000000E+00,    5.0591129845E+02
    243750,      0.676975,CP4_after_advection,   1,    0.0000000000E+00,    5.0589726047E+02,    5.0589726047E+02,    0.0000000000E+00,    0.0000000000E+00,    0.0000000000E+00,    5.0589726047E+02
    243750,      0.676975,CP5_after_vdif,   1,    0.0000000000E+00,    5.0589726047E+02,    5.0589726047E+02,    0.0000000000E+00,    0.0000000000E+00,    0.0000000000E+00,    5.0589726047E+02
    243750,      0.676975,CP6_after_kinetics,   1,    0.0000000000E+00,    5.0589726047E+02,    5.0589726047E+02,    0.0000000000E+00,    0.0000000000E+00,    0.0000000000E+00,    5.0589726047E+02
    243750,      0.676975,CP7_after_upper_clamp,   1,    0.0000000000E+00,    5.0589726047E+02,    5.0589726047E+02,    0.0000000000E+00,    0.0000000000E+00,    0.0000000000E+00,    5.0589726047E+02
    243750,      0.676975,CP8_after_OBC,   1,    0.0000000000E+00,    5.0589726047E+02,    5.0589726047E+02,    0.0000000000E+00,    0.0000000000E+00,    0.0000000000E+00,    5.0589726047E+02
    243750,      0.676975,CP9_after_PTsource,   1,    0.0000000000E+00,    5.0589726047E+02,    5.0589726047E+02,    0.0000000000E+00,    0.0000000000E+00,    0.0000000000E+00,    5.0589726047E+02
    243750,      0.676975,CP10_after_neg_clamp,   1,    0.0000000000E+00,    5.0589726047E+02,    5.0589726047E+02,    0.0000000000E+00,    0.0000000000E+00,    0.0000000000E+00,    5.0589726047E+02
    243750,      0.676975,CP11_after_MPI,   1,    0.0000000000E+00,    5.0589726047E+02,    5.0589726047E+02,    0.0000000000E+00,    0.0000000000E+00,    0.0000000000E+00,    5.0589726047E+02
    243750,      0.676975,CP12_end,   1,    0.0000000000E+00,    5.0589726047E+02,    5.0589726047E+02,    0.0000000000E+00,    0.0000000000E+00,    0.0000000000E+00,    5.0589726047E+02
    243800,      0.676975,CP0_start,   1,    0.0000000000E+00,    5.0608546935E+02,    5.0608546935E+02,    0.0000000000E+00,    0.0000000000E+00,    0.0000000000E+00,    5.0608546935E+02
    243800,      0.676975,CP1_after_deposition,   1,    0.0000000000E+00,    5.0608546935E+02,    5.0608546935E+02,    0.0000000000E+00,    0.0000000000E+00,    0.0000000000E+00,    5.0608546935E+02
    243800,      0.676975,CP2_after_erosion,   1,    0.0000000000E+00,    5.0608546935E+02,    5.0608546935E+02,    0.0000000000E+00,    0.0000000000E+00,    0.0000000000E+00,    5.0608546935E+02
    243800,      0.676975,CP3_after_update_bottom,   1,    0.0000000000E+00,    5.0608546935E+02,    5.0608546935E+02,    0.0000000000E+00,    0.0000000000E+00,    0.0000000000E+00,    5.0608546935E+02
    243800,      0.676975,CP4_after_advection,   1,    0.0000000000E+00,    5.0607106194E+02,    5.0607106194E+02,    0.0000000000E+00,    0.0000000000E+00,    0.0000000000E+00,    5.0607106194E+02
    243800,      0.676975,CP5_after_vdif,   1,    0.0000000000E+00,    5.0607106194E+02,    5.0607106194E+02,    0.0000000000E+00,    0.0000000000E+00,    0.0000000000E+00,    5.0607106194E+02
    243800,      0.676975,CP6_after_kinetics,   1,    0.0000000000E+00,    5.0607106194E+02,    5.0607106194E+02,    0.0000000000E+00,    0.0000000000E+00,    0.0000000000E+00,    5.0607106194E+02
    243800,      0.676975,CP7_after_upper_clamp,   1,    0.0000000000E+00,    5.0607106194E+02,    5.0607106194E+02,    0.0000000000E+00,    0.0000000000E+00,    0.0000000000E+00,    5.0607106194E+02
    243800,      0.676975,CP8_after_OBC,   1,    0.0000000000E+00,    5.0607106194E+02,    5.0607106194E+02,    0.0000000000E+00,    0.0000000000E+00,    0.0000000000E+00,    5.0607106194E+02
    243800,      0.676975,CP9_after_PTsource,   1,    0.0000000000E+00,    5.0607106194E+02,    5.0607106194E+02,    0.0000000000E+00,    0.0000000000E+00,    0.0000000000E+00,    5.0607106194E+02
    243800,      0.676975,CP10_after_neg_clamp,   1,    0.0000000000E+00,    5.0607106194E+02,    5.0607106194E+02,    0.0000000000E+00,    0.0000000000E+00,    0.0000000000E+00,    5.0607106194E+02
    243800,      0.676975,CP11_after_MPI,   1,    0.0000000000E+00,    5.0607106194E+02,    5.0607106194E+02,    0.0000000000E+00,    0.0000000000E+00,    0.0000000000E+00,    5.0607106194E+02
    243800,      0.676975,CP12_end,   1,    0.0000000000E+00,    5.0607106194E+02,    5.0607106194E+02,    0.0000000000E+00,    0.0000000000E+00,    0.0000000000E+00,    5.0607106194E+02
    243850,      0.676975,CP0_start,   1,    0.0000000000E+00,    5.0625659585E+02,    5.0625659585E+02,    0.0000000000E+00,    0.0000000000E+00,    0.0000000000E+00,    5.0625659585E+02
    243850,      0.676975,CP1_after_deposition,   1,    0.0000000000E+00,    5.0625659585E+02,    5.0625659585E+02,    0.0000000000E+00,    0.0000000000E+00,    0.0000000000E+00,    5.0625659585E+02
    243850,      0.676975,CP2_after_erosion,   1,    0.0000000000E+00,    5.0625659585E+02,    5.0625659585E+02,    0.0000000000E+00,    0.0000000000E+00,    0.0000000000E+00,    5.0625659585E+02
    243850,      0.676975,CP3_after_update_bottom,   1,    0.0000000000E+00,    5.0625659585E+02,    5.0625659585E+02,    0.0000000000E+00,    0.0000000000E+00,    0.0000000000E+00,    5.0625659585E+02
    243850,      0.676975,CP4_after_advection,   1,    0.0000000000E+00,    5.0624178417E+02,    5.0624178417E+02,    0.0000000000E+00,    0.0000000000E+00,    0.0000000000E+00,    5.0624178417E+02
    243850,      0.676975,CP5_after_vdif,   1,    0.0000000000E+00,    5.0624178417E+02,    5.0624178417E+02,    0.0000000000E+00,    0.0000000000E+00,    0.0000000000E+00,    5.0624178417E+02
    243850,      0.676975,CP6_after_kinetics,   1,    0.0000000000E+00,    5.0624178417E+02,    5.0624178417E+02,    0.0000000000E+00,    0.0000000000E+00,    0.0000000000E+00,    5.0624178417E+02
    243850,      0.676975,CP7_after_upper_clamp,   1,    0.0000000000E+00,    5.0624178417E+02,    5.0624178417E+02,    0.0000000000E+00,    0.0000000000E+00,    0.0000000000E+00,    5.0624178417E+02
    243850,      0.676975,CP8_after_OBC,   1,    0.0000000000E+00,    5.0624178417E+02,    5.0624178417E+02,    0.0000000000E+00,    0.0000000000E+00,    0.0000000000E+00,    5.0624178417E+02
    243850,      0.676975,CP9_after_PTsource,   1,    0.0000000000E+00,    5.0624178417E+02,    5.0624178417E+02,    0.0000000000E+00,    0.0000000000E+00,    0.0000000000E+00,    5.0624178417E+02
    243850,      0.676975,CP10_after_neg_clamp,   1,    0.0000000000E+00,    5.0624178417E+02,    5.0624178417E+02,    0.0000000000E+00,    0.0000000000E+00,    0.0000000000E+00,    5.0624178417E+02
    243850,      0.676975,CP11_after_MPI,   1,    0.0000000000E+00,    5.0624178417E+02,    5.0624178417E+02,    0.0000000000E+00,    0.0000000000E+00,    0.0000000000E+00,    5.0624178417E+02
    243850,      0.676975,CP12_end,   1,    0.0000000000E+00,    5.0624178417E+02,    5.0624178417E+02,    0.0000000000E+00,    0.0000000000E+00,    0.0000000000E+00,    5.0624178417E+02
    243900,      0.676975,CP0_start,   1,    0.0000000000E+00,    5.0642072592E+02,    5.0642072592E+02,    0.0000000000E+00,    0.0000000000E+00,    0.0000000000E+00,    5.0642072592E+02
    243900,      0.676975,CP1_after_deposition,   1,    0.0000000000E+00,    5.0642072592E+02,    5.0642072592E+02,    0.0000000000E+00,    0.0000000000E+00,    0.0000000000E+00,    5.0642072592E+02
    243900,      0.676975,CP2_after_erosion,   1,    0.0000000000E+00,    5.0642072592E+02,    5.0642072592E+02,    0.0000000000E+00,    0.0000000000E+00,    0.0000000000E+00,    5.0642072592E+02
    243900,      0.676975,CP3_after_update_bottom,   1,    0.0000000000E+00,    5.0642072592E+02,    5.0642072592E+02,    0.0000000000E+00,    0.0000000000E+00,    0.0000000000E+00,    5.0642072592E+02
    243900,      0.676975,CP4_after_advection,   1,    0.0000000000E+00,    5.0640544820E+02,    5.0640544820E+02,    0.0000000000E+00,    0.0000000000E+00,    0.0000000000E+00,    5.0640544820E+02
    243900,      0.676975,CP5_after_vdif,   1,    0.0000000000E+00,    5.0640544820E+02,    5.0640544820E+02,    0.0000000000E+00,    0.0000000000E+00,    0.0000000000E+00,    5.0640544820E+02
    243900,      0.676975,CP6_after_kinetics,   1,    0.0000000000E+00,    5.0640544820E+02,    5.0640544820E+02,    0.0000000000E+00,    0.0000000000E+00,    0.0000000000E+00,    5.0640544820E+02
    243900,      0.676975,CP7_after_upper_clamp,   1,    0.0000000000E+00,    5.0640544820E+02,    5.0640544820E+02,    0.0000000000E+00,    0.0000000000E+00,    0.0000000000E+00,    5.0640544820E+02
    243900,      0.676975,CP8_after_OBC,   1,    0.0000000000E+00,    5.0640544820E+02,    5.0640544820E+02,    0.0000000000E+00,    0.0000000000E+00,    0.0000000000E+00,    5.0640544820E+02
    243900,      0.676975,CP9_after_PTsource,   1,    0.0000000000E+00,    5.0640544820E+02,    5.0640544820E+02,    0.0000000000E+00,    0.0000000000E+00,    0.0000000000E+00,    5.0640544820E+02
    243900,      0.676975,CP10_after_neg_clamp,   1,    0.0000000000E+00,    5.0640544820E+02,    5.0640544820E+02,    0.0000000000E+00,    0.0000000000E+00,    0.0000000000E+00,    5.0640544820E+02
    243900,      0.676975,CP11_after_MPI,   1,    0.0000000000E+00,    5.0640544820E+02,    5.0640544820E+02,    0.0000000000E+00,    0.0000000000E+00,    0.0000000000E+00,    5.0640544820E+02
    243900,      0.676975,CP12_end,   1,    0.0000000000E+00,    5.0640544820E+02,    5.0640544820E+02,    0.0000000000E+00,    0.0000000000E+00,    0.0000000000E+00,    5.0640544820E+02
    243950,      0.676975,CP0_start,   1,    0.0000000000E+00,    5.0657707674E+02,    5.0657707674E+02,    0.0000000000E+00,    0.0000000000E+00,    0.0000000000E+00,    5.0657707674E+02
    243950,      0.676975,CP1_after_deposition,   1,    0.0000000000E+00,    5.0657707674E+02,    5.0657707674E+02,    0.0000000000E+00,    0.0000000000E+00,    0.0000000000E+00,    5.0657707674E+02
    243950,      0.676975,CP2_after_erosion,   1,    0.0000000000E+00,    5.0657707674E+02,    5.0657707674E+02,    0.0000000000E+00,    0.0000000000E+00,    0.0000000000E+00,    5.0657707674E+02
    243950,      0.676975,CP3_after_update_bottom,   1,    0.0000000000E+00,    5.0657707674E+02,    5.0657707674E+02,    0.0000000000E+00,    0.0000000000E+00,    0.0000000000E+00,    5.0657707674E+02
    243950,      0.676975,CP4_after_advection,   1,    0.0000000000E+00,    5.0656142596E+02,    5.0656142596E+02,    0.0000000000E+00,    0.0000000000E+00,    0.0000000000E+00,    5.0656142596E+02
    243950,      0.676975,CP5_after_vdif,   1,    0.0000000000E+00,    5.0656142596E+02,    5.0656142596E+02,    0.0000000000E+00,    0.0000000000E+00,    0.0000000000E+00,    5.0656142596E+02
    243950,      0.676975,CP6_after_kinetics,   1,    0.0000000000E+00,    5.0656142596E+02,    5.0656142596E+02,    0.0000000000E+00,    0.0000000000E+00,    0.0000000000E+00,    5.0656142596E+02
    243950,      0.676975,CP7_after_upper_clamp,   1,    0.0000000000E+00,    5.0656142596E+02,    5.0656142596E+02,    0.0000000000E+00,    0.0000000000E+00,    0.0000000000E+00,    5.0656142596E+02
    243950,      0.676975,CP8_after_OBC,   1,    0.0000000000E+00,    5.0656142596E+02,    5.0656142596E+02,    0.0000000000E+00,    0.0000000000E+00,    0.0000000000E+00,    5.0656142596E+02
    243950,      0.676975,CP9_after_PTsource,   1,    0.0000000000E+00,    5.0656142596E+02,    5.0656142596E+02,    0.0000000000E+00,    0.0000000000E+00,    0.0000000000E+00,    5.0656142596E+02
    243950,      0.676975,CP10_after_neg_clamp,   1,    0.0000000000E+00,    5.0656142596E+02,    5.0656142596E+02,    0.0000000000E+00,    0.0000000000E+00,    0.0000000000E+00,    5.0656142596E+02
    243950,      0.676975,CP11_after_MPI,   1,    0.0000000000E+00,    5.0656142596E+02,    5.0656142596E+02,    0.0000000000E+00,    0.0000000000E+00,    0.0000000000E+00,    5.0656142596E+02
    243950,      0.676975,CP12_end,   1,    0.0000000000E+00,    5.0656142596E+02,    5.0656142596E+02,    0.0000000000E+00,    0.0000000000E+00,    0.0000000000E+00,    5.0656142596E+02
    244000,      0.676975,CP0_start,   1,    0.0000000000E+00,    5.0673003104E+02,    5.0673003104E+02,    0.0000000000E+00,    0.0000000000E+00,    0.0000000000E+00,    5.0673003104E+02
    244000,      0.676975,CP1_after_deposition,   1,    0.0000000000E+00,    5.0673003104E+02,    5.0673003104E+02,    0.0000000000E+00,    0.0000000000E+00,    0.0000000000E+00,    5.0673003104E+02
    244000,      0.676975,CP2_after_erosion,   1,    0.0000000000E+00,    5.0673003104E+02,    5.0673003104E+02,    0.0000000000E+00,    0.0000000000E+00,    0.0000000000E+00,    5.0673003104E+02
    244000,      0.676975,CP3_after_update_bottom,   1,    0.0000000000E+00,    5.0673003104E+02,    5.0673003104E+02,    0.0000000000E+00,    0.0000000000E+00,    0.0000000000E+00,    5.0673003104E+02
    244000,      0.676975,CP4_after_advection,   1,    0.0000000000E+00,    5.0671405900E+02,    5.0671405900E+02,    0.0000000000E+00,    0.0000000000E+00,    0.0000000000E+00,    5.0671405900E+02
    244000,      0.676975,CP5_after_vdif,   1,    0.0000000000E+00,    5.0671405900E+02,    5.0671405900E+02,    0.0000000000E+00,    0.0000000000E+00,    0.0000000000E+00,    5.0671405900E+02
    244000,      0.676975,CP6_after_kinetics,   1,    0.0000000000E+00,    5.0671405900E+02,    5.0671405900E+02,    0.0000000000E+00,    0.0000000000E+00,    0.0000000000E+00,    5.0671405900E+02
    244000,      0.676975,CP7_after_upper_clamp,   1,    0.0000000000E+00,    5.0671405900E+02,    5.0671405900E+02,    0.0000000000E+00,    0.0000000000E+00,    0.0000000000E+00,    5.0671405900E+02
    244000,      0.676975,CP8_after_OBC,   1,    0.0000000000E+00,    5.0671405900E+02,    5.0671405900E+02,    0.0000000000E+00,    0.0000000000E+00,    0.0000000000E+00,    5.0671405900E+02
    244000,      0.676975,CP9_after_PTsource,   1,    0.0000000000E+00,    5.0671405900E+02,    5.0671405900E+02,    0.0000000000E+00,    0.0000000000E+00,    0.0000000000E+00,    5.0671405900E+02
    244000,      0.676975,CP10_after_neg_clamp,   1,    0.0000000000E+00,    5.0671405900E+02,    5.0671405900E+02,    0.0000000000E+00,    0.0000000000E+00,    0.0000000000E+00,    5.0671405900E+02
    244000,      0.676975,CP11_after_MPI,   1,    0.0000000000E+00,    5.0671405900E+02,    5.0671405900E+02,    0.0000000000E+00,    0.0000000000E+00,    0.0000000000E+00,    5.0671405900E+02
    244000,      0.676975,CP12_end,   1,    0.0000000000E+00,    5.0671405900E+02,    5.0671405900E+02,    0.0000000000E+00,    0.0000000000E+00,    0.0000000000E+00,    5.0671405900E+02
    244050,      0.676975,CP0_start,   1,    0.0000000000E+00,    5.0688178539E+02,    5.0688178539E+02,    0.0000000000E+00,    0.0000000000E+00,    0.0000000000E+00,    5.0688178539E+02
    244050,      0.676975,CP1_after_deposition,   1,    0.0000000000E+00,    5.0688178539E+02,    5.0688178539E+02,    0.0000000000E+00,    0.0000000000E+00,    0.0000000000E+00,    5.0688178539E+02
    244050,      0.676975,CP2_after_erosion,   1,    0.0000000000E+00,    5.0688178539E+02,    5.0688178539E+02,    0.0000000000E+00,    0.0000000000E+00,    0.0000000000E+00,    5.0688178539E+02
    244050,      0.676975,CP3_after_update_bottom,   1,    0.0000000000E+00,    5.0688178539E+02,    5.0688178539E+02,    0.0000000000E+00,    0.0000000000E+00,    0.0000000000E+00,    5.0688178539E+02
    244050,      0.676975,CP4_after_advection,   1,    0.0000000000E+00,    5.0686556653E+02,    5.0686556653E+02,    0.0000000000E+00,    0.0000000000E+00,    0.0000000000E+00,    5.0686556653E+02
    244050,      0.676975,CP5_after_vdif,   1,    0.0000000000E+00,    5.0686556653E+02,    5.0686556653E+02,    0.0000000000E+00,    0.0000000000E+00,    0.0000000000E+00,    5.0686556653E+02
    244050,      0.676975,CP6_after_kinetics,   1,    0.0000000000E+00,    5.0686556653E+02,    5.0686556653E+02,    0.0000000000E+00,    0.0000000000E+00,    0.0000000000E+00,    5.0686556653E+02
    244050,      0.676975,CP7_after_upper_clamp,   1,    0.0000000000E+00,    5.0686556653E+02,    5.0686556653E+02,    0.0000000000E+00,    0.0000000000E+00,    0.0000000000E+00,    5.0686556653E+02
    244050,      0.676975,CP8_after_OBC,   1,    0.0000000000E+00,    5.0686556653E+02,    5.0686556653E+02,    0.0000000000E+00,    0.0000000000E+00,    0.0000000000E+00,    5.0686556653E+02
    244050,      0.676975,CP9_after_PTsource,   1,    0.0000000000E+00,    5.0686556653E+02,    5.0686556653E+02,    0.0000000000E+00,    0.0000000000E+00,    0.0000000000E+00,    5.0686556653E+02
    244050,      0.676975,CP10_after_neg_clamp,   1,    0.0000000000E+00,    5.0686556653E+02,    5.0686556653E+02,    0.0000000000E+00,    0.0000000000E+00,    0.0000000000E+00,    5.0686556653E+02
    244050,      0.676975,CP11_after_MPI,   1,    0.0000000000E+00,    5.0686556653E+02,    5.0686556653E+02,    0.0000000000E+00,    0.0000000000E+00,    0.0000000000E+00,    5.0686556653E+02
    244050,      0.676975,CP12_end,   1,    0.0000000000E+00,    5.0686556653E+02,    5.0686556653E+02,    0.0000000000E+00,    0.0000000000E+00,    0.0000000000E+00,    5.0686556653E+02
    244100,      0.676975,CP0_start,   1,    0.0000000000E+00,    5.0703541903E+02,    5.0703541903E+02,    0.0000000000E+00,    0.0000000000E+00,    0.0000000000E+00,    5.0703541903E+02
    244100,      0.676975,CP1_after_deposition,   1,    0.0000000000E+00,    5.0703541903E+02,    5.0703541903E+02,    0.0000000000E+00,    0.0000000000E+00,    0.0000000000E+00,    5.0703541903E+02
    244100,      0.676975,CP2_after_erosion,   1,    0.0000000000E+00,    5.0703541903E+02,    5.0703541903E+02,    0.0000000000E+00,    0.0000000000E+00,    0.0000000000E+00,    5.0703541903E+02
    244100,      0.676975,CP3_after_update_bottom,   1,    0.0000000000E+00,    5.0703541903E+02,    5.0703541903E+02,    0.0000000000E+00,    0.0000000000E+00,    0.0000000000E+00,    5.0703541903E+02
    244100,      0.676975,CP4_after_advection,   1,    0.0000000000E+00,    5.0701901641E+02,    5.0701901641E+02,    0.0000000000E+00,    0.0000000000E+00,    0.0000000000E+00,    5.0701901641E+02
    244100,      0.676975,CP5_after_vdif,   1,    0.0000000000E+00,    5.0701901641E+02,    5.0701901641E+02,    0.0000000000E+00,    0.0000000000E+00,    0.0000000000E+00,    5.0701901641E+02
    244100,      0.676975,CP6_after_kinetics,   1,    0.0000000000E+00,    5.0701901641E+02,    5.0701901641E+02,    0.0000000000E+00,    0.0000000000E+00,    0.0000000000E+00,    5.0701901641E+02
    244100,      0.676975,CP7_after_upper_clamp,   1,    0.0000000000E+00,    5.0701901641E+02,    5.0701901641E+02,    0.0000000000E+00,    0.0000000000E+00,    0.0000000000E+00,    5.0701901641E+02
    244100,      0.676975,CP8_after_OBC,   1,    0.0000000000E+00,    5.0701901641E+02,    5.0701901641E+02,    0.0000000000E+00,    0.0000000000E+00,    0.0000000000E+00,    5.0701901641E+02
    244100,      0.676975,CP9_after_PTsource,   1,    0.0000000000E+00,    5.0701901641E+02,    5.0701901641E+02,    0.0000000000E+00,    0.0000000000E+00,    0.0000000000E+00,    5.0701901641E+02
    244100,      0.676975,CP10_after_neg_clamp,   1,    0.0000000000E+00,    5.0701901641E+02,    5.0701901641E+02,    0.0000000000E+00,    0.0000000000E+00,    0.0000000000E+00,    5.0701901641E+02
    244100,      0.676975,CP11_after_MPI,   1,    0.0000000000E+00,    5.0701901641E+02,    5.0701901641E+02,    0.0000000000E+00,    0.0000000000E+00,    0.0000000000E+00,    5.0701901641E+02
    244100,      0.676975,CP12_end,   1,    0.0000000000E+00,    5.0701901641E+02,    5.0701901641E+02,    0.0000000000E+00,    0.0000000000E+00,    0.0000000000E+00,    5.0701901641E+02
    244150,      0.676975,CP0_start,   1,    0.0000000000E+00,    5.0719329516E+02,    5.0719329516E+02,    0.0000000000E+00,    0.0000000000E+00,    0.0000000000E+00,    5.0719329516E+02
    244150,      0.676975,CP1_after_deposition,   1,    0.0000000000E+00,    5.0719329516E+02,    5.0719329516E+02,    0.0000000000E+00,    0.0000000000E+00,    0.0000000000E+00,    5.0719329516E+02
    244150,      0.676975,CP2_after_erosion,   1,    0.0000000000E+00,    5.0719329516E+02,    5.0719329516E+02,    0.0000000000E+00,    0.0000000000E+00,    0.0000000000E+00,    5.0719329516E+02
    244150,      0.676975,CP3_after_update_bottom,   1,    0.0000000000E+00,    5.0719329516E+02,    5.0719329516E+02,    0.0000000000E+00,    0.0000000000E+00,    0.0000000000E+00,    5.0719329516E+02
    244150,      0.676975,CP4_after_advection,   1,    0.0000000000E+00,    5.0717678753E+02,    5.0717678753E+02,    0.0000000000E+00,    0.0000000000E+00,    0.0000000000E+00,    5.0717678753E+02
    244150,      0.676975,CP5_after_vdif,   1,    0.0000000000E+00,    5.0717678753E+02,    5.0717678753E+02,    0.0000000000E+00,    0.0000000000E+00,    0.0000000000E+00,    5.0717678753E+02
    244150,      0.676975,CP6_after_kinetics,   1,    0.0000000000E+00,    5.0717678753E+02,    5.0717678753E+02,    0.0000000000E+00,    0.0000000000E+00,    0.0000000000E+00,    5.0717678753E+02
    244150,      0.676975,CP7_after_upper_clamp,   1,    0.0000000000E+00,    5.0717678753E+02,    5.0717678753E+02,    0.0000000000E+00,    0.0000000000E+00,    0.0000000000E+00,    5.0717678753E+02
    244150,      0.676975,CP8_after_OBC,   1,    0.0000000000E+00,    5.0717678753E+02,    5.0717678753E+02,    0.0000000000E+00,    0.0000000000E+00,    0.0000000000E+00,    5.0717678753E+02
    244150,      0.676975,CP9_after_PTsource,   1,    0.0000000000E+00,    5.0717678753E+02,    5.0717678753E+02,    0.0000000000E+00,    0.0000000000E+00,    0.0000000000E+00,    5.0717678753E+02
    244150,      0.676975,CP10_after_neg_clamp,   1,    0.0000000000E+00,    5.0717678753E+02,    5.0717678753E+02,    0.0000000000E+00,    0.0000000000E+00,    0.0000000000E+00,    5.0717678753E+02
    244150,      0.676975,CP11_after_MPI,   1,    0.0000000000E+00,    5.0717678753E+02,    5.0717678753E+02,    0.0000000000E+00,    0.0000000000E+00,    0.0000000000E+00,    5.0717678753E+02
    244150,      0.676975,CP12_end,   1,    0.0000000000E+00,    5.0717678753E+02,    5.0717678753E+02,    0.0000000000E+00,    0.0000000000E+00,    0.0000000000E+00,    5.0717678753E+02
    244200,      0.676975,CP0_start,   1,    0.0000000000E+00,    5.0735890174E+02,    5.0735890174E+02,    0.0000000000E+00,    0.0000000000E+00,    0.0000000000E+00,    5.0735890174E+02
    244200,      0.676975,CP1_after_deposition,   1,    0.0000000000E+00,    5.0735890174E+02,    5.0735890174E+02,    0.0000000000E+00,    0.0000000000E+00,    0.0000000000E+00,    5.0735890174E+02
    244200,      0.676975,CP2_after_erosion,   1,    0.0000000000E+00,    5.0735890174E+02,    5.0735890174E+02,    0.0000000000E+00,    0.0000000000E+00,    0.0000000000E+00,    5.0735890174E+02
    244200,      0.676975,CP3_after_update_bottom,   1,    0.0000000000E+00,    5.0735890174E+02,    5.0735890174E+02,    0.0000000000E+00,    0.0000000000E+00,    0.0000000000E+00,    5.0735890174E+02
    244200,      0.676975,CP4_after_advection,   1,    0.0000000000E+00,    5.0734234386E+02,    5.0734234386E+02,    0.0000000000E+00,    0.0000000000E+00,    0.0000000000E+00,    5.0734234386E+02
    244200,      0.676975,CP5_after_vdif,   1,    0.0000000000E+00,    5.0734234386E+02,    5.0734234386E+02,    0.0000000000E+00,    0.0000000000E+00,    0.0000000000E+00,    5.0734234386E+02
    244200,      0.676975,CP6_after_kinetics,   1,    0.0000000000E+00,    5.0734234386E+02,    5.0734234386E+02,    0.0000000000E+00,    0.0000000000E+00,    0.0000000000E+00,    5.0734234386E+02
    244200,      0.676975,CP7_after_upper_clamp,   1,    0.0000000000E+00,    5.0734234386E+02,    5.0734234386E+02,    0.0000000000E+00,    0.0000000000E+00,    0.0000000000E+00,    5.0734234386E+02
    244200,      0.676975,CP8_after_OBC,   1,    0.0000000000E+00,    5.0734234386E+02,    5.0734234386E+02,    0.0000000000E+00,    0.0000000000E+00,    0.0000000000E+00,    5.0734234386E+02
    244200,      0.676975,CP9_after_PTsource,   1,    0.0000000000E+00,    5.0734234386E+02,    5.0734234386E+02,    0.0000000000E+00,    0.0000000000E+00,    0.0000000000E+00,    5.0734234386E+02
    244200,      0.676975,CP10_after_neg_clamp,   1,    0.0000000000E+00,    5.0734234386E+02,    5.0734234386E+02,    0.0000000000E+00,    0.0000000000E+00,    0.0000000000E+00,    5.0734234386E+02
    244200,      0.676975,CP11_after_MPI,   1,    0.0000000000E+00,    5.0734234386E+02,    5.0734234386E+02,    0.0000000000E+00,    0.0000000000E+00,    0.0000000000E+00,    5.0734234386E+02
    244200,      0.676975,CP12_end,   1,    0.0000000000E+00,    5.0734234386E+02,    5.0734234386E+02,    0.0000000000E+00,    0.0000000000E+00,    0.0000000000E+00,    5.0734234386E+02
    244250,      0.676975,CP0_start,   1,    0.0000000000E+00,    5.0753080637E+02,    5.0753080637E+02,    0.0000000000E+00,    0.0000000000E+00,    0.0000000000E+00,    5.0753080637E+02
    244250,      0.676975,CP1_after_deposition,   1,    0.0000000000E+00,    5.0753080637E+02,    5.0753080637E+02,    0.0000000000E+00,    0.0000000000E+00,    0.0000000000E+00,    5.0753080637E+02
    244250,      0.676975,CP2_after_erosion,   1,    0.0000000000E+00,    5.0753080637E+02,    5.0753080637E+02,    0.0000000000E+00,    0.0000000000E+00,    0.0000000000E+00,    5.0753080637E+02
    244250,      0.676975,CP3_after_update_bottom,   1,    0.0000000000E+00,    5.0753080637E+02,    5.0753080637E+02,    0.0000000000E+00,    0.0000000000E+00,    0.0000000000E+00,    5.0753080637E+02
    244250,      0.676975,CP4_after_advection,   1,    0.0000000000E+00,    5.0751412166E+02,    5.0751412166E+02,    0.0000000000E+00,    0.0000000000E+00,    0.0000000000E+00,    5.0751412166E+02
    244250,      0.676975,CP5_after_vdif,   1,    0.0000000000E+00,    5.0751412166E+02,    5.0751412166E+02,    0.0000000000E+00,    0.0000000000E+00,    0.0000000000E+00,    5.0751412166E+02
    244250,      0.676975,CP6_after_kinetics,   1,    0.0000000000E+00,    5.0751412166E+02,    5.0751412166E+02,    0.0000000000E+00,    0.0000000000E+00,    0.0000000000E+00,    5.0751412166E+02
    244250,      0.676975,CP7_after_upper_clamp,   1,    0.0000000000E+00,    5.0751412166E+02,    5.0751412166E+02,    0.0000000000E+00,    0.0000000000E+00,    0.0000000000E+00,    5.0751412166E+02
    244250,      0.676975,CP8_after_OBC,   1,    0.0000000000E+00,    5.0751412166E+02,    5.0751412166E+02,    0.0000000000E+00,    0.0000000000E+00,    0.0000000000E+00,    5.0751412166E+02
    244250,      0.676975,CP9_after_PTsource,   1,    0.0000000000E+00,    5.0751412166E+02,    5.0751412166E+02,    0.0000000000E+00,    0.0000000000E+00,    0.0000000000E+00,    5.0751412166E+02
    244250,      0.676975,CP10_after_neg_clamp,   1,    0.0000000000E+00,    5.0751412166E+02,    5.0751412166E+02,    0.0000000000E+00,    0.0000000000E+00,    0.0000000000E+00,    5.0751412166E+02
    244250,      0.676975,CP11_after_MPI,   1,    0.0000000000E+00,    5.0751412166E+02,    5.0751412166E+02,    0.0000000000E+00,    0.0000000000E+00,    0.0000000000E+00,    5.0751412166E+02
    244250,      0.676975,CP12_end,   1,    0.0000000000E+00,    5.0751412166E+02,    5.0751412166E+02,    0.0000000000E+00,    0.0000000000E+00,    0.0000000000E+00,    5.0751412166E+02
    244300,      0.676975,CP0_start,   1,    0.0000000000E+00,    5.0770213322E+02,    5.0770213322E+02,    0.0000000000E+00,    0.0000000000E+00,    0.0000000000E+00,    5.0770213322E+02
    244300,      0.676975,CP1_after_deposition,   1,    0.0000000000E+00,    5.0770213322E+02,    5.0770213322E+02,    0.0000000000E+00,    0.0000000000E+00,    0.0000000000E+00,    5.0770213322E+02
    244300,      0.676975,CP2_after_erosion,   1,    0.0000000000E+00,    5.0770213322E+02,    5.0770213322E+02,    0.0000000000E+00,    0.0000000000E+00,    0.0000000000E+00,    5.0770213322E+02
    244300,      0.676975,CP3_after_update_bottom,   1,    0.0000000000E+00,    5.0770213322E+02,    5.0770213322E+02,    0.0000000000E+00,    0.0000000000E+00,    0.0000000000E+00,    5.0770213322E+02
    244300,      0.676975,CP4_after_advection,   1,    0.0000000000E+00,    5.0768517903E+02,    5.0768517903E+02,    0.0000000000E+00,    0.0000000000E+00,    0.0000000000E+00,    5.0768517903E+02
    244300,      0.676975,CP5_after_vdif,   1,    0.0000000000E+00,    5.0768517903E+02,    5.0768517903E+02,    0.0000000000E+00,    0.0000000000E+00,    0.0000000000E+00,    5.0768517903E+02
    244300,      0.676975,CP6_after_kinetics,   1,    0.0000000000E+00,    5.0768517903E+02,    5.0768517903E+02,    0.0000000000E+00,    0.0000000000E+00,    0.0000000000E+00,    5.0768517903E+02
    244300,      0.676975,CP7_after_upper_clamp,   1,    0.0000000000E+00,    5.0768517903E+02,    5.0768517903E+02,    0.0000000000E+00,    0.0000000000E+00,    0.0000000000E+00,    5.0768517903E+02
    244300,      0.676975,CP8_after_OBC,   1,    0.0000000000E+00,    5.0768517903E+02,    5.0768517903E+02,    0.0000000000E+00,    0.0000000000E+00,    0.0000000000E+00,    5.0768517903E+02
    244300,      0.676975,CP9_after_PTsource,   1,    0.0000000000E+00,    5.0768517903E+02,    5.0768517903E+02,    0.0000000000E+00,    0.0000000000E+00,    0.0000000000E+00,    5.0768517903E+02
    244300,      0.676975,CP10_after_neg_clamp,   1,    0.0000000000E+00,    5.0768517903E+02,    5.0768517903E+02,    0.0000000000E+00,    0.0000000000E+00,    0.0000000000E+00,    5.0768517903E+02
    244300,      0.676975,CP11_after_MPI,   1,    0.0000000000E+00,    5.0768517903E+02,    5.0768517903E+02,    0.0000000000E+00,    0.0000000000E+00,    0.0000000000E+00,    5.0768517903E+02
    244300,      0.676975,CP12_end,   1,    0.0000000000E+00,    5.0768517903E+02,    5.0768517903E+02,    0.0000000000E+00,    0.0000000000E+00,    0.0000000000E+00,    5.0768517903E+02
    244350,      0.676975,CP0_start,   1,    0.0000000000E+00,    5.0786648535E+02,    5.0786648535E+02,    0.0000000000E+00,    0.0000000000E+00,    0.0000000000E+00,    5.0786648535E+02
    244350,      0.676975,CP1_after_deposition,   1,    0.0000000000E+00,    5.0786648535E+02,    5.0786648535E+02,    0.0000000000E+00,    0.0000000000E+00,    0.0000000000E+00,    5.0786648535E+02
    244350,      0.676975,CP2_after_erosion,   1,    0.0000000000E+00,    5.0786648535E+02,    5.0786648535E+02,    0.0000000000E+00,    0.0000000000E+00,    0.0000000000E+00,    5.0786648535E+02
    244350,      0.676975,CP3_after_update_bottom,   1,    0.0000000000E+00,    5.0786648535E+02,    5.0786648535E+02,    0.0000000000E+00,    0.0000000000E+00,    0.0000000000E+00,    5.0786648535E+02
    244350,      0.676975,CP4_after_advection,   1,    0.0000000000E+00,    5.0784918622E+02,    5.0784918622E+02,    0.0000000000E+00,    0.0000000000E+00,    0.0000000000E+00,    5.0784918622E+02
    244350,      0.676975,CP5_after_vdif,   1,    0.0000000000E+00,    5.0784918622E+02,    5.0784918622E+02,    0.0000000000E+00,    0.0000000000E+00,    0.0000000000E+00,    5.0784918622E+02
    244350,      0.676975,CP6_after_kinetics,   1,    0.0000000000E+00,    5.0784918622E+02,    5.0784918622E+02,    0.0000000000E+00,    0.0000000000E+00,    0.0000000000E+00,    5.0784918622E+02
    244350,      0.676975,CP7_after_upper_clamp,   1,    0.0000000000E+00,    5.0784918622E+02,    5.0784918622E+02,    0.0000000000E+00,    0.0000000000E+00,    0.0000000000E+00,    5.0784918622E+02
    244350,      0.676975,CP8_after_OBC,   1,    0.0000000000E+00,    5.0784918622E+02,    5.0784918622E+02,    0.0000000000E+00,    0.0000000000E+00,    0.0000000000E+00,    5.0784918622E+02
    244350,      0.676975,CP9_after_PTsource,   1,    0.0000000000E+00,    5.0784918622E+02,    5.0784918622E+02,    0.0000000000E+00,    0.0000000000E+00,    0.0000000000E+00,    5.0784918622E+02
    244350,      0.676975,CP10_after_neg_clamp,   1,    0.0000000000E+00,    5.0784918622E+02,    5.0784918622E+02,    0.0000000000E+00,    0.0000000000E+00,    0.0000000000E+00,    5.0784918622E+02
    244350,      0.676975,CP11_after_MPI,   1,    0.0000000000E+00,    5.0784918622E+02,    5.0784918622E+02,    0.0000000000E+00,    0.0000000000E+00,    0.0000000000E+00,    5.0784918622E+02
    244350,      0.676975,CP12_end,   1,    0.0000000000E+00,    5.0784918622E+02,    5.0784918622E+02,    0.0000000000E+00,    0.0000000000E+00,    0.0000000000E+00,    5.0784918622E+02
    244400,      0.676975,CP0_start,   1,    0.0000000000E+00,    5.0801871599E+02,    5.0801871599E+02,    0.0000000000E+00,    0.0000000000E+00,    0.0000000000E+00,    5.0801871599E+02
    244400,      0.676975,CP1_after_deposition,   1,    0.0000000000E+00,    5.0801871599E+02,    5.0801871599E+02,    0.0000000000E+00,    0.0000000000E+00,    0.0000000000E+00,    5.0801871599E+02
    244400,      0.676975,CP2_after_erosion,   1,    0.0000000000E+00,    5.0801871599E+02,    5.0801871599E+02,    0.0000000000E+00,    0.0000000000E+00,    0.0000000000E+00,    5.0801871599E+02
    244400,      0.676975,CP3_after_update_bottom,   1,    0.0000000000E+00,    5.0801871599E+02,    5.0801871599E+02,    0.0000000000E+00,    0.0000000000E+00,    0.0000000000E+00,    5.0801871599E+02
    244400,      0.676975,CP4_after_advection,   1,    0.0000000000E+00,    5.0800096907E+02,    5.0800096907E+02,    0.0000000000E+00,    0.0000000000E+00,    0.0000000000E+00,    5.0800096907E+02
    244400,      0.676975,CP5_after_vdif,   1,    0.0000000000E+00,    5.0800096907E+02,    5.0800096907E+02,    0.0000000000E+00,    0.0000000000E+00,    0.0000000000E+00,    5.0800096907E+02
    244400,      0.676975,CP6_after_kinetics,   1,    0.0000000000E+00,    5.0800096907E+02,    5.0800096907E+02,    0.0000000000E+00,    0.0000000000E+00,    0.0000000000E+00,    5.0800096907E+02
    244400,      0.676975,CP7_after_upper_clamp,   1,    0.0000000000E+00,    5.0800096907E+02,    5.0800096907E+02,    0.0000000000E+00,    0.0000000000E+00,    0.0000000000E+00,    5.0800096907E+02
    244400,      0.676975,CP8_after_OBC,   1,    0.0000000000E+00,    5.0800096907E+02,    5.0800096907E+02,    0.0000000000E+00,    0.0000000000E+00,    0.0000000000E+00,    5.0800096907E+02
    244400,      0.676975,CP9_after_PTsource,   1,    0.0000000000E+00,    5.0800096907E+02,    5.0800096907E+02,    0.0000000000E+00,    0.0000000000E+00,    0.0000000000E+00,    5.0800096907E+02
    244400,      0.676975,CP10_after_neg_clamp,   1,    0.0000000000E+00,    5.0800096907E+02,    5.0800096907E+02,    0.0000000000E+00,    0.0000000000E+00,    0.0000000000E+00,    5.0800096907E+02
    244400,      0.676975,CP11_after_MPI,   1,    0.0000000000E+00,    5.0800096907E+02,    5.0800096907E+02,    0.0000000000E+00,    0.0000000000E+00,    0.0000000000E+00,    5.0800096907E+02
    244400,      0.676975,CP12_end,   1,    0.0000000000E+00,    5.0800096907E+02,    5.0800096907E+02,    0.0000000000E+00,    0.0000000000E+00,    0.0000000000E+00,    5.0800096907E+02
    244450,      0.676975,CP0_start,   1,    0.0000000000E+00,    5.0815536309E+02,    5.0815536309E+02,    0.0000000000E+00,    0.0000000000E+00,    0.0000000000E+00,    5.0815536309E+02
    244450,      0.676975,CP1_after_deposition,   1,    0.0000000000E+00,    5.0815536309E+02,    5.0815536309E+02,    0.0000000000E+00,    0.0000000000E+00,    0.0000000000E+00,    5.0815536309E+02
    244450,      0.676975,CP2_after_erosion,   1,    0.0000000000E+00,    5.0815536309E+02,    5.0815536309E+02,    0.0000000000E+00,    0.0000000000E+00,    0.0000000000E+00,    5.0815536309E+02
    244450,      0.676975,CP3_after_update_bottom,   1,    0.0000000000E+00,    5.0815536309E+02,    5.0815536309E+02,    0.0000000000E+00,    0.0000000000E+00,    0.0000000000E+00,    5.0815536309E+02
    244450,      0.676975,CP4_after_advection,   1,    0.0000000000E+00,    5.0813717220E+02,    5.0813717220E+02,    0.0000000000E+00,    0.0000000000E+00,    0.0000000000E+00,    5.0813717220E+02
    244450,      0.676975,CP5_after_vdif,   1,    0.0000000000E+00,    5.0813717220E+02,    5.0813717220E+02,    0.0000000000E+00,    0.0000000000E+00,    0.0000000000E+00,    5.0813717220E+02
    244450,      0.676975,CP6_after_kinetics,   1,    0.0000000000E+00,    5.0813717220E+02,    5.0813717220E+02,    0.0000000000E+00,    0.0000000000E+00,    0.0000000000E+00,    5.0813717220E+02
    244450,      0.676975,CP7_after_upper_clamp,   1,    0.0000000000E+00,    5.0813717220E+02,    5.0813717220E+02,    0.0000000000E+00,    0.0000000000E+00,    0.0000000000E+00,    5.0813717220E+02
    244450,      0.676975,CP8_after_OBC,   1,    0.0000000000E+00,    5.0813717220E+02,    5.0813717220E+02,    0.0000000000E+00,    0.0000000000E+00,    0.0000000000E+00,    5.0813717220E+02
    244450,      0.676975,CP9_after_PTsource,   1,    0.0000000000E+00,    5.0813717220E+02,    5.0813717220E+02,    0.0000000000E+00,    0.0000000000E+00,    0.0000000000E+00,    5.0813717220E+02
    244450,      0.676975,CP10_after_neg_clamp,   1,    0.0000000000E+00,    5.0813717220E+02,    5.0813717220E+02,    0.0000000000E+00,    0.0000000000E+00,    0.0000000000E+00,    5.0813717220E+02
    244450,      0.676975,CP11_after_MPI,   1,    0.0000000000E+00,    5.0813717220E+02,    5.0813717220E+02,    0.0000000000E+00,    0.0000000000E+00,    0.0000000000E+00,    5.0813717220E+02
    244450,      0.676975,CP12_end,   1,    0.0000000000E+00,    5.0813717220E+02,    5.0813717220E+02,    0.0000000000E+00,    0.0000000000E+00,    0.0000000000E+00,    5.0813717220E+02
    244500,      0.676975,CP0_start,   1,    0.0000000000E+00,    5.0827944967E+02,    5.0827944967E+02,    0.0000000000E+00,    0.0000000000E+00,    0.0000000000E+00,    5.0827944967E+02
    244500,      0.676975,CP1_after_deposition,   1,    0.0000000000E+00,    5.0827944967E+02,    5.0827944967E+02,    0.0000000000E+00,    0.0000000000E+00,    0.0000000000E+00,    5.0827944967E+02
    244500,      0.676975,CP2_after_erosion,   1,    0.0000000000E+00,    5.0827944967E+02,    5.0827944967E+02,    0.0000000000E+00,    0.0000000000E+00,    0.0000000000E+00,    5.0827944967E+02
    244500,      0.676975,CP3_after_update_bottom,   1,    0.0000000000E+00,    5.0827944967E+02,    5.0827944967E+02,    0.0000000000E+00,    0.0000000000E+00,    0.0000000000E+00,    5.0827944967E+02
    244500,      0.676975,CP4_after_advection,   1,    0.0000000000E+00,    5.0826094617E+02,    5.0826094617E+02,    0.0000000000E+00,    0.0000000000E+00,    0.0000000000E+00,    5.0826094617E+02
    244500,      0.676975,CP5_after_vdif,   1,    0.0000000000E+00,    5.0826094617E+02,    5.0826094617E+02,    0.0000000000E+00,    0.0000000000E+00,    0.0000000000E+00,    5.0826094617E+02
    244500,      0.676975,CP6_after_kinetics,   1,    0.0000000000E+00,    5.0826094617E+02,    5.0826094617E+02,    0.0000000000E+00,    0.0000000000E+00,    0.0000000000E+00,    5.0826094617E+02
    244500,      0.676975,CP7_after_upper_clamp,   1,    0.0000000000E+00,    5.0826094617E+02,    5.0826094617E+02,    0.0000000000E+00,    0.0000000000E+00,    0.0000000000E+00,    5.0826094617E+02
    244500,      0.676975,CP8_after_OBC,   1,    0.0000000000E+00,    5.0826094617E+02,    5.0826094617E+02,    0.0000000000E+00,    0.0000000000E+00,    0.0000000000E+00,    5.0826094617E+02
    244500,      0.676975,CP9_after_PTsource,   1,    0.0000000000E+00,    5.0826094617E+02,    5.0826094617E+02,    0.0000000000E+00,    0.0000000000E+00,    0.0000000000E+00,    5.0826094617E+02
    244500,      0.676975,CP10_after_neg_clamp,   1,    0.0000000000E+00,    5.0826094617E+02,    5.0826094617E+02,    0.0000000000E+00,    0.0000000000E+00,    0.0000000000E+00,    5.0826094617E+02
    244500,      0.676975,CP11_after_MPI,   1,    0.0000000000E+00,    5.0826094617E+02,    5.0826094617E+02,    0.0000000000E+00,    0.0000000000E+00,    0.0000000000E+00,    5.0826094617E+02
    244500,      0.676975,CP12_end,   1,    0.0000000000E+00,    5.0826094617E+02,    5.0826094617E+02,    0.0000000000E+00,    0.0000000000E+00,    0.0000000000E+00,    5.0826094617E+02
    244550,      0.676975,CP0_start,   1,    0.0000000000E+00,    5.0839921375E+02,    5.0839921375E+02,    0.0000000000E+00,    0.0000000000E+00,    0.0000000000E+00,    5.0839921375E+02
    244550,      0.676975,CP1_after_deposition,   1,    0.0000000000E+00,    5.0839921375E+02,    5.0839921375E+02,    0.0000000000E+00,    0.0000000000E+00,    0.0000000000E+00,    5.0839921375E+02
    244550,      0.676975,CP2_after_erosion,   1,    0.0000000000E+00,    5.0839921375E+02,    5.0839921375E+02,    0.0000000000E+00,    0.0000000000E+00,    0.0000000000E+00,    5.0839921375E+02
    244550,      0.676975,CP3_after_update_bottom,   1,    0.0000000000E+00,    5.0839921375E+02,    5.0839921375E+02,    0.0000000000E+00,    0.0000000000E+00,    0.0000000000E+00,    5.0839921375E+02
    244550,      0.676975,CP4_after_advection,   1,    0.0000000000E+00,    5.0838057733E+02,    5.0838057733E+02,    0.0000000000E+00,    0.0000000000E+00,    0.0000000000E+00,    5.0838057733E+02
    244550,      0.676975,CP5_after_vdif,   1,    0.0000000000E+00,    5.0838057733E+02,    5.0838057733E+02,    0.0000000000E+00,    0.0000000000E+00,    0.0000000000E+00,    5.0838057733E+02
    244550,      0.676975,CP6_after_kinetics,   1,    0.0000000000E+00,    5.0838057733E+02,    5.0838057733E+02,    0.0000000000E+00,    0.0000000000E+00,    0.0000000000E+00,    5.0838057733E+02
    244550,      0.676975,CP7_after_upper_clamp,   1,    0.0000000000E+00,    5.0838057733E+02,    5.0838057733E+02,    0.0000000000E+00,    0.0000000000E+00,    0.0000000000E+00,    5.0838057733E+02
    244550,      0.676975,CP8_after_OBC,   1,    0.0000000000E+00,    5.0838057733E+02,    5.0838057733E+02,    0.0000000000E+00,    0.0000000000E+00,    0.0000000000E+00,    5.0838057733E+02
    244550,      0.676975,CP9_after_PTsource,   1,    0.0000000000E+00,    5.0838057733E+02,    5.0838057733E+02,    0.0000000000E+00,    0.0000000000E+00,    0.0000000000E+00,    5.0838057733E+02
    244550,      0.676975,CP10_after_neg_clamp,   1,    0.0000000000E+00,    5.0838057733E+02,    5.0838057733E+02,    0.0000000000E+00,    0.0000000000E+00,    0.0000000000E+00,    5.0838057733E+02
    244550,      0.676975,CP11_after_MPI,   1,    0.0000000000E+00,    5.0838057733E+02,    5.0838057733E+02,    0.0000000000E+00,    0.0000000000E+00,    0.0000000000E+00,    5.0838057733E+02
    244550,      0.676975,CP12_end,   1,    0.0000000000E+00,    5.0838057733E+02,    5.0838057733E+02,    0.0000000000E+00,    0.0000000000E+00,    0.0000000000E+00,    5.0838057733E+02
    244600,      0.676975,CP0_start,   1,    0.0000000000E+00,    5.0852371130E+02,    5.0852371130E+02,    0.0000000000E+00,    0.0000000000E+00,    0.0000000000E+00,    5.0852371130E+02
    244600,      0.676975,CP1_after_deposition,   1,    0.0000000000E+00,    5.0852371130E+02,    5.0852371130E+02,    0.0000000000E+00,    0.0000000000E+00,    0.0000000000E+00,    5.0852371130E+02
    244600,      0.676975,CP2_after_erosion,   1,    0.0000000000E+00,    5.0852371130E+02,    5.0852371130E+02,    0.0000000000E+00,    0.0000000000E+00,    0.0000000000E+00,    5.0852371130E+02
    244600,      0.676975,CP3_after_update_bottom,   1,    0.0000000000E+00,    5.0852371130E+02,    5.0852371130E+02,    0.0000000000E+00,    0.0000000000E+00,    0.0000000000E+00,    5.0852371130E+02
    244600,      0.676975,CP4_after_advection,   1,    0.0000000000E+00,    5.0850508274E+02,    5.0850508274E+02,    0.0000000000E+00,    0.0000000000E+00,    0.0000000000E+00,    5.0850508274E+02
    244600,      0.676975,CP5_after_vdif,   1,    0.0000000000E+00,    5.0850508274E+02,    5.0850508274E+02,    0.0000000000E+00,    0.0000000000E+00,    0.0000000000E+00,    5.0850508274E+02
    244600,      0.676975,CP6_after_kinetics,   1,    0.0000000000E+00,    5.0850508274E+02,    5.0850508274E+02,    0.0000000000E+00,    0.0000000000E+00,    0.0000000000E+00,    5.0850508274E+02
    244600,      0.676975,CP7_after_upper_clamp,   1,    0.0000000000E+00,    5.0850508274E+02,    5.0850508274E+02,    0.0000000000E+00,    0.0000000000E+00,    0.0000000000E+00,    5.0850508274E+02
    244600,      0.676975,CP8_after_OBC,   1,    0.0000000000E+00,    5.0850508274E+02,    5.0850508274E+02,    0.0000000000E+00,    0.0000000000E+00,    0.0000000000E+00,    5.0850508274E+02
    244600,      0.676975,CP9_after_PTsource,   1,    0.0000000000E+00,    5.0850508274E+02,    5.0850508274E+02,    0.0000000000E+00,    0.0000000000E+00,    0.0000000000E+00,    5.0850508274E+02
    244600,      0.676975,CP10_after_neg_clamp,   1,    0.0000000000E+00,    5.0850508274E+02,    5.0850508274E+02,    0.0000000000E+00,    0.0000000000E+00,    0.0000000000E+00,    5.0850508274E+02
    244600,      0.676975,CP11_after_MPI,   1,    0.0000000000E+00,    5.0850508274E+02,    5.0850508274E+02,    0.0000000000E+00,    0.0000000000E+00,    0.0000000000E+00,    5.0850508274E+02
    244600,      0.676975,CP12_end,   1,    0.0000000000E+00,    5.0850508274E+02,    5.0850508274E+02,    0.0000000000E+00,    0.0000000000E+00,    0.0000000000E+00,    5.0850508274E+02
    244650,      0.676975,CP0_start,   1,    0.0000000000E+00,    5.0865772684E+02,    5.0865772684E+02,    0.0000000000E+00,    0.0000000000E+00,    0.0000000000E+00,    5.0865772684E+02
    244650,      0.676975,CP1_after_deposition,   1,    0.0000000000E+00,    5.0865772684E+02,    5.0865772684E+02,    0.0000000000E+00,    0.0000000000E+00,    0.0000000000E+00,    5.0865772684E+02
    244650,      0.676975,CP2_after_erosion,   1,    0.0000000000E+00,    5.0865772684E+02,    5.0865772684E+02,    0.0000000000E+00,    0.0000000000E+00,    0.0000000000E+00,    5.0865772684E+02
    244650,      0.676975,CP3_after_update_bottom,   1,    0.0000000000E+00,    5.0865772684E+02,    5.0865772684E+02,    0.0000000000E+00,    0.0000000000E+00,    0.0000000000E+00,    5.0865772684E+02
    244650,      0.676975,CP4_after_advection,   1,    0.0000000000E+00,    5.0863914875E+02,    5.0863914875E+02,    0.0000000000E+00,    0.0000000000E+00,    0.0000000000E+00,    5.0863914875E+02
    244650,      0.676975,CP5_after_vdif,   1,    0.0000000000E+00,    5.0863914875E+02,    5.0863914875E+02,    0.0000000000E+00,    0.0000000000E+00,    0.0000000000E+00,    5.0863914875E+02
    244650,      0.676975,CP6_after_kinetics,   1,    0.0000000000E+00,    5.0863914875E+02,    5.0863914875E+02,    0.0000000000E+00,    0.0000000000E+00,    0.0000000000E+00,    5.0863914875E+02
    244650,      0.676975,CP7_after_upper_clamp,   1,    0.0000000000E+00,    5.0863914875E+02,    5.0863914875E+02,    0.0000000000E+00,    0.0000000000E+00,    0.0000000000E+00,    5.0863914875E+02
    244650,      0.676975,CP8_after_OBC,   1,    0.0000000000E+00,    5.0863914875E+02,    5.0863914875E+02,    0.0000000000E+00,    0.0000000000E+00,    0.0000000000E+00,    5.0863914875E+02
    244650,      0.676975,CP9_after_PTsource,   1,    0.0000000000E+00,    5.0863914875E+02,    5.0863914875E+02,    0.0000000000E+00,    0.0000000000E+00,    0.0000000000E+00,    5.0863914875E+02
    244650,      0.676975,CP10_after_neg_clamp,   1,    0.0000000000E+00,    5.0863914875E+02,    5.0863914875E+02,    0.0000000000E+00,    0.0000000000E+00,    0.0000000000E+00,    5.0863914875E+02
    244650,      0.676975,CP11_after_MPI,   1,    0.0000000000E+00,    5.0863914875E+02,    5.0863914875E+02,    0.0000000000E+00,    0.0000000000E+00,    0.0000000000E+00,    5.0863914875E+02
    244650,      0.676975,CP12_end,   1,    0.0000000000E+00,    5.0863914875E+02,    5.0863914875E+02,    0.0000000000E+00,    0.0000000000E+00,    0.0000000000E+00,    5.0863914875E+02
    244700,      0.676975,CP0_start,   1,    0.0000000000E+00,    5.0880361732E+02,    5.0880361732E+02,    0.0000000000E+00,    0.0000000000E+00,    0.0000000000E+00,    5.0880361732E+02
    244700,      0.676975,CP1_after_deposition,   1,    0.0000000000E+00,    5.0880361732E+02,    5.0880361732E+02,    0.0000000000E+00,    0.0000000000E+00,    0.0000000000E+00,    5.0880361732E+02
    244700,      0.676975,CP2_after_erosion,   1,    0.0000000000E+00,    5.0880361732E+02,    5.0880361732E+02,    0.0000000000E+00,    0.0000000000E+00,    0.0000000000E+00,    5.0880361732E+02
    244700,      0.676975,CP3_after_update_bottom,   1,    0.0000000000E+00,    5.0880361732E+02,    5.0880361732E+02,    0.0000000000E+00,    0.0000000000E+00,    0.0000000000E+00,    5.0880361732E+02
    244700,      0.676975,CP4_after_advection,   1,    0.0000000000E+00,    5.0878512188E+02,    5.0878512188E+02,    0.0000000000E+00,    0.0000000000E+00,    0.0000000000E+00,    5.0878512188E+02
    244700,      0.676975,CP5_after_vdif,   1,    0.0000000000E+00,    5.0878512188E+02,    5.0878512188E+02,    0.0000000000E+00,    0.0000000000E+00,    0.0000000000E+00,    5.0878512188E+02
    244700,      0.676975,CP6_after_kinetics,   1,    0.0000000000E+00,    5.0878512188E+02,    5.0878512188E+02,    0.0000000000E+00,    0.0000000000E+00,    0.0000000000E+00,    5.0878512188E+02
    244700,      0.676975,CP7_after_upper_clamp,   1,    0.0000000000E+00,    5.0878512188E+02,    5.0878512188E+02,    0.0000000000E+00,    0.0000000000E+00,    0.0000000000E+00,    5.0878512188E+02
    244700,      0.676975,CP8_after_OBC,   1,    0.0000000000E+00,    5.0878512188E+02,    5.0878512188E+02,    0.0000000000E+00,    0.0000000000E+00,    0.0000000000E+00,    5.0878512188E+02
    244700,      0.676975,CP9_after_PTsource,   1,    0.0000000000E+00,    5.0878512188E+02,    5.0878512188E+02,    0.0000000000E+00,    0.0000000000E+00,    0.0000000000E+00,    5.0878512188E+02
    244700,      0.676975,CP10_after_neg_clamp,   1,    0.0000000000E+00,    5.0878512188E+02,    5.0878512188E+02,    0.0000000000E+00,    0.0000000000E+00,    0.0000000000E+00,    5.0878512188E+02
    244700,      0.676975,CP11_after_MPI,   1,    0.0000000000E+00,    5.0878512188E+02,    5.0878512188E+02,    0.0000000000E+00,    0.0000000000E+00,    0.0000000000E+00,    5.0878512188E+02
    244700,      0.676975,CP12_end,   1,    0.0000000000E+00,    5.0878512188E+02,    5.0878512188E+02,    0.0000000000E+00,    0.0000000000E+00,    0.0000000000E+00,    5.0878512188E+02
    244750,      0.676975,CP0_start,   1,    0.0000000000E+00,    5.0896156188E+02,    5.0896156188E+02,    0.0000000000E+00,    0.0000000000E+00,    0.0000000000E+00,    5.0896156188E+02
    244750,      0.676975,CP1_after_deposition,   1,    0.0000000000E+00,    5.0896156188E+02,    5.0896156188E+02,    0.0000000000E+00,    0.0000000000E+00,    0.0000000000E+00,    5.0896156188E+02
    244750,      0.676975,CP2_after_erosion,   1,    0.0000000000E+00,    5.0896156188E+02,    5.0896156188E+02,    0.0000000000E+00,    0.0000000000E+00,    0.0000000000E+00,    5.0896156188E+02
    244750,      0.676975,CP3_after_update_bottom,   1,    0.0000000000E+00,    5.0896156188E+02,    5.0896156188E+02,    0.0000000000E+00,    0.0000000000E+00,    0.0000000000E+00,    5.0896156188E+02
    244750,      0.676975,CP4_after_advection,   1,    0.0000000000E+00,    5.0894306850E+02,    5.0894306850E+02,    0.0000000000E+00,    0.0000000000E+00,    0.0000000000E+00,    5.0894306850E+02
    244750,      0.676975,CP5_after_vdif,   1,    0.0000000000E+00,    5.0894306850E+02,    5.0894306850E+02,    0.0000000000E+00,    0.0000000000E+00,    0.0000000000E+00,    5.0894306850E+02
    244750,      0.676975,CP6_after_kinetics,   1,    0.0000000000E+00,    5.0894306850E+02,    5.0894306850E+02,    0.0000000000E+00,    0.0000000000E+00,    0.0000000000E+00,    5.0894306850E+02
    244750,      0.676975,CP7_after_upper_clamp,   1,    0.0000000000E+00,    5.0894306850E+02,    5.0894306850E+02,    0.0000000000E+00,    0.0000000000E+00,    0.0000000000E+00,    5.0894306850E+02
    244750,      0.676975,CP8_after_OBC,   1,    0.0000000000E+00,    5.0894306850E+02,    5.0894306850E+02,    0.0000000000E+00,    0.0000000000E+00,    0.0000000000E+00,    5.0894306850E+02
    244750,      0.676975,CP9_after_PTsource,   1,    0.0000000000E+00,    5.0894306850E+02,    5.0894306850E+02,    0.0000000000E+00,    0.0000000000E+00,    0.0000000000E+00,    5.0894306850E+02
    244750,      0.676975,CP10_after_neg_clamp,   1,    0.0000000000E+00,    5.0894306850E+02,    5.0894306850E+02,    0.0000000000E+00,    0.0000000000E+00,    0.0000000000E+00,    5.0894306850E+02
    244750,      0.676975,CP11_after_MPI,   1,    0.0000000000E+00,    5.0894306850E+02,    5.0894306850E+02,    0.0000000000E+00,    0.0000000000E+00,    0.0000000000E+00,    5.0894306850E+02
    244750,      0.676975,CP12_end,   1,    0.0000000000E+00,    5.0894306850E+02,    5.0894306850E+02,    0.0000000000E+00,    0.0000000000E+00,    0.0000000000E+00,    5.0894306850E+02
    244800,      0.676975,CP0_start,   1,    0.0000000000E+00,    5.0912416969E+02,    5.0912416969E+02,    0.0000000000E+00,    0.0000000000E+00,    0.0000000000E+00,    5.0912416969E+02
    244800,      0.676975,CP1_after_deposition,   1,    0.0000000000E+00,    5.0912416969E+02,    5.0912416969E+02,    0.0000000000E+00,    0.0000000000E+00,    0.0000000000E+00,    5.0912416969E+02
    244800,      0.676975,CP2_after_erosion,   1,    0.0000000000E+00,    5.0912416969E+02,    5.0912416969E+02,    0.0000000000E+00,    0.0000000000E+00,    0.0000000000E+00,    5.0912416969E+02
    244800,      0.676975,CP3_after_update_bottom,   1,    0.0000000000E+00,    5.0912416969E+02,    5.0912416969E+02,    0.0000000000E+00,    0.0000000000E+00,    0.0000000000E+00,    5.0912416969E+02
    244800,      0.676975,CP4_after_advection,   1,    0.0000000000E+00,    5.0910547115E+02,    5.0910547115E+02,    0.0000000000E+00,    0.0000000000E+00,    0.0000000000E+00,    5.0910547115E+02
    244800,      0.676975,CP5_after_vdif,   1,    0.0000000000E+00,    5.0910547115E+02,    5.0910547115E+02,    0.0000000000E+00,    0.0000000000E+00,    0.0000000000E+00,    5.0910547115E+02
    244800,      0.676975,CP6_after_kinetics,   1,    0.0000000000E+00,    5.0910547115E+02,    5.0910547115E+02,    0.0000000000E+00,    0.0000000000E+00,    0.0000000000E+00,    5.0910547115E+02
    244800,      0.676975,CP7_after_upper_clamp,   1,    0.0000000000E+00,    5.0910547115E+02,    5.0910547115E+02,    0.0000000000E+00,    0.0000000000E+00,    0.0000000000E+00,    5.0910547115E+02
    244800,      0.676975,CP8_after_OBC,   1,    0.0000000000E+00,    5.0910547115E+02,    5.0910547115E+02,    0.0000000000E+00,    0.0000000000E+00,    0.0000000000E+00,    5.0910547115E+02
    244800,      0.676975,CP9_after_PTsource,   1,    0.0000000000E+00,    5.0910547115E+02,    5.0910547115E+02,    0.0000000000E+00,    0.0000000000E+00,    0.0000000000E+00,    5.0910547115E+02
    244800,      0.676975,CP10_after_neg_clamp,   1,    0.0000000000E+00,    5.0910547115E+02,    5.0910547115E+02,    0.0000000000E+00,    0.0000000000E+00,    0.0000000000E+00,    5.0910547115E+02
    244800,      0.676975,CP11_after_MPI,   1,    0.0000000000E+00,    5.0910547115E+02,    5.0910547115E+02,    0.0000000000E+00,    0.0000000000E+00,    0.0000000000E+00,    5.0910547115E+02
    244800,      0.676975,CP12_end,   1,    0.0000000000E+00,    5.0910547115E+02,    5.0910547115E+02,    0.0000000000E+00,    0.0000000000E+00,    0.0000000000E+00,    5.0910547115E+02
    244850,      0.676975,CP0_start,   1,    0.0000000000E+00,    5.0928005553E+02,    5.0928005553E+02,    0.0000000000E+00,    0.0000000000E+00,    0.0000000000E+00,    5.0928005553E+02
    244850,      0.676975,CP1_after_deposition,   1,    0.0000000000E+00,    5.0928005553E+02,    5.0928005553E+02,    0.0000000000E+00,    0.0000000000E+00,    0.0000000000E+00,    5.0928005553E+02
    244850,      0.676975,CP2_after_erosion,   1,    0.0000000000E+00,    5.0928005553E+02,    5.0928005553E+02,    0.0000000000E+00,    0.0000000000E+00,    0.0000000000E+00,    5.0928005553E+02
    244850,      0.676975,CP3_after_update_bottom,   1,    0.0000000000E+00,    5.0928005553E+02,    5.0928005553E+02,    0.0000000000E+00,    0.0000000000E+00,    0.0000000000E+00,    5.0928005553E+02
    244850,      0.676975,CP4_after_advection,   1,    0.0000000000E+00,    5.0926093527E+02,    5.0926093527E+02,    0.0000000000E+00,    0.0000000000E+00,    0.0000000000E+00,    5.0926093527E+02
    244850,      0.676975,CP5_after_vdif,   1,    0.0000000000E+00,    5.0926093527E+02,    5.0926093527E+02,    0.0000000000E+00,    0.0000000000E+00,    0.0000000000E+00,    5.0926093527E+02
    244850,      0.676975,CP6_after_kinetics,   1,    0.0000000000E+00,    5.0926093527E+02,    5.0926093527E+02,    0.0000000000E+00,    0.0000000000E+00,    0.0000000000E+00,    5.0926093527E+02
    244850,      0.676975,CP7_after_upper_clamp,   1,    0.0000000000E+00,    5.0926093527E+02,    5.0926093527E+02,    0.0000000000E+00,    0.0000000000E+00,    0.0000000000E+00,    5.0926093527E+02
    244850,      0.676975,CP8_after_OBC,   1,    0.0000000000E+00,    5.0926093527E+02,    5.0926093527E+02,    0.0000000000E+00,    0.0000000000E+00,    0.0000000000E+00,    5.0926093527E+02
    244850,      0.676975,CP9_after_PTsource,   1,    0.0000000000E+00,    5.0926093527E+02,    5.0926093527E+02,    0.0000000000E+00,    0.0000000000E+00,    0.0000000000E+00,    5.0926093527E+02
    244850,      0.676975,CP10_after_neg_clamp,   1,    0.0000000000E+00,    5.0926093527E+02,    5.0926093527E+02,    0.0000000000E+00,    0.0000000000E+00,    0.0000000000E+00,    5.0926093527E+02
    244850,      0.676975,CP11_after_MPI,   1,    0.0000000000E+00,    5.0926093527E+02,    5.0926093527E+02,    0.0000000000E+00,    0.0000000000E+00,    0.0000000000E+00,    5.0926093527E+02
    244850,      0.676975,CP12_end,   1,    0.0000000000E+00,    5.0926093527E+02,    5.0926093527E+02,    0.0000000000E+00,    0.0000000000E+00,    0.0000000000E+00,    5.0926093527E+02
    244900,      0.676975,CP0_start,   1,    0.0000000000E+00,    5.0942084938E+02,    5.0942084938E+02,    0.0000000000E+00,    0.0000000000E+00,    0.0000000000E+00,    5.0942084938E+02
    244900,      0.676975,CP1_after_deposition,   1,    0.0000000000E+00,    5.0942084938E+02,    5.0942084938E+02,    0.0000000000E+00,    0.0000000000E+00,    0.0000000000E+00,    5.0942084938E+02
    244900,      0.676975,CP2_after_erosion,   1,    0.0000000000E+00,    5.0942084938E+02,    5.0942084938E+02,    0.0000000000E+00,    0.0000000000E+00,    0.0000000000E+00,    5.0942084938E+02
    244900,      0.676975,CP3_after_update_bottom,   1,    0.0000000000E+00,    5.0942084938E+02,    5.0942084938E+02,    0.0000000000E+00,    0.0000000000E+00,    0.0000000000E+00,    5.0942084938E+02
    244900,      0.676975,CP4_after_advection,   1,    0.0000000000E+00,    5.0940122628E+02,    5.0940122628E+02,    0.0000000000E+00,    0.0000000000E+00,    0.0000000000E+00,    5.0940122628E+02
    244900,      0.676975,CP5_after_vdif,   1,    0.0000000000E+00,    5.0940122628E+02,    5.0940122628E+02,    0.0000000000E+00,    0.0000000000E+00,    0.0000000000E+00,    5.0940122628E+02
    244900,      0.676975,CP6_after_kinetics,   1,    0.0000000000E+00,    5.0940122628E+02,    5.0940122628E+02,    0.0000000000E+00,    0.0000000000E+00,    0.0000000000E+00,    5.0940122628E+02
    244900,      0.676975,CP7_after_upper_clamp,   1,    0.0000000000E+00,    5.0940122628E+02,    5.0940122628E+02,    0.0000000000E+00,    0.0000000000E+00,    0.0000000000E+00,    5.0940122628E+02
    244900,      0.676975,CP8_after_OBC,   1,    0.0000000000E+00,    5.0940122628E+02,    5.0940122628E+02,    0.0000000000E+00,    0.0000000000E+00,    0.0000000000E+00,    5.0940122628E+02
    244900,      0.676975,CP9_after_PTsource,   1,    0.0000000000E+00,    5.0940122628E+02,    5.0940122628E+02,    0.0000000000E+00,    0.0000000000E+00,    0.0000000000E+00,    5.0940122628E+02
    244900,      0.676975,CP10_after_neg_clamp,   1,    0.0000000000E+00,    5.0940122628E+02,    5.0940122628E+02,    0.0000000000E+00,    0.0000000000E+00,    0.0000000000E+00,    5.0940122628E+02
    244900,      0.676975,CP11_after_MPI,   1,    0.0000000000E+00,    5.0940122628E+02,    5.0940122628E+02,    0.0000000000E+00,    0.0000000000E+00,    0.0000000000E+00,    5.0940122628E+02
    244900,      0.676975,CP12_end,   1,    0.0000000000E+00,    5.0940122628E+02,    5.0940122628E+02,    0.0000000000E+00,    0.0000000000E+00,    0.0000000000E+00,    5.0940122628E+02
    244950,      0.676975,CP0_start,   1,    0.0000000000E+00,    5.0954551093E+02,    5.0954551093E+02,    0.0000000000E+00,    0.0000000000E+00,    0.0000000000E+00,    5.0954551093E+02
    244950,      0.676975,CP1_after_deposition,   1,    0.0000000000E+00,    5.0954551093E+02,    5.0954551093E+02,    0.0000000000E+00,    0.0000000000E+00,    0.0000000000E+00,    5.0954551093E+02
    244950,      0.676975,CP2_after_erosion,   1,    0.0000000000E+00,    5.0954551093E+02,    5.0954551093E+02,    0.0000000000E+00,    0.0000000000E+00,    0.0000000000E+00,    5.0954551093E+02
    244950,      0.676975,CP3_after_update_bottom,   1,    0.0000000000E+00,    5.0954551093E+02,    5.0954551093E+02,    0.0000000000E+00,    0.0000000000E+00,    0.0000000000E+00,    5.0954551093E+02
    244950,      0.676975,CP4_after_advection,   1,    0.0000000000E+00,    5.0952541946E+02,    5.0952541946E+02,    0.0000000000E+00,    0.0000000000E+00,    0.0000000000E+00,    5.0952541946E+02
    244950,      0.676975,CP5_after_vdif,   1,    0.0000000000E+00,    5.0952541946E+02,    5.0952541946E+02,    0.0000000000E+00,    0.0000000000E+00,    0.0000000000E+00,    5.0952541946E+02
    244950,      0.676975,CP6_after_kinetics,   1,    0.0000000000E+00,    5.0952541946E+02,    5.0952541946E+02,    0.0000000000E+00,    0.0000000000E+00,    0.0000000000E+00,    5.0952541946E+02
    244950,      0.676975,CP7_after_upper_clamp,   1,    0.0000000000E+00,    5.0952541946E+02,    5.0952541946E+02,    0.0000000000E+00,    0.0000000000E+00,    0.0000000000E+00,    5.0952541946E+02
    244950,      0.676975,CP8_after_OBC,   1,    0.0000000000E+00,    5.0952541946E+02,    5.0952541946E+02,    0.0000000000E+00,    0.0000000000E+00,    0.0000000000E+00,    5.0952541946E+02
    244950,      0.676975,CP9_after_PTsource,   1,    0.0000000000E+00,    5.0952541946E+02,    5.0952541946E+02,    0.0000000000E+00,    0.0000000000E+00,    0.0000000000E+00,    5.0952541946E+02
    244950,      0.676975,CP10_after_neg_clamp,   1,    0.0000000000E+00,    5.0952541946E+02,    5.0952541946E+02,    0.0000000000E+00,    0.0000000000E+00,    0.0000000000E+00,    5.0952541946E+02
    244950,      0.676975,CP11_after_MPI,   1,    0.0000000000E+00,    5.0952541946E+02,    5.0952541946E+02,    0.0000000000E+00,    0.0000000000E+00,    0.0000000000E+00,    5.0952541946E+02
    244950,      0.676975,CP12_end,   1,    0.0000000000E+00,    5.0952541946E+02,    5.0952541946E+02,    0.0000000000E+00,    0.0000000000E+00,    0.0000000000E+00,    5.0952541946E+02
    245000,      0.676975,CP0_start,   1,    0.0000000000E+00,    5.0965677298E+02,    5.0965677298E+02,    0.0000000000E+00,    0.0000000000E+00,    0.0000000000E+00,    5.0965677298E+02
    245000,      0.676975,CP1_after_deposition,   1,    0.0000000000E+00,    5.0965677298E+02,    5.0965677298E+02,    0.0000000000E+00,    0.0000000000E+00,    0.0000000000E+00,    5.0965677298E+02
    245000,      0.676975,CP2_after_erosion,   1,    0.0000000000E+00,    5.0965677298E+02,    5.0965677298E+02,    0.0000000000E+00,    0.0000000000E+00,    0.0000000000E+00,    5.0965677298E+02
    245000,      0.676975,CP3_after_update_bottom,   1,    0.0000000000E+00,    5.0965677298E+02,    5.0965677298E+02,    0.0000000000E+00,    0.0000000000E+00,    0.0000000000E+00,    5.0965677298E+02
    245000,      0.676975,CP4_after_advection,   1,    0.0000000000E+00,    5.0963633140E+02,    5.0963633140E+02,    0.0000000000E+00,    0.0000000000E+00,    0.0000000000E+00,    5.0963633140E+02
    245000,      0.676975,CP5_after_vdif,   1,    0.0000000000E+00,    5.0963633140E+02,    5.0963633140E+02,    0.0000000000E+00,    0.0000000000E+00,    0.0000000000E+00,    5.0963633140E+02
    245000,      0.676975,CP6_after_kinetics,   1,    0.0000000000E+00,    5.0963633140E+02,    5.0963633140E+02,    0.0000000000E+00,    0.0000000000E+00,    0.0000000000E+00,    5.0963633140E+02
    245000,      0.676975,CP7_after_upper_clamp,   1,    0.0000000000E+00,    5.0963633140E+02,    5.0963633140E+02,    0.0000000000E+00,    0.0000000000E+00,    0.0000000000E+00,    5.0963633140E+02
    245000,      0.676975,CP8_after_OBC,   1,    0.0000000000E+00,    5.0963633140E+02,    5.0963633140E+02,    0.0000000000E+00,    0.0000000000E+00,    0.0000000000E+00,    5.0963633140E+02
    245000,      0.676975,CP9_after_PTsource,   1,    0.0000000000E+00,    5.0963633140E+02,    5.0963633140E+02,    0.0000000000E+00,    0.0000000000E+00,    0.0000000000E+00,    5.0963633140E+02
    245000,      0.676975,CP10_after_neg_clamp,   1,    0.0000000000E+00,    5.0963633140E+02,    5.0963633140E+02,    0.0000000000E+00,    0.0000000000E+00,    0.0000000000E+00,    5.0963633140E+02
    245000,      0.676975,CP11_after_MPI,   1,    0.0000000000E+00,    5.0963633140E+02,    5.0963633140E+02,    0.0000000000E+00,    0.0000000000E+00,    0.0000000000E+00,    5.0963633140E+02
    245000,      0.676975,CP12_end,   1,    0.0000000000E+00,    5.0963633140E+02,    5.0963633140E+02,    0.0000000000E+00,    0.0000000000E+00,    0.0000000000E+00,    5.0963633140E+02
    245050,      0.676975,CP0_start,   1,    0.0000000000E+00,    5.0976026300E+02,    5.0976026300E+02,    0.0000000000E+00,    0.0000000000E+00,    0.0000000000E+00,    5.0976026300E+02
    245050,      0.676975,CP1_after_deposition,   1,    0.0000000000E+00,    5.0976026300E+02,    5.0976026300E+02,    0.0000000000E+00,    0.0000000000E+00,    0.0000000000E+00,    5.0976026300E+02
    245050,      0.676975,CP2_after_erosion,   1,    0.0000000000E+00,    5.0976026300E+02,    5.0976026300E+02,    0.0000000000E+00,    0.0000000000E+00,    0.0000000000E+00,    5.0976026300E+02
    245050,      0.676975,CP3_after_update_bottom,   1,    0.0000000000E+00,    5.0976026300E+02,    5.0976026300E+02,    0.0000000000E+00,    0.0000000000E+00,    0.0000000000E+00,    5.0976026300E+02
    245050,      0.676975,CP4_after_advection,   1,    0.0000000000E+00,    5.0973960475E+02,    5.0973960475E+02,    0.0000000000E+00,    0.0000000000E+00,    0.0000000000E+00,    5.0973960475E+02
    245050,      0.676975,CP5_after_vdif,   1,    0.0000000000E+00,    5.0973960475E+02,    5.0973960475E+02,    0.0000000000E+00,    0.0000000000E+00,    0.0000000000E+00,    5.0973960475E+02
    245050,      0.676975,CP6_after_kinetics,   1,    0.0000000000E+00,    5.0973960475E+02,    5.0973960475E+02,    0.0000000000E+00,    0.0000000000E+00,    0.0000000000E+00,    5.0973960475E+02
    245050,      0.676975,CP7_after_upper_clamp,   1,    0.0000000000E+00,    5.0973960475E+02,    5.0973960475E+02,    0.0000000000E+00,    0.0000000000E+00,    0.0000000000E+00,    5.0973960475E+02
    245050,      0.676975,CP8_after_OBC,   1,    0.0000000000E+00,    5.0973960475E+02,    5.0973960475E+02,    0.0000000000E+00,    0.0000000000E+00,    0.0000000000E+00,    5.0973960475E+02
    245050,      0.676975,CP9_after_PTsource,   1,    0.0000000000E+00,    5.0973960475E+02,    5.0973960475E+02,    0.0000000000E+00,    0.0000000000E+00,    0.0000000000E+00,    5.0973960475E+02
    245050,      0.676975,CP10_after_neg_clamp,   1,    0.0000000000E+00,    5.0973960475E+02,    5.0973960475E+02,    0.0000000000E+00,    0.0000000000E+00,    0.0000000000E+00,    5.0973960475E+02
    245050,      0.676975,CP11_after_MPI,   1,    0.0000000000E+00,    5.0973960475E+02,    5.0973960475E+02,    0.0000000000E+00,    0.0000000000E+00,    0.0000000000E+00,    5.0973960475E+02
    245050,      0.676975,CP12_end,   1,    0.0000000000E+00,    5.0973960475E+02,    5.0973960475E+02,    0.0000000000E+00,    0.0000000000E+00,    0.0000000000E+00,    5.0973960475E+02
    245100,      0.676975,CP0_start,   1,    0.0000000000E+00,    5.0986089153E+02,    5.0986089153E+02,    0.0000000000E+00,    0.0000000000E+00,    0.0000000000E+00,    5.0986089153E+02
    245100,      0.676975,CP1_after_deposition,   1,    0.0000000000E+00,    5.0986089153E+02,    5.0986089153E+02,    0.0000000000E+00,    0.0000000000E+00,    0.0000000000E+00,    5.0986089153E+02
    245100,      0.676975,CP2_after_erosion,   1,    0.0000000000E+00,    5.0986089153E+02,    5.0986089153E+02,    0.0000000000E+00,    0.0000000000E+00,    0.0000000000E+00,    5.0986089153E+02
    245100,      0.676975,CP3_after_update_bottom,   1,    0.0000000000E+00,    5.0986089153E+02,    5.0986089153E+02,    0.0000000000E+00,    0.0000000000E+00,    0.0000000000E+00,    5.0986089153E+02
    245100,      0.676975,CP4_after_advection,   1,    0.0000000000E+00,    5.0984012469E+02,    5.0984012469E+02,    0.0000000000E+00,    0.0000000000E+00,    0.0000000000E+00,    5.0984012469E+02
    245100,      0.676975,CP5_after_vdif,   1,    0.0000000000E+00,    5.0984012469E+02,    5.0984012469E+02,    0.0000000000E+00,    0.0000000000E+00,    0.0000000000E+00,    5.0984012469E+02
    245100,      0.676975,CP6_after_kinetics,   1,    0.0000000000E+00,    5.0984012469E+02,    5.0984012469E+02,    0.0000000000E+00,    0.0000000000E+00,    0.0000000000E+00,    5.0984012469E+02
    245100,      0.676975,CP7_after_upper_clamp,   1,    0.0000000000E+00,    5.0984012469E+02,    5.0984012469E+02,    0.0000000000E+00,    0.0000000000E+00,    0.0000000000E+00,    5.0984012469E+02
    245100,      0.676975,CP8_after_OBC,   1,    0.0000000000E+00,    5.0984012469E+02,    5.0984012469E+02,    0.0000000000E+00,    0.0000000000E+00,    0.0000000000E+00,    5.0984012469E+02
    245100,      0.676975,CP9_after_PTsource,   1,    0.0000000000E+00,    5.0984012469E+02,    5.0984012469E+02,    0.0000000000E+00,    0.0000000000E+00,    0.0000000000E+00,    5.0984012469E+02
    245100,      0.676975,CP10_after_neg_clamp,   1,    0.0000000000E+00,    5.0984012469E+02,    5.0984012469E+02,    0.0000000000E+00,    0.0000000000E+00,    0.0000000000E+00,    5.0984012469E+02
    245100,      0.676975,CP11_after_MPI,   1,    0.0000000000E+00,    5.0984012469E+02,    5.0984012469E+02,    0.0000000000E+00,    0.0000000000E+00,    0.0000000000E+00,    5.0984012469E+02
    245100,      0.676975,CP12_end,   1,    0.0000000000E+00,    5.0984012469E+02,    5.0984012469E+02,    0.0000000000E+00,    0.0000000000E+00,    0.0000000000E+00,    5.0984012469E+02
    245150,      0.676975,CP0_start,   1,    0.0000000000E+00,    5.0996297690E+02,    5.0996297690E+02,    0.0000000000E+00,    0.0000000000E+00,    0.0000000000E+00,    5.0996297690E+02
    245150,      0.676975,CP1_after_deposition,   1,    0.0000000000E+00,    5.0996297690E+02,    5.0996297690E+02,    0.0000000000E+00,    0.0000000000E+00,    0.0000000000E+00,    5.0996297690E+02
    245150,      0.676975,CP2_after_erosion,   1,    0.0000000000E+00,    5.0996297690E+02,    5.0996297690E+02,    0.0000000000E+00,    0.0000000000E+00,    0.0000000000E+00,    5.0996297690E+02
    245150,      0.676975,CP3_after_update_bottom,   1,    0.0000000000E+00,    5.0996297690E+02,    5.0996297690E+02,    0.0000000000E+00,    0.0000000000E+00,    0.0000000000E+00,    5.0996297690E+02
    245150,      0.676975,CP4_after_advection,   1,    0.0000000000E+00,    5.0994218172E+02,    5.0994218172E+02,    0.0000000000E+00,    0.0000000000E+00,    0.0000000000E+00,    5.0994218172E+02
    245150,      0.676975,CP5_after_vdif,   1,    0.0000000000E+00,    5.0994218172E+02,    5.0994218172E+02,    0.0000000000E+00,    0.0000000000E+00,    0.0000000000E+00,    5.0994218172E+02
    245150,      0.676975,CP6_after_kinetics,   1,    0.0000000000E+00,    5.0994218172E+02,    5.0994218172E+02,    0.0000000000E+00,    0.0000000000E+00,    0.0000000000E+00,    5.0994218172E+02
    245150,      0.676975,CP7_after_upper_clamp,   1,    0.0000000000E+00,    5.0994218172E+02,    5.0994218172E+02,    0.0000000000E+00,    0.0000000000E+00,    0.0000000000E+00,    5.0994218172E+02
    245150,      0.676975,CP8_after_OBC,   1,    0.0000000000E+00,    5.0994218172E+02,    5.0994218172E+02,    0.0000000000E+00,    0.0000000000E+00,    0.0000000000E+00,    5.0994218172E+02
    245150,      0.676975,CP9_after_PTsource,   1,    0.0000000000E+00,    5.0994218172E+02,    5.0994218172E+02,    0.0000000000E+00,    0.0000000000E+00,    0.0000000000E+00,    5.0994218172E+02
    245150,      0.676975,CP10_after_neg_clamp,   1,    0.0000000000E+00,    5.0994218172E+02,    5.0994218172E+02,    0.0000000000E+00,    0.0000000000E+00,    0.0000000000E+00,    5.0994218172E+02
    245150,      0.676975,CP11_after_MPI,   1,    0.0000000000E+00,    5.0994218172E+02,    5.0994218172E+02,    0.0000000000E+00,    0.0000000000E+00,    0.0000000000E+00,    5.0994218172E+02
    245150,      0.676975,CP12_end,   1,    0.0000000000E+00,    5.0994218172E+02,    5.0994218172E+02,    0.0000000000E+00,    0.0000000000E+00,    0.0000000000E+00,    5.0994218172E+02
    245200,      0.676975,CP0_start,   1,    0.0000000000E+00,    5.1006759709E+02,    5.1006759709E+02,    0.0000000000E+00,    0.0000000000E+00,    0.0000000000E+00,    5.1006759709E+02
    245200,      0.676975,CP1_after_deposition,   1,    0.0000000000E+00,    5.1006759709E+02,    5.1006759709E+02,    0.0000000000E+00,    0.0000000000E+00,    0.0000000000E+00,    5.1006759709E+02
    245200,      0.676975,CP2_after_erosion,   1,    0.0000000000E+00,    5.1006759709E+02,    5.1006759709E+02,    0.0000000000E+00,    0.0000000000E+00,    0.0000000000E+00,    5.1006759709E+02
    245200,      0.676975,CP3_after_update_bottom,   1,    0.0000000000E+00,    5.1006759709E+02,    5.1006759709E+02,    0.0000000000E+00,    0.0000000000E+00,    0.0000000000E+00,    5.1006759709E+02
    245200,      0.676975,CP4_after_advection,   1,    0.0000000000E+00,    5.1004676486E+02,    5.1004676486E+02,    0.0000000000E+00,    0.0000000000E+00,    0.0000000000E+00,    5.1004676486E+02
    245200,      0.676975,CP5_after_vdif,   1,    0.0000000000E+00,    5.1004676486E+02,    5.1004676486E+02,    0.0000000000E+00,    0.0000000000E+00,    0.0000000000E+00,    5.1004676486E+02
    245200,      0.676975,CP6_after_kinetics,   1,    0.0000000000E+00,    5.1004676486E+02,    5.1004676486E+02,    0.0000000000E+00,    0.0000000000E+00,    0.0000000000E+00,    5.1004676486E+02
    245200,      0.676975,CP7_after_upper_clamp,   1,    0.0000000000E+00,    5.1004676486E+02,    5.1004676486E+02,    0.0000000000E+00,    0.0000000000E+00,    0.0000000000E+00,    5.1004676486E+02
    245200,      0.676975,CP8_after_OBC,   1,    0.0000000000E+00,    5.1004676486E+02,    5.1004676486E+02,    0.0000000000E+00,    0.0000000000E+00,    0.0000000000E+00,    5.1004676486E+02
    245200,      0.676975,CP9_after_PTsource,   1,    0.0000000000E+00,    5.1004676486E+02,    5.1004676486E+02,    0.0000000000E+00,    0.0000000000E+00,    0.0000000000E+00,    5.1004676486E+02
    245200,      0.676975,CP10_after_neg_clamp,   1,    0.0000000000E+00,    5.1004676486E+02,    5.1004676486E+02,    0.0000000000E+00,    0.0000000000E+00,    0.0000000000E+00,    5.1004676486E+02
    245200,      0.676975,CP11_after_MPI,   1,    0.0000000000E+00,    5.1004676486E+02,    5.1004676486E+02,    0.0000000000E+00,    0.0000000000E+00,    0.0000000000E+00,    5.1004676486E+02
    245200,      0.676975,CP12_end,   1,    0.0000000000E+00,    5.1004676486E+02,    5.1004676486E+02,    0.0000000000E+00,    0.0000000000E+00,    0.0000000000E+00,    5.1004676486E+02
    245250,      0.676975,CP0_start,   1,    0.0000000000E+00,    5.1017357504E+02,    5.1017357504E+02,    0.0000000000E+00,    0.0000000000E+00,    0.0000000000E+00,    5.1017357504E+02
    245250,      0.676975,CP1_after_deposition,   1,    0.0000000000E+00,    5.1017357504E+02,    5.1017357504E+02,    0.0000000000E+00,    0.0000000000E+00,    0.0000000000E+00,    5.1017357504E+02
    245250,      0.676975,CP2_after_erosion,   1,                 NaN,                 NaN,                 NaN,    0.0000000000E+00,    0.0000000000E+00,    0.0000000000E+00,                 NaN
    245250,      0.676975,CP3_after_update_bottom,   1,                 NaN,                 NaN,                 NaN,    0.0000000000E+00,    0.0000000000E+00,    0.0000000000E+00,                 NaN
    245250,      0.676975,CP4_after_advection,   1,                 NaN,                 NaN,                 NaN,    0.0000000000E+00,    0.0000000000E+00,    0.0000000000E+00,                 NaN
    245250,      0.676975,CP5_after_vdif,   1,                 NaN,                 NaN,                 NaN,    0.0000000000E+00,    0.0000000000E+00,    0.0000000000E+00,                 NaN
    245250,      0.676975,CP6_after_kinetics,   1,                 NaN,                 NaN,                 NaN,    0.0000000000E+00,    0.0000000000E+00,    0.0000000000E+00,                 NaN
    245250,      0.676975,CP7_after_upper_clamp,   1,                 NaN,                 NaN,                 NaN,    0.0000000000E+00,    0.0000000000E+00,    0.0000000000E+00,                 NaN
    245250,      0.676975,CP8_after_OBC,   1,                 NaN,                 NaN,                 NaN,    0.0000000000E+00,    0.0000000000E+00,    0.0000000000E+00,                 NaN
    245250,      0.676975,CP9_after_PTsource,   1,                 NaN,                 NaN,                 NaN,    0.0000000000E+00,    0.0000000000E+00,    0.0000000000E+00,                 NaN
    245250,      0.676975,CP10_after_neg_clamp,   1,    0.0000000000E+00,    5.0954648465E+02,    5.0954648465E+02,    0.0000000000E+00,    0.0000000000E+00,    0.0000000000E+00,    5.0954648465E+02
    245250,      0.676975,CP11_after_MPI,   1,    0.0000000000E+00,    5.0954648465E+02,    5.0954648465E+02,    0.0000000000E+00,    0.0000000000E+00,    0.0000000000E+00,    5.0954648465E+02
    245250,      0.676975,CP12_end,   1,    0.0000000000E+00,    5.0954648465E+02,    5.0954648465E+02,    0.0000000000E+00,    0.0000000000E+00,    0.0000000000E+00,    5.0954648465E+02
    245300,      0.676975,CP0_start,   1,    0.0000000000E+00,    5.0978582478E+02,    5.0978582478E+02,    0.0000000000E+00,    0.0000000000E+00,    0.0000000000E+00,    5.0978582478E+02
    245300,      0.676975,CP1_after_deposition,   1,    0.0000000000E+00,    5.0978582478E+02,    5.0978582478E+02,    0.0000000000E+00,    0.0000000000E+00,    0.0000000000E+00,    5.0978582478E+02
    245300,      0.676975,CP2_after_erosion,   1,    0.0000000000E+00,    5.0978582478E+02,    5.0978582478E+02,    0.0000000000E+00,    0.0000000000E+00,    0.0000000000E+00,    5.0978582478E+02
    245300,      0.676975,CP3_after_update_bottom,   1,    0.0000000000E+00,    5.0978582478E+02,    5.0978582478E+02,    0.0000000000E+00,    0.0000000000E+00,    0.0000000000E+00,    5.0978582478E+02
    245300,      0.676975,CP4_after_advection,   1,    0.0000000000E+00,    5.0976672004E+02,    5.0976672004E+02,    0.0000000000E+00,    0.0000000000E+00,    0.0000000000E+00,    5.0976672004E+02
    245300,      0.676975,CP5_after_vdif,   1,    0.0000000000E+00,    5.0976672004E+02,    5.0976672004E+02,    0.0000000000E+00,    0.0000000000E+00,    0.0000000000E+00,    5.0976672004E+02
    245300,      0.676975,CP6_after_kinetics,   1,    0.0000000000E+00,    5.0976672004E+02,    5.0976672004E+02,    0.0000000000E+00,    0.0000000000E+00,    0.0000000000E+00,    5.0976672004E+02
    245300,      0.676975,CP7_after_upper_clamp,   1,    0.0000000000E+00,    5.0976672004E+02,    5.0976672004E+02,    0.0000000000E+00,    0.0000000000E+00,    0.0000000000E+00,    5.0976672004E+02
    245300,      0.676975,CP8_after_OBC,   1,    0.0000000000E+00,    5.0976672004E+02,    5.0976672004E+02,    0.0000000000E+00,    0.0000000000E+00,    0.0000000000E+00,    5.0976672004E+02
    245300,      0.676975,CP9_after_PTsource,   1,    0.0000000000E+00,    5.0976672004E+02,    5.0976672004E+02,    0.0000000000E+00,    0.0000000000E+00,    0.0000000000E+00,    5.0976672004E+02
    245300,      0.676975,CP10_after_neg_clamp,   1,    0.0000000000E+00,    5.0976672004E+02,    5.0976672004E+02,    0.0000000000E+00,    0.0000000000E+00,    0.0000000000E+00,    5.0976672004E+02
    245300,      0.676975,CP11_after_MPI,   1,    0.0000000000E+00,    5.0976672004E+02,    5.0976672004E+02,    0.0000000000E+00,    0.0000000000E+00,    0.0000000000E+00,    5.0976672004E+02
    245300,      0.676975,CP12_end,   1,    0.0000000000E+00,    5.0976672004E+02,    5.0976672004E+02,    0.0000000000E+00,    0.0000000000E+00,    0.0000000000E+00,    5.0976672004E+02
    245350,      0.676975,CP0_start,   1,    0.0000000000E+00,    5.0995934243E+02,    5.0995934243E+02,    0.0000000000E+00,    0.0000000000E+00,    0.0000000000E+00,    5.0995934243E+02
    245350,      0.676975,CP1_after_deposition,   1,    0.0000000000E+00,    5.0995934243E+02,    5.0995934243E+02,    0.0000000000E+00,    0.0000000000E+00,    0.0000000000E+00,    5.0995934243E+02
    245350,      0.676975,CP2_after_erosion,   1,    0.0000000000E+00,    5.0995934243E+02,    5.0995934243E+02,    0.0000000000E+00,    0.0000000000E+00,    0.0000000000E+00,    5.0995934243E+02
    245350,      0.676975,CP3_after_update_bottom,   1,    0.0000000000E+00,    5.0995934243E+02,    5.0995934243E+02,    0.0000000000E+00,    0.0000000000E+00,    0.0000000000E+00,    5.0995934243E+02
    245350,      0.676975,CP4_after_advection,   1,    0.0000000000E+00,    5.0993929664E+02,    5.0993929664E+02,    0.0000000000E+00,    0.0000000000E+00,    0.0000000000E+00,    5.0993929664E+02
    245350,      0.676975,CP5_after_vdif,   1,    0.0000000000E+00,    5.0993929664E+02,    5.0993929664E+02,    0.0000000000E+00,    0.0000000000E+00,    0.0000000000E+00,    5.0993929664E+02
    245350,      0.676975,CP6_after_kinetics,   1,    0.0000000000E+00,    5.0993929664E+02,    5.0993929664E+02,    0.0000000000E+00,    0.0000000000E+00,    0.0000000000E+00,    5.0993929664E+02
    245350,      0.676975,CP7_after_upper_clamp,   1,    0.0000000000E+00,    5.0993929664E+02,    5.0993929664E+02,    0.0000000000E+00,    0.0000000000E+00,    0.0000000000E+00,    5.0993929664E+02
    245350,      0.676975,CP8_after_OBC,   1,    0.0000000000E+00,    5.0993929664E+02,    5.0993929664E+02,    0.0000000000E+00,    0.0000000000E+00,    0.0000000000E+00,    5.0993929664E+02
    245350,      0.676975,CP9_after_PTsource,   1,    0.0000000000E+00,    5.0993929664E+02,    5.0993929664E+02,    0.0000000000E+00,    0.0000000000E+00,    0.0000000000E+00,    5.0993929664E+02
    245350,      0.676975,CP10_after_neg_clamp,   1,    0.0000000000E+00,    5.0993929664E+02,    5.0993929664E+02,    0.0000000000E+00,    0.0000000000E+00,    0.0000000000E+00,    5.0993929664E+02
    245350,      0.676975,CP11_after_MPI,   1,    0.0000000000E+00,    5.0993929664E+02,    5.0993929664E+02,    0.0000000000E+00,    0.0000000000E+00,    0.0000000000E+00,    5.0993929664E+02
    245350,      0.676975,CP12_end,   1,    0.0000000000E+00,    5.0993929664E+02,    5.0993929664E+02,    0.0000000000E+00,    0.0000000000E+00,    0.0000000000E+00,    5.0993929664E+02
    245400,      0.676975,CP0_start,   1,    0.0000000000E+00,    5.1010104433E+02,    5.1010104433E+02,    0.0000000000E+00,    0.0000000000E+00,    0.0000000000E+00,    5.1010104433E+02
    245400,      0.676975,CP1_after_deposition,   1,    0.0000000000E+00,    5.1010104433E+02,    5.1010104433E+02,    0.0000000000E+00,    0.0000000000E+00,    0.0000000000E+00,    5.1010104433E+02
    245400,      0.676975,CP2_after_erosion,   1,    0.0000000000E+00,    5.1010104433E+02,    5.1010104433E+02,    0.0000000000E+00,    0.0000000000E+00,    0.0000000000E+00,    5.1010104433E+02
    245400,      0.676975,CP3_after_update_bottom,   1,    0.0000000000E+00,    5.1010104433E+02,    5.1010104433E+02,    0.0000000000E+00,    0.0000000000E+00,    0.0000000000E+00,    5.1010104433E+02
    245400,      0.676975,CP4_after_advection,   1,    0.0000000000E+00,    5.1008054136E+02,    5.1008054136E+02,    0.0000000000E+00,    0.0000000000E+00,    0.0000000000E+00,    5.1008054136E+02
    245400,      0.676975,CP5_after_vdif,   1,    0.0000000000E+00,    5.1008054136E+02,    5.1008054136E+02,    0.0000000000E+00,    0.0000000000E+00,    0.0000000000E+00,    5.1008054136E+02
    245400,      0.676975,CP6_after_kinetics,   1,    0.0000000000E+00,    5.1008054136E+02,    5.1008054136E+02,    0.0000000000E+00,    0.0000000000E+00,    0.0000000000E+00,    5.1008054136E+02
    245400,      0.676975,CP7_after_upper_clamp,   1,    0.0000000000E+00,    5.1008054136E+02,    5.1008054136E+02,    0.0000000000E+00,    0.0000000000E+00,    0.0000000000E+00,    5.1008054136E+02
    245400,      0.676975,CP8_after_OBC,   1,    0.0000000000E+00,    5.1008054136E+02,    5.1008054136E+02,    0.0000000000E+00,    0.0000000000E+00,    0.0000000000E+00,    5.1008054136E+02
    245400,      0.676975,CP9_after_PTsource,   1,    0.0000000000E+00,    5.1008054136E+02,    5.1008054136E+02,    0.0000000000E+00,    0.0000000000E+00,    0.0000000000E+00,    5.1008054136E+02
    245400,      0.676975,CP10_after_neg_clamp,   1,    0.0000000000E+00,    5.1008054136E+02,    5.1008054136E+02,    0.0000000000E+00,    0.0000000000E+00,    0.0000000000E+00,    5.1008054136E+02
    245400,      0.676975,CP11_after_MPI,   1,    0.0000000000E+00,    5.1008054136E+02,    5.1008054136E+02,    0.0000000000E+00,    0.0000000000E+00,    0.0000000000E+00,    5.1008054136E+02
    245400,      0.676975,CP12_end,   1,    0.0000000000E+00,    5.1008054136E+02,    5.1008054136E+02,    0.0000000000E+00,    0.0000000000E+00,    0.0000000000E+00,    5.1008054136E+02
    245450,      0.676975,CP0_start,   1,    0.0000000000E+00,    5.1022887149E+02,    5.1022887149E+02,    0.0000000000E+00,    0.0000000000E+00,    0.0000000000E+00,    5.1022887149E+02
    245450,      0.676975,CP1_after_deposition,   1,    0.0000000000E+00,    5.1022887149E+02,    5.1022887149E+02,    0.0000000000E+00,    0.0000000000E+00,    0.0000000000E+00,    5.1022887149E+02
    245450,      0.676975,CP2_after_erosion,   1,    0.0000000000E+00,    5.1022887149E+02,    5.1022887149E+02,    0.0000000000E+00,    0.0000000000E+00,    0.0000000000E+00,    5.1022887149E+02
    245450,      0.676975,CP3_after_update_bottom,   1,    0.0000000000E+00,    5.1022887149E+02,    5.1022887149E+02,    0.0000000000E+00,    0.0000000000E+00,    0.0000000000E+00,    5.1022887149E+02
    245450,      0.676975,CP4_after_advection,   1,    0.0000000000E+00,    5.1020811670E+02,    5.1020811670E+02,    0.0000000000E+00,    0.0000000000E+00,    0.0000000000E+00,    5.1020811670E+02
    245450,      0.676975,CP5_after_vdif,   1,    0.0000000000E+00,    5.1020811670E+02,    5.1020811670E+02,    0.0000000000E+00,    0.0000000000E+00,    0.0000000000E+00,    5.1020811670E+02
    245450,      0.676975,CP6_after_kinetics,   1,    0.0000000000E+00,    5.1020811670E+02,    5.1020811670E+02,    0.0000000000E+00,    0.0000000000E+00,    0.0000000000E+00,    5.1020811670E+02
    245450,      0.676975,CP7_after_upper_clamp,   1,    0.0000000000E+00,    5.1020811670E+02,    5.1020811670E+02,    0.0000000000E+00,    0.0000000000E+00,    0.0000000000E+00,    5.1020811670E+02
    245450,      0.676975,CP8_after_OBC,   1,    0.0000000000E+00,    5.1020811670E+02,    5.1020811670E+02,    0.0000000000E+00,    0.0000000000E+00,    0.0000000000E+00,    5.1020811670E+02
    245450,      0.676975,CP9_after_PTsource,   1,    0.0000000000E+00,    5.1020811670E+02,    5.1020811670E+02,    0.0000000000E+00,    0.0000000000E+00,    0.0000000000E+00,    5.1020811670E+02
    245450,      0.676975,CP10_after_neg_clamp,   1,    0.0000000000E+00,    5.1020811670E+02,    5.1020811670E+02,    0.0000000000E+00,    0.0000000000E+00,    0.0000000000E+00,    5.1020811670E+02
    245450,      0.676975,CP11_after_MPI,   1,    0.0000000000E+00,    5.1020811670E+02,    5.1020811670E+02,    0.0000000000E+00,    0.0000000000E+00,    0.0000000000E+00,    5.1020811670E+02
    245450,      0.676975,CP12_end,   1,    0.0000000000E+00,    5.1020811670E+02,    5.1020811670E+02,    0.0000000000E+00,    0.0000000000E+00,    0.0000000000E+00,    5.1020811670E+02
    245500,      0.676975,CP0_start,   1,    0.0000000000E+00,    5.1034833961E+02,    5.1034833961E+02,    0.0000000000E+00,    0.0000000000E+00,    0.0000000000E+00,    5.1034833961E+02
    245500,      0.676975,CP1_after_deposition,   1,    0.0000000000E+00,    5.1034833961E+02,    5.1034833961E+02,    0.0000000000E+00,    0.0000000000E+00,    0.0000000000E+00,    5.1034833961E+02
    245500,      0.676975,CP2_after_erosion,   1,    0.0000000000E+00,    5.1034833961E+02,    5.1034833961E+02,    0.0000000000E+00,    0.0000000000E+00,    0.0000000000E+00,    5.1034833961E+02
    245500,      0.676975,CP3_after_update_bottom,   1,    0.0000000000E+00,    5.1034833961E+02,    5.1034833961E+02,    0.0000000000E+00,    0.0000000000E+00,    0.0000000000E+00,    5.1034833961E+02
    245500,      0.676975,CP4_after_advection,   1,    0.0000000000E+00,    5.1032738069E+02,    5.1032738069E+02,    0.0000000000E+00,    0.0000000000E+00,    0.0000000000E+00,    5.1032738069E+02
    245500,      0.676975,CP5_after_vdif,   1,    0.0000000000E+00,    5.1032738069E+02,    5.1032738069E+02,    0.0000000000E+00,    0.0000000000E+00,    0.0000000000E+00,    5.1032738069E+02
    245500,      0.676975,CP6_after_kinetics,   1,    0.0000000000E+00,    5.1032738069E+02,    5.1032738069E+02,    0.0000000000E+00,    0.0000000000E+00,    0.0000000000E+00,    5.1032738069E+02
    245500,      0.676975,CP7_after_upper_clamp,   1,    0.0000000000E+00,    5.1032738069E+02,    5.1032738069E+02,    0.0000000000E+00,    0.0000000000E+00,    0.0000000000E+00,    5.1032738069E+02
    245500,      0.676975,CP8_after_OBC,   1,    0.0000000000E+00,    5.1032738069E+02,    5.1032738069E+02,    0.0000000000E+00,    0.0000000000E+00,    0.0000000000E+00,    5.1032738069E+02
    245500,      0.676975,CP9_after_PTsource,   1,    0.0000000000E+00,    5.1032738069E+02,    5.1032738069E+02,    0.0000000000E+00,    0.0000000000E+00,    0.0000000000E+00,    5.1032738069E+02
    245500,      0.676975,CP10_after_neg_clamp,   1,    0.0000000000E+00,    5.1032738069E+02,    5.1032738069E+02,    0.0000000000E+00,    0.0000000000E+00,    0.0000000000E+00,    5.1032738069E+02
    245500,      0.676975,CP11_after_MPI,   1,    0.0000000000E+00,    5.1032738069E+02,    5.1032738069E+02,    0.0000000000E+00,    0.0000000000E+00,    0.0000000000E+00,    5.1032738069E+02
    245500,      0.676975,CP12_end,   1,    0.0000000000E+00,    5.1032738069E+02,    5.1032738069E+02,    0.0000000000E+00,    0.0000000000E+00,    0.0000000000E+00,    5.1032738069E+02
    245550,      0.676976,CP0_start,   1,    0.0000000000E+00,    5.1046224027E+02,    5.1046224027E+02,    0.0000000000E+00,    0.0000000000E+00,    0.0000000000E+00,    5.1046224027E+02
    245550,      0.676976,CP1_after_deposition,   1,    0.0000000000E+00,    5.1046224027E+02,    5.1046224027E+02,    0.0000000000E+00,    0.0000000000E+00,    0.0000000000E+00,    5.1046224027E+02
    245550,      0.676976,CP2_after_erosion,   1,    0.0000000000E+00,    5.1046224027E+02,    5.1046224027E+02,    0.0000000000E+00,    0.0000000000E+00,    0.0000000000E+00,    5.1046224027E+02
    245550,      0.676976,CP3_after_update_bottom,   1,    0.0000000000E+00,    5.1046224027E+02,    5.1046224027E+02,    0.0000000000E+00,    0.0000000000E+00,    0.0000000000E+00,    5.1046224027E+02
    245550,      0.676976,CP4_after_advection,   1,    0.0000000000E+00,    5.1044113514E+02,    5.1044113514E+02,    0.0000000000E+00,    0.0000000000E+00,    0.0000000000E+00,    5.1044113514E+02
    245550,      0.676976,CP5_after_vdif,   1,    0.0000000000E+00,    5.1044113514E+02,    5.1044113514E+02,    0.0000000000E+00,    0.0000000000E+00,    0.0000000000E+00,    5.1044113514E+02
    245550,      0.676976,CP6_after_kinetics,   1,    0.0000000000E+00,    5.1044113514E+02,    5.1044113514E+02,    0.0000000000E+00,    0.0000000000E+00,    0.0000000000E+00,    5.1044113514E+02
    245550,      0.676976,CP7_after_upper_clamp,   1,    0.0000000000E+00,    5.1044113514E+02,    5.1044113514E+02,    0.0000000000E+00,    0.0000000000E+00,    0.0000000000E+00,    5.1044113514E+02
    245550,      0.676976,CP8_after_OBC,   1,    0.0000000000E+00,    5.1044113514E+02,    5.1044113514E+02,    0.0000000000E+00,    0.0000000000E+00,    0.0000000000E+00,    5.1044113514E+02
    245550,      0.676976,CP9_after_PTsource,   1,    0.0000000000E+00,    5.1044113514E+02,    5.1044113514E+02,    0.0000000000E+00,    0.0000000000E+00,    0.0000000000E+00,    5.1044113514E+02
    245550,      0.676976,CP10_after_neg_clamp,   1,    0.0000000000E+00,    5.1044113514E+02,    5.1044113514E+02,    0.0000000000E+00,    0.0000000000E+00,    0.0000000000E+00,    5.1044113514E+02
    245550,      0.676976,CP11_after_MPI,   1,    0.0000000000E+00,    5.1044113514E+02,    5.1044113514E+02,    0.0000000000E+00,    0.0000000000E+00,    0.0000000000E+00,    5.1044113514E+02
    245550,      0.676976,CP12_end,   1,    0.0000000000E+00,    5.1044113514E+02,    5.1044113514E+02,    0.0000000000E+00,    0.0000000000E+00,    0.0000000000E+00,    5.1044113514E+02
    245600,      0.676976,CP0_start,   1,    0.0000000000E+00,    5.1057306921E+02,    5.1057306921E+02,    0.0000000000E+00,    0.0000000000E+00,    0.0000000000E+00,    5.1057306921E+02
    245600,      0.676976,CP1_after_deposition,   1,    0.0000000000E+00,    5.1057306921E+02,    5.1057306921E+02,    0.0000000000E+00,    0.0000000000E+00,    0.0000000000E+00,    5.1057306921E+02
    245600,      0.676976,CP2_after_erosion,   1,    0.0000000000E+00,    5.1057306921E+02,    5.1057306921E+02,    0.0000000000E+00,    0.0000000000E+00,    0.0000000000E+00,    5.1057306921E+02
    245600,      0.676976,CP3_after_update_bottom,   1,    0.0000000000E+00,    5.1057306921E+02,    5.1057306921E+02,    0.0000000000E+00,    0.0000000000E+00,    0.0000000000E+00,    5.1057306921E+02
    245600,      0.676976,CP4_after_advection,   1,    0.0000000000E+00,    5.1055185439E+02,    5.1055185439E+02,    0.0000000000E+00,    0.0000000000E+00,    0.0000000000E+00,    5.1055185439E+02
    245600,      0.676976,CP5_after_vdif,   1,    0.0000000000E+00,    5.1055185439E+02,    5.1055185439E+02,    0.0000000000E+00,    0.0000000000E+00,    0.0000000000E+00,    5.1055185439E+02
    245600,      0.676976,CP6_after_kinetics,   1,    0.0000000000E+00,    5.1055185439E+02,    5.1055185439E+02,    0.0000000000E+00,    0.0000000000E+00,    0.0000000000E+00,    5.1055185439E+02
    245600,      0.676976,CP7_after_upper_clamp,   1,    0.0000000000E+00,    5.1055185439E+02,    5.1055185439E+02,    0.0000000000E+00,    0.0000000000E+00,    0.0000000000E+00,    5.1055185439E+02
    245600,      0.676976,CP8_after_OBC,   1,    0.0000000000E+00,    5.1055185439E+02,    5.1055185439E+02,    0.0000000000E+00,    0.0000000000E+00,    0.0000000000E+00,    5.1055185439E+02
    245600,      0.676976,CP9_after_PTsource,   1,    0.0000000000E+00,    5.1055185439E+02,    5.1055185439E+02,    0.0000000000E+00,    0.0000000000E+00,    0.0000000000E+00,    5.1055185439E+02
    245600,      0.676976,CP10_after_neg_clamp,   1,    0.0000000000E+00,    5.1055185439E+02,    5.1055185439E+02,    0.0000000000E+00,    0.0000000000E+00,    0.0000000000E+00,    5.1055185439E+02
    245600,      0.676976,CP11_after_MPI,   1,    0.0000000000E+00,    5.1055185439E+02,    5.1055185439E+02,    0.0000000000E+00,    0.0000000000E+00,    0.0000000000E+00,    5.1055185439E+02
    245600,      0.676976,CP12_end,   1,    0.0000000000E+00,    5.1055185439E+02,    5.1055185439E+02,    0.0000000000E+00,    0.0000000000E+00,    0.0000000000E+00,    5.1055185439E+02
    245650,      0.676976,CP0_start,   1,    0.0000000000E+00,    5.1068184845E+02,    5.1068184845E+02,    0.0000000000E+00,    0.0000000000E+00,    0.0000000000E+00,    5.1068184845E+02
    245650,      0.676976,CP1_after_deposition,   1,    0.0000000000E+00,    5.1068184845E+02,    5.1068184845E+02,    0.0000000000E+00,    0.0000000000E+00,    0.0000000000E+00,    5.1068184845E+02
    245650,      0.676976,CP2_after_erosion,   1,    0.0000000000E+00,    5.1068184845E+02,    5.1068184845E+02,    0.0000000000E+00,    0.0000000000E+00,    0.0000000000E+00,    5.1068184845E+02
    245650,      0.676976,CP3_after_update_bottom,   1,    0.0000000000E+00,    5.1068184845E+02,    5.1068184845E+02,    0.0000000000E+00,    0.0000000000E+00,    0.0000000000E+00,    5.1068184845E+02
    245650,      0.676976,CP4_after_advection,   1,    0.0000000000E+00,    5.1066052804E+02,    5.1066052804E+02,    0.0000000000E+00,    0.0000000000E+00,    0.0000000000E+00,    5.1066052804E+02
    245650,      0.676976,CP5_after_vdif,   1,    0.0000000000E+00,    5.1066052804E+02,    5.1066052804E+02,    0.0000000000E+00,    0.0000000000E+00,    0.0000000000E+00,    5.1066052804E+02
    245650,      0.676976,CP6_after_kinetics,   1,    0.0000000000E+00,    5.1066052804E+02,    5.1066052804E+02,    0.0000000000E+00,    0.0000000000E+00,    0.0000000000E+00,    5.1066052804E+02
    245650,      0.676976,CP7_after_upper_clamp,   1,    0.0000000000E+00,    5.1066052804E+02,    5.1066052804E+02,    0.0000000000E+00,    0.0000000000E+00,    0.0000000000E+00,    5.1066052804E+02
    245650,      0.676976,CP8_after_OBC,   1,    0.0000000000E+00,    5.1066052804E+02,    5.1066052804E+02,    0.0000000000E+00,    0.0000000000E+00,    0.0000000000E+00,    5.1066052804E+02
    245650,      0.676976,CP9_after_PTsource,   1,    0.0000000000E+00,    5.1066052804E+02,    5.1066052804E+02,    0.0000000000E+00,    0.0000000000E+00,    0.0000000000E+00,    5.1066052804E+02
    245650,      0.676976,CP10_after_neg_clamp,   1,    0.0000000000E+00,    5.1066052804E+02,    5.1066052804E+02,    0.0000000000E+00,    0.0000000000E+00,    0.0000000000E+00,    5.1066052804E+02
    245650,      0.676976,CP11_after_MPI,   1,    0.0000000000E+00,    5.1066052804E+02,    5.1066052804E+02,    0.0000000000E+00,    0.0000000000E+00,    0.0000000000E+00,    5.1066052804E+02
    245650,      0.676976,CP12_end,   1,    0.0000000000E+00,    5.1066052804E+02,    5.1066052804E+02,    0.0000000000E+00,    0.0000000000E+00,    0.0000000000E+00,    5.1066052804E+02
    245700,      0.676976,CP0_start,   1,    0.0000000000E+00,    5.1078819112E+02,    5.1078819112E+02,    0.0000000000E+00,    0.0000000000E+00,    0.0000000000E+00,    5.1078819112E+02
    245700,      0.676976,CP1_after_deposition,   1,    0.0000000000E+00,    5.1078819112E+02,    5.1078819112E+02,    0.0000000000E+00,    0.0000000000E+00,    0.0000000000E+00,    5.1078819112E+02
    245700,      0.676976,CP2_after_erosion,   1,    0.0000000000E+00,    5.1078819112E+02,    5.1078819112E+02,    0.0000000000E+00,    0.0000000000E+00,    0.0000000000E+00,    5.1078819112E+02
    245700,      0.676976,CP3_after_update_bottom,   1,    0.0000000000E+00,    5.1078819112E+02,    5.1078819112E+02,    0.0000000000E+00,    0.0000000000E+00,    0.0000000000E+00,    5.1078819112E+02
    245700,      0.676976,CP4_after_advection,   1,    0.0000000000E+00,    5.1076676987E+02,    5.1076676987E+02,    0.0000000000E+00,    0.0000000000E+00,    0.0000000000E+00,    5.1076676987E+02
    245700,      0.676976,CP5_after_vdif,   1,    0.0000000000E+00,    5.1076676987E+02,    5.1076676987E+02,    0.0000000000E+00,    0.0000000000E+00,    0.0000000000E+00,    5.1076676987E+02
    245700,      0.676976,CP6_after_kinetics,   1,    0.0000000000E+00,    5.1076676987E+02,    5.1076676987E+02,    0.0000000000E+00,    0.0000000000E+00,    0.0000000000E+00,    5.1076676987E+02
    245700,      0.676976,CP7_after_upper_clamp,   1,    0.0000000000E+00,    5.1076676987E+02,    5.1076676987E+02,    0.0000000000E+00,    0.0000000000E+00,    0.0000000000E+00,    5.1076676987E+02
    245700,      0.676976,CP8_after_OBC,   1,    0.0000000000E+00,    5.1076676987E+02,    5.1076676987E+02,    0.0000000000E+00,    0.0000000000E+00,    0.0000000000E+00,    5.1076676987E+02
    245700,      0.676976,CP9_after_PTsource,   1,    0.0000000000E+00,    5.1076676987E+02,    5.1076676987E+02,    0.0000000000E+00,    0.0000000000E+00,    0.0000000000E+00,    5.1076676987E+02
    245700,      0.676976,CP10_after_neg_clamp,   1,    0.0000000000E+00,    5.1076676987E+02,    5.1076676987E+02,    0.0000000000E+00,    0.0000000000E+00,    0.0000000000E+00,    5.1076676987E+02
    245700,      0.676976,CP11_after_MPI,   1,    0.0000000000E+00,    5.1076676987E+02,    5.1076676987E+02,    0.0000000000E+00,    0.0000000000E+00,    0.0000000000E+00,    5.1076676987E+02
    245700,      0.676976,CP12_end,   1,    0.0000000000E+00,    5.1076676987E+02,    5.1076676987E+02,    0.0000000000E+00,    0.0000000000E+00,    0.0000000000E+00,    5.1076676987E+02
    245750,      0.676976,CP0_start,   1,    0.0000000000E+00,    5.1089254584E+02,    5.1089254584E+02,    0.0000000000E+00,    0.0000000000E+00,    0.0000000000E+00,    5.1089254584E+02
    245750,      0.676976,CP1_after_deposition,   1,    0.0000000000E+00,    5.1089254584E+02,    5.1089254584E+02,    0.0000000000E+00,    0.0000000000E+00,    0.0000000000E+00,    5.1089254584E+02
    245750,      0.676976,CP2_after_erosion,   1,    0.0000000000E+00,    5.1089254584E+02,    5.1089254584E+02,    0.0000000000E+00,    0.0000000000E+00,    0.0000000000E+00,    5.1089254584E+02
    245750,      0.676976,CP3_after_update_bottom,   1,    0.0000000000E+00,    5.1089254584E+02,    5.1089254584E+02,    0.0000000000E+00,    0.0000000000E+00,    0.0000000000E+00,    5.1089254584E+02
    245750,      0.676976,CP4_after_advection,   1,    0.0000000000E+00,    5.1087111100E+02,    5.1087111100E+02,    0.0000000000E+00,    0.0000000000E+00,    0.0000000000E+00,    5.1087111100E+02
    245750,      0.676976,CP5_after_vdif,   1,    0.0000000000E+00,    5.1087111100E+02,    5.1087111100E+02,    0.0000000000E+00,    0.0000000000E+00,    0.0000000000E+00,    5.1087111100E+02
    245750,      0.676976,CP6_after_kinetics,   1,    0.0000000000E+00,    5.1087111100E+02,    5.1087111100E+02,    0.0000000000E+00,    0.0000000000E+00,    0.0000000000E+00,    5.1087111100E+02
    245750,      0.676976,CP7_after_upper_clamp,   1,    0.0000000000E+00,    5.1087111100E+02,    5.1087111100E+02,    0.0000000000E+00,    0.0000000000E+00,    0.0000000000E+00,    5.1087111100E+02
    245750,      0.676976,CP8_after_OBC,   1,    0.0000000000E+00,    5.1087111100E+02,    5.1087111100E+02,    0.0000000000E+00,    0.0000000000E+00,    0.0000000000E+00,    5.1087111100E+02
    245750,      0.676976,CP9_after_PTsource,   1,    0.0000000000E+00,    5.1087111100E+02,    5.1087111100E+02,    0.0000000000E+00,    0.0000000000E+00,    0.0000000000E+00,    5.1087111100E+02
    245750,      0.676976,CP10_after_neg_clamp,   1,    0.0000000000E+00,    5.1087111100E+02,    5.1087111100E+02,    0.0000000000E+00,    0.0000000000E+00,    0.0000000000E+00,    5.1087111100E+02
    245750,      0.676976,CP11_after_MPI,   1,    0.0000000000E+00,    5.1087111100E+02,    5.1087111100E+02,    0.0000000000E+00,    0.0000000000E+00,    0.0000000000E+00,    5.1087111100E+02
    245750,      0.676976,CP12_end,   1,    0.0000000000E+00,    5.1087111100E+02,    5.1087111100E+02,    0.0000000000E+00,    0.0000000000E+00,    0.0000000000E+00,    5.1087111100E+02
    245800,      0.676976,CP0_start,   1,    0.0000000000E+00,    5.1099988124E+02,    5.1099988124E+02,    0.0000000000E+00,    0.0000000000E+00,    0.0000000000E+00,    5.1099988124E+02
    245800,      0.676976,CP1_after_deposition,   1,    0.0000000000E+00,    5.1099988124E+02,    5.1099988124E+02,    0.0000000000E+00,    0.0000000000E+00,    0.0000000000E+00,    5.1099988124E+02
    245800,      0.676976,CP2_after_erosion,   1,    0.0000000000E+00,    5.1099988124E+02,    5.1099988124E+02,    0.0000000000E+00,    0.0000000000E+00,    0.0000000000E+00,    5.1099988124E+02
    245800,      0.676976,CP3_after_update_bottom,   1,    0.0000000000E+00,    5.1099988124E+02,    5.1099988124E+02,    0.0000000000E+00,    0.0000000000E+00,    0.0000000000E+00,    5.1099988124E+02
    245800,      0.676976,CP4_after_advection,   1,    0.0000000000E+00,    5.1097850069E+02,    5.1097850069E+02,    0.0000000000E+00,    0.0000000000E+00,    0.0000000000E+00,    5.1097850069E+02
    245800,      0.676976,CP5_after_vdif,   1,    0.0000000000E+00,    5.1097850069E+02,    5.1097850069E+02,    0.0000000000E+00,    0.0000000000E+00,    0.0000000000E+00,    5.1097850069E+02
    245800,      0.676976,CP6_after_kinetics,   1,    0.0000000000E+00,    5.1097850069E+02,    5.1097850069E+02,    0.0000000000E+00,    0.0000000000E+00,    0.0000000000E+00,    5.1097850069E+02
    245800,      0.676976,CP7_after_upper_clamp,   1,    0.0000000000E+00,    5.1097850069E+02,    5.1097850069E+02,    0.0000000000E+00,    0.0000000000E+00,    0.0000000000E+00,    5.1097850069E+02
    245800,      0.676976,CP8_after_OBC,   1,    0.0000000000E+00,    5.1097850069E+02,    5.1097850069E+02,    0.0000000000E+00,    0.0000000000E+00,    0.0000000000E+00,    5.1097850069E+02
    245800,      0.676976,CP9_after_PTsource,   1,    0.0000000000E+00,    5.1097850069E+02,    5.1097850069E+02,    0.0000000000E+00,    0.0000000000E+00,    0.0000000000E+00,    5.1097850069E+02
    245800,      0.676976,CP10_after_neg_clamp,   1,    0.0000000000E+00,    5.1097850069E+02,    5.1097850069E+02,    0.0000000000E+00,    0.0000000000E+00,    0.0000000000E+00,    5.1097850069E+02
    245800,      0.676976,CP11_after_MPI,   1,    0.0000000000E+00,    5.1097850069E+02,    5.1097850069E+02,    0.0000000000E+00,    0.0000000000E+00,    0.0000000000E+00,    5.1097850069E+02
    245800,      0.676976,CP12_end,   1,    0.0000000000E+00,    5.1097850069E+02,    5.1097850069E+02,    0.0000000000E+00,    0.0000000000E+00,    0.0000000000E+00,    5.1097850069E+02
    245850,      0.676976,CP0_start,   1,    0.0000000000E+00,    5.1111225511E+02,    5.1111225511E+02,    0.0000000000E+00,    0.0000000000E+00,    0.0000000000E+00,    5.1111225511E+02
    245850,      0.676976,CP1_after_deposition,   1,    0.0000000000E+00,    5.1111225511E+02,    5.1111225511E+02,    0.0000000000E+00,    0.0000000000E+00,    0.0000000000E+00,    5.1111225511E+02
    245850,      0.676976,CP2_after_erosion,   1,    0.0000000000E+00,    5.1111225511E+02,    5.1111225511E+02,    0.0000000000E+00,    0.0000000000E+00,    0.0000000000E+00,    5.1111225511E+02
    245850,      0.676976,CP3_after_update_bottom,   1,    0.0000000000E+00,    5.1111225511E+02,    5.1111225511E+02,    0.0000000000E+00,    0.0000000000E+00,    0.0000000000E+00,    5.1111225511E+02
    245850,      0.676976,CP4_after_advection,   1,    0.0000000000E+00,    5.1109096476E+02,    5.1109096476E+02,    0.0000000000E+00,    0.0000000000E+00,    0.0000000000E+00,    5.1109096476E+02
    245850,      0.676976,CP5_after_vdif,   1,    0.0000000000E+00,    5.1109096476E+02,    5.1109096476E+02,    0.0000000000E+00,    0.0000000000E+00,    0.0000000000E+00,    5.1109096476E+02
    245850,      0.676976,CP6_after_kinetics,   1,    0.0000000000E+00,    5.1109096476E+02,    5.1109096476E+02,    0.0000000000E+00,    0.0000000000E+00,    0.0000000000E+00,    5.1109096476E+02
    245850,      0.676976,CP7_after_upper_clamp,   1,    0.0000000000E+00,    5.1109096476E+02,    5.1109096476E+02,    0.0000000000E+00,    0.0000000000E+00,    0.0000000000E+00,    5.1109096476E+02
    245850,      0.676976,CP8_after_OBC,   1,    0.0000000000E+00,    5.1109096476E+02,    5.1109096476E+02,    0.0000000000E+00,    0.0000000000E+00,    0.0000000000E+00,    5.1109096476E+02
    245850,      0.676976,CP9_after_PTsource,   1,    0.0000000000E+00,    5.1109096476E+02,    5.1109096476E+02,    0.0000000000E+00,    0.0000000000E+00,    0.0000000000E+00,    5.1109096476E+02
    245850,      0.676976,CP10_after_neg_clamp,   1,    0.0000000000E+00,    5.1109096476E+02,    5.1109096476E+02,    0.0000000000E+00,    0.0000000000E+00,    0.0000000000E+00,    5.1109096476E+02
    245850,      0.676976,CP11_after_MPI,   1,    0.0000000000E+00,    5.1109096476E+02,    5.1109096476E+02,    0.0000000000E+00,    0.0000000000E+00,    0.0000000000E+00,    5.1109096476E+02
    245850,      0.676976,CP12_end,   1,    0.0000000000E+00,    5.1109096476E+02,    5.1109096476E+02,    0.0000000000E+00,    0.0000000000E+00,    0.0000000000E+00,    5.1109096476E+02
    245900,      0.676976,CP0_start,   1,    0.0000000000E+00,    5.1123113780E+02,    5.1123113780E+02,    0.0000000000E+00,    0.0000000000E+00,    0.0000000000E+00,    5.1123113780E+02
    245900,      0.676976,CP1_after_deposition,   1,    0.0000000000E+00,    5.1123113780E+02,    5.1123113780E+02,    0.0000000000E+00,    0.0000000000E+00,    0.0000000000E+00,    5.1123113780E+02
    245900,      0.676976,CP2_after_erosion,   1,    0.0000000000E+00,    5.1123113780E+02,    5.1123113780E+02,    0.0000000000E+00,    0.0000000000E+00,    0.0000000000E+00,    5.1123113780E+02
    245900,      0.676976,CP3_after_update_bottom,   1,    0.0000000000E+00,    5.1123113780E+02,    5.1123113780E+02,    0.0000000000E+00,    0.0000000000E+00,    0.0000000000E+00,    5.1123113780E+02
    245900,      0.676976,CP4_after_advection,   1,    0.0000000000E+00,    5.1120996124E+02,    5.1120996124E+02,    0.0000000000E+00,    0.0000000000E+00,    0.0000000000E+00,    5.1120996124E+02
    245900,      0.676976,CP5_after_vdif,   1,    0.0000000000E+00,    5.1120996124E+02,    5.1120996124E+02,    0.0000000000E+00,    0.0000000000E+00,    0.0000000000E+00,    5.1120996124E+02
    245900,      0.676976,CP6_after_kinetics,   1,    0.0000000000E+00,    5.1120996124E+02,    5.1120996124E+02,    0.0000000000E+00,    0.0000000000E+00,    0.0000000000E+00,    5.1120996124E+02
    245900,      0.676976,CP7_after_upper_clamp,   1,    0.0000000000E+00,    5.1120996124E+02,    5.1120996124E+02,    0.0000000000E+00,    0.0000000000E+00,    0.0000000000E+00,    5.1120996124E+02
    245900,      0.676976,CP8_after_OBC,   1,    0.0000000000E+00,    5.1120996124E+02,    5.1120996124E+02,    0.0000000000E+00,    0.0000000000E+00,    0.0000000000E+00,    5.1120996124E+02
    245900,      0.676976,CP9_after_PTsource,   1,    0.0000000000E+00,    5.1120996124E+02,    5.1120996124E+02,    0.0000000000E+00,    0.0000000000E+00,    0.0000000000E+00,    5.1120996124E+02
    245900,      0.676976,CP10_after_neg_clamp,   1,    0.0000000000E+00,    5.1120996124E+02,    5.1120996124E+02,    0.0000000000E+00,    0.0000000000E+00,    0.0000000000E+00,    5.1120996124E+02
    245900,      0.676976,CP11_after_MPI,   1,    0.0000000000E+00,    5.1120996124E+02,    5.1120996124E+02,    0.0000000000E+00,    0.0000000000E+00,    0.0000000000E+00,    5.1120996124E+02
    245900,      0.676976,CP12_end,   1,    0.0000000000E+00,    5.1120996124E+02,    5.1120996124E+02,    0.0000000000E+00,    0.0000000000E+00,    0.0000000000E+00,    5.1120996124E+02
    245950,      0.676976,CP0_start,   1,    0.0000000000E+00,    5.1135643101E+02,    5.1135643101E+02,    0.0000000000E+00,    0.0000000000E+00,    0.0000000000E+00,    5.1135643101E+02
    245950,      0.676976,CP1_after_deposition,   1,    0.0000000000E+00,    5.1135643101E+02,    5.1135643101E+02,    0.0000000000E+00,    0.0000000000E+00,    0.0000000000E+00,    5.1135643101E+02
    245950,      0.676976,CP2_after_erosion,   1,    0.0000000000E+00,    5.1135643101E+02,    5.1135643101E+02,    0.0000000000E+00,    0.0000000000E+00,    0.0000000000E+00,    5.1135643101E+02
    245950,      0.676976,CP3_after_update_bottom,   1,    0.0000000000E+00,    5.1135643101E+02,    5.1135643101E+02,    0.0000000000E+00,    0.0000000000E+00,    0.0000000000E+00,    5.1135643101E+02
    245950,      0.676976,CP4_after_advection,   1,    0.0000000000E+00,    5.1133533288E+02,    5.1133533288E+02,    0.0000000000E+00,    0.0000000000E+00,    0.0000000000E+00,    5.1133533288E+02
    245950,      0.676976,CP5_after_vdif,   1,    0.0000000000E+00,    5.1133533288E+02,    5.1133533288E+02,    0.0000000000E+00,    0.0000000000E+00,    0.0000000000E+00,    5.1133533288E+02
    245950,      0.676976,CP6_after_kinetics,   1,    0.0000000000E+00,    5.1133533288E+02,    5.1133533288E+02,    0.0000000000E+00,    0.0000000000E+00,    0.0000000000E+00,    5.1133533288E+02
    245950,      0.676976,CP7_after_upper_clamp,   1,    0.0000000000E+00,    5.1133533288E+02,    5.1133533288E+02,    0.0000000000E+00,    0.0000000000E+00,    0.0000000000E+00,    5.1133533288E+02
    245950,      0.676976,CP8_after_OBC,   1,    0.0000000000E+00,    5.1133533288E+02,    5.1133533288E+02,    0.0000000000E+00,    0.0000000000E+00,    0.0000000000E+00,    5.1133533288E+02
    245950,      0.676976,CP9_after_PTsource,   1,    0.0000000000E+00,    5.1133533288E+02,    5.1133533288E+02,    0.0000000000E+00,    0.0000000000E+00,    0.0000000000E+00,    5.1133533288E+02
    245950,      0.676976,CP10_after_neg_clamp,   1,    0.0000000000E+00,    5.1133533288E+02,    5.1133533288E+02,    0.0000000000E+00,    0.0000000000E+00,    0.0000000000E+00,    5.1133533288E+02
    245950,      0.676976,CP11_after_MPI,   1,    0.0000000000E+00,    5.1133533288E+02,    5.1133533288E+02,    0.0000000000E+00,    0.0000000000E+00,    0.0000000000E+00,    5.1133533288E+02
    245950,      0.676976,CP12_end,   1,    0.0000000000E+00,    5.1133533288E+02,    5.1133533288E+02,    0.0000000000E+00,    0.0000000000E+00,    0.0000000000E+00,    5.1133533288E+02
    246000,      0.676976,CP0_start,   1,    0.0000000000E+00,    5.1148467532E+02,    5.1148467532E+02,    0.0000000000E+00,    0.0000000000E+00,    0.0000000000E+00,    5.1148467532E+02
    246000,      0.676976,CP1_after_deposition,   1,    0.0000000000E+00,    5.1148467532E+02,    5.1148467532E+02,    0.0000000000E+00,    0.0000000000E+00,    0.0000000000E+00,    5.1148467532E+02
    246000,      0.676976,CP2_after_erosion,   1,    0.0000000000E+00,    5.1148467532E+02,    5.1148467532E+02,    0.0000000000E+00,    0.0000000000E+00,    0.0000000000E+00,    5.1148467532E+02
    246000,      0.676976,CP3_after_update_bottom,   1,    0.0000000000E+00,    5.1148467532E+02,    5.1148467532E+02,    0.0000000000E+00,    0.0000000000E+00,    0.0000000000E+00,    5.1148467532E+02
    246000,      0.676976,CP4_after_advection,   1,    0.0000000000E+00,    5.1146355768E+02,    5.1146355768E+02,    0.0000000000E+00,    0.0000000000E+00,    0.0000000000E+00,    5.1146355768E+02
    246000,      0.676976,CP5_after_vdif,   1,    0.0000000000E+00,    5.1146355768E+02,    5.1146355768E+02,    0.0000000000E+00,    0.0000000000E+00,    0.0000000000E+00,    5.1146355768E+02
    246000,      0.676976,CP6_after_kinetics,   1,    0.0000000000E+00,    5.1146355768E+02,    5.1146355768E+02,    0.0000000000E+00,    0.0000000000E+00,    0.0000000000E+00,    5.1146355768E+02
    246000,      0.676976,CP7_after_upper_clamp,   1,    0.0000000000E+00,    5.1146355768E+02,    5.1146355768E+02,    0.0000000000E+00,    0.0000000000E+00,    0.0000000000E+00,    5.1146355768E+02
    246000,      0.676976,CP8_after_OBC,   1,    0.0000000000E+00,    5.1146355768E+02,    5.1146355768E+02,    0.0000000000E+00,    0.0000000000E+00,    0.0000000000E+00,    5.1146355768E+02
    246000,      0.676976,CP9_after_PTsource,   1,    0.0000000000E+00,    5.1146355768E+02,    5.1146355768E+02,    0.0000000000E+00,    0.0000000000E+00,    0.0000000000E+00,    5.1146355768E+02
    246000,      0.676976,CP10_after_neg_clamp,   1,    0.0000000000E+00,    5.1146355768E+02,    5.1146355768E+02,    0.0000000000E+00,    0.0000000000E+00,    0.0000000000E+00,    5.1146355768E+02
    246000,      0.676976,CP11_after_MPI,   1,    0.0000000000E+00,    5.1146355768E+02,    5.1146355768E+02,    0.0000000000E+00,    0.0000000000E+00,    0.0000000000E+00,    5.1146355768E+02
    246000,      0.676976,CP12_end,   1,    0.0000000000E+00,    5.1146355768E+02,    5.1146355768E+02,    0.0000000000E+00,    0.0000000000E+00,    0.0000000000E+00,    5.1146355768E+02
    246050,      0.676976,CP0_start,   1,    0.0000000000E+00,    5.1161134232E+02,    5.1161134232E+02,    0.0000000000E+00,    0.0000000000E+00,    0.0000000000E+00,    5.1161134232E+02
    246050,      0.676976,CP1_after_deposition,   1,    0.0000000000E+00,    5.1161134232E+02,    5.1161134232E+02,    0.0000000000E+00,    0.0000000000E+00,    0.0000000000E+00,    5.1161134232E+02
    246050,      0.676976,CP2_after_erosion,   1,    0.0000000000E+00,    5.1161134232E+02,    5.1161134232E+02,    0.0000000000E+00,    0.0000000000E+00,    0.0000000000E+00,    5.1161134232E+02
    246050,      0.676976,CP3_after_update_bottom,   1,    0.0000000000E+00,    5.1161134232E+02,    5.1161134232E+02,    0.0000000000E+00,    0.0000000000E+00,    0.0000000000E+00,    5.1161134232E+02
    246050,      0.676976,CP4_after_advection,   1,    0.0000000000E+00,    5.1159011057E+02,    5.1159011057E+02,    0.0000000000E+00,    0.0000000000E+00,    0.0000000000E+00,    5.1159011057E+02
    246050,      0.676976,CP5_after_vdif,   1,    0.0000000000E+00,    5.1159011057E+02,    5.1159011057E+02,    0.0000000000E+00,    0.0000000000E+00,    0.0000000000E+00,    5.1159011057E+02
    246050,      0.676976,CP6_after_kinetics,   1,    0.0000000000E+00,    5.1159011057E+02,    5.1159011057E+02,    0.0000000000E+00,    0.0000000000E+00,    0.0000000000E+00,    5.1159011057E+02
    246050,      0.676976,CP7_after_upper_clamp,   1,    0.0000000000E+00,    5.1159011057E+02,    5.1159011057E+02,    0.0000000000E+00,    0.0000000000E+00,    0.0000000000E+00,    5.1159011057E+02
    246050,      0.676976,CP8_after_OBC,   1,    0.0000000000E+00,    5.1159011057E+02,    5.1159011057E+02,    0.0000000000E+00,    0.0000000000E+00,    0.0000000000E+00,    5.1159011057E+02
    246050,      0.676976,CP9_after_PTsource,   1,    0.0000000000E+00,    5.1159011057E+02,    5.1159011057E+02,    0.0000000000E+00,    0.0000000000E+00,    0.0000000000E+00,    5.1159011057E+02
    246050,      0.676976,CP10_after_neg_clamp,   1,    0.0000000000E+00,    5.1159011057E+02,    5.1159011057E+02,    0.0000000000E+00,    0.0000000000E+00,    0.0000000000E+00,    5.1159011057E+02
    246050,      0.676976,CP11_after_MPI,   1,    0.0000000000E+00,    5.1159011057E+02,    5.1159011057E+02,    0.0000000000E+00,    0.0000000000E+00,    0.0000000000E+00,    5.1159011057E+02
    246050,      0.676976,CP12_end,   1,    0.0000000000E+00,    5.1159011057E+02,    5.1159011057E+02,    0.0000000000E+00,    0.0000000000E+00,    0.0000000000E+00,    5.1159011057E+02
    246100,      0.676976,CP0_start,   1,    0.0000000000E+00,    5.1173360330E+02,    5.1173360330E+02,    0.0000000000E+00,    0.0000000000E+00,    0.0000000000E+00,    5.1173360330E+02
    246100,      0.676976,CP1_after_deposition,   1,    0.0000000000E+00,    5.1173360330E+02,    5.1173360330E+02,    0.0000000000E+00,    0.0000000000E+00,    0.0000000000E+00,    5.1173360330E+02
    246100,      0.676976,CP2_after_erosion,   1,    0.0000000000E+00,    5.1173360330E+02,    5.1173360330E+02,    0.0000000000E+00,    0.0000000000E+00,    0.0000000000E+00,    5.1173360330E+02
    246100,      0.676976,CP3_after_update_bottom,   1,    0.0000000000E+00,    5.1173360330E+02,    5.1173360330E+02,    0.0000000000E+00,    0.0000000000E+00,    0.0000000000E+00,    5.1173360330E+02
    246100,      0.676976,CP4_after_advection,   1,    0.0000000000E+00,    5.1171224044E+02,    5.1171224044E+02,    0.0000000000E+00,    0.0000000000E+00,    0.0000000000E+00,    5.1171224044E+02
    246100,      0.676976,CP5_after_vdif,   1,    0.0000000000E+00,    5.1171224044E+02,    5.1171224044E+02,    0.0000000000E+00,    0.0000000000E+00,    0.0000000000E+00,    5.1171224044E+02
    246100,      0.676976,CP6_after_kinetics,   1,    0.0000000000E+00,    5.1171224044E+02,    5.1171224044E+02,    0.0000000000E+00,    0.0000000000E+00,    0.0000000000E+00,    5.1171224044E+02
    246100,      0.676976,CP7_after_upper_clamp,   1,    0.0000000000E+00,    5.1171224044E+02,    5.1171224044E+02,    0.0000000000E+00,    0.0000000000E+00,    0.0000000000E+00,    5.1171224044E+02
    246100,      0.676976,CP8_after_OBC,   1,    0.0000000000E+00,    5.1171224044E+02,    5.1171224044E+02,    0.0000000000E+00,    0.0000000000E+00,    0.0000000000E+00,    5.1171224044E+02
    246100,      0.676976,CP9_after_PTsource,   1,    0.0000000000E+00,    5.1171224044E+02,    5.1171224044E+02,    0.0000000000E+00,    0.0000000000E+00,    0.0000000000E+00,    5.1171224044E+02
    246100,      0.676976,CP10_after_neg_clamp,   1,    0.0000000000E+00,    5.1171224044E+02,    5.1171224044E+02,    0.0000000000E+00,    0.0000000000E+00,    0.0000000000E+00,    5.1171224044E+02
    246100,      0.676976,CP11_after_MPI,   1,    0.0000000000E+00,    5.1171224044E+02,    5.1171224044E+02,    0.0000000000E+00,    0.0000000000E+00,    0.0000000000E+00,    5.1171224044E+02
    246100,      0.676976,CP12_end,   1,    0.0000000000E+00,    5.1171224044E+02,    5.1171224044E+02,    0.0000000000E+00,    0.0000000000E+00,    0.0000000000E+00,    5.1171224044E+02
    246150,      0.676976,CP0_start,   1,    0.0000000000E+00,    5.1185193961E+02,    5.1185193961E+02,    0.0000000000E+00,    0.0000000000E+00,    0.0000000000E+00,    5.1185193961E+02
    246150,      0.676976,CP1_after_deposition,   1,    0.0000000000E+00,    5.1185193961E+02,    5.1185193961E+02,    0.0000000000E+00,    0.0000000000E+00,    0.0000000000E+00,    5.1185193961E+02
    246150,      0.676976,CP2_after_erosion,   1,                 NaN,                 NaN,                 NaN,    0.0000000000E+00,    0.0000000000E+00,    0.0000000000E+00,                 NaN
    246150,      0.676976,CP3_after_update_bottom,   1,                 NaN,                 NaN,                 NaN,    0.0000000000E+00,    0.0000000000E+00,    0.0000000000E+00,                 NaN
    246150,      0.676976,CP4_after_advection,   1,                 NaN,                 NaN,                 NaN,    0.0000000000E+00,    0.0000000000E+00,    0.0000000000E+00,                 NaN
    246150,      0.676976,CP5_after_vdif,   1,                 NaN,                 NaN,                 NaN,    0.0000000000E+00,    0.0000000000E+00,    0.0000000000E+00,                 NaN
    246150,      0.676976,CP6_after_kinetics,   1,                 NaN,                 NaN,                 NaN,    0.0000000000E+00,    0.0000000000E+00,    0.0000000000E+00,                 NaN
    246150,      0.676976,CP7_after_upper_clamp,   1,                 NaN,                 NaN,                 NaN,    0.0000000000E+00,    0.0000000000E+00,    0.0000000000E+00,                 NaN
    246150,      0.676976,CP8_after_OBC,   1,                 NaN,                 NaN,                 NaN,    0.0000000000E+00,    0.0000000000E+00,    0.0000000000E+00,                 NaN
    246150,      0.676976,CP9_after_PTsource,   1,                 NaN,                 NaN,                 NaN,    0.0000000000E+00,    0.0000000000E+00,    0.0000000000E+00,                 NaN
    246150,      0.676976,CP10_after_neg_clamp,   1,    0.0000000000E+00,    5.1121123451E+02,    5.1121123451E+02,    0.0000000000E+00,    0.0000000000E+00,    0.0000000000E+00,    5.1121123451E+02
    246150,      0.676976,CP11_after_MPI,   1,    0.0000000000E+00,    5.1121123451E+02,    5.1121123451E+02,    0.0000000000E+00,    0.0000000000E+00,    0.0000000000E+00,    5.1121123451E+02
    246150,      0.676976,CP12_end,   1,    0.0000000000E+00,    5.1121123451E+02,    5.1121123451E+02,    0.0000000000E+00,    0.0000000000E+00,    0.0000000000E+00,    5.1121123451E+02
    246200,      0.676976,CP0_start,   1,    0.0000000000E+00,    5.1146248086E+02,    5.1146248086E+02,    0.0000000000E+00,    0.0000000000E+00,    0.0000000000E+00,    5.1146248086E+02
    246200,      0.676976,CP1_after_deposition,   1,    0.0000000000E+00,    5.1146248086E+02,    5.1146248086E+02,    0.0000000000E+00,    0.0000000000E+00,    0.0000000000E+00,    5.1146248086E+02
    246200,      0.676976,CP2_after_erosion,   1,    0.0000000000E+00,    5.1146248086E+02,    5.1146248086E+02,    0.0000000000E+00,    0.0000000000E+00,    0.0000000000E+00,    5.1146248086E+02
    246200,      0.676976,CP3_after_update_bottom,   1,    0.0000000000E+00,    5.1146248086E+02,    5.1146248086E+02,    0.0000000000E+00,    0.0000000000E+00,    0.0000000000E+00,    5.1146248086E+02
    246200,      0.676976,CP4_after_advection,   1,    0.0000000000E+00,    5.1144266150E+02,    5.1144266150E+02,    0.0000000000E+00,    0.0000000000E+00,    0.0000000000E+00,    5.1144266150E+02
    246200,      0.676976,CP5_after_vdif,   1,    0.0000000000E+00,    5.1144266150E+02,    5.1144266150E+02,    0.0000000000E+00,    0.0000000000E+00,    0.0000000000E+00,    5.1144266150E+02
    246200,      0.676976,CP6_after_kinetics,   1,    0.0000000000E+00,    5.1144266150E+02,    5.1144266150E+02,    0.0000000000E+00,    0.0000000000E+00,    0.0000000000E+00,    5.1144266150E+02
    246200,      0.676976,CP7_after_upper_clamp,   1,    0.0000000000E+00,    5.1144266150E+02,    5.1144266150E+02,    0.0000000000E+00,    0.0000000000E+00,    0.0000000000E+00,    5.1144266150E+02
    246200,      0.676976,CP8_after_OBC,   1,    0.0000000000E+00,    5.1144266150E+02,    5.1144266150E+02,    0.0000000000E+00,    0.0000000000E+00,    0.0000000000E+00,    5.1144266150E+02
    246200,      0.676976,CP9_after_PTsource,   1,    0.0000000000E+00,    5.1144266150E+02,    5.1144266150E+02,    0.0000000000E+00,    0.0000000000E+00,    0.0000000000E+00,    5.1144266150E+02
    246200,      0.676976,CP10_after_neg_clamp,   1,    0.0000000000E+00,    5.1144266150E+02,    5.1144266150E+02,    0.0000000000E+00,    0.0000000000E+00,    0.0000000000E+00,    5.1144266150E+02
    246200,      0.676976,CP11_after_MPI,   1,    0.0000000000E+00,    5.1144266150E+02,    5.1144266150E+02,    0.0000000000E+00,    0.0000000000E+00,    0.0000000000E+00,    5.1144266150E+02
    246200,      0.676976,CP12_end,   1,    0.0000000000E+00,    5.1144266150E+02,    5.1144266150E+02,    0.0000000000E+00,    0.0000000000E+00,    0.0000000000E+00,    5.1144266150E+02
    246250,      0.676976,CP0_start,   1,    0.0000000000E+00,    5.1163438994E+02,    5.1163438994E+02,    0.0000000000E+00,    0.0000000000E+00,    0.0000000000E+00,    5.1163438994E+02
    246250,      0.676976,CP1_after_deposition,   1,    0.0000000000E+00,    5.1163438994E+02,    5.1163438994E+02,    0.0000000000E+00,    0.0000000000E+00,    0.0000000000E+00,    5.1163438994E+02
    246250,      0.676976,CP2_after_erosion,   1,    0.0000000000E+00,    5.1163438994E+02,    5.1163438994E+02,    0.0000000000E+00,    0.0000000000E+00,    0.0000000000E+00,    5.1163438994E+02
    246250,      0.676976,CP3_after_update_bottom,   1,    0.0000000000E+00,    5.1163438994E+02,    5.1163438994E+02,    0.0000000000E+00,    0.0000000000E+00,    0.0000000000E+00,    5.1163438994E+02
    246250,      0.676976,CP4_after_advection,   1,    0.0000000000E+00,    5.1161340393E+02,    5.1161340393E+02,    0.0000000000E+00,    0.0000000000E+00,    0.0000000000E+00,    5.1161340393E+02
    246250,      0.676976,CP5_after_vdif,   1,    0.0000000000E+00,    5.1161340393E+02,    5.1161340393E+02,    0.0000000000E+00,    0.0000000000E+00,    0.0000000000E+00,    5.1161340393E+02
    246250,      0.676976,CP6_after_kinetics,   1,    0.0000000000E+00,    5.1161340393E+02,    5.1161340393E+02,    0.0000000000E+00,    0.0000000000E+00,    0.0000000000E+00,    5.1161340393E+02
    246250,      0.676976,CP7_after_upper_clamp,   1,    0.0000000000E+00,    5.1161340393E+02,    5.1161340393E+02,    0.0000000000E+00,    0.0000000000E+00,    0.0000000000E+00,    5.1161340393E+02
    246250,      0.676976,CP8_after_OBC,   1,    0.0000000000E+00,    5.1161340393E+02,    5.1161340393E+02,    0.0000000000E+00,    0.0000000000E+00,    0.0000000000E+00,    5.1161340393E+02
    246250,      0.676976,CP9_after_PTsource,   1,    0.0000000000E+00,    5.1161340393E+02,    5.1161340393E+02,    0.0000000000E+00,    0.0000000000E+00,    0.0000000000E+00,    5.1161340393E+02
    246250,      0.676976,CP10_after_neg_clamp,   1,    0.0000000000E+00,    5.1161340393E+02,    5.1161340393E+02,    0.0000000000E+00,    0.0000000000E+00,    0.0000000000E+00,    5.1161340393E+02
    246250,      0.676976,CP11_after_MPI,   1,    0.0000000000E+00,    5.1161340393E+02,    5.1161340393E+02,    0.0000000000E+00,    0.0000000000E+00,    0.0000000000E+00,    5.1161340393E+02
    246250,      0.676976,CP12_end,   1,    0.0000000000E+00,    5.1161340393E+02,    5.1161340393E+02,    0.0000000000E+00,    0.0000000000E+00,    0.0000000000E+00,    5.1161340393E+02
    246300,      0.676976,CP0_start,   1,    0.0000000000E+00,    5.1176511532E+02,    5.1176511532E+02,    0.0000000000E+00,    0.0000000000E+00,    0.0000000000E+00,    5.1176511532E+02
    246300,      0.676976,CP1_after_deposition,   1,    0.0000000000E+00,    5.1176511532E+02,    5.1176511532E+02,    0.0000000000E+00,    0.0000000000E+00,    0.0000000000E+00,    5.1176511532E+02
    246300,      0.676976,CP2_after_erosion,   1,    0.0000000000E+00,    5.1176511532E+02,    5.1176511532E+02,    0.0000000000E+00,    0.0000000000E+00,    0.0000000000E+00,    5.1176511532E+02
    246300,      0.676976,CP3_after_update_bottom,   1,    0.0000000000E+00,    5.1176511532E+02,    5.1176511532E+02,    0.0000000000E+00,    0.0000000000E+00,    0.0000000000E+00,    5.1176511532E+02
    246300,      0.676976,CP4_after_advection,   1,    0.0000000000E+00,    5.1174351212E+02,    5.1174351212E+02,    0.0000000000E+00,    0.0000000000E+00,    0.0000000000E+00,    5.1174351212E+02
    246300,      0.676976,CP5_after_vdif,   1,    0.0000000000E+00,    5.1174351212E+02,    5.1174351212E+02,    0.0000000000E+00,    0.0000000000E+00,    0.0000000000E+00,    5.1174351212E+02
    246300,      0.676976,CP6_after_kinetics,   1,    0.0000000000E+00,    5.1174351212E+02,    5.1174351212E+02,    0.0000000000E+00,    0.0000000000E+00,    0.0000000000E+00,    5.1174351212E+02
    246300,      0.676976,CP7_after_upper_clamp,   1,    0.0000000000E+00,    5.1174351212E+02,    5.1174351212E+02,    0.0000000000E+00,    0.0000000000E+00,    0.0000000000E+00,    5.1174351212E+02
    246300,      0.676976,CP8_after_OBC,   1,    0.0000000000E+00,    5.1174351212E+02,    5.1174351212E+02,    0.0000000000E+00,    0.0000000000E+00,    0.0000000000E+00,    5.1174351212E+02
    246300,      0.676976,CP9_after_PTsource,   1,    0.0000000000E+00,    5.1174351212E+02,    5.1174351212E+02,    0.0000000000E+00,    0.0000000000E+00,    0.0000000000E+00,    5.1174351212E+02
    246300,      0.676976,CP10_after_neg_clamp,   1,    0.0000000000E+00,    5.1174351212E+02,    5.1174351212E+02,    0.0000000000E+00,    0.0000000000E+00,    0.0000000000E+00,    5.1174351212E+02
    246300,      0.676976,CP11_after_MPI,   1,    0.0000000000E+00,    5.1174351212E+02,    5.1174351212E+02,    0.0000000000E+00,    0.0000000000E+00,    0.0000000000E+00,    5.1174351212E+02
    246300,      0.676976,CP12_end,   1,    0.0000000000E+00,    5.1174351212E+02,    5.1174351212E+02,    0.0000000000E+00,    0.0000000000E+00,    0.0000000000E+00,    5.1174351212E+02
    246350,      0.676976,CP0_start,   1,    0.0000000000E+00,    5.1187525356E+02,    5.1187525356E+02,    0.0000000000E+00,    0.0000000000E+00,    0.0000000000E+00,    5.1187525356E+02
    246350,      0.676976,CP1_after_deposition,   1,    0.0000000000E+00,    5.1187525356E+02,    5.1187525356E+02,    0.0000000000E+00,    0.0000000000E+00,    0.0000000000E+00,    5.1187525356E+02
    246350,      0.676976,CP2_after_erosion,   1,    0.0000000000E+00,    5.1187525356E+02,    5.1187525356E+02,    0.0000000000E+00,    0.0000000000E+00,    0.0000000000E+00,    5.1187525356E+02
    246350,      0.676976,CP3_after_update_bottom,   1,    0.0000000000E+00,    5.1187525356E+02,    5.1187525356E+02,    0.0000000000E+00,    0.0000000000E+00,    0.0000000000E+00,    5.1187525356E+02
    246350,      0.676976,CP4_after_advection,   1,    0.0000000000E+00,    5.1185330133E+02,    5.1185330133E+02,    0.0000000000E+00,    0.0000000000E+00,    0.0000000000E+00,    5.1185330133E+02
    246350,      0.676976,CP5_after_vdif,   1,    0.0000000000E+00,    5.1185330133E+02,    5.1185330133E+02,    0.0000000000E+00,    0.0000000000E+00,    0.0000000000E+00,    5.1185330133E+02
    246350,      0.676976,CP6_after_kinetics,   1,    0.0000000000E+00,    5.1185330133E+02,    5.1185330133E+02,    0.0000000000E+00,    0.0000000000E+00,    0.0000000000E+00,    5.1185330133E+02
    246350,      0.676976,CP7_after_upper_clamp,   1,    0.0000000000E+00,    5.1185330133E+02,    5.1185330133E+02,    0.0000000000E+00,    0.0000000000E+00,    0.0000000000E+00,    5.1185330133E+02
    246350,      0.676976,CP8_after_OBC,   1,    0.0000000000E+00,    5.1185330133E+02,    5.1185330133E+02,    0.0000000000E+00,    0.0000000000E+00,    0.0000000000E+00,    5.1185330133E+02
    246350,      0.676976,CP9_after_PTsource,   1,    0.0000000000E+00,    5.1185330133E+02,    5.1185330133E+02,    0.0000000000E+00,    0.0000000000E+00,    0.0000000000E+00,    5.1185330133E+02
    246350,      0.676976,CP10_after_neg_clamp,   1,    0.0000000000E+00,    5.1185330133E+02,    5.1185330133E+02,    0.0000000000E+00,    0.0000000000E+00,    0.0000000000E+00,    5.1185330133E+02
    246350,      0.676976,CP11_after_MPI,   1,    0.0000000000E+00,    5.1185330133E+02,    5.1185330133E+02,    0.0000000000E+00,    0.0000000000E+00,    0.0000000000E+00,    5.1185330133E+02
    246350,      0.676976,CP12_end,   1,    0.0000000000E+00,    5.1185330133E+02,    5.1185330133E+02,    0.0000000000E+00,    0.0000000000E+00,    0.0000000000E+00,    5.1185330133E+02
    246400,      0.676976,CP0_start,   1,    0.0000000000E+00,    5.1197329948E+02,    5.1197329948E+02,    0.0000000000E+00,    0.0000000000E+00,    0.0000000000E+00,    5.1197329948E+02
    246400,      0.676976,CP1_after_deposition,   1,    0.0000000000E+00,    5.1197329948E+02,    5.1197329948E+02,    0.0000000000E+00,    0.0000000000E+00,    0.0000000000E+00,    5.1197329948E+02
    246400,      0.676976,CP2_after_erosion,   1,    0.0000000000E+00,    5.1197329948E+02,    5.1197329948E+02,    0.0000000000E+00,    0.0000000000E+00,    0.0000000000E+00,    5.1197329948E+02
    246400,      0.676976,CP3_after_update_bottom,   1,    0.0000000000E+00,    5.1197329948E+02,    5.1197329948E+02,    0.0000000000E+00,    0.0000000000E+00,    0.0000000000E+00,    5.1197329948E+02
    246400,      0.676976,CP4_after_advection,   1,    0.0000000000E+00,    5.1195109804E+02,    5.1195109804E+02,    0.0000000000E+00,    0.0000000000E+00,    0.0000000000E+00,    5.1195109804E+02
    246400,      0.676976,CP5_after_vdif,   1,    0.0000000000E+00,    5.1195109804E+02,    5.1195109804E+02,    0.0000000000E+00,    0.0000000000E+00,    0.0000000000E+00,    5.1195109804E+02
    246400,      0.676976,CP6_after_kinetics,   1,    0.0000000000E+00,    5.1195109804E+02,    5.1195109804E+02,    0.0000000000E+00,    0.0000000000E+00,    0.0000000000E+00,    5.1195109804E+02
    246400,      0.676976,CP7_after_upper_clamp,   1,    0.0000000000E+00,    5.1195109804E+02,    5.1195109804E+02,    0.0000000000E+00,    0.0000000000E+00,    0.0000000000E+00,    5.1195109804E+02
    246400,      0.676976,CP8_after_OBC,   1,    0.0000000000E+00,    5.1195109804E+02,    5.1195109804E+02,    0.0000000000E+00,    0.0000000000E+00,    0.0000000000E+00,    5.1195109804E+02
    246400,      0.676976,CP9_after_PTsource,   1,    0.0000000000E+00,    5.1195109804E+02,    5.1195109804E+02,    0.0000000000E+00,    0.0000000000E+00,    0.0000000000E+00,    5.1195109804E+02
    246400,      0.676976,CP10_after_neg_clamp,   1,    0.0000000000E+00,    5.1195109804E+02,    5.1195109804E+02,    0.0000000000E+00,    0.0000000000E+00,    0.0000000000E+00,    5.1195109804E+02
    246400,      0.676976,CP11_after_MPI,   1,    0.0000000000E+00,    5.1195109804E+02,    5.1195109804E+02,    0.0000000000E+00,    0.0000000000E+00,    0.0000000000E+00,    5.1195109804E+02
    246400,      0.676976,CP12_end,   1,    0.0000000000E+00,    5.1195109804E+02,    5.1195109804E+02,    0.0000000000E+00,    0.0000000000E+00,    0.0000000000E+00,    5.1195109804E+02
    246450,      0.676976,CP0_start,   1,    0.0000000000E+00,    5.1206370821E+02,    5.1206370821E+02,    0.0000000000E+00,    0.0000000000E+00,    0.0000000000E+00,    5.1206370821E+02
    246450,      0.676976,CP1_after_deposition,   1,    0.0000000000E+00,    5.1206370821E+02,    5.1206370821E+02,    0.0000000000E+00,    0.0000000000E+00,    0.0000000000E+00,    5.1206370821E+02
    246450,      0.676976,CP2_after_erosion,   1,    0.0000000000E+00,    5.1206370821E+02,    5.1206370821E+02,    0.0000000000E+00,    0.0000000000E+00,    0.0000000000E+00,    5.1206370821E+02
    246450,      0.676976,CP3_after_update_bottom,   1,    0.0000000000E+00,    5.1206370821E+02,    5.1206370821E+02,    0.0000000000E+00,    0.0000000000E+00,    0.0000000000E+00,    5.1206370821E+02
    246450,      0.676976,CP4_after_advection,   1,    0.0000000000E+00,    5.1204135800E+02,    5.1204135800E+02,    0.0000000000E+00,    0.0000000000E+00,    0.0000000000E+00,    5.1204135800E+02
    246450,      0.676976,CP5_after_vdif,   1,    0.0000000000E+00,    5.1204135800E+02,    5.1204135800E+02,    0.0000000000E+00,    0.0000000000E+00,    0.0000000000E+00,    5.1204135800E+02
    246450,      0.676976,CP6_after_kinetics,   1,    0.0000000000E+00,    5.1204135800E+02,    5.1204135800E+02,    0.0000000000E+00,    0.0000000000E+00,    0.0000000000E+00,    5.1204135800E+02
    246450,      0.676976,CP7_after_upper_clamp,   1,    0.0000000000E+00,    5.1204135800E+02,    5.1204135800E+02,    0.0000000000E+00,    0.0000000000E+00,    0.0000000000E+00,    5.1204135800E+02
    246450,      0.676976,CP8_after_OBC,   1,    0.0000000000E+00,    5.1204135800E+02,    5.1204135800E+02,    0.0000000000E+00,    0.0000000000E+00,    0.0000000000E+00,    5.1204135800E+02
    246450,      0.676976,CP9_after_PTsource,   1,    0.0000000000E+00,    5.1204135800E+02,    5.1204135800E+02,    0.0000000000E+00,    0.0000000000E+00,    0.0000000000E+00,    5.1204135800E+02
    246450,      0.676976,CP10_after_neg_clamp,   1,    0.0000000000E+00,    5.1204135800E+02,    5.1204135800E+02,    0.0000000000E+00,    0.0000000000E+00,    0.0000000000E+00,    5.1204135800E+02
    246450,      0.676976,CP11_after_MPI,   1,    0.0000000000E+00,    5.1204135800E+02,    5.1204135800E+02,    0.0000000000E+00,    0.0000000000E+00,    0.0000000000E+00,    5.1204135800E+02
    246450,      0.676976,CP12_end,   1,    0.0000000000E+00,    5.1204135800E+02,    5.1204135800E+02,    0.0000000000E+00,    0.0000000000E+00,    0.0000000000E+00,    5.1204135800E+02
    246500,      0.676976,CP0_start,   1,    0.0000000000E+00,    5.1215117691E+02,    5.1215117691E+02,    0.0000000000E+00,    0.0000000000E+00,    0.0000000000E+00,    5.1215117691E+02
    246500,      0.676976,CP1_after_deposition,   1,    0.0000000000E+00,    5.1215117691E+02,    5.1215117691E+02,    0.0000000000E+00,    0.0000000000E+00,    0.0000000000E+00,    5.1215117691E+02
    246500,      0.676976,CP2_after_erosion,   1,    0.0000000000E+00,    5.1215117691E+02,    5.1215117691E+02,    0.0000000000E+00,    0.0000000000E+00,    0.0000000000E+00,    5.1215117691E+02
    246500,      0.676976,CP3_after_update_bottom,   1,    0.0000000000E+00,    5.1215117691E+02,    5.1215117691E+02,    0.0000000000E+00,    0.0000000000E+00,    0.0000000000E+00,    5.1215117691E+02
    246500,      0.676976,CP4_after_advection,   1,    0.0000000000E+00,    5.1212875943E+02,    5.1212875943E+02,    0.0000000000E+00,    0.0000000000E+00,    0.0000000000E+00,    5.1212875943E+02
    246500,      0.676976,CP5_after_vdif,   1,    0.0000000000E+00,    5.1212875943E+02,    5.1212875943E+02,    0.0000000000E+00,    0.0000000000E+00,    0.0000000000E+00,    5.1212875943E+02
    246500,      0.676976,CP6_after_kinetics,   1,    0.0000000000E+00,    5.1212875943E+02,    5.1212875943E+02,    0.0000000000E+00,    0.0000000000E+00,    0.0000000000E+00,    5.1212875943E+02
    246500,      0.676976,CP7_after_upper_clamp,   1,    0.0000000000E+00,    5.1212875943E+02,    5.1212875943E+02,    0.0000000000E+00,    0.0000000000E+00,    0.0000000000E+00,    5.1212875943E+02
    246500,      0.676976,CP8_after_OBC,   1,    0.0000000000E+00,    5.1212875943E+02,    5.1212875943E+02,    0.0000000000E+00,    0.0000000000E+00,    0.0000000000E+00,    5.1212875943E+02
    246500,      0.676976,CP9_after_PTsource,   1,    0.0000000000E+00,    5.1212875943E+02,    5.1212875943E+02,    0.0000000000E+00,    0.0000000000E+00,    0.0000000000E+00,    5.1212875943E+02
    246500,      0.676976,CP10_after_neg_clamp,   1,    0.0000000000E+00,    5.1212875943E+02,    5.1212875943E+02,    0.0000000000E+00,    0.0000000000E+00,    0.0000000000E+00,    5.1212875943E+02
    246500,      0.676976,CP11_after_MPI,   1,    0.0000000000E+00,    5.1212875943E+02,    5.1212875943E+02,    0.0000000000E+00,    0.0000000000E+00,    0.0000000000E+00,    5.1212875943E+02
    246500,      0.676976,CP12_end,   1,    0.0000000000E+00,    5.1212875943E+02,    5.1212875943E+02,    0.0000000000E+00,    0.0000000000E+00,    0.0000000000E+00,    5.1212875943E+02
    246550,      0.676976,CP0_start,   1,    0.0000000000E+00,    5.1224108469E+02,    5.1224108469E+02,    0.0000000000E+00,    0.0000000000E+00,    0.0000000000E+00,    5.1224108469E+02
    246550,      0.676976,CP1_after_deposition,   1,    0.0000000000E+00,    5.1224108469E+02,    5.1224108469E+02,    0.0000000000E+00,    0.0000000000E+00,    0.0000000000E+00,    5.1224108469E+02
    246550,      0.676976,CP2_after_erosion,   1,    0.0000000000E+00,    5.1224108469E+02,    5.1224108469E+02,    0.0000000000E+00,    0.0000000000E+00,    0.0000000000E+00,    5.1224108469E+02
    246550,      0.676976,CP3_after_update_bottom,   1,    0.0000000000E+00,    5.1224108469E+02,    5.1224108469E+02,    0.0000000000E+00,    0.0000000000E+00,    0.0000000000E+00,    5.1224108469E+02
    246550,      0.676976,CP4_after_advection,   1,    0.0000000000E+00,    5.1221870565E+02,    5.1221870565E+02,    0.0000000000E+00,    0.0000000000E+00,    0.0000000000E+00,    5.1221870565E+02
    246550,      0.676976,CP5_after_vdif,   1,    0.0000000000E+00,    5.1221870565E+02,    5.1221870565E+02,    0.0000000000E+00,    0.0000000000E+00,    0.0000000000E+00,    5.1221870565E+02
    246550,      0.676976,CP6_after_kinetics,   1,    0.0000000000E+00,    5.1221870565E+02,    5.1221870565E+02,    0.0000000000E+00,    0.0000000000E+00,    0.0000000000E+00,    5.1221870565E+02
    246550,      0.676976,CP7_after_upper_clamp,   1,    0.0000000000E+00,    5.1221870565E+02,    5.1221870565E+02,    0.0000000000E+00,    0.0000000000E+00,    0.0000000000E+00,    5.1221870565E+02
    246550,      0.676976,CP8_after_OBC,   1,    0.0000000000E+00,    5.1221870565E+02,    5.1221870565E+02,    0.0000000000E+00,    0.0000000000E+00,    0.0000000000E+00,    5.1221870565E+02
    246550,      0.676976,CP9_after_PTsource,   1,    0.0000000000E+00,    5.1221870565E+02,    5.1221870565E+02,    0.0000000000E+00,    0.0000000000E+00,    0.0000000000E+00,    5.1221870565E+02
    246550,      0.676976,CP10_after_neg_clamp,   1,    0.0000000000E+00,    5.1221870565E+02,    5.1221870565E+02,    0.0000000000E+00,    0.0000000000E+00,    0.0000000000E+00,    5.1221870565E+02
    246550,      0.676976,CP11_after_MPI,   1,    0.0000000000E+00,    5.1221870565E+02,    5.1221870565E+02,    0.0000000000E+00,    0.0000000000E+00,    0.0000000000E+00,    5.1221870565E+02
    246550,      0.676976,CP12_end,   1,    0.0000000000E+00,    5.1221870565E+02,    5.1221870565E+02,    0.0000000000E+00,    0.0000000000E+00,    0.0000000000E+00,    5.1221870565E+02
    246600,      0.676976,CP0_start,   1,    0.0000000000E+00,    5.1233849408E+02,    5.1233849408E+02,    0.0000000000E+00,    0.0000000000E+00,    0.0000000000E+00,    5.1233849408E+02
    246600,      0.676976,CP1_after_deposition,   1,    0.0000000000E+00,    5.1233849408E+02,    5.1233849408E+02,    0.0000000000E+00,    0.0000000000E+00,    0.0000000000E+00,    5.1233849408E+02
    246600,      0.676976,CP2_after_erosion,   1,    0.0000000000E+00,    5.1233849408E+02,    5.1233849408E+02,    0.0000000000E+00,    0.0000000000E+00,    0.0000000000E+00,    5.1233849408E+02
    246600,      0.676976,CP3_after_update_bottom,   1,    0.0000000000E+00,    5.1233849408E+02,    5.1233849408E+02,    0.0000000000E+00,    0.0000000000E+00,    0.0000000000E+00,    5.1233849408E+02
    246600,      0.676976,CP4_after_advection,   1,    0.0000000000E+00,    5.1231625720E+02,    5.1231625720E+02,    0.0000000000E+00,    0.0000000000E+00,    0.0000000000E+00,    5.1231625720E+02
    246600,      0.676976,CP5_after_vdif,   1,    0.0000000000E+00,    5.1231625720E+02,    5.1231625720E+02,    0.0000000000E+00,    0.0000000000E+00,    0.0000000000E+00,    5.1231625720E+02
    246600,      0.676976,CP6_after_kinetics,   1,    0.0000000000E+00,    5.1231625720E+02,    5.1231625720E+02,    0.0000000000E+00,    0.0000000000E+00,    0.0000000000E+00,    5.1231625720E+02
    246600,      0.676976,CP7_after_upper_clamp,   1,    0.0000000000E+00,    5.1231625720E+02,    5.1231625720E+02,    0.0000000000E+00,    0.0000000000E+00,    0.0000000000E+00,    5.1231625720E+02
    246600,      0.676976,CP8_after_OBC,   1,    0.0000000000E+00,    5.1231625720E+02,    5.1231625720E+02,    0.0000000000E+00,    0.0000000000E+00,    0.0000000000E+00,    5.1231625720E+02
    246600,      0.676976,CP9_after_PTsource,   1,    0.0000000000E+00,    5.1231625720E+02,    5.1231625720E+02,    0.0000000000E+00,    0.0000000000E+00,    0.0000000000E+00,    5.1231625720E+02
    246600,      0.676976,CP10_after_neg_clamp,   1,    0.0000000000E+00,    5.1231625720E+02,    5.1231625720E+02,    0.0000000000E+00,    0.0000000000E+00,    0.0000000000E+00,    5.1231625720E+02
    246600,      0.676976,CP11_after_MPI,   1,    0.0000000000E+00,    5.1231625720E+02,    5.1231625720E+02,    0.0000000000E+00,    0.0000000000E+00,    0.0000000000E+00,    5.1231625720E+02
    246600,      0.676976,CP12_end,   1,    0.0000000000E+00,    5.1231625720E+02,    5.1231625720E+02,    0.0000000000E+00,    0.0000000000E+00,    0.0000000000E+00,    5.1231625720E+02
    246650,      0.676976,CP0_start,   1,    0.0000000000E+00,    5.1244693771E+02,    5.1244693771E+02,    0.0000000000E+00,    0.0000000000E+00,    0.0000000000E+00,    5.1244693771E+02
    246650,      0.676976,CP1_after_deposition,   1,    0.0000000000E+00,    5.1244693771E+02,    5.1244693771E+02,    0.0000000000E+00,    0.0000000000E+00,    0.0000000000E+00,    5.1244693771E+02
    246650,      0.676976,CP2_after_erosion,   1,    0.0000000000E+00,    5.1244693771E+02,    5.1244693771E+02,    0.0000000000E+00,    0.0000000000E+00,    0.0000000000E+00,    5.1244693771E+02
    246650,      0.676976,CP3_after_update_bottom,   1,    0.0000000000E+00,    5.1244693771E+02,    5.1244693771E+02,    0.0000000000E+00,    0.0000000000E+00,    0.0000000000E+00,    5.1244693771E+02
    246650,      0.676976,CP4_after_advection,   1,    0.0000000000E+00,    5.1242487420E+02,    5.1242487420E+02,    0.0000000000E+00,    0.0000000000E+00,    0.0000000000E+00,    5.1242487420E+02
    246650,      0.676976,CP5_after_vdif,   1,    0.0000000000E+00,    5.1242487420E+02,    5.1242487420E+02,    0.0000000000E+00,    0.0000000000E+00,    0.0000000000E+00,    5.1242487420E+02
    246650,      0.676976,CP6_after_kinetics,   1,    0.0000000000E+00,    5.1242487420E+02,    5.1242487420E+02,    0.0000000000E+00,    0.0000000000E+00,    0.0000000000E+00,    5.1242487420E+02
    246650,      0.676976,CP7_after_upper_clamp,   1,    0.0000000000E+00,    5.1242487420E+02,    5.1242487420E+02,    0.0000000000E+00,    0.0000000000E+00,    0.0000000000E+00,    5.1242487420E+02
    246650,      0.676976,CP8_after_OBC,   1,    0.0000000000E+00,    5.1242487420E+02,    5.1242487420E+02,    0.0000000000E+00,    0.0000000000E+00,    0.0000000000E+00,    5.1242487420E+02
    246650,      0.676976,CP9_after_PTsource,   1,    0.0000000000E+00,    5.1242487420E+02,    5.1242487420E+02,    0.0000000000E+00,    0.0000000000E+00,    0.0000000000E+00,    5.1242487420E+02
    246650,      0.676976,CP10_after_neg_clamp,   1,    0.0000000000E+00,    5.1242487420E+02,    5.1242487420E+02,    0.0000000000E+00,    0.0000000000E+00,    0.0000000000E+00,    5.1242487420E+02
    246650,      0.676976,CP11_after_MPI,   1,    0.0000000000E+00,    5.1242487420E+02,    5.1242487420E+02,    0.0000000000E+00,    0.0000000000E+00,    0.0000000000E+00,    5.1242487420E+02
    246650,      0.676976,CP12_end,   1,    0.0000000000E+00,    5.1242487420E+02,    5.1242487420E+02,    0.0000000000E+00,    0.0000000000E+00,    0.0000000000E+00,    5.1242487420E+02
    246700,      0.676976,CP0_start,   1,    0.0000000000E+00,    5.1256615411E+02,    5.1256615411E+02,    0.0000000000E+00,    0.0000000000E+00,    0.0000000000E+00,    5.1256615411E+02
    246700,      0.676976,CP1_after_deposition,   1,    0.0000000000E+00,    5.1256615411E+02,    5.1256615411E+02,    0.0000000000E+00,    0.0000000000E+00,    0.0000000000E+00,    5.1256615411E+02
    246700,      0.676976,CP2_after_erosion,   1,    0.0000000000E+00,    5.1256615411E+02,    5.1256615411E+02,    0.0000000000E+00,    0.0000000000E+00,    0.0000000000E+00,    5.1256615411E+02
    246700,      0.676976,CP3_after_update_bottom,   1,    0.0000000000E+00,    5.1256615411E+02,    5.1256615411E+02,    0.0000000000E+00,    0.0000000000E+00,    0.0000000000E+00,    5.1256615411E+02
    246700,      0.676976,CP4_after_advection,   1,    0.0000000000E+00,    5.1254422807E+02,    5.1254422807E+02,    0.0000000000E+00,    0.0000000000E+00,    0.0000000000E+00,    5.1254422807E+02
    246700,      0.676976,CP5_after_vdif,   1,    0.0000000000E+00,    5.1254422807E+02,    5.1254422807E+02,    0.0000000000E+00,    0.0000000000E+00,    0.0000000000E+00,    5.1254422807E+02
    246700,      0.676976,CP6_after_kinetics,   1,    0.0000000000E+00,    5.1254422807E+02,    5.1254422807E+02,    0.0000000000E+00,    0.0000000000E+00,    0.0000000000E+00,    5.1254422807E+02
    246700,      0.676976,CP7_after_upper_clamp,   1,    0.0000000000E+00,    5.1254422807E+02,    5.1254422807E+02,    0.0000000000E+00,    0.0000000000E+00,    0.0000000000E+00,    5.1254422807E+02
    246700,      0.676976,CP8_after_OBC,   1,    0.0000000000E+00,    5.1254422807E+02,    5.1254422807E+02,    0.0000000000E+00,    0.0000000000E+00,    0.0000000000E+00,    5.1254422807E+02
    246700,      0.676976,CP9_after_PTsource,   1,    0.0000000000E+00,    5.1254422807E+02,    5.1254422807E+02,    0.0000000000E+00,    0.0000000000E+00,    0.0000000000E+00,    5.1254422807E+02
    246700,      0.676976,CP10_after_neg_clamp,   1,    0.0000000000E+00,    5.1254422807E+02,    5.1254422807E+02,    0.0000000000E+00,    0.0000000000E+00,    0.0000000000E+00,    5.1254422807E+02
    246700,      0.676976,CP11_after_MPI,   1,    0.0000000000E+00,    5.1254422807E+02,    5.1254422807E+02,    0.0000000000E+00,    0.0000000000E+00,    0.0000000000E+00,    5.1254422807E+02
    246700,      0.676976,CP12_end,   1,    0.0000000000E+00,    5.1254422807E+02,    5.1254422807E+02,    0.0000000000E+00,    0.0000000000E+00,    0.0000000000E+00,    5.1254422807E+02
    246750,      0.676976,CP0_start,   1,    0.0000000000E+00,    5.1269255483E+02,    5.1269255483E+02,    0.0000000000E+00,    0.0000000000E+00,    0.0000000000E+00,    5.1269255483E+02
    246750,      0.676976,CP1_after_deposition,   1,    0.0000000000E+00,    5.1269255483E+02,    5.1269255483E+02,    0.0000000000E+00,    0.0000000000E+00,    0.0000000000E+00,    5.1269255483E+02
    246750,      0.676976,CP2_after_erosion,   1,    0.0000000000E+00,    5.1269255483E+02,    5.1269255483E+02,    0.0000000000E+00,    0.0000000000E+00,    0.0000000000E+00,    5.1269255483E+02
    246750,      0.676976,CP3_after_update_bottom,   1,    0.0000000000E+00,    5.1269255483E+02,    5.1269255483E+02,    0.0000000000E+00,    0.0000000000E+00,    0.0000000000E+00,    5.1269255483E+02
    246750,      0.676976,CP4_after_advection,   1,    0.0000000000E+00,    5.1267068536E+02,    5.1267068536E+02,    0.0000000000E+00,    0.0000000000E+00,    0.0000000000E+00,    5.1267068536E+02
    246750,      0.676976,CP5_after_vdif,   1,    0.0000000000E+00,    5.1267068536E+02,    5.1267068536E+02,    0.0000000000E+00,    0.0000000000E+00,    0.0000000000E+00,    5.1267068536E+02
    246750,      0.676976,CP6_after_kinetics,   1,    0.0000000000E+00,    5.1267068536E+02,    5.1267068536E+02,    0.0000000000E+00,    0.0000000000E+00,    0.0000000000E+00,    5.1267068536E+02
    246750,      0.676976,CP7_after_upper_clamp,   1,    0.0000000000E+00,    5.1267068536E+02,    5.1267068536E+02,    0.0000000000E+00,    0.0000000000E+00,    0.0000000000E+00,    5.1267068536E+02
    246750,      0.676976,CP8_after_OBC,   1,    0.0000000000E+00,    5.1267068536E+02,    5.1267068536E+02,    0.0000000000E+00,    0.0000000000E+00,    0.0000000000E+00,    5.1267068536E+02
    246750,      0.676976,CP9_after_PTsource,   1,    0.0000000000E+00,    5.1267068536E+02,    5.1267068536E+02,    0.0000000000E+00,    0.0000000000E+00,    0.0000000000E+00,    5.1267068536E+02
    246750,      0.676976,CP10_after_neg_clamp,   1,    0.0000000000E+00,    5.1267068536E+02,    5.1267068536E+02,    0.0000000000E+00,    0.0000000000E+00,    0.0000000000E+00,    5.1267068536E+02
    246750,      0.676976,CP11_after_MPI,   1,    0.0000000000E+00,    5.1267068536E+02,    5.1267068536E+02,    0.0000000000E+00,    0.0000000000E+00,    0.0000000000E+00,    5.1267068536E+02
    246750,      0.676976,CP12_end,   1,    0.0000000000E+00,    5.1267068536E+02,    5.1267068536E+02,    0.0000000000E+00,    0.0000000000E+00,    0.0000000000E+00,    5.1267068536E+02
    246800,      0.676976,CP0_start,   1,    0.0000000000E+00,    5.1282104806E+02,    5.1282104806E+02,    0.0000000000E+00,    0.0000000000E+00,    0.0000000000E+00,    5.1282104806E+02
    246800,      0.676976,CP1_after_deposition,   1,    0.0000000000E+00,    5.1282104806E+02,    5.1282104806E+02,    0.0000000000E+00,    0.0000000000E+00,    0.0000000000E+00,    5.1282104806E+02
    246800,      0.676976,CP2_after_erosion,   1,    0.0000000000E+00,    5.1282104806E+02,    5.1282104806E+02,    0.0000000000E+00,    0.0000000000E+00,    0.0000000000E+00,    5.1282104806E+02
    246800,      0.676976,CP3_after_update_bottom,   1,    0.0000000000E+00,    5.1282104806E+02,    5.1282104806E+02,    0.0000000000E+00,    0.0000000000E+00,    0.0000000000E+00,    5.1282104806E+02
    246800,      0.676976,CP4_after_advection,   1,    0.0000000000E+00,    5.1279912479E+02,    5.1279912479E+02,    0.0000000000E+00,    0.0000000000E+00,    0.0000000000E+00,    5.1279912479E+02
    246800,      0.676976,CP5_after_vdif,   1,    0.0000000000E+00,    5.1279912479E+02,    5.1279912479E+02,    0.0000000000E+00,    0.0000000000E+00,    0.0000000000E+00,    5.1279912479E+02
    246800,      0.676976,CP6_after_kinetics,   1,    0.0000000000E+00,    5.1279912479E+02,    5.1279912479E+02,    0.0000000000E+00,    0.0000000000E+00,    0.0000000000E+00,    5.1279912479E+02
    246800,      0.676976,CP7_after_upper_clamp,   1,    0.0000000000E+00,    5.1279912479E+02,    5.1279912479E+02,    0.0000000000E+00,    0.0000000000E+00,    0.0000000000E+00,    5.1279912479E+02
    246800,      0.676976,CP8_after_OBC,   1,    0.0000000000E+00,    5.1279912479E+02,    5.1279912479E+02,    0.0000000000E+00,    0.0000000000E+00,    0.0000000000E+00,    5.1279912479E+02
    246800,      0.676976,CP9_after_PTsource,   1,    0.0000000000E+00,    5.1279912479E+02,    5.1279912479E+02,    0.0000000000E+00,    0.0000000000E+00,    0.0000000000E+00,    5.1279912479E+02
    246800,      0.676976,CP10_after_neg_clamp,   1,    0.0000000000E+00,    5.1279912479E+02,    5.1279912479E+02,    0.0000000000E+00,    0.0000000000E+00,    0.0000000000E+00,    5.1279912479E+02
    246800,      0.676976,CP11_after_MPI,   1,    0.0000000000E+00,    5.1279912479E+02,    5.1279912479E+02,    0.0000000000E+00,    0.0000000000E+00,    0.0000000000E+00,    5.1279912479E+02
    246800,      0.676976,CP12_end,   1,    0.0000000000E+00,    5.1279912479E+02,    5.1279912479E+02,    0.0000000000E+00,    0.0000000000E+00,    0.0000000000E+00,    5.1279912479E+02
    246850,      0.676976,CP0_start,   1,    0.0000000000E+00,    5.1294780717E+02,    5.1294780717E+02,    0.0000000000E+00,    0.0000000000E+00,    0.0000000000E+00,    5.1294780717E+02
    246850,      0.676976,CP1_after_deposition,   1,    0.0000000000E+00,    5.1294780717E+02,    5.1294780717E+02,    0.0000000000E+00,    0.0000000000E+00,    0.0000000000E+00,    5.1294780717E+02
    246850,      0.676976,CP2_after_erosion,   1,    0.0000000000E+00,    5.1294780717E+02,    5.1294780717E+02,    0.0000000000E+00,    0.0000000000E+00,    0.0000000000E+00,    5.1294780717E+02
    246850,      0.676976,CP3_after_update_bottom,   1,    0.0000000000E+00,    5.1294780717E+02,    5.1294780717E+02,    0.0000000000E+00,    0.0000000000E+00,    0.0000000000E+00,    5.1294780717E+02
    246850,      0.676976,CP4_after_advection,   1,    0.0000000000E+00,    5.1292580388E+02,    5.1292580388E+02,    0.0000000000E+00,    0.0000000000E+00,    0.0000000000E+00,    5.1292580388E+02
    246850,      0.676976,CP5_after_vdif,   1,    0.0000000000E+00,    5.1292580388E+02,    5.1292580388E+02,    0.0000000000E+00,    0.0000000000E+00,    0.0000000000E+00,    5.1292580388E+02
    246850,      0.676976,CP6_after_kinetics,   1,    0.0000000000E+00,    5.1292580388E+02,    5.1292580388E+02,    0.0000000000E+00,    0.0000000000E+00,    0.0000000000E+00,    5.1292580388E+02
    246850,      0.676976,CP7_after_upper_clamp,   1,    0.0000000000E+00,    5.1292580388E+02,    5.1292580388E+02,    0.0000000000E+00,    0.0000000000E+00,    0.0000000000E+00,    5.1292580388E+02
    246850,      0.676976,CP8_after_OBC,   1,    0.0000000000E+00,    5.1292580388E+02,    5.1292580388E+02,    0.0000000000E+00,    0.0000000000E+00,    0.0000000000E+00,    5.1292580388E+02
    246850,      0.676976,CP9_after_PTsource,   1,    0.0000000000E+00,    5.1292580388E+02,    5.1292580388E+02,    0.0000000000E+00,    0.0000000000E+00,    0.0000000000E+00,    5.1292580388E+02
    246850,      0.676976,CP10_after_neg_clamp,   1,    0.0000000000E+00,    5.1292580388E+02,    5.1292580388E+02,    0.0000000000E+00,    0.0000000000E+00,    0.0000000000E+00,    5.1292580388E+02
    246850,      0.676976,CP11_after_MPI,   1,    0.0000000000E+00,    5.1292580388E+02,    5.1292580388E+02,    0.0000000000E+00,    0.0000000000E+00,    0.0000000000E+00,    5.1292580388E+02
    246850,      0.676976,CP12_end,   1,    0.0000000000E+00,    5.1292580388E+02,    5.1292580388E+02,    0.0000000000E+00,    0.0000000000E+00,    0.0000000000E+00,    5.1292580388E+02
    246900,      0.676976,CP0_start,   1,    0.0000000000E+00,    5.1307099569E+02,    5.1307099569E+02,    0.0000000000E+00,    0.0000000000E+00,    0.0000000000E+00,    5.1307099569E+02
    246900,      0.676976,CP1_after_deposition,   1,    0.0000000000E+00,    5.1307099569E+02,    5.1307099569E+02,    0.0000000000E+00,    0.0000000000E+00,    0.0000000000E+00,    5.1307099569E+02
    246900,      0.676976,CP2_after_erosion,   1,    0.0000000000E+00,    5.1307099569E+02,    5.1307099569E+02,    0.0000000000E+00,    0.0000000000E+00,    0.0000000000E+00,    5.1307099569E+02
    246900,      0.676976,CP3_after_update_bottom,   1,    0.0000000000E+00,    5.1307099569E+02,    5.1307099569E+02,    0.0000000000E+00,    0.0000000000E+00,    0.0000000000E+00,    5.1307099569E+02
    246900,      0.676976,CP4_after_advection,   1,    0.0000000000E+00,    5.1304888524E+02,    5.1304888524E+02,    0.0000000000E+00,    0.0000000000E+00,    0.0000000000E+00,    5.1304888524E+02
    246900,      0.676976,CP5_after_vdif,   1,    0.0000000000E+00,    5.1304888524E+02,    5.1304888524E+02,    0.0000000000E+00,    0.0000000000E+00,    0.0000000000E+00,    5.1304888524E+02
    246900,      0.676976,CP6_after_kinetics,   1,    0.0000000000E+00,    5.1304888524E+02,    5.1304888524E+02,    0.0000000000E+00,    0.0000000000E+00,    0.0000000000E+00,    5.1304888524E+02
    246900,      0.676976,CP7_after_upper_clamp,   1,    0.0000000000E+00,    5.1304888524E+02,    5.1304888524E+02,    0.0000000000E+00,    0.0000000000E+00,    0.0000000000E+00,    5.1304888524E+02
    246900,      0.676976,CP8_after_OBC,   1,    0.0000000000E+00,    5.1304888524E+02,    5.1304888524E+02,    0.0000000000E+00,    0.0000000000E+00,    0.0000000000E+00,    5.1304888524E+02
    246900,      0.676976,CP9_after_PTsource,   1,    0.0000000000E+00,    5.1304888524E+02,    5.1304888524E+02,    0.0000000000E+00,    0.0000000000E+00,    0.0000000000E+00,    5.1304888524E+02
    246900,      0.676976,CP10_after_neg_clamp,   1,    0.0000000000E+00,    5.1304888524E+02,    5.1304888524E+02,    0.0000000000E+00,    0.0000000000E+00,    0.0000000000E+00,    5.1304888524E+02
    246900,      0.676976,CP11_after_MPI,   1,    0.0000000000E+00,    5.1304888524E+02,    5.1304888524E+02,    0.0000000000E+00,    0.0000000000E+00,    0.0000000000E+00,    5.1304888524E+02
    246900,      0.676976,CP12_end,   1,    0.0000000000E+00,    5.1304888524E+02,    5.1304888524E+02,    0.0000000000E+00,    0.0000000000E+00,    0.0000000000E+00,    5.1304888524E+02
    246950,      0.676976,CP0_start,   1,    0.0000000000E+00,    5.1319015309E+02,    5.1319015309E+02,    0.0000000000E+00,    0.0000000000E+00,    0.0000000000E+00,    5.1319015309E+02
    246950,      0.676976,CP1_after_deposition,   1,    0.0000000000E+00,    5.1319015309E+02,    5.1319015309E+02,    0.0000000000E+00,    0.0000000000E+00,    0.0000000000E+00,    5.1319015309E+02
    246950,      0.676976,CP2_after_erosion,   1,    0.0000000000E+00,    5.1319015309E+02,    5.1319015309E+02,    0.0000000000E+00,    0.0000000000E+00,    0.0000000000E+00,    5.1319015309E+02
    246950,      0.676976,CP3_after_update_bottom,   1,    0.0000000000E+00,    5.1319015309E+02,    5.1319015309E+02,    0.0000000000E+00,    0.0000000000E+00,    0.0000000000E+00,    5.1319015309E+02
    246950,      0.676976,CP4_after_advection,   1,    0.0000000000E+00,    5.1316793426E+02,    5.1316793426E+02,    0.0000000000E+00,    0.0000000000E+00,    0.0000000000E+00,    5.1316793426E+02
    246950,      0.676976,CP5_after_vdif,   1,    0.0000000000E+00,    5.1316793426E+02,    5.1316793426E+02,    0.0000000000E+00,    0.0000000000E+00,    0.0000000000E+00,    5.1316793426E+02
    246950,      0.676976,CP6_after_kinetics,   1,    0.0000000000E+00,    5.1316793426E+02,    5.1316793426E+02,    0.0000000000E+00,    0.0000000000E+00,    0.0000000000E+00,    5.1316793426E+02
    246950,      0.676976,CP7_after_upper_clamp,   1,    0.0000000000E+00,    5.1316793426E+02,    5.1316793426E+02,    0.0000000000E+00,    0.0000000000E+00,    0.0000000000E+00,    5.1316793426E+02
    246950,      0.676976,CP8_after_OBC,   1,    0.0000000000E+00,    5.1316793426E+02,    5.1316793426E+02,    0.0000000000E+00,    0.0000000000E+00,    0.0000000000E+00,    5.1316793426E+02
    246950,      0.676976,CP9_after_PTsource,   1,    0.0000000000E+00,    5.1316793426E+02,    5.1316793426E+02,    0.0000000000E+00,    0.0000000000E+00,    0.0000000000E+00,    5.1316793426E+02
    246950,      0.676976,CP10_after_neg_clamp,   1,    0.0000000000E+00,    5.1316793426E+02,    5.1316793426E+02,    0.0000000000E+00,    0.0000000000E+00,    0.0000000000E+00,    5.1316793426E+02
    246950,      0.676976,CP11_after_MPI,   1,    0.0000000000E+00,    5.1316793426E+02,    5.1316793426E+02,    0.0000000000E+00,    0.0000000000E+00,    0.0000000000E+00,    5.1316793426E+02
    246950,      0.676976,CP12_end,   1,    0.0000000000E+00,    5.1316793426E+02,    5.1316793426E+02,    0.0000000000E+00,    0.0000000000E+00,    0.0000000000E+00,    5.1316793426E+02
    247000,      0.676976,CP0_start,   1,    0.0000000000E+00,    5.1330494046E+02,    5.1330494046E+02,    0.0000000000E+00,    0.0000000000E+00,    0.0000000000E+00,    5.1330494046E+02
    247000,      0.676976,CP1_after_deposition,   1,    0.0000000000E+00,    5.1330494046E+02,    5.1330494046E+02,    0.0000000000E+00,    0.0000000000E+00,    0.0000000000E+00,    5.1330494046E+02
    247000,      0.676976,CP2_after_erosion,   1,    0.0000000000E+00,    5.1330494046E+02,    5.1330494046E+02,    0.0000000000E+00,    0.0000000000E+00,    0.0000000000E+00,    5.1330494046E+02
    247000,      0.676976,CP3_after_update_bottom,   1,    0.0000000000E+00,    5.1330494046E+02,    5.1330494046E+02,    0.0000000000E+00,    0.0000000000E+00,    0.0000000000E+00,    5.1330494046E+02
    247000,      0.676976,CP4_after_advection,   1,    0.0000000000E+00,    5.1328261180E+02,    5.1328261180E+02,    0.0000000000E+00,    0.0000000000E+00,    0.0000000000E+00,    5.1328261180E+02
    247000,      0.676976,CP5_after_vdif,   1,    0.0000000000E+00,    5.1328261180E+02,    5.1328261180E+02,    0.0000000000E+00,    0.0000000000E+00,    0.0000000000E+00,    5.1328261180E+02
    247000,      0.676976,CP6_after_kinetics,   1,    0.0000000000E+00,    5.1328261180E+02,    5.1328261180E+02,    0.0000000000E+00,    0.0000000000E+00,    0.0000000000E+00,    5.1328261180E+02
    247000,      0.676976,CP7_after_upper_clamp,   1,    0.0000000000E+00,    5.1328261180E+02,    5.1328261180E+02,    0.0000000000E+00,    0.0000000000E+00,    0.0000000000E+00,    5.1328261180E+02
    247000,      0.676976,CP8_after_OBC,   1,    0.0000000000E+00,    5.1328261180E+02,    5.1328261180E+02,    0.0000000000E+00,    0.0000000000E+00,    0.0000000000E+00,    5.1328261180E+02
    247000,      0.676976,CP9_after_PTsource,   1,    0.0000000000E+00,    5.1328261180E+02,    5.1328261180E+02,    0.0000000000E+00,    0.0000000000E+00,    0.0000000000E+00,    5.1328261180E+02
    247000,      0.676976,CP10_after_neg_clamp,   1,    0.0000000000E+00,    5.1328261180E+02,    5.1328261180E+02,    0.0000000000E+00,    0.0000000000E+00,    0.0000000000E+00,    5.1328261180E+02
    247000,      0.676976,CP11_after_MPI,   1,    0.0000000000E+00,    5.1328261180E+02,    5.1328261180E+02,    0.0000000000E+00,    0.0000000000E+00,    0.0000000000E+00,    5.1328261180E+02
    247000,      0.676976,CP12_end,   1,    0.0000000000E+00,    5.1328261180E+02,    5.1328261180E+02,    0.0000000000E+00,    0.0000000000E+00,    0.0000000000E+00,    5.1328261180E+02
    247050,      0.676976,CP0_start,   1,    0.0000000000E+00,    5.1341598953E+02,    5.1341598953E+02,    0.0000000000E+00,    0.0000000000E+00,    0.0000000000E+00,    5.1341598953E+02
    247050,      0.676976,CP1_after_deposition,   1,    0.0000000000E+00,    5.1341598953E+02,    5.1341598953E+02,    0.0000000000E+00,    0.0000000000E+00,    0.0000000000E+00,    5.1341598953E+02
    247050,      0.676976,CP2_after_erosion,   1,    0.0000000000E+00,    5.1341598953E+02,    5.1341598953E+02,    0.0000000000E+00,    0.0000000000E+00,    0.0000000000E+00,    5.1341598953E+02
    247050,      0.676976,CP3_after_update_bottom,   1,    0.0000000000E+00,    5.1341598953E+02,    5.1341598953E+02,    0.0000000000E+00,    0.0000000000E+00,    0.0000000000E+00,    5.1341598953E+02
    247050,      0.676976,CP4_after_advection,   1,    0.0000000000E+00,    5.1339355931E+02,    5.1339355931E+02,    0.0000000000E+00,    0.0000000000E+00,    0.0000000000E+00,    5.1339355931E+02
    247050,      0.676976,CP5_after_vdif,   1,    0.0000000000E+00,    5.1339355931E+02,    5.1339355931E+02,    0.0000000000E+00,    0.0000000000E+00,    0.0000000000E+00,    5.1339355931E+02
    247050,      0.676976,CP6_after_kinetics,   1,    0.0000000000E+00,    5.1339355931E+02,    5.1339355931E+02,    0.0000000000E+00,    0.0000000000E+00,    0.0000000000E+00,    5.1339355931E+02
    247050,      0.676976,CP7_after_upper_clamp,   1,    0.0000000000E+00,    5.1339355931E+02,    5.1339355931E+02,    0.0000000000E+00,    0.0000000000E+00,    0.0000000000E+00,    5.1339355931E+02
    247050,      0.676976,CP8_after_OBC,   1,    0.0000000000E+00,    5.1339355931E+02,    5.1339355931E+02,    0.0000000000E+00,    0.0000000000E+00,    0.0000000000E+00,    5.1339355931E+02
    247050,      0.676976,CP9_after_PTsource,   1,    0.0000000000E+00,    5.1339355931E+02,    5.1339355931E+02,    0.0000000000E+00,    0.0000000000E+00,    0.0000000000E+00,    5.1339355931E+02
    247050,      0.676976,CP10_after_neg_clamp,   1,    0.0000000000E+00,    5.1339355931E+02,    5.1339355931E+02,    0.0000000000E+00,    0.0000000000E+00,    0.0000000000E+00,    5.1339355931E+02
    247050,      0.676976,CP11_after_MPI,   1,    0.0000000000E+00,    5.1339355931E+02,    5.1339355931E+02,    0.0000000000E+00,    0.0000000000E+00,    0.0000000000E+00,    5.1339355931E+02
    247050,      0.676976,CP12_end,   1,    0.0000000000E+00,    5.1339355931E+02,    5.1339355931E+02,    0.0000000000E+00,    0.0000000000E+00,    0.0000000000E+00,    5.1339355931E+02
    247100,      0.676976,CP0_start,   1,    0.0000000000E+00,    5.1352480831E+02,    5.1352480831E+02,    0.0000000000E+00,    0.0000000000E+00,    0.0000000000E+00,    5.1352480831E+02
    247100,      0.676976,CP1_after_deposition,   1,    0.0000000000E+00,    5.1352480831E+02,    5.1352480831E+02,    0.0000000000E+00,    0.0000000000E+00,    0.0000000000E+00,    5.1352480831E+02
    247100,      0.676976,CP2_after_erosion,   1,    0.0000000000E+00,    5.1352480831E+02,    5.1352480831E+02,    0.0000000000E+00,    0.0000000000E+00,    0.0000000000E+00,    5.1352480831E+02
    247100,      0.676976,CP3_after_update_bottom,   1,    0.0000000000E+00,    5.1352480831E+02,    5.1352480831E+02,    0.0000000000E+00,    0.0000000000E+00,    0.0000000000E+00,    5.1352480831E+02
    247100,      0.676976,CP4_after_advection,   1,    0.0000000000E+00,    5.1350233715E+02,    5.1350233715E+02,    0.0000000000E+00,    0.0000000000E+00,    0.0000000000E+00,    5.1350233715E+02
    247100,      0.676976,CP5_after_vdif,   1,    0.0000000000E+00,    5.1350233715E+02,    5.1350233715E+02,    0.0000000000E+00,    0.0000000000E+00,    0.0000000000E+00,    5.1350233715E+02
    247100,      0.676976,CP6_after_kinetics,   1,    0.0000000000E+00,    5.1350233715E+02,    5.1350233715E+02,    0.0000000000E+00,    0.0000000000E+00,    0.0000000000E+00,    5.1350233715E+02
    247100,      0.676976,CP7_after_upper_clamp,   1,    0.0000000000E+00,    5.1350233715E+02,    5.1350233715E+02,    0.0000000000E+00,    0.0000000000E+00,    0.0000000000E+00,    5.1350233715E+02
    247100,      0.676976,CP8_after_OBC,   1,    0.0000000000E+00,    5.1350233715E+02,    5.1350233715E+02,    0.0000000000E+00,    0.0000000000E+00,    0.0000000000E+00,    5.1350233715E+02
    247100,      0.676976,CP9_after_PTsource,   1,    0.0000000000E+00,    5.1350233715E+02,    5.1350233715E+02,    0.0000000000E+00,    0.0000000000E+00,    0.0000000000E+00,    5.1350233715E+02
    247100,      0.676976,CP10_after_neg_clamp,   1,    0.0000000000E+00,    5.1350233715E+02,    5.1350233715E+02,    0.0000000000E+00,    0.0000000000E+00,    0.0000000000E+00,    5.1350233715E+02
    247100,      0.676976,CP11_after_MPI,   1,    0.0000000000E+00,    5.1350233715E+02,    5.1350233715E+02,    0.0000000000E+00,    0.0000000000E+00,    0.0000000000E+00,    5.1350233715E+02
    247100,      0.676976,CP12_end,   1,    0.0000000000E+00,    5.1350233715E+02,    5.1350233715E+02,    0.0000000000E+00,    0.0000000000E+00,    0.0000000000E+00,    5.1350233715E+02
    247150,      0.676976,CP0_start,   1,    0.0000000000E+00,    5.1363349186E+02,    5.1363349186E+02,    0.0000000000E+00,    0.0000000000E+00,    0.0000000000E+00,    5.1363349186E+02
    247150,      0.676976,CP1_after_deposition,   1,    0.0000000000E+00,    5.1363349186E+02,    5.1363349186E+02,    0.0000000000E+00,    0.0000000000E+00,    0.0000000000E+00,    5.1363349186E+02
    247150,      0.676976,CP2_after_erosion,   1,    0.0000000000E+00,    5.1363349186E+02,    5.1363349186E+02,    0.0000000000E+00,    0.0000000000E+00,    0.0000000000E+00,    5.1363349186E+02
    247150,      0.676976,CP3_after_update_bottom,   1,    0.0000000000E+00,    5.1363349186E+02,    5.1363349186E+02,    0.0000000000E+00,    0.0000000000E+00,    0.0000000000E+00,    5.1363349186E+02
    247150,      0.676976,CP4_after_advection,   1,    0.0000000000E+00,    5.1361100616E+02,    5.1361100616E+02,    0.0000000000E+00,    0.0000000000E+00,    0.0000000000E+00,    5.1361100616E+02
    247150,      0.676976,CP5_after_vdif,   1,    0.0000000000E+00,    5.1361100616E+02,    5.1361100616E+02,    0.0000000000E+00,    0.0000000000E+00,    0.0000000000E+00,    5.1361100616E+02
    247150,      0.676976,CP6_after_kinetics,   1,    0.0000000000E+00,    5.1361100616E+02,    5.1361100616E+02,    0.0000000000E+00,    0.0000000000E+00,    0.0000000000E+00,    5.1361100616E+02
    247150,      0.676976,CP7_after_upper_clamp,   1,    0.0000000000E+00,    5.1361100616E+02,    5.1361100616E+02,    0.0000000000E+00,    0.0000000000E+00,    0.0000000000E+00,    5.1361100616E+02
    247150,      0.676976,CP8_after_OBC,   1,    0.0000000000E+00,    5.1361100616E+02,    5.1361100616E+02,    0.0000000000E+00,    0.0000000000E+00,    0.0000000000E+00,    5.1361100616E+02
    247150,      0.676976,CP9_after_PTsource,   1,    0.0000000000E+00,    5.1361100616E+02,    5.1361100616E+02,    0.0000000000E+00,    0.0000000000E+00,    0.0000000000E+00,    5.1361100616E+02
    247150,      0.676976,CP10_after_neg_clamp,   1,    0.0000000000E+00,    5.1361100616E+02,    5.1361100616E+02,    0.0000000000E+00,    0.0000000000E+00,    0.0000000000E+00,    5.1361100616E+02
    247150,      0.676976,CP11_after_MPI,   1,    0.0000000000E+00,    5.1361100616E+02,    5.1361100616E+02,    0.0000000000E+00,    0.0000000000E+00,    0.0000000000E+00,    5.1361100616E+02
    247150,      0.676976,CP12_end,   1,    0.0000000000E+00,    5.1361100616E+02,    5.1361100616E+02,    0.0000000000E+00,    0.0000000000E+00,    0.0000000000E+00,    5.1361100616E+02
    247200,      0.676976,CP0_start,   1,    0.0000000000E+00,    5.1374373471E+02,    5.1374373471E+02,    0.0000000000E+00,    0.0000000000E+00,    0.0000000000E+00,    5.1374373471E+02
    247200,      0.676976,CP1_after_deposition,   1,    0.0000000000E+00,    5.1374373471E+02,    5.1374373471E+02,    0.0000000000E+00,    0.0000000000E+00,    0.0000000000E+00,    5.1374373471E+02
    247200,      0.676976,CP2_after_erosion,   1,    0.0000000000E+00,    5.1374373471E+02,    5.1374373471E+02,    0.0000000000E+00,    0.0000000000E+00,    0.0000000000E+00,    5.1374373471E+02
    247200,      0.676976,CP3_after_update_bottom,   1,    0.0000000000E+00,    5.1374373471E+02,    5.1374373471E+02,    0.0000000000E+00,    0.0000000000E+00,    0.0000000000E+00,    5.1374373471E+02
    247200,      0.676976,CP4_after_advection,   1,    0.0000000000E+00,    5.1372127929E+02,    5.1372127929E+02,    0.0000000000E+00,    0.0000000000E+00,    0.0000000000E+00,    5.1372127929E+02
    247200,      0.676976,CP5_after_vdif,   1,    0.0000000000E+00,    5.1372127929E+02,    5.1372127929E+02,    0.0000000000E+00,    0.0000000000E+00,    0.0000000000E+00,    5.1372127929E+02
    247200,      0.676976,CP6_after_kinetics,   1,    0.0000000000E+00,    5.1372127929E+02,    5.1372127929E+02,    0.0000000000E+00,    0.0000000000E+00,    0.0000000000E+00,    5.1372127929E+02
    247200,      0.676976,CP7_after_upper_clamp,   1,    0.0000000000E+00,    5.1372127929E+02,    5.1372127929E+02,    0.0000000000E+00,    0.0000000000E+00,    0.0000000000E+00,    5.1372127929E+02
    247200,      0.676976,CP8_after_OBC,   1,    0.0000000000E+00,    5.1372127929E+02,    5.1372127929E+02,    0.0000000000E+00,    0.0000000000E+00,    0.0000000000E+00,    5.1372127929E+02
    247200,      0.676976,CP9_after_PTsource,   1,    0.0000000000E+00,    5.1372127929E+02,    5.1372127929E+02,    0.0000000000E+00,    0.0000000000E+00,    0.0000000000E+00,    5.1372127929E+02
    247200,      0.676976,CP10_after_neg_clamp,   1,    0.0000000000E+00,    5.1372127929E+02,    5.1372127929E+02,    0.0000000000E+00,    0.0000000000E+00,    0.0000000000E+00,    5.1372127929E+02
    247200,      0.676976,CP11_after_MPI,   1,    0.0000000000E+00,    5.1372127929E+02,    5.1372127929E+02,    0.0000000000E+00,    0.0000000000E+00,    0.0000000000E+00,    5.1372127929E+02
    247200,      0.676976,CP12_end,   1,    0.0000000000E+00,    5.1372127929E+02,    5.1372127929E+02,    0.0000000000E+00,    0.0000000000E+00,    0.0000000000E+00,    5.1372127929E+02
    247250,      0.676976,CP0_start,   1,    0.0000000000E+00,    5.1385693181E+02,    5.1385693181E+02,    0.0000000000E+00,    0.0000000000E+00,    0.0000000000E+00,    5.1385693181E+02
    247250,      0.676976,CP1_after_deposition,   1,    0.0000000000E+00,    5.1385693181E+02,    5.1385693181E+02,    0.0000000000E+00,    0.0000000000E+00,    0.0000000000E+00,    5.1385693181E+02
    247250,      0.676976,CP2_after_erosion,   1,    0.0000000000E+00,    5.1385693181E+02,    5.1385693181E+02,    0.0000000000E+00,    0.0000000000E+00,    0.0000000000E+00,    5.1385693181E+02
    247250,      0.676976,CP3_after_update_bottom,   1,    0.0000000000E+00,    5.1385693181E+02,    5.1385693181E+02,    0.0000000000E+00,    0.0000000000E+00,    0.0000000000E+00,    5.1385693181E+02
    247250,      0.676976,CP4_after_advection,   1,    0.0000000000E+00,    5.1383454501E+02,    5.1383454501E+02,    0.0000000000E+00,    0.0000000000E+00,    0.0000000000E+00,    5.1383454501E+02
    247250,      0.676976,CP5_after_vdif,   1,    0.0000000000E+00,    5.1383454501E+02,    5.1383454501E+02,    0.0000000000E+00,    0.0000000000E+00,    0.0000000000E+00,    5.1383454501E+02
    247250,      0.676976,CP6_after_kinetics,   1,    0.0000000000E+00,    5.1383454501E+02,    5.1383454501E+02,    0.0000000000E+00,    0.0000000000E+00,    0.0000000000E+00,    5.1383454501E+02
    247250,      0.676976,CP7_after_upper_clamp,   1,    0.0000000000E+00,    5.1383454501E+02,    5.1383454501E+02,    0.0000000000E+00,    0.0000000000E+00,    0.0000000000E+00,    5.1383454501E+02
    247250,      0.676976,CP8_after_OBC,   1,    0.0000000000E+00,    5.1383454501E+02,    5.1383454501E+02,    0.0000000000E+00,    0.0000000000E+00,    0.0000000000E+00,    5.1383454501E+02
    247250,      0.676976,CP9_after_PTsource,   1,    0.0000000000E+00,    5.1383454501E+02,    5.1383454501E+02,    0.0000000000E+00,    0.0000000000E+00,    0.0000000000E+00,    5.1383454501E+02
    247250,      0.676976,CP10_after_neg_clamp,   1,    0.0000000000E+00,    5.1383454501E+02,    5.1383454501E+02,    0.0000000000E+00,    0.0000000000E+00,    0.0000000000E+00,    5.1383454501E+02
    247250,      0.676976,CP11_after_MPI,   1,    0.0000000000E+00,    5.1383454501E+02,    5.1383454501E+02,    0.0000000000E+00,    0.0000000000E+00,    0.0000000000E+00,    5.1383454501E+02
    247250,      0.676976,CP12_end,   1,    0.0000000000E+00,    5.1383454501E+02,    5.1383454501E+02,    0.0000000000E+00,    0.0000000000E+00,    0.0000000000E+00,    5.1383454501E+02
    247300,      0.676976,CP0_start,   1,    0.0000000000E+00,    5.1397418820E+02,    5.1397418820E+02,    0.0000000000E+00,    0.0000000000E+00,    0.0000000000E+00,    5.1397418820E+02
    247300,      0.676976,CP1_after_deposition,   1,    0.0000000000E+00,    5.1397418820E+02,    5.1397418820E+02,    0.0000000000E+00,    0.0000000000E+00,    0.0000000000E+00,    5.1397418820E+02
    247300,      0.676976,CP2_after_erosion,   1,    0.0000000000E+00,    5.1397418820E+02,    5.1397418820E+02,    0.0000000000E+00,    0.0000000000E+00,    0.0000000000E+00,    5.1397418820E+02
    247300,      0.676976,CP3_after_update_bottom,   1,    0.0000000000E+00,    5.1397418820E+02,    5.1397418820E+02,    0.0000000000E+00,    0.0000000000E+00,    0.0000000000E+00,    5.1397418820E+02
    247300,      0.676976,CP4_after_advection,   1,    0.0000000000E+00,    5.1395189444E+02,    5.1395189444E+02,    0.0000000000E+00,    0.0000000000E+00,    0.0000000000E+00,    5.1395189444E+02
    247300,      0.676976,CP5_after_vdif,   1,    0.0000000000E+00,    5.1395189444E+02,    5.1395189444E+02,    0.0000000000E+00,    0.0000000000E+00,    0.0000000000E+00,    5.1395189444E+02
    247300,      0.676976,CP6_after_kinetics,   1,    0.0000000000E+00,    5.1395189444E+02,    5.1395189444E+02,    0.0000000000E+00,    0.0000000000E+00,    0.0000000000E+00,    5.1395189444E+02
    247300,      0.676976,CP7_after_upper_clamp,   1,    0.0000000000E+00,    5.1395189444E+02,    5.1395189444E+02,    0.0000000000E+00,    0.0000000000E+00,    0.0000000000E+00,    5.1395189444E+02
    247300,      0.676976,CP8_after_OBC,   1,    0.0000000000E+00,    5.1395189444E+02,    5.1395189444E+02,    0.0000000000E+00,    0.0000000000E+00,    0.0000000000E+00,    5.1395189444E+02
    247300,      0.676976,CP9_after_PTsource,   1,    0.0000000000E+00,    5.1395189444E+02,    5.1395189444E+02,    0.0000000000E+00,    0.0000000000E+00,    0.0000000000E+00,    5.1395189444E+02
    247300,      0.676976,CP10_after_neg_clamp,   1,    0.0000000000E+00,    5.1395189444E+02,    5.1395189444E+02,    0.0000000000E+00,    0.0000000000E+00,    0.0000000000E+00,    5.1395189444E+02
    247300,      0.676976,CP11_after_MPI,   1,    0.0000000000E+00,    5.1395189444E+02,    5.1395189444E+02,    0.0000000000E+00,    0.0000000000E+00,    0.0000000000E+00,    5.1395189444E+02
    247300,      0.676976,CP12_end,   1,    0.0000000000E+00,    5.1395189444E+02,    5.1395189444E+02,    0.0000000000E+00,    0.0000000000E+00,    0.0000000000E+00,    5.1395189444E+02
    247350,      0.676976,CP0_start,   1,    0.0000000000E+00,    5.1409547546E+02,    5.1409547546E+02,    0.0000000000E+00,    0.0000000000E+00,    0.0000000000E+00,    5.1409547546E+02
    247350,      0.676976,CP1_after_deposition,   1,    0.0000000000E+00,    5.1409547546E+02,    5.1409547546E+02,    0.0000000000E+00,    0.0000000000E+00,    0.0000000000E+00,    5.1409547546E+02
    247350,      0.676976,CP2_after_erosion,   1,    0.0000000000E+00,    5.1409547546E+02,    5.1409547546E+02,    0.0000000000E+00,    0.0000000000E+00,    0.0000000000E+00,    5.1409547546E+02
    247350,      0.676976,CP3_after_update_bottom,   1,    0.0000000000E+00,    5.1409547546E+02,    5.1409547546E+02,    0.0000000000E+00,    0.0000000000E+00,    0.0000000000E+00,    5.1409547546E+02
    247350,      0.676976,CP4_after_advection,   1,    0.0000000000E+00,    5.1407326172E+02,    5.1407326172E+02,    0.0000000000E+00,    0.0000000000E+00,    0.0000000000E+00,    5.1407326172E+02
    247350,      0.676976,CP5_after_vdif,   1,    0.0000000000E+00,    5.1407326172E+02,    5.1407326172E+02,    0.0000000000E+00,    0.0000000000E+00,    0.0000000000E+00,    5.1407326172E+02
    247350,      0.676976,CP6_after_kinetics,   1,    0.0000000000E+00,    5.1407326172E+02,    5.1407326172E+02,    0.0000000000E+00,    0.0000000000E+00,    0.0000000000E+00,    5.1407326172E+02
    247350,      0.676976,CP7_after_upper_clamp,   1,    0.0000000000E+00,    5.1407326172E+02,    5.1407326172E+02,    0.0000000000E+00,    0.0000000000E+00,    0.0000000000E+00,    5.1407326172E+02
    247350,      0.676976,CP8_after_OBC,   1,    0.0000000000E+00,    5.1407326172E+02,    5.1407326172E+02,    0.0000000000E+00,    0.0000000000E+00,    0.0000000000E+00,    5.1407326172E+02
    247350,      0.676976,CP9_after_PTsource,   1,    0.0000000000E+00,    5.1407326172E+02,    5.1407326172E+02,    0.0000000000E+00,    0.0000000000E+00,    0.0000000000E+00,    5.1407326172E+02
    247350,      0.676976,CP10_after_neg_clamp,   1,    0.0000000000E+00,    5.1407326172E+02,    5.1407326172E+02,    0.0000000000E+00,    0.0000000000E+00,    0.0000000000E+00,    5.1407326172E+02
    247350,      0.676976,CP11_after_MPI,   1,    0.0000000000E+00,    5.1407326172E+02,    5.1407326172E+02,    0.0000000000E+00,    0.0000000000E+00,    0.0000000000E+00,    5.1407326172E+02
    247350,      0.676976,CP12_end,   1,    0.0000000000E+00,    5.1407326172E+02,    5.1407326172E+02,    0.0000000000E+00,    0.0000000000E+00,    0.0000000000E+00,    5.1407326172E+02
    247400,      0.676976,CP0_start,   1,    0.0000000000E+00,    5.1421921393E+02,    5.1421921393E+02,    0.0000000000E+00,    0.0000000000E+00,    0.0000000000E+00,    5.1421921393E+02
    247400,      0.676976,CP1_after_deposition,   1,    0.0000000000E+00,    5.1421921393E+02,    5.1421921393E+02,    0.0000000000E+00,    0.0000000000E+00,    0.0000000000E+00,    5.1421921393E+02
    247400,      0.676976,CP2_after_erosion,   1,    0.0000000000E+00,    5.1421921393E+02,    5.1421921393E+02,    0.0000000000E+00,    0.0000000000E+00,    0.0000000000E+00,    5.1421921393E+02
    247400,      0.676976,CP3_after_update_bottom,   1,    0.0000000000E+00,    5.1421921393E+02,    5.1421921393E+02,    0.0000000000E+00,    0.0000000000E+00,    0.0000000000E+00,    5.1421921393E+02
    247400,      0.676976,CP4_after_advection,   1,    0.0000000000E+00,    5.1419702531E+02,    5.1419702531E+02,    0.0000000000E+00,    0.0000000000E+00,    0.0000000000E+00,    5.1419702531E+02
    247400,      0.676976,CP5_after_vdif,   1,    0.0000000000E+00,    5.1419702531E+02,    5.1419702531E+02,    0.0000000000E+00,    0.0000000000E+00,    0.0000000000E+00,    5.1419702531E+02
    247400,      0.676976,CP6_after_kinetics,   1,    0.0000000000E+00,    5.1419702531E+02,    5.1419702531E+02,    0.0000000000E+00,    0.0000000000E+00,    0.0000000000E+00,    5.1419702531E+02
    247400,      0.676976,CP7_after_upper_clamp,   1,    0.0000000000E+00,    5.1419702531E+02,    5.1419702531E+02,    0.0000000000E+00,    0.0000000000E+00,    0.0000000000E+00,    5.1419702531E+02
    247400,      0.676976,CP8_after_OBC,   1,    0.0000000000E+00,    5.1419702531E+02,    5.1419702531E+02,    0.0000000000E+00,    0.0000000000E+00,    0.0000000000E+00,    5.1419702531E+02
    247400,      0.676976,CP9_after_PTsource,   1,    0.0000000000E+00,    5.1419702531E+02,    5.1419702531E+02,    0.0000000000E+00,    0.0000000000E+00,    0.0000000000E+00,    5.1419702531E+02
    247400,      0.676976,CP10_after_neg_clamp,   1,    0.0000000000E+00,    5.1419702531E+02,    5.1419702531E+02,    0.0000000000E+00,    0.0000000000E+00,    0.0000000000E+00,    5.1419702531E+02
    247400,      0.676976,CP11_after_MPI,   1,    0.0000000000E+00,    5.1419702531E+02,    5.1419702531E+02,    0.0000000000E+00,    0.0000000000E+00,    0.0000000000E+00,    5.1419702531E+02
    247400,      0.676976,CP12_end,   1,    0.0000000000E+00,    5.1419702531E+02,    5.1419702531E+02,    0.0000000000E+00,    0.0000000000E+00,    0.0000000000E+00,    5.1419702531E+02
    247450,      0.676976,CP0_start,   1,    0.0000000000E+00,    5.1434320714E+02,    5.1434320714E+02,    0.0000000000E+00,    0.0000000000E+00,    0.0000000000E+00,    5.1434320714E+02
    247450,      0.676976,CP1_after_deposition,   1,    0.0000000000E+00,    5.1434320714E+02,    5.1434320714E+02,    0.0000000000E+00,    0.0000000000E+00,    0.0000000000E+00,    5.1434320714E+02
    247450,      0.676976,CP2_after_erosion,   1,    0.0000000000E+00,    5.1434320714E+02,    5.1434320714E+02,    0.0000000000E+00,    0.0000000000E+00,    0.0000000000E+00,    5.1434320714E+02
    247450,      0.676976,CP3_after_update_bottom,   1,    0.0000000000E+00,    5.1434320714E+02,    5.1434320714E+02,    0.0000000000E+00,    0.0000000000E+00,    0.0000000000E+00,    5.1434320714E+02
    247450,      0.676976,CP4_after_advection,   1,    0.0000000000E+00,    5.1432101737E+02,    5.1432101737E+02,    0.0000000000E+00,    0.0000000000E+00,    0.0000000000E+00,    5.1432101737E+02
    247450,      0.676976,CP5_after_vdif,   1,    0.0000000000E+00,    5.1432101737E+02,    5.1432101737E+02,    0.0000000000E+00,    0.0000000000E+00,    0.0000000000E+00,    5.1432101737E+02
    247450,      0.676976,CP6_after_kinetics,   1,    0.0000000000E+00,    5.1432101737E+02,    5.1432101737E+02,    0.0000000000E+00,    0.0000000000E+00,    0.0000000000E+00,    5.1432101737E+02
    247450,      0.676976,CP7_after_upper_clamp,   1,    0.0000000000E+00,    5.1432101737E+02,    5.1432101737E+02,    0.0000000000E+00,    0.0000000000E+00,    0.0000000000E+00,    5.1432101737E+02
    247450,      0.676976,CP8_after_OBC,   1,    0.0000000000E+00,    5.1432101737E+02,    5.1432101737E+02,    0.0000000000E+00,    0.0000000000E+00,    0.0000000000E+00,    5.1432101737E+02
    247450,      0.676976,CP9_after_PTsource,   1,    0.0000000000E+00,    5.1432101737E+02,    5.1432101737E+02,    0.0000000000E+00,    0.0000000000E+00,    0.0000000000E+00,    5.1432101737E+02
    247450,      0.676976,CP10_after_neg_clamp,   1,    0.0000000000E+00,    5.1432101737E+02,    5.1432101737E+02,    0.0000000000E+00,    0.0000000000E+00,    0.0000000000E+00,    5.1432101737E+02
    247450,      0.676976,CP11_after_MPI,   1,    0.0000000000E+00,    5.1432101737E+02,    5.1432101737E+02,    0.0000000000E+00,    0.0000000000E+00,    0.0000000000E+00,    5.1432101737E+02
    247450,      0.676976,CP12_end,   1,    0.0000000000E+00,    5.1432101737E+02,    5.1432101737E+02,    0.0000000000E+00,    0.0000000000E+00,    0.0000000000E+00,    5.1432101737E+02
    247500,      0.676976,CP0_start,   1,    0.0000000000E+00,    5.1446694600E+02,    5.1446694600E+02,    0.0000000000E+00,    0.0000000000E+00,    0.0000000000E+00,    5.1446694600E+02
    247500,      0.676976,CP1_after_deposition,   1,    0.0000000000E+00,    5.1446694600E+02,    5.1446694600E+02,    0.0000000000E+00,    0.0000000000E+00,    0.0000000000E+00,    5.1446694600E+02
    247500,      0.676976,CP2_after_erosion,   1,    0.0000000000E+00,    5.1446694600E+02,    5.1446694600E+02,    0.0000000000E+00,    0.0000000000E+00,    0.0000000000E+00,    5.1446694600E+02
    247500,      0.676976,CP3_after_update_bottom,   1,    0.0000000000E+00,    5.1446694600E+02,    5.1446694600E+02,    0.0000000000E+00,    0.0000000000E+00,    0.0000000000E+00,    5.1446694600E+02
    247500,      0.676976,CP4_after_advection,   1,    0.0000000000E+00,    5.1444475660E+02,    5.1444475660E+02,    0.0000000000E+00,    0.0000000000E+00,    0.0000000000E+00,    5.1444475660E+02
    247500,      0.676976,CP5_after_vdif,   1,    0.0000000000E+00,    5.1444475660E+02,    5.1444475660E+02,    0.0000000000E+00,    0.0000000000E+00,    0.0000000000E+00,    5.1444475660E+02
    247500,      0.676976,CP6_after_kinetics,   1,    0.0000000000E+00,    5.1444475660E+02,    5.1444475660E+02,    0.0000000000E+00,    0.0000000000E+00,    0.0000000000E+00,    5.1444475660E+02
    247500,      0.676976,CP7_after_upper_clamp,   1,    0.0000000000E+00,    5.1444475660E+02,    5.1444475660E+02,    0.0000000000E+00,    0.0000000000E+00,    0.0000000000E+00,    5.1444475660E+02
    247500,      0.676976,CP8_after_OBC,   1,    0.0000000000E+00,    5.1444475660E+02,    5.1444475660E+02,    0.0000000000E+00,    0.0000000000E+00,    0.0000000000E+00,    5.1444475660E+02
    247500,      0.676976,CP9_after_PTsource,   1,    0.0000000000E+00,    5.1444475660E+02,    5.1444475660E+02,    0.0000000000E+00,    0.0000000000E+00,    0.0000000000E+00,    5.1444475660E+02
    247500,      0.676976,CP10_after_neg_clamp,   1,    0.0000000000E+00,    5.1444475660E+02,    5.1444475660E+02,    0.0000000000E+00,    0.0000000000E+00,    0.0000000000E+00,    5.1444475660E+02
    247500,      0.676976,CP11_after_MPI,   1,    0.0000000000E+00,    5.1444475660E+02,    5.1444475660E+02,    0.0000000000E+00,    0.0000000000E+00,    0.0000000000E+00,    5.1444475660E+02
    247500,      0.676976,CP12_end,   1,    0.0000000000E+00,    5.1444475660E+02,    5.1444475660E+02,    0.0000000000E+00,    0.0000000000E+00,    0.0000000000E+00,    5.1444475660E+02
    247550,      0.676976,CP0_start,   1,    0.0000000000E+00,    5.1458996587E+02,    5.1458996587E+02,    0.0000000000E+00,    0.0000000000E+00,    0.0000000000E+00,    5.1458996587E+02
    247550,      0.676976,CP1_after_deposition,   1,    0.0000000000E+00,    5.1458996587E+02,    5.1458996587E+02,    0.0000000000E+00,    0.0000000000E+00,    0.0000000000E+00,    5.1458996587E+02
    247550,      0.676976,CP2_after_erosion,   1,    0.0000000000E+00,    5.1458996587E+02,    5.1458996587E+02,    0.0000000000E+00,    0.0000000000E+00,    0.0000000000E+00,    5.1458996587E+02
    247550,      0.676976,CP3_after_update_bottom,   1,    0.0000000000E+00,    5.1458996587E+02,    5.1458996587E+02,    0.0000000000E+00,    0.0000000000E+00,    0.0000000000E+00,    5.1458996587E+02
    247550,      0.676976,CP4_after_advection,   1,    0.0000000000E+00,    5.1456778823E+02,    5.1456778823E+02,    0.0000000000E+00,    0.0000000000E+00,    0.0000000000E+00,    5.1456778823E+02
    247550,      0.676976,CP5_after_vdif,   1,    0.0000000000E+00,    5.1456778823E+02,    5.1456778823E+02,    0.0000000000E+00,    0.0000000000E+00,    0.0000000000E+00,    5.1456778823E+02
    247550,      0.676976,CP6_after_kinetics,   1,    0.0000000000E+00,    5.1456778823E+02,    5.1456778823E+02,    0.0000000000E+00,    0.0000000000E+00,    0.0000000000E+00,    5.1456778823E+02
    247550,      0.676976,CP7_after_upper_clamp,   1,    0.0000000000E+00,    5.1456778823E+02,    5.1456778823E+02,    0.0000000000E+00,    0.0000000000E+00,    0.0000000000E+00,    5.1456778823E+02
    247550,      0.676976,CP8_after_OBC,   1,    0.0000000000E+00,    5.1456778823E+02,    5.1456778823E+02,    0.0000000000E+00,    0.0000000000E+00,    0.0000000000E+00,    5.1456778823E+02
    247550,      0.676976,CP9_after_PTsource,   1,    0.0000000000E+00,    5.1456778823E+02,    5.1456778823E+02,    0.0000000000E+00,    0.0000000000E+00,    0.0000000000E+00,    5.1456778823E+02
    247550,      0.676976,CP10_after_neg_clamp,   1,    0.0000000000E+00,    5.1456778823E+02,    5.1456778823E+02,    0.0000000000E+00,    0.0000000000E+00,    0.0000000000E+00,    5.1456778823E+02
    247550,      0.676976,CP11_after_MPI,   1,    0.0000000000E+00,    5.1456778823E+02,    5.1456778823E+02,    0.0000000000E+00,    0.0000000000E+00,    0.0000000000E+00,    5.1456778823E+02
    247550,      0.676976,CP12_end,   1,    0.0000000000E+00,    5.1456778823E+02,    5.1456778823E+02,    0.0000000000E+00,    0.0000000000E+00,    0.0000000000E+00,    5.1456778823E+02
    247600,      0.676976,CP0_start,   1,    0.0000000000E+00,    5.1471361121E+02,    5.1471361121E+02,    0.0000000000E+00,    0.0000000000E+00,    0.0000000000E+00,    5.1471361121E+02
    247600,      0.676976,CP1_after_deposition,   1,    0.0000000000E+00,    5.1471361121E+02,    5.1471361121E+02,    0.0000000000E+00,    0.0000000000E+00,    0.0000000000E+00,    5.1471361121E+02
    247600,      0.676976,CP2_after_erosion,   1,    0.0000000000E+00,    5.1471361121E+02,    5.1471361121E+02,    0.0000000000E+00,    0.0000000000E+00,    0.0000000000E+00,    5.1471361121E+02
    247600,      0.676976,CP3_after_update_bottom,   1,    0.0000000000E+00,    5.1471361121E+02,    5.1471361121E+02,    0.0000000000E+00,    0.0000000000E+00,    0.0000000000E+00,    5.1471361121E+02
    247600,      0.676976,CP4_after_advection,   1,    0.0000000000E+00,    5.1469144170E+02,    5.1469144170E+02,    0.0000000000E+00,    0.0000000000E+00,    0.0000000000E+00,    5.1469144170E+02
    247600,      0.676976,CP5_after_vdif,   1,    0.0000000000E+00,    5.1469144170E+02,    5.1469144170E+02,    0.0000000000E+00,    0.0000000000E+00,    0.0000000000E+00,    5.1469144170E+02
    247600,      0.676976,CP6_after_kinetics,   1,    0.0000000000E+00,    5.1469144170E+02,    5.1469144170E+02,    0.0000000000E+00,    0.0000000000E+00,    0.0000000000E+00,    5.1469144170E+02
    247600,      0.676976,CP7_after_upper_clamp,   1,    0.0000000000E+00,    5.1469144170E+02,    5.1469144170E+02,    0.0000000000E+00,    0.0000000000E+00,    0.0000000000E+00,    5.1469144170E+02
    247600,      0.676976,CP8_after_OBC,   1,    0.0000000000E+00,    5.1469144170E+02,    5.1469144170E+02,    0.0000000000E+00,    0.0000000000E+00,    0.0000000000E+00,    5.1469144170E+02
    247600,      0.676976,CP9_after_PTsource,   1,    0.0000000000E+00,    5.1469144170E+02,    5.1469144170E+02,    0.0000000000E+00,    0.0000000000E+00,    0.0000000000E+00,    5.1469144170E+02
    247600,      0.676976,CP10_after_neg_clamp,   1,    0.0000000000E+00,    5.1469144170E+02,    5.1469144170E+02,    0.0000000000E+00,    0.0000000000E+00,    0.0000000000E+00,    5.1469144170E+02
    247600,      0.676976,CP11_after_MPI,   1,    0.0000000000E+00,    5.1469144170E+02,    5.1469144170E+02,    0.0000000000E+00,    0.0000000000E+00,    0.0000000000E+00,    5.1469144170E+02
    247600,      0.676976,CP12_end,   1,    0.0000000000E+00,    5.1469144170E+02,    5.1469144170E+02,    0.0000000000E+00,    0.0000000000E+00,    0.0000000000E+00,    5.1469144170E+02
    247650,      0.676976,CP0_start,   1,    0.0000000000E+00,    5.1483738099E+02,    5.1483738099E+02,    0.0000000000E+00,    0.0000000000E+00,    0.0000000000E+00,    5.1483738099E+02
    247650,      0.676976,CP1_after_deposition,   1,    0.0000000000E+00,    5.1483738099E+02,    5.1483738099E+02,    0.0000000000E+00,    0.0000000000E+00,    0.0000000000E+00,    5.1483738099E+02
    247650,      0.676976,CP2_after_erosion,   1,    0.0000000000E+00,    5.1483738099E+02,    5.1483738099E+02,    0.0000000000E+00,    0.0000000000E+00,    0.0000000000E+00,    5.1483738099E+02
    247650,      0.676976,CP3_after_update_bottom,   1,    0.0000000000E+00,    5.1483738099E+02,    5.1483738099E+02,    0.0000000000E+00,    0.0000000000E+00,    0.0000000000E+00,    5.1483738099E+02
    247650,      0.676976,CP4_after_advection,   1,    0.0000000000E+00,    5.1481522682E+02,    5.1481522682E+02,    0.0000000000E+00,    0.0000000000E+00,    0.0000000000E+00,    5.1481522682E+02
    247650,      0.676976,CP5_after_vdif,   1,    0.0000000000E+00,    5.1481522682E+02,    5.1481522682E+02,    0.0000000000E+00,    0.0000000000E+00,    0.0000000000E+00,    5.1481522682E+02
    247650,      0.676976,CP6_after_kinetics,   1,    0.0000000000E+00,    5.1481522682E+02,    5.1481522682E+02,    0.0000000000E+00,    0.0000000000E+00,    0.0000000000E+00,    5.1481522682E+02
    247650,      0.676976,CP7_after_upper_clamp,   1,    0.0000000000E+00,    5.1481522682E+02,    5.1481522682E+02,    0.0000000000E+00,    0.0000000000E+00,    0.0000000000E+00,    5.1481522682E+02
    247650,      0.676976,CP8_after_OBC,   1,    0.0000000000E+00,    5.1481522682E+02,    5.1481522682E+02,    0.0000000000E+00,    0.0000000000E+00,    0.0000000000E+00,    5.1481522682E+02
    247650,      0.676976,CP9_after_PTsource,   1,    0.0000000000E+00,    5.1481522682E+02,    5.1481522682E+02,    0.0000000000E+00,    0.0000000000E+00,    0.0000000000E+00,    5.1481522682E+02
    247650,      0.676976,CP10_after_neg_clamp,   1,    0.0000000000E+00,    5.1481522682E+02,    5.1481522682E+02,    0.0000000000E+00,    0.0000000000E+00,    0.0000000000E+00,    5.1481522682E+02
    247650,      0.676976,CP11_after_MPI,   1,    0.0000000000E+00,    5.1481522682E+02,    5.1481522682E+02,    0.0000000000E+00,    0.0000000000E+00,    0.0000000000E+00,    5.1481522682E+02
    247650,      0.676976,CP12_end,   1,    0.0000000000E+00,    5.1481522682E+02,    5.1481522682E+02,    0.0000000000E+00,    0.0000000000E+00,    0.0000000000E+00,    5.1481522682E+02
    247700,      0.676976,CP0_start,   1,    0.0000000000E+00,    5.1496105380E+02,    5.1496105380E+02,    0.0000000000E+00,    0.0000000000E+00,    0.0000000000E+00,    5.1496105380E+02
    247700,      0.676976,CP1_after_deposition,   1,    0.0000000000E+00,    5.1496105380E+02,    5.1496105380E+02,    0.0000000000E+00,    0.0000000000E+00,    0.0000000000E+00,    5.1496105380E+02
    247700,      0.676976,CP2_after_erosion,   1,    0.0000000000E+00,    5.1496105380E+02,    5.1496105380E+02,    0.0000000000E+00,    0.0000000000E+00,    0.0000000000E+00,    5.1496105380E+02
    247700,      0.676976,CP3_after_update_bottom,   1,    0.0000000000E+00,    5.1496105380E+02,    5.1496105380E+02,    0.0000000000E+00,    0.0000000000E+00,    0.0000000000E+00,    5.1496105380E+02
    247700,      0.676976,CP4_after_advection,   1,    0.0000000000E+00,    5.1493892661E+02,    5.1493892661E+02,    0.0000000000E+00,    0.0000000000E+00,    0.0000000000E+00,    5.1493892661E+02
    247700,      0.676976,CP5_after_vdif,   1,    0.0000000000E+00,    5.1493892661E+02,    5.1493892661E+02,    0.0000000000E+00,    0.0000000000E+00,    0.0000000000E+00,    5.1493892661E+02
    247700,      0.676976,CP6_after_kinetics,   1,    0.0000000000E+00,    5.1493892661E+02,    5.1493892661E+02,    0.0000000000E+00,    0.0000000000E+00,    0.0000000000E+00,    5.1493892661E+02
    247700,      0.676976,CP7_after_upper_clamp,   1,    0.0000000000E+00,    5.1493892661E+02,    5.1493892661E+02,    0.0000000000E+00,    0.0000000000E+00,    0.0000000000E+00,    5.1493892661E+02
    247700,      0.676976,CP8_after_OBC,   1,    0.0000000000E+00,    5.1493892661E+02,    5.1493892661E+02,    0.0000000000E+00,    0.0000000000E+00,    0.0000000000E+00,    5.1493892661E+02
    247700,      0.676976,CP9_after_PTsource,   1,    0.0000000000E+00,    5.1493892661E+02,    5.1493892661E+02,    0.0000000000E+00,    0.0000000000E+00,    0.0000000000E+00,    5.1493892661E+02
    247700,      0.676976,CP10_after_neg_clamp,   1,    0.0000000000E+00,    5.1493892661E+02,    5.1493892661E+02,    0.0000000000E+00,    0.0000000000E+00,    0.0000000000E+00,    5.1493892661E+02
    247700,      0.676976,CP11_after_MPI,   1,    0.0000000000E+00,    5.1493892661E+02,    5.1493892661E+02,    0.0000000000E+00,    0.0000000000E+00,    0.0000000000E+00,    5.1493892661E+02
    247700,      0.676976,CP12_end,   1,    0.0000000000E+00,    5.1493892661E+02,    5.1493892661E+02,    0.0000000000E+00,    0.0000000000E+00,    0.0000000000E+00,    5.1493892661E+02
    247750,      0.676976,CP0_start,   1,    0.0000000000E+00,    5.1508409355E+02,    5.1508409355E+02,    0.0000000000E+00,    0.0000000000E+00,    0.0000000000E+00,    5.1508409355E+02
    247750,      0.676976,CP1_after_deposition,   1,    0.0000000000E+00,    5.1508409355E+02,    5.1508409355E+02,    0.0000000000E+00,    0.0000000000E+00,    0.0000000000E+00,    5.1508409355E+02
    247750,      0.676976,CP2_after_erosion,   1,    0.0000000000E+00,    5.1508409355E+02,    5.1508409355E+02,    0.0000000000E+00,    0.0000000000E+00,    0.0000000000E+00,    5.1508409355E+02
    247750,      0.676976,CP3_after_update_bottom,   1,    0.0000000000E+00,    5.1508409355E+02,    5.1508409355E+02,    0.0000000000E+00,    0.0000000000E+00,    0.0000000000E+00,    5.1508409355E+02
    247750,      0.676976,CP4_after_advection,   1,    0.0000000000E+00,    5.1506200802E+02,    5.1506200802E+02,    0.0000000000E+00,    0.0000000000E+00,    0.0000000000E+00,    5.1506200802E+02
    247750,      0.676976,CP5_after_vdif,   1,    0.0000000000E+00,    5.1506200802E+02,    5.1506200802E+02,    0.0000000000E+00,    0.0000000000E+00,    0.0000000000E+00,    5.1506200802E+02
    247750,      0.676976,CP6_after_kinetics,   1,    0.0000000000E+00,    5.1506200802E+02,    5.1506200802E+02,    0.0000000000E+00,    0.0000000000E+00,    0.0000000000E+00,    5.1506200802E+02
    247750,      0.676976,CP7_after_upper_clamp,   1,    0.0000000000E+00,    5.1506200802E+02,    5.1506200802E+02,    0.0000000000E+00,    0.0000000000E+00,    0.0000000000E+00,    5.1506200802E+02
    247750,      0.676976,CP8_after_OBC,   1,    0.0000000000E+00,    5.1506200802E+02,    5.1506200802E+02,    0.0000000000E+00,    0.0000000000E+00,    0.0000000000E+00,    5.1506200802E+02
    247750,      0.676976,CP9_after_PTsource,   1,    0.0000000000E+00,    5.1506200802E+02,    5.1506200802E+02,    0.0000000000E+00,    0.0000000000E+00,    0.0000000000E+00,    5.1506200802E+02
    247750,      0.676976,CP10_after_neg_clamp,   1,    0.0000000000E+00,    5.1506200802E+02,    5.1506200802E+02,    0.0000000000E+00,    0.0000000000E+00,    0.0000000000E+00,    5.1506200802E+02
    247750,      0.676976,CP11_after_MPI,   1,    0.0000000000E+00,    5.1506200802E+02,    5.1506200802E+02,    0.0000000000E+00,    0.0000000000E+00,    0.0000000000E+00,    5.1506200802E+02
    247750,      0.676976,CP12_end,   1,    0.0000000000E+00,    5.1506200802E+02,    5.1506200802E+02,    0.0000000000E+00,    0.0000000000E+00,    0.0000000000E+00,    5.1506200802E+02
    247800,      0.676976,CP0_start,   1,    0.0000000000E+00,    5.1520573072E+02,    5.1520573072E+02,    0.0000000000E+00,    0.0000000000E+00,    0.0000000000E+00,    5.1520573072E+02
    247800,      0.676976,CP1_after_deposition,   1,    0.0000000000E+00,    5.1520573072E+02,    5.1520573072E+02,    0.0000000000E+00,    0.0000000000E+00,    0.0000000000E+00,    5.1520573072E+02
    247800,      0.676976,CP2_after_erosion,   1,    0.0000000000E+00,    5.1520573072E+02,    5.1520573072E+02,    0.0000000000E+00,    0.0000000000E+00,    0.0000000000E+00,    5.1520573072E+02
    247800,      0.676976,CP3_after_update_bottom,   1,    0.0000000000E+00,    5.1520573072E+02,    5.1520573072E+02,    0.0000000000E+00,    0.0000000000E+00,    0.0000000000E+00,    5.1520573072E+02
    247800,      0.676976,CP4_after_advection,   1,    0.0000000000E+00,    5.1518369432E+02,    5.1518369432E+02,    0.0000000000E+00,    0.0000000000E+00,    0.0000000000E+00,    5.1518369432E+02
    247800,      0.676976,CP5_after_vdif,   1,    0.0000000000E+00,    5.1518369432E+02,    5.1518369432E+02,    0.0000000000E+00,    0.0000000000E+00,    0.0000000000E+00,    5.1518369432E+02
    247800,      0.676976,CP6_after_kinetics,   1,    0.0000000000E+00,    5.1518369432E+02,    5.1518369432E+02,    0.0000000000E+00,    0.0000000000E+00,    0.0000000000E+00,    5.1518369432E+02
    247800,      0.676976,CP7_after_upper_clamp,   1,    0.0000000000E+00,    5.1518369432E+02,    5.1518369432E+02,    0.0000000000E+00,    0.0000000000E+00,    0.0000000000E+00,    5.1518369432E+02
    247800,      0.676976,CP8_after_OBC,   1,    0.0000000000E+00,    5.1518369432E+02,    5.1518369432E+02,    0.0000000000E+00,    0.0000000000E+00,    0.0000000000E+00,    5.1518369432E+02
    247800,      0.676976,CP9_after_PTsource,   1,    0.0000000000E+00,    5.1518369432E+02,    5.1518369432E+02,    0.0000000000E+00,    0.0000000000E+00,    0.0000000000E+00,    5.1518369432E+02
    247800,      0.676976,CP10_after_neg_clamp,   1,    0.0000000000E+00,    5.1518369432E+02,    5.1518369432E+02,    0.0000000000E+00,    0.0000000000E+00,    0.0000000000E+00,    5.1518369432E+02
    247800,      0.676976,CP11_after_MPI,   1,    0.0000000000E+00,    5.1518369432E+02,    5.1518369432E+02,    0.0000000000E+00,    0.0000000000E+00,    0.0000000000E+00,    5.1518369432E+02
    247800,      0.676976,CP12_end,   1,    0.0000000000E+00,    5.1518369432E+02,    5.1518369432E+02,    0.0000000000E+00,    0.0000000000E+00,    0.0000000000E+00,    5.1518369432E+02
    247850,      0.676976,CP0_start,   1,    0.0000000000E+00,    5.1532536831E+02,    5.1532536831E+02,    0.0000000000E+00,    0.0000000000E+00,    0.0000000000E+00,    5.1532536831E+02
    247850,      0.676976,CP1_after_deposition,   1,    0.0000000000E+00,    5.1532536831E+02,    5.1532536831E+02,    0.0000000000E+00,    0.0000000000E+00,    0.0000000000E+00,    5.1532536831E+02
    247850,      0.676976,CP2_after_erosion,   1,    0.0000000000E+00,    5.1532536831E+02,    5.1532536831E+02,    0.0000000000E+00,    0.0000000000E+00,    0.0000000000E+00,    5.1532536831E+02
    247850,      0.676976,CP3_after_update_bottom,   1,    0.0000000000E+00,    5.1532536831E+02,    5.1532536831E+02,    0.0000000000E+00,    0.0000000000E+00,    0.0000000000E+00,    5.1532536831E+02
    247850,      0.676976,CP4_after_advection,   1,    0.0000000000E+00,    5.1530337925E+02,    5.1530337925E+02,    0.0000000000E+00,    0.0000000000E+00,    0.0000000000E+00,    5.1530337925E+02
    247850,      0.676976,CP5_after_vdif,   1,    0.0000000000E+00,    5.1530337925E+02,    5.1530337925E+02,    0.0000000000E+00,    0.0000000000E+00,    0.0000000000E+00,    5.1530337925E+02
    247850,      0.676976,CP6_after_kinetics,   1,    0.0000000000E+00,    5.1530337925E+02,    5.1530337925E+02,    0.0000000000E+00,    0.0000000000E+00,    0.0000000000E+00,    5.1530337925E+02
    247850,      0.676976,CP7_after_upper_clamp,   1,    0.0000000000E+00,    5.1530337925E+02,    5.1530337925E+02,    0.0000000000E+00,    0.0000000000E+00,    0.0000000000E+00,    5.1530337925E+02
    247850,      0.676976,CP8_after_OBC,   1,    0.0000000000E+00,    5.1530337925E+02,    5.1530337925E+02,    0.0000000000E+00,    0.0000000000E+00,    0.0000000000E+00,    5.1530337925E+02
    247850,      0.676976,CP9_after_PTsource,   1,    0.0000000000E+00,    5.1530337925E+02,    5.1530337925E+02,    0.0000000000E+00,    0.0000000000E+00,    0.0000000000E+00,    5.1530337925E+02
    247850,      0.676976,CP10_after_neg_clamp,   1,    0.0000000000E+00,    5.1530337925E+02,    5.1530337925E+02,    0.0000000000E+00,    0.0000000000E+00,    0.0000000000E+00,    5.1530337925E+02
    247850,      0.676976,CP11_after_MPI,   1,    0.0000000000E+00,    5.1530337925E+02,    5.1530337925E+02,    0.0000000000E+00,    0.0000000000E+00,    0.0000000000E+00,    5.1530337925E+02
    247850,      0.676976,CP12_end,   1,    0.0000000000E+00,    5.1530337925E+02,    5.1530337925E+02,    0.0000000000E+00,    0.0000000000E+00,    0.0000000000E+00,    5.1530337925E+02
    247900,      0.676976,CP0_start,   1,    0.0000000000E+00,    5.1544300720E+02,    5.1544300720E+02,    0.0000000000E+00,    0.0000000000E+00,    0.0000000000E+00,    5.1544300720E+02
    247900,      0.676976,CP1_after_deposition,   1,    0.0000000000E+00,    5.1544300720E+02,    5.1544300720E+02,    0.0000000000E+00,    0.0000000000E+00,    0.0000000000E+00,    5.1544300720E+02
    247900,      0.676976,CP2_after_erosion,   1,    0.0000000000E+00,    5.1544300720E+02,    5.1544300720E+02,    0.0000000000E+00,    0.0000000000E+00,    0.0000000000E+00,    5.1544300720E+02
    247900,      0.676976,CP3_after_update_bottom,   1,    0.0000000000E+00,    5.1544300720E+02,    5.1544300720E+02,    0.0000000000E+00,    0.0000000000E+00,    0.0000000000E+00,    5.1544300720E+02
    247900,      0.676976,CP4_after_advection,   1,    0.0000000000E+00,    5.1542110857E+02,    5.1542110857E+02,    0.0000000000E+00,    0.0000000000E+00,    0.0000000000E+00,    5.1542110857E+02
    247900,      0.676976,CP5_after_vdif,   1,    0.0000000000E+00,    5.1542110857E+02,    5.1542110857E+02,    0.0000000000E+00,    0.0000000000E+00,    0.0000000000E+00,    5.1542110857E+02
    247900,      0.676976,CP6_after_kinetics,   1,    0.0000000000E+00,    5.1542110857E+02,    5.1542110857E+02,    0.0000000000E+00,    0.0000000000E+00,    0.0000000000E+00,    5.1542110857E+02
    247900,      0.676976,CP7_after_upper_clamp,   1,    0.0000000000E+00,    5.1542110857E+02,    5.1542110857E+02,    0.0000000000E+00,    0.0000000000E+00,    0.0000000000E+00,    5.1542110857E+02
    247900,      0.676976,CP8_after_OBC,   1,    0.0000000000E+00,    5.1542110857E+02,    5.1542110857E+02,    0.0000000000E+00,    0.0000000000E+00,    0.0000000000E+00,    5.1542110857E+02
    247900,      0.676976,CP9_after_PTsource,   1,    0.0000000000E+00,    5.1542110857E+02,    5.1542110857E+02,    0.0000000000E+00,    0.0000000000E+00,    0.0000000000E+00,    5.1542110857E+02
    247900,      0.676976,CP10_after_neg_clamp,   1,    0.0000000000E+00,    5.1542110857E+02,    5.1542110857E+02,    0.0000000000E+00,    0.0000000000E+00,    0.0000000000E+00,    5.1542110857E+02
    247900,      0.676976,CP11_after_MPI,   1,    0.0000000000E+00,    5.1542110857E+02,    5.1542110857E+02,    0.0000000000E+00,    0.0000000000E+00,    0.0000000000E+00,    5.1542110857E+02
    247900,      0.676976,CP12_end,   1,    0.0000000000E+00,    5.1542110857E+02,    5.1542110857E+02,    0.0000000000E+00,    0.0000000000E+00,    0.0000000000E+00,    5.1542110857E+02
    247950,      0.676976,CP0_start,   1,    0.0000000000E+00,    5.1555957351E+02,    5.1555957351E+02,    0.0000000000E+00,    0.0000000000E+00,    0.0000000000E+00,    5.1555957351E+02
    247950,      0.676976,CP1_after_deposition,   1,    0.0000000000E+00,    5.1555957351E+02,    5.1555957351E+02,    0.0000000000E+00,    0.0000000000E+00,    0.0000000000E+00,    5.1555957351E+02
    247950,      0.676976,CP2_after_erosion,   1,    0.0000000000E+00,    5.1555957351E+02,    5.1555957351E+02,    0.0000000000E+00,    0.0000000000E+00,    0.0000000000E+00,    5.1555957351E+02
    247950,      0.676976,CP3_after_update_bottom,   1,    0.0000000000E+00,    5.1555957351E+02,    5.1555957351E+02,    0.0000000000E+00,    0.0000000000E+00,    0.0000000000E+00,    5.1555957351E+02
    247950,      0.676976,CP4_after_advection,   1,    0.0000000000E+00,    5.1553779750E+02,    5.1553779750E+02,    0.0000000000E+00,    0.0000000000E+00,    0.0000000000E+00,    5.1553779750E+02
    247950,      0.676976,CP5_after_vdif,   1,    0.0000000000E+00,    5.1553779750E+02,    5.1553779750E+02,    0.0000000000E+00,    0.0000000000E+00,    0.0000000000E+00,    5.1553779750E+02
    247950,      0.676976,CP6_after_kinetics,   1,    0.0000000000E+00,    5.1553779750E+02,    5.1553779750E+02,    0.0000000000E+00,    0.0000000000E+00,    0.0000000000E+00,    5.1553779750E+02
    247950,      0.676976,CP7_after_upper_clamp,   1,    0.0000000000E+00,    5.1553779750E+02,    5.1553779750E+02,    0.0000000000E+00,    0.0000000000E+00,    0.0000000000E+00,    5.1553779750E+02
    247950,      0.676976,CP8_after_OBC,   1,    0.0000000000E+00,    5.1553779750E+02,    5.1553779750E+02,    0.0000000000E+00,    0.0000000000E+00,    0.0000000000E+00,    5.1553779750E+02
    247950,      0.676976,CP9_after_PTsource,   1,    0.0000000000E+00,    5.1553779750E+02,    5.1553779750E+02,    0.0000000000E+00,    0.0000000000E+00,    0.0000000000E+00,    5.1553779750E+02
    247950,      0.676976,CP10_after_neg_clamp,   1,    0.0000000000E+00,    5.1553779750E+02,    5.1553779750E+02,    0.0000000000E+00,    0.0000000000E+00,    0.0000000000E+00,    5.1553779750E+02
    247950,      0.676976,CP11_after_MPI,   1,    0.0000000000E+00,    5.1553779750E+02,    5.1553779750E+02,    0.0000000000E+00,    0.0000000000E+00,    0.0000000000E+00,    5.1553779750E+02
    247950,      0.676976,CP12_end,   1,    0.0000000000E+00,    5.1553779750E+02,    5.1553779750E+02,    0.0000000000E+00,    0.0000000000E+00,    0.0000000000E+00,    5.1553779750E+02
    248000,      0.676976,CP0_start,   1,    0.0000000000E+00,    5.1567618222E+02,    5.1567618222E+02,    0.0000000000E+00,    0.0000000000E+00,    0.0000000000E+00,    5.1567618222E+02
    248000,      0.676976,CP1_after_deposition,   1,    0.0000000000E+00,    5.1567618222E+02,    5.1567618222E+02,    0.0000000000E+00,    0.0000000000E+00,    0.0000000000E+00,    5.1567618222E+02
    248000,      0.676976,CP2_after_erosion,   1,    0.0000000000E+00,    5.1567618222E+02,    5.1567618222E+02,    0.0000000000E+00,    0.0000000000E+00,    0.0000000000E+00,    5.1567618222E+02
    248000,      0.676976,CP3_after_update_bottom,   1,    0.0000000000E+00,    5.1567618222E+02,    5.1567618222E+02,    0.0000000000E+00,    0.0000000000E+00,    0.0000000000E+00,    5.1567618222E+02
    248000,      0.676976,CP4_after_advection,   1,    0.0000000000E+00,    5.1565455377E+02,    5.1565455377E+02,    0.0000000000E+00,    0.0000000000E+00,    0.0000000000E+00,    5.1565455377E+02
    248000,      0.676976,CP5_after_vdif,   1,    0.0000000000E+00,    5.1565455377E+02,    5.1565455377E+02,    0.0000000000E+00,    0.0000000000E+00,    0.0000000000E+00,    5.1565455377E+02
    248000,      0.676976,CP6_after_kinetics,   1,    0.0000000000E+00,    5.1565455377E+02,    5.1565455377E+02,    0.0000000000E+00,    0.0000000000E+00,    0.0000000000E+00,    5.1565455377E+02
    248000,      0.676976,CP7_after_upper_clamp,   1,    0.0000000000E+00,    5.1565455377E+02,    5.1565455377E+02,    0.0000000000E+00,    0.0000000000E+00,    0.0000000000E+00,    5.1565455377E+02
    248000,      0.676976,CP8_after_OBC,   1,    0.0000000000E+00,    5.1565455377E+02,    5.1565455377E+02,    0.0000000000E+00,    0.0000000000E+00,    0.0000000000E+00,    5.1565455377E+02
    248000,      0.676976,CP9_after_PTsource,   1,    0.0000000000E+00,    5.1565455377E+02,    5.1565455377E+02,    0.0000000000E+00,    0.0000000000E+00,    0.0000000000E+00,    5.1565455377E+02
    248000,      0.676976,CP10_after_neg_clamp,   1,    0.0000000000E+00,    5.1565455377E+02,    5.1565455377E+02,    0.0000000000E+00,    0.0000000000E+00,    0.0000000000E+00,    5.1565455377E+02
    248000,      0.676976,CP11_after_MPI,   1,    0.0000000000E+00,    5.1565455377E+02,    5.1565455377E+02,    0.0000000000E+00,    0.0000000000E+00,    0.0000000000E+00,    5.1565455377E+02
    248000,      0.676976,CP12_end,   1,    0.0000000000E+00,    5.1565455377E+02,    5.1565455377E+02,    0.0000000000E+00,    0.0000000000E+00,    0.0000000000E+00,    5.1565455377E+02
    248050,      0.676976,CP0_start,   1,    0.0000000000E+00,    5.1579369845E+02,    5.1579369845E+02,    0.0000000000E+00,    0.0000000000E+00,    0.0000000000E+00,    5.1579369845E+02
    248050,      0.676976,CP1_after_deposition,   1,    0.0000000000E+00,    5.1579369845E+02,    5.1579369845E+02,    0.0000000000E+00,    0.0000000000E+00,    0.0000000000E+00,    5.1579369845E+02
    248050,      0.676976,CP2_after_erosion,   1,    0.0000000000E+00,    5.1579369845E+02,    5.1579369845E+02,    0.0000000000E+00,    0.0000000000E+00,    0.0000000000E+00,    5.1579369845E+02
    248050,      0.676976,CP3_after_update_bottom,   1,    0.0000000000E+00,    5.1579369845E+02,    5.1579369845E+02,    0.0000000000E+00,    0.0000000000E+00,    0.0000000000E+00,    5.1579369845E+02
    248050,      0.676976,CP4_after_advection,   1,    0.0000000000E+00,    5.1577224335E+02,    5.1577224335E+02,    0.0000000000E+00,    0.0000000000E+00,    0.0000000000E+00,    5.1577224335E+02
    248050,      0.676976,CP5_after_vdif,   1,    0.0000000000E+00,    5.1577224335E+02,    5.1577224335E+02,    0.0000000000E+00,    0.0000000000E+00,    0.0000000000E+00,    5.1577224335E+02
    248050,      0.676976,CP6_after_kinetics,   1,    0.0000000000E+00,    5.1577224335E+02,    5.1577224335E+02,    0.0000000000E+00,    0.0000000000E+00,    0.0000000000E+00,    5.1577224335E+02
    248050,      0.676976,CP7_after_upper_clamp,   1,    0.0000000000E+00,    5.1577224335E+02,    5.1577224335E+02,    0.0000000000E+00,    0.0000000000E+00,    0.0000000000E+00,    5.1577224335E+02
    248050,      0.676976,CP8_after_OBC,   1,    0.0000000000E+00,    5.1577224335E+02,    5.1577224335E+02,    0.0000000000E+00,    0.0000000000E+00,    0.0000000000E+00,    5.1577224335E+02
    248050,      0.676976,CP9_after_PTsource,   1,    0.0000000000E+00,    5.1577224335E+02,    5.1577224335E+02,    0.0000000000E+00,    0.0000000000E+00,    0.0000000000E+00,    5.1577224335E+02
    248050,      0.676976,CP10_after_neg_clamp,   1,    0.0000000000E+00,    5.1577224335E+02,    5.1577224335E+02,    0.0000000000E+00,    0.0000000000E+00,    0.0000000000E+00,    5.1577224335E+02
    248050,      0.676976,CP11_after_MPI,   1,    0.0000000000E+00,    5.1577224335E+02,    5.1577224335E+02,    0.0000000000E+00,    0.0000000000E+00,    0.0000000000E+00,    5.1577224335E+02
    248050,      0.676976,CP12_end,   1,    0.0000000000E+00,    5.1577224335E+02,    5.1577224335E+02,    0.0000000000E+00,    0.0000000000E+00,    0.0000000000E+00,    5.1577224335E+02
    248100,      0.676976,CP0_start,   1,    0.0000000000E+00,    5.1591304862E+02,    5.1591304862E+02,    0.0000000000E+00,    0.0000000000E+00,    0.0000000000E+00,    5.1591304862E+02
    248100,      0.676976,CP1_after_deposition,   1,    0.0000000000E+00,    5.1591304862E+02,    5.1591304862E+02,    0.0000000000E+00,    0.0000000000E+00,    0.0000000000E+00,    5.1591304862E+02
    248100,      0.676976,CP2_after_erosion,   1,    0.0000000000E+00,    5.1591304862E+02,    5.1591304862E+02,    0.0000000000E+00,    0.0000000000E+00,    0.0000000000E+00,    5.1591304862E+02
    248100,      0.676976,CP3_after_update_bottom,   1,    0.0000000000E+00,    5.1591304862E+02,    5.1591304862E+02,    0.0000000000E+00,    0.0000000000E+00,    0.0000000000E+00,    5.1591304862E+02
    248100,      0.676976,CP4_after_advection,   1,    0.0000000000E+00,    5.1589178795E+02,    5.1589178795E+02,    0.0000000000E+00,    0.0000000000E+00,    0.0000000000E+00,    5.1589178795E+02
    248100,      0.676976,CP5_after_vdif,   1,    0.0000000000E+00,    5.1589178795E+02,    5.1589178795E+02,    0.0000000000E+00,    0.0000000000E+00,    0.0000000000E+00,    5.1589178795E+02
    248100,      0.676976,CP6_after_kinetics,   1,    0.0000000000E+00,    5.1589178795E+02,    5.1589178795E+02,    0.0000000000E+00,    0.0000000000E+00,    0.0000000000E+00,    5.1589178795E+02
    248100,      0.676976,CP7_after_upper_clamp,   1,    0.0000000000E+00,    5.1589178795E+02,    5.1589178795E+02,    0.0000000000E+00,    0.0000000000E+00,    0.0000000000E+00,    5.1589178795E+02
    248100,      0.676976,CP8_after_OBC,   1,    0.0000000000E+00,    5.1589178795E+02,    5.1589178795E+02,    0.0000000000E+00,    0.0000000000E+00,    0.0000000000E+00,    5.1589178795E+02
    248100,      0.676976,CP9_after_PTsource,   1,    0.0000000000E+00,    5.1589178795E+02,    5.1589178795E+02,    0.0000000000E+00,    0.0000000000E+00,    0.0000000000E+00,    5.1589178795E+02
    248100,      0.676976,CP10_after_neg_clamp,   1,    0.0000000000E+00,    5.1589178795E+02,    5.1589178795E+02,    0.0000000000E+00,    0.0000000000E+00,    0.0000000000E+00,    5.1589178795E+02
    248100,      0.676976,CP11_after_MPI,   1,    0.0000000000E+00,    5.1589178795E+02,    5.1589178795E+02,    0.0000000000E+00,    0.0000000000E+00,    0.0000000000E+00,    5.1589178795E+02
    248100,      0.676976,CP12_end,   1,    0.0000000000E+00,    5.1589178795E+02,    5.1589178795E+02,    0.0000000000E+00,    0.0000000000E+00,    0.0000000000E+00,    5.1589178795E+02
    248150,      0.676976,CP0_start,   1,    0.0000000000E+00,    5.1603473856E+02,    5.1603473856E+02,    0.0000000000E+00,    0.0000000000E+00,    0.0000000000E+00,    5.1603473856E+02
    248150,      0.676976,CP1_after_deposition,   1,    0.0000000000E+00,    5.1603473856E+02,    5.1603473856E+02,    0.0000000000E+00,    0.0000000000E+00,    0.0000000000E+00,    5.1603473856E+02
    248150,      0.676976,CP2_after_erosion,   1,    0.0000000000E+00,    5.1603473856E+02,    5.1603473856E+02,    0.0000000000E+00,    0.0000000000E+00,    0.0000000000E+00,    5.1603473856E+02
    248150,      0.676976,CP3_after_update_bottom,   1,    0.0000000000E+00,    5.1603473856E+02,    5.1603473856E+02,    0.0000000000E+00,    0.0000000000E+00,    0.0000000000E+00,    5.1603473856E+02
    248150,      0.676976,CP4_after_advection,   1,    0.0000000000E+00,    5.1601368512E+02,    5.1601368512E+02,    0.0000000000E+00,    0.0000000000E+00,    0.0000000000E+00,    5.1601368512E+02
    248150,      0.676976,CP5_after_vdif,   1,    0.0000000000E+00,    5.1601368512E+02,    5.1601368512E+02,    0.0000000000E+00,    0.0000000000E+00,    0.0000000000E+00,    5.1601368512E+02
    248150,      0.676976,CP6_after_kinetics,   1,    0.0000000000E+00,    5.1601368512E+02,    5.1601368512E+02,    0.0000000000E+00,    0.0000000000E+00,    0.0000000000E+00,    5.1601368512E+02
    248150,      0.676976,CP7_after_upper_clamp,   1,    0.0000000000E+00,    5.1601368512E+02,    5.1601368512E+02,    0.0000000000E+00,    0.0000000000E+00,    0.0000000000E+00,    5.1601368512E+02
    248150,      0.676976,CP8_after_OBC,   1,    0.0000000000E+00,    5.1601368512E+02,    5.1601368512E+02,    0.0000000000E+00,    0.0000000000E+00,    0.0000000000E+00,    5.1601368512E+02
    248150,      0.676976,CP9_after_PTsource,   1,    0.0000000000E+00,    5.1601368512E+02,    5.1601368512E+02,    0.0000000000E+00,    0.0000000000E+00,    0.0000000000E+00,    5.1601368512E+02
    248150,      0.676976,CP10_after_neg_clamp,   1,    0.0000000000E+00,    5.1601368512E+02,    5.1601368512E+02,    0.0000000000E+00,    0.0000000000E+00,    0.0000000000E+00,    5.1601368512E+02
    248150,      0.676976,CP11_after_MPI,   1,    0.0000000000E+00,    5.1601368512E+02,    5.1601368512E+02,    0.0000000000E+00,    0.0000000000E+00,    0.0000000000E+00,    5.1601368512E+02
    248150,      0.676976,CP12_end,   1,    0.0000000000E+00,    5.1601368512E+02,    5.1601368512E+02,    0.0000000000E+00,    0.0000000000E+00,    0.0000000000E+00,    5.1601368512E+02
    248200,      0.676976,CP0_start,   1,    0.0000000000E+00,    5.1615910587E+02,    5.1615910587E+02,    0.0000000000E+00,    0.0000000000E+00,    0.0000000000E+00,    5.1615910587E+02
    248200,      0.676976,CP1_after_deposition,   1,    0.0000000000E+00,    5.1615910587E+02,    5.1615910587E+02,    0.0000000000E+00,    0.0000000000E+00,    0.0000000000E+00,    5.1615910587E+02
    248200,      0.676976,CP2_after_erosion,   1,    0.0000000000E+00,    5.1615910587E+02,    5.1615910587E+02,    0.0000000000E+00,    0.0000000000E+00,    0.0000000000E+00,    5.1615910587E+02
    248200,      0.676976,CP3_after_update_bottom,   1,    0.0000000000E+00,    5.1615910587E+02,    5.1615910587E+02,    0.0000000000E+00,    0.0000000000E+00,    0.0000000000E+00,    5.1615910587E+02
    248200,      0.676976,CP4_after_advection,   1,    0.0000000000E+00,    5.1613828357E+02,    5.1613828357E+02,    0.0000000000E+00,    0.0000000000E+00,    0.0000000000E+00,    5.1613828357E+02
    248200,      0.676976,CP5_after_vdif,   1,    0.0000000000E+00,    5.1613828357E+02,    5.1613828357E+02,    0.0000000000E+00,    0.0000000000E+00,    0.0000000000E+00,    5.1613828357E+02
    248200,      0.676976,CP6_after_kinetics,   1,    0.0000000000E+00,    5.1613828357E+02,    5.1613828357E+02,    0.0000000000E+00,    0.0000000000E+00,    0.0000000000E+00,    5.1613828357E+02
    248200,      0.676976,CP7_after_upper_clamp,   1,    0.0000000000E+00,    5.1613828357E+02,    5.1613828357E+02,    0.0000000000E+00,    0.0000000000E+00,    0.0000000000E+00,    5.1613828357E+02
    248200,      0.676976,CP8_after_OBC,   1,    0.0000000000E+00,    5.1613828357E+02,    5.1613828357E+02,    0.0000000000E+00,    0.0000000000E+00,    0.0000000000E+00,    5.1613828357E+02
    248200,      0.676976,CP9_after_PTsource,   1,    0.0000000000E+00,    5.1613828357E+02,    5.1613828357E+02,    0.0000000000E+00,    0.0000000000E+00,    0.0000000000E+00,    5.1613828357E+02
    248200,      0.676976,CP10_after_neg_clamp,   1,    0.0000000000E+00,    5.1613828357E+02,    5.1613828357E+02,    0.0000000000E+00,    0.0000000000E+00,    0.0000000000E+00,    5.1613828357E+02
    248200,      0.676976,CP11_after_MPI,   1,    0.0000000000E+00,    5.1613828357E+02,    5.1613828357E+02,    0.0000000000E+00,    0.0000000000E+00,    0.0000000000E+00,    5.1613828357E+02
    248200,      0.676976,CP12_end,   1,    0.0000000000E+00,    5.1613828357E+02,    5.1613828357E+02,    0.0000000000E+00,    0.0000000000E+00,    0.0000000000E+00,    5.1613828357E+02
    248250,      0.676976,CP0_start,   1,    0.0000000000E+00,    5.1628617950E+02,    5.1628617950E+02,    0.0000000000E+00,    0.0000000000E+00,    0.0000000000E+00,    5.1628617950E+02
    248250,      0.676976,CP1_after_deposition,   1,    0.0000000000E+00,    5.1628617950E+02,    5.1628617950E+02,    0.0000000000E+00,    0.0000000000E+00,    0.0000000000E+00,    5.1628617950E+02
    248250,      0.676976,CP2_after_erosion,   1,    0.0000000000E+00,    5.1628617950E+02,    5.1628617950E+02,    0.0000000000E+00,    0.0000000000E+00,    0.0000000000E+00,    5.1628617950E+02
    248250,      0.676976,CP3_after_update_bottom,   1,    0.0000000000E+00,    5.1628617950E+02,    5.1628617950E+02,    0.0000000000E+00,    0.0000000000E+00,    0.0000000000E+00,    5.1628617950E+02
    248250,      0.676976,CP4_after_advection,   1,    0.0000000000E+00,    5.1626559249E+02,    5.1626559249E+02,    0.0000000000E+00,    0.0000000000E+00,    0.0000000000E+00,    5.1626559249E+02
    248250,      0.676976,CP5_after_vdif,   1,    0.0000000000E+00,    5.1626559249E+02,    5.1626559249E+02,    0.0000000000E+00,    0.0000000000E+00,    0.0000000000E+00,    5.1626559249E+02
    248250,      0.676976,CP6_after_kinetics,   1,    0.0000000000E+00,    5.1626559249E+02,    5.1626559249E+02,    0.0000000000E+00,    0.0000000000E+00,    0.0000000000E+00,    5.1626559249E+02
    248250,      0.676976,CP7_after_upper_clamp,   1,    0.0000000000E+00,    5.1626559249E+02,    5.1626559249E+02,    0.0000000000E+00,    0.0000000000E+00,    0.0000000000E+00,    5.1626559249E+02
    248250,      0.676976,CP8_after_OBC,   1,    0.0000000000E+00,    5.1626559249E+02,    5.1626559249E+02,    0.0000000000E+00,    0.0000000000E+00,    0.0000000000E+00,    5.1626559249E+02
    248250,      0.676976,CP9_after_PTsource,   1,    0.0000000000E+00,    5.1626559249E+02,    5.1626559249E+02,    0.0000000000E+00,    0.0000000000E+00,    0.0000000000E+00,    5.1626559249E+02
    248250,      0.676976,CP10_after_neg_clamp,   1,    0.0000000000E+00,    5.1626559249E+02,    5.1626559249E+02,    0.0000000000E+00,    0.0000000000E+00,    0.0000000000E+00,    5.1626559249E+02
    248250,      0.676976,CP11_after_MPI,   1,    0.0000000000E+00,    5.1626559249E+02,    5.1626559249E+02,    0.0000000000E+00,    0.0000000000E+00,    0.0000000000E+00,    5.1626559249E+02
    248250,      0.676976,CP12_end,   1,    0.0000000000E+00,    5.1626559249E+02,    5.1626559249E+02,    0.0000000000E+00,    0.0000000000E+00,    0.0000000000E+00,    5.1626559249E+02
    248300,      0.676976,CP0_start,   1,    0.0000000000E+00,    5.1641563550E+02,    5.1641563550E+02,    0.0000000000E+00,    0.0000000000E+00,    0.0000000000E+00,    5.1641563550E+02
    248300,      0.676976,CP1_after_deposition,   1,    0.0000000000E+00,    5.1641563550E+02,    5.1641563550E+02,    0.0000000000E+00,    0.0000000000E+00,    0.0000000000E+00,    5.1641563550E+02
    248300,      0.676976,CP2_after_erosion,   1,    0.0000000000E+00,    5.1641563550E+02,    5.1641563550E+02,    0.0000000000E+00,    0.0000000000E+00,    0.0000000000E+00,    5.1641563550E+02
    248300,      0.676976,CP3_after_update_bottom,   1,    0.0000000000E+00,    5.1641563550E+02,    5.1641563550E+02,    0.0000000000E+00,    0.0000000000E+00,    0.0000000000E+00,    5.1641563550E+02
    248300,      0.676976,CP4_after_advection,   1,    0.0000000000E+00,    5.1639528496E+02,    5.1639528496E+02,    0.0000000000E+00,    0.0000000000E+00,    0.0000000000E+00,    5.1639528496E+02
    248300,      0.676976,CP5_after_vdif,   1,    0.0000000000E+00,    5.1639528496E+02,    5.1639528496E+02,    0.0000000000E+00,    0.0000000000E+00,    0.0000000000E+00,    5.1639528496E+02
    248300,      0.676976,CP6_after_kinetics,   1,    0.0000000000E+00,    5.1639528496E+02,    5.1639528496E+02,    0.0000000000E+00,    0.0000000000E+00,    0.0000000000E+00,    5.1639528496E+02
    248300,      0.676976,CP7_after_upper_clamp,   1,    0.0000000000E+00,    5.1639528496E+02,    5.1639528496E+02,    0.0000000000E+00,    0.0000000000E+00,    0.0000000000E+00,    5.1639528496E+02
    248300,      0.676976,CP8_after_OBC,   1,    0.0000000000E+00,    5.1639528496E+02,    5.1639528496E+02,    0.0000000000E+00,    0.0000000000E+00,    0.0000000000E+00,    5.1639528496E+02
    248300,      0.676976,CP9_after_PTsource,   1,    0.0000000000E+00,    5.1639528496E+02,    5.1639528496E+02,    0.0000000000E+00,    0.0000000000E+00,    0.0000000000E+00,    5.1639528496E+02
    248300,      0.676976,CP10_after_neg_clamp,   1,    0.0000000000E+00,    5.1639528496E+02,    5.1639528496E+02,    0.0000000000E+00,    0.0000000000E+00,    0.0000000000E+00,    5.1639528496E+02
    248300,      0.676976,CP11_after_MPI,   1,    0.0000000000E+00,    5.1639528496E+02,    5.1639528496E+02,    0.0000000000E+00,    0.0000000000E+00,    0.0000000000E+00,    5.1639528496E+02
    248300,      0.676976,CP12_end,   1,    0.0000000000E+00,    5.1639528496E+02,    5.1639528496E+02,    0.0000000000E+00,    0.0000000000E+00,    0.0000000000E+00,    5.1639528496E+02
    248350,      0.676976,CP0_start,   1,    0.0000000000E+00,    5.1654718961E+02,    5.1654718961E+02,    0.0000000000E+00,    0.0000000000E+00,    0.0000000000E+00,    5.1654718961E+02
    248350,      0.676976,CP1_after_deposition,   1,    0.0000000000E+00,    5.1654718961E+02,    5.1654718961E+02,    0.0000000000E+00,    0.0000000000E+00,    0.0000000000E+00,    5.1654718961E+02
    248350,      0.676976,CP2_after_erosion,   1,    0.0000000000E+00,    5.1654718961E+02,    5.1654718961E+02,    0.0000000000E+00,    0.0000000000E+00,    0.0000000000E+00,    5.1654718961E+02
    248350,      0.676976,CP3_after_update_bottom,   1,    0.0000000000E+00,    5.1654718961E+02,    5.1654718961E+02,    0.0000000000E+00,    0.0000000000E+00,    0.0000000000E+00,    5.1654718961E+02
    248350,      0.676976,CP4_after_advection,   1,    0.0000000000E+00,    5.1652707913E+02,    5.1652707913E+02,    0.0000000000E+00,    0.0000000000E+00,    0.0000000000E+00,    5.1652707913E+02
    248350,      0.676976,CP5_after_vdif,   1,    0.0000000000E+00,    5.1652707913E+02,    5.1652707913E+02,    0.0000000000E+00,    0.0000000000E+00,    0.0000000000E+00,    5.1652707913E+02
    248350,      0.676976,CP6_after_kinetics,   1,    0.0000000000E+00,    5.1652707913E+02,    5.1652707913E+02,    0.0000000000E+00,    0.0000000000E+00,    0.0000000000E+00,    5.1652707913E+02
    248350,      0.676976,CP7_after_upper_clamp,   1,    0.0000000000E+00,    5.1652707913E+02,    5.1652707913E+02,    0.0000000000E+00,    0.0000000000E+00,    0.0000000000E+00,    5.1652707913E+02
    248350,      0.676976,CP8_after_OBC,   1,    0.0000000000E+00,    5.1652707913E+02,    5.1652707913E+02,    0.0000000000E+00,    0.0000000000E+00,    0.0000000000E+00,    5.1652707913E+02
    248350,      0.676976,CP9_after_PTsource,   1,    0.0000000000E+00,    5.1652707913E+02,    5.1652707913E+02,    0.0000000000E+00,    0.0000000000E+00,    0.0000000000E+00,    5.1652707913E+02
    248350,      0.676976,CP10_after_neg_clamp,   1,    0.0000000000E+00,    5.1652707913E+02,    5.1652707913E+02,    0.0000000000E+00,    0.0000000000E+00,    0.0000000000E+00,    5.1652707913E+02
    248350,      0.676976,CP11_after_MPI,   1,    0.0000000000E+00,    5.1652707913E+02,    5.1652707913E+02,    0.0000000000E+00,    0.0000000000E+00,    0.0000000000E+00,    5.1652707913E+02
    248350,      0.676976,CP12_end,   1,    0.0000000000E+00,    5.1652707913E+02,    5.1652707913E+02,    0.0000000000E+00,    0.0000000000E+00,    0.0000000000E+00,    5.1652707913E+02
    248400,      0.676976,CP0_start,   1,    0.0000000000E+00,    5.1668027906E+02,    5.1668027906E+02,    0.0000000000E+00,    0.0000000000E+00,    0.0000000000E+00,    5.1668027906E+02
    248400,      0.676976,CP1_after_deposition,   1,    0.0000000000E+00,    5.1668027906E+02,    5.1668027906E+02,    0.0000000000E+00,    0.0000000000E+00,    0.0000000000E+00,    5.1668027906E+02
    248400,      0.676976,CP2_after_erosion,   1,    0.0000000000E+00,    5.1668027906E+02,    5.1668027906E+02,    0.0000000000E+00,    0.0000000000E+00,    0.0000000000E+00,    5.1668027906E+02
    248400,      0.676976,CP3_after_update_bottom,   1,    0.0000000000E+00,    5.1668027906E+02,    5.1668027906E+02,    0.0000000000E+00,    0.0000000000E+00,    0.0000000000E+00,    5.1668027906E+02
    248400,      0.676976,CP4_after_advection,   1,    0.0000000000E+00,    5.1666041450E+02,    5.1666041450E+02,    0.0000000000E+00,    0.0000000000E+00,    0.0000000000E+00,    5.1666041450E+02
    248400,      0.676976,CP5_after_vdif,   1,    0.0000000000E+00,    5.1666041450E+02,    5.1666041450E+02,    0.0000000000E+00,    0.0000000000E+00,    0.0000000000E+00,    5.1666041450E+02
    248400,      0.676976,CP6_after_kinetics,   1,    0.0000000000E+00,    5.1666041450E+02,    5.1666041450E+02,    0.0000000000E+00,    0.0000000000E+00,    0.0000000000E+00,    5.1666041450E+02
    248400,      0.676976,CP7_after_upper_clamp,   1,    0.0000000000E+00,    5.1666041450E+02,    5.1666041450E+02,    0.0000000000E+00,    0.0000000000E+00,    0.0000000000E+00,    5.1666041450E+02
    248400,      0.676976,CP8_after_OBC,   1,    0.0000000000E+00,    5.1666041450E+02,    5.1666041450E+02,    0.0000000000E+00,    0.0000000000E+00,    0.0000000000E+00,    5.1666041450E+02
    248400,      0.676976,CP9_after_PTsource,   1,    0.0000000000E+00,    5.1666041450E+02,    5.1666041450E+02,    0.0000000000E+00,    0.0000000000E+00,    0.0000000000E+00,    5.1666041450E+02
    248400,      0.676976,CP10_after_neg_clamp,   1,    0.0000000000E+00,    5.1666041450E+02,    5.1666041450E+02,    0.0000000000E+00,    0.0000000000E+00,    0.0000000000E+00,    5.1666041450E+02
    248400,      0.676976,CP11_after_MPI,   1,    0.0000000000E+00,    5.1666041450E+02,    5.1666041450E+02,    0.0000000000E+00,    0.0000000000E+00,    0.0000000000E+00,    5.1666041450E+02
    248400,      0.676976,CP12_end,   1,    0.0000000000E+00,    5.1666041450E+02,    5.1666041450E+02,    0.0000000000E+00,    0.0000000000E+00,    0.0000000000E+00,    5.1666041450E+02
    248450,      0.676976,CP0_start,   1,    0.0000000000E+00,    5.1681485977E+02,    5.1681485977E+02,    0.0000000000E+00,    0.0000000000E+00,    0.0000000000E+00,    5.1681485977E+02
    248450,      0.676976,CP1_after_deposition,   1,    0.0000000000E+00,    5.1681485977E+02,    5.1681485977E+02,    0.0000000000E+00,    0.0000000000E+00,    0.0000000000E+00,    5.1681485977E+02
    248450,      0.676976,CP2_after_erosion,   1,    0.0000000000E+00,    5.1681485977E+02,    5.1681485977E+02,    0.0000000000E+00,    0.0000000000E+00,    0.0000000000E+00,    5.1681485977E+02
    248450,      0.676976,CP3_after_update_bottom,   1,    0.0000000000E+00,    5.1681485977E+02,    5.1681485977E+02,    0.0000000000E+00,    0.0000000000E+00,    0.0000000000E+00,    5.1681485977E+02
    248450,      0.676976,CP4_after_advection,   1,    0.0000000000E+00,    5.1679521998E+02,    5.1679521998E+02,    0.0000000000E+00,    0.0000000000E+00,    0.0000000000E+00,    5.1679521998E+02
    248450,      0.676976,CP5_after_vdif,   1,    0.0000000000E+00,    5.1679521998E+02,    5.1679521998E+02,    0.0000000000E+00,    0.0000000000E+00,    0.0000000000E+00,    5.1679521998E+02
    248450,      0.676976,CP6_after_kinetics,   1,    0.0000000000E+00,    5.1679521998E+02,    5.1679521998E+02,    0.0000000000E+00,    0.0000000000E+00,    0.0000000000E+00,    5.1679521998E+02
    248450,      0.676976,CP7_after_upper_clamp,   1,    0.0000000000E+00,    5.1679521998E+02,    5.1679521998E+02,    0.0000000000E+00,    0.0000000000E+00,    0.0000000000E+00,    5.1679521998E+02
    248450,      0.676976,CP8_after_OBC,   1,    0.0000000000E+00,    5.1679521998E+02,    5.1679521998E+02,    0.0000000000E+00,    0.0000000000E+00,    0.0000000000E+00,    5.1679521998E+02
    248450,      0.676976,CP9_after_PTsource,   1,    0.0000000000E+00,    5.1679521998E+02,    5.1679521998E+02,    0.0000000000E+00,    0.0000000000E+00,    0.0000000000E+00,    5.1679521998E+02
    248450,      0.676976,CP10_after_neg_clamp,   1,    0.0000000000E+00,    5.1679521998E+02,    5.1679521998E+02,    0.0000000000E+00,    0.0000000000E+00,    0.0000000000E+00,    5.1679521998E+02
    248450,      0.676976,CP11_after_MPI,   1,    0.0000000000E+00,    5.1679521998E+02,    5.1679521998E+02,    0.0000000000E+00,    0.0000000000E+00,    0.0000000000E+00,    5.1679521998E+02
    248450,      0.676976,CP12_end,   1,    0.0000000000E+00,    5.1679521998E+02,    5.1679521998E+02,    0.0000000000E+00,    0.0000000000E+00,    0.0000000000E+00,    5.1679521998E+02
    248500,      0.676976,CP0_start,   1,    0.0000000000E+00,    5.1695046575E+02,    5.1695046575E+02,    0.0000000000E+00,    0.0000000000E+00,    0.0000000000E+00,    5.1695046575E+02
    248500,      0.676976,CP1_after_deposition,   1,    0.0000000000E+00,    5.1695046575E+02,    5.1695046575E+02,    0.0000000000E+00,    0.0000000000E+00,    0.0000000000E+00,    5.1695046575E+02
    248500,      0.676976,CP2_after_erosion,   1,    0.0000000000E+00,    5.1695046575E+02,    5.1695046575E+02,    0.0000000000E+00,    0.0000000000E+00,    0.0000000000E+00,    5.1695046575E+02
    248500,      0.676976,CP3_after_update_bottom,   1,    0.0000000000E+00,    5.1695046575E+02,    5.1695046575E+02,    0.0000000000E+00,    0.0000000000E+00,    0.0000000000E+00,    5.1695046575E+02
    248500,      0.676976,CP4_after_advection,   1,    0.0000000000E+00,    5.1693104595E+02,    5.1693104595E+02,    0.0000000000E+00,    0.0000000000E+00,    0.0000000000E+00,    5.1693104595E+02
    248500,      0.676976,CP5_after_vdif,   1,    0.0000000000E+00,    5.1693104595E+02,    5.1693104595E+02,    0.0000000000E+00,    0.0000000000E+00,    0.0000000000E+00,    5.1693104595E+02
    248500,      0.676976,CP6_after_kinetics,   1,    0.0000000000E+00,    5.1693104595E+02,    5.1693104595E+02,    0.0000000000E+00,    0.0000000000E+00,    0.0000000000E+00,    5.1693104595E+02
    248500,      0.676976,CP7_after_upper_clamp,   1,    0.0000000000E+00,    5.1693104595E+02,    5.1693104595E+02,    0.0000000000E+00,    0.0000000000E+00,    0.0000000000E+00,    5.1693104595E+02
    248500,      0.676976,CP8_after_OBC,   1,    0.0000000000E+00,    5.1693104595E+02,    5.1693104595E+02,    0.0000000000E+00,    0.0000000000E+00,    0.0000000000E+00,    5.1693104595E+02
    248500,      0.676976,CP9_after_PTsource,   1,    0.0000000000E+00,    5.1693104595E+02,    5.1693104595E+02,    0.0000000000E+00,    0.0000000000E+00,    0.0000000000E+00,    5.1693104595E+02
    248500,      0.676976,CP10_after_neg_clamp,   1,    0.0000000000E+00,    5.1693104595E+02,    5.1693104595E+02,    0.0000000000E+00,    0.0000000000E+00,    0.0000000000E+00,    5.1693104595E+02
    248500,      0.676976,CP11_after_MPI,   1,    0.0000000000E+00,    5.1693104595E+02,    5.1693104595E+02,    0.0000000000E+00,    0.0000000000E+00,    0.0000000000E+00,    5.1693104595E+02
    248500,      0.676976,CP12_end,   1,    0.0000000000E+00,    5.1693104595E+02,    5.1693104595E+02,    0.0000000000E+00,    0.0000000000E+00,    0.0000000000E+00,    5.1693104595E+02
    248550,      0.676976,CP0_start,   1,    0.0000000000E+00,    5.1708694475E+02,    5.1708694475E+02,    0.0000000000E+00,    0.0000000000E+00,    0.0000000000E+00,    5.1708694475E+02
    248550,      0.676976,CP1_after_deposition,   1,    0.0000000000E+00,    5.1708694475E+02,    5.1708694475E+02,    0.0000000000E+00,    0.0000000000E+00,    0.0000000000E+00,    5.1708694475E+02
    248550,      0.676976,CP2_after_erosion,   1,    0.0000000000E+00,    5.1708694475E+02,    5.1708694475E+02,    0.0000000000E+00,    0.0000000000E+00,    0.0000000000E+00,    5.1708694475E+02
    248550,      0.676976,CP3_after_update_bottom,   1,    0.0000000000E+00,    5.1708694475E+02,    5.1708694475E+02,    0.0000000000E+00,    0.0000000000E+00,    0.0000000000E+00,    5.1708694475E+02
    248550,      0.676976,CP4_after_advection,   1,    0.0000000000E+00,    5.1706776009E+02,    5.1706776009E+02,    0.0000000000E+00,    0.0000000000E+00,    0.0000000000E+00,    5.1706776009E+02
    248550,      0.676976,CP5_after_vdif,   1,    0.0000000000E+00,    5.1706776009E+02,    5.1706776009E+02,    0.0000000000E+00,    0.0000000000E+00,    0.0000000000E+00,    5.1706776009E+02
    248550,      0.676976,CP6_after_kinetics,   1,    0.0000000000E+00,    5.1706776009E+02,    5.1706776009E+02,    0.0000000000E+00,    0.0000000000E+00,    0.0000000000E+00,    5.1706776009E+02
    248550,      0.676976,CP7_after_upper_clamp,   1,    0.0000000000E+00,    5.1706776009E+02,    5.1706776009E+02,    0.0000000000E+00,    0.0000000000E+00,    0.0000000000E+00,    5.1706776009E+02
    248550,      0.676976,CP8_after_OBC,   1,    0.0000000000E+00,    5.1706776009E+02,    5.1706776009E+02,    0.0000000000E+00,    0.0000000000E+00,    0.0000000000E+00,    5.1706776009E+02
    248550,      0.676976,CP9_after_PTsource,   1,    0.0000000000E+00,    5.1706776009E+02,    5.1706776009E+02,    0.0000000000E+00,    0.0000000000E+00,    0.0000000000E+00,    5.1706776009E+02
    248550,      0.676976,CP10_after_neg_clamp,   1,    0.0000000000E+00,    5.1706776009E+02,    5.1706776009E+02,    0.0000000000E+00,    0.0000000000E+00,    0.0000000000E+00,    5.1706776009E+02
    248550,      0.676976,CP11_after_MPI,   1,    0.0000000000E+00,    5.1706776009E+02,    5.1706776009E+02,    0.0000000000E+00,    0.0000000000E+00,    0.0000000000E+00,    5.1706776009E+02
    248550,      0.676976,CP12_end,   1,    0.0000000000E+00,    5.1706776009E+02,    5.1706776009E+02,    0.0000000000E+00,    0.0000000000E+00,    0.0000000000E+00,    5.1706776009E+02
    248600,      0.676976,CP0_start,   1,    0.0000000000E+00,    5.1722396206E+02,    5.1722396206E+02,    0.0000000000E+00,    0.0000000000E+00,    0.0000000000E+00,    5.1722396206E+02
    248600,      0.676976,CP1_after_deposition,   1,    0.0000000000E+00,    5.1722396206E+02,    5.1722396206E+02,    0.0000000000E+00,    0.0000000000E+00,    0.0000000000E+00,    5.1722396206E+02
    248600,      0.676976,CP2_after_erosion,   1,    0.0000000000E+00,    5.1722396206E+02,    5.1722396206E+02,    0.0000000000E+00,    0.0000000000E+00,    0.0000000000E+00,    5.1722396206E+02
    248600,      0.676976,CP3_after_update_bottom,   1,    0.0000000000E+00,    5.1722396206E+02,    5.1722396206E+02,    0.0000000000E+00,    0.0000000000E+00,    0.0000000000E+00,    5.1722396206E+02
    248600,      0.676976,CP4_after_advection,   1,    0.0000000000E+00,    5.1720499288E+02,    5.1720499288E+02,    0.0000000000E+00,    0.0000000000E+00,    0.0000000000E+00,    5.1720499288E+02
    248600,      0.676976,CP5_after_vdif,   1,    0.0000000000E+00,    5.1720499288E+02,    5.1720499288E+02,    0.0000000000E+00,    0.0000000000E+00,    0.0000000000E+00,    5.1720499288E+02
    248600,      0.676976,CP6_after_kinetics,   1,    0.0000000000E+00,    5.1720499288E+02,    5.1720499288E+02,    0.0000000000E+00,    0.0000000000E+00,    0.0000000000E+00,    5.1720499288E+02
    248600,      0.676976,CP7_after_upper_clamp,   1,    0.0000000000E+00,    5.1720499288E+02,    5.1720499288E+02,    0.0000000000E+00,    0.0000000000E+00,    0.0000000000E+00,    5.1720499288E+02
    248600,      0.676976,CP8_after_OBC,   1,    0.0000000000E+00,    5.1720499288E+02,    5.1720499288E+02,    0.0000000000E+00,    0.0000000000E+00,    0.0000000000E+00,    5.1720499288E+02
    248600,      0.676976,CP9_after_PTsource,   1,    0.0000000000E+00,    5.1720499288E+02,    5.1720499288E+02,    0.0000000000E+00,    0.0000000000E+00,    0.0000000000E+00,    5.1720499288E+02
    248600,      0.676976,CP10_after_neg_clamp,   1,    0.0000000000E+00,    5.1720499288E+02,    5.1720499288E+02,    0.0000000000E+00,    0.0000000000E+00,    0.0000000000E+00,    5.1720499288E+02
    248600,      0.676976,CP11_after_MPI,   1,    0.0000000000E+00,    5.1720499288E+02,    5.1720499288E+02,    0.0000000000E+00,    0.0000000000E+00,    0.0000000000E+00,    5.1720499288E+02
    248600,      0.676976,CP12_end,   1,    0.0000000000E+00,    5.1720499288E+02,    5.1720499288E+02,    0.0000000000E+00,    0.0000000000E+00,    0.0000000000E+00,    5.1720499288E+02
    248650,      0.676976,CP0_start,   1,    0.0000000000E+00,    5.1736115239E+02,    5.1736115239E+02,    0.0000000000E+00,    0.0000000000E+00,    0.0000000000E+00,    5.1736115239E+02
    248650,      0.676976,CP1_after_deposition,   1,    0.0000000000E+00,    5.1736115239E+02,    5.1736115239E+02,    0.0000000000E+00,    0.0000000000E+00,    0.0000000000E+00,    5.1736115239E+02
    248650,      0.676976,CP2_after_erosion,   1,    0.0000000000E+00,    5.1736115239E+02,    5.1736115239E+02,    0.0000000000E+00,    0.0000000000E+00,    0.0000000000E+00,    5.1736115239E+02
    248650,      0.676976,CP3_after_update_bottom,   1,    0.0000000000E+00,    5.1736115239E+02,    5.1736115239E+02,    0.0000000000E+00,    0.0000000000E+00,    0.0000000000E+00,    5.1736115239E+02
    248650,      0.676976,CP4_after_advection,   1,    0.0000000000E+00,    5.1734241061E+02,    5.1734241061E+02,    0.0000000000E+00,    0.0000000000E+00,    0.0000000000E+00,    5.1734241061E+02
    248650,      0.676976,CP5_after_vdif,   1,    0.0000000000E+00,    5.1734241061E+02,    5.1734241061E+02,    0.0000000000E+00,    0.0000000000E+00,    0.0000000000E+00,    5.1734241061E+02
    248650,      0.676976,CP6_after_kinetics,   1,    0.0000000000E+00,    5.1734241061E+02,    5.1734241061E+02,    0.0000000000E+00,    0.0000000000E+00,    0.0000000000E+00,    5.1734241061E+02
    248650,      0.676976,CP7_after_upper_clamp,   1,    0.0000000000E+00,    5.1734241061E+02,    5.1734241061E+02,    0.0000000000E+00,    0.0000000000E+00,    0.0000000000E+00,    5.1734241061E+02
    248650,      0.676976,CP8_after_OBC,   1,    0.0000000000E+00,    5.1734241061E+02,    5.1734241061E+02,    0.0000000000E+00,    0.0000000000E+00,    0.0000000000E+00,    5.1734241061E+02
    248650,      0.676976,CP9_after_PTsource,   1,    0.0000000000E+00,    5.1734241061E+02,    5.1734241061E+02,    0.0000000000E+00,    0.0000000000E+00,    0.0000000000E+00,    5.1734241061E+02
    248650,      0.676976,CP10_after_neg_clamp,   1,    0.0000000000E+00,    5.1734241061E+02,    5.1734241061E+02,    0.0000000000E+00,    0.0000000000E+00,    0.0000000000E+00,    5.1734241061E+02
    248650,      0.676976,CP11_after_MPI,   1,    0.0000000000E+00,    5.1734241061E+02,    5.1734241061E+02,    0.0000000000E+00,    0.0000000000E+00,    0.0000000000E+00,    5.1734241061E+02
    248650,      0.676976,CP12_end,   1,    0.0000000000E+00,    5.1734241061E+02,    5.1734241061E+02,    0.0000000000E+00,    0.0000000000E+00,    0.0000000000E+00,    5.1734241061E+02
    248700,      0.676976,CP0_start,   1,    0.0000000000E+00,    5.1749829747E+02,    5.1749829747E+02,    0.0000000000E+00,    0.0000000000E+00,    0.0000000000E+00,    5.1749829747E+02
    248700,      0.676976,CP1_after_deposition,   1,    0.0000000000E+00,    5.1749829747E+02,    5.1749829747E+02,    0.0000000000E+00,    0.0000000000E+00,    0.0000000000E+00,    5.1749829747E+02
    248700,      0.676976,CP2_after_erosion,   1,    0.0000000000E+00,    5.1749829747E+02,    5.1749829747E+02,    0.0000000000E+00,    0.0000000000E+00,    0.0000000000E+00,    5.1749829747E+02
    248700,      0.676976,CP3_after_update_bottom,   1,    0.0000000000E+00,    5.1749829747E+02,    5.1749829747E+02,    0.0000000000E+00,    0.0000000000E+00,    0.0000000000E+00,    5.1749829747E+02
    248700,      0.676976,CP4_after_advection,   1,    0.0000000000E+00,    5.1747979131E+02,    5.1747979131E+02,    0.0000000000E+00,    0.0000000000E+00,    0.0000000000E+00,    5.1747979131E+02
    248700,      0.676976,CP5_after_vdif,   1,    0.0000000000E+00,    5.1747979131E+02,    5.1747979131E+02,    0.0000000000E+00,    0.0000000000E+00,    0.0000000000E+00,    5.1747979131E+02
    248700,      0.676976,CP6_after_kinetics,   1,    0.0000000000E+00,    5.1747979131E+02,    5.1747979131E+02,    0.0000000000E+00,    0.0000000000E+00,    0.0000000000E+00,    5.1747979131E+02
    248700,      0.676976,CP7_after_upper_clamp,   1,    0.0000000000E+00,    5.1747979131E+02,    5.1747979131E+02,    0.0000000000E+00,    0.0000000000E+00,    0.0000000000E+00,    5.1747979131E+02
    248700,      0.676976,CP8_after_OBC,   1,    0.0000000000E+00,    5.1747979131E+02,    5.1747979131E+02,    0.0000000000E+00,    0.0000000000E+00,    0.0000000000E+00,    5.1747979131E+02
    248700,      0.676976,CP9_after_PTsource,   1,    0.0000000000E+00,    5.1747979131E+02,    5.1747979131E+02,    0.0000000000E+00,    0.0000000000E+00,    0.0000000000E+00,    5.1747979131E+02
    248700,      0.676976,CP10_after_neg_clamp,   1,    0.0000000000E+00,    5.1747979131E+02,    5.1747979131E+02,    0.0000000000E+00,    0.0000000000E+00,    0.0000000000E+00,    5.1747979131E+02
    248700,      0.676976,CP11_after_MPI,   1,    0.0000000000E+00,    5.1747979131E+02,    5.1747979131E+02,    0.0000000000E+00,    0.0000000000E+00,    0.0000000000E+00,    5.1747979131E+02
    248700,      0.676976,CP12_end,   1,    0.0000000000E+00,    5.1747979131E+02,    5.1747979131E+02,    0.0000000000E+00,    0.0000000000E+00,    0.0000000000E+00,    5.1747979131E+02
    248750,      0.676976,CP0_start,   1,    0.0000000000E+00,    5.1763543565E+02,    5.1763543565E+02,    0.0000000000E+00,    0.0000000000E+00,    0.0000000000E+00,    5.1763543565E+02
    248750,      0.676976,CP1_after_deposition,   1,    0.0000000000E+00,    5.1763543565E+02,    5.1763543565E+02,    0.0000000000E+00,    0.0000000000E+00,    0.0000000000E+00,    5.1763543565E+02
    248750,      0.676976,CP2_after_erosion,   1,    0.0000000000E+00,    5.1763543565E+02,    5.1763543565E+02,    0.0000000000E+00,    0.0000000000E+00,    0.0000000000E+00,    5.1763543565E+02
    248750,      0.676976,CP3_after_update_bottom,   1,    0.0000000000E+00,    5.1763543565E+02,    5.1763543565E+02,    0.0000000000E+00,    0.0000000000E+00,    0.0000000000E+00,    5.1763543565E+02
    248750,      0.676976,CP4_after_advection,   1,    0.0000000000E+00,    5.1761719012E+02,    5.1761719012E+02,    0.0000000000E+00,    0.0000000000E+00,    0.0000000000E+00,    5.1761719012E+02
    248750,      0.676976,CP5_after_vdif,   1,    0.0000000000E+00,    5.1761719012E+02,    5.1761719012E+02,    0.0000000000E+00,    0.0000000000E+00,    0.0000000000E+00,    5.1761719012E+02
    248750,      0.676976,CP6_after_kinetics,   1,    0.0000000000E+00,    5.1761719012E+02,    5.1761719012E+02,    0.0000000000E+00,    0.0000000000E+00,    0.0000000000E+00,    5.1761719012E+02
    248750,      0.676976,CP7_after_upper_clamp,   1,    0.0000000000E+00,    5.1761719012E+02,    5.1761719012E+02,    0.0000000000E+00,    0.0000000000E+00,    0.0000000000E+00,    5.1761719012E+02
    248750,      0.676976,CP8_after_OBC,   1,    0.0000000000E+00,    5.1761719012E+02,    5.1761719012E+02,    0.0000000000E+00,    0.0000000000E+00,    0.0000000000E+00,    5.1761719012E+02
    248750,      0.676976,CP9_after_PTsource,   1,    0.0000000000E+00,    5.1761719012E+02,    5.1761719012E+02,    0.0000000000E+00,    0.0000000000E+00,    0.0000000000E+00,    5.1761719012E+02
    248750,      0.676976,CP10_after_neg_clamp,   1,    0.0000000000E+00,    5.1761719012E+02,    5.1761719012E+02,    0.0000000000E+00,    0.0000000000E+00,    0.0000000000E+00,    5.1761719012E+02
    248750,      0.676976,CP11_after_MPI,   1,    0.0000000000E+00,    5.1761719012E+02,    5.1761719012E+02,    0.0000000000E+00,    0.0000000000E+00,    0.0000000000E+00,    5.1761719012E+02
    248750,      0.676976,CP12_end,   1,    0.0000000000E+00,    5.1761719012E+02,    5.1761719012E+02,    0.0000000000E+00,    0.0000000000E+00,    0.0000000000E+00,    5.1761719012E+02
    248800,      0.676976,CP0_start,   1,    0.0000000000E+00,    5.1777262007E+02,    5.1777262007E+02,    0.0000000000E+00,    0.0000000000E+00,    0.0000000000E+00,    5.1777262007E+02
    248800,      0.676976,CP1_after_deposition,   1,    0.0000000000E+00,    5.1777262007E+02,    5.1777262007E+02,    0.0000000000E+00,    0.0000000000E+00,    0.0000000000E+00,    5.1777262007E+02
    248800,      0.676976,CP2_after_erosion,   1,    0.0000000000E+00,    5.1777262007E+02,    5.1777262007E+02,    0.0000000000E+00,    0.0000000000E+00,    0.0000000000E+00,    5.1777262007E+02
    248800,      0.676976,CP3_after_update_bottom,   1,    0.0000000000E+00,    5.1777262007E+02,    5.1777262007E+02,    0.0000000000E+00,    0.0000000000E+00,    0.0000000000E+00,    5.1777262007E+02
    248800,      0.676976,CP4_after_advection,   1,    0.0000000000E+00,    5.1775464266E+02,    5.1775464266E+02,    0.0000000000E+00,    0.0000000000E+00,    0.0000000000E+00,    5.1775464266E+02
    248800,      0.676976,CP5_after_vdif,   1,    0.0000000000E+00,    5.1775464266E+02,    5.1775464266E+02,    0.0000000000E+00,    0.0000000000E+00,    0.0000000000E+00,    5.1775464266E+02
    248800,      0.676976,CP6_after_kinetics,   1,    0.0000000000E+00,    5.1775464266E+02,    5.1775464266E+02,    0.0000000000E+00,    0.0000000000E+00,    0.0000000000E+00,    5.1775464266E+02
    248800,      0.676976,CP7_after_upper_clamp,   1,    0.0000000000E+00,    5.1775464266E+02,    5.1775464266E+02,    0.0000000000E+00,    0.0000000000E+00,    0.0000000000E+00,    5.1775464266E+02
    248800,      0.676976,CP8_after_OBC,   1,    0.0000000000E+00,    5.1775464266E+02,    5.1775464266E+02,    0.0000000000E+00,    0.0000000000E+00,    0.0000000000E+00,    5.1775464266E+02
    248800,      0.676976,CP9_after_PTsource,   1,    0.0000000000E+00,    5.1775464266E+02,    5.1775464266E+02,    0.0000000000E+00,    0.0000000000E+00,    0.0000000000E+00,    5.1775464266E+02
    248800,      0.676976,CP10_after_neg_clamp,   1,    0.0000000000E+00,    5.1775464266E+02,    5.1775464266E+02,    0.0000000000E+00,    0.0000000000E+00,    0.0000000000E+00,    5.1775464266E+02
    248800,      0.676976,CP11_after_MPI,   1,    0.0000000000E+00,    5.1775464266E+02,    5.1775464266E+02,    0.0000000000E+00,    0.0000000000E+00,    0.0000000000E+00,    5.1775464266E+02
    248800,      0.676976,CP12_end,   1,    0.0000000000E+00,    5.1775464266E+02,    5.1775464266E+02,    0.0000000000E+00,    0.0000000000E+00,    0.0000000000E+00,    5.1775464266E+02
    248850,      0.676976,CP0_start,   1,    0.0000000000E+00,    5.1790941547E+02,    5.1790941547E+02,    0.0000000000E+00,    0.0000000000E+00,    0.0000000000E+00,    5.1790941547E+02
    248850,      0.676976,CP1_after_deposition,   1,    0.0000000000E+00,    5.1790941547E+02,    5.1790941547E+02,    0.0000000000E+00,    0.0000000000E+00,    0.0000000000E+00,    5.1790941547E+02
    248850,      0.676976,CP2_after_erosion,   1,    0.0000000000E+00,    5.1790941547E+02,    5.1790941547E+02,    0.0000000000E+00,    0.0000000000E+00,    0.0000000000E+00,    5.1790941547E+02
    248850,      0.676976,CP3_after_update_bottom,   1,    0.0000000000E+00,    5.1790941547E+02,    5.1790941547E+02,    0.0000000000E+00,    0.0000000000E+00,    0.0000000000E+00,    5.1790941547E+02
    248850,      0.676976,CP4_after_advection,   1,    0.0000000000E+00,    5.1789171140E+02,    5.1789171140E+02,    0.0000000000E+00,    0.0000000000E+00,    0.0000000000E+00,    5.1789171140E+02
    248850,      0.676976,CP5_after_vdif,   1,    0.0000000000E+00,    5.1789171140E+02,    5.1789171140E+02,    0.0000000000E+00,    0.0000000000E+00,    0.0000000000E+00,    5.1789171140E+02
    248850,      0.676976,CP6_after_kinetics,   1,    0.0000000000E+00,    5.1789171140E+02,    5.1789171140E+02,    0.0000000000E+00,    0.0000000000E+00,    0.0000000000E+00,    5.1789171140E+02
    248850,      0.676976,CP7_after_upper_clamp,   1,    0.0000000000E+00,    5.1789171140E+02,    5.1789171140E+02,    0.0000000000E+00,    0.0000000000E+00,    0.0000000000E+00,    5.1789171140E+02
    248850,      0.676976,CP8_after_OBC,   1,    0.0000000000E+00,    5.1789171140E+02,    5.1789171140E+02,    0.0000000000E+00,    0.0000000000E+00,    0.0000000000E+00,    5.1789171140E+02
    248850,      0.676976,CP9_after_PTsource,   1,    0.0000000000E+00,    5.1789171140E+02,    5.1789171140E+02,    0.0000000000E+00,    0.0000000000E+00,    0.0000000000E+00,    5.1789171140E+02
    248850,      0.676976,CP10_after_neg_clamp,   1,    0.0000000000E+00,    5.1789171140E+02,    5.1789171140E+02,    0.0000000000E+00,    0.0000000000E+00,    0.0000000000E+00,    5.1789171140E+02
    248850,      0.676976,CP11_after_MPI,   1,    0.0000000000E+00,    5.1789171140E+02,    5.1789171140E+02,    0.0000000000E+00,    0.0000000000E+00,    0.0000000000E+00,    5.1789171140E+02
    248850,      0.676976,CP12_end,   1,    0.0000000000E+00,    5.1789171140E+02,    5.1789171140E+02,    0.0000000000E+00,    0.0000000000E+00,    0.0000000000E+00,    5.1789171140E+02
    248900,      0.676976,CP0_start,   1,    0.0000000000E+00,    5.1804571592E+02,    5.1804571592E+02,    0.0000000000E+00,    0.0000000000E+00,    0.0000000000E+00,    5.1804571592E+02
    248900,      0.676976,CP1_after_deposition,   1,    0.0000000000E+00,    5.1804571592E+02,    5.1804571592E+02,    0.0000000000E+00,    0.0000000000E+00,    0.0000000000E+00,    5.1804571592E+02
    248900,      0.676976,CP2_after_erosion,   1,    0.0000000000E+00,    5.1804571592E+02,    5.1804571592E+02,    0.0000000000E+00,    0.0000000000E+00,    0.0000000000E+00,    5.1804571592E+02
    248900,      0.676976,CP3_after_update_bottom,   1,    0.0000000000E+00,    5.1804571592E+02,    5.1804571592E+02,    0.0000000000E+00,    0.0000000000E+00,    0.0000000000E+00,    5.1804571592E+02
    248900,      0.676976,CP4_after_advection,   1,    0.0000000000E+00,    5.1802828433E+02,    5.1802828433E+02,    0.0000000000E+00,    0.0000000000E+00,    0.0000000000E+00,    5.1802828433E+02
    248900,      0.676976,CP5_after_vdif,   1,    0.0000000000E+00,    5.1802828433E+02,    5.1802828433E+02,    0.0000000000E+00,    0.0000000000E+00,    0.0000000000E+00,    5.1802828433E+02
    248900,      0.676976,CP6_after_kinetics,   1,    0.0000000000E+00,    5.1802828433E+02,    5.1802828433E+02,    0.0000000000E+00,    0.0000000000E+00,    0.0000000000E+00,    5.1802828433E+02
    248900,      0.676976,CP7_after_upper_clamp,   1,    0.0000000000E+00,    5.1802828433E+02,    5.1802828433E+02,    0.0000000000E+00,    0.0000000000E+00,    0.0000000000E+00,    5.1802828433E+02
    248900,      0.676976,CP8_after_OBC,   1,    0.0000000000E+00,    5.1802828433E+02,    5.1802828433E+02,    0.0000000000E+00,    0.0000000000E+00,    0.0000000000E+00,    5.1802828433E+02
    248900,      0.676976,CP9_after_PTsource,   1,    0.0000000000E+00,    5.1802828433E+02,    5.1802828433E+02,    0.0000000000E+00,    0.0000000000E+00,    0.0000000000E+00,    5.1802828433E+02
    248900,      0.676976,CP10_after_neg_clamp,   1,    0.0000000000E+00,    5.1802828433E+02,    5.1802828433E+02,    0.0000000000E+00,    0.0000000000E+00,    0.0000000000E+00,    5.1802828433E+02
    248900,      0.676976,CP11_after_MPI,   1,    0.0000000000E+00,    5.1802828433E+02,    5.1802828433E+02,    0.0000000000E+00,    0.0000000000E+00,    0.0000000000E+00,    5.1802828433E+02
    248900,      0.676976,CP12_end,   1,    0.0000000000E+00,    5.1802828433E+02,    5.1802828433E+02,    0.0000000000E+00,    0.0000000000E+00,    0.0000000000E+00,    5.1802828433E+02
    248950,      0.676976,CP0_start,   1,    0.0000000000E+00,    5.1818150423E+02,    5.1818150423E+02,    0.0000000000E+00,    0.0000000000E+00,    0.0000000000E+00,    5.1818150423E+02
    248950,      0.676976,CP1_after_deposition,   1,    0.0000000000E+00,    5.1818150423E+02,    5.1818150423E+02,    0.0000000000E+00,    0.0000000000E+00,    0.0000000000E+00,    5.1818150423E+02
    248950,      0.676976,CP2_after_erosion,   1,    0.0000000000E+00,    5.1818150423E+02,    5.1818150423E+02,    0.0000000000E+00,    0.0000000000E+00,    0.0000000000E+00,    5.1818150423E+02
    248950,      0.676976,CP3_after_update_bottom,   1,    0.0000000000E+00,    5.1818150423E+02,    5.1818150423E+02,    0.0000000000E+00,    0.0000000000E+00,    0.0000000000E+00,    5.1818150423E+02
    248950,      0.676976,CP4_after_advection,   1,    0.0000000000E+00,    5.1816436518E+02,    5.1816436518E+02,    0.0000000000E+00,    0.0000000000E+00,    0.0000000000E+00,    5.1816436518E+02
    248950,      0.676976,CP5_after_vdif,   1,    0.0000000000E+00,    5.1816436518E+02,    5.1816436518E+02,    0.0000000000E+00,    0.0000000000E+00,    0.0000000000E+00,    5.1816436518E+02
    248950,      0.676976,CP6_after_kinetics,   1,    0.0000000000E+00,    5.1816436518E+02,    5.1816436518E+02,    0.0000000000E+00,    0.0000000000E+00,    0.0000000000E+00,    5.1816436518E+02
    248950,      0.676976,CP7_after_upper_clamp,   1,    0.0000000000E+00,    5.1816436518E+02,    5.1816436518E+02,    0.0000000000E+00,    0.0000000000E+00,    0.0000000000E+00,    5.1816436518E+02
    248950,      0.676976,CP8_after_OBC,   1,    0.0000000000E+00,    5.1816436518E+02,    5.1816436518E+02,    0.0000000000E+00,    0.0000000000E+00,    0.0000000000E+00,    5.1816436518E+02
    248950,      0.676976,CP9_after_PTsource,   1,    0.0000000000E+00,    5.1816436518E+02,    5.1816436518E+02,    0.0000000000E+00,    0.0000000000E+00,    0.0000000000E+00,    5.1816436518E+02
    248950,      0.676976,CP10_after_neg_clamp,   1,    0.0000000000E+00,    5.1816436518E+02,    5.1816436518E+02,    0.0000000000E+00,    0.0000000000E+00,    0.0000000000E+00,    5.1816436518E+02
    248950,      0.676976,CP11_after_MPI,   1,    0.0000000000E+00,    5.1816436518E+02,    5.1816436518E+02,    0.0000000000E+00,    0.0000000000E+00,    0.0000000000E+00,    5.1816436518E+02
    248950,      0.676976,CP12_end,   1,    0.0000000000E+00,    5.1816436518E+02,    5.1816436518E+02,    0.0000000000E+00,    0.0000000000E+00,    0.0000000000E+00,    5.1816436518E+02
    249000,      0.676976,CP0_start,   1,    0.0000000000E+00,    5.1831687524E+02,    5.1831687524E+02,    0.0000000000E+00,    0.0000000000E+00,    0.0000000000E+00,    5.1831687524E+02
    249000,      0.676976,CP1_after_deposition,   1,    0.0000000000E+00,    5.1831687524E+02,    5.1831687524E+02,    0.0000000000E+00,    0.0000000000E+00,    0.0000000000E+00,    5.1831687524E+02
    249000,      0.676976,CP2_after_erosion,   1,    0.0000000000E+00,    5.1831687524E+02,    5.1831687524E+02,    0.0000000000E+00,    0.0000000000E+00,    0.0000000000E+00,    5.1831687524E+02
    249000,      0.676976,CP3_after_update_bottom,   1,    0.0000000000E+00,    5.1831687524E+02,    5.1831687524E+02,    0.0000000000E+00,    0.0000000000E+00,    0.0000000000E+00,    5.1831687524E+02
    249000,      0.676976,CP4_after_advection,   1,    0.0000000000E+00,    5.1830004103E+02,    5.1830004103E+02,    0.0000000000E+00,    0.0000000000E+00,    0.0000000000E+00,    5.1830004103E+02
    249000,      0.676976,CP5_after_vdif,   1,    0.0000000000E+00,    5.1830004103E+02,    5.1830004103E+02,    0.0000000000E+00,    0.0000000000E+00,    0.0000000000E+00,    5.1830004103E+02
    249000,      0.676976,CP6_after_kinetics,   1,    0.0000000000E+00,    5.1830004103E+02,    5.1830004103E+02,    0.0000000000E+00,    0.0000000000E+00,    0.0000000000E+00,    5.1830004103E+02
    249000,      0.676976,CP7_after_upper_clamp,   1,    0.0000000000E+00,    5.1830004103E+02,    5.1830004103E+02,    0.0000000000E+00,    0.0000000000E+00,    0.0000000000E+00,    5.1830004103E+02
    249000,      0.676976,CP8_after_OBC,   1,    0.0000000000E+00,    5.1830004103E+02,    5.1830004103E+02,    0.0000000000E+00,    0.0000000000E+00,    0.0000000000E+00,    5.1830004103E+02
    249000,      0.676976,CP9_after_PTsource,   1,    0.0000000000E+00,    5.1830004103E+02,    5.1830004103E+02,    0.0000000000E+00,    0.0000000000E+00,    0.0000000000E+00,    5.1830004103E+02
    249000,      0.676976,CP10_after_neg_clamp,   1,    0.0000000000E+00,    5.1830004103E+02,    5.1830004103E+02,    0.0000000000E+00,    0.0000000000E+00,    0.0000000000E+00,    5.1830004103E+02
    249000,      0.676976,CP11_after_MPI,   1,    0.0000000000E+00,    5.1830004103E+02,    5.1830004103E+02,    0.0000000000E+00,    0.0000000000E+00,    0.0000000000E+00,    5.1830004103E+02
    249000,      0.676976,CP12_end,   1,    0.0000000000E+00,    5.1830004103E+02,    5.1830004103E+02,    0.0000000000E+00,    0.0000000000E+00,    0.0000000000E+00,    5.1830004103E+02
    249050,      0.676976,CP0_start,   1,    0.0000000000E+00,    5.1845208657E+02,    5.1845208657E+02,    0.0000000000E+00,    0.0000000000E+00,    0.0000000000E+00,    5.1845208657E+02
    249050,      0.676976,CP1_after_deposition,   1,    0.0000000000E+00,    5.1845208657E+02,    5.1845208657E+02,    0.0000000000E+00,    0.0000000000E+00,    0.0000000000E+00,    5.1845208657E+02
    249050,      0.676976,CP2_after_erosion,   1,    0.0000000000E+00,    5.1845208657E+02,    5.1845208657E+02,    0.0000000000E+00,    0.0000000000E+00,    0.0000000000E+00,    5.1845208657E+02
    249050,      0.676976,CP3_after_update_bottom,   1,    0.0000000000E+00,    5.1845208657E+02,    5.1845208657E+02,    0.0000000000E+00,    0.0000000000E+00,    0.0000000000E+00,    5.1845208657E+02
    249050,      0.676976,CP4_after_advection,   1,    0.0000000000E+00,    5.1843555862E+02,    5.1843555862E+02,    0.0000000000E+00,    0.0000000000E+00,    0.0000000000E+00,    5.1843555862E+02
    249050,      0.676976,CP5_after_vdif,   1,    0.0000000000E+00,    5.1843555862E+02,    5.1843555862E+02,    0.0000000000E+00,    0.0000000000E+00,    0.0000000000E+00,    5.1843555862E+02
    249050,      0.676976,CP6_after_kinetics,   1,    0.0000000000E+00,    5.1843555862E+02,    5.1843555862E+02,    0.0000000000E+00,    0.0000000000E+00,    0.0000000000E+00,    5.1843555862E+02
    249050,      0.676976,CP7_after_upper_clamp,   1,    0.0000000000E+00,    5.1843555862E+02,    5.1843555862E+02,    0.0000000000E+00,    0.0000000000E+00,    0.0000000000E+00,    5.1843555862E+02
    249050,      0.676976,CP8_after_OBC,   1,    0.0000000000E+00,    5.1843555862E+02,    5.1843555862E+02,    0.0000000000E+00,    0.0000000000E+00,    0.0000000000E+00,    5.1843555862E+02
    249050,      0.676976,CP9_after_PTsource,   1,    0.0000000000E+00,    5.1843555862E+02,    5.1843555862E+02,    0.0000000000E+00,    0.0000000000E+00,    0.0000000000E+00,    5.1843555862E+02
    249050,      0.676976,CP10_after_neg_clamp,   1,    0.0000000000E+00,    5.1843555862E+02,    5.1843555862E+02,    0.0000000000E+00,    0.0000000000E+00,    0.0000000000E+00,    5.1843555862E+02
    249050,      0.676976,CP11_after_MPI,   1,    0.0000000000E+00,    5.1843555862E+02,    5.1843555862E+02,    0.0000000000E+00,    0.0000000000E+00,    0.0000000000E+00,    5.1843555862E+02
    249050,      0.676976,CP12_end,   1,    0.0000000000E+00,    5.1843555862E+02,    5.1843555862E+02,    0.0000000000E+00,    0.0000000000E+00,    0.0000000000E+00,    5.1843555862E+02
    249100,      0.676976,CP0_start,   1,    0.0000000000E+00,    5.1858704909E+02,    5.1858704909E+02,    0.0000000000E+00,    0.0000000000E+00,    0.0000000000E+00,    5.1858704909E+02
    249100,      0.676976,CP1_after_deposition,   1,    0.0000000000E+00,    5.1858704909E+02,    5.1858704909E+02,    0.0000000000E+00,    0.0000000000E+00,    0.0000000000E+00,    5.1858704909E+02
    249100,      0.676976,CP2_after_erosion,   1,    0.0000000000E+00,    5.1858704909E+02,    5.1858704909E+02,    0.0000000000E+00,    0.0000000000E+00,    0.0000000000E+00,    5.1858704909E+02
    249100,      0.676976,CP3_after_update_bottom,   1,    0.0000000000E+00,    5.1858704909E+02,    5.1858704909E+02,    0.0000000000E+00,    0.0000000000E+00,    0.0000000000E+00,    5.1858704909E+02
    249100,      0.676976,CP4_after_advection,   1,    0.0000000000E+00,    5.1857084050E+02,    5.1857084050E+02,    0.0000000000E+00,    0.0000000000E+00,    0.0000000000E+00,    5.1857084050E+02
    249100,      0.676976,CP5_after_vdif,   1,    0.0000000000E+00,    5.1857084050E+02,    5.1857084050E+02,    0.0000000000E+00,    0.0000000000E+00,    0.0000000000E+00,    5.1857084050E+02
    249100,      0.676976,CP6_after_kinetics,   1,    0.0000000000E+00,    5.1857084050E+02,    5.1857084050E+02,    0.0000000000E+00,    0.0000000000E+00,    0.0000000000E+00,    5.1857084050E+02
    249100,      0.676976,CP7_after_upper_clamp,   1,    0.0000000000E+00,    5.1857084050E+02,    5.1857084050E+02,    0.0000000000E+00,    0.0000000000E+00,    0.0000000000E+00,    5.1857084050E+02
    249100,      0.676976,CP8_after_OBC,   1,    0.0000000000E+00,    5.1857084050E+02,    5.1857084050E+02,    0.0000000000E+00,    0.0000000000E+00,    0.0000000000E+00,    5.1857084050E+02
    249100,      0.676976,CP9_after_PTsource,   1,    0.0000000000E+00,    5.1857084050E+02,    5.1857084050E+02,    0.0000000000E+00,    0.0000000000E+00,    0.0000000000E+00,    5.1857084050E+02
    249100,      0.676976,CP10_after_neg_clamp,   1,    0.0000000000E+00,    5.1857084050E+02,    5.1857084050E+02,    0.0000000000E+00,    0.0000000000E+00,    0.0000000000E+00,    5.1857084050E+02
    249100,      0.676976,CP11_after_MPI,   1,    0.0000000000E+00,    5.1857084050E+02,    5.1857084050E+02,    0.0000000000E+00,    0.0000000000E+00,    0.0000000000E+00,    5.1857084050E+02
    249100,      0.676976,CP12_end,   1,    0.0000000000E+00,    5.1857084050E+02,    5.1857084050E+02,    0.0000000000E+00,    0.0000000000E+00,    0.0000000000E+00,    5.1857084050E+02
    249150,      0.676976,CP0_start,   1,    0.0000000000E+00,    5.1872165042E+02,    5.1872165042E+02,    0.0000000000E+00,    0.0000000000E+00,    0.0000000000E+00,    5.1872165042E+02
    249150,      0.676976,CP1_after_deposition,   1,    0.0000000000E+00,    5.1872165042E+02,    5.1872165042E+02,    0.0000000000E+00,    0.0000000000E+00,    0.0000000000E+00,    5.1872165042E+02
    249150,      0.676976,CP2_after_erosion,   1,    0.0000000000E+00,    5.1872165042E+02,    5.1872165042E+02,    0.0000000000E+00,    0.0000000000E+00,    0.0000000000E+00,    5.1872165042E+02
    249150,      0.676976,CP3_after_update_bottom,   1,    0.0000000000E+00,    5.1872165042E+02,    5.1872165042E+02,    0.0000000000E+00,    0.0000000000E+00,    0.0000000000E+00,    5.1872165042E+02
    249150,      0.676976,CP4_after_advection,   1,    0.0000000000E+00,    5.1870574907E+02,    5.1870574907E+02,    0.0000000000E+00,    0.0000000000E+00,    0.0000000000E+00,    5.1870574907E+02
    249150,      0.676976,CP5_after_vdif,   1,    0.0000000000E+00,    5.1870574907E+02,    5.1870574907E+02,    0.0000000000E+00,    0.0000000000E+00,    0.0000000000E+00,    5.1870574907E+02
    249150,      0.676976,CP6_after_kinetics,   1,    0.0000000000E+00,    5.1870574907E+02,    5.1870574907E+02,    0.0000000000E+00,    0.0000000000E+00,    0.0000000000E+00,    5.1870574907E+02
    249150,      0.676976,CP7_after_upper_clamp,   1,    0.0000000000E+00,    5.1870574907E+02,    5.1870574907E+02,    0.0000000000E+00,    0.0000000000E+00,    0.0000000000E+00,    5.1870574907E+02
    249150,      0.676976,CP8_after_OBC,   1,    0.0000000000E+00,    5.1870574907E+02,    5.1870574907E+02,    0.0000000000E+00,    0.0000000000E+00,    0.0000000000E+00,    5.1870574907E+02
    249150,      0.676976,CP9_after_PTsource,   1,    0.0000000000E+00,    5.1870574907E+02,    5.1870574907E+02,    0.0000000000E+00,    0.0000000000E+00,    0.0000000000E+00,    5.1870574907E+02
    249150,      0.676976,CP10_after_neg_clamp,   1,    0.0000000000E+00,    5.1870574907E+02,    5.1870574907E+02,    0.0000000000E+00,    0.0000000000E+00,    0.0000000000E+00,    5.1870574907E+02
    249150,      0.676976,CP11_after_MPI,   1,    0.0000000000E+00,    5.1870574907E+02,    5.1870574907E+02,    0.0000000000E+00,    0.0000000000E+00,    0.0000000000E+00,    5.1870574907E+02
    249150,      0.676976,CP12_end,   1,    0.0000000000E+00,    5.1870574907E+02,    5.1870574907E+02,    0.0000000000E+00,    0.0000000000E+00,    0.0000000000E+00,    5.1870574907E+02
    249200,      0.676976,CP0_start,   1,    0.0000000000E+00,    5.1885624308E+02,    5.1885624308E+02,    0.0000000000E+00,    0.0000000000E+00,    0.0000000000E+00,    5.1885624308E+02
    249200,      0.676976,CP1_after_deposition,   1,    0.0000000000E+00,    5.1885624308E+02,    5.1885624308E+02,    0.0000000000E+00,    0.0000000000E+00,    0.0000000000E+00,    5.1885624308E+02
    249200,      0.676976,CP2_after_erosion,   1,    0.0000000000E+00,    5.1885624308E+02,    5.1885624308E+02,    0.0000000000E+00,    0.0000000000E+00,    0.0000000000E+00,    5.1885624308E+02
    249200,      0.676976,CP3_after_update_bottom,   1,    0.0000000000E+00,    5.1885624308E+02,    5.1885624308E+02,    0.0000000000E+00,    0.0000000000E+00,    0.0000000000E+00,    5.1885624308E+02
    249200,      0.676976,CP4_after_advection,   1,    0.0000000000E+00,    5.1884066541E+02,    5.1884066541E+02,    0.0000000000E+00,    0.0000000000E+00,    0.0000000000E+00,    5.1884066541E+02
    249200,      0.676976,CP5_after_vdif,   1,    0.0000000000E+00,    5.1884066541E+02,    5.1884066541E+02,    0.0000000000E+00,    0.0000000000E+00,    0.0000000000E+00,    5.1884066541E+02
    249200,      0.676976,CP6_after_kinetics,   1,    0.0000000000E+00,    5.1884066541E+02,    5.1884066541E+02,    0.0000000000E+00,    0.0000000000E+00,    0.0000000000E+00,    5.1884066541E+02
    249200,      0.676976,CP7_after_upper_clamp,   1,    0.0000000000E+00,    5.1884066541E+02,    5.1884066541E+02,    0.0000000000E+00,    0.0000000000E+00,    0.0000000000E+00,    5.1884066541E+02
    249200,      0.676976,CP8_after_OBC,   1,    0.0000000000E+00,    5.1884066541E+02,    5.1884066541E+02,    0.0000000000E+00,    0.0000000000E+00,    0.0000000000E+00,    5.1884066541E+02
    249200,      0.676976,CP9_after_PTsource,   1,    0.0000000000E+00,    5.1884066541E+02,    5.1884066541E+02,    0.0000000000E+00,    0.0000000000E+00,    0.0000000000E+00,    5.1884066541E+02
    249200,      0.676976,CP10_after_neg_clamp,   1,    0.0000000000E+00,    5.1884066541E+02,    5.1884066541E+02,    0.0000000000E+00,    0.0000000000E+00,    0.0000000000E+00,    5.1884066541E+02
    249200,      0.676976,CP11_after_MPI,   1,    0.0000000000E+00,    5.1884066541E+02,    5.1884066541E+02,    0.0000000000E+00,    0.0000000000E+00,    0.0000000000E+00,    5.1884066541E+02
    249200,      0.676976,CP12_end,   1,    0.0000000000E+00,    5.1884066541E+02,    5.1884066541E+02,    0.0000000000E+00,    0.0000000000E+00,    0.0000000000E+00,    5.1884066541E+02
    249250,      0.676977,CP0_start,   1,    0.0000000000E+00,    5.1899098099E+02,    5.1899098099E+02,    0.0000000000E+00,    0.0000000000E+00,    0.0000000000E+00,    5.1899098099E+02
    249250,      0.676977,CP1_after_deposition,   1,    0.0000000000E+00,    5.1899098099E+02,    5.1899098099E+02,    0.0000000000E+00,    0.0000000000E+00,    0.0000000000E+00,    5.1899098099E+02
    249250,      0.676977,CP2_after_erosion,   1,    0.0000000000E+00,    5.1899098099E+02,    5.1899098099E+02,    0.0000000000E+00,    0.0000000000E+00,    0.0000000000E+00,    5.1899098099E+02
    249250,      0.676977,CP3_after_update_bottom,   1,    0.0000000000E+00,    5.1899098099E+02,    5.1899098099E+02,    0.0000000000E+00,    0.0000000000E+00,    0.0000000000E+00,    5.1899098099E+02
    249250,      0.676977,CP4_after_advection,   1,    0.0000000000E+00,    5.1897570733E+02,    5.1897570733E+02,    0.0000000000E+00,    0.0000000000E+00,    0.0000000000E+00,    5.1897570733E+02
    249250,      0.676977,CP5_after_vdif,   1,    0.0000000000E+00,    5.1897570733E+02,    5.1897570733E+02,    0.0000000000E+00,    0.0000000000E+00,    0.0000000000E+00,    5.1897570733E+02
    249250,      0.676977,CP6_after_kinetics,   1,    0.0000000000E+00,    5.1897570733E+02,    5.1897570733E+02,    0.0000000000E+00,    0.0000000000E+00,    0.0000000000E+00,    5.1897570733E+02
    249250,      0.676977,CP7_after_upper_clamp,   1,    0.0000000000E+00,    5.1897570733E+02,    5.1897570733E+02,    0.0000000000E+00,    0.0000000000E+00,    0.0000000000E+00,    5.1897570733E+02
    249250,      0.676977,CP8_after_OBC,   1,    0.0000000000E+00,    5.1897570733E+02,    5.1897570733E+02,    0.0000000000E+00,    0.0000000000E+00,    0.0000000000E+00,    5.1897570733E+02
    249250,      0.676977,CP9_after_PTsource,   1,    0.0000000000E+00,    5.1897570733E+02,    5.1897570733E+02,    0.0000000000E+00,    0.0000000000E+00,    0.0000000000E+00,    5.1897570733E+02
    249250,      0.676977,CP10_after_neg_clamp,   1,    0.0000000000E+00,    5.1897570733E+02,    5.1897570733E+02,    0.0000000000E+00,    0.0000000000E+00,    0.0000000000E+00,    5.1897570733E+02
    249250,      0.676977,CP11_after_MPI,   1,    0.0000000000E+00,    5.1897570733E+02,    5.1897570733E+02,    0.0000000000E+00,    0.0000000000E+00,    0.0000000000E+00,    5.1897570733E+02
    249250,      0.676977,CP12_end,   1,    0.0000000000E+00,    5.1897570733E+02,    5.1897570733E+02,    0.0000000000E+00,    0.0000000000E+00,    0.0000000000E+00,    5.1897570733E+02
    249300,      0.676977,CP0_start,   1,    0.0000000000E+00,    5.1912561137E+02,    5.1912561137E+02,    0.0000000000E+00,    0.0000000000E+00,    0.0000000000E+00,    5.1912561137E+02
    249300,      0.676977,CP1_after_deposition,   1,    0.0000000000E+00,    5.1912561137E+02,    5.1912561137E+02,    0.0000000000E+00,    0.0000000000E+00,    0.0000000000E+00,    5.1912561137E+02
    249300,      0.676977,CP2_after_erosion,   1,    0.0000000000E+00,    5.1912561137E+02,    5.1912561137E+02,    0.0000000000E+00,    0.0000000000E+00,    0.0000000000E+00,    5.1912561137E+02
    249300,      0.676977,CP3_after_update_bottom,   1,    0.0000000000E+00,    5.1912561137E+02,    5.1912561137E+02,    0.0000000000E+00,    0.0000000000E+00,    0.0000000000E+00,    5.1912561137E+02
    249300,      0.676977,CP4_after_advection,   1,    0.0000000000E+00,    5.1911063264E+02,    5.1911063264E+02,    0.0000000000E+00,    0.0000000000E+00,    0.0000000000E+00,    5.1911063264E+02
    249300,      0.676977,CP5_after_vdif,   1,    0.0000000000E+00,    5.1911063264E+02,    5.1911063264E+02,    0.0000000000E+00,    0.0000000000E+00,    0.0000000000E+00,    5.1911063264E+02
    249300,      0.676977,CP6_after_kinetics,   1,    0.0000000000E+00,    5.1911063264E+02,    5.1911063264E+02,    0.0000000000E+00,    0.0000000000E+00,    0.0000000000E+00,    5.1911063264E+02
    249300,      0.676977,CP7_after_upper_clamp,   1,    0.0000000000E+00,    5.1911063264E+02,    5.1911063264E+02,    0.0000000000E+00,    0.0000000000E+00,    0.0000000000E+00,    5.1911063264E+02
    249300,      0.676977,CP8_after_OBC,   1,    0.0000000000E+00,    5.1911063264E+02,    5.1911063264E+02,    0.0000000000E+00,    0.0000000000E+00,    0.0000000000E+00,    5.1911063264E+02
    249300,      0.676977,CP9_after_PTsource,   1,    0.0000000000E+00,    5.1911063264E+02,    5.1911063264E+02,    0.0000000000E+00,    0.0000000000E+00,    0.0000000000E+00,    5.1911063264E+02
    249300,      0.676977,CP10_after_neg_clamp,   1,    0.0000000000E+00,    5.1911063264E+02,    5.1911063264E+02,    0.0000000000E+00,    0.0000000000E+00,    0.0000000000E+00,    5.1911063264E+02
    249300,      0.676977,CP11_after_MPI,   1,    0.0000000000E+00,    5.1911063264E+02,    5.1911063264E+02,    0.0000000000E+00,    0.0000000000E+00,    0.0000000000E+00,    5.1911063264E+02
    249300,      0.676977,CP12_end,   1,    0.0000000000E+00,    5.1911063264E+02,    5.1911063264E+02,    0.0000000000E+00,    0.0000000000E+00,    0.0000000000E+00,    5.1911063264E+02
    249350,      0.676977,CP0_start,   1,    0.0000000000E+00,    5.1925903149E+02,    5.1925903149E+02,    0.0000000000E+00,    0.0000000000E+00,    0.0000000000E+00,    5.1925903149E+02
    249350,      0.676977,CP1_after_deposition,   1,    0.0000000000E+00,    5.1925903149E+02,    5.1925903149E+02,    0.0000000000E+00,    0.0000000000E+00,    0.0000000000E+00,    5.1925903149E+02
    249350,      0.676977,CP2_after_erosion,   1,    0.0000000000E+00,    5.1925903149E+02,    5.1925903149E+02,    0.0000000000E+00,    0.0000000000E+00,    0.0000000000E+00,    5.1925903149E+02
    249350,      0.676977,CP3_after_update_bottom,   1,    0.0000000000E+00,    5.1925903149E+02,    5.1925903149E+02,    0.0000000000E+00,    0.0000000000E+00,    0.0000000000E+00,    5.1925903149E+02
    249350,      0.676977,CP4_after_advection,   1,    0.0000000000E+00,    5.1924433627E+02,    5.1924433627E+02,    0.0000000000E+00,    0.0000000000E+00,    0.0000000000E+00,    5.1924433627E+02
    249350,      0.676977,CP5_after_vdif,   1,    0.0000000000E+00,    5.1924433627E+02,    5.1924433627E+02,    0.0000000000E+00,    0.0000000000E+00,    0.0000000000E+00,    5.1924433627E+02
    249350,      0.676977,CP6_after_kinetics,   1,    0.0000000000E+00,    5.1924433627E+02,    5.1924433627E+02,    0.0000000000E+00,    0.0000000000E+00,    0.0000000000E+00,    5.1924433627E+02
    249350,      0.676977,CP7_after_upper_clamp,   1,    0.0000000000E+00,    5.1924433627E+02,    5.1924433627E+02,    0.0000000000E+00,    0.0000000000E+00,    0.0000000000E+00,    5.1924433627E+02
    249350,      0.676977,CP8_after_OBC,   1,    0.0000000000E+00,    5.1924433627E+02,    5.1924433627E+02,    0.0000000000E+00,    0.0000000000E+00,    0.0000000000E+00,    5.1924433627E+02
    249350,      0.676977,CP9_after_PTsource,   1,    0.0000000000E+00,    5.1924433627E+02,    5.1924433627E+02,    0.0000000000E+00,    0.0000000000E+00,    0.0000000000E+00,    5.1924433627E+02
    249350,      0.676977,CP10_after_neg_clamp,   1,    0.0000000000E+00,    5.1924433627E+02,    5.1924433627E+02,    0.0000000000E+00,    0.0000000000E+00,    0.0000000000E+00,    5.1924433627E+02
    249350,      0.676977,CP11_after_MPI,   1,    0.0000000000E+00,    5.1924433627E+02,    5.1924433627E+02,    0.0000000000E+00,    0.0000000000E+00,    0.0000000000E+00,    5.1924433627E+02
    249350,      0.676977,CP12_end,   1,    0.0000000000E+00,    5.1924433627E+02,    5.1924433627E+02,    0.0000000000E+00,    0.0000000000E+00,    0.0000000000E+00,    5.1924433627E+02
    249400,      0.676977,CP0_start,   1,    0.0000000000E+00,    5.1939205090E+02,    5.1939205090E+02,    0.0000000000E+00,    0.0000000000E+00,    0.0000000000E+00,    5.1939205090E+02
    249400,      0.676977,CP1_after_deposition,   1,    0.0000000000E+00,    5.1939205090E+02,    5.1939205090E+02,    0.0000000000E+00,    0.0000000000E+00,    0.0000000000E+00,    5.1939205090E+02
    249400,      0.676977,CP2_after_erosion,   1,    0.0000000000E+00,    5.1939205090E+02,    5.1939205090E+02,    0.0000000000E+00,    0.0000000000E+00,    0.0000000000E+00,    5.1939205090E+02
    249400,      0.676977,CP3_after_update_bottom,   1,    0.0000000000E+00,    5.1939205090E+02,    5.1939205090E+02,    0.0000000000E+00,    0.0000000000E+00,    0.0000000000E+00,    5.1939205090E+02
    249400,      0.676977,CP4_after_advection,   1,    0.0000000000E+00,    5.1937762476E+02,    5.1937762476E+02,    0.0000000000E+00,    0.0000000000E+00,    0.0000000000E+00,    5.1937762476E+02
    249400,      0.676977,CP5_after_vdif,   1,    0.0000000000E+00,    5.1937762476E+02,    5.1937762476E+02,    0.0000000000E+00,    0.0000000000E+00,    0.0000000000E+00,    5.1937762476E+02
    249400,      0.676977,CP6_after_kinetics,   1,    0.0000000000E+00,    5.1937762476E+02,    5.1937762476E+02,    0.0000000000E+00,    0.0000000000E+00,    0.0000000000E+00,    5.1937762476E+02
    249400,      0.676977,CP7_after_upper_clamp,   1,    0.0000000000E+00,    5.1937762476E+02,    5.1937762476E+02,    0.0000000000E+00,    0.0000000000E+00,    0.0000000000E+00,    5.1937762476E+02
    249400,      0.676977,CP8_after_OBC,   1,    0.0000000000E+00,    5.1937762476E+02,    5.1937762476E+02,    0.0000000000E+00,    0.0000000000E+00,    0.0000000000E+00,    5.1937762476E+02
    249400,      0.676977,CP9_after_PTsource,   1,    0.0000000000E+00,    5.1937762476E+02,    5.1937762476E+02,    0.0000000000E+00,    0.0000000000E+00,    0.0000000000E+00,    5.1937762476E+02
    249400,      0.676977,CP10_after_neg_clamp,   1,    0.0000000000E+00,    5.1937762476E+02,    5.1937762476E+02,    0.0000000000E+00,    0.0000000000E+00,    0.0000000000E+00,    5.1937762476E+02
    249400,      0.676977,CP11_after_MPI,   1,    0.0000000000E+00,    5.1937762476E+02,    5.1937762476E+02,    0.0000000000E+00,    0.0000000000E+00,    0.0000000000E+00,    5.1937762476E+02
    249400,      0.676977,CP12_end,   1,    0.0000000000E+00,    5.1937762476E+02,    5.1937762476E+02,    0.0000000000E+00,    0.0000000000E+00,    0.0000000000E+00,    5.1937762476E+02
    249450,      0.676977,CP0_start,   1,    0.0000000000E+00,    5.1952489848E+02,    5.1952489848E+02,    0.0000000000E+00,    0.0000000000E+00,    0.0000000000E+00,    5.1952489848E+02
    249450,      0.676977,CP1_after_deposition,   1,    0.0000000000E+00,    5.1952489848E+02,    5.1952489848E+02,    0.0000000000E+00,    0.0000000000E+00,    0.0000000000E+00,    5.1952489848E+02
    249450,      0.676977,CP2_after_erosion,   1,    0.0000000000E+00,    5.1952489848E+02,    5.1952489848E+02,    0.0000000000E+00,    0.0000000000E+00,    0.0000000000E+00,    5.1952489848E+02
    249450,      0.676977,CP3_after_update_bottom,   1,    0.0000000000E+00,    5.1952489848E+02,    5.1952489848E+02,    0.0000000000E+00,    0.0000000000E+00,    0.0000000000E+00,    5.1952489848E+02
    249450,      0.676977,CP4_after_advection,   1,    0.0000000000E+00,    5.1951074448E+02,    5.1951074448E+02,    0.0000000000E+00,    0.0000000000E+00,    0.0000000000E+00,    5.1951074448E+02
    249450,      0.676977,CP5_after_vdif,   1,    0.0000000000E+00,    5.1951074448E+02,    5.1951074448E+02,    0.0000000000E+00,    0.0000000000E+00,    0.0000000000E+00,    5.1951074448E+02
    249450,      0.676977,CP6_after_kinetics,   1,    0.0000000000E+00,    5.1951074448E+02,    5.1951074448E+02,    0.0000000000E+00,    0.0000000000E+00,    0.0000000000E+00,    5.1951074448E+02
    249450,      0.676977,CP7_after_upper_clamp,   1,    0.0000000000E+00,    5.1951074448E+02,    5.1951074448E+02,    0.0000000000E+00,    0.0000000000E+00,    0.0000000000E+00,    5.1951074448E+02
    249450,      0.676977,CP8_after_OBC,   1,    0.0000000000E+00,    5.1951074448E+02,    5.1951074448E+02,    0.0000000000E+00,    0.0000000000E+00,    0.0000000000E+00,    5.1951074448E+02
    249450,      0.676977,CP9_after_PTsource,   1,    0.0000000000E+00,    5.1951074448E+02,    5.1951074448E+02,    0.0000000000E+00,    0.0000000000E+00,    0.0000000000E+00,    5.1951074448E+02
    249450,      0.676977,CP10_after_neg_clamp,   1,    0.0000000000E+00,    5.1951074448E+02,    5.1951074448E+02,    0.0000000000E+00,    0.0000000000E+00,    0.0000000000E+00,    5.1951074448E+02
    249450,      0.676977,CP11_after_MPI,   1,    0.0000000000E+00,    5.1951074448E+02,    5.1951074448E+02,    0.0000000000E+00,    0.0000000000E+00,    0.0000000000E+00,    5.1951074448E+02
    249450,      0.676977,CP12_end,   1,    0.0000000000E+00,    5.1951074448E+02,    5.1951074448E+02,    0.0000000000E+00,    0.0000000000E+00,    0.0000000000E+00,    5.1951074448E+02
    249500,      0.676977,CP0_start,   1,    0.0000000000E+00,    5.1965826092E+02,    5.1965826092E+02,    0.0000000000E+00,    0.0000000000E+00,    0.0000000000E+00,    5.1965826092E+02
    249500,      0.676977,CP1_after_deposition,   1,    0.0000000000E+00,    5.1965826092E+02,    5.1965826092E+02,    0.0000000000E+00,    0.0000000000E+00,    0.0000000000E+00,    5.1965826092E+02
    249500,      0.676977,CP2_after_erosion,   1,    0.0000000000E+00,    5.1965826092E+02,    5.1965826092E+02,    0.0000000000E+00,    0.0000000000E+00,    0.0000000000E+00,    5.1965826092E+02
    249500,      0.676977,CP3_after_update_bottom,   1,    0.0000000000E+00,    5.1965826092E+02,    5.1965826092E+02,    0.0000000000E+00,    0.0000000000E+00,    0.0000000000E+00,    5.1965826092E+02
    249500,      0.676977,CP4_after_advection,   1,    0.0000000000E+00,    5.1964438195E+02,    5.1964438195E+02,    0.0000000000E+00,    0.0000000000E+00,    0.0000000000E+00,    5.1964438195E+02
    249500,      0.676977,CP5_after_vdif,   1,    0.0000000000E+00,    5.1964438195E+02,    5.1964438195E+02,    0.0000000000E+00,    0.0000000000E+00,    0.0000000000E+00,    5.1964438195E+02
    249500,      0.676977,CP6_after_kinetics,   1,    0.0000000000E+00,    5.1964438195E+02,    5.1964438195E+02,    0.0000000000E+00,    0.0000000000E+00,    0.0000000000E+00,    5.1964438195E+02
    249500,      0.676977,CP7_after_upper_clamp,   1,    0.0000000000E+00,    5.1964438195E+02,    5.1964438195E+02,    0.0000000000E+00,    0.0000000000E+00,    0.0000000000E+00,    5.1964438195E+02
    249500,      0.676977,CP8_after_OBC,   1,    0.0000000000E+00,    5.1964438195E+02,    5.1964438195E+02,    0.0000000000E+00,    0.0000000000E+00,    0.0000000000E+00,    5.1964438195E+02
    249500,      0.676977,CP9_after_PTsource,   1,    0.0000000000E+00,    5.1964438195E+02,    5.1964438195E+02,    0.0000000000E+00,    0.0000000000E+00,    0.0000000000E+00,    5.1964438195E+02
    249500,      0.676977,CP10_after_neg_clamp,   1,    0.0000000000E+00,    5.1964438195E+02,    5.1964438195E+02,    0.0000000000E+00,    0.0000000000E+00,    0.0000000000E+00,    5.1964438195E+02
    249500,      0.676977,CP11_after_MPI,   1,    0.0000000000E+00,    5.1964438195E+02,    5.1964438195E+02,    0.0000000000E+00,    0.0000000000E+00,    0.0000000000E+00,    5.1964438195E+02
    249500,      0.676977,CP12_end,   1,    0.0000000000E+00,    5.1964438195E+02,    5.1964438195E+02,    0.0000000000E+00,    0.0000000000E+00,    0.0000000000E+00,    5.1964438195E+02
    249550,      0.676977,CP0_start,   1,    0.0000000000E+00,    5.1979254972E+02,    5.1979254972E+02,    0.0000000000E+00,    0.0000000000E+00,    0.0000000000E+00,    5.1979254972E+02
    249550,      0.676977,CP1_after_deposition,   1,    0.0000000000E+00,    5.1979254972E+02,    5.1979254972E+02,    0.0000000000E+00,    0.0000000000E+00,    0.0000000000E+00,    5.1979254972E+02
    249550,      0.676977,CP2_after_erosion,   1,    0.0000000000E+00,    5.1979254972E+02,    5.1979254972E+02,    0.0000000000E+00,    0.0000000000E+00,    0.0000000000E+00,    5.1979254972E+02
    249550,      0.676977,CP3_after_update_bottom,   1,    0.0000000000E+00,    5.1979254972E+02,    5.1979254972E+02,    0.0000000000E+00,    0.0000000000E+00,    0.0000000000E+00,    5.1979254972E+02
    249550,      0.676977,CP4_after_advection,   1,    0.0000000000E+00,    5.1977895870E+02,    5.1977895870E+02,    0.0000000000E+00,    0.0000000000E+00,    0.0000000000E+00,    5.1977895870E+02
    249550,      0.676977,CP5_after_vdif,   1,    0.0000000000E+00,    5.1977895870E+02,    5.1977895870E+02,    0.0000000000E+00,    0.0000000000E+00,    0.0000000000E+00,    5.1977895870E+02
    249550,      0.676977,CP6_after_kinetics,   1,    0.0000000000E+00,    5.1977895870E+02,    5.1977895870E+02,    0.0000000000E+00,    0.0000000000E+00,    0.0000000000E+00,    5.1977895870E+02
    249550,      0.676977,CP7_after_upper_clamp,   1,    0.0000000000E+00,    5.1977895870E+02,    5.1977895870E+02,    0.0000000000E+00,    0.0000000000E+00,    0.0000000000E+00,    5.1977895870E+02
    249550,      0.676977,CP8_after_OBC,   1,    0.0000000000E+00,    5.1977895870E+02,    5.1977895870E+02,    0.0000000000E+00,    0.0000000000E+00,    0.0000000000E+00,    5.1977895870E+02
    249550,      0.676977,CP9_after_PTsource,   1,    0.0000000000E+00,    5.1977895870E+02,    5.1977895870E+02,    0.0000000000E+00,    0.0000000000E+00,    0.0000000000E+00,    5.1977895870E+02
    249550,      0.676977,CP10_after_neg_clamp,   1,    0.0000000000E+00,    5.1977895870E+02,    5.1977895870E+02,    0.0000000000E+00,    0.0000000000E+00,    0.0000000000E+00,    5.1977895870E+02
    249550,      0.676977,CP11_after_MPI,   1,    0.0000000000E+00,    5.1977895870E+02,    5.1977895870E+02,    0.0000000000E+00,    0.0000000000E+00,    0.0000000000E+00,    5.1977895870E+02
    249550,      0.676977,CP12_end,   1,    0.0000000000E+00,    5.1977895870E+02,    5.1977895870E+02,    0.0000000000E+00,    0.0000000000E+00,    0.0000000000E+00,    5.1977895870E+02
    249600,      0.676977,CP0_start,   1,    0.0000000000E+00,    5.1992823281E+02,    5.1992823281E+02,    0.0000000000E+00,    0.0000000000E+00,    0.0000000000E+00,    5.1992823281E+02
    249600,      0.676977,CP1_after_deposition,   1,    0.0000000000E+00,    5.1992823281E+02,    5.1992823281E+02,    0.0000000000E+00,    0.0000000000E+00,    0.0000000000E+00,    5.1992823281E+02
    249600,      0.676977,CP2_after_erosion,   1,    0.0000000000E+00,    5.1992823281E+02,    5.1992823281E+02,    0.0000000000E+00,    0.0000000000E+00,    0.0000000000E+00,    5.1992823281E+02
    249600,      0.676977,CP3_after_update_bottom,   1,    0.0000000000E+00,    5.1992823281E+02,    5.1992823281E+02,    0.0000000000E+00,    0.0000000000E+00,    0.0000000000E+00,    5.1992823281E+02
    249600,      0.676977,CP4_after_advection,   1,    0.0000000000E+00,    5.1991492743E+02,    5.1991492743E+02,    0.0000000000E+00,    0.0000000000E+00,    0.0000000000E+00,    5.1991492743E+02
    249600,      0.676977,CP5_after_vdif,   1,    0.0000000000E+00,    5.1991492743E+02,    5.1991492743E+02,    0.0000000000E+00,    0.0000000000E+00,    0.0000000000E+00,    5.1991492743E+02
    249600,      0.676977,CP6_after_kinetics,   1,    0.0000000000E+00,    5.1991492743E+02,    5.1991492743E+02,    0.0000000000E+00,    0.0000000000E+00,    0.0000000000E+00,    5.1991492743E+02
    249600,      0.676977,CP7_after_upper_clamp,   1,    0.0000000000E+00,    5.1991492743E+02,    5.1991492743E+02,    0.0000000000E+00,    0.0000000000E+00,    0.0000000000E+00,    5.1991492743E+02
    249600,      0.676977,CP8_after_OBC,   1,    0.0000000000E+00,    5.1991492743E+02,    5.1991492743E+02,    0.0000000000E+00,    0.0000000000E+00,    0.0000000000E+00,    5.1991492743E+02
    249600,      0.676977,CP9_after_PTsource,   1,    0.0000000000E+00,    5.1991492743E+02,    5.1991492743E+02,    0.0000000000E+00,    0.0000000000E+00,    0.0000000000E+00,    5.1991492743E+02
    249600,      0.676977,CP10_after_neg_clamp,   1,    0.0000000000E+00,    5.1991492743E+02,    5.1991492743E+02,    0.0000000000E+00,    0.0000000000E+00,    0.0000000000E+00,    5.1991492743E+02
    249600,      0.676977,CP11_after_MPI,   1,    0.0000000000E+00,    5.1991492743E+02,    5.1991492743E+02,    0.0000000000E+00,    0.0000000000E+00,    0.0000000000E+00,    5.1991492743E+02
    249600,      0.676977,CP12_end,   1,    0.0000000000E+00,    5.1991492743E+02,    5.1991492743E+02,    0.0000000000E+00,    0.0000000000E+00,    0.0000000000E+00,    5.1991492743E+02
    249650,      0.676977,CP0_start,   1,    0.0000000000E+00,    5.2006566015E+02,    5.2006566015E+02,    0.0000000000E+00,    0.0000000000E+00,    0.0000000000E+00,    5.2006566015E+02
    249650,      0.676977,CP1_after_deposition,   1,    0.0000000000E+00,    5.2006566015E+02,    5.2006566015E+02,    0.0000000000E+00,    0.0000000000E+00,    0.0000000000E+00,    5.2006566015E+02
    249650,      0.676977,CP2_after_erosion,   1,    0.0000000000E+00,    5.2006566015E+02,    5.2006566015E+02,    0.0000000000E+00,    0.0000000000E+00,    0.0000000000E+00,    5.2006566015E+02
    249650,      0.676977,CP3_after_update_bottom,   1,    0.0000000000E+00,    5.2006566015E+02,    5.2006566015E+02,    0.0000000000E+00,    0.0000000000E+00,    0.0000000000E+00,    5.2006566015E+02
    249650,      0.676977,CP4_after_advection,   1,    0.0000000000E+00,    5.2005264782E+02,    5.2005264782E+02,    0.0000000000E+00,    0.0000000000E+00,    0.0000000000E+00,    5.2005264782E+02
    249650,      0.676977,CP5_after_vdif,   1,    0.0000000000E+00,    5.2005264782E+02,    5.2005264782E+02,    0.0000000000E+00,    0.0000000000E+00,    0.0000000000E+00,    5.2005264782E+02
    249650,      0.676977,CP6_after_kinetics,   1,    0.0000000000E+00,    5.2005264782E+02,    5.2005264782E+02,    0.0000000000E+00,    0.0000000000E+00,    0.0000000000E+00,    5.2005264782E+02
    249650,      0.676977,CP7_after_upper_clamp,   1,    0.0000000000E+00,    5.2005264782E+02,    5.2005264782E+02,    0.0000000000E+00,    0.0000000000E+00,    0.0000000000E+00,    5.2005264782E+02
    249650,      0.676977,CP8_after_OBC,   1,    0.0000000000E+00,    5.2005264782E+02,    5.2005264782E+02,    0.0000000000E+00,    0.0000000000E+00,    0.0000000000E+00,    5.2005264782E+02
    249650,      0.676977,CP9_after_PTsource,   1,    0.0000000000E+00,    5.2005264782E+02,    5.2005264782E+02,    0.0000000000E+00,    0.0000000000E+00,    0.0000000000E+00,    5.2005264782E+02
    249650,      0.676977,CP10_after_neg_clamp,   1,    0.0000000000E+00,    5.2005264782E+02,    5.2005264782E+02,    0.0000000000E+00,    0.0000000000E+00,    0.0000000000E+00,    5.2005264782E+02
    249650,      0.676977,CP11_after_MPI,   1,    0.0000000000E+00,    5.2005264782E+02,    5.2005264782E+02,    0.0000000000E+00,    0.0000000000E+00,    0.0000000000E+00,    5.2005264782E+02
    249650,      0.676977,CP12_end,   1,    0.0000000000E+00,    5.2005264782E+02,    5.2005264782E+02,    0.0000000000E+00,    0.0000000000E+00,    0.0000000000E+00,    5.2005264782E+02
    249700,      0.676977,CP0_start,   1,    0.0000000000E+00,    5.2020530450E+02,    5.2020530450E+02,    0.0000000000E+00,    0.0000000000E+00,    0.0000000000E+00,    5.2020530450E+02
    249700,      0.676977,CP1_after_deposition,   1,    0.0000000000E+00,    5.2020530450E+02,    5.2020530450E+02,    0.0000000000E+00,    0.0000000000E+00,    0.0000000000E+00,    5.2020530450E+02
    249700,      0.676977,CP2_after_erosion,   1,    0.0000000000E+00,    5.2020530450E+02,    5.2020530450E+02,    0.0000000000E+00,    0.0000000000E+00,    0.0000000000E+00,    5.2020530450E+02
    249700,      0.676977,CP3_after_update_bottom,   1,    0.0000000000E+00,    5.2020530450E+02,    5.2020530450E+02,    0.0000000000E+00,    0.0000000000E+00,    0.0000000000E+00,    5.2020530450E+02
    249700,      0.676977,CP4_after_advection,   1,    0.0000000000E+00,    5.2019261068E+02,    5.2019261068E+02,    0.0000000000E+00,    0.0000000000E+00,    0.0000000000E+00,    5.2019261068E+02
    249700,      0.676977,CP5_after_vdif,   1,    0.0000000000E+00,    5.2019261068E+02,    5.2019261068E+02,    0.0000000000E+00,    0.0000000000E+00,    0.0000000000E+00,    5.2019261068E+02
    249700,      0.676977,CP6_after_kinetics,   1,    0.0000000000E+00,    5.2019261068E+02,    5.2019261068E+02,    0.0000000000E+00,    0.0000000000E+00,    0.0000000000E+00,    5.2019261068E+02
    249700,      0.676977,CP7_after_upper_clamp,   1,    0.0000000000E+00,    5.2019261068E+02,    5.2019261068E+02,    0.0000000000E+00,    0.0000000000E+00,    0.0000000000E+00,    5.2019261068E+02
    249700,      0.676977,CP8_after_OBC,   1,    0.0000000000E+00,    5.2019261068E+02,    5.2019261068E+02,    0.0000000000E+00,    0.0000000000E+00,    0.0000000000E+00,    5.2019261068E+02
    249700,      0.676977,CP9_after_PTsource,   1,    0.0000000000E+00,    5.2019261068E+02,    5.2019261068E+02,    0.0000000000E+00,    0.0000000000E+00,    0.0000000000E+00,    5.2019261068E+02
    249700,      0.676977,CP10_after_neg_clamp,   1,    0.0000000000E+00,    5.2019261068E+02,    5.2019261068E+02,    0.0000000000E+00,    0.0000000000E+00,    0.0000000000E+00,    5.2019261068E+02
    249700,      0.676977,CP11_after_MPI,   1,    0.0000000000E+00,    5.2019261068E+02,    5.2019261068E+02,    0.0000000000E+00,    0.0000000000E+00,    0.0000000000E+00,    5.2019261068E+02
    249700,      0.676977,CP12_end,   1,    0.0000000000E+00,    5.2019261068E+02,    5.2019261068E+02,    0.0000000000E+00,    0.0000000000E+00,    0.0000000000E+00,    5.2019261068E+02
    249750,      0.676977,CP0_start,   1,    0.0000000000E+00,    5.2034732693E+02,    5.2034732693E+02,    0.0000000000E+00,    0.0000000000E+00,    0.0000000000E+00,    5.2034732693E+02
    249750,      0.676977,CP1_after_deposition,   1,    0.0000000000E+00,    5.2034732693E+02,    5.2034732693E+02,    0.0000000000E+00,    0.0000000000E+00,    0.0000000000E+00,    5.2034732693E+02
    249750,      0.676977,CP2_after_erosion,   1,    0.0000000000E+00,    5.2034732693E+02,    5.2034732693E+02,    0.0000000000E+00,    0.0000000000E+00,    0.0000000000E+00,    5.2034732693E+02
    249750,      0.676977,CP3_after_update_bottom,   1,    0.0000000000E+00,    5.2034732693E+02,    5.2034732693E+02,    0.0000000000E+00,    0.0000000000E+00,    0.0000000000E+00,    5.2034732693E+02
    249750,      0.676977,CP4_after_advection,   1,    0.0000000000E+00,    5.2033493734E+02,    5.2033493734E+02,    0.0000000000E+00,    0.0000000000E+00,    0.0000000000E+00,    5.2033493734E+02
    249750,      0.676977,CP5_after_vdif,   1,    0.0000000000E+00,    5.2033493734E+02,    5.2033493734E+02,    0.0000000000E+00,    0.0000000000E+00,    0.0000000000E+00,    5.2033493734E+02
    249750,      0.676977,CP6_after_kinetics,   1,    0.0000000000E+00,    5.2033493734E+02,    5.2033493734E+02,    0.0000000000E+00,    0.0000000000E+00,    0.0000000000E+00,    5.2033493734E+02
    249750,      0.676977,CP7_after_upper_clamp,   1,    0.0000000000E+00,    5.2033493734E+02,    5.2033493734E+02,    0.0000000000E+00,    0.0000000000E+00,    0.0000000000E+00,    5.2033493734E+02
    249750,      0.676977,CP8_after_OBC,   1,    0.0000000000E+00,    5.2033493734E+02,    5.2033493734E+02,    0.0000000000E+00,    0.0000000000E+00,    0.0000000000E+00,    5.2033493734E+02
    249750,      0.676977,CP9_after_PTsource,   1,    0.0000000000E+00,    5.2033493734E+02,    5.2033493734E+02,    0.0000000000E+00,    0.0000000000E+00,    0.0000000000E+00,    5.2033493734E+02
    249750,      0.676977,CP10_after_neg_clamp,   1,    0.0000000000E+00,    5.2033493734E+02,    5.2033493734E+02,    0.0000000000E+00,    0.0000000000E+00,    0.0000000000E+00,    5.2033493734E+02
    249750,      0.676977,CP11_after_MPI,   1,    0.0000000000E+00,    5.2033493734E+02,    5.2033493734E+02,    0.0000000000E+00,    0.0000000000E+00,    0.0000000000E+00,    5.2033493734E+02
    249750,      0.676977,CP12_end,   1,    0.0000000000E+00,    5.2033493734E+02,    5.2033493734E+02,    0.0000000000E+00,    0.0000000000E+00,    0.0000000000E+00,    5.2033493734E+02
    249800,      0.676977,CP0_start,   1,    0.0000000000E+00,    5.2049156316E+02,    5.2049156316E+02,    0.0000000000E+00,    0.0000000000E+00,    0.0000000000E+00,    5.2049156316E+02
    249800,      0.676977,CP1_after_deposition,   1,    0.0000000000E+00,    5.2049156316E+02,    5.2049156316E+02,    0.0000000000E+00,    0.0000000000E+00,    0.0000000000E+00,    5.2049156316E+02
    249800,      0.676977,CP2_after_erosion,   1,    0.0000000000E+00,    5.2049156316E+02,    5.2049156316E+02,    0.0000000000E+00,    0.0000000000E+00,    0.0000000000E+00,    5.2049156316E+02
    249800,      0.676977,CP3_after_update_bottom,   1,    0.0000000000E+00,    5.2049156316E+02,    5.2049156316E+02,    0.0000000000E+00,    0.0000000000E+00,    0.0000000000E+00,    5.2049156316E+02
    249800,      0.676977,CP4_after_advection,   1,    0.0000000000E+00,    5.2047948526E+02,    5.2047948526E+02,    0.0000000000E+00,    0.0000000000E+00,    0.0000000000E+00,    5.2047948526E+02
    249800,      0.676977,CP5_after_vdif,   1,    0.0000000000E+00,    5.2047948526E+02,    5.2047948526E+02,    0.0000000000E+00,    0.0000000000E+00,    0.0000000000E+00,    5.2047948526E+02
    249800,      0.676977,CP6_after_kinetics,   1,    0.0000000000E+00,    5.2047948526E+02,    5.2047948526E+02,    0.0000000000E+00,    0.0000000000E+00,    0.0000000000E+00,    5.2047948526E+02
    249800,      0.676977,CP7_after_upper_clamp,   1,    0.0000000000E+00,    5.2047948526E+02,    5.2047948526E+02,    0.0000000000E+00,    0.0000000000E+00,    0.0000000000E+00,    5.2047948526E+02
    249800,      0.676977,CP8_after_OBC,   1,    0.0000000000E+00,    5.2047948526E+02,    5.2047948526E+02,    0.0000000000E+00,    0.0000000000E+00,    0.0000000000E+00,    5.2047948526E+02
    249800,      0.676977,CP9_after_PTsource,   1,    0.0000000000E+00,    5.2047948526E+02,    5.2047948526E+02,    0.0000000000E+00,    0.0000000000E+00,    0.0000000000E+00,    5.2047948526E+02
    249800,      0.676977,CP10_after_neg_clamp,   1,    0.0000000000E+00,    5.2047948526E+02,    5.2047948526E+02,    0.0000000000E+00,    0.0000000000E+00,    0.0000000000E+00,    5.2047948526E+02
    249800,      0.676977,CP11_after_MPI,   1,    0.0000000000E+00,    5.2047948526E+02,    5.2047948526E+02,    0.0000000000E+00,    0.0000000000E+00,    0.0000000000E+00,    5.2047948526E+02
    249800,      0.676977,CP12_end,   1,    0.0000000000E+00,    5.2047948526E+02,    5.2047948526E+02,    0.0000000000E+00,    0.0000000000E+00,    0.0000000000E+00,    5.2047948526E+02
    249850,      0.676977,CP0_start,   1,    0.0000000000E+00,    5.2063801057E+02,    5.2063801057E+02,    0.0000000000E+00,    0.0000000000E+00,    0.0000000000E+00,    5.2063801057E+02
    249850,      0.676977,CP1_after_deposition,   1,    0.0000000000E+00,    5.2063801057E+02,    5.2063801057E+02,    0.0000000000E+00,    0.0000000000E+00,    0.0000000000E+00,    5.2063801057E+02
    249850,      0.676977,CP2_after_erosion,   1,    0.0000000000E+00,    5.2063801057E+02,    5.2063801057E+02,    0.0000000000E+00,    0.0000000000E+00,    0.0000000000E+00,    5.2063801057E+02
    249850,      0.676977,CP3_after_update_bottom,   1,    0.0000000000E+00,    5.2063801057E+02,    5.2063801057E+02,    0.0000000000E+00,    0.0000000000E+00,    0.0000000000E+00,    5.2063801057E+02
    249850,      0.676977,CP4_after_advection,   1,    0.0000000000E+00,    5.2062625264E+02,    5.2062625264E+02,    0.0000000000E+00,    0.0000000000E+00,    0.0000000000E+00,    5.2062625264E+02
    249850,      0.676977,CP5_after_vdif,   1,    0.0000000000E+00,    5.2062625264E+02,    5.2062625264E+02,    0.0000000000E+00,    0.0000000000E+00,    0.0000000000E+00,    5.2062625264E+02
    249850,      0.676977,CP6_after_kinetics,   1,    0.0000000000E+00,    5.2062625264E+02,    5.2062625264E+02,    0.0000000000E+00,    0.0000000000E+00,    0.0000000000E+00,    5.2062625264E+02
    249850,      0.676977,CP7_after_upper_clamp,   1,    0.0000000000E+00,    5.2062625264E+02,    5.2062625264E+02,    0.0000000000E+00,    0.0000000000E+00,    0.0000000000E+00,    5.2062625264E+02
    249850,      0.676977,CP8_after_OBC,   1,    0.0000000000E+00,    5.2062625264E+02,    5.2062625264E+02,    0.0000000000E+00,    0.0000000000E+00,    0.0000000000E+00,    5.2062625264E+02
    249850,      0.676977,CP9_after_PTsource,   1,    0.0000000000E+00,    5.2062625264E+02,    5.2062625264E+02,    0.0000000000E+00,    0.0000000000E+00,    0.0000000000E+00,    5.2062625264E+02
    249850,      0.676977,CP10_after_neg_clamp,   1,    0.0000000000E+00,    5.2062625264E+02,    5.2062625264E+02,    0.0000000000E+00,    0.0000000000E+00,    0.0000000000E+00,    5.2062625264E+02
    249850,      0.676977,CP11_after_MPI,   1,    0.0000000000E+00,    5.2062625264E+02,    5.2062625264E+02,    0.0000000000E+00,    0.0000000000E+00,    0.0000000000E+00,    5.2062625264E+02
    249850,      0.676977,CP12_end,   1,    0.0000000000E+00,    5.2062625264E+02,    5.2062625264E+02,    0.0000000000E+00,    0.0000000000E+00,    0.0000000000E+00,    5.2062625264E+02
    249900,      0.676977,CP0_start,   1,    0.0000000000E+00,    5.2078644402E+02,    5.2078644402E+02,    0.0000000000E+00,    0.0000000000E+00,    0.0000000000E+00,    5.2078644402E+02
    249900,      0.676977,CP1_after_deposition,   1,    0.0000000000E+00,    5.2078644402E+02,    5.2078644402E+02,    0.0000000000E+00,    0.0000000000E+00,    0.0000000000E+00,    5.2078644402E+02
    249900,      0.676977,CP2_after_erosion,   1,    0.0000000000E+00,    5.2078644402E+02,    5.2078644402E+02,    0.0000000000E+00,    0.0000000000E+00,    0.0000000000E+00,    5.2078644402E+02
    249900,      0.676977,CP3_after_update_bottom,   1,    0.0000000000E+00,    5.2078644402E+02,    5.2078644402E+02,    0.0000000000E+00,    0.0000000000E+00,    0.0000000000E+00,    5.2078644402E+02
    249900,      0.676977,CP4_after_advection,   1,    0.0000000000E+00,    5.2077498861E+02,    5.2077498861E+02,    0.0000000000E+00,    0.0000000000E+00,    0.0000000000E+00,    5.2077498861E+02
    249900,      0.676977,CP5_after_vdif,   1,    0.0000000000E+00,    5.2077498861E+02,    5.2077498861E+02,    0.0000000000E+00,    0.0000000000E+00,    0.0000000000E+00,    5.2077498861E+02
    249900,      0.676977,CP6_after_kinetics,   1,    0.0000000000E+00,    5.2077498861E+02,    5.2077498861E+02,    0.0000000000E+00,    0.0000000000E+00,    0.0000000000E+00,    5.2077498861E+02
    249900,      0.676977,CP7_after_upper_clamp,   1,    0.0000000000E+00,    5.2077498861E+02,    5.2077498861E+02,    0.0000000000E+00,    0.0000000000E+00,    0.0000000000E+00,    5.2077498861E+02
    249900,      0.676977,CP8_after_OBC,   1,    0.0000000000E+00,    5.2077498861E+02,    5.2077498861E+02,    0.0000000000E+00,    0.0000000000E+00,    0.0000000000E+00,    5.2077498861E+02
    249900,      0.676977,CP9_after_PTsource,   1,    0.0000000000E+00,    5.2077498861E+02,    5.2077498861E+02,    0.0000000000E+00,    0.0000000000E+00,    0.0000000000E+00,    5.2077498861E+02
    249900,      0.676977,CP10_after_neg_clamp,   1,    0.0000000000E+00,    5.2077498861E+02,    5.2077498861E+02,    0.0000000000E+00,    0.0000000000E+00,    0.0000000000E+00,    5.2077498861E+02
    249900,      0.676977,CP11_after_MPI,   1,    0.0000000000E+00,    5.2077498861E+02,    5.2077498861E+02,    0.0000000000E+00,    0.0000000000E+00,    0.0000000000E+00,    5.2077498861E+02
    249900,      0.676977,CP12_end,   1,    0.0000000000E+00,    5.2077498861E+02,    5.2077498861E+02,    0.0000000000E+00,    0.0000000000E+00,    0.0000000000E+00,    5.2077498861E+02
    249950,      0.676977,CP0_start,   1,    0.0000000000E+00,    5.2093632981E+02,    5.2093632981E+02,    0.0000000000E+00,    0.0000000000E+00,    0.0000000000E+00,    5.2093632981E+02
    249950,      0.676977,CP1_after_deposition,   1,    0.0000000000E+00,    5.2093632981E+02,    5.2093632981E+02,    0.0000000000E+00,    0.0000000000E+00,    0.0000000000E+00,    5.2093632981E+02
    249950,      0.676977,CP2_after_erosion,   1,    0.0000000000E+00,    5.2093632981E+02,    5.2093632981E+02,    0.0000000000E+00,    0.0000000000E+00,    0.0000000000E+00,    5.2093632981E+02
    249950,      0.676977,CP3_after_update_bottom,   1,    0.0000000000E+00,    5.2093632981E+02,    5.2093632981E+02,    0.0000000000E+00,    0.0000000000E+00,    0.0000000000E+00,    5.2093632981E+02
    249950,      0.676977,CP4_after_advection,   1,    0.0000000000E+00,    5.2092517756E+02,    5.2092517756E+02,    0.0000000000E+00,    0.0000000000E+00,    0.0000000000E+00,    5.2092517756E+02
    249950,      0.676977,CP5_after_vdif,   1,    0.0000000000E+00,    5.2092517756E+02,    5.2092517756E+02,    0.0000000000E+00,    0.0000000000E+00,    0.0000000000E+00,    5.2092517756E+02
    249950,      0.676977,CP6_after_kinetics,   1,    0.0000000000E+00,    5.2092517756E+02,    5.2092517756E+02,    0.0000000000E+00,    0.0000000000E+00,    0.0000000000E+00,    5.2092517756E+02
    249950,      0.676977,CP7_after_upper_clamp,   1,    0.0000000000E+00,    5.2092517756E+02,    5.2092517756E+02,    0.0000000000E+00,    0.0000000000E+00,    0.0000000000E+00,    5.2092517756E+02
    249950,      0.676977,CP8_after_OBC,   1,    0.0000000000E+00,    5.2092517756E+02,    5.2092517756E+02,    0.0000000000E+00,    0.0000000000E+00,    0.0000000000E+00,    5.2092517756E+02
    249950,      0.676977,CP9_after_PTsource,   1,    0.0000000000E+00,    5.2092517756E+02,    5.2092517756E+02,    0.0000000000E+00,    0.0000000000E+00,    0.0000000000E+00,    5.2092517756E+02
    249950,      0.676977,CP10_after_neg_clamp,   1,    0.0000000000E+00,    5.2092517756E+02,    5.2092517756E+02,    0.0000000000E+00,    0.0000000000E+00,    0.0000000000E+00,    5.2092517756E+02
    249950,      0.676977,CP11_after_MPI,   1,    0.0000000000E+00,    5.2092517756E+02,    5.2092517756E+02,    0.0000000000E+00,    0.0000000000E+00,    0.0000000000E+00,    5.2092517756E+02
    249950,      0.676977,CP12_end,   1,    0.0000000000E+00,    5.2092517756E+02,    5.2092517756E+02,    0.0000000000E+00,    0.0000000000E+00,    0.0000000000E+00,    5.2092517756E+02
    250000,      0.676977,CP0_start,   1,    0.0000000000E+00,    5.2108667971E+02,    5.2108667971E+02,    0.0000000000E+00,    0.0000000000E+00,    0.0000000000E+00,    5.2108667971E+02
    250000,      0.676977,CP1_after_deposition,   1,    0.0000000000E+00,    5.2108667971E+02,    5.2108667971E+02,    0.0000000000E+00,    0.0000000000E+00,    0.0000000000E+00,    5.2108667971E+02
    250000,      0.676977,CP2_after_erosion,   1,    0.0000000000E+00,    5.2108667971E+02,    5.2108667971E+02,    0.0000000000E+00,    0.0000000000E+00,    0.0000000000E+00,    5.2108667971E+02
    250000,      0.676977,CP3_after_update_bottom,   1,    0.0000000000E+00,    5.2108667971E+02,    5.2108667971E+02,    0.0000000000E+00,    0.0000000000E+00,    0.0000000000E+00,    5.2108667971E+02
    250000,      0.676977,CP4_after_advection,   1,    0.0000000000E+00,    5.2107579309E+02,    5.2107579309E+02,    0.0000000000E+00,    0.0000000000E+00,    0.0000000000E+00,    5.2107579309E+02
    250000,      0.676977,CP5_after_vdif,   1,    0.0000000000E+00,    5.2107579309E+02,    5.2107579309E+02,    0.0000000000E+00,    0.0000000000E+00,    0.0000000000E+00,    5.2107579309E+02
    250000,      0.676977,CP6_after_kinetics,   1,    0.0000000000E+00,    5.2107579309E+02,    5.2107579309E+02,    0.0000000000E+00,    0.0000000000E+00,    0.0000000000E+00,    5.2107579309E+02
    250000,      0.676977,CP7_after_upper_clamp,   1,    0.0000000000E+00,    5.2107579309E+02,    5.2107579309E+02,    0.0000000000E+00,    0.0000000000E+00,    0.0000000000E+00,    5.2107579309E+02
    250000,      0.676977,CP8_after_OBC,   1,    0.0000000000E+00,    5.2107579309E+02,    5.2107579309E+02,    0.0000000000E+00,    0.0000000000E+00,    0.0000000000E+00,    5.2107579309E+02
    250000,      0.676977,CP9_after_PTsource,   1,    0.0000000000E+00,    5.2107579309E+02,    5.2107579309E+02,    0.0000000000E+00,    0.0000000000E+00,    0.0000000000E+00,    5.2107579309E+02
    250000,      0.676977,CP10_after_neg_clamp,   1,    0.0000000000E+00,    5.2107579309E+02,    5.2107579309E+02,    0.0000000000E+00,    0.0000000000E+00,    0.0000000000E+00,    5.2107579309E+02
    250000,      0.676977,CP11_after_MPI,   1,    0.0000000000E+00,    5.2107579309E+02,    5.2107579309E+02,    0.0000000000E+00,    0.0000000000E+00,    0.0000000000E+00,    5.2107579309E+02
    250000,      0.676977,CP12_end,   1,    0.0000000000E+00,    5.2107579309E+02,    5.2107579309E+02,    0.0000000000E+00,    0.0000000000E+00,    0.0000000000E+00,    5.2107579309E+02
    250050,      0.676977,CP0_start,   1,    0.0000000000E+00,    5.2123629468E+02,    5.2123629468E+02,    0.0000000000E+00,    0.0000000000E+00,    0.0000000000E+00,    5.2123629468E+02
    250050,      0.676977,CP1_after_deposition,   1,    0.0000000000E+00,    5.2123629468E+02,    5.2123629468E+02,    0.0000000000E+00,    0.0000000000E+00,    0.0000000000E+00,    5.2123629468E+02
    250050,      0.676977,CP2_after_erosion,   1,    0.0000000000E+00,    5.2123629468E+02,    5.2123629468E+02,    0.0000000000E+00,    0.0000000000E+00,    0.0000000000E+00,    5.2123629468E+02
    250050,      0.676977,CP3_after_update_bottom,   1,    0.0000000000E+00,    5.2123629468E+02,    5.2123629468E+02,    0.0000000000E+00,    0.0000000000E+00,    0.0000000000E+00,    5.2123629468E+02
    250050,      0.676977,CP4_after_advection,   1,    0.0000000000E+00,    5.2122566475E+02,    5.2122566475E+02,    0.0000000000E+00,    0.0000000000E+00,    0.0000000000E+00,    5.2122566475E+02
    250050,      0.676977,CP5_after_vdif,   1,    0.0000000000E+00,    5.2122566475E+02,    5.2122566475E+02,    0.0000000000E+00,    0.0000000000E+00,    0.0000000000E+00,    5.2122566475E+02
    250050,      0.676977,CP6_after_kinetics,   1,    0.0000000000E+00,    5.2122566475E+02,    5.2122566475E+02,    0.0000000000E+00,    0.0000000000E+00,    0.0000000000E+00,    5.2122566475E+02
    250050,      0.676977,CP7_after_upper_clamp,   1,    0.0000000000E+00,    5.2122566475E+02,    5.2122566475E+02,    0.0000000000E+00,    0.0000000000E+00,    0.0000000000E+00,    5.2122566475E+02
    250050,      0.676977,CP8_after_OBC,   1,    0.0000000000E+00,    5.2122566475E+02,    5.2122566475E+02,    0.0000000000E+00,    0.0000000000E+00,    0.0000000000E+00,    5.2122566475E+02
    250050,      0.676977,CP9_after_PTsource,   1,    0.0000000000E+00,    5.2122566475E+02,    5.2122566475E+02,    0.0000000000E+00,    0.0000000000E+00,    0.0000000000E+00,    5.2122566475E+02
    250050,      0.676977,CP10_after_neg_clamp,   1,    0.0000000000E+00,    5.2122566475E+02,    5.2122566475E+02,    0.0000000000E+00,    0.0000000000E+00,    0.0000000000E+00,    5.2122566475E+02
    250050,      0.676977,CP11_after_MPI,   1,    0.0000000000E+00,    5.2122566475E+02,    5.2122566475E+02,    0.0000000000E+00,    0.0000000000E+00,    0.0000000000E+00,    5.2122566475E+02
    250050,      0.676977,CP12_end,   1,    0.0000000000E+00,    5.2122566475E+02,    5.2122566475E+02,    0.0000000000E+00,    0.0000000000E+00,    0.0000000000E+00,    5.2122566475E+02
    250100,      0.676977,CP0_start,   1,    0.0000000000E+00,    5.2138432544E+02,    5.2138432544E+02,    0.0000000000E+00,    0.0000000000E+00,    0.0000000000E+00,    5.2138432544E+02
    250100,      0.676977,CP1_after_deposition,   1,    0.0000000000E+00,    5.2138432544E+02,    5.2138432544E+02,    0.0000000000E+00,    0.0000000000E+00,    0.0000000000E+00,    5.2138432544E+02
    250100,      0.676977,CP2_after_erosion,   1,    0.0000000000E+00,    5.2138432544E+02,    5.2138432544E+02,    0.0000000000E+00,    0.0000000000E+00,    0.0000000000E+00,    5.2138432544E+02
    250100,      0.676977,CP3_after_update_bottom,   1,    0.0000000000E+00,    5.2138432544E+02,    5.2138432544E+02,    0.0000000000E+00,    0.0000000000E+00,    0.0000000000E+00,    5.2138432544E+02
    250100,      0.676977,CP4_after_advection,   1,    0.0000000000E+00,    5.2137393785E+02,    5.2137393785E+02,    0.0000000000E+00,    0.0000000000E+00,    0.0000000000E+00,    5.2137393785E+02
    250100,      0.676977,CP5_after_vdif,   1,    0.0000000000E+00,    5.2137393785E+02,    5.2137393785E+02,    0.0000000000E+00,    0.0000000000E+00,    0.0000000000E+00,    5.2137393785E+02
    250100,      0.676977,CP6_after_kinetics,   1,    0.0000000000E+00,    5.2137393785E+02,    5.2137393785E+02,    0.0000000000E+00,    0.0000000000E+00,    0.0000000000E+00,    5.2137393785E+02
    250100,      0.676977,CP7_after_upper_clamp,   1,    0.0000000000E+00,    5.2137393785E+02,    5.2137393785E+02,    0.0000000000E+00,    0.0000000000E+00,    0.0000000000E+00,    5.2137393785E+02
    250100,      0.676977,CP8_after_OBC,   1,    0.0000000000E+00,    5.2137393785E+02,    5.2137393785E+02,    0.0000000000E+00,    0.0000000000E+00,    0.0000000000E+00,    5.2137393785E+02
    250100,      0.676977,CP9_after_PTsource,   1,    0.0000000000E+00,    5.2137393785E+02,    5.2137393785E+02,    0.0000000000E+00,    0.0000000000E+00,    0.0000000000E+00,    5.2137393785E+02
    250100,      0.676977,CP10_after_neg_clamp,   1,    0.0000000000E+00,    5.2137393785E+02,    5.2137393785E+02,    0.0000000000E+00,    0.0000000000E+00,    0.0000000000E+00,    5.2137393785E+02
    250100,      0.676977,CP11_after_MPI,   1,    0.0000000000E+00,    5.2137393785E+02,    5.2137393785E+02,    0.0000000000E+00,    0.0000000000E+00,    0.0000000000E+00,    5.2137393785E+02
    250100,      0.676977,CP12_end,   1,    0.0000000000E+00,    5.2137393785E+02,    5.2137393785E+02,    0.0000000000E+00,    0.0000000000E+00,    0.0000000000E+00,    5.2137393785E+02
    250150,      0.676977,CP0_start,   1,    0.0000000000E+00,    5.2153056651E+02,    5.2153056651E+02,    0.0000000000E+00,    0.0000000000E+00,    0.0000000000E+00,    5.2153056651E+02
    250150,      0.676977,CP1_after_deposition,   1,    0.0000000000E+00,    5.2153056651E+02,    5.2153056651E+02,    0.0000000000E+00,    0.0000000000E+00,    0.0000000000E+00,    5.2153056651E+02
    250150,      0.676977,CP2_after_erosion,   1,    0.0000000000E+00,    5.2153056651E+02,    5.2153056651E+02,    0.0000000000E+00,    0.0000000000E+00,    0.0000000000E+00,    5.2153056651E+02
    250150,      0.676977,CP3_after_update_bottom,   1,    0.0000000000E+00,    5.2153056651E+02,    5.2153056651E+02,    0.0000000000E+00,    0.0000000000E+00,    0.0000000000E+00,    5.2153056651E+02
    250150,      0.676977,CP4_after_advection,   1,    0.0000000000E+00,    5.2152044648E+02,    5.2152044648E+02,    0.0000000000E+00,    0.0000000000E+00,    0.0000000000E+00,    5.2152044648E+02
    250150,      0.676977,CP5_after_vdif,   1,    0.0000000000E+00,    5.2152044648E+02,    5.2152044648E+02,    0.0000000000E+00,    0.0000000000E+00,    0.0000000000E+00,    5.2152044648E+02
    250150,      0.676977,CP6_after_kinetics,   1,    0.0000000000E+00,    5.2152044648E+02,    5.2152044648E+02,    0.0000000000E+00,    0.0000000000E+00,    0.0000000000E+00,    5.2152044648E+02
    250150,      0.676977,CP7_after_upper_clamp,   1,    0.0000000000E+00,    5.2152044648E+02,    5.2152044648E+02,    0.0000000000E+00,    0.0000000000E+00,    0.0000000000E+00,    5.2152044648E+02
    250150,      0.676977,CP8_after_OBC,   1,    0.0000000000E+00,    5.2152044648E+02,    5.2152044648E+02,    0.0000000000E+00,    0.0000000000E+00,    0.0000000000E+00,    5.2152044648E+02
    250150,      0.676977,CP9_after_PTsource,   1,    0.0000000000E+00,    5.2152044648E+02,    5.2152044648E+02,    0.0000000000E+00,    0.0000000000E+00,    0.0000000000E+00,    5.2152044648E+02
    250150,      0.676977,CP10_after_neg_clamp,   1,    0.0000000000E+00,    5.2152044648E+02,    5.2152044648E+02,    0.0000000000E+00,    0.0000000000E+00,    0.0000000000E+00,    5.2152044648E+02
    250150,      0.676977,CP11_after_MPI,   1,    0.0000000000E+00,    5.2152044648E+02,    5.2152044648E+02,    0.0000000000E+00,    0.0000000000E+00,    0.0000000000E+00,    5.2152044648E+02
    250150,      0.676977,CP12_end,   1,    0.0000000000E+00,    5.2152044648E+02,    5.2152044648E+02,    0.0000000000E+00,    0.0000000000E+00,    0.0000000000E+00,    5.2152044648E+02
    250200,      0.676977,CP0_start,   1,    0.0000000000E+00,    5.2167557901E+02,    5.2167557901E+02,    0.0000000000E+00,    0.0000000000E+00,    0.0000000000E+00,    5.2167557901E+02
    250200,      0.676977,CP1_after_deposition,   1,    0.0000000000E+00,    5.2167557901E+02,    5.2167557901E+02,    0.0000000000E+00,    0.0000000000E+00,    0.0000000000E+00,    5.2167557901E+02
    250200,      0.676977,CP2_after_erosion,   1,    0.0000000000E+00,    5.2167557901E+02,    5.2167557901E+02,    0.0000000000E+00,    0.0000000000E+00,    0.0000000000E+00,    5.2167557901E+02
    250200,      0.676977,CP3_after_update_bottom,   1,    0.0000000000E+00,    5.2167557901E+02,    5.2167557901E+02,    0.0000000000E+00,    0.0000000000E+00,    0.0000000000E+00,    5.2167557901E+02
    250200,      0.676977,CP4_after_advection,   1,    0.0000000000E+00,    5.2166573269E+02,    5.2166573269E+02,    0.0000000000E+00,    0.0000000000E+00,    0.0000000000E+00,    5.2166573269E+02
    250200,      0.676977,CP5_after_vdif,   1,    0.0000000000E+00,    5.2166573269E+02,    5.2166573269E+02,    0.0000000000E+00,    0.0000000000E+00,    0.0000000000E+00,    5.2166573269E+02
    250200,      0.676977,CP6_after_kinetics,   1,    0.0000000000E+00,    5.2166573269E+02,    5.2166573269E+02,    0.0000000000E+00,    0.0000000000E+00,    0.0000000000E+00,    5.2166573269E+02
    250200,      0.676977,CP7_after_upper_clamp,   1,    0.0000000000E+00,    5.2166573269E+02,    5.2166573269E+02,    0.0000000000E+00,    0.0000000000E+00,    0.0000000000E+00,    5.2166573269E+02
    250200,      0.676977,CP8_after_OBC,   1,    0.0000000000E+00,    5.2166573269E+02,    5.2166573269E+02,    0.0000000000E+00,    0.0000000000E+00,    0.0000000000E+00,    5.2166573269E+02
    250200,      0.676977,CP9_after_PTsource,   1,    0.0000000000E+00,    5.2166573269E+02,    5.2166573269E+02,    0.0000000000E+00,    0.0000000000E+00,    0.0000000000E+00,    5.2166573269E+02
    250200,      0.676977,CP10_after_neg_clamp,   1,    0.0000000000E+00,    5.2166573269E+02,    5.2166573269E+02,    0.0000000000E+00,    0.0000000000E+00,    0.0000000000E+00,    5.2166573269E+02
    250200,      0.676977,CP11_after_MPI,   1,    0.0000000000E+00,    5.2166573269E+02,    5.2166573269E+02,    0.0000000000E+00,    0.0000000000E+00,    0.0000000000E+00,    5.2166573269E+02
    250200,      0.676977,CP12_end,   1,    0.0000000000E+00,    5.2166573269E+02,    5.2166573269E+02,    0.0000000000E+00,    0.0000000000E+00,    0.0000000000E+00,    5.2166573269E+02
    250250,      0.676977,CP0_start,   1,    0.0000000000E+00,    5.2181956034E+02,    5.2181956034E+02,    0.0000000000E+00,    0.0000000000E+00,    0.0000000000E+00,    5.2181956034E+02
    250250,      0.676977,CP1_after_deposition,   1,    0.0000000000E+00,    5.2181956034E+02,    5.2181956034E+02,    0.0000000000E+00,    0.0000000000E+00,    0.0000000000E+00,    5.2181956034E+02
    250250,      0.676977,CP2_after_erosion,   1,    0.0000000000E+00,    5.2181956034E+02,    5.2181956034E+02,    0.0000000000E+00,    0.0000000000E+00,    0.0000000000E+00,    5.2181956034E+02
    250250,      0.676977,CP3_after_update_bottom,   1,    0.0000000000E+00,    5.2181956034E+02,    5.2181956034E+02,    0.0000000000E+00,    0.0000000000E+00,    0.0000000000E+00,    5.2181956034E+02
    250250,      0.676977,CP4_after_advection,   1,    0.0000000000E+00,    5.2181000177E+02,    5.2181000177E+02,    0.0000000000E+00,    0.0000000000E+00,    0.0000000000E+00,    5.2181000177E+02
    250250,      0.676977,CP5_after_vdif,   1,    0.0000000000E+00,    5.2181000177E+02,    5.2181000177E+02,    0.0000000000E+00,    0.0000000000E+00,    0.0000000000E+00,    5.2181000177E+02
    250250,      0.676977,CP6_after_kinetics,   1,    0.0000000000E+00,    5.2181000177E+02,    5.2181000177E+02,    0.0000000000E+00,    0.0000000000E+00,    0.0000000000E+00,    5.2181000177E+02
    250250,      0.676977,CP7_after_upper_clamp,   1,    0.0000000000E+00,    5.2181000177E+02,    5.2181000177E+02,    0.0000000000E+00,    0.0000000000E+00,    0.0000000000E+00,    5.2181000177E+02
    250250,      0.676977,CP8_after_OBC,   1,    0.0000000000E+00,    5.2181000177E+02,    5.2181000177E+02,    0.0000000000E+00,    0.0000000000E+00,    0.0000000000E+00,    5.2181000177E+02
    250250,      0.676977,CP9_after_PTsource,   1,    0.0000000000E+00,    5.2181000177E+02,    5.2181000177E+02,    0.0000000000E+00,    0.0000000000E+00,    0.0000000000E+00,    5.2181000177E+02
    250250,      0.676977,CP10_after_neg_clamp,   1,    0.0000000000E+00,    5.2181000177E+02,    5.2181000177E+02,    0.0000000000E+00,    0.0000000000E+00,    0.0000000000E+00,    5.2181000177E+02
    250250,      0.676977,CP11_after_MPI,   1,    0.0000000000E+00,    5.2181000177E+02,    5.2181000177E+02,    0.0000000000E+00,    0.0000000000E+00,    0.0000000000E+00,    5.2181000177E+02
    250250,      0.676977,CP12_end,   1,    0.0000000000E+00,    5.2181000177E+02,    5.2181000177E+02,    0.0000000000E+00,    0.0000000000E+00,    0.0000000000E+00,    5.2181000177E+02
    250300,      0.676977,CP0_start,   1,    0.0000000000E+00,    5.2196318119E+02,    5.2196318119E+02,    0.0000000000E+00,    0.0000000000E+00,    0.0000000000E+00,    5.2196318119E+02
    250300,      0.676977,CP1_after_deposition,   1,    0.0000000000E+00,    5.2196318119E+02,    5.2196318119E+02,    0.0000000000E+00,    0.0000000000E+00,    0.0000000000E+00,    5.2196318119E+02
    250300,      0.676977,CP2_after_erosion,   1,    0.0000000000E+00,    5.2196318119E+02,    5.2196318119E+02,    0.0000000000E+00,    0.0000000000E+00,    0.0000000000E+00,    5.2196318119E+02
    250300,      0.676977,CP3_after_update_bottom,   1,    0.0000000000E+00,    5.2196318119E+02,    5.2196318119E+02,    0.0000000000E+00,    0.0000000000E+00,    0.0000000000E+00,    5.2196318119E+02
    250300,      0.676977,CP4_after_advection,   1,    0.0000000000E+00,    5.2195394280E+02,    5.2195394280E+02,    0.0000000000E+00,    0.0000000000E+00,    0.0000000000E+00,    5.2195394280E+02
    250300,      0.676977,CP5_after_vdif,   1,    0.0000000000E+00,    5.2195394280E+02,    5.2195394280E+02,    0.0000000000E+00,    0.0000000000E+00,    0.0000000000E+00,    5.2195394280E+02
    250300,      0.676977,CP6_after_kinetics,   1,    0.0000000000E+00,    5.2195394280E+02,    5.2195394280E+02,    0.0000000000E+00,    0.0000000000E+00,    0.0000000000E+00,    5.2195394280E+02
    250300,      0.676977,CP7_after_upper_clamp,   1,    0.0000000000E+00,    5.2195394280E+02,    5.2195394280E+02,    0.0000000000E+00,    0.0000000000E+00,    0.0000000000E+00,    5.2195394280E+02
    250300,      0.676977,CP8_after_OBC,   1,    0.0000000000E+00,    5.2195394280E+02,    5.2195394280E+02,    0.0000000000E+00,    0.0000000000E+00,    0.0000000000E+00,    5.2195394280E+02
    250300,      0.676977,CP9_after_PTsource,   1,    0.0000000000E+00,    5.2195394280E+02,    5.2195394280E+02,    0.0000000000E+00,    0.0000000000E+00,    0.0000000000E+00,    5.2195394280E+02
    250300,      0.676977,CP10_after_neg_clamp,   1,    0.0000000000E+00,    5.2195394280E+02,    5.2195394280E+02,    0.0000000000E+00,    0.0000000000E+00,    0.0000000000E+00,    5.2195394280E+02
    250300,      0.676977,CP11_after_MPI,   1,    0.0000000000E+00,    5.2195394280E+02,    5.2195394280E+02,    0.0000000000E+00,    0.0000000000E+00,    0.0000000000E+00,    5.2195394280E+02
    250300,      0.676977,CP12_end,   1,    0.0000000000E+00,    5.2195394280E+02,    5.2195394280E+02,    0.0000000000E+00,    0.0000000000E+00,    0.0000000000E+00,    5.2195394280E+02
    250350,      0.676977,CP0_start,   1,    0.0000000000E+00,    5.2210711765E+02,    5.2210711765E+02,    0.0000000000E+00,    0.0000000000E+00,    0.0000000000E+00,    5.2210711765E+02
    250350,      0.676977,CP1_after_deposition,   1,    0.0000000000E+00,    5.2210711765E+02,    5.2210711765E+02,    0.0000000000E+00,    0.0000000000E+00,    0.0000000000E+00,    5.2210711765E+02
    250350,      0.676977,CP2_after_erosion,   1,    0.0000000000E+00,    5.2210711765E+02,    5.2210711765E+02,    0.0000000000E+00,    0.0000000000E+00,    0.0000000000E+00,    5.2210711765E+02
    250350,      0.676977,CP3_after_update_bottom,   1,    0.0000000000E+00,    5.2210711765E+02,    5.2210711765E+02,    0.0000000000E+00,    0.0000000000E+00,    0.0000000000E+00,    5.2210711765E+02
    250350,      0.676977,CP4_after_advection,   1,    0.0000000000E+00,    5.2209821410E+02,    5.2209821410E+02,    0.0000000000E+00,    0.0000000000E+00,    0.0000000000E+00,    5.2209821410E+02
    250350,      0.676977,CP5_after_vdif,   1,    0.0000000000E+00,    5.2209821410E+02,    5.2209821410E+02,    0.0000000000E+00,    0.0000000000E+00,    0.0000000000E+00,    5.2209821410E+02
    250350,      0.676977,CP6_after_kinetics,   1,    0.0000000000E+00,    5.2209821410E+02,    5.2209821410E+02,    0.0000000000E+00,    0.0000000000E+00,    0.0000000000E+00,    5.2209821410E+02
    250350,      0.676977,CP7_after_upper_clamp,   1,    0.0000000000E+00,    5.2209821410E+02,    5.2209821410E+02,    0.0000000000E+00,    0.0000000000E+00,    0.0000000000E+00,    5.2209821410E+02
    250350,      0.676977,CP8_after_OBC,   1,    0.0000000000E+00,    5.2209821410E+02,    5.2209821410E+02,    0.0000000000E+00,    0.0000000000E+00,    0.0000000000E+00,    5.2209821410E+02
    250350,      0.676977,CP9_after_PTsource,   1,    0.0000000000E+00,    5.2209821410E+02,    5.2209821410E+02,    0.0000000000E+00,    0.0000000000E+00,    0.0000000000E+00,    5.2209821410E+02
    250350,      0.676977,CP10_after_neg_clamp,   1,    0.0000000000E+00,    5.2209821410E+02,    5.2209821410E+02,    0.0000000000E+00,    0.0000000000E+00,    0.0000000000E+00,    5.2209821410E+02
    250350,      0.676977,CP11_after_MPI,   1,    0.0000000000E+00,    5.2209821410E+02,    5.2209821410E+02,    0.0000000000E+00,    0.0000000000E+00,    0.0000000000E+00,    5.2209821410E+02
    250350,      0.676977,CP12_end,   1,    0.0000000000E+00,    5.2209821410E+02,    5.2209821410E+02,    0.0000000000E+00,    0.0000000000E+00,    0.0000000000E+00,    5.2209821410E+02
    250400,      0.676977,CP0_start,   1,    0.0000000000E+00,    5.2225161623E+02,    5.2225161623E+02,    0.0000000000E+00,    0.0000000000E+00,    0.0000000000E+00,    5.2225161623E+02
    250400,      0.676977,CP1_after_deposition,   1,    0.0000000000E+00,    5.2225161623E+02,    5.2225161623E+02,    0.0000000000E+00,    0.0000000000E+00,    0.0000000000E+00,    5.2225161623E+02
    250400,      0.676977,CP2_after_erosion,   1,    0.0000000000E+00,    5.2225161623E+02,    5.2225161623E+02,    0.0000000000E+00,    0.0000000000E+00,    0.0000000000E+00,    5.2225161623E+02
    250400,      0.676977,CP3_after_update_bottom,   1,    0.0000000000E+00,    5.2225161623E+02,    5.2225161623E+02,    0.0000000000E+00,    0.0000000000E+00,    0.0000000000E+00,    5.2225161623E+02
    250400,      0.676977,CP4_after_advection,   1,    0.0000000000E+00,    5.2224307143E+02,    5.2224307143E+02,    0.0000000000E+00,    0.0000000000E+00,    0.0000000000E+00,    5.2224307143E+02
    250400,      0.676977,CP5_after_vdif,   1,    0.0000000000E+00,    5.2224307143E+02,    5.2224307143E+02,    0.0000000000E+00,    0.0000000000E+00,    0.0000000000E+00,    5.2224307143E+02
    250400,      0.676977,CP6_after_kinetics,   1,    0.0000000000E+00,    5.2224307143E+02,    5.2224307143E+02,    0.0000000000E+00,    0.0000000000E+00,    0.0000000000E+00,    5.2224307143E+02
    250400,      0.676977,CP7_after_upper_clamp,   1,    0.0000000000E+00,    5.2224307143E+02,    5.2224307143E+02,    0.0000000000E+00,    0.0000000000E+00,    0.0000000000E+00,    5.2224307143E+02
    250400,      0.676977,CP8_after_OBC,   1,    0.0000000000E+00,    5.2224307143E+02,    5.2224307143E+02,    0.0000000000E+00,    0.0000000000E+00,    0.0000000000E+00,    5.2224307143E+02
    250400,      0.676977,CP9_after_PTsource,   1,    0.0000000000E+00,    5.2224307143E+02,    5.2224307143E+02,    0.0000000000E+00,    0.0000000000E+00,    0.0000000000E+00,    5.2224307143E+02
    250400,      0.676977,CP10_after_neg_clamp,   1,    0.0000000000E+00,    5.2224307143E+02,    5.2224307143E+02,    0.0000000000E+00,    0.0000000000E+00,    0.0000000000E+00,    5.2224307143E+02
    250400,      0.676977,CP11_after_MPI,   1,    0.0000000000E+00,    5.2224307143E+02,    5.2224307143E+02,    0.0000000000E+00,    0.0000000000E+00,    0.0000000000E+00,    5.2224307143E+02
    250400,      0.676977,CP12_end,   1,    0.0000000000E+00,    5.2224307143E+02,    5.2224307143E+02,    0.0000000000E+00,    0.0000000000E+00,    0.0000000000E+00,    5.2224307143E+02
    250450,      0.676977,CP0_start,   1,    0.0000000000E+00,    5.2239685156E+02,    5.2239685156E+02,    0.0000000000E+00,    0.0000000000E+00,    0.0000000000E+00,    5.2239685156E+02
    250450,      0.676977,CP1_after_deposition,   1,    0.0000000000E+00,    5.2239685156E+02,    5.2239685156E+02,    0.0000000000E+00,    0.0000000000E+00,    0.0000000000E+00,    5.2239685156E+02
    250450,      0.676977,CP2_after_erosion,   1,    0.0000000000E+00,    5.2239685156E+02,    5.2239685156E+02,    0.0000000000E+00,    0.0000000000E+00,    0.0000000000E+00,    5.2239685156E+02
    250450,      0.676977,CP3_after_update_bottom,   1,    0.0000000000E+00,    5.2239685156E+02,    5.2239685156E+02,    0.0000000000E+00,    0.0000000000E+00,    0.0000000000E+00,    5.2239685156E+02
    250450,      0.676977,CP4_after_advection,   1,    0.0000000000E+00,    5.2238867556E+02,    5.2238867556E+02,    0.0000000000E+00,    0.0000000000E+00,    0.0000000000E+00,    5.2238867556E+02
    250450,      0.676977,CP5_after_vdif,   1,    0.0000000000E+00,    5.2238867556E+02,    5.2238867556E+02,    0.0000000000E+00,    0.0000000000E+00,    0.0000000000E+00,    5.2238867556E+02
    250450,      0.676977,CP6_after_kinetics,   1,    0.0000000000E+00,    5.2238867556E+02,    5.2238867556E+02,    0.0000000000E+00,    0.0000000000E+00,    0.0000000000E+00,    5.2238867556E+02
    250450,      0.676977,CP7_after_upper_clamp,   1,    0.0000000000E+00,    5.2238867556E+02,    5.2238867556E+02,    0.0000000000E+00,    0.0000000000E+00,    0.0000000000E+00,    5.2238867556E+02
    250450,      0.676977,CP8_after_OBC,   1,    0.0000000000E+00,    5.2238867556E+02,    5.2238867556E+02,    0.0000000000E+00,    0.0000000000E+00,    0.0000000000E+00,    5.2238867556E+02
    250450,      0.676977,CP9_after_PTsource,   1,    0.0000000000E+00,    5.2238867556E+02,    5.2238867556E+02,    0.0000000000E+00,    0.0000000000E+00,    0.0000000000E+00,    5.2238867556E+02
    250450,      0.676977,CP10_after_neg_clamp,   1,    0.0000000000E+00,    5.2238867556E+02,    5.2238867556E+02,    0.0000000000E+00,    0.0000000000E+00,    0.0000000000E+00,    5.2238867556E+02
    250450,      0.676977,CP11_after_MPI,   1,    0.0000000000E+00,    5.2238867556E+02,    5.2238867556E+02,    0.0000000000E+00,    0.0000000000E+00,    0.0000000000E+00,    5.2238867556E+02
    250450,      0.676977,CP12_end,   1,    0.0000000000E+00,    5.2238867556E+02,    5.2238867556E+02,    0.0000000000E+00,    0.0000000000E+00,    0.0000000000E+00,    5.2238867556E+02
    250500,      0.676977,CP0_start,   1,    0.0000000000E+00,    5.2254255643E+02,    5.2254255643E+02,    0.0000000000E+00,    0.0000000000E+00,    0.0000000000E+00,    5.2254255643E+02
    250500,      0.676977,CP1_after_deposition,   1,    0.0000000000E+00,    5.2254255643E+02,    5.2254255643E+02,    0.0000000000E+00,    0.0000000000E+00,    0.0000000000E+00,    5.2254255643E+02
    250500,      0.676977,CP2_after_erosion,   1,    0.0000000000E+00,    5.2254255643E+02,    5.2254255643E+02,    0.0000000000E+00,    0.0000000000E+00,    0.0000000000E+00,    5.2254255643E+02
    250500,      0.676977,CP3_after_update_bottom,   1,    0.0000000000E+00,    5.2254255643E+02,    5.2254255643E+02,    0.0000000000E+00,    0.0000000000E+00,    0.0000000000E+00,    5.2254255643E+02
    250500,      0.676977,CP4_after_advection,   1,    0.0000000000E+00,    5.2253477092E+02,    5.2253477092E+02,    0.0000000000E+00,    0.0000000000E+00,    0.0000000000E+00,    5.2253477092E+02
    250500,      0.676977,CP5_after_vdif,   1,    0.0000000000E+00,    5.2253477092E+02,    5.2253477092E+02,    0.0000000000E+00,    0.0000000000E+00,    0.0000000000E+00,    5.2253477092E+02
    250500,      0.676977,CP6_after_kinetics,   1,    0.0000000000E+00,    5.2253477092E+02,    5.2253477092E+02,    0.0000000000E+00,    0.0000000000E+00,    0.0000000000E+00,    5.2253477092E+02
    250500,      0.676977,CP7_after_upper_clamp,   1,    0.0000000000E+00,    5.2253477092E+02,    5.2253477092E+02,    0.0000000000E+00,    0.0000000000E+00,    0.0000000000E+00,    5.2253477092E+02
    250500,      0.676977,CP8_after_OBC,   1,    0.0000000000E+00,    5.2253477092E+02,    5.2253477092E+02,    0.0000000000E+00,    0.0000000000E+00,    0.0000000000E+00,    5.2253477092E+02
    250500,      0.676977,CP9_after_PTsource,   1,    0.0000000000E+00,    5.2253477092E+02,    5.2253477092E+02,    0.0000000000E+00,    0.0000000000E+00,    0.0000000000E+00,    5.2253477092E+02
    250500,      0.676977,CP10_after_neg_clamp,   1,    0.0000000000E+00,    5.2253477092E+02,    5.2253477092E+02,    0.0000000000E+00,    0.0000000000E+00,    0.0000000000E+00,    5.2253477092E+02
    250500,      0.676977,CP11_after_MPI,   1,    0.0000000000E+00,    5.2253477092E+02,    5.2253477092E+02,    0.0000000000E+00,    0.0000000000E+00,    0.0000000000E+00,    5.2253477092E+02
    250500,      0.676977,CP12_end,   1,    0.0000000000E+00,    5.2253477092E+02,    5.2253477092E+02,    0.0000000000E+00,    0.0000000000E+00,    0.0000000000E+00,    5.2253477092E+02
    250550,      0.676977,CP0_start,   1,    0.0000000000E+00,    5.2268858710E+02,    5.2268858710E+02,    0.0000000000E+00,    0.0000000000E+00,    0.0000000000E+00,    5.2268858710E+02
    250550,      0.676977,CP1_after_deposition,   1,    0.0000000000E+00,    5.2268858710E+02,    5.2268858710E+02,    0.0000000000E+00,    0.0000000000E+00,    0.0000000000E+00,    5.2268858710E+02
    250550,      0.676977,CP2_after_erosion,   1,    0.0000000000E+00,    5.2268858710E+02,    5.2268858710E+02,    0.0000000000E+00,    0.0000000000E+00,    0.0000000000E+00,    5.2268858710E+02
    250550,      0.676977,CP3_after_update_bottom,   1,    0.0000000000E+00,    5.2268858710E+02,    5.2268858710E+02,    0.0000000000E+00,    0.0000000000E+00,    0.0000000000E+00,    5.2268858710E+02
    250550,      0.676977,CP4_after_advection,   1,    0.0000000000E+00,    5.2268120304E+02,    5.2268120304E+02,    0.0000000000E+00,    0.0000000000E+00,    0.0000000000E+00,    5.2268120304E+02
    250550,      0.676977,CP5_after_vdif,   1,    0.0000000000E+00,    5.2268120304E+02,    5.2268120304E+02,    0.0000000000E+00,    0.0000000000E+00,    0.0000000000E+00,    5.2268120304E+02
    250550,      0.676977,CP6_after_kinetics,   1,    0.0000000000E+00,    5.2268120304E+02,    5.2268120304E+02,    0.0000000000E+00,    0.0000000000E+00,    0.0000000000E+00,    5.2268120304E+02
    250550,      0.676977,CP7_after_upper_clamp,   1,    0.0000000000E+00,    5.2268120304E+02,    5.2268120304E+02,    0.0000000000E+00,    0.0000000000E+00,    0.0000000000E+00,    5.2268120304E+02
    250550,      0.676977,CP8_after_OBC,   1,    0.0000000000E+00,    5.2268120304E+02,    5.2268120304E+02,    0.0000000000E+00,    0.0000000000E+00,    0.0000000000E+00,    5.2268120304E+02
    250550,      0.676977,CP9_after_PTsource,   1,    0.0000000000E+00,    5.2268120304E+02,    5.2268120304E+02,    0.0000000000E+00,    0.0000000000E+00,    0.0000000000E+00,    5.2268120304E+02
    250550,      0.676977,CP10_after_neg_clamp,   1,    0.0000000000E+00,    5.2268120304E+02,    5.2268120304E+02,    0.0000000000E+00,    0.0000000000E+00,    0.0000000000E+00,    5.2268120304E+02
    250550,      0.676977,CP11_after_MPI,   1,    0.0000000000E+00,    5.2268120304E+02,    5.2268120304E+02,    0.0000000000E+00,    0.0000000000E+00,    0.0000000000E+00,    5.2268120304E+02
    250550,      0.676977,CP12_end,   1,    0.0000000000E+00,    5.2268120304E+02,    5.2268120304E+02,    0.0000000000E+00,    0.0000000000E+00,    0.0000000000E+00,    5.2268120304E+02
    250600,      0.676977,CP0_start,   1,    0.0000000000E+00,    5.2283480361E+02,    5.2283480361E+02,    0.0000000000E+00,    0.0000000000E+00,    0.0000000000E+00,    5.2283480361E+02
    250600,      0.676977,CP1_after_deposition,   1,    0.0000000000E+00,    5.2283480361E+02,    5.2283480361E+02,    0.0000000000E+00,    0.0000000000E+00,    0.0000000000E+00,    5.2283480361E+02
    250600,      0.676977,CP2_after_erosion,   1,    0.0000000000E+00,    5.2283480361E+02,    5.2283480361E+02,    0.0000000000E+00,    0.0000000000E+00,    0.0000000000E+00,    5.2283480361E+02
    250600,      0.676977,CP3_after_update_bottom,   1,    0.0000000000E+00,    5.2283480361E+02,    5.2283480361E+02,    0.0000000000E+00,    0.0000000000E+00,    0.0000000000E+00,    5.2283480361E+02
    250600,      0.676977,CP4_after_advection,   1,    0.0000000000E+00,    5.2282783336E+02,    5.2282783336E+02,    0.0000000000E+00,    0.0000000000E+00,    0.0000000000E+00,    5.2282783336E+02
    250600,      0.676977,CP5_after_vdif,   1,    0.0000000000E+00,    5.2282783336E+02,    5.2282783336E+02,    0.0000000000E+00,    0.0000000000E+00,    0.0000000000E+00,    5.2282783336E+02
    250600,      0.676977,CP6_after_kinetics,   1,    0.0000000000E+00,    5.2282783336E+02,    5.2282783336E+02,    0.0000000000E+00,    0.0000000000E+00,    0.0000000000E+00,    5.2282783336E+02
    250600,      0.676977,CP7_after_upper_clamp,   1,    0.0000000000E+00,    5.2282783336E+02,    5.2282783336E+02,    0.0000000000E+00,    0.0000000000E+00,    0.0000000000E+00,    5.2282783336E+02
    250600,      0.676977,CP8_after_OBC,   1,    0.0000000000E+00,    5.2282783336E+02,    5.2282783336E+02,    0.0000000000E+00,    0.0000000000E+00,    0.0000000000E+00,    5.2282783336E+02
    250600,      0.676977,CP9_after_PTsource,   1,    0.0000000000E+00,    5.2282783336E+02,    5.2282783336E+02,    0.0000000000E+00,    0.0000000000E+00,    0.0000000000E+00,    5.2282783336E+02
    250600,      0.676977,CP10_after_neg_clamp,   1,    0.0000000000E+00,    5.2282783336E+02,    5.2282783336E+02,    0.0000000000E+00,    0.0000000000E+00,    0.0000000000E+00,    5.2282783336E+02
    250600,      0.676977,CP11_after_MPI,   1,    0.0000000000E+00,    5.2282783336E+02,    5.2282783336E+02,    0.0000000000E+00,    0.0000000000E+00,    0.0000000000E+00,    5.2282783336E+02
    250600,      0.676977,CP12_end,   1,    0.0000000000E+00,    5.2282783336E+02,    5.2282783336E+02,    0.0000000000E+00,    0.0000000000E+00,    0.0000000000E+00,    5.2282783336E+02
    250650,      0.676977,CP0_start,   1,    0.0000000000E+00,    5.2298121425E+02,    5.2298121425E+02,    0.0000000000E+00,    0.0000000000E+00,    0.0000000000E+00,    5.2298121425E+02
    250650,      0.676977,CP1_after_deposition,   1,    0.0000000000E+00,    5.2298121425E+02,    5.2298121425E+02,    0.0000000000E+00,    0.0000000000E+00,    0.0000000000E+00,    5.2298121425E+02
    250650,      0.676977,CP2_after_erosion,   1,    0.0000000000E+00,    5.2298121425E+02,    5.2298121425E+02,    0.0000000000E+00,    0.0000000000E+00,    0.0000000000E+00,    5.2298121425E+02
    250650,      0.676977,CP3_after_update_bottom,   1,    0.0000000000E+00,    5.2298121425E+02,    5.2298121425E+02,    0.0000000000E+00,    0.0000000000E+00,    0.0000000000E+00,    5.2298121425E+02
    250650,      0.676977,CP4_after_advection,   1,    0.0000000000E+00,    5.2297467439E+02,    5.2297467439E+02,    0.0000000000E+00,    0.0000000000E+00,    0.0000000000E+00,    5.2297467439E+02
    250650,      0.676977,CP5_after_vdif,   1,    0.0000000000E+00,    5.2297467439E+02,    5.2297467439E+02,    0.0000000000E+00,    0.0000000000E+00,    0.0000000000E+00,    5.2297467439E+02
    250650,      0.676977,CP6_after_kinetics,   1,    0.0000000000E+00,    5.2297467439E+02,    5.2297467439E+02,    0.0000000000E+00,    0.0000000000E+00,    0.0000000000E+00,    5.2297467439E+02
    250650,      0.676977,CP7_after_upper_clamp,   1,    0.0000000000E+00,    5.2297467439E+02,    5.2297467439E+02,    0.0000000000E+00,    0.0000000000E+00,    0.0000000000E+00,    5.2297467439E+02
    250650,      0.676977,CP8_after_OBC,   1,    0.0000000000E+00,    5.2297467439E+02,    5.2297467439E+02,    0.0000000000E+00,    0.0000000000E+00,    0.0000000000E+00,    5.2297467439E+02
    250650,      0.676977,CP9_after_PTsource,   1,    0.0000000000E+00,    5.2297467439E+02,    5.2297467439E+02,    0.0000000000E+00,    0.0000000000E+00,    0.0000000000E+00,    5.2297467439E+02
    250650,      0.676977,CP10_after_neg_clamp,   1,    0.0000000000E+00,    5.2297467439E+02,    5.2297467439E+02,    0.0000000000E+00,    0.0000000000E+00,    0.0000000000E+00,    5.2297467439E+02
    250650,      0.676977,CP11_after_MPI,   1,    0.0000000000E+00,    5.2297467439E+02,    5.2297467439E+02,    0.0000000000E+00,    0.0000000000E+00,    0.0000000000E+00,    5.2297467439E+02
    250650,      0.676977,CP12_end,   1,    0.0000000000E+00,    5.2297467439E+02,    5.2297467439E+02,    0.0000000000E+00,    0.0000000000E+00,    0.0000000000E+00,    5.2297467439E+02
    250700,      0.676977,CP0_start,   1,    0.0000000000E+00,    5.2312805573E+02,    5.2312805573E+02,    0.0000000000E+00,    0.0000000000E+00,    0.0000000000E+00,    5.2312805573E+02
    250700,      0.676977,CP1_after_deposition,   1,    0.0000000000E+00,    5.2312805573E+02,    5.2312805573E+02,    0.0000000000E+00,    0.0000000000E+00,    0.0000000000E+00,    5.2312805573E+02
    250700,      0.676977,CP2_after_erosion,   1,    0.0000000000E+00,    5.2312805573E+02,    5.2312805573E+02,    0.0000000000E+00,    0.0000000000E+00,    0.0000000000E+00,    5.2312805573E+02
    250700,      0.676977,CP3_after_update_bottom,   1,    0.0000000000E+00,    5.2312805573E+02,    5.2312805573E+02,    0.0000000000E+00,    0.0000000000E+00,    0.0000000000E+00,    5.2312805573E+02
    250700,      0.676977,CP4_after_advection,   1,    0.0000000000E+00,    5.2312196365E+02,    5.2312196365E+02,    0.0000000000E+00,    0.0000000000E+00,    0.0000000000E+00,    5.2312196365E+02
    250700,      0.676977,CP5_after_vdif,   1,    0.0000000000E+00,    5.2312196365E+02,    5.2312196365E+02,    0.0000000000E+00,    0.0000000000E+00,    0.0000000000E+00,    5.2312196365E+02
    250700,      0.676977,CP6_after_kinetics,   1,    0.0000000000E+00,    5.2312196365E+02,    5.2312196365E+02,    0.0000000000E+00,    0.0000000000E+00,    0.0000000000E+00,    5.2312196365E+02
    250700,      0.676977,CP7_after_upper_clamp,   1,    0.0000000000E+00,    5.2312196365E+02,    5.2312196365E+02,    0.0000000000E+00,    0.0000000000E+00,    0.0000000000E+00,    5.2312196365E+02
    250700,      0.676977,CP8_after_OBC,   1,    0.0000000000E+00,    5.2312196365E+02,    5.2312196365E+02,    0.0000000000E+00,    0.0000000000E+00,    0.0000000000E+00,    5.2312196365E+02
    250700,      0.676977,CP9_after_PTsource,   1,    0.0000000000E+00,    5.2312196365E+02,    5.2312196365E+02,    0.0000000000E+00,    0.0000000000E+00,    0.0000000000E+00,    5.2312196365E+02
    250700,      0.676977,CP10_after_neg_clamp,   1,    0.0000000000E+00,    5.2312196365E+02,    5.2312196365E+02,    0.0000000000E+00,    0.0000000000E+00,    0.0000000000E+00,    5.2312196365E+02
    250700,      0.676977,CP11_after_MPI,   1,    0.0000000000E+00,    5.2312196365E+02,    5.2312196365E+02,    0.0000000000E+00,    0.0000000000E+00,    0.0000000000E+00,    5.2312196365E+02
    250700,      0.676977,CP12_end,   1,    0.0000000000E+00,    5.2312196365E+02,    5.2312196365E+02,    0.0000000000E+00,    0.0000000000E+00,    0.0000000000E+00,    5.2312196365E+02
    250750,      0.676977,CP0_start,   1,    0.0000000000E+00,    5.2327530454E+02,    5.2327530454E+02,    0.0000000000E+00,    0.0000000000E+00,    0.0000000000E+00,    5.2327530454E+02
    250750,      0.676977,CP1_after_deposition,   1,    0.0000000000E+00,    5.2327530454E+02,    5.2327530454E+02,    0.0000000000E+00,    0.0000000000E+00,    0.0000000000E+00,    5.2327530454E+02
    250750,      0.676977,CP2_after_erosion,   1,    0.0000000000E+00,    5.2327530454E+02,    5.2327530454E+02,    0.0000000000E+00,    0.0000000000E+00,    0.0000000000E+00,    5.2327530454E+02
    250750,      0.676977,CP3_after_update_bottom,   1,    0.0000000000E+00,    5.2327530454E+02,    5.2327530454E+02,    0.0000000000E+00,    0.0000000000E+00,    0.0000000000E+00,    5.2327530454E+02
    250750,      0.676977,CP4_after_advection,   1,    0.0000000000E+00,    5.2326967102E+02,    5.2326967102E+02,    0.0000000000E+00,    0.0000000000E+00,    0.0000000000E+00,    5.2326967102E+02
    250750,      0.676977,CP5_after_vdif,   1,    0.0000000000E+00,    5.2326967102E+02,    5.2326967102E+02,    0.0000000000E+00,    0.0000000000E+00,    0.0000000000E+00,    5.2326967102E+02
    250750,      0.676977,CP6_after_kinetics,   1,    0.0000000000E+00,    5.2326967102E+02,    5.2326967102E+02,    0.0000000000E+00,    0.0000000000E+00,    0.0000000000E+00,    5.2326967102E+02
    250750,      0.676977,CP7_after_upper_clamp,   1,    0.0000000000E+00,    5.2326967102E+02,    5.2326967102E+02,    0.0000000000E+00,    0.0000000000E+00,    0.0000000000E+00,    5.2326967102E+02
    250750,      0.676977,CP8_after_OBC,   1,    0.0000000000E+00,    5.2326967102E+02,    5.2326967102E+02,    0.0000000000E+00,    0.0000000000E+00,    0.0000000000E+00,    5.2326967102E+02
    250750,      0.676977,CP9_after_PTsource,   1,    0.0000000000E+00,    5.2326967102E+02,    5.2326967102E+02,    0.0000000000E+00,    0.0000000000E+00,    0.0000000000E+00,    5.2326967102E+02
    250750,      0.676977,CP10_after_neg_clamp,   1,    0.0000000000E+00,    5.2326967102E+02,    5.2326967102E+02,    0.0000000000E+00,    0.0000000000E+00,    0.0000000000E+00,    5.2326967102E+02
    250750,      0.676977,CP11_after_MPI,   1,    0.0000000000E+00,    5.2326967102E+02,    5.2326967102E+02,    0.0000000000E+00,    0.0000000000E+00,    0.0000000000E+00,    5.2326967102E+02
    250750,      0.676977,CP12_end,   1,    0.0000000000E+00,    5.2326967102E+02,    5.2326967102E+02,    0.0000000000E+00,    0.0000000000E+00,    0.0000000000E+00,    5.2326967102E+02
    250800,      0.676977,CP0_start,   1,    0.0000000000E+00,    5.2342320594E+02,    5.2342320594E+02,    0.0000000000E+00,    0.0000000000E+00,    0.0000000000E+00,    5.2342320594E+02
    250800,      0.676977,CP1_after_deposition,   1,    0.0000000000E+00,    5.2342320594E+02,    5.2342320594E+02,    0.0000000000E+00,    0.0000000000E+00,    0.0000000000E+00,    5.2342320594E+02
    250800,      0.676977,CP2_after_erosion,   1,    0.0000000000E+00,    5.2342320594E+02,    5.2342320594E+02,    0.0000000000E+00,    0.0000000000E+00,    0.0000000000E+00,    5.2342320594E+02
    250800,      0.676977,CP3_after_update_bottom,   1,    0.0000000000E+00,    5.2342320594E+02,    5.2342320594E+02,    0.0000000000E+00,    0.0000000000E+00,    0.0000000000E+00,    5.2342320594E+02
    250800,      0.676977,CP4_after_advection,   1,    0.0000000000E+00,    5.2341804852E+02,    5.2341804852E+02,    0.0000000000E+00,    0.0000000000E+00,    0.0000000000E+00,    5.2341804852E+02
    250800,      0.676977,CP5_after_vdif,   1,    0.0000000000E+00,    5.2341804852E+02,    5.2341804852E+02,    0.0000000000E+00,    0.0000000000E+00,    0.0000000000E+00,    5.2341804852E+02
    250800,      0.676977,CP6_after_kinetics,   1,    0.0000000000E+00,    5.2341804852E+02,    5.2341804852E+02,    0.0000000000E+00,    0.0000000000E+00,    0.0000000000E+00,    5.2341804852E+02
    250800,      0.676977,CP7_after_upper_clamp,   1,    0.0000000000E+00,    5.2341804852E+02,    5.2341804852E+02,    0.0000000000E+00,    0.0000000000E+00,    0.0000000000E+00,    5.2341804852E+02
    250800,      0.676977,CP8_after_OBC,   1,    0.0000000000E+00,    5.2341804852E+02,    5.2341804852E+02,    0.0000000000E+00,    0.0000000000E+00,    0.0000000000E+00,    5.2341804852E+02
    250800,      0.676977,CP9_after_PTsource,   1,    0.0000000000E+00,    5.2341804852E+02,    5.2341804852E+02,    0.0000000000E+00,    0.0000000000E+00,    0.0000000000E+00,    5.2341804852E+02
    250800,      0.676977,CP10_after_neg_clamp,   1,    0.0000000000E+00,    5.2341804852E+02,    5.2341804852E+02,    0.0000000000E+00,    0.0000000000E+00,    0.0000000000E+00,    5.2341804852E+02
    250800,      0.676977,CP11_after_MPI,   1,    0.0000000000E+00,    5.2341804852E+02,    5.2341804852E+02,    0.0000000000E+00,    0.0000000000E+00,    0.0000000000E+00,    5.2341804852E+02
    250800,      0.676977,CP12_end,   1,    0.0000000000E+00,    5.2341804852E+02,    5.2341804852E+02,    0.0000000000E+00,    0.0000000000E+00,    0.0000000000E+00,    5.2341804852E+02
    250850,      0.676977,CP0_start,   1,    0.0000000000E+00,    5.2357207623E+02,    5.2357207623E+02,    0.0000000000E+00,    0.0000000000E+00,    0.0000000000E+00,    5.2357207623E+02
    250850,      0.676977,CP1_after_deposition,   1,    0.0000000000E+00,    5.2357207623E+02,    5.2357207623E+02,    0.0000000000E+00,    0.0000000000E+00,    0.0000000000E+00,    5.2357207623E+02
    250850,      0.676977,CP2_after_erosion,   1,    0.0000000000E+00,    5.2357207623E+02,    5.2357207623E+02,    0.0000000000E+00,    0.0000000000E+00,    0.0000000000E+00,    5.2357207623E+02
    250850,      0.676977,CP3_after_update_bottom,   1,    0.0000000000E+00,    5.2357207623E+02,    5.2357207623E+02,    0.0000000000E+00,    0.0000000000E+00,    0.0000000000E+00,    5.2357207623E+02
    250850,      0.676977,CP4_after_advection,   1,    0.0000000000E+00,    5.2356740714E+02,    5.2356740714E+02,    0.0000000000E+00,    0.0000000000E+00,    0.0000000000E+00,    5.2356740714E+02
    250850,      0.676977,CP5_after_vdif,   1,    0.0000000000E+00,    5.2356740714E+02,    5.2356740714E+02,    0.0000000000E+00,    0.0000000000E+00,    0.0000000000E+00,    5.2356740714E+02
    250850,      0.676977,CP6_after_kinetics,   1,    0.0000000000E+00,    5.2356740714E+02,    5.2356740714E+02,    0.0000000000E+00,    0.0000000000E+00,    0.0000000000E+00,    5.2356740714E+02
    250850,      0.676977,CP7_after_upper_clamp,   1,    0.0000000000E+00,    5.2356740714E+02,    5.2356740714E+02,    0.0000000000E+00,    0.0000000000E+00,    0.0000000000E+00,    5.2356740714E+02
    250850,      0.676977,CP8_after_OBC,   1,    0.0000000000E+00,    5.2356740714E+02,    5.2356740714E+02,    0.0000000000E+00,    0.0000000000E+00,    0.0000000000E+00,    5.2356740714E+02
    250850,      0.676977,CP9_after_PTsource,   1,    0.0000000000E+00,    5.2356740714E+02,    5.2356740714E+02,    0.0000000000E+00,    0.0000000000E+00,    0.0000000000E+00,    5.2356740714E+02
    250850,      0.676977,CP10_after_neg_clamp,   1,    0.0000000000E+00,    5.2356740714E+02,    5.2356740714E+02,    0.0000000000E+00,    0.0000000000E+00,    0.0000000000E+00,    5.2356740714E+02
    250850,      0.676977,CP11_after_MPI,   1,    0.0000000000E+00,    5.2356740714E+02,    5.2356740714E+02,    0.0000000000E+00,    0.0000000000E+00,    0.0000000000E+00,    5.2356740714E+02
    250850,      0.676977,CP12_end,   1,    0.0000000000E+00,    5.2356740714E+02,    5.2356740714E+02,    0.0000000000E+00,    0.0000000000E+00,    0.0000000000E+00,    5.2356740714E+02
    250900,      0.676977,CP0_start,   1,    0.0000000000E+00,    5.2372217274E+02,    5.2372217274E+02,    0.0000000000E+00,    0.0000000000E+00,    0.0000000000E+00,    5.2372217274E+02
    250900,      0.676977,CP1_after_deposition,   1,    0.0000000000E+00,    5.2372217274E+02,    5.2372217274E+02,    0.0000000000E+00,    0.0000000000E+00,    0.0000000000E+00,    5.2372217274E+02
    250900,      0.676977,CP2_after_erosion,   1,    0.0000000000E+00,    5.2372217274E+02,    5.2372217274E+02,    0.0000000000E+00,    0.0000000000E+00,    0.0000000000E+00,    5.2372217274E+02
    250900,      0.676977,CP3_after_update_bottom,   1,    0.0000000000E+00,    5.2372217274E+02,    5.2372217274E+02,    0.0000000000E+00,    0.0000000000E+00,    0.0000000000E+00,    5.2372217274E+02
    250900,      0.676977,CP4_after_advection,   1,    0.0000000000E+00,    5.2371799935E+02,    5.2371799935E+02,    0.0000000000E+00,    0.0000000000E+00,    0.0000000000E+00,    5.2371799935E+02
    250900,      0.676977,CP5_after_vdif,   1,    0.0000000000E+00,    5.2371799935E+02,    5.2371799935E+02,    0.0000000000E+00,    0.0000000000E+00,    0.0000000000E+00,    5.2371799935E+02
    250900,      0.676977,CP6_after_kinetics,   1,    0.0000000000E+00,    5.2371799935E+02,    5.2371799935E+02,    0.0000000000E+00,    0.0000000000E+00,    0.0000000000E+00,    5.2371799935E+02
    250900,      0.676977,CP7_after_upper_clamp,   1,    0.0000000000E+00,    5.2371799935E+02,    5.2371799935E+02,    0.0000000000E+00,    0.0000000000E+00,    0.0000000000E+00,    5.2371799935E+02
    250900,      0.676977,CP8_after_OBC,   1,    0.0000000000E+00,    5.2371799935E+02,    5.2371799935E+02,    0.0000000000E+00,    0.0000000000E+00,    0.0000000000E+00,    5.2371799935E+02
    250900,      0.676977,CP9_after_PTsource,   1,    0.0000000000E+00,    5.2371799935E+02,    5.2371799935E+02,    0.0000000000E+00,    0.0000000000E+00,    0.0000000000E+00,    5.2371799935E+02
    250900,      0.676977,CP10_after_neg_clamp,   1,    0.0000000000E+00,    5.2371799935E+02,    5.2371799935E+02,    0.0000000000E+00,    0.0000000000E+00,    0.0000000000E+00,    5.2371799935E+02
    250900,      0.676977,CP11_after_MPI,   1,    0.0000000000E+00,    5.2371799935E+02,    5.2371799935E+02,    0.0000000000E+00,    0.0000000000E+00,    0.0000000000E+00,    5.2371799935E+02
    250900,      0.676977,CP12_end,   1,    0.0000000000E+00,    5.2371799935E+02,    5.2371799935E+02,    0.0000000000E+00,    0.0000000000E+00,    0.0000000000E+00,    5.2371799935E+02
    250950,      0.676977,CP0_start,   1,    0.0000000000E+00,    5.2387362008E+02,    5.2387362008E+02,    0.0000000000E+00,    0.0000000000E+00,    0.0000000000E+00,    5.2387362008E+02
    250950,      0.676977,CP1_after_deposition,   1,    0.0000000000E+00,    5.2387362008E+02,    5.2387362008E+02,    0.0000000000E+00,    0.0000000000E+00,    0.0000000000E+00,    5.2387362008E+02
    250950,      0.676977,CP2_after_erosion,   1,    0.0000000000E+00,    5.2387362008E+02,    5.2387362008E+02,    0.0000000000E+00,    0.0000000000E+00,    0.0000000000E+00,    5.2387362008E+02
    250950,      0.676977,CP3_after_update_bottom,   1,    0.0000000000E+00,    5.2387362008E+02,    5.2387362008E+02,    0.0000000000E+00,    0.0000000000E+00,    0.0000000000E+00,    5.2387362008E+02
    250950,      0.676977,CP4_after_advection,   1,    0.0000000000E+00,    5.2386994504E+02,    5.2386994504E+02,    0.0000000000E+00,    0.0000000000E+00,    0.0000000000E+00,    5.2386994504E+02
    250950,      0.676977,CP5_after_vdif,   1,    0.0000000000E+00,    5.2386994504E+02,    5.2386994504E+02,    0.0000000000E+00,    0.0000000000E+00,    0.0000000000E+00,    5.2386994504E+02
    250950,      0.676977,CP6_after_kinetics,   1,    0.0000000000E+00,    5.2386994504E+02,    5.2386994504E+02,    0.0000000000E+00,    0.0000000000E+00,    0.0000000000E+00,    5.2386994504E+02
    250950,      0.676977,CP7_after_upper_clamp,   1,    0.0000000000E+00,    5.2386994504E+02,    5.2386994504E+02,    0.0000000000E+00,    0.0000000000E+00,    0.0000000000E+00,    5.2386994504E+02
    250950,      0.676977,CP8_after_OBC,   1,    0.0000000000E+00,    5.2386994504E+02,    5.2386994504E+02,    0.0000000000E+00,    0.0000000000E+00,    0.0000000000E+00,    5.2386994504E+02
    250950,      0.676977,CP9_after_PTsource,   1,    0.0000000000E+00,    5.2386994504E+02,    5.2386994504E+02,    0.0000000000E+00,    0.0000000000E+00,    0.0000000000E+00,    5.2386994504E+02
    250950,      0.676977,CP10_after_neg_clamp,   1,    0.0000000000E+00,    5.2386994504E+02,    5.2386994504E+02,    0.0000000000E+00,    0.0000000000E+00,    0.0000000000E+00,    5.2386994504E+02
    250950,      0.676977,CP11_after_MPI,   1,    0.0000000000E+00,    5.2386994504E+02,    5.2386994504E+02,    0.0000000000E+00,    0.0000000000E+00,    0.0000000000E+00,    5.2386994504E+02
    250950,      0.676977,CP12_end,   1,    0.0000000000E+00,    5.2386994504E+02,    5.2386994504E+02,    0.0000000000E+00,    0.0000000000E+00,    0.0000000000E+00,    5.2386994504E+02
    251000,      0.676977,CP0_start,   1,    0.0000000000E+00,    5.2402673947E+02,    5.2402673947E+02,    0.0000000000E+00,    0.0000000000E+00,    0.0000000000E+00,    5.2402673947E+02
    251000,      0.676977,CP1_after_deposition,   1,    0.0000000000E+00,    5.2402673947E+02,    5.2402673947E+02,    0.0000000000E+00,    0.0000000000E+00,    0.0000000000E+00,    5.2402673947E+02
    251000,      0.676977,CP2_after_erosion,   1,    0.0000000000E+00,    5.2402673947E+02,    5.2402673947E+02,    0.0000000000E+00,    0.0000000000E+00,    0.0000000000E+00,    5.2402673947E+02
    251000,      0.676977,CP3_after_update_bottom,   1,    0.0000000000E+00,    5.2402673947E+02,    5.2402673947E+02,    0.0000000000E+00,    0.0000000000E+00,    0.0000000000E+00,    5.2402673947E+02
    251000,      0.676977,CP4_after_advection,   1,    0.0000000000E+00,    5.2402357828E+02,    5.2402357828E+02,    0.0000000000E+00,    0.0000000000E+00,    0.0000000000E+00,    5.2402357828E+02
    251000,      0.676977,CP5_after_vdif,   1,    0.0000000000E+00,    5.2402357828E+02,    5.2402357828E+02,    0.0000000000E+00,    0.0000000000E+00,    0.0000000000E+00,    5.2402357828E+02
    251000,      0.676977,CP6_after_kinetics,   1,    0.0000000000E+00,    5.2402357828E+02,    5.2402357828E+02,    0.0000000000E+00,    0.0000000000E+00,    0.0000000000E+00,    5.2402357828E+02
    251000,      0.676977,CP7_after_upper_clamp,   1,    0.0000000000E+00,    5.2402357828E+02,    5.2402357828E+02,    0.0000000000E+00,    0.0000000000E+00,    0.0000000000E+00,    5.2402357828E+02
    251000,      0.676977,CP8_after_OBC,   1,    0.0000000000E+00,    5.2402357828E+02,    5.2402357828E+02,    0.0000000000E+00,    0.0000000000E+00,    0.0000000000E+00,    5.2402357828E+02
    251000,      0.676977,CP9_after_PTsource,   1,    0.0000000000E+00,    5.2402357828E+02,    5.2402357828E+02,    0.0000000000E+00,    0.0000000000E+00,    0.0000000000E+00,    5.2402357828E+02
    251000,      0.676977,CP10_after_neg_clamp,   1,    0.0000000000E+00,    5.2402357828E+02,    5.2402357828E+02,    0.0000000000E+00,    0.0000000000E+00,    0.0000000000E+00,    5.2402357828E+02
    251000,      0.676977,CP11_after_MPI,   1,    0.0000000000E+00,    5.2402357828E+02,    5.2402357828E+02,    0.0000000000E+00,    0.0000000000E+00,    0.0000000000E+00,    5.2402357828E+02
    251000,      0.676977,CP12_end,   1,    0.0000000000E+00,    5.2402357828E+02,    5.2402357828E+02,    0.0000000000E+00,    0.0000000000E+00,    0.0000000000E+00,    5.2402357828E+02
    251050,      0.676977,CP0_start,   1,    0.0000000000E+00,    5.2418231119E+02,    5.2418231119E+02,    0.0000000000E+00,    0.0000000000E+00,    0.0000000000E+00,    5.2418231119E+02
    251050,      0.676977,CP1_after_deposition,   1,    0.0000000000E+00,    5.2418231119E+02,    5.2418231119E+02,    0.0000000000E+00,    0.0000000000E+00,    0.0000000000E+00,    5.2418231119E+02
    251050,      0.676977,CP2_after_erosion,   1,    0.0000000000E+00,    5.2418231119E+02,    5.2418231119E+02,    0.0000000000E+00,    0.0000000000E+00,    0.0000000000E+00,    5.2418231119E+02
    251050,      0.676977,CP3_after_update_bottom,   1,    0.0000000000E+00,    5.2418231119E+02,    5.2418231119E+02,    0.0000000000E+00,    0.0000000000E+00,    0.0000000000E+00,    5.2418231119E+02
    251050,      0.676977,CP4_after_advection,   1,    0.0000000000E+00,    5.2417967007E+02,    5.2417967007E+02,    0.0000000000E+00,    0.0000000000E+00,    0.0000000000E+00,    5.2417967007E+02
    251050,      0.676977,CP5_after_vdif,   1,    0.0000000000E+00,    5.2417967007E+02,    5.2417967007E+02,    0.0000000000E+00,    0.0000000000E+00,    0.0000000000E+00,    5.2417967007E+02
    251050,      0.676977,CP6_after_kinetics,   1,    0.0000000000E+00,    5.2417967007E+02,    5.2417967007E+02,    0.0000000000E+00,    0.0000000000E+00,    0.0000000000E+00,    5.2417967007E+02
    251050,      0.676977,CP7_after_upper_clamp,   1,    0.0000000000E+00,    5.2417967007E+02,    5.2417967007E+02,    0.0000000000E+00,    0.0000000000E+00,    0.0000000000E+00,    5.2417967007E+02
    251050,      0.676977,CP8_after_OBC,   1,    0.0000000000E+00,    5.2417967007E+02,    5.2417967007E+02,    0.0000000000E+00,    0.0000000000E+00,    0.0000000000E+00,    5.2417967007E+02
    251050,      0.676977,CP9_after_PTsource,   1,    0.0000000000E+00,    5.2417967007E+02,    5.2417967007E+02,    0.0000000000E+00,    0.0000000000E+00,    0.0000000000E+00,    5.2417967007E+02
    251050,      0.676977,CP10_after_neg_clamp,   1,    0.0000000000E+00,    5.2417967007E+02,    5.2417967007E+02,    0.0000000000E+00,    0.0000000000E+00,    0.0000000000E+00,    5.2417967007E+02
    251050,      0.676977,CP11_after_MPI,   1,    0.0000000000E+00,    5.2417967007E+02,    5.2417967007E+02,    0.0000000000E+00,    0.0000000000E+00,    0.0000000000E+00,    5.2417967007E+02
    251050,      0.676977,CP12_end,   1,    0.0000000000E+00,    5.2417967007E+02,    5.2417967007E+02,    0.0000000000E+00,    0.0000000000E+00,    0.0000000000E+00,    5.2417967007E+02
    251100,      0.676977,CP0_start,   1,    0.0000000000E+00,    5.2434104969E+02,    5.2434104969E+02,    0.0000000000E+00,    0.0000000000E+00,    0.0000000000E+00,    5.2434104969E+02
    251100,      0.676977,CP1_after_deposition,   1,    0.0000000000E+00,    5.2434104969E+02,    5.2434104969E+02,    0.0000000000E+00,    0.0000000000E+00,    0.0000000000E+00,    5.2434104969E+02
    251100,      0.676977,CP2_after_erosion,   1,    0.0000000000E+00,    5.2434104969E+02,    5.2434104969E+02,    0.0000000000E+00,    0.0000000000E+00,    0.0000000000E+00,    5.2434104969E+02
    251100,      0.676977,CP3_after_update_bottom,   1,    0.0000000000E+00,    5.2434104969E+02,    5.2434104969E+02,    0.0000000000E+00,    0.0000000000E+00,    0.0000000000E+00,    5.2434104969E+02
    251100,      0.676977,CP4_after_advection,   1,    0.0000000000E+00,    5.2433894656E+02,    5.2433894656E+02,    0.0000000000E+00,    0.0000000000E+00,    0.0000000000E+00,    5.2433894656E+02
    251100,      0.676977,CP5_after_vdif,   1,    0.0000000000E+00,    5.2433894656E+02,    5.2433894656E+02,    0.0000000000E+00,    0.0000000000E+00,    0.0000000000E+00,    5.2433894656E+02
    251100,      0.676977,CP6_after_kinetics,   1,    0.0000000000E+00,    5.2433894656E+02,    5.2433894656E+02,    0.0000000000E+00,    0.0000000000E+00,    0.0000000000E+00,    5.2433894656E+02
    251100,      0.676977,CP7_after_upper_clamp,   1,    0.0000000000E+00,    5.2433894656E+02,    5.2433894656E+02,    0.0000000000E+00,    0.0000000000E+00,    0.0000000000E+00,    5.2433894656E+02
    251100,      0.676977,CP8_after_OBC,   1,    0.0000000000E+00,    5.2433894656E+02,    5.2433894656E+02,    0.0000000000E+00,    0.0000000000E+00,    0.0000000000E+00,    5.2433894656E+02
    251100,      0.676977,CP9_after_PTsource,   1,    0.0000000000E+00,    5.2433894656E+02,    5.2433894656E+02,    0.0000000000E+00,    0.0000000000E+00,    0.0000000000E+00,    5.2433894656E+02
    251100,      0.676977,CP10_after_neg_clamp,   1,    0.0000000000E+00,    5.2433894656E+02,    5.2433894656E+02,    0.0000000000E+00,    0.0000000000E+00,    0.0000000000E+00,    5.2433894656E+02
    251100,      0.676977,CP11_after_MPI,   1,    0.0000000000E+00,    5.2433894656E+02,    5.2433894656E+02,    0.0000000000E+00,    0.0000000000E+00,    0.0000000000E+00,    5.2433894656E+02
    251100,      0.676977,CP12_end,   1,    0.0000000000E+00,    5.2433894656E+02,    5.2433894656E+02,    0.0000000000E+00,    0.0000000000E+00,    0.0000000000E+00,    5.2433894656E+02
    251150,      0.676977,CP0_start,   1,    0.0000000000E+00,    5.2450333479E+02,    5.2450333479E+02,    0.0000000000E+00,    0.0000000000E+00,    0.0000000000E+00,    5.2450333479E+02
    251150,      0.676977,CP1_after_deposition,   1,    0.0000000000E+00,    5.2450333479E+02,    5.2450333479E+02,    0.0000000000E+00,    0.0000000000E+00,    0.0000000000E+00,    5.2450333479E+02
    251150,      0.676977,CP2_after_erosion,   1,    0.0000000000E+00,    5.2450333479E+02,    5.2450333479E+02,    0.0000000000E+00,    0.0000000000E+00,    0.0000000000E+00,    5.2450333479E+02
    251150,      0.676977,CP3_after_update_bottom,   1,    0.0000000000E+00,    5.2450333479E+02,    5.2450333479E+02,    0.0000000000E+00,    0.0000000000E+00,    0.0000000000E+00,    5.2450333479E+02
    251150,      0.676977,CP4_after_advection,   1,    0.0000000000E+00,    5.2450177049E+02,    5.2450177049E+02,    0.0000000000E+00,    0.0000000000E+00,    0.0000000000E+00,    5.2450177049E+02
    251150,      0.676977,CP5_after_vdif,   1,    0.0000000000E+00,    5.2450177049E+02,    5.2450177049E+02,    0.0000000000E+00,    0.0000000000E+00,    0.0000000000E+00,    5.2450177049E+02
    251150,      0.676977,CP6_after_kinetics,   1,    0.0000000000E+00,    5.2450177049E+02,    5.2450177049E+02,    0.0000000000E+00,    0.0000000000E+00,    0.0000000000E+00,    5.2450177049E+02
    251150,      0.676977,CP7_after_upper_clamp,   1,    0.0000000000E+00,    5.2450177049E+02,    5.2450177049E+02,    0.0000000000E+00,    0.0000000000E+00,    0.0000000000E+00,    5.2450177049E+02
    251150,      0.676977,CP8_after_OBC,   1,    0.0000000000E+00,    5.2450177049E+02,    5.2450177049E+02,    0.0000000000E+00,    0.0000000000E+00,    0.0000000000E+00,    5.2450177049E+02
    251150,      0.676977,CP9_after_PTsource,   1,    0.0000000000E+00,    5.2450177049E+02,    5.2450177049E+02,    0.0000000000E+00,    0.0000000000E+00,    0.0000000000E+00,    5.2450177049E+02
    251150,      0.676977,CP10_after_neg_clamp,   1,    0.0000000000E+00,    5.2450177049E+02,    5.2450177049E+02,    0.0000000000E+00,    0.0000000000E+00,    0.0000000000E+00,    5.2450177049E+02
    251150,      0.676977,CP11_after_MPI,   1,    0.0000000000E+00,    5.2450177049E+02,    5.2450177049E+02,    0.0000000000E+00,    0.0000000000E+00,    0.0000000000E+00,    5.2450177049E+02
    251150,      0.676977,CP12_end,   1,    0.0000000000E+00,    5.2450177049E+02,    5.2450177049E+02,    0.0000000000E+00,    0.0000000000E+00,    0.0000000000E+00,    5.2450177049E+02
    251200,      0.676977,CP0_start,   1,    0.0000000000E+00,    5.2466964883E+02,    5.2466964883E+02,    0.0000000000E+00,    0.0000000000E+00,    0.0000000000E+00,    5.2466964883E+02
    251200,      0.676977,CP1_after_deposition,   1,    0.0000000000E+00,    5.2466964883E+02,    5.2466964883E+02,    0.0000000000E+00,    0.0000000000E+00,    0.0000000000E+00,    5.2466964883E+02
    251200,      0.676977,CP2_after_erosion,   1,    0.0000000000E+00,    5.2466964883E+02,    5.2466964883E+02,    0.0000000000E+00,    0.0000000000E+00,    0.0000000000E+00,    5.2466964883E+02
    251200,      0.676977,CP3_after_update_bottom,   1,    0.0000000000E+00,    5.2466964883E+02,    5.2466964883E+02,    0.0000000000E+00,    0.0000000000E+00,    0.0000000000E+00,    5.2466964883E+02
    251200,      0.676977,CP4_after_advection,   1,    0.0000000000E+00,    5.2466863211E+02,    5.2466863211E+02,    0.0000000000E+00,    0.0000000000E+00,    0.0000000000E+00,    5.2466863211E+02
    251200,      0.676977,CP5_after_vdif,   1,    0.0000000000E+00,    5.2466863211E+02,    5.2466863211E+02,    0.0000000000E+00,    0.0000000000E+00,    0.0000000000E+00,    5.2466863211E+02
    251200,      0.676977,CP6_after_kinetics,   1,    0.0000000000E+00,    5.2466863211E+02,    5.2466863211E+02,    0.0000000000E+00,    0.0000000000E+00,    0.0000000000E+00,    5.2466863211E+02
    251200,      0.676977,CP7_after_upper_clamp,   1,    0.0000000000E+00,    5.2466863211E+02,    5.2466863211E+02,    0.0000000000E+00,    0.0000000000E+00,    0.0000000000E+00,    5.2466863211E+02
    251200,      0.676977,CP8_after_OBC,   1,    0.0000000000E+00,    5.2466863211E+02,    5.2466863211E+02,    0.0000000000E+00,    0.0000000000E+00,    0.0000000000E+00,    5.2466863211E+02
    251200,      0.676977,CP9_after_PTsource,   1,    0.0000000000E+00,    5.2466863211E+02,    5.2466863211E+02,    0.0000000000E+00,    0.0000000000E+00,    0.0000000000E+00,    5.2466863211E+02
    251200,      0.676977,CP10_after_neg_clamp,   1,    0.0000000000E+00,    5.2466863211E+02,    5.2466863211E+02,    0.0000000000E+00,    0.0000000000E+00,    0.0000000000E+00,    5.2466863211E+02
    251200,      0.676977,CP11_after_MPI,   1,    0.0000000000E+00,    5.2466863211E+02,    5.2466863211E+02,    0.0000000000E+00,    0.0000000000E+00,    0.0000000000E+00,    5.2466863211E+02
    251200,      0.676977,CP12_end,   1,    0.0000000000E+00,    5.2466863211E+02,    5.2466863211E+02,    0.0000000000E+00,    0.0000000000E+00,    0.0000000000E+00,    5.2466863211E+02
    251250,      0.676977,CP0_start,   1,    0.0000000000E+00,    5.2484010429E+02,    5.2484010429E+02,    0.0000000000E+00,    0.0000000000E+00,    0.0000000000E+00,    5.2484010429E+02
    251250,      0.676977,CP1_after_deposition,   1,    0.0000000000E+00,    5.2484010429E+02,    5.2484010429E+02,    0.0000000000E+00,    0.0000000000E+00,    0.0000000000E+00,    5.2484010429E+02
    251250,      0.676977,CP2_after_erosion,   1,    0.0000000000E+00,    5.2484010429E+02,    5.2484010429E+02,    0.0000000000E+00,    0.0000000000E+00,    0.0000000000E+00,    5.2484010429E+02
    251250,      0.676977,CP3_after_update_bottom,   1,    0.0000000000E+00,    5.2484010429E+02,    5.2484010429E+02,    0.0000000000E+00,    0.0000000000E+00,    0.0000000000E+00,    5.2484010429E+02
    251250,      0.676977,CP4_after_advection,   1,    0.0000000000E+00,    5.2483963721E+02,    5.2483963721E+02,    0.0000000000E+00,    0.0000000000E+00,    0.0000000000E+00,    5.2483963721E+02
    251250,      0.676977,CP5_after_vdif,   1,    0.0000000000E+00,    5.2483963721E+02,    5.2483963721E+02,    0.0000000000E+00,    0.0000000000E+00,    0.0000000000E+00,    5.2483963721E+02
    251250,      0.676977,CP6_after_kinetics,   1,    0.0000000000E+00,    5.2483963721E+02,    5.2483963721E+02,    0.0000000000E+00,    0.0000000000E+00,    0.0000000000E+00,    5.2483963721E+02
    251250,      0.676977,CP7_after_upper_clamp,   1,    0.0000000000E+00,    5.2483963721E+02,    5.2483963721E+02,    0.0000000000E+00,    0.0000000000E+00,    0.0000000000E+00,    5.2483963721E+02
    251250,      0.676977,CP8_after_OBC,   1,    0.0000000000E+00,    5.2483963721E+02,    5.2483963721E+02,    0.0000000000E+00,    0.0000000000E+00,    0.0000000000E+00,    5.2483963721E+02
    251250,      0.676977,CP9_after_PTsource,   1,    0.0000000000E+00,    5.2483963721E+02,    5.2483963721E+02,    0.0000000000E+00,    0.0000000000E+00,    0.0000000000E+00,    5.2483963721E+02
    251250,      0.676977,CP10_after_neg_clamp,   1,    0.0000000000E+00,    5.2483963721E+02,    5.2483963721E+02,    0.0000000000E+00,    0.0000000000E+00,    0.0000000000E+00,    5.2483963721E+02
    251250,      0.676977,CP11_after_MPI,   1,    0.0000000000E+00,    5.2483963721E+02,    5.2483963721E+02,    0.0000000000E+00,    0.0000000000E+00,    0.0000000000E+00,    5.2483963721E+02
    251250,      0.676977,CP12_end,   1,    0.0000000000E+00,    5.2483963721E+02,    5.2483963721E+02,    0.0000000000E+00,    0.0000000000E+00,    0.0000000000E+00,    5.2483963721E+02
    251300,      0.676977,CP0_start,   1,    0.0000000000E+00,    5.2501480666E+02,    5.2501480666E+02,    0.0000000000E+00,    0.0000000000E+00,    0.0000000000E+00,    5.2501480666E+02
    251300,      0.676977,CP1_after_deposition,   1,    0.0000000000E+00,    5.2501480666E+02,    5.2501480666E+02,    0.0000000000E+00,    0.0000000000E+00,    0.0000000000E+00,    5.2501480666E+02
    251300,      0.676977,CP2_after_erosion,   1,    0.0000000000E+00,    5.2501480666E+02,    5.2501480666E+02,    0.0000000000E+00,    0.0000000000E+00,    0.0000000000E+00,    5.2501480666E+02
    251300,      0.676977,CP3_after_update_bottom,   1,    0.0000000000E+00,    5.2501480666E+02,    5.2501480666E+02,    0.0000000000E+00,    0.0000000000E+00,    0.0000000000E+00,    5.2501480666E+02
    251300,      0.676977,CP4_after_advection,   1,    0.0000000000E+00,    5.2501489196E+02,    5.2501489196E+02,    0.0000000000E+00,    0.0000000000E+00,    0.0000000000E+00,    5.2501489196E+02
    251300,      0.676977,CP5_after_vdif,   1,    0.0000000000E+00,    5.2501489196E+02,    5.2501489196E+02,    0.0000000000E+00,    0.0000000000E+00,    0.0000000000E+00,    5.2501489196E+02
    251300,      0.676977,CP6_after_kinetics,   1,    0.0000000000E+00,    5.2501489196E+02,    5.2501489196E+02,    0.0000000000E+00,    0.0000000000E+00,    0.0000000000E+00,    5.2501489196E+02
    251300,      0.676977,CP7_after_upper_clamp,   1,    0.0000000000E+00,    5.2501489196E+02,    5.2501489196E+02,    0.0000000000E+00,    0.0000000000E+00,    0.0000000000E+00,    5.2501489196E+02
    251300,      0.676977,CP8_after_OBC,   1,    0.0000000000E+00,    5.2501489196E+02,    5.2501489196E+02,    0.0000000000E+00,    0.0000000000E+00,    0.0000000000E+00,    5.2501489196E+02
    251300,      0.676977,CP9_after_PTsource,   1,    0.0000000000E+00,    5.2501489196E+02,    5.2501489196E+02,    0.0000000000E+00,    0.0000000000E+00,    0.0000000000E+00,    5.2501489196E+02
    251300,      0.676977,CP10_after_neg_clamp,   1,    0.0000000000E+00,    5.2501489196E+02,    5.2501489196E+02,    0.0000000000E+00,    0.0000000000E+00,    0.0000000000E+00,    5.2501489196E+02
    251300,      0.676977,CP11_after_MPI,   1,    0.0000000000E+00,    5.2501489196E+02,    5.2501489196E+02,    0.0000000000E+00,    0.0000000000E+00,    0.0000000000E+00,    5.2501489196E+02
    251300,      0.676977,CP12_end,   1,    0.0000000000E+00,    5.2501489196E+02,    5.2501489196E+02,    0.0000000000E+00,    0.0000000000E+00,    0.0000000000E+00,    5.2501489196E+02
    251350,      0.676977,CP0_start,   1,    0.0000000000E+00,    5.2519345756E+02,    5.2519345756E+02,    0.0000000000E+00,    0.0000000000E+00,    0.0000000000E+00,    5.2519345756E+02
    251350,      0.676977,CP1_after_deposition,   1,    0.0000000000E+00,    5.2519345756E+02,    5.2519345756E+02,    0.0000000000E+00,    0.0000000000E+00,    0.0000000000E+00,    5.2519345756E+02
    251350,      0.676977,CP2_after_erosion,   1,    0.0000000000E+00,    5.2519345756E+02,    5.2519345756E+02,    0.0000000000E+00,    0.0000000000E+00,    0.0000000000E+00,    5.2519345756E+02
    251350,      0.676977,CP3_after_update_bottom,   1,    0.0000000000E+00,    5.2519345756E+02,    5.2519345756E+02,    0.0000000000E+00,    0.0000000000E+00,    0.0000000000E+00,    5.2519345756E+02
    251350,      0.676977,CP4_after_advection,   1,    0.0000000000E+00,    5.2519409287E+02,    5.2519409287E+02,    0.0000000000E+00,    0.0000000000E+00,    0.0000000000E+00,    5.2519409287E+02
    251350,      0.676977,CP5_after_vdif,   1,    0.0000000000E+00,    5.2519409287E+02,    5.2519409287E+02,    0.0000000000E+00,    0.0000000000E+00,    0.0000000000E+00,    5.2519409287E+02
    251350,      0.676977,CP6_after_kinetics,   1,    0.0000000000E+00,    5.2519409287E+02,    5.2519409287E+02,    0.0000000000E+00,    0.0000000000E+00,    0.0000000000E+00,    5.2519409287E+02
    251350,      0.676977,CP7_after_upper_clamp,   1,    0.0000000000E+00,    5.2519409287E+02,    5.2519409287E+02,    0.0000000000E+00,    0.0000000000E+00,    0.0000000000E+00,    5.2519409287E+02
    251350,      0.676977,CP8_after_OBC,   1,    0.0000000000E+00,    5.2519409287E+02,    5.2519409287E+02,    0.0000000000E+00,    0.0000000000E+00,    0.0000000000E+00,    5.2519409287E+02
    251350,      0.676977,CP9_after_PTsource,   1,    0.0000000000E+00,    5.2519409287E+02,    5.2519409287E+02,    0.0000000000E+00,    0.0000000000E+00,    0.0000000000E+00,    5.2519409287E+02
    251350,      0.676977,CP10_after_neg_clamp,   1,    0.0000000000E+00,    5.2519409287E+02,    5.2519409287E+02,    0.0000000000E+00,    0.0000000000E+00,    0.0000000000E+00,    5.2519409287E+02
    251350,      0.676977,CP11_after_MPI,   1,    0.0000000000E+00,    5.2519409287E+02,    5.2519409287E+02,    0.0000000000E+00,    0.0000000000E+00,    0.0000000000E+00,    5.2519409287E+02
    251350,      0.676977,CP12_end,   1,    0.0000000000E+00,    5.2519409287E+02,    5.2519409287E+02,    0.0000000000E+00,    0.0000000000E+00,    0.0000000000E+00,    5.2519409287E+02
    251400,      0.676977,CP0_start,   1,    0.0000000000E+00,    5.2537532155E+02,    5.2537532155E+02,    0.0000000000E+00,    0.0000000000E+00,    0.0000000000E+00,    5.2537532155E+02
    251400,      0.676977,CP1_after_deposition,   1,    0.0000000000E+00,    5.2537532155E+02,    5.2537532155E+02,    0.0000000000E+00,    0.0000000000E+00,    0.0000000000E+00,    5.2537532155E+02
    251400,      0.676977,CP2_after_erosion,   1,    0.0000000000E+00,    5.2537532155E+02,    5.2537532155E+02,    0.0000000000E+00,    0.0000000000E+00,    0.0000000000E+00,    5.2537532155E+02
    251400,      0.676977,CP3_after_update_bottom,   1,    0.0000000000E+00,    5.2537532155E+02,    5.2537532155E+02,    0.0000000000E+00,    0.0000000000E+00,    0.0000000000E+00,    5.2537532155E+02
    251400,      0.676977,CP4_after_advection,   1,    0.0000000000E+00,    5.2537650239E+02,    5.2537650239E+02,    0.0000000000E+00,    0.0000000000E+00,    0.0000000000E+00,    5.2537650239E+02
    251400,      0.676977,CP5_after_vdif,   1,    0.0000000000E+00,    5.2537650239E+02,    5.2537650239E+02,    0.0000000000E+00,    0.0000000000E+00,    0.0000000000E+00,    5.2537650239E+02
    251400,      0.676977,CP6_after_kinetics,   1,    0.0000000000E+00,    5.2537650239E+02,    5.2537650239E+02,    0.0000000000E+00,    0.0000000000E+00,    0.0000000000E+00,    5.2537650239E+02
    251400,      0.676977,CP7_after_upper_clamp,   1,    0.0000000000E+00,    5.2537650239E+02,    5.2537650239E+02,    0.0000000000E+00,    0.0000000000E+00,    0.0000000000E+00,    5.2537650239E+02
    251400,      0.676977,CP8_after_OBC,   1,    0.0000000000E+00,    5.2537650239E+02,    5.2537650239E+02,    0.0000000000E+00,    0.0000000000E+00,    0.0000000000E+00,    5.2537650239E+02
    251400,      0.676977,CP9_after_PTsource,   1,    0.0000000000E+00,    5.2537650239E+02,    5.2537650239E+02,    0.0000000000E+00,    0.0000000000E+00,    0.0000000000E+00,    5.2537650239E+02
    251400,      0.676977,CP10_after_neg_clamp,   1,    0.0000000000E+00,    5.2537650239E+02,    5.2537650239E+02,    0.0000000000E+00,    0.0000000000E+00,    0.0000000000E+00,    5.2537650239E+02
    251400,      0.676977,CP11_after_MPI,   1,    0.0000000000E+00,    5.2537650239E+02,    5.2537650239E+02,    0.0000000000E+00,    0.0000000000E+00,    0.0000000000E+00,    5.2537650239E+02
    251400,      0.676977,CP12_end,   1,    0.0000000000E+00,    5.2537650239E+02,    5.2537650239E+02,    0.0000000000E+00,    0.0000000000E+00,    0.0000000000E+00,    5.2537650239E+02
    251450,      0.676977,CP0_start,   1,    0.0000000000E+00,    5.2555959216E+02,    5.2555959216E+02,    0.0000000000E+00,    0.0000000000E+00,    0.0000000000E+00,    5.2555959216E+02
    251450,      0.676977,CP1_after_deposition,   1,    0.0000000000E+00,    5.2555959216E+02,    5.2555959216E+02,    0.0000000000E+00,    0.0000000000E+00,    0.0000000000E+00,    5.2555959216E+02
    251450,      0.676977,CP2_after_erosion,   1,    0.0000000000E+00,    5.2555959216E+02,    5.2555959216E+02,    0.0000000000E+00,    0.0000000000E+00,    0.0000000000E+00,    5.2555959216E+02
    251450,      0.676977,CP3_after_update_bottom,   1,    0.0000000000E+00,    5.2555959216E+02,    5.2555959216E+02,    0.0000000000E+00,    0.0000000000E+00,    0.0000000000E+00,    5.2555959216E+02
    251450,      0.676977,CP4_after_advection,   1,    0.0000000000E+00,    5.2556130069E+02,    5.2556130069E+02,    0.0000000000E+00,    0.0000000000E+00,    0.0000000000E+00,    5.2556130069E+02
    251450,      0.676977,CP5_after_vdif,   1,    0.0000000000E+00,    5.2556130069E+02,    5.2556130069E+02,    0.0000000000E+00,    0.0000000000E+00,    0.0000000000E+00,    5.2556130069E+02
    251450,      0.676977,CP6_after_kinetics,   1,    0.0000000000E+00,    5.2556130069E+02,    5.2556130069E+02,    0.0000000000E+00,    0.0000000000E+00,    0.0000000000E+00,    5.2556130069E+02
    251450,      0.676977,CP7_after_upper_clamp,   1,    0.0000000000E+00,    5.2556130069E+02,    5.2556130069E+02,    0.0000000000E+00,    0.0000000000E+00,    0.0000000000E+00,    5.2556130069E+02
    251450,      0.676977,CP8_after_OBC,   1,    0.0000000000E+00,    5.2556130069E+02,    5.2556130069E+02,    0.0000000000E+00,    0.0000000000E+00,    0.0000000000E+00,    5.2556130069E+02
    251450,      0.676977,CP9_after_PTsource,   1,    0.0000000000E+00,    5.2556130069E+02,    5.2556130069E+02,    0.0000000000E+00,    0.0000000000E+00,    0.0000000000E+00,    5.2556130069E+02
    251450,      0.676977,CP10_after_neg_clamp,   1,    0.0000000000E+00,    5.2556130069E+02,    5.2556130069E+02,    0.0000000000E+00,    0.0000000000E+00,    0.0000000000E+00,    5.2556130069E+02
    251450,      0.676977,CP11_after_MPI,   1,    0.0000000000E+00,    5.2556130069E+02,    5.2556130069E+02,    0.0000000000E+00,    0.0000000000E+00,    0.0000000000E+00,    5.2556130069E+02
    251450,      0.676977,CP12_end,   1,    0.0000000000E+00,    5.2556130069E+02,    5.2556130069E+02,    0.0000000000E+00,    0.0000000000E+00,    0.0000000000E+00,    5.2556130069E+02
    251500,      0.676977,CP0_start,   1,    0.0000000000E+00,    5.2574611503E+02,    5.2574611503E+02,    0.0000000000E+00,    0.0000000000E+00,    0.0000000000E+00,    5.2574611503E+02
    251500,      0.676977,CP1_after_deposition,   1,    0.0000000000E+00,    5.2574611503E+02,    5.2574611503E+02,    0.0000000000E+00,    0.0000000000E+00,    0.0000000000E+00,    5.2574611503E+02
    251500,      0.676977,CP2_after_erosion,   1,    0.0000000000E+00,    5.2574611503E+02,    5.2574611503E+02,    0.0000000000E+00,    0.0000000000E+00,    0.0000000000E+00,    5.2574611503E+02
    251500,      0.676977,CP3_after_update_bottom,   1,    0.0000000000E+00,    5.2574611503E+02,    5.2574611503E+02,    0.0000000000E+00,    0.0000000000E+00,    0.0000000000E+00,    5.2574611503E+02
    251500,      0.676977,CP4_after_advection,   1,    0.0000000000E+00,    5.2574837740E+02,    5.2574837740E+02,    0.0000000000E+00,    0.0000000000E+00,    0.0000000000E+00,    5.2574837740E+02
    251500,      0.676977,CP5_after_vdif,   1,    0.0000000000E+00,    5.2574837740E+02,    5.2574837740E+02,    0.0000000000E+00,    0.0000000000E+00,    0.0000000000E+00,    5.2574837740E+02
    251500,      0.676977,CP6_after_kinetics,   1,    0.0000000000E+00,    5.2574837740E+02,    5.2574837740E+02,    0.0000000000E+00,    0.0000000000E+00,    0.0000000000E+00,    5.2574837740E+02
    251500,      0.676977,CP7_after_upper_clamp,   1,    0.0000000000E+00,    5.2574837740E+02,    5.2574837740E+02,    0.0000000000E+00,    0.0000000000E+00,    0.0000000000E+00,    5.2574837740E+02
    251500,      0.676977,CP8_after_OBC,   1,    0.0000000000E+00,    5.2574837740E+02,    5.2574837740E+02,    0.0000000000E+00,    0.0000000000E+00,    0.0000000000E+00,    5.2574837740E+02
    251500,      0.676977,CP9_after_PTsource,   1,    0.0000000000E+00,    5.2574837740E+02,    5.2574837740E+02,    0.0000000000E+00,    0.0000000000E+00,    0.0000000000E+00,    5.2574837740E+02
    251500,      0.676977,CP10_after_neg_clamp,   1,    0.0000000000E+00,    5.2574837740E+02,    5.2574837740E+02,    0.0000000000E+00,    0.0000000000E+00,    0.0000000000E+00,    5.2574837740E+02
    251500,      0.676977,CP11_after_MPI,   1,    0.0000000000E+00,    5.2574837740E+02,    5.2574837740E+02,    0.0000000000E+00,    0.0000000000E+00,    0.0000000000E+00,    5.2574837740E+02
    251500,      0.676977,CP12_end,   1,    0.0000000000E+00,    5.2574837740E+02,    5.2574837740E+02,    0.0000000000E+00,    0.0000000000E+00,    0.0000000000E+00,    5.2574837740E+02
    251550,      0.676977,CP0_start,   1,    0.0000000000E+00,    5.2593592266E+02,    5.2593592266E+02,    0.0000000000E+00,    0.0000000000E+00,    0.0000000000E+00,    5.2593592266E+02
    251550,      0.676977,CP1_after_deposition,   1,    0.0000000000E+00,    5.2593592266E+02,    5.2593592266E+02,    0.0000000000E+00,    0.0000000000E+00,    0.0000000000E+00,    5.2593592266E+02
    251550,      0.676977,CP2_after_erosion,   1,    0.0000000000E+00,    5.2593592266E+02,    5.2593592266E+02,    0.0000000000E+00,    0.0000000000E+00,    0.0000000000E+00,    5.2593592266E+02
    251550,      0.676977,CP3_after_update_bottom,   1,    0.0000000000E+00,    5.2593592266E+02,    5.2593592266E+02,    0.0000000000E+00,    0.0000000000E+00,    0.0000000000E+00,    5.2593592266E+02
    251550,      0.676977,CP4_after_advection,   1,    0.0000000000E+00,    5.2593876725E+02,    5.2593876725E+02,    0.0000000000E+00,    0.0000000000E+00,    0.0000000000E+00,    5.2593876725E+02
    251550,      0.676977,CP5_after_vdif,   1,    0.0000000000E+00,    5.2593876725E+02,    5.2593876725E+02,    0.0000000000E+00,    0.0000000000E+00,    0.0000000000E+00,    5.2593876725E+02
    251550,      0.676977,CP6_after_kinetics,   1,    0.0000000000E+00,    5.2593876725E+02,    5.2593876725E+02,    0.0000000000E+00,    0.0000000000E+00,    0.0000000000E+00,    5.2593876725E+02
    251550,      0.676977,CP7_after_upper_clamp,   1,    0.0000000000E+00,    5.2593876725E+02,    5.2593876725E+02,    0.0000000000E+00,    0.0000000000E+00,    0.0000000000E+00,    5.2593876725E+02
    251550,      0.676977,CP8_after_OBC,   1,    0.0000000000E+00,    5.2593876725E+02,    5.2593876725E+02,    0.0000000000E+00,    0.0000000000E+00,    0.0000000000E+00,    5.2593876725E+02
    251550,      0.676977,CP9_after_PTsource,   1,    0.0000000000E+00,    5.2593876725E+02,    5.2593876725E+02,    0.0000000000E+00,    0.0000000000E+00,    0.0000000000E+00,    5.2593876725E+02
    251550,      0.676977,CP10_after_neg_clamp,   1,    0.0000000000E+00,    5.2593876725E+02,    5.2593876725E+02,    0.0000000000E+00,    0.0000000000E+00,    0.0000000000E+00,    5.2593876725E+02
    251550,      0.676977,CP11_after_MPI,   1,    0.0000000000E+00,    5.2593876725E+02,    5.2593876725E+02,    0.0000000000E+00,    0.0000000000E+00,    0.0000000000E+00,    5.2593876725E+02
    251550,      0.676977,CP12_end,   1,    0.0000000000E+00,    5.2593876725E+02,    5.2593876725E+02,    0.0000000000E+00,    0.0000000000E+00,    0.0000000000E+00,    5.2593876725E+02
    251600,      0.676977,CP0_start,   1,    0.0000000000E+00,    5.2613041035E+02,    5.2613041035E+02,    0.0000000000E+00,    0.0000000000E+00,    0.0000000000E+00,    5.2613041035E+02
    251600,      0.676977,CP1_after_deposition,   1,    0.0000000000E+00,    5.2613041035E+02,    5.2613041035E+02,    0.0000000000E+00,    0.0000000000E+00,    0.0000000000E+00,    5.2613041035E+02
    251600,      0.676977,CP2_after_erosion,   1,    0.0000000000E+00,    5.2613041035E+02,    5.2613041035E+02,    0.0000000000E+00,    0.0000000000E+00,    0.0000000000E+00,    5.2613041035E+02
    251600,      0.676977,CP3_after_update_bottom,   1,    0.0000000000E+00,    5.2613041035E+02,    5.2613041035E+02,    0.0000000000E+00,    0.0000000000E+00,    0.0000000000E+00,    5.2613041035E+02
    251600,      0.676977,CP4_after_advection,   1,    0.0000000000E+00,    5.2613386053E+02,    5.2613386053E+02,    0.0000000000E+00,    0.0000000000E+00,    0.0000000000E+00,    5.2613386053E+02
    251600,      0.676977,CP5_after_vdif,   1,    0.0000000000E+00,    5.2613386053E+02,    5.2613386053E+02,    0.0000000000E+00,    0.0000000000E+00,    0.0000000000E+00,    5.2613386053E+02
    251600,      0.676977,CP6_after_kinetics,   1,    0.0000000000E+00,    5.2613386053E+02,    5.2613386053E+02,    0.0000000000E+00,    0.0000000000E+00,    0.0000000000E+00,    5.2613386053E+02
    251600,      0.676977,CP7_after_upper_clamp,   1,    0.0000000000E+00,    5.2613386053E+02,    5.2613386053E+02,    0.0000000000E+00,    0.0000000000E+00,    0.0000000000E+00,    5.2613386053E+02
    251600,      0.676977,CP8_after_OBC,   1,    0.0000000000E+00,    5.2613386053E+02,    5.2613386053E+02,    0.0000000000E+00,    0.0000000000E+00,    0.0000000000E+00,    5.2613386053E+02
    251600,      0.676977,CP9_after_PTsource,   1,    0.0000000000E+00,    5.2613386053E+02,    5.2613386053E+02,    0.0000000000E+00,    0.0000000000E+00,    0.0000000000E+00,    5.2613386053E+02
    251600,      0.676977,CP10_after_neg_clamp,   1,    0.0000000000E+00,    5.2613386053E+02,    5.2613386053E+02,    0.0000000000E+00,    0.0000000000E+00,    0.0000000000E+00,    5.2613386053E+02
    251600,      0.676977,CP11_after_MPI,   1,    0.0000000000E+00,    5.2613386053E+02,    5.2613386053E+02,    0.0000000000E+00,    0.0000000000E+00,    0.0000000000E+00,    5.2613386053E+02
    251600,      0.676977,CP12_end,   1,    0.0000000000E+00,    5.2613386053E+02,    5.2613386053E+02,    0.0000000000E+00,    0.0000000000E+00,    0.0000000000E+00,    5.2613386053E+02
    251650,      0.676977,CP0_start,   1,    0.0000000000E+00,    5.2632993189E+02,    5.2632993189E+02,    0.0000000000E+00,    0.0000000000E+00,    0.0000000000E+00,    5.2632993189E+02
    251650,      0.676977,CP1_after_deposition,   1,    0.0000000000E+00,    5.2632993189E+02,    5.2632993189E+02,    0.0000000000E+00,    0.0000000000E+00,    0.0000000000E+00,    5.2632993189E+02
    251650,      0.676977,CP2_after_erosion,   1,    0.0000000000E+00,    5.2632993189E+02,    5.2632993189E+02,    0.0000000000E+00,    0.0000000000E+00,    0.0000000000E+00,    5.2632993189E+02
    251650,      0.676977,CP3_after_update_bottom,   1,    0.0000000000E+00,    5.2632993189E+02,    5.2632993189E+02,    0.0000000000E+00,    0.0000000000E+00,    0.0000000000E+00,    5.2632993189E+02
    251650,      0.676977,CP4_after_advection,   1,    0.0000000000E+00,    5.2633398000E+02,    5.2633398000E+02,    0.0000000000E+00,    0.0000000000E+00,    0.0000000000E+00,    5.2633398000E+02
    251650,      0.676977,CP5_after_vdif,   1,    0.0000000000E+00,    5.2633398000E+02,    5.2633398000E+02,    0.0000000000E+00,    0.0000000000E+00,    0.0000000000E+00,    5.2633398000E+02
    251650,      0.676977,CP6_after_kinetics,   1,    0.0000000000E+00,    5.2633398000E+02,    5.2633398000E+02,    0.0000000000E+00,    0.0000000000E+00,    0.0000000000E+00,    5.2633398000E+02
    251650,      0.676977,CP7_after_upper_clamp,   1,    0.0000000000E+00,    5.2633398000E+02,    5.2633398000E+02,    0.0000000000E+00,    0.0000000000E+00,    0.0000000000E+00,    5.2633398000E+02
    251650,      0.676977,CP8_after_OBC,   1,    0.0000000000E+00,    5.2633398000E+02,    5.2633398000E+02,    0.0000000000E+00,    0.0000000000E+00,    0.0000000000E+00,    5.2633398000E+02
    251650,      0.676977,CP9_after_PTsource,   1,    0.0000000000E+00,    5.2633398000E+02,    5.2633398000E+02,    0.0000000000E+00,    0.0000000000E+00,    0.0000000000E+00,    5.2633398000E+02
    251650,      0.676977,CP10_after_neg_clamp,   1,    0.0000000000E+00,    5.2633398000E+02,    5.2633398000E+02,    0.0000000000E+00,    0.0000000000E+00,    0.0000000000E+00,    5.2633398000E+02
    251650,      0.676977,CP11_after_MPI,   1,    0.0000000000E+00,    5.2633398000E+02,    5.2633398000E+02,    0.0000000000E+00,    0.0000000000E+00,    0.0000000000E+00,    5.2633398000E+02
    251650,      0.676977,CP12_end,   1,    0.0000000000E+00,    5.2633398000E+02,    5.2633398000E+02,    0.0000000000E+00,    0.0000000000E+00,    0.0000000000E+00,    5.2633398000E+02
    251700,      0.676977,CP0_start,   1,    0.0000000000E+00,    5.2653229972E+02,    5.2653229972E+02,    0.0000000000E+00,    0.0000000000E+00,    0.0000000000E+00,    5.2653229972E+02
    251700,      0.676977,CP1_after_deposition,   1,    0.0000000000E+00,    5.2653229972E+02,    5.2653229972E+02,    0.0000000000E+00,    0.0000000000E+00,    0.0000000000E+00,    5.2653229972E+02
    251700,      0.676977,CP2_after_erosion,   1,    0.0000000000E+00,    5.2653229972E+02,    5.2653229972E+02,    0.0000000000E+00,    0.0000000000E+00,    0.0000000000E+00,    5.2653229972E+02
    251700,      0.676977,CP3_after_update_bottom,   1,    0.0000000000E+00,    5.2653229972E+02,    5.2653229972E+02,    0.0000000000E+00,    0.0000000000E+00,    0.0000000000E+00,    5.2653229972E+02
    251700,      0.676977,CP4_after_advection,   1,    0.0000000000E+00,    5.2653687193E+02,    5.2653687193E+02,    0.0000000000E+00,    0.0000000000E+00,    0.0000000000E+00,    5.2653687193E+02
    251700,      0.676977,CP5_after_vdif,   1,    0.0000000000E+00,    5.2653687193E+02,    5.2653687193E+02,    0.0000000000E+00,    0.0000000000E+00,    0.0000000000E+00,    5.2653687193E+02
    251700,      0.676977,CP6_after_kinetics,   1,    0.0000000000E+00,    5.2653687193E+02,    5.2653687193E+02,    0.0000000000E+00,    0.0000000000E+00,    0.0000000000E+00,    5.2653687193E+02
    251700,      0.676977,CP7_after_upper_clamp,   1,    0.0000000000E+00,    5.2653687193E+02,    5.2653687193E+02,    0.0000000000E+00,    0.0000000000E+00,    0.0000000000E+00,    5.2653687193E+02
    251700,      0.676977,CP8_after_OBC,   1,    0.0000000000E+00,    5.2653687193E+02,    5.2653687193E+02,    0.0000000000E+00,    0.0000000000E+00,    0.0000000000E+00,    5.2653687193E+02
    251700,      0.676977,CP9_after_PTsource,   1,    0.0000000000E+00,    5.2653687193E+02,    5.2653687193E+02,    0.0000000000E+00,    0.0000000000E+00,    0.0000000000E+00,    5.2653687193E+02
    251700,      0.676977,CP10_after_neg_clamp,   1,    0.0000000000E+00,    5.2653687193E+02,    5.2653687193E+02,    0.0000000000E+00,    0.0000000000E+00,    0.0000000000E+00,    5.2653687193E+02
    251700,      0.676977,CP11_after_MPI,   1,    0.0000000000E+00,    5.2653687193E+02,    5.2653687193E+02,    0.0000000000E+00,    0.0000000000E+00,    0.0000000000E+00,    5.2653687193E+02
    251700,      0.676977,CP12_end,   1,    0.0000000000E+00,    5.2653687193E+02,    5.2653687193E+02,    0.0000000000E+00,    0.0000000000E+00,    0.0000000000E+00,    5.2653687193E+02
    251750,      0.676977,CP0_start,   1,    0.0000000000E+00,    5.2673295205E+02,    5.2673295205E+02,    0.0000000000E+00,    0.0000000000E+00,    0.0000000000E+00,    5.2673295205E+02
    251750,      0.676977,CP1_after_deposition,   1,    0.0000000000E+00,    5.2673295205E+02,    5.2673295205E+02,    0.0000000000E+00,    0.0000000000E+00,    0.0000000000E+00,    5.2673295205E+02
    251750,      0.676977,CP2_after_erosion,   1,    0.0000000000E+00,    5.2673295205E+02,    5.2673295205E+02,    0.0000000000E+00,    0.0000000000E+00,    0.0000000000E+00,    5.2673295205E+02
    251750,      0.676977,CP3_after_update_bottom,   1,    0.0000000000E+00,    5.2673295205E+02,    5.2673295205E+02,    0.0000000000E+00,    0.0000000000E+00,    0.0000000000E+00,    5.2673295205E+02
    251750,      0.676977,CP4_after_advection,   1,    0.0000000000E+00,    5.2673794357E+02,    5.2673794357E+02,    0.0000000000E+00,    0.0000000000E+00,    0.0000000000E+00,    5.2673794357E+02
    251750,      0.676977,CP5_after_vdif,   1,    0.0000000000E+00,    5.2673794357E+02,    5.2673794357E+02,    0.0000000000E+00,    0.0000000000E+00,    0.0000000000E+00,    5.2673794357E+02
    251750,      0.676977,CP6_after_kinetics,   1,    0.0000000000E+00,    5.2673794357E+02,    5.2673794357E+02,    0.0000000000E+00,    0.0000000000E+00,    0.0000000000E+00,    5.2673794357E+02
    251750,      0.676977,CP7_after_upper_clamp,   1,    0.0000000000E+00,    5.2673794357E+02,    5.2673794357E+02,    0.0000000000E+00,    0.0000000000E+00,    0.0000000000E+00,    5.2673794357E+02
    251750,      0.676977,CP8_after_OBC,   1,    0.0000000000E+00,    5.2673794357E+02,    5.2673794357E+02,    0.0000000000E+00,    0.0000000000E+00,    0.0000000000E+00,    5.2673794357E+02
    251750,      0.676977,CP9_after_PTsource,   1,    0.0000000000E+00,    5.2673794357E+02,    5.2673794357E+02,    0.0000000000E+00,    0.0000000000E+00,    0.0000000000E+00,    5.2673794357E+02
    251750,      0.676977,CP10_after_neg_clamp,   1,    0.0000000000E+00,    5.2673794357E+02,    5.2673794357E+02,    0.0000000000E+00,    0.0000000000E+00,    0.0000000000E+00,    5.2673794357E+02
    251750,      0.676977,CP11_after_MPI,   1,    0.0000000000E+00,    5.2673794357E+02,    5.2673794357E+02,    0.0000000000E+00,    0.0000000000E+00,    0.0000000000E+00,    5.2673794357E+02
    251750,      0.676977,CP12_end,   1,    0.0000000000E+00,    5.2673794357E+02,    5.2673794357E+02,    0.0000000000E+00,    0.0000000000E+00,    0.0000000000E+00,    5.2673794357E+02
    251800,      0.676977,CP0_start,   1,    0.0000000000E+00,    5.2692640681E+02,    5.2692640681E+02,    0.0000000000E+00,    0.0000000000E+00,    0.0000000000E+00,    5.2692640681E+02
    251800,      0.676977,CP1_after_deposition,   1,    0.0000000000E+00,    5.2692640681E+02,    5.2692640681E+02,    0.0000000000E+00,    0.0000000000E+00,    0.0000000000E+00,    5.2692640681E+02
    251800,      0.676977,CP2_after_erosion,   1,    0.0000000000E+00,    5.2692640681E+02,    5.2692640681E+02,    0.0000000000E+00,    0.0000000000E+00,    0.0000000000E+00,    5.2692640681E+02
    251800,      0.676977,CP3_after_update_bottom,   1,    0.0000000000E+00,    5.2692640681E+02,    5.2692640681E+02,    0.0000000000E+00,    0.0000000000E+00,    0.0000000000E+00,    5.2692640681E+02
    251800,      0.676977,CP4_after_advection,   1,    0.0000000000E+00,    5.2693171228E+02,    5.2693171228E+02,    0.0000000000E+00,    0.0000000000E+00,    0.0000000000E+00,    5.2693171228E+02
    251800,      0.676977,CP5_after_vdif,   1,    0.0000000000E+00,    5.2693171228E+02,    5.2693171228E+02,    0.0000000000E+00,    0.0000000000E+00,    0.0000000000E+00,    5.2693171228E+02
    251800,      0.676977,CP6_after_kinetics,   1,    0.0000000000E+00,    5.2693171228E+02,    5.2693171228E+02,    0.0000000000E+00,    0.0000000000E+00,    0.0000000000E+00,    5.2693171228E+02
    251800,      0.676977,CP7_after_upper_clamp,   1,    0.0000000000E+00,    5.2693171228E+02,    5.2693171228E+02,    0.0000000000E+00,    0.0000000000E+00,    0.0000000000E+00,    5.2693171228E+02
    251800,      0.676977,CP8_after_OBC,   1,    0.0000000000E+00,    5.2693171228E+02,    5.2693171228E+02,    0.0000000000E+00,    0.0000000000E+00,    0.0000000000E+00,    5.2693171228E+02
    251800,      0.676977,CP9_after_PTsource,   1,    0.0000000000E+00,    5.2693171228E+02,    5.2693171228E+02,    0.0000000000E+00,    0.0000000000E+00,    0.0000000000E+00,    5.2693171228E+02
    251800,      0.676977,CP10_after_neg_clamp,   1,    0.0000000000E+00,    5.2693171228E+02,    5.2693171228E+02,    0.0000000000E+00,    0.0000000000E+00,    0.0000000000E+00,    5.2693171228E+02
    251800,      0.676977,CP11_after_MPI,   1,    0.0000000000E+00,    5.2693171228E+02,    5.2693171228E+02,    0.0000000000E+00,    0.0000000000E+00,    0.0000000000E+00,    5.2693171228E+02
    251800,      0.676977,CP12_end,   1,    0.0000000000E+00,    5.2693171228E+02,    5.2693171228E+02,    0.0000000000E+00,    0.0000000000E+00,    0.0000000000E+00,    5.2693171228E+02
    251850,      0.676977,CP0_start,   1,    0.0000000000E+00,    5.2710768121E+02,    5.2710768121E+02,    0.0000000000E+00,    0.0000000000E+00,    0.0000000000E+00,    5.2710768121E+02
    251850,      0.676977,CP1_after_deposition,   1,    0.0000000000E+00,    5.2710768121E+02,    5.2710768121E+02,    0.0000000000E+00,    0.0000000000E+00,    0.0000000000E+00,    5.2710768121E+02
    251850,      0.676977,CP2_after_erosion,   1,    0.0000000000E+00,    5.2710768121E+02,    5.2710768121E+02,    0.0000000000E+00,    0.0000000000E+00,    0.0000000000E+00,    5.2710768121E+02
    251850,      0.676977,CP3_after_update_bottom,   1,    0.0000000000E+00,    5.2710768121E+02,    5.2710768121E+02,    0.0000000000E+00,    0.0000000000E+00,    0.0000000000E+00,    5.2710768121E+02
    251850,      0.676977,CP4_after_advection,   1,    0.0000000000E+00,    5.2711320292E+02,    5.2711320292E+02,    0.0000000000E+00,    0.0000000000E+00,    0.0000000000E+00,    5.2711320292E+02
    251850,      0.676977,CP5_after_vdif,   1,    0.0000000000E+00,    5.2711320292E+02,    5.2711320292E+02,    0.0000000000E+00,    0.0000000000E+00,    0.0000000000E+00,    5.2711320292E+02
    251850,      0.676977,CP6_after_kinetics,   1,    0.0000000000E+00,    5.2711320292E+02,    5.2711320292E+02,    0.0000000000E+00,    0.0000000000E+00,    0.0000000000E+00,    5.2711320292E+02
    251850,      0.676977,CP7_after_upper_clamp,   1,    0.0000000000E+00,    5.2711320292E+02,    5.2711320292E+02,    0.0000000000E+00,    0.0000000000E+00,    0.0000000000E+00,    5.2711320292E+02
    251850,      0.676977,CP8_after_OBC,   1,    0.0000000000E+00,    5.2711320292E+02,    5.2711320292E+02,    0.0000000000E+00,    0.0000000000E+00,    0.0000000000E+00,    5.2711320292E+02
    251850,      0.676977,CP9_after_PTsource,   1,    0.0000000000E+00,    5.2711320292E+02,    5.2711320292E+02,    0.0000000000E+00,    0.0000000000E+00,    0.0000000000E+00,    5.2711320292E+02
    251850,      0.676977,CP10_after_neg_clamp,   1,    0.0000000000E+00,    5.2711320292E+02,    5.2711320292E+02,    0.0000000000E+00,    0.0000000000E+00,    0.0000000000E+00,    5.2711320292E+02
    251850,      0.676977,CP11_after_MPI,   1,    0.0000000000E+00,    5.2711320292E+02,    5.2711320292E+02,    0.0000000000E+00,    0.0000000000E+00,    0.0000000000E+00,    5.2711320292E+02
    251850,      0.676977,CP12_end,   1,    0.0000000000E+00,    5.2711320292E+02,    5.2711320292E+02,    0.0000000000E+00,    0.0000000000E+00,    0.0000000000E+00,    5.2711320292E+02
    251900,      0.676977,CP0_start,   1,    0.0000000000E+00,    5.2727368841E+02,    5.2727368841E+02,    0.0000000000E+00,    0.0000000000E+00,    0.0000000000E+00,    5.2727368841E+02
    251900,      0.676977,CP1_after_deposition,   1,    0.0000000000E+00,    5.2727368841E+02,    5.2727368841E+02,    0.0000000000E+00,    0.0000000000E+00,    0.0000000000E+00,    5.2727368841E+02
    251900,      0.676977,CP2_after_erosion,   1,    0.0000000000E+00,    5.2727368841E+02,    5.2727368841E+02,    0.0000000000E+00,    0.0000000000E+00,    0.0000000000E+00,    5.2727368841E+02
    251900,      0.676977,CP3_after_update_bottom,   1,    0.0000000000E+00,    5.2727368841E+02,    5.2727368841E+02,    0.0000000000E+00,    0.0000000000E+00,    0.0000000000E+00,    5.2727368841E+02
    251900,      0.676977,CP4_after_advection,   1,    0.0000000000E+00,    5.2727939547E+02,    5.2727939547E+02,    0.0000000000E+00,    0.0000000000E+00,    0.0000000000E+00,    5.2727939547E+02
    251900,      0.676977,CP5_after_vdif,   1,    0.0000000000E+00,    5.2727939547E+02,    5.2727939547E+02,    0.0000000000E+00,    0.0000000000E+00,    0.0000000000E+00,    5.2727939547E+02
    251900,      0.676977,CP6_after_kinetics,   1,    0.0000000000E+00,    5.2727939547E+02,    5.2727939547E+02,    0.0000000000E+00,    0.0000000000E+00,    0.0000000000E+00,    5.2727939547E+02
    251900,      0.676977,CP7_after_upper_clamp,   1,    0.0000000000E+00,    5.2727939547E+02,    5.2727939547E+02,    0.0000000000E+00,    0.0000000000E+00,    0.0000000000E+00,    5.2727939547E+02
    251900,      0.676977,CP8_after_OBC,   1,    0.0000000000E+00,    5.2727939547E+02,    5.2727939547E+02,    0.0000000000E+00,    0.0000000000E+00,    0.0000000000E+00,    5.2727939547E+02
    251900,      0.676977,CP9_after_PTsource,   1,    0.0000000000E+00,    5.2727939547E+02,    5.2727939547E+02,    0.0000000000E+00,    0.0000000000E+00,    0.0000000000E+00,    5.2727939547E+02
    251900,      0.676977,CP10_after_neg_clamp,   1,    0.0000000000E+00,    5.2727939547E+02,    5.2727939547E+02,    0.0000000000E+00,    0.0000000000E+00,    0.0000000000E+00,    5.2727939547E+02
    251900,      0.676977,CP11_after_MPI,   1,    0.0000000000E+00,    5.2727939547E+02,    5.2727939547E+02,    0.0000000000E+00,    0.0000000000E+00,    0.0000000000E+00,    5.2727939547E+02
    251900,      0.676977,CP12_end,   1,    0.0000000000E+00,    5.2727939547E+02,    5.2727939547E+02,    0.0000000000E+00,    0.0000000000E+00,    0.0000000000E+00,    5.2727939547E+02
    251950,      0.676977,CP0_start,   1,    0.0000000000E+00,    5.2742485259E+02,    5.2742485259E+02,    0.0000000000E+00,    0.0000000000E+00,    0.0000000000E+00,    5.2742485259E+02
    251950,      0.676977,CP1_after_deposition,   1,    0.0000000000E+00,    5.2742485259E+02,    5.2742485259E+02,    0.0000000000E+00,    0.0000000000E+00,    0.0000000000E+00,    5.2742485259E+02
    251950,      0.676977,CP2_after_erosion,   1,    0.0000000000E+00,    5.2742485259E+02,    5.2742485259E+02,    0.0000000000E+00,    0.0000000000E+00,    0.0000000000E+00,    5.2742485259E+02
    251950,      0.676977,CP3_after_update_bottom,   1,    0.0000000000E+00,    5.2742485259E+02,    5.2742485259E+02,    0.0000000000E+00,    0.0000000000E+00,    0.0000000000E+00,    5.2742485259E+02
    251950,      0.676977,CP4_after_advection,   1,    0.0000000000E+00,    5.2743079108E+02,    5.2743079108E+02,    0.0000000000E+00,    0.0000000000E+00,    0.0000000000E+00,    5.2743079108E+02
    251950,      0.676977,CP5_after_vdif,   1,    0.0000000000E+00,    5.2743079108E+02,    5.2743079108E+02,    0.0000000000E+00,    0.0000000000E+00,    0.0000000000E+00,    5.2743079108E+02
    251950,      0.676977,CP6_after_kinetics,   1,    0.0000000000E+00,    5.2743079108E+02,    5.2743079108E+02,    0.0000000000E+00,    0.0000000000E+00,    0.0000000000E+00,    5.2743079108E+02
    251950,      0.676977,CP7_after_upper_clamp,   1,    0.0000000000E+00,    5.2743079108E+02,    5.2743079108E+02,    0.0000000000E+00,    0.0000000000E+00,    0.0000000000E+00,    5.2743079108E+02
    251950,      0.676977,CP8_after_OBC,   1,    0.0000000000E+00,    5.2743079108E+02,    5.2743079108E+02,    0.0000000000E+00,    0.0000000000E+00,    0.0000000000E+00,    5.2743079108E+02
    251950,      0.676977,CP9_after_PTsource,   1,    0.0000000000E+00,    5.2743079108E+02,    5.2743079108E+02,    0.0000000000E+00,    0.0000000000E+00,    0.0000000000E+00,    5.2743079108E+02
    251950,      0.676977,CP10_after_neg_clamp,   1,    0.0000000000E+00,    5.2743079108E+02,    5.2743079108E+02,    0.0000000000E+00,    0.0000000000E+00,    0.0000000000E+00,    5.2743079108E+02
    251950,      0.676977,CP11_after_MPI,   1,    0.0000000000E+00,    5.2743079108E+02,    5.2743079108E+02,    0.0000000000E+00,    0.0000000000E+00,    0.0000000000E+00,    5.2743079108E+02
    251950,      0.676977,CP12_end,   1,    0.0000000000E+00,    5.2743079108E+02,    5.2743079108E+02,    0.0000000000E+00,    0.0000000000E+00,    0.0000000000E+00,    5.2743079108E+02
    252000,      0.676977,CP0_start,   1,    0.0000000000E+00,    5.2756508391E+02,    5.2756508391E+02,    0.0000000000E+00,    0.0000000000E+00,    0.0000000000E+00,    5.2756508391E+02
    252000,      0.676977,CP1_after_deposition,   1,    0.0000000000E+00,    5.2756508391E+02,    5.2756508391E+02,    0.0000000000E+00,    0.0000000000E+00,    0.0000000000E+00,    5.2756508391E+02
    252000,      0.676977,CP2_after_erosion,   1,    0.0000000000E+00,    5.2756508391E+02,    5.2756508391E+02,    0.0000000000E+00,    0.0000000000E+00,    0.0000000000E+00,    5.2756508391E+02
    252000,      0.676977,CP3_after_update_bottom,   1,    0.0000000000E+00,    5.2756508391E+02,    5.2756508391E+02,    0.0000000000E+00,    0.0000000000E+00,    0.0000000000E+00,    5.2756508391E+02
    252000,      0.676977,CP4_after_advection,   1,    0.0000000000E+00,    5.2757133619E+02,    5.2757133619E+02,    0.0000000000E+00,    0.0000000000E+00,    0.0000000000E+00,    5.2757133619E+02
    252000,      0.676977,CP5_after_vdif,   1,    0.0000000000E+00,    5.2757133619E+02,    5.2757133619E+02,    0.0000000000E+00,    0.0000000000E+00,    0.0000000000E+00,    5.2757133619E+02
    252000,      0.676977,CP6_after_kinetics,   1,    0.0000000000E+00,    5.2757133619E+02,    5.2757133619E+02,    0.0000000000E+00,    0.0000000000E+00,    0.0000000000E+00,    5.2757133619E+02
    252000,      0.676977,CP7_after_upper_clamp,   1,    0.0000000000E+00,    5.2757133619E+02,    5.2757133619E+02,    0.0000000000E+00,    0.0000000000E+00,    0.0000000000E+00,    5.2757133619E+02
    252000,      0.676977,CP8_after_OBC,   1,    0.0000000000E+00,    5.2757133619E+02,    5.2757133619E+02,    0.0000000000E+00,    0.0000000000E+00,    0.0000000000E+00,    5.2757133619E+02
    252000,      0.676977,CP9_after_PTsource,   1,    0.0000000000E+00,    5.2757133619E+02,    5.2757133619E+02,    0.0000000000E+00,    0.0000000000E+00,    0.0000000000E+00,    5.2757133619E+02
    252000,      0.676977,CP10_after_neg_clamp,   1,    0.0000000000E+00,    5.2757133619E+02,    5.2757133619E+02,    0.0000000000E+00,    0.0000000000E+00,    0.0000000000E+00,    5.2757133619E+02
    252000,      0.676977,CP11_after_MPI,   1,    0.0000000000E+00,    5.2757133619E+02,    5.2757133619E+02,    0.0000000000E+00,    0.0000000000E+00,    0.0000000000E+00,    5.2757133619E+02
    252000,      0.676977,CP12_end,   1,    0.0000000000E+00,    5.2757133619E+02,    5.2757133619E+02,    0.0000000000E+00,    0.0000000000E+00,    0.0000000000E+00,    5.2757133619E+02
    252050,      0.676977,CP0_start,   1,    0.0000000000E+00,    5.2769863459E+02,    5.2769863459E+02,    0.0000000000E+00,    0.0000000000E+00,    0.0000000000E+00,    5.2769863459E+02
    252050,      0.676977,CP1_after_deposition,   1,    0.0000000000E+00,    5.2769863459E+02,    5.2769863459E+02,    0.0000000000E+00,    0.0000000000E+00,    0.0000000000E+00,    5.2769863459E+02
    252050,      0.676977,CP2_after_erosion,   1,    0.0000000000E+00,    5.2769863459E+02,    5.2769863459E+02,    0.0000000000E+00,    0.0000000000E+00,    0.0000000000E+00,    5.2769863459E+02
    252050,      0.676977,CP3_after_update_bottom,   1,    0.0000000000E+00,    5.2769863459E+02,    5.2769863459E+02,    0.0000000000E+00,    0.0000000000E+00,    0.0000000000E+00,    5.2769863459E+02
    252050,      0.676977,CP4_after_advection,   1,    0.0000000000E+00,    5.2770526816E+02,    5.2770526816E+02,    0.0000000000E+00,    0.0000000000E+00,    0.0000000000E+00,    5.2770526816E+02
    252050,      0.676977,CP5_after_vdif,   1,    0.0000000000E+00,    5.2770526816E+02,    5.2770526816E+02,    0.0000000000E+00,    0.0000000000E+00,    0.0000000000E+00,    5.2770526816E+02
    252050,      0.676977,CP6_after_kinetics,   1,    0.0000000000E+00,    5.2770526816E+02,    5.2770526816E+02,    0.0000000000E+00,    0.0000000000E+00,    0.0000000000E+00,    5.2770526816E+02
    252050,      0.676977,CP7_after_upper_clamp,   1,    0.0000000000E+00,    5.2770526816E+02,    5.2770526816E+02,    0.0000000000E+00,    0.0000000000E+00,    0.0000000000E+00,    5.2770526816E+02
    252050,      0.676977,CP8_after_OBC,   1,    0.0000000000E+00,    5.2770526816E+02,    5.2770526816E+02,    0.0000000000E+00,    0.0000000000E+00,    0.0000000000E+00,    5.2770526816E+02
    252050,      0.676977,CP9_after_PTsource,   1,    0.0000000000E+00,    5.2770526816E+02,    5.2770526816E+02,    0.0000000000E+00,    0.0000000000E+00,    0.0000000000E+00,    5.2770526816E+02
    252050,      0.676977,CP10_after_neg_clamp,   1,    0.0000000000E+00,    5.2770526816E+02,    5.2770526816E+02,    0.0000000000E+00,    0.0000000000E+00,    0.0000000000E+00,    5.2770526816E+02
    252050,      0.676977,CP11_after_MPI,   1,    0.0000000000E+00,    5.2770526816E+02,    5.2770526816E+02,    0.0000000000E+00,    0.0000000000E+00,    0.0000000000E+00,    5.2770526816E+02
    252050,      0.676977,CP12_end,   1,    0.0000000000E+00,    5.2770526816E+02,    5.2770526816E+02,    0.0000000000E+00,    0.0000000000E+00,    0.0000000000E+00,    5.2770526816E+02
    252100,      0.676977,CP0_start,   1,    0.0000000000E+00,    5.2782844845E+02,    5.2782844845E+02,    0.0000000000E+00,    0.0000000000E+00,    0.0000000000E+00,    5.2782844845E+02
    252100,      0.676977,CP1_after_deposition,   1,    0.0000000000E+00,    5.2782844845E+02,    5.2782844845E+02,    0.0000000000E+00,    0.0000000000E+00,    0.0000000000E+00,    5.2782844845E+02
    252100,      0.676977,CP2_after_erosion,   1,    0.0000000000E+00,    5.2782844845E+02,    5.2782844845E+02,    0.0000000000E+00,    0.0000000000E+00,    0.0000000000E+00,    5.2782844845E+02
    252100,      0.676977,CP3_after_update_bottom,   1,    0.0000000000E+00,    5.2782844845E+02,    5.2782844845E+02,    0.0000000000E+00,    0.0000000000E+00,    0.0000000000E+00,    5.2782844845E+02
    252100,      0.676977,CP4_after_advection,   1,    0.0000000000E+00,    5.2783549325E+02,    5.2783549325E+02,    0.0000000000E+00,    0.0000000000E+00,    0.0000000000E+00,    5.2783549325E+02
    252100,      0.676977,CP5_after_vdif,   1,    0.0000000000E+00,    5.2783549325E+02,    5.2783549325E+02,    0.0000000000E+00,    0.0000000000E+00,    0.0000000000E+00,    5.2783549325E+02
    252100,      0.676977,CP6_after_kinetics,   1,    0.0000000000E+00,    5.2783549325E+02,    5.2783549325E+02,    0.0000000000E+00,    0.0000000000E+00,    0.0000000000E+00,    5.2783549325E+02
    252100,      0.676977,CP7_after_upper_clamp,   1,    0.0000000000E+00,    5.2783549325E+02,    5.2783549325E+02,    0.0000000000E+00,    0.0000000000E+00,    0.0000000000E+00,    5.2783549325E+02
    252100,      0.676977,CP8_after_OBC,   1,    0.0000000000E+00,    5.2783549325E+02,    5.2783549325E+02,    0.0000000000E+00,    0.0000000000E+00,    0.0000000000E+00,    5.2783549325E+02
    252100,      0.676977,CP9_after_PTsource,   1,    0.0000000000E+00,    5.2783549325E+02,    5.2783549325E+02,    0.0000000000E+00,    0.0000000000E+00,    0.0000000000E+00,    5.2783549325E+02
    252100,      0.676977,CP10_after_neg_clamp,   1,    0.0000000000E+00,    5.2783549325E+02,    5.2783549325E+02,    0.0000000000E+00,    0.0000000000E+00,    0.0000000000E+00,    5.2783549325E+02
    252100,      0.676977,CP11_after_MPI,   1,    0.0000000000E+00,    5.2783549325E+02,    5.2783549325E+02,    0.0000000000E+00,    0.0000000000E+00,    0.0000000000E+00,    5.2783549325E+02
    252100,      0.676977,CP12_end,   1,    0.0000000000E+00,    5.2783549325E+02,    5.2783549325E+02,    0.0000000000E+00,    0.0000000000E+00,    0.0000000000E+00,    5.2783549325E+02
    252150,      0.676977,CP0_start,   1,    0.0000000000E+00,    5.2795576702E+02,    5.2795576702E+02,    0.0000000000E+00,    0.0000000000E+00,    0.0000000000E+00,    5.2795576702E+02
    252150,      0.676977,CP1_after_deposition,   1,    0.0000000000E+00,    5.2795576702E+02,    5.2795576702E+02,    0.0000000000E+00,    0.0000000000E+00,    0.0000000000E+00,    5.2795576702E+02
    252150,      0.676977,CP2_after_erosion,   1,    0.0000000000E+00,    5.2795576702E+02,    5.2795576702E+02,    0.0000000000E+00,    0.0000000000E+00,    0.0000000000E+00,    5.2795576702E+02
    252150,      0.676977,CP3_after_update_bottom,   1,    0.0000000000E+00,    5.2795576702E+02,    5.2795576702E+02,    0.0000000000E+00,    0.0000000000E+00,    0.0000000000E+00,    5.2795576702E+02
    252150,      0.676977,CP4_after_advection,   1,    0.0000000000E+00,    5.2796324351E+02,    5.2796324351E+02,    0.0000000000E+00,    0.0000000000E+00,    0.0000000000E+00,    5.2796324351E+02
    252150,      0.676977,CP5_after_vdif,   1,    0.0000000000E+00,    5.2796324351E+02,    5.2796324351E+02,    0.0000000000E+00,    0.0000000000E+00,    0.0000000000E+00,    5.2796324351E+02
    252150,      0.676977,CP6_after_kinetics,   1,    0.0000000000E+00,    5.2796324351E+02,    5.2796324351E+02,    0.0000000000E+00,    0.0000000000E+00,    0.0000000000E+00,    5.2796324351E+02
    252150,      0.676977,CP7_after_upper_clamp,   1,    0.0000000000E+00,    5.2796324351E+02,    5.2796324351E+02,    0.0000000000E+00,    0.0000000000E+00,    0.0000000000E+00,    5.2796324351E+02
    252150,      0.676977,CP8_after_OBC,   1,    0.0000000000E+00,    5.2796324351E+02,    5.2796324351E+02,    0.0000000000E+00,    0.0000000000E+00,    0.0000000000E+00,    5.2796324351E+02
    252150,      0.676977,CP9_after_PTsource,   1,    0.0000000000E+00,    5.2796324351E+02,    5.2796324351E+02,    0.0000000000E+00,    0.0000000000E+00,    0.0000000000E+00,    5.2796324351E+02
    252150,      0.676977,CP10_after_neg_clamp,   1,    0.0000000000E+00,    5.2796324351E+02,    5.2796324351E+02,    0.0000000000E+00,    0.0000000000E+00,    0.0000000000E+00,    5.2796324351E+02
    252150,      0.676977,CP11_after_MPI,   1,    0.0000000000E+00,    5.2796324351E+02,    5.2796324351E+02,    0.0000000000E+00,    0.0000000000E+00,    0.0000000000E+00,    5.2796324351E+02
    252150,      0.676977,CP12_end,   1,    0.0000000000E+00,    5.2796324351E+02,    5.2796324351E+02,    0.0000000000E+00,    0.0000000000E+00,    0.0000000000E+00,    5.2796324351E+02
    252200,      0.676977,CP0_start,   1,    0.0000000000E+00,    5.2808232313E+02,    5.2808232313E+02,    0.0000000000E+00,    0.0000000000E+00,    0.0000000000E+00,    5.2808232313E+02
    252200,      0.676977,CP1_after_deposition,   1,    0.0000000000E+00,    5.2808232313E+02,    5.2808232313E+02,    0.0000000000E+00,    0.0000000000E+00,    0.0000000000E+00,    5.2808232313E+02
    252200,      0.676977,CP2_after_erosion,   1,    0.0000000000E+00,    5.2808232313E+02,    5.2808232313E+02,    0.0000000000E+00,    0.0000000000E+00,    0.0000000000E+00,    5.2808232313E+02
    252200,      0.676977,CP3_after_update_bottom,   1,    0.0000000000E+00,    5.2808232313E+02,    5.2808232313E+02,    0.0000000000E+00,    0.0000000000E+00,    0.0000000000E+00,    5.2808232313E+02
    252200,      0.676977,CP4_after_advection,   1,    0.0000000000E+00,    5.2809026757E+02,    5.2809026757E+02,    0.0000000000E+00,    0.0000000000E+00,    0.0000000000E+00,    5.2809026757E+02
    252200,      0.676977,CP5_after_vdif,   1,    0.0000000000E+00,    5.2809026757E+02,    5.2809026757E+02,    0.0000000000E+00,    0.0000000000E+00,    0.0000000000E+00,    5.2809026757E+02
    252200,      0.676977,CP6_after_kinetics,   1,    0.0000000000E+00,    5.2809026757E+02,    5.2809026757E+02,    0.0000000000E+00,    0.0000000000E+00,    0.0000000000E+00,    5.2809026757E+02
    252200,      0.676977,CP7_after_upper_clamp,   1,    0.0000000000E+00,    5.2809026757E+02,    5.2809026757E+02,    0.0000000000E+00,    0.0000000000E+00,    0.0000000000E+00,    5.2809026757E+02
    252200,      0.676977,CP8_after_OBC,   1,    0.0000000000E+00,    5.2809026757E+02,    5.2809026757E+02,    0.0000000000E+00,    0.0000000000E+00,    0.0000000000E+00,    5.2809026757E+02
    252200,      0.676977,CP9_after_PTsource,   1,    0.0000000000E+00,    5.2809026757E+02,    5.2809026757E+02,    0.0000000000E+00,    0.0000000000E+00,    0.0000000000E+00,    5.2809026757E+02
    252200,      0.676977,CP10_after_neg_clamp,   1,    0.0000000000E+00,    5.2809026757E+02,    5.2809026757E+02,    0.0000000000E+00,    0.0000000000E+00,    0.0000000000E+00,    5.2809026757E+02
    252200,      0.676977,CP11_after_MPI,   1,    0.0000000000E+00,    5.2809026757E+02,    5.2809026757E+02,    0.0000000000E+00,    0.0000000000E+00,    0.0000000000E+00,    5.2809026757E+02
    252200,      0.676977,CP12_end,   1,    0.0000000000E+00,    5.2809026757E+02,    5.2809026757E+02,    0.0000000000E+00,    0.0000000000E+00,    0.0000000000E+00,    5.2809026757E+02
    252250,      0.676977,CP0_start,   1,    0.0000000000E+00,    5.2821169897E+02,    5.2821169897E+02,    0.0000000000E+00,    0.0000000000E+00,    0.0000000000E+00,    5.2821169897E+02
    252250,      0.676977,CP1_after_deposition,   1,    0.0000000000E+00,    5.2821169897E+02,    5.2821169897E+02,    0.0000000000E+00,    0.0000000000E+00,    0.0000000000E+00,    5.2821169897E+02
    252250,      0.676977,CP2_after_erosion,   1,    0.0000000000E+00,    5.2821169897E+02,    5.2821169897E+02,    0.0000000000E+00,    0.0000000000E+00,    0.0000000000E+00,    5.2821169897E+02
    252250,      0.676977,CP3_after_update_bottom,   1,    0.0000000000E+00,    5.2821169897E+02,    5.2821169897E+02,    0.0000000000E+00,    0.0000000000E+00,    0.0000000000E+00,    5.2821169897E+02
    252250,      0.676977,CP4_after_advection,   1,    0.0000000000E+00,    5.2822020461E+02,    5.2822020461E+02,    0.0000000000E+00,    0.0000000000E+00,    0.0000000000E+00,    5.2822020461E+02
    252250,      0.676977,CP5_after_vdif,   1,    0.0000000000E+00,    5.2822020461E+02,    5.2822020461E+02,    0.0000000000E+00,    0.0000000000E+00,    0.0000000000E+00,    5.2822020461E+02
    252250,      0.676977,CP6_after_kinetics,   1,    0.0000000000E+00,    5.2822020461E+02,    5.2822020461E+02,    0.0000000000E+00,    0.0000000000E+00,    0.0000000000E+00,    5.2822020461E+02
    252250,      0.676977,CP7_after_upper_clamp,   1,    0.0000000000E+00,    5.2822020461E+02,    5.2822020461E+02,    0.0000000000E+00,    0.0000000000E+00,    0.0000000000E+00,    5.2822020461E+02
    252250,      0.676977,CP8_after_OBC,   1,    0.0000000000E+00,    5.2822020461E+02,    5.2822020461E+02,    0.0000000000E+00,    0.0000000000E+00,    0.0000000000E+00,    5.2822020461E+02
    252250,      0.676977,CP9_after_PTsource,   1,    0.0000000000E+00,    5.2822020461E+02,    5.2822020461E+02,    0.0000000000E+00,    0.0000000000E+00,    0.0000000000E+00,    5.2822020461E+02
    252250,      0.676977,CP10_after_neg_clamp,   1,    0.0000000000E+00,    5.2822020461E+02,    5.2822020461E+02,    0.0000000000E+00,    0.0000000000E+00,    0.0000000000E+00,    5.2822020461E+02
    252250,      0.676977,CP11_after_MPI,   1,    0.0000000000E+00,    5.2822020461E+02,    5.2822020461E+02,    0.0000000000E+00,    0.0000000000E+00,    0.0000000000E+00,    5.2822020461E+02
    252250,      0.676977,CP12_end,   1,    0.0000000000E+00,    5.2822020461E+02,    5.2822020461E+02,    0.0000000000E+00,    0.0000000000E+00,    0.0000000000E+00,    5.2822020461E+02
    252300,      0.676977,CP0_start,   1,    0.0000000000E+00,    5.2834921091E+02,    5.2834921091E+02,    0.0000000000E+00,    0.0000000000E+00,    0.0000000000E+00,    5.2834921091E+02
    252300,      0.676977,CP1_after_deposition,   1,    0.0000000000E+00,    5.2834921091E+02,    5.2834921091E+02,    0.0000000000E+00,    0.0000000000E+00,    0.0000000000E+00,    5.2834921091E+02
    252300,      0.676977,CP2_after_erosion,   1,    0.0000000000E+00,    5.2834921091E+02,    5.2834921091E+02,    0.0000000000E+00,    0.0000000000E+00,    0.0000000000E+00,    5.2834921091E+02
    252300,      0.676977,CP3_after_update_bottom,   1,    0.0000000000E+00,    5.2834921091E+02,    5.2834921091E+02,    0.0000000000E+00,    0.0000000000E+00,    0.0000000000E+00,    5.2834921091E+02
    252300,      0.676977,CP4_after_advection,   1,    0.0000000000E+00,    5.2835837144E+02,    5.2835837144E+02,    0.0000000000E+00,    0.0000000000E+00,    0.0000000000E+00,    5.2835837144E+02
    252300,      0.676977,CP5_after_vdif,   1,    0.0000000000E+00,    5.2835837144E+02,    5.2835837144E+02,    0.0000000000E+00,    0.0000000000E+00,    0.0000000000E+00,    5.2835837144E+02
    252300,      0.676977,CP6_after_kinetics,   1,    0.0000000000E+00,    5.2835837144E+02,    5.2835837144E+02,    0.0000000000E+00,    0.0000000000E+00,    0.0000000000E+00,    5.2835837144E+02
    252300,      0.676977,CP7_after_upper_clamp,   1,    0.0000000000E+00,    5.2835837144E+02,    5.2835837144E+02,    0.0000000000E+00,    0.0000000000E+00,    0.0000000000E+00,    5.2835837144E+02
    252300,      0.676977,CP8_after_OBC,   1,    0.0000000000E+00,    5.2835837144E+02,    5.2835837144E+02,    0.0000000000E+00,    0.0000000000E+00,    0.0000000000E+00,    5.2835837144E+02
    252300,      0.676977,CP9_after_PTsource,   1,    0.0000000000E+00,    5.2835837144E+02,    5.2835837144E+02,    0.0000000000E+00,    0.0000000000E+00,    0.0000000000E+00,    5.2835837144E+02
    252300,      0.676977,CP10_after_neg_clamp,   1,    0.0000000000E+00,    5.2835837144E+02,    5.2835837144E+02,    0.0000000000E+00,    0.0000000000E+00,    0.0000000000E+00,    5.2835837144E+02
    252300,      0.676977,CP11_after_MPI,   1,    0.0000000000E+00,    5.2835837144E+02,    5.2835837144E+02,    0.0000000000E+00,    0.0000000000E+00,    0.0000000000E+00,    5.2835837144E+02
    252300,      0.676977,CP12_end,   1,    0.0000000000E+00,    5.2835837144E+02,    5.2835837144E+02,    0.0000000000E+00,    0.0000000000E+00,    0.0000000000E+00,    5.2835837144E+02
    252350,      0.676977,CP0_start,   1,    0.0000000000E+00,    5.2849907405E+02,    5.2849907405E+02,    0.0000000000E+00,    0.0000000000E+00,    0.0000000000E+00,    5.2849907405E+02
    252350,      0.676977,CP1_after_deposition,   1,    0.0000000000E+00,    5.2849907405E+02,    5.2849907405E+02,    0.0000000000E+00,    0.0000000000E+00,    0.0000000000E+00,    5.2849907405E+02
    252350,      0.676977,CP2_after_erosion,   1,    0.0000000000E+00,    5.2849907405E+02,    5.2849907405E+02,    0.0000000000E+00,    0.0000000000E+00,    0.0000000000E+00,    5.2849907405E+02
    252350,      0.676977,CP3_after_update_bottom,   1,    0.0000000000E+00,    5.2849907405E+02,    5.2849907405E+02,    0.0000000000E+00,    0.0000000000E+00,    0.0000000000E+00,    5.2849907405E+02
    252350,      0.676977,CP4_after_advection,   1,    0.0000000000E+00,    5.2850893392E+02,    5.2850893392E+02,    0.0000000000E+00,    0.0000000000E+00,    0.0000000000E+00,    5.2850893392E+02
    252350,      0.676977,CP5_after_vdif,   1,    0.0000000000E+00,    5.2850893392E+02,    5.2850893392E+02,    0.0000000000E+00,    0.0000000000E+00,    0.0000000000E+00,    5.2850893392E+02
    252350,      0.676977,CP6_after_kinetics,   1,    0.0000000000E+00,    5.2850893392E+02,    5.2850893392E+02,    0.0000000000E+00,    0.0000000000E+00,    0.0000000000E+00,    5.2850893392E+02
    252350,      0.676977,CP7_after_upper_clamp,   1,    0.0000000000E+00,    5.2850893392E+02,    5.2850893392E+02,    0.0000000000E+00,    0.0000000000E+00,    0.0000000000E+00,    5.2850893392E+02
    252350,      0.676977,CP8_after_OBC,   1,    0.0000000000E+00,    5.2850893392E+02,    5.2850893392E+02,    0.0000000000E+00,    0.0000000000E+00,    0.0000000000E+00,    5.2850893392E+02
    252350,      0.676977,CP9_after_PTsource,   1,    0.0000000000E+00,    5.2850893392E+02,    5.2850893392E+02,    0.0000000000E+00,    0.0000000000E+00,    0.0000000000E+00,    5.2850893392E+02
    252350,      0.676977,CP10_after_neg_clamp,   1,    0.0000000000E+00,    5.2850893392E+02,    5.2850893392E+02,    0.0000000000E+00,    0.0000000000E+00,    0.0000000000E+00,    5.2850893392E+02
    252350,      0.676977,CP11_after_MPI,   1,    0.0000000000E+00,    5.2850893392E+02,    5.2850893392E+02,    0.0000000000E+00,    0.0000000000E+00,    0.0000000000E+00,    5.2850893392E+02
    252350,      0.676977,CP12_end,   1,    0.0000000000E+00,    5.2850893392E+02,    5.2850893392E+02,    0.0000000000E+00,    0.0000000000E+00,    0.0000000000E+00,    5.2850893392E+02
    252400,      0.676977,CP0_start,   1,    0.0000000000E+00,    5.2866119127E+02,    5.2866119127E+02,    0.0000000000E+00,    0.0000000000E+00,    0.0000000000E+00,    5.2866119127E+02
    252400,      0.676977,CP1_after_deposition,   1,    0.0000000000E+00,    5.2866119127E+02,    5.2866119127E+02,    0.0000000000E+00,    0.0000000000E+00,    0.0000000000E+00,    5.2866119127E+02
    252400,      0.676977,CP2_after_erosion,   1,    0.0000000000E+00,    5.2866119127E+02,    5.2866119127E+02,    0.0000000000E+00,    0.0000000000E+00,    0.0000000000E+00,    5.2866119127E+02
    252400,      0.676977,CP3_after_update_bottom,   1,    0.0000000000E+00,    5.2866119127E+02,    5.2866119127E+02,    0.0000000000E+00,    0.0000000000E+00,    0.0000000000E+00,    5.2866119127E+02
    252400,      0.676977,CP4_after_advection,   1,    0.0000000000E+00,    5.2867168629E+02,    5.2867168629E+02,    0.0000000000E+00,    0.0000000000E+00,    0.0000000000E+00,    5.2867168629E+02
    252400,      0.676977,CP5_after_vdif,   1,    0.0000000000E+00,    5.2867168629E+02,    5.2867168629E+02,    0.0000000000E+00,    0.0000000000E+00,    0.0000000000E+00,    5.2867168629E+02
    252400,      0.676977,CP6_after_kinetics,   1,    0.0000000000E+00,    5.2867168629E+02,    5.2867168629E+02,    0.0000000000E+00,    0.0000000000E+00,    0.0000000000E+00,    5.2867168629E+02
    252400,      0.676977,CP7_after_upper_clamp,   1,    0.0000000000E+00,    5.2867168629E+02,    5.2867168629E+02,    0.0000000000E+00,    0.0000000000E+00,    0.0000000000E+00,    5.2867168629E+02
    252400,      0.676977,CP8_after_OBC,   1,    0.0000000000E+00,    5.2867168629E+02,    5.2867168629E+02,    0.0000000000E+00,    0.0000000000E+00,    0.0000000000E+00,    5.2867168629E+02
    252400,      0.676977,CP9_after_PTsource,   1,    0.0000000000E+00,    5.2867168629E+02,    5.2867168629E+02,    0.0000000000E+00,    0.0000000000E+00,    0.0000000000E+00,    5.2867168629E+02
    252400,      0.676977,CP10_after_neg_clamp,   1,    0.0000000000E+00,    5.2867168629E+02,    5.2867168629E+02,    0.0000000000E+00,    0.0000000000E+00,    0.0000000000E+00,    5.2867168629E+02
    252400,      0.676977,CP11_after_MPI,   1,    0.0000000000E+00,    5.2867168629E+02,    5.2867168629E+02,    0.0000000000E+00,    0.0000000000E+00,    0.0000000000E+00,    5.2867168629E+02
    252400,      0.676977,CP12_end,   1,    0.0000000000E+00,    5.2867168629E+02,    5.2867168629E+02,    0.0000000000E+00,    0.0000000000E+00,    0.0000000000E+00,    5.2867168629E+02
    252450,      0.676977,CP0_start,   1,    0.0000000000E+00,    5.2883070190E+02,    5.2883070190E+02,    0.0000000000E+00,    0.0000000000E+00,    0.0000000000E+00,    5.2883070190E+02
    252450,      0.676977,CP1_after_deposition,   1,    0.0000000000E+00,    5.2883070190E+02,    5.2883070190E+02,    0.0000000000E+00,    0.0000000000E+00,    0.0000000000E+00,    5.2883070190E+02
    252450,      0.676977,CP2_after_erosion,   1,    0.0000000000E+00,    5.2883070190E+02,    5.2883070190E+02,    0.0000000000E+00,    0.0000000000E+00,    0.0000000000E+00,    5.2883070190E+02
    252450,      0.676977,CP3_after_update_bottom,   1,    0.0000000000E+00,    5.2883070190E+02,    5.2883070190E+02,    0.0000000000E+00,    0.0000000000E+00,    0.0000000000E+00,    5.2883070190E+02
    252450,      0.676977,CP4_after_advection,   1,    0.0000000000E+00,    5.2884170120E+02,    5.2884170120E+02,    0.0000000000E+00,    0.0000000000E+00,    0.0000000000E+00,    5.2884170120E+02
    252450,      0.676977,CP5_after_vdif,   1,    0.0000000000E+00,    5.2884170120E+02,    5.2884170120E+02,    0.0000000000E+00,    0.0000000000E+00,    0.0000000000E+00,    5.2884170120E+02
    252450,      0.676977,CP6_after_kinetics,   1,    0.0000000000E+00,    5.2884170120E+02,    5.2884170120E+02,    0.0000000000E+00,    0.0000000000E+00,    0.0000000000E+00,    5.2884170120E+02
    252450,      0.676977,CP7_after_upper_clamp,   1,    0.0000000000E+00,    5.2884170120E+02,    5.2884170120E+02,    0.0000000000E+00,    0.0000000000E+00,    0.0000000000E+00,    5.2884170120E+02
    252450,      0.676977,CP8_after_OBC,   1,    0.0000000000E+00,    5.2884170120E+02,    5.2884170120E+02,    0.0000000000E+00,    0.0000000000E+00,    0.0000000000E+00,    5.2884170120E+02
    252450,      0.676977,CP9_after_PTsource,   1,    0.0000000000E+00,    5.2884170120E+02,    5.2884170120E+02,    0.0000000000E+00,    0.0000000000E+00,    0.0000000000E+00,    5.2884170120E+02
    252450,      0.676977,CP10_after_neg_clamp,   1,    0.0000000000E+00,    5.2884170120E+02,    5.2884170120E+02,    0.0000000000E+00,    0.0000000000E+00,    0.0000000000E+00,    5.2884170120E+02
    252450,      0.676977,CP11_after_MPI,   1,    0.0000000000E+00,    5.2884170120E+02,    5.2884170120E+02,    0.0000000000E+00,    0.0000000000E+00,    0.0000000000E+00,    5.2884170120E+02
    252450,      0.676977,CP12_end,   1,    0.0000000000E+00,    5.2884170120E+02,    5.2884170120E+02,    0.0000000000E+00,    0.0000000000E+00,    0.0000000000E+00,    5.2884170120E+02
    252500,      0.676977,CP0_start,   1,    0.0000000000E+00,    5.2900154986E+02,    5.2900154986E+02,    0.0000000000E+00,    0.0000000000E+00,    0.0000000000E+00,    5.2900154986E+02
    252500,      0.676977,CP1_after_deposition,   1,    0.0000000000E+00,    5.2900154986E+02,    5.2900154986E+02,    0.0000000000E+00,    0.0000000000E+00,    0.0000000000E+00,    5.2900154986E+02
    252500,      0.676977,CP2_after_erosion,   1,    0.0000000000E+00,    5.2900154986E+02,    5.2900154986E+02,    0.0000000000E+00,    0.0000000000E+00,    0.0000000000E+00,    5.2900154986E+02
    252500,      0.676977,CP3_after_update_bottom,   1,    0.0000000000E+00,    5.2900154986E+02,    5.2900154986E+02,    0.0000000000E+00,    0.0000000000E+00,    0.0000000000E+00,    5.2900154986E+02
    252500,      0.676977,CP4_after_advection,   1,    0.0000000000E+00,    5.2901293555E+02,    5.2901293555E+02,    0.0000000000E+00,    0.0000000000E+00,    0.0000000000E+00,    5.2901293555E+02
    252500,      0.676977,CP5_after_vdif,   1,    0.0000000000E+00,    5.2901293555E+02,    5.2901293555E+02,    0.0000000000E+00,    0.0000000000E+00,    0.0000000000E+00,    5.2901293555E+02
    252500,      0.676977,CP6_after_kinetics,   1,    0.0000000000E+00,    5.2901293555E+02,    5.2901293555E+02,    0.0000000000E+00,    0.0000000000E+00,    0.0000000000E+00,    5.2901293555E+02
    252500,      0.676977,CP7_after_upper_clamp,   1,    0.0000000000E+00,    5.2901293555E+02,    5.2901293555E+02,    0.0000000000E+00,    0.0000000000E+00,    0.0000000000E+00,    5.2901293555E+02
    252500,      0.676977,CP8_after_OBC,   1,    0.0000000000E+00,    5.2901293555E+02,    5.2901293555E+02,    0.0000000000E+00,    0.0000000000E+00,    0.0000000000E+00,    5.2901293555E+02
    252500,      0.676977,CP9_after_PTsource,   1,    0.0000000000E+00,    5.2901293555E+02,    5.2901293555E+02,    0.0000000000E+00,    0.0000000000E+00,    0.0000000000E+00,    5.2901293555E+02
    252500,      0.676977,CP10_after_neg_clamp,   1,    0.0000000000E+00,    5.2901293555E+02,    5.2901293555E+02,    0.0000000000E+00,    0.0000000000E+00,    0.0000000000E+00,    5.2901293555E+02
    252500,      0.676977,CP11_after_MPI,   1,    0.0000000000E+00,    5.2901293555E+02,    5.2901293555E+02,    0.0000000000E+00,    0.0000000000E+00,    0.0000000000E+00,    5.2901293555E+02
    252500,      0.676977,CP12_end,   1,    0.0000000000E+00,    5.2901293555E+02,    5.2901293555E+02,    0.0000000000E+00,    0.0000000000E+00,    0.0000000000E+00,    5.2901293555E+02
    252550,      0.676977,CP0_start,   1,    0.0000000000E+00,    5.2916991369E+02,    5.2916991369E+02,    0.0000000000E+00,    0.0000000000E+00,    0.0000000000E+00,    5.2916991369E+02
    252550,      0.676977,CP1_after_deposition,   1,    0.0000000000E+00,    5.2916991369E+02,    5.2916991369E+02,    0.0000000000E+00,    0.0000000000E+00,    0.0000000000E+00,    5.2916991369E+02
    252550,      0.676977,CP2_after_erosion,   1,    0.0000000000E+00,    5.2916991369E+02,    5.2916991369E+02,    0.0000000000E+00,    0.0000000000E+00,    0.0000000000E+00,    5.2916991369E+02
    252550,      0.676977,CP3_after_update_bottom,   1,    0.0000000000E+00,    5.2916991369E+02,    5.2916991369E+02,    0.0000000000E+00,    0.0000000000E+00,    0.0000000000E+00,    5.2916991369E+02
    252550,      0.676977,CP4_after_advection,   1,    0.0000000000E+00,    5.2918164498E+02,    5.2918164498E+02,    0.0000000000E+00,    0.0000000000E+00,    0.0000000000E+00,    5.2918164498E+02
    252550,      0.676977,CP5_after_vdif,   1,    0.0000000000E+00,    5.2918164498E+02,    5.2918164498E+02,    0.0000000000E+00,    0.0000000000E+00,    0.0000000000E+00,    5.2918164498E+02
    252550,      0.676977,CP6_after_kinetics,   1,    0.0000000000E+00,    5.2918164498E+02,    5.2918164498E+02,    0.0000000000E+00,    0.0000000000E+00,    0.0000000000E+00,    5.2918164498E+02
    252550,      0.676977,CP7_after_upper_clamp,   1,    0.0000000000E+00,    5.2918164498E+02,    5.2918164498E+02,    0.0000000000E+00,    0.0000000000E+00,    0.0000000000E+00,    5.2918164498E+02
    252550,      0.676977,CP8_after_OBC,   1,    0.0000000000E+00,    5.2918164498E+02,    5.2918164498E+02,    0.0000000000E+00,    0.0000000000E+00,    0.0000000000E+00,    5.2918164498E+02
    252550,      0.676977,CP9_after_PTsource,   1,    0.0000000000E+00,    5.2918164498E+02,    5.2918164498E+02,    0.0000000000E+00,    0.0000000000E+00,    0.0000000000E+00,    5.2918164498E+02
    252550,      0.676977,CP10_after_neg_clamp,   1,    0.0000000000E+00,    5.2918164498E+02,    5.2918164498E+02,    0.0000000000E+00,    0.0000000000E+00,    0.0000000000E+00,    5.2918164498E+02
    252550,      0.676977,CP11_after_MPI,   1,    0.0000000000E+00,    5.2918164498E+02,    5.2918164498E+02,    0.0000000000E+00,    0.0000000000E+00,    0.0000000000E+00,    5.2918164498E+02
    252550,      0.676977,CP12_end,   1,    0.0000000000E+00,    5.2918164498E+02,    5.2918164498E+02,    0.0000000000E+00,    0.0000000000E+00,    0.0000000000E+00,    5.2918164498E+02
    252600,      0.676977,CP0_start,   1,    0.0000000000E+00,    5.2933573683E+02,    5.2933573683E+02,    0.0000000000E+00,    0.0000000000E+00,    0.0000000000E+00,    5.2933573683E+02
    252600,      0.676977,CP1_after_deposition,   1,    0.0000000000E+00,    5.2933573683E+02,    5.2933573683E+02,    0.0000000000E+00,    0.0000000000E+00,    0.0000000000E+00,    5.2933573683E+02
    252600,      0.676977,CP2_after_erosion,   1,    0.0000000000E+00,    5.2933573683E+02,    5.2933573683E+02,    0.0000000000E+00,    0.0000000000E+00,    0.0000000000E+00,    5.2933573683E+02
    252600,      0.676977,CP3_after_update_bottom,   1,    0.0000000000E+00,    5.2933573683E+02,    5.2933573683E+02,    0.0000000000E+00,    0.0000000000E+00,    0.0000000000E+00,    5.2933573683E+02
    252600,      0.676977,CP4_after_advection,   1,    0.0000000000E+00,    5.2934783464E+02,    5.2934783464E+02,    0.0000000000E+00,    0.0000000000E+00,    0.0000000000E+00,    5.2934783464E+02
    252600,      0.676977,CP5_after_vdif,   1,    0.0000000000E+00,    5.2934783464E+02,    5.2934783464E+02,    0.0000000000E+00,    0.0000000000E+00,    0.0000000000E+00,    5.2934783464E+02
    252600,      0.676977,CP6_after_kinetics,   1,    0.0000000000E+00,    5.2934783464E+02,    5.2934783464E+02,    0.0000000000E+00,    0.0000000000E+00,    0.0000000000E+00,    5.2934783464E+02
    252600,      0.676977,CP7_after_upper_clamp,   1,    0.0000000000E+00,    5.2934783464E+02,    5.2934783464E+02,    0.0000000000E+00,    0.0000000000E+00,    0.0000000000E+00,    5.2934783464E+02
    252600,      0.676977,CP8_after_OBC,   1,    0.0000000000E+00,    5.2934783464E+02,    5.2934783464E+02,    0.0000000000E+00,    0.0000000000E+00,    0.0000000000E+00,    5.2934783464E+02
    252600,      0.676977,CP9_after_PTsource,   1,    0.0000000000E+00,    5.2934783464E+02,    5.2934783464E+02,    0.0000000000E+00,    0.0000000000E+00,    0.0000000000E+00,    5.2934783464E+02
    252600,      0.676977,CP10_after_neg_clamp,   1,    0.0000000000E+00,    5.2934783464E+02,    5.2934783464E+02,    0.0000000000E+00,    0.0000000000E+00,    0.0000000000E+00,    5.2934783464E+02
    252600,      0.676977,CP11_after_MPI,   1,    0.0000000000E+00,    5.2934783464E+02,    5.2934783464E+02,    0.0000000000E+00,    0.0000000000E+00,    0.0000000000E+00,    5.2934783464E+02
    252600,      0.676977,CP12_end,   1,    0.0000000000E+00,    5.2934783464E+02,    5.2934783464E+02,    0.0000000000E+00,    0.0000000000E+00,    0.0000000000E+00,    5.2934783464E+02
    252650,      0.676977,CP0_start,   1,    0.0000000000E+00,    5.2950104433E+02,    5.2950104433E+02,    0.0000000000E+00,    0.0000000000E+00,    0.0000000000E+00,    5.2950104433E+02
    252650,      0.676977,CP1_after_deposition,   1,    0.0000000000E+00,    5.2950104433E+02,    5.2950104433E+02,    0.0000000000E+00,    0.0000000000E+00,    0.0000000000E+00,    5.2950104433E+02
    252650,      0.676977,CP2_after_erosion,   1,    0.0000000000E+00,    5.2950104433E+02,    5.2950104433E+02,    0.0000000000E+00,    0.0000000000E+00,    0.0000000000E+00,    5.2950104433E+02
    252650,      0.676977,CP3_after_update_bottom,   1,    0.0000000000E+00,    5.2950104433E+02,    5.2950104433E+02,    0.0000000000E+00,    0.0000000000E+00,    0.0000000000E+00,    5.2950104433E+02
    252650,      0.676977,CP4_after_advection,   1,    0.0000000000E+00,    5.2951352892E+02,    5.2951352892E+02,    0.0000000000E+00,    0.0000000000E+00,    0.0000000000E+00,    5.2951352892E+02
    252650,      0.676977,CP5_after_vdif,   1,    0.0000000000E+00,    5.2951352892E+02,    5.2951352892E+02,    0.0000000000E+00,    0.0000000000E+00,    0.0000000000E+00,    5.2951352892E+02
    252650,      0.676977,CP6_after_kinetics,   1,    0.0000000000E+00,    5.2951352892E+02,    5.2951352892E+02,    0.0000000000E+00,    0.0000000000E+00,    0.0000000000E+00,    5.2951352892E+02
    252650,      0.676977,CP7_after_upper_clamp,   1,    0.0000000000E+00,    5.2951352892E+02,    5.2951352892E+02,    0.0000000000E+00,    0.0000000000E+00,    0.0000000000E+00,    5.2951352892E+02
    252650,      0.676977,CP8_after_OBC,   1,    0.0000000000E+00,    5.2951352892E+02,    5.2951352892E+02,    0.0000000000E+00,    0.0000000000E+00,    0.0000000000E+00,    5.2951352892E+02
    252650,      0.676977,CP9_after_PTsource,   1,    0.0000000000E+00,    5.2951352892E+02,    5.2951352892E+02,    0.0000000000E+00,    0.0000000000E+00,    0.0000000000E+00,    5.2951352892E+02
    252650,      0.676977,CP10_after_neg_clamp,   1,    0.0000000000E+00,    5.2951352892E+02,    5.2951352892E+02,    0.0000000000E+00,    0.0000000000E+00,    0.0000000000E+00,    5.2951352892E+02
    252650,      0.676977,CP11_after_MPI,   1,    0.0000000000E+00,    5.2951352892E+02,    5.2951352892E+02,    0.0000000000E+00,    0.0000000000E+00,    0.0000000000E+00,    5.2951352892E+02
    252650,      0.676977,CP12_end,   1,    0.0000000000E+00,    5.2951352892E+02,    5.2951352892E+02,    0.0000000000E+00,    0.0000000000E+00,    0.0000000000E+00,    5.2951352892E+02
    252700,      0.676977,CP0_start,   1,    0.0000000000E+00,    5.2966691198E+02,    5.2966691198E+02,    0.0000000000E+00,    0.0000000000E+00,    0.0000000000E+00,    5.2966691198E+02
    252700,      0.676977,CP1_after_deposition,   1,    0.0000000000E+00,    5.2966691198E+02,    5.2966691198E+02,    0.0000000000E+00,    0.0000000000E+00,    0.0000000000E+00,    5.2966691198E+02
    252700,      0.676977,CP2_after_erosion,   1,    0.0000000000E+00,    5.2966691198E+02,    5.2966691198E+02,    0.0000000000E+00,    0.0000000000E+00,    0.0000000000E+00,    5.2966691198E+02
    252700,      0.676977,CP3_after_update_bottom,   1,    0.0000000000E+00,    5.2966691198E+02,    5.2966691198E+02,    0.0000000000E+00,    0.0000000000E+00,    0.0000000000E+00,    5.2966691198E+02
    252700,      0.676977,CP4_after_advection,   1,    0.0000000000E+00,    5.2967979954E+02,    5.2967979954E+02,    0.0000000000E+00,    0.0000000000E+00,    0.0000000000E+00,    5.2967979954E+02
    252700,      0.676977,CP5_after_vdif,   1,    0.0000000000E+00,    5.2967979954E+02,    5.2967979954E+02,    0.0000000000E+00,    0.0000000000E+00,    0.0000000000E+00,    5.2967979954E+02
    252700,      0.676977,CP6_after_kinetics,   1,    0.0000000000E+00,    5.2967979954E+02,    5.2967979954E+02,    0.0000000000E+00,    0.0000000000E+00,    0.0000000000E+00,    5.2967979954E+02
    252700,      0.676977,CP7_after_upper_clamp,   1,    0.0000000000E+00,    5.2967979954E+02,    5.2967979954E+02,    0.0000000000E+00,    0.0000000000E+00,    0.0000000000E+00,    5.2967979954E+02
    252700,      0.676977,CP8_after_OBC,   1,    0.0000000000E+00,    5.2967979954E+02,    5.2967979954E+02,    0.0000000000E+00,    0.0000000000E+00,    0.0000000000E+00,    5.2967979954E+02
    252700,      0.676977,CP9_after_PTsource,   1,    0.0000000000E+00,    5.2967979954E+02,    5.2967979954E+02,    0.0000000000E+00,    0.0000000000E+00,    0.0000000000E+00,    5.2967979954E+02
    252700,      0.676977,CP10_after_neg_clamp,   1,    0.0000000000E+00,    5.2967979954E+02,    5.2967979954E+02,    0.0000000000E+00,    0.0000000000E+00,    0.0000000000E+00,    5.2967979954E+02
    252700,      0.676977,CP11_after_MPI,   1,    0.0000000000E+00,    5.2967979954E+02,    5.2967979954E+02,    0.0000000000E+00,    0.0000000000E+00,    0.0000000000E+00,    5.2967979954E+02
    252700,      0.676977,CP12_end,   1,    0.0000000000E+00,    5.2967979954E+02,    5.2967979954E+02,    0.0000000000E+00,    0.0000000000E+00,    0.0000000000E+00,    5.2967979954E+02
    252750,      0.676977,CP0_start,   1,    0.0000000000E+00,    5.2983408007E+02,    5.2983408007E+02,    0.0000000000E+00,    0.0000000000E+00,    0.0000000000E+00,    5.2983408007E+02
    252750,      0.676977,CP1_after_deposition,   1,    0.0000000000E+00,    5.2983408007E+02,    5.2983408007E+02,    0.0000000000E+00,    0.0000000000E+00,    0.0000000000E+00,    5.2983408007E+02
    252750,      0.676977,CP2_after_erosion,   1,    0.0000000000E+00,    5.2983408007E+02,    5.2983408007E+02,    0.0000000000E+00,    0.0000000000E+00,    0.0000000000E+00,    5.2983408007E+02
    252750,      0.676977,CP3_after_update_bottom,   1,    0.0000000000E+00,    5.2983408007E+02,    5.2983408007E+02,    0.0000000000E+00,    0.0000000000E+00,    0.0000000000E+00,    5.2983408007E+02
    252750,      0.676977,CP4_after_advection,   1,    0.0000000000E+00,    5.2984736042E+02,    5.2984736042E+02,    0.0000000000E+00,    0.0000000000E+00,    0.0000000000E+00,    5.2984736042E+02
    252750,      0.676977,CP5_after_vdif,   1,    0.0000000000E+00,    5.2984736042E+02,    5.2984736042E+02,    0.0000000000E+00,    0.0000000000E+00,    0.0000000000E+00,    5.2984736042E+02
    252750,      0.676977,CP6_after_kinetics,   1,    0.0000000000E+00,    5.2984736042E+02,    5.2984736042E+02,    0.0000000000E+00,    0.0000000000E+00,    0.0000000000E+00,    5.2984736042E+02
    252750,      0.676977,CP7_after_upper_clamp,   1,    0.0000000000E+00,    5.2984736042E+02,    5.2984736042E+02,    0.0000000000E+00,    0.0000000000E+00,    0.0000000000E+00,    5.2984736042E+02
    252750,      0.676977,CP8_after_OBC,   1,    0.0000000000E+00,    5.2984736042E+02,    5.2984736042E+02,    0.0000000000E+00,    0.0000000000E+00,    0.0000000000E+00,    5.2984736042E+02
    252750,      0.676977,CP9_after_PTsource,   1,    0.0000000000E+00,    5.2984736042E+02,    5.2984736042E+02,    0.0000000000E+00,    0.0000000000E+00,    0.0000000000E+00,    5.2984736042E+02
    252750,      0.676977,CP10_after_neg_clamp,   1,    0.0000000000E+00,    5.2984736042E+02,    5.2984736042E+02,    0.0000000000E+00,    0.0000000000E+00,    0.0000000000E+00,    5.2984736042E+02
    252750,      0.676977,CP11_after_MPI,   1,    0.0000000000E+00,    5.2984736042E+02,    5.2984736042E+02,    0.0000000000E+00,    0.0000000000E+00,    0.0000000000E+00,    5.2984736042E+02
    252750,      0.676977,CP12_end,   1,    0.0000000000E+00,    5.2984736042E+02,    5.2984736042E+02,    0.0000000000E+00,    0.0000000000E+00,    0.0000000000E+00,    5.2984736042E+02
    252800,      0.676977,CP0_start,   1,    0.0000000000E+00,    5.3000121932E+02,    5.3000121932E+02,    0.0000000000E+00,    0.0000000000E+00,    0.0000000000E+00,    5.3000121932E+02
    252800,      0.676977,CP1_after_deposition,   1,    0.0000000000E+00,    5.3000121932E+02,    5.3000121932E+02,    0.0000000000E+00,    0.0000000000E+00,    0.0000000000E+00,    5.3000121932E+02
    252800,      0.676977,CP2_after_erosion,   1,    0.0000000000E+00,    5.3000121932E+02,    5.3000121932E+02,    0.0000000000E+00,    0.0000000000E+00,    0.0000000000E+00,    5.3000121932E+02
    252800,      0.676977,CP3_after_update_bottom,   1,    0.0000000000E+00,    5.3000121932E+02,    5.3000121932E+02,    0.0000000000E+00,    0.0000000000E+00,    0.0000000000E+00,    5.3000121932E+02
    252800,      0.676977,CP4_after_advection,   1,    0.0000000000E+00,    5.3001483372E+02,    5.3001483372E+02,    0.0000000000E+00,    0.0000000000E+00,    0.0000000000E+00,    5.3001483372E+02
    252800,      0.676977,CP5_after_vdif,   1,    0.0000000000E+00,    5.3001483372E+02,    5.3001483372E+02,    0.0000000000E+00,    0.0000000000E+00,    0.0000000000E+00,    5.3001483372E+02
    252800,      0.676977,CP6_after_kinetics,   1,    0.0000000000E+00,    5.3001483372E+02,    5.3001483372E+02,    0.0000000000E+00,    0.0000000000E+00,    0.0000000000E+00,    5.3001483372E+02
    252800,      0.676977,CP7_after_upper_clamp,   1,    0.0000000000E+00,    5.3001483372E+02,    5.3001483372E+02,    0.0000000000E+00,    0.0000000000E+00,    0.0000000000E+00,    5.3001483372E+02
    252800,      0.676977,CP8_after_OBC,   1,    0.0000000000E+00,    5.3001483372E+02,    5.3001483372E+02,    0.0000000000E+00,    0.0000000000E+00,    0.0000000000E+00,    5.3001483372E+02
    252800,      0.676977,CP9_after_PTsource,   1,    0.0000000000E+00,    5.3001483372E+02,    5.3001483372E+02,    0.0000000000E+00,    0.0000000000E+00,    0.0000000000E+00,    5.3001483372E+02
    252800,      0.676977,CP10_after_neg_clamp,   1,    0.0000000000E+00,    5.3001483372E+02,    5.3001483372E+02,    0.0000000000E+00,    0.0000000000E+00,    0.0000000000E+00,    5.3001483372E+02
    252800,      0.676977,CP11_after_MPI,   1,    0.0000000000E+00,    5.3001483372E+02,    5.3001483372E+02,    0.0000000000E+00,    0.0000000000E+00,    0.0000000000E+00,    5.3001483372E+02
    252800,      0.676977,CP12_end,   1,    0.0000000000E+00,    5.3001483372E+02,    5.3001483372E+02,    0.0000000000E+00,    0.0000000000E+00,    0.0000000000E+00,    5.3001483372E+02
    252850,      0.676977,CP0_start,   1,    0.0000000000E+00,    5.3016502014E+02,    5.3016502014E+02,    0.0000000000E+00,    0.0000000000E+00,    0.0000000000E+00,    5.3016502014E+02
    252850,      0.676977,CP1_after_deposition,   1,    0.0000000000E+00,    5.3016502014E+02,    5.3016502014E+02,    0.0000000000E+00,    0.0000000000E+00,    0.0000000000E+00,    5.3016502014E+02
    252850,      0.676977,CP2_after_erosion,   1,    0.0000000000E+00,    5.3016502014E+02,    5.3016502014E+02,    0.0000000000E+00,    0.0000000000E+00,    0.0000000000E+00,    5.3016502014E+02
    252850,      0.676977,CP3_after_update_bottom,   1,    0.0000000000E+00,    5.3016502014E+02,    5.3016502014E+02,    0.0000000000E+00,    0.0000000000E+00,    0.0000000000E+00,    5.3016502014E+02
    252850,      0.676977,CP4_after_advection,   1,    0.0000000000E+00,    5.3017888344E+02,    5.3017888344E+02,    0.0000000000E+00,    0.0000000000E+00,    0.0000000000E+00,    5.3017888344E+02
    252850,      0.676977,CP5_after_vdif,   1,    0.0000000000E+00,    5.3017888344E+02,    5.3017888344E+02,    0.0000000000E+00,    0.0000000000E+00,    0.0000000000E+00,    5.3017888344E+02
    252850,      0.676977,CP6_after_kinetics,   1,    0.0000000000E+00,    5.3017888344E+02,    5.3017888344E+02,    0.0000000000E+00,    0.0000000000E+00,    0.0000000000E+00,    5.3017888344E+02
    252850,      0.676977,CP7_after_upper_clamp,   1,    0.0000000000E+00,    5.3017888344E+02,    5.3017888344E+02,    0.0000000000E+00,    0.0000000000E+00,    0.0000000000E+00,    5.3017888344E+02
    252850,      0.676977,CP8_after_OBC,   1,    0.0000000000E+00,    5.3017888344E+02,    5.3017888344E+02,    0.0000000000E+00,    0.0000000000E+00,    0.0000000000E+00,    5.3017888344E+02
    252850,      0.676977,CP9_after_PTsource,   1,    0.0000000000E+00,    5.3017888344E+02,    5.3017888344E+02,    0.0000000000E+00,    0.0000000000E+00,    0.0000000000E+00,    5.3017888344E+02
    252850,      0.676977,CP10_after_neg_clamp,   1,    0.0000000000E+00,    5.3017888344E+02,    5.3017888344E+02,    0.0000000000E+00,    0.0000000000E+00,    0.0000000000E+00,    5.3017888344E+02
    252850,      0.676977,CP11_after_MPI,   1,    0.0000000000E+00,    5.3017888344E+02,    5.3017888344E+02,    0.0000000000E+00,    0.0000000000E+00,    0.0000000000E+00,    5.3017888344E+02
    252850,      0.676977,CP12_end,   1,    0.0000000000E+00,    5.3017888344E+02,    5.3017888344E+02,    0.0000000000E+00,    0.0000000000E+00,    0.0000000000E+00,    5.3017888344E+02
    252900,      0.676977,CP0_start,   1,    0.0000000000E+00,    5.3032221822E+02,    5.3032221822E+02,    0.0000000000E+00,    0.0000000000E+00,    0.0000000000E+00,    5.3032221822E+02
    252900,      0.676977,CP1_after_deposition,   1,    0.0000000000E+00,    5.3032221822E+02,    5.3032221822E+02,    0.0000000000E+00,    0.0000000000E+00,    0.0000000000E+00,    5.3032221822E+02
    252900,      0.676977,CP2_after_erosion,   1,    0.0000000000E+00,    5.3032221822E+02,    5.3032221822E+02,    0.0000000000E+00,    0.0000000000E+00,    0.0000000000E+00,    5.3032221822E+02
    252900,      0.676977,CP3_after_update_bottom,   1,    0.0000000000E+00,    5.3032221822E+02,    5.3032221822E+02,    0.0000000000E+00,    0.0000000000E+00,    0.0000000000E+00,    5.3032221822E+02
    252900,      0.676977,CP4_after_advection,   1,    0.0000000000E+00,    5.3033628341E+02,    5.3033628341E+02,    0.0000000000E+00,    0.0000000000E+00,    0.0000000000E+00,    5.3033628341E+02
    252900,      0.676977,CP5_after_vdif,   1,    0.0000000000E+00,    5.3033628341E+02,    5.3033628341E+02,    0.0000000000E+00,    0.0000000000E+00,    0.0000000000E+00,    5.3033628341E+02
    252900,      0.676977,CP6_after_kinetics,   1,    0.0000000000E+00,    5.3033628341E+02,    5.3033628341E+02,    0.0000000000E+00,    0.0000000000E+00,    0.0000000000E+00,    5.3033628341E+02
    252900,      0.676977,CP7_after_upper_clamp,   1,    0.0000000000E+00,    5.3033628341E+02,    5.3033628341E+02,    0.0000000000E+00,    0.0000000000E+00,    0.0000000000E+00,    5.3033628341E+02
    252900,      0.676977,CP8_after_OBC,   1,    0.0000000000E+00,    5.3033628341E+02,    5.3033628341E+02,    0.0000000000E+00,    0.0000000000E+00,    0.0000000000E+00,    5.3033628341E+02
    252900,      0.676977,CP9_after_PTsource,   1,    0.0000000000E+00,    5.3033628341E+02,    5.3033628341E+02,    0.0000000000E+00,    0.0000000000E+00,    0.0000000000E+00,    5.3033628341E+02
    252900,      0.676977,CP10_after_neg_clamp,   1,    0.0000000000E+00,    5.3033628341E+02,    5.3033628341E+02,    0.0000000000E+00,    0.0000000000E+00,    0.0000000000E+00,    5.3033628341E+02
    252900,      0.676977,CP11_after_MPI,   1,    0.0000000000E+00,    5.3033628341E+02,    5.3033628341E+02,    0.0000000000E+00,    0.0000000000E+00,    0.0000000000E+00,    5.3033628341E+02
    252900,      0.676977,CP12_end,   1,    0.0000000000E+00,    5.3033628341E+02,    5.3033628341E+02,    0.0000000000E+00,    0.0000000000E+00,    0.0000000000E+00,    5.3033628341E+02
    252950,      0.676977,CP0_start,   1,    0.0000000000E+00,    5.3047119046E+02,    5.3047119046E+02,    0.0000000000E+00,    0.0000000000E+00,    0.0000000000E+00,    5.3047119046E+02
    252950,      0.676977,CP1_after_deposition,   1,    0.0000000000E+00,    5.3047119046E+02,    5.3047119046E+02,    0.0000000000E+00,    0.0000000000E+00,    0.0000000000E+00,    5.3047119046E+02
    252950,      0.676977,CP2_after_erosion,   1,    0.0000000000E+00,    5.3047119046E+02,    5.3047119046E+02,    0.0000000000E+00,    0.0000000000E+00,    0.0000000000E+00,    5.3047119046E+02
    252950,      0.676977,CP3_after_update_bottom,   1,    0.0000000000E+00,    5.3047119046E+02,    5.3047119046E+02,    0.0000000000E+00,    0.0000000000E+00,    0.0000000000E+00,    5.3047119046E+02
    252950,      0.676977,CP4_after_advection,   1,    0.0000000000E+00,    5.3048547390E+02,    5.3048547390E+02,    0.0000000000E+00,    0.0000000000E+00,    0.0000000000E+00,    5.3048547390E+02
    252950,      0.676977,CP5_after_vdif,   1,    0.0000000000E+00,    5.3048547390E+02,    5.3048547390E+02,    0.0000000000E+00,    0.0000000000E+00,    0.0000000000E+00,    5.3048547390E+02
    252950,      0.676977,CP6_after_kinetics,   1,    0.0000000000E+00,    5.3048547390E+02,    5.3048547390E+02,    0.0000000000E+00,    0.0000000000E+00,    0.0000000000E+00,    5.3048547390E+02
    252950,      0.676977,CP7_after_upper_clamp,   1,    0.0000000000E+00,    5.3048547390E+02,    5.3048547390E+02,    0.0000000000E+00,    0.0000000000E+00,    0.0000000000E+00,    5.3048547390E+02
    252950,      0.676977,CP8_after_OBC,   1,    0.0000000000E+00,    5.3048547390E+02,    5.3048547390E+02,    0.0000000000E+00,    0.0000000000E+00,    0.0000000000E+00,    5.3048547390E+02
    252950,      0.676977,CP9_after_PTsource,   1,    0.0000000000E+00,    5.3048547390E+02,    5.3048547390E+02,    0.0000000000E+00,    0.0000000000E+00,    0.0000000000E+00,    5.3048547390E+02
    252950,      0.676977,CP10_after_neg_clamp,   1,    0.0000000000E+00,    5.3048547390E+02,    5.3048547390E+02,    0.0000000000E+00,    0.0000000000E+00,    0.0000000000E+00,    5.3048547390E+02
    252950,      0.676977,CP11_after_MPI,   1,    0.0000000000E+00,    5.3048547390E+02,    5.3048547390E+02,    0.0000000000E+00,    0.0000000000E+00,    0.0000000000E+00,    5.3048547390E+02
    252950,      0.676977,CP12_end,   1,    0.0000000000E+00,    5.3048547390E+02,    5.3048547390E+02,    0.0000000000E+00,    0.0000000000E+00,    0.0000000000E+00,    5.3048547390E+02
    253000,      0.676978,CP0_start,   1,    0.0000000000E+00,    5.3061605007E+02,    5.3061605007E+02,    0.0000000000E+00,    0.0000000000E+00,    0.0000000000E+00,    5.3061605007E+02
    253000,      0.676978,CP1_after_deposition,   1,    0.0000000000E+00,    5.3061605007E+02,    5.3061605007E+02,    0.0000000000E+00,    0.0000000000E+00,    0.0000000000E+00,    5.3061605007E+02
    253000,      0.676978,CP2_after_erosion,   1,    0.0000000000E+00,    5.3061605007E+02,    5.3061605007E+02,    0.0000000000E+00,    0.0000000000E+00,    0.0000000000E+00,    5.3061605007E+02
    253000,      0.676978,CP3_after_update_bottom,   1,    0.0000000000E+00,    5.3061605007E+02,    5.3061605007E+02,    0.0000000000E+00,    0.0000000000E+00,    0.0000000000E+00,    5.3061605007E+02
    253000,      0.676978,CP4_after_advection,   1,    0.0000000000E+00,    5.3063063935E+02,    5.3063063935E+02,    0.0000000000E+00,    0.0000000000E+00,    0.0000000000E+00,    5.3063063935E+02
    253000,      0.676978,CP5_after_vdif,   1,    0.0000000000E+00,    5.3063063935E+02,    5.3063063935E+02,    0.0000000000E+00,    0.0000000000E+00,    0.0000000000E+00,    5.3063063935E+02
    253000,      0.676978,CP6_after_kinetics,   1,    0.0000000000E+00,    5.3063063935E+02,    5.3063063935E+02,    0.0000000000E+00,    0.0000000000E+00,    0.0000000000E+00,    5.3063063935E+02
    253000,      0.676978,CP7_after_upper_clamp,   1,    0.0000000000E+00,    5.3063063935E+02,    5.3063063935E+02,    0.0000000000E+00,    0.0000000000E+00,    0.0000000000E+00,    5.3063063935E+02
    253000,      0.676978,CP8_after_OBC,   1,    0.0000000000E+00,    5.3063063935E+02,    5.3063063935E+02,    0.0000000000E+00,    0.0000000000E+00,    0.0000000000E+00,    5.3063063935E+02
    253000,      0.676978,CP9_after_PTsource,   1,    0.0000000000E+00,    5.3063063935E+02,    5.3063063935E+02,    0.0000000000E+00,    0.0000000000E+00,    0.0000000000E+00,    5.3063063935E+02
    253000,      0.676978,CP10_after_neg_clamp,   1,    0.0000000000E+00,    5.3063063935E+02,    5.3063063935E+02,    0.0000000000E+00,    0.0000000000E+00,    0.0000000000E+00,    5.3063063935E+02
    253000,      0.676978,CP11_after_MPI,   1,    0.0000000000E+00,    5.3063063935E+02,    5.3063063935E+02,    0.0000000000E+00,    0.0000000000E+00,    0.0000000000E+00,    5.3063063935E+02
    253000,      0.676978,CP12_end,   1,    0.0000000000E+00,    5.3063063935E+02,    5.3063063935E+02,    0.0000000000E+00,    0.0000000000E+00,    0.0000000000E+00,    5.3063063935E+02
    253050,      0.676978,CP0_start,   1,    0.0000000000E+00,    5.3076101997E+02,    5.3076101997E+02,    0.0000000000E+00,    0.0000000000E+00,    0.0000000000E+00,    5.3076101997E+02
    253050,      0.676978,CP1_after_deposition,   1,    0.0000000000E+00,    5.3076101997E+02,    5.3076101997E+02,    0.0000000000E+00,    0.0000000000E+00,    0.0000000000E+00,    5.3076101997E+02
    253050,      0.676978,CP2_after_erosion,   1,    0.0000000000E+00,    5.3076101997E+02,    5.3076101997E+02,    0.0000000000E+00,    0.0000000000E+00,    0.0000000000E+00,    5.3076101997E+02
    253050,      0.676978,CP3_after_update_bottom,   1,    0.0000000000E+00,    5.3076101997E+02,    5.3076101997E+02,    0.0000000000E+00,    0.0000000000E+00,    0.0000000000E+00,    5.3076101997E+02
    253050,      0.676978,CP4_after_advection,   1,    0.0000000000E+00,    5.3077600274E+02,    5.3077600274E+02,    0.0000000000E+00,    0.0000000000E+00,    0.0000000000E+00,    5.3077600274E+02
    253050,      0.676978,CP5_after_vdif,   1,    0.0000000000E+00,    5.3077600274E+02,    5.3077600274E+02,    0.0000000000E+00,    0.0000000000E+00,    0.0000000000E+00,    5.3077600274E+02
    253050,      0.676978,CP6_after_kinetics,   1,    0.0000000000E+00,    5.3077600274E+02,    5.3077600274E+02,    0.0000000000E+00,    0.0000000000E+00,    0.0000000000E+00,    5.3077600274E+02
    253050,      0.676978,CP7_after_upper_clamp,   1,    0.0000000000E+00,    5.3077600274E+02,    5.3077600274E+02,    0.0000000000E+00,    0.0000000000E+00,    0.0000000000E+00,    5.3077600274E+02
    253050,      0.676978,CP8_after_OBC,   1,    0.0000000000E+00,    5.3077600274E+02,    5.3077600274E+02,    0.0000000000E+00,    0.0000000000E+00,    0.0000000000E+00,    5.3077600274E+02
    253050,      0.676978,CP9_after_PTsource,   1,    0.0000000000E+00,    5.3077600274E+02,    5.3077600274E+02,    0.0000000000E+00,    0.0000000000E+00,    0.0000000000E+00,    5.3077600274E+02
    253050,      0.676978,CP10_after_neg_clamp,   1,    0.0000000000E+00,    5.3077600274E+02,    5.3077600274E+02,    0.0000000000E+00,    0.0000000000E+00,    0.0000000000E+00,    5.3077600274E+02
    253050,      0.676978,CP11_after_MPI,   1,    0.0000000000E+00,    5.3077600274E+02,    5.3077600274E+02,    0.0000000000E+00,    0.0000000000E+00,    0.0000000000E+00,    5.3077600274E+02
    253050,      0.676978,CP12_end,   1,    0.0000000000E+00,    5.3077600274E+02,    5.3077600274E+02,    0.0000000000E+00,    0.0000000000E+00,    0.0000000000E+00,    5.3077600274E+02
